01/01/2000,MDW,IL,AGL,CE,Combined TRACON& Tower with Radar,187,37,45,0,269,47,0,8,0,55,234,37,53,0,324,0,0,0,324
01/02/2000,MDW,IL,AGL,CE,Combined TRACON& Tower with Radar,352,60,86,1,499,70,0,23,0,93,422,60,109,1,592,48,0,48,640
01/03/2000,MDW,IL,AGL,CE,Combined TRACON& Tower with Radar,419,102,88,0,609,58,0,0,0,58,477,102,88,0,667,0,0,0,667
01/04/2000,MDW,IL,AGL,CE,Combined TRACON& Tower with Radar,453,141,123,0,717,0,48,23,0,71,453,189,146,0,788,4,0,4,792
01/05/2000,MDW,IL,AGL,CE,Combined TRACON& Tower with Radar,503,147,129,2,781,0,48,65,3,116,503,195,194,5,897,22,0,22,919
01/06/2000,MDW,IL,AGL,CE,Combined TRACON& Tower with Radar,499,147,129,2,777,0,36,91,10,137,499,183,220,12,914,0,14,14,928
01/07/2000,MDW,IL,AGL,CE,Combined TRACON& Tower with Radar,511,142,124,1,778,2,31,44,7,84,513,173,168,8,862,24,0,24,886
01/08/2000,MDW,IL,AGL,CE,Combined TRACON& Tower with Radar,295,52,72,1,420,81,0,14,10,105,376,52,86,11,525,0,0,0,525
01/09/2000,MDW,IL,AGL,CE,Combined TRACON& Tower with Radar,347,73,46,0,466,72,0,0,0,72,419,73,46,0,538,8,0,8,546
01/10/2000,MDW,IL,AGL,CE,Combined TRACON& Tower with Radar,467,109,114,1,691,13,0,35,2,50,480,109,149,3,741,6,0,6,747
01/11/2000,MDW,IL,AGL,CE,Combined TRACON& Tower with Radar,471,143,125,1,740,0,64,38,9,111,471,207,163,10,851,12,0,12,863
01/12/2000,MDW,IL,AGL,CE,Combined TRACON& Tower with Radar,447,139,121,1,708,0,41,105,2,148,447,180,226,3,856,20,20,40,896
01/13/2000,MDW,IL,AGL,CE,Combined TRACON& Tower with Radar,470,146,128,1,745,0,29,114,6,149,470,175,242,7,894,0,6,6,900
01/14/2000,MDW,IL,AGL,CE,Combined TRACON& Tower with Radar,486,141,123,0,750,0,29,94,0,123,486,170,217,0,873,10,0,10,883
01/15/2000,MDW,IL,AGL,CE,Combined TRACON& Tower with Radar,334,52,81,1,468,39,0,97,0,136,373,52,178,1,604,32,0,32,636
01/16/2000,MDW,IL,AGL,CE,Combined TRACON& Tower with Radar,366,56,90,1,513,61,0,58,3,122,427,56,148,4,635,4,0,4,639
01/17/2000,MDW,IL,AGL,CE,Combined TRACON& Tower with Radar,414,90,102,0,606,10,0,46,0,56,424,90,148,0,662,0,0,0,662
01/18/2000,MDW,IL,AGL,CE,Combined TRACON& Tower with Radar,500,141,129,0,770,0,0,132,0,132,500,141,261,0,902,18,0,18,920
01/19/2000,MDW,IL,AGL,CE,Combined TRACON& Tower with Radar,344,126,112,0,582,0,18,45,0,63,344,144,157,0,645,0,0,0,645
01/20/2000,MDW,IL,AGL,CE,Combined TRACON& Tower with Radar,480,173,153,0,806,0,26,55,0,81,480,199,208,0,887,0,0,0,887
01/21/2000,MDW,IL,AGL,CE,Combined TRACON& Tower with Radar,490,144,128,1,763,0,35,69,3,107,490,179,197,4,870,0,16,16,886
01/22/2000,MDW,IL,AGL,CE,Combined TRACON& Tower with Radar,290,41,49,0,380,73,0,0,0,73,363,41,49,0,453,0,0,0,453
01/23/2000,MDW,IL,AGL,CE,Combined TRACON& Tower with Radar,319,55,63,0,437,70,0,0,2,72,389,55,63,2,509,0,0,0,509
01/24/2000,MDW,IL,AGL,CE,Combined TRACON& Tower with Radar,447,115,109,0,671,34,0,48,0,82,481,115,157,0,753,0,0,0,753
01/25/2000,MDW,IL,AGL,CE,Combined TRACON& Tower with Radar,424,133,122,0,679,0,0,15,2,17,424,133,137,2,696,8,0,8,704
01/26/2000,MDW,IL,AGL,CE,Combined TRACON& Tower with Radar,457,148,131,1,737,0,35,127,5,167,457,183,258,6,904,25,18,43,947
01/27/2000,MDW,IL,AGL,CE,Combined TRACON& Tower with Radar,447,140,124,0,711,0,33,117,7,157,447,173,241,7,868,2,50,52,920
01/28/2000,MDW,IL,AGL,CE,Combined TRACON& Tower with Radar,474,140,124,0,738,0,16,100,8,124,474,156,224,8,862,2,26,28,890
01/29/2000,MDW,IL,AGL,CE,Combined TRACON& Tower with Radar,302,40,74,0,416,43,0,64,5,112,345,40,138,5,528,6,0,6,534
01/30/2000,MDW,IL,AGL,CE,Combined TRACON& Tower with Radar,329,56,47,0,432,79,0,0,0,79,408,56,47,0,511,0,0,0,511
01/31/2000,MDW,IL,AGL,CE,Combined TRACON& Tower with Radar,490,115,120,0,725,15,0,88,0,103,505,115,208,0,828,0,0,0,828
02/01/2000,MDW,IL,AGL,CE,Combined TRACON& Tower with Radar,493,154,146,2,795,0,14,124,5,143,493,168,270,7,938,8,18,26,964
02/02/2000,MDW,IL,AGL,CE,Combined TRACON& Tower with Radar,501,157,148,2,808,0,38,76,4,118,501,195,224,6,926,6,4,10,936
02/03/2000,MDW,IL,AGL,CE,Combined TRACON& Tower with Radar,475,152,143,1,771,0,37,52,0,89,475,189,195,1,860,8,0,8,868
02/04/2000,MDW,IL,AGL,CE,Combined TRACON& Tower with Radar,484,150,142,2,778,0,26,82,2,110,484,176,224,4,888,0,0,0,888
02/05/2000,MDW,IL,AGL,CE,Combined TRACON& Tower with Radar,292,35,80,1,408,75,0,49,5,129,367,35,129,6,537,12,0,12,549
02/06/2000,MDW,IL,AGL,CE,Combined TRACON& Tower with Radar,338,54,93,2,487,93,0,3,0,96,431,54,96,2,583,0,0,0,583
02/07/2000,MDW,IL,AGL,CE,Combined TRACON& Tower with Radar,467,136,129,0,732,15,0,83,0,98,482,136,212,0,830,12,10,22,852
02/08/2000,MDW,IL,AGL,CE,Combined TRACON& Tower with Radar,490,152,141,2,785,0,42,88,0,130,490,194,229,2,915,0,0,0,915
02/09/2000,MDW,IL,AGL,CE,Combined TRACON& Tower with Radar,483,168,156,2,809,0,50,116,4,170,483,218,272,6,979,0,30,30,1009
02/10/2000,MDW,IL,AGL,CE,Combined TRACON& Tower with Radar,491,170,159,2,822,0,18,156,2,176,491,188,315,4,998,6,0,6,1004
02/11/2000,MDW,IL,AGL,CE,Combined TRACON& Tower with Radar,497,152,141,2,792,0,16,78,11,105,497,168,219,13,897,0,0,0,897
02/12/2000,MDW,IL,AGL,CE,Combined TRACON& Tower with Radar,301,48,83,0,432,81,0,35,0,116,382,48,118,0,548,4,0,4,552
02/13/2000,MDW,IL,AGL,CE,Combined TRACON& Tower with Radar,386,115,51,2,554,63,0,0,1,64,449,115,51,3,618,0,0,0,618
02/14/2000,MDW,IL,AGL,CE,Combined TRACON& Tower with Radar,499,143,138,2,782,19,0,66,0,85,518,143,204,2,867,0,0,0,867
02/15/2000,MDW,IL,AGL,CE,Combined TRACON& Tower with Radar,503,163,152,2,820,0,27,98,1,126,503,190,250,3,946,0,0,0,946
02/16/2000,MDW,IL,AGL,CE,Combined TRACON& Tower with Radar,473,153,142,2,770,0,31,91,6,128,473,184,233,8,898,0,0,0,898
02/17/2000,MDW,IL,AGL,CE,Combined TRACON& Tower with Radar,497,165,154,0,816,0,10,109,0,119,497,175,263,0,935,0,0,0,935
02/18/2000,MDW,IL,AGL,CE,Combined TRACON& Tower with Radar,214,81,76,1,372,0,50,17,7,74,214,131,93,8,446,0,0,0,446
02/19/2000,MDW,IL,AGL,CE,Combined TRACON& Tower with Radar,364,71,102,0,537,49,0,40,0,89,413,71,142,0,626,0,0,0,626
02/20/2000,MDW,IL,AGL,CE,Combined TRACON& Tower with Radar,356,65,99,0,520,65,0,41,0,106,421,65,140,0,626,36,0,36,662
02/21/2000,MDW,IL,AGL,CE,Combined TRACON& Tower with Radar,472,109,132,0,713,30,0,132,0,162,502,109,264,0,875,10,0,10,885
02/22/2000,MDW,IL,AGL,CE,Combined TRACON& Tower with Radar,500,149,141,1,791,0,0,132,15,147,500,149,273,16,938,7,0,7,945
02/23/2000,MDW,IL,AGL,CE,Combined TRACON& Tower with Radar,481,160,151,1,793,0,39,153,9,201,481,199,304,10,994,31,0,31,1025
02/24/2000,MDW,IL,AGL,CE,Combined TRACON& Tower with Radar,489,164,155,1,809,0,15,83,8,106,489,179,238,9,915,0,0,0,915
02/25/2000,MDW,IL,AGL,CE,Combined TRACON& Tower with Radar,409,125,118,1,653,0,0,87,5,92,409,125,205,6,745,0,0,0,745
02/26/2000,MDW,IL,AGL,CE,Combined TRACON& Tower with Radar,294,46,58,0,398,69,0,0,0,69,363,46,58,0,467,0,0,0,467
02/27/2000,MDW,IL,AGL,CE,Combined TRACON& Tower with Radar,360,63,100,1,524,74,0,13,0,87,434,63,113,1,611,0,0,0,611
02/28/2000,MDW,IL,AGL,CE,Combined TRACON& Tower with Radar,460,122,128,0,710,36,0,62,0,98,496,122,190,0,808,0,0,0,808
02/29/2000,MDW,IL,AGL,CE,Combined TRACON& Tower with Radar,502,148,140,1,791,0,26,50,1,77,502,174,190,2,868,0,0,0,868
03/01/2000,MDW,IL,AGL,CE,Combined TRACON& Tower with Radar,489,154,145,3,791,0,32,69,5,106,489,186,214,8,897,36,0,36,933
03/02/2000,MDW,IL,AGL,CE,Combined TRACON& Tower with Radar,506,160,148,2,816,0,27,83,0,110,506,187,231,2,926,0,0,0,926
03/03/2000,MDW,IL,AGL,CE,Combined TRACON& Tower with Radar,483,151,140,3,777,20,23,29,0,72,503,174,169,3,849,0,0,0,849
03/04/2000,MDW,IL,AGL,CE,Combined TRACON& Tower with Radar,340,45,98,2,485,62,0,69,0,131,402,45,167,2,616,24,0,24,640
03/05/2000,MDW,IL,AGL,CE,Combined TRACON& Tower with Radar,364,59,105,2,530,69,0,57,4,130,433,59,162,6,660,10,0,10,670
03/06/2000,MDW,IL,AGL,CE,Combined TRACON& Tower with Radar,459,128,133,2,722,43,0,59,0,102,502,128,192,2,824,4,0,4,828
03/07/2000,MDW,IL,AGL,CE,Combined TRACON& Tower with Radar,480,163,151,3,797,0,33,144,7,184,480,196,295,10,981,0,0,0,981
03/08/2000,MDW,IL,AGL,CE,Combined TRACON& Tower with Radar,468,160,148,3,779,0,38,80,0,118,468,198,228,3,897,12,0,12,909
03/09/2000,MDW,IL,AGL,CE,Combined TRACON& Tower with Radar,483,171,158,3,815,0,41,65,2,108,483,212,223,5,923,0,0,0,923
03/10/2000,MDW,IL,AGL,CE,Combined TRACON& Tower with Radar,499,167,155,3,824,0,23,63,19,105,499,190,218,22,929,0,0,0,929
03/11/2000,MDW,IL,AGL,CE,Combined TRACON& Tower with Radar,330,62,95,0,487,46,0,30,0,76,376,62,125,0,563,30,0,30,593
03/12/2000,MDW,IL,AGL,CE,Combined TRACON& Tower with Radar,381,74,110,2,567,66,0,50,0,116,447,74,160,2,683,6,0,6,689
03/13/2000,MDW,IL,AGL,CE,Combined TRACON& Tower with Radar,475,138,138,1,752,21,0,8,0,29,496,138,146,1,781,0,0,0,781
03/14/2000,MDW,IL,AGL,CE,Combined TRACON& Tower with Radar,543,181,168,3,895,0,10,115,2,127,543,191,283,5,1022,0,0,0,1022
03/15/2000,MDW,IL,AGL,CE,Combined TRACON& Tower with Radar,509,170,158,2,839,0,16,81,1,98,509,186,239,3,937,0,0,0,937
03/16/2000,MDW,IL,AGL,CE,Combined TRACON& Tower with Radar,514,174,163,2,853,0,35,82,1,118,514,209,245,3,971,0,0,0,971
03/17/2000,MDW,IL,AGL,CE,Combined TRACON& Tower with Radar,494,174,163,2,833,0,13,124,4,141,494,187,287,6,974,6,0,6,980
03/18/2000,MDW,IL,AGL,CE,Combined TRACON& Tower with Radar,293,44,85,1,423,73,0,40,3,116,366,44,125,4,539,0,0,0,539
03/19/2000,MDW,IL,AGL,CE,Combined TRACON& Tower with Radar,387,60,94,1,542,89,0,0,1,90,476,60,94,2,632,0,0,0,632
03/20/2000,MDW,IL,AGL,CE,Combined TRACON& Tower with Radar,471,130,137,0,738,15,0,41,0,56,486,130,178,0,794,0,0,0,794
03/21/2000,MDW,IL,AGL,CE,Combined TRACON& Tower with Radar,475,165,154,0,794,0,23,37,0,60,475,188,191,0,854,0,0,0,854
03/22/2000,MDW,IL,AGL,CE,Combined TRACON& Tower with Radar,452,162,152,2,768,0,41,79,3,123,452,203,231,5,891,0,0,0,891
03/23/2000,MDW,IL,AGL,CE,Combined TRACON& Tower with Radar,473,156,147,2,778,0,42,105,2,149,473,198,252,4,927,15,0,15,942
03/24/2000,MDW,IL,AGL,CE,Combined TRACON& Tower with Radar,510,170,159,2,841,0,31,86,2,119,510,201,245,4,960,26,0,26,986
03/25/2000,MDW,IL,AGL,CE,Combined TRACON& Tower with Radar,309,45,90,0,444,89,0,43,0,132,398,45,133,0,576,0,0,0,576
03/26/2000,MDW,IL,AGL,CE,Combined TRACON& Tower with Radar,368,65,107,1,541,65,0,87,8,160,433,65,194,9,701,14,26,40,741
03/27/2000,MDW,IL,AGL,CE,Combined TRACON& Tower with Radar,476,127,139,0,742,20,0,68,0,88,496,127,207,0,830,0,0,0,830
03/28/2000,MDW,IL,AGL,CE,Combined TRACON& Tower with Radar,500,162,152,0,814,0,24,57,0,81,500,186,209,0,895,0,0,0,895
03/29/2000,MDW,IL,AGL,CE,Combined TRACON& Tower with Radar,479,159,149,2,789,0,65,78,5,148,479,224,227,7,937,0,0,0,937
03/30/2000,MDW,IL,AGL,CE,Combined TRACON& Tower with Radar,508,168,158,2,836,0,37,114,15,166,508,205,272,17,1002,10,28,38,1040
03/31/2000,MDW,IL,AGL,CE,Combined TRACON& Tower with Radar,530,171,161,2,864,0,10,134,3,147,530,181,295,5,1011,0,0,0,1011
04/01/2000,MDW,IL,AGL,CE,Combined TRACON& Tower with Radar,305,42,91,2,440,81,0,95,7,183,386,42,186,9,623,42,36,78,701
04/02/2000,MDW,IL,AGL,CE,Combined TRACON& Tower with Radar,364,67,109,2,542,69,0,40,0,109,433,67,149,2,651,0,0,0,651
04/03/2000,MDW,IL,AGL,CE,Combined TRACON& Tower with Radar,492,152,152,2,798,0,0,86,0,86,492,152,238,2,884,0,0,0,884
04/04/2000,MDW,IL,AGL,CE,Combined TRACON& Tower with Radar,479,155,154,0,788,0,34,63,0,97,479,189,217,0,885,6,0,6,891
04/05/2000,MDW,IL,AGL,CE,Combined TRACON& Tower with Radar,454,146,146,3,749,0,45,65,0,110,454,191,211,3,859,0,0,0,859
04/06/2000,MDW,IL,AGL,CE,Combined TRACON& Tower with Radar,513,164,164,3,844,0,31,92,1,124,513,195,256,4,968,0,0,0,968
04/07/2000,MDW,IL,AGL,CE,Combined TRACON& Tower with Radar,494,154,153,0,801,0,23,37,0,60,494,177,190,0,861,0,0,0,861
04/08/2000,MDW,IL,AGL,CE,Combined TRACON& Tower with Radar,335,52,100,2,489,55,0,22,8,85,390,52,122,10,574,12,0,12,586
04/09/2000,MDW,IL,AGL,CE,Combined TRACON& Tower with Radar,395,72,118,2,587,48,0,78,0,126,443,72,196,2,713,32,44,76,789
04/10/2000,MDW,IL,AGL,CE,Combined TRACON& Tower with Radar,456,113,136,0,705,42,0,38,0,80,498,113,174,0,785,11,9,20,805
04/11/2000,MDW,IL,AGL,CE,Combined TRACON& Tower with Radar,470,147,147,3,767,0,62,26,0,88,470,209,173,3,855,0,0,0,855
04/12/2000,MDW,IL,AGL,CE,Combined TRACON& Tower with Radar,511,172,172,1,856,0,34,130,0,164,511,206,302,1,1020,0,0,0,1020
04/13/2000,MDW,IL,AGL,CE,Combined TRACON& Tower with Radar,478,160,160,3,801,0,33,133,8,174,478,193,293,11,975,0,16,16,991
04/14/2000,MDW,IL,AGL,CE,Combined TRACON& Tower with Radar,509,159,160,2,830,0,39,107,26,172,509,198,267,28,1002,0,0,0,1002
04/15/2000,MDW,IL,AGL,CE,Combined TRACON& Tower with Radar,336,60,101,1,498,65,0,65,1,131,401,60,166,2,629,16,0,16,645
04/16/2000,MDW,IL,AGL,CE,Combined TRACON& Tower with Radar,400,63,120,1,584,50,0,27,7,84,450,63,147,8,668,0,0,0,668
04/17/2000,MDW,IL,AGL,CE,Combined TRACON& Tower with Radar,495,148,155,2,800,0,0,49,4,53,495,148,204,6,853,0,0,0,853
04/18/2000,MDW,IL,AGL,CE,Combined TRACON& Tower with Radar,486,156,158,2,802,0,31,59,2,92,486,187,217,4,894,0,0,0,894
04/19/2000,MDW,IL,AGL,CE,Combined TRACON& Tower with Radar,497,165,166,2,830,0,57,32,0,89,497,222,198,2,919,0,0,0,919
04/20/2000,MDW,IL,AGL,CE,Combined TRACON& Tower with Radar,457,150,152,0,759,0,43,41,0,84,457,193,193,0,843,0,0,0,843
04/21/2000,MDW,IL,AGL,CE,Combined TRACON& Tower with Radar,532,157,160,0,849,17,36,17,0,70,549,193,177,0,919,0,0,0,919
04/22/2000,MDW,IL,AGL,CE,Combined TRACON& Tower with Radar,306,51,92,1,450,81,0,42,3,126,387,51,134,4,576,29,0,29,605
04/23/2000,MDW,IL,AGL,CE,Combined TRACON& Tower with Radar,344,54,94,1,493,91,0,0,0,91,435,54,94,1,584,4,0,4,588
04/24/2000,MDW,IL,AGL,CE,Combined TRACON& Tower with Radar,460,126,138,0,724,33,0,66,0,99,493,126,204,0,823,6,0,6,829
04/25/2000,MDW,IL,AGL,CE,Combined TRACON& Tower with Radar,494,166,167,2,829,0,33,142,1,176,494,199,309,3,1005,0,0,0,1005
04/26/2000,MDW,IL,AGL,CE,Combined TRACON& Tower with Radar,480,167,168,2,817,0,52,112,3,167,480,219,280,5,984,0,0,0,984
04/27/2000,MDW,IL,AGL,CE,Combined TRACON& Tower with Radar,485,165,166,2,818,0,37,129,0,166,485,202,295,2,984,0,0,0,984
04/28/2000,MDW,IL,AGL,CE,Combined TRACON& Tower with Radar,486,159,158,2,805,0,40,103,0,143,486,199,261,2,948,0,0,0,948
04/29/2000,MDW,IL,AGL,CE,Combined TRACON& Tower with Radar,313,48,93,1,455,64,0,69,7,140,377,48,162,8,595,0,0,0,595
04/30/2000,MDW,IL,AGL,CE,Combined TRACON& Tower with Radar,406,70,121,1,598,33,0,58,25,116,439,70,179,26,714,0,0,0,714
05/01/2000,MDW,IL,AGL,CE,Combined TRACON& Tower with Radar,462,130,139,2,733,22,0,34,1,57,484,130,173,3,790,0,0,0,790
05/02/2000,MDW,IL,AGL,CE,Combined TRACON& Tower with Radar,472,158,150,0,780,0,60,81,0,141,472,218,231,0,921,0,0,0,921
05/03/2000,MDW,IL,AGL,CE,Combined TRACON& Tower with Radar,488,167,158,0,813,0,28,92,0,120,488,195,250,0,933,0,0,0,933
05/04/2000,MDW,IL,AGL,CE,Combined TRACON& Tower with Radar,474,168,160,2,804,0,26,95,1,122,474,194,255,3,926,0,0,0,926
05/05/2000,MDW,IL,AGL,CE,Combined TRACON& Tower with Radar,466,157,148,1,772,0,29,98,0,127,466,186,246,1,899,4,0,4,903
05/06/2000,MDW,IL,AGL,CE,Combined TRACON& Tower with Radar,330,62,99,0,491,52,0,75,0,127,382,62,174,0,618,54,0,54,672
05/07/2000,MDW,IL,AGL,CE,Combined TRACON& Tower with Radar,396,85,118,2,601,33,0,39,3,75,429,85,157,5,676,8,0,8,684
05/08/2000,MDW,IL,AGL,CE,Combined TRACON& Tower with Radar,480,130,148,0,758,0,0,78,0,78,480,130,226,0,836,0,0,0,836
05/09/2000,MDW,IL,AGL,CE,Combined TRACON& Tower with Radar,476,177,168,0,821,0,26,73,0,99,476,203,241,0,920,0,0,0,920
05/10/2000,MDW,IL,AGL,CE,Combined TRACON& Tower with Radar,456,173,164,0,793,0,60,114,0,174,456,233,278,0,967,0,0,0,967
05/11/2000,MDW,IL,AGL,CE,Combined TRACON& Tower with Radar,496,167,158,2,823,0,27,73,18,118,496,194,231,20,941,0,0,0,941
05/12/2000,MDW,IL,AGL,CE,Combined TRACON& Tower with Radar,487,160,152,2,801,0,28,23,3,54,487,188,175,5,855,0,0,0,855
05/13/2000,MDW,IL,AGL,CE,Combined TRACON& Tower with Radar,325,43,98,1,467,76,0,24,0,100,401,43,122,1,567,2,0,2,569
05/14/2000,MDW,IL,AGL,CE,Combined TRACON& Tower with Radar,362,68,109,2,541,84,0,19,3,106,446,68,128,5,647,2,0,2,649
05/15/2000,MDW,IL,AGL,CE,Combined TRACON& Tower with Radar,467,124,141,1,733,28,0,93,0,121,495,124,234,1,854,2,0,2,856
05/16/2000,MDW,IL,AGL,CE,Combined TRACON& Tower with Radar,484,162,154,0,800,0,50,57,0,107,484,212,211,0,907,2,0,2,909
05/17/2000,MDW,IL,AGL,CE,Combined TRACON& Tower with Radar,519,174,167,0,860,0,47,30,0,77,519,221,197,0,937,4,0,4,941
05/18/2000,MDW,IL,AGL,CE,Combined TRACON& Tower with Radar,434,152,146,0,732,0,0,97,0,97,434,152,243,0,829,6,0,6,835
05/19/2000,MDW,IL,AGL,CE,Combined TRACON& Tower with Radar,529,198,190,1,918,0,29,130,3,162,529,227,320,4,1080,0,0,0,1080
05/20/2000,MDW,IL,AGL,CE,Combined TRACON& Tower with Radar,346,58,104,0,508,68,0,50,3,121,414,58,154,3,629,0,0,0,629
05/21/2000,MDW,IL,AGL,CE,Combined TRACON& Tower with Radar,378,73,114,1,566,59,0,55,2,116,437,73,169,3,682,0,0,0,682
05/22/2000,MDW,IL,AGL,CE,Combined TRACON& Tower with Radar,493,125,149,1,768,7,0,79,1,87,500,125,228,2,855,14,0,14,869
05/23/2000,MDW,IL,AGL,CE,Combined TRACON& Tower with Radar,496,162,156,0,814,0,37,92,0,129,496,199,248,0,943,0,0,0,943
05/24/2000,MDW,IL,AGL,CE,Combined TRACON& Tower with Radar,503,166,159,1,829,0,42,95,0,137,503,208,254,1,966,0,0,0,966
05/25/2000,MDW,IL,AGL,CE,Combined TRACON& Tower with Radar,496,164,157,1,818,0,30,107,0,137,496,194,264,1,955,0,0,0,955
05/26/2000,MDW,IL,AGL,CE,Combined TRACON& Tower with Radar,470,148,142,1,761,19,15,34,4,72,489,163,176,5,833,0,0,0,833
05/27/2000,MDW,IL,AGL,CE,Combined TRACON& Tower with Radar,326,71,74,0,471,60,0,0,2,62,386,71,74,2,533,0,0,0,533
05/28/2000,MDW,IL,AGL,CE,Combined TRACON& Tower with Radar,332,81,51,0,464,71,0,0,3,74,403,81,51,3,538,0,0,0,538
05/29/2000,MDW,IL,AGL,CE,Combined TRACON& Tower with Radar,380,93,114,0,587,90,0,44,0,134,470,93,158,0,721,0,0,0,721
05/30/2000,MDW,IL,AGL,CE,Combined TRACON& Tower with Radar,448,138,135,1,722,34,0,22,1,57,482,138,157,2,779,0,0,0,779
05/31/2000,MDW,IL,AGL,CE,Combined TRACON& Tower with Radar,475,156,150,1,782,0,46,19,1,66,475,202,169,2,848,0,0,0,848
06/01/2000,MDW,IL,AGL,CE,Combined TRACON& Tower with Radar,513,176,159,0,848,0,40,51,0,91,513,216,210,0,939,0,0,0,939
06/02/2000,MDW,IL,AGL,CE,Combined TRACON& Tower with Radar,472,158,141,0,771,0,41,67,0,108,472,199,208,0,879,0,0,0,879
06/03/2000,MDW,IL,AGL,CE,Combined TRACON& Tower with Radar,309,63,90,0,462,77,0,69,0,146,386,63,159,0,608,61,0,61,669
06/04/2000,MDW,IL,AGL,CE,Combined TRACON& Tower with Radar,370,77,108,1,556,72,0,16,0,88,442,77,124,1,644,1,0,1,645
06/05/2000,MDW,IL,AGL,CE,Combined TRACON& Tower with Radar,448,126,131,0,705,47,0,26,0,73,495,126,157,0,778,0,0,0,778
06/06/2000,MDW,IL,AGL,CE,Combined TRACON& Tower with Radar,469,164,146,3,782,0,42,109,1,152,469,206,255,4,934,0,0,0,934
06/07/2000,MDW,IL,AGL,CE,Combined TRACON& Tower with Radar,485,175,155,3,818,0,20,109,2,131,485,195,264,5,949,0,0,0,949
06/08/2000,MDW,IL,AGL,CE,Combined TRACON& Tower with Radar,536,177,158,3,874,0,24,86,1,111,536,201,244,4,985,0,0,0,985
06/09/2000,MDW,IL,AGL,CE,Combined TRACON& Tower with Radar,487,160,143,3,793,12,24,71,1,108,499,184,214,4,901,2,0,2,903
06/10/2000,MDW,IL,AGL,CE,Combined TRACON& Tower with Radar,302,52,88,0,442,95,0,29,0,124,397,52,117,0,566,0,0,0,566
06/11/2000,MDW,IL,AGL,CE,Combined TRACON& Tower with Radar,380,82,102,2,566,79,0,0,0,79,459,82,102,2,645,0,0,0,645
06/12/2000,MDW,IL,AGL,CE,Combined TRACON& Tower with Radar,494,137,151,3,785,0,0,57,1,58,494,137,208,4,843,0,0,0,843
06/13/2000,MDW,IL,AGL,CE,Combined TRACON& Tower with Radar,439,162,144,0,745,0,11,43,0,54,439,173,187,0,799,0,0,0,799
06/14/2000,MDW,IL,AGL,CE,Combined TRACON& Tower with Radar,434,152,135,2,723,0,47,93,2,142,434,199,228,4,865,0,0,0,865
06/15/2000,MDW,IL,AGL,CE,Combined TRACON& Tower with Radar,480,178,160,2,820,0,52,128,4,184,480,230,288,6,1004,0,0,0,1004
06/16/2000,MDW,IL,AGL,CE,Combined TRACON& Tower with Radar,483,160,144,2,789,0,25,61,5,91,483,185,205,7,880,0,0,0,880
06/17/2000,MDW,IL,AGL,CE,Combined TRACON& Tower with Radar,331,71,98,1,501,82,0,64,1,147,413,71,162,2,648,0,0,0,648
06/18/2000,MDW,IL,AGL,CE,Combined TRACON& Tower with Radar,396,88,116,1,601,58,0,71,7,136,454,88,187,8,737,0,0,0,737
06/19/2000,MDW,IL,AGL,CE,Combined TRACON& Tower with Radar,479,149,155,0,783,0,0,148,0,148,479,149,303,0,931,2,0,2,933
06/20/2000,MDW,IL,AGL,CE,Combined TRACON& Tower with Radar,486,174,157,2,819,0,16,60,2,78,486,190,217,4,897,0,0,0,897
06/21/2000,MDW,IL,AGL,CE,Combined TRACON& Tower with Radar,527,196,177,0,900,0,22,141,0,163,527,218,318,0,1063,0,0,0,1063
06/22/2000,MDW,IL,AGL,CE,Combined TRACON& Tower with Radar,490,187,169,2,848,0,28,167,3,198,490,215,336,5,1046,0,0,0,1046
06/23/2000,MDW,IL,AGL,CE,Combined TRACON& Tower with Radar,504,169,152,2,827,0,22,69,6,97,504,191,221,8,924,0,0,0,924
06/24/2000,MDW,IL,AGL,CE,Combined TRACON& Tower with Radar,334,56,97,1,488,87,0,0,1,88,421,56,97,2,576,0,0,0,576
06/25/2000,MDW,IL,AGL,CE,Combined TRACON& Tower with Radar,372,90,109,1,572,61,0,31,4,96,433,90,140,5,668,0,0,0,668
06/26/2000,MDW,IL,AGL,CE,Combined TRACON& Tower with Radar,471,150,139,0,760,18,0,58,0,76,489,150,197,0,836,0,0,0,836
06/27/2000,MDW,IL,AGL,CE,Combined TRACON& Tower with Radar,510,176,158,2,846,0,39,107,7,153,510,215,265,9,999,0,0,0,999
06/28/2000,MDW,IL,AGL,CE,Combined TRACON& Tower with Radar,495,177,159,2,833,0,18,111,1,130,495,195,270,3,963,0,0,0,963
06/29/2000,MDW,IL,AGL,CE,Combined TRACON& Tower with Radar,516,191,172,2,881,0,45,125,1,171,516,236,297,3,1052,2,0,2,1054
06/30/2000,MDW,IL,AGL,CE,Combined TRACON& Tower with Radar,511,167,150,0,828,14,46,60,0,120,525,213,210,0,948,0,0,0,948
07/01/2000,MDW,IL,AGL,CE,Combined TRACON& Tower with Radar,311,65,85,0,461,74,0,53,0,127,385,65,138,0,588,0,0,0,588
07/02/2000,MDW,IL,AGL,CE,Combined TRACON& Tower with Radar,310,68,84,0,462,75,0,6,0,81,385,68,90,0,543,22,0,22,565
07/03/2000,MDW,IL,AGL,CE,Combined TRACON& Tower with Radar,345,92,93,0,530,34,0,22,0,56,379,92,115,0,586,19,0,19,605
07/04/2000,MDW,IL,AGL,CE,Combined TRACON& Tower with Radar,379,122,77,1,579,38,23,0,0,61,417,145,77,1,640,0,0,0,640
07/05/2000,MDW,IL,AGL,CE,Combined TRACON& Tower with Radar,496,161,134,0,791,9,3,73,0,85,505,164,207,0,876,14,0,14,890
07/06/2000,MDW,IL,AGL,CE,Combined TRACON& Tower with Radar,508,184,153,3,848,0,49,126,6,181,508,233,279,9,1029,2,0,2,1031
07/07/2000,MDW,IL,AGL,CE,Combined TRACON& Tower with Radar,515,176,147,3,841,0,29,92,3,124,515,205,239,6,965,0,0,0,965
07/08/2000,MDW,IL,AGL,CE,Combined TRACON& Tower with Radar,354,81,95,2,532,69,0,65,0,134,423,81,160,2,666,0,0,0,666
07/09/2000,MDW,IL,AGL,CE,Combined TRACON& Tower with Radar,399,93,107,2,601,57,0,46,5,108,456,93,153,7,709,2,0,2,711
07/10/2000,MDW,IL,AGL,CE,Combined TRACON& Tower with Radar,487,148,131,1,767,15,0,46,0,61,502,148,177,1,828,0,0,0,828
07/11/2000,MDW,IL,AGL,CE,Combined TRACON& Tower with Radar,515,186,155,1,857,0,31,89,0,120,515,217,244,1,977,0,0,0,977
07/12/2000,MDW,IL,AGL,CE,Combined TRACON& Tower with Radar,519,175,146,0,840,0,41,61,0,102,519,216,207,0,942,0,0,0,942
07/13/2000,MDW,IL,AGL,CE,Combined TRACON& Tower with Radar,518,183,154,2,857,0,42,136,2,180,518,225,290,4,1037,8,0,8,1045
07/14/2000,MDW,IL,AGL,CE,Combined TRACON& Tower with Radar,492,165,139,2,798,0,31,125,0,156,492,196,264,2,954,4,0,4,958
07/15/2000,MDW,IL,AGL,CE,Combined TRACON& Tower with Radar,360,85,97,1,543,56,0,41,2,99,416,85,138,3,642,0,0,0,642
07/16/2000,MDW,IL,AGL,CE,Combined TRACON& Tower with Radar,402,96,109,1,608,42,0,100,5,147,444,96,209,6,755,53,0,53,808
07/17/2000,MDW,IL,AGL,CE,Combined TRACON& Tower with Radar,507,157,137,1,802,0,0,101,0,101,507,157,238,1,903,0,2,2,905
07/18/2000,MDW,IL,AGL,CE,Combined TRACON& Tower with Radar,511,183,153,2,849,0,15,135,1,151,511,198,288,3,1000,0,0,0,1000
07/19/2000,MDW,IL,AGL,CE,Combined TRACON& Tower with Radar,512,185,156,2,855,0,45,137,4,186,512,230,293,6,1041,10,0,10,1051
07/20/2000,MDW,IL,AGL,CE,Combined TRACON& Tower with Radar,527,184,155,2,868,0,44,99,4,147,527,228,254,6,1015,0,0,0,1015
07/21/2000,MDW,IL,AGL,CE,Combined TRACON& Tower with Radar,512,174,146,2,834,0,37,90,3,130,512,211,236,5,964,0,0,0,964
07/22/2000,MDW,IL,AGL,CE,Combined TRACON& Tower with Radar,357,77,96,1,531,63,0,65,0,128,420,77,161,1,659,0,0,0,659
07/23/2000,MDW,IL,AGL,CE,Combined TRACON& Tower with Radar,402,96,109,1,608,54,0,73,3,130,456,96,182,4,738,48,0,48,786
07/24/2000,MDW,IL,AGL,CE,Combined TRACON& Tower with Radar,478,150,129,0,757,32,0,83,0,115,510,150,212,0,872,6,0,6,878
07/25/2000,MDW,IL,AGL,CE,Combined TRACON& Tower with Radar,531,179,151,2,863,0,22,124,1,147,531,201,275,3,1010,0,0,0,1010
07/26/2000,MDW,IL,AGL,CE,Combined TRACON& Tower with Radar,510,178,150,0,838,0,18,119,0,137,510,196,269,0,975,0,0,0,975
07/27/2000,MDW,IL,AGL,CE,Combined TRACON& Tower with Radar,484,181,152,2,819,0,40,97,0,137,484,221,249,2,956,0,0,0,956
07/28/2000,MDW,IL,AGL,CE,Combined TRACON& Tower with Radar,460,174,146,2,782,0,39,104,5,148,460,213,250,7,930,0,0,0,930
07/29/2000,MDW,IL,AGL,CE,Combined TRACON& Tower with Radar,367,77,99,1,544,59,0,19,0,78,426,77,118,1,622,29,0,29,651
07/30/2000,MDW,IL,AGL,CE,Combined TRACON& Tower with Radar,436,99,118,1,654,23,0,57,2,82,459,99,175,3,736,10,0,10,746
07/31/2000,MDW,IL,AGL,CE,Combined TRACON& Tower with Radar,507,164,144,2,817,0,0,73,2,75,507,164,217,4,892,0,0,0,892
08/01/2000,MDW,IL,AGL,CE,Combined TRACON& Tower with Radar,490,182,153,3,828,0,18,97,4,119,490,200,250,7,947,0,0,0,947
08/02/2000,MDW,IL,AGL,CE,Combined TRACON& Tower with Radar,484,178,150,2,814,0,11,104,0,115,484,189,254,2,929,0,0,0,929
08/03/2000,MDW,IL,AGL,CE,Combined TRACON& Tower with Radar,513,187,158,2,860,0,28,120,0,148,513,215,278,2,1008,0,0,0,1008
08/04/2000,MDW,IL,AGL,CE,Combined TRACON& Tower with Radar,502,175,146,3,826,0,16,99,4,119,502,191,245,7,945,0,0,0,945
08/05/2000,MDW,IL,AGL,CE,Combined TRACON& Tower with Radar,311,63,77,2,453,98,0,0,3,101,409,63,77,5,554,0,0,0,554
08/06/2000,MDW,IL,AGL,CE,Combined TRACON& Tower with Radar,360,80,104,2,546,88,0,0,2,90,448,80,104,4,636,4,0,4,640
08/07/2000,MDW,IL,AGL,CE,Combined TRACON& Tower with Radar,484,144,141,0,769,46,0,66,0,112,530,144,207,0,881,0,0,0,881
08/08/2000,MDW,IL,AGL,CE,Combined TRACON& Tower with Radar,484,171,143,3,801,0,39,39,6,84,484,210,182,9,885,2,0,2,887
08/09/2000,MDW,IL,AGL,CE,Combined TRACON& Tower with Radar,510,196,163,0,869,0,27,127,0,154,510,223,290,0,1023,0,0,0,1023
08/10/2000,MDW,IL,AGL,CE,Combined TRACON& Tower with Radar,503,190,159,3,855,0,40,99,1,140,503,230,258,4,995,2,0,2,997
08/11/2000,MDW,IL,AGL,CE,Combined TRACON& Tower with Radar,507,181,151,3,842,0,28,71,0,99,507,209,222,3,941,0,0,0,941
08/12/2000,MDW,IL,AGL,CE,Combined TRACON& Tower with Radar,350,72,103,2,527,68,0,54,0,122,418,72,157,2,649,38,0,38,687
08/13/2000,MDW,IL,AGL,CE,Combined TRACON& Tower with Radar,392,100,115,1,608,61,0,44,0,105,453,100,159,1,713,0,0,0,713
08/14/2000,MDW,IL,AGL,CE,Combined TRACON& Tower with Radar,503,168,152,1,824,0,0,130,0,130,503,168,282,1,954,0,0,0,954
08/15/2000,MDW,IL,AGL,CE,Combined TRACON& Tower with Radar,498,188,158,2,846,0,22,104,0,126,498,210,262,2,972,0,0,0,972
08/16/2000,MDW,IL,AGL,CE,Combined TRACON& Tower with Radar,508,189,159,0,856,0,9,124,0,133,508,198,283,0,989,2,0,2,991
08/17/2000,MDW,IL,AGL,CE,Combined TRACON& Tower with Radar,467,176,147,0,790,0,15,85,0,100,467,191,232,0,890,0,0,0,890
08/18/2000,MDW,IL,AGL,CE,Combined TRACON& Tower with Radar,516,185,155,3,859,0,34,66,3,103,516,219,221,6,962,0,0,0,962
08/19/2000,MDW,IL,AGL,CE,Combined TRACON& Tower with Radar,338,68,74,1,481,75,0,0,2,77,413,68,74,3,558,2,0,2,560
08/20/2000,MDW,IL,AGL,CE,Combined TRACON& Tower with Radar,398,104,116,1,619,53,0,60,13,126,451,104,176,14,745,0,0,0,745
08/21/2000,MDW,IL,AGL,CE,Combined TRACON& Tower with Radar,491,155,142,2,790,25,0,87,2,114,516,155,229,4,904,0,0,0,904
08/22/2000,MDW,IL,AGL,CE,Combined TRACON& Tower with Radar,517,180,151,0,848,0,21,47,0,68,517,201,198,0,916,0,0,0,916
08/23/2000,MDW,IL,AGL,CE,Combined TRACON& Tower with Radar,495,197,166,3,861,0,42,93,3,138,495,239,259,6,999,0,0,0,999
08/24/2000,MDW,IL,AGL,CE,Combined TRACON& Tower with Radar,514,195,164,2,875,0,24,92,3,119,514,219,256,5,994,0,0,0,994
08/25/2000,MDW,IL,AGL,CE,Combined TRACON& Tower with Radar,503,182,154,2,841,0,35,97,4,136,503,217,251,6,977,0,0,0,977
08/26/2000,MDW,IL,AGL,CE,Combined TRACON& Tower with Radar,337,66,98,1,502,79,0,35,4,118,416,66,133,5,620,0,0,0,620
08/27/2000,MDW,IL,AGL,CE,Combined TRACON& Tower with Radar,421,129,122,2,674,38,0,44,1,83,459,129,166,3,757,0,0,0,757
08/28/2000,MDW,IL,AGL,CE,Combined TRACON& Tower with Radar,486,147,141,0,774,43,0,58,0,101,529,147,199,0,875,0,0,0,875
08/29/2000,MDW,IL,AGL,CE,Combined TRACON& Tower with Radar,514,181,159,2,856,0,0,114,2,116,514,181,273,4,972,0,0,0,972
08/30/2000,MDW,IL,AGL,CE,Combined TRACON& Tower with Radar,505,209,176,1,891,0,43,91,0,134,505,252,267,1,1025,0,0,0,1025
08/31/2000,MDW,IL,AGL,CE,Combined TRACON& Tower with Radar,466,176,147,2,791,0,49,116,0,165,466,225,263,2,956,0,0,0,956
09/01/2000,MDW,IL,AGL,CE,Combined TRACON& Tower with Radar,490,172,146,1,809,29,0,55,0,84,519,172,201,1,893,0,0,0,893
09/02/2000,MDW,IL,AGL,CE,Combined TRACON& Tower with Radar,268,51,79,0,398,84,0,26,0,110,352,51,105,0,508,0,0,0,508
09/03/2000,MDW,IL,AGL,CE,Combined TRACON& Tower with Radar,262,33,77,0,372,94,0,12,0,106,356,33,89,0,478,0,0,0,478
09/04/2000,MDW,IL,AGL,CE,Combined TRACON& Tower with Radar,360,76,94,1,531,99,0,0,0,99,459,76,94,1,630,0,0,0,630
09/05/2000,MDW,IL,AGL,CE,Combined TRACON& Tower with Radar,478,142,141,3,764,15,0,92,5,112,493,142,233,8,876,2,0,2,878
09/06/2000,MDW,IL,AGL,CE,Combined TRACON& Tower with Radar,477,199,165,3,844,0,35,119,0,154,477,234,284,3,998,0,0,0,998
09/07/2000,MDW,IL,AGL,CE,Combined TRACON& Tower with Radar,497,223,186,1,907,0,24,120,0,144,497,247,306,1,1051,2,1,3,1054
09/08/2000,MDW,IL,AGL,CE,Combined TRACON& Tower with Radar,502,192,160,3,857,0,34,75,3,112,502,226,235,6,969,0,0,0,969
09/09/2000,MDW,IL,AGL,CE,Combined TRACON& Tower with Radar,312,70,92,2,476,73,0,24,2,99,385,70,116,4,575,0,0,0,575
09/10/2000,MDW,IL,AGL,CE,Combined TRACON& Tower with Radar,385,90,114,1,590,59,0,24,4,87,444,90,138,5,677,0,0,0,677
09/11/2000,MDW,IL,AGL,CE,Combined TRACON& Tower with Radar,378,128,116,0,622,0,0,59,0,59,378,128,175,0,681,0,0,0,681
09/12/2000,MDW,IL,AGL,CE,Combined TRACON& Tower with Radar,523,198,165,2,888,0,23,115,0,138,523,221,280,2,1026,0,0,0,1026
09/13/2000,MDW,IL,AGL,CE,Combined TRACON& Tower with Radar,494,192,161,2,849,0,42,85,8,135,494,234,246,10,984,0,0,0,984
09/14/2000,MDW,IL,AGL,CE,Combined TRACON& Tower with Radar,489,186,157,2,834,0,29,75,6,110,489,215,232,8,944,0,0,0,944
09/15/2000,MDW,IL,AGL,CE,Combined TRACON& Tower with Radar,514,190,159,2,865,0,38,55,2,95,514,228,214,4,960,0,0,0,960
09/16/2000,MDW,IL,AGL,CE,Combined TRACON& Tower with Radar,333,88,98,1,520,61,0,42,4,107,394,88,140,5,627,0,0,0,627
09/17/2000,MDW,IL,AGL,CE,Combined TRACON& Tower with Radar,374,102,111,1,588,65,0,32,2,99,439,102,143,3,687,0,0,0,687
09/18/2000,MDW,IL,AGL,CE,Combined TRACON& Tower with Radar,497,174,148,1,820,2,0,70,1,73,499,174,218,2,893,0,0,0,893
09/19/2000,MDW,IL,AGL,CE,Combined TRACON& Tower with Radar,513,200,169,2,884,0,45,133,5,183,513,245,302,7,1067,2,0,2,1069
09/20/2000,MDW,IL,AGL,CE,Combined TRACON& Tower with Radar,518,195,165,2,880,0,34,48,2,84,518,229,213,4,964,0,0,0,964
09/21/2000,MDW,IL,AGL,CE,Combined TRACON& Tower with Radar,495,184,156,2,837,0,39,95,7,141,495,223,251,9,978,0,0,0,978
09/22/2000,MDW,IL,AGL,CE,Combined TRACON& Tower with Radar,496,188,158,2,844,0,26,59,2,87,496,214,217,4,931,2,0,2,933
09/23/2000,MDW,IL,AGL,CE,Combined TRACON& Tower with Radar,345,89,94,1,529,57,0,0,1,58,402,89,94,2,587,0,0,0,587
09/24/2000,MDW,IL,AGL,CE,Combined TRACON& Tower with Radar,395,106,118,1,620,28,0,56,2,86,423,106,174,3,706,0,0,0,706
09/25/2000,MDW,IL,AGL,CE,Combined TRACON& Tower with Radar,486,154,145,0,785,0,0,64,0,64,486,154,209,0,849,0,0,0,849
09/26/2000,MDW,IL,AGL,CE,Combined TRACON& Tower with Radar,486,181,153,1,821,0,44,106,9,159,486,225,259,10,980,0,0,0,980
09/27/2000,MDW,IL,AGL,CE,Combined TRACON& Tower with Radar,502,203,172,2,879,0,58,108,1,167,502,261,280,3,1046,0,0,0,1046
09/28/2000,MDW,IL,AGL,CE,Combined TRACON& Tower with Radar,473,183,155,0,811,0,53,100,0,153,473,236,255,0,964,0,0,0,964
09/29/2000,MDW,IL,AGL,CE,Combined TRACON& Tower with Radar,499,182,154,1,836,0,43,79,1,123,499,225,233,2,959,0,0,0,959
09/30/2000,MDW,IL,AGL,CE,Combined TRACON& Tower with Radar,307,69,91,1,468,79,0,44,0,123,386,69,135,1,591,0,0,0,591
10/01/2000,MDW,IL,AGL,CE,Combined TRACON& Tower with Radar,374,112,100,2,588,51,0,50,0,101,425,112,150,2,689,0,0,0,689
10/02/2000,MDW,IL,AGL,CE,Combined TRACON& Tower with Radar,448,160,120,0,728,23,0,36,0,59,471,160,156,0,787,0,0,0,787
10/03/2000,MDW,IL,AGL,CE,Combined TRACON& Tower with Radar,467,189,138,3,797,0,35,113,0,148,467,224,251,3,945,0,0,0,945
10/04/2000,MDW,IL,AGL,CE,Combined TRACON& Tower with Radar,526,203,148,0,877,0,22,82,0,104,526,225,230,0,981,0,0,0,981
10/05/2000,MDW,IL,AGL,CE,Combined TRACON& Tower with Radar,488,194,142,3,827,0,22,56,0,78,488,216,198,3,905,14,0,14,919
10/06/2000,MDW,IL,AGL,CE,Combined TRACON& Tower with Radar,496,189,139,3,827,0,13,61,0,74,496,202,200,3,901,0,0,0,901
10/07/2000,MDW,IL,AGL,CE,Combined TRACON& Tower with Radar,316,63,86,0,465,68,0,50,0,118,384,63,136,0,583,0,0,0,583
10/08/2000,MDW,IL,AGL,CE,Combined TRACON& Tower with Radar,349,88,95,1,533,79,0,16,0,95,428,88,111,1,628,0,0,0,628
10/09/2000,MDW,IL,AGL,CE,Combined TRACON& Tower with Radar,418,127,113,1,659,61,0,47,0,108,479,127,160,1,767,0,0,0,767
10/10/2000,MDW,IL,AGL,CE,Combined TRACON& Tower with Radar,473,154,127,3,757,30,0,88,3,121,503,154,215,6,878,0,0,0,878
10/11/2000,MDW,IL,AGL,CE,Combined TRACON& Tower with Radar,475,195,144,3,817,0,41,111,2,154,475,236,255,5,971,0,0,0,971
10/12/2000,MDW,IL,AGL,CE,Combined TRACON& Tower with Radar,463,183,134,2,782,0,22,126,4,152,463,205,260,6,934,0,0,0,934
10/13/2000,MDW,IL,AGL,CE,Combined TRACON& Tower with Radar,483,177,130,2,792,3,16,67,2,88,486,193,197,4,880,0,0,0,880
10/14/2000,MDW,IL,AGL,CE,Combined TRACON& Tower with Radar,314,69,85,1,469,69,0,49,13,131,383,69,134,14,600,0,0,0,600
10/15/2000,MDW,IL,AGL,CE,Combined TRACON& Tower with Radar,372,103,101,1,577,47,0,50,7,104,419,103,151,8,681,0,0,0,681
10/16/2000,MDW,IL,AGL,CE,Combined TRACON& Tower with Radar,457,130,123,0,710,32,0,76,0,108,489,130,199,0,818,0,0,0,818
10/17/2000,MDW,IL,AGL,CE,Combined TRACON& Tower with Radar,487,191,141,2,821,0,4,114,7,125,487,195,255,9,946,0,0,0,946
10/18/2000,MDW,IL,AGL,CE,Combined TRACON& Tower with Radar,469,188,138,1,796,0,35,98,0,133,469,223,236,1,929,0,0,0,929
10/19/2000,MDW,IL,AGL,CE,Combined TRACON& Tower with Radar,465,191,141,0,797,0,70,106,0,176,465,261,247,0,973,12,0,12,985
10/20/2000,MDW,IL,AGL,CE,Combined TRACON& Tower with Radar,473,181,134,2,790,0,50,64,0,114,473,231,198,2,904,0,0,0,904
10/21/2000,MDW,IL,AGL,CE,Combined TRACON& Tower with Radar,324,77,88,1,490,369,0,46,0,415,693,77,134,1,905,10,0,10,915
10/22/2000,MDW,IL,AGL,CE,Combined TRACON& Tower with Radar,376,117,101,1,595,40,0,52,3,95,416,117,153,4,690,4,0,4,694
10/23/2000,MDW,IL,AGL,CE,Combined TRACON& Tower with Radar,481,174,134,0,789,0,0,58,0,58,481,174,192,0,847,0,0,0,847
10/24/2000,MDW,IL,AGL,CE,Combined TRACON& Tower with Radar,473,208,153,1,835,0,27,92,0,119,473,235,245,1,954,0,0,0,954
10/25/2000,MDW,IL,AGL,CE,Combined TRACON& Tower with Radar,497,203,151,2,853,0,37,53,9,99,497,240,204,11,952,0,0,0,952
10/26/2000,MDW,IL,AGL,CE,Combined TRACON& Tower with Radar,477,196,144,2,819,0,43,73,6,122,477,239,217,8,941,0,0,0,941
10/27/2000,MDW,IL,AGL,CE,Combined TRACON& Tower with Radar,434,166,124,1,725,0,38,53,5,96,434,204,177,6,821,0,0,0,821
10/28/2000,MDW,IL,AGL,CE,Combined TRACON& Tower with Radar,346,82,93,0,521,40,0,72,0,112,386,82,165,0,633,2,0,2,635
10/29/2000,MDW,IL,AGL,CE,Combined TRACON& Tower with Radar,362,106,98,1,567,55,0,46,3,104,417,106,144,4,671,0,0,0,671
10/30/2000,MDW,IL,AGL,CE,Combined TRACON& Tower with Radar,453,168,124,1,746,0,3,95,2,100,453,171,219,3,846,0,0,0,846
10/31/2000,MDW,IL,AGL,CE,Combined TRACON& Tower with Radar,469,173,127,2,771,0,30,77,3,110,469,203,204,5,881,6,0,6,887
11/01/2000,MDW,IL,AGL,CE,Combined TRACON& Tower with Radar,448,185,148,1,782,0,43,69,6,118,448,228,217,7,900,0,0,0,900
11/02/2000,MDW,IL,AGL,CE,Combined TRACON& Tower with Radar,455,201,160,1,817,0,39,87,8,134,455,240,247,9,951,0,0,0,951
11/03/2000,MDW,IL,AGL,CE,Combined TRACON& Tower with Radar,460,184,146,1,791,0,33,94,0,127,460,217,240,1,918,0,0,0,918
11/04/2000,MDW,IL,AGL,CE,Combined TRACON& Tower with Radar,298,81,91,0,470,50,0,73,8,131,348,81,164,8,601,0,0,0,601
11/05/2000,MDW,IL,AGL,CE,Combined TRACON& Tower with Radar,374,110,113,0,597,49,0,58,0,107,423,110,171,0,704,0,0,0,704
11/06/2000,MDW,IL,AGL,CE,Combined TRACON& Tower with Radar,473,146,147,1,767,0,0,77,2,79,473,146,224,3,846,0,0,0,846
11/07/2000,MDW,IL,AGL,CE,Combined TRACON& Tower with Radar,477,192,153,1,823,0,33,49,2,84,477,225,202,3,907,0,0,0,907
11/08/2000,MDW,IL,AGL,CE,Combined TRACON& Tower with Radar,465,194,154,2,815,0,43,75,4,122,465,237,229,6,937,0,0,0,937
11/09/2000,MDW,IL,AGL,CE,Combined TRACON& Tower with Radar,498,206,163,2,869,0,25,25,0,50,498,231,188,2,919,0,0,0,919
11/10/2000,MDW,IL,AGL,CE,Combined TRACON& Tower with Radar,486,188,148,1,823,0,26,57,0,83,486,214,205,1,906,0,0,0,906
11/11/2000,MDW,IL,AGL,CE,Combined TRACON& Tower with Radar,323,86,97,1,507,59,0,26,4,89,382,86,123,5,596,39,0,39,635
11/12/2000,MDW,IL,AGL,CE,Combined TRACON& Tower with Radar,403,109,121,2,635,66,0,23,1,90,469,109,144,3,725,0,0,0,725
11/13/2000,MDW,IL,AGL,CE,Combined TRACON& Tower with Radar,473,167,141,0,781,23,0,33,0,56,496,167,174,0,837,0,0,0,837
11/14/2000,MDW,IL,AGL,CE,Combined TRACON& Tower with Radar,466,190,150,2,808,0,15,59,6,80,466,205,209,8,888,0,0,0,888
11/15/2000,MDW,IL,AGL,CE,Combined TRACON& Tower with Radar,478,202,160,2,842,0,34,113,7,154,478,236,273,9,996,2,0,2,998
11/16/2000,MDW,IL,AGL,CE,Combined TRACON& Tower with Radar,490,209,165,2,866,0,30,73,3,106,490,239,238,5,972,0,0,0,972
11/17/2000,MDW,IL,AGL,CE,Combined TRACON& Tower with Radar,476,180,142,2,800,2,12,32,1,47,478,192,174,3,847,0,0,0,847
11/18/2000,MDW,IL,AGL,CE,Combined TRACON& Tower with Radar,311,76,93,1,481,61,0,22,2,85,372,76,115,3,566,0,0,0,566
11/19/2000,MDW,IL,AGL,CE,Combined TRACON& Tower with Radar,375,126,109,2,612,58,0,0,1,59,433,126,109,3,671,0,0,0,671
11/20/2000,MDW,IL,AGL,CE,Combined TRACON& Tower with Radar,459,161,137,1,758,13,0,17,0,30,472,161,154,1,788,16,0,16,804
11/21/2000,MDW,IL,AGL,CE,Combined TRACON& Tower with Radar,480,193,153,1,827,0,23,88,1,112,480,216,241,2,939,0,0,0,939
11/22/2000,MDW,IL,AGL,CE,Combined TRACON& Tower with Radar,496,187,149,0,832,0,23,59,0,82,496,210,208,0,914,0,0,0,914
11/23/2000,MDW,IL,AGL,CE,Combined TRACON& Tower with Radar,247,92,49,0,388,51,6,0,0,57,298,98,49,0,445,12,0,12,457
11/24/2000,MDW,IL,AGL,CE,Combined TRACON& Tower with Radar,248,65,46,0,359,57,0,0,0,57,305,65,46,0,416,0,0,0,416
11/25/2000,MDW,IL,AGL,CE,Combined TRACON& Tower with Radar,273,49,78,0,400,79,0,0,0,79,352,49,78,0,479,0,0,0,479
11/26/2000,MDW,IL,AGL,CE,Combined TRACON& Tower with Radar,407,131,113,0,651,33,0,0,0,33,440,131,113,0,684,0,0,0,684
11/27/2000,MDW,IL,AGL,CE,Combined TRACON& Tower with Radar,464,145,139,0,748,8,0,28,0,36,472,145,167,0,784,0,0,0,784
11/28/2000,MDW,IL,AGL,CE,Combined TRACON& Tower with Radar,499,191,151,1,842,0,21,48,8,77,499,212,199,9,919,0,0,0,919
11/29/2000,MDW,IL,AGL,CE,Combined TRACON& Tower with Radar,470,208,165,1,844,0,31,87,2,120,470,239,252,3,964,0,0,0,964
11/30/2000,MDW,IL,AGL,CE,Combined TRACON& Tower with Radar,481,198,158,1,838,0,48,47,11,106,481,246,205,12,944,0,0,0,944
12/01/2000,MDW,IL,AGL,CE,Combined TRACON& Tower with Radar,495,195,131,1,822,0,37,71,4,112,495,232,202,5,934,4,2,6,940
12/02/2000,MDW,IL,AGL,CE,Combined TRACON& Tower with Radar,332,78,75,1,486,49,0,36,0,85,381,78,111,1,571,0,0,0,571
12/03/2000,MDW,IL,AGL,CE,Combined TRACON& Tower with Radar,404,112,91,1,608,32,0,56,2,90,436,112,147,3,698,5,0,5,703
12/04/2000,MDW,IL,AGL,CE,Combined TRACON& Tower with Radar,484,148,110,1,743,0,0,64,3,67,484,148,174,4,810,0,0,0,810
12/05/2000,MDW,IL,AGL,CE,Combined TRACON& Tower with Radar,467,184,122,1,774,0,28,98,1,127,467,212,220,2,901,0,0,0,901
12/06/2000,MDW,IL,AGL,CE,Combined TRACON& Tower with Radar,467,184,122,1,774,0,31,88,3,122,467,215,210,4,896,0,0,0,896
12/07/2000,MDW,IL,AGL,CE,Combined TRACON& Tower with Radar,503,205,136,1,845,0,21,77,0,98,503,226,213,1,943,0,0,0,943
12/08/2000,MDW,IL,AGL,CE,Combined TRACON& Tower with Radar,476,174,116,0,766,0,34,52,0,86,476,208,168,0,852,0,0,0,852
12/09/2000,MDW,IL,AGL,CE,Combined TRACON& Tower with Radar,303,67,68,0,438,74,0,9,0,83,377,67,77,0,521,0,0,0,521
12/10/2000,MDW,IL,AGL,CE,Combined TRACON& Tower with Radar,402,103,86,1,592,47,0,0,0,47,449,103,86,1,639,0,0,0,639
12/11/2000,MDW,IL,AGL,CE,Combined TRACON& Tower with Radar,50,21,13,0,84,0,2,11,0,13,50,23,24,0,97,0,0,0,97
12/12/2000,MDW,IL,AGL,CE,Combined TRACON& Tower with Radar,457,161,107,0,725,0,3,69,0,72,457,164,176,0,797,0,0,0,797
12/13/2000,MDW,IL,AGL,CE,Combined TRACON& Tower with Radar,414,166,111,0,691,0,28,67,0,95,414,194,178,0,786,0,0,0,786
12/14/2000,MDW,IL,AGL,CE,Combined TRACON& Tower with Radar,491,197,131,1,820,0,19,40,1,60,491,216,171,2,880,0,0,0,880
12/15/2000,MDW,IL,AGL,CE,Combined TRACON& Tower with Radar,497,187,124,1,809,0,14,39,0,53,497,201,163,1,862,0,0,0,862
12/16/2000,MDW,IL,AGL,CE,Combined TRACON& Tower with Radar,350,94,49,0,493,57,0,0,0,57,407,94,49,0,550,0,0,0,550
12/17/2000,MDW,IL,AGL,CE,Combined TRACON& Tower with Radar,370,98,58,0,526,57,0,0,0,57,427,98,58,0,583,0,0,0,583
12/18/2000,MDW,IL,AGL,CE,Combined TRACON& Tower with Radar,435,137,102,0,674,0,0,53,1,54,435,137,155,1,728,0,0,0,728
12/19/2000,MDW,IL,AGL,CE,Combined TRACON& Tower with Radar,494,181,120,0,795,0,18,65,7,90,494,199,185,7,885,0,0,0,885
12/20/2000,MDW,IL,AGL,CE,Combined TRACON& Tower with Radar,466,184,122,0,772,0,37,56,3,96,466,221,178,3,868,0,0,0,868
12/21/2000,MDW,IL,AGL,CE,Combined TRACON& Tower with Radar,507,180,121,0,808,0,30,27,0,57,507,210,148,0,865,0,0,0,865
12/22/2000,MDW,IL,AGL,CE,Combined TRACON& Tower with Radar,478,164,110,0,752,0,31,10,0,41,478,195,120,0,793,0,0,0,793
12/23/2000,MDW,IL,AGL,CE,Combined TRACON& Tower with Radar,312,73,38,0,423,75,0,0,0,75,387,73,38,0,498,0,0,0,498
12/24/2000,MDW,IL,AGL,CE,Combined TRACON& Tower with Radar,243,51,35,0,329,65,0,0,0,65,308,51,35,0,394,0,0,0,394
12/25/2000,MDW,IL,AGL,CE,Combined TRACON& Tower with Radar,285,74,31,0,390,69,0,0,0,69,354,74,31,0,459,0,0,0,459
12/26/2000,MDW,IL,AGL,CE,Combined TRACON& Tower with Radar,454,154,94,0,702,28,2,0,1,31,482,156,94,1,733,4,0,4,737
12/27/2000,MDW,IL,AGL,CE,Combined TRACON& Tower with Radar,471,160,84,0,715,4,45,0,0,49,475,205,84,0,764,0,0,0,764
12/28/2000,MDW,IL,AGL,CE,Combined TRACON& Tower with Radar,466,158,90,0,714,7,42,0,0,49,473,200,90,0,763,0,0,0,763
12/29/2000,MDW,IL,AGL,CE,Combined TRACON& Tower with Radar,452,153,61,0,666,23,21,0,1,45,475,174,61,1,711,0,0,0,711
12/30/2000,MDW,IL,AGL,CE,Combined TRACON& Tower with Radar,290,51,31,0,372,83,0,0,0,83,373,51,31,0,455,0,0,0,455
12/31/2000,MDW,IL,AGL,CE,Combined TRACON& Tower with Radar,252,50,38,0,340,70,0,0,0,70,322,50,38,0,410,0,0,0,410
01/01/2001,MDW,IL,AGL,CE,Combined TRACON& Tower with Radar,317,96,55,0,468,62,0,0,0,62,379,96,55,0,530,13,0,13,543
01/02/2001,MDW,IL,AGL,CE,Combined TRACON& Tower with Radar,441,139,98,0,678,36,0,40,0,76,477,139,138,0,754,0,0,0,754
01/03/2001,MDW,IL,AGL,CE,Combined TRACON& Tower with Radar,512,192,118,1,823,0,16,13,0,29,512,208,131,1,852,0,0,0,852
01/04/2001,MDW,IL,AGL,CE,Combined TRACON& Tower with Radar,503,189,116,1,809,0,19,18,1,38,503,208,134,2,847,0,0,0,847
01/05/2001,MDW,IL,AGL,CE,Combined TRACON& Tower with Radar,480,173,106,1,760,6,18,33,5,62,486,191,139,6,822,0,0,0,822
01/06/2001,MDW,IL,AGL,CE,Combined TRACON& Tower with Radar,310,74,68,1,453,70,0,25,24,119,380,74,93,25,572,0,0,0,572
01/07/2001,MDW,IL,AGL,CE,Combined TRACON& Tower with Radar,372,106,65,1,544,72,0,0,8,80,444,106,65,9,624,0,0,0,624
01/08/2001,MDW,IL,AGL,CE,Combined TRACON& Tower with Radar,440,146,96,1,683,30,0,25,1,56,470,146,121,2,739,0,0,0,739
01/09/2001,MDW,IL,AGL,CE,Combined TRACON& Tower with Radar,462,178,108,1,749,0,45,56,7,108,462,223,164,8,857,2,0,2,859
01/10/2001,MDW,IL,AGL,CE,Combined TRACON& Tower with Radar,436,179,109,1,725,0,56,69,4,129,436,235,178,5,854,0,0,0,854
01/11/2001,MDW,IL,AGL,CE,Combined TRACON& Tower with Radar,461,179,108,1,749,0,32,79,6,117,461,211,187,7,866,4,0,4,870
01/12/2001,MDW,IL,AGL,CE,Combined TRACON& Tower with Radar,323,163,103,1,590,0,0,0,0,0,323,163,103,1,590,0,0,0,590
01/13/2001,MDW,IL,AGL,CE,Combined TRACON& Tower with Radar,309,64,56,0,429,62,0,0,0,62,371,64,56,0,491,0,0,0,491
01/14/2001,MDW,IL,AGL,CE,Combined TRACON& Tower with Radar,392,102,76,0,570,52,0,0,0,52,444,102,76,0,622,0,0,0,622
01/15/2001,MDW,IL,AGL,CE,Combined TRACON& Tower with Radar,488,145,111,1,745,0,0,59,0,59,488,145,170,1,804,0,0,0,804
01/16/2001,MDW,IL,AGL,CE,Combined TRACON& Tower with Radar,463,166,107,1,737,0,0,56,3,59,463,166,163,4,796,0,0,0,796
01/17/2001,MDW,IL,AGL,CE,Combined TRACON& Tower with Radar,447,185,112,1,745,0,47,63,8,118,447,232,175,9,863,0,0,0,863
01/18/2001,MDW,IL,AGL,CE,Combined TRACON& Tower with Radar,452,178,107,1,738,0,46,32,7,85,452,224,139,8,823,0,0,0,823
01/19/2001,MDW,IL,AGL,CE,Combined TRACON& Tower with Radar,469,181,110,1,761,0,8,48,4,60,469,189,158,5,821,0,0,0,821
01/20/2001,MDW,IL,AGL,CE,Combined TRACON& Tower with Radar,285,54,63,1,403,63,0,41,1,105,348,54,104,2,508,0,0,0,508
01/21/2001,MDW,IL,AGL,CE,Combined TRACON& Tower with Radar,370,96,82,1,549,53,0,38,3,94,423,96,120,4,643,0,0,0,643
01/22/2001,MDW,IL,AGL,CE,Combined TRACON& Tower with Radar,453,158,101,1,713,9,0,40,0,49,462,158,141,1,762,0,0,0,762
01/23/2001,MDW,IL,AGL,CE,Combined TRACON& Tower with Radar,463,182,111,1,757,0,27,71,6,104,463,209,182,7,861,0,0,0,861
01/24/2001,MDW,IL,AGL,CE,Combined TRACON& Tower with Radar,461,188,115,0,764,0,38,70,8,116,461,226,185,8,880,0,0,0,880
01/25/2001,MDW,IL,AGL,CE,Combined TRACON& Tower with Radar,460,186,114,0,760,0,35,94,5,134,460,221,208,5,894,0,0,0,894
01/26/2001,MDW,IL,AGL,CE,Combined TRACON& Tower with Radar,493,188,115,0,796,0,31,9,2,42,493,219,124,2,838,0,0,0,838
01/27/2001,MDW,IL,AGL,CE,Combined TRACON& Tower with Radar,286,69,63,0,418,73,0,34,0,107,359,69,97,0,525,0,0,0,525
01/28/2001,MDW,IL,AGL,CE,Combined TRACON& Tower with Radar,362,102,80,0,544,55,0,9,3,67,417,102,89,3,611,26,0,26,637
01/29/2001,MDW,IL,AGL,CE,Combined TRACON& Tower with Radar,450,140,100,0,690,0,0,22,3,25,450,140,122,3,715,0,0,0,715
01/30/2001,MDW,IL,AGL,CE,Combined TRACON& Tower with Radar,456,181,111,0,748,0,40,14,2,56,456,221,125,2,804,0,0,0,804
01/31/2001,MDW,IL,AGL,CE,Combined TRACON& Tower with Radar,455,176,108,0,739,0,23,24,9,56,455,199,132,9,795,0,0,0,795
02/01/2001,MDW,IL,AGL,CE,Combined TRACON& Tower with Radar,483,177,125,1,786,0,20,31,4,55,483,197,156,5,841,0,0,0,841
02/02/2001,MDW,IL,AGL,CE,Combined TRACON& Tower with Radar,481,173,122,0,776,3,14,30,0,47,484,187,152,0,823,0,0,0,823
02/03/2001,MDW,IL,AGL,CE,Combined TRACON& Tower with Radar,288,71,73,0,432,75,0,13,0,88,363,71,86,0,520,10,0,10,530
02/04/2001,MDW,IL,AGL,CE,Combined TRACON& Tower with Radar,359,96,80,1,536,55,0,0,6,61,414,96,80,7,597,0,0,0,597
02/05/2001,MDW,IL,AGL,CE,Combined TRACON& Tower with Radar,426,143,107,0,676,19,0,19,0,38,445,143,126,0,714,0,0,0,714
02/06/2001,MDW,IL,AGL,CE,Combined TRACON& Tower with Radar,459,189,131,1,780,0,18,89,2,109,459,207,220,3,889,0,0,0,889
02/07/2001,MDW,IL,AGL,CE,Combined TRACON& Tower with Radar,401,171,119,1,692,0,25,79,1,105,401,196,198,2,797,0,0,0,797
02/08/2001,MDW,IL,AGL,CE,Combined TRACON& Tower with Radar,473,192,133,0,798,0,26,39,0,65,473,218,172,0,863,0,0,0,863
02/09/2001,MDW,IL,AGL,CE,Combined TRACON& Tower with Radar,465,173,121,0,759,0,16,2,0,18,465,189,123,0,777,0,0,0,777
02/10/2001,MDW,IL,AGL,CE,Combined TRACON& Tower with Radar,298,71,75,1,445,59,0,21,2,82,357,71,96,3,527,2,0,2,529
02/11/2001,MDW,IL,AGL,CE,Combined TRACON& Tower with Radar,348,93,88,0,529,64,0,21,0,85,412,93,109,0,614,6,0,6,620
02/12/2001,MDW,IL,AGL,CE,Combined TRACON& Tower with Radar,454,155,114,0,723,5,0,74,0,79,459,155,188,0,802,0,0,0,802
02/13/2001,MDW,IL,AGL,CE,Combined TRACON& Tower with Radar,448,182,126,1,757,0,18,69,1,88,448,200,195,2,845,0,0,0,845
02/14/2001,MDW,IL,AGL,CE,Combined TRACON& Tower with Radar,470,190,133,0,793,0,3,56,0,59,470,193,189,0,852,0,0,0,852
02/15/2001,MDW,IL,AGL,CE,Combined TRACON& Tower with Radar,498,200,140,1,839,0,28,68,4,100,498,228,208,5,939,0,0,0,939
02/16/2001,MDW,IL,AGL,CE,Combined TRACON& Tower with Radar,479,176,124,0,779,0,29,31,0,60,479,205,155,0,839,31,0,31,870
02/17/2001,MDW,IL,AGL,CE,Combined TRACON& Tower with Radar,299,67,76,0,442,78,0,16,0,94,377,67,92,0,536,6,0,6,542
02/18/2001,MDW,IL,AGL,CE,Combined TRACON& Tower with Radar,367,101,92,1,561,63,0,27,1,91,430,101,119,2,652,16,0,16,668
02/19/2001,MDW,IL,AGL,CE,Combined TRACON& Tower with Radar,450,141,114,0,705,11,0,68,0,79,461,141,182,0,784,0,0,0,784
02/20/2001,MDW,IL,AGL,CE,Combined TRACON& Tower with Radar,447,168,119,1,735,0,3,98,7,108,447,171,217,8,843,0,0,0,843
02/21/2001,MDW,IL,AGL,CE,Combined TRACON& Tower with Radar,448,176,124,0,748,0,50,64,5,119,448,226,188,5,867,0,0,0,867
02/22/2001,MDW,IL,AGL,CE,Combined TRACON& Tower with Radar,466,182,129,0,777,0,39,33,8,80,466,221,162,8,857,0,0,0,857
02/23/2001,MDW,IL,AGL,CE,Combined TRACON& Tower with Radar,475,176,124,0,775,0,27,43,4,74,475,203,167,4,849,2,0,2,851
02/24/2001,MDW,IL,AGL,CE,Combined TRACON& Tower with Radar,297,68,47,0,412,66,0,0,4,70,363,68,47,4,482,1,0,1,483
02/25/2001,MDW,IL,AGL,CE,Combined TRACON& Tower with Radar,368,108,71,0,547,56,0,0,0,56,424,108,71,0,603,0,0,0,603
02/26/2001,MDW,IL,AGL,CE,Combined TRACON& Tower with Radar,445,160,112,0,717,27,0,27,0,54,472,160,139,0,771,0,0,0,771
02/27/2001,MDW,IL,AGL,CE,Combined TRACON& Tower with Radar,452,179,126,0,757,0,18,73,7,98,452,197,199,7,855,0,0,0,855
02/28/2001,MDW,IL,AGL,CE,Combined TRACON& Tower with Radar,462,179,126,0,767,0,28,58,6,92,462,207,184,6,859,0,0,0,859
03/01/2001,MDW,IL,AGL,CE,Combined TRACON& Tower with Radar,497,205,136,1,839,0,31,68,7,106,497,236,204,8,945,0,0,0,945
03/02/2001,MDW,IL,AGL,CE,Combined TRACON& Tower with Radar,483,196,130,1,810,0,19,34,10,63,483,215,164,11,873,0,0,0,873
03/03/2001,MDW,IL,AGL,CE,Combined TRACON& Tower with Radar,299,80,77,0,456,63,0,52,2,117,362,80,129,2,573,25,0,25,598
03/04/2001,MDW,IL,AGL,CE,Combined TRACON& Tower with Radar,345,100,83,0,528,62,0,0,3,65,407,100,83,3,593,2,0,2,595
03/05/2001,MDW,IL,AGL,CE,Combined TRACON& Tower with Radar,438,149,111,0,698,21,0,50,0,71,459,149,161,0,769,0,0,0,769
03/06/2001,MDW,IL,AGL,CE,Combined TRACON& Tower with Radar,456,190,124,1,771,0,23,71,7,101,456,213,195,8,872,0,0,0,872
03/07/2001,MDW,IL,AGL,CE,Combined TRACON& Tower with Radar,455,194,126,2,777,0,36,77,5,118,455,230,203,7,895,0,0,0,895
03/08/2001,MDW,IL,AGL,CE,Combined TRACON& Tower with Radar,460,205,133,2,800,0,13,99,5,117,460,218,232,7,917,0,0,0,917
03/09/2001,MDW,IL,AGL,CE,Combined TRACON& Tower with Radar,458,190,124,2,774,0,36,67,1,104,458,226,191,3,878,14,0,14,892
03/10/2001,MDW,IL,AGL,CE,Combined TRACON& Tower with Radar,287,67,73,1,428,83,0,29,4,116,370,67,102,5,544,2,0,2,546
03/11/2001,MDW,IL,AGL,CE,Combined TRACON& Tower with Radar,353,104,88,1,546,49,0,1,6,56,402,104,89,7,602,0,0,0,602
03/12/2001,MDW,IL,AGL,CE,Combined TRACON& Tower with Radar,498,174,126,1,799,0,0,30,0,30,498,174,156,1,829,0,0,0,829
03/13/2001,MDW,IL,AGL,CE,Combined TRACON& Tower with Radar,455,188,122,2,767,0,6,64,4,74,455,194,186,6,841,0,0,0,841
03/14/2001,MDW,IL,AGL,CE,Combined TRACON& Tower with Radar,473,197,128,2,800,0,22,68,7,97,473,219,196,9,897,0,0,0,897
03/15/2001,MDW,IL,AGL,CE,Combined TRACON& Tower with Radar,469,204,132,1,806,0,17,44,0,61,469,221,176,1,867,0,0,0,867
03/16/2001,MDW,IL,AGL,CE,Combined TRACON& Tower with Radar,486,208,136,1,831,0,23,33,0,56,486,231,169,1,887,0,0,0,887
03/17/2001,MDW,IL,AGL,CE,Combined TRACON& Tower with Radar,293,69,74,0,436,75,0,9,0,84,368,69,83,0,520,6,0,6,526
03/18/2001,MDW,IL,AGL,CE,Combined TRACON& Tower with Radar,365,99,91,0,555,67,0,51,4,122,432,99,142,4,677,0,0,0,677
03/19/2001,MDW,IL,AGL,CE,Combined TRACON& Tower with Radar,452,159,114,0,725,11,0,62,0,73,463,159,176,0,798,0,0,0,798
03/20/2001,MDW,IL,AGL,CE,Combined TRACON& Tower with Radar,471,190,125,1,787,0,21,73,9,103,471,211,198,10,890,6,0,6,896
03/21/2001,MDW,IL,AGL,CE,Combined TRACON& Tower with Radar,458,183,119,1,761,0,21,79,5,105,458,204,198,6,866,0,0,0,866
03/22/2001,MDW,IL,AGL,CE,Combined TRACON& Tower with Radar,460,196,128,1,785,0,43,69,1,113,460,239,197,2,898,0,0,0,898
03/23/2001,MDW,IL,AGL,CE,Combined TRACON& Tower with Radar,462,190,124,1,777,0,36,66,1,103,462,226,190,2,880,0,0,0,880
03/24/2001,MDW,IL,AGL,CE,Combined TRACON& Tower with Radar,300,71,76,0,447,67,0,22,0,89,367,71,98,0,536,0,0,0,536
03/25/2001,MDW,IL,AGL,CE,Combined TRACON& Tower with Radar,353,102,75,0,530,68,0,0,2,70,421,102,75,2,600,0,0,0,600
03/26/2001,MDW,IL,AGL,CE,Combined TRACON& Tower with Radar,445,151,111,1,708,33,0,31,0,64,478,151,142,1,772,0,0,0,772
03/27/2001,MDW,IL,AGL,CE,Combined TRACON& Tower with Radar,456,179,117,0,752,0,35,38,0,73,456,214,155,0,825,0,0,0,825
03/28/2001,MDW,IL,AGL,CE,Combined TRACON& Tower with Radar,462,193,127,1,783,0,29,55,5,89,462,222,182,6,872,0,0,0,872
03/29/2001,MDW,IL,AGL,CE,Combined TRACON& Tower with Radar,461,198,130,1,790,0,18,14,1,33,461,216,144,2,823,0,0,0,823
03/30/2001,MDW,IL,AGL,CE,Combined TRACON& Tower with Radar,471,183,119,1,774,0,29,21,5,55,471,212,140,6,829,0,0,0,829
03/31/2001,MDW,IL,AGL,CE,Combined TRACON& Tower with Radar,316,84,80,0,480,56,0,22,0,78,372,84,102,0,558,0,0,0,558
04/01/2001,MDW,IL,AGL,CE,Combined TRACON& Tower with Radar,393,102,101,0,596,65,0,50,0,115,458,102,151,0,711,0,0,0,711
04/02/2001,MDW,IL,AGL,CE,Combined TRACON& Tower with Radar,437,143,113,2,695,21,0,67,0,88,458,143,180,2,783,0,0,0,783
04/03/2001,MDW,IL,AGL,CE,Combined TRACON& Tower with Radar,478,217,148,2,845,0,32,104,2,138,478,249,252,4,983,0,0,0,983
04/04/2001,MDW,IL,AGL,CE,Combined TRACON& Tower with Radar,464,201,138,2,805,0,47,82,6,135,464,248,220,8,940,0,0,0,940
04/05/2001,MDW,IL,AGL,CE,Combined TRACON& Tower with Radar,467,198,135,0,800,0,26,61,0,87,467,224,196,0,887,2,0,2,889
04/06/2001,MDW,IL,AGL,CE,Combined TRACON& Tower with Radar,522,204,120,2,848,0,36,0,0,36,522,240,120,2,884,0,0,0,884
04/07/2001,MDW,IL,AGL,CE,Combined TRACON& Tower with Radar,310,77,77,1,465,60,0,0,3,63,370,77,77,4,528,0,0,0,528
04/08/2001,MDW,IL,AGL,CE,Combined TRACON& Tower with Radar,362,106,95,1,564,65,0,42,3,110,427,106,137,4,674,0,0,0,674
04/09/2001,MDW,IL,AGL,CE,Combined TRACON& Tower with Radar,473,170,124,0,767,7,0,40,0,47,480,170,164,0,814,0,0,0,814
04/10/2001,MDW,IL,AGL,CE,Combined TRACON& Tower with Radar,485,204,141,0,830,0,21,46,0,67,485,225,187,0,897,0,0,0,897
04/11/2001,MDW,IL,AGL,CE,Combined TRACON& Tower with Radar,506,212,147,0,865,0,24,39,0,63,506,236,186,0,928,0,0,0,928
04/12/2001,MDW,IL,AGL,CE,Combined TRACON& Tower with Radar,473,208,144,2,827,0,39,63,8,110,473,247,207,10,937,0,0,0,937
04/13/2001,MDW,IL,AGL,CE,Combined TRACON& Tower with Radar,447,170,117,2,736,3,30,47,3,83,450,200,164,5,819,10,2,12,831
04/14/2001,MDW,IL,AGL,CE,Combined TRACON& Tower with Radar,292,72,77,0,441,79,0,30,2,111,371,72,107,2,552,0,0,0,552
04/15/2001,MDW,IL,AGL,CE,Combined TRACON& Tower with Radar,347,98,66,0,511,78,0,0,2,80,425,98,66,2,591,0,0,0,591
04/16/2001,MDW,IL,AGL,CE,Combined TRACON& Tower with Radar,450,158,118,0,726,25,0,16,0,41,475,158,134,0,767,0,0,0,767
04/17/2001,MDW,IL,AGL,CE,Combined TRACON& Tower with Radar,450,179,124,1,754,0,42,61,8,111,450,221,185,9,865,0,0,0,865
04/18/2001,MDW,IL,AGL,CE,Combined TRACON& Tower with Radar,451,190,131,1,773,0,45,89,5,139,451,235,220,6,912,0,0,0,912
04/19/2001,MDW,IL,AGL,CE,Combined TRACON& Tower with Radar,466,195,134,1,796,0,26,98,5,129,466,221,232,6,925,0,0,0,925
04/20/2001,MDW,IL,AGL,CE,Combined TRACON& Tower with Radar,464,187,130,1,782,0,24,69,4,97,464,211,199,5,879,0,0,0,879
04/21/2001,MDW,IL,AGL,CE,Combined TRACON& Tower with Radar,303,82,56,0,441,77,0,0,2,79,380,82,56,2,520,0,0,0,520
04/22/2001,MDW,IL,AGL,CE,Combined TRACON& Tower with Radar,342,93,78,0,513,68,0,0,9,77,410,93,78,9,590,0,0,0,590
04/23/2001,MDW,IL,AGL,CE,Combined TRACON& Tower with Radar,486,158,126,0,770,21,0,32,0,53,507,158,158,0,823,0,0,0,823
04/24/2001,MDW,IL,AGL,CE,Combined TRACON& Tower with Radar,466,185,128,1,780,0,10,82,6,98,466,195,210,7,878,8,0,8,886
04/25/2001,MDW,IL,AGL,CE,Combined TRACON& Tower with Radar,450,192,132,1,775,0,40,97,6,143,450,232,229,7,918,0,0,0,918
04/26/2001,MDW,IL,AGL,CE,Combined TRACON& Tower with Radar,469,195,136,1,801,0,28,103,1,132,469,223,239,2,933,0,0,0,933
04/27/2001,MDW,IL,AGL,CE,Combined TRACON& Tower with Radar,467,182,126,1,776,0,20,67,2,89,467,202,193,3,865,4,0,4,869
04/28/2001,MDW,IL,AGL,CE,Combined TRACON& Tower with Radar,290,65,76,0,431,59,0,72,0,131,349,65,148,0,562,0,0,0,562
04/29/2001,MDW,IL,AGL,CE,Combined TRACON& Tower with Radar,365,98,95,0,558,60,0,49,4,113,425,98,144,4,671,0,0,0,671
04/30/2001,MDW,IL,AGL,CE,Combined TRACON& Tower with Radar,444,154,115,0,713,16,0,56,0,72,460,154,171,0,785,0,0,0,785
05/01/2001,MDW,IL,AGL,CE,Combined TRACON& Tower with Radar,465,187,133,2,787,0,10,59,3,72,465,197,192,5,859,0,0,0,859
05/02/2001,MDW,IL,AGL,CE,Combined TRACON& Tower with Radar,462,188,133,2,785,0,29,35,1,65,462,217,168,3,850,0,0,0,850
05/03/2001,MDW,IL,AGL,CE,Combined TRACON& Tower with Radar,471,195,139,2,807,0,0,72,7,79,471,195,211,9,886,0,0,0,886
05/04/2001,MDW,IL,AGL,CE,Combined TRACON& Tower with Radar,337,72,140,2,551,0,0,30,2,32,337,72,170,4,583,17,0,17,600
05/05/2001,MDW,IL,AGL,CE,Combined TRACON& Tower with Radar,298,72,83,2,455,39,0,87,2,128,337,72,170,4,583,0,0,0,583
05/06/2001,MDW,IL,AGL,CE,Combined TRACON& Tower with Radar,390,111,111,3,615,18,0,63,4,85,408,111,174,7,700,0,0,0,700
05/07/2001,MDW,IL,AGL,CE,Combined TRACON& Tower with Radar,473,193,143,3,812,0,0,81,3,84,473,193,224,6,896,0,0,0,896
05/08/2001,MDW,IL,AGL,CE,Combined TRACON& Tower with Radar,454,210,151,2,817,0,38,110,5,153,454,248,261,7,970,0,2,2,972
05/09/2001,MDW,IL,AGL,CE,Combined TRACON& Tower with Radar,455,189,134,2,780,0,21,86,2,109,455,210,220,4,889,0,0,0,889
05/10/2001,MDW,IL,AGL,CE,Combined TRACON& Tower with Radar,463,199,143,2,807,0,30,86,3,119,463,229,229,5,926,0,0,0,926
05/11/2001,MDW,IL,AGL,CE,Combined TRACON& Tower with Radar,424,177,125,0,726,0,14,40,0,54,424,191,165,0,780,0,0,0,780
05/12/2001,MDW,IL,AGL,CE,Combined TRACON& Tower with Radar,292,76,83,2,453,69,0,54,3,126,361,76,137,5,579,0,0,0,579
05/13/2001,MDW,IL,AGL,CE,Combined TRACON& Tower with Radar,316,83,90,0,489,90,0,21,0,111,406,83,111,0,600,0,0,0,600
05/14/2001,MDW,IL,AGL,CE,Combined TRACON& Tower with Radar,463,157,132,2,754,9,0,53,1,63,472,157,185,3,817,8,0,8,825
05/15/2001,MDW,IL,AGL,CE,Combined TRACON& Tower with Radar,454,194,139,2,789,0,29,68,7,104,454,223,207,9,893,0,0,0,893
05/16/2001,MDW,IL,AGL,CE,Combined TRACON& Tower with Radar,461,197,140,2,800,0,39,60,6,105,461,236,200,8,905,0,0,0,905
05/17/2001,MDW,IL,AGL,CE,Combined TRACON& Tower with Radar,478,215,153,3,849,0,54,65,2,121,478,269,218,5,970,2,0,2,972
05/18/2001,MDW,IL,AGL,CE,Combined TRACON& Tower with Radar,483,201,145,1,830,0,31,81,2,114,483,232,226,3,944,0,0,0,944
05/19/2001,MDW,IL,AGL,CE,Combined TRACON& Tower with Radar,291,87,82,1,461,60,0,46,3,109,351,87,128,4,570,0,0,0,570
05/20/2001,MDW,IL,AGL,CE,Combined TRACON& Tower with Radar,362,99,103,1,565,54,0,47,12,113,416,99,150,13,678,0,0,0,678
05/21/2001,MDW,IL,AGL,CE,Combined TRACON& Tower with Radar,489,187,141,1,818,0,0,35,1,36,489,187,176,2,854,0,0,0,854
05/22/2001,MDW,IL,AGL,CE,Combined TRACON& Tower with Radar,453,199,143,1,796,0,36,73,7,116,453,235,216,8,912,0,0,0,912
05/23/2001,MDW,IL,AGL,CE,Combined TRACON& Tower with Radar,463,201,144,1,809,0,28,57,2,87,463,229,201,3,896,0,0,0,896
05/24/2001,MDW,IL,AGL,CE,Combined TRACON& Tower with Radar,440,192,138,2,772,0,28,64,4,96,440,220,202,6,868,0,0,0,868
05/25/2001,MDW,IL,AGL,CE,Combined TRACON& Tower with Radar,476,188,135,1,800,4,20,12,3,39,480,208,147,4,839,0,0,0,839
05/26/2001,MDW,IL,AGL,CE,Combined TRACON& Tower with Radar,292,73,64,0,429,68,0,0,0,68,360,73,64,0,497,0,0,0,497
05/27/2001,MDW,IL,AGL,CE,Combined TRACON& Tower with Radar,261,63,72,0,396,78,0,0,2,80,339,63,72,2,476,0,0,0,476
05/28/2001,MDW,IL,AGL,CE,Combined TRACON& Tower with Radar,312,97,89,1,499,73,0,27,2,102,385,97,116,3,601,0,0,0,601
05/29/2001,MDW,IL,AGL,CE,Combined TRACON& Tower with Radar,413,159,117,1,690,39,0,33,2,74,452,159,150,3,764,0,0,0,764
05/30/2001,MDW,IL,AGL,CE,Combined TRACON& Tower with Radar,464,199,143,1,807,0,41,58,4,103,464,240,201,5,910,0,0,0,910
05/31/2001,MDW,IL,AGL,CE,Combined TRACON& Tower with Radar,492,198,140,1,831,0,8,24,4,36,492,206,164,5,867,0,0,0,867
06/01/2001,MDW,IL,AGL,CE,Combined TRACON& Tower with Radar,457,191,144,0,792,0,32,26,0,58,457,223,170,0,850,0,0,0,850
06/02/2001,MDW,IL,AGL,CE,Combined TRACON& Tower with Radar,265,70,76,1,412,71,0,0,1,72,336,70,76,2,484,0,0,0,484
06/03/2001,MDW,IL,AGL,CE,Combined TRACON& Tower with Radar,345,105,103,2,555,70,0,23,2,95,415,105,126,4,650,0,0,0,650
06/04/2001,MDW,IL,AGL,CE,Combined TRACON& Tower with Radar,429,167,128,0,724,24,0,37,0,61,453,167,165,0,785,4,0,4,789
06/05/2001,MDW,IL,AGL,CE,Combined TRACON& Tower with Radar,490,215,162,0,867,0,12,45,0,57,490,227,207,0,924,0,0,0,924
06/06/2001,MDW,IL,AGL,CE,Combined TRACON& Tower with Radar,406,186,140,1,733,0,19,56,0,75,406,205,196,1,808,0,0,0,808
06/07/2001,MDW,IL,AGL,CE,Combined TRACON& Tower with Radar,468,200,151,3,822,0,30,42,3,75,468,230,193,6,897,0,0,0,897
06/08/2001,MDW,IL,AGL,CE,Combined TRACON& Tower with Radar,454,195,148,2,799,0,40,88,2,130,454,235,236,4,929,4,0,4,933
06/09/2001,MDW,IL,AGL,CE,Combined TRACON& Tower with Radar,296,77,88,2,463,70,0,33,3,106,366,77,121,5,569,0,0,0,569
06/10/2001,MDW,IL,AGL,CE,Combined TRACON& Tower with Radar,377,110,113,2,602,44,0,35,2,81,421,110,148,4,683,0,0,0,683
06/11/2001,MDW,IL,AGL,CE,Combined TRACON& Tower with Radar,433,170,131,0,734,5,0,67,0,72,438,170,198,0,806,0,0,0,806
06/12/2001,MDW,IL,AGL,CE,Combined TRACON& Tower with Radar,445,189,143,0,777,0,38,52,0,90,445,227,195,0,867,0,0,0,867
06/13/2001,MDW,IL,AGL,CE,Combined TRACON& Tower with Radar,446,209,159,1,815,0,49,116,0,165,446,258,275,1,980,0,0,0,980
06/14/2001,MDW,IL,AGL,CE,Combined TRACON& Tower with Radar,468,198,150,1,817,0,30,53,1,84,468,228,203,2,901,0,0,0,901
06/15/2001,MDW,IL,AGL,CE,Combined TRACON& Tower with Radar,463,189,144,1,797,0,12,64,1,77,463,201,208,2,874,0,0,0,874
06/16/2001,MDW,IL,AGL,CE,Combined TRACON& Tower with Radar,299,77,89,1,466,70,0,50,1,121,369,77,139,2,587,0,0,0,587
06/17/2001,MDW,IL,AGL,CE,Combined TRACON& Tower with Radar,354,110,107,1,572,73,0,41,1,115,427,110,148,2,687,0,0,0,687
06/18/2001,MDW,IL,AGL,CE,Combined TRACON& Tower with Radar,459,161,137,0,757,21,0,44,0,65,480,161,181,0,822,0,0,0,822
06/19/2001,MDW,IL,AGL,CE,Combined TRACON& Tower with Radar,456,192,147,0,795,0,12,82,0,94,456,204,229,0,889,0,0,0,889
06/20/2001,MDW,IL,AGL,CE,Combined TRACON& Tower with Radar,461,201,153,1,816,0,34,108,2,144,461,235,261,3,960,0,0,0,960
06/21/2001,MDW,IL,AGL,CE,Combined TRACON& Tower with Radar,425,191,146,1,763,0,18,87,1,106,425,209,233,2,869,0,0,0,869
06/22/2001,MDW,IL,AGL,CE,Combined TRACON& Tower with Radar,445,187,143,1,776,0,11,91,3,105,445,198,234,4,881,0,0,0,881
06/23/2001,MDW,IL,AGL,CE,Combined TRACON& Tower with Radar,322,73,96,1,492,75,0,51,1,127,397,73,147,2,619,0,0,0,619
06/24/2001,MDW,IL,AGL,CE,Combined TRACON& Tower with Radar,354,100,107,1,562,70,0,34,4,108,424,100,141,5,670,0,0,0,670
06/25/2001,MDW,IL,AGL,CE,Combined TRACON& Tower with Radar,426,158,128,1,713,13,0,68,0,81,439,158,196,1,794,10,0,10,804
06/26/2001,MDW,IL,AGL,CE,Combined TRACON& Tower with Radar,467,203,155,1,826,0,34,93,5,132,467,237,248,6,958,4,0,4,962
06/27/2001,MDW,IL,AGL,CE,Combined TRACON& Tower with Radar,465,199,152,1,817,0,25,99,1,125,465,224,251,2,942,0,0,0,942
06/28/2001,MDW,IL,AGL,CE,Combined TRACON& Tower with Radar,461,204,156,1,822,0,21,130,0,151,461,225,286,1,973,0,0,0,973
06/29/2001,MDW,IL,AGL,CE,Combined TRACON& Tower with Radar,453,180,135,1,769,5,23,67,1,96,458,203,202,2,865,0,0,0,865
06/30/2001,MDW,IL,AGL,CE,Combined TRACON& Tower with Radar,295,74,87,1,457,76,0,38,2,116,371,74,125,3,573,0,0,0,573
07/01/2001,MDW,IL,AGL,CE,Combined TRACON& Tower with Radar,284,83,69,2,438,43,0,22,1,66,327,83,91,3,504,0,0,0,504
07/02/2001,MDW,IL,AGL,CE,Combined TRACON& Tower with Radar,434,145,106,1,686,24,0,80,0,104,458,145,186,1,790,0,0,0,790
07/03/2001,MDW,IL,AGL,CE,Combined TRACON& Tower with Radar,426,161,106,0,693,0,18,25,0,43,426,179,131,0,736,0,0,0,736
07/04/2001,MDW,IL,AGL,CE,Combined TRACON& Tower with Radar,331,123,79,0,533,53,1,11,0,65,384,124,90,0,598,0,0,0,598
07/05/2001,MDW,IL,AGL,CE,Combined TRACON& Tower with Radar,387,118,94,1,600,46,0,56,0,102,433,118,150,1,702,0,0,0,702
07/06/2001,MDW,IL,AGL,CE,Combined TRACON& Tower with Radar,447,171,113,2,733,0,37,71,1,109,447,208,184,3,842,0,0,0,842
07/07/2001,MDW,IL,AGL,CE,Combined TRACON& Tower with Radar,326,80,79,1,486,73,0,13,0,86,399,80,92,1,572,0,0,0,572
07/08/2001,MDW,IL,AGL,CE,Combined TRACON& Tower with Radar,395,123,97,1,616,39,0,41,0,80,434,123,138,1,696,0,0,0,696
07/09/2001,MDW,IL,AGL,CE,Combined TRACON& Tower with Radar,454,168,112,0,734,2,5,52,0,59,456,173,164,0,793,0,0,0,793
07/10/2001,MDW,IL,AGL,CE,Combined TRACON& Tower with Radar,471,180,120,0,771,0,17,69,0,86,471,197,189,0,857,2,0,2,859
07/11/2001,MDW,IL,AGL,CE,Combined TRACON& Tower with Radar,471,190,126,2,789,0,29,106,0,135,471,219,232,2,924,0,0,0,924
07/12/2001,MDW,IL,AGL,CE,Combined TRACON& Tower with Radar,462,197,130,3,792,0,45,112,1,158,462,242,242,4,950,0,0,0,950
07/13/2001,MDW,IL,AGL,CE,Combined TRACON& Tower with Radar,470,185,122,2,779,0,19,94,5,118,470,204,216,7,897,0,0,0,897
07/14/2001,MDW,IL,AGL,CE,Combined TRACON& Tower with Radar,321,81,78,1,481,67,0,74,2,143,388,81,152,3,624,0,0,0,624
07/15/2001,MDW,IL,AGL,CE,Combined TRACON& Tower with Radar,379,117,93,1,590,43,0,70,10,123,422,117,163,11,713,12,0,12,725
07/16/2001,MDW,IL,AGL,CE,Combined TRACON& Tower with Radar,470,142,115,0,727,7,0,105,0,112,477,142,220,0,839,0,0,0,839
07/17/2001,MDW,IL,AGL,CE,Combined TRACON& Tower with Radar,454,184,122,2,762,0,28,77,1,106,454,212,199,3,868,0,0,0,868
07/18/2001,MDW,IL,AGL,CE,Combined TRACON& Tower with Radar,474,199,132,2,807,0,20,100,4,124,474,219,232,6,931,0,0,0,931
07/19/2001,MDW,IL,AGL,CE,Combined TRACON& Tower with Radar,482,203,134,2,821,0,12,108,1,121,482,215,242,3,942,6,0,6,948
07/20/2001,MDW,IL,AGL,CE,Combined TRACON& Tower with Radar,472,181,120,1,774,0,37,47,4,88,472,218,167,5,862,0,0,0,862
07/21/2001,MDW,IL,AGL,CE,Combined TRACON& Tower with Radar,306,88,47,0,441,81,0,0,0,81,387,88,47,0,522,0,0,0,522
07/22/2001,MDW,IL,AGL,CE,Combined TRACON& Tower with Radar,392,107,96,0,595,49,0,44,0,93,441,107,140,0,688,0,0,0,688
07/23/2001,MDW,IL,AGL,CE,Combined TRACON& Tower with Radar,458,149,112,0,719,19,0,53,0,72,477,149,165,0,791,0,0,0,791
07/24/2001,MDW,IL,AGL,CE,Combined TRACON& Tower with Radar,477,191,128,2,798,0,22,105,6,133,477,213,233,8,931,4,0,4,935
07/25/2001,MDW,IL,AGL,CE,Combined TRACON& Tower with Radar,460,194,129,2,785,0,49,57,2,108,460,243,186,4,893,0,0,0,893
07/26/2001,MDW,IL,AGL,CE,Combined TRACON& Tower with Radar,475,195,130,2,802,0,29,138,0,167,475,224,268,2,969,0,0,0,969
07/27/2001,MDW,IL,AGL,CE,Combined TRACON& Tower with Radar,468,180,120,1,769,0,19,86,0,105,468,199,206,1,874,0,0,0,874
07/28/2001,MDW,IL,AGL,CE,Combined TRACON& Tower with Radar,297,73,72,0,442,51,0,68,0,119,348,73,140,0,561,0,0,0,561
07/29/2001,MDW,IL,AGL,CE,Combined TRACON& Tower with Radar,403,123,98,1,625,25,0,63,2,90,428,123,161,3,715,10,0,10,725
07/30/2001,MDW,IL,AGL,CE,Combined TRACON& Tower with Radar,475,161,118,1,755,0,0,75,1,76,475,161,193,2,831,0,0,0,831
07/31/2001,MDW,IL,AGL,CE,Combined TRACON& Tower with Radar,470,187,124,2,783,0,33,75,7,115,470,220,199,9,898,0,0,0,898
08/01/2001,MDW,IL,AGL,CE,Combined TRACON& Tower with Radar,484,188,125,0,797,0,14,55,0,69,484,202,180,0,866,0,0,0,866
08/02/2001,MDW,IL,AGL,CE,Combined TRACON& Tower with Radar,462,192,127,0,781,0,25,47,0,72,462,217,174,0,853,0,0,0,853
08/03/2001,MDW,IL,AGL,CE,Combined TRACON& Tower with Radar,479,186,124,3,792,0,21,48,10,79,479,207,172,13,871,0,0,0,871
08/04/2001,MDW,IL,AGL,CE,Combined TRACON& Tower with Radar,321,92,81,2,496,72,0,42,2,116,393,92,123,4,612,6,0,6,618
08/05/2001,MDW,IL,AGL,CE,Combined TRACON& Tower with Radar,370,106,94,2,572,64,0,43,0,107,434,106,137,2,679,0,0,0,679
08/06/2001,MDW,IL,AGL,CE,Combined TRACON& Tower with Radar,472,150,120,1,743,9,0,75,0,84,481,150,195,1,827,0,0,0,827
08/07/2001,MDW,IL,AGL,CE,Combined TRACON& Tower with Radar,475,195,129,3,802,0,26,64,9,99,475,221,193,12,901,0,0,0,901
08/08/2001,MDW,IL,AGL,CE,Combined TRACON& Tower with Radar,474,190,127,3,794,0,7,99,2,108,474,197,226,5,902,2,0,2,904
08/09/2001,MDW,IL,AGL,CE,Combined TRACON& Tower with Radar,458,180,121,0,759,0,0,36,0,36,458,180,157,0,795,0,0,0,795
08/10/2001,MDW,IL,AGL,CE,Combined TRACON& Tower with Radar,508,197,131,2,838,0,4,83,2,89,508,201,214,4,927,0,0,0,927
08/11/2001,MDW,IL,AGL,CE,Combined TRACON& Tower with Radar,344,81,88,1,514,69,0,33,4,106,413,81,121,5,620,0,0,0,620
08/12/2001,MDW,IL,AGL,CE,Combined TRACON& Tower with Radar,376,100,96,1,573,60,0,56,3,119,436,100,152,4,692,0,0,0,692
08/13/2001,MDW,IL,AGL,CE,Combined TRACON& Tower with Radar,475,176,126,2,779,0,0,97,1,98,475,176,223,3,877,0,0,0,877
08/14/2001,MDW,IL,AGL,CE,Combined TRACON& Tower with Radar,497,203,134,1,835,0,21,87,0,108,497,224,221,1,943,0,0,0,943
08/15/2001,MDW,IL,AGL,CE,Combined TRACON& Tower with Radar,500,194,128,1,823,0,6,62,0,68,500,200,190,1,891,0,0,0,891
08/16/2001,MDW,IL,AGL,CE,Combined TRACON& Tower with Radar,517,214,143,2,876,0,15,65,1,81,517,229,208,3,957,0,0,0,957
08/17/2001,MDW,IL,AGL,CE,Combined TRACON& Tower with Radar,485,191,128,2,806,0,12,106,4,122,485,203,234,6,928,0,0,0,928
08/18/2001,MDW,IL,AGL,CE,Combined TRACON& Tower with Radar,335,80,85,1,501,74,0,1,2,77,409,80,86,3,578,0,0,0,578
08/19/2001,MDW,IL,AGL,CE,Combined TRACON& Tower with Radar,0,0,0,0,0,0,0,0,0,0,0,0,0,0,0,0,0,0,0
08/20/2001,MDW,IL,AGL,CE,Combined TRACON& Tower with Radar,494,155,125,2,776,25,0,76,1,102,519,155,201,3,878,0,0,0,878
08/21/2001,MDW,IL,AGL,CE,Combined TRACON& Tower with Radar,496,195,130,2,823,0,27,54,0,81,496,222,184,2,904,4,0,4,908
08/22/2001,MDW,IL,AGL,CE,Combined TRACON& Tower with Radar,464,184,123,2,773,0,25,26,5,56,464,209,149,7,829,0,0,0,829
08/23/2001,MDW,IL,AGL,CE,Combined TRACON& Tower with Radar,485,202,135,2,824,0,38,59,3,100,485,240,194,5,924,0,0,0,924
08/24/2001,MDW,IL,AGL,CE,Combined TRACON& Tower with Radar,491,203,136,2,832,0,43,42,2,87,491,246,178,4,919,28,0,28,947
08/25/2001,MDW,IL,AGL,CE,Combined TRACON& Tower with Radar,313,99,39,1,452,67,0,0,1,68,380,99,39,2,520,0,0,0,520
08/26/2001,MDW,IL,AGL,CE,Combined TRACON& Tower with Radar,374,94,94,1,563,74,0,36,0,110,448,94,130,1,673,0,0,0,673
08/27/2001,MDW,IL,AGL,CE,Combined TRACON& Tower with Radar,465,176,118,0,759,5,3,52,0,60,470,179,170,0,819,0,0,0,819
08/28/2001,MDW,IL,AGL,CE,Combined TRACON& Tower with Radar,495,204,136,2,837,0,28,103,6,137,495,232,239,8,974,0,0,0,974
08/29/2001,MDW,IL,AGL,CE,Combined TRACON& Tower with Radar,481,202,134,2,819,0,42,78,0,120,481,244,212,2,939,0,0,0,939
08/30/2001,MDW,IL,AGL,CE,Combined TRACON& Tower with Radar,484,194,128,2,808,0,20,66,6,92,484,214,194,8,900,0,0,0,900
08/31/2001,MDW,IL,AGL,CE,Combined TRACON& Tower with Radar,482,183,122,0,787,0,22,67,0,89,482,205,189,0,876,0,0,0,876
09/01/2001,MDW,IL,AGL,CE,Combined TRACON& Tower with Radar,307,48,62,1,418,77,0,77,0,154,384,48,139,1,572,0,0,0,572
09/02/2001,MDW,IL,AGL,CE,Combined TRACON& Tower with Radar,290,74,59,0,423,69,0,23,1,93,359,74,82,1,516,0,0,0,516
09/03/2001,MDW,IL,AGL,CE,Combined TRACON& Tower with Radar,367,88,74,0,529,77,0,34,0,111,444,88,108,0,640,0,0,0,640
09/04/2001,MDW,IL,AGL,CE,Combined TRACON& Tower with Radar,481,160,97,1,739,17,0,73,4,94,498,160,170,5,833,0,0,0,833
09/05/2001,MDW,IL,AGL,CE,Combined TRACON& Tower with Radar,489,202,107,1,799,0,11,106,3,120,489,213,213,4,919,0,0,0,919
09/06/2001,MDW,IL,AGL,CE,Combined TRACON& Tower with Radar,499,210,111,1,821,0,15,106,1,122,499,225,217,2,943,0,0,0,943
09/07/2001,MDW,IL,AGL,CE,Combined TRACON& Tower with Radar,471,190,100,2,763,0,8,58,2,68,471,198,158,4,831,0,0,0,831
09/08/2001,MDW,IL,AGL,CE,Combined TRACON& Tower with Radar,355,79,70,2,506,55,0,33,13,101,410,79,103,15,607,0,0,0,607
09/09/2001,MDW,IL,AGL,CE,Combined TRACON& Tower with Radar,394,119,74,0,587,47,0,0,0,47,441,119,74,0,634,0,0,0,634
09/10/2001,MDW,IL,AGL,CE,Combined TRACON& Tower with Radar,462,174,97,1,734,0,0,111,0,111,462,174,208,1,845,0,0,0,845
09/11/2001,MDW,IL,AGL,CE,Combined TRACON& Tower with Radar,97,53,28,1,179,0,41,9,0,50,97,94,37,1,229,0,0,0,229
09/12/2001,MDW,IL,AGL,CE,Combined TRACON& Tower with Radar,0,1,0,0,1,0,1,6,0,7,0,2,6,0,8,0,0,0,8
09/13/2001,MDW,IL,AGL,CE,Combined TRACON& Tower with Radar,9,4,2,0,15,0,6,5,0,11,9,10,7,0,26,0,0,0,26
09/14/2001,MDW,IL,AGL,CE,Combined TRACON& Tower with Radar,234,89,2,0,325,0,48,0,0,48,234,137,2,0,373,0,0,0,373
09/15/2001,MDW,IL,AGL,CE,Combined TRACON& Tower with Radar,282,67,35,1,385,62,0,0,8,70,344,67,35,9,455,0,0,0,455
09/16/2001,MDW,IL,AGL,CE,Combined TRACON& Tower with Radar,352,134,3,2,491,70,1,0,0,71,422,135,3,2,562,0,0,0,562
09/17/2001,MDW,IL,AGL,CE,Combined TRACON& Tower with Radar,396,131,30,0,557,73,0,0,0,73,469,131,30,0,630,0,0,0,630
09/18/2001,MDW,IL,AGL,CE,Combined TRACON& Tower with Radar,437,167,10,0,614,0,86,0,0,86,437,253,10,0,700,0,0,0,700
09/19/2001,MDW,IL,AGL,CE,Combined TRACON& Tower with Radar,412,155,16,0,583,38,29,0,0,67,450,184,16,0,650,0,0,0,650
09/20/2001,MDW,IL,AGL,CE,Combined TRACON& Tower with Radar,433,168,61,2,664,0,41,0,3,44,433,209,61,5,708,0,0,0,708
09/21/2001,MDW,IL,AGL,CE,Combined TRACON& Tower with Radar,451,181,96,2,730,0,29,0,3,32,451,210,96,5,762,0,0,0,762
09/22/2001,MDW,IL,AGL,CE,Combined TRACON& Tower with Radar,296,89,38,0,423,46,0,0,3,49,342,89,38,3,472,0,0,0,472
09/23/2001,MDW,IL,AGL,CE,Combined TRACON& Tower with Radar,390,118,77,1,586,8,0,13,10,31,398,118,90,11,617,0,0,0,617
09/24/2001,MDW,IL,AGL,CE,Combined TRACON& Tower with Radar,444,155,88,0,687,5,0,10,0,15,449,155,98,0,702,0,0,0,702
09/25/2001,MDW,IL,AGL,CE,Combined TRACON& Tower with Radar,437,195,103,1,736,0,37,48,2,87,437,232,151,3,823,0,0,0,823
09/26/2001,MDW,IL,AGL,CE,Combined TRACON& Tower with Radar,458,213,112,1,784,0,43,66,2,111,458,256,178,3,895,0,0,0,895
09/27/2001,MDW,IL,AGL,CE,Combined TRACON& Tower with Radar,443,193,102,0,738,0,26,49,0,75,443,219,151,0,813,0,0,0,813
09/28/2001,MDW,IL,AGL,CE,Combined TRACON& Tower with Radar,472,218,116,1,807,0,37,72,3,112,472,255,188,4,919,0,0,0,919
09/29/2001,MDW,IL,AGL,CE,Combined TRACON& Tower with Radar,334,90,66,0,490,12,0,25,0,37,346,90,91,0,527,0,0,0,527
09/30/2001,MDW,IL,AGL,CE,Combined TRACON& Tower with Radar,376,139,83,0,598,0,0,59,0,59,376,139,142,0,657,0,0,0,657
10/01/2001,MDW,IL,AGL,CE,Combined TRACON& Tower with Radar,414,191,146,0,751,22,0,3,0,25,436,191,149,0,776,0,0,0,776
10/02/2001,MDW,IL,AGL,CE,Combined TRACON& Tower with Radar,428,238,165,2,833,0,8,35,6,49,428,246,200,8,882,0,0,0,882
10/03/2001,MDW,IL,AGL,CE,Combined TRACON& Tower with Radar,430,238,164,2,834,0,22,24,6,52,430,260,188,8,886,0,0,0,886
10/04/2001,MDW,IL,AGL,CE,Combined TRACON& Tower with Radar,439,248,171,3,861,0,33,20,1,54,439,281,191,4,915,0,0,0,915
10/05/2001,MDW,IL,AGL,CE,Combined TRACON& Tower with Radar,412,230,158,2,802,0,17,4,0,21,412,247,162,2,823,0,0,0,823
10/06/2001,MDW,IL,AGL,CE,Combined TRACON& Tower with Radar,299,109,105,0,513,49,0,3,0,52,348,109,108,0,565,0,0,0,565
10/07/2001,MDW,IL,AGL,CE,Combined TRACON& Tower with Radar,340,120,119,2,581,49,0,11,2,62,389,120,130,4,643,0,0,0,643
10/08/2001,MDW,IL,AGL,CE,Combined TRACON& Tower with Radar,416,189,142,1,748,31,0,0,0,31,447,189,142,1,779,0,0,0,779
10/09/2001,MDW,IL,AGL,CE,Combined TRACON& Tower with Radar,430,226,156,2,814,0,0,15,6,21,430,226,171,8,835,0,0,0,835
10/10/2001,MDW,IL,AGL,CE,Combined TRACON& Tower with Radar,431,241,167,2,841,0,18,27,1,46,431,259,194,3,887,0,0,0,887
10/11/2001,MDW,IL,AGL,CE,Combined TRACON& Tower with Radar,447,245,170,2,864,0,22,19,2,43,447,267,189,4,907,0,0,0,907
10/12/2001,MDW,IL,AGL,CE,Combined TRACON& Tower with Radar,421,225,156,1,803,0,10,12,0,22,421,235,168,1,825,0,0,0,825
10/13/2001,MDW,IL,AGL,CE,Combined TRACON& Tower with Radar,267,74,68,1,410,89,0,0,0,89,356,74,68,1,499,0,0,0,499
10/14/2001,MDW,IL,AGL,CE,Combined TRACON& Tower with Radar,343,125,120,2,590,52,0,1,20,73,395,125,121,22,663,0,0,0,663
10/15/2001,MDW,IL,AGL,CE,Combined TRACON& Tower with Radar,407,178,143,0,728,31,0,9,0,40,438,178,152,0,768,0,0,0,768
10/16/2001,MDW,IL,AGL,CE,Combined TRACON& Tower with Radar,438,239,165,0,842,0,17,17,0,34,438,256,182,0,876,0,0,0,876
10/17/2001,MDW,IL,AGL,CE,Combined TRACON& Tower with Radar,455,264,181,3,903,0,22,48,2,72,455,286,229,5,975,0,0,0,975
10/18/2001,MDW,IL,AGL,CE,Combined TRACON& Tower with Radar,452,251,173,2,878,0,14,29,0,43,452,265,202,2,921,0,0,0,921
10/19/2001,MDW,IL,AGL,CE,Combined TRACON& Tower with Radar,442,220,155,1,818,2,0,3,6,11,444,220,158,7,829,0,0,0,829
10/20/2001,MDW,IL,AGL,CE,Combined TRACON& Tower with Radar,299,105,104,1,509,47,0,2,1,50,346,105,106,2,559,0,0,0,559
10/21/2001,MDW,IL,AGL,CE,Combined TRACON& Tower with Radar,375,140,132,1,648,33,0,23,3,59,408,140,155,4,707,0,0,0,707
10/22/2001,MDW,IL,AGL,CE,Combined TRACON& Tower with Radar,400,185,134,1,720,26,0,0,2,28,426,185,134,3,748,0,0,0,748
10/23/2001,MDW,IL,AGL,CE,Combined TRACON& Tower with Radar,424,233,161,1,819,0,27,20,1,48,424,260,181,2,867,0,0,0,867
10/24/2001,MDW,IL,AGL,CE,Combined TRACON& Tower with Radar,443,230,154,0,827,0,22,0,0,22,443,252,154,0,849,0,0,0,849
10/25/2001,MDW,IL,AGL,CE,Combined TRACON& Tower with Radar,436,234,148,0,818,0,45,0,0,45,436,279,148,0,863,0,0,0,863
10/26/2001,MDW,IL,AGL,CE,Combined TRACON& Tower with Radar,438,227,157,1,823,0,21,5,6,32,438,248,162,7,855,0,0,0,855
10/27/2001,MDW,IL,AGL,CE,Combined TRACON& Tower with Radar,267,107,86,0,460,80,0,0,0,80,347,107,86,0,540,0,0,0,540
10/28/2001,MDW,IL,AGL,CE,Combined TRACON& Tower with Radar,329,147,115,1,592,52,0,12,1,65,381,147,127,2,657,0,0,0,657
10/29/2001,MDW,IL,AGL,CE,Combined TRACON& Tower with Radar,415,229,140,0,784,0,93,0,0,93,415,322,140,0,877,0,0,0,877
10/30/2001,MDW,IL,AGL,CE,Combined TRACON& Tower with Radar,405,218,152,1,776,0,34,26,2,62,405,252,178,3,838,0,0,0,838
10/31/2001,MDW,IL,AGL,CE,Combined TRACON& Tower with Radar,428,223,153,1,805,0,37,7,4,48,428,260,160,5,853,0,0,0,853
11/01/2001,MDW,IL,AGL,CE,Combined TRACON& Tower with Radar,429,244,143,2,818,0,31,54,9,94,429,275,197,11,912,0,0,0,912
11/02/2001,MDW,IL,AGL,CE,Combined TRACON& Tower with Radar,437,225,132,2,796,0,4,35,5,44,437,229,167,7,840,0,0,0,840
11/03/2001,MDW,IL,AGL,CE,Combined TRACON& Tower with Radar,275,106,81,2,464,56,0,20,1,77,331,106,101,3,541,0,0,0,541
11/04/2001,MDW,IL,AGL,CE,Combined TRACON& Tower with Radar,341,129,100,2,572,37,0,44,5,86,378,129,144,7,658,0,0,0,658
11/05/2001,MDW,IL,AGL,CE,Combined TRACON& Tower with Radar,416,182,123,0,721,22,0,53,0,75,438,182,176,0,796,0,0,0,796
11/06/2001,MDW,IL,AGL,CE,Combined TRACON& Tower with Radar,422,223,131,2,778,0,32,27,5,64,422,255,158,7,842,0,0,0,842
11/07/2001,MDW,IL,AGL,CE,Combined TRACON& Tower with Radar,402,221,129,2,754,0,47,33,2,82,402,268,162,4,836,0,0,0,836
11/08/2001,MDW,IL,AGL,CE,Combined TRACON& Tower with Radar,427,246,144,2,819,0,25,55,5,85,427,271,199,7,904,0,0,0,904
11/09/2001,MDW,IL,AGL,CE,Combined TRACON& Tower with Radar,429,220,129,0,778,0,27,22,0,49,429,247,151,0,827,0,0,0,827
11/10/2001,MDW,IL,AGL,CE,Combined TRACON& Tower with Radar,282,116,83,0,481,38,0,29,0,67,320,116,112,0,548,0,0,0,548
11/11/2001,MDW,IL,AGL,CE,Combined TRACON& Tower with Radar,339,161,100,2,602,33,0,35,0,68,372,161,135,2,670,0,0,0,670
11/12/2001,MDW,IL,AGL,CE,Combined TRACON& Tower with Radar,407,178,120,0,705,29,0,50,0,79,436,178,170,0,784,0,0,0,784
11/13/2001,MDW,IL,AGL,CE,Combined TRACON& Tower with Radar,447,215,137,2,801,0,0,76,1,77,447,215,213,3,878,0,0,0,878
11/14/2001,MDW,IL,AGL,CE,Combined TRACON& Tower with Radar,410,240,141,2,793,0,46,43,0,89,410,286,184,2,882,0,0,0,882
11/15/2001,MDW,IL,AGL,CE,Combined TRACON& Tower with Radar,422,240,141,2,805,0,17,67,4,88,422,257,208,6,893,0,0,0,893
11/16/2001,MDW,IL,AGL,CE,Combined TRACON& Tower with Radar,424,228,135,2,789,0,25,42,7,74,424,253,177,9,863,0,0,0,863
11/17/2001,MDW,IL,AGL,CE,Combined TRACON& Tower with Radar,275,107,81,0,463,6,0,45,0,51,281,107,126,0,514,0,0,0,514
11/18/2001,MDW,IL,AGL,CE,Combined TRACON& Tower with Radar,323,141,95,1,560,32,0,1,7,40,355,141,96,8,600,0,0,0,600
11/19/2001,MDW,IL,AGL,CE,Combined TRACON& Tower with Radar,394,195,115,0,704,13,0,18,0,31,407,195,133,0,735,0,0,0,735
11/20/2001,MDW,IL,AGL,CE,Combined TRACON& Tower with Radar,436,229,135,1,801,0,14,51,7,72,436,243,186,8,873,0,0,0,873
11/21/2001,MDW,IL,AGL,CE,Combined TRACON& Tower with Radar,433,222,131,1,787,0,11,61,3,75,433,233,192,4,862,0,0,0,862
11/22/2001,MDW,IL,AGL,CE,Combined TRACON& Tower with Radar,250,116,45,0,411,61,0,0,0,61,311,116,45,0,472,0,0,0,472
11/23/2001,MDW,IL,AGL,CE,Combined TRACON& Tower with Radar,241,99,58,0,398,59,0,0,0,59,300,99,58,0,457,0,0,0,457
11/24/2001,MDW,IL,AGL,CE,Combined TRACON& Tower with Radar,290,123,52,0,465,62,0,0,0,62,352,123,52,0,527,0,0,0,527
11/25/2001,MDW,IL,AGL,CE,Combined TRACON& Tower with Radar,364,143,107,0,614,36,0,12,0,48,400,143,119,0,662,0,0,0,662
11/26/2001,MDW,IL,AGL,CE,Combined TRACON& Tower with Radar,425,198,125,1,749,3,0,22,3,28,428,198,147,4,777,0,0,0,777
11/27/2001,MDW,IL,AGL,CE,Combined TRACON& Tower with Radar,420,223,132,1,776,0,19,26,8,53,420,242,158,9,829,0,0,0,829
11/28/2001,MDW,IL,AGL,CE,Combined TRACON& Tower with Radar,447,233,137,1,818,0,1,41,3,45,447,234,178,4,863,0,0,0,863
11/29/2001,MDW,IL,AGL,CE,Combined TRACON& Tower with Radar,249,130,92,0,471,0,0,0,0,0,249,130,92,0,471,0,0,0,471
11/30/2001,MDW,IL,AGL,CE,Combined TRACON& Tower with Radar,215,132,60,0,407,0,0,0,0,0,215,132,60,0,407,0,0,0,407
12/01/2001,MDW,IL,AGL,CE,Combined TRACON& Tower with Radar,283,120,75,0,478,38,0,3,15,56,321,120,78,15,534,0,0,0,534
12/02/2001,MDW,IL,AGL,CE,Combined TRACON& Tower with Radar,334,130,86,1,551,51,0,24,2,77,385,130,110,3,628,0,0,0,628
12/03/2001,MDW,IL,AGL,CE,Combined TRACON& Tower with Radar,428,175,130,2,735,0,0,157,0,157,428,175,287,2,892,0,0,0,892
12/04/2001,MDW,IL,AGL,CE,Combined TRACON& Tower with Radar,436,228,126,2,792,0,32,59,4,95,436,260,185,6,887,0,0,0,887
12/05/2001,MDW,IL,AGL,CE,Combined TRACON& Tower with Radar,440,238,132,2,812,0,40,63,1,104,440,278,195,3,916,0,0,0,916
12/06/2001,MDW,IL,AGL,CE,Combined TRACON& Tower with Radar,407,231,128,2,768,0,52,84,3,139,407,283,212,5,907,0,0,0,907
12/07/2001,MDW,IL,AGL,CE,Combined TRACON& Tower with Radar,433,211,117,2,763,0,26,22,4,52,433,237,139,6,815,0,0,0,815
12/08/2001,MDW,IL,AGL,CE,Combined TRACON& Tower with Radar,269,105,70,1,445,37,0,1,0,38,306,105,71,1,483,0,0,0,483
12/09/2001,MDW,IL,AGL,CE,Combined TRACON& Tower with Radar,337,124,87,1,549,27,0,52,4,83,364,124,139,5,632,0,0,0,632
12/10/2001,MDW,IL,AGL,CE,Combined TRACON& Tower with Radar,417,176,107,0,700,6,0,58,0,64,423,176,165,0,764,0,0,0,764
12/11/2001,MDW,IL,AGL,CE,Combined TRACON& Tower with Radar,436,218,121,2,777,0,15,61,5,81,436,233,182,7,858,0,0,0,858
12/12/2001,MDW,IL,AGL,CE,Combined TRACON& Tower with Radar,248,177,103,0,528,0,0,0,0,0,248,177,103,0,528,0,0,0,528
12/13/2001,MDW,IL,AGL,CE,Combined TRACON& Tower with Radar,296,154,120,2,572,0,0,0,5,5,296,154,120,7,577,0,0,0,577
12/14/2001,MDW,IL,AGL,CE,Combined TRACON& Tower with Radar,468,238,132,2,840,0,19,25,0,44,468,257,157,2,884,0,0,0,884
12/15/2001,MDW,IL,AGL,CE,Combined TRACON& Tower with Radar,323,116,81,0,520,40,0,0,0,40,363,116,81,0,560,0,0,0,560
12/16/2001,MDW,IL,AGL,CE,Combined TRACON& Tower with Radar,341,137,80,1,559,33,0,0,0,33,374,137,80,1,592,0,0,0,592
12/17/2001,MDW,IL,AGL,CE,Combined TRACON& Tower with Radar,476,201,127,0,804,0,0,57,0,57,476,201,184,0,861,0,0,0,861
12/18/2001,MDW,IL,AGL,CE,Combined TRACON& Tower with Radar,416,220,122,2,760,0,36,74,10,120,416,256,196,12,880,2,0,2,882
12/19/2001,MDW,IL,AGL,CE,Combined TRACON& Tower with Radar,432,225,125,1,783,0,44,28,7,79,432,269,153,8,862,0,0,0,862
12/20/2001,MDW,IL,AGL,CE,Combined TRACON& Tower with Radar,459,219,122,1,801,0,4,57,3,64,459,223,179,4,865,0,0,0,865
12/21/2001,MDW,IL,AGL,CE,Combined TRACON& Tower with Radar,457,221,123,1,802,0,7,50,3,60,457,228,173,4,862,2,0,2,864
12/22/2001,MDW,IL,AGL,CE,Combined TRACON& Tower with Radar,311,116,67,0,494,63,0,0,0,63,374,116,67,0,557,0,0,0,557
12/23/2001,MDW,IL,AGL,CE,Combined TRACON& Tower with Radar,279,118,34,0,431,51,0,0,1,52,330,118,34,1,483,0,0,0,483
12/24/2001,MDW,IL,AGL,CE,Combined TRACON& Tower with Radar,257,109,66,0,432,17,0,13,0,30,274,109,79,0,462,0,0,0,462
12/25/2001,MDW,IL,AGL,CE,Combined TRACON& Tower with Radar,247,114,24,0,385,45,0,0,0,45,292,114,24,0,430,0,0,0,430
12/26/2001,MDW,IL,AGL,CE,Combined TRACON& Tower with Radar,366,142,76,1,585,59,0,0,1,60,425,142,76,2,645,0,0,0,645
12/27/2001,MDW,IL,AGL,CE,Combined TRACON& Tower with Radar,420,194,78,1,693,5,33,0,1,39,425,227,78,2,732,0,0,0,732
12/28/2001,MDW,IL,AGL,CE,Combined TRACON& Tower with Radar,423,195,74,1,693,29,33,0,2,64,452,228,74,3,757,0,0,0,757
12/29/2001,MDW,IL,AGL,CE,Combined TRACON& Tower with Radar,297,113,77,0,487,41,0,9,3,53,338,113,86,3,540,0,0,0,540
12/30/2001,MDW,IL,AGL,CE,Combined TRACON& Tower with Radar,287,111,57,0,455,60,0,0,0,60,347,111,57,0,515,0,0,0,515
12/31/2001,MDW,IL,AGL,CE,Combined TRACON& Tower with Radar,264,122,30,0,416,54,1,0,0,55,318,123,30,0,471,2,0,2,473
01/01/2002,MDW,IL,AGL,CE,Combined TRACON& Tower with Radar,274,123,65,0,462,27,0,0,0,27,301,123,65,0,489,0,0,0,489
01/02/2002,MDW,IL,AGL,CE,Combined TRACON& Tower with Radar,373,151,83,0,607,61,0,0,2,63,434,151,83,2,670,0,0,0,670
01/03/2002,MDW,IL,AGL,CE,Combined TRACON& Tower with Radar,444,207,99,0,750,16,21,0,9,46,460,228,99,9,796,0,0,0,796
01/04/2002,MDW,IL,AGL,CE,Combined TRACON& Tower with Radar,436,203,93,0,732,9,21,0,2,32,445,224,93,2,764,0,0,0,764
01/05/2002,MDW,IL,AGL,CE,Combined TRACON& Tower with Radar,309,124,67,0,500,39,0,0,0,39,348,124,67,0,539,2,0,2,541
01/06/2002,MDW,IL,AGL,CE,Combined TRACON& Tower with Radar,360,136,85,1,582,46,0,6,3,55,406,136,91,4,637,0,0,0,637
01/07/2002,MDW,IL,AGL,CE,Combined TRACON& Tower with Radar,417,160,99,0,676,24,0,44,0,68,441,160,143,0,744,0,0,0,744
01/08/2002,MDW,IL,AGL,CE,Combined TRACON& Tower with Radar,434,208,106,1,749,0,33,6,9,48,434,241,112,10,797,0,0,0,797
01/09/2002,MDW,IL,AGL,CE,Combined TRACON& Tower with Radar,433,205,104,1,743,0,19,25,1,45,433,224,129,2,788,0,0,0,788
01/10/2002,MDW,IL,AGL,CE,Combined TRACON& Tower with Radar,441,225,114,2,782,0,32,63,4,99,441,257,177,6,881,0,0,0,881
01/11/2002,MDW,IL,AGL,CE,Combined TRACON& Tower with Radar,442,212,108,2,764,0,27,14,5,46,442,239,122,7,810,0,0,0,810
01/12/2002,MDW,IL,AGL,CE,Combined TRACON& Tower with Radar,308,118,73,1,500,41,0,11,8,60,349,118,84,9,560,19,0,19,579
01/13/2002,MDW,IL,AGL,CE,Combined TRACON& Tower with Radar,350,149,84,1,584,35,0,14,8,57,385,149,98,9,641,0,0,0,641
01/14/2002,MDW,IL,AGL,CE,Combined TRACON& Tower with Radar,459,203,109,0,771,0,0,32,0,32,459,203,141,0,803,0,0,0,803
01/15/2002,MDW,IL,AGL,CE,Combined TRACON& Tower with Radar,422,223,114,2,761,0,33,51,4,88,422,256,165,6,849,0,0,0,849
01/16/2002,MDW,IL,AGL,CE,Combined TRACON& Tower with Radar,426,227,116,0,769,0,43,28,0,71,426,270,144,0,840,0,0,0,840
01/17/2002,MDW,IL,AGL,CE,Combined TRACON& Tower with Radar,449,237,121,2,809,0,21,74,6,101,449,258,195,8,910,0,0,0,910
01/18/2002,MDW,IL,AGL,CE,Combined TRACON& Tower with Radar,457,226,115,2,800,0,10,56,0,66,457,236,171,2,866,0,0,0,866
01/19/2002,MDW,IL,AGL,CE,Combined TRACON& Tower with Radar,330,132,78,1,541,34,0,18,0,52,364,132,96,1,593,0,0,0,593
01/20/2002,MDW,IL,AGL,CE,Combined TRACON& Tower with Radar,342,133,80,1,556,58,0,0,0,58,400,133,80,1,614,0,0,0,614
01/21/2002,MDW,IL,AGL,CE,Combined TRACON& Tower with Radar,381,134,99,0,614,0,0,18,0,18,381,134,117,0,632,0,0,0,632
01/22/2002,MDW,IL,AGL,CE,Combined TRACON& Tower with Radar,425,181,101,0,707,14,0,48,4,66,439,181,149,4,773,0,0,0,773
01/23/2002,MDW,IL,AGL,CE,Combined TRACON& Tower with Radar,435,238,122,1,796,0,12,70,1,83,435,250,192,2,879,0,0,0,879
01/24/2002,MDW,IL,AGL,CE,Combined TRACON& Tower with Radar,453,230,117,1,801,0,27,70,3,100,453,257,187,4,901,0,0,0,901
01/25/2002,MDW,IL,AGL,CE,Combined TRACON& Tower with Radar,436,220,112,1,769,0,16,72,8,96,436,236,184,9,865,0,0,0,865
01/26/2002,MDW,IL,AGL,CE,Combined TRACON& Tower with Radar,283,99,67,0,449,71,0,0,0,71,354,99,67,0,520,0,0,0,520
01/27/2002,MDW,IL,AGL,CE,Combined TRACON& Tower with Radar,352,135,83,0,570,48,0,21,0,69,400,135,104,0,639,0,0,0,639
01/28/2002,MDW,IL,AGL,CE,Combined TRACON& Tower with Radar,416,182,99,0,697,14,0,21,0,35,430,182,120,0,732,2,0,2,734
01/29/2002,MDW,IL,AGL,CE,Combined TRACON& Tower with Radar,437,223,113,0,773,0,23,25,0,48,437,246,138,0,821,0,0,0,821
01/30/2002,MDW,IL,AGL,CE,Combined TRACON& Tower with Radar,423,214,109,0,746,0,4,36,0,40,423,218,145,0,786,0,0,0,786
01/31/2002,MDW,IL,AGL,CE,Combined TRACON& Tower with Radar,401,196,101,0,698,0,0,26,0,26,401,196,127,0,724,0,0,0,724
02/01/2002,MDW,IL,AGL,CE,Combined TRACON& Tower with Radar,425,187,114,0,726,0,0,20,0,20,425,187,134,0,746,0,0,0,746
02/02/2002,MDW,IL,AGL,CE,Combined TRACON& Tower with Radar,293,107,66,0,466,62,0,0,10,72,355,107,66,10,538,20,0,20,558
02/03/2002,MDW,IL,AGL,CE,Combined TRACON& Tower with Radar,332,119,80,0,531,67,0,0,5,72,399,119,80,5,603,2,0,2,605
02/04/2002,MDW,IL,AGL,CE,Combined TRACON& Tower with Radar,423,187,105,0,715,0,0,23,0,23,423,187,128,0,738,0,0,0,738
02/05/2002,MDW,IL,AGL,CE,Combined TRACON& Tower with Radar,438,207,115,1,761,0,18,48,1,67,438,225,163,2,828,0,0,0,828
02/06/2002,MDW,IL,AGL,CE,Combined TRACON& Tower with Radar,424,208,116,1,749,0,23,62,1,86,424,231,178,2,835,0,0,0,835
02/07/2002,MDW,IL,AGL,CE,Combined TRACON& Tower with Radar,439,217,120,1,777,0,28,36,0,64,439,245,156,1,841,0,0,0,841
02/08/2002,MDW,IL,AGL,CE,Combined TRACON& Tower with Radar,449,209,115,0,773,0,5,50,0,55,449,214,165,0,828,0,0,0,828
02/09/2002,MDW,IL,AGL,CE,Combined TRACON& Tower with Radar,288,107,71,0,466,49,0,11,0,60,337,107,82,0,526,0,2,2,528
02/10/2002,MDW,IL,AGL,CE,Combined TRACON& Tower with Radar,352,130,65,1,548,51,0,0,0,51,403,130,65,1,599,0,0,0,599
02/11/2002,MDW,IL,AGL,CE,Combined TRACON& Tower with Radar,424,171,104,0,699,22,0,25,0,47,446,171,129,0,746,0,0,0,746
02/12/2002,MDW,IL,AGL,CE,Combined TRACON& Tower with Radar,446,217,120,2,785,0,18,18,1,37,446,235,138,3,822,0,0,0,822
02/13/2002,MDW,IL,AGL,CE,Combined TRACON& Tower with Radar,477,230,127,2,836,0,25,45,2,72,477,255,172,4,908,0,0,0,908
02/14/2002,MDW,IL,AGL,CE,Combined TRACON& Tower with Radar,457,212,118,2,789,0,14,37,2,53,457,226,155,4,842,0,0,0,842
02/15/2002,MDW,IL,AGL,CE,Combined TRACON& Tower with Radar,454,205,113,1,773,0,17,15,0,32,454,222,128,1,805,18,0,18,823
02/16/2002,MDW,IL,AGL,CE,Combined TRACON& Tower with Radar,306,110,75,0,491,37,0,11,0,48,343,110,86,0,539,0,0,0,539
02/17/2002,MDW,IL,AGL,CE,Combined TRACON& Tower with Radar,361,121,89,1,572,58,0,47,0,105,419,121,136,1,677,8,0,8,685
02/18/2002,MDW,IL,AGL,CE,Combined TRACON& Tower with Radar,411,145,101,0,657,29,0,45,0,74,440,145,146,0,731,0,0,0,731
02/19/2002,MDW,IL,AGL,CE,Combined TRACON& Tower with Radar,447,181,110,1,739,0,0,31,6,37,447,181,141,7,776,0,0,0,776
02/20/2002,MDW,IL,AGL,CE,Combined TRACON& Tower with Radar,294,152,78,0,524,0,0,0,0,0,294,152,78,0,524,0,0,0,524
02/21/2002,MDW,IL,AGL,CE,Combined TRACON& Tower with Radar,454,224,124,1,803,0,34,29,9,72,454,258,153,10,875,4,2,6,881
02/22/2002,MDW,IL,AGL,CE,Combined TRACON& Tower with Radar,466,210,116,1,793,0,13,33,1,47,466,223,149,2,840,0,0,0,840
02/23/2002,MDW,IL,AGL,CE,Combined TRACON& Tower with Radar,307,109,66,0,482,63,0,0,6,69,370,109,66,6,551,0,0,0,551
02/24/2002,MDW,IL,AGL,CE,Combined TRACON& Tower with Radar,377,154,93,0,624,24,0,22,2,48,401,154,115,2,672,0,0,0,672
02/25/2002,MDW,IL,AGL,CE,Combined TRACON& Tower with Radar,453,189,112,0,754,6,0,17,1,24,459,189,129,1,778,0,0,0,778
02/26/2002,MDW,IL,AGL,CE,Combined TRACON& Tower with Radar,435,217,120,1,773,0,25,30,2,57,435,242,150,3,830,0,0,0,830
02/27/2002,MDW,IL,AGL,CE,Combined TRACON& Tower with Radar,452,211,116,1,780,0,22,27,9,58,452,233,143,10,838,0,0,0,838
02/28/2002,MDW,IL,AGL,CE,Combined TRACON& Tower with Radar,464,227,124,1,816,0,12,75,5,92,464,239,199,6,908,0,0,0,908
03/01/2002,MDW,IL,AGL,CE,Combined TRACON& Tower with Radar,453,199,112,0,764,0,23,16,0,39,453,222,128,0,803,0,0,0,803
03/02/2002,MDW,IL,AGL,CE,Combined TRACON& Tower with Radar,288,90,46,0,424,58,0,0,0,58,346,90,46,0,482,0,0,0,482
03/03/2002,MDW,IL,AGL,CE,Combined TRACON& Tower with Radar,364,132,87,2,585,25,0,5,2,32,389,132,92,4,617,0,0,0,617
03/04/2002,MDW,IL,AGL,CE,Combined TRACON& Tower with Radar,444,178,106,0,728,14,0,12,0,26,458,178,118,0,754,0,0,0,754
03/05/2002,MDW,IL,AGL,CE,Combined TRACON& Tower with Radar,447,215,119,2,783,0,23,64,11,98,447,238,183,13,881,0,0,0,881
03/06/2002,MDW,IL,AGL,CE,Combined TRACON& Tower with Radar,446,216,120,2,784,0,31,54,3,88,446,247,174,5,872,0,0,0,872
03/07/2002,MDW,IL,AGL,CE,Combined TRACON& Tower with Radar,462,221,123,2,808,0,13,55,1,69,462,234,178,3,877,2,0,2,879
03/08/2002,MDW,IL,AGL,CE,Combined TRACON& Tower with Radar,448,204,113,2,767,0,11,29,5,45,448,215,142,7,812,0,0,0,812
03/09/2002,MDW,IL,AGL,CE,Combined TRACON& Tower with Radar,295,101,38,0,434,60,0,0,0,60,355,101,38,0,494,0,0,0,494
03/10/2002,MDW,IL,AGL,CE,Combined TRACON& Tower with Radar,370,145,88,2,605,39,0,14,8,61,409,145,102,10,666,0,0,0,666
03/11/2002,MDW,IL,AGL,CE,Combined TRACON& Tower with Radar,454,192,109,0,755,5,0,30,0,35,459,192,139,0,790,0,0,0,790
03/12/2002,MDW,IL,AGL,CE,Combined TRACON& Tower with Radar,452,208,115,2,777,0,15,57,2,74,452,223,172,4,851,0,0,0,851
03/13/2002,MDW,IL,AGL,CE,Combined TRACON& Tower with Radar,479,217,121,1,818,0,1,64,3,68,479,218,185,4,886,0,0,0,886
03/14/2002,MDW,IL,AGL,CE,Combined TRACON& Tower with Radar,456,219,121,1,797,0,28,67,5,100,456,247,188,6,897,0,0,0,897
03/15/2002,MDW,IL,AGL,CE,Combined TRACON& Tower with Radar,462,203,112,0,777,0,8,19,0,27,462,211,131,0,804,0,0,0,804
03/16/2002,MDW,IL,AGL,CE,Combined TRACON& Tower with Radar,335,113,80,0,528,54,0,22,0,76,389,113,102,0,604,0,0,0,604
03/17/2002,MDW,IL,AGL,CE,Combined TRACON& Tower with Radar,384,159,92,0,635,32,0,6,0,38,416,159,98,0,673,0,0,0,673
03/18/2002,MDW,IL,AGL,CE,Combined TRACON& Tower with Radar,463,184,110,1,758,3,0,36,0,39,466,184,146,1,797,2,0,2,799
03/19/2002,MDW,IL,AGL,CE,Combined TRACON& Tower with Radar,466,223,125,1,815,0,17,69,2,88,466,240,194,3,903,0,0,0,903
03/20/2002,MDW,IL,AGL,CE,Combined TRACON& Tower with Radar,462,214,119,1,796,0,24,38,6,68,462,238,157,7,864,0,0,0,864
03/21/2002,MDW,IL,AGL,CE,Combined TRACON& Tower with Radar,467,222,124,2,815,0,36,47,9,92,467,258,171,11,907,6,0,6,913
03/22/2002,MDW,IL,AGL,CE,Combined TRACON& Tower with Radar,455,207,116,1,779,0,19,31,4,54,455,226,147,5,833,0,0,0,833
03/23/2002,MDW,IL,AGL,CE,Combined TRACON& Tower with Radar,346,125,83,0,554,50,0,35,2,87,396,125,118,2,641,0,0,0,641
03/24/2002,MDW,IL,AGL,CE,Combined TRACON& Tower with Radar,365,138,68,1,572,51,0,0,3,54,416,138,68,4,626,0,0,0,626
03/25/2002,MDW,IL,AGL,CE,Combined TRACON& Tower with Radar,425,147,101,1,674,24,0,21,0,45,449,147,122,1,719,0,0,0,719
03/26/2002,MDW,IL,AGL,CE,Combined TRACON& Tower with Radar,487,218,121,1,827,0,7,31,4,42,487,225,152,5,869,0,0,0,869
03/27/2002,MDW,IL,AGL,CE,Combined TRACON& Tower with Radar,468,211,118,1,798,0,28,30,7,65,468,239,148,8,863,0,0,0,863
03/28/2002,MDW,IL,AGL,CE,Combined TRACON& Tower with Radar,464,210,117,1,792,0,39,28,5,72,464,249,145,6,864,0,0,0,864
03/29/2002,MDW,IL,AGL,CE,Combined TRACON& Tower with Radar,319,106,76,0,501,66,0,2,0,68,385,106,78,0,569,0,0,0,569
03/30/2002,MDW,IL,AGL,CE,Combined TRACON& Tower with Radar,365,132,87,1,585,24,0,5,3,32,389,132,92,4,617,0,0,0,617
03/31/2002,MDW,IL,AGL,CE,Combined TRACON& Tower with Radar,378,143,72,1,594,51,0,0,0,51,429,143,72,1,645,0,0,0,645
04/01/2002,MDW,IL,AGL,CE,Combined TRACON& Tower with Radar,437,179,127,0,743,35,0,2,0,37,472,179,129,0,780,0,0,0,780
04/02/2002,MDW,IL,AGL,CE,Combined TRACON& Tower with Radar,461,210,112,1,784,19,7,0,7,33,480,217,112,8,817,0,0,0,817
04/03/2002,MDW,IL,AGL,CE,Combined TRACON& Tower with Radar,481,230,146,1,858,0,15,39,6,60,481,245,185,7,918,0,0,0,918
04/04/2002,MDW,IL,AGL,CE,Combined TRACON& Tower with Radar,460,226,144,1,831,0,15,60,7,82,460,241,204,8,913,18,0,18,931
04/05/2002,MDW,IL,AGL,CE,Combined TRACON& Tower with Radar,494,237,151,1,883,0,1,81,8,90,494,238,232,9,973,0,0,0,973
04/06/2002,MDW,IL,AGL,CE,Combined TRACON& Tower with Radar,327,124,94,1,546,51,0,36,4,91,378,124,130,5,637,12,0,12,649
04/07/2002,MDW,IL,AGL,CE,Combined TRACON& Tower with Radar,397,146,115,1,659,28,0,27,3,58,425,146,142,4,717,0,0,0,717
04/08/2002,MDW,IL,AGL,CE,Combined TRACON& Tower with Radar,489,203,140,0,832,0,0,23,0,23,489,203,163,0,855,0,0,0,855
04/09/2002,MDW,IL,AGL,CE,Combined TRACON& Tower with Radar,467,205,135,2,809,0,0,29,6,35,467,205,164,8,844,0,0,0,844
04/10/2002,MDW,IL,AGL,CE,Combined TRACON& Tower with Radar,458,232,146,2,838,0,3,91,1,95,458,235,237,3,933,4,0,4,937
04/11/2002,MDW,IL,AGL,CE,Combined TRACON& Tower with Radar,484,238,151,2,875,0,8,112,4,124,484,246,263,6,999,0,0,0,999
04/12/2002,MDW,IL,AGL,CE,Combined TRACON& Tower with Radar,481,223,141,2,847,0,2,28,3,33,481,225,169,5,880,0,0,0,880
04/13/2002,MDW,IL,AGL,CE,Combined TRACON& Tower with Radar,343,128,99,1,571,45,0,34,1,80,388,128,133,2,651,0,0,0,651
04/14/2002,MDW,IL,AGL,CE,Combined TRACON& Tower with Radar,371,143,107,1,622,55,0,12,1,68,426,143,119,2,690,0,0,0,690
04/15/2002,MDW,IL,AGL,CE,Combined TRACON& Tower with Radar,452,180,130,0,762,32,0,47,0,79,484,180,177,0,841,0,0,0,841
04/16/2002,MDW,IL,AGL,CE,Combined TRACON& Tower with Radar,479,227,144,2,852,0,18,49,1,68,479,245,193,3,920,0,0,0,920
04/17/2002,MDW,IL,AGL,CE,Combined TRACON& Tower with Radar,462,209,131,2,804,12,31,0,3,46,474,240,131,5,850,0,0,0,850
04/18/2002,MDW,IL,AGL,CE,Combined TRACON& Tower with Radar,483,234,149,1,867,0,31,51,6,88,483,265,200,7,955,0,0,0,955
04/19/2002,MDW,IL,AGL,CE,Combined TRACON& Tower with Radar,469,205,135,1,810,11,0,33,4,48,480,205,168,5,858,0,0,0,858
04/20/2002,MDW,IL,AGL,CE,Combined TRACON& Tower with Radar,345,123,99,0,567,56,0,27,16,99,401,123,126,16,666,0,0,0,666
04/21/2002,MDW,IL,AGL,CE,Combined TRACON& Tower with Radar,388,150,87,0,625,47,0,0,5,52,435,150,87,5,677,0,2,2,679
04/22/2002,MDW,IL,AGL,CE,Combined TRACON& Tower with Radar,444,187,127,0,758,35,0,0,0,35,479,187,127,0,793,0,0,0,793
04/23/2002,MDW,IL,AGL,CE,Combined TRACON& Tower with Radar,472,228,145,1,846,0,9,61,3,73,472,237,206,4,919,0,0,0,919
04/24/2002,MDW,IL,AGL,CE,Combined TRACON& Tower with Radar,471,224,142,1,838,0,21,51,1,73,471,245,193,2,911,0,0,0,911
04/25/2002,MDW,IL,AGL,CE,Combined TRACON& Tower with Radar,467,239,151,1,858,0,24,72,1,97,467,263,223,2,955,2,0,2,957
04/26/2002,MDW,IL,AGL,CE,Combined TRACON& Tower with Radar,460,264,167,0,891,0,166,6,0,172,460,430,173,0,1063,0,0,0,1063
04/27/2002,MDW,IL,AGL,CE,Combined TRACON& Tower with Radar,338,126,90,0,554,48,0,0,3,51,386,126,90,3,605,0,0,0,605
04/28/2002,MDW,IL,AGL,CE,Combined TRACON& Tower with Radar,399,144,115,0,658,29,0,13,2,44,428,144,128,2,702,0,0,0,702
04/29/2002,MDW,IL,AGL,CE,Combined TRACON& Tower with Radar,461,181,132,1,775,10,0,54,3,67,471,181,186,4,842,0,0,0,842
04/30/2002,MDW,IL,AGL,CE,Combined TRACON& Tower with Radar,467,223,140,1,831,0,11,60,3,74,467,234,200,4,905,0,0,0,905
05/01/2002,MDW,IL,AGL,CE,Combined TRACON& Tower with Radar,473,217,138,1,829,0,17,37,5,59,473,234,175,6,888,0,0,0,888
05/02/2002,MDW,IL,AGL,CE,Combined TRACON& Tower with Radar,466,222,142,1,831,0,11,47,0,58,466,233,189,1,889,0,0,0,889
05/03/2002,MDW,IL,AGL,CE,Combined TRACON& Tower with Radar,484,217,138,1,840,0,17,45,1,63,484,234,183,2,903,0,0,0,903
05/04/2002,MDW,IL,AGL,CE,Combined TRACON& Tower with Radar,331,126,95,0,552,59,0,5,11,75,390,126,100,11,627,0,0,0,627
05/05/2002,MDW,IL,AGL,CE,Combined TRACON& Tower with Radar,397,154,114,0,665,31,0,42,2,75,428,154,156,2,740,0,0,0,740
05/06/2002,MDW,IL,AGL,CE,Combined TRACON& Tower with Radar,519,207,152,1,879,0,0,74,0,74,519,207,226,1,953,0,0,0,953
05/07/2002,MDW,IL,AGL,CE,Combined TRACON& Tower with Radar,467,244,155,0,866,0,1,105,0,106,467,245,260,0,972,0,0,0,972
05/08/2002,MDW,IL,AGL,CE,Combined TRACON& Tower with Radar,482,236,150,0,868,0,28,25,0,53,482,264,175,0,921,0,0,0,921
05/09/2002,MDW,IL,AGL,CE,Combined TRACON& Tower with Radar,498,242,154,2,896,0,18,47,1,66,498,260,201,3,962,0,0,0,962
05/10/2002,MDW,IL,AGL,CE,Combined TRACON& Tower with Radar,496,234,149,0,879,0,17,66,0,83,496,251,215,0,962,0,0,0,962
05/11/2002,MDW,IL,AGL,CE,Combined TRACON& Tower with Radar,359,128,76,0,563,62,0,0,0,62,421,128,76,0,625,0,0,0,625
05/12/2002,MDW,IL,AGL,CE,Combined TRACON& Tower with Radar,434,154,116,1,705,46,0,0,0,46,480,154,116,1,751,0,0,0,751
05/13/2002,MDW,IL,AGL,CE,Combined TRACON& Tower with Radar,422,179,119,1,721,0,0,51,0,51,422,179,170,1,772,0,0,0,772
05/14/2002,MDW,IL,AGL,CE,Combined TRACON& Tower with Radar,493,226,144,1,864,0,18,60,0,78,493,244,204,1,942,0,0,0,942
05/15/2002,MDW,IL,AGL,CE,Combined TRACON& Tower with Radar,472,230,147,0,849,0,24,70,0,94,472,254,217,0,943,0,0,0,943
05/16/2002,MDW,IL,AGL,CE,Combined TRACON& Tower with Radar,475,240,153,1,869,0,43,60,0,103,475,283,213,1,972,0,0,0,972
05/17/2002,MDW,IL,AGL,CE,Combined TRACON& Tower with Radar,476,227,145,2,850,0,20,47,2,69,476,247,192,4,919,2,0,2,921
05/18/2002,MDW,IL,AGL,CE,Combined TRACON& Tower with Radar,342,124,97,0,563,48,0,32,4,84,390,124,129,4,647,0,0,0,647
05/19/2002,MDW,IL,AGL,CE,Combined TRACON& Tower with Radar,417,170,118,0,705,11,0,57,2,70,428,170,175,2,775,0,0,0,775
05/20/2002,MDW,IL,AGL,CE,Combined TRACON& Tower with Radar,465,163,131,0,759,26,0,61,0,87,491,163,192,0,846,0,0,0,846
05/21/2002,MDW,IL,AGL,CE,Combined TRACON& Tower with Radar,482,233,148,0,863,0,24,71,0,95,482,257,219,0,958,0,0,0,958
05/22/2002,MDW,IL,AGL,CE,Combined TRACON& Tower with Radar,491,230,146,1,868,0,26,55,0,81,491,256,201,1,949,0,0,0,949
05/23/2002,MDW,IL,AGL,CE,Combined TRACON& Tower with Radar,488,222,142,1,853,0,10,46,0,56,488,232,188,1,909,0,0,0,909
05/24/2002,MDW,IL,AGL,CE,Combined TRACON& Tower with Radar,472,209,133,1,815,0,18,25,0,43,472,227,158,1,858,0,0,0,858
05/25/2002,MDW,IL,AGL,CE,Combined TRACON& Tower with Radar,298,109,40,0,447,80,0,0,0,80,378,109,40,0,527,0,0,0,527
05/26/2002,MDW,IL,AGL,CE,Combined TRACON& Tower with Radar,258,71,68,0,397,98,0,0,0,98,356,71,68,0,495,0,0,0,495
05/27/2002,MDW,IL,AGL,CE,Combined TRACON& Tower with Radar,338,105,95,0,538,77,0,15,0,92,415,105,110,0,630,6,0,6,636
05/28/2002,MDW,IL,AGL,CE,Combined TRACON& Tower with Radar,461,192,130,1,784,27,0,14,12,53,488,192,144,13,837,0,0,0,837
05/29/2002,MDW,IL,AGL,CE,Combined TRACON& Tower with Radar,491,220,140,1,852,0,26,22,1,49,491,246,162,2,901,0,0,0,901
05/30/2002,MDW,IL,AGL,CE,Combined TRACON& Tower with Radar,488,229,145,1,863,0,29,57,1,87,488,258,202,2,950,0,0,0,950
05/31/2002,MDW,IL,AGL,CE,Combined TRACON& Tower with Radar,487,217,137,1,842,0,24,28,10,62,487,241,165,11,904,0,0,0,904
06/01/2002,MDW,IL,AGL,CE,Combined TRACON& Tower with Radar,345,123,97,1,566,72,0,29,4,105,417,123,126,5,671,2,0,2,673
06/02/2002,MDW,IL,AGL,CE,Combined TRACON& Tower with Radar,390,163,109,1,663,42,0,3,3,48,432,163,112,4,711,0,0,0,711
06/03/2002,MDW,IL,AGL,CE,Combined TRACON& Tower with Radar,467,188,130,0,785,18,0,29,0,47,485,188,159,0,832,0,0,0,832
06/04/2002,MDW,IL,AGL,CE,Combined TRACON& Tower with Radar,482,226,134,1,843,0,0,0,0,0,482,226,134,1,843,0,0,0,843
06/05/2002,MDW,IL,AGL,CE,Combined TRACON& Tower with Radar,474,222,136,1,833,0,57,57,3,117,474,279,193,4,950,0,0,0,950
06/06/2002,MDW,IL,AGL,CE,Combined TRACON& Tower with Radar,505,248,151,2,906,0,10,64,3,77,505,258,215,5,983,0,0,0,983
06/07/2002,MDW,IL,AGL,CE,Combined TRACON& Tower with Radar,510,250,153,2,915,0,35,74,12,121,510,285,227,14,1036,8,0,8,1044
06/08/2002,MDW,IL,AGL,CE,Combined TRACON& Tower with Radar,352,128,97,2,579,62,0,21,7,90,414,128,118,9,669,8,0,8,677
06/09/2002,MDW,IL,AGL,CE,Combined TRACON& Tower with Radar,402,140,111,0,653,51,0,42,0,93,453,140,153,0,746,0,0,0,746
06/10/2002,MDW,IL,AGL,CE,Combined TRACON& Tower with Radar,448,168,124,2,742,29,0,36,2,67,477,168,160,4,809,0,0,0,809
06/11/2002,MDW,IL,AGL,CE,Combined TRACON& Tower with Radar,488,239,145,3,875,0,38,26,3,67,488,277,171,6,942,0,0,0,942
06/12/2002,MDW,IL,AGL,CE,Combined TRACON& Tower with Radar,493,257,157,3,910,0,24,74,0,98,493,281,231,3,1008,4,0,4,1012
06/13/2002,MDW,IL,AGL,CE,Combined TRACON& Tower with Radar,525,272,166,1,964,0,4,91,0,95,525,276,257,1,1059,0,0,0,1059
06/14/2002,MDW,IL,AGL,CE,Combined TRACON& Tower with Radar,491,224,136,2,853,17,3,17,1,38,508,227,153,3,891,0,0,0,891
06/15/2002,MDW,IL,AGL,CE,Combined TRACON& Tower with Radar,357,128,99,0,584,68,0,12,0,80,425,128,111,0,664,0,0,0,664
06/16/2002,MDW,IL,AGL,CE,Combined TRACON& Tower with Radar,417,180,115,0,712,40,0,16,0,56,457,180,131,0,768,0,0,0,768
06/17/2002,MDW,IL,AGL,CE,Combined TRACON& Tower with Radar,481,198,133,0,812,34,0,47,0,81,515,198,180,0,893,0,0,0,893
06/18/2002,MDW,IL,AGL,CE,Combined TRACON& Tower with Radar,529,249,153,2,933,0,30,35,0,65,529,279,188,2,998,0,0,0,998
06/19/2002,MDW,IL,AGL,CE,Combined TRACON& Tower with Radar,498,248,152,3,901,0,37,62,2,101,498,285,214,5,1002,0,0,0,1002
06/20/2002,MDW,IL,AGL,CE,Combined TRACON& Tower with Radar,510,255,155,2,922,0,23,88,0,111,510,278,243,2,1033,0,0,0,1033
06/21/2002,MDW,IL,AGL,CE,Combined TRACON& Tower with Radar,509,230,141,3,883,6,11,27,4,48,515,241,168,7,931,4,0,4,935
06/22/2002,MDW,IL,AGL,CE,Combined TRACON& Tower with Radar,361,131,100,1,593,70,0,17,2,89,431,131,117,3,682,0,0,0,682
06/23/2002,MDW,IL,AGL,CE,Combined TRACON& Tower with Radar,433,188,120,1,742,28,0,18,6,52,461,188,138,7,794,0,0,0,794
06/24/2002,MDW,IL,AGL,CE,Combined TRACON& Tower with Radar,498,212,139,2,851,0,0,72,3,75,498,212,211,5,926,0,0,0,926
06/25/2002,MDW,IL,AGL,CE,Combined TRACON& Tower with Radar,518,254,155,2,929,0,5,78,0,83,518,259,233,2,1012,0,0,0,1012
06/26/2002,MDW,IL,AGL,CE,Combined TRACON& Tower with Radar,530,258,157,0,945,0,16,73,0,89,530,274,230,0,1034,0,0,0,1034
06/27/2002,MDW,IL,AGL,CE,Combined TRACON& Tower with Radar,519,257,157,0,933,0,31,90,0,121,519,288,247,0,1054,0,0,0,1054
06/28/2002,MDW,IL,AGL,CE,Combined TRACON& Tower with Radar,511,251,154,2,918,0,13,85,1,99,511,264,239,3,1017,0,0,0,1017
06/29/2002,MDW,IL,AGL,CE,Combined TRACON& Tower with Radar,365,152,100,0,617,61,0,3,0,64,426,152,103,0,681,0,0,0,681
06/30/2002,MDW,IL,AGL,CE,Combined TRACON& Tower with Radar,419,190,116,1,726,44,5,25,1,75,463,195,141,2,801,8,0,8,809
07/01/2002,MDW,IL,AGL,CE,Combined TRACON& Tower with Radar,461,197,105,0,763,27,0,43,0,70,488,197,148,0,833,0,0,0,833
07/02/2002,MDW,IL,AGL,CE,Combined TRACON& Tower with Radar,516,245,119,2,882,0,20,46,0,66,516,265,165,2,948,14,0,14,962
07/03/2002,MDW,IL,AGL,CE,Combined TRACON& Tower with Radar,460,232,113,0,805,0,33,59,0,92,460,265,172,0,897,0,0,0,897
07/04/2002,MDW,IL,AGL,CE,Combined TRACON& Tower with Radar,310,130,54,0,494,63,0,0,0,63,373,130,54,0,557,0,0,0,557
07/05/2002,MDW,IL,AGL,CE,Combined TRACON& Tower with Radar,314,112,71,1,498,48,0,57,0,105,362,112,128,1,603,8,0,8,611
07/06/2002,MDW,IL,AGL,CE,Combined TRACON& Tower with Radar,348,112,78,2,540,76,0,18,3,97,424,112,96,5,637,10,0,10,647
07/07/2002,MDW,IL,AGL,CE,Combined TRACON& Tower with Radar,441,207,100,0,748,3,0,41,0,44,444,207,141,0,792,0,0,0,792
07/08/2002,MDW,IL,AGL,CE,Combined TRACON& Tower with Radar,479,193,109,1,782,40,0,47,0,87,519,193,156,1,869,0,0,0,869
07/09/2002,MDW,IL,AGL,CE,Combined TRACON& Tower with Radar,490,257,125,0,872,0,16,65,0,81,490,273,190,0,953,0,0,0,953
07/10/2002,MDW,IL,AGL,CE,Combined TRACON& Tower with Radar,531,257,125,2,915,0,5,66,2,73,531,262,191,4,988,0,0,0,988
07/11/2002,MDW,IL,AGL,CE,Combined TRACON& Tower with Radar,499,250,122,0,871,0,30,51,0,81,499,280,173,0,952,12,0,12,964
07/12/2002,MDW,IL,AGL,CE,Combined TRACON& Tower with Radar,517,244,118,2,881,0,15,29,2,46,517,259,147,4,927,0,0,0,927
07/13/2002,MDW,IL,AGL,CE,Combined TRACON& Tower with Radar,381,154,86,0,621,58,0,21,0,79,439,154,107,0,700,0,0,0,700
07/14/2002,MDW,IL,AGL,CE,Combined TRACON& Tower with Radar,436,186,99,2,723,44,0,27,5,76,480,186,126,7,799,0,0,0,799
07/15/2002,MDW,IL,AGL,CE,Combined TRACON& Tower with Radar,531,221,120,2,874,0,0,64,0,64,531,221,184,2,938,0,0,0,938
07/16/2002,MDW,IL,AGL,CE,Combined TRACON& Tower with Radar,521,263,128,2,914,0,26,70,2,98,521,289,198,4,1012,0,0,0,1012
07/17/2002,MDW,IL,AGL,CE,Combined TRACON& Tower with Radar,506,261,128,2,897,0,37,74,2,113,506,298,202,4,1010,0,0,0,1010
07/18/2002,MDW,IL,AGL,CE,Combined TRACON& Tower with Radar,526,273,133,3,935,0,27,90,11,128,526,300,223,14,1063,0,0,0,1063
07/19/2002,MDW,IL,AGL,CE,Combined TRACON& Tower with Radar,527,258,126,2,913,0,11,81,1,93,527,269,207,3,1006,0,0,0,1006
07/20/2002,MDW,IL,AGL,CE,Combined TRACON& Tower with Radar,381,165,86,0,632,23,0,27,0,50,404,165,113,0,682,0,0,0,682
07/21/2002,MDW,IL,AGL,CE,Combined TRACON& Tower with Radar,463,216,105,1,785,0,11,24,0,35,463,227,129,1,820,2,0,2,822
07/22/2002,MDW,IL,AGL,CE,Combined TRACON& Tower with Radar,499,216,114,1,830,0,0,57,0,57,499,216,171,1,887,0,0,0,887
07/23/2002,MDW,IL,AGL,CE,Combined TRACON& Tower with Radar,512,267,131,1,911,0,30,66,2,98,512,297,197,3,1009,0,0,0,1009
07/24/2002,MDW,IL,AGL,CE,Combined TRACON& Tower with Radar,522,258,126,1,907,0,6,71,3,80,522,264,197,4,987,0,0,0,987
07/25/2002,MDW,IL,AGL,CE,Combined TRACON& Tower with Radar,527,259,126,1,913,0,11,69,4,84,527,270,195,5,997,0,0,0,997
07/26/2002,MDW,IL,AGL,CE,Combined TRACON& Tower with Radar,532,251,123,1,907,0,20,11,10,41,532,271,134,11,948,0,0,0,948
07/27/2002,MDW,IL,AGL,CE,Combined TRACON& Tower with Radar,377,143,74,1,595,71,0,0,0,71,448,143,74,1,666,8,0,8,674
07/28/2002,MDW,IL,AGL,CE,Combined TRACON& Tower with Radar,428,170,96,1,695,46,0,26,3,75,474,170,122,4,770,0,0,0,770
07/29/2002,MDW,IL,AGL,CE,Combined TRACON& Tower with Radar,486,225,110,0,821,18,0,22,0,40,504,225,132,0,861,0,0,0,861
07/30/2002,MDW,IL,AGL,CE,Combined TRACON& Tower with Radar,529,247,119,1,896,1,6,61,3,71,530,253,180,4,967,0,0,0,967
07/31/2002,MDW,IL,AGL,CE,Combined TRACON& Tower with Radar,497,249,120,1,867,0,31,53,6,90,497,280,173,7,957,0,0,0,957
08/01/2002,MDW,IL,AGL,CE,Combined TRACON& Tower with Radar,522,263,126,3,914,0,36,36,6,78,522,299,162,9,992,0,0,0,992
08/02/2002,MDW,IL,AGL,CE,Combined TRACON& Tower with Radar,501,243,116,2,862,11,3,41,1,56,512,246,157,3,918,0,0,0,918
08/03/2002,MDW,IL,AGL,CE,Combined TRACON& Tower with Radar,353,145,83,0,581,65,0,18,0,83,418,145,101,0,664,6,0,6,670
08/04/2002,MDW,IL,AGL,CE,Combined TRACON& Tower with Radar,416,189,98,2,705,38,0,4,2,44,454,189,102,4,749,0,0,0,749
08/05/2002,MDW,IL,AGL,CE,Combined TRACON& Tower with Radar,473,214,111,2,800,39,0,17,0,56,512,214,128,2,856,0,0,0,856
08/06/2002,MDW,IL,AGL,CE,Combined TRACON& Tower with Radar,521,258,125,2,906,0,3,63,4,70,521,261,188,6,976,0,0,0,976
08/07/2002,MDW,IL,AGL,CE,Combined TRACON& Tower with Radar,486,262,127,2,877,0,44,63,4,111,486,306,190,6,988,0,0,0,988
08/08/2002,MDW,IL,AGL,CE,Combined TRACON& Tower with Radar,520,259,125,2,906,0,1,67,4,72,520,260,192,6,978,0,0,0,978
08/09/2002,MDW,IL,AGL,CE,Combined TRACON& Tower with Radar,495,252,121,2,870,0,19,55,6,80,495,271,176,8,950,0,0,0,950
08/10/2002,MDW,IL,AGL,CE,Combined TRACON& Tower with Radar,393,166,92,2,653,38,0,55,3,96,431,166,147,5,749,2,0,2,751
08/11/2002,MDW,IL,AGL,CE,Combined TRACON& Tower with Radar,415,175,97,2,689,42,0,27,1,70,457,175,124,3,759,0,0,0,759
08/12/2002,MDW,IL,AGL,CE,Combined TRACON& Tower with Radar,502,205,118,0,825,7,0,77,0,84,509,205,195,0,909,0,0,0,909
08/13/2002,MDW,IL,AGL,CE,Combined TRACON& Tower with Radar,517,272,131,1,921,0,17,57,1,75,517,289,188,2,996,0,0,0,996
08/14/2002,MDW,IL,AGL,CE,Combined TRACON& Tower with Radar,502,260,126,1,889,0,26,35,2,63,502,286,161,3,952,0,0,0,952
08/15/2002,MDW,IL,AGL,CE,Combined TRACON& Tower with Radar,520,282,137,1,940,0,11,98,7,116,520,293,235,8,1056,0,0,0,1056
08/16/2002,MDW,IL,AGL,CE,Combined TRACON& Tower with Radar,534,253,129,1,917,0,0,72,5,77,534,253,201,6,994,0,0,0,994
08/17/2002,MDW,IL,AGL,CE,Combined TRACON& Tower with Radar,365,149,85,1,600,46,0,10,3,59,411,149,95,4,659,0,0,0,659
08/18/2002,MDW,IL,AGL,CE,Combined TRACON& Tower with Radar,439,185,103,1,728,13,0,70,2,85,452,185,173,3,813,0,0,0,813
08/19/2002,MDW,IL,AGL,CE,Combined TRACON& Tower with Radar,492,223,115,0,830,7,0,28,0,35,499,223,143,0,865,0,0,0,865
08/20/2002,MDW,IL,AGL,CE,Combined TRACON& Tower with Radar,521,261,126,1,909,0,14,57,1,72,521,275,183,2,981,0,0,0,981
08/21/2002,MDW,IL,AGL,CE,Combined TRACON& Tower with Radar,514,264,128,2,908,0,21,63,2,86,514,285,191,4,994,2,0,2,996
08/22/2002,MDW,IL,AGL,CE,Combined TRACON& Tower with Radar,523,273,132,1,929,0,20,37,3,60,523,293,169,4,989,0,0,0,989
08/23/2002,MDW,IL,AGL,CE,Combined TRACON& Tower with Radar,522,268,130,1,921,0,6,33,1,40,522,274,163,2,961,0,0,0,961
08/24/2002,MDW,IL,AGL,CE,Combined TRACON& Tower with Radar,365,149,85,0,599,48,0,21,0,69,413,149,106,0,668,0,0,0,668
08/25/2002,MDW,IL,AGL,CE,Combined TRACON& Tower with Radar,414,198,96,0,708,40,0,14,0,54,454,198,110,0,762,6,0,6,768
08/26/2002,MDW,IL,AGL,CE,Combined TRACON& Tower with Radar,473,215,111,1,800,51,0,1,1,53,524,215,112,2,853,0,0,0,853
08/27/2002,MDW,IL,AGL,CE,Combined TRACON& Tower with Radar,528,258,125,1,912,0,24,28,6,58,528,282,153,7,970,0,0,0,970
08/28/2002,MDW,IL,AGL,CE,Combined TRACON& Tower with Radar,495,263,127,1,886,0,34,48,7,89,495,297,175,8,975,0,0,0,975
08/29/2002,MDW,IL,AGL,CE,Combined TRACON& Tower with Radar,518,268,130,1,917,0,34,51,4,89,518,302,181,5,1006,0,0,0,1006
08/30/2002,MDW,IL,AGL,CE,Combined TRACON& Tower with Radar,500,243,117,1,861,0,12,34,2,48,500,255,151,3,909,0,0,0,909
08/31/2002,MDW,IL,AGL,CE,Combined TRACON& Tower with Radar,328,110,76,0,514,56,0,45,0,101,384,110,121,0,615,0,0,0,615
09/01/2002,MDW,IL,AGL,CE,Combined TRACON& Tower with Radar,264,82,64,0,410,71,0,26,0,97,335,82,90,0,507,0,0,0,507
09/02/2002,MDW,IL,AGL,CE,Combined TRACON& Tower with Radar,341,113,82,0,536,99,0,2,0,101,440,113,84,0,637,8,0,8,645
09/03/2002,MDW,IL,AGL,CE,Combined TRACON& Tower with Radar,463,212,112,3,790,40,0,38,6,84,503,212,150,9,874,0,0,0,874
09/04/2002,MDW,IL,AGL,CE,Combined TRACON& Tower with Radar,492,276,128,2,898,0,3,83,3,89,492,279,211,5,987,0,0,0,987
09/05/2002,MDW,IL,AGL,CE,Combined TRACON& Tower with Radar,543,301,140,2,986,0,28,62,7,97,543,329,202,9,1083,2,0,2,1085
09/06/2002,MDW,IL,AGL,CE,Combined TRACON& Tower with Radar,495,265,123,2,885,0,9,45,6,60,495,274,168,8,945,0,0,0,945
09/07/2002,MDW,IL,AGL,CE,Combined TRACON& Tower with Radar,351,165,84,2,602,47,0,23,3,73,398,165,107,5,675,0,0,0,675
09/08/2002,MDW,IL,AGL,CE,Combined TRACON& Tower with Radar,411,200,99,2,712,45,0,6,1,52,456,200,105,3,764,0,0,0,764
09/09/2002,MDW,IL,AGL,CE,Combined TRACON& Tower with Radar,506,243,123,1,873,12,0,21,0,33,518,243,144,1,906,12,0,12,918
09/10/2002,MDW,IL,AGL,CE,Combined TRACON& Tower with Radar,500,278,130,2,910,0,23,46,5,74,500,301,176,7,984,0,0,0,984
09/11/2002,MDW,IL,AGL,CE,Combined TRACON& Tower with Radar,431,239,112,2,784,0,17,48,7,72,431,256,160,9,856,0,0,0,856
09/12/2002,MDW,IL,AGL,CE,Combined TRACON& Tower with Radar,501,282,132,2,917,0,29,71,8,108,501,311,203,10,1025,0,0,0,1025
09/13/2002,MDW,IL,AGL,CE,Combined TRACON& Tower with Radar,489,262,123,2,876,0,13,50,3,66,489,275,173,5,942,0,0,0,942
09/14/2002,MDW,IL,AGL,CE,Combined TRACON& Tower with Radar,353,162,85,1,601,31,0,50,2,83,384,162,135,3,684,0,0,0,684
09/15/2002,MDW,IL,AGL,CE,Combined TRACON& Tower with Radar,423,202,102,1,728,28,0,22,0,50,451,202,124,1,778,0,0,0,778
09/16/2002,MDW,IL,AGL,CE,Combined TRACON& Tower with Radar,475,238,115,1,829,14,0,35,1,50,489,238,150,2,879,0,0,0,879
09/17/2002,MDW,IL,AGL,CE,Combined TRACON& Tower with Radar,513,277,130,1,921,0,17,69,3,89,513,294,199,4,1010,2,0,2,1012
09/18/2002,MDW,IL,AGL,CE,Combined TRACON& Tower with Radar,502,282,133,0,917,0,45,25,0,70,502,327,158,0,987,0,0,0,987
09/19/2002,MDW,IL,AGL,CE,Combined TRACON& Tower with Radar,494,280,131,0,905,0,53,26,0,79,494,333,157,0,984,0,0,0,984
09/20/2002,MDW,IL,AGL,CE,Combined TRACON& Tower with Radar,515,266,126,1,908,0,16,4,0,20,515,282,130,1,928,0,0,0,928
09/21/2002,MDW,IL,AGL,CE,Combined TRACON& Tower with Radar,354,175,85,0,614,41,0,13,0,54,395,175,98,0,668,0,0,0,668
09/22/2002,MDW,IL,AGL,CE,Combined TRACON& Tower with Radar,425,219,103,1,748,6,8,26,1,41,431,227,129,2,789,0,0,0,789
09/23/2002,MDW,IL,AGL,CE,Combined TRACON& Tower with Radar,484,212,117,2,815,3,0,96,0,99,487,212,213,2,914,0,0,0,914
09/24/2002,MDW,IL,AGL,CE,Combined TRACON& Tower with Radar,486,273,128,1,888,0,11,102,4,117,486,284,230,5,1005,6,0,6,1011
09/25/2002,MDW,IL,AGL,CE,Combined TRACON& Tower with Radar,487,278,130,1,896,0,4,104,5,113,487,282,234,6,1009,0,0,0,1009
09/26/2002,MDW,IL,AGL,CE,Combined TRACON& Tower with Radar,504,288,136,1,929,0,26,76,12,114,504,314,212,13,1043,0,0,0,1043
09/27/2002,MDW,IL,AGL,CE,Combined TRACON& Tower with Radar,513,282,132,1,928,0,6,59,2,67,513,288,191,3,995,0,0,0,995
09/28/2002,MDW,IL,AGL,CE,Combined TRACON& Tower with Radar,354,171,86,1,612,46,0,12,3,61,400,171,98,4,673,2,0,2,675
09/29/2002,MDW,IL,AGL,CE,Combined TRACON& Tower with Radar,407,205,88,1,701,34,0,0,2,36,441,205,88,3,737,0,0,0,737
09/30/2002,MDW,IL,AGL,CE,Combined TRACON& Tower with Radar,482,234,117,1,834,24,0,40,0,64,506,234,157,1,898,0,0,0,898
10/01/2002,MDW,IL,AGL,CE,Combined TRACON& Tower with Radar,461,243,113,0,817,12,0,27,0,39,473,243,140,0,856,0,0,0,856
10/02/2002,MDW,IL,AGL,CE,Combined TRACON& Tower with Radar,512,290,132,1,935,0,28,23,2,53,512,318,155,3,988,0,0,0,988
10/03/2002,MDW,IL,AGL,CE,Combined TRACON& Tower with Radar,498,277,125,1,901,0,24,0,0,24,498,301,125,1,925,0,0,0,925
10/04/2002,MDW,IL,AGL,CE,Combined TRACON& Tower with Radar,502,268,124,0,894,0,0,14,0,14,502,268,138,0,908,0,0,0,908
10/05/2002,MDW,IL,AGL,CE,Combined TRACON& Tower with Radar,360,172,88,0,620,45,0,39,5,89,405,172,127,5,709,0,0,0,709
10/06/2002,MDW,IL,AGL,CE,Combined TRACON& Tower with Radar,416,197,102,0,715,25,0,37,0,62,441,197,139,0,777,0,0,0,777
10/07/2002,MDW,IL,AGL,CE,Combined TRACON& Tower with Radar,476,212,116,1,805,37,0,53,0,90,513,212,169,1,895,0,0,0,895
10/08/2002,MDW,IL,AGL,CE,Combined TRACON& Tower with Radar,512,289,132,1,934,0,0,94,3,97,512,289,226,4,1031,0,0,0,1031
10/09/2002,MDW,IL,AGL,CE,Combined TRACON& Tower with Radar,486,279,126,1,892,0,36,36,5,77,486,315,162,6,969,2,0,2,971
10/10/2002,MDW,IL,AGL,CE,Combined TRACON& Tower with Radar,495,277,126,1,899,0,31,20,6,57,495,308,146,7,956,2,0,2,958
10/11/2002,MDW,IL,AGL,CE,Combined TRACON& Tower with Radar,513,276,125,2,916,1,3,33,4,41,514,279,158,6,957,2,0,2,959
10/12/2002,MDW,IL,AGL,CE,Combined TRACON& Tower with Radar,364,161,67,0,592,68,0,0,0,68,432,161,67,0,660,0,0,0,660
10/13/2002,MDW,IL,AGL,CE,Combined TRACON& Tower with Radar,424,216,103,1,744,21,0,42,1,64,445,216,145,2,808,0,0,0,808
10/14/2002,MDW,IL,AGL,CE,Combined TRACON& Tower with Radar,481,223,117,0,821,16,0,21,0,37,497,223,138,0,858,0,0,0,858
10/15/2002,MDW,IL,AGL,CE,Combined TRACON& Tower with Radar,489,241,118,2,850,24,0,32,3,59,513,241,150,5,909,0,0,0,909
10/16/2002,MDW,IL,AGL,CE,Combined TRACON& Tower with Radar,486,287,129,2,904,0,31,64,9,104,486,318,193,11,1008,0,0,0,1008
10/17/2002,MDW,IL,AGL,CE,Combined TRACON& Tower with Radar,497,280,126,1,904,0,20,42,0,62,497,300,168,1,966,2,0,2,968
10/18/2002,MDW,IL,AGL,CE,Combined TRACON& Tower with Radar,491,263,119,2,875,11,5,5,5,26,502,268,124,7,901,0,0,0,901
10/19/2002,MDW,IL,AGL,CE,Combined TRACON& Tower with Radar,369,177,90,1,637,42,0,23,1,66,411,177,113,2,703,0,0,0,703
10/20/2002,MDW,IL,AGL,CE,Combined TRACON& Tower with Radar,408,186,99,1,694,53,0,30,1,84,461,186,129,2,778,0,0,0,778
10/21/2002,MDW,IL,AGL,CE,Combined TRACON& Tower with Radar,494,247,120,1,862,9,0,59,3,71,503,247,179,4,933,0,0,0,933
10/22/2002,MDW,IL,AGL,CE,Combined TRACON& Tower with Radar,486,271,123,1,881,0,18,42,7,67,486,289,165,8,948,4,0,4,952
10/23/2002,MDW,IL,AGL,CE,Combined TRACON& Tower with Radar,500,289,131,1,921,0,16,45,5,66,500,305,176,6,987,0,0,0,987
10/24/2002,MDW,IL,AGL,CE,Combined TRACON& Tower with Radar,510,307,138,1,956,0,12,72,2,86,510,319,210,3,1042,0,0,0,1042
10/25/2002,MDW,IL,AGL,CE,Combined TRACON& Tower with Radar,510,279,127,1,917,0,0,24,0,24,510,279,151,1,941,0,0,0,941
10/26/2002,MDW,IL,AGL,CE,Combined TRACON& Tower with Radar,356,181,75,0,612,36,0,0,0,36,392,181,75,0,648,4,0,4,652
10/27/2002,MDW,IL,AGL,CE,Combined TRACON& Tower with Radar,440,246,111,1,798,0,15,29,1,45,440,261,140,2,843,0,0,0,843
10/28/2002,MDW,IL,AGL,CE,Combined TRACON& Tower with Radar,484,226,117,0,827,9,0,60,0,69,493,226,177,0,896,0,0,0,896
10/29/2002,MDW,IL,AGL,CE,Combined TRACON& Tower with Radar,494,274,124,1,893,0,20,18,2,40,494,294,142,3,933,0,0,0,933
10/30/2002,MDW,IL,AGL,CE,Combined TRACON& Tower with Radar,482,267,120,1,870,0,32,15,6,53,482,299,135,7,923,0,0,0,923
10/31/2002,MDW,IL,AGL,CE,Combined TRACON& Tower with Radar,483,271,122,1,877,0,41,16,6,63,483,312,138,7,940,16,0,16,956
11/01/2002,MDW,IL,AGL,CE,Combined TRACON& Tower with Radar,503,280,115,0,898,0,0,60,6,66,503,280,175,6,964,0,0,0,964
11/02/2002,MDW,IL,AGL,CE,Combined TRACON& Tower with Radar,362,181,80,0,623,32,0,42,1,75,394,181,122,1,698,0,0,0,698
11/03/2002,MDW,IL,AGL,CE,Combined TRACON& Tower with Radar,407,215,90,0,712,27,0,20,6,53,434,215,110,6,765,6,0,6,771
11/04/2002,MDW,IL,AGL,CE,Combined TRACON& Tower with Radar,491,260,111,0,862,0,0,67,0,67,491,260,178,0,929,0,0,0,929
11/05/2002,MDW,IL,AGL,CE,Combined TRACON& Tower with Radar,516,309,124,0,949,0,24,27,0,51,516,333,151,0,1000,0,0,0,1000
11/06/2002,MDW,IL,AGL,CE,Combined TRACON& Tower with Radar,495,292,117,1,905,0,8,52,3,63,495,300,169,4,968,0,0,0,968
11/07/2002,MDW,IL,AGL,CE,Combined TRACON& Tower with Radar,488,296,119,1,904,0,45,45,10,100,488,341,164,11,1004,0,0,0,1004
11/08/2002,MDW,IL,AGL,CE,Combined TRACON& Tower with Radar,496,277,111,1,885,0,34,7,0,41,496,311,118,1,926,0,0,0,926
11/09/2002,MDW,IL,AGL,CE,Combined TRACON& Tower with Radar,344,183,75,0,602,41,0,6,0,47,385,183,81,0,649,0,0,0,649
11/10/2002,MDW,IL,AGL,CE,Combined TRACON& Tower with Radar,394,196,87,1,678,28,0,17,1,46,422,196,104,2,724,0,0,0,724
11/11/2002,MDW,IL,AGL,CE,Combined TRACON& Tower with Radar,445,230,98,0,773,4,0,22,0,26,449,230,120,0,799,0,0,0,799
11/12/2002,MDW,IL,AGL,CE,Combined TRACON& Tower with Radar,489,255,111,1,856,0,0,95,7,102,489,255,206,8,958,0,0,0,958
11/13/2002,MDW,IL,AGL,CE,Combined TRACON& Tower with Radar,482,291,117,1,891,0,4,92,5,101,482,295,209,6,992,0,0,0,992
11/14/2002,MDW,IL,AGL,CE,Combined TRACON& Tower with Radar,505,319,128,1,953,0,29,73,2,104,505,348,201,3,1057,0,0,0,1057
11/15/2002,MDW,IL,AGL,CE,Combined TRACON& Tower with Radar,502,287,115,1,905,0,14,33,3,50,502,301,148,4,955,0,0,0,955
11/16/2002,MDW,IL,AGL,CE,Combined TRACON& Tower with Radar,348,180,77,0,605,53,0,7,0,60,401,180,84,0,665,0,0,0,665
11/17/2002,MDW,IL,AGL,CE,Combined TRACON& Tower with Radar,414,227,91,0,732,20,12,0,0,32,434,239,91,0,764,0,0,0,764
11/18/2002,MDW,IL,AGL,CE,Combined TRACON& Tower with Radar,473,233,104,0,810,7,0,62,0,69,480,233,166,0,879,0,0,0,879
11/19/2002,MDW,IL,AGL,CE,Combined TRACON& Tower with Radar,497,297,120,1,915,0,10,69,5,84,497,307,189,6,999,0,0,0,999
11/20/2002,MDW,IL,AGL,CE,Combined TRACON& Tower with Radar,494,296,119,1,910,0,21,61,6,88,494,317,180,7,998,2,0,2,1000
11/21/2002,MDW,IL,AGL,CE,Combined TRACON& Tower with Radar,480,295,119,0,894,0,41,35,0,76,480,336,154,0,970,0,0,0,970
11/22/2002,MDW,IL,AGL,CE,Combined TRACON& Tower with Radar,510,292,118,0,920,0,14,32,5,51,510,306,150,5,971,0,0,0,971
11/23/2002,MDW,IL,AGL,CE,Combined TRACON& Tower with Radar,354,191,77,0,622,37,0,11,2,50,391,191,88,2,672,0,0,0,672
11/24/2002,MDW,IL,AGL,CE,Combined TRACON& Tower with Radar,399,203,87,0,689,43,0,2,1,46,442,203,89,1,735,0,0,0,735
11/25/2002,MDW,IL,AGL,CE,Combined TRACON& Tower with Radar,479,243,105,0,827,23,0,31,1,55,502,243,136,1,882,0,0,0,882
11/26/2002,MDW,IL,AGL,CE,Combined TRACON& Tower with Radar,495,244,109,0,848,34,0,4,0,38,529,244,113,0,886,0,0,0,886
11/27/2002,MDW,IL,AGL,CE,Combined TRACON& Tower with Radar,494,278,111,0,883,0,28,12,1,41,494,306,123,1,924,0,0,0,924
11/28/2002,MDW,IL,AGL,CE,Combined TRACON& Tower with Radar,248,131,35,0,414,36,0,0,0,36,284,131,35,0,450,0,0,0,450
11/29/2002,MDW,IL,AGL,CE,Combined TRACON& Tower with Radar,288,112,63,0,463,68,0,4,0,72,356,112,67,0,535,0,0,0,535
11/30/2002,MDW,IL,AGL,CE,Combined TRACON& Tower with Radar,350,181,57,0,588,37,0,0,0,37,387,181,57,0,625,0,0,0,625
12/01/2002,MDW,IL,AGL,CE,Combined TRACON& Tower with Radar,442,228,86,0,756,0,0,45,0,45,442,228,131,0,801,0,0,0,801
12/02/2002,MDW,IL,AGL,CE,Combined TRACON& Tower with Radar,405,191,78,0,674,0,0,36,0,36,405,191,114,0,710,0,0,0,710
12/03/2002,MDW,IL,AGL,CE,Combined TRACON& Tower with Radar,512,302,110,0,924,0,18,63,4,85,512,320,173,4,1009,0,0,0,1009
12/04/2002,MDW,IL,AGL,CE,Combined TRACON& Tower with Radar,492,283,103,0,878,0,2,77,5,84,492,285,180,5,962,0,0,0,962
12/05/2002,MDW,IL,AGL,CE,Combined TRACON& Tower with Radar,446,281,101,1,829,0,23,107,4,134,446,304,208,5,963,8,0,8,971
12/06/2002,MDW,IL,AGL,CE,Combined TRACON& Tower with Radar,552,291,105,1,949,0,0,97,3,100,552,291,202,4,1049,0,0,0,1049
12/07/2002,MDW,IL,AGL,CE,Combined TRACON& Tower with Radar,365,163,69,0,597,48,0,20,0,68,413,163,89,0,665,2,0,2,667
12/08/2002,MDW,IL,AGL,CE,Combined TRACON& Tower with Radar,426,215,80,1,722,7,0,37,4,48,433,215,117,5,770,0,0,0,770
12/09/2002,MDW,IL,AGL,CE,Combined TRACON& Tower with Radar,492,245,93,1,831,1,0,33,1,35,493,245,126,2,866,0,0,0,866
12/10/2002,MDW,IL,AGL,CE,Combined TRACON& Tower with Radar,499,289,103,1,892,0,24,64,7,95,499,313,167,8,987,0,0,0,987
12/11/2002,MDW,IL,AGL,CE,Combined TRACON& Tower with Radar,497,290,104,1,892,0,28,57,5,90,497,318,161,6,982,0,0,0,982
12/12/2002,MDW,IL,AGL,CE,Combined TRACON& Tower with Radar,505,298,107,1,911,0,14,74,5,93,505,312,181,6,1004,0,0,0,1004
12/13/2002,MDW,IL,AGL,CE,Combined TRACON& Tower with Radar,508,281,100,0,889,0,2,27,0,29,508,283,127,0,918,0,0,0,918
12/14/2002,MDW,IL,AGL,CE,Combined TRACON& Tower with Radar,372,169,70,1,612,28,0,11,3,42,400,169,81,4,654,0,0,0,654
12/15/2002,MDW,IL,AGL,CE,Combined TRACON& Tower with Radar,417,212,79,0,708,29,0,24,0,53,446,212,103,0,761,0,0,0,761
12/16/2002,MDW,IL,AGL,CE,Combined TRACON& Tower with Radar,495,247,97,0,839,0,0,81,0,81,495,247,178,0,920,0,0,0,920
12/17/2002,MDW,IL,AGL,CE,Combined TRACON& Tower with Radar,502,280,101,0,883,0,21,23,4,48,502,301,124,4,931,0,0,0,931
12/18/2002,MDW,IL,AGL,CE,Combined TRACON& Tower with Radar,492,270,97,0,859,0,17,7,0,24,492,287,104,0,883,0,0,0,883
12/19/2002,MDW,IL,AGL,CE,Combined TRACON& Tower with Radar,500,287,103,0,890,0,16,66,9,91,500,303,169,9,981,0,0,0,981
12/20/2002,MDW,IL,AGL,CE,Combined TRACON& Tower with Radar,509,269,96,0,874,0,20,0,6,26,509,289,96,6,900,0,0,0,900
12/21/2002,MDW,IL,AGL,CE,Combined TRACON& Tower with Radar,371,181,62,0,614,46,0,0,1,47,417,181,62,1,661,0,0,0,661
12/22/2002,MDW,IL,AGL,CE,Combined TRACON& Tower with Radar,395,201,51,0,647,41,0,0,0,41,436,201,51,0,688,0,0,0,688
12/23/2002,MDW,IL,AGL,CE,Combined TRACON& Tower with Radar,461,239,87,0,787,33,0,0,0,33,494,239,87,0,820,6,0,6,826
12/24/2002,MDW,IL,AGL,CE,Combined TRACON& Tower with Radar,337,177,34,0,548,20,22,0,0,42,357,199,34,0,590,0,0,0,590
12/25/2002,MDW,IL,AGL,CE,Combined TRACON& Tower with Radar,281,146,25,0,452,32,3,0,0,35,313,149,25,0,487,0,0,0,487
12/26/2002,MDW,IL,AGL,CE,Combined TRACON& Tower with Radar,461,218,87,0,766,41,0,17,0,58,502,218,104,0,824,0,0,0,824
12/27/2002,MDW,IL,AGL,CE,Combined TRACON& Tower with Radar,490,258,83,0,831,20,14,0,0,34,510,272,83,0,865,0,0,0,865
12/28/2002,MDW,IL,AGL,CE,Combined TRACON& Tower with Radar,357,173,36,0,566,57,0,0,0,57,414,173,36,0,623,0,0,0,623
12/29/2002,MDW,IL,AGL,CE,Combined TRACON& Tower with Radar,381,200,47,0,628,46,4,0,0,50,427,204,47,0,678,0,0,0,678
12/30/2002,MDW,IL,AGL,CE,Combined TRACON& Tower with Radar,458,217,60,0,735,63,0,0,0,63,521,217,60,0,798,0,0,0,798
12/31/2002,MDW,IL,AGL,CE,Combined TRACON& Tower with Radar,321,169,59,0,549,30,12,0,0,42,351,181,59,0,591,0,0,0,591
01/01/2003,MDW,IL,AGL,CE,Combined TRACON& Tower with Radar,323,169,38,0,530,20,5,0,0,25,343,174,38,0,555,0,0,0,555
01/02/2003,MDW,IL,AGL,CE,Combined TRACON& Tower with Radar,455,216,65,0,736,44,0,0,0,44,499,216,65,0,780,0,0,0,780
01/03/2003,MDW,IL,AGL,CE,Combined TRACON& Tower with Radar,472,247,70,0,789,21,16,0,13,50,493,263,70,13,839,0,0,0,839
01/04/2003,MDW,IL,AGL,CE,Combined TRACON& Tower with Radar,384,187,60,0,631,42,0,0,4,46,426,187,60,4,677,0,0,0,677
01/05/2003,MDW,IL,AGL,CE,Combined TRACON& Tower with Radar,391,172,47,0,610,53,0,0,0,53,444,172,47,0,663,0,0,0,663
01/06/2003,MDW,IL,AGL,CE,Combined TRACON& Tower with Radar,462,220,68,0,750,46,0,0,0,46,508,220,68,0,796,0,0,0,796
01/07/2003,MDW,IL,AGL,CE,Combined TRACON& Tower with Radar,508,270,88,0,866,0,3,27,8,38,508,273,115,8,904,0,0,0,904
01/08/2003,MDW,IL,AGL,CE,Combined TRACON& Tower with Radar,508,275,90,1,874,0,0,68,5,73,508,275,158,6,947,0,0,0,947
01/09/2003,MDW,IL,AGL,CE,Combined TRACON& Tower with Radar,493,266,87,1,847,0,29,14,9,52,493,295,101,10,899,0,0,0,899
01/10/2003,MDW,IL,AGL,CE,Combined TRACON& Tower with Radar,508,266,87,1,862,2,4,11,1,18,510,270,98,2,880,0,0,0,880
01/11/2003,MDW,IL,AGL,CE,Combined TRACON& Tower with Radar,367,193,62,1,623,0,2,27,1,30,367,195,89,2,653,0,0,0,653
01/12/2003,MDW,IL,AGL,CE,Combined TRACON& Tower with Radar,417,209,71,1,698,15,0,28,1,44,432,209,99,2,742,0,0,0,742
01/13/2003,MDW,IL,AGL,CE,Combined TRACON& Tower with Radar,496,242,85,0,823,1,0,43,0,44,497,242,128,0,867,8,0,8,875
01/14/2003,MDW,IL,AGL,CE,Combined TRACON& Tower with Radar,490,270,89,1,850,0,0,63,6,69,490,270,152,7,919,0,0,0,919
01/15/2003,MDW,IL,AGL,CE,Combined TRACON& Tower with Radar,496,277,90,1,864,0,39,20,5,64,496,316,110,6,928,0,0,0,928
01/16/2003,MDW,IL,AGL,CE,Combined TRACON& Tower with Radar,489,279,90,1,859,0,23,38,4,65,489,302,128,5,924,0,0,0,924
01/17/2003,MDW,IL,AGL,CE,Combined TRACON& Tower with Radar,500,260,85,0,845,0,19,11,0,30,500,279,96,0,875,0,0,0,875
01/18/2003,MDW,IL,AGL,CE,Combined TRACON& Tower with Radar,384,199,38,0,621,30,2,0,0,32,414,201,38,0,653,0,0,0,653
01/19/2003,MDW,IL,AGL,CE,Combined TRACON& Tower with Radar,385,185,52,0,622,43,0,0,0,43,428,185,52,0,665,0,0,0,665
01/20/2003,MDW,IL,AGL,CE,Combined TRACON& Tower with Radar,482,220,82,1,785,19,0,41,0,60,501,220,123,1,845,0,0,0,845
01/21/2003,MDW,IL,AGL,CE,Combined TRACON& Tower with Radar,484,236,85,1,806,0,0,65,2,67,484,236,150,3,873,0,0,0,873
01/22/2003,MDW,IL,AGL,CE,Combined TRACON& Tower with Radar,467,266,87,1,821,0,36,29,10,75,467,302,116,11,896,0,0,0,896
01/23/2003,MDW,IL,AGL,CE,Combined TRACON& Tower with Radar,478,262,86,1,827,0,21,31,0,52,478,283,117,1,879,0,0,0,879
01/24/2003,MDW,IL,AGL,CE,Combined TRACON& Tower with Radar,489,250,77,1,817,24,0,0,0,24,513,250,77,1,841,0,0,0,841
01/25/2003,MDW,IL,AGL,CE,Combined TRACON& Tower with Radar,382,179,60,0,621,39,0,0,0,39,421,179,60,0,660,0,0,0,660
01/26/2003,MDW,IL,AGL,CE,Combined TRACON& Tower with Radar,403,196,68,0,667,25,0,12,0,37,428,196,80,0,704,0,0,0,704
01/27/2003,MDW,IL,AGL,CE,Combined TRACON& Tower with Radar,502,250,85,0,837,0,0,26,0,26,502,250,111,0,863,0,0,0,863
01/28/2003,MDW,IL,AGL,CE,Combined TRACON& Tower with Radar,472,275,90,0,837,0,13,48,0,61,472,288,138,0,898,0,0,0,898
01/29/2003,MDW,IL,AGL,CE,Combined TRACON& Tower with Radar,515,293,95,0,903,0,26,39,7,72,515,319,134,7,975,0,0,0,975
01/30/2003,MDW,IL,AGL,CE,Combined TRACON& Tower with Radar,482,290,94,0,866,0,10,96,15,121,482,300,190,15,987,0,0,0,987
01/31/2003,MDW,IL,AGL,CE,Combined TRACON& Tower with Radar,504,268,86,0,858,0,11,0,0,11,504,279,86,0,869,0,0,0,869
02/01/2003,MDW,IL,AGL,CE,Combined TRACON& Tower with Radar,316,167,22,0,505,55,0,0,0,55,371,167,22,0,560,0,0,0,560
02/02/2003,MDW,IL,AGL,CE,Combined TRACON& Tower with Radar,395,207,48,0,650,44,0,0,0,44,439,207,48,0,694,0,0,0,694
02/03/2003,MDW,IL,AGL,CE,Combined TRACON& Tower with Radar,213,128,74,0,415,0,0,6,0,6,213,128,80,0,421,0,0,0,421
02/04/2003,MDW,IL,AGL,CE,Combined TRACON& Tower with Radar,479,268,103,1,851,0,14,28,11,53,479,282,131,12,904,0,0,0,904
02/05/2003,MDW,IL,AGL,CE,Combined TRACON& Tower with Radar,494,273,105,1,873,0,9,20,9,38,494,282,125,10,911,0,0,0,911
02/06/2003,MDW,IL,AGL,CE,Combined TRACON& Tower with Radar,482,280,107,1,870,0,18,46,5,69,482,298,153,6,939,0,0,0,939
02/07/2003,MDW,IL,AGL,CE,Combined TRACON& Tower with Radar,485,266,100,2,853,0,23,0,7,30,485,289,100,9,883,0,0,0,883
02/08/2003,MDW,IL,AGL,CE,Combined TRACON& Tower with Radar,320,171,49,1,541,43,0,0,2,45,363,171,49,3,586,18,0,18,604
02/09/2003,MDW,IL,AGL,CE,Combined TRACON& Tower with Radar,392,209,81,2,684,32,0,12,3,47,424,209,93,5,731,0,0,0,731
02/10/2003,MDW,IL,AGL,CE,Combined TRACON& Tower with Radar,495,225,103,1,824,12,0,55,0,67,507,225,158,1,891,0,0,0,891
02/11/2003,MDW,IL,AGL,CE,Combined TRACON& Tower with Radar,480,278,105,2,865,0,7,33,2,42,480,285,138,4,907,0,0,0,907
02/12/2003,MDW,IL,AGL,CE,Combined TRACON& Tower with Radar,491,288,109,2,890,0,25,36,6,67,491,313,145,8,957,0,0,0,957
02/13/2003,MDW,IL,AGL,CE,Combined TRACON& Tower with Radar,491,306,117,2,916,0,30,73,8,111,491,336,190,10,1027,0,0,0,1027
02/14/2003,MDW,IL,AGL,CE,Combined TRACON& Tower with Radar,494,272,104,0,870,0,15,5,0,20,494,287,109,0,890,0,0,0,890
02/15/2003,MDW,IL,AGL,CE,Combined TRACON& Tower with Radar,343,180,56,0,579,23,0,0,0,23,366,180,56,0,602,0,0,0,602
02/16/2003,MDW,IL,AGL,CE,Combined TRACON& Tower with Radar,365,169,75,0,609,48,0,2,0,50,413,169,77,0,659,0,0,0,659
02/17/2003,MDW,IL,AGL,CE,Combined TRACON& Tower with Radar,464,243,98,1,806,0,0,28,0,28,464,243,126,1,834,0,0,0,834
02/18/2003,MDW,IL,AGL,CE,Combined TRACON& Tower with Radar,495,240,105,2,842,0,0,60,0,60,495,240,165,2,902,0,0,0,902
02/19/2003,MDW,IL,AGL,CE,Combined TRACON& Tower with Radar,485,285,108,1,879,0,19,62,9,90,485,304,170,10,969,0,0,0,969
02/20/2003,MDW,IL,AGL,CE,Combined TRACON& Tower with Radar,497,281,107,1,886,0,6,61,5,72,497,287,168,6,958,4,0,4,962
02/21/2003,MDW,IL,AGL,CE,Combined TRACON& Tower with Radar,476,258,98,1,833,19,2,18,1,40,495,260,116,2,873,2,0,2,875
02/22/2003,MDW,IL,AGL,CE,Combined TRACON& Tower with Radar,361,191,18,1,571,57,0,0,3,60,418,191,18,4,631,0,0,0,631
02/23/2003,MDW,IL,AGL,CE,Combined TRACON& Tower with Radar,405,201,83,0,689,28,0,23,0,51,433,201,106,0,740,0,0,0,740
02/24/2003,MDW,IL,AGL,CE,Combined TRACON& Tower with Radar,465,235,96,1,797,15,0,26,1,42,480,235,122,2,839,0,0,0,839
02/25/2003,MDW,IL,AGL,CE,Combined TRACON& Tower with Radar,494,288,110,1,893,0,12,52,4,68,494,300,162,5,961,0,0,0,961
02/26/2003,MDW,IL,AGL,CE,Combined TRACON& Tower with Radar,497,278,106,1,882,0,4,42,10,56,497,282,148,11,938,0,0,0,938
02/27/2003,MDW,IL,AGL,CE,Combined TRACON& Tower with Radar,497,281,107,1,886,0,19,31,7,57,497,300,138,8,943,0,0,0,943
02/28/2003,MDW,IL,AGL,CE,Combined TRACON& Tower with Radar,494,272,103,1,870,0,11,25,0,36,494,283,128,1,906,0,0,0,906
03/01/2003,MDW,IL,AGL,CE,Combined TRACON& Tower with Radar,327,168,60,0,555,43,0,0,0,43,370,168,60,0,598,0,0,0,598
03/02/2003,MDW,IL,AGL,CE,Combined TRACON& Tower with Radar,381,184,78,0,643,27,0,1,0,28,408,184,79,0,671,0,0,0,671
03/03/2003,MDW,IL,AGL,CE,Combined TRACON& Tower with Radar,523,234,107,0,864,22,0,43,0,65,545,234,150,0,929,2,0,2,931
03/04/2003,MDW,IL,AGL,CE,Combined TRACON& Tower with Radar,479,271,104,0,854,0,14,22,0,36,479,285,126,0,890,0,0,0,890
03/05/2003,MDW,IL,AGL,CE,Combined TRACON& Tower with Radar,485,283,106,2,876,0,25,29,0,54,485,308,135,2,930,0,0,0,930
03/06/2003,MDW,IL,AGL,CE,Combined TRACON& Tower with Radar,500,281,106,2,889,0,23,17,6,46,500,304,123,8,935,0,0,0,935
03/07/2003,MDW,IL,AGL,CE,Combined TRACON& Tower with Radar,492,274,103,2,871,0,16,22,0,38,492,290,125,2,909,0,0,0,909
03/08/2003,MDW,IL,AGL,CE,Combined TRACON& Tower with Radar,347,186,56,1,590,19,2,0,0,21,366,188,56,1,611,0,0,0,611
03/09/2003,MDW,IL,AGL,CE,Combined TRACON& Tower with Radar,395,198,80,1,674,36,0,4,3,43,431,198,84,4,717,0,0,0,717
03/10/2003,MDW,IL,AGL,CE,Combined TRACON& Tower with Radar,477,245,98,1,821,23,0,11,0,34,500,245,109,1,855,0,0,0,855
03/11/2003,MDW,IL,AGL,CE,Combined TRACON& Tower with Radar,505,278,106,2,891,0,26,2,2,30,505,304,108,4,921,2,0,2,923
03/12/2003,MDW,IL,AGL,CE,Combined TRACON& Tower with Radar,502,293,112,2,909,0,10,45,5,60,502,303,157,7,969,0,0,0,969
03/13/2003,MDW,IL,AGL,CE,Combined TRACON& Tower with Radar,507,305,116,2,930,0,2,75,2,79,507,307,191,4,1009,0,0,0,1009
03/14/2003,MDW,IL,AGL,CE,Combined TRACON& Tower with Radar,509,278,105,1,893,0,25,44,2,71,509,303,149,3,964,2,0,2,966
03/15/2003,MDW,IL,AGL,CE,Combined TRACON& Tower with Radar,354,188,72,0,614,11,0,18,0,29,365,188,90,0,643,0,0,0,643
03/16/2003,MDW,IL,AGL,CE,Combined TRACON& Tower with Radar,381,173,78,0,632,38,0,14,2,54,419,173,92,2,686,0,0,0,686
03/17/2003,MDW,IL,AGL,CE,Combined TRACON& Tower with Radar,488,234,100,1,823,18,0,23,0,41,506,234,123,1,864,0,0,0,864
03/18/2003,MDW,IL,AGL,CE,Combined TRACON& Tower with Radar,443,230,95,0,768,0,0,43,0,43,443,230,138,0,811,0,0,0,811
03/19/2003,MDW,IL,AGL,CE,Combined TRACON& Tower with Radar,485,288,110,1,884,0,38,19,2,59,485,326,129,3,943,0,0,0,943
03/20/2003,MDW,IL,AGL,CE,Combined TRACON& Tower with Radar,482,242,99,1,824,0,0,37,6,43,482,242,136,7,867,0,0,0,867
03/21/2003,MDW,IL,AGL,CE,Combined TRACON& Tower with Radar,502,268,102,1,873,8,8,2,3,21,510,276,104,4,894,0,0,0,894
03/22/2003,MDW,IL,AGL,CE,Combined TRACON& Tower with Radar,327,163,61,0,551,42,0,0,2,44,369,163,61,2,595,0,0,0,595
03/23/2003,MDW,IL,AGL,CE,Combined TRACON& Tower with Radar,404,198,83,0,685,30,0,35,4,69,434,198,118,4,754,0,0,0,754
03/24/2003,MDW,IL,AGL,CE,Combined TRACON& Tower with Radar,467,232,96,0,795,33,0,22,0,55,500,232,118,0,850,0,0,0,850
03/25/2003,MDW,IL,AGL,CE,Combined TRACON& Tower with Radar,500,280,107,1,888,0,31,19,7,57,500,311,126,8,945,0,0,0,945
03/26/2003,MDW,IL,AGL,CE,Combined TRACON& Tower with Radar,489,280,108,1,878,0,33,42,5,80,489,313,150,6,958,0,0,0,958
03/27/2003,MDW,IL,AGL,CE,Combined TRACON& Tower with Radar,503,293,112,1,909,0,22,51,6,79,503,315,163,7,988,0,0,0,988
03/28/2003,MDW,IL,AGL,CE,Combined TRACON& Tower with Radar,506,275,104,1,886,0,13,8,2,23,506,288,112,3,909,0,0,0,909
03/29/2003,MDW,IL,AGL,CE,Combined TRACON& Tower with Radar,338,164,69,0,571,33,0,3,0,36,371,164,72,0,607,0,0,0,607
03/30/2003,MDW,IL,AGL,CE,Combined TRACON& Tower with Radar,403,208,82,0,693,31,0,1,1,33,434,208,83,1,726,0,0,0,726
03/31/2003,MDW,IL,AGL,CE,Combined TRACON& Tower with Radar,482,217,98,0,797,17,0,63,0,80,499,217,161,0,877,0,0,0,877
04/01/2003,MDW,IL,AGL,CE,Combined TRACON& Tower with Radar,509,293,141,1,944,0,17,44,12,73,509,310,185,13,1017,2,0,2,1019
04/02/2003,MDW,IL,AGL,CE,Combined TRACON& Tower with Radar,499,284,138,1,922,0,22,37,4,63,499,306,175,5,985,0,0,0,985
04/03/2003,MDW,IL,AGL,CE,Combined TRACON& Tower with Radar,518,298,145,0,961,0,8,17,0,25,518,306,162,0,986,0,0,0,986
04/04/2003,MDW,IL,AGL,CE,Combined TRACON& Tower with Radar,476,259,105,0,840,33,0,0,0,33,509,259,105,0,873,0,0,0,873
04/05/2003,MDW,IL,AGL,CE,Combined TRACON& Tower with Radar,341,182,92,1,616,33,0,7,8,48,374,182,99,9,664,0,0,0,664
04/06/2003,MDW,IL,AGL,CE,Combined TRACON& Tower with Radar,403,202,109,1,715,36,0,27,7,70,439,202,136,8,785,0,0,0,785
04/07/2003,MDW,IL,AGL,CE,Combined TRACON& Tower with Radar,447,237,102,0,786,33,0,0,0,33,480,237,102,0,819,0,0,0,819
04/08/2003,MDW,IL,AGL,CE,Combined TRACON& Tower with Radar,497,302,147,0,946,0,5,51,0,56,497,307,198,0,1002,0,0,0,1002
04/09/2003,MDW,IL,AGL,CE,Combined TRACON& Tower with Radar,493,309,149,1,952,0,34,54,0,88,493,343,203,1,1040,0,0,0,1040
04/10/2003,MDW,IL,AGL,CE,Combined TRACON& Tower with Radar,501,299,145,1,946,0,21,51,5,77,501,320,196,6,1023,0,0,0,1023
04/11/2003,MDW,IL,AGL,CE,Combined TRACON& Tower with Radar,490,302,147,0,939,0,28,63,0,91,490,330,210,0,1030,0,0,0,1030
04/12/2003,MDW,IL,AGL,CE,Combined TRACON& Tower with Radar,309,162,83,1,555,61,0,14,3,78,370,162,97,4,633,0,0,0,633
04/13/2003,MDW,IL,AGL,CE,Combined TRACON& Tower with Radar,401,197,108,0,706,26,0,47,0,73,427,197,155,0,779,0,0,0,779
04/14/2003,MDW,IL,AGL,CE,Combined TRACON& Tower with Radar,486,242,131,1,860,15,0,58,0,73,501,242,189,1,933,0,0,0,933
04/15/2003,MDW,IL,AGL,CE,Combined TRACON& Tower with Radar,485,294,142,1,922,0,0,65,1,66,485,294,207,2,988,0,0,0,988
04/16/2003,MDW,IL,AGL,CE,Combined TRACON& Tower with Radar,512,288,140,0,940,0,3,38,0,41,512,291,178,0,981,0,0,0,981
04/17/2003,MDW,IL,AGL,CE,Combined TRACON& Tower with Radar,512,295,144,1,952,0,38,4,0,42,512,333,148,1,994,0,0,0,994
04/18/2003,MDW,IL,AGL,CE,Combined TRACON& Tower with Radar,476,265,126,1,868,19,12,0,1,32,495,277,126,2,900,0,0,0,900
04/19/2003,MDW,IL,AGL,CE,Combined TRACON& Tower with Radar,323,169,57,0,549,59,0,0,0,59,382,169,57,0,608,0,0,0,608
04/20/2003,MDW,IL,AGL,CE,Combined TRACON& Tower with Radar,372,192,53,1,618,45,0,0,2,47,417,192,53,3,665,0,0,0,665
04/21/2003,MDW,IL,AGL,CE,Combined TRACON& Tower with Radar,513,252,139,1,905,0,0,58,1,59,513,252,197,2,964,0,0,0,964
04/22/2003,MDW,IL,AGL,CE,Combined TRACON& Tower with Radar,501,293,142,2,938,0,27,22,1,50,501,320,164,3,988,0,0,0,988
04/23/2003,MDW,IL,AGL,CE,Combined TRACON& Tower with Radar,483,289,141,1,914,0,12,90,0,102,483,301,231,1,1016,0,0,0,1016
04/24/2003,MDW,IL,AGL,CE,Combined TRACON& Tower with Radar,507,309,149,2,967,0,18,87,9,114,507,327,236,11,1081,0,0,0,1081
04/25/2003,MDW,IL,AGL,CE,Combined TRACON& Tower with Radar,504,280,136,0,920,0,2,33,1,36,504,282,169,1,956,0,0,0,956
04/26/2003,MDW,IL,AGL,CE,Combined TRACON& Tower with Radar,336,166,90,0,592,33,0,47,1,81,369,166,137,1,673,8,0,8,681
04/27/2003,MDW,IL,AGL,CE,Combined TRACON& Tower with Radar,376,189,102,0,667,27,0,49,2,78,403,189,151,2,745,0,0,0,745
04/28/2003,MDW,IL,AGL,CE,Combined TRACON& Tower with Radar,484,235,131,0,850,12,0,60,0,72,496,235,191,0,922,0,0,0,922
04/29/2003,MDW,IL,AGL,CE,Combined TRACON& Tower with Radar,498,289,141,0,928,0,8,45,5,58,498,297,186,5,986,0,0,0,986
04/30/2003,MDW,IL,AGL,CE,Combined TRACON& Tower with Radar,497,283,137,0,917,0,5,12,0,17,497,288,149,0,934,0,0,0,934
05/01/2003,MDW,IL,AGL,CE,Combined TRACON& Tower with Radar,517,282,156,0,955,0,0,7,0,7,517,282,163,0,962,0,0,0,962
05/02/2003,MDW,IL,AGL,CE,Combined TRACON& Tower with Radar,487,272,149,1,909,0,15,46,7,68,487,287,195,8,977,8,0,8,985
05/03/2003,MDW,IL,AGL,CE,Combined TRACON& Tower with Radar,362,175,109,1,647,24,0,55,3,82,386,175,164,4,729,6,0,6,735
05/04/2003,MDW,IL,AGL,CE,Combined TRACON& Tower with Radar,438,204,132,1,775,6,0,62,2,70,444,204,194,3,845,0,30,30,875
05/05/2003,MDW,IL,AGL,CE,Combined TRACON& Tower with Radar,493,243,149,0,885,8,0,47,0,55,501,243,196,0,940,2,0,2,942
05/06/2003,MDW,IL,AGL,CE,Combined TRACON& Tower with Radar,504,315,173,1,993,0,6,116,2,124,504,321,289,3,1117,0,0,0,1117
05/07/2003,MDW,IL,AGL,CE,Combined TRACON& Tower with Radar,504,295,161,0,960,0,35,23,0,58,504,330,184,0,1018,0,0,0,1018
05/08/2003,MDW,IL,AGL,CE,Combined TRACON& Tower with Radar,503,303,166,1,973,0,24,42,2,68,503,327,208,3,1041,0,0,0,1041
05/09/2003,MDW,IL,AGL,CE,Combined TRACON& Tower with Radar,496,274,151,1,922,0,10,33,0,43,496,284,184,1,965,0,0,0,965
05/10/2003,MDW,IL,AGL,CE,Combined TRACON& Tower with Radar,326,159,71,0,556,59,0,0,0,59,385,159,71,0,615,0,0,0,615
05/11/2003,MDW,IL,AGL,CE,Combined TRACON& Tower with Radar,387,207,71,0,665,52,0,0,0,52,439,207,71,0,717,0,0,0,717
05/12/2003,MDW,IL,AGL,CE,Combined TRACON& Tower with Radar,482,243,144,2,871,26,0,31,0,57,508,243,175,2,928,0,0,0,928
05/13/2003,MDW,IL,AGL,CE,Combined TRACON& Tower with Radar,498,298,162,2,960,0,21,105,2,128,498,319,267,4,1088,0,0,0,1088
05/14/2003,MDW,IL,AGL,CE,Combined TRACON& Tower with Radar,490,291,159,2,942,0,20,47,3,70,490,311,206,5,1012,0,0,0,1012
05/15/2003,MDW,IL,AGL,CE,Combined TRACON& Tower with Radar,558,335,183,2,1078,0,25,64,1,90,558,360,247,3,1168,0,0,0,1168
05/16/2003,MDW,IL,AGL,CE,Combined TRACON& Tower with Radar,475,286,155,2,918,0,37,51,4,92,475,323,206,6,1010,0,0,0,1010
05/17/2003,MDW,IL,AGL,CE,Combined TRACON& Tower with Radar,357,179,106,2,644,23,0,43,14,80,380,179,149,16,724,2,0,2,726
05/18/2003,MDW,IL,AGL,CE,Combined TRACON& Tower with Radar,438,225,130,1,794,2,0,48,0,50,440,225,178,1,844,0,0,0,844
05/19/2003,MDW,IL,AGL,CE,Combined TRACON& Tower with Radar,540,277,166,2,985,0,0,62,1,63,540,277,228,3,1048,0,0,0,1048
05/20/2003,MDW,IL,AGL,CE,Combined TRACON& Tower with Radar,500,290,158,2,950,0,29,37,2,68,500,319,195,4,1018,0,0,0,1018
05/21/2003,MDW,IL,AGL,CE,Combined TRACON& Tower with Radar,485,282,154,2,923,0,35,50,8,93,485,317,204,10,1016,0,0,0,1016
05/22/2003,MDW,IL,AGL,CE,Combined TRACON& Tower with Radar,495,288,158,2,943,0,32,64,6,102,495,320,222,8,1045,0,0,0,1045
05/23/2003,MDW,IL,AGL,CE,Combined TRACON& Tower with Radar,488,269,147,2,906,0,34,29,0,63,488,303,176,2,969,0,0,0,969
05/24/2003,MDW,IL,AGL,CE,Combined TRACON& Tower with Radar,273,107,81,1,462,73,0,4,0,77,346,107,85,1,539,0,0,0,539
05/25/2003,MDW,IL,AGL,CE,Combined TRACON& Tower with Radar,257,113,76,1,447,62,0,5,0,67,319,113,81,1,514,0,0,0,514
05/26/2003,MDW,IL,AGL,CE,Combined TRACON& Tower with Radar,314,117,94,0,525,87,0,1,0,88,401,117,95,0,613,0,0,0,613
05/27/2003,MDW,IL,AGL,CE,Combined TRACON& Tower with Radar,481,228,144,2,855,25,0,66,5,96,506,228,210,7,951,0,0,0,951
05/28/2003,MDW,IL,AGL,CE,Combined TRACON& Tower with Radar,507,290,158,1,956,0,3,53,2,58,507,293,211,3,1014,0,0,0,1014
05/29/2003,MDW,IL,AGL,CE,Combined TRACON& Tower with Radar,505,286,157,1,949,0,25,49,7,81,505,311,206,8,1030,4,0,4,1034
05/30/2003,MDW,IL,AGL,CE,Combined TRACON& Tower with Radar,489,266,146,1,902,14,0,33,1,48,503,266,179,2,950,0,0,0,950
05/31/2003,MDW,IL,AGL,CE,Combined TRACON& Tower with Radar,315,170,52,0,537,49,0,0,0,49,364,170,52,0,586,0,0,0,586
06/01/2003,MDW,IL,AGL,CE,Combined TRACON& Tower with Radar,372,186,123,0,681,72,0,1,4,77,444,186,124,4,758,4,0,4,762
06/02/2003,MDW,IL,AGL,CE,Combined TRACON& Tower with Radar,435,239,143,1,818,54,0,0,0,54,489,239,143,1,872,0,0,0,872
06/03/2003,MDW,IL,AGL,CE,Combined TRACON& Tower with Radar,511,298,171,1,981,0,15,26,11,52,511,313,197,12,1033,0,0,0,1033
06/04/2003,MDW,IL,AGL,CE,Combined TRACON& Tower with Radar,499,299,172,1,971,0,22,55,4,81,499,321,227,5,1052,0,0,0,1052
06/05/2003,MDW,IL,AGL,CE,Combined TRACON& Tower with Radar,490,291,168,1,950,0,33,53,5,91,490,324,221,6,1041,8,0,8,1049
06/06/2003,MDW,IL,AGL,CE,Combined TRACON& Tower with Radar,504,290,167,1,962,0,3,34,3,40,504,293,201,4,1002,0,0,0,1002
06/07/2003,MDW,IL,AGL,CE,Combined TRACON& Tower with Radar,346,176,113,1,636,47,0,55,0,102,393,176,168,1,738,6,0,6,744
06/08/2003,MDW,IL,AGL,CE,Combined TRACON& Tower with Radar,420,231,136,2,789,32,0,0,1,33,452,231,136,3,822,0,0,0,822
06/09/2003,MDW,IL,AGL,CE,Combined TRACON& Tower with Radar,488,262,160,2,912,6,0,80,0,86,494,262,240,2,998,0,0,0,998
06/10/2003,MDW,IL,AGL,CE,Combined TRACON& Tower with Radar,510,310,177,0,997,0,27,34,0,61,510,337,211,0,1058,0,0,0,1058
06/11/2003,MDW,IL,AGL,CE,Combined TRACON& Tower with Radar,519,316,181,2,1018,0,4,40,3,47,519,320,221,5,1065,0,0,0,1065
06/12/2003,MDW,IL,AGL,CE,Combined TRACON& Tower with Radar,524,337,193,2,1056,0,17,79,1,97,524,354,272,3,1153,0,0,0,1153
06/13/2003,MDW,IL,AGL,CE,Combined TRACON& Tower with Radar,488,288,165,0,941,0,14,33,0,47,488,302,198,0,988,0,0,0,988
06/14/2003,MDW,IL,AGL,CE,Combined TRACON& Tower with Radar,348,194,113,1,656,45,0,4,0,49,393,194,117,1,705,0,0,0,705
06/15/2003,MDW,IL,AGL,CE,Combined TRACON& Tower with Radar,437,231,142,2,812,22,0,68,2,92,459,231,210,4,904,0,0,0,904
06/16/2003,MDW,IL,AGL,CE,Combined TRACON& Tower with Radar,500,253,163,0,916,12,0,78,0,90,512,253,241,0,1006,6,0,6,1012
06/17/2003,MDW,IL,AGL,CE,Combined TRACON& Tower with Radar,518,289,173,0,980,0,0,112,0,112,518,289,285,0,1092,0,0,0,1092
06/18/2003,MDW,IL,AGL,CE,Combined TRACON& Tower with Radar,493,296,171,1,961,0,0,67,0,67,493,296,238,1,1028,0,0,0,1028
06/19/2003,MDW,IL,AGL,CE,Combined TRACON& Tower with Radar,505,307,177,2,991,0,16,57,4,77,505,323,234,6,1068,0,0,0,1068
06/20/2003,MDW,IL,AGL,CE,Combined TRACON& Tower with Radar,515,292,167,2,976,1,0,75,1,77,516,292,242,3,1053,0,0,0,1053
06/21/2003,MDW,IL,AGL,CE,Combined TRACON& Tower with Radar,336,177,109,0,622,61,0,4,3,68,397,177,113,3,690,0,0,0,690
06/22/2003,MDW,IL,AGL,CE,Combined TRACON& Tower with Radar,420,223,136,1,780,13,0,68,1,82,433,223,204,2,862,0,0,0,862
06/23/2003,MDW,IL,AGL,CE,Combined TRACON& Tower with Radar,490,255,159,0,904,11,0,71,0,82,501,255,230,0,986,0,0,0,986
06/24/2003,MDW,IL,AGL,CE,Combined TRACON& Tower with Radar,501,328,189,0,1018,0,17,115,0,132,501,345,304,0,1150,0,0,0,1150
06/25/2003,MDW,IL,AGL,CE,Combined TRACON& Tower with Radar,508,338,195,1,1042,0,30,113,1,144,508,368,308,2,1186,0,0,0,1186
06/26/2003,MDW,IL,AGL,CE,Combined TRACON& Tower with Radar,520,327,189,1,1037,0,18,67,1,86,520,345,256,2,1123,0,0,0,1123
06/27/2003,MDW,IL,AGL,CE,Combined TRACON& Tower with Radar,503,290,166,1,960,0,28,52,7,87,503,318,218,8,1047,0,0,0,1047
06/28/2003,MDW,IL,AGL,CE,Combined TRACON& Tower with Radar,341,176,96,0,613,55,0,0,3,58,396,176,96,3,671,0,0,0,671
06/29/2003,MDW,IL,AGL,CE,Combined TRACON& Tower with Radar,404,226,131,0,761,51,0,24,0,75,455,226,155,0,836,12,0,12,848
06/30/2003,MDW,IL,AGL,CE,Combined TRACON& Tower with Radar,455,243,148,1,847,47,0,15,1,63,502,243,163,2,910,0,0,0,910
07/01/2003,MDW,IL,AGL,CE,Combined TRACON& Tower with Radar,502,273,132,0,907,6,25,29,0,60,508,298,161,0,967,4,0,4,971
07/02/2003,MDW,IL,AGL,CE,Combined TRACON& Tower with Radar,505,277,133,3,918,0,22,45,5,72,505,299,178,8,990,0,0,0,990
07/03/2003,MDW,IL,AGL,CE,Combined TRACON& Tower with Radar,491,269,130,2,892,24,25,23,4,76,515,294,153,6,968,0,0,0,968
07/04/2003,MDW,IL,AGL,CE,Combined TRACON& Tower with Radar,240,94,21,1,356,79,0,0,1,80,319,94,21,2,436,28,0,28,464
07/05/2003,MDW,IL,AGL,CE,Combined TRACON& Tower with Radar,259,102,58,1,420,70,0,0,1,71,329,102,58,2,491,0,0,0,491
07/06/2003,MDW,IL,AGL,CE,Combined TRACON& Tower with Radar,363,182,92,2,639,46,0,0,2,48,409,182,92,4,687,0,0,0,687
07/07/2003,MDW,IL,AGL,CE,Combined TRACON& Tower with Radar,472,233,117,2,824,54,0,0,0,54,526,233,117,2,878,0,0,0,878
07/08/2003,MDW,IL,AGL,CE,Combined TRACON& Tower with Radar,495,271,112,0,878,9,22,0,0,31,504,293,112,0,909,0,0,0,909
07/09/2003,MDW,IL,AGL,CE,Combined TRACON& Tower with Radar,498,282,134,0,914,0,27,17,0,44,498,309,151,0,958,0,0,0,958
07/10/2003,MDW,IL,AGL,CE,Combined TRACON& Tower with Radar,520,302,144,4,970,0,4,73,0,77,520,306,217,4,1047,0,0,0,1047
07/11/2003,MDW,IL,AGL,CE,Combined TRACON& Tower with Radar,503,285,136,3,927,0,24,30,0,54,503,309,166,3,981,0,0,0,981
07/12/2003,MDW,IL,AGL,CE,Combined TRACON& Tower with Radar,357,179,93,3,632,36,0,48,1,85,393,179,141,4,717,0,0,0,717
07/13/2003,MDW,IL,AGL,CE,Combined TRACON& Tower with Radar,435,218,114,3,770,21,0,64,7,92,456,218,178,10,862,6,0,6,868
07/14/2003,MDW,IL,AGL,CE,Combined TRACON& Tower with Radar,489,231,128,3,851,16,0,72,2,90,505,231,200,5,941,0,0,0,941
07/15/2003,MDW,IL,AGL,CE,Combined TRACON& Tower with Radar,525,287,137,4,953,21,30,96,6,153,546,317,233,10,1106,0,0,0,1106
07/16/2003,MDW,IL,AGL,CE,Combined TRACON& Tower with Radar,502,318,152,4,976,0,13,129,1,143,502,331,281,5,1119,2,0,2,1121
07/17/2003,MDW,IL,AGL,CE,Combined TRACON& Tower with Radar,464,303,148,4,919,0,0,100,20,120,464,303,248,24,1039,0,0,0,1039
07/18/2003,MDW,IL,AGL,CE,Combined TRACON& Tower with Radar,474,266,143,2,885,0,0,0,0,0,474,266,143,2,885,0,0,0,885
07/19/2003,MDW,IL,AGL,CE,Combined TRACON& Tower with Radar,353,168,92,2,615,49,0,30,3,82,402,168,122,5,697,0,0,0,697
07/20/2003,MDW,IL,AGL,CE,Combined TRACON& Tower with Radar,391,184,102,2,679,53,0,19,6,78,444,184,121,8,757,0,0,0,757
07/21/2003,MDW,IL,AGL,CE,Combined TRACON& Tower with Radar,471,256,123,2,852,10,27,16,0,53,481,283,139,2,905,0,0,0,905
07/22/2003,MDW,IL,AGL,CE,Combined TRACON& Tower with Radar,514,299,143,2,958,0,29,48,0,77,514,328,191,2,1035,0,0,0,1035
07/23/2003,MDW,IL,AGL,CE,Combined TRACON& Tower with Radar,503,298,143,3,947,0,14,99,8,121,503,312,242,11,1068,0,0,0,1068
07/24/2003,MDW,IL,AGL,CE,Combined TRACON& Tower with Radar,503,294,139,3,939,0,40,0,1,41,503,334,139,4,980,129,4,133,1113
07/25/2003,MDW,IL,AGL,CE,Combined TRACON& Tower with Radar,504,282,135,3,924,0,4,125,2,131,504,286,260,5,1055,0,0,0,1055
07/26/2003,MDW,IL,AGL,CE,Combined TRACON& Tower with Radar,371,182,96,2,651,39,0,26,0,65,410,182,122,2,716,0,0,0,716
07/27/2003,MDW,IL,AGL,CE,Combined TRACON& Tower with Radar,395,182,103,2,682,15,0,28,1,44,410,182,131,3,726,0,0,0,726
07/28/2003,MDW,IL,AGL,CE,Combined TRACON& Tower with Radar,480,250,121,0,851,19,0,0,0,19,499,250,121,0,870,0,5,5,875
07/29/2003,MDW,IL,AGL,CE,Combined TRACON& Tower with Radar,488,293,141,3,925,0,28,86,4,118,488,321,227,7,1043,6,0,6,1049
07/30/2003,MDW,IL,AGL,CE,Combined TRACON& Tower with Radar,523,302,144,3,972,0,19,67,2,88,523,321,211,5,1060,0,0,0,1060
07/31/2003,MDW,IL,AGL,CE,Combined TRACON& Tower with Radar,493,296,141,3,933,0,26,87,1,114,493,322,228,4,1047,0,0,0,1047
08/01/2003,MDW,IL,AGL,CE,Combined TRACON& Tower with Radar,487,264,132,1,884,0,16,0,1,17,487,280,132,2,901,0,0,0,901
08/02/2003,MDW,IL,AGL,CE,Combined TRACON& Tower with Radar,358,183,97,0,638,43,0,15,0,58,401,183,112,0,696,0,0,0,696
08/03/2003,MDW,IL,AGL,CE,Combined TRACON& Tower with Radar,389,200,106,0,695,27,0,25,0,52,416,200,131,0,747,0,0,0,747
08/04/2003,MDW,IL,AGL,CE,Combined TRACON& Tower with Radar,491,249,134,1,875,23,0,15,0,38,514,249,149,1,913,0,0,0,913
08/05/2003,MDW,IL,AGL,CE,Combined TRACON& Tower with Radar,481,267,134,2,884,0,3,71,0,74,481,270,205,2,958,0,0,0,958
08/06/2003,MDW,IL,AGL,CE,Combined TRACON& Tower with Radar,507,284,142,3,936,0,33,30,1,64,507,317,172,4,1000,0,0,0,1000
08/07/2003,MDW,IL,AGL,CE,Combined TRACON& Tower with Radar,507,285,142,3,937,0,33,52,1,86,507,318,194,4,1023,0,0,0,1023
08/08/2003,MDW,IL,AGL,CE,Combined TRACON& Tower with Radar,492,260,133,2,887,10,0,33,0,43,502,260,166,2,930,0,0,0,930
08/09/2003,MDW,IL,AGL,CE,Combined TRACON& Tower with Radar,377,203,102,2,684,41,0,16,9,66,418,203,118,11,750,0,0,0,750
08/10/2003,MDW,IL,AGL,CE,Combined TRACON& Tower with Radar,447,241,102,2,792,12,6,0,0,18,459,247,102,2,810,60,7,67,877
08/11/2003,MDW,IL,AGL,CE,Combined TRACON& Tower with Radar,508,244,139,0,891,0,0,63,0,63,508,244,202,0,954,0,0,0,954
08/12/2003,MDW,IL,AGL,CE,Combined TRACON& Tower with Radar,501,293,146,3,943,0,22,78,2,102,501,315,224,5,1045,0,0,0,1045
08/13/2003,MDW,IL,AGL,CE,Combined TRACON& Tower with Radar,507,301,150,3,961,0,31,71,2,104,507,332,221,5,1065,0,0,0,1065
08/14/2003,MDW,IL,AGL,CE,Combined TRACON& Tower with Radar,503,293,147,3,946,0,22,66,3,91,503,315,213,6,1037,0,0,0,1037
08/15/2003,MDW,IL,AGL,CE,Combined TRACON& Tower with Radar,482,295,147,3,927,0,8,123,4,135,482,303,270,7,1062,0,0,0,1062
08/16/2003,MDW,IL,AGL,CE,Combined TRACON& Tower with Radar,371,186,99,2,658,27,0,34,4,65,398,186,133,6,723,0,0,0,723
08/17/2003,MDW,IL,AGL,CE,Combined TRACON& Tower with Radar,429,213,115,2,759,19,0,46,7,72,448,213,161,9,831,19,3,22,853
08/18/2003,MDW,IL,AGL,CE,Combined TRACON& Tower with Radar,476,233,128,2,839,31,0,52,2,85,507,233,180,4,924,2,0,2,926
08/19/2003,MDW,IL,AGL,CE,Combined TRACON& Tower with Radar,520,293,146,3,962,0,16,76,2,94,520,309,222,5,1056,0,0,0,1056
08/20/2003,MDW,IL,AGL,CE,Combined TRACON& Tower with Radar,517,305,153,2,977,0,25,92,1,118,517,330,245,3,1095,0,0,0,1095
08/21/2003,MDW,IL,AGL,CE,Combined TRACON& Tower with Radar,503,287,143,2,935,0,10,61,3,74,503,297,204,5,1009,0,0,0,1009
08/22/2003,MDW,IL,AGL,CE,Combined TRACON& Tower with Radar,511,281,141,1,934,0,25,36,3,64,511,306,177,4,998,0,0,0,998
08/23/2003,MDW,IL,AGL,CE,Combined TRACON& Tower with Radar,381,186,102,0,669,38,0,28,0,66,419,186,130,0,735,0,0,0,735
08/24/2003,MDW,IL,AGL,CE,Combined TRACON& Tower with Radar,426,211,114,1,752,8,0,66,3,77,434,211,180,4,829,2,0,2,831
08/25/2003,MDW,IL,AGL,CE,Combined TRACON& Tower with Radar,491,239,132,0,862,31,0,35,0,66,522,239,167,0,928,0,0,0,928
08/26/2003,MDW,IL,AGL,CE,Combined TRACON& Tower with Radar,494,287,143,2,926,0,25,43,8,76,494,312,186,10,1002,0,0,0,1002
08/27/2003,MDW,IL,AGL,CE,Combined TRACON& Tower with Radar,503,284,141,2,930,0,19,51,7,77,503,303,192,9,1007,0,0,0,1007
08/28/2003,MDW,IL,AGL,CE,Combined TRACON& Tower with Radar,543,298,149,2,992,0,8,66,6,80,543,306,215,8,1072,0,0,0,1072
08/29/2003,MDW,IL,AGL,CE,Combined TRACON& Tower with Radar,506,273,130,1,910,8,21,0,4,33,514,294,130,5,943,0,0,0,943
08/30/2003,MDW,IL,AGL,CE,Combined TRACON& Tower with Radar,284,98,76,1,459,77,0,23,0,100,361,98,99,1,559,0,0,0,559
08/31/2003,MDW,IL,AGL,CE,Combined TRACON& Tower with Radar,247,90,67,0,404,62,0,5,0,67,309,90,72,0,471,0,0,0,471
09/01/2003,MDW,IL,AGL,CE,Combined TRACON& Tower with Radar,352,146,69,0,567,92,0,0,0,92,444,146,69,0,659,0,0,0,659
09/02/2003,MDW,IL,AGL,CE,Combined TRACON& Tower with Radar,467,241,138,2,848,27,0,38,0,65,494,241,176,2,913,0,0,0,913
09/03/2003,MDW,IL,AGL,CE,Combined TRACON& Tower with Radar,498,293,158,3,952,0,8,61,5,74,498,301,219,8,1026,0,0,0,1026
09/04/2003,MDW,IL,AGL,CE,Combined TRACON& Tower with Radar,501,286,153,3,943,0,5,63,8,76,501,291,216,11,1019,0,0,0,1019
09/05/2003,MDW,IL,AGL,CE,Combined TRACON& Tower with Radar,504,295,159,3,961,0,24,67,6,97,504,319,226,9,1058,0,0,0,1058
09/06/2003,MDW,IL,AGL,CE,Combined TRACON& Tower with Radar,353,173,105,2,633,49,0,13,13,75,402,173,118,15,708,0,0,0,708
09/07/2003,MDW,IL,AGL,CE,Combined TRACON& Tower with Radar,404,196,120,2,722,63,0,15,4,82,467,196,135,6,804,0,0,0,804
09/08/2003,MDW,IL,AGL,CE,Combined TRACON& Tower with Radar,485,250,144,1,880,32,0,39,0,71,517,250,183,1,951,0,0,0,951
09/09/2003,MDW,IL,AGL,CE,Combined TRACON& Tower with Radar,503,297,160,3,963,0,17,64,2,83,503,314,224,5,1046,0,0,0,1046
09/10/2003,MDW,IL,AGL,CE,Combined TRACON& Tower with Radar,502,309,166,4,981,0,19,80,4,103,502,328,246,8,1084,0,0,0,1084
09/11/2003,MDW,IL,AGL,CE,Combined TRACON& Tower with Radar,499,294,157,4,954,0,22,37,12,71,499,316,194,16,1025,0,0,0,1025
09/12/2003,MDW,IL,AGL,CE,Combined TRACON& Tower with Radar,536,302,162,0,1000,0,31,12,0,43,536,333,174,0,1043,0,0,0,1043
09/13/2003,MDW,IL,AGL,CE,Combined TRACON& Tower with Radar,334,163,89,3,589,10,0,0,36,46,344,163,89,39,635,0,0,0,635
09/14/2003,MDW,IL,AGL,CE,Combined TRACON& Tower with Radar,450,211,133,1,795,31,0,21,0,52,481,211,154,1,847,0,0,0,847
09/15/2003,MDW,IL,AGL,CE,Combined TRACON& Tower with Radar,480,246,142,2,870,41,0,38,0,79,521,246,180,2,949,0,0,0,949
09/16/2003,MDW,IL,AGL,CE,Combined TRACON& Tower with Radar,524,303,162,5,994,0,21,54,3,78,524,324,216,8,1072,0,0,0,1072
09/17/2003,MDW,IL,AGL,CE,Combined TRACON& Tower with Radar,515,314,168,5,1002,0,16,120,14,150,515,330,288,19,1152,0,0,0,1152
09/18/2003,MDW,IL,AGL,CE,Combined TRACON& Tower with Radar,491,292,157,2,942,0,39,47,0,86,491,331,204,2,1028,5,1,6,1034
09/19/2003,MDW,IL,AGL,CE,Combined TRACON& Tower with Radar,507,293,157,2,959,0,29,47,0,76,507,322,204,2,1035,0,0,0,1035
09/20/2003,MDW,IL,AGL,CE,Combined TRACON& Tower with Radar,369,191,108,1,669,18,0,28,0,46,387,191,136,1,715,0,0,0,715
09/21/2003,MDW,IL,AGL,CE,Combined TRACON& Tower with Radar,424,224,125,4,777,39,0,9,1,49,463,224,134,5,826,12,0,12,838
09/22/2003,MDW,IL,AGL,CE,Combined TRACON& Tower with Radar,524,272,154,2,952,1,0,45,0,46,525,272,199,2,998,0,0,0,998
09/23/2003,MDW,IL,AGL,CE,Combined TRACON& Tower with Radar,505,289,156,3,953,0,28,55,0,83,505,317,211,3,1036,0,0,0,1036
09/24/2003,MDW,IL,AGL,CE,Combined TRACON& Tower with Radar,513,302,162,2,979,0,40,30,0,70,513,342,192,2,1049,0,0,0,1049
09/25/2003,MDW,IL,AGL,CE,Combined TRACON& Tower with Radar,523,288,154,1,966,18,9,5,0,32,541,297,159,1,998,0,0,0,998
09/26/2003,MDW,IL,AGL,CE,Combined TRACON& Tower with Radar,345,189,102,1,637,196,108,57,0,361,541,297,159,1,998,0,0,0,998
09/27/2003,MDW,IL,AGL,CE,Combined TRACON& Tower with Radar,385,179,122,1,687,0,0,0,0,0,385,179,122,1,687,0,0,0,687
09/28/2003,MDW,IL,AGL,CE,Combined TRACON& Tower with Radar,441,224,129,3,797,25,0,17,0,42,466,224,146,3,839,0,0,0,839
09/29/2003,MDW,IL,AGL,CE,Combined TRACON& Tower with Radar,526,270,161,0,957,0,0,105,0,105,526,270,266,0,1062,0,0,0,1062
09/30/2003,MDW,IL,AGL,CE,Combined TRACON& Tower with Radar,508,317,169,4,998,0,33,75,5,113,508,350,244,9,1111,0,0,0,1111
10/01/2003,MDW,IL,AGL,CE,Combined TRACON& Tower with Radar,513,296,179,2,990,0,26,36,13,75,513,322,215,15,1065,0,0,0,1065
10/02/2003,MDW,IL,AGL,CE,Combined TRACON& Tower with Radar,521,305,184,2,1012,0,37,43,2,82,521,342,227,4,1094,6,0,6,1100
10/03/2003,MDW,IL,AGL,CE,Combined TRACON& Tower with Radar,418,235,143,1,797,98,91,40,6,235,516,326,183,7,1032,0,0,0,1032
10/04/2003,MDW,IL,AGL,CE,Combined TRACON& Tower with Radar,343,183,113,1,640,45,0,0,5,50,388,183,113,6,690,0,0,0,690
10/05/2003,MDW,IL,AGL,CE,Combined TRACON& Tower with Radar,434,229,147,1,811,40,0,24,5,69,474,229,171,6,880,0,0,0,880
10/06/2003,MDW,IL,AGL,CE,Combined TRACON& Tower with Radar,458,238,155,2,853,59,0,5,2,66,517,238,160,4,919,0,0,0,919
10/07/2003,MDW,IL,AGL,CE,Combined TRACON& Tower with Radar,511,306,184,1,1002,0,11,90,0,101,511,317,274,1,1103,0,0,0,1103
10/08/2003,MDW,IL,AGL,CE,Combined TRACON& Tower with Radar,518,304,183,2,1007,0,4,70,6,80,518,308,253,8,1087,0,0,0,1087
10/09/2003,MDW,IL,AGL,CE,Combined TRACON& Tower with Radar,530,305,184,2,1021,0,16,51,3,70,530,321,235,5,1091,0,0,0,1091
10/10/2003,MDW,IL,AGL,CE,Combined TRACON& Tower with Radar,516,303,183,2,1004,0,3,51,2,56,516,306,234,4,1060,0,0,0,1060
10/11/2003,MDW,IL,AGL,CE,Combined TRACON& Tower with Radar,349,170,119,1,639,47,0,20,1,68,396,170,139,2,707,0,0,0,707
10/12/2003,MDW,IL,AGL,CE,Combined TRACON& Tower with Radar,402,203,137,1,743,25,0,51,0,76,427,203,188,1,819,0,0,0,819
10/13/2003,MDW,IL,AGL,CE,Combined TRACON& Tower with Radar,487,249,164,0,900,33,0,53,0,86,520,249,217,0,986,0,0,0,986
10/14/2003,MDW,IL,AGL,CE,Combined TRACON& Tower with Radar,507,298,185,2,992,0,0,74,0,74,507,298,259,2,1066,0,0,0,1066
10/15/2003,MDW,IL,AGL,CE,Combined TRACON& Tower with Radar,508,316,190,3,1017,0,26,96,3,125,508,342,286,6,1142,0,0,0,1142
10/16/2003,MDW,IL,AGL,CE,Combined TRACON& Tower with Radar,537,323,195,3,1058,0,16,69,3,88,537,339,264,6,1146,0,0,0,1146
10/17/2003,MDW,IL,AGL,CE,Combined TRACON& Tower with Radar,530,296,179,3,1008,4,1,58,0,63,534,297,237,3,1071,0,0,0,1071
10/18/2003,MDW,IL,AGL,CE,Combined TRACON& Tower with Radar,368,201,124,0,693,27,0,29,0,56,395,201,153,0,749,0,0,0,749
10/19/2003,MDW,IL,AGL,CE,Combined TRACON& Tower with Radar,448,235,151,1,835,35,0,48,0,83,483,235,199,1,918,0,0,0,918
10/20/2003,MDW,IL,AGL,CE,Combined TRACON& Tower with Radar,503,247,169,1,920,35,0,40,0,75,538,247,209,1,995,0,0,0,995
10/21/2003,MDW,IL,AGL,CE,Combined TRACON& Tower with Radar,516,293,176,3,988,0,11,69,3,83,516,304,245,6,1071,2,0,2,1073
10/22/2003,MDW,IL,AGL,CE,Combined TRACON& Tower with Radar,520,295,178,3,996,0,25,30,5,60,520,320,208,8,1056,0,0,0,1056
10/23/2003,MDW,IL,AGL,CE,Combined TRACON& Tower with Radar,537,313,189,3,1042,0,34,34,1,69,537,347,223,4,1111,0,0,0,1111
10/24/2003,MDW,IL,AGL,CE,Combined TRACON& Tower with Radar,512,286,173,1,972,9,6,25,0,40,521,292,198,1,1012,0,0,0,1012
10/25/2003,MDW,IL,AGL,CE,Combined TRACON& Tower with Radar,367,178,124,0,669,51,0,3,0,54,418,178,127,0,723,0,0,0,723
10/26/2003,MDW,IL,AGL,CE,Combined TRACON& Tower with Radar,438,226,147,2,813,24,0,30,1,55,462,226,177,3,868,0,0,0,868
10/27/2003,MDW,IL,AGL,CE,Combined TRACON& Tower with Radar,491,244,165,2,902,51,0,26,0,77,542,244,191,2,979,0,0,0,979
10/28/2003,MDW,IL,AGL,CE,Combined TRACON& Tower with Radar,517,313,188,2,1020,0,12,65,0,77,517,325,253,2,1097,0,0,0,1097
10/29/2003,MDW,IL,AGL,CE,Combined TRACON& Tower with Radar,512,331,198,1,1042,0,27,105,0,132,512,358,303,1,1174,0,0,0,1174
10/30/2003,MDW,IL,AGL,CE,Combined TRACON& Tower with Radar,549,339,203,2,1093,0,14,100,0,114,549,353,303,2,1207,0,0,0,1207
10/31/2003,MDW,IL,AGL,CE,Combined TRACON& Tower with Radar,524,294,176,2,996,13,0,13,0,26,537,294,189,2,1022,0,0,0,1022
11/01/2003,MDW,IL,AGL,CE,Combined TRACON& Tower with Radar,394,186,103,2,685,30,0,11,9,50,424,186,114,11,735,0,0,0,735
11/02/2003,MDW,IL,AGL,CE,Combined TRACON& Tower with Radar,492,231,129,1,853,26,0,2,0,28,518,231,131,1,881,0,0,0,881
11/03/2003,MDW,IL,AGL,CE,Combined TRACON& Tower with Radar,488,240,128,0,856,6,0,12,0,18,494,240,140,0,874,0,0,0,874
11/04/2003,MDW,IL,AGL,CE,Combined TRACON& Tower with Radar,504,263,132,2,901,12,18,61,2,93,516,281,193,4,994,0,0,0,994
11/05/2003,MDW,IL,AGL,CE,Combined TRACON& Tower with Radar,529,297,150,2,978,0,30,34,5,69,529,327,184,7,1047,0,0,0,1047
11/06/2003,MDW,IL,AGL,CE,Combined TRACON& Tower with Radar,532,300,152,1,985,0,26,74,0,100,532,326,226,1,1085,0,0,0,1085
11/07/2003,MDW,IL,AGL,CE,Combined TRACON& Tower with Radar,546,298,151,3,998,0,20,54,2,76,546,318,205,5,1074,0,0,0,1074
11/08/2003,MDW,IL,AGL,CE,Combined TRACON& Tower with Radar,377,188,100,2,667,31,0,23,0,54,408,188,123,2,721,6,0,6,727
11/09/2003,MDW,IL,AGL,CE,Combined TRACON& Tower with Radar,456,217,121,2,796,30,0,24,11,65,486,217,145,13,861,0,0,0,861
11/10/2003,MDW,IL,AGL,CE,Combined TRACON& Tower with Radar,522,256,138,2,918,11,0,28,0,39,533,256,166,2,957,0,0,0,957
11/11/2003,MDW,IL,AGL,CE,Combined TRACON& Tower with Radar,542,295,150,1,988,0,13,27,0,40,542,308,177,1,1028,0,0,0,1028
11/12/2003,MDW,IL,AGL,CE,Combined TRACON& Tower with Radar,458,160,122,1,741,34,0,54,0,88,492,160,176,1,829,0,0,0,829
11/13/2003,MDW,IL,AGL,CE,Combined TRACON& Tower with Radar,532,311,158,3,1004,0,26,81,2,109,532,337,239,5,1113,0,0,0,1113
11/14/2003,MDW,IL,AGL,CE,Combined TRACON& Tower with Radar,541,300,152,2,995,0,15,80,4,99,541,315,232,6,1094,0,0,0,1094
11/15/2003,MDW,IL,AGL,CE,Combined TRACON& Tower with Radar,383,197,82,2,664,22,0,0,0,22,405,197,82,2,686,0,0,0,686
11/16/2003,MDW,IL,AGL,CE,Combined TRACON& Tower with Radar,462,233,122,2,819,42,0,21,1,64,504,233,143,3,883,0,0,0,883
11/17/2003,MDW,IL,AGL,CE,Combined TRACON& Tower with Radar,446,190,118,1,755,33,0,29,0,62,479,190,147,1,817,0,0,0,817
11/18/2003,MDW,IL,AGL,CE,Combined TRACON& Tower with Radar,540,302,154,0,996,0,23,29,0,52,540,325,183,0,1048,0,0,0,1048
11/19/2003,MDW,IL,AGL,CE,Combined TRACON& Tower with Radar,531,302,154,1,988,0,21,59,26,106,531,323,213,27,1094,0,0,0,1094
11/20/2003,MDW,IL,AGL,CE,Combined TRACON& Tower with Radar,533,317,161,2,1013,0,28,112,6,146,533,345,273,8,1159,0,0,0,1159
11/21/2003,MDW,IL,AGL,CE,Combined TRACON& Tower with Radar,534,294,150,1,979,0,26,61,0,87,534,320,211,1,1066,0,0,0,1066
11/22/2003,MDW,IL,AGL,CE,Combined TRACON& Tower with Radar,372,193,64,1,630,37,1,0,0,38,409,194,64,1,668,0,0,0,668
11/23/2003,MDW,IL,AGL,CE,Combined TRACON& Tower with Radar,460,231,89,0,780,44,0,0,0,44,504,231,89,0,824,0,0,0,824
11/24/2003,MDW,IL,AGL,CE,Combined TRACON& Tower with Radar,529,269,131,1,930,23,0,0,2,25,552,269,131,3,955,0,0,0,955
11/25/2003,MDW,IL,AGL,CE,Combined TRACON& Tower with Radar,529,286,146,1,962,0,35,16,2,53,529,321,162,3,1015,0,0,0,1015
11/26/2003,MDW,IL,AGL,CE,Combined TRACON& Tower with Radar,534,277,141,0,952,3,28,37,0,68,537,305,178,0,1020,0,0,0,1020
11/27/2003,MDW,IL,AGL,CE,Combined TRACON& Tower with Radar,260,135,23,0,418,38,9,0,0,47,298,144,23,0,465,0,0,0,465
11/28/2003,MDW,IL,AGL,CE,Combined TRACON& Tower with Radar,273,120,72,0,465,45,0,5,0,50,318,120,77,0,515,0,0,0,515
11/29/2003,MDW,IL,AGL,CE,Combined TRACON& Tower with Radar,353,184,74,0,611,30,10,0,0,40,383,194,74,0,651,0,0,0,651
11/30/2003,MDW,IL,AGL,CE,Combined TRACON& Tower with Radar,457,238,120,0,815,21,3,17,0,41,478,241,137,0,856,0,0,0,856
12/01/2003,MDW,IL,AGL,CE,Combined TRACON& Tower with Radar,524,267,119,1,911,7,0,43,0,50,531,267,162,1,961,0,0,0,961
12/02/2003,MDW,IL,AGL,CE,Combined TRACON& Tower with Radar,552,309,130,1,992,0,10,60,3,73,552,319,190,4,1065,0,0,0,1065
12/03/2003,MDW,IL,AGL,CE,Combined TRACON& Tower with Radar,531,324,137,0,992,0,14,99,0,113,531,338,236,0,1105,0,0,0,1105
12/04/2003,MDW,IL,AGL,CE,Combined TRACON& Tower with Radar,537,329,138,0,1004,0,14,76,0,90,537,343,214,0,1094,0,0,0,1094
12/05/2003,MDW,IL,AGL,CE,Combined TRACON& Tower with Radar,507,286,119,2,914,0,7,19,0,26,507,293,138,2,940,0,0,0,940
12/06/2003,MDW,IL,AGL,CE,Combined TRACON& Tower with Radar,361,182,82,1,626,21,0,13,0,34,382,182,95,1,660,0,0,0,660
12/07/2003,MDW,IL,AGL,CE,Combined TRACON& Tower with Radar,462,223,104,2,791,15,0,35,0,50,477,223,139,2,841,0,0,0,841
12/08/2003,MDW,IL,AGL,CE,Combined TRACON& Tower with Radar,514,271,120,2,907,0,0,48,1,49,514,271,168,3,956,0,0,0,956
12/09/2003,MDW,IL,AGL,CE,Combined TRACON& Tower with Radar,530,317,133,2,982,0,17,42,0,59,530,334,175,2,1041,0,0,0,1041
12/10/2003,MDW,IL,AGL,CE,Combined TRACON& Tower with Radar,526,318,133,0,977,0,12,57,0,69,526,330,190,0,1046,0,0,0,1046
12/11/2003,MDW,IL,AGL,CE,Combined TRACON& Tower with Radar,524,303,127,2,956,0,0,73,6,79,524,303,200,8,1035,0,0,0,1035
12/12/2003,MDW,IL,AGL,CE,Combined TRACON& Tower with Radar,526,309,129,2,966,0,17,74,1,92,526,326,203,3,1058,0,0,0,1058
12/13/2003,MDW,IL,AGL,CE,Combined TRACON& Tower with Radar,384,190,87,0,661,25,0,9,0,34,409,190,96,0,695,0,0,0,695
12/14/2003,MDW,IL,AGL,CE,Combined TRACON& Tower with Radar,456,233,100,0,789,19,0,0,0,19,475,233,100,0,808,0,0,0,808
12/15/2003,MDW,IL,AGL,CE,Combined TRACON& Tower with Radar,493,252,111,2,858,11,0,14,0,25,504,252,125,2,883,0,0,0,883
12/16/2003,MDW,IL,AGL,CE,Combined TRACON& Tower with Radar,520,300,127,1,948,0,19,34,2,55,520,319,161,3,1003,0,0,0,1003
12/17/2003,MDW,IL,AGL,CE,Combined TRACON& Tower with Radar,512,300,127,1,940,0,18,52,3,73,512,318,179,4,1013,0,0,0,1013
12/18/2003,MDW,IL,AGL,CE,Combined TRACON& Tower with Radar,519,295,124,1,939,0,0,57,1,58,519,295,181,2,997,0,0,0,997
12/19/2003,MDW,IL,AGL,CE,Combined TRACON& Tower with Radar,520,292,122,1,935,0,5,52,1,58,520,297,174,2,993,0,0,0,993
12/20/2003,MDW,IL,AGL,CE,Combined TRACON& Tower with Radar,366,183,83,0,632,22,0,26,0,48,388,183,109,0,680,0,0,0,680
12/21/2003,MDW,IL,AGL,CE,Combined TRACON& Tower with Radar,423,220,67,0,710,55,0,0,14,69,478,220,67,14,779,0,0,0,779
12/22/2003,MDW,IL,AGL,CE,Combined TRACON& Tower with Radar,494,252,103,1,850,42,0,0,3,45,536,252,103,4,895,0,0,0,895
12/23/2003,MDW,IL,AGL,CE,Combined TRACON& Tower with Radar,519,278,93,1,891,12,23,0,1,36,531,301,93,2,927,0,0,0,927
12/24/2003,MDW,IL,AGL,CE,Combined TRACON& Tower with Radar,327,175,74,0,576,150,74,24,1,249,477,249,98,1,825,0,0,0,825
12/25/2003,MDW,IL,AGL,CE,Combined TRACON& Tower with Radar,266,142,13,0,421,48,9,0,2,59,314,151,13,2,480,0,0,0,480
12/26/2003,MDW,IL,AGL,CE,Combined TRACON& Tower with Radar,450,241,98,1,790,27,8,0,0,35,477,249,98,1,825,0,0,0,825
12/27/2003,MDW,IL,AGL,CE,Combined TRACON& Tower with Radar,363,186,82,0,631,34,0,3,1,38,397,186,85,1,669,0,0,0,669
12/28/2003,MDW,IL,AGL,CE,Combined TRACON& Tower with Radar,417,203,66,0,686,55,0,0,0,55,472,203,66,0,741,0,0,0,741
12/29/2003,MDW,IL,AGL,CE,Combined TRACON& Tower with Radar,453,204,74,0,731,87,0,0,0,87,540,204,74,0,818,0,0,0,818
12/30/2003,MDW,IL,AGL,CE,Combined TRACON& Tower with Radar,512,276,98,1,887,27,24,0,1,52,539,300,98,2,939,0,0,0,939
12/31/2003,MDW,IL,AGL,CE,Combined TRACON& Tower with Radar,359,193,69,0,621,32,8,0,0,40,391,201,69,0,661,0,0,0,661
01/01/2004,MDW,IL,AGL,CE,Combined TRACON& Tower with Radar,317,162,51,0,530,33,3,0,0,36,350,165,51,0,566,0,0,0,566
01/02/2004,MDW,IL,AGL,CE,Combined TRACON& Tower with Radar,437,186,61,0,684,62,0,0,0,62,499,186,61,0,746,0,0,0,746
01/03/2004,MDW,IL,AGL,CE,Combined TRACON& Tower with Radar,342,172,67,0,581,19,0,5,3,27,361,172,72,3,608,2,0,2,610
01/04/2004,MDW,IL,AGL,CE,Combined TRACON& Tower with Radar,230,96,41,0,367,27,0,0,0,27,257,96,41,0,394,0,0,0,394
01/05/2004,MDW,IL,AGL,CE,Combined TRACON& Tower with Radar,515,239,99,2,855,33,0,1,2,36,548,239,100,4,891,0,0,0,891
01/06/2004,MDW,IL,AGL,CE,Combined TRACON& Tower with Radar,519,264,96,2,881,2,20,0,0,22,521,284,96,2,903,0,0,0,903
01/07/2004,MDW,IL,AGL,CE,Combined TRACON& Tower with Radar,518,285,108,2,913,0,25,38,1,64,518,310,146,3,977,0,0,0,977
01/08/2004,MDW,IL,AGL,CE,Combined TRACON& Tower with Radar,529,282,106,2,919,0,13,0,4,17,529,295,106,6,936,0,0,0,936
01/09/2004,MDW,IL,AGL,CE,Combined TRACON& Tower with Radar,538,285,108,2,933,0,7,21,6,34,538,292,129,8,967,0,0,0,967
01/10/2004,MDW,IL,AGL,CE,Combined TRACON& Tower with Radar,344,139,61,0,544,60,0,0,0,60,404,139,61,0,604,0,0,0,604
01/11/2004,MDW,IL,AGL,CE,Combined TRACON& Tower with Radar,419,187,81,1,688,50,0,0,1,51,469,187,81,2,739,0,0,0,739
01/12/2004,MDW,IL,AGL,CE,Combined TRACON& Tower with Radar,494,220,95,0,809,19,0,22,0,41,513,220,117,0,850,0,0,0,850
01/13/2004,MDW,IL,AGL,CE,Combined TRACON& Tower with Radar,534,282,107,0,923,0,29,26,0,55,534,311,133,0,978,0,0,0,978
01/14/2004,MDW,IL,AGL,CE,Combined TRACON& Tower with Radar,498,276,104,0,878,0,26,40,0,66,498,302,144,0,944,0,0,0,944
01/15/2004,MDW,IL,AGL,CE,Combined TRACON& Tower with Radar,520,286,109,0,915,0,31,52,0,83,520,317,161,0,998,0,0,0,998
01/16/2004,MDW,IL,AGL,CE,Combined TRACON& Tower with Radar,533,287,108,0,928,0,33,31,0,64,533,320,139,0,992,4,0,4,996
01/17/2004,MDW,IL,AGL,CE,Combined TRACON& Tower with Radar,296,131,31,0,458,47,0,0,0,47,343,131,31,0,505,0,0,0,505
01/18/2004,MDW,IL,AGL,CE,Combined TRACON& Tower with Radar,431,203,84,0,718,36,0,12,0,48,467,203,96,0,766,0,0,0,766
01/19/2004,MDW,IL,AGL,CE,Combined TRACON& Tower with Radar,496,218,96,0,810,28,0,43,0,71,524,218,139,0,881,0,0,0,881
01/20/2004,MDW,IL,AGL,CE,Combined TRACON& Tower with Radar,527,250,102,0,879,0,0,41,0,41,527,250,143,0,920,0,0,0,920
01/21/2004,MDW,IL,AGL,CE,Combined TRACON& Tower with Radar,524,287,109,0,920,0,24,48,0,72,524,311,157,0,992,0,0,0,992
01/22/2004,MDW,IL,AGL,CE,Combined TRACON& Tower with Radar,522,292,111,0,925,0,43,44,0,87,522,335,155,0,1012,0,0,0,1012
01/23/2004,MDW,IL,AGL,CE,Combined TRACON& Tower with Radar,524,272,103,1,900,0,18,5,0,23,524,290,108,1,923,0,0,0,923
01/24/2004,MDW,IL,AGL,CE,Combined TRACON& Tower with Radar,357,173,56,0,586,31,0,0,0,31,388,173,56,0,617,2,0,2,619
01/25/2004,MDW,IL,AGL,CE,Combined TRACON& Tower with Radar,402,191,78,0,671,20,0,21,1,42,422,191,99,1,713,0,0,0,713
01/26/2004,MDW,IL,AGL,CE,Combined TRACON& Tower with Radar,509,223,98,0,830,3,0,38,0,41,512,223,136,0,871,2,0,2,873
01/27/2004,MDW,IL,AGL,CE,Combined TRACON& Tower with Radar,499,263,100,0,862,0,16,11,0,27,499,279,111,0,889,0,0,0,889
01/28/2004,MDW,IL,AGL,CE,Combined TRACON& Tower with Radar,517,294,112,1,924,0,16,82,1,99,517,310,194,2,1023,0,0,0,1023
01/29/2004,MDW,IL,AGL,CE,Combined TRACON& Tower with Radar,508,285,108,1,902,0,28,37,1,66,508,313,145,2,968,0,0,0,968
01/30/2004,MDW,IL,AGL,CE,Combined TRACON& Tower with Radar,527,278,106,1,912,0,13,28,4,45,527,291,134,5,957,0,0,0,957
01/31/2004,MDW,IL,AGL,CE,Combined TRACON& Tower with Radar,362,177,70,0,609,24,0,17,3,44,386,177,87,3,653,0,0,0,653
02/01/2004,MDW,IL,AGL,CE,Combined TRACON& Tower with Radar,401,196,74,0,671,58,0,0,1,59,459,196,74,1,730,0,0,0,730
02/02/2004,MDW,IL,AGL,CE,Combined TRACON& Tower with Radar,418,217,91,0,726,95,5,7,0,107,513,222,98,0,833,0,0,0,833
02/03/2004,MDW,IL,AGL,CE,Combined TRACON& Tower with Radar,522,283,118,1,924,0,21,13,1,35,522,304,131,2,959,0,0,0,959
02/04/2004,MDW,IL,AGL,CE,Combined TRACON& Tower with Radar,534,299,124,0,957,0,13,60,0,73,534,312,184,0,1030,0,0,0,1030
02/05/2004,MDW,IL,AGL,CE,Combined TRACON& Tower with Radar,500,287,119,1,907,0,7,57,1,65,500,294,176,2,972,0,0,0,972
02/06/2004,MDW,IL,AGL,CE,Combined TRACON& Tower with Radar,523,279,115,2,919,0,15,7,1,23,523,294,122,3,942,0,0,0,942
02/07/2004,MDW,IL,AGL,CE,Combined TRACON& Tower with Radar,347,171,43,1,562,41,0,0,1,42,388,171,43,2,604,0,0,0,604
02/08/2004,MDW,IL,AGL,CE,Combined TRACON& Tower with Radar,444,224,94,1,763,16,0,0,5,21,460,224,94,6,784,0,0,0,784
02/09/2004,MDW,IL,AGL,CE,Combined TRACON& Tower with Radar,516,244,111,1,872,9,0,42,0,51,525,244,153,1,923,0,0,0,923
02/10/2004,MDW,IL,AGL,CE,Combined TRACON& Tower with Radar,519,294,121,0,934,0,21,65,0,86,519,315,186,0,1020,0,0,0,1020
02/11/2004,MDW,IL,AGL,CE,Combined TRACON& Tower with Radar,515,298,122,0,935,0,21,77,0,98,515,319,199,0,1033,0,0,0,1033
02/12/2004,MDW,IL,AGL,CE,Combined TRACON& Tower with Radar,521,286,118,0,925,0,17,40,0,57,521,303,158,0,982,0,0,0,982
02/13/2004,MDW,IL,AGL,CE,Combined TRACON& Tower with Radar,539,281,116,0,936,0,8,42,0,50,539,289,158,0,986,0,0,0,986
02/14/2004,MDW,IL,AGL,CE,Combined TRACON& Tower with Radar,349,155,74,0,578,44,0,15,0,59,393,155,89,0,637,0,0,0,637
02/15/2004,MDW,IL,AGL,CE,Combined TRACON& Tower with Radar,405,186,80,0,671,56,0,0,0,56,461,186,80,0,727,0,0,0,727
02/16/2004,MDW,IL,AGL,CE,Combined TRACON& Tower with Radar,482,241,100,0,823,45,0,0,0,45,527,241,100,0,868,0,0,0,868
02/17/2004,MDW,IL,AGL,CE,Combined TRACON& Tower with Radar,499,246,106,0,851,6,0,53,0,59,505,246,159,0,910,6,0,6,916
02/18/2004,MDW,IL,AGL,CE,Combined TRACON& Tower with Radar,558,295,122,0,975,0,13,32,0,45,558,308,154,0,1020,0,0,0,1020
02/19/2004,MDW,IL,AGL,CE,Combined TRACON& Tower with Radar,511,287,118,0,916,0,19,59,0,78,511,306,177,0,994,0,0,0,994
02/20/2004,MDW,IL,AGL,CE,Combined TRACON& Tower with Radar,451,233,96,0,780,91,29,21,1,142,542,262,117,1,922,0,0,0,922
02/21/2004,MDW,IL,AGL,CE,Combined TRACON& Tower with Radar,356,183,63,0,602,41,0,0,4,45,397,183,63,4,647,0,0,0,647
02/22/2004,MDW,IL,AGL,CE,Combined TRACON& Tower with Radar,442,214,95,0,751,23,0,37,2,62,465,214,132,2,813,0,0,0,813
02/23/2004,MDW,IL,AGL,CE,Combined TRACON& Tower with Radar,515,252,111,0,878,0,0,38,0,38,515,252,149,0,916,0,0,0,916
02/24/2004,MDW,IL,AGL,CE,Combined TRACON& Tower with Radar,479,284,117,1,881,0,29,56,0,85,479,313,173,1,966,0,0,0,966
02/25/2004,MDW,IL,AGL,CE,Combined TRACON& Tower with Radar,521,299,123,0,943,0,6,103,0,109,521,305,226,0,1052,2,0,2,1054
02/26/2004,MDW,IL,AGL,CE,Combined TRACON& Tower with Radar,509,284,117,0,910,0,22,73,0,95,509,306,190,0,1005,0,0,0,1005
02/27/2004,MDW,IL,AGL,CE,Combined TRACON& Tower with Radar,532,279,115,1,927,0,7,45,1,53,532,286,160,2,980,0,0,0,980
02/28/2004,MDW,IL,AGL,CE,Combined TRACON& Tower with Radar,361,165,77,0,603,44,0,24,0,68,405,165,101,0,671,0,0,0,671
02/29/2004,MDW,IL,AGL,CE,Combined TRACON& Tower with Radar,433,207,92,0,732,26,0,30,2,58,459,207,122,2,790,8,0,8,798
03/01/2004,MDW,IL,AGL,CE,Combined TRACON& Tower with Radar,503,259,110,0,872,25,0,0,1,26,528,259,110,1,898,0,0,0,898
03/02/2004,MDW,IL,AGL,CE,Combined TRACON& Tower with Radar,524,294,132,0,950,0,23,22,0,45,524,317,154,0,995,0,0,0,995
03/03/2004,MDW,IL,AGL,CE,Combined TRACON& Tower with Radar,525,304,136,0,965,0,32,24,0,56,525,336,160,0,1021,0,0,0,1021
03/04/2004,MDW,IL,AGL,CE,Combined TRACON& Tower with Radar,543,302,135,1,981,0,1,22,1,24,543,303,157,2,1005,0,0,0,1005
03/05/2004,MDW,IL,AGL,CE,Combined TRACON& Tower with Radar,498,260,104,1,863,26,0,0,0,26,524,260,104,1,889,0,0,0,889
03/06/2004,MDW,IL,AGL,CE,Combined TRACON& Tower with Radar,342,172,75,0,589,52,0,0,0,52,394,172,75,0,641,0,0,0,641
03/07/2004,MDW,IL,AGL,CE,Combined TRACON& Tower with Radar,451,212,83,0,746,57,0,0,0,57,508,212,83,0,803,0,0,0,803
03/08/2004,MDW,IL,AGL,CE,Combined TRACON& Tower with Radar,500,245,119,0,864,45,0,12,0,57,545,245,131,0,921,0,0,0,921
03/09/2004,MDW,IL,AGL,CE,Combined TRACON& Tower with Radar,520,296,132,0,948,0,35,41,0,76,520,331,173,0,1024,0,0,0,1024
03/10/2004,MDW,IL,AGL,CE,Combined TRACON& Tower with Radar,532,306,136,0,974,0,18,79,0,97,532,324,215,0,1071,0,0,0,1071
03/11/2004,MDW,IL,AGL,CE,Combined TRACON& Tower with Radar,528,319,142,1,990,0,2,86,1,89,528,321,228,2,1079,0,0,0,1079
03/12/2004,MDW,IL,AGL,CE,Combined TRACON& Tower with Radar,539,293,130,1,963,0,4,41,5,50,539,297,171,6,1013,0,0,0,1013
03/13/2004,MDW,IL,AGL,CE,Combined TRACON& Tower with Radar,358,190,85,0,633,30,0,25,0,55,388,190,110,0,688,6,0,6,694
03/14/2004,MDW,IL,AGL,CE,Combined TRACON& Tower with Radar,422,204,97,1,724,33,0,0,2,35,455,204,97,3,759,0,0,0,759
03/15/2004,MDW,IL,AGL,CE,Combined TRACON& Tower with Radar,511,240,122,0,873,28,0,35,0,63,539,240,157,0,936,0,0,0,936
03/16/2004,MDW,IL,AGL,CE,Combined TRACON& Tower with Radar,511,291,129,0,931,0,25,27,0,52,511,316,156,0,983,0,0,0,983
03/17/2004,MDW,IL,AGL,CE,Combined TRACON& Tower with Radar,566,304,140,0,1010,0,0,41,0,41,566,304,181,0,1051,0,0,0,1051
03/18/2004,MDW,IL,AGL,CE,Combined TRACON& Tower with Radar,506,276,123,0,905,0,8,17,0,25,506,284,140,0,930,0,0,0,930
03/19/2004,MDW,IL,AGL,CE,Combined TRACON& Tower with Radar,537,301,134,1,973,0,5,68,1,74,537,306,202,2,1047,0,0,0,1047
03/20/2004,MDW,IL,AGL,CE,Combined TRACON& Tower with Radar,366,178,86,1,631,36,0,15,0,51,402,178,101,1,682,0,0,0,682
03/21/2004,MDW,IL,AGL,CE,Combined TRACON& Tower with Radar,433,210,103,1,747,48,0,4,3,55,481,210,107,4,802,0,0,0,802
03/22/2004,MDW,IL,AGL,CE,Combined TRACON& Tower with Radar,520,247,124,0,891,12,0,77,0,89,532,247,201,0,980,0,0,0,980
03/23/2004,MDW,IL,AGL,CE,Combined TRACON& Tower with Radar,518,292,130,1,941,0,10,55,0,65,518,302,185,1,1006,0,0,0,1006
03/24/2004,MDW,IL,AGL,CE,Combined TRACON& Tower with Radar,532,295,131,0,958,0,27,21,0,48,532,322,152,0,1006,0,0,0,1006
03/25/2004,MDW,IL,AGL,CE,Combined TRACON& Tower with Radar,527,299,134,0,960,0,18,29,0,47,527,317,163,0,1007,0,0,0,1007
03/26/2004,MDW,IL,AGL,CE,Combined TRACON& Tower with Radar,537,289,128,0,954,0,9,6,0,15,537,298,134,0,969,0,0,0,969
03/27/2004,MDW,IL,AGL,CE,Combined TRACON& Tower with Radar,394,203,94,0,691,15,0,9,0,24,409,203,103,0,715,0,0,0,715
03/28/2004,MDW,IL,AGL,CE,Combined TRACON& Tower with Radar,445,218,106,0,769,25,0,10,0,35,470,218,116,0,804,0,0,0,804
03/29/2004,MDW,IL,AGL,CE,Combined TRACON& Tower with Radar,513,271,121,0,905,33,0,0,0,33,546,271,121,0,938,0,0,0,938
03/30/2004,MDW,IL,AGL,CE,Combined TRACON& Tower with Radar,515,283,126,0,924,0,27,8,2,37,515,310,134,2,961,0,0,0,961
03/31/2004,MDW,IL,AGL,CE,Combined TRACON& Tower with Radar,532,308,136,0,976,0,14,48,3,65,532,322,184,3,1041,0,0,0,1041
04/01/2004,MDW,IL,AGL,CE,Combined TRACON& Tower with Radar,524,316,154,0,994,0,16,97,0,113,524,332,251,0,1107,0,0,0,1107
04/02/2004,MDW,IL,AGL,CE,Combined TRACON& Tower with Radar,545,319,156,1,1021,0,14,92,1,107,545,333,248,2,1128,36,0,36,1164
04/03/2004,MDW,IL,AGL,CE,Combined TRACON& Tower with Radar,393,192,103,0,688,12,0,47,0,59,405,192,150,0,747,0,0,0,747
04/04/2004,MDW,IL,AGL,CE,Combined TRACON& Tower with Radar,448,224,118,1,791,27,0,23,1,51,475,224,141,2,842,0,0,0,842
04/05/2004,MDW,IL,AGL,CE,Combined TRACON& Tower with Radar,479,242,126,1,848,51,0,6,1,58,530,242,132,2,906,0,0,0,906
04/06/2004,MDW,IL,AGL,CE,Combined TRACON& Tower with Radar,538,304,148,0,990,0,16,64,0,80,538,320,212,0,1070,0,0,0,1070
04/07/2004,MDW,IL,AGL,CE,Combined TRACON& Tower with Radar,528,312,152,0,992,0,31,81,0,112,528,343,233,0,1104,0,0,0,1104
04/08/2004,MDW,IL,AGL,CE,Combined TRACON& Tower with Radar,534,306,149,0,989,0,23,43,0,66,534,329,192,0,1055,0,0,0,1055
04/09/2004,MDW,IL,AGL,CE,Combined TRACON& Tower with Radar,508,273,134,1,916,30,12,7,0,49,538,285,141,1,965,0,0,0,965
04/10/2004,MDW,IL,AGL,CE,Combined TRACON& Tower with Radar,347,174,92,0,613,60,0,4,0,64,407,174,96,0,677,0,0,0,677
04/11/2004,MDW,IL,AGL,CE,Combined TRACON& Tower with Radar,409,204,90,0,703,65,0,0,2,67,474,204,90,2,770,2,0,2,772
04/12/2004,MDW,IL,AGL,CE,Combined TRACON& Tower with Radar,513,258,135,0,906,25,0,37,0,62,538,258,172,0,968,0,0,0,968
04/13/2004,MDW,IL,AGL,CE,Combined TRACON& Tower with Radar,560,299,149,0,1008,0,0,65,0,65,560,299,214,0,1073,0,0,0,1073
04/14/2004,MDW,IL,AGL,CE,Combined TRACON& Tower with Radar,540,303,147,0,990,0,20,65,0,85,540,323,212,0,1075,2,0,2,1077
04/15/2004,MDW,IL,AGL,CE,Combined TRACON& Tower with Radar,543,300,146,1,990,0,9,44,0,53,543,309,190,1,1043,16,0,16,1059
04/16/2004,MDW,IL,AGL,CE,Combined TRACON& Tower with Radar,539,284,141,2,966,15,0,41,0,56,554,284,182,2,1022,7,0,7,1029
04/17/2004,MDW,IL,AGL,CE,Combined TRACON& Tower with Radar,340,168,89,1,598,58,0,12,4,74,398,168,101,5,672,0,0,0,672
04/18/2004,MDW,IL,AGL,CE,Combined TRACON& Tower with Radar,438,220,114,2,774,40,0,4,6,50,478,220,118,8,824,0,0,0,824
04/19/2004,MDW,IL,AGL,CE,Combined TRACON& Tower with Radar,510,257,133,0,900,17,0,37,0,54,527,257,170,0,954,8,0,8,962
04/20/2004,MDW,IL,AGL,CE,Combined TRACON& Tower with Radar,544,304,148,0,996,0,19,23,0,42,544,323,171,0,1038,0,0,0,1038
04/21/2004,MDW,IL,AGL,CE,Combined TRACON& Tower with Radar,538,292,142,0,972,0,22,7,0,29,538,314,149,0,1001,0,0,0,1001
04/22/2004,MDW,IL,AGL,CE,Combined TRACON& Tower with Radar,540,301,146,1,988,0,7,63,0,70,540,308,209,1,1058,0,0,0,1058
04/23/2004,MDW,IL,AGL,CE,Combined TRACON& Tower with Radar,532,301,146,2,981,0,19,50,3,72,532,320,196,5,1053,0,0,0,1053
04/24/2004,MDW,IL,AGL,CE,Combined TRACON& Tower with Radar,354,187,82,1,624,48,0,0,4,52,402,187,82,5,676,0,0,0,676
04/25/2004,MDW,IL,AGL,CE,Combined TRACON& Tower with Radar,444,228,106,0,778,37,0,0,0,37,481,228,106,0,815,0,0,0,815
04/26/2004,MDW,IL,AGL,CE,Combined TRACON& Tower with Radar,509,241,132,1,883,17,0,60,1,78,526,241,192,2,961,0,0,0,961
04/27/2004,MDW,IL,AGL,CE,Combined TRACON& Tower with Radar,530,298,145,0,973,0,9,68,0,77,530,307,213,0,1050,0,0,0,1050
04/28/2004,MDW,IL,AGL,CE,Combined TRACON& Tower with Radar,521,307,149,1,978,0,17,65,1,83,521,324,214,2,1061,0,0,0,1061
04/29/2004,MDW,IL,AGL,CE,Combined TRACON& Tower with Radar,521,299,147,1,968,0,0,93,0,93,521,299,240,1,1061,0,0,0,1061
04/30/2004,MDW,IL,AGL,CE,Combined TRACON& Tower with Radar,527,292,143,1,963,0,0,31,4,35,527,292,174,5,998,0,0,0,998
05/01/2004,MDW,IL,AGL,CE,Combined TRACON& Tower with Radar,368,194,97,1,660,24,6,0,1,31,392,200,97,2,691,0,0,0,691
05/02/2004,MDW,IL,AGL,CE,Combined TRACON& Tower with Radar,481,228,145,1,855,2,0,61,5,68,483,228,206,6,923,0,0,0,923
05/03/2004,MDW,IL,AGL,CE,Combined TRACON& Tower with Radar,529,242,161,0,932,0,0,98,0,98,529,242,259,0,1030,0,0,0,1030
05/04/2004,MDW,IL,AGL,CE,Combined TRACON& Tower with Radar,528,303,182,0,1013,0,0,146,0,146,528,303,328,0,1159,0,0,0,1159
05/05/2004,MDW,IL,AGL,CE,Combined TRACON& Tower with Radar,538,314,178,2,1032,0,1,88,1,90,538,315,266,3,1122,0,0,0,1122
05/06/2004,MDW,IL,AGL,CE,Combined TRACON& Tower with Radar,521,295,167,1,984,0,33,67,0,100,521,328,234,1,1084,0,0,0,1084
05/07/2004,MDW,IL,AGL,CE,Combined TRACON& Tower with Radar,527,296,167,0,990,0,47,18,0,65,527,343,185,0,1055,0,0,0,1055
05/08/2004,MDW,IL,AGL,CE,Combined TRACON& Tower with Radar,357,185,107,0,649,48,0,15,0,63,405,185,122,0,712,0,0,0,712
05/09/2004,MDW,IL,AGL,CE,Combined TRACON& Tower with Radar,407,199,95,1,702,72,0,0,0,72,479,199,95,1,774,0,0,0,774
05/10/2004,MDW,IL,AGL,CE,Combined TRACON& Tower with Radar,504,243,151,1,899,35,0,14,0,49,539,243,165,1,948,0,0,0,948
05/11/2004,MDW,IL,AGL,CE,Combined TRACON& Tower with Radar,531,299,170,2,1002,0,39,41,1,81,531,338,211,3,1083,0,0,0,1083
05/12/2004,MDW,IL,AGL,CE,Combined TRACON& Tower with Radar,510,285,162,1,958,0,30,28,0,58,510,315,190,1,1016,0,0,0,1016
05/13/2004,MDW,IL,AGL,CE,Combined TRACON& Tower with Radar,522,281,159,0,962,0,16,13,0,29,522,297,172,0,991,0,0,0,991
05/14/2004,MDW,IL,AGL,CE,Combined TRACON& Tower with Radar,383,201,114,0,698,175,123,49,0,347,558,324,163,0,1045,0,0,0,1045
05/15/2004,MDW,IL,AGL,CE,Combined TRACON& Tower with Radar,357,175,106,2,640,43,0,19,1,63,400,175,125,3,703,0,0,0,703
05/16/2004,MDW,IL,AGL,CE,Combined TRACON& Tower with Radar,435,229,130,0,794,51,1,6,0,58,486,230,136,0,852,0,0,0,852
05/17/2004,MDW,IL,AGL,CE,Combined TRACON& Tower with Radar,497,245,148,0,890,23,0,17,0,40,520,245,165,0,930,0,0,0,930
05/18/2004,MDW,IL,AGL,CE,Combined TRACON& Tower with Radar,527,295,168,1,991,0,28,22,0,50,527,323,190,1,1041,0,0,0,1041
05/19/2004,MDW,IL,AGL,CE,Combined TRACON& Tower with Radar,525,305,173,2,1005,0,18,86,0,104,525,323,259,2,1109,0,0,0,1109
05/20/2004,MDW,IL,AGL,CE,Combined TRACON& Tower with Radar,532,305,173,2,1012,0,30,47,0,77,532,335,220,2,1089,0,0,0,1089
05/21/2004,MDW,IL,AGL,CE,Combined TRACON& Tower with Radar,505,264,150,2,921,22,26,35,0,83,527,290,185,2,1004,0,0,0,1004
05/22/2004,MDW,IL,AGL,CE,Combined TRACON& Tower with Radar,390,204,110,1,705,23,3,0,1,27,413,207,110,2,732,0,0,0,732
05/23/2004,MDW,IL,AGL,CE,Combined TRACON& Tower with Radar,446,203,121,1,771,48,0,0,10,58,494,203,121,11,829,0,0,0,829
05/24/2004,MDW,IL,AGL,CE,Combined TRACON& Tower with Radar,534,262,166,1,963,0,0,98,10,108,534,262,264,11,1071,0,0,0,1071
05/25/2004,MDW,IL,AGL,CE,Combined TRACON& Tower with Radar,539,308,175,0,1022,0,25,54,0,79,539,333,229,0,1101,0,0,0,1101
05/26/2004,MDW,IL,AGL,CE,Combined TRACON& Tower with Radar,535,299,171,1,1006,0,23,48,1,72,535,322,219,2,1078,2,0,2,1080
05/27/2004,MDW,IL,AGL,CE,Combined TRACON& Tower with Radar,525,287,164,1,977,0,29,13,1,43,525,316,177,2,1020,0,0,0,1020
05/28/2004,MDW,IL,AGL,CE,Combined TRACON& Tower with Radar,526,275,157,0,958,10,36,21,0,67,536,311,178,0,1025,0,0,0,1025
05/29/2004,MDW,IL,AGL,CE,Combined TRACON& Tower with Radar,294,113,80,1,488,77,0,0,2,79,371,113,80,3,567,16,0,16,583
05/30/2004,MDW,IL,AGL,CE,Combined TRACON& Tower with Radar,258,73,34,0,365,110,0,0,0,110,368,73,34,0,475,0,0,0,475
05/31/2004,MDW,IL,AGL,CE,Combined TRACON& Tower with Radar,375,156,78,1,610,84,0,0,0,84,459,156,78,1,694,0,0,0,694
06/01/2004,MDW,IL,AGL,CE,Combined TRACON& Tower with Radar,501,274,145,0,920,24,0,5,2,31,525,274,150,2,951,0,0,0,951
06/02/2004,MDW,IL,AGL,CE,Combined TRACON& Tower with Radar,522,295,155,0,972,0,19,27,0,46,522,314,182,0,1018,0,0,0,1018
06/03/2004,MDW,IL,AGL,CE,Combined TRACON& Tower with Radar,545,312,164,0,1021,0,18,53,3,74,545,330,217,3,1095,4,0,4,1099
06/04/2004,MDW,IL,AGL,CE,Combined TRACON& Tower with Radar,538,300,158,0,996,0,16,38,6,60,538,316,196,6,1056,0,0,0,1056
06/05/2004,MDW,IL,AGL,CE,Combined TRACON& Tower with Radar,367,203,107,0,677,41,1,5,3,50,408,204,112,3,727,0,0,0,727
06/06/2004,MDW,IL,AGL,CE,Combined TRACON& Tower with Radar,432,222,123,0,777,55,0,0,0,55,487,222,123,0,832,0,0,0,832
06/07/2004,MDW,IL,AGL,CE,Combined TRACON& Tower with Radar,509,268,147,0,924,42,0,12,0,54,551,268,159,0,978,0,0,0,978
06/08/2004,MDW,IL,AGL,CE,Combined TRACON& Tower with Radar,536,307,161,1,1005,0,11,50,0,61,536,318,211,1,1066,0,0,0,1066
06/09/2004,MDW,IL,AGL,CE,Combined TRACON& Tower with Radar,548,325,169,0,1042,0,11,75,0,86,548,336,244,0,1128,0,0,0,1128
06/10/2004,MDW,IL,AGL,CE,Combined TRACON& Tower with Radar,544,325,170,0,1039,0,0,47,0,47,544,325,217,0,1086,0,0,0,1086
06/11/2004,MDW,IL,AGL,CE,Combined TRACON& Tower with Radar,538,292,155,1,986,1,0,26,1,28,539,292,181,2,1014,0,0,0,1014
06/12/2004,MDW,IL,AGL,CE,Combined TRACON& Tower with Radar,356,180,99,0,635,45,0,0,0,45,401,180,99,0,680,0,0,0,680
06/13/2004,MDW,IL,AGL,CE,Combined TRACON& Tower with Radar,432,196,125,1,754,52,0,32,0,84,484,196,157,1,838,0,0,0,838
06/14/2004,MDW,IL,AGL,CE,Combined TRACON& Tower with Radar,488,227,141,0,856,59,0,16,0,75,547,227,157,0,931,0,0,0,931
06/15/2004,MDW,IL,AGL,CE,Combined TRACON& Tower with Radar,546,321,167,1,1035,0,2,92,0,94,546,323,259,1,1129,0,0,0,1129
06/16/2004,MDW,IL,AGL,CE,Combined TRACON& Tower with Radar,545,334,174,0,1053,0,13,85,0,98,545,347,259,0,1151,0,0,0,1151
06/17/2004,MDW,IL,AGL,CE,Combined TRACON& Tower with Radar,520,317,165,0,1002,0,20,68,0,88,520,337,233,0,1090,0,0,0,1090
06/18/2004,MDW,IL,AGL,CE,Combined TRACON& Tower with Radar,564,316,167,1,1048,0,0,49,2,51,564,316,216,3,1099,0,0,0,1099
06/19/2004,MDW,IL,AGL,CE,Combined TRACON& Tower with Radar,383,193,110,0,686,52,0,9,0,61,435,193,119,0,747,20,0,20,767
06/20/2004,MDW,IL,AGL,CE,Combined TRACON& Tower with Radar,457,228,132,1,818,47,0,24,5,76,504,228,156,6,894,0,0,0,894
06/21/2004,MDW,IL,AGL,CE,Combined TRACON& Tower with Radar,550,293,162,0,1005,0,0,41,0,41,550,293,203,0,1046,0,0,0,1046
06/22/2004,MDW,IL,AGL,CE,Combined TRACON& Tower with Radar,542,325,170,0,1037,0,8,116,0,124,542,333,286,0,1161,0,0,0,1161
06/23/2004,MDW,IL,AGL,CE,Combined TRACON& Tower with Radar,536,325,170,1,1032,0,33,82,0,115,536,358,252,1,1147,0,0,0,1147
06/24/2004,MDW,IL,AGL,CE,Combined TRACON& Tower with Radar,537,316,165,0,1018,0,17,42,0,59,537,333,207,0,1077,0,0,0,1077
06/25/2004,MDW,IL,AGL,CE,Combined TRACON& Tower with Radar,529,298,156,0,983,0,17,48,0,65,529,315,204,0,1048,0,0,0,1048
06/26/2004,MDW,IL,AGL,CE,Combined TRACON& Tower with Radar,379,206,101,0,686,57,0,0,0,57,436,206,101,0,743,0,0,0,743
06/27/2004,MDW,IL,AGL,CE,Combined TRACON& Tower with Radar,440,223,126,0,789,54,0,10,0,64,494,223,136,0,853,0,0,0,853
06/28/2004,MDW,IL,AGL,CE,Combined TRACON& Tower with Radar,523,278,150,0,951,34,0,10,0,44,557,278,160,0,995,0,0,0,995
06/29/2004,MDW,IL,AGL,CE,Combined TRACON& Tower with Radar,531,308,161,0,1000,0,24,70,0,94,531,332,231,0,1094,0,0,0,1094
06/30/2004,MDW,IL,AGL,CE,Combined TRACON& Tower with Radar,551,328,171,1,1051,0,35,67,2,104,551,363,238,3,1155,0,0,0,1155
07/01/2004,MDW,IL,AGL,CE,Combined TRACON& Tower with Radar,545,306,140,1,992,0,32,58,2,92,545,338,198,3,1084,0,0,0,1084
07/02/2004,MDW,IL,AGL,CE,Combined TRACON& Tower with Radar,541,286,111,1,939,3,15,0,2,20,544,301,111,3,959,0,0,0,959
07/03/2004,MDW,IL,AGL,CE,Combined TRACON& Tower with Radar,350,152,50,1,553,82,0,0,1,83,432,152,50,2,636,0,0,0,636
07/04/2004,MDW,IL,AGL,CE,Combined TRACON& Tower with Radar,263,85,46,0,394,80,0,0,0,80,343,85,46,0,474,0,0,0,474
07/05/2004,MDW,IL,AGL,CE,Combined TRACON& Tower with Radar,428,201,96,0,725,66,0,0,0,66,494,201,96,0,791,0,0,0,791
07/06/2004,MDW,IL,AGL,CE,Combined TRACON& Tower with Radar,510,252,123,0,885,34,0,4,0,38,544,252,127,0,923,0,0,0,923
07/07/2004,MDW,IL,AGL,CE,Combined TRACON& Tower with Radar,534,296,135,1,966,0,24,35,4,63,534,320,170,5,1029,0,0,0,1029
07/08/2004,MDW,IL,AGL,CE,Combined TRACON& Tower with Radar,561,311,142,1,1015,0,20,64,3,87,561,331,206,4,1102,0,0,0,1102
07/09/2004,MDW,IL,AGL,CE,Combined TRACON& Tower with Radar,559,272,135,1,967,31,0,29,1,61,590,272,164,2,1028,0,0,0,1028
07/10/2004,MDW,IL,AGL,CE,Combined TRACON& Tower with Radar,397,202,96,1,696,42,0,5,1,48,439,202,101,2,744,14,0,14,758
07/11/2004,MDW,IL,AGL,CE,Combined TRACON& Tower with Radar,445,223,106,1,775,28,0,25,0,53,473,223,131,1,828,0,0,0,828
07/12/2004,MDW,IL,AGL,CE,Combined TRACON& Tower with Radar,533,274,128,2,937,8,0,35,0,43,541,274,163,2,980,4,0,4,984
07/13/2004,MDW,IL,AGL,CE,Combined TRACON& Tower with Radar,528,308,139,0,975,0,14,76,0,90,528,322,215,0,1065,0,0,0,1065
07/14/2004,MDW,IL,AGL,CE,Combined TRACON& Tower with Radar,528,301,136,0,965,0,10,89,0,99,528,311,225,0,1064,0,0,0,1064
07/15/2004,MDW,IL,AGL,CE,Combined TRACON& Tower with Radar,554,324,147,2,1027,0,8,118,0,126,554,332,265,2,1153,0,0,0,1153
07/16/2004,MDW,IL,AGL,CE,Combined TRACON& Tower with Radar,542,304,138,2,986,0,26,38,3,67,542,330,176,5,1053,0,0,0,1053
07/17/2004,MDW,IL,AGL,CE,Combined TRACON& Tower with Radar,386,203,85,0,674,38,0,0,0,38,424,203,85,0,712,0,0,0,712
07/18/2004,MDW,IL,AGL,CE,Combined TRACON& Tower with Radar,473,229,113,0,815,33,0,36,0,69,506,229,149,0,884,0,0,0,884
07/19/2004,MDW,IL,AGL,CE,Combined TRACON& Tower with Radar,536,261,129,0,926,0,0,73,0,73,536,261,202,0,999,0,0,0,999
07/20/2004,MDW,IL,AGL,CE,Combined TRACON& Tower with Radar,541,309,140,0,990,0,17,71,0,88,541,326,211,0,1078,0,0,0,1078
07/21/2004,MDW,IL,AGL,CE,Combined TRACON& Tower with Radar,548,288,131,0,967,3,7,25,0,35,551,295,156,0,1002,0,0,0,1002
07/22/2004,MDW,IL,AGL,CE,Combined TRACON& Tower with Radar,556,297,135,2,990,0,5,24,3,32,556,302,159,5,1022,0,0,0,1022
07/23/2004,MDW,IL,AGL,CE,Combined TRACON& Tower with Radar,557,304,140,2,1003,0,0,101,3,104,557,304,241,5,1107,0,0,0,1107
07/24/2004,MDW,IL,AGL,CE,Combined TRACON& Tower with Radar,407,193,97,0,697,22,0,54,0,76,429,193,151,0,773,0,0,0,773
07/25/2004,MDW,IL,AGL,CE,Combined TRACON& Tower with Radar,467,235,111,0,813,16,0,34,0,50,483,235,145,0,863,2,0,2,865
07/26/2004,MDW,IL,AGL,CE,Combined TRACON& Tower with Radar,527,253,126,2,908,15,0,51,1,67,542,253,177,3,975,0,0,0,975
07/27/2004,MDW,IL,AGL,CE,Combined TRACON& Tower with Radar,535,313,143,2,993,0,27,87,2,116,535,340,230,4,1109,0,0,0,1109
07/28/2004,MDW,IL,AGL,CE,Combined TRACON& Tower with Radar,553,311,142,1,1007,0,36,51,0,87,553,347,193,1,1094,0,0,0,1094
07/29/2004,MDW,IL,AGL,CE,Combined TRACON& Tower with Radar,544,318,144,1,1007,0,38,79,1,118,544,356,223,2,1125,0,0,0,1125
07/30/2004,MDW,IL,AGL,CE,Combined TRACON& Tower with Radar,540,295,134,1,970,0,37,20,0,57,540,332,154,1,1027,0,0,0,1027
07/31/2004,MDW,IL,AGL,CE,Combined TRACON& Tower with Radar,403,198,96,0,697,38,0,2,0,40,441,198,98,0,737,0,0,0,737
08/01/2004,MDW,IL,AGL,CE,Combined TRACON& Tower with Radar,450,231,114,1,796,39,0,15,0,54,489,231,129,1,850,0,0,0,850
08/02/2004,MDW,IL,AGL,CE,Combined TRACON& Tower with Radar,518,252,131,0,901,34,0,35,0,69,552,252,166,0,970,0,0,0,970
08/03/2004,MDW,IL,AGL,CE,Combined TRACON& Tower with Radar,543,300,144,0,987,0,17,68,0,85,543,317,212,0,1072,0,0,0,1072
08/04/2004,MDW,IL,AGL,CE,Combined TRACON& Tower with Radar,545,300,143,0,988,0,17,29,0,46,545,317,172,0,1034,0,0,0,1034
08/05/2004,MDW,IL,AGL,CE,Combined TRACON& Tower with Radar,544,315,151,0,1010,0,44,84,0,128,544,359,235,0,1138,0,0,0,1138
08/06/2004,MDW,IL,AGL,CE,Combined TRACON& Tower with Radar,555,294,141,1,991,0,21,24,1,46,555,315,165,2,1037,0,0,0,1037
08/07/2004,MDW,IL,AGL,CE,Combined TRACON& Tower with Radar,385,189,96,0,670,63,0,0,0,63,448,189,96,0,733,0,0,0,733
08/08/2004,MDW,IL,AGL,CE,Combined TRACON& Tower with Radar,455,223,115,1,794,41,0,37,0,78,496,223,152,1,872,0,0,0,872
08/09/2004,MDW,IL,AGL,CE,Combined TRACON& Tower with Radar,536,283,135,0,954,19,0,30,0,49,555,283,165,0,1003,0,0,0,1003
08/10/2004,MDW,IL,AGL,CE,Combined TRACON& Tower with Radar,553,311,148,0,1012,0,31,54,0,85,553,342,202,0,1097,0,0,0,1097
08/11/2004,MDW,IL,AGL,CE,Combined TRACON& Tower with Radar,534,316,151,1,1002,0,16,95,0,111,534,332,246,1,1113,0,0,0,1113
08/12/2004,MDW,IL,AGL,CE,Combined TRACON& Tower with Radar,552,331,158,1,1042,0,23,92,0,115,552,354,250,1,1157,2,0,2,1159
08/13/2004,MDW,IL,AGL,CE,Combined TRACON& Tower with Radar,534,296,141,2,973,0,15,89,3,107,534,311,230,5,1080,0,0,0,1080
08/14/2004,MDW,IL,AGL,CE,Combined TRACON& Tower with Radar,382,184,96,2,664,38,0,36,1,75,420,184,132,3,739,10,0,10,749
08/15/2004,MDW,IL,AGL,CE,Combined TRACON& Tower with Radar,480,235,121,2,838,23,0,62,6,91,503,235,183,8,929,0,0,0,929
08/16/2004,MDW,IL,AGL,CE,Combined TRACON& Tower with Radar,530,247,133,2,912,33,0,53,1,87,563,247,186,3,999,0,0,0,999
08/17/2004,MDW,IL,AGL,CE,Combined TRACON& Tower with Radar,549,294,140,0,983,0,3,35,0,38,549,297,175,0,1021,0,0,0,1021
08/18/2004,MDW,IL,AGL,CE,Combined TRACON& Tower with Radar,545,311,147,1,1004,0,12,43,0,55,545,323,190,1,1059,0,0,0,1059
08/19/2004,MDW,IL,AGL,CE,Combined TRACON& Tower with Radar,545,309,147,2,1003,0,16,80,2,98,545,325,227,4,1101,0,0,0,1101
08/20/2004,MDW,IL,AGL,CE,Combined TRACON& Tower with Radar,543,287,136,2,968,2,4,47,0,53,545,291,183,2,1021,0,0,0,1021
08/21/2004,MDW,IL,AGL,CE,Combined TRACON& Tower with Radar,405,204,101,2,712,32,0,30,0,62,437,204,131,2,774,0,0,0,774
08/22/2004,MDW,IL,AGL,CE,Combined TRACON& Tower with Radar,441,216,110,2,769,56,0,16,0,72,497,216,126,2,841,0,0,0,841
08/23/2004,MDW,IL,AGL,CE,Combined TRACON& Tower with Radar,513,248,128,1,890,29,0,39,0,68,542,248,167,1,958,0,0,0,958
08/24/2004,MDW,IL,AGL,CE,Combined TRACON& Tower with Radar,543,287,137,0,967,0,21,13,0,34,543,308,150,0,1001,0,0,0,1001
08/25/2004,MDW,IL,AGL,CE,Combined TRACON& Tower with Radar,573,235,144,0,952,51,0,30,0,81,624,235,174,0,1033,0,0,0,1033
08/26/2004,MDW,IL,AGL,CE,Combined TRACON& Tower with Radar,544,315,150,1,1010,0,29,50,1,80,544,344,200,2,1090,0,0,0,1090
08/27/2004,MDW,IL,AGL,CE,Combined TRACON& Tower with Radar,542,299,142,0,983,0,18,36,0,54,542,317,178,0,1037,0,0,0,1037
08/28/2004,MDW,IL,AGL,CE,Combined TRACON& Tower with Radar,375,178,72,0,625,42,0,0,0,42,417,178,72,0,667,0,0,0,667
08/29/2004,MDW,IL,AGL,CE,Combined TRACON& Tower with Radar,463,225,116,0,804,37,0,33,0,70,500,225,149,0,874,0,0,0,874
08/30/2004,MDW,IL,AGL,CE,Combined TRACON& Tower with Radar,538,267,137,1,943,0,0,56,3,59,538,267,193,4,1002,0,0,0,1002
08/31/2004,MDW,IL,AGL,CE,Combined TRACON& Tower with Radar,526,302,144,1,973,0,35,63,0,98,526,337,207,1,1071,0,0,0,1071
09/01/2004,MDW,IL,AGL,CE,Combined TRACON& Tower with Radar,533,296,152,0,981,4,28,12,0,44,537,324,164,0,1025,0,0,0,1025
09/02/2004,MDW,IL,AGL,CE,Combined TRACON& Tower with Radar,530,297,153,1,981,0,24,29,1,54,530,321,182,2,1035,0,0,0,1035
09/03/2004,MDW,IL,AGL,CE,Combined TRACON& Tower with Radar,500,279,131,0,910,28,15,0,0,43,528,294,131,0,953,0,0,0,953
09/04/2004,MDW,IL,AGL,CE,Combined TRACON& Tower with Radar,287,106,83,0,476,81,0,24,0,105,368,106,107,0,581,0,0,0,581
09/05/2004,MDW,IL,AGL,CE,Combined TRACON& Tower with Radar,233,80,66,0,379,83,0,0,0,83,316,80,66,0,462,0,0,0,462
09/06/2004,MDW,IL,AGL,CE,Combined TRACON& Tower with Radar,370,164,94,1,629,69,0,0,1,70,439,164,94,2,699,0,0,0,699
09/07/2004,MDW,IL,AGL,CE,Combined TRACON& Tower with Radar,509,264,145,0,918,20,0,48,0,68,529,264,193,0,986,0,0,0,986
09/08/2004,MDW,IL,AGL,CE,Combined TRACON& Tower with Radar,521,304,157,1,983,0,20,56,3,79,521,324,213,4,1062,0,0,0,1062
09/09/2004,MDW,IL,AGL,CE,Combined TRACON& Tower with Radar,515,318,163,0,996,0,4,112,0,116,515,322,275,0,1112,0,0,0,1112
09/10/2004,MDW,IL,AGL,CE,Combined TRACON& Tower with Radar,534,299,159,2,994,0,0,97,7,104,534,299,256,9,1098,0,0,0,1098
09/11/2004,MDW,IL,AGL,CE,Combined TRACON& Tower with Radar,377,199,107,2,685,21,0,25,0,46,398,199,132,2,731,0,0,0,731
09/12/2004,MDW,IL,AGL,CE,Combined TRACON& Tower with Radar,463,246,132,2,843,2,0,67,1,70,465,246,199,3,913,0,0,0,913
09/13/2004,MDW,IL,AGL,CE,Combined TRACON& Tower with Radar,513,258,145,2,918,3,0,62,0,65,516,258,207,2,983,0,0,0,983
09/14/2004,MDW,IL,AGL,CE,Combined TRACON& Tower with Radar,512,309,158,2,981,0,9,62,0,71,512,318,220,2,1052,0,0,0,1052
09/15/2004,MDW,IL,AGL,CE,Combined TRACON& Tower with Radar,519,304,155,1,979,0,22,33,0,55,519,326,188,1,1034,0,0,0,1034
09/16/2004,MDW,IL,AGL,CE,Combined TRACON& Tower with Radar,507,303,154,1,965,0,18,74,0,92,507,321,228,1,1057,0,0,0,1057
09/17/2004,MDW,IL,AGL,CE,Combined TRACON& Tower with Radar,522,297,152,0,971,0,31,28,0,59,522,328,180,0,1030,0,0,0,1030
09/18/2004,MDW,IL,AGL,CE,Combined TRACON& Tower with Radar,366,194,103,2,665,43,0,35,0,78,409,194,138,2,743,0,0,0,743
09/19/2004,MDW,IL,AGL,CE,Combined TRACON& Tower with Radar,451,231,127,0,809,39,0,25,0,64,490,231,152,0,873,0,0,0,873
09/20/2004,MDW,IL,AGL,CE,Combined TRACON& Tower with Radar,490,249,139,0,878,35,0,18,0,53,525,249,157,0,931,0,0,0,931
09/21/2004,MDW,IL,AGL,CE,Combined TRACON& Tower with Radar,520,311,159,0,990,0,25,68,0,93,520,336,227,0,1083,0,0,0,1083
09/22/2004,MDW,IL,AGL,CE,Combined TRACON& Tower with Radar,524,319,163,0,1006,0,21,92,0,113,524,340,255,0,1119,0,0,0,1119
09/23/2004,MDW,IL,AGL,CE,Combined TRACON& Tower with Radar,507,298,153,0,958,0,32,69,0,101,507,330,222,0,1059,0,0,0,1059
09/24/2004,MDW,IL,AGL,CE,Combined TRACON& Tower with Radar,517,303,155,2,977,0,8,75,7,90,517,311,230,9,1067,4,0,4,1071
09/25/2004,MDW,IL,AGL,CE,Combined TRACON& Tower with Radar,334,183,72,2,591,44,0,0,0,44,378,183,72,2,635,0,0,0,635
09/26/2004,MDW,IL,AGL,CE,Combined TRACON& Tower with Radar,435,228,123,2,788,24,0,28,7,59,459,228,151,9,847,0,0,0,847
09/27/2004,MDW,IL,AGL,CE,Combined TRACON& Tower with Radar,492,273,139,1,905,3,3,38,0,44,495,276,177,1,949,0,0,0,949
09/28/2004,MDW,IL,AGL,CE,Combined TRACON& Tower with Radar,526,303,154,0,983,0,10,45,0,55,526,313,199,0,1038,0,0,0,1038
09/29/2004,MDW,IL,AGL,CE,Combined TRACON& Tower with Radar,517,316,162,0,995,0,32,60,0,92,517,348,222,0,1087,0,0,0,1087
09/30/2004,MDW,IL,AGL,CE,Combined TRACON& Tower with Radar,524,316,162,0,1002,0,9,66,0,75,524,325,228,0,1077,0,0,0,1077
10/01/2004,MDW,IL,AGL,CE,Towers with Radar,0,0,0,0,0,518,320,206,5,1049,518,320,206,5,1049,0,0,0,1049
10/02/2004,MDW,IL,AGL,CE,Towers with Radar,0,0,0,0,0,408,165,122,0,695,408,165,122,0,695,0,0,0,695
10/03/2004,MDW,IL,AGL,CE,Towers with Radar,0,0,0,0,0,461,213,168,3,845,461,213,168,3,845,2,0,2,847
10/04/2004,MDW,IL,AGL,CE,Towers with Radar,0,0,0,0,0,513,264,172,0,949,513,264,172,0,949,0,0,0,949
10/05/2004,MDW,IL,AGL,CE,Towers with Radar,0,0,0,0,0,541,329,213,0,1083,541,329,213,0,1083,0,0,0,1083
10/06/2004,MDW,IL,AGL,CE,Towers with Radar,0,0,0,0,0,522,338,234,0,1094,522,338,234,0,1094,0,0,0,1094
10/07/2004,MDW,IL,AGL,CE,Towers with Radar,0,0,0,0,0,523,332,250,3,1108,523,332,250,3,1108,0,0,0,1108
10/08/2004,MDW,IL,AGL,CE,Towers with Radar,0,0,0,0,0,519,348,207,0,1074,519,348,207,0,1074,0,0,0,1074
10/09/2004,MDW,IL,AGL,CE,Towers with Radar,0,0,0,0,0,408,201,153,0,762,408,201,153,0,762,0,0,0,762
10/10/2004,MDW,IL,AGL,CE,Towers with Radar,0,0,0,0,0,478,236,186,0,900,478,236,186,0,900,0,0,0,900
10/11/2004,MDW,IL,AGL,CE,Towers with Radar,0,0,0,0,0,527,255,215,0,997,527,255,215,0,997,0,0,0,997
10/12/2004,MDW,IL,AGL,CE,Towers with Radar,0,0,0,0,0,523,272,230,0,1025,523,272,230,0,1025,0,0,0,1025
10/13/2004,MDW,IL,AGL,CE,Towers with Radar,0,0,0,0,0,528,318,220,0,1066,528,318,220,0,1066,0,0,0,1066
10/14/2004,MDW,IL,AGL,CE,Towers with Radar,0,0,0,0,0,523,338,219,3,1083,523,338,219,3,1083,0,0,0,1083
10/15/2004,MDW,IL,AGL,CE,Towers with Radar,0,0,0,0,0,522,314,157,1,994,522,314,157,1,994,0,0,0,994
10/16/2004,MDW,IL,AGL,CE,Towers with Radar,0,0,0,0,0,412,205,97,0,714,412,205,97,0,714,0,0,0,714
10/17/2004,MDW,IL,AGL,CE,Towers with Radar,0,0,0,0,0,490,243,153,0,886,490,243,153,0,886,0,0,0,886
10/18/2004,MDW,IL,AGL,CE,Towers with Radar,0,0,0,0,0,527,263,169,0,959,527,263,169,0,959,0,0,0,959
10/19/2004,MDW,IL,AGL,CE,Towers with Radar,0,0,0,0,0,519,329,219,0,1067,519,329,219,0,1067,0,0,0,1067
10/20/2004,MDW,IL,AGL,CE,Towers with Radar,0,0,0,0,0,514,350,236,0,1100,514,350,236,0,1100,0,0,0,1100
10/21/2004,MDW,IL,AGL,CE,Towers with Radar,0,0,0,0,0,510,326,232,1,1069,510,326,232,1,1069,2,0,2,1071
10/22/2004,MDW,IL,AGL,CE,Towers with Radar,0,0,0,0,0,525,312,192,4,1033,525,312,192,4,1033,0,0,0,1033
10/23/2004,MDW,IL,AGL,CE,Towers with Radar,0,0,0,0,0,524,312,161,4,1001,524,312,161,4,1001,31,0,31,1032
10/24/2004,MDW,IL,AGL,CE,Towers with Radar,0,0,0,0,0,480,234,176,3,893,480,234,176,3,893,0,0,0,893
10/25/2004,MDW,IL,AGL,CE,Towers with Radar,530,252,139,1,922,0,1,43,0,44,530,253,182,1,966,0,0,0,966
10/26/2004,MDW,IL,AGL,CE,Towers with Radar,0,0,0,0,0,532,314,189,2,1037,532,314,189,2,1037,0,0,0,1037
10/27/2004,MDW,IL,AGL,CE,Towers with Radar,0,0,0,0,0,521,332,257,0,1110,521,332,257,0,1110,0,0,0,1110
10/28/2004,MDW,IL,AGL,CE,Towers with Radar,0,0,0,0,0,527,330,190,1,1048,527,330,190,1,1048,0,0,0,1048
10/29/2004,MDW,IL,AGL,CE,Towers with Radar,0,0,0,0,0,536,323,181,1,1041,536,323,181,1,1041,0,0,0,1041
10/30/2004,MDW,IL,AGL,CE,Towers with Radar,0,0,0,0,0,399,182,58,0,639,399,182,58,0,639,0,0,0,639
10/31/2004,MDW,IL,AGL,CE,Towers with Radar,0,0,0,0,0,479,227,111,1,818,479,227,111,1,818,0,0,0,818
11/01/2004,MDW,IL,AGL,CE,Towers with Radar,514,242,142,0,898,0,0,9,0,9,514,242,151,0,907,0,0,0,907
11/02/2004,MDW,IL,AGL,CE,Towers with Radar,556,282,126,0,964,0,0,17,0,17,556,282,143,0,981,0,0,0,981
11/03/2004,MDW,IL,AGL,CE,Towers with Radar,528,305,158,2,993,0,0,36,0,36,528,305,194,2,1029,0,0,0,1029
11/04/2004,MDW,IL,AGL,CE,Towers with Radar,505,304,192,3,1004,0,0,7,0,7,505,304,199,3,1011,0,0,0,1011
11/05/2004,MDW,IL,AGL,CE,Towers with Radar,523,282,148,9,962,0,0,51,0,51,523,282,199,9,1013,0,0,0,1013
11/06/2004,MDW,IL,AGL,CE,Towers with Radar,395,181,80,2,658,0,0,58,0,58,395,181,138,2,716,0,0,0,716
11/07/2004,MDW,IL,AGL,CE,Towers with Radar,468,249,123,5,845,0,0,0,0,0,468,249,123,5,845,0,0,0,845
11/08/2004,MDW,IL,AGL,CE,Towers with Radar,509,275,157,0,941,0,0,42,0,42,509,275,199,0,983,0,0,0,983
11/09/2004,MDW,IL,AGL,CE,Towers with Radar,536,322,240,0,1098,0,0,46,0,46,536,322,286,0,1144,0,0,0,1144
11/10/2004,MDW,IL,AGL,CE,Towers with Radar,522,333,230,3,1088,0,0,40,0,40,522,333,270,3,1128,0,0,0,1128
11/11/2004,MDW,IL,AGL,CE,Towers with Radar,515,292,167,0,974,0,0,34,0,34,515,292,201,0,1008,0,0,0,1008
11/12/2004,MDW,IL,AGL,CE,Towers with Radar,515,223,138,5,881,0,0,34,0,34,515,223,172,5,915,0,0,0,915
11/13/2004,MDW,IL,AGL,CE,Towers with Radar,397,188,80,2,667,0,0,41,0,41,397,188,121,2,708,0,0,0,708
11/14/2004,MDW,IL,AGL,CE,Towers with Radar,477,203,115,1,796,0,0,41,0,41,477,203,156,1,837,0,0,0,837
11/15/2004,MDW,IL,AGL,CE,Towers with Radar,499,230,145,0,874,0,0,36,0,36,499,230,181,0,910,0,0,0,910
11/16/2004,MDW,IL,AGL,CE,Towers with Radar,511,296,172,0,979,0,0,8,0,8,511,296,180,0,987,0,0,0,987
11/17/2004,MDW,IL,AGL,CE,Towers with Radar,523,331,193,1,1048,0,0,5,0,5,523,331,198,1,1053,0,0,0,1053
11/18/2004,MDW,IL,AGL,CE,Towers with Radar,512,307,215,0,1034,0,0,2,0,2,512,307,217,0,1036,0,0,0,1036
11/19/2004,MDW,IL,AGL,CE,Towers with Radar,523,267,149,2,941,0,0,0,0,0,523,267,149,2,941,0,0,0,941
11/20/2004,MDW,IL,AGL,CE,Towers with Radar,400,171,64,0,635,0,0,15,0,15,400,171,79,0,650,0,0,0,650
11/21/2004,MDW,IL,AGL,CE,Towers with Radar,492,200,74,1,767,0,1,25,0,26,492,201,99,1,793,0,0,0,793
11/22/2004,MDW,IL,AGL,CE,Towers with Radar,529,238,104,0,871,0,0,38,0,38,529,238,142,0,909,0,0,0,909
11/23/2004,MDW,IL,AGL,CE,Towers with Radar,536,295,156,3,990,0,1,24,0,25,536,296,180,3,1015,0,0,0,1015
11/24/2004,MDW,IL,AGL,CE,Towers with Radar,491,273,114,0,878,0,0,0,0,0,491,273,114,0,878,0,0,0,878
11/25/2004,MDW,IL,AGL,CE,Towers with Radar,324,173,28,0,525,0,1,9,0,10,324,174,37,0,535,0,0,0,535
11/26/2004,MDW,IL,AGL,CE,Towers with Radar,338,123,41,0,502,0,0,18,0,18,338,123,59,0,520,0,0,0,520
11/27/2004,MDW,IL,AGL,CE,Towers with Radar,384,195,67,0,646,0,0,0,0,0,384,195,67,0,646,0,0,0,646
11/28/2004,MDW,IL,AGL,CE,Towers with Radar,492,217,115,2,826,0,0,37,0,37,492,217,152,2,863,0,0,0,863
11/29/2004,MDW,IL,AGL,CE,Towers with Radar,503,242,133,0,878,0,0,4,0,4,503,242,137,0,882,0,0,0,882
11/30/2004,MDW,IL,AGL,CE,Towers with Radar,525,302,149,0,976,0,0,2,0,2,525,302,151,0,978,0,0,0,978
12/01/2004,MDW,IL,AGL,CE,Towers with Radar,507,304,160,0,971,0,0,20,0,20,507,304,180,0,991,0,0,0,991
12/02/2004,MDW,IL,AGL,CE,Towers with Radar,521,318,183,1,1023,0,4,28,1,33,521,322,211,2,1056,0,0,0,1056
12/03/2004,MDW,IL,AGL,CE,Towers with Radar,511,288,165,7,971,0,0,39,0,39,511,288,204,7,1010,0,0,0,1010
12/04/2004,MDW,IL,AGL,CE,Towers with Radar,396,180,110,0,686,0,0,0,0,0,396,180,110,0,686,22,0,22,708
12/05/2004,MDW,IL,AGL,CE,Towers with Radar,469,209,109,3,790,0,0,27,0,27,469,209,136,3,817,0,0,0,817
12/06/2004,MDW,IL,AGL,CE,Towers with Radar,400,158,74,1,633,34,11,22,0,67,434,169,96,1,700,0,0,0,700
12/07/2004,MDW,IL,AGL,CE,Towers with Radar,506,275,173,0,954,0,0,7,0,7,506,275,180,0,961,0,0,0,961
12/08/2004,MDW,IL,AGL,CE,Towers with Radar,511,294,223,0,1028,0,3,13,0,16,511,297,236,0,1044,0,0,0,1044
12/09/2004,MDW,IL,AGL,CE,Towers with Radar,527,308,198,1,1034,0,0,30,0,30,527,308,228,1,1064,0,0,0,1064
12/10/2004,MDW,IL,AGL,CE,Towers with Radar,541,289,160,0,990,0,0,5,0,5,541,289,165,0,995,0,0,0,995
12/11/2004,MDW,IL,AGL,CE,Towers with Radar,396,183,57,1,637,0,0,23,0,23,396,183,80,1,660,0,0,0,660
12/12/2004,MDW,IL,AGL,CE,Towers with Radar,474,205,82,0,761,0,0,10,0,10,474,205,92,0,771,0,0,0,771
12/13/2004,MDW,IL,AGL,CE,Towers with Radar,507,238,131,2,878,0,0,11,0,11,507,238,142,2,889,0,0,0,889
12/14/2004,MDW,IL,AGL,CE,Towers with Radar,517,296,157,0,970,0,0,32,0,32,517,296,189,0,1002,0,0,0,1002
12/15/2004,MDW,IL,AGL,CE,Towers with Radar,511,293,162,0,966,0,0,39,0,39,511,293,201,0,1005,0,0,0,1005
12/16/2004,MDW,IL,AGL,CE,Towers with Radar,508,282,186,0,976,0,0,37,0,37,508,282,223,0,1013,0,0,0,1013
12/17/2004,MDW,IL,AGL,CE,Towers with Radar,520,282,154,2,958,0,0,0,0,0,520,282,154,2,958,0,0,0,958
12/18/2004,MDW,IL,AGL,CE,Towers with Radar,394,182,62,0,638,0,0,19,0,19,394,182,81,0,657,0,0,0,657
12/19/2004,MDW,IL,AGL,CE,Towers with Radar,529,205,67,0,801,0,0,6,0,6,529,205,73,0,807,0,0,0,807
12/20/2004,MDW,IL,AGL,CE,Towers with Radar,526,218,76,0,820,0,0,15,0,15,526,218,91,0,835,0,0,0,835
12/21/2004,MDW,IL,AGL,CE,Towers with Radar,526,286,160,1,973,0,0,33,4,37,526,286,193,5,1010,0,0,0,1010
12/22/2004,MDW,IL,AGL,CE,Towers with Radar,517,274,92,4,887,0,0,20,0,20,517,274,112,4,907,0,0,0,907
12/23/2004,MDW,IL,AGL,CE,Towers with Radar,512,221,74,0,807,0,0,14,0,14,512,221,88,0,821,0,0,0,821
12/24/2004,MDW,IL,AGL,CE,Towers with Radar,427,166,37,0,630,0,0,10,0,10,427,166,47,0,640,0,0,0,640
12/25/2004,MDW,IL,AGL,CE,Towers with Radar,368,123,11,0,502,0,0,1,0,1,368,123,12,0,503,0,0,0,503
12/26/2004,MDW,IL,AGL,CE,Towers with Radar,491,194,53,0,738,0,0,15,0,15,491,194,68,0,753,0,0,0,753
12/27/2004,MDW,IL,AGL,CE,Towers with Radar,520,219,59,0,798,0,0,24,0,24,520,219,83,0,822,0,0,0,822
12/28/2004,MDW,IL,AGL,CE,Towers with Radar,515,268,68,0,851,0,0,28,0,28,515,268,96,0,879,0,0,0,879
12/29/2004,MDW,IL,AGL,CE,Towers with Radar,527,267,70,1,865,0,1,25,0,26,527,268,95,1,891,2,0,2,893
12/30/2004,MDW,IL,AGL,CE,Towers with Radar,524,263,71,3,861,0,0,0,0,0,524,263,71,3,861,0,0,0,861
12/31/2004,MDW,IL,AGL,CE,Towers with Radar,420,176,66,0,662,0,0,0,0,0,420,176,66,0,662,0,0,0,662
01/01/2005,MDW,IL,AGL,CE,Towers with Radar,389,115,23,0,527,0,0,14,0,14,389,115,37,0,541,0,0,0,541
01/02/2005,MDW,IL,AGL,CE,Towers with Radar,502,203,126,0,831,0,0,4,0,4,502,203,130,0,835,0,0,0,835
01/03/2005,MDW,IL,AGL,CE,Towers with Radar,517,211,76,0,804,0,0,2,0,2,517,211,78,0,806,0,0,0,806
01/04/2005,MDW,IL,AGL,CE,Towers with Radar,520,262,83,0,865,0,0,9,0,9,520,262,92,0,874,0,0,0,874
01/05/2005,MDW,IL,AGL,CE,Towers with Radar,451,190,53,0,694,0,0,0,0,0,451,190,53,0,694,0,0,0,694
01/06/2005,MDW,IL,AGL,CE,Towers with Radar,538,226,86,2,852,0,0,14,0,14,538,226,100,2,866,0,0,0,866
01/07/2005,MDW,IL,AGL,CE,Towers with Radar,492,228,117,5,842,0,0,0,0,0,492,228,117,5,842,0,0,0,842
01/08/2005,MDW,IL,AGL,CE,Towers with Radar,376,137,29,0,542,0,0,10,0,10,376,137,39,0,552,0,0,0,552
01/09/2005,MDW,IL,AGL,CE,Towers with Radar,457,156,78,3,694,0,0,0,0,0,457,156,78,3,694,0,0,0,694
01/10/2005,MDW,IL,AGL,CE,Towers with Radar,500,191,117,1,809,0,0,24,0,24,500,191,141,1,833,0,0,0,833
01/11/2005,MDW,IL,AGL,CE,Towers with Radar,463,218,139,0,820,0,0,0,0,0,463,218,139,0,820,0,0,0,820
01/12/2005,MDW,IL,AGL,CE,Towers with Radar,437,191,128,0,756,0,0,2,0,2,437,191,130,0,758,0,0,0,758
01/13/2005,MDW,IL,AGL,CE,Towers with Radar,471,242,140,0,853,0,0,12,0,12,471,242,152,0,865,0,0,0,865
01/14/2005,MDW,IL,AGL,CE,Towers with Radar,491,185,127,0,803,0,0,48,0,48,491,185,175,0,851,2,0,2,853
01/15/2005,MDW,IL,AGL,CE,Towers with Radar,358,86,29,0,473,0,0,21,0,21,358,86,50,0,494,0,0,0,494
01/16/2005,MDW,IL,AGL,CE,Towers with Radar,438,90,47,0,575,0,0,23,0,23,438,90,70,0,598,0,0,0,598
01/17/2005,MDW,IL,AGL,CE,Towers with Radar,491,124,116,0,731,0,0,44,0,44,491,124,160,0,775,4,0,4,779
01/18/2005,MDW,IL,AGL,CE,Towers with Radar,479,137,107,0,723,0,0,34,0,34,479,137,141,0,757,0,0,0,757
01/19/2005,MDW,IL,AGL,CE,Towers with Radar,504,198,126,0,828,0,0,20,0,20,504,198,146,0,848,0,0,0,848
01/20/2005,MDW,IL,AGL,CE,Towers with Radar,492,204,116,0,812,0,0,1,0,1,492,204,117,0,813,0,0,0,813
01/21/2005,MDW,IL,AGL,CE,Towers with Radar,447,188,109,2,746,0,0,10,0,10,447,188,119,2,756,0,0,0,756
01/22/2005,MDW,IL,AGL,CE,Towers with Radar,293,53,14,0,360,0,0,0,0,0,293,53,14,0,360,0,0,0,360
01/23/2005,MDW,IL,AGL,CE,Towers with Radar,400,113,76,2,591,0,0,28,0,28,400,113,104,2,619,0,0,0,619
01/24/2005,MDW,IL,AGL,CE,Towers with Radar,488,140,101,0,729,0,0,11,0,11,488,140,112,0,740,0,0,0,740
01/25/2005,MDW,IL,AGL,CE,Towers with Radar,488,200,137,0,825,0,0,34,0,34,488,200,171,0,859,0,0,0,859
01/26/2005,MDW,IL,AGL,CE,Towers with Radar,485,197,153,2,837,0,0,15,0,15,485,197,168,2,852,0,0,0,852
01/27/2005,MDW,IL,AGL,CE,Towers with Radar,505,202,124,3,834,0,0,19,0,19,505,202,143,3,853,0,0,0,853
01/28/2005,MDW,IL,AGL,CE,Towers with Radar,486,174,105,1,766,0,0,31,1,32,486,174,136,2,798,0,0,0,798
01/29/2005,MDW,IL,AGL,CE,Towers with Radar,358,82,30,2,472,0,0,17,0,17,358,82,47,2,489,0,0,0,489
01/30/2005,MDW,IL,AGL,CE,Towers with Radar,430,111,54,1,596,0,0,37,0,37,430,111,91,1,633,8,0,8,641
01/31/2005,MDW,IL,AGL,CE,Towers with Radar,484,143,75,1,703,0,0,26,0,26,484,143,101,1,729,0,0,0,729
02/01/2005,MDW,IL,AGL,CE,Towers with Radar,481,171,102,0,754,0,0,29,0,29,481,171,131,0,783,0,0,0,783
02/02/2005,MDW,IL,AGL,CE,Towers with Radar,472,183,123,0,778,0,0,41,0,41,472,183,164,0,819,0,0,0,819
02/03/2005,MDW,IL,AGL,CE,Towers with Radar,498,193,135,0,826,0,0,34,0,34,498,193,169,0,860,0,0,0,860
02/04/2005,MDW,IL,AGL,CE,Towers with Radar,470,159,115,4,748,0,0,33,0,33,470,159,148,4,781,0,0,0,781
02/05/2005,MDW,IL,AGL,CE,Towers with Radar,382,69,64,0,515,0,0,26,0,26,382,69,90,0,541,0,0,0,541
02/06/2005,MDW,IL,AGL,CE,Towers with Radar,413,65,64,4,546,0,0,20,0,20,413,65,84,4,566,0,0,0,566
02/07/2005,MDW,IL,AGL,CE,Towers with Radar,484,126,121,1,732,0,0,0,0,0,484,126,121,1,732,0,0,0,732
02/08/2005,MDW,IL,AGL,CE,Towers with Radar,475,172,145,1,793,0,0,17,0,17,475,172,162,1,810,0,0,0,810
02/09/2005,MDW,IL,AGL,CE,Towers with Radar,475,179,134,0,788,0,0,17,0,17,475,179,151,0,805,0,0,0,805
02/10/2005,MDW,IL,AGL,CE,Towers with Radar,475,187,195,0,857,0,0,0,0,0,475,187,195,0,857,0,0,0,857
02/11/2005,MDW,IL,AGL,CE,Towers with Radar,477,154,144,2,777,0,0,31,0,31,477,154,175,2,808,0,0,0,808
02/12/2005,MDW,IL,AGL,CE,Towers with Radar,372,58,36,0,466,0,0,32,0,32,372,58,68,0,498,0,0,0,498
02/13/2005,MDW,IL,AGL,CE,Towers with Radar,433,74,65,2,574,0,0,11,0,11,433,74,76,2,585,0,0,0,585
02/14/2005,MDW,IL,AGL,CE,Towers with Radar,462,121,91,0,674,0,0,14,0,14,462,121,105,0,688,0,0,0,688
02/15/2005,MDW,IL,AGL,CE,Towers with Radar,475,187,143,0,805,0,0,10,0,10,475,187,153,0,815,0,0,0,815
02/16/2005,MDW,IL,AGL,CE,Towers with Radar,477,184,157,0,818,0,0,39,0,39,477,184,196,0,857,0,0,0,857
02/17/2005,MDW,IL,AGL,CE,Towers with Radar,477,197,149,0,823,0,0,31,0,31,477,197,180,0,854,0,0,0,854
02/18/2005,MDW,IL,AGL,CE,Towers with Radar,483,148,144,3,778,0,0,44,0,44,483,148,188,3,822,0,0,0,822
02/19/2005,MDW,IL,AGL,CE,Towers with Radar,374,82,60,0,516,0,0,34,0,34,374,82,94,0,550,0,0,0,550
02/20/2005,MDW,IL,AGL,CE,Towers with Radar,427,80,66,0,573,0,0,0,0,0,427,80,66,0,573,0,0,0,573
02/21/2005,MDW,IL,AGL,CE,Towers with Radar,470,93,106,8,677,0,0,13,0,13,470,93,119,8,690,0,0,0,690
02/22/2005,MDW,IL,AGL,CE,Towers with Radar,496,139,154,4,793,0,1,11,0,12,496,140,165,4,805,0,0,0,805
02/23/2005,MDW,IL,AGL,CE,Towers with Radar,491,194,156,0,841,0,0,40,0,40,491,194,196,0,881,0,0,0,881
02/24/2005,MDW,IL,AGL,CE,Towers with Radar,467,164,155,0,786,0,0,24,0,24,467,164,179,0,810,0,0,0,810
02/25/2005,MDW,IL,AGL,CE,Towers with Radar,484,170,104,0,758,0,0,40,0,40,484,170,144,0,798,2,0,2,800
02/26/2005,MDW,IL,AGL,CE,Towers with Radar,373,69,71,1,514,0,0,50,0,50,373,69,121,1,564,0,0,0,564
02/27/2005,MDW,IL,AGL,CE,Towers with Radar,417,77,71,0,565,0,0,16,0,16,417,77,87,0,581,0,0,0,581
02/28/2005,MDW,IL,AGL,CE,Towers with Radar,466,111,115,0,692,0,0,1,0,1,466,111,116,0,693,0,0,0,693
03/01/2005,MDW,IL,AGL,CE,Towers with Radar,474,177,148,0,799,0,0,26,0,26,474,177,174,0,825,0,0,0,825
03/02/2005,MDW,IL,AGL,CE,Towers with Radar,485,168,134,0,787,0,0,30,0,30,485,168,164,0,817,0,0,0,817
03/03/2005,MDW,IL,AGL,CE,Towers with Radar,472,185,145,0,802,0,0,43,1,44,472,185,188,1,846,2,0,2,848
03/04/2005,MDW,IL,AGL,CE,Towers with Radar,499,149,111,2,761,0,0,40,0,40,499,149,151,2,801,0,0,0,801
03/05/2005,MDW,IL,AGL,CE,Towers with Radar,386,61,49,2,498,0,0,25,0,25,386,61,74,2,523,0,0,0,523
03/06/2005,MDW,IL,AGL,CE,Towers with Radar,439,91,94,4,628,0,0,44,36,80,439,91,138,40,708,0,0,0,708
03/07/2005,MDW,IL,AGL,CE,Towers with Radar,492,109,134,3,738,0,0,6,0,6,492,109,140,3,744,0,0,0,744
03/08/2005,MDW,IL,AGL,CE,Towers with Radar,473,180,166,0,819,0,0,44,0,44,473,180,210,0,863,0,0,0,863
03/09/2005,MDW,IL,AGL,CE,Towers with Radar,487,191,182,1,861,0,0,46,0,46,487,191,228,1,907,0,0,0,907
03/10/2005,MDW,IL,AGL,CE,Towers with Radar,500,185,186,0,871,0,0,3,0,3,500,185,189,0,874,0,0,0,874
03/11/2005,MDW,IL,AGL,CE,Towers with Radar,506,161,153,0,820,0,1,12,0,13,506,162,165,0,833,0,0,0,833
03/12/2005,MDW,IL,AGL,CE,Towers with Radar,393,74,42,7,516,0,0,37,0,37,393,74,79,7,553,0,0,0,553
03/13/2005,MDW,IL,AGL,CE,Towers with Radar,441,76,85,3,605,0,0,39,0,39,441,76,124,3,644,0,0,0,644
03/14/2005,MDW,IL,AGL,CE,Towers with Radar,493,115,104,0,712,0,1,26,0,27,493,116,130,0,739,0,0,0,739
03/15/2005,MDW,IL,AGL,CE,Towers with Radar,492,176,130,1,799,0,0,29,0,29,492,176,159,1,828,0,0,0,828
03/16/2005,MDW,IL,AGL,CE,Towers with Radar,495,177,153,0,825,0,1,41,0,42,495,178,194,0,867,0,0,0,867
03/17/2005,MDW,IL,AGL,CE,Towers with Radar,515,180,161,0,856,0,1,14,0,15,515,181,175,0,871,0,0,0,871
03/18/2005,MDW,IL,AGL,CE,Towers with Radar,528,167,115,1,811,0,0,32,0,32,528,167,147,1,843,2,0,2,845
03/19/2005,MDW,IL,AGL,CE,Towers with Radar,408,62,79,0,549,0,0,24,0,24,408,62,103,0,573,0,0,0,573
03/20/2005,MDW,IL,AGL,CE,Towers with Radar,456,86,83,2,627,0,0,29,0,29,456,86,112,2,656,0,0,0,656
03/21/2005,MDW,IL,AGL,CE,Towers with Radar,506,117,171,0,794,0,0,28,0,28,506,117,199,0,822,0,0,0,822
03/22/2005,MDW,IL,AGL,CE,Towers with Radar,518,153,148,0,819,0,0,30,0,30,518,153,178,0,849,0,0,0,849
03/23/2005,MDW,IL,AGL,CE,Towers with Radar,522,160,130,0,812,0,0,17,0,17,522,160,147,0,829,0,0,0,829
03/24/2005,MDW,IL,AGL,CE,Towers with Radar,498,185,147,0,830,0,0,29,0,29,498,185,176,0,859,0,0,0,859
03/25/2005,MDW,IL,AGL,CE,Towers with Radar,505,125,87,0,717,0,0,3,0,3,505,125,90,0,720,0,0,0,720
03/26/2005,MDW,IL,AGL,CE,Towers with Radar,384,50,46,0,480,0,0,22,0,22,384,50,68,0,502,0,0,0,502
03/27/2005,MDW,IL,AGL,CE,Towers with Radar,448,84,55,0,587,0,0,20,0,20,448,84,75,0,607,0,0,0,607
03/28/2005,MDW,IL,AGL,CE,Towers with Radar,515,124,100,0,739,0,0,50,0,50,515,124,150,0,789,0,0,0,789
03/29/2005,MDW,IL,AGL,CE,Towers with Radar,510,110,86,0,706,0,0,35,0,35,510,110,121,0,741,0,0,0,741
03/30/2005,MDW,IL,AGL,CE,Towers with Radar,516,123,83,0,722,0,0,15,0,15,516,123,98,0,737,0,0,0,737
03/31/2005,MDW,IL,AGL,CE,Towers with Radar,519,139,148,0,806,0,0,20,0,20,519,139,168,0,826,0,0,0,826
04/01/2005,MDW,IL,AGL,CE,Towers with Radar,521,103,98,0,722,0,0,37,5,42,521,103,135,5,764,0,0,0,764
04/02/2005,MDW,IL,AGL,CE,Towers with Radar,413,56,71,0,540,0,0,31,0,31,413,56,102,0,571,0,0,0,571
04/03/2005,MDW,IL,AGL,CE,Towers with Radar,505,75,80,5,665,0,0,68,0,68,505,75,148,5,733,0,0,0,733
04/04/2005,MDW,IL,AGL,CE,Towers with Radar,533,92,96,0,721,0,0,44,5,49,533,92,140,5,770,0,0,0,770
04/05/2005,MDW,IL,AGL,CE,Towers with Radar,539,151,157,3,850,0,0,48,0,48,539,151,205,3,898,0,0,0,898
04/06/2005,MDW,IL,AGL,CE,Towers with Radar,534,147,145,0,826,0,0,30,0,30,534,147,175,0,856,0,0,0,856
04/07/2005,MDW,IL,AGL,CE,Towers with Radar,538,139,176,0,853,0,0,25,0,25,538,139,201,0,878,0,0,0,878
04/08/2005,MDW,IL,AGL,CE,Towers with Radar,530,141,150,1,822,0,0,51,4,55,530,141,201,5,877,10,0,10,887
04/09/2005,MDW,IL,AGL,CE,Towers with Radar,435,43,62,0,540,0,0,62,0,62,435,43,124,0,602,0,0,0,602
04/10/2005,MDW,IL,AGL,CE,Towers with Radar,485,61,105,1,652,0,0,53,0,53,485,61,158,1,705,0,0,0,705
04/11/2005,MDW,IL,AGL,CE,Towers with Radar,528,81,122,0,731,0,0,13,0,13,528,81,135,0,744,0,0,0,744
04/12/2005,MDW,IL,AGL,CE,Towers with Radar,528,148,143,0,819,0,1,14,0,15,528,149,157,0,834,0,0,0,834
04/13/2005,MDW,IL,AGL,CE,Towers with Radar,539,143,187,1,870,0,2,32,0,34,539,145,219,1,904,0,0,0,904
04/14/2005,MDW,IL,AGL,CE,Towers with Radar,529,155,172,1,857,0,0,48,2,50,529,155,220,3,907,2,0,2,909
04/15/2005,MDW,IL,AGL,CE,Towers with Radar,538,149,153,0,840,0,0,64,0,64,538,149,217,0,904,0,0,0,904
04/16/2005,MDW,IL,AGL,CE,Towers with Radar,416,53,64,0,533,0,0,49,0,49,416,53,113,0,582,0,0,0,582
04/17/2005,MDW,IL,AGL,CE,Towers with Radar,490,68,79,1,638,0,0,34,0,34,490,68,113,1,672,0,0,0,672
04/18/2005,MDW,IL,AGL,CE,Towers with Radar,524,69,116,0,709,0,0,36,0,36,524,69,152,0,745,0,0,0,745
04/19/2005,MDW,IL,AGL,CE,Towers with Radar,526,158,125,3,812,0,0,42,0,42,526,158,167,3,854,0,0,0,854
04/20/2005,MDW,IL,AGL,CE,Towers with Radar,530,158,132,0,820,0,0,17,0,17,530,158,149,0,837,0,0,0,837
04/21/2005,MDW,IL,AGL,CE,Towers with Radar,526,195,148,2,871,0,0,51,0,51,526,195,199,2,922,0,0,0,922
04/22/2005,MDW,IL,AGL,CE,Towers with Radar,524,140,103,2,769,0,0,5,0,5,524,140,108,2,774,0,0,0,774
04/23/2005,MDW,IL,AGL,CE,Towers with Radar,432,49,57,0,538,0,0,15,0,15,432,49,72,0,553,6,0,6,559
04/24/2005,MDW,IL,AGL,CE,Towers with Radar,495,60,74,3,632,0,0,26,0,26,495,60,100,3,658,0,0,0,658
04/25/2005,MDW,IL,AGL,CE,Towers with Radar,530,93,127,1,751,0,0,26,0,26,530,93,153,1,777,0,0,0,777
04/26/2005,MDW,IL,AGL,CE,Towers with Radar,526,130,138,0,794,0,0,46,0,46,526,130,184,0,840,0,0,0,840
04/27/2005,MDW,IL,AGL,CE,Towers with Radar,545,149,178,0,872,0,0,35,0,35,545,149,213,0,907,0,0,0,907
04/28/2005,MDW,IL,AGL,CE,Towers with Radar,523,140,158,1,822,0,0,34,0,34,523,140,192,1,856,0,0,0,856
04/29/2005,MDW,IL,AGL,CE,Towers with Radar,535,143,160,2,840,0,0,44,0,44,535,143,204,2,884,0,0,0,884
04/30/2005,MDW,IL,AGL,CE,Towers with Radar,411,47,66,0,524,0,0,55,0,55,411,47,121,0,579,4,0,4,583
05/01/2005,MDW,IL,AGL,CE,Towers with Radar,490,63,151,0,704,0,0,42,0,42,490,63,193,0,746,0,0,0,746
05/02/2005,MDW,IL,AGL,CE,Towers with Radar,521,95,154,0,770,0,0,47,0,47,521,95,201,0,817,0,0,0,817
05/03/2005,MDW,IL,AGL,CE,Towers with Radar,526,146,210,2,884,0,2,43,0,45,526,148,253,2,929,0,0,0,929
05/04/2005,MDW,IL,AGL,CE,Towers with Radar,542,160,165,1,868,0,0,81,3,84,542,160,246,4,952,0,0,0,952
05/05/2005,MDW,IL,AGL,CE,Towers with Radar,547,181,178,6,912,0,0,68,0,68,547,181,246,6,980,0,0,0,980
05/06/2005,MDW,IL,AGL,CE,Towers with Radar,543,136,132,3,814,0,0,67,1,68,543,136,199,4,882,0,0,0,882
05/07/2005,MDW,IL,AGL,CE,Towers with Radar,434,71,74,0,579,0,0,42,2,44,434,71,116,2,623,0,0,0,623
05/08/2005,MDW,IL,AGL,CE,Towers with Radar,496,59,87,4,646,0,0,50,0,50,496,59,137,4,696,0,0,0,696
05/09/2005,MDW,IL,AGL,CE,Towers with Radar,562,88,164,0,814,0,0,17,0,17,562,88,181,0,831,0,0,0,831
05/10/2005,MDW,IL,AGL,CE,Towers with Radar,540,133,177,2,852,0,0,47,4,51,540,133,224,6,903,0,0,0,903
05/11/2005,MDW,IL,AGL,CE,Towers with Radar,532,137,165,0,834,0,6,0,0,6,532,143,165,0,840,0,0,0,840
05/12/2005,MDW,IL,AGL,CE,Towers with Radar,533,160,203,1,897,0,0,21,0,21,533,160,224,1,918,0,0,0,918
05/13/2005,MDW,IL,AGL,CE,Towers with Radar,539,121,107,2,769,0,0,14,4,18,539,121,121,6,787,0,0,0,787
05/14/2005,MDW,IL,AGL,CE,Towers with Radar,419,35,64,0,518,0,0,20,0,20,419,35,84,0,538,0,0,0,538
05/15/2005,MDW,IL,AGL,CE,Towers with Radar,498,46,77,3,624,0,0,39,0,39,498,46,116,3,663,0,0,0,663
05/16/2005,MDW,IL,AGL,CE,Towers with Radar,528,80,178,2,788,0,0,46,0,46,528,80,224,2,834,0,0,0,834
05/17/2005,MDW,IL,AGL,CE,Towers with Radar,540,133,140,0,813,0,0,57,3,60,540,133,197,3,873,16,0,16,889
05/18/2005,MDW,IL,AGL,CE,Towers with Radar,527,149,183,0,859,0,11,35,3,49,527,160,218,3,908,0,0,0,908
05/19/2005,MDW,IL,AGL,CE,Towers with Radar,533,158,163,2,856,0,0,4,0,4,533,158,167,2,860,0,0,0,860
05/20/2005,MDW,IL,AGL,CE,Towers with Radar,543,138,169,8,858,0,0,24,0,24,543,138,193,8,882,0,0,0,882
05/21/2005,MDW,IL,AGL,CE,Towers with Radar,428,52,82,0,562,0,0,49,0,49,428,52,131,0,611,0,0,0,611
05/22/2005,MDW,IL,AGL,CE,Towers with Radar,499,72,146,3,720,0,0,35,0,35,499,72,181,3,755,0,0,0,755
05/23/2005,MDW,IL,AGL,CE,Towers with Radar,528,93,211,2,834,0,0,68,0,68,528,93,279,2,902,0,0,0,902
05/24/2005,MDW,IL,AGL,CE,Towers with Radar,538,162,201,5,906,0,0,62,2,64,538,162,263,7,970,2,0,2,972
05/25/2005,MDW,IL,AGL,CE,Towers with Radar,543,175,169,0,887,0,0,46,1,47,543,175,215,1,934,0,0,0,934
05/26/2005,MDW,IL,AGL,CE,Towers with Radar,527,145,176,1,849,0,0,58,4,62,527,145,234,5,911,0,0,0,911
05/27/2005,MDW,IL,AGL,CE,Towers with Radar,544,125,123,2,794,0,0,40,0,40,544,125,163,2,834,0,0,0,834
05/28/2005,MDW,IL,AGL,CE,Towers with Radar,422,35,50,1,508,0,0,27,0,27,422,35,77,1,535,0,0,0,535
05/29/2005,MDW,IL,AGL,CE,Towers with Radar,396,28,54,2,480,0,0,32,0,32,396,28,86,2,512,0,0,0,512
05/30/2005,MDW,IL,AGL,CE,Towers with Radar,477,62,64,3,606,0,0,48,0,48,477,62,112,3,654,0,0,0,654
05/31/2005,MDW,IL,AGL,CE,Towers with Radar,531,91,160,4,786,0,0,55,3,58,531,91,215,7,844,0,0,0,844
06/01/2005,MDW,IL,AGL,CE,Towers with Radar,552,153,161,1,867,0,0,86,1,87,552,153,247,2,954,2,0,2,956
06/02/2005,MDW,IL,AGL,CE,Towers with Radar,547,136,137,1,821,0,0,43,0,43,547,136,180,1,864,0,0,0,864
06/03/2005,MDW,IL,AGL,CE,Towers with Radar,568,146,146,2,862,0,0,15,4,19,568,146,161,6,881,0,0,0,881
06/04/2005,MDW,IL,AGL,CE,Towers with Radar,446,49,42,2,539,0,0,25,1,26,446,49,67,3,565,0,0,0,565
06/05/2005,MDW,IL,AGL,CE,Towers with Radar,517,60,79,2,658,0,0,20,0,20,517,60,99,2,678,0,0,0,678
06/06/2005,MDW,IL,AGL,CE,Towers with Radar,537,84,148,0,769,0,0,34,3,37,537,84,182,3,806,0,0,0,806
06/07/2005,MDW,IL,AGL,CE,Towers with Radar,539,160,202,1,902,0,1,46,2,49,539,161,248,3,951,0,0,0,951
06/08/2005,MDW,IL,AGL,CE,Towers with Radar,547,157,214,1,919,0,0,34,5,39,547,157,248,6,958,0,0,0,958
06/09/2005,MDW,IL,AGL,CE,Towers with Radar,551,192,199,5,947,0,0,42,2,44,551,192,241,7,991,0,0,0,991
06/10/2005,MDW,IL,AGL,CE,Towers with Radar,552,125,192,1,870,0,0,31,0,31,552,125,223,1,901,0,0,0,901
06/11/2005,MDW,IL,AGL,CE,Towers with Radar,487,63,49,3,602,0,20,22,0,42,487,83,71,3,644,0,0,0,644
06/12/2005,MDW,IL,AGL,CE,Towers with Radar,509,74,118,2,703,0,0,29,0,29,509,74,147,2,732,0,0,0,732
06/13/2005,MDW,IL,AGL,CE,Towers with Radar,551,87,197,2,837,0,0,0,0,0,551,87,197,2,837,0,0,0,837
06/14/2005,MDW,IL,AGL,CE,Towers with Radar,537,144,220,0,901,0,0,0,0,0,537,144,220,0,901,0,0,0,901
06/15/2005,MDW,IL,AGL,CE,Towers with Radar,533,168,206,2,909,0,0,39,6,45,533,168,245,8,954,0,0,0,954
06/16/2005,MDW,IL,AGL,CE,Towers with Radar,537,150,160,1,848,0,0,72,3,75,537,150,232,4,923,0,0,0,923
06/17/2005,MDW,IL,AGL,CE,Towers with Radar,571,134,159,0,864,0,55,12,0,67,571,189,171,0,931,0,0,0,931
06/18/2005,MDW,IL,AGL,CE,Towers with Radar,491,52,60,2,605,0,0,51,0,51,491,52,111,2,656,0,0,0,656
06/19/2005,MDW,IL,AGL,CE,Towers with Radar,510,67,78,0,655,0,0,38,0,38,510,67,116,0,693,0,0,0,693
06/20/2005,MDW,IL,AGL,CE,Towers with Radar,573,103,145,0,821,0,0,59,0,59,573,103,204,0,880,0,0,0,880
06/21/2005,MDW,IL,AGL,CE,Towers with Radar,558,144,187,0,889,30,0,57,3,90,588,144,244,3,979,0,0,0,979
06/22/2005,MDW,IL,AGL,CE,Towers with Radar,551,162,184,1,898,0,0,67,2,69,551,162,251,3,967,0,0,0,967
06/23/2005,MDW,IL,AGL,CE,Towers with Radar,588,184,203,0,975,0,1,51,4,56,588,185,254,4,1031,0,0,0,1031
06/24/2005,MDW,IL,AGL,CE,Towers with Radar,562,136,117,1,816,0,0,35,2,37,562,136,152,3,853,0,0,0,853
06/25/2005,MDW,IL,AGL,CE,Towers with Radar,562,136,117,1,816,0,0,35,2,37,562,136,152,3,853,0,0,0,853
06/26/2005,MDW,IL,AGL,CE,Towers with Radar,505,70,114,1,690,0,0,34,0,34,505,70,148,1,724,0,0,0,724
06/27/2005,MDW,IL,AGL,CE,Towers with Radar,562,111,179,0,852,0,0,23,0,23,562,111,202,0,875,0,0,0,875
06/28/2005,MDW,IL,AGL,CE,Towers with Radar,558,160,198,0,916,0,0,43,0,43,558,160,241,0,959,0,0,0,959
06/29/2005,MDW,IL,AGL,CE,Towers with Radar,553,140,173,0,866,0,61,42,0,103,553,201,215,0,969,0,0,0,969
06/30/2005,MDW,IL,AGL,CE,Towers with Radar,545,169,165,2,881,0,0,47,2,49,545,169,212,4,930,2,0,2,932
07/01/2005,MDW,IL,AGL,CE,Towers with Radar,562,125,129,2,818,0,0,45,1,46,562,125,174,3,864,0,0,0,864
07/02/2005,MDW,IL,AGL,CE,Towers with Radar,491,48,59,0,598,0,0,60,0,60,491,48,119,0,658,8,0,8,666
07/03/2005,MDW,IL,AGL,CE,Towers with Radar,407,26,46,1,480,0,0,37,0,37,407,26,83,1,517,0,0,0,517
07/04/2005,MDW,IL,AGL,CE,Towers with Radar,452,33,50,2,537,0,0,14,1,15,452,33,64,3,552,0,0,0,552
07/05/2005,MDW,IL,AGL,CE,Towers with Radar,559,74,129,1,763,0,0,68,1,69,559,74,197,2,832,13,0,13,845
07/06/2005,MDW,IL,AGL,CE,Towers with Radar,572,134,122,0,828,0,0,46,0,46,572,134,168,0,874,40,0,40,914
07/07/2005,MDW,IL,AGL,CE,Towers with Radar,572,161,128,0,861,0,0,58,5,63,572,161,186,5,924,0,0,0,924
07/08/2005,MDW,IL,AGL,CE,Towers with Radar,571,131,120,3,825,0,0,96,2,98,571,131,216,5,923,0,0,0,923
07/09/2005,MDW,IL,AGL,CE,Towers with Radar,501,33,59,2,595,0,1,69,3,73,501,34,128,5,668,0,0,0,668
07/10/2005,MDW,IL,AGL,CE,Towers with Radar,526,92,195,7,820,0,0,0,0,0,526,92,195,7,820,0,0,0,820
07/11/2005,MDW,IL,AGL,CE,Towers with Radar,575,88,130,0,793,0,0,47,0,47,575,88,177,0,840,2,0,2,842
07/12/2005,MDW,IL,AGL,CE,Towers with Radar,570,147,129,1,847,0,0,32,3,35,570,147,161,4,882,0,0,0,882
07/13/2005,MDW,IL,AGL,CE,Towers with Radar,560,149,173,0,882,0,0,21,1,22,560,149,194,1,904,0,0,0,904
07/14/2005,MDW,IL,AGL,CE,Towers with Radar,589,163,166,8,926,0,0,61,4,65,589,163,227,12,991,0,0,0,991
07/15/2005,MDW,IL,AGL,CE,Towers with Radar,569,124,157,1,851,0,0,43,0,43,569,124,200,1,894,4,0,4,898
07/16/2005,MDW,IL,AGL,CE,Towers with Radar,509,46,54,3,612,0,0,46,4,50,509,46,100,7,662,0,0,0,662
07/17/2005,MDW,IL,AGL,CE,Towers with Radar,528,49,98,1,676,0,0,27,0,27,528,49,125,1,703,0,0,0,703
07/18/2005,MDW,IL,AGL,CE,Towers with Radar,584,73,153,0,810,0,0,0,0,0,584,73,153,0,810,0,0,0,810
07/19/2005,MDW,IL,AGL,CE,Towers with Radar,548,127,230,5,910,0,0,0,0,0,548,127,230,5,910,8,0,8,918
07/20/2005,MDW,IL,AGL,CE,Towers with Radar,562,149,155,9,875,0,0,38,8,46,562,149,193,17,921,0,0,0,921
07/21/2005,MDW,IL,AGL,CE,Towers with Radar,581,142,231,1,955,0,0,0,0,0,581,142,231,1,955,4,0,4,959
07/22/2005,MDW,IL,AGL,CE,Towers with Radar,574,149,132,7,862,0,0,48,1,49,574,149,180,8,911,0,0,0,911
07/23/2005,MDW,IL,AGL,CE,Towers with Radar,501,40,71,0,612,0,0,42,0,42,501,40,113,0,654,0,0,0,654
07/24/2005,MDW,IL,AGL,CE,Towers with Radar,531,75,91,3,700,0,1,38,0,39,531,76,129,3,739,0,0,0,739
07/25/2005,MDW,IL,AGL,CE,Towers with Radar,532,81,114,1,728,0,0,33,0,33,532,81,147,1,761,0,0,0,761
07/26/2005,MDW,IL,AGL,CE,Towers with Radar,569,153,154,0,876,0,0,20,0,20,569,153,174,0,896,0,0,0,896
07/27/2005,MDW,IL,AGL,CE,Towers with Radar,570,175,178,0,923,0,0,55,3,58,570,175,233,3,981,0,0,0,981
07/28/2005,MDW,IL,AGL,CE,Towers with Radar,574,153,168,3,898,0,2,37,1,40,574,155,205,4,938,0,0,0,938
07/29/2005,MDW,IL,AGL,CE,Towers with Radar,567,125,134,5,831,0,0,60,0,60,567,125,194,5,891,0,0,0,891
07/30/2005,MDW,IL,AGL,CE,Towers with Radar,500,52,73,3,628,0,0,53,0,53,500,52,126,3,681,0,0,0,681
07/31/2005,MDW,IL,AGL,CE,Towers with Radar,515,75,162,2,754,0,0,0,0,0,515,75,162,2,754,0,0,0,754
08/01/2005,MDW,IL,AGL,CE,Towers with Radar,571,83,134,0,788,0,0,52,0,52,571,83,186,0,840,0,0,0,840
08/02/2005,MDW,IL,AGL,CE,Towers with Radar,538,146,134,0,818,0,0,54,1,55,538,146,188,1,873,2,0,2,875
08/03/2005,MDW,IL,AGL,CE,Towers with Radar,576,143,152,0,871,0,0,31,0,31,576,143,183,0,902,0,0,0,902
08/04/2005,MDW,IL,AGL,CE,Towers with Radar,554,135,130,1,820,0,2,35,1,38,554,137,165,2,858,0,0,0,858
08/05/2005,MDW,IL,AGL,CE,Towers with Radar,574,134,170,5,883,0,0,60,0,60,574,134,230,5,943,0,0,0,943
08/06/2005,MDW,IL,AGL,CE,Towers with Radar,484,45,62,0,591,0,0,56,0,56,484,45,118,0,647,0,0,0,647
08/07/2005,MDW,IL,AGL,CE,Towers with Radar,520,70,94,2,686,0,0,61,0,61,520,70,155,2,747,0,0,0,747
08/08/2005,MDW,IL,AGL,CE,Towers with Radar,583,116,167,1,867,0,0,46,0,46,583,116,213,1,913,0,0,0,913
08/09/2005,MDW,IL,AGL,CE,Towers with Radar,562,137,155,2,856,0,0,42,1,43,562,137,197,3,899,0,0,0,899
08/10/2005,MDW,IL,AGL,CE,Towers with Radar,558,166,167,0,891,0,0,26,0,26,558,166,193,0,917,2,0,2,919
08/11/2005,MDW,IL,AGL,CE,Towers with Radar,574,150,157,1,882,0,0,21,0,21,574,150,178,1,903,0,0,0,903
08/12/2005,MDW,IL,AGL,CE,Towers with Radar,568,136,157,1,862,0,0,30,0,30,568,136,187,1,892,0,0,0,892
08/13/2005,MDW,IL,AGL,CE,Towers with Radar,500,52,46,0,598,0,0,22,0,22,500,52,68,0,620,0,0,0,620
08/14/2005,MDW,IL,AGL,CE,Towers with Radar,529,42,92,1,664,0,0,44,0,44,529,42,136,1,708,0,0,0,708
08/15/2005,MDW,IL,AGL,CE,Towers with Radar,597,77,138,0,812,0,0,46,0,46,597,77,184,0,858,0,0,0,858
08/16/2005,MDW,IL,AGL,CE,Towers with Radar,571,124,145,0,840,0,0,67,3,70,571,124,212,3,910,0,0,0,910
08/17/2005,MDW,IL,AGL,CE,Towers with Radar,574,142,218,4,938,0,0,0,0,0,574,142,218,4,938,0,0,0,938
08/18/2005,MDW,IL,AGL,CE,Towers with Radar,586,146,137,1,870,0,0,23,0,23,586,146,160,1,893,0,0,0,893
08/19/2005,MDW,IL,AGL,CE,Towers with Radar,570,133,123,7,833,0,2,53,7,62,570,135,176,14,895,0,0,0,895
08/20/2005,MDW,IL,AGL,CE,Towers with Radar,502,56,48,0,606,0,0,31,1,32,502,56,79,1,638,0,0,0,638
08/21/2005,MDW,IL,AGL,CE,Towers with Radar,518,49,139,4,710,291,0,0,0,291,809,49,139,4,1001,0,0,0,1001
08/22/2005,MDW,IL,AGL,CE,Towers with Radar,573,79,144,0,796,0,0,47,0,47,573,79,191,0,843,0,0,0,843
08/23/2005,MDW,IL,AGL,CE,Towers with Radar,574,154,153,3,884,0,0,59,2,61,574,154,212,5,945,0,0,0,945
08/24/2005,MDW,IL,AGL,CE,Towers with Radar,567,166,171,0,904,0,0,60,5,65,567,166,231,5,969,0,0,0,969
08/25/2005,MDW,IL,AGL,CE,Towers with Radar,570,162,120,1,853,0,1,33,5,39,570,163,153,6,892,0,0,0,892
08/26/2005,MDW,IL,AGL,CE,Towers with Radar,570,119,144,0,833,0,0,38,3,41,570,119,182,3,874,0,0,0,874
08/27/2005,MDW,IL,AGL,CE,Towers with Radar,489,48,48,3,588,0,0,31,0,31,489,48,79,3,619,0,0,0,619
08/28/2005,MDW,IL,AGL,CE,Towers with Radar,529,59,65,5,658,0,0,49,0,49,529,59,114,5,707,0,0,0,707
08/29/2005,MDW,IL,AGL,CE,Towers with Radar,547,102,137,0,786,0,0,32,0,32,547,102,169,0,818,6,0,6,824
08/30/2005,MDW,IL,AGL,CE,Towers with Radar,557,153,126,5,841,0,0,41,3,44,557,153,167,8,885,0,0,0,885
08/31/2005,MDW,IL,AGL,CE,Towers with Radar,565,154,174,0,893,0,0,34,2,36,565,154,208,2,929,0,0,0,929
09/01/2005,MDW,IL,AGL,CE,Towers with Radar,576,165,144,0,885,0,0,44,1,45,576,165,188,1,930,0,0,0,930
09/02/2005,MDW,IL,AGL,CE,Towers with Radar,554,145,146,2,847,0,0,61,2,63,554,145,207,4,910,0,0,0,910
09/03/2005,MDW,IL,AGL,CE,Towers with Radar,447,37,60,1,545,0,0,45,2,47,447,37,105,3,592,0,0,0,592
09/04/2005,MDW,IL,AGL,CE,Towers with Radar,0,0,0,0,0,376,44,100,10,530,376,44,100,10,530,0,0,0,530
09/05/2005,MDW,IL,AGL,CE,Towers with Radar,480,65,142,0,687,0,0,0,0,0,480,65,142,0,687,0,0,0,687
09/06/2005,MDW,IL,AGL,CE,Towers with Radar,0,0,0,0,0,550,96,164,3,813,550,96,164,3,813,0,0,0,813
09/07/2005,MDW,IL,AGL,CE,Towers with Radar,0,0,0,0,0,558,163,193,3,917,558,163,193,3,917,0,0,0,917
09/08/2005,MDW,IL,AGL,CE,Towers with Radar,556,163,216,2,937,0,0,35,1,36,556,163,251,3,973,0,0,0,973
09/09/2005,MDW,IL,AGL,CE,Towers with Radar,0,0,0,0,0,567,142,239,5,953,567,142,239,5,953,0,0,0,953
09/10/2005,MDW,IL,AGL,CE,Towers with Radar,483,84,128,4,699,0,0,53,1,54,483,84,181,5,753,0,0,0,753
09/11/2005,MDW,IL,AGL,CE,Towers with Radar,527,89,144,2,762,0,0,0,0,0,527,89,144,2,762,0,0,0,762
09/12/2005,MDW,IL,AGL,CE,Towers with Radar,547,100,205,6,858,0,0,0,0,0,547,100,205,6,858,0,0,0,858
09/13/2005,MDW,IL,AGL,CE,Towers with Radar,541,157,211,6,915,0,0,0,0,0,541,157,211,6,915,0,0,0,915
09/14/2005,MDW,IL,AGL,CE,Towers with Radar,0,0,0,0,0,545,175,257,3,980,545,175,257,3,980,0,0,0,980
09/15/2005,MDW,IL,AGL,CE,Towers with Radar,550,170,201,1,922,0,0,49,7,56,550,170,250,8,978,0,0,0,978
09/16/2005,MDW,IL,AGL,CE,Towers with Radar,558,154,146,0,858,0,0,27,1,28,558,154,173,1,886,0,0,0,886
09/17/2005,MDW,IL,AGL,CE,Towers with Radar,433,67,59,0,559,0,0,49,0,49,433,67,108,0,608,0,0,0,608
09/18/2005,MDW,IL,AGL,CE,Towers with Radar,511,96,156,2,765,0,0,0,0,0,511,96,156,2,765,0,0,0,765
09/19/2005,MDW,IL,AGL,CE,Towers with Radar,563,114,153,1,831,0,0,0,0,0,563,114,153,1,831,0,0,0,831
09/20/2005,MDW,IL,AGL,CE,Towers with Radar,0,0,0,0,0,540,183,177,2,902,540,183,177,2,902,0,0,0,902
09/21/2005,MDW,IL,AGL,CE,Towers with Radar,0,0,0,0,0,556,161,249,5,971,556,161,249,5,971,0,0,0,971
09/22/2005,MDW,IL,AGL,CE,Towers with Radar,557,180,214,0,951,0,0,23,2,25,557,180,237,2,976,0,0,0,976
09/23/2005,MDW,IL,AGL,CE,Towers with Radar,557,138,160,0,855,0,1,36,3,40,557,139,196,3,895,0,0,0,895
09/24/2005,MDW,IL,AGL,CE,Towers with Radar,0,0,0,0,0,426,61,95,1,583,426,61,95,1,583,0,0,0,583
09/25/2005,MDW,IL,AGL,CE,Towers with Radar,0,0,0,0,0,515,73,119,0,707,515,73,119,0,707,0,0,0,707
09/26/2005,MDW,IL,AGL,CE,Towers with Radar,0,0,0,0,0,566,100,155,0,821,566,100,155,0,821,0,0,0,821
09/27/2005,MDW,IL,AGL,CE,Towers with Radar,0,0,0,0,0,556,168,219,5,948,556,168,219,5,948,0,0,0,948
09/28/2005,MDW,IL,AGL,CE,Towers with Radar,0,0,0,0,0,545,168,194,2,909,545,168,194,2,909,0,0,0,909
09/29/2005,MDW,IL,AGL,CE,Towers with Radar,537,179,179,0,895,0,0,71,3,74,537,179,250,3,969,0,0,0,969
09/30/2005,MDW,IL,AGL,CE,Towers with Radar,0,0,0,0,0,559,147,237,2,945,559,147,237,2,945,0,0,0,945
10/01/2005,MDW,IL,AGL,CE,Towers with Radar,433,48,79,0,560,0,0,47,2,49,433,48,126,2,609,0,0,0,609
10/02/2005,MDW,IL,AGL,CE,Towers with Radar,507,65,112,2,686,0,1,0,0,1,507,66,112,2,687,0,0,0,687
10/03/2005,MDW,IL,AGL,CE,Towers with Radar,546,93,128,0,767,0,0,36,0,36,546,93,164,0,803,0,0,0,803
10/04/2005,MDW,IL,AGL,CE,Towers with Radar,537,157,187,1,882,0,0,0,0,0,537,157,187,1,882,0,0,0,882
10/05/2005,MDW,IL,AGL,CE,Towers with Radar,559,157,210,0,926,0,0,0,0,0,559,157,210,0,926,0,0,0,926
10/06/2005,MDW,IL,AGL,CE,Towers with Radar,529,175,162,4,870,0,0,41,1,42,529,175,203,5,912,0,0,0,912
10/07/2005,MDW,IL,AGL,CE,Towers with Radar,576,171,180,2,929,0,0,24,1,25,576,171,204,3,954,0,0,0,954
10/08/2005,MDW,IL,AGL,CE,Towers with Radar,444,58,62,0,564,0,0,47,1,48,444,58,109,1,612,0,0,0,612
10/09/2005,MDW,IL,AGL,CE,Towers with Radar,502,73,102,0,677,0,0,55,0,55,502,73,157,0,732,0,0,0,732
10/10/2005,MDW,IL,AGL,CE,Towers with Radar,554,104,173,3,834,0,0,29,0,29,554,104,202,3,863,0,0,0,863
10/11/2005,MDW,IL,AGL,CE,Towers with Radar,549,108,210,3,870,0,0,0,0,0,549,108,210,3,870,0,0,0,870
10/12/2005,MDW,IL,AGL,CE,Towers with Radar,546,148,157,2,853,0,0,0,0,0,546,148,157,2,853,0,0,0,853
10/13/2005,MDW,IL,AGL,CE,Towers with Radar,551,163,205,0,919,0,0,37,2,39,551,163,242,2,958,0,0,0,958
10/14/2005,MDW,IL,AGL,CE,Towers with Radar,570,151,175,0,896,0,0,62,2,64,570,151,237,2,960,0,0,0,960
10/15/2005,MDW,IL,AGL,CE,Towers with Radar,453,76,164,3,696,0,0,0,0,0,453,76,164,3,696,0,0,0,696
10/16/2005,MDW,IL,AGL,CE,Towers with Radar,493,82,133,2,710,0,0,53,0,53,493,82,186,2,763,0,0,0,763
10/17/2005,MDW,IL,AGL,CE,Towers with Radar,547,102,127,0,776,0,0,50,0,50,547,102,177,0,826,0,0,0,826
10/18/2005,MDW,IL,AGL,CE,Towers with Radar,540,159,182,0,881,0,0,70,0,70,540,159,252,0,951,0,0,0,951
10/19/2005,MDW,IL,AGL,CE,Towers with Radar,551,155,166,2,874,0,6,48,3,57,551,161,214,5,931,0,0,0,931
10/20/2005,MDW,IL,AGL,CE,Towers with Radar,566,159,205,4,934,0,2,33,0,35,566,161,238,4,969,0,0,0,969
10/21/2005,MDW,IL,AGL,CE,Towers with Radar,553,131,224,4,912,0,0,29,0,29,553,131,253,4,941,0,0,0,941
10/22/2005,MDW,IL,AGL,CE,Towers with Radar,433,76,104,0,613,0,0,43,0,43,433,76,147,0,656,0,0,0,656
10/23/2005,MDW,IL,AGL,CE,Towers with Radar,498,106,190,1,795,0,0,33,0,33,498,106,223,1,828,0,0,0,828
10/24/2005,MDW,IL,AGL,CE,Towers with Radar,532,101,172,0,805,0,0,26,0,26,532,101,198,0,831,0,0,0,831
10/25/2005,MDW,IL,AGL,CE,Towers with Radar,531,169,192,3,895,0,0,34,2,36,531,169,226,5,931,0,0,0,931
10/26/2005,MDW,IL,AGL,CE,Towers with Radar,540,179,249,0,968,0,0,56,2,58,540,179,305,2,1026,0,0,0,1026
10/27/2005,MDW,IL,AGL,CE,Towers with Radar,567,183,224,2,976,0,0,52,2,54,567,183,276,4,1030,0,0,0,1030
10/28/2005,MDW,IL,AGL,CE,Towers with Radar,580,155,204,1,940,0,0,56,1,57,580,155,260,2,997,0,0,0,997
10/29/2005,MDW,IL,AGL,CE,Towers with Radar,422,59,80,0,561,0,0,38,0,38,422,59,118,0,599,0,0,0,599
10/30/2005,MDW,IL,AGL,CE,Towers with Radar,477,78,84,0,639,0,0,28,0,28,477,78,112,0,667,0,0,0,667
10/31/2005,MDW,IL,AGL,CE,Towers with Radar,530,77,102,0,709,0,0,13,0,13,530,77,115,0,722,0,0,0,722
11/01/2005,MDW,IL,AGL,CE,Towers with Radar,524,195,180,3,902,0,0,46,0,46,524,195,226,3,948,0,0,0,948
11/02/2005,MDW,IL,AGL,CE,Towers with Radar,537,179,201,1,918,0,2,47,2,51,537,181,248,3,969,0,0,0,969
11/03/2005,MDW,IL,AGL,CE,Towers with Radar,541,194,209,2,946,0,4,39,1,44,541,198,248,3,990,0,0,0,990
11/04/2005,MDW,IL,AGL,CE,Towers with Radar,535,171,155,4,865,0,0,50,2,52,535,171,205,6,917,6,0,6,923
11/05/2005,MDW,IL,AGL,CE,Towers with Radar,423,78,93,3,597,0,0,13,2,15,423,78,106,5,612,0,0,0,612
11/06/2005,MDW,IL,AGL,CE,Towers with Radar,495,93,113,2,703,0,0,21,0,21,495,93,134,2,724,0,0,0,724
11/07/2005,MDW,IL,AGL,CE,Towers with Radar,526,114,148,7,795,0,0,47,0,47,526,114,195,7,842,0,0,0,842
11/08/2005,MDW,IL,AGL,CE,Towers with Radar,527,196,198,5,926,0,0,23,3,26,527,196,221,8,952,0,0,0,952
11/09/2005,MDW,IL,AGL,CE,Towers with Radar,525,184,175,1,885,0,1,44,3,48,525,185,219,4,933,0,0,0,933
11/10/2005,MDW,IL,AGL,CE,Towers with Radar,552,176,196,3,927,0,0,51,5,56,552,176,247,8,983,0,0,0,983
11/11/2005,MDW,IL,AGL,CE,Towers with Radar,536,88,150,0,774,0,0,59,0,59,536,88,209,0,833,0,0,0,833
11/12/2005,MDW,IL,AGL,CE,Towers with Radar,421,58,83,2,564,0,0,0,0,0,421,58,83,2,564,0,0,0,564
11/13/2005,MDW,IL,AGL,CE,Towers with Radar,491,71,105,2,669,0,0,16,3,19,491,71,121,5,688,0,0,0,688
11/14/2005,MDW,IL,AGL,CE,Towers with Radar,538,92,196,2,828,0,0,37,0,37,538,92,233,2,865,0,4,4,869
11/15/2005,MDW,IL,AGL,CE,Towers with Radar,515,165,191,0,871,0,0,0,0,0,515,165,191,0,871,0,0,0,871
11/16/2005,MDW,IL,AGL,CE,Towers with Radar,537,166,217,3,923,0,0,6,0,6,537,166,223,3,929,0,0,0,929
11/17/2005,MDW,IL,AGL,CE,Towers with Radar,528,169,168,5,870,0,0,54,2,56,528,169,222,7,926,0,0,0,926
11/18/2005,MDW,IL,AGL,CE,Towers with Radar,532,155,176,0,863,0,0,40,0,40,532,155,216,0,903,0,0,0,903
11/19/2005,MDW,IL,AGL,CE,Towers with Radar,416,94,75,0,585,0,0,49,0,49,416,94,124,0,634,0,0,0,634
11/20/2005,MDW,IL,AGL,CE,Towers with Radar,485,78,115,0,678,0,0,36,0,36,485,78,151,0,714,0,0,0,714
11/21/2005,MDW,IL,AGL,CE,Towers with Radar,552,83,141,0,776,0,0,44,0,44,552,83,185,0,820,0,0,0,820
11/22/2005,MDW,IL,AGL,CE,Towers with Radar,548,155,140,9,852,0,2,68,0,70,548,157,208,9,922,0,0,0,922
11/23/2005,MDW,IL,AGL,CE,Towers with Radar,551,148,122,1,822,0,0,18,0,18,551,148,140,1,840,0,0,0,840
11/24/2005,MDW,IL,AGL,CE,Towers with Radar,326,78,24,0,428,0,3,8,0,11,326,81,32,0,439,0,0,0,439
11/25/2005,MDW,IL,AGL,CE,Towers with Radar,385,52,54,0,491,0,0,18,0,18,385,52,72,0,509,0,0,0,509
11/26/2005,MDW,IL,AGL,CE,Towers with Radar,428,60,73,0,561,0,0,31,0,31,428,60,104,0,592,0,0,0,592
11/27/2005,MDW,IL,AGL,CE,Towers with Radar,505,71,126,1,703,0,0,0,0,0,505,71,126,1,703,0,0,0,703
11/28/2005,MDW,IL,AGL,CE,Towers with Radar,524,120,131,1,776,0,0,1,0,1,524,120,132,1,777,0,0,0,777
11/29/2005,MDW,IL,AGL,CE,Towers with Radar,547,150,149,1,847,0,1,18,4,23,547,151,167,5,870,0,0,0,870
11/30/2005,MDW,IL,AGL,CE,Towers with Radar,546,159,174,2,881,0,2,38,3,43,546,161,212,5,924,2,0,2,926
12/01/2005,MDW,IL,AGL,CE,Towers with Radar,530,171,146,0,847,0,1,7,0,8,530,172,153,0,855,0,0,0,855
12/02/2005,MDW,IL,AGL,CE,Towers with Radar,513,162,160,3,838,0,0,31,1,32,513,162,191,4,870,0,0,0,870
12/03/2005,MDW,IL,AGL,CE,Towers with Radar,407,71,53,0,531,0,0,18,1,19,407,71,71,1,550,0,0,0,550
12/04/2005,MDW,IL,AGL,CE,Towers with Radar,474,93,121,1,689,0,0,19,0,19,474,93,140,1,708,0,0,0,708
12/05/2005,MDW,IL,AGL,CE,Towers with Radar,515,105,129,1,750,0,0,29,0,29,515,105,158,1,779,0,0,0,779
12/06/2005,MDW,IL,AGL,CE,Towers with Radar,541,177,150,2,870,0,2,32,1,35,541,179,182,3,905,0,0,0,905
12/07/2005,MDW,IL,AGL,CE,Towers with Radar,513,182,199,3,897,0,0,25,0,25,513,182,224,3,922,0,0,0,922
12/08/2005,MDW,IL,AGL,CE,Towers with Radar,321,133,140,2,596,0,0,10,0,10,321,133,150,2,606,0,0,0,606
12/09/2005,MDW,IL,AGL,CE,Towers with Radar,506,80,141,2,729,0,0,35,0,35,506,80,176,2,764,0,0,0,764
12/10/2005,MDW,IL,AGL,CE,Towers with Radar,256,47,77,2,382,0,0,18,0,18,256,47,95,2,400,0,0,0,400
12/11/2005,MDW,IL,AGL,CE,Towers with Radar,460,88,65,1,614,0,0,12,0,12,460,88,77,1,626,0,0,0,626
12/12/2005,MDW,IL,AGL,CE,Towers with Radar,512,109,140,0,761,0,0,25,0,25,512,109,165,0,786,0,0,0,786
12/13/2005,MDW,IL,AGL,CE,Towers with Radar,530,164,152,1,847,0,0,27,4,31,530,164,179,5,878,0,0,0,878
12/14/2005,MDW,IL,AGL,CE,Towers with Radar,527,164,149,0,840,0,0,0,0,0,527,164,149,0,840,0,0,0,840
12/15/2005,MDW,IL,AGL,CE,Towers with Radar,536,157,148,0,841,0,1,6,0,7,536,158,154,0,848,0,0,0,848
12/16/2005,MDW,IL,AGL,CE,Towers with Radar,539,150,119,0,808,0,0,5,0,5,539,150,124,0,813,0,0,0,813
12/17/2005,MDW,IL,AGL,CE,Towers with Radar,413,75,72,0,560,0,0,29,0,29,413,75,101,0,589,0,0,0,589
12/18/2005,MDW,IL,AGL,CE,Towers with Radar,476,80,88,0,644,0,0,0,0,0,476,80,88,0,644,0,0,0,644
12/19/2005,MDW,IL,AGL,CE,Towers with Radar,538,103,116,2,759,0,0,43,0,43,538,103,159,2,802,0,0,0,802
12/20/2005,MDW,IL,AGL,CE,Towers with Radar,539,138,150,2,829,0,0,29,1,30,539,138,179,3,859,0,0,0,859
12/21/2005,MDW,IL,AGL,CE,Towers with Radar,554,164,121,0,839,0,1,22,2,25,554,165,143,2,864,0,0,0,864
12/22/2005,MDW,IL,AGL,CE,Towers with Radar,517,154,137,2,810,0,0,42,1,43,517,154,179,3,853,0,0,0,853
12/23/2005,MDW,IL,AGL,CE,Towers with Radar,528,137,61,0,726,0,0,41,0,41,528,137,102,0,767,0,0,0,767
12/24/2005,MDW,IL,AGL,CE,Towers with Radar,394,49,16,0,459,0,0,2,0,2,394,49,18,0,461,0,0,0,461
12/25/2005,MDW,IL,AGL,CE,Towers with Radar,396,51,17,0,464,0,0,0,0,0,396,51,17,0,464,0,0,0,464
12/26/2005,MDW,IL,AGL,CE,Towers with Radar,516,72,72,0,660,0,0,17,0,17,516,72,89,0,677,0,0,0,677
12/27/2005,MDW,IL,AGL,CE,Towers with Radar,524,105,69,0,698,0,0,12,0,12,524,105,81,0,710,0,0,0,710
12/28/2005,MDW,IL,AGL,CE,Towers with Radar,528,166,60,3,757,0,0,0,0,0,528,166,60,3,757,0,0,0,757
12/29/2005,MDW,IL,AGL,CE,Towers with Radar,530,154,67,2,753,0,1,21,1,23,530,155,88,3,776,0,0,0,776
12/30/2005,MDW,IL,AGL,CE,Towers with Radar,536,128,48,0,712,0,1,4,0,5,536,129,52,0,717,0,0,0,717
12/31/2005,MDW,IL,AGL,CE,Towers with Radar,403,43,40,3,489,0,0,4,0,4,403,43,44,3,493,0,0,0,493
01/01/2006,MDW,IL,AGL,CE,Towers with Radar,427,68,34,2,531,0,0,11,0,11,427,68,45,2,542,0,0,0,542
01/02/2006,MDW,IL,AGL,CE,Towers with Radar,516,89,52,0,657,0,0,0,0,0,516,89,52,0,657,0,0,0,657
01/03/2006,MDW,IL,AGL,CE,Towers with Radar,543,107,81,0,731,0,0,1,0,1,543,107,82,0,732,0,0,0,732
01/04/2006,MDW,IL,AGL,CE,Towers with Radar,552,148,100,0,800,0,0,8,1,9,552,148,108,1,809,0,0,0,809
01/05/2006,MDW,IL,AGL,CE,Towers with Radar,530,152,110,1,793,9,3,21,3,36,539,155,131,4,829,0,0,0,829
01/06/2006,MDW,IL,AGL,CE,Towers with Radar,543,128,91,4,766,0,0,25,4,29,543,128,116,8,795,0,0,0,795
01/07/2006,MDW,IL,AGL,CE,Towers with Radar,417,68,32,2,519,0,1,26,5,32,417,69,58,7,551,0,0,0,551
01/08/2006,MDW,IL,AGL,CE,Towers with Radar,500,67,47,7,621,0,0,25,1,26,500,67,72,8,647,0,0,0,647
01/09/2006,MDW,IL,AGL,CE,Towers with Radar,536,84,71,0,691,0,0,19,0,19,536,84,90,0,710,0,0,0,710
01/10/2006,MDW,IL,AGL,CE,Towers with Radar,520,163,119,4,806,0,0,30,2,32,520,163,149,6,838,0,0,0,838
01/11/2006,MDW,IL,AGL,CE,Towers with Radar,520,162,137,1,820,0,3,3,2,8,520,165,140,3,828,0,0,0,828
01/12/2006,MDW,IL,AGL,CE,Towers with Radar,527,154,151,0,832,0,3,46,7,56,527,157,197,7,888,0,0,0,888
01/13/2006,MDW,IL,AGL,CE,Towers with Radar,530,125,107,3,765,0,0,1,0,1,530,125,108,3,766,0,0,0,766
01/14/2006,MDW,IL,AGL,CE,Towers with Radar,409,65,74,0,548,0,2,21,0,23,409,67,95,0,571,0,0,0,571
01/15/2006,MDW,IL,AGL,CE,Towers with Radar,485,73,79,1,638,0,0,31,0,31,485,73,110,1,669,0,0,0,669
01/16/2006,MDW,IL,AGL,CE,Towers with Radar,514,88,106,0,708,0,0,34,0,34,514,88,140,0,742,0,0,0,742
01/17/2006,MDW,IL,AGL,CE,Towers with Radar,531,93,100,0,724,0,1,8,3,12,531,94,108,3,736,0,0,0,736
01/18/2006,MDW,IL,AGL,CE,Towers with Radar,536,148,117,2,803,0,4,30,0,34,536,152,147,2,837,0,0,0,837
01/19/2006,MDW,IL,AGL,CE,Towers with Radar,527,164,136,1,828,0,2,30,3,35,527,166,166,4,863,0,0,0,863
01/20/2006,MDW,IL,AGL,CE,Towers with Radar,520,132,92,0,744,0,0,5,0,5,520,132,97,0,749,0,0,0,749
01/21/2006,MDW,IL,AGL,CE,Towers with Radar,417,70,55,2,544,0,0,20,0,20,417,70,75,2,564,0,0,0,564
01/22/2006,MDW,IL,AGL,CE,Towers with Radar,486,64,99,0,649,0,0,17,0,17,486,64,116,0,666,0,0,0,666
01/23/2006,MDW,IL,AGL,CE,Towers with Radar,526,105,146,0,777,0,0,7,0,7,526,105,153,0,784,0,0,0,784
01/24/2006,MDW,IL,AGL,CE,Towers with Radar,537,163,209,3,912,0,0,0,0,0,537,163,209,3,912,26,2,28,940
01/25/2006,MDW,IL,AGL,CE,Towers with Radar,522,161,144,0,827,0,1,41,5,47,522,162,185,5,874,0,0,0,874
01/26/2006,MDW,IL,AGL,CE,Towers with Radar,525,158,111,0,794,0,2,56,4,62,525,160,167,4,856,0,0,0,856
01/27/2006,MDW,IL,AGL,CE,Towers with Radar,535,140,109,0,784,0,0,25,1,26,535,140,134,1,810,0,0,0,810
01/28/2006,MDW,IL,AGL,CE,Towers with Radar,366,50,60,0,476,0,0,0,0,0,366,50,60,0,476,0,0,0,476
01/29/2006,MDW,IL,AGL,CE,Towers with Radar,473,72,71,1,617,0,0,0,1,1,473,72,71,2,618,0,0,0,618
01/30/2006,MDW,IL,AGL,CE,Towers with Radar,502,102,115,1,720,0,0,13,5,18,502,102,128,6,738,0,0,0,738
01/31/2006,MDW,IL,AGL,CE,Towers with Radar,524,159,135,2,820,0,3,35,3,41,524,162,170,5,861,0,0,0,861
02/01/2006,MDW,IL,AGL,CE,Towers with Radar,534,168,127,0,829,0,3,25,4,32,534,171,152,4,861,0,0,0,861
02/02/2006,MDW,IL,AGL,CE,Towers with Radar,538,172,129,0,839,0,5,41,7,53,538,177,170,7,892,0,0,0,892
02/03/2006,MDW,IL,AGL,CE,Towers with Radar,497,137,142,2,778,0,0,0,0,0,497,137,142,2,778,12,0,12,790
02/04/2006,MDW,IL,AGL,CE,Towers with Radar,402,60,41,1,504,0,0,6,1,7,402,60,47,2,511,0,0,0,511
02/05/2006,MDW,IL,AGL,CE,Towers with Radar,473,57,81,2,613,0,0,30,3,33,473,57,111,5,646,0,0,0,646
02/06/2006,MDW,IL,AGL,CE,Towers with Radar,515,116,106,0,737,0,1,37,0,38,515,117,143,0,775,0,0,0,775
02/07/2006,MDW,IL,AGL,CE,Towers with Radar,534,173,147,6,860,0,0,28,2,30,534,173,175,8,890,0,0,0,890
02/08/2006,MDW,IL,AGL,CE,Towers with Radar,530,177,176,1,884,0,0,16,2,18,530,177,192,3,902,0,0,0,902
02/09/2006,MDW,IL,AGL,CE,Towers with Radar,532,173,152,5,862,0,1,37,4,42,532,174,189,9,904,0,0,0,904
02/10/2006,MDW,IL,AGL,CE,Towers with Radar,525,137,101,3,766,0,1,31,0,32,525,138,132,3,798,0,0,0,798
02/11/2006,MDW,IL,AGL,CE,Towers with Radar,412,65,43,0,520,0,0,17,0,17,412,65,60,0,537,0,0,0,537
02/12/2006,MDW,IL,AGL,CE,Towers with Radar,418,72,57,0,547,0,0,21,0,21,418,72,78,0,568,0,0,0,568
02/13/2006,MDW,IL,AGL,CE,Towers with Radar,528,100,102,0,730,0,1,29,0,30,528,101,131,0,760,0,0,0,760
02/14/2006,MDW,IL,AGL,CE,Towers with Radar,537,142,132,1,812,0,1,27,5,33,537,143,159,6,845,0,0,0,845
02/15/2006,MDW,IL,AGL,CE,Towers with Radar,535,157,149,2,843,0,2,40,1,43,535,159,189,3,886,0,0,0,886
02/16/2006,MDW,IL,AGL,CE,Towers with Radar,536,166,127,0,829,0,0,0,0,0,536,166,127,0,829,0,0,0,829
02/17/2006,MDW,IL,AGL,CE,Towers with Radar,550,147,119,3,819,0,0,36,0,36,550,147,155,3,855,0,0,0,855
02/18/2006,MDW,IL,AGL,CE,Towers with Radar,430,66,56,0,552,0,0,19,0,19,430,66,75,0,571,0,0,0,571
02/19/2006,MDW,IL,AGL,CE,Towers with Radar,484,59,38,2,583,0,0,14,0,14,484,59,52,2,597,0,0,0,597
02/20/2006,MDW,IL,AGL,CE,Towers with Radar,542,91,100,2,735,0,0,23,0,23,542,91,123,2,758,0,0,0,758
02/21/2006,MDW,IL,AGL,CE,Towers with Radar,543,120,117,5,785,0,3,45,4,52,543,123,162,9,837,0,0,0,837
02/22/2006,MDW,IL,AGL,CE,Towers with Radar,551,153,145,2,851,0,2,51,2,55,551,155,196,4,906,0,0,0,906
02/23/2006,MDW,IL,AGL,CE,Towers with Radar,541,147,116,1,805,0,4,34,5,43,541,151,150,6,848,0,0,0,848
02/24/2006,MDW,IL,AGL,CE,Towers with Radar,541,165,135,0,841,0,0,34,0,34,541,165,169,0,875,0,0,0,875
02/25/2006,MDW,IL,AGL,CE,Towers with Radar,412,62,48,2,524,0,0,30,0,30,412,62,78,2,554,0,0,0,554
02/26/2006,MDW,IL,AGL,CE,Towers with Radar,487,81,91,1,660,0,0,43,0,43,487,81,134,1,703,0,0,0,703
02/27/2006,MDW,IL,AGL,CE,Towers with Radar,531,102,118,2,753,0,1,27,0,28,531,103,145,2,781,2,0,2,783
02/28/2006,MDW,IL,AGL,CE,Towers with Radar,524,145,128,1,798,0,3,18,4,25,524,148,146,5,823,0,0,0,823
03/01/2006,MDW,IL,AGL,CE,Towers with Radar,528,163,130,2,823,0,0,21,5,26,528,163,151,7,849,0,0,0,849
03/02/2006,MDW,IL,AGL,CE,Towers with Radar,528,168,149,1,846,0,0,18,1,19,528,168,167,2,865,0,0,0,865
03/03/2006,MDW,IL,AGL,CE,Towers with Radar,550,136,108,5,799,0,0,35,2,37,550,136,143,7,836,6,0,6,842
03/04/2006,MDW,IL,AGL,CE,Towers with Radar,429,70,46,0,545,0,0,35,2,37,429,70,81,2,582,2,0,2,584
03/05/2006,MDW,IL,AGL,CE,Towers with Radar,489,67,62,0,618,0,0,2,0,2,489,67,64,0,620,0,0,0,620
03/06/2006,MDW,IL,AGL,CE,Towers with Radar,542,115,95,0,752,0,0,2,0,2,542,115,97,0,754,0,0,0,754
03/07/2006,MDW,IL,AGL,CE,Towers with Radar,541,142,114,1,798,0,0,34,1,35,541,142,148,2,833,0,0,0,833
03/08/2006,MDW,IL,AGL,CE,Towers with Radar,570,161,123,1,855,0,0,15,0,15,570,161,138,1,870,0,0,0,870
03/09/2006,MDW,IL,AGL,CE,Towers with Radar,0,0,0,0,0,568,178,136,0,882,568,178,136,0,882,0,0,0,882
03/10/2006,MDW,IL,AGL,CE,Towers with Radar,548,148,142,0,838,0,0,33,0,33,548,148,175,0,871,0,0,0,871
03/11/2006,MDW,IL,AGL,CE,Towers with Radar,438,67,44,2,551,0,0,15,1,16,438,67,59,3,567,0,0,0,567
03/12/2006,MDW,IL,AGL,CE,Towers with Radar,492,75,89,0,656,0,0,25,1,26,492,75,114,1,682,0,0,0,682
03/13/2006,MDW,IL,AGL,CE,Towers with Radar,549,108,136,2,795,0,0,14,0,14,549,108,150,2,809,0,0,0,809
03/14/2006,MDW,IL,AGL,CE,Towers with Radar,541,150,132,0,823,0,0,30,1,31,541,150,162,1,854,0,0,0,854
03/15/2006,MDW,IL,AGL,CE,Towers with Radar,547,165,122,2,836,0,0,41,2,43,547,165,163,4,879,0,0,0,879
03/16/2006,MDW,IL,AGL,CE,Towers with Radar,546,186,150,0,882,0,0,14,0,14,546,186,164,0,896,0,0,0,896
03/17/2006,MDW,IL,AGL,CE,Towers with Radar,560,142,150,2,854,0,0,30,1,31,560,142,180,3,885,0,0,0,885
03/18/2006,MDW,IL,AGL,CE,Towers with Radar,442,66,53,0,561,0,0,47,0,47,442,66,100,0,608,0,0,0,608
03/19/2006,MDW,IL,AGL,CE,Towers with Radar,504,68,81,0,653,0,0,46,0,46,504,68,127,0,699,0,0,0,699
03/20/2006,MDW,IL,AGL,CE,Towers with Radar,551,96,100,0,747,0,0,27,0,27,551,96,127,0,774,0,0,0,774
03/21/2006,MDW,IL,AGL,CE,Towers with Radar,546,152,143,0,841,0,0,13,1,14,546,152,156,1,855,0,0,0,855
03/22/2006,MDW,IL,AGL,CE,Towers with Radar,548,162,158,0,868,0,0,26,2,28,548,162,184,2,896,0,0,0,896
03/23/2006,MDW,IL,AGL,CE,Towers with Radar,0,0,0,0,0,557,202,199,5,963,557,202,199,5,963,0,0,0,963
03/24/2006,MDW,IL,AGL,CE,Towers with Radar,0,0,0,0,0,552,139,159,1,851,552,139,159,1,851,0,0,0,851
03/25/2006,MDW,IL,AGL,CE,Towers with Radar,432,62,76,0,570,0,0,29,0,29,432,62,105,0,599,0,0,0,599
03/26/2006,MDW,IL,AGL,CE,Towers with Radar,509,77,90,1,677,0,0,44,0,44,509,77,134,1,721,0,0,0,721
03/27/2006,MDW,IL,AGL,CE,Towers with Radar,563,106,67,0,736,0,0,22,0,22,563,106,89,0,758,0,0,0,758
03/28/2006,MDW,IL,AGL,CE,Towers with Radar,549,143,128,3,823,0,0,9,2,11,549,143,137,5,834,0,0,0,834
03/29/2006,MDW,IL,AGL,CE,Towers with Radar,552,151,120,3,826,0,0,45,2,47,552,151,165,5,873,0,0,0,873
03/30/2006,MDW,IL,AGL,CE,Towers with Radar,544,152,145,0,841,0,0,27,3,30,544,152,172,3,871,0,0,0,871
03/31/2006,MDW,IL,AGL,CE,Towers with Radar,0,0,0,0,0,540,136,144,3,823,540,136,144,3,823,0,0,0,823
04/01/2006,MDW,IL,AGL,CE,Towers with Radar,431,74,70,2,577,0,0,32,0,32,431,74,102,2,609,0,0,0,609
04/02/2006,MDW,IL,AGL,CE,Towers with Radar,481,71,83,3,638,0,0,11,0,11,481,71,94,3,649,0,0,0,649
04/03/2006,MDW,IL,AGL,CE,Towers with Radar,589,110,134,1,834,0,0,18,0,18,589,110,152,1,852,0,0,0,852
04/04/2006,MDW,IL,AGL,CE,Towers with Radar,544,170,176,18,908,0,0,43,5,48,544,170,219,23,956,0,0,0,956
04/05/2006,MDW,IL,AGL,CE,Towers with Radar,541,171,173,1,886,0,0,52,1,53,541,171,225,2,939,0,0,0,939
04/06/2006,MDW,IL,AGL,CE,Towers with Radar,544,178,146,0,868,0,0,19,4,23,544,178,165,4,891,0,0,0,891
04/07/2006,MDW,IL,AGL,CE,Towers with Radar,546,162,159,1,868,0,0,6,0,6,546,162,165,1,874,0,0,0,874
04/08/2006,MDW,IL,AGL,CE,Towers with Radar,459,74,78,4,615,0,0,46,0,46,459,74,124,4,661,0,0,0,661
04/09/2006,MDW,IL,AGL,CE,Towers with Radar,512,80,75,2,669,0,0,56,0,56,512,80,131,2,725,0,0,0,725
04/10/2006,MDW,IL,AGL,CE,Towers with Radar,549,125,134,0,808,0,0,35,2,37,549,125,169,2,845,2,0,2,847
04/11/2006,MDW,IL,AGL,CE,Towers with Radar,549,158,171,0,878,0,0,28,1,29,549,158,199,1,907,0,0,0,907
04/12/2006,MDW,IL,AGL,CE,Towers with Radar,540,155,157,2,854,0,0,33,0,33,540,155,190,2,887,0,0,0,887
04/13/2006,MDW,IL,AGL,CE,Towers with Radar,552,163,140,0,855,0,0,37,5,42,552,163,177,5,897,0,0,0,897
04/14/2006,MDW,IL,AGL,CE,Towers with Radar,560,115,71,2,748,0,0,32,0,32,560,115,103,2,780,0,0,0,780
04/15/2006,MDW,IL,AGL,CE,Towers with Radar,451,54,50,1,556,0,0,39,0,39,451,54,89,1,595,0,0,0,595
04/16/2006,MDW,IL,AGL,CE,Towers with Radar,506,65,44,0,615,0,0,7,0,7,506,65,51,0,622,0,0,0,622
04/17/2006,MDW,IL,AGL,CE,Towers with Radar,549,109,127,2,787,0,0,32,0,32,549,109,159,2,819,0,0,0,819
04/18/2006,MDW,IL,AGL,CE,Towers with Radar,550,159,119,6,834,0,0,36,4,40,550,159,155,10,874,0,0,0,874
04/19/2006,MDW,IL,AGL,CE,Towers with Radar,543,157,158,3,861,0,0,29,1,30,543,157,187,4,891,0,0,0,891
04/20/2006,MDW,IL,AGL,CE,Towers with Radar,545,175,191,2,913,0,0,38,1,39,545,175,229,3,952,4,0,4,956
04/21/2006,MDW,IL,AGL,CE,Towers with Radar,550,154,192,0,896,0,0,45,1,46,550,154,237,1,942,0,0,0,942
04/22/2006,MDW,IL,AGL,CE,Towers with Radar,449,71,109,2,631,0,0,58,2,60,449,71,167,4,691,0,0,0,691
04/23/2006,MDW,IL,AGL,CE,Towers with Radar,524,84,100,0,708,0,0,37,5,42,524,84,137,5,750,0,0,0,750
04/24/2006,MDW,IL,AGL,CE,Towers with Radar,549,109,118,0,776,0,1,29,1,31,549,110,147,1,807,0,0,0,807
04/25/2006,MDW,IL,AGL,CE,Towers with Radar,532,179,131,0,842,0,0,25,2,27,532,179,156,2,869,0,0,0,869
04/26/2006,MDW,IL,AGL,CE,Towers with Radar,528,167,140,0,835,0,0,0,0,0,528,167,140,0,835,0,0,0,835
04/27/2006,MDW,IL,AGL,CE,Towers with Radar,529,195,158,1,883,0,0,55,1,56,529,195,213,2,939,0,0,0,939
04/28/2006,MDW,IL,AGL,CE,Towers with Radar,560,128,137,3,828,0,0,44,0,44,560,128,181,3,872,0,0,0,872
04/29/2006,MDW,IL,AGL,CE,Towers with Radar,464,47,59,1,571,0,0,34,0,34,464,47,93,1,605,0,0,0,605
04/30/2006,MDW,IL,AGL,CE,Towers with Radar,487,64,69,2,622,0,0,9,0,9,487,64,78,2,631,0,0,0,631
05/01/2006,MDW,IL,AGL,CE,Towers with Radar,546,133,112,2,793,0,0,32,0,32,546,133,144,2,825,0,0,0,825
05/02/2006,MDW,IL,AGL,CE,Towers with Radar,540,163,130,2,835,0,0,27,3,30,540,163,157,5,865,2,0,2,867
05/03/2006,MDW,IL,AGL,CE,Towers with Radar,544,154,160,3,861,0,0,38,3,41,544,154,198,6,902,0,0,0,902
05/04/2006,MDW,IL,AGL,CE,Towers with Radar,559,201,176,3,939,0,3,54,0,57,559,204,230,3,996,0,0,0,996
05/05/2006,MDW,IL,AGL,CE,Towers with Radar,534,175,176,3,888,0,0,35,0,35,534,175,211,3,923,0,0,0,923
05/06/2006,MDW,IL,AGL,CE,Towers with Radar,429,74,73,0,576,0,0,74,0,74,429,74,147,0,650,0,0,0,650
05/07/2006,MDW,IL,AGL,CE,Towers with Radar,500,99,138,2,739,0,0,38,0,38,500,99,176,2,777,0,0,0,777
05/08/2006,MDW,IL,AGL,CE,Towers with Radar,538,125,217,1,881,0,0,53,1,54,538,125,270,2,935,0,0,0,935
05/09/2006,MDW,IL,AGL,CE,Towers with Radar,552,187,200,1,940,0,0,28,0,28,552,187,228,1,968,0,0,0,968
05/10/2006,MDW,IL,AGL,CE,Towers with Radar,543,186,196,1,926,0,0,23,0,23,543,186,219,1,949,0,0,0,949
05/11/2006,MDW,IL,AGL,CE,Towers with Radar,520,201,162,0,883,0,0,8,1,9,520,201,170,1,892,0,0,0,892
05/12/2006,MDW,IL,AGL,CE,Towers with Radar,558,168,166,0,892,0,0,14,0,14,558,168,180,0,906,0,0,0,906
05/13/2006,MDW,IL,AGL,CE,Towers with Radar,451,69,65,0,585,0,0,15,0,15,451,69,80,0,600,0,0,0,600
05/14/2006,MDW,IL,AGL,CE,Towers with Radar,521,77,84,0,682,0,0,12,0,12,521,77,96,0,694,0,0,0,694
05/15/2006,MDW,IL,AGL,CE,Towers with Radar,544,118,125,0,787,0,0,19,0,19,544,118,144,0,806,0,0,0,806
05/16/2006,MDW,IL,AGL,CE,Towers with Radar,554,181,176,0,911,0,0,46,0,46,554,181,222,0,957,0,0,0,957
05/17/2006,MDW,IL,AGL,CE,Towers with Radar,543,176,187,2,908,0,0,24,0,24,543,176,211,2,932,0,0,0,932
05/18/2006,MDW,IL,AGL,CE,Towers with Radar,496,195,180,4,875,0,0,47,2,49,496,195,227,6,924,0,0,0,924
05/19/2006,MDW,IL,AGL,CE,Towers with Radar,563,176,174,3,916,0,0,52,0,52,563,176,226,3,968,0,0,0,968
05/20/2006,MDW,IL,AGL,CE,Towers with Radar,445,72,88,5,610,0,0,44,1,45,445,72,132,6,655,0,0,0,655
05/21/2006,MDW,IL,AGL,CE,Towers with Radar,509,104,115,1,729,0,0,38,0,38,509,104,153,1,767,0,0,0,767
05/22/2006,MDW,IL,AGL,CE,Towers with Radar,561,106,163,2,832,0,1,33,0,34,561,107,196,2,866,0,0,0,866
05/23/2006,MDW,IL,AGL,CE,Towers with Radar,545,179,190,1,915,0,0,44,3,47,545,179,234,4,962,0,0,0,962
05/24/2006,MDW,IL,AGL,CE,Towers with Radar,532,150,138,1,821,0,1,26,0,27,532,151,164,1,848,0,0,0,848
05/25/2006,MDW,IL,AGL,CE,Towers with Radar,602,188,166,1,957,0,1,21,2,24,602,189,187,3,981,0,0,0,981
05/26/2006,MDW,IL,AGL,CE,Towers with Radar,548,170,140,2,860,0,0,34,0,34,548,170,174,2,894,0,0,0,894
05/27/2006,MDW,IL,AGL,CE,Towers with Radar,455,72,59,0,586,0,0,39,7,46,455,72,98,7,632,0,0,0,632
05/28/2006,MDW,IL,AGL,CE,Towers with Radar,418,55,42,2,517,0,0,28,0,28,418,55,70,2,545,0,0,0,545
05/29/2006,MDW,IL,AGL,CE,Towers with Radar,485,72,60,0,617,0,2,25,0,27,485,74,85,0,644,0,0,0,644
05/30/2006,MDW,IL,AGL,CE,Towers with Radar,562,120,119,1,802,0,0,21,3,24,562,120,140,4,826,0,0,0,826
05/31/2006,MDW,IL,AGL,CE,Towers with Radar,567,164,170,1,902,0,0,27,4,31,567,164,197,5,933,0,0,0,933
06/01/2006,MDW,IL,AGL,CE,Towers with Radar,554,198,146,2,900,0,0,0,0,0,554,198,146,2,900,0,0,0,900
06/02/2006,MDW,IL,AGL,CE,Towers with Radar,567,144,129,0,840,0,0,0,0,0,567,144,129,0,840,0,0,0,840
06/03/2006,MDW,IL,AGL,CE,Towers with Radar,459,65,56,1,581,0,0,45,1,46,459,65,101,2,627,0,0,0,627
06/04/2006,MDW,IL,AGL,CE,Towers with Radar,518,61,104,3,686,0,0,41,0,41,518,61,145,3,727,0,0,0,727
06/05/2006,MDW,IL,AGL,CE,Towers with Radar,552,115,108,1,776,0,0,40,0,40,552,115,148,1,816,0,0,0,816
06/06/2006,MDW,IL,AGL,CE,Towers with Radar,575,202,135,1,913,0,0,29,2,31,575,202,164,3,944,0,0,0,944
06/07/2006,MDW,IL,AGL,CE,Towers with Radar,540,156,173,0,869,0,0,35,6,41,540,156,208,6,910,0,0,0,910
06/08/2006,MDW,IL,AGL,CE,Towers with Radar,561,186,130,0,877,0,0,48,5,53,561,186,178,5,930,0,0,0,930
06/09/2006,MDW,IL,AGL,CE,Towers with Radar,544,130,130,6,810,0,1,44,4,49,544,131,174,10,859,0,0,0,859
06/10/2006,MDW,IL,AGL,CE,Towers with Radar,441,79,46,0,566,0,0,18,0,18,441,79,64,0,584,0,0,0,584
06/11/2006,MDW,IL,AGL,CE,Towers with Radar,528,98,83,10,719,0,0,47,2,49,528,98,130,12,768,0,0,0,768
06/12/2006,MDW,IL,AGL,CE,Towers with Radar,551,115,139,0,805,0,0,37,0,37,551,115,176,0,842,0,0,0,842
06/13/2006,MDW,IL,AGL,CE,Towers with Radar,558,186,160,2,906,0,1,43,0,44,558,187,203,2,950,0,0,0,950
06/14/2006,MDW,IL,AGL,CE,Towers with Radar,570,194,206,2,972,0,0,36,3,39,570,194,242,5,1011,0,0,0,1011
06/15/2006,MDW,IL,AGL,CE,Towers with Radar,550,219,184,2,955,0,1,59,2,62,550,220,243,4,1017,0,0,0,1017
06/16/2006,MDW,IL,AGL,CE,Towers with Radar,549,147,147,4,847,0,0,58,2,60,549,147,205,6,907,0,0,0,907
06/17/2006,MDW,IL,AGL,CE,Towers with Radar,513,79,76,4,672,0,0,43,3,46,513,79,119,7,718,0,0,0,718
06/18/2006,MDW,IL,AGL,CE,Towers with Radar,529,87,100,1,717,0,0,10,2,12,529,87,110,3,729,0,0,0,729
06/19/2006,MDW,IL,AGL,CE,Towers with Radar,553,139,177,1,870,0,0,52,0,52,553,139,229,1,922,0,0,0,922
06/20/2006,MDW,IL,AGL,CE,Towers with Radar,555,190,186,3,934,0,0,36,0,36,555,190,222,3,970,0,0,0,970
06/21/2006,MDW,IL,AGL,CE,Towers with Radar,557,190,215,0,962,0,0,22,1,23,557,190,237,1,985,0,0,0,985
06/22/2006,MDW,IL,AGL,CE,Towers with Radar,562,189,226,1,978,0,1,42,9,52,562,190,268,10,1030,0,0,0,1030
06/23/2006,MDW,IL,AGL,CE,Towers with Radar,569,159,173,8,909,0,2,42,0,44,569,161,215,8,953,0,0,0,953
06/24/2006,MDW,IL,AGL,CE,Towers with Radar,480,80,96,0,656,0,0,50,0,50,480,80,146,0,706,0,0,0,706
06/25/2006,MDW,IL,AGL,CE,Towers with Radar,508,91,81,4,684,0,0,23,0,23,508,91,104,4,707,0,0,0,707
06/26/2006,MDW,IL,AGL,CE,Towers with Radar,559,119,146,0,824,0,0,30,0,30,559,119,176,0,854,0,0,0,854
06/27/2006,MDW,IL,AGL,CE,Towers with Radar,551,205,182,0,938,0,0,32,0,32,551,205,214,0,970,0,0,0,970
06/28/2006,MDW,IL,AGL,CE,Towers with Radar,559,188,185,2,934,0,0,37,2,39,559,188,222,4,973,0,0,0,973
06/29/2006,MDW,IL,AGL,CE,Towers with Radar,546,218,133,0,897,0,1,60,3,64,546,219,193,3,961,18,2,20,981
06/30/2006,MDW,IL,AGL,CE,Towers with Radar,575,176,127,1,879,0,0,55,0,55,575,176,182,1,934,0,0,0,934
07/01/2006,MDW,IL,AGL,CE,Towers with Radar,495,77,41,2,615,0,0,21,0,21,495,77,62,2,636,0,0,0,636
07/02/2006,MDW,IL,AGL,CE,Towers with Radar,512,71,75,1,659,0,0,26,0,26,512,71,101,1,685,0,0,0,685
07/03/2006,MDW,IL,AGL,CE,Towers with Radar,467,73,46,2,588,0,0,9,0,9,467,73,55,2,597,0,0,0,597
07/04/2006,MDW,IL,AGL,CE,Towers with Radar,0,0,0,0,0,516,111,83,0,710,516,111,83,0,710,0,0,0,710
07/05/2006,MDW,IL,AGL,CE,Towers with Radar,562,106,104,2,774,0,0,67,2,69,562,106,171,4,843,0,0,0,843
07/06/2006,MDW,IL,AGL,CE,Towers with Radar,556,188,113,5,862,0,0,22,0,22,556,188,135,5,884,0,0,0,884
07/07/2006,MDW,IL,AGL,CE,Towers with Radar,0,0,0,0,0,562,145,120,1,828,562,145,120,1,828,66,1,67,895
07/08/2006,MDW,IL,AGL,CE,Towers with Radar,504,72,60,1,637,0,0,44,0,44,504,72,104,1,681,0,0,0,681
07/09/2006,MDW,IL,AGL,CE,Towers with Radar,533,109,97,2,741,0,0,41,0,41,533,109,138,2,782,0,0,0,782
07/10/2006,MDW,IL,AGL,CE,Towers with Radar,566,140,138,0,844,0,0,40,0,40,566,140,178,0,884,0,0,0,884
07/11/2006,MDW,IL,AGL,CE,Towers with Radar,553,198,159,1,911,0,0,17,0,17,553,198,176,1,928,0,0,0,928
07/12/2006,MDW,IL,AGL,CE,Towers with Radar,555,190,171,7,923,0,0,15,4,19,555,190,186,11,942,0,0,0,942
07/13/2006,MDW,IL,AGL,CE,Towers with Radar,573,202,190,3,968,0,0,27,0,27,573,202,217,3,995,0,0,0,995
07/14/2006,MDW,IL,AGL,CE,Towers with Radar,565,178,124,8,875,0,0,19,1,20,565,178,143,9,895,0,0,0,895
07/15/2006,MDW,IL,AGL,CE,Towers with Radar,499,59,53,0,611,0,0,39,0,39,499,59,92,0,650,0,0,0,650
07/16/2006,MDW,IL,AGL,CE,Towers with Radar,526,103,98,7,734,0,0,37,0,37,526,103,135,7,771,0,0,0,771
07/17/2006,MDW,IL,AGL,CE,Towers with Radar,542,103,113,1,759,0,0,32,0,32,542,103,145,1,791,0,0,0,791
07/18/2006,MDW,IL,AGL,CE,Towers with Radar,542,141,141,2,826,0,0,45,4,49,542,141,186,6,875,0,0,0,875
07/19/2006,MDW,IL,AGL,CE,Towers with Radar,572,188,194,1,955,0,0,18,3,21,572,188,212,4,976,0,0,0,976
07/20/2006,MDW,IL,AGL,CE,Towers with Radar,543,141,117,2,803,0,1,19,7,27,543,142,136,9,830,0,0,0,830
07/21/2006,MDW,IL,AGL,CE,Towers with Radar,554,164,171,4,893,0,0,35,0,35,554,164,206,4,928,0,0,0,928
07/22/2006,MDW,IL,AGL,CE,Towers with Radar,514,68,79,1,662,0,0,30,0,30,514,68,109,1,692,0,0,0,692
07/23/2006,MDW,IL,AGL,CE,Towers with Radar,524,91,102,4,721,0,0,41,0,41,524,91,143,4,762,0,0,0,762
07/24/2006,MDW,IL,AGL,CE,Towers with Radar,562,125,183,2,872,0,0,48,1,49,562,125,231,3,921,0,0,0,921
07/25/2006,MDW,IL,AGL,CE,Towers with Radar,565,164,160,3,892,0,0,58,2,60,565,164,218,5,952,4,0,4,956
07/26/2006,MDW,IL,AGL,CE,Towers with Radar,553,180,155,1,889,0,0,38,9,47,553,180,193,10,936,0,0,0,936
07/27/2006,MDW,IL,AGL,CE,Towers with Radar,534,164,149,2,849,0,0,29,0,29,534,164,178,2,878,0,0,0,878
07/28/2006,MDW,IL,AGL,CE,Towers with Radar,634,174,168,0,976,0,0,31,1,32,634,174,199,1,1008,0,0,0,1008
07/29/2006,MDW,IL,AGL,CE,Towers with Radar,496,85,70,0,651,0,0,28,0,28,496,85,98,0,679,0,0,0,679
07/30/2006,MDW,IL,AGL,CE,Towers with Radar,0,0,0,0,0,526,90,135,0,751,526,90,135,0,751,0,0,0,751
07/31/2006,MDW,IL,AGL,CE,Towers with Radar,542,131,123,1,797,0,0,34,0,34,542,131,157,1,831,0,0,0,831
08/01/2006,MDW,IL,AGL,CE,Towers with Radar,572,185,133,1,891,0,1,35,3,39,572,186,168,4,930,0,0,0,930
08/02/2006,MDW,IL,AGL,CE,Towers with Radar,572,185,133,1,891,0,1,35,3,39,572,186,168,4,930,0,0,0,930
08/03/2006,MDW,IL,AGL,CE,Towers with Radar,628,185,141,2,956,0,5,20,6,31,628,190,161,8,987,0,0,0,987
08/04/2006,MDW,IL,AGL,CE,Towers with Radar,572,165,105,6,848,0,2,39,4,45,572,167,144,10,893,0,0,0,893
08/05/2006,MDW,IL,AGL,CE,Towers with Radar,493,54,69,0,616,0,0,45,2,47,493,54,114,2,663,0,0,0,663
08/06/2006,MDW,IL,AGL,CE,Towers with Radar,538,94,98,5,735,0,0,27,0,27,538,94,125,5,762,4,0,4,766
08/07/2006,MDW,IL,AGL,CE,Towers with Radar,572,151,133,1,857,0,0,41,0,41,572,151,174,1,898,0,0,0,898
08/08/2006,MDW,IL,AGL,CE,Towers with Radar,569,189,155,3,916,0,0,43,1,44,569,189,198,4,960,0,0,0,960
08/09/2006,MDW,IL,AGL,CE,Towers with Radar,548,173,152,0,873,0,2,41,6,49,548,175,193,6,922,0,0,0,922
08/10/2006,MDW,IL,AGL,CE,Towers with Radar,530,178,130,3,841,0,0,8,0,8,530,178,138,3,849,0,0,0,849
08/11/2006,MDW,IL,AGL,CE,Towers with Radar,586,173,155,0,914,0,1,52,1,54,586,174,207,1,968,0,0,0,968
08/12/2006,MDW,IL,AGL,CE,Towers with Radar,489,68,72,0,629,0,0,33,2,35,489,68,105,2,664,0,0,0,664
08/13/2006,MDW,IL,AGL,CE,Towers with Radar,529,112,115,2,758,0,0,42,3,45,529,112,157,5,803,0,0,0,803
08/14/2006,MDW,IL,AGL,CE,Towers with Radar,543,122,143,0,808,0,0,28,0,28,543,122,171,0,836,0,0,0,836
08/15/2006,MDW,IL,AGL,CE,Towers with Radar,563,176,130,2,871,0,0,54,5,59,563,176,184,7,930,0,0,0,930
08/16/2006,MDW,IL,AGL,CE,Towers with Radar,567,183,152,2,904,0,0,55,10,65,567,183,207,12,969,0,0,0,969
08/17/2006,MDW,IL,AGL,CE,Towers with Radar,570,189,151,0,910,0,0,35,2,37,570,189,186,2,947,0,0,0,947
08/18/2006,MDW,IL,AGL,CE,Towers with Radar,578,164,133,3,878,0,0,16,3,19,578,164,149,6,897,0,0,0,897
08/19/2006,MDW,IL,AGL,CE,Towers with Radar,495,78,74,3,650,0,0,7,4,11,495,78,81,7,661,0,0,0,661
08/20/2006,MDW,IL,AGL,CE,Towers with Radar,530,93,103,3,729,0,0,51,3,54,530,93,154,6,783,2,0,2,785
08/21/2006,MDW,IL,AGL,CE,Towers with Radar,551,132,120,0,803,0,1,40,1,42,551,133,160,1,845,0,0,0,845
08/22/2006,MDW,IL,AGL,CE,Towers with Radar,556,164,151,0,871,0,2,53,4,59,556,166,204,4,930,0,0,0,930
08/23/2006,MDW,IL,AGL,CE,Towers with Radar,563,190,149,1,903,0,0,28,5,33,563,190,177,6,936,0,0,0,936
08/24/2006,MDW,IL,AGL,CE,Towers with Radar,537,168,148,0,853,0,0,29,3,32,537,168,177,3,885,0,0,0,885
08/25/2006,MDW,IL,AGL,CE,Towers with Radar,571,170,121,0,862,0,0,20,6,26,571,170,141,6,888,0,0,0,888
08/26/2006,MDW,IL,AGL,CE,Towers with Radar,485,77,59,0,621,0,0,9,0,9,485,77,68,0,630,0,0,0,630
08/27/2006,MDW,IL,AGL,CE,Towers with Radar,531,88,91,1,711,0,0,31,2,33,531,88,122,3,744,0,0,0,744
08/28/2006,MDW,IL,AGL,CE,Towers with Radar,587,97,112,0,796,0,0,7,0,7,587,97,119,0,803,0,0,0,803
08/29/2006,MDW,IL,AGL,CE,Towers with Radar,548,166,153,1,868,0,0,16,11,27,548,166,169,12,895,0,0,0,895
08/30/2006,MDW,IL,AGL,CE,Towers with Radar,541,156,145,3,845,0,1,55,1,57,541,157,200,4,902,10,0,10,912
08/31/2006,MDW,IL,AGL,CE,Towers with Radar,574,162,194,1,931,0,0,0,5,5,574,162,194,6,936,0,0,0,936
09/01/2006,MDW,IL,AGL,CE,Towers with Radar,568,166,109,2,845,0,0,48,0,48,568,166,157,2,893,0,0,0,893
09/02/2006,MDW,IL,AGL,CE,Towers with Radar,475,67,39,0,581,0,0,30,0,30,475,67,69,0,611,0,0,0,611
09/03/2006,MDW,IL,AGL,CE,Towers with Radar,411,60,55,0,526,0,0,28,0,28,411,60,83,0,554,0,0,0,554
09/04/2006,MDW,IL,AGL,CE,Towers with Radar,522,82,91,2,697,0,0,15,0,15,522,82,106,2,712,0,0,0,712
09/05/2006,MDW,IL,AGL,CE,Towers with Radar,555,113,98,1,767,0,1,22,2,25,555,114,120,3,792,0,0,0,792
09/06/2006,MDW,IL,AGL,CE,Towers with Radar,544,192,191,0,927,0,0,49,1,50,544,192,240,1,977,0,0,0,977
09/07/2006,MDW,IL,AGL,CE,Towers with Radar,573,166,245,4,988,0,0,74,3,77,573,166,319,7,1065,0,0,0,1065
09/08/2006,MDW,IL,AGL,CE,Towers with Radar,572,173,229,8,982,0,0,45,2,47,572,173,274,10,1029,0,0,0,1029
09/09/2006,MDW,IL,AGL,CE,Towers with Radar,470,77,129,1,677,0,0,33,4,37,470,77,162,5,714,0,0,0,714
09/10/2006,MDW,IL,AGL,CE,Towers with Radar,518,106,135,3,762,0,0,6,0,6,518,106,141,3,768,0,0,0,768
09/11/2006,MDW,IL,AGL,CE,Towers with Radar,557,122,127,0,806,0,0,0,0,0,557,122,127,0,806,0,0,0,806
09/12/2006,MDW,IL,AGL,CE,Towers with Radar,555,190,226,0,971,0,0,0,0,0,555,190,226,0,971,0,0,0,971
09/13/2006,MDW,IL,AGL,CE,Towers with Radar,537,172,220,0,929,0,0,1,0,1,537,172,221,0,930,0,0,0,930
09/14/2006,MDW,IL,AGL,CE,Towers with Radar,539,212,216,0,967,0,0,0,0,0,539,212,216,0,967,0,0,0,967
09/15/2006,MDW,IL,AGL,CE,Towers with Radar,553,177,151,0,881,0,0,46,0,46,553,177,197,0,927,0,0,0,927
09/16/2006,MDW,IL,AGL,CE,Towers with Radar,454,81,111,0,646,0,0,26,0,26,454,81,137,0,672,0,0,0,672
09/17/2006,MDW,IL,AGL,CE,Towers with Radar,530,100,121,1,752,0,0,19,1,20,530,100,140,2,772,0,0,0,772
09/18/2006,MDW,IL,AGL,CE,Towers with Radar,533,109,132,0,774,0,0,26,0,26,533,109,158,0,800,0,0,0,800
09/19/2006,MDW,IL,AGL,CE,Towers with Radar,555,158,152,0,865,0,34,1,0,35,555,192,153,0,900,0,0,0,900
09/20/2006,MDW,IL,AGL,CE,Towers with Radar,543,181,190,1,915,0,0,60,2,62,543,181,250,3,977,0,0,0,977
09/21/2006,MDW,IL,AGL,CE,Towers with Radar,553,178,173,1,905,0,0,41,3,44,553,178,214,4,949,0,0,0,949
09/22/2006,MDW,IL,AGL,CE,Towers with Radar,544,138,136,1,819,0,0,19,0,19,544,138,155,1,838,0,0,0,838
09/23/2006,MDW,IL,AGL,CE,Towers with Radar,456,54,32,0,542,0,0,0,0,0,456,54,32,0,542,0,0,0,542
09/24/2006,MDW,IL,AGL,CE,Towers with Radar,524,70,93,6,693,0,0,5,24,29,524,70,98,30,722,12,0,12,734
09/25/2006,MDW,IL,AGL,CE,Towers with Radar,549,98,134,0,781,0,0,46,0,46,549,98,180,0,827,0,0,0,827
09/26/2006,MDW,IL,AGL,CE,Towers with Radar,541,182,164,3,890,0,0,67,0,67,541,182,231,3,957,0,0,0,957
09/27/2006,MDW,IL,AGL,CE,Towers with Radar,555,192,190,1,938,0,0,57,1,58,555,192,247,2,996,0,0,0,996
09/28/2006,MDW,IL,AGL,CE,Towers with Radar,569,168,238,0,975,0,0,23,0,23,569,168,261,0,998,0,0,0,998
09/29/2006,MDW,IL,AGL,CE,Towers with Radar,561,169,185,0,915,0,0,31,0,31,561,169,216,0,946,0,0,0,946
09/30/2006,MDW,IL,AGL,CE,Towers with Radar,449,66,84,0,599,0,0,16,0,16,449,66,100,0,615,0,0,0,615
10/01/2006,MDW,IL,AGL,CE,Towers with Radar,524,88,132,0,744,0,0,50,0,50,524,88,182,0,794,0,0,0,794
10/02/2006,MDW,IL,AGL,CE,Towers with Radar,440,63,93,3,599,0,0,22,0,22,440,63,115,3,621,0,0,0,621
10/03/2006,MDW,IL,AGL,CE,Towers with Radar,586,185,204,1,976,0,0,44,0,44,586,185,248,1,1020,0,0,0,1020
10/04/2006,MDW,IL,AGL,CE,Towers with Radar,547,175,208,3,933,0,0,17,2,19,547,175,225,5,952,0,0,0,952
10/05/2006,MDW,IL,AGL,CE,Towers with Radar,560,201,198,4,963,0,0,46,2,48,560,201,244,6,1011,0,0,0,1011
10/06/2006,MDW,IL,AGL,CE,Towers with Radar,557,182,191,0,930,0,0,43,0,43,557,182,234,0,973,0,0,0,973
10/07/2006,MDW,IL,AGL,CE,Towers with Radar,460,75,74,0,609,0,0,53,0,53,460,75,127,0,662,0,0,0,662
10/08/2006,MDW,IL,AGL,CE,Towers with Radar,527,84,133,0,744,0,0,40,0,40,527,84,173,0,784,0,0,0,784
10/09/2006,MDW,IL,AGL,CE,Towers with Radar,566,95,146,1,808,0,1,39,0,40,566,96,185,1,848,0,0,0,848
10/10/2006,MDW,IL,AGL,CE,Towers with Radar,560,125,165,0,850,0,0,25,0,25,560,125,190,0,875,0,0,0,875
10/11/2006,MDW,IL,AGL,CE,Towers with Radar,562,166,185,0,913,0,0,9,0,9,562,166,194,0,922,0,0,0,922
10/12/2006,MDW,IL,AGL,CE,Towers with Radar,560,180,146,0,886,0,0,19,0,19,560,180,165,0,905,0,0,0,905
10/13/2006,MDW,IL,AGL,CE,Towers with Radar,573,165,168,2,908,0,0,34,2,36,573,165,202,4,944,0,0,0,944
10/14/2006,MDW,IL,AGL,CE,Towers with Radar,463,65,95,1,624,0,0,31,7,38,463,65,126,8,662,0,0,0,662
10/15/2006,MDW,IL,AGL,CE,Towers with Radar,526,77,102,3,708,0,0,53,3,56,526,77,155,6,764,0,0,0,764
10/16/2006,MDW,IL,AGL,CE,Towers with Radar,569,116,144,1,830,0,0,23,0,23,569,116,167,1,853,0,0,0,853
10/17/2006,MDW,IL,AGL,CE,Towers with Radar,552,181,176,1,910,0,0,28,1,29,552,181,204,2,939,0,0,0,939
10/18/2006,MDW,IL,AGL,CE,Towers with Radar,577,196,189,2,964,0,0,18,0,18,577,196,207,2,982,0,0,0,982
10/19/2006,MDW,IL,AGL,CE,Towers with Radar,571,186,146,1,904,0,0,31,3,34,571,186,177,4,938,0,0,0,938
10/20/2006,MDW,IL,AGL,CE,Towers with Radar,579,175,175,6,935,0,0,40,2,42,579,175,215,8,977,0,0,0,977
10/21/2006,MDW,IL,AGL,CE,Towers with Radar,471,71,77,0,619,0,0,21,1,22,471,71,98,1,641,0,0,0,641
10/22/2006,MDW,IL,AGL,CE,Towers with Radar,538,109,115,1,763,0,0,14,0,14,538,109,129,1,777,0,0,0,777
10/23/2006,MDW,IL,AGL,CE,Towers with Radar,564,107,157,2,830,0,0,33,4,37,564,107,190,6,867,0,0,0,867
10/24/2006,MDW,IL,AGL,CE,Towers with Radar,577,190,193,2,962,0,0,59,5,64,577,190,252,7,1026,0,0,0,1026
10/25/2006,MDW,IL,AGL,CE,Towers with Radar,568,181,177,0,926,0,0,46,5,51,568,181,223,5,977,0,0,0,977
10/26/2006,MDW,IL,AGL,CE,Towers with Radar,565,167,161,3,896,0,0,6,0,6,565,167,167,3,902,0,0,0,902
10/27/2006,MDW,IL,AGL,CE,Towers with Radar,583,172,170,1,926,0,0,2,0,2,583,172,172,1,928,0,0,0,928
10/28/2006,MDW,IL,AGL,CE,Towers with Radar,467,72,68,0,607,0,0,24,1,25,467,72,92,1,632,0,0,0,632
10/29/2006,MDW,IL,AGL,CE,Towers with Radar,515,94,131,2,742,0,0,59,0,59,515,94,190,2,801,0,0,0,801
10/30/2006,MDW,IL,AGL,CE,Towers with Radar,560,110,193,3,866,0,0,25,1,26,560,110,218,4,892,0,0,0,892
10/31/2006,MDW,IL,AGL,CE,Towers with Radar,561,162,145,1,869,0,0,44,4,48,561,162,189,5,917,0,0,0,917
11/01/2006,MDW,IL,AGL,CE,Towers with Radar,565,164,195,1,925,0,0,35,5,40,565,164,230,6,965,0,0,0,965
11/02/2006,MDW,IL,AGL,CE,Towers with Radar,562,165,188,2,917,0,0,31,9,40,562,165,219,11,957,0,0,0,957
11/03/2006,MDW,IL,AGL,CE,Towers with Radar,580,154,179,4,917,0,0,54,4,58,580,154,233,8,975,0,0,0,975
11/04/2006,MDW,IL,AGL,CE,Towers with Radar,442,65,75,2,584,0,1,35,3,39,442,66,110,5,623,0,0,0,623
11/05/2006,MDW,IL,AGL,CE,Towers with Radar,504,82,127,2,715,0,0,32,0,32,504,82,159,2,747,12,0,12,759
11/06/2006,MDW,IL,AGL,CE,Towers with Radar,556,103,134,1,794,0,0,34,1,35,556,103,168,2,829,0,0,0,829
11/07/2006,MDW,IL,AGL,CE,Towers with Radar,564,189,161,0,914,0,0,2,0,2,564,189,163,0,916,0,0,0,916
11/08/2006,MDW,IL,AGL,CE,Towers with Radar,566,199,199,1,965,0,0,20,3,23,566,199,219,4,988,0,1,1,989
11/09/2006,MDW,IL,AGL,CE,Towers with Radar,559,181,164,1,905,0,0,48,1,49,559,181,212,2,954,0,0,0,954
11/10/2006,MDW,IL,AGL,CE,Towers with Radar,539,145,156,0,840,0,0,27,0,27,539,145,183,0,867,0,0,0,867
11/11/2006,MDW,IL,AGL,CE,Towers with Radar,496,80,74,0,650,0,0,14,0,14,496,80,88,0,664,0,0,0,664
11/12/2006,MDW,IL,AGL,CE,Towers with Radar,522,77,108,2,709,0,0,44,0,44,522,77,152,2,753,0,0,0,753
11/13/2006,MDW,IL,AGL,CE,Towers with Radar,559,97,178,1,835,0,0,10,0,10,559,97,188,1,845,0,0,0,845
11/14/2006,MDW,IL,AGL,CE,Towers with Radar,553,167,205,8,933,0,0,29,0,29,553,167,234,8,962,0,0,0,962
11/15/2006,MDW,IL,AGL,CE,Towers with Radar,554,182,186,1,923,0,0,5,0,5,554,182,191,1,928,0,0,0,928
11/16/2006,MDW,IL,AGL,CE,Towers with Radar,542,187,155,0,884,0,0,0,0,0,542,187,155,0,884,20,5,25,909
11/17/2006,MDW,IL,AGL,CE,Towers with Radar,568,114,168,4,854,0,0,45,0,45,568,114,213,4,899,0,0,0,899
11/18/2006,MDW,IL,AGL,CE,Towers with Radar,468,79,60,2,609,0,0,13,0,13,468,79,73,2,622,0,0,0,622
11/19/2006,MDW,IL,AGL,CE,Towers with Radar,518,72,81,2,673,0,0,34,0,34,518,72,115,2,707,0,0,0,707
11/20/2006,MDW,IL,AGL,CE,Towers with Radar,569,79,126,3,777,0,0,40,2,42,569,79,166,5,819,0,0,0,819
11/21/2006,MDW,IL,AGL,CE,Towers with Radar,578,161,118,0,857,0,0,54,5,59,578,161,172,5,916,0,0,0,916
11/22/2006,MDW,IL,AGL,CE,Towers with Radar,559,109,99,0,767,0,0,50,8,58,559,109,149,8,825,0,0,0,825
11/23/2006,MDW,IL,AGL,CE,Towers with Radar,372,74,29,0,475,0,0,19,0,19,372,74,48,0,494,0,0,0,494
11/24/2006,MDW,IL,AGL,CE,Towers with Radar,463,61,50,0,574,0,0,47,0,47,463,61,97,0,621,0,0,0,621
11/25/2006,MDW,IL,AGL,CE,Towers with Radar,467,62,53,0,582,0,0,31,0,31,467,62,84,0,613,0,0,0,613
11/26/2006,MDW,IL,AGL,CE,Towers with Radar,562,85,164,1,812,0,0,26,0,26,562,85,190,1,838,0,0,0,838
11/27/2006,MDW,IL,AGL,CE,Towers with Radar,570,101,84,1,756,0,0,31,0,31,570,101,115,1,787,0,0,0,787
11/28/2006,MDW,IL,AGL,CE,Towers with Radar,571,157,148,1,877,0,0,27,3,30,571,157,175,4,907,0,0,0,907
11/29/2006,MDW,IL,AGL,CE,Towers with Radar,551,158,161,0,870,0,0,4,0,4,551,158,165,0,874,0,0,0,874
11/30/2006,MDW,IL,AGL,CE,Towers with Radar,543,167,117,0,827,0,0,0,0,0,543,167,117,0,827,0,0,0,827
12/01/2006,MDW,IL,AGL,CE,Towers with Radar,414,100,60,0,574,0,0,8,0,8,414,100,68,0,582,0,0,0,582
12/02/2006,MDW,IL,AGL,CE,Towers with Radar,460,72,81,4,617,0,1,23,5,29,460,73,104,9,646,2,0,2,648
12/03/2006,MDW,IL,AGL,CE,Towers with Radar,506,94,119,3,722,0,0,13,0,13,506,94,132,3,735,0,0,0,735
12/04/2006,MDW,IL,AGL,CE,Towers with Radar,555,107,142,4,808,0,0,23,3,26,555,107,165,7,834,0,0,0,834
12/05/2006,MDW,IL,AGL,CE,Towers with Radar,573,171,143,3,890,0,2,30,1,33,573,173,173,4,923,0,0,0,923
12/06/2006,MDW,IL,AGL,CE,Towers with Radar,579,176,160,0,915,0,0,46,6,52,579,176,206,6,967,0,0,0,967
12/07/2006,MDW,IL,AGL,CE,Towers with Radar,613,183,199,0,995,0,26,19,7,52,613,209,218,7,1047,0,0,0,1047
12/08/2006,MDW,IL,AGL,CE,Towers with Radar,589,160,173,3,925,0,1,44,1,46,589,161,217,4,971,0,0,0,971
12/09/2006,MDW,IL,AGL,CE,Towers with Radar,446,70,58,3,577,0,1,41,0,42,446,71,99,3,619,0,0,0,619
12/10/2006,MDW,IL,AGL,CE,Towers with Radar,526,68,91,2,687,0,0,40,0,40,526,68,131,2,727,0,0,0,727
12/11/2006,MDW,IL,AGL,CE,Towers with Radar,566,121,141,0,828,0,0,9,1,10,566,121,150,1,838,0,0,0,838
12/12/2006,MDW,IL,AGL,CE,Towers with Radar,531,169,163,2,865,0,0,7,0,7,531,169,170,2,872,0,0,0,872
12/13/2006,MDW,IL,AGL,CE,Towers with Radar,562,187,186,0,935,0,0,36,3,39,562,187,222,3,974,0,0,0,974
12/14/2006,MDW,IL,AGL,CE,Towers with Radar,554,208,210,1,973,0,0,5,0,5,554,208,215,1,978,0,0,0,978
12/15/2006,MDW,IL,AGL,CE,Towers with Radar,569,166,133,0,868,0,0,38,3,41,569,166,171,3,909,0,0,0,909
12/16/2006,MDW,IL,AGL,CE,Towers with Radar,458,72,75,2,607,0,0,8,0,8,458,72,83,2,615,0,0,0,615
12/17/2006,MDW,IL,AGL,CE,Towers with Radar,517,86,91,0,694,0,0,23,0,23,517,86,114,0,717,0,0,0,717
12/18/2006,MDW,IL,AGL,CE,Towers with Radar,570,118,122,3,813,0,0,38,3,41,570,118,160,6,854,0,0,0,854
12/19/2006,MDW,IL,AGL,CE,Towers with Radar,574,191,148,3,916,0,0,45,3,48,574,191,193,6,964,0,0,0,964
12/20/2006,MDW,IL,AGL,CE,Towers with Radar,566,166,142,0,874,0,0,35,3,38,566,166,177,3,912,0,0,0,912
12/21/2006,MDW,IL,AGL,CE,Towers with Radar,560,153,115,1,829,0,0,0,0,0,560,153,115,1,829,0,0,0,829
12/22/2006,MDW,IL,AGL,CE,Towers with Radar,595,149,100,0,844,0,0,6,0,6,595,149,106,0,850,0,0,0,850
12/23/2006,MDW,IL,AGL,CE,Towers with Radar,474,63,35,0,572,0,0,5,0,5,474,63,40,0,577,0,0,0,577
12/24/2006,MDW,IL,AGL,CE,Towers with Radar,416,34,22,0,472,0,0,16,0,16,416,34,38,0,488,16,0,16,504
12/25/2006,MDW,IL,AGL,CE,Towers with Radar,420,0,0,0,420,0,36,13,0,49,420,36,13,0,469,0,0,0,469
12/26/2006,MDW,IL,AGL,CE,Towers with Radar,559,99,78,2,738,0,0,24,0,24,559,99,102,2,762,0,0,0,762
12/27/2006,MDW,IL,AGL,CE,Towers with Radar,577,158,69,1,805,0,0,45,0,45,577,158,114,1,850,0,0,0,850
12/28/2006,MDW,IL,AGL,CE,Towers with Radar,576,136,61,3,776,0,0,36,0,36,576,136,97,3,812,4,0,4,816
12/29/2006,MDW,IL,AGL,CE,Towers with Radar,570,125,44,0,739,0,0,40,0,40,570,125,84,0,779,10,0,10,789
12/30/2006,MDW,IL,AGL,CE,Towers with Radar,516,64,41,0,621,0,0,5,0,5,516,64,46,0,626,0,0,0,626
12/31/2006,MDW,IL,AGL,CE,Towers with Radar,414,42,29,0,485,0,0,4,0,4,414,42,33,0,489,0,0,0,489
01/01/2007,MDW,IL,AGL,CE,Towers with Radar,484,55,48,0,587,0,0,11,0,11,484,55,59,0,598,0,0,0,598
01/02/2007,MDW,IL,AGL,CE,Towers with Radar,575,72,73,1,721,0,0,27,0,27,575,72,100,1,748,0,0,0,748
01/03/2007,MDW,IL,AGL,CE,Towers with Radar,588,140,79,0,807,0,0,50,3,53,588,140,129,3,860,0,0,0,860
01/04/2007,MDW,IL,AGL,CE,Towers with Radar,569,141,91,0,801,0,0,0,0,0,569,141,91,0,801,0,0,0,801
01/05/2007,MDW,IL,AGL,CE,Towers with Radar,572,133,89,2,796,0,0,13,0,13,572,133,102,2,809,0,0,0,809
01/06/2007,MDW,IL,AGL,CE,Towers with Radar,457,67,54,0,578,0,0,23,6,29,457,67,77,6,607,22,0,22,629
01/07/2007,MDW,IL,AGL,CE,Towers with Radar,513,64,70,2,649,0,0,17,0,17,513,64,87,2,666,0,0,0,666
01/08/2007,MDW,IL,AGL,CE,Towers with Radar,553,78,89,0,720,0,0,32,0,32,553,78,121,0,752,0,0,0,752
01/09/2007,MDW,IL,AGL,CE,Towers with Radar,557,169,154,1,881,0,1,30,3,34,557,170,184,4,915,0,0,0,915
01/10/2007,MDW,IL,AGL,CE,Towers with Radar,551,180,156,0,887,0,2,48,1,51,551,182,204,1,938,0,0,0,938
01/11/2007,MDW,IL,AGL,CE,Towers with Radar,567,171,132,2,872,0,0,38,12,50,567,171,170,14,922,0,0,0,922
01/12/2007,MDW,IL,AGL,CE,Towers with Radar,563,136,151,0,850,0,0,6,0,6,563,136,157,0,856,0,0,0,856
01/13/2007,MDW,IL,AGL,CE,Towers with Radar,435,69,33,0,537,0,0,2,0,2,435,69,35,0,539,0,0,0,539
01/14/2007,MDW,IL,AGL,CE,Towers with Radar,492,62,53,0,607,0,0,5,0,5,492,62,58,0,612,0,0,0,612
01/15/2007,MDW,IL,AGL,CE,Towers with Radar,536,86,95,0,717,0,0,1,0,1,536,86,96,0,718,0,0,0,718
01/16/2007,MDW,IL,AGL,CE,Towers with Radar,571,109,122,2,804,0,0,41,2,43,571,109,163,4,847,0,0,0,847
01/17/2007,MDW,IL,AGL,CE,Towers with Radar,542,164,112,2,820,0,1,22,3,26,542,165,134,5,846,0,0,0,846
01/18/2007,MDW,IL,AGL,CE,Towers with Radar,574,185,119,0,878,0,0,6,1,7,574,185,125,1,885,0,0,0,885
01/19/2007,MDW,IL,AGL,CE,Towers with Radar,575,143,122,0,840,0,0,26,0,26,575,143,148,0,866,0,0,0,866
01/20/2007,MDW,IL,AGL,CE,Towers with Radar,440,68,53,2,563,0,1,29,0,30,440,69,82,2,593,0,0,0,593
01/21/2007,MDW,IL,AGL,CE,Towers with Radar,495,82,112,0,689,0,0,1,0,1,495,82,113,0,690,0,0,0,690
01/22/2007,MDW,IL,AGL,CE,Towers with Radar,578,94,91,1,764,0,0,9,0,9,578,94,100,1,773,0,0,0,773
01/23/2007,MDW,IL,AGL,CE,Towers with Radar,550,169,102,0,821,0,0,18,4,22,550,169,120,4,843,0,0,0,843
01/24/2007,MDW,IL,AGL,CE,Towers with Radar,549,169,116,1,835,0,0,28,2,30,549,169,144,3,865,0,0,0,865
01/25/2007,MDW,IL,AGL,CE,Towers with Radar,542,176,143,0,861,0,0,34,6,40,542,176,177,6,901,0,0,0,901
01/26/2007,MDW,IL,AGL,CE,Towers with Radar,563,157,79,6,805,0,0,28,0,28,563,157,107,6,833,0,0,0,833
01/27/2007,MDW,IL,AGL,CE,Towers with Radar,453,78,26,1,558,0,0,17,0,17,453,78,43,1,575,0,0,0,575
01/28/2007,MDW,IL,AGL,CE,Towers with Radar,513,81,45,1,640,0,0,4,0,4,513,81,49,1,644,0,0,0,644
01/29/2007,MDW,IL,AGL,CE,Towers with Radar,561,110,71,0,742,0,0,9,0,9,561,110,80,0,751,0,0,0,751
01/30/2007,MDW,IL,AGL,CE,Towers with Radar,568,179,124,0,871,0,0,14,3,17,568,179,138,3,888,0,0,0,888
01/31/2007,MDW,IL,AGL,CE,Towers with Radar,569,181,128,1,879,0,2,24,2,28,569,183,152,3,907,0,0,0,907
02/01/2007,MDW,IL,AGL,CE,Towers with Radar,557,182,116,0,855,0,0,21,1,22,557,182,137,1,877,0,0,0,877
02/02/2007,MDW,IL,AGL,CE,Towers with Radar,566,148,112,4,830,0,0,22,0,22,566,148,134,4,852,0,0,0,852
02/03/2007,MDW,IL,AGL,CE,Towers with Radar,449,72,67,0,588,0,0,10,0,10,449,72,77,0,598,0,0,0,598
02/04/2007,MDW,IL,AGL,CE,Towers with Radar,499,62,39,2,602,0,0,1,0,1,499,62,40,2,603,0,0,0,603
02/05/2007,MDW,IL,AGL,CE,Towers with Radar,559,128,149,1,837,0,0,23,0,23,559,128,172,1,860,0,0,0,860
02/06/2007,MDW,IL,AGL,CE,Towers with Radar,536,147,112,0,795,0,0,11,0,11,536,147,123,0,806,0,0,0,806
02/07/2007,MDW,IL,AGL,CE,Towers with Radar,564,171,153,0,888,0,0,19,1,20,564,171,172,1,908,0,0,0,908
02/08/2007,MDW,IL,AGL,CE,Towers with Radar,587,166,160,0,913,0,0,23,10,33,587,166,183,10,946,0,0,0,946
02/09/2007,MDW,IL,AGL,CE,Towers with Radar,558,182,127,2,869,0,0,33,2,35,558,182,160,4,904,0,0,0,904
02/10/2007,MDW,IL,AGL,CE,Towers with Radar,442,57,52,1,552,0,1,17,0,18,442,58,69,1,570,0,0,0,570
02/11/2007,MDW,IL,AGL,CE,Towers with Radar,515,68,56,0,639,0,0,17,0,17,515,68,73,0,656,0,0,0,656
02/12/2007,MDW,IL,AGL,CE,Towers with Radar,549,108,101,0,758,0,0,2,0,2,549,108,103,0,760,0,0,0,760
02/13/2007,MDW,IL,AGL,CE,Towers with Radar,109,105,54,0,268,0,0,0,0,0,109,105,54,0,268,0,0,0,268
02/14/2007,MDW,IL,AGL,CE,Towers with Radar,503,159,103,0,765,0,0,6,0,6,503,159,109,0,771,0,0,0,771
02/15/2007,MDW,IL,AGL,CE,Towers with Radar,564,195,127,3,889,0,0,17,1,18,564,195,144,4,907,0,0,0,907
02/16/2007,MDW,IL,AGL,CE,Towers with Radar,582,179,126,0,887,0,0,32,1,33,582,179,158,1,920,0,0,0,920
02/17/2007,MDW,IL,AGL,CE,Towers with Radar,425,100,35,0,560,0,0,4,0,4,425,100,39,0,564,0,0,0,564
02/18/2007,MDW,IL,AGL,CE,Towers with Radar,516,80,57,0,653,0,0,41,0,41,516,80,98,0,694,0,0,0,694
02/19/2007,MDW,IL,AGL,CE,Towers with Radar,570,115,102,0,787,0,0,11,0,11,570,115,113,0,798,0,0,0,798
02/20/2007,MDW,IL,AGL,CE,Towers with Radar,565,136,96,1,798,0,1,22,0,23,565,137,118,1,821,0,0,0,821
02/21/2007,MDW,IL,AGL,CE,Towers with Radar,526,168,131,1,826,0,1,29,4,34,526,169,160,5,860,4,0,4,864
02/22/2007,MDW,IL,AGL,CE,Towers with Radar,585,204,148,0,937,0,0,42,2,44,585,204,190,2,981,2,0,2,983
02/23/2007,MDW,IL,AGL,CE,Towers with Radar,566,180,125,0,871,0,2,26,0,28,566,182,151,0,899,0,0,0,899
02/24/2007,MDW,IL,AGL,CE,Towers with Radar,337,68,41,0,446,0,0,5,0,5,337,68,46,0,451,0,0,0,451
02/25/2007,MDW,IL,AGL,CE,Towers with Radar,415,76,62,0,553,0,0,0,0,0,415,76,62,0,553,0,0,0,553
02/26/2007,MDW,IL,AGL,CE,Towers with Radar,581,126,155,0,862,0,0,4,0,4,581,126,159,0,866,0,0,0,866
02/27/2007,MDW,IL,AGL,CE,Towers with Radar,566,192,140,0,898,0,0,15,3,18,566,192,155,3,916,0,0,0,916
02/28/2007,MDW,IL,AGL,CE,Towers with Radar,565,205,132,0,902,0,1,18,4,23,565,206,150,4,925,0,0,0,925
03/01/2007,MDW,IL,AGL,CE,Towers with Radar,544,216,116,0,876,0,0,8,0,8,544,216,124,0,884,0,0,0,884
03/02/2007,MDW,IL,AGL,CE,Towers with Radar,570,163,85,2,820,0,0,2,0,2,570,163,87,2,822,9,0,9,831
03/03/2007,MDW,IL,AGL,CE,Towers with Radar,451,78,54,0,583,0,0,5,0,5,451,78,59,0,588,0,0,0,588
03/04/2007,MDW,IL,AGL,CE,Towers with Radar,514,95,63,3,675,0,0,50,3,53,514,95,113,6,728,0,0,0,728
03/05/2007,MDW,IL,AGL,CE,Towers with Radar,561,130,83,0,774,0,0,27,0,27,561,130,110,0,801,2,0,2,803
03/06/2007,MDW,IL,AGL,CE,Towers with Radar,561,199,143,1,904,0,0,35,0,35,561,199,178,1,939,0,0,0,939
03/07/2007,MDW,IL,AGL,CE,Towers with Radar,551,194,152,0,897,0,0,20,2,22,551,194,172,2,919,14,0,14,933
03/08/2007,MDW,IL,AGL,CE,Towers with Radar,567,210,145,0,922,0,0,59,11,70,567,210,204,11,992,0,0,0,992
03/09/2007,MDW,IL,AGL,CE,Towers with Radar,569,178,99,2,848,0,0,30,0,30,569,178,129,2,878,0,0,0,878
03/10/2007,MDW,IL,AGL,CE,Towers with Radar,479,75,70,2,626,0,0,44,0,44,479,75,114,2,670,0,0,0,670
03/11/2007,MDW,IL,AGL,CE,Towers with Radar,536,97,112,3,748,0,1,54,0,55,536,98,166,3,803,0,0,0,803
03/12/2007,MDW,IL,AGL,CE,Towers with Radar,574,116,107,0,797,0,1,32,0,33,574,117,139,0,830,0,0,0,830
03/13/2007,MDW,IL,AGL,CE,Towers with Radar,555,201,162,0,918,0,1,40,1,42,555,202,202,1,960,0,0,0,960
03/14/2007,MDW,IL,AGL,CE,Towers with Radar,554,190,130,1,875,0,2,20,3,25,554,192,150,4,900,0,0,0,900
03/15/2007,MDW,IL,AGL,CE,Towers with Radar,561,228,156,6,951,0,0,38,1,39,561,228,194,7,990,0,0,0,990
03/16/2007,MDW,IL,AGL,CE,Towers with Radar,542,154,177,2,875,0,2,57,3,62,542,156,234,5,937,0,0,0,937
03/17/2007,MDW,IL,AGL,CE,Towers with Radar,497,87,78,0,662,0,0,21,0,21,497,87,99,0,683,0,0,0,683
03/18/2007,MDW,IL,AGL,CE,Towers with Radar,558,94,128,2,782,0,0,40,0,40,558,94,168,2,822,0,0,0,822
03/19/2007,MDW,IL,AGL,CE,Towers with Radar,567,125,98,0,790,0,0,28,0,28,567,125,126,0,818,0,0,0,818
03/20/2007,MDW,IL,AGL,CE,Towers with Radar,570,198,133,2,903,0,0,40,3,43,570,198,173,5,946,0,0,0,946
03/21/2007,MDW,IL,AGL,CE,Towers with Radar,567,193,130,0,890,0,0,11,0,11,567,193,141,0,901,0,0,0,901
03/22/2007,MDW,IL,AGL,CE,Towers with Radar,552,180,121,4,857,0,0,21,4,25,552,180,142,8,882,0,0,0,882
03/23/2007,MDW,IL,AGL,CE,Towers with Radar,568,163,121,0,852,0,0,7,0,7,568,163,128,0,859,0,0,0,859
03/24/2007,MDW,IL,AGL,CE,Towers with Radar,497,85,70,2,654,0,0,0,0,0,497,85,70,2,654,0,0,0,654
03/25/2007,MDW,IL,AGL,CE,Towers with Radar,546,96,74,2,718,0,0,28,0,28,546,96,102,2,746,0,0,0,746
03/26/2007,MDW,IL,AGL,CE,Towers with Radar,560,108,96,1,765,0,0,19,0,19,560,108,115,1,784,0,0,0,784
03/27/2007,MDW,IL,AGL,CE,Towers with Radar,562,188,121,0,871,0,0,14,0,14,562,188,135,0,885,0,0,0,885
03/28/2007,MDW,IL,AGL,CE,Towers with Radar,558,200,112,0,870,0,0,7,0,7,558,200,119,0,877,0,0,0,877
03/29/2007,MDW,IL,AGL,CE,Towers with Radar,559,204,141,2,906,0,0,20,10,30,559,204,161,12,936,0,0,0,936
03/30/2007,MDW,IL,AGL,CE,Towers with Radar,566,142,92,0,800,0,1,24,3,28,566,143,116,3,828,0,0,0,828
03/31/2007,MDW,IL,AGL,CE,Towers with Radar,500,98,72,2,672,0,0,11,0,11,500,98,83,2,683,0,0,0,683
04/01/2007,MDW,IL,AGL,CE,Towers with Radar,544,110,75,0,729,0,0,10,0,10,544,110,85,0,739,0,0,0,739
04/02/2007,MDW,IL,AGL,CE,Towers with Radar,560,109,94,0,763,0,0,38,1,39,560,109,132,1,802,0,0,0,802
04/03/2007,MDW,IL,AGL,CE,Towers with Radar,554,176,94,0,824,0,1,10,0,11,554,177,104,0,835,0,0,0,835
04/04/2007,MDW,IL,AGL,CE,Towers with Radar,580,195,118,3,896,0,0,23,3,26,580,195,141,6,922,0,0,0,922
04/05/2007,MDW,IL,AGL,CE,Towers with Radar,580,232,162,0,974,0,0,0,0,0,580,232,162,0,974,32,1,33,1007
04/06/2007,MDW,IL,AGL,CE,Towers with Radar,603,150,97,0,850,0,0,35,1,36,603,150,132,1,886,2,0,2,888
04/07/2007,MDW,IL,AGL,CE,Towers with Radar,502,64,36,0,602,0,0,18,0,18,502,64,54,0,620,0,0,0,620
04/08/2007,MDW,IL,AGL,CE,Towers with Radar,535,88,69,0,692,0,0,23,0,23,535,88,92,0,715,0,0,0,715
04/09/2007,MDW,IL,AGL,CE,Towers with Radar,573,107,111,1,792,0,0,33,0,33,573,107,144,1,825,0,0,0,825
04/10/2007,MDW,IL,AGL,CE,Towers with Radar,574,191,136,2,903,0,0,17,5,22,574,191,153,7,925,0,0,0,925
04/11/2007,MDW,IL,AGL,CE,Towers with Radar,520,181,131,0,832,0,0,0,0,0,520,181,131,0,832,0,0,0,832
04/12/2007,MDW,IL,AGL,CE,Towers with Radar,577,199,152,3,931,0,0,8,1,9,577,199,160,4,940,0,0,0,940
04/13/2007,MDW,IL,AGL,CE,Towers with Radar,588,161,138,3,890,0,0,36,2,38,588,161,174,5,928,0,0,0,928
04/14/2007,MDW,IL,AGL,CE,Towers with Radar,499,90,39,1,629,0,0,21,0,21,499,90,60,1,650,0,0,0,650
04/15/2007,MDW,IL,AGL,CE,Towers with Radar,543,86,96,3,728,0,1,39,3,43,543,87,135,6,771,0,0,0,771
04/16/2007,MDW,IL,AGL,CE,Towers with Radar,578,134,131,0,843,0,0,44,0,44,578,134,175,0,887,0,0,0,887
04/17/2007,MDW,IL,AGL,CE,Towers with Radar,569,178,155,1,903,0,0,0,0,0,569,178,155,1,903,0,0,0,903
04/18/2007,MDW,IL,AGL,CE,Towers with Radar,564,227,147,6,944,0,0,31,2,33,564,227,178,8,977,0,0,0,977
04/19/2007,MDW,IL,AGL,CE,Towers with Radar,581,222,172,0,975,0,0,33,2,35,581,222,205,2,1010,0,0,0,1010
04/20/2007,MDW,IL,AGL,CE,Towers with Radar,573,195,173,4,945,0,0,0,0,0,573,195,173,4,945,0,0,0,945
04/21/2007,MDW,IL,AGL,CE,Towers with Radar,499,67,136,0,702,0,0,0,0,0,499,67,136,0,702,0,0,0,702
04/22/2007,MDW,IL,AGL,CE,Towers with Radar,0,0,0,0,0,549,99,100,1,749,549,99,100,1,749,0,0,0,749
04/23/2007,MDW,IL,AGL,CE,Towers with Radar,578,128,106,0,812,0,1,36,0,37,578,129,142,0,849,0,0,0,849
04/24/2007,MDW,IL,AGL,CE,Towers with Radar,553,196,160,2,911,0,0,49,2,51,553,196,209,4,962,0,0,0,962
04/25/2007,MDW,IL,AGL,CE,Towers with Radar,563,206,167,0,936,0,0,0,0,0,563,206,167,0,936,0,0,0,936
04/26/2007,MDW,IL,AGL,CE,Towers with Radar,546,203,163,0,912,0,0,0,0,0,546,203,163,0,912,0,0,0,912
04/27/2007,MDW,IL,AGL,CE,Towers with Radar,576,182,164,11,933,0,0,0,0,0,576,182,164,11,933,0,0,0,933
04/28/2007,MDW,IL,AGL,CE,Towers with Radar,498,61,76,2,637,0,0,37,0,37,498,61,113,2,674,0,0,0,674
04/29/2007,MDW,IL,AGL,CE,Towers with Radar,553,104,177,4,838,0,0,0,0,0,553,104,177,4,838,0,0,0,838
04/30/2007,MDW,IL,AGL,CE,Towers with Radar,571,130,137,2,840,0,1,52,0,53,571,131,189,2,893,0,0,0,893
05/01/2007,MDW,IL,AGL,CE,Towers with Radar,573,189,197,2,961,0,0,0,0,0,573,189,197,2,961,0,0,0,961
05/02/2007,MDW,IL,AGL,CE,Towers with Radar,571,172,168,0,911,0,0,32,5,37,571,172,200,5,948,0,0,0,948
05/03/2007,MDW,IL,AGL,CE,Towers with Radar,568,207,170,0,945,0,0,47,0,47,568,207,217,0,992,0,0,0,992
05/04/2007,MDW,IL,AGL,CE,Towers with Radar,576,179,162,3,920,0,0,0,0,0,576,179,162,3,920,0,0,0,920
05/05/2007,MDW,IL,AGL,CE,Towers with Radar,515,78,128,1,722,0,0,0,0,0,515,78,128,1,722,0,0,0,722
05/06/2007,MDW,IL,AGL,CE,Towers with Radar,549,110,132,4,795,0,0,34,6,40,549,110,166,10,835,0,0,0,835
05/07/2007,MDW,IL,AGL,CE,Towers with Radar,587,149,237,1,974,0,0,0,0,0,587,149,237,1,974,0,0,0,974
05/08/2007,MDW,IL,AGL,CE,Towers with Radar,579,198,261,2,1040,0,0,0,0,0,579,198,261,2,1040,0,0,0,1040
05/09/2007,MDW,IL,AGL,CE,Towers with Radar,581,195,234,0,1010,0,0,45,1,46,581,195,279,1,1056,0,0,0,1056
05/10/2007,MDW,IL,AGL,CE,Towers with Radar,568,241,216,1,1026,0,1,51,2,54,568,242,267,3,1080,0,0,0,1080
05/11/2007,MDW,IL,AGL,CE,Towers with Radar,577,178,212,2,969,0,0,0,0,0,577,178,212,2,969,0,0,0,969
05/12/2007,MDW,IL,AGL,CE,Towers with Radar,505,67,75,0,647,0,0,61,4,65,505,67,136,4,712,0,0,0,712
05/13/2007,MDW,IL,AGL,CE,Towers with Radar,547,88,130,1,766,0,0,0,0,0,547,88,130,1,766,6,0,6,772
05/14/2007,MDW,IL,AGL,CE,Towers with Radar,595,119,176,0,890,0,0,31,0,31,595,119,207,0,921,0,0,0,921
05/15/2007,MDW,IL,AGL,CE,Towers with Radar,574,185,121,3,883,0,0,15,0,15,574,185,136,3,898,0,0,0,898
05/16/2007,MDW,IL,AGL,CE,Towers with Radar,580,191,188,0,959,0,0,28,3,31,580,191,216,3,990,0,0,0,990
05/17/2007,MDW,IL,AGL,CE,Towers with Radar,610,212,210,1,1033,0,0,59,1,60,610,212,269,2,1093,0,0,0,1093
05/18/2007,MDW,IL,AGL,CE,Towers with Radar,618,180,171,5,974,0,1,66,1,68,618,181,237,6,1042,0,0,0,1042
05/19/2007,MDW,IL,AGL,CE,Towers with Radar,508,80,76,0,664,0,0,38,0,38,508,80,114,0,702,0,0,0,702
05/20/2007,MDW,IL,AGL,CE,Towers with Radar,535,111,125,3,774,0,0,20,0,20,535,111,145,3,794,6,0,6,800
05/21/2007,MDW,IL,AGL,CE,Towers with Radar,589,136,180,0,905,0,0,46,0,46,589,136,226,0,951,0,0,0,951
05/22/2007,MDW,IL,AGL,CE,Towers with Radar,594,181,203,0,978,0,0,52,1,53,594,181,255,1,1031,0,0,0,1031
05/23/2007,MDW,IL,AGL,CE,Towers with Radar,588,163,187,0,938,0,1,37,5,43,588,164,224,5,981,0,0,0,981
05/24/2007,MDW,IL,AGL,CE,Towers with Radar,604,205,164,1,974,0,0,33,5,38,604,205,197,6,1012,0,0,0,1012
05/25/2007,MDW,IL,AGL,CE,Towers with Radar,595,147,121,2,865,0,0,62,0,62,595,147,183,2,927,0,0,0,927
05/26/2007,MDW,IL,AGL,CE,Towers with Radar,483,57,39,1,580,0,0,6,0,6,483,57,45,1,586,0,0,0,586
05/27/2007,MDW,IL,AGL,CE,Towers with Radar,441,70,38,0,549,0,0,23,0,23,441,70,61,0,572,0,0,0,572
05/28/2007,MDW,IL,AGL,CE,Towers with Radar,518,92,85,1,696,0,0,17,0,17,518,92,102,1,713,0,0,0,713
05/29/2007,MDW,IL,AGL,CE,Towers with Radar,569,108,136,0,813,0,0,47,0,47,569,108,183,0,860,0,0,0,860
05/30/2007,MDW,IL,AGL,CE,Towers with Radar,580,192,131,2,905,0,0,59,5,64,580,192,190,7,969,1,0,1,970
05/31/2007,MDW,IL,AGL,CE,Towers with Radar,588,197,111,0,896,0,0,0,0,0,588,197,111,0,896,37,1,38,934
06/01/2007,MDW,IL,AGL,CE,Towers with Radar,576,151,131,1,859,0,0,37,5,42,576,151,168,6,901,0,0,0,901
06/02/2007,MDW,IL,AGL,CE,Towers with Radar,513,69,53,4,639,0,0,20,4,24,513,69,73,8,663,0,0,0,663
06/03/2007,MDW,IL,AGL,CE,Towers with Radar,542,91,74,1,708,0,0,17,1,18,542,91,91,2,726,0,0,0,726
06/04/2007,MDW,IL,AGL,CE,Towers with Radar,589,105,110,2,806,0,0,20,3,23,589,105,130,5,829,0,0,0,829
06/05/2007,MDW,IL,AGL,CE,Towers with Radar,579,168,135,0,882,0,0,49,5,54,579,168,184,5,936,0,0,0,936
06/06/2007,MDW,IL,AGL,CE,Towers with Radar,574,194,139,2,909,0,0,43,6,49,574,194,182,8,958,0,0,0,958
06/07/2007,MDW,IL,AGL,CE,Towers with Radar,600,179,157,0,936,0,0,0,0,0,600,179,157,0,936,24,0,24,960
06/08/2007,MDW,IL,AGL,CE,Towers with Radar,548,125,131,3,807,0,1,41,2,44,548,126,172,5,851,31,0,31,882
06/09/2007,MDW,IL,AGL,CE,Towers with Radar,528,66,66,0,660,0,0,48,4,52,528,66,114,4,712,0,0,0,712
06/10/2007,MDW,IL,AGL,CE,Towers with Radar,549,89,95,2,735,0,0,44,0,44,549,89,139,2,779,0,0,0,779
06/11/2007,MDW,IL,AGL,CE,Towers with Radar,571,113,148,0,832,0,0,37,0,37,571,113,185,0,869,0,0,0,869
06/12/2007,MDW,IL,AGL,CE,Towers with Radar,563,157,184,2,906,0,0,50,0,50,563,157,234,2,956,0,0,0,956
06/13/2007,MDW,IL,AGL,CE,Towers with Radar,588,181,201,3,973,0,1,52,3,56,588,182,253,6,1029,0,0,0,1029
06/14/2007,MDW,IL,AGL,CE,Towers with Radar,590,181,181,10,962,0,0,49,4,53,590,181,230,14,1015,0,0,0,1015
06/15/2007,MDW,IL,AGL,CE,Towers with Radar,605,160,142,2,909,0,0,58,2,60,605,160,200,4,969,0,0,0,969
06/16/2007,MDW,IL,AGL,CE,Towers with Radar,490,67,75,0,632,0,0,27,0,27,490,67,102,0,659,0,0,0,659
06/17/2007,MDW,IL,AGL,CE,Towers with Radar,554,92,99,1,746,0,0,20,0,20,554,92,119,1,766,0,0,0,766
06/18/2007,MDW,IL,AGL,CE,Towers with Radar,587,131,137,1,856,0,0,37,2,39,587,131,174,3,895,0,0,0,895
06/19/2007,MDW,IL,AGL,CE,Towers with Radar,552,177,163,3,895,0,0,57,3,60,552,177,220,6,955,0,0,0,955
06/20/2007,MDW,IL,AGL,CE,Towers with Radar,607,210,174,1,992,0,0,50,5,55,607,210,224,6,1047,0,0,0,1047
06/21/2007,MDW,IL,AGL,CE,Towers with Radar,599,209,181,3,992,0,2,49,3,54,599,211,230,6,1046,0,0,0,1046
06/22/2007,MDW,IL,AGL,CE,Towers with Radar,598,167,148,2,915,0,0,53,1,54,598,167,201,3,969,0,0,0,969
06/23/2007,MDW,IL,AGL,CE,Towers with Radar,490,61,51,0,602,0,0,6,1,7,490,61,57,1,609,0,0,0,609
06/24/2007,MDW,IL,AGL,CE,Towers with Radar,540,91,107,0,738,0,0,28,2,30,540,91,135,2,768,0,0,0,768
06/25/2007,MDW,IL,AGL,CE,Towers with Radar,574,137,150,0,861,0,0,36,0,36,574,137,186,0,897,0,0,0,897
06/26/2007,MDW,IL,AGL,CE,Towers with Radar,597,178,139,0,914,0,0,38,4,42,597,178,177,4,956,0,0,0,956
06/27/2007,MDW,IL,AGL,CE,Towers with Radar,555,167,140,0,862,0,0,48,5,53,555,167,188,5,915,0,0,0,915
06/28/2007,MDW,IL,AGL,CE,Towers with Radar,621,178,169,2,970,0,2,48,9,59,621,180,217,11,1029,0,0,0,1029
06/29/2007,MDW,IL,AGL,CE,Towers with Radar,588,137,159,1,885,0,0,38,2,40,588,137,197,3,925,0,0,0,925
06/30/2007,MDW,IL,AGL,CE,Towers with Radar,486,89,62,0,637,0,1,43,0,44,486,90,105,0,681,0,0,0,681
07/01/2007,MDW,IL,AGL,CE,Towers with Radar,549,62,66,1,678,0,0,65,1,66,549,62,131,2,744,0,0,0,744
07/02/2007,MDW,IL,AGL,CE,Towers with Radar,574,95,87,2,758,0,0,53,2,55,574,95,140,4,813,0,0,0,813
07/03/2007,MDW,IL,AGL,CE,Towers with Radar,568,116,55,1,740,0,0,40,0,40,568,116,95,1,780,0,0,0,780
07/04/2007,MDW,IL,AGL,CE,Towers with Radar,494,72,28,0,594,0,0,19,0,19,494,72,47,0,613,2,0,2,615
07/05/2007,MDW,IL,AGL,CE,Towers with Radar,575,92,104,0,771,0,0,29,2,31,575,92,133,2,802,0,0,0,802
07/06/2007,MDW,IL,AGL,CE,Towers with Radar,583,130,94,3,810,0,0,46,2,48,583,130,140,5,858,0,0,0,858
07/07/2007,MDW,IL,AGL,CE,Towers with Radar,500,60,44,0,604,0,0,35,0,35,500,60,79,0,639,0,0,0,639
07/08/2007,MDW,IL,AGL,CE,Towers with Radar,530,104,105,2,741,0,0,37,0,37,530,104,142,2,778,0,0,0,778
07/09/2007,MDW,IL,AGL,CE,Towers with Radar,587,117,127,0,831,0,0,25,0,25,587,117,152,0,856,0,0,0,856
07/10/2007,MDW,IL,AGL,CE,Towers with Radar,557,153,107,1,818,0,0,28,1,29,557,153,135,2,847,0,0,0,847
07/11/2007,MDW,IL,AGL,CE,Towers with Radar,577,154,142,0,873,0,0,48,9,57,577,154,190,9,930,0,0,0,930
07/12/2007,MDW,IL,AGL,CE,Towers with Radar,571,167,183,0,921,0,0,55,1,56,571,167,238,1,977,0,0,0,977
07/13/2007,MDW,IL,AGL,CE,Towers with Radar,579,150,151,3,883,0,0,51,0,51,579,150,202,3,934,0,0,0,934
07/14/2007,MDW,IL,AGL,CE,Towers with Radar,491,68,63,1,623,0,0,33,7,40,491,68,96,8,663,0,0,0,663
07/15/2007,MDW,IL,AGL,CE,Towers with Radar,535,83,128,2,748,0,0,55,0,55,535,83,183,2,803,0,0,0,803
07/16/2007,MDW,IL,AGL,CE,Towers with Radar,579,113,157,0,849,0,0,41,0,41,579,113,198,0,890,0,0,0,890
07/17/2007,MDW,IL,AGL,CE,Towers with Radar,586,151,171,0,908,0,0,36,0,36,586,151,207,0,944,0,0,0,944
07/18/2007,MDW,IL,AGL,CE,Towers with Radar,542,165,150,0,857,0,0,38,1,39,542,165,188,1,896,0,0,0,896
07/19/2007,MDW,IL,AGL,CE,Towers with Radar,615,198,199,0,1012,0,0,19,2,21,615,198,218,2,1033,0,0,0,1033
07/20/2007,MDW,IL,AGL,CE,Towers with Radar,576,152,140,1,869,0,0,49,1,50,576,152,189,2,919,0,0,0,919
07/21/2007,MDW,IL,AGL,CE,Towers with Radar,486,59,75,1,621,0,1,44,0,45,486,60,119,1,666,0,0,0,666
07/22/2007,MDW,IL,AGL,CE,Towers with Radar,544,88,95,1,728,0,0,43,0,43,544,88,138,1,771,0,0,0,771
07/23/2007,MDW,IL,AGL,CE,Towers with Radar,563,122,121,0,806,0,0,35,0,35,563,122,156,0,841,0,0,0,841
07/24/2007,MDW,IL,AGL,CE,Towers with Radar,553,178,173,1,905,0,0,45,2,47,553,178,218,3,952,0,0,0,952
07/25/2007,MDW,IL,AGL,CE,Towers with Radar,568,173,148,0,889,0,0,55,0,55,568,173,203,0,944,0,0,0,944
07/26/2007,MDW,IL,AGL,CE,Towers with Radar,613,184,153,0,950,0,0,0,0,0,613,184,153,0,950,0,0,0,950
07/27/2007,MDW,IL,AGL,CE,Towers with Radar,561,152,151,1,865,0,0,16,3,19,561,152,167,4,884,0,0,0,884
07/28/2007,MDW,IL,AGL,CE,Towers with Radar,495,77,70,0,642,0,0,24,0,24,495,77,94,0,666,0,0,0,666
07/29/2007,MDW,IL,AGL,CE,Towers with Radar,497,78,94,1,670,0,0,54,0,54,497,78,148,1,724,0,0,0,724
07/30/2007,MDW,IL,AGL,CE,Towers with Radar,651,91,133,0,875,0,0,50,0,50,651,91,183,0,925,2,0,2,927
07/31/2007,MDW,IL,AGL,CE,Towers with Radar,545,165,143,1,854,0,0,63,1,64,545,165,206,2,918,2,0,2,920
08/01/2007,MDW,IL,AGL,CE,Towers with Radar,581,161,143,0,885,0,0,51,3,54,581,161,194,3,939,0,0,0,939
08/02/2007,MDW,IL,AGL,CE,Towers with Radar,569,167,171,0,907,0,0,27,5,32,569,167,198,5,939,0,0,0,939
08/03/2007,MDW,IL,AGL,CE,Towers with Radar,557,169,147,4,877,0,0,58,3,61,557,169,205,7,938,0,0,0,938
08/04/2007,MDW,IL,AGL,CE,Towers with Radar,500,67,89,0,656,0,0,34,0,34,500,67,123,0,690,8,0,8,698
08/05/2007,MDW,IL,AGL,CE,Towers with Radar,578,88,111,3,780,0,0,21,2,23,578,88,132,5,803,0,0,0,803
08/06/2007,MDW,IL,AGL,CE,Towers with Radar,572,135,112,2,821,0,0,21,0,21,572,135,133,2,842,0,0,0,842
08/07/2007,MDW,IL,AGL,CE,Towers with Radar,612,181,157,0,950,0,0,41,8,49,612,181,198,8,999,0,0,0,999
08/08/2007,MDW,IL,AGL,CE,Towers with Radar,564,146,132,0,842,0,1,53,4,58,564,147,185,4,900,0,0,0,900
08/09/2007,MDW,IL,AGL,CE,Towers with Radar,546,165,129,0,840,0,0,52,3,55,546,165,181,3,895,0,0,0,895
08/10/2007,MDW,IL,AGL,CE,Towers with Radar,582,128,117,2,829,0,2,58,3,63,582,130,175,5,892,0,0,0,892
08/11/2007,MDW,IL,AGL,CE,Towers with Radar,501,67,55,0,623,0,0,55,0,55,501,67,110,0,678,0,0,0,678
08/12/2007,MDW,IL,AGL,CE,Towers with Radar,554,90,109,4,757,0,0,60,0,60,554,90,169,4,817,0,0,0,817
08/13/2007,MDW,IL,AGL,CE,Towers with Radar,569,121,133,1,824,0,0,41,2,43,569,121,174,3,867,0,0,0,867
08/14/2007,MDW,IL,AGL,CE,Towers with Radar,567,194,145,1,907,0,0,23,5,28,567,194,168,6,935,0,0,0,935
08/15/2007,MDW,IL,AGL,CE,Towers with Radar,566,151,148,2,867,0,0,35,1,36,566,151,183,3,903,0,0,0,903
08/16/2007,MDW,IL,AGL,CE,Towers with Radar,560,161,152,4,877,0,0,35,0,35,560,161,187,4,912,0,0,0,912
08/17/2007,MDW,IL,AGL,CE,Towers with Radar,572,139,143,1,855,0,0,40,3,43,572,139,183,4,898,0,0,0,898
08/18/2007,MDW,IL,AGL,CE,Towers with Radar,486,69,59,3,617,0,1,17,2,20,486,70,76,5,637,0,0,0,637
08/19/2007,MDW,IL,AGL,CE,Towers with Radar,540,92,117,2,751,0,0,1,0,1,540,92,118,2,752,0,0,0,752
08/20/2007,MDW,IL,AGL,CE,Towers with Radar,587,95,113,0,795,0,0,6,0,6,587,95,119,0,801,0,0,0,801
08/21/2007,MDW,IL,AGL,CE,Towers with Radar,574,154,159,2,889,0,0,20,2,22,574,154,179,4,911,0,0,0,911
08/22/2007,MDW,IL,AGL,CE,Towers with Radar,554,146,121,2,823,0,0,40,5,45,554,146,161,7,868,0,0,0,868
08/23/2007,MDW,IL,AGL,CE,Towers with Radar,452,164,112,0,728,0,0,14,4,18,452,164,126,4,746,0,0,0,746
08/24/2007,MDW,IL,AGL,CE,Towers with Radar,623,148,162,0,933,0,0,30,2,32,623,148,192,2,965,0,0,0,965
08/25/2007,MDW,IL,AGL,CE,Towers with Radar,495,61,70,0,626,0,1,36,0,37,495,62,106,0,663,0,0,0,663
08/26/2007,MDW,IL,AGL,CE,Towers with Radar,558,93,85,2,738,0,0,62,0,62,558,93,147,2,800,0,0,0,800
08/27/2007,MDW,IL,AGL,CE,Towers with Radar,568,113,111,1,793,0,1,39,1,41,568,114,150,2,834,0,0,0,834
08/28/2007,MDW,IL,AGL,CE,Towers with Radar,592,145,137,3,877,0,0,51,0,51,592,145,188,3,928,0,0,0,928
08/29/2007,MDW,IL,AGL,CE,Towers with Radar,577,163,158,5,903,0,0,33,7,40,577,163,191,12,943,0,0,0,943
08/30/2007,MDW,IL,AGL,CE,Towers with Radar,590,168,147,1,906,0,0,50,2,52,590,168,197,3,958,0,0,0,958
08/31/2007,MDW,IL,AGL,CE,Towers with Radar,590,157,123,2,872,0,0,69,0,69,590,157,192,2,941,0,0,0,941
09/01/2007,MDW,IL,AGL,CE,Towers with Radar,450,65,76,0,591,0,0,50,0,50,450,65,126,0,641,0,0,0,641
09/02/2007,MDW,IL,AGL,CE,Towers with Radar,427,61,43,0,531,0,0,50,0,50,427,61,93,0,581,0,0,0,581
09/03/2007,MDW,IL,AGL,CE,Towers with Radar,517,117,82,0,716,0,0,31,0,31,517,117,113,0,747,0,0,0,747
09/04/2007,MDW,IL,AGL,CE,Towers with Radar,578,112,132,2,824,0,0,57,1,58,578,112,189,3,882,0,0,0,882
09/05/2007,MDW,IL,AGL,CE,Towers with Radar,573,154,134,0,861,0,0,49,2,51,573,154,183,2,912,0,0,0,912
09/06/2007,MDW,IL,AGL,CE,Towers with Radar,583,167,175,1,926,0,0,14,3,17,583,167,189,4,943,0,0,0,943
09/07/2007,MDW,IL,AGL,CE,Towers with Radar,575,154,123,1,853,0,0,37,0,37,575,154,160,1,890,0,0,0,890
09/08/2007,MDW,IL,AGL,CE,Towers with Radar,453,61,70,0,584,0,0,46,0,46,453,61,116,0,630,0,0,0,630
09/09/2007,MDW,IL,AGL,CE,Towers with Radar,536,102,128,0,766,0,0,38,2,40,536,102,166,2,806,0,0,0,806
09/10/2007,MDW,IL,AGL,CE,Towers with Radar,567,133,183,0,883,0,0,20,0,20,567,133,203,0,903,0,0,0,903
09/11/2007,MDW,IL,AGL,CE,Towers with Radar,561,167,136,4,868,0,0,38,3,41,561,167,174,7,909,0,0,0,909
09/12/2007,MDW,IL,AGL,CE,Towers with Radar,547,176,219,5,947,0,0,52,3,55,547,176,271,8,1002,0,0,0,1002
09/13/2007,MDW,IL,AGL,CE,Towers with Radar,543,181,167,0,891,0,2,53,2,57,543,183,220,2,948,2,0,2,950
09/14/2007,MDW,IL,AGL,CE,Towers with Radar,570,142,139,6,857,0,2,43,0,45,570,144,182,6,902,0,2,2,904
09/15/2007,MDW,IL,AGL,CE,Towers with Radar,455,83,65,0,603,0,0,40,0,40,455,83,105,0,643,0,0,0,643
09/16/2007,MDW,IL,AGL,CE,Towers with Radar,550,79,174,3,806,0,0,0,0,0,550,79,174,3,806,0,0,0,806
09/17/2007,MDW,IL,AGL,CE,Towers with Radar,570,123,151,0,844,0,0,38,0,38,570,123,189,0,882,0,0,0,882
09/18/2007,MDW,IL,AGL,CE,Towers with Radar,566,182,181,7,936,0,0,43,1,44,566,182,224,8,980,0,0,0,980
09/19/2007,MDW,IL,AGL,CE,Towers with Radar,570,216,185,1,972,0,0,46,2,48,570,216,231,3,1020,0,0,0,1020
09/20/2007,MDW,IL,AGL,CE,Towers with Radar,592,199,211,3,1005,0,0,41,3,44,592,199,252,6,1049,0,0,0,1049
09/21/2007,MDW,IL,AGL,CE,Towers with Radar,559,157,160,2,878,0,0,61,0,61,559,157,221,2,939,0,0,0,939
09/22/2007,MDW,IL,AGL,CE,Towers with Radar,439,62,91,0,592,0,1,54,1,56,439,63,145,1,648,0,0,0,648
09/23/2007,MDW,IL,AGL,CE,Towers with Radar,566,99,142,2,809,0,0,58,0,58,566,99,200,2,867,4,0,4,871
09/24/2007,MDW,IL,AGL,CE,Towers with Radar,575,98,140,0,813,0,0,49,0,49,575,98,189,0,862,0,0,0,862
09/25/2007,MDW,IL,AGL,CE,Towers with Radar,567,164,142,1,874,0,2,22,3,27,567,166,164,4,901,0,0,0,901
09/26/2007,MDW,IL,AGL,CE,Towers with Radar,577,186,184,4,951,0,0,46,2,48,577,186,230,6,999,0,0,0,999
09/27/2007,MDW,IL,AGL,CE,Towers with Radar,567,167,188,0,922,0,0,56,11,67,567,167,244,11,989,0,0,0,989
09/28/2007,MDW,IL,AGL,CE,Towers with Radar,580,136,163,2,881,0,0,55,0,55,580,136,218,2,936,0,0,0,936
09/29/2007,MDW,IL,AGL,CE,Towers with Radar,428,72,91,0,591,0,0,30,1,31,428,72,121,1,622,0,0,0,622
09/30/2007,MDW,IL,AGL,CE,Towers with Radar,548,80,134,0,762,0,0,37,0,37,548,80,171,0,799,0,0,0,799
10/01/2007,MDW,IL,AGL,CE,Towers with Radar,584,112,126,0,822,0,0,21,0,21,584,112,147,0,843,0,0,0,861
10/02/2007,MDW,IL,AGL,CE,Towers with Radar,576,170,163,1,910,0,0,33,2,35,576,171,196,3,946,0,0,0,962
10/03/2007,MDW,IL,AGL,CE,Towers with Radar,574,167,180,2,923,0,0,68,0,68,574,167,248,2,991,0,0,0,1016
10/04/2007,MDW,IL,AGL,CE,Towers with Radar,592,163,140,1,896,0,0,60,2,62,592,163,200,3,958,0,0,0,992
10/05/2007,MDW,IL,AGL,CE,Towers with Radar,583,148,128,4,863,0,0,42,3,45,583,148,170,7,908,0,0,0,919
10/06/2007,MDW,IL,AGL,CE,Towers with Radar,496,72,93,0,661,0,0,54,1,55,496,72,147,1,716,8,0,8,750
10/07/2007,MDW,IL,AGL,CE,Towers with Radar,522,82,109,2,715,0,0,49,0,49,522,82,158,2,764,0,0,0,782
10/08/2007,MDW,IL,AGL,CE,Towers with Radar,583,86,124,5,798,0,0,20,0,20,583,86,144,5,818,0,0,0,843
10/09/2007,MDW,IL,AGL,CE,Towers with Radar,557,133,172,4,866,0,0,37,0,37,557,133,209,4,903,0,0,0,933
10/10/2007,MDW,IL,AGL,CE,Towers with Radar,572,171,176,1,920,0,0,34,7,41,572,171,210,8,961,0,0,0,987
10/11/2007,MDW,IL,AGL,CE,Towers with Radar,556,179,183,2,920,0,0,29,3,32,556,179,212,5,952,2,0,2,968
10/12/2007,MDW,IL,AGL,CE,Towers with Radar,553,174,153,2,882,0,0,65,2,67,553,176,218,4,951,2,0,2,987
10/13/2007,MDW,IL,AGL,CE,Towers with Radar,478,81,80,2,641,0,0,30,1,31,478,81,110,3,672,0,0,0,684
10/14/2007,MDW,IL,AGL,CE,Towers with Radar,479,105,143,2,729,0,0,39,0,39,479,105,182,2,768,0,0,0,777
10/15/2007,MDW,IL,AGL,CE,Towers with Radar,556,131,176,0,863,0,0,56,0,56,556,131,232,0,919,0,0,0,941
10/16/2007,MDW,IL,AGL,CE,Towers with Radar,542,193,184,1,920,0,0,14,5,19,542,193,198,6,939,0,0,0,949
10/17/2007,MDW,IL,AGL,CE,Towers with Radar,552,195,156,0,903,0,0,54,2,56,552,195,210,2,959,0,0,0,978
10/18/2007,MDW,IL,AGL,CE,Towers with Radar,530,151,146,0,827,0,0,20,0,20,530,151,166,0,847,0,0,0,851
10/19/2007,MDW,IL,AGL,CE,Towers with Radar,606,185,163,1,955,0,0,20,6,26,606,185,183,7,981,0,0,0,994
10/20/2007,MDW,IL,AGL,CE,Towers with Radar,489,74,85,0,648,0,0,60,2,62,489,74,145,2,710,0,0,0,738
10/21/2007,MDW,IL,AGL,CE,Towers with Radar,518,123,127,0,768,0,0,37,0,37,518,124,164,0,806,0,0,0,807
10/22/2007,MDW,IL,AGL,CE,Towers with Radar,546,154,202,1,903,0,0,22,1,23,546,155,224,2,927,0,0,0,940
10/23/2007,MDW,IL,AGL,CE,Towers with Radar,568,170,174,1,913,0,0,41,3,44,568,170,215,4,957,0,0,0,986
10/24/2007,MDW,IL,AGL,CE,Towers with Radar,552,178,219,0,949,0,0,43,9,52,552,178,262,9,1001,0,0,0,1016
10/25/2007,MDW,IL,AGL,CE,Towers with Radar,571,185,251,0,1007,0,0,43,3,46,571,185,294,3,1053,0,0,0,1072
10/26/2007,MDW,IL,AGL,CE,Towers with Radar,572,151,176,14,913,0,0,50,1,51,572,151,226,15,964,0,0,0,978
10/27/2007,MDW,IL,AGL,CE,Towers with Radar,490,64,68,1,623,0,0,23,0,23,490,64,91,1,646,0,0,0,653
10/28/2007,MDW,IL,AGL,CE,Towers with Radar,509,94,113,2,718,0,0,42,0,42,509,94,155,2,760,0,0,0,774
10/29/2007,MDW,IL,AGL,CE,Towers with Radar,564,139,126,0,829,0,0,56,1,57,564,139,182,1,886,0,0,0,905
10/30/2007,MDW,IL,AGL,CE,Towers with Radar,584,157,134,4,879,0,0,38,3,41,584,157,172,7,920,0,0,0,939
10/31/2007,MDW,IL,AGL,CE,Towers with Radar,562,143,134,1,840,0,0,24,3,27,562,143,158,4,867,0,0,0,889
11/01/2007,MDW,IL,AGL,CE,Towers with Radar,592,152,172,4,920,0,2,41,1,44,592,154,213,5,964,0,0,0,986
11/02/2007,MDW,IL,AGL,CE,Towers with Radar,576,173,176,2,927,0,1,76,0,77,576,174,252,2,1004,6,0,6,1038
11/03/2007,MDW,IL,AGL,CE,Towers with Radar,470,97,92,0,659,0,0,30,1,31,470,97,122,1,690,0,0,0,698
11/04/2007,MDW,IL,AGL,CE,Towers with Radar,540,92,107,2,741,0,0,39,0,39,540,92,146,2,780,2,0,2,800
11/05/2007,MDW,IL,AGL,CE,Towers with Radar,565,104,131,0,800,0,0,20,0,20,565,104,151,0,820,0,0,0,835
11/06/2007,MDW,IL,AGL,CE,Towers with Radar,549,175,171,0,895,0,0,38,0,38,549,175,209,0,933,10,0,10,966
11/07/2007,MDW,IL,AGL,CE,Towers with Radar,551,190,179,0,920,0,0,43,0,43,551,190,222,0,963,0,0,0,982
11/08/2007,MDW,IL,AGL,CE,Towers with Radar,574,176,157,0,907,0,0,43,1,44,574,176,200,1,951,0,0,0,975
11/09/2007,MDW,IL,AGL,CE,Towers with Radar,583,142,157,1,883,0,0,43,0,43,583,142,200,1,926,0,0,0,948
11/10/2007,MDW,IL,AGL,CE,Towers with Radar,470,59,61,0,590,0,1,39,0,40,470,60,100,0,630,0,0,0,641
11/11/2007,MDW,IL,AGL,CE,Towers with Radar,536,69,121,0,726,0,0,18,4,22,536,69,139,4,748,0,0,0,752
11/12/2007,MDW,IL,AGL,CE,Towers with Radar,571,104,150,0,825,0,0,20,0,20,571,104,170,0,845,0,0,0,861
11/13/2007,MDW,IL,AGL,CE,Towers with Radar,580,161,188,3,932,0,0,41,4,45,580,161,229,7,977,0,0,0,1001
11/14/2007,MDW,IL,AGL,CE,Towers with Radar,547,198,185,0,930,0,0,55,9,64,547,198,240,9,994,0,0,0,1014
11/15/2007,MDW,IL,AGL,CE,Towers with Radar,574,168,169,0,911,0,0,44,5,49,574,168,213,5,960,0,0,0,984
11/16/2007,MDW,IL,AGL,CE,Towers with Radar,557,151,158,0,866,0,0,38,2,40,557,151,196,2,906,0,0,0,931
11/17/2007,MDW,IL,AGL,CE,Towers with Radar,463,67,63,0,593,0,0,20,0,20,463,67,83,0,613,0,0,0,620
11/18/2007,MDW,IL,AGL,CE,Towers with Radar,552,60,84,0,696,0,0,27,1,28,552,60,111,1,724,10,0,10,749
11/19/2007,MDW,IL,AGL,CE,Towers with Radar,548,105,138,2,793,0,0,11,0,11,548,105,149,2,804,0,0,0,812
11/20/2007,MDW,IL,AGL,CE,Towers with Radar,575,169,131,0,875,0,0,0,0,0,575,169,131,0,875,0,0,0,875
11/21/2007,MDW,IL,AGL,CE,Towers with Radar,572,140,125,2,839,0,0,4,0,4,572,140,129,2,843,0,0,0,849
11/22/2007,MDW,IL,AGL,CE,Towers with Radar,393,62,22,0,477,0,0,3,0,3,393,62,25,0,480,0,0,0,482
11/23/2007,MDW,IL,AGL,CE,Towers with Radar,424,52,62,0,538,0,0,33,0,33,424,53,95,0,572,0,0,0,596
11/24/2007,MDW,IL,AGL,CE,Towers with Radar,471,62,70,0,603,0,0,24,1,25,471,62,94,1,628,0,0,0,641
11/25/2007,MDW,IL,AGL,CE,Towers with Radar,557,90,136,0,783,0,0,37,0,37,557,90,173,0,820,0,0,0,827
11/26/2007,MDW,IL,AGL,CE,Towers with Radar,566,113,114,3,796,0,0,10,0,10,566,113,124,3,806,0,0,0,808
11/27/2007,MDW,IL,AGL,CE,Towers with Radar,564,171,125,1,861,0,0,37,2,39,564,171,162,3,900,0,0,0,923
11/28/2007,MDW,IL,AGL,CE,Towers with Radar,560,156,150,0,866,0,0,30,2,32,560,156,180,2,898,0,0,0,917
11/29/2007,MDW,IL,AGL,CE,Towers with Radar,608,139,144,0,891,0,1,33,2,36,608,140,177,2,927,0,0,0,941
11/30/2007,MDW,IL,AGL,CE,Towers with Radar,556,133,139,0,828,0,0,56,0,56,556,133,195,0,884,0,0,0,923
12/01/2007,MDW,IL,AGL,CE,Towers with Radar,406,50,39,2,497,0,0,3,0,3,406,50,42,2,500,0,0,0,501
12/02/2007,MDW,IL,AGL,CE,Towers with Radar,529,71,102,0,702,0,0,4,0,4,529,71,106,0,706,0,0,0,706
12/03/2007,MDW,IL,AGL,CE,Towers with Radar,543,126,137,0,806,0,0,28,0,28,543,126,165,0,834,0,0,0,860
12/04/2007,MDW,IL,AGL,CE,Towers with Radar,553,180,174,1,908,0,0,0,0,0,553,180,174,1,908,0,0,0,919
12/05/2007,MDW,IL,AGL,CE,Towers with Radar,531,152,1,0,684,0,10,151,1,162,531,162,152,1,846,0,0,0,853
12/06/2007,MDW,IL,AGL,CE,Towers with Radar,563,183,213,0,959,0,2,24,9,35,563,185,237,9,994,0,0,0,1006
12/07/2007,MDW,IL,AGL,CE,Towers with Radar,554,144,190,0,888,0,0,7,0,7,554,144,197,0,895,0,0,0,905
12/08/2007,MDW,IL,AGL,CE,Towers with Radar,453,74,60,1,588,0,0,15,4,19,453,74,75,5,607,0,0,0,612
12/09/2007,MDW,IL,AGL,CE,Towers with Radar,523,72,94,0,689,0,0,0,0,0,523,72,94,0,689,0,0,0,689
12/10/2007,MDW,IL,AGL,CE,Towers with Radar,566,96,140,0,802,0,0,3,0,3,566,96,143,0,805,0,0,0,805
12/11/2007,MDW,IL,AGL,CE,Towers with Radar,492,119,103,0,714,0,0,0,0,0,492,119,103,0,714,0,0,0,714
12/12/2007,MDW,IL,AGL,CE,Towers with Radar,552,139,182,2,875,0,0,37,5,42,552,139,219,7,917,0,0,0,950
12/13/2007,MDW,IL,AGL,CE,Towers with Radar,549,146,161,0,856,0,0,11,2,13,549,146,172,2,869,0,0,0,876
12/14/2007,MDW,IL,AGL,CE,Towers with Radar,557,155,124,2,838,0,0,46,0,46,557,155,170,2,884,0,0,0,898
12/15/2007,MDW,IL,AGL,CE,Towers with Radar,445,62,49,0,556,0,0,0,5,5,445,62,49,5,561,0,0,0,561
12/16/2007,MDW,IL,AGL,CE,Towers with Radar,499,57,66,1,623,0,0,7,1,8,499,57,73,2,631,0,0,0,631
12/17/2007,MDW,IL,AGL,CE,Towers with Radar,573,84,141,0,798,0,0,0,0,0,573,84,141,0,798,0,0,0,802
12/18/2007,MDW,IL,AGL,CE,Towers with Radar,555,167,164,2,888,0,0,46,8,54,555,167,210,10,942,2,0,2,975
12/19/2007,MDW,IL,AGL,CE,Towers with Radar,586,139,139,10,874,0,0,15,0,15,586,139,154,10,889,0,0,0,899
12/20/2007,MDW,IL,AGL,CE,Towers with Radar,551,138,128,1,818,0,0,26,0,26,551,139,154,1,845,0,0,0,860
12/21/2007,MDW,IL,AGL,CE,Towers with Radar,536,140,106,0,782,0,0,1,0,1,536,140,107,0,783,0,0,0,783
12/22/2007,MDW,IL,AGL,CE,Towers with Radar,470,73,63,0,606,0,0,0,0,0,470,73,63,0,606,0,0,0,606
12/23/2007,MDW,IL,AGL,CE,Towers with Radar,508,84,57,0,649,0,0,2,0,2,508,84,59,0,651,0,0,0,651
12/24/2007,MDW,IL,AGL,CE,Towers with Radar,418,59,25,0,502,0,0,22,0,22,418,59,47,0,524,0,0,0,542
12/25/2007,MDW,IL,AGL,CE,Towers with Radar,397,67,13,0,477,0,0,14,0,14,397,67,27,0,491,0,0,0,495
12/26/2007,MDW,IL,AGL,CE,Towers with Radar,569,97,76,0,742,0,0,41,0,41,569,97,117,0,783,0,0,0,807
12/27/2007,MDW,IL,AGL,CE,Towers with Radar,549,140,90,0,779,0,0,17,0,17,549,140,107,0,796,0,0,0,808
12/28/2007,MDW,IL,AGL,CE,Towers with Radar,517,109,53,0,679,0,0,9,0,9,517,109,62,0,688,0,0,0,688
12/29/2007,MDW,IL,AGL,CE,Towers with Radar,469,73,48,0,590,0,0,4,0,4,469,73,52,0,594,0,0,0,598
12/30/2007,MDW,IL,AGL,CE,Towers with Radar,463,68,53,0,584,0,0,16,0,16,463,68,69,0,600,0,0,0,610
12/31/2007,MDW,IL,AGL,CE,Towers with Radar,416,40,29,0,485,0,0,1,0,1,416,40,30,0,486,0,0,0,486
01/01/2008,MDW,IL,AGL,CE,Towers with Radar,453,72,35,0,560,0,0,2,0,2,453,72,37,0,562,0,0,0,563
01/02/2008,MDW,IL,AGL,CE,Towers with Radar,546,96,70,0,712,0,0,20,0,20,546,96,90,0,732,0,0,0,753
01/03/2008,MDW,IL,AGL,CE,Towers with Radar,539,123,71,0,733,0,0,24,3,27,539,123,95,3,760,0,0,0,784
01/04/2008,MDW,IL,AGL,CE,Towers with Radar,535,128,82,2,747,0,0,43,3,46,535,128,125,5,793,0,0,0,809
01/05/2008,MDW,IL,AGL,CE,Towers with Radar,469,59,46,0,574,0,7,8,0,15,469,66,54,0,589,0,0,0,590
01/06/2008,MDW,IL,AGL,CE,Towers with Radar,550,49,75,0,674,0,0,3,0,3,550,49,78,0,677,0,0,0,677
01/07/2008,MDW,IL,AGL,CE,Towers with Radar,557,56,54,1,668,0,3,9,0,12,560,63,63,1,687,0,0,0,691
01/08/2008,MDW,IL,AGL,CE,Towers with Radar,561,103,124,1,789,0,2,10,0,12,561,106,134,1,802,0,0,0,803
01/09/2008,MDW,IL,AGL,CE,Towers with Radar,556,101,125,0,782,0,6,42,9,57,556,112,167,9,844,0,0,0,855
01/10/2008,MDW,IL,AGL,CE,Towers with Radar,546,130,97,2,775,0,7,30,12,49,546,140,127,14,827,0,0,0,827
01/11/2008,MDW,IL,AGL,CE,Towers with Radar,547,95,111,3,756,0,1,28,7,36,548,97,139,10,794,0,0,0,797
01/12/2008,MDW,IL,AGL,CE,Towers with Radar,446,49,44,1,540,0,1,38,0,39,446,53,82,1,582,0,0,0,585
01/13/2008,MDW,IL,AGL,CE,Towers with Radar,508,39,59,3,609,0,0,4,0,4,508,40,63,3,614,0,0,0,615
01/14/2008,MDW,IL,AGL,CE,Towers with Radar,558,67,94,2,721,0,0,35,3,38,558,67,129,5,759,0,0,0,763
01/15/2008,MDW,IL,AGL,CE,Towers with Radar,561,107,111,12,791,0,7,31,9,47,561,118,142,21,842,0,0,0,848
01/16/2008,MDW,IL,AGL,CE,Towers with Radar,550,116,94,6,766,0,8,51,8,67,550,126,145,14,835,0,0,0,844
01/17/2008,MDW,IL,AGL,CE,Towers with Radar,558,111,124,0,793,0,6,13,1,20,560,118,137,1,816,0,0,0,818
01/18/2008,MDW,IL,AGL,CE,Towers with Radar,569,102,120,2,793,0,2,30,1,33,569,105,150,3,827,0,0,0,831
01/19/2008,MDW,IL,AGL,CE,Towers with Radar,441,40,26,2,509,0,2,7,0,9,441,42,33,2,518,0,0,0,519
01/20/2008,MDW,IL,AGL,CE,Towers with Radar,506,44,64,0,614,0,0,13,0,13,506,44,77,0,627,0,0,0,629
01/21/2008,MDW,IL,AGL,CE,Towers with Radar,559,72,103,0,734,0,0,9,3,12,560,73,112,3,748,0,0,0,752
01/22/2008,MDW,IL,AGL,CE,Towers with Radar,557,67,86,0,710,0,0,18,0,18,557,69,104,0,730,0,0,0,733
01/23/2008,MDW,IL,AGL,CE,Towers with Radar,564,116,111,0,791,0,6,24,0,30,564,122,135,0,821,0,0,0,824
01/24/2008,MDW,IL,AGL,CE,Towers with Radar,557,115,104,0,776,0,4,28,1,33,557,121,132,1,811,0,0,0,825
01/25/2008,MDW,IL,AGL,CE,Towers with Radar,562,99,96,0,757,0,4,29,1,34,562,106,125,1,794,0,0,0,800
01/26/2008,MDW,IL,AGL,CE,Towers with Radar,444,33,33,0,510,0,0,8,0,8,444,34,41,0,519,0,0,0,519
01/27/2008,MDW,IL,AGL,CE,Towers with Radar,515,49,62,0,626,0,0,40,0,40,515,49,102,0,666,0,0,0,670
01/28/2008,MDW,IL,AGL,CE,Towers with Radar,571,67,87,0,725,0,2,25,0,27,572,70,112,0,754,0,0,0,758
01/29/2008,MDW,IL,AGL,CE,Towers with Radar,514,108,100,0,722,0,1,7,1,9,515,109,107,1,732,0,0,0,735
01/30/2008,MDW,IL,AGL,CE,Towers with Radar,559,107,100,2,768,0,0,23,11,34,559,110,123,13,805,0,0,0,812
01/31/2008,MDW,IL,AGL,CE,Towers with Radar,485,84,90,1,660,0,1,6,0,7,488,85,96,1,670,0,0,0,673
02/01/2008,MDW,IL,AGL,CE,Towers with Radar,538,80,88,0,706,0,1,16,0,17,540,81,104,0,725,0,0,0,726
02/02/2008,MDW,IL,AGL,CE,Towers with Radar,449,44,36,0,529,0,2,1,0,3,452,47,37,0,536,0,0,0,538
02/03/2008,MDW,IL,AGL,CE,Towers with Radar,465,46,44,0,555,0,0,0,0,0,467,46,44,0,557,0,0,0,557
02/04/2008,MDW,IL,AGL,CE,Towers with Radar,97,14,21,0,132,0,0,0,0,0,98,14,21,0,133,0,0,0,133
02/05/2008,MDW,IL,AGL,CE,Towers with Radar,524,140,122,2,788,0,0,1,2,3,524,141,123,4,792,0,0,0,792
02/06/2008,MDW,IL,AGL,CE,Towers with Radar,243,79,73,0,395,0,0,0,0,0,244,79,73,0,396,0,0,0,396
02/07/2008,MDW,IL,AGL,CE,Towers with Radar,558,122,168,2,850,0,5,16,11,32,558,127,184,13,882,0,0,0,888
02/08/2008,MDW,IL,AGL,CE,Towers with Radar,571,89,135,4,799,0,2,23,9,34,572,91,158,13,834,0,0,0,835
02/09/2008,MDW,IL,AGL,CE,Towers with Radar,445,52,34,1,532,0,0,14,8,22,445,52,48,9,554,0,0,0,556
02/10/2008,MDW,IL,AGL,CE,Towers with Radar,509,49,48,1,607,0,0,11,0,11,509,50,59,1,619,0,0,0,619
02/11/2008,MDW,IL,AGL,CE,Towers with Radar,557,81,107,0,745,0,2,28,4,34,557,83,135,4,779,0,0,0,787
02/12/2008,MDW,IL,AGL,CE,Towers with Radar,514,93,102,1,710,0,2,2,2,6,514,96,104,3,717,0,0,0,718
02/13/2008,MDW,IL,AGL,CE,Towers with Radar,561,130,145,9,845,0,1,48,6,55,561,134,193,15,903,0,0,0,912
02/14/2008,MDW,IL,AGL,CE,Towers with Radar,579,129,124,5,837,0,2,24,5,31,579,131,148,10,868,0,0,0,873
02/15/2008,MDW,IL,AGL,CE,Towers with Radar,571,100,118,2,791,0,4,44,1,49,571,105,162,3,841,0,0,0,859
02/16/2008,MDW,IL,AGL,CE,Towers with Radar,458,42,59,0,559,0,2,25,0,27,458,44,84,0,586,0,0,0,590
02/17/2008,MDW,IL,AGL,CE,Towers with Radar,507,40,51,0,598,0,0,4,0,4,507,40,55,0,602,0,0,0,602
02/18/2008,MDW,IL,AGL,CE,Towers with Radar,574,72,96,0,742,0,0,8,0,8,574,72,104,0,750,0,0,0,753
02/19/2008,MDW,IL,AGL,CE,Towers with Radar,578,94,94,2,768,0,2,33,9,44,578,100,127,11,816,0,0,0,824
02/20/2008,MDW,IL,AGL,CE,Towers with Radar,576,123,119,1,819,0,2,21,8,31,576,128,140,9,853,0,0,0,872
02/21/2008,MDW,IL,AGL,CE,Towers with Radar,560,110,117,1,788,0,6,22,4,32,560,118,139,5,822,0,0,0,828
02/22/2008,MDW,IL,AGL,CE,Towers with Radar,555,115,109,0,779,0,7,33,4,44,555,123,142,4,824,0,0,0,829
02/23/2008,MDW,IL,AGL,CE,Towers with Radar,457,57,53,0,567,0,0,42,0,42,457,57,95,0,609,0,0,0,611
02/24/2008,MDW,IL,AGL,CE,Towers with Radar,518,50,71,0,639,0,0,29,0,29,518,52,100,0,670,0,0,0,672
02/25/2008,MDW,IL,AGL,CE,Towers with Radar,556,75,103,0,734,0,0,1,0,1,558,76,104,0,738,0,0,0,738
02/26/2008,MDW,IL,AGL,CE,Towers with Radar,552,115,103,1,771,0,1,18,0,19,552,118,121,1,792,0,0,0,793
02/27/2008,MDW,IL,AGL,CE,Towers with Radar,574,111,105,2,792,0,14,36,1,51,574,129,141,3,847,0,0,0,852
02/28/2008,MDW,IL,AGL,CE,Towers with Radar,574,121,117,0,812,0,7,40,7,54,574,133,157,7,871,0,0,0,876
02/29/2008,MDW,IL,AGL,CE,Towers with Radar,580,102,110,2,794,0,4,24,2,30,580,109,134,4,827,0,0,0,830
03/01/2008,MDW,IL,AGL,CE,Towers with Radar,452,40,41,2,535,0,1,40,0,41,453,42,81,2,578,0,0,0,583
03/02/2008,MDW,IL,AGL,CE,Towers with Radar,533,55,69,0,657,0,0,6,0,6,533,55,75,0,663,0,0,0,664
03/03/2008,MDW,IL,AGL,CE,Towers with Radar,574,79,95,2,750,0,0,5,1,6,574,80,100,3,757,0,0,0,760
03/04/2008,MDW,IL,AGL,CE,Towers with Radar,564,110,102,4,780,0,6,25,5,36,564,116,127,9,816,0,0,0,821
03/05/2008,MDW,IL,AGL,CE,Towers with Radar,576,135,102,0,813,0,7,45,9,61,576,143,147,9,875,0,0,0,882
03/06/2008,MDW,IL,AGL,CE,Towers with Radar,574,111,148,0,833,0,4,35,1,40,574,120,183,1,878,0,0,0,894
03/07/2008,MDW,IL,AGL,CE,Towers with Radar,561,93,93,3,750,0,2,30,2,34,561,97,123,5,786,0,0,0,796
03/08/2008,MDW,IL,AGL,CE,Towers with Radar,444,31,39,0,514,0,2,13,0,15,444,33,52,0,529,0,0,0,531
03/09/2008,MDW,IL,AGL,CE,Towers with Radar,521,59,65,3,648,0,1,30,1,32,521,61,95,4,681,0,0,0,682
03/10/2008,MDW,IL,AGL,CE,Towers with Radar,573,92,97,2,764,0,2,18,1,21,573,95,115,3,786,0,0,0,790
03/11/2008,MDW,IL,AGL,CE,Towers with Radar,570,122,115,0,807,0,8,33,11,52,570,133,148,11,862,0,0,0,865
03/12/2008,MDW,IL,AGL,CE,Towers with Radar,539,123,90,11,763,0,5,37,8,50,539,132,127,19,817,0,0,0,827
03/13/2008,MDW,IL,AGL,CE,Towers with Radar,578,117,89,5,789,0,13,34,13,60,578,132,123,18,851,0,0,0,860
03/14/2008,MDW,IL,AGL,CE,Towers with Radar,587,97,104,1,789,0,4,37,2,43,587,103,141,3,834,0,0,0,850
03/15/2008,MDW,IL,AGL,CE,Towers with Radar,464,40,57,1,562,0,2,16,2,20,464,43,73,3,583,0,0,0,584
03/16/2008,MDW,IL,AGL,CE,Towers with Radar,529,57,63,1,650,0,0,31,2,33,529,57,94,3,683,0,0,0,688
03/17/2008,MDW,IL,AGL,CE,Towers with Radar,585,87,101,0,773,0,2,22,1,25,585,92,123,1,801,0,0,0,805
03/18/2008,MDW,IL,AGL,CE,Towers with Radar,568,139,156,0,863,0,0,0,0,0,570,139,156,0,865,0,0,0,865
03/19/2008,MDW,IL,AGL,CE,Towers with Radar,579,129,123,0,831,0,3,47,3,53,580,136,170,3,889,0,0,0,901
03/20/2008,MDW,IL,AGL,CE,Towers with Radar,584,143,143,0,870,0,3,37,8,48,584,149,180,8,921,0,0,0,937
03/21/2008,MDW,IL,AGL,CE,Towers with Radar,569,81,81,4,735,0,0,3,0,3,569,82,84,4,739,0,0,0,739
03/22/2008,MDW,IL,AGL,CE,Towers with Radar,468,44,52,0,564,0,1,16,0,17,469,45,68,0,582,0,0,0,589
03/23/2008,MDW,IL,AGL,CE,Towers with Radar,527,45,44,0,616,0,0,6,0,6,527,45,50,0,622,0,0,0,624
03/24/2008,MDW,IL,AGL,CE,Towers with Radar,581,71,93,0,745,0,4,48,0,52,581,79,141,0,801,0,0,0,812
03/25/2008,MDW,IL,AGL,CE,Towers with Radar,541,93,97,0,731,0,3,18,8,29,541,100,115,8,764,0,0,0,768
03/26/2008,MDW,IL,AGL,CE,Towers with Radar,564,113,86,0,763,0,0,44,0,44,564,116,130,0,810,0,0,0,818
03/27/2008,MDW,IL,AGL,CE,Towers with Radar,575,125,134,0,834,0,0,4,1,5,575,126,138,1,840,0,0,0,841
03/28/2008,MDW,IL,AGL,CE,Towers with Radar,586,90,124,1,801,0,1,42,8,51,586,94,166,9,855,0,0,0,862
03/29/2008,MDW,IL,AGL,CE,Towers with Radar,465,67,58,0,590,0,1,31,5,37,465,68,89,5,627,0,0,0,636
03/30/2008,MDW,IL,AGL,CE,Towers with Radar,533,91,117,0,741,0,0,0,0,0,535,91,117,0,743,0,0,0,743
03/31/2008,MDW,IL,AGL,CE,Towers with Radar,588,87,76,0,751,0,0,4,0,4,589,87,80,0,756,0,0,0,756
04/01/2008,MDW,IL,AGL,CE,Towers with Radar,572,118,110,0,800,0,4,21,3,28,572,126,131,3,832,0,0,0,841
04/02/2008,MDW,IL,AGL,CE,Towers with Radar,568,106,105,0,779,0,3,50,0,53,568,112,155,0,835,0,0,0,849
04/03/2008,MDW,IL,AGL,CE,Towers with Radar,560,114,128,4,806,0,4,33,7,44,560,119,161,11,851,0,0,0,863
04/04/2008,MDW,IL,AGL,CE,Towers with Radar,543,109,98,5,755,0,4,40,6,50,545,116,138,11,810,0,0,0,816
04/05/2008,MDW,IL,AGL,CE,Towers with Radar,465,44,42,0,551,0,0,58,0,58,465,45,100,0,610,0,0,0,621
04/06/2008,MDW,IL,AGL,CE,Towers with Radar,436,58,67,4,565,0,0,32,0,32,437,58,99,4,598,0,0,0,598
04/07/2008,MDW,IL,AGL,CE,Towers with Radar,567,86,141,1,795,0,4,31,2,37,567,91,172,3,833,0,0,0,841
04/08/2008,MDW,IL,AGL,CE,Towers with Radar,555,119,126,1,801,0,4,16,0,20,556,125,142,1,824,0,0,0,830
04/09/2008,MDW,IL,AGL,CE,Towers with Radar,571,134,156,2,863,0,2,33,4,39,571,142,189,6,908,0,0,0,916
04/10/2008,MDW,IL,AGL,CE,Towers with Radar,570,116,170,0,856,0,1,10,1,12,571,117,180,1,869,0,0,0,870
04/11/2008,MDW,IL,AGL,CE,Towers with Radar,571,128,140,1,840,0,1,15,5,21,572,130,155,6,863,0,0,0,868
04/12/2008,MDW,IL,AGL,CE,Towers with Radar,457,55,80,0,592,0,1,1,0,2,457,56,81,0,594,0,0,0,594
04/13/2008,MDW,IL,AGL,CE,Towers with Radar,521,54,109,1,685,0,1,19,0,20,521,55,128,1,705,0,0,0,705
04/14/2008,MDW,IL,AGL,CE,Towers with Radar,570,80,98,2,750,0,2,41,1,44,570,83,139,3,795,0,0,0,800
04/15/2008,MDW,IL,AGL,CE,Towers with Radar,565,116,139,0,820,0,10,40,3,53,565,132,179,3,879,0,0,0,889
04/16/2008,MDW,IL,AGL,CE,Towers with Radar,578,131,139,0,848,0,3,27,1,31,578,137,166,1,882,0,0,0,885
04/17/2008,MDW,IL,AGL,CE,Towers with Radar,569,109,112,0,790,0,2,36,3,41,569,116,148,3,836,0,0,0,841
04/18/2008,MDW,IL,AGL,CE,Towers with Radar,577,105,98,0,780,0,1,25,1,27,577,106,123,1,807,0,0,0,814
04/19/2008,MDW,IL,AGL,CE,Towers with Radar,459,47,43,0,549,0,0,12,0,12,462,47,55,0,564,0,0,0,564
04/20/2008,MDW,IL,AGL,CE,Towers with Radar,522,43,75,0,640,0,0,44,0,44,522,43,119,0,684,0,0,0,687
04/21/2008,MDW,IL,AGL,CE,Towers with Radar,571,81,105,2,759,0,2,43,1,46,571,87,148,3,809,0,0,0,816
04/22/2008,MDW,IL,AGL,CE,Towers with Radar,571,111,150,5,837,0,5,40,3,48,571,118,190,8,887,0,0,0,895
04/23/2008,MDW,IL,AGL,CE,Towers with Radar,567,135,150,1,853,0,2,70,4,76,567,140,220,5,932,0,0,0,945
04/24/2008,MDW,IL,AGL,CE,Towers with Radar,566,127,149,0,842,0,1,24,0,25,566,129,173,0,868,0,0,0,871
04/25/2008,MDW,IL,AGL,CE,Towers with Radar,546,86,140,3,775,0,1,27,5,33,547,91,167,8,813,0,0,0,813
04/26/2008,MDW,IL,AGL,CE,Towers with Radar,485,48,70,2,605,0,0,15,0,15,485,48,85,2,620,0,0,0,629
04/27/2008,MDW,IL,AGL,CE,Towers with Radar,520,62,109,0,691,0,2,48,0,50,520,64,157,0,741,0,0,0,750
04/28/2008,MDW,IL,AGL,CE,Towers with Radar,578,78,129,3,788,0,1,11,2,14,580,80,140,5,805,0,0,0,807
04/29/2008,MDW,IL,AGL,CE,Towers with Radar,562,112,146,1,821,0,6,47,2,55,562,121,193,3,879,0,0,0,886
04/30/2008,MDW,IL,AGL,CE,Towers with Radar,572,122,123,0,817,0,7,59,2,68,572,134,182,2,890,0,0,0,897
05/01/2008,MDW,IL,AGL,CE,Towers with Radar,566,138,144,2,850,0,3,29,8,40,566,144,173,10,893,0,0,0,907
05/02/2008,MDW,IL,AGL,CE,Towers with Radar,568,93,112,0,773,0,2,12,3,17,571,96,124,3,794,0,0,0,797
05/03/2008,MDW,IL,AGL,CE,Towers with Radar,467,50,58,0,575,0,0,12,0,12,467,50,70,0,587,0,0,0,590
05/04/2008,MDW,IL,AGL,CE,Towers with Radar,524,66,100,0,690,0,2,45,0,47,524,68,145,0,737,0,0,0,744
05/05/2008,MDW,IL,AGL,CE,Towers with Radar,564,86,121,0,771,0,2,43,4,49,564,95,164,4,827,0,0,0,831
05/06/2008,MDW,IL,AGL,CE,Towers with Radar,557,116,136,0,809,0,3,39,1,43,557,124,175,1,857,0,0,0,866
05/07/2008,MDW,IL,AGL,CE,Towers with Radar,560,125,172,0,857,0,1,20,0,21,560,129,192,0,881,0,0,0,885
05/08/2008,MDW,IL,AGL,CE,Towers with Radar,565,142,156,0,863,0,3,40,4,47,565,148,196,4,913,0,0,0,921
05/09/2008,MDW,IL,AGL,CE,Towers with Radar,554,98,114,2,768,0,2,58,0,60,556,101,172,2,831,0,0,0,845
05/10/2008,MDW,IL,AGL,CE,Towers with Radar,467,47,63,0,577,0,2,41,1,44,467,49,104,1,621,0,0,0,623
05/11/2008,MDW,IL,AGL,CE,Towers with Radar,519,52,49,0,620,0,0,2,0,2,519,52,51,0,622,0,0,0,622
05/12/2008,MDW,IL,AGL,CE,Towers with Radar,544,91,119,0,754,0,2,39,1,42,544,94,158,1,797,0,0,0,802
05/13/2008,MDW,IL,AGL,CE,Towers with Radar,553,129,144,6,832,0,5,24,1,30,553,134,168,7,862,0,0,0,872
05/14/2008,MDW,IL,AGL,CE,Towers with Radar,551,151,160,2,864,0,0,23,1,24,551,151,183,3,888,0,0,0,896
05/15/2008,MDW,IL,AGL,CE,Towers with Radar,548,146,178,2,874,0,3,47,2,52,548,151,225,4,928,0,0,0,937
05/16/2008,MDW,IL,AGL,CE,Towers with Radar,550,100,152,2,804,0,4,72,1,77,550,107,224,3,884,0,0,0,889
05/17/2008,MDW,IL,AGL,CE,Towers with Radar,472,55,69,0,596,0,0,18,2,20,472,55,87,2,616,0,0,0,618
05/18/2008,MDW,IL,AGL,CE,Towers with Radar,509,85,114,2,710,0,1,15,0,16,509,87,129,2,727,0,0,0,729
05/19/2008,MDW,IL,AGL,CE,Towers with Radar,546,101,175,2,824,1,25,38,4,68,547,127,213,6,893,0,0,0,905
05/20/2008,MDW,IL,AGL,CE,Towers with Radar,552,126,154,3,835,0,5,37,0,42,552,135,191,3,881,0,0,0,885
05/21/2008,MDW,IL,AGL,CE,Towers with Radar,551,113,123,2,789,0,5,66,5,76,551,122,189,7,869,0,0,0,876
05/22/2008,MDW,IL,AGL,CE,Towers with Radar,558,125,147,1,831,0,5,54,1,60,558,132,201,2,893,0,0,0,904
05/23/2008,MDW,IL,AGL,CE,Towers with Radar,555,99,103,4,761,0,2,47,5,54,555,105,150,9,819,0,0,0,831
05/24/2008,MDW,IL,AGL,CE,Towers with Radar,454,32,35,0,521,0,2,47,2,51,454,34,82,2,572,0,0,0,584
05/25/2008,MDW,IL,AGL,CE,Towers with Radar,402,40,30,2,474,0,1,30,0,31,402,42,60,2,506,0,0,0,511
05/26/2008,MDW,IL,AGL,CE,Towers with Radar,481,67,64,1,613,0,0,18,1,19,481,69,82,2,634,0,0,0,634
05/27/2008,MDW,IL,AGL,CE,Towers with Radar,546,87,127,0,760,0,3,27,7,37,546,90,154,7,797,0,0,0,799
05/28/2008,MDW,IL,AGL,CE,Towers with Radar,555,124,144,3,826,0,5,62,9,76,555,129,206,12,902,0,0,0,931
05/29/2008,MDW,IL,AGL,CE,Towers with Radar,550,121,156,1,828,0,6,78,0,84,551,128,234,1,914,0,0,0,919
05/30/2008,MDW,IL,AGL,CE,Towers with Radar,554,99,110,0,763,0,4,16,1,21,554,105,126,1,786,0,0,0,795
05/31/2008,MDW,IL,AGL,CE,Towers with Radar,477,46,38,0,561,0,2,30,0,32,477,48,68,0,593,0,0,0,598
06/01/2008,MDW,IL,AGL,CE,Towers with Radar,516,41,83,0,640,0,0,39,0,39,516,41,122,0,679,0,0,0,683
06/02/2008,MDW,IL,AGL,CE,Towers with Radar,556,67,98,0,721,0,6,44,1,51,556,74,142,1,773,0,0,0,776
06/03/2008,MDW,IL,AGL,CE,Towers with Radar,553,114,96,0,763,0,3,25,1,29,553,117,121,1,792,0,0,0,796
06/04/2008,MDW,IL,AGL,CE,Towers with Radar,525,105,135,0,765,0,0,21,3,24,525,105,156,3,789,0,0,0,792
06/05/2008,MDW,IL,AGL,CE,Towers with Radar,557,99,142,6,804,0,1,26,2,29,558,103,168,8,837,0,0,0,844
06/06/2008,MDW,IL,AGL,CE,Towers with Radar,554,97,115,0,766,0,1,29,0,30,555,98,144,0,797,0,0,0,806
06/07/2008,MDW,IL,AGL,CE,Towers with Radar,477,27,50,0,554,0,0,30,0,30,477,27,80,0,584,0,0,0,587
06/08/2008,MDW,IL,AGL,CE,Towers with Radar,500,51,74,0,625,0,1,15,0,16,503,52,89,0,644,0,0,0,644
06/09/2008,MDW,IL,AGL,CE,Towers with Radar,558,94,157,0,809,0,0,18,1,19,559,95,175,1,830,0,0,0,836
06/10/2008,MDW,IL,AGL,CE,Towers with Radar,539,107,154,0,800,0,4,52,2,58,539,112,206,2,859,0,0,0,867
06/11/2008,MDW,IL,AGL,CE,Towers with Radar,549,126,172,0,847,0,7,60,4,71,549,134,232,4,919,0,0,0,926
06/12/2008,MDW,IL,AGL,CE,Towers with Radar,545,111,140,0,796,0,4,37,5,46,545,116,177,5,843,0,0,0,849
06/13/2008,MDW,IL,AGL,CE,Towers with Radar,534,90,96,0,720,0,1,24,2,27,534,92,120,2,748,0,0,0,755
06/14/2008,MDW,IL,AGL,CE,Towers with Radar,466,54,65,0,585,0,4,66,0,70,466,58,131,0,655,0,0,0,660
06/15/2008,MDW,IL,AGL,CE,Towers with Radar,509,50,88,0,647,0,0,19,0,19,509,50,107,0,666,0,0,0,666
06/16/2008,MDW,IL,AGL,CE,Towers with Radar,532,78,121,0,731,0,9,53,0,62,532,88,174,0,794,0,0,0,800
06/17/2008,MDW,IL,AGL,CE,Towers with Radar,490,94,129,0,713,65,22,74,0,161,556,118,203,0,877,0,0,0,887
06/18/2008,MDW,IL,AGL,CE,Towers with Radar,505,92,165,0,762,41,25,85,4,155,547,119,250,4,920,0,0,0,930
06/19/2008,MDW,IL,AGL,CE,Towers with Radar,523,104,165,2,794,30,23,73,1,127,553,130,238,3,924,0,0,0,934
06/20/2008,MDW,IL,AGL,CE,Towers with Radar,511,77,116,4,708,37,15,63,5,120,548,94,179,9,830,0,0,0,835
06/21/2008,MDW,IL,AGL,CE,Towers with Radar,423,28,48,0,499,56,8,28,0,92,479,36,76,0,591,0,0,0,601
06/22/2008,MDW,IL,AGL,CE,Towers with Radar,452,38,69,3,562,49,7,46,0,102,501,45,115,3,664,0,0,0,666
06/23/2008,MDW,IL,AGL,CE,Towers with Radar,517,78,111,1,707,37,20,64,2,123,554,101,175,3,833,0,0,0,837
06/24/2008,MDW,IL,AGL,CE,Towers with Radar,491,107,121,0,719,53,21,75,0,149,544,131,196,0,871,0,0,0,877
06/25/2008,MDW,IL,AGL,CE,Towers with Radar,474,110,120,5,709,75,34,52,1,162,549,152,172,6,879,0,0,0,881
06/26/2008,MDW,IL,AGL,CE,Towers with Radar,509,109,89,1,708,50,24,67,0,141,559,136,156,1,852,0,0,0,859
06/27/2008,MDW,IL,AGL,CE,Towers with Radar,513,93,94,3,703,37,12,34,2,85,550,105,128,5,788,0,0,0,793
06/28/2008,MDW,IL,AGL,CE,Towers with Radar,405,26,34,0,465,66,8,23,0,97,471,35,57,0,563,0,0,0,567
06/29/2008,MDW,IL,AGL,CE,Towers with Radar,445,47,69,1,562,59,8,38,1,106,504,57,107,2,670,0,0,0,671
06/30/2008,MDW,IL,AGL,CE,Towers with Radar,484,50,85,2,621,63,19,64,0,146,548,77,149,2,776,0,0,0,786
07/01/2008,MDW,IL,AGL,CE,Towers with Radar,547,86,91,0,724,0,4,74,1,79,547,90,165,1,803,0,0,0,803
07/02/2008,MDW,IL,AGL,CE,Towers with Radar,540,84,79,0,703,0,2,29,0,31,540,86,108,0,734,0,0,0,734
07/03/2008,MDW,IL,AGL,CE,Towers with Radar,553,98,82,6,739,0,3,42,14,59,553,101,124,20,798,0,0,0,798
07/04/2008,MDW,IL,AGL,CE,Towers with Radar,395,22,21,0,438,0,3,29,0,32,395,25,50,0,470,0,0,0,470
07/05/2008,MDW,IL,AGL,CE,Towers with Radar,453,24,28,0,505,0,1,39,1,41,453,25,67,1,546,0,0,0,546
07/06/2008,MDW,IL,AGL,CE,Towers with Radar,497,61,71,4,633,0,1,41,0,42,497,62,112,4,675,0,0,0,675
07/07/2008,MDW,IL,AGL,CE,Towers with Radar,556,70,97,0,723,0,1,19,4,24,556,71,116,4,747,0,0,0,747
07/08/2008,MDW,IL,AGL,CE,Towers with Radar,533,110,105,0,748,0,3,37,8,48,533,113,142,8,796,0,0,0,796
07/09/2008,MDW,IL,AGL,CE,Towers with Radar,549,105,136,1,791,0,7,66,2,75,549,112,202,3,866,0,0,0,866
07/10/2008,MDW,IL,AGL,CE,Towers with Radar,533,114,117,0,764,0,2,19,0,21,533,116,136,0,785,0,0,0,785
07/11/2008,MDW,IL,AGL,CE,Towers with Radar,430,106,155,3,694,0,4,30,3,37,430,110,185,6,731,0,0,0,731
07/12/2008,MDW,IL,AGL,CE,Towers with Radar,436,44,44,1,525,0,1,34,0,35,436,45,78,1,560,0,0,0,560
07/13/2008,MDW,IL,AGL,CE,Towers with Radar,485,67,111,2,665,0,0,37,1,38,485,67,148,3,703,0,0,0,703
07/14/2008,MDW,IL,AGL,CE,Towers with Radar,568,70,103,2,743,0,3,41,1,45,568,73,144,3,788,0,0,0,788
07/15/2008,MDW,IL,AGL,CE,Towers with Radar,544,98,101,1,744,0,6,61,2,69,544,104,162,3,813,0,0,0,813
07/16/2008,MDW,IL,AGL,CE,Towers with Radar,552,111,126,1,790,0,4,53,2,59,552,115,179,3,849,0,0,0,849
07/17/2008,MDW,IL,AGL,CE,Towers with Radar,544,120,129,1,794,0,2,62,7,71,544,122,191,8,865,0,0,0,865
07/18/2008,MDW,IL,AGL,CE,Towers with Radar,553,114,128,7,802,0,1,53,0,54,553,115,181,7,856,0,0,0,856
07/19/2008,MDW,IL,AGL,CE,Towers with Radar,473,37,52,0,562,0,1,16,0,17,473,38,68,0,579,0,0,0,579
07/20/2008,MDW,IL,AGL,CE,Towers with Radar,498,53,93,5,649,0,0,13,0,13,498,53,106,5,662,0,0,0,662
07/21/2008,MDW,IL,AGL,CE,Towers with Radar,550,81,113,3,747,0,0,28,2,30,550,81,141,5,777,0,0,0,777
07/22/2008,MDW,IL,AGL,CE,Towers with Radar,544,102,122,0,768,0,4,55,2,61,544,106,177,2,829,0,0,0,829
07/23/2008,MDW,IL,AGL,CE,Towers with Radar,523,100,144,1,768,0,10,57,3,70,523,110,201,4,838,0,0,0,838
07/24/2008,MDW,IL,AGL,CE,Towers with Radar,565,116,147,0,828,0,0,52,2,54,565,116,199,2,882,0,0,0,882
07/25/2008,MDW,IL,AGL,CE,Towers with Radar,547,116,136,4,803,0,1,37,1,39,547,117,173,5,842,0,0,0,842
07/26/2008,MDW,IL,AGL,CE,Towers with Radar,474,38,57,0,569,0,0,39,0,39,474,38,96,0,608,0,0,0,608
07/27/2008,MDW,IL,AGL,CE,Towers with Radar,500,52,80,5,637,0,0,49,0,49,500,52,129,5,686,0,0,0,686
07/28/2008,MDW,IL,AGL,CE,Towers with Radar,557,85,104,1,747,0,4,34,1,39,557,89,138,2,786,0,0,0,786
07/29/2008,MDW,IL,AGL,CE,Towers with Radar,541,95,95,0,731,0,0,53,0,53,541,95,148,0,784,0,0,0,784
07/30/2008,MDW,IL,AGL,CE,Towers with Radar,552,91,150,0,793,0,5,47,2,54,552,96,197,2,847,0,0,0,847
07/31/2008,MDW,IL,AGL,CE,Towers with Radar,543,99,159,0,801,0,10,39,1,50,543,109,198,1,851,0,0,0,851
08/01/2008,MDW,IL,AGL,CE,Towers with Radar,552,99,126,7,784,0,0,53,2,55,552,99,179,9,839,0,0,0,839
08/02/2008,MDW,IL,AGL,CE,Towers with Radar,465,34,63,2,564,0,1,44,1,46,465,35,107,3,610,0,0,0,610
08/03/2008,MDW,IL,AGL,CE,Towers with Radar,511,43,68,2,624,0,0,42,0,42,511,43,110,2,666,0,0,0,666
08/04/2008,MDW,IL,AGL,CE,Towers with Radar,498,55,75,5,633,0,0,18,0,18,498,55,93,5,651,0,0,0,651
08/05/2008,MDW,IL,AGL,CE,Towers with Radar,573,95,117,2,787,0,3,37,0,40,573,98,154,2,827,0,0,0,827
08/06/2008,MDW,IL,AGL,CE,Towers with Radar,547,105,121,2,775,0,6,79,3,88,547,111,200,5,863,0,0,0,863
08/07/2008,MDW,IL,AGL,CE,Towers with Radar,541,113,95,4,753,0,3,51,8,62,541,116,146,12,815,0,0,0,815
08/08/2008,MDW,IL,AGL,CE,Towers with Radar,550,100,128,1,779,0,3,58,6,67,550,103,186,7,846,0,0,0,846
08/09/2008,MDW,IL,AGL,CE,Towers with Radar,466,48,66,1,581,0,7,66,2,75,466,55,132,3,656,0,0,0,656
08/10/2008,MDW,IL,AGL,CE,Towers with Radar,490,64,103,1,658,0,2,19,0,21,490,66,122,1,679,0,0,0,679
08/11/2008,MDW,IL,AGL,CE,Towers with Radar,555,60,111,0,726,0,2,46,0,48,555,62,157,0,774,0,0,0,774
08/12/2008,MDW,IL,AGL,CE,Towers with Radar,548,107,134,2,791,0,4,54,2,60,548,111,188,4,851,0,0,0,851
08/13/2008,MDW,IL,AGL,CE,Towers with Radar,543,94,122,0,759,0,0,37,1,38,543,94,159,1,797,0,0,0,797
08/14/2008,MDW,IL,AGL,CE,Towers with Radar,550,97,134,0,781,0,3,48,2,53,550,100,182,2,834,0,0,0,834
08/15/2008,MDW,IL,AGL,CE,Towers with Radar,544,83,105,2,734,0,4,49,3,56,544,87,154,5,790,0,0,0,790
08/16/2008,MDW,IL,AGL,CE,Towers with Radar,477,33,57,1,568,0,4,53,2,59,477,37,110,3,627,0,0,0,627
08/17/2008,MDW,IL,AGL,CE,Towers with Radar,509,52,92,4,657,0,2,62,7,71,509,54,154,11,728,0,0,0,728
08/18/2008,MDW,IL,AGL,CE,Towers with Radar,540,73,122,0,735,0,6,37,1,44,540,79,159,1,779,0,0,0,779
08/19/2008,MDW,IL,AGL,CE,Towers with Radar,531,90,99,0,720,0,3,59,0,62,531,93,158,0,782,0,0,0,782
08/20/2008,MDW,IL,AGL,CE,Towers with Radar,548,78,103,2,731,0,5,71,5,81,548,83,174,7,812,0,0,0,812
08/21/2008,MDW,IL,AGL,CE,Towers with Radar,551,99,109,3,762,0,8,42,0,50,551,107,151,3,812,0,0,0,812
08/22/2008,MDW,IL,AGL,CE,Towers with Radar,554,87,118,1,760,0,3,43,0,46,554,90,161,1,806,0,0,0,806
08/23/2008,MDW,IL,AGL,CE,Towers with Radar,442,39,58,2,541,0,1,17,3,21,442,40,75,5,562,0,0,0,562
08/24/2008,MDW,IL,AGL,CE,Towers with Radar,498,51,80,5,634,0,0,41,0,41,498,51,121,5,675,0,0,0,675
08/25/2008,MDW,IL,AGL,CE,Towers with Radar,533,70,105,1,709,0,2,46,1,49,533,72,151,2,758,0,0,0,758
08/26/2008,MDW,IL,AGL,CE,Towers with Radar,528,83,117,0,728,0,3,54,2,59,528,86,171,2,787,0,0,0,787
08/27/2008,MDW,IL,AGL,CE,Towers with Radar,545,88,108,2,743,0,7,62,5,74,545,95,170,7,817,0,0,0,817
08/28/2008,MDW,IL,AGL,CE,Towers with Radar,538,87,111,0,736,0,2,48,3,53,538,89,159,3,789,0,0,0,789
08/29/2008,MDW,IL,AGL,CE,Towers with Radar,542,95,113,2,752,0,15,86,2,103,542,110,199,4,855,0,0,0,855
08/30/2008,MDW,IL,AGL,CE,Towers with Radar,424,24,56,1,505,0,0,44,0,44,424,24,100,1,549,0,0,0,549
08/31/2008,MDW,IL,AGL,CE,Towers with Radar,356,28,50,0,434,0,0,44,2,46,356,28,94,2,480,0,0,0,480
09/01/2008,MDW,IL,AGL,CE,Towers with Radar,473,65,64,2,604,0,0,26,1,27,473,65,90,3,631,0,0,0,631
09/02/2008,MDW,IL,AGL,CE,Towers with Radar,530,70,83,5,688,0,8,36,2,46,530,78,119,7,734,0,0,0,734
09/03/2008,MDW,IL,AGL,CE,Towers with Radar,539,101,118,3,761,0,3,23,4,30,539,104,141,7,791,0,0,0,791
09/04/2008,MDW,IL,AGL,CE,Towers with Radar,522,92,109,0,723,0,1,2,0,3,522,93,111,0,726,0,0,0,726
09/05/2008,MDW,IL,AGL,CE,Towers with Radar,520,80,109,4,713,0,2,33,3,38,520,82,142,7,751,0,0,0,751
09/06/2008,MDW,IL,AGL,CE,Towers with Radar,417,22,53,1,493,0,0,64,0,64,417,22,117,1,557,0,0,0,557
09/07/2008,MDW,IL,AGL,CE,Towers with Radar,483,56,82,3,624,0,2,53,0,55,483,58,135,3,679,0,0,0,679
09/08/2008,MDW,IL,AGL,CE,Towers with Radar,528,79,124,3,734,0,3,16,0,19,528,82,140,3,753,0,0,0,753
09/09/2008,MDW,IL,AGL,CE,Towers with Radar,516,106,187,4,813,0,1,46,1,48,516,107,233,5,861,0,0,0,861
09/10/2008,MDW,IL,AGL,CE,Towers with Radar,528,103,205,3,839,0,0,65,1,66,528,103,270,4,905,0,0,0,905
09/11/2008,MDW,IL,AGL,CE,Towers with Radar,533,119,205,4,861,0,0,49,0,49,533,119,254,4,910,0,0,0,910
09/12/2008,MDW,IL,AGL,CE,Towers with Radar,528,99,168,1,796,0,0,0,0,0,528,99,168,1,796,0,0,0,796
09/13/2008,MDW,IL,AGL,CE,Towers with Radar,418,42,84,1,545,0,0,2,0,2,418,42,86,1,547,0,0,0,547
09/14/2008,MDW,IL,AGL,CE,Towers with Radar,475,61,81,2,619,0,0,8,0,8,475,61,89,2,627,0,0,0,627
09/15/2008,MDW,IL,AGL,CE,Towers with Radar,521,71,83,2,677,0,12,53,2,67,521,83,136,4,744,0,0,0,744
09/16/2008,MDW,IL,AGL,CE,Towers with Radar,522,117,127,2,768,0,3,68,5,76,522,120,195,7,844,0,0,0,844
09/17/2008,MDW,IL,AGL,CE,Towers with Radar,523,100,140,2,765,0,4,72,8,84,523,104,212,10,849,0,0,0,849
09/18/2008,MDW,IL,AGL,CE,Towers with Radar,523,104,134,6,767,0,4,45,2,51,523,108,179,8,818,0,0,0,818
09/19/2008,MDW,IL,AGL,CE,Towers with Radar,539,105,152,8,804,0,6,57,1,64,539,111,209,9,868,0,0,0,868
09/20/2008,MDW,IL,AGL,CE,Towers with Radar,422,34,64,0,520,0,1,55,0,56,422,35,119,0,576,0,0,0,576
09/21/2008,MDW,IL,AGL,CE,Towers with Radar,486,60,117,3,666,0,0,30,2,32,486,60,147,5,698,0,0,0,698
09/22/2008,MDW,IL,AGL,CE,Towers with Radar,530,81,109,3,723,0,2,44,0,46,530,83,153,3,769,0,0,0,769
09/23/2008,MDW,IL,AGL,CE,Towers with Radar,529,109,128,1,767,0,1,52,1,54,529,110,180,2,821,0,0,0,821
09/24/2008,MDW,IL,AGL,CE,Towers with Radar,528,114,156,2,800,0,0,40,2,42,528,114,196,4,842,0,0,0,842
09/25/2008,MDW,IL,AGL,CE,Towers with Radar,530,109,160,0,799,0,3,45,4,52,530,112,205,4,851,0,0,0,851
09/26/2008,MDW,IL,AGL,CE,Towers with Radar,532,97,159,2,790,0,4,43,0,47,532,101,202,2,837,0,0,0,837
09/27/2008,MDW,IL,AGL,CE,Towers with Radar,427,46,73,0,546,0,1,44,0,45,427,47,117,0,591,0,0,0,591
09/28/2008,MDW,IL,AGL,CE,Towers with Radar,478,60,87,1,626,0,0,33,4,37,478,60,120,5,663,0,0,0,663
09/29/2008,MDW,IL,AGL,CE,Towers with Radar,536,54,105,1,696,0,1,13,2,16,536,55,118,3,712,0,0,0,712
09/30/2008,MDW,IL,AGL,CE,Towers with Radar,533,91,107,0,731,0,4,34,2,40,533,95,141,2,771,0,0,0,771
10/01/2008,MDW,IL,AGL,CE,Towers with Radar,527,118,146,0,791,0,3,38,2,43,527,121,184,2,834,0,0,0,834
10/02/2008,MDW,IL,AGL,CE,Towers with Radar,533,108,166,1,808,0,0,42,4,46,533,108,208,5,854,0,0,0,854
10/03/2008,MDW,IL,AGL,CE,Towers with Radar,531,97,137,5,770,0,6,41,6,53,531,103,178,11,823,0,0,0,823
10/04/2008,MDW,IL,AGL,CE,Towers with Radar,423,32,90,2,547,0,1,39,4,44,423,33,129,6,591,0,0,0,591
10/05/2008,MDW,IL,AGL,CE,Towers with Radar,482,42,121,5,650,0,0,19,0,19,482,42,140,5,669,0,0,0,669
10/06/2008,MDW,IL,AGL,CE,Towers with Radar,532,67,118,0,717,0,2,35,0,37,532,69,153,0,754,0,0,0,754
10/07/2008,MDW,IL,AGL,CE,Towers with Radar,535,96,147,0,778,0,2,25,0,27,535,98,172,0,805,0,0,0,805
10/08/2008,MDW,IL,AGL,CE,Towers with Radar,524,121,91,1,737,0,2,19,1,22,524,123,110,2,759,0,0,0,759
10/09/2008,MDW,IL,AGL,CE,Towers with Radar,535,105,94,3,737,0,8,47,4,59,535,113,141,7,796,0,0,0,796
10/10/2008,MDW,IL,AGL,CE,Towers with Radar,538,81,135,4,758,0,6,51,4,61,538,87,186,8,819,0,0,0,819
10/11/2008,MDW,IL,AGL,CE,Towers with Radar,424,31,59,1,515,0,4,34,2,40,424,35,93,3,555,0,0,0,555
10/12/2008,MDW,IL,AGL,CE,Towers with Radar,482,49,89,2,622,0,4,41,6,51,482,53,130,8,673,0,0,0,673
10/13/2008,MDW,IL,AGL,CE,Towers with Radar,530,42,118,0,690,0,0,39,0,39,530,42,157,0,729,0,0,0,729
10/14/2008,MDW,IL,AGL,CE,Towers with Radar,537,57,118,2,714,0,3,63,0,66,537,60,181,2,780,0,0,0,780
10/15/2008,MDW,IL,AGL,CE,Towers with Radar,533,75,151,4,763,0,0,10,0,10,533,75,161,4,773,0,0,0,773
10/16/2008,MDW,IL,AGL,CE,Towers with Radar,535,61,157,2,755,0,1,41,1,43,535,62,198,3,798,0,0,0,798
10/17/2008,MDW,IL,AGL,CE,Towers with Radar,534,75,138,8,755,0,4,33,2,39,534,79,171,10,794,0,0,0,794
10/18/2008,MDW,IL,AGL,CE,Towers with Radar,424,20,64,1,509,0,0,50,6,56,424,20,114,7,565,0,0,0,565
10/19/2008,MDW,IL,AGL,CE,Towers with Radar,481,40,122,4,647,0,0,27,0,27,481,40,149,4,674,0,0,0,674
10/20/2008,MDW,IL,AGL,CE,Towers with Radar,533,36,109,1,679,0,2,17,0,19,533,38,126,1,698,0,0,0,698
10/21/2008,MDW,IL,AGL,CE,Towers with Radar,530,66,123,0,719,0,6,42,1,49,530,72,165,1,768,0,0,0,768
10/22/2008,MDW,IL,AGL,CE,Towers with Radar,529,57,163,1,750,0,2,37,1,40,529,59,200,2,790,0,0,0,790
10/23/2008,MDW,IL,AGL,CE,Towers with Radar,536,96,164,2,798,0,1,32,4,37,536,97,196,6,835,0,0,0,835
10/24/2008,MDW,IL,AGL,CE,Towers with Radar,537,63,144,0,744,0,5,44,0,49,537,68,188,0,793,0,0,0,793
10/25/2008,MDW,IL,AGL,CE,Towers with Radar,421,20,56,1,498,0,1,14,0,15,421,21,70,1,513,0,0,0,513
10/26/2008,MDW,IL,AGL,CE,Towers with Radar,481,60,90,2,633,0,0,8,0,8,481,60,98,2,641,0,0,0,641
10/27/2008,MDW,IL,AGL,CE,Towers with Radar,540,54,91,1,686,0,8,28,4,40,540,62,119,5,726,0,0,0,726
10/28/2008,MDW,IL,AGL,CE,Towers with Radar,527,66,118,1,712,0,0,33,0,33,527,66,151,1,745,0,0,0,745
10/29/2008,MDW,IL,AGL,CE,Towers with Radar,530,82,107,3,722,0,5,47,3,55,530,87,154,6,777,0,0,0,777
10/30/2008,MDW,IL,AGL,CE,Towers with Radar,534,65,100,4,703,0,5,50,1,56,534,70,150,5,759,0,0,0,759
10/31/2008,MDW,IL,AGL,CE,Towers with Radar,506,64,79,3,652,0,8,33,3,44,506,72,112,6,696,0,0,0,696
11/01/2008,MDW,IL,AGL,CE,Towers with Radar,420,39,52,7,518,0,1,41,1,43,420,40,93,8,561,0,0,0,561
11/02/2008,MDW,IL,AGL,CE,Towers with Radar,444,35,65,1,545,0,3,28,0,31,444,38,93,1,576,0,0,0,576
11/03/2008,MDW,IL,AGL,CE,Towers with Radar,520,36,77,5,638,0,1,49,1,51,520,37,126,6,689,0,0,0,689
11/04/2008,MDW,IL,AGL,CE,Towers with Radar,515,60,70,4,649,0,10,55,5,70,515,70,125,9,719,0,0,0,719
11/05/2008,MDW,IL,AGL,CE,Towers with Radar,519,72,110,4,705,0,5,32,5,42,519,77,142,9,747,0,0,0,747
11/06/2008,MDW,IL,AGL,CE,Towers with Radar,511,80,127,2,720,0,2,11,1,14,511,82,138,3,734,0,0,0,734
11/07/2008,MDW,IL,AGL,CE,Towers with Radar,515,62,177,2,756,0,0,36,5,41,515,62,213,7,797,0,0,0,797
11/08/2008,MDW,IL,AGL,CE,Towers with Radar,389,39,70,0,498,0,0,14,0,14,389,39,84,0,512,0,0,0,512
11/09/2008,MDW,IL,AGL,CE,Towers with Radar,448,64,88,0,600,0,1,18,2,21,448,65,106,2,621,0,0,0,621
11/10/2008,MDW,IL,AGL,CE,Towers with Radar,523,61,133,1,718,0,7,34,0,41,523,68,167,1,759,0,0,0,759
11/11/2008,MDW,IL,AGL,CE,Towers with Radar,512,60,182,0,754,0,0,9,0,9,512,60,191,0,763,0,0,0,763
11/12/2008,MDW,IL,AGL,CE,Towers with Radar,523,63,169,1,756,0,1,5,0,6,523,64,174,1,762,0,0,0,762
11/13/2008,MDW,IL,AGL,CE,Towers with Radar,532,78,129,2,741,0,4,18,0,22,532,82,147,2,763,0,0,0,763
11/14/2008,MDW,IL,AGL,CE,Towers with Radar,516,63,100,0,679,0,1,11,0,12,516,64,111,0,691,0,0,0,691
11/15/2008,MDW,IL,AGL,CE,Towers with Radar,391,21,30,0,442,0,4,16,0,20,391,25,46,0,462,0,0,0,462
11/16/2008,MDW,IL,AGL,CE,Towers with Radar,454,40,80,0,574,0,0,32,0,32,454,40,112,0,606,0,0,0,606
11/17/2008,MDW,IL,AGL,CE,Towers with Radar,521,36,93,2,652,0,5,18,0,23,521,41,111,2,675,0,0,0,675
11/18/2008,MDW,IL,AGL,CE,Towers with Radar,520,43,129,2,694,0,3,33,0,36,520,46,162,2,730,0,0,0,730
11/19/2008,MDW,IL,AGL,CE,Towers with Radar,519,54,124,0,697,0,10,35,3,48,519,64,159,3,745,0,0,0,745
11/20/2008,MDW,IL,AGL,CE,Towers with Radar,532,75,147,11,765,0,3,26,1,30,532,78,173,12,795,0,0,0,795
11/21/2008,MDW,IL,AGL,CE,Towers with Radar,529,74,121,6,730,0,4,45,0,49,529,78,166,6,779,0,0,0,779
11/22/2008,MDW,IL,AGL,CE,Towers with Radar,405,29,43,0,477,0,5,29,0,34,405,34,72,0,511,0,0,0,511
11/23/2008,MDW,IL,AGL,CE,Towers with Radar,461,24,57,1,543,0,0,27,0,27,461,24,84,1,570,0,0,0,570
11/24/2008,MDW,IL,AGL,CE,Towers with Radar,519,29,68,1,617,0,0,11,0,11,519,29,79,1,628,0,0,0,628
11/25/2008,MDW,IL,AGL,CE,Towers with Radar,534,51,74,0,659,0,8,34,3,45,534,59,108,3,704,0,0,0,704
11/26/2008,MDW,IL,AGL,CE,Towers with Radar,533,67,72,0,672,0,5,41,2,48,533,72,113,2,720,0,0,0,720
11/27/2008,MDW,IL,AGL,CE,Towers with Radar,335,21,14,0,370,0,11,9,0,20,335,32,23,0,390,0,0,0,390
11/28/2008,MDW,IL,AGL,CE,Towers with Radar,392,16,36,0,444,0,0,25,0,25,392,16,61,0,469,0,0,0,469
11/29/2008,MDW,IL,AGL,CE,Towers with Radar,435,31,43,0,509,0,0,26,0,26,435,31,69,0,535,0,0,0,535
11/30/2008,MDW,IL,AGL,CE,Towers with Radar,505,74,84,1,664,0,0,3,0,3,505,74,87,1,667,0,0,0,667
12/01/2008,MDW,IL,AGL,CE,Towers with Radar,536,67,102,2,707,0,4,7,0,11,536,71,109,2,718,0,0,0,718
12/02/2008,MDW,IL,AGL,CE,Towers with Radar,538,54,111,2,705,0,0,42,2,44,538,54,153,4,749,0,0,0,749
12/03/2008,MDW,IL,AGL,CE,Towers with Radar,505,64,115,0,684,0,0,14,0,14,505,64,129,0,698,0,0,0,698
12/04/2008,MDW,IL,AGL,CE,Towers with Radar,485,46,144,0,675,0,2,18,0,20,485,48,162,0,695,0,0,0,695
12/05/2008,MDW,IL,AGL,CE,Towers with Radar,492,36,84,0,612,0,9,32,0,41,492,45,116,0,653,0,0,0,653
12/06/2008,MDW,IL,AGL,CE,Towers with Radar,385,23,42,0,450,0,0,7,0,7,385,23,49,0,457,0,0,0,457
12/07/2008,MDW,IL,AGL,CE,Towers with Radar,435,48,89,0,572,0,2,26,0,28,435,50,115,0,600,0,0,0,600
12/08/2008,MDW,IL,AGL,CE,Towers with Radar,497,53,110,1,661,0,2,17,0,19,497,55,127,1,680,0,0,0,680
12/09/2008,MDW,IL,AGL,CE,Towers with Radar,481,56,109,1,647,0,0,2,0,2,481,56,111,1,649,0,0,0,649
12/10/2008,MDW,IL,AGL,CE,Towers with Radar,490,60,166,0,716,0,0,22,0,22,490,60,188,0,738,0,0,0,738
12/11/2008,MDW,IL,AGL,CE,Towers with Radar,489,59,159,2,709,0,0,32,0,32,489,59,191,2,741,0,0,0,741
12/12/2008,MDW,IL,AGL,CE,Towers with Radar,496,63,117,3,679,0,0,30,0,30,496,63,147,3,709,0,0,0,709
12/13/2008,MDW,IL,AGL,CE,Towers with Radar,385,16,41,0,442,0,0,8,0,8,385,16,49,0,450,0,0,0,450
12/14/2008,MDW,IL,AGL,CE,Towers with Radar,436,35,71,1,543,0,0,2,0,2,436,35,73,1,545,0,0,0,545
12/15/2008,MDW,IL,AGL,CE,Towers with Radar,488,44,95,2,629,0,0,16,0,16,488,44,111,2,645,0,0,0,645
12/16/2008,MDW,IL,AGL,CE,Towers with Radar,354,43,80,0,477,0,0,7,0,7,354,43,87,0,484,0,0,0,484
12/17/2008,MDW,IL,AGL,CE,Towers with Radar,517,60,86,0,663,0,6,18,2,26,517,66,104,2,689,0,0,0,689
12/18/2008,MDW,IL,AGL,CE,Towers with Radar,469,51,90,1,611,0,0,16,0,16,469,51,106,1,627,0,0,0,627
12/19/2008,MDW,IL,AGL,CE,Towers with Radar,432,36,70,1,539,0,1,9,0,10,432,37,79,1,549,0,0,0,549
12/20/2008,MDW,IL,AGL,CE,Towers with Radar,422,40,47,0,509,0,1,3,0,4,422,41,50,0,513,0,0,0,513
12/21/2008,MDW,IL,AGL,CE,Towers with Radar,413,30,42,1,486,0,0,1,0,1,413,30,43,1,487,0,0,0,487
12/22/2008,MDW,IL,AGL,CE,Towers with Radar,500,51,74,0,625,0,1,18,0,19,500,52,92,0,644,0,0,0,644
12/23/2008,MDW,IL,AGL,CE,Towers with Radar,406,31,42,2,481,0,0,2,0,2,406,31,44,2,483,0,0,0,483
12/24/2008,MDW,IL,AGL,CE,Towers with Radar,431,29,29,0,489,0,0,3,0,3,431,29,32,0,492,0,0,0,492
12/25/2008,MDW,IL,AGL,CE,Towers with Radar,374,24,12,0,410,0,1,3,2,6,374,25,15,2,416,0,0,0,416
12/26/2008,MDW,IL,AGL,CE,Towers with Radar,259,28,44,0,331,0,1,0,1,2,259,29,44,1,333,0,0,0,333
12/27/2008,MDW,IL,AGL,CE,Towers with Radar,377,64,42,0,483,0,0,0,0,0,377,64,42,0,483,0,0,0,483
12/28/2008,MDW,IL,AGL,CE,Towers with Radar,453,36,38,1,528,0,1,20,1,22,453,37,58,2,550,0,0,0,550
12/29/2008,MDW,IL,AGL,CE,Towers with Radar,505,24,43,0,572,0,6,25,0,31,505,30,68,0,603,0,0,0,603
12/30/2008,MDW,IL,AGL,CE,Towers with Radar,501,30,40,1,572,0,0,35,0,35,501,30,75,1,607,0,0,0,607
12/31/2008,MDW,IL,AGL,CE,Towers with Radar,378,19,32,0,429,0,1,14,2,17,378,20,46,2,446,0,0,0,446
01/01/2009,MDW,IL,AGL,CE,Towers with Radar,400,21,27,0,448,0,6,10,0,16,400,27,37,0,464,0,0,0,464
01/02/2009,MDW,IL,AGL,CE,Towers with Radar,484,30,41,1,556,0,13,21,1,35,484,43,62,2,591,0,0,0,591
01/03/2009,MDW,IL,AGL,CE,Towers with Radar,427,66,59,2,554,0,0,33,2,35,427,66,92,4,589,0,0,0,589
01/04/2009,MDW,IL,AGL,CE,Towers with Radar,435,49,61,2,547,0,3,14,0,17,435,52,75,2,564,0,0,0,564
01/05/2009,MDW,IL,AGL,CE,Towers with Radar,505,25,54,0,584,0,0,39,0,39,505,25,93,0,623,0,0,0,623
01/06/2009,MDW,IL,AGL,CE,Towers with Radar,506,37,42,0,585,0,3,2,1,6,506,40,44,1,591,0,0,0,591
01/07/2009,MDW,IL,AGL,CE,Towers with Radar,484,37,70,0,591,0,0,6,2,8,484,37,76,2,599,0,0,0,599
01/08/2009,MDW,IL,AGL,CE,Towers with Radar,493,39,70,0,602,0,0,19,2,21,493,39,89,2,623,0,0,0,623
01/09/2009,MDW,IL,AGL,CE,Towers with Radar,493,38,71,0,602,0,0,0,0,0,493,38,71,0,602,0,0,0,602
01/10/2009,MDW,IL,AGL,CE,Towers with Radar,366,12,22,0,400,0,0,0,0,0,366,12,22,0,400,0,0,0,400
01/11/2009,MDW,IL,AGL,CE,Towers with Radar,407,30,36,0,473,0,0,10,0,10,407,30,46,0,483,0,0,0,483
01/12/2009,MDW,IL,AGL,CE,Towers with Radar,366,45,91,0,502,0,3,4,0,7,366,48,95,0,509,0,0,0,509
01/13/2009,MDW,IL,AGL,CE,Towers with Radar,451,51,87,0,589,0,0,5,0,5,451,51,92,0,594,0,0,0,594
01/14/2009,MDW,IL,AGL,CE,Towers with Radar,468,45,56,0,569,0,0,5,0,5,468,45,61,0,574,0,0,0,574
01/15/2009,MDW,IL,AGL,CE,Towers with Radar,479,59,87,0,625,0,2,6,5,13,479,61,93,5,638,0,0,0,638
01/16/2009,MDW,IL,AGL,CE,Towers with Radar,484,49,92,0,625,0,5,15,9,29,484,54,107,9,654,0,0,0,654
01/17/2009,MDW,IL,AGL,CE,Towers with Radar,376,31,32,0,439,0,1,3,0,4,376,32,35,0,443,0,0,0,443
01/18/2009,MDW,IL,AGL,CE,Towers with Radar,394,25,44,0,463,0,0,28,0,28,394,25,72,0,491,0,0,0,491
01/19/2009,MDW,IL,AGL,CE,Towers with Radar,490,41,76,2,609,0,6,18,0,24,490,47,94,2,633,0,0,0,633
01/20/2009,MDW,IL,AGL,CE,Towers with Radar,477,33,86,0,596,0,3,21,0,24,477,36,107,0,620,0,0,0,620
01/21/2009,MDW,IL,AGL,CE,Towers with Radar,478,54,89,0,621,0,2,27,0,29,478,56,116,0,650,0,0,0,650
01/22/2009,MDW,IL,AGL,CE,Towers with Radar,477,39,77,2,595,0,0,11,0,11,477,39,88,2,606,0,0,0,606
01/23/2009,MDW,IL,AGL,CE,Towers with Radar,482,34,71,0,587,0,4,6,3,13,482,38,77,3,600,0,0,0,600
01/24/2009,MDW,IL,AGL,CE,Towers with Radar,376,21,28,0,425,0,1,22,0,23,376,22,50,0,448,0,0,0,448
01/25/2009,MDW,IL,AGL,CE,Towers with Radar,400,26,60,0,486,0,0,21,0,21,400,26,81,0,507,0,0,0,507
01/26/2009,MDW,IL,AGL,CE,Towers with Radar,478,40,101,0,619,0,1,19,2,22,478,41,120,2,641,0,0,0,641
01/27/2009,MDW,IL,AGL,CE,Towers with Radar,467,55,92,0,614,0,0,14,2,16,467,55,106,2,630,0,0,0,630
01/28/2009,MDW,IL,AGL,CE,Towers with Radar,429,36,91,0,556,0,7,15,1,23,429,43,106,1,579,0,0,0,579
01/29/2009,MDW,IL,AGL,CE,Towers with Radar,475,53,65,0,593,0,0,11,3,14,475,53,76,3,607,0,0,0,607
01/30/2009,MDW,IL,AGL,CE,Towers with Radar,472,39,84,0,595,0,2,33,0,35,472,41,117,0,630,0,0,0,630
01/31/2009,MDW,IL,AGL,CE,Towers with Radar,370,13,32,3,418,0,0,27,1,28,370,13,59,4,446,0,0,0,446
02/01/2009,MDW,IL,AGL,CE,Towers with Radar,404,27,34,1,466,0,0,21,0,21,404,27,55,1,487,0,0,0,487
02/02/2009,MDW,IL,AGL,CE,Towers with Radar,479,40,86,1,606,0,2,17,0,19,479,42,103,1,625,0,0,0,625
02/03/2009,MDW,IL,AGL,CE,Towers with Radar,470,45,78,1,594,0,1,5,2,8,470,46,83,3,602,0,0,0,602
02/04/2009,MDW,IL,AGL,CE,Towers with Radar,469,46,70,0,585,0,4,14,4,22,469,50,84,4,607,0,0,0,607
02/05/2009,MDW,IL,AGL,CE,Towers with Radar,477,43,89,0,609,0,2,19,0,21,477,45,108,0,630,0,0,0,630
02/06/2009,MDW,IL,AGL,CE,Towers with Radar,486,26,80,0,592,0,1,28,0,29,486,27,108,0,621,0,0,0,621
02/07/2009,MDW,IL,AGL,CE,Towers with Radar,370,19,25,0,414,0,0,13,2,15,370,19,38,2,429,0,0,0,429
02/08/2009,MDW,IL,AGL,CE,Towers with Radar,405,28,50,0,483,0,1,28,0,29,405,29,78,0,512,14,0,14,526
02/09/2009,MDW,IL,AGL,CE,Towers with Radar,490,43,70,0,603,0,4,6,0,10,490,47,76,0,613,0,0,0,613
02/10/2009,MDW,IL,AGL,CE,Towers with Radar,481,40,95,1,617,0,1,18,4,23,481,41,113,5,640,0,0,0,640
02/11/2009,MDW,IL,AGL,CE,Towers with Radar,483,47,81,0,611,0,0,0,0,0,483,47,81,0,611,0,0,0,611
02/12/2009,MDW,IL,AGL,CE,Towers with Radar,496,65,111,3,675,0,4,23,4,31,496,69,134,7,706,0,0,0,706
02/13/2009,MDW,IL,AGL,CE,Towers with Radar,495,38,55,3,591,0,3,8,7,18,495,41,63,10,609,0,0,0,609
02/14/2009,MDW,IL,AGL,CE,Towers with Radar,384,3,2,3,392,0,0,0,0,0,384,3,2,3,392,0,0,0,392
02/15/2009,MDW,IL,AGL,CE,Towers with Radar,419,4,4,4,431,0,0,0,1,1,419,4,4,5,432,0,0,0,432
02/16/2009,MDW,IL,AGL,CE,Towers with Radar,492,49,65,2,608,0,1,20,0,21,492,50,85,2,629,0,0,0,629
02/17/2009,MDW,IL,AGL,CE,Towers with Radar,498,59,62,2,621,0,3,19,5,27,498,62,81,7,648,0,0,0,648
02/18/2009,MDW,IL,AGL,CE,Towers with Radar,499,57,79,0,635,0,2,2,0,4,499,59,81,0,639,0,0,0,639
02/19/2009,MDW,IL,AGL,CE,Towers with Radar,498,53,82,1,634,0,5,11,4,20,498,58,93,5,654,0,0,0,654
02/20/2009,MDW,IL,AGL,CE,Towers with Radar,485,38,85,1,609,0,9,36,1,46,485,47,121,2,655,0,0,0,655
02/21/2009,MDW,IL,AGL,CE,Towers with Radar,379,17,25,0,421,0,0,2,0,2,379,17,27,0,423,0,0,0,423
02/22/2009,MDW,IL,AGL,CE,Towers with Radar,417,33,56,0,506,0,0,20,0,20,417,33,76,0,526,0,0,0,526
02/23/2009,MDW,IL,AGL,CE,Towers with Radar,495,37,69,0,601,0,0,16,9,25,495,37,85,9,626,0,0,0,626
02/24/2009,MDW,IL,AGL,CE,Towers with Radar,500,31,92,0,623,0,2,20,2,24,500,33,112,2,647,0,0,0,647
02/25/2009,MDW,IL,AGL,CE,Towers with Radar,503,42,95,0,640,0,0,33,0,33,503,42,128,0,673,0,0,0,673
02/26/2009,MDW,IL,AGL,CE,Towers with Radar,481,33,86,0,600,0,0,0,0,0,481,33,86,0,600,0,0,0,600
02/27/2009,MDW,IL,AGL,CE,Towers with Radar,501,44,84,2,631,0,7,17,0,24,501,51,101,2,655,0,0,0,655
02/28/2009,MDW,IL,AGL,CE,Towers with Radar,395,14,39,0,448,0,0,32,0,32,395,14,71,0,480,0,0,0,480
03/01/2009,MDW,IL,AGL,CE,Towers with Radar,400,38,56,2,496,0,0,1,0,1,400,38,57,2,497,0,0,0,497
03/02/2009,MDW,IL,AGL,CE,Towers with Radar,476,43,78,2,599,0,4,21,0,25,476,47,99,2,624,0,0,0,624
03/03/2009,MDW,IL,AGL,CE,Towers with Radar,501,50,108,0,659,0,2,27,2,31,501,52,135,2,690,0,0,0,690
03/04/2009,MDW,IL,AGL,CE,Towers with Radar,503,53,116,13,685,0,6,15,0,21,503,59,131,13,706,0,0,0,706
03/05/2009,MDW,IL,AGL,CE,Towers with Radar,500,64,120,0,684,0,6,14,3,23,500,70,134,3,707,0,0,0,707
03/06/2009,MDW,IL,AGL,CE,Towers with Radar,502,48,101,0,651,0,2,26,2,30,502,50,127,2,681,0,0,0,681
03/07/2009,MDW,IL,AGL,CE,Towers with Radar,421,16,17,1,455,0,0,4,0,4,421,16,21,1,459,0,0,0,459
03/08/2009,MDW,IL,AGL,CE,Towers with Radar,495,30,40,0,565,0,0,2,0,2,495,30,42,0,567,0,0,0,567
03/09/2009,MDW,IL,AGL,CE,Towers with Radar,545,53,76,0,674,0,0,21,1,22,545,53,97,1,696,0,0,0,696
03/10/2009,MDW,IL,AGL,CE,Towers with Radar,548,47,102,0,697,0,2,2,1,5,548,49,104,1,702,0,0,0,702
03/11/2009,MDW,IL,AGL,CE,Towers with Radar,537,39,118,0,694,0,0,19,1,20,537,39,137,1,714,0,0,0,714
03/12/2009,MDW,IL,AGL,CE,Towers with Radar,543,53,79,2,677,0,2,26,2,30,543,55,105,4,707,0,0,0,707
03/13/2009,MDW,IL,AGL,CE,Towers with Radar,543,55,65,0,663,0,3,27,1,31,543,58,92,1,694,0,0,0,694
03/14/2009,MDW,IL,AGL,CE,Towers with Radar,437,21,35,0,493,0,0,37,4,41,437,21,72,4,534,0,0,0,534
03/15/2009,MDW,IL,AGL,CE,Towers with Radar,494,28,46,0,568,0,3,38,1,42,494,31,84,1,610,0,0,0,610
03/16/2009,MDW,IL,AGL,CE,Towers with Radar,543,37,68,2,650,0,1,13,3,17,543,38,81,5,667,0,0,0,667
03/17/2009,MDW,IL,AGL,CE,Towers with Radar,549,40,81,0,670,0,6,16,2,24,549,46,97,2,694,0,0,0,694
03/18/2009,MDW,IL,AGL,CE,Towers with Radar,547,49,127,0,723,0,1,12,0,13,547,50,139,0,736,0,0,0,736
03/19/2009,MDW,IL,AGL,CE,Towers with Radar,539,51,82,0,672,0,3,22,0,25,539,54,104,0,697,0,0,0,697
03/20/2009,MDW,IL,AGL,CE,Towers with Radar,545,56,103,1,705,0,3,33,0,36,545,59,136,1,741,0,0,0,741
03/21/2009,MDW,IL,AGL,CE,Towers with Radar,403,26,58,1,488,0,0,18,0,18,403,26,76,1,506,0,0,0,506
03/22/2009,MDW,IL,AGL,CE,Towers with Radar,494,42,61,1,598,0,2,36,0,38,494,44,97,1,636,0,0,0,636
03/23/2009,MDW,IL,AGL,CE,Towers with Radar,551,45,94,0,690,0,3,11,1,15,551,48,105,1,705,0,0,0,705
03/24/2009,MDW,IL,AGL,CE,Towers with Radar,544,38,73,0,655,0,0,3,2,5,544,38,76,2,660,0,0,0,660
03/25/2009,MDW,IL,AGL,CE,Towers with Radar,546,31,98,3,678,0,7,17,0,24,546,38,115,3,702,0,0,0,702
03/26/2009,MDW,IL,AGL,CE,Towers with Radar,537,47,82,2,668,0,0,26,7,33,537,47,108,9,701,0,0,0,701
03/27/2009,MDW,IL,AGL,CE,Towers with Radar,545,51,101,0,697,0,1,20,0,21,545,52,121,0,718,0,0,0,718
03/28/2009,MDW,IL,AGL,CE,Towers with Radar,446,33,36,0,515,0,0,2,0,2,446,33,38,0,517,0,0,0,517
03/29/2009,MDW,IL,AGL,CE,Towers with Radar,483,33,56,0,572,0,0,4,0,4,483,33,60,0,576,0,0,0,576
03/30/2009,MDW,IL,AGL,CE,Towers with Radar,554,34,53,0,641,0,6,21,4,31,554,40,74,4,672,0,0,0,672
03/31/2009,MDW,IL,AGL,CE,Towers with Radar,542,49,61,0,652,0,0,2,1,3,542,49,63,1,655,0,0,0,655
04/01/2009,MDW,IL,AGL,CE,Towers with Radar,547,54,99,0,700,0,5,10,1,16,547,59,109,1,716,0,0,0,716
04/02/2009,MDW,IL,AGL,CE,Towers with Radar,545,51,85,0,681,0,5,15,0,20,545,56,100,0,701,0,0,0,701
04/03/2009,MDW,IL,AGL,CE,Towers with Radar,546,62,80,0,688,0,2,16,0,18,546,64,96,0,706,0,0,0,706
04/04/2009,MDW,IL,AGL,CE,Towers with Radar,443,34,58,1,536,0,0,30,0,30,443,34,88,1,566,0,0,0,566
04/05/2009,MDW,IL,AGL,CE,Towers with Radar,488,20,44,0,552,0,0,6,0,6,488,20,50,0,558,0,0,0,558
04/06/2009,MDW,IL,AGL,CE,Towers with Radar,537,34,88,0,659,0,1,11,0,12,537,35,99,0,671,0,0,0,671
04/07/2009,MDW,IL,AGL,CE,Towers with Radar,552,41,94,0,687,0,0,22,0,22,552,41,116,0,709,0,0,0,709
04/08/2009,MDW,IL,AGL,CE,Towers with Radar,548,46,74,0,668,0,10,32,4,46,548,56,106,4,714,0,0,0,714
04/09/2009,MDW,IL,AGL,CE,Towers with Radar,543,35,78,0,656,0,5,39,3,47,543,40,117,3,703,8,0,8,711
04/10/2009,MDW,IL,AGL,CE,Towers with Radar,537,35,48,3,623,0,4,10,1,15,537,39,58,4,638,0,0,0,638
04/11/2009,MDW,IL,AGL,CE,Towers with Radar,438,23,24,0,485,0,5,36,1,42,438,28,60,1,527,0,0,0,527
04/12/2009,MDW,IL,AGL,CE,Towers with Radar,493,34,45,1,573,0,2,17,0,19,493,36,62,1,592,0,0,0,592
04/13/2009,MDW,IL,AGL,CE,Towers with Radar,541,32,83,1,657,0,0,7,0,7,541,32,90,1,664,0,0,0,664
04/14/2009,MDW,IL,AGL,CE,Towers with Radar,545,37,90,2,674,0,2,3,0,5,545,39,93,2,679,0,0,0,679
04/15/2009,MDW,IL,AGL,CE,Towers with Radar,544,53,117,0,714,0,7,18,6,31,544,60,135,6,745,0,0,0,745
04/16/2009,MDW,IL,AGL,CE,Towers with Radar,545,57,102,1,705,0,5,24,3,32,545,62,126,4,737,0,0,0,737
04/17/2009,MDW,IL,AGL,CE,Towers with Radar,539,39,78,0,656,0,2,37,6,45,539,41,115,6,701,0,0,0,701
04/18/2009,MDW,IL,AGL,CE,Towers with Radar,449,33,43,0,525,0,0,33,0,33,449,33,76,0,558,0,0,0,558
04/19/2009,MDW,IL,AGL,CE,Towers with Radar,494,39,69,1,603,0,0,1,1,2,494,39,70,2,605,0,0,0,605
04/20/2009,MDW,IL,AGL,CE,Towers with Radar,539,44,95,0,678,0,1,4,1,6,539,45,99,1,684,0,0,0,684
04/21/2009,MDW,IL,AGL,CE,Towers with Radar,550,55,79,1,685,0,8,10,2,20,550,63,89,3,705,0,0,0,705
04/22/2009,MDW,IL,AGL,CE,Towers with Radar,545,42,91,0,678,0,3,30,2,35,545,45,121,2,713,0,0,0,713
04/23/2009,MDW,IL,AGL,CE,Towers with Radar,544,38,133,2,717,0,2,27,5,34,544,40,160,7,751,0,0,0,751
04/24/2009,MDW,IL,AGL,CE,Towers with Radar,550,36,97,0,683,0,5,28,0,33,550,41,125,0,716,0,0,0,716
04/25/2009,MDW,IL,AGL,CE,Towers with Radar,447,24,41,0,512,0,0,11,2,13,447,24,52,2,525,0,0,0,525
04/26/2009,MDW,IL,AGL,CE,Towers with Radar,512,31,54,2,599,0,4,11,0,15,512,35,65,2,614,0,0,0,614
04/27/2009,MDW,IL,AGL,CE,Towers with Radar,541,44,81,1,667,0,2,7,4,13,541,46,88,5,680,0,0,0,680
04/28/2009,MDW,IL,AGL,CE,Towers with Radar,538,52,110,2,702,0,1,12,4,17,538,53,122,6,719,0,0,0,719
04/29/2009,MDW,IL,AGL,CE,Towers with Radar,538,66,109,0,713,0,2,5,4,11,538,68,114,4,724,0,0,0,724
04/30/2009,MDW,IL,AGL,CE,Towers with Radar,545,74,96,0,715,0,1,5,2,8,545,75,101,2,723,0,0,0,723
05/01/2009,MDW,IL,AGL,CE,Towers with Radar,535,65,114,9,723,0,4,22,0,26,535,69,136,9,749,0,0,0,749
05/02/2009,MDW,IL,AGL,CE,Towers with Radar,438,33,51,1,523,0,4,45,4,53,438,37,96,5,576,0,0,0,576
05/03/2009,MDW,IL,AGL,CE,Towers with Radar,500,57,78,7,642,0,2,31,3,36,500,59,109,10,678,0,0,0,678
05/04/2009,MDW,IL,AGL,CE,Towers with Radar,541,63,98,0,702,0,0,42,2,44,541,63,140,2,746,0,0,0,746
05/05/2009,MDW,IL,AGL,CE,Towers with Radar,539,57,152,2,750,0,5,42,3,50,539,62,194,5,800,0,0,0,800
05/06/2009,MDW,IL,AGL,CE,Towers with Radar,554,70,149,1,774,0,0,30,1,31,554,70,179,2,805,0,0,0,805
05/07/2009,MDW,IL,AGL,CE,Towers with Radar,548,64,113,2,727,0,1,15,3,19,548,65,128,5,746,0,0,0,746
05/08/2009,MDW,IL,AGL,CE,Towers with Radar,547,50,90,4,691,0,7,23,6,36,547,57,113,10,727,0,0,0,727
05/09/2009,MDW,IL,AGL,CE,Towers with Radar,444,17,41,2,504,0,11,22,2,35,444,28,63,4,539,0,0,0,539
05/10/2009,MDW,IL,AGL,CE,Towers with Radar,509,31,64,2,606,0,13,7,0,20,509,44,71,2,626,0,0,0,626
05/11/2009,MDW,IL,AGL,CE,Towers with Radar,548,57,92,2,699,0,0,31,3,34,548,57,123,5,733,0,0,0,733
05/12/2009,MDW,IL,AGL,CE,Towers with Radar,551,64,116,0,731,0,1,31,8,40,551,65,147,8,771,0,0,0,771
05/13/2009,MDW,IL,AGL,CE,Towers with Radar,540,59,108,2,709,0,1,2,0,3,540,60,110,2,712,0,0,0,712
05/14/2009,MDW,IL,AGL,CE,Towers with Radar,563,68,160,1,792,0,1,33,13,47,563,69,193,14,839,0,0,0,839
05/15/2009,MDW,IL,AGL,CE,Towers with Radar,556,40,113,5,714,0,0,5,0,5,556,40,118,5,719,0,0,0,719
05/16/2009,MDW,IL,AGL,CE,Towers with Radar,454,26,72,8,560,0,0,24,2,26,454,26,96,10,586,0,0,0,586
05/17/2009,MDW,IL,AGL,CE,Towers with Radar,497,50,114,1,662,0,0,32,1,33,497,50,146,2,695,0,0,0,695
05/18/2009,MDW,IL,AGL,CE,Towers with Radar,551,61,133,2,747,0,4,32,8,44,551,65,165,10,791,0,0,0,791
05/19/2009,MDW,IL,AGL,CE,Towers with Radar,555,43,160,0,758,0,5,23,12,40,555,48,183,12,798,0,0,0,798
05/20/2009,MDW,IL,AGL,CE,Towers with Radar,557,54,126,2,739,0,1,24,8,33,557,55,150,10,772,0,0,0,772
05/21/2009,MDW,IL,AGL,CE,Towers with Radar,552,56,130,2,740,0,8,30,8,46,552,64,160,10,786,0,0,0,786
05/22/2009,MDW,IL,AGL,CE,Towers with Radar,550,49,113,0,712,0,3,44,6,53,550,52,157,6,765,0,0,0,765
05/23/2009,MDW,IL,AGL,CE,Towers with Radar,452,24,43,0,519,0,3,26,1,30,452,27,69,1,549,0,0,0,549
05/24/2009,MDW,IL,AGL,CE,Towers with Radar,402,26,42,0,470,0,1,27,0,28,402,27,69,0,498,0,0,0,498
05/25/2009,MDW,IL,AGL,CE,Towers with Radar,503,44,46,0,593,0,0,9,0,9,503,44,55,0,602,0,0,0,602
05/26/2009,MDW,IL,AGL,CE,Towers with Radar,556,37,71,1,665,0,1,8,5,14,556,38,79,6,679,0,0,0,679
05/27/2009,MDW,IL,AGL,CE,Towers with Radar,556,64,124,3,747,0,0,2,1,3,556,64,126,4,750,0,0,0,750
05/28/2009,MDW,IL,AGL,CE,Towers with Radar,543,55,123,2,723,0,0,24,10,34,543,55,147,12,757,0,0,0,757
05/29/2009,MDW,IL,AGL,CE,Towers with Radar,543,58,101,2,704,0,3,42,11,56,543,61,143,13,760,0,0,0,760
05/30/2009,MDW,IL,AGL,CE,Towers with Radar,454,21,35,2,512,0,0,39,1,40,454,21,74,3,552,0,0,0,552
05/31/2009,MDW,IL,AGL,CE,Towers with Radar,502,36,52,4,594,0,1,38,1,40,502,37,90,5,634,0,0,0,634
06/01/2009,MDW,IL,AGL,CE,Towers with Radar,554,47,73,0,674,0,1,11,0,12,554,48,84,0,686,0,0,0,686
06/02/2009,MDW,IL,AGL,CE,Towers with Radar,547,58,96,3,704,0,11,13,10,34,547,69,109,13,738,0,0,0,738
06/03/2009,MDW,IL,AGL,CE,Towers with Radar,542,60,128,4,734,0,2,27,7,36,542,62,155,11,770,0,0,0,770
06/04/2009,MDW,IL,AGL,CE,Towers with Radar,558,60,111,5,734,0,2,32,6,40,558,62,143,11,774,0,0,0,774
06/05/2009,MDW,IL,AGL,CE,Towers with Radar,556,30,81,3,670,0,2,31,2,35,556,32,112,5,705,0,0,0,705
06/06/2009,MDW,IL,AGL,CE,Towers with Radar,454,15,47,2,518,0,0,22,0,22,454,15,69,2,540,0,0,0,540
06/07/2009,MDW,IL,AGL,CE,Towers with Radar,502,42,60,3,607,0,0,24,0,24,502,42,84,3,631,0,0,0,631
06/08/2009,MDW,IL,AGL,CE,Towers with Radar,563,49,111,1,724,0,0,5,0,5,563,49,116,1,729,0,0,0,729
06/09/2009,MDW,IL,AGL,CE,Towers with Radar,547,67,151,7,772,0,0,18,7,25,547,67,169,14,797,0,0,0,797
06/10/2009,MDW,IL,AGL,CE,Towers with Radar,568,53,132,0,753,0,10,26,6,42,568,63,158,6,795,0,0,0,795
06/11/2009,MDW,IL,AGL,CE,Towers with Radar,551,67,153,1,772,0,0,2,2,4,551,67,155,3,776,0,0,0,776
06/12/2009,MDW,IL,AGL,CE,Towers with Radar,566,35,122,14,737,0,3,31,2,36,566,38,153,16,773,0,0,0,773
06/13/2009,MDW,IL,AGL,CE,Towers with Radar,454,24,51,0,529,0,0,14,5,19,454,24,65,5,548,0,0,0,548
06/14/2009,MDW,IL,AGL,CE,Towers with Radar,508,30,101,13,652,0,1,45,1,47,508,31,146,14,699,0,0,0,699
06/15/2009,MDW,IL,AGL,CE,Towers with Radar,556,43,97,0,696,0,4,15,2,21,556,47,112,2,717,0,0,0,717
06/16/2009,MDW,IL,AGL,CE,Towers with Radar,554,50,100,0,704,0,2,14,0,16,554,52,114,0,720,0,0,0,720
06/17/2009,MDW,IL,AGL,CE,Towers with Radar,560,55,154,2,771,0,0,24,7,31,560,55,178,9,802,0,0,0,802
06/18/2009,MDW,IL,AGL,CE,Towers with Radar,561,63,127,4,755,0,1,30,6,37,561,64,157,10,792,0,0,0,792
06/19/2009,MDW,IL,AGL,CE,Towers with Radar,535,59,100,3,697,0,1,6,0,7,535,60,106,3,704,0,0,0,704
06/20/2009,MDW,IL,AGL,CE,Towers with Radar,468,26,50,3,547,0,0,46,4,50,468,26,96,7,597,0,0,0,597
06/21/2009,MDW,IL,AGL,CE,Towers with Radar,507,48,90,0,645,0,1,28,0,29,507,49,118,0,674,0,0,0,674
06/22/2009,MDW,IL,AGL,CE,Towers with Radar,555,79,111,3,748,0,2,24,0,26,555,81,135,3,774,0,0,0,774
06/23/2009,MDW,IL,AGL,CE,Towers with Radar,551,57,148,3,759,0,5,38,12,55,551,62,186,15,814,0,0,0,814
06/24/2009,MDW,IL,AGL,CE,Towers with Radar,559,53,139,3,754,0,5,35,14,54,559,58,174,17,808,0,0,0,808
06/25/2009,MDW,IL,AGL,CE,Towers with Radar,554,67,124,11,756,0,2,25,6,33,554,69,149,17,789,0,0,0,789
06/26/2009,MDW,IL,AGL,CE,Towers with Radar,562,61,94,4,721,0,2,24,3,29,562,63,118,7,750,0,0,0,750
06/27/2009,MDW,IL,AGL,CE,Towers with Radar,449,32,52,1,534,0,0,44,1,45,449,32,96,2,579,0,0,0,579
06/28/2009,MDW,IL,AGL,CE,Towers with Radar,515,40,54,1,610,0,0,22,0,22,515,40,76,1,632,0,0,0,632
06/29/2009,MDW,IL,AGL,CE,Towers with Radar,553,52,64,2,671,0,1,24,4,29,553,53,88,6,700,0,0,0,700
06/30/2009,MDW,IL,AGL,CE,Towers with Radar,559,55,80,1,695,0,2,27,8,37,559,57,107,9,732,0,0,0,732
07/01/2009,MDW,IL,AGL,CE,Towers with Radar,564,52,97,4,717,0,2,16,2,20,564,54,113,6,737,0,0,0,737
07/02/2009,MDW,IL,AGL,CE,Towers with Radar,546,54,108,2,710,0,2,32,5,39,546,56,140,7,749,0,0,0,749
07/03/2009,MDW,IL,AGL,CE,Towers with Radar,564,39,68,0,671,0,3,33,7,43,564,42,101,7,714,0,0,0,714
07/04/2009,MDW,IL,AGL,CE,Towers with Radar,357,9,27,0,393,0,0,12,0,12,357,9,39,0,405,0,0,0,405
07/05/2009,MDW,IL,AGL,CE,Towers with Radar,514,27,63,1,605,0,0,11,0,11,514,27,74,1,616,0,0,0,616
07/06/2009,MDW,IL,AGL,CE,Towers with Radar,568,62,64,0,694,0,2,50,2,54,568,64,114,2,748,0,0,0,748
07/07/2009,MDW,IL,AGL,CE,Towers with Radar,567,59,81,4,711,0,5,43,6,54,567,64,124,10,765,0,0,0,765
07/08/2009,MDW,IL,AGL,CE,Towers with Radar,568,47,83,5,703,0,0,28,7,35,568,47,111,12,738,0,0,0,738
07/09/2009,MDW,IL,AGL,CE,Towers with Radar,567,55,107,2,731,0,7,37,14,58,567,62,144,16,789,0,0,0,789
07/10/2009,MDW,IL,AGL,CE,Towers with Radar,565,48,101,10,724,0,3,40,4,47,565,51,141,14,771,0,0,0,771
07/11/2009,MDW,IL,AGL,CE,Towers with Radar,453,27,37,0,517,0,7,22,2,31,453,34,59,2,548,0,0,0,548
07/12/2009,MDW,IL,AGL,CE,Towers with Radar,512,55,74,12,653,0,1,42,12,55,512,56,116,24,708,0,0,0,708
07/13/2009,MDW,IL,AGL,CE,Towers with Radar,563,64,87,0,714,0,3,36,5,44,563,67,123,5,758,0,0,0,758
07/14/2009,MDW,IL,AGL,CE,Towers with Radar,564,62,103,1,730,0,6,41,14,61,564,68,144,15,791,0,0,0,791
07/15/2009,MDW,IL,AGL,CE,Towers with Radar,562,59,133,1,755,0,8,22,7,37,562,67,155,8,792,0,0,0,792
07/16/2009,MDW,IL,AGL,CE,Towers with Radar,567,80,99,3,749,0,11,32,4,47,567,91,131,7,796,0,0,0,796
07/17/2009,MDW,IL,AGL,CE,Towers with Radar,563,68,94,2,727,0,3,37,4,44,563,71,131,6,771,0,0,0,771
07/18/2009,MDW,IL,AGL,CE,Towers with Radar,458,19,54,0,531,0,2,29,5,36,458,21,83,5,567,0,0,0,567
07/19/2009,MDW,IL,AGL,CE,Towers with Radar,517,46,65,3,631,0,3,30,0,33,517,49,95,3,664,0,0,0,664
07/20/2009,MDW,IL,AGL,CE,Towers with Radar,570,44,97,2,713,0,2,53,0,55,570,46,150,2,768,0,0,0,768
07/21/2009,MDW,IL,AGL,CE,Towers with Radar,566,48,89,1,704,0,2,39,10,51,566,50,128,11,755,0,0,0,755
07/22/2009,MDW,IL,AGL,CE,Towers with Radar,555,61,152,0,768,0,14,16,11,41,555,75,168,11,809,0,0,0,809
07/23/2009,MDW,IL,AGL,CE,Towers with Radar,567,64,117,0,748,0,4,18,4,26,567,68,135,4,774,0,0,0,774
07/24/2009,MDW,IL,AGL,CE,Towers with Radar,571,42,95,6,714,0,4,34,2,40,571,46,129,8,754,0,0,0,754
07/25/2009,MDW,IL,AGL,CE,Towers with Radar,457,22,48,3,530,0,1,31,0,32,457,23,79,3,562,0,0,0,562
07/26/2009,MDW,IL,AGL,CE,Towers with Radar,510,48,93,5,656,0,0,28,0,28,510,48,121,5,684,4,0,4,688
07/27/2009,MDW,IL,AGL,CE,Towers with Radar,564,58,103,2,727,0,4,43,2,49,564,62,146,4,776,0,0,0,776
07/28/2009,MDW,IL,AGL,CE,Towers with Radar,574,59,110,3,746,0,5,44,11,60,574,64,154,14,806,0,0,0,806
07/29/2009,MDW,IL,AGL,CE,Towers with Radar,555,59,129,3,746,0,8,38,8,54,555,67,167,11,800,0,0,0,800
07/30/2009,MDW,IL,AGL,CE,Towers with Radar,569,66,159,2,796,0,5,20,5,30,569,71,179,7,826,0,0,0,826
07/31/2009,MDW,IL,AGL,CE,Towers with Radar,557,58,113,5,733,0,4,32,1,37,557,62,145,6,770,0,0,0,770
08/01/2009,MDW,IL,AGL,CE,Towers with Radar,459,12,43,0,514,0,0,21,1,22,459,12,64,1,536,0,0,0,536
08/02/2009,MDW,IL,AGL,CE,Towers with Radar,503,36,64,5,608,0,0,32,2,34,503,36,96,7,642,0,0,0,642
08/03/2009,MDW,IL,AGL,CE,Towers with Radar,568,41,95,2,706,0,0,11,2,13,568,41,106,4,719,0,0,0,719
08/04/2009,MDW,IL,AGL,CE,Towers with Radar,564,44,109,2,719,0,2,25,18,45,564,46,134,20,764,0,0,0,764
08/05/2009,MDW,IL,AGL,CE,Towers with Radar,566,57,130,3,756,0,13,33,7,53,566,70,163,10,809,0,0,0,809
08/06/2009,MDW,IL,AGL,CE,Towers with Radar,566,69,96,1,732,0,5,39,9,53,566,74,135,10,785,0,0,0,785
08/07/2009,MDW,IL,AGL,CE,Towers with Radar,565,48,104,5,722,0,1,6,2,9,565,49,110,7,731,6,0,6,737
08/08/2009,MDW,IL,AGL,CE,Towers with Radar,461,26,49,3,539,1,0,16,6,23,462,26,65,9,562,0,0,0,562
08/09/2009,MDW,IL,AGL,CE,Towers with Radar,523,47,73,4,647,0,2,25,7,34,523,49,98,11,681,0,0,0,681
08/10/2009,MDW,IL,AGL,CE,Towers with Radar,565,69,94,1,729,0,2,20,10,32,565,71,114,11,761,0,0,0,761
08/11/2009,MDW,IL,AGL,CE,Towers with Radar,564,58,119,0,741,0,6,42,8,56,564,64,161,8,797,0,0,0,797
08/12/2009,MDW,IL,AGL,CE,Towers with Radar,559,60,114,2,735,0,4,30,5,39,559,64,144,7,774,0,0,0,774
08/13/2009,MDW,IL,AGL,CE,Towers with Radar,570,71,104,1,746,0,3,34,2,39,570,74,138,3,785,0,0,0,785
08/14/2009,MDW,IL,AGL,CE,Towers with Radar,564,49,75,20,708,0,0,35,3,38,564,49,110,23,746,0,0,0,746
08/15/2009,MDW,IL,AGL,CE,Towers with Radar,458,21,43,1,523,0,5,33,3,41,458,26,76,4,564,0,0,0,564
08/16/2009,MDW,IL,AGL,CE,Towers with Radar,495,38,82,12,627,0,1,26,1,28,495,39,108,13,655,0,0,0,655
08/17/2009,MDW,IL,AGL,CE,Towers with Radar,558,54,94,5,711,0,1,13,0,14,558,55,107,5,725,0,0,0,725
08/18/2009,MDW,IL,AGL,CE,Towers with Radar,537,72,88,1,698,0,5,38,12,55,537,77,126,13,753,0,0,0,753
08/19/2009,MDW,IL,AGL,CE,Towers with Radar,530,54,106,3,693,0,10,21,0,31,530,64,127,3,724,0,0,0,724
08/20/2009,MDW,IL,AGL,CE,Towers with Radar,539,62,94,2,697,0,4,15,5,24,539,66,109,7,721,0,0,0,721
08/21/2009,MDW,IL,AGL,CE,Towers with Radar,535,53,100,3,691,0,19,20,1,40,535,72,120,4,731,0,0,0,731
08/22/2009,MDW,IL,AGL,CE,Towers with Radar,424,41,57,0,522,0,0,51,0,51,424,41,108,0,573,0,0,0,573
08/23/2009,MDW,IL,AGL,CE,Towers with Radar,471,52,55,3,581,0,3,37,0,40,471,55,92,3,621,0,0,0,621
08/24/2009,MDW,IL,AGL,CE,Towers with Radar,545,42,78,1,666,0,4,22,4,30,545,46,100,5,696,0,0,0,696
08/25/2009,MDW,IL,AGL,CE,Towers with Radar,540,51,95,2,688,0,3,26,8,37,540,54,121,10,725,0,0,0,725
08/26/2009,MDW,IL,AGL,CE,Towers with Radar,540,47,99,1,687,0,0,4,1,5,540,47,103,2,692,0,0,0,692
08/27/2009,MDW,IL,AGL,CE,Towers with Radar,541,48,111,1,701,0,0,6,7,13,541,48,117,8,714,0,0,0,714
08/28/2009,MDW,IL,AGL,CE,Towers with Radar,539,64,121,8,732,0,4,10,0,14,539,68,131,8,746,0,0,0,746
08/29/2009,MDW,IL,AGL,CE,Towers with Radar,417,21,58,2,498,0,1,31,4,36,417,22,89,6,534,0,0,0,534
08/30/2009,MDW,IL,AGL,CE,Towers with Radar,467,36,72,9,584,0,0,30,1,31,467,36,102,10,615,0,0,0,615
08/31/2009,MDW,IL,AGL,CE,Towers with Radar,540,44,80,3,667,0,4,29,0,33,540,48,109,3,700,0,0,0,700
09/01/2009,MDW,IL,AGL,CE,Towers with Radar,529,67,79,7,682,0,2,36,7,45,529,69,115,14,727,0,0,0,727
09/02/2009,MDW,IL,AGL,CE,Towers with Radar,539,62,92,2,695,0,4,69,10,83,539,66,161,12,778,0,0,0,778
09/03/2009,MDW,IL,AGL,CE,Towers with Radar,535,66,92,0,693,0,2,37,8,47,535,68,129,8,740,0,0,0,740
09/04/2009,MDW,IL,AGL,CE,Towers with Radar,539,58,95,1,693,0,7,31,0,38,539,65,126,1,731,0,0,0,731
09/05/2009,MDW,IL,AGL,CE,Towers with Radar,412,24,53,0,489,0,7,25,0,32,412,31,78,0,521,0,0,0,521
09/06/2009,MDW,IL,AGL,CE,Towers with Radar,340,32,32,0,404,0,0,25,0,25,340,32,57,0,429,0,0,0,429
09/07/2009,MDW,IL,AGL,CE,Towers with Radar,471,44,68,1,584,0,2,37,0,39,471,46,105,1,623,0,0,0,623
09/08/2009,MDW,IL,AGL,CE,Towers with Radar,536,53,150,0,739,0,7,37,8,52,536,60,187,8,791,0,0,0,791
09/09/2009,MDW,IL,AGL,CE,Towers with Radar,538,76,123,4,741,0,0,17,2,19,538,76,140,6,760,0,0,0,760
09/10/2009,MDW,IL,AGL,CE,Towers with Radar,534,99,114,3,750,0,1,42,9,52,534,100,156,12,802,0,0,0,802
09/11/2009,MDW,IL,AGL,CE,Towers with Radar,535,68,126,3,732,0,4,37,0,41,535,72,163,3,773,0,0,0,773
09/12/2009,MDW,IL,AGL,CE,Towers with Radar,411,43,75,1,530,0,3,39,2,44,411,46,114,3,574,0,0,0,574
09/13/2009,MDW,IL,AGL,CE,Towers with Radar,461,80,119,3,663,0,1,40,3,44,461,81,159,6,707,0,0,0,707
09/14/2009,MDW,IL,AGL,CE,Towers with Radar,538,70,141,1,750,0,2,21,0,23,538,72,162,1,773,0,0,0,773
09/15/2009,MDW,IL,AGL,CE,Towers with Radar,535,69,156,2,762,0,3,47,10,60,535,72,203,12,822,0,0,0,822
09/16/2009,MDW,IL,AGL,CE,Towers with Radar,529,86,152,4,771,1,0,34,9,44,530,86,186,13,815,0,0,0,815
09/17/2009,MDW,IL,AGL,CE,Towers with Radar,540,83,135,4,762,0,2,38,9,49,540,85,173,13,811,10,0,10,821
09/18/2009,MDW,IL,AGL,CE,Towers with Radar,538,55,95,2,690,0,2,49,4,55,538,57,144,6,745,0,0,0,745
09/19/2009,MDW,IL,AGL,CE,Towers with Radar,414,26,47,0,487,0,3,37,2,42,414,29,84,2,529,0,0,0,529
09/20/2009,MDW,IL,AGL,CE,Towers with Radar,465,60,80,1,606,0,0,27,0,27,465,60,107,1,633,0,0,0,633
09/21/2009,MDW,IL,AGL,CE,Towers with Radar,538,79,105,0,722,0,1,5,0,6,538,80,110,0,728,0,0,0,728
09/22/2009,MDW,IL,AGL,CE,Towers with Radar,536,73,120,0,729,0,2,4,4,10,536,75,124,4,739,0,0,0,739
09/23/2009,MDW,IL,AGL,CE,Towers with Radar,536,84,174,4,798,0,2,19,2,23,536,86,193,6,821,0,0,0,821
09/24/2009,MDW,IL,AGL,CE,Towers with Radar,544,87,119,2,752,0,2,9,7,18,544,89,128,9,770,0,0,0,770
09/25/2009,MDW,IL,AGL,CE,Towers with Radar,542,65,123,5,735,0,2,23,1,26,542,67,146,6,761,0,0,0,761
09/26/2009,MDW,IL,AGL,CE,Towers with Radar,410,36,39,3,488,0,2,3,0,5,410,38,42,3,493,0,0,0,493
09/27/2009,MDW,IL,AGL,CE,Towers with Radar,464,46,72,1,583,0,2,22,0,24,464,48,94,1,607,0,0,0,607
09/28/2009,MDW,IL,AGL,CE,Towers with Radar,539,58,78,0,675,0,3,2,2,7,539,61,80,2,682,0,0,0,682
09/29/2009,MDW,IL,AGL,CE,Towers with Radar,534,71,126,2,733,0,3,23,7,33,534,74,149,9,766,0,0,0,766
09/30/2009,MDW,IL,AGL,CE,Towers with Radar,532,60,122,1,715,0,3,32,10,45,532,63,154,11,760,0,0,0,760
10/01/2009,MDW,IL,AGL,CE,Towers with Radar,528,70,124,5,727,0,3,27,4,34,528,73,151,9,761,0,0,0,761
10/02/2009,MDW,IL,AGL,CE,Towers with Radar,527,68,102,1,698,0,0,14,2,16,527,68,116,3,714,0,0,0,714
10/03/2009,MDW,IL,AGL,CE,Towers with Radar,412,37,55,3,507,0,2,18,1,21,412,39,73,4,528,0,0,0,528
10/04/2009,MDW,IL,AGL,CE,Towers with Radar,461,70,89,2,622,0,0,48,4,52,461,70,137,6,674,0,0,0,674
10/05/2009,MDW,IL,AGL,CE,Towers with Radar,533,65,87,0,685,0,0,23,0,23,533,65,110,0,708,0,0,0,708
10/06/2009,MDW,IL,AGL,CE,Towers with Radar,539,70,120,2,731,0,0,9,0,9,539,70,129,2,740,0,0,0,740
10/07/2009,MDW,IL,AGL,CE,Towers with Radar,523,73,147,1,744,0,2,33,2,37,523,75,180,3,781,0,0,0,781
10/08/2009,MDW,IL,AGL,CE,Towers with Radar,540,69,117,2,728,0,2,7,2,11,540,71,124,4,739,0,0,0,739
10/09/2009,MDW,IL,AGL,CE,Towers with Radar,536,59,137,1,733,0,0,9,0,9,536,59,146,1,742,0,0,0,742
10/10/2009,MDW,IL,AGL,CE,Towers with Radar,409,41,67,0,517,0,3,42,2,47,409,44,109,2,564,0,0,0,564
10/11/2009,MDW,IL,AGL,CE,Towers with Radar,453,51,69,0,573,0,1,32,0,33,453,52,101,0,606,0,0,0,606
10/12/2009,MDW,IL,AGL,CE,Towers with Radar,525,58,118,3,704,0,2,20,0,22,525,60,138,3,726,0,0,0,726
10/13/2009,MDW,IL,AGL,CE,Towers with Radar,532,71,113,0,716,0,4,36,9,49,532,75,149,9,765,0,0,0,765
10/14/2009,MDW,IL,AGL,CE,Towers with Radar,538,69,129,3,739,0,5,19,5,29,538,74,148,8,768,0,0,0,768
10/15/2009,MDW,IL,AGL,CE,Towers with Radar,533,89,141,4,767,0,4,2,4,10,533,93,143,8,777,0,0,0,777
10/16/2009,MDW,IL,AGL,CE,Towers with Radar,538,63,117,0,718,0,1,23,2,26,538,64,140,2,744,0,0,0,744
10/17/2009,MDW,IL,AGL,CE,Towers with Radar,407,45,66,0,518,0,1,35,0,36,407,46,101,0,554,0,0,0,554
10/18/2009,MDW,IL,AGL,CE,Towers with Radar,458,68,99,5,630,0,2,45,1,48,458,70,144,6,678,0,0,0,678
10/19/2009,MDW,IL,AGL,CE,Towers with Radar,534,58,111,4,707,0,5,47,7,59,534,63,158,11,766,0,0,0,766
10/20/2009,MDW,IL,AGL,CE,Towers with Radar,537,78,125,4,744,0,0,44,6,50,537,78,169,10,794,0,0,0,794
10/21/2009,MDW,IL,AGL,CE,Towers with Radar,529,67,121,0,717,0,3,24,9,36,529,70,145,9,753,0,0,0,753
10/22/2009,MDW,IL,AGL,CE,Towers with Radar,535,90,143,3,771,0,2,10,4,16,535,92,153,7,787,0,0,0,787
10/23/2009,MDW,IL,AGL,CE,Towers with Radar,533,76,109,1,719,0,0,2,0,2,533,76,111,1,721,0,0,0,721
10/24/2009,MDW,IL,AGL,CE,Towers with Radar,413,45,46,0,504,0,0,18,0,18,413,45,64,0,522,0,0,0,522
10/25/2009,MDW,IL,AGL,CE,Towers with Radar,454,52,63,0,569,0,0,35,0,35,454,52,98,0,604,0,0,0,604
10/26/2009,MDW,IL,AGL,CE,Towers with Radar,529,66,92,0,687,0,1,20,0,21,529,67,112,0,708,0,0,0,708
10/27/2009,MDW,IL,AGL,CE,Towers with Radar,524,63,134,2,723,0,5,16,6,27,524,68,150,8,750,0,0,0,750
10/28/2009,MDW,IL,AGL,CE,Towers with Radar,526,91,133,12,762,0,5,26,2,33,526,96,159,14,795,0,0,0,795
10/29/2009,MDW,IL,AGL,CE,Towers with Radar,526,73,123,4,726,0,2,25,7,34,526,75,148,11,760,0,0,0,760
10/30/2009,MDW,IL,AGL,CE,Towers with Radar,537,83,119,2,741,0,0,5,2,7,537,83,124,4,748,0,0,0,748
10/31/2009,MDW,IL,AGL,CE,Towers with Radar,398,28,50,0,476,0,1,22,0,23,398,29,72,0,499,0,0,0,499
11/01/2009,MDW,IL,AGL,CE,Towers with Radar,469,55,80,0,604,0,0,29,0,29,469,55,109,0,633,0,0,0,633
11/02/2009,MDW,IL,AGL,CE,Towers with Radar,531,49,76,0,656,0,0,17,5,22,531,49,93,5,678,0,0,0,678
11/03/2009,MDW,IL,AGL,CE,Towers with Radar,520,65,113,3,701,0,2,43,5,50,520,67,156,8,751,0,0,0,751
11/04/2009,MDW,IL,AGL,CE,Towers with Radar,523,71,127,1,722,0,8,48,12,68,523,79,175,13,790,0,0,0,790
11/05/2009,MDW,IL,AGL,CE,Towers with Radar,527,76,152,0,755,0,12,30,11,53,527,88,182,11,808,0,0,0,808
11/06/2009,MDW,IL,AGL,CE,Towers with Radar,539,71,95,1,706,0,2,33,7,42,539,73,128,8,748,0,0,0,748
11/07/2009,MDW,IL,AGL,CE,Towers with Radar,400,50,73,1,524,0,1,26,5,32,400,51,99,6,556,0,0,0,556
11/08/2009,MDW,IL,AGL,CE,Towers with Radar,477,60,94,2,633,0,3,40,8,51,477,63,134,10,684,0,0,0,684
11/09/2009,MDW,IL,AGL,CE,Towers with Radar,530,59,120,2,711,0,4,27,3,34,530,63,147,5,745,0,0,0,745
11/10/2009,MDW,IL,AGL,CE,Towers with Radar,520,53,147,4,724,0,3,50,12,65,520,56,197,16,789,0,0,0,789
11/11/2009,MDW,IL,AGL,CE,Towers with Radar,532,51,150,1,734,0,3,15,2,20,532,54,165,3,754,0,0,0,754
11/12/2009,MDW,IL,AGL,CE,Towers with Radar,505,78,132,3,718,0,8,42,9,59,505,86,174,12,777,0,0,0,777
11/13/2009,MDW,IL,AGL,CE,Towers with Radar,529,61,109,4,703,0,2,31,5,38,529,63,140,9,741,0,0,0,741
11/14/2009,MDW,IL,AGL,CE,Towers with Radar,396,26,44,0,466,0,7,26,1,34,396,33,70,1,500,0,0,0,500
11/15/2009,MDW,IL,AGL,CE,Towers with Radar,468,56,92,10,626,0,0,16,2,18,468,56,108,12,644,0,0,0,644
11/16/2009,MDW,IL,AGL,CE,Towers with Radar,529,56,128,5,718,0,0,18,4,22,529,56,146,9,740,0,0,0,740
11/17/2009,MDW,IL,AGL,CE,Towers with Radar,523,63,116,0,702,0,5,10,8,23,523,68,126,8,725,0,0,0,725
11/18/2009,MDW,IL,AGL,CE,Towers with Radar,522,49,129,0,700,0,6,8,0,14,522,55,137,0,714,0,0,0,714
11/19/2009,MDW,IL,AGL,CE,Towers with Radar,519,67,144,0,730,0,1,17,4,22,519,68,161,4,752,0,0,0,752
11/20/2009,MDW,IL,AGL,CE,Towers with Radar,541,50,107,0,698,0,6,39,5,50,541,56,146,5,748,0,0,0,748
11/21/2009,MDW,IL,AGL,CE,Towers with Radar,414,35,32,1,482,0,0,45,1,46,414,35,77,2,528,0,0,0,528
11/22/2009,MDW,IL,AGL,CE,Towers with Radar,475,36,65,1,577,0,0,47,1,48,475,36,112,2,625,0,0,0,625
11/23/2009,MDW,IL,AGL,CE,Towers with Radar,529,54,78,0,661,0,0,5,0,5,529,54,83,0,666,0,0,0,666
11/24/2009,MDW,IL,AGL,CE,Towers with Radar,544,75,110,0,729,0,0,0,0,0,544,75,110,0,729,0,0,0,729
11/25/2009,MDW,IL,AGL,CE,Towers with Radar,539,45,79,3,666,0,1,3,1,5,539,46,82,4,671,0,0,0,671
11/26/2009,MDW,IL,AGL,CE,Towers with Radar,361,17,11,0,389,0,3,7,0,10,361,20,18,0,399,0,0,0,399
11/27/2009,MDW,IL,AGL,CE,Towers with Radar,414,21,40,0,475,0,13,30,3,46,414,34,70,3,521,0,0,0,521
11/28/2009,MDW,IL,AGL,CE,Towers with Radar,470,42,37,0,549,0,7,32,0,39,470,49,69,0,588,0,0,0,588
11/29/2009,MDW,IL,AGL,CE,Towers with Radar,556,85,93,0,734,0,3,1,0,4,556,88,94,0,738,0,0,0,738
11/30/2009,MDW,IL,AGL,CE,Towers with Radar,542,65,114,0,721,0,0,20,4,24,542,65,134,4,745,0,0,0,745
12/01/2009,MDW,IL,AGL,CE,Towers with Radar,536,70,162,0,768,0,7,30,7,44,536,77,192,7,812,0,0,0,812
12/02/2009,MDW,IL,AGL,CE,Towers with Radar,530,66,139,0,735,0,0,19,6,25,530,66,158,6,760,0,0,0,760
12/03/2009,MDW,IL,AGL,CE,Towers with Radar,535,63,128,0,726,0,2,9,2,13,535,65,137,2,739,0,0,0,739
12/04/2009,MDW,IL,AGL,CE,Towers with Radar,526,73,103,0,702,0,6,27,4,37,526,79,130,4,739,0,0,0,739
12/05/2009,MDW,IL,AGL,CE,Towers with Radar,406,27,68,0,501,0,1,26,0,27,406,28,94,0,528,0,0,0,528
12/06/2009,MDW,IL,AGL,CE,Towers with Radar,471,38,109,0,618,0,0,35,0,35,471,38,144,0,653,0,0,0,653
12/07/2009,MDW,IL,AGL,CE,Towers with Radar,532,53,99,2,686,0,1,10,0,11,532,54,109,2,697,0,0,0,697
12/08/2009,MDW,IL,AGL,CE,Towers with Radar,477,54,78,1,610,0,1,2,0,3,477,55,80,1,613,0,0,0,613
12/09/2009,MDW,IL,AGL,CE,Towers with Radar,499,59,68,1,627,0,0,0,0,0,499,59,68,1,627,0,0,0,627
12/10/2009,MDW,IL,AGL,CE,Towers with Radar,544,68,135,0,747,0,1,9,5,15,544,69,144,5,762,0,0,0,762
12/11/2009,MDW,IL,AGL,CE,Towers with Radar,537,72,129,0,738,0,4,32,1,37,537,76,161,1,775,0,0,0,775
12/12/2009,MDW,IL,AGL,CE,Towers with Radar,405,34,38,3,480,0,3,24,0,27,405,37,62,3,507,0,0,0,507
12/13/2009,MDW,IL,AGL,CE,Towers with Radar,480,52,67,1,600,0,0,2,1,3,480,52,69,2,603,0,0,0,603
12/14/2009,MDW,IL,AGL,CE,Towers with Radar,531,56,77,3,667,0,0,2,0,2,531,56,79,3,669,0,0,0,669
12/15/2009,MDW,IL,AGL,CE,Towers with Radar,533,85,109,0,727,0,2,21,16,39,533,87,130,16,766,0,0,0,766
12/16/2009,MDW,IL,AGL,CE,Towers with Radar,541,63,115,0,719,0,2,13,6,21,541,65,128,6,740,0,0,0,740
12/17/2009,MDW,IL,AGL,CE,Towers with Radar,533,74,126,2,735,1,7,21,10,39,534,81,147,12,774,0,0,0,774
12/18/2009,MDW,IL,AGL,CE,Towers with Radar,531,59,113,0,703,0,4,5,0,9,531,63,118,0,712,0,0,0,712
12/19/2009,MDW,IL,AGL,CE,Towers with Radar,381,39,45,0,465,0,0,0,0,0,381,39,45,0,465,0,0,0,465
12/20/2009,MDW,IL,AGL,CE,Towers with Radar,456,53,48,0,557,0,0,10,0,10,456,53,58,0,567,0,0,0,567
12/21/2009,MDW,IL,AGL,CE,Towers with Radar,537,52,72,0,661,0,0,6,0,6,537,52,78,0,667,0,0,0,667
12/22/2009,MDW,IL,AGL,CE,Towers with Radar,524,62,55,2,643,0,0,2,0,2,524,62,57,2,645,0,0,0,645
12/23/2009,MDW,IL,AGL,CE,Towers with Radar,438,27,38,0,503,0,4,0,0,4,438,31,38,0,507,0,0,0,507
12/24/2009,MDW,IL,AGL,CE,Towers with Radar,431,27,23,0,481,0,0,0,0,0,431,27,23,0,481,0,0,0,481
12/25/2009,MDW,IL,AGL,CE,Towers with Radar,374,43,13,0,430,0,0,3,0,3,374,43,16,0,433,0,0,0,433
12/26/2009,MDW,IL,AGL,CE,Towers with Radar,457,50,35,0,542,0,0,0,2,2,457,50,35,2,544,0,0,0,544
12/27/2009,MDW,IL,AGL,CE,Towers with Radar,520,30,58,0,608,0,1,3,0,4,520,31,61,0,612,0,0,0,612
12/28/2009,MDW,IL,AGL,CE,Towers with Radar,534,52,48,0,634,0,5,11,0,16,534,57,59,0,650,0,0,0,650
12/29/2009,MDW,IL,AGL,CE,Towers with Radar,527,32,37,0,596,0,8,13,0,21,527,40,50,0,617,0,0,0,617
12/30/2009,MDW,IL,AGL,CE,Towers with Radar,526,25,44,0,595,0,0,2,1,3,526,25,46,1,598,0,0,0,598
12/31/2009,MDW,IL,AGL,CE,Towers with Radar,387,22,27,0,436,0,4,0,0,4,387,26,27,0,440,0,0,0,440
01/01/2010,MDW,IL,AGL,CE,Towers with Radar,368,32,17,0,417,0,4,4,0,8,368,36,21,0,425,0,0,0,425
01/02/2010,MDW,IL,AGL,CE,Towers with Radar,467,60,44,0,571,0,0,10,0,10,467,60,54,0,581,0,0,0,581
01/03/2010,MDW,IL,AGL,CE,Towers with Radar,513,55,65,0,633,0,0,20,0,20,513,55,85,0,653,0,0,0,653
01/04/2010,MDW,IL,AGL,CE,Towers with Radar,533,57,46,0,636,0,1,12,1,14,533,58,58,1,650,0,0,0,650
01/05/2010,MDW,IL,AGL,CE,Towers with Radar,532,56,66,4,658,0,1,16,10,27,532,57,82,14,685,0,0,0,685
01/06/2010,MDW,IL,AGL,CE,Towers with Radar,520,43,74,4,641,0,1,14,2,17,520,44,88,6,658,0,0,0,658
01/07/2010,MDW,IL,AGL,CE,Towers with Radar,362,35,49,0,446,0,0,0,0,0,362,35,49,0,446,0,0,0,446
01/08/2010,MDW,IL,AGL,CE,Towers with Radar,516,37,66,0,619,0,1,6,0,7,516,38,72,0,626,0,0,0,626
01/09/2010,MDW,IL,AGL,CE,Towers with Radar,399,27,19,0,445,0,2,15,2,19,399,29,34,2,464,0,0,0,464
01/10/2010,MDW,IL,AGL,CE,Towers with Radar,412,41,30,0,483,1,1,24,3,29,413,42,54,3,512,8,0,8,520
01/11/2010,MDW,IL,AGL,CE,Towers with Radar,492,55,67,0,614,0,4,18,2,24,492,59,85,2,638,0,0,0,638
01/12/2010,MDW,IL,AGL,CE,Towers with Radar,496,78,74,0,648,0,5,18,0,23,496,83,92,0,671,0,0,0,671
01/13/2010,MDW,IL,AGL,CE,Towers with Radar,501,70,71,2,644,0,5,21,9,35,501,75,92,11,679,0,0,0,679
01/14/2010,MDW,IL,AGL,CE,Towers with Radar,497,74,93,0,664,0,3,8,3,14,497,77,101,3,678,0,0,0,678
01/15/2010,MDW,IL,AGL,CE,Towers with Radar,499,48,82,1,630,0,0,4,0,4,499,48,86,1,634,0,0,0,634
01/16/2010,MDW,IL,AGL,CE,Towers with Radar,337,20,23,5,385,0,0,0,0,0,337,20,23,5,385,0,0,0,385
01/17/2010,MDW,IL,AGL,CE,Towers with Radar,401,39,45,5,490,0,0,4,0,4,401,39,49,5,494,0,0,0,494
01/18/2010,MDW,IL,AGL,CE,Towers with Radar,496,49,60,1,606,0,0,0,0,0,496,49,60,1,606,0,0,0,606
01/19/2010,MDW,IL,AGL,CE,Towers with Radar,500,53,94,2,649,0,5,32,2,39,500,58,126,4,688,6,0,6,694
01/20/2010,MDW,IL,AGL,CE,Towers with Radar,492,46,73,0,611,0,2,7,0,9,492,48,80,0,620,0,0,0,620
01/21/2010,MDW,IL,AGL,CE,Towers with Radar,483,67,77,0,627,0,0,1,4,5,483,67,78,4,632,0,0,0,632
01/22/2010,MDW,IL,AGL,CE,Towers with Radar,504,47,82,2,635,0,2,0,1,3,504,49,82,3,638,0,0,0,638
01/23/2010,MDW,IL,AGL,CE,Towers with Radar,338,36,21,0,395,0,0,0,0,0,338,36,21,0,395,0,0,0,395
01/24/2010,MDW,IL,AGL,CE,Towers with Radar,412,41,55,1,509,0,0,0,0,0,412,41,55,1,509,0,0,0,509
01/25/2010,MDW,IL,AGL,CE,Towers with Radar,479,54,57,0,590,0,2,6,6,14,479,56,63,6,604,0,0,0,604
01/26/2010,MDW,IL,AGL,CE,Towers with Radar,490,66,80,0,636,0,3,18,9,30,490,69,98,9,666,0,0,0,666
01/27/2010,MDW,IL,AGL,CE,Towers with Radar,493,52,72,1,618,0,2,12,2,16,493,54,84,3,634,0,0,0,634
01/28/2010,MDW,IL,AGL,CE,Towers with Radar,499,64,78,0,641,0,4,12,6,22,499,68,90,6,663,0,0,0,663
01/29/2010,MDW,IL,AGL,CE,Towers with Radar,495,52,79,1,627,0,0,24,2,26,495,52,103,3,653,0,0,0,653
01/30/2010,MDW,IL,AGL,CE,Towers with Radar,333,24,28,0,385,0,1,40,0,41,333,25,68,0,426,2,0,2,428
01/31/2010,MDW,IL,AGL,CE,Towers with Radar,419,40,45,0,504,0,2,37,0,39,419,42,82,0,543,0,0,0,543
02/01/2010,MDW,IL,AGL,CE,Towers with Radar,491,55,112,4,662,0,2,16,0,18,491,57,128,4,680,0,0,0,680
02/02/2010,MDW,IL,AGL,CE,Towers with Radar,492,47,68,2,609,0,0,1,0,1,492,47,69,2,610,0,0,0,610
02/03/2010,MDW,IL,AGL,CE,Towers with Radar,492,60,98,1,651,0,7,23,15,45,492,67,121,16,696,0,0,0,696
02/04/2010,MDW,IL,AGL,CE,Towers with Radar,498,57,85,1,641,0,4,7,7,18,498,61,92,8,659,0,0,0,659
02/05/2010,MDW,IL,AGL,CE,Towers with Radar,476,61,64,0,601,0,2,5,4,11,476,63,69,4,612,0,0,0,612
02/06/2010,MDW,IL,AGL,CE,Towers with Radar,314,19,24,0,357,0,2,24,15,41,314,21,48,15,398,0,0,0,398
02/07/2010,MDW,IL,AGL,CE,Towers with Radar,379,37,25,0,441,0,0,33,6,39,379,37,58,6,480,0,0,0,480
02/08/2010,MDW,IL,AGL,CE,Towers with Radar,480,60,96,1,637,0,4,12,1,17,480,64,108,2,654,0,0,0,654
02/09/2010,MDW,IL,AGL,CE,Towers with Radar,143,20,40,0,203,0,0,0,0,0,143,20,40,0,203,0,0,0,203
02/10/2010,MDW,IL,AGL,CE,Towers with Radar,323,49,76,3,451,0,3,14,2,19,323,52,90,5,470,0,0,0,470
02/11/2010,MDW,IL,AGL,CE,Towers with Radar,455,81,117,2,655,0,1,35,13,49,455,82,152,15,704,0,0,0,704
02/12/2010,MDW,IL,AGL,CE,Towers with Radar,480,69,100,2,651,0,0,16,6,22,480,69,116,8,673,0,0,0,673
02/13/2010,MDW,IL,AGL,CE,Towers with Radar,356,42,29,0,427,0,1,37,0,38,356,43,66,0,465,0,0,0,465
02/14/2010,MDW,IL,AGL,CE,Towers with Radar,414,32,26,0,472,0,2,28,0,30,414,34,54,0,502,0,0,0,502
02/15/2010,MDW,IL,AGL,CE,Towers with Radar,486,79,69,0,634,0,2,6,2,10,486,81,75,2,644,0,0,0,644
02/16/2010,MDW,IL,AGL,CE,Towers with Radar,491,77,82,1,651,0,1,17,7,25,491,78,99,8,676,0,0,0,676
02/17/2010,MDW,IL,AGL,CE,Towers with Radar,488,63,93,2,646,0,7,15,7,29,488,70,108,9,675,0,0,0,675
02/18/2010,MDW,IL,AGL,CE,Towers with Radar,498,79,109,2,688,0,5,20,7,32,498,84,129,9,720,0,0,0,720
02/19/2010,MDW,IL,AGL,CE,Towers with Radar,502,62,80,0,644,0,12,19,5,36,502,74,99,5,680,0,0,0,680
02/20/2010,MDW,IL,AGL,CE,Towers with Radar,358,33,28,0,419,0,1,2,1,4,358,34,30,1,423,0,0,0,423
02/21/2010,MDW,IL,AGL,CE,Towers with Radar,428,48,53,0,529,0,0,3,0,3,428,48,56,0,532,0,0,0,532
02/22/2010,MDW,IL,AGL,CE,Towers with Radar,482,68,61,2,613,0,0,2,0,2,482,68,63,2,615,0,0,0,615
02/23/2010,MDW,IL,AGL,CE,Towers with Radar,488,56,94,0,638,0,0,15,8,23,488,56,109,8,661,0,0,0,661
02/24/2010,MDW,IL,AGL,CE,Towers with Radar,486,83,91,0,660,0,3,3,1,7,486,86,94,1,667,0,0,0,667
02/25/2010,MDW,IL,AGL,CE,Towers with Radar,486,70,98,4,658,0,3,29,14,46,486,73,127,18,704,0,0,0,704
02/26/2010,MDW,IL,AGL,CE,Towers with Radar,456,49,95,0,600,0,4,35,2,41,456,53,130,2,641,0,0,0,641
02/27/2010,MDW,IL,AGL,CE,Towers with Radar,358,31,43,2,434,0,2,19,0,21,358,33,62,2,455,0,0,0,455
02/28/2010,MDW,IL,AGL,CE,Towers with Radar,430,50,41,0,521,0,0,26,0,26,430,50,67,0,547,0,0,0,547
03/01/2010,MDW,IL,AGL,CE,Towers with Radar,496,73,60,13,642,0,0,22,1,23,496,73,82,14,665,0,0,0,665
03/02/2010,MDW,IL,AGL,CE,Towers with Radar,486,52,102,4,644,0,2,11,12,25,486,54,113,16,669,0,0,0,669
03/03/2010,MDW,IL,AGL,CE,Towers with Radar,490,58,87,2,637,0,2,18,4,24,490,60,105,6,661,0,0,0,661
03/04/2010,MDW,IL,AGL,CE,Towers with Radar,496,68,98,5,667,0,7,23,6,36,496,75,121,11,703,0,0,0,703
03/05/2010,MDW,IL,AGL,CE,Towers with Radar,503,63,79,0,645,1,9,43,3,56,504,72,122,3,701,0,0,0,701
03/06/2010,MDW,IL,AGL,CE,Towers with Radar,358,32,37,3,430,0,0,40,0,40,358,32,77,3,470,0,0,0,470
03/07/2010,MDW,IL,AGL,CE,Towers with Radar,422,40,52,1,515,0,0,25,0,25,422,40,77,1,540,0,0,0,540
03/08/2010,MDW,IL,AGL,CE,Towers with Radar,453,52,70,0,575,0,0,2,0,2,453,52,72,0,577,0,0,0,577
03/09/2010,MDW,IL,AGL,CE,Towers with Radar,468,59,95,2,624,0,2,10,10,22,468,61,105,12,646,0,0,0,646
03/10/2010,MDW,IL,AGL,CE,Towers with Radar,499,68,100,13,680,0,2,7,10,19,499,70,107,23,699,0,0,0,699
03/11/2010,MDW,IL,AGL,CE,Towers with Radar,494,90,79,0,663,0,2,12,6,20,494,92,91,6,683,0,0,0,683
03/12/2010,MDW,IL,AGL,CE,Towers with Radar,496,61,85,0,642,0,4,15,2,21,496,65,100,2,663,0,0,0,663
03/13/2010,MDW,IL,AGL,CE,Towers with Radar,377,50,38,0,465,0,0,0,0,0,377,50,38,0,465,0,0,0,465
03/14/2010,MDW,IL,AGL,CE,Towers with Radar,469,49,68,3,589,0,0,17,5,22,469,49,85,8,611,0,0,0,611
03/15/2010,MDW,IL,AGL,CE,Towers with Radar,538,67,87,0,692,0,3,22,0,25,538,70,109,0,717,0,0,0,717
03/16/2010,MDW,IL,AGL,CE,Towers with Radar,534,65,114,1,714,0,5,23,21,49,534,70,137,22,763,0,0,0,763
03/17/2010,MDW,IL,AGL,CE,Towers with Radar,538,74,111,2,725,0,5,41,10,56,538,79,152,12,781,0,0,0,781
03/18/2010,MDW,IL,AGL,CE,Towers with Radar,538,63,98,1,700,0,5,31,9,45,538,68,129,10,745,0,0,0,745
03/19/2010,MDW,IL,AGL,CE,Towers with Radar,548,49,101,1,699,0,2,29,5,36,548,51,130,6,735,0,0,0,735
03/20/2010,MDW,IL,AGL,CE,Towers with Radar,431,18,40,0,489,0,1,1,0,2,431,19,41,0,491,0,0,0,491
03/21/2010,MDW,IL,AGL,CE,Towers with Radar,467,43,68,1,579,0,0,13,0,13,467,43,81,1,592,0,0,0,592
03/22/2010,MDW,IL,AGL,CE,Towers with Radar,541,63,77,0,681,0,3,16,1,20,541,66,93,1,701,0,0,0,701
03/23/2010,MDW,IL,AGL,CE,Towers with Radar,537,64,85,2,688,0,1,29,10,40,537,65,114,12,728,0,0,0,728
03/24/2010,MDW,IL,AGL,CE,Towers with Radar,530,63,86,3,682,0,12,16,9,37,530,75,102,12,719,0,0,0,719
03/25/2010,MDW,IL,AGL,CE,Towers with Radar,548,80,85,2,715,0,6,10,12,28,548,86,95,14,743,0,0,0,743
03/26/2010,MDW,IL,AGL,CE,Towers with Radar,537,83,67,2,689,0,10,17,8,35,537,93,84,10,724,0,0,0,724
03/27/2010,MDW,IL,AGL,CE,Towers with Radar,431,57,44,0,532,0,3,48,0,51,431,60,92,0,583,0,0,0,583
03/28/2010,MDW,IL,AGL,CE,Towers with Radar,475,49,50,2,576,1,0,20,0,21,476,49,70,2,597,0,0,0,597
03/29/2010,MDW,IL,AGL,CE,Towers with Radar,544,62,62,0,668,0,1,21,0,22,544,63,83,0,690,0,0,0,690
03/30/2010,MDW,IL,AGL,CE,Towers with Radar,545,43,74,2,664,0,6,29,5,40,545,49,103,7,704,0,0,0,704
03/31/2010,MDW,IL,AGL,CE,Towers with Radar,530,69,76,2,677,0,5,15,19,39,530,74,91,21,716,0,0,0,716
04/01/2010,MDW,IL,AGL,CE,Towers with Radar,538,51,55,0,644,0,3,25,13,41,538,54,80,13,685,0,10,10,695
04/02/2010,MDW,IL,AGL,CE,Towers with Radar,533,42,39,2,616,0,4,22,0,26,533,46,61,2,642,0,0,0,642
04/03/2010,MDW,IL,AGL,CE,Towers with Radar,437,43,52,0,532,0,1,13,0,14,437,44,65,0,546,0,0,0,546
04/04/2010,MDW,IL,AGL,CE,Towers with Radar,477,44,59,2,582,0,0,15,0,15,477,44,74,2,597,0,0,0,597
04/05/2010,MDW,IL,AGL,CE,Towers with Radar,546,64,87,3,700,0,7,22,3,32,546,71,109,6,732,0,0,0,732
04/06/2010,MDW,IL,AGL,CE,Towers with Radar,555,74,70,3,702,0,2,19,6,27,555,76,89,9,729,0,0,0,729
04/07/2010,MDW,IL,AGL,CE,Towers with Radar,540,76,81,0,697,0,0,2,0,2,540,76,83,0,699,0,0,0,699
04/08/2010,MDW,IL,AGL,CE,Towers with Radar,535,62,86,1,684,0,6,26,7,39,535,68,112,8,723,0,0,0,723
04/09/2010,MDW,IL,AGL,CE,Towers with Radar,541,74,100,3,718,0,8,50,2,60,541,82,150,5,778,0,0,0,778
04/10/2010,MDW,IL,AGL,CE,Towers with Radar,427,34,48,0,509,0,1,50,0,51,427,35,98,0,560,0,0,0,560
04/11/2010,MDW,IL,AGL,CE,Towers with Radar,477,51,79,3,610,0,0,28,5,33,477,51,107,8,643,0,0,0,643
04/12/2010,MDW,IL,AGL,CE,Towers with Radar,542,69,94,0,705,0,0,40,0,40,542,69,134,0,745,0,0,0,745
04/13/2010,MDW,IL,AGL,CE,Towers with Radar,540,70,85,0,695,0,5,27,10,42,540,75,112,10,737,0,0,0,737
04/14/2010,MDW,IL,AGL,CE,Towers with Radar,544,67,102,1,714,0,3,17,12,32,544,70,119,13,746,0,0,0,746
04/15/2010,MDW,IL,AGL,CE,Towers with Radar,540,70,124,1,735,0,6,25,13,44,540,76,149,14,779,0,0,0,779
04/16/2010,MDW,IL,AGL,CE,Towers with Radar,541,64,129,1,735,0,2,18,2,22,541,66,147,3,757,0,0,0,757
04/17/2010,MDW,IL,AGL,CE,Towers with Radar,423,27,78,0,528,0,0,43,1,44,423,27,121,1,572,0,0,0,572
04/18/2010,MDW,IL,AGL,CE,Towers with Radar,474,56,82,1,613,0,0,47,2,49,474,56,129,3,662,0,0,0,662
04/19/2010,MDW,IL,AGL,CE,Towers with Radar,545,77,77,5,704,0,4,13,4,21,545,81,90,9,725,0,0,0,725
04/20/2010,MDW,IL,AGL,CE,Towers with Radar,528,81,127,4,740,0,7,32,8,47,528,88,159,12,787,0,0,0,787
04/21/2010,MDW,IL,AGL,CE,Towers with Radar,554,67,125,3,749,0,3,29,7,39,554,70,154,10,788,0,0,0,788
04/22/2010,MDW,IL,AGL,CE,Towers with Radar,543,73,121,3,740,0,6,25,5,36,543,79,146,8,776,0,0,0,776
04/23/2010,MDW,IL,AGL,CE,Towers with Radar,542,84,78,8,712,0,2,15,1,18,542,86,93,9,730,0,0,0,730
04/24/2010,MDW,IL,AGL,CE,Towers with Radar,422,34,48,2,506,0,0,7,0,7,422,34,55,2,513,0,0,0,513
04/25/2010,MDW,IL,AGL,CE,Towers with Radar,475,63,72,2,612,0,0,0,0,0,475,63,72,2,612,0,0,0,612
04/26/2010,MDW,IL,AGL,CE,Towers with Radar,544,67,75,0,686,0,3,23,3,29,544,70,98,3,715,0,0,0,715
04/27/2010,MDW,IL,AGL,CE,Towers with Radar,540,78,118,0,736,0,1,33,1,35,540,79,151,1,771,0,0,0,771
04/28/2010,MDW,IL,AGL,CE,Towers with Radar,548,75,113,1,737,0,9,64,3,76,548,84,177,4,813,0,0,0,813
04/29/2010,MDW,IL,AGL,CE,Towers with Radar,549,78,144,0,771,0,3,18,8,29,549,81,162,8,800,0,0,0,800
04/30/2010,MDW,IL,AGL,CE,Towers with Radar,554,71,121,3,749,0,4,16,0,20,554,75,137,3,769,0,0,0,769
05/01/2010,MDW,IL,AGL,CE,Towers with Radar,426,41,66,0,533,0,8,32,0,40,426,49,98,0,573,0,0,0,573
05/02/2010,MDW,IL,AGL,CE,Towers with Radar,475,52,72,3,602,0,1,27,0,28,475,53,99,3,630,0,0,0,630
05/03/2010,MDW,IL,AGL,CE,Towers with Radar,538,62,107,2,709,0,1,21,4,26,538,63,128,6,735,0,0,0,735
05/04/2010,MDW,IL,AGL,CE,Towers with Radar,543,70,117,1,731,0,5,53,25,83,543,75,170,26,814,0,0,0,814
05/05/2010,MDW,IL,AGL,CE,Towers with Radar,543,75,141,2,761,0,6,27,6,39,543,81,168,8,800,0,0,0,800
05/06/2010,MDW,IL,AGL,CE,Towers with Radar,541,91,142,4,778,0,1,43,13,57,541,92,185,17,835,0,0,0,835
05/07/2010,MDW,IL,AGL,CE,Towers with Radar,538,61,110,0,709,0,1,18,14,33,538,62,128,14,742,0,0,0,742
05/08/2010,MDW,IL,AGL,CE,Towers with Radar,418,33,38,0,489,0,4,17,0,21,418,37,55,0,510,2,0,2,512
05/09/2010,MDW,IL,AGL,CE,Towers with Radar,491,44,70,0,605,0,0,24,0,24,491,44,94,0,629,0,0,0,629
05/10/2010,MDW,IL,AGL,CE,Towers with Radar,550,72,105,0,727,0,5,21,4,30,550,77,126,4,757,0,0,0,757
05/11/2010,MDW,IL,AGL,CE,Towers with Radar,549,90,125,2,766,0,0,0,0,0,549,90,125,2,766,0,0,0,766
05/12/2010,MDW,IL,AGL,CE,Towers with Radar,539,94,141,2,776,0,0,0,0,0,539,94,141,2,776,0,0,0,776
05/13/2010,MDW,IL,AGL,CE,Towers with Radar,561,80,115,2,758,0,2,13,1,16,561,82,128,3,774,0,0,0,774
05/14/2010,MDW,IL,AGL,CE,Towers with Radar,548,69,125,6,748,0,0,44,5,49,548,69,169,11,797,0,0,0,797
05/15/2010,MDW,IL,AGL,CE,Towers with Radar,453,32,63,1,549,0,0,51,6,57,453,32,114,7,606,0,0,0,606
05/16/2010,MDW,IL,AGL,CE,Towers with Radar,494,58,86,6,644,0,2,42,6,50,494,60,128,12,694,0,0,0,694
05/17/2010,MDW,IL,AGL,CE,Towers with Radar,554,92,108,5,759,0,1,14,6,21,554,93,122,11,780,0,0,0,780
05/18/2010,MDW,IL,AGL,CE,Towers with Radar,553,80,99,4,736,0,10,41,9,60,553,90,140,13,796,0,0,0,796
05/19/2010,MDW,IL,AGL,CE,Towers with Radar,551,72,129,3,755,0,10,43,4,57,551,82,172,7,812,0,0,0,812
05/20/2010,MDW,IL,AGL,CE,Towers with Radar,546,79,128,1,754,0,5,46,3,54,546,84,174,4,808,0,0,0,808
05/21/2010,MDW,IL,AGL,CE,Towers with Radar,558,62,107,2,729,0,1,8,0,9,558,63,115,2,738,0,0,0,738
05/22/2010,MDW,IL,AGL,CE,Towers with Radar,453,23,52,2,530,0,2,19,0,21,453,25,71,2,551,0,0,0,551
05/23/2010,MDW,IL,AGL,CE,Towers with Radar,499,82,72,0,653,0,1,48,1,50,499,83,120,1,703,0,0,0,703
05/24/2010,MDW,IL,AGL,CE,Towers with Radar,542,73,122,0,737,0,2,27,2,31,542,75,149,2,768,0,0,0,768
05/25/2010,MDW,IL,AGL,CE,Towers with Radar,553,73,165,8,799,0,10,31,11,52,553,83,196,19,851,0,0,0,851
05/26/2010,MDW,IL,AGL,CE,Towers with Radar,550,75,114,2,741,0,5,23,7,35,550,80,137,9,776,0,0,0,776
05/27/2010,MDW,IL,AGL,CE,Towers with Radar,545,86,80,0,711,0,2,23,1,26,545,88,103,1,737,0,0,0,737
05/28/2010,MDW,IL,AGL,CE,Towers with Radar,549,19,23,0,591,0,0,1,0,1,549,19,24,0,592,0,0,0,592
05/29/2010,MDW,IL,AGL,CE,Towers with Radar,442,6,9,0,457,0,2,2,0,4,442,8,11,0,461,0,0,0,461
05/30/2010,MDW,IL,AGL,CE,Towers with Radar,394,7,5,2,408,0,2,3,0,5,394,9,8,2,413,0,0,0,413
05/31/2010,MDW,IL,AGL,CE,Towers with Radar,493,19,37,2,551,0,0,4,2,6,493,19,41,4,557,0,0,0,557
06/01/2010,MDW,IL,AGL,CE,Towers with Radar,569,69,108,4,750,0,0,32,5,37,569,69,140,9,787,0,0,0,787
06/02/2010,MDW,IL,AGL,CE,Towers with Radar,559,62,98,0,719,0,4,27,6,37,559,66,125,6,756,0,0,0,756
06/03/2010,MDW,IL,AGL,CE,Towers with Radar,553,59,136,2,750,0,1,37,18,56,553,60,173,20,806,0,0,0,806
06/04/2010,MDW,IL,AGL,CE,Towers with Radar,552,49,93,1,695,0,3,20,3,26,552,52,113,4,721,2,0,2,723
06/05/2010,MDW,IL,AGL,CE,Towers with Radar,448,28,43,3,522,0,1,15,0,16,448,29,58,3,538,0,0,0,538
06/06/2010,MDW,IL,AGL,CE,Towers with Radar,490,52,73,2,617,0,0,25,5,30,490,52,98,7,647,0,0,0,647
06/07/2010,MDW,IL,AGL,CE,Towers with Radar,551,81,90,4,726,0,10,40,3,53,551,91,130,7,779,0,0,0,779
06/08/2010,MDW,IL,AGL,CE,Towers with Radar,551,93,92,1,737,0,2,13,8,23,551,95,105,9,760,0,0,0,760
06/09/2010,MDW,IL,AGL,CE,Towers with Radar,548,78,155,7,788,0,4,51,8,63,548,82,206,15,851,2,0,2,853
06/10/2010,MDW,IL,AGL,CE,Towers with Radar,549,101,141,2,793,0,6,47,13,66,549,107,188,15,859,0,0,0,859
06/11/2010,MDW,IL,AGL,CE,Towers with Radar,549,82,114,8,753,0,9,34,7,50,549,91,148,15,803,0,0,0,803
06/12/2010,MDW,IL,AGL,CE,Towers with Radar,454,42,58,0,554,0,1,13,1,15,454,43,71,1,569,0,0,0,569
06/13/2010,MDW,IL,AGL,CE,Towers with Radar,484,56,97,5,642,0,0,6,6,12,484,56,103,11,654,0,0,0,654
06/14/2010,MDW,IL,AGL,CE,Towers with Radar,532,81,116,0,729,0,3,3,2,8,532,84,119,2,737,0,0,0,737
06/15/2010,MDW,IL,AGL,CE,Towers with Radar,487,64,148,3,702,0,0,9,5,14,487,64,157,8,716,0,0,0,716
06/16/2010,MDW,IL,AGL,CE,Towers with Radar,556,94,155,4,809,0,11,62,30,103,556,105,217,34,912,0,0,0,912
06/17/2010,MDW,IL,AGL,CE,Towers with Radar,529,91,139,5,764,0,8,54,22,84,529,99,193,27,848,2,0,2,850
06/18/2010,MDW,IL,AGL,CE,Towers with Radar,468,74,102,2,646,0,6,21,5,32,468,80,123,7,678,0,0,0,678
06/19/2010,MDW,IL,AGL,CE,Towers with Radar,493,48,52,0,593,0,7,46,0,53,493,55,98,0,646,0,0,0,646
06/20/2010,MDW,IL,AGL,CE,Towers with Radar,473,61,65,2,601,0,1,49,1,51,473,62,114,3,652,0,0,0,652
06/21/2010,MDW,IL,AGL,CE,Towers with Radar,526,62,96,6,690,0,5,24,0,29,526,67,120,6,719,0,0,0,719
06/22/2010,MDW,IL,AGL,CE,Towers with Radar,529,78,138,0,745,0,3,46,10,59,529,81,184,10,804,2,0,2,806
06/23/2010,MDW,IL,AGL,CE,Towers with Radar,503,63,127,2,695,0,6,14,1,21,503,69,141,3,716,0,0,0,716
06/24/2010,MDW,IL,AGL,CE,Towers with Radar,550,118,137,1,806,0,8,62,12,82,550,126,199,13,888,0,0,0,888
06/25/2010,MDW,IL,AGL,CE,Towers with Radar,528,69,96,2,695,0,13,53,5,71,528,82,149,7,766,0,0,0,766
06/26/2010,MDW,IL,AGL,CE,Towers with Radar,437,50,60,0,547,0,11,60,0,71,437,61,120,0,618,0,0,0,618
06/27/2010,MDW,IL,AGL,CE,Towers with Radar,472,53,71,0,596,0,6,19,1,26,472,59,90,1,622,0,0,0,622
06/28/2010,MDW,IL,AGL,CE,Towers with Radar,525,67,95,0,687,0,7,36,3,46,525,74,131,3,733,0,0,0,733
06/29/2010,MDW,IL,AGL,CE,Towers with Radar,529,64,109,1,703,0,13,50,9,72,529,77,159,10,775,0,0,0,775
06/30/2010,MDW,IL,AGL,CE,Towers with Radar,528,76,128,5,737,0,9,49,12,70,528,85,177,17,807,0,0,0,807
07/01/2010,MDW,IL,AGL,CE,Towers with Radar,523,63,104,0,690,0,5,54,8,67,523,68,158,8,757,0,0,0,757
07/02/2010,MDW,IL,AGL,CE,Towers with Radar,532,56,105,0,693,0,7,74,6,87,532,63,179,6,780,0,0,0,780
07/03/2010,MDW,IL,AGL,CE,Towers with Radar,438,30,26,0,494,0,3,58,0,61,438,33,84,0,555,0,0,0,555
07/04/2010,MDW,IL,AGL,CE,Towers with Radar,345,21,19,0,385,0,7,32,4,43,345,28,51,4,428,0,0,0,428
07/05/2010,MDW,IL,AGL,CE,Towers with Radar,491,60,58,0,609,0,0,34,0,34,491,60,92,0,643,0,0,0,643
07/06/2010,MDW,IL,AGL,CE,Towers with Radar,525,61,63,9,658,0,6,33,7,46,525,67,96,16,704,0,0,0,704
07/07/2010,MDW,IL,AGL,CE,Towers with Radar,535,49,83,0,667,0,8,38,1,47,535,57,121,1,714,0,0,0,714
07/08/2010,MDW,IL,AGL,CE,Towers with Radar,529,80,119,0,728,0,7,25,1,33,529,87,144,1,761,0,0,0,761
07/09/2010,MDW,IL,AGL,CE,Towers with Radar,524,71,88,4,687,0,8,53,5,66,524,79,141,9,753,0,0,0,753
07/10/2010,MDW,IL,AGL,CE,Towers with Radar,441,42,51,0,534,0,3,81,1,85,441,45,132,1,619,0,0,0,619
07/11/2010,MDW,IL,AGL,CE,Towers with Radar,476,58,58,4,596,0,1,40,0,41,476,59,98,4,637,2,0,2,639
07/12/2010,MDW,IL,AGL,CE,Towers with Radar,525,55,83,0,663,0,4,35,3,42,525,59,118,3,705,0,0,0,705
07/13/2010,MDW,IL,AGL,CE,Towers with Radar,530,58,83,0,671,0,8,52,8,68,530,66,135,8,739,0,0,0,739
07/14/2010,MDW,IL,AGL,CE,Towers with Radar,531,75,99,2,707,0,9,56,5,70,531,84,155,7,777,0,0,0,777
07/15/2010,MDW,IL,AGL,CE,Towers with Radar,534,81,127,11,753,0,9,33,5,47,534,90,160,16,800,0,0,0,800
07/16/2010,MDW,IL,AGL,CE,Towers with Radar,530,97,118,11,756,0,8,49,7,64,530,105,167,18,820,0,0,0,820
07/17/2010,MDW,IL,AGL,CE,Towers with Radar,439,37,47,3,526,0,0,70,0,70,439,37,117,3,596,0,0,0,596
07/18/2010,MDW,IL,AGL,CE,Towers with Radar,460,62,70,4,596,0,3,27,0,30,460,65,97,4,626,0,0,0,626
07/19/2010,MDW,IL,AGL,CE,Towers with Radar,527,91,96,1,715,0,6,30,3,39,527,97,126,4,754,0,0,0,754
07/20/2010,MDW,IL,AGL,CE,Towers with Radar,530,71,123,1,725,0,4,23,17,44,530,75,146,18,769,0,0,0,769
07/21/2010,MDW,IL,AGL,CE,Towers with Radar,532,93,107,1,733,0,11,55,6,72,532,104,162,7,805,0,0,0,805
07/22/2010,MDW,IL,AGL,CE,Towers with Radar,534,89,100,0,723,0,7,32,6,45,534,96,132,6,768,0,0,0,768
07/23/2010,MDW,IL,AGL,CE,Towers with Radar,514,62,89,1,666,0,7,26,7,40,514,69,115,8,706,0,0,0,706
07/24/2010,MDW,IL,AGL,CE,Towers with Radar,474,31,52,1,558,0,5,23,4,32,474,36,75,5,590,0,0,0,590
07/25/2010,MDW,IL,AGL,CE,Towers with Radar,471,67,76,1,615,0,4,57,1,62,471,71,133,2,677,0,0,0,677
07/26/2010,MDW,IL,AGL,CE,Towers with Radar,531,67,75,0,673,0,6,46,5,57,531,73,121,5,730,0,0,0,730
07/27/2010,MDW,IL,AGL,CE,Towers with Radar,529,81,88,3,701,0,7,63,3,73,529,88,151,6,774,0,0,0,774
07/28/2010,MDW,IL,AGL,CE,Towers with Radar,522,85,93,3,703,0,5,29,8,42,522,90,122,11,745,0,0,0,745
07/29/2010,MDW,IL,AGL,CE,Towers with Radar,525,72,121,3,721,0,19,72,12,103,525,91,193,15,824,0,0,0,824
07/30/2010,MDW,IL,AGL,CE,Towers with Radar,534,70,79,2,685,0,19,62,6,87,534,89,141,8,772,0,0,0,772
07/31/2010,MDW,IL,AGL,CE,Towers with Radar,447,26,47,0,520,0,11,28,0,39,447,37,75,0,559,0,0,0,559
08/01/2010,MDW,IL,AGL,CE,Towers with Radar,479,63,89,0,631,0,0,47,1,48,479,63,136,1,679,0,0,0,679
08/02/2010,MDW,IL,AGL,CE,Towers with Radar,527,82,82,2,693,0,15,51,6,72,527,97,133,8,765,0,0,0,765
08/03/2010,MDW,IL,AGL,CE,Towers with Radar,528,61,89,7,685,0,3,26,9,38,528,64,115,16,723,0,0,0,723
08/04/2010,MDW,IL,AGL,CE,Towers with Radar,525,50,68,0,643,0,4,19,3,26,525,54,87,3,669,0,0,0,669
08/05/2010,MDW,IL,AGL,CE,Towers with Radar,530,34,23,0,587,0,7,9,1,17,530,41,32,1,604,0,0,0,604
08/06/2010,MDW,IL,AGL,CE,Towers with Radar,526,81,107,5,719,0,11,40,16,67,526,92,147,21,786,0,0,0,786
08/07/2010,MDW,IL,AGL,CE,Towers with Radar,438,40,40,2,520,0,10,56,16,82,438,50,96,18,602,0,0,0,602
08/08/2010,MDW,IL,AGL,CE,Towers with Radar,472,42,69,6,589,0,4,32,5,41,472,46,101,11,630,0,0,0,630
08/09/2010,MDW,IL,AGL,CE,Towers with Radar,521,75,96,0,692,0,8,34,0,42,521,83,130,0,734,0,0,0,734
08/10/2010,MDW,IL,AGL,CE,Towers with Radar,527,75,110,0,712,0,4,36,11,51,527,79,146,11,763,0,0,0,763
08/11/2010,MDW,IL,AGL,CE,Towers with Radar,522,60,102,4,688,0,9,27,13,49,522,69,129,17,737,0,0,0,737
08/12/2010,MDW,IL,AGL,CE,Towers with Radar,526,112,88,1,727,0,1,42,7,50,526,113,130,8,777,0,0,0,777
08/13/2010,MDW,IL,AGL,CE,Towers with Radar,526,66,108,6,706,0,9,38,5,52,526,75,146,11,758,0,0,0,758
08/14/2010,MDW,IL,AGL,CE,Towers with Radar,437,36,39,1,513,0,5,40,3,48,437,41,79,4,561,0,0,0,561
08/15/2010,MDW,IL,AGL,CE,Towers with Radar,431,50,72,5,558,0,3,49,4,56,431,53,121,9,614,0,0,0,614
08/16/2010,MDW,IL,AGL,CE,Towers with Radar,512,57,89,2,660,0,10,43,3,56,512,67,132,5,716,0,0,0,716
08/17/2010,MDW,IL,AGL,CE,Towers with Radar,505,72,115,4,696,0,1,51,7,59,505,73,166,11,755,0,0,0,755
08/18/2010,MDW,IL,AGL,CE,Towers with Radar,506,84,100,2,692,0,19,48,7,74,506,103,148,9,766,0,0,0,766
08/19/2010,MDW,IL,AGL,CE,Towers with Radar,497,85,92,4,678,0,5,46,9,60,497,90,138,13,738,0,0,0,738
08/20/2010,MDW,IL,AGL,CE,Towers with Radar,504,59,97,4,664,0,2,31,12,45,504,61,128,16,709,0,0,0,709
08/21/2010,MDW,IL,AGL,CE,Towers with Radar,400,31,44,8,483,0,1,31,0,32,400,32,75,8,515,0,0,0,515
08/22/2010,MDW,IL,AGL,CE,Towers with Radar,421,51,69,0,541,0,0,38,0,38,421,51,107,0,579,0,0,0,579
08/23/2010,MDW,IL,AGL,CE,Towers with Radar,510,61,64,0,635,0,6,40,1,47,510,67,104,1,682,0,0,0,682
08/24/2010,MDW,IL,AGL,CE,Towers with Radar,502,59,74,3,638,0,3,38,6,47,502,62,112,9,685,0,0,0,685
08/25/2010,MDW,IL,AGL,CE,Towers with Radar,505,55,115,2,677,0,2,30,12,44,505,57,145,14,721,0,0,0,721
08/26/2010,MDW,IL,AGL,CE,Towers with Radar,507,66,121,13,707,0,5,54,14,73,507,71,175,27,780,0,0,0,780
08/27/2010,MDW,IL,AGL,CE,Towers with Radar,504,79,75,4,662,0,16,35,4,55,504,95,110,8,717,0,0,0,717
08/28/2010,MDW,IL,AGL,CE,Towers with Radar,400,23,56,0,479,0,1,60,0,61,400,24,116,0,540,0,0,0,540
08/29/2010,MDW,IL,AGL,CE,Towers with Radar,434,47,78,4,563,0,1,53,0,54,434,48,131,4,617,0,0,0,617
08/30/2010,MDW,IL,AGL,CE,Towers with Radar,502,61,82,0,645,0,3,25,2,30,502,64,107,2,675,0,0,0,675
08/31/2010,MDW,IL,AGL,CE,Towers with Radar,498,75,97,2,672,0,6,54,6,66,498,81,151,8,738,0,0,0,738
09/01/2010,MDW,IL,AGL,CE,Towers with Radar,505,66,91,0,662,0,8,28,11,47,505,74,119,11,709,0,0,0,709
09/02/2010,MDW,IL,AGL,CE,Towers with Radar,502,82,71,2,657,0,0,3,12,15,502,82,74,14,672,0,0,0,672
09/03/2010,MDW,IL,AGL,CE,Towers with Radar,495,60,87,4,646,0,5,23,2,30,495,65,110,6,676,0,0,0,676
09/04/2010,MDW,IL,AGL,CE,Towers with Radar,395,27,41,0,463,0,2,33,0,35,395,29,74,0,498,0,0,0,498
09/05/2010,MDW,IL,AGL,CE,Towers with Radar,331,23,39,3,396,0,1,45,0,46,331,24,84,3,442,0,0,0,442
09/06/2010,MDW,IL,AGL,CE,Towers with Radar,434,60,78,5,577,0,3,32,0,35,434,63,110,5,612,0,0,0,612
09/07/2010,MDW,IL,AGL,CE,Towers with Radar,504,76,77,1,658,0,2,20,11,33,504,78,97,12,691,0,0,0,691
09/08/2010,MDW,IL,AGL,CE,Towers with Radar,497,102,96,3,698,0,10,42,7,59,497,112,138,10,757,0,0,0,757
09/09/2010,MDW,IL,AGL,CE,Towers with Radar,515,77,99,0,691,0,7,35,10,52,515,84,134,10,743,0,0,0,743
09/10/2010,MDW,IL,AGL,CE,Towers with Radar,507,64,89,7,667,0,9,54,7,70,507,73,143,14,737,0,0,0,737
09/11/2010,MDW,IL,AGL,CE,Towers with Radar,403,37,62,0,502,0,1,18,0,19,403,38,80,0,521,0,0,0,521
09/12/2010,MDW,IL,AGL,CE,Towers with Radar,430,59,91,0,580,0,11,78,2,91,430,70,169,2,671,0,0,0,671
09/13/2010,MDW,IL,AGL,CE,Towers with Radar,504,69,120,0,693,0,2,53,1,56,504,71,173,1,749,0,0,0,749
09/14/2010,MDW,IL,AGL,CE,Towers with Radar,499,93,148,12,752,0,6,41,11,58,499,99,189,23,810,0,0,0,810
09/15/2010,MDW,IL,AGL,CE,Towers with Radar,507,95,180,0,782,0,17,48,7,72,507,112,228,7,854,0,0,0,854
09/16/2010,MDW,IL,AGL,CE,Towers with Radar,511,88,183,2,784,0,1,15,2,18,511,89,198,4,802,0,0,0,802
09/17/2010,MDW,IL,AGL,CE,Towers with Radar,515,86,138,6,745,0,6,73,2,81,515,92,211,8,826,0,0,0,826
09/18/2010,MDW,IL,AGL,CE,Towers with Radar,406,36,48,1,491,0,0,21,0,21,406,36,69,1,512,0,0,0,512
09/19/2010,MDW,IL,AGL,CE,Towers with Radar,430,67,78,2,577,0,0,39,0,39,430,67,117,2,616,0,0,0,616
09/20/2010,MDW,IL,AGL,CE,Towers with Radar,508,90,123,5,726,0,2,37,5,44,508,92,160,10,770,0,0,0,770
09/21/2010,MDW,IL,AGL,CE,Towers with Radar,498,82,136,2,718,0,2,35,2,39,498,84,171,4,757,0,0,0,757
09/22/2010,MDW,IL,AGL,CE,Towers with Radar,496,82,151,1,730,0,7,25,7,39,496,89,176,8,769,0,0,0,769
09/23/2010,MDW,IL,AGL,CE,Towers with Radar,504,100,155,3,762,0,1,24,0,25,504,101,179,3,787,0,0,0,787
09/24/2010,MDW,IL,AGL,CE,Towers with Radar,503,85,149,1,738,0,14,8,3,25,503,99,157,4,763,0,0,0,763
09/25/2010,MDW,IL,AGL,CE,Towers with Radar,400,48,58,0,506,0,7,62,0,69,400,55,120,0,575,0,0,0,575
09/26/2010,MDW,IL,AGL,CE,Towers with Radar,434,59,94,1,588,0,0,49,0,49,434,59,143,1,637,0,0,0,637
09/27/2010,MDW,IL,AGL,CE,Towers with Radar,505,72,120,0,697,0,2,24,3,29,505,74,144,3,726,0,0,0,726
09/28/2010,MDW,IL,AGL,CE,Towers with Radar,508,88,146,0,742,0,2,45,1,48,508,90,191,1,790,0,0,0,790
09/29/2010,MDW,IL,AGL,CE,Towers with Radar,495,86,116,0,697,0,6,52,5,63,495,92,168,5,760,0,0,0,760
09/30/2010,MDW,IL,AGL,CE,Towers with Radar,495,83,119,0,697,0,11,38,8,57,495,94,157,8,754,0,0,0,754
10/01/2010,MDW,IL,AGL,CE,Towers with Radar,510,69,107,0,686,0,8,44,5,57,510,77,151,5,743,0,0,0,743
10/02/2010,MDW,IL,AGL,CE,Towers with Radar,406,39,50,0,495,0,2,14,0,16,406,41,64,0,511,0,0,0,511
10/03/2010,MDW,IL,AGL,CE,Towers with Radar,436,57,120,0,613,0,0,35,0,35,436,57,155,0,648,0,0,0,648
10/04/2010,MDW,IL,AGL,CE,Towers with Radar,496,82,107,2,687,0,9,42,6,57,496,91,149,8,744,0,0,0,744
10/05/2010,MDW,IL,AGL,CE,Towers with Radar,502,81,127,0,710,0,8,43,6,57,502,89,170,6,767,0,0,0,767
10/06/2010,MDW,IL,AGL,CE,Towers with Radar,497,79,137,0,713,0,6,40,3,49,497,85,177,3,762,0,0,0,762
10/07/2010,MDW,IL,AGL,CE,Towers with Radar,510,76,96,2,684,0,3,31,4,38,510,79,127,6,722,0,0,0,722
10/08/2010,MDW,IL,AGL,CE,Towers with Radar,509,81,121,2,713,0,1,47,4,52,509,82,168,6,765,0,0,0,765
10/09/2010,MDW,IL,AGL,CE,Towers with Radar,408,34,44,0,486,0,8,47,2,57,408,42,91,2,543,0,0,0,543
10/10/2010,MDW,IL,AGL,CE,Towers with Radar,435,53,75,2,565,0,5,47,2,54,435,58,122,4,619,0,0,0,619
10/11/2010,MDW,IL,AGL,CE,Towers with Radar,497,70,116,4,687,1,5,24,2,32,498,75,140,6,719,0,0,0,719
10/12/2010,MDW,IL,AGL,CE,Towers with Radar,514,88,123,3,728,0,3,52,7,62,514,91,175,10,790,0,0,0,790
10/13/2010,MDW,IL,AGL,CE,Towers with Radar,512,75,141,1,729,0,8,33,9,50,512,83,174,10,779,0,0,0,779
10/14/2010,MDW,IL,AGL,CE,Towers with Radar,513,104,192,1,810,0,12,45,10,67,513,116,237,11,877,0,0,0,877
10/15/2010,MDW,IL,AGL,CE,Towers with Radar,515,102,154,1,772,0,1,49,8,58,515,103,203,9,830,0,0,0,830
10/16/2010,MDW,IL,AGL,CE,Towers with Radar,406,37,70,0,513,0,3,50,0,53,406,40,120,0,566,0,0,0,566
10/17/2010,MDW,IL,AGL,CE,Towers with Radar,428,52,88,2,570,0,0,36,0,36,428,52,124,2,606,0,0,0,606
10/18/2010,MDW,IL,AGL,CE,Towers with Radar,512,81,111,0,704,0,0,38,3,41,512,81,149,3,745,0,0,0,745
10/19/2010,MDW,IL,AGL,CE,Towers with Radar,506,85,104,2,697,0,5,44,9,58,506,90,148,11,755,0,0,0,755
10/20/2010,MDW,IL,AGL,CE,Towers with Radar,500,96,128,0,724,0,7,33,10,50,500,103,161,10,774,0,0,0,774
10/21/2010,MDW,IL,AGL,CE,Towers with Radar,513,110,145,2,770,0,14,45,13,72,513,124,190,15,842,0,0,0,842
10/22/2010,MDW,IL,AGL,CE,Towers with Radar,504,84,142,6,736,0,4,66,5,75,504,88,208,11,811,0,0,0,811
10/23/2010,MDW,IL,AGL,CE,Towers with Radar,415,31,40,6,492,0,0,21,5,26,415,31,61,11,518,0,0,0,518
10/24/2010,MDW,IL,AGL,CE,Towers with Radar,434,66,110,0,610,0,0,17,0,17,434,66,127,0,627,0,0,0,627
10/25/2010,MDW,IL,AGL,CE,Towers with Radar,503,87,88,2,680,0,4,24,4,32,503,91,112,6,712,0,0,0,712
10/26/2010,MDW,IL,AGL,CE,Towers with Radar,499,90,68,2,659,0,0,0,3,3,499,90,68,5,662,0,0,0,662
10/27/2010,MDW,IL,AGL,CE,Towers with Radar,504,94,108,1,707,0,0,7,11,18,504,94,115,12,725,0,0,0,725
10/28/2010,MDW,IL,AGL,CE,Towers with Radar,499,105,107,2,713,0,8,32,12,52,499,113,139,14,765,0,0,0,765
10/29/2010,MDW,IL,AGL,CE,Towers with Radar,507,74,130,3,714,0,4,60,23,87,507,78,190,26,801,0,0,0,801
10/30/2010,MDW,IL,AGL,CE,Towers with Radar,403,31,48,2,484,0,5,30,1,36,403,36,78,3,520,0,0,0,520
10/31/2010,MDW,IL,AGL,CE,Towers with Radar,421,46,71,0,538,0,0,18,0,18,421,46,89,0,556,0,0,0,556
11/01/2010,MDW,IL,AGL,CE,Towers with Radar,508,62,156,0,726,0,3,31,3,37,508,65,187,3,763,0,0,0,763
11/02/2010,MDW,IL,AGL,CE,Towers with Radar,509,78,171,2,760,0,10,29,12,51,509,88,200,14,811,0,0,0,811
11/03/2010,MDW,IL,AGL,CE,Towers with Radar,504,86,156,2,748,0,3,34,4,41,504,89,190,6,789,0,0,0,789
11/04/2010,MDW,IL,AGL,CE,Towers with Radar,509,85,102,1,697,0,5,26,15,46,509,90,128,16,743,0,0,0,743
11/05/2010,MDW,IL,AGL,CE,Towers with Radar,510,97,110,2,719,0,2,27,6,35,510,99,137,8,754,0,0,0,754
11/06/2010,MDW,IL,AGL,CE,Towers with Radar,412,21,49,1,483,0,2,48,9,59,412,23,97,10,542,0,0,0,542
11/07/2010,MDW,IL,AGL,CE,Towers with Radar,447,50,68,0,565,0,3,42,2,47,447,53,110,2,612,0,0,0,612
11/08/2010,MDW,IL,AGL,CE,Towers with Radar,493,72,103,0,668,0,5,42,6,53,493,77,145,6,721,0,0,0,721
11/09/2010,MDW,IL,AGL,CE,Towers with Radar,486,80,129,3,698,0,7,45,10,62,486,87,174,13,760,0,0,0,760
11/10/2010,MDW,IL,AGL,CE,Towers with Radar,490,97,122,2,711,0,13,48,10,71,490,110,170,12,782,0,0,0,782
11/11/2010,MDW,IL,AGL,CE,Towers with Radar,498,85,155,0,738,0,2,38,2,42,498,87,193,2,780,0,0,0,780
11/12/2010,MDW,IL,AGL,CE,Towers with Radar,492,79,108,0,679,0,6,22,7,35,492,85,130,7,714,0,0,0,714
11/13/2010,MDW,IL,AGL,CE,Towers with Radar,392,39,63,0,494,0,1,12,0,13,392,40,75,0,507,0,0,0,507
11/14/2010,MDW,IL,AGL,CE,Towers with Radar,443,77,102,0,622,0,1,16,0,17,443,78,118,0,639,0,0,0,639
11/15/2010,MDW,IL,AGL,CE,Towers with Radar,485,93,116,0,694,0,7,30,1,38,485,100,146,1,732,0,0,0,732
11/16/2010,MDW,IL,AGL,CE,Towers with Radar,482,101,124,6,713,0,0,30,14,44,482,101,154,20,757,6,0,6,763
11/17/2010,MDW,IL,AGL,CE,Towers with Radar,485,90,100,0,675,0,7,13,18,38,485,97,113,18,713,0,0,0,713
11/18/2010,MDW,IL,AGL,CE,Towers with Radar,494,111,141,3,749,0,5,25,17,47,494,116,166,20,796,0,0,0,796
11/19/2010,MDW,IL,AGL,CE,Towers with Radar,514,85,113,6,718,0,9,40,3,52,514,94,153,9,770,0,0,0,770
11/20/2010,MDW,IL,AGL,CE,Towers with Radar,403,34,57,3,497,0,0,38,1,39,403,34,95,4,536,0,0,0,536
11/21/2010,MDW,IL,AGL,CE,Towers with Radar,443,57,58,4,562,0,0,4,0,4,443,57,62,4,566,0,0,0,566
11/22/2010,MDW,IL,AGL,CE,Towers with Radar,477,59,60,1,597,0,0,6,2,8,477,59,66,3,605,0,0,0,605
11/23/2010,MDW,IL,AGL,CE,Towers with Radar,520,68,86,3,677,0,0,45,18,63,520,68,131,21,740,0,0,0,740
11/24/2010,MDW,IL,AGL,CE,Towers with Radar,524,58,72,4,658,0,5,4,5,14,524,63,76,9,672,0,0,0,672
11/25/2010,MDW,IL,AGL,CE,Towers with Radar,332,24,6,0,362,0,1,1,0,2,332,25,7,0,364,0,0,0,364
11/26/2010,MDW,IL,AGL,CE,Towers with Radar,390,31,31,0,452,0,7,19,3,29,390,38,50,3,481,0,0,0,481
11/27/2010,MDW,IL,AGL,CE,Towers with Radar,435,37,51,0,523,0,3,26,0,29,435,40,77,0,552,0,0,0,552
11/28/2010,MDW,IL,AGL,CE,Towers with Radar,551,80,91,0,722,0,1,35,1,37,551,81,126,1,759,0,0,0,759
11/29/2010,MDW,IL,AGL,CE,Towers with Radar,524,78,90,0,692,0,6,22,0,28,524,84,112,0,720,0,0,0,720
11/30/2010,MDW,IL,AGL,CE,Towers with Radar,499,75,116,2,692,0,0,6,13,19,499,75,122,15,711,0,0,0,711
12/01/2010,MDW,IL,AGL,CE,Towers with Radar,495,83,117,2,697,0,10,28,4,42,495,93,145,6,739,0,0,0,739
12/02/2010,MDW,IL,AGL,CE,Towers with Radar,488,84,125,1,698,0,4,26,12,42,488,88,151,13,740,0,0,0,740
12/03/2010,MDW,IL,AGL,CE,Towers with Radar,488,86,110,2,686,0,2,31,7,40,488,88,141,9,726,0,0,0,726
12/04/2010,MDW,IL,AGL,CE,Towers with Radar,394,33,47,0,474,0,0,0,0,0,394,33,47,0,474,0,0,0,474
12/05/2010,MDW,IL,AGL,CE,Towers with Radar,449,65,80,2,596,0,0,14,0,14,449,65,94,2,610,0,0,0,610
12/06/2010,MDW,IL,AGL,CE,Towers with Radar,491,71,102,0,664,0,1,33,0,34,491,72,135,0,698,0,0,0,698
12/07/2010,MDW,IL,AGL,CE,Towers with Radar,486,87,96,4,673,0,5,33,18,56,486,92,129,22,729,0,0,0,729
12/08/2010,MDW,IL,AGL,CE,Towers with Radar,486,76,117,5,684,0,6,30,10,46,486,82,147,15,730,0,0,0,730
12/09/2010,MDW,IL,AGL,CE,Towers with Radar,491,87,125,0,703,0,2,27,7,36,491,89,152,7,739,0,0,0,739
12/10/2010,MDW,IL,AGL,CE,Towers with Radar,490,76,135,3,704,0,4,26,8,38,490,80,161,11,742,0,0,0,742
12/11/2010,MDW,IL,AGL,CE,Towers with Radar,383,38,34,2,457,0,0,0,0,0,383,38,34,2,457,0,0,0,457
12/12/2010,MDW,IL,AGL,CE,Towers with Radar,113,35,27,0,175,0,0,0,0,0,113,35,27,0,175,0,0,0,175
12/13/2010,MDW,IL,AGL,CE,Towers with Radar,492,91,100,0,683,0,1,19,2,22,492,92,119,2,705,0,0,0,705
12/14/2010,MDW,IL,AGL,CE,Towers with Radar,490,67,93,8,658,0,6,26,6,38,490,73,119,14,696,4,0,4,700
12/15/2010,MDW,IL,AGL,CE,Towers with Radar,483,95,116,6,700,0,2,34,12,48,483,97,150,18,748,0,0,0,748
12/16/2010,MDW,IL,AGL,CE,Towers with Radar,480,87,91,0,658,0,4,16,8,28,480,91,107,8,686,0,0,0,686
12/17/2010,MDW,IL,AGL,CE,Towers with Radar,521,101,84,2,708,0,5,15,2,22,521,106,99,4,730,0,0,0,730
12/18/2010,MDW,IL,AGL,CE,Towers with Radar,405,47,34,0,486,0,4,39,0,43,405,51,73,0,529,0,0,0,529
12/19/2010,MDW,IL,AGL,CE,Towers with Radar,449,45,47,1,542,0,0,25,3,28,449,45,72,4,570,0,0,0,570
12/20/2010,MDW,IL,AGL,CE,Towers with Radar,417,53,81,2,553,0,3,18,0,21,417,56,99,2,574,0,0,0,574
12/21/2010,MDW,IL,AGL,CE,Towers with Radar,486,62,84,0,632,0,0,0,0,0,486,62,84,0,632,0,0,0,632
12/22/2010,MDW,IL,AGL,CE,Towers with Radar,530,69,57,1,657,0,9,28,7,44,530,78,85,8,701,0,0,0,701
12/23/2010,MDW,IL,AGL,CE,Towers with Radar,525,55,46,0,626,0,3,19,1,23,525,58,65,1,649,0,0,0,649
12/24/2010,MDW,IL,AGL,CE,Towers with Radar,395,32,12,0,439,0,1,2,3,6,395,33,14,3,445,0,0,0,445
12/25/2010,MDW,IL,AGL,CE,Towers with Radar,331,34,10,0,375,0,0,3,0,3,331,34,13,0,378,0,0,0,378
12/26/2010,MDW,IL,AGL,CE,Towers with Radar,471,59,52,0,582,0,1,4,0,5,471,60,56,0,587,0,0,0,587
12/27/2010,MDW,IL,AGL,CE,Towers with Radar,487,54,61,0,602,1,7,13,5,26,488,61,74,5,628,0,0,0,628
12/28/2010,MDW,IL,AGL,CE,Towers with Radar,516,77,48,0,641,0,6,40,2,48,516,83,88,2,689,0,0,0,689
12/29/2010,MDW,IL,AGL,CE,Towers with Radar,377,34,32,0,443,0,0,26,4,30,377,34,58,4,473,0,0,0,473
12/30/2010,MDW,IL,AGL,CE,Towers with Radar,403,54,29,2,488,0,3,4,3,10,403,57,33,5,498,0,0,0,498
12/31/2010,MDW,IL,AGL,CE,Towers with Radar,387,36,11,0,434,0,3,5,0,8,387,39,16,0,442,0,0,0,442
01/01/2011,MDW,IL,AGL,CE,Towers with Radar,356,45,42,0,443,0,0,6,0,6,356,45,48,0,449,0,0,0,449
01/02/2011,MDW,IL,AGL,CE,Towers with Radar,514,70,82,0,666,0,5,31,0,36,514,75,113,0,702,0,0,0,702
01/03/2011,MDW,IL,AGL,CE,Towers with Radar,530,60,61,0,651,0,13,22,1,36,530,73,83,1,687,0,0,0,687
01/04/2011,MDW,IL,AGL,CE,Towers with Radar,510,66,44,1,621,0,3,19,7,29,510,69,63,8,650,0,0,0,650
01/05/2011,MDW,IL,AGL,CE,Towers with Radar,486,66,54,0,606,0,7,13,11,31,486,73,67,11,637,0,0,0,637
01/06/2011,MDW,IL,AGL,CE,Towers with Radar,486,66,58,3,613,0,3,6,13,22,486,69,64,16,635,0,0,0,635
01/07/2011,MDW,IL,AGL,CE,Towers with Radar,489,65,53,0,607,0,1,11,4,16,489,66,64,4,623,0,0,0,623
01/08/2011,MDW,IL,AGL,CE,Towers with Radar,389,46,23,0,458,0,0,44,4,48,389,46,67,4,506,0,0,0,506
01/09/2011,MDW,IL,AGL,CE,Towers with Radar,382,41,42,0,465,0,0,42,7,49,382,41,84,7,514,0,0,0,514
01/10/2011,MDW,IL,AGL,CE,Towers with Radar,447,59,65,0,571,0,6,9,5,20,447,65,74,5,591,0,0,0,591
01/11/2011,MDW,IL,AGL,CE,Towers with Radar,421,57,69,0,547,0,0,0,0,0,421,57,69,0,547,0,0,0,547
01/12/2011,MDW,IL,AGL,CE,Towers with Radar,428,76,78,0,582,0,6,12,19,37,428,82,90,19,619,0,0,0,619
01/13/2011,MDW,IL,AGL,CE,Towers with Radar,460,86,79,2,627,0,1,25,14,40,460,87,104,16,667,0,0,0,667
01/14/2011,MDW,IL,AGL,CE,Towers with Radar,469,74,72,1,616,0,4,36,6,46,469,78,108,7,662,0,0,0,662
01/15/2011,MDW,IL,AGL,CE,Towers with Radar,365,28,30,0,423,0,0,56,0,56,365,28,86,0,479,0,0,0,479
01/16/2011,MDW,IL,AGL,CE,Towers with Radar,390,41,76,3,510,0,3,11,3,17,390,44,87,6,527,0,0,0,527
01/17/2011,MDW,IL,AGL,CE,Towers with Radar,466,67,80,5,618,0,0,2,0,2,466,67,82,5,620,0,0,0,620
01/18/2011,MDW,IL,AGL,CE,Towers with Radar,461,79,78,0,618,0,0,0,0,0,461,79,78,0,618,0,0,0,618
01/19/2011,MDW,IL,AGL,CE,Towers with Radar,458,76,97,1,632,0,11,24,11,46,458,87,121,12,678,0,0,0,678
01/20/2011,MDW,IL,AGL,CE,Towers with Radar,469,69,103,1,642,0,2,32,12,46,469,71,135,13,688,0,0,0,688
01/21/2011,MDW,IL,AGL,CE,Towers with Radar,463,76,85,4,628,0,3,22,1,26,463,79,107,5,654,0,0,0,654
01/22/2011,MDW,IL,AGL,CE,Towers with Radar,359,44,42,0,445,0,2,41,0,43,359,46,83,0,488,0,0,0,488
01/23/2011,MDW,IL,AGL,CE,Towers with Radar,397,79,88,2,566,0,1,34,2,37,397,80,122,4,603,0,0,0,603
01/24/2011,MDW,IL,AGL,CE,Towers with Radar,478,83,91,1,653,0,0,0,0,0,478,83,91,1,653,0,0,0,653
01/25/2011,MDW,IL,AGL,CE,Towers with Radar,459,72,81,2,614,0,0,14,7,21,459,72,95,9,635,0,0,0,635
01/26/2011,MDW,IL,AGL,CE,Towers with Radar,429,65,73,4,571,0,0,19,6,25,429,65,92,10,596,0,0,0,596
01/27/2011,MDW,IL,AGL,CE,Towers with Radar,459,86,73,3,621,0,0,4,9,13,459,86,77,12,634,0,0,0,634
01/28/2011,MDW,IL,AGL,CE,Towers with Radar,478,72,62,0,612,0,3,32,2,37,478,75,94,2,649,0,0,0,649
01/29/2011,MDW,IL,AGL,CE,Towers with Radar,379,35,17,0,431,0,1,31,0,32,379,36,48,0,463,0,0,0,463
01/30/2011,MDW,IL,AGL,CE,Towers with Radar,398,53,28,0,479,0,0,12,0,12,398,53,40,0,491,0,0,0,491
01/31/2011,MDW,IL,AGL,CE,Towers with Radar,465,75,71,0,611,0,5,17,2,24,465,80,88,2,635,0,0,0,635
02/01/2011,MDW,IL,AGL,CE,Towers with Radar,142,29,23,0,194,0,0,3,0,3,142,29,26,0,197,0,0,0,197
02/02/2011,MDW,IL,AGL,CE,Towers with Radar,7,0,0,0,7,0,2,2,0,4,7,2,2,0,11,0,0,0,11
02/03/2011,MDW,IL,AGL,CE,Towers with Radar,465,78,63,0,606,0,7,35,0,42,465,85,98,0,648,0,0,0,648
02/04/2011,MDW,IL,AGL,CE,Towers with Radar,462,87,62,4,615,0,3,26,0,29,462,90,88,4,644,0,0,0,644
02/05/2011,MDW,IL,AGL,CE,Towers with Radar,374,39,45,0,458,0,1,36,6,43,374,40,81,6,501,0,0,0,501
02/06/2011,MDW,IL,AGL,CE,Towers with Radar,394,34,41,0,469,0,0,1,0,1,394,34,42,0,470,0,0,0,470
02/07/2011,MDW,IL,AGL,CE,Towers with Radar,477,72,72,3,624,0,1,25,0,26,477,73,97,3,650,0,0,0,650
02/08/2011,MDW,IL,AGL,CE,Towers with Radar,463,58,83,2,606,0,1,21,0,22,463,59,104,2,628,0,0,0,628
02/09/2011,MDW,IL,AGL,CE,Towers with Radar,463,61,81,4,609,0,7,33,8,48,463,68,114,12,657,0,0,0,657
02/10/2011,MDW,IL,AGL,CE,Towers with Radar,458,67,115,1,641,0,9,17,13,39,458,76,132,14,680,0,0,0,680
02/11/2011,MDW,IL,AGL,CE,Towers with Radar,469,67,74,0,610,0,3,28,5,36,469,70,102,5,646,0,0,0,646
02/12/2011,MDW,IL,AGL,CE,Towers with Radar,356,33,41,0,430,0,4,85,0,89,356,37,126,0,519,0,0,0,519
02/13/2011,MDW,IL,AGL,CE,Towers with Radar,422,29,47,0,498,0,0,62,0,62,422,29,109,0,560,0,0,0,560
02/14/2011,MDW,IL,AGL,CE,Towers with Radar,478,73,57,0,608,0,3,90,5,98,478,76,147,5,706,0,0,0,706
02/15/2011,MDW,IL,AGL,CE,Towers with Radar,479,80,111,4,674,0,3,30,8,41,479,83,141,12,715,0,0,0,715
02/16/2011,MDW,IL,AGL,CE,Towers with Radar,473,92,96,3,664,0,2,22,10,34,473,94,118,13,698,0,0,0,698
02/17/2011,MDW,IL,AGL,CE,Towers with Radar,473,109,123,2,707,0,3,12,12,27,473,112,135,14,734,0,0,0,734
02/18/2011,MDW,IL,AGL,CE,Towers with Radar,489,98,87,1,675,0,6,33,14,53,489,104,120,15,728,0,0,0,728
02/19/2011,MDW,IL,AGL,CE,Towers with Radar,368,45,30,0,443,0,0,84,0,84,368,45,114,0,527,0,0,0,527
02/20/2011,MDW,IL,AGL,CE,Towers with Radar,396,41,51,0,488,0,0,2,0,2,396,41,53,0,490,0,0,0,490
02/21/2011,MDW,IL,AGL,CE,Towers with Radar,486,87,83,0,656,0,0,0,0,0,486,87,83,0,656,0,0,0,656
02/22/2011,MDW,IL,AGL,CE,Towers with Radar,487,83,91,0,661,0,0,9,6,15,487,83,100,6,676,0,0,0,676
02/23/2011,MDW,IL,AGL,CE,Towers with Radar,482,73,73,0,628,0,2,19,4,25,482,75,92,4,653,0,0,0,653
02/24/2011,MDW,IL,AGL,CE,Towers with Radar,486,87,97,0,670,0,9,21,11,41,486,96,118,11,711,0,0,0,711
02/25/2011,MDW,IL,AGL,CE,Towers with Radar,461,72,59,0,592,0,4,29,3,36,461,76,88,3,628,0,0,0,628
02/26/2011,MDW,IL,AGL,CE,Towers with Radar,363,44,32,0,439,1,2,2,0,5,364,46,34,0,444,0,0,0,444
02/27/2011,MDW,IL,AGL,CE,Towers with Radar,436,50,55,0,541,0,1,11,0,12,436,51,66,0,553,0,0,0,553
02/28/2011,MDW,IL,AGL,CE,Towers with Radar,477,71,83,2,633,0,1,20,0,21,477,72,103,2,654,0,0,0,654
03/01/2011,MDW,IL,AGL,CE,Towers with Radar,482,74,77,0,633,0,0,27,17,44,482,74,104,17,677,0,0,0,677
03/02/2011,MDW,IL,AGL,CE,Towers with Radar,472,76,77,2,627,0,4,31,8,43,472,80,108,10,670,0,0,0,670
03/03/2011,MDW,IL,AGL,CE,Towers with Radar,482,96,104,1,683,0,1,34,5,40,482,97,138,6,723,0,0,0,723
03/04/2011,MDW,IL,AGL,CE,Towers with Radar,490,57,99,7,653,0,1,15,0,16,490,58,114,7,669,0,0,0,669
03/05/2011,MDW,IL,AGL,CE,Towers with Radar,373,39,34,0,446,0,0,1,0,1,373,39,35,0,447,0,0,0,447
03/06/2011,MDW,IL,AGL,CE,Towers with Radar,429,44,65,0,538,0,2,46,0,48,429,46,111,0,586,0,0,0,586
03/07/2011,MDW,IL,AGL,CE,Towers with Radar,496,98,100,0,694,0,0,21,1,22,496,98,121,1,716,0,0,0,716
03/08/2011,MDW,IL,AGL,CE,Towers with Radar,486,82,106,4,678,0,8,20,8,36,486,90,126,12,714,0,0,0,714
03/09/2011,MDW,IL,AGL,CE,Towers with Radar,492,87,86,0,665,0,0,0,0,0,492,87,86,0,665,0,0,0,665
03/10/2011,MDW,IL,AGL,CE,Towers with Radar,480,109,82,0,671,0,4,36,11,51,480,113,118,11,722,0,0,0,722
03/11/2011,MDW,IL,AGL,CE,Towers with Radar,482,63,73,1,619,0,9,39,4,52,482,72,112,5,671,0,0,0,671
03/12/2011,MDW,IL,AGL,CE,Towers with Radar,434,38,20,0,492,0,0,19,0,19,434,38,39,0,511,0,0,0,511
03/13/2011,MDW,IL,AGL,CE,Towers with Radar,475,50,55,0,580,0,3,48,0,51,475,53,103,0,631,0,0,0,631
03/14/2011,MDW,IL,AGL,CE,Towers with Radar,543,56,77,0,676,0,3,30,1,34,543,59,107,1,710,0,0,0,710
03/15/2011,MDW,IL,AGL,CE,Towers with Radar,544,95,87,0,726,0,0,22,5,27,544,95,109,5,753,0,0,0,753
03/16/2011,MDW,IL,AGL,CE,Towers with Radar,539,81,94,0,714,0,0,37,0,37,539,81,131,0,751,0,0,0,751
03/17/2011,MDW,IL,AGL,CE,Towers with Radar,537,88,60,0,685,0,14,37,4,55,537,102,97,4,740,0,0,0,740
03/18/2011,MDW,IL,AGL,CE,Towers with Radar,544,81,84,0,709,0,0,28,3,31,544,81,112,3,740,0,0,0,740
03/19/2011,MDW,IL,AGL,CE,Towers with Radar,442,38,36,0,516,0,2,64,0,66,442,40,100,0,582,0,0,0,582
03/20/2011,MDW,IL,AGL,CE,Towers with Radar,482,51,69,0,602,0,2,10,0,12,482,53,79,0,614,0,0,0,614
03/21/2011,MDW,IL,AGL,CE,Towers with Radar,544,57,66,0,667,0,0,19,0,19,544,57,85,0,686,0,0,0,686
03/22/2011,MDW,IL,AGL,CE,Towers with Radar,540,83,96,2,721,0,0,5,16,21,540,83,101,18,742,0,26,26,768
03/23/2011,MDW,IL,AGL,CE,Towers with Radar,531,79,109,0,719,0,0,0,0,0,531,79,109,0,719,0,0,0,719
03/24/2011,MDW,IL,AGL,CE,Towers with Radar,548,67,88,0,703,0,5,35,11,51,548,72,123,11,754,0,0,0,754
03/25/2011,MDW,IL,AGL,CE,Towers with Radar,549,61,72,4,686,0,2,34,4,40,549,63,106,8,726,0,0,0,726
03/26/2011,MDW,IL,AGL,CE,Towers with Radar,441,41,48,0,530,0,0,59,0,59,441,41,107,0,589,0,0,0,589
03/27/2011,MDW,IL,AGL,CE,Towers with Radar,487,47,49,2,585,0,2,36,0,38,487,49,85,2,623,0,0,0,623
03/28/2011,MDW,IL,AGL,CE,Towers with Radar,550,69,59,0,678,0,1,26,2,29,550,70,85,2,707,0,0,0,707
03/29/2011,MDW,IL,AGL,CE,Towers with Radar,550,67,76,0,693,0,8,34,1,43,550,75,110,1,736,0,0,0,736
03/30/2011,MDW,IL,AGL,CE,Towers with Radar,546,74,93,4,717,0,9,43,6,58,546,83,136,10,775,0,0,0,775
03/31/2011,MDW,IL,AGL,CE,Towers with Radar,535,74,61,2,672,0,6,20,8,34,535,80,81,10,706,0,0,0,706
04/01/2011,MDW,IL,AGL,CE,Towers with Radar,568,56,65,2,691,0,0,12,6,18,568,56,77,8,709,0,0,0,709
04/02/2011,MDW,IL,AGL,CE,Towers with Radar,439,40,29,1,509,0,2,39,3,44,439,42,68,4,553,0,0,0,553
04/03/2011,MDW,IL,AGL,CE,Towers with Radar,439,66,63,1,569,0,0,1,0,1,439,66,64,1,570,0,0,0,570
04/04/2011,MDW,IL,AGL,CE,Towers with Radar,543,69,67,0,679,0,2,10,3,15,543,71,77,3,694,0,0,0,694
04/05/2011,MDW,IL,AGL,CE,Towers with Radar,555,71,94,2,722,0,3,23,16,42,555,74,117,18,764,0,0,0,764
04/06/2011,MDW,IL,AGL,CE,Towers with Radar,564,89,96,3,752,0,3,27,12,42,564,92,123,15,794,0,0,0,794
04/07/2011,MDW,IL,AGL,CE,Towers with Radar,541,91,86,2,720,0,2,7,4,13,541,93,93,6,733,0,0,0,733
04/08/2011,MDW,IL,AGL,CE,Towers with Radar,562,78,105,4,749,0,0,5,0,5,562,78,110,4,754,0,0,0,754
04/09/2011,MDW,IL,AGL,CE,Towers with Radar,463,52,42,0,557,0,0,41,1,42,463,52,83,1,599,0,0,0,599
04/10/2011,MDW,IL,AGL,CE,Towers with Radar,492,67,42,2,603,0,0,16,0,16,492,67,58,2,619,0,0,0,619
04/11/2011,MDW,IL,AGL,CE,Towers with Radar,558,93,78,0,729,0,1,16,1,18,558,94,94,1,747,0,0,0,747
04/12/2011,MDW,IL,AGL,CE,Towers with Radar,552,74,96,1,723,0,0,28,9,37,552,74,124,10,760,0,0,0,760
04/13/2011,MDW,IL,AGL,CE,Towers with Radar,548,87,157,0,792,0,0,35,2,37,548,87,192,2,829,0,0,0,829
04/14/2011,MDW,IL,AGL,CE,Towers with Radar,548,55,88,2,693,0,3,8,4,15,548,58,96,6,708,0,0,0,708
04/15/2011,MDW,IL,AGL,CE,Towers with Radar,552,59,58,1,670,0,0,2,4,6,552,59,60,5,676,0,0,0,676
04/16/2011,MDW,IL,AGL,CE,Towers with Radar,455,46,37,1,539,0,0,4,0,4,455,46,41,1,543,0,0,0,543
04/17/2011,MDW,IL,AGL,CE,Towers with Radar,491,47,48,0,586,0,1,49,0,50,491,48,97,0,636,0,0,0,636
04/18/2011,MDW,IL,AGL,CE,Towers with Radar,553,62,64,2,681,0,4,10,0,14,553,66,74,2,695,0,0,0,695
04/19/2011,MDW,IL,AGL,CE,Towers with Radar,492,64,98,0,654,0,2,1,2,5,492,66,99,2,659,0,0,0,659
04/20/2011,MDW,IL,AGL,CE,Towers with Radar,577,87,125,0,789,0,16,18,13,47,577,103,143,13,836,0,0,0,836
04/21/2011,MDW,IL,AGL,CE,Towers with Radar,551,102,111,3,767,0,2,43,8,53,551,104,154,11,820,0,0,0,820
04/22/2011,MDW,IL,AGL,CE,Towers with Radar,575,79,64,1,719,0,0,1,0,1,575,79,65,1,720,0,0,0,720
04/23/2011,MDW,IL,AGL,CE,Towers with Radar,435,26,44,0,505,0,3,85,2,90,435,29,129,2,595,0,0,0,595
04/24/2011,MDW,IL,AGL,CE,Towers with Radar,482,57,68,1,608,0,2,8,0,10,482,59,76,1,618,0,0,0,618
04/25/2011,MDW,IL,AGL,CE,Towers with Radar,550,96,79,2,727,0,1,8,0,9,550,97,87,2,736,0,0,0,736
04/26/2011,MDW,IL,AGL,CE,Towers with Radar,545,93,96,4,738,0,5,21,8,34,545,98,117,12,772,0,0,0,772
04/27/2011,MDW,IL,AGL,CE,Towers with Radar,561,77,88,4,730,0,6,8,7,21,561,83,96,11,751,0,0,0,751
04/28/2011,MDW,IL,AGL,CE,Towers with Radar,547,81,100,5,733,0,0,20,11,31,547,81,120,16,764,0,0,0,764
04/29/2011,MDW,IL,AGL,CE,Towers with Radar,560,86,104,4,754,0,1,55,3,59,560,87,159,7,813,0,0,0,813
04/30/2011,MDW,IL,AGL,CE,Towers with Radar,421,36,35,0,492,0,0,60,0,60,421,36,95,0,552,0,0,0,552
05/01/2011,MDW,IL,AGL,CE,Towers with Radar,501,73,74,2,650,0,1,32,8,41,501,74,106,10,691,0,0,0,691
05/02/2011,MDW,IL,AGL,CE,Towers with Radar,557,75,77,0,709,1,1,45,4,51,558,76,122,4,760,0,0,0,760
05/03/2011,MDW,IL,AGL,CE,Towers with Radar,544,96,100,3,743,0,1,44,16,61,544,97,144,19,804,0,0,0,804
05/04/2011,MDW,IL,AGL,CE,Towers with Radar,539,89,122,1,751,0,10,39,6,55,539,99,161,7,806,0,0,0,806
05/05/2011,MDW,IL,AGL,CE,Towers with Radar,549,96,123,5,773,0,2,32,8,42,549,98,155,13,815,0,0,0,815
05/06/2011,MDW,IL,AGL,CE,Towers with Radar,556,101,117,1,775,2,6,36,14,58,558,107,153,15,833,0,0,0,833
05/07/2011,MDW,IL,AGL,CE,Towers with Radar,425,47,28,0,500,0,3,35,0,38,425,50,63,0,538,0,0,0,538
05/08/2011,MDW,IL,AGL,CE,Towers with Radar,493,77,63,1,634,0,0,48,0,48,493,77,111,1,682,0,0,0,682
05/09/2011,MDW,IL,AGL,CE,Towers with Radar,555,79,67,1,702,0,9,26,4,39,555,88,93,5,741,0,0,0,741
05/10/2011,MDW,IL,AGL,CE,Towers with Radar,549,79,113,2,743,0,6,37,13,56,549,85,150,15,799,0,0,0,799
05/11/2011,MDW,IL,AGL,CE,Towers with Radar,539,84,106,1,730,0,3,39,6,48,539,87,145,7,778,0,0,0,778
05/12/2011,MDW,IL,AGL,CE,Towers with Radar,551,100,113,4,768,0,7,32,9,48,551,107,145,13,816,0,0,0,816
05/13/2011,MDW,IL,AGL,CE,Towers with Radar,557,85,108,1,751,0,1,21,4,26,557,86,129,5,777,0,0,0,777
05/14/2011,MDW,IL,AGL,CE,Towers with Radar,425,38,53,0,516,0,0,0,0,0,425,38,53,0,516,0,0,0,516
05/15/2011,MDW,IL,AGL,CE,Towers with Radar,495,61,71,2,629,0,1,8,3,12,495,62,79,5,641,0,0,0,641
05/16/2011,MDW,IL,AGL,CE,Towers with Radar,555,96,137,0,788,0,5,24,3,32,555,101,161,3,820,0,0,0,820
05/17/2011,MDW,IL,AGL,CE,Towers with Radar,551,90,123,0,764,0,4,51,10,65,551,94,174,10,829,0,0,0,829
05/18/2011,MDW,IL,AGL,CE,Towers with Radar,558,93,160,2,813,0,1,0,0,1,558,94,160,2,814,0,0,0,814
05/19/2011,MDW,IL,AGL,CE,Towers with Radar,555,108,140,3,806,0,2,33,9,44,555,110,173,12,850,0,0,0,850
05/20/2011,MDW,IL,AGL,CE,Towers with Radar,555,93,126,7,781,0,1,59,1,61,555,94,185,8,842,0,0,0,842
05/21/2011,MDW,IL,AGL,CE,Towers with Radar,429,27,60,4,520,0,2,65,3,70,429,29,125,7,590,0,0,0,590
05/22/2011,MDW,IL,AGL,CE,Towers with Radar,499,64,108,2,673,0,2,21,0,23,499,66,129,2,696,0,0,0,696
05/23/2011,MDW,IL,AGL,CE,Towers with Radar,548,107,124,0,779,0,4,32,2,38,548,111,156,2,817,0,0,0,817
05/24/2011,MDW,IL,AGL,CE,Towers with Radar,558,85,146,1,790,0,9,51,8,68,558,94,197,9,858,0,0,0,858
05/25/2011,MDW,IL,AGL,CE,Towers with Radar,489,65,92,0,646,0,0,8,0,8,489,65,100,0,654,0,0,0,654
05/26/2011,MDW,IL,AGL,CE,Towers with Radar,605,106,131,7,849,0,0,4,5,9,605,106,135,12,858,0,0,0,858
05/27/2011,MDW,IL,AGL,CE,Towers with Radar,563,72,94,9,738,0,10,56,11,77,563,82,150,20,815,0,0,0,815
05/28/2011,MDW,IL,AGL,CE,Towers with Radar,420,34,27,0,481,0,0,2,3,5,420,34,29,3,486,0,0,0,486
05/29/2011,MDW,IL,AGL,CE,Towers with Radar,397,44,41,7,489,0,0,34,0,34,397,44,75,7,523,0,0,0,523
05/30/2011,MDW,IL,AGL,CE,Towers with Radar,485,48,69,2,604,0,1,89,0,90,485,49,158,2,694,0,0,0,694
05/31/2011,MDW,IL,AGL,CE,Towers with Radar,556,74,68,6,704,0,3,37,5,45,556,77,105,11,749,0,0,0,749
06/01/2011,MDW,IL,AGL,CE,Towers with Radar,556,83,96,1,736,0,5,34,9,48,556,88,130,10,784,0,0,0,784
06/02/2011,MDW,IL,AGL,CE,Towers with Radar,556,84,107,2,749,0,7,64,15,86,556,91,171,17,835,0,0,0,835
06/03/2011,MDW,IL,AGL,CE,Towers with Radar,567,65,77,0,709,0,7,77,11,95,567,72,154,11,804,0,0,0,804
06/04/2011,MDW,IL,AGL,CE,Towers with Radar,436,34,24,2,496,0,0,30,7,37,436,34,54,9,533,0,0,0,533
06/05/2011,MDW,IL,AGL,CE,Towers with Radar,516,40,76,1,633,1,1,49,11,62,517,41,125,12,695,0,0,0,695
06/06/2011,MDW,IL,AGL,CE,Towers with Radar,585,49,87,0,721,0,1,20,3,24,585,50,107,3,745,0,0,0,745
06/07/2011,MDW,IL,AGL,CE,Towers with Radar,574,64,89,1,728,0,4,36,14,54,574,68,125,15,782,0,0,0,782
06/08/2011,MDW,IL,AGL,CE,Towers with Radar,578,82,134,5,799,0,5,48,11,64,578,87,182,16,863,0,0,0,863
06/09/2011,MDW,IL,AGL,CE,Towers with Radar,542,85,92,2,721,0,1,14,8,23,542,86,106,10,744,0,0,0,744
06/10/2011,MDW,IL,AGL,CE,Towers with Radar,589,80,114,1,784,0,1,6,0,7,589,81,120,1,791,0,0,0,791
06/11/2011,MDW,IL,AGL,CE,Towers with Radar,497,40,58,0,595,0,0,5,0,5,497,40,63,0,600,0,0,0,600
06/12/2011,MDW,IL,AGL,CE,Towers with Radar,527,58,90,1,676,0,2,51,2,55,527,60,141,3,731,14,0,14,745
06/13/2011,MDW,IL,AGL,CE,Towers with Radar,573,106,152,2,833,0,7,55,8,70,573,113,207,10,903,0,0,0,903
06/14/2011,MDW,IL,AGL,CE,Towers with Radar,567,98,177,4,846,0,5,62,9,76,567,103,239,13,922,0,0,0,922
06/15/2011,MDW,IL,AGL,CE,Towers with Radar,564,77,150,2,793,0,1,22,3,26,564,78,172,5,819,0,0,0,819
06/16/2011,MDW,IL,AGL,CE,Towers with Radar,569,102,150,4,825,0,2,33,11,46,569,104,183,15,871,0,0,0,871
06/17/2011,MDW,IL,AGL,CE,Towers with Radar,568,61,132,5,766,0,1,77,3,81,568,62,209,8,847,0,0,0,847
06/18/2011,MDW,IL,AGL,CE,Towers with Radar,494,43,44,0,581,0,1,56,0,57,494,44,100,0,638,0,0,0,638
06/19/2011,MDW,IL,AGL,CE,Towers with Radar,531,73,73,4,681,0,1,41,1,43,531,74,114,5,724,0,0,0,724
06/20/2011,MDW,IL,AGL,CE,Towers with Radar,558,66,85,1,710,0,3,39,0,42,558,69,124,1,752,0,0,0,752
06/21/2011,MDW,IL,AGL,CE,Towers with Radar,520,91,92,2,705,0,1,25,8,34,520,92,117,10,739,0,0,0,739
06/22/2011,MDW,IL,AGL,CE,Towers with Radar,572,95,127,2,796,0,6,26,5,37,572,101,153,7,833,0,0,0,833
06/23/2011,MDW,IL,AGL,CE,Towers with Radar,581,93,115,2,791,0,4,12,7,23,581,97,127,9,814,0,0,0,814
06/24/2011,MDW,IL,AGL,CE,Towers with Radar,575,70,101,7,753,0,5,20,0,25,575,75,121,7,778,0,0,0,778
06/25/2011,MDW,IL,AGL,CE,Towers with Radar,500,28,41,1,570,0,1,63,0,64,500,29,104,1,634,0,0,0,634
06/26/2011,MDW,IL,AGL,CE,Towers with Radar,516,38,77,7,638,0,0,38,2,40,516,38,115,9,678,0,0,0,678
06/27/2011,MDW,IL,AGL,CE,Towers with Radar,565,70,92,0,727,0,6,26,0,32,565,76,118,0,759,0,0,0,759
06/28/2011,MDW,IL,AGL,CE,Towers with Radar,567,93,111,2,773,0,2,43,10,55,567,95,154,12,828,0,0,0,828
06/29/2011,MDW,IL,AGL,CE,Towers with Radar,576,90,137,1,804,0,13,36,16,65,576,103,173,17,869,0,0,0,869
06/30/2011,MDW,IL,AGL,CE,Towers with Radar,568,100,133,2,803,0,5,39,18,62,568,105,172,20,865,0,0,0,865
07/01/2011,MDW,IL,AGL,CE,Towers with Radar,570,70,84,1,725,0,6,28,3,37,570,76,112,4,762,0,0,0,762
07/02/2011,MDW,IL,AGL,CE,Towers with Radar,496,32,34,1,563,0,3,38,0,41,496,35,72,1,604,0,0,0,604
07/03/2011,MDW,IL,AGL,CE,Towers with Radar,387,27,38,0,452,0,0,25,2,27,387,27,63,2,479,0,0,0,479
07/04/2011,MDW,IL,AGL,CE,Towers with Radar,499,32,42,0,573,0,1,46,3,50,499,33,88,3,623,0,0,0,623
07/05/2011,MDW,IL,AGL,CE,Towers with Radar,572,65,81,6,724,0,6,46,14,66,572,71,127,20,790,0,0,0,790
07/06/2011,MDW,IL,AGL,CE,Towers with Radar,575,77,67,4,723,0,1,46,17,64,575,78,113,21,787,0,0,0,787
07/07/2011,MDW,IL,AGL,CE,Towers with Radar,565,61,82,3,711,0,4,67,12,83,565,65,149,15,794,0,0,0,794
07/08/2011,MDW,IL,AGL,CE,Towers with Radar,556,67,96,3,722,0,5,89,2,96,556,72,185,5,818,0,0,0,818
07/09/2011,MDW,IL,AGL,CE,Towers with Radar,511,34,65,4,614,0,4,70,0,74,511,38,135,4,688,0,0,0,688
07/10/2011,MDW,IL,AGL,CE,Towers with Radar,518,52,79,5,654,0,3,38,0,41,518,55,117,5,695,0,0,0,695
07/11/2011,MDW,IL,AGL,CE,Towers with Radar,569,61,82,2,714,0,4,29,4,37,569,65,111,6,751,0,0,0,751
07/12/2011,MDW,IL,AGL,CE,Towers with Radar,570,69,93,2,734,0,4,75,10,89,570,73,168,12,823,0,0,0,823
07/13/2011,MDW,IL,AGL,CE,Towers with Radar,569,79,97,5,750,0,4,50,3,57,569,83,147,8,807,0,0,0,807
07/14/2011,MDW,IL,AGL,CE,Towers with Radar,565,104,104,2,775,0,9,74,9,92,565,113,178,11,867,0,0,0,867
07/15/2011,MDW,IL,AGL,CE,Towers with Radar,573,85,90,4,752,0,5,74,3,82,573,90,164,7,834,0,0,0,834
07/16/2011,MDW,IL,AGL,CE,Towers with Radar,488,48,38,0,574,0,3,96,0,99,488,51,134,0,673,0,0,0,673
07/17/2011,MDW,IL,AGL,CE,Towers with Radar,517,72,95,2,686,0,0,80,2,82,517,72,175,4,768,0,0,0,768
07/18/2011,MDW,IL,AGL,CE,Towers with Radar,568,67,72,0,707,0,8,59,0,67,568,75,131,0,774,0,0,0,774
07/19/2011,MDW,IL,AGL,CE,Towers with Radar,566,96,96,5,763,0,2,74,7,83,566,98,170,12,846,0,0,0,846
07/20/2011,MDW,IL,AGL,CE,Towers with Radar,570,83,121,2,776,0,9,67,14,90,570,92,188,16,866,0,0,0,866
07/21/2011,MDW,IL,AGL,CE,Towers with Radar,573,94,116,1,784,0,21,49,20,90,573,115,165,21,874,0,0,0,874
07/22/2011,MDW,IL,AGL,CE,Towers with Radar,564,83,103,0,750,0,0,55,0,55,564,83,158,0,805,0,0,0,805
07/23/2011,MDW,IL,AGL,CE,Towers with Radar,498,36,45,0,579,0,0,45,0,45,498,36,90,0,624,0,0,0,624
07/24/2011,MDW,IL,AGL,CE,Towers with Radar,524,54,72,0,650,0,1,47,0,48,524,55,119,0,698,0,0,0,698
07/25/2011,MDW,IL,AGL,CE,Towers with Radar,560,91,72,0,723,0,6,81,4,91,560,97,153,4,814,0,0,0,814
07/26/2011,MDW,IL,AGL,CE,Towers with Radar,572,98,80,0,750,0,1,86,15,102,572,99,166,15,852,0,0,0,852
07/27/2011,MDW,IL,AGL,CE,Towers with Radar,575,95,99,2,771,0,5,64,5,74,575,100,163,7,845,0,0,0,845
07/28/2011,MDW,IL,AGL,CE,Towers with Radar,569,68,85,0,722,0,2,27,2,31,569,70,112,2,753,0,0,0,753
07/29/2011,MDW,IL,AGL,CE,Towers with Radar,571,65,87,1,724,0,6,49,2,57,571,71,136,3,781,0,0,0,781
07/30/2011,MDW,IL,AGL,CE,Towers with Radar,502,44,42,0,588,0,3,67,2,72,502,47,109,2,660,0,0,0,660
07/31/2011,MDW,IL,AGL,CE,Towers with Radar,528,59,81,3,671,0,0,63,2,65,528,59,144,5,736,0,0,0,736
08/01/2011,MDW,IL,AGL,CE,Towers with Radar,568,73,95,2,738,0,9,19,3,31,568,82,114,5,769,0,0,0,769
08/02/2011,MDW,IL,AGL,CE,Towers with Radar,571,80,106,0,757,0,8,36,0,44,571,88,142,0,801,0,0,0,801
08/03/2011,MDW,IL,AGL,CE,Towers with Radar,579,52,134,0,765,0,13,24,0,37,579,65,158,0,802,0,0,0,802
08/04/2011,MDW,IL,AGL,CE,Towers with Radar,571,82,149,1,803,0,7,89,16,112,571,89,238,17,915,0,0,0,915
08/05/2011,MDW,IL,AGL,CE,Towers with Radar,577,74,63,3,717,0,13,55,3,71,577,87,118,6,788,0,0,0,788
08/06/2011,MDW,IL,AGL,CE,Towers with Radar,494,47,65,0,606,0,0,28,0,28,494,47,93,0,634,0,0,0,634
08/07/2011,MDW,IL,AGL,CE,Towers with Radar,524,57,72,1,654,0,4,40,0,44,524,61,112,1,698,0,0,0,698
08/08/2011,MDW,IL,AGL,CE,Towers with Radar,577,83,93,0,753,0,1,33,3,37,577,84,126,3,790,0,0,0,790
08/09/2011,MDW,IL,AGL,CE,Towers with Radar,569,66,117,2,754,0,3,52,4,59,569,69,169,6,813,0,0,0,813
08/10/2011,MDW,IL,AGL,CE,Towers with Radar,571,91,140,2,804,0,4,79,5,88,571,95,219,7,892,0,0,0,892
08/11/2011,MDW,IL,AGL,CE,Towers with Radar,572,104,105,0,781,0,7,82,2,91,572,111,187,2,872,0,0,0,872
08/12/2011,MDW,IL,AGL,CE,Towers with Radar,570,74,84,1,729,0,3,80,6,89,570,77,164,7,818,0,0,0,818
08/13/2011,MDW,IL,AGL,CE,Towers with Radar,489,23,37,0,549,0,5,30,1,36,489,28,67,1,585,0,0,0,585
08/14/2011,MDW,IL,AGL,CE,Towers with Radar,462,58,67,0,587,0,3,69,2,74,462,61,136,2,661,0,0,0,661
08/15/2011,MDW,IL,AGL,CE,Towers with Radar,545,74,80,0,699,0,0,76,1,77,545,74,156,1,776,0,0,0,776
08/16/2011,MDW,IL,AGL,CE,Towers with Radar,527,82,105,4,718,0,2,113,2,117,527,84,218,6,835,0,0,0,835
08/17/2011,MDW,IL,AGL,CE,Towers with Radar,534,75,99,0,708,0,5,70,5,80,534,80,169,5,788,0,0,0,788
08/18/2011,MDW,IL,AGL,CE,Towers with Radar,527,73,127,4,731,0,8,70,6,84,527,81,197,10,815,0,0,0,815
08/19/2011,MDW,IL,AGL,CE,Towers with Radar,529,73,82,19,703,0,5,58,17,80,529,78,140,36,783,0,0,0,783
08/20/2011,MDW,IL,AGL,CE,Towers with Radar,426,37,43,6,512,0,1,20,7,28,426,38,63,13,540,0,0,0,540
08/21/2011,MDW,IL,AGL,CE,Towers with Radar,448,53,89,12,602,0,1,46,6,53,448,54,135,18,655,0,0,0,655
08/22/2011,MDW,IL,AGL,CE,Towers with Radar,544,78,78,0,700,0,1,71,3,75,544,79,149,3,775,0,0,0,775
08/23/2011,MDW,IL,AGL,CE,Towers with Radar,529,68,86,0,683,0,0,14,5,19,529,68,100,5,702,0,0,0,702
08/24/2011,MDW,IL,AGL,CE,Towers with Radar,537,67,117,2,723,0,0,34,6,40,537,67,151,8,763,0,0,0,763
08/25/2011,MDW,IL,AGL,CE,Towers with Radar,523,112,106,2,743,0,3,34,9,46,523,115,140,11,789,0,0,0,789
08/26/2011,MDW,IL,AGL,CE,Towers with Radar,535,66,91,8,700,0,7,102,2,111,535,73,193,10,811,0,0,0,811
08/27/2011,MDW,IL,AGL,CE,Towers with Radar,395,42,52,2,491,0,0,78,1,79,395,42,130,3,570,0,0,0,570
08/28/2011,MDW,IL,AGL,CE,Towers with Radar,392,38,48,5,483,0,0,46,0,46,392,38,94,5,529,0,0,0,529
08/29/2011,MDW,IL,AGL,CE,Towers with Radar,514,74,92,0,680,0,0,29,1,30,514,74,121,1,710,0,0,0,710
08/30/2011,MDW,IL,AGL,CE,Towers with Radar,530,88,84,1,703,1,2,60,4,67,531,90,144,5,770,0,0,0,770
08/31/2011,MDW,IL,AGL,CE,Towers with Radar,531,78,90,1,700,0,3,64,6,73,531,81,154,7,773,0,0,0,773
09/01/2011,MDW,IL,AGL,CE,Towers with Radar,531,79,85,3,698,0,2,34,8,44,531,81,119,11,742,0,0,0,742
09/02/2011,MDW,IL,AGL,CE,Towers with Radar,533,90,87,0,710,0,1,44,0,45,533,91,131,0,755,0,0,0,755
09/03/2011,MDW,IL,AGL,CE,Towers with Radar,400,34,20,0,454,0,0,15,1,16,400,34,35,1,470,0,0,0,470
09/04/2011,MDW,IL,AGL,CE,Towers with Radar,366,32,24,0,422,0,2,19,0,21,366,34,43,0,443,0,0,0,443
09/05/2011,MDW,IL,AGL,CE,Towers with Radar,474,58,78,0,610,0,0,14,0,14,474,58,92,0,624,0,0,0,624
09/06/2011,MDW,IL,AGL,CE,Towers with Radar,532,75,63,0,670,0,8,31,10,49,532,83,94,10,719,0,0,0,719
09/07/2011,MDW,IL,AGL,CE,Towers with Radar,524,79,106,2,711,0,8,43,9,60,524,87,149,11,771,0,0,0,771
09/08/2011,MDW,IL,AGL,CE,Towers with Radar,523,74,119,3,719,0,9,31,5,45,523,83,150,8,764,0,0,0,764
09/09/2011,MDW,IL,AGL,CE,Towers with Radar,534,82,125,3,744,0,2,41,3,46,534,84,166,6,790,0,0,0,790
09/10/2011,MDW,IL,AGL,CE,Towers with Radar,415,39,47,0,501,0,0,69,0,69,415,39,116,0,570,0,0,0,570
09/11/2011,MDW,IL,AGL,CE,Towers with Radar,455,83,93,3,634,0,5,71,0,76,455,88,164,3,710,0,0,0,710
09/12/2011,MDW,IL,AGL,CE,Towers with Radar,533,82,101,1,717,0,1,40,0,41,533,83,141,1,758,0,0,0,758
09/13/2011,MDW,IL,AGL,CE,Towers with Radar,520,106,179,1,806,0,6,47,11,64,520,112,226,12,870,0,0,0,870
09/14/2011,MDW,IL,AGL,CE,Towers with Radar,531,78,184,2,795,0,11,47,9,67,531,89,231,11,862,0,0,0,862
09/15/2011,MDW,IL,AGL,CE,Towers with Radar,524,91,162,5,782,0,5,55,8,68,524,96,217,13,850,0,0,0,850
09/16/2011,MDW,IL,AGL,CE,Towers with Radar,536,78,156,2,772,0,0,78,4,82,536,78,234,6,854,0,0,0,854
09/17/2011,MDW,IL,AGL,CE,Towers with Radar,411,33,51,0,495,0,2,62,8,72,411,35,113,8,567,0,0,0,567
09/18/2011,MDW,IL,AGL,CE,Towers with Radar,462,74,106,1,643,0,1,7,4,12,462,75,113,5,655,0,0,0,655
09/19/2011,MDW,IL,AGL,CE,Towers with Radar,533,64,89,2,688,0,0,22,0,22,533,64,111,2,710,0,0,0,710
09/20/2011,MDW,IL,AGL,CE,Towers with Radar,502,89,125,0,716,0,4,23,2,29,502,93,148,2,745,0,0,0,745
09/21/2011,MDW,IL,AGL,CE,Towers with Radar,529,98,146,2,775,0,8,49,1,58,529,106,195,3,833,0,0,0,833
09/22/2011,MDW,IL,AGL,CE,Towers with Radar,528,101,143,1,773,0,2,34,2,38,528,103,177,3,811,0,0,0,811
09/23/2011,MDW,IL,AGL,CE,Towers with Radar,539,76,122,7,744,0,5,76,3,84,539,81,198,10,828,0,0,0,828
09/24/2011,MDW,IL,AGL,CE,Towers with Radar,416,28,44,0,488,0,2,21,0,23,416,30,65,0,511,0,0,0,511
09/25/2011,MDW,IL,AGL,CE,Towers with Radar,465,84,98,4,651,0,0,13,2,15,465,84,111,6,666,0,0,0,666
09/26/2011,MDW,IL,AGL,CE,Towers with Radar,529,86,73,3,691,0,0,3,0,3,529,86,76,3,694,0,0,0,694
09/27/2011,MDW,IL,AGL,CE,Towers with Radar,524,81,104,0,709,0,0,1,3,4,524,81,105,3,713,0,0,0,713
09/28/2011,MDW,IL,AGL,CE,Towers with Radar,530,92,105,2,729,0,8,7,0,15,530,100,112,2,744,0,0,0,744
09/29/2011,MDW,IL,AGL,CE,Towers with Radar,525,69,123,5,722,0,6,21,4,31,525,75,144,9,753,0,0,0,753
09/30/2011,MDW,IL,AGL,CE,Towers with Radar,534,69,85,4,692,0,1,21,8,30,534,70,106,12,722,0,0,0,722
10/01/2011,MDW,IL,AGL,CE,Towers with Radar,422,50,77,1,550,0,1,38,2,41,422,51,115,3,591,0,0,0,591
10/02/2011,MDW,IL,AGL,CE,Towers with Radar,465,91,124,1,681,0,2,37,11,50,465,93,161,12,731,0,0,0,731
10/03/2011,MDW,IL,AGL,CE,Towers with Radar,548,74,135,2,759,0,3,45,0,48,548,77,180,2,807,0,0,0,807
10/04/2011,MDW,IL,AGL,CE,Towers with Radar,544,88,166,0,798,0,1,44,9,54,544,89,210,9,852,0,0,0,852
10/05/2011,MDW,IL,AGL,CE,Towers with Radar,546,95,131,4,776,0,4,38,7,49,546,99,169,11,825,0,0,0,825
10/06/2011,MDW,IL,AGL,CE,Towers with Radar,538,90,98,2,728,0,3,36,10,49,538,93,134,12,777,0,0,0,777
10/07/2011,MDW,IL,AGL,CE,Towers with Radar,550,74,84,7,715,0,2,56,1,59,550,76,140,8,774,4,0,4,778
10/08/2011,MDW,IL,AGL,CE,Towers with Radar,410,35,52,1,498,0,6,80,0,86,410,41,132,1,584,0,0,0,584
10/09/2011,MDW,IL,AGL,CE,Towers with Radar,455,59,71,5,590,0,2,80,2,84,455,61,151,7,674,0,0,0,674
10/10/2011,MDW,IL,AGL,CE,Towers with Radar,541,74,96,2,713,0,5,39,1,45,541,79,135,3,758,0,0,0,758
10/11/2011,MDW,IL,AGL,CE,Towers with Radar,541,82,119,6,748,0,5,44,3,52,541,87,163,9,800,0,0,0,800
10/12/2011,MDW,IL,AGL,CE,Towers with Radar,541,81,129,3,754,0,6,51,8,65,541,87,180,11,819,0,0,0,819
10/13/2011,MDW,IL,AGL,CE,Towers with Radar,539,66,119,2,726,0,2,14,1,17,539,68,133,3,743,0,0,0,743
10/14/2011,MDW,IL,AGL,CE,Towers with Radar,553,83,107,5,748,0,4,55,2,61,553,87,162,7,809,0,0,0,809
10/15/2011,MDW,IL,AGL,CE,Towers with Radar,422,35,47,1,505,0,0,18,0,18,422,35,65,1,523,0,0,0,523
10/16/2011,MDW,IL,AGL,CE,Towers with Radar,459,66,87,1,613,0,0,32,0,32,459,66,119,1,645,0,0,0,645
10/17/2011,MDW,IL,AGL,CE,Towers with Radar,547,82,114,2,745,0,2,51,4,57,547,84,165,6,802,0,0,0,802
10/18/2011,MDW,IL,AGL,CE,Towers with Radar,540,62,97,5,704,0,7,64,9,80,540,69,161,14,784,0,0,0,784
10/19/2011,MDW,IL,AGL,CE,Towers with Radar,536,85,126,1,748,0,11,2,0,13,536,96,128,1,761,0,0,0,761
10/20/2011,MDW,IL,AGL,CE,Towers with Radar,538,112,79,2,731,0,3,8,10,21,538,115,87,12,752,0,0,0,752
10/21/2011,MDW,IL,AGL,CE,Towers with Radar,549,79,106,6,740,0,4,50,2,56,549,83,156,8,796,0,0,0,796
10/22/2011,MDW,IL,AGL,CE,Towers with Radar,416,37,70,2,525,0,1,49,0,50,416,38,119,2,575,0,0,0,575
10/23/2011,MDW,IL,AGL,CE,Towers with Radar,461,79,84,7,631,0,3,80,0,83,461,82,164,7,714,0,0,0,714
10/24/2011,MDW,IL,AGL,CE,Towers with Radar,545,78,110,6,739,0,6,51,4,61,545,84,161,10,800,0,0,0,800
10/25/2011,MDW,IL,AGL,CE,Towers with Radar,535,88,131,6,760,0,2,35,7,44,535,90,166,13,804,0,0,0,804
10/26/2011,MDW,IL,AGL,CE,Towers with Radar,541,120,113,3,777,0,1,5,7,13,541,121,118,10,790,0,0,0,790
10/27/2011,MDW,IL,AGL,CE,Towers with Radar,537,108,102,5,752,0,2,31,10,43,537,110,133,15,795,0,0,0,795
10/28/2011,MDW,IL,AGL,CE,Towers with Radar,556,99,83,6,744,0,5,53,1,59,556,104,136,7,803,0,0,0,803
10/29/2011,MDW,IL,AGL,CE,Towers with Radar,398,32,45,1,476,0,3,91,0,94,398,35,136,1,570,0,0,0,570
10/30/2011,MDW,IL,AGL,CE,Towers with Radar,459,61,55,3,578,0,3,31,5,39,459,64,86,8,617,0,0,0,617
10/31/2011,MDW,IL,AGL,CE,Towers with Radar,510,64,46,0,620,0,5,36,0,41,510,69,82,0,661,0,0,0,661
11/01/2011,MDW,IL,AGL,CE,Towers with Radar,533,86,79,2,700,0,5,38,11,54,533,91,117,13,754,0,0,0,754
11/02/2011,MDW,IL,AGL,CE,Towers with Radar,532,97,110,0,739,0,4,37,6,47,532,101,147,6,786,0,0,0,786
11/03/2011,MDW,IL,AGL,CE,Towers with Radar,543,84,115,0,742,0,0,6,2,8,543,84,121,2,750,0,0,0,750
11/04/2011,MDW,IL,AGL,CE,Towers with Radar,555,83,95,0,733,0,0,79,1,80,555,83,174,1,813,0,0,0,813
11/05/2011,MDW,IL,AGL,CE,Towers with Radar,418,43,54,1,516,0,0,81,8,89,418,43,135,9,605,0,0,0,605
11/06/2011,MDW,IL,AGL,CE,Towers with Radar,452,61,58,0,571,0,0,33,6,39,452,61,91,6,610,0,0,0,610
11/07/2011,MDW,IL,AGL,CE,Towers with Radar,513,74,92,0,679,0,0,29,0,29,513,74,121,0,708,0,0,0,708
11/08/2011,MDW,IL,AGL,CE,Towers with Radar,507,94,147,2,750,0,0,0,0,0,507,94,147,2,750,0,0,0,750
11/09/2011,MDW,IL,AGL,CE,Towers with Radar,511,109,138,2,760,0,0,0,12,12,511,109,138,14,772,0,0,0,772
11/10/2011,MDW,IL,AGL,CE,Towers with Radar,513,123,102,4,742,0,4,18,10,32,513,127,120,14,774,0,0,0,774
11/11/2011,MDW,IL,AGL,CE,Towers with Radar,520,97,83,2,702,0,3,76,2,81,520,100,159,4,783,0,0,0,783
11/12/2011,MDW,IL,AGL,CE,Towers with Radar,416,30,35,2,483,0,3,70,0,73,416,33,105,2,556,0,0,0,556
11/13/2011,MDW,IL,AGL,CE,Towers with Radar,460,71,86,3,620,0,0,5,3,8,460,71,91,6,628,0,0,0,628
11/14/2011,MDW,IL,AGL,CE,Towers with Radar,513,70,87,0,670,0,5,35,1,41,513,75,122,1,711,0,0,0,711
11/15/2011,MDW,IL,AGL,CE,Towers with Radar,507,94,145,0,746,0,4,40,16,60,507,98,185,16,806,0,0,0,806
11/16/2011,MDW,IL,AGL,CE,Towers with Radar,510,80,152,2,744,0,2,34,11,47,510,82,186,13,791,0,0,0,791
11/17/2011,MDW,IL,AGL,CE,Towers with Radar,510,118,130,5,763,0,16,64,21,101,510,134,194,26,864,0,0,0,864
11/18/2011,MDW,IL,AGL,CE,Towers with Radar,524,80,106,10,720,0,1,24,4,29,524,81,130,14,749,0,0,0,749
11/19/2011,MDW,IL,AGL,CE,Towers with Radar,416,60,48,0,524,0,0,28,0,28,416,60,76,0,552,26,0,26,578
11/20/2011,MDW,IL,AGL,CE,Towers with Radar,451,62,55,8,576,0,0,52,4,56,451,62,107,12,632,0,0,0,632
11/21/2011,MDW,IL,AGL,CE,Towers with Radar,500,69,61,3,633,0,4,26,1,31,500,73,87,4,664,0,0,0,664
11/22/2011,MDW,IL,AGL,CE,Towers with Radar,540,88,70,0,698,0,0,0,4,4,540,88,70,4,702,0,0,0,702
11/23/2011,MDW,IL,AGL,CE,Towers with Radar,561,57,54,0,672,0,8,44,1,53,561,65,98,1,725,0,0,0,725
11/24/2011,MDW,IL,AGL,CE,Towers with Radar,340,22,14,0,376,0,1,2,0,3,340,23,16,0,379,0,0,0,379
11/25/2011,MDW,IL,AGL,CE,Towers with Radar,409,29,40,0,478,0,4,30,2,36,409,33,70,2,514,0,0,0,514
11/26/2011,MDW,IL,AGL,CE,Towers with Radar,418,54,33,0,505,0,0,5,2,7,418,54,38,2,512,0,0,0,512
11/27/2011,MDW,IL,AGL,CE,Towers with Radar,568,90,91,0,749,0,0,3,1,4,568,90,94,1,753,0,0,0,753
11/28/2011,MDW,IL,AGL,CE,Towers with Radar,561,65,109,0,735,0,2,32,5,39,561,67,141,5,774,0,0,0,774
11/29/2011,MDW,IL,AGL,CE,Towers with Radar,513,92,96,2,703,0,0,2,7,9,513,92,98,9,712,0,0,0,712
11/30/2011,MDW,IL,AGL,CE,Towers with Radar,517,86,120,0,723,0,0,51,12,63,517,86,171,12,786,0,0,0,786
12/01/2011,MDW,IL,AGL,CE,Towers with Radar,517,84,112,4,717,0,5,36,10,51,517,89,148,14,768,10,0,10,778
12/02/2011,MDW,IL,AGL,CE,Towers with Radar,517,74,89,4,684,0,32,54,8,94,517,106,143,12,778,0,0,0,778
12/03/2011,MDW,IL,AGL,CE,Towers with Radar,419,35,30,0,484,0,2,37,2,41,419,37,67,2,525,0,0,0,525
12/04/2011,MDW,IL,AGL,CE,Towers with Radar,448,63,78,2,591,0,0,6,0,6,448,63,84,2,597,0,0,0,597
12/05/2011,MDW,IL,AGL,CE,Towers with Radar,510,71,71,1,653,0,3,6,1,10,510,74,77,2,663,0,0,0,663
12/06/2011,MDW,IL,AGL,CE,Towers with Radar,497,73,124,0,694,0,2,15,12,29,497,75,139,12,723,0,0,0,723
12/07/2011,MDW,IL,AGL,CE,Towers with Radar,503,85,121,6,715,0,2,26,2,30,503,87,147,8,745,0,0,0,745
12/08/2011,MDW,IL,AGL,CE,Towers with Radar,513,76,137,2,728,0,2,39,6,47,513,78,176,8,775,0,0,0,775
12/09/2011,MDW,IL,AGL,CE,Towers with Radar,512,73,126,5,716,0,5,25,8,38,512,78,151,13,754,0,0,0,754
12/10/2011,MDW,IL,AGL,CE,Towers with Radar,403,48,46,0,497,0,2,38,6,46,403,50,84,6,543,0,0,0,543
12/11/2011,MDW,IL,AGL,CE,Towers with Radar,454,57,67,2,580,0,0,33,0,33,454,57,100,2,613,0,0,0,613
12/12/2011,MDW,IL,AGL,CE,Towers with Radar,514,80,110,1,705,0,1,25,3,29,514,81,135,4,734,0,0,0,734
12/13/2011,MDW,IL,AGL,CE,Towers with Radar,505,83,103,2,693,0,5,26,8,39,505,88,129,10,732,0,0,0,732
12/14/2011,MDW,IL,AGL,CE,Towers with Radar,512,65,83,3,663,0,0,0,0,0,512,65,83,3,663,0,0,0,663
12/15/2011,MDW,IL,AGL,CE,Towers with Radar,517,73,99,3,692,0,6,10,9,25,517,79,109,12,717,0,0,0,717
12/16/2011,MDW,IL,AGL,CE,Towers with Radar,520,76,98,6,700,0,2,51,1,54,520,78,149,7,754,0,0,0,754
12/17/2011,MDW,IL,AGL,CE,Towers with Radar,415,46,38,0,499,0,2,20,0,22,415,48,58,0,521,0,0,0,521
12/18/2011,MDW,IL,AGL,CE,Towers with Radar,457,55,58,0,570,0,0,20,0,20,457,55,78,0,590,0,0,0,590
12/19/2011,MDW,IL,AGL,CE,Towers with Radar,510,66,64,0,640,0,1,30,3,34,510,67,94,3,674,0,0,0,674
12/20/2011,MDW,IL,AGL,CE,Towers with Radar,508,59,68,3,638,0,1,7,10,18,508,60,75,13,656,0,0,0,656
12/21/2011,MDW,IL,AGL,CE,Towers with Radar,509,63,40,0,612,0,3,1,0,4,509,66,41,0,616,0,0,0,616
12/22/2011,MDW,IL,AGL,CE,Towers with Radar,551,54,53,0,658,0,3,2,0,5,551,57,55,0,663,0,0,0,663
12/23/2011,MDW,IL,AGL,CE,Towers with Radar,558,64,47,0,669,0,5,22,1,28,558,69,69,1,697,0,0,0,697
12/24/2011,MDW,IL,AGL,CE,Towers with Radar,403,19,17,0,439,0,1,17,0,18,403,20,34,0,457,0,0,0,457
12/25/2011,MDW,IL,AGL,CE,Towers with Radar,377,27,16,0,420,0,1,4,0,5,377,28,20,0,425,0,0,0,425
12/26/2011,MDW,IL,AGL,CE,Towers with Radar,544,75,66,0,685,0,2,20,0,22,544,77,86,0,707,0,0,0,707
12/27/2011,MDW,IL,AGL,CE,Towers with Radar,544,63,39,1,647,0,1,9,0,10,544,64,48,1,657,0,0,0,657
12/28/2011,MDW,IL,AGL,CE,Towers with Radar,561,49,43,1,654,0,6,48,0,54,561,55,91,1,708,0,0,0,708
12/29/2011,MDW,IL,AGL,CE,Towers with Radar,520,46,25,0,591,0,1,31,0,32,520,47,56,0,623,0,0,0,623
12/30/2011,MDW,IL,AGL,CE,Towers with Radar,547,40,27,0,614,0,0,1,0,1,547,40,28,0,615,0,0,0,615
12/31/2011,MDW,IL,AGL,CE,Towers with Radar,410,18,23,0,451,0,2,3,0,5,410,20,26,0,456,0,0,0,456
01/01/2012,MDW,IL,AGL,CE,Towers with Radar,404,33,39,0,476,0,0,2,0,2,404,33,41,0,478,0,0,0,478
01/02/2012,MDW,IL,AGL,CE,Towers with Radar,555,71,64,0,690,0,0,6,0,6,555,71,70,0,696,0,0,0,696
01/03/2012,MDW,IL,AGL,CE,Towers with Radar,524,70,41,3,638,0,1,39,9,49,524,71,80,12,687,0,0,0,687
01/04/2012,MDW,IL,AGL,CE,Towers with Radar,512,74,45,0,631,0,4,18,2,24,512,78,63,2,655,0,0,0,655
01/05/2012,MDW,IL,AGL,CE,Towers with Radar,518,57,76,0,651,0,13,59,9,81,518,70,135,9,732,0,0,0,732
01/06/2012,MDW,IL,AGL,CE,Towers with Radar,518,56,65,1,640,0,6,33,9,48,518,62,98,10,688,0,0,0,688
01/07/2012,MDW,IL,AGL,CE,Towers with Radar,406,35,34,0,475,0,4,51,6,61,406,39,85,6,536,0,0,0,536
01/08/2012,MDW,IL,AGL,CE,Towers with Radar,393,41,38,0,472,0,4,37,9,50,393,45,75,9,522,0,0,0,522
01/09/2012,MDW,IL,AGL,CE,Towers with Radar,468,57,78,1,604,0,2,18,6,26,468,59,96,7,630,0,0,0,630
01/10/2012,MDW,IL,AGL,CE,Towers with Radar,465,49,94,0,608,0,2,17,10,29,465,51,111,10,637,0,0,0,637
01/11/2012,MDW,IL,AGL,CE,Towers with Radar,464,54,55,4,577,0,0,11,7,18,464,54,66,11,595,0,0,0,595
01/12/2012,MDW,IL,AGL,CE,Towers with Radar,321,56,52,0,429,0,4,0,0,4,321,60,52,0,433,0,0,0,433
01/13/2012,MDW,IL,AGL,CE,Towers with Radar,462,77,55,2,596,0,2,21,1,24,462,79,76,3,620,0,0,0,620
01/14/2012,MDW,IL,AGL,CE,Towers with Radar,350,36,31,0,417,0,4,13,0,17,350,40,44,0,434,0,0,0,434
01/15/2012,MDW,IL,AGL,CE,Towers with Radar,393,43,37,0,473,0,4,18,0,22,393,47,55,0,495,0,0,0,495
01/16/2012,MDW,IL,AGL,CE,Towers with Radar,471,55,61,0,587,0,2,10,1,13,471,57,71,1,600,0,0,0,600
01/17/2012,MDW,IL,AGL,CE,Towers with Radar,454,82,78,0,614,0,0,7,6,13,454,82,85,6,627,0,0,0,627
01/18/2012,MDW,IL,AGL,CE,Towers with Radar,459,75,89,6,629,0,3,3,12,18,459,78,92,18,647,0,0,0,647
01/19/2012,MDW,IL,AGL,CE,Towers with Radar,463,84,65,1,613,0,1,16,12,29,463,85,81,13,642,0,0,0,642
01/20/2012,MDW,IL,AGL,CE,Towers with Radar,312,33,41,2,388,0,0,1,1,2,312,33,42,3,390,0,0,0,390
01/21/2012,MDW,IL,AGL,CE,Towers with Radar,371,35,35,0,441,0,2,12,0,14,371,37,47,0,455,0,0,0,455
01/22/2012,MDW,IL,AGL,CE,Towers with Radar,393,28,47,2,470,0,1,2,1,4,393,29,49,3,474,0,0,0,474
01/23/2012,MDW,IL,AGL,CE,Towers with Radar,463,72,75,1,611,0,2,0,0,2,463,74,75,1,613,0,0,0,613
01/24/2012,MDW,IL,AGL,CE,Towers with Radar,470,77,82,7,636,0,11,24,12,47,470,88,106,19,683,0,0,0,683
01/25/2012,MDW,IL,AGL,CE,Towers with Radar,459,64,96,2,621,0,4,12,6,22,459,68,108,8,643,0,0,0,643
01/26/2012,MDW,IL,AGL,CE,Towers with Radar,473,76,90,0,639,0,2,0,0,2,473,78,90,0,641,0,0,0,641
01/27/2012,MDW,IL,AGL,CE,Towers with Radar,467,65,75,0,607,0,0,28,1,29,467,65,103,1,636,0,0,0,636
01/28/2012,MDW,IL,AGL,CE,Towers with Radar,346,21,29,0,396,0,0,10,1,11,346,21,39,1,407,0,0,0,407
01/29/2012,MDW,IL,AGL,CE,Towers with Radar,397,36,53,0,486,0,1,18,0,19,397,37,71,0,505,0,0,0,505
01/30/2012,MDW,IL,AGL,CE,Towers with Radar,471,63,66,2,602,0,1,9,2,12,471,64,75,4,614,0,0,0,614
01/31/2012,MDW,IL,AGL,CE,Towers with Radar,451,69,72,4,596,0,2,12,13,27,451,71,84,17,623,0,0,0,623
02/01/2012,MDW,IL,AGL,CE,Towers with Radar,454,66,83,2,605,0,0,11,6,17,454,66,94,8,622,0,0,0,622
02/02/2012,MDW,IL,AGL,CE,Towers with Radar,466,78,123,4,671,0,0,5,4,9,466,78,128,8,680,0,0,0,680
02/03/2012,MDW,IL,AGL,CE,Towers with Radar,467,72,71,3,613,0,0,6,0,6,467,72,77,3,619,0,0,0,619
02/04/2012,MDW,IL,AGL,CE,Towers with Radar,342,37,33,0,412,0,0,18,2,20,342,37,51,2,432,0,0,0,432
02/05/2012,MDW,IL,AGL,CE,Towers with Radar,380,67,51,1,499,0,5,30,0,35,380,72,81,1,534,0,0,0,534
02/06/2012,MDW,IL,AGL,CE,Towers with Radar,467,81,70,3,621,0,0,0,0,0,467,81,70,3,621,0,0,0,621
02/07/2012,MDW,IL,AGL,CE,Towers with Radar,450,96,73,0,619,1,4,7,7,19,451,100,80,7,638,0,0,0,638
02/08/2012,MDW,IL,AGL,CE,Towers with Radar,456,71,62,0,589,0,0,30,10,40,456,71,92,10,629,0,0,0,629
02/09/2012,MDW,IL,AGL,CE,Towers with Radar,465,80,88,0,633,0,14,30,9,53,465,94,118,9,686,0,0,0,686
02/10/2012,MDW,IL,AGL,CE,Towers with Radar,463,81,61,0,605,0,0,3,2,5,463,81,64,2,610,0,0,0,610
02/11/2012,MDW,IL,AGL,CE,Towers with Radar,346,42,33,0,421,0,2,36,8,46,346,44,69,8,467,0,0,0,467
02/12/2012,MDW,IL,AGL,CE,Towers with Radar,436,54,46,0,536,0,0,33,8,41,436,54,79,8,577,2,0,2,579
02/13/2012,MDW,IL,AGL,CE,Towers with Radar,496,53,61,4,614,0,2,12,2,16,496,55,73,6,630,0,0,0,630
02/14/2012,MDW,IL,AGL,CE,Towers with Radar,493,66,63,1,623,0,0,27,10,37,493,66,90,11,660,0,0,0,660
02/15/2012,MDW,IL,AGL,CE,Towers with Radar,492,78,102,3,675,0,2,7,13,22,492,80,109,16,697,0,0,0,697
02/16/2012,MDW,IL,AGL,CE,Towers with Radar,499,108,85,4,696,0,4,18,9,31,499,112,103,13,727,0,6,6,733
02/17/2012,MDW,IL,AGL,CE,Towers with Radar,503,91,79,2,675,0,1,34,2,37,503,92,113,4,712,0,0,0,712
02/18/2012,MDW,IL,AGL,CE,Towers with Radar,382,20,29,4,435,0,0,31,0,31,382,20,60,4,466,0,0,0,466
02/19/2012,MDW,IL,AGL,CE,Towers with Radar,437,44,53,2,536,0,0,28,0,28,437,44,81,2,564,0,0,0,564
02/20/2012,MDW,IL,AGL,CE,Towers with Radar,492,63,73,0,628,0,8,35,1,44,492,71,108,1,672,0,0,0,672
02/21/2012,MDW,IL,AGL,CE,Towers with Radar,499,86,69,0,654,0,0,1,6,7,499,86,70,6,661,0,0,0,661
02/22/2012,MDW,IL,AGL,CE,Towers with Radar,495,71,95,4,665,0,2,14,5,21,495,73,109,9,686,0,0,0,686
02/23/2012,MDW,IL,AGL,CE,Towers with Radar,351,75,98,1,525,0,0,5,0,5,351,75,103,1,530,0,0,0,530
02/24/2012,MDW,IL,AGL,CE,Towers with Radar,464,67,41,0,572,0,1,4,2,7,464,68,45,2,579,0,0,0,579
02/25/2012,MDW,IL,AGL,CE,Towers with Radar,381,34,31,0,446,0,1,29,0,30,381,35,60,0,476,0,0,0,476
02/26/2012,MDW,IL,AGL,CE,Towers with Radar,439,62,47,0,548,0,4,16,6,26,439,66,63,6,574,0,0,0,574
02/27/2012,MDW,IL,AGL,CE,Towers with Radar,490,60,61,0,611,0,1,23,0,24,490,61,84,0,635,0,0,0,635
02/28/2012,MDW,IL,AGL,CE,Towers with Radar,496,74,68,4,642,0,2,22,14,38,496,76,90,18,680,0,0,0,680
02/29/2012,MDW,IL,AGL,CE,Towers with Radar,493,65,81,0,639,0,2,5,2,9,493,67,86,2,648,0,0,0,648
03/01/2012,MDW,IL,AGL,CE,Towers with Radar,499,89,80,4,672,0,7,15,19,41,499,96,95,23,713,0,0,0,713
03/02/2012,MDW,IL,AGL,CE,Towers with Radar,499,76,64,0,639,0,0,4,2,6,499,76,68,2,645,0,0,0,645
03/03/2012,MDW,IL,AGL,CE,Towers with Radar,380,41,27,0,448,0,2,10,0,12,380,43,37,0,460,0,0,0,460
03/04/2012,MDW,IL,AGL,CE,Towers with Radar,454,57,55,0,566,0,1,9,0,10,454,58,64,0,576,0,0,0,576
03/05/2012,MDW,IL,AGL,CE,Towers with Radar,497,80,62,2,641,0,3,17,0,20,497,83,79,2,661,0,0,0,661
03/06/2012,MDW,IL,AGL,CE,Towers with Radar,490,67,72,0,629,0,1,7,15,23,490,68,79,15,652,0,0,0,652
03/07/2012,MDW,IL,AGL,CE,Towers with Radar,494,72,81,0,647,0,2,6,4,12,494,74,87,4,659,0,0,0,659
03/08/2012,MDW,IL,AGL,CE,Towers with Radar,499,85,73,5,662,0,1,11,16,28,499,86,84,21,690,0,0,0,690
03/09/2012,MDW,IL,AGL,CE,Towers with Radar,502,73,103,0,678,0,13,40,3,56,502,86,143,3,734,0,0,0,734
03/10/2012,MDW,IL,AGL,CE,Towers with Radar,448,45,40,3,536,0,1,24,9,34,448,46,64,12,570,0,0,0,570
03/11/2012,MDW,IL,AGL,CE,Towers with Radar,492,50,46,0,588,0,2,26,1,29,492,52,72,1,617,0,0,0,617
03/12/2012,MDW,IL,AGL,CE,Towers with Radar,556,67,89,2,714,0,4,6,3,13,556,71,95,5,727,0,0,0,727
03/13/2012,MDW,IL,AGL,CE,Towers with Radar,547,80,75,4,706,0,9,15,12,36,547,89,90,16,742,0,0,0,742
03/14/2012,MDW,IL,AGL,CE,Towers with Radar,550,60,86,1,697,0,1,25,8,34,550,61,111,9,731,0,0,0,731
03/15/2012,MDW,IL,AGL,CE,Towers with Radar,565,87,106,3,761,0,7,20,8,35,565,94,126,11,796,0,0,0,796
03/16/2012,MDW,IL,AGL,CE,Towers with Radar,562,65,82,4,713,0,3,18,1,22,562,68,100,5,735,0,0,0,735
03/17/2012,MDW,IL,AGL,CE,Towers with Radar,465,48,24,0,537,0,3,30,1,34,465,51,54,1,571,0,0,0,571
03/18/2012,MDW,IL,AGL,CE,Towers with Radar,497,44,58,3,602,0,4,32,0,36,497,48,90,3,638,0,0,0,638
03/19/2012,MDW,IL,AGL,CE,Towers with Radar,554,66,44,0,664,0,3,21,4,28,554,69,65,4,692,0,0,0,692
03/20/2012,MDW,IL,AGL,CE,Towers with Radar,549,54,103,2,708,0,4,22,15,41,549,58,125,17,749,0,0,0,749
03/21/2012,MDW,IL,AGL,CE,Towers with Radar,548,76,87,4,715,0,2,31,12,45,548,78,118,16,760,0,0,0,760
03/22/2012,MDW,IL,AGL,CE,Towers with Radar,557,78,79,4,718,0,2,21,8,31,557,80,100,12,749,0,0,0,749
03/23/2012,MDW,IL,AGL,CE,Towers with Radar,564,87,71,1,723,0,0,14,6,20,564,87,85,7,743,0,0,0,743
03/24/2012,MDW,IL,AGL,CE,Towers with Radar,463,39,43,4,549,0,0,0,0,0,463,39,43,4,549,0,0,0,549
03/25/2012,MDW,IL,AGL,CE,Towers with Radar,490,55,33,0,578,0,3,29,1,33,490,58,62,1,611,0,0,0,611
03/26/2012,MDW,IL,AGL,CE,Towers with Radar,555,71,72,2,700,0,6,16,2,24,555,77,88,4,724,0,0,0,724
03/27/2012,MDW,IL,AGL,CE,Towers with Radar,559,51,63,3,676,0,4,16,12,32,559,55,79,15,708,0,0,0,708
03/28/2012,MDW,IL,AGL,CE,Towers with Radar,552,56,66,1,675,0,0,14,7,21,552,56,80,8,696,0,0,0,696
03/29/2012,MDW,IL,AGL,CE,Towers with Radar,555,75,72,3,705,0,2,27,15,44,555,77,99,18,749,0,0,0,749
03/30/2012,MDW,IL,AGL,CE,Towers with Radar,558,66,61,1,686,0,0,7,1,8,558,66,68,2,694,0,0,0,694
03/31/2012,MDW,IL,AGL,CE,Towers with Radar,445,57,52,0,554,0,0,32,0,32,445,57,84,0,586,0,0,0,586
04/01/2012,MDW,IL,AGL,CE,Towers with Radar,496,58,56,1,611,0,0,5,4,9,496,58,61,5,620,0,0,0,620
04/02/2012,MDW,IL,AGL,CE,Towers with Radar,558,80,73,3,714,0,2,21,7,30,558,82,94,10,744,0,0,0,744
04/03/2012,MDW,IL,AGL,CE,Towers with Radar,550,82,72,3,707,0,0,33,12,45,550,82,105,15,752,0,0,0,752
04/04/2012,MDW,IL,AGL,CE,Towers with Radar,554,92,91,2,739,0,5,22,11,38,554,97,113,13,777,0,0,0,777
04/05/2012,MDW,IL,AGL,CE,Towers with Radar,562,80,109,2,753,0,6,30,7,43,562,86,139,9,796,0,0,0,796
04/06/2012,MDW,IL,AGL,CE,Towers with Radar,556,71,69,5,701,0,5,28,4,37,556,76,97,9,738,0,0,0,738
04/07/2012,MDW,IL,AGL,CE,Towers with Radar,450,35,33,0,518,0,2,42,3,47,450,37,75,3,565,0,0,0,565
04/08/2012,MDW,IL,AGL,CE,Towers with Radar,485,46,38,4,573,0,2,8,0,10,485,48,46,4,583,0,0,0,583
04/09/2012,MDW,IL,AGL,CE,Towers with Radar,554,66,85,0,705,1,2,24,0,27,555,68,109,0,732,0,0,0,732
04/10/2012,MDW,IL,AGL,CE,Towers with Radar,538,84,94,2,718,0,8,28,10,46,538,92,122,12,764,0,0,0,764
04/11/2012,MDW,IL,AGL,CE,Towers with Radar,547,104,125,3,779,0,0,28,12,40,547,104,153,15,819,0,0,0,819
04/12/2012,MDW,IL,AGL,CE,Towers with Radar,547,87,119,3,756,0,0,26,6,32,547,87,145,9,788,0,0,0,788
04/13/2012,MDW,IL,AGL,CE,Towers with Radar,552,63,88,2,705,0,1,30,5,36,552,64,118,7,741,0,0,0,741
04/14/2012,MDW,IL,AGL,CE,Towers with Radar,430,33,48,2,513,0,0,24,0,24,430,33,72,2,537,0,0,0,537
04/15/2012,MDW,IL,AGL,CE,Towers with Radar,501,54,79,2,636,0,2,0,1,3,501,56,79,3,639,0,0,0,639
04/16/2012,MDW,IL,AGL,CE,Towers with Radar,552,82,68,0,702,0,5,4,6,15,552,87,72,6,717,0,0,0,717
04/17/2012,MDW,IL,AGL,CE,Towers with Radar,538,101,95,0,734,0,2,27,8,37,538,103,122,8,771,0,0,0,771
04/18/2012,MDW,IL,AGL,CE,Towers with Radar,544,84,95,5,728,0,1,19,13,33,544,85,114,18,761,0,0,0,761
04/19/2012,MDW,IL,AGL,CE,Towers with Radar,549,97,97,4,747,0,5,13,7,25,549,102,110,11,772,0,0,0,772
04/20/2012,MDW,IL,AGL,CE,Towers with Radar,546,90,103,7,746,0,0,9,1,10,546,90,112,8,756,0,0,0,756
04/21/2012,MDW,IL,AGL,CE,Towers with Radar,425,34,37,2,498,0,4,39,2,45,425,38,76,4,543,0,0,0,543
04/22/2012,MDW,IL,AGL,CE,Towers with Radar,495,53,70,4,622,0,2,41,0,43,495,55,111,4,665,0,0,0,665
04/23/2012,MDW,IL,AGL,CE,Towers with Radar,535,80,114,2,731,0,9,24,1,34,535,89,138,3,765,0,0,0,765
04/24/2012,MDW,IL,AGL,CE,Towers with Radar,544,78,104,1,727,0,4,19,0,23,544,82,123,1,750,0,0,0,750
04/25/2012,MDW,IL,AGL,CE,Towers with Radar,549,71,125,0,745,0,9,14,2,25,549,80,139,2,770,0,0,0,770
04/26/2012,MDW,IL,AGL,CE,Towers with Radar,547,94,121,0,762,0,15,16,4,35,547,109,137,4,797,0,0,0,797
04/27/2012,MDW,IL,AGL,CE,Towers with Radar,548,79,98,0,725,0,5,13,4,22,548,84,111,4,747,0,0,0,747
04/28/2012,MDW,IL,AGL,CE,Towers with Radar,426,34,56,0,516,0,1,8,0,9,426,35,64,0,525,0,0,0,525
04/29/2012,MDW,IL,AGL,CE,Towers with Radar,506,49,63,2,620,0,0,14,0,14,506,49,77,2,634,0,0,0,634
04/30/2012,MDW,IL,AGL,CE,Towers with Radar,546,73,93,0,712,0,4,4,0,8,546,77,97,0,720,0,0,0,720
05/01/2012,MDW,IL,AGL,CE,Towers with Radar,534,77,130,0,741,1,10,6,6,23,535,87,136,6,764,0,0,0,764
05/02/2012,MDW,IL,AGL,CE,Towers with Radar,548,108,99,0,755,0,1,22,8,31,548,109,121,8,786,0,0,0,786
05/03/2012,MDW,IL,AGL,CE,Towers with Radar,546,105,117,7,775,0,3,26,12,41,546,108,143,19,816,0,0,0,816
05/04/2012,MDW,IL,AGL,CE,Towers with Radar,554,88,107,3,752,0,2,4,6,12,554,90,111,9,764,0,0,0,764
05/05/2012,MDW,IL,AGL,CE,Towers with Radar,427,71,57,0,555,0,0,0,1,1,427,71,57,1,556,0,0,0,556
05/06/2012,MDW,IL,AGL,CE,Towers with Radar,501,79,103,4,687,0,3,22,0,25,501,82,125,4,712,0,0,0,712
05/07/2012,MDW,IL,AGL,CE,Towers with Radar,554,101,117,0,772,0,0,0,6,6,554,101,117,6,778,0,0,0,778
05/08/2012,MDW,IL,AGL,CE,Towers with Radar,538,80,133,7,758,0,2,47,11,60,538,82,180,18,818,0,0,0,818
05/09/2012,MDW,IL,AGL,CE,Towers with Radar,539,93,108,0,740,0,4,33,6,43,539,97,141,6,783,0,0,0,783
05/10/2012,MDW,IL,AGL,CE,Towers with Radar,554,91,107,0,752,0,10,37,22,69,554,101,144,22,821,0,0,0,821
05/11/2012,MDW,IL,AGL,CE,Towers with Radar,550,75,80,0,705,0,9,29,0,38,550,84,109,0,743,0,0,0,743
05/12/2012,MDW,IL,AGL,CE,Towers with Radar,429,35,43,0,507,1,0,13,0,14,430,35,56,0,521,0,0,0,521
05/13/2012,MDW,IL,AGL,CE,Towers with Radar,501,64,59,0,624,0,3,29,1,33,501,67,88,1,657,0,0,0,657
05/14/2012,MDW,IL,AGL,CE,Towers with Radar,549,70,73,1,693,0,1,26,4,31,549,71,99,5,724,0,0,0,724
05/15/2012,MDW,IL,AGL,CE,Towers with Radar,550,83,97,0,730,0,2,20,11,33,550,85,117,11,763,0,0,0,763
05/16/2012,MDW,IL,AGL,CE,Towers with Radar,547,62,126,2,737,0,2,23,12,37,547,64,149,14,774,0,0,0,774
05/17/2012,MDW,IL,AGL,CE,Towers with Radar,551,91,87,3,732,0,4,52,25,81,551,95,139,28,813,0,0,0,813
05/18/2012,MDW,IL,AGL,CE,Towers with Radar,562,73,71,1,707,0,14,29,11,54,562,87,100,12,761,0,0,0,761
05/19/2012,MDW,IL,AGL,CE,Towers with Radar,435,31,21,2,489,0,11,19,15,45,435,42,40,17,534,0,0,0,534
05/20/2012,MDW,IL,AGL,CE,Towers with Radar,501,21,17,12,551,0,6,4,7,17,501,27,21,19,568,0,0,0,568
05/21/2012,MDW,IL,AGL,CE,Towers with Radar,545,41,29,11,626,0,4,7,3,14,545,45,36,14,640,0,0,0,640
05/22/2012,MDW,IL,AGL,CE,Towers with Radar,545,85,103,2,735,0,13,23,11,47,545,98,126,13,782,0,0,0,782
05/23/2012,MDW,IL,AGL,CE,Towers with Radar,551,98,109,2,760,0,7,46,8,61,551,105,155,10,821,0,0,0,821
05/24/2012,MDW,IL,AGL,CE,Towers with Radar,559,108,111,0,778,0,4,15,0,19,559,112,126,0,797,0,0,0,797
05/25/2012,MDW,IL,AGL,CE,Towers with Radar,556,74,91,2,723,0,1,26,9,36,556,75,117,11,759,0,0,0,759
05/26/2012,MDW,IL,AGL,CE,Towers with Radar,383,27,34,0,444,0,2,17,4,23,383,29,51,4,467,0,0,0,467
05/27/2012,MDW,IL,AGL,CE,Towers with Radar,403,31,31,0,465,0,2,19,0,21,403,33,50,0,486,0,0,0,486
05/28/2012,MDW,IL,AGL,CE,Towers with Radar,477,47,40,0,564,0,2,16,5,23,477,49,56,5,587,0,0,0,587
05/29/2012,MDW,IL,AGL,CE,Towers with Radar,538,79,90,1,708,0,7,31,3,41,538,86,121,4,749,0,0,0,749
05/30/2012,MDW,IL,AGL,CE,Towers with Radar,552,69,100,0,721,0,3,29,2,34,552,72,129,2,755,0,0,0,755
05/31/2012,MDW,IL,AGL,CE,Towers with Radar,556,88,103,0,747,0,1,4,2,7,556,89,107,2,754,0,0,0,754
06/01/2012,MDW,IL,AGL,CE,Towers with Radar,548,84,46,0,678,0,4,2,7,13,548,88,48,7,691,0,0,0,691
06/02/2012,MDW,IL,AGL,CE,Towers with Radar,436,23,34,2,495,0,0,14,10,24,436,23,48,12,519,0,0,0,519
06/03/2012,MDW,IL,AGL,CE,Towers with Radar,524,61,75,0,660,0,1,28,2,31,524,62,103,2,691,0,0,0,691
06/04/2012,MDW,IL,AGL,CE,Towers with Radar,567,85,84,0,736,0,3,15,1,19,567,88,99,1,755,0,0,0,755
06/05/2012,MDW,IL,AGL,CE,Towers with Radar,567,77,93,0,737,0,6,18,2,26,567,83,111,2,763,0,0,0,763
06/06/2012,MDW,IL,AGL,CE,Towers with Radar,564,78,110,0,752,0,0,33,4,37,564,78,143,4,789,0,0,0,789
06/07/2012,MDW,IL,AGL,CE,Towers with Radar,569,93,123,0,785,1,0,29,4,34,570,93,152,4,819,0,0,0,819
06/08/2012,MDW,IL,AGL,CE,Towers with Radar,575,82,138,0,795,0,3,42,0,45,575,85,180,0,840,0,0,0,840
06/09/2012,MDW,IL,AGL,CE,Towers with Radar,501,32,63,0,596,0,2,30,1,33,501,34,93,1,629,0,0,0,629
06/10/2012,MDW,IL,AGL,CE,Towers with Radar,524,62,103,0,689,0,2,23,0,25,524,64,126,0,714,0,0,0,714
06/11/2012,MDW,IL,AGL,CE,Towers with Radar,567,105,105,0,777,0,7,10,6,23,567,112,115,6,800,0,0,0,800
06/12/2012,MDW,IL,AGL,CE,Towers with Radar,554,87,180,2,823,1,14,17,12,44,555,101,197,14,867,0,0,0,867
06/13/2012,MDW,IL,AGL,CE,Towers with Radar,561,94,159,2,816,0,1,21,5,27,561,95,180,7,843,0,0,0,843
06/14/2012,MDW,IL,AGL,CE,Towers with Radar,570,107,155,0,832,0,8,24,7,39,570,115,179,7,871,0,0,0,871
06/15/2012,MDW,IL,AGL,CE,Towers with Radar,570,78,103,0,751,0,2,12,2,16,570,80,115,2,767,0,0,0,767
06/16/2012,MDW,IL,AGL,CE,Towers with Radar,491,20,13,2,526,0,0,0,0,0,491,20,13,2,526,0,0,0,526
06/17/2012,MDW,IL,AGL,CE,Towers with Radar,526,37,33,3,599,1,0,6,0,7,527,37,39,3,606,0,0,0,606
06/18/2012,MDW,IL,AGL,CE,Towers with Radar,560,89,112,1,762,0,1,21,0,22,560,90,133,1,784,0,0,0,784
06/19/2012,MDW,IL,AGL,CE,Towers with Radar,562,105,123,1,791,0,5,22,3,30,562,110,145,4,821,0,0,0,821
06/20/2012,MDW,IL,AGL,CE,Towers with Radar,562,81,91,0,734,0,3,29,0,32,562,84,120,0,766,6,0,6,772
06/21/2012,MDW,IL,AGL,CE,Towers with Radar,569,91,87,0,747,0,0,32,2,34,569,91,119,2,781,0,0,0,781
06/22/2012,MDW,IL,AGL,CE,Towers with Radar,559,69,79,0,707,0,0,34,4,38,559,69,113,4,745,0,0,0,745
06/23/2012,MDW,IL,AGL,CE,Towers with Radar,503,37,32,0,572,0,4,31,0,35,503,41,63,0,607,0,0,0,607
06/24/2012,MDW,IL,AGL,CE,Towers with Radar,533,57,73,0,663,0,6,31,3,40,533,63,104,3,703,0,0,0,703
06/25/2012,MDW,IL,AGL,CE,Towers with Radar,562,95,84,1,742,1,0,23,4,28,563,95,107,5,770,0,0,0,770
06/26/2012,MDW,IL,AGL,CE,Towers with Radar,560,108,105,5,778,1,1,17,6,25,561,109,122,11,803,0,0,0,803
06/27/2012,MDW,IL,AGL,CE,Towers with Radar,572,91,96,0,759,0,5,24,4,33,572,96,120,4,792,0,0,0,792
06/28/2012,MDW,IL,AGL,CE,Towers with Radar,500,78,103,2,683,1,1,17,4,23,501,79,120,6,706,0,0,0,706
06/29/2012,MDW,IL,AGL,CE,Towers with Radar,563,70,71,2,706,0,0,20,1,21,563,70,91,3,727,0,0,0,727
06/30/2012,MDW,IL,AGL,CE,Towers with Radar,492,39,49,0,580,0,0,23,0,23,492,39,72,0,603,0,0,0,603
07/01/2012,MDW,IL,AGL,CE,Towers with Radar,528,59,51,0,638,0,0,33,0,33,528,59,84,0,671,0,0,0,671
07/02/2012,MDW,IL,AGL,CE,Towers with Radar,571,45,53,0,669,0,0,26,0,26,571,45,79,0,695,12,0,12,707
07/03/2012,MDW,IL,AGL,CE,Towers with Radar,565,50,52,0,667,0,11,37,1,49,565,61,89,1,716,0,0,0,716
07/04/2012,MDW,IL,AGL,CE,Towers with Radar,518,26,19,0,563,0,4,22,0,26,518,30,41,0,589,0,0,0,589
07/05/2012,MDW,IL,AGL,CE,Towers with Radar,562,47,52,0,661,0,0,16,3,19,562,47,68,3,680,0,0,0,680
07/06/2012,MDW,IL,AGL,CE,Towers with Radar,567,56,65,2,690,0,2,20,1,23,567,58,85,3,713,0,0,0,713
07/07/2012,MDW,IL,AGL,CE,Towers with Radar,491,31,41,0,563,0,3,27,0,30,491,34,68,0,593,0,0,0,593
07/08/2012,MDW,IL,AGL,CE,Towers with Radar,531,73,73,0,677,0,0,27,0,27,531,73,100,0,704,0,0,0,704
07/09/2012,MDW,IL,AGL,CE,Towers with Radar,566,66,83,2,717,0,5,22,0,27,566,71,105,2,744,0,0,0,744
07/10/2012,MDW,IL,AGL,CE,Towers with Radar,569,88,90,4,751,0,3,24,7,34,569,91,114,11,785,0,0,0,785
07/11/2012,MDW,IL,AGL,CE,Towers with Radar,568,86,89,6,749,0,2,26,6,34,568,88,115,12,783,0,0,0,783
07/12/2012,MDW,IL,AGL,CE,Towers with Radar,573,110,119,1,803,0,2,26,1,29,573,112,145,2,832,0,0,0,832
07/13/2012,MDW,IL,AGL,CE,Towers with Radar,570,75,67,0,712,0,0,32,2,34,570,75,99,2,746,0,0,0,746
07/14/2012,MDW,IL,AGL,CE,Towers with Radar,493,27,43,2,565,1,0,56,0,57,494,27,99,2,622,0,0,0,622
07/15/2012,MDW,IL,AGL,CE,Towers with Radar,528,44,71,0,643,0,1,43,0,44,528,45,114,0,687,0,0,0,687
07/16/2012,MDW,IL,AGL,CE,Towers with Radar,571,64,93,2,730,0,0,29,0,29,571,64,122,2,759,0,0,0,759
07/17/2012,MDW,IL,AGL,CE,Towers with Radar,576,70,123,2,771,0,2,31,3,36,576,72,154,5,807,0,0,0,807
07/18/2012,MDW,IL,AGL,CE,Towers with Radar,543,73,106,0,722,0,6,21,1,28,543,79,127,1,750,0,0,0,750
07/19/2012,MDW,IL,AGL,CE,Towers with Radar,583,109,116,3,811,0,6,20,3,29,583,115,136,6,840,0,0,0,840
07/20/2012,MDW,IL,AGL,CE,Towers with Radar,574,87,95,0,756,0,0,37,0,37,574,87,132,0,793,0,0,0,793
07/21/2012,MDW,IL,AGL,CE,Towers with Radar,491,44,42,2,579,0,2,54,2,58,491,46,96,4,637,0,0,0,637
07/22/2012,MDW,IL,AGL,CE,Towers with Radar,529,72,81,1,683,0,4,53,4,61,529,76,134,5,744,0,0,0,744
07/23/2012,MDW,IL,AGL,CE,Towers with Radar,565,76,87,0,728,0,6,33,0,39,565,82,120,0,767,0,0,0,767
07/24/2012,MDW,IL,AGL,CE,Towers with Radar,565,106,100,1,772,0,2,50,4,56,565,108,150,5,828,0,0,0,828
07/25/2012,MDW,IL,AGL,CE,Towers with Radar,576,103,119,0,798,1,8,26,2,37,577,111,145,2,835,0,0,0,835
07/26/2012,MDW,IL,AGL,CE,Towers with Radar,562,98,113,1,774,1,1,37,5,44,563,99,150,6,818,0,0,0,818
07/27/2012,MDW,IL,AGL,CE,Towers with Radar,574,79,104,0,757,0,6,43,4,53,574,85,147,4,810,0,0,0,810
07/28/2012,MDW,IL,AGL,CE,Towers with Radar,496,38,50,0,584,0,4,64,0,68,496,42,114,0,652,0,0,0,652
07/29/2012,MDW,IL,AGL,CE,Towers with Radar,538,67,82,0,687,1,7,49,2,59,539,74,131,2,746,0,0,0,746
07/30/2012,MDW,IL,AGL,CE,Towers with Radar,570,59,66,0,695,0,4,36,1,41,570,63,102,1,736,0,0,0,736
07/31/2012,MDW,IL,AGL,CE,Towers with Radar,558,83,92,2,735,0,2,22,1,25,558,85,114,3,760,0,0,0,760
08/01/2012,MDW,IL,AGL,CE,Towers with Radar,581,91,107,0,779,1,3,49,2,55,582,94,156,2,834,0,0,0,834
08/02/2012,MDW,IL,AGL,CE,Towers with Radar,567,86,93,0,746,1,6,35,4,46,568,92,128,4,792,0,0,0,792
08/03/2012,MDW,IL,AGL,CE,Towers with Radar,572,76,68,1,717,0,4,52,3,59,572,80,120,4,776,0,0,0,776
08/04/2012,MDW,IL,AGL,CE,Towers with Radar,492,30,38,0,560,0,1,22,3,26,492,31,60,3,586,0,0,0,586
08/05/2012,MDW,IL,AGL,CE,Towers with Radar,526,83,67,0,676,0,0,54,1,55,526,83,121,1,731,0,0,0,731
08/06/2012,MDW,IL,AGL,CE,Towers with Radar,570,80,94,0,744,1,5,33,8,47,571,85,127,8,791,0,0,0,791
08/07/2012,MDW,IL,AGL,CE,Towers with Radar,567,82,92,0,741,0,3,45,5,53,567,85,137,5,794,0,0,0,794
08/08/2012,MDW,IL,AGL,CE,Towers with Radar,569,99,102,0,770,0,4,16,2,22,569,103,118,2,792,0,0,0,792
08/09/2012,MDW,IL,AGL,CE,Towers with Radar,563,103,75,0,741,0,4,12,2,18,563,107,87,2,759,0,0,0,759
08/10/2012,MDW,IL,AGL,CE,Towers with Radar,567,82,95,0,744,0,3,28,10,41,567,85,123,10,785,0,0,0,785
08/11/2012,MDW,IL,AGL,CE,Towers with Radar,490,31,29,1,551,0,2,15,2,19,490,33,44,3,570,0,0,0,570
08/12/2012,MDW,IL,AGL,CE,Towers with Radar,492,26,25,1,544,0,2,2,0,4,492,28,27,1,548,0,0,0,548
08/13/2012,MDW,IL,AGL,CE,Towers with Radar,540,74,69,0,683,0,0,2,3,5,540,74,71,3,688,0,0,0,688
08/14/2012,MDW,IL,AGL,CE,Towers with Radar,539,82,108,2,731,0,1,50,1,52,539,83,158,3,783,0,0,0,783
08/15/2012,MDW,IL,AGL,CE,Towers with Radar,540,81,103,1,725,0,1,37,4,42,540,82,140,5,767,0,0,0,767
08/16/2012,MDW,IL,AGL,CE,Towers with Radar,541,87,76,0,704,0,3,21,11,35,541,90,97,11,739,0,0,0,739
08/17/2012,MDW,IL,AGL,CE,Towers with Radar,539,96,89,0,724,0,1,44,4,49,539,97,133,4,773,0,0,0,773
08/18/2012,MDW,IL,AGL,CE,Towers with Radar,428,36,27,0,491,1,2,30,2,35,429,38,57,2,526,0,0,0,526
08/19/2012,MDW,IL,AGL,CE,Towers with Radar,486,61,55,0,602,0,1,31,0,32,486,62,86,0,634,0,0,0,634
08/20/2012,MDW,IL,AGL,CE,Towers with Radar,538,55,79,2,674,0,1,17,2,20,538,56,96,4,694,0,0,0,694
08/21/2012,MDW,IL,AGL,CE,Towers with Radar,536,63,100,1,700,0,7,42,5,54,536,70,142,6,754,0,0,0,754
08/22/2012,MDW,IL,AGL,CE,Towers with Radar,533,71,131,1,736,0,4,55,4,63,533,75,186,5,799,0,0,0,799
08/23/2012,MDW,IL,AGL,CE,Towers with Radar,539,80,80,2,701,0,2,17,5,24,539,82,97,7,725,0,0,0,725
08/24/2012,MDW,IL,AGL,CE,Towers with Radar,538,82,73,4,697,0,2,17,4,23,538,84,90,8,720,0,0,0,720
08/25/2012,MDW,IL,AGL,CE,Towers with Radar,430,34,32,1,497,0,2,49,5,56,430,36,81,6,553,0,0,0,553
08/26/2012,MDW,IL,AGL,CE,Towers with Radar,468,51,60,1,580,0,2,7,2,11,468,53,67,3,591,0,0,0,591
08/27/2012,MDW,IL,AGL,CE,Towers with Radar,559,63,90,0,712,0,1,23,7,31,559,64,113,7,743,0,0,0,743
08/28/2012,MDW,IL,AGL,CE,Towers with Radar,536,67,75,2,680,0,7,38,7,52,536,74,113,9,732,0,0,0,732
08/29/2012,MDW,IL,AGL,CE,Towers with Radar,530,79,82,0,691,0,0,17,7,24,530,79,99,7,715,0,0,0,715
08/30/2012,MDW,IL,AGL,CE,Towers with Radar,535,90,95,0,720,0,3,31,4,38,535,93,126,4,758,0,0,0,758
08/31/2012,MDW,IL,AGL,CE,Towers with Radar,532,72,76,0,680,0,0,30,3,33,532,72,106,3,713,0,0,0,713
09/01/2012,MDW,IL,AGL,CE,Towers with Radar,387,31,38,0,456,0,4,5,0,9,387,35,43,0,465,0,0,0,465
09/02/2012,MDW,IL,AGL,CE,Towers with Radar,385,35,42,0,462,0,1,26,0,27,385,36,68,0,489,0,0,0,489
09/03/2012,MDW,IL,AGL,CE,Towers with Radar,479,69,62,0,610,0,1,48,0,49,479,70,110,0,659,0,0,0,659
09/04/2012,MDW,IL,AGL,CE,Towers with Radar,531,81,68,0,680,0,0,18,4,22,531,81,86,4,702,0,0,0,702
09/05/2012,MDW,IL,AGL,CE,Towers with Radar,542,80,128,0,750,0,3,33,0,36,542,83,161,0,786,0,0,0,786
09/06/2012,MDW,IL,AGL,CE,Towers with Radar,535,86,108,1,730,0,2,28,7,37,535,88,136,8,767,0,0,0,767
09/07/2012,MDW,IL,AGL,CE,Towers with Radar,539,105,134,0,778,0,4,9,0,13,539,109,143,0,791,0,0,0,791
09/08/2012,MDW,IL,AGL,CE,Towers with Radar,415,41,58,2,516,0,0,39,3,42,415,41,97,5,558,0,0,0,558
09/09/2012,MDW,IL,AGL,CE,Towers with Radar,493,67,109,1,670,0,2,26,2,30,493,69,135,3,700,0,0,0,700
09/10/2012,MDW,IL,AGL,CE,Towers with Radar,531,78,119,0,728,0,5,42,0,47,531,83,161,0,775,0,0,0,775
09/11/2012,MDW,IL,AGL,CE,Towers with Radar,527,83,149,0,759,0,3,37,7,47,527,86,186,7,806,0,0,0,806
09/12/2012,MDW,IL,AGL,CE,Towers with Radar,535,103,172,0,810,0,4,27,2,33,535,107,199,2,843,0,0,0,843
09/13/2012,MDW,IL,AGL,CE,Towers with Radar,539,109,138,0,786,0,5,21,11,37,539,114,159,11,823,0,0,0,823
09/14/2012,MDW,IL,AGL,CE,Towers with Radar,534,101,124,0,759,0,2,38,3,43,534,103,162,3,802,0,0,0,802
09/15/2012,MDW,IL,AGL,CE,Towers with Radar,414,29,61,1,505,0,4,67,1,72,414,33,128,2,577,0,0,0,577
09/16/2012,MDW,IL,AGL,CE,Towers with Radar,494,61,68,0,623,0,2,45,5,52,494,63,113,5,675,0,0,0,675
09/17/2012,MDW,IL,AGL,CE,Towers with Radar,537,72,90,0,699,0,0,27,1,28,537,72,117,1,727,0,0,0,727
09/18/2012,MDW,IL,AGL,CE,Towers with Radar,521,95,105,0,721,0,6,19,4,29,521,101,124,4,750,0,0,0,750
09/19/2012,MDW,IL,AGL,CE,Towers with Radar,529,99,159,1,788,0,15,20,5,40,529,114,179,6,828,0,0,0,828
09/20/2012,MDW,IL,AGL,CE,Towers with Radar,533,116,135,0,784,0,13,39,4,56,533,129,174,4,840,0,0,0,840
09/21/2012,MDW,IL,AGL,CE,Towers with Radar,537,110,120,0,767,0,18,16,0,34,537,128,136,0,801,0,0,0,801
09/22/2012,MDW,IL,AGL,CE,Towers with Radar,424,46,45,0,515,0,2,46,0,48,424,48,91,0,563,0,0,0,563
09/23/2012,MDW,IL,AGL,CE,Towers with Radar,490,69,91,0,650,1,4,35,2,42,491,73,126,2,692,0,0,0,692
09/24/2012,MDW,IL,AGL,CE,Towers with Radar,530,66,78,0,674,0,6,28,2,36,530,72,106,2,710,0,0,0,710
09/25/2012,MDW,IL,AGL,CE,Towers with Radar,527,82,84,2,695,0,10,32,9,51,527,92,116,11,746,0,0,0,746
09/26/2012,MDW,IL,AGL,CE,Towers with Radar,529,91,126,0,746,1,6,49,0,56,530,97,175,0,802,2,0,2,804
09/27/2012,MDW,IL,AGL,CE,Towers with Radar,537,107,124,2,770,0,3,48,1,52,537,110,172,3,822,0,0,0,822
09/28/2012,MDW,IL,AGL,CE,Towers with Radar,534,101,105,2,742,0,5,32,2,39,534,106,137,4,781,0,0,0,781
09/29/2012,MDW,IL,AGL,CE,Towers with Radar,414,44,59,1,518,0,2,37,0,39,414,46,96,1,557,0,0,0,557
09/30/2012,MDW,IL,AGL,CE,Towers with Radar,491,87,77,1,656,0,6,45,1,52,491,93,122,2,708,0,0,0,708
10/01/2012,MDW,IL,AGL,CE,Towers with Radar,542,82,88,0,712,1,2,47,2,52,543,84,135,2,764,0,0,0,764
10/02/2012,MDW,IL,AGL,CE,Towers with Radar,539,86,90,0,715,0,3,44,1,48,539,89,134,1,763,0,0,0,763
10/03/2012,MDW,IL,AGL,CE,Towers with Radar,540,97,112,0,749,0,2,11,0,13,540,99,123,0,762,0,0,0,762
10/04/2012,MDW,IL,AGL,CE,Towers with Radar,538,115,128,0,781,0,3,14,2,19,538,118,142,2,800,0,0,0,800
10/05/2012,MDW,IL,AGL,CE,Towers with Radar,538,100,136,0,774,0,2,29,0,31,538,102,165,0,805,0,0,0,805
10/06/2012,MDW,IL,AGL,CE,Towers with Radar,424,52,89,0,565,0,0,39,1,40,424,52,128,1,605,0,0,0,605
10/07/2012,MDW,IL,AGL,CE,Towers with Radar,487,76,97,0,660,0,10,48,0,58,487,86,145,0,718,0,0,0,718
10/08/2012,MDW,IL,AGL,CE,Towers with Radar,538,85,97,0,720,0,4,23,1,28,538,89,120,1,748,0,0,0,748
10/09/2012,MDW,IL,AGL,CE,Towers with Radar,535,87,126,0,748,0,7,7,6,20,535,94,133,6,768,0,0,0,768
10/10/2012,MDW,IL,AGL,CE,Towers with Radar,538,106,108,0,752,0,1,40,2,43,538,107,148,2,795,0,0,0,795
10/11/2012,MDW,IL,AGL,CE,Towers with Radar,533,93,134,0,760,0,5,42,4,51,533,98,176,4,811,0,0,0,811
10/12/2012,MDW,IL,AGL,CE,Towers with Radar,541,85,94,0,720,0,4,40,1,45,541,89,134,1,765,0,0,0,765
10/13/2012,MDW,IL,AGL,CE,Towers with Radar,424,44,41,0,509,0,0,0,0,0,424,44,41,0,509,0,0,0,509
10/14/2012,MDW,IL,AGL,CE,Towers with Radar,491,58,70,0,619,0,0,5,0,5,491,58,75,0,624,0,0,0,624
10/15/2012,MDW,IL,AGL,CE,Towers with Radar,546,76,85,0,707,0,1,14,0,15,546,77,99,0,722,0,0,0,722
10/16/2012,MDW,IL,AGL,CE,Towers with Radar,535,71,96,0,702,0,5,17,4,26,535,76,113,4,728,0,0,0,728
10/17/2012,MDW,IL,AGL,CE,Towers with Radar,541,126,149,0,816,0,1,19,4,24,541,127,168,4,840,0,0,0,840
10/18/2012,MDW,IL,AGL,CE,Towers with Radar,548,97,189,0,834,0,2,17,5,24,548,99,206,5,858,0,0,0,858
10/19/2012,MDW,IL,AGL,CE,Towers with Radar,538,89,151,1,779,0,0,14,0,14,538,89,165,1,793,0,0,0,793
10/20/2012,MDW,IL,AGL,CE,Towers with Radar,421,36,43,1,501,0,0,60,0,60,421,36,103,1,561,0,0,0,561
10/21/2012,MDW,IL,AGL,CE,Towers with Radar,487,71,99,0,657,0,1,50,4,55,487,72,149,4,712,0,0,0,712
10/22/2012,MDW,IL,AGL,CE,Towers with Radar,540,93,99,3,735,0,2,13,0,15,540,95,112,3,750,0,0,0,750
10/23/2012,MDW,IL,AGL,CE,Towers with Radar,545,107,112,1,765,0,1,13,3,17,545,108,125,4,782,0,0,0,782
10/24/2012,MDW,IL,AGL,CE,Towers with Radar,541,81,119,0,741,0,5,17,2,24,541,86,136,2,765,0,0,0,765
10/25/2012,MDW,IL,AGL,CE,Towers with Radar,534,69,81,1,685,0,5,6,2,13,534,74,87,3,698,0,0,0,698
10/26/2012,MDW,IL,AGL,CE,Towers with Radar,545,86,118,0,749,0,15,24,3,42,545,101,142,3,791,0,0,0,791
10/27/2012,MDW,IL,AGL,CE,Towers with Radar,424,54,57,2,537,0,6,31,0,37,424,60,88,2,574,0,0,0,574
10/28/2012,MDW,IL,AGL,CE,Towers with Radar,475,72,111,1,659,0,0,41,0,41,475,72,152,1,700,0,0,0,700
10/29/2012,MDW,IL,AGL,CE,Towers with Radar,434,61,107,2,604,0,2,12,1,15,434,63,119,3,619,0,0,0,619
10/30/2012,MDW,IL,AGL,CE,Towers with Radar,452,58,113,0,623,0,0,10,4,14,452,58,123,4,637,0,0,0,637
10/31/2012,MDW,IL,AGL,CE,Towers with Radar,470,74,92,1,637,0,7,17,4,28,470,81,109,5,665,0,0,0,665
11/01/2012,MDW,IL,AGL,CE,Towers with Radar,536,91,112,0,739,0,4,22,6,32,536,95,134,6,771,0,0,0,771
11/02/2012,MDW,IL,AGL,CE,Towers with Radar,532,73,96,0,701,0,10,33,2,45,532,83,129,2,746,0,0,0,746
11/03/2012,MDW,IL,AGL,CE,Towers with Radar,428,47,48,0,523,0,1,44,0,45,428,48,92,0,568,0,0,0,568
11/04/2012,MDW,IL,AGL,CE,Towers with Radar,459,73,75,0,607,0,0,47,0,47,459,73,122,0,654,0,0,0,654
11/05/2012,MDW,IL,AGL,CE,Towers with Radar,511,85,99,0,695,0,4,13,0,17,511,89,112,0,712,0,0,0,712
11/06/2012,MDW,IL,AGL,CE,Towers with Radar,442,28,36,0,506,0,0,0,0,0,442,28,36,0,506,0,0,0,506
11/07/2012,MDW,IL,AGL,CE,Towers with Radar,500,70,92,2,664,0,7,0,0,7,500,77,92,2,671,0,0,0,671
11/08/2012,MDW,IL,AGL,CE,Towers with Radar,511,98,114,4,727,0,5,24,11,40,511,103,138,15,767,0,0,0,767
11/09/2012,MDW,IL,AGL,CE,Towers with Radar,510,70,98,1,679,0,0,34,3,37,510,70,132,4,716,0,0,0,716
11/10/2012,MDW,IL,AGL,CE,Towers with Radar,418,34,46,0,498,0,2,28,0,30,418,36,74,0,528,0,0,0,528
11/11/2012,MDW,IL,AGL,CE,Towers with Radar,462,52,63,3,580,0,4,2,1,7,462,56,65,4,587,0,0,0,587
11/12/2012,MDW,IL,AGL,CE,Towers with Radar,509,69,102,2,682,0,5,15,2,22,509,74,117,4,704,0,0,0,704
11/13/2012,MDW,IL,AGL,CE,Towers with Radar,505,91,101,2,699,0,8,10,4,22,505,99,111,6,721,0,0,0,721
11/14/2012,MDW,IL,AGL,CE,Towers with Radar,516,94,129,0,739,0,3,15,7,25,516,97,144,7,764,0,0,0,764
11/15/2012,MDW,IL,AGL,CE,Towers with Radar,506,111,138,1,756,0,4,18,4,26,506,115,156,5,782,0,0,0,782
11/16/2012,MDW,IL,AGL,CE,Towers with Radar,518,85,133,0,736,0,4,15,2,21,518,89,148,2,757,0,0,0,757
11/17/2012,MDW,IL,AGL,CE,Towers with Radar,426,34,62,0,522,0,3,41,3,47,426,37,103,3,569,0,0,0,569
11/18/2012,MDW,IL,AGL,CE,Towers with Radar,460,36,88,0,584,0,0,37,4,41,460,36,125,4,625,0,0,0,625
11/19/2012,MDW,IL,AGL,CE,Towers with Radar,504,70,67,0,641,0,3,14,0,17,504,73,81,0,658,0,0,0,658
11/20/2012,MDW,IL,AGL,CE,Towers with Radar,503,82,83,1,669,0,0,8,3,11,503,82,91,4,680,0,0,0,680
11/21/2012,MDW,IL,AGL,CE,Towers with Radar,480,78,76,0,634,0,2,12,0,14,480,80,88,0,648,0,0,0,648
11/22/2012,MDW,IL,AGL,CE,Towers with Radar,334,34,6,0,374,0,7,2,0,9,334,41,8,0,383,0,0,0,383
11/23/2012,MDW,IL,AGL,CE,Towers with Radar,381,34,37,0,452,0,4,15,0,19,381,38,52,0,471,0,0,0,471
11/24/2012,MDW,IL,AGL,CE,Towers with Radar,423,41,36,0,500,0,0,30,0,30,423,41,66,0,530,0,0,0,530
11/25/2012,MDW,IL,AGL,CE,Towers with Radar,554,90,85,0,729,0,1,13,0,14,554,91,98,0,743,0,0,0,743
11/26/2012,MDW,IL,AGL,CE,Towers with Radar,539,73,82,0,694,0,0,15,2,17,539,73,97,2,711,0,0,0,711
11/27/2012,MDW,IL,AGL,CE,Towers with Radar,502,73,99,2,676,0,2,10,6,18,502,75,109,8,694,0,0,0,694
11/28/2012,MDW,IL,AGL,CE,Towers with Radar,517,78,90,1,686,0,6,16,8,30,517,84,106,9,716,10,0,10,726
11/29/2012,MDW,IL,AGL,CE,Towers with Radar,511,97,100,0,708,0,3,12,3,18,511,100,112,3,726,0,0,0,726
11/30/2012,MDW,IL,AGL,CE,Towers with Radar,505,85,71,0,661,0,5,20,4,29,505,90,91,4,690,0,0,0,690
12/01/2012,MDW,IL,AGL,CE,Towers with Radar,401,41,43,0,485,0,0,11,0,11,401,41,54,0,496,0,0,0,496
12/02/2012,MDW,IL,AGL,CE,Towers with Radar,467,72,95,0,634,0,1,6,0,7,467,73,101,0,641,0,0,0,641
12/03/2012,MDW,IL,AGL,CE,Towers with Radar,508,75,72,4,659,1,0,6,0,7,509,75,78,4,666,0,0,0,666
12/04/2012,MDW,IL,AGL,CE,Towers with Radar,492,82,100,0,674,0,1,19,3,23,492,83,119,3,697,0,0,0,697
12/05/2012,MDW,IL,AGL,CE,Towers with Radar,505,89,104,0,698,0,0,22,5,27,505,89,126,5,725,0,0,0,725
12/06/2012,MDW,IL,AGL,CE,Towers with Radar,511,89,121,0,721,0,1,30,4,35,511,90,151,4,756,0,0,0,756
12/07/2012,MDW,IL,AGL,CE,Towers with Radar,507,65,107,2,681,0,0,11,0,11,507,65,118,2,692,0,0,0,692
12/08/2012,MDW,IL,AGL,CE,Towers with Radar,409,49,47,0,505,0,2,11,0,13,409,51,58,0,518,0,0,0,518
12/09/2012,MDW,IL,AGL,CE,Towers with Radar,448,63,72,0,583,0,1,1,0,2,448,64,73,0,585,0,0,0,585
12/10/2012,MDW,IL,AGL,CE,Towers with Radar,505,74,79,1,659,0,1,0,2,3,505,75,79,3,662,0,0,0,662
12/11/2012,MDW,IL,AGL,CE,Towers with Radar,511,70,102,1,684,0,10,9,2,21,511,80,111,3,705,0,0,0,705
12/12/2012,MDW,IL,AGL,CE,Towers with Radar,504,94,127,0,725,0,4,20,2,26,504,98,147,2,751,0,0,0,751
12/13/2012,MDW,IL,AGL,CE,Towers with Radar,508,84,137,2,731,1,1,22,8,32,509,85,159,10,763,0,0,0,763
12/14/2012,MDW,IL,AGL,CE,Towers with Radar,512,79,109,2,702,0,2,22,0,24,512,81,131,2,726,0,0,0,726
12/15/2012,MDW,IL,AGL,CE,Towers with Radar,414,33,37,0,484,0,0,0,0,0,414,33,37,0,484,0,0,0,484
12/16/2012,MDW,IL,AGL,CE,Towers with Radar,450,52,64,1,567,0,0,10,0,10,450,52,74,1,577,0,0,0,577
12/17/2012,MDW,IL,AGL,CE,Towers with Radar,484,65,71,3,623,0,2,12,0,14,484,67,83,3,637,0,0,0,637
12/18/2012,MDW,IL,AGL,CE,Towers with Radar,499,79,84,0,662,0,5,18,4,27,499,84,102,4,689,0,0,0,689
12/19/2012,MDW,IL,AGL,CE,Towers with Radar,497,82,94,4,677,1,4,15,2,22,498,86,109,6,699,0,0,0,699
12/20/2012,MDW,IL,AGL,CE,Towers with Radar,328,66,48,0,442,0,0,0,0,0,328,66,48,0,442,0,0,0,442
12/21/2012,MDW,IL,AGL,CE,Towers with Radar,529,93,86,0,708,0,0,20,0,20,529,93,106,0,728,0,0,0,728
12/22/2012,MDW,IL,AGL,CE,Towers with Radar,525,41,42,0,608,0,1,25,1,27,525,42,67,1,635,0,0,0,635
12/23/2012,MDW,IL,AGL,CE,Towers with Radar,451,41,30,0,522,0,0,15,0,15,451,41,45,0,537,0,0,0,537
12/24/2012,MDW,IL,AGL,CE,Towers with Radar,395,27,8,0,430,0,3,1,1,5,395,30,9,1,435,0,0,0,435
12/25/2012,MDW,IL,AGL,CE,Towers with Radar,368,31,11,0,410,0,0,4,3,7,368,31,15,3,417,0,0,0,417
12/26/2012,MDW,IL,AGL,CE,Towers with Radar,498,60,45,0,603,0,4,2,0,6,498,64,47,0,609,0,0,0,609
12/27/2012,MDW,IL,AGL,CE,Towers with Radar,528,57,45,0,630,0,4,5,3,12,528,61,50,3,642,0,0,0,642
12/28/2012,MDW,IL,AGL,CE,Towers with Radar,496,43,22,0,561,0,0,8,0,8,496,43,30,0,569,0,0,0,569
12/29/2012,MDW,IL,AGL,CE,Towers with Radar,423,37,24,0,484,0,1,13,0,14,423,38,37,0,498,0,0,0,498
12/30/2012,MDW,IL,AGL,CE,Towers with Radar,448,33,20,0,501,0,0,25,0,25,448,33,45,0,526,0,0,0,526
12/31/2012,MDW,IL,AGL,CE,Towers with Radar,407,30,15,0,452,0,3,13,2,18,407,33,28,2,470,0,0,0,470
01/01/2013,MDW,IL,AGL,CE,Towers with Radar,413,37,45,0,495,0,0,13,0,13,413,37,58,0,508,0,0,0,508
01/02/2013,MDW,IL,AGL,CE,Towers with Radar,505,46,33,0,584,0,5,8,6,19,505,51,41,6,603,0,0,0,603
01/03/2013,MDW,IL,AGL,CE,Towers with Radar,496,55,59,1,611,0,0,13,1,14,496,55,72,2,625,0,0,0,625
01/04/2013,MDW,IL,AGL,CE,Towers with Radar,481,67,44,0,592,0,8,12,0,20,481,75,56,0,612,0,0,0,612
01/05/2013,MDW,IL,AGL,CE,Towers with Radar,402,35,48,0,485,0,0,7,2,9,402,35,55,2,494,0,0,0,494
01/06/2013,MDW,IL,AGL,CE,Towers with Radar,389,62,53,0,504,0,0,12,2,14,389,62,65,2,518,0,0,0,518
01/07/2013,MDW,IL,AGL,CE,Towers with Radar,465,56,37,0,558,0,4,12,0,16,465,60,49,0,574,0,0,0,574
01/08/2013,MDW,IL,AGL,CE,Towers with Radar,469,57,68,0,594,0,9,21,2,32,469,66,89,2,626,0,0,0,626
01/09/2013,MDW,IL,AGL,CE,Towers with Radar,461,67,69,0,597,0,6,24,0,30,461,73,93,0,627,0,0,0,627
01/10/2013,MDW,IL,AGL,CE,Towers with Radar,469,64,70,0,603,0,3,22,2,27,469,67,92,2,630,0,0,0,630
01/11/2013,MDW,IL,AGL,CE,Towers with Radar,470,71,61,0,602,0,2,4,0,6,470,73,65,0,608,0,0,0,608
01/12/2013,MDW,IL,AGL,CE,Towers with Radar,346,30,44,1,421,0,0,20,6,26,346,30,64,7,447,0,0,0,447
01/13/2013,MDW,IL,AGL,CE,Towers with Radar,389,44,39,0,472,0,2,4,0,6,389,46,43,0,478,0,0,0,478
01/14/2013,MDW,IL,AGL,CE,Towers with Radar,471,62,47,0,580,0,4,28,0,32,471,66,75,0,612,0,0,0,612
01/15/2013,MDW,IL,AGL,CE,Towers with Radar,461,59,72,3,595,0,9,13,9,31,461,68,85,12,626,0,0,0,626
01/16/2013,MDW,IL,AGL,CE,Towers with Radar,466,72,57,0,595,0,3,12,4,19,466,75,69,4,614,0,0,0,614
01/17/2013,MDW,IL,AGL,CE,Towers with Radar,466,77,53,5,601,0,4,12,7,23,466,81,65,12,624,0,0,0,624
01/18/2013,MDW,IL,AGL,CE,Towers with Radar,468,90,65,0,623,0,4,13,6,23,468,94,78,6,646,0,0,0,646
01/19/2013,MDW,IL,AGL,CE,Towers with Radar,339,24,21,0,384,0,0,11,0,11,339,24,32,0,395,0,0,0,395
01/20/2013,MDW,IL,AGL,CE,Towers with Radar,377,24,31,0,432,0,0,11,0,11,377,24,42,0,443,0,0,0,443
01/21/2013,MDW,IL,AGL,CE,Towers with Radar,466,65,97,0,628,0,3,8,0,11,466,68,105,0,639,0,0,0,639
01/22/2013,MDW,IL,AGL,CE,Towers with Radar,465,74,99,0,638,0,3,19,0,22,465,77,118,0,660,0,0,0,660
01/23/2013,MDW,IL,AGL,CE,Towers with Radar,470,65,97,0,632,0,1,7,2,10,470,66,104,2,642,0,0,0,642
01/24/2013,MDW,IL,AGL,CE,Towers with Radar,474,73,86,1,634,0,5,13,5,23,474,78,99,6,657,0,0,0,657
01/25/2013,MDW,IL,AGL,CE,Towers with Radar,461,69,66,1,597,0,0,9,4,13,461,69,75,5,610,0,0,0,610
01/26/2013,MDW,IL,AGL,CE,Towers with Radar,315,45,39,0,399,0,2,38,1,41,315,47,77,1,440,0,0,0,440
01/27/2013,MDW,IL,AGL,CE,Towers with Radar,386,56,34,0,476,0,0,0,0,0,386,56,34,0,476,0,0,0,476
01/28/2013,MDW,IL,AGL,CE,Towers with Radar,468,71,71,1,611,1,0,2,0,3,469,71,73,1,614,0,0,0,614
01/29/2013,MDW,IL,AGL,CE,Towers with Radar,457,75,80,0,612,1,0,0,0,1,458,75,80,0,613,0,0,0,613
01/30/2013,MDW,IL,AGL,CE,Towers with Radar,455,75,73,2,605,0,0,0,0,0,455,75,73,2,605,0,0,0,605
01/31/2013,MDW,IL,AGL,CE,Towers with Radar,464,67,91,1,623,0,1,7,4,12,464,68,98,5,635,0,0,0,635
02/01/2013,MDW,IL,AGL,CE,Towers with Radar,466,60,64,0,590,0,2,12,0,14,466,62,76,0,604,0,0,0,604
02/02/2013,MDW,IL,AGL,CE,Towers with Radar,330,37,19,0,386,0,2,9,0,11,330,39,28,0,397,0,0,0,397
02/03/2013,MDW,IL,AGL,CE,Towers with Radar,362,42,40,0,444,0,0,7,0,7,362,42,47,0,451,0,0,0,451
02/04/2013,MDW,IL,AGL,CE,Towers with Radar,466,67,83,0,616,0,2,6,0,8,466,69,89,0,624,0,0,0,624
02/05/2013,MDW,IL,AGL,CE,Towers with Radar,461,73,70,0,604,0,4,3,2,9,461,77,73,2,613,0,0,0,613
02/06/2013,MDW,IL,AGL,CE,Towers with Radar,465,75,70,1,611,0,3,16,9,28,465,78,86,10,639,0,0,0,639
02/07/2013,MDW,IL,AGL,CE,Towers with Radar,469,69,74,3,615,0,0,0,0,0,469,69,74,3,615,0,0,0,615
02/08/2013,MDW,IL,AGL,CE,Towers with Radar,435,80,56,1,572,0,3,2,2,7,435,83,58,3,579,0,0,0,579
02/09/2013,MDW,IL,AGL,CE,Towers with Radar,322,30,32,2,386,0,4,10,0,14,322,34,42,2,400,0,0,0,400
02/10/2013,MDW,IL,AGL,CE,Towers with Radar,388,57,38,0,483,0,0,2,0,2,388,57,40,0,485,0,0,0,485
02/11/2013,MDW,IL,AGL,CE,Towers with Radar,471,65,56,0,592,0,0,0,0,0,471,65,56,0,592,0,0,0,592
02/12/2013,MDW,IL,AGL,CE,Towers with Radar,463,87,99,0,649,0,9,5,6,20,463,96,104,6,669,0,0,0,669
02/13/2013,MDW,IL,AGL,CE,Towers with Radar,460,98,79,1,638,0,2,19,9,30,460,100,98,10,668,0,0,0,668
02/14/2013,MDW,IL,AGL,CE,Towers with Radar,488,89,73,2,652,0,1,17,6,24,488,90,90,8,676,0,0,0,676
02/15/2013,MDW,IL,AGL,CE,Towers with Radar,498,64,55,2,619,0,0,16,7,23,498,64,71,9,642,0,0,0,642
02/16/2013,MDW,IL,AGL,CE,Towers with Radar,393,35,24,0,452,0,0,37,0,37,393,35,61,0,489,0,0,0,489
02/17/2013,MDW,IL,AGL,CE,Towers with Radar,422,37,29,0,488,0,0,27,0,27,422,37,56,0,515,0,0,0,515
02/18/2013,MDW,IL,AGL,CE,Towers with Radar,493,67,68,2,630,0,0,12,0,12,493,67,80,2,642,0,0,0,642
02/19/2013,MDW,IL,AGL,CE,Towers with Radar,497,74,66,0,637,0,0,5,0,5,497,74,71,0,642,0,0,0,642
02/20/2013,MDW,IL,AGL,CE,Towers with Radar,490,63,91,1,645,0,2,17,17,36,490,65,108,18,681,0,0,0,681
02/21/2013,MDW,IL,AGL,CE,Towers with Radar,453,59,80,0,592,0,4,8,5,17,453,63,88,5,609,0,0,0,609
02/22/2013,MDW,IL,AGL,CE,Towers with Radar,464,65,64,0,593,0,2,3,0,5,464,67,67,0,598,0,0,0,598
02/23/2013,MDW,IL,AGL,CE,Towers with Radar,393,31,39,0,463,0,2,18,0,20,393,33,57,0,483,0,0,0,483
02/24/2013,MDW,IL,AGL,CE,Towers with Radar,430,62,45,0,537,0,1,25,1,27,430,63,70,1,564,0,0,0,564
02/25/2013,MDW,IL,AGL,CE,Towers with Radar,500,64,96,0,660,0,0,13,0,13,500,64,109,0,673,0,0,0,673
02/26/2013,MDW,IL,AGL,CE,Towers with Radar,288,57,51,0,396,0,0,5,0,5,288,57,56,0,401,0,0,0,401
02/27/2013,MDW,IL,AGL,CE,Towers with Radar,499,99,66,1,665,0,1,0,0,1,499,100,66,1,666,0,0,0,666
02/28/2013,MDW,IL,AGL,CE,Towers with Radar,500,77,97,3,677,0,0,1,2,3,500,77,98,5,680,0,0,0,680
03/01/2013,MDW,IL,AGL,CE,Towers with Radar,496,68,74,3,641,0,5,13,3,21,496,73,87,6,662,0,0,0,662
03/02/2013,MDW,IL,AGL,CE,Towers with Radar,397,29,26,0,452,0,1,23,0,24,397,30,49,0,476,0,0,0,476
03/03/2013,MDW,IL,AGL,CE,Towers with Radar,434,51,57,0,542,0,0,35,1,36,434,51,92,1,578,0,0,0,578
03/04/2013,MDW,IL,AGL,CE,Towers with Radar,489,85,103,1,678,0,3,12,0,15,489,88,115,1,693,0,0,0,693
03/05/2013,MDW,IL,AGL,CE,Towers with Radar,201,32,23,0,256,0,0,0,0,0,201,32,23,0,256,0,0,0,256
03/06/2013,MDW,IL,AGL,CE,Towers with Radar,509,68,86,0,663,0,4,8,11,23,509,72,94,11,686,0,0,0,686
03/07/2013,MDW,IL,AGL,CE,Towers with Radar,500,109,84,0,693,0,11,16,7,34,500,120,100,7,727,0,0,0,727
03/08/2013,MDW,IL,AGL,CE,Towers with Radar,503,73,78,1,655,0,0,33,4,37,503,73,111,5,692,0,0,0,692
03/09/2013,MDW,IL,AGL,CE,Towers with Radar,445,34,34,2,515,0,2,16,0,18,445,36,50,2,533,0,0,0,533
03/10/2013,MDW,IL,AGL,CE,Towers with Radar,491,63,47,1,602,0,0,3,0,3,491,63,50,1,605,0,0,0,605
03/11/2013,MDW,IL,AGL,CE,Towers with Radar,540,65,79,0,684,0,0,0,0,0,540,65,79,0,684,0,0,0,684
03/12/2013,MDW,IL,AGL,CE,Towers with Radar,543,90,106,1,740,0,4,9,2,15,543,94,115,3,755,0,0,0,755
03/13/2013,MDW,IL,AGL,CE,Towers with Radar,540,89,100,0,729,0,9,19,7,35,540,98,119,7,764,0,0,0,764
03/14/2013,MDW,IL,AGL,CE,Towers with Radar,540,80,75,2,697,0,8,11,2,21,540,88,86,4,718,0,0,0,718
03/15/2013,MDW,IL,AGL,CE,Towers with Radar,546,77,88,1,712,0,0,6,2,8,546,77,94,3,720,0,0,0,720
03/16/2013,MDW,IL,AGL,CE,Towers with Radar,461,29,36,1,527,0,0,9,0,9,461,29,45,1,536,0,0,0,536
03/17/2013,MDW,IL,AGL,CE,Towers with Radar,495,59,67,0,621,0,0,27,0,27,495,59,94,0,648,0,0,0,648
03/18/2013,MDW,IL,AGL,CE,Towers with Radar,538,57,87,0,682,0,0,1,0,1,538,57,88,0,683,0,0,0,683
03/19/2013,MDW,IL,AGL,CE,Towers with Radar,546,76,100,0,722,0,6,17,5,28,546,82,117,5,750,0,0,0,750
03/20/2013,MDW,IL,AGL,CE,Towers with Radar,542,69,109,0,720,0,2,11,1,14,542,71,120,1,734,0,0,0,734
03/21/2013,MDW,IL,AGL,CE,Towers with Radar,549,63,106,1,719,0,2,30,11,43,549,65,136,12,762,0,0,0,762
03/22/2013,MDW,IL,AGL,CE,Towers with Radar,544,79,94,1,718,0,5,26,1,32,544,84,120,2,750,0,0,0,750
03/23/2013,MDW,IL,AGL,CE,Towers with Radar,454,45,56,0,555,1,2,31,0,34,455,47,87,0,589,0,0,0,589
03/24/2013,MDW,IL,AGL,CE,Towers with Radar,485,64,37,0,586,0,0,1,0,1,485,64,38,0,587,0,0,0,587
03/25/2013,MDW,IL,AGL,CE,Towers with Radar,544,57,62,0,663,0,4,4,0,8,544,61,66,0,671,0,0,0,671
03/26/2013,MDW,IL,AGL,CE,Towers with Radar,552,78,95,3,728,0,0,20,6,26,552,78,115,9,754,0,0,0,754
03/27/2013,MDW,IL,AGL,CE,Towers with Radar,544,66,65,0,675,0,3,26,1,30,544,69,91,1,705,0,0,0,705
03/28/2013,MDW,IL,AGL,CE,Towers with Radar,546,59,64,0,669,0,3,18,5,26,546,62,82,5,695,0,0,0,695
03/29/2013,MDW,IL,AGL,CE,Towers with Radar,537,48,42,0,627,0,8,40,3,51,537,56,82,3,678,0,0,0,678
03/30/2013,MDW,IL,AGL,CE,Towers with Radar,464,37,35,0,536,0,0,28,0,28,464,37,63,0,564,0,0,0,564
03/31/2013,MDW,IL,AGL,CE,Towers with Radar,481,59,45,0,585,0,1,8,0,9,481,60,53,0,594,0,0,0,594
04/01/2013,MDW,IL,AGL,CE,Towers with Radar,545,82,81,2,710,0,3,27,1,31,545,85,108,3,741,0,0,0,741
04/02/2013,MDW,IL,AGL,CE,Towers with Radar,535,70,65,1,671,0,5,44,5,54,535,75,109,6,725,0,0,0,725
04/03/2013,MDW,IL,AGL,CE,Towers with Radar,536,69,76,2,683,0,3,24,0,27,536,72,100,2,710,0,0,0,710
04/04/2013,MDW,IL,AGL,CE,Towers with Radar,549,97,85,0,731,0,2,25,5,32,549,99,110,5,763,0,0,0,763
04/05/2013,MDW,IL,AGL,CE,Towers with Radar,546,78,65,0,689,0,6,33,0,39,546,84,98,0,728,0,0,0,728
04/06/2013,MDW,IL,AGL,CE,Towers with Radar,459,43,32,0,534,0,0,8,3,11,459,43,40,3,545,0,0,0,545
04/07/2013,MDW,IL,AGL,CE,Towers with Radar,499,64,33,2,598,0,0,18,0,18,499,64,51,2,616,0,0,0,616
04/08/2013,MDW,IL,AGL,CE,Towers with Radar,543,81,87,2,713,0,1,8,3,12,543,82,95,5,725,0,0,0,725
04/09/2013,MDW,IL,AGL,CE,Towers with Radar,534,66,107,1,708,0,1,4,4,9,534,67,111,5,717,0,0,0,717
04/10/2013,MDW,IL,AGL,CE,Towers with Radar,531,80,85,3,699,0,0,0,0,0,531,80,85,3,699,0,0,0,699
04/11/2013,MDW,IL,AGL,CE,Towers with Radar,545,105,114,2,766,0,0,0,1,1,545,105,114,3,767,0,0,0,767
04/12/2013,MDW,IL,AGL,CE,Towers with Radar,538,98,99,0,735,0,11,22,5,38,538,109,121,5,773,0,0,0,773
04/13/2013,MDW,IL,AGL,CE,Towers with Radar,444,47,30,0,521,0,0,28,0,28,444,47,58,0,549,0,0,0,549
04/14/2013,MDW,IL,AGL,CE,Towers with Radar,507,53,66,0,626,0,0,21,1,22,507,53,87,1,648,0,0,0,648
04/15/2013,MDW,IL,AGL,CE,Towers with Radar,563,67,88,0,718,0,4,6,3,13,563,71,94,3,731,0,0,0,731
04/16/2013,MDW,IL,AGL,CE,Towers with Radar,559,84,117,0,760,0,2,29,6,37,559,86,146,6,797,0,0,0,797
04/17/2013,MDW,IL,AGL,CE,Towers with Radar,520,77,92,0,689,0,1,4,0,5,520,78,96,0,694,0,0,0,694
04/18/2013,MDW,IL,AGL,CE,Towers with Radar,535,87,69,0,691,0,6,5,0,11,535,93,74,0,702,0,0,0,702
04/19/2013,MDW,IL,AGL,CE,Towers with Radar,570,86,71,0,727,0,5,10,21,36,570,91,81,21,763,0,0,0,763
04/20/2013,MDW,IL,AGL,CE,Towers with Radar,422,44,46,0,512,0,2,40,2,44,422,46,86,2,556,0,0,0,556
04/21/2013,MDW,IL,AGL,CE,Towers with Radar,512,73,60,0,645,0,3,48,0,51,512,76,108,0,696,0,0,0,696
04/22/2013,MDW,IL,AGL,CE,Towers with Radar,557,64,74,1,696,0,4,26,2,32,557,68,100,3,728,0,0,0,728
04/23/2013,MDW,IL,AGL,CE,Towers with Radar,558,81,125,2,766,0,1,10,2,13,558,82,135,4,779,0,0,0,779
04/24/2013,MDW,IL,AGL,CE,Towers with Radar,562,90,126,0,778,0,17,44,4,65,562,107,170,4,843,0,0,0,843
04/25/2013,MDW,IL,AGL,CE,Towers with Radar,564,93,118,0,775,0,9,16,1,26,564,102,134,1,801,0,0,0,801
04/26/2013,MDW,IL,AGL,CE,Towers with Radar,561,71,87,0,719,0,7,16,1,24,561,78,103,1,743,0,0,0,743
04/27/2013,MDW,IL,AGL,CE,Towers with Radar,422,32,39,0,493,0,11,24,0,35,422,43,63,0,528,0,0,0,528
04/28/2013,MDW,IL,AGL,CE,Towers with Radar,514,59,85,0,658,0,2,10,0,12,514,61,95,0,670,0,0,0,670
04/29/2013,MDW,IL,AGL,CE,Towers with Radar,560,85,75,0,720,0,22,13,0,35,560,107,88,0,755,0,0,0,755
04/30/2013,MDW,IL,AGL,CE,Towers with Radar,562,82,87,2,733,0,4,13,0,17,562,86,100,2,750,0,0,0,750
05/01/2013,MDW,IL,AGL,CE,Towers with Radar,558,81,98,4,741,0,2,36,8,46,558,83,134,12,787,0,0,0,787
05/02/2013,MDW,IL,AGL,CE,Towers with Radar,547,127,118,1,793,0,2,6,5,13,547,129,124,6,806,0,0,0,806
05/03/2013,MDW,IL,AGL,CE,Towers with Radar,571,79,89,0,739,0,0,0,0,0,571,79,89,0,739,0,0,0,739
05/04/2013,MDW,IL,AGL,CE,Towers with Radar,421,57,23,0,501,0,0,24,4,28,421,57,47,4,529,0,0,0,529
05/05/2013,MDW,IL,AGL,CE,Towers with Radar,508,76,64,0,648,0,4,39,4,47,508,80,103,4,695,0,0,0,695
05/06/2013,MDW,IL,AGL,CE,Towers with Radar,561,72,73,0,706,0,7,38,1,46,561,79,111,1,752,0,0,0,752
05/07/2013,MDW,IL,AGL,CE,Towers with Radar,557,98,119,1,775,1,5,18,12,36,558,103,137,13,811,0,0,0,811
05/08/2013,MDW,IL,AGL,CE,Towers with Radar,553,92,138,1,784,2,7,23,16,48,555,99,161,17,832,0,0,0,832
05/09/2013,MDW,IL,AGL,CE,Towers with Radar,568,117,127,0,812,0,2,6,0,8,568,119,133,0,820,0,0,0,820
05/10/2013,MDW,IL,AGL,CE,Towers with Radar,564,85,99,1,749,0,2,2,0,4,564,87,101,1,753,0,0,0,753
05/11/2013,MDW,IL,AGL,CE,Towers with Radar,419,39,45,1,504,0,1,20,0,21,419,40,65,1,525,0,0,0,525
05/12/2013,MDW,IL,AGL,CE,Towers with Radar,511,77,44,1,633,0,0,30,0,30,511,77,74,1,663,0,0,0,663
05/13/2013,MDW,IL,AGL,CE,Towers with Radar,563,71,105,0,739,0,4,23,7,34,563,75,128,7,773,0,0,0,773
05/14/2013,MDW,IL,AGL,CE,Towers with Radar,555,80,111,0,746,0,10,30,13,53,555,90,141,13,799,0,0,0,799
05/15/2013,MDW,IL,AGL,CE,Towers with Radar,556,95,123,0,774,0,5,30,14,49,556,100,153,14,823,0,0,0,823
05/16/2013,MDW,IL,AGL,CE,Towers with Radar,565,111,160,0,836,0,3,29,7,39,565,114,189,7,875,0,0,0,875
05/17/2013,MDW,IL,AGL,CE,Towers with Radar,563,83,133,2,781,0,9,16,9,34,563,92,149,11,815,0,0,0,815
05/18/2013,MDW,IL,AGL,CE,Towers with Radar,421,47,82,0,550,0,1,22,1,24,421,48,104,1,574,0,0,0,574
05/19/2013,MDW,IL,AGL,CE,Towers with Radar,510,83,82,0,675,0,5,38,0,43,510,88,120,0,718,0,0,0,718
05/20/2013,MDW,IL,AGL,CE,Towers with Radar,542,88,139,0,769,0,2,7,0,9,542,90,146,0,778,0,0,0,778
05/21/2013,MDW,IL,AGL,CE,Towers with Radar,582,94,130,0,806,0,2,14,10,26,582,96,144,10,832,0,0,0,832
05/22/2013,MDW,IL,AGL,CE,Towers with Radar,549,105,92,0,746,0,0,6,2,8,549,105,98,2,754,0,0,0,754
05/23/2013,MDW,IL,AGL,CE,Towers with Radar,553,120,97,4,774,0,0,11,2,13,553,120,108,6,787,0,0,0,787
05/24/2013,MDW,IL,AGL,CE,Towers with Radar,579,78,93,0,750,0,4,54,0,58,579,82,147,0,808,0,0,0,808
05/25/2013,MDW,IL,AGL,CE,Towers with Radar,382,30,39,0,451,0,1,40,0,41,382,31,79,0,492,0,0,0,492
05/26/2013,MDW,IL,AGL,CE,Towers with Radar,412,34,28,0,474,0,2,18,0,20,412,36,46,0,494,0,0,0,494
05/27/2013,MDW,IL,AGL,CE,Towers with Radar,476,55,53,0,584,0,4,0,0,4,476,59,53,0,588,0,0,0,588
05/28/2013,MDW,IL,AGL,CE,Towers with Radar,496,66,96,0,658,0,0,4,4,8,496,66,100,4,666,0,0,0,666
05/29/2013,MDW,IL,AGL,CE,Towers with Radar,601,84,78,1,764,0,7,8,4,19,601,91,86,5,783,0,0,0,783
05/30/2013,MDW,IL,AGL,CE,Towers with Radar,565,81,76,0,722,0,0,4,4,8,565,81,80,4,730,0,0,0,730
05/31/2013,MDW,IL,AGL,CE,Towers with Radar,563,83,74,1,721,0,3,12,5,20,563,86,86,6,741,0,0,0,741
06/01/2013,MDW,IL,AGL,CE,Towers with Radar,421,43,46,2,512,0,0,21,3,24,421,43,67,5,536,0,0,0,536
06/02/2013,MDW,IL,AGL,CE,Towers with Radar,539,60,56,0,655,1,0,26,0,27,540,60,82,0,682,0,0,0,682
06/03/2013,MDW,IL,AGL,CE,Towers with Radar,587,105,92,0,784,0,5,28,6,39,587,110,120,6,823,0,0,0,823
06/04/2013,MDW,IL,AGL,CE,Towers with Radar,591,96,166,0,853,0,6,28,21,55,591,102,194,21,908,0,0,0,908
06/05/2013,MDW,IL,AGL,CE,Towers with Radar,584,105,126,1,816,0,5,24,2,31,584,110,150,3,847,0,0,0,847
06/06/2013,MDW,IL,AGL,CE,Towers with Radar,583,126,133,3,845,0,0,13,6,19,583,126,146,9,864,0,0,0,864
06/07/2013,MDW,IL,AGL,CE,Towers with Radar,580,109,118,1,808,0,4,25,1,30,580,113,143,2,838,0,0,0,838
06/08/2013,MDW,IL,AGL,CE,Towers with Radar,499,38,38,4,579,0,1,43,0,44,499,39,81,4,623,0,0,0,623
06/09/2013,MDW,IL,AGL,CE,Towers with Radar,550,70,74,1,695,0,2,8,0,10,550,72,82,1,705,0,0,0,705
06/10/2013,MDW,IL,AGL,CE,Towers with Radar,584,84,109,0,777,0,1,6,12,19,584,85,115,12,796,0,0,0,796
06/11/2013,MDW,IL,AGL,CE,Towers with Radar,590,107,130,0,827,0,7,13,7,27,590,114,143,7,854,0,0,0,854
06/12/2013,MDW,IL,AGL,CE,Towers with Radar,460,105,151,1,717,0,2,12,6,20,460,107,163,7,737,0,0,0,737
06/13/2013,MDW,IL,AGL,CE,Towers with Radar,620,119,158,0,897,1,2,18,6,27,621,121,176,6,924,0,0,0,924
06/14/2013,MDW,IL,AGL,CE,Towers with Radar,585,117,103,1,806,0,11,43,10,64,585,128,146,11,870,0,0,0,870
06/15/2013,MDW,IL,AGL,CE,Towers with Radar,500,59,56,0,615,0,0,30,0,30,500,59,86,0,645,0,0,0,645
06/16/2013,MDW,IL,AGL,CE,Towers with Radar,552,77,69,0,698,0,3,28,2,33,552,80,97,2,731,0,0,0,731
06/17/2013,MDW,IL,AGL,CE,Towers with Radar,577,99,80,0,756,0,6,23,1,30,577,105,103,1,786,0,0,0,786
06/18/2013,MDW,IL,AGL,CE,Towers with Radar,590,88,96,4,778,0,0,19,4,23,590,88,115,8,801,0,0,0,801
06/19/2013,MDW,IL,AGL,CE,Towers with Radar,583,92,108,1,784,0,9,17,5,31,583,101,125,6,815,0,0,0,815
06/20/2013,MDW,IL,AGL,CE,Towers with Radar,580,108,85,1,774,0,2,24,14,40,580,110,109,15,814,0,0,0,814
06/21/2013,MDW,IL,AGL,CE,Towers with Radar,571,71,61,0,703,0,1,26,2,29,571,72,87,2,732,0,0,0,732
06/22/2013,MDW,IL,AGL,CE,Towers with Radar,506,52,47,0,605,0,2,35,0,37,506,54,82,0,642,0,0,0,642
06/23/2013,MDW,IL,AGL,CE,Towers with Radar,557,94,75,0,726,0,2,33,0,35,557,96,108,0,761,0,0,0,761
06/24/2013,MDW,IL,AGL,CE,Towers with Radar,585,93,94,1,773,0,3,23,4,30,585,96,117,5,803,0,0,0,803
06/25/2013,MDW,IL,AGL,CE,Towers with Radar,593,91,96,1,781,0,10,29,14,53,593,101,125,15,834,0,0,0,834
06/26/2013,MDW,IL,AGL,CE,Towers with Radar,525,85,77,1,688,0,0,11,8,19,525,85,88,9,707,0,0,0,707
06/27/2013,MDW,IL,AGL,CE,Towers with Radar,599,84,140,0,823,1,12,24,8,45,600,96,164,8,868,0,0,0,868
06/28/2013,MDW,IL,AGL,CE,Towers with Radar,524,64,64,0,652,0,10,24,3,37,524,74,88,3,689,0,0,0,689
06/29/2013,MDW,IL,AGL,CE,Towers with Radar,506,54,47,0,607,0,2,14,3,19,506,56,61,3,626,0,0,0,626
06/30/2013,MDW,IL,AGL,CE,Towers with Radar,545,54,55,0,654,0,3,32,0,35,545,57,87,0,689,0,0,0,689
07/01/2013,MDW,IL,AGL,CE,Towers with Radar,574,60,67,0,701,0,3,49,14,66,574,63,116,14,767,0,0,0,767
07/02/2013,MDW,IL,AGL,CE,Towers with Radar,577,68,46,2,693,0,0,14,15,29,577,68,60,17,722,0,0,0,722
07/03/2013,MDW,IL,AGL,CE,Towers with Radar,586,65,77,2,730,0,0,15,4,19,586,65,92,6,749,0,0,0,749
07/04/2013,MDW,IL,AGL,CE,Towers with Radar,454,20,14,0,488,0,2,23,2,27,454,22,37,2,515,0,0,0,515
07/05/2013,MDW,IL,AGL,CE,Towers with Radar,510,43,39,0,592,0,3,31,0,34,510,46,70,0,626,0,0,0,626
07/06/2013,MDW,IL,AGL,CE,Towers with Radar,479,39,22,0,540,0,0,32,0,32,479,39,54,0,572,0,0,0,572
07/07/2013,MDW,IL,AGL,CE,Towers with Radar,554,74,56,0,684,0,0,33,0,33,554,74,89,0,717,0,0,0,717
07/08/2013,MDW,IL,AGL,CE,Towers with Radar,592,83,72,1,748,0,6,13,0,19,592,89,85,1,767,0,0,0,767
07/09/2013,MDW,IL,AGL,CE,Towers with Radar,589,76,75,3,743,0,9,16,5,30,589,85,91,8,773,0,0,0,773
07/10/2013,MDW,IL,AGL,CE,Towers with Radar,568,69,78,0,715,0,8,32,5,45,568,77,110,5,760,0,0,0,760
07/11/2013,MDW,IL,AGL,CE,Towers with Radar,595,111,118,0,824,0,9,42,8,59,595,120,160,8,883,0,0,0,883
07/12/2013,MDW,IL,AGL,CE,Towers with Radar,591,89,93,0,773,0,1,40,2,43,591,90,133,2,816,0,0,0,816
07/13/2013,MDW,IL,AGL,CE,Towers with Radar,488,40,49,0,577,0,2,35,1,38,488,42,84,1,615,0,0,0,615
07/14/2013,MDW,IL,AGL,CE,Towers with Radar,559,87,72,0,718,0,6,37,0,43,559,93,109,0,761,0,0,0,761
07/15/2013,MDW,IL,AGL,CE,Towers with Radar,593,95,91,0,779,0,2,25,4,31,593,97,116,4,810,0,0,0,810
07/16/2013,MDW,IL,AGL,CE,Towers with Radar,594,98,102,4,798,0,4,59,2,65,594,102,161,6,863,0,0,0,863
07/17/2013,MDW,IL,AGL,CE,Towers with Radar,590,104,107,1,802,0,7,36,9,52,590,111,143,10,854,0,0,0,854
07/18/2013,MDW,IL,AGL,CE,Towers with Radar,586,119,103,1,809,0,7,46,10,63,586,126,149,11,872,0,0,0,872
07/19/2013,MDW,IL,AGL,CE,Towers with Radar,586,97,109,0,792,0,3,24,1,28,586,100,133,1,820,0,0,0,820
07/20/2013,MDW,IL,AGL,CE,Towers with Radar,501,64,32,2,599,0,7,41,1,49,501,71,73,3,648,0,0,0,648
07/21/2013,MDW,IL,AGL,CE,Towers with Radar,556,74,96,3,729,0,9,31,0,40,556,83,127,3,769,0,0,0,769
07/22/2013,MDW,IL,AGL,CE,Towers with Radar,594,109,90,20,813,0,4,22,2,28,594,113,112,22,841,0,0,0,841
07/23/2013,MDW,IL,AGL,CE,Towers with Radar,591,99,97,11,798,0,7,19,4,30,591,106,116,15,828,0,0,0,828
07/24/2013,MDW,IL,AGL,CE,Towers with Radar,591,102,94,3,790,0,3,20,1,24,591,105,114,4,814,0,0,0,814
07/25/2013,MDW,IL,AGL,CE,Towers with Radar,594,104,104,8,810,0,0,28,9,37,594,104,132,17,847,0,0,0,847
07/26/2013,MDW,IL,AGL,CE,Towers with Radar,593,85,90,5,773,0,1,20,9,30,593,86,110,14,803,0,0,0,803
07/27/2013,MDW,IL,AGL,CE,Towers with Radar,490,45,34,3,572,0,0,25,0,25,490,45,59,3,597,0,0,0,597
07/28/2013,MDW,IL,AGL,CE,Towers with Radar,552,72,77,2,703,0,0,26,0,26,552,72,103,2,729,0,0,0,729
07/29/2013,MDW,IL,AGL,CE,Towers with Radar,603,95,65,0,763,0,5,24,2,31,603,100,89,2,794,0,0,0,794
07/30/2013,MDW,IL,AGL,CE,Towers with Radar,594,77,87,2,760,0,4,18,8,30,594,81,105,10,790,0,0,0,790
07/31/2013,MDW,IL,AGL,CE,Towers with Radar,597,92,95,0,784,0,2,12,4,18,597,94,107,4,802,0,0,0,802
08/01/2013,MDW,IL,AGL,CE,Towers with Radar,590,95,101,1,787,0,4,33,7,44,590,99,134,8,831,0,0,0,831
08/02/2013,MDW,IL,AGL,CE,Towers with Radar,601,94,69,3,767,0,3,16,0,19,601,97,85,3,786,0,0,0,786
08/03/2013,MDW,IL,AGL,CE,Towers with Radar,495,46,50,0,591,0,0,38,2,40,495,46,88,2,631,0,0,0,631
08/04/2013,MDW,IL,AGL,CE,Towers with Radar,558,83,65,1,707,1,4,27,0,32,559,87,92,1,739,0,0,0,739
08/05/2013,MDW,IL,AGL,CE,Towers with Radar,597,103,86,0,786,0,0,9,2,11,597,103,95,2,797,0,0,0,797
08/06/2013,MDW,IL,AGL,CE,Towers with Radar,586,89,94,0,769,0,4,12,8,24,586,93,106,8,793,0,0,0,793
08/07/2013,MDW,IL,AGL,CE,Towers with Radar,592,102,97,0,791,0,0,28,10,38,592,102,125,10,829,0,0,0,829
08/08/2013,MDW,IL,AGL,CE,Towers with Radar,588,108,117,0,813,0,0,25,12,37,588,108,142,12,850,0,0,0,850
08/09/2013,MDW,IL,AGL,CE,Towers with Radar,599,80,80,2,761,0,0,35,2,37,599,80,115,4,798,0,0,0,798
08/10/2013,MDW,IL,AGL,CE,Towers with Radar,478,37,41,0,556,0,0,54,0,54,478,37,95,0,610,0,0,0,610
08/11/2013,MDW,IL,AGL,CE,Towers with Radar,530,64,60,0,654,0,5,27,0,32,530,69,87,0,686,0,0,0,686
08/12/2013,MDW,IL,AGL,CE,Towers with Radar,568,70,73,0,711,0,2,17,0,19,568,72,90,0,730,0,0,0,730
08/13/2013,MDW,IL,AGL,CE,Towers with Radar,563,87,104,0,754,0,3,28,10,41,563,90,132,10,795,0,0,0,795
08/14/2013,MDW,IL,AGL,CE,Towers with Radar,577,74,115,2,768,0,3,33,6,42,577,77,148,8,810,0,0,0,810
08/15/2013,MDW,IL,AGL,CE,Towers with Radar,576,94,105,3,778,0,5,34,13,52,576,99,139,16,830,0,0,0,830
08/16/2013,MDW,IL,AGL,CE,Towers with Radar,570,82,79,0,731,0,6,36,1,43,570,88,115,1,774,0,0,0,774
08/17/2013,MDW,IL,AGL,CE,Towers with Radar,428,28,31,0,487,0,3,51,0,54,428,31,82,0,541,0,0,0,541
08/18/2013,MDW,IL,AGL,CE,Towers with Radar,524,79,54,0,657,0,5,37,4,46,524,84,91,4,703,0,0,0,703
08/19/2013,MDW,IL,AGL,CE,Towers with Radar,567,70,82,0,719,1,1,23,2,27,568,71,105,2,746,0,0,0,746
08/20/2013,MDW,IL,AGL,CE,Towers with Radar,565,74,93,0,732,0,4,22,12,38,565,78,115,12,770,0,0,0,770
08/21/2013,MDW,IL,AGL,CE,Towers with Radar,572,84,111,6,773,0,5,20,13,38,572,89,131,19,811,0,0,0,811
08/22/2013,MDW,IL,AGL,CE,Towers with Radar,566,94,157,2,819,0,3,13,3,19,566,97,170,5,838,0,0,0,838
08/23/2013,MDW,IL,AGL,CE,Towers with Radar,577,85,77,2,741,0,3,29,3,35,577,88,106,5,776,0,0,0,776
08/24/2013,MDW,IL,AGL,CE,Towers with Radar,432,25,36,0,493,0,0,32,0,32,432,25,68,0,525,0,0,0,525
08/25/2013,MDW,IL,AGL,CE,Towers with Radar,518,56,65,2,641,1,0,30,0,31,519,56,95,2,672,0,0,0,672
08/26/2013,MDW,IL,AGL,CE,Towers with Radar,567,73,84,0,724,0,1,23,0,24,567,74,107,0,748,0,0,0,748
08/27/2013,MDW,IL,AGL,CE,Towers with Radar,558,67,63,0,688,0,6,24,7,37,558,73,87,7,725,0,0,0,725
08/28/2013,MDW,IL,AGL,CE,Towers with Radar,566,65,118,0,749,1,12,19,6,38,567,77,137,6,787,0,0,0,787
08/29/2013,MDW,IL,AGL,CE,Towers with Radar,587,78,91,0,756,0,1,40,8,49,587,79,131,8,805,0,0,0,805
08/30/2013,MDW,IL,AGL,CE,Towers with Radar,529,64,61,0,654,0,2,37,2,41,529,66,98,2,695,0,0,0,695
08/31/2013,MDW,IL,AGL,CE,Towers with Radar,418,30,27,0,475,0,2,32,0,34,418,32,59,0,509,0,0,0,509
09/01/2013,MDW,IL,AGL,CE,Towers with Radar,400,26,35,0,461,0,0,21,0,21,400,26,56,0,482,0,0,0,482
09/02/2013,MDW,IL,AGL,CE,Towers with Radar,487,72,48,0,607,0,4,21,0,25,487,76,69,0,632,0,0,0,632
09/03/2013,MDW,IL,AGL,CE,Towers with Radar,558,78,75,3,714,0,1,21,4,26,558,79,96,7,740,0,0,0,740
09/04/2013,MDW,IL,AGL,CE,Towers with Radar,554,61,86,3,704,0,2,37,13,52,554,63,123,16,756,0,0,0,756
09/05/2013,MDW,IL,AGL,CE,Towers with Radar,557,68,78,2,705,0,5,21,10,36,557,73,99,12,741,0,0,0,741
09/06/2013,MDW,IL,AGL,CE,Towers with Radar,550,56,89,0,695,0,2,28,4,34,550,58,117,4,729,0,0,0,729
09/07/2013,MDW,IL,AGL,CE,Towers with Radar,430,34,42,0,506,1,0,28,2,31,431,34,70,2,537,0,0,0,537
09/08/2013,MDW,IL,AGL,CE,Towers with Radar,518,66,101,0,685,0,3,23,0,26,518,69,124,0,711,0,0,0,711
09/09/2013,MDW,IL,AGL,CE,Towers with Radar,550,67,122,2,741,0,4,24,3,31,550,71,146,5,772,0,0,0,772
09/10/2013,MDW,IL,AGL,CE,Towers with Radar,546,88,104,0,738,0,6,19,7,32,546,94,123,7,770,0,0,0,770
09/11/2013,MDW,IL,AGL,CE,Towers with Radar,556,93,161,4,814,0,2,21,8,31,556,95,182,12,845,0,0,0,845
09/12/2013,MDW,IL,AGL,CE,Towers with Radar,552,100,135,1,788,0,5,54,8,67,552,105,189,9,855,0,0,0,855
09/13/2013,MDW,IL,AGL,CE,Towers with Radar,552,93,69,2,716,0,4,34,0,38,552,97,103,2,754,0,0,0,754
09/14/2013,MDW,IL,AGL,CE,Towers with Radar,433,31,41,1,506,0,3,43,0,46,433,34,84,1,552,0,0,0,552
09/15/2013,MDW,IL,AGL,CE,Towers with Radar,524,83,97,2,706,0,0,2,0,2,524,83,99,2,708,0,0,0,708
09/16/2013,MDW,IL,AGL,CE,Towers with Radar,550,99,124,1,774,0,7,7,0,14,550,106,131,1,788,0,0,0,788
09/17/2013,MDW,IL,AGL,CE,Towers with Radar,542,112,136,4,794,0,5,14,5,24,542,117,150,9,818,0,0,0,818
09/18/2013,MDW,IL,AGL,CE,Towers with Radar,559,93,173,2,827,0,2,13,10,25,559,95,186,12,852,0,0,0,852
09/19/2013,MDW,IL,AGL,CE,Towers with Radar,557,104,108,0,769,0,2,14,3,19,557,106,122,3,788,0,0,0,788
09/20/2013,MDW,IL,AGL,CE,Towers with Radar,558,96,114,1,769,0,1,28,4,33,558,97,142,5,802,0,0,0,802
09/21/2013,MDW,IL,AGL,CE,Towers with Radar,422,35,70,0,527,0,2,75,0,77,422,37,145,0,604,0,0,0,604
09/22/2013,MDW,IL,AGL,CE,Towers with Radar,514,84,85,0,683,0,0,22,0,22,514,84,107,0,705,0,0,0,705
09/23/2013,MDW,IL,AGL,CE,Towers with Radar,558,73,87,0,718,0,5,23,0,28,558,78,110,0,746,0,0,0,746
09/24/2013,MDW,IL,AGL,CE,Towers with Radar,539,91,119,0,749,0,7,25,6,38,539,98,144,6,787,0,0,0,787
09/25/2013,MDW,IL,AGL,CE,Towers with Radar,550,78,140,1,769,0,6,31,8,45,550,84,171,9,814,0,0,0,814
09/26/2013,MDW,IL,AGL,CE,Towers with Radar,558,107,108,1,774,0,2,35,6,43,558,109,143,7,817,0,0,0,817
09/27/2013,MDW,IL,AGL,CE,Towers with Radar,553,96,126,0,775,0,5,40,4,49,553,101,166,4,824,0,0,0,824
09/28/2013,MDW,IL,AGL,CE,Towers with Radar,420,50,60,0,530,0,2,30,0,32,420,52,90,0,562,0,0,0,562
09/29/2013,MDW,IL,AGL,CE,Towers with Radar,499,73,108,0,680,0,1,19,0,20,499,74,127,0,700,0,0,0,700
09/30/2013,MDW,IL,AGL,CE,Towers with Radar,550,91,124,0,765,0,5,20,5,30,550,96,144,5,795,0,0,0,795
10/01/2013,MDW,IL,AGL,CE,Towers with Radar,542,91,116,0,749,0,2,4,0,6,542,93,120,0,755,0,0,0,755
10/02/2013,MDW,IL,AGL,CE,Towers with Radar,547,85,111,0,743,0,8,41,0,49,547,93,152,0,792,0,0,0,792
10/03/2013,MDW,IL,AGL,CE,Towers with Radar,542,87,95,5,729,0,0,3,0,3,542,87,98,5,732,0,0,0,732
10/04/2013,MDW,IL,AGL,CE,Towers with Radar,549,92,105,0,746,0,10,24,0,34,549,102,129,0,780,0,0,0,780
10/05/2013,MDW,IL,AGL,CE,Towers with Radar,438,45,37,0,520,0,0,10,0,10,438,45,47,0,530,0,0,0,530
10/06/2013,MDW,IL,AGL,CE,Towers with Radar,494,83,81,0,658,0,0,16,0,16,494,83,97,0,674,0,0,0,674
10/07/2013,MDW,IL,AGL,CE,Towers with Radar,544,79,70,0,693,0,2,14,4,20,544,81,84,4,713,0,0,0,713
10/08/2013,MDW,IL,AGL,CE,Towers with Radar,543,85,118,0,746,0,2,31,1,34,543,87,149,1,780,0,0,0,780
10/09/2013,MDW,IL,AGL,CE,Towers with Radar,549,103,117,0,769,0,0,26,4,30,549,103,143,4,799,0,0,0,799
10/10/2013,MDW,IL,AGL,CE,Towers with Radar,545,124,132,0,801,0,0,15,5,20,545,124,147,5,821,0,0,0,821
10/11/2013,MDW,IL,AGL,CE,Towers with Radar,550,102,123,0,775,0,0,32,0,32,550,102,155,0,807,0,0,0,807
10/12/2013,MDW,IL,AGL,CE,Towers with Radar,433,38,40,0,511,0,2,31,0,33,433,40,71,0,544,0,0,0,544
10/13/2013,MDW,IL,AGL,CE,Towers with Radar,490,54,54,0,598,0,8,32,3,43,490,62,86,3,641,0,0,0,641
10/14/2013,MDW,IL,AGL,CE,Towers with Radar,542,74,90,0,706,0,5,21,5,31,542,79,111,5,737,0,0,0,737
10/15/2013,MDW,IL,AGL,CE,Towers with Radar,539,89,82,0,710,0,5,13,3,21,539,94,95,3,731,0,0,0,731
10/16/2013,MDW,IL,AGL,CE,Towers with Radar,548,70,124,0,742,0,0,25,0,25,548,70,149,0,767,0,0,0,767
10/17/2013,MDW,IL,AGL,CE,Towers with Radar,547,102,127,8,784,0,3,11,1,15,547,105,138,9,799,0,0,0,799
10/18/2013,MDW,IL,AGL,CE,Towers with Radar,544,88,108,0,740,0,0,19,1,20,544,88,127,1,760,0,0,0,760
10/19/2013,MDW,IL,AGL,CE,Towers with Radar,433,46,48,0,527,0,0,24,0,24,433,46,72,0,551,0,0,0,551
10/20/2013,MDW,IL,AGL,CE,Towers with Radar,497,75,81,3,656,0,0,31,0,31,497,75,112,3,687,0,0,0,687
10/21/2013,MDW,IL,AGL,CE,Towers with Radar,543,102,73,3,721,0,0,16,1,17,543,102,89,4,738,0,0,0,738
10/22/2013,MDW,IL,AGL,CE,Towers with Radar,542,104,96,0,742,0,4,4,2,10,542,108,100,2,752,0,0,0,752
10/23/2013,MDW,IL,AGL,CE,Towers with Radar,551,102,116,0,769,0,5,13,4,22,551,107,129,4,791,0,0,0,791
10/24/2013,MDW,IL,AGL,CE,Towers with Radar,547,102,110,1,760,0,1,24,9,34,547,103,134,10,794,0,0,0,794
10/25/2013,MDW,IL,AGL,CE,Towers with Radar,544,81,88,2,715,0,1,45,2,48,544,82,133,4,763,0,0,0,763
10/26/2013,MDW,IL,AGL,CE,Towers with Radar,434,38,52,0,524,0,0,30,0,30,434,38,82,0,554,0,0,0,554
10/27/2013,MDW,IL,AGL,CE,Towers with Radar,494,81,62,2,639,0,2,25,0,27,494,83,87,2,666,0,0,0,666
10/28/2013,MDW,IL,AGL,CE,Towers with Radar,552,121,125,0,798,0,2,10,3,15,552,123,135,3,813,0,0,0,813
10/29/2013,MDW,IL,AGL,CE,Towers with Radar,546,98,133,0,777,0,5,27,8,40,546,103,160,8,817,0,0,0,817
10/30/2013,MDW,IL,AGL,CE,Towers with Radar,553,95,120,0,768,0,2,0,0,2,553,97,120,0,770,0,0,0,770
10/31/2013,MDW,IL,AGL,CE,Towers with Radar,498,90,59,0,647,0,0,1,0,1,498,90,60,0,648,0,0,0,648
11/01/2013,MDW,IL,AGL,CE,Towers with Radar,542,91,84,1,718,1,21,16,3,41,543,112,100,4,759,0,0,0,759
11/02/2013,MDW,IL,AGL,CE,Towers with Radar,425,41,36,0,502,0,0,15,0,15,425,41,51,0,517,0,0,0,517
11/03/2013,MDW,IL,AGL,CE,Towers with Radar,453,68,64,0,585,0,3,28,4,35,453,71,92,4,620,0,0,0,620
11/04/2013,MDW,IL,AGL,CE,Towers with Radar,519,111,115,0,745,0,3,16,0,19,519,114,131,0,764,0,0,0,764
11/05/2013,MDW,IL,AGL,CE,Towers with Radar,510,92,161,0,763,0,4,12,6,22,510,96,173,6,785,0,0,0,785
11/06/2013,MDW,IL,AGL,CE,Towers with Radar,517,106,102,0,725,0,4,14,0,18,517,110,116,0,743,0,0,0,743
11/07/2013,MDW,IL,AGL,CE,Towers with Radar,511,128,105,3,747,0,6,27,6,39,511,134,132,9,786,0,0,0,786
11/08/2013,MDW,IL,AGL,CE,Towers with Radar,517,102,90,1,710,0,2,33,4,39,517,104,123,5,749,0,0,0,749
11/09/2013,MDW,IL,AGL,CE,Towers with Radar,412,27,43,0,482,0,2,10,0,12,412,29,53,0,494,0,0,0,494
11/10/2013,MDW,IL,AGL,CE,Towers with Radar,458,66,96,0,620,0,0,24,0,24,458,66,120,0,644,0,0,0,644
11/11/2013,MDW,IL,AGL,CE,Towers with Radar,520,83,106,2,711,0,7,4,1,12,520,90,110,3,723,0,0,0,723
11/12/2013,MDW,IL,AGL,CE,Towers with Radar,517,89,127,0,733,0,3,29,7,39,517,92,156,7,772,0,0,0,772
11/13/2013,MDW,IL,AGL,CE,Towers with Radar,516,100,135,0,751,0,7,34,3,44,516,107,169,3,795,0,0,0,795
11/14/2013,MDW,IL,AGL,CE,Towers with Radar,516,91,103,1,711,0,1,28,8,37,516,92,131,9,748,0,0,0,748
11/15/2013,MDW,IL,AGL,CE,Towers with Radar,506,93,58,2,659,0,4,25,5,34,506,97,83,7,693,0,0,0,693
11/16/2013,MDW,IL,AGL,CE,Towers with Radar,416,38,33,0,487,0,0,1,0,1,416,38,34,0,488,0,0,0,488
11/17/2013,MDW,IL,AGL,CE,Towers with Radar,469,47,52,3,571,0,2,2,0,4,469,49,54,3,575,0,0,0,575
11/18/2013,MDW,IL,AGL,CE,Towers with Radar,516,99,114,0,729,0,2,15,1,18,516,101,129,1,747,0,0,0,747
11/19/2013,MDW,IL,AGL,CE,Towers with Radar,512,94,135,0,741,0,0,25,7,32,512,94,160,7,773,0,0,0,773
11/20/2013,MDW,IL,AGL,CE,Towers with Radar,508,118,131,2,759,0,2,11,3,16,508,120,142,5,775,0,0,0,775
11/21/2013,MDW,IL,AGL,CE,Towers with Radar,513,92,125,0,730,0,4,6,3,13,513,96,131,3,743,0,0,0,743
11/22/2013,MDW,IL,AGL,CE,Towers with Radar,547,90,82,0,719,0,1,14,10,25,547,91,96,10,744,0,0,0,744
11/23/2013,MDW,IL,AGL,CE,Towers with Radar,417,47,32,0,496,0,0,19,0,19,417,47,51,0,515,0,0,0,515
11/24/2013,MDW,IL,AGL,CE,Towers with Radar,445,62,55,0,562,0,3,24,0,27,445,65,79,0,589,0,0,0,589
11/25/2013,MDW,IL,AGL,CE,Towers with Radar,515,67,79,2,663,0,2,7,0,9,515,69,86,2,672,0,0,0,672
11/26/2013,MDW,IL,AGL,CE,Towers with Radar,552,84,77,2,715,0,3,21,2,26,552,87,98,4,741,0,0,0,741
11/27/2013,MDW,IL,AGL,CE,Towers with Radar,568,65,70,0,703,0,8,25,0,33,568,73,95,0,736,0,0,0,736
11/28/2013,MDW,IL,AGL,CE,Towers with Radar,321,24,15,0,360,0,4,13,0,17,321,28,28,0,377,0,0,0,377
11/29/2013,MDW,IL,AGL,CE,Towers with Radar,378,38,36,0,452,0,2,31,2,35,378,40,67,2,487,0,0,0,487
11/30/2013,MDW,IL,AGL,CE,Towers with Radar,503,65,41,0,609,0,2,17,1,20,503,67,58,1,629,0,0,0,629
12/01/2013,MDW,IL,AGL,CE,Towers with Radar,573,88,120,0,781,0,3,19,0,22,573,91,139,0,803,0,0,0,803
12/02/2013,MDW,IL,AGL,CE,Towers with Radar,573,90,60,0,723,0,6,10,7,23,573,96,70,7,746,0,0,0,746
12/03/2013,MDW,IL,AGL,CE,Towers with Radar,497,93,77,0,667,0,0,0,0,0,497,93,77,0,667,0,0,0,667
12/04/2013,MDW,IL,AGL,CE,Towers with Radar,512,83,96,2,693,0,0,3,0,3,512,83,99,2,696,0,0,0,696
12/05/2013,MDW,IL,AGL,CE,Towers with Radar,509,103,138,2,752,0,5,21,17,43,509,108,159,19,795,0,0,0,795
12/06/2013,MDW,IL,AGL,CE,Towers with Radar,508,73,92,0,673,1,0,23,2,26,509,73,115,2,699,0,0,0,699
12/07/2013,MDW,IL,AGL,CE,Towers with Radar,414,40,46,0,500,0,3,36,9,48,414,43,82,9,548,0,0,0,548
12/08/2013,MDW,IL,AGL,CE,Towers with Radar,427,49,69,0,545,0,3,4,2,9,427,52,73,2,554,0,0,0,554
12/09/2013,MDW,IL,AGL,CE,Towers with Radar,531,83,126,0,740,0,0,13,0,13,531,83,139,0,753,0,0,0,753
12/10/2013,MDW,IL,AGL,CE,Towers with Radar,506,82,151,0,739,0,3,11,6,20,506,85,162,6,759,0,0,0,759
12/11/2013,MDW,IL,AGL,CE,Towers with Radar,497,80,93,0,670,0,2,14,0,16,497,82,107,0,686,0,0,0,686
12/12/2013,MDW,IL,AGL,CE,Towers with Radar,511,99,123,0,733,0,4,11,7,22,511,103,134,7,755,0,0,0,755
12/13/2013,MDW,IL,AGL,CE,Towers with Radar,510,79,88,2,679,0,3,29,2,34,510,82,117,4,713,0,0,0,713
12/14/2013,MDW,IL,AGL,CE,Towers with Radar,385,33,32,0,450,0,0,1,0,1,385,33,33,0,451,0,0,0,451
12/15/2013,MDW,IL,AGL,CE,Towers with Radar,438,59,62,2,561,0,0,18,4,22,438,59,80,6,583,0,0,0,583
12/16/2013,MDW,IL,AGL,CE,Towers with Radar,501,71,77,0,649,0,4,6,0,10,501,75,83,0,659,0,0,0,659
12/17/2013,MDW,IL,AGL,CE,Towers with Radar,495,88,79,0,662,0,4,9,4,17,495,92,88,4,679,0,0,0,679
12/18/2013,MDW,IL,AGL,CE,Towers with Radar,506,79,71,3,659,0,6,13,20,39,506,85,84,23,698,0,0,0,698
12/19/2013,MDW,IL,AGL,CE,Towers with Radar,507,66,69,0,642,0,5,4,5,14,507,71,73,5,656,0,0,0,656
12/20/2013,MDW,IL,AGL,CE,Towers with Radar,544,76,82,0,702,0,0,0,0,0,544,76,82,0,702,0,0,0,702
12/21/2013,MDW,IL,AGL,CE,Towers with Radar,490,51,39,0,580,0,0,0,0,0,490,51,39,0,580,0,0,0,580
12/22/2013,MDW,IL,AGL,CE,Towers with Radar,456,53,25,0,534,0,0,1,0,1,456,53,26,0,535,0,0,0,535
12/23/2013,MDW,IL,AGL,CE,Towers with Radar,499,57,31,0,587,0,3,15,3,21,499,60,46,3,608,0,0,0,608
12/24/2013,MDW,IL,AGL,CE,Towers with Radar,405,33,18,0,456,0,2,2,0,4,405,35,20,0,460,0,0,0,460
12/25/2013,MDW,IL,AGL,CE,Towers with Radar,383,39,10,0,432,0,0,2,0,2,383,39,12,0,434,0,0,0,434
12/26/2013,MDW,IL,AGL,CE,Towers with Radar,546,59,35,0,640,0,6,11,6,23,546,65,46,6,663,0,0,0,663
12/27/2013,MDW,IL,AGL,CE,Towers with Radar,548,64,40,0,652,0,7,25,4,36,548,71,65,4,688,0,0,0,688
12/28/2013,MDW,IL,AGL,CE,Towers with Radar,503,62,28,0,593,0,2,48,0,50,503,64,76,0,643,0,0,0,643
12/29/2013,MDW,IL,AGL,CE,Towers with Radar,454,45,26,0,525,0,0,2,0,2,454,45,28,0,527,0,0,0,527
12/30/2013,MDW,IL,AGL,CE,Towers with Radar,483,46,17,0,546,0,0,43,0,43,483,46,60,0,589,0,0,0,589
12/31/2013,MDW,IL,AGL,CE,Towers with Radar,421,29,17,0,467,0,0,10,0,10,421,29,27,0,477,0,0,0,477
01/01/2014,MDW,IL,AGL,CE,Towers with Radar,388,29,14,0,431,0,0,0,0,0,388,29,14,0,431,0,0,0,431
01/02/2014,MDW,IL,AGL,CE,Towers with Radar,329,35,29,0,393,0,2,1,0,3,329,37,30,0,396,0,0,0,396
01/03/2014,MDW,IL,AGL,CE,Towers with Radar,200,72,27,0,299,0,6,10,6,22,200,78,37,6,321,0,0,0,321
01/04/2014,MDW,IL,AGL,CE,Towers with Radar,379,54,61,0,494,0,1,2,1,4,379,55,63,1,498,0,0,0,498
01/05/2014,MDW,IL,AGL,CE,Towers with Radar,255,72,49,0,376,0,0,0,0,0,255,72,49,0,376,0,0,0,376
01/06/2014,MDW,IL,AGL,CE,Towers with Radar,270,56,62,0,388,0,0,3,0,3,270,56,65,0,391,0,0,0,391
01/07/2014,MDW,IL,AGL,CE,Towers with Radar,289,64,48,0,401,0,0,7,5,12,289,64,55,5,413,0,0,0,413
01/08/2014,MDW,IL,AGL,CE,Towers with Radar,466,71,62,0,599,0,1,22,10,33,466,72,84,10,632,0,0,0,632
01/09/2014,MDW,IL,AGL,CE,Towers with Radar,464,79,65,0,608,0,1,10,2,13,464,80,75,2,621,0,0,0,621
01/10/2014,MDW,IL,AGL,CE,Towers with Radar,461,61,27,0,549,0,0,0,0,0,461,61,27,0,549,0,0,0,549
01/11/2014,MDW,IL,AGL,CE,Towers with Radar,334,32,19,0,385,0,2,9,4,15,334,34,28,4,400,0,0,0,400
01/12/2014,MDW,IL,AGL,CE,Towers with Radar,420,36,28,0,484,0,0,7,2,9,420,36,35,2,493,0,0,0,493
01/13/2014,MDW,IL,AGL,CE,Towers with Radar,480,56,75,0,611,0,6,12,0,18,480,62,87,0,629,0,0,0,629
01/14/2014,MDW,IL,AGL,CE,Towers with Radar,390,45,63,6,504,0,0,2,4,6,390,45,65,10,510,0,0,0,510
01/15/2014,MDW,IL,AGL,CE,Towers with Radar,479,58,78,2,617,0,4,8,11,23,479,62,86,13,640,0,0,0,640
01/16/2014,MDW,IL,AGL,CE,Towers with Radar,487,63,77,4,631,0,1,4,8,13,487,64,81,12,644,0,0,0,644
01/17/2014,MDW,IL,AGL,CE,Towers with Radar,489,74,79,2,644,0,3,5,1,9,489,77,84,3,653,0,0,0,653
01/18/2014,MDW,IL,AGL,CE,Towers with Radar,324,26,28,2,380,0,0,2,0,2,324,26,30,2,382,0,0,0,382
01/19/2014,MDW,IL,AGL,CE,Towers with Radar,399,39,42,0,480,0,0,9,0,9,399,39,51,0,489,0,0,0,489
01/20/2014,MDW,IL,AGL,CE,Towers with Radar,475,55,90,0,620,0,2,4,2,8,475,57,94,2,628,0,0,0,628
01/21/2014,MDW,IL,AGL,CE,Towers with Radar,445,70,71,0,586,0,4,7,2,13,445,74,78,2,599,0,0,0,599
01/22/2014,MDW,IL,AGL,CE,Towers with Radar,458,61,67,0,586,0,1,0,0,1,458,62,67,0,587,0,0,0,587
01/23/2014,MDW,IL,AGL,CE,Towers with Radar,481,65,73,0,619,0,5,10,3,18,481,70,83,3,637,0,0,0,637
01/24/2014,MDW,IL,AGL,CE,Towers with Radar,414,71,60,2,547,0,0,6,0,6,414,71,66,2,553,0,0,0,553
01/25/2014,MDW,IL,AGL,CE,Towers with Radar,345,38,31,0,414,0,4,8,0,12,345,42,39,0,426,0,0,0,426
01/26/2014,MDW,IL,AGL,CE,Towers with Radar,286,42,34,0,362,0,0,0,0,0,286,42,34,0,362,0,0,0,362
01/27/2014,MDW,IL,AGL,CE,Towers with Radar,388,62,58,0,508,0,0,0,0,0,388,62,58,0,508,0,0,0,508
01/28/2014,MDW,IL,AGL,CE,Towers with Radar,363,51,56,0,470,0,1,11,0,12,363,52,67,0,482,0,0,0,482
01/29/2014,MDW,IL,AGL,CE,Towers with Radar,424,49,72,0,545,0,0,14,10,24,424,49,86,10,569,0,0,0,569
01/30/2014,MDW,IL,AGL,CE,Towers with Radar,336,67,75,2,480,0,3,5,0,8,336,70,80,2,488,0,0,0,488
01/31/2014,MDW,IL,AGL,CE,Towers with Radar,456,49,82,2,589,0,5,17,7,29,456,54,99,9,618,0,0,0,618
02/01/2014,MDW,IL,AGL,CE,Towers with Radar,233,21,13,0,267,0,0,0,0,0,233,21,13,0,267,0,0,0,267
02/02/2014,MDW,IL,AGL,CE,Towers with Radar,374,34,32,0,440,0,0,10,4,14,374,34,42,4,454,0,0,0,454
02/03/2014,MDW,IL,AGL,CE,Towers with Radar,464,61,51,0,576,0,3,25,2,30,464,64,76,2,606,0,0,0,606
02/04/2014,MDW,IL,AGL,CE,Towers with Radar,429,60,76,2,567,0,4,11,7,22,429,64,87,9,589,0,0,0,589
02/05/2014,MDW,IL,AGL,CE,Towers with Radar,430,65,66,0,561,0,0,4,0,4,430,65,70,0,565,0,0,0,565
02/06/2014,MDW,IL,AGL,CE,Towers with Radar,480,67,79,0,626,0,3,11,4,18,480,70,90,4,644,0,0,0,644
02/07/2014,MDW,IL,AGL,CE,Towers with Radar,493,62,78,0,633,0,4,28,1,33,493,66,106,1,666,0,0,0,666
02/08/2014,MDW,IL,AGL,CE,Towers with Radar,340,30,22,0,392,0,2,1,0,3,340,32,23,0,395,0,0,0,395
02/09/2014,MDW,IL,AGL,CE,Towers with Radar,412,48,39,0,499,0,4,10,12,26,412,52,49,12,525,0,0,0,525
02/10/2014,MDW,IL,AGL,CE,Towers with Radar,487,50,51,0,588,0,7,18,0,25,487,57,69,0,613,0,0,0,613
02/11/2014,MDW,IL,AGL,CE,Towers with Radar,464,67,75,0,606,0,7,18,3,28,464,74,93,3,634,0,0,0,634
02/12/2014,MDW,IL,AGL,CE,Towers with Radar,432,61,77,0,570,0,10,14,12,36,432,71,91,12,606,0,0,0,606
02/13/2014,MDW,IL,AGL,CE,Towers with Radar,424,83,95,0,602,0,7,13,11,31,424,90,108,11,633,0,0,0,633
02/14/2014,MDW,IL,AGL,CE,Towers with Radar,492,71,69,2,634,0,0,20,4,24,492,71,89,6,658,0,0,0,658
02/15/2014,MDW,IL,AGL,CE,Towers with Radar,382,24,27,0,433,0,0,20,0,20,382,24,47,0,453,0,0,0,453
02/16/2014,MDW,IL,AGL,CE,Towers with Radar,431,47,37,3,518,0,5,10,13,28,431,52,47,16,546,0,0,0,546
02/17/2014,MDW,IL,AGL,CE,Towers with Radar,266,67,60,0,393,0,0,1,8,9,266,67,61,8,402,0,0,0,402
02/18/2014,MDW,IL,AGL,CE,Towers with Radar,499,76,103,0,678,0,1,15,12,28,499,77,118,12,706,0,0,0,706
02/19/2014,MDW,IL,AGL,CE,Towers with Radar,494,47,83,2,626,0,2,27,6,35,494,49,110,8,661,0,0,0,661
02/20/2014,MDW,IL,AGL,CE,Towers with Radar,310,39,65,2,416,0,0,1,0,1,310,39,66,2,417,0,0,0,417
02/21/2014,MDW,IL,AGL,CE,Towers with Radar,481,59,48,1,589,0,4,6,16,26,481,63,54,17,615,0,0,0,615
02/22/2014,MDW,IL,AGL,CE,Towers with Radar,400,46,33,0,479,1,3,42,18,64,401,49,75,18,543,0,0,0,543
02/23/2014,MDW,IL,AGL,CE,Towers with Radar,446,54,56,4,560,0,0,11,2,13,446,54,67,6,573,0,0,0,573
02/24/2014,MDW,IL,AGL,CE,Towers with Radar,519,64,56,0,639,0,6,16,1,23,519,70,72,1,662,0,0,0,662
02/25/2014,MDW,IL,AGL,CE,Towers with Radar,497,80,57,0,634,0,2,10,12,24,497,82,67,12,658,0,0,0,658
02/26/2014,MDW,IL,AGL,CE,Towers with Radar,508,76,85,0,669,0,3,9,2,14,508,79,94,2,683,0,0,0,683
02/27/2014,MDW,IL,AGL,CE,Towers with Radar,501,63,65,0,629,0,4,11,0,15,501,67,76,0,644,0,0,0,644
02/28/2014,MDW,IL,AGL,CE,Towers with Radar,510,65,61,1,637,0,2,20,3,25,510,67,81,4,662,0,0,0,662
03/01/2014,MDW,IL,AGL,CE,Towers with Radar,412,32,35,0,479,0,1,11,0,12,412,33,46,0,491,0,0,0,491
03/02/2014,MDW,IL,AGL,CE,Towers with Radar,416,53,59,0,528,0,3,16,1,20,416,56,75,1,548,0,0,0,548
03/03/2014,MDW,IL,AGL,CE,Towers with Radar,486,76,34,0,596,0,0,27,5,32,486,76,61,5,628,0,0,0,628
03/04/2014,MDW,IL,AGL,CE,Towers with Radar,502,73,80,0,655,0,7,16,9,32,502,80,96,9,687,0,0,0,687
03/05/2014,MDW,IL,AGL,CE,Towers with Radar,496,81,62,0,639,1,1,12,8,22,497,82,74,8,661,0,0,0,661
03/06/2014,MDW,IL,AGL,CE,Towers with Radar,503,81,85,1,670,0,10,20,17,47,503,91,105,18,717,0,0,0,717
03/07/2014,MDW,IL,AGL,CE,Towers with Radar,508,73,78,0,659,0,3,16,8,27,508,76,94,8,686,0,0,0,686
03/08/2014,MDW,IL,AGL,CE,Towers with Radar,462,41,19,0,522,0,2,13,2,17,462,43,32,2,539,0,0,0,539
03/09/2014,MDW,IL,AGL,CE,Towers with Radar,501,55,47,0,603,0,1,18,1,20,501,56,65,1,623,0,0,0,623
03/10/2014,MDW,IL,AGL,CE,Towers with Radar,541,59,64,0,664,0,3,31,0,34,541,62,95,0,698,0,0,0,698
03/11/2014,MDW,IL,AGL,CE,Towers with Radar,520,62,77,2,661,0,2,20,7,29,520,64,97,9,690,0,0,0,690
03/12/2014,MDW,IL,AGL,CE,Towers with Radar,459,52,66,1,578,0,0,2,9,11,459,52,68,10,589,0,0,0,589
03/13/2014,MDW,IL,AGL,CE,Towers with Radar,537,75,89,0,701,0,18,22,19,59,537,93,111,19,760,0,0,0,760
03/14/2014,MDW,IL,AGL,CE,Towers with Radar,539,59,78,3,679,0,1,18,3,22,539,60,96,6,701,0,0,0,701
03/15/2014,MDW,IL,AGL,CE,Towers with Radar,463,39,41,0,543,0,0,22,0,22,463,39,63,0,565,0,0,0,565
03/16/2014,MDW,IL,AGL,CE,Towers with Radar,498,54,60,0,612,0,8,17,2,27,498,62,77,2,639,0,0,0,639
03/17/2014,MDW,IL,AGL,CE,Towers with Radar,543,57,77,0,677,0,1,14,8,23,543,58,91,8,700,0,0,0,700
03/18/2014,MDW,IL,AGL,CE,Towers with Radar,544,82,75,0,701,0,8,25,9,42,544,90,100,9,743,0,0,0,743
03/19/2014,MDW,IL,AGL,CE,Towers with Radar,542,81,92,0,715,0,1,1,6,8,542,82,93,6,723,0,0,0,723
03/20/2014,MDW,IL,AGL,CE,Towers with Radar,546,71,121,0,738,0,3,17,13,33,546,74,138,13,771,0,0,0,771
03/21/2014,MDW,IL,AGL,CE,Towers with Radar,551,76,59,0,686,0,8,14,2,24,551,84,73,2,710,0,0,0,710
03/22/2014,MDW,IL,AGL,CE,Towers with Radar,487,48,29,0,564,0,1,20,2,23,487,49,49,2,587,0,0,0,587
03/23/2014,MDW,IL,AGL,CE,Towers with Radar,503,49,36,0,588,0,2,13,0,15,503,51,49,0,603,0,0,0,603
03/24/2014,MDW,IL,AGL,CE,Towers with Radar,546,63,90,0,699,0,9,9,2,20,546,72,99,2,719,0,0,0,719
03/25/2014,MDW,IL,AGL,CE,Towers with Radar,546,59,71,4,680,0,3,10,9,22,546,62,81,13,702,0,0,0,702
03/26/2014,MDW,IL,AGL,CE,Towers with Radar,541,55,77,1,674,0,3,20,12,35,541,58,97,13,709,0,0,0,709
03/27/2014,MDW,IL,AGL,CE,Towers with Radar,541,84,91,0,716,0,3,0,0,3,541,87,91,0,719,0,0,0,719
03/28/2014,MDW,IL,AGL,CE,Towers with Radar,543,56,60,0,659,0,1,23,5,29,543,57,83,5,688,0,0,0,688
03/29/2014,MDW,IL,AGL,CE,Towers with Radar,465,50,35,0,550,0,5,26,2,33,465,55,61,2,583,0,0,0,583
03/30/2014,MDW,IL,AGL,CE,Towers with Radar,497,49,52,0,598,0,1,33,2,36,497,50,85,2,634,0,0,0,634
03/31/2014,MDW,IL,AGL,CE,Towers with Radar,544,85,61,0,690,0,4,8,4,16,544,89,69,4,706,0,0,0,706
04/01/2014,MDW,IL,AGL,CE,Towers with Radar,549,54,74,1,678,0,8,10,11,29,549,62,84,12,707,0,0,0,707
04/02/2014,MDW,IL,AGL,CE,Towers with Radar,546,54,60,3,663,0,2,10,5,17,546,56,70,8,680,0,0,0,680
04/03/2014,MDW,IL,AGL,CE,Towers with Radar,542,72,65,0,679,0,0,2,0,2,542,72,67,0,681,0,0,0,681
04/04/2014,MDW,IL,AGL,CE,Towers with Radar,541,51,52,3,647,0,0,5,1,6,541,51,57,4,653,0,0,0,653
04/05/2014,MDW,IL,AGL,CE,Towers with Radar,481,49,35,0,565,0,1,34,0,35,481,50,69,0,600,0,0,0,600
04/06/2014,MDW,IL,AGL,CE,Towers with Radar,508,51,49,4,612,0,2,27,0,29,508,53,76,4,641,0,0,0,641
04/07/2014,MDW,IL,AGL,CE,Towers with Radar,530,59,78,0,667,0,13,15,10,38,530,72,93,10,705,0,0,0,705
04/08/2014,MDW,IL,AGL,CE,Towers with Radar,562,90,80,3,735,0,2,20,13,35,562,92,100,16,770,0,0,0,770
04/09/2014,MDW,IL,AGL,CE,Towers with Radar,561,80,102,0,743,0,6,19,10,35,561,86,121,10,778,0,0,0,778
04/10/2014,MDW,IL,AGL,CE,Towers with Radar,565,63,98,0,726,1,6,18,12,37,566,69,116,12,763,0,0,0,763
04/11/2014,MDW,IL,AGL,CE,Towers with Radar,572,84,93,1,750,0,12,31,23,66,572,96,124,24,816,0,0,0,816
04/12/2014,MDW,IL,AGL,CE,Towers with Radar,428,35,21,0,484,0,4,17,18,39,428,39,38,18,523,0,0,0,523
04/13/2014,MDW,IL,AGL,CE,Towers with Radar,531,52,52,1,636,0,0,2,0,2,531,52,54,1,638,0,0,0,638
04/14/2014,MDW,IL,AGL,CE,Towers with Radar,569,66,83,0,718,0,0,2,0,2,569,66,85,0,720,0,0,0,720
04/15/2014,MDW,IL,AGL,CE,Towers with Radar,551,71,111,2,735,0,7,23,7,37,551,78,134,9,772,0,0,0,772
04/16/2014,MDW,IL,AGL,CE,Towers with Radar,573,48,107,0,728,0,7,17,4,28,573,55,124,4,756,0,0,0,756
04/17/2014,MDW,IL,AGL,CE,Towers with Radar,577,73,100,0,750,0,3,21,17,41,577,76,121,17,791,0,0,0,791
04/18/2014,MDW,IL,AGL,CE,Towers with Radar,556,40,59,0,655,0,2,18,2,22,556,42,77,2,677,0,0,0,677
04/19/2014,MDW,IL,AGL,CE,Towers with Radar,413,12,24,0,449,0,3,22,0,25,413,15,46,0,474,0,0,0,474
04/20/2014,MDW,IL,AGL,CE,Towers with Radar,512,57,39,0,608,0,0,13,1,14,512,57,52,1,622,0,0,0,622
04/21/2014,MDW,IL,AGL,CE,Towers with Radar,567,95,124,0,786,1,5,16,4,26,568,100,140,4,812,0,0,0,812
04/22/2014,MDW,IL,AGL,CE,Towers with Radar,562,92,112,0,766,0,1,36,12,49,562,93,148,12,815,0,0,0,815
04/23/2014,MDW,IL,AGL,CE,Towers with Radar,563,99,116,0,778,1,5,17,7,30,564,104,133,7,808,0,0,0,808
04/24/2014,MDW,IL,AGL,CE,Towers with Radar,577,74,95,0,746,0,5,25,8,38,577,79,120,8,784,0,0,0,784
04/25/2014,MDW,IL,AGL,CE,Towers with Radar,567,59,55,1,682,0,5,19,7,31,567,64,74,8,713,0,0,0,713
04/26/2014,MDW,IL,AGL,CE,Towers with Radar,424,20,47,0,491,0,1,32,1,34,424,21,79,1,525,0,0,0,525
04/27/2014,MDW,IL,AGL,CE,Towers with Radar,514,41,44,0,599,0,3,8,0,11,514,44,52,0,610,0,0,0,610
04/28/2014,MDW,IL,AGL,CE,Towers with Radar,580,70,66,0,716,0,5,4,2,11,580,75,70,2,727,0,0,0,727
04/29/2014,MDW,IL,AGL,CE,Towers with Radar,575,77,90,0,742,0,0,10,8,18,575,77,100,8,760,0,0,0,760
04/30/2014,MDW,IL,AGL,CE,Towers with Radar,546,65,81,0,692,0,0,13,4,17,546,65,94,4,709,0,0,0,709
05/01/2014,MDW,IL,AGL,CE,Towers with Radar,575,104,100,2,781,0,1,4,2,7,575,105,104,4,788,0,0,0,788
05/02/2014,MDW,IL,AGL,CE,Towers with Radar,569,95,85,4,753,0,4,18,8,30,569,99,103,12,783,0,0,0,783
05/03/2014,MDW,IL,AGL,CE,Towers with Radar,416,42,36,0,494,0,4,21,6,31,416,46,57,6,525,0,0,0,525
05/04/2014,MDW,IL,AGL,CE,Towers with Radar,520,80,80,2,682,0,2,29,2,33,520,82,109,4,715,0,0,0,715
05/05/2014,MDW,IL,AGL,CE,Towers with Radar,569,78,100,0,747,0,0,25,3,28,569,78,125,3,775,0,0,0,775
05/06/2014,MDW,IL,AGL,CE,Towers with Radar,563,87,103,3,756,0,6,27,7,40,563,93,130,10,796,0,0,0,796
05/07/2014,MDW,IL,AGL,CE,Towers with Radar,564,81,114,1,760,0,4,35,4,43,564,85,149,5,803,0,0,0,803
05/08/2014,MDW,IL,AGL,CE,Towers with Radar,559,80,127,2,768,0,5,35,14,54,559,85,162,16,822,0,0,0,822
05/09/2014,MDW,IL,AGL,CE,Towers with Radar,578,70,65,0,713,0,3,30,2,35,578,73,95,2,748,0,0,0,748
05/10/2014,MDW,IL,AGL,CE,Towers with Radar,418,39,39,0,496,0,0,50,1,51,418,39,89,1,547,0,0,0,547
05/11/2014,MDW,IL,AGL,CE,Towers with Radar,476,49,34,0,559,0,0,12,0,12,476,49,46,0,571,0,0,0,571
05/12/2014,MDW,IL,AGL,CE,Towers with Radar,566,61,90,0,717,1,1,14,0,16,567,62,104,0,733,0,0,0,733
05/13/2014,MDW,IL,AGL,CE,Towers with Radar,422,56,76,1,555,0,7,7,5,19,422,63,83,6,574,0,0,0,574
05/14/2014,MDW,IL,AGL,CE,Towers with Radar,580,107,124,0,811,0,5,14,2,21,580,112,138,2,832,0,0,0,832
05/15/2014,MDW,IL,AGL,CE,Towers with Radar,570,99,142,3,814,0,3,11,8,22,570,102,153,11,836,0,0,0,836
05/16/2014,MDW,IL,AGL,CE,Towers with Radar,568,86,104,2,760,0,0,11,8,19,568,86,115,10,779,0,0,0,779
05/17/2014,MDW,IL,AGL,CE,Towers with Radar,435,42,50,0,527,0,4,37,0,41,435,46,87,0,568,0,0,0,568
05/18/2014,MDW,IL,AGL,CE,Towers with Radar,520,77,72,0,669,0,0,39,2,41,520,77,111,2,710,0,0,0,710
05/19/2014,MDW,IL,AGL,CE,Towers with Radar,567,84,142,0,793,0,4,21,1,26,567,88,163,1,819,0,0,0,819
05/20/2014,MDW,IL,AGL,CE,Towers with Radar,518,93,98,1,710,0,21,16,6,43,518,114,114,7,753,0,0,0,753
05/21/2014,MDW,IL,AGL,CE,Towers with Radar,612,92,137,0,841,0,6,17,8,31,612,98,154,8,872,0,0,0,872
05/22/2014,MDW,IL,AGL,CE,Towers with Radar,567,85,108,1,761,0,3,14,7,24,567,88,122,8,785,0,0,0,785
05/23/2014,MDW,IL,AGL,CE,Towers with Radar,575,66,64,0,705,0,3,29,0,32,575,69,93,0,737,0,0,0,737
05/24/2014,MDW,IL,AGL,CE,Towers with Radar,399,38,32,0,469,0,1,25,0,26,399,39,57,0,495,0,0,0,495
05/25/2014,MDW,IL,AGL,CE,Towers with Radar,435,29,36,0,500,0,3,30,1,34,435,32,66,1,534,0,0,0,534
05/26/2014,MDW,IL,AGL,CE,Towers with Radar,499,49,46,0,594,0,4,15,1,20,499,53,61,1,614,0,0,0,614
05/27/2014,MDW,IL,AGL,CE,Towers with Radar,551,63,81,1,696,0,7,11,3,21,551,70,92,4,717,0,0,0,717
05/28/2014,MDW,IL,AGL,CE,Towers with Radar,569,78,123,1,771,0,2,26,8,36,569,80,149,9,807,0,0,0,807
05/29/2014,MDW,IL,AGL,CE,Towers with Radar,580,54,96,0,730,0,8,22,12,42,580,62,118,12,772,0,0,0,772
05/30/2014,MDW,IL,AGL,CE,Towers with Radar,569,69,46,0,684,0,3,20,9,32,569,72,66,9,716,0,0,0,716
05/31/2014,MDW,IL,AGL,CE,Towers with Radar,424,40,17,0,481,0,4,39,0,43,424,44,56,0,524,0,0,0,524
06/01/2014,MDW,IL,AGL,CE,Towers with Radar,526,67,68,0,661,0,9,25,0,34,526,76,93,0,695,0,0,0,695
06/02/2014,MDW,IL,AGL,CE,Towers with Radar,576,75,70,0,721,0,4,15,0,19,576,79,85,0,740,0,0,0,740
06/03/2014,MDW,IL,AGL,CE,Towers with Radar,559,78,100,2,739,0,14,30,14,58,559,92,130,16,797,0,0,0,797
06/04/2014,MDW,IL,AGL,CE,Towers with Radar,575,82,136,1,794,0,2,6,2,10,575,84,142,3,804,0,0,0,804
06/05/2014,MDW,IL,AGL,CE,Towers with Radar,566,95,145,1,807,1,7,40,2,50,567,102,185,3,857,0,0,0,857
06/06/2014,MDW,IL,AGL,CE,Towers with Radar,570,53,77,0,700,0,5,28,2,35,570,58,105,2,735,0,0,0,735
06/07/2014,MDW,IL,AGL,CE,Towers with Radar,438,32,60,0,530,0,5,33,4,42,438,37,93,4,572,0,0,0,572
06/08/2014,MDW,IL,AGL,CE,Towers with Radar,542,50,86,0,678,0,0,20,0,20,542,50,106,0,698,0,0,0,698
06/09/2014,MDW,IL,AGL,CE,Towers with Radar,590,61,127,0,778,0,9,39,8,56,590,70,166,8,834,0,0,0,834
06/10/2014,MDW,IL,AGL,CE,Towers with Radar,585,109,174,0,868,0,6,10,0,16,585,115,184,0,884,0,0,0,884
06/11/2014,MDW,IL,AGL,CE,Towers with Radar,572,91,186,0,849,0,3,5,4,12,572,94,191,4,861,0,0,0,861
06/12/2014,MDW,IL,AGL,CE,Towers with Radar,585,81,147,0,813,0,1,23,6,30,585,82,170,6,843,0,0,0,843
06/13/2014,MDW,IL,AGL,CE,Towers with Radar,573,83,95,2,753,0,4,41,1,46,573,87,136,3,799,0,0,0,799
06/14/2014,MDW,IL,AGL,CE,Towers with Radar,482,44,41,0,567,1,9,43,2,55,483,53,84,2,622,0,0,0,622
06/15/2014,MDW,IL,AGL,CE,Towers with Radar,573,53,59,1,686,0,5,18,3,26,573,58,77,4,712,0,0,0,712
06/16/2014,MDW,IL,AGL,CE,Towers with Radar,593,78,104,0,775,0,0,35,4,39,593,78,139,4,814,0,0,0,814
06/17/2014,MDW,IL,AGL,CE,Towers with Radar,601,79,74,4,758,0,4,20,7,31,601,83,94,11,789,0,0,0,789
06/18/2014,MDW,IL,AGL,CE,Towers with Radar,535,77,112,1,725,0,6,29,11,46,535,83,141,12,771,0,0,0,771
06/19/2014,MDW,IL,AGL,CE,Towers with Radar,582,92,113,1,788,0,2,9,5,16,582,94,122,6,804,0,0,0,804
06/20/2014,MDW,IL,AGL,CE,Towers with Radar,613,81,114,0,808,0,6,14,1,21,613,87,128,1,829,0,0,0,829
06/21/2014,MDW,IL,AGL,CE,Towers with Radar,492,47,48,0,587,0,2,30,0,32,492,49,78,0,619,0,0,0,619
06/22/2014,MDW,IL,AGL,CE,Towers with Radar,558,69,77,0,704,0,0,23,0,23,558,69,100,0,727,0,0,0,727
06/23/2014,MDW,IL,AGL,CE,Towers with Radar,597,89,101,0,787,0,0,14,5,19,597,89,115,5,806,0,0,0,806
06/24/2014,MDW,IL,AGL,CE,Towers with Radar,593,95,128,0,816,0,7,7,4,18,593,102,135,4,834,0,0,0,834
06/25/2014,MDW,IL,AGL,CE,Towers with Radar,597,87,141,0,825,0,2,51,0,53,597,89,192,0,878,0,0,0,878
06/26/2014,MDW,IL,AGL,CE,Towers with Radar,602,97,142,0,841,0,0,55,6,61,602,97,197,6,902,0,0,0,902
06/27/2014,MDW,IL,AGL,CE,Towers with Radar,612,71,90,0,773,0,1,53,2,56,612,72,143,2,829,0,0,0,829
06/28/2014,MDW,IL,AGL,CE,Towers with Radar,502,55,43,0,600,0,2,46,0,48,502,57,89,0,648,0,0,0,648
06/29/2014,MDW,IL,AGL,CE,Towers with Radar,557,54,63,0,674,0,2,29,0,31,557,56,92,0,705,0,0,0,705
06/30/2014,MDW,IL,AGL,CE,Towers with Radar,466,62,47,0,575,0,0,10,0,10,466,62,57,0,585,0,0,0,585
07/01/2014,MDW,IL,AGL,CE,Towers with Radar,635,64,61,1,761,0,8,24,4,36,635,72,85,5,797,0,0,0,797
07/02/2014,MDW,IL,AGL,CE,Towers with Radar,586,78,93,1,758,0,2,8,4,14,586,80,101,5,772,0,0,0,772
07/03/2014,MDW,IL,AGL,CE,Towers with Radar,571,70,56,1,698,0,6,36,1,43,571,76,92,2,741,0,0,0,741
07/04/2014,MDW,IL,AGL,CE,Towers with Radar,441,22,15,0,478,0,3,50,0,53,441,25,65,0,531,0,0,0,531
07/05/2014,MDW,IL,AGL,CE,Towers with Radar,476,30,26,0,532,0,0,41,14,55,476,30,67,14,587,0,0,0,587
07/06/2014,MDW,IL,AGL,CE,Towers with Radar,561,56,81,2,700,0,1,19,9,29,561,57,100,11,729,0,0,0,729
07/07/2014,MDW,IL,AGL,CE,Towers with Radar,601,69,63,2,735,0,2,31,6,39,601,71,94,8,774,0,0,0,774
07/08/2014,MDW,IL,AGL,CE,Towers with Radar,581,55,64,0,700,0,9,26,1,36,581,64,90,1,736,0,0,0,736
07/09/2014,MDW,IL,AGL,CE,Towers with Radar,597,62,96,0,755,0,8,55,0,63,597,70,151,0,818,0,0,0,818
07/10/2014,MDW,IL,AGL,CE,Towers with Radar,590,75,121,1,787,1,4,42,3,50,591,79,163,4,837,0,0,0,837
07/11/2014,MDW,IL,AGL,CE,Towers with Radar,592,74,95,1,762,0,5,49,4,58,592,79,144,5,820,0,0,0,820
07/12/2014,MDW,IL,AGL,CE,Towers with Radar,491,48,51,0,590,1,1,22,0,24,492,49,73,0,614,0,0,0,614
07/13/2014,MDW,IL,AGL,CE,Towers with Radar,556,69,81,0,706,0,0,29,1,30,556,69,110,1,736,0,0,0,736
07/14/2014,MDW,IL,AGL,CE,Towers with Radar,587,60,87,0,734,0,2,20,0,22,587,62,107,0,756,0,0,0,756
07/15/2014,MDW,IL,AGL,CE,Towers with Radar,572,74,78,2,726,0,3,30,0,33,572,77,108,2,759,0,0,0,759
07/16/2014,MDW,IL,AGL,CE,Towers with Radar,590,76,98,2,766,0,6,32,6,44,590,82,130,8,810,0,0,0,810
07/17/2014,MDW,IL,AGL,CE,Towers with Radar,601,81,110,0,792,0,4,21,8,33,601,85,131,8,825,0,0,0,825
07/18/2014,MDW,IL,AGL,CE,Towers with Radar,594,60,71,3,728,0,4,24,0,28,594,64,95,3,756,0,0,0,756
07/19/2014,MDW,IL,AGL,CE,Towers with Radar,490,40,39,1,570,0,2,38,2,42,490,42,77,3,612,0,0,0,612
07/20/2014,MDW,IL,AGL,CE,Towers with Radar,560,62,71,1,694,1,0,35,0,36,561,62,106,1,730,0,0,0,730
07/21/2014,MDW,IL,AGL,CE,Towers with Radar,589,71,78,0,738,0,0,18,6,24,589,71,96,6,762,0,0,0,762
07/22/2014,MDW,IL,AGL,CE,Towers with Radar,591,83,109,1,784,0,7,42,16,65,591,90,151,17,849,0,0,0,849
07/23/2014,MDW,IL,AGL,CE,Towers with Radar,588,78,130,0,796,0,5,19,6,30,588,83,149,6,826,0,0,0,826
07/24/2014,MDW,IL,AGL,CE,Towers with Radar,599,92,132,6,829,0,9,39,19,67,599,101,171,25,896,0,0,0,896
07/25/2014,MDW,IL,AGL,CE,Towers with Radar,607,79,114,1,801,0,0,63,6,69,607,79,177,7,870,0,0,0,870
07/26/2014,MDW,IL,AGL,CE,Towers with Radar,490,52,54,0,596,0,0,45,2,47,490,52,99,2,643,0,0,0,643
07/27/2014,MDW,IL,AGL,CE,Towers with Radar,555,57,63,0,675,0,2,21,6,29,555,59,84,6,704,0,0,0,704
07/28/2014,MDW,IL,AGL,CE,Towers with Radar,589,75,101,0,765,0,6,31,5,42,589,81,132,5,807,0,0,0,807
07/29/2014,MDW,IL,AGL,CE,Towers with Radar,595,86,95,2,778,1,4,15,24,44,596,90,110,26,822,0,0,0,822
07/30/2014,MDW,IL,AGL,CE,Towers with Radar,593,77,100,2,772,0,0,29,9,38,593,77,129,11,810,0,0,0,810
07/31/2014,MDW,IL,AGL,CE,Towers with Radar,593,78,106,1,778,0,4,33,11,48,593,82,139,12,826,0,0,0,826
08/01/2014,MDW,IL,AGL,CE,Towers with Radar,583,85,69,1,738,0,2,26,6,34,583,87,95,7,772,0,0,0,772
08/02/2014,MDW,IL,AGL,CE,Towers with Radar,494,60,32,0,586,0,2,54,5,61,494,62,86,5,647,0,0,0,647
08/03/2014,MDW,IL,AGL,CE,Towers with Radar,560,50,82,0,692,0,0,35,2,37,560,50,117,2,729,0,0,0,729
08/04/2014,MDW,IL,AGL,CE,Towers with Radar,580,78,66,0,724,0,2,18,1,21,580,80,84,1,745,0,0,0,745
08/05/2014,MDW,IL,AGL,CE,Towers with Radar,609,79,118,1,807,0,6,28,12,46,609,85,146,13,853,0,0,0,853
08/06/2014,MDW,IL,AGL,CE,Towers with Radar,590,88,86,3,767,0,6,27,11,44,590,94,113,14,811,0,0,0,811
08/07/2014,MDW,IL,AGL,CE,Towers with Radar,594,86,90,2,772,0,6,32,8,46,594,92,122,10,818,0,0,0,818
08/08/2014,MDW,IL,AGL,CE,Towers with Radar,591,83,82,0,756,0,3,38,3,44,591,86,120,3,800,0,0,0,800
08/09/2014,MDW,IL,AGL,CE,Towers with Radar,488,47,32,3,570,2,1,41,17,61,490,48,73,20,631,0,0,0,631
08/10/2014,MDW,IL,AGL,CE,Towers with Radar,544,76,68,0,688,0,1,37,7,45,544,77,105,7,733,0,0,0,733
08/11/2014,MDW,IL,AGL,CE,Towers with Radar,569,90,90,0,749,0,1,22,4,27,569,91,112,4,776,0,0,0,776
08/12/2014,MDW,IL,AGL,CE,Towers with Radar,568,95,95,0,758,0,5,7,9,21,568,100,102,9,779,0,0,0,779
08/13/2014,MDW,IL,AGL,CE,Towers with Radar,569,79,115,2,765,0,7,43,2,52,569,86,158,4,817,0,0,0,817
08/14/2014,MDW,IL,AGL,CE,Towers with Radar,572,91,121,2,786,0,1,16,7,24,572,92,137,9,810,0,0,0,810
08/15/2014,MDW,IL,AGL,CE,Towers with Radar,566,63,64,3,696,0,8,38,6,52,566,71,102,9,748,0,0,0,748
08/16/2014,MDW,IL,AGL,CE,Towers with Radar,439,37,55,0,531,0,2,26,0,28,439,39,81,0,559,0,0,0,559
08/17/2014,MDW,IL,AGL,CE,Towers with Radar,525,58,73,0,656,0,0,9,4,13,525,58,82,4,669,0,0,0,669
08/18/2014,MDW,IL,AGL,CE,Towers with Radar,573,66,97,0,736,0,2,19,0,21,573,68,116,0,757,0,0,0,757
08/19/2014,MDW,IL,AGL,CE,Towers with Radar,568,60,84,1,713,0,7,28,6,41,568,67,112,7,754,0,0,0,754
08/20/2014,MDW,IL,AGL,CE,Towers with Radar,568,78,77,1,724,0,4,31,9,44,568,82,108,10,768,0,0,0,768
08/21/2014,MDW,IL,AGL,CE,Towers with Radar,558,82,86,2,728,0,0,10,8,18,558,82,96,10,746,0,0,0,746
08/22/2014,MDW,IL,AGL,CE,Towers with Radar,575,58,92,2,727,0,11,26,8,45,575,69,118,10,772,0,0,0,772
08/23/2014,MDW,IL,AGL,CE,Towers with Radar,446,39,53,4,542,0,1,20,0,21,446,40,73,4,563,0,0,0,563
08/24/2014,MDW,IL,AGL,CE,Towers with Radar,534,54,55,4,647,0,5,22,0,27,534,59,77,4,674,0,0,0,674
08/25/2014,MDW,IL,AGL,CE,Towers with Radar,564,56,63,0,683,0,7,29,0,36,564,63,92,0,719,0,0,0,719
08/26/2014,MDW,IL,AGL,CE,Towers with Radar,569,70,91,7,737,0,9,40,12,61,569,79,131,19,798,0,0,0,798
08/27/2014,MDW,IL,AGL,CE,Towers with Radar,564,86,79,0,729,0,29,26,12,67,564,115,105,12,796,0,0,0,796
08/28/2014,MDW,IL,AGL,CE,Towers with Radar,573,83,78,1,735,0,4,37,11,52,573,87,115,12,787,0,0,0,787
08/29/2014,MDW,IL,AGL,CE,Towers with Radar,564,75,81,0,720,0,2,23,4,29,564,77,104,4,749,0,0,0,749
08/30/2014,MDW,IL,AGL,CE,Towers with Radar,409,37,27,0,473,0,1,30,0,31,409,38,57,0,504,0,0,0,504
08/31/2014,MDW,IL,AGL,CE,Towers with Radar,422,40,40,1,503,0,6,15,0,21,422,46,55,1,524,0,0,0,524
09/01/2014,MDW,IL,AGL,CE,Towers with Radar,507,76,42,0,625,0,1,16,0,17,507,77,58,0,642,0,0,0,642
09/02/2014,MDW,IL,AGL,CE,Towers with Radar,556,52,91,2,701,0,3,33,8,44,556,55,124,10,745,0,0,0,745
09/03/2014,MDW,IL,AGL,CE,Towers with Radar,539,82,118,0,739,0,9,34,4,47,539,91,152,4,786,0,0,0,786
09/04/2014,MDW,IL,AGL,CE,Towers with Radar,549,101,99,0,749,0,2,16,4,22,549,103,115,4,771,0,0,0,771
09/05/2014,MDW,IL,AGL,CE,Towers with Radar,527,72,84,2,685,0,6,23,0,29,527,78,107,2,714,0,0,0,714
09/06/2014,MDW,IL,AGL,CE,Towers with Radar,430,55,60,0,545,0,0,37,0,37,430,55,97,0,582,0,0,0,582
09/07/2014,MDW,IL,AGL,CE,Towers with Radar,527,72,80,2,681,0,6,35,0,41,527,78,115,2,722,0,0,0,722
09/08/2014,MDW,IL,AGL,CE,Towers with Radar,548,60,114,0,722,0,6,34,5,45,548,66,148,5,767,0,0,0,767
09/09/2014,MDW,IL,AGL,CE,Towers with Radar,549,92,187,3,831,0,5,15,10,30,549,97,202,13,861,0,0,0,861
09/10/2014,MDW,IL,AGL,CE,Towers with Radar,539,89,170,2,800,0,0,10,4,14,539,89,180,6,814,0,0,0,814
09/11/2014,MDW,IL,AGL,CE,Towers with Radar,556,86,174,0,816,0,4,22,6,32,556,90,196,6,848,0,0,0,848
09/12/2014,MDW,IL,AGL,CE,Towers with Radar,554,60,110,0,724,0,1,0,0,1,554,61,110,0,725,0,0,0,725
09/13/2014,MDW,IL,AGL,CE,Towers with Radar,421,29,56,0,506,0,0,31,0,31,421,29,87,0,537,0,0,0,537
09/14/2014,MDW,IL,AGL,CE,Towers with Radar,528,65,76,1,670,0,0,35,0,35,528,65,111,1,705,0,0,0,705
09/15/2014,MDW,IL,AGL,CE,Towers with Radar,542,92,139,1,774,0,2,11,0,13,542,94,150,1,787,0,0,0,787
09/16/2014,MDW,IL,AGL,CE,Towers with Radar,553,108,126,2,789,0,3,37,3,43,553,111,163,5,832,0,0,0,832
09/17/2014,MDW,IL,AGL,CE,Towers with Radar,550,94,208,0,852,0,2,33,4,39,550,96,241,4,891,0,0,0,891
09/18/2014,MDW,IL,AGL,CE,Towers with Radar,557,109,137,2,805,0,5,21,4,30,557,114,158,6,835,0,0,0,835
09/19/2014,MDW,IL,AGL,CE,Towers with Radar,556,87,111,2,756,0,4,26,1,31,556,91,137,3,787,0,0,0,787
09/20/2014,MDW,IL,AGL,CE,Towers with Radar,431,45,54,0,530,0,1,26,0,27,431,46,80,0,557,0,0,0,557
09/21/2014,MDW,IL,AGL,CE,Towers with Radar,524,63,88,0,675,0,2,30,2,34,524,65,118,2,709,0,0,0,709
09/22/2014,MDW,IL,AGL,CE,Towers with Radar,561,75,111,0,747,0,13,33,4,50,561,88,144,4,797,0,0,0,797
09/23/2014,MDW,IL,AGL,CE,Towers with Radar,547,98,127,0,772,0,3,38,8,49,547,101,165,8,821,0,0,0,821
09/24/2014,MDW,IL,AGL,CE,Towers with Radar,559,96,130,0,785,0,2,27,6,35,559,98,157,6,820,0,0,0,820
09/25/2014,MDW,IL,AGL,CE,Towers with Radar,555,63,93,0,711,0,7,40,15,62,555,70,133,15,773,0,0,0,773
09/26/2014,MDW,IL,AGL,CE,Towers with Radar,20,59,51,0,130,0,18,104,3,125,20,77,155,3,255,0,0,0,255
09/27/2014,MDW,IL,AGL,CE,Towers with Radar,250,110,45,0,405,0,6,66,0,72,250,116,111,0,477,0,0,0,477
09/28/2014,MDW,IL,AGL,CE,Towers with Radar,410,123,85,1,619,0,5,47,0,52,410,128,132,1,671,0,0,0,671
09/29/2014,MDW,IL,AGL,CE,Towers with Radar,481,112,81,0,674,0,2,32,2,36,481,114,113,2,710,0,0,0,710
09/30/2014,MDW,IL,AGL,CE,Towers with Radar,511,99,91,2,703,1,2,11,0,14,512,101,102,2,717,0,0,0,717
10/01/2014,MDW,IL,AGL,CE,Towers with Radar,519,102,82,2,705,0,6,29,2,37,519,108,111,4,742,0,0,0,742
10/02/2014,MDW,IL,AGL,CE,Towers with Radar,253,81,56,1,391,0,0,1,0,1,253,81,57,1,392,0,0,0,392
10/03/2014,MDW,IL,AGL,CE,Towers with Radar,529,128,91,0,748,0,1,5,0,6,529,129,96,0,754,0,0,0,754
10/04/2014,MDW,IL,AGL,CE,Towers with Radar,413,67,61,1,542,0,0,0,0,0,413,67,61,1,542,0,0,0,542
10/05/2014,MDW,IL,AGL,CE,Towers with Radar,498,85,121,1,705,0,0,3,0,3,498,85,124,1,708,0,0,0,708
10/06/2014,MDW,IL,AGL,CE,Towers with Radar,536,92,106,0,734,0,0,5,0,5,536,92,111,0,739,0,0,0,739
10/07/2014,MDW,IL,AGL,CE,Towers with Radar,535,108,147,5,795,0,0,5,1,6,535,108,152,6,801,0,0,0,801
10/08/2014,MDW,IL,AGL,CE,Towers with Radar,551,96,123,7,777,0,0,0,0,0,551,96,123,7,777,0,0,0,777
10/09/2014,MDW,IL,AGL,CE,Towers with Radar,534,110,134,1,779,0,1,6,0,7,534,111,140,1,786,0,0,0,786
10/10/2014,MDW,IL,AGL,CE,Towers with Radar,546,99,141,6,792,0,1,3,1,5,546,100,144,7,797,0,0,0,797
10/11/2014,MDW,IL,AGL,CE,Towers with Radar,429,46,70,2,547,0,1,4,0,5,429,47,74,2,552,0,0,0,552
10/12/2014,MDW,IL,AGL,CE,Towers with Radar,509,63,54,1,627,0,4,39,0,43,509,67,93,1,670,0,0,0,670
10/13/2014,MDW,IL,AGL,CE,Towers with Radar,565,72,82,0,719,0,2,0,0,2,565,74,82,0,721,0,0,0,721
10/14/2014,MDW,IL,AGL,CE,Towers with Radar,568,87,103,0,758,0,0,5,0,5,568,87,108,0,763,0,0,0,763
10/15/2014,MDW,IL,AGL,CE,Towers with Radar,569,86,134,0,789,0,0,3,0,3,569,86,137,0,792,0,0,0,792
10/16/2014,MDW,IL,AGL,CE,Towers with Radar,577,98,111,0,786,0,7,5,1,13,577,105,116,1,799,0,0,0,799
10/17/2014,MDW,IL,AGL,CE,Towers with Radar,572,82,100,0,754,0,2,34,2,38,572,84,134,2,792,0,0,0,792
10/18/2014,MDW,IL,AGL,CE,Towers with Radar,450,43,49,0,542,0,0,31,8,39,450,43,80,8,581,0,0,0,581
10/19/2014,MDW,IL,AGL,CE,Towers with Radar,535,75,99,0,709,0,0,21,0,21,535,75,120,0,730,0,0,0,730
10/20/2014,MDW,IL,AGL,CE,Towers with Radar,574,37,31,11,653,0,1,9,1,11,574,38,40,12,664,0,0,0,664
10/21/2014,MDW,IL,AGL,CE,Towers with Radar,565,93,85,0,743,0,4,35,14,53,565,97,120,14,796,0,0,0,796
10/22/2014,MDW,IL,AGL,CE,Towers with Radar,560,82,90,0,732,0,4,22,0,26,560,86,112,0,758,0,0,0,758
10/23/2014,MDW,IL,AGL,CE,Towers with Radar,573,89,105,0,767,0,23,17,14,54,573,112,122,14,821,0,0,0,821
10/24/2014,MDW,IL,AGL,CE,Towers with Radar,565,85,95,2,747,0,7,22,2,31,565,92,117,4,778,0,0,0,778
10/25/2014,MDW,IL,AGL,CE,Towers with Radar,450,40,43,1,534,0,2,28,5,35,450,42,71,6,569,0,0,0,569
10/26/2014,MDW,IL,AGL,CE,Towers with Radar,532,58,67,0,657,0,1,33,7,41,532,59,100,7,698,0,0,0,698
10/27/2014,MDW,IL,AGL,CE,Towers with Radar,571,80,91,0,742,0,6,18,6,30,571,86,109,6,772,0,0,0,772
10/28/2014,MDW,IL,AGL,CE,Towers with Radar,555,93,134,2,784,0,2,25,8,35,555,95,159,10,819,0,0,0,819
10/29/2014,MDW,IL,AGL,CE,Towers with Radar,557,93,128,0,778,0,5,13,15,33,557,98,141,15,811,0,0,0,811
10/30/2014,MDW,IL,AGL,CE,Towers with Radar,568,85,123,0,776,0,7,29,10,46,568,92,152,10,822,0,0,0,822
10/31/2014,MDW,IL,AGL,CE,Towers with Radar,481,71,70,0,622,0,4,4,0,8,481,75,74,0,630,0,0,0,630
11/01/2014,MDW,IL,AGL,CE,Towers with Radar,444,48,60,0,552,0,1,21,16,38,444,49,81,16,590,0,0,0,590
11/02/2014,MDW,IL,AGL,CE,Towers with Radar,485,66,87,0,638,0,0,16,6,22,485,66,103,6,660,0,0,0,660
11/03/2014,MDW,IL,AGL,CE,Towers with Radar,534,70,122,0,726,0,7,13,2,22,534,77,135,2,748,0,0,0,748
11/04/2014,MDW,IL,AGL,CE,Towers with Radar,517,73,124,0,714,0,6,13,10,29,517,79,137,10,743,0,0,0,743
11/05/2014,MDW,IL,AGL,CE,Towers with Radar,527,77,135,1,740,0,4,30,9,43,527,81,165,10,783,0,0,0,783
11/06/2014,MDW,IL,AGL,CE,Towers with Radar,532,94,121,0,747,0,2,10,7,19,532,96,131,7,766,0,0,0,766
11/07/2014,MDW,IL,AGL,CE,Towers with Radar,531,75,79,0,685,0,8,35,2,45,531,83,114,2,730,0,0,0,730
11/08/2014,MDW,IL,AGL,CE,Towers with Radar,433,24,42,0,499,0,5,24,0,29,433,29,66,0,528,0,0,0,528
11/09/2014,MDW,IL,AGL,CE,Towers with Radar,481,65,95,0,641,0,2,43,0,45,481,67,138,0,686,0,0,0,686
11/10/2014,MDW,IL,AGL,CE,Towers with Radar,519,80,112,0,711,0,4,28,2,34,519,84,140,2,745,0,0,0,745
11/11/2014,MDW,IL,AGL,CE,Towers with Radar,521,83,120,0,724,0,1,15,1,17,521,84,135,1,741,0,0,0,741
11/12/2014,MDW,IL,AGL,CE,Towers with Radar,530,84,100,3,717,0,3,25,7,35,530,87,125,10,752,0,0,0,752
11/13/2014,MDW,IL,AGL,CE,Towers with Radar,533,79,132,0,744,0,3,16,15,34,533,82,148,15,778,0,0,0,778
11/14/2014,MDW,IL,AGL,CE,Towers with Radar,535,77,74,0,686,0,0,25,5,30,535,77,99,5,716,0,0,0,716
11/15/2014,MDW,IL,AGL,CE,Towers with Radar,430,35,40,0,505,0,0,18,0,18,430,35,58,0,523,0,0,0,523
11/16/2014,MDW,IL,AGL,CE,Towers with Radar,478,77,103,1,659,0,0,8,2,10,478,77,111,3,669,0,0,0,669
11/17/2014,MDW,IL,AGL,CE,Towers with Radar,521,68,76,0,665,0,4,10,2,16,521,72,86,2,681,0,0,0,681
11/18/2014,MDW,IL,AGL,CE,Towers with Radar,522,83,108,0,713,0,7,17,15,39,522,90,125,15,752,0,0,0,752
11/19/2014,MDW,IL,AGL,CE,Towers with Radar,505,115,122,0,742,0,0,19,8,27,505,115,141,8,769,0,0,0,769
11/20/2014,MDW,IL,AGL,CE,Towers with Radar,526,93,144,2,765,0,3,23,7,33,526,96,167,9,798,0,0,0,798
11/21/2014,MDW,IL,AGL,CE,Towers with Radar,528,86,82,0,696,0,6,14,1,21,528,92,96,1,717,0,0,0,717
11/22/2014,MDW,IL,AGL,CE,Towers with Radar,427,38,45,0,510,0,1,10,0,11,427,39,55,0,521,0,0,0,521
11/23/2014,MDW,IL,AGL,CE,Towers with Radar,470,46,59,0,575,0,0,0,0,0,470,46,59,0,575,0,0,0,575
11/24/2014,MDW,IL,AGL,CE,Towers with Radar,515,53,43,0,611,0,0,0,0,0,515,53,43,0,611,0,0,0,611
11/25/2014,MDW,IL,AGL,CE,Towers with Radar,568,66,57,1,692,1,11,14,9,35,569,77,71,10,727,0,0,0,727
11/26/2014,MDW,IL,AGL,CE,Towers with Radar,574,65,52,2,693,0,8,18,0,26,574,73,70,2,719,0,0,0,719
11/27/2014,MDW,IL,AGL,CE,Towers with Radar,350,21,14,0,385,0,5,7,0,12,350,26,21,0,397,0,0,0,397
11/28/2014,MDW,IL,AGL,CE,Towers with Radar,413,24,29,0,466,0,4,20,1,25,413,28,49,1,491,0,0,0,491
11/29/2014,MDW,IL,AGL,CE,Towers with Radar,489,55,42,0,586,0,2,26,0,28,489,57,68,0,614,0,0,0,614
11/30/2014,MDW,IL,AGL,CE,Towers with Radar,584,89,87,0,760,0,0,3,0,3,584,89,90,0,763,0,0,0,763
12/01/2014,MDW,IL,AGL,CE,Towers with Radar,587,79,91,0,757,1,2,23,1,27,588,81,114,1,784,0,0,0,784
12/02/2014,MDW,IL,AGL,CE,Towers with Radar,528,94,94,0,716,0,10,14,10,34,528,104,108,10,750,0,0,0,750
12/03/2014,MDW,IL,AGL,CE,Towers with Radar,533,91,115,0,739,0,4,33,2,39,533,95,148,2,778,0,0,0,778
12/04/2014,MDW,IL,AGL,CE,Towers with Radar,528,85,135,0,748,0,14,25,10,49,528,99,160,10,797,0,0,0,797
12/05/2014,MDW,IL,AGL,CE,Towers with Radar,530,76,103,6,715,0,9,1,0,10,530,85,104,6,725,0,0,0,725
12/06/2014,MDW,IL,AGL,CE,Towers with Radar,434,27,43,0,504,0,0,11,8,19,434,27,54,8,523,0,0,0,523
12/07/2014,MDW,IL,AGL,CE,Towers with Radar,485,53,78,0,616,0,14,37,0,51,485,67,115,0,667,0,0,0,667
12/08/2014,MDW,IL,AGL,CE,Towers with Radar,527,67,93,0,687,0,0,0,0,0,527,67,93,0,687,0,0,0,687
12/09/2014,MDW,IL,AGL,CE,Towers with Radar,521,73,103,2,699,0,1,3,2,6,521,74,106,4,705,0,0,0,705
12/10/2014,MDW,IL,AGL,CE,Towers with Radar,530,72,117,0,719,0,12,18,11,41,530,84,135,11,760,0,0,0,760
12/11/2014,MDW,IL,AGL,CE,Towers with Radar,531,73,148,0,752,0,6,18,6,30,531,79,166,6,782,0,0,0,782
12/12/2014,MDW,IL,AGL,CE,Towers with Radar,534,60,90,0,684,0,0,1,1,2,534,60,91,1,686,0,0,0,686
12/13/2014,MDW,IL,AGL,CE,Towers with Radar,433,24,45,0,502,0,0,3,0,3,433,24,48,0,505,0,0,0,505
12/14/2014,MDW,IL,AGL,CE,Towers with Radar,478,58,68,0,604,0,0,1,0,1,478,58,69,0,605,0,0,0,605
12/15/2014,MDW,IL,AGL,CE,Towers with Radar,535,72,100,0,707,0,0,0,0,0,535,72,100,0,707,0,0,0,707
12/16/2014,MDW,IL,AGL,CE,Towers with Radar,500,78,109,0,687,0,1,6,6,13,500,79,115,6,700,0,0,0,700
12/17/2014,MDW,IL,AGL,CE,Towers with Radar,523,91,108,4,726,0,7,15,4,26,523,98,123,8,752,0,0,0,752
12/18/2014,MDW,IL,AGL,CE,Towers with Radar,519,99,75,0,693,0,4,30,9,43,519,103,105,9,736,0,0,0,736
12/19/2014,MDW,IL,AGL,CE,Towers with Radar,522,66,94,0,682,1,5,23,9,38,523,71,117,9,720,0,0,0,720
12/20/2014,MDW,IL,AGL,CE,Towers with Radar,484,49,62,0,595,0,3,6,0,9,484,52,68,0,604,0,0,0,604
12/21/2014,MDW,IL,AGL,CE,Towers with Radar,461,59,62,0,582,0,2,21,0,23,461,61,83,0,605,0,0,0,605
12/22/2014,MDW,IL,AGL,CE,Towers with Radar,498,47,53,0,598,0,2,11,1,14,498,49,64,1,612,0,0,0,612
12/23/2014,MDW,IL,AGL,CE,Towers with Radar,494,54,43,0,591,0,1,15,0,16,494,55,58,0,607,0,0,0,607
12/24/2014,MDW,IL,AGL,CE,Towers with Radar,416,30,20,0,466,0,2,3,0,5,416,32,23,0,471,0,0,0,471
12/25/2014,MDW,IL,AGL,CE,Towers with Radar,403,32,13,0,448,0,1,10,0,11,403,33,23,0,459,0,0,0,459
12/26/2014,MDW,IL,AGL,CE,Towers with Radar,496,61,48,0,605,0,3,25,0,28,496,64,73,0,633,0,0,0,633
12/27/2014,MDW,IL,AGL,CE,Towers with Radar,480,55,29,0,564,0,1,4,0,5,480,56,33,0,569,0,0,0,569
12/28/2014,MDW,IL,AGL,CE,Towers with Radar,486,57,34,0,577,0,1,30,0,31,486,58,64,0,608,0,0,0,608
12/29/2014,MDW,IL,AGL,CE,Towers with Radar,510,30,22,0,562,0,4,22,0,26,510,34,44,0,588,0,0,0,588
12/30/2014,MDW,IL,AGL,CE,Towers with Radar,496,41,17,2,556,0,5,19,0,24,496,46,36,2,580,0,0,0,580
12/31/2014,MDW,IL,AGL,CE,Towers with Radar,390,32,14,0,436,0,1,15,8,24,390,33,29,8,460,0,0,0,460
01/01/2015,MDW,IL,AGL,CE,Towers with Radar,388,23,18,0,429,0,3,22,0,25,388,26,40,0,454,0,0,0,454
01/02/2015,MDW,IL,AGL,CE,Towers with Radar,500,44,48,0,592,2,5,31,0,38,502,49,79,0,630,0,0,0,630
01/03/2015,MDW,IL,AGL,CE,Towers with Radar,489,58,44,0,591,0,0,0,0,0,489,58,44,0,591,0,0,0,591
01/04/2015,MDW,IL,AGL,CE,Towers with Radar,500,77,51,0,628,0,0,1,1,2,500,77,52,1,630,0,0,0,630
01/05/2015,MDW,IL,AGL,CE,Towers with Radar,501,47,48,0,596,0,5,14,2,21,501,52,62,2,617,0,0,0,617
01/06/2015,MDW,IL,AGL,CE,Towers with Radar,493,51,53,0,597,0,3,18,7,28,493,54,71,7,625,0,0,0,625
01/07/2015,MDW,IL,AGL,CE,Towers with Radar,467,48,30,0,545,0,5,2,1,8,467,53,32,1,553,0,0,0,553
01/08/2015,MDW,IL,AGL,CE,Towers with Radar,311,46,54,0,411,0,1,0,0,1,311,47,54,0,412,0,0,0,412
01/09/2015,MDW,IL,AGL,CE,Towers with Radar,470,56,56,2,584,0,3,3,0,6,470,59,59,2,590,0,0,0,590
01/10/2015,MDW,IL,AGL,CE,Towers with Radar,374,31,38,0,443,0,3,6,17,26,374,34,44,17,469,0,0,0,469
01/11/2015,MDW,IL,AGL,CE,Towers with Radar,388,38,34,2,462,0,0,6,0,6,388,38,40,2,468,0,0,0,468
01/12/2015,MDW,IL,AGL,CE,Towers with Radar,474,61,78,0,613,0,2,8,2,12,474,63,86,2,625,0,0,0,625
01/13/2015,MDW,IL,AGL,CE,Towers with Radar,473,58,67,0,598,0,4,14,23,41,473,62,81,23,639,0,0,0,639
01/14/2015,MDW,IL,AGL,CE,Towers with Radar,479,47,65,2,593,0,8,19,11,38,479,55,84,13,631,0,0,0,631
01/15/2015,MDW,IL,AGL,CE,Towers with Radar,479,72,68,0,619,0,5,13,19,37,479,77,81,19,656,0,0,0,656
01/16/2015,MDW,IL,AGL,CE,Towers with Radar,485,56,71,2,614,0,3,22,2,27,485,59,93,4,641,0,0,0,641
01/17/2015,MDW,IL,AGL,CE,Towers with Radar,365,28,19,0,412,0,2,25,1,28,365,30,44,1,440,0,0,0,440
01/18/2015,MDW,IL,AGL,CE,Towers with Radar,386,27,33,0,446,0,0,15,0,15,386,27,48,0,461,0,0,0,461
01/19/2015,MDW,IL,AGL,CE,Towers with Radar,498,62,63,1,624,0,8,11,1,20,498,70,74,2,644,0,0,0,644
01/20/2015,MDW,IL,AGL,CE,Towers with Radar,467,49,101,0,617,0,2,2,0,4,467,51,103,0,621,0,0,0,621
01/21/2015,MDW,IL,AGL,CE,Towers with Radar,480,58,70,3,611,0,9,5,7,21,480,67,75,10,632,0,0,0,632
01/22/2015,MDW,IL,AGL,CE,Towers with Radar,486,85,76,0,647,0,6,31,11,48,486,91,107,11,695,0,0,0,695
01/23/2015,MDW,IL,AGL,CE,Towers with Radar,480,50,57,0,587,0,3,15,14,32,480,53,72,14,619,0,0,0,619
01/24/2015,MDW,IL,AGL,CE,Towers with Radar,368,19,32,0,419,0,0,21,2,23,368,19,53,2,442,0,0,0,442
01/25/2015,MDW,IL,AGL,CE,Towers with Radar,401,50,66,0,517,0,6,0,1,7,401,56,66,1,524,0,0,0,524
01/26/2015,MDW,IL,AGL,CE,Towers with Radar,458,51,92,1,602,0,2,9,0,11,458,53,101,1,613,0,0,0,613
01/27/2015,MDW,IL,AGL,CE,Towers with Radar,436,61,98,1,596,0,4,23,17,44,436,65,121,18,640,0,0,0,640
01/28/2015,MDW,IL,AGL,CE,Towers with Radar,481,68,95,2,646,0,14,22,12,48,481,82,117,14,694,0,0,0,694
01/29/2015,MDW,IL,AGL,CE,Towers with Radar,485,76,75,0,636,0,7,8,13,28,485,83,83,13,664,0,0,0,664
01/30/2015,MDW,IL,AGL,CE,Towers with Radar,491,64,66,1,622,0,2,24,9,35,491,66,90,10,657,0,0,0,657
01/31/2015,MDW,IL,AGL,CE,Towers with Radar,352,34,28,2,416,0,1,19,2,22,352,35,47,4,438,0,0,0,438
02/01/2015,MDW,IL,AGL,CE,Towers with Radar,25,2,5,0,32,0,0,0,0,0,25,2,5,0,32,0,0,0,32
02/02/2015,MDW,IL,AGL,CE,Towers with Radar,285,77,70,0,432,0,5,12,9,26,285,82,82,9,458,0,0,0,458
02/03/2015,MDW,IL,AGL,CE,Towers with Radar,465,83,71,0,619,0,7,1,1,9,465,90,72,1,628,0,0,0,628
02/04/2015,MDW,IL,AGL,CE,Towers with Radar,483,70,64,0,617,0,7,10,5,22,483,77,74,5,639,0,0,0,639
02/05/2015,MDW,IL,AGL,CE,Towers with Radar,492,67,61,0,620,0,11,13,7,31,492,78,74,7,651,0,0,0,651
02/06/2015,MDW,IL,AGL,CE,Towers with Radar,476,65,50,0,591,0,10,29,3,42,476,75,79,3,633,0,0,0,633
02/07/2015,MDW,IL,AGL,CE,Towers with Radar,361,35,38,0,434,0,3,26,3,32,361,38,64,3,466,0,0,0,466
02/08/2015,MDW,IL,AGL,CE,Towers with Radar,398,52,46,1,497,0,0,0,1,1,398,52,46,2,498,0,0,0,498
02/09/2015,MDW,IL,AGL,CE,Towers with Radar,474,57,70,0,601,0,5,2,1,8,474,62,72,1,609,0,0,0,609
02/10/2015,MDW,IL,AGL,CE,Towers with Radar,482,69,76,0,627,0,10,13,7,30,482,79,89,7,657,0,0,0,657
02/11/2015,MDW,IL,AGL,CE,Towers with Radar,495,61,64,0,620,0,3,9,7,19,495,64,73,7,639,0,0,0,639
02/12/2015,MDW,IL,AGL,CE,Towers with Radar,498,85,85,0,668,0,3,26,1,30,498,88,111,1,698,0,0,0,698
02/13/2015,MDW,IL,AGL,CE,Towers with Radar,495,71,76,0,642,0,21,25,6,52,495,92,101,6,694,0,0,0,694
02/14/2015,MDW,IL,AGL,CE,Towers with Radar,367,31,22,0,420,0,0,33,0,33,367,31,55,0,453,0,0,0,453
02/15/2015,MDW,IL,AGL,CE,Towers with Radar,358,36,31,0,425,0,0,4,0,4,358,36,35,0,429,0,0,0,429
02/16/2015,MDW,IL,AGL,CE,Towers with Radar,466,56,93,0,615,0,4,21,6,31,466,60,114,6,646,0,0,0,646
02/17/2015,MDW,IL,AGL,CE,Towers with Radar,465,67,92,2,626,0,2,19,14,35,465,69,111,16,661,0,0,0,661
02/18/2015,MDW,IL,AGL,CE,Towers with Radar,492,48,81,0,621,0,10,3,0,13,492,58,84,0,634,0,0,0,634
02/19/2015,MDW,IL,AGL,CE,Towers with Radar,496,46,41,0,583,0,0,4,0,4,496,46,45,0,587,0,0,0,587
02/20/2015,MDW,IL,AGL,CE,Towers with Radar,478,53,83,2,616,0,5,2,2,9,478,58,85,4,625,0,0,0,625
02/21/2015,MDW,IL,AGL,CE,Towers with Radar,342,34,22,0,398,0,1,23,1,25,342,35,45,1,423,0,0,0,423
02/22/2015,MDW,IL,AGL,CE,Towers with Radar,401,44,49,0,494,0,1,10,0,11,401,45,59,0,505,0,0,0,505
02/23/2015,MDW,IL,AGL,CE,Towers with Radar,487,58,61,0,606,0,2,13,0,15,487,60,74,0,621,0,0,0,621
02/24/2015,MDW,IL,AGL,CE,Towers with Radar,475,79,81,2,637,0,1,5,5,11,475,80,86,7,648,0,0,0,648
02/25/2015,MDW,IL,AGL,CE,Towers with Radar,456,68,92,0,616,0,2,14,13,29,456,70,106,13,645,0,0,0,645
02/26/2015,MDW,IL,AGL,CE,Towers with Radar,441,70,80,1,592,0,2,12,10,24,441,72,92,11,616,0,0,0,616
02/27/2015,MDW,IL,AGL,CE,Towers with Radar,492,68,55,0,615,0,6,13,7,26,492,74,68,7,641,0,0,0,641
02/28/2015,MDW,IL,AGL,CE,Towers with Radar,379,25,36,0,440,0,0,14,0,14,379,25,50,0,454,0,0,0,454
03/01/2015,MDW,IL,AGL,CE,Towers with Radar,369,46,41,0,456,0,0,8,0,8,369,46,49,0,464,0,0,0,464
03/02/2015,MDW,IL,AGL,CE,Towers with Radar,482,73,108,0,663,0,3,20,4,27,482,76,128,4,690,0,0,0,690
03/03/2015,MDW,IL,AGL,CE,Towers with Radar,406,64,69,0,539,0,4,5,0,9,406,68,74,0,548,0,0,0,548
03/04/2015,MDW,IL,AGL,CE,Towers with Radar,477,64,77,0,618,0,10,5,14,29,477,74,82,14,647,0,0,0,647
03/05/2015,MDW,IL,AGL,CE,Towers with Radar,437,63,77,1,578,0,0,15,18,33,437,63,92,19,611,0,0,0,611
03/06/2015,MDW,IL,AGL,CE,Towers with Radar,493,63,75,5,636,0,7,31,10,48,493,70,106,15,684,0,0,0,684
03/07/2015,MDW,IL,AGL,CE,Towers with Radar,473,38,35,0,546,0,0,33,0,33,473,38,68,0,579,0,0,0,579
03/08/2015,MDW,IL,AGL,CE,Towers with Radar,501,51,59,2,613,0,6,17,1,24,501,57,76,3,637,0,0,0,637
03/09/2015,MDW,IL,AGL,CE,Towers with Radar,548,74,83,0,705,1,5,14,2,22,549,79,97,2,727,0,0,0,727
03/10/2015,MDW,IL,AGL,CE,Towers with Radar,501,85,128,0,714,0,0,8,4,12,501,85,136,4,726,0,0,0,726
03/11/2015,MDW,IL,AGL,CE,Towers with Radar,503,67,114,7,691,0,7,20,10,37,503,74,134,17,728,0,0,0,728
03/12/2015,MDW,IL,AGL,CE,Towers with Radar,545,65,107,0,717,0,7,30,24,61,545,72,137,24,778,0,0,0,778
03/13/2015,MDW,IL,AGL,CE,Towers with Radar,545,52,59,2,658,0,3,30,3,36,545,55,89,5,694,0,0,0,694
03/14/2015,MDW,IL,AGL,CE,Towers with Radar,480,43,31,0,554,1,6,36,0,43,481,49,67,0,597,0,0,0,597
03/15/2015,MDW,IL,AGL,CE,Towers with Radar,513,46,67,1,627,0,0,30,0,30,513,46,97,1,657,0,0,0,657
03/16/2015,MDW,IL,AGL,CE,Towers with Radar,547,53,83,1,684,0,7,16,9,32,547,60,99,10,716,0,0,0,716
03/17/2015,MDW,IL,AGL,CE,Towers with Radar,528,53,94,0,675,0,1,31,8,40,528,54,125,8,715,0,0,0,715
03/18/2015,MDW,IL,AGL,CE,Towers with Radar,539,64,67,0,670,1,6,36,16,59,540,70,103,16,729,0,0,0,729
03/19/2015,MDW,IL,AGL,CE,Towers with Radar,531,70,88,0,689,1,9,27,14,51,532,79,115,14,740,0,0,0,740
03/20/2015,MDW,IL,AGL,CE,Towers with Radar,517,51,52,2,622,0,5,24,1,30,517,56,76,3,652,0,0,0,652
03/21/2015,MDW,IL,AGL,CE,Towers with Radar,486,34,51,0,571,0,0,48,0,48,486,34,99,0,619,0,0,0,619
03/22/2015,MDW,IL,AGL,CE,Towers with Radar,503,46,65,0,614,0,0,19,1,20,503,46,84,1,634,0,0,0,634
03/23/2015,MDW,IL,AGL,CE,Towers with Radar,358,49,59,0,466,0,0,5,0,5,358,49,64,0,471,0,0,0,471
03/24/2015,MDW,IL,AGL,CE,Towers with Radar,529,73,91,2,695,0,6,11,8,25,529,79,102,10,720,0,0,0,720
03/25/2015,MDW,IL,AGL,CE,Towers with Radar,532,57,89,4,682,0,1,12,0,13,532,58,101,4,695,0,0,0,695
03/26/2015,MDW,IL,AGL,CE,Towers with Radar,533,69,84,0,686,0,1,35,11,47,533,70,119,11,733,0,0,0,733
03/27/2015,MDW,IL,AGL,CE,Towers with Radar,533,70,74,2,679,0,3,19,11,33,533,73,93,13,712,0,0,0,712
03/28/2015,MDW,IL,AGL,CE,Towers with Radar,488,24,52,0,564,0,0,31,12,43,488,24,83,12,607,0,0,0,607
03/29/2015,MDW,IL,AGL,CE,Towers with Radar,513,47,34,0,594,0,1,0,2,3,513,48,34,2,597,0,0,0,597
03/30/2015,MDW,IL,AGL,CE,Towers with Radar,539,76,77,2,694,0,8,9,3,20,539,84,86,5,714,0,0,0,714
03/31/2015,MDW,IL,AGL,CE,Towers with Radar,538,58,82,0,678,1,5,30,16,52,539,63,112,16,730,0,0,0,730
04/01/2015,MDW,IL,AGL,CE,Towers with Radar,539,55,76,2,672,0,8,35,19,62,539,63,111,21,734,0,0,0,734
04/02/2015,MDW,IL,AGL,CE,Towers with Radar,544,67,83,1,695,1,0,29,8,38,545,67,112,9,733,0,0,0,733
04/03/2015,MDW,IL,AGL,CE,Towers with Radar,535,40,56,0,631,0,0,23,6,29,535,40,79,6,660,0,0,0,660
04/04/2015,MDW,IL,AGL,CE,Towers with Radar,488,50,45,2,585,0,0,46,0,46,488,50,91,2,631,0,0,0,631
04/05/2015,MDW,IL,AGL,CE,Towers with Radar,501,52,59,0,612,0,5,15,1,21,501,57,74,1,633,0,0,0,633
04/06/2015,MDW,IL,AGL,CE,Towers with Radar,546,88,77,6,717,0,3,16,0,19,546,91,93,6,736,0,0,0,736
04/07/2015,MDW,IL,AGL,CE,Towers with Radar,538,68,84,0,690,0,0,4,0,4,538,68,88,0,694,0,0,0,694
04/08/2015,MDW,IL,AGL,CE,Towers with Radar,559,55,102,5,721,0,0,0,0,0,559,55,102,5,721,0,0,0,721
04/09/2015,MDW,IL,AGL,CE,Towers with Radar,477,61,73,3,614,0,0,0,2,2,477,61,73,5,616,0,0,0,616
04/10/2015,MDW,IL,AGL,CE,Towers with Radar,584,85,70,2,741,0,0,23,22,45,584,85,93,24,786,0,0,0,786
04/11/2015,MDW,IL,AGL,CE,Towers with Radar,441,39,37,1,518,0,9,44,14,67,441,48,81,15,585,0,0,0,585
04/12/2015,MDW,IL,AGL,CE,Towers with Radar,515,67,73,3,658,0,2,33,1,36,515,69,106,4,694,0,0,0,694
04/13/2015,MDW,IL,AGL,CE,Towers with Radar,561,78,99,0,738,0,4,14,3,21,561,82,113,3,759,0,0,0,759
04/14/2015,MDW,IL,AGL,CE,Towers with Radar,554,88,120,0,762,0,5,10,12,27,554,93,130,12,789,0,0,0,789
04/15/2015,MDW,IL,AGL,CE,Towers with Radar,555,64,103,0,722,0,13,28,12,53,555,77,131,12,775,0,0,0,775
04/16/2015,MDW,IL,AGL,CE,Towers with Radar,551,69,93,0,713,0,5,27,14,46,551,74,120,14,759,0,0,0,759
04/17/2015,MDW,IL,AGL,CE,Towers with Radar,553,66,88,3,710,0,11,42,2,55,553,77,130,5,765,0,0,0,765
04/18/2015,MDW,IL,AGL,CE,Towers with Radar,437,32,31,0,500,0,0,69,0,69,437,32,100,0,569,0,0,0,569
04/19/2015,MDW,IL,AGL,CE,Towers with Radar,518,57,78,2,655,0,2,13,0,15,518,59,91,2,670,0,0,0,670
04/20/2015,MDW,IL,AGL,CE,Towers with Radar,549,54,97,0,700,0,3,3,0,6,549,57,100,0,706,0,0,0,706
04/21/2015,MDW,IL,AGL,CE,Towers with Radar,549,72,98,0,719,0,6,11,4,21,549,78,109,4,740,0,0,0,740
04/22/2015,MDW,IL,AGL,CE,Towers with Radar,554,70,100,2,726,0,6,31,5,42,554,76,131,7,768,0,0,0,768
04/23/2015,MDW,IL,AGL,CE,Towers with Radar,556,69,134,2,761,0,5,29,8,42,556,74,163,10,803,0,0,0,803
04/24/2015,MDW,IL,AGL,CE,Towers with Radar,550,74,94,1,719,0,9,28,3,40,550,83,122,4,759,0,0,0,759
04/25/2015,MDW,IL,AGL,CE,Towers with Radar,435,33,35,0,503,0,3,7,0,10,435,36,42,0,513,0,0,0,513
04/26/2015,MDW,IL,AGL,CE,Towers with Radar,513,44,75,0,632,0,4,39,2,45,513,48,114,2,677,0,0,0,677
04/27/2015,MDW,IL,AGL,CE,Towers with Radar,550,87,93,0,730,0,5,29,3,37,550,92,122,3,767,0,0,0,767
04/28/2015,MDW,IL,AGL,CE,Towers with Radar,545,97,93,1,736,0,6,20,14,40,545,103,113,15,776,0,0,0,776
04/29/2015,MDW,IL,AGL,CE,Towers with Radar,553,81,98,0,732,0,7,41,11,59,553,88,139,11,791,0,0,0,791
04/30/2015,MDW,IL,AGL,CE,Towers with Radar,559,70,116,0,745,0,8,48,9,65,559,78,164,9,810,0,0,0,810
05/01/2015,MDW,IL,AGL,CE,Towers with Radar,560,87,123,0,770,1,5,31,14,51,561,92,154,14,821,0,0,0,821
05/02/2015,MDW,IL,AGL,CE,Towers with Radar,432,44,38,0,514,0,10,42,4,56,432,54,80,4,570,0,0,0,570
05/03/2015,MDW,IL,AGL,CE,Towers with Radar,517,72,71,2,662,0,5,25,2,32,517,77,96,4,694,0,0,0,694
05/04/2015,MDW,IL,AGL,CE,Towers with Radar,560,70,121,0,751,0,3,17,6,26,560,73,138,6,777,0,0,0,777
05/05/2015,MDW,IL,AGL,CE,Towers with Radar,551,84,155,0,790,0,0,0,0,0,551,84,155,0,790,0,0,0,790
05/06/2015,MDW,IL,AGL,CE,Towers with Radar,428,92,108,0,628,1,4,20,9,34,429,96,128,9,662,0,0,0,662
05/07/2015,MDW,IL,AGL,CE,Towers with Radar,564,91,145,1,801,0,17,59,7,83,564,108,204,8,884,0,0,0,884
05/08/2015,MDW,IL,AGL,CE,Towers with Radar,543,82,116,0,741,0,5,18,3,26,543,87,134,3,767,0,0,0,767
05/09/2015,MDW,IL,AGL,CE,Towers with Radar,443,40,34,0,517,0,0,3,0,3,443,40,37,0,520,0,0,0,520
05/10/2015,MDW,IL,AGL,CE,Towers with Radar,511,75,70,0,656,0,0,0,0,0,511,75,70,0,656,0,0,0,656
05/11/2015,MDW,IL,AGL,CE,Towers with Radar,549,80,117,2,748,0,3,10,0,13,549,83,127,2,761,0,0,0,761
05/12/2015,MDW,IL,AGL,CE,Towers with Radar,557,78,119,3,757,0,9,19,16,44,557,87,138,19,801,0,0,0,801
05/13/2015,MDW,IL,AGL,CE,Towers with Radar,562,87,138,1,788,0,8,43,14,65,562,95,181,15,853,0,0,0,853
05/14/2015,MDW,IL,AGL,CE,Towers with Radar,562,94,156,2,814,0,6,30,9,45,562,100,186,11,859,0,0,0,859
05/15/2015,MDW,IL,AGL,CE,Towers with Radar,562,97,126,4,789,0,13,20,10,43,562,110,146,14,832,0,0,0,832
05/16/2015,MDW,IL,AGL,CE,Towers with Radar,447,34,74,0,555,0,2,15,0,17,447,36,89,0,572,0,0,0,572
05/17/2015,MDW,IL,AGL,CE,Towers with Radar,509,51,92,0,652,0,3,11,3,17,509,54,103,3,669,0,0,0,669
05/18/2015,MDW,IL,AGL,CE,Towers with Radar,538,105,159,0,802,0,2,30,1,33,538,107,189,1,835,0,0,0,835
05/19/2015,MDW,IL,AGL,CE,Towers with Radar,562,95,137,1,795,0,13,26,13,52,562,108,163,14,847,0,0,0,847
05/20/2015,MDW,IL,AGL,CE,Towers with Radar,560,77,129,0,766,1,5,14,4,24,561,82,143,4,790,0,0,0,790
05/21/2015,MDW,IL,AGL,CE,Towers with Radar,558,119,111,2,790,1,9,41,10,61,559,128,152,12,851,0,0,0,851
05/22/2015,MDW,IL,AGL,CE,Towers with Radar,558,82,87,0,727,0,13,37,0,50,558,95,124,0,777,0,0,0,777
05/23/2015,MDW,IL,AGL,CE,Towers with Radar,417,27,24,0,468,0,1,48,0,49,417,28,72,0,517,0,0,0,517
05/24/2015,MDW,IL,AGL,CE,Towers with Radar,453,26,28,0,507,0,3,12,0,15,453,29,40,0,522,0,0,0,522
05/25/2015,MDW,IL,AGL,CE,Towers with Radar,503,58,38,0,599,0,1,11,0,12,503,59,49,0,611,0,0,0,611
05/26/2015,MDW,IL,AGL,CE,Towers with Radar,535,77,82,0,694,0,13,19,4,36,535,90,101,4,730,0,0,0,730
05/27/2015,MDW,IL,AGL,CE,Towers with Radar,565,74,110,0,749,0,9,38,2,49,565,83,148,2,798,0,0,0,798
05/28/2015,MDW,IL,AGL,CE,Towers with Radar,558,120,111,0,789,0,7,63,7,77,558,127,174,7,866,0,0,0,866
05/29/2015,MDW,IL,AGL,CE,Towers with Radar,559,72,91,0,722,0,5,31,2,38,559,77,122,2,760,0,0,0,760
05/30/2015,MDW,IL,AGL,CE,Towers with Radar,436,46,32,0,514,0,0,2,0,2,436,46,34,0,516,0,0,0,516
05/31/2015,MDW,IL,AGL,CE,Towers with Radar,498,63,62,1,624,0,6,11,1,18,498,69,73,2,642,0,0,0,642
06/01/2015,MDW,IL,AGL,CE,Towers with Radar,546,70,116,1,733,0,4,33,0,37,546,74,149,1,770,0,0,0,770
06/02/2015,MDW,IL,AGL,CE,Towers with Radar,549,93,123,0,765,0,5,48,6,59,549,98,171,6,824,0,0,0,824
06/03/2015,MDW,IL,AGL,CE,Towers with Radar,562,83,152,1,798,0,4,53,7,64,562,87,205,8,862,0,0,0,862
06/04/2015,MDW,IL,AGL,CE,Towers with Radar,557,101,134,0,792,0,6,32,6,44,557,107,166,6,836,0,0,0,836
06/05/2015,MDW,IL,AGL,CE,Towers with Radar,565,64,83,0,712,0,0,11,1,12,565,64,94,1,724,0,0,0,724
06/06/2015,MDW,IL,AGL,CE,Towers with Radar,438,40,52,1,531,0,4,56,2,62,438,44,108,3,593,0,0,0,593
06/07/2015,MDW,IL,AGL,CE,Towers with Radar,554,71,60,0,685,0,4,4,0,8,554,75,64,0,693,0,0,0,693
06/08/2015,MDW,IL,AGL,CE,Towers with Radar,532,79,124,2,737,0,2,29,0,31,532,81,153,2,768,0,0,0,768
06/09/2015,MDW,IL,AGL,CE,Towers with Radar,598,71,151,2,822,0,16,49,0,65,598,87,200,2,887,0,0,0,887
06/10/2015,MDW,IL,AGL,CE,Towers with Radar,577,103,169,0,849,0,6,34,6,46,577,109,203,6,895,0,0,0,895
06/11/2015,MDW,IL,AGL,CE,Towers with Radar,565,104,166,1,836,0,6,18,1,25,565,110,184,2,861,0,0,0,861
06/12/2015,MDW,IL,AGL,CE,Towers with Radar,594,85,100,6,785,0,0,0,0,0,594,85,100,6,785,0,0,0,785
06/13/2015,MDW,IL,AGL,CE,Towers with Radar,499,45,50,0,594,0,3,23,0,26,499,48,73,0,620,0,0,0,620
06/14/2015,MDW,IL,AGL,CE,Towers with Radar,593,76,81,5,755,0,2,21,3,26,593,78,102,8,781,0,0,0,781
06/15/2015,MDW,IL,AGL,CE,Towers with Radar,500,96,127,0,723,0,4,7,4,15,500,100,134,4,738,0,0,0,738
06/16/2015,MDW,IL,AGL,CE,Towers with Radar,609,105,148,0,862,1,7,33,7,48,610,112,181,7,910,0,0,0,910
06/17/2015,MDW,IL,AGL,CE,Towers with Radar,604,84,151,0,839,0,10,15,2,27,604,94,166,2,866,0,0,0,866
06/18/2015,MDW,IL,AGL,CE,Towers with Radar,606,110,128,2,846,0,10,29,11,50,606,120,157,13,896,0,0,0,896
06/19/2015,MDW,IL,AGL,CE,Towers with Radar,603,52,106,0,761,0,3,38,3,44,603,55,144,3,805,0,0,0,805
06/20/2015,MDW,IL,AGL,CE,Towers with Radar,500,30,39,0,569,0,3,48,0,51,500,33,87,0,620,0,0,0,620
06/21/2015,MDW,IL,AGL,CE,Towers with Radar,577,65,77,0,719,1,2,42,0,45,578,67,119,0,764,0,0,0,764
06/22/2015,MDW,IL,AGL,CE,Towers with Radar,513,94,117,0,724,0,0,9,0,9,513,94,126,0,733,0,0,0,733
06/23/2015,MDW,IL,AGL,CE,Towers with Radar,583,95,135,0,813,0,11,57,2,70,583,106,192,2,883,0,0,0,883
06/24/2015,MDW,IL,AGL,CE,Towers with Radar,611,100,128,0,839,0,9,16,4,29,611,109,144,4,868,0,0,0,868
06/25/2015,MDW,IL,AGL,CE,Towers with Radar,599,71,141,0,811,0,3,19,0,22,599,74,160,0,833,0,0,0,833
06/26/2015,MDW,IL,AGL,CE,Towers with Radar,601,61,99,0,761,0,0,2,0,2,601,61,101,0,763,0,0,0,763
06/27/2015,MDW,IL,AGL,CE,Towers with Radar,522,26,32,0,580,0,0,33,0,33,522,26,65,0,613,0,0,0,613
06/28/2015,MDW,IL,AGL,CE,Towers with Radar,561,50,50,0,661,0,3,27,0,30,561,53,77,0,691,0,0,0,691
06/29/2015,MDW,IL,AGL,CE,Towers with Radar,597,79,74,0,750,1,7,16,0,24,598,86,90,0,774,0,0,0,774
06/30/2015,MDW,IL,AGL,CE,Towers with Radar,583,74,73,0,730,0,4,10,0,14,583,78,83,0,744,0,0,0,744
07/01/2015,MDW,IL,AGL,CE,Towers with Radar,600,55,73,1,729,0,28,24,5,57,600,83,97,6,786,0,0,0,786
07/02/2015,MDW,IL,AGL,CE,Towers with Radar,606,83,97,0,786,0,3,38,0,41,606,86,135,0,827,0,0,0,827
07/03/2015,MDW,IL,AGL,CE,Towers with Radar,567,57,62,0,686,0,9,46,2,57,567,66,108,2,743,0,0,0,743
07/04/2015,MDW,IL,AGL,CE,Towers with Radar,411,27,31,0,469,0,4,34,0,38,411,31,65,0,507,0,0,0,507
07/05/2015,MDW,IL,AGL,CE,Towers with Radar,571,79,72,0,722,0,0,33,0,33,571,79,105,0,755,0,0,0,755
07/06/2015,MDW,IL,AGL,CE,Towers with Radar,588,78,96,0,762,0,1,15,0,16,588,79,111,0,778,0,0,0,778
07/07/2015,MDW,IL,AGL,CE,Towers with Radar,622,70,79,1,772,0,3,16,6,25,622,73,95,7,797,0,0,0,797
07/08/2015,MDW,IL,AGL,CE,Towers with Radar,605,74,90,2,771,0,4,9,2,15,605,78,99,4,786,0,0,0,786
07/09/2015,MDW,IL,AGL,CE,Towers with Radar,607,85,95,0,787,0,2,36,4,42,607,87,131,4,829,0,0,0,829
07/10/2015,MDW,IL,AGL,CE,Towers with Radar,609,73,81,2,765,0,9,38,5,52,609,82,119,7,817,0,0,0,817
07/11/2015,MDW,IL,AGL,CE,Towers with Radar,525,32,44,0,601,0,2,28,0,30,525,34,72,0,631,0,0,0,631
07/12/2015,MDW,IL,AGL,CE,Towers with Radar,574,61,80,2,717,0,3,12,5,20,574,64,92,7,737,0,0,0,737
07/13/2015,MDW,IL,AGL,CE,Towers with Radar,525,78,88,0,691,0,1,7,0,8,525,79,95,0,699,0,0,0,699
07/14/2015,MDW,IL,AGL,CE,Towers with Radar,572,63,134,1,770,0,5,33,9,47,572,68,167,10,817,0,0,0,817
07/15/2015,MDW,IL,AGL,CE,Towers with Radar,619,82,109,0,810,0,12,46,9,67,619,94,155,9,877,0,0,0,877
07/16/2015,MDW,IL,AGL,CE,Towers with Radar,586,94,114,0,794,0,1,25,10,36,586,95,139,10,830,0,0,0,830
07/17/2015,MDW,IL,AGL,CE,Towers with Radar,616,64,99,0,779,0,1,32,2,35,616,65,131,2,814,0,0,0,814
07/18/2015,MDW,IL,AGL,CE,Towers with Radar,511,41,44,1,597,0,1,59,0,60,511,42,103,1,657,0,0,0,657
07/19/2015,MDW,IL,AGL,CE,Towers with Radar,574,75,71,2,722,0,6,54,5,65,574,81,125,7,787,0,0,0,787
07/20/2015,MDW,IL,AGL,CE,Towers with Radar,608,80,99,2,789,0,10,37,7,54,608,90,136,9,843,0,0,0,843
07/21/2015,MDW,IL,AGL,CE,Towers with Radar,597,69,104,0,770,0,3,49,3,55,597,72,153,3,825,0,0,0,825
07/22/2015,MDW,IL,AGL,CE,Towers with Radar,610,63,150,2,825,0,2,46,4,52,610,65,196,6,877,0,0,0,877
07/23/2015,MDW,IL,AGL,CE,Towers with Radar,610,86,109,1,806,0,7,37,7,51,610,93,146,8,857,0,0,0,857
07/24/2015,MDW,IL,AGL,CE,Towers with Radar,604,75,82,2,763,0,6,63,1,70,604,81,145,3,833,0,0,0,833
07/25/2015,MDW,IL,AGL,CE,Towers with Radar,533,41,33,2,609,0,4,66,2,72,533,45,99,4,681,0,0,0,681
07/26/2015,MDW,IL,AGL,CE,Towers with Radar,570,84,67,0,721,0,9,36,3,48,570,93,103,3,769,0,0,0,769
07/27/2015,MDW,IL,AGL,CE,Towers with Radar,604,73,73,2,752,0,10,34,7,51,604,83,107,9,803,0,0,0,803
07/28/2015,MDW,IL,AGL,CE,Towers with Radar,595,63,99,0,757,0,10,33,12,55,595,73,132,12,812,0,0,0,812
07/29/2015,MDW,IL,AGL,CE,Towers with Radar,602,87,99,0,788,0,6,35,9,50,602,93,134,9,838,0,0,0,838
07/30/2015,MDW,IL,AGL,CE,Towers with Radar,600,76,147,0,823,0,9,42,10,61,600,85,189,10,884,0,0,0,884
07/31/2015,MDW,IL,AGL,CE,Towers with Radar,623,91,95,0,809,0,6,37,1,44,623,97,132,1,853,0,0,0,853
08/01/2015,MDW,IL,AGL,CE,Towers with Radar,518,48,33,3,602,0,0,53,10,63,518,48,86,13,665,0,0,0,665
08/02/2015,MDW,IL,AGL,CE,Towers with Radar,540,75,56,1,672,0,4,32,0,36,540,79,88,1,708,0,0,0,708
08/03/2015,MDW,IL,AGL,CE,Towers with Radar,634,87,106,2,829,0,2,29,1,32,634,89,135,3,861,0,0,0,861
08/04/2015,MDW,IL,AGL,CE,Towers with Radar,604,85,87,0,776,0,7,33,6,46,604,92,120,6,822,0,0,0,822
08/05/2015,MDW,IL,AGL,CE,Towers with Radar,604,78,109,0,791,0,20,21,7,48,604,98,130,7,839,0,0,0,839
08/06/2015,MDW,IL,AGL,CE,Towers with Radar,605,77,107,0,789,0,5,34,4,43,605,82,141,4,832,0,0,0,832
08/07/2015,MDW,IL,AGL,CE,Towers with Radar,605,67,62,0,734,0,6,33,1,40,605,73,95,1,774,0,0,0,774
08/08/2015,MDW,IL,AGL,CE,Towers with Radar,517,38,44,0,599,0,0,59,1,60,517,38,103,1,659,0,0,0,659
08/09/2015,MDW,IL,AGL,CE,Towers with Radar,537,72,55,0,664,0,3,14,1,18,537,75,69,1,682,0,0,0,682
08/10/2015,MDW,IL,AGL,CE,Towers with Radar,534,64,74,0,672,0,3,12,0,15,534,67,86,0,687,0,0,0,687
08/11/2015,MDW,IL,AGL,CE,Towers with Radar,560,90,108,0,758,0,5,46,8,59,560,95,154,8,817,0,0,0,817
08/12/2015,MDW,IL,AGL,CE,Towers with Radar,569,73,98,2,742,0,5,45,7,57,569,78,143,9,799,0,0,0,799
08/13/2015,MDW,IL,AGL,CE,Towers with Radar,559,105,119,1,784,0,4,34,10,48,559,109,153,11,832,0,0,0,832
08/14/2015,MDW,IL,AGL,CE,Towers with Radar,566,58,67,0,691,0,17,66,2,85,566,75,133,2,776,0,0,0,776
08/15/2015,MDW,IL,AGL,CE,Towers with Radar,469,40,32,0,541,0,0,42,2,44,469,40,74,2,585,0,0,0,585
08/16/2015,MDW,IL,AGL,CE,Towers with Radar,522,67,64,0,653,0,7,24,2,33,522,74,88,2,686,0,0,0,686
08/17/2015,MDW,IL,AGL,CE,Towers with Radar,572,70,95,0,737,0,3,25,2,30,572,73,120,2,767,0,0,0,767
08/18/2015,MDW,IL,AGL,CE,Towers with Radar,555,63,89,0,707,0,0,16,4,20,555,63,105,4,727,0,0,0,727
08/19/2015,MDW,IL,AGL,CE,Towers with Radar,570,70,111,0,751,0,0,26,2,28,570,70,137,2,779,0,0,0,779
08/20/2015,MDW,IL,AGL,CE,Towers with Radar,551,75,120,0,746,0,4,37,7,48,551,79,157,7,794,0,0,0,794
08/21/2015,MDW,IL,AGL,CE,Towers with Radar,573,68,94,2,737,0,9,63,5,77,573,77,157,7,814,0,0,0,814
08/22/2015,MDW,IL,AGL,CE,Towers with Radar,458,21,36,0,515,0,0,47,0,47,458,21,83,0,562,0,0,0,562
08/23/2015,MDW,IL,AGL,CE,Towers with Radar,526,51,77,2,656,0,1,14,0,15,526,52,91,2,671,0,0,0,671
08/24/2015,MDW,IL,AGL,CE,Towers with Radar,564,67,78,0,709,1,4,24,0,29,565,71,102,0,738,0,0,0,738
08/25/2015,MDW,IL,AGL,CE,Towers with Radar,559,56,89,2,706,0,8,19,6,33,559,64,108,8,739,0,0,0,739
08/26/2015,MDW,IL,AGL,CE,Towers with Radar,566,50,102,0,718,0,4,20,6,30,566,54,122,6,748,0,0,0,748
08/27/2015,MDW,IL,AGL,CE,Towers with Radar,566,89,82,2,739,0,5,47,2,54,566,94,129,4,793,0,0,0,793
08/28/2015,MDW,IL,AGL,CE,Towers with Radar,562,59,84,2,707,0,2,42,3,47,562,61,126,5,754,0,0,0,754
08/29/2015,MDW,IL,AGL,CE,Towers with Radar,459,31,32,0,522,0,0,4,0,4,459,31,36,0,526,0,0,0,526
08/30/2015,MDW,IL,AGL,CE,Towers with Radar,519,58,64,0,641,0,1,31,0,32,519,59,95,0,673,0,0,0,673
08/31/2015,MDW,IL,AGL,CE,Towers with Radar,569,59,72,0,700,0,2,25,0,27,569,61,97,0,727,0,0,0,727
09/01/2015,MDW,IL,AGL,CE,Towers with Radar,562,53,84,0,699,0,2,21,4,27,562,55,105,4,726,0,0,0,726
09/02/2015,MDW,IL,AGL,CE,Towers with Radar,563,83,111,0,757,0,1,31,6,38,563,84,142,6,795,0,0,0,795
09/03/2015,MDW,IL,AGL,CE,Towers with Radar,562,86,102,0,750,0,8,31,11,50,562,94,133,11,800,0,0,0,800
09/04/2015,MDW,IL,AGL,CE,Towers with Radar,562,69,91,2,724,0,2,44,0,46,562,71,135,2,770,0,0,0,770
09/05/2015,MDW,IL,AGL,CE,Towers with Radar,392,32,39,0,463,0,0,35,0,35,392,32,74,0,498,0,0,0,498
09/06/2015,MDW,IL,AGL,CE,Towers with Radar,436,32,46,0,514,0,3,55,0,58,436,35,101,0,572,0,0,0,572
09/07/2015,MDW,IL,AGL,CE,Towers with Radar,505,80,77,0,662,0,6,34,0,40,505,86,111,0,702,0,0,0,702
09/08/2015,MDW,IL,AGL,CE,Towers with Radar,546,73,77,0,696,0,5,18,9,32,546,78,95,9,728,0,0,0,728
09/09/2015,MDW,IL,AGL,CE,Towers with Radar,554,71,111,2,738,0,13,26,11,50,554,84,137,13,788,0,0,0,788
09/10/2015,MDW,IL,AGL,CE,Towers with Radar,540,72,122,0,734,0,4,28,12,44,540,76,150,12,778,0,0,0,778
09/11/2015,MDW,IL,AGL,CE,Towers with Radar,546,52,92,0,690,0,2,16,10,28,546,54,108,10,718,0,0,0,718
09/12/2015,MDW,IL,AGL,CE,Towers with Radar,439,34,53,0,526,1,2,65,0,68,440,36,118,0,594,0,0,0,594
09/13/2015,MDW,IL,AGL,CE,Towers with Radar,524,66,81,0,671,0,2,31,4,37,524,68,112,4,708,0,0,0,708
09/14/2015,MDW,IL,AGL,CE,Towers with Radar,552,78,121,0,751,0,4,25,6,35,552,82,146,6,786,0,0,0,786
09/15/2015,MDW,IL,AGL,CE,Towers with Radar,550,105,158,1,814,0,4,29,13,46,550,109,187,14,860,0,0,0,860
09/16/2015,MDW,IL,AGL,CE,Towers with Radar,560,92,142,0,794,0,6,36,4,46,560,98,178,4,840,0,0,0,840
09/17/2015,MDW,IL,AGL,CE,Towers with Radar,561,104,183,3,851,0,5,34,3,42,561,109,217,6,893,0,0,0,893
09/18/2015,MDW,IL,AGL,CE,Towers with Radar,559,81,136,1,777,0,0,12,0,12,559,81,148,1,789,0,0,0,789
09/19/2015,MDW,IL,AGL,CE,Towers with Radar,459,54,59,1,573,0,3,52,0,55,459,57,111,1,628,0,0,0,628
09/20/2015,MDW,IL,AGL,CE,Towers with Radar,523,72,102,0,697,0,2,55,0,57,523,74,157,0,754,0,0,0,754
09/21/2015,MDW,IL,AGL,CE,Towers with Radar,556,77,94,0,727,0,2,28,1,31,556,79,122,1,758,0,0,0,758
09/22/2015,MDW,IL,AGL,CE,Towers with Radar,553,78,77,0,708,0,2,37,0,39,553,80,114,0,747,0,0,0,747
09/23/2015,MDW,IL,AGL,CE,Towers with Radar,548,84,70,0,702,1,2,31,0,34,549,86,101,0,736,0,0,0,736
09/24/2015,MDW,IL,AGL,CE,Towers with Radar,555,95,103,2,755,0,5,29,1,35,555,100,132,3,790,0,0,0,790
09/25/2015,MDW,IL,AGL,CE,Towers with Radar,548,90,108,2,748,0,0,30,0,30,548,90,138,2,778,0,0,0,778
09/26/2015,MDW,IL,AGL,CE,Towers with Radar,456,41,44,0,541,0,3,61,0,64,456,44,105,0,605,0,0,0,605
09/27/2015,MDW,IL,AGL,CE,Towers with Radar,522,54,108,2,686,0,2,28,0,30,522,56,136,2,716,0,0,0,716
09/28/2015,MDW,IL,AGL,CE,Towers with Radar,560,87,93,0,740,0,4,27,2,33,560,91,120,2,773,0,0,0,773
09/29/2015,MDW,IL,AGL,CE,Towers with Radar,545,83,129,0,757,0,3,11,0,14,545,86,140,0,771,0,0,0,771
09/30/2015,MDW,IL,AGL,CE,Towers with Radar,556,99,125,0,780,0,2,51,0,53,556,101,176,0,833,0,0,0,833
10/01/2015,MDW,IL,AGL,CE,Towers with Radar,562,106,118,0,786,0,2,29,0,31,562,108,147,0,817,0,0,0,817
10/02/2015,MDW,IL,AGL,CE,Towers with Radar,549,85,103,2,739,0,0,8,0,8,549,85,111,2,747,0,0,0,747
10/03/2015,MDW,IL,AGL,CE,Towers with Radar,452,44,47,0,543,0,2,14,0,16,452,46,61,0,559,0,0,0,559
10/04/2015,MDW,IL,AGL,CE,Towers with Radar,515,71,76,0,662,0,0,19,0,19,515,71,95,0,681,0,0,0,681
10/05/2015,MDW,IL,AGL,CE,Towers with Radar,552,69,89,0,710,0,0,2,0,2,552,69,91,0,712,0,0,0,712
10/06/2015,MDW,IL,AGL,CE,Towers with Radar,555,112,120,0,787,0,4,20,0,24,555,116,140,0,811,0,0,0,811
10/07/2015,MDW,IL,AGL,CE,Towers with Radar,557,89,133,0,779,0,4,36,0,40,557,93,169,0,819,0,0,0,819
10/08/2015,MDW,IL,AGL,CE,Towers with Radar,556,82,140,0,778,1,0,27,0,28,557,82,167,0,806,0,0,0,806
10/09/2015,MDW,IL,AGL,CE,Towers with Radar,547,84,86,0,717,0,2,31,0,33,547,86,117,0,750,0,0,0,750
10/10/2015,MDW,IL,AGL,CE,Towers with Radar,459,52,77,0,588,0,1,63,0,64,459,53,140,0,652,0,0,0,652
10/11/2015,MDW,IL,AGL,CE,Towers with Radar,516,71,86,0,673,0,3,58,1,62,516,74,144,1,735,0,0,0,735
10/12/2015,MDW,IL,AGL,CE,Towers with Radar,563,88,156,0,807,0,10,28,0,38,563,98,184,0,845,0,0,0,845
10/13/2015,MDW,IL,AGL,CE,Towers with Radar,554,73,166,1,794,0,7,24,1,32,554,80,190,2,826,0,0,0,826
10/14/2015,MDW,IL,AGL,CE,Towers with Radar,556,117,151,0,824,0,4,32,0,36,556,121,183,0,860,0,0,0,860
10/15/2015,MDW,IL,AGL,CE,Towers with Radar,559,66,127,1,753,1,5,31,2,39,560,71,158,3,792,0,0,0,792
10/16/2015,MDW,IL,AGL,CE,Towers with Radar,546,87,107,1,741,0,4,32,0,36,546,91,139,1,777,0,0,0,777
10/17/2015,MDW,IL,AGL,CE,Towers with Radar,449,37,49,0,535,0,5,45,12,62,449,42,94,12,597,0,0,0,597
10/18/2015,MDW,IL,AGL,CE,Towers with Radar,512,79,115,1,707,0,4,46,6,56,512,83,161,7,763,0,0,0,763
10/19/2015,MDW,IL,AGL,CE,Towers with Radar,568,90,79,0,737,0,0,2,0,2,568,90,81,0,739,0,0,0,739
10/20/2015,MDW,IL,AGL,CE,Towers with Radar,553,86,105,0,744,0,2,21,0,23,553,88,126,0,767,0,0,0,767
10/21/2015,MDW,IL,AGL,CE,Towers with Radar,554,97,116,3,770,0,8,28,6,42,554,105,144,9,812,0,0,0,812
10/22/2015,MDW,IL,AGL,CE,Towers with Radar,557,86,137,0,780,0,9,32,7,48,557,95,169,7,828,0,0,0,828
10/23/2015,MDW,IL,AGL,CE,Towers with Radar,549,69,125,2,745,0,1,26,2,29,549,70,151,4,774,0,0,0,774
10/24/2015,MDW,IL,AGL,CE,Towers with Radar,466,29,53,0,548,0,0,24,0,24,466,29,77,0,572,0,0,0,572
10/25/2015,MDW,IL,AGL,CE,Towers with Radar,515,55,117,1,688,0,3,31,2,36,515,58,148,3,724,0,0,0,724
10/26/2015,MDW,IL,AGL,CE,Towers with Radar,559,78,84,1,722,0,4,26,0,30,559,82,110,1,752,0,0,0,752
10/27/2015,MDW,IL,AGL,CE,Towers with Radar,544,39,50,2,635,0,0,6,4,10,544,39,56,6,645,0,0,0,645
10/28/2015,MDW,IL,AGL,CE,Towers with Radar,543,54,80,2,679,0,0,2,0,2,543,54,82,2,681,0,0,0,681
10/29/2015,MDW,IL,AGL,CE,Towers with Radar,548,94,117,2,761,0,8,20,11,39,548,102,137,13,800,0,0,0,800
10/30/2015,MDW,IL,AGL,CE,Towers with Radar,543,77,89,0,709,0,1,31,0,32,543,78,120,0,741,0,0,0,741
10/31/2015,MDW,IL,AGL,CE,Towers with Radar,408,41,14,0,463,0,0,16,0,16,408,41,30,0,479,0,0,0,479
11/01/2015,MDW,IL,AGL,CE,Towers with Radar,483,70,62,0,615,0,5,30,0,35,483,75,92,0,650,0,0,0,650
11/02/2015,MDW,IL,AGL,CE,Towers with Radar,525,65,85,1,676,0,4,20,0,24,525,69,105,1,700,0,0,0,700
11/03/2015,MDW,IL,AGL,CE,Towers with Radar,514,82,105,0,701,0,4,25,10,39,514,86,130,10,740,0,0,0,740
11/04/2015,MDW,IL,AGL,CE,Towers with Radar,500,79,132,1,712,0,4,18,4,26,500,83,150,5,738,0,0,0,738
11/05/2015,MDW,IL,AGL,CE,Towers with Radar,526,79,121,1,727,0,5,16,6,27,526,84,137,7,754,0,0,0,754
11/06/2015,MDW,IL,AGL,CE,Towers with Radar,521,75,100,0,696,1,1,25,9,36,522,76,125,9,732,0,0,0,732
11/07/2015,MDW,IL,AGL,CE,Towers with Radar,430,32,48,0,510,0,1,35,10,46,430,33,83,10,556,0,0,0,556
11/08/2015,MDW,IL,AGL,CE,Towers with Radar,483,78,111,0,672,0,1,27,2,30,483,79,138,2,702,0,0,0,702
11/09/2015,MDW,IL,AGL,CE,Towers with Radar,520,93,140,0,753,0,4,25,2,31,520,97,165,2,784,0,0,0,784
11/10/2015,MDW,IL,AGL,CE,Towers with Radar,510,88,181,2,781,1,6,27,5,39,511,94,208,7,820,0,0,0,820
11/11/2015,MDW,IL,AGL,CE,Towers with Radar,484,88,133,0,705,0,2,3,0,5,484,90,136,0,710,0,0,0,710
11/12/2015,MDW,IL,AGL,CE,Towers with Radar,551,66,95,0,712,0,0,1,0,1,551,66,96,0,713,0,0,0,713
11/13/2015,MDW,IL,AGL,CE,Towers with Radar,516,90,107,0,713,0,1,7,4,12,516,91,114,4,725,0,0,0,725
11/14/2015,MDW,IL,AGL,CE,Towers with Radar,424,41,41,0,506,0,0,40,0,40,424,41,81,0,546,0,0,0,546
11/15/2015,MDW,IL,AGL,CE,Towers with Radar,481,67,66,0,614,2,1,40,0,43,483,68,106,0,657,0,0,0,657
11/16/2015,MDW,IL,AGL,CE,Towers with Radar,523,98,96,0,717,0,5,8,0,13,523,103,104,0,730,0,0,0,730
11/17/2015,MDW,IL,AGL,CE,Towers with Radar,507,85,139,0,731,0,2,7,0,9,507,87,146,0,740,0,0,0,740
11/18/2015,MDW,IL,AGL,CE,Towers with Radar,521,78,147,0,746,0,1,4,4,9,521,79,151,4,755,0,0,0,755
11/19/2015,MDW,IL,AGL,CE,Towers with Radar,522,85,116,2,725,0,2,15,10,27,522,87,131,12,752,0,0,0,752
11/20/2015,MDW,IL,AGL,CE,Towers with Radar,522,89,123,0,734,0,2,14,0,16,522,91,137,0,750,0,0,0,750
11/21/2015,MDW,IL,AGL,CE,Towers with Radar,206,34,37,0,277,0,0,16,0,16,206,34,53,0,293,0,0,0,293
11/22/2015,MDW,IL,AGL,CE,Towers with Radar,478,56,75,0,609,0,3,19,0,22,478,59,94,0,631,0,0,0,631
11/23/2015,MDW,IL,AGL,CE,Towers with Radar,510,73,72,0,655,0,2,24,1,27,510,75,96,1,682,0,0,0,682
11/24/2015,MDW,IL,AGL,CE,Towers with Radar,549,84,88,0,721,0,5,29,0,34,549,89,117,0,755,0,0,0,755
11/25/2015,MDW,IL,AGL,CE,Towers with Radar,565,63,60,0,688,0,4,18,0,22,565,67,78,0,710,0,0,0,710
11/26/2015,MDW,IL,AGL,CE,Towers with Radar,313,17,11,0,341,0,1,0,0,1,313,18,11,0,342,0,0,0,342
11/27/2015,MDW,IL,AGL,CE,Towers with Radar,395,31,27,0,453,0,0,0,0,0,395,31,27,0,453,0,0,0,453
11/28/2015,MDW,IL,AGL,CE,Towers with Radar,519,40,34,0,593,0,0,42,0,42,519,40,76,0,635,0,0,0,635
11/29/2015,MDW,IL,AGL,CE,Towers with Radar,588,77,88,0,753,0,1,24,0,25,588,78,112,0,778,0,0,0,778
11/30/2015,MDW,IL,AGL,CE,Towers with Radar,578,73,61,0,712,0,2,5,0,7,578,75,66,0,719,0,0,0,719
12/01/2015,MDW,IL,AGL,CE,Towers with Radar,520,68,103,0,691,0,4,11,8,23,520,72,114,8,714,0,0,0,714
12/02/2015,MDW,IL,AGL,CE,Towers with Radar,496,80,115,0,691,0,2,8,0,10,496,82,123,0,701,0,0,0,701
12/03/2015,MDW,IL,AGL,CE,Towers with Radar,518,67,116,10,711,0,0,7,2,9,518,67,123,12,720,0,0,0,720
12/04/2015,MDW,IL,AGL,CE,Towers with Radar,524,76,77,0,677,0,2,24,0,26,524,78,101,0,703,0,0,0,703
12/05/2015,MDW,IL,AGL,CE,Towers with Radar,391,40,49,0,480,0,0,17,0,17,391,40,66,0,497,0,0,0,497
12/06/2015,MDW,IL,AGL,CE,Towers with Radar,474,71,70,0,615,0,1,22,0,23,474,72,92,0,638,0,0,0,638
12/07/2015,MDW,IL,AGL,CE,Towers with Radar,420,80,69,0,569,0,0,0,0,0,420,80,69,0,569,0,0,0,569
12/08/2015,MDW,IL,AGL,CE,Towers with Radar,510,90,101,1,702,0,5,9,8,22,510,95,110,9,724,0,0,0,724
12/09/2015,MDW,IL,AGL,CE,Towers with Radar,501,90,113,0,704,1,4,20,2,27,502,94,133,2,731,0,0,0,731
12/10/2015,MDW,IL,AGL,CE,Towers with Radar,509,84,121,0,714,0,3,21,6,30,509,87,142,6,744,0,0,0,744
12/11/2015,MDW,IL,AGL,CE,Towers with Radar,504,79,121,0,704,0,1,21,2,24,504,80,142,2,728,0,0,0,728
12/12/2015,MDW,IL,AGL,CE,Towers with Radar,335,20,41,0,396,0,1,0,0,1,335,21,41,0,397,0,0,0,397
12/13/2015,MDW,IL,AGL,CE,Towers with Radar,460,63,67,0,590,0,0,0,0,0,460,63,67,0,590,0,0,0,590
12/14/2015,MDW,IL,AGL,CE,Towers with Radar,517,92,92,0,701,0,10,0,2,12,517,102,92,2,713,0,0,0,713
12/15/2015,MDW,IL,AGL,CE,Towers with Radar,515,66,113,0,694,0,2,13,9,24,515,68,126,9,718,0,0,0,718
12/16/2015,MDW,IL,AGL,CE,Towers with Radar,520,71,130,0,721,0,0,0,2,2,520,71,130,2,723,0,0,0,723
12/17/2015,MDW,IL,AGL,CE,Towers with Radar,516,78,107,1,702,1,3,23,4,31,517,81,130,5,733,0,0,0,733
12/18/2015,MDW,IL,AGL,CE,Towers with Radar,519,83,93,4,699,0,5,34,2,41,519,88,127,6,740,0,0,0,740
12/19/2015,MDW,IL,AGL,CE,Towers with Radar,432,51,39,0,522,0,0,21,0,21,432,51,60,0,543,0,0,0,543
12/20/2015,MDW,IL,AGL,CE,Towers with Radar,461,47,39,0,547,0,4,21,0,25,461,51,60,0,572,0,0,0,572
12/21/2015,MDW,IL,AGL,CE,Towers with Radar,496,55,39,0,590,0,0,3,0,3,496,55,42,0,593,0,0,0,593
12/22/2015,MDW,IL,AGL,CE,Towers with Radar,501,49,50,2,602,0,0,0,0,0,501,49,50,2,602,0,0,0,602
12/23/2015,MDW,IL,AGL,CE,Towers with Radar,530,59,47,0,636,0,0,1,0,1,530,59,48,0,637,0,0,0,637
12/24/2015,MDW,IL,AGL,CE,Towers with Radar,419,27,16,0,462,0,1,22,0,23,419,28,38,0,485,0,0,0,485
12/25/2015,MDW,IL,AGL,CE,Towers with Radar,388,32,9,0,429,0,3,13,0,16,388,35,22,0,445,0,0,0,445
12/26/2015,MDW,IL,AGL,CE,Towers with Radar,497,57,36,0,590,0,0,2,0,2,497,57,38,0,592,0,0,0,592
12/27/2015,MDW,IL,AGL,CE,Towers with Radar,543,57,48,0,648,0,0,12,0,12,543,57,60,0,660,0,0,0,660
12/28/2015,MDW,IL,AGL,CE,Towers with Radar,184,42,8,0,234,0,0,0,0,0,184,42,8,0,234,0,0,0,234
12/29/2015,MDW,IL,AGL,CE,Towers with Radar,486,72,43,0,601,0,3,20,0,23,486,75,63,0,624,0,0,0,624
12/30/2015,MDW,IL,AGL,CE,Towers with Radar,489,52,27,0,568,0,8,18,0,26,489,60,45,0,594,0,0,0,594
12/31/2015,MDW,IL,AGL,CE,Towers with Radar,404,39,21,0,464,0,0,32,0,32,404,39,53,0,496,0,0,0,496
01/01/2016,MDW,IL,AGL,CE,Towers with Radar,376,30,10,0,416,0,2,24,0,26,376,32,34,0,442,0,0,0,442
01/02/2016,MDW,IL,AGL,CE,Towers with Radar,509,62,47,0,618,0,2,19,0,21,509,64,66,0,639,0,0,0,639
01/03/2016,MDW,IL,AGL,CE,Towers with Radar,538,62,88,0,688,0,3,13,0,16,538,65,101,0,704,0,0,0,704
01/04/2016,MDW,IL,AGL,CE,Towers with Radar,500,78,38,0,616,0,4,3,0,7,500,82,41,0,623,0,0,0,623
01/05/2016,MDW,IL,AGL,CE,Towers with Radar,502,47,56,1,606,0,5,23,7,35,502,52,79,8,641,0,0,0,641
01/06/2016,MDW,IL,AGL,CE,Towers with Radar,484,31,59,0,574,0,3,21,2,26,484,34,80,2,600,0,0,0,600
01/07/2016,MDW,IL,AGL,CE,Towers with Radar,483,57,64,0,604,0,1,23,14,38,483,58,87,14,642,0,0,0,642
01/08/2016,MDW,IL,AGL,CE,Towers with Radar,490,53,48,0,591,0,0,0,0,0,490,53,48,0,591,0,0,0,591
01/09/2016,MDW,IL,AGL,CE,Towers with Radar,357,36,32,0,425,0,0,0,0,0,357,36,32,0,425,0,0,0,425
01/10/2016,MDW,IL,AGL,CE,Towers with Radar,415,45,32,0,492,0,4,7,2,13,415,49,39,2,505,0,0,0,505
01/11/2016,MDW,IL,AGL,CE,Towers with Radar,472,63,62,0,597,0,0,7,0,7,472,63,69,0,604,0,0,0,604
01/12/2016,MDW,IL,AGL,CE,Towers with Radar,502,58,83,0,643,0,2,9,0,11,502,60,92,0,654,0,0,0,654
01/13/2016,MDW,IL,AGL,CE,Towers with Radar,489,43,90,0,622,0,3,8,3,14,489,46,98,3,636,0,0,0,636
01/14/2016,MDW,IL,AGL,CE,Towers with Radar,496,83,82,0,661,0,12,20,13,45,496,95,102,13,706,0,0,0,706
01/15/2016,MDW,IL,AGL,CE,Towers with Radar,486,68,79,0,633,0,1,1,0,2,486,69,80,0,635,0,0,0,635
01/16/2016,MDW,IL,AGL,CE,Towers with Radar,374,31,27,0,432,0,7,23,0,30,374,38,50,0,462,0,0,0,462
01/17/2016,MDW,IL,AGL,CE,Towers with Radar,407,40,38,2,487,0,1,4,0,5,407,41,42,2,492,0,0,0,492
01/18/2016,MDW,IL,AGL,CE,Towers with Radar,491,73,73,0,637,0,0,11,0,11,491,73,84,0,648,0,0,0,648
01/19/2016,MDW,IL,AGL,CE,Towers with Radar,494,80,86,0,660,0,8,9,11,28,494,88,95,11,688,0,0,0,688
01/20/2016,MDW,IL,AGL,CE,Towers with Radar,492,67,63,0,622,0,6,8,4,18,492,73,71,4,640,0,0,0,640
01/21/2016,MDW,IL,AGL,CE,Towers with Radar,483,59,69,0,611,0,1,27,12,40,483,60,96,12,651,0,0,0,651
01/22/2016,MDW,IL,AGL,CE,Towers with Radar,426,51,60,0,537,0,0,15,0,15,426,51,75,0,552,0,0,0,552
01/23/2016,MDW,IL,AGL,CE,Towers with Radar,317,30,28,0,375,0,5,47,0,52,317,35,75,0,427,0,0,0,427
01/24/2016,MDW,IL,AGL,CE,Towers with Radar,362,56,39,0,457,0,1,15,0,16,362,57,54,0,473,0,0,0,473
01/25/2016,MDW,IL,AGL,CE,Towers with Radar,485,57,68,0,610,0,2,1,0,3,485,59,69,0,613,0,0,0,613
01/26/2016,MDW,IL,AGL,CE,Towers with Radar,485,53,63,2,603,0,1,8,9,18,485,54,71,11,621,0,0,0,621
01/27/2016,MDW,IL,AGL,CE,Towers with Radar,485,62,69,0,616,0,3,24,15,42,485,65,93,15,658,0,0,0,658
01/28/2016,MDW,IL,AGL,CE,Towers with Radar,485,84,67,0,636,0,1,32,8,41,485,85,99,8,677,0,0,0,677
01/29/2016,MDW,IL,AGL,CE,Towers with Radar,487,69,56,0,612,1,4,27,0,32,488,73,83,0,644,0,0,0,644
01/30/2016,MDW,IL,AGL,CE,Towers with Radar,370,30,22,0,422,0,3,30,1,34,370,33,52,1,456,0,0,0,456
01/31/2016,MDW,IL,AGL,CE,Towers with Radar,415,49,50,0,514,0,1,5,0,6,415,50,55,0,520,0,0,0,520
02/01/2016,MDW,IL,AGL,CE,Towers with Radar,488,78,59,0,625,0,2,19,0,21,488,80,78,0,646,0,0,0,646
02/02/2016,MDW,IL,AGL,CE,Towers with Radar,466,66,60,0,592,0,0,0,0,0,466,66,60,0,592,0,0,0,592
02/03/2016,MDW,IL,AGL,CE,Towers with Radar,470,48,94,0,612,0,2,16,4,22,470,50,110,4,634,0,0,0,634
02/04/2016,MDW,IL,AGL,CE,Towers with Radar,482,87,70,1,640,0,2,30,13,45,482,89,100,14,685,0,0,0,685
02/05/2016,MDW,IL,AGL,CE,Towers with Radar,471,85,56,0,612,0,2,18,4,24,471,87,74,4,636,0,0,0,636
02/06/2016,MDW,IL,AGL,CE,Towers with Radar,374,36,31,0,441,0,2,45,0,47,374,38,76,0,488,0,0,0,488
02/07/2016,MDW,IL,AGL,CE,Towers with Radar,366,43,37,0,446,0,9,24,0,33,366,52,61,0,479,0,0,0,479
02/08/2016,MDW,IL,AGL,CE,Towers with Radar,481,66,75,0,622,0,8,10,1,19,481,74,85,1,641,0,0,0,641
02/09/2016,MDW,IL,AGL,CE,Towers with Radar,494,74,72,0,640,0,1,3,6,10,494,75,75,6,650,0,0,0,650
02/10/2016,MDW,IL,AGL,CE,Towers with Radar,492,56,98,4,650,0,6,16,10,32,492,62,114,14,682,0,0,0,682
02/11/2016,MDW,IL,AGL,CE,Towers with Radar,489,74,76,0,639,0,2,28,12,42,489,76,104,12,681,0,0,0,681
02/12/2016,MDW,IL,AGL,CE,Towers with Radar,473,69,62,0,604,0,1,20,0,21,473,70,82,0,625,0,0,0,625
02/13/2016,MDW,IL,AGL,CE,Towers with Radar,388,32,34,0,454,0,2,70,0,72,388,34,104,0,526,0,0,0,526
02/14/2016,MDW,IL,AGL,CE,Towers with Radar,328,28,22,0,378,0,0,2,0,2,328,28,24,0,380,0,0,0,380
02/15/2016,MDW,IL,AGL,CE,Towers with Radar,482,74,97,2,655,0,0,0,0,0,482,74,97,2,655,0,0,0,655
02/16/2016,MDW,IL,AGL,CE,Towers with Radar,487,64,80,0,631,0,0,4,4,8,487,64,84,4,639,0,0,0,639
02/17/2016,MDW,IL,AGL,CE,Towers with Radar,480,74,91,0,645,0,1,34,10,45,480,75,125,10,690,0,0,0,690
02/18/2016,MDW,IL,AGL,CE,Towers with Radar,488,69,90,2,649,0,0,21,18,39,488,69,111,20,688,0,0,0,688
02/19/2016,MDW,IL,AGL,CE,Towers with Radar,511,57,77,0,645,0,4,3,0,7,511,61,80,0,652,0,0,0,652
02/20/2016,MDW,IL,AGL,CE,Towers with Radar,384,27,31,0,442,0,5,45,8,58,384,32,76,8,500,0,0,0,500
02/21/2016,MDW,IL,AGL,CE,Towers with Radar,417,58,42,0,517,0,3,26,2,31,417,61,68,2,548,0,0,0,548
02/22/2016,MDW,IL,AGL,CE,Towers with Radar,491,66,68,1,626,0,7,21,0,28,491,73,89,1,654,0,0,0,654
02/23/2016,MDW,IL,AGL,CE,Towers with Radar,489,76,77,1,643,0,1,10,6,17,489,77,87,7,660,0,0,0,660
02/24/2016,MDW,IL,AGL,CE,Towers with Radar,147,42,48,0,237,0,0,0,0,0,147,42,48,0,237,0,0,0,237
02/25/2016,MDW,IL,AGL,CE,Towers with Radar,497,69,92,1,659,0,2,19,5,26,497,71,111,6,685,0,0,0,685
02/26/2016,MDW,IL,AGL,CE,Towers with Radar,488,81,59,0,628,0,0,22,1,23,488,81,81,1,651,0,0,0,651
02/27/2016,MDW,IL,AGL,CE,Towers with Radar,386,24,33,0,443,0,1,31,0,32,386,25,64,0,475,0,0,0,475
02/28/2016,MDW,IL,AGL,CE,Towers with Radar,428,46,41,0,515,0,0,7,1,8,428,46,48,1,523,0,0,0,523
02/29/2016,MDW,IL,AGL,CE,Towers with Radar,490,76,45,0,611,0,10,5,1,16,490,86,50,1,627,0,0,0,627
03/01/2016,MDW,IL,AGL,CE,Towers with Radar,417,40,83,2,542,0,1,3,8,12,417,41,86,10,554,0,0,0,554
03/02/2016,MDW,IL,AGL,CE,Towers with Radar,492,67,77,0,636,0,0,8,4,12,492,67,85,4,648,0,0,0,648
03/03/2016,MDW,IL,AGL,CE,Towers with Radar,479,73,74,0,626,0,0,2,0,2,479,73,76,0,628,0,0,0,628
03/04/2016,MDW,IL,AGL,CE,Towers with Radar,500,58,73,5,636,0,1,19,6,26,500,59,92,11,662,0,0,0,662
03/05/2016,MDW,IL,AGL,CE,Towers with Radar,389,27,17,0,433,0,0,21,3,24,389,27,38,3,457,0,0,0,457
03/06/2016,MDW,IL,AGL,CE,Towers with Radar,421,65,76,3,565,0,0,27,4,31,421,65,103,7,596,0,0,0,596
03/07/2016,MDW,IL,AGL,CE,Towers with Radar,498,65,79,0,642,0,1,12,0,13,498,66,91,0,655,0,0,0,655
03/08/2016,MDW,IL,AGL,CE,Towers with Radar,492,67,62,0,621,0,2,21,10,33,492,69,83,10,654,0,0,0,654
03/09/2016,MDW,IL,AGL,CE,Towers with Radar,489,71,66,2,628,0,0,7,0,7,489,71,73,2,635,0,0,0,635
03/10/2016,MDW,IL,AGL,CE,Towers with Radar,530,77,113,1,721,0,2,30,14,46,530,79,143,15,767,0,0,0,767
03/11/2016,MDW,IL,AGL,CE,Towers with Radar,532,56,65,0,653,0,6,35,0,41,532,62,100,0,694,0,0,0,694
03/12/2016,MDW,IL,AGL,CE,Towers with Radar,462,29,24,0,515,2,1,45,0,48,464,30,69,0,563,0,0,0,563
03/13/2016,MDW,IL,AGL,CE,Towers with Radar,382,55,65,0,502,0,1,0,0,1,382,56,65,0,503,0,0,0,503
03/14/2016,MDW,IL,AGL,CE,Towers with Radar,434,61,75,0,570,0,0,8,0,8,434,61,83,0,578,0,0,0,578
03/15/2016,MDW,IL,AGL,CE,Towers with Radar,532,66,89,0,687,0,0,2,0,2,532,66,91,0,689,0,0,0,689
03/16/2016,MDW,IL,AGL,CE,Towers with Radar,557,57,91,0,705,0,0,6,2,8,557,57,97,2,713,0,0,0,713
03/17/2016,MDW,IL,AGL,CE,Towers with Radar,529,68,86,1,684,0,6,17,12,35,529,74,103,13,719,0,0,0,719
03/18/2016,MDW,IL,AGL,CE,Towers with Radar,535,65,67,0,667,0,8,33,2,43,535,73,100,2,710,0,0,0,710
03/19/2016,MDW,IL,AGL,CE,Towers with Radar,461,31,32,2,526,0,5,36,0,41,461,36,68,2,567,0,0,0,567
03/20/2016,MDW,IL,AGL,CE,Towers with Radar,499,37,43,0,579,0,2,25,1,28,499,39,68,1,607,0,0,0,607
03/21/2016,MDW,IL,AGL,CE,Towers with Radar,539,57,64,0,660,0,2,18,0,20,539,59,82,0,680,0,0,0,680
03/22/2016,MDW,IL,AGL,CE,Towers with Radar,532,50,60,0,642,0,0,20,9,29,532,50,80,9,671,0,0,0,671
03/23/2016,MDW,IL,AGL,CE,Towers with Radar,520,73,80,1,674,0,1,19,5,25,520,74,99,6,699,0,0,0,699
03/24/2016,MDW,IL,AGL,CE,Towers with Radar,530,50,79,0,659,0,3,0,0,3,530,53,79,0,662,0,0,0,662
03/25/2016,MDW,IL,AGL,CE,Towers with Radar,529,65,91,0,685,0,5,36,2,43,529,70,127,2,728,0,0,0,728
03/26/2016,MDW,IL,AGL,CE,Towers with Radar,462,46,59,0,567,0,5,38,0,43,462,51,97,0,610,0,0,0,610
03/27/2016,MDW,IL,AGL,CE,Towers with Radar,512,55,68,0,635,0,0,5,0,5,512,55,73,0,640,0,0,0,640
03/28/2016,MDW,IL,AGL,CE,Towers with Radar,530,69,66,0,665,0,0,23,1,24,530,69,89,1,689,0,0,0,689
03/29/2016,MDW,IL,AGL,CE,Towers with Radar,538,59,66,0,663,2,5,23,18,48,540,64,89,18,711,0,0,0,711
03/30/2016,MDW,IL,AGL,CE,Towers with Radar,521,55,82,1,659,0,2,5,9,16,521,57,87,10,675,0,0,0,675
03/31/2016,MDW,IL,AGL,CE,Towers with Radar,534,73,79,0,686,0,1,5,14,20,534,74,84,14,706,0,0,0,706
04/01/2016,MDW,IL,AGL,CE,Towers with Radar,535,56,48,0,639,0,4,13,0,17,535,60,61,0,656,0,0,0,656
04/02/2016,MDW,IL,AGL,CE,Towers with Radar,460,43,49,0,552,0,7,4,0,11,460,50,53,0,563,0,0,0,563
04/03/2016,MDW,IL,AGL,CE,Towers with Radar,507,73,58,0,638,0,9,15,0,24,507,82,73,0,662,0,0,0,662
04/04/2016,MDW,IL,AGL,CE,Towers with Radar,527,63,69,0,659,0,2,13,0,15,527,65,82,0,674,0,0,0,674
04/05/2016,MDW,IL,AGL,CE,Towers with Radar,531,78,104,0,713,0,2,25,14,41,531,80,129,14,754,0,0,0,754
04/06/2016,MDW,IL,AGL,CE,Towers with Radar,534,63,79,1,677,0,0,0,3,3,534,63,79,4,680,0,0,0,680
04/07/2016,MDW,IL,AGL,CE,Towers with Radar,540,57,77,3,677,0,1,12,12,25,540,58,89,15,702,0,0,0,702
04/08/2016,MDW,IL,AGL,CE,Towers with Radar,538,67,65,2,672,0,0,3,0,3,538,67,68,2,675,0,0,0,675
04/09/2016,MDW,IL,AGL,CE,Towers with Radar,462,41,42,2,547,0,0,44,0,44,462,41,86,2,591,0,0,0,591
04/10/2016,MDW,IL,AGL,CE,Towers with Radar,511,33,45,0,589,0,0,4,1,5,511,33,49,1,594,0,0,0,594
04/11/2016,MDW,IL,AGL,CE,Towers with Radar,531,63,81,0,675,0,11,35,3,49,531,74,116,3,724,0,0,0,724
04/12/2016,MDW,IL,AGL,CE,Towers with Radar,539,46,91,2,678,0,2,32,10,44,539,48,123,12,722,0,0,0,722
04/13/2016,MDW,IL,AGL,CE,Towers with Radar,557,76,84,1,718,0,7,25,9,41,557,83,109,10,759,0,0,0,759
04/14/2016,MDW,IL,AGL,CE,Towers with Radar,547,81,100,2,730,0,6,48,14,68,547,87,148,16,798,0,0,0,798
04/15/2016,MDW,IL,AGL,CE,Towers with Radar,545,56,69,0,670,0,5,69,22,96,545,61,138,22,766,0,0,0,766
04/16/2016,MDW,IL,AGL,CE,Towers with Radar,428,37,21,0,486,0,8,59,4,71,428,45,80,4,557,0,0,0,557
04/17/2016,MDW,IL,AGL,CE,Towers with Radar,502,73,62,0,637,0,6,35,12,53,502,79,97,12,690,0,0,0,690
04/18/2016,MDW,IL,AGL,CE,Towers with Radar,546,89,110,2,747,0,0,37,3,40,546,89,147,5,787,0,0,0,787
04/19/2016,MDW,IL,AGL,CE,Towers with Radar,545,86,122,0,753,0,3,34,7,44,545,89,156,7,797,0,0,0,797
04/20/2016,MDW,IL,AGL,CE,Towers with Radar,546,85,112,1,744,0,1,42,6,49,546,86,154,7,793,0,0,0,793
04/21/2016,MDW,IL,AGL,CE,Towers with Radar,549,68,85,1,703,0,2,17,6,25,549,70,102,7,728,0,0,0,728
04/22/2016,MDW,IL,AGL,CE,Towers with Radar,552,59,97,2,710,0,2,13,0,15,552,61,110,2,725,0,0,0,725
04/23/2016,MDW,IL,AGL,CE,Towers with Radar,440,39,25,0,504,0,4,45,0,49,440,43,70,0,553,0,0,0,553
04/24/2016,MDW,IL,AGL,CE,Towers with Radar,514,52,72,0,638,0,5,39,0,44,514,57,111,0,682,0,0,0,682
04/25/2016,MDW,IL,AGL,CE,Towers with Radar,522,88,89,0,699,0,2,18,2,22,522,90,107,2,721,0,0,0,721
04/26/2016,MDW,IL,AGL,CE,Towers with Radar,541,101,113,4,759,0,3,6,3,12,541,104,119,7,771,0,0,0,771
04/27/2016,MDW,IL,AGL,CE,Towers with Radar,548,79,85,0,712,0,4,11,0,15,548,83,96,0,727,0,0,0,727
04/28/2016,MDW,IL,AGL,CE,Towers with Radar,544,85,136,0,765,0,0,2,0,2,544,85,138,0,767,0,0,0,767
04/29/2016,MDW,IL,AGL,CE,Towers with Radar,545,72,107,3,727,0,0,38,1,39,545,72,145,4,766,0,0,0,766
04/30/2016,MDW,IL,AGL,CE,Towers with Radar,439,39,36,0,514,0,3,9,0,12,439,42,45,0,526,0,0,0,526
05/01/2016,MDW,IL,AGL,CE,Towers with Radar,509,65,73,0,647,0,0,0,0,0,509,65,73,0,647,0,0,0,647
05/02/2016,MDW,IL,AGL,CE,Towers with Radar,543,77,90,2,712,0,6,28,0,34,543,83,118,2,746,0,0,0,746
05/03/2016,MDW,IL,AGL,CE,Towers with Radar,544,78,105,0,727,0,6,16,15,37,544,84,121,15,764,0,0,0,764
05/04/2016,MDW,IL,AGL,CE,Towers with Radar,539,85,128,3,755,0,7,21,11,39,539,92,149,14,794,0,0,0,794
05/05/2016,MDW,IL,AGL,CE,Towers with Radar,553,99,134,0,786,0,2,22,16,40,553,101,156,16,826,0,0,0,826
05/06/2016,MDW,IL,AGL,CE,Towers with Radar,546,67,109,0,722,0,13,33,4,50,546,80,142,4,772,0,0,0,772
05/07/2016,MDW,IL,AGL,CE,Towers with Radar,434,39,59,0,532,0,2,61,0,63,434,41,120,0,595,0,0,0,595
05/08/2016,MDW,IL,AGL,CE,Towers with Radar,512,67,73,0,652,0,0,48,0,48,512,67,121,0,700,0,0,0,700
05/09/2016,MDW,IL,AGL,CE,Towers with Radar,550,79,102,0,731,0,2,13,4,19,550,81,115,4,750,0,0,0,750
05/10/2016,MDW,IL,AGL,CE,Towers with Radar,554,101,132,0,787,0,0,0,0,0,554,101,132,0,787,0,0,0,787
05/11/2016,MDW,IL,AGL,CE,Towers with Radar,452,100,100,1,653,0,6,7,8,21,452,106,107,9,674,0,0,0,674
05/12/2016,MDW,IL,AGL,CE,Towers with Radar,548,93,117,0,758,0,4,14,14,32,548,97,131,14,790,0,0,0,790
05/13/2016,MDW,IL,AGL,CE,Towers with Radar,554,68,77,1,700,0,4,21,17,42,554,72,98,18,742,0,0,0,742
05/14/2016,MDW,IL,AGL,CE,Towers with Radar,444,46,48,0,538,0,2,7,22,31,444,48,55,22,569,0,0,0,569
05/15/2016,MDW,IL,AGL,CE,Towers with Radar,511,74,61,0,646,0,4,23,12,39,511,78,84,12,685,0,0,0,685
05/16/2016,MDW,IL,AGL,CE,Towers with Radar,549,79,116,0,744,0,5,24,1,30,549,84,140,1,774,0,0,0,774
05/17/2016,MDW,IL,AGL,CE,Towers with Radar,550,77,103,1,731,0,4,24,15,43,550,81,127,16,774,0,0,0,774
05/18/2016,MDW,IL,AGL,CE,Towers with Radar,550,73,130,1,754,0,10,32,7,49,550,83,162,8,803,0,0,0,803
05/19/2016,MDW,IL,AGL,CE,Towers with Radar,548,96,107,0,751,0,17,30,19,66,548,113,137,19,817,0,0,0,817
05/20/2016,MDW,IL,AGL,CE,Towers with Radar,547,90,115,0,752,0,6,23,0,29,547,96,138,0,781,0,0,0,781
05/21/2016,MDW,IL,AGL,CE,Towers with Radar,444,35,41,2,522,0,4,23,2,29,444,39,64,4,551,0,0,0,551
05/22/2016,MDW,IL,AGL,CE,Towers with Radar,515,78,79,0,672,0,6,17,2,25,515,84,96,2,697,0,0,0,697
05/23/2016,MDW,IL,AGL,CE,Towers with Radar,553,79,117,0,749,0,5,33,0,38,553,84,150,0,787,0,0,0,787
05/24/2016,MDW,IL,AGL,CE,Towers with Radar,544,85,160,0,789,0,2,24,11,37,544,87,184,11,826,0,0,0,826
05/25/2016,MDW,IL,AGL,CE,Towers with Radar,528,75,100,0,703,0,3,17,13,33,528,78,117,13,736,0,0,0,736
05/26/2016,MDW,IL,AGL,CE,Towers with Radar,531,95,121,5,752,0,2,17,15,34,531,97,138,20,786,0,0,0,786
05/27/2016,MDW,IL,AGL,CE,Towers with Radar,556,91,88,4,739,0,9,13,0,22,556,100,101,4,761,0,0,0,761
05/28/2016,MDW,IL,AGL,CE,Towers with Radar,451,40,38,1,530,0,1,20,0,21,451,41,58,1,551,0,0,0,551
05/29/2016,MDW,IL,AGL,CE,Towers with Radar,439,35,51,2,527,0,7,26,0,33,439,42,77,2,560,0,0,0,560
05/30/2016,MDW,IL,AGL,CE,Towers with Radar,499,60,44,1,604,0,4,22,2,28,499,64,66,3,632,0,0,0,632
05/31/2016,MDW,IL,AGL,CE,Towers with Radar,519,82,74,1,676,0,1,17,6,24,519,83,91,7,700,0,0,0,700
06/01/2016,MDW,IL,AGL,CE,Towers with Radar,540,96,82,4,722,0,7,9,5,21,540,103,91,9,743,0,0,0,743
06/02/2016,MDW,IL,AGL,CE,Towers with Radar,550,88,105,2,745,0,3,29,11,43,550,91,134,13,788,0,0,0,788
06/03/2016,MDW,IL,AGL,CE,Towers with Radar,551,58,73,1,683,0,6,23,4,33,551,64,96,5,716,0,0,0,716
06/04/2016,MDW,IL,AGL,CE,Towers with Radar,451,41,32,0,524,1,2,12,4,19,452,43,44,4,543,0,0,0,543
06/05/2016,MDW,IL,AGL,CE,Towers with Radar,562,58,70,2,692,0,0,23,1,24,562,58,93,3,716,0,0,0,716
06/06/2016,MDW,IL,AGL,CE,Towers with Radar,589,70,84,1,744,0,8,16,0,24,589,78,100,1,768,0,0,0,768
06/07/2016,MDW,IL,AGL,CE,Towers with Radar,596,98,120,0,814,0,9,16,4,29,596,107,136,4,843,0,0,0,843
06/08/2016,MDW,IL,AGL,CE,Towers with Radar,596,102,145,0,843,0,6,38,4,48,596,108,183,4,891,0,0,0,891
06/09/2016,MDW,IL,AGL,CE,Towers with Radar,588,79,126,0,793,0,3,17,0,20,588,82,143,0,813,0,0,0,813
06/10/2016,MDW,IL,AGL,CE,Towers with Radar,589,85,126,0,800,0,4,15,1,20,589,89,141,1,820,0,0,0,820
06/11/2016,MDW,IL,AGL,CE,Towers with Radar,532,53,50,0,635,0,2,17,4,23,532,55,67,4,658,0,0,0,658
06/12/2016,MDW,IL,AGL,CE,Towers with Radar,553,88,96,0,737,0,1,18,4,23,553,89,114,4,760,0,0,0,760
06/13/2016,MDW,IL,AGL,CE,Towers with Radar,592,111,118,0,821,0,5,17,2,24,592,116,135,2,845,0,0,0,845
06/14/2016,MDW,IL,AGL,CE,Towers with Radar,536,93,123,0,752,0,5,25,0,30,536,98,148,0,782,0,0,0,782
06/15/2016,MDW,IL,AGL,CE,Towers with Radar,597,122,134,0,853,0,2,26,2,30,597,124,160,2,883,0,0,0,883
06/16/2016,MDW,IL,AGL,CE,Towers with Radar,585,108,128,8,829,0,6,27,4,37,585,114,155,12,866,0,0,0,866
06/17/2016,MDW,IL,AGL,CE,Towers with Radar,595,85,86,0,766,0,1,28,0,29,595,86,114,0,795,0,0,0,795
06/18/2016,MDW,IL,AGL,CE,Towers with Radar,526,41,54,1,622,0,10,31,2,43,526,51,85,3,665,0,0,0,665
06/19/2016,MDW,IL,AGL,CE,Towers with Radar,564,76,92,0,732,0,4,13,2,19,564,80,105,2,751,0,0,0,751
06/20/2016,MDW,IL,AGL,CE,Towers with Radar,587,96,123,3,809,0,2,33,2,37,587,98,156,5,846,0,0,0,846
06/21/2016,MDW,IL,AGL,CE,Towers with Radar,547,89,143,0,779,0,3,41,0,44,547,92,184,0,823,0,0,0,823
06/22/2016,MDW,IL,AGL,CE,Towers with Radar,512,84,164,0,760,0,1,7,1,9,512,85,171,1,769,0,0,0,769
06/23/2016,MDW,IL,AGL,CE,Towers with Radar,606,92,167,1,866,0,4,25,2,31,606,96,192,3,897,0,0,0,897
06/24/2016,MDW,IL,AGL,CE,Towers with Radar,601,71,83,0,755,0,7,21,4,32,601,78,104,4,787,0,0,0,787
06/25/2016,MDW,IL,AGL,CE,Towers with Radar,525,34,43,0,602,0,1,27,0,28,525,35,70,0,630,0,0,0,630
06/26/2016,MDW,IL,AGL,CE,Towers with Radar,546,53,70,0,669,0,4,24,1,29,546,57,94,1,698,0,0,0,698
06/27/2016,MDW,IL,AGL,CE,Towers with Radar,597,63,99,0,759,0,0,31,1,32,597,63,130,1,791,0,0,0,791
06/28/2016,MDW,IL,AGL,CE,Towers with Radar,578,69,113,2,762,0,6,28,6,40,578,75,141,8,802,0,0,0,802
06/29/2016,MDW,IL,AGL,CE,Towers with Radar,590,72,98,0,760,0,5,51,7,63,590,77,149,7,823,0,0,0,823
06/30/2016,MDW,IL,AGL,CE,Towers with Radar,589,86,91,0,766,0,7,29,6,42,589,93,120,6,808,0,0,0,808
07/01/2016,MDW,IL,AGL,CE,Towers with Radar,568,87,112,0,767,0,6,30,4,40,568,93,142,4,807,0,0,0,807
07/02/2016,MDW,IL,AGL,CE,Towers with Radar,539,28,41,0,608,0,1,19,0,20,539,29,60,0,628,0,0,0,628
07/03/2016,MDW,IL,AGL,CE,Towers with Radar,455,30,26,0,511,0,9,20,0,29,455,39,46,0,540,0,0,0,540
07/04/2016,MDW,IL,AGL,CE,Towers with Radar,526,42,19,0,587,0,3,24,2,29,526,45,43,2,616,0,0,0,616
07/05/2016,MDW,IL,AGL,CE,Towers with Radar,579,92,73,0,744,0,1,36,0,37,579,93,109,0,781,0,0,0,781
07/06/2016,MDW,IL,AGL,CE,Towers with Radar,589,60,70,0,719,0,16,24,8,48,589,76,94,8,767,0,0,0,767
07/07/2016,MDW,IL,AGL,CE,Towers with Radar,578,62,70,0,710,0,2,26,8,36,578,64,96,8,746,0,0,0,746
07/08/2016,MDW,IL,AGL,CE,Towers with Radar,576,72,73,0,721,0,2,40,8,50,576,74,113,8,771,0,0,0,771
07/09/2016,MDW,IL,AGL,CE,Towers with Radar,530,38,31,0,599,0,1,24,12,37,530,39,55,12,636,0,0,0,636
07/10/2016,MDW,IL,AGL,CE,Towers with Radar,568,62,64,0,694,0,1,25,2,28,568,63,89,2,722,0,0,0,722
07/11/2016,MDW,IL,AGL,CE,Towers with Radar,588,77,87,0,752,0,7,35,0,42,588,84,122,0,794,0,0,0,794
07/12/2016,MDW,IL,AGL,CE,Towers with Radar,591,79,105,0,775,0,7,28,8,43,591,86,133,8,818,0,0,0,818
07/13/2016,MDW,IL,AGL,CE,Towers with Radar,500,71,93,0,664,0,6,15,2,23,500,77,108,2,687,0,0,0,687
07/14/2016,MDW,IL,AGL,CE,Towers with Radar,624,85,127,0,836,0,9,25,12,46,624,94,152,12,882,0,0,0,882
07/15/2016,MDW,IL,AGL,CE,Towers with Radar,592,48,85,0,725,0,7,24,0,31,592,55,109,0,756,0,0,0,756
07/16/2016,MDW,IL,AGL,CE,Towers with Radar,524,41,51,0,616,0,2,27,0,29,524,43,78,0,645,0,0,0,645
07/17/2016,MDW,IL,AGL,CE,Towers with Radar,544,58,46,0,648,0,2,20,2,24,544,60,66,2,672,0,0,0,672
07/18/2016,MDW,IL,AGL,CE,Towers with Radar,596,70,81,0,747,0,9,27,0,36,596,79,108,0,783,0,0,0,783
07/19/2016,MDW,IL,AGL,CE,Towers with Radar,591,87,130,0,808,0,5,30,6,41,591,92,160,6,849,0,0,0,849
07/20/2016,MDW,IL,AGL,CE,Towers with Radar,483,74,124,0,681,0,9,40,9,58,483,83,164,9,739,0,0,0,739
07/21/2016,MDW,IL,AGL,CE,Towers with Radar,432,108,122,0,662,0,3,31,9,43,432,111,153,9,705,0,0,0,705
07/22/2016,MDW,IL,AGL,CE,Towers with Radar,550,80,133,2,765,0,0,17,0,17,550,80,150,2,782,0,0,0,782
07/23/2016,MDW,IL,AGL,CE,Towers with Radar,504,30,61,0,595,0,1,12,0,13,504,31,73,0,608,0,0,0,608
07/24/2016,MDW,IL,AGL,CE,Towers with Radar,540,80,95,0,715,0,0,22,0,22,540,80,117,0,737,0,0,0,737
07/25/2016,MDW,IL,AGL,CE,Towers with Radar,586,103,121,0,810,0,11,33,1,45,586,114,154,1,855,0,0,0,855
07/26/2016,MDW,IL,AGL,CE,Towers with Radar,597,83,88,4,772,0,3,32,9,44,597,86,120,13,816,0,0,0,816
07/27/2016,MDW,IL,AGL,CE,Towers with Radar,585,95,151,0,831,0,3,42,1,46,585,98,193,1,877,0,0,0,877
07/28/2016,MDW,IL,AGL,CE,Towers with Radar,517,97,125,1,740,0,3,11,2,16,517,100,136,3,756,0,0,0,756
07/29/2016,MDW,IL,AGL,CE,Towers with Radar,590,108,85,3,786,0,2,18,0,20,590,110,103,3,806,0,0,0,806
07/30/2016,MDW,IL,AGL,CE,Towers with Radar,506,58,72,1,637,0,1,14,0,15,506,59,86,1,652,0,0,0,652
07/31/2016,MDW,IL,AGL,CE,Towers with Radar,545,87,70,5,707,0,4,30,0,34,545,91,100,5,741,0,0,0,741
08/01/2016,MDW,IL,AGL,CE,Towers with Radar,583,93,108,0,784,0,1,17,1,19,583,94,125,1,803,0,0,0,803
08/02/2016,MDW,IL,AGL,CE,Towers with Radar,582,78,81,1,742,0,4,15,8,27,582,82,96,9,769,0,0,0,769
08/03/2016,MDW,IL,AGL,CE,Towers with Radar,585,82,82,1,750,0,3,15,3,21,585,85,97,4,771,0,0,0,771
08/04/2016,MDW,IL,AGL,CE,Towers with Radar,581,86,104,0,771,0,7,29,10,46,581,93,133,10,817,0,0,0,817
08/05/2016,MDW,IL,AGL,CE,Towers with Radar,593,74,74,0,741,0,5,39,0,44,593,79,113,0,785,0,0,0,785
08/06/2016,MDW,IL,AGL,CE,Towers with Radar,515,41,35,0,591,0,0,14,0,14,515,41,49,0,605,0,0,0,605
08/07/2016,MDW,IL,AGL,CE,Towers with Radar,526,82,75,0,683,0,8,23,0,31,526,90,98,0,714,0,0,0,714
08/08/2016,MDW,IL,AGL,CE,Towers with Radar,543,88,74,0,705,0,7,33,0,40,543,95,107,0,745,0,0,0,745
08/09/2016,MDW,IL,AGL,CE,Towers with Radar,543,80,99,1,723,0,12,23,11,46,543,92,122,12,769,0,0,0,769
08/10/2016,MDW,IL,AGL,CE,Towers with Radar,548,74,110,0,732,0,10,31,4,45,548,84,141,4,777,0,0,0,777
08/11/2016,MDW,IL,AGL,CE,Towers with Radar,549,80,114,1,744,0,3,32,13,48,549,83,146,14,792,0,0,0,792
08/12/2016,MDW,IL,AGL,CE,Towers with Radar,551,75,94,2,722,0,2,1,0,3,551,77,95,2,725,0,0,0,725
08/13/2016,MDW,IL,AGL,CE,Towers with Radar,464,63,53,0,580,0,2,22,0,24,464,65,75,0,604,0,0,0,604
08/14/2016,MDW,IL,AGL,CE,Towers with Radar,513,87,59,2,661,0,1,26,4,31,513,88,85,6,692,0,0,0,692
08/15/2016,MDW,IL,AGL,CE,Towers with Radar,547,83,74,0,704,0,7,6,0,13,547,90,80,0,717,0,0,0,717
08/16/2016,MDW,IL,AGL,CE,Towers with Radar,532,80,112,0,724,0,2,31,10,43,532,82,143,10,767,0,0,0,767
08/17/2016,MDW,IL,AGL,CE,Towers with Radar,545,66,101,0,712,0,7,24,6,37,545,73,125,6,749,0,0,0,749
08/18/2016,MDW,IL,AGL,CE,Towers with Radar,559,89,102,3,753,0,2,22,7,31,559,91,124,10,784,0,0,0,784
08/19/2016,MDW,IL,AGL,CE,Towers with Radar,553,61,98,0,712,0,0,21,0,21,553,61,119,0,733,0,0,0,733
08/20/2016,MDW,IL,AGL,CE,Towers with Radar,458,34,37,0,529,0,2,7,1,10,458,36,44,1,539,0,0,0,539
08/21/2016,MDW,IL,AGL,CE,Towers with Radar,508,63,76,0,647,0,9,22,3,34,508,72,98,3,681,0,0,0,681
08/22/2016,MDW,IL,AGL,CE,Towers with Radar,548,85,108,0,741,0,3,29,11,43,548,88,137,11,784,0,0,0,784
08/23/2016,MDW,IL,AGL,CE,Towers with Radar,544,73,94,4,715,0,10,21,8,39,544,83,115,12,754,0,0,0,754
08/24/2016,MDW,IL,AGL,CE,Towers with Radar,519,68,110,0,697,0,5,13,0,18,519,73,123,0,715,0,0,0,715
08/25/2016,MDW,IL,AGL,CE,Towers with Radar,548,88,101,4,741,0,1,22,10,33,548,89,123,14,774,0,0,0,774
08/26/2016,MDW,IL,AGL,CE,Towers with Radar,548,74,78,0,700,0,4,27,10,41,548,78,105,10,741,0,0,0,741
08/27/2016,MDW,IL,AGL,CE,Towers with Radar,443,41,31,0,515,0,1,10,0,11,443,42,41,0,526,0,0,0,526
08/28/2016,MDW,IL,AGL,CE,Towers with Radar,516,73,54,0,643,0,2,22,0,24,516,75,76,0,667,0,0,0,667
08/29/2016,MDW,IL,AGL,CE,Towers with Radar,549,85,113,0,747,0,4,20,2,26,549,89,133,2,773,0,0,0,773
08/30/2016,MDW,IL,AGL,CE,Towers with Radar,538,80,98,0,716,0,6,7,7,20,538,86,105,7,736,0,0,0,736
08/31/2016,MDW,IL,AGL,CE,Towers with Radar,546,71,108,0,725,0,7,26,11,44,546,78,134,11,769,0,0,0,769
09/01/2016,MDW,IL,AGL,CE,Towers with Radar,559,81,118,1,759,0,4,23,9,36,559,85,141,10,795,0,0,0,795
09/02/2016,MDW,IL,AGL,CE,Towers with Radar,556,78,71,0,705,0,4,30,3,37,556,82,101,3,742,0,0,0,742
09/03/2016,MDW,IL,AGL,CE,Towers with Radar,401,44,53,0,498,0,3,37,1,41,401,47,90,1,539,0,0,0,539
09/04/2016,MDW,IL,AGL,CE,Towers with Radar,447,46,36,0,529,0,7,21,1,29,447,53,57,1,558,0,0,0,558
09/05/2016,MDW,IL,AGL,CE,Towers with Radar,514,69,71,0,654,0,5,22,1,28,514,74,93,1,682,0,0,0,682
09/06/2016,MDW,IL,AGL,CE,Towers with Radar,543,89,104,1,737,0,8,15,8,31,543,97,119,9,768,0,0,0,768
09/07/2016,MDW,IL,AGL,CE,Towers with Radar,515,100,94,1,710,0,2,24,4,30,515,102,118,5,740,0,0,0,740
09/08/2016,MDW,IL,AGL,CE,Towers with Radar,548,73,118,0,739,0,4,15,4,23,548,77,133,4,762,0,0,0,762
09/09/2016,MDW,IL,AGL,CE,Towers with Radar,548,88,96,2,734,0,0,10,2,12,548,88,106,4,746,0,0,0,746
09/10/2016,MDW,IL,AGL,CE,Towers with Radar,448,35,46,0,529,0,4,21,0,25,448,39,67,0,554,0,0,0,554
09/11/2016,MDW,IL,AGL,CE,Towers with Radar,525,63,84,0,672,0,3,40,2,45,525,66,124,2,717,0,0,0,717
09/12/2016,MDW,IL,AGL,CE,Towers with Radar,555,103,119,2,779,0,4,13,0,17,555,107,132,2,796,0,0,0,796
09/13/2016,MDW,IL,AGL,CE,Towers with Radar,552,66,137,0,755,0,1,21,3,25,552,67,158,3,780,0,0,0,780
09/14/2016,MDW,IL,AGL,CE,Towers with Radar,552,91,154,2,799,0,1,18,5,24,552,92,172,7,823,0,0,0,823
09/15/2016,MDW,IL,AGL,CE,Towers with Radar,553,116,183,0,852,0,1,37,2,40,553,117,220,2,892,0,0,0,892
09/16/2016,MDW,IL,AGL,CE,Towers with Radar,552,60,144,0,756,0,3,16,0,19,552,63,160,0,775,0,0,0,775
09/17/2016,MDW,IL,AGL,CE,Towers with Radar,444,38,70,0,552,0,2,14,0,16,444,40,84,0,568,0,0,0,568
09/18/2016,MDW,IL,AGL,CE,Towers with Radar,515,91,123,0,729,0,2,24,1,27,515,93,147,1,756,0,0,0,756
09/19/2016,MDW,IL,AGL,CE,Towers with Radar,545,124,165,0,834,0,0,16,1,17,545,124,181,1,851,0,0,0,851
09/20/2016,MDW,IL,AGL,CE,Towers with Radar,554,111,165,1,831,0,7,20,1,28,554,118,185,2,859,0,0,0,859
09/21/2016,MDW,IL,AGL,CE,Towers with Radar,546,134,157,0,837,0,0,10,0,10,546,134,167,0,847,0,0,0,847
09/22/2016,MDW,IL,AGL,CE,Towers with Radar,550,119,146,0,815,0,3,17,0,20,550,122,163,0,835,0,0,0,835
09/23/2016,MDW,IL,AGL,CE,Towers with Radar,545,94,99,1,739,0,6,2,3,11,545,100,101,4,750,0,0,0,750
09/24/2016,MDW,IL,AGL,CE,Towers with Radar,456,38,54,0,548,0,3,8,0,11,456,41,62,0,559,0,0,0,559
09/25/2016,MDW,IL,AGL,CE,Towers with Radar,517,89,92,0,698,0,0,9,1,10,517,89,101,1,708,0,0,0,708
09/26/2016,MDW,IL,AGL,CE,Towers with Radar,550,81,104,1,736,0,6,17,0,23,550,87,121,1,759,0,0,0,759
09/27/2016,MDW,IL,AGL,CE,Towers with Radar,541,94,131,1,767,0,7,13,1,21,541,101,144,2,788,0,0,0,788
09/28/2016,MDW,IL,AGL,CE,Towers with Radar,546,106,163,1,816,0,0,4,0,4,546,106,167,1,820,0,0,0,820
09/29/2016,MDW,IL,AGL,CE,Towers with Radar,549,115,113,3,780,0,2,7,3,12,549,117,120,6,792,0,0,0,792
09/30/2016,MDW,IL,AGL,CE,Towers with Radar,552,86,114,0,752,0,6,6,0,12,552,92,120,0,764,0,0,0,764
10/01/2016,MDW,IL,AGL,CE,Towers with Radar,453,52,50,0,555,0,0,2,0,2,453,52,52,0,557,0,0,0,557
10/02/2016,MDW,IL,AGL,CE,Towers with Radar,520,78,93,0,691,0,0,19,0,19,520,78,112,0,710,0,0,0,710
10/03/2016,MDW,IL,AGL,CE,Towers with Radar,550,62,73,2,687,0,6,13,2,21,550,68,86,4,708,0,0,0,708
10/04/2016,MDW,IL,AGL,CE,Towers with Radar,550,88,119,3,760,0,4,15,2,21,550,92,134,5,781,0,0,0,781
10/05/2016,MDW,IL,AGL,CE,Towers with Radar,551,87,139,0,777,0,3,18,9,30,551,90,157,9,807,0,0,0,807
10/06/2016,MDW,IL,AGL,CE,Towers with Radar,547,73,111,1,732,0,2,6,1,9,547,75,117,2,741,0,0,0,741
10/07/2016,MDW,IL,AGL,CE,Towers with Radar,525,40,55,0,620,0,5,1,3,9,525,45,56,3,629,0,0,0,629
10/08/2016,MDW,IL,AGL,CE,Towers with Radar,432,19,9,4,464,0,0,1,2,3,432,19,10,6,467,0,0,0,467
10/09/2016,MDW,IL,AGL,CE,Towers with Radar,514,49,34,2,599,0,4,19,1,24,514,53,53,3,623,0,0,0,623
10/10/2016,MDW,IL,AGL,CE,Towers with Radar,554,89,92,0,735,0,8,18,4,30,554,97,110,4,765,0,0,0,765
10/11/2016,MDW,IL,AGL,CE,Towers with Radar,553,62,102,0,717,0,7,14,0,21,553,69,116,0,738,0,0,0,738
10/12/2016,MDW,IL,AGL,CE,Towers with Radar,554,68,120,2,744,0,4,2,0,6,554,72,122,2,750,0,0,0,750
10/13/2016,MDW,IL,AGL,CE,Towers with Radar,556,90,134,0,780,0,3,21,3,27,556,93,155,3,807,0,0,0,807
10/14/2016,MDW,IL,AGL,CE,Towers with Radar,552,72,124,0,748,0,6,33,0,39,552,78,157,0,787,0,0,0,787
10/15/2016,MDW,IL,AGL,CE,Towers with Radar,452,76,56,0,584,0,0,13,8,21,452,76,69,8,605,0,0,0,605
10/16/2016,MDW,IL,AGL,CE,Towers with Radar,516,111,124,0,751,0,2,5,0,7,516,113,129,0,758,0,0,0,758
10/17/2016,MDW,IL,AGL,CE,Towers with Radar,546,99,106,0,751,0,9,14,0,23,546,108,120,0,774,0,0,0,774
10/18/2016,MDW,IL,AGL,CE,Towers with Radar,548,87,97,0,732,0,7,20,3,30,548,94,117,3,762,0,0,0,762
10/19/2016,MDW,IL,AGL,CE,Towers with Radar,554,81,115,1,751,0,1,35,3,39,554,82,150,4,790,0,0,0,790
10/20/2016,MDW,IL,AGL,CE,Towers with Radar,549,106,156,2,813,0,4,13,17,34,549,110,169,19,847,0,0,0,847
10/21/2016,MDW,IL,AGL,CE,Towers with Radar,553,84,94,0,731,0,3,14,2,19,553,87,108,2,750,0,0,0,750
10/22/2016,MDW,IL,AGL,CE,Towers with Radar,450,46,46,0,542,0,3,19,0,22,450,49,65,0,564,0,0,0,564
10/23/2016,MDW,IL,AGL,CE,Towers with Radar,518,87,113,0,718,0,1,20,0,21,518,88,133,0,739,0,0,0,739
10/24/2016,MDW,IL,AGL,CE,Towers with Radar,551,96,119,2,768,0,2,19,2,23,551,98,138,4,791,0,0,0,791
10/25/2016,MDW,IL,AGL,CE,Towers with Radar,542,110,135,2,789,0,2,20,12,34,542,112,155,14,823,0,0,0,823
10/26/2016,MDW,IL,AGL,CE,Towers with Radar,545,114,152,4,815,0,6,3,0,9,545,120,155,4,824,0,0,0,824
10/27/2016,MDW,IL,AGL,CE,Towers with Radar,549,110,137,1,797,0,7,15,12,34,549,117,152,13,831,0,0,0,831
10/28/2016,MDW,IL,AGL,CE,Towers with Radar,549,120,139,2,810,0,2,25,2,29,549,122,164,4,839,0,0,0,839
10/29/2016,MDW,IL,AGL,CE,Towers with Radar,454,107,142,2,705,0,3,8,1,12,454,110,150,3,717,0,0,0,717
10/30/2016,MDW,IL,AGL,CE,Towers with Radar,508,121,145,2,776,0,0,29,0,29,508,121,174,2,805,0,0,0,805
10/31/2016,MDW,IL,AGL,CE,Towers with Radar,513,81,109,0,703,0,4,29,2,35,513,85,138,2,738,0,0,0,738
11/01/2016,MDW,IL,AGL,CE,Towers with Radar,539,102,99,0,740,0,6,17,7,30,539,108,116,7,770,0,0,0,770
11/02/2016,MDW,IL,AGL,CE,Towers with Radar,531,128,126,0,785,0,2,5,2,9,531,130,131,2,794,0,0,0,794
11/03/2016,MDW,IL,AGL,CE,Towers with Radar,550,145,165,1,861,0,1,27,15,43,550,146,192,16,904,0,0,0,904
11/04/2016,MDW,IL,AGL,CE,Towers with Radar,547,83,121,5,756,0,3,24,2,29,547,86,145,7,785,0,0,0,785
11/05/2016,MDW,IL,AGL,CE,Towers with Radar,453,46,56,1,556,0,1,31,0,32,453,47,87,1,588,0,0,0,588
11/06/2016,MDW,IL,AGL,CE,Towers with Radar,478,77,115,4,674,0,1,16,3,20,478,78,131,7,694,0,0,0,694
11/07/2016,MDW,IL,AGL,CE,Towers with Radar,480,85,139,2,706,0,14,31,4,49,480,99,170,6,755,0,0,0,755
11/08/2016,MDW,IL,AGL,CE,Towers with Radar,429,80,144,1,654,0,6,11,11,28,429,86,155,12,682,0,0,0,682
11/09/2016,MDW,IL,AGL,CE,Towers with Radar,515,111,186,0,812,0,10,21,4,35,515,121,207,4,847,0,0,0,847
11/10/2016,MDW,IL,AGL,CE,Towers with Radar,521,110,126,3,760,0,13,16,9,38,521,123,142,12,798,0,0,0,798
11/11/2016,MDW,IL,AGL,CE,Towers with Radar,516,68,62,0,646,0,0,11,1,12,516,68,73,1,658,0,0,0,658
11/12/2016,MDW,IL,AGL,CE,Towers with Radar,404,33,39,0,476,0,3,17,0,20,404,36,56,0,496,0,0,0,496
11/13/2016,MDW,IL,AGL,CE,Towers with Radar,491,76,62,0,629,0,2,23,0,25,491,78,85,0,654,0,0,0,654
11/14/2016,MDW,IL,AGL,CE,Towers with Radar,516,60,85,1,662,0,4,10,0,14,516,64,95,1,676,0,0,0,676
11/15/2016,MDW,IL,AGL,CE,Towers with Radar,513,90,142,9,754,0,0,4,4,8,513,90,146,13,762,0,0,0,762
11/16/2016,MDW,IL,AGL,CE,Towers with Radar,480,105,119,4,708,0,7,22,5,34,480,112,141,9,742,0,0,0,742
11/17/2016,MDW,IL,AGL,CE,Towers with Radar,517,112,149,0,778,0,6,4,8,18,517,118,153,8,796,0,0,0,796
11/18/2016,MDW,IL,AGL,CE,Towers with Radar,511,99,113,0,723,0,14,2,0,16,511,113,115,0,739,0,0,0,739
11/19/2016,MDW,IL,AGL,CE,Towers with Radar,458,41,41,0,540,0,0,2,0,2,458,41,43,0,542,0,0,0,542
11/20/2016,MDW,IL,AGL,CE,Towers with Radar,489,74,73,0,636,0,0,13,0,13,489,74,86,0,649,0,0,0,649
11/21/2016,MDW,IL,AGL,CE,Towers with Radar,514,77,75,2,668,0,2,13,0,15,514,79,88,2,683,0,0,0,683
11/22/2016,MDW,IL,AGL,CE,Towers with Radar,573,84,87,0,744,0,0,15,5,20,573,84,102,5,764,0,0,0,764
11/23/2016,MDW,IL,AGL,CE,Towers with Radar,589,79,57,0,725,0,0,0,0,0,589,79,57,0,725,0,0,0,725
11/24/2016,MDW,IL,AGL,CE,Towers with Radar,327,22,18,0,367,0,1,2,0,3,327,23,20,0,370,0,0,0,370
11/25/2016,MDW,IL,AGL,CE,Towers with Radar,417,29,24,0,470,0,0,9,4,13,417,29,33,4,483,0,0,0,483
11/26/2016,MDW,IL,AGL,CE,Towers with Radar,511,58,46,0,615,0,5,14,0,19,511,63,60,0,634,0,0,0,634
11/27/2016,MDW,IL,AGL,CE,Towers with Radar,593,96,102,0,791,0,0,1,0,1,593,96,103,0,792,0,0,0,792
11/28/2016,MDW,IL,AGL,CE,Towers with Radar,583,66,79,0,728,0,10,0,10,20,583,76,79,10,748,0,0,0,748
11/29/2016,MDW,IL,AGL,CE,Towers with Radar,516,98,112,1,727,0,3,23,8,34,516,101,135,9,761,0,0,0,761
11/30/2016,MDW,IL,AGL,CE,Towers with Radar,507,84,97,1,689,0,8,19,2,29,507,92,116,3,718,0,0,0,718
12/01/2016,MDW,IL,AGL,CE,Towers with Radar,513,78,109,0,700,0,6,5,13,24,513,84,114,13,724,0,0,0,724
12/02/2016,MDW,IL,AGL,CE,Towers with Radar,509,62,93,2,666,0,2,17,0,19,509,64,110,2,685,0,0,0,685
12/03/2016,MDW,IL,AGL,CE,Towers with Radar,405,38,42,0,485,0,0,25,0,25,405,38,67,0,510,0,0,0,510
12/04/2016,MDW,IL,AGL,CE,Towers with Radar,410,63,57,0,530,0,1,0,0,1,410,64,57,0,531,0,0,0,531
12/05/2016,MDW,IL,AGL,CE,Towers with Radar,497,86,127,0,710,0,0,0,0,0,497,86,127,0,710,0,0,0,710
12/06/2016,MDW,IL,AGL,CE,Towers with Radar,510,97,92,0,699,0,0,9,0,9,510,97,101,0,708,0,0,0,708
12/07/2016,MDW,IL,AGL,CE,Towers with Radar,510,99,104,0,713,0,4,18,5,27,510,103,122,5,740,0,0,0,740
12/08/2016,MDW,IL,AGL,CE,Towers with Radar,506,88,135,0,729,0,2,8,15,25,506,90,143,15,754,0,0,0,754
12/09/2016,MDW,IL,AGL,CE,Towers with Radar,513,78,103,1,695,0,1,26,2,29,513,79,129,3,724,0,0,0,724
12/10/2016,MDW,IL,AGL,CE,Towers with Radar,336,26,47,0,409,0,2,13,3,18,336,28,60,3,427,0,0,0,427
12/11/2016,MDW,IL,AGL,CE,Towers with Radar,275,53,38,0,366,0,0,0,0,0,275,53,38,0,366,0,0,0,366
12/12/2016,MDW,IL,AGL,CE,Towers with Radar,533,96,88,0,717,0,3,6,1,10,533,99,94,1,727,0,0,0,727
12/13/2016,MDW,IL,AGL,CE,Towers with Radar,499,87,109,1,696,0,4,7,8,19,499,91,116,9,715,0,0,0,715
12/14/2016,MDW,IL,AGL,CE,Towers with Radar,506,82,106,2,696,0,1,2,0,3,506,83,108,2,699,0,0,0,699
12/15/2016,MDW,IL,AGL,CE,Towers with Radar,510,74,87,0,671,0,7,12,5,24,510,81,99,5,695,0,0,0,695
12/16/2016,MDW,IL,AGL,CE,Towers with Radar,401,86,63,0,550,0,2,9,2,13,401,88,72,2,563,0,0,0,563
12/17/2016,MDW,IL,AGL,CE,Towers with Radar,360,53,34,0,447,0,0,0,0,0,360,53,34,0,447,0,0,0,447
12/18/2016,MDW,IL,AGL,CE,Towers with Radar,437,75,47,0,559,0,2,2,0,4,437,77,49,0,563,0,0,0,563
12/19/2016,MDW,IL,AGL,CE,Towers with Radar,494,81,82,0,657,0,6,4,2,12,494,87,86,2,669,0,0,0,669
12/20/2016,MDW,IL,AGL,CE,Towers with Radar,492,83,65,0,640,0,2,10,2,14,492,85,75,2,654,0,0,0,654
12/21/2016,MDW,IL,AGL,CE,Towers with Radar,541,59,74,0,674,0,6,19,0,25,541,65,93,0,699,0,0,0,699
12/22/2016,MDW,IL,AGL,CE,Towers with Radar,534,80,47,2,663,0,5,26,2,33,534,85,73,4,696,0,0,0,696
12/23/2016,MDW,IL,AGL,CE,Towers with Radar,543,67,42,0,652,0,2,8,0,10,543,69,50,0,662,0,0,0,662
12/24/2016,MDW,IL,AGL,CE,Towers with Radar,386,39,20,0,445,0,2,0,0,2,386,41,20,0,447,0,0,0,447
12/25/2016,MDW,IL,AGL,CE,Towers with Radar,307,34,11,0,352,0,0,0,0,0,307,34,11,0,352,0,0,0,352
12/26/2016,MDW,IL,AGL,CE,Towers with Radar,503,83,56,0,642,0,0,3,0,3,503,83,59,0,645,0,0,0,645
12/27/2016,MDW,IL,AGL,CE,Towers with Radar,551,70,28,0,649,0,7,10,0,17,551,77,38,0,666,0,0,0,666
12/28/2016,MDW,IL,AGL,CE,Towers with Radar,542,57,33,0,632,0,11,18,0,29,542,68,51,0,661,0,0,0,661
12/29/2016,MDW,IL,AGL,CE,Towers with Radar,549,58,24,0,631,0,6,6,0,12,549,64,30,0,643,0,0,0,643
12/30/2016,MDW,IL,AGL,CE,Towers with Radar,545,41,23,2,611,0,7,13,1,21,545,48,36,3,632,0,0,0,632
12/31/2016,MDW,IL,AGL,CE,Towers with Radar,373,28,21,0,422,0,1,22,0,23,373,29,43,0,445,0,0,0,445
01/01/2017,MDW,IL,AGL,CE,Towers with Radar,448,37,38,0,523,0,0,10,0,10,448,37,48,0,533,0,0,0,533
01/02/2017,MDW,IL,AGL,CE,Towers with Radar,437,71,58,0,566,0,1,2,0,3,437,72,60,0,569,0,0,0,569
01/03/2017,MDW,IL,AGL,CE,Towers with Radar,472,81,40,0,593,0,2,2,0,4,472,83,42,0,597,0,0,0,597
01/04/2017,MDW,IL,AGL,CE,Towers with Radar,481,64,53,0,598,0,6,7,2,15,481,70,60,2,613,0,0,0,613
01/05/2017,MDW,IL,AGL,CE,Towers with Radar,460,61,61,3,585,0,7,8,16,31,460,68,69,19,616,0,0,0,616
01/06/2017,MDW,IL,AGL,CE,Towers with Radar,445,76,63,0,584,0,8,6,0,14,445,84,69,0,598,0,0,0,598
01/07/2017,MDW,IL,AGL,CE,Towers with Radar,344,29,30,0,403,0,1,8,14,23,344,30,38,14,426,0,0,0,426
01/08/2017,MDW,IL,AGL,CE,Towers with Radar,423,57,32,0,512,0,3,9,0,12,423,60,41,0,524,0,0,0,524
01/09/2017,MDW,IL,AGL,CE,Towers with Radar,485,65,73,2,625,0,1,4,0,5,485,66,77,2,630,0,0,0,630
01/10/2017,MDW,IL,AGL,CE,Towers with Radar,497,41,68,9,615,0,0,0,2,2,497,41,68,11,617,0,0,0,617
01/11/2017,MDW,IL,AGL,CE,Towers with Radar,445,59,75,1,580,0,2,9,6,17,445,61,84,7,597,0,0,0,597
01/12/2017,MDW,IL,AGL,CE,Towers with Radar,442,75,84,0,601,0,2,3,12,17,442,77,87,12,618,0,0,0,618
01/13/2017,MDW,IL,AGL,CE,Towers with Radar,474,61,75,2,612,0,1,10,2,13,474,62,85,4,625,0,0,0,625
01/14/2017,MDW,IL,AGL,CE,Towers with Radar,364,30,25,0,419,0,4,8,0,12,364,34,33,0,431,0,0,0,431
01/15/2017,MDW,IL,AGL,CE,Towers with Radar,408,53,37,0,498,0,3,5,1,9,408,56,42,1,507,0,0,0,507
01/16/2017,MDW,IL,AGL,CE,Towers with Radar,448,55,58,0,561,0,0,0,0,0,448,55,58,0,561,0,0,0,561
01/17/2017,MDW,IL,AGL,CE,Towers with Radar,481,59,66,0,606,0,0,0,0,0,481,59,66,0,606,0,0,0,606
01/18/2017,MDW,IL,AGL,CE,Towers with Radar,475,84,61,0,620,0,0,0,0,0,475,84,61,0,620,0,0,0,620
01/19/2017,MDW,IL,AGL,CE,Towers with Radar,479,72,68,0,619,0,1,5,0,6,479,73,73,0,625,0,0,0,625
01/20/2017,MDW,IL,AGL,CE,Towers with Radar,470,65,64,0,599,0,0,0,0,0,470,65,64,0,599,0,0,0,599
01/21/2017,MDW,IL,AGL,CE,Towers with Radar,373,43,37,0,453,0,1,14,2,17,373,44,51,2,470,0,0,0,470
01/22/2017,MDW,IL,AGL,CE,Towers with Radar,406,49,41,2,498,0,0,0,0,0,406,49,41,2,498,0,0,0,498
01/23/2017,MDW,IL,AGL,CE,Towers with Radar,484,62,70,0,616,0,5,0,1,6,484,67,70,1,622,0,0,0,622
01/24/2017,MDW,IL,AGL,CE,Towers with Radar,480,64,89,0,633,0,2,10,5,17,480,66,99,5,650,0,0,0,650
01/25/2017,MDW,IL,AGL,CE,Towers with Radar,469,76,75,0,620,0,1,2,1,4,469,77,77,1,624,0,0,0,624
01/26/2017,MDW,IL,AGL,CE,Towers with Radar,482,73,74,0,629,0,0,11,2,13,482,73,85,2,642,0,0,0,642
01/27/2017,MDW,IL,AGL,CE,Towers with Radar,474,56,75,2,607,0,9,12,0,21,474,65,87,2,628,0,0,0,628
01/28/2017,MDW,IL,AGL,CE,Towers with Radar,365,29,22,0,416,0,2,12,0,14,365,31,34,0,430,0,0,0,430
01/29/2017,MDW,IL,AGL,CE,Towers with Radar,423,67,49,2,541,0,2,14,0,16,423,69,63,2,557,0,0,0,557
01/30/2017,MDW,IL,AGL,CE,Towers with Radar,483,75,78,2,638,0,5,6,4,15,483,80,84,6,653,0,0,0,653
01/31/2017,MDW,IL,AGL,CE,Towers with Radar,470,66,94,3,633,0,2,7,15,24,470,68,101,18,657,0,0,0,657
02/01/2017,MDW,IL,AGL,CE,Towers with Radar,473,75,65,0,613,0,3,10,1,14,473,78,75,1,627,0,0,0,627
02/02/2017,MDW,IL,AGL,CE,Towers with Radar,476,44,88,0,608,0,5,19,16,40,476,49,107,16,648,0,0,0,648
02/03/2017,MDW,IL,AGL,CE,Towers with Radar,474,60,75,2,611,0,7,17,0,24,474,67,92,2,635,0,0,0,635
02/04/2017,MDW,IL,AGL,CE,Towers with Radar,359,33,26,0,418,0,3,19,0,22,359,36,45,0,440,0,0,0,440
02/05/2017,MDW,IL,AGL,CE,Towers with Radar,351,44,36,0,431,0,0,33,0,33,351,44,69,0,464,0,0,0,464
02/06/2017,MDW,IL,AGL,CE,Towers with Radar,487,80,75,0,642,0,2,3,0,5,487,82,78,0,647,0,0,0,647
02/07/2017,MDW,IL,AGL,CE,Towers with Radar,497,76,83,0,656,0,0,0,0,0,497,76,83,0,656,0,0,0,656
02/08/2017,MDW,IL,AGL,CE,Towers with Radar,478,80,88,0,646,0,1,10,2,13,478,81,98,2,659,0,0,0,659
02/09/2017,MDW,IL,AGL,CE,Towers with Radar,441,68,75,3,587,0,8,21,10,39,441,76,96,13,626,0,0,0,626
02/10/2017,MDW,IL,AGL,CE,Towers with Radar,477,65,53,0,595,0,3,13,8,24,477,68,66,8,619,0,0,0,619
02/11/2017,MDW,IL,AGL,CE,Towers with Radar,375,27,26,0,428,0,1,21,20,42,375,28,47,20,470,0,0,0,470
02/12/2017,MDW,IL,AGL,CE,Towers with Radar,417,51,41,1,510,0,3,9,0,12,417,54,50,1,522,0,0,0,522
02/13/2017,MDW,IL,AGL,CE,Towers with Radar,460,65,69,0,594,0,9,9,3,21,460,74,78,3,615,0,0,0,615
02/14/2017,MDW,IL,AGL,CE,Towers with Radar,412,65,64,2,543,0,7,25,3,35,412,72,89,5,578,0,0,0,578
02/15/2017,MDW,IL,AGL,CE,Towers with Radar,478,97,85,1,661,0,4,13,3,20,478,101,98,4,681,0,0,0,681
02/16/2017,MDW,IL,AGL,CE,Towers with Radar,473,89,109,2,673,0,5,12,12,29,473,94,121,14,702,0,0,0,702
02/17/2017,MDW,IL,AGL,CE,Towers with Radar,485,46,77,3,611,0,8,26,0,34,485,54,103,3,645,0,0,0,645
02/18/2017,MDW,IL,AGL,CE,Towers with Radar,381,28,37,0,446,0,4,29,2,35,381,32,66,2,481,0,0,0,481
02/19/2017,MDW,IL,AGL,CE,Towers with Radar,421,32,41,0,494,0,2,21,2,25,421,34,62,2,519,0,0,0,519
02/20/2017,MDW,IL,AGL,CE,Towers with Radar,482,68,76,0,626,0,3,16,0,19,482,71,92,0,645,0,0,0,645
02/21/2017,MDW,IL,AGL,CE,Towers with Radar,488,68,91,2,649,0,7,4,13,24,488,75,95,15,673,0,0,0,673
02/22/2017,MDW,IL,AGL,CE,Towers with Radar,480,78,68,0,626,0,11,5,7,23,480,89,73,7,649,0,0,0,649
02/23/2017,MDW,IL,AGL,CE,Towers with Radar,481,91,75,0,647,0,4,8,18,30,481,95,83,18,677,0,0,0,677
02/24/2017,MDW,IL,AGL,CE,Towers with Radar,481,49,52,2,584,0,0,0,0,0,481,49,52,2,584,0,0,0,584
02/25/2017,MDW,IL,AGL,CE,Towers with Radar,371,25,36,0,432,0,8,11,0,19,371,33,47,0,451,0,0,0,451
02/26/2017,MDW,IL,AGL,CE,Towers with Radar,432,57,43,2,534,0,0,14,0,14,432,57,57,2,548,0,0,0,548
02/27/2017,MDW,IL,AGL,CE,Towers with Radar,482,71,76,1,630,0,3,10,7,20,482,74,86,8,650,0,0,0,650
02/28/2017,MDW,IL,AGL,CE,Towers with Radar,411,66,69,0,546,0,1,0,2,3,411,67,69,2,549,0,0,0,549
03/01/2017,MDW,IL,AGL,CE,Towers with Radar,495,92,98,2,687,0,0,0,0,0,495,92,98,2,687,0,0,0,687
03/02/2017,MDW,IL,AGL,CE,Towers with Radar,476,74,90,0,640,0,0,16,16,32,476,74,106,16,672,0,0,0,672
03/03/2017,MDW,IL,AGL,CE,Towers with Radar,491,64,60,0,615,0,9,15,3,27,491,73,75,3,642,0,0,0,642
03/04/2017,MDW,IL,AGL,CE,Towers with Radar,377,29,28,0,434,0,2,14,0,16,377,31,42,0,450,0,0,0,450
03/05/2017,MDW,IL,AGL,CE,Towers with Radar,428,50,56,0,534,0,4,10,0,14,428,54,66,0,548,0,0,0,548
03/06/2017,MDW,IL,AGL,CE,Towers with Radar,478,65,72,0,615,0,2,7,0,9,478,67,79,0,624,0,0,0,624
03/07/2017,MDW,IL,AGL,CE,Towers with Radar,475,72,88,0,635,0,10,5,16,31,475,82,93,16,666,0,0,0,666
03/08/2017,MDW,IL,AGL,CE,Towers with Radar,499,68,78,0,645,0,3,9,0,12,499,71,87,0,657,0,0,0,657
03/09/2017,MDW,IL,AGL,CE,Towers with Radar,517,67,95,0,679,0,4,20,2,26,517,71,115,2,705,0,0,0,705
03/10/2017,MDW,IL,AGL,CE,Towers with Radar,537,47,53,0,637,0,9,12,2,23,537,56,65,2,660,0,0,0,660
03/11/2017,MDW,IL,AGL,CE,Towers with Radar,471,25,40,0,536,0,4,23,4,31,471,29,63,4,567,0,0,0,567
03/12/2017,MDW,IL,AGL,CE,Towers with Radar,501,56,59,0,616,0,4,21,7,32,501,60,80,7,648,0,0,0,648
03/13/2017,MDW,IL,AGL,CE,Towers with Radar,367,69,56,0,492,0,0,0,0,0,367,69,56,0,492,0,0,0,492
03/14/2017,MDW,IL,AGL,CE,Towers with Radar,452,48,64,0,564,0,0,5,0,5,452,48,69,0,569,0,0,0,569
03/15/2017,MDW,IL,AGL,CE,Towers with Radar,504,87,87,1,679,0,6,7,4,17,504,93,94,5,696,0,0,0,696
03/16/2017,MDW,IL,AGL,CE,Towers with Radar,538,80,65,0,683,0,4,6,10,20,538,84,71,10,703,0,0,0,703
03/17/2017,MDW,IL,AGL,CE,Towers with Radar,552,80,59,2,693,0,7,8,0,15,552,87,67,2,708,0,0,0,708
03/18/2017,MDW,IL,AGL,CE,Towers with Radar,469,37,37,0,543,0,0,12,1,13,469,37,49,1,556,0,0,0,556
03/19/2017,MDW,IL,AGL,CE,Towers with Radar,526,64,55,2,647,0,4,19,0,23,526,68,74,2,670,0,0,0,670
03/20/2017,MDW,IL,AGL,CE,Towers with Radar,538,88,69,0,695,0,5,10,0,15,538,93,79,0,710,0,0,0,710
03/21/2017,MDW,IL,AGL,CE,Towers with Radar,535,57,62,1,655,0,4,19,8,31,535,61,81,9,686,0,0,0,686
03/22/2017,MDW,IL,AGL,CE,Towers with Radar,529,76,83,0,688,0,3,21,11,35,529,79,104,11,723,0,0,0,723
03/23/2017,MDW,IL,AGL,CE,Towers with Radar,538,83,89,2,712,0,7,14,8,29,538,90,103,10,741,0,0,0,741
03/24/2017,MDW,IL,AGL,CE,Towers with Radar,540,80,62,0,682,0,2,8,0,10,540,82,70,0,692,0,0,0,692
03/25/2017,MDW,IL,AGL,CE,Towers with Radar,474,36,39,0,549,0,0,0,0,0,474,36,39,0,549,0,0,0,549
03/26/2017,MDW,IL,AGL,CE,Towers with Radar,515,48,40,0,603,0,4,4,0,8,515,52,44,0,611,0,0,0,611
03/27/2017,MDW,IL,AGL,CE,Towers with Radar,534,76,94,0,704,0,0,0,0,0,534,76,94,0,704,0,0,0,704
03/28/2017,MDW,IL,AGL,CE,Towers with Radar,531,63,72,1,667,0,7,4,16,27,531,70,76,17,694,0,0,0,694
03/29/2017,MDW,IL,AGL,CE,Towers with Radar,536,57,80,0,673,0,4,7,9,20,536,61,87,9,693,0,0,0,693
03/30/2017,MDW,IL,AGL,CE,Towers with Radar,538,60,85,0,683,0,0,0,0,0,538,60,85,0,683,0,0,0,683
03/31/2017,MDW,IL,AGL,CE,Towers with Radar,534,54,52,0,640,0,0,2,6,8,534,54,54,6,648,0,0,0,648
04/01/2017,MDW,IL,AGL,CE,Towers with Radar,475,37,45,0,557,0,0,34,12,46,475,37,79,12,603,0,0,0,603
04/02/2017,MDW,IL,AGL,CE,Towers with Radar,512,59,71,0,642,0,1,15,2,18,512,60,86,2,660,0,0,0,660
04/03/2017,MDW,IL,AGL,CE,Towers with Radar,543,65,91,0,699,0,2,13,0,15,543,67,104,0,714,0,0,0,714
04/04/2017,MDW,IL,AGL,CE,Towers with Radar,536,55,137,2,730,0,2,12,5,19,536,57,149,7,749,0,0,0,749
04/05/2017,MDW,IL,AGL,CE,Towers with Radar,515,73,116,0,704,0,4,0,0,4,515,77,116,0,708,0,0,0,708
04/06/2017,MDW,IL,AGL,CE,Towers with Radar,527,70,113,1,711,0,3,5,9,17,527,73,118,10,728,0,0,0,728
04/07/2017,MDW,IL,AGL,CE,Towers with Radar,522,82,96,2,702,0,2,27,2,31,522,84,123,4,733,0,0,0,733
04/08/2017,MDW,IL,AGL,CE,Towers with Radar,469,35,34,0,538,0,3,10,0,13,469,38,44,0,551,0,0,0,551
04/09/2017,MDW,IL,AGL,CE,Towers with Radar,524,81,71,0,676,0,4,15,0,19,524,85,86,0,695,0,0,0,695
04/10/2017,MDW,IL,AGL,CE,Towers with Radar,527,60,91,3,681,0,0,8,0,8,527,60,99,3,689,0,0,0,689
04/11/2017,MDW,IL,AGL,CE,Towers with Radar,531,70,111,1,713,0,2,12,8,22,531,72,123,9,735,0,0,0,735
04/12/2017,MDW,IL,AGL,CE,Towers with Radar,536,77,110,2,725,0,13,18,2,33,536,90,128,4,758,0,0,0,758
04/13/2017,MDW,IL,AGL,CE,Towers with Radar,539,88,105,0,732,0,26,32,10,68,539,114,137,10,800,0,0,0,800
04/14/2017,MDW,IL,AGL,CE,Towers with Radar,531,48,57,0,636,0,5,18,0,23,531,53,75,0,659,0,0,0,659
04/15/2017,MDW,IL,AGL,CE,Towers with Radar,462,28,27,0,517,0,2,17,0,19,462,30,44,0,536,0,0,0,536
04/16/2017,MDW,IL,AGL,CE,Towers with Radar,514,49,51,0,614,0,1,7,1,9,514,50,58,1,623,0,0,0,623
04/17/2017,MDW,IL,AGL,CE,Towers with Radar,536,92,96,0,724,0,8,21,0,29,536,100,117,0,753,0,0,0,753
04/18/2017,MDW,IL,AGL,CE,Towers with Radar,539,64,77,0,680,0,2,16,10,28,539,66,93,10,708,0,0,0,708
04/19/2017,MDW,IL,AGL,CE,Towers with Radar,535,79,99,0,713,0,4,10,3,17,535,83,109,3,730,0,0,0,730
04/20/2017,MDW,IL,AGL,CE,Towers with Radar,535,86,113,0,734,0,4,18,8,30,535,90,131,8,764,0,0,0,764
04/21/2017,MDW,IL,AGL,CE,Towers with Radar,541,66,77,2,686,0,3,20,0,23,541,69,97,2,709,0,0,0,709
04/22/2017,MDW,IL,AGL,CE,Towers with Radar,470,30,41,0,541,0,4,20,0,24,470,34,61,0,565,0,0,0,565
04/23/2017,MDW,IL,AGL,CE,Towers with Radar,528,45,61,1,635,0,2,27,0,29,528,47,88,1,664,0,0,0,664
04/24/2017,MDW,IL,AGL,CE,Towers with Radar,542,57,88,1,688,0,4,24,0,28,542,61,112,1,716,0,0,0,716
04/25/2017,MDW,IL,AGL,CE,Towers with Radar,538,71,110,0,719,0,5,26,13,44,538,76,136,13,763,0,0,0,763
04/26/2017,MDW,IL,AGL,CE,Towers with Radar,542,74,129,2,747,0,4,15,2,21,542,78,144,4,768,0,0,0,768
04/27/2017,MDW,IL,AGL,CE,Towers with Radar,550,97,131,0,778,0,4,2,13,19,550,101,133,13,797,0,0,0,797
04/28/2017,MDW,IL,AGL,CE,Towers with Radar,548,55,81,0,684,0,3,15,2,20,548,58,96,2,704,0,0,0,704
04/29/2017,MDW,IL,AGL,CE,Towers with Radar,414,20,36,2,472,0,3,0,0,3,414,23,36,2,475,0,0,0,475
04/30/2017,MDW,IL,AGL,CE,Towers with Radar,503,46,47,0,596,0,0,0,0,0,503,46,47,0,596,0,0,0,596
05/01/2017,MDW,IL,AGL,CE,Towers with Radar,567,77,112,0,756,0,2,13,0,15,567,79,125,0,771,0,0,0,771
05/02/2017,MDW,IL,AGL,CE,Towers with Radar,544,56,108,2,710,0,5,8,8,21,544,61,116,10,731,0,0,0,731
05/03/2017,MDW,IL,AGL,CE,Towers with Radar,540,87,134,0,761,0,4,24,7,35,540,91,158,7,796,0,0,0,796
05/04/2017,MDW,IL,AGL,CE,Towers with Radar,546,85,115,0,746,0,3,9,5,17,546,88,124,5,763,0,0,0,763
05/05/2017,MDW,IL,AGL,CE,Towers with Radar,541,82,90,0,713,0,6,14,0,20,541,88,104,0,733,0,0,0,733
05/06/2017,MDW,IL,AGL,CE,Towers with Radar,420,47,59,0,526,0,3,13,0,16,420,50,72,0,542,0,0,0,542
05/07/2017,MDW,IL,AGL,CE,Towers with Radar,522,81,39,0,642,0,2,28,0,30,522,83,67,0,672,0,0,0,672
05/08/2017,MDW,IL,AGL,CE,Towers with Radar,552,101,94,0,747,0,4,24,0,28,552,105,118,0,775,0,0,0,775
05/09/2017,MDW,IL,AGL,CE,Towers with Radar,548,84,118,0,750,0,9,17,3,29,548,93,135,3,779,0,0,0,779
05/10/2017,MDW,IL,AGL,CE,Towers with Radar,549,129,124,0,802,0,2,11,2,15,549,131,135,2,817,0,0,0,817
05/11/2017,MDW,IL,AGL,CE,Towers with Radar,540,109,112,1,762,0,3,20,11,34,540,112,132,12,796,0,0,0,796
05/12/2017,MDW,IL,AGL,CE,Towers with Radar,559,71,84,0,714,0,6,34,0,40,559,77,118,0,754,0,0,0,754
05/13/2017,MDW,IL,AGL,CE,Towers with Radar,422,63,39,0,524,0,2,23,0,25,422,65,62,0,549,0,0,0,549
05/14/2017,MDW,IL,AGL,CE,Towers with Radar,514,62,64,0,640,0,3,14,1,18,514,65,78,1,658,0,0,0,658
05/15/2017,MDW,IL,AGL,CE,Towers with Radar,553,68,95,0,716,0,5,32,5,42,553,73,127,5,758,0,0,0,758
05/16/2017,MDW,IL,AGL,CE,Towers with Radar,545,80,110,3,738,0,14,14,6,34,545,94,124,9,772,0,0,0,772
05/17/2017,MDW,IL,AGL,CE,Towers with Radar,547,93,113,0,753,0,9,13,2,24,547,102,126,2,777,0,0,0,777
05/18/2017,MDW,IL,AGL,CE,Towers with Radar,552,106,94,2,754,0,12,14,7,33,552,118,108,9,787,0,0,0,787
05/19/2017,MDW,IL,AGL,CE,Towers with Radar,547,103,87,2,739,0,9,9,2,20,547,112,96,4,759,0,0,0,759
05/20/2017,MDW,IL,AGL,CE,Towers with Radar,436,43,50,0,529,0,0,6,0,6,436,43,56,0,535,0,0,0,535
05/21/2017,MDW,IL,AGL,CE,Towers with Radar,507,81,89,2,679,0,0,27,0,27,507,81,116,2,706,0,0,0,706
05/22/2017,MDW,IL,AGL,CE,Towers with Radar,544,99,142,0,785,0,2,22,2,26,544,101,164,2,811,0,0,0,811
05/23/2017,MDW,IL,AGL,CE,Towers with Radar,551,104,178,0,833,0,1,13,3,17,551,105,191,3,850,0,0,0,850
05/24/2017,MDW,IL,AGL,CE,Towers with Radar,549,88,131,0,768,0,2,2,4,8,549,90,133,4,776,0,0,0,776
05/25/2017,MDW,IL,AGL,CE,Towers with Radar,537,105,134,1,777,0,4,25,11,40,537,109,159,12,817,0,0,0,817
05/26/2017,MDW,IL,AGL,CE,Towers with Radar,556,98,80,0,734,0,1,11,0,12,556,99,91,0,746,0,0,0,746
05/27/2017,MDW,IL,AGL,CE,Towers with Radar,427,40,18,0,485,0,0,22,0,22,427,40,40,0,507,0,0,0,507
05/28/2017,MDW,IL,AGL,CE,Towers with Radar,441,39,22,0,502,0,3,10,0,13,441,42,32,0,515,0,0,0,515
05/29/2017,MDW,IL,AGL,CE,Towers with Radar,512,67,45,0,624,0,10,23,2,35,512,77,68,2,659,0,0,0,659
05/30/2017,MDW,IL,AGL,CE,Towers with Radar,542,71,71,0,684,0,3,15,7,25,542,74,86,7,709,0,0,0,709
05/31/2017,MDW,IL,AGL,CE,Towers with Radar,547,81,88,4,720,0,2,31,3,36,547,83,119,7,756,0,0,0,756
06/01/2017,MDW,IL,AGL,CE,Towers with Radar,551,86,89,0,726,0,11,38,1,50,551,97,127,1,776,0,0,0,776
06/02/2017,MDW,IL,AGL,CE,Towers with Radar,546,84,79,1,710,0,6,17,3,26,546,90,96,4,736,0,0,0,736
06/03/2017,MDW,IL,AGL,CE,Towers with Radar,426,52,71,1,550,0,5,21,0,26,426,57,92,1,576,0,0,0,576
06/04/2017,MDW,IL,AGL,CE,Towers with Radar,545,95,67,0,707,0,3,33,0,36,545,98,100,0,743,0,0,0,743
06/05/2017,MDW,IL,AGL,CE,Towers with Radar,593,72,112,0,777,0,4,20,2,26,593,76,132,2,803,0,0,0,803
06/06/2017,MDW,IL,AGL,CE,Towers with Radar,585,89,120,2,796,0,9,21,0,30,585,98,141,2,826,0,0,0,826
06/07/2017,MDW,IL,AGL,CE,Towers with Radar,597,84,153,0,834,0,0,19,3,22,597,84,172,3,856,0,0,0,856
06/08/2017,MDW,IL,AGL,CE,Towers with Radar,590,105,131,0,826,0,5,24,17,46,590,110,155,17,872,0,0,0,872
06/09/2017,MDW,IL,AGL,CE,Towers with Radar,598,80,115,1,794,0,15,21,5,41,598,95,136,6,835,0,0,0,835
06/10/2017,MDW,IL,AGL,CE,Towers with Radar,509,50,51,0,610,0,2,36,2,40,509,52,87,2,650,0,0,0,650
06/11/2017,MDW,IL,AGL,CE,Towers with Radar,566,71,103,1,741,0,4,14,2,20,566,75,117,3,761,0,0,0,761
06/12/2017,MDW,IL,AGL,CE,Towers with Radar,592,99,114,0,805,0,0,26,4,30,592,99,140,4,835,0,0,0,835
06/13/2017,MDW,IL,AGL,CE,Towers with Radar,585,88,134,0,807,0,1,16,6,23,585,89,150,6,830,0,0,0,830
06/14/2017,MDW,IL,AGL,CE,Towers with Radar,497,104,119,0,720,0,6,10,2,18,497,110,129,2,738,0,0,0,738
06/15/2017,MDW,IL,AGL,CE,Towers with Radar,646,90,105,1,842,0,13,25,4,42,646,103,130,5,884,0,0,0,884
06/16/2017,MDW,IL,AGL,CE,Towers with Radar,595,71,87,0,753,0,7,26,4,37,595,78,113,4,790,0,0,0,790
06/17/2017,MDW,IL,AGL,CE,Towers with Radar,517,32,37,0,586,0,1,20,4,25,517,33,57,4,611,0,0,0,611
06/18/2017,MDW,IL,AGL,CE,Towers with Radar,543,64,49,0,656,0,1,18,0,19,543,65,67,0,675,0,0,0,675
06/19/2017,MDW,IL,AGL,CE,Towers with Radar,551,96,111,0,758,0,5,8,0,13,551,101,119,0,771,0,0,0,771
06/20/2017,MDW,IL,AGL,CE,Towers with Radar,598,82,118,0,798,0,5,12,0,17,598,87,130,0,815,0,0,0,815
06/21/2017,MDW,IL,AGL,CE,Towers with Radar,593,90,124,0,807,0,3,25,7,35,593,93,149,7,842,0,0,0,842
06/22/2017,MDW,IL,AGL,CE,Towers with Radar,594,96,136,2,828,0,1,17,1,19,594,97,153,3,847,0,0,0,847
06/23/2017,MDW,IL,AGL,CE,Towers with Radar,561,76,94,2,733,0,3,27,2,32,561,79,121,4,765,0,0,0,765
06/24/2017,MDW,IL,AGL,CE,Towers with Radar,518,41,52,2,613,0,10,27,0,37,518,51,79,2,650,0,0,0,650
06/25/2017,MDW,IL,AGL,CE,Towers with Radar,550,72,64,1,687,0,5,26,0,31,550,77,90,1,718,0,0,0,718
06/26/2017,MDW,IL,AGL,CE,Towers with Radar,586,71,113,0,770,0,1,17,0,18,586,72,130,0,788,0,0,0,788
06/27/2017,MDW,IL,AGL,CE,Towers with Radar,587,97,100,1,785,0,3,32,2,37,587,100,132,3,822,0,0,0,822
06/28/2017,MDW,IL,AGL,CE,Towers with Radar,586,99,133,1,819,0,5,15,2,22,586,104,148,3,841,0,0,0,841
06/29/2017,MDW,IL,AGL,CE,Towers with Radar,599,91,118,1,809,0,0,19,1,20,599,91,137,2,829,0,0,0,829
06/30/2017,MDW,IL,AGL,CE,Towers with Radar,587,75,93,0,755,0,2,15,4,21,587,77,108,4,776,0,0,0,776
07/01/2017,MDW,IL,AGL,CE,Towers with Radar,516,74,46,4,640,0,2,24,1,27,516,76,70,5,667,0,0,0,667
07/02/2017,MDW,IL,AGL,CE,Towers with Radar,553,52,31,4,640,0,8,19,0,27,553,60,50,4,667,0,0,0,667
07/03/2017,MDW,IL,AGL,CE,Towers with Radar,515,48,24,0,587,0,6,15,2,23,515,54,39,2,610,0,0,0,610
07/04/2017,MDW,IL,AGL,CE,Towers with Radar,505,29,34,0,568,0,7,11,0,18,505,36,45,0,586,0,0,0,586
07/05/2017,MDW,IL,AGL,CE,Towers with Radar,576,59,51,2,688,0,5,12,6,23,576,64,63,8,711,0,0,0,711
07/06/2017,MDW,IL,AGL,CE,Towers with Radar,584,52,84,3,723,0,4,19,15,38,584,56,103,18,761,0,0,0,761
07/07/2017,MDW,IL,AGL,CE,Towers with Radar,585,63,55,2,705,0,1,17,0,18,585,64,72,2,723,0,0,0,723
07/08/2017,MDW,IL,AGL,CE,Towers with Radar,521,36,43,1,601,0,2,41,0,43,521,38,84,1,644,0,0,0,644
07/09/2017,MDW,IL,AGL,CE,Towers with Radar,553,71,68,1,693,0,4,26,3,33,553,75,94,4,726,0,0,0,726
07/10/2017,MDW,IL,AGL,CE,Towers with Radar,545,89,74,1,709,0,2,11,3,16,545,91,85,4,725,0,0,0,725
07/11/2017,MDW,IL,AGL,CE,Towers with Radar,591,83,102,0,776,0,12,20,2,34,591,95,122,2,810,0,0,0,810
07/12/2017,MDW,IL,AGL,CE,Towers with Radar,566,77,104,0,747,0,5,25,0,30,566,82,129,0,777,0,0,0,777
07/13/2017,MDW,IL,AGL,CE,Towers with Radar,592,107,98,0,797,0,4,26,20,50,592,111,124,20,847,0,0,0,847
07/14/2017,MDW,IL,AGL,CE,Towers with Radar,590,81,116,1,788,0,5,23,10,38,590,86,139,11,826,0,0,0,826
07/15/2017,MDW,IL,AGL,CE,Towers with Radar,519,52,46,0,617,0,0,46,0,46,519,52,92,0,663,0,0,0,663
07/16/2017,MDW,IL,AGL,CE,Towers with Radar,549,79,61,0,689,0,8,13,0,21,549,87,74,0,710,0,0,0,710
07/17/2017,MDW,IL,AGL,CE,Towers with Radar,572,82,97,0,751,0,9,18,0,27,572,91,115,0,778,0,0,0,778
07/18/2017,MDW,IL,AGL,CE,Towers with Radar,598,77,107,0,782,0,3,25,10,38,598,80,132,10,820,0,0,0,820
07/19/2017,MDW,IL,AGL,CE,Towers with Radar,572,78,94,0,744,0,2,18,6,26,572,80,112,6,770,0,0,0,770
07/20/2017,MDW,IL,AGL,CE,Towers with Radar,592,90,133,2,817,0,4,13,11,28,592,94,146,13,845,0,0,0,845
07/21/2017,MDW,IL,AGL,CE,Towers with Radar,536,83,71,0,690,0,3,14,0,17,536,86,85,0,707,0,0,0,707
07/22/2017,MDW,IL,AGL,CE,Towers with Radar,568,51,42,0,661,0,0,21,3,24,568,51,63,3,685,0,0,0,685
07/23/2017,MDW,IL,AGL,CE,Towers with Radar,540,69,77,0,686,1,3,23,1,28,541,72,100,1,714,0,0,0,714
07/24/2017,MDW,IL,AGL,CE,Towers with Radar,591,85,103,0,779,0,6,32,0,38,591,91,135,0,817,0,0,0,817
07/25/2017,MDW,IL,AGL,CE,Towers with Radar,601,87,117,1,806,0,17,20,11,48,601,104,137,12,854,0,0,0,854
07/26/2017,MDW,IL,AGL,CE,Towers with Radar,584,96,100,0,780,0,2,21,2,25,584,98,121,2,805,0,0,0,805
07/27/2017,MDW,IL,AGL,CE,Towers with Radar,598,91,137,0,826,0,9,28,9,46,598,100,165,9,872,0,0,0,872
07/28/2017,MDW,IL,AGL,CE,Towers with Radar,592,66,83,2,743,0,7,42,3,52,592,73,125,5,795,0,0,0,795
07/29/2017,MDW,IL,AGL,CE,Towers with Radar,523,43,24,0,590,0,2,27,2,31,523,45,51,2,621,0,0,0,621
07/30/2017,MDW,IL,AGL,CE,Towers with Radar,556,80,60,2,698,0,2,31,0,33,556,82,91,2,731,0,0,0,731
07/31/2017,MDW,IL,AGL,CE,Towers with Radar,595,74,80,0,749,0,9,16,2,27,595,83,96,2,776,0,0,0,776
08/01/2017,MDW,IL,AGL,CE,Towers with Radar,591,93,104,1,789,0,18,30,11,59,591,111,134,12,848,0,0,0,848
08/02/2017,MDW,IL,AGL,CE,Towers with Radar,581,112,136,0,829,0,3,20,1,24,581,115,156,1,853,0,0,0,853
08/03/2017,MDW,IL,AGL,CE,Towers with Radar,468,127,138,0,733,0,1,19,5,25,468,128,157,5,758,0,0,0,758
08/04/2017,MDW,IL,AGL,CE,Towers with Radar,576,85,79,0,740,0,6,9,0,15,576,91,88,0,755,0,0,0,755
08/05/2017,MDW,IL,AGL,CE,Towers with Radar,514,53,49,0,616,0,18,31,0,49,514,71,80,0,665,0,0,0,665
08/06/2017,MDW,IL,AGL,CE,Towers with Radar,550,77,77,0,704,0,1,21,0,22,550,78,98,0,726,0,0,0,726
08/07/2017,MDW,IL,AGL,CE,Towers with Radar,586,100,96,2,784,0,2,13,1,16,586,102,109,3,800,0,0,0,800
08/08/2017,MDW,IL,AGL,CE,Towers with Radar,593,84,100,0,777,0,5,27,7,39,593,89,127,7,816,0,0,0,816
08/09/2017,MDW,IL,AGL,CE,Towers with Radar,596,83,134,1,814,0,6,22,4,32,596,89,156,5,846,0,0,0,846
08/10/2017,MDW,IL,AGL,CE,Towers with Radar,573,100,115,0,788,0,2,12,3,17,573,102,127,3,805,0,0,0,805
08/11/2017,MDW,IL,AGL,CE,Towers with Radar,590,67,87,0,744,0,2,39,3,44,590,69,126,3,788,0,0,0,788
08/12/2017,MDW,IL,AGL,CE,Towers with Radar,517,44,37,0,598,0,1,35,1,37,517,45,72,1,635,0,0,0,635
08/13/2017,MDW,IL,AGL,CE,Towers with Radar,550,59,67,0,676,0,8,30,2,40,550,67,97,2,716,0,0,0,716
08/14/2017,MDW,IL,AGL,CE,Towers with Radar,582,59,90,0,731,0,3,22,2,27,582,62,112,2,758,0,0,0,758
08/15/2017,MDW,IL,AGL,CE,Towers with Radar,547,64,99,1,711,0,5,24,5,34,547,69,123,6,745,0,0,0,745
08/16/2017,MDW,IL,AGL,CE,Towers with Radar,537,102,101,0,740,0,6,14,3,23,537,108,115,3,763,0,0,0,763
08/17/2017,MDW,IL,AGL,CE,Towers with Radar,565,131,134,0,830,0,9,13,11,33,565,140,147,11,863,0,0,0,863
08/18/2017,MDW,IL,AGL,CE,Towers with Radar,549,69,102,0,720,0,5,28,0,33,549,74,130,0,753,0,0,0,753
08/19/2017,MDW,IL,AGL,CE,Towers with Radar,464,54,44,2,564,0,0,19,0,19,464,54,63,2,583,0,0,0,583
08/20/2017,MDW,IL,AGL,CE,Towers with Radar,526,81,86,0,693,0,3,20,3,26,526,84,106,3,719,0,0,0,719
08/21/2017,MDW,IL,AGL,CE,Towers with Radar,554,84,71,0,709,0,3,19,1,23,554,87,90,1,732,0,0,0,732
08/22/2017,MDW,IL,AGL,CE,Towers with Radar,565,77,98,0,740,0,3,22,6,31,565,80,120,6,771,0,0,0,771
08/23/2017,MDW,IL,AGL,CE,Towers with Radar,565,85,123,0,773,0,3,20,1,24,565,88,143,1,797,0,0,0,797
08/24/2017,MDW,IL,AGL,CE,Towers with Radar,559,87,138,1,785,0,7,36,9,52,559,94,174,10,837,0,0,0,837
08/25/2017,MDW,IL,AGL,CE,Towers with Radar,559,66,82,2,709,0,17,19,0,36,559,83,101,2,745,0,0,0,745
08/26/2017,MDW,IL,AGL,CE,Towers with Radar,443,33,52,0,528,0,3,18,1,22,443,36,70,1,550,0,0,0,550
08/27/2017,MDW,IL,AGL,CE,Towers with Radar,493,68,65,0,626,0,3,21,0,24,493,71,86,0,650,0,0,0,650
08/28/2017,MDW,IL,AGL,CE,Towers with Radar,538,68,101,0,707,0,4,12,0,16,538,72,113,0,723,0,0,0,723
08/29/2017,MDW,IL,AGL,CE,Towers with Radar,536,64,96,0,696,0,4,12,5,21,536,68,108,5,717,0,0,0,717
08/30/2017,MDW,IL,AGL,CE,Towers with Radar,528,75,99,0,702,0,11,27,0,38,528,86,126,0,740,0,0,0,740
08/31/2017,MDW,IL,AGL,CE,Towers with Radar,544,92,89,1,726,0,3,18,9,30,544,95,107,10,756,0,0,0,756
09/01/2017,MDW,IL,AGL,CE,Towers with Radar,539,79,75,2,695,0,5,18,1,24,539,84,93,3,719,0,0,0,719
09/02/2017,MDW,IL,AGL,CE,Towers with Radar,407,29,46,0,482,0,4,23,0,27,407,33,69,0,509,0,0,0,509
09/03/2017,MDW,IL,AGL,CE,Towers with Radar,410,46,14,0,470,0,1,18,0,19,410,47,32,0,489,0,0,0,489
09/04/2017,MDW,IL,AGL,CE,Towers with Radar,512,68,53,0,633,0,0,16,0,16,512,68,69,0,649,0,0,0,649
09/05/2017,MDW,IL,AGL,CE,Towers with Radar,523,72,104,0,699,0,1,10,5,16,523,73,114,5,715,0,0,0,715
09/06/2017,MDW,IL,AGL,CE,Towers with Radar,536,76,132,0,744,0,2,13,6,21,536,78,145,6,765,0,0,0,765
09/07/2017,MDW,IL,AGL,CE,Towers with Radar,539,108,156,0,803,0,9,19,9,37,539,117,175,9,840,0,0,0,840
09/08/2017,MDW,IL,AGL,CE,Towers with Radar,540,106,155,2,803,0,5,38,1,44,540,111,193,3,847,0,0,0,847
09/09/2017,MDW,IL,AGL,CE,Towers with Radar,427,69,82,0,578,0,0,20,3,23,427,69,102,3,601,0,0,0,601
09/10/2017,MDW,IL,AGL,CE,Towers with Radar,487,91,119,0,697,0,0,25,2,27,487,91,144,2,724,0,0,0,724
09/11/2017,MDW,IL,AGL,CE,Towers with Radar,488,93,97,0,678,0,7,24,3,34,488,100,121,3,712,0,0,0,712
09/12/2017,MDW,IL,AGL,CE,Towers with Radar,504,119,119,0,742,0,7,21,5,33,504,126,140,5,775,0,0,0,775
09/13/2017,MDW,IL,AGL,CE,Towers with Radar,526,100,155,0,781,0,10,7,1,18,526,110,162,1,799,0,0,0,799
09/14/2017,MDW,IL,AGL,CE,Towers with Radar,455,96,121,0,672,0,0,18,4,22,455,96,139,4,694,0,0,0,694
09/15/2017,MDW,IL,AGL,CE,Towers with Radar,545,76,154,0,775,0,10,26,0,36,545,86,180,0,811,0,0,0,811
09/16/2017,MDW,IL,AGL,CE,Towers with Radar,447,35,49,0,531,0,1,26,4,31,447,36,75,4,562,0,0,0,562
09/17/2017,MDW,IL,AGL,CE,Towers with Radar,511,81,74,0,666,0,2,16,2,20,511,83,90,2,686,0,0,0,686
09/18/2017,MDW,IL,AGL,CE,Towers with Radar,544,91,107,0,742,0,10,17,0,27,544,101,124,0,769,0,0,0,769
09/19/2017,MDW,IL,AGL,CE,Towers with Radar,541,82,121,0,744,0,8,8,1,17,541,90,129,1,761,0,0,0,761
09/20/2017,MDW,IL,AGL,CE,Towers with Radar,516,82,116,0,714,0,4,24,3,31,516,86,140,3,745,0,0,0,745
09/21/2017,MDW,IL,AGL,CE,Towers with Radar,536,93,101,0,730,0,3,26,5,34,536,96,127,5,764,0,0,0,764
09/22/2017,MDW,IL,AGL,CE,Towers with Radar,541,69,97,2,709,0,5,30,0,35,541,74,127,2,744,0,0,0,744
09/23/2017,MDW,IL,AGL,CE,Towers with Radar,448,43,44,0,535,0,2,42,0,44,448,45,86,0,579,0,0,0,579
09/24/2017,MDW,IL,AGL,CE,Towers with Radar,512,70,88,2,672,0,4,21,3,28,512,74,109,5,700,0,0,0,700
09/25/2017,MDW,IL,AGL,CE,Towers with Radar,546,115,98,0,759,0,10,18,1,29,546,125,116,1,788,0,0,0,788
09/26/2017,MDW,IL,AGL,CE,Towers with Radar,539,92,147,0,778,0,7,13,4,24,539,99,160,4,802,0,0,0,802
09/27/2017,MDW,IL,AGL,CE,Towers with Radar,536,94,158,0,788,0,6,22,0,28,536,100,180,0,816,0,0,0,816
09/28/2017,MDW,IL,AGL,CE,Towers with Radar,545,107,146,0,798,0,3,23,3,29,545,110,169,3,827,0,0,0,827
09/29/2017,MDW,IL,AGL,CE,Towers with Radar,547,79,93,0,719,0,2,38,0,40,547,81,131,0,759,0,0,0,759
09/30/2017,MDW,IL,AGL,CE,Towers with Radar,436,36,47,2,521,0,3,19,0,22,436,39,66,2,543,0,0,0,543
10/01/2017,MDW,IL,AGL,CE,Towers with Radar,511,78,81,0,670,0,3,21,0,24,511,81,102,0,694,0,0,0,694
10/02/2017,MDW,IL,AGL,CE,Towers with Radar,532,76,85,0,693,0,5,17,0,22,532,81,102,0,715,0,0,0,715
10/03/2017,MDW,IL,AGL,CE,Towers with Radar,530,112,113,0,755,0,8,10,2,20,530,120,123,2,775,0,0,0,775
10/04/2017,MDW,IL,AGL,CE,Towers with Radar,538,90,101,2,731,0,0,14,0,14,538,90,115,2,745,0,0,0,745
10/05/2017,MDW,IL,AGL,CE,Towers with Radar,540,113,114,0,767,0,5,16,8,29,540,118,130,8,796,0,0,0,796
10/06/2017,MDW,IL,AGL,CE,Towers with Radar,539,100,72,0,711,0,3,0,0,3,539,103,72,0,714,0,0,0,714
10/07/2017,MDW,IL,AGL,CE,Towers with Radar,453,41,42,0,536,0,3,10,0,13,453,44,52,0,549,0,0,0,549
10/08/2017,MDW,IL,AGL,CE,Towers with Radar,507,73,77,2,659,0,5,31,2,38,507,78,108,4,697,0,0,0,697
10/09/2017,MDW,IL,AGL,CE,Towers with Radar,532,105,120,0,757,0,6,29,0,35,532,111,149,0,792,0,0,0,792
10/10/2017,MDW,IL,AGL,CE,Towers with Radar,537,78,112,0,727,0,2,10,0,12,537,80,122,0,739,0,0,0,739
10/11/2017,MDW,IL,AGL,CE,Towers with Radar,534,70,119,0,723,0,0,1,0,1,534,70,120,0,724,0,0,0,724
10/12/2017,MDW,IL,AGL,CE,Towers with Radar,536,79,125,0,740,0,14,9,0,23,536,93,134,0,763,0,0,0,763
10/13/2017,MDW,IL,AGL,CE,Towers with Radar,545,80,94,2,721,0,7,16,0,23,545,87,110,2,744,0,0,0,744
10/14/2017,MDW,IL,AGL,CE,Towers with Radar,399,39,21,0,459,0,0,0,0,0,399,39,21,0,459,0,0,0,459
10/15/2017,MDW,IL,AGL,CE,Towers with Radar,514,104,82,2,702,0,1,10,0,11,514,105,92,2,713,0,0,0,713
10/16/2017,MDW,IL,AGL,CE,Towers with Radar,537,66,98,0,701,0,10,19,0,29,537,76,117,0,730,0,0,0,730
10/17/2017,MDW,IL,AGL,CE,Towers with Radar,534,117,132,0,783,0,3,25,0,28,534,120,157,0,811,0,0,0,811
10/18/2017,MDW,IL,AGL,CE,Towers with Radar,533,131,165,0,829,0,10,14,2,26,533,141,179,2,855,0,0,0,855
10/19/2017,MDW,IL,AGL,CE,Towers with Radar,537,135,188,0,860,0,6,23,3,32,537,141,211,3,892,0,0,0,892
10/20/2017,MDW,IL,AGL,CE,Towers with Radar,540,98,130,0,768,0,6,23,0,29,540,104,153,0,797,0,0,0,797
10/21/2017,MDW,IL,AGL,CE,Towers with Radar,439,59,52,0,550,0,0,24,0,24,439,59,76,0,574,0,0,0,574
10/22/2017,MDW,IL,AGL,CE,Towers with Radar,506,106,93,0,705,0,1,2,0,3,506,107,95,0,708,0,0,0,708
10/23/2017,MDW,IL,AGL,CE,Towers with Radar,538,80,76,2,696,0,1,4,0,5,538,81,80,2,701,0,0,0,701
10/24/2017,MDW,IL,AGL,CE,Towers with Radar,519,74,103,0,696,0,0,2,0,2,519,74,105,0,698,0,0,0,698
10/25/2017,MDW,IL,AGL,CE,Towers with Radar,532,89,113,2,736,0,4,47,4,55,532,93,160,6,791,0,0,0,791
10/26/2017,MDW,IL,AGL,CE,Towers with Radar,552,98,97,0,747,0,11,22,2,35,552,109,119,2,782,0,0,0,782
10/27/2017,MDW,IL,AGL,CE,Towers with Radar,538,92,86,0,716,0,1,14,0,15,538,93,100,0,731,0,0,0,731
10/28/2017,MDW,IL,AGL,CE,Towers with Radar,432,26,32,2,492,0,0,12,0,12,432,26,44,2,504,0,0,0,504
10/29/2017,MDW,IL,AGL,CE,Towers with Radar,501,77,71,0,649,0,2,31,0,33,501,79,102,0,682,0,0,0,682
10/30/2017,MDW,IL,AGL,CE,Towers with Radar,526,72,80,0,678,0,6,6,0,12,526,78,86,0,690,0,0,0,690
10/31/2017,MDW,IL,AGL,CE,Towers with Radar,494,80,65,0,639,0,9,18,0,27,494,89,83,0,666,0,0,0,666
11/01/2017,MDW,IL,AGL,CE,Towers with Radar,524,98,123,0,745,0,7,8,0,15,524,105,131,0,760,0,0,0,760
11/02/2017,MDW,IL,AGL,CE,Towers with Radar,528,104,112,0,744,0,0,0,0,0,528,104,112,0,744,0,0,0,744
11/03/2017,MDW,IL,AGL,CE,Towers with Radar,534,106,106,0,746,0,7,25,3,35,534,113,131,3,781,0,0,0,781
11/04/2017,MDW,IL,AGL,CE,Towers with Radar,437,61,33,2,533,0,1,1,0,2,437,62,34,2,535,0,0,0,535
11/05/2017,MDW,IL,AGL,CE,Towers with Radar,469,70,63,0,602,0,1,3,0,4,469,71,66,0,606,0,0,0,606
11/06/2017,MDW,IL,AGL,CE,Towers with Radar,523,96,119,0,738,0,6,31,2,39,523,102,150,2,777,0,0,0,777
11/07/2017,MDW,IL,AGL,CE,Towers with Radar,511,92,160,0,763,0,11,21,0,32,511,103,181,0,795,0,0,0,795
11/08/2017,MDW,IL,AGL,CE,Towers with Radar,519,86,189,0,794,0,3,26,0,29,519,89,215,0,823,0,0,0,823
11/09/2017,MDW,IL,AGL,CE,Towers with Radar,517,94,125,0,736,0,12,9,0,21,517,106,134,0,757,0,0,0,757
11/10/2017,MDW,IL,AGL,CE,Towers with Radar,513,58,102,1,674,0,3,22,0,25,513,61,124,1,699,0,0,0,699
11/11/2017,MDW,IL,AGL,CE,Towers with Radar,417,42,40,1,500,0,2,18,0,20,417,44,58,1,520,0,0,0,520
11/12/2017,MDW,IL,AGL,CE,Towers with Radar,503,92,96,0,691,0,0,5,0,5,503,92,101,0,696,0,0,0,696
11/13/2017,MDW,IL,AGL,CE,Towers with Radar,526,82,117,0,725,0,4,6,0,10,526,86,123,0,735,0,0,0,735
11/14/2017,MDW,IL,AGL,CE,Towers with Radar,529,135,160,0,824,0,0,16,0,16,529,135,176,0,840,0,0,0,840
11/15/2017,MDW,IL,AGL,CE,Towers with Radar,517,86,147,0,750,0,7,8,0,15,517,93,155,0,765,0,0,0,765
11/16/2017,MDW,IL,AGL,CE,Towers with Radar,527,87,118,0,732,0,4,15,0,19,527,91,133,0,751,0,0,0,751
11/17/2017,MDW,IL,AGL,CE,Towers with Radar,544,91,73,0,708,0,8,3,0,11,544,99,76,0,719,0,0,0,719
11/18/2017,MDW,IL,AGL,CE,Towers with Radar,494,46,30,0,570,0,0,0,0,0,494,46,30,0,570,0,0,0,570
11/19/2017,MDW,IL,AGL,CE,Towers with Radar,503,79,62,0,644,0,5,32,0,37,503,84,94,0,681,0,0,0,681
11/20/2017,MDW,IL,AGL,CE,Towers with Radar,509,68,70,0,647,0,6,9,1,16,509,74,79,1,663,0,0,0,663
11/21/2017,MDW,IL,AGL,CE,Towers with Radar,553,96,69,0,718,0,6,19,0,25,553,102,88,0,743,0,0,0,743
11/22/2017,MDW,IL,AGL,CE,Towers with Radar,562,84,89,0,735,0,7,27,0,34,562,91,116,0,769,0,0,0,769
11/23/2017,MDW,IL,AGL,CE,Towers with Radar,331,20,13,0,364,0,1,10,0,11,331,21,23,0,375,0,0,0,375
11/24/2017,MDW,IL,AGL,CE,Towers with Radar,410,40,33,0,483,0,4,9,0,13,410,44,42,0,496,0,0,0,496
11/25/2017,MDW,IL,AGL,CE,Towers with Radar,517,50,24,0,591,0,4,13,0,17,517,54,37,0,608,0,0,0,608
11/26/2017,MDW,IL,AGL,CE,Towers with Radar,560,110,90,0,760,0,2,24,0,26,560,112,114,0,786,0,0,0,786
11/27/2017,MDW,IL,AGL,CE,Towers with Radar,568,81,77,0,726,0,8,20,0,28,568,89,97,0,754,0,0,0,754
11/28/2017,MDW,IL,AGL,CE,Towers with Radar,521,68,86,0,675,0,3,11,1,15,521,71,97,1,690,0,0,0,690
11/29/2017,MDW,IL,AGL,CE,Towers with Radar,500,102,85,2,689,0,4,13,0,17,500,106,98,2,706,0,0,0,706
11/30/2017,MDW,IL,AGL,CE,Towers with Radar,503,113,103,0,719,0,6,27,0,33,503,119,130,0,752,0,0,0,752
12/01/2017,MDW,IL,AGL,CE,Towers with Radar,504,76,91,0,671,0,6,16,0,22,504,82,107,0,693,0,0,0,693
12/02/2017,MDW,IL,AGL,CE,Towers with Radar,412,40,34,0,486,0,0,36,0,36,412,40,70,0,522,0,0,0,522
12/03/2017,MDW,IL,AGL,CE,Towers with Radar,471,70,72,0,613,0,7,24,0,31,471,77,96,0,644,0,0,0,644
12/04/2017,MDW,IL,AGL,CE,Towers with Radar,508,70,92,0,670,0,5,1,0,6,508,75,93,0,676,0,0,0,676
12/05/2017,MDW,IL,AGL,CE,Towers with Radar,500,87,96,0,683,0,10,7,0,17,500,97,103,0,700,0,0,0,700
12/06/2017,MDW,IL,AGL,CE,Towers with Radar,509,95,96,0,700,0,4,21,0,25,509,99,117,0,725,0,0,0,725
12/07/2017,MDW,IL,AGL,CE,Towers with Radar,508,92,109,0,709,0,6,24,0,30,508,98,133,0,739,0,0,0,739
12/08/2017,MDW,IL,AGL,CE,Towers with Radar,491,85,78,1,655,0,2,25,0,27,491,87,103,1,682,0,0,0,682
12/09/2017,MDW,IL,AGL,CE,Towers with Radar,410,37,45,0,492,0,0,4,0,4,410,37,49,0,496,0,0,0,496
12/10/2017,MDW,IL,AGL,CE,Towers with Radar,461,59,63,0,583,0,2,18,0,20,461,61,81,0,603,0,0,0,603
12/11/2017,MDW,IL,AGL,CE,Towers with Radar,500,74,89,0,663,0,0,12,0,12,500,74,101,0,675,0,0,0,675
12/12/2017,MDW,IL,AGL,CE,Towers with Radar,507,73,93,0,673,0,1,14,0,15,507,74,107,0,688,0,0,0,688
12/13/2017,MDW,IL,AGL,CE,Towers with Radar,505,71,82,0,658,0,5,7,0,12,505,76,89,0,670,0,0,0,670
12/14/2017,MDW,IL,AGL,CE,Towers with Radar,499,95,96,2,692,0,3,14,0,17,499,98,110,2,709,0,0,0,709
12/15/2017,MDW,IL,AGL,CE,Towers with Radar,503,85,73,0,661,0,6,14,0,20,503,91,87,0,681,0,0,0,681
12/16/2017,MDW,IL,AGL,CE,Towers with Radar,418,34,28,0,480,0,0,28,0,28,418,34,56,0,508,0,0,0,508
12/17/2017,MDW,IL,AGL,CE,Towers with Radar,445,78,52,0,575,0,2,12,0,14,445,80,64,0,589,0,0,0,589
12/18/2017,MDW,IL,AGL,CE,Towers with Radar,497,71,59,0,627,0,2,2,0,4,497,73,61,0,631,0,0,0,631
12/19/2017,MDW,IL,AGL,CE,Towers with Radar,508,87,63,0,658,0,10,17,0,27,508,97,80,0,685,0,0,0,685
12/20/2017,MDW,IL,AGL,CE,Towers with Radar,537,96,70,0,703,0,11,20,0,31,537,107,90,0,734,0,0,0,734
12/21/2017,MDW,IL,AGL,CE,Towers with Radar,523,98,68,0,689,0,8,22,1,31,523,106,90,1,720,0,0,0,720
12/22/2017,MDW,IL,AGL,CE,Towers with Radar,527,78,47,0,652,0,6,17,0,23,527,84,64,0,675,0,0,0,675
12/23/2017,MDW,IL,AGL,CE,Towers with Radar,488,81,42,0,611,0,1,12,0,13,488,82,54,0,624,0,0,0,624
12/24/2017,MDW,IL,AGL,CE,Towers with Radar,397,47,15,0,459,0,1,1,0,2,397,48,16,0,461,0,0,0,461
12/25/2017,MDW,IL,AGL,CE,Towers with Radar,398,46,14,0,458,0,0,2,0,2,398,46,16,0,460,0,0,0,460
12/26/2017,MDW,IL,AGL,CE,Towers with Radar,515,96,54,0,665,0,4,7,1,12,515,100,61,1,677,0,0,0,677
12/27/2017,MDW,IL,AGL,CE,Towers with Radar,520,65,49,0,634,0,4,6,0,10,520,69,55,0,644,0,0,0,644
12/28/2017,MDW,IL,AGL,CE,Towers with Radar,442,88,26,0,556,0,4,5,0,9,442,92,31,0,565,0,0,0,565
12/29/2017,MDW,IL,AGL,CE,Towers with Radar,471,53,19,0,543,0,2,6,0,8,471,55,25,0,551,0,0,0,551
12/30/2017,MDW,IL,AGL,CE,Towers with Radar,496,45,34,0,575,0,1,7,0,8,496,46,41,0,583,0,0,0,583
12/31/2017,MDW,IL,AGL,CE,Towers with Radar,420,46,23,0,489,0,3,15,0,18,420,49,38,0,507,0,0,0,507
01/01/2018,MDW,IL,AGL,CE,Towers with Radar,479,52,38,0,569,0,3,5,0,8,479,55,43,0,577,0,0,0,577
01/02/2018,MDW,IL,AGL,CE,Towers with Radar,522,84,36,0,642,0,2,5,0,7,522,86,41,0,649,0,0,0,649
01/03/2018,MDW,IL,AGL,CE,Towers with Radar,497,55,43,0,595,0,13,12,0,25,497,68,55,0,620,0,0,0,620
01/04/2018,MDW,IL,AGL,CE,Towers with Radar,419,59,61,0,539,0,6,9,0,15,419,65,70,0,554,0,0,0,554
01/05/2018,MDW,IL,AGL,CE,Towers with Radar,477,87,55,0,619,0,4,10,0,14,477,91,65,0,633,0,0,0,633
01/06/2018,MDW,IL,AGL,CE,Towers with Radar,390,65,27,0,482,0,0,17,0,17,390,65,44,0,499,0,0,0,499
01/07/2018,MDW,IL,AGL,CE,Towers with Radar,444,61,33,0,538,0,0,2,0,2,444,61,35,0,540,0,0,0,540
01/08/2018,MDW,IL,AGL,CE,Towers with Radar,447,61,54,0,562,0,3,9,0,12,447,64,63,0,574,0,0,0,574
01/09/2018,MDW,IL,AGL,CE,Towers with Radar,453,42,32,0,527,0,0,0,0,0,453,42,32,0,527,0,0,0,527
01/10/2018,MDW,IL,AGL,CE,Towers with Radar,465,61,55,0,581,0,0,2,0,2,465,61,57,0,583,0,0,0,583
01/11/2018,MDW,IL,AGL,CE,Towers with Radar,421,91,82,0,594,0,0,2,0,2,421,91,84,0,596,0,0,0,596
01/12/2018,MDW,IL,AGL,CE,Towers with Radar,401,79,66,0,546,0,0,4,0,4,401,79,70,0,550,0,0,0,550
01/13/2018,MDW,IL,AGL,CE,Towers with Radar,357,37,25,0,419,0,0,10,0,10,357,37,35,0,429,0,0,0,429
01/14/2018,MDW,IL,AGL,CE,Towers with Radar,409,37,40,0,486,0,1,20,1,22,409,38,60,1,508,0,0,0,508
01/15/2018,MDW,IL,AGL,CE,Towers with Radar,423,86,76,0,585,0,1,1,0,2,423,87,77,0,587,0,0,0,587
01/16/2018,MDW,IL,AGL,CE,Towers with Radar,439,72,61,0,572,0,0,10,0,10,439,72,71,0,582,0,0,0,582
01/17/2018,MDW,IL,AGL,CE,Towers with Radar,433,76,55,0,564,0,11,13,0,24,433,87,68,0,588,0,0,0,588
01/18/2018,MDW,IL,AGL,CE,Towers with Radar,453,102,83,0,638,0,9,14,0,23,453,111,97,0,661,0,0,0,661
01/19/2018,MDW,IL,AGL,CE,Towers with Radar,474,70,55,0,599,0,6,22,0,28,474,76,77,0,627,0,0,0,627
01/20/2018,MDW,IL,AGL,CE,Towers with Radar,356,35,32,0,423,0,2,21,0,23,356,37,53,0,446,0,0,0,446
01/21/2018,MDW,IL,AGL,CE,Towers with Radar,322,72,49,0,443,0,0,0,0,0,322,72,49,0,443,0,0,0,443
01/22/2018,MDW,IL,AGL,CE,Towers with Radar,421,84,75,0,580,0,6,4,0,10,421,90,79,0,590,0,0,0,590
01/23/2018,MDW,IL,AGL,CE,Towers with Radar,467,72,78,0,617,0,1,7,0,8,467,73,85,0,625,0,0,0,625
01/24/2018,MDW,IL,AGL,CE,Towers with Radar,463,93,73,0,629,0,4,5,0,9,463,97,78,0,638,0,0,0,638
01/25/2018,MDW,IL,AGL,CE,Towers with Radar,462,118,66,0,646,0,4,19,0,23,462,122,85,0,669,0,0,0,669
01/26/2018,MDW,IL,AGL,CE,Towers with Radar,477,57,50,0,584,0,9,8,0,17,477,66,58,0,601,0,0,0,601
01/27/2018,MDW,IL,AGL,CE,Towers with Radar,351,33,33,0,417,0,1,12,0,13,351,34,45,0,430,0,0,0,430
01/28/2018,MDW,IL,AGL,CE,Towers with Radar,416,54,43,0,513,0,2,18,0,20,416,56,61,0,533,0,0,0,533
01/29/2018,MDW,IL,AGL,CE,Towers with Radar,458,84,60,0,602,0,2,6,0,8,458,86,66,0,610,0,0,0,610
01/30/2018,MDW,IL,AGL,CE,Towers with Radar,462,87,69,0,618,0,0,16,0,16,462,87,85,0,634,0,0,0,634
01/31/2018,MDW,IL,AGL,CE,Towers with Radar,459,87,103,0,649,0,5,15,0,20,459,92,118,0,669,0,0,0,669
02/01/2018,MDW,IL,AGL,CE,Towers with Radar,460,87,93,0,640,0,5,13,0,18,460,92,106,0,658,0,0,0,658
02/02/2018,MDW,IL,AGL,CE,Towers with Radar,473,72,57,0,602,0,2,19,0,21,473,74,76,0,623,0,0,0,623
02/03/2018,MDW,IL,AGL,CE,Towers with Radar,353,43,36,0,432,0,1,11,0,12,353,44,47,0,444,0,0,0,444
02/04/2018,MDW,IL,AGL,CE,Towers with Radar,348,69,45,0,462,0,0,3,0,3,348,69,48,0,465,0,0,0,465
02/05/2018,MDW,IL,AGL,CE,Towers with Radar,418,104,77,0,599,0,7,4,0,11,418,111,81,0,610,0,0,0,610
02/06/2018,MDW,IL,AGL,CE,Towers with Radar,460,85,68,0,613,0,4,11,0,15,460,89,79,0,628,0,0,0,628
02/07/2018,MDW,IL,AGL,CE,Towers with Radar,407,76,88,0,571,0,0,4,0,4,407,76,92,0,575,0,0,0,575
02/08/2018,MDW,IL,AGL,CE,Towers with Radar,392,79,87,0,558,0,5,7,1,13,392,84,94,1,571,0,0,0,571
02/09/2018,MDW,IL,AGL,CE,Towers with Radar,151,32,31,0,214,0,0,0,0,0,151,32,31,0,214,0,0,0,214
02/10/2018,MDW,IL,AGL,CE,Towers with Radar,326,35,19,0,380,0,0,5,0,5,326,35,24,0,385,0,0,0,385
02/11/2018,MDW,IL,AGL,CE,Towers with Radar,158,52,44,0,254,0,0,7,0,7,158,52,51,0,261,0,0,0,261
02/12/2018,MDW,IL,AGL,CE,Towers with Radar,449,71,77,0,597,0,0,15,0,15,449,71,92,0,612,0,0,0,612
02/13/2018,MDW,IL,AGL,CE,Towers with Radar,457,86,77,0,620,0,3,14,0,17,457,89,91,0,637,0,0,0,637
02/14/2018,MDW,IL,AGL,CE,Towers with Radar,377,82,69,0,528,0,11,7,0,18,377,93,76,0,546,0,0,0,546
02/15/2018,MDW,IL,AGL,CE,Towers with Radar,216,72,75,0,363,0,0,4,0,4,216,72,79,0,367,0,0,0,367
02/16/2018,MDW,IL,AGL,CE,Towers with Radar,481,75,76,0,632,0,2,23,0,25,481,77,99,0,657,0,0,0,657
02/17/2018,MDW,IL,AGL,CE,Towers with Radar,354,34,24,0,412,0,6,16,0,22,354,40,40,0,434,0,0,0,434
02/18/2018,MDW,IL,AGL,CE,Towers with Radar,407,51,46,0,504,0,1,23,0,24,407,52,69,0,528,0,0,0,528
02/19/2018,MDW,IL,AGL,CE,Towers with Radar,443,76,79,0,598,0,2,0,0,2,443,78,79,0,600,0,0,0,600
02/20/2018,MDW,IL,AGL,CE,Towers with Radar,414,81,72,0,567,0,0,0,0,0,414,81,72,0,567,0,0,0,567
02/21/2018,MDW,IL,AGL,CE,Towers with Radar,447,110,97,0,654,0,4,12,0,16,447,114,109,0,670,0,0,0,670
02/22/2018,MDW,IL,AGL,CE,Towers with Radar,466,89,105,0,660,0,6,16,0,22,466,95,121,0,682,0,0,0,682
02/23/2018,MDW,IL,AGL,CE,Towers with Radar,475,84,63,0,622,0,0,8,0,8,475,84,71,0,630,0,0,0,630
02/24/2018,MDW,IL,AGL,CE,Towers with Radar,354,44,31,0,429,0,0,4,0,4,354,44,35,0,433,0,0,0,433
02/25/2018,MDW,IL,AGL,CE,Towers with Radar,424,80,55,0,559,0,2,11,0,13,424,82,66,0,572,0,0,0,572
02/26/2018,MDW,IL,AGL,CE,Towers with Radar,463,73,82,0,618,0,3,19,0,22,463,76,101,0,640,0,0,0,640
02/27/2018,MDW,IL,AGL,CE,Towers with Radar,463,95,92,0,650,0,4,19,0,23,463,99,111,0,673,0,0,0,673
02/28/2018,MDW,IL,AGL,CE,Towers with Radar,470,81,74,0,625,0,4,9,0,13,470,85,83,0,638,0,0,0,638
03/01/2018,MDW,IL,AGL,CE,Towers with Radar,469,85,80,1,635,0,2,2,0,4,469,87,82,1,639,0,0,0,639
03/02/2018,MDW,IL,AGL,CE,Towers with Radar,435,66,63,0,564,0,2,35,0,37,435,68,98,0,601,0,0,0,601
03/03/2018,MDW,IL,AGL,CE,Towers with Radar,352,57,38,1,448,0,2,17,0,19,352,59,55,1,467,0,0,0,467
03/04/2018,MDW,IL,AGL,CE,Towers with Radar,419,84,47,2,552,0,1,20,0,21,419,85,67,2,573,0,0,0,573
03/05/2018,MDW,IL,AGL,CE,Towers with Radar,438,56,65,0,559,0,7,6,0,13,438,63,71,0,572,0,0,0,572
03/06/2018,MDW,IL,AGL,CE,Towers with Radar,457,66,62,0,585,0,1,8,0,9,457,67,70,0,594,0,0,0,594
03/07/2018,MDW,IL,AGL,CE,Towers with Radar,431,64,78,0,573,0,2,16,0,18,431,66,94,0,591,0,0,0,591
03/08/2018,MDW,IL,AGL,CE,Towers with Radar,500,86,86,0,672,0,1,13,0,14,500,87,99,0,686,0,0,0,686
03/09/2018,MDW,IL,AGL,CE,Towers with Radar,523,99,63,0,685,0,4,24,0,28,523,103,87,0,713,0,0,0,713
03/10/2018,MDW,IL,AGL,CE,Towers with Radar,458,49,36,0,543,0,1,48,0,49,458,50,84,0,592,0,0,0,592
03/11/2018,MDW,IL,AGL,CE,Towers with Radar,497,73,59,0,629,0,2,27,0,29,497,75,86,0,658,0,0,0,658
03/12/2018,MDW,IL,AGL,CE,Towers with Radar,528,77,67,3,675,0,1,23,2,26,528,78,90,5,701,0,0,0,701
03/13/2018,MDW,IL,AGL,CE,Towers with Radar,491,75,90,0,656,0,3,5,0,8,491,78,95,0,664,0,0,0,664
03/14/2018,MDW,IL,AGL,CE,Towers with Radar,514,75,92,0,681,0,0,24,0,24,514,75,116,0,705,0,0,0,705
03/15/2018,MDW,IL,AGL,CE,Towers with Radar,522,104,74,0,700,0,6,14,0,20,522,110,88,0,720,0,0,0,720
03/16/2018,MDW,IL,AGL,CE,Towers with Radar,537,64,81,1,683,0,2,7,0,9,537,66,88,1,692,0,0,0,692
03/17/2018,MDW,IL,AGL,CE,Towers with Radar,457,46,33,0,536,0,0,18,0,18,457,46,51,0,554,0,0,0,554
03/18/2018,MDW,IL,AGL,CE,Towers with Radar,505,65,58,0,628,0,1,29,0,30,505,66,87,0,658,0,0,0,658
03/19/2018,MDW,IL,AGL,CE,Towers with Radar,516,71,70,0,657,0,0,7,0,7,516,71,77,0,664,0,0,0,664
03/20/2018,MDW,IL,AGL,CE,Towers with Radar,508,86,80,0,674,0,0,16,0,16,508,86,96,0,690,0,0,0,690
03/21/2018,MDW,IL,AGL,CE,Towers with Radar,473,84,66,0,623,0,5,9,0,14,473,89,75,0,637,0,0,0,637
03/22/2018,MDW,IL,AGL,CE,Towers with Radar,498,103,113,0,714,0,1,20,0,21,498,104,133,0,735,0,0,0,735
03/23/2018,MDW,IL,AGL,CE,Towers with Radar,535,69,61,0,665,0,2,20,0,22,535,71,81,0,687,0,0,0,687
03/24/2018,MDW,IL,AGL,CE,Towers with Radar,457,67,39,0,563,0,0,20,0,20,457,67,59,0,583,0,0,0,583
03/25/2018,MDW,IL,AGL,CE,Towers with Radar,499,81,51,0,631,0,0,15,0,15,499,81,66,0,646,0,0,0,646
03/26/2018,MDW,IL,AGL,CE,Towers with Radar,522,69,62,0,653,0,0,14,0,14,522,69,76,0,667,0,0,0,667
03/27/2018,MDW,IL,AGL,CE,Towers with Radar,525,58,73,0,656,0,2,6,0,8,525,60,79,0,664,0,0,0,664
03/28/2018,MDW,IL,AGL,CE,Towers with Radar,514,86,99,0,699,0,1,24,0,25,514,87,123,0,724,0,0,0,724
03/29/2018,MDW,IL,AGL,CE,Towers with Radar,536,64,82,0,682,0,0,12,1,13,536,64,94,1,695,0,0,0,695
03/30/2018,MDW,IL,AGL,CE,Towers with Radar,528,73,58,0,659,0,1,24,0,25,528,74,82,0,684,0,0,0,684
03/31/2018,MDW,IL,AGL,CE,Towers with Radar,464,57,42,0,563,0,3,2,1,6,464,60,44,1,569,0,0,0,569
04/01/2018,MDW,IL,AGL,CE,Towers with Radar,499,77,44,0,620,0,0,16,0,16,499,77,60,0,636,0,0,0,636
04/02/2018,MDW,IL,AGL,CE,Towers with Radar,502,82,84,0,668,0,5,17,0,22,502,87,101,0,690,0,0,0,690
04/03/2018,MDW,IL,AGL,CE,Towers with Radar,501,56,73,0,630,0,0,0,0,0,501,56,73,0,630,0,0,0,630
04/04/2018,MDW,IL,AGL,CE,Towers with Radar,556,78,83,0,717,0,0,14,0,14,556,78,97,0,731,0,0,0,731
04/05/2018,MDW,IL,AGL,CE,Towers with Radar,540,62,94,0,696,0,1,10,0,11,540,63,104,0,707,0,0,0,707
04/06/2018,MDW,IL,AGL,CE,Towers with Radar,535,81,64,0,680,0,0,18,0,18,535,81,82,0,698,0,0,0,698
04/07/2018,MDW,IL,AGL,CE,Towers with Radar,470,29,41,0,540,0,0,23,0,23,470,29,64,0,563,0,0,0,563
04/08/2018,MDW,IL,AGL,CE,Towers with Radar,515,73,57,0,645,0,1,14,0,15,515,74,71,0,660,0,0,0,660
04/09/2018,MDW,IL,AGL,CE,Towers with Radar,550,93,105,0,748,0,2,10,1,13,550,95,115,1,761,0,0,0,761
04/10/2018,MDW,IL,AGL,CE,Towers with Radar,541,65,96,0,702,0,1,16,1,18,541,66,112,1,720,0,0,0,720
04/11/2018,MDW,IL,AGL,CE,Towers with Radar,560,88,130,2,780,0,2,14,5,21,560,90,144,7,801,0,0,0,801
04/12/2018,MDW,IL,AGL,CE,Towers with Radar,547,69,81,1,698,0,1,21,1,23,547,70,102,2,721,0,0,0,721
04/13/2018,MDW,IL,AGL,CE,Towers with Radar,552,59,67,1,679,0,0,9,1,10,552,59,76,2,689,0,0,0,689
04/14/2018,MDW,IL,AGL,CE,Towers with Radar,421,24,40,0,485,0,0,0,0,0,421,24,40,0,485,0,0,0,485
04/15/2018,MDW,IL,AGL,CE,Towers with Radar,460,66,54,0,580,0,0,0,0,0,460,66,54,0,580,0,0,0,580
04/16/2018,MDW,IL,AGL,CE,Towers with Radar,545,88,79,0,712,0,4,8,0,12,545,92,87,0,724,0,0,0,724
04/17/2018,MDW,IL,AGL,CE,Towers with Radar,534,80,84,0,698,0,0,25,0,25,534,80,109,0,723,0,0,0,723
04/18/2018,MDW,IL,AGL,CE,Towers with Radar,515,90,76,0,681,0,2,12,0,14,515,92,88,0,695,0,0,0,695
04/19/2018,MDW,IL,AGL,CE,Towers with Radar,537,87,121,1,746,0,7,37,0,44,537,94,158,1,790,0,0,0,790
04/20/2018,MDW,IL,AGL,CE,Towers with Radar,548,45,90,0,683,0,6,29,3,38,548,51,119,3,721,0,0,0,721
04/21/2018,MDW,IL,AGL,CE,Towers with Radar,420,31,60,0,511,0,0,27,0,27,420,31,87,0,538,0,0,0,538
04/22/2018,MDW,IL,AGL,CE,Towers with Radar,498,68,67,0,633,0,1,27,0,28,498,69,94,0,661,0,0,0,661
04/23/2018,MDW,IL,AGL,CE,Towers with Radar,502,72,99,0,673,0,0,19,0,19,502,72,118,0,692,0,0,0,692
04/24/2018,MDW,IL,AGL,CE,Towers with Radar,542,87,122,0,751,0,1,24,0,25,542,88,146,0,776,0,0,0,776
04/25/2018,MDW,IL,AGL,CE,Towers with Radar,541,102,142,0,785,0,10,27,3,40,541,112,169,3,825,0,0,0,825
04/26/2018,MDW,IL,AGL,CE,Towers with Radar,550,89,119,0,758,0,3,16,0,19,550,92,135,0,777,0,0,0,777
04/27/2018,MDW,IL,AGL,CE,Towers with Radar,547,75,80,0,702,0,0,16,1,17,547,75,96,1,719,0,0,0,719
04/28/2018,MDW,IL,AGL,CE,Towers with Radar,421,38,38,0,497,0,0,15,0,15,421,38,53,0,512,0,0,0,512
04/29/2018,MDW,IL,AGL,CE,Towers with Radar,511,62,58,0,631,0,0,23,0,23,511,62,81,0,654,0,0,0,654
04/30/2018,MDW,IL,AGL,CE,Towers with Radar,549,73,68,0,690,0,3,21,0,24,549,76,89,0,714,0,0,0,714
05/01/2018,MDW,IL,AGL,CE,Towers with Radar,545,76,110,0,731,0,6,16,0,22,545,82,126,0,753,0,0,0,753
05/02/2018,MDW,IL,AGL,CE,Towers with Radar,504,59,118,0,681,0,3,9,0,12,504,62,127,0,693,0,0,0,693
05/03/2018,MDW,IL,AGL,CE,Towers with Radar,516,94,116,0,726,0,0,5,2,7,516,94,121,2,733,0,0,0,733
05/04/2018,MDW,IL,AGL,CE,Towers with Radar,545,92,108,0,745,0,3,19,0,22,545,95,127,0,767,0,0,0,767
05/05/2018,MDW,IL,AGL,CE,Towers with Radar,428,60,47,0,535,0,0,41,0,41,428,60,88,0,576,0,0,0,576
05/06/2018,MDW,IL,AGL,CE,Towers with Radar,508,82,95,0,685,0,0,21,1,22,508,82,116,1,707,0,0,0,707
05/07/2018,MDW,IL,AGL,CE,Towers with Radar,543,81,99,0,723,0,4,27,3,34,543,85,126,3,757,0,0,0,757
05/08/2018,MDW,IL,AGL,CE,Towers with Radar,540,92,105,0,737,0,1,29,6,36,540,93,134,6,773,0,0,0,773
05/09/2018,MDW,IL,AGL,CE,Towers with Radar,546,114,108,0,768,0,5,20,0,25,546,119,128,0,793,0,0,0,793
05/10/2018,MDW,IL,AGL,CE,Towers with Radar,536,101,121,1,759,0,9,26,0,35,536,110,147,1,794,0,0,0,794
05/11/2018,MDW,IL,AGL,CE,Towers with Radar,561,79,82,0,722,0,1,28,0,29,561,80,110,0,751,0,0,0,751
05/12/2018,MDW,IL,AGL,CE,Towers with Radar,419,36,37,1,493,0,0,0,0,0,419,36,37,1,493,0,0,0,493
05/13/2018,MDW,IL,AGL,CE,Towers with Radar,492,81,50,0,623,0,0,2,0,2,492,81,52,0,625,0,0,0,625
05/14/2018,MDW,IL,AGL,CE,Towers with Radar,463,79,108,1,651,0,0,13,1,14,463,79,121,2,665,0,0,0,665
05/15/2018,MDW,IL,AGL,CE,Towers with Radar,553,80,142,0,775,0,1,15,0,16,553,81,157,0,791,0,0,0,791
05/16/2018,MDW,IL,AGL,CE,Towers with Radar,547,90,104,0,741,0,1,25,1,27,547,91,129,1,768,0,0,0,768
05/17/2018,MDW,IL,AGL,CE,Towers with Radar,538,96,122,0,756,0,1,27,0,28,538,97,149,0,784,0,0,0,784
05/18/2018,MDW,IL,AGL,CE,Towers with Radar,558,89,115,0,762,0,4,20,11,35,558,93,135,11,797,0,0,0,797
05/19/2018,MDW,IL,AGL,CE,Towers with Radar,433,38,67,0,538,0,0,7,0,7,433,38,74,0,545,0,0,0,545
05/20/2018,MDW,IL,AGL,CE,Towers with Radar,506,78,116,0,700,0,0,4,0,4,506,78,120,0,704,0,0,0,704
05/21/2018,MDW,IL,AGL,CE,Towers with Radar,556,89,106,2,753,0,0,0,0,0,556,89,106,2,753,0,0,0,753
05/22/2018,MDW,IL,AGL,CE,Towers with Radar,529,98,117,0,744,0,0,6,0,6,529,98,123,0,750,0,0,0,750
05/23/2018,MDW,IL,AGL,CE,Towers with Radar,554,115,116,0,785,0,7,20,2,29,554,122,136,2,814,0,0,0,814
05/24/2018,MDW,IL,AGL,CE,Towers with Radar,553,108,110,0,771,0,4,25,0,29,553,112,135,0,800,0,0,0,800
05/25/2018,MDW,IL,AGL,CE,Towers with Radar,558,80,70,0,708,0,3,25,0,28,558,83,95,0,736,0,0,0,736
05/26/2018,MDW,IL,AGL,CE,Towers with Radar,423,30,36,0,489,0,0,29,0,29,423,30,65,0,518,0,0,0,518
05/27/2018,MDW,IL,AGL,CE,Towers with Radar,430,37,32,0,499,0,2,11,0,13,430,39,43,0,512,0,0,0,512
05/28/2018,MDW,IL,AGL,CE,Towers with Radar,502,44,43,0,589,0,2,16,1,19,502,46,59,1,608,0,0,0,608
05/29/2018,MDW,IL,AGL,CE,Towers with Radar,549,63,88,1,701,0,1,29,1,31,549,64,117,2,732,0,0,0,732
05/30/2018,MDW,IL,AGL,CE,Towers with Radar,543,58,87,0,688,0,0,16,0,16,543,58,103,0,704,0,0,0,704
05/31/2018,MDW,IL,AGL,CE,Towers with Radar,537,73,105,1,716,0,2,21,1,24,537,75,126,2,740,0,0,0,740
06/01/2018,MDW,IL,AGL,CE,Towers with Radar,539,63,87,0,689,0,4,31,0,35,539,67,118,0,724,0,0,0,724
06/02/2018,MDW,IL,AGL,CE,Towers with Radar,429,34,45,0,508,0,0,12,0,12,429,34,57,0,520,0,0,0,520
06/03/2018,MDW,IL,AGL,CE,Towers with Radar,509,55,67,0,631,0,0,19,0,19,509,55,86,0,650,0,0,0,650
06/04/2018,MDW,IL,AGL,CE,Towers with Radar,555,89,116,0,760,0,22,22,0,44,555,111,138,0,804,0,0,0,804
06/05/2018,MDW,IL,AGL,CE,Towers with Radar,545,89,106,0,740,0,2,13,0,15,545,91,119,0,755,0,0,0,755
06/06/2018,MDW,IL,AGL,CE,Towers with Radar,546,102,149,0,797,0,0,25,0,25,546,102,174,0,822,0,0,0,822
06/07/2018,MDW,IL,AGL,CE,Towers with Radar,566,103,155,0,824,0,5,12,0,17,566,108,167,0,841,0,0,0,841
06/08/2018,MDW,IL,AGL,CE,Towers with Radar,587,77,102,0,766,0,0,6,0,6,587,77,108,0,772,0,0,0,772
06/09/2018,MDW,IL,AGL,CE,Towers with Radar,507,49,41,0,597,0,0,8,0,8,507,49,49,0,605,0,0,0,605
06/10/2018,MDW,IL,AGL,CE,Towers with Radar,477,94,101,0,672,0,0,0,0,0,477,94,101,0,672,0,0,0,672
06/11/2018,MDW,IL,AGL,CE,Towers with Radar,588,70,106,0,764,0,0,0,1,1,588,70,106,1,765,0,0,0,765
06/12/2018,MDW,IL,AGL,CE,Towers with Radar,572,99,105,0,776,0,6,19,0,25,572,105,124,0,801,0,0,0,801
06/13/2018,MDW,IL,AGL,CE,Towers with Radar,576,91,123,0,790,0,3,15,2,20,576,94,138,2,810,0,0,0,810
06/14/2018,MDW,IL,AGL,CE,Towers with Radar,574,99,126,0,799,0,2,24,0,26,574,101,150,0,825,0,0,0,825
06/15/2018,MDW,IL,AGL,CE,Towers with Radar,589,76,87,1,753,0,4,18,1,23,589,80,105,2,776,0,0,0,776
06/16/2018,MDW,IL,AGL,CE,Towers with Radar,500,36,36,0,572,0,2,36,0,38,500,38,72,0,610,0,0,0,610
06/17/2018,MDW,IL,AGL,CE,Towers with Radar,543,64,41,1,649,0,1,15,1,17,543,65,56,2,666,0,0,0,666
06/18/2018,MDW,IL,AGL,CE,Towers with Radar,506,94,106,0,706,0,1,10,0,11,506,95,116,0,717,0,0,0,717
06/19/2018,MDW,IL,AGL,CE,Towers with Radar,486,94,121,1,702,0,4,6,0,10,486,98,127,1,712,0,0,0,712
06/20/2018,MDW,IL,AGL,CE,Towers with Radar,585,77,137,0,799,0,0,9,3,12,585,77,146,3,811,0,0,0,811
06/21/2018,MDW,IL,AGL,CE,Towers with Radar,572,101,122,0,795,0,0,2,0,2,572,101,124,0,797,0,0,0,797
06/22/2018,MDW,IL,AGL,CE,Towers with Radar,581,81,81,0,743,0,0,0,0,0,581,81,81,0,743,0,0,0,743
06/23/2018,MDW,IL,AGL,CE,Towers with Radar,514,37,39,0,590,0,0,30,0,30,514,37,69,0,620,0,0,0,620
06/24/2018,MDW,IL,AGL,CE,Towers with Radar,521,78,78,0,677,0,2,37,0,39,521,80,115,0,716,0,0,0,716
06/25/2018,MDW,IL,AGL,CE,Towers with Radar,593,98,103,0,794,0,0,26,0,26,593,98,129,0,820,0,0,0,820
06/26/2018,MDW,IL,AGL,CE,Towers with Radar,495,82,99,0,676,0,3,10,0,13,495,85,109,0,689,0,0,0,689
06/27/2018,MDW,IL,AGL,CE,Towers with Radar,578,85,129,0,792,0,1,19,0,20,578,86,148,0,812,0,0,0,812
06/28/2018,MDW,IL,AGL,CE,Towers with Radar,576,70,131,0,777,0,0,29,2,31,576,70,160,2,808,0,0,0,808
06/29/2018,MDW,IL,AGL,CE,Towers with Radar,590,74,94,1,759,0,0,24,0,24,590,74,118,1,783,0,0,0,783
06/30/2018,MDW,IL,AGL,CE,Towers with Radar,509,62,44,1,616,0,0,26,2,28,509,62,70,3,644,0,0,0,644
07/01/2018,MDW,IL,AGL,CE,Towers with Radar,535,64,71,0,670,0,1,14,0,15,535,65,85,0,685,0,0,0,685
07/02/2018,MDW,IL,AGL,CE,Towers with Radar,554,53,35,0,642,0,2,24,2,28,554,55,59,2,670,0,0,0,670
07/03/2018,MDW,IL,AGL,CE,Towers with Radar,489,55,35,0,579,0,5,23,2,30,489,60,58,2,609,0,0,0,609
07/04/2018,MDW,IL,AGL,CE,Towers with Radar,484,23,15,0,522,0,0,6,2,8,484,23,21,2,530,0,0,0,530
07/05/2018,MDW,IL,AGL,CE,Towers with Radar,522,39,44,0,605,0,4,14,3,21,522,43,58,3,626,0,0,0,626
07/06/2018,MDW,IL,AGL,CE,Towers with Radar,561,45,61,0,667,0,2,20,1,23,561,47,81,1,690,0,0,0,690
07/07/2018,MDW,IL,AGL,CE,Towers with Radar,509,56,34,0,599,0,4,36,0,40,509,60,70,0,639,0,0,0,639
07/08/2018,MDW,IL,AGL,CE,Towers with Radar,539,65,48,0,652,0,0,24,0,24,539,65,72,0,676,0,0,0,676
07/09/2018,MDW,IL,AGL,CE,Towers with Radar,568,74,79,0,721,0,1,21,3,25,568,75,100,3,746,0,0,0,746
07/10/2018,MDW,IL,AGL,CE,Towers with Radar,571,60,86,0,717,0,4,21,2,27,571,64,107,2,744,0,0,0,744
07/11/2018,MDW,IL,AGL,CE,Towers with Radar,579,75,93,0,747,0,4,21,1,26,579,79,114,1,773,0,0,0,773
07/12/2018,MDW,IL,AGL,CE,Towers with Radar,572,78,87,2,739,0,0,26,0,26,572,78,113,2,765,0,0,0,765
07/13/2018,MDW,IL,AGL,CE,Towers with Radar,592,70,75,0,737,0,10,20,0,30,592,80,95,0,767,0,0,0,767
07/14/2018,MDW,IL,AGL,CE,Towers with Radar,499,44,42,0,585,0,5,10,0,15,499,49,52,0,600,0,0,0,600
07/15/2018,MDW,IL,AGL,CE,Towers with Radar,539,65,60,0,664,0,0,20,0,20,539,65,80,0,684,0,0,0,684
07/16/2018,MDW,IL,AGL,CE,Towers with Radar,566,80,97,0,743,0,9,20,0,29,566,89,117,0,772,0,0,0,772
07/17/2018,MDW,IL,AGL,CE,Towers with Radar,562,78,93,0,733,0,1,27,0,28,562,79,120,0,761,0,0,0,761
07/18/2018,MDW,IL,AGL,CE,Towers with Radar,569,86,91,0,746,0,1,29,3,33,569,87,120,3,779,0,0,0,779
07/19/2018,MDW,IL,AGL,CE,Towers with Radar,578,79,105,0,762,0,5,15,0,20,578,84,120,0,782,0,0,0,782
07/20/2018,MDW,IL,AGL,CE,Towers with Radar,565,83,76,1,725,0,0,11,2,13,565,83,87,3,738,0,0,0,738
07/21/2018,MDW,IL,AGL,CE,Towers with Radar,504,50,26,2,582,0,0,6,0,6,504,50,32,2,588,0,0,0,588
07/22/2018,MDW,IL,AGL,CE,Towers with Radar,529,84,73,1,687,0,1,15,0,16,529,85,88,1,703,0,0,0,703
07/23/2018,MDW,IL,AGL,CE,Towers with Radar,561,80,97,0,738,0,3,23,1,27,561,83,120,1,765,0,0,0,765
07/24/2018,MDW,IL,AGL,CE,Towers with Radar,557,77,105,0,739,0,5,24,0,29,557,82,129,0,768,0,0,0,768
07/25/2018,MDW,IL,AGL,CE,Towers with Radar,577,89,110,0,776,0,0,35,1,36,577,89,145,1,812,0,0,0,812
07/26/2018,MDW,IL,AGL,CE,Towers with Radar,576,104,105,0,785,0,2,19,3,24,576,106,124,3,809,0,0,0,809
07/27/2018,MDW,IL,AGL,CE,Towers with Radar,555,78,89,0,722,0,1,13,1,15,555,79,102,1,737,0,0,0,737
07/28/2018,MDW,IL,AGL,CE,Towers with Radar,499,51,47,0,597,0,0,35,0,35,499,51,82,0,632,0,0,0,632
07/29/2018,MDW,IL,AGL,CE,Towers with Radar,542,79,80,0,701,0,1,26,0,27,542,80,106,0,728,0,0,0,728
07/30/2018,MDW,IL,AGL,CE,Towers with Radar,573,73,92,0,738,0,1,21,1,23,573,74,113,1,761,0,0,0,761
07/31/2018,MDW,IL,AGL,CE,Towers with Radar,563,66,102,0,731,0,0,18,0,18,563,66,120,0,749,0,0,0,749
08/01/2018,MDW,IL,AGL,CE,Towers with Radar,578,64,97,2,741,0,2,24,2,28,578,66,121,4,769,0,0,0,769
08/02/2018,MDW,IL,AGL,CE,Towers with Radar,570,93,112,0,775,0,9,30,0,39,570,102,142,0,814,0,0,0,814
08/03/2018,MDW,IL,AGL,CE,Towers with Radar,563,85,81,0,729,0,3,29,0,32,563,88,110,0,761,0,0,0,761
08/04/2018,MDW,IL,AGL,CE,Towers with Radar,519,47,40,0,606,0,0,37,0,37,519,47,77,0,643,0,0,0,643
08/05/2018,MDW,IL,AGL,CE,Towers with Radar,541,71,72,0,684,1,1,15,0,17,542,72,87,0,701,0,0,0,701
08/06/2018,MDW,IL,AGL,CE,Towers with Radar,536,84,85,0,705,0,5,9,0,14,536,89,94,0,719,0,0,0,719
08/07/2018,MDW,IL,AGL,CE,Towers with Radar,525,74,126,0,725,0,4,19,1,24,525,78,145,1,749,0,0,0,749
08/08/2018,MDW,IL,AGL,CE,Towers with Radar,507,80,109,0,696,0,4,16,3,23,507,84,125,3,719,0,0,0,719
08/09/2018,MDW,IL,AGL,CE,Towers with Radar,537,114,104,0,755,0,4,19,0,23,537,118,123,0,778,0,0,0,778
08/10/2018,MDW,IL,AGL,CE,Towers with Radar,543,77,82,3,705,0,0,43,2,45,543,77,125,5,750,0,0,0,750
08/11/2018,MDW,IL,AGL,CE,Towers with Radar,446,39,33,0,518,0,4,25,0,29,446,43,58,0,547,0,0,0,547
08/12/2018,MDW,IL,AGL,CE,Towers with Radar,501,86,70,4,661,0,1,21,0,22,501,87,91,4,683,0,0,0,683
08/13/2018,MDW,IL,AGL,CE,Towers with Radar,545,92,82,1,720,0,0,19,0,19,545,92,101,1,739,0,0,0,739
08/14/2018,MDW,IL,AGL,CE,Towers with Radar,529,84,85,0,698,0,3,19,6,28,529,87,104,6,726,0,0,0,726
08/15/2018,MDW,IL,AGL,CE,Towers with Radar,546,63,86,0,695,0,1,16,2,19,546,64,102,2,714,0,0,0,714
08/16/2018,MDW,IL,AGL,CE,Towers with Radar,536,101,104,1,742,0,1,16,0,17,536,102,120,1,759,0,0,0,759
08/17/2018,MDW,IL,AGL,CE,Towers with Radar,539,65,83,0,687,0,3,19,0,22,539,68,102,0,709,0,0,0,709
08/18/2018,MDW,IL,AGL,CE,Towers with Radar,442,52,54,2,550,0,1,28,0,29,442,53,82,2,579,0,0,0,579
08/19/2018,MDW,IL,AGL,CE,Towers with Radar,516,90,62,0,668,0,0,15,1,16,516,90,77,1,684,0,0,0,684
08/20/2018,MDW,IL,AGL,CE,Towers with Radar,514,66,106,0,686,0,2,4,0,6,514,68,110,0,692,0,0,0,692
08/21/2018,MDW,IL,AGL,CE,Towers with Radar,546,86,87,0,719,0,2,11,1,14,546,88,98,1,733,0,0,0,733
08/22/2018,MDW,IL,AGL,CE,Towers with Radar,538,86,78,0,702,0,4,13,0,17,538,90,91,0,719,0,0,0,719
08/23/2018,MDW,IL,AGL,CE,Towers with Radar,536,101,92,0,729,0,0,26,0,26,536,101,118,0,755,0,0,0,755
08/24/2018,MDW,IL,AGL,CE,Towers with Radar,545,64,70,0,679,0,0,7,0,7,545,64,77,0,686,0,0,0,686
08/25/2018,MDW,IL,AGL,CE,Towers with Radar,449,47,38,2,536,0,1,20,0,21,449,48,58,2,557,0,0,0,557
08/26/2018,MDW,IL,AGL,CE,Towers with Radar,512,65,43,0,620,0,0,25,0,25,512,65,68,0,645,0,0,0,645
08/27/2018,MDW,IL,AGL,CE,Towers with Radar,539,75,87,0,701,0,2,15,0,17,539,77,102,0,718,0,0,0,718
08/28/2018,MDW,IL,AGL,CE,Towers with Radar,477,61,101,0,639,0,1,11,1,13,477,62,112,1,652,0,0,0,652
08/29/2018,MDW,IL,AGL,CE,Towers with Radar,541,75,123,0,739,0,1,14,0,15,541,76,137,0,754,0,0,0,754
08/30/2018,MDW,IL,AGL,CE,Towers with Radar,535,82,95,0,712,0,3,29,0,32,535,85,124,0,744,0,0,0,744
08/31/2018,MDW,IL,AGL,CE,Towers with Radar,538,89,83,0,710,0,2,19,0,21,538,91,102,0,731,0,0,0,731
09/01/2018,MDW,IL,AGL,CE,Towers with Radar,405,51,23,0,479,0,5,15,0,20,405,56,38,0,499,0,0,0,499
09/02/2018,MDW,IL,AGL,CE,Towers with Radar,401,45,35,0,481,0,6,16,0,22,401,51,51,0,503,0,0,0,503
09/03/2018,MDW,IL,AGL,CE,Towers with Radar,478,75,54,0,607,0,2,6,0,8,478,77,60,0,615,0,0,0,615
09/04/2018,MDW,IL,AGL,CE,Towers with Radar,546,71,75,0,692,0,1,15,1,17,546,72,90,1,709,0,0,0,709
09/05/2018,MDW,IL,AGL,CE,Towers with Radar,494,70,86,1,651,0,3,14,2,19,494,73,100,3,670,0,0,0,670
09/06/2018,MDW,IL,AGL,CE,Towers with Radar,514,65,124,1,704,0,2,13,2,17,514,67,137,3,721,0,0,0,721
09/07/2018,MDW,IL,AGL,CE,Towers with Radar,516,71,79,0,666,0,1,11,0,12,516,72,90,0,678,0,0,0,678
09/08/2018,MDW,IL,AGL,CE,Towers with Radar,449,38,32,0,519,0,1,15,1,17,449,39,47,1,536,0,0,0,536
09/09/2018,MDW,IL,AGL,CE,Towers with Radar,510,82,86,0,678,0,1,15,0,16,510,83,101,0,694,0,0,0,694
09/10/2018,MDW,IL,AGL,CE,Towers with Radar,526,66,113,0,705,0,3,29,4,36,526,69,142,4,741,0,0,0,741
09/11/2018,MDW,IL,AGL,CE,Towers with Radar,518,90,137,0,745,0,7,19,0,26,518,97,156,0,771,0,0,0,771
09/12/2018,MDW,IL,AGL,CE,Towers with Radar,525,86,165,0,776,0,0,29,2,31,525,86,194,2,807,0,0,0,807
09/13/2018,MDW,IL,AGL,CE,Towers with Radar,511,84,152,0,747,0,3,27,3,33,511,87,179,3,780,0,0,0,780
09/14/2018,MDW,IL,AGL,CE,Towers with Radar,515,52,79,1,647,0,0,22,1,23,515,52,101,2,670,0,0,0,670
09/15/2018,MDW,IL,AGL,CE,Towers with Radar,438,45,63,1,547,0,0,26,1,27,438,45,89,2,574,0,0,0,574
09/16/2018,MDW,IL,AGL,CE,Towers with Radar,512,77,88,0,677,0,0,32,0,32,512,77,120,0,709,0,0,0,709
09/17/2018,MDW,IL,AGL,CE,Towers with Radar,533,64,104,3,704,0,1,34,6,41,533,65,138,9,745,0,0,0,745
09/18/2018,MDW,IL,AGL,CE,Towers with Radar,515,77,85,0,677,1,2,17,0,20,516,79,102,0,697,0,0,0,697
09/19/2018,MDW,IL,AGL,CE,Towers with Radar,528,78,96,0,702,0,9,15,0,24,528,87,111,0,726,0,0,0,726
09/20/2018,MDW,IL,AGL,CE,Towers with Radar,525,117,148,0,790,0,1,16,1,18,525,118,164,1,808,0,0,0,808
09/21/2018,MDW,IL,AGL,CE,Towers with Radar,532,88,93,1,714,0,0,28,0,28,532,88,121,1,742,0,0,0,742
09/22/2018,MDW,IL,AGL,CE,Towers with Radar,441,44,53,0,538,0,0,31,0,31,441,44,84,0,569,0,0,0,569
09/23/2018,MDW,IL,AGL,CE,Towers with Radar,508,83,78,1,670,0,0,18,0,18,508,83,96,1,688,0,0,0,688
09/24/2018,MDW,IL,AGL,CE,Towers with Radar,538,93,109,0,740,0,10,4,2,16,538,103,113,2,756,0,0,0,756
09/25/2018,MDW,IL,AGL,CE,Towers with Radar,501,73,102,0,676,0,0,23,5,28,501,73,125,5,704,0,0,0,704
09/26/2018,MDW,IL,AGL,CE,Towers with Radar,532,91,94,0,717,0,2,24,0,26,532,93,118,0,743,0,0,0,743
09/27/2018,MDW,IL,AGL,CE,Towers with Radar,539,97,131,0,767,0,2,43,0,45,539,99,174,0,812,0,0,0,812
09/28/2018,MDW,IL,AGL,CE,Towers with Radar,535,93,111,1,740,0,0,33,0,33,535,93,144,1,773,0,0,0,773
09/29/2018,MDW,IL,AGL,CE,Towers with Radar,449,45,68,0,562,0,1,25,0,26,449,46,93,0,588,0,0,0,588
09/30/2018,MDW,IL,AGL,CE,Towers with Radar,522,100,126,1,749,0,0,4,0,4,522,100,130,1,753,0,0,0,753
10/01/2018,MDW,IL,AGL,CE,Towers with Radar,522,89,89,0,700,0,4,15,4,23,522,93,104,4,723,0,0,0,723
10/02/2018,MDW,IL,AGL,CE,Towers with Radar,504,102,117,0,723,0,0,9,4,13,504,102,126,4,736,0,0,0,736
10/03/2018,MDW,IL,AGL,CE,Towers with Radar,520,84,104,0,708,0,2,20,2,24,520,86,124,2,732,0,0,0,732
10/04/2018,MDW,IL,AGL,CE,Towers with Radar,525,102,115,0,742,0,5,21,2,28,525,107,136,2,770,0,0,0,770
10/05/2018,MDW,IL,AGL,CE,Towers with Radar,533,101,85,0,719,0,0,0,0,0,533,101,85,0,719,0,0,0,719
10/06/2018,MDW,IL,AGL,CE,Towers with Radar,445,33,23,0,501,0,0,6,0,6,445,33,29,0,507,0,0,0,507
10/07/2018,MDW,IL,AGL,CE,Towers with Radar,491,60,58,0,609,0,0,0,0,0,491,60,58,0,609,0,0,0,609
10/08/2018,MDW,IL,AGL,CE,Towers with Radar,543,77,102,3,725,0,2,26,1,29,543,79,128,4,754,0,0,0,754
10/09/2018,MDW,IL,AGL,CE,Towers with Radar,532,96,84,1,713,0,2,19,2,23,532,98,103,3,736,0,0,0,736
10/10/2018,MDW,IL,AGL,CE,Towers with Radar,545,86,107,0,738,0,0,5,0,5,545,86,112,0,743,0,0,0,743
10/11/2018,MDW,IL,AGL,CE,Towers with Radar,522,81,100,0,703,0,0,23,0,23,522,81,123,0,726,0,0,0,726
10/12/2018,MDW,IL,AGL,CE,Towers with Radar,539,98,100,0,737,0,0,12,0,12,539,98,112,0,749,0,0,0,749
10/13/2018,MDW,IL,AGL,CE,Towers with Radar,443,33,44,0,520,0,1,22,0,23,443,34,66,0,543,0,0,0,543
10/14/2018,MDW,IL,AGL,CE,Towers with Radar,511,79,89,0,679,0,1,13,0,14,511,80,102,0,693,0,0,0,693
10/15/2018,MDW,IL,AGL,CE,Towers with Radar,525,82,133,0,740,0,1,21,0,22,525,83,154,0,762,0,0,0,762
10/16/2018,MDW,IL,AGL,CE,Towers with Radar,535,105,125,0,765,0,2,24,1,27,535,107,149,1,792,0,0,0,792
10/17/2018,MDW,IL,AGL,CE,Towers with Radar,533,112,166,0,811,0,2,13,1,16,533,114,179,1,827,0,0,0,827
10/18/2018,MDW,IL,AGL,CE,Towers with Radar,532,101,115,0,748,0,0,31,0,31,532,101,146,0,779,0,0,0,779
10/19/2018,MDW,IL,AGL,CE,Towers with Radar,537,84,104,2,727,0,0,7,0,7,537,84,111,2,734,0,0,0,734
10/20/2018,MDW,IL,AGL,CE,Towers with Radar,438,49,29,0,516,0,3,6,1,10,438,52,35,1,526,0,0,0,526
10/21/2018,MDW,IL,AGL,CE,Towers with Radar,509,66,80,0,655,0,0,30,0,30,509,66,110,0,685,0,0,0,685
10/22/2018,MDW,IL,AGL,CE,Towers with Radar,531,73,86,0,690,0,3,19,0,22,531,76,105,0,712,0,0,0,712
10/23/2018,MDW,IL,AGL,CE,Towers with Radar,531,67,84,0,682,0,0,22,1,23,531,67,106,1,705,0,0,0,705
10/24/2018,MDW,IL,AGL,CE,Towers with Radar,537,108,126,2,773,0,2,31,1,34,537,110,157,3,807,0,0,0,807
10/25/2018,MDW,IL,AGL,CE,Towers with Radar,534,100,142,0,776,0,2,27,1,30,534,102,169,1,806,0,0,0,806
10/26/2018,MDW,IL,AGL,CE,Towers with Radar,529,78,88,0,695,0,1,32,1,34,529,79,120,1,729,0,0,0,729
10/27/2018,MDW,IL,AGL,CE,Towers with Radar,440,38,41,0,519,0,0,29,0,29,440,38,70,0,548,0,0,0,548
10/28/2018,MDW,IL,AGL,CE,Towers with Radar,503,84,70,0,657,0,2,3,0,5,503,86,73,0,662,0,0,0,662
10/29/2018,MDW,IL,AGL,CE,Towers with Radar,526,83,81,0,690,0,2,30,1,33,526,85,111,1,723,0,0,0,723
10/30/2018,MDW,IL,AGL,CE,Towers with Radar,513,53,81,0,647,0,4,15,0,19,513,57,96,0,666,0,0,0,666
10/31/2018,MDW,IL,AGL,CE,Towers with Radar,429,65,63,0,557,0,0,8,2,10,429,65,71,2,567,0,0,0,567
11/01/2018,MDW,IL,AGL,CE,Towers with Radar,524,82,111,0,717,0,2,11,8,21,524,84,122,8,738,0,0,0,738
11/02/2018,MDW,IL,AGL,CE,Towers with Radar,526,68,82,0,676,0,5,20,0,25,526,73,102,0,701,0,0,0,701
11/03/2018,MDW,IL,AGL,CE,Towers with Radar,443,48,47,0,538,0,0,20,0,20,443,48,67,0,558,0,0,0,558
11/04/2018,MDW,IL,AGL,CE,Towers with Radar,503,61,63,0,627,0,1,4,0,5,503,62,67,0,632,0,0,0,632
11/05/2018,MDW,IL,AGL,CE,Towers with Radar,503,84,106,0,693,0,0,11,0,11,503,84,117,0,704,0,0,0,704
11/06/2018,MDW,IL,AGL,CE,Towers with Radar,499,104,121,0,724,0,0,3,0,3,499,104,124,0,727,0,0,0,727
11/07/2018,MDW,IL,AGL,CE,Towers with Radar,503,111,155,1,770,0,2,13,1,16,503,113,168,2,786,0,0,0,786
11/08/2018,MDW,IL,AGL,CE,Towers with Radar,512,126,117,0,755,0,0,23,0,23,512,126,140,0,778,0,0,0,778
11/09/2018,MDW,IL,AGL,CE,Towers with Radar,497,77,67,3,644,0,0,14,0,14,497,77,81,3,658,0,0,0,658
11/10/2018,MDW,IL,AGL,CE,Towers with Radar,403,51,38,1,493,0,0,19,0,19,403,51,57,1,512,0,0,0,512
11/11/2018,MDW,IL,AGL,CE,Towers with Radar,502,84,92,1,679,0,0,14,1,15,502,84,106,2,694,0,0,0,694
11/12/2018,MDW,IL,AGL,CE,Towers with Radar,508,109,91,0,708,0,0,12,1,13,508,109,103,1,721,0,0,0,721
11/13/2018,MDW,IL,AGL,CE,Towers with Radar,508,79,107,2,696,0,1,20,0,21,508,80,127,2,717,0,0,0,717
11/14/2018,MDW,IL,AGL,CE,Towers with Radar,501,97,103,0,701,0,0,28,0,28,501,97,131,0,729,0,0,0,729
11/15/2018,MDW,IL,AGL,CE,Towers with Radar,477,67,99,0,643,0,0,2,0,2,477,67,101,0,645,0,0,0,645
11/16/2018,MDW,IL,AGL,CE,Towers with Radar,536,64,107,0,707,0,2,2,0,4,536,66,109,0,711,0,0,0,711
11/17/2018,MDW,IL,AGL,CE,Towers with Radar,498,46,32,1,577,0,0,2,0,2,498,46,34,1,579,0,0,0,579
11/18/2018,MDW,IL,AGL,CE,Towers with Radar,507,75,69,0,651,0,1,10,0,11,507,76,79,0,662,0,0,0,662
11/19/2018,MDW,IL,AGL,CE,Towers with Radar,505,91,81,1,678,0,0,9,0,9,505,91,90,1,687,0,0,0,687
11/20/2018,MDW,IL,AGL,CE,Towers with Radar,539,88,102,0,729,0,4,20,0,24,539,92,122,0,753,0,0,0,753
11/21/2018,MDW,IL,AGL,CE,Towers with Radar,545,76,78,0,699,0,8,13,1,22,545,84,91,1,721,0,0,0,721
11/22/2018,MDW,IL,AGL,CE,Towers with Radar,312,25,7,0,344,0,0,6,3,9,312,25,13,3,353,0,0,0,353
11/23/2018,MDW,IL,AGL,CE,Towers with Radar,417,38,36,0,491,0,0,4,0,4,417,38,40,0,495,0,0,0,495
11/24/2018,MDW,IL,AGL,CE,Towers with Radar,489,46,31,0,566,0,0,2,0,2,489,46,33,0,568,0,0,0,568
11/25/2018,MDW,IL,AGL,CE,Towers with Radar,434,93,102,0,629,0,0,0,0,0,434,93,102,0,629,0,0,0,629
11/26/2018,MDW,IL,AGL,CE,Towers with Radar,467,78,65,0,610,0,1,10,0,11,467,79,75,0,621,0,0,0,621
11/27/2018,MDW,IL,AGL,CE,Towers with Radar,529,98,84,0,711,0,6,2,0,8,529,104,86,0,719,0,0,0,719
11/28/2018,MDW,IL,AGL,CE,Towers with Radar,491,84,83,0,658,0,4,11,1,16,491,88,94,1,674,0,0,0,674
11/29/2018,MDW,IL,AGL,CE,Towers with Radar,497,84,91,0,672,0,0,13,0,13,497,84,104,0,685,0,0,0,685
11/30/2018,MDW,IL,AGL,CE,Towers with Radar,491,77,70,0,638,0,0,16,0,16,491,77,86,0,654,0,0,0,654
12/01/2018,MDW,IL,AGL,CE,Towers with Radar,396,35,31,0,462,0,0,0,0,0,396,35,31,0,462,0,0,0,462
12/02/2018,MDW,IL,AGL,CE,Towers with Radar,438,65,67,0,570,0,0,0,0,0,438,65,67,0,570,0,0,0,570
12/03/2018,MDW,IL,AGL,CE,Towers with Radar,489,61,63,0,613,0,4,6,6,16,489,65,69,6,629,0,0,0,629
12/04/2018,MDW,IL,AGL,CE,Towers with Radar,479,84,95,0,658,0,2,15,0,17,479,86,110,0,675,0,0,0,675
12/05/2018,MDW,IL,AGL,CE,Towers with Radar,498,92,109,0,699,0,5,38,0,43,498,97,147,0,742,0,0,0,742
12/06/2018,MDW,IL,AGL,CE,Towers with Radar,490,95,128,0,713,0,5,17,0,22,490,100,145,0,735,0,0,0,735
12/07/2018,MDW,IL,AGL,CE,Towers with Radar,501,75,87,0,663,0,3,26,0,29,501,78,113,0,692,0,0,0,692
12/08/2018,MDW,IL,AGL,CE,Towers with Radar,391,41,35,0,467,0,1,33,0,34,391,42,68,0,501,0,0,0,501
12/09/2018,MDW,IL,AGL,CE,Towers with Radar,423,57,69,0,549,0,1,23,0,24,423,58,92,0,573,0,0,0,573
12/10/2018,MDW,IL,AGL,CE,Towers with Radar,451,86,86,0,623,0,0,14,0,14,451,86,100,0,637,0,0,0,637
12/11/2018,MDW,IL,AGL,CE,Towers with Radar,482,55,95,0,632,0,2,14,1,17,482,57,109,1,649,0,0,0,649
12/12/2018,MDW,IL,AGL,CE,Towers with Radar,483,94,83,0,660,0,2,10,2,14,483,96,93,2,674,0,0,0,674
12/13/2018,MDW,IL,AGL,CE,Towers with Radar,488,97,106,2,693,0,5,10,0,15,488,102,116,2,708,0,0,0,708
12/14/2018,MDW,IL,AGL,CE,Towers with Radar,501,86,93,0,680,0,0,0,0,0,501,86,93,0,680,0,0,0,680
12/15/2018,MDW,IL,AGL,CE,Towers with Radar,405,39,36,0,480,0,0,24,0,24,405,39,60,0,504,0,0,0,504
12/16/2018,MDW,IL,AGL,CE,Towers with Radar,401,51,65,0,517,0,0,19,0,19,401,51,84,0,536,0,0,0,536
12/17/2018,MDW,IL,AGL,CE,Towers with Radar,489,80,87,0,656,0,1,14,0,15,489,81,101,0,671,0,0,0,671
12/18/2018,MDW,IL,AGL,CE,Towers with Radar,485,84,82,0,651,0,7,25,2,34,485,91,107,2,685,0,0,0,685
12/19/2018,MDW,IL,AGL,CE,Towers with Radar,509,82,76,0,667,0,0,16,0,16,509,82,92,0,683,0,0,0,683
12/20/2018,MDW,IL,AGL,CE,Towers with Radar,525,85,85,0,695,0,0,2,0,2,525,85,87,0,697,0,0,0,697
12/21/2018,MDW,IL,AGL,CE,Towers with Radar,541,89,60,0,690,0,4,10,0,14,541,93,70,0,704,0,0,0,704
12/22/2018,MDW,IL,AGL,CE,Towers with Radar,504,58,62,0,624,0,2,28,0,30,504,60,90,0,654,0,0,0,654
12/23/2018,MDW,IL,AGL,CE,Towers with Radar,533,50,47,0,630,0,0,11,1,12,533,50,58,1,642,0,0,0,642
12/24/2018,MDW,IL,AGL,CE,Towers with Radar,427,20,9,0,456,0,0,10,1,11,427,20,19,1,467,0,0,0,467
12/25/2018,MDW,IL,AGL,CE,Towers with Radar,426,33,6,0,465,0,0,2,0,2,426,33,8,0,467,0,0,0,467
12/26/2018,MDW,IL,AGL,CE,Towers with Radar,534,57,56,0,647,0,2,10,0,12,534,59,66,0,659,0,0,0,659
12/27/2018,MDW,IL,AGL,CE,Towers with Radar,534,51,26,0,611,0,2,8,0,10,534,53,34,0,621,0,0,0,621
12/28/2018,MDW,IL,AGL,CE,Towers with Radar,526,56,33,0,615,0,0,2,0,2,526,56,35,0,617,0,0,0,617
12/29/2018,MDW,IL,AGL,CE,Towers with Radar,508,47,31,0,586,0,0,12,0,12,508,47,43,0,598,0,0,0,598
12/30/2018,MDW,IL,AGL,CE,Towers with Radar,539,36,23,0,598,0,1,14,1,16,539,37,37,1,614,0,0,0,614
12/31/2018,MDW,IL,AGL,CE,Towers with Radar,429,25,7,0,461,0,0,0,0,0,429,25,7,0,461,0,0,0,461
01/01/2019,MDW,IL,AGL,CE,Towers with Radar,455,50,26,0,531,0,0,4,0,4,455,50,30,0,535,0,0,0,535
01/02/2019,MDW,IL,AGL,CE,Towers with Radar,524,54,36,0,614,0,0,1,0,1,524,54,37,0,615,0,0,0,615
01/03/2019,MDW,IL,AGL,CE,Towers with Radar,497,41,47,0,585,0,2,16,0,18,497,43,63,0,603,0,0,0,603
01/04/2019,MDW,IL,AGL,CE,Towers with Radar,479,55,37,0,571,0,3,21,0,24,479,58,58,0,595,0,0,0,595
01/05/2019,MDW,IL,AGL,CE,Towers with Radar,400,48,37,0,485,0,0,34,0,34,400,48,71,0,519,0,0,0,519
01/06/2019,MDW,IL,AGL,CE,Towers with Radar,494,93,80,0,667,0,0,9,0,9,494,93,89,0,676,0,0,0,676
01/07/2019,MDW,IL,AGL,CE,Towers with Radar,454,69,46,0,569,0,2,4,0,6,454,71,50,0,575,0,0,0,575
01/08/2019,MDW,IL,AGL,CE,Towers with Radar,446,59,61,0,566,0,0,5,3,8,446,59,66,3,574,0,0,0,574
01/09/2019,MDW,IL,AGL,CE,Towers with Radar,446,59,57,0,562,1,0,12,5,18,447,59,69,5,580,0,0,0,580
01/10/2019,MDW,IL,AGL,CE,Towers with Radar,447,73,64,0,584,0,0,16,2,18,447,73,80,2,602,0,0,0,602
01/11/2019,MDW,IL,AGL,CE,Towers with Radar,438,45,61,0,544,0,0,10,0,10,438,45,71,0,554,0,0,0,554
01/12/2019,MDW,IL,AGL,CE,Towers with Radar,330,22,24,0,376,0,0,1,0,1,330,22,25,0,377,0,0,0,377
01/13/2019,MDW,IL,AGL,CE,Towers with Radar,393,55,26,0,474,0,0,15,0,15,393,55,41,0,489,0,0,0,489
01/14/2019,MDW,IL,AGL,CE,Towers with Radar,449,47,51,0,547,0,4,3,1,8,449,51,54,1,555,0,0,0,555
01/15/2019,MDW,IL,AGL,CE,Towers with Radar,441,51,61,0,553,0,4,0,0,4,441,55,61,0,557,0,0,0,557
01/16/2019,MDW,IL,AGL,CE,Towers with Radar,444,56,71,0,571,0,6,23,1,30,444,62,94,1,601,0,0,0,601
01/17/2019,MDW,IL,AGL,CE,Towers with Radar,443,73,69,0,585,0,0,7,0,7,443,73,76,0,592,0,0,0,592
01/18/2019,MDW,IL,AGL,CE,Towers with Radar,341,69,88,0,498,0,0,14,1,15,341,69,102,1,513,0,0,0,513
01/19/2019,MDW,IL,AGL,CE,Towers with Radar,259,13,12,0,284,0,0,0,0,0,259,13,12,0,284,0,0,0,284
01/20/2019,MDW,IL,AGL,CE,Towers with Radar,378,52,41,0,471,0,0,4,0,4,378,52,45,0,475,0,0,0,475
01/21/2019,MDW,IL,AGL,CE,Towers with Radar,441,70,67,0,578,0,0,9,1,10,441,70,76,1,588,0,0,0,588
01/22/2019,MDW,IL,AGL,CE,Towers with Radar,337,60,46,0,443,0,4,2,0,6,337,64,48,0,449,0,0,0,449
01/23/2019,MDW,IL,AGL,CE,Towers with Radar,453,90,82,0,625,1,4,5,0,10,454,94,87,0,635,0,0,0,635
01/24/2019,MDW,IL,AGL,CE,Towers with Radar,449,82,80,1,612,0,0,12,0,12,449,82,92,1,624,0,0,0,624
01/25/2019,MDW,IL,AGL,CE,Towers with Radar,446,70,54,1,571,0,0,4,0,4,446,70,58,1,575,0,0,0,575
01/26/2019,MDW,IL,AGL,CE,Towers with Radar,316,22,23,0,361,0,0,1,0,1,316,22,24,0,362,0,0,0,362
01/27/2019,MDW,IL,AGL,CE,Towers with Radar,384,71,43,0,498,0,0,11,0,11,384,71,54,0,509,0,0,0,509
01/28/2019,MDW,IL,AGL,CE,Towers with Radar,218,26,30,0,274,0,0,0,0,0,218,26,30,0,274,0,0,0,274
01/29/2019,MDW,IL,AGL,CE,Towers with Radar,158,53,37,0,248,0,4,0,0,4,158,57,37,0,252,0,0,0,252
01/30/2019,MDW,IL,AGL,CE,Towers with Radar,119,46,47,0,212,0,0,0,0,0,119,46,47,0,212,0,0,0,212
01/31/2019,MDW,IL,AGL,CE,Towers with Radar,184,75,58,0,317,0,0,1,0,1,184,75,59,0,318,0,0,0,318
02/01/2019,MDW,IL,AGL,CE,Towers with Radar,430,55,37,0,522,0,1,9,1,11,430,56,46,1,533,0,0,0,533
02/02/2019,MDW,IL,AGL,CE,Towers with Radar,316,20,20,0,356,0,0,3,1,4,316,20,23,1,360,0,0,0,360
02/03/2019,MDW,IL,AGL,CE,Towers with Radar,341,47,37,0,425,0,0,0,0,0,341,47,37,0,425,0,0,0,425
02/04/2019,MDW,IL,AGL,CE,Towers with Radar,449,63,53,0,565,0,0,0,0,0,449,63,53,0,565,0,0,0,565
02/05/2019,MDW,IL,AGL,CE,Towers with Radar,373,55,83,0,511,0,0,7,0,7,373,55,90,0,518,0,0,0,518
02/06/2019,MDW,IL,AGL,CE,Towers with Radar,393,87,71,0,551,0,0,0,0,0,393,87,71,0,551,0,0,0,551
02/07/2019,MDW,IL,AGL,CE,Towers with Radar,336,49,42,0,427,0,0,0,0,0,336,49,42,0,427,0,0,0,427
02/08/2019,MDW,IL,AGL,CE,Towers with Radar,450,59,62,0,571,0,2,4,0,6,450,61,66,0,577,0,0,0,577
02/09/2019,MDW,IL,AGL,CE,Towers with Radar,343,45,15,0,403,0,0,20,0,20,343,45,35,0,423,0,0,0,423
02/10/2019,MDW,IL,AGL,CE,Towers with Radar,367,60,46,0,473,0,0,4,0,4,367,60,50,0,477,0,0,0,477
02/11/2019,MDW,IL,AGL,CE,Towers with Radar,383,52,66,1,502,0,0,0,2,2,383,52,66,3,504,0,0,0,504
02/12/2019,MDW,IL,AGL,CE,Towers with Radar,353,47,52,1,453,0,0,0,0,0,353,47,52,1,453,0,0,0,453
02/13/2019,MDW,IL,AGL,CE,Towers with Radar,446,74,76,0,596,0,4,6,0,10,446,78,82,0,606,0,0,0,606
02/14/2019,MDW,IL,AGL,CE,Towers with Radar,451,73,83,0,607,0,4,17,0,21,451,77,100,0,628,0,0,0,628
02/15/2019,MDW,IL,AGL,CE,Towers with Radar,449,72,62,0,583,0,2,24,0,26,449,74,86,0,609,0,0,0,609
02/16/2019,MDW,IL,AGL,CE,Towers with Radar,335,36,27,2,400,0,0,18,0,18,335,36,45,2,418,0,0,0,418
02/17/2019,MDW,IL,AGL,CE,Towers with Radar,353,49,48,2,452,0,1,0,0,1,353,50,48,2,453,0,0,0,453
02/18/2019,MDW,IL,AGL,CE,Towers with Radar,432,77,78,2,589,0,5,14,1,20,432,82,92,3,609,0,0,0,609
02/19/2019,MDW,IL,AGL,CE,Towers with Radar,431,85,71,0,587,0,0,21,1,22,431,85,92,1,609,0,0,0,609
02/20/2019,MDW,IL,AGL,CE,Towers with Radar,346,77,69,0,492,0,0,1,0,1,346,77,70,0,493,0,0,0,493
02/21/2019,MDW,IL,AGL,CE,Towers with Radar,426,81,64,0,571,0,2,21,0,23,426,83,85,0,594,0,0,0,594
02/22/2019,MDW,IL,AGL,CE,Towers with Radar,441,62,55,0,558,0,1,24,0,25,441,63,79,0,583,0,0,0,583
02/23/2019,MDW,IL,AGL,CE,Towers with Radar,285,58,25,0,368,0,0,0,0,0,285,58,25,0,368,0,0,0,368
02/24/2019,MDW,IL,AGL,CE,Towers with Radar,312,40,33,0,385,0,0,0,0,0,312,40,33,0,385,0,0,0,385
02/25/2019,MDW,IL,AGL,CE,Towers with Radar,439,59,67,0,565,0,3,8,3,14,439,62,75,3,579,0,0,0,579
02/26/2019,MDW,IL,AGL,CE,Towers with Radar,451,64,66,1,582,0,2,12,0,14,451,66,78,1,596,0,0,0,596
02/27/2019,MDW,IL,AGL,CE,Towers with Radar,436,62,62,0,560,0,4,6,0,10,436,66,68,0,570,0,0,0,570
02/28/2019,MDW,IL,AGL,CE,Towers with Radar,445,85,82,1,613,0,2,13,0,15,445,87,95,1,628,0,0,0,628
03/01/2019,MDW,IL,AGL,CE,Towers with Radar,437,62,53,0,552,0,3,39,0,42,437,65,92,0,594,0,0,0,594
03/02/2019,MDW,IL,AGL,CE,Towers with Radar,341,37,25,0,403,0,0,20,0,20,341,37,45,0,423,0,0,0,423
03/03/2019,MDW,IL,AGL,CE,Towers with Radar,406,54,31,0,491,0,0,15,0,15,406,54,46,0,506,0,0,0,506
03/04/2019,MDW,IL,AGL,CE,Towers with Radar,448,70,95,0,613,0,3,5,1,9,448,73,100,1,622,0,0,0,622
03/05/2019,MDW,IL,AGL,CE,Towers with Radar,449,78,55,0,582,0,5,7,1,13,449,83,62,1,595,0,0,0,595
03/06/2019,MDW,IL,AGL,CE,Towers with Radar,455,74,80,0,609,1,4,16,0,21,456,78,96,0,630,0,0,0,630
03/07/2019,MDW,IL,AGL,CE,Towers with Radar,492,85,97,0,674,0,4,24,0,28,492,89,121,0,702,0,0,0,702
03/08/2019,MDW,IL,AGL,CE,Towers with Radar,513,68,60,0,641,0,0,27,0,27,513,68,87,0,668,0,0,0,668
03/09/2019,MDW,IL,AGL,CE,Towers with Radar,442,38,34,0,514,0,0,6,0,6,442,38,40,0,520,0,0,0,520
03/10/2019,MDW,IL,AGL,CE,Towers with Radar,477,57,42,0,576,0,1,7,0,8,477,58,49,0,584,0,0,0,584
03/11/2019,MDW,IL,AGL,CE,Towers with Radar,509,51,74,0,634,0,0,21,0,21,509,51,95,0,655,0,0,0,655
03/12/2019,MDW,IL,AGL,CE,Towers with Radar,506,67,91,2,666,0,2,28,3,33,506,69,119,5,699,0,0,0,699
03/13/2019,MDW,IL,AGL,CE,Towers with Radar,501,93,82,0,676,0,6,12,0,18,501,99,94,0,694,0,0,0,694
03/14/2019,MDW,IL,AGL,CE,Towers with Radar,505,81,85,0,671,0,2,1,0,3,505,83,86,0,674,0,0,0,674
03/15/2019,MDW,IL,AGL,CE,Towers with Radar,509,67,43,0,619,0,0,10,0,10,509,67,53,0,629,0,0,0,629
03/16/2019,MDW,IL,AGL,CE,Towers with Radar,451,28,27,0,506,0,1,38,0,39,451,29,65,0,545,0,0,0,545
03/17/2019,MDW,IL,AGL,CE,Towers with Radar,463,61,57,0,581,0,0,18,0,18,463,61,75,0,599,0,0,0,599
03/18/2019,MDW,IL,AGL,CE,Towers with Radar,503,59,68,0,630,0,0,25,0,25,503,59,93,0,655,0,0,0,655
03/19/2019,MDW,IL,AGL,CE,Towers with Radar,497,73,66,0,636,0,4,13,1,18,497,77,79,1,654,0,0,0,654
03/20/2019,MDW,IL,AGL,CE,Towers with Radar,486,73,86,0,645,0,0,0,0,0,486,73,86,0,645,0,0,0,645
03/21/2019,MDW,IL,AGL,CE,Towers with Radar,491,79,73,0,643,0,2,5,1,8,491,81,78,1,651,0,0,0,651
03/22/2019,MDW,IL,AGL,CE,Towers with Radar,501,73,40,0,614,0,2,11,0,13,501,75,51,0,627,0,0,0,627
03/23/2019,MDW,IL,AGL,CE,Towers with Radar,445,57,36,0,538,0,0,18,0,18,445,57,54,0,556,0,0,0,556
03/24/2019,MDW,IL,AGL,CE,Towers with Radar,478,69,49,0,596,0,0,8,0,8,478,69,57,0,604,0,0,0,604
03/25/2019,MDW,IL,AGL,CE,Towers with Radar,503,47,59,0,609,0,3,12,0,15,503,50,71,0,624,0,0,0,624
03/26/2019,MDW,IL,AGL,CE,Towers with Radar,501,56,73,0,630,0,1,17,0,18,501,57,90,0,648,0,0,0,648
03/27/2019,MDW,IL,AGL,CE,Towers with Radar,502,80,77,0,659,0,0,12,0,12,502,80,89,0,671,0,0,0,671
03/28/2019,MDW,IL,AGL,CE,Towers with Radar,504,78,68,0,650,0,0,17,0,17,504,78,85,0,667,0,0,0,667
03/29/2019,MDW,IL,AGL,CE,Towers with Radar,501,37,54,0,592,0,2,14,0,16,501,39,68,0,608,0,0,0,608
03/30/2019,MDW,IL,AGL,CE,Towers with Radar,450,62,30,0,542,0,1,7,0,8,450,63,37,0,550,0,0,0,550
03/31/2019,MDW,IL,AGL,CE,Towers with Radar,473,74,56,0,603,0,0,13,0,13,473,74,69,0,616,0,0,0,616
04/01/2019,MDW,IL,AGL,CE,Towers with Radar,501,67,84,0,652,0,2,12,0,14,501,69,96,0,666,0,0,0,666
04/02/2019,MDW,IL,AGL,CE,Towers with Radar,507,77,67,0,651,0,5,8,0,13,507,82,75,0,664,0,0,0,664
04/03/2019,MDW,IL,AGL,CE,Towers with Radar,505,64,94,0,663,0,0,28,0,28,505,64,122,0,691,0,0,0,691
04/04/2019,MDW,IL,AGL,CE,Towers with Radar,491,79,72,0,642,1,0,4,0,5,492,79,76,0,647,0,0,0,647
04/05/2019,MDW,IL,AGL,CE,Towers with Radar,500,63,58,0,621,0,6,11,0,17,500,69,69,0,638,0,0,0,638
04/06/2019,MDW,IL,AGL,CE,Towers with Radar,437,52,31,0,520,0,0,18,0,18,437,52,49,0,538,0,0,0,538
04/07/2019,MDW,IL,AGL,CE,Towers with Radar,470,66,40,0,576,0,0,3,0,3,470,66,43,0,579,0,0,0,579
04/08/2019,MDW,IL,AGL,CE,Towers with Radar,520,67,95,0,682,0,3,28,2,33,520,70,123,2,715,0,0,0,715
04/09/2019,MDW,IL,AGL,CE,Towers with Radar,527,63,111,0,701,0,0,20,0,20,527,63,131,0,721,0,0,0,721
04/10/2019,MDW,IL,AGL,CE,Towers with Radar,516,74,126,0,716,0,1,6,0,7,516,75,132,0,723,0,0,0,723
04/11/2019,MDW,IL,AGL,CE,Towers with Radar,466,86,102,0,654,0,0,13,0,13,466,86,115,0,667,0,0,0,667
04/12/2019,MDW,IL,AGL,CE,Towers with Radar,532,78,90,0,700,0,0,7,0,7,532,78,97,0,707,0,0,0,707
04/13/2019,MDW,IL,AGL,CE,Towers with Radar,407,38,36,0,481,0,0,27,0,27,407,38,63,0,508,0,0,0,508
04/14/2019,MDW,IL,AGL,CE,Towers with Radar,321,67,59,0,447,0,0,2,0,2,321,67,61,0,449,0,0,0,449
04/15/2019,MDW,IL,AGL,CE,Towers with Radar,536,85,88,0,709,0,1,30,0,31,536,86,118,0,740,0,0,0,740
04/16/2019,MDW,IL,AGL,CE,Towers with Radar,526,74,81,0,681,0,1,22,8,31,526,75,103,8,712,0,0,0,712
04/17/2019,MDW,IL,AGL,CE,Towers with Radar,508,83,73,0,664,0,2,26,1,29,508,85,99,1,693,0,0,0,693
04/18/2019,MDW,IL,AGL,CE,Towers with Radar,516,77,111,0,704,0,0,0,0,0,516,77,111,0,704,0,0,0,704
04/19/2019,MDW,IL,AGL,CE,Towers with Radar,505,53,67,0,625,0,2,4,0,6,505,55,71,0,631,0,0,0,631
04/20/2019,MDW,IL,AGL,CE,Towers with Radar,406,29,24,0,459,0,0,28,0,28,406,29,52,0,487,0,0,0,487
04/21/2019,MDW,IL,AGL,CE,Towers with Radar,476,52,39,0,567,0,0,16,0,16,476,52,55,0,583,0,0,0,583
04/22/2019,MDW,IL,AGL,CE,Towers with Radar,521,78,70,0,669,0,5,15,1,21,521,83,85,1,690,0,0,0,690
04/23/2019,MDW,IL,AGL,CE,Towers with Radar,523,71,111,0,705,0,3,13,1,17,523,74,124,1,722,0,0,0,722
04/24/2019,MDW,IL,AGL,CE,Towers with Radar,508,67,100,0,675,0,0,25,1,26,508,67,125,1,701,0,0,0,701
04/25/2019,MDW,IL,AGL,CE,Towers with Radar,515,67,95,0,677,0,1,32,2,35,515,68,127,2,712,0,0,0,712
04/26/2019,MDW,IL,AGL,CE,Towers with Radar,502,64,60,0,626,0,2,21,1,24,502,66,81,1,650,0,0,0,650
04/27/2019,MDW,IL,AGL,CE,Towers with Radar,288,39,42,0,369,0,0,1,0,1,288,39,43,0,370,0,0,0,370
04/28/2019,MDW,IL,AGL,CE,Towers with Radar,478,56,54,0,588,0,0,12,0,12,478,56,66,0,600,0,0,0,600
04/29/2019,MDW,IL,AGL,CE,Towers with Radar,521,102,104,0,727,0,0,2,0,2,521,102,106,0,729,0,0,0,729
04/30/2019,MDW,IL,AGL,CE,Towers with Radar,481,89,110,0,680,0,0,0,0,0,481,89,110,0,680,0,0,0,680
05/01/2019,MDW,IL,AGL,CE,Towers with Radar,515,83,93,0,691,0,1,2,3,6,515,84,95,3,697,0,0,0,697
05/02/2019,MDW,IL,AGL,CE,Towers with Radar,468,92,147,0,707,0,0,0,0,0,468,92,147,0,707,0,0,0,707
05/03/2019,MDW,IL,AGL,CE,Towers with Radar,526,81,100,0,707,0,2,31,0,33,526,83,131,0,740,0,0,0,740
05/04/2019,MDW,IL,AGL,CE,Towers with Radar,418,36,49,2,505,0,0,21,1,22,418,36,70,3,527,0,0,0,527
05/05/2019,MDW,IL,AGL,CE,Towers with Radar,493,85,53,0,631,0,0,13,0,13,493,85,66,0,644,0,0,0,644
05/06/2019,MDW,IL,AGL,CE,Towers with Radar,540,97,105,0,742,0,0,16,3,19,540,97,121,3,761,0,0,0,761
05/07/2019,MDW,IL,AGL,CE,Towers with Radar,515,94,116,0,725,0,4,2,3,9,515,98,118,3,734,0,0,0,734
05/08/2019,MDW,IL,AGL,CE,Towers with Radar,511,95,120,1,727,0,3,16,0,19,511,98,136,1,746,0,0,0,746
05/09/2019,MDW,IL,AGL,CE,Towers with Radar,513,88,121,0,722,0,3,12,1,16,513,91,133,1,738,0,0,0,738
05/10/2019,MDW,IL,AGL,CE,Towers with Radar,520,77,98,0,695,0,11,35,4,50,520,88,133,4,745,0,0,0,745
05/11/2019,MDW,IL,AGL,CE,Towers with Radar,414,32,45,0,491,0,0,23,0,23,414,32,68,0,514,0,0,0,514
05/12/2019,MDW,IL,AGL,CE,Towers with Radar,477,65,38,0,580,0,1,9,0,10,477,66,47,0,590,0,0,0,590
05/13/2019,MDW,IL,AGL,CE,Towers with Radar,512,101,99,0,712,0,0,24,0,24,512,101,123,0,736,0,0,0,736
05/14/2019,MDW,IL,AGL,CE,Towers with Radar,517,84,113,2,716,0,2,22,0,24,517,86,135,2,740,0,0,0,740
05/15/2019,MDW,IL,AGL,CE,Towers with Radar,517,109,146,0,772,0,24,29,2,55,517,133,175,2,827,0,0,0,827
05/16/2019,MDW,IL,AGL,CE,Towers with Radar,505,85,140,0,730,0,0,21,0,21,505,85,161,0,751,0,0,0,751
05/17/2019,MDW,IL,AGL,CE,Towers with Radar,527,94,106,0,727,0,0,15,2,17,527,94,121,2,744,0,0,0,744
05/18/2019,MDW,IL,AGL,CE,Towers with Radar,410,37,60,0,507,0,0,10,0,10,410,37,70,0,517,0,0,0,517
05/19/2019,MDW,IL,AGL,CE,Towers with Radar,489,66,77,0,632,0,0,8,0,8,489,66,85,0,640,0,0,0,640
05/20/2019,MDW,IL,AGL,CE,Towers with Radar,529,116,124,0,769,0,2,21,0,23,529,118,145,0,792,0,0,0,792
05/21/2019,MDW,IL,AGL,CE,Towers with Radar,516,97,145,0,758,0,4,9,0,13,516,101,154,0,771,0,0,0,771
05/22/2019,MDW,IL,AGL,CE,Towers with Radar,513,110,110,0,733,0,4,13,2,19,513,114,123,2,752,0,0,0,752
05/23/2019,MDW,IL,AGL,CE,Towers with Radar,503,109,133,0,745,0,6,24,2,32,503,115,157,2,777,0,0,0,777
05/24/2019,MDW,IL,AGL,CE,Towers with Radar,517,79,55,0,651,0,0,19,0,19,517,79,74,0,670,0,0,0,670
05/25/2019,MDW,IL,AGL,CE,Towers with Radar,402,41,29,0,472,0,0,13,0,13,402,41,42,0,485,0,0,0,485
05/26/2019,MDW,IL,AGL,CE,Towers with Radar,394,49,31,0,474,0,2,12,1,15,394,51,43,1,489,0,0,0,489
05/27/2019,MDW,IL,AGL,CE,Towers with Radar,412,44,41,0,497,0,2,15,0,17,412,46,56,0,514,0,0,0,514
05/28/2019,MDW,IL,AGL,CE,Towers with Radar,467,72,76,0,615,0,4,14,0,18,467,76,90,0,633,0,0,0,633
05/29/2019,MDW,IL,AGL,CE,Towers with Radar,490,85,124,0,699,0,0,20,1,21,490,85,144,1,720,0,0,0,720
05/30/2019,MDW,IL,AGL,CE,Towers with Radar,497,79,84,0,660,0,4,15,0,19,497,83,99,0,679,0,0,0,679
05/31/2019,MDW,IL,AGL,CE,Towers with Radar,514,59,60,0,633,0,4,26,0,30,514,63,86,0,663,0,0,0,663
06/01/2019,MDW,IL,AGL,CE,Towers with Radar,408,38,36,0,482,0,0,12,0,12,408,38,48,0,494,0,0,0,494
06/02/2019,MDW,IL,AGL,CE,Towers with Radar,457,75,41,0,573,0,0,23,0,23,457,75,64,0,596,0,0,0,596
06/03/2019,MDW,IL,AGL,CE,Towers with Radar,511,86,81,0,678,0,4,22,0,26,511,90,103,0,704,0,0,0,704
06/04/2019,MDW,IL,AGL,CE,Towers with Radar,515,90,140,0,745,0,0,8,0,8,515,90,148,0,753,0,0,0,753
06/05/2019,MDW,IL,AGL,CE,Towers with Radar,504,120,141,0,765,0,4,20,0,24,504,124,161,0,789,0,0,0,789
06/06/2019,MDW,IL,AGL,CE,Towers with Radar,529,106,147,0,782,0,2,17,2,21,529,108,164,2,803,0,0,0,803
06/07/2019,MDW,IL,AGL,CE,Towers with Radar,526,91,111,1,729,0,5,26,1,32,526,96,137,2,761,0,0,0,761
06/08/2019,MDW,IL,AGL,CE,Towers with Radar,409,48,48,0,505,0,0,22,2,24,409,48,70,2,529,0,0,0,529
06/09/2019,MDW,IL,AGL,CE,Towers with Radar,492,92,78,0,662,0,0,1,2,3,492,92,79,2,665,0,0,0,665
06/10/2019,MDW,IL,AGL,CE,Towers with Radar,533,85,113,0,731,0,0,11,2,13,533,85,124,2,744,0,0,0,744
06/11/2019,MDW,IL,AGL,CE,Towers with Radar,527,89,104,0,720,0,4,30,1,35,527,93,134,1,755,0,0,0,755
06/12/2019,MDW,IL,AGL,CE,Towers with Radar,526,91,115,0,732,0,4,11,0,15,526,95,126,0,747,0,0,0,747
06/13/2019,MDW,IL,AGL,CE,Towers with Radar,522,89,115,0,726,0,2,30,0,32,522,91,145,0,758,0,0,0,758
06/14/2019,MDW,IL,AGL,CE,Towers with Radar,527,80,75,0,682,0,2,19,0,21,527,82,94,0,703,0,0,0,703
06/15/2019,MDW,IL,AGL,CE,Towers with Radar,456,60,41,0,557,0,0,9,0,9,456,60,50,0,566,0,0,0,566
06/16/2019,MDW,IL,AGL,CE,Towers with Radar,496,94,64,0,654,0,0,2,0,2,496,94,66,0,656,0,0,0,656
06/17/2019,MDW,IL,AGL,CE,Towers with Radar,524,91,105,0,720,0,4,3,0,7,524,95,108,0,727,0,0,0,727
06/18/2019,MDW,IL,AGL,CE,Towers with Radar,516,104,125,0,745,0,1,15,0,16,516,105,140,0,761,0,0,0,761
06/19/2019,MDW,IL,AGL,CE,Towers with Radar,516,88,100,0,704,0,5,13,0,18,516,93,113,0,722,0,0,0,722
06/20/2019,MDW,IL,AGL,CE,Towers with Radar,529,89,78,2,698,0,0,8,0,8,529,89,86,2,706,0,0,0,706
06/21/2019,MDW,IL,AGL,CE,Towers with Radar,521,99,74,0,694,0,1,24,0,25,521,100,98,0,719,0,0,0,719
06/22/2019,MDW,IL,AGL,CE,Towers with Radar,467,45,31,0,543,0,0,23,0,23,467,45,54,0,566,0,0,0,566
06/23/2019,MDW,IL,AGL,CE,Towers with Radar,479,94,61,0,634,0,1,10,0,11,479,95,71,0,645,0,0,0,645
06/24/2019,MDW,IL,AGL,CE,Towers with Radar,521,68,85,4,678,0,0,5,0,5,521,68,90,4,683,0,0,0,683
06/25/2019,MDW,IL,AGL,CE,Towers with Radar,519,74,126,0,719,0,2,25,0,27,519,76,151,0,746,0,0,0,746
06/26/2019,MDW,IL,AGL,CE,Towers with Radar,525,105,126,0,756,0,1,20,2,23,525,106,146,2,779,0,0,0,779
06/27/2019,MDW,IL,AGL,CE,Towers with Radar,533,102,124,0,759,0,9,31,0,40,533,111,155,0,799,0,0,0,799
06/28/2019,MDW,IL,AGL,CE,Towers with Radar,532,88,94,0,714,0,8,29,1,38,532,96,123,1,752,0,0,0,752
06/29/2019,MDW,IL,AGL,CE,Towers with Radar,456,51,33,0,540,0,0,21,0,21,456,51,54,0,561,0,0,0,561
06/30/2019,MDW,IL,AGL,CE,Towers with Radar,487,88,79,0,654,0,0,12,0,12,487,88,91,0,666,0,0,0,666
07/01/2019,MDW,IL,AGL,CE,Towers with Radar,519,64,52,0,635,0,4,12,0,16,519,68,64,0,651,0,0,0,651
07/02/2019,MDW,IL,AGL,CE,Towers with Radar,413,77,61,0,551,0,8,12,0,20,413,85,73,0,571,0,0,0,571
07/03/2019,MDW,IL,AGL,CE,Towers with Radar,566,84,73,0,723,0,7,19,1,27,566,91,92,1,750,0,0,0,750
07/04/2019,MDW,IL,AGL,CE,Towers with Radar,423,23,13,2,461,0,0,11,1,12,423,23,24,3,473,0,0,0,473
07/05/2019,MDW,IL,AGL,CE,Towers with Radar,458,42,25,0,525,0,3,17,2,22,458,45,42,2,547,0,0,0,547
07/06/2019,MDW,IL,AGL,CE,Towers with Radar,449,35,28,0,512,0,2,41,0,43,449,37,69,0,555,0,0,0,555
07/07/2019,MDW,IL,AGL,CE,Towers with Radar,505,100,83,0,688,0,0,24,0,24,505,100,107,0,712,0,0,0,712
07/08/2019,MDW,IL,AGL,CE,Towers with Radar,524,99,85,0,708,0,0,26,0,26,524,99,111,0,734,0,0,0,734
07/09/2019,MDW,IL,AGL,CE,Towers with Radar,527,62,92,0,681,0,8,21,0,29,527,70,113,0,710,0,0,0,710
07/10/2019,MDW,IL,AGL,CE,Towers with Radar,521,86,87,0,694,0,2,18,0,20,521,88,105,0,714,0,0,0,714
07/11/2019,MDW,IL,AGL,CE,Towers with Radar,505,92,100,2,699,0,3,18,0,21,505,95,118,2,720,0,0,0,720
07/12/2019,MDW,IL,AGL,CE,Towers with Radar,531,87,79,5,702,0,0,29,0,29,531,87,108,5,731,0,0,0,731
07/13/2019,MDW,IL,AGL,CE,Towers with Radar,454,47,48,1,550,0,1,21,0,22,454,48,69,1,572,0,0,0,572
07/14/2019,MDW,IL,AGL,CE,Towers with Radar,497,92,61,0,650,0,1,14,0,15,497,93,75,0,665,0,0,0,665
07/15/2019,MDW,IL,AGL,CE,Towers with Radar,521,108,92,0,721,0,0,17,0,17,521,108,109,0,738,0,0,0,738
07/16/2019,MDW,IL,AGL,CE,Towers with Radar,532,109,137,0,778,0,0,13,0,13,532,109,150,0,791,0,0,0,791
07/17/2019,MDW,IL,AGL,CE,Towers with Radar,505,83,108,0,696,0,2,28,0,30,505,85,136,0,726,0,0,0,726
07/18/2019,MDW,IL,AGL,CE,Towers with Radar,470,105,97,0,672,0,3,11,0,14,470,108,108,0,686,0,0,0,686
07/19/2019,MDW,IL,AGL,CE,Towers with Radar,525,90,80,0,695,0,4,16,0,20,525,94,96,0,715,0,0,0,715
07/20/2019,MDW,IL,AGL,CE,Towers with Radar,473,43,36,0,552,0,2,23,0,25,473,45,59,0,577,0,0,0,577
07/21/2019,MDW,IL,AGL,CE,Towers with Radar,503,75,66,0,644,0,0,17,0,17,503,75,83,0,661,0,0,0,661
07/22/2019,MDW,IL,AGL,CE,Towers with Radar,525,82,86,0,693,0,3,36,2,41,525,85,122,2,734,0,0,0,734
07/23/2019,MDW,IL,AGL,CE,Towers with Radar,531,86,75,2,694,0,0,22,0,22,531,86,97,2,716,0,0,0,716
07/24/2019,MDW,IL,AGL,CE,Towers with Radar,528,91,123,0,742,0,1,37,0,38,528,92,160,0,780,0,0,0,780
07/25/2019,MDW,IL,AGL,CE,Towers with Radar,523,83,93,1,700,0,1,39,1,41,523,84,132,2,741,0,0,0,741
07/26/2019,MDW,IL,AGL,CE,Towers with Radar,529,73,68,0,670,0,1,23,1,25,529,74,91,1,695,0,0,0,695
07/27/2019,MDW,IL,AGL,CE,Towers with Radar,457,45,43,1,546,0,0,37,0,37,457,45,80,1,583,0,0,0,583
07/28/2019,MDW,IL,AGL,CE,Towers with Radar,509,76,72,0,657,0,2,32,0,34,509,78,104,0,691,0,0,0,691
07/29/2019,MDW,IL,AGL,CE,Towers with Radar,535,68,76,0,679,0,0,10,0,10,535,68,86,0,689,0,0,0,689
07/30/2019,MDW,IL,AGL,CE,Towers with Radar,513,85,93,0,691,0,0,22,0,22,513,85,115,0,713,0,0,0,713
07/31/2019,MDW,IL,AGL,CE,Towers with Radar,509,93,114,0,716,0,1,28,0,29,509,94,142,0,745,0,0,0,745
08/01/2019,MDW,IL,AGL,CE,Towers with Radar,523,92,128,0,743,0,2,34,0,36,523,94,162,0,779,0,0,0,779
08/02/2019,MDW,IL,AGL,CE,Towers with Radar,534,109,85,0,728,0,2,27,0,29,534,111,112,0,757,0,0,0,757
08/03/2019,MDW,IL,AGL,CE,Towers with Radar,462,39,43,0,544,0,0,36,0,36,462,39,79,0,580,0,0,0,580
08/04/2019,MDW,IL,AGL,CE,Towers with Radar,499,91,90,0,680,0,0,34,0,34,499,91,124,0,714,0,0,0,714
08/05/2019,MDW,IL,AGL,CE,Towers with Radar,529,87,103,2,721,0,9,35,0,44,529,96,138,2,765,0,0,0,765
08/06/2019,MDW,IL,AGL,CE,Towers with Radar,517,97,126,0,740,0,4,7,0,11,517,101,133,0,751,0,0,0,751
08/07/2019,MDW,IL,AGL,CE,Towers with Radar,500,81,75,0,656,0,4,28,3,35,500,85,103,3,691,0,0,0,691
08/08/2019,MDW,IL,AGL,CE,Towers with Radar,514,103,101,0,718,0,2,28,0,30,514,105,129,0,748,0,0,0,748
08/09/2019,MDW,IL,AGL,CE,Towers with Radar,523,76,74,0,673,0,14,25,0,39,523,90,99,0,712,0,0,0,712
08/10/2019,MDW,IL,AGL,CE,Towers with Radar,442,54,39,0,535,0,0,27,0,27,442,54,66,0,562,0,0,0,562
08/11/2019,MDW,IL,AGL,CE,Towers with Radar,512,81,54,0,647,0,0,13,0,13,512,81,67,0,660,0,0,0,660
08/12/2019,MDW,IL,AGL,CE,Towers with Radar,505,74,80,0,659,0,0,9,0,9,505,74,89,0,668,0,0,0,668
08/13/2019,MDW,IL,AGL,CE,Towers with Radar,510,65,103,0,678,0,6,15,0,21,510,71,118,0,699,0,0,0,699
08/14/2019,MDW,IL,AGL,CE,Towers with Radar,522,97,108,0,727,0,5,26,1,32,522,102,134,1,759,0,0,0,759
08/15/2019,MDW,IL,AGL,CE,Towers with Radar,517,101,84,2,704,0,2,18,0,20,517,103,102,2,724,0,0,0,724
08/16/2019,MDW,IL,AGL,CE,Towers with Radar,522,80,72,0,674,0,1,28,0,29,522,81,100,0,703,0,0,0,703
08/17/2019,MDW,IL,AGL,CE,Towers with Radar,439,52,30,0,521,0,1,19,0,20,439,53,49,0,541,0,0,0,541
08/18/2019,MDW,IL,AGL,CE,Towers with Radar,452,74,44,0,570,0,1,19,1,21,452,75,63,1,591,0,0,0,591
08/19/2019,MDW,IL,AGL,CE,Towers with Radar,525,73,92,0,690,0,4,26,0,30,525,77,118,0,720,0,0,0,720
08/20/2019,MDW,IL,AGL,CE,Towers with Radar,483,88,104,0,675,0,0,14,1,15,483,88,118,1,690,0,0,0,690
08/21/2019,MDW,IL,AGL,CE,Towers with Radar,523,79,84,0,686,0,1,19,0,20,523,80,103,0,706,0,0,0,706
08/22/2019,MDW,IL,AGL,CE,Towers with Radar,500,93,116,0,709,0,3,11,0,14,500,96,127,0,723,0,0,0,723
08/23/2019,MDW,IL,AGL,CE,Towers with Radar,528,75,79,0,682,0,2,32,1,35,528,77,111,1,717,0,0,0,717
08/24/2019,MDW,IL,AGL,CE,Towers with Radar,444,61,41,0,546,0,0,34,0,34,444,61,75,0,580,0,0,0,580
08/25/2019,MDW,IL,AGL,CE,Towers with Radar,508,78,58,0,644,0,0,33,0,33,508,78,91,0,677,0,0,0,677
08/26/2019,MDW,IL,AGL,CE,Towers with Radar,510,70,82,0,662,0,0,3,0,3,510,70,85,0,665,0,0,0,665
08/27/2019,MDW,IL,AGL,CE,Towers with Radar,525,81,88,0,694,0,0,24,0,24,525,81,112,0,718,0,0,0,718
08/28/2019,MDW,IL,AGL,CE,Towers with Radar,516,72,122,0,710,0,0,20,0,20,516,72,142,0,730,0,0,0,730
08/29/2019,MDW,IL,AGL,CE,Towers with Radar,520,105,115,0,740,0,6,22,0,28,520,111,137,0,768,0,0,0,768
08/30/2019,MDW,IL,AGL,CE,Towers with Radar,522,71,105,0,698,0,1,24,0,25,522,72,129,0,723,0,0,0,723
08/31/2019,MDW,IL,AGL,CE,Towers with Radar,402,46,44,0,492,0,0,24,0,24,402,46,68,0,516,0,0,0,516
09/01/2019,MDW,IL,AGL,CE,Towers with Radar,369,46,37,0,452,0,0,27,3,30,369,46,64,3,482,0,0,0,482
09/02/2019,MDW,IL,AGL,CE,Towers with Radar,490,86,59,0,635,0,0,14,2,16,490,86,73,2,651,0,0,0,651
09/03/2019,MDW,IL,AGL,CE,Towers with Radar,472,75,96,0,643,0,4,4,0,8,472,79,100,0,651,0,0,0,651
09/04/2019,MDW,IL,AGL,CE,Towers with Radar,488,84,119,1,692,0,4,25,1,30,488,88,144,2,722,0,0,0,722
09/05/2019,MDW,IL,AGL,CE,Towers with Radar,508,89,138,0,735,0,0,20,4,24,508,89,158,4,759,0,0,0,759
09/06/2019,MDW,IL,AGL,CE,Towers with Radar,507,82,97,1,687,0,0,19,0,19,507,82,116,1,706,0,0,0,706
09/07/2019,MDW,IL,AGL,CE,Towers with Radar,441,43,40,0,524,0,0,17,1,18,441,43,57,1,542,0,0,0,542
09/08/2019,MDW,IL,AGL,CE,Towers with Radar,510,52,59,0,621,0,0,10,0,10,510,52,69,0,631,0,0,0,631
09/09/2019,MDW,IL,AGL,CE,Towers with Radar,510,63,101,0,674,0,0,10,0,10,510,63,111,0,684,0,0,0,684
09/10/2019,MDW,IL,AGL,CE,Towers with Radar,514,117,87,0,718,0,0,8,2,10,514,117,95,2,728,0,0,0,728
09/11/2019,MDW,IL,AGL,CE,Towers with Radar,512,96,113,1,722,0,0,17,0,17,512,96,130,1,739,0,0,0,739
09/12/2019,MDW,IL,AGL,CE,Towers with Radar,517,97,126,0,740,0,0,5,0,5,517,97,131,0,745,0,0,0,745
09/13/2019,MDW,IL,AGL,CE,Towers with Radar,521,71,96,0,688,0,3,27,0,30,521,74,123,0,718,0,0,0,718
09/14/2019,MDW,IL,AGL,CE,Towers with Radar,440,33,40,1,514,0,1,26,0,27,440,34,66,1,541,0,0,0,541
09/15/2019,MDW,IL,AGL,CE,Towers with Radar,472,72,57,0,601,0,0,6,0,6,472,72,63,0,607,0,0,0,607
09/16/2019,MDW,IL,AGL,CE,Towers with Radar,514,92,79,1,686,0,0,14,0,14,514,92,93,1,700,0,0,0,700
09/17/2019,MDW,IL,AGL,CE,Towers with Radar,507,70,95,0,672,0,0,21,4,25,507,70,116,4,697,0,0,0,697
09/18/2019,MDW,IL,AGL,CE,Towers with Radar,513,99,132,1,745,0,3,29,0,32,513,102,161,1,777,0,0,0,777
09/19/2019,MDW,IL,AGL,CE,Towers with Radar,506,93,158,1,758,0,4,31,0,35,506,97,189,1,793,0,0,0,793
09/20/2019,MDW,IL,AGL,CE,Towers with Radar,520,95,106,0,721,0,0,22,1,23,520,95,128,1,744,0,0,0,744
09/21/2019,MDW,IL,AGL,CE,Towers with Radar,439,56,42,0,537,0,1,20,0,21,439,57,62,0,558,0,0,0,558
09/22/2019,MDW,IL,AGL,CE,Towers with Radar,500,98,82,0,680,0,0,6,0,6,500,98,88,0,686,0,0,0,686
09/23/2019,MDW,IL,AGL,CE,Towers with Radar,508,79,118,0,705,0,1,35,0,36,508,80,153,0,741,0,0,0,741
09/24/2019,MDW,IL,AGL,CE,Towers with Radar,515,62,140,0,717,0,0,25,1,26,515,62,165,1,743,0,0,0,743
09/25/2019,MDW,IL,AGL,CE,Towers with Radar,509,83,154,0,746,0,3,13,0,16,509,86,167,0,762,0,0,0,762
09/26/2019,MDW,IL,AGL,CE,Towers with Radar,512,79,123,0,714,0,5,28,0,33,512,84,151,0,747,0,0,0,747
09/27/2019,MDW,IL,AGL,CE,Towers with Radar,299,72,81,0,452,0,1,7,0,8,299,73,88,0,460,0,0,0,460
09/28/2019,MDW,IL,AGL,CE,Towers with Radar,467,93,48,0,608,0,0,7,0,7,467,93,55,0,615,0,0,0,615
09/29/2019,MDW,IL,AGL,CE,Towers with Radar,467,73,64,0,604,0,0,3,0,3,467,73,67,0,607,0,0,0,607
09/30/2019,MDW,IL,AGL,CE,Towers with Radar,474,55,78,0,607,0,2,36,1,39,474,57,114,1,646,0,0,0,646
10/01/2019,MDW,IL,AGL,CE,Towers with Radar,505,78,92,0,675,0,1,22,0,23,505,79,114,0,698,0,0,0,698
10/02/2019,MDW,IL,AGL,CE,Towers with Radar,528,70,99,2,699,0,0,1,0,1,528,70,100,2,700,0,0,0,700
10/03/2019,MDW,IL,AGL,CE,Towers with Radar,521,91,90,2,704,0,1,10,3,14,521,92,100,5,718,0,0,0,718
10/04/2019,MDW,IL,AGL,CE,Towers with Radar,528,94,91,0,713,0,1,15,0,16,528,95,106,0,729,0,0,0,729
10/05/2019,MDW,IL,AGL,CE,Towers with Radar,435,50,54,0,539,0,0,15,0,15,435,50,69,0,554,0,0,0,554
10/06/2019,MDW,IL,AGL,CE,Towers with Radar,512,88,60,0,660,0,0,26,0,26,512,88,86,0,686,0,0,0,686
10/07/2019,MDW,IL,AGL,CE,Towers with Radar,528,89,75,2,694,0,3,37,1,41,528,92,112,3,735,0,0,0,735
10/08/2019,MDW,IL,AGL,CE,Towers with Radar,518,77,74,0,669,0,1,31,0,32,518,78,105,0,701,0,0,0,701
10/09/2019,MDW,IL,AGL,CE,Towers with Radar,516,74,104,0,694,0,4,17,0,21,516,78,121,0,715,0,0,0,715
10/10/2019,MDW,IL,AGL,CE,Towers with Radar,521,88,122,0,731,0,0,13,0,13,521,88,135,0,744,0,0,0,744
10/11/2019,MDW,IL,AGL,CE,Towers with Radar,531,89,93,0,713,0,0,2,2,4,531,89,95,2,717,0,0,0,717
10/12/2019,MDW,IL,AGL,CE,Towers with Radar,442,42,48,2,534,0,0,5,0,5,442,42,53,2,539,0,0,0,539
10/13/2019,MDW,IL,AGL,CE,Towers with Radar,511,74,50,0,635,0,9,24,0,33,511,83,74,0,668,0,0,0,668
10/14/2019,MDW,IL,AGL,CE,Towers with Radar,524,115,95,0,734,0,2,26,2,30,524,117,121,2,764,0,0,0,764
10/15/2019,MDW,IL,AGL,CE,Towers with Radar,524,84,103,0,711,0,2,14,0,16,524,86,117,0,727,0,0,0,727
10/16/2019,MDW,IL,AGL,CE,Towers with Radar,522,93,132,0,747,0,4,19,0,23,522,97,151,0,770,0,0,0,770
10/17/2019,MDW,IL,AGL,CE,Towers with Radar,526,103,114,0,743,0,8,29,0,37,526,111,143,0,780,0,0,0,780
10/18/2019,MDW,IL,AGL,CE,Towers with Radar,529,80,93,0,702,0,6,27,1,34,529,86,120,1,736,0,0,0,736
10/19/2019,MDW,IL,AGL,CE,Towers with Radar,436,43,42,1,522,0,0,26,3,29,436,43,68,4,551,0,0,0,551
10/20/2019,MDW,IL,AGL,CE,Towers with Radar,508,84,76,2,670,0,2,12,0,14,508,86,88,2,684,0,0,0,684
10/21/2019,MDW,IL,AGL,CE,Towers with Radar,535,94,78,0,707,0,4,3,0,7,535,98,81,0,714,0,0,0,714
10/22/2019,MDW,IL,AGL,CE,Towers with Radar,522,76,95,0,693,0,5,2,0,7,522,81,97,0,700,0,0,0,700
10/23/2019,MDW,IL,AGL,CE,Towers with Radar,520,72,103,0,695,0,3,25,0,28,520,75,128,0,723,0,0,0,723
10/24/2019,MDW,IL,AGL,CE,Towers with Radar,509,80,131,6,726,0,2,35,4,41,509,82,166,10,767,0,0,0,767
10/25/2019,MDW,IL,AGL,CE,Towers with Radar,533,89,80,1,703,0,1,34,0,35,533,90,114,1,738,0,0,0,738
10/26/2019,MDW,IL,AGL,CE,Towers with Radar,442,42,46,0,530,0,0,7,0,7,442,42,53,0,537,0,0,0,537
10/27/2019,MDW,IL,AGL,CE,Towers with Radar,512,92,66,1,671,0,0,19,0,19,512,92,85,1,690,0,0,0,690
10/28/2019,MDW,IL,AGL,CE,Towers with Radar,521,62,57,1,641,0,2,4,1,7,521,64,61,2,648,0,0,0,648
10/29/2019,MDW,IL,AGL,CE,Towers with Radar,498,89,91,7,685,0,1,7,1,9,498,90,98,8,694,0,0,0,694
10/30/2019,MDW,IL,AGL,CE,Towers with Radar,473,90,106,0,669,0,0,0,0,0,473,90,106,0,669,0,0,0,669
10/31/2019,MDW,IL,AGL,CE,Towers with Radar,372,75,54,0,501,0,0,2,0,2,372,75,56,0,503,0,0,0,503
11/01/2019,MDW,IL,AGL,CE,Towers with Radar,521,81,57,0,659,0,1,23,0,24,521,82,80,0,683,0,0,0,683
11/02/2019,MDW,IL,AGL,CE,Towers with Radar,440,44,29,2,515,0,0,21,0,21,440,44,50,2,536,0,0,0,536
11/03/2019,MDW,IL,AGL,CE,Towers with Radar,470,65,73,0,608,0,0,23,0,23,470,65,96,0,631,0,0,0,631
11/04/2019,MDW,IL,AGL,CE,Towers with Radar,500,81,85,0,666,0,1,22,1,24,500,82,107,1,690,0,0,0,690
11/05/2019,MDW,IL,AGL,CE,Towers with Radar,488,113,129,0,730,0,6,24,2,32,488,119,153,2,762,0,0,0,762
11/06/2019,MDW,IL,AGL,CE,Towers with Radar,483,82,148,0,713,0,2,9,0,11,483,84,157,0,724,0,0,0,724
11/07/2019,MDW,IL,AGL,CE,Towers with Radar,499,107,103,0,709,0,1,22,1,24,499,108,125,1,733,0,0,0,733
11/08/2019,MDW,IL,AGL,CE,Towers with Radar,499,97,85,0,681,0,4,24,1,29,499,101,109,1,710,0,0,0,710
11/09/2019,MDW,IL,AGL,CE,Towers with Radar,374,40,28,0,442,0,2,19,2,23,374,42,47,2,465,0,0,0,465
11/10/2019,MDW,IL,AGL,CE,Towers with Radar,468,66,102,0,636,0,0,9,0,9,468,66,111,0,645,0,0,0,645
11/11/2019,MDW,IL,AGL,CE,Towers with Radar,393,83,105,0,581,0,0,0,0,0,393,83,105,0,581,0,0,0,581
11/12/2019,MDW,IL,AGL,CE,Towers with Radar,482,87,116,0,685,0,2,11,1,14,482,89,127,1,699,0,0,0,699
11/13/2019,MDW,IL,AGL,CE,Towers with Radar,489,105,145,0,739,0,0,2,0,2,489,105,147,0,741,0,0,0,741
11/14/2019,MDW,IL,AGL,CE,Towers with Radar,491,85,101,0,677,0,2,17,0,19,491,87,118,0,696,0,0,0,696
11/15/2019,MDW,IL,AGL,CE,Towers with Radar,498,88,88,0,674,0,6,14,0,20,498,94,102,0,694,0,0,0,694
11/16/2019,MDW,IL,AGL,CE,Towers with Radar,376,41,36,0,453,0,0,21,0,21,376,41,57,0,474,0,0,0,474
11/17/2019,MDW,IL,AGL,CE,Towers with Radar,469,69,56,0,594,0,0,3,0,3,469,69,59,0,597,0,0,0,597
11/18/2019,MDW,IL,AGL,CE,Towers with Radar,493,84,90,0,667,0,2,11,0,13,493,86,101,0,680,0,0,0,680
11/19/2019,MDW,IL,AGL,CE,Towers with Radar,488,87,105,2,682,0,0,1,0,1,488,87,106,2,683,0,0,0,683
11/20/2019,MDW,IL,AGL,CE,Towers with Radar,486,75,103,0,664,0,1,5,0,6,486,76,108,0,670,0,0,0,670
11/21/2019,MDW,IL,AGL,CE,Towers with Radar,491,99,75,0,665,0,1,4,0,5,491,100,79,0,670,0,0,0,670
11/22/2019,MDW,IL,AGL,CE,Towers with Radar,495,101,86,0,682,0,1,26,0,27,495,102,112,0,709,0,0,0,709
11/23/2019,MDW,IL,AGL,CE,Towers with Radar,437,56,37,0,530,0,0,20,0,20,437,56,57,0,550,0,0,0,550
11/24/2019,MDW,IL,AGL,CE,Towers with Radar,474,71,54,0,599,0,0,20,0,20,474,71,74,0,619,0,0,0,619
11/25/2019,MDW,IL,AGL,CE,Towers with Radar,479,91,57,0,627,0,0,16,0,16,479,91,73,0,643,0,0,0,643
11/26/2019,MDW,IL,AGL,CE,Towers with Radar,475,88,69,0,632,0,2,9,0,11,475,90,78,0,643,0,0,0,643
11/27/2019,MDW,IL,AGL,CE,Towers with Radar,490,53,44,0,587,0,0,0,0,0,490,53,44,0,587,0,0,0,587
11/28/2019,MDW,IL,AGL,CE,Towers with Radar,289,27,14,0,330,0,0,8,0,8,289,27,22,0,338,0,0,0,338
11/29/2019,MDW,IL,AGL,CE,Towers with Radar,382,32,38,0,452,0,1,2,3,6,382,33,40,3,458,0,0,0,458
11/30/2019,MDW,IL,AGL,CE,Towers with Radar,442,73,31,0,546,0,0,0,0,0,442,73,31,0,546,0,0,0,546
12/01/2019,MDW,IL,AGL,CE,Towers with Radar,496,109,82,0,687,0,0,0,0,0,496,109,82,0,687,0,0,0,687
12/02/2019,MDW,IL,AGL,CE,Towers with Radar,489,105,68,0,662,0,0,13,0,13,489,105,81,0,675,0,0,0,675
12/03/2019,MDW,IL,AGL,CE,Towers with Radar,487,86,90,0,663,0,1,19,0,20,487,87,109,0,683,0,0,0,683
12/04/2019,MDW,IL,AGL,CE,Towers with Radar,490,99,76,0,665,0,2,19,0,21,490,101,95,0,686,0,0,0,686
12/05/2019,MDW,IL,AGL,CE,Towers with Radar,487,106,121,0,714,0,4,8,0,12,487,110,129,0,726,0,0,0,726
12/06/2019,MDW,IL,AGL,CE,Towers with Radar,487,64,72,0,623,0,0,15,0,15,487,64,87,0,638,0,0,0,638
12/07/2019,MDW,IL,AGL,CE,Towers with Radar,380,45,60,0,485,0,1,23,0,24,380,46,83,0,509,0,0,0,509
12/08/2019,MDW,IL,AGL,CE,Towers with Radar,467,64,59,0,590,0,0,4,0,4,467,64,63,0,594,0,0,0,594
12/09/2019,MDW,IL,AGL,CE,Towers with Radar,485,77,92,2,656,0,0,0,0,0,485,77,92,2,656,0,0,0,656
12/10/2019,MDW,IL,AGL,CE,Towers with Radar,482,91,82,0,655,0,0,18,0,18,482,91,100,0,673,0,0,0,673
12/11/2019,MDW,IL,AGL,CE,Towers with Radar,475,91,101,1,668,0,0,18,0,18,475,91,119,1,686,0,0,0,686
12/12/2019,MDW,IL,AGL,CE,Towers with Radar,490,102,111,1,704,0,12,14,0,26,490,114,125,1,730,0,0,0,730
12/13/2019,MDW,IL,AGL,CE,Towers with Radar,491,92,77,0,660,0,1,16,2,19,491,93,93,2,679,0,0,0,679
12/14/2019,MDW,IL,AGL,CE,Towers with Radar,373,44,29,0,446,0,0,5,0,5,373,44,34,0,451,0,0,0,451
12/15/2019,MDW,IL,AGL,CE,Towers with Radar,453,45,61,0,559,0,0,8,0,8,453,45,69,0,567,0,0,0,567
12/16/2019,MDW,IL,AGL,CE,Towers with Radar,491,49,78,0,618,0,2,8,0,10,491,51,86,0,628,0,0,0,628
12/17/2019,MDW,IL,AGL,CE,Towers with Radar,485,62,70,0,617,0,2,9,1,12,485,64,79,1,629,0,0,0,629
12/18/2019,MDW,IL,AGL,CE,Towers with Radar,488,93,98,0,679,0,2,9,0,11,488,95,107,0,690,0,0,0,690
12/19/2019,MDW,IL,AGL,CE,Towers with Radar,494,71,77,0,642,0,4,20,1,25,494,75,97,1,667,0,0,0,667
12/20/2019,MDW,IL,AGL,CE,Towers with Radar,495,84,67,0,646,0,0,17,0,17,495,84,84,0,663,0,0,0,663
12/21/2019,MDW,IL,AGL,CE,Towers with Radar,449,58,41,0,548,0,0,20,0,20,449,58,61,0,568,0,0,0,568
12/22/2019,MDW,IL,AGL,CE,Towers with Radar,503,63,46,0,612,0,1,16,0,17,503,64,62,0,629,0,0,0,629
12/23/2019,MDW,IL,AGL,CE,Towers with Radar,480,58,52,0,590,0,4,24,0,28,480,62,76,0,618,0,0,0,618
12/24/2019,MDW,IL,AGL,CE,Towers with Radar,345,33,24,0,402,0,1,6,0,7,345,34,30,0,409,0,0,0,409
12/25/2019,MDW,IL,AGL,CE,Towers with Radar,380,38,19,0,437,0,0,9,5,14,380,38,28,5,451,0,0,0,451
12/26/2019,MDW,IL,AGL,CE,Towers with Radar,474,53,42,0,569,0,5,15,0,20,474,58,57,0,589,0,0,0,589
12/27/2019,MDW,IL,AGL,CE,Towers with Radar,487,68,57,0,612,0,2,14,1,17,487,70,71,1,629,0,0,0,629
12/28/2019,MDW,IL,AGL,CE,Towers with Radar,439,46,27,0,512,0,0,2,0,2,439,46,29,0,514,0,0,0,514
12/29/2019,MDW,IL,AGL,CE,Towers with Radar,503,39,31,0,573,0,0,6,0,6,503,39,37,0,579,0,0,0,579
12/30/2019,MDW,IL,AGL,CE,Towers with Radar,402,38,29,0,469,0,0,0,0,0,402,38,29,0,469,0,0,0,469
12/31/2019,MDW,IL,AGL,CE,Towers with Radar,355,34,11,0,400,0,0,8,3,11,355,34,19,3,411,0,0,0,411
01/01/2020,MDW,IL,AGL,CE,Towers with Radar,443,17,21,0,481,0,0,7,0,7,443,17,28,0,488,0,0,0,488
01/02/2020,MDW,IL,AGL,CE,Towers with Radar,475,45,32,0,552,0,0,23,0,23,475,45,55,0,575,0,0,0,575
01/03/2020,MDW,IL,AGL,CE,Towers with Radar,484,58,32,0,574,0,0,6,4,10,484,58,38,4,584,0,0,0,584
01/04/2020,MDW,IL,AGL,CE,Towers with Radar,367,62,50,0,479,0,0,22,0,22,367,62,72,0,501,0,0,0,501
01/05/2020,MDW,IL,AGL,CE,Towers with Radar,458,76,39,0,573,0,0,9,0,9,458,76,48,0,582,0,0,0,582
01/06/2020,MDW,IL,AGL,CE,Towers with Radar,433,68,44,0,545,0,0,21,7,28,433,68,65,7,573,0,0,0,573
01/07/2020,MDW,IL,AGL,CE,Towers with Radar,424,54,57,0,535,0,1,13,0,14,424,55,70,0,549,0,0,0,549
01/08/2020,MDW,IL,AGL,CE,Towers with Radar,425,62,61,1,549,0,1,14,1,16,425,63,75,2,565,0,0,0,565
01/09/2020,MDW,IL,AGL,CE,Towers with Radar,425,68,73,2,568,0,0,5,0,5,425,68,78,2,573,0,0,0,573
01/10/2020,MDW,IL,AGL,CE,Towers with Radar,429,48,61,1,539,0,0,0,0,0,429,48,61,1,539,0,0,0,539
01/11/2020,MDW,IL,AGL,CE,Towers with Radar,216,22,13,2,253,0,0,0,0,0,216,22,13,2,253,0,0,0,253
01/12/2020,MDW,IL,AGL,CE,Towers with Radar,396,55,50,2,503,0,0,0,0,0,396,55,50,2,503,0,0,0,503
01/13/2020,MDW,IL,AGL,CE,Towers with Radar,430,48,49,0,527,0,3,8,0,11,430,51,57,0,538,0,0,0,538
01/14/2020,MDW,IL,AGL,CE,Towers with Radar,424,67,66,0,557,0,2,2,0,4,424,69,68,0,561,0,0,0,561
01/15/2020,MDW,IL,AGL,CE,Towers with Radar,424,61,68,0,553,0,0,0,0,0,424,61,68,0,553,0,0,0,553
01/16/2020,MDW,IL,AGL,CE,Towers with Radar,419,60,67,0,546,0,10,19,0,29,419,70,86,0,575,0,0,0,575
01/17/2020,MDW,IL,AGL,CE,Towers with Radar,266,44,44,0,354,0,0,6,0,6,266,44,50,0,360,0,0,0,360
01/18/2020,MDW,IL,AGL,CE,Towers with Radar,272,27,16,0,315,0,0,2,0,2,272,27,18,0,317,0,0,0,317
01/19/2020,MDW,IL,AGL,CE,Towers with Radar,392,46,23,0,461,0,0,8,0,8,392,46,31,0,469,0,0,0,469
01/20/2020,MDW,IL,AGL,CE,Towers with Radar,417,65,62,0,544,0,0,4,0,4,417,65,66,0,548,0,0,0,548
01/21/2020,MDW,IL,AGL,CE,Towers with Radar,422,74,59,0,555,0,3,19,0,22,422,77,78,0,577,0,0,0,577
01/22/2020,MDW,IL,AGL,CE,Towers with Radar,412,64,83,0,559,0,0,11,0,11,412,64,94,0,570,0,0,0,570
01/23/2020,MDW,IL,AGL,CE,Towers with Radar,388,65,70,0,523,0,0,0,0,0,388,65,70,0,523,0,0,0,523
01/24/2020,MDW,IL,AGL,CE,Towers with Radar,223,28,22,0,273,0,0,0,0,0,223,28,22,0,273,0,0,0,273
01/25/2020,MDW,IL,AGL,CE,Towers with Radar,301,42,26,0,369,0,0,0,0,0,301,42,26,0,369,0,0,0,369
01/26/2020,MDW,IL,AGL,CE,Towers with Radar,394,53,33,0,480,0,0,0,0,0,394,53,33,0,480,0,0,0,480
01/27/2020,MDW,IL,AGL,CE,Towers with Radar,420,67,53,0,540,0,0,0,0,0,420,67,53,0,540,0,0,0,540
01/28/2020,MDW,IL,AGL,CE,Towers with Radar,420,48,53,0,521,0,0,1,0,1,420,48,54,0,522,0,0,0,522
01/29/2020,MDW,IL,AGL,CE,Towers with Radar,421,68,62,0,551,0,0,8,0,8,421,68,70,0,559,0,0,0,559
01/30/2020,MDW,IL,AGL,CE,Towers with Radar,425,68,59,0,552,0,2,8,0,10,425,70,67,0,562,0,0,0,562
01/31/2020,MDW,IL,AGL,CE,Towers with Radar,422,49,66,0,537,0,0,3,0,3,422,49,69,0,540,0,0,0,540
02/01/2020,MDW,IL,AGL,CE,Towers with Radar,290,27,19,0,336,0,0,0,0,0,290,27,19,0,336,0,0,0,336
02/02/2020,MDW,IL,AGL,CE,Towers with Radar,385,39,34,0,458,0,0,12,0,12,385,39,46,0,470,0,0,0,470
02/03/2020,MDW,IL,AGL,CE,Towers with Radar,427,57,53,0,537,0,0,18,0,18,427,57,71,0,555,0,0,0,555
02/04/2020,MDW,IL,AGL,CE,Towers with Radar,422,75,59,0,556,0,0,14,1,15,422,75,73,1,571,0,0,0,571
02/05/2020,MDW,IL,AGL,CE,Towers with Radar,411,63,65,0,539,0,0,7,0,7,411,63,72,0,546,0,0,0,546
02/06/2020,MDW,IL,AGL,CE,Towers with Radar,405,74,73,0,552,0,0,0,0,0,405,74,73,0,552,0,0,0,552
02/07/2020,MDW,IL,AGL,CE,Towers with Radar,418,56,50,0,524,0,4,15,0,19,418,60,65,0,543,0,0,0,543
02/08/2020,MDW,IL,AGL,CE,Towers with Radar,302,32,17,0,351,0,0,15,0,15,302,32,32,0,366,0,0,0,366
02/09/2020,MDW,IL,AGL,CE,Towers with Radar,322,57,32,0,411,0,0,0,0,0,322,57,32,0,411,0,0,0,411
02/10/2020,MDW,IL,AGL,CE,Towers with Radar,418,59,63,0,540,0,4,9,0,13,418,63,72,0,553,0,0,0,553
02/11/2020,MDW,IL,AGL,CE,Towers with Radar,416,75,61,0,552,0,1,13,0,14,416,76,74,0,566,0,0,0,566
02/12/2020,MDW,IL,AGL,CE,Towers with Radar,373,70,77,0,520,0,0,5,0,5,373,70,82,0,525,0,0,0,525
02/13/2020,MDW,IL,AGL,CE,Towers with Radar,403,113,106,0,622,0,1,7,0,8,403,114,113,0,630,0,0,0,630
02/14/2020,MDW,IL,AGL,CE,Towers with Radar,427,101,69,0,597,0,6,11,0,17,427,107,80,0,614,0,0,0,614
02/15/2020,MDW,IL,AGL,CE,Towers with Radar,291,60,35,0,386,0,0,18,0,18,291,60,53,0,404,0,0,0,404
02/16/2020,MDW,IL,AGL,CE,Towers with Radar,387,88,76,0,551,0,2,26,0,28,387,90,102,0,579,0,0,0,579
02/17/2020,MDW,IL,AGL,CE,Towers with Radar,415,94,114,0,623,0,4,8,0,12,415,98,122,0,635,0,0,0,635
02/18/2020,MDW,IL,AGL,CE,Towers with Radar,414,77,75,0,566,0,0,23,0,23,414,77,98,0,589,0,0,0,589
02/19/2020,MDW,IL,AGL,CE,Towers with Radar,412,61,70,0,543,0,3,19,0,22,412,64,89,0,565,0,0,0,565
02/20/2020,MDW,IL,AGL,CE,Towers with Radar,415,76,67,0,558,0,1,23,0,24,415,77,90,0,582,0,0,0,582
02/21/2020,MDW,IL,AGL,CE,Towers with Radar,419,65,71,0,555,0,5,24,0,29,419,70,95,0,584,0,0,0,584
02/22/2020,MDW,IL,AGL,CE,Towers with Radar,293,39,26,0,358,0,0,74,0,74,293,39,100,0,432,0,0,0,432
02/23/2020,MDW,IL,AGL,CE,Towers with Radar,397,59,39,0,495,0,0,32,0,32,397,59,71,0,527,0,0,0,527
02/24/2020,MDW,IL,AGL,CE,Towers with Radar,417,69,66,0,552,0,0,18,1,19,417,69,84,1,571,0,0,0,571
02/25/2020,MDW,IL,AGL,CE,Towers with Radar,391,63,47,0,501,0,0,0,0,0,391,63,47,0,501,0,0,0,501
02/26/2020,MDW,IL,AGL,CE,Towers with Radar,404,61,65,0,530,0,0,9,0,9,404,61,74,0,539,0,0,0,539
02/27/2020,MDW,IL,AGL,CE,Towers with Radar,412,82,90,0,584,0,14,32,3,49,412,96,122,3,633,0,0,0,633
02/28/2020,MDW,IL,AGL,CE,Towers with Radar,417,72,51,0,540,0,7,32,1,40,417,79,83,1,580,0,0,0,580
02/29/2020,MDW,IL,AGL,CE,Towers with Radar,292,38,20,0,350,0,1,26,0,27,292,39,46,0,377,0,0,0,377
03/01/2020,MDW,IL,AGL,CE,Towers with Radar,395,63,49,0,507,0,0,19,0,19,395,63,68,0,526,0,0,0,526
03/02/2020,MDW,IL,AGL,CE,Towers with Radar,419,69,66,0,554,0,0,22,2,24,419,69,88,2,578,0,0,0,578
03/03/2020,MDW,IL,AGL,CE,Towers with Radar,412,78,65,0,555,0,1,33,0,34,412,79,98,0,589,0,0,0,589
03/04/2020,MDW,IL,AGL,CE,Towers with Radar,413,76,82,0,571,0,9,24,0,33,413,85,106,0,604,0,0,0,604
03/05/2020,MDW,IL,AGL,CE,Towers with Radar,414,72,63,0,549,0,0,13,1,14,414,72,76,1,563,0,0,0,563
03/06/2020,MDW,IL,AGL,CE,Towers with Radar,415,78,57,0,550,0,6,19,0,25,415,84,76,0,575,0,0,0,575
03/07/2020,MDW,IL,AGL,CE,Towers with Radar,400,31,36,0,467,0,1,23,1,25,400,32,59,1,492,0,0,0,492
03/08/2020,MDW,IL,AGL,CE,Towers with Radar,431,54,60,1,546,1,0,30,0,31,432,54,90,1,577,0,0,0,577
03/09/2020,MDW,IL,AGL,CE,Towers with Radar,490,52,56,0,598,0,0,7,0,7,490,52,63,0,605,0,0,0,605
03/10/2020,MDW,IL,AGL,CE,Towers with Radar,497,57,67,1,622,0,0,9,1,10,497,57,76,2,632,0,0,0,632
03/11/2020,MDW,IL,AGL,CE,Towers with Radar,491,66,65,0,622,0,8,9,0,17,491,74,74,0,639,0,0,0,639
03/12/2020,MDW,IL,AGL,CE,Towers with Radar,490,73,73,0,636,0,0,22,0,22,490,73,95,0,658,0,0,0,658
03/13/2020,MDW,IL,AGL,CE,Towers with Radar,493,53,53,0,599,0,1,22,0,23,493,54,75,0,622,0,0,0,622
03/14/2020,MDW,IL,AGL,CE,Towers with Radar,409,39,21,0,469,0,0,15,0,15,409,39,36,0,484,0,0,0,484
03/15/2020,MDW,IL,AGL,CE,Towers with Radar,422,73,42,0,537,0,0,23,0,23,422,73,65,0,560,0,0,0,560
03/16/2020,MDW,IL,AGL,CE,Towers with Radar,496,56,42,0,594,0,0,4,0,4,496,56,46,0,598,0,0,0,598
03/17/2020,MDW,IL,AGL,CE,Towers with Radar,310,59,30,0,399,0,0,18,0,18,310,59,48,0,417,0,0,0,417
03/18/2020,MDW,IL,AGL,CE,Towers with Radar,135,10,12,0,157,1,1,4,1,7,136,11,16,1,164,0,0,0,164
03/19/2020,MDW,IL,AGL,CE,Towers with Radar,21,12,14,0,47,0,0,0,0,0,21,12,14,0,47,0,0,0,47
03/20/2020,MDW,IL,AGL,CE,Towers with Radar,145,18,13,0,176,0,1,2,0,3,145,19,15,0,179,0,0,0,179
03/21/2020,MDW,IL,AGL,CE,Towers with Radar,118,25,11,0,154,8,3,6,0,17,126,28,17,0,171,0,0,0,171
03/22/2020,MDW,IL,AGL,CE,Towers with Radar,80,9,13,0,102,26,1,1,0,28,106,10,14,0,130,0,0,0,130
03/23/2020,MDW,IL,AGL,CE,Towers with Radar,137,18,9,0,164,11,2,1,0,14,148,20,10,0,178,0,0,0,178
03/24/2020,MDW,IL,AGL,CE,Towers with Radar,204,4,15,0,223,2,2,11,0,15,206,6,26,0,238,0,0,0,238
03/25/2020,MDW,IL,AGL,CE,Towers with Radar,212,16,6,0,234,0,3,14,0,17,212,19,20,0,251,0,0,0,251
03/26/2020,MDW,IL,AGL,CE,Towers with Radar,226,13,4,0,243,0,1,2,0,3,226,14,6,0,246,0,0,0,246
03/27/2020,MDW,IL,AGL,CE,Towers with Radar,136,15,6,0,157,0,0,0,0,0,136,15,6,0,157,0,0,0,157
03/28/2020,MDW,IL,AGL,CE,Towers with Radar,197,9,7,0,213,0,0,0,0,0,197,9,7,0,213,0,0,0,213
03/29/2020,MDW,IL,AGL,CE,Towers with Radar,248,21,9,0,278,0,0,0,0,0,248,21,9,0,278,0,0,0,278
03/30/2020,MDW,IL,AGL,CE,Towers with Radar,188,17,4,0,209,0,1,11,3,15,188,18,15,3,224,0,0,0,224
03/31/2020,MDW,IL,AGL,CE,Towers with Radar,226,8,4,0,238,0,0,3,3,6,226,8,7,3,244,0,0,0,244
04/01/2020,MDW,IL,AGL,CE,Towers with Radar,339,18,9,2,368,0,1,9,2,12,339,19,18,4,380,0,0,0,380
04/02/2020,MDW,IL,AGL,CE,Towers with Radar,290,20,6,2,318,0,1,10,0,11,290,21,16,2,329,0,0,0,329
04/03/2020,MDW,IL,AGL,CE,Towers with Radar,339,14,9,0,362,0,11,19,0,30,339,25,28,0,392,0,0,0,392
04/04/2020,MDW,IL,AGL,CE,Towers with Radar,253,16,5,0,274,0,1,12,0,13,253,17,17,0,287,0,0,0,287
04/05/2020,MDW,IL,AGL,CE,Towers with Radar,225,19,5,0,249,0,2,35,0,37,225,21,40,0,286,0,0,0,286
04/06/2020,MDW,IL,AGL,CE,Towers with Radar,245,4,3,0,252,0,3,13,0,16,245,7,16,0,268,0,0,0,268
04/07/2020,MDW,IL,AGL,CE,Towers with Radar,256,19,12,0,287,0,6,10,0,16,256,25,22,0,303,0,0,0,303
04/08/2020,MDW,IL,AGL,CE,Towers with Radar,264,12,8,4,288,0,0,6,0,6,264,12,14,4,294,0,0,0,294
04/09/2020,MDW,IL,AGL,CE,Towers with Radar,229,15,7,0,251,0,1,7,0,8,229,16,14,0,259,0,0,0,259
04/10/2020,MDW,IL,AGL,CE,Towers with Radar,251,11,9,0,271,0,3,25,0,28,251,14,34,0,299,0,0,0,299
04/11/2020,MDW,IL,AGL,CE,Towers with Radar,190,9,6,0,205,0,0,6,0,6,190,9,12,0,211,0,0,0,211
04/12/2020,MDW,IL,AGL,CE,Towers with Radar,216,15,7,0,238,0,0,6,0,6,216,15,13,0,244,0,0,0,244
04/13/2020,MDW,IL,AGL,CE,Towers with Radar,236,15,4,2,257,0,4,4,0,8,236,19,8,2,265,0,0,0,265
04/14/2020,MDW,IL,AGL,CE,Towers with Radar,170,17,9,0,196,0,1,12,0,13,170,18,21,0,209,0,0,0,209
04/15/2020,MDW,IL,AGL,CE,Towers with Radar,170,11,6,1,188,0,1,8,1,10,170,12,14,2,198,0,0,0,198
04/16/2020,MDW,IL,AGL,CE,Towers with Radar,174,7,5,2,188,0,2,24,1,27,174,9,29,3,215,0,0,0,215
04/17/2020,MDW,IL,AGL,CE,Towers with Radar,106,14,6,4,130,0,2,2,0,4,106,16,8,4,134,0,0,0,134
04/18/2020,MDW,IL,AGL,CE,Towers with Radar,139,13,14,0,166,0,0,10,0,10,139,13,24,0,176,0,0,0,176
04/19/2020,MDW,IL,AGL,CE,Towers with Radar,143,10,9,0,162,0,0,33,0,33,143,10,42,0,195,0,0,0,195
04/20/2020,MDW,IL,AGL,CE,Towers with Radar,152,18,2,0,172,0,1,11,0,12,152,19,13,0,184,0,0,0,184
04/21/2020,MDW,IL,AGL,CE,Towers with Radar,143,7,4,0,154,0,6,23,0,29,143,13,27,0,183,0,0,0,183
04/22/2020,MDW,IL,AGL,CE,Towers with Radar,147,15,3,0,165,0,3,14,0,17,147,18,17,0,182,0,0,0,182
04/23/2020,MDW,IL,AGL,CE,Towers with Radar,158,13,15,0,186,0,3,8,0,11,158,16,23,0,197,0,0,0,197
04/24/2020,MDW,IL,AGL,CE,Towers with Radar,129,25,6,0,160,0,2,3,0,5,129,27,9,0,165,0,0,0,165
04/25/2020,MDW,IL,AGL,CE,Towers with Radar,122,19,5,0,146,0,0,0,0,0,122,19,5,0,146,0,0,0,146
04/26/2020,MDW,IL,AGL,CE,Towers with Radar,139,12,11,0,162,0,0,46,0,46,139,12,57,0,208,0,0,0,208
04/27/2020,MDW,IL,AGL,CE,Towers with Radar,133,14,16,0,163,0,2,9,0,11,133,16,25,0,174,0,0,0,174
04/28/2020,MDW,IL,AGL,CE,Towers with Radar,127,21,12,0,160,0,2,9,0,11,127,23,21,0,171,0,0,0,171
04/29/2020,MDW,IL,AGL,CE,Towers with Radar,160,17,4,0,181,0,0,0,0,0,160,17,4,0,181,0,0,0,181
04/30/2020,MDW,IL,AGL,CE,Towers with Radar,164,20,19,0,203,0,0,8,4,12,164,20,27,4,215,0,0,0,215
05/01/2020,MDW,IL,AGL,CE,Towers with Radar,155,31,19,0,205,0,2,21,2,25,155,33,40,2,230,0,0,0,230
05/02/2020,MDW,IL,AGL,CE,Towers with Radar,148,26,7,0,181,0,0,18,2,20,148,26,25,2,201,0,0,0,201
05/03/2020,MDW,IL,AGL,CE,Towers with Radar,196,27,7,0,230,0,3,11,0,14,196,30,18,0,244,0,0,0,244
05/04/2020,MDW,IL,AGL,CE,Towers with Radar,196,17,11,0,224,0,0,16,0,16,196,17,27,0,240,0,0,0,240
05/05/2020,MDW,IL,AGL,CE,Towers with Radar,193,25,8,0,226,0,0,7,0,7,193,25,15,0,233,0,0,0,233
05/06/2020,MDW,IL,AGL,CE,Towers with Radar,197,32,14,0,243,0,1,25,0,26,197,33,39,0,269,0,0,0,269
05/07/2020,MDW,IL,AGL,CE,Towers with Radar,200,29,16,0,245,0,3,26,0,29,200,32,42,0,274,0,0,0,274
05/08/2020,MDW,IL,AGL,CE,Towers with Radar,199,31,19,0,249,0,0,11,0,11,199,31,30,0,260,0,0,0,260
05/09/2020,MDW,IL,AGL,CE,Towers with Radar,202,24,9,0,235,0,1,39,0,40,202,25,48,0,275,0,0,0,275
05/10/2020,MDW,IL,AGL,CE,Towers with Radar,204,21,6,0,231,0,0,0,0,0,204,21,6,0,231,0,0,0,231
05/11/2020,MDW,IL,AGL,CE,Towers with Radar,204,29,18,0,251,0,2,19,0,21,204,31,37,0,272,0,0,0,272
05/12/2020,MDW,IL,AGL,CE,Towers with Radar,202,29,15,0,246,0,0,24,0,24,202,29,39,0,270,0,0,0,270
05/13/2020,MDW,IL,AGL,CE,Towers with Radar,200,21,19,10,250,0,2,22,5,29,200,23,41,15,279,0,0,0,279
05/14/2020,MDW,IL,AGL,CE,Towers with Radar,204,42,9,0,255,0,0,3,3,6,204,42,12,3,261,0,0,0,261
05/15/2020,MDW,IL,AGL,CE,Towers with Radar,200,40,12,0,252,0,0,19,0,19,200,40,31,0,271,0,0,0,271
05/16/2020,MDW,IL,AGL,CE,Towers with Radar,200,21,11,0,232,0,0,17,4,21,200,21,28,4,253,0,0,0,253
05/17/2020,MDW,IL,AGL,CE,Towers with Radar,212,23,21,0,256,0,0,0,0,0,212,23,21,0,256,0,0,0,256
05/18/2020,MDW,IL,AGL,CE,Towers with Radar,210,17,20,0,247,0,2,5,0,7,210,19,25,0,254,0,0,0,254
05/19/2020,MDW,IL,AGL,CE,Towers with Radar,230,28,19,0,277,0,0,3,0,3,230,28,22,0,280,0,0,0,280
05/20/2020,MDW,IL,AGL,CE,Towers with Radar,206,36,23,0,265,0,2,23,0,25,206,38,46,0,290,0,0,0,290
05/21/2020,MDW,IL,AGL,CE,Towers with Radar,230,24,30,0,284,0,4,18,0,22,230,28,48,0,306,0,0,0,306
05/22/2020,MDW,IL,AGL,CE,Towers with Radar,220,34,19,0,273,0,1,24,0,25,220,35,43,0,298,0,0,0,298
05/23/2020,MDW,IL,AGL,CE,Towers with Radar,218,21,14,0,253,0,0,9,0,9,218,21,23,0,262,0,0,0,262
05/24/2020,MDW,IL,AGL,CE,Towers with Radar,220,15,10,2,247,0,0,22,0,22,220,15,32,2,269,0,0,0,269
05/25/2020,MDW,IL,AGL,CE,Towers with Radar,213,25,21,0,259,0,4,16,0,20,213,29,37,0,279,0,0,0,279
05/26/2020,MDW,IL,AGL,CE,Towers with Radar,212,39,19,0,270,0,4,21,0,25,212,43,40,0,295,0,0,0,295
05/27/2020,MDW,IL,AGL,CE,Towers with Radar,214,40,18,0,272,0,4,10,0,14,214,44,28,0,286,0,0,0,286
05/28/2020,MDW,IL,AGL,CE,Towers with Radar,216,32,19,0,267,0,1,10,4,15,216,33,29,4,282,0,0,0,282
05/29/2020,MDW,IL,AGL,CE,Towers with Radar,216,37,22,0,275,0,8,23,5,36,216,45,45,5,311,0,0,0,311
05/30/2020,MDW,IL,AGL,CE,Towers with Radar,217,37,21,0,275,0,4,33,0,37,217,41,54,0,312,0,0,0,312
05/31/2020,MDW,IL,AGL,CE,Towers with Radar,238,33,10,0,281,0,19,27,2,48,238,52,37,2,329,0,0,0,329
06/01/2020,MDW,IL,AGL,CE,Towers with Radar,228,26,15,0,269,0,7,19,14,40,228,33,34,14,309,0,0,0,309
06/02/2020,MDW,IL,AGL,CE,Towers with Radar,227,18,12,0,257,0,13,29,0,42,227,31,41,0,299,0,0,0,299
06/03/2020,MDW,IL,AGL,CE,Towers with Radar,229,38,13,0,280,0,13,41,0,54,229,51,54,0,334,0,0,0,334
06/04/2020,MDW,IL,AGL,CE,Towers with Radar,239,36,17,2,294,0,10,55,1,66,239,46,72,3,360,0,0,0,360
06/05/2020,MDW,IL,AGL,CE,Towers with Radar,232,45,11,0,288,0,14,29,2,45,232,59,40,2,333,0,0,0,333
06/06/2020,MDW,IL,AGL,CE,Towers with Radar,231,13,15,2,261,0,2,35,0,37,231,15,50,2,298,0,0,0,298
06/07/2020,MDW,IL,AGL,CE,Towers with Radar,296,47,20,0,363,0,0,37,0,37,296,47,57,0,400,0,0,0,400
06/08/2020,MDW,IL,AGL,CE,Towers with Radar,295,30,24,0,349,0,2,37,0,39,295,32,61,0,388,0,0,0,388
06/09/2020,MDW,IL,AGL,CE,Towers with Radar,286,26,14,0,326,0,0,19,0,19,286,26,33,0,345,0,0,0,345
06/10/2020,MDW,IL,AGL,CE,Towers with Radar,290,31,31,0,352,0,0,6,0,6,290,31,37,0,358,0,0,0,358
06/11/2020,MDW,IL,AGL,CE,Towers with Radar,317,37,38,0,392,0,3,30,0,33,317,40,68,0,425,0,0,0,425
06/12/2020,MDW,IL,AGL,CE,Towers with Radar,315,35,16,0,366,0,0,32,1,33,315,35,48,1,399,0,0,0,399
06/13/2020,MDW,IL,AGL,CE,Towers with Radar,295,28,26,0,349,0,0,40,1,41,295,28,66,1,390,0,0,0,390
06/14/2020,MDW,IL,AGL,CE,Towers with Radar,331,45,22,0,398,0,0,48,2,50,331,45,70,2,448,0,0,0,448
06/15/2020,MDW,IL,AGL,CE,Towers with Radar,330,50,22,0,402,0,0,26,2,28,330,50,48,2,430,0,0,0,430
06/16/2020,MDW,IL,AGL,CE,Towers with Radar,303,33,33,0,369,0,3,46,0,49,303,36,79,0,418,0,0,0,418
06/17/2020,MDW,IL,AGL,CE,Towers with Radar,312,53,23,0,388,0,2,32,0,34,312,55,55,0,422,0,0,0,422
06/18/2020,MDW,IL,AGL,CE,Towers with Radar,335,46,41,0,422,0,0,32,0,32,335,46,73,0,454,0,0,0,454
06/19/2020,MDW,IL,AGL,CE,Towers with Radar,320,47,29,0,396,0,0,27,0,27,320,47,56,0,423,0,0,0,423
06/20/2020,MDW,IL,AGL,CE,Towers with Radar,310,36,25,0,371,0,0,14,0,14,310,36,39,0,385,0,0,0,385
06/21/2020,MDW,IL,AGL,CE,Towers with Radar,374,51,20,0,445,0,1,21,0,22,374,52,41,0,467,0,0,0,467
06/22/2020,MDW,IL,AGL,CE,Towers with Radar,376,51,30,0,457,0,0,7,1,8,376,51,37,1,465,0,0,0,465
06/23/2020,MDW,IL,AGL,CE,Towers with Radar,359,52,33,0,444,0,2,24,0,26,359,54,57,0,470,0,0,0,470
06/24/2020,MDW,IL,AGL,CE,Towers with Radar,345,40,32,0,417,0,3,23,1,27,345,43,55,1,444,0,0,0,444
06/25/2020,MDW,IL,AGL,CE,Towers with Radar,377,54,37,0,468,0,9,45,5,59,377,63,82,5,527,0,0,0,527
06/26/2020,MDW,IL,AGL,CE,Towers with Radar,368,60,33,0,461,0,1,3,0,4,368,61,36,0,465,0,0,0,465
06/27/2020,MDW,IL,AGL,CE,Towers with Radar,350,44,18,0,412,0,0,27,0,27,350,44,45,0,439,0,0,0,439
06/28/2020,MDW,IL,AGL,CE,Towers with Radar,387,46,41,0,474,0,1,51,0,52,387,47,92,0,526,0,0,0,526
06/29/2020,MDW,IL,AGL,CE,Towers with Radar,382,60,27,0,469,0,0,12,0,12,382,60,39,0,481,0,0,0,481
06/30/2020,MDW,IL,AGL,CE,Towers with Radar,363,54,36,0,453,0,7,12,0,19,363,61,48,0,472,0,0,0,472
07/01/2020,MDW,IL,AGL,CE,Towers with Radar,361,64,48,0,473,0,2,42,1,45,361,66,90,1,518,0,0,0,518
07/02/2020,MDW,IL,AGL,CE,Towers with Radar,390,69,42,0,501,0,2,37,4,43,390,71,79,4,544,0,0,0,544
07/03/2020,MDW,IL,AGL,CE,Towers with Radar,381,31,23,0,435,0,4,42,2,48,381,35,65,2,483,0,0,0,483
07/04/2020,MDW,IL,AGL,CE,Towers with Radar,253,27,6,0,286,0,6,40,4,50,253,33,46,4,336,0,0,0,336
07/05/2020,MDW,IL,AGL,CE,Towers with Radar,370,69,35,0,474,0,0,32,0,32,370,69,67,0,506,0,0,0,506
07/06/2020,MDW,IL,AGL,CE,Towers with Radar,376,42,33,0,451,0,11,13,0,24,376,53,46,0,475,0,0,0,475
07/07/2020,MDW,IL,AGL,CE,Towers with Radar,354,61,46,2,463,0,9,26,0,35,354,70,72,2,498,0,0,0,498
07/08/2020,MDW,IL,AGL,CE,Towers with Radar,358,41,43,0,442,0,12,21,0,33,358,53,64,0,475,0,0,0,475
07/09/2020,MDW,IL,AGL,CE,Towers with Radar,389,58,30,0,477,0,0,35,0,35,389,58,65,0,512,0,0,0,512
07/10/2020,MDW,IL,AGL,CE,Towers with Radar,371,51,26,0,448,0,0,36,0,36,371,51,62,0,484,0,0,0,484
07/11/2020,MDW,IL,AGL,CE,Towers with Radar,354,33,18,0,405,0,1,41,0,42,354,34,59,0,447,0,0,0,447
07/12/2020,MDW,IL,AGL,CE,Towers with Radar,380,51,34,0,465,0,0,37,1,38,380,51,71,1,503,0,0,0,503
07/13/2020,MDW,IL,AGL,CE,Towers with Radar,380,59,35,0,474,0,7,28,2,37,380,66,63,2,511,0,0,0,511
07/14/2020,MDW,IL,AGL,CE,Towers with Radar,348,52,29,0,429,0,9,32,4,45,348,61,61,4,474,0,0,0,474
07/15/2020,MDW,IL,AGL,CE,Towers with Radar,331,45,37,0,413,0,0,11,1,12,331,45,48,1,425,0,0,0,425
07/16/2020,MDW,IL,AGL,CE,Towers with Radar,380,62,33,0,475,0,2,24,4,30,380,64,57,4,505,0,0,0,505
07/17/2020,MDW,IL,AGL,CE,Towers with Radar,375,64,35,0,474,0,0,32,0,32,375,64,67,0,506,0,0,0,506
07/18/2020,MDW,IL,AGL,CE,Towers with Radar,357,53,15,0,425,0,0,27,0,27,357,53,42,0,452,0,0,0,452
07/19/2020,MDW,IL,AGL,CE,Towers with Radar,377,53,29,0,459,0,0,22,0,22,377,53,51,0,481,0,0,0,481
07/20/2020,MDW,IL,AGL,CE,Towers with Radar,370,48,28,0,446,0,0,33,0,33,370,48,61,0,479,0,0,0,479
07/21/2020,MDW,IL,AGL,CE,Towers with Radar,346,47,26,0,419,0,0,13,0,13,346,47,39,0,432,0,0,0,432
07/22/2020,MDW,IL,AGL,CE,Towers with Radar,349,51,45,0,445,0,10,25,0,35,349,61,70,0,480,0,0,0,480
07/23/2020,MDW,IL,AGL,CE,Towers with Radar,387,59,42,2,490,0,3,46,0,49,387,62,88,2,539,0,0,0,539
07/24/2020,MDW,IL,AGL,CE,Towers with Radar,374,66,30,0,470,0,2,23,1,26,374,68,53,1,496,0,0,0,496
07/25/2020,MDW,IL,AGL,CE,Towers with Radar,355,40,25,0,420,1,0,58,2,61,356,40,83,2,481,0,0,0,481
07/26/2020,MDW,IL,AGL,CE,Towers with Radar,370,48,33,0,451,0,3,39,2,44,370,51,72,2,495,0,0,0,495
07/27/2020,MDW,IL,AGL,CE,Towers with Radar,375,56,39,0,470,0,2,22,0,24,375,58,61,0,494,0,0,0,494
07/28/2020,MDW,IL,AGL,CE,Towers with Radar,348,44,26,0,418,0,6,41,0,47,348,50,67,0,465,0,0,0,465
07/29/2020,MDW,IL,AGL,CE,Towers with Radar,344,43,38,0,425,0,4,31,2,37,344,47,69,2,462,0,0,0,462
07/30/2020,MDW,IL,AGL,CE,Towers with Radar,377,45,37,0,459,0,0,56,0,56,377,45,93,0,515,0,0,0,515
07/31/2020,MDW,IL,AGL,CE,Towers with Radar,372,53,41,0,466,0,10,28,0,38,372,63,69,0,504,0,0,0,504
08/01/2020,MDW,IL,AGL,CE,Towers with Radar,350,50,34,0,434,0,0,50,3,53,350,50,84,3,487,0,0,0,487
08/02/2020,MDW,IL,AGL,CE,Towers with Radar,370,53,24,0,447,0,0,23,2,25,370,53,47,2,472,0,0,0,472
08/03/2020,MDW,IL,AGL,CE,Towers with Radar,372,48,41,0,461,0,3,17,7,27,372,51,58,7,488,0,0,0,488
08/04/2020,MDW,IL,AGL,CE,Towers with Radar,323,39,23,0,385,0,2,24,0,26,323,41,47,0,411,0,0,0,411
08/05/2020,MDW,IL,AGL,CE,Towers with Radar,349,52,38,0,439,0,0,19,0,19,349,52,57,0,458,0,0,0,458
08/06/2020,MDW,IL,AGL,CE,Towers with Radar,380,56,41,0,477,0,2,50,0,52,380,58,91,0,529,0,0,0,529
08/07/2020,MDW,IL,AGL,CE,Towers with Radar,374,55,36,0,465,0,0,31,0,31,374,55,67,0,496,0,0,0,496
08/08/2020,MDW,IL,AGL,CE,Towers with Radar,350,52,39,0,441,0,1,70,2,73,350,53,109,2,514,0,0,0,514
08/09/2020,MDW,IL,AGL,CE,Towers with Radar,368,49,32,0,449,0,0,34,0,34,368,49,66,0,483,0,0,0,483
08/10/2020,MDW,IL,AGL,CE,Towers with Radar,358,55,25,0,438,1,2,15,0,18,359,57,40,0,456,0,0,0,456
08/11/2020,MDW,IL,AGL,CE,Towers with Radar,359,50,33,0,442,0,1,35,6,42,359,51,68,6,484,0,0,0,484
08/12/2020,MDW,IL,AGL,CE,Towers with Radar,361,43,46,0,450,0,2,19,2,23,361,45,65,2,473,0,0,0,473
08/13/2020,MDW,IL,AGL,CE,Towers with Radar,375,59,35,0,469,0,4,46,1,51,375,63,81,1,520,0,0,0,520
08/14/2020,MDW,IL,AGL,CE,Towers with Radar,368,35,31,0,434,0,0,42,2,44,368,35,73,2,478,0,0,0,478
08/15/2020,MDW,IL,AGL,CE,Towers with Radar,341,51,22,0,414,0,6,58,1,65,341,57,80,1,479,0,0,0,479
08/16/2020,MDW,IL,AGL,CE,Towers with Radar,365,58,36,0,459,0,0,59,0,59,365,58,95,0,518,0,0,0,518
08/17/2020,MDW,IL,AGL,CE,Towers with Radar,369,66,19,0,454,0,2,38,0,40,369,68,57,0,494,0,0,0,494
08/18/2020,MDW,IL,AGL,CE,Towers with Radar,360,43,29,0,432,0,0,26,0,26,360,43,55,0,458,0,0,0,458
08/19/2020,MDW,IL,AGL,CE,Towers with Radar,357,41,36,0,434,0,6,46,0,52,357,47,82,0,486,0,0,0,486
08/20/2020,MDW,IL,AGL,CE,Towers with Radar,370,53,26,0,449,0,2,29,0,31,370,55,55,0,480,0,0,0,480
08/21/2020,MDW,IL,AGL,CE,Towers with Radar,363,54,40,0,457,0,2,33,1,36,363,56,73,1,493,0,0,0,493
08/22/2020,MDW,IL,AGL,CE,Towers with Radar,341,48,21,0,410,0,0,49,1,50,341,48,70,1,460,0,0,0,460
08/23/2020,MDW,IL,AGL,CE,Towers with Radar,361,57,44,0,462,0,0,37,1,38,361,57,81,1,500,0,0,0,500
08/24/2020,MDW,IL,AGL,CE,Towers with Radar,370,39,28,0,437,0,2,27,4,33,370,41,55,4,470,0,0,0,470
08/25/2020,MDW,IL,AGL,CE,Towers with Radar,358,70,26,0,454,0,0,18,0,18,358,70,44,0,472,0,0,0,472
08/26/2020,MDW,IL,AGL,CE,Towers with Radar,345,45,33,0,423,0,5,24,1,30,345,50,57,1,453,0,0,0,453
08/27/2020,MDW,IL,AGL,CE,Towers with Radar,372,48,27,0,447,0,2,43,0,45,372,50,70,0,492,0,0,0,492
08/28/2020,MDW,IL,AGL,CE,Towers with Radar,365,39,37,0,441,0,0,37,0,37,365,39,74,0,478,0,0,0,478
08/29/2020,MDW,IL,AGL,CE,Towers with Radar,338,35,38,0,411,0,1,55,0,56,338,36,93,0,467,0,0,0,467
08/30/2020,MDW,IL,AGL,CE,Towers with Radar,371,54,38,0,463,0,2,64,0,66,371,56,102,0,529,0,0,0,529
08/31/2020,MDW,IL,AGL,CE,Towers with Radar,371,40,30,0,441,0,1,26,0,27,371,41,56,0,468,0,0,0,468
09/01/2020,MDW,IL,AGL,CE,Towers with Radar,357,48,33,0,438,0,0,7,0,7,357,48,40,0,445,0,0,0,445
09/02/2020,MDW,IL,AGL,CE,Towers with Radar,352,50,34,0,436,0,11,25,0,36,352,61,59,0,472,0,0,0,472
09/03/2020,MDW,IL,AGL,CE,Towers with Radar,380,56,38,0,474,0,1,40,0,41,380,57,78,0,515,0,0,0,515
09/04/2020,MDW,IL,AGL,CE,Towers with Radar,382,48,61,0,491,0,0,26,0,26,382,48,87,0,517,0,0,0,517
09/05/2020,MDW,IL,AGL,CE,Towers with Radar,352,32,27,0,411,0,1,61,0,62,352,33,88,0,473,0,0,0,473
09/06/2020,MDW,IL,AGL,CE,Towers with Radar,280,36,23,0,339,0,0,28,0,28,280,36,51,0,367,0,0,0,367
09/07/2020,MDW,IL,AGL,CE,Towers with Radar,295,67,37,0,399,0,0,37,2,39,295,67,74,2,438,0,0,0,438
09/08/2020,MDW,IL,AGL,CE,Towers with Radar,290,55,21,0,366,0,0,0,0,0,290,55,21,0,366,0,0,0,366
09/09/2020,MDW,IL,AGL,CE,Towers with Radar,268,40,29,2,339,0,0,2,0,2,268,40,31,2,341,0,0,0,341
09/10/2020,MDW,IL,AGL,CE,Towers with Radar,273,58,40,0,371,0,0,10,3,13,273,58,50,3,384,0,0,0,384
09/11/2020,MDW,IL,AGL,CE,Towers with Radar,271,64,41,0,376,0,0,12,3,15,271,64,53,3,391,0,0,0,391
09/12/2020,MDW,IL,AGL,CE,Towers with Radar,272,31,24,0,327,0,0,1,1,2,272,31,25,1,329,0,0,0,329
09/13/2020,MDW,IL,AGL,CE,Towers with Radar,272,54,38,0,364,0,0,43,4,47,272,54,81,4,411,0,0,0,411
09/14/2020,MDW,IL,AGL,CE,Towers with Radar,273,54,28,0,355,0,4,13,4,21,273,58,41,4,376,0,0,0,376
09/15/2020,MDW,IL,AGL,CE,Towers with Radar,273,41,40,0,354,0,5,32,0,37,273,46,72,0,391,0,0,0,391
09/16/2020,MDW,IL,AGL,CE,Towers with Radar,275,53,34,0,362,0,2,39,0,41,275,55,73,0,403,0,0,0,403
09/17/2020,MDW,IL,AGL,CE,Towers with Radar,279,61,50,0,390,0,2,42,1,45,279,63,92,1,435,0,0,0,435
09/18/2020,MDW,IL,AGL,CE,Towers with Radar,283,57,34,0,374,0,0,28,0,28,283,57,62,0,402,0,0,0,402
09/19/2020,MDW,IL,AGL,CE,Towers with Radar,274,30,30,0,334,0,0,96,0,96,274,30,126,0,430,0,0,0,430
09/20/2020,MDW,IL,AGL,CE,Towers with Radar,278,57,36,0,371,0,0,58,0,58,278,57,94,0,429,0,0,0,429
09/21/2020,MDW,IL,AGL,CE,Towers with Radar,279,41,36,0,356,0,0,24,0,24,279,41,60,0,380,0,0,0,380
09/22/2020,MDW,IL,AGL,CE,Towers with Radar,276,73,40,0,389,0,2,27,0,29,276,75,67,0,418,0,0,0,418
09/23/2020,MDW,IL,AGL,CE,Towers with Radar,277,61,39,0,377,0,0,23,0,23,277,61,62,0,400,0,0,0,400
09/24/2020,MDW,IL,AGL,CE,Towers with Radar,285,68,51,0,404,0,4,32,0,36,285,72,83,0,440,0,0,0,440
09/25/2020,MDW,IL,AGL,CE,Towers with Radar,281,47,50,0,378,0,3,50,0,53,281,50,100,0,431,0,0,0,431
09/26/2020,MDW,IL,AGL,CE,Towers with Radar,272,48,22,0,342,0,0,33,0,33,272,48,55,0,375,0,0,0,375
09/27/2020,MDW,IL,AGL,CE,Towers with Radar,278,60,44,0,382,0,0,49,0,49,278,60,93,0,431,0,0,0,431
09/28/2020,MDW,IL,AGL,CE,Towers with Radar,283,50,43,0,376,0,2,0,0,2,283,52,43,0,378,0,0,0,378
09/29/2020,MDW,IL,AGL,CE,Towers with Radar,280,53,35,1,369,0,0,19,0,19,280,53,54,1,388,0,0,0,388
09/30/2020,MDW,IL,AGL,CE,Towers with Radar,277,73,45,0,395,0,0,13,0,13,277,73,58,0,408,0,0,0,408
10/01/2020,MDW,IL,AGL,CE,Towers with Radar,280,59,28,0,367,0,0,8,0,8,280,59,36,0,375,0,0,0,375
10/02/2020,MDW,IL,AGL,CE,Towers with Radar,284,28,27,0,339,0,3,27,0,30,284,31,54,0,369,0,0,0,369
10/03/2020,MDW,IL,AGL,CE,Towers with Radar,278,29,34,0,341,0,0,43,0,43,278,29,77,0,384,0,0,0,384
10/04/2020,MDW,IL,AGL,CE,Towers with Radar,279,35,37,0,351,0,0,30,0,30,279,35,67,0,381,0,0,0,381
10/05/2020,MDW,IL,AGL,CE,Towers with Radar,280,52,38,0,370,0,2,12,0,14,280,54,50,0,384,0,0,0,384
10/06/2020,MDW,IL,AGL,CE,Towers with Radar,280,46,37,0,363,0,4,28,0,32,280,50,65,0,395,0,0,0,395
10/07/2020,MDW,IL,AGL,CE,Towers with Radar,283,55,37,0,375,0,2,21,0,23,283,57,58,0,398,0,0,0,398
10/08/2020,MDW,IL,AGL,CE,Towers with Radar,348,73,49,0,470,0,4,26,0,30,348,77,75,0,500,0,0,0,500
10/09/2020,MDW,IL,AGL,CE,Towers with Radar,337,66,54,0,457,0,4,33,0,37,337,70,87,0,494,0,0,0,494
10/10/2020,MDW,IL,AGL,CE,Towers with Radar,307,33,14,0,354,0,0,62,0,62,307,33,76,0,416,0,0,0,416
10/11/2020,MDW,IL,AGL,CE,Towers with Radar,314,46,32,0,392,0,0,59,0,59,314,46,91,0,451,0,0,0,451
10/12/2020,MDW,IL,AGL,CE,Towers with Radar,341,55,45,0,441,0,1,2,0,3,341,56,47,0,444,0,0,0,444
10/13/2020,MDW,IL,AGL,CE,Towers with Radar,296,55,20,0,371,0,6,26,0,32,296,61,46,0,403,0,0,0,403
10/14/2020,MDW,IL,AGL,CE,Towers with Radar,292,44,58,0,394,0,0,28,0,28,292,44,86,0,422,0,0,0,422
10/15/2020,MDW,IL,AGL,CE,Towers with Radar,322,60,38,0,420,0,2,32,0,34,322,62,70,0,454,0,0,0,454
10/16/2020,MDW,IL,AGL,CE,Towers with Radar,315,47,28,0,390,0,3,26,0,29,315,50,54,0,419,0,0,0,419
10/17/2020,MDW,IL,AGL,CE,Towers with Radar,311,54,24,0,389,0,1,15,0,16,311,55,39,0,405,0,0,0,405
10/18/2020,MDW,IL,AGL,CE,Towers with Radar,324,49,33,0,406,0,0,21,0,21,324,49,54,0,427,0,0,0,427
10/19/2020,MDW,IL,AGL,CE,Towers with Radar,307,50,27,0,384,0,1,12,0,13,307,51,39,0,397,0,0,0,397
10/20/2020,MDW,IL,AGL,CE,Towers with Radar,287,53,31,0,371,0,0,8,1,9,287,53,39,1,380,0,0,0,380
10/21/2020,MDW,IL,AGL,CE,Towers with Radar,280,71,46,0,397,0,0,17,0,17,280,71,63,0,414,0,0,0,414
10/22/2020,MDW,IL,AGL,CE,Towers with Radar,304,46,65,0,415,0,0,17,0,17,304,46,82,0,432,0,0,0,432
10/23/2020,MDW,IL,AGL,CE,Towers with Radar,297,53,42,0,392,0,2,3,0,5,297,55,45,0,397,0,0,0,397
10/24/2020,MDW,IL,AGL,CE,Towers with Radar,292,38,27,0,357,0,0,60,0,60,292,38,87,0,417,0,0,0,417
10/25/2020,MDW,IL,AGL,CE,Towers with Radar,285,33,38,0,356,0,0,46,0,46,285,33,84,0,402,0,0,0,402
10/26/2020,MDW,IL,AGL,CE,Towers with Radar,280,40,40,0,360,0,0,6,0,6,280,40,46,0,366,0,0,0,366
10/27/2020,MDW,IL,AGL,CE,Towers with Radar,264,52,41,0,357,0,0,8,0,8,264,52,49,0,365,0,0,0,365
10/28/2020,MDW,IL,AGL,CE,Towers with Radar,258,47,30,0,335,0,3,25,0,28,258,50,55,0,363,0,0,0,363
10/29/2020,MDW,IL,AGL,CE,Towers with Radar,282,74,57,0,413,0,2,29,0,31,282,76,86,0,444,0,0,0,444
10/30/2020,MDW,IL,AGL,CE,Towers with Radar,278,48,25,0,351,0,0,32,1,33,278,48,57,1,384,0,0,0,384
10/31/2020,MDW,IL,AGL,CE,Towers with Radar,264,32,18,0,314,0,4,47,1,52,264,36,65,1,366,0,0,0,366
11/01/2020,MDW,IL,AGL,CE,Towers with Radar,269,54,36,0,359,0,0,7,1,8,269,54,43,1,367,0,0,0,367
11/02/2020,MDW,IL,AGL,CE,Towers with Radar,279,44,32,0,355,0,0,34,1,35,279,44,66,1,390,0,0,0,390
11/03/2020,MDW,IL,AGL,CE,Towers with Radar,265,28,29,0,322,0,3,25,2,30,265,31,54,2,352,0,0,0,352
11/04/2020,MDW,IL,AGL,CE,Towers with Radar,279,39,19,0,337,0,1,26,0,27,279,40,45,0,364,0,0,0,364
11/05/2020,MDW,IL,AGL,CE,Towers with Radar,332,42,28,0,402,0,4,19,0,23,332,46,47,0,425,0,0,0,425
11/06/2020,MDW,IL,AGL,CE,Towers with Radar,326,52,30,0,408,0,0,41,0,41,326,52,71,0,449,0,0,0,449
11/07/2020,MDW,IL,AGL,CE,Towers with Radar,264,43,21,0,328,0,1,53,0,54,264,44,74,0,382,0,0,0,382
11/08/2020,MDW,IL,AGL,CE,Towers with Radar,324,42,22,0,388,0,0,26,0,26,324,42,48,0,414,0,0,0,414
11/09/2020,MDW,IL,AGL,CE,Towers with Radar,323,44,28,0,395,0,1,23,0,24,323,45,51,0,419,0,0,0,419
11/10/2020,MDW,IL,AGL,CE,Towers with Radar,272,39,18,0,329,0,2,2,0,4,272,41,20,0,333,0,0,0,333
11/11/2020,MDW,IL,AGL,CE,Towers with Radar,269,49,38,0,356,0,0,20,2,22,269,49,58,2,378,0,0,0,378
11/12/2020,MDW,IL,AGL,CE,Towers with Radar,323,58,49,2,432,0,6,28,0,34,323,64,77,2,466,0,0,0,466
11/13/2020,MDW,IL,AGL,CE,Towers with Radar,312,32,30,2,376,0,2,18,0,20,312,34,48,2,396,0,0,0,396
11/14/2020,MDW,IL,AGL,CE,Towers with Radar,251,29,31,0,311,0,0,13,0,13,251,29,44,0,324,0,0,0,324
11/15/2020,MDW,IL,AGL,CE,Towers with Radar,328,40,23,0,391,0,0,3,0,3,328,40,26,0,394,0,0,0,394
11/16/2020,MDW,IL,AGL,CE,Towers with Radar,315,45,35,0,395,0,4,18,0,22,315,49,53,0,417,0,0,0,417
11/17/2020,MDW,IL,AGL,CE,Towers with Radar,271,36,31,0,338,0,0,18,0,18,271,36,49,0,356,0,0,0,356
11/18/2020,MDW,IL,AGL,CE,Towers with Radar,270,54,27,2,353,0,3,15,0,18,270,57,42,2,371,0,0,0,371
11/19/2020,MDW,IL,AGL,CE,Towers with Radar,324,45,44,0,413,0,0,1,0,1,324,45,45,0,414,0,0,0,414
11/20/2020,MDW,IL,AGL,CE,Towers with Radar,327,51,52,2,432,0,0,26,0,26,327,51,78,2,458,0,0,0,458
11/21/2020,MDW,IL,AGL,CE,Towers with Radar,328,63,35,0,426,0,1,43,0,44,328,64,78,0,470,0,0,0,470
11/22/2020,MDW,IL,AGL,CE,Towers with Radar,327,46,52,2,427,0,0,17,0,17,327,46,69,2,444,0,0,0,444
11/23/2020,MDW,IL,AGL,CE,Towers with Radar,392,50,38,0,480,0,0,29,0,29,392,50,67,0,509,0,0,0,509
11/24/2020,MDW,IL,AGL,CE,Towers with Radar,358,51,27,0,436,0,0,2,0,2,358,51,29,0,438,0,0,0,438
11/25/2020,MDW,IL,AGL,CE,Towers with Radar,419,49,23,0,491,0,0,0,0,0,419,49,23,0,491,0,0,0,491
11/26/2020,MDW,IL,AGL,CE,Towers with Radar,287,16,13,0,316,0,0,8,0,8,287,16,21,0,324,0,0,0,324
11/27/2020,MDW,IL,AGL,CE,Towers with Radar,335,44,18,0,397,0,0,10,0,10,335,44,28,0,407,0,0,0,407
11/28/2020,MDW,IL,AGL,CE,Towers with Radar,322,45,28,0,395,0,0,46,0,46,322,45,74,0,441,0,0,0,441
11/29/2020,MDW,IL,AGL,CE,Towers with Radar,389,71,47,0,507,0,6,26,0,32,389,77,73,0,539,0,0,0,539
11/30/2020,MDW,IL,AGL,CE,Towers with Radar,331,50,46,0,427,0,0,9,0,9,331,50,55,0,436,0,0,0,436
12/01/2020,MDW,IL,AGL,CE,Towers with Radar,308,69,29,0,406,0,0,23,0,23,308,69,52,0,429,0,0,0,429
12/02/2020,MDW,IL,AGL,CE,Towers with Radar,257,51,19,0,327,0,2,25,0,27,257,53,44,0,354,0,0,0,354
12/03/2020,MDW,IL,AGL,CE,Towers with Radar,258,44,31,0,333,0,1,34,0,35,258,45,65,0,368,0,0,0,368
12/04/2020,MDW,IL,AGL,CE,Towers with Radar,255,36,26,0,317,0,0,30,0,30,255,36,56,0,347,0,0,0,347
12/05/2020,MDW,IL,AGL,CE,Towers with Radar,230,36,15,0,281,0,0,51,0,51,230,36,66,0,332,0,0,0,332
12/06/2020,MDW,IL,AGL,CE,Towers with Radar,253,39,21,0,313,0,0,14,0,14,253,39,35,0,327,0,0,0,327
12/07/2020,MDW,IL,AGL,CE,Towers with Radar,261,30,25,0,316,0,0,11,0,11,261,30,36,0,327,0,0,0,327
12/08/2020,MDW,IL,AGL,CE,Towers with Radar,254,47,19,0,320,0,2,13,0,15,254,49,32,0,335,0,0,0,335
12/09/2020,MDW,IL,AGL,CE,Towers with Radar,258,49,34,0,341,0,0,22,1,23,258,49,56,1,364,0,0,0,364
12/10/2020,MDW,IL,AGL,CE,Towers with Radar,255,63,40,1,359,0,0,28,2,30,255,63,68,3,389,0,0,0,389
12/11/2020,MDW,IL,AGL,CE,Towers with Radar,255,57,24,0,336,0,0,2,0,2,255,57,26,0,338,0,0,0,338
12/12/2020,MDW,IL,AGL,CE,Towers with Radar,231,54,25,0,310,0,0,2,0,2,231,54,27,0,312,0,0,0,312
12/13/2020,MDW,IL,AGL,CE,Towers with Radar,254,46,26,0,326,0,0,34,3,37,254,46,60,3,363,0,0,0,363
12/14/2020,MDW,IL,AGL,CE,Towers with Radar,259,44,14,0,317,0,0,15,0,15,259,44,29,0,332,0,0,0,332
12/15/2020,MDW,IL,AGL,CE,Towers with Radar,256,49,31,0,336,0,1,22,0,23,256,50,53,0,359,0,0,0,359
12/16/2020,MDW,IL,AGL,CE,Towers with Radar,248,54,28,0,330,0,2,6,0,8,248,56,34,0,338,0,0,0,338
12/17/2020,MDW,IL,AGL,CE,Towers with Radar,299,49,35,0,383,0,1,14,0,15,299,50,49,0,398,0,0,0,398
12/18/2020,MDW,IL,AGL,CE,Towers with Radar,306,56,24,0,386,0,3,16,0,19,306,59,40,0,405,0,0,0,405
12/19/2020,MDW,IL,AGL,CE,Towers with Radar,329,52,42,0,423,0,0,17,0,17,329,52,59,0,440,0,0,0,440
12/20/2020,MDW,IL,AGL,CE,Towers with Radar,314,47,29,0,390,0,0,42,0,42,314,47,71,0,432,0,0,0,432
12/21/2020,MDW,IL,AGL,CE,Towers with Radar,310,45,18,0,373,0,1,15,1,17,310,46,33,1,390,0,0,0,390
12/22/2020,MDW,IL,AGL,CE,Towers with Radar,307,65,17,0,389,0,5,24,0,29,307,70,41,0,418,0,0,0,418
12/23/2020,MDW,IL,AGL,CE,Towers with Radar,393,63,31,0,487,0,0,5,0,5,393,63,36,0,492,0,0,0,492
12/24/2020,MDW,IL,AGL,CE,Towers with Radar,266,41,11,0,318,0,1,8,0,9,266,42,19,0,327,0,0,0,327
12/25/2020,MDW,IL,AGL,CE,Towers with Radar,252,43,11,0,306,0,0,18,0,18,252,43,29,0,324,0,0,0,324
12/26/2020,MDW,IL,AGL,CE,Towers with Radar,327,63,37,0,427,0,0,36,0,36,327,63,73,0,463,0,0,0,463
12/27/2020,MDW,IL,AGL,CE,Towers with Radar,386,60,55,0,501,0,0,14,0,14,386,60,69,0,515,0,0,0,515
12/28/2020,MDW,IL,AGL,CE,Towers with Radar,316,71,33,0,420,0,0,24,0,24,316,71,57,0,444,0,0,0,444
12/29/2020,MDW,IL,AGL,CE,Towers with Radar,230,55,19,0,304,0,0,22,0,22,230,55,41,0,326,0,0,0,326
12/30/2020,MDW,IL,AGL,CE,Towers with Radar,303,49,38,0,390,0,0,7,0,7,303,49,45,0,397,0,0,0,397
12/31/2020,MDW,IL,AGL,CE,Towers with Radar,259,34,10,0,303,0,0,15,0,15,259,34,25,0,318,0,0,0,318
01/01/2021,MDW,IL,AGL,CE,Towers with Radar,215,25,8,0,248,0,0,2,0,2,215,25,10,0,250,0,0,0,250
01/02/2021,MDW,IL,AGL,CE,Towers with Radar,329,54,43,0,426,0,0,0,0,0,329,54,43,0,426,0,0,0,426
01/03/2021,MDW,IL,AGL,CE,Towers with Radar,384,85,42,0,511,0,0,0,0,0,384,85,42,0,511,0,0,0,511
01/04/2021,MDW,IL,AGL,CE,Towers with Radar,295,62,50,0,407,0,0,0,0,0,295,62,50,0,407,0,0,0,407
01/05/2021,MDW,IL,AGL,CE,Towers with Radar,295,74,37,0,406,0,0,0,0,0,295,74,37,0,406,0,0,0,406
01/06/2021,MDW,IL,AGL,CE,Towers with Radar,297,53,35,0,385,0,4,12,0,16,297,57,47,0,401,0,0,0,401
01/07/2021,MDW,IL,AGL,CE,Towers with Radar,262,57,31,0,350,0,0,13,2,15,262,57,44,2,365,0,0,0,365
01/08/2021,MDW,IL,AGL,CE,Towers with Radar,256,49,33,0,338,0,0,12,0,12,256,49,45,0,350,0,0,0,350
01/09/2021,MDW,IL,AGL,CE,Towers with Radar,226,45,24,0,295,0,0,21,1,22,226,45,45,1,317,0,0,0,317
01/10/2021,MDW,IL,AGL,CE,Towers with Radar,252,48,34,1,335,0,0,13,0,13,252,48,47,1,348,0,0,0,348
01/11/2021,MDW,IL,AGL,CE,Towers with Radar,257,38,27,0,322,0,0,1,1,2,257,38,28,1,324,0,0,0,324
01/12/2021,MDW,IL,AGL,CE,Towers with Radar,252,46,24,0,322,0,4,25,1,30,252,50,49,1,352,0,0,0,352
01/13/2021,MDW,IL,AGL,CE,Towers with Radar,254,45,40,0,339,0,0,21,0,21,254,45,61,0,360,0,0,0,360
01/14/2021,MDW,IL,AGL,CE,Towers with Radar,258,50,45,0,353,0,0,9,0,9,258,50,54,0,362,0,0,0,362
01/15/2021,MDW,IL,AGL,CE,Towers with Radar,256,51,21,0,328,0,0,6,0,6,256,51,27,0,334,0,0,0,334
01/16/2021,MDW,IL,AGL,CE,Towers with Radar,230,34,9,0,273,0,0,4,0,4,230,34,13,0,277,0,0,0,277
01/17/2021,MDW,IL,AGL,CE,Towers with Radar,260,53,21,0,334,0,0,0,0,0,260,53,21,0,334,0,0,0,334
01/18/2021,MDW,IL,AGL,CE,Towers with Radar,262,41,31,0,334,0,0,2,0,2,262,41,33,0,336,0,0,0,336
01/19/2021,MDW,IL,AGL,CE,Towers with Radar,255,36,38,0,329,0,0,8,0,8,255,36,46,0,337,0,0,0,337
01/20/2021,MDW,IL,AGL,CE,Towers with Radar,253,40,25,0,318,0,2,13,2,17,253,42,38,2,335,0,0,0,335
01/21/2021,MDW,IL,AGL,CE,Towers with Radar,259,48,60,0,367,0,1,19,2,22,259,49,79,2,389,0,0,0,389
01/22/2021,MDW,IL,AGL,CE,Towers with Radar,259,60,35,0,354,0,1,26,1,28,259,61,61,1,382,0,0,0,382
01/23/2021,MDW,IL,AGL,CE,Towers with Radar,231,50,18,0,299,0,1,35,0,36,231,51,53,0,335,0,0,0,335
01/24/2021,MDW,IL,AGL,CE,Towers with Radar,259,48,20,0,327,0,0,1,0,1,259,48,21,0,328,0,0,0,328
01/25/2021,MDW,IL,AGL,CE,Towers with Radar,216,31,34,0,281,0,1,8,0,9,216,32,42,0,290,0,0,0,290
01/26/2021,MDW,IL,AGL,CE,Towers with Radar,226,37,14,0,277,0,0,4,0,4,226,37,18,0,281,0,0,0,281
01/27/2021,MDW,IL,AGL,CE,Towers with Radar,254,46,30,0,330,0,0,6,2,8,254,46,36,2,338,0,0,0,338
01/28/2021,MDW,IL,AGL,CE,Towers with Radar,259,40,33,0,332,0,1,15,1,17,259,41,48,1,349,0,0,0,349
01/29/2021,MDW,IL,AGL,CE,Towers with Radar,256,65,30,0,351,0,0,29,0,29,256,65,59,0,380,0,0,0,380
01/30/2021,MDW,IL,AGL,CE,Towers with Radar,207,59,13,0,279,0,0,6,1,7,207,59,19,1,286,0,0,0,286
01/31/2021,MDW,IL,AGL,CE,Towers with Radar,187,29,33,0,249,0,0,0,0,0,187,29,33,0,249,0,0,0,249
02/01/2021,MDW,IL,AGL,CE,Towers with Radar,229,51,27,0,307,0,3,31,0,34,229,54,58,0,341,0,0,0,341
02/02/2021,MDW,IL,AGL,CE,Towers with Radar,242,52,15,0,309,0,2,14,0,16,242,54,29,0,325,0,0,0,325
02/03/2021,MDW,IL,AGL,CE,Towers with Radar,252,56,43,0,351,0,0,16,0,16,252,56,59,0,367,0,0,0,367
02/04/2021,MDW,IL,AGL,CE,Towers with Radar,163,50,32,0,245,0,3,2,0,5,163,53,34,0,250,0,0,0,250
02/05/2021,MDW,IL,AGL,CE,Towers with Radar,254,69,33,0,356,0,0,0,0,0,254,69,33,0,356,0,0,0,356
02/06/2021,MDW,IL,AGL,CE,Towers with Radar,227,37,15,0,279,0,0,6,0,6,227,37,21,0,285,0,0,0,285
02/07/2021,MDW,IL,AGL,CE,Towers with Radar,249,48,20,0,317,0,0,8,0,8,249,48,28,0,325,0,0,0,325
02/08/2021,MDW,IL,AGL,CE,Towers with Radar,255,64,42,0,361,0,1,2,0,3,255,65,44,0,364,0,0,0,364
02/09/2021,MDW,IL,AGL,CE,Towers with Radar,249,52,31,0,332,0,0,16,0,16,249,52,47,0,348,0,0,0,348
02/10/2021,MDW,IL,AGL,CE,Towers with Radar,249,42,25,0,316,0,0,5,1,6,249,42,30,1,322,0,0,0,322
02/11/2021,MDW,IL,AGL,CE,Towers with Radar,267,47,52,0,366,0,2,11,0,13,267,49,63,0,379,0,0,0,379
02/12/2021,MDW,IL,AGL,CE,Towers with Radar,255,50,58,0,363,0,1,9,0,10,255,51,67,0,373,0,0,0,373
02/13/2021,MDW,IL,AGL,CE,Towers with Radar,227,60,33,0,320,0,0,16,0,16,227,60,49,0,336,0,0,0,336
02/14/2021,MDW,IL,AGL,CE,Towers with Radar,228,42,30,0,300,0,0,16,0,16,228,42,46,0,316,0,0,0,316
02/15/2021,MDW,IL,AGL,CE,Towers with Radar,82,16,21,0,119,0,0,0,0,0,82,16,21,0,119,0,0,0,119
02/16/2021,MDW,IL,AGL,CE,Towers with Radar,154,39,34,0,227,0,1,9,1,11,154,40,43,1,238,0,0,0,238
02/17/2021,MDW,IL,AGL,CE,Towers with Radar,217,41,54,0,312,0,1,7,0,8,217,42,61,0,320,0,0,0,320
02/18/2021,MDW,IL,AGL,CE,Towers with Radar,235,52,26,0,313,0,2,8,2,12,235,54,34,2,325,0,0,0,325
02/19/2021,MDW,IL,AGL,CE,Towers with Radar,244,66,35,2,347,0,0,22,0,22,244,66,57,2,369,0,0,0,369
02/20/2021,MDW,IL,AGL,CE,Towers with Radar,230,52,34,0,316,0,1,26,0,27,230,53,60,0,343,0,0,0,343
02/21/2021,MDW,IL,AGL,CE,Towers with Radar,188,70,48,0,306,0,0,4,0,4,188,70,52,0,310,0,0,0,310
02/22/2021,MDW,IL,AGL,CE,Towers with Radar,246,67,27,1,341,0,3,4,1,8,246,70,31,2,349,0,0,0,349
02/23/2021,MDW,IL,AGL,CE,Towers with Radar,253,52,40,2,347,0,0,22,0,22,253,52,62,2,369,0,0,0,369
02/24/2021,MDW,IL,AGL,CE,Towers with Radar,255,42,37,0,334,0,13,12,0,25,255,55,49,0,359,0,0,0,359
02/25/2021,MDW,IL,AGL,CE,Towers with Radar,269,49,36,0,354,0,0,12,0,12,269,49,48,0,366,0,0,0,366
02/26/2021,MDW,IL,AGL,CE,Towers with Radar,261,61,33,0,355,0,3,24,0,27,261,64,57,0,382,0,0,0,382
02/27/2021,MDW,IL,AGL,CE,Towers with Radar,234,48,23,0,305,0,0,36,0,36,234,48,59,0,341,0,0,0,341
02/28/2021,MDW,IL,AGL,CE,Towers with Radar,264,59,34,0,357,0,0,2,0,2,264,59,36,0,359,0,0,0,359
03/01/2021,MDW,IL,AGL,CE,Towers with Radar,254,65,35,0,354,0,4,21,0,25,254,69,56,0,379,0,0,0,379
03/02/2021,MDW,IL,AGL,CE,Towers with Radar,252,55,32,0,339,0,0,27,0,27,252,55,59,0,366,0,0,0,366
03/03/2021,MDW,IL,AGL,CE,Towers with Radar,254,64,32,0,350,0,3,41,2,46,254,67,73,2,396,0,0,0,396
03/04/2021,MDW,IL,AGL,CE,Towers with Radar,269,73,58,0,400,0,2,15,0,17,269,75,73,0,417,0,0,0,417
03/05/2021,MDW,IL,AGL,CE,Towers with Radar,259,62,37,0,358,0,0,26,0,26,259,62,63,0,384,0,0,0,384
03/06/2021,MDW,IL,AGL,CE,Towers with Radar,225,47,12,0,284,0,0,37,0,37,225,47,49,0,321,0,0,0,321
03/07/2021,MDW,IL,AGL,CE,Towers with Radar,305,46,38,0,389,0,0,30,0,30,305,46,68,0,419,0,0,0,419
03/08/2021,MDW,IL,AGL,CE,Towers with Radar,298,42,37,0,377,0,14,19,0,33,298,56,56,0,410,0,0,0,410
03/09/2021,MDW,IL,AGL,CE,Towers with Radar,251,54,35,0,340,0,6,11,0,17,251,60,46,0,357,0,0,0,357
03/10/2021,MDW,IL,AGL,CE,Towers with Radar,253,55,35,0,343,0,2,7,0,9,253,57,42,0,352,0,0,0,352
03/11/2021,MDW,IL,AGL,CE,Towers with Radar,350,64,44,0,458,0,4,16,0,20,350,68,60,0,478,0,0,0,478
03/12/2021,MDW,IL,AGL,CE,Towers with Radar,355,53,39,0,447,0,0,19,0,19,355,53,58,0,466,0,0,0,466
03/13/2021,MDW,IL,AGL,CE,Towers with Radar,308,28,30,0,366,0,0,41,0,41,308,28,71,0,407,0,0,0,407
03/14/2021,MDW,IL,AGL,CE,Towers with Radar,330,38,24,0,392,0,0,41,0,41,330,38,65,0,433,0,0,0,433
03/15/2021,MDW,IL,AGL,CE,Towers with Radar,257,53,43,0,353,0,0,3,0,3,257,53,46,0,356,0,0,0,356
03/16/2021,MDW,IL,AGL,CE,Towers with Radar,346,60,27,2,435,0,0,48,2,50,346,60,75,4,485,0,0,0,485
03/17/2021,MDW,IL,AGL,CE,Towers with Radar,330,49,39,2,420,0,0,0,0,0,330,49,39,2,420,0,0,0,420
03/18/2021,MDW,IL,AGL,CE,Towers with Radar,354,65,50,0,469,0,0,2,0,2,354,65,52,0,471,0,0,0,471
03/19/2021,MDW,IL,AGL,CE,Towers with Radar,351,65,50,0,466,0,2,30,0,32,351,67,80,0,498,0,0,0,498
03/20/2021,MDW,IL,AGL,CE,Towers with Radar,326,66,24,0,416,0,0,63,0,63,326,66,87,0,479,0,0,0,479
03/21/2021,MDW,IL,AGL,CE,Towers with Radar,370,42,47,0,459,0,0,56,0,56,370,42,103,0,515,0,0,0,515
03/22/2021,MDW,IL,AGL,CE,Towers with Radar,350,48,41,0,439,0,3,27,0,30,350,51,68,0,469,0,0,0,469
03/23/2021,MDW,IL,AGL,CE,Towers with Radar,354,55,39,0,448,0,2,3,0,5,354,57,42,0,453,0,0,0,453
03/24/2021,MDW,IL,AGL,CE,Towers with Radar,345,63,38,0,446,0,3,11,0,14,345,66,49,0,460,0,0,0,460
03/25/2021,MDW,IL,AGL,CE,Towers with Radar,360,71,46,1,478,0,6,11,0,17,360,77,57,1,495,0,0,0,495
03/26/2021,MDW,IL,AGL,CE,Towers with Radar,367,51,55,0,473,0,2,30,0,32,367,53,85,0,505,0,0,0,505
03/27/2021,MDW,IL,AGL,CE,Towers with Radar,332,54,62,1,449,0,0,42,0,42,332,54,104,1,491,0,0,0,491
03/28/2021,MDW,IL,AGL,CE,Towers with Radar,360,71,38,0,469,0,0,8,2,10,360,71,46,2,479,0,0,0,479
03/29/2021,MDW,IL,AGL,CE,Towers with Radar,353,45,32,0,430,0,0,21,0,21,353,45,53,0,451,0,0,0,451
03/30/2021,MDW,IL,AGL,CE,Towers with Radar,344,51,40,0,435,0,4,22,0,26,344,55,62,0,461,0,0,0,461
03/31/2021,MDW,IL,AGL,CE,Towers with Radar,349,64,42,2,457,0,4,32,0,36,349,68,74,2,493,0,0,0,493
04/01/2021,MDW,IL,AGL,CE,Towers with Radar,363,69,63,0,495,0,1,43,1,45,363,70,106,1,540,0,0,0,540
04/02/2021,MDW,IL,AGL,CE,Towers with Radar,361,62,48,0,471,0,0,44,0,44,361,62,92,0,515,0,0,0,515
04/03/2021,MDW,IL,AGL,CE,Towers with Radar,342,76,22,0,440,0,2,49,0,51,342,78,71,0,491,0,0,0,491
04/04/2021,MDW,IL,AGL,CE,Towers with Radar,366,63,45,0,474,0,0,42,0,42,366,63,87,0,516,0,0,0,516
04/05/2021,MDW,IL,AGL,CE,Towers with Radar,349,64,51,3,467,0,5,21,0,26,349,69,72,3,493,0,0,0,493
04/06/2021,MDW,IL,AGL,CE,Towers with Radar,355,76,40,3,474,0,14,23,0,37,355,90,63,3,511,0,0,0,511
04/07/2021,MDW,IL,AGL,CE,Towers with Radar,352,60,71,0,483,0,8,14,0,22,352,68,85,0,505,0,0,0,505
04/08/2021,MDW,IL,AGL,CE,Towers with Radar,368,66,45,0,479,0,3,4,0,7,368,69,49,0,486,0,0,0,486
04/09/2021,MDW,IL,AGL,CE,Towers with Radar,356,50,42,0,448,0,1,13,0,14,356,51,55,0,462,0,0,0,462
04/10/2021,MDW,IL,AGL,CE,Towers with Radar,344,44,22,2,412,0,0,10,0,10,344,44,32,2,422,0,0,0,422
04/11/2021,MDW,IL,AGL,CE,Towers with Radar,355,63,44,0,462,0,0,17,1,18,355,63,61,1,480,0,0,0,480
04/12/2021,MDW,IL,AGL,CE,Towers with Radar,340,68,34,0,442,0,0,28,0,28,340,68,62,0,470,0,0,0,470
04/13/2021,MDW,IL,AGL,CE,Towers with Radar,312,28,28,0,368,0,8,19,1,28,312,36,47,1,396,0,0,0,396
04/14/2021,MDW,IL,AGL,CE,Towers with Radar,314,59,36,0,409,0,2,23,0,25,314,61,59,0,434,0,0,0,434
04/15/2021,MDW,IL,AGL,CE,Towers with Radar,353,60,36,2,451,0,8,15,1,24,353,68,51,3,475,0,0,0,475
04/16/2021,MDW,IL,AGL,CE,Towers with Radar,348,68,46,0,462,0,2,39,0,41,348,70,85,0,503,0,0,0,503
04/17/2021,MDW,IL,AGL,CE,Towers with Radar,305,27,26,0,358,0,0,41,0,41,305,27,67,0,399,0,0,0,399
04/18/2021,MDW,IL,AGL,CE,Towers with Radar,350,53,38,0,441,0,0,37,0,37,350,53,75,0,478,0,0,0,478
04/19/2021,MDW,IL,AGL,CE,Towers with Radar,348,58,50,0,456,0,0,7,0,7,348,58,57,0,463,0,0,0,463
04/20/2021,MDW,IL,AGL,CE,Towers with Radar,319,56,35,0,410,0,0,2,0,2,319,56,37,0,412,0,0,0,412
04/21/2021,MDW,IL,AGL,CE,Towers with Radar,318,58,48,0,424,0,2,13,0,15,318,60,61,0,439,0,0,0,439
04/22/2021,MDW,IL,AGL,CE,Towers with Radar,354,93,46,0,493,0,3,35,0,38,354,96,81,0,531,0,0,0,531
04/23/2021,MDW,IL,AGL,CE,Towers with Radar,351,70,48,0,469,0,2,27,0,29,351,72,75,0,498,0,0,0,498
04/24/2021,MDW,IL,AGL,CE,Towers with Radar,300,42,24,2,368,0,0,35,0,35,300,42,59,2,403,0,0,0,403
04/25/2021,MDW,IL,AGL,CE,Towers with Radar,357,70,35,2,464,0,0,34,0,34,357,70,69,2,498,0,0,0,498
04/26/2021,MDW,IL,AGL,CE,Towers with Radar,351,60,35,2,448,0,0,11,0,11,351,60,46,2,459,0,0,0,459
04/27/2021,MDW,IL,AGL,CE,Towers with Radar,320,54,44,0,418,0,4,26,1,31,320,58,70,1,449,0,0,0,449
04/28/2021,MDW,IL,AGL,CE,Towers with Radar,317,53,32,0,402,0,0,1,0,1,317,53,33,0,403,0,0,0,403
04/29/2021,MDW,IL,AGL,CE,Towers with Radar,349,59,57,0,465,0,2,29,0,31,349,61,86,0,496,0,0,0,496
04/30/2021,MDW,IL,AGL,CE,Towers with Radar,341,55,47,0,443,0,4,34,0,38,341,59,81,0,481,0,0,0,481
05/01/2021,MDW,IL,AGL,CE,Towers with Radar,312,64,24,0,400,0,0,18,1,19,312,64,42,1,419,0,0,0,419
05/02/2021,MDW,IL,AGL,CE,Towers with Radar,358,78,31,1,468,0,0,25,2,27,358,78,56,3,495,0,0,0,495
05/03/2021,MDW,IL,AGL,CE,Towers with Radar,349,63,58,0,470,0,1,15,0,16,349,64,73,0,486,0,0,0,486
05/04/2021,MDW,IL,AGL,CE,Towers with Radar,319,69,33,0,421,0,0,4,2,6,319,69,37,2,427,0,0,0,427
05/05/2021,MDW,IL,AGL,CE,Towers with Radar,314,84,63,0,461,0,2,31,1,34,314,86,94,1,495,0,0,0,495
05/06/2021,MDW,IL,AGL,CE,Towers with Radar,348,83,64,0,495,0,1,18,0,19,348,84,82,0,514,0,0,0,514
05/07/2021,MDW,IL,AGL,CE,Towers with Radar,350,62,56,0,468,0,0,38,0,38,350,62,94,0,506,0,0,0,506
05/08/2021,MDW,IL,AGL,CE,Towers with Radar,314,52,35,0,401,0,0,39,0,39,314,52,74,0,440,0,0,0,440
05/09/2021,MDW,IL,AGL,CE,Towers with Radar,402,54,41,0,497,0,0,24,0,24,402,54,65,0,521,0,0,0,521
05/10/2021,MDW,IL,AGL,CE,Towers with Radar,403,68,33,0,504,0,1,21,0,22,403,69,54,0,526,0,0,0,526
05/11/2021,MDW,IL,AGL,CE,Towers with Radar,347,66,48,0,461,0,1,20,4,25,347,67,68,4,486,0,0,0,486
05/12/2021,MDW,IL,AGL,CE,Towers with Radar,349,55,48,1,453,0,5,38,1,44,349,60,86,2,497,0,0,0,497
05/13/2021,MDW,IL,AGL,CE,Towers with Radar,402,71,75,2,550,0,3,40,0,43,402,74,115,2,593,0,0,0,593
05/14/2021,MDW,IL,AGL,CE,Towers with Radar,405,50,60,0,515,0,4,44,2,50,405,54,104,2,565,0,0,0,565
05/15/2021,MDW,IL,AGL,CE,Towers with Radar,309,41,25,0,375,0,0,45,3,48,309,41,70,3,423,0,0,0,423
05/16/2021,MDW,IL,AGL,CE,Towers with Radar,402,68,45,0,515,0,0,41,0,41,402,68,86,0,556,0,0,0,556
05/17/2021,MDW,IL,AGL,CE,Towers with Radar,407,54,58,0,519,0,2,20,2,24,407,56,78,2,543,0,0,0,543
05/18/2021,MDW,IL,AGL,CE,Towers with Radar,350,65,52,1,468,0,0,16,0,16,350,65,68,1,484,0,0,0,484
05/19/2021,MDW,IL,AGL,CE,Towers with Radar,346,83,60,1,490,0,0,25,1,26,346,83,85,2,516,0,0,0,516
05/20/2021,MDW,IL,AGL,CE,Towers with Radar,399,92,71,0,562,0,5,26,1,32,399,97,97,1,594,0,0,0,594
05/21/2021,MDW,IL,AGL,CE,Towers with Radar,392,57,42,0,491,0,8,30,0,38,392,65,72,0,529,0,0,0,529
05/22/2021,MDW,IL,AGL,CE,Towers with Radar,324,52,29,0,405,0,4,40,1,45,324,56,69,1,450,0,0,0,450
05/23/2021,MDW,IL,AGL,CE,Towers with Radar,399,71,41,2,513,0,2,50,0,52,399,73,91,2,565,0,0,0,565
05/24/2021,MDW,IL,AGL,CE,Towers with Radar,404,68,57,0,529,0,11,23,1,35,404,79,80,1,564,0,0,0,564
05/25/2021,MDW,IL,AGL,CE,Towers with Radar,356,61,41,0,458,0,3,33,0,36,356,64,74,0,494,0,0,0,494
05/26/2021,MDW,IL,AGL,CE,Towers with Radar,344,78,55,0,477,0,9,35,0,44,344,87,90,0,521,0,0,0,521
05/27/2021,MDW,IL,AGL,CE,Towers with Radar,400,77,61,0,538,0,4,15,0,19,400,81,76,0,557,0,0,0,557
05/28/2021,MDW,IL,AGL,CE,Towers with Radar,409,56,40,0,505,0,0,3,0,3,409,56,43,0,508,0,0,0,508
05/29/2021,MDW,IL,AGL,CE,Towers with Radar,311,40,20,2,373,0,2,63,0,65,311,42,83,2,438,0,0,0,438
05/30/2021,MDW,IL,AGL,CE,Towers with Radar,405,39,21,0,465,0,5,54,2,61,405,44,75,2,526,0,0,0,526
05/31/2021,MDW,IL,AGL,CE,Towers with Radar,395,65,36,0,496,0,3,35,0,38,395,68,71,0,534,0,0,0,534
06/01/2021,MDW,IL,AGL,CE,Towers with Radar,402,73,53,0,528,0,1,35,0,36,402,74,88,0,564,0,0,0,564
06/02/2021,MDW,IL,AGL,CE,Towers with Radar,402,68,50,0,520,0,5,24,2,31,402,73,74,2,551,0,0,0,551
06/03/2021,MDW,IL,AGL,CE,Towers with Radar,407,89,33,0,529,0,0,38,0,38,407,89,71,0,567,0,0,0,567
06/04/2021,MDW,IL,AGL,CE,Towers with Radar,406,70,53,0,529,0,11,41,0,52,406,81,94,0,581,0,0,0,581
06/05/2021,MDW,IL,AGL,CE,Towers with Radar,337,39,33,0,409,0,0,50,1,51,337,39,83,1,460,0,0,0,460
06/06/2021,MDW,IL,AGL,CE,Towers with Radar,434,72,43,0,549,0,1,40,0,41,434,73,83,0,590,0,0,0,590
06/07/2021,MDW,IL,AGL,CE,Towers with Radar,454,58,43,0,555,0,1,9,2,12,454,59,52,2,567,0,0,0,567
06/08/2021,MDW,IL,AGL,CE,Towers with Radar,450,64,46,0,560,0,2,29,1,32,450,66,75,1,592,0,0,0,592
06/09/2021,MDW,IL,AGL,CE,Towers with Radar,440,72,76,2,590,0,2,31,1,34,440,74,107,3,624,0,0,0,624
06/10/2021,MDW,IL,AGL,CE,Towers with Radar,460,117,98,0,675,1,0,37,1,39,461,117,135,1,714,0,0,0,714
06/11/2021,MDW,IL,AGL,CE,Towers with Radar,453,92,84,0,629,0,0,40,0,40,453,92,124,0,669,0,0,0,669
06/12/2021,MDW,IL,AGL,CE,Towers with Radar,376,64,28,0,468,0,0,32,0,32,376,64,60,0,500,0,0,0,500
06/13/2021,MDW,IL,AGL,CE,Towers with Radar,442,85,67,0,594,0,0,53,2,55,442,85,120,2,649,0,0,0,649
06/14/2021,MDW,IL,AGL,CE,Towers with Radar,445,74,59,0,578,0,1,26,2,29,445,75,85,2,607,0,0,0,607
06/15/2021,MDW,IL,AGL,CE,Towers with Radar,374,74,59,0,507,0,3,24,1,28,374,77,83,1,535,0,0,0,535
06/16/2021,MDW,IL,AGL,CE,Towers with Radar,411,85,69,0,565,0,4,29,1,34,411,89,98,1,599,0,0,0,599
06/17/2021,MDW,IL,AGL,CE,Towers with Radar,465,85,46,0,596,0,2,28,0,30,465,87,74,0,626,0,0,0,626
06/18/2021,MDW,IL,AGL,CE,Towers with Radar,401,85,60,0,546,0,5,32,0,37,401,90,92,0,583,0,0,0,583
06/19/2021,MDW,IL,AGL,CE,Towers with Radar,394,73,37,0,504,0,1,64,1,66,394,74,101,1,570,0,0,0,570
06/20/2021,MDW,IL,AGL,CE,Towers with Radar,406,91,52,0,549,0,0,20,1,21,406,91,72,1,570,0,0,0,570
06/21/2021,MDW,IL,AGL,CE,Towers with Radar,447,81,68,0,596,0,0,24,6,30,447,81,92,6,626,0,0,0,626
06/22/2021,MDW,IL,AGL,CE,Towers with Radar,449,83,77,2,611,0,2,22,2,26,449,85,99,4,637,0,0,0,637
06/23/2021,MDW,IL,AGL,CE,Towers with Radar,453,79,60,0,592,0,3,6,0,9,453,82,66,0,601,0,0,0,601
06/24/2021,MDW,IL,AGL,CE,Towers with Radar,449,95,79,0,623,0,2,9,0,11,449,97,88,0,634,0,0,0,634
06/25/2021,MDW,IL,AGL,CE,Towers with Radar,391,86,63,0,540,0,2,4,0,6,391,88,67,0,546,0,0,0,546
06/26/2021,MDW,IL,AGL,CE,Towers with Radar,266,43,36,0,345,0,0,0,0,0,266,43,36,0,345,0,0,0,345
06/27/2021,MDW,IL,AGL,CE,Towers with Radar,428,74,37,0,539,0,0,43,2,45,428,74,80,2,584,0,0,0,584
06/28/2021,MDW,IL,AGL,CE,Towers with Radar,390,75,50,0,515,0,0,7,5,12,390,75,57,5,527,0,0,0,527
06/29/2021,MDW,IL,AGL,CE,Towers with Radar,411,68,42,0,521,0,0,6,0,6,411,68,48,0,527,0,0,0,527
06/30/2021,MDW,IL,AGL,CE,Towers with Radar,439,93,61,0,593,0,2,23,0,25,439,95,84,0,618,0,0,0,618
07/01/2021,MDW,IL,AGL,CE,Towers with Radar,458,92,84,0,634,0,4,33,1,38,458,96,117,1,672,0,0,0,672
07/02/2021,MDW,IL,AGL,CE,Towers with Radar,447,80,58,0,585,0,4,38,0,42,447,84,96,0,627,0,0,0,627
07/03/2021,MDW,IL,AGL,CE,Towers with Radar,379,54,23,0,456,0,0,28,0,28,379,54,51,0,484,0,0,0,484
07/04/2021,MDW,IL,AGL,CE,Towers with Radar,430,22,7,2,461,0,1,24,6,31,430,23,31,8,492,0,0,0,492
07/05/2021,MDW,IL,AGL,CE,Towers with Radar,446,71,45,0,562,0,1,28,0,29,446,72,73,0,591,0,0,0,591
07/06/2021,MDW,IL,AGL,CE,Towers with Radar,428,89,50,0,567,0,10,27,1,38,428,99,77,1,605,0,0,0,605
07/07/2021,MDW,IL,AGL,CE,Towers with Radar,385,79,55,0,519,0,4,3,0,7,385,83,58,0,526,0,0,0,526
07/08/2021,MDW,IL,AGL,CE,Towers with Radar,455,95,65,6,621,0,1,18,0,19,455,96,83,6,640,0,0,0,640
07/09/2021,MDW,IL,AGL,CE,Towers with Radar,451,70,59,1,581,0,0,26,0,26,451,70,85,1,607,0,0,0,607
07/10/2021,MDW,IL,AGL,CE,Towers with Radar,374,53,44,0,471,0,0,22,0,22,374,53,66,0,493,0,0,0,493
07/11/2021,MDW,IL,AGL,CE,Towers with Radar,443,76,86,0,605,0,0,2,0,2,443,76,88,0,607,0,0,0,607
07/12/2021,MDW,IL,AGL,CE,Towers with Radar,452,88,64,0,604,0,2,9,5,16,452,90,73,5,620,0,0,0,620
07/13/2021,MDW,IL,AGL,CE,Towers with Radar,449,73,69,0,591,0,2,3,0,5,449,75,72,0,596,0,0,0,596
07/14/2021,MDW,IL,AGL,CE,Towers with Radar,427,88,77,0,592,0,5,23,2,30,427,93,100,2,622,0,0,0,622
07/15/2021,MDW,IL,AGL,CE,Towers with Radar,424,118,88,0,630,0,0,11,0,11,424,118,99,0,641,0,0,0,641
07/16/2021,MDW,IL,AGL,CE,Towers with Radar,458,66,64,0,588,0,0,3,0,3,458,66,67,0,591,0,0,0,591
07/17/2021,MDW,IL,AGL,CE,Towers with Radar,384,51,31,1,467,0,0,52,0,52,384,51,83,1,519,0,0,0,519
07/18/2021,MDW,IL,AGL,CE,Towers with Radar,449,92,61,1,603,0,0,27,0,27,449,92,88,1,630,0,0,0,630
07/19/2021,MDW,IL,AGL,CE,Towers with Radar,452,89,52,2,595,0,6,25,1,32,452,95,77,3,627,0,0,0,627
07/20/2021,MDW,IL,AGL,CE,Towers with Radar,454,77,65,0,596,0,0,44,0,44,454,77,109,0,640,0,0,0,640
07/21/2021,MDW,IL,AGL,CE,Towers with Radar,449,76,78,0,603,0,0,32,1,33,449,76,110,1,636,0,0,0,636
07/22/2021,MDW,IL,AGL,CE,Towers with Radar,462,107,91,2,662,0,4,40,1,45,462,111,131,3,707,0,0,0,707
07/23/2021,MDW,IL,AGL,CE,Towers with Radar,455,74,59,2,590,0,4,25,0,29,455,78,84,2,619,0,0,0,619
07/24/2021,MDW,IL,AGL,CE,Towers with Radar,362,54,23,0,439,0,0,20,2,22,362,54,43,2,461,0,0,0,461
07/25/2021,MDW,IL,AGL,CE,Towers with Radar,446,87,63,0,596,0,2,51,0,53,446,89,114,0,649,0,0,0,649
07/26/2021,MDW,IL,AGL,CE,Towers with Radar,450,89,56,0,595,0,3,29,0,32,450,92,85,0,627,0,0,0,627
07/27/2021,MDW,IL,AGL,CE,Towers with Radar,452,66,70,0,588,0,1,17,0,18,452,67,87,0,606,0,0,0,606
07/28/2021,MDW,IL,AGL,CE,Towers with Radar,442,98,91,0,631,0,4,18,0,22,442,102,109,0,653,0,0,0,653
07/29/2021,MDW,IL,AGL,CE,Towers with Radar,468,113,80,0,661,0,9,20,0,29,468,122,100,0,690,0,0,0,690
07/30/2021,MDW,IL,AGL,CE,Towers with Radar,459,100,59,0,618,0,2,28,0,30,459,102,87,0,648,0,0,0,648
07/31/2021,MDW,IL,AGL,CE,Towers with Radar,387,68,45,0,500,0,0,47,1,48,387,68,92,1,548,0,0,0,548
08/01/2021,MDW,IL,AGL,CE,Towers with Radar,435,104,62,0,601,0,1,33,1,35,435,105,95,1,636,0,0,0,636
08/02/2021,MDW,IL,AGL,CE,Towers with Radar,446,86,59,0,591,0,3,19,0,22,446,89,78,0,613,0,0,0,613
08/03/2021,MDW,IL,AGL,CE,Towers with Radar,442,89,64,0,595,0,0,29,0,29,442,89,93,0,624,0,0,0,624
08/04/2021,MDW,IL,AGL,CE,Towers with Radar,437,111,49,0,597,0,1,33,1,35,437,112,82,1,632,0,0,0,632
08/05/2021,MDW,IL,AGL,CE,Towers with Radar,461,85,61,0,607,0,0,31,0,31,461,85,92,0,638,0,0,0,638
08/06/2021,MDW,IL,AGL,CE,Towers with Radar,459,64,74,0,597,0,0,20,0,20,459,64,94,0,617,0,0,0,617
08/07/2021,MDW,IL,AGL,CE,Towers with Radar,379,56,58,0,493,0,0,23,0,23,379,56,81,0,516,0,0,0,516
08/08/2021,MDW,IL,AGL,CE,Towers with Radar,431,74,69,0,574,0,0,33,1,34,431,74,102,1,608,0,0,0,608
08/09/2021,MDW,IL,AGL,CE,Towers with Radar,402,79,65,0,546,0,3,5,0,8,402,82,70,0,554,0,0,0,554
08/10/2021,MDW,IL,AGL,CE,Towers with Radar,418,99,53,0,570,0,2,4,0,6,418,101,57,0,576,0,0,0,576
08/11/2021,MDW,IL,AGL,CE,Towers with Radar,386,72,56,0,514,0,2,6,0,8,386,74,62,0,522,0,0,0,522
08/12/2021,MDW,IL,AGL,CE,Towers with Radar,452,81,80,0,613,0,2,23,0,25,452,83,103,0,638,0,0,0,638
08/13/2021,MDW,IL,AGL,CE,Towers with Radar,464,93,66,0,623,0,3,42,0,45,464,96,108,0,668,0,0,0,668
08/14/2021,MDW,IL,AGL,CE,Towers with Radar,374,58,34,0,466,0,2,39,6,47,374,60,73,6,513,0,0,0,513
08/15/2021,MDW,IL,AGL,CE,Towers with Radar,433,76,54,0,563,0,1,39,0,40,433,77,93,0,603,0,0,0,603
08/16/2021,MDW,IL,AGL,CE,Towers with Radar,446,82,73,2,603,0,4,32,0,36,446,86,105,2,639,0,0,0,639
08/17/2021,MDW,IL,AGL,CE,Towers with Radar,437,85,80,2,604,0,3,26,2,31,437,88,106,4,635,0,0,0,635
08/18/2021,MDW,IL,AGL,CE,Towers with Radar,434,85,55,0,574,0,13,32,3,48,434,98,87,3,622,0,0,0,622
08/19/2021,MDW,IL,AGL,CE,Towers with Radar,446,96,68,0,610,0,17,30,0,47,446,113,98,0,657,0,0,0,657
08/20/2021,MDW,IL,AGL,CE,Towers with Radar,437,73,61,0,571,0,2,49,1,52,437,75,110,1,623,0,0,0,623
08/21/2021,MDW,IL,AGL,CE,Towers with Radar,364,64,51,0,479,0,4,32,0,36,364,68,83,0,515,0,0,0,515
08/22/2021,MDW,IL,AGL,CE,Towers with Radar,430,98,46,1,575,0,4,40,2,46,430,102,86,3,621,0,0,0,621
08/23/2021,MDW,IL,AGL,CE,Towers with Radar,447,75,60,1,583,0,2,20,1,23,447,77,80,2,606,0,0,0,606
08/24/2021,MDW,IL,AGL,CE,Towers with Radar,415,94,71,0,580,0,4,10,0,14,415,98,81,0,594,0,0,0,594
08/25/2021,MDW,IL,AGL,CE,Towers with Radar,376,81,58,0,515,0,0,12,0,12,376,81,70,0,527,0,0,0,527
08/26/2021,MDW,IL,AGL,CE,Towers with Radar,464,91,89,0,644,0,4,21,0,25,464,95,110,0,669,0,0,0,669
08/27/2021,MDW,IL,AGL,CE,Towers with Radar,454,88,66,0,608,0,0,31,1,32,454,88,97,1,640,0,0,0,640
08/28/2021,MDW,IL,AGL,CE,Towers with Radar,374,68,39,0,481,0,0,45,0,45,374,68,84,0,526,0,0,0,526
08/29/2021,MDW,IL,AGL,CE,Towers with Radar,419,76,67,0,562,0,0,27,2,29,419,76,94,2,591,0,0,0,591
08/30/2021,MDW,IL,AGL,CE,Towers with Radar,440,85,58,0,583,0,2,22,0,24,440,87,80,0,607,0,0,0,607
08/31/2021,MDW,IL,AGL,CE,Towers with Radar,435,73,56,0,564,0,2,26,3,31,435,75,82,3,595,0,0,0,595
09/01/2021,MDW,IL,AGL,CE,Towers with Radar,420,77,65,0,562,0,4,33,0,37,420,81,98,0,599,0,0,0,599
09/02/2021,MDW,IL,AGL,CE,Towers with Radar,449,87,72,0,608,0,22,27,1,50,449,109,99,1,658,0,0,0,658
09/03/2021,MDW,IL,AGL,CE,Towers with Radar,464,77,63,0,604,0,6,20,0,26,464,83,83,0,630,0,0,0,630
09/04/2021,MDW,IL,AGL,CE,Towers with Radar,379,57,26,0,462,0,0,25,0,25,379,57,51,0,487,0,0,0,487
09/05/2021,MDW,IL,AGL,CE,Towers with Radar,424,59,27,0,510,0,0,31,0,31,424,59,58,0,541,0,0,0,541
09/06/2021,MDW,IL,AGL,CE,Towers with Radar,449,65,57,0,571,0,1,26,0,27,449,66,83,0,598,0,0,0,598
09/07/2021,MDW,IL,AGL,CE,Towers with Radar,311,95,48,0,454,0,0,15,0,15,311,95,63,0,469,0,0,0,469
09/08/2021,MDW,IL,AGL,CE,Towers with Radar,378,86,66,0,530,0,4,26,0,30,378,90,92,0,560,0,0,0,560
09/09/2021,MDW,IL,AGL,CE,Towers with Radar,436,85,67,0,588,0,2,22,1,25,436,87,89,1,613,0,0,0,613
09/10/2021,MDW,IL,AGL,CE,Towers with Radar,433,61,57,0,551,0,0,36,0,36,433,61,93,0,587,0,0,0,587
09/11/2021,MDW,IL,AGL,CE,Towers with Radar,356,76,77,0,509,0,1,26,2,29,356,77,103,2,538,0,0,0,538
09/12/2021,MDW,IL,AGL,CE,Towers with Radar,428,101,80,0,609,0,0,31,1,32,428,101,111,1,641,0,0,0,641
09/13/2021,MDW,IL,AGL,CE,Towers with Radar,426,88,75,0,589,0,2,30,2,34,426,90,105,2,623,0,0,0,623
09/14/2021,MDW,IL,AGL,CE,Towers with Radar,362,90,98,0,550,0,2,10,3,15,362,92,108,3,565,0,0,0,565
09/15/2021,MDW,IL,AGL,CE,Towers with Radar,378,100,108,1,587,0,1,7,2,10,378,101,115,3,597,0,0,0,597
09/16/2021,MDW,IL,AGL,CE,Towers with Radar,451,106,95,0,652,0,0,20,0,20,451,106,115,0,672,0,0,0,672
09/17/2021,MDW,IL,AGL,CE,Towers with Radar,445,79,82,0,606,0,1,32,0,33,445,80,114,0,639,0,0,0,639
09/18/2021,MDW,IL,AGL,CE,Towers with Radar,353,65,50,0,468,0,1,31,0,32,353,66,81,0,500,0,0,0,500
09/19/2021,MDW,IL,AGL,CE,Towers with Radar,431,121,85,0,637,0,0,36,0,36,431,121,121,0,673,0,0,0,673
09/20/2021,MDW,IL,AGL,CE,Towers with Radar,437,97,53,0,587,0,1,1,0,2,437,98,54,0,589,0,0,0,589
09/21/2021,MDW,IL,AGL,CE,Towers with Radar,383,105,84,0,572,0,0,7,2,9,383,105,91,2,581,0,0,0,581
09/22/2021,MDW,IL,AGL,CE,Towers with Radar,381,122,76,0,579,0,0,6,0,6,381,122,82,0,585,0,0,0,585
09/23/2021,MDW,IL,AGL,CE,Towers with Radar,440,125,81,0,646,0,0,20,0,20,440,125,101,0,666,0,0,0,666
09/24/2021,MDW,IL,AGL,CE,Towers with Radar,438,154,112,0,704,0,2,36,0,38,438,156,148,0,742,0,0,0,742
09/25/2021,MDW,IL,AGL,CE,Towers with Radar,358,88,69,0,515,0,0,57,0,57,358,88,126,0,572,0,0,0,572
09/26/2021,MDW,IL,AGL,CE,Towers with Radar,434,131,85,2,652,0,0,33,2,35,434,131,118,4,687,0,0,0,687
09/27/2021,MDW,IL,AGL,CE,Towers with Radar,436,90,44,0,570,0,2,18,1,21,436,92,62,1,591,0,0,0,591
09/28/2021,MDW,IL,AGL,CE,Towers with Radar,387,76,72,0,535,0,1,22,1,24,387,77,94,1,559,0,0,0,559
09/29/2021,MDW,IL,AGL,CE,Towers with Radar,379,66,79,0,524,0,5,21,0,26,379,71,100,0,550,0,0,0,550
09/30/2021,MDW,IL,AGL,CE,Towers with Radar,443,93,56,2,594,0,0,27,0,27,443,93,83,2,621,0,0,0,621
10/01/2021,MDW,IL,AGL,CE,Towers with Radar,433,97,76,4,610,0,7,18,0,25,433,104,94,4,635,0,0,0,635
10/02/2021,MDW,IL,AGL,CE,Towers with Radar,353,57,37,1,448,0,0,14,1,15,353,57,51,2,463,0,0,0,463
10/03/2021,MDW,IL,AGL,CE,Towers with Radar,428,95,80,1,604,0,0,5,0,5,428,95,85,1,609,0,0,0,609
10/04/2021,MDW,IL,AGL,CE,Towers with Radar,447,87,80,2,616,0,2,2,2,6,447,89,82,4,622,0,0,0,622
10/05/2021,MDW,IL,AGL,CE,Towers with Radar,391,115,110,0,616,0,8,10,0,18,391,123,120,0,634,0,0,0,634
10/06/2021,MDW,IL,AGL,CE,Towers with Radar,388,106,93,0,587,0,2,3,1,6,388,108,96,1,593,0,0,0,593
10/07/2021,MDW,IL,AGL,CE,Towers with Radar,426,102,105,1,634,0,1,11,1,13,426,103,116,2,647,0,0,0,647
10/08/2021,MDW,IL,AGL,CE,Towers with Radar,408,105,104,2,619,0,1,19,1,21,408,106,123,3,640,0,0,0,640
10/09/2021,MDW,IL,AGL,CE,Towers with Radar,293,71,46,0,410,0,0,59,0,59,293,71,105,0,469,0,0,0,469
10/10/2021,MDW,IL,AGL,CE,Towers with Radar,330,63,90,0,483,0,4,35,0,39,330,67,125,0,522,0,0,0,522
10/11/2021,MDW,IL,AGL,CE,Towers with Radar,395,66,94,0,555,0,0,5,1,6,395,66,99,1,561,0,0,0,561
10/12/2021,MDW,IL,AGL,CE,Towers with Radar,392,98,110,1,601,0,1,8,0,9,392,99,118,1,610,0,0,0,610
10/13/2021,MDW,IL,AGL,CE,Towers with Radar,388,91,101,1,581,0,1,27,0,28,388,92,128,1,609,0,0,0,609
10/14/2021,MDW,IL,AGL,CE,Towers with Radar,428,114,116,0,658,0,0,23,0,23,428,114,139,0,681,0,0,0,681
10/15/2021,MDW,IL,AGL,CE,Towers with Radar,423,77,83,0,583,0,0,17,0,17,423,77,100,0,600,0,0,0,600
10/16/2021,MDW,IL,AGL,CE,Towers with Radar,379,45,36,0,460,0,1,54,1,56,379,46,90,1,516,0,0,0,516
10/17/2021,MDW,IL,AGL,CE,Towers with Radar,434,121,90,0,645,0,0,20,0,20,434,121,110,0,665,0,0,0,665
10/18/2021,MDW,IL,AGL,CE,Towers with Radar,427,87,70,0,584,0,0,24,2,26,427,87,94,2,610,0,0,0,610
10/19/2021,MDW,IL,AGL,CE,Towers with Radar,396,99,70,0,565,0,1,23,4,28,396,100,93,4,593,0,0,0,593
10/20/2021,MDW,IL,AGL,CE,Towers with Radar,392,88,88,0,568,0,2,28,0,30,392,90,116,0,598,0,0,0,598
10/21/2021,MDW,IL,AGL,CE,Towers with Radar,428,112,90,0,630,0,1,11,0,12,428,113,101,0,642,0,0,0,642
10/22/2021,MDW,IL,AGL,CE,Towers with Radar,426,106,74,1,607,0,0,35,0,35,426,106,109,1,642,0,0,0,642
10/23/2021,MDW,IL,AGL,CE,Towers with Radar,381,90,45,1,517,0,0,45,3,48,381,90,90,4,565,0,0,0,565
10/24/2021,MDW,IL,AGL,CE,Towers with Radar,425,105,68,0,598,0,0,4,0,4,425,105,72,0,602,0,0,0,602
10/25/2021,MDW,IL,AGL,CE,Towers with Radar,427,90,79,0,596,0,0,2,2,4,427,90,81,2,600,0,0,0,600
10/26/2021,MDW,IL,AGL,CE,Towers with Radar,395,85,64,1,545,0,2,25,1,28,395,87,89,2,573,0,0,0,573
10/27/2021,MDW,IL,AGL,CE,Towers with Radar,391,82,73,0,546,0,3,37,0,40,391,85,110,0,586,0,0,0,586
10/28/2021,MDW,IL,AGL,CE,Towers with Radar,430,91,74,0,595,0,2,4,0,6,430,93,78,0,601,0,0,0,601
10/29/2021,MDW,IL,AGL,CE,Towers with Radar,431,80,73,0,584,0,0,2,0,2,431,80,75,0,586,0,0,0,586
10/30/2021,MDW,IL,AGL,CE,Towers with Radar,376,57,34,0,467,0,0,32,0,32,376,57,66,0,499,0,0,0,499
10/31/2021,MDW,IL,AGL,CE,Towers with Radar,402,76,58,0,536,0,1,28,0,29,402,77,86,0,565,0,0,0,565
11/01/2021,MDW,IL,AGL,CE,Towers with Radar,422,75,50,0,547,0,2,16,3,21,422,77,66,3,568,0,0,0,568
11/02/2021,MDW,IL,AGL,CE,Towers with Radar,391,74,64,2,531,0,1,31,0,32,391,75,95,2,563,0,0,0,563
11/03/2021,MDW,IL,AGL,CE,Towers with Radar,390,88,75,0,553,0,1,24,0,25,390,89,99,0,578,0,0,0,578
11/04/2021,MDW,IL,AGL,CE,Towers with Radar,427,96,90,0,613,0,3,24,0,27,427,99,114,0,640,0,0,0,640
11/05/2021,MDW,IL,AGL,CE,Towers with Radar,433,94,63,0,590,0,0,38,0,38,433,94,101,0,628,0,0,0,628
11/06/2021,MDW,IL,AGL,CE,Towers with Radar,378,52,25,0,455,0,0,38,0,38,378,52,63,0,493,0,0,0,493
11/07/2021,MDW,IL,AGL,CE,Towers with Radar,364,91,73,0,528,0,0,28,0,28,364,91,101,0,556,0,0,0,556
11/08/2021,MDW,IL,AGL,CE,Towers with Radar,390,79,59,0,528,0,2,23,1,26,390,81,82,1,554,0,0,0,554
11/09/2021,MDW,IL,AGL,CE,Towers with Radar,326,74,46,0,446,0,1,18,1,20,326,75,64,1,466,0,0,0,466
11/10/2021,MDW,IL,AGL,CE,Towers with Radar,327,71,65,0,463,0,0,11,0,11,327,71,76,0,474,0,0,0,474
11/11/2021,MDW,IL,AGL,CE,Towers with Radar,384,87,86,0,557,0,0,9,0,9,384,87,95,0,566,0,0,0,566
11/12/2021,MDW,IL,AGL,CE,Towers with Radar,390,64,57,0,511,0,0,8,0,8,390,64,65,0,519,0,0,0,519
11/13/2021,MDW,IL,AGL,CE,Towers with Radar,322,56,31,0,409,0,0,40,0,40,322,56,71,0,449,0,0,0,449
11/14/2021,MDW,IL,AGL,CE,Towers with Radar,364,86,62,0,512,0,1,10,0,11,364,87,72,0,523,0,0,0,523
11/15/2021,MDW,IL,AGL,CE,Towers with Radar,386,89,78,0,553,0,1,23,2,26,386,90,101,2,579,0,0,0,579
11/16/2021,MDW,IL,AGL,CE,Towers with Radar,321,97,102,0,520,0,0,19,2,21,321,97,121,2,541,0,0,0,541
11/17/2021,MDW,IL,AGL,CE,Towers with Radar,332,89,99,0,520,0,6,4,0,10,332,95,103,0,530,0,0,0,530
11/18/2021,MDW,IL,AGL,CE,Towers with Radar,382,96,90,0,568,0,1,15,0,16,382,97,105,0,584,0,0,0,584
11/19/2021,MDW,IL,AGL,CE,Towers with Radar,385,100,86,0,571,0,4,16,0,20,385,104,102,0,591,0,0,0,591
11/20/2021,MDW,IL,AGL,CE,Towers with Radar,362,83,71,3,519,0,0,45,0,45,362,83,116,3,564,0,0,0,564
11/21/2021,MDW,IL,AGL,CE,Towers with Radar,361,81,55,1,498,0,0,18,0,18,361,81,73,1,516,0,0,0,516
11/22/2021,MDW,IL,AGL,CE,Towers with Radar,385,59,50,0,494,0,4,27,1,32,385,63,77,1,526,0,0,0,526
11/23/2021,MDW,IL,AGL,CE,Towers with Radar,396,86,64,2,548,0,0,12,0,12,396,86,76,2,560,0,0,0,560
11/24/2021,MDW,IL,AGL,CE,Towers with Radar,404,86,76,0,566,0,4,22,1,27,404,90,98,1,593,0,0,0,593
11/25/2021,MDW,IL,AGL,CE,Towers with Radar,318,30,10,0,358,0,0,8,2,10,318,30,18,2,368,0,0,0,368
11/26/2021,MDW,IL,AGL,CE,Towers with Radar,323,61,24,0,408,0,6,25,0,31,323,67,49,0,439,0,0,0,439
11/27/2021,MDW,IL,AGL,CE,Towers with Radar,370,97,46,0,513,0,0,22,0,22,370,97,68,0,535,0,0,0,535
11/28/2021,MDW,IL,AGL,CE,Towers with Radar,409,98,94,0,601,0,0,36,0,36,409,98,130,0,637,0,0,0,637
11/29/2021,MDW,IL,AGL,CE,Towers with Radar,403,87,45,0,535,0,2,11,0,13,403,89,56,0,548,0,0,0,548
11/30/2021,MDW,IL,AGL,CE,Towers with Radar,379,93,47,0,519,0,2,17,0,19,379,95,64,0,538,0,0,0,538
12/01/2021,MDW,IL,AGL,CE,Towers with Radar,327,111,81,0,519,0,3,23,0,26,327,114,104,0,545,0,0,0,545
12/02/2021,MDW,IL,AGL,CE,Towers with Radar,334,88,79,0,501,0,2,27,2,31,334,90,106,2,532,0,0,0,532
12/03/2021,MDW,IL,AGL,CE,Towers with Radar,337,59,53,0,449,0,0,28,0,28,337,59,81,0,477,0,0,0,477
12/04/2021,MDW,IL,AGL,CE,Towers with Radar,321,41,47,0,409,0,0,40,0,40,321,41,87,0,449,0,0,0,449
12/05/2021,MDW,IL,AGL,CE,Towers with Radar,364,61,68,0,493,0,0,0,0,0,364,61,68,0,493,0,0,0,493
12/06/2021,MDW,IL,AGL,CE,Towers with Radar,332,100,53,0,485,0,0,3,0,3,332,100,56,0,488,0,0,0,488
12/07/2021,MDW,IL,AGL,CE,Towers with Radar,330,63,74,1,468,0,4,19,1,24,330,67,93,2,492,0,0,0,492
12/08/2021,MDW,IL,AGL,CE,Towers with Radar,330,77,98,0,505,0,1,37,0,38,330,78,135,0,543,0,0,0,543
12/09/2021,MDW,IL,AGL,CE,Towers with Radar,333,84,104,0,521,0,1,19,3,23,333,85,123,3,544,0,0,0,544
12/10/2021,MDW,IL,AGL,CE,Towers with Radar,327,89,75,0,491,0,0,11,0,11,327,89,86,0,502,0,0,0,502
12/11/2021,MDW,IL,AGL,CE,Towers with Radar,327,44,51,0,422,0,0,10,1,11,327,44,61,1,433,0,0,0,433
12/12/2021,MDW,IL,AGL,CE,Towers with Radar,363,75,57,0,495,0,2,28,0,30,363,77,85,0,525,0,0,0,525
12/13/2021,MDW,IL,AGL,CE,Towers with Radar,337,81,71,0,489,0,27,30,1,58,337,108,101,1,547,0,0,0,547
12/14/2021,MDW,IL,AGL,CE,Towers with Radar,327,68,97,0,492,0,7,11,1,19,327,75,108,1,511,0,0,0,511
12/15/2021,MDW,IL,AGL,CE,Towers with Radar,326,76,80,0,482,0,0,0,0,0,326,76,80,0,482,0,0,0,482
12/16/2021,MDW,IL,AGL,CE,Towers with Radar,380,97,85,0,562,0,3,3,0,6,380,100,88,0,568,0,0,0,568
12/17/2021,MDW,IL,AGL,CE,Towers with Radar,386,89,85,0,560,0,1,27,2,30,386,90,112,2,590,0,0,0,590
12/18/2021,MDW,IL,AGL,CE,Towers with Radar,352,80,41,1,474,0,0,18,0,18,352,80,59,1,492,0,0,0,492
12/19/2021,MDW,IL,AGL,CE,Towers with Radar,368,75,48,2,493,0,0,28,0,28,368,75,76,2,521,0,0,0,521
12/20/2021,MDW,IL,AGL,CE,Towers with Radar,383,63,61,1,508,0,0,21,0,21,383,63,82,1,529,0,0,0,529
12/21/2021,MDW,IL,AGL,CE,Towers with Radar,377,47,43,2,469,0,4,14,0,18,377,51,57,2,487,0,0,0,487
12/22/2021,MDW,IL,AGL,CE,Towers with Radar,376,53,46,0,475,0,7,22,0,29,376,60,68,0,504,0,0,0,504
12/23/2021,MDW,IL,AGL,CE,Towers with Radar,391,51,56,0,498,0,5,31,0,36,391,56,87,0,534,0,0,0,534
12/24/2021,MDW,IL,AGL,CE,Towers with Radar,323,43,15,0,381,0,1,2,0,3,323,44,17,0,384,0,0,0,384
12/25/2021,MDW,IL,AGL,CE,Towers with Radar,317,46,25,0,388,0,0,11,0,11,317,46,36,0,399,0,0,0,399
12/26/2021,MDW,IL,AGL,CE,Towers with Radar,384,62,48,0,494,0,0,16,0,16,384,62,64,0,510,0,0,0,510
12/27/2021,MDW,IL,AGL,CE,Towers with Radar,357,68,46,0,471,0,0,6,0,6,357,68,52,0,477,0,0,0,477
12/28/2021,MDW,IL,AGL,CE,Towers with Radar,340,46,35,0,421,0,0,1,0,1,340,46,36,0,422,0,0,0,422
12/29/2021,MDW,IL,AGL,CE,Towers with Radar,387,61,40,0,488,0,4,19,0,23,387,65,59,0,511,0,0,0,511
12/30/2021,MDW,IL,AGL,CE,Towers with Radar,385,65,32,0,482,0,7,1,0,8,385,72,33,0,490,0,0,0,490
12/31/2021,MDW,IL,AGL,CE,Towers with Radar,323,44,26,0,393,0,0,2,0,2,323,44,28,0,395,0,0,0,395
01/01/2022,MDW,IL,AGL,CE,Towers with Radar,94,36,9,0,139,0,0,0,0,0,94,36,9,0,139,0,0,0,139
01/02/2022,MDW,IL,AGL,CE,Towers with Radar,317,68,57,0,442,0,0,3,0,3,317,68,60,0,445,0,0,0,445
01/03/2022,MDW,IL,AGL,CE,Towers with Radar,367,101,42,0,510,0,0,2,0,2,367,101,44,0,512,0,0,0,512
01/04/2022,MDW,IL,AGL,CE,Towers with Radar,293,51,34,0,378,0,2,3,0,5,293,53,37,0,383,0,0,0,383
01/05/2022,MDW,IL,AGL,CE,Towers with Radar,221,37,38,0,296,0,0,1,0,1,221,37,39,0,297,0,0,0,297
01/06/2022,MDW,IL,AGL,CE,Towers with Radar,278,50,29,0,357,0,0,5,0,5,278,50,34,0,362,0,0,0,362
01/07/2022,MDW,IL,AGL,CE,Towers with Radar,292,46,34,0,372,0,0,12,0,12,292,46,46,0,384,0,0,0,384
01/08/2022,MDW,IL,AGL,CE,Towers with Radar,291,30,28,0,349,0,0,9,0,9,291,30,37,0,358,0,0,0,358
01/09/2022,MDW,IL,AGL,CE,Towers with Radar,341,81,29,0,451,0,1,24,0,25,341,82,53,0,476,0,0,0,476
01/10/2022,MDW,IL,AGL,CE,Towers with Radar,312,49,50,0,411,0,0,12,0,12,312,49,62,0,423,0,0,0,423
01/11/2022,MDW,IL,AGL,CE,Towers with Radar,317,45,41,2,405,0,0,12,0,12,317,45,53,2,417,0,0,0,417
01/12/2022,MDW,IL,AGL,CE,Towers with Radar,319,38,54,0,411,0,4,15,0,19,319,42,69,0,430,0,0,0,430
01/13/2022,MDW,IL,AGL,CE,Towers with Radar,320,79,47,0,446,0,0,11,0,11,320,79,58,0,457,0,0,0,457
01/14/2022,MDW,IL,AGL,CE,Towers with Radar,368,62,28,0,458,0,20,3,0,23,368,82,31,0,481,0,0,0,481
01/15/2022,MDW,IL,AGL,CE,Towers with Radar,313,35,23,0,371,0,0,15,0,15,313,35,38,0,386,0,0,0,386
01/16/2022,MDW,IL,AGL,CE,Towers with Radar,317,50,29,0,396,0,0,16,0,16,317,50,45,0,412,0,0,0,412
01/17/2022,MDW,IL,AGL,CE,Towers with Radar,336,50,35,0,421,0,2,20,0,22,336,52,55,0,443,0,0,0,443
01/18/2022,MDW,IL,AGL,CE,Towers with Radar,331,63,36,0,430,0,7,14,0,21,331,70,50,0,451,0,0,0,451
01/19/2022,MDW,IL,AGL,CE,Towers with Radar,324,56,32,2,414,0,0,16,0,16,324,56,48,2,430,0,0,0,430
01/20/2022,MDW,IL,AGL,CE,Towers with Radar,333,55,47,0,435,0,0,11,0,11,333,55,58,0,446,0,0,0,446
01/21/2022,MDW,IL,AGL,CE,Towers with Radar,345,53,35,0,433,0,3,28,0,31,345,56,63,0,464,0,0,0,464
01/22/2022,MDW,IL,AGL,CE,Towers with Radar,296,25,17,0,338,0,0,14,0,14,296,25,31,0,352,0,0,0,352
01/23/2022,MDW,IL,AGL,CE,Towers with Radar,339,48,39,0,426,0,0,18,1,19,339,48,57,1,445,0,0,0,445
01/24/2022,MDW,IL,AGL,CE,Towers with Radar,298,55,24,0,377,0,0,3,0,3,298,55,27,0,380,0,0,0,380
01/25/2022,MDW,IL,AGL,CE,Towers with Radar,325,58,45,0,428,0,0,6,0,6,325,58,51,0,434,0,0,0,434
01/26/2022,MDW,IL,AGL,CE,Towers with Radar,325,55,35,0,415,0,0,3,0,3,325,55,38,0,418,0,0,0,418
01/27/2022,MDW,IL,AGL,CE,Towers with Radar,341,72,55,0,468,0,2,15,0,17,341,74,70,0,485,0,0,0,485
01/28/2022,MDW,IL,AGL,CE,Towers with Radar,311,70,43,0,424,0,0,8,0,8,311,70,51,0,432,0,0,0,432
01/29/2022,MDW,IL,AGL,CE,Towers with Radar,275,45,19,0,339,0,0,17,0,17,275,45,36,0,356,0,0,0,356
01/30/2022,MDW,IL,AGL,CE,Towers with Radar,324,51,27,0,402,0,0,17,0,17,324,51,44,0,419,0,0,0,419
01/31/2022,MDW,IL,AGL,CE,Towers with Radar,346,60,48,0,454,0,1,14,1,16,346,61,62,1,470,0,0,0,470
02/01/2022,MDW,IL,AGL,CE,Towers with Radar,321,69,43,0,433,0,2,7,0,9,321,71,50,0,442,0,0,0,442
02/02/2022,MDW,IL,AGL,CE,Towers with Radar,240,18,29,0,287,0,0,0,0,0,240,18,29,0,287,0,0,0,287
02/03/2022,MDW,IL,AGL,CE,Towers with Radar,227,48,47,0,322,0,0,8,0,8,227,48,55,0,330,0,0,0,330
02/04/2022,MDW,IL,AGL,CE,Towers with Radar,313,52,31,0,396,0,4,20,0,24,313,56,51,0,420,0,0,0,420
02/05/2022,MDW,IL,AGL,CE,Towers with Radar,290,45,14,0,349,0,0,20,0,20,290,45,34,0,369,0,0,0,369
02/06/2022,MDW,IL,AGL,CE,Towers with Radar,336,71,41,0,448,0,0,12,0,12,336,71,53,0,460,0,0,0,460
02/07/2022,MDW,IL,AGL,CE,Towers with Radar,346,62,40,0,448,0,0,15,1,16,346,62,55,1,464,0,0,0,464
02/08/2022,MDW,IL,AGL,CE,Towers with Radar,331,49,60,0,440,0,1,22,0,23,331,50,82,0,463,0,0,0,463
02/09/2022,MDW,IL,AGL,CE,Towers with Radar,326,49,60,0,435,0,0,16,5,21,326,49,76,5,456,0,0,0,456
02/10/2022,MDW,IL,AGL,CE,Towers with Radar,343,84,64,0,491,0,2,13,0,15,343,86,77,0,506,0,0,0,506
02/11/2022,MDW,IL,AGL,CE,Towers with Radar,339,68,64,0,471,0,3,14,0,17,339,71,78,0,488,0,0,0,488
02/12/2022,MDW,IL,AGL,CE,Towers with Radar,309,44,21,0,374,0,0,43,0,43,309,44,64,0,417,0,0,0,417
02/13/2022,MDW,IL,AGL,CE,Towers with Radar,329,44,40,0,413,0,2,12,0,14,329,46,52,0,427,0,0,0,427
02/14/2022,MDW,IL,AGL,CE,Towers with Radar,350,47,34,0,431,0,6,38,0,44,350,53,72,0,475,0,0,0,475
02/15/2022,MDW,IL,AGL,CE,Towers with Radar,335,61,61,0,457,0,1,14,0,15,335,62,75,0,472,0,0,0,472
02/16/2022,MDW,IL,AGL,CE,Towers with Radar,318,90,71,0,479,0,2,2,0,4,318,92,73,0,483,0,0,0,483
02/17/2022,MDW,IL,AGL,CE,Towers with Radar,194,25,44,0,263,0,2,4,0,6,194,27,48,0,269,0,0,0,269
02/18/2022,MDW,IL,AGL,CE,Towers with Radar,351,77,50,0,478,0,0,15,0,15,351,77,65,0,493,0,0,0,493
02/19/2022,MDW,IL,AGL,CE,Towers with Radar,320,60,22,0,402,0,1,31,0,32,320,61,53,0,434,0,0,0,434
02/20/2022,MDW,IL,AGL,CE,Towers with Radar,350,71,31,0,452,0,0,11,1,12,350,71,42,1,464,0,0,0,464
02/21/2022,MDW,IL,AGL,CE,Towers with Radar,365,57,38,0,460,0,1,13,0,14,365,58,51,0,474,0,0,0,474
02/22/2022,MDW,IL,AGL,CE,Towers with Radar,356,61,54,0,471,0,0,1,0,1,356,61,55,0,472,0,0,0,472
02/23/2022,MDW,IL,AGL,CE,Towers with Radar,342,79,53,0,474,0,7,11,0,18,342,86,64,0,492,0,0,0,492
02/24/2022,MDW,IL,AGL,CE,Towers with Radar,335,75,33,0,443,0,0,9,0,9,335,75,42,0,452,0,0,0,452
02/25/2022,MDW,IL,AGL,CE,Towers with Radar,357,64,46,0,467,0,4,17,0,21,357,68,63,0,488,0,0,0,488
02/26/2022,MDW,IL,AGL,CE,Towers with Radar,314,56,24,0,394,0,0,33,2,35,314,56,57,2,429,0,0,0,429
02/27/2022,MDW,IL,AGL,CE,Towers with Radar,361,96,43,0,500,0,0,22,1,23,361,96,65,1,523,0,0,0,523
02/28/2022,MDW,IL,AGL,CE,Towers with Radar,365,70,39,0,474,0,3,18,2,23,365,73,57,2,497,0,0,0,497
03/01/2022,MDW,IL,AGL,CE,Towers with Radar,354,59,58,0,471,0,0,12,0,12,354,59,70,0,483,0,0,0,483
03/02/2022,MDW,IL,AGL,CE,Towers with Radar,351,64,39,0,454,0,3,22,0,25,351,67,61,0,479,0,0,0,479
03/03/2022,MDW,IL,AGL,CE,Towers with Radar,364,81,76,0,521,0,1,26,0,27,364,82,102,0,548,0,0,0,548
03/04/2022,MDW,IL,AGL,CE,Towers with Radar,336,73,57,0,466,0,0,20,0,20,336,73,77,0,486,0,0,0,486
03/05/2022,MDW,IL,AGL,CE,Towers with Radar,276,58,25,0,359,0,0,18,0,18,276,58,43,0,377,0,0,0,377
03/06/2022,MDW,IL,AGL,CE,Towers with Radar,308,69,70,0,447,0,0,6,0,6,308,69,76,0,453,0,0,0,453
03/07/2022,MDW,IL,AGL,CE,Towers with Radar,340,47,46,0,433,0,0,1,1,2,340,47,47,1,435,0,0,0,435
03/08/2022,MDW,IL,AGL,CE,Towers with Radar,309,51,44,0,404,0,1,24,0,25,309,52,68,0,429,0,0,0,429
03/09/2022,MDW,IL,AGL,CE,Towers with Radar,303,77,42,0,422,0,2,15,1,18,303,79,57,1,440,0,0,0,440
03/10/2022,MDW,IL,AGL,CE,Towers with Radar,357,71,69,0,497,0,3,24,0,27,357,74,93,0,524,0,0,0,524
03/11/2022,MDW,IL,AGL,CE,Towers with Radar,385,58,46,0,489,0,3,21,0,24,385,61,67,0,513,0,0,0,513
03/12/2022,MDW,IL,AGL,CE,Towers with Radar,350,64,17,0,431,0,0,27,0,27,350,64,44,0,458,0,0,0,458
03/13/2022,MDW,IL,AGL,CE,Towers with Radar,339,77,53,0,469,0,0,30,0,30,339,77,83,0,499,0,0,0,499
03/14/2022,MDW,IL,AGL,CE,Towers with Radar,392,63,46,0,501,0,3,22,0,25,392,66,68,0,526,0,0,0,526
03/15/2022,MDW,IL,AGL,CE,Towers with Radar,371,78,53,0,502,0,0,18,0,18,371,78,71,0,520,0,0,0,520
03/16/2022,MDW,IL,AGL,CE,Towers with Radar,365,59,81,0,505,0,0,16,0,16,365,59,97,0,521,0,0,0,521
03/17/2022,MDW,IL,AGL,CE,Towers with Radar,370,84,55,0,509,0,1,19,0,20,370,85,74,0,529,0,0,0,529
03/18/2022,MDW,IL,AGL,CE,Towers with Radar,375,65,48,0,488,0,0,4,0,4,375,65,52,0,492,0,0,0,492
03/19/2022,MDW,IL,AGL,CE,Towers with Radar,357,66,22,0,445,0,0,2,0,2,357,66,24,0,447,0,0,0,447
03/20/2022,MDW,IL,AGL,CE,Towers with Radar,387,68,55,0,510,0,0,43,0,43,387,68,98,0,553,0,0,0,553
03/21/2022,MDW,IL,AGL,CE,Towers with Radar,378,74,71,0,523,0,2,26,1,29,378,76,97,1,552,0,0,0,552
03/22/2022,MDW,IL,AGL,CE,Towers with Radar,363,87,46,0,496,0,4,8,0,12,363,91,54,0,508,0,0,0,508
03/23/2022,MDW,IL,AGL,CE,Towers with Radar,371,72,63,0,506,0,0,2,0,2,371,72,65,0,508,0,0,0,508
03/24/2022,MDW,IL,AGL,CE,Towers with Radar,377,63,78,0,518,0,8,4,0,12,377,71,82,0,530,0,0,0,530
03/25/2022,MDW,IL,AGL,CE,Towers with Radar,374,78,73,0,525,0,1,10,0,11,374,79,83,0,536,0,0,0,536
03/26/2022,MDW,IL,AGL,CE,Towers with Radar,366,60,59,0,485,0,0,7,0,7,366,60,66,0,492,0,0,0,492
03/27/2022,MDW,IL,AGL,CE,Towers with Radar,387,95,88,0,570,0,1,33,1,35,387,96,121,1,605,0,0,0,605
03/28/2022,MDW,IL,AGL,CE,Towers with Radar,387,90,46,0,523,0,0,23,1,24,387,90,69,1,547,0,0,0,547
03/29/2022,MDW,IL,AGL,CE,Towers with Radar,368,39,50,0,457,0,3,24,0,27,368,42,74,0,484,0,0,0,484
03/30/2022,MDW,IL,AGL,CE,Towers with Radar,374,55,50,0,479,0,0,0,0,0,374,55,50,0,479,0,0,0,479
03/31/2022,MDW,IL,AGL,CE,Towers with Radar,373,82,52,0,507,0,0,3,0,3,373,82,55,0,510,0,0,0,510
04/01/2022,MDW,IL,AGL,CE,Towers with Radar,371,56,49,0,476,0,1,28,0,29,371,57,77,0,505,0,0,0,505
04/02/2022,MDW,IL,AGL,CE,Towers with Radar,301,62,44,0,407,0,0,6,0,6,301,62,50,0,413,0,0,0,413
04/03/2022,MDW,IL,AGL,CE,Towers with Radar,365,91,53,0,509,0,0,25,0,25,365,91,78,0,534,0,0,0,534
04/04/2022,MDW,IL,AGL,CE,Towers with Radar,417,78,54,0,549,0,0,8,0,8,417,78,62,0,557,0,0,0,557
04/05/2022,MDW,IL,AGL,CE,Towers with Radar,424,76,59,0,559,0,0,10,0,10,424,76,69,0,569,0,0,0,569
04/06/2022,MDW,IL,AGL,CE,Towers with Radar,409,93,60,0,562,0,2,9,0,11,409,95,69,0,573,0,0,0,573
04/07/2022,MDW,IL,AGL,CE,Towers with Radar,382,87,68,0,537,0,0,8,0,8,382,87,76,0,545,0,0,0,545
04/08/2022,MDW,IL,AGL,CE,Towers with Radar,414,77,57,0,548,0,0,0,0,0,414,77,57,0,548,0,0,0,548
04/09/2022,MDW,IL,AGL,CE,Towers with Radar,338,53,31,0,422,0,0,33,0,33,338,53,64,0,455,0,0,0,455
04/10/2022,MDW,IL,AGL,CE,Towers with Radar,395,84,49,0,528,0,0,27,0,27,395,84,76,0,555,0,0,0,555
04/11/2022,MDW,IL,AGL,CE,Towers with Radar,409,93,67,2,571,0,0,18,0,18,409,93,85,2,589,0,0,0,589
04/12/2022,MDW,IL,AGL,CE,Towers with Radar,402,88,70,0,560,0,1,18,0,19,402,89,88,0,579,0,0,0,579
04/13/2022,MDW,IL,AGL,CE,Towers with Radar,391,74,73,0,538,0,3,4,0,7,391,77,77,0,545,0,0,0,545
04/14/2022,MDW,IL,AGL,CE,Towers with Radar,413,68,89,0,570,0,0,11,0,11,413,68,100,0,581,0,0,0,581
04/15/2022,MDW,IL,AGL,CE,Towers with Radar,412,62,60,0,534,0,4,24,0,28,412,66,84,0,562,0,0,0,562
04/16/2022,MDW,IL,AGL,CE,Towers with Radar,322,26,27,0,375,0,0,43,0,43,322,26,70,0,418,0,0,0,418
04/17/2022,MDW,IL,AGL,CE,Towers with Radar,391,68,37,0,496,0,0,11,1,12,391,68,48,1,508,0,0,0,508
04/18/2022,MDW,IL,AGL,CE,Towers with Radar,409,76,50,0,535,0,0,2,0,2,409,76,52,0,537,0,0,0,537
04/19/2022,MDW,IL,AGL,CE,Towers with Radar,410,79,65,0,554,0,2,25,1,28,410,81,90,1,582,0,0,0,582
04/20/2022,MDW,IL,AGL,CE,Towers with Radar,404,79,63,1,547,0,0,14,0,14,404,79,77,1,561,0,0,0,561
04/21/2022,MDW,IL,AGL,CE,Towers with Radar,401,86,88,0,575,0,3,26,0,29,401,89,114,0,604,0,0,0,604
04/22/2022,MDW,IL,AGL,CE,Towers with Radar,415,68,62,0,545,0,1,15,0,16,415,69,77,0,561,0,0,0,561
04/23/2022,MDW,IL,AGL,CE,Towers with Radar,324,47,32,0,403,0,1,12,2,15,324,48,44,2,418,0,0,0,418
04/24/2022,MDW,IL,AGL,CE,Towers with Radar,392,72,71,0,535,0,0,4,0,4,392,72,75,0,539,0,0,0,539
04/25/2022,MDW,IL,AGL,CE,Towers with Radar,404,88,66,0,558,0,1,14,2,17,404,89,80,2,575,0,0,0,575
04/26/2022,MDW,IL,AGL,CE,Towers with Radar,408,83,80,2,573,0,0,22,0,22,408,83,102,2,595,0,0,0,595
04/27/2022,MDW,IL,AGL,CE,Towers with Radar,401,91,87,0,579,0,6,39,0,45,401,97,126,0,624,0,0,0,624
04/28/2022,MDW,IL,AGL,CE,Towers with Radar,418,99,88,0,605,0,3,16,0,19,418,102,104,0,624,0,0,0,624
04/29/2022,MDW,IL,AGL,CE,Towers with Radar,422,75,60,0,557,0,2,26,0,28,422,77,86,0,585,0,0,0,585
04/30/2022,MDW,IL,AGL,CE,Towers with Radar,340,46,38,0,424,0,0,18,0,18,340,46,56,0,442,0,0,0,442
05/01/2022,MDW,IL,AGL,CE,Towers with Radar,408,71,50,0,529,0,0,23,0,23,408,71,73,0,552,0,0,0,552
05/02/2022,MDW,IL,AGL,CE,Towers with Radar,428,68,57,0,553,0,4,16,0,20,428,72,73,0,573,0,0,0,573
05/03/2022,MDW,IL,AGL,CE,Towers with Radar,425,64,69,2,560,0,0,1,0,1,425,64,70,2,561,0,0,0,561
05/04/2022,MDW,IL,AGL,CE,Towers with Radar,424,83,77,2,586,0,2,19,0,21,424,85,96,2,607,0,0,0,607
05/05/2022,MDW,IL,AGL,CE,Towers with Radar,420,119,88,2,629,0,1,7,0,8,420,120,95,2,637,0,0,0,637
05/06/2022,MDW,IL,AGL,CE,Towers with Radar,435,85,85,1,606,0,0,5,0,5,435,85,90,1,611,0,0,0,611
05/07/2022,MDW,IL,AGL,CE,Towers with Radar,341,66,35,0,442,0,0,46,1,47,341,66,81,1,489,0,0,0,489
05/08/2022,MDW,IL,AGL,CE,Towers with Radar,415,101,52,5,573,0,0,26,7,33,415,101,78,12,606,0,0,0,606
05/09/2022,MDW,IL,AGL,CE,Towers with Radar,434,91,73,1,599,0,0,12,6,18,434,91,85,7,617,0,0,0,617
05/10/2022,MDW,IL,AGL,CE,Towers with Radar,432,79,64,1,576,0,3,37,2,42,432,82,101,3,618,0,0,0,618
05/11/2022,MDW,IL,AGL,CE,Towers with Radar,436,76,64,1,577,0,1,2,1,4,436,77,66,2,581,0,0,0,581
05/12/2022,MDW,IL,AGL,CE,Towers with Radar,426,96,74,4,600,0,0,34,2,36,426,96,108,6,636,0,0,0,636
05/13/2022,MDW,IL,AGL,CE,Towers with Radar,424,77,56,0,557,0,1,27,0,28,424,78,83,0,585,0,0,0,585
05/14/2022,MDW,IL,AGL,CE,Towers with Radar,349,71,22,0,442,0,0,36,1,37,349,71,58,1,479,0,0,0,479
05/15/2022,MDW,IL,AGL,CE,Towers with Radar,417,71,47,1,536,0,0,28,0,28,417,71,75,1,564,0,0,0,564
05/16/2022,MDW,IL,AGL,CE,Towers with Radar,431,100,71,0,602,0,3,27,2,32,431,103,98,2,634,0,0,0,634
05/17/2022,MDW,IL,AGL,CE,Towers with Radar,426,115,81,0,622,0,0,28,3,31,426,115,109,3,653,0,0,0,653
05/18/2022,MDW,IL,AGL,CE,Towers with Radar,437,102,96,0,635,0,0,6,0,6,437,102,102,0,641,0,0,0,641
05/19/2022,MDW,IL,AGL,CE,Towers with Radar,436,113,119,0,668,0,0,22,0,22,436,113,141,0,690,0,0,0,690
05/20/2022,MDW,IL,AGL,CE,Towers with Radar,410,107,83,0,600,0,0,8,0,8,410,107,91,0,608,0,0,0,608
05/21/2022,MDW,IL,AGL,CE,Towers with Radar,347,66,36,0,449,0,0,12,0,12,347,66,48,0,461,0,0,0,461
05/22/2022,MDW,IL,AGL,CE,Towers with Radar,406,89,74,0,569,0,0,17,0,17,406,89,91,0,586,0,0,0,586
05/23/2022,MDW,IL,AGL,CE,Towers with Radar,434,72,99,0,605,0,3,23,2,28,434,75,122,2,633,0,0,0,633
05/24/2022,MDW,IL,AGL,CE,Towers with Radar,424,91,80,0,595,0,3,25,2,30,424,94,105,2,625,0,0,0,625
05/25/2022,MDW,IL,AGL,CE,Towers with Radar,431,85,96,0,612,0,2,3,0,5,431,87,99,0,617,0,0,0,617
05/26/2022,MDW,IL,AGL,CE,Towers with Radar,433,96,100,0,629,0,5,11,0,16,433,101,111,0,645,0,0,0,645
05/27/2022,MDW,IL,AGL,CE,Towers with Radar,424,81,48,0,553,0,0,16,0,16,424,81,64,0,569,0,0,0,569
05/28/2022,MDW,IL,AGL,CE,Towers with Radar,348,55,39,0,442,0,0,58,0,58,348,55,97,0,500,0,0,0,500
05/29/2022,MDW,IL,AGL,CE,Towers with Radar,406,64,33,0,503,0,0,42,0,42,406,64,75,0,545,0,0,0,545
05/30/2022,MDW,IL,AGL,CE,Towers with Radar,455,56,47,0,558,0,1,17,1,19,455,57,64,1,577,0,0,0,577
05/31/2022,MDW,IL,AGL,CE,Towers with Radar,429,65,75,0,569,0,2,24,1,27,429,67,99,1,596,0,0,0,596
06/01/2022,MDW,IL,AGL,CE,Towers with Radar,433,92,79,0,604,0,6,33,1,40,433,98,112,1,644,0,0,0,644
06/02/2022,MDW,IL,AGL,CE,Towers with Radar,427,104,96,0,627,0,0,23,0,23,427,104,119,0,650,0,0,0,650
06/03/2022,MDW,IL,AGL,CE,Towers with Radar,436,91,72,0,599,0,6,28,0,34,436,97,100,0,633,0,0,0,633
06/04/2022,MDW,IL,AGL,CE,Towers with Radar,339,54,47,0,440,0,2,48,0,50,339,56,95,0,490,0,0,0,490
06/05/2022,MDW,IL,AGL,CE,Towers with Radar,506,106,69,0,681,0,0,23,3,26,506,106,92,3,707,0,0,0,707
06/06/2022,MDW,IL,AGL,CE,Towers with Radar,508,100,84,0,692,0,0,2,1,3,508,100,86,1,695,0,0,0,695
06/07/2022,MDW,IL,AGL,CE,Towers with Radar,524,93,94,0,711,0,3,23,0,26,524,96,117,0,737,0,0,0,737
06/08/2022,MDW,IL,AGL,CE,Towers with Radar,513,102,68,0,683,0,1,9,0,10,513,103,77,0,693,0,0,0,693
06/09/2022,MDW,IL,AGL,CE,Towers with Radar,523,85,95,0,703,0,0,28,0,28,523,85,123,0,731,0,0,0,731
06/10/2022,MDW,IL,AGL,CE,Towers with Radar,523,84,69,0,676,0,2,25,2,29,523,86,94,2,705,0,0,0,705
06/11/2022,MDW,IL,AGL,CE,Towers with Radar,406,49,40,0,495,0,0,38,1,39,406,49,78,1,534,0,0,0,534
06/12/2022,MDW,IL,AGL,CE,Towers with Radar,524,104,61,0,689,0,0,28,0,28,524,104,89,0,717,0,0,0,717
06/13/2022,MDW,IL,AGL,CE,Towers with Radar,513,112,51,0,676,0,4,15,8,27,513,116,66,8,703,0,0,0,703
06/14/2022,MDW,IL,AGL,CE,Towers with Radar,527,127,88,0,742,0,0,25,1,26,527,127,113,1,768,0,0,0,768
06/15/2022,MDW,IL,AGL,CE,Towers with Radar,527,106,97,0,730,0,0,26,0,26,527,106,123,0,756,0,0,0,756
06/16/2022,MDW,IL,AGL,CE,Towers with Radar,510,77,100,0,687,0,2,16,2,20,510,79,116,2,707,0,0,0,707
06/17/2022,MDW,IL,AGL,CE,Towers with Radar,534,85,81,0,700,0,0,29,0,29,534,85,110,0,729,0,0,0,729
06/18/2022,MDW,IL,AGL,CE,Towers with Radar,393,66,40,0,499,0,1,46,3,50,393,67,86,3,549,0,0,0,549
06/19/2022,MDW,IL,AGL,CE,Towers with Radar,527,79,48,0,654,0,0,30,4,34,527,79,78,4,688,0,0,0,688
06/20/2022,MDW,IL,AGL,CE,Towers with Radar,529,71,65,0,665,0,1,17,0,18,529,72,82,0,683,0,0,0,683
06/21/2022,MDW,IL,AGL,CE,Towers with Radar,523,83,68,0,674,0,0,17,0,17,523,83,85,0,691,0,0,0,691
06/22/2022,MDW,IL,AGL,CE,Towers with Radar,484,93,103,0,680,0,2,43,2,47,484,95,146,2,727,0,0,0,727
06/23/2022,MDW,IL,AGL,CE,Towers with Radar,534,92,80,1,707,0,6,40,0,46,534,98,120,1,753,0,0,0,753
06/24/2022,MDW,IL,AGL,CE,Towers with Radar,531,89,57,4,681,0,0,12,27,39,531,89,69,31,720,0,0,0,720
06/25/2022,MDW,IL,AGL,CE,Towers with Radar,389,57,31,0,477,0,1,15,0,16,389,58,46,0,493,0,0,0,493
06/26/2022,MDW,IL,AGL,CE,Towers with Radar,528,83,58,0,669,0,0,29,0,29,528,83,87,0,698,0,0,0,698
06/27/2022,MDW,IL,AGL,CE,Towers with Radar,528,94,60,0,682,0,4,20,0,24,528,98,80,0,706,0,0,0,706
06/28/2022,MDW,IL,AGL,CE,Towers with Radar,518,79,69,0,666,0,6,28,0,34,518,85,97,0,700,0,0,0,700
06/29/2022,MDW,IL,AGL,CE,Towers with Radar,526,105,90,0,721,0,1,31,0,32,526,106,121,0,753,0,0,0,753
06/30/2022,MDW,IL,AGL,CE,Towers with Radar,524,96,105,0,725,0,2,29,0,31,524,98,134,0,756,0,0,0,756
07/01/2022,MDW,IL,AGL,CE,Towers with Radar,523,81,57,0,661,0,2,38,0,40,523,83,95,0,701,0,0,0,701
07/02/2022,MDW,IL,AGL,CE,Towers with Radar,392,63,26,0,481,0,1,40,2,43,392,64,66,2,524,0,0,0,524
07/03/2022,MDW,IL,AGL,CE,Towers with Radar,522,43,20,0,585,0,0,23,7,30,522,43,43,7,615,0,0,0,615
07/04/2022,MDW,IL,AGL,CE,Towers with Radar,524,45,18,0,587,0,0,11,0,11,524,45,29,0,598,0,0,0,598
07/05/2022,MDW,IL,AGL,CE,Towers with Radar,497,97,49,0,643,0,0,11,0,11,497,97,60,0,654,0,0,0,654
07/06/2022,MDW,IL,AGL,CE,Towers with Radar,546,73,56,0,675,0,2,15,0,17,546,75,71,0,692,0,0,0,692
07/07/2022,MDW,IL,AGL,CE,Towers with Radar,551,70,63,0,684,0,1,27,0,28,551,71,90,0,712,0,0,0,712
07/08/2022,MDW,IL,AGL,CE,Towers with Radar,552,70,37,0,659,0,1,9,1,11,552,71,46,1,670,0,0,0,670
07/09/2022,MDW,IL,AGL,CE,Towers with Radar,403,69,31,0,503,0,0,34,3,37,403,69,65,3,540,0,0,0,540
07/10/2022,MDW,IL,AGL,CE,Towers with Radar,551,68,65,0,684,0,0,22,1,23,551,68,87,1,707,0,0,0,707
07/11/2022,MDW,IL,AGL,CE,Towers with Radar,557,77,72,0,706,0,0,15,2,17,557,77,87,2,723,0,0,0,723
07/12/2022,MDW,IL,AGL,CE,Towers with Radar,543,93,81,0,717,0,1,36,0,37,543,94,117,0,754,0,0,0,754
07/13/2022,MDW,IL,AGL,CE,Towers with Radar,555,83,54,0,692,0,1,33,0,34,555,84,87,0,726,0,0,0,726
07/14/2022,MDW,IL,AGL,CE,Towers with Radar,542,80,77,0,699,0,10,34,2,46,542,90,111,2,745,0,0,0,745
07/15/2022,MDW,IL,AGL,CE,Towers with Radar,551,75,50,0,676,0,0,5,0,5,551,75,55,0,681,0,0,0,681
07/16/2022,MDW,IL,AGL,CE,Towers with Radar,407,64,27,0,498,0,0,12,0,12,407,64,39,0,510,0,0,0,510
07/17/2022,MDW,IL,AGL,CE,Towers with Radar,534,97,57,0,688,0,0,4,1,5,534,97,61,1,693,0,0,0,693
07/18/2022,MDW,IL,AGL,CE,Towers with Radar,553,80,59,0,692,0,0,37,0,37,553,80,96,0,729,0,0,0,729
07/19/2022,MDW,IL,AGL,CE,Towers with Radar,557,90,76,0,723,0,0,27,0,27,557,90,103,0,750,0,0,0,750
07/20/2022,MDW,IL,AGL,CE,Towers with Radar,552,101,80,0,733,0,0,21,0,21,552,101,101,0,754,0,0,0,754
07/21/2022,MDW,IL,AGL,CE,Towers with Radar,552,124,100,0,776,0,5,40,4,49,552,129,140,4,825,0,0,0,825
07/22/2022,MDW,IL,AGL,CE,Towers with Radar,551,89,78,0,718,0,2,34,0,36,551,91,112,0,754,0,0,0,754
07/23/2022,MDW,IL,AGL,CE,Towers with Radar,323,67,33,2,425,0,0,22,3,25,323,67,55,5,450,0,0,0,450
07/24/2022,MDW,IL,AGL,CE,Towers with Radar,481,105,70,0,656,0,0,34,1,35,481,105,104,1,691,0,0,0,691
07/25/2022,MDW,IL,AGL,CE,Towers with Radar,539,90,55,0,684,1,0,42,2,45,540,90,97,2,729,0,0,0,729
07/26/2022,MDW,IL,AGL,CE,Towers with Radar,555,111,84,0,750,0,0,29,0,29,555,111,113,0,779,0,0,0,779
07/27/2022,MDW,IL,AGL,CE,Towers with Radar,547,115,76,0,738,0,0,26,0,26,547,115,102,0,764,0,0,0,764
07/28/2022,MDW,IL,AGL,CE,Towers with Radar,549,105,76,2,732,0,6,35,2,43,549,111,111,4,775,0,0,0,775
07/29/2022,MDW,IL,AGL,CE,Towers with Radar,556,91,53,0,700,0,4,45,0,49,556,95,98,0,749,0,0,0,749
07/30/2022,MDW,IL,AGL,CE,Towers with Radar,408,73,39,0,520,0,0,43,0,43,408,73,82,0,563,0,0,0,563
07/31/2022,MDW,IL,AGL,CE,Towers with Radar,545,77,64,0,686,0,1,47,1,49,545,78,111,1,735,0,0,0,735
08/01/2022,MDW,IL,AGL,CE,Towers with Radar,522,91,54,0,667,0,2,26,0,28,522,93,80,0,695,0,0,0,695
08/02/2022,MDW,IL,AGL,CE,Towers with Radar,548,86,54,0,688,0,0,42,4,46,548,86,96,4,734,0,0,0,734
08/03/2022,MDW,IL,AGL,CE,Towers with Radar,440,62,59,0,561,0,3,24,0,27,440,65,83,0,588,0,0,0,588
08/04/2022,MDW,IL,AGL,CE,Towers with Radar,512,97,71,0,680,0,8,20,2,30,512,105,91,2,710,0,0,0,710
08/05/2022,MDW,IL,AGL,CE,Towers with Radar,513,82,64,0,659,0,0,48,2,50,513,82,112,2,709,0,0,0,709
08/06/2022,MDW,IL,AGL,CE,Towers with Radar,422,75,42,0,539,0,1,40,1,42,422,76,82,1,581,0,0,0,581
08/07/2022,MDW,IL,AGL,CE,Towers with Radar,434,92,48,0,574,0,3,18,0,21,434,95,66,0,595,0,0,0,595
08/08/2022,MDW,IL,AGL,CE,Towers with Radar,507,76,66,0,649,0,0,3,0,3,507,76,69,0,652,0,0,0,652
08/09/2022,MDW,IL,AGL,CE,Towers with Radar,546,97,62,0,705,0,0,35,0,35,546,97,97,0,740,0,0,0,740
08/10/2022,MDW,IL,AGL,CE,Towers with Radar,526,99,72,0,697,0,5,38,1,44,526,104,110,1,741,0,0,0,741
08/11/2022,MDW,IL,AGL,CE,Towers with Radar,573,84,70,0,727,0,7,61,0,68,573,91,131,0,795,0,0,0,795
08/12/2022,MDW,IL,AGL,CE,Towers with Radar,558,83,67,0,708,0,5,46,3,54,558,88,113,3,762,0,0,0,762
08/13/2022,MDW,IL,AGL,CE,Towers with Radar,405,42,40,0,487,0,0,46,0,46,405,42,86,0,533,0,0,0,533
08/14/2022,MDW,IL,AGL,CE,Towers with Radar,541,77,50,0,668,0,0,9,0,9,541,77,59,0,677,0,0,0,677
08/15/2022,MDW,IL,AGL,CE,Towers with Radar,563,77,89,0,729,0,2,26,6,34,563,79,115,6,763,0,0,0,763
08/16/2022,MDW,IL,AGL,CE,Towers with Radar,542,86,76,0,704,0,0,14,2,16,542,86,90,2,720,0,0,0,720
08/17/2022,MDW,IL,AGL,CE,Towers with Radar,548,98,89,0,735,0,1,39,1,41,548,99,128,1,776,0,0,0,776
08/18/2022,MDW,IL,AGL,CE,Towers with Radar,545,96,75,0,716,0,4,28,0,32,545,100,103,0,748,0,0,0,748
08/19/2022,MDW,IL,AGL,CE,Towers with Radar,561,71,87,0,719,0,0,36,0,36,561,71,123,0,755,0,0,0,755
08/20/2022,MDW,IL,AGL,CE,Towers with Radar,379,54,39,0,472,0,0,22,1,23,379,54,61,1,495,0,0,0,495
08/21/2022,MDW,IL,AGL,CE,Towers with Radar,531,83,57,0,671,0,1,20,0,21,531,84,77,0,692,0,0,0,692
08/22/2022,MDW,IL,AGL,CE,Towers with Radar,535,94,49,0,678,0,0,32,2,34,535,94,81,2,712,0,0,0,712
08/23/2022,MDW,IL,AGL,CE,Towers with Radar,551,89,68,0,708,0,0,24,3,27,551,89,92,3,735,0,0,0,735
08/24/2022,MDW,IL,AGL,CE,Towers with Radar,559,99,49,0,707,0,0,38,0,38,559,99,87,0,745,0,0,0,745
08/25/2022,MDW,IL,AGL,CE,Towers with Radar,543,110,75,1,729,0,3,15,0,18,543,113,90,1,747,0,0,0,747
08/26/2022,MDW,IL,AGL,CE,Towers with Radar,555,70,72,0,697,0,11,36,0,47,555,81,108,0,744,0,0,0,744
08/27/2022,MDW,IL,AGL,CE,Towers with Radar,408,59,29,0,496,0,0,25,2,27,408,59,54,2,523,0,0,0,523
08/28/2022,MDW,IL,AGL,CE,Towers with Radar,519,69,59,0,647,0,0,14,0,14,519,69,73,0,661,0,0,0,661
08/29/2022,MDW,IL,AGL,CE,Towers with Radar,475,81,66,0,622,0,0,15,0,15,475,81,81,0,637,0,0,0,637
08/30/2022,MDW,IL,AGL,CE,Towers with Radar,535,91,83,0,709,0,3,16,1,20,535,94,99,1,729,0,0,0,729
08/31/2022,MDW,IL,AGL,CE,Towers with Radar,554,100,75,0,729,0,0,23,1,24,554,100,98,1,753,0,0,0,753
09/01/2022,MDW,IL,AGL,CE,Towers with Radar,541,87,64,0,692,0,6,61,0,67,541,93,125,0,759,0,0,0,759
09/02/2022,MDW,IL,AGL,CE,Towers with Radar,557,93,47,0,697,0,6,32,0,38,557,99,79,0,735,0,0,0,735
09/03/2022,MDW,IL,AGL,CE,Towers with Radar,408,55,25,0,488,0,0,25,0,25,408,55,50,0,513,0,0,0,513
09/04/2022,MDW,IL,AGL,CE,Towers with Radar,511,65,35,0,611,0,0,14,0,14,511,65,49,0,625,0,0,0,625
09/05/2022,MDW,IL,AGL,CE,Towers with Radar,549,79,41,0,669,0,3,10,0,13,549,82,51,0,682,0,0,0,682
09/06/2022,MDW,IL,AGL,CE,Towers with Radar,506,107,58,0,671,0,6,29,0,35,506,113,87,0,706,0,0,0,706
09/07/2022,MDW,IL,AGL,CE,Towers with Radar,492,96,90,0,678,0,5,30,0,35,492,101,120,0,713,0,0,0,713
09/08/2022,MDW,IL,AGL,CE,Towers with Radar,498,101,77,0,676,0,5,52,0,57,498,106,129,0,733,0,0,0,733
09/09/2022,MDW,IL,AGL,CE,Towers with Radar,501,72,53,0,626,0,4,37,0,41,501,76,90,0,667,0,0,0,667
09/10/2022,MDW,IL,AGL,CE,Towers with Radar,402,81,36,0,519,0,1,28,2,31,402,82,64,2,550,0,0,0,550
09/11/2022,MDW,IL,AGL,CE,Towers with Radar,442,111,70,0,623,0,0,7,3,10,442,111,77,3,633,0,0,0,633
09/12/2022,MDW,IL,AGL,CE,Towers with Radar,507,99,91,0,697,0,3,12,0,15,507,102,103,0,712,0,0,0,712
09/13/2022,MDW,IL,AGL,CE,Towers with Radar,499,95,122,2,718,0,0,26,1,27,499,95,148,3,745,0,0,0,745
09/14/2022,MDW,IL,AGL,CE,Towers with Radar,503,113,108,2,726,0,1,29,2,32,503,114,137,4,758,0,0,0,758
09/15/2022,MDW,IL,AGL,CE,Towers with Radar,502,121,126,2,751,0,9,18,0,27,502,130,144,2,778,0,0,0,778
09/16/2022,MDW,IL,AGL,CE,Towers with Radar,511,116,107,4,738,0,8,15,11,34,511,124,122,15,772,0,0,0,772
09/17/2022,MDW,IL,AGL,CE,Towers with Radar,400,53,34,2,489,0,0,27,2,29,400,53,61,4,518,0,0,0,518
09/18/2022,MDW,IL,AGL,CE,Towers with Radar,437,99,65,0,601,0,0,31,2,33,437,99,96,2,634,0,0,0,634
09/19/2022,MDW,IL,AGL,CE,Towers with Radar,511,107,62,0,680,0,0,24,1,25,511,107,86,1,705,0,0,0,705
09/20/2022,MDW,IL,AGL,CE,Towers with Radar,495,94,55,2,646,0,1,23,5,29,495,95,78,7,675,0,0,0,675
09/21/2022,MDW,IL,AGL,CE,Towers with Radar,520,135,89,0,744,0,7,20,0,27,520,142,109,0,771,0,0,0,771
09/22/2022,MDW,IL,AGL,CE,Towers with Radar,501,130,111,0,742,0,2,29,0,31,501,132,140,0,773,0,0,0,773
09/23/2022,MDW,IL,AGL,CE,Towers with Radar,511,103,51,0,665,0,6,19,0,25,511,109,70,0,690,0,0,0,690
09/24/2022,MDW,IL,AGL,CE,Towers with Radar,412,54,25,0,491,0,0,26,0,26,412,54,51,0,517,0,0,0,517
09/25/2022,MDW,IL,AGL,CE,Towers with Radar,439,98,54,0,591,0,0,9,0,9,439,98,63,0,600,0,0,0,600
09/26/2022,MDW,IL,AGL,CE,Towers with Radar,509,84,47,0,640,0,5,25,0,30,509,89,72,0,670,0,0,0,670
09/27/2022,MDW,IL,AGL,CE,Towers with Radar,500,94,76,0,670,0,2,21,0,23,500,96,97,0,693,0,0,0,693
09/28/2022,MDW,IL,AGL,CE,Towers with Radar,458,91,73,0,622,0,3,28,0,31,458,94,101,0,653,0,0,0,653
09/29/2022,MDW,IL,AGL,CE,Towers with Radar,463,113,78,0,654,0,3,35,0,38,463,116,113,0,692,0,0,0,692
09/30/2022,MDW,IL,AGL,CE,Towers with Radar,474,113,53,0,640,0,0,23,0,23,474,113,76,0,663,0,0,0,663
10/01/2022,MDW,IL,AGL,CE,Towers with Radar,397,76,38,0,511,0,0,39,3,42,397,76,77,3,553,0,0,0,553
10/02/2022,MDW,IL,AGL,CE,Towers with Radar,434,86,54,0,574,0,0,21,1,22,434,86,75,1,596,0,0,0,596
10/03/2022,MDW,IL,AGL,CE,Towers with Radar,500,87,50,0,637,0,0,45,0,45,500,87,95,0,682,0,0,0,682
10/04/2022,MDW,IL,AGL,CE,Towers with Radar,500,88,89,0,677,0,2,21,0,23,500,90,110,0,700,0,0,0,700
10/05/2022,MDW,IL,AGL,CE,Towers with Radar,502,64,94,1,661,0,5,30,3,38,502,69,124,4,699,0,0,0,699
10/06/2022,MDW,IL,AGL,CE,Towers with Radar,494,115,83,0,692,0,5,14,0,19,494,120,97,0,711,0,0,0,711
10/07/2022,MDW,IL,AGL,CE,Towers with Radar,507,112,54,0,673,0,2,25,1,28,507,114,79,1,701,0,0,0,701
10/08/2022,MDW,IL,AGL,CE,Towers with Radar,393,65,34,2,494,0,0,34,1,35,393,65,68,3,529,0,0,0,529
10/09/2022,MDW,IL,AGL,CE,Towers with Radar,436,109,68,0,613,0,3,31,0,34,436,112,99,0,647,0,0,0,647
10/10/2022,MDW,IL,AGL,CE,Towers with Radar,506,111,55,0,672,0,2,31,0,33,506,113,86,0,705,0,0,0,705
10/11/2022,MDW,IL,AGL,CE,Towers with Radar,495,112,95,0,702,0,0,6,0,6,495,112,101,0,708,0,0,0,708
10/12/2022,MDW,IL,AGL,CE,Towers with Radar,498,95,79,0,672,0,3,3,6,12,498,98,82,6,684,0,0,0,684
10/13/2022,MDW,IL,AGL,CE,Towers with Radar,493,116,101,0,710,0,0,6,0,6,493,116,107,0,716,0,0,0,716
10/14/2022,MDW,IL,AGL,CE,Towers with Radar,520,104,77,0,701,0,0,21,0,21,520,104,98,0,722,0,0,0,722
10/15/2022,MDW,IL,AGL,CE,Towers with Radar,401,69,37,0,507,0,1,40,0,41,401,70,77,0,548,0,0,0,548
10/16/2022,MDW,IL,AGL,CE,Towers with Radar,433,100,83,0,616,1,0,17,0,18,434,100,100,0,634,0,0,0,634
10/17/2022,MDW,IL,AGL,CE,Towers with Radar,507,81,74,0,662,0,2,2,0,4,507,83,76,0,666,0,0,0,666
10/18/2022,MDW,IL,AGL,CE,Towers with Radar,495,112,74,0,681,0,0,17,3,20,495,112,91,3,701,0,0,0,701
10/19/2022,MDW,IL,AGL,CE,Towers with Radar,506,90,67,0,663,0,1,18,0,19,506,91,85,0,682,0,0,0,682
10/20/2022,MDW,IL,AGL,CE,Towers with Radar,502,92,86,0,680,0,5,15,0,20,502,97,101,0,700,0,0,0,700
10/21/2022,MDW,IL,AGL,CE,Towers with Radar,502,71,56,0,629,0,0,20,0,20,502,71,76,0,649,0,0,0,649
10/22/2022,MDW,IL,AGL,CE,Towers with Radar,409,48,40,0,497,0,0,20,0,20,409,48,60,0,517,0,0,0,517
10/23/2022,MDW,IL,AGL,CE,Towers with Radar,446,93,55,0,594,0,0,9,0,9,446,93,64,0,603,0,0,0,603
10/24/2022,MDW,IL,AGL,CE,Towers with Radar,500,103,109,0,712,0,2,19,0,21,500,105,128,0,733,0,0,0,733
10/25/2022,MDW,IL,AGL,CE,Towers with Radar,494,96,78,0,668,0,0,0,0,0,494,96,78,0,668,0,0,0,668
10/26/2022,MDW,IL,AGL,CE,Towers with Radar,505,101,99,0,705,0,0,24,0,24,505,101,123,0,729,0,0,0,729
10/27/2022,MDW,IL,AGL,CE,Towers with Radar,503,94,83,0,680,0,4,21,0,25,503,98,104,0,705,0,0,0,705
10/28/2022,MDW,IL,AGL,CE,Towers with Radar,499,82,64,1,646,0,3,28,0,31,499,85,92,1,677,0,0,0,677
10/29/2022,MDW,IL,AGL,CE,Towers with Radar,413,37,44,1,495,0,2,47,0,49,413,39,91,1,544,0,0,0,544
10/30/2022,MDW,IL,AGL,CE,Towers with Radar,437,71,54,0,562,0,0,16,0,16,437,71,70,0,578,0,0,0,578
10/31/2022,MDW,IL,AGL,CE,Towers with Radar,357,56,16,0,429,0,0,0,0,0,357,56,16,0,429,0,0,0,429
11/01/2022,MDW,IL,AGL,CE,Towers with Radar,510,95,56,0,661,0,13,38,0,51,510,108,94,0,712,0,0,0,712
11/02/2022,MDW,IL,AGL,CE,Towers with Radar,501,76,57,2,636,0,5,21,0,26,501,81,78,2,662,0,0,0,662
11/03/2022,MDW,IL,AGL,CE,Towers with Radar,498,126,93,1,718,0,4,16,1,21,498,130,109,2,739,0,0,0,739
11/04/2022,MDW,IL,AGL,CE,Towers with Radar,489,101,73,0,663,0,4,14,0,18,489,105,87,0,681,0,0,0,681
11/05/2022,MDW,IL,AGL,CE,Towers with Radar,397,48,41,3,489,0,0,2,0,2,397,48,43,3,491,0,0,0,491
11/06/2022,MDW,IL,AGL,CE,Towers with Radar,492,115,60,5,672,0,5,20,0,25,492,120,80,5,697,0,0,0,697
11/07/2022,MDW,IL,AGL,CE,Towers with Radar,486,93,74,0,653,0,0,15,0,15,486,93,89,0,668,0,0,0,668
11/08/2022,MDW,IL,AGL,CE,Towers with Radar,454,97,108,0,659,0,3,16,0,19,454,100,124,0,678,0,0,0,678
11/09/2022,MDW,IL,AGL,CE,Towers with Radar,466,99,102,0,667,0,2,33,0,35,466,101,135,0,702,0,0,0,702
11/10/2022,MDW,IL,AGL,CE,Towers with Radar,468,90,77,0,635,0,12,25,0,37,468,102,102,0,672,0,0,0,672
11/11/2022,MDW,IL,AGL,CE,Towers with Radar,521,93,93,1,708,0,1,33,0,34,521,94,126,1,742,0,0,0,742
11/12/2022,MDW,IL,AGL,CE,Towers with Radar,396,53,32,0,481,0,0,39,0,39,396,53,71,0,520,0,0,0,520
11/13/2022,MDW,IL,AGL,CE,Towers with Radar,490,80,70,0,640,0,0,10,0,10,490,80,80,0,650,0,0,0,650
11/14/2022,MDW,IL,AGL,CE,Towers with Radar,485,87,79,0,651,0,6,19,0,25,485,93,98,0,676,0,0,0,676
11/15/2022,MDW,IL,AGL,CE,Towers with Radar,462,87,80,0,629,0,0,0,0,0,462,87,80,0,629,0,0,0,629
11/16/2022,MDW,IL,AGL,CE,Towers with Radar,464,95,77,0,636,0,0,0,0,0,464,95,77,0,636,0,0,0,636
11/17/2022,MDW,IL,AGL,CE,Towers with Radar,500,95,83,0,678,0,0,5,4,9,500,95,88,4,687,0,0,0,687
11/18/2022,MDW,IL,AGL,CE,Towers with Radar,489,99,71,0,659,0,2,8,0,10,489,101,79,0,669,0,0,0,669
11/19/2022,MDW,IL,AGL,CE,Towers with Radar,388,75,36,0,499,0,0,11,0,11,388,75,47,0,510,0,0,0,510
11/20/2022,MDW,IL,AGL,CE,Towers with Radar,497,71,37,0,605,0,2,22,0,24,497,73,59,0,629,0,0,0,629
11/21/2022,MDW,IL,AGL,CE,Towers with Radar,498,91,44,3,636,0,5,19,2,26,498,96,63,5,662,0,0,0,662
11/22/2022,MDW,IL,AGL,CE,Towers with Radar,478,67,54,2,601,0,3,20,0,23,478,70,74,2,624,0,0,0,624
11/23/2022,MDW,IL,AGL,CE,Towers with Radar,487,77,45,3,612,0,2,32,0,34,487,79,77,3,646,0,0,0,646
11/24/2022,MDW,IL,AGL,CE,Towers with Radar,410,21,14,0,445,0,0,14,0,14,410,21,28,0,459,0,0,0,459
11/25/2022,MDW,IL,AGL,CE,Towers with Radar,461,49,20,0,530,0,0,22,0,22,461,49,42,0,552,0,0,0,552
11/26/2022,MDW,IL,AGL,CE,Towers with Radar,403,62,47,0,512,0,0,36,1,37,403,62,83,1,549,0,0,0,549
11/27/2022,MDW,IL,AGL,CE,Towers with Radar,464,91,58,0,613,0,0,4,1,5,464,91,62,1,618,0,0,0,618
11/28/2022,MDW,IL,AGL,CE,Towers with Radar,496,82,56,0,634,0,0,28,0,28,496,82,84,0,662,0,0,0,662
11/29/2022,MDW,IL,AGL,CE,Towers with Radar,486,86,64,0,636,0,3,7,1,11,486,89,71,1,647,0,0,0,647
11/30/2022,MDW,IL,AGL,CE,Towers with Radar,467,70,50,0,587,0,0,15,0,15,467,70,65,0,602,0,0,0,602
12/01/2022,MDW,IL,AGL,CE,Towers with Radar,465,84,58,2,609,0,7,13,0,20,465,91,71,2,629,0,0,0,629
12/02/2022,MDW,IL,AGL,CE,Towers with Radar,470,79,53,0,602,0,2,10,0,12,470,81,63,0,614,0,0,0,614
12/03/2022,MDW,IL,AGL,CE,Towers with Radar,388,52,17,0,457,0,0,20,0,20,388,52,37,0,477,0,0,0,477
12/04/2022,MDW,IL,AGL,CE,Towers with Radar,506,68,43,0,617,0,0,14,0,14,506,68,57,0,631,0,0,0,631
12/05/2022,MDW,IL,AGL,CE,Towers with Radar,476,81,40,0,597,0,10,33,1,44,476,91,73,1,641,0,0,0,641
12/06/2022,MDW,IL,AGL,CE,Towers with Radar,480,83,58,0,621,0,0,5,0,5,480,83,63,0,626,0,0,0,626
12/07/2022,MDW,IL,AGL,CE,Towers with Radar,482,93,74,0,649,0,0,4,0,4,482,93,78,0,653,0,0,0,653
12/08/2022,MDW,IL,AGL,CE,Towers with Radar,483,85,92,0,660,0,1,26,0,27,483,86,118,0,687,0,0,0,687
12/09/2022,MDW,IL,AGL,CE,Towers with Radar,478,85,59,0,622,0,0,0,0,0,478,85,59,0,622,0,0,0,622
12/10/2022,MDW,IL,AGL,CE,Towers with Radar,408,54,28,0,490,0,0,0,0,0,408,54,28,0,490,0,0,0,490
12/11/2022,MDW,IL,AGL,CE,Towers with Radar,495,68,36,0,599,0,0,2,0,2,495,68,38,0,601,0,0,0,601
12/12/2022,MDW,IL,AGL,CE,Towers with Radar,483,76,57,0,616,0,1,29,0,30,483,77,86,0,646,0,0,0,646
12/13/2022,MDW,IL,AGL,CE,Towers with Radar,466,69,65,0,600,0,0,23,2,25,466,69,88,2,625,0,0,0,625
12/14/2022,MDW,IL,AGL,CE,Towers with Radar,478,65,50,0,593,0,0,0,0,0,478,65,50,0,593,0,0,0,593
12/15/2022,MDW,IL,AGL,CE,Towers with Radar,470,92,64,0,626,0,0,10,1,11,470,92,74,1,637,0,0,0,637
12/16/2022,MDW,IL,AGL,CE,Towers with Radar,491,100,59,0,650,0,0,0,0,0,491,100,59,0,650,0,0,0,650
12/17/2022,MDW,IL,AGL,CE,Towers with Radar,427,59,33,0,519,0,0,7,3,10,427,59,40,3,529,0,0,0,529
12/18/2022,MDW,IL,AGL,CE,Towers with Radar,510,74,33,0,617,0,0,17,3,20,510,74,50,3,637,0,0,0,637
12/19/2022,MDW,IL,AGL,CE,Towers with Radar,505,73,53,0,631,0,0,22,2,24,505,73,75,2,655,0,0,0,655
12/20/2022,MDW,IL,AGL,CE,Towers with Radar,500,56,31,0,587,0,1,18,3,22,500,57,49,3,609,0,0,0,609
12/21/2022,MDW,IL,AGL,CE,Towers with Radar,458,93,54,0,605,0,0,16,0,16,458,93,70,0,621,0,0,0,621
12/22/2022,MDW,IL,AGL,CE,Towers with Radar,223,32,30,0,285,0,0,4,0,4,223,32,34,0,289,0,0,0,289
12/23/2022,MDW,IL,AGL,CE,Towers with Radar,142,17,13,0,172,0,0,0,0,0,142,17,13,0,172,0,0,0,172
12/24/2022,MDW,IL,AGL,CE,Towers with Radar,210,42,15,0,267,0,0,2,0,2,210,42,17,0,269,0,0,0,269
12/25/2022,MDW,IL,AGL,CE,Towers with Radar,251,32,11,0,294,0,0,1,0,1,251,32,12,0,295,0,0,0,295
12/26/2022,MDW,IL,AGL,CE,Towers with Radar,182,74,35,0,291,0,0,13,0,13,182,74,48,0,304,0,0,0,304
12/27/2022,MDW,IL,AGL,CE,Towers with Radar,222,65,62,0,349,0,9,14,0,23,222,74,76,0,372,0,0,0,372
12/28/2022,MDW,IL,AGL,CE,Towers with Radar,276,60,42,0,378,0,5,11,0,16,276,65,53,0,394,0,0,0,394
12/29/2022,MDW,IL,AGL,CE,Towers with Radar,287,60,24,0,371,0,5,4,1,10,287,65,28,1,381,0,0,0,381
12/30/2022,MDW,IL,AGL,CE,Towers with Radar,471,47,19,0,537,0,0,19,0,19,471,47,38,0,556,0,0,0,556
12/31/2022,MDW,IL,AGL,CE,Towers with Radar,398,35,10,0,443,0,0,26,1,27,398,35,36,1,470,0,0,0,470
01/01/2023,MDW,IL,AGL,CE,Towers with Radar,507,58,29,0,594,0,0,8,0,8,507,58,37,0,602,0,0,0,602
01/02/2023,MDW,IL,AGL,CE,Towers with Radar,472,68,41,0,581,0,0,2,0,2,472,68,43,0,583,0,0,0,583
01/03/2023,MDW,IL,AGL,CE,Towers with Radar,399,53,22,1,475,0,0,0,0,0,399,53,22,1,475,0,0,0,475
01/04/2023,MDW,IL,AGL,CE,Towers with Radar,509,61,42,3,615,0,7,5,1,13,509,68,47,4,628,0,0,0,628
01/05/2023,MDW,IL,AGL,CE,Towers with Radar,458,72,27,0,557,0,0,4,0,4,458,72,31,0,561,0,0,0,561
01/06/2023,MDW,IL,AGL,CE,Towers with Radar,460,70,37,0,567,0,0,10,0,10,460,70,47,0,577,0,0,0,577
01/07/2023,MDW,IL,AGL,CE,Towers with Radar,357,50,22,0,429,0,0,12,0,12,357,50,34,0,441,0,0,0,441
01/08/2023,MDW,IL,AGL,CE,Towers with Radar,397,64,41,0,502,0,0,12,0,12,397,64,53,0,514,0,0,0,514
01/09/2023,MDW,IL,AGL,CE,Towers with Radar,457,54,40,2,553,0,0,24,0,24,457,54,64,2,577,0,0,0,577
01/10/2023,MDW,IL,AGL,CE,Towers with Radar,457,51,35,0,543,0,0,16,0,16,457,51,51,0,559,0,0,0,559
01/11/2023,MDW,IL,AGL,CE,Towers with Radar,414,62,32,0,508,0,0,14,2,16,414,62,46,2,524,0,0,0,524
01/12/2023,MDW,IL,AGL,CE,Towers with Radar,463,75,47,0,585,0,0,2,0,2,463,75,49,0,587,0,0,0,587
01/13/2023,MDW,IL,AGL,CE,Towers with Radar,462,61,42,0,565,0,0,7,0,7,462,61,49,0,572,0,0,0,572
01/14/2023,MDW,IL,AGL,CE,Towers with Radar,365,44,38,0,447,0,0,25,0,25,365,44,63,0,472,0,0,0,472
01/15/2023,MDW,IL,AGL,CE,Towers with Radar,399,44,32,0,475,0,0,26,0,26,399,44,58,0,501,0,0,0,501
01/16/2023,MDW,IL,AGL,CE,Towers with Radar,451,55,36,0,542,0,0,2,0,2,451,55,38,0,544,0,0,0,544
01/17/2023,MDW,IL,AGL,CE,Towers with Radar,451,54,45,6,556,0,0,3,5,8,451,54,48,11,564,0,0,0,564
01/18/2023,MDW,IL,AGL,CE,Towers with Radar,445,65,26,0,536,0,1,8,1,10,445,66,34,1,546,0,0,0,546
01/19/2023,MDW,IL,AGL,CE,Towers with Radar,412,81,41,0,534,0,0,0,0,0,412,81,41,0,534,0,0,0,534
01/20/2023,MDW,IL,AGL,CE,Towers with Radar,463,76,30,0,569,0,2,19,0,21,463,78,49,0,590,0,0,0,590
01/21/2023,MDW,IL,AGL,CE,Towers with Radar,355,37,24,0,416,0,0,2,0,2,355,37,26,0,418,0,0,0,418
01/22/2023,MDW,IL,AGL,CE,Towers with Radar,396,43,19,0,458,0,0,6,0,6,396,43,25,0,464,0,0,0,464
01/23/2023,MDW,IL,AGL,CE,Towers with Radar,458,50,39,0,547,0,0,12,0,12,458,50,51,0,559,0,0,0,559
01/24/2023,MDW,IL,AGL,CE,Towers with Radar,446,70,50,0,566,0,0,12,1,13,446,70,62,1,579,0,0,0,579
01/25/2023,MDW,IL,AGL,CE,Towers with Radar,313,70,43,0,426,0,0,0,0,0,313,70,43,0,426,0,0,0,426
01/26/2023,MDW,IL,AGL,CE,Towers with Radar,452,72,55,0,579,0,0,1,0,1,452,72,56,0,580,0,0,0,580
01/27/2023,MDW,IL,AGL,CE,Towers with Radar,435,60,31,0,526,0,0,5,0,5,435,60,36,0,531,0,0,0,531
01/28/2023,MDW,IL,AGL,CE,Towers with Radar,279,46,16,0,341,0,0,6,0,6,279,46,22,0,347,0,0,0,347
01/29/2023,MDW,IL,AGL,CE,Towers with Radar,383,75,28,0,486,0,0,2,0,2,383,75,30,0,488,0,0,0,488
01/30/2023,MDW,IL,AGL,CE,Towers with Radar,456,71,34,0,561,0,0,7,5,12,456,71,41,5,573,0,0,0,573
01/31/2023,MDW,IL,AGL,CE,Towers with Radar,420,73,48,0,541,0,0,8,3,11,420,73,56,3,552,0,0,0,552
02/01/2023,MDW,IL,AGL,CE,Towers with Radar,413,75,47,0,535,0,0,18,2,20,413,75,65,2,555,0,0,0,555
02/02/2023,MDW,IL,AGL,CE,Towers with Radar,448,82,58,0,588,0,4,26,0,30,448,86,84,0,618,0,0,0,618
02/03/2023,MDW,IL,AGL,CE,Towers with Radar,422,80,38,0,540,0,4,13,0,17,422,84,51,0,557,0,0,0,557
02/04/2023,MDW,IL,AGL,CE,Towers with Radar,353,42,16,0,411,0,1,21,2,24,353,43,37,2,435,0,0,0,435
02/05/2023,MDW,IL,AGL,CE,Towers with Radar,399,47,28,0,474,0,0,20,0,20,399,47,48,0,494,0,0,0,494
02/06/2023,MDW,IL,AGL,CE,Towers with Radar,462,69,45,0,576,0,2,23,0,25,462,71,68,0,601,0,0,0,601
02/07/2023,MDW,IL,AGL,CE,Towers with Radar,459,65,33,0,557,0,0,10,2,12,459,65,43,2,569,0,0,0,569
02/08/2023,MDW,IL,AGL,CE,Towers with Radar,458,77,40,0,575,0,1,20,0,21,458,78,60,0,596,0,0,0,596
02/09/2023,MDW,IL,AGL,CE,Towers with Radar,461,77,56,0,594,0,0,2,2,4,461,77,58,2,598,0,0,0,598
02/10/2023,MDW,IL,AGL,CE,Towers with Radar,458,62,57,2,579,0,2,30,0,32,458,64,87,2,611,0,0,0,611
02/11/2023,MDW,IL,AGL,CE,Towers with Radar,356,50,18,0,424,0,0,27,0,27,356,50,45,0,451,0,0,0,451
02/12/2023,MDW,IL,AGL,CE,Towers with Radar,404,55,31,0,490,0,0,25,1,26,404,55,56,1,516,0,0,0,516
02/13/2023,MDW,IL,AGL,CE,Towers with Radar,461,74,42,4,581,0,0,34,0,34,461,74,76,4,615,0,0,0,615
02/14/2023,MDW,IL,AGL,CE,Towers with Radar,459,71,46,0,576,0,0,23,0,23,459,71,69,0,599,0,0,0,599
02/15/2023,MDW,IL,AGL,CE,Towers with Radar,449,81,61,3,594,0,0,5,0,5,449,81,66,3,599,0,0,0,599
02/16/2023,MDW,IL,AGL,CE,Towers with Radar,339,74,52,1,466,0,0,0,0,0,339,74,52,1,466,0,0,0,466
02/17/2023,MDW,IL,AGL,CE,Towers with Radar,464,71,50,0,585,0,4,29,0,33,464,75,79,0,618,0,0,0,618
02/18/2023,MDW,IL,AGL,CE,Towers with Radar,366,51,19,0,436,0,0,44,0,44,366,51,63,0,480,0,0,0,480
02/19/2023,MDW,IL,AGL,CE,Towers with Radar,401,53,22,2,478,0,0,18,0,18,401,53,40,2,496,0,0,0,496
02/20/2023,MDW,IL,AGL,CE,Towers with Radar,469,78,48,0,595,0,0,20,0,20,469,78,68,0,615,0,0,0,615
02/21/2023,MDW,IL,AGL,CE,Towers with Radar,449,80,39,2,570,0,2,20,0,22,449,82,59,2,592,0,0,0,592
02/22/2023,MDW,IL,AGL,CE,Towers with Radar,417,63,46,0,526,0,0,0,0,0,417,63,46,0,526,0,0,0,526
02/23/2023,MDW,IL,AGL,CE,Towers with Radar,453,82,58,0,593,0,0,3,1,4,453,82,61,1,597,0,0,0,597
02/24/2023,MDW,IL,AGL,CE,Towers with Radar,462,50,36,0,548,0,7,24,1,32,462,57,60,1,580,0,0,0,580
02/25/2023,MDW,IL,AGL,CE,Towers with Radar,365,44,23,0,432,0,0,24,0,24,365,44,47,0,456,0,0,0,456
02/26/2023,MDW,IL,AGL,CE,Towers with Radar,409,73,39,0,521,0,0,30,0,30,409,73,69,0,551,0,0,0,551
02/27/2023,MDW,IL,AGL,CE,Towers with Radar,440,69,39,0,548,0,0,3,0,3,440,69,42,0,551,0,0,0,551
02/28/2023,MDW,IL,AGL,CE,Towers with Radar,461,71,52,0,584,0,6,28,2,36,461,77,80,2,620,0,0,0,620
03/01/2023,MDW,IL,AGL,CE,Towers with Radar,469,60,69,0,598,0,11,25,0,36,469,71,94,0,634,0,0,0,634
03/02/2023,MDW,IL,AGL,CE,Towers with Radar,456,81,58,1,596,0,0,14,0,14,456,81,72,1,610,0,0,0,610
03/03/2023,MDW,IL,AGL,CE,Towers with Radar,460,66,39,1,566,0,3,2,0,5,460,69,41,1,571,0,0,0,571
03/04/2023,MDW,IL,AGL,CE,Towers with Radar,364,52,18,0,434,0,0,18,0,18,364,52,36,0,452,0,0,0,452
03/05/2023,MDW,IL,AGL,CE,Towers with Radar,412,62,37,0,511,0,0,34,2,36,412,62,71,2,547,0,0,0,547
03/06/2023,MDW,IL,AGL,CE,Towers with Radar,470,64,54,0,588,0,4,6,0,10,470,68,60,0,598,0,0,0,598
03/07/2023,MDW,IL,AGL,CE,Towers with Radar,464,80,42,0,586,0,6,24,0,30,464,86,66,0,616,0,0,0,616
03/08/2023,MDW,IL,AGL,CE,Towers with Radar,469,88,48,2,607,0,4,30,1,35,469,92,78,3,642,0,0,0,642
03/09/2023,MDW,IL,AGL,CE,Towers with Radar,491,75,50,0,616,0,5,15,0,20,491,80,65,0,636,0,0,0,636
03/10/2023,MDW,IL,AGL,CE,Towers with Radar,514,52,39,0,605,0,2,6,1,9,514,54,45,1,614,0,0,0,614
03/11/2023,MDW,IL,AGL,CE,Towers with Radar,429,45,34,0,508,0,0,29,1,30,429,45,63,1,538,0,0,0,538
03/12/2023,MDW,IL,AGL,CE,Towers with Radar,421,79,35,0,535,0,0,4,0,4,421,79,39,0,539,0,0,0,539
03/13/2023,MDW,IL,AGL,CE,Towers with Radar,519,51,44,0,614,0,4,11,1,16,519,55,55,1,630,0,0,0,630
03/14/2023,MDW,IL,AGL,CE,Towers with Radar,500,76,54,0,630,0,0,24,1,25,500,76,78,1,655,0,0,0,655
03/15/2023,MDW,IL,AGL,CE,Towers with Radar,516,76,58,0,650,0,2,24,0,26,516,78,82,0,676,0,0,0,676
03/16/2023,MDW,IL,AGL,CE,Towers with Radar,509,64,59,0,632,0,0,17,2,19,509,64,76,2,651,0,0,0,651
03/17/2023,MDW,IL,AGL,CE,Towers with Radar,521,49,33,0,603,0,0,7,0,7,521,49,40,0,610,0,0,0,610
03/18/2023,MDW,IL,AGL,CE,Towers with Radar,430,46,27,0,503,0,0,22,0,22,430,46,49,0,525,0,0,0,525
03/19/2023,MDW,IL,AGL,CE,Towers with Radar,406,55,41,0,502,0,0,23,0,23,406,55,64,0,525,0,0,0,525
03/20/2023,MDW,IL,AGL,CE,Towers with Radar,516,70,64,0,650,0,0,19,0,19,516,70,83,0,669,0,0,0,669
03/21/2023,MDW,IL,AGL,CE,Towers with Radar,509,71,60,0,640,0,0,17,3,20,509,71,77,3,660,0,0,0,660
03/22/2023,MDW,IL,AGL,CE,Towers with Radar,528,87,86,0,701,0,0,2,0,2,528,87,88,0,703,0,0,0,703
03/23/2023,MDW,IL,AGL,CE,Towers with Radar,519,74,52,0,645,0,4,15,0,19,519,78,67,0,664,0,0,0,664
03/24/2023,MDW,IL,AGL,CE,Towers with Radar,512,84,25,0,621,0,5,26,0,31,512,89,51,0,652,0,0,0,652
03/25/2023,MDW,IL,AGL,CE,Towers with Radar,424,58,13,0,495,0,0,11,0,11,424,58,24,0,506,0,0,0,506
03/26/2023,MDW,IL,AGL,CE,Towers with Radar,398,60,19,0,477,0,0,26,0,26,398,60,45,0,503,0,0,0,503
03/27/2023,MDW,IL,AGL,CE,Towers with Radar,524,45,33,0,602,0,0,16,0,16,524,45,49,0,618,0,0,0,618
03/28/2023,MDW,IL,AGL,CE,Towers with Radar,518,62,41,0,621,0,0,21,0,21,518,62,62,0,642,0,0,0,642
03/29/2023,MDW,IL,AGL,CE,Towers with Radar,522,58,55,0,635,0,2,13,0,15,522,60,68,0,650,0,0,0,650
03/30/2023,MDW,IL,AGL,CE,Towers with Radar,523,70,63,0,656,0,0,18,0,18,523,70,81,0,674,0,0,0,674
03/31/2023,MDW,IL,AGL,CE,Towers with Radar,358,56,31,0,445,0,0,0,0,0,358,56,31,0,445,0,0,0,445
04/01/2023,MDW,IL,AGL,CE,Towers with Radar,436,58,19,0,513,0,0,9,0,9,436,58,28,0,522,0,0,0,522
04/02/2023,MDW,IL,AGL,CE,Towers with Radar,409,108,40,0,557,0,1,19,1,21,409,109,59,1,578,0,0,0,578
04/03/2023,MDW,IL,AGL,CE,Towers with Radar,510,75,47,1,633,0,0,19,1,20,510,75,66,2,653,0,0,0,653
04/04/2023,MDW,IL,AGL,CE,Towers with Radar,509,76,47,0,632,0,0,6,3,9,509,76,53,3,641,0,0,0,641
04/05/2023,MDW,IL,AGL,CE,Towers with Radar,442,62,38,0,542,0,2,10,0,12,442,64,48,0,554,0,0,0,554
04/06/2023,MDW,IL,AGL,CE,Towers with Radar,535,76,59,1,671,0,2,30,1,33,535,78,89,2,704,0,0,0,704
04/07/2023,MDW,IL,AGL,CE,Towers with Radar,515,70,31,0,616,0,1,42,1,44,515,71,73,1,660,0,0,0,660
04/08/2023,MDW,IL,AGL,CE,Towers with Radar,428,49,28,0,505,0,0,38,0,38,428,49,66,0,543,0,0,0,543
04/09/2023,MDW,IL,AGL,CE,Towers with Radar,412,62,36,0,510,0,0,45,0,45,412,62,81,0,555,0,0,0,555
04/10/2023,MDW,IL,AGL,CE,Towers with Radar,500,70,41,1,612,0,2,29,0,31,500,72,70,1,643,0,0,0,643
04/11/2023,MDW,IL,AGL,CE,Towers with Radar,520,74,48,1,643,0,3,20,0,23,520,77,68,1,666,0,0,0,666
04/12/2023,MDW,IL,AGL,CE,Towers with Radar,507,71,76,0,654,0,7,23,0,30,507,78,99,0,684,0,0,0,684
04/13/2023,MDW,IL,AGL,CE,Towers with Radar,509,103,67,4,683,0,3,21,5,29,509,106,88,9,712,0,0,0,712
04/14/2023,MDW,IL,AGL,CE,Towers with Radar,511,93,39,2,645,0,6,27,0,33,511,99,66,2,678,0,0,0,678
04/15/2023,MDW,IL,AGL,CE,Towers with Radar,349,67,23,0,439,0,0,31,0,31,349,67,54,0,470,0,0,0,470
04/16/2023,MDW,IL,AGL,CE,Towers with Radar,430,78,33,0,541,0,0,0,0,0,430,78,33,0,541,0,0,0,541
04/17/2023,MDW,IL,AGL,CE,Towers with Radar,518,87,42,0,647,0,0,10,0,10,518,87,52,0,657,0,0,0,657
04/18/2023,MDW,IL,AGL,CE,Towers with Radar,509,97,44,0,650,0,6,22,0,28,509,103,66,0,678,0,0,0,678
04/19/2023,MDW,IL,AGL,CE,Towers with Radar,508,92,53,0,653,0,0,14,0,14,508,92,67,0,667,0,0,0,667
04/20/2023,MDW,IL,AGL,CE,Towers with Radar,500,103,51,0,654,0,3,12,0,15,500,106,63,0,669,0,0,0,669
04/21/2023,MDW,IL,AGL,CE,Towers with Radar,530,88,52,0,670,0,4,40,0,44,530,92,92,0,714,0,0,0,714
04/22/2023,MDW,IL,AGL,CE,Towers with Radar,353,53,19,0,425,0,0,14,0,14,353,53,33,0,439,0,0,0,439
04/23/2023,MDW,IL,AGL,CE,Towers with Radar,448,66,35,0,549,0,2,34,0,36,448,68,69,0,585,0,0,0,585
04/24/2023,MDW,IL,AGL,CE,Towers with Radar,517,83,59,0,659,0,0,16,0,16,517,83,75,0,675,0,0,0,675
04/25/2023,MDW,IL,AGL,CE,Towers with Radar,501,70,70,2,643,0,2,14,0,16,501,72,84,2,659,0,0,0,659
04/26/2023,MDW,IL,AGL,CE,Towers with Radar,506,108,57,0,671,0,2,36,1,39,506,110,93,1,710,0,0,0,710
04/27/2023,MDW,IL,AGL,CE,Towers with Radar,514,97,66,0,677,0,0,43,1,44,514,97,109,1,721,0,0,0,721
04/28/2023,MDW,IL,AGL,CE,Towers with Radar,515,77,45,2,639,0,3,28,0,31,515,80,73,2,670,0,0,0,670
04/29/2023,MDW,IL,AGL,CE,Towers with Radar,363,49,30,0,442,0,0,29,0,29,363,49,59,0,471,0,0,0,471
04/30/2023,MDW,IL,AGL,CE,Towers with Radar,426,78,44,0,548,0,0,7,0,7,426,78,51,0,555,0,0,0,555
05/01/2023,MDW,IL,AGL,CE,Towers with Radar,525,80,56,0,661,0,4,6,0,10,525,84,62,0,671,0,0,0,671
05/02/2023,MDW,IL,AGL,CE,Towers with Radar,517,94,67,0,678,0,3,14,0,17,517,97,81,0,695,0,0,0,695
05/03/2023,MDW,IL,AGL,CE,Towers with Radar,506,93,72,0,671,0,1,30,0,31,506,94,102,0,702,0,0,0,702
05/04/2023,MDW,IL,AGL,CE,Towers with Radar,528,112,71,0,711,0,1,34,0,35,528,113,105,0,746,0,0,0,746
05/05/2023,MDW,IL,AGL,CE,Towers with Radar,522,111,70,2,705,0,0,35,0,35,522,111,105,2,740,0,0,0,740
05/06/2023,MDW,IL,AGL,CE,Towers with Radar,353,59,23,1,436,0,2,26,0,28,353,61,49,1,464,0,0,0,464
05/07/2023,MDW,IL,AGL,CE,Towers with Radar,444,89,54,1,588,0,0,37,0,37,444,89,91,1,625,0,0,0,625
05/08/2023,MDW,IL,AGL,CE,Towers with Radar,547,92,48,0,687,0,0,4,0,4,547,92,52,0,691,0,0,0,691
05/09/2023,MDW,IL,AGL,CE,Towers with Radar,529,85,47,0,661,0,0,20,0,20,529,85,67,0,681,0,0,0,681
05/10/2023,MDW,IL,AGL,CE,Towers with Radar,524,92,66,0,682,0,0,15,0,15,524,92,81,0,697,0,0,0,697
05/11/2023,MDW,IL,AGL,CE,Towers with Radar,531,99,93,0,723,0,2,21,0,23,531,101,114,0,746,0,0,0,746
05/12/2023,MDW,IL,AGL,CE,Towers with Radar,529,89,54,0,672,0,0,4,0,4,529,89,58,0,676,0,0,0,676
05/13/2023,MDW,IL,AGL,CE,Towers with Radar,365,50,19,0,434,0,0,14,0,14,365,50,33,0,448,0,0,0,448
05/14/2023,MDW,IL,AGL,CE,Towers with Radar,439,81,28,0,548,0,0,16,0,16,439,81,44,0,564,0,0,0,564
05/15/2023,MDW,IL,AGL,CE,Towers with Radar,535,95,52,0,682,0,5,29,0,34,535,100,81,0,716,0,0,0,716
05/16/2023,MDW,IL,AGL,CE,Towers with Radar,519,106,71,0,696,0,4,26,2,32,519,110,97,2,728,0,0,0,728
05/17/2023,MDW,IL,AGL,CE,Towers with Radar,530,98,82,0,710,0,2,22,4,28,530,100,104,4,738,0,0,0,738
05/18/2023,MDW,IL,AGL,CE,Towers with Radar,527,126,86,0,739,0,0,27,0,27,527,126,113,0,766,0,0,0,766
05/19/2023,MDW,IL,AGL,CE,Towers with Radar,529,87,63,0,679,0,0,27,0,27,529,87,90,0,706,0,0,0,706
05/20/2023,MDW,IL,AGL,CE,Towers with Radar,367,70,36,0,473,0,0,30,0,30,367,70,66,0,503,0,0,0,503
05/21/2023,MDW,IL,AGL,CE,Towers with Radar,459,86,50,0,595,0,0,43,0,43,459,86,93,0,638,0,0,0,638
05/22/2023,MDW,IL,AGL,CE,Towers with Radar,531,87,73,0,691,0,0,33,0,33,531,87,106,0,724,0,0,0,724
05/23/2023,MDW,IL,AGL,CE,Towers with Radar,522,91,67,0,680,0,9,28,7,44,522,100,95,7,724,0,0,0,724
05/24/2023,MDW,IL,AGL,CE,Towers with Radar,520,74,85,0,679,0,4,16,2,22,520,78,101,2,701,0,0,0,701
05/25/2023,MDW,IL,AGL,CE,Towers with Radar,526,124,93,0,743,0,1,19,0,20,526,125,112,0,763,0,0,0,763
05/26/2023,MDW,IL,AGL,CE,Towers with Radar,543,82,45,0,670,0,2,31,2,35,543,84,76,2,705,0,0,0,705
05/27/2023,MDW,IL,AGL,CE,Towers with Radar,365,47,25,0,437,0,0,40,4,44,365,47,65,4,481,0,0,0,481
05/28/2023,MDW,IL,AGL,CE,Towers with Radar,443,66,21,0,530,0,0,32,0,32,443,66,53,0,562,0,0,0,562
05/29/2023,MDW,IL,AGL,CE,Towers with Radar,536,69,23,0,628,0,0,37,4,41,536,69,60,4,669,0,0,0,669
05/30/2023,MDW,IL,AGL,CE,Towers with Radar,524,75,58,0,657,0,2,29,2,33,524,77,87,2,690,0,0,0,690
05/31/2023,MDW,IL,AGL,CE,Towers with Radar,530,93,94,0,717,0,3,15,0,18,530,96,109,0,735,0,0,0,735
06/01/2023,MDW,IL,AGL,CE,Towers with Radar,529,89,80,1,699,0,1,28,2,31,529,90,108,3,730,0,0,0,730
06/02/2023,MDW,IL,AGL,CE,Towers with Radar,533,101,71,0,705,0,4,26,3,33,533,105,97,3,738,0,0,0,738
06/03/2023,MDW,IL,AGL,CE,Towers with Radar,368,71,41,0,480,0,0,41,0,41,368,71,82,0,521,0,0,0,521
06/04/2023,MDW,IL,AGL,CE,Towers with Radar,461,122,68,0,651,0,0,35,0,35,461,122,103,0,686,0,0,0,686
06/05/2023,MDW,IL,AGL,CE,Towers with Radar,548,108,72,0,728,0,6,20,1,27,548,114,92,1,755,0,0,0,755
06/06/2023,MDW,IL,AGL,CE,Towers with Radar,530,100,89,0,719,0,0,27,1,28,530,100,116,1,747,0,0,0,747
06/07/2023,MDW,IL,AGL,CE,Towers with Radar,537,100,86,0,723,0,0,27,2,29,537,100,113,2,752,0,0,0,752
06/08/2023,MDW,IL,AGL,CE,Towers with Radar,539,110,75,0,724,0,3,27,0,30,539,113,102,0,754,0,0,0,754
06/09/2023,MDW,IL,AGL,CE,Towers with Radar,544,90,55,0,689,0,2,34,3,39,544,92,89,3,728,0,0,0,728
06/10/2023,MDW,IL,AGL,CE,Towers with Radar,412,82,46,0,540,0,0,30,7,37,412,82,76,7,577,0,0,0,577
06/11/2023,MDW,IL,AGL,CE,Towers with Radar,467,110,52,0,629,0,0,6,0,6,467,110,58,0,635,0,0,0,635
06/12/2023,MDW,IL,AGL,CE,Towers with Radar,549,100,72,0,721,0,0,22,0,22,549,100,94,0,743,0,0,0,743
06/13/2023,MDW,IL,AGL,CE,Towers with Radar,533,118,102,0,753,0,0,2,0,2,533,118,104,0,755,0,0,0,755
06/14/2023,MDW,IL,AGL,CE,Towers with Radar,532,100,96,0,728,0,7,24,2,33,532,107,120,2,761,0,0,0,761
06/15/2023,MDW,IL,AGL,CE,Towers with Radar,529,98,80,0,707,0,2,11,0,13,529,100,91,0,720,0,0,0,720
06/16/2023,MDW,IL,AGL,CE,Towers with Radar,548,82,57,0,687,0,4,15,0,19,548,86,72,0,706,0,0,0,706
06/17/2023,MDW,IL,AGL,CE,Towers with Radar,415,58,33,0,506,0,0,43,0,43,415,58,76,0,549,0,0,0,549
06/18/2023,MDW,IL,AGL,CE,Towers with Radar,476,69,35,0,580,0,0,29,0,29,476,69,64,0,609,0,0,0,609
06/19/2023,MDW,IL,AGL,CE,Towers with Radar,543,79,57,0,679,0,2,31,1,34,543,81,88,1,713,0,0,0,713
06/20/2023,MDW,IL,AGL,CE,Towers with Radar,525,83,53,0,661,0,5,18,1,24,525,88,71,1,685,0,0,0,685
06/21/2023,MDW,IL,AGL,CE,Towers with Radar,541,98,73,0,712,0,0,20,0,20,541,98,93,0,732,0,0,0,732
06/22/2023,MDW,IL,AGL,CE,Towers with Radar,526,90,78,0,694,1,4,15,0,20,527,94,93,0,714,0,0,0,714
06/23/2023,MDW,IL,AGL,CE,Towers with Radar,546,85,63,0,694,0,22,21,0,43,546,107,84,0,737,0,0,0,737
06/24/2023,MDW,IL,AGL,CE,Towers with Radar,413,96,45,0,554,0,0,49,0,49,413,96,94,0,603,0,0,0,603
06/25/2023,MDW,IL,AGL,CE,Towers with Radar,432,84,61,0,577,0,1,21,0,22,432,85,82,0,599,0,0,0,599
06/26/2023,MDW,IL,AGL,CE,Towers with Radar,557,75,74,0,706,0,0,16,0,16,557,75,90,0,722,0,0,0,722
06/27/2023,MDW,IL,AGL,CE,Towers with Radar,526,97,81,0,704,0,0,10,0,10,526,97,91,0,714,0,0,0,714
06/28/2023,MDW,IL,AGL,CE,Towers with Radar,548,62,31,0,641,0,2,0,0,2,548,64,31,0,643,0,0,0,643
06/29/2023,MDW,IL,AGL,CE,Towers with Radar,536,111,51,0,698,0,0,28,6,34,536,111,79,6,732,0,0,0,732
06/30/2023,MDW,IL,AGL,CE,Towers with Radar,543,119,75,0,737,0,0,31,1,32,543,119,106,1,769,0,0,0,769
07/01/2023,MDW,IL,AGL,CE,Towers with Radar,426,87,42,0,555,0,0,31,0,31,426,87,73,0,586,0,0,0,586
07/02/2023,MDW,IL,AGL,CE,Towers with Radar,475,62,30,0,567,0,0,2,0,2,475,62,32,0,569,0,0,0,569
07/03/2023,MDW,IL,AGL,CE,Towers with Radar,548,41,18,0,607,0,0,27,0,27,548,41,45,0,634,0,0,0,634
07/04/2023,MDW,IL,AGL,CE,Towers with Radar,537,34,15,0,586,0,0,24,5,29,537,34,39,5,615,0,0,0,615
07/05/2023,MDW,IL,AGL,CE,Towers with Radar,484,72,38,0,594,0,4,13,1,18,484,76,51,1,612,0,0,0,612
07/06/2023,MDW,IL,AGL,CE,Towers with Radar,556,99,58,0,713,1,0,21,0,22,557,99,79,0,735,0,0,0,735
07/07/2023,MDW,IL,AGL,CE,Towers with Radar,543,67,49,0,659,0,0,39,0,39,543,67,88,0,698,0,0,0,698
07/08/2023,MDW,IL,AGL,CE,Towers with Radar,427,77,37,0,541,0,0,26,0,26,427,77,63,0,567,0,0,0,567
07/09/2023,MDW,IL,AGL,CE,Towers with Radar,453,100,51,0,604,0,0,32,0,32,453,100,83,0,636,0,0,0,636
07/10/2023,MDW,IL,AGL,CE,Towers with Radar,565,125,91,0,781,0,6,20,0,26,565,131,111,0,807,0,0,0,807
07/11/2023,MDW,IL,AGL,CE,Towers with Radar,563,77,58,0,698,0,0,23,0,23,563,77,81,0,721,0,0,0,721
07/12/2023,MDW,IL,AGL,CE,Towers with Radar,529,85,51,0,665,0,2,6,0,8,529,87,57,0,673,0,0,0,673
07/13/2023,MDW,IL,AGL,CE,Towers with Radar,600,88,66,0,754,0,10,22,0,32,600,98,88,0,786,0,0,0,786
07/14/2023,MDW,IL,AGL,CE,Towers with Radar,537,81,52,0,670,0,0,23,0,23,537,81,75,0,693,0,0,0,693
07/15/2023,MDW,IL,AGL,CE,Towers with Radar,452,76,25,1,554,0,0,23,0,23,452,76,48,1,577,0,0,0,577
07/16/2023,MDW,IL,AGL,CE,Towers with Radar,497,94,49,3,643,0,9,27,0,36,497,103,76,3,679,0,0,0,679
07/17/2023,MDW,IL,AGL,CE,Towers with Radar,611,91,59,2,763,0,4,18,0,22,611,95,77,2,785,0,0,0,785
07/18/2023,MDW,IL,AGL,CE,Towers with Radar,566,82,51,0,699,0,3,19,0,22,566,85,70,0,721,0,0,0,721
07/19/2023,MDW,IL,AGL,CE,Towers with Radar,571,98,84,0,753,0,2,17,0,19,571,100,101,0,772,0,0,0,772
07/20/2023,MDW,IL,AGL,CE,Towers with Radar,559,88,68,2,717,0,1,23,1,25,559,89,91,3,742,0,0,0,742
07/21/2023,MDW,IL,AGL,CE,Towers with Radar,606,81,51,0,738,0,3,35,2,40,606,84,86,2,778,0,0,0,778
07/22/2023,MDW,IL,AGL,CE,Towers with Radar,439,52,18,2,511,0,0,36,2,38,439,52,54,4,549,0,0,0,549
07/23/2023,MDW,IL,AGL,CE,Towers with Radar,510,76,53,3,642,0,0,33,0,33,510,76,86,3,675,0,0,0,675
07/24/2023,MDW,IL,AGL,CE,Towers with Radar,614,85,60,6,765,0,2,13,0,15,614,87,73,6,780,0,0,0,780
07/25/2023,MDW,IL,AGL,CE,Towers with Radar,555,79,74,0,708,0,0,32,0,32,555,79,106,0,740,0,0,0,740
07/26/2023,MDW,IL,AGL,CE,Towers with Radar,570,104,74,0,748,0,0,18,0,18,570,104,92,0,766,0,0,0,766
07/27/2023,MDW,IL,AGL,CE,Towers with Radar,571,115,60,0,746,0,0,46,1,47,571,115,106,1,793,0,0,0,793
07/28/2023,MDW,IL,AGL,CE,Towers with Radar,531,87,46,0,664,0,0,31,0,31,531,87,77,0,695,0,0,0,695
07/29/2023,MDW,IL,AGL,CE,Towers with Radar,438,53,40,0,531,0,0,38,0,38,438,53,78,0,569,0,0,0,569
07/30/2023,MDW,IL,AGL,CE,Towers with Radar,529,68,41,0,638,0,0,43,0,43,529,68,84,0,681,0,0,0,681
07/31/2023,MDW,IL,AGL,CE,Towers with Radar,607,87,48,0,742,0,0,25,0,25,607,87,73,0,767,0,0,0,767
08/01/2023,MDW,IL,AGL,CE,Towers with Radar,562,70,52,0,684,0,0,27,2,29,562,70,79,2,713,0,0,0,713
08/02/2023,MDW,IL,AGL,CE,Towers with Radar,584,85,64,0,733,0,0,23,0,23,584,85,87,0,756,0,0,0,756
08/03/2023,MDW,IL,AGL,CE,Towers with Radar,568,99,66,0,733,0,0,26,0,26,568,99,92,0,759,0,0,0,759
08/04/2023,MDW,IL,AGL,CE,Towers with Radar,601,92,28,0,721,0,2,36,0,38,601,94,64,0,759,0,0,0,759
08/05/2023,MDW,IL,AGL,CE,Towers with Radar,429,73,34,0,536,0,0,16,0,16,429,73,50,0,552,0,0,0,552
08/06/2023,MDW,IL,AGL,CE,Towers with Radar,514,99,45,0,658,0,0,6,0,6,514,99,51,0,664,0,0,0,664
08/07/2023,MDW,IL,AGL,CE,Towers with Radar,579,119,57,0,755,0,0,20,0,20,579,119,77,0,775,0,0,0,775
08/08/2023,MDW,IL,AGL,CE,Towers with Radar,583,109,56,0,748,0,0,25,0,25,583,109,81,0,773,0,0,0,773
08/09/2023,MDW,IL,AGL,CE,Towers with Radar,577,91,72,0,740,0,0,29,0,29,577,91,101,0,769,0,0,0,769
08/10/2023,MDW,IL,AGL,CE,Towers with Radar,577,92,50,1,720,0,0,29,0,29,577,92,79,1,749,0,0,0,749
08/11/2023,MDW,IL,AGL,CE,Towers with Radar,607,88,38,5,738,0,18,28,2,48,607,106,66,7,786,0,0,0,786
08/12/2023,MDW,IL,AGL,CE,Towers with Radar,426,87,39,0,552,0,0,32,6,38,426,87,71,6,590,0,0,0,590
08/13/2023,MDW,IL,AGL,CE,Towers with Radar,531,105,43,0,679,0,0,20,0,20,531,105,63,0,699,0,0,0,699
08/14/2023,MDW,IL,AGL,CE,Towers with Radar,504,78,46,0,628,0,0,4,0,4,504,78,50,0,632,0,0,0,632
08/15/2023,MDW,IL,AGL,CE,Towers with Radar,551,97,53,1,702,0,0,17,0,17,551,97,70,1,719,0,0,0,719
08/16/2023,MDW,IL,AGL,CE,Towers with Radar,524,93,66,1,684,0,0,18,0,18,524,93,84,1,702,0,0,0,702
08/17/2023,MDW,IL,AGL,CE,Towers with Radar,533,97,44,0,674,0,2,15,1,18,533,99,59,1,692,0,0,0,692
08/18/2023,MDW,IL,AGL,CE,Towers with Radar,525,68,43,2,638,0,15,45,3,63,525,83,88,5,701,0,0,0,701
08/19/2023,MDW,IL,AGL,CE,Towers with Radar,410,59,19,0,488,0,3,31,2,36,410,62,50,2,524,0,0,0,524
08/20/2023,MDW,IL,AGL,CE,Towers with Radar,522,106,43,0,671,0,0,38,2,40,522,106,81,2,711,0,0,0,711
08/21/2023,MDW,IL,AGL,CE,Towers with Radar,533,76,49,0,658,0,0,28,0,28,533,76,77,0,686,0,0,0,686
08/22/2023,MDW,IL,AGL,CE,Towers with Radar,529,76,53,0,658,0,2,20,4,26,529,78,73,4,684,0,0,0,684
08/23/2023,MDW,IL,AGL,CE,Towers with Radar,527,90,64,0,681,0,0,20,0,20,527,90,84,0,701,0,0,0,701
08/24/2023,MDW,IL,AGL,CE,Towers with Radar,530,121,59,0,710,0,0,12,0,12,530,121,71,0,722,0,0,0,722
08/25/2023,MDW,IL,AGL,CE,Towers with Radar,530,74,38,0,642,0,4,35,0,39,530,78,73,0,681,0,0,0,681
08/26/2023,MDW,IL,AGL,CE,Towers with Radar,408,53,28,0,489,0,0,14,1,15,408,53,42,1,504,0,0,0,504
08/27/2023,MDW,IL,AGL,CE,Towers with Radar,526,74,40,0,640,0,0,31,0,31,526,74,71,0,671,0,0,0,671
08/28/2023,MDW,IL,AGL,CE,Towers with Radar,542,63,61,0,666,0,4,11,0,15,542,67,72,0,681,0,0,0,681
08/29/2023,MDW,IL,AGL,CE,Towers with Radar,516,72,46,0,634,0,1,21,0,22,516,73,67,0,656,0,0,0,656
08/30/2023,MDW,IL,AGL,CE,Towers with Radar,509,71,87,0,667,0,2,12,0,14,509,73,99,0,681,0,0,0,681
08/31/2023,MDW,IL,AGL,CE,Towers with Radar,526,79,53,2,660,0,0,24,0,24,526,79,77,2,684,0,0,0,684
