01/01/2000,MEI,MS,ASO,CE,Federal Contract Tower,0,6,5,0,11,0,7,15,0,22,0,13,20,0,33,0,0,0,33
01/02/2000,MEI,MS,ASO,CE,Federal Contract Tower,0,10,8,0,18,0,8,37,0,45,0,18,45,0,63,34,0,34,97
01/03/2000,MEI,MS,ASO,CE,Federal Contract Tower,0,16,11,30,57,0,11,0,0,11,0,27,11,30,68,0,4,4,72
01/04/2000,MEI,MS,ASO,CE,Federal Contract Tower,0,24,26,93,143,0,0,9,21,30,0,24,35,114,173,0,126,126,299
01/05/2000,MEI,MS,ASO,CE,Federal Contract Tower,0,25,17,60,102,0,5,25,12,42,0,30,42,72,144,46,26,72,216
01/06/2000,MEI,MS,ASO,CE,Federal Contract Tower,0,33,27,95,155,0,0,19,20,39,0,33,46,115,194,24,114,138,332
01/07/2000,MEI,MS,ASO,CE,Federal Contract Tower,0,31,25,89,145,0,0,15,30,45,0,31,40,119,190,40,68,108,298
01/08/2000,MEI,MS,ASO,CE,Federal Contract Tower,0,15,10,25,50,0,4,23,0,27,0,19,33,25,77,10,12,22,99
01/09/2000,MEI,MS,ASO,CE,Federal Contract Tower,0,17,12,38,67,0,5,1,0,6,0,22,13,38,73,0,0,0,73
01/10/2000,MEI,MS,ASO,CE,Federal Contract Tower,0,31,26,91,148,0,0,0,30,30,0,31,26,121,178,30,132,162,340
01/11/2000,MEI,MS,ASO,CE,Federal Contract Tower,0,29,27,94,150,0,0,15,38,53,0,29,42,132,203,50,160,210,413
01/12/2000,MEI,MS,ASO,CE,Federal Contract Tower,0,31,24,83,138,0,0,10,36,46,0,31,34,119,184,4,26,30,214
01/13/2000,MEI,MS,ASO,CE,Federal Contract Tower,0,26,17,60,103,0,3,13,0,16,0,29,30,60,119,0,4,4,123
01/14/2000,MEI,MS,ASO,CE,Federal Contract Tower,0,28,20,70,118,0,0,32,15,47,0,28,52,85,165,8,104,112,277
01/15/2000,MEI,MS,ASO,CE,Federal Contract Tower,0,14,9,31,54,0,9,40,0,49,0,23,49,31,103,2,6,8,111
01/16/2000,MEI,MS,ASO,CE,Federal Contract Tower,0,12,8,21,41,0,12,9,0,21,0,24,17,21,62,0,16,16,78
01/17/2000,MEI,MS,ASO,CE,Federal Contract Tower,0,15,9,29,53,0,15,15,0,30,0,30,24,29,83,16,4,20,103
01/18/2000,MEI,MS,ASO,CE,Federal Contract Tower,0,28,25,91,144,0,0,9,24,33,0,28,34,115,177,30,74,104,281
01/19/2000,MEI,MS,ASO,CE,Federal Contract Tower,0,30,25,93,148,0,0,4,4,8,0,30,29,97,156,0,0,0,156
01/20/2000,MEI,MS,ASO,CE,Federal Contract Tower,0,27,25,93,145,0,0,34,17,51,0,27,59,110,196,8,94,102,298
01/21/2000,MEI,MS,ASO,CE,Federal Contract Tower,0,30,23,86,139,0,0,36,24,60,0,30,59,110,199,70,118,188,387
01/22/2000,MEI,MS,ASO,CE,Federal Contract Tower,0,7,4,11,22,0,13,11,0,24,0,20,15,11,46,0,0,0,46
01/23/2000,MEI,MS,ASO,CE,Federal Contract Tower,0,18,11,23,52,0,4,15,0,19,0,22,26,23,71,0,4,4,75
01/24/2000,MEI,MS,ASO,CE,Federal Contract Tower,0,29,20,73,122,0,0,3,9,12,0,29,23,82,134,6,78,84,218
01/25/2000,MEI,MS,ASO,CE,Federal Contract Tower,0,29,29,106,164,0,0,19,14,33,0,29,48,120,197,6,130,136,333
01/26/2000,MEI,MS,ASO,CE,Federal Contract Tower,0,29,21,79,129,0,0,2,20,22,0,29,23,99,151,2,208,210,361
01/27/2000,MEI,MS,ASO,CE,Federal Contract Tower,0,20,13,50,83,0,0,1,9,10,0,20,14,59,93,6,164,170,263
01/28/2000,MEI,MS,ASO,CE,Federal Contract Tower,0,7,4,1,12,0,10,6,0,16,0,17,10,1,28,0,0,0,28
01/29/2000,MEI,MS,ASO,CE,Federal Contract Tower,0,5,2,2,9,0,7,4,0,11,0,12,6,2,20,0,0,0,20
01/30/2000,MEI,MS,ASO,CE,Federal Contract Tower,0,11,6,25,42,0,9,25,1,35,0,20,31,26,77,8,42,50,127
01/31/2000,MEI,MS,ASO,CE,Federal Contract Tower,0,26,23,84,133,0,0,26,18,44,0,26,49,102,177,10,128,138,315
02/01/2000,MEI,MS,ASO,CE,Federal Contract Tower,0,30,25,71,126,0,0,4,23,27,0,30,29,94,153,0,136,136,289
02/02/2000,MEI,MS,ASO,CE,Federal Contract Tower,0,26,18,50,94,0,3,14,13,30,0,29,32,63,124,26,42,68,192
02/03/2000,MEI,MS,ASO,CE,Federal Contract Tower,0,27,25,67,119,0,0,12,49,61,0,27,37,116,180,24,62,86,266
02/04/2000,MEI,MS,ASO,CE,Federal Contract Tower,0,27,20,53,100,0,1,26,17,44,0,28,46,70,144,6,68,74,218
02/05/2000,MEI,MS,ASO,CE,Federal Contract Tower,0,11,9,21,41,0,9,39,0,48,0,20,48,21,89,18,34,52,141
02/06/2000,MEI,MS,ASO,CE,Federal Contract Tower,0,23,27,73,123,0,0,25,47,72,0,23,52,120,195,12,46,58,253
02/07/2000,MEI,MS,ASO,CE,Federal Contract Tower,0,30,27,72,129,0,0,21,12,33,0,30,48,84,162,14,164,178,340
02/08/2000,MEI,MS,ASO,CE,Federal Contract Tower,0,28,25,66,119,0,0,15,13,28,0,28,40,79,147,24,66,90,237
02/09/2000,MEI,MS,ASO,CE,Federal Contract Tower,0,28,27,73,128,0,0,24,24,48,0,28,51,97,176,20,88,108,284
02/10/2000,MEI,MS,ASO,CE,Federal Contract Tower,0,26,19,51,96,0,0,34,0,34,0,26,53,51,130,8,96,104,234
02/11/2000,MEI,MS,ASO,CE,Federal Contract Tower,0,26,29,79,134,0,0,0,15,15,0,26,29,94,149,10,96,106,255
02/12/2000,MEI,MS,ASO,CE,Federal Contract Tower,0,9,7,5,21,0,9,15,0,24,0,18,22,5,45,12,0,12,57
02/13/2000,MEI,MS,ASO,CE,Federal Contract Tower,0,17,8,31,56,0,11,0,0,11,0,28,8,31,67,0,0,0,67
02/14/2000,MEI,MS,ASO,CE,Federal Contract Tower,0,27,26,71,124,0,0,14,27,41,0,27,40,98,165,16,44,60,225
02/15/2000,MEI,MS,ASO,CE,Federal Contract Tower,0,30,30,80,140,0,0,13,30,43,0,30,43,110,183,20,72,92,275
02/16/2000,MEI,MS,ASO,CE,Federal Contract Tower,0,25,19,50,94,0,3,1,11,15,0,28,20,61,109,46,132,178,287
02/17/2000,MEI,MS,ASO,CE,Federal Contract Tower,0,24,18,43,85,0,3,19,0,22,0,27,37,43,107,6,72,78,185
02/18/2000,MEI,MS,ASO,CE,Federal Contract Tower,0,19,13,30,62,0,11,9,0,20,0,30,22,30,82,76,24,100,182
02/19/2000,MEI,MS,ASO,CE,Federal Contract Tower,0,7,5,3,15,0,14,17,0,31,0,21,22,3,46,8,0,8,54
02/20/2000,MEI,MS,ASO,CE,Federal Contract Tower,0,19,13,2,34,0,2,49,0,51,0,21,62,2,85,18,6,24,109
02/21/2000,MEI,MS,ASO,CE,Federal Contract Tower,0,13,8,9,30,0,13,43,0,56,0,26,51,9,86,92,0,92,178
02/22/2000,MEI,MS,ASO,CE,Federal Contract Tower,0,26,24,68,118,0,0,30,10,40,0,26,54,78,158,10,50,60,218
02/23/2000,MEI,MS,ASO,CE,Federal Contract Tower,0,23,16,39,78,0,5,12,0,17,0,28,28,39,95,18,64,82,177
02/24/2000,MEI,MS,ASO,CE,Federal Contract Tower,0,29,20,58,107,0,0,8,16,24,0,29,28,74,131,16,76,92,223
02/25/2000,MEI,MS,ASO,CE,Federal Contract Tower,0,28,24,67,119,0,0,3,26,29,0,28,27,93,148,8,24,32,180
02/26/2000,MEI,MS,ASO,CE,Federal Contract Tower,0,14,10,29,53,0,6,26,1,33,0,20,36,30,86,2,40,42,128
02/27/2000,MEI,MS,ASO,CE,Federal Contract Tower,0,19,14,40,73,0,5,64,25,94,0,24,78,65,167,92,50,142,309
02/28/2000,MEI,MS,ASO,CE,Federal Contract Tower,0,19,14,39,72,0,8,53,1,62,0,27,67,40,134,68,90,158,292
02/29/2000,MEI,MS,ASO,CE,Federal Contract Tower,0,27,24,68,119,0,0,16,44,60,0,27,40,112,179,104,98,202,381
03/01/2000,MEI,MS,ASO,CE,Federal Contract Tower,0,27,28,66,121,0,0,26,11,37,0,27,54,77,158,30,226,256,414
03/02/2000,MEI,MS,ASO,CE,Federal Contract Tower,0,29,27,52,108,0,0,21,6,27,0,29,48,58,135,12,46,58,193
03/03/2000,MEI,MS,ASO,CE,Federal Contract Tower,0,28,20,64,112,0,0,14,5,19,0,28,34,69,131,20,12,32,163
03/04/2000,MEI,MS,ASO,CE,Federal Contract Tower,0,21,7,1,29,0,0,16,10,26,0,21,23,11,55,12,44,56,111
03/05/2000,MEI,MS,ASO,CE,Federal Contract Tower,0,23,9,28,60,0,0,38,5,43,0,23,47,33,103,46,14,60,163
03/06/2000,MEI,MS,ASO,CE,Federal Contract Tower,0,26,6,83,115,0,0,14,3,17,0,26,20,86,132,40,152,192,324
03/07/2000,MEI,MS,ASO,CE,Federal Contract Tower,0,26,18,104,148,0,0,33,94,127,0,26,51,198,275,52,186,238,513
03/08/2000,MEI,MS,ASO,CE,Federal Contract Tower,0,27,20,59,106,0,0,45,70,115,0,27,65,129,221,16,138,154,375
03/09/2000,MEI,MS,ASO,CE,Federal Contract Tower,0,29,19,61,109,0,0,19,12,31,0,29,38,73,140,82,10,92,232
03/10/2000,MEI,MS,ASO,CE,Federal Contract Tower,0,29,16,55,100,0,0,16,13,29,0,29,32,68,129,34,40,74,203
03/11/2000,MEI,MS,ASO,CE,Federal Contract Tower,0,14,3,0,17,0,0,2,0,2,0,14,5,0,19,0,0,0,19
03/12/2000,MEI,MS,ASO,CE,Federal Contract Tower,0,24,24,29,77,0,0,37,3,40,0,24,61,32,117,18,38,56,173
03/13/2000,MEI,MS,ASO,CE,Federal Contract Tower,0,29,7,69,105,0,0,28,0,28,0,29,35,69,133,36,36,72,205
03/14/2000,MEI,MS,ASO,CE,Federal Contract Tower,0,29,28,85,142,0,0,18,15,33,0,29,46,100,175,42,88,130,305
03/15/2000,MEI,MS,ASO,CE,Federal Contract Tower,0,30,26,70,126,0,0,14,22,36,0,30,40,92,162,44,172,216,378
03/16/2000,MEI,MS,ASO,CE,Federal Contract Tower,0,27,15,56,98,0,0,5,23,28,0,27,20,79,126,6,60,66,192
03/17/2000,MEI,MS,ASO,CE,Federal Contract Tower,0,30,24,55,109,0,0,23,15,38,0,30,47,70,147,20,130,150,297
03/18/2000,MEI,MS,ASO,CE,Federal Contract Tower,0,20,7,0,27,0,0,5,5,10,0,20,12,5,37,0,18,18,55
03/19/2000,MEI,MS,ASO,CE,Federal Contract Tower,0,13,7,10,30,0,6,4,6,16,0,19,11,16,46,2,4,6,52
03/20/2000,MEI,MS,ASO,CE,Federal Contract Tower,0,26,8,108,142,0,0,21,4,25,0,26,29,112,167,14,128,142,309
03/21/2000,MEI,MS,ASO,CE,Federal Contract Tower,0,28,26,81,135,0,0,29,4,33,0,28,55,85,168,44,180,224,392
03/22/2000,MEI,MS,ASO,CE,Federal Contract Tower,0,29,26,109,164,0,0,52,0,52,0,29,78,109,216,32,184,216,432
03/23/2000,MEI,MS,ASO,CE,Federal Contract Tower,0,26,21,68,115,0,0,25,12,37,0,26,46,80,152,18,44,62,214
03/24/2000,MEI,MS,ASO,CE,Federal Contract Tower,0,28,14,111,153,0,0,29,11,40,0,28,43,122,193,46,120,166,359
03/25/2000,MEI,MS,ASO,CE,Federal Contract Tower,0,18,10,9,37,0,0,17,9,26,0,18,27,18,63,0,2,2,65
03/26/2000,MEI,MS,ASO,CE,Federal Contract Tower,0,25,16,35,76,0,0,20,26,46,0,25,36,61,122,62,54,116,238
03/27/2000,MEI,MS,ASO,CE,Federal Contract Tower,0,28,18,83,129,0,0,14,3,17,0,28,32,86,146,4,66,70,216
03/28/2000,MEI,MS,ASO,CE,Federal Contract Tower,0,21,7,30,58,0,6,38,45,89,0,27,45,75,147,52,152,204,351
03/29/2000,MEI,MS,ASO,CE,Federal Contract Tower,0,30,15,46,91,0,0,6,6,12,0,30,21,52,103,0,36,36,139
03/30/2000,MEI,MS,ASO,CE,Federal Contract Tower,0,32,23,91,146,0,0,10,4,14,0,32,33,95,160,48,156,204,364
03/31/2000,MEI,MS,ASO,CE,Federal Contract Tower,0,26,28,66,120,0,0,34,16,50,0,26,62,82,170,46,82,128,298
04/01/2000,MEI,MS,ASO,CE,Federal Contract Tower,0,7,7,8,22,0,9,16,0,25,0,16,23,8,47,18,24,42,89
04/02/2000,MEI,MS,ASO,CE,Federal Contract Tower,0,11,10,13,34,0,10,10,0,20,0,21,20,13,54,0,2,2,56
04/03/2000,MEI,MS,ASO,CE,Federal Contract Tower,0,6,7,1,14,0,16,1,0,17,0,22,8,1,31,0,3,3,34
04/04/2000,MEI,MS,ASO,CE,Federal Contract Tower,0,23,32,92,147,0,0,8,41,49,0,23,40,133,196,30,146,176,372
04/05/2000,MEI,MS,ASO,CE,Federal Contract Tower,0,21,26,76,123,0,0,10,27,37,0,21,36,103,160,12,70,82,242
04/06/2000,MEI,MS,ASO,CE,Federal Contract Tower,0,27,34,99,160,0,0,16,35,51,0,27,50,134,211,46,158,204,415
04/07/2000,MEI,MS,ASO,CE,Federal Contract Tower,0,28,28,82,138,0,0,6,15,21,0,28,34,97,159,0,106,106,265
04/08/2000,MEI,MS,ASO,CE,Federal Contract Tower,0,8,7,6,21,0,12,15,0,27,0,20,22,6,48,2,8,10,58
04/09/2000,MEI,MS,ASO,CE,Federal Contract Tower,0,18,16,46,80,0,2,14,6,22,0,20,30,52,102,24,26,50,152
04/10/2000,MEI,MS,ASO,CE,Federal Contract Tower,0,27,23,68,118,0,1,31,9,41,0,28,54,77,159,0,8,8,167
04/11/2000,MEI,MS,ASO,CE,Federal Contract Tower,0,25,34,101,160,0,0,16,23,39,0,25,50,124,199,32,104,136,335
04/12/2000,MEI,MS,ASO,CE,Federal Contract Tower,0,23,15,59,97,0,3,0,2,5,0,26,15,61,102,0,0,0,102
04/13/2000,MEI,MS,ASO,CE,Federal Contract Tower,0,26,23,66,115,0,3,14,1,18,0,29,37,67,133,0,4,4,137
04/14/2000,MEI,MS,ASO,CE,Federal Contract Tower,0,23,22,64,109,0,0,14,12,26,0,23,36,76,135,0,0,0,135
04/15/2000,MEI,MS,ASO,CE,Federal Contract Tower,0,16,15,10,41,0,4,27,0,31,0,20,42,10,72,28,18,46,118
04/16/2000,MEI,MS,ASO,CE,Federal Contract Tower,0,21,19,46,86,0,0,13,0,13,0,21,32,46,99,24,21,45,144
04/17/2000,MEI,MS,ASO,CE,Federal Contract Tower,0,30,42,128,200,0,0,16,3,19,0,30,58,131,219,66,172,238,457
04/18/2000,MEI,MS,ASO,CE,Federal Contract Tower,0,27,29,70,126,0,0,26,0,26,0,27,55,70,152,50,168,218,370
04/19/2000,MEI,MS,ASO,CE,Federal Contract Tower,0,26,28,86,140,0,0,31,6,37,0,26,59,92,177,26,144,170,347
04/20/2000,MEI,MS,ASO,CE,Federal Contract Tower,0,23,20,60,103,0,6,27,6,39,0,29,47,66,142,16,170,186,328
04/21/2000,MEI,MS,ASO,CE,Federal Contract Tower,0,21,17,53,91,0,6,25,5,36,0,27,42,58,127,22,124,146,273
04/22/2000,MEI,MS,ASO,CE,Federal Contract Tower,0,5,4,0,9,0,1,50,0,51,0,6,54,0,60,49,0,49,109
04/23/2000,MEI,MS,ASO,CE,Federal Contract Tower,0,11,8,4,23,0,18,20,0,38,0,29,28,4,61,0,0,0,61
04/24/2000,MEI,MS,ASO,CE,Federal Contract Tower,0,29,24,75,128,0,0,2,7,9,0,29,26,82,137,0,6,6,143
04/25/2000,MEI,MS,ASO,CE,Federal Contract Tower,0,27,31,95,153,0,0,7,46,53,0,27,38,141,206,0,134,134,340
04/26/2000,MEI,MS,ASO,CE,Federal Contract Tower,0,0,26,79,105,0,0,15,24,39,0,0,41,103,144,44,142,186,330
04/27/2000,MEI,MS,ASO,CE,Federal Contract Tower,0,26,26,80,132,0,0,14,25,39,0,26,40,105,171,40,172,212,383
04/28/2000,MEI,MS,ASO,CE,Federal Contract Tower,0,26,25,75,126,0,0,4,17,21,0,26,29,92,147,2,146,148,295
04/29/2000,MEI,MS,ASO,CE,Federal Contract Tower,0,8,7,19,34,0,13,33,0,46,0,21,40,19,80,22,6,28,108
04/30/2000,MEI,MS,ASO,CE,Federal Contract Tower,0,21,25,75,121,0,0,24,3,27,0,21,49,78,148,70,80,150,298
05/01/2000,MEI,MS,ASO,CE,Federal Contract Tower,0,27,34,98,159,0,0,0,0,0,0,27,34,98,159,30,74,104,263
05/02/2000,MEI,MS,ASO,CE,Federal Contract Tower,0,25,43,94,162,0,0,0,0,0,0,25,43,94,162,6,60,66,228
05/03/2000,MEI,MS,ASO,CE,Federal Contract Tower,0,25,25,94,144,0,1,0,0,1,0,26,25,94,145,0,64,64,209
05/04/2000,MEI,MS,ASO,CE,Federal Contract Tower,0,25,21,162,208,0,0,0,0,0,0,25,21,162,208,4,97,101,309
05/05/2000,MEI,MS,ASO,CE,Federal Contract Tower,0,21,29,72,122,0,5,0,0,5,0,26,29,72,127,0,50,50,177
05/06/2000,MEI,MS,ASO,CE,Federal Contract Tower,0,15,30,8,53,0,7,18,0,25,0,22,48,8,78,50,0,50,128
05/07/2000,MEI,MS,ASO,CE,Federal Contract Tower,0,9,16,26,51,0,9,11,0,20,0,18,27,26,71,0,0,0,71
05/08/2000,MEI,MS,ASO,CE,Federal Contract Tower,0,23,42,71,136,0,0,0,0,0,0,23,42,71,136,12,110,122,258
05/09/2000,MEI,MS,ASO,CE,Federal Contract Tower,0,24,54,96,174,0,0,0,0,0,0,24,54,96,174,40,152,192,366
05/10/2000,MEI,MS,ASO,CE,Federal Contract Tower,0,26,32,70,128,0,4,0,0,4,0,30,32,70,132,4,85,89,221
05/11/2000,MEI,MS,ASO,CE,Federal Contract Tower,0,26,54,50,130,0,0,15,0,15,0,26,69,50,145,8,76,84,229
05/12/2000,MEI,MS,ASO,CE,Federal Contract Tower,0,27,50,38,115,0,0,0,0,0,0,27,50,38,115,42,94,136,251
05/13/2000,MEI,MS,ASO,CE,Federal Contract Tower,0,19,38,25,82,0,0,5,0,5,0,19,43,25,87,62,12,74,161
05/14/2000,MEI,MS,ASO,CE,Federal Contract Tower,0,20,32,55,107,0,1,0,0,1,0,21,32,55,108,0,62,62,170
05/15/2000,MEI,MS,ASO,CE,Federal Contract Tower,0,28,32,97,157,0,0,0,0,0,0,28,32,97,157,8,94,102,259
05/16/2000,MEI,MS,ASO,CE,Federal Contract Tower,0,26,48,89,163,0,0,0,0,0,0,26,48,89,163,34,218,252,415
05/17/2000,MEI,MS,ASO,CE,Federal Contract Tower,0,26,39,82,147,0,0,0,0,0,0,26,39,82,147,0,112,112,259
05/18/2000,MEI,MS,ASO,CE,Federal Contract Tower,0,29,38,99,166,0,0,0,0,0,0,29,38,99,166,2,98,100,266
05/19/2000,MEI,MS,ASO,CE,Federal Contract Tower,0,18,16,57,91,0,9,0,0,9,0,27,16,57,100,8,52,60,160
05/20/2000,MEI,MS,ASO,CE,Federal Contract Tower,0,8,11,8,27,0,7,0,0,7,0,15,11,8,34,24,12,36,70
05/21/2000,MEI,MS,ASO,CE,Federal Contract Tower,0,12,26,46,84,0,10,5,0,15,0,22,31,46,99,0,8,8,107
05/22/2000,MEI,MS,ASO,CE,Federal Contract Tower,0,20,26,74,120,0,9,0,0,9,0,29,26,74,129,8,42,50,179
05/23/2000,MEI,MS,ASO,CE,Federal Contract Tower,0,20,42,64,126,0,7,5,0,12,0,27,47,64,138,4,32,36,174
05/24/2000,MEI,MS,ASO,CE,Federal Contract Tower,0,26,39,71,136,0,0,0,0,0,0,26,39,71,136,4,286,290,426
05/25/2000,MEI,MS,ASO,CE,Federal Contract Tower,0,25,47,81,153,0,0,0,0,0,0,25,47,81,153,8,218,226,379
05/26/2000,MEI,MS,ASO,CE,Federal Contract Tower,0,15,13,51,79,0,11,0,0,11,0,26,13,51,90,28,16,44,134
05/27/2000,MEI,MS,ASO,CE,Federal Contract Tower,0,6,15,6,27,0,13,13,0,26,0,19,28,6,53,6,0,6,59
05/28/2000,MEI,MS,ASO,CE,Federal Contract Tower,0,5,11,2,18,0,15,11,0,26,0,20,22,2,44,0,0,0,44
05/29/2000,MEI,MS,ASO,CE,Federal Contract Tower,0,12,25,8,45,0,14,21,0,35,0,26,46,8,80,26,0,26,106
05/30/2000,MEI,MS,ASO,CE,Federal Contract Tower,0,25,33,119,177,0,0,0,0,0,0,25,33,119,177,10,90,100,277
05/31/2000,MEI,MS,ASO,CE,Federal Contract Tower,0,23,37,66,126,0,3,0,0,3,0,26,37,66,129,22,50,72,201
06/01/2000,MEI,MS,ASO,CE,Federal Contract Tower,0,20,34,108,162,0,0,0,0,0,0,20,34,108,162,56,48,104,266
06/02/2000,MEI,MS,ASO,CE,Federal Contract Tower,0,18,41,84,143,0,3,0,0,3,0,21,41,84,146,28,38,66,212
06/03/2000,MEI,MS,ASO,CE,Federal Contract Tower,0,10,35,5,50,0,9,0,0,9,0,19,35,5,59,62,0,62,121
06/04/2000,MEI,MS,ASO,CE,Federal Contract Tower,0,9,30,29,68,0,9,11,0,20,0,18,41,29,88,10,2,12,100
06/05/2000,MEI,MS,ASO,CE,Federal Contract Tower,0,9,11,34,54,0,10,0,0,10,0,19,11,34,64,40,0,40,104
06/06/2000,MEI,MS,ASO,CE,Federal Contract Tower,0,22,60,125,207,0,0,0,0,0,0,22,60,125,207,32,166,198,405
06/07/2000,MEI,MS,ASO,CE,Federal Contract Tower,0,23,42,50,115,0,0,0,0,0,0,23,42,50,115,200,154,354,469
06/08/2000,MEI,MS,ASO,CE,Federal Contract Tower,0,28,52,82,162,0,0,0,0,0,0,28,52,82,162,24,156,180,342
06/09/2000,MEI,MS,ASO,CE,Federal Contract Tower,0,14,31,66,111,0,7,0,0,7,0,21,31,66,118,14,40,54,172
06/10/2000,MEI,MS,ASO,CE,Federal Contract Tower,0,8,29,13,50,0,9,6,0,15,0,17,35,13,65,26,5,31,96
06/11/2000,MEI,MS,ASO,CE,Federal Contract Tower,0,9,32,25,66,0,8,7,0,15,0,17,39,25,81,24,0,24,105
06/12/2000,MEI,MS,ASO,CE,Federal Contract Tower,0,21,40,69,130,0,0,0,0,0,0,21,40,69,130,42,92,134,264
06/13/2000,MEI,MS,ASO,CE,Federal Contract Tower,0,22,26,128,176,0,0,0,0,0,0,22,26,128,176,24,208,232,408
06/14/2000,MEI,MS,ASO,CE,Federal Contract Tower,0,21,27,91,139,0,0,0,0,0,0,21,27,91,139,0,148,148,287
06/15/2000,MEI,MS,ASO,CE,Federal Contract Tower,0,20,31,60,111,0,0,0,0,0,0,20,31,60,111,42,136,178,289
06/16/2000,MEI,MS,ASO,CE,Federal Contract Tower,0,19,31,70,120,0,1,0,0,1,0,20,31,70,121,36,76,112,233
06/17/2000,MEI,MS,ASO,CE,Federal Contract Tower,0,12,44,24,80,0,6,0,0,6,0,18,44,24,86,32,40,72,158
06/18/2000,MEI,MS,ASO,CE,Federal Contract Tower,0,7,26,30,63,0,12,0,0,12,0,19,26,30,75,20,0,20,95
06/19/2000,MEI,MS,ASO,CE,Federal Contract Tower,0,12,27,42,81,0,4,0,0,4,0,16,27,42,85,22,50,72,157
06/20/2000,MEI,MS,ASO,CE,Federal Contract Tower,0,17,28,103,148,0,7,0,0,7,0,24,28,103,155,34,24,58,213
06/21/2000,MEI,MS,ASO,CE,Federal Contract Tower,0,19,44,52,115,0,0,0,0,0,0,19,44,52,115,22,208,230,345
06/22/2000,MEI,MS,ASO,CE,Federal Contract Tower,0,21,52,101,174,0,0,0,0,0,0,21,52,101,174,64,168,232,406
06/23/2000,MEI,MS,ASO,CE,Federal Contract Tower,0,21,44,81,146,0,0,0,0,0,0,21,44,81,146,64,108,172,318
06/24/2000,MEI,MS,ASO,CE,Federal Contract Tower,0,6,23,14,43,0,11,16,0,27,0,17,39,14,70,4,0,4,74
06/25/2000,MEI,MS,ASO,CE,Federal Contract Tower,0,6,25,23,54,0,10,5,0,15,0,16,30,23,69,8,0,8,77
06/26/2000,MEI,MS,ASO,CE,Federal Contract Tower,0,21,40,120,181,0,0,0,0,0,0,21,40,120,181,50,182,232,413
06/27/2000,MEI,MS,ASO,CE,Federal Contract Tower,0,24,22,165,211,0,0,0,0,0,0,24,22,165,211,22,104,126,337
06/28/2000,MEI,MS,ASO,CE,Federal Contract Tower,0,20,50,108,178,0,0,0,0,0,0,20,50,108,178,32,106,138,316
06/29/2000,MEI,MS,ASO,CE,Federal Contract Tower,0,24,59,99,182,0,0,0,0,0,0,24,59,99,182,54,74,128,310
06/30/2000,MEI,MS,ASO,CE,Federal Contract Tower,0,22,54,79,155,0,0,0,0,0,0,22,54,79,155,80,208,288,443
07/01/2000,MEI,MS,ASO,CE,Federal Contract Tower,0,6,24,2,32,0,12,26,0,38,0,18,50,2,70,18,0,18,88
07/02/2000,MEI,MS,ASO,CE,Federal Contract Tower,0,5,22,0,27,0,12,19,0,31,0,17,41,0,58,12,0,12,70
07/03/2000,MEI,MS,ASO,CE,Federal Contract Tower,0,5,20,6,31,0,15,13,0,28,0,20,33,6,59,0,6,6,65
07/04/2000,MEI,MS,ASO,CE,Federal Contract Tower,0,8,36,28,72,0,11,26,0,37,0,19,62,28,109,0,6,6,115
07/05/2000,MEI,MS,ASO,CE,Federal Contract Tower,0,21,58,116,195,0,0,0,0,0,0,21,58,116,195,98,244,342,537
07/06/2000,MEI,MS,ASO,CE,Federal Contract Tower,0,19,54,134,207,0,0,0,0,0,0,19,54,134,207,30,200,230,437
07/07/2000,MEI,MS,ASO,CE,Federal Contract Tower,0,22,48,79,149,0,0,0,0,0,0,22,48,79,149,56,130,186,335
07/08/2000,MEI,MS,ASO,CE,Federal Contract Tower,0,16,44,45,105,0,3,0,0,3,0,19,44,45,108,48,84,132,240
07/09/2000,MEI,MS,ASO,CE,Federal Contract Tower,0,10,34,35,79,0,8,0,0,8,0,18,34,35,87,54,0,54,141
07/10/2000,MEI,MS,ASO,CE,Federal Contract Tower,0,23,61,145,229,0,0,0,0,0,0,23,61,145,229,46,152,198,427
07/11/2000,MEI,MS,ASO,CE,Federal Contract Tower,0,19,48,156,223,0,0,0,0,0,0,19,48,156,223,88,162,250,473
07/12/2000,MEI,MS,ASO,CE,Federal Contract Tower,0,21,32,115,168,0,0,0,0,0,0,21,32,115,168,42,118,160,328
07/13/2000,MEI,MS,ASO,CE,Federal Contract Tower,0,24,77,85,186,0,0,0,0,0,0,24,77,85,186,100,90,190,376
07/14/2000,MEI,MS,ASO,CE,Federal Contract Tower,0,21,47,108,176,0,0,0,0,0,0,21,47,108,176,22,138,160,336
07/15/2000,MEI,MS,ASO,CE,Federal Contract Tower,0,7,29,9,45,0,12,0,0,12,0,19,29,9,57,34,24,58,115
07/16/2000,MEI,MS,ASO,CE,Federal Contract Tower,0,16,31,125,172,0,0,0,0,0,0,16,31,125,172,46,86,132,304
07/17/2000,MEI,MS,ASO,CE,Federal Contract Tower,0,22,28,120,170,0,0,0,0,0,0,22,28,120,170,66,188,254,424
07/18/2000,MEI,MS,ASO,CE,Federal Contract Tower,0,21,65,141,227,0,5,0,0,5,0,26,65,141,232,32,58,90,322
07/19/2000,MEI,MS,ASO,CE,Federal Contract Tower,0,22,53,148,223,0,0,0,0,0,0,22,53,148,223,38,122,160,383
07/20/2000,MEI,MS,ASO,CE,Federal Contract Tower,0,17,46,86,149,0,4,0,0,4,0,21,46,86,153,44,76,120,273
07/21/2000,MEI,MS,ASO,CE,Federal Contract Tower,0,21,42,117,180,0,0,0,0,0,0,21,42,117,180,58,102,160,340
07/22/2000,MEI,MS,ASO,CE,Federal Contract Tower,0,10,35,14,59,0,9,0,0,9,0,19,35,14,68,82,14,96,164
07/23/2000,MEI,MS,ASO,CE,Federal Contract Tower,0,8,29,28,65,0,7,0,0,7,0,15,29,28,72,52,0,52,124
07/24/2000,MEI,MS,ASO,CE,Federal Contract Tower,0,23,29,134,186,0,0,0,0,0,0,23,29,134,186,66,138,204,390
07/25/2000,MEI,MS,ASO,CE,Federal Contract Tower,0,22,56,178,256,0,0,0,0,0,0,22,56,178,256,94,260,354,610
07/26/2000,MEI,MS,ASO,CE,Federal Contract Tower,0,21,43,81,145,0,0,0,0,0,0,21,43,81,145,80,132,212,357
07/27/2000,MEI,MS,ASO,CE,Federal Contract Tower,0,22,46,120,188,0,0,0,0,0,0,22,46,120,188,36,184,220,408
07/28/2000,MEI,MS,ASO,CE,Federal Contract Tower,0,22,62,106,190,0,0,0,0,0,0,22,62,106,190,158,182,340,530
07/29/2000,MEI,MS,ASO,CE,Federal Contract Tower,0,16,18,33,67,0,1,0,0,1,0,17,18,33,68,102,74,176,244
07/30/2000,MEI,MS,ASO,CE,Federal Contract Tower,0,9,24,23,56,0,10,0,0,10,0,19,24,23,66,12,70,82,148
07/31/2000,MEI,MS,ASO,CE,Federal Contract Tower,0,19,30,180,229,0,0,0,0,0,0,19,30,180,229,38,180,218,447
08/01/2000,MEI,MS,ASO,CE,Federal Contract Tower,0,15,23,8,46,0,0,0,0,0,0,15,23,8,46,18,24,42,88
08/02/2000,MEI,MS,ASO,CE,Federal Contract Tower,0,21,20,13,54,0,0,0,0,0,0,21,20,13,54,0,2,2,56
08/03/2000,MEI,MS,ASO,CE,Federal Contract Tower,0,22,8,1,31,0,0,0,0,0,0,22,8,1,31,0,3,3,34
08/04/2000,MEI,MS,ASO,CE,Federal Contract Tower,0,23,40,133,196,0,0,0,0,0,0,23,40,133,196,30,146,176,372
08/05/2000,MEI,MS,ASO,CE,Federal Contract Tower,0,21,35,103,159,0,0,0,0,0,0,21,35,103,159,12,70,82,241
08/06/2000,MEI,MS,ASO,CE,Federal Contract Tower,0,23,50,134,207,0,4,0,0,4,0,27,50,134,211,46,158,204,415
08/07/2000,MEI,MS,ASO,CE,Federal Contract Tower,0,23,34,97,154,0,5,0,0,5,0,28,34,97,159,0,106,106,265
08/08/2000,MEI,MS,ASO,CE,Federal Contract Tower,0,20,22,6,48,0,0,0,0,0,0,20,22,6,48,2,8,10,58
08/09/2000,MEI,MS,ASO,CE,Federal Contract Tower,0,20,30,52,102,0,0,0,0,0,0,20,30,52,102,24,26,50,152
08/10/2000,MEI,MS,ASO,CE,Federal Contract Tower,0,23,54,77,154,0,5,0,0,5,0,28,54,77,159,0,8,8,167
08/11/2000,MEI,MS,ASO,CE,Federal Contract Tower,0,23,50,124,197,0,2,0,0,2,0,25,50,124,199,32,104,136,335
08/12/2000,MEI,MS,ASO,CE,Federal Contract Tower,0,23,15,61,99,0,3,0,0,3,0,26,15,61,102,0,0,0,102
08/13/2000,MEI,MS,ASO,CE,Federal Contract Tower,0,23,37,67,127,0,6,0,0,6,0,29,37,67,133,0,4,4,137
08/14/2000,MEI,MS,ASO,CE,Federal Contract Tower,0,23,36,76,135,0,0,0,0,0,0,23,36,76,135,0,0,0,135
08/15/2000,MEI,MS,ASO,CE,Federal Contract Tower,0,20,42,10,72,0,0,0,0,0,0,20,42,10,72,28,18,46,118
08/16/2000,MEI,MS,ASO,CE,Federal Contract Tower,0,21,32,46,99,0,0,0,0,0,0,21,32,46,99,24,21,45,144
08/17/2000,MEI,MS,ASO,CE,Federal Contract Tower,0,23,57,131,211,0,7,1,0,8,0,30,58,131,219,66,172,238,457
08/18/2000,MEI,MS,ASO,CE,Federal Contract Tower,0,23,55,70,148,0,4,0,0,4,0,27,55,70,152,50,168,218,370
08/19/2000,MEI,MS,ASO,CE,Federal Contract Tower,0,23,56,92,171,0,3,3,0,6,0,26,59,92,177,28,144,172,349
08/20/2000,MEI,MS,ASO,CE,Federal Contract Tower,0,23,47,66,136,0,6,0,0,6,0,29,47,66,142,16,170,186,328
08/21/2000,MEI,MS,ASO,CE,Federal Contract Tower,0,23,42,58,123,0,4,0,0,4,0,27,42,58,127,22,124,146,273
08/22/2000,MEI,MS,ASO,CE,Federal Contract Tower,0,6,54,0,60,0,0,0,0,0,0,6,54,0,60,49,0,49,109
08/23/2000,MEI,MS,ASO,CE,Federal Contract Tower,0,23,28,4,55,0,6,0,0,6,0,29,28,4,61,0,0,0,61
08/24/2000,MEI,MS,ASO,CE,Federal Contract Tower,0,23,26,82,131,0,6,0,0,6,0,29,26,82,137,0,6,6,143
08/25/2000,MEI,MS,ASO,CE,Federal Contract Tower,0,23,38,137,198,0,4,0,4,8,0,27,38,141,206,0,134,134,340
08/26/2000,MEI,MS,ASO,CE,Federal Contract Tower,0,0,41,103,144,0,0,0,0,0,0,0,41,103,144,44,142,186,330
08/27/2000,MEI,MS,ASO,CE,Federal Contract Tower,0,22,40,105,167,0,4,0,0,4,0,26,40,105,171,40,172,212,383
08/28/2000,MEI,MS,ASO,CE,Federal Contract Tower,0,22,29,92,143,0,4,0,0,4,0,26,29,92,147,2,146,148,295
08/29/2000,MEI,MS,ASO,CE,Federal Contract Tower,0,21,40,19,80,0,0,0,0,0,0,21,40,19,80,22,6,28,108
08/30/2000,MEI,MS,ASO,CE,Federal Contract Tower,0,21,48,79,148,0,0,0,0,0,0,21,48,79,148,70,80,150,298
09/01/2000,MEI,MS,ASO,CE,Federal Contract Tower,0,20,29,82,131,0,0,30,12,42,0,20,59,94,173,42,70,112,285
09/02/2000,MEI,MS,ASO,CE,Federal Contract Tower,0,6,5,0,11,0,12,28,0,40,0,18,33,0,51,32,0,32,83
09/03/2000,MEI,MS,ASO,CE,Federal Contract Tower,0,5,5,1,11,0,9,30,0,39,0,14,35,1,50,27,0,27,77
09/04/2000,MEI,MS,ASO,CE,Federal Contract Tower,0,8,8,9,25,0,13,25,0,38,0,21,33,9,63,2,0,2,65
09/05/2000,MEI,MS,ASO,CE,Federal Contract Tower,0,22,26,72,120,0,0,14,13,27,0,22,40,85,147,38,196,234,381
09/06/2000,MEI,MS,ASO,CE,Federal Contract Tower,0,26,35,99,160,0,0,0,31,31,0,26,35,130,191,16,76,92,283
09/07/2000,MEI,MS,ASO,CE,Federal Contract Tower,0,22,28,79,129,0,0,1,7,8,0,22,29,86,137,0,0,0,137
09/08/2000,MEI,MS,ASO,CE,Federal Contract Tower,0,18,17,33,68,0,4,15,0,19,0,22,32,33,87,0,6,6,93
09/09/2000,MEI,MS,ASO,CE,Federal Contract Tower,0,7,7,17,31,0,11,1,0,12,0,18,8,17,43,16,98,114,157
09/10/2000,MEI,MS,ASO,CE,Federal Contract Tower,0,17,17,46,80,0,0,43,9,52,0,17,60,55,132,48,16,64,196
09/11/2000,MEI,MS,ASO,CE,Federal Contract Tower,0,23,25,69,117,0,0,20,15,35,0,23,45,84,152,22,104,126,278
09/12/2000,MEI,MS,ASO,CE,Federal Contract Tower,0,17,17,47,81,0,3,13,2,18,0,20,30,49,99,13,26,39,138
09/13/2000,MEI,MS,ASO,CE,Federal Contract Tower,0,23,25,68,116,0,0,7,11,18,0,23,32,79,134,26,44,70,204
09/14/2000,MEI,MS,ASO,CE,Federal Contract Tower,0,22,33,93,148,0,0,26,29,55,0,22,59,122,203,64,118,182,385
09/15/2000,MEI,MS,ASO,CE,Federal Contract Tower,0,21,26,72,119,0,0,13,31,44,0,21,39,103,163,24,79,103,266
09/16/2000,MEI,MS,ASO,CE,Federal Contract Tower,0,14,15,17,46,0,3,58,0,61,0,17,73,17,107,56,29,85,192
09/17/2000,MEI,MS,ASO,CE,Federal Contract Tower,0,11,13,27,51,0,7,22,0,29,0,18,35,27,80,44,0,44,124
09/18/2000,MEI,MS,ASO,CE,Federal Contract Tower,0,24,35,99,158,0,0,15,35,50,0,24,50,134,208,62,120,182,390
09/19/2000,MEI,MS,ASO,CE,Federal Contract Tower,0,24,39,109,172,0,0,24,40,64,0,24,63,149,236,67,124,191,427
09/20/2000,MEI,MS,ASO,CE,Federal Contract Tower,0,26,29,82,137,0,0,25,12,37,0,26,54,94,174,29,20,49,223
09/21/2000,MEI,MS,ASO,CE,Federal Contract Tower,0,23,26,73,122,0,0,17,5,22,0,23,43,78,144,36,4,40,184
09/22/2000,MEI,MS,ASO,CE,Federal Contract Tower,0,20,24,73,117,0,0,0,26,26,0,20,24,99,143,44,72,116,259
09/23/2000,MEI,MS,ASO,CE,Federal Contract Tower,0,5,5,15,25,0,13,12,1,26,0,18,17,16,51,30,4,34,85
09/24/2000,MEI,MS,ASO,CE,Federal Contract Tower,0,16,16,34,66,0,2,35,0,37,0,18,51,34,103,42,0,42,145
09/25/2000,MEI,MS,ASO,CE,Federal Contract Tower,0,20,21,81,122,0,0,0,17,17,0,20,21,98,139,0,0,0,139
09/26/2000,MEI,MS,ASO,CE,Federal Contract Tower,0,22,27,75,124,0,0,13,15,28,0,22,40,90,152,66,60,126,278
09/27/2000,MEI,MS,ASO,CE,Federal Contract Tower,0,23,30,86,139,0,0,43,3,46,0,23,73,89,185,108,110,218,403
09/28/2000,MEI,MS,ASO,CE,Federal Contract Tower,0,22,26,61,109,0,0,39,0,39,0,22,65,61,148,10,22,32,180
09/29/2000,MEI,MS,ASO,CE,Federal Contract Tower,0,15,15,35,65,0,6,47,0,53,0,21,62,35,118,16,10,26,144
09/30/2000,MEI,MS,ASO,CE,Federal Contract Tower,0,5,5,0,10,0,14,35,0,49,0,19,40,0,59,20,0,20,79
10/01/2000,MEI,MS,ASO,CE,Federal Contract Tower,0,6,6,3,15,0,15,48,0,63,0,21,54,3,78,54,0,54,132
10/02/2000,MEI,MS,ASO,CE,Federal Contract Tower,0,20,15,65,100,0,3,7,11,21,0,23,22,76,121,56,182,238,359
10/03/2000,MEI,MS,ASO,CE,Federal Contract Tower,0,27,22,93,142,0,0,11,24,35,0,27,33,117,177,46,96,142,319
10/04/2000,MEI,MS,ASO,CE,Federal Contract Tower,0,25,25,108,158,0,0,15,27,42,0,25,40,135,200,50,200,250,450
10/05/2000,MEI,MS,ASO,CE,Federal Contract Tower,0,19,20,84,123,0,0,51,20,71,0,19,71,104,194,42,188,230,424
10/06/2000,MEI,MS,ASO,CE,Federal Contract Tower,0,19,14,42,75,0,11,5,0,16,0,30,19,42,91,0,0,0,91
10/07/2000,MEI,MS,ASO,CE,Federal Contract Tower,0,9,6,6,21,0,12,31,0,43,0,21,37,6,64,32,6,38,102
10/08/2000,MEI,MS,ASO,CE,Federal Contract Tower,0,16,13,52,81,0,1,8,4,13,0,17,21,56,94,10,18,28,122
10/09/2000,MEI,MS,ASO,CE,Federal Contract Tower,0,9,8,12,29,0,12,26,0,38,0,21,34,12,67,31,0,31,98
10/10/2000,MEI,MS,ASO,CE,Federal Contract Tower,0,22,18,74,114,0,0,34,22,56,0,22,52,96,170,22,184,206,376
10/11/2000,MEI,MS,ASO,CE,Federal Contract Tower,0,23,20,84,127,0,0,18,13,31,0,23,38,97,158,62,94,156,314
10/12/2000,MEI,MS,ASO,CE,Federal Contract Tower,0,23,18,73,114,0,0,45,0,45,0,23,63,73,159,4,224,228,387
10/13/2000,MEI,MS,ASO,CE,Federal Contract Tower,0,20,18,77,115,0,0,32,83,115,0,20,50,160,230,36,164,200,430
10/14/2000,MEI,MS,ASO,CE,Federal Contract Tower,0,8,6,25,39,0,14,42,16,72,0,22,48,41,111,56,98,154,265
10/15/2000,MEI,MS,ASO,CE,Federal Contract Tower,0,17,13,55,85,0,2,62,10,74,0,19,75,65,159,4,47,51,210
10/16/2000,MEI,MS,ASO,CE,Federal Contract Tower,0,15,12,39,66,0,10,35,0,45,0,25,47,39,111,44,54,98,209
10/17/2000,MEI,MS,ASO,CE,Federal Contract Tower,0,21,20,85,126,0,0,15,23,38,0,21,35,108,164,20,156,176,340
10/18/2000,MEI,MS,ASO,CE,Federal Contract Tower,0,22,23,103,148,0,0,5,30,35,0,22,28,133,183,14,168,182,365
10/19/2000,MEI,MS,ASO,CE,Federal Contract Tower,0,26,24,105,155,0,0,21,23,44,0,26,45,128,199,20,92,112,311
10/20/2000,MEI,MS,ASO,CE,Federal Contract Tower,0,25,27,120,172,0,0,22,56,78,0,25,49,176,250,26,134,160,410
10/21/2000,MEI,MS,ASO,CE,Federal Contract Tower,0,9,7,20,36,0,8,33,0,41,0,17,40,20,77,34,22,56,133
10/22/2000,MEI,MS,ASO,CE,Federal Contract Tower,0,11,7,34,52,0,9,38,3,50,0,20,45,37,102,38,14,52,154
10/23/2000,MEI,MS,ASO,CE,Federal Contract Tower,0,21,18,82,121,0,0,13,30,43,0,21,31,112,164,50,206,256,420
10/24/2000,MEI,MS,ASO,CE,Federal Contract Tower,0,19,23,101,143,0,0,10,31,41,0,19,33,132,184,5,114,119,303
10/25/2000,MEI,MS,ASO,CE,Federal Contract Tower,0,26,31,136,193,0,0,32,46,78,0,26,63,182,271,38,186,224,495
10/26/2000,MEI,MS,ASO,CE,Federal Contract Tower,0,25,26,116,167,0,0,19,17,36,0,25,45,133,203,22,188,210,413
10/27/2000,MEI,MS,ASO,CE,Federal Contract Tower,0,20,15,66,101,0,3,41,6,50,0,23,56,72,151,12,104,116,267
10/28/2000,MEI,MS,ASO,CE,Federal Contract Tower,0,6,4,21,31,0,16,35,8,59,0,22,39,29,90,2,86,88,178
10/29/2000,MEI,MS,ASO,CE,Federal Contract Tower,0,12,8,37,57,0,7,33,21,61,0,19,41,58,118,0,82,82,200
10/30/2000,MEI,MS,ASO,CE,Federal Contract Tower,0,22,24,105,151,0,0,12,27,39,0,22,36,132,190,14,230,244,434
10/31/2000,MEI,MS,ASO,CE,Federal Contract Tower,0,25,19,86,130,0,0,41,0,41,0,25,60,86,171,16,188,204,375
11/01/2000,MEI,MS,ASO,CE,Federal Contract Tower,0,22,36,120,178,0,0,37,54,91,0,22,73,174,269,26,212,238,507
11/02/2000,MEI,MS,ASO,CE,Federal Contract Tower,0,22,23,77,122,0,0,7,18,25,0,22,30,95,147,18,100,118,265
11/03/2000,MEI,MS,ASO,CE,Federal Contract Tower,0,18,21,68,107,0,0,26,6,32,0,18,47,74,139,48,98,146,285
11/04/2000,MEI,MS,ASO,CE,Federal Contract Tower,0,9,8,25,42,0,9,16,4,29,0,18,24,29,71,40,64,104,175
11/05/2000,MEI,MS,ASO,CE,Federal Contract Tower,0,12,11,21,44,0,10,7,0,17,0,22,18,21,61,0,0,0,61
11/06/2000,MEI,MS,ASO,CE,Federal Contract Tower,0,18,16,37,71,0,1,16,0,17,0,19,32,37,88,0,26,26,114
11/07/2000,MEI,MS,ASO,CE,Federal Contract Tower,0,21,22,72,115,0,0,15,16,31,0,21,37,88,146,50,154,204,350
11/08/2000,MEI,MS,ASO,CE,Federal Contract Tower,0,10,9,28,47,0,5,5,20,30,0,15,14,48,77,0,20,20,97
11/09/2000,MEI,MS,ASO,CE,Federal Contract Tower,0,12,10,32,54,0,9,18,42,69,0,21,28,74,123,52,90,142,265
11/10/2000,MEI,MS,ASO,CE,Federal Contract Tower,0,23,21,32,76,0,0,48,0,48,0,23,69,32,124,24,4,28,152
11/11/2000,MEI,MS,ASO,CE,Federal Contract Tower,0,10,8,11,29,0,7,50,0,57,0,17,58,11,86,44,4,48,134
11/12/2000,MEI,MS,ASO,CE,Federal Contract Tower,0,9,9,15,33,0,12,42,0,54,0,21,51,15,87,6,6,12,99
11/13/2000,MEI,MS,ASO,CE,Federal Contract Tower,0,22,19,73,114,0,0,0,26,26,0,22,19,99,140,5,84,89,229
11/14/2000,MEI,MS,ASO,CE,Federal Contract Tower,0,26,24,78,128,0,0,25,25,50,0,26,49,103,178,60,224,284,462
11/15/2000,MEI,MS,ASO,CE,Federal Contract Tower,0,25,35,116,176,0,0,13,31,44,0,25,48,147,220,0,218,218,438
11/16/2000,MEI,MS,ASO,CE,Federal Contract Tower,0,15,13,37,65,0,5,3,0,8,0,20,16,37,73,0,0,0,73
11/17/2000,MEI,MS,ASO,CE,Federal Contract Tower,0,25,23,76,124,0,0,16,77,93,0,25,39,153,217,10,194,204,421
11/18/2000,MEI,MS,ASO,CE,Federal Contract Tower,0,5,3,3,11,0,11,3,0,14,0,16,6,3,25,0,8,8,33
11/19/2000,MEI,MS,ASO,CE,Federal Contract Tower,0,18,17,60,95,0,0,5,11,16,0,18,22,71,111,32,74,106,217
11/20/2000,MEI,MS,ASO,CE,Federal Contract Tower,0,23,26,89,138,0,0,60,16,76,0,23,86,105,214,32,142,174,388
11/21/2000,MEI,MS,ASO,CE,Federal Contract Tower,0,21,31,105,157,0,0,23,29,52,0,21,54,134,209,20,97,117,326
11/22/2000,MEI,MS,ASO,CE,Federal Contract Tower,0,21,19,50,90,0,5,37,0,42,0,26,56,50,132,12,142,154,286
11/23/2000,MEI,MS,ASO,CE,Federal Contract Tower,0,4,3,0,7,0,12,5,0,17,0,16,8,0,24,0,0,0,24
11/24/2000,MEI,MS,ASO,CE,Federal Contract Tower,0,6,5,0,11,0,13,6,0,19,0,19,11,0,30,0,0,0,30
11/25/2000,MEI,MS,ASO,CE,Federal Contract Tower,0,7,5,2,14,0,11,15,0,26,0,18,20,2,40,18,0,18,58
11/26/2000,MEI,MS,ASO,CE,Federal Contract Tower,0,11,9,10,30,0,9,49,0,58,0,20,58,10,88,36,0,36,124
11/27/2000,MEI,MS,ASO,CE,Federal Contract Tower,0,21,21,71,113,0,0,8,26,34,0,21,29,97,147,44,134,178,325
11/28/2000,MEI,MS,ASO,CE,Federal Contract Tower,0,21,27,94,142,0,0,10,30,40,0,21,37,124,182,34,61,95,277
11/29/2000,MEI,MS,ASO,CE,Federal Contract Tower,0,18,27,98,143,0,0,0,20,20,0,18,27,118,163,0,112,112,275
11/30/2000,MEI,MS,ASO,CE,Federal Contract Tower,0,21,28,97,146,0,0,28,38,66,0,21,56,135,212,10,160,170,382
12/01/2000,MEI,MS,ASO,CE,Federal Contract Tower,0,19,17,68,104,0,0,16,22,38,0,19,33,90,142,10,132,142,284
12/02/2000,MEI,MS,ASO,CE,Federal Contract Tower,0,12,8,32,52,0,5,11,7,23,0,17,19,39,75,36,44,80,155
12/03/2000,MEI,MS,ASO,CE,Federal Contract Tower,0,16,12,45,73,0,2,12,32,46,0,18,24,77,119,0,212,212,331
12/04/2000,MEI,MS,ASO,CE,Federal Contract Tower,0,22,23,89,134,0,0,0,28,28,0,22,23,117,162,36,78,114,276
12/05/2000,MEI,MS,ASO,CE,Federal Contract Tower,0,21,30,115,166,0,0,24,46,70,0,21,54,161,236,57,148,205,441
12/06/2000,MEI,MS,ASO,CE,Federal Contract Tower,0,16,25,97,138,0,0,6,38,44,0,16,31,135,182,36,70,106,288
12/07/2000,MEI,MS,ASO,CE,Federal Contract Tower,0,17,12,45,74,0,5,21,47,73,0,22,33,92,147,12,66,78,225
12/08/2000,MEI,MS,ASO,CE,Federal Contract Tower,0,23,24,92,139,0,0,2,48,50,0,23,26,140,189,80,78,158,347
12/09/2000,MEI,MS,ASO,CE,Federal Contract Tower,0,10,8,29,47,0,7,42,16,65,0,17,50,45,112,98,58,156,268
12/10/2000,MEI,MS,ASO,CE,Federal Contract Tower,0,16,18,67,101,0,0,7,18,25,0,16,25,85,126,32,0,32,158
12/11/2000,MEI,MS,ASO,CE,Federal Contract Tower,0,25,23,87,135,0,0,3,19,22,0,25,26,106,157,42,74,116,273
12/12/2000,MEI,MS,ASO,CE,Federal Contract Tower,0,21,16,62,99,0,0,10,22,32,0,21,26,84,131,6,144,150,281
12/13/2000,MEI,MS,ASO,CE,Federal Contract Tower,0,14,8,94,116,0,0,0,44,44,0,14,8,138,160,24,114,138,298
12/14/2000,MEI,MS,ASO,CE,Federal Contract Tower,0,18,18,89,125,0,0,0,21,21,0,18,18,110,146,0,0,0,146
12/15/2000,MEI,MS,ASO,CE,Federal Contract Tower,0,14,11,30,55,0,3,8,0,11,0,17,19,30,66,0,0,0,66
12/16/2000,MEI,MS,ASO,CE,Federal Contract Tower,0,2,3,1,6,0,9,3,0,12,0,11,6,1,18,0,0,0,18
12/17/2000,MEI,MS,ASO,CE,Federal Contract Tower,0,13,9,34,56,0,2,43,11,56,0,15,52,45,112,84,20,104,216
12/18/2000,MEI,MS,ASO,CE,Federal Contract Tower,0,20,21,47,88,0,0,67,0,67,0,20,88,47,155,10,92,102,257
12/19/2000,MEI,MS,ASO,CE,Federal Contract Tower,0,17,23,97,137,0,0,0,25,25,0,17,23,122,162,4,90,94,256
12/20/2000,MEI,MS,ASO,CE,Federal Contract Tower,0,22,19,79,120,0,0,18,17,35,0,22,37,96,155,42,38,80,235
12/21/2000,MEI,MS,ASO,CE,Federal Contract Tower,0,8,6,4,18,0,13,13,0,26,0,21,19,4,44,2,0,2,46
12/22/2000,MEI,MS,ASO,CE,Federal Contract Tower,0,9,6,10,25,0,11,37,0,48,0,20,43,10,73,28,0,28,101
12/23/2000,MEI,MS,ASO,CE,Federal Contract Tower,0,5,3,0,8,0,10,30,0,40,0,15,33,0,48,0,0,0,48
12/24/2000,MEI,MS,ASO,CE,Federal Contract Tower,0,5,2,0,7,0,13,12,0,25,0,18,14,0,32,10,0,10,42
12/25/2000,MEI,MS,ASO,CE,Federal Contract Tower,0,5,3,0,8,0,16,5,0,21,0,21,8,0,29,0,0,0,29
12/26/2000,MEI,MS,ASO,CE,Federal Contract Tower,0,7,4,0,11,0,11,17,0,28,0,18,21,0,39,0,0,0,39
12/27/2000,MEI,MS,ASO,CE,Federal Contract Tower,0,8,6,14,28,0,10,7,0,17,0,18,13,14,45,0,0,0,45
12/28/2000,MEI,MS,ASO,CE,Federal Contract Tower,0,7,5,8,20,0,12,2,0,14,0,19,7,8,34,0,0,0,34
12/29/2000,MEI,MS,ASO,CE,Federal Contract Tower,0,17,11,35,63,0,2,14,0,16,0,19,25,35,79,4,20,24,103
12/30/2000,MEI,MS,ASO,CE,Federal Contract Tower,0,5,4,0,9,0,12,19,0,31,0,17,23,0,40,2,0,2,42
12/31/2000,MEI,MS,ASO,CE,Federal Contract Tower,0,4,2,0,6,0,9,22,0,31,0,13,24,0,37,20,0,20,57
01/01/2001,MEI,MS,ASO,CE,Federal Contract Tower,0,3,4,4,11,0,15,23,0,38,0,18,27,4,49,0,0,0,49
01/02/2001,MEI,MS,ASO,CE,Federal Contract Tower,0,12,9,29,50,0,9,15,0,24,0,21,24,29,74,42,34,76,150
01/03/2001,MEI,MS,ASO,CE,Federal Contract Tower,0,23,25,109,157,0,0,34,21,55,0,23,59,130,212,120,130,250,462
01/04/2001,MEI,MS,ASO,CE,Federal Contract Tower,0,22,21,94,137,0,0,31,22,53,0,22,52,116,190,38,112,150,340
01/05/2001,MEI,MS,ASO,CE,Federal Contract Tower,0,24,20,86,130,0,0,1,26,27,0,24,21,112,157,24,172,196,353
01/06/2001,MEI,MS,ASO,CE,Federal Contract Tower,0,8,6,21,35,0,12,46,0,58,0,20,52,21,93,22,22,44,137
01/07/2001,MEI,MS,ASO,CE,Federal Contract Tower,0,6,4,8,18,0,9,1,0,10,0,15,5,8,28,4,8,12,40
01/08/2001,MEI,MS,ASO,CE,Federal Contract Tower,0,23,16,0,39,0,0,0,0,0,0,23,16,0,39,22,94,116,155
01/09/2001,MEI,MS,ASO,CE,Federal Contract Tower,0,23,31,137,191,0,0,2,37,39,0,23,33,174,230,4,234,238,468
01/10/2001,MEI,MS,ASO,CE,Federal Contract Tower,0,24,26,124,174,0,0,0,31,31,0,24,26,155,205,0,230,230,435
01/11/2001,MEI,MS,ASO,CE,Federal Contract Tower,0,24,13,106,143,0,0,0,21,21,0,24,13,127,164,0,0,0,164
01/12/2001,MEI,MS,ASO,CE,Federal Contract Tower,0,24,14,102,140,0,0,0,31,31,0,24,14,133,171,28,12,40,211
01/13/2001,MEI,MS,ASO,CE,Federal Contract Tower,0,9,6,6,21,0,10,31,0,41,0,19,37,6,62,36,2,38,100
01/14/2001,MEI,MS,ASO,CE,Federal Contract Tower,0,8,7,11,26,0,10,7,0,17,0,18,14,11,43,0,0,0,43
01/15/2001,MEI,MS,ASO,CE,Federal Contract Tower,0,8,5,8,21,0,12,20,0,32,0,20,25,8,53,0,0,0,53
01/16/2001,MEI,MS,ASO,CE,Federal Contract Tower,0,20,13,82,115,0,0,0,13,13,0,20,13,95,128,3,4,7,135
01/17/2001,MEI,MS,ASO,CE,Federal Contract Tower,0,25,15,103,143,0,0,0,14,14,0,25,15,117,157,0,0,0,157
01/18/2001,MEI,MS,ASO,CE,Federal Contract Tower,0,6,3,2,11,0,8,8,0,16,0,14,11,2,27,0,0,0,27
01/19/2001,MEI,MS,ASO,CE,Federal Contract Tower,0,10,5,26,41,0,7,0,0,7,0,17,5,26,48,0,0,0,48
01/20/2001,MEI,MS,ASO,CE,Federal Contract Tower,0,10,7,28,45,0,15,24,0,39,0,25,31,28,84,18,54,72,156
01/21/2001,MEI,MS,ASO,CE,Federal Contract Tower,0,19,12,59,90,0,3,19,20,42,0,22,31,79,132,26,130,156,288
01/22/2001,MEI,MS,ASO,CE,Federal Contract Tower,0,24,17,81,122,0,0,23,9,32,0,24,40,90,154,44,97,141,295
01/23/2001,MEI,MS,ASO,CE,Federal Contract Tower,0,23,25,118,166,0,0,23,25,48,0,23,48,143,214,54,194,248,462
01/24/2001,MEI,MS,ASO,CE,Federal Contract Tower,0,24,17,79,120,0,1,20,7,28,0,25,37,86,148,54,206,260,408
01/25/2001,MEI,MS,ASO,CE,Federal Contract Tower,0,23,19,92,134,0,0,41,24,65,0,23,60,116,199,22,206,228,427
01/26/2001,MEI,MS,ASO,CE,Federal Contract Tower,0,16,10,45,71,0,8,37,0,45,0,24,47,45,116,46,38,84,200
01/27/2001,MEI,MS,ASO,CE,Federal Contract Tower,0,21,15,63,99,0,0,55,0,55,0,21,70,63,154,98,58,156,310
01/28/2001,MEI,MS,ASO,CE,Federal Contract Tower,0,12,8,14,34,0,6,48,0,54,0,18,56,14,88,46,22,68,156
01/29/2001,MEI,MS,ASO,CE,Federal Contract Tower,0,13,8,20,41,0,12,10,0,22,0,25,18,20,63,0,0,0,63
01/30/2001,MEI,MS,ASO,CE,Federal Contract Tower,0,25,17,81,123,0,0,17,8,25,0,25,34,89,148,84,93,177,325
01/31/2001,MEI,MS,ASO,CE,Federal Contract Tower,0,21,24,112,157,0,0,22,21,43,0,21,46,133,200,64,240,304,504
02/01/2001,MEI,MS,ASO,CE,Federal Contract Tower,0,21,27,110,158,0,0,22,20,42,0,21,49,130,200,72,348,420,620
02/02/2001,MEI,MS,ASO,CE,Federal Contract Tower,0,20,13,55,88,0,4,34,66,104,0,24,47,121,192,156,154,310,502
02/03/2001,MEI,MS,ASO,CE,Federal Contract Tower,0,8,6,23,37,0,12,54,6,72,0,20,60,29,109,68,10,78,187
02/04/2001,MEI,MS,ASO,CE,Federal Contract Tower,0,10,8,19,37,0,12,39,0,51,0,22,47,19,88,2,14,16,104
02/05/2001,MEI,MS,ASO,CE,Federal Contract Tower,0,23,19,76,118,0,0,23,28,51,0,23,42,104,169,24,240,264,433
02/06/2001,MEI,MS,ASO,CE,Federal Contract Tower,0,24,24,96,144,0,0,0,71,71,0,24,24,167,215,0,258,258,473
02/07/2001,MEI,MS,ASO,CE,Federal Contract Tower,0,23,30,120,173,0,0,7,29,36,0,23,37,149,209,24,138,162,371
02/08/2001,MEI,MS,ASO,CE,Federal Contract Tower,0,24,33,63,120,0,0,0,0,0,0,24,33,63,120,64,198,262,382
02/09/2001,MEI,MS,ASO,CE,Federal Contract Tower,0,17,12,41,70,0,10,8,0,18,0,27,20,41,88,6,2,8,96
02/10/2001,MEI,MS,ASO,CE,Federal Contract Tower,0,15,11,44,70,0,5,23,8,36,0,20,34,52,106,44,54,98,204
02/11/2001,MEI,MS,ASO,CE,Federal Contract Tower,0,15,11,43,69,0,1,22,28,51,0,16,33,71,120,26,72,98,218
02/12/2001,MEI,MS,ASO,CE,Federal Contract Tower,0,20,20,59,99,0,0,29,0,29,0,20,49,59,128,20,202,222,350
02/13/2001,MEI,MS,ASO,CE,Federal Contract Tower,0,11,8,11,30,0,11,9,0,20,0,22,17,11,50,0,0,0,50
02/14/2001,MEI,MS,ASO,CE,Federal Contract Tower,0,22,18,73,113,0,0,7,12,19,0,22,25,85,132,38,76,114,246
02/15/2001,MEI,MS,ASO,CE,Federal Contract Tower,0,23,25,100,148,0,0,11,32,43,0,23,36,132,191,22,202,224,415
02/16/2001,MEI,MS,ASO,CE,Federal Contract Tower,0,15,11,57,83,0,0,0,10,10,0,15,11,67,93,48,48,96,189
02/17/2001,MEI,MS,ASO,CE,Federal Contract Tower,0,9,7,0,16,0,10,59,0,69,0,19,66,0,85,26,0,26,111
02/18/2001,MEI,MS,ASO,CE,Federal Contract Tower,0,10,7,12,29,0,13,62,0,75,0,23,69,12,104,52,0,52,156
02/19/2001,MEI,MS,ASO,CE,Federal Contract Tower,0,8,6,9,23,0,14,30,0,44,0,22,36,9,67,20,0,20,87
02/20/2001,MEI,MS,ASO,CE,Federal Contract Tower,0,20,13,52,85,0,6,13,0,19,0,26,26,52,104,54,64,118,222
02/21/2001,MEI,MS,ASO,CE,Federal Contract Tower,0,24,20,83,127,0,0,12,10,22,0,24,32,93,149,34,70,104,253
02/22/2001,MEI,MS,ASO,CE,Federal Contract Tower,0,20,20,86,126,0,0,6,41,47,0,20,26,127,173,52,188,240,413
02/23/2001,MEI,MS,ASO,CE,Federal Contract Tower,0,24,18,75,117,0,0,14,17,31,0,24,32,92,148,14,86,100,248
02/24/2001,MEI,MS,ASO,CE,Federal Contract Tower,0,6,4,19,29,0,13,3,0,16,0,19,7,19,45,0,78,78,123
02/25/2001,MEI,MS,ASO,CE,Federal Contract Tower,0,17,11,50,78,0,3,6,12,21,0,20,17,62,99,0,18,18,117
02/26/2001,MEI,MS,ASO,CE,Federal Contract Tower,0,16,13,55,84,0,0,26,9,35,0,16,39,64,119,38,128,166,285
02/27/2001,MEI,MS,ASO,CE,Federal Contract Tower,0,17,11,39,67,0,7,12,0,19,0,24,23,39,86,2,26,28,114
02/28/2001,MEI,MS,ASO,CE,Federal Contract Tower,0,19,11,55,85,0,3,0,6,9,0,22,11,61,94,0,33,33,127
03/01/2001,MEI,MS,ASO,CE,Federal Contract Tower,0,21,17,48,86,0,4,0,0,4,0,25,17,48,90,0,0,0,90
03/02/2001,MEI,MS,ASO,CE,Federal Contract Tower,0,12,11,9,32,0,6,14,0,20,0,18,25,9,52,0,0,0,52
03/03/2001,MEI,MS,ASO,CE,Federal Contract Tower,0,8,7,14,29,0,14,3,0,17,0,22,10,14,46,0,12,12,58
03/04/2001,MEI,MS,ASO,CE,Federal Contract Tower,0,12,12,24,48,0,10,14,0,24,0,22,26,24,72,0,12,12,84
03/05/2001,MEI,MS,ASO,CE,Federal Contract Tower,0,20,27,72,119,0,0,6,30,36,0,20,33,102,155,4,170,174,329
03/06/2001,MEI,MS,ASO,CE,Federal Contract Tower,0,25,29,83,137,0,0,0,45,45,0,25,29,128,182,72,12,84,266
03/07/2001,MEI,MS,ASO,CE,Federal Contract Tower,0,24,26,68,118,0,0,51,25,76,0,24,77,93,194,88,64,152,346
03/08/2001,MEI,MS,ASO,CE,Federal Contract Tower,0,24,39,0,63,0,0,21,0,21,0,24,60,0,84,26,124,150,234
03/09/2001,MEI,MS,ASO,CE,Federal Contract Tower,0,24,22,58,104,0,1,0,20,21,0,25,22,78,125,16,84,100,225
03/10/2001,MEI,MS,ASO,CE,Federal Contract Tower,0,18,16,42,76,0,3,20,9,32,0,21,36,51,108,8,28,36,144
03/11/2001,MEI,MS,ASO,CE,Federal Contract Tower,0,18,16,41,75,0,4,28,8,40,0,22,44,49,115,26,44,70,185
03/12/2001,MEI,MS,ASO,CE,Federal Contract Tower,0,10,9,16,35,0,10,0,0,10,0,20,9,16,45,2,2,4,49
03/13/2001,MEI,MS,ASO,CE,Federal Contract Tower,0,24,30,78,132,0,0,43,0,43,0,24,73,78,175,74,206,280,455
03/14/2001,MEI,MS,ASO,CE,Federal Contract Tower,0,10,9,22,41,0,16,23,65,104,0,26,32,87,145,4,68,72,217
03/15/2001,MEI,MS,ASO,CE,Federal Contract Tower,0,24,24,63,111,0,0,29,45,74,0,24,53,108,185,14,254,268,453
03/16/2001,MEI,MS,ASO,CE,Federal Contract Tower,0,25,34,89,148,0,0,6,34,40,0,25,40,123,188,73,176,249,437
03/17/2001,MEI,MS,ASO,CE,Federal Contract Tower,0,12,10,30,52,0,6,50,18,74,0,18,60,48,126,0,36,36,162
03/18/2001,MEI,MS,ASO,CE,Federal Contract Tower,0,21,17,48,86,0,3,22,107,132,0,24,39,155,218,36,86,122,340
03/19/2001,MEI,MS,ASO,CE,Federal Contract Tower,0,24,10,56,90,0,0,0,12,12,0,24,10,68,102,0,0,0,102
03/20/2001,MEI,MS,ASO,CE,Federal Contract Tower,0,15,13,37,65,0,9,5,1,15,0,24,18,38,80,0,0,0,80
03/21/2001,MEI,MS,ASO,CE,Federal Contract Tower,0,30,28,98,156,0,0,0,42,42,0,30,28,140,198,28,46,74,272
03/22/2001,MEI,MS,ASO,CE,Federal Contract Tower,0,24,20,57,101,0,0,11,49,60,0,24,31,106,161,0,106,106,267
03/23/2001,MEI,MS,ASO,CE,Federal Contract Tower,0,22,26,58,106,0,0,22,0,22,0,22,48,58,128,118,0,118,246
03/24/2001,MEI,MS,ASO,CE,Federal Contract Tower,0,7,5,11,23,0,12,10,0,22,0,19,15,11,45,28,0,28,73
03/25/2001,MEI,MS,ASO,CE,Federal Contract Tower,0,13,12,33,58,0,10,7,10,27,0,23,19,43,85,12,24,36,121
03/26/2001,MEI,MS,ASO,CE,Federal Contract Tower,0,24,26,72,122,0,0,21,28,49,0,24,47,100,171,20,52,72,243
03/27/2001,MEI,MS,ASO,CE,Federal Contract Tower,0,24,20,94,138,0,0,0,38,38,0,24,20,132,176,46,206,252,428
03/28/2001,MEI,MS,ASO,CE,Federal Contract Tower,0,23,17,85,125,0,0,0,26,26,0,23,17,111,151,2,102,104,255
03/29/2001,MEI,MS,ASO,CE,Federal Contract Tower,0,25,15,60,100,0,0,0,8,8,0,25,15,68,108,0,0,0,108
03/30/2001,MEI,MS,ASO,CE,Federal Contract Tower,0,21,17,48,86,0,1,20,2,23,0,22,37,50,109,22,22,44,153
03/31/2001,MEI,MS,ASO,CE,Federal Contract Tower,0,17,15,41,73,0,5,23,11,39,0,22,38,52,112,36,22,58,170
04/01/2001,MEI,MS,ASO,CE,Federal Contract Tower,0,22,8,16,46,0,1,41,1,43,0,23,49,17,89,10,0,10,99
04/02/2001,MEI,MS,ASO,CE,Federal Contract Tower,0,22,15,68,105,0,2,11,10,23,0,24,26,78,128,0,0,0,128
04/03/2001,MEI,MS,ASO,CE,Federal Contract Tower,0,18,12,52,82,0,0,12,0,12,0,18,24,52,94,6,18,24,118
04/04/2001,MEI,MS,ASO,CE,Federal Contract Tower,0,6,3,6,15,0,13,3,0,16,0,19,6,6,31,0,0,0,31
04/05/2001,MEI,MS,ASO,CE,Federal Contract Tower,0,25,21,103,149,0,0,19,17,36,0,25,40,120,185,22,38,60,245
04/06/2001,MEI,MS,ASO,CE,Federal Contract Tower,0,22,12,61,95,0,0,25,1,26,0,22,37,62,121,8,42,50,171
04/07/2001,MEI,MS,ASO,CE,Federal Contract Tower,0,18,19,2,39,0,1,15,0,16,0,19,34,2,55,4,0,4,59
04/08/2001,MEI,MS,ASO,CE,Federal Contract Tower,0,21,11,0,32,0,1,29,0,30,0,22,40,0,62,18,6,24,86
04/09/2001,MEI,MS,ASO,CE,Federal Contract Tower,0,24,20,83,127,0,1,8,2,11,0,25,28,85,138,10,102,112,250
04/10/2001,MEI,MS,ASO,CE,Federal Contract Tower,0,24,17,83,124,0,0,14,11,25,0,24,31,94,149,32,63,95,244
04/11/2001,MEI,MS,ASO,CE,Federal Contract Tower,0,22,22,113,157,0,1,21,6,28,0,23,43,119,185,10,152,162,347
04/12/2001,MEI,MS,ASO,CE,Federal Contract Tower,0,21,32,74,127,0,1,25,6,32,0,22,57,80,159,24,138,162,321
04/13/2001,MEI,MS,ASO,CE,Federal Contract Tower,0,21,9,63,93,0,1,10,0,11,0,22,19,63,104,0,22,22,126
04/14/2001,MEI,MS,ASO,CE,Federal Contract Tower,0,4,3,2,9,0,16,18,0,34,0,20,21,2,43,28,0,28,71
04/15/2001,MEI,MS,ASO,CE,Federal Contract Tower,0,21,7,8,36,0,1,0,0,1,0,22,7,8,37,0,0,0,37
04/16/2001,MEI,MS,ASO,CE,Federal Contract Tower,0,20,14,84,118,0,1,19,1,21,0,21,33,85,139,0,76,76,215
04/17/2001,MEI,MS,ASO,CE,Federal Contract Tower,0,22,7,107,136,0,1,17,8,26,0,23,24,115,162,4,68,72,234
04/18/2001,MEI,MS,ASO,CE,Federal Contract Tower,0,22,23,112,157,0,0,14,10,24,0,22,37,122,181,22,78,100,281
04/19/2001,MEI,MS,ASO,CE,Federal Contract Tower,0,23,14,66,103,0,0,21,39,60,0,23,35,105,163,0,124,124,287
04/20/2001,MEI,MS,ASO,CE,Federal Contract Tower,0,20,16,79,115,0,0,5,28,33,0,20,21,107,148,0,168,168,316
04/21/2001,MEI,MS,ASO,CE,Federal Contract Tower,0,19,17,83,119,0,0,21,24,45,0,19,38,107,164,22,104,126,290
04/22/2001,MEI,MS,ASO,CE,Federal Contract Tower,0,21,9,39,69,0,1,9,4,14,0,22,18,43,83,0,20,20,103
04/23/2001,MEI,MS,ASO,CE,Federal Contract Tower,0,17,9,47,73,0,5,29,3,37,0,22,38,50,110,14,90,104,214
04/24/2001,MEI,MS,ASO,CE,Federal Contract Tower,0,22,12,66,100,0,0,8,0,8,0,22,20,66,108,0,30,30,138
04/25/2001,MEI,MS,ASO,CE,Federal Contract Tower,0,24,20,50,94,0,0,25,9,34,0,24,45,59,128,18,34,52,180
04/26/2001,MEI,MS,ASO,CE,Federal Contract Tower,0,25,19,97,141,0,0,30,36,66,0,25,49,133,207,18,124,142,349
04/27/2001,MEI,MS,ASO,CE,Federal Contract Tower,0,21,4,96,121,0,0,25,0,25,0,21,29,96,146,8,148,156,302
04/28/2001,MEI,MS,ASO,CE,Federal Contract Tower,0,25,8,23,56,0,0,19,0,19,0,25,27,23,75,20,0,20,95
04/29/2001,MEI,MS,ASO,CE,Federal Contract Tower,0,21,14,40,75,0,0,25,21,46,0,21,39,61,121,4,88,92,213
04/30/2001,MEI,MS,ASO,CE,Federal Contract Tower,0,24,1,60,85,0,0,23,7,30,0,24,24,67,115,8,34,42,157
05/01/2001,MEI,MS,ASO,CE,Federal Contract Tower,0,24,14,68,106,0,1,18,110,129,0,25,32,178,235,6,102,108,343
05/02/2001,MEI,MS,ASO,CE,Federal Contract Tower,0,25,17,70,112,0,2,40,14,56,0,27,57,84,168,0,88,88,256
05/03/2001,MEI,MS,ASO,CE,Federal Contract Tower,0,20,22,86,128,0,2,11,25,38,0,22,33,111,166,12,18,30,196
05/04/2001,MEI,MS,ASO,CE,Federal Contract Tower,0,21,30,74,125,0,2,62,57,121,0,23,92,131,246,48,52,100,346
05/05/2001,MEI,MS,ASO,CE,Federal Contract Tower,0,6,12,6,24,0,15,16,0,31,0,21,28,6,55,22,54,76,131
05/06/2001,MEI,MS,ASO,CE,Federal Contract Tower,0,18,19,11,48,0,2,15,5,22,0,20,34,16,70,10,46,56,126
05/07/2001,MEI,MS,ASO,CE,Federal Contract Tower,0,17,17,27,61,0,1,5,4,10,0,18,22,31,71,30,86,116,187
05/08/2001,MEI,MS,ASO,CE,Federal Contract Tower,0,20,27,40,87,0,0,48,0,48,0,20,75,40,135,2,32,34,169
05/09/2001,MEI,MS,ASO,CE,Federal Contract Tower,0,20,26,52,98,0,2,4,14,20,0,22,30,66,118,14,118,132,250
05/10/2001,MEI,MS,ASO,CE,Federal Contract Tower,0,24,41,103,168,0,0,0,76,76,0,24,41,179,244,4,176,180,424
05/11/2001,MEI,MS,ASO,CE,Federal Contract Tower,0,21,26,54,101,0,1,21,15,37,0,22,47,69,138,12,58,70,208
05/12/2001,MEI,MS,ASO,CE,Federal Contract Tower,0,14,18,36,68,0,6,16,4,26,0,20,34,40,94,2,90,92,186
05/13/2001,MEI,MS,ASO,CE,Federal Contract Tower,0,11,15,28,54,0,8,2,1,11,0,19,17,29,65,0,12,12,77
05/14/2001,MEI,MS,ASO,CE,Federal Contract Tower,0,23,37,90,150,0,0,0,73,73,0,23,37,163,223,54,100,154,377
05/15/2001,MEI,MS,ASO,CE,Federal Contract Tower,0,21,24,102,147,0,1,35,11,47,0,22,59,113,194,32,152,184,378
05/16/2001,MEI,MS,ASO,CE,Federal Contract Tower,0,20,17,94,131,0,1,8,17,26,0,21,25,111,157,6,184,190,347
05/17/2001,MEI,MS,ASO,CE,Federal Contract Tower,0,24,12,20,56,0,1,15,0,16,0,25,27,20,72,10,306,316,388
05/18/2001,MEI,MS,ASO,CE,Federal Contract Tower,0,23,32,69,124,0,0,7,35,42,0,23,39,104,166,122,100,222,388
05/19/2001,MEI,MS,ASO,CE,Federal Contract Tower,0,18,23,16,57,0,1,22,5,28,0,19,45,21,85,8,30,38,123
05/20/2001,MEI,MS,ASO,CE,Federal Contract Tower,0,17,17,78,112,0,1,16,3,20,0,18,33,81,132,0,46,46,178
05/21/2001,MEI,MS,ASO,CE,Federal Contract Tower,0,12,16,34,62,0,5,3,0,8,0,17,19,34,70,0,92,92,162
05/22/2001,MEI,MS,ASO,CE,Federal Contract Tower,0,25,36,35,96,0,0,88,0,88,0,25,124,35,184,0,20,20,204
05/23/2001,MEI,MS,ASO,CE,Federal Contract Tower,0,22,44,91,157,0,0,33,0,33,0,22,77,91,190,24,294,318,508
05/24/2001,MEI,MS,ASO,CE,Federal Contract Tower,0,20,18,63,101,0,1,8,13,22,0,21,26,76,123,0,102,102,225
05/25/2001,MEI,MS,ASO,CE,Federal Contract Tower,0,22,9,42,73,0,1,12,9,22,0,23,21,51,95,24,90,114,209
05/26/2001,MEI,MS,ASO,CE,Federal Contract Tower,0,20,9,1,30,0,0,20,11,31,0,20,29,12,61,14,34,48,109
05/27/2001,MEI,MS,ASO,CE,Federal Contract Tower,0,16,7,0,23,0,0,1,1,2,0,16,8,1,25,15,64,79,104
05/28/2001,MEI,MS,ASO,CE,Federal Contract Tower,0,22,22,0,44,0,0,13,2,15,0,22,35,2,59,22,26,48,107
05/29/2001,MEI,MS,ASO,CE,Federal Contract Tower,0,17,20,41,78,0,8,2,13,23,0,25,22,54,101,34,58,92,193
05/30/2001,MEI,MS,ASO,CE,Federal Contract Tower,0,22,24,53,99,0,4,13,8,25,0,26,37,61,124,18,136,154,278
05/31/2001,MEI,MS,ASO,CE,Federal Contract Tower,0,22,22,30,74,0,0,6,4,10,0,22,28,34,84,22,138,160,244
06/01/2001,MEI,MS,ASO,CE,Federal Contract Tower,0,24,18,61,103,0,0,20,0,20,0,24,38,61,123,12,68,80,203
06/02/2001,MEI,MS,ASO,CE,Federal Contract Tower,0,11,9,28,48,0,8,14,0,22,0,19,23,28,70,40,42,82,152
06/03/2001,MEI,MS,ASO,CE,Federal Contract Tower,0,19,25,23,67,0,2,16,0,18,0,21,41,23,85,26,0,26,111
06/04/2001,MEI,MS,ASO,CE,Federal Contract Tower,0,14,12,38,64,0,6,30,0,36,0,20,42,38,100,2,72,74,174
06/05/2001,MEI,MS,ASO,CE,Federal Contract Tower,0,22,17,91,130,0,2,22,8,32,0,24,39,99,162,72,242,314,476
06/06/2001,MEI,MS,ASO,CE,Federal Contract Tower,0,9,7,14,30,0,13,6,0,19,0,22,13,14,49,0,0,0,49
06/07/2001,MEI,MS,ASO,CE,Federal Contract Tower,0,20,7,31,58,0,2,1,0,3,0,22,8,31,61,0,22,22,83
06/08/2001,MEI,MS,ASO,CE,Federal Contract Tower,0,18,15,0,33,0,6,8,0,14,0,24,23,0,47,0,66,66,113
06/09/2001,MEI,MS,ASO,CE,Federal Contract Tower,0,18,4,4,26,0,2,0,9,11,0,20,4,13,37,1,2,3,40
06/10/2001,MEI,MS,ASO,CE,Federal Contract Tower,0,20,12,14,46,0,2,10,2,14,0,22,22,16,60,0,27,27,87
06/11/2001,MEI,MS,ASO,CE,Federal Contract Tower,0,19,23,63,105,0,2,9,2,13,0,21,32,65,118,24,82,106,224
06/12/2001,MEI,MS,ASO,CE,Federal Contract Tower,0,25,26,109,160,0,0,20,13,33,0,25,46,122,193,16,230,246,439
06/13/2001,MEI,MS,ASO,CE,Federal Contract Tower,0,24,29,113,166,0,2,11,8,21,0,26,40,121,187,0,78,78,265
06/14/2001,MEI,MS,ASO,CE,Federal Contract Tower,0,21,15,63,99,0,0,21,0,21,0,21,36,63,120,0,96,96,216
06/15/2001,MEI,MS,ASO,CE,Federal Contract Tower,0,12,10,46,68,0,10,31,25,66,0,22,41,71,134,2,344,346,480
06/16/2001,MEI,MS,ASO,CE,Federal Contract Tower,0,11,9,43,63,0,7,18,0,25,0,18,27,43,88,28,74,102,190
06/17/2001,MEI,MS,ASO,CE,Federal Contract Tower,0,20,9,21,50,0,2,29,7,38,0,22,38,28,88,17,18,35,123
06/18/2001,MEI,MS,ASO,CE,Federal Contract Tower,0,19,12,39,70,0,82,18,5,105,0,101,30,44,175,2,82,84,259
06/19/2001,MEI,MS,ASO,CE,Federal Contract Tower,0,24,18,73,115,0,3,7,5,15,0,27,25,78,130,28,193,221,351
06/20/2001,MEI,MS,ASO,CE,Federal Contract Tower,0,19,18,72,109,0,0,9,16,25,0,19,27,88,134,22,90,112,246
06/21/2001,MEI,MS,ASO,CE,Federal Contract Tower,0,24,20,64,108,0,1,18,2,21,0,25,38,66,129,10,50,60,189
06/22/2001,MEI,MS,ASO,CE,Federal Contract Tower,0,21,8,68,97,0,1,3,9,13,0,22,11,77,110,0,52,52,162
06/23/2001,MEI,MS,ASO,CE,Federal Contract Tower,0,14,11,44,69,0,6,17,0,23,0,20,28,44,92,10,32,42,134
06/24/2001,MEI,MS,ASO,CE,Federal Contract Tower,0,18,15,64,97,0,1,20,13,34,0,19,35,77,131,6,44,50,181
06/25/2001,MEI,MS,ASO,CE,Federal Contract Tower,0,15,11,47,73,0,6,33,16,55,0,21,44,63,128,2,94,96,224
06/26/2001,MEI,MS,ASO,CE,Federal Contract Tower,0,25,30,119,174,0,0,2,38,40,0,25,32,157,214,30,126,156,370
06/27/2001,MEI,MS,ASO,CE,Federal Contract Tower,0,26,22,88,136,0,0,10,14,24,0,26,32,102,160,18,182,200,360
06/28/2001,MEI,MS,ASO,CE,Federal Contract Tower,0,23,24,100,147,0,0,6,21,27,0,23,30,121,174,12,82,94,268
06/29/2001,MEI,MS,ASO,CE,Federal Contract Tower,0,21,25,60,106,0,0,0,0,0,0,21,25,60,106,0,58,58,164
06/30/2001,MEI,MS,ASO,CE,Federal Contract Tower,0,17,14,49,80,0,0,16,0,16,0,17,30,49,96,0,22,22,118
07/01/2001,MEI,MS,ASO,CE,Federal Contract Tower,0,23,19,47,89,0,14,41,0,55,0,37,60,47,144,0,60,60,204
07/02/2001,MEI,MS,ASO,CE,Federal Contract Tower,0,22,4,40,66,0,0,7,9,16,0,22,11,49,82,26,36,62,144
07/03/2001,MEI,MS,ASO,CE,Federal Contract Tower,0,23,19,62,104,0,0,23,7,30,0,23,42,69,134,96,192,288,422
07/04/2001,MEI,MS,ASO,CE,Federal Contract Tower,0,18,7,1,26,0,0,0,4,4,0,18,7,5,30,19,20,39,69
07/05/2001,MEI,MS,ASO,CE,Federal Contract Tower,0,10,9,23,42,0,13,9,7,29,0,23,18,30,71,20,48,68,139
07/06/2001,MEI,MS,ASO,CE,Federal Contract Tower,0,23,19,67,109,0,0,0,36,36,0,23,19,103,145,20,140,160,305
07/07/2001,MEI,MS,ASO,CE,Federal Contract Tower,0,11,10,26,47,0,9,6,2,17,0,20,16,28,64,22,6,28,92
07/08/2001,MEI,MS,ASO,CE,Federal Contract Tower,0,23,10,24,57,0,0,6,8,14,0,23,16,32,71,6,8,14,85
07/09/2001,MEI,MS,ASO,CE,Federal Contract Tower,0,24,9,145,178,0,0,14,6,20,0,24,23,151,198,32,154,186,384
07/10/2001,MEI,MS,ASO,CE,Federal Contract Tower,0,20,21,55,96,0,0,15,10,25,0,20,36,65,121,10,116,126,247
07/11/2001,MEI,MS,ASO,CE,Federal Contract Tower,0,23,13,119,155,0,0,14,9,23,0,23,27,128,178,24,226,250,428
07/12/2001,MEI,MS,ASO,CE,Federal Contract Tower,0,18,16,47,81,0,3,6,7,16,0,21,22,54,97,36,74,110,207
07/13/2001,MEI,MS,ASO,CE,Federal Contract Tower,0,20,31,106,157,0,0,40,25,65,0,20,71,131,222,34,152,186,408
07/14/2001,MEI,MS,ASO,CE,Federal Contract Tower,0,14,14,31,59,0,7,26,0,33,0,21,40,31,92,46,10,56,148
07/15/2001,MEI,MS,ASO,CE,Federal Contract Tower,0,17,15,29,61,0,4,38,0,42,0,21,53,29,103,0,0,0,103
07/16/2001,MEI,MS,ASO,CE,Federal Contract Tower,0,23,17,90,130,0,0,6,6,12,0,23,23,96,142,40,150,190,332
07/17/2001,MEI,MS,ASO,CE,Federal Contract Tower,0,24,7,107,138,0,0,9,7,16,0,24,16,114,154,0,122,122,276
07/18/2001,MEI,MS,ASO,CE,Federal Contract Tower,0,25,19,77,121,0,0,6,11,17,0,25,25,88,138,4,122,126,264
07/19/2001,MEI,MS,ASO,CE,Federal Contract Tower,0,31,21,78,130,0,0,23,16,39,0,31,44,94,169,34,80,114,283
07/20/2001,MEI,MS,ASO,CE,Federal Contract Tower,0,25,24,82,131,0,0,15,47,62,0,25,39,129,193,12,202,214,407
07/21/2001,MEI,MS,ASO,CE,Federal Contract Tower,0,24,20,67,111,0,1,24,25,50,0,25,44,92,161,16,168,184,345
07/22/2001,MEI,MS,ASO,CE,Federal Contract Tower,0,21,17,28,66,0,0,23,29,52,0,21,40,57,118,20,108,128,246
07/23/2001,MEI,MS,ASO,CE,Federal Contract Tower,0,21,14,107,142,0,0,3,11,14,0,21,17,118,156,2,68,70,226
07/24/2001,MEI,MS,ASO,CE,Federal Contract Tower,0,20,19,93,132,0,0,20,10,30,0,20,39,103,162,20,109,129,291
07/25/2001,MEI,MS,ASO,CE,Federal Contract Tower,0,22,33,84,139,0,0,9,7,16,0,22,42,91,155,14,88,102,257
07/26/2001,MEI,MS,ASO,CE,Federal Contract Tower,0,22,19,62,103,0,0,3,8,11,0,22,22,70,114,0,14,14,128
07/27/2001,MEI,MS,ASO,CE,Federal Contract Tower,0,10,10,18,38,0,9,34,0,43,0,19,44,18,81,6,20,26,107
07/28/2001,MEI,MS,ASO,CE,Federal Contract Tower,0,24,32,112,168,0,0,18,41,59,0,24,50,153,227,4,188,192,419
07/29/2001,MEI,MS,ASO,CE,Federal Contract Tower,0,22,16,21,59,0,0,8,17,25,0,22,24,38,84,0,22,22,106
07/30/2001,MEI,MS,ASO,CE,Federal Contract Tower,0,22,8,61,91,0,0,7,13,20,0,22,15,74,111,10,106,116,227
07/31/2001,MEI,MS,ASO,CE,Federal Contract Tower,0,21,12,37,70,0,0,13,8,21,0,21,25,45,91,6,6,12,103
08/01/2001,MEI,MS,ASO,CE,Federal Contract Tower,0,24,22,71,117,0,0,32,77,109,0,24,54,148,226,12,114,126,352
08/02/2001,MEI,MS,ASO,CE,Federal Contract Tower,0,23,22,69,114,0,0,13,15,28,0,23,35,84,142,12,56,68,210
08/03/2001,MEI,MS,ASO,CE,Federal Contract Tower,0,26,29,94,149,0,0,5,26,31,0,26,34,120,180,12,124,136,316
08/04/2001,MEI,MS,ASO,CE,Federal Contract Tower,0,22,18,18,58,0,1,13,6,20,0,23,31,24,78,14,18,32,110
08/05/2001,MEI,MS,ASO,CE,Federal Contract Tower,0,22,14,27,63,0,1,14,20,35,0,23,28,47,98,4,18,22,120
08/06/2001,MEI,MS,ASO,CE,Federal Contract Tower,0,21,17,48,86,0,0,15,0,15,0,21,32,48,101,8,87,95,196
08/07/2001,MEI,MS,ASO,CE,Federal Contract Tower,0,19,9,93,121,0,1,3,1,5,0,20,12,94,126,14,138,152,278
08/08/2001,MEI,MS,ASO,CE,Federal Contract Tower,0,23,18,0,41,0,0,0,0,0,0,23,18,0,41,48,89,137,178
08/09/2001,MEI,MS,ASO,CE,Federal Contract Tower,0,23,20,57,100,0,1,0,16,17,0,24,20,73,117,0,74,74,191
08/10/2001,MEI,MS,ASO,CE,Federal Contract Tower,0,22,7,58,87,0,1,25,0,26,0,23,32,58,113,16,28,44,157
08/11/2001,MEI,MS,ASO,CE,Federal Contract Tower,0,19,11,23,53,0,1,4,0,5,0,20,15,23,58,0,41,41,99
08/12/2001,MEI,MS,ASO,CE,Federal Contract Tower,0,11,9,11,31,0,9,26,0,35,0,20,35,11,66,38,0,38,104
08/13/2001,MEI,MS,ASO,CE,Federal Contract Tower,0,18,9,83,110,0,1,7,0,8,0,19,16,83,118,0,62,62,180
08/14/2001,MEI,MS,ASO,CE,Federal Contract Tower,0,22,17,52,91,0,1,16,3,20,0,23,33,55,111,0,82,82,193
08/15/2001,MEI,MS,ASO,CE,Federal Contract Tower,0,22,21,71,114,0,0,13,20,33,0,22,34,91,147,12,104,116,263
08/16/2001,MEI,MS,ASO,CE,Federal Contract Tower,0,23,10,41,74,0,0,8,7,15,0,23,18,48,89,18,184,202,291
08/17/2001,MEI,MS,ASO,CE,Federal Contract Tower,0,15,12,37,64,0,5,28,15,48,0,20,40,52,112,4,72,76,188
08/18/2001,MEI,MS,ASO,CE,Federal Contract Tower,0,19,14,33,66,0,1,17,0,18,0,20,31,33,84,12,17,29,113
08/19/2001,MEI,MS,ASO,CE,Federal Contract Tower,0,20,17,56,93,0,0,14,3,17,0,20,31,59,110,0,72,72,182
08/20/2001,MEI,MS,ASO,CE,Federal Contract Tower,0,20,22,54,96,0,0,9,5,14,0,20,31,59,110,0,72,72,182
08/21/2001,MEI,MS,ASO,CE,Federal Contract Tower,0,24,17,89,130,0,0,18,9,27,0,24,35,98,157,46,112,158,315
08/22/2001,MEI,MS,ASO,CE,Federal Contract Tower,0,24,28,93,145,0,0,0,30,30,0,24,28,123,175,24,58,82,257
08/23/2001,MEI,MS,ASO,CE,Federal Contract Tower,0,25,19,73,117,0,0,11,11,22,0,25,30,84,139,0,56,56,195
08/24/2001,MEI,MS,ASO,CE,Federal Contract Tower,0,21,15,50,86,0,3,22,7,32,0,24,37,57,118,14,156,170,288
08/25/2001,MEI,MS,ASO,CE,Federal Contract Tower,0,19,19,27,65,0,0,9,26,35,0,19,28,53,100,18,122,140,240
08/26/2001,MEI,MS,ASO,CE,Federal Contract Tower,0,21,12,42,75,0,0,22,8,30,0,21,34,50,105,36,48,84,189
08/27/2001,MEI,MS,ASO,CE,Federal Contract Tower,0,21,26,17,64,0,0,4,7,11,0,21,30,24,75,0,194,194,269
08/28/2001,MEI,MS,ASO,CE,Federal Contract Tower,0,22,8,80,110,0,0,0,12,12,0,22,8,92,122,0,52,52,174
08/29/2001,MEI,MS,ASO,CE,Federal Contract Tower,0,15,12,34,61,0,9,1,0,10,0,24,13,34,71,4,20,24,95
08/30/2001,MEI,MS,ASO,CE,Federal Contract Tower,0,20,16,42,78,0,5,3,0,8,0,25,19,42,86,0,0,0,86
08/31/2001,MEI,MS,ASO,CE,Federal Contract Tower,0,23,12,50,85,0,0,0,1,1,0,23,12,51,86,0,20,20,106
09/01/2001,MEI,MS,ASO,CE,Federal Contract Tower,0,8,6,1,15,0,12,11,0,23,0,20,17,1,38,0,0,0,38
09/02/2001,MEI,MS,ASO,CE,Federal Contract Tower,0,15,3,0,18,0,0,0,1,1,0,15,3,1,19,0,0,0,19
09/03/2001,MEI,MS,ASO,CE,Federal Contract Tower,0,9,6,6,21,0,15,8,0,23,0,24,14,6,44,21,0,21,65
09/04/2001,MEI,MS,ASO,CE,Federal Contract Tower,0,19,13,42,74,0,2,9,0,11,0,21,22,42,85,16,24,40,125
09/05/2001,MEI,MS,ASO,CE,Federal Contract Tower,0,21,14,47,82,0,3,8,0,11,0,24,22,47,93,8,78,86,179
09/06/2001,MEI,MS,ASO,CE,Federal Contract Tower,0,24,17,31,72,0,0,11,7,18,0,24,28,38,90,8,0,8,98
09/07/2001,MEI,MS,ASO,CE,Federal Contract Tower,0,23,22,75,120,0,0,13,3,16,0,23,35,78,136,68,42,110,246
09/08/2001,MEI,MS,ASO,CE,Federal Contract Tower,0,10,7,6,23,0,10,17,0,27,0,20,24,6,50,0,0,0,50
09/09/2001,MEI,MS,ASO,CE,Federal Contract Tower,0,21,11,74,106,0,0,15,6,21,0,21,26,80,127,12,8,20,147
09/10/2001,MEI,MS,ASO,CE,Federal Contract Tower,0,18,17,70,105,0,0,21,6,27,0,18,38,76,132,3,31,34,166
09/11/2001,MEI,MS,ASO,CE,Federal Contract Tower,0,2,1,0,3,0,2,3,0,5,0,4,4,0,8,0,0,0,8
09/12/2001,MEI,MS,ASO,CE,Federal Contract Tower,0,0,2,4,6,0,0,0,3,3,0,0,2,7,9,0,0,0,9
09/13/2001,MEI,MS,ASO,CE,Federal Contract Tower,0,0,2,26,28,0,0,0,19,19,0,0,2,45,47,0,13,13,60
09/14/2001,MEI,MS,ASO,CE,Federal Contract Tower,0,26,4,55,85,0,0,0,14,14,0,26,4,69,99,0,124,124,223
09/15/2001,MEI,MS,ASO,CE,Federal Contract Tower,0,21,22,81,124,0,0,10,9,19,0,21,32,90,143,154,0,154,297
09/16/2001,MEI,MS,ASO,CE,Federal Contract Tower,0,28,13,23,64,0,0,0,31,31,0,28,13,54,95,0,14,14,109
09/17/2001,MEI,MS,ASO,CE,Federal Contract Tower,0,24,19,90,133,0,0,0,4,4,0,24,19,94,137,0,66,66,203
09/18/2001,MEI,MS,ASO,CE,Federal Contract Tower,0,27,12,71,110,0,0,0,20,20,0,27,12,91,130,0,76,76,206
09/19/2001,MEI,MS,ASO,CE,Federal Contract Tower,0,25,19,103,147,0,0,0,1,1,0,25,19,104,148,0,24,24,172
09/20/2001,MEI,MS,ASO,CE,Federal Contract Tower,0,20,22,78,120,0,0,11,12,23,0,20,33,90,143,0,42,42,185
09/21/2001,MEI,MS,ASO,CE,Federal Contract Tower,0,23,23,81,127,0,0,9,9,18,0,23,32,90,145,2,142,144,289
09/22/2001,MEI,MS,ASO,CE,Federal Contract Tower,0,22,9,32,63,0,0,9,3,12,0,22,18,35,75,0,90,90,165
09/23/2001,MEI,MS,ASO,CE,Federal Contract Tower,0,22,11,64,97,0,0,10,3,13,0,22,21,67,110,0,26,26,136
09/24/2001,MEI,MS,ASO,CE,Federal Contract Tower,0,24,25,90,139,0,0,5,17,22,0,24,30,107,161,32,148,180,341
09/25/2001,MEI,MS,ASO,CE,Federal Contract Tower,0,22,12,87,121,0,0,26,0,26,0,22,38,87,147,26,94,120,267
09/26/2001,MEI,MS,ASO,CE,Federal Contract Tower,0,22,14,90,126,0,0,24,4,28,0,22,38,94,154,66,108,174,328
09/27/2001,MEI,MS,ASO,CE,Federal Contract Tower,0,23,7,34,64,0,2,19,13,34,0,25,26,47,98,14,28,42,140
09/28/2001,MEI,MS,ASO,CE,Federal Contract Tower,0,22,17,9,48,0,0,20,3,23,0,22,37,12,71,8,2,10,81
09/29/2001,MEI,MS,ASO,CE,Federal Contract Tower,0,16,9,11,36,0,0,7,10,17,0,16,16,21,53,5,100,105,158
09/30/2001,MEI,MS,ASO,CE,Federal Contract Tower,0,20,13,17,50,0,0,23,12,35,0,20,36,29,85,26,112,138,223
10/01/2001,MEI,MS,ASO,CE,Federal Contract Tower,0,20,16,70,106,0,0,6,16,22,0,20,22,86,128,24,125,149,277
10/02/2001,MEI,MS,ASO,CE,Federal Contract Tower,0,24,22,91,137,0,0,4,7,11,0,24,26,98,148,5,109,114,262
10/03/2001,MEI,MS,ASO,CE,Federal Contract Tower,0,21,13,56,90,0,7,14,1,22,0,28,27,57,112,4,122,126,238
10/04/2001,MEI,MS,ASO,CE,Federal Contract Tower,0,24,14,64,102,0,0,13,4,17,0,24,27,68,119,3,89,92,211
10/05/2001,MEI,MS,ASO,CE,Federal Contract Tower,0,24,17,56,97,0,0,11,0,11,0,24,28,56,108,20,66,86,194
10/06/2001,MEI,MS,ASO,CE,Federal Contract Tower,0,22,12,2,36,0,0,8,1,9,0,22,20,3,45,0,0,0,45
10/07/2001,MEI,MS,ASO,CE,Federal Contract Tower,0,16,17,4,37,0,0,24,0,24,0,16,41,4,61,18,0,18,79
10/08/2001,MEI,MS,ASO,CE,Federal Contract Tower,0,12,6,8,26,0,10,30,0,40,0,22,36,8,66,20,4,24,90
10/09/2001,MEI,MS,ASO,CE,Federal Contract Tower,0,24,18,78,120,0,0,12,7,19,0,24,30,85,139,9,75,84,223
10/10/2001,MEI,MS,ASO,CE,Federal Contract Tower,0,23,19,83,125,0,0,1,39,40,0,23,20,122,165,0,80,80,245
10/11/2001,MEI,MS,ASO,CE,Federal Contract Tower,0,24,14,36,74,0,0,4,9,13,0,24,18,45,87,2,8,10,97
10/12/2001,MEI,MS,ASO,CE,Federal Contract Tower,0,22,12,55,89,0,2,1,22,25,0,24,13,77,114,0,88,88,202
10/13/2001,MEI,MS,ASO,CE,Federal Contract Tower,0,13,3,0,16,0,0,0,0,0,0,13,3,0,16,0,0,0,16
10/14/2001,MEI,MS,ASO,CE,Federal Contract Tower,0,4,1,11,16,0,14,37,153,204,0,18,38,164,220,16,208,224,444
10/15/2001,MEI,MS,ASO,CE,Federal Contract Tower,0,20,23,69,112,0,0,23,1,24,0,20,46,70,136,8,46,54,190
10/16/2001,MEI,MS,ASO,CE,Federal Contract Tower,0,24,17,69,110,0,0,12,11,23,0,24,29,80,133,10,116,126,259
10/17/2001,MEI,MS,ASO,CE,Federal Contract Tower,0,24,18,78,120,0,0,0,34,34,0,24,18,112,154,20,110,130,284
10/18/2001,MEI,MS,ASO,CE,Federal Contract Tower,0,24,33,120,177,0,0,31,0,31,0,24,64,120,208,8,100,108,316
10/19/2001,MEI,MS,ASO,CE,Federal Contract Tower,0,24,18,83,125,0,0,18,4,22,0,24,36,87,147,14,22,36,183
10/20/2001,MEI,MS,ASO,CE,Federal Contract Tower,0,15,10,8,33,0,9,41,0,50,0,24,51,8,83,8,0,8,91
10/21/2001,MEI,MS,ASO,CE,Federal Contract Tower,0,12,7,31,50,0,7,19,7,33,0,19,26,38,83,14,6,20,103
10/22/2001,MEI,MS,ASO,CE,Federal Contract Tower,0,22,25,102,149,0,0,3,46,49,0,22,28,148,198,0,64,64,262
10/23/2001,MEI,MS,ASO,CE,Federal Contract Tower,0,22,23,114,159,0,0,18,2,20,0,22,41,116,179,8,102,110,289
10/24/2001,MEI,MS,ASO,CE,Federal Contract Tower,0,24,20,62,106,0,0,6,6,12,0,24,26,68,118,33,36,69,187
10/25/2001,MEI,MS,ASO,CE,Federal Contract Tower,0,25,12,110,147,0,0,32,11,43,0,25,44,121,190,14,40,54,244
10/26/2001,MEI,MS,ASO,CE,Federal Contract Tower,0,26,15,107,148,0,0,20,4,24,0,26,35,111,172,12,72,84,256
10/27/2001,MEI,MS,ASO,CE,Federal Contract Tower,0,24,7,0,31,0,0,19,0,19,0,24,26,0,50,0,0,0,50
10/28/2001,MEI,MS,ASO,CE,Federal Contract Tower,0,18,15,24,57,0,0,21,1,22,0,18,36,25,79,4,0,4,83
10/29/2001,MEI,MS,ASO,CE,Federal Contract Tower,0,22,21,83,126,0,0,18,15,33,0,22,39,98,159,20,224,244,403
10/30/2001,MEI,MS,ASO,CE,Federal Contract Tower,0,25,18,80,123,0,0,24,7,31,0,25,42,87,154,0,80,80,234
10/31/2001,MEI,MS,ASO,CE,Federal Contract Tower,0,24,18,65,107,0,0,5,0,5,0,24,23,65,112,8,200,208,320
11/01/2001,MEI,MS,ASO,CE,Federal Contract Tower,0,24,22,100,146,0,1,21,3,25,0,25,43,103,171,0,289,289,460
11/02/2001,MEI,MS,ASO,CE,Federal Contract Tower,0,22,16,71,109,0,2,8,12,22,0,24,24,83,131,26,192,218,349
11/03/2001,MEI,MS,ASO,CE,Federal Contract Tower,0,19,8,28,55,0,2,11,21,34,0,21,19,49,89,8,118,126,215
11/04/2001,MEI,MS,ASO,CE,Federal Contract Tower,0,16,16,93,125,0,2,11,12,25,0,18,27,105,150,18,112,130,280
11/05/2001,MEI,MS,ASO,CE,Federal Contract Tower,0,26,23,91,140,0,0,0,12,12,0,26,23,103,152,37,156,193,345
11/06/2001,MEI,MS,ASO,CE,Federal Contract Tower,0,24,21,75,120,0,0,20,4,24,0,24,41,79,144,55,59,114,258
11/07/2001,MEI,MS,ASO,CE,Federal Contract Tower,0,18,19,68,105,0,0,19,12,31,0,18,38,80,136,20,100,120,256
11/08/2001,MEI,MS,ASO,CE,Federal Contract Tower,0,24,43,147,214,0,0,14,18,32,0,24,57,165,246,64,247,311,557
11/09/2001,MEI,MS,ASO,CE,Federal Contract Tower,0,21,35,115,171,0,2,24,12,38,0,23,59,127,209,88,208,296,505
11/10/2001,MEI,MS,ASO,CE,Federal Contract Tower,0,20,24,8,52,0,2,13,0,15,0,22,37,8,67,2,0,2,69
11/11/2001,MEI,MS,ASO,CE,Federal Contract Tower,0,4,5,20,29,0,14,24,4,42,0,18,29,24,71,0,0,0,71
11/12/2001,MEI,MS,ASO,CE,Federal Contract Tower,0,20,14,5,39,0,2,14,0,16,0,22,28,5,55,0,0,0,55
11/13/2001,MEI,MS,ASO,CE,Federal Contract Tower,0,23,25,89,137,0,2,6,12,20,0,25,31,101,157,2,134,136,293
11/14/2001,MEI,MS,ASO,CE,Federal Contract Tower,0,25,28,108,161,0,0,0,31,31,0,25,28,139,192,0,252,252,444
11/15/2001,MEI,MS,ASO,CE,Federal Contract Tower,0,23,31,154,208,0,2,18,12,32,0,25,49,166,240,10,398,408,648
11/16/2001,MEI,MS,ASO,CE,Federal Contract Tower,0,24,26,90,140,0,0,31,50,81,0,24,57,140,221,85,222,307,528
11/17/2001,MEI,MS,ASO,CE,Federal Contract Tower,0,20,14,31,65,0,2,35,10,47,0,22,49,41,112,60,44,104,216
11/18/2001,MEI,MS,ASO,CE,Federal Contract Tower,0,15,15,50,80,0,3,26,11,40,0,18,41,61,120,0,20,20,140
11/19/2001,MEI,MS,ASO,CE,Federal Contract Tower,0,22,4,52,78,0,2,18,4,24,0,24,22,56,102,0,114,114,216
11/20/2001,MEI,MS,ASO,CE,Federal Contract Tower,0,21,12,75,108,0,2,15,3,20,0,23,27,78,128,10,38,48,176
11/21/2001,MEI,MS,ASO,CE,Federal Contract Tower,0,23,28,56,107,0,1,26,1,28,0,24,54,57,135,0,88,88,223
11/22/2001,MEI,MS,ASO,CE,Federal Contract Tower,0,21,5,0,26,0,1,15,0,16,0,22,20,0,42,10,0,10,52
11/23/2001,MEI,MS,ASO,CE,Federal Contract Tower,0,8,7,0,15,0,14,22,0,36,0,22,29,0,51,0,0,0,51
11/24/2001,MEI,MS,ASO,CE,Federal Contract Tower,0,17,7,0,24,0,1,0,0,1,0,18,7,0,25,10,0,10,35
11/25/2001,MEI,MS,ASO,CE,Federal Contract Tower,0,17,24,3,44,0,1,31,0,32,0,18,55,3,76,8,0,8,84
11/26/2001,MEI,MS,ASO,CE,Federal Contract Tower,0,21,17,62,100,0,5,4,2,11,0,26,21,64,111,2,20,22,133
11/27/2001,MEI,MS,ASO,CE,Federal Contract Tower,0,15,9,37,61,0,9,0,0,9,0,24,9,37,70,0,16,16,86
11/28/2001,MEI,MS,ASO,CE,Federal Contract Tower,0,22,6,54,82,0,0,1,6,7,0,22,7,60,89,0,118,118,207
11/29/2001,MEI,MS,ASO,CE,Federal Contract Tower,0,18,8,5,31,0,0,1,0,1,0,18,9,5,32,0,0,0,32
11/30/2001,MEI,MS,ASO,CE,Federal Contract Tower,0,18,23,85,126,0,0,16,14,30,0,18,39,99,156,36,33,69,225
12/01/2001,MEI,MS,ASO,CE,Federal Contract Tower,0,18,23,35,76,0,0,23,3,26,0,18,46,38,102,20,6,26,128
12/02/2001,MEI,MS,ASO,CE,Federal Contract Tower,0,18,10,27,55,0,0,17,1,18,0,18,27,28,73,44,6,50,123
12/03/2001,MEI,MS,ASO,CE,Federal Contract Tower,0,24,14,94,132,0,0,13,6,19,0,24,27,100,151,8,202,210,361
12/04/2001,MEI,MS,ASO,CE,Federal Contract Tower,0,24,16,62,102,0,0,7,11,18,0,24,23,73,120,0,136,136,256
12/05/2001,MEI,MS,ASO,CE,Federal Contract Tower,0,26,14,84,124,0,0,13,6,19,0,26,27,90,143,0,88,88,231
12/06/2001,MEI,MS,ASO,CE,Federal Contract Tower,0,22,13,47,82,0,0,11,6,17,0,22,24,53,99,0,140,140,239
12/07/2001,MEI,MS,ASO,CE,Federal Contract Tower,0,24,25,64,113,0,0,27,40,67,0,24,52,104,180,52,202,254,434
12/08/2001,MEI,MS,ASO,CE,Federal Contract Tower,0,12,7,20,39,0,10,1,20,31,0,22,8,40,70,26,90,116,186
12/09/2001,MEI,MS,ASO,CE,Federal Contract Tower,0,18,29,66,113,0,0,9,6,15,0,18,38,72,128,20,48,68,196
12/10/2001,MEI,MS,ASO,CE,Federal Contract Tower,0,23,23,75,121,0,0,3,1,4,0,23,26,76,125,8,68,76,201
12/11/2001,MEI,MS,ASO,CE,Federal Contract Tower,0,24,21,80,125,0,0,6,18,24,0,24,27,98,149,30,238,268,417
12/12/2001,MEI,MS,ASO,CE,Federal Contract Tower,0,21,14,14,49,0,3,16,0,19,0,24,30,14,68,0,0,0,68
12/13/2001,MEI,MS,ASO,CE,Federal Contract Tower,0,23,6,33,62,0,0,0,2,2,0,23,6,35,64,0,0,0,64
12/14/2001,MEI,MS,ASO,CE,Federal Contract Tower,0,25,23,54,102,0,0,22,21,43,0,25,45,75,145,26,186,212,357
12/15/2001,MEI,MS,ASO,CE,Federal Contract Tower,0,12,7,16,35,0,10,21,0,31,0,22,28,16,66,18,10,28,94
12/16/2001,MEI,MS,ASO,CE,Federal Contract Tower,0,18,11,39,68,0,0,3,0,3,0,18,14,39,71,0,0,0,71
12/17/2001,MEI,MS,ASO,CE,Federal Contract Tower,0,22,15,43,80,0,0,1,1,2,0,22,16,44,82,0,0,0,82
12/18/2001,MEI,MS,ASO,CE,Federal Contract Tower,0,23,29,66,118,0,0,0,0,0,0,23,29,66,118,0,212,212,330
12/19/2001,MEI,MS,ASO,CE,Federal Contract Tower,0,26,10,58,94,0,0,20,4,24,0,26,30,62,118,2,124,126,244
12/20/2001,MEI,MS,ASO,CE,Federal Contract Tower,0,23,24,57,104,0,0,37,19,56,0,23,61,76,160,8,80,88,248
12/21/2001,MEI,MS,ASO,CE,Federal Contract Tower,0,23,29,35,87,0,0,23,2,25,0,23,52,37,112,4,62,66,178
12/22/2001,MEI,MS,ASO,CE,Federal Contract Tower,0,23,13,2,38,0,0,12,3,15,0,23,25,5,53,12,0,12,65
12/23/2001,MEI,MS,ASO,CE,Federal Contract Tower,0,18,21,0,39,0,0,5,0,5,0,18,26,0,44,0,0,0,44
12/24/2001,MEI,MS,ASO,CE,Federal Contract Tower,0,21,3,0,24,0,0,15,0,15,0,21,18,0,39,10,0,10,49
12/25/2001,MEI,MS,ASO,CE,Federal Contract Tower,0,7,4,0,11,0,14,4,0,18,0,21,8,0,29,0,0,0,29
12/26/2001,MEI,MS,ASO,CE,Federal Contract Tower,0,22,17,4,43,0,0,10,0,10,0,22,27,4,53,14,9,23,76
12/27/2001,MEI,MS,ASO,CE,Federal Contract Tower,0,22,22,19,63,0,0,14,2,16,0,22,36,21,79,0,6,6,85
12/28/2001,MEI,MS,ASO,CE,Federal Contract Tower,0,21,20,4,45,0,0,23,0,23,0,21,43,4,68,46,0,46,114
12/29/2001,MEI,MS,ASO,CE,Federal Contract Tower,0,22,9,0,31,0,0,11,0,11,0,22,20,0,42,10,0,10,52
12/30/2001,MEI,MS,ASO,CE,Federal Contract Tower,0,18,13,0,31,0,0,19,0,19,0,18,32,0,50,2,0,2,52
12/31/2001,MEI,MS,ASO,CE,Federal Contract Tower,0,22,1,0,23,0,0,6,0,6,0,22,7,0,29,0,0,0,29
01/01/2002,MEI,MS,ASO,CE,Federal Contract Tower,0,19,18,0,37,0,1,4,0,5,0,20,22,0,42,2,0,2,44
01/02/2002,MEI,MS,ASO,CE,Federal Contract Tower,0,6,9,6,21,0,14,3,0,17,0,20,12,6,38,0,0,0,38
01/03/2002,MEI,MS,ASO,CE,Federal Contract Tower,0,20,24,72,116,0,0,11,6,17,0,20,35,78,133,2,62,64,197
01/04/2002,MEI,MS,ASO,CE,Federal Contract Tower,0,20,22,65,107,0,4,10,5,19,0,24,32,70,126,18,180,198,324
01/05/2002,MEI,MS,ASO,CE,Federal Contract Tower,0,18,8,9,35,0,2,4,9,15,0,20,12,18,50,16,16,32,82
01/06/2002,MEI,MS,ASO,CE,Federal Contract Tower,0,11,15,30,56,0,7,2,0,9,0,18,17,30,65,0,54,54,119
01/07/2002,MEI,MS,ASO,CE,Federal Contract Tower,0,20,18,70,108,0,2,4,3,9,0,22,22,73,117,0,144,144,261
01/08/2002,MEI,MS,ASO,CE,Federal Contract Tower,0,21,8,58,87,0,2,10,10,22,0,23,18,68,109,0,200,200,309
01/09/2002,MEI,MS,ASO,CE,Federal Contract Tower,0,20,17,71,108,0,2,15,14,31,0,22,32,85,139,16,152,168,307
01/10/2002,MEI,MS,ASO,CE,Federal Contract Tower,0,18,16,56,90,0,2,6,9,17,0,20,22,65,107,8,162,170,277
01/11/2002,MEI,MS,ASO,CE,Federal Contract Tower,0,21,13,90,124,0,2,4,12,18,0,23,17,102,142,16,182,198,340
01/12/2002,MEI,MS,ASO,CE,Federal Contract Tower,0,18,7,12,37,0,2,7,0,9,0,20,14,12,46,0,0,0,46
01/13/2002,MEI,MS,ASO,CE,Federal Contract Tower,0,16,12,45,73,0,0,12,2,14,0,16,24,47,87,4,2,6,93
01/14/2002,MEI,MS,ASO,CE,Federal Contract Tower,0,24,24,83,131,0,0,0,24,24,0,24,24,107,155,0,186,186,341
01/15/2002,MEI,MS,ASO,CE,Federal Contract Tower,0,21,15,58,94,0,2,9,14,25,0,23,24,72,119,0,112,112,231
01/16/2002,MEI,MS,ASO,CE,Federal Contract Tower,0,13,32,90,135,0,2,15,34,51,0,15,47,124,186,22,176,198,384
01/17/2002,MEI,MS,ASO,CE,Federal Contract Tower,0,14,24,74,112,0,0,26,4,30,0,14,50,78,142,12,138,150,292
01/18/2002,MEI,MS,ASO,CE,Federal Contract Tower,0,14,17,87,118,0,2,0,0,2,0,16,17,87,120,0,0,0,120
01/19/2002,MEI,MS,ASO,CE,Federal Contract Tower,0,11,6,1,18,0,2,0,0,2,0,13,6,1,20,0,0,0,20
01/20/2002,MEI,MS,ASO,CE,Federal Contract Tower,0,13,24,17,54,0,2,13,0,15,0,15,37,17,69,10,4,14,83
01/21/2002,MEI,MS,ASO,CE,Federal Contract Tower,0,13,11,18,42,0,1,24,6,31,0,14,35,24,73,50,0,50,123
01/22/2002,MEI,MS,ASO,CE,Federal Contract Tower,0,12,9,69,90,0,1,0,6,7,0,13,9,75,97,4,138,142,239
01/23/2002,MEI,MS,ASO,CE,Federal Contract Tower,0,15,18,88,121,0,0,0,30,30,0,15,18,118,151,20,218,238,389
01/24/2002,MEI,MS,ASO,CE,Federal Contract Tower,0,13,15,43,71,0,5,12,0,17,0,18,27,43,88,10,118,128,216
01/25/2002,MEI,MS,ASO,CE,Federal Contract Tower,0,14,28,86,128,0,0,22,25,47,0,14,50,111,175,46,244,290,465
01/26/2002,MEI,MS,ASO,CE,Federal Contract Tower,0,14,15,2,31,0,1,25,16,42,0,15,40,18,73,14,74,88,161
01/27/2002,MEI,MS,ASO,CE,Federal Contract Tower,0,14,18,54,86,0,0,27,17,44,0,14,45,71,130,80,49,129,259
01/28/2002,MEI,MS,ASO,CE,Federal Contract Tower,0,13,9,71,93,0,1,16,3,20,0,14,25,74,113,15,130,145,258
01/29/2002,MEI,MS,ASO,CE,Federal Contract Tower,0,13,17,51,81,0,0,7,11,18,0,13,24,62,99,0,99,99,198
01/30/2002,MEI,MS,ASO,CE,Federal Contract Tower,0,15,28,88,131,0,0,0,25,25,0,15,28,113,156,42,187,229,385
01/31/2002,MEI,MS,ASO,CE,Federal Contract Tower,0,14,18,57,89,0,0,0,16,16,0,14,18,73,105,2,74,76,181
02/01/2002,MEI,MS,ASO,CE,Federal Contract Tower,0,16,11,68,95,0,0,6,5,11,0,16,17,73,106,20,114,134,240
02/02/2002,MEI,MS,ASO,CE,Federal Contract Tower,0,14,5,18,37,0,0,33,10,43,0,14,38,28,80,54,18,72,152
02/03/2002,MEI,MS,ASO,CE,Federal Contract Tower,0,14,20,39,73,0,0,15,2,17,0,14,35,41,90,10,42,52,142
02/04/2002,MEI,MS,ASO,CE,Federal Contract Tower,0,14,10,67,91,0,0,9,3,12,0,14,19,70,103,8,128,136,239
02/05/2002,MEI,MS,ASO,CE,Federal Contract Tower,0,10,11,12,33,0,0,0,2,2,0,10,11,14,35,2,0,2,37
02/06/2002,MEI,MS,ASO,CE,Federal Contract Tower,0,8,11,0,19,0,0,0,1,1,0,8,11,1,20,0,0,0,20
02/07/2002,MEI,MS,ASO,CE,Federal Contract Tower,0,16,11,82,109,0,0,8,4,12,0,16,19,86,121,0,168,168,289
02/08/2002,MEI,MS,ASO,CE,Federal Contract Tower,0,14,13,58,85,0,0,32,16,48,0,14,45,74,133,16,128,144,277
02/09/2002,MEI,MS,ASO,CE,Federal Contract Tower,0,14,17,3,34,0,0,28,16,44,0,14,45,19,78,12,78,90,168
02/10/2002,MEI,MS,ASO,CE,Federal Contract Tower,0,11,12,46,69,0,3,26,0,29,0,14,38,46,98,56,36,92,190
02/11/2002,MEI,MS,ASO,CE,Federal Contract Tower,0,16,12,102,130,0,0,16,7,23,0,16,28,109,153,0,270,270,423
02/12/2002,MEI,MS,ASO,CE,Federal Contract Tower,0,16,16,106,138,0,0,25,3,28,0,16,41,109,166,30,174,204,370
02/13/2002,MEI,MS,ASO,CE,Federal Contract Tower,0,20,17,114,151,0,0,10,11,21,0,20,27,125,172,0,216,216,388
02/14/2002,MEI,MS,ASO,CE,Federal Contract Tower,0,12,14,75,101,0,0,24,14,38,0,12,38,89,139,8,92,100,239
02/15/2002,MEI,MS,ASO,CE,Federal Contract Tower,0,16,23,94,133,0,0,18,13,31,0,16,41,107,164,34,160,194,358
02/16/2002,MEI,MS,ASO,CE,Federal Contract Tower,0,14,12,4,30,0,0,19,1,20,0,14,31,5,50,26,0,26,76
02/17/2002,MEI,MS,ASO,CE,Federal Contract Tower,0,5,6,5,16,0,9,29,0,38,0,14,35,5,54,0,0,0,54
02/18/2002,MEI,MS,ASO,CE,Federal Contract Tower,0,8,7,25,40,0,8,2,0,10,0,16,9,25,50,0,0,0,50
02/19/2002,MEI,MS,ASO,CE,Federal Contract Tower,0,13,13,49,75,0,0,6,8,14,0,13,19,57,89,0,138,138,227
02/20/2002,MEI,MS,ASO,CE,Federal Contract Tower,0,14,12,106,132,0,0,0,3,3,0,14,12,109,135,0,290,290,425
02/21/2002,MEI,MS,ASO,CE,Federal Contract Tower,0,14,20,84,118,0,0,27,33,60,0,14,47,117,178,48,337,385,563
02/22/2002,MEI,MS,ASO,CE,Federal Contract Tower,0,18,18,76,112,0,0,23,17,40,0,18,41,93,152,62,152,214,366
02/23/2002,MEI,MS,ASO,CE,Federal Contract Tower,0,14,4,22,40,0,0,53,12,65,0,14,57,34,105,2,34,36,141
02/24/2002,MEI,MS,ASO,CE,Federal Contract Tower,0,14,5,74,93,0,0,19,28,47,0,14,24,102,140,10,44,54,194
02/25/2002,MEI,MS,ASO,CE,Federal Contract Tower,0,15,25,44,84,0,0,15,5,20,0,15,40,49,104,10,234,244,348
02/26/2002,MEI,MS,ASO,CE,Federal Contract Tower,0,16,9,129,154,0,0,4,3,7,0,16,13,132,161,0,202,202,363
02/27/2002,MEI,MS,ASO,CE,Federal Contract Tower,0,14,24,136,174,0,0,7,1,8,0,14,31,137,182,0,156,156,338
02/28/2002,MEI,MS,ASO,CE,Federal Contract Tower,0,14,9,59,82,0,0,13,12,25,0,14,22,71,107,0,186,186,293
03/01/2002,MEI,MS,ASO,CE,Federal Contract Tower,0,16,20,77,113,0,0,0,45,45,0,16,20,122,158,0,248,248,406
03/02/2002,MEI,MS,ASO,CE,Federal Contract Tower,0,6,6,17,29,0,10,0,49,59,0,16,6,66,88,0,106,106,194
03/03/2002,MEI,MS,ASO,CE,Federal Contract Tower,0,14,9,25,48,0,0,2,32,34,0,14,11,57,82,6,34,40,122
03/04/2002,MEI,MS,ASO,CE,Federal Contract Tower,0,14,5,80,99,0,0,12,8,20,0,14,17,88,119,4,138,142,261
03/05/2002,MEI,MS,ASO,CE,Federal Contract Tower,0,14,13,43,70,0,0,30,7,37,0,14,43,50,107,2,170,172,279
03/06/2002,MEI,MS,ASO,CE,Federal Contract Tower,0,16,22,73,111,0,0,24,113,137,0,16,46,186,248,0,202,202,450
03/07/2002,MEI,MS,ASO,CE,Federal Contract Tower,0,16,13,76,105,0,0,24,12,36,0,16,37,88,141,24,138,162,303
03/08/2002,MEI,MS,ASO,CE,Federal Contract Tower,0,16,25,47,88,0,0,32,0,32,0,16,57,47,120,2,138,140,260
03/09/2002,MEI,MS,ASO,CE,Federal Contract Tower,0,14,2,0,16,0,0,1,0,1,0,14,3,0,17,0,0,0,17
03/10/2002,MEI,MS,ASO,CE,Federal Contract Tower,0,7,8,24,39,0,8,15,31,54,0,15,23,55,93,10,6,16,109
03/11/2002,MEI,MS,ASO,CE,Federal Contract Tower,0,12,17,55,84,0,0,5,7,12,0,12,22,62,96,26,116,142,238
03/12/2002,MEI,MS,ASO,CE,Federal Contract Tower,0,14,17,44,75,0,0,1,2,3,0,14,18,46,78,0,10,10,88
03/13/2002,MEI,MS,ASO,CE,Federal Contract Tower,0,14,27,91,132,0,0,20,21,41,0,14,47,112,173,74,180,254,427
03/14/2002,MEI,MS,ASO,CE,Federal Contract Tower,0,14,13,59,86,0,0,17,9,26,0,14,30,68,112,18,78,96,208
03/15/2002,MEI,MS,ASO,CE,Federal Contract Tower,0,12,24,63,99,0,0,6,7,13,0,12,30,70,112,0,88,88,200
03/16/2002,MEI,MS,ASO,CE,Federal Contract Tower,0,18,9,15,42,0,0,11,16,27,0,18,20,31,69,16,42,58,127
03/17/2002,MEI,MS,ASO,CE,Federal Contract Tower,0,14,15,33,62,0,0,15,0,15,0,14,30,33,77,0,28,28,105
03/18/2002,MEI,MS,ASO,CE,Federal Contract Tower,0,12,13,64,89,0,0,9,2,11,0,12,22,66,100,0,72,72,172
03/19/2002,MEI,MS,ASO,CE,Federal Contract Tower,0,14,13,84,111,0,0,6,8,14,0,14,19,92,125,2,224,226,351
03/20/2002,MEI,MS,ASO,CE,Federal Contract Tower,0,15,13,41,69,0,0,1,1,2,0,15,14,42,71,0,60,60,131
03/21/2002,MEI,MS,ASO,CE,Federal Contract Tower,0,19,31,107,157,0,0,30,19,49,0,19,61,126,206,12,201,213,419
03/22/2002,MEI,MS,ASO,CE,Federal Contract Tower,0,14,20,73,107,0,12,24,34,70,0,26,44,107,177,12,116,128,305
03/23/2002,MEI,MS,ASO,CE,Federal Contract Tower,0,8,9,17,34,0,1,34,0,35,0,9,43,17,69,24,69,93,162
03/24/2002,MEI,MS,ASO,CE,Federal Contract Tower,0,6,7,21,34,0,7,37,36,80,0,13,44,57,114,2,20,22,136
03/25/2002,MEI,MS,ASO,CE,Federal Contract Tower,0,15,16,54,85,0,0,10,3,13,0,15,26,57,98,8,76,84,182
03/26/2002,MEI,MS,ASO,CE,Federal Contract Tower,0,16,15,109,140,0,0,0,1,1,0,16,15,110,141,0,0,0,141
03/27/2002,MEI,MS,ASO,CE,Federal Contract Tower,0,3,21,69,93,0,0,49,7,56,0,3,70,76,149,5,125,130,279
03/28/2002,MEI,MS,ASO,CE,Federal Contract Tower,0,14,18,61,93,0,0,29,1,30,0,14,47,62,123,52,60,112,235
03/29/2002,MEI,MS,ASO,CE,Federal Contract Tower,0,14,21,76,111,0,0,10,6,16,0,14,31,82,127,12,70,82,209
03/30/2002,MEI,MS,ASO,CE,Federal Contract Tower,0,1,3,0,4,0,12,14,0,26,0,13,17,0,30,0,0,0,30
03/31/2002,MEI,MS,ASO,CE,Federal Contract Tower,0,15,11,3,29,0,0,4,1,5,0,15,15,4,34,0,0,0,34
04/01/2002,MEI,MS,ASO,CE,Federal Contract Tower,0,15,20,77,112,0,0,18,6,24,0,15,38,83,136,0,124,124,260
04/02/2002,MEI,MS,ASO,CE,Federal Contract Tower,0,12,14,59,85,0,0,17,8,25,0,12,31,67,110,18,41,59,169
04/03/2002,MEI,MS,ASO,CE,Federal Contract Tower,0,12,22,83,117,0,0,9,4,13,0,12,31,87,130,26,26,52,182
04/04/2002,MEI,MS,ASO,CE,Federal Contract Tower,0,12,10,109,131,0,0,20,8,28,0,12,30,117,159,10,50,60,219
04/05/2002,MEI,MS,ASO,CE,Federal Contract Tower,0,12,15,57,84,0,0,28,24,52,0,12,43,81,136,16,64,80,216
04/06/2002,MEI,MS,ASO,CE,Federal Contract Tower,0,12,17,10,39,0,0,18,5,23,0,12,35,15,62,16,19,35,97
04/07/2002,MEI,MS,ASO,CE,Federal Contract Tower,0,11,19,65,95,0,0,5,33,38,0,11,24,98,133,2,88,90,223
04/08/2002,MEI,MS,ASO,CE,Federal Contract Tower,0,3,4,2,9,0,9,6,0,15,0,12,10,2,24,0,0,0,24
04/09/2002,MEI,MS,ASO,CE,Federal Contract Tower,0,12,12,116,140,0,0,11,5,16,0,12,23,121,156,0,64,64,220
04/10/2002,MEI,MS,ASO,CE,Federal Contract Tower,0,12,28,99,139,0,0,9,19,28,0,12,37,118,167,2,158,160,327
04/11/2002,MEI,MS,ASO,CE,Federal Contract Tower,0,16,42,40,98,0,0,10,6,16,0,16,52,46,114,0,50,50,164
04/12/2002,MEI,MS,ASO,CE,Federal Contract Tower,0,12,16,51,79,0,0,7,7,14,0,12,23,58,93,0,32,32,125
04/13/2002,MEI,MS,ASO,CE,Federal Contract Tower,0,12,16,3,31,0,0,12,2,14,0,12,28,5,45,2,6,8,53
04/14/2002,MEI,MS,ASO,CE,Federal Contract Tower,0,8,10,35,53,0,4,19,8,31,0,12,29,43,84,10,4,14,98
04/15/2002,MEI,MS,ASO,CE,Federal Contract Tower,0,12,13,58,83,0,0,7,3,10,0,12,20,61,93,14,0,14,107
04/16/2002,MEI,MS,ASO,CE,Federal Contract Tower,0,11,13,47,71,0,0,8,8,16,0,11,21,55,87,14,51,65,152
04/17/2002,MEI,MS,ASO,CE,Federal Contract Tower,0,12,21,72,105,0,0,7,3,10,0,12,28,75,115,6,30,36,151
04/18/2002,MEI,MS,ASO,CE,Federal Contract Tower,0,13,24,100,137,0,0,21,11,32,0,13,45,111,169,14,116,130,299
04/19/2002,MEI,MS,ASO,CE,Federal Contract Tower,0,15,14,82,111,0,0,17,5,22,0,15,31,87,133,24,52,76,209
04/20/2002,MEI,MS,ASO,CE,Federal Contract Tower,0,11,10,7,28,0,6,17,0,23,0,17,27,7,51,8,0,8,59
04/21/2002,MEI,MS,ASO,CE,Federal Contract Tower,0,12,29,43,84,0,0,17,19,36,0,12,46,62,120,10,6,16,136
04/22/2002,MEI,MS,ASO,CE,Federal Contract Tower,0,13,18,117,148,0,0,7,4,11,0,13,25,121,159,7,24,31,190
04/23/2002,MEI,MS,ASO,CE,Federal Contract Tower,0,15,21,47,83,0,2,19,3,24,0,17,40,50,107,0,30,30,137
04/24/2002,MEI,MS,ASO,CE,Federal Contract Tower,0,11,18,56,85,0,1,13,13,27,0,12,31,69,112,2,66,68,180
04/25/2002,MEI,MS,ASO,CE,Federal Contract Tower,0,12,19,62,93,0,0,23,35,58,0,12,42,97,151,10,82,92,243
04/26/2002,MEI,MS,ASO,CE,Federal Contract Tower,0,14,22,82,118,0,0,7,10,17,0,14,29,92,135,4,18,22,157
04/27/2002,MEI,MS,ASO,CE,Federal Contract Tower,0,3,6,10,19,0,11,15,0,26,0,14,21,10,45,8,6,14,59
04/28/2002,MEI,MS,ASO,CE,Federal Contract Tower,0,7,11,35,53,0,5,20,0,25,0,12,31,35,78,0,0,0,78
04/29/2002,MEI,MS,ASO,CE,Federal Contract Tower,0,12,10,78,100,0,0,16,3,19,0,12,26,81,119,44,81,125,244
04/30/2002,MEI,MS,ASO,CE,Federal Contract Tower,0,12,16,65,93,0,0,8,7,15,0,12,24,72,108,0,164,164,272
05/01/2002,MEI,MS,ASO,CE,Federal Contract Tower,0,14,9,52,75,0,0,12,8,20,0,14,21,60,95,0,108,108,203
05/02/2002,MEI,MS,ASO,CE,Federal Contract Tower,0,12,13,73,98,0,0,15,8,23,0,12,28,81,121,10,110,120,241
05/03/2002,MEI,MS,ASO,CE,Federal Contract Tower,0,12,10,57,79,0,0,6,14,20,0,12,16,71,99,14,68,82,181
05/04/2002,MEI,MS,ASO,CE,Federal Contract Tower,0,12,11,20,43,0,0,12,3,15,0,12,23,23,58,14,0,14,72
05/05/2002,MEI,MS,ASO,CE,Federal Contract Tower,0,13,11,78,102,0,0,14,14,28,0,13,25,92,130,24,30,54,184
05/06/2002,MEI,MS,ASO,CE,Federal Contract Tower,0,11,20,74,105,0,0,16,8,24,0,11,36,82,129,4,80,84,213
05/07/2002,MEI,MS,ASO,CE,Federal Contract Tower,0,12,12,43,67,0,0,10,4,14,0,12,22,47,81,0,47,47,128
05/08/2002,MEI,MS,ASO,CE,Federal Contract Tower,0,14,19,129,162,0,0,6,70,76,0,14,25,199,238,0,6,6,244
05/09/2002,MEI,MS,ASO,CE,Federal Contract Tower,0,12,21,79,112,0,0,30,0,30,0,12,51,79,142,12,320,332,474
05/10/2002,MEI,MS,ASO,CE,Federal Contract Tower,0,12,20,32,64,0,0,9,9,18,0,12,29,41,82,0,58,58,140
05/11/2002,MEI,MS,ASO,CE,Federal Contract Tower,0,14,12,2,28,0,0,29,1,30,0,14,41,3,58,0,0,0,58
05/12/2002,MEI,MS,ASO,CE,Federal Contract Tower,0,12,9,27,48,0,0,16,2,18,0,12,25,29,66,0,22,22,88
05/13/2002,MEI,MS,ASO,CE,Federal Contract Tower,0,12,7,62,81,0,0,6,4,10,0,12,13,66,91,0,106,106,197
05/14/2002,MEI,MS,ASO,CE,Federal Contract Tower,0,12,19,100,131,0,0,54,3,57,0,12,73,103,188,6,54,60,248
05/15/2002,MEI,MS,ASO,CE,Federal Contract Tower,0,12,12,84,108,0,0,49,3,52,0,12,61,87,160,2,92,94,254
05/16/2002,MEI,MS,ASO,CE,Federal Contract Tower,0,14,21,79,114,0,0,1,19,20,0,14,22,98,134,4,182,186,320
05/17/2002,MEI,MS,ASO,CE,Federal Contract Tower,0,10,12,34,56,0,0,13,0,13,0,10,25,34,69,0,52,52,121
05/18/2002,MEI,MS,ASO,CE,Federal Contract Tower,0,12,20,9,41,0,0,8,27,35,0,12,28,36,76,0,22,22,98
05/19/2002,MEI,MS,ASO,CE,Federal Contract Tower,0,12,7,36,55,0,0,23,8,31,0,12,30,44,86,16,82,98,184
05/20/2002,MEI,MS,ASO,CE,Federal Contract Tower,0,12,10,92,114,0,0,22,13,35,0,12,32,105,149,30,122,152,301
05/21/2002,MEI,MS,ASO,CE,Federal Contract Tower,0,10,11,88,109,0,0,25,5,30,0,10,36,93,139,0,104,104,243
05/22/2002,MEI,MS,ASO,CE,Federal Contract Tower,0,12,18,63,93,0,0,32,13,45,0,12,50,76,138,28,138,166,304
05/23/2002,MEI,MS,ASO,CE,Federal Contract Tower,0,12,18,62,92,0,0,27,9,36,0,12,45,71,128,25,40,65,193
05/24/2002,MEI,MS,ASO,CE,Federal Contract Tower,0,12,18,19,49,0,0,12,1,13,0,12,30,20,62,48,0,48,110
05/25/2002,MEI,MS,ASO,CE,Federal Contract Tower,0,1,2,0,3,0,11,15,0,26,0,12,17,0,29,16,0,16,45
05/26/2002,MEI,MS,ASO,CE,Federal Contract Tower,0,12,6,6,24,0,0,18,0,18,0,12,24,6,42,0,0,0,42
05/27/2002,MEI,MS,ASO,CE,Federal Contract Tower,0,12,16,15,43,0,0,18,1,19,0,12,34,16,62,14,2,16,78
05/28/2002,MEI,MS,ASO,CE,Federal Contract Tower,0,11,16,111,138,0,0,20,4,24,0,11,36,115,162,16,30,46,208
05/29/2002,MEI,MS,ASO,CE,Federal Contract Tower,0,9,10,32,51,0,3,10,0,13,0,12,20,32,64,32,12,44,108
05/30/2002,MEI,MS,ASO,CE,Federal Contract Tower,0,12,26,108,146,0,0,0,32,32,0,12,26,140,178,24,4,28,206
05/31/2002,MEI,MS,ASO,CE,Federal Contract Tower,0,12,17,67,96,0,0,18,16,34,0,12,35,83,130,16,56,72,202
06/01/2002,MEI,MS,ASO,CE,Federal Contract Tower,0,6,11,23,40,0,6,27,0,33,0,12,38,23,73,10,24,34,107
06/02/2002,MEI,MS,ASO,CE,Federal Contract Tower,0,10,13,21,44,0,1,21,3,25,0,11,34,24,69,38,12,50,119
06/03/2002,MEI,MS,ASO,CE,Federal Contract Tower,0,12,22,74,108,0,0,2,12,14,0,12,24,86,122,4,89,93,215
06/04/2002,MEI,MS,ASO,CE,Federal Contract Tower,0,11,19,101,131,0,1,9,9,19,0,12,28,110,150,0,108,108,258
06/05/2002,MEI,MS,ASO,CE,Federal Contract Tower,0,12,19,79,110,0,0,0,23,23,0,12,19,102,133,4,102,106,239
06/06/2002,MEI,MS,ASO,CE,Federal Contract Tower,0,12,12,66,90,0,0,8,12,20,0,12,20,78,110,22,238,260,370
06/07/2002,MEI,MS,ASO,CE,Federal Contract Tower,0,12,22,39,73,0,0,19,23,42,0,12,41,62,115,0,114,114,229
06/08/2002,MEI,MS,ASO,CE,Federal Contract Tower,0,12,11,19,42,0,0,20,18,38,0,12,31,37,80,12,88,100,180
06/09/2002,MEI,MS,ASO,CE,Federal Contract Tower,0,13,9,35,57,0,0,22,8,30,0,13,31,43,87,2,14,16,103
06/10/2002,MEI,MS,ASO,CE,Federal Contract Tower,0,12,16,62,90,0,0,10,6,16,0,12,26,68,106,4,94,98,204
06/11/2002,MEI,MS,ASO,CE,Federal Contract Tower,0,12,28,82,122,0,0,11,11,22,0,12,39,93,144,9,128,137,281
06/12/2002,MEI,MS,ASO,CE,Federal Contract Tower,0,12,9,106,127,0,0,25,11,36,0,12,34,117,163,34,97,131,294
06/13/2002,MEI,MS,ASO,CE,Federal Contract Tower,0,12,24,77,113,0,0,20,57,77,0,12,44,134,190,0,250,250,440
06/14/2002,MEI,MS,ASO,CE,Federal Contract Tower,0,12,16,66,94,0,0,24,9,33,0,12,40,75,127,20,80,100,227
06/15/2002,MEI,MS,ASO,CE,Federal Contract Tower,0,12,12,0,24,0,0,29,10,39,0,12,41,10,63,62,0,62,125
06/16/2002,MEI,MS,ASO,CE,Federal Contract Tower,0,12,12,49,73,0,0,18,2,20,0,12,30,51,93,0,0,0,93
06/17/2002,MEI,MS,ASO,CE,Federal Contract Tower,0,12,18,91,121,0,0,14,6,20,0,12,32,97,141,2,50,52,193
06/18/2002,MEI,MS,ASO,CE,Federal Contract Tower,0,12,12,108,132,0,0,16,9,25,0,12,28,117,157,40,218,258,415
06/19/2002,MEI,MS,ASO,CE,Federal Contract Tower,0,11,16,42,69,0,1,15,0,16,0,12,31,42,85,16,24,40,125
06/20/2002,MEI,MS,ASO,CE,Federal Contract Tower,0,12,27,49,88,0,0,17,10,27,0,12,44,59,115,0,88,88,203
06/21/2002,MEI,MS,ASO,CE,Federal Contract Tower,0,10,13,47,70,0,2,8,36,46,0,12,21,83,116,0,160,160,276
06/22/2002,MEI,MS,ASO,CE,Federal Contract Tower,0,12,9,5,26,0,0,20,0,20,0,12,29,5,46,8,2,10,56
06/23/2002,MEI,MS,ASO,CE,Federal Contract Tower,0,12,11,18,41,0,0,4,0,4,0,12,15,18,45,0,0,0,45
06/24/2002,MEI,MS,ASO,CE,Federal Contract Tower,0,12,11,60,83,0,0,4,3,7,0,12,15,63,90,0,6,6,96
06/25/2002,MEI,MS,ASO,CE,Federal Contract Tower,0,12,25,115,152,0,0,16,7,23,0,12,41,122,175,6,124,130,305
06/26/2002,MEI,MS,ASO,CE,Federal Contract Tower,0,12,17,52,81,0,0,7,13,20,0,12,24,65,101,10,10,20,121
06/27/2002,MEI,MS,ASO,CE,Federal Contract Tower,0,12,15,14,41,0,0,3,8,11,0,12,18,22,52,4,82,86,138
06/28/2002,MEI,MS,ASO,CE,Federal Contract Tower,0,12,24,35,71,0,0,17,14,31,0,12,41,49,102,0,26,26,128
06/29/2002,MEI,MS,ASO,CE,Federal Contract Tower,0,14,13,15,42,0,0,13,1,14,0,14,26,16,56,0,16,16,72
06/30/2002,MEI,MS,ASO,CE,Federal Contract Tower,0,13,16,117,146,0,0,12,12,24,0,13,28,129,170,2,22,24,194
07/01/2002,MEI,MS,ASO,CE,Federal Contract Tower,0,12,22,92,126,0,0,7,12,19,0,12,29,104,145,36,76,112,257
07/02/2002,MEI,MS,ASO,CE,Federal Contract Tower,0,12,22,100,134,0,0,18,16,34,0,12,40,116,168,20,170,190,358
07/03/2002,MEI,MS,ASO,CE,Federal Contract Tower,0,14,18,22,54,0,0,3,12,15,0,14,21,34,69,2,252,254,323
07/04/2002,MEI,MS,ASO,CE,Federal Contract Tower,0,10,10,0,20,0,0,0,28,28,0,10,10,28,48,0,0,0,48
07/05/2002,MEI,MS,ASO,CE,Federal Contract Tower,0,12,8,0,20,0,0,17,1,18,0,12,25,1,38,8,0,8,46
07/06/2002,MEI,MS,ASO,CE,Federal Contract Tower,0,12,12,0,24,0,0,18,0,18,0,12,30,0,42,18,0,18,60
07/07/2002,MEI,MS,ASO,CE,Federal Contract Tower,0,7,11,3,21,0,5,16,0,21,0,12,27,3,42,0,0,0,42
07/08/2002,MEI,MS,ASO,CE,Federal Contract Tower,0,12,11,80,103,0,0,20,24,44,0,12,31,104,147,12,122,134,281
07/09/2002,MEI,MS,ASO,CE,Federal Contract Tower,0,12,22,97,131,0,0,28,7,35,0,12,50,104,166,48,94,142,308
07/10/2002,MEI,MS,ASO,CE,Federal Contract Tower,0,12,15,125,152,0,0,9,6,15,0,12,24,131,167,0,192,192,359
07/11/2002,MEI,MS,ASO,CE,Federal Contract Tower,0,12,23,37,72,0,0,10,5,15,0,12,33,42,87,16,0,16,103
07/12/2002,MEI,MS,ASO,CE,Federal Contract Tower,0,13,18,39,70,0,0,8,15,23,0,13,26,54,93,44,30,74,167
07/13/2002,MEI,MS,ASO,CE,Federal Contract Tower,0,12,16,14,42,0,0,10,12,22,0,12,26,26,64,0,24,24,88
07/14/2002,MEI,MS,ASO,CE,Federal Contract Tower,0,12,11,42,65,0,0,4,7,11,0,12,15,49,76,2,18,20,96
07/15/2002,MEI,MS,ASO,CE,Federal Contract Tower,0,12,10,49,71,0,0,9,3,12,0,12,19,52,83,26,72,98,181
07/16/2002,MEI,MS,ASO,CE,Federal Contract Tower,0,12,25,61,98,0,0,23,3,26,0,12,48,64,124,40,89,129,253
07/17/2002,MEI,MS,ASO,CE,Federal Contract Tower,0,12,22,71,105,0,0,10,8,18,0,12,32,79,123,10,190,200,323
07/18/2002,MEI,MS,ASO,CE,Federal Contract Tower,0,11,21,80,112,0,0,14,9,23,0,11,35,89,135,2,200,202,337
07/19/2002,MEI,MS,ASO,CE,Federal Contract Tower,0,12,23,55,90,0,0,8,0,8,0,12,31,55,98,8,34,42,140
07/20/2002,MEI,MS,ASO,CE,Federal Contract Tower,0,12,15,2,29,0,0,19,2,21,0,12,34,4,50,20,6,26,76
07/21/2002,MEI,MS,ASO,CE,Federal Contract Tower,0,12,13,6,31,0,0,4,0,4,0,12,17,6,35,0,0,0,35
07/22/2002,MEI,MS,ASO,CE,Federal Contract Tower,0,12,13,75,100,0,0,21,2,23,0,12,34,77,123,36,112,148,271
07/23/2002,MEI,MS,ASO,CE,Federal Contract Tower,0,14,28,59,101,0,0,17,7,24,0,14,45,66,125,0,146,146,271
07/24/2002,MEI,MS,ASO,CE,Federal Contract Tower,0,12,25,58,95,0,0,9,1,10,0,12,34,59,105,10,92,102,207
07/25/2002,MEI,MS,ASO,CE,Federal Contract Tower,0,11,28,40,79,0,0,19,3,22,0,11,47,43,101,0,38,38,139
07/26/2002,MEI,MS,ASO,CE,Federal Contract Tower,0,12,9,52,73,0,0,7,6,13,0,12,16,58,86,18,46,64,150
07/27/2002,MEI,MS,ASO,CE,Federal Contract Tower,0,12,12,13,37,0,0,11,4,15,0,12,23,17,52,8,0,8,60
07/28/2002,MEI,MS,ASO,CE,Federal Contract Tower,0,4,7,18,29,0,8,14,20,42,0,12,21,38,71,16,10,26,97
07/29/2002,MEI,MS,ASO,CE,Federal Contract Tower,0,12,11,56,79,0,0,13,5,18,0,12,24,61,97,10,52,62,159
07/30/2002,MEI,MS,ASO,CE,Federal Contract Tower,0,14,14,29,57,0,0,2,8,10,0,14,16,37,67,2,34,36,103
07/31/2002,MEI,MS,ASO,CE,Federal Contract Tower,0,12,21,49,82,0,0,3,12,15,0,12,24,61,97,12,118,130,227
08/01/2002,MEI,MS,ASO,CE,Federal Contract Tower,0,14,15,71,100,0,0,17,21,38,0,14,32,92,138,12,132,144,282
08/02/2002,MEI,MS,ASO,CE,Federal Contract Tower,0,12,12,74,98,0,0,13,5,18,0,12,25,79,116,0,81,81,197
08/03/2002,MEI,MS,ASO,CE,Federal Contract Tower,0,12,9,8,29,0,0,11,10,21,0,12,20,18,50,0,0,0,50
08/04/2002,MEI,MS,ASO,CE,Federal Contract Tower,0,12,15,18,45,0,0,5,4,9,0,12,20,22,54,0,0,0,54
08/05/2002,MEI,MS,ASO,CE,Federal Contract Tower,0,11,9,56,76,0,0,9,11,20,0,11,18,67,96,32,62,94,190
08/06/2002,MEI,MS,ASO,CE,Federal Contract Tower,0,12,18,60,90,0,0,16,5,21,0,12,34,65,111,8,42,50,161
08/07/2002,MEI,MS,ASO,CE,Federal Contract Tower,0,12,14,76,102,0,0,10,3,13,0,12,24,79,115,14,115,129,244
08/08/2002,MEI,MS,ASO,CE,Federal Contract Tower,0,12,16,73,101,0,0,12,4,16,0,12,28,77,117,4,90,94,211
08/09/2002,MEI,MS,ASO,CE,Federal Contract Tower,0,12,7,74,93,0,0,17,8,25,0,12,24,82,118,16,84,100,218
08/10/2002,MEI,MS,ASO,CE,Federal Contract Tower,0,11,14,8,33,0,1,26,0,27,0,12,40,8,60,10,10,20,80
08/11/2002,MEI,MS,ASO,CE,Federal Contract Tower,0,12,19,25,56,0,0,16,1,17,0,12,35,26,73,4,0,4,77
08/12/2002,MEI,MS,ASO,CE,Federal Contract Tower,0,13,16,56,85,0,1,30,4,35,0,14,46,60,120,10,92,102,222
08/13/2002,MEI,MS,ASO,CE,Federal Contract Tower,0,12,12,55,79,0,0,18,3,21,0,12,30,58,100,2,158,160,260
08/14/2002,MEI,MS,ASO,CE,Federal Contract Tower,0,12,5,79,96,0,0,10,4,14,0,12,15,83,110,18,144,162,272
08/15/2002,MEI,MS,ASO,CE,Federal Contract Tower,0,10,29,42,81,0,0,7,4,11,0,10,36,46,92,0,102,102,194
08/16/2002,MEI,MS,ASO,CE,Federal Contract Tower,0,12,16,52,80,0,0,13,2,15,0,12,29,54,95,34,137,171,266
08/17/2002,MEI,MS,ASO,CE,Federal Contract Tower,0,14,7,6,27,0,0,25,5,30,0,14,32,11,57,62,0,62,119
08/18/2002,MEI,MS,ASO,CE,Federal Contract Tower,0,14,33,58,105,0,0,18,3,21,0,14,51,61,126,6,0,6,132
08/19/2002,MEI,MS,ASO,CE,Federal Contract Tower,0,9,12,30,51,0,4,7,0,11,0,13,19,30,62,4,30,34,96
08/20/2002,MEI,MS,ASO,CE,Federal Contract Tower,0,15,28,65,108,0,0,10,3,13,0,15,38,68,121,32,34,66,187
08/21/2002,MEI,MS,ASO,CE,Federal Contract Tower,0,12,26,90,128,0,0,6,19,25,0,12,32,109,153,30,128,158,311
08/22/2002,MEI,MS,ASO,CE,Federal Contract Tower,0,12,32,64,108,0,0,21,3,24,0,12,53,67,132,18,70,88,220
08/23/2002,MEI,MS,ASO,CE,Federal Contract Tower,0,12,28,95,135,0,0,17,12,29,0,12,45,107,164,24,102,126,290
08/24/2002,MEI,MS,ASO,CE,Federal Contract Tower,0,12,8,2,22,0,0,27,7,34,0,12,35,9,56,4,14,18,74
08/25/2002,MEI,MS,ASO,CE,Federal Contract Tower,0,12,21,32,65,0,0,11,9,20,0,12,32,41,85,0,30,30,115
08/26/2002,MEI,MS,ASO,CE,Federal Contract Tower,0,12,11,101,124,0,0,24,11,35,0,12,35,112,159,34,168,202,361
08/27/2002,MEI,MS,ASO,CE,Federal Contract Tower,0,12,21,132,165,0,0,18,14,32,0,12,39,146,197,28,112,140,337
08/28/2002,MEI,MS,ASO,CE,Federal Contract Tower,0,12,22,135,169,0,0,27,9,36,0,12,49,144,205,60,178,238,443
08/29/2002,MEI,MS,ASO,CE,Federal Contract Tower,0,12,22,75,109,0,0,4,13,17,0,12,26,88,126,2,90,92,218
08/30/2002,MEI,MS,ASO,CE,Federal Contract Tower,0,12,14,40,66,0,0,16,7,23,0,12,30,47,89,32,180,212,301
08/31/2002,MEI,MS,ASO,CE,Federal Contract Tower,0,2,5,2,9,0,10,15,0,25,0,12,20,2,34,2,2,4,38
09/01/2002,MEI,MS,ASO,CE,Federal Contract Tower,0,11,19,1,31,0,0,14,1,15,0,11,33,2,46,4,0,4,50
09/02/2002,MEI,MS,ASO,CE,Federal Contract Tower,0,10,16,18,44,0,0,8,2,10,0,10,24,20,54,20,0,20,74
09/03/2002,MEI,MS,ASO,CE,Federal Contract Tower,0,12,27,101,140,0,0,18,4,22,0,12,45,105,162,10,60,70,232
09/04/2002,MEI,MS,ASO,CE,Federal Contract Tower,0,12,19,79,110,0,0,15,2,17,0,12,34,81,127,40,188,228,355
09/05/2002,MEI,MS,ASO,CE,Federal Contract Tower,0,9,23,62,94,0,0,27,29,56,0,9,50,91,150,36,144,180,330
09/06/2002,MEI,MS,ASO,CE,Federal Contract Tower,0,12,16,82,110,0,0,31,6,37,0,12,47,88,147,16,122,138,285
09/07/2002,MEI,MS,ASO,CE,Federal Contract Tower,0,12,8,17,37,0,0,14,4,18,0,12,22,21,55,18,0,18,73
09/08/2002,MEI,MS,ASO,CE,Federal Contract Tower,0,12,9,60,81,0,0,18,3,21,0,12,27,63,102,22,26,48,150
09/09/2002,MEI,MS,ASO,CE,Federal Contract Tower,0,13,14,100,127,0,0,8,9,17,0,13,22,109,144,0,100,100,244
09/10/2002,MEI,MS,ASO,CE,Federal Contract Tower,0,8,20,72,100,0,0,13,9,22,0,8,33,81,122,6,74,80,202
09/11/2002,MEI,MS,ASO,CE,Federal Contract Tower,0,8,25,76,109,0,0,10,17,27,0,8,35,93,136,0,118,118,254
09/12/2002,MEI,MS,ASO,CE,Federal Contract Tower,0,8,22,58,88,0,0,18,4,22,0,8,40,62,110,0,66,66,176
09/13/2002,MEI,MS,ASO,CE,Federal Contract Tower,0,12,28,69,109,0,0,11,13,24,0,12,39,82,133,6,116,122,255
09/14/2002,MEI,MS,ASO,CE,Federal Contract Tower,0,3,6,18,27,0,9,4,5,18,0,12,10,23,45,0,36,36,81
09/15/2002,MEI,MS,ASO,CE,Federal Contract Tower,0,10,18,10,38,0,0,20,1,21,0,10,38,11,59,10,0,10,69
09/16/2002,MEI,MS,ASO,CE,Federal Contract Tower,0,12,9,66,87,0,0,2,5,7,0,12,11,71,94,0,64,64,158
09/17/2002,MEI,MS,ASO,CE,Federal Contract Tower,0,12,24,101,137,0,0,8,0,8,0,12,32,101,145,20,38,58,203
09/18/2002,MEI,MS,ASO,CE,Federal Contract Tower,0,14,25,109,148,0,0,10,4,14,0,14,35,113,162,28,108,136,298
09/19/2002,MEI,MS,ASO,CE,Federal Contract Tower,0,12,31,89,132,0,0,20,9,29,0,12,51,98,161,12,358,370,531
09/20/2002,MEI,MS,ASO,CE,Federal Contract Tower,0,12,18,41,71,0,0,0,10,10,0,12,18,51,81,0,14,14,95
09/21/2002,MEI,MS,ASO,CE,Federal Contract Tower,0,12,16,8,36,0,0,3,0,3,0,12,19,8,39,6,0,6,45
09/22/2002,MEI,MS,ASO,CE,Federal Contract Tower,0,12,5,11,28,0,0,1,0,1,0,12,6,11,29,0,6,6,35
09/23/2002,MEI,MS,ASO,CE,Federal Contract Tower,0,12,16,76,104,0,0,14,6,20,0,12,30,82,124,2,182,184,308
09/24/2002,MEI,MS,ASO,CE,Federal Contract Tower,0,12,14,80,106,0,0,11,7,18,0,12,25,87,124,12,76,88,212
09/25/2002,MEI,MS,ASO,CE,Federal Contract Tower,0,12,11,1,24,0,0,0,0,0,0,12,11,1,24,0,0,0,24
09/26/2002,MEI,MS,ASO,CE,Federal Contract Tower,0,10,1,0,11,0,0,0,0,0,0,10,1,0,11,0,0,0,11
09/27/2002,MEI,MS,ASO,CE,Federal Contract Tower,0,12,26,50,88,0,0,8,7,15,0,12,34,57,103,0,48,48,151
09/28/2002,MEI,MS,ASO,CE,Federal Contract Tower,0,10,13,7,30,0,0,22,2,24,0,10,35,9,54,0,2,2,56
09/29/2002,MEI,MS,ASO,CE,Federal Contract Tower,0,14,14,31,59,0,0,27,1,28,0,14,41,32,87,12,0,12,99
09/30/2002,MEI,MS,ASO,CE,Federal Contract Tower,0,14,11,55,80,0,0,14,0,14,0,14,25,55,94,26,0,26,120
10/01/2002,MEI,MS,ASO,CE,Federal Contract Tower,0,13,16,50,79,0,1,18,14,33,0,14,34,64,112,22,64,86,198
10/02/2002,MEI,MS,ASO,CE,Federal Contract Tower,0,13,42,97,152,0,3,15,11,29,0,16,57,108,181,26,220,246,427
10/03/2002,MEI,MS,ASO,CE,Federal Contract Tower,0,5,7,47,59,0,0,0,16,16,0,5,7,63,75,12,35,47,122
10/04/2002,MEI,MS,ASO,CE,Federal Contract Tower,0,4,26,34,64,0,2,13,2,17,0,6,39,36,81,8,52,60,141
10/05/2002,MEI,MS,ASO,CE,Federal Contract Tower,0,10,20,11,41,0,2,8,6,16,0,12,28,17,57,0,10,10,67
10/06/2002,MEI,MS,ASO,CE,Federal Contract Tower,0,4,15,33,52,0,6,22,7,35,0,10,37,40,87,30,22,52,139
10/07/2002,MEI,MS,ASO,CE,Federal Contract Tower,0,10,22,86,118,0,2,4,1,7,0,12,26,87,125,22,66,88,213
10/08/2002,MEI,MS,ASO,CE,Federal Contract Tower,0,8,13,83,104,0,3,6,38,47,0,11,19,121,151,0,22,22,173
10/09/2002,MEI,MS,ASO,CE,Federal Contract Tower,0,15,19,127,161,0,1,4,3,8,0,16,23,130,169,24,76,100,269
10/10/2002,MEI,MS,ASO,CE,Federal Contract Tower,0,16,18,43,77,0,1,0,3,4,0,17,18,46,81,0,0,0,81
10/11/2002,MEI,MS,ASO,CE,Federal Contract Tower,0,12,21,98,131,0,1,16,4,21,0,13,37,102,152,14,144,158,310
10/12/2002,MEI,MS,ASO,CE,Federal Contract Tower,0,12,20,1,33,0,1,5,1,7,0,13,25,2,40,0,0,0,40
10/13/2002,MEI,MS,ASO,CE,Federal Contract Tower,0,11,26,13,50,0,1,5,1,7,0,12,31,14,57,0,2,2,59
10/14/2002,MEI,MS,ASO,CE,Federal Contract Tower,0,3,11,26,40,0,9,23,2,34,0,12,34,28,74,38,0,38,112
10/15/2002,MEI,MS,ASO,CE,Federal Contract Tower,0,12,25,41,78,0,0,0,1,1,0,12,25,42,79,0,0,0,79
10/16/2002,MEI,MS,ASO,CE,Federal Contract Tower,0,13,12,83,108,0,0,27,4,31,0,13,39,87,139,0,98,98,237
10/17/2002,MEI,MS,ASO,CE,Federal Contract Tower,0,13,31,83,127,0,0,25,21,46,0,13,56,104,173,38,144,182,355
10/18/2002,MEI,MS,ASO,CE,Federal Contract Tower,0,14,24,60,98,0,0,25,5,30,0,14,49,65,128,60,70,130,258
10/19/2002,MEI,MS,ASO,CE,Federal Contract Tower,0,10,10,0,20,0,0,23,2,25,0,10,33,2,45,4,0,4,49
10/20/2002,MEI,MS,ASO,CE,Federal Contract Tower,0,4,10,21,35,0,8,2,0,10,0,12,12,21,45,0,2,2,47
10/21/2002,MEI,MS,ASO,CE,Federal Contract Tower,0,12,27,88,127,0,0,10,2,12,0,12,37,90,139,16,76,92,231
10/22/2002,MEI,MS,ASO,CE,Federal Contract Tower,0,13,36,58,107,0,0,24,0,24,0,13,60,58,131,32,118,150,281
10/23/2002,MEI,MS,ASO,CE,Federal Contract Tower,0,15,31,83,129,0,0,12,4,16,0,15,43,87,145,10,162,172,317
10/24/2002,MEI,MS,ASO,CE,Federal Contract Tower,0,14,22,101,137,0,0,0,27,27,0,14,22,128,164,0,54,54,218
10/25/2002,MEI,MS,ASO,CE,Federal Contract Tower,0,11,24,54,89,0,1,6,0,7,0,12,30,54,96,0,0,0,96
10/26/2002,MEI,MS,ASO,CE,Federal Contract Tower,0,6,11,27,44,0,6,0,0,6,0,12,11,27,50,0,0,0,50
10/27/2002,MEI,MS,ASO,CE,Federal Contract Tower,0,12,10,5,27,0,0,0,1,1,0,12,10,6,28,0,0,0,28
10/28/2002,MEI,MS,ASO,CE,Federal Contract Tower,0,10,17,56,83,0,0,0,1,1,0,10,17,57,84,12,98,110,194
10/29/2002,MEI,MS,ASO,CE,Federal Contract Tower,0,12,15,68,95,0,0,0,22,22,0,12,15,90,117,34,162,196,313
10/30/2002,MEI,MS,ASO,CE,Federal Contract Tower,0,15,12,126,153,0,15,44,76,135,0,30,56,202,288,14,120,134,422
10/31/2002,MEI,MS,ASO,CE,Federal Contract Tower,0,12,18,80,110,0,0,24,11,35,0,12,42,91,145,8,138,146,291
11/01/2002,MEI,MS,ASO,CE,Federal Contract Tower,0,12,16,92,120,0,0,33,107,140,0,12,49,199,260,34,190,224,484
11/02/2002,MEI,MS,ASO,CE,Federal Contract Tower,0,11,8,51,70,0,0,22,4,26,0,11,30,55,96,8,12,20,116
11/03/2002,MEI,MS,ASO,CE,Federal Contract Tower,0,18,18,98,134,0,0,0,13,13,0,18,18,111,147,0,104,104,251
11/04/2002,MEI,MS,ASO,CE,Federal Contract Tower,0,12,13,42,67,0,0,0,2,2,0,12,13,44,69,0,0,0,69
11/05/2002,MEI,MS,ASO,CE,Federal Contract Tower,0,10,6,40,56,0,0,2,1,3,0,10,8,41,59,0,0,0,59
11/06/2002,MEI,MS,ASO,CE,Federal Contract Tower,0,10,25,89,124,0,0,38,0,38,0,10,63,89,162,0,150,150,312
11/07/2002,MEI,MS,ASO,CE,Federal Contract Tower,0,10,13,116,139,0,0,32,9,41,0,10,45,125,180,20,168,188,368
11/08/2002,MEI,MS,ASO,CE,Federal Contract Tower,0,12,23,60,95,0,0,31,9,40,0,12,54,69,135,0,264,264,399
11/09/2002,MEI,MS,ASO,CE,Federal Contract Tower,0,12,15,54,81,0,0,15,2,17,0,12,30,56,98,30,28,58,156
11/10/2002,MEI,MS,ASO,CE,Federal Contract Tower,0,2,5,2,9,0,12,16,0,28,0,14,21,2,37,0,0,0,37
11/11/2002,MEI,MS,ASO,CE,Federal Contract Tower,0,12,19,24,55,0,0,12,4,16,0,12,31,28,71,12,0,12,83
11/12/2002,MEI,MS,ASO,CE,Federal Contract Tower,0,12,8,96,116,0,0,11,6,17,0,12,19,102,133,0,108,108,241
11/13/2002,MEI,MS,ASO,CE,Federal Contract Tower,0,11,33,66,110,0,0,47,0,47,0,11,80,66,157,26,76,102,259
11/14/2002,MEI,MS,ASO,CE,Federal Contract Tower,0,13,22,67,102,0,0,26,10,36,0,13,48,77,138,28,166,194,332
11/15/2002,MEI,MS,ASO,CE,Federal Contract Tower,0,12,17,59,88,0,6,4,21,31,0,18,21,80,119,0,140,140,259
11/16/2002,MEI,MS,ASO,CE,Federal Contract Tower,0,12,8,37,57,0,0,7,31,38,0,12,15,68,95,0,118,118,213
11/17/2002,MEI,MS,ASO,CE,Federal Contract Tower,0,7,10,33,50,0,5,16,13,34,0,12,26,46,84,0,16,16,100
11/18/2002,MEI,MS,ASO,CE,Federal Contract Tower,0,12,12,59,83,0,0,11,6,17,0,12,23,65,100,30,112,142,242
11/19/2002,MEI,MS,ASO,CE,Federal Contract Tower,0,12,22,112,146,0,0,6,8,14,0,12,28,120,160,30,135,165,325
11/20/2002,MEI,MS,ASO,CE,Federal Contract Tower,0,10,23,122,155,0,0,9,8,17,0,10,32,130,172,20,136,156,328
11/21/2002,MEI,MS,ASO,CE,Federal Contract Tower,0,10,16,52,78,0,2,28,26,56,0,12,44,78,134,4,166,170,304
11/22/2002,MEI,MS,ASO,CE,Federal Contract Tower,0,12,20,71,103,0,0,27,12,39,0,12,47,83,142,38,152,190,332
11/23/2002,MEI,MS,ASO,CE,Federal Contract Tower,0,12,11,10,33,0,0,27,3,30,0,12,38,13,63,22,57,79,142
11/24/2002,MEI,MS,ASO,CE,Federal Contract Tower,0,12,6,23,41,0,0,18,0,18,0,12,24,23,59,4,104,108,167
11/25/2002,MEI,MS,ASO,CE,Federal Contract Tower,0,12,11,60,83,0,0,18,4,22,0,12,29,64,105,0,130,130,235
11/26/2002,MEI,MS,ASO,CE,Federal Contract Tower,0,12,27,100,139,0,0,0,9,9,0,12,27,109,148,0,74,74,222
11/27/2002,MEI,MS,ASO,CE,Federal Contract Tower,0,12,23,63,98,0,0,20,1,21,0,12,43,64,119,56,48,104,223
11/28/2002,MEI,MS,ASO,CE,Federal Contract Tower,0,2,5,0,7,0,10,7,0,17,0,12,12,0,24,0,0,0,24
11/29/2002,MEI,MS,ASO,CE,Federal Contract Tower,0,14,7,0,21,0,0,25,2,27,0,14,32,2,48,0,0,0,48
11/30/2002,MEI,MS,ASO,CE,Federal Contract Tower,0,12,10,0,22,0,0,8,0,8,0,12,18,0,30,0,0,0,30
12/01/2002,MEI,MS,ASO,CE,Federal Contract Tower,0,5,7,6,18,0,4,32,0,36,0,9,39,6,54,2,0,2,56
12/02/2002,MEI,MS,ASO,CE,Federal Contract Tower,0,12,24,61,97,0,0,15,26,41,0,12,39,87,138,12,144,156,294
12/03/2002,MEI,MS,ASO,CE,Federal Contract Tower,0,12,20,76,108,0,0,18,11,29,0,12,38,87,137,28,227,255,392
12/04/2002,MEI,MS,ASO,CE,Federal Contract Tower,0,13,16,13,42,0,0,0,2,2,0,13,16,15,44,0,6,6,50
12/05/2002,MEI,MS,ASO,CE,Federal Contract Tower,0,12,19,94,125,0,0,0,5,5,0,12,19,99,130,0,0,0,130
12/06/2002,MEI,MS,ASO,CE,Federal Contract Tower,0,12,16,91,119,0,0,22,23,45,0,12,38,114,164,34,104,138,302
12/07/2002,MEI,MS,ASO,CE,Federal Contract Tower,0,11,12,3,26,0,0,12,13,25,0,11,24,16,51,16,50,66,117
12/08/2002,MEI,MS,ASO,CE,Federal Contract Tower,0,11,23,62,96,0,0,0,41,41,0,11,23,103,137,12,66,78,215
12/09/2002,MEI,MS,ASO,CE,Federal Contract Tower,0,12,13,97,122,0,0,11,2,13,0,12,24,99,135,4,160,164,299
12/10/2002,MEI,MS,ASO,CE,Federal Contract Tower,0,7,9,18,34,0,5,7,0,12,0,12,16,18,46,0,0,0,46
12/11/2002,MEI,MS,ASO,CE,Federal Contract Tower,0,12,33,110,155,0,0,8,9,17,0,12,41,119,172,0,146,146,318
12/12/2002,MEI,MS,ASO,CE,Federal Contract Tower,0,12,17,68,97,0,0,6,3,9,0,12,23,71,106,4,26,30,136
12/13/2002,MEI,MS,ASO,CE,Federal Contract Tower,0,12,8,56,76,0,0,6,10,16,0,12,14,66,92,0,134,134,226
12/14/2002,MEI,MS,ASO,CE,Federal Contract Tower,0,12,15,27,54,0,0,22,25,47,0,12,37,52,101,38,168,206,307
12/15/2002,MEI,MS,ASO,CE,Federal Contract Tower,0,10,12,34,56,0,0,27,5,32,0,10,39,39,88,8,10,18,106
12/16/2002,MEI,MS,ASO,CE,Federal Contract Tower,0,12,20,72,104,0,0,32,3,35,0,12,52,75,139,54,152,206,345
12/17/2002,MEI,MS,ASO,CE,Federal Contract Tower,0,12,25,92,129,0,0,16,6,22,0,12,41,98,151,34,154,188,339
12/18/2002,MEI,MS,ASO,CE,Federal Contract Tower,0,13,20,58,91,0,0,0,14,14,0,13,20,72,105,24,94,118,223
12/19/2002,MEI,MS,ASO,CE,Federal Contract Tower,0,12,5,4,21,0,0,4,0,4,0,12,9,4,25,0,0,0,25
12/20/2002,MEI,MS,ASO,CE,Federal Contract Tower,0,12,16,57,85,0,0,30,2,32,0,12,46,59,117,0,98,98,215
12/21/2002,MEI,MS,ASO,CE,Federal Contract Tower,0,14,14,5,33,0,0,21,0,21,0,14,35,5,54,19,0,19,73
12/22/2002,MEI,MS,ASO,CE,Federal Contract Tower,0,8,11,19,38,0,4,24,0,28,0,12,35,19,66,0,0,0,66
12/23/2002,MEI,MS,ASO,CE,Federal Contract Tower,0,12,21,8,41,0,0,6,0,6,0,12,27,8,47,0,0,0,47
12/24/2002,MEI,MS,ASO,CE,Federal Contract Tower,0,10,10,0,20,0,0,2,0,2,0,10,12,0,22,4,0,4,26
12/25/2002,MEI,MS,ASO,CE,Federal Contract Tower,0,10,0,0,10,0,0,11,0,11,0,10,11,0,21,0,0,0,21
12/26/2002,MEI,MS,ASO,CE,Federal Contract Tower,0,13,12,0,25,0,0,26,0,26,0,13,38,0,51,42,0,42,93
12/27/2002,MEI,MS,ASO,CE,Federal Contract Tower,0,12,18,28,58,0,0,26,0,26,0,12,44,28,84,0,1,1,85
12/28/2002,MEI,MS,ASO,CE,Federal Contract Tower,0,12,12,0,24,0,0,22,0,22,0,12,34,0,46,38,0,38,84
12/29/2002,MEI,MS,ASO,CE,Federal Contract Tower,0,10,13,0,23,0,0,25,0,25,0,10,38,0,48,22,0,22,70
12/30/2002,MEI,MS,ASO,CE,Federal Contract Tower,0,10,16,10,36,0,0,5,2,7,0,10,21,12,43,30,2,32,75
12/31/2002,MEI,MS,ASO,CE,Federal Contract Tower,0,9,7,0,16,0,0,0,0,0,0,9,7,0,16,0,0,0,16
01/01/2003,MEI,MS,ASO,CE,Federal Contract Tower,0,10,13,0,23,0,0,1,0,1,0,10,14,0,24,0,0,0,24
01/02/2003,MEI,MS,ASO,CE,Federal Contract Tower,0,11,17,50,78,0,0,4,1,5,0,11,21,51,83,8,0,8,91
01/03/2003,MEI,MS,ASO,CE,Federal Contract Tower,0,13,15,64,92,0,0,22,6,28,0,13,37,70,120,12,108,120,240
01/04/2003,MEI,MS,ASO,CE,Federal Contract Tower,0,12,8,1,21,0,0,23,3,26,0,12,31,4,47,30,24,54,101
01/05/2003,MEI,MS,ASO,CE,Federal Contract Tower,0,12,9,5,26,0,0,15,1,16,0,12,24,6,42,6,2,8,50
01/06/2003,MEI,MS,ASO,CE,Federal Contract Tower,0,12,9,51,72,0,0,15,3,18,0,12,24,54,90,20,90,110,200
01/07/2003,MEI,MS,ASO,CE,Federal Contract Tower,0,14,18,90,122,0,0,17,6,23,0,14,35,96,145,12,112,124,269
01/08/2003,MEI,MS,ASO,CE,Federal Contract Tower,0,14,17,90,121,0,0,18,25,43,0,14,35,115,164,6,175,181,345
01/09/2003,MEI,MS,ASO,CE,Federal Contract Tower,0,12,18,102,132,0,0,20,17,37,0,12,38,119,169,12,198,210,379
01/10/2003,MEI,MS,ASO,CE,Federal Contract Tower,0,14,15,112,141,0,0,10,19,29,0,14,25,131,170,4,266,270,440
01/11/2003,MEI,MS,ASO,CE,Federal Contract Tower,0,12,8,27,47,0,0,21,25,46,0,12,29,52,93,24,44,68,161
01/12/2003,MEI,MS,ASO,CE,Federal Contract Tower,0,12,17,72,101,0,0,11,9,20,0,12,28,81,121,36,96,132,253
01/13/2003,MEI,MS,ASO,CE,Federal Contract Tower,0,12,17,73,102,0,0,20,12,32,0,12,37,85,134,30,128,158,292
01/14/2003,MEI,MS,ASO,CE,Federal Contract Tower,0,12,9,123,144,0,0,21,25,46,0,12,30,148,190,22,306,328,518
01/15/2003,MEI,MS,ASO,CE,Federal Contract Tower,0,12,13,82,107,0,0,12,20,32,0,12,25,102,139,5,158,163,302
01/16/2003,MEI,MS,ASO,CE,Federal Contract Tower,0,12,14,28,54,0,0,1,3,4,0,12,15,31,58,0,24,24,82
01/17/2003,MEI,MS,ASO,CE,Federal Contract Tower,2,12,18,83,115,0,2,8,9,19,2,14,26,92,134,24,212,236,370
01/18/2003,MEI,MS,ASO,CE,Federal Contract Tower,0,5,5,2,12,2,5,26,0,33,2,10,31,2,45,34,0,34,79
01/19/2003,MEI,MS,ASO,CE,Federal Contract Tower,0,4,4,2,10,0,10,26,0,36,0,14,30,2,46,14,0,14,60
01/20/2003,MEI,MS,ASO,CE,Federal Contract Tower,0,12,21,9,42,0,0,9,1,10,0,12,30,10,52,42,0,42,94
01/21/2003,MEI,MS,ASO,CE,Federal Contract Tower,0,15,17,130,162,0,0,10,19,29,0,15,27,149,191,16,160,176,367
01/22/2003,MEI,MS,ASO,CE,Federal Contract Tower,0,12,19,94,125,0,0,6,6,12,0,12,25,100,137,0,86,86,223
01/23/2003,MEI,MS,ASO,CE,Federal Contract Tower,0,13,18,117,148,0,0,7,5,12,0,13,25,122,160,0,132,132,292
01/24/2003,MEI,MS,ASO,CE,Federal Contract Tower,0,12,23,48,83,0,0,19,17,36,0,12,42,65,119,0,168,168,287
01/25/2003,MEI,MS,ASO,CE,Federal Contract Tower,0,12,12,58,82,0,0,0,0,0,0,12,12,58,82,44,78,122,204
01/26/2003,MEI,MS,ASO,CE,Federal Contract Tower,0,6,6,25,37,2,7,13,1,23,2,13,19,26,60,2,30,32,92
01/27/2003,MEI,MS,ASO,CE,Federal Contract Tower,2,12,18,59,91,0,0,29,12,41,2,12,47,71,132,8,108,116,248
01/28/2003,MEI,MS,ASO,CE,Federal Contract Tower,0,16,20,70,106,0,0,9,11,20,0,16,29,81,126,0,204,204,330
01/29/2003,MEI,MS,ASO,CE,Federal Contract Tower,0,12,16,23,51,0,0,0,1,1,0,12,16,24,52,0,0,0,52
01/30/2003,MEI,MS,ASO,CE,Federal Contract Tower,0,12,19,71,102,0,0,13,7,20,0,12,32,78,122,0,120,120,242
01/31/2003,MEI,MS,ASO,CE,Federal Contract Tower,0,14,29,82,125,0,0,0,0,0,0,14,29,82,125,0,0,0,125
02/01/2003,MEI,MS,ASO,CE,Federal Contract Tower,0,9,7,28,44,0,1,21,0,22,0,10,28,28,66,15,17,32,98
02/02/2003,MEI,MS,ASO,CE,Federal Contract Tower,0,10,14,34,58,0,2,23,5,30,0,12,37,39,88,2,72,74,162
02/03/2003,MEI,MS,ASO,CE,Federal Contract Tower,0,11,11,49,71,0,1,13,6,20,0,12,24,55,91,34,122,156,247
02/04/2003,MEI,MS,ASO,CE,Federal Contract Tower,0,11,9,109,129,0,1,18,7,26,0,12,27,116,155,2,282,284,439
02/05/2003,MEI,MS,ASO,CE,Federal Contract Tower,0,13,7,69,89,0,1,15,2,18,0,14,22,71,107,10,40,50,157
02/06/2003,MEI,MS,ASO,CE,Federal Contract Tower,0,9,27,16,52,0,1,1,0,2,0,10,28,16,54,0,0,0,54
02/07/2003,MEI,MS,ASO,CE,Federal Contract Tower,0,9,12,52,73,0,1,4,8,13,0,10,16,60,86,26,88,114,200
02/08/2003,MEI,MS,ASO,CE,Federal Contract Tower,3,11,4,3,21,0,1,38,2,41,3,12,42,5,62,36,2,38,100
02/09/2003,MEI,MS,ASO,CE,Federal Contract Tower,0,7,8,38,53,1,5,17,0,23,1,12,25,38,76,26,24,50,126
02/10/2003,MEI,MS,ASO,CE,Federal Contract Tower,0,11,14,82,107,0,1,6,6,13,0,12,20,88,120,0,20,20,140
02/11/2003,MEI,MS,ASO,CE,Federal Contract Tower,0,12,11,55,78,0,0,21,6,27,0,12,32,61,105,0,101,101,206
02/12/2003,MEI,MS,ASO,CE,Federal Contract Tower,0,14,11,82,107,0,0,31,5,36,0,14,42,87,143,25,126,151,294
02/13/2003,MEI,MS,ASO,CE,Federal Contract Tower,0,12,8,85,105,0,0,34,6,40,0,12,42,91,145,48,172,220,365
02/14/2003,MEI,MS,ASO,CE,Federal Contract Tower,0,12,20,91,123,0,0,1,2,3,0,12,21,93,126,0,132,132,258
02/15/2003,MEI,MS,ASO,CE,Federal Contract Tower,0,8,9,5,22,0,0,5,0,5,0,8,14,5,27,12,0,12,39
02/16/2003,MEI,MS,ASO,CE,Federal Contract Tower,0,10,16,24,50,0,0,1,0,1,0,10,17,24,51,0,0,0,51
02/17/2003,MEI,MS,ASO,CE,Federal Contract Tower,0,12,10,1,23,0,0,9,0,9,0,12,19,1,32,30,2,32,64
02/18/2003,MEI,MS,ASO,CE,Federal Contract Tower,0,11,15,55,81,0,0,28,29,57,0,11,43,84,138,16,36,52,190
02/19/2003,MEI,MS,ASO,CE,Federal Contract Tower,0,11,15,63,89,0,0,17,4,21,0,11,32,67,110,0,22,22,132
02/20/2003,MEI,MS,ASO,CE,Federal Contract Tower,0,8,17,77,102,0,0,6,5,11,0,8,23,82,113,0,40,40,153
02/21/2003,MEI,MS,ASO,CE,Federal Contract Tower,0,12,3,6,21,0,0,0,0,0,0,12,3,6,21,0,0,0,21
02/22/2003,MEI,MS,ASO,CE,Federal Contract Tower,0,8,8,8,24,0,0,4,0,4,0,8,12,8,28,0,0,0,28
02/23/2003,MEI,MS,ASO,CE,Federal Contract Tower,0,9,12,51,72,0,3,20,11,34,0,12,32,62,106,24,36,60,166
02/24/2003,MEI,MS,ASO,CE,Federal Contract Tower,0,10,12,126,148,0,0,24,10,34,0,10,36,136,182,182,0,182,364
02/25/2003,MEI,MS,ASO,CE,Federal Contract Tower,0,10,12,118,140,0,0,9,4,13,0,10,21,122,153,14,80,94,247
02/26/2003,MEI,MS,ASO,CE,Federal Contract Tower,0,12,11,60,83,0,0,0,0,0,0,12,11,60,83,0,10,10,93
02/27/2003,MEI,MS,ASO,CE,Federal Contract Tower,0,16,21,143,180,0,0,0,22,22,0,16,21,165,202,0,0,0,202
02/28/2003,MEI,MS,ASO,CE,Federal Contract Tower,0,12,18,83,113,0,0,3,20,23,0,12,21,103,136,20,46,66,202
03/01/2003,MEI,MS,ASO,CE,Federal Contract Tower,0,8,6,56,70,0,1,1,0,2,0,9,7,56,72,0,52,52,124
03/02/2003,MEI,MS,ASO,CE,Federal Contract Tower,0,0,15,47,62,0,0,4,15,19,0,0,19,62,81,8,2,10,91
03/03/2003,MEI,MS,ASO,CE,Federal Contract Tower,0,12,28,85,125,0,0,5,28,33,0,12,33,113,158,10,106,116,274
03/04/2003,MEI,MS,ASO,CE,Federal Contract Tower,0,13,27,94,134,0,1,4,1,6,0,14,31,95,140,0,12,12,152
03/05/2003,MEI,MS,ASO,CE,Federal Contract Tower,2,11,24,22,59,0,1,1,0,2,2,12,25,22,61,0,8,8,69
03/06/2003,MEI,MS,ASO,CE,Federal Contract Tower,0,10,17,70,97,0,1,7,2,10,0,11,24,72,107,22,16,38,145
03/07/2003,MEI,MS,ASO,CE,Federal Contract Tower,0,14,30,94,138,2,0,20,4,26,2,14,50,98,164,14,24,38,202
03/08/2003,MEI,MS,ASO,CE,Federal Contract Tower,0,9,13,9,31,0,1,17,0,18,0,10,30,9,49,26,0,26,75
03/09/2003,MEI,MS,ASO,CE,Federal Contract Tower,0,12,23,74,109,2,0,8,20,30,2,12,31,94,139,2,24,26,165
03/10/2003,MEI,MS,ASO,CE,Federal Contract Tower,0,12,25,69,106,0,0,13,7,20,0,12,38,76,126,14,192,206,332
03/11/2003,MEI,MS,ASO,CE,Federal Contract Tower,0,12,22,72,106,0,0,16,19,35,0,12,38,91,141,32,118,150,291
03/12/2003,MEI,MS,ASO,CE,Federal Contract Tower,0,12,16,77,105,0,0,12,3,15,0,12,28,80,120,0,146,146,266
03/13/2003,MEI,MS,ASO,CE,Federal Contract Tower,0,3,5,22,30,0,5,18,10,33,0,8,23,32,63,0,0,0,63
03/14/2003,MEI,MS,ASO,CE,Federal Contract Tower,0,10,19,52,81,0,0,11,1,12,0,10,30,53,93,6,56,62,155
03/15/2003,MEI,MS,ASO,CE,Federal Contract Tower,0,6,10,35,51,0,4,24,0,28,0,10,34,35,79,0,19,19,98
03/16/2003,MEI,MS,ASO,CE,Federal Contract Tower,0,12,34,23,69,0,0,6,0,6,0,12,40,23,75,0,0,0,75
03/17/2003,MEI,MS,ASO,CE,Federal Contract Tower,0,8,20,18,46,0,0,1,5,6,0,8,21,23,52,0,14,14,66
03/18/2003,MEI,MS,ASO,CE,Federal Contract Tower,0,10,20,94,124,0,0,8,14,22,0,10,28,108,146,0,64,64,210
03/19/2003,MEI,MS,ASO,CE,Federal Contract Tower,0,11,18,65,94,0,0,13,17,30,0,11,31,82,124,14,124,138,262
03/20/2003,MEI,MS,ASO,CE,Federal Contract Tower,0,12,17,58,87,0,0,18,11,29,0,12,35,69,116,0,104,104,220
03/21/2003,MEI,MS,ASO,CE,Federal Contract Tower,0,12,24,75,111,2,0,25,25,52,2,12,49,100,163,30,136,166,329
03/22/2003,MEI,MS,ASO,CE,Federal Contract Tower,0,10,13,12,35,0,0,18,5,23,0,10,31,17,58,0,14,14,72
03/23/2003,MEI,MS,ASO,CE,Federal Contract Tower,2,12,10,33,57,0,0,13,3,16,2,12,23,36,73,0,10,10,83
03/24/2003,MEI,MS,ASO,CE,Federal Contract Tower,0,8,9,94,111,0,0,31,12,43,0,8,40,106,154,0,62,62,216
03/25/2003,MEI,MS,ASO,CE,Federal Contract Tower,0,10,16,48,74,0,2,7,30,39,0,12,23,78,113,24,114,138,251
03/26/2003,MEI,MS,ASO,CE,Federal Contract Tower,0,12,20,59,91,0,0,5,25,30,0,12,25,84,121,0,98,98,219
03/27/2003,MEI,MS,ASO,CE,Federal Contract Tower,0,14,20,54,88,0,0,14,16,30,0,14,34,70,118,0,108,108,226
03/28/2003,MEI,MS,ASO,CE,Federal Contract Tower,0,10,18,52,80,2,2,5,11,20,2,12,23,63,100,0,78,78,178
03/29/2003,MEI,MS,ASO,CE,Federal Contract Tower,0,10,9,0,19,0,0,5,3,8,0,10,14,3,27,10,2,12,39
03/30/2003,MEI,MS,ASO,CE,Federal Contract Tower,2,12,8,14,36,0,0,17,2,19,2,12,25,16,55,0,56,56,111
03/31/2003,MEI,MS,ASO,CE,Federal Contract Tower,0,12,16,72,100,0,0,12,6,18,0,12,28,78,118,20,96,116,234
04/01/2003,MEI,MS,ASO,CE,Federal Contract Tower,0,11,15,67,93,0,1,19,7,27,0,12,34,74,120,0,90,90,210
04/02/2003,MEI,MS,ASO,CE,Federal Contract Tower,0,12,14,31,57,0,0,22,13,35,0,12,36,44,92,0,124,124,216
04/03/2003,MEI,MS,ASO,CE,Federal Contract Tower,0,12,8,50,70,0,0,26,3,29,0,12,34,53,99,28,82,110,209
04/04/2003,MEI,MS,ASO,CE,Federal Contract Tower,2,13,23,43,81,0,0,6,5,11,2,13,29,48,92,26,38,64,156
04/05/2003,MEI,MS,ASO,CE,Federal Contract Tower,0,10,10,46,66,0,0,1,3,4,0,10,11,49,70,0,52,52,122
04/06/2003,MEI,MS,ASO,CE,Federal Contract Tower,0,3,5,4,12,2,8,12,0,22,2,11,17,4,34,0,12,12,46
04/07/2003,MEI,MS,ASO,CE,Federal Contract Tower,0,12,17,25,54,0,0,11,7,18,0,12,28,32,72,20,16,36,108
04/08/2003,MEI,MS,ASO,CE,Federal Contract Tower,0,10,6,14,30,0,0,0,1,1,0,10,6,15,31,0,2,2,33
04/09/2003,MEI,MS,ASO,CE,Federal Contract Tower,0,12,12,59,83,0,0,5,2,7,0,12,17,61,90,0,140,140,230
04/10/2003,MEI,MS,ASO,CE,Federal Contract Tower,0,13,22,69,104,0,0,21,16,37,0,13,43,85,141,16,82,98,239
04/11/2003,MEI,MS,ASO,CE,Federal Contract Tower,0,12,20,47,79,0,0,33,25,58,0,12,53,72,137,44,78,122,259
04/12/2003,MEI,MS,ASO,CE,Federal Contract Tower,0,10,8,23,41,0,0,39,1,40,0,10,47,24,81,28,0,28,109
04/13/2003,MEI,MS,ASO,CE,Federal Contract Tower,0,12,23,36,71,0,0,23,5,28,0,12,46,41,99,4,10,14,113
04/14/2003,MEI,MS,ASO,CE,Federal Contract Tower,0,12,21,67,100,0,0,32,5,37,0,12,53,72,137,30,120,150,287
04/15/2003,MEI,MS,ASO,CE,Federal Contract Tower,0,12,19,58,89,0,0,22,5,27,0,12,41,63,116,4,104,108,224
04/16/2003,MEI,MS,ASO,CE,Federal Contract Tower,0,14,18,79,111,0,0,10,10,20,0,14,28,89,131,10,108,118,249
04/17/2003,MEI,MS,ASO,CE,Federal Contract Tower,0,14,25,68,107,0,0,21,35,56,0,14,46,103,163,8,202,210,373
04/18/2003,MEI,MS,ASO,CE,Federal Contract Tower,0,12,19,41,72,0,0,19,7,26,0,12,38,48,98,16,40,56,154
04/19/2003,MEI,MS,ASO,CE,Federal Contract Tower,0,4,6,12,22,0,8,9,0,17,0,12,15,12,39,0,0,0,39
04/20/2003,MEI,MS,ASO,CE,Federal Contract Tower,0,0,0,0,0,0,0,0,0,0,0,0,0,0,0,0,0,0,0
04/21/2003,MEI,MS,ASO,CE,Federal Contract Tower,0,12,22,47,81,0,0,28,10,38,0,12,50,57,119,102,108,210,329
04/22/2003,MEI,MS,ASO,CE,Federal Contract Tower,0,12,17,52,81,0,0,37,28,65,0,12,54,80,146,4,90,94,240
04/23/2003,MEI,MS,ASO,CE,Federal Contract Tower,0,12,20,56,88,0,0,25,12,37,0,12,45,68,125,36,122,158,283
04/24/2003,MEI,MS,ASO,CE,Federal Contract Tower,0,4,7,12,23,0,5,7,0,12,0,9,14,12,35,0,36,36,71
04/25/2003,MEI,MS,ASO,CE,Federal Contract Tower,0,12,26,75,113,0,0,2,11,13,0,12,28,86,126,6,104,110,236
04/26/2003,MEI,MS,ASO,CE,Federal Contract Tower,1,10,13,10,34,0,0,27,1,28,1,10,40,11,62,56,6,62,124
04/27/2003,MEI,MS,ASO,CE,Federal Contract Tower,0,12,18,34,64,1,0,40,0,41,1,12,58,34,105,48,2,50,155
04/28/2003,MEI,MS,ASO,CE,Federal Contract Tower,0,12,7,43,62,0,0,22,32,54,0,12,29,75,116,18,166,184,300
04/29/2003,MEI,MS,ASO,CE,Federal Contract Tower,0,10,17,57,84,0,0,28,30,58,0,10,45,87,142,38,224,262,404
04/30/2003,MEI,MS,ASO,CE,Federal Contract Tower,0,12,16,51,79,0,0,22,26,48,0,12,38,77,127,0,132,132,259
05/01/2003,MEI,MS,ASO,CE,Federal Contract Tower,0,12,28,42,82,0,0,21,38,59,0,12,49,80,141,28,106,134,275
05/02/2003,MEI,MS,ASO,CE,Federal Contract Tower,1,2,5,47,55,0,0,23,64,87,1,2,28,111,142,42,126,168,310
05/03/2003,MEI,MS,ASO,CE,Federal Contract Tower,2,12,8,1,23,0,0,26,9,35,2,12,34,10,58,28,42,70,128
05/04/2003,MEI,MS,ASO,CE,Federal Contract Tower,2,6,17,27,52,0,0,5,4,9,2,6,22,31,61,0,10,10,71
05/05/2003,MEI,MS,ASO,CE,Federal Contract Tower,7,0,12,29,48,0,0,4,1,5,7,0,16,30,53,0,16,16,69
05/06/2003,MEI,MS,ASO,CE,Federal Contract Tower,0,2,15,80,97,0,0,3,8,11,0,2,18,88,108,2,24,26,134
05/07/2003,MEI,MS,ASO,CE,Federal Contract Tower,2,3,8,14,27,0,7,14,0,21,2,10,22,14,48,0,34,34,82
05/08/2003,MEI,MS,ASO,CE,Federal Contract Tower,1,4,15,83,103,1,0,9,8,18,2,4,24,91,121,0,142,142,263
05/09/2003,MEI,MS,ASO,CE,Federal Contract Tower,1,4,23,85,113,1,0,26,26,53,2,4,49,111,166,4,139,143,309
05/10/2003,MEI,MS,ASO,CE,Federal Contract Tower,0,6,1,26,33,0,0,13,3,16,0,6,14,29,49,14,4,18,67
05/11/2003,MEI,MS,ASO,CE,Federal Contract Tower,4,0,9,13,26,0,0,4,3,7,4,0,13,16,33,0,0,0,33
05/12/2003,MEI,MS,ASO,CE,Federal Contract Tower,5,1,15,73,94,0,0,18,61,79,5,1,33,134,173,0,150,150,323
05/13/2003,MEI,MS,ASO,CE,Federal Contract Tower,2,4,15,100,121,0,0,8,7,15,2,4,23,107,136,0,74,74,210
05/14/2003,MEI,MS,ASO,CE,Federal Contract Tower,4,2,6,19,31,0,0,1,3,4,4,2,7,22,35,0,0,0,35
05/15/2003,MEI,MS,ASO,CE,Federal Contract Tower,1,5,26,92,124,0,0,10,7,17,1,5,36,99,141,42,202,244,385
05/16/2003,MEI,MS,ASO,CE,Federal Contract Tower,0,4,32,63,99,2,0,9,8,19,2,4,41,71,118,42,248,290,408
05/17/2003,MEI,MS,ASO,CE,Federal Contract Tower,2,3,6,0,11,0,0,4,0,4,2,3,10,0,15,0,0,0,15
05/18/2003,MEI,MS,ASO,CE,Federal Contract Tower,2,2,18,39,61,0,0,6,21,27,2,2,24,60,88,6,0,6,94
05/19/2003,MEI,MS,ASO,CE,Federal Contract Tower,2,3,20,69,94,0,0,7,2,9,2,3,27,71,103,28,44,72,175
05/20/2003,MEI,MS,ASO,CE,Federal Contract Tower,0,7,18,39,64,2,0,1,4,7,2,7,19,43,71,4,0,4,75
05/21/2003,MEI,MS,ASO,CE,Federal Contract Tower,0,6,19,22,47,0,0,0,2,2,0,6,19,24,49,0,0,0,49
05/22/2003,MEI,MS,ASO,CE,Federal Contract Tower,0,6,13,84,103,0,0,17,9,26,0,6,30,93,129,45,64,109,238
05/23/2003,MEI,MS,ASO,CE,Federal Contract Tower,6,0,24,56,86,0,0,22,9,31,6,0,46,65,117,18,174,192,309
05/24/2003,MEI,MS,ASO,CE,Federal Contract Tower,6,0,15,1,22,0,0,14,1,15,6,0,29,2,37,18,0,18,55
05/25/2003,MEI,MS,ASO,CE,Federal Contract Tower,0,0,4,0,4,5,2,12,0,19,5,2,16,0,23,10,0,10,33
05/26/2003,MEI,MS,ASO,CE,Federal Contract Tower,6,0,11,0,17,0,0,4,0,4,6,0,15,0,21,0,0,0,21
05/27/2003,MEI,MS,ASO,CE,Federal Contract Tower,8,0,15,55,78,0,0,20,7,27,8,0,35,62,105,14,124,138,243
05/28/2003,MEI,MS,ASO,CE,Federal Contract Tower,2,4,12,96,114,0,0,33,12,45,2,4,45,108,159,44,158,202,361
05/29/2003,MEI,MS,ASO,CE,Federal Contract Tower,6,0,6,59,71,0,0,24,107,131,6,0,30,166,202,8,80,88,290
05/30/2003,MEI,MS,ASO,CE,Federal Contract Tower,4,2,11,30,47,0,0,31,3,34,4,2,42,33,81,6,80,86,167
05/31/2003,MEI,MS,ASO,CE,Federal Contract Tower,4,2,3,6,15,0,0,20,0,20,4,2,23,6,35,0,0,0,35
06/01/2003,MEI,MS,ASO,CE,Federal Contract Tower,0,2,7,24,33,0,4,40,24,68,0,6,47,48,101,34,39,73,174
06/02/2003,MEI,MS,ASO,CE,Federal Contract Tower,0,1,16,62,79,0,0,14,0,14,0,1,30,62,93,4,40,44,137
06/03/2003,MEI,MS,ASO,CE,Federal Contract Tower,0,6,8,61,75,0,0,2,0,2,0,6,10,61,77,4,114,118,195
06/04/2003,MEI,MS,ASO,CE,Federal Contract Tower,0,6,9,109,124,0,0,22,5,27,0,6,31,114,151,0,220,220,371
06/05/2003,MEI,MS,ASO,CE,Federal Contract Tower,0,6,10,86,102,0,0,16,10,26,0,6,26,96,128,12,252,264,392
06/06/2003,MEI,MS,ASO,CE,Federal Contract Tower,0,6,5,14,25,0,0,5,0,5,0,6,10,14,30,0,0,0,30
06/07/2003,MEI,MS,ASO,CE,Federal Contract Tower,0,4,6,30,40,0,0,19,0,19,0,4,25,30,59,6,28,34,93
06/08/2003,MEI,MS,ASO,CE,Federal Contract Tower,0,6,4,59,69,0,0,24,1,25,0,6,28,60,94,2,32,34,128
06/09/2003,MEI,MS,ASO,CE,Federal Contract Tower,0,6,14,55,75,0,0,20,9,29,0,6,34,64,104,0,115,115,219
06/10/2003,MEI,MS,ASO,CE,Federal Contract Tower,0,6,17,68,91,0,0,17,93,110,0,6,34,161,201,0,130,130,331
06/11/2003,MEI,MS,ASO,CE,Federal Contract Tower,0,6,11,31,48,0,0,10,0,10,0,6,21,31,58,48,46,94,152
06/12/2003,MEI,MS,ASO,CE,Federal Contract Tower,0,5,12,36,53,1,0,4,10,15,1,5,16,46,68,0,40,40,108
06/13/2003,MEI,MS,ASO,CE,Federal Contract Tower,0,3,15,44,62,0,3,11,2,16,0,6,26,46,78,2,34,36,114
06/14/2003,MEI,MS,ASO,CE,Federal Contract Tower,0,5,14,36,55,0,2,6,2,10,0,7,20,38,65,0,40,40,105
06/15/2003,MEI,MS,ASO,CE,Federal Contract Tower,0,6,7,25,38,4,0,17,0,21,4,6,24,25,59,22,12,34,93
06/16/2003,MEI,MS,ASO,CE,Federal Contract Tower,0,6,16,57,79,0,0,21,13,34,0,6,37,70,113,34,156,190,303
06/17/2003,MEI,MS,ASO,CE,Federal Contract Tower,0,6,16,46,68,0,0,18,19,37,0,6,34,65,105,6,74,80,185
06/18/2003,MEI,MS,ASO,CE,Federal Contract Tower,0,6,44,35,85,0,0,0,73,73,0,6,44,108,158,10,76,86,244
06/19/2003,MEI,MS,ASO,CE,Federal Contract Tower,0,8,25,83,116,0,0,15,15,30,0,8,40,98,146,84,14,98,244
06/20/2003,MEI,MS,ASO,CE,Federal Contract Tower,0,6,15,51,72,0,0,13,5,18,0,6,28,56,90,8,26,34,124
06/21/2003,MEI,MS,ASO,CE,Federal Contract Tower,0,6,11,8,25,0,0,21,1,22,0,6,32,9,47,29,2,31,78
06/22/2003,MEI,MS,ASO,CE,Federal Contract Tower,0,6,12,29,47,0,0,21,4,25,0,6,33,33,72,10,12,22,94
06/23/2003,MEI,MS,ASO,CE,Federal Contract Tower,0,6,20,65,91,0,0,20,3,23,0,6,40,68,114,10,46,56,170
06/24/2003,MEI,MS,ASO,CE,Federal Contract Tower,0,5,20,61,86,0,0,7,0,7,0,5,27,61,93,71,70,141,234
06/25/2003,MEI,MS,ASO,CE,Federal Contract Tower,0,7,11,79,97,0,0,25,7,32,0,7,36,86,129,6,218,224,353
06/26/2003,MEI,MS,ASO,CE,Federal Contract Tower,0,6,19,66,91,0,0,3,25,28,0,6,22,91,119,12,232,244,363
06/27/2003,MEI,MS,ASO,CE,Federal Contract Tower,0,3,6,14,23,0,8,10,0,18,0,11,16,14,41,0,14,14,55
06/28/2003,MEI,MS,ASO,CE,Federal Contract Tower,0,6,5,10,21,0,0,19,0,19,0,6,24,10,40,0,8,8,48
06/29/2003,MEI,MS,ASO,CE,Federal Contract Tower,0,4,8,24,36,0,4,22,0,26,0,8,30,24,62,2,0,2,64
06/30/2003,MEI,MS,ASO,CE,Federal Contract Tower,0,6,10,11,27,0,0,1,0,1,0,6,11,11,28,0,50,50,78
07/01/2003,MEI,MS,ASO,CE,Federal Contract Tower,0,6,14,74,94,0,0,0,10,10,0,6,14,84,104,0,62,62,166
07/02/2003,MEI,MS,ASO,CE,Federal Contract Tower,0,1,14,52,67,0,0,20,33,53,0,1,34,85,120,60,12,72,192
07/03/2003,MEI,MS,ASO,CE,Federal Contract Tower,0,3,10,38,51,0,3,11,3,17,0,6,21,41,68,24,1,25,93
07/04/2003,MEI,MS,ASO,CE,Federal Contract Tower,0,6,13,12,31,0,0,0,0,0,0,6,13,12,31,0,0,0,31
07/05/2003,MEI,MS,ASO,CE,Federal Contract Tower,0,6,10,2,18,0,0,0,0,0,0,6,10,2,18,0,0,0,18
07/06/2003,MEI,MS,ASO,CE,Federal Contract Tower,0,3,9,18,30,0,4,32,0,36,0,7,41,18,66,2,0,2,68
07/07/2003,MEI,MS,ASO,CE,Federal Contract Tower,0,6,25,42,73,0,0,5,0,5,0,6,30,42,78,10,40,50,128
07/08/2003,MEI,MS,ASO,CE,Federal Contract Tower,0,6,19,30,55,0,0,31,0,31,0,6,50,30,86,0,66,66,152
07/09/2003,MEI,MS,ASO,CE,Federal Contract Tower,0,5,15,37,57,0,1,21,0,22,0,6,36,37,79,40,44,84,163
07/10/2003,MEI,MS,ASO,CE,Federal Contract Tower,0,3,7,25,35,0,1,22,19,42,0,4,29,44,77,0,152,152,229
07/11/2003,MEI,MS,ASO,CE,Federal Contract Tower,0,6,31,29,66,0,0,22,0,22,0,6,53,29,88,6,38,44,132
07/12/2003,MEI,MS,ASO,CE,Federal Contract Tower,0,5,12,17,34,0,1,22,0,23,0,6,34,17,57,24,10,34,91
07/13/2003,MEI,MS,ASO,CE,Federal Contract Tower,0,7,19,23,49,0,1,8,0,9,0,8,27,23,58,2,2,4,62
07/14/2003,MEI,MS,ASO,CE,Federal Contract Tower,0,6,18,55,79,0,0,30,0,30,0,6,48,55,109,0,98,98,207
07/15/2003,MEI,MS,ASO,CE,Federal Contract Tower,0,6,18,58,82,0,0,7,49,56,0,6,25,107,138,0,40,40,178
07/16/2003,MEI,MS,ASO,CE,Federal Contract Tower,0,2,4,15,21,0,4,38,51,93,0,6,42,66,114,2,73,75,189
07/17/2003,MEI,MS,ASO,CE,Federal Contract Tower,0,5,12,40,57,0,0,11,23,34,0,5,23,63,91,0,62,62,153
07/18/2003,MEI,MS,ASO,CE,Federal Contract Tower,0,6,22,75,103,0,0,14,1,15,0,6,36,76,118,2,120,122,240
07/19/2003,MEI,MS,ASO,CE,Federal Contract Tower,0,5,18,48,71,0,0,11,0,11,0,5,29,48,82,20,16,36,118
07/20/2003,MEI,MS,ASO,CE,Federal Contract Tower,0,7,30,26,63,0,0,2,0,2,0,7,32,26,65,6,0,6,71
07/21/2003,MEI,MS,ASO,CE,Federal Contract Tower,0,6,23,84,113,0,0,0,0,0,0,6,23,84,113,4,200,204,317
07/22/2003,MEI,MS,ASO,CE,Federal Contract Tower,0,4,25,50,79,0,0,8,0,8,0,4,33,50,87,0,38,38,125
07/23/2003,MEI,MS,ASO,CE,Federal Contract Tower,0,2,6,21,29,0,4,19,52,75,0,6,25,73,104,12,76,88,192
07/24/2003,MEI,MS,ASO,CE,Federal Contract Tower,0,2,7,26,35,0,3,25,90,118,0,5,32,116,153,26,104,130,283
07/25/2003,MEI,MS,ASO,CE,Federal Contract Tower,0,7,25,55,87,0,0,8,0,8,0,7,33,55,95,0,134,134,229
07/26/2003,MEI,MS,ASO,CE,Federal Contract Tower,0,6,21,22,49,0,0,17,0,17,0,6,38,22,66,22,0,22,88
07/27/2003,MEI,MS,ASO,CE,Federal Contract Tower,0,4,13,33,50,0,2,17,0,19,0,6,30,33,69,16,0,16,85
07/28/2003,MEI,MS,ASO,CE,Federal Contract Tower,0,8,26,76,110,0,0,0,0,0,0,8,26,76,110,12,136,148,258
07/29/2003,MEI,MS,ASO,CE,Federal Contract Tower,0,6,21,73,100,1,0,7,10,18,1,6,28,83,118,0,88,88,206
07/30/2003,MEI,MS,ASO,CE,Federal Contract Tower,0,1,4,15,20,1,4,18,38,61,1,5,22,53,81,0,71,71,152
07/31/2003,MEI,MS,ASO,CE,Federal Contract Tower,0,2,6,21,29,0,5,25,22,52,0,7,31,43,81,10,104,114,195
08/01/2003,MEI,MS,ASO,CE,Federal Contract Tower,0,5,19,76,100,0,0,12,18,30,0,5,31,94,130,10,106,116,246
08/02/2003,MEI,MS,ASO,CE,Federal Contract Tower,0,4,21,46,71,0,0,22,4,26,0,4,43,50,97,0,26,26,123
08/03/2003,MEI,MS,ASO,CE,Federal Contract Tower,0,3,22,26,51,0,0,16,9,25,0,3,38,35,76,6,20,26,102
08/04/2003,MEI,MS,ASO,CE,Federal Contract Tower,0,6,19,61,86,0,0,4,0,4,0,6,23,61,90,20,102,122,212
08/05/2003,MEI,MS,ASO,CE,Federal Contract Tower,0,8,26,64,98,2,0,8,0,10,2,8,34,64,108,8,116,124,232
08/06/2003,MEI,MS,ASO,CE,Federal Contract Tower,0,4,11,28,43,0,0,16,1,17,0,4,27,29,60,32,70,102,162
08/07/2003,MEI,MS,ASO,CE,Federal Contract Tower,0,4,24,90,118,0,0,19,2,21,0,4,43,92,139,10,60,70,209
08/08/2003,MEI,MS,ASO,CE,Federal Contract Tower,0,6,28,57,91,0,0,9,26,35,0,6,37,83,126,10,138,148,274
08/09/2003,MEI,MS,ASO,CE,Federal Contract Tower,2,4,3,30,39,0,0,22,1,23,2,4,25,31,62,0,14,14,76
08/10/2003,MEI,MS,ASO,CE,Federal Contract Tower,0,8,17,9,34,0,0,13,4,17,0,8,30,13,51,9,0,9,60
08/11/2003,MEI,MS,ASO,CE,Federal Contract Tower,0,6,21,119,146,0,0,20,5,25,0,6,41,124,171,30,186,216,387
08/12/2003,MEI,MS,ASO,CE,Federal Contract Tower,0,5,14,34,53,0,3,8,0,11,0,8,22,34,64,0,44,44,108
08/13/2003,MEI,MS,ASO,CE,Federal Contract Tower,0,6,16,69,91,0,0,0,11,11,0,6,16,80,102,0,150,150,252
08/14/2003,MEI,MS,ASO,CE,Federal Contract Tower,0,6,19,67,92,0,3,5,4,12,0,9,24,71,104,0,113,113,217
08/15/2003,MEI,MS,ASO,CE,Federal Contract Tower,0,6,7,49,62,0,0,17,8,25,0,6,24,57,87,0,36,36,123
08/16/2003,MEI,MS,ASO,CE,Federal Contract Tower,0,6,6,9,21,0,0,12,0,12,0,6,18,9,33,4,0,4,37
08/17/2003,MEI,MS,ASO,CE,Federal Contract Tower,0,6,16,35,57,0,0,8,3,11,0,6,24,38,68,0,40,40,108
08/18/2003,MEI,MS,ASO,CE,Federal Contract Tower,0,6,24,75,105,0,0,23,10,33,0,6,47,85,138,8,210,218,356
08/19/2003,MEI,MS,ASO,CE,Federal Contract Tower,0,6,17,61,84,0,0,12,9,21,0,6,29,70,105,0,84,84,189
08/20/2003,MEI,MS,ASO,CE,Federal Contract Tower,0,6,11,126,143,0,0,4,14,18,0,6,15,140,161,0,221,221,382
08/21/2003,MEI,MS,ASO,CE,Federal Contract Tower,0,7,24,86,117,0,0,7,5,12,0,7,31,91,129,4,216,220,349
08/22/2003,MEI,MS,ASO,CE,Federal Contract Tower,0,6,26,85,117,0,0,13,22,35,0,6,39,107,152,0,156,156,308
08/23/2003,MEI,MS,ASO,CE,Federal Contract Tower,0,6,10,13,29,0,0,11,15,26,0,6,21,28,55,0,140,140,195
08/24/2003,MEI,MS,ASO,CE,Federal Contract Tower,0,1,5,29,35,0,5,12,20,37,0,6,17,49,72,14,86,100,172
08/25/2003,MEI,MS,ASO,CE,Federal Contract Tower,0,6,25,87,118,0,0,1,31,32,0,6,26,118,150,2,126,128,278
08/26/2003,MEI,MS,ASO,CE,Federal Contract Tower,0,6,14,77,97,0,0,8,5,13,0,6,22,82,110,3,22,25,135
08/27/2003,MEI,MS,ASO,CE,Federal Contract Tower,0,6,9,47,62,0,0,18,1,19,0,6,27,48,81,0,42,42,123
08/28/2003,MEI,MS,ASO,CE,Federal Contract Tower,0,5,13,102,120,0,0,9,14,23,0,5,22,116,143,0,162,162,305
08/29/2003,MEI,MS,ASO,CE,Federal Contract Tower,0,6,30,50,86,0,0,61,0,61,0,6,91,50,147,0,120,120,267
08/30/2003,MEI,MS,ASO,CE,Federal Contract Tower,0,4,14,2,20,0,0,8,1,9,0,4,22,3,29,14,0,14,43
08/31/2003,MEI,MS,ASO,CE,Federal Contract Tower,0,2,6,5,13,0,2,10,0,12,0,4,16,5,25,6,0,6,31
09/01/2003,MEI,MS,ASO,CE,Federal Contract Tower,0,0,6,11,17,0,6,24,0,30,0,6,30,11,47,0,0,0,47
09/02/2003,MEI,MS,ASO,CE,Federal Contract Tower,0,5,26,126,157,0,1,6,16,23,0,6,32,142,180,0,216,216,396
09/03/2003,MEI,MS,ASO,CE,Federal Contract Tower,0,6,20,97,123,0,1,12,7,20,0,7,32,104,143,10,116,126,269
09/04/2003,MEI,MS,ASO,CE,Federal Contract Tower,0,5,42,81,128,0,1,13,11,25,0,6,55,92,153,52,128,180,333
09/05/2003,MEI,MS,ASO,CE,Federal Contract Tower,0,5,16,66,87,0,1,22,10,33,0,6,38,76,120,42,138,180,300
09/06/2003,MEI,MS,ASO,CE,Federal Contract Tower,0,1,8,8,17,0,5,22,0,27,0,6,30,8,44,20,20,40,84
09/07/2003,MEI,MS,ASO,CE,Federal Contract Tower,0,1,8,20,29,0,5,37,36,78,0,6,45,56,107,58,42,100,207
09/08/2003,MEI,MS,ASO,CE,Federal Contract Tower,0,5,22,94,121,0,1,20,3,24,0,6,42,97,145,0,274,274,419
09/09/2003,MEI,MS,ASO,CE,Federal Contract Tower,0,5,18,94,117,0,1,21,1,23,0,6,39,95,140,12,48,60,200
09/10/2003,MEI,MS,ASO,CE,Federal Contract Tower,0,7,19,88,114,0,1,30,2,33,0,8,49,90,147,32,230,262,409
09/11/2003,MEI,MS,ASO,CE,Federal Contract Tower,0,5,20,64,89,0,1,5,20,26,0,6,25,84,115,2,126,128,243
09/12/2003,MEI,MS,ASO,CE,Federal Contract Tower,0,6,26,85,117,2,0,20,11,33,2,6,46,96,150,8,154,162,312
09/13/2003,MEI,MS,ASO,CE,Federal Contract Tower,0,6,7,6,19,0,1,13,7,21,0,7,20,13,40,10,52,62,102
09/14/2003,MEI,MS,ASO,CE,Federal Contract Tower,0,6,13,36,55,0,0,21,17,38,0,6,34,53,93,6,62,68,161
09/15/2003,MEI,MS,ASO,CE,Federal Contract Tower,0,6,9,97,112,0,0,28,7,35,0,6,37,104,147,16,212,228,375
09/16/2003,MEI,MS,ASO,CE,Federal Contract Tower,0,6,7,109,122,0,0,32,6,38,0,6,39,115,160,7,112,119,279
09/17/2003,MEI,MS,ASO,CE,Federal Contract Tower,0,6,9,68,83,0,0,21,23,44,0,6,30,91,127,18,208,226,353
09/18/2003,MEI,MS,ASO,CE,Federal Contract Tower,0,6,22,75,103,0,0,17,6,23,0,6,39,81,126,22,84,106,232
09/19/2003,MEI,MS,ASO,CE,Federal Contract Tower,0,6,17,66,89,0,0,20,18,38,0,6,37,84,127,30,180,210,337
09/20/2003,MEI,MS,ASO,CE,Federal Contract Tower,0,6,5,2,13,0,0,41,0,41,0,6,46,2,54,52,0,52,106
09/21/2003,MEI,MS,ASO,CE,Federal Contract Tower,0,6,14,28,48,0,0,7,0,7,0,6,21,28,55,4,30,34,89
09/22/2003,MEI,MS,ASO,CE,Federal Contract Tower,0,6,19,70,95,0,0,0,4,4,0,6,19,74,99,39,46,85,184
09/23/2003,MEI,MS,ASO,CE,Federal Contract Tower,0,6,7,36,49,0,0,36,50,86,0,6,43,86,135,22,40,62,197
09/24/2003,MEI,MS,ASO,CE,Federal Contract Tower,0,6,27,73,106,0,0,6,0,6,0,6,33,73,112,0,136,136,248
09/25/2003,MEI,MS,ASO,CE,Federal Contract Tower,0,6,15,47,68,0,0,20,5,25,0,6,35,52,93,0,66,66,159
09/26/2003,MEI,MS,ASO,CE,Federal Contract Tower,0,6,33,24,63,0,0,24,2,26,0,6,57,26,89,14,2,16,105
09/27/2003,MEI,MS,ASO,CE,Federal Contract Tower,0,6,10,9,25,0,0,9,0,9,0,6,19,9,34,34,2,36,70
09/28/2003,MEI,MS,ASO,CE,Federal Contract Tower,0,6,21,17,44,0,0,17,2,19,0,6,38,19,63,0,0,0,63
09/29/2003,MEI,MS,ASO,CE,Federal Contract Tower,0,6,9,29,44,0,0,24,2,26,0,6,33,31,70,12,32,44,114
09/30/2003,MEI,MS,ASO,CE,Federal Contract Tower,0,6,7,9,22,0,0,22,6,28,0,6,29,15,50,2,16,18,68
10/01/2003,MEI,MS,ASO,CE,Federal Contract Tower,0,0,3,19,22,0,5,31,8,44,0,5,34,27,66,0,68,68,134
10/02/2003,MEI,MS,ASO,CE,Federal Contract Tower,0,1,11,57,69,0,0,28,22,50,0,1,39,79,119,0,106,106,225
10/03/2003,MEI,MS,ASO,CE,Federal Contract Tower,1,5,13,32,51,1,0,36,0,37,2,5,49,32,88,12,114,126,214
10/04/2003,MEI,MS,ASO,CE,Federal Contract Tower,0,4,12,55,71,0,2,18,9,29,0,6,30,64,100,2,16,18,118
10/05/2003,MEI,MS,ASO,CE,Federal Contract Tower,0,4,11,32,47,0,2,50,0,52,0,6,61,32,99,0,54,54,153
10/06/2003,MEI,MS,ASO,CE,Federal Contract Tower,0,6,17,98,121,0,0,0,13,13,0,6,17,111,134,0,128,128,262
10/07/2003,MEI,MS,ASO,CE,Federal Contract Tower,0,6,16,75,97,0,0,6,1,7,0,6,22,76,104,0,68,68,172
10/08/2003,MEI,MS,ASO,CE,Federal Contract Tower,0,6,13,65,84,0,1,18,10,29,0,7,31,75,113,6,0,6,119
10/09/2003,MEI,MS,ASO,CE,Federal Contract Tower,0,10,23,112,145,0,1,9,6,16,0,11,32,118,161,4,170,174,335
10/10/2003,MEI,MS,ASO,CE,Federal Contract Tower,0,5,9,33,47,1,1,6,0,8,1,6,15,33,55,0,0,0,55
10/11/2003,MEI,MS,ASO,CE,Federal Contract Tower,0,1,0,2,3,0,5,13,0,18,0,6,13,2,21,0,0,0,21
10/12/2003,MEI,MS,ASO,CE,Federal Contract Tower,0,1,4,4,9,1,3,25,0,29,1,4,29,4,38,0,0,0,38
10/13/2003,MEI,MS,ASO,CE,Federal Contract Tower,0,3,5,21,29,0,3,28,0,31,0,6,33,21,60,8,0,8,68
10/14/2003,MEI,MS,ASO,CE,Federal Contract Tower,0,6,13,63,82,0,0,13,12,25,0,6,26,75,107,10,196,206,313
10/15/2003,MEI,MS,ASO,CE,Federal Contract Tower,0,4,21,99,124,0,0,14,23,37,0,4,35,122,161,38,252,290,451
10/16/2003,MEI,MS,ASO,CE,Federal Contract Tower,0,5,8,45,58,0,0,23,58,81,0,5,31,103,139,10,118,128,267
10/17/2003,MEI,MS,ASO,CE,Federal Contract Tower,0,5,15,80,100,0,0,0,27,27,0,5,15,107,127,0,140,140,267
10/18/2003,MEI,MS,ASO,CE,Federal Contract Tower,0,3,5,21,29,0,3,26,0,29,0,6,31,21,58,18,12,30,88
10/19/2003,MEI,MS,ASO,CE,Federal Contract Tower,0,5,15,72,92,0,0,16,4,20,0,5,31,76,112,26,70,96,208
10/20/2003,MEI,MS,ASO,CE,Federal Contract Tower,0,6,17,79,102,0,0,16,12,28,0,6,33,91,130,18,62,80,210
10/21/2003,MEI,MS,ASO,CE,Federal Contract Tower,0,6,21,101,128,0,0,17,28,45,0,6,38,129,173,91,214,305,478
10/22/2003,MEI,MS,ASO,CE,Federal Contract Tower,0,6,30,144,180,0,0,14,7,21,0,6,44,151,201,22,154,176,377
10/23/2003,MEI,MS,ASO,CE,Federal Contract Tower,0,4,21,106,131,0,0,32,8,40,0,4,53,114,171,58,100,158,329
10/24/2003,MEI,MS,ASO,CE,Federal Contract Tower,0,6,16,76,98,0,2,32,5,39,0,8,48,81,137,2,116,118,255
10/25/2003,MEI,MS,ASO,CE,Federal Contract Tower,0,5,12,59,76,0,1,2,0,3,0,6,14,59,79,10,82,92,171
10/26/2003,MEI,MS,ASO,CE,Federal Contract Tower,0,4,9,34,47,2,1,23,0,26,2,5,32,34,73,16,46,62,135
10/27/2003,MEI,MS,ASO,CE,Federal Contract Tower,0,5,18,86,109,0,0,24,5,29,0,5,42,91,138,32,154,186,324
10/28/2003,MEI,MS,ASO,CE,Federal Contract Tower,0,6,24,117,147,0,0,26,21,47,0,6,50,138,194,52,146,198,392
10/29/2003,MEI,MS,ASO,CE,Federal Contract Tower,0,6,27,132,165,0,0,13,27,40,0,6,40,159,205,60,232,292,497
10/30/2003,MEI,MS,ASO,CE,Federal Contract Tower,0,6,17,85,108,0,0,25,20,45,0,6,42,105,153,28,306,334,487
10/31/2003,MEI,MS,ASO,CE,Federal Contract Tower,0,5,22,64,91,0,1,23,29,53,0,6,45,93,144,10,330,340,484
11/01/2003,MEI,MS,ASO,CE,Federal Contract Tower,0,5,8,37,50,0,1,32,5,38,0,6,40,42,88,32,70,102,190
11/02/2003,MEI,MS,ASO,CE,Federal Contract Tower,0,3,4,18,25,0,3,29,3,35,0,6,33,21,60,28,10,38,98
11/03/2003,MEI,MS,ASO,CE,Federal Contract Tower,0,6,18,66,90,0,0,20,12,32,0,6,38,78,122,54,72,126,248
11/04/2003,MEI,MS,ASO,CE,Federal Contract Tower,0,6,18,67,91,0,0,12,12,24,0,6,30,79,115,20,97,117,232
11/05/2003,MEI,MS,ASO,CE,Federal Contract Tower,0,5,20,71,96,0,0,13,0,13,0,5,33,71,109,0,0,0,109
11/06/2003,MEI,MS,ASO,CE,Federal Contract Tower,0,6,22,81,109,0,0,10,8,18,0,6,32,89,127,26,202,228,355
11/07/2003,MEI,MS,ASO,CE,Federal Contract Tower,0,8,22,85,115,0,0,6,14,20,0,8,28,99,135,38,76,114,249
11/08/2003,MEI,MS,ASO,CE,Federal Contract Tower,0,4,8,24,36,0,1,29,0,30,0,5,37,24,66,36,84,120,186
11/09/2003,MEI,MS,ASO,CE,Federal Contract Tower,0,4,8,28,40,0,4,15,0,19,0,8,23,28,59,12,50,62,121
11/10/2003,MEI,MS,ASO,CE,Federal Contract Tower,0,6,12,44,62,0,1,16,7,24,0,7,28,51,86,44,116,160,246
11/11/2003,MEI,MS,ASO,CE,Federal Contract Tower,0,4,7,14,25,0,3,27,0,30,0,7,34,14,55,18,10,28,83
11/12/2003,MEI,MS,ASO,CE,Federal Contract Tower,0,6,24,91,121,0,0,14,15,29,0,6,38,106,150,48,177,225,375
11/13/2003,MEI,MS,ASO,CE,Federal Contract Tower,0,6,23,88,117,0,0,30,7,37,0,6,53,95,154,22,178,200,354
11/14/2003,MEI,MS,ASO,CE,Federal Contract Tower,0,6,15,53,74,0,0,41,0,41,0,6,56,53,115,6,128,134,249
11/15/2003,MEI,MS,ASO,CE,Federal Contract Tower,0,4,9,33,46,0,1,27,4,32,0,5,36,37,78,32,92,124,202
11/16/2003,MEI,MS,ASO,CE,Federal Contract Tower,0,7,20,78,105,0,0,15,0,15,0,7,35,78,120,60,88,148,268
11/17/2003,MEI,MS,ASO,CE,Federal Contract Tower,0,6,20,92,118,0,0,0,13,13,0,6,20,105,131,10,182,192,323
11/18/2003,MEI,MS,ASO,CE,Federal Contract Tower,0,2,5,17,24,0,4,2,0,6,0,6,7,17,30,0,36,36,66
11/19/2003,MEI,MS,ASO,CE,Federal Contract Tower,0,7,19,73,99,0,0,3,11,14,0,7,22,84,113,20,164,184,297
11/20/2003,MEI,MS,ASO,CE,Federal Contract Tower,0,5,18,67,90,0,0,8,18,26,0,5,26,85,116,13,188,201,317
11/21/2003,MEI,MS,ASO,CE,Federal Contract Tower,0,6,25,93,124,0,0,7,27,34,0,6,32,120,158,0,260,260,418
11/22/2003,MEI,MS,ASO,CE,Federal Contract Tower,0,2,4,7,13,0,4,21,0,25,0,6,25,7,38,16,0,16,54
11/23/2003,MEI,MS,ASO,CE,Federal Contract Tower,0,4,9,36,49,0,4,14,3,21,0,8,23,39,70,16,58,74,144
11/24/2003,MEI,MS,ASO,CE,Federal Contract Tower,0,5,8,113,126,0,0,0,40,40,0,5,8,153,166,10,174,184,350
11/25/2003,MEI,MS,ASO,CE,Federal Contract Tower,0,6,25,94,125,0,0,5,18,23,0,6,30,112,148,8,110,118,266
11/26/2003,MEI,MS,ASO,CE,Federal Contract Tower,0,5,14,36,55,0,1,32,0,33,0,6,46,36,88,12,102,114,202
11/27/2003,MEI,MS,ASO,CE,Federal Contract Tower,0,0,1,0,1,0,5,1,0,6,0,5,2,0,7,0,0,0,7
11/28/2003,MEI,MS,ASO,CE,Federal Contract Tower,0,0,3,0,3,0,5,14,0,19,0,5,17,0,22,0,0,0,22
11/29/2003,MEI,MS,ASO,CE,Federal Contract Tower,0,1,3,1,5,0,5,28,0,33,0,6,31,1,38,18,0,18,56
11/30/2003,MEI,MS,ASO,CE,Federal Contract Tower,0,1,5,2,8,0,5,37,0,42,0,6,42,2,50,0,0,0,50
12/01/2003,MEI,MS,ASO,CE,Federal Contract Tower,0,6,23,92,121,0,0,3,19,22,0,6,26,111,143,16,210,226,369
12/02/2003,MEI,MS,ASO,CE,Federal Contract Tower,0,1,23,92,116,0,0,7,20,27,0,1,30,112,143,20,198,218,361
12/03/2003,MEI,MS,ASO,CE,Federal Contract Tower,0,6,26,101,133,0,0,7,13,20,0,6,33,114,153,32,222,254,407
12/04/2003,MEI,MS,ASO,CE,Federal Contract Tower,0,1,24,85,110,0,0,18,0,18,0,1,42,85,128,0,86,86,214
12/05/2003,MEI,MS,ASO,CE,Federal Contract Tower,0,4,22,90,116,0,0,0,20,20,0,4,22,110,136,4,168,172,308
12/06/2003,MEI,MS,ASO,CE,Federal Contract Tower,0,7,14,27,48,0,1,16,0,17,0,8,30,27,65,0,8,8,73
12/07/2003,MEI,MS,ASO,CE,Federal Contract Tower,0,6,14,57,77,0,0,7,20,27,0,6,21,77,104,16,38,54,158
12/08/2003,MEI,MS,ASO,CE,Federal Contract Tower,0,5,17,66,88,0,0,26,30,56,0,5,43,96,144,24,132,156,300
12/09/2003,MEI,MS,ASO,CE,Federal Contract Tower,0,8,18,68,94,0,1,7,5,13,0,9,25,73,107,10,10,20,127
12/10/2003,MEI,MS,ASO,CE,Federal Contract Tower,0,4,12,44,60,0,0,8,4,12,0,4,20,48,72,8,124,132,204
12/11/2003,MEI,MS,ASO,CE,Federal Contract Tower,0,6,26,100,132,0,0,17,37,54,0,6,43,137,186,80,206,286,472
12/12/2003,MEI,MS,ASO,CE,Federal Contract Tower,0,6,26,104,136,0,0,7,34,41,0,6,33,138,177,2,204,206,383
12/13/2003,MEI,MS,ASO,CE,Federal Contract Tower,0,1,2,0,3,0,5,2,0,7,0,6,4,0,10,0,0,0,10
12/14/2003,MEI,MS,ASO,CE,Federal Contract Tower,0,5,12,44,61,0,1,12,10,23,0,6,24,54,84,0,18,18,102
12/15/2003,MEI,MS,ASO,CE,Federal Contract Tower,0,5,18,68,91,0,0,12,17,29,0,5,30,85,120,8,78,86,206
12/16/2003,MEI,MS,ASO,CE,Federal Contract Tower,0,6,15,85,106,0,0,0,20,20,0,6,15,105,126,38,116,154,280
12/17/2003,MEI,MS,ASO,CE,Federal Contract Tower,0,6,29,112,147,0,0,4,28,32,0,6,33,140,179,22,110,132,311
12/18/2003,MEI,MS,ASO,CE,Federal Contract Tower,0,6,21,80,107,0,0,24,0,24,0,6,45,80,131,4,40,44,175
12/19/2003,MEI,MS,ASO,CE,Federal Contract Tower,0,4,26,102,132,0,0,19,26,45,0,4,45,128,177,48,96,144,321
12/20/2003,MEI,MS,ASO,CE,Federal Contract Tower,0,1,5,1,7,0,5,43,0,48,0,6,48,1,55,16,0,16,71
12/21/2003,MEI,MS,ASO,CE,Federal Contract Tower,0,2,6,18,26,0,4,30,0,34,0,6,36,18,60,0,18,18,78
12/22/2003,MEI,MS,ASO,CE,Federal Contract Tower,0,4,11,17,32,0,1,26,0,27,0,5,37,17,59,0,90,90,149
12/23/2003,MEI,MS,ASO,CE,Federal Contract Tower,0,2,7,17,26,0,3,7,0,10,0,5,14,17,36,0,0,0,36
12/24/2003,MEI,MS,ASO,CE,Federal Contract Tower,0,2,4,10,16,0,4,29,0,33,0,6,33,10,49,48,8,56,105
12/25/2003,MEI,MS,ASO,CE,Federal Contract Tower,0,0,3,0,3,0,6,6,0,12,0,6,9,0,15,0,0,0,15
12/26/2003,MEI,MS,ASO,CE,Federal Contract Tower,0,2,5,0,7,0,4,39,0,43,0,6,44,0,50,22,0,22,72
12/27/2003,MEI,MS,ASO,CE,Federal Contract Tower,0,1,2,0,3,0,5,37,0,42,0,6,39,0,45,14,0,14,59
12/28/2003,MEI,MS,ASO,CE,Federal Contract Tower,0,1,3,0,4,0,5,27,0,32,0,6,30,0,36,0,0,0,36
12/29/2003,MEI,MS,ASO,CE,Federal Contract Tower,0,1,4,0,5,0,5,11,0,16,0,6,15,0,21,0,0,0,21
12/30/2003,MEI,MS,ASO,CE,Federal Contract Tower,0,3,9,36,48,0,3,26,0,29,0,6,35,36,77,86,128,214,291
12/31/2003,MEI,MS,ASO,CE,Federal Contract Tower,0,2,5,11,18,0,4,40,0,44,0,6,45,11,62,30,16,46,108
01/01/2004,MEI,MS,ASO,CE,Federal Contract Tower,0,0,1,0,1,0,6,21,0,27,0,6,22,0,28,6,0,6,34
01/02/2004,MEI,MS,ASO,CE,Federal Contract Tower,0,2,4,0,6,0,0,15,0,15,0,2,19,0,21,0,0,0,21
01/03/2004,MEI,MS,ASO,CE,Federal Contract Tower,0,2,4,4,10,0,4,28,0,32,0,6,32,4,42,0,0,0,42
01/04/2004,MEI,MS,ASO,CE,Federal Contract Tower,0,3,3,4,10,0,2,20,0,22,0,5,23,4,32,0,0,0,32
01/05/2004,MEI,MS,ASO,CE,Federal Contract Tower,0,5,10,33,48,0,0,3,0,3,0,5,13,33,51,0,8,8,59
01/06/2004,MEI,MS,ASO,CE,Federal Contract Tower,0,5,20,75,100,0,0,5,26,31,0,5,25,101,131,10,76,86,217
01/07/2004,MEI,MS,ASO,CE,Federal Contract Tower,0,5,20,73,98,0,0,13,17,30,0,5,33,90,128,20,142,162,290
01/08/2004,MEI,MS,ASO,CE,Federal Contract Tower,0,6,15,48,69,0,0,14,0,14,0,6,29,48,83,0,74,74,157
01/09/2004,MEI,MS,ASO,CE,Federal Contract Tower,0,3,27,96,126,1,0,15,0,16,1,3,42,96,142,20,14,34,176
01/10/2004,MEI,MS,ASO,CE,Federal Contract Tower,0,5,11,43,59,0,1,38,2,41,0,6,49,45,100,14,12,26,126
01/11/2004,MEI,MS,ASO,CE,Federal Contract Tower,0,5,12,46,63,1,1,50,4,56,1,6,62,50,119,26,26,52,171
01/12/2004,MEI,MS,ASO,CE,Federal Contract Tower,0,6,19,76,101,0,0,6,23,29,0,6,25,99,130,16,114,130,260
01/13/2004,MEI,MS,ASO,CE,Federal Contract Tower,0,6,21,112,139,0,0,0,41,41,0,6,21,153,180,26,174,200,380
01/14/2004,MEI,MS,ASO,CE,Federal Contract Tower,0,6,14,116,136,0,0,0,28,28,0,6,14,144,164,10,184,194,358
01/15/2004,MEI,MS,ASO,CE,Federal Contract Tower,0,5,24,97,126,0,0,17,8,25,0,5,41,105,151,38,150,188,339
01/16/2004,MEI,MS,ASO,CE,Federal Contract Tower,0,6,12,83,101,0,0,0,0,0,0,6,12,83,101,18,152,170,271
01/17/2004,MEI,MS,ASO,CE,Federal Contract Tower,0,1,3,0,4,0,8,5,0,13,0,9,8,0,17,0,0,0,17
01/18/2004,MEI,MS,ASO,CE,Federal Contract Tower,0,2,7,16,25,0,4,7,0,11,0,6,14,16,36,0,0,0,36
01/19/2004,MEI,MS,ASO,CE,Federal Contract Tower,0,3,7,22,32,0,2,26,0,28,0,5,33,22,60,18,10,28,88
01/20/2004,MEI,MS,ASO,CE,Federal Contract Tower,0,6,19,77,102,0,0,22,47,69,0,6,41,124,171,36,184,220,391
01/21/2004,MEI,MS,ASO,CE,Federal Contract Tower,0,6,17,69,92,0,0,9,39,48,0,6,26,108,140,22,98,120,260
01/22/2004,MEI,MS,ASO,CE,Federal Contract Tower,0,6,25,124,155,0,0,0,30,30,0,6,25,154,185,2,74,76,261
01/23/2004,MEI,MS,ASO,CE,Federal Contract Tower,0,6,19,73,98,0,0,11,12,23,0,6,30,85,121,26,66,92,213
01/24/2004,MEI,MS,ASO,CE,Federal Contract Tower,0,2,7,21,30,0,4,9,0,13,0,6,16,21,43,0,8,8,51
01/25/2004,MEI,MS,ASO,CE,Federal Contract Tower,0,1,4,11,16,0,4,13,0,17,0,5,17,11,33,30,9,39,72
01/26/2004,MEI,MS,ASO,CE,Federal Contract Tower,0,6,16,61,83,0,1,5,35,41,0,7,21,96,124,52,146,198,322
01/27/2004,MEI,MS,ASO,CE,Federal Contract Tower,0,6,22,95,123,0,0,0,26,26,0,6,22,121,149,16,204,220,369
01/28/2004,MEI,MS,ASO,CE,Federal Contract Tower,0,6,22,81,109,0,0,15,0,15,0,6,37,81,124,60,92,152,276
01/29/2004,MEI,MS,ASO,CE,Federal Contract Tower,0,6,20,75,101,0,0,30,6,36,0,6,50,81,137,64,150,214,351
01/30/2004,MEI,MS,ASO,CE,Federal Contract Tower,0,6,16,50,72,0,0,24,0,24,0,6,40,50,96,33,99,132,228
01/31/2004,MEI,MS,ASO,CE,Federal Contract Tower,0,3,7,8,18,0,3,33,0,36,0,6,40,8,54,29,0,29,83
02/01/2004,MEI,MS,ASO,CE,Federal Contract Tower,0,2,8,24,34,0,4,15,0,19,0,6,23,24,53,34,42,76,129
02/02/2004,MEI,MS,ASO,CE,Federal Contract Tower,0,0,18,46,64,0,0,14,0,14,0,0,32,46,78,0,0,0,78
02/03/2004,MEI,MS,ASO,CE,Federal Contract Tower,0,6,24,75,105,0,0,14,18,32,0,6,38,93,137,39,185,224,361
02/04/2004,MEI,MS,ASO,CE,Federal Contract Tower,0,6,20,62,88,0,0,14,49,63,0,6,34,111,151,136,118,254,405
02/05/2004,MEI,MS,ASO,CE,Federal Contract Tower,0,1,1,0,2,0,0,3,0,3,0,1,4,0,5,0,0,0,5
02/06/2004,MEI,MS,ASO,CE,Federal Contract Tower,0,4,13,66,83,0,0,0,18,18,0,4,13,84,101,0,42,42,143
02/07/2004,MEI,MS,ASO,CE,Federal Contract Tower,0,4,10,31,45,0,2,19,5,26,0,6,29,36,71,28,36,64,135
02/08/2004,MEI,MS,ASO,CE,Federal Contract Tower,0,5,10,32,47,0,1,38,0,39,0,6,48,32,86,132,36,168,254
02/09/2004,MEI,MS,ASO,CE,Federal Contract Tower,0,6,25,75,106,0,0,30,19,49,0,6,55,94,155,250,158,408,563
02/10/2004,MEI,MS,ASO,CE,Federal Contract Tower,0,6,17,44,67,0,0,9,0,9,0,6,26,44,76,0,12,12,88
02/11/2004,MEI,MS,ASO,CE,Federal Contract Tower,0,6,15,41,62,0,0,7,0,7,0,6,22,41,69,0,0,0,69
02/12/2004,MEI,MS,ASO,CE,Federal Contract Tower,0,6,26,98,130,0,0,0,13,13,0,6,26,111,143,0,0,0,143
02/13/2004,MEI,MS,ASO,CE,Federal Contract Tower,0,6,22,68,96,0,0,12,24,36,0,6,34,92,132,10,102,112,244
02/14/2004,MEI,MS,ASO,CE,Federal Contract Tower,0,1,3,1,5,0,5,1,0,6,0,6,4,1,11,0,0,0,11
02/15/2004,MEI,MS,ASO,CE,Federal Contract Tower,0,0,3,1,4,0,6,1,0,7,0,6,4,1,11,0,0,0,11
02/16/2004,MEI,MS,ASO,CE,Federal Contract Tower,0,3,10,18,31,0,3,35,0,38,0,6,45,18,69,36,4,40,109
02/17/2004,MEI,MS,ASO,CE,Federal Contract Tower,0,6,26,75,107,0,0,6,12,18,0,6,32,87,125,34,84,118,243
02/18/2004,MEI,MS,ASO,CE,Federal Contract Tower,0,6,18,56,80,0,0,35,14,49,0,6,53,70,129,30,300,330,459
02/19/2004,MEI,MS,ASO,CE,Federal Contract Tower,0,6,22,68,96,2,0,9,8,19,2,6,31,76,115,0,108,108,223
02/20/2004,MEI,MS,ASO,CE,Federal Contract Tower,0,6,24,76,106,0,0,2,15,17,0,6,26,91,123,14,210,224,347
02/21/2004,MEI,MS,ASO,CE,Federal Contract Tower,0,2,7,22,31,0,6,27,19,52,0,8,34,41,83,42,18,60,143
02/22/2004,MEI,MS,ASO,CE,Federal Contract Tower,0,4,10,34,48,0,3,39,6,48,0,7,49,40,96,164,72,236,332
02/23/2004,MEI,MS,ASO,CE,Federal Contract Tower,0,5,8,42,55,0,1,0,8,9,0,6,8,50,64,42,26,68,132
02/24/2004,MEI,MS,ASO,CE,Federal Contract Tower,0,4,15,66,85,0,0,0,14,14,0,4,15,80,99,0,25,25,124
02/25/2004,MEI,MS,ASO,CE,Federal Contract Tower,0,3,8,14,25,0,3,10,0,13,0,6,18,14,38,0,0,0,38
02/26/2004,MEI,MS,ASO,CE,Federal Contract Tower,0,4,14,87,105,0,0,0,20,20,0,4,14,107,125,0,4,4,129
02/27/2004,MEI,MS,ASO,CE,Federal Contract Tower,0,5,19,60,84,0,0,20,23,43,0,5,39,83,127,24,153,177,304
02/28/2004,MEI,MS,ASO,CE,Federal Contract Tower,0,2,8,8,18,0,4,62,0,66,0,6,70,8,84,0,22,22,106
02/29/2004,MEI,MS,ASO,CE,Federal Contract Tower,0,3,9,28,40,0,3,13,0,16,0,6,22,28,56,24,0,24,80
03/01/2004,MEI,MS,ASO,CE,Federal Contract Tower,0,4,10,42,56,0,2,0,15,17,0,6,10,57,73,0,14,14,87
03/02/2004,MEI,MS,ASO,CE,Federal Contract Tower,0,6,11,67,84,0,0,0,13,13,0,6,11,80,97,0,10,10,107
03/03/2004,MEI,MS,ASO,CE,Federal Contract Tower,0,6,27,96,129,0,0,0,17,17,0,6,27,113,146,0,50,50,196
03/04/2004,MEI,MS,ASO,CE,Federal Contract Tower,0,6,21,70,97,0,0,1,14,15,0,6,22,84,112,1,72,73,185
03/05/2004,MEI,MS,ASO,CE,Federal Contract Tower,1,3,11,24,39,1,5,12,0,18,2,8,23,24,57,6,20,26,83
03/06/2004,MEI,MS,ASO,CE,Federal Contract Tower,0,3,8,26,37,0,3,27,0,30,0,6,35,26,67,14,2,16,83
03/07/2004,MEI,MS,ASO,CE,Federal Contract Tower,1,6,21,73,101,1,0,22,15,38,2,6,43,88,139,16,144,160,299
03/08/2004,MEI,MS,ASO,CE,Federal Contract Tower,0,6,26,80,112,0,0,7,25,32,0,6,33,105,144,24,98,122,266
03/09/2004,MEI,MS,ASO,CE,Federal Contract Tower,0,6,22,67,95,0,0,10,7,17,0,6,32,74,112,31,81,112,224
03/10/2004,MEI,MS,ASO,CE,Federal Contract Tower,0,6,26,81,113,0,0,22,11,33,0,6,48,92,146,46,72,118,264
03/11/2004,MEI,MS,ASO,CE,Federal Contract Tower,0,6,34,107,147,0,0,13,29,42,0,6,47,136,189,80,160,240,429
03/12/2004,MEI,MS,ASO,CE,Federal Contract Tower,0,6,20,65,91,0,0,23,19,42,0,6,43,84,133,10,52,62,195
03/13/2004,MEI,MS,ASO,CE,Federal Contract Tower,0,3,6,0,9,0,3,51,0,54,0,6,57,0,63,14,0,14,77
03/14/2004,MEI,MS,ASO,CE,Federal Contract Tower,0,3,8,22,33,0,3,5,0,8,0,6,13,22,41,0,0,0,41
03/15/2004,MEI,MS,ASO,CE,Federal Contract Tower,0,6,15,48,69,0,0,0,4,4,0,6,15,52,73,4,34,38,111
03/16/2004,MEI,MS,ASO,CE,Federal Contract Tower,0,6,24,75,105,0,0,11,23,34,0,6,35,98,139,20,80,100,239
03/17/2004,MEI,MS,ASO,CE,Federal Contract Tower,0,6,17,54,77,0,0,34,8,42,0,6,51,62,119,78,124,202,321
03/18/2004,MEI,MS,ASO,CE,Federal Contract Tower,0,6,29,89,124,0,0,20,17,37,0,6,49,106,161,22,144,166,327
03/19/2004,MEI,MS,ASO,CE,Federal Contract Tower,0,6,17,53,76,0,0,29,18,47,0,6,46,71,123,8,102,110,233
03/20/2004,MEI,MS,ASO,CE,Federal Contract Tower,0,2,6,5,13,0,5,35,0,40,0,7,41,5,53,0,8,8,61
03/21/2004,MEI,MS,ASO,CE,Federal Contract Tower,0,3,6,20,29,0,3,26,8,37,0,6,32,28,66,8,38,46,112
03/22/2004,MEI,MS,ASO,CE,Federal Contract Tower,0,6,16,51,73,0,0,20,2,22,0,6,36,53,95,32,102,134,229
03/23/2004,MEI,MS,ASO,CE,Federal Contract Tower,0,6,18,58,82,0,0,19,2,21,0,6,37,60,103,12,122,134,237
03/24/2004,MEI,MS,ASO,CE,Federal Contract Tower,0,3,11,35,49,0,1,21,4,26,0,4,32,39,75,26,92,118,193
03/25/2004,MEI,MS,ASO,CE,Federal Contract Tower,0,6,20,64,90,0,0,7,9,16,0,6,27,73,106,0,50,50,156
03/26/2004,MEI,MS,ASO,CE,Federal Contract Tower,0,5,19,60,84,0,0,43,2,45,0,5,62,62,129,54,140,194,323
03/27/2004,MEI,MS,ASO,CE,Federal Contract Tower,0,3,8,17,28,0,3,53,0,56,0,6,61,17,84,36,0,36,120
03/28/2004,MEI,MS,ASO,CE,Federal Contract Tower,0,2,9,20,31,3,4,19,0,26,3,6,28,20,57,12,8,20,77
03/29/2004,MEI,MS,ASO,CE,Federal Contract Tower,0,5,16,44,65,1,2,6,0,9,1,7,22,44,74,0,10,10,84
03/30/2004,MEI,MS,ASO,CE,Federal Contract Tower,0,6,25,77,108,0,0,4,18,22,0,6,29,95,130,8,68,76,206
03/31/2004,MEI,MS,ASO,CE,Federal Contract Tower,0,6,27,84,117,0,0,6,22,28,0,6,33,106,145,0,158,158,303
04/01/2004,MEI,MS,ASO,CE,Federal Contract Tower,0,6,21,72,99,0,0,9,21,30,0,6,30,93,129,2,136,138,267
04/02/2004,MEI,MS,ASO,CE,Federal Contract Tower,0,4,14,48,66,0,2,91,61,154,0,6,105,109,220,2,102,104,324
04/03/2004,MEI,MS,ASO,CE,Federal Contract Tower,0,2,6,25,33,0,5,46,11,62,0,7,52,36,95,34,22,56,151
04/04/2004,MEI,MS,ASO,CE,Federal Contract Tower,0,6,22,73,101,0,0,27,14,41,0,6,49,87,142,10,24,34,176
04/05/2004,MEI,MS,ASO,CE,Federal Contract Tower,0,6,22,69,97,0,0,6,11,17,0,6,28,80,114,16,28,44,158
04/06/2004,MEI,MS,ASO,CE,Federal Contract Tower,0,6,22,69,97,0,0,10,16,26,0,6,32,85,123,8,157,165,288
04/07/2004,MEI,MS,ASO,CE,Federal Contract Tower,0,6,17,57,80,0,0,21,11,32,0,6,38,68,112,20,82,102,214
04/08/2004,MEI,MS,ASO,CE,Federal Contract Tower,0,6,17,55,78,0,0,17,0,17,0,6,34,55,95,0,40,40,135
04/09/2004,MEI,MS,ASO,CE,Federal Contract Tower,0,7,22,70,99,0,0,31,8,39,0,7,53,78,138,24,60,84,222
04/10/2004,MEI,MS,ASO,CE,Federal Contract Tower,0,2,5,9,16,0,4,23,0,27,0,6,28,9,43,4,4,8,51
04/11/2004,MEI,MS,ASO,CE,Federal Contract Tower,0,3,9,25,37,0,3,11,0,14,0,6,20,25,51,0,14,14,65
04/12/2004,MEI,MS,ASO,CE,Federal Contract Tower,0,6,19,55,80,0,0,11,0,11,0,6,30,55,91,0,24,24,115
04/13/2004,MEI,MS,ASO,CE,Federal Contract Tower,0,5,22,74,101,0,0,27,9,36,0,5,49,83,137,22,84,106,243
04/14/2004,MEI,MS,ASO,CE,Federal Contract Tower,0,6,39,127,172,0,0,23,22,45,0,6,62,149,217,6,16,22,239
04/15/2004,MEI,MS,ASO,CE,Federal Contract Tower,0,6,22,73,101,0,0,40,0,40,0,6,62,73,141,16,20,36,177
04/16/2004,MEI,MS,ASO,CE,Federal Contract Tower,0,6,16,54,76,0,1,38,0,39,0,7,54,54,115,10,22,32,147
04/17/2004,MEI,MS,ASO,CE,Federal Contract Tower,0,2,4,7,13,0,2,31,0,33,0,4,35,7,46,6,0,6,52
04/18/2004,MEI,MS,ASO,CE,Federal Contract Tower,0,3,9,19,31,0,3,32,0,35,0,6,41,19,66,4,14,18,84
04/19/2004,MEI,MS,ASO,CE,Federal Contract Tower,0,4,16,51,71,0,2,20,6,28,0,6,36,57,99,4,46,50,149
04/20/2004,MEI,MS,ASO,CE,Federal Contract Tower,0,6,22,74,102,0,0,17,9,26,0,6,39,83,128,76,128,204,332
04/21/2004,MEI,MS,ASO,CE,Federal Contract Tower,0,6,22,74,102,0,0,23,4,27,0,6,45,78,129,16,60,76,205
04/22/2004,MEI,MS,ASO,CE,Federal Contract Tower,0,6,27,89,122,0,0,17,13,30,0,6,44,102,152,12,88,100,252
04/23/2004,MEI,MS,ASO,CE,Federal Contract Tower,0,5,21,68,94,1,0,24,2,27,1,5,45,70,121,6,74,80,201
04/24/2004,MEI,MS,ASO,CE,Federal Contract Tower,0,3,11,12,26,0,3,35,0,38,0,6,46,12,64,14,4,18,82
04/25/2004,MEI,MS,ASO,CE,Federal Contract Tower,0,2,6,14,22,0,4,5,0,9,0,6,11,14,31,0,0,0,31
04/26/2004,MEI,MS,ASO,CE,Federal Contract Tower,0,6,28,94,128,0,0,10,16,26,0,6,38,110,154,0,72,72,226
04/27/2004,MEI,MS,ASO,CE,Federal Contract Tower,0,6,20,66,92,0,0,14,5,19,0,6,34,71,111,0,102,102,213
04/28/2004,MEI,MS,ASO,CE,Federal Contract Tower,0,6,22,71,99,0,0,25,0,25,0,6,47,71,124,10,52,62,186
04/29/2004,MEI,MS,ASO,CE,Federal Contract Tower,0,4,14,36,54,0,2,26,0,28,0,6,40,36,82,8,0,8,90
04/30/2004,MEI,MS,ASO,CE,Federal Contract Tower,0,6,16,68,90,0,0,0,13,13,0,6,16,81,103,12,8,20,123
05/01/2004,MEI,MS,ASO,CE,Federal Contract Tower,0,2,5,15,22,0,3,8,0,11,0,5,13,15,33,0,0,0,33
05/02/2004,MEI,MS,ASO,CE,Federal Contract Tower,0,5,13,41,59,0,3,13,6,22,0,8,26,47,81,0,0,0,81
05/03/2004,MEI,MS,ASO,CE,Federal Contract Tower,0,4,19,56,79,0,0,15,27,42,0,4,34,83,121,2,16,18,139
05/04/2004,MEI,MS,ASO,CE,Federal Contract Tower,0,6,24,74,104,0,0,20,23,43,0,6,44,97,147,0,52,52,199
05/05/2004,MEI,MS,ASO,CE,Federal Contract Tower,0,5,30,92,127,0,0,11,35,46,0,5,41,127,173,42,62,104,277
05/06/2004,MEI,MS,ASO,CE,Federal Contract Tower,0,7,22,66,95,0,0,19,18,37,0,7,41,84,132,40,87,127,259
05/07/2004,MEI,MS,ASO,CE,Federal Contract Tower,0,8,20,61,89,0,0,37,6,43,0,8,57,67,132,14,40,54,186
05/08/2004,MEI,MS,ASO,CE,Federal Contract Tower,0,2,2,2,6,0,4,39,0,43,0,6,41,2,49,19,0,19,68
05/09/2004,MEI,MS,ASO,CE,Federal Contract Tower,0,1,0,3,4,0,0,4,0,4,0,1,4,3,8,0,0,0,8
05/10/2004,MEI,MS,ASO,CE,Federal Contract Tower,0,4,8,24,36,0,0,5,3,8,0,4,13,27,44,0,0,0,44
05/11/2004,MEI,MS,ASO,CE,Federal Contract Tower,0,5,23,73,101,0,0,15,12,27,0,5,38,85,128,2,76,78,206
05/12/2004,MEI,MS,ASO,CE,Federal Contract Tower,0,1,3,1,5,0,3,2,0,5,0,4,5,1,10,0,0,0,10
05/13/2004,MEI,MS,ASO,CE,Federal Contract Tower,0,5,20,60,85,0,0,1,8,9,0,5,21,68,94,4,56,60,154
05/14/2004,MEI,MS,ASO,CE,Federal Contract Tower,0,6,13,39,58,0,0,2,1,3,0,6,15,40,61,0,32,32,93
05/15/2004,MEI,MS,ASO,CE,Federal Contract Tower,0,3,5,10,18,0,3,4,0,7,0,6,9,10,25,0,4,4,29
05/16/2004,MEI,MS,ASO,CE,Federal Contract Tower,0,6,19,55,80,0,0,10,9,19,0,6,29,64,99,16,38,54,153
05/17/2004,MEI,MS,ASO,CE,Federal Contract Tower,0,6,19,54,79,0,0,14,0,14,0,6,33,54,93,12,118,130,223
05/18/2004,MEI,MS,ASO,CE,Federal Contract Tower,0,3,11,29,43,0,0,16,0,16,0,3,27,29,59,0,0,0,59
05/19/2004,MEI,MS,ASO,CE,Federal Contract Tower,0,7,22,65,94,0,0,13,4,17,0,7,35,69,111,6,18,24,135
05/20/2004,MEI,MS,ASO,CE,Federal Contract Tower,0,5,23,74,102,0,0,8,22,30,0,5,31,96,132,6,86,92,224
05/21/2004,MEI,MS,ASO,CE,Federal Contract Tower,0,6,16,48,70,0,1,38,32,71,0,7,54,80,141,4,94,98,239
05/22/2004,MEI,MS,ASO,CE,Federal Contract Tower,0,2,6,8,16,0,4,39,0,43,0,6,45,8,59,0,0,0,59
05/23/2004,MEI,MS,ASO,CE,Federal Contract Tower,0,4,10,32,46,0,2,19,0,21,0,6,29,32,67,8,2,10,77
05/24/2004,MEI,MS,ASO,CE,Federal Contract Tower,0,5,14,44,63,0,1,15,7,23,0,6,29,51,86,2,26,28,114
05/25/2004,MEI,MS,ASO,CE,Federal Contract Tower,0,6,19,59,84,0,0,7,11,18,0,6,26,70,102,8,28,36,138
05/26/2004,MEI,MS,ASO,CE,Federal Contract Tower,0,6,16,52,74,0,0,18,10,28,0,6,34,62,102,32,136,168,270
05/27/2004,MEI,MS,ASO,CE,Federal Contract Tower,0,6,23,70,99,0,0,26,9,35,0,6,49,79,134,34,122,156,290
05/28/2004,MEI,MS,ASO,CE,Federal Contract Tower,0,6,15,34,55,0,0,37,0,37,0,6,52,34,92,32,6,38,130
05/29/2004,MEI,MS,ASO,CE,Federal Contract Tower,0,1,4,11,16,0,5,28,58,91,0,6,32,69,107,48,0,48,155
05/30/2004,MEI,MS,ASO,CE,Federal Contract Tower,0,1,4,0,5,0,5,21,0,26,0,6,25,0,31,2,0,2,33
05/31/2004,MEI,MS,ASO,CE,Federal Contract Tower,0,1,5,7,13,0,4,10,0,14,0,5,15,7,27,8,2,10,37
06/01/2004,MEI,MS,ASO,CE,Federal Contract Tower,0,5,15,34,54,0,0,19,0,19,0,5,34,34,73,28,12,40,113
06/02/2004,MEI,MS,ASO,CE,Federal Contract Tower,0,2,10,23,35,0,0,8,6,14,0,2,18,29,49,28,4,32,81
06/03/2004,MEI,MS,ASO,CE,Federal Contract Tower,0,6,23,51,80,0,0,17,6,23,0,6,40,57,103,12,0,12,115
06/04/2004,MEI,MS,ASO,CE,Federal Contract Tower,0,7,20,43,70,0,0,7,10,17,0,7,27,53,87,22,50,72,159
06/05/2004,MEI,MS,ASO,CE,Federal Contract Tower,0,0,0,0,0,0,0,0,0,0,0,0,0,0,0,0,0,0,0
06/06/2004,MEI,MS,ASO,CE,Federal Contract Tower,0,6,15,32,53,0,0,0,5,5,0,6,15,37,58,22,0,22,80
06/07/2004,MEI,MS,ASO,CE,Federal Contract Tower,0,5,18,36,59,0,0,32,0,32,0,5,50,36,91,54,86,140,231
06/08/2004,MEI,MS,ASO,CE,Federal Contract Tower,0,6,25,55,86,0,0,2,4,6,0,6,27,59,92,12,104,116,208
06/09/2004,MEI,MS,ASO,CE,Federal Contract Tower,0,6,25,54,85,0,0,8,12,20,0,6,33,66,105,6,2,8,113
06/10/2004,MEI,MS,ASO,CE,Federal Contract Tower,0,5,31,67,103,1,0,14,8,23,1,5,45,75,126,12,32,44,170
06/11/2004,MEI,MS,ASO,CE,Federal Contract Tower,0,4,12,9,25,0,0,43,0,43,0,4,55,9,68,2,0,2,70
06/12/2004,MEI,MS,ASO,CE,Federal Contract Tower,0,3,8,13,24,0,4,27,0,31,0,7,35,13,55,18,0,18,73
06/13/2004,MEI,MS,ASO,CE,Federal Contract Tower,0,4,12,14,30,1,0,21,0,22,1,4,33,14,52,6,36,42,94
06/14/2004,MEI,MS,ASO,CE,Federal Contract Tower,0,4,9,15,28,0,1,8,0,9,0,5,17,15,37,0,0,0,37
06/15/2004,MEI,MS,ASO,CE,Federal Contract Tower,0,3,26,58,87,0,0,1,17,18,0,3,27,75,105,2,76,78,183
06/16/2004,MEI,MS,ASO,CE,Federal Contract Tower,0,5,19,38,62,0,0,0,0,0,0,5,19,38,62,0,112,112,174
06/17/2004,MEI,MS,ASO,CE,Federal Contract Tower,0,7,22,47,76,0,0,17,0,17,0,7,39,47,93,4,40,44,137
06/18/2004,MEI,MS,ASO,CE,Federal Contract Tower,0,5,16,37,58,0,2,15,11,28,0,7,31,48,86,0,199,199,285
06/19/2004,MEI,MS,ASO,CE,Federal Contract Tower,0,1,5,2,8,0,5,22,0,27,0,6,27,2,35,2,38,40,75
06/20/2004,MEI,MS,ASO,CE,Federal Contract Tower,0,3,11,23,37,0,1,22,0,23,0,4,33,23,60,22,4,26,86
06/21/2004,MEI,MS,ASO,CE,Federal Contract Tower,0,3,11,27,41,0,0,15,21,36,0,3,26,48,77,16,2,18,95
06/22/2004,MEI,MS,ASO,CE,Federal Contract Tower,0,5,15,33,53,0,1,18,0,19,0,6,33,33,72,30,82,112,184
06/23/2004,MEI,MS,ASO,CE,Federal Contract Tower,0,4,15,31,50,0,0,17,0,17,0,4,32,31,67,0,8,8,75
06/24/2004,MEI,MS,ASO,CE,Federal Contract Tower,0,6,20,41,67,0,0,6,0,6,0,6,26,41,73,0,0,0,73
06/25/2004,MEI,MS,ASO,CE,Federal Contract Tower,0,6,19,50,75,0,0,0,10,10,0,6,19,60,85,0,12,12,97
06/26/2004,MEI,MS,ASO,CE,Federal Contract Tower,0,1,6,0,7,0,4,12,0,16,0,5,18,0,23,90,0,90,113
06/27/2004,MEI,MS,ASO,CE,Federal Contract Tower,0,3,10,14,27,0,7,5,0,12,0,10,15,14,39,0,0,0,39
06/28/2004,MEI,MS,ASO,CE,Federal Contract Tower,0,5,24,57,86,0,0,0,21,21,0,5,24,78,107,12,78,90,197
06/29/2004,MEI,MS,ASO,CE,Federal Contract Tower,0,5,17,37,59,0,0,8,3,11,0,5,25,40,70,42,32,74,144
06/30/2004,MEI,MS,ASO,CE,Federal Contract Tower,0,5,18,19,42,0,0,14,0,14,0,5,32,19,56,4,4,8,64
07/01/2004,MEI,MS,ASO,CE,Federal Contract Tower,0,2,8,20,30,0,3,26,14,43,0,5,34,34,73,28,12,40,113
07/02/2004,MEI,MS,ASO,CE,Federal Contract Tower,0,2,9,24,35,0,0,9,4,13,0,2,18,28,48,29,4,33,81
07/03/2004,MEI,MS,ASO,CE,Federal Contract Tower,0,6,22,52,80,0,0,18,5,23,0,6,40,57,103,12,0,12,115
07/04/2004,MEI,MS,ASO,CE,Federal Contract Tower,0,7,18,43,68,0,0,9,10,19,0,7,27,53,87,22,50,72,159
07/05/2004,MEI,MS,ASO,CE,Federal Contract Tower,0,0,0,0,0,0,0,0,0,0,0,0,0,0,0,0,0,0,0
07/06/2004,MEI,MS,ASO,CE,Federal Contract Tower,0,6,15,36,57,0,0,0,1,1,0,6,15,37,58,22,0,22,80
07/07/2004,MEI,MS,ASO,CE,Federal Contract Tower,0,5,18,36,59,0,0,32,0,32,0,5,50,36,91,54,86,140,231
07/08/2004,MEI,MS,ASO,CE,Federal Contract Tower,0,6,20,42,68,0,0,7,17,24,0,6,27,59,92,12,104,116,208
07/09/2004,MEI,MS,ASO,CE,Federal Contract Tower,0,6,25,54,85,0,0,8,12,20,0,6,33,66,105,6,2,8,113
07/10/2004,MEI,MS,ASO,CE,Federal Contract Tower,0,5,31,67,103,1,0,14,8,23,1,5,45,75,126,12,32,44,170
07/11/2004,MEI,MS,ASO,CE,Federal Contract Tower,0,4,12,8,24,0,0,43,0,43,0,4,55,8,67,2,0,2,69
07/12/2004,MEI,MS,ASO,CE,Federal Contract Tower,0,3,8,13,24,0,4,27,0,31,0,7,35,13,55,18,0,18,73
07/13/2004,MEI,MS,ASO,CE,Federal Contract Tower,0,4,12,14,30,1,0,21,0,22,1,4,33,14,52,6,36,42,94
07/14/2004,MEI,MS,ASO,CE,Federal Contract Tower,0,4,9,15,28,0,1,8,0,9,0,5,17,15,37,0,0,0,37
07/15/2004,MEI,MS,ASO,CE,Federal Contract Tower,0,3,26,58,87,0,0,1,17,18,0,3,27,75,105,2,76,78,183
07/16/2004,MEI,MS,ASO,CE,Federal Contract Tower,0,5,18,39,62,0,0,0,0,0,0,5,18,39,62,0,112,112,174
07/17/2004,MEI,MS,ASO,CE,Federal Contract Tower,0,7,22,47,76,0,0,17,0,17,0,7,39,47,93,4,40,44,137
07/18/2004,MEI,MS,ASO,CE,Federal Contract Tower,0,6,16,36,58,0,1,15,12,28,0,7,31,48,86,0,199,199,285
07/19/2004,MEI,MS,ASO,CE,Federal Contract Tower,0,2,5,2,9,0,4,22,0,26,0,6,27,2,35,36,2,38,73
07/20/2004,MEI,MS,ASO,CE,Federal Contract Tower,0,3,11,23,37,0,1,22,0,23,0,4,33,23,60,22,4,26,86
07/21/2004,MEI,MS,ASO,CE,Federal Contract Tower,0,3,12,25,40,0,0,16,21,37,0,3,28,46,77,16,2,18,95
07/22/2004,MEI,MS,ASO,CE,Federal Contract Tower,0,5,15,33,53,0,1,18,0,19,0,6,33,33,72,30,82,112,184
07/23/2004,MEI,MS,ASO,CE,Federal Contract Tower,0,4,15,31,50,0,0,17,0,17,0,4,32,31,67,0,8,8,75
07/24/2004,MEI,MS,ASO,CE,Federal Contract Tower,0,6,20,41,67,0,0,6,0,6,0,6,26,41,73,0,0,0,73
07/25/2004,MEI,MS,ASO,CE,Federal Contract Tower,0,6,19,50,75,0,0,0,10,10,0,6,19,60,85,0,12,12,97
07/26/2004,MEI,MS,ASO,CE,Federal Contract Tower,0,1,6,0,7,0,4,12,0,16,0,5,18,0,23,90,0,90,113
07/27/2004,MEI,MS,ASO,CE,Federal Contract Tower,0,3,10,14,27,0,7,5,0,12,0,10,15,14,39,0,0,0,39
07/28/2004,MEI,MS,ASO,CE,Federal Contract Tower,0,5,24,57,86,0,0,0,21,21,0,5,24,78,107,12,78,90,197
07/29/2004,MEI,MS,ASO,CE,Federal Contract Tower,0,5,17,37,59,0,0,8,3,11,0,5,25,40,70,42,32,74,144
07/30/2004,MEI,MS,ASO,CE,Federal Contract Tower,0,5,18,19,42,0,0,14,0,14,0,5,32,19,56,4,4,8,64
07/31/2004,MEI,MS,ASO,CE,Federal Contract Tower,0,0,0,0,0,0,0,0,0,0,0,4,0,0,4,0,0,0,29
08/01/2004,MEI,MS,ASO,CE,Federal Contract Tower,0,3,8,14,25,0,2,43,0,45,0,5,51,14,70,22,0,22,92
08/02/2004,MEI,MS,ASO,CE,Federal Contract Tower,0,4,12,35,51,0,3,12,4,19,0,7,24,39,70,35,50,85,155
08/03/2004,MEI,MS,ASO,CE,Federal Contract Tower,0,6,15,47,68,0,1,20,15,36,0,7,35,62,104,0,38,38,142
08/04/2004,MEI,MS,ASO,CE,Federal Contract Tower,0,5,13,40,58,0,1,25,4,30,0,6,38,44,88,10,76,86,174
08/05/2004,MEI,MS,ASO,CE,Federal Contract Tower,0,7,16,48,71,0,0,8,4,12,0,7,24,52,83,16,70,86,169
08/06/2004,MEI,MS,ASO,CE,Federal Contract Tower,0,6,15,42,63,0,0,24,5,29,0,6,39,47,92,16,64,80,172
08/07/2004,MEI,MS,ASO,CE,Federal Contract Tower,0,4,12,35,51,0,0,29,0,29,0,4,41,35,80,2,4,6,86
08/08/2004,MEI,MS,ASO,CE,Federal Contract Tower,0,3,7,13,23,0,3,8,0,11,0,6,15,13,34,10,12,22,56
08/09/2004,MEI,MS,ASO,CE,Federal Contract Tower,0,6,16,44,66,0,0,12,0,12,0,6,28,44,78,26,84,110,188
08/10/2004,MEI,MS,ASO,CE,Federal Contract Tower,0,6,19,53,78,0,0,33,0,33,0,6,52,53,111,16,58,74,185
08/11/2004,MEI,MS,ASO,CE,Federal Contract Tower,0,8,18,54,80,0,0,4,11,15,0,8,22,65,95,2,34,36,131
08/12/2004,MEI,MS,ASO,CE,Federal Contract Tower,0,6,19,64,89,0,0,0,14,14,0,6,19,78,103,16,78,94,197
08/13/2004,MEI,MS,ASO,CE,Federal Contract Tower,0,6,15,44,65,1,0,21,13,35,1,6,36,57,100,14,72,86,186
08/14/2004,MEI,MS,ASO,CE,Federal Contract Tower,0,2,3,9,14,0,2,20,2,24,0,4,23,11,38,14,28,42,80
08/15/2004,MEI,MS,ASO,CE,Federal Contract Tower,0,7,17,49,73,3,0,3,30,36,3,7,20,79,109,18,72,90,199
08/16/2004,MEI,MS,ASO,CE,Federal Contract Tower,0,5,10,30,45,0,1,29,3,33,0,6,39,33,78,2,28,30,108
08/17/2004,MEI,MS,ASO,CE,Federal Contract Tower,0,6,15,45,66,0,0,24,17,41,0,6,39,62,107,0,100,100,207
08/18/2004,MEI,MS,ASO,CE,Federal Contract Tower,0,6,25,73,104,0,0,24,0,24,0,6,49,73,128,6,18,24,152
08/19/2004,MEI,MS,ASO,CE,Federal Contract Tower,0,6,17,54,77,0,0,18,7,25,0,6,35,61,102,32,82,114,216
08/20/2004,MEI,MS,ASO,CE,Federal Contract Tower,0,5,14,41,60,0,0,5,0,5,0,5,19,41,65,0,6,6,71
08/21/2004,MEI,MS,ASO,CE,Federal Contract Tower,0,2,5,1,8,0,4,21,0,25,0,6,26,1,33,3,0,3,36
08/22/2004,MEI,MS,ASO,CE,Federal Contract Tower,0,2,6,10,18,0,4,16,0,20,0,6,22,10,38,0,0,0,38
08/23/2004,MEI,MS,ASO,CE,Federal Contract Tower,0,3,7,22,32,0,3,2,0,5,0,6,9,22,37,0,0,0,37
08/24/2004,MEI,MS,ASO,CE,Federal Contract Tower,0,5,20,62,87,0,0,12,5,17,0,5,32,67,104,20,42,62,166
08/25/2004,MEI,MS,ASO,CE,Federal Contract Tower,0,6,20,62,88,0,0,22,4,26,0,6,42,66,114,4,28,32,146
08/26/2004,MEI,MS,ASO,CE,Federal Contract Tower,0,8,26,80,114,0,0,13,29,42,0,8,39,109,156,8,140,148,304
08/27/2004,MEI,MS,ASO,CE,Federal Contract Tower,0,6,18,68,92,0,0,0,24,24,0,6,18,92,116,0,58,58,174
08/28/2004,MEI,MS,ASO,CE,Federal Contract Tower,0,1,5,9,15,0,3,13,0,16,0,4,18,9,31,32,0,32,63
08/29/2004,MEI,MS,ASO,CE,Federal Contract Tower,0,3,10,28,41,0,3,23,0,26,0,6,33,28,67,20,0,20,87
08/30/2004,MEI,MS,ASO,CE,Federal Contract Tower,0,6,23,67,96,0,0,13,16,29,0,6,36,83,125,28,158,186,311
08/31/2004,MEI,MS,ASO,CE,Federal Contract Tower,0,7,32,99,138,0,0,2,29,31,0,7,34,128,169,8,62,70,239
09/01/2004,MEI,MS,ASO,CE,Federal Contract Tower,0,6,36,96,138,0,0,13,31,44,0,6,49,127,182,1,84,85,267
09/02/2004,MEI,MS,ASO,CE,Federal Contract Tower,0,4,22,56,82,0,0,23,5,28,0,4,45,61,110,8,74,82,192
09/03/2004,MEI,MS,ASO,CE,Federal Contract Tower,0,7,15,42,64,0,0,11,2,13,0,7,26,44,77,0,2,2,79
09/04/2004,MEI,MS,ASO,CE,Federal Contract Tower,0,2,4,3,9,0,3,15,0,18,0,5,19,3,27,0,2,2,29
09/05/2004,MEI,MS,ASO,CE,Federal Contract Tower,0,2,3,2,7,0,2,22,0,24,0,4,25,2,31,10,0,10,41
09/06/2004,MEI,MS,ASO,CE,Federal Contract Tower,0,3,5,12,20,0,1,11,0,12,0,4,16,12,32,0,0,0,32
09/07/2004,MEI,MS,ASO,CE,Federal Contract Tower,0,5,18,67,90,0,0,0,27,27,0,5,18,94,117,0,22,22,139
09/08/2004,MEI,MS,ASO,CE,Federal Contract Tower,0,7,18,45,70,0,0,16,14,30,0,7,34,59,100,4,64,68,168
09/09/2004,MEI,MS,ASO,CE,Federal Contract Tower,0,7,20,49,76,0,0,18,0,18,0,7,38,49,94,0,32,32,126
09/10/2004,MEI,MS,ASO,CE,Federal Contract Tower,0,6,15,34,55,0,0,26,0,26,0,6,41,34,81,0,50,50,131
09/11/2004,MEI,MS,ASO,CE,Federal Contract Tower,0,3,8,10,21,0,1,34,0,35,0,4,42,10,56,16,0,16,72
09/12/2004,MEI,MS,ASO,CE,Federal Contract Tower,0,6,16,41,63,0,0,6,7,13,0,6,22,48,76,22,16,38,114
09/13/2004,MEI,MS,ASO,CE,Federal Contract Tower,0,3,22,23,48,0,0,7,0,7,0,3,29,23,55,0,100,100,155
09/14/2004,MEI,MS,ASO,CE,Federal Contract Tower,0,6,17,39,62,0,0,5,0,5,0,6,22,39,67,0,2,2,69
09/15/2004,MEI,MS,ASO,CE,Federal Contract Tower,0,3,7,11,21,0,2,6,0,8,0,5,13,11,29,0,22,22,51
09/16/2004,MEI,MS,ASO,CE,Federal Contract Tower,0,0,0,0,0,0,0,0,0,0,0,0,0,0,0,0,0,0,0
09/17/2004,MEI,MS,ASO,CE,Federal Contract Tower,0,3,5,13,21,0,2,35,0,37,0,5,40,13,58,0,26,26,84
09/18/2004,MEI,MS,ASO,CE,Federal Contract Tower,0,3,7,12,22,0,3,24,0,27,0,6,31,12,49,8,0,8,57
09/19/2004,MEI,MS,ASO,CE,Federal Contract Tower,0,5,12,28,45,0,1,24,3,28,0,6,36,31,73,50,0,50,123
09/20/2004,MEI,MS,ASO,CE,Federal Contract Tower,0,5,15,37,57,0,1,13,12,26,0,6,28,49,83,0,70,70,153
09/21/2004,MEI,MS,ASO,CE,Federal Contract Tower,0,6,19,49,74,0,0,3,28,31,0,6,22,77,105,0,106,106,211
09/22/2004,MEI,MS,ASO,CE,Federal Contract Tower,0,6,18,44,68,0,1,28,13,42,0,7,46,57,110,12,138,150,260
09/23/2004,MEI,MS,ASO,CE,Federal Contract Tower,0,8,26,63,97,0,0,21,21,42,0,8,47,84,139,4,20,24,163
09/24/2004,MEI,MS,ASO,CE,Federal Contract Tower,0,3,8,16,27,0,4,4,0,8,0,7,12,16,35,4,34,38,73
09/25/2004,MEI,MS,ASO,CE,Federal Contract Tower,0,1,4,2,7,0,4,26,0,30,0,5,30,2,37,4,0,4,41
09/26/2004,MEI,MS,ASO,CE,Federal Contract Tower,0,5,13,30,48,0,1,22,0,23,0,6,35,30,71,8,2,10,81
09/27/2004,MEI,MS,ASO,CE,Federal Contract Tower,0,4,20,52,76,2,0,18,15,35,2,4,38,67,111,12,110,122,233
09/28/2004,MEI,MS,ASO,CE,Federal Contract Tower,0,6,19,47,72,0,0,18,13,31,0,6,37,60,103,0,12,12,115
09/29/2004,MEI,MS,ASO,CE,Federal Contract Tower,0,7,23,57,87,0,0,18,8,26,0,7,41,65,113,7,10,17,130
09/30/2004,MEI,MS,ASO,CE,Federal Contract Tower,0,5,14,31,50,0,1,22,0,23,0,6,36,31,73,0,8,8,81
10/01/2004,MEI,MS,ASO,CE,Federal Contract Tower,0,6,12,36,54,0,0,18,2,20,0,6,30,38,74,2,154,156,230
10/02/2004,MEI,MS,ASO,CE,Federal Contract Tower,0,6,9,11,26,0,0,15,0,15,0,6,24,11,41,0,0,0,41
10/03/2004,MEI,MS,ASO,CE,Federal Contract Tower,0,7,21,14,42,0,0,21,2,23,0,7,42,16,65,38,0,38,103
10/04/2004,MEI,MS,ASO,CE,Federal Contract Tower,0,7,5,25,37,0,0,11,4,15,0,7,16,29,52,12,0,12,64
10/05/2004,MEI,MS,ASO,CE,Federal Contract Tower,0,7,5,25,37,0,0,11,4,15,0,7,16,29,52,12,0,12,64
10/06/2004,MEI,MS,ASO,CE,Federal Contract Tower,0,10,17,46,73,0,0,6,4,10,0,10,23,50,83,8,58,66,149
10/07/2004,MEI,MS,ASO,CE,Federal Contract Tower,0,7,22,68,97,0,0,11,4,15,0,7,33,72,112,6,154,160,272
10/08/2004,MEI,MS,ASO,CE,Federal Contract Tower,0,6,16,48,70,0,0,3,2,5,0,6,19,50,75,0,106,106,181
10/09/2004,MEI,MS,ASO,CE,Federal Contract Tower,0,4,12,1,17,0,0,0,0,0,0,4,12,1,17,0,0,0,17
10/10/2004,MEI,MS,ASO,CE,Federal Contract Tower,0,5,7,0,12,0,0,0,0,0,0,5,7,0,12,0,0,0,12
10/11/2004,MEI,MS,ASO,CE,Federal Contract Tower,0,6,19,12,37,0,0,6,0,6,0,6,25,12,43,0,0,0,43
10/12/2004,MEI,MS,ASO,CE,Federal Contract Tower,0,6,24,61,91,0,0,9,2,11,0,6,33,63,102,12,56,68,170
10/13/2004,MEI,MS,ASO,CE,Federal Contract Tower,0,8,25,53,86,0,0,20,5,25,0,8,45,58,111,2,104,106,217
10/14/2004,MEI,MS,ASO,CE,Federal Contract Tower,0,6,11,38,55,0,0,10,6,16,0,6,21,44,71,0,124,124,195
10/15/2004,MEI,MS,ASO,CE,Federal Contract Tower,0,6,21,37,64,0,0,20,7,27,0,6,41,44,91,6,160,166,257
10/16/2004,MEI,MS,ASO,CE,Federal Contract Tower,0,4,14,17,35,0,0,14,3,17,0,4,28,20,52,2,12,14,66
10/17/2004,MEI,MS,ASO,CE,Federal Contract Tower,0,7,10,15,32,0,0,10,6,16,0,7,20,21,48,10,19,29,77
10/18/2004,MEI,MS,ASO,CE,Federal Contract Tower,0,3,23,49,75,0,0,4,1,5,0,3,27,50,80,0,18,18,98
10/19/2004,MEI,MS,ASO,CE,Federal Contract Tower,0,5,19,14,38,0,0,9,0,9,0,5,28,14,47,2,52,54,101
10/20/2004,MEI,MS,ASO,CE,Federal Contract Tower,0,5,29,97,131,0,0,3,15,18,0,5,32,112,149,0,190,190,339
10/21/2004,MEI,MS,ASO,CE,Federal Contract Tower,0,4,16,57,77,0,0,19,6,25,0,4,35,63,102,10,255,265,367
10/22/2004,MEI,MS,ASO,CE,Federal Contract Tower,2,5,18,99,124,0,0,3,0,3,2,5,21,99,127,0,40,40,167
10/23/2004,MEI,MS,ASO,CE,Federal Contract Tower,0,4,8,13,25,0,0,6,0,6,0,4,14,13,31,0,0,0,31
10/24/2004,MEI,MS,ASO,CE,Federal Contract Tower,0,7,21,29,57,0,0,14,0,14,0,7,35,29,71,0,14,14,85
10/25/2004,MEI,MS,ASO,CE,Federal Contract Tower,0,6,3,42,51,0,0,5,0,5,0,6,8,42,56,0,6,6,62
10/26/2004,MEI,MS,ASO,CE,Federal Contract Tower,0,6,13,74,93,0,0,15,6,21,0,6,28,80,114,0,2,2,116
10/27/2004,MEI,MS,ASO,CE,Federal Contract Tower,0,5,34,81,120,0,0,10,2,12,0,5,44,83,132,0,84,84,216
10/28/2004,MEI,MS,ASO,CE,Federal Contract Tower,0,5,15,73,93,0,0,20,5,25,0,5,35,78,118,8,27,35,153
10/29/2004,MEI,MS,ASO,CE,Federal Contract Tower,0,6,26,29,61,0,0,9,3,12,0,6,35,32,73,0,12,12,85
10/30/2004,MEI,MS,ASO,CE,Federal Contract Tower,0,3,10,19,32,0,0,19,0,19,0,3,29,19,51,14,0,14,65
10/31/2004,MEI,MS,ASO,CE,Federal Contract Tower,0,3,10,19,32,0,0,31,0,31,0,3,41,19,63,2,0,2,65
11/01/2004,MEI,MS,ASO,CE,Federal Contract Tower,0,6,14,63,83,0,11,5,0,16,0,17,19,63,99,8,70,78,177
11/02/2004,MEI,MS,ASO,CE,Federal Contract Tower,0,1,13,40,54,0,0,3,22,25,0,1,16,62,79,0,88,88,167
11/03/2004,MEI,MS,ASO,CE,Federal Contract Tower,0,4,5,24,33,0,0,1,0,1,0,4,6,24,34,0,40,40,74
11/04/2004,MEI,MS,ASO,CE,Federal Contract Tower,0,6,12,146,164,0,0,10,0,10,0,6,22,146,174,2,88,90,264
11/05/2004,MEI,MS,ASO,CE,Federal Contract Tower,0,6,17,67,90,0,0,19,5,24,0,6,36,72,114,16,152,168,282
11/06/2004,MEI,MS,ASO,CE,Federal Contract Tower,0,6,11,17,34,0,0,35,4,39,0,6,46,21,73,8,12,20,93
11/07/2004,MEI,MS,ASO,CE,Federal Contract Tower,0,7,6,28,41,0,0,23,2,25,0,7,29,30,66,2,0,2,68
11/08/2004,MEI,MS,ASO,CE,Federal Contract Tower,0,6,11,48,65,0,0,23,5,28,0,6,34,53,93,14,48,62,155
11/09/2004,MEI,MS,ASO,CE,Federal Contract Tower,0,6,14,51,71,0,0,20,6,26,0,6,34,57,97,22,18,40,137
11/10/2004,MEI,MS,ASO,CE,Federal Contract Tower,0,6,15,63,84,0,0,6,9,15,0,6,21,72,99,6,64,70,169
11/11/2004,MEI,MS,ASO,CE,Federal Contract Tower,0,7,10,10,27,0,0,4,0,4,0,7,14,10,31,0,0,0,31
11/12/2004,MEI,MS,ASO,CE,Federal Contract Tower,2,5,33,52,92,0,0,0,0,0,2,5,33,52,92,0,10,10,102
11/13/2004,MEI,MS,ASO,CE,Federal Contract Tower,0,5,49,3,57,0,0,4,3,7,0,5,53,6,64,6,14,20,84
11/14/2004,MEI,MS,ASO,CE,Federal Contract Tower,1,6,15,32,54,0,0,18,6,24,1,6,33,38,78,22,6,28,106
11/15/2004,MEI,MS,ASO,CE,Federal Contract Tower,0,6,7,90,103,0,0,19,0,19,0,6,26,90,122,9,119,128,250
11/16/2004,MEI,MS,ASO,CE,Federal Contract Tower,0,6,8,65,79,0,0,3,10,13,0,6,11,75,92,0,96,96,188
11/17/2004,MEI,MS,ASO,CE,Federal Contract Tower,0,6,33,77,116,0,0,16,5,21,0,6,49,82,137,62,120,182,319
11/18/2004,MEI,MS,ASO,CE,Federal Contract Tower,0,8,28,56,92,0,0,3,13,16,0,8,31,69,108,4,268,272,380
11/19/2004,MEI,MS,ASO,CE,Federal Contract Tower,0,5,17,43,65,0,0,1,13,14,0,5,18,56,79,44,92,136,215
11/20/2004,MEI,MS,ASO,CE,Federal Contract Tower,0,5,7,2,14,0,0,0,0,0,0,5,7,2,14,0,0,0,14
11/21/2004,MEI,MS,ASO,CE,Federal Contract Tower,0,5,17,8,30,0,0,5,0,5,0,5,22,8,35,14,0,14,49
11/22/2004,MEI,MS,ASO,CE,Federal Contract Tower,0,6,9,16,31,0,0,3,0,3,0,6,12,16,34,0,0,0,34
11/23/2004,MEI,MS,ASO,CE,Federal Contract Tower,0,5,7,75,87,0,0,2,0,2,0,5,9,75,89,0,31,31,120
11/24/2004,MEI,MS,ASO,CE,Federal Contract Tower,0,6,15,38,59,0,0,22,0,22,0,6,37,38,81,8,119,127,208
11/25/2004,MEI,MS,ASO,CE,Federal Contract Tower,0,5,12,0,17,0,0,1,0,1,0,5,13,0,18,0,0,0,18
11/26/2004,MEI,MS,ASO,CE,Federal Contract Tower,0,4,5,0,9,0,0,21,0,21,0,4,26,0,30,22,0,22,52
11/27/2004,MEI,MS,ASO,CE,Federal Contract Tower,0,7,6,0,13,0,0,2,0,2,0,7,8,0,15,10,0,10,25
11/28/2004,MEI,MS,ASO,CE,Federal Contract Tower,0,5,15,2,22,0,0,20,1,21,0,5,35,3,43,36,0,36,79
11/29/2004,MEI,MS,ASO,CE,Federal Contract Tower,0,5,12,79,96,0,0,13,0,13,0,5,25,79,109,2,118,120,229
11/30/2004,MEI,MS,ASO,CE,Federal Contract Tower,0,4,12,52,68,0,0,0,0,0,0,4,12,52,68,0,0,0,68
12/01/2004,MEI,MS,ASO,CE,Federal Contract Tower,0,7,16,70,93,0,0,13,2,15,0,7,29,72,108,4,82,86,194
12/02/2004,MEI,MS,ASO,CE,Federal Contract Tower,0,6,17,125,148,0,0,18,7,25,0,6,35,132,173,0,178,178,351
12/03/2004,MEI,MS,ASO,CE,Federal Contract Tower,0,7,17,73,97,0,0,23,4,27,0,7,40,77,124,26,194,220,344
12/04/2004,MEI,MS,ASO,CE,Federal Contract Tower,0,4,17,11,32,0,0,21,5,26,0,4,38,16,58,4,0,4,62
12/05/2004,MEI,MS,ASO,CE,Federal Contract Tower,0,6,22,14,42,0,0,0,25,25,0,6,22,39,67,0,0,0,67
12/06/2004,MEI,MS,ASO,CE,Federal Contract Tower,0,4,12,58,74,0,0,6,0,6,0,4,18,58,80,66,54,120,200
12/07/2004,MEI,MS,ASO,CE,Federal Contract Tower,0,5,20,73,98,0,0,12,5,17,0,5,32,78,115,8,165,173,288
12/08/2004,MEI,MS,ASO,CE,Federal Contract Tower,0,6,21,80,107,0,0,11,6,17,0,6,32,86,124,26,164,190,314
12/09/2004,MEI,MS,ASO,CE,Federal Contract Tower,0,6,11,83,100,0,0,2,4,6,0,6,13,87,106,0,18,18,124
12/10/2004,MEI,MS,ASO,CE,Federal Contract Tower,1,5,11,49,66,0,0,12,15,27,1,5,23,64,93,8,134,142,235
12/11/2004,MEI,MS,ASO,CE,Federal Contract Tower,0,5,25,8,38,0,0,12,4,16,0,5,37,12,54,12,18,30,84
12/12/2004,MEI,MS,ASO,CE,Federal Contract Tower,1,7,7,22,37,0,0,33,8,41,1,7,40,30,78,20,30,50,128
12/13/2004,MEI,MS,ASO,CE,Federal Contract Tower,0,6,7,62,75,0,0,23,10,33,0,6,30,72,108,6,122,128,236
12/14/2004,MEI,MS,ASO,CE,Federal Contract Tower,0,6,11,96,113,0,0,20,9,29,0,6,31,105,142,30,212,242,384
12/15/2004,MEI,MS,ASO,CE,Federal Contract Tower,0,6,13,99,118,0,0,26,6,32,0,6,39,105,150,44,184,228,378
12/16/2004,MEI,MS,ASO,CE,Federal Contract Tower,0,6,23,109,138,0,0,14,7,21,0,6,37,116,159,18,280,298,457
12/17/2004,MEI,MS,ASO,CE,Federal Contract Tower,0,7,12,31,50,0,0,38,2,40,0,7,50,33,90,68,150,218,308
12/18/2004,MEI,MS,ASO,CE,Federal Contract Tower,0,6,15,0,21,0,0,25,4,29,0,6,40,4,50,38,0,38,88
12/19/2004,MEI,MS,ASO,CE,Federal Contract Tower,0,5,11,16,32,0,0,18,3,21,0,5,29,19,53,8,0,8,61
12/20/2004,MEI,MS,ASO,CE,Federal Contract Tower,0,4,19,25,48,0,0,28,10,38,0,4,47,35,86,76,136,212,298
12/21/2004,MEI,MS,ASO,CE,Federal Contract Tower,0,6,19,38,63,0,0,20,6,26,0,6,39,44,89,24,22,46,135
12/22/2004,MEI,MS,ASO,CE,Federal Contract Tower,0,6,15,31,52,0,0,0,0,0,0,6,15,31,52,0,36,36,88
12/23/2004,MEI,MS,ASO,CE,Federal Contract Tower,0,5,17,4,26,0,0,7,4,11,0,5,24,8,37,0,0,0,37
12/24/2004,MEI,MS,ASO,CE,Federal Contract Tower,0,7,13,0,20,0,0,11,0,11,0,7,24,0,31,16,0,16,47
12/25/2004,MEI,MS,ASO,CE,Federal Contract Tower,0,5,0,1,6,0,0,0,0,0,0,5,0,1,6,0,0,0,6
12/26/2004,MEI,MS,ASO,CE,Federal Contract Tower,0,5,10,0,15,0,0,25,0,25,0,5,35,0,40,0,0,0,40
12/27/2004,MEI,MS,ASO,CE,Federal Contract Tower,0,5,11,12,28,0,2,45,2,49,0,7,56,14,77,78,8,86,163
12/28/2004,MEI,MS,ASO,CE,Federal Contract Tower,0,7,3,31,41,0,0,38,0,38,0,7,41,31,79,42,4,46,125
12/29/2004,MEI,MS,ASO,CE,Federal Contract Tower,0,5,10,12,27,0,0,23,0,23,0,5,33,12,50,22,0,22,72
12/30/2004,MEI,MS,ASO,CE,Federal Contract Tower,0,6,27,21,54,0,0,18,1,19,0,6,45,22,73,20,0,20,93
12/31/2004,MEI,MS,ASO,CE,Federal Contract Tower,0,6,10,0,16,0,0,20,0,20,0,6,30,0,36,40,0,40,76
01/01/2005,MEI,MS,ASO,CE,Federal Contract Tower,0,5,12,4,21,0,0,4,0,4,0,5,16,4,25,26,0,26,51
01/02/2005,MEI,MS,ASO,CE,Federal Contract Tower,0,6,23,4,33,0,0,35,0,35,0,6,58,4,68,50,0,50,118
01/03/2005,MEI,MS,ASO,CE,Federal Contract Tower,0,6,20,11,37,0,0,10,0,10,0,6,30,11,47,36,0,36,83
01/04/2005,MEI,MS,ASO,CE,Federal Contract Tower,0,8,18,57,83,0,0,6,6,12,0,8,24,63,95,2,24,26,121
01/05/2005,MEI,MS,ASO,CE,Federal Contract Tower,0,6,20,40,66,0,0,9,0,9,0,6,29,40,75,18,44,62,137
01/06/2005,MEI,MS,ASO,CE,Federal Contract Tower,0,6,17,63,86,0,0,10,1,11,0,6,27,64,97,12,98,110,207
01/07/2005,MEI,MS,ASO,CE,Federal Contract Tower,0,6,9,77,92,0,0,6,0,6,0,6,15,77,98,64,6,70,168
01/08/2005,MEI,MS,ASO,CE,Federal Contract Tower,0,4,12,44,60,0,0,0,0,0,0,4,12,44,60,0,0,0,60
01/09/2005,MEI,MS,ASO,CE,Federal Contract Tower,0,6,8,38,52,0,0,27,1,28,0,6,35,39,80,66,0,66,146
01/10/2005,MEI,MS,ASO,CE,Federal Contract Tower,0,5,22,47,74,0,0,3,2,5,0,5,25,49,79,0,42,42,121
01/11/2005,MEI,MS,ASO,CE,Federal Contract Tower,0,5,16,79,100,0,0,18,0,18,0,5,34,79,118,12,220,232,350
01/12/2005,MEI,MS,ASO,CE,Federal Contract Tower,0,5,12,100,117,0,0,12,12,24,0,5,24,112,141,32,110,142,283
01/13/2005,MEI,MS,ASO,CE,Federal Contract Tower,0,5,0,10,15,0,0,0,0,0,0,5,0,10,15,0,11,11,26
01/14/2005,MEI,MS,ASO,CE,Federal Contract Tower,1,7,22,71,101,0,0,20,6,26,1,7,42,77,127,24,117,141,268
01/15/2005,MEI,MS,ASO,CE,Federal Contract Tower,0,7,8,0,15,0,0,32,0,32,0,7,40,0,47,40,0,40,87
01/16/2005,MEI,MS,ASO,CE,Federal Contract Tower,1,6,21,2,30,0,0,17,4,21,1,6,38,6,51,70,0,70,121
01/17/2005,MEI,MS,ASO,CE,Federal Contract Tower,0,6,14,5,25,0,0,22,0,22,0,6,36,5,47,0,0,0,47
01/18/2005,MEI,MS,ASO,CE,Federal Contract Tower,0,6,12,87,105,0,0,23,8,31,0,6,35,95,136,12,134,146,282
01/19/2005,MEI,MS,ASO,CE,Federal Contract Tower,0,4,18,94,116,0,0,9,13,22,0,4,27,107,138,46,106,152,290
01/20/2005,MEI,MS,ASO,CE,Federal Contract Tower,0,6,20,49,75,0,0,14,2,16,0,6,34,51,91,22,64,86,177
01/21/2005,MEI,MS,ASO,CE,Federal Contract Tower,0,6,17,42,65,0,0,23,12,35,0,6,40,54,100,10,78,88,188
01/22/2005,MEI,MS,ASO,CE,Federal Contract Tower,0,4,3,19,26,0,0,2,1,3,0,4,5,20,29,6,2,8,37
01/23/2005,MEI,MS,ASO,CE,Federal Contract Tower,0,5,9,27,41,0,0,3,1,4,0,5,12,28,45,0,14,14,59
01/24/2005,MEI,MS,ASO,CE,Federal Contract Tower,0,5,6,38,49,0,0,12,0,12,0,5,18,38,61,12,77,89,150
01/25/2005,MEI,MS,ASO,CE,Federal Contract Tower,0,5,3,43,51,0,0,17,4,21,0,5,20,47,72,18,72,90,162
01/26/2005,MEI,MS,ASO,CE,Federal Contract Tower,0,8,13,45,66,0,0,10,0,10,0,8,23,45,76,0,74,74,150
01/27/2005,MEI,MS,ASO,CE,Federal Contract Tower,0,8,32,48,88,0,0,14,3,17,0,8,46,51,105,42,240,282,387
01/28/2005,MEI,MS,ASO,CE,Federal Contract Tower,0,6,8,18,32,0,0,11,0,11,0,6,19,18,43,10,2,12,55
01/29/2005,MEI,MS,ASO,CE,Federal Contract Tower,0,1,11,1,13,0,0,0,0,0,0,1,11,1,13,0,0,0,13
01/30/2005,MEI,MS,ASO,CE,Federal Contract Tower,0,3,11,24,38,0,0,18,4,22,0,3,29,28,60,0,0,0,60
01/31/2005,MEI,MS,ASO,CE,Federal Contract Tower,0,7,12,25,44,0,0,0,0,0,0,7,12,25,44,0,0,0,44
02/01/2005,MEI,MS,ASO,CE,Federal Contract Tower,0,8,10,10,28,0,0,0,0,0,0,8,10,10,28,0,0,0,28
02/02/2005,MEI,MS,ASO,CE,Federal Contract Tower,0,6,5,51,62,0,0,0,0,0,0,6,5,51,62,0,0,0,62
02/03/2005,MEI,MS,ASO,CE,Federal Contract Tower,0,8,14,110,132,0,0,2,2,4,0,8,16,112,136,0,44,44,180
02/04/2005,MEI,MS,ASO,CE,Federal Contract Tower,0,7,15,65,87,0,0,20,12,32,0,7,35,77,119,8,114,122,241
02/05/2005,MEI,MS,ASO,CE,Federal Contract Tower,0,6,12,31,49,0,0,36,9,45,0,6,48,40,94,50,48,98,192
02/06/2005,MEI,MS,ASO,CE,Federal Contract Tower,0,8,13,24,45,0,0,4,1,5,0,8,17,25,50,40,30,70,120
02/07/2005,MEI,MS,ASO,CE,Federal Contract Tower,0,9,9,72,90,0,0,1,3,4,0,9,10,75,94,2,120,122,216
02/08/2005,MEI,MS,ASO,CE,Federal Contract Tower,0,8,20,39,67,0,0,0,0,0,0,8,20,39,67,0,0,0,67
02/09/2005,MEI,MS,ASO,CE,Federal Contract Tower,0,8,8,77,93,0,0,2,0,2,0,8,10,77,95,0,0,0,95
02/10/2005,MEI,MS,ASO,CE,Federal Contract Tower,0,6,8,4,18,0,0,10,0,10,0,6,18,4,28,0,42,42,70
02/11/2005,MEI,MS,ASO,CE,Federal Contract Tower,0,8,19,53,80,0,0,25,15,40,0,8,44,68,120,48,176,224,344
02/12/2005,MEI,MS,ASO,CE,Federal Contract Tower,0,6,4,18,28,0,0,22,2,24,0,6,26,20,52,0,46,46,98
02/13/2005,MEI,MS,ASO,CE,Federal Contract Tower,0,8,9,6,23,0,0,1,3,4,0,8,10,9,27,0,0,0,27
02/14/2005,MEI,MS,ASO,CE,Federal Contract Tower,0,8,10,103,121,0,0,7,9,16,0,8,17,112,137,54,78,132,269
02/15/2005,MEI,MS,ASO,CE,Federal Contract Tower,0,3,26,50,79,0,1,15,3,19,0,4,41,53,98,58,12,70,168
02/16/2005,MEI,MS,ASO,CE,Federal Contract Tower,0,8,15,83,106,0,0,0,1,1,0,8,15,84,107,0,8,8,115
02/17/2005,MEI,MS,ASO,CE,Federal Contract Tower,0,8,20,44,72,0,0,16,4,20,0,8,36,48,92,0,172,172,264
02/18/2005,MEI,MS,ASO,CE,Federal Contract Tower,0,8,18,63,89,0,0,36,17,53,0,8,54,80,142,60,156,216,358
02/19/2005,MEI,MS,ASO,CE,Federal Contract Tower,0,6,2,0,8,0,0,15,1,16,0,6,17,1,24,22,0,22,46
02/20/2005,MEI,MS,ASO,CE,Federal Contract Tower,2,8,17,1,28,0,0,7,0,7,2,8,24,1,35,34,0,34,69
02/21/2005,MEI,MS,ASO,CE,Federal Contract Tower,0,7,12,21,40,0,0,8,0,8,0,7,20,21,48,16,0,16,64
02/22/2005,MEI,MS,ASO,CE,Federal Contract Tower,0,8,20,34,62,0,0,0,36,36,0,8,20,70,98,0,76,76,174
02/23/2005,MEI,MS,ASO,CE,Federal Contract Tower,0,7,18,29,54,0,0,1,1,2,0,7,19,30,56,0,72,72,128
02/24/2005,MEI,MS,ASO,CE,Federal Contract Tower,0,9,17,103,129,0,0,0,2,2,0,9,17,105,131,0,0,0,131
02/25/2005,MEI,MS,ASO,CE,Federal Contract Tower,0,10,15,53,78,0,0,27,3,30,0,10,42,56,108,18,188,206,314
02/26/2005,MEI,MS,ASO,CE,Federal Contract Tower,0,5,12,13,30,0,1,17,0,18,0,6,29,13,48,0,0,0,48
02/27/2005,MEI,MS,ASO,CE,Federal Contract Tower,0,6,3,23,32,0,0,0,0,0,0,6,3,23,32,0,0,0,32
02/28/2005,MEI,MS,ASO,CE,Federal Contract Tower,0,8,5,85,98,0,0,4,2,6,0,8,9,87,104,0,132,132,236
03/01/2005,MEI,MS,ASO,CE,Federal Contract Tower,0,6,16,129,151,0,0,16,80,96,0,6,32,209,247,8,136,144,391
03/02/2005,MEI,MS,ASO,CE,Federal Contract Tower,0,8,13,77,98,0,0,10,1,11,0,8,23,78,109,4,64,68,177
03/03/2005,MEI,MS,ASO,CE,Federal Contract Tower,0,8,16,61,85,0,0,9,12,21,0,8,25,73,106,62,90,152,258
03/04/2005,MEI,MS,ASO,CE,Federal Contract Tower,0,8,14,52,74,0,0,24,1,25,0,8,38,53,99,100,20,120,219
03/05/2005,MEI,MS,ASO,CE,Federal Contract Tower,0,6,23,17,46,0,0,20,2,22,0,6,43,19,68,4,0,4,72
03/06/2005,MEI,MS,ASO,CE,Federal Contract Tower,0,8,8,8,24,0,0,17,1,18,0,8,25,9,42,0,0,0,42
03/07/2005,MEI,MS,ASO,CE,Federal Contract Tower,0,8,20,22,50,0,0,0,0,0,0,8,20,22,50,0,32,32,82
03/08/2005,MEI,MS,ASO,CE,Federal Contract Tower,0,9,8,74,91,0,0,21,3,24,0,9,29,77,115,18,188,206,321
03/09/2005,MEI,MS,ASO,CE,Federal Contract Tower,0,8,17,100,125,0,0,4,7,11,0,8,21,107,136,0,26,26,162
03/10/2005,MEI,MS,ASO,CE,Federal Contract Tower,0,12,23,118,153,0,0,24,5,29,0,12,47,123,182,50,80,130,312
03/11/2005,MEI,MS,ASO,CE,Federal Contract Tower,2,8,13,45,68,0,0,7,4,11,2,8,20,49,79,4,54,58,137
03/12/2005,MEI,MS,ASO,CE,Federal Contract Tower,0,6,10,14,30,0,0,12,5,17,0,6,22,19,47,8,18,26,73
03/13/2005,MEI,MS,ASO,CE,Federal Contract Tower,0,7,14,11,32,0,0,8,2,10,0,7,22,13,42,6,0,6,48
03/14/2005,MEI,MS,ASO,CE,Federal Contract Tower,0,7,16,59,82,0,0,15,4,19,0,7,31,63,101,0,46,46,147
03/15/2005,MEI,MS,ASO,CE,Federal Contract Tower,0,8,15,34,57,0,0,6,2,8,0,8,21,36,65,46,78,124,189
03/16/2005,MEI,MS,ASO,CE,Federal Contract Tower,0,8,7,26,41,0,0,2,0,2,0,8,9,26,43,0,0,0,43
03/17/2005,MEI,MS,ASO,CE,Federal Contract Tower,0,6,23,75,104,0,0,5,9,14,0,6,28,84,118,0,62,62,180
03/18/2005,MEI,MS,ASO,CE,Federal Contract Tower,0,7,17,27,51,0,0,19,10,29,0,7,36,37,80,10,14,24,104
03/19/2005,MEI,MS,ASO,CE,Federal Contract Tower,0,5,8,10,23,0,0,15,10,25,0,5,23,20,48,8,0,8,56
03/20/2005,MEI,MS,ASO,CE,Federal Contract Tower,0,7,20,12,39,0,0,16,9,25,0,7,36,21,64,40,0,40,104
03/21/2005,MEI,MS,ASO,CE,Federal Contract Tower,0,7,13,53,73,0,0,6,0,6,0,7,19,53,79,0,50,50,129
03/22/2005,MEI,MS,ASO,CE,Federal Contract Tower,0,5,3,24,32,0,0,9,0,9,0,5,12,24,41,12,28,40,81
03/23/2005,MEI,MS,ASO,CE,Federal Contract Tower,0,7,11,69,87,0,0,32,2,34,0,7,43,71,121,62,124,186,307
03/24/2005,MEI,MS,ASO,CE,Federal Contract Tower,0,9,15,60,84,0,0,15,2,17,0,9,30,62,101,24,110,134,235
03/25/2005,MEI,MS,ASO,CE,Federal Contract Tower,0,9,15,60,84,0,0,15,2,17,0,9,30,62,101,24,110,134,235
03/26/2005,MEI,MS,ASO,CE,Federal Contract Tower,2,4,8,2,16,0,0,5,0,5,2,4,13,2,21,20,2,22,43
03/27/2005,MEI,MS,ASO,CE,Federal Contract Tower,0,6,5,1,12,0,0,0,0,0,0,6,5,1,12,0,0,0,12
03/28/2005,MEI,MS,ASO,CE,Federal Contract Tower,0,8,15,54,77,0,0,13,3,16,0,8,28,57,93,0,14,14,107
03/29/2005,MEI,MS,ASO,CE,Federal Contract Tower,0,8,15,54,77,0,0,26,15,41,0,8,41,69,118,22,152,174,292
03/30/2005,MEI,MS,ASO,CE,Federal Contract Tower,0,8,18,49,75,0,0,9,0,9,0,8,27,49,84,0,82,82,166
03/31/2005,MEI,MS,ASO,CE,Federal Contract Tower,1,7,10,35,53,0,0,12,0,12,1,7,22,35,65,12,170,182,247
04/01/2005,MEI,MS,ASO,CE,Federal Contract Tower,0,6,16,52,74,0,0,2,0,2,0,6,18,52,76,0,100,100,176
04/02/2005,MEI,MS,ASO,CE,Federal Contract Tower,0,4,9,26,39,0,0,14,4,18,0,4,23,30,57,10,2,12,69
04/03/2005,MEI,MS,ASO,CE,Federal Contract Tower,0,5,6,10,21,0,0,23,14,37,0,5,29,24,58,0,0,0,58
04/04/2005,MEI,MS,ASO,CE,Federal Contract Tower,0,6,9,52,67,0,0,13,2,15,0,6,22,54,82,13,56,69,151
04/05/2005,MEI,MS,ASO,CE,Federal Contract Tower,0,10,7,88,105,0,0,20,4,24,0,10,27,92,129,22,214,236,365
04/06/2005,MEI,MS,ASO,CE,Federal Contract Tower,0,7,0,0,7,0,0,0,0,0,0,7,0,0,7,0,0,0,7
04/07/2005,MEI,MS,ASO,CE,Federal Contract Tower,0,10,20,80,110,0,0,8,3,11,0,10,28,83,121,0,298,298,419
04/08/2005,MEI,MS,ASO,CE,Federal Contract Tower,0,6,19,122,147,0,0,12,3,15,0,6,31,125,162,16,46,62,224
04/09/2005,MEI,MS,ASO,CE,Federal Contract Tower,0,4,9,5,18,0,0,23,5,28,0,4,32,10,46,2,4,6,52
04/10/2005,MEI,MS,ASO,CE,Federal Contract Tower,0,8,15,20,43,0,0,19,3,22,0,8,34,23,65,0,10,10,75
04/11/2005,MEI,MS,ASO,CE,Federal Contract Tower,0,8,11,10,29,0,0,1,1,2,0,8,12,11,31,0,38,38,69
04/12/2005,MEI,MS,ASO,CE,Federal Contract Tower,0,8,13,60,81,0,0,30,8,38,0,8,43,68,119,12,66,78,197
04/13/2005,MEI,MS,ASO,CE,Federal Contract Tower,0,7,22,69,98,0,0,22,7,29,0,7,44,76,127,130,84,214,341
04/14/2005,MEI,MS,ASO,CE,Federal Contract Tower,0,8,20,83,111,0,0,22,2,24,0,8,42,85,135,20,244,264,399
04/15/2005,MEI,MS,ASO,CE,Federal Contract Tower,0,6,12,24,42,0,0,22,4,26,0,6,34,28,68,32,123,155,223
04/16/2005,MEI,MS,ASO,CE,Federal Contract Tower,0,6,16,16,38,0,0,38,0,38,0,6,54,16,76,82,28,110,186
04/17/2005,MEI,MS,ASO,CE,Federal Contract Tower,0,8,14,40,62,0,0,37,6,43,0,8,51,46,105,0,8,8,113
04/18/2005,MEI,MS,ASO,CE,Federal Contract Tower,0,8,21,56,85,0,0,17,2,19,0,8,38,58,104,54,158,212,316
04/19/2005,MEI,MS,ASO,CE,Federal Contract Tower,0,8,12,55,75,0,0,17,3,20,0,8,29,58,95,0,168,168,263
04/20/2005,MEI,MS,ASO,CE,Federal Contract Tower,0,6,14,106,126,0,0,10,10,20,0,6,24,116,146,24,178,202,348
04/21/2005,MEI,MS,ASO,CE,Federal Contract Tower,0,9,24,91,124,0,0,12,2,14,0,9,36,93,138,10,148,158,296
04/22/2005,MEI,MS,ASO,CE,Federal Contract Tower,0,8,13,33,54,0,0,6,1,7,0,8,19,34,61,8,82,90,151
04/23/2005,MEI,MS,ASO,CE,Federal Contract Tower,0,1,5,3,9,0,4,13,17,34,0,5,18,20,43,12,8,20,63
04/24/2005,MEI,MS,ASO,CE,Federal Contract Tower,0,6,9,26,41,0,0,29,9,38,0,6,38,35,79,0,0,0,79
04/25/2005,MEI,MS,ASO,CE,Federal Contract Tower,0,7,20,74,101,0,0,15,6,21,0,7,35,80,122,2,18,20,142
04/26/2005,MEI,MS,ASO,CE,Federal Contract Tower,0,6,14,56,76,0,0,1,2,3,0,6,15,58,79,0,76,76,155
04/27/2005,MEI,MS,ASO,CE,Federal Contract Tower,0,7,16,61,84,0,0,28,14,42,0,7,44,75,126,0,161,161,287
04/28/2005,MEI,MS,ASO,CE,Federal Contract Tower,0,10,37,96,143,0,0,16,9,25,0,10,53,105,168,8,128,136,304
04/29/2005,MEI,MS,ASO,CE,Federal Contract Tower,0,8,18,62,88,0,0,9,4,13,0,8,27,66,101,6,154,160,261
04/30/2005,MEI,MS,ASO,CE,Federal Contract Tower,0,4,6,27,37,0,0,3,0,3,0,4,9,27,40,0,0,0,40
05/01/2005,MEI,MS,ASO,CE,Federal Contract Tower,0,7,17,57,81,0,0,23,5,28,0,7,40,62,109,22,26,48,157
05/02/2005,MEI,MS,ASO,CE,Federal Contract Tower,0,8,21,72,101,0,0,16,11,27,0,8,37,83,128,2,178,180,308
05/03/2005,MEI,MS,ASO,CE,Federal Contract Tower,0,8,16,114,138,0,0,16,16,32,0,8,32,130,170,4,248,252,422
05/04/2005,MEI,MS,ASO,CE,Federal Contract Tower,0,7,21,95,123,0,0,13,21,34,0,7,34,116,157,32,118,150,307
05/05/2005,MEI,MS,ASO,CE,Federal Contract Tower,0,5,27,71,103,0,0,19,3,22,0,5,46,74,125,28,113,141,266
05/06/2005,MEI,MS,ASO,CE,Federal Contract Tower,0,7,24,53,84,0,0,21,5,26,0,7,45,58,110,16,110,126,236
05/07/2005,MEI,MS,ASO,CE,Federal Contract Tower,0,5,13,25,43,0,0,19,0,19,0,5,32,25,62,8,12,20,82
05/08/2005,MEI,MS,ASO,CE,Federal Contract Tower,0,8,10,26,44,0,0,33,7,40,0,8,43,33,84,12,32,44,128
05/09/2005,MEI,MS,ASO,CE,Federal Contract Tower,0,7,12,24,43,0,0,14,0,14,0,7,26,24,57,0,48,48,105
05/10/2005,MEI,MS,ASO,CE,Federal Contract Tower,0,7,13,48,68,0,0,12,2,14,0,7,25,50,82,4,28,32,114
05/11/2005,MEI,MS,ASO,CE,Federal Contract Tower,0,8,14,42,64,0,0,13,9,22,0,8,27,51,86,10,30,40,126
05/12/2005,MEI,MS,ASO,CE,Federal Contract Tower,0,7,13,64,84,0,0,22,4,26,0,7,35,68,110,86,44,130,240
05/13/2005,MEI,MS,ASO,CE,Federal Contract Tower,0,8,28,67,103,0,0,21,7,28,0,8,49,74,131,26,86,112,243
05/14/2005,MEI,MS,ASO,CE,Federal Contract Tower,0,5,14,9,28,0,0,16,0,16,0,5,30,9,44,6,0,6,50
05/15/2005,MEI,MS,ASO,CE,Federal Contract Tower,0,7,10,23,40,0,0,12,2,14,0,7,22,25,54,0,0,0,54
05/16/2005,MEI,MS,ASO,CE,Federal Contract Tower,0,8,16,84,108,0,0,18,10,28,0,8,34,94,136,30,68,98,234
05/17/2005,MEI,MS,ASO,CE,Federal Contract Tower,0,8,12,63,83,0,0,20,5,25,0,8,32,68,108,27,126,153,261
05/18/2005,MEI,MS,ASO,CE,Federal Contract Tower,0,8,7,78,93,0,0,31,8,39,0,8,38,86,132,22,46,68,200
05/19/2005,MEI,MS,ASO,CE,Federal Contract Tower,0,10,23,81,114,0,0,5,3,8,0,10,28,84,122,0,35,35,157
05/20/2005,MEI,MS,ASO,CE,Federal Contract Tower,0,4,13,32,49,0,0,21,9,30,0,4,34,41,79,83,62,145,224
05/21/2005,MEI,MS,ASO,CE,Federal Contract Tower,0,6,16,18,40,0,0,30,6,36,0,6,46,24,76,38,0,38,114
05/22/2005,MEI,MS,ASO,CE,Federal Contract Tower,0,8,18,36,62,0,0,23,8,31,0,8,41,44,93,84,38,122,215
05/23/2005,MEI,MS,ASO,CE,Federal Contract Tower,0,7,4,65,76,0,0,8,7,15,0,7,12,72,91,0,58,58,149
05/24/2005,MEI,MS,ASO,CE,Federal Contract Tower,0,9,8,90,107,0,0,9,9,18,0,9,17,99,125,35,136,171,296
05/25/2005,MEI,MS,ASO,CE,Federal Contract Tower,0,8,19,98,125,0,0,22,8,30,0,8,41,106,155,28,54,82,237
05/26/2005,MEI,MS,ASO,CE,Federal Contract Tower,0,7,12,83,102,0,0,15,7,22,0,7,27,90,124,24,92,116,240
05/27/2005,MEI,MS,ASO,CE,Federal Contract Tower,0,7,21,15,43,0,0,37,7,44,0,7,58,22,87,30,60,90,177
05/28/2005,MEI,MS,ASO,CE,Federal Contract Tower,0,8,9,0,17,0,0,11,0,11,0,8,20,0,28,4,0,4,32
05/29/2005,MEI,MS,ASO,CE,Federal Contract Tower,0,6,8,5,19,0,0,8,0,8,0,6,16,5,27,4,0,4,31
05/30/2005,MEI,MS,ASO,CE,Federal Contract Tower,0,8,25,9,42,0,0,5,4,9,0,8,30,13,51,0,0,0,51
05/31/2005,MEI,MS,ASO,CE,Federal Contract Tower,0,8,16,18,42,0,0,0,0,0,0,8,16,18,42,0,0,0,42
06/01/2005,MEI,MS,ASO,CE,Federal Contract Tower,0,6,29,65,100,0,0,1,1,2,0,6,30,66,102,0,0,0,102
06/02/2005,MEI,MS,ASO,CE,Federal Contract Tower,0,3,35,61,99,0,0,11,0,11,0,3,46,61,110,8,42,50,160
06/03/2005,MEI,MS,ASO,CE,Federal Contract Tower,0,7,16,70,93,0,0,19,5,24,0,7,35,75,117,46,64,110,227
06/04/2005,MEI,MS,ASO,CE,Federal Contract Tower,0,7,12,26,45,0,0,43,6,49,0,7,55,32,94,68,26,94,188
06/05/2005,MEI,MS,ASO,CE,Federal Contract Tower,0,7,26,19,52,0,0,19,6,25,0,7,45,25,77,20,32,52,129
06/06/2005,MEI,MS,ASO,CE,Federal Contract Tower,0,2,13,28,43,0,0,8,1,9,0,2,21,29,52,0,20,20,72
06/07/2005,MEI,MS,ASO,CE,Federal Contract Tower,0,5,21,62,88,0,0,11,8,19,0,5,32,70,107,16,66,82,189
06/08/2005,MEI,MS,ASO,CE,Federal Contract Tower,0,5,18,76,99,0,0,10,8,18,0,5,28,84,117,76,158,234,351
06/09/2005,MEI,MS,ASO,CE,Federal Contract Tower,0,8,20,86,114,0,0,18,1,19,0,8,38,87,133,22,108,130,263
06/10/2005,MEI,MS,ASO,CE,Federal Contract Tower,0,7,24,85,116,0,0,20,10,30,0,7,44,95,146,38,82,120,266
06/11/2005,MEI,MS,ASO,CE,Federal Contract Tower,0,6,4,0,10,0,0,0,0,0,0,6,4,0,10,0,0,0,10
06/12/2005,MEI,MS,ASO,CE,Federal Contract Tower,0,6,8,3,17,0,0,17,5,22,0,6,25,8,39,22,56,78,117
06/13/2005,MEI,MS,ASO,CE,Federal Contract Tower,0,7,16,100,123,0,0,6,10,16,0,7,22,110,139,4,140,144,283
06/14/2005,MEI,MS,ASO,CE,Federal Contract Tower,0,10,20,95,125,0,0,23,19,42,0,10,43,114,167,2,138,140,307
06/15/2005,MEI,MS,ASO,CE,Federal Contract Tower,0,8,28,141,177,0,0,12,13,25,0,8,40,154,202,62,212,274,476
06/16/2005,MEI,MS,ASO,CE,Federal Contract Tower,0,7,24,86,117,0,0,27,7,34,0,7,51,93,151,34,162,196,347
06/17/2005,MEI,MS,ASO,CE,Federal Contract Tower,0,7,6,61,74,0,0,6,1,7,0,7,12,62,81,16,134,150,231
06/18/2005,MEI,MS,ASO,CE,Federal Contract Tower,0,6,14,8,28,0,0,39,0,39,0,6,53,8,67,52,22,74,141
06/19/2005,MEI,MS,ASO,CE,Federal Contract Tower,0,8,13,9,30,0,0,28,2,30,0,8,41,11,60,24,66,90,150
06/20/2005,MEI,MS,ASO,CE,Federal Contract Tower,0,6,18,98,122,0,0,19,10,29,0,6,37,108,151,0,172,172,323
06/21/2005,MEI,MS,ASO,CE,Federal Contract Tower,0,5,16,85,106,0,4,15,5,24,0,9,31,90,130,8,218,226,356
06/22/2005,MEI,MS,ASO,CE,Federal Contract Tower,0,9,27,115,151,0,0,35,10,45,0,9,62,125,196,52,202,254,450
06/23/2005,MEI,MS,ASO,CE,Federal Contract Tower,0,8,25,75,108,0,0,15,2,17,0,8,40,77,125,68,112,180,305
06/24/2005,MEI,MS,ASO,CE,Federal Contract Tower,0,8,16,58,82,0,0,11,6,17,0,8,27,64,99,16,134,150,249
06/25/2005,MEI,MS,ASO,CE,Federal Contract Tower,0,6,20,10,36,0,0,14,0,14,0,6,34,10,50,0,4,4,54
06/26/2005,MEI,MS,ASO,CE,Federal Contract Tower,0,9,19,13,41,0,0,15,1,16,0,9,34,14,57,34,4,38,95
06/27/2005,MEI,MS,ASO,CE,Federal Contract Tower,0,8,20,49,77,0,0,14,14,28,0,8,34,63,105,40,118,158,263
06/28/2005,MEI,MS,ASO,CE,Federal Contract Tower,0,6,12,43,61,0,0,6,7,13,0,6,18,50,74,62,68,130,204
06/29/2005,MEI,MS,ASO,CE,Federal Contract Tower,0,8,13,149,170,0,0,17,29,46,0,8,30,178,216,30,204,234,450
06/30/2005,MEI,MS,ASO,CE,Federal Contract Tower,0,7,28,107,142,0,0,20,9,29,0,7,48,116,171,56,78,134,305
07/01/2005,MEI,MS,ASO,CE,Federal Contract Tower,0,6,27,42,75,0,0,31,9,40,0,6,58,51,115,28,78,106,221
07/02/2005,MEI,MS,ASO,CE,Federal Contract Tower,0,3,13,5,21,0,1,13,0,14,0,4,26,5,35,8,0,8,43
07/03/2005,MEI,MS,ASO,CE,Federal Contract Tower,0,5,8,11,24,0,0,42,3,45,0,5,50,14,69,42,38,80,149
07/04/2005,MEI,MS,ASO,CE,Federal Contract Tower,0,8,6,16,30,0,0,19,24,43,0,8,25,40,73,6,8,14,87
07/05/2005,MEI,MS,ASO,CE,Federal Contract Tower,0,7,14,73,94,0,0,12,2,14,0,7,26,75,108,0,134,134,242
07/06/2005,MEI,MS,ASO,CE,Federal Contract Tower,0,5,7,22,34,0,0,0,0,0,0,5,7,22,34,0,0,0,34
07/07/2005,MEI,MS,ASO,CE,Federal Contract Tower,0,7,23,69,99,0,0,15,5,20,0,7,38,74,119,40,180,220,339
07/08/2005,MEI,MS,ASO,CE,Federal Contract Tower,0,8,16,15,39,0,0,10,1,11,0,8,26,16,50,30,0,30,80
07/09/2005,MEI,MS,ASO,CE,Federal Contract Tower,0,4,4,9,17,0,0,21,2,23,0,4,25,11,40,32,18,50,90
07/10/2005,MEI,MS,ASO,CE,Federal Contract Tower,0,4,5,3,12,0,0,0,0,0,0,4,5,3,12,0,0,0,12
07/11/2005,MEI,MS,ASO,CE,Federal Contract Tower,0,5,6,10,21,0,0,12,0,12,0,5,18,10,33,0,0,0,33
07/12/2005,MEI,MS,ASO,CE,Federal Contract Tower,0,3,18,26,47,0,0,9,8,17,0,3,27,34,64,0,44,44,108
07/13/2005,MEI,MS,ASO,CE,Federal Contract Tower,0,7,23,35,65,0,0,10,1,11,0,7,33,36,76,2,6,8,84
07/14/2005,MEI,MS,ASO,CE,Federal Contract Tower,0,5,10,25,40,0,0,9,0,9,0,5,19,25,49,0,0,0,49
07/15/2005,MEI,MS,ASO,CE,Federal Contract Tower,0,6,29,30,65,0,0,4,1,5,0,6,33,31,70,17,74,91,161
07/16/2005,MEI,MS,ASO,CE,Federal Contract Tower,0,4,7,21,32,0,0,7,2,9,0,4,14,23,41,7,0,7,48
07/17/2005,MEI,MS,ASO,CE,Federal Contract Tower,0,7,10,42,59,0,0,9,5,14,0,7,19,47,73,20,52,72,145
07/18/2005,MEI,MS,ASO,CE,Federal Contract Tower,0,6,16,111,133,0,0,15,2,17,0,6,31,113,150,2,152,154,304
07/19/2005,MEI,MS,ASO,CE,Federal Contract Tower,0,5,20,74,99,0,0,7,3,10,0,5,27,77,109,0,60,60,169
07/20/2005,MEI,MS,ASO,CE,Federal Contract Tower,0,6,15,89,110,0,0,12,7,19,0,6,27,96,129,30,194,224,353
07/21/2005,MEI,MS,ASO,CE,Federal Contract Tower,0,5,15,94,114,0,0,10,1,11,0,5,25,95,125,0,46,46,171
07/22/2005,MEI,MS,ASO,CE,Federal Contract Tower,0,10,23,52,85,0,0,9,14,23,0,10,32,66,108,0,122,122,230
07/23/2005,MEI,MS,ASO,CE,Federal Contract Tower,0,6,8,9,23,0,0,22,6,28,0,6,30,15,51,0,20,20,71
07/24/2005,MEI,MS,ASO,CE,Federal Contract Tower,0,6,16,17,39,0,0,6,4,10,0,6,22,21,49,30,20,50,99
07/25/2005,MEI,MS,ASO,CE,Federal Contract Tower,0,8,13,49,70,0,0,17,5,22,0,8,30,54,92,18,70,88,180
07/26/2005,MEI,MS,ASO,CE,Federal Contract Tower,0,8,16,88,112,0,0,11,4,15,0,8,27,92,127,12,246,258,385
07/27/2005,MEI,MS,ASO,CE,Federal Contract Tower,0,7,17,90,114,0,0,23,1,24,0,7,40,91,138,84,196,280,418
07/28/2005,MEI,MS,ASO,CE,Federal Contract Tower,0,8,29,15,52,0,0,2,56,58,0,8,31,71,110,0,104,104,214
07/29/2005,MEI,MS,ASO,CE,Federal Contract Tower,0,8,12,59,79,0,19,13,2,34,0,27,25,61,113,40,92,132,245
07/30/2005,MEI,MS,ASO,CE,Federal Contract Tower,0,8,19,2,29,0,0,7,4,11,0,8,26,6,40,10,38,48,88
07/31/2005,MEI,MS,ASO,CE,Federal Contract Tower,0,7,21,33,61,0,0,13,0,13,0,7,34,33,74,22,44,66,140
08/01/2005,MEI,MS,ASO,CE,Federal Contract Tower,0,8,23,24,55,0,0,11,0,11,0,8,34,24,66,0,8,8,74
08/02/2005,MEI,MS,ASO,CE,Federal Contract Tower,0,8,8,104,120,0,0,13,13,26,0,8,21,117,146,33,146,179,325
08/03/2005,MEI,MS,ASO,CE,Federal Contract Tower,0,8,12,49,69,0,0,11,1,12,0,8,23,50,81,4,24,28,109
08/04/2005,MEI,MS,ASO,CE,Federal Contract Tower,0,8,16,52,76,0,0,20,2,22,0,8,36,54,98,38,44,82,180
08/05/2005,MEI,MS,ASO,CE,Federal Contract Tower,0,8,16,52,76,0,0,7,3,10,0,8,23,55,86,44,47,91,177
08/06/2005,MEI,MS,ASO,CE,Federal Contract Tower,0,6,16,36,58,0,0,11,0,11,0,6,27,36,69,0,8,8,77
08/07/2005,MEI,MS,ASO,CE,Federal Contract Tower,0,8,16,41,65,0,0,8,8,16,0,8,24,49,81,35,152,187,268
08/08/2005,MEI,MS,ASO,CE,Federal Contract Tower,0,8,19,93,120,0,0,3,2,5,0,8,22,95,125,0,42,42,167
08/09/2005,MEI,MS,ASO,CE,Federal Contract Tower,0,9,12,58,79,0,0,11,5,16,0,9,23,63,95,8,76,84,179
08/10/2005,MEI,MS,ASO,CE,Federal Contract Tower,0,8,32,75,115,0,0,6,66,72,0,8,38,141,187,0,150,150,337
08/11/2005,MEI,MS,ASO,CE,Federal Contract Tower,0,6,23,159,188,0,0,13,14,27,0,6,36,173,215,26,150,176,391
08/12/2005,MEI,MS,ASO,CE,Federal Contract Tower,0,8,24,53,85,0,0,0,0,0,0,8,24,53,85,4,108,112,197
08/13/2005,MEI,MS,ASO,CE,Federal Contract Tower,0,6,14,10,30,0,0,14,0,14,0,6,28,10,44,28,24,52,96
08/14/2005,MEI,MS,ASO,CE,Federal Contract Tower,0,8,13,39,60,0,0,21,13,34,0,8,34,52,94,6,42,48,142
08/15/2005,MEI,MS,ASO,CE,Federal Contract Tower,0,7,11,69,87,0,0,17,5,22,0,7,28,74,109,20,54,74,183
08/16/2005,MEI,MS,ASO,CE,Federal Contract Tower,0,8,10,64,82,0,0,15,2,17,0,8,25,66,99,27,40,67,166
08/17/2005,MEI,MS,ASO,CE,Federal Contract Tower,0,7,16,90,113,0,0,5,5,10,0,7,21,95,123,0,150,150,273
08/18/2005,MEI,MS,ASO,CE,Federal Contract Tower,0,8,19,77,104,0,0,24,6,30,0,8,43,83,134,22,98,120,254
08/19/2005,MEI,MS,ASO,CE,Federal Contract Tower,0,8,21,109,138,0,0,18,8,26,0,8,39,117,164,10,48,58,222
08/20/2005,MEI,MS,ASO,CE,Federal Contract Tower,0,6,6,6,18,0,0,18,6,24,0,6,24,12,42,4,32,36,78
08/21/2005,MEI,MS,ASO,CE,Federal Contract Tower,0,8,12,20,40,0,0,10,9,19,0,8,22,29,59,12,36,48,107
08/22/2005,MEI,MS,ASO,CE,Federal Contract Tower,0,7,15,42,64,0,0,26,9,35,0,7,41,51,99,20,68,88,187
08/23/2005,MEI,MS,ASO,CE,Federal Contract Tower,0,5,12,69,86,0,0,15,6,21,0,5,27,75,107,26,91,117,224
08/24/2005,MEI,MS,ASO,CE,Federal Contract Tower,0,10,13,127,150,0,0,21,5,26,0,10,34,132,176,10,112,122,298
08/25/2005,MEI,MS,ASO,CE,Federal Contract Tower,0,8,25,89,122,0,0,19,7,26,0,8,44,96,148,20,152,172,320
08/26/2005,MEI,MS,ASO,CE,Federal Contract Tower,0,8,11,105,124,0,0,19,4,23,0,8,30,109,147,0,110,110,257
08/27/2005,MEI,MS,ASO,CE,Federal Contract Tower,0,5,21,25,51,0,0,38,17,55,0,5,59,42,106,24,90,114,220
08/28/2005,MEI,MS,ASO,CE,Federal Contract Tower,0,9,17,42,68,0,0,2,5,7,0,9,19,47,75,4,16,20,95
08/29/2005,MEI,MS,ASO,CE,Federal Contract Tower,0,0,1,0,1,0,0,0,0,0,0,0,1,0,1,0,0,0,1
08/30/2005,MEI,MS,ASO,CE,Federal Contract Tower,0,0,1,3,4,0,0,23,12,35,0,0,24,15,39,0,0,0,39
08/31/2005,MEI,MS,ASO,CE,Federal Contract Tower,0,7,10,11,28,0,0,56,45,101,0,7,66,56,129,0,0,0,129
09/01/2005,MEI,MS,ASO,CE,Federal Contract Tower,0,15,23,8,46,0,0,48,20,68,0,15,71,28,114,4,0,4,118
09/02/2005,MEI,MS,ASO,CE,Federal Contract Tower,0,9,12,18,39,0,0,29,11,40,0,9,41,29,79,6,0,6,85
09/03/2005,MEI,MS,ASO,CE,Federal Contract Tower,0,7,7,2,16,0,0,28,22,50,0,7,35,24,66,0,0,0,66
09/04/2005,MEI,MS,ASO,CE,Federal Contract Tower,0,12,10,12,34,0,0,21,16,37,0,12,31,28,71,24,14,38,109
09/05/2005,MEI,MS,ASO,CE,Federal Contract Tower,2,8,13,13,36,0,0,34,21,55,2,8,47,34,91,0,12,12,103
09/06/2005,MEI,MS,ASO,CE,Federal Contract Tower,6,8,37,70,121,0,0,7,12,19,6,8,44,82,140,4,4,8,148
09/07/2005,MEI,MS,ASO,CE,Federal Contract Tower,2,8,14,25,49,0,1,28,59,88,2,9,42,84,137,10,74,84,221
09/08/2005,MEI,MS,ASO,CE,Federal Contract Tower,0,8,22,66,96,0,0,23,14,37,0,8,45,80,133,16,2,18,151
09/09/2005,MEI,MS,ASO,CE,Federal Contract Tower,0,8,17,32,57,0,0,20,14,34,0,8,37,46,91,18,4,22,113
09/10/2005,MEI,MS,ASO,CE,Federal Contract Tower,0,6,16,16,38,0,0,16,2,18,0,6,32,18,56,10,0,10,66
09/11/2005,MEI,MS,ASO,CE,Federal Contract Tower,0,10,25,25,60,0,0,18,26,44,0,10,43,51,104,4,0,4,108
09/12/2005,MEI,MS,ASO,CE,Federal Contract Tower,0,8,6,89,103,0,0,23,4,27,0,8,29,93,130,10,62,72,202
09/13/2005,MEI,MS,ASO,CE,Federal Contract Tower,0,8,19,94,121,0,0,39,17,56,0,8,58,111,177,30,56,86,263
09/14/2005,MEI,MS,ASO,CE,Federal Contract Tower,0,9,9,66,84,0,0,37,24,61,0,9,46,90,145,6,104,110,255
09/15/2005,MEI,MS,ASO,CE,Federal Contract Tower,0,10,14,96,120,0,0,25,2,27,0,10,39,98,147,22,70,92,239
09/16/2005,MEI,MS,ASO,CE,Federal Contract Tower,0,6,23,31,60,0,0,13,8,21,0,6,36,39,81,18,108,126,207
09/17/2005,MEI,MS,ASO,CE,Federal Contract Tower,0,6,15,10,31,0,0,16,12,28,0,6,31,22,59,16,10,26,85
09/18/2005,MEI,MS,ASO,CE,Federal Contract Tower,0,8,16,10,34,0,0,17,9,26,0,8,33,19,60,10,0,10,70
09/19/2005,MEI,MS,ASO,CE,Federal Contract Tower,0,8,13,87,108,0,0,24,11,35,0,8,37,98,143,36,76,112,255
09/20/2005,MEI,MS,ASO,CE,Federal Contract Tower,0,8,14,99,121,0,0,16,9,25,0,8,30,108,146,6,168,174,320
09/21/2005,MEI,MS,ASO,CE,Federal Contract Tower,0,8,22,92,122,0,0,15,14,29,0,8,37,106,151,0,88,88,239
09/22/2005,MEI,MS,ASO,CE,Federal Contract Tower,0,8,17,63,88,0,0,28,7,35,0,8,45,70,123,22,87,109,232
09/23/2005,MEI,MS,ASO,CE,Federal Contract Tower,0,12,17,27,56,0,0,28,11,39,0,12,45,38,95,10,135,145,240
09/24/2005,MEI,MS,ASO,CE,Federal Contract Tower,0,6,2,4,12,0,0,0,4,4,0,6,2,8,16,0,0,0,16
09/25/2005,MEI,MS,ASO,CE,Federal Contract Tower,0,7,6,0,13,0,0,12,0,12,0,7,18,0,25,0,0,0,25
09/26/2005,MEI,MS,ASO,CE,Federal Contract Tower,0,6,13,79,98,0,0,12,2,14,0,6,25,81,112,0,16,16,128
09/27/2005,MEI,MS,ASO,CE,Federal Contract Tower,0,8,12,53,73,0,0,16,5,21,0,8,28,58,94,0,48,48,142
09/28/2005,MEI,MS,ASO,CE,Federal Contract Tower,0,8,12,53,73,0,0,16,5,21,0,8,28,58,94,0,48,48,142
09/29/2005,MEI,MS,ASO,CE,Federal Contract Tower,0,10,14,79,103,0,0,12,4,16,0,10,26,83,119,0,4,4,123
09/30/2005,MEI,MS,ASO,CE,Federal Contract Tower,0,7,17,61,85,0,1,35,1,37,0,8,52,62,122,14,0,14,136
10/01/2005,MEI,MS,ASO,CE,Federal Contract Tower,0,8,14,17,39,0,0,10,10,20,0,8,24,27,59,10,54,64,123
10/02/2005,MEI,MS,ASO,CE,Federal Contract Tower,0,8,14,39,61,0,0,9,2,11,0,8,23,41,72,6,20,26,98
10/03/2005,MEI,MS,ASO,CE,Federal Contract Tower,0,8,20,81,109,0,0,14,3,17,0,8,34,84,126,16,12,28,154
10/04/2005,MEI,MS,ASO,CE,Federal Contract Tower,0,8,7,66,81,0,0,16,2,18,0,8,23,68,99,12,62,74,173
10/05/2005,MEI,MS,ASO,CE,Federal Contract Tower,0,8,9,80,97,0,0,18,0,18,0,8,27,80,115,0,64,64,179
10/06/2005,MEI,MS,ASO,CE,Federal Contract Tower,0,4,13,90,107,0,0,15,11,26,0,4,28,101,133,10,122,132,265
10/07/2005,MEI,MS,ASO,CE,Federal Contract Tower,0,8,15,58,81,0,0,22,18,40,0,8,37,76,121,12,154,166,287
10/08/2005,MEI,MS,ASO,CE,Federal Contract Tower,0,9,7,3,19,0,0,24,4,28,0,9,31,7,47,0,0,0,47
10/09/2005,MEI,MS,ASO,CE,Federal Contract Tower,0,8,12,4,24,0,0,25,1,26,0,8,37,5,50,22,4,26,76
10/10/2005,MEI,MS,ASO,CE,Federal Contract Tower,0,8,16,29,53,0,0,23,6,29,0,8,39,35,82,10,2,12,94
10/11/2005,MEI,MS,ASO,CE,Federal Contract Tower,0,10,20,55,85,0,0,11,2,13,0,10,31,57,98,0,48,48,146
10/12/2005,MEI,MS,ASO,CE,Federal Contract Tower,0,6,13,78,97,0,0,18,1,19,0,6,31,79,116,22,84,106,222
10/13/2005,MEI,MS,ASO,CE,Federal Contract Tower,0,8,19,44,71,0,0,25,16,41,0,8,44,60,112,26,100,126,238
10/14/2005,MEI,MS,ASO,CE,Federal Contract Tower,0,7,16,36,59,0,0,32,6,38,0,7,48,42,97,6,16,22,119
10/15/2005,MEI,MS,ASO,CE,Federal Contract Tower,0,6,11,10,27,0,0,29,2,31,0,6,40,12,58,14,46,60,118
10/16/2005,MEI,MS,ASO,CE,Federal Contract Tower,0,8,6,22,36,0,0,28,6,34,0,8,34,28,70,19,0,19,89
10/17/2005,MEI,MS,ASO,CE,Federal Contract Tower,0,8,14,94,116,0,0,24,1,25,0,8,38,95,141,10,150,160,301
10/18/2005,MEI,MS,ASO,CE,Federal Contract Tower,0,8,16,97,121,0,0,21,9,30,0,8,37,106,151,8,102,110,261
10/19/2005,MEI,MS,ASO,CE,Federal Contract Tower,0,8,8,100,116,0,0,17,11,28,0,8,25,111,144,26,136,162,306
10/20/2005,MEI,MS,ASO,CE,Federal Contract Tower,0,10,18,98,126,0,0,22,3,25,0,10,40,101,151,30,152,182,333
10/21/2005,MEI,MS,ASO,CE,Federal Contract Tower,0,8,6,54,68,0,0,12,4,16,0,8,18,58,84,2,98,100,184
10/22/2005,MEI,MS,ASO,CE,Federal Contract Tower,0,6,14,17,37,0,0,19,0,19,0,6,33,17,56,20,6,26,82
10/23/2005,MEI,MS,ASO,CE,Federal Contract Tower,0,8,10,13,31,0,0,26,6,32,0,8,36,19,63,0,0,0,63
10/24/2005,MEI,MS,ASO,CE,Federal Contract Tower,0,8,11,47,66,0,0,14,9,23,0,8,25,56,89,12,108,120,209
10/25/2005,MEI,MS,ASO,CE,Federal Contract Tower,0,10,13,113,136,0,0,12,1,13,0,10,25,114,149,38,94,132,281
10/26/2005,MEI,MS,ASO,CE,Federal Contract Tower,0,8,13,71,92,0,0,21,7,28,0,8,34,78,120,10,114,124,244
10/27/2005,MEI,MS,ASO,CE,Federal Contract Tower,0,8,12,55,75,0,0,10,2,12,0,8,22,57,87,0,96,96,183
10/28/2005,MEI,MS,ASO,CE,Federal Contract Tower,0,8,12,99,119,0,0,14,5,19,0,8,26,104,138,2,138,140,278
10/29/2005,MEI,MS,ASO,CE,Federal Contract Tower,0,6,15,3,24,0,0,24,3,27,0,6,39,6,51,18,0,18,69
10/30/2005,MEI,MS,ASO,CE,Federal Contract Tower,0,6,14,14,34,0,0,35,4,39,0,6,49,18,73,54,6,60,133
10/31/2005,MEI,MS,ASO,CE,Federal Contract Tower,0,8,5,67,80,0,0,16,7,23,0,8,21,74,103,6,78,84,187
11/01/2005,MEI,MS,ASO,CE,Federal Contract Tower,0,7,24,54,85,0,0,11,0,11,0,7,35,54,96,0,0,0,96
11/02/2005,MEI,MS,ASO,CE,Federal Contract Tower,0,8,22,99,129,0,0,12,1,13,0,8,34,100,142,46,104,150,292
11/03/2005,MEI,MS,ASO,CE,Federal Contract Tower,0,8,14,72,94,0,0,20,1,21,0,8,34,73,115,0,110,110,225
11/04/2005,MEI,MS,ASO,CE,Federal Contract Tower,0,8,20,40,68,0,0,16,2,18,0,8,36,42,86,0,40,40,126
11/05/2005,MEI,MS,ASO,CE,Federal Contract Tower,0,6,10,14,30,0,0,11,2,13,0,6,21,16,43,0,20,20,63
11/06/2005,MEI,MS,ASO,CE,Federal Contract Tower,0,8,14,14,36,0,0,46,0,46,0,8,60,14,82,34,2,36,118
11/07/2005,MEI,MS,ASO,CE,Federal Contract Tower,0,8,12,20,40,0,0,26,10,36,0,8,38,30,76,26,50,76,152
11/08/2005,MEI,MS,ASO,CE,Federal Contract Tower,0,10,26,67,103,0,0,21,6,27,0,10,47,73,130,14,76,90,220
11/09/2005,MEI,MS,ASO,CE,Federal Contract Tower,0,8,15,33,56,0,0,20,4,24,0,8,35,37,80,44,54,98,178
11/10/2005,MEI,MS,ASO,CE,Federal Contract Tower,0,8,20,53,81,0,0,18,6,24,0,8,38,59,105,0,102,102,207
11/11/2005,MEI,MS,ASO,CE,Federal Contract Tower,0,7,40,5,52,0,0,32,0,32,0,7,72,5,84,28,20,48,132
11/12/2005,MEI,MS,ASO,CE,Federal Contract Tower,0,7,17,0,24,0,0,33,0,33,0,7,50,0,57,20,0,20,77
11/13/2005,MEI,MS,ASO,CE,Federal Contract Tower,0,8,28,12,48,0,0,17,1,18,0,8,45,13,66,0,4,4,70
11/14/2005,MEI,MS,ASO,CE,Federal Contract Tower,0,8,15,19,42,0,0,7,0,7,0,8,22,19,49,0,0,0,49
11/15/2005,MEI,MS,ASO,CE,Federal Contract Tower,0,9,7,27,43,0,0,1,1,2,0,9,8,28,45,0,14,14,59
11/16/2005,MEI,MS,ASO,CE,Federal Contract Tower,0,12,12,45,69,0,0,12,2,14,0,12,24,47,83,6,58,64,147
11/17/2005,MEI,MS,ASO,CE,Federal Contract Tower,0,8,23,77,108,0,0,13,5,18,0,8,36,82,126,0,108,108,234
11/18/2005,MEI,MS,ASO,CE,Federal Contract Tower,0,10,13,41,64,0,0,19,1,20,0,10,32,42,84,6,76,82,166
11/19/2005,MEI,MS,ASO,CE,Federal Contract Tower,0,6,12,2,20,0,0,23,0,23,0,6,35,2,43,44,10,54,97
11/20/2005,MEI,MS,ASO,CE,Federal Contract Tower,0,5,16,17,38,0,0,15,0,15,0,5,31,17,53,36,0,36,89
11/21/2005,MEI,MS,ASO,CE,Federal Contract Tower,0,6,11,49,66,0,0,1,2,3,0,6,12,51,69,0,12,12,81
11/22/2005,MEI,MS,ASO,CE,Federal Contract Tower,0,8,12,94,114,0,0,20,4,24,0,8,32,98,138,0,131,131,269
11/23/2005,MEI,MS,ASO,CE,Federal Contract Tower,0,8,23,42,73,0,0,34,4,38,0,8,57,46,111,0,170,170,281
11/24/2005,MEI,MS,ASO,CE,Federal Contract Tower,0,7,0,0,7,0,0,25,0,25,0,7,25,0,32,0,0,0,32
11/25/2005,MEI,MS,ASO,CE,Federal Contract Tower,0,9,6,0,15,0,0,21,0,21,0,9,27,0,36,0,0,0,36
11/26/2005,MEI,MS,ASO,CE,Federal Contract Tower,0,7,17,0,24,0,0,25,0,25,0,7,42,0,49,31,0,31,80
11/27/2005,MEI,MS,ASO,CE,Federal Contract Tower,0,6,50,0,56,0,0,20,0,20,0,6,70,0,76,32,0,32,108
11/28/2005,MEI,MS,ASO,CE,Federal Contract Tower,0,8,31,42,81,0,0,0,2,2,0,8,31,44,83,0,102,102,185
11/29/2005,MEI,MS,ASO,CE,Federal Contract Tower,0,10,13,113,136,0,0,10,8,18,0,10,23,121,154,0,111,111,265
11/30/2005,MEI,MS,ASO,CE,Federal Contract Tower,0,8,11,118,137,0,0,25,14,39,0,8,36,132,176,16,132,148,324
12/01/2005,MEI,MS,ASO,CE,Federal Contract Tower,0,8,20,128,156,0,0,11,4,15,0,8,31,132,171,2,48,50,221
12/02/2005,MEI,MS,ASO,CE,Federal Contract Tower,0,8,12,55,75,0,0,22,8,30,0,8,34,63,105,36,198,234,339
12/03/2005,MEI,MS,ASO,CE,Federal Contract Tower,0,6,23,30,59,0,0,12,3,15,0,6,35,33,74,8,26,34,108
12/04/2005,MEI,MS,ASO,CE,Federal Contract Tower,0,6,12,40,58,0,0,6,2,8,0,6,18,42,66,0,44,44,110
12/05/2005,MEI,MS,ASO,CE,Federal Contract Tower,0,5,13,72,90,0,0,7,10,17,0,5,20,82,107,20,90,110,217
12/06/2005,MEI,MS,ASO,CE,Federal Contract Tower,0,6,34,92,132,0,0,18,1,19,0,6,52,93,151,20,162,182,333
12/07/2005,MEI,MS,ASO,CE,Federal Contract Tower,0,6,10,96,112,0,0,16,12,28,0,6,26,108,140,12,82,94,234
12/08/2005,MEI,MS,ASO,CE,Federal Contract Tower,0,6,7,59,72,0,0,1,0,1,0,6,8,59,73,0,8,8,81
12/09/2005,MEI,MS,ASO,CE,Federal Contract Tower,0,7,14,44,65,0,0,21,8,29,0,7,35,52,94,2,179,181,275
12/10/2005,MEI,MS,ASO,CE,Federal Contract Tower,0,4,3,0,7,0,2,8,1,11,0,6,11,1,18,6,0,6,24
12/11/2005,MEI,MS,ASO,CE,Federal Contract Tower,0,6,11,26,43,0,0,27,0,27,0,6,38,26,70,0,14,14,84
12/12/2005,MEI,MS,ASO,CE,Federal Contract Tower,0,6,12,100,118,0,0,13,6,19,0,6,25,106,137,28,172,200,337
12/13/2005,MEI,MS,ASO,CE,Federal Contract Tower,0,6,24,93,123,0,0,21,8,29,0,6,45,101,152,12,116,128,280
12/14/2005,MEI,MS,ASO,CE,Federal Contract Tower,0,6,8,32,46,0,0,1,0,1,0,6,9,32,47,20,28,48,95
12/15/2005,MEI,MS,ASO,CE,Federal Contract Tower,2,4,26,117,149,0,0,8,2,10,2,4,34,119,159,6,66,72,231
12/16/2005,MEI,MS,ASO,CE,Federal Contract Tower,0,6,10,72,88,0,0,32,5,37,0,6,42,77,125,10,152,162,287
12/17/2005,MEI,MS,ASO,CE,Federal Contract Tower,0,6,10,4,20,0,0,13,0,13,0,6,23,4,33,14,2,16,49
12/18/2005,MEI,MS,ASO,CE,Federal Contract Tower,0,8,15,12,35,0,0,19,0,19,0,8,34,12,54,20,6,26,80
12/19/2005,MEI,MS,ASO,CE,Federal Contract Tower,0,6,17,70,93,0,0,18,6,24,0,6,35,76,117,39,156,195,312
12/20/2005,MEI,MS,ASO,CE,Federal Contract Tower,0,6,18,98,122,0,0,34,4,38,0,6,52,102,160,36,118,154,314
12/21/2005,MEI,MS,ASO,CE,Federal Contract Tower,0,10,16,57,83,0,0,19,0,19,0,10,35,57,102,12,108,120,222
12/22/2005,MEI,MS,ASO,CE,Federal Contract Tower,0,6,16,83,105,0,0,25,22,47,0,6,41,105,152,38,176,214,366
12/23/2005,MEI,MS,ASO,CE,Federal Contract Tower,0,6,17,39,62,0,0,38,4,42,0,6,55,43,104,10,50,60,164
12/24/2005,MEI,MS,ASO,CE,Federal Contract Tower,0,5,10,0,15,0,0,0,0,0,0,5,10,0,15,0,0,0,15
12/25/2005,MEI,MS,ASO,CE,Federal Contract Tower,0,6,7,0,13,0,0,1,0,1,0,6,8,0,14,0,0,0,14
12/26/2005,MEI,MS,ASO,CE,Federal Contract Tower,0,6,9,0,15,0,0,52,0,52,0,6,61,0,67,66,0,66,133
12/27/2005,MEI,MS,ASO,CE,Federal Contract Tower,0,6,21,42,69,0,0,20,3,23,0,6,41,45,92,0,0,0,92
12/28/2005,MEI,MS,ASO,CE,Federal Contract Tower,0,4,17,26,47,0,0,10,0,10,0,4,27,26,57,0,6,6,63
12/29/2005,MEI,MS,ASO,CE,Federal Contract Tower,0,5,20,23,48,0,0,20,7,27,0,5,40,30,75,18,0,18,93
12/30/2005,MEI,MS,ASO,CE,Federal Contract Tower,0,6,14,18,38,0,0,20,9,29,0,6,34,27,67,35,10,45,112
12/31/2005,MEI,MS,ASO,CE,Federal Contract Tower,0,6,9,0,15,0,0,24,0,24,0,6,33,0,39,46,0,46,85
01/01/2006,MEI,MS,ASO,CE,Federal Contract Tower,0,6,20,0,26,0,0,1,0,1,0,6,21,0,27,0,0,0,27
01/02/2006,MEI,MS,ASO,CE,Federal Contract Tower,0,3,9,0,12,0,0,10,0,10,0,3,19,0,22,24,0,24,46
01/03/2006,MEI,MS,ASO,CE,Federal Contract Tower,0,6,13,81,100,0,0,11,9,20,0,6,24,90,120,18,166,184,304
01/04/2006,MEI,MS,ASO,CE,Federal Contract Tower,0,6,11,111,128,0,0,15,11,26,0,6,26,122,154,50,288,338,492
01/05/2006,MEI,MS,ASO,CE,Federal Contract Tower,0,8,17,94,119,0,0,12,10,22,0,8,29,104,141,2,188,190,331
01/06/2006,MEI,MS,ASO,CE,Federal Contract Tower,0,6,11,87,104,0,0,5,1,6,0,6,16,88,110,0,90,90,200
01/07/2006,MEI,MS,ASO,CE,Federal Contract Tower,0,6,5,29,40,0,0,26,0,26,0,6,31,29,66,46,102,148,214
01/08/2006,MEI,MS,ASO,CE,Federal Contract Tower,0,6,8,77,91,0,0,22,6,28,0,6,30,83,119,16,36,52,171
01/09/2006,MEI,MS,ASO,CE,Federal Contract Tower,0,6,16,72,94,0,0,25,1,26,0,6,41,73,120,38,166,204,324
01/10/2006,MEI,MS,ASO,CE,Federal Contract Tower,0,6,16,112,134,0,0,5,2,7,0,6,21,114,141,12,110,122,263
01/11/2006,MEI,MS,ASO,CE,Federal Contract Tower,4,6,12,110,132,0,0,20,0,20,4,6,32,110,152,36,114,150,302
01/12/2006,MEI,MS,ASO,CE,Federal Contract Tower,0,6,21,62,89,0,0,19,3,22,0,6,40,65,111,26,126,152,263
01/13/2006,MEI,MS,ASO,CE,Federal Contract Tower,0,5,10,66,81,0,0,10,3,13,0,5,20,69,94,0,84,84,178
01/14/2006,MEI,MS,ASO,CE,Federal Contract Tower,0,6,8,13,27,0,0,5,6,11,0,6,13,19,38,0,0,0,38
01/15/2006,MEI,MS,ASO,CE,Federal Contract Tower,0,7,7,0,14,0,0,30,0,30,0,7,37,0,44,36,0,36,80
01/16/2006,MEI,MS,ASO,CE,Federal Contract Tower,0,6,19,10,35,0,0,10,0,10,0,6,29,10,45,30,0,30,75
01/17/2006,MEI,MS,ASO,CE,Federal Contract Tower,0,6,10,0,16,0,0,1,0,1,0,6,11,0,17,0,0,0,17
01/18/2006,MEI,MS,ASO,CE,Federal Contract Tower,0,6,13,104,123,0,0,21,5,26,0,6,34,109,149,20,126,146,295
01/19/2006,MEI,MS,ASO,CE,Federal Contract Tower,0,6,22,74,102,0,0,19,3,22,0,6,41,77,124,14,137,151,275
01/20/2006,MEI,MS,ASO,CE,Federal Contract Tower,0,8,16,51,75,0,0,13,0,13,0,8,29,51,88,8,66,74,162
01/21/2006,MEI,MS,ASO,CE,Federal Contract Tower,0,7,11,3,21,0,0,6,0,6,0,7,17,3,27,10,0,10,37
01/22/2006,MEI,MS,ASO,CE,Federal Contract Tower,0,7,6,0,13,0,0,2,0,2,0,7,8,0,15,26,0,26,41
01/23/2006,MEI,MS,ASO,CE,Federal Contract Tower,0,6,19,100,125,0,0,2,0,2,0,6,21,100,127,2,0,2,129
01/24/2006,MEI,MS,ASO,CE,Federal Contract Tower,0,8,25,80,113,0,0,35,12,47,0,8,60,92,160,18,142,160,320
01/25/2006,MEI,MS,ASO,CE,Federal Contract Tower,0,6,22,107,135,0,0,28,10,38,0,6,50,117,173,8,152,160,333
01/26/2006,MEI,MS,ASO,CE,Federal Contract Tower,0,9,16,105,130,0,0,17,2,19,0,9,33,107,149,58,110,168,317
01/27/2006,MEI,MS,ASO,CE,Federal Contract Tower,0,6,12,30,48,0,0,15,6,21,0,6,27,36,69,68,28,96,165
01/28/2006,MEI,MS,ASO,CE,Federal Contract Tower,0,6,13,16,35,0,0,7,0,7,0,6,20,16,42,6,10,16,58
01/29/2006,MEI,MS,ASO,CE,Federal Contract Tower,0,6,14,30,50,0,0,24,16,40,0,6,38,46,90,52,34,86,176
01/30/2006,MEI,MS,ASO,CE,Federal Contract Tower,0,6,9,61,76,0,0,9,10,19,0,6,18,71,95,0,50,50,145
01/31/2006,MEI,MS,ASO,CE,Federal Contract Tower,0,6,17,73,96,0,0,39,7,46,0,6,56,80,142,24,104,128,270
02/01/2006,MEI,MS,ASO,CE,Federal Contract Tower,0,6,13,90,109,0,0,19,6,25,0,6,32,96,134,12,126,138,272
02/02/2006,MEI,MS,ASO,CE,Federal Contract Tower,0,7,7,89,103,0,0,1,0,1,0,7,8,89,104,0,74,74,178
02/03/2006,MEI,MS,ASO,CE,Federal Contract Tower,0,8,22,40,70,0,0,4,4,8,0,8,26,44,78,4,44,48,126
02/04/2006,MEI,MS,ASO,CE,Federal Contract Tower,0,8,5,13,26,0,0,10,7,17,0,8,15,20,43,0,10,10,53
02/05/2006,MEI,MS,ASO,CE,Federal Contract Tower,0,6,7,13,26,0,0,18,9,27,0,6,25,22,53,28,24,52,105
02/06/2006,MEI,MS,ASO,CE,Federal Contract Tower,0,6,13,15,34,0,0,0,0,0,0,6,13,15,34,0,100,100,134
02/07/2006,MEI,MS,ASO,CE,Federal Contract Tower,0,7,16,84,107,0,0,26,2,28,0,7,42,86,135,12,156,168,303
02/08/2006,MEI,MS,ASO,CE,Federal Contract Tower,0,8,9,110,127,0,0,19,6,25,0,8,28,116,152,34,88,122,274
02/09/2006,MEI,MS,ASO,CE,Federal Contract Tower,0,7,9,91,107,0,0,16,18,34,0,7,25,109,141,0,138,138,279
02/10/2006,MEI,MS,ASO,CE,Federal Contract Tower,0,6,18,75,99,0,0,11,10,21,0,6,29,85,120,4,98,102,222
02/11/2006,MEI,MS,ASO,CE,Federal Contract Tower,0,6,7,6,19,0,0,3,1,4,0,6,10,7,23,0,0,0,23
02/12/2006,MEI,MS,ASO,CE,Federal Contract Tower,0,6,13,4,23,0,0,29,8,37,0,6,42,12,60,28,4,32,92
02/13/2006,MEI,MS,ASO,CE,Federal Contract Tower,0,6,16,39,61,0,0,26,13,39,0,6,42,52,100,12,100,112,212
02/14/2006,MEI,MS,ASO,CE,Federal Contract Tower,0,6,10,46,62,0,0,13,6,19,0,6,23,52,81,10,92,102,183
02/15/2006,MEI,MS,ASO,CE,Federal Contract Tower,0,6,18,45,69,0,0,20,14,34,0,6,38,59,103,4,42,46,149
02/16/2006,MEI,MS,ASO,CE,Federal Contract Tower,0,7,27,67,101,0,0,12,0,12,0,7,39,67,113,2,50,52,165
02/17/2006,MEI,MS,ASO,CE,Federal Contract Tower,0,7,27,64,98,0,0,11,1,12,0,7,38,65,110,0,32,32,142
02/18/2006,MEI,MS,ASO,CE,Federal Contract Tower,0,4,4,0,8,0,0,0,0,0,0,4,4,0,8,0,0,0,8
02/19/2006,MEI,MS,ASO,CE,Federal Contract Tower,0,6,29,10,45,0,0,19,5,24,0,6,48,15,69,10,16,26,95
02/20/2006,MEI,MS,ASO,CE,Federal Contract Tower,0,6,13,8,27,0,0,0,0,0,0,6,13,8,27,0,0,0,27
02/21/2006,MEI,MS,ASO,CE,Federal Contract Tower,0,7,24,70,101,0,0,0,32,32,0,7,24,102,133,0,2,2,135
02/22/2006,MEI,MS,ASO,CE,Federal Contract Tower,0,3,9,30,42,0,0,4,0,4,0,3,13,30,46,24,44,68,114
02/23/2006,MEI,MS,ASO,CE,Federal Contract Tower,0,6,12,88,106,0,0,17,1,18,0,6,29,89,124,127,28,155,279
02/24/2006,MEI,MS,ASO,CE,Federal Contract Tower,0,8,18,57,83,0,0,21,6,27,0,8,39,63,110,46,66,112,222
02/25/2006,MEI,MS,ASO,CE,Federal Contract Tower,0,4,3,0,7,0,0,0,0,0,0,4,3,0,7,0,0,0,7
02/26/2006,MEI,MS,ASO,CE,Federal Contract Tower,0,4,17,8,29,0,0,31,0,31,0,4,48,8,60,0,0,0,60
02/27/2006,MEI,MS,ASO,CE,Federal Contract Tower,0,6,20,38,64,0,0,28,3,31,0,6,48,41,95,24,42,66,161
02/28/2006,MEI,MS,ASO,CE,Federal Contract Tower,0,4,19,101,124,0,0,19,2,21,0,4,38,103,145,16,162,178,323
03/01/2006,MEI,MS,ASO,CE,Federal Contract Tower,0,4,17,62,83,0,0,10,5,15,0,4,27,67,98,18,116,134,232
03/02/2006,MEI,MS,ASO,CE,Federal Contract Tower,0,5,22,78,105,0,0,1,4,5,0,5,23,82,110,22,67,89,199
03/03/2006,MEI,MS,ASO,CE,Federal Contract Tower,0,7,14,61,82,0,0,25,6,31,0,7,39,67,113,8,108,116,229
03/04/2006,MEI,MS,ASO,CE,Federal Contract Tower,0,3,6,4,13,0,1,18,4,23,0,4,24,8,36,20,0,20,56
03/05/2006,MEI,MS,ASO,CE,Federal Contract Tower,0,8,13,19,40,0,0,26,2,28,0,8,39,21,68,12,10,22,90
03/06/2006,MEI,MS,ASO,CE,Federal Contract Tower,0,8,23,53,84,0,0,26,3,29,0,8,49,56,113,16,0,16,129
03/07/2006,MEI,MS,ASO,CE,Federal Contract Tower,0,8,24,94,126,0,0,23,6,29,0,8,47,100,155,62,34,96,251
03/08/2006,MEI,MS,ASO,CE,Federal Contract Tower,0,8,18,81,107,0,0,9,5,14,0,8,27,86,121,10,88,98,219
03/09/2006,MEI,MS,ASO,CE,Federal Contract Tower,0,6,8,20,34,0,0,0,0,0,0,6,8,20,34,0,0,0,34
03/10/2006,MEI,MS,ASO,CE,Federal Contract Tower,0,6,16,19,41,0,0,14,6,20,0,6,30,25,61,6,28,34,95
03/11/2006,MEI,MS,ASO,CE,Federal Contract Tower,0,4,17,4,25,0,0,21,1,22,0,4,38,5,47,48,0,48,95
03/12/2006,MEI,MS,ASO,CE,Federal Contract Tower,0,6,18,14,38,0,0,29,12,41,0,6,47,26,79,30,0,30,109
03/13/2006,MEI,MS,ASO,CE,Federal Contract Tower,0,3,17,60,80,0,0,9,1,10,0,3,26,61,90,36,80,116,206
03/14/2006,MEI,MS,ASO,CE,Federal Contract Tower,0,6,19,66,91,0,0,20,9,29,0,6,39,75,120,20,90,110,230
03/15/2006,MEI,MS,ASO,CE,Federal Contract Tower,0,6,17,73,96,0,0,5,5,10,0,6,22,78,106,58,140,198,304
03/16/2006,MEI,MS,ASO,CE,Federal Contract Tower,0,8,21,53,82,0,0,1,0,1,0,8,22,53,83,0,60,60,143
03/17/2006,MEI,MS,ASO,CE,Federal Contract Tower,0,6,28,57,91,0,0,44,21,65,0,6,72,78,156,24,176,200,356
03/18/2006,MEI,MS,ASO,CE,Federal Contract Tower,0,4,21,1,26,0,0,8,0,8,0,4,29,1,34,60,0,60,94
03/19/2006,MEI,MS,ASO,CE,Federal Contract Tower,0,6,26,9,41,0,0,0,1,1,0,6,26,10,42,0,4,4,46
03/20/2006,MEI,MS,ASO,CE,Federal Contract Tower,0,3,12,3,18,0,0,0,0,0,0,3,12,3,18,0,0,0,18
03/21/2006,MEI,MS,ASO,CE,Federal Contract Tower,0,5,9,110,124,0,0,12,6,18,0,5,21,116,142,12,138,150,292
03/22/2006,MEI,MS,ASO,CE,Federal Contract Tower,0,6,21,98,125,0,0,23,3,26,0,6,44,101,151,28,130,158,309
03/23/2006,MEI,MS,ASO,CE,Federal Contract Tower,0,7,33,128,168,0,0,28,10,38,0,7,61,138,206,30,138,168,374
03/24/2006,MEI,MS,ASO,CE,Federal Contract Tower,0,8,24,57,89,0,0,32,11,43,0,8,56,68,132,28,118,146,278
03/25/2006,MEI,MS,ASO,CE,Federal Contract Tower,0,4,10,13,27,0,0,25,1,26,0,4,35,14,53,6,12,18,71
03/26/2006,MEI,MS,ASO,CE,Federal Contract Tower,0,6,7,31,44,0,0,20,2,22,0,6,27,33,66,0,4,4,70
03/27/2006,MEI,MS,ASO,CE,Federal Contract Tower,0,6,16,51,73,0,0,18,15,33,0,6,34,66,106,22,150,172,278
03/28/2006,MEI,MS,ASO,CE,Federal Contract Tower,0,6,16,80,102,0,0,6,2,8,0,6,22,82,110,12,24,36,146
03/29/2006,MEI,MS,ASO,CE,Federal Contract Tower,0,7,19,74,100,0,0,16,4,20,0,7,35,78,120,14,48,62,182
03/30/2006,MEI,MS,ASO,CE,Federal Contract Tower,0,6,18,56,80,0,0,13,6,19,0,6,31,62,99,18,86,104,203
03/31/2006,MEI,MS,ASO,CE,Federal Contract Tower,0,4,19,31,54,0,0,5,0,5,0,4,24,31,59,2,66,68,127
04/01/2006,MEI,MS,ASO,CE,Federal Contract Tower,0,3,12,8,23,0,0,27,61,88,0,3,39,69,111,0,0,0,111
04/02/2006,MEI,MS,ASO,CE,Federal Contract Tower,0,5,21,21,47,0,0,20,4,24,0,5,41,25,71,4,10,14,85
04/03/2006,MEI,MS,ASO,CE,Federal Contract Tower,0,6,8,78,92,0,0,22,15,37,0,6,30,93,129,12,96,108,237
04/04/2006,MEI,MS,ASO,CE,Federal Contract Tower,0,6,20,62,88,0,0,30,10,40,0,6,50,72,128,24,50,74,202
04/05/2006,MEI,MS,ASO,CE,Federal Contract Tower,0,6,21,75,102,0,0,45,4,49,0,6,66,79,151,73,188,261,412
04/06/2006,MEI,MS,ASO,CE,Federal Contract Tower,0,6,30,73,109,0,0,24,9,33,0,6,54,82,142,10,202,212,354
04/07/2006,MEI,MS,ASO,CE,Federal Contract Tower,0,6,23,42,71,0,0,13,3,16,0,6,36,45,87,0,58,58,145
04/08/2006,MEI,MS,ASO,CE,Federal Contract Tower,0,4,11,1,16,0,0,18,6,24,0,4,29,7,40,2,32,34,74
04/09/2006,MEI,MS,ASO,CE,Federal Contract Tower,0,6,18,7,31,0,0,55,1,56,0,6,73,8,87,74,14,88,175
04/10/2006,MEI,MS,ASO,CE,Federal Contract Tower,0,6,8,60,74,0,0,24,5,29,0,6,32,65,103,104,56,160,263
04/11/2006,MEI,MS,ASO,CE,Federal Contract Tower,0,3,28,56,87,0,0,7,13,20,0,3,35,69,107,2,21,23,130
04/12/2006,MEI,MS,ASO,CE,Federal Contract Tower,0,6,17,43,66,0,0,21,2,23,0,6,38,45,89,32,122,154,243
04/13/2006,MEI,MS,ASO,CE,Federal Contract Tower,0,6,13,64,83,0,0,5,8,13,0,6,18,72,96,12,131,143,239
04/14/2006,MEI,MS,ASO,CE,Federal Contract Tower,0,6,21,56,83,0,0,27,0,27,0,6,48,56,110,20,82,102,212
04/15/2006,MEI,MS,ASO,CE,Federal Contract Tower,0,5,1,7,13,0,0,30,5,35,0,5,31,12,48,8,0,8,56
04/16/2006,MEI,MS,ASO,CE,Federal Contract Tower,0,6,14,7,27,0,0,25,0,25,0,6,39,7,52,0,0,0,52
04/17/2006,MEI,MS,ASO,CE,Federal Contract Tower,0,6,16,74,96,0,0,24,28,52,0,6,40,102,148,59,52,111,259
04/18/2006,MEI,MS,ASO,CE,Federal Contract Tower,0,4,25,54,83,0,2,5,4,11,0,6,30,58,94,84,75,159,253
04/19/2006,MEI,MS,ASO,CE,Federal Contract Tower,0,4,25,54,83,0,2,5,4,11,0,6,30,58,94,84,75,159,253
04/20/2006,MEI,MS,ASO,CE,Federal Contract Tower,0,6,14,79,99,0,0,11,7,18,0,6,25,86,117,20,80,100,217
04/21/2006,MEI,MS,ASO,CE,Federal Contract Tower,0,6,20,50,76,0,0,2,5,7,0,6,22,55,83,0,126,126,209
04/22/2006,MEI,MS,ASO,CE,Federal Contract Tower,0,6,21,1,28,0,0,75,0,75,0,6,96,1,103,60,0,60,163
04/23/2006,MEI,MS,ASO,CE,Federal Contract Tower,0,6,14,19,39,0,0,28,3,31,0,6,42,22,70,40,0,40,110
04/24/2006,MEI,MS,ASO,CE,Federal Contract Tower,0,6,14,19,39,0,0,21,1,22,0,6,35,20,61,28,0,28,89
04/25/2006,MEI,MS,ASO,CE,Federal Contract Tower,0,4,16,31,51,0,0,9,8,17,0,4,25,39,68,6,34,40,108
04/26/2006,MEI,MS,ASO,CE,Federal Contract Tower,0,10,18,109,137,0,0,3,6,9,0,10,21,115,146,32,58,90,236
04/27/2006,MEI,MS,ASO,CE,Federal Contract Tower,0,6,23,112,141,0,0,28,34,62,0,6,51,146,203,22,162,184,387
04/28/2006,MEI,MS,ASO,CE,Federal Contract Tower,0,8,15,44,67,0,0,29,4,33,0,8,44,48,100,0,89,89,189
04/29/2006,MEI,MS,ASO,CE,Federal Contract Tower,0,6,4,3,13,0,0,3,2,5,0,6,7,5,18,0,40,40,58
04/30/2006,MEI,MS,ASO,CE,Federal Contract Tower,0,5,12,1,18,0,0,7,5,12,0,5,19,6,30,0,18,18,48
05/01/2006,MEI,MS,ASO,CE,Federal Contract Tower,0,7,11,51,69,0,0,3,8,11,0,7,14,59,80,0,40,40,120
05/02/2006,MEI,MS,ASO,CE,Federal Contract Tower,0,4,10,69,83,0,0,19,10,29,0,4,29,79,112,34,68,102,214
05/03/2006,MEI,MS,ASO,CE,Federal Contract Tower,0,7,10,78,95,0,0,12,4,16,0,7,22,82,111,44,84,128,239
05/04/2006,MEI,MS,ASO,CE,Federal Contract Tower,0,6,14,155,175,0,0,13,13,26,0,6,27,168,201,12,190,202,403
05/05/2006,MEI,MS,ASO,CE,Federal Contract Tower,0,6,22,44,72,0,0,25,2,27,0,6,47,46,99,38,88,126,225
05/06/2006,MEI,MS,ASO,CE,Federal Contract Tower,0,4,0,9,13,0,0,7,0,7,0,4,7,9,20,16,0,16,36
05/07/2006,MEI,MS,ASO,CE,Federal Contract Tower,0,6,12,39,57,0,0,6,0,6,0,6,18,39,63,1,6,7,70
05/08/2006,MEI,MS,ASO,CE,Federal Contract Tower,0,7,17,63,87,0,0,14,3,17,0,7,31,66,104,15,124,139,243
05/09/2006,MEI,MS,ASO,CE,Federal Contract Tower,0,5,20,37,62,0,0,2,0,2,0,5,22,37,64,0,86,86,150
05/10/2006,MEI,MS,ASO,CE,Federal Contract Tower,0,3,3,29,35,0,0,2,2,4,0,3,5,31,39,0,0,0,39
05/11/2006,MEI,MS,ASO,CE,Federal Contract Tower,0,7,15,105,127,0,0,22,15,37,0,7,37,120,164,18,190,208,372
05/12/2006,MEI,MS,ASO,CE,Federal Contract Tower,0,6,21,74,101,0,0,35,8,43,0,6,56,82,144,32,182,214,358
05/13/2006,MEI,MS,ASO,CE,Federal Contract Tower,0,4,5,0,9,0,0,17,0,17,0,4,22,0,26,12,0,12,38
05/14/2006,MEI,MS,ASO,CE,Federal Contract Tower,0,6,10,13,29,0,0,36,1,37,0,6,46,14,66,151,0,151,217
05/15/2006,MEI,MS,ASO,CE,Federal Contract Tower,0,8,27,57,92,0,0,35,10,45,0,8,62,67,137,110,58,168,305
05/16/2006,MEI,MS,ASO,CE,Federal Contract Tower,0,3,24,14,41,0,0,25,49,74,0,3,49,63,115,30,52,82,197
05/17/2006,MEI,MS,ASO,CE,Federal Contract Tower,0,7,15,93,115,0,0,38,6,44,0,7,53,99,159,30,120,150,309
05/18/2006,MEI,MS,ASO,CE,Federal Contract Tower,0,8,10,106,124,0,0,31,2,33,0,8,41,108,157,22,156,178,335
05/19/2006,MEI,MS,ASO,CE,Federal Contract Tower,0,6,24,55,85,0,0,24,6,30,0,6,48,61,115,24,84,108,223
05/20/2006,MEI,MS,ASO,CE,Federal Contract Tower,0,4,21,13,38,0,0,69,5,74,0,4,90,18,112,108,16,124,236
05/21/2006,MEI,MS,ASO,CE,Federal Contract Tower,0,6,13,15,34,0,0,41,6,47,0,6,54,21,81,59,2,61,142
05/22/2006,MEI,MS,ASO,CE,Federal Contract Tower,0,6,10,81,97,0,0,22,2,24,0,6,32,83,121,0,66,66,187
05/23/2006,MEI,MS,ASO,CE,Federal Contract Tower,0,4,20,65,89,0,0,9,9,18,0,4,29,74,107,30,86,116,223
05/24/2006,MEI,MS,ASO,CE,Federal Contract Tower,0,8,17,62,87,0,0,17,12,29,0,8,34,74,116,34,70,104,220
05/25/2006,MEI,MS,ASO,CE,Federal Contract Tower,0,6,8,98,112,0,0,26,6,32,0,6,34,104,144,24,126,150,294
05/26/2006,MEI,MS,ASO,CE,Federal Contract Tower,0,7,22,38,67,0,0,30,11,41,0,7,52,49,108,24,84,108,216
05/27/2006,MEI,MS,ASO,CE,Federal Contract Tower,0,4,17,0,21,0,0,21,1,22,0,4,38,1,43,46,8,54,97
05/28/2006,MEI,MS,ASO,CE,Federal Contract Tower,0,6,11,2,19,0,0,17,1,18,0,6,28,3,37,0,0,0,37
05/29/2006,MEI,MS,ASO,CE,Federal Contract Tower,0,6,21,18,45,0,0,11,1,12,0,6,32,19,57,56,0,56,113
05/30/2006,MEI,MS,ASO,CE,Federal Contract Tower,0,6,13,68,87,0,0,19,9,28,0,6,32,77,115,0,38,38,153
05/31/2006,MEI,MS,ASO,CE,Federal Contract Tower,0,6,26,89,121,0,0,26,0,26,0,6,52,89,147,10,192,202,349
06/01/2006,MEI,MS,ASO,CE,Federal Contract Tower,0,6,28,109,143,0,0,30,4,34,0,6,58,113,177,32,140,172,349
06/02/2006,MEI,MS,ASO,CE,Federal Contract Tower,0,5,26,57,88,0,0,16,7,23,0,5,42,64,111,42,90,132,243
06/03/2006,MEI,MS,ASO,CE,Federal Contract Tower,0,3,8,30,41,0,0,24,6,30,0,3,32,36,71,28,32,60,131
06/04/2006,MEI,MS,ASO,CE,Federal Contract Tower,0,6,10,11,27,0,0,23,16,39,0,6,33,27,66,24,50,74,140
06/05/2006,MEI,MS,ASO,CE,Federal Contract Tower,0,6,18,45,69,0,0,16,6,22,0,6,34,51,91,4,178,182,273
06/06/2006,MEI,MS,ASO,CE,Federal Contract Tower,0,4,15,38,57,0,0,23,4,27,0,4,38,42,84,60,102,162,246
06/07/2006,MEI,MS,ASO,CE,Federal Contract Tower,0,6,11,41,58,0,0,21,3,24,0,6,32,44,82,20,148,168,250
06/08/2006,MEI,MS,ASO,CE,Federal Contract Tower,0,5,14,56,75,0,0,39,6,45,0,5,53,62,120,20,132,152,272
06/09/2006,MEI,MS,ASO,CE,Federal Contract Tower,0,7,18,28,53,0,0,37,15,52,0,7,55,43,105,28,179,207,312
06/10/2006,MEI,MS,ASO,CE,Federal Contract Tower,0,4,10,17,31,0,0,28,6,34,0,4,38,23,65,48,40,88,153
06/11/2006,MEI,MS,ASO,CE,Federal Contract Tower,0,6,15,36,57,0,0,18,6,24,0,6,33,42,81,0,6,6,87
06/12/2006,MEI,MS,ASO,CE,Federal Contract Tower,0,6,13,38,57,0,0,18,4,22,0,6,31,42,79,14,14,28,107
06/13/2006,MEI,MS,ASO,CE,Federal Contract Tower,0,6,18,63,87,0,0,15,5,20,0,6,33,68,107,0,58,58,165
06/14/2006,MEI,MS,ASO,CE,Federal Contract Tower,0,6,17,61,84,0,0,18,8,26,0,6,35,69,110,20,24,44,154
06/15/2006,MEI,MS,ASO,CE,Federal Contract Tower,0,4,14,61,79,0,0,27,7,34,0,4,41,68,113,50,92,142,255
06/16/2006,MEI,MS,ASO,CE,Federal Contract Tower,0,6,15,48,69,0,0,10,13,23,0,6,25,61,92,0,72,72,164
06/17/2006,MEI,MS,ASO,CE,Federal Contract Tower,0,4,15,15,34,0,0,5,0,5,0,4,20,15,39,2,0,2,41
06/18/2006,MEI,MS,ASO,CE,Federal Contract Tower,0,6,18,35,59,0,0,9,12,21,0,6,27,47,80,0,2,2,82
06/19/2006,MEI,MS,ASO,CE,Federal Contract Tower,0,6,17,35,58,0,0,10,3,13,0,6,27,38,71,0,96,96,167
06/20/2006,MEI,MS,ASO,CE,Federal Contract Tower,0,6,9,74,89,0,0,10,8,18,0,6,19,82,107,14,112,126,233
06/21/2006,MEI,MS,ASO,CE,Federal Contract Tower,0,5,14,114,133,0,0,18,8,26,0,5,32,122,159,14,120,134,293
06/22/2006,MEI,MS,ASO,CE,Federal Contract Tower,0,5,27,112,144,0,0,24,6,30,0,5,51,118,174,8,114,122,296
06/23/2006,MEI,MS,ASO,CE,Federal Contract Tower,0,4,21,111,136,0,0,20,19,39,0,4,41,130,175,42,263,305,480
06/24/2006,MEI,MS,ASO,CE,Federal Contract Tower,0,3,12,5,20,0,0,29,15,44,0,3,41,20,64,34,132,166,230
06/25/2006,MEI,MS,ASO,CE,Federal Contract Tower,0,4,21,56,81,0,0,10,7,17,0,4,31,63,98,9,19,28,126
06/26/2006,MEI,MS,ASO,CE,Federal Contract Tower,0,5,10,55,70,0,0,20,13,33,0,5,30,68,103,29,68,97,200
06/27/2006,MEI,MS,ASO,CE,Federal Contract Tower,0,8,7,51,66,0,0,16,11,27,0,8,23,62,93,14,71,85,178
06/28/2006,MEI,MS,ASO,CE,Federal Contract Tower,0,8,13,60,81,0,0,31,14,45,0,8,44,74,126,10,152,162,288
06/29/2006,MEI,MS,ASO,CE,Federal Contract Tower,0,6,27,69,102,0,0,36,23,59,0,6,63,92,161,57,85,142,303
06/30/2006,MEI,MS,ASO,CE,Federal Contract Tower,0,5,34,55,94,0,0,40,10,50,0,5,74,65,144,20,174,194,338
07/01/2006,MEI,MS,ASO,CE,Federal Contract Tower,0,3,26,2,31,0,0,41,0,41,0,3,67,2,72,32,0,32,104
07/02/2006,MEI,MS,ASO,CE,Federal Contract Tower,0,5,8,5,18,0,0,18,0,18,0,5,26,5,36,14,0,14,50
07/03/2006,MEI,MS,ASO,CE,Federal Contract Tower,0,2,8,9,19,0,0,11,6,17,0,2,19,15,36,22,2,24,60
07/04/2006,MEI,MS,ASO,CE,Federal Contract Tower,0,3,11,1,15,0,0,6,5,11,0,3,17,6,26,24,0,24,50
07/05/2006,MEI,MS,ASO,CE,Federal Contract Tower,0,3,30,89,122,0,0,8,2,10,0,3,38,91,132,0,152,152,284
07/06/2006,MEI,MS,ASO,CE,Federal Contract Tower,0,7,27,82,116,0,0,12,1,13,0,7,39,83,129,4,83,87,216
07/07/2006,MEI,MS,ASO,CE,Federal Contract Tower,0,6,21,69,96,0,0,24,11,35,0,6,45,80,131,40,130,170,301
07/08/2006,MEI,MS,ASO,CE,Federal Contract Tower,0,4,15,13,32,0,0,31,15,46,0,4,46,28,78,60,4,64,142
07/09/2006,MEI,MS,ASO,CE,Federal Contract Tower,0,2,4,8,14,0,0,1,1,2,0,2,5,9,16,0,0,0,16
07/10/2006,MEI,MS,ASO,CE,Federal Contract Tower,0,5,20,65,90,0,1,13,3,17,0,6,33,68,107,21,76,97,204
07/11/2006,MEI,MS,ASO,CE,Federal Contract Tower,0,8,27,95,130,0,0,13,16,29,0,8,40,111,159,16,230,246,405
07/12/2006,MEI,MS,ASO,CE,Federal Contract Tower,0,5,14,67,86,0,0,15,8,23,0,5,29,75,109,48,82,130,239
07/13/2006,MEI,MS,ASO,CE,Federal Contract Tower,0,7,13,102,122,0,0,18,7,25,0,7,31,109,147,0,126,126,273
07/14/2006,MEI,MS,ASO,CE,Federal Contract Tower,0,5,17,36,58,0,0,8,3,11,0,5,25,39,69,6,140,146,215
07/15/2006,MEI,MS,ASO,CE,Federal Contract Tower,0,4,8,10,22,0,0,25,2,27,0,4,33,12,49,14,0,14,63
07/16/2006,MEI,MS,ASO,CE,Federal Contract Tower,0,5,9,23,37,0,0,29,5,34,0,5,38,28,71,28,4,32,103
07/17/2006,MEI,MS,ASO,CE,Federal Contract Tower,0,6,14,27,47,0,0,12,6,18,0,6,26,33,65,12,48,60,125
07/18/2006,MEI,MS,ASO,CE,Federal Contract Tower,0,6,24,54,84,0,0,16,10,26,0,6,40,64,110,16,93,109,219
07/19/2006,MEI,MS,ASO,CE,Federal Contract Tower,0,6,17,41,64,0,0,16,8,24,0,6,33,49,88,0,46,46,134
07/20/2006,MEI,MS,ASO,CE,Federal Contract Tower,0,5,18,63,86,0,0,17,5,22,0,5,35,68,108,42,134,176,284
07/21/2006,MEI,MS,ASO,CE,Federal Contract Tower,0,6,18,47,71,0,0,39,13,52,0,6,57,60,123,64,156,220,343
07/22/2006,MEI,MS,ASO,CE,Federal Contract Tower,0,4,15,4,23,0,0,16,10,26,0,4,31,14,49,14,86,100,149
07/23/2006,MEI,MS,ASO,CE,Federal Contract Tower,0,6,23,28,57,0,0,23,5,28,0,6,46,33,85,34,20,54,139
07/24/2006,MEI,MS,ASO,CE,Federal Contract Tower,0,6,17,51,74,0,0,12,0,12,0,6,29,51,86,2,124,126,212
07/25/2006,MEI,MS,ASO,CE,Federal Contract Tower,0,6,9,88,103,0,0,5,7,12,0,6,14,95,115,0,100,100,215
07/26/2006,MEI,MS,ASO,CE,Federal Contract Tower,0,6,23,72,101,0,0,10,1,11,0,6,33,73,112,0,28,28,140
07/27/2006,MEI,MS,ASO,CE,Federal Contract Tower,0,6,10,86,102,0,0,21,4,25,0,6,31,90,127,16,132,148,275
07/28/2006,MEI,MS,ASO,CE,Federal Contract Tower,0,4,17,57,78,0,0,21,4,25,0,4,38,61,103,32,304,336,439
07/29/2006,MEI,MS,ASO,CE,Federal Contract Tower,0,4,14,7,25,0,0,13,2,15,0,4,27,9,40,54,14,68,108
07/30/2006,MEI,MS,ASO,CE,Federal Contract Tower,0,5,12,12,29,0,0,4,0,4,0,5,16,12,33,1,4,5,38
07/31/2006,MEI,MS,ASO,CE,Federal Contract Tower,0,5,18,58,81,0,0,10,6,16,0,5,28,64,97,4,30,34,131
08/01/2006,MEI,MS,ASO,CE,Federal Contract Tower,0,6,15,89,110,0,0,8,12,20,0,6,23,101,130,18,88,106,236
08/02/2006,MEI,MS,ASO,CE,Federal Contract Tower,0,6,16,65,87,0,0,29,7,36,0,6,45,72,123,31,156,187,310
08/03/2006,MEI,MS,ASO,CE,Federal Contract Tower,0,6,16,65,87,0,0,27,7,34,0,6,43,72,121,10,150,160,281
08/04/2006,MEI,MS,ASO,CE,Federal Contract Tower,0,4,30,57,91,0,0,23,10,33,0,4,53,67,124,18,104,122,246
08/05/2006,MEI,MS,ASO,CE,Federal Contract Tower,0,4,12,4,20,0,0,7,0,7,0,4,19,4,27,16,0,16,43
08/06/2006,MEI,MS,ASO,CE,Federal Contract Tower,0,5,16,53,74,0,0,18,8,26,0,5,34,61,100,48,0,48,148
08/07/2006,MEI,MS,ASO,CE,Federal Contract Tower,0,4,14,85,103,0,0,11,5,16,0,4,25,90,119,4,134,138,257
08/08/2006,MEI,MS,ASO,CE,Federal Contract Tower,0,6,19,105,130,0,0,32,8,40,0,6,51,113,170,30,158,188,358
08/09/2006,MEI,MS,ASO,CE,Federal Contract Tower,0,6,15,47,68,0,0,33,4,37,0,6,48,51,105,18,190,208,313
08/10/2006,MEI,MS,ASO,CE,Federal Contract Tower,0,6,14,100,120,0,0,25,19,44,0,6,39,119,164,22,110,132,296
08/11/2006,MEI,MS,ASO,CE,Federal Contract Tower,0,4,21,82,107,0,0,27,6,33,0,4,48,88,140,14,76,90,230
08/12/2006,MEI,MS,ASO,CE,Federal Contract Tower,0,4,12,32,48,0,0,13,2,15,0,4,25,34,63,29,4,33,96
08/13/2006,MEI,MS,ASO,CE,Federal Contract Tower,0,6,6,17,29,0,0,16,2,18,0,6,22,19,47,50,2,52,99
08/14/2006,MEI,MS,ASO,CE,Federal Contract Tower,0,6,18,62,86,0,0,10,2,12,0,6,28,64,98,6,126,132,230
08/15/2006,MEI,MS,ASO,CE,Federal Contract Tower,0,6,8,53,67,0,0,20,10,30,0,6,28,63,97,8,118,126,223
08/16/2006,MEI,MS,ASO,CE,Federal Contract Tower,0,6,24,106,136,0,0,20,6,26,0,6,44,112,162,20,96,116,278
08/17/2006,MEI,MS,ASO,CE,Federal Contract Tower,0,8,7,88,103,0,0,13,5,18,0,8,20,93,121,4,118,122,243
08/18/2006,MEI,MS,ASO,CE,Federal Contract Tower,0,6,14,45,65,0,0,36,10,46,0,6,50,55,111,132,68,200,311
08/19/2006,MEI,MS,ASO,CE,Federal Contract Tower,0,4,4,14,22,0,0,15,3,18,0,4,19,17,40,26,6,32,72
08/20/2006,MEI,MS,ASO,CE,Federal Contract Tower,0,6,14,51,71,0,0,23,6,29,0,6,37,57,100,150,18,168,268
08/21/2006,MEI,MS,ASO,CE,Federal Contract Tower,0,5,16,39,60,0,0,5,3,8,0,5,21,42,68,0,26,26,94
08/22/2006,MEI,MS,ASO,CE,Federal Contract Tower,0,7,11,41,59,0,0,4,2,6,0,7,15,43,65,0,56,56,121
08/23/2006,MEI,MS,ASO,CE,Federal Contract Tower,0,6,15,107,128,0,0,3,14,17,0,6,18,121,145,2,178,180,325
08/24/2006,MEI,MS,ASO,CE,Federal Contract Tower,0,6,21,57,84,0,0,15,8,23,0,6,36,65,107,42,110,152,259
08/25/2006,MEI,MS,ASO,CE,Federal Contract Tower,0,4,13,50,67,0,0,14,7,21,0,4,27,57,88,12,88,100,188
08/26/2006,MEI,MS,ASO,CE,Federal Contract Tower,0,4,13,7,24,0,0,7,0,7,0,4,20,7,31,26,0,26,57
08/27/2006,MEI,MS,ASO,CE,Federal Contract Tower,0,5,10,29,44,0,0,23,3,26,0,5,33,32,70,99,12,111,181
08/28/2006,MEI,MS,ASO,CE,Federal Contract Tower,0,5,9,59,73,0,0,19,6,25,0,5,28,65,98,0,124,124,222
08/29/2006,MEI,MS,ASO,CE,Federal Contract Tower,0,6,6,50,62,0,0,21,4,25,0,6,27,54,87,16,80,96,183
08/30/2006,MEI,MS,ASO,CE,Federal Contract Tower,0,5,6,50,61,0,0,8,10,18,0,5,14,60,79,0,90,90,169
08/31/2006,MEI,MS,ASO,CE,Federal Contract Tower,0,6,13,49,68,0,0,11,4,15,0,6,24,53,83,8,124,132,215
09/01/2006,MEI,MS,ASO,CE,Federal Contract Tower,0,6,22,13,41,0,0,22,1,23,0,6,44,14,64,58,68,126,190
09/02/2006,MEI,MS,ASO,CE,Federal Contract Tower,0,4,8,1,13,0,0,5,0,5,0,4,13,1,18,6,0,6,24
09/03/2006,MEI,MS,ASO,CE,Federal Contract Tower,0,4,4,16,24,0,0,12,0,12,0,4,16,16,36,0,0,0,36
09/04/2006,MEI,MS,ASO,CE,Federal Contract Tower,0,6,17,34,57,0,0,28,0,28,0,6,45,34,85,74,0,74,159
09/05/2006,MEI,MS,ASO,CE,Federal Contract Tower,0,5,5,97,107,0,0,16,11,27,0,5,21,108,134,6,158,164,298
09/06/2006,MEI,MS,ASO,CE,Federal Contract Tower,0,3,9,67,79,0,0,4,1,5,0,3,13,68,84,14,132,146,230
09/07/2006,MEI,MS,ASO,CE,Federal Contract Tower,0,8,19,91,118,0,0,21,2,23,0,8,40,93,141,0,78,78,219
09/08/2006,MEI,MS,ASO,CE,Federal Contract Tower,0,5,34,80,119,0,0,32,8,40,0,5,66,88,159,36,194,230,389
09/09/2006,MEI,MS,ASO,CE,Federal Contract Tower,0,4,12,6,22,0,0,17,4,21,0,4,29,10,43,70,8,78,121
09/10/2006,MEI,MS,ASO,CE,Federal Contract Tower,0,4,14,20,38,0,0,17,7,24,0,4,31,27,62,6,18,24,86
09/11/2006,MEI,MS,ASO,CE,Federal Contract Tower,0,6,15,30,51,0,0,13,7,20,0,6,28,37,71,28,46,74,145
09/12/2006,MEI,MS,ASO,CE,Federal Contract Tower,0,8,12,16,36,0,0,0,0,0,0,8,12,16,36,0,10,10,46
09/13/2006,MEI,MS,ASO,CE,Federal Contract Tower,0,3,18,26,47,0,0,7,1,8,0,3,25,27,55,0,18,18,73
09/14/2006,MEI,MS,ASO,CE,Federal Contract Tower,0,6,27,42,75,0,0,34,4,38,0,6,61,46,113,27,143,170,283
09/15/2006,MEI,MS,ASO,CE,Federal Contract Tower,0,5,16,42,63,0,0,19,6,25,0,5,35,48,88,52,154,206,294
09/16/2006,MEI,MS,ASO,CE,Federal Contract Tower,0,4,7,10,21,0,0,0,6,6,0,4,7,16,27,10,42,52,79
09/17/2006,MEI,MS,ASO,CE,Federal Contract Tower,0,3,11,18,32,0,0,16,2,18,0,3,27,20,50,20,0,20,70
09/18/2006,MEI,MS,ASO,CE,Federal Contract Tower,0,6,0,0,6,0,9,0,0,9,0,15,0,0,15,0,0,0,15
09/19/2006,MEI,MS,ASO,CE,Federal Contract Tower,0,8,14,48,70,0,0,16,3,19,0,8,30,51,89,14,8,22,111
09/20/2006,MEI,MS,ASO,CE,Federal Contract Tower,0,6,13,39,58,0,0,15,2,17,0,6,28,41,75,10,26,36,111
09/21/2006,MEI,MS,ASO,CE,Federal Contract Tower,0,6,11,46,63,0,0,14,7,21,0,6,25,53,84,36,106,142,226
09/22/2006,MEI,MS,ASO,CE,Federal Contract Tower,0,5,24,50,79,0,0,10,2,12,0,5,34,52,91,17,60,77,168
09/23/2006,MEI,MS,ASO,CE,Federal Contract Tower,0,4,15,4,23,0,0,11,7,18,0,4,26,11,41,12,10,22,63
09/24/2006,MEI,MS,ASO,CE,Federal Contract Tower,0,3,14,14,31,0,0,0,0,0,0,3,14,14,31,8,0,8,39
09/25/2006,MEI,MS,ASO,CE,Federal Contract Tower,0,8,23,25,56,0,0,8,2,10,0,8,31,27,66,10,78,88,154
09/26/2006,MEI,MS,ASO,CE,Federal Contract Tower,0,6,19,31,56,0,0,7,29,36,0,6,26,60,92,12,188,200,292
09/27/2006,MEI,MS,ASO,CE,Federal Contract Tower,0,5,12,48,65,0,0,9,5,14,0,5,21,53,79,16,90,106,185
09/28/2006,MEI,MS,ASO,CE,Federal Contract Tower,0,5,8,51,64,0,0,15,2,17,0,5,23,53,81,9,0,9,90
09/29/2006,MEI,MS,ASO,CE,Federal Contract Tower,0,7,11,19,37,0,0,31,5,36,0,7,42,24,73,24,44,68,141
09/30/2006,MEI,MS,ASO,CE,Federal Contract Tower,0,4,25,2,31,0,0,23,0,23,0,4,48,2,54,8,0,8,62
10/01/2006,MEI,MS,ASO,CE,Federal Contract Tower,0,5,10,5,20,0,0,17,0,17,0,5,27,5,37,6,0,6,43
10/02/2006,MEI,MS,ASO,CE,Federal Contract Tower,0,6,24,33,63,0,0,8,9,17,0,6,32,42,80,31,102,133,213
10/03/2006,MEI,MS,ASO,CE,Federal Contract Tower,0,7,19,93,119,0,0,32,9,41,0,7,51,102,160,8,204,212,372
10/04/2006,MEI,MS,ASO,CE,Federal Contract Tower,0,6,15,62,83,0,0,19,12,31,0,6,34,74,114,12,120,132,246
10/05/2006,MEI,MS,ASO,CE,Federal Contract Tower,0,6,10,87,103,0,0,10,3,13,0,6,20,90,116,0,124,124,240
10/06/2006,MEI,MS,ASO,CE,Federal Contract Tower,0,5,15,88,108,0,0,7,3,10,0,5,22,91,118,46,215,261,379
10/07/2006,MEI,MS,ASO,CE,Federal Contract Tower,0,4,20,0,24,0,0,14,1,15,0,4,34,1,39,6,0,6,45
10/08/2006,MEI,MS,ASO,CE,Federal Contract Tower,0,3,11,2,16,0,0,25,0,25,0,3,36,2,41,0,5,5,46
10/09/2006,MEI,MS,ASO,CE,Federal Contract Tower,0,8,12,8,28,0,0,25,1,26,0,8,37,9,54,6,0,6,60
10/10/2006,MEI,MS,ASO,CE,Federal Contract Tower,0,8,17,125,150,0,0,22,11,33,0,8,39,136,183,64,184,248,431
10/11/2006,MEI,MS,ASO,CE,Federal Contract Tower,0,6,16,82,104,0,0,10,6,16,0,6,26,88,120,0,40,40,160
10/12/2006,MEI,MS,ASO,CE,Federal Contract Tower,0,6,15,85,106,0,0,18,8,26,0,6,33,93,132,0,118,118,250
10/13/2006,MEI,MS,ASO,CE,Federal Contract Tower,0,6,23,66,95,0,0,21,10,31,0,6,44,76,126,2,196,198,324
10/14/2006,MEI,MS,ASO,CE,Federal Contract Tower,0,4,12,45,61,0,0,9,1,10,0,4,21,46,71,24,18,42,113
10/15/2006,MEI,MS,ASO,CE,Federal Contract Tower,0,4,17,37,58,0,0,20,9,29,0,4,37,46,87,0,38,38,125
10/16/2006,MEI,MS,ASO,CE,Federal Contract Tower,0,9,7,0,16,0,0,0,0,0,0,9,7,0,16,0,0,0,16
10/17/2006,MEI,MS,ASO,CE,Federal Contract Tower,0,4,19,40,63,0,0,24,13,37,0,4,43,53,100,0,180,180,280
10/18/2006,MEI,MS,ASO,CE,Federal Contract Tower,0,4,34,144,182,0,0,14,5,19,0,4,48,149,201,18,172,190,391
10/19/2006,MEI,MS,ASO,CE,Federal Contract Tower,0,4,21,46,71,0,0,1,0,1,0,4,22,46,72,0,0,0,72
10/20/2006,MEI,MS,ASO,CE,Federal Contract Tower,0,5,18,64,87,0,0,13,9,22,0,5,31,73,109,0,56,56,165
10/21/2006,MEI,MS,ASO,CE,Federal Contract Tower,0,4,7,6,17,0,0,15,12,27,0,4,22,18,44,10,0,10,54
10/22/2006,MEI,MS,ASO,CE,Federal Contract Tower,0,1,12,37,50,0,0,0,10,10,0,1,12,47,60,0,12,12,72
10/23/2006,MEI,MS,ASO,CE,Federal Contract Tower,0,10,26,61,97,0,0,17,4,21,0,10,43,65,118,30,64,94,212
10/24/2006,MEI,MS,ASO,CE,Federal Contract Tower,0,8,25,59,92,0,0,13,7,20,0,8,38,66,112,10,202,212,324
10/25/2006,MEI,MS,ASO,CE,Federal Contract Tower,0,6,22,57,85,0,0,1,2,3,0,6,23,59,88,0,34,34,122
10/26/2006,MEI,MS,ASO,CE,Federal Contract Tower,0,6,15,16,37,0,0,1,3,4,0,6,16,19,41,0,0,0,41
10/27/2006,MEI,MS,ASO,CE,Federal Contract Tower,0,5,8,37,50,0,0,4,7,11,0,5,12,44,61,2,104,106,167
10/28/2006,MEI,MS,ASO,CE,Federal Contract Tower,0,3,9,0,12,0,0,14,7,21,0,3,23,7,33,4,22,26,59
10/29/2006,MEI,MS,ASO,CE,Federal Contract Tower,0,4,16,7,27,0,0,36,5,41,0,4,52,12,68,36,0,36,104
10/30/2006,MEI,MS,ASO,CE,Federal Contract Tower,0,6,11,39,56,0,0,18,1,19,0,6,29,40,75,8,44,52,127
10/31/2006,MEI,MS,ASO,CE,Federal Contract Tower,0,6,21,114,141,0,0,14,6,20,0,6,35,120,161,26,138,164,325
11/01/2006,MEI,MS,ASO,CE,Federal Contract Tower,0,6,10,65,81,0,0,14,5,19,0,6,24,70,100,10,105,115,215
11/02/2006,MEI,MS,ASO,CE,Federal Contract Tower,0,5,18,79,102,0,0,10,3,13,0,5,28,82,115,0,116,116,231
11/03/2006,MEI,MS,ASO,CE,Federal Contract Tower,0,6,14,70,90,0,0,10,4,14,0,6,24,74,104,0,146,146,250
11/04/2006,MEI,MS,ASO,CE,Federal Contract Tower,0,4,8,24,36,0,0,7,0,7,0,4,15,24,43,10,10,20,63
11/05/2006,MEI,MS,ASO,CE,Federal Contract Tower,0,4,22,34,60,0,0,5,0,5,0,4,27,34,65,2,34,36,101
11/06/2006,MEI,MS,ASO,CE,Federal Contract Tower,0,5,16,29,50,0,0,1,2,3,0,5,17,31,53,0,66,66,119
11/07/2006,MEI,MS,ASO,CE,Federal Contract Tower,0,7,13,121,141,0,0,4,0,4,0,7,17,121,145,0,84,84,229
11/08/2006,MEI,MS,ASO,CE,Federal Contract Tower,0,6,20,84,110,0,0,5,9,14,0,6,25,93,124,12,174,186,310
11/09/2006,MEI,MS,ASO,CE,Federal Contract Tower,0,6,27,48,81,0,0,3,4,7,0,6,30,52,88,14,66,80,168
11/10/2006,MEI,MS,ASO,CE,Federal Contract Tower,0,6,9,2,17,0,0,21,0,21,0,6,30,2,38,40,0,40,78
11/11/2006,MEI,MS,ASO,CE,Federal Contract Tower,0,4,10,2,16,0,0,0,0,0,0,4,10,2,16,0,6,6,22
11/12/2006,MEI,MS,ASO,CE,Federal Contract Tower,0,6,12,28,46,0,0,37,2,39,0,6,49,30,85,38,8,46,131
11/13/2006,MEI,MS,ASO,CE,Federal Contract Tower,0,6,26,47,79,0,0,7,1,8,0,6,33,48,87,2,28,30,117
11/14/2006,MEI,MS,ASO,CE,Federal Contract Tower,0,7,9,82,98,0,0,4,0,4,0,7,13,82,102,0,56,56,158
11/15/2006,MEI,MS,ASO,CE,Federal Contract Tower,0,6,17,49,72,0,0,2,1,3,0,6,19,50,75,0,20,20,95
11/16/2006,MEI,MS,ASO,CE,Federal Contract Tower,0,6,19,83,108,0,0,3,1,4,0,6,22,84,112,0,186,186,298
11/17/2006,MEI,MS,ASO,CE,Federal Contract Tower,0,6,17,66,89,0,0,22,8,30,0,6,39,74,119,22,218,240,359
11/18/2006,MEI,MS,ASO,CE,Federal Contract Tower,0,6,18,35,59,0,0,11,1,12,0,6,29,36,71,6,0,6,77
11/19/2006,MEI,MS,ASO,CE,Federal Contract Tower,0,6,13,27,46,0,0,17,1,18,0,6,30,28,64,0,0,0,64
11/20/2006,MEI,MS,ASO,CE,Federal Contract Tower,0,6,10,111,127,0,0,4,2,6,0,6,14,113,133,15,232,247,380
11/21/2006,MEI,MS,ASO,CE,Federal Contract Tower,0,6,32,133,171,0,0,8,5,13,0,6,40,138,184,0,72,72,256
11/22/2006,MEI,MS,ASO,CE,Federal Contract Tower,0,6,21,61,88,0,0,16,1,17,0,6,37,62,105,4,134,138,243
11/23/2006,MEI,MS,ASO,CE,Federal Contract Tower,0,2,7,2,11,0,0,14,0,14,0,2,21,2,25,28,0,28,53
11/24/2006,MEI,MS,ASO,CE,Federal Contract Tower,0,4,6,2,12,0,0,12,0,12,0,4,18,2,24,28,0,28,52
11/25/2006,MEI,MS,ASO,CE,Federal Contract Tower,0,7,7,2,16,0,0,22,0,22,0,7,29,2,38,0,0,0,38
11/26/2006,MEI,MS,ASO,CE,Federal Contract Tower,0,8,4,0,12,0,0,33,0,33,0,8,37,0,45,8,0,8,53
11/27/2006,MEI,MS,ASO,CE,Federal Contract Tower,0,6,18,83,107,0,0,26,6,32,0,6,44,89,139,50,88,138,277
11/28/2006,MEI,MS,ASO,CE,Federal Contract Tower,0,8,23,90,121,0,0,7,15,22,0,8,30,105,143,0,134,134,277
11/29/2006,MEI,MS,ASO,CE,Federal Contract Tower,0,7,16,76,99,0,0,22,9,31,0,7,38,85,130,14,136,150,280
11/30/2006,MEI,MS,ASO,CE,Federal Contract Tower,0,7,15,68,90,0,0,0,0,0,0,7,15,68,90,8,134,142,232
12/01/2006,MEI,MS,ASO,CE,Federal Contract Tower,0,6,21,84,111,0,0,20,7,27,0,6,41,91,138,0,194,194,332
12/02/2006,MEI,MS,ASO,CE,Federal Contract Tower,0,5,11,8,24,0,0,11,0,11,0,5,22,8,35,0,16,16,51
12/03/2006,MEI,MS,ASO,CE,Federal Contract Tower,0,3,10,76,89,0,0,12,4,16,0,3,22,80,105,0,26,26,131
12/04/2006,MEI,MS,ASO,CE,Federal Contract Tower,0,4,11,95,110,0,0,9,3,12,0,4,20,98,122,0,110,110,232
12/05/2006,MEI,MS,ASO,CE,Federal Contract Tower,0,9,10,73,92,0,0,17,17,34,0,9,27,90,126,8,104,112,238
12/06/2006,MEI,MS,ASO,CE,Federal Contract Tower,0,7,21,103,131,0,0,19,10,29,0,7,40,113,160,6,180,186,346
12/07/2006,MEI,MS,ASO,CE,Federal Contract Tower,0,6,34,98,138,0,0,8,10,18,0,6,42,108,156,10,208,218,374
12/08/2006,MEI,MS,ASO,CE,Federal Contract Tower,0,6,26,64,96,0,0,18,14,32,0,6,44,78,128,2,228,230,358
12/09/2006,MEI,MS,ASO,CE,Federal Contract Tower,0,3,7,7,17,0,0,14,1,15,0,3,21,8,32,4,80,84,116
12/10/2006,MEI,MS,ASO,CE,Federal Contract Tower,0,3,15,16,34,0,0,9,4,13,0,3,24,20,47,8,60,68,115
12/11/2006,MEI,MS,ASO,CE,Federal Contract Tower,0,7,15,40,62,0,0,6,14,20,0,7,21,54,82,0,44,44,126
12/12/2006,MEI,MS,ASO,CE,Federal Contract Tower,0,6,23,11,40,0,0,3,0,3,0,6,26,11,43,0,0,0,43
12/13/2006,MEI,MS,ASO,CE,Federal Contract Tower,0,5,23,70,98,0,0,4,4,8,0,5,27,74,106,0,0,0,106
12/14/2006,MEI,MS,ASO,CE,Federal Contract Tower,0,4,12,44,60,0,0,12,4,16,0,4,24,48,76,0,70,70,146
12/15/2006,MEI,MS,ASO,CE,Federal Contract Tower,0,4,22,25,51,0,0,7,55,62,0,4,29,80,113,6,84,90,203
12/16/2006,MEI,MS,ASO,CE,Federal Contract Tower,0,2,17,7,26,0,0,6,3,9,0,2,23,10,35,0,7,7,42
12/17/2006,MEI,MS,ASO,CE,Federal Contract Tower,0,4,19,19,42,0,0,22,6,28,0,4,41,25,70,7,10,17,87
12/18/2006,MEI,MS,ASO,CE,Federal Contract Tower,0,4,10,57,71,0,0,9,1,10,0,4,19,58,81,0,0,0,81
12/19/2006,MEI,MS,ASO,CE,Federal Contract Tower,0,4,12,75,91,0,2,10,13,25,0,6,22,88,116,0,72,72,188
12/20/2006,MEI,MS,ASO,CE,Federal Contract Tower,0,4,27,44,75,0,0,12,15,27,0,4,39,59,102,0,178,178,280
12/21/2006,MEI,MS,ASO,CE,Federal Contract Tower,0,7,17,26,50,0,0,1,0,1,0,7,18,26,51,0,0,0,51
12/22/2006,MEI,MS,ASO,CE,Federal Contract Tower,0,4,16,12,32,0,0,10,1,11,0,4,26,13,43,22,150,172,215
12/23/2006,MEI,MS,ASO,CE,Federal Contract Tower,0,2,9,0,11,0,0,39,0,39,0,2,48,0,50,8,0,8,58
12/24/2006,MEI,MS,ASO,CE,Federal Contract Tower,0,4,15,2,21,0,0,3,18,21,0,4,18,20,42,0,0,0,42
12/25/2006,MEI,MS,ASO,CE,Federal Contract Tower,0,4,3,0,7,0,0,0,0,0,0,4,3,0,7,0,0,0,7
12/26/2006,MEI,MS,ASO,CE,Federal Contract Tower,0,4,16,0,20,0,0,11,0,11,0,4,27,0,31,6,0,6,37
12/27/2006,MEI,MS,ASO,CE,Federal Contract Tower,0,4,8,8,20,0,0,24,3,27,0,4,32,11,47,4,22,26,73
12/28/2006,MEI,MS,ASO,CE,Federal Contract Tower,0,4,18,12,34,0,0,18,0,18,0,4,36,12,52,42,0,42,94
12/29/2006,MEI,MS,ASO,CE,Federal Contract Tower,0,4,7,15,26,0,0,3,0,3,0,4,10,15,29,0,0,0,29
12/30/2006,MEI,MS,ASO,CE,Federal Contract Tower,0,4,6,0,10,0,0,1,0,1,0,4,7,0,11,24,0,24,35
12/31/2006,MEI,MS,ASO,CE,Federal Contract Tower,0,5,5,0,10,0,0,13,0,13,0,5,18,0,23,8,0,8,31
01/01/2007,MEI,MS,ASO,CE,Federal Contract Tower,0,4,23,0,27,0,0,6,0,6,0,4,29,0,33,0,0,0,33
01/02/2007,MEI,MS,ASO,CE,Federal Contract Tower,0,5,15,2,22,0,0,20,0,20,0,5,35,2,42,12,0,12,54
01/03/2007,MEI,MS,ASO,CE,Federal Contract Tower,0,4,16,36,56,0,0,8,4,12,0,4,24,40,68,8,40,48,116
01/04/2007,MEI,MS,ASO,CE,Federal Contract Tower,0,4,13,23,40,0,0,0,2,2,0,4,13,25,42,0,0,0,42
01/05/2007,MEI,MS,ASO,CE,Federal Contract Tower,0,3,10,58,71,0,0,7,3,10,0,3,17,61,81,0,88,88,169
01/06/2007,MEI,MS,ASO,CE,Federal Contract Tower,0,2,14,13,29,0,0,10,4,14,0,2,24,17,43,0,20,20,63
01/07/2007,MEI,MS,ASO,CE,Federal Contract Tower,0,3,10,11,24,0,0,0,0,0,0,3,10,11,24,0,0,0,24
01/08/2007,MEI,MS,ASO,CE,Federal Contract Tower,0,3,20,84,107,0,0,20,10,30,0,3,40,94,137,2,144,146,283
01/09/2007,MEI,MS,ASO,CE,Federal Contract Tower,0,6,10,104,120,0,0,26,11,37,0,6,36,115,157,18,174,192,349
01/10/2007,MEI,MS,ASO,CE,Federal Contract Tower,0,4,16,123,143,0,0,49,8,57,0,4,65,131,200,22,160,182,382
01/11/2007,MEI,MS,ASO,CE,Federal Contract Tower,0,4,11,89,104,0,0,24,7,31,0,4,35,96,135,0,157,157,292
01/12/2007,MEI,MS,ASO,CE,Federal Contract Tower,0,4,12,63,79,0,0,4,3,7,0,4,16,66,86,6,92,98,184
01/13/2007,MEI,MS,ASO,CE,Federal Contract Tower,0,3,5,19,27,0,0,5,1,6,0,3,10,20,33,4,20,24,57
01/14/2007,MEI,MS,ASO,CE,Federal Contract Tower,0,4,26,0,30,0,0,4,0,4,0,4,30,0,34,0,0,0,34
01/15/2007,MEI,MS,ASO,CE,Federal Contract Tower,0,4,5,6,15,0,0,2,0,2,0,4,7,6,17,0,0,0,17
01/16/2007,MEI,MS,ASO,CE,Federal Contract Tower,0,4,7,74,85,0,0,2,2,4,0,4,9,76,89,0,72,72,161
01/17/2007,MEI,MS,ASO,CE,Federal Contract Tower,0,3,8,41,52,0,0,3,3,6,0,3,11,44,58,0,60,60,118
01/18/2007,MEI,MS,ASO,CE,Federal Contract Tower,0,3,11,49,63,0,0,1,0,1,0,3,12,49,64,0,0,0,64
01/19/2007,MEI,MS,ASO,CE,Federal Contract Tower,0,4,12,79,95,0,0,15,15,30,0,4,27,94,125,16,102,118,243
01/20/2007,MEI,MS,ASO,CE,Federal Contract Tower,0,2,9,35,46,0,0,4,9,13,0,2,13,44,59,0,33,33,92
01/21/2007,MEI,MS,ASO,CE,Federal Contract Tower,0,4,4,22,30,0,0,1,0,1,0,4,5,22,31,0,0,0,31
01/22/2007,MEI,MS,ASO,CE,Federal Contract Tower,0,8,6,96,110,0,0,11,3,14,0,8,17,99,124,0,54,54,178
01/23/2007,MEI,MS,ASO,CE,Federal Contract Tower,0,4,3,82,89,0,0,19,15,34,0,4,22,97,123,14,182,196,319
01/24/2007,MEI,MS,ASO,CE,Federal Contract Tower,0,4,18,73,95,0,0,25,13,38,0,4,43,86,133,34,30,64,197
01/25/2007,MEI,MS,ASO,CE,Federal Contract Tower,0,4,33,79,116,0,0,10,6,16,0,4,43,85,132,76,178,254,386
01/26/2007,MEI,MS,ASO,CE,Federal Contract Tower,0,4,12,92,108,0,0,32,2,34,0,4,44,94,142,92,120,212,354
01/27/2007,MEI,MS,ASO,CE,Federal Contract Tower,0,3,15,18,36,0,0,13,6,19,0,3,28,24,55,8,54,62,117
01/28/2007,MEI,MS,ASO,CE,Federal Contract Tower,0,2,6,13,21,0,0,10,4,14,0,2,16,17,35,10,40,50,85
01/29/2007,MEI,MS,ASO,CE,Federal Contract Tower,0,3,9,54,66,0,0,23,4,27,0,3,32,58,93,42,168,210,303
01/30/2007,MEI,MS,ASO,CE,Federal Contract Tower,0,4,13,99,116,0,0,14,2,16,0,4,27,101,132,28,92,120,252
01/31/2007,MEI,MS,ASO,CE,Federal Contract Tower,0,4,15,92,111,0,2,17,9,28,0,6,32,101,139,34,174,208,347
02/01/2007,MEI,MS,ASO,CE,Federal Contract Tower,0,6,17,72,95,0,0,0,0,0,0,6,17,72,95,0,0,0,95
02/02/2007,MEI,MS,ASO,CE,Federal Contract Tower,0,4,9,72,85,0,0,3,6,9,0,4,12,78,94,0,35,35,129
02/03/2007,MEI,MS,ASO,CE,Federal Contract Tower,0,2,13,16,31,0,0,43,5,48,0,2,56,21,79,40,18,58,137
02/04/2007,MEI,MS,ASO,CE,Federal Contract Tower,0,4,12,49,65,0,0,45,4,49,0,4,57,53,114,8,110,118,232
02/05/2007,MEI,MS,ASO,CE,Federal Contract Tower,0,3,28,64,95,0,0,23,4,27,0,3,51,68,122,22,240,262,384
02/06/2007,MEI,MS,ASO,CE,Federal Contract Tower,0,5,25,137,167,0,0,32,5,37,0,5,57,142,204,18,226,244,448
02/07/2007,MEI,MS,ASO,CE,Federal Contract Tower,0,4,15,91,110,0,0,28,0,28,0,4,43,91,138,6,156,162,300
02/08/2007,MEI,MS,ASO,CE,Federal Contract Tower,0,4,11,101,116,0,0,147,1,148,0,4,158,102,264,10,110,120,384
02/09/2007,MEI,MS,ASO,CE,Federal Contract Tower,0,5,11,41,57,0,0,0,11,11,0,5,11,52,68,0,180,180,248
02/10/2007,MEI,MS,ASO,CE,Federal Contract Tower,0,3,13,12,28,0,0,43,2,45,0,3,56,14,73,0,0,0,73
02/11/2007,MEI,MS,ASO,CE,Federal Contract Tower,0,4,8,43,55,0,0,37,7,44,0,4,45,50,99,0,64,64,163
02/12/2007,MEI,MS,ASO,CE,Federal Contract Tower,0,6,6,86,98,0,0,20,1,21,0,6,26,87,119,64,104,168,287
02/13/2007,MEI,MS,ASO,CE,Federal Contract Tower,0,4,9,85,98,0,0,4,5,9,0,4,13,90,107,0,22,22,129
02/14/2007,MEI,MS,ASO,CE,Federal Contract Tower,0,6,10,119,135,0,0,16,8,24,0,6,26,127,159,16,158,174,333
02/15/2007,MEI,MS,ASO,CE,Federal Contract Tower,0,4,9,57,70,0,0,20,8,28,0,4,29,65,98,16,98,114,212
02/16/2007,MEI,MS,ASO,CE,Federal Contract Tower,0,6,15,58,79,0,0,21,11,32,0,6,36,69,111,0,120,120,231
02/17/2007,MEI,MS,ASO,CE,Federal Contract Tower,0,2,8,2,12,0,0,20,2,22,0,2,28,4,34,4,0,4,38
02/18/2007,MEI,MS,ASO,CE,Federal Contract Tower,0,4,11,2,17,0,0,41,0,41,0,4,52,2,58,56,0,56,114
02/19/2007,MEI,MS,ASO,CE,Federal Contract Tower,0,3,7,4,14,0,0,46,5,51,0,3,53,9,65,66,0,66,131
02/20/2007,MEI,MS,ASO,CE,Federal Contract Tower,0,4,16,132,152,0,0,17,13,30,0,4,33,145,182,22,254,276,458
02/21/2007,MEI,MS,ASO,CE,Federal Contract Tower,0,4,6,91,101,0,0,13,3,16,0,4,19,94,117,30,132,162,279
02/22/2007,MEI,MS,ASO,CE,Federal Contract Tower,0,4,16,121,141,0,0,24,5,29,0,4,40,126,170,4,166,170,340
02/23/2007,MEI,MS,ASO,CE,Federal Contract Tower,0,4,8,57,69,0,0,25,7,32,0,4,33,64,101,24,118,142,243
02/24/2007,MEI,MS,ASO,CE,Federal Contract Tower,0,2,12,1,15,0,0,4,1,5,0,2,16,2,20,0,0,0,20
02/25/2007,MEI,MS,ASO,CE,Federal Contract Tower,0,3,11,24,38,0,0,22,5,27,0,3,33,29,65,10,6,16,81
02/26/2007,MEI,MS,ASO,CE,Federal Contract Tower,0,3,8,96,107,0,0,31,8,39,0,3,39,104,146,12,176,188,334
02/27/2007,MEI,MS,ASO,CE,Federal Contract Tower,0,4,22,90,116,0,0,38,6,44,0,4,60,96,160,6,198,204,364
02/28/2007,MEI,MS,ASO,CE,Federal Contract Tower,0,4,18,76,98,0,0,21,6,27,0,4,39,82,125,14,147,161,286
03/01/2007,MEI,MS,ASO,CE,Federal Contract Tower,0,4,3,20,27,0,0,0,1,1,0,4,3,21,28,0,8,8,36
03/02/2007,MEI,MS,ASO,CE,Federal Contract Tower,0,6,23,98,127,0,0,27,10,37,0,6,50,108,164,22,138,160,324
03/03/2007,MEI,MS,ASO,CE,Federal Contract Tower,0,1,8,46,55,0,0,25,3,28,0,1,33,49,83,27,36,63,146
03/04/2007,MEI,MS,ASO,CE,Federal Contract Tower,0,2,18,38,58,0,0,20,11,31,0,2,38,49,89,16,98,114,203
03/05/2007,MEI,MS,ASO,CE,Federal Contract Tower,0,4,21,121,146,0,0,45,16,61,0,4,66,137,207,18,208,226,433
03/06/2007,MEI,MS,ASO,CE,Federal Contract Tower,0,4,10,92,106,0,0,41,13,54,0,4,51,105,160,0,260,260,420
03/07/2007,MEI,MS,ASO,CE,Federal Contract Tower,0,4,11,90,105,0,0,9,7,16,0,4,20,97,121,18,142,160,281
03/08/2007,MEI,MS,ASO,CE,Federal Contract Tower,0,5,6,91,102,0,0,7,13,20,0,5,13,104,122,6,126,132,254
03/09/2007,MEI,MS,ASO,CE,Federal Contract Tower,0,5,31,67,103,0,0,45,15,60,0,5,76,82,163,14,182,196,359
03/10/2007,MEI,MS,ASO,CE,Federal Contract Tower,0,3,6,20,29,0,0,42,3,45,0,3,48,23,74,44,52,96,170
03/11/2007,MEI,MS,ASO,CE,Federal Contract Tower,0,3,13,32,48,0,0,15,2,17,0,3,28,34,65,24,18,42,107
03/12/2007,MEI,MS,ASO,CE,Federal Contract Tower,0,6,12,57,75,0,0,8,5,13,0,6,20,62,88,8,90,98,186
03/13/2007,MEI,MS,ASO,CE,Federal Contract Tower,0,6,16,53,75,0,0,5,0,5,0,6,21,53,80,10,100,110,190
03/14/2007,MEI,MS,ASO,CE,Federal Contract Tower,0,4,8,48,60,0,0,9,3,12,0,4,17,51,72,0,30,30,102
03/15/2007,MEI,MS,ASO,CE,Federal Contract Tower,0,4,23,41,68,0,0,2,0,2,0,4,25,41,70,0,0,0,70
03/16/2007,MEI,MS,ASO,CE,Federal Contract Tower,0,4,24,66,94,0,0,8,6,14,0,4,32,72,108,0,70,70,178
03/17/2007,MEI,MS,ASO,CE,Federal Contract Tower,0,3,9,25,37,0,0,20,1,21,0,3,29,26,58,4,6,10,68
03/18/2007,MEI,MS,ASO,CE,Federal Contract Tower,0,3,15,47,65,0,0,40,9,49,0,3,55,56,114,44,12,56,170
03/19/2007,MEI,MS,ASO,CE,Federal Contract Tower,0,4,25,103,132,0,0,25,10,35,0,4,50,113,167,36,194,230,397
03/20/2007,MEI,MS,ASO,CE,Federal Contract Tower,0,4,13,152,169,0,0,24,10,34,0,4,37,162,203,8,254,262,465
03/21/2007,MEI,MS,ASO,CE,Federal Contract Tower,0,4,33,93,130,0,0,22,11,33,0,4,55,104,163,14,144,158,321
03/22/2007,MEI,MS,ASO,CE,Federal Contract Tower,0,5,21,82,108,0,0,23,12,35,0,5,44,94,143,12,114,126,269
03/23/2007,MEI,MS,ASO,CE,Federal Contract Tower,0,4,24,59,87,0,0,14,6,20,0,4,38,65,107,10,132,142,249
03/24/2007,MEI,MS,ASO,CE,Federal Contract Tower,0,2,8,20,30,0,0,17,1,18,0,2,25,21,48,16,24,40,88
03/25/2007,MEI,MS,ASO,CE,Federal Contract Tower,0,2,17,24,43,0,0,30,2,32,0,2,47,26,75,2,6,8,83
03/26/2007,MEI,MS,ASO,CE,Federal Contract Tower,0,4,21,47,72,0,0,12,2,14,0,4,33,49,86,20,84,104,190
03/27/2007,MEI,MS,ASO,CE,Federal Contract Tower,0,4,9,71,84,0,0,15,11,26,0,4,24,82,110,14,172,186,296
03/28/2007,MEI,MS,ASO,CE,Federal Contract Tower,0,4,11,103,118,0,0,11,7,18,0,4,22,110,136,16,98,114,250
03/29/2007,MEI,MS,ASO,CE,Federal Contract Tower,0,6,28,44,78,0,0,12,12,24,0,6,40,56,102,0,70,70,172
03/30/2007,MEI,MS,ASO,CE,Federal Contract Tower,0,4,19,72,95,0,0,20,13,33,0,4,39,85,128,20,114,134,262
03/31/2007,MEI,MS,ASO,CE,Federal Contract Tower,0,2,7,2,11,0,0,6,3,9,0,2,13,5,20,0,24,24,44
04/01/2007,MEI,MS,ASO,CE,Federal Contract Tower,0,3,11,6,20,0,0,10,0,10,0,3,21,6,30,40,0,40,70
04/02/2007,MEI,MS,ASO,CE,Federal Contract Tower,0,3,15,46,64,0,0,31,8,39,0,3,46,54,103,18,204,222,325
04/03/2007,MEI,MS,ASO,CE,Federal Contract Tower,0,3,13,76,92,0,0,42,11,53,0,3,55,87,145,56,138,194,339
04/04/2007,MEI,MS,ASO,CE,Federal Contract Tower,0,3,23,116,142,0,0,7,0,7,0,3,30,116,149,0,68,68,217
04/05/2007,MEI,MS,ASO,CE,Federal Contract Tower,0,3,27,100,130,0,0,23,13,36,0,3,50,113,166,32,158,190,356
04/06/2007,MEI,MS,ASO,CE,Federal Contract Tower,0,6,14,57,77,0,0,3,9,12,0,6,17,66,89,4,96,100,189
04/07/2007,MEI,MS,ASO,CE,Federal Contract Tower,0,6,2,0,8,0,0,20,0,20,0,6,22,0,28,12,0,12,40
04/08/2007,MEI,MS,ASO,CE,Federal Contract Tower,0,4,8,1,13,0,0,35,4,39,0,4,43,5,52,0,0,0,52
04/09/2007,MEI,MS,ASO,CE,Federal Contract Tower,0,4,12,48,64,0,0,21,3,24,0,4,33,51,88,16,56,72,160
04/10/2007,MEI,MS,ASO,CE,Federal Contract Tower,0,4,20,48,72,0,0,7,3,10,0,4,27,51,82,18,14,32,114
04/11/2007,MEI,MS,ASO,CE,Federal Contract Tower,0,5,18,93,116,0,0,14,0,14,0,5,32,93,130,28,26,54,184
04/12/2007,MEI,MS,ASO,CE,Federal Contract Tower,0,4,19,107,130,0,0,19,7,26,0,4,38,114,156,12,142,154,310
04/13/2007,MEI,MS,ASO,CE,Federal Contract Tower,0,6,21,88,115,0,0,21,13,34,0,6,42,101,149,32,176,208,357
04/14/2007,MEI,MS,ASO,CE,Federal Contract Tower,0,5,4,0,9,0,0,3,1,4,0,5,7,1,13,0,20,20,33
04/15/2007,MEI,MS,ASO,CE,Federal Contract Tower,0,3,14,26,43,0,0,37,0,37,0,3,51,26,80,24,42,66,146
04/16/2007,MEI,MS,ASO,CE,Federal Contract Tower,0,4,13,80,97,0,0,30,8,38,0,4,43,88,135,20,81,101,236
04/17/2007,MEI,MS,ASO,CE,Federal Contract Tower,0,4,17,94,115,0,0,43,10,53,0,4,60,104,168,24,177,201,369
04/18/2007,MEI,MS,ASO,CE,Federal Contract Tower,0,4,18,109,131,0,0,14,5,19,0,4,32,114,150,14,180,194,344
04/19/2007,MEI,MS,ASO,CE,Federal Contract Tower,0,4,22,127,153,0,0,18,5,23,0,4,40,132,176,10,280,290,466
04/20/2007,MEI,MS,ASO,CE,Federal Contract Tower,0,5,19,73,97,0,0,27,2,29,0,5,46,75,126,66,144,210,336
04/21/2007,MEI,MS,ASO,CE,Federal Contract Tower,0,4,17,27,48,0,0,19,2,21,0,4,36,29,69,18,10,28,97
04/22/2007,MEI,MS,ASO,CE,Federal Contract Tower,0,3,47,30,80,0,0,43,3,46,0,3,90,33,126,26,0,26,152
04/23/2007,MEI,MS,ASO,CE,Federal Contract Tower,0,4,27,113,144,0,0,29,8,37,0,4,56,121,181,26,144,170,351
04/24/2007,MEI,MS,ASO,CE,Federal Contract Tower,0,4,25,162,191,0,0,45,10,55,0,4,70,172,246,48,218,266,512
04/25/2007,MEI,MS,ASO,CE,Federal Contract Tower,0,6,8,100,114,0,0,10,7,17,0,6,18,107,131,2,70,72,203
04/26/2007,MEI,MS,ASO,CE,Federal Contract Tower,0,10,27,116,153,0,0,8,15,23,0,10,35,131,176,32,108,140,316
04/27/2007,MEI,MS,ASO,CE,Federal Contract Tower,0,6,16,99,121,0,0,15,9,24,0,6,31,108,145,26,172,198,343
04/28/2007,MEI,MS,ASO,CE,Federal Contract Tower,0,2,12,5,19,0,0,22,13,35,0,2,34,18,54,24,8,32,86
04/29/2007,MEI,MS,ASO,CE,Federal Contract Tower,0,4,28,38,70,0,0,23,4,27,0,4,51,42,97,4,18,22,119
04/30/2007,MEI,MS,ASO,CE,Federal Contract Tower,0,4,22,89,115,0,0,14,7,21,0,4,36,96,136,20,65,85,221
05/01/2007,MEI,MS,ASO,CE,Federal Contract Tower,0,4,9,103,116,0,0,2,11,13,0,4,11,114,129,0,178,178,307
05/02/2007,MEI,MS,ASO,CE,Federal Contract Tower,0,4,23,85,112,0,0,8,4,12,0,4,31,89,124,4,124,128,252
05/03/2007,MEI,MS,ASO,CE,Federal Contract Tower,0,7,19,77,103,0,0,9,4,13,0,7,28,81,116,0,64,64,180
05/04/2007,MEI,MS,ASO,CE,Federal Contract Tower,0,4,11,19,34,0,0,8,16,24,0,4,19,35,58,20,44,64,122
05/05/2007,MEI,MS,ASO,CE,Federal Contract Tower,0,4,12,13,29,0,0,6,2,8,0,4,18,15,37,0,14,14,51
05/06/2007,MEI,MS,ASO,CE,Federal Contract Tower,0,4,31,24,59,0,0,8,2,10,0,4,39,26,69,30,16,46,115
05/07/2007,MEI,MS,ASO,CE,Federal Contract Tower,0,4,18,62,84,0,0,6,13,19,0,4,24,75,103,4,174,178,281
05/08/2007,MEI,MS,ASO,CE,Federal Contract Tower,0,4,15,87,106,0,0,16,18,34,0,4,31,105,140,20,64,84,224
05/09/2007,MEI,MS,ASO,CE,Federal Contract Tower,0,6,24,143,173,0,0,7,8,15,0,6,31,151,188,3,209,212,400
05/10/2007,MEI,MS,ASO,CE,Federal Contract Tower,0,6,32,95,133,0,0,29,19,48,0,6,61,114,181,50,234,284,465
05/11/2007,MEI,MS,ASO,CE,Federal Contract Tower,0,6,18,61,85,0,0,11,1,12,0,6,29,62,97,34,98,132,229
05/12/2007,MEI,MS,ASO,CE,Federal Contract Tower,0,2,16,6,24,0,0,15,0,15,0,2,31,6,39,38,0,38,77
05/13/2007,MEI,MS,ASO,CE,Federal Contract Tower,0,4,12,26,42,0,0,19,3,22,0,4,31,29,64,2,44,46,110
05/14/2007,MEI,MS,ASO,CE,Federal Contract Tower,0,5,14,62,81,0,0,13,4,17,0,5,27,66,98,26,54,80,178
05/15/2007,MEI,MS,ASO,CE,Federal Contract Tower,0,4,28,95,127,0,0,12,5,17,0,4,40,100,144,30,210,240,384
05/16/2007,MEI,MS,ASO,CE,Federal Contract Tower,0,4,13,87,104,0,0,3,0,3,0,4,16,87,107,18,10,28,135
05/17/2007,MEI,MS,ASO,CE,Federal Contract Tower,0,7,20,103,130,0,0,32,6,38,0,7,52,109,168,6,182,188,356
05/18/2007,MEI,MS,ASO,CE,Federal Contract Tower,0,4,15,43,62,0,0,25,7,32,0,4,40,50,94,16,168,184,278
05/19/2007,MEI,MS,ASO,CE,Federal Contract Tower,0,4,10,11,25,0,0,25,2,27,0,4,35,13,52,22,56,78,130
05/20/2007,MEI,MS,ASO,CE,Federal Contract Tower,0,5,18,39,62,0,0,39,10,49,0,5,57,49,111,54,2,56,167
05/21/2007,MEI,MS,ASO,CE,Federal Contract Tower,0,4,13,70,87,0,0,46,3,49,0,4,59,73,136,60,122,182,318
05/22/2007,MEI,MS,ASO,CE,Federal Contract Tower,0,4,19,74,97,0,0,22,9,31,0,4,41,83,128,28,88,116,244
05/23/2007,MEI,MS,ASO,CE,Federal Contract Tower,0,4,14,83,101,0,0,18,7,25,0,4,32,90,126,70,254,324,450
05/24/2007,MEI,MS,ASO,CE,Federal Contract Tower,0,4,22,98,124,0,0,9,5,14,0,4,31,103,138,40,73,113,251
05/25/2007,MEI,MS,ASO,CE,Federal Contract Tower,0,6,28,34,68,0,0,22,6,28,0,6,50,40,96,44,92,136,232
05/26/2007,MEI,MS,ASO,CE,Federal Contract Tower,0,4,17,4,25,0,0,14,3,17,0,4,31,7,42,30,6,36,78
05/27/2007,MEI,MS,ASO,CE,Federal Contract Tower,0,1,6,1,8,0,1,4,16,21,0,2,10,17,29,0,10,10,39
05/28/2007,MEI,MS,ASO,CE,Federal Contract Tower,0,4,17,6,27,0,0,30,0,30,0,4,47,6,57,12,0,12,69
05/29/2007,MEI,MS,ASO,CE,Federal Contract Tower,0,4,23,66,93,0,0,20,7,27,0,4,43,73,120,16,202,218,338
05/30/2007,MEI,MS,ASO,CE,Federal Contract Tower,0,4,7,75,86,0,0,2,6,8,0,4,9,81,94,6,282,288,382
05/31/2007,MEI,MS,ASO,CE,Federal Contract Tower,0,4,30,84,118,0,0,14,2,16,0,4,44,86,134,56,88,144,278
06/01/2007,MEI,MS,ASO,CE,Federal Contract Tower,0,5,18,65,88,0,0,19,7,26,0,5,37,72,114,16,82,98,212
06/02/2007,MEI,MS,ASO,CE,Federal Contract Tower,0,3,2,24,29,0,0,13,7,20,0,3,15,31,49,0,40,40,89
06/03/2007,MEI,MS,ASO,CE,Federal Contract Tower,0,4,16,21,41,0,0,10,1,11,0,4,26,22,52,10,44,54,106
06/04/2007,MEI,MS,ASO,CE,Federal Contract Tower,0,4,20,79,103,0,0,52,18,70,0,4,72,97,173,22,230,252,425
06/05/2007,MEI,MS,ASO,CE,Federal Contract Tower,0,4,20,107,131,0,0,1,2,3,0,4,21,109,134,22,162,184,318
06/06/2007,MEI,MS,ASO,CE,Federal Contract Tower,0,7,17,97,121,0,0,42,10,52,0,7,59,107,173,40,256,296,469
06/07/2007,MEI,MS,ASO,CE,Federal Contract Tower,0,9,25,31,65,0,0,3,6,9,0,9,28,37,74,0,47,47,121
06/08/2007,MEI,MS,ASO,CE,Federal Contract Tower,0,11,23,103,137,0,0,5,4,9,0,11,28,107,146,64,287,351,497
06/09/2007,MEI,MS,ASO,CE,Federal Contract Tower,0,3,10,2,15,0,0,25,4,29,0,3,35,6,44,20,0,20,64
06/10/2007,MEI,MS,ASO,CE,Federal Contract Tower,0,3,14,54,71,0,0,14,6,20,0,3,28,60,91,18,52,70,161
06/11/2007,MEI,MS,ASO,CE,Federal Contract Tower,0,4,6,81,91,0,0,20,8,28,0,4,26,89,119,6,166,172,291
06/12/2007,MEI,MS,ASO,CE,Federal Contract Tower,0,4,14,86,104,0,0,13,3,16,0,4,27,89,120,8,72,80,200
06/13/2007,MEI,MS,ASO,CE,Federal Contract Tower,0,4,9,89,102,0,0,20,4,24,0,4,29,93,126,27,118,145,271
06/14/2007,MEI,MS,ASO,CE,Federal Contract Tower,0,4,23,119,146,0,0,11,9,20,0,4,34,128,166,24,84,108,274
06/15/2007,MEI,MS,ASO,CE,Federal Contract Tower,0,4,23,56,83,0,0,11,5,16,0,4,34,61,99,6,60,66,165
06/16/2007,MEI,MS,ASO,CE,Federal Contract Tower,0,8,17,30,55,0,0,11,0,11,0,8,28,30,66,6,40,46,112
06/17/2007,MEI,MS,ASO,CE,Federal Contract Tower,0,5,12,28,45,0,0,30,6,36,0,5,42,34,81,0,36,36,117
06/18/2007,MEI,MS,ASO,CE,Federal Contract Tower,0,4,19,101,124,0,0,21,4,25,0,4,40,105,149,4,254,258,407
06/19/2007,MEI,MS,ASO,CE,Federal Contract Tower,0,8,11,32,51,0,0,0,0,0,0,8,11,32,51,0,10,10,61
06/20/2007,MEI,MS,ASO,CE,Federal Contract Tower,0,6,26,121,153,0,0,14,15,29,0,6,40,136,182,0,186,186,368
06/21/2007,MEI,MS,ASO,CE,Federal Contract Tower,0,8,25,97,130,0,0,22,3,25,0,8,47,100,155,72,172,244,399
06/22/2007,MEI,MS,ASO,CE,Federal Contract Tower,0,4,12,75,91,0,0,29,33,62,0,4,41,108,153,0,110,110,263
06/23/2007,MEI,MS,ASO,CE,Federal Contract Tower,0,6,18,20,44,0,0,32,5,37,0,6,50,25,81,120,44,164,245
06/24/2007,MEI,MS,ASO,CE,Federal Contract Tower,0,4,20,16,40,0,0,10,7,17,0,4,30,23,57,0,18,18,75
06/25/2007,MEI,MS,ASO,CE,Federal Contract Tower,0,5,22,92,119,0,0,14,0,14,0,5,36,92,133,28,188,216,349
06/26/2007,MEI,MS,ASO,CE,Federal Contract Tower,0,4,15,22,41,0,0,4,10,14,0,4,19,32,55,32,106,138,193
06/27/2007,MEI,MS,ASO,CE,Federal Contract Tower,0,4,18,51,73,0,0,3,4,7,0,4,21,55,80,0,72,72,152
06/28/2007,MEI,MS,ASO,CE,Federal Contract Tower,0,4,27,143,174,0,0,28,8,36,0,4,55,151,210,20,202,222,432
06/29/2007,MEI,MS,ASO,CE,Federal Contract Tower,0,4,17,59,80,0,0,36,10,46,0,4,53,69,126,24,256,280,406
06/30/2007,MEI,MS,ASO,CE,Federal Contract Tower,0,4,13,4,21,0,0,27,2,29,0,4,40,6,50,26,0,26,76
07/01/2007,MEI,MS,ASO,CE,Federal Contract Tower,0,8,6,10,24,0,0,8,2,10,0,8,14,12,34,0,40,40,74
07/02/2007,MEI,MS,ASO,CE,Federal Contract Tower,0,4,15,46,65,0,0,10,2,12,0,4,25,48,77,8,102,110,187
07/03/2007,MEI,MS,ASO,CE,Federal Contract Tower,0,8,25,38,71,0,0,2,3,5,0,8,27,41,76,0,86,86,162
07/04/2007,MEI,MS,ASO,CE,Federal Contract Tower,0,5,11,0,16,0,0,2,0,2,0,5,13,0,18,12,0,12,30
07/05/2007,MEI,MS,ASO,CE,Federal Contract Tower,0,3,26,30,59,0,0,5,0,5,0,3,31,30,64,26,14,40,104
07/06/2007,MEI,MS,ASO,CE,Federal Contract Tower,0,2,17,92,111,0,0,22,14,36,0,2,39,106,147,0,208,208,355
07/07/2007,MEI,MS,ASO,CE,Federal Contract Tower,0,4,5,6,15,0,0,5,2,7,0,4,10,8,22,0,0,0,22
07/08/2007,MEI,MS,ASO,CE,Federal Contract Tower,0,2,16,23,41,0,0,15,2,17,0,2,31,25,58,20,2,22,80
07/09/2007,MEI,MS,ASO,CE,Federal Contract Tower,0,4,14,72,90,0,0,14,4,18,0,4,28,76,108,22,148,170,278
07/10/2007,MEI,MS,ASO,CE,Federal Contract Tower,0,3,21,72,96,0,0,9,4,13,0,3,30,76,109,24,102,126,235
07/11/2007,MEI,MS,ASO,CE,Federal Contract Tower,0,5,22,93,120,0,0,5,4,9,0,5,27,97,129,20,126,146,275
07/12/2007,MEI,MS,ASO,CE,Federal Contract Tower,0,4,24,106,134,0,0,52,23,75,0,4,76,129,209,6,312,318,527
07/13/2007,MEI,MS,ASO,CE,Federal Contract Tower,0,4,14,64,82,0,0,15,5,20,0,4,29,69,102,8,94,102,204
07/14/2007,MEI,MS,ASO,CE,Federal Contract Tower,0,6,14,38,58,0,0,13,0,13,0,6,27,38,71,0,16,16,87
07/15/2007,MEI,MS,ASO,CE,Federal Contract Tower,0,6,17,48,71,0,0,14,4,18,0,6,31,52,89,42,60,102,191
07/16/2007,MEI,MS,ASO,CE,Federal Contract Tower,0,8,20,16,44,0,0,5,0,5,0,8,25,16,49,38,60,98,147
07/17/2007,MEI,MS,ASO,CE,Federal Contract Tower,0,8,21,74,103,0,0,6,0,6,0,8,27,74,109,0,86,86,195
07/18/2007,MEI,MS,ASO,CE,Federal Contract Tower,0,6,8,110,124,0,0,22,6,28,0,6,30,116,152,38,102,140,292
07/19/2007,MEI,MS,ASO,CE,Federal Contract Tower,0,7,27,63,97,0,0,7,9,16,0,7,34,72,113,4,94,98,211
07/20/2007,MEI,MS,ASO,CE,Federal Contract Tower,0,4,18,73,95,0,0,11,16,27,0,4,29,89,122,12,50,62,184
07/21/2007,MEI,MS,ASO,CE,Federal Contract Tower,0,6,11,30,47,0,0,14,3,17,0,6,25,33,64,4,36,40,104
07/22/2007,MEI,MS,ASO,CE,Federal Contract Tower,0,6,17,42,65,0,0,30,11,41,0,6,47,53,106,10,46,56,162
07/23/2007,MEI,MS,ASO,CE,Federal Contract Tower,0,5,20,38,63,0,0,36,10,46,0,5,56,48,109,0,96,96,205
07/24/2007,MEI,MS,ASO,CE,Federal Contract Tower,0,4,10,93,107,0,0,25,12,37,0,4,35,105,144,10,92,102,246
07/25/2007,MEI,MS,ASO,CE,Federal Contract Tower,0,4,17,116,137,0,0,9,6,15,0,4,26,122,152,12,79,91,243
07/26/2007,MEI,MS,ASO,CE,Federal Contract Tower,0,4,22,70,96,0,0,11,7,18,0,4,33,77,114,32,104,136,250
07/27/2007,MEI,MS,ASO,CE,Federal Contract Tower,0,6,15,100,121,0,0,31,7,38,0,6,46,107,159,18,218,236,395
07/28/2007,MEI,MS,ASO,CE,Federal Contract Tower,0,4,7,25,36,0,0,21,0,21,0,4,28,25,57,28,12,40,97
07/29/2007,MEI,MS,ASO,CE,Federal Contract Tower,0,4,11,77,92,0,0,11,16,27,0,4,22,93,119,36,74,110,229
07/30/2007,MEI,MS,ASO,CE,Federal Contract Tower,0,6,8,96,110,0,0,5,8,13,0,6,13,104,123,8,164,172,295
07/31/2007,MEI,MS,ASO,CE,Federal Contract Tower,0,8,9,137,154,0,0,15,6,21,0,8,24,143,175,6,239,245,420
08/01/2007,MEI,MS,ASO,CE,Federal Contract Tower,0,6,14,96,116,0,0,21,7,28,0,6,35,103,144,0,180,180,324
08/02/2007,MEI,MS,ASO,CE,Federal Contract Tower,2,4,20,90,116,0,0,33,6,39,2,4,53,96,155,0,102,102,257
08/03/2007,MEI,MS,ASO,CE,Federal Contract Tower,0,4,18,105,127,0,0,22,5,27,0,4,40,110,154,12,264,276,430
08/04/2007,MEI,MS,ASO,CE,Federal Contract Tower,0,4,12,7,23,0,0,31,3,34,0,4,43,10,57,26,4,30,87
08/05/2007,MEI,MS,ASO,CE,Federal Contract Tower,0,4,7,39,50,0,0,16,2,18,0,4,23,41,68,0,28,28,96
08/06/2007,MEI,MS,ASO,CE,Federal Contract Tower,0,1,23,101,125,0,0,14,6,20,0,1,37,107,145,28,159,187,332
08/07/2007,MEI,MS,ASO,CE,Federal Contract Tower,0,3,19,116,138,0,0,20,6,26,0,3,39,122,164,4,178,182,346
08/08/2007,MEI,MS,ASO,CE,Federal Contract Tower,0,4,18,124,146,0,0,38,8,46,0,4,56,132,192,48,224,272,464
08/09/2007,MEI,MS,ASO,CE,Federal Contract Tower,0,4,21,115,140,0,0,19,13,32,0,4,40,128,172,12,140,152,324
08/10/2007,MEI,MS,ASO,CE,Federal Contract Tower,0,6,34,91,131,0,0,25,7,32,0,6,59,98,163,22,186,208,371
08/11/2007,MEI,MS,ASO,CE,Federal Contract Tower,0,4,12,19,35,0,0,32,13,45,0,4,44,32,80,22,6,28,108
08/12/2007,MEI,MS,ASO,CE,Federal Contract Tower,0,8,13,45,66,0,0,7,2,9,0,8,20,47,75,6,52,58,133
08/13/2007,MEI,MS,ASO,CE,Federal Contract Tower,0,5,12,62,79,0,0,20,3,23,0,5,32,65,102,0,72,72,174
08/14/2007,MEI,MS,ASO,CE,Federal Contract Tower,0,8,7,72,87,0,0,13,14,27,0,8,20,86,114,14,224,238,352
08/15/2007,MEI,MS,ASO,CE,Federal Contract Tower,0,3,15,105,123,0,0,37,3,40,0,3,52,108,163,6,140,146,309
08/16/2007,MEI,MS,ASO,CE,Federal Contract Tower,0,3,4,69,76,0,0,37,6,43,0,3,41,75,119,14,114,128,247
08/17/2007,MEI,MS,ASO,CE,Federal Contract Tower,0,3,7,74,84,0,0,31,8,39,0,3,38,82,123,16,110,126,249
08/18/2007,MEI,MS,ASO,CE,Federal Contract Tower,0,3,11,29,43,0,0,34,1,35,0,3,45,30,78,20,12,32,110
08/19/2007,MEI,MS,ASO,CE,Federal Contract Tower,0,4,16,15,35,0,0,15,3,18,0,4,31,18,53,22,60,82,135
08/20/2007,MEI,MS,ASO,CE,Federal Contract Tower,0,3,15,76,94,0,0,14,6,20,0,3,29,82,114,40,130,170,284
08/21/2007,MEI,MS,ASO,CE,Federal Contract Tower,0,3,9,76,88,0,0,22,4,26,0,3,31,80,114,26,114,140,254
08/22/2007,MEI,MS,ASO,CE,Federal Contract Tower,0,5,18,118,141,0,0,23,9,32,0,5,41,127,173,18,214,232,405
08/23/2007,MEI,MS,ASO,CE,Federal Contract Tower,0,4,13,105,122,0,0,15,5,20,0,4,28,110,142,8,192,200,342
08/24/2007,MEI,MS,ASO,CE,Federal Contract Tower,0,5,17,130,152,0,0,25,8,33,0,5,42,138,185,46,166,212,397
08/25/2007,MEI,MS,ASO,CE,Federal Contract Tower,0,3,5,11,19,0,0,38,8,46,0,3,43,19,65,38,138,176,241
08/26/2007,MEI,MS,ASO,CE,Federal Contract Tower,0,3,4,36,43,0,0,17,8,25,0,3,21,44,68,12,60,72,140
08/27/2007,MEI,MS,ASO,CE,Federal Contract Tower,0,4,11,23,38,0,0,9,1,10,0,4,20,24,48,20,24,44,92
08/28/2007,MEI,MS,ASO,CE,Federal Contract Tower,0,5,24,47,76,0,0,4,11,15,0,5,28,58,91,38,60,98,189
08/29/2007,MEI,MS,ASO,CE,Federal Contract Tower,0,6,19,119,144,0,0,23,2,25,0,6,42,121,169,12,202,214,383
08/30/2007,MEI,MS,ASO,CE,Federal Contract Tower,0,4,26,51,81,0,0,0,16,16,0,4,26,67,97,2,62,64,161
08/31/2007,MEI,MS,ASO,CE,Federal Contract Tower,0,4,22,57,83,0,0,15,12,27,0,4,37,69,110,0,48,48,158
09/01/2007,MEI,MS,ASO,CE,Federal Contract Tower,0,3,8,1,12,0,0,26,3,29,0,3,34,4,41,30,0,30,71
09/02/2007,MEI,MS,ASO,CE,Federal Contract Tower,0,3,11,0,14,0,0,8,1,9,0,3,19,1,23,0,0,0,23
09/03/2007,MEI,MS,ASO,CE,Federal Contract Tower,0,7,19,2,28,0,0,11,2,13,0,7,30,4,41,0,0,0,41
09/04/2007,MEI,MS,ASO,CE,Federal Contract Tower,0,4,15,89,108,0,0,14,11,25,0,4,29,100,133,18,98,116,249
09/05/2007,MEI,MS,ASO,CE,Federal Contract Tower,0,4,10,71,85,0,0,19,9,28,0,4,29,80,113,34,94,128,241
09/06/2007,MEI,MS,ASO,CE,Federal Contract Tower,0,4,19,95,118,0,0,22,8,30,0,4,41,103,148,10,112,122,270
09/07/2007,MEI,MS,ASO,CE,Federal Contract Tower,0,4,25,73,102,0,0,23,5,28,0,4,48,78,130,20,70,90,220
09/08/2007,MEI,MS,ASO,CE,Federal Contract Tower,0,4,8,3,15,0,3,15,0,18,0,7,23,3,33,10,16,26,59
09/09/2007,MEI,MS,ASO,CE,Federal Contract Tower,0,5,18,9,32,0,0,18,2,20,0,5,36,11,52,60,12,72,124
09/10/2007,MEI,MS,ASO,CE,Federal Contract Tower,0,4,17,109,130,0,0,6,6,12,0,4,23,115,142,0,156,156,298
09/11/2007,MEI,MS,ASO,CE,Federal Contract Tower,0,4,25,78,107,0,0,8,4,12,0,4,33,82,119,4,64,68,187
09/12/2007,MEI,MS,ASO,CE,Federal Contract Tower,0,6,18,109,133,0,0,6,1,7,0,6,24,110,140,0,95,95,235
09/13/2007,MEI,MS,ASO,CE,Federal Contract Tower,0,4,16,39,59,0,0,12,6,18,0,4,28,45,77,0,90,90,167
09/14/2007,MEI,MS,ASO,CE,Federal Contract Tower,0,4,17,57,78,0,0,2,7,9,0,4,19,64,87,18,40,58,145
09/15/2007,MEI,MS,ASO,CE,Federal Contract Tower,0,4,28,9,41,0,0,11,12,23,0,4,39,21,64,42,0,42,106
09/16/2007,MEI,MS,ASO,CE,Federal Contract Tower,0,4,13,25,42,0,0,20,1,21,0,4,33,26,63,16,22,38,101
09/17/2007,MEI,MS,ASO,CE,Federal Contract Tower,0,4,14,75,93,0,0,4,0,4,0,4,18,75,97,24,112,136,233
09/18/2007,MEI,MS,ASO,CE,Federal Contract Tower,0,4,14,75,93,0,0,22,29,51,0,4,36,104,144,0,48,48,192
09/19/2007,MEI,MS,ASO,CE,Federal Contract Tower,0,4,39,69,112,0,0,8,7,15,0,4,47,76,127,8,116,124,251
09/20/2007,MEI,MS,ASO,CE,Federal Contract Tower,0,8,22,94,124,0,0,12,5,17,0,8,34,99,141,12,124,136,277
09/21/2007,MEI,MS,ASO,CE,Federal Contract Tower,0,4,7,50,61,0,0,24,6,30,0,4,31,56,91,16,148,164,255
09/22/2007,MEI,MS,ASO,CE,Federal Contract Tower,0,4,14,13,31,0,0,17,0,17,0,4,31,13,48,0,0,0,48
09/23/2007,MEI,MS,ASO,CE,Federal Contract Tower,0,4,14,26,44,0,0,2,33,35,0,4,16,59,79,16,6,22,101
09/24/2007,MEI,MS,ASO,CE,Federal Contract Tower,0,4,21,22,47,0,0,3,7,10,0,4,24,29,57,0,42,42,99
09/25/2007,MEI,MS,ASO,CE,Federal Contract Tower,0,8,8,70,86,0,0,6,15,21,0,8,14,85,107,60,82,142,249
09/26/2007,MEI,MS,ASO,CE,Federal Contract Tower,0,5,19,100,124,0,0,19,8,27,0,5,38,108,151,58,180,238,389
09/27/2007,MEI,MS,ASO,CE,Federal Contract Tower,0,9,16,68,93,0,0,26,6,32,0,9,42,74,125,12,104,116,241
09/28/2007,MEI,MS,ASO,CE,Federal Contract Tower,0,4,16,30,50,0,0,22,12,34,0,4,38,42,84,6,82,88,172
09/29/2007,MEI,MS,ASO,CE,Federal Contract Tower,0,4,9,6,19,0,0,27,3,30,0,4,36,9,49,8,0,8,57
09/30/2007,MEI,MS,ASO,CE,Federal Contract Tower,0,3,15,22,40,0,0,25,1,26,0,3,40,23,66,0,0,0,66
10/01/2007,MEI,MS,ASO,CE,Federal Contract Tower,0,4,11,61,76,0,0,31,1,32,0,4,42,62,108,24,40,64,172
10/02/2007,MEI,MS,ASO,CE,Federal Contract Tower,0,4,23,64,91,0,0,11,4,15,0,4,34,68,106,34,86,120,226
10/03/2007,MEI,MS,ASO,CE,Federal Contract Tower,0,4,28,104,136,0,0,16,2,18,0,4,44,106,154,8,238,246,400
10/04/2007,MEI,MS,ASO,CE,Federal Contract Tower,0,5,33,85,123,0,0,37,2,39,0,5,70,87,162,20,100,120,282
10/05/2007,MEI,MS,ASO,CE,Federal Contract Tower,0,4,19,78,101,0,0,23,13,36,0,4,42,91,137,48,66,114,251
10/06/2007,MEI,MS,ASO,CE,Federal Contract Tower,0,2,13,4,19,0,0,52,0,52,0,2,65,4,71,52,0,52,123
10/07/2007,MEI,MS,ASO,CE,Federal Contract Tower,0,4,11,7,22,0,0,17,0,17,0,4,28,7,39,22,0,22,61
10/08/2007,MEI,MS,ASO,CE,Federal Contract Tower,0,4,8,7,19,0,0,20,0,20,0,4,28,7,39,26,0,26,65
10/09/2007,MEI,MS,ASO,CE,Federal Contract Tower,0,4,16,62,82,0,0,5,1,6,0,4,21,63,88,0,0,0,88
10/10/2007,MEI,MS,ASO,CE,Federal Contract Tower,0,4,21,140,165,0,0,36,5,41,0,4,57,145,206,32,148,180,386
10/11/2007,MEI,MS,ASO,CE,Federal Contract Tower,0,4,26,174,204,0,0,24,12,36,0,4,50,186,240,4,148,152,392
10/12/2007,MEI,MS,ASO,CE,Federal Contract Tower,0,4,10,59,73,0,0,38,3,41,0,4,48,62,114,47,108,155,269
10/13/2007,MEI,MS,ASO,CE,Federal Contract Tower,0,2,11,2,15,0,0,22,6,28,0,2,33,8,43,8,6,14,57
10/14/2007,MEI,MS,ASO,CE,Federal Contract Tower,0,4,17,8,29,0,0,32,1,33,0,4,49,9,62,0,0,0,62
10/15/2007,MEI,MS,ASO,CE,Federal Contract Tower,2,3,11,19,35,0,1,20,38,59,2,4,31,57,94,12,84,96,190
10/16/2007,MEI,MS,ASO,CE,Federal Contract Tower,0,4,20,82,106,0,0,5,7,12,0,4,25,89,118,0,126,126,244
10/17/2007,MEI,MS,ASO,CE,Federal Contract Tower,0,4,26,36,66,0,0,5,1,6,0,4,31,37,72,6,56,62,134
10/18/2007,MEI,MS,ASO,CE,Federal Contract Tower,0,5,30,103,138,0,0,14,0,14,0,5,44,103,152,0,66,66,218
10/19/2007,MEI,MS,ASO,CE,Federal Contract Tower,0,4,20,153,177,0,0,50,14,64,0,4,70,167,241,48,202,250,491
10/20/2007,MEI,MS,ASO,CE,Federal Contract Tower,0,3,12,77,92,0,0,43,6,49,0,3,55,83,141,36,104,140,281
10/21/2007,MEI,MS,ASO,CE,Federal Contract Tower,0,4,15,85,104,0,0,20,4,24,0,4,35,89,128,0,88,88,216
10/22/2007,MEI,MS,ASO,CE,Federal Contract Tower,0,6,17,41,64,0,0,0,0,0,0,6,17,41,64,0,0,0,64
10/23/2007,MEI,MS,ASO,CE,Federal Contract Tower,0,6,14,87,107,0,0,0,0,0,0,6,14,87,107,0,10,10,117
10/24/2007,MEI,MS,ASO,CE,Federal Contract Tower,0,6,27,109,142,0,0,1,0,1,0,6,28,109,143,0,20,20,163
10/25/2007,MEI,MS,ASO,CE,Federal Contract Tower,0,4,14,49,67,0,0,3,0,3,0,4,17,49,70,0,50,50,120
10/26/2007,MEI,MS,ASO,CE,Federal Contract Tower,0,4,27,64,95,0,0,12,12,24,0,4,39,76,119,4,54,58,177
10/27/2007,MEI,MS,ASO,CE,Federal Contract Tower,0,2,9,41,52,0,0,48,2,50,0,2,57,43,102,12,96,108,210
10/28/2007,MEI,MS,ASO,CE,Federal Contract Tower,0,4,18,70,92,0,0,18,6,24,0,4,36,76,116,6,22,28,144
10/29/2007,MEI,MS,ASO,CE,Federal Contract Tower,0,5,27,97,129,0,0,5,8,13,0,5,32,105,142,0,156,156,298
10/30/2007,MEI,MS,ASO,CE,Federal Contract Tower,0,4,16,88,108,0,0,16,15,31,0,4,32,103,139,20,184,204,343
10/31/2007,MEI,MS,ASO,CE,Federal Contract Tower,0,4,21,83,108,0,0,19,14,33,0,4,40,97,141,8,146,154,295
11/01/2007,MEI,MS,ASO,CE,Federal Contract Tower,0,5,21,76,102,0,0,19,3,22,0,5,40,79,124,20,144,164,288
11/02/2007,MEI,MS,ASO,CE,Federal Contract Tower,0,4,25,74,103,0,0,37,10,47,0,4,62,84,150,12,284,296,446
11/03/2007,MEI,MS,ASO,CE,Federal Contract Tower,0,2,25,73,100,0,0,42,13,55,0,2,67,86,155,24,118,142,297
11/04/2007,MEI,MS,ASO,CE,Federal Contract Tower,0,4,19,65,88,0,0,34,18,52,0,4,53,83,140,26,146,172,312
11/05/2007,MEI,MS,ASO,CE,Federal Contract Tower,0,4,15,39,58,0,0,19,11,30,0,4,34,50,88,20,157,177,265
11/06/2007,MEI,MS,ASO,CE,Federal Contract Tower,0,5,17,83,105,0,0,8,2,10,0,5,25,85,115,0,192,192,307
11/07/2007,MEI,MS,ASO,CE,Federal Contract Tower,0,3,18,95,116,0,0,46,7,53,0,3,64,102,169,12,202,214,383
11/08/2007,MEI,MS,ASO,CE,Federal Contract Tower,0,7,20,83,110,0,0,30,7,37,0,7,50,90,147,41,152,193,340
11/09/2007,MEI,MS,ASO,CE,Federal Contract Tower,0,5,31,83,119,0,0,38,4,42,0,5,69,87,161,2,172,174,335
11/10/2007,MEI,MS,ASO,CE,Federal Contract Tower,0,2,16,4,22,0,0,23,1,24,0,2,39,5,46,20,0,20,66
11/11/2007,MEI,MS,ASO,CE,Federal Contract Tower,0,6,23,18,47,0,0,17,3,20,0,6,40,21,67,0,38,38,105
11/12/2007,MEI,MS,ASO,CE,Federal Contract Tower,0,4,19,1,24,0,0,16,1,17,0,4,35,2,41,38,0,38,79
11/13/2007,MEI,MS,ASO,CE,Federal Contract Tower,0,4,31,53,88,0,0,14,7,21,0,4,45,60,109,18,96,114,223
11/14/2007,MEI,MS,ASO,CE,Federal Contract Tower,0,6,10,103,119,0,0,9,7,16,0,6,19,110,135,52,162,214,349
11/15/2007,MEI,MS,ASO,CE,Federal Contract Tower,0,4,26,108,138,0,0,19,12,31,0,4,45,120,169,18,168,186,355
11/16/2007,MEI,MS,ASO,CE,Federal Contract Tower,0,5,37,108,150,0,0,29,17,46,0,5,66,125,196,12,158,170,366
11/17/2007,MEI,MS,ASO,CE,Federal Contract Tower,0,2,32,8,42,0,0,35,5,40,0,2,67,13,82,14,0,14,96
11/18/2007,MEI,MS,ASO,CE,Federal Contract Tower,0,6,13,14,33,0,0,0,2,2,0,6,13,16,35,0,32,32,67
11/19/2007,MEI,MS,ASO,CE,Federal Contract Tower,0,2,18,58,78,0,0,15,4,19,0,2,33,62,97,26,94,120,217
11/20/2007,MEI,MS,ASO,CE,Federal Contract Tower,0,7,23,43,73,0,0,12,5,17,0,7,35,48,90,8,32,40,130
11/21/2007,MEI,MS,ASO,CE,Federal Contract Tower,0,4,26,27,57,0,0,0,0,0,0,4,26,27,57,0,22,22,79
11/22/2007,MEI,MS,ASO,CE,Federal Contract Tower,0,4,1,1,6,0,0,3,0,3,0,4,4,1,9,0,0,0,9
11/23/2007,MEI,MS,ASO,CE,Federal Contract Tower,0,2,6,2,10,0,0,20,0,20,0,2,26,2,30,14,0,14,44
11/24/2007,MEI,MS,ASO,CE,Federal Contract Tower,0,3,9,0,12,0,0,12,0,12,0,3,21,0,24,0,0,0,24
11/25/2007,MEI,MS,ASO,CE,Federal Contract Tower,0,4,13,1,18,0,0,0,0,0,0,4,13,1,18,0,0,0,18
11/26/2007,MEI,MS,ASO,CE,Federal Contract Tower,0,4,15,73,92,0,0,3,2,5,0,4,18,75,97,2,4,6,103
11/27/2007,MEI,MS,ASO,CE,Federal Contract Tower,0,4,17,106,127,0,0,9,6,15,0,4,26,112,142,10,118,128,270
11/28/2007,MEI,MS,ASO,CE,Federal Contract Tower,0,4,14,87,105,0,0,25,6,31,0,4,39,93,136,16,212,228,364
11/29/2007,MEI,MS,ASO,CE,Federal Contract Tower,0,4,12,89,105,0,0,32,2,34,0,4,44,91,139,16,186,202,341
11/30/2007,MEI,MS,ASO,CE,Federal Contract Tower,0,2,19,62,83,0,0,24,2,26,0,2,43,64,109,52,90,142,251
12/01/2007,MEI,MS,ASO,CE,Federal Contract Tower,0,2,11,29,42,0,0,56,2,58,0,2,67,31,100,34,42,76,176
12/02/2007,MEI,MS,ASO,CE,Federal Contract Tower,0,4,16,33,53,0,2,7,1,10,0,6,23,34,63,14,6,20,83
12/03/2007,MEI,MS,ASO,CE,Federal Contract Tower,0,5,14,67,86,0,0,8,6,14,0,5,22,73,100,0,47,47,147
12/04/2007,MEI,MS,ASO,CE,Federal Contract Tower,0,6,18,83,107,0,0,10,10,20,0,6,28,93,127,6,74,80,207
12/05/2007,MEI,MS,ASO,CE,Federal Contract Tower,0,5,10,105,120,0,0,18,0,18,0,5,28,105,138,10,134,144,282
12/06/2007,MEI,MS,ASO,CE,Federal Contract Tower,0,4,12,89,105,0,0,39,10,49,0,4,51,99,154,12,170,182,336
12/07/2007,MEI,MS,ASO,CE,Federal Contract Tower,0,4,22,75,101,0,0,14,2,16,0,4,36,77,117,12,196,208,325
12/08/2007,MEI,MS,ASO,CE,Federal Contract Tower,0,2,3,19,24,0,0,2,0,2,0,2,5,19,26,8,0,8,34
12/09/2007,MEI,MS,ASO,CE,Federal Contract Tower,0,4,7,21,32,0,0,15,3,18,0,4,22,24,50,76,0,76,126
12/10/2007,MEI,MS,ASO,CE,Federal Contract Tower,0,4,17,58,79,0,0,9,0,9,0,4,26,58,88,32,90,122,210
12/11/2007,MEI,MS,ASO,CE,Federal Contract Tower,0,4,23,81,108,0,0,5,4,9,0,4,28,85,117,2,70,72,189
12/12/2007,MEI,MS,ASO,CE,Federal Contract Tower,0,6,22,159,187,0,0,8,3,11,0,6,30,162,198,18,86,104,302
12/13/2007,MEI,MS,ASO,CE,Federal Contract Tower,0,6,27,115,148,0,0,13,0,13,0,6,40,115,161,0,188,188,349
12/14/2007,MEI,MS,ASO,CE,Federal Contract Tower,0,3,18,75,96,0,0,7,3,10,0,3,25,78,106,14,110,124,230
12/15/2007,MEI,MS,ASO,CE,Federal Contract Tower,0,2,6,45,53,0,0,0,0,0,0,2,6,45,53,0,4,4,57
12/16/2007,MEI,MS,ASO,CE,Federal Contract Tower,0,6,8,45,59,0,0,7,2,9,0,6,15,47,68,10,0,10,78
12/17/2007,MEI,MS,ASO,CE,Federal Contract Tower,0,4,31,107,142,0,0,11,6,17,0,4,42,113,159,0,108,108,267
12/18/2007,MEI,MS,ASO,CE,Federal Contract Tower,0,2,30,92,124,0,0,8,5,13,0,2,38,97,137,0,77,77,214
12/19/2007,MEI,MS,ASO,CE,Federal Contract Tower,0,3,26,95,124,0,0,12,4,16,0,3,38,99,140,56,92,148,288
12/20/2007,MEI,MS,ASO,CE,Federal Contract Tower,0,2,30,2,34,0,0,0,0,0,0,2,30,2,34,0,0,0,34
12/21/2007,MEI,MS,ASO,CE,Federal Contract Tower,0,4,23,14,41,0,0,2,11,13,0,4,25,25,54,0,0,0,54
12/22/2007,MEI,MS,ASO,CE,Federal Contract Tower,0,1,21,1,23,0,0,2,0,2,0,1,23,1,25,0,0,0,25
12/23/2007,MEI,MS,ASO,CE,Federal Contract Tower,0,4,10,0,14,0,0,10,0,10,0,4,20,0,24,0,0,0,24
12/24/2007,MEI,MS,ASO,CE,Federal Contract Tower,0,2,9,2,13,0,0,11,0,11,0,2,20,2,24,10,0,10,34
12/25/2007,MEI,MS,ASO,CE,Federal Contract Tower,0,1,12,0,13,0,0,4,0,4,0,1,16,0,17,10,0,10,27
12/26/2007,MEI,MS,ASO,CE,Federal Contract Tower,0,4,20,2,26,0,0,4,0,4,0,4,24,2,30,0,0,0,30
12/27/2007,MEI,MS,ASO,CE,Federal Contract Tower,0,4,26,6,36,0,0,5,0,5,0,4,31,6,41,0,0,0,41
12/28/2007,MEI,MS,ASO,CE,Federal Contract Tower,0,6,12,0,18,0,0,1,0,1,0,6,13,0,19,0,0,0,19
12/29/2007,MEI,MS,ASO,CE,Federal Contract Tower,0,2,29,0,31,0,0,23,0,23,0,2,52,0,54,14,0,14,68
12/30/2007,MEI,MS,ASO,CE,Federal Contract Tower,0,4,7,0,11,0,0,2,0,2,0,4,9,0,13,22,0,22,35
12/31/2007,MEI,MS,ASO,CE,Federal Contract Tower,0,4,22,0,26,0,2,25,0,27,0,6,47,0,53,52,0,52,105
01/01/2008,MEI,MS,ASO,CE,Federal Contract Tower,0,2,6,0,8,0,0,10,0,10,0,2,16,0,18,0,0,0,18
01/02/2008,MEI,MS,ASO,CE,Federal Contract Tower,0,4,17,5,26,0,0,16,3,19,0,4,33,8,45,10,0,10,55
01/03/2008,MEI,MS,ASO,CE,Federal Contract Tower,0,4,13,63,80,0,0,14,4,18,0,4,27,67,98,0,130,130,228
01/04/2008,MEI,MS,ASO,CE,Federal Contract Tower,0,4,31,83,118,0,0,15,10,25,0,4,46,93,143,18,246,264,407
01/05/2008,MEI,MS,ASO,CE,Federal Contract Tower,0,4,18,10,32,0,0,15,1,16,0,4,33,11,48,14,0,14,62
01/06/2008,MEI,MS,ASO,CE,Federal Contract Tower,0,2,30,48,80,0,0,28,16,44,0,2,58,64,124,88,58,146,270
01/07/2008,MEI,MS,ASO,CE,Federal Contract Tower,0,7,6,65,78,0,0,4,0,4,0,7,10,65,82,10,42,52,134
01/08/2008,MEI,MS,ASO,CE,Federal Contract Tower,0,4,25,77,106,0,0,1,1,2,0,4,26,78,108,6,90,96,204
01/09/2008,MEI,MS,ASO,CE,Federal Contract Tower,0,4,10,113,127,0,0,16,8,24,0,4,26,121,151,38,154,192,343
01/10/2008,MEI,MS,ASO,CE,Federal Contract Tower,0,4,8,12,24,0,0,2,0,2,0,4,10,12,26,0,0,0,26
01/11/2008,MEI,MS,ASO,CE,Federal Contract Tower,0,3,9,101,113,0,0,19,13,32,0,3,28,114,145,20,184,204,349
01/12/2008,MEI,MS,ASO,CE,Federal Contract Tower,0,2,19,73,94,0,0,19,4,23,0,2,38,77,117,30,52,82,199
01/13/2008,MEI,MS,ASO,CE,Federal Contract Tower,0,3,8,101,112,0,0,13,20,33,0,3,21,121,145,4,82,86,231
01/14/2008,MEI,MS,ASO,CE,Federal Contract Tower,0,4,15,115,134,0,0,8,50,58,0,4,23,165,192,20,88,108,300
01/15/2008,MEI,MS,ASO,CE,Federal Contract Tower,0,4,20,127,151,0,0,26,13,39,0,4,46,140,190,0,196,196,386
01/16/2008,MEI,MS,ASO,CE,Federal Contract Tower,0,4,20,27,51,0,0,2,0,2,0,4,22,27,53,0,0,0,53
01/17/2008,MEI,MS,ASO,CE,Federal Contract Tower,0,3,11,72,86,0,0,0,0,0,0,3,11,72,86,0,0,0,86
01/18/2008,MEI,MS,ASO,CE,Federal Contract Tower,0,4,11,90,105,0,0,15,7,22,0,4,26,97,127,16,128,144,271
01/19/2008,MEI,MS,ASO,CE,Federal Contract Tower,0,0,8,0,8,0,0,6,0,6,0,0,14,0,14,0,0,0,14
01/20/2008,MEI,MS,ASO,CE,Federal Contract Tower,0,2,14,27,43,0,0,22,7,29,0,2,36,34,72,8,16,24,96
01/21/2008,MEI,MS,ASO,CE,Federal Contract Tower,0,6,8,38,52,0,0,21,0,21,0,6,29,38,73,10,8,18,91
01/22/2008,MEI,MS,ASO,CE,Federal Contract Tower,0,3,10,27,40,0,0,0,0,0,0,3,10,27,40,0,0,0,40
01/23/2008,MEI,MS,ASO,CE,Federal Contract Tower,0,4,26,97,127,0,0,3,0,3,0,4,29,97,130,0,6,6,136
01/24/2008,MEI,MS,ASO,CE,Federal Contract Tower,0,6,30,152,188,0,0,27,9,36,0,6,57,161,224,18,170,188,412
01/25/2008,MEI,MS,ASO,CE,Federal Contract Tower,0,4,17,28,49,0,0,8,6,14,0,4,25,34,63,0,48,48,111
01/26/2008,MEI,MS,ASO,CE,Federal Contract Tower,0,2,11,0,13,0,0,0,0,0,0,2,11,0,13,0,0,0,13
01/27/2008,MEI,MS,ASO,CE,Federal Contract Tower,0,2,17,15,34,0,0,22,1,23,0,2,39,16,57,30,2,32,89
01/28/2008,MEI,MS,ASO,CE,Federal Contract Tower,0,4,23,57,84,0,0,35,4,39,0,4,58,61,123,48,118,166,289
01/29/2008,MEI,MS,ASO,CE,Federal Contract Tower,0,4,7,26,37,0,0,7,3,10,0,4,14,29,47,0,0,0,47
01/30/2008,MEI,MS,ASO,CE,Federal Contract Tower,0,5,29,63,97,0,0,34,15,49,0,5,63,78,146,12,206,218,364
01/31/2008,MEI,MS,ASO,CE,Federal Contract Tower,0,4,15,16,35,0,0,12,0,12,0,4,27,16,47,0,40,40,87
02/01/2008,MEI,MS,ASO,CE,Federal Contract Tower,0,4,21,83,108,0,0,20,8,28,0,4,41,91,136,0,118,118,254
02/02/2008,MEI,MS,ASO,CE,Federal Contract Tower,0,2,13,27,42,0,0,91,3,94,0,2,104,30,136,2,0,2,138
02/03/2008,MEI,MS,ASO,CE,Federal Contract Tower,0,2,10,23,35,0,0,40,0,40,0,2,50,23,75,14,26,40,115
02/04/2008,MEI,MS,ASO,CE,Federal Contract Tower,0,4,14,106,124,0,0,115,8,123,0,4,129,114,247,18,54,72,319
02/05/2008,MEI,MS,ASO,CE,Federal Contract Tower,0,4,27,52,83,0,0,63,6,69,0,4,90,58,152,8,126,134,286
02/06/2008,MEI,MS,ASO,CE,Federal Contract Tower,0,4,16,84,104,0,0,16,8,24,0,4,32,92,128,12,150,162,290
02/07/2008,MEI,MS,ASO,CE,Federal Contract Tower,0,4,23,77,104,0,0,45,8,53,0,4,68,85,157,32,162,194,351
02/08/2008,MEI,MS,ASO,CE,Federal Contract Tower,0,4,19,66,89,0,0,37,12,49,0,4,56,78,138,8,150,158,296
02/09/2008,MEI,MS,ASO,CE,Federal Contract Tower,0,2,20,46,68,0,0,18,7,25,0,2,38,53,93,4,34,38,131
02/10/2008,MEI,MS,ASO,CE,Federal Contract Tower,0,2,20,69,91,0,0,22,11,33,0,2,42,80,124,12,10,22,146
02/11/2008,MEI,MS,ASO,CE,Federal Contract Tower,0,4,19,71,94,0,0,24,3,27,0,4,43,74,121,22,122,144,265
02/12/2008,MEI,MS,ASO,CE,Federal Contract Tower,0,7,12,27,46,0,0,3,0,3,0,7,15,27,49,0,74,74,123
02/13/2008,MEI,MS,ASO,CE,Federal Contract Tower,0,4,28,62,94,0,0,5,4,9,0,4,33,66,103,0,26,26,129
02/14/2008,MEI,MS,ASO,CE,Federal Contract Tower,0,4,14,80,98,0,0,30,15,45,0,4,44,95,143,6,204,210,353
02/15/2008,MEI,MS,ASO,CE,Federal Contract Tower,0,4,14,53,71,0,0,8,9,17,0,4,22,62,88,0,57,57,145
02/16/2008,MEI,MS,ASO,CE,Federal Contract Tower,0,2,2,14,18,0,0,15,0,15,0,2,17,14,33,40,0,40,73
02/17/2008,MEI,MS,ASO,CE,Federal Contract Tower,0,3,3,10,16,0,0,8,0,8,0,3,11,10,24,6,10,16,40
02/18/2008,MEI,MS,ASO,CE,Federal Contract Tower,0,5,30,3,38,0,0,40,14,54,0,5,70,17,92,66,22,88,180
02/19/2008,MEI,MS,ASO,CE,Federal Contract Tower,0,3,22,121,146,0,2,13,8,23,0,5,35,129,169,42,164,206,375
02/20/2008,MEI,MS,ASO,CE,Federal Contract Tower,0,4,33,101,138,0,0,21,8,29,0,4,54,109,167,26,214,240,407
02/21/2008,MEI,MS,ASO,CE,Federal Contract Tower,0,3,12,17,32,0,0,20,0,20,0,3,32,17,52,0,80,80,132
02/22/2008,MEI,MS,ASO,CE,Federal Contract Tower,0,2,21,21,44,0,0,2,2,4,0,2,23,23,48,10,0,10,58
02/23/2008,MEI,MS,ASO,CE,Federal Contract Tower,0,2,13,20,35,0,0,10,0,10,0,2,23,20,45,29,0,29,74
02/24/2008,MEI,MS,ASO,CE,Federal Contract Tower,0,4,25,13,42,0,0,14,0,14,0,4,39,13,56,26,0,26,82
02/25/2008,MEI,MS,ASO,CE,Federal Contract Tower,0,5,17,122,144,0,0,21,17,38,0,5,38,139,182,0,202,202,384
02/26/2008,MEI,MS,ASO,CE,Federal Contract Tower,0,4,21,28,53,0,0,20,10,30,0,4,41,38,83,2,158,160,243
02/27/2008,MEI,MS,ASO,CE,Federal Contract Tower,0,4,22,79,105,0,0,29,51,80,0,4,51,130,185,14,146,160,345
02/28/2008,MEI,MS,ASO,CE,Federal Contract Tower,0,4,23,89,116,0,0,28,10,38,0,4,51,99,154,6,160,166,320
02/29/2008,MEI,MS,ASO,CE,Federal Contract Tower,0,4,29,94,127,0,0,17,8,25,0,4,46,102,152,48,154,202,354
03/01/2008,MEI,MS,ASO,CE,Federal Contract Tower,0,2,18,22,42,0,0,19,8,27,0,2,37,30,69,36,18,54,123
03/02/2008,MEI,MS,ASO,CE,Federal Contract Tower,0,4,12,18,34,0,0,24,4,28,0,4,36,22,62,34,0,34,96
03/03/2008,MEI,MS,ASO,CE,Federal Contract Tower,0,4,14,16,34,0,0,5,3,8,0,4,19,19,42,4,26,30,72
03/04/2008,MEI,MS,ASO,CE,Federal Contract Tower,0,4,13,84,101,0,0,0,6,6,0,4,13,90,107,0,62,62,169
03/05/2008,MEI,MS,ASO,CE,Federal Contract Tower,0,5,17,162,184,0,0,48,10,58,0,5,65,172,242,10,148,158,400
03/06/2008,MEI,MS,ASO,CE,Federal Contract Tower,0,4,35,135,174,0,0,25,11,36,0,4,60,146,210,12,92,104,314
03/07/2008,MEI,MS,ASO,CE,Federal Contract Tower,0,4,15,31,50,0,0,0,0,0,0,4,15,31,50,0,0,0,50
03/08/2008,MEI,MS,ASO,CE,Federal Contract Tower,0,4,19,5,28,0,0,12,10,22,0,4,31,15,50,6,0,6,56
03/09/2008,MEI,MS,ASO,CE,Federal Contract Tower,0,4,18,19,41,0,0,43,0,43,0,4,61,19,84,12,6,18,102
03/10/2008,MEI,MS,ASO,CE,Federal Contract Tower,0,4,22,92,118,0,0,21,8,29,0,4,43,100,147,10,76,86,233
03/11/2008,MEI,MS,ASO,CE,Federal Contract Tower,0,4,23,95,122,0,0,13,3,16,0,4,36,98,138,12,22,34,172
03/12/2008,MEI,MS,ASO,CE,Federal Contract Tower,0,5,25,88,118,0,0,26,3,29,0,5,51,91,147,10,194,204,351
03/13/2008,MEI,MS,ASO,CE,Federal Contract Tower,0,7,10,67,84,0,0,21,9,30,0,7,31,76,114,2,12,14,128
03/14/2008,MEI,MS,ASO,CE,Federal Contract Tower,0,4,30,66,100,0,0,10,0,10,0,4,40,66,110,26,90,116,226
03/15/2008,MEI,MS,ASO,CE,Federal Contract Tower,0,2,11,22,35,0,0,19,5,24,0,2,30,27,59,72,0,72,131
03/16/2008,MEI,MS,ASO,CE,Federal Contract Tower,0,4,19,31,54,0,0,23,11,34,0,4,42,42,88,4,22,26,114
03/17/2008,MEI,MS,ASO,CE,Federal Contract Tower,0,6,9,57,72,0,0,36,2,38,0,6,45,59,110,4,164,168,278
03/18/2008,MEI,MS,ASO,CE,Federal Contract Tower,0,6,22,53,81,0,0,12,2,14,0,6,34,55,95,12,100,112,207
03/19/2008,MEI,MS,ASO,CE,Federal Contract Tower,0,4,17,61,82,0,0,0,2,2,0,4,17,63,84,0,44,44,128
03/20/2008,MEI,MS,ASO,CE,Federal Contract Tower,0,4,27,113,144,0,0,34,6,40,0,4,61,119,184,22,158,180,364
03/21/2008,MEI,MS,ASO,CE,Federal Contract Tower,0,4,22,45,71,0,0,26,4,30,0,4,48,49,101,0,52,52,153
03/22/2008,MEI,MS,ASO,CE,Federal Contract Tower,0,2,24,2,28,0,0,11,0,11,0,2,35,2,39,0,0,0,39
03/23/2008,MEI,MS,ASO,CE,Federal Contract Tower,0,4,14,0,18,0,0,10,0,10,0,4,24,0,28,0,0,0,28
03/24/2008,MEI,MS,ASO,CE,Federal Contract Tower,0,4,24,88,116,0,0,13,1,14,0,4,37,89,130,4,104,108,238
03/25/2008,MEI,MS,ASO,CE,Federal Contract Tower,0,4,14,108,126,0,0,37,17,54,0,4,51,125,180,20,164,184,364
03/26/2008,MEI,MS,ASO,CE,Federal Contract Tower,1,4,18,120,143,0,0,27,23,50,1,4,45,143,193,18,162,180,373
03/27/2008,MEI,MS,ASO,CE,Federal Contract Tower,0,4,10,218,232,0,0,19,8,27,0,4,29,226,259,10,58,68,327
03/28/2008,MEI,MS,ASO,CE,Federal Contract Tower,0,4,23,80,107,0,0,6,7,13,0,4,29,87,120,10,10,20,140
03/29/2008,MEI,MS,ASO,CE,Federal Contract Tower,0,2,19,24,45,0,0,1,0,1,0,2,20,24,46,0,4,4,50
03/30/2008,MEI,MS,ASO,CE,Federal Contract Tower,1,2,19,22,44,0,0,12,7,19,1,2,31,29,63,36,0,36,99
03/31/2008,MEI,MS,ASO,CE,Federal Contract Tower,1,4,24,165,194,0,0,12,6,18,1,4,36,171,212,8,78,86,298
04/01/2008,MEI,MS,ASO,CE,Federal Contract Tower,0,4,10,69,83,0,0,33,0,33,0,4,43,69,116,28,130,158,274
04/02/2008,MEI,MS,ASO,CE,Federal Contract Tower,0,4,33,141,178,0,0,16,8,24,0,4,49,149,202,46,70,116,318
04/03/2008,MEI,MS,ASO,CE,Federal Contract Tower,0,5,28,119,152,0,0,14,1,15,0,5,42,120,167,70,162,232,399
04/04/2008,MEI,MS,ASO,CE,Federal Contract Tower,0,2,16,19,37,0,0,0,0,0,0,2,16,19,37,0,16,16,53
04/05/2008,MEI,MS,ASO,CE,Federal Contract Tower,0,2,7,9,18,0,0,3,0,3,0,2,10,9,21,0,0,0,21
04/06/2008,MEI,MS,ASO,CE,Federal Contract Tower,0,4,13,70,87,0,0,16,3,19,0,4,29,73,106,40,0,40,146
04/07/2008,MEI,MS,ASO,CE,Federal Contract Tower,0,5,16,101,122,0,0,40,6,46,0,5,56,107,168,51,118,169,337
04/08/2008,MEI,MS,ASO,CE,Federal Contract Tower,0,4,47,132,183,0,0,14,11,25,0,4,61,143,208,6,190,196,404
04/09/2008,MEI,MS,ASO,CE,Federal Contract Tower,0,4,19,126,149,0,0,30,8,38,0,4,49,134,187,52,162,214,401
04/10/2008,MEI,MS,ASO,CE,Federal Contract Tower,0,4,18,75,97,0,0,4,5,9,0,4,22,80,106,0,30,30,136
04/11/2008,MEI,MS,ASO,CE,Federal Contract Tower,0,4,14,15,33,0,0,10,4,14,0,4,24,19,47,0,16,16,63
04/12/2008,MEI,MS,ASO,CE,Federal Contract Tower,0,6,9,11,26,0,0,11,11,22,0,6,20,22,48,0,34,34,82
04/13/2008,MEI,MS,ASO,CE,Federal Contract Tower,0,4,15,19,38,0,0,36,8,44,0,4,51,27,82,0,8,8,90
04/14/2008,MEI,MS,ASO,CE,Federal Contract Tower,0,4,24,138,166,0,0,23,11,34,0,4,47,149,200,14,154,168,368
04/15/2008,MEI,MS,ASO,CE,Federal Contract Tower,0,4,19,134,157,0,0,29,11,40,0,4,48,145,197,38,200,238,435
04/16/2008,MEI,MS,ASO,CE,Federal Contract Tower,0,4,29,143,176,0,0,18,8,26,0,4,47,151,202,28,180,208,410
04/17/2008,MEI,MS,ASO,CE,Federal Contract Tower,0,5,29,124,158,0,0,26,11,37,0,5,55,135,195,24,263,287,482
04/18/2008,MEI,MS,ASO,CE,Federal Contract Tower,0,6,12,55,73,0,0,8,5,13,0,6,20,60,86,0,75,75,161
04/19/2008,MEI,MS,ASO,CE,Federal Contract Tower,0,2,7,6,15,0,0,19,2,21,0,2,26,8,36,30,14,44,80
04/20/2008,MEI,MS,ASO,CE,Federal Contract Tower,0,3,19,43,65,0,0,17,1,18,0,3,36,44,83,10,12,22,105
04/21/2008,MEI,MS,ASO,CE,Federal Contract Tower,0,4,14,103,121,0,0,35,8,43,0,4,49,111,164,48,94,142,306
04/22/2008,MEI,MS,ASO,CE,Federal Contract Tower,0,4,34,112,150,0,2,17,15,34,0,6,51,127,184,12,148,160,344
04/23/2008,MEI,MS,ASO,CE,Federal Contract Tower,0,4,26,102,132,0,0,27,13,40,0,4,53,115,172,22,160,182,354
04/24/2008,MEI,MS,ASO,CE,Federal Contract Tower,0,4,21,57,82,0,0,8,6,14,0,4,29,63,96,32,22,54,150
04/25/2008,MEI,MS,ASO,CE,Federal Contract Tower,0,4,17,47,68,0,0,20,1,21,0,4,37,48,89,50,32,82,171
04/26/2008,MEI,MS,ASO,CE,Federal Contract Tower,0,2,1,0,3,0,0,11,3,14,0,2,12,3,17,55,0,55,72
04/27/2008,MEI,MS,ASO,CE,Federal Contract Tower,0,2,31,12,45,0,0,15,4,19,0,2,46,16,64,18,8,26,90
04/28/2008,MEI,MS,ASO,CE,Federal Contract Tower,0,4,12,75,91,0,0,31,6,37,0,4,43,81,128,42,122,164,292
04/29/2008,MEI,MS,ASO,CE,Federal Contract Tower,0,4,15,114,133,0,0,22,11,33,0,4,37,125,166,8,156,164,330
04/30/2008,MEI,MS,ASO,CE,Federal Contract Tower,0,4,17,10,31,0,0,40,111,151,0,4,57,121,182,22,226,248,430
05/01/2008,MEI,MS,ASO,CE,Federal Contract Tower,0,4,19,74,97,0,0,17,8,25,0,4,36,82,122,28,60,88,210
05/02/2008,MEI,MS,ASO,CE,Federal Contract Tower,0,4,11,17,32,0,0,3,9,12,0,4,14,26,44,0,14,14,58
05/03/2008,MEI,MS,ASO,CE,Federal Contract Tower,0,2,8,1,11,0,0,14,2,16,0,2,22,3,27,14,0,14,41
05/04/2008,MEI,MS,ASO,CE,Federal Contract Tower,0,4,18,12,34,0,0,10,0,10,0,4,28,12,44,8,8,16,60
05/05/2008,MEI,MS,ASO,CE,Federal Contract Tower,0,4,16,43,63,0,0,42,0,42,0,4,58,43,105,20,84,104,209
05/06/2008,MEI,MS,ASO,CE,Federal Contract Tower,0,4,18,50,72,0,0,29,4,33,0,4,47,54,105,52,34,86,191
05/07/2008,MEI,MS,ASO,CE,Federal Contract Tower,0,8,11,70,89,0,0,16,5,21,0,8,27,75,110,16,68,84,194
05/08/2008,MEI,MS,ASO,CE,Federal Contract Tower,0,4,14,11,29,0,0,6,0,6,0,4,20,11,35,0,24,24,59
05/09/2008,MEI,MS,ASO,CE,Federal Contract Tower,0,4,29,60,93,0,0,19,8,27,0,4,48,68,120,24,176,200,320
05/10/2008,MEI,MS,ASO,CE,Federal Contract Tower,0,2,21,16,39,0,0,1,7,8,0,2,22,23,47,2,32,34,81
05/11/2008,MEI,MS,ASO,CE,Federal Contract Tower,0,4,14,28,46,0,0,10,3,13,0,4,24,31,59,2,26,28,87
05/12/2008,MEI,MS,ASO,CE,Federal Contract Tower,0,4,14,59,77,0,0,38,7,45,0,4,52,66,122,24,144,168,290
05/13/2008,MEI,MS,ASO,CE,Federal Contract Tower,0,4,21,60,85,0,0,30,20,50,0,4,51,80,135,32,198,230,365
05/14/2008,MEI,MS,ASO,CE,Federal Contract Tower,0,4,6,48,58,0,0,26,15,41,0,4,32,63,99,42,248,290,389
05/15/2008,MEI,MS,ASO,CE,Federal Contract Tower,0,4,14,8,26,0,0,1,1,2,0,4,15,9,28,0,0,0,28
05/16/2008,MEI,MS,ASO,CE,Federal Contract Tower,0,4,27,41,72,0,0,12,10,22,0,4,39,51,94,8,60,68,162
05/17/2008,MEI,MS,ASO,CE,Federal Contract Tower,0,4,17,24,45,0,0,16,6,22,0,4,33,30,67,32,26,58,125
05/18/2008,MEI,MS,ASO,CE,Federal Contract Tower,0,4,12,53,69,0,0,19,3,22,0,4,31,56,91,0,24,24,115
05/19/2008,MEI,MS,ASO,CE,Federal Contract Tower,0,5,14,38,57,0,0,21,2,23,0,5,35,40,80,42,0,42,122
05/20/2008,MEI,MS,ASO,CE,Federal Contract Tower,0,4,19,56,79,0,0,21,1,22,0,4,40,57,101,24,42,66,167
05/21/2008,MEI,MS,ASO,CE,Federal Contract Tower,0,4,13,74,91,0,0,17,5,22,0,4,30,79,113,0,158,158,271
05/22/2008,MEI,MS,ASO,CE,Federal Contract Tower,0,4,15,73,92,0,0,8,7,15,0,4,23,80,107,24,76,100,207
05/23/2008,MEI,MS,ASO,CE,Federal Contract Tower,0,4,33,25,62,0,0,3,5,8,0,4,36,30,70,10,24,34,104
05/24/2008,MEI,MS,ASO,CE,Federal Contract Tower,0,2,4,17,23,0,0,10,0,10,0,2,14,17,33,70,2,72,105
05/25/2008,MEI,MS,ASO,CE,Federal Contract Tower,0,2,6,7,15,0,0,6,0,6,0,2,12,7,21,10,0,10,31
05/26/2008,MEI,MS,ASO,CE,Federal Contract Tower,0,4,15,18,37,0,0,10,2,12,0,4,25,20,49,0,0,0,49
05/27/2008,MEI,MS,ASO,CE,Federal Contract Tower,0,4,20,108,132,0,0,10,20,30,0,4,30,128,162,0,106,106,268
05/28/2008,MEI,MS,ASO,CE,Federal Contract Tower,0,6,11,41,58,0,0,4,6,10,0,6,15,47,68,2,90,92,160
05/29/2008,MEI,MS,ASO,CE,Federal Contract Tower,0,4,17,52,73,0,0,9,0,9,0,4,26,52,82,0,78,78,160
05/30/2008,MEI,MS,ASO,CE,Federal Contract Tower,0,4,24,33,61,0,0,18,14,32,0,4,42,47,93,0,58,58,151
05/31/2008,MEI,MS,ASO,CE,Federal Contract Tower,0,2,9,8,19,0,0,21,1,22,0,2,30,9,41,14,8,22,63
06/01/2008,MEI,MS,ASO,CE,Federal Contract Tower,0,4,26,12,42,0,0,17,2,19,0,4,43,14,61,0,0,0,61
06/02/2008,MEI,MS,ASO,CE,Federal Contract Tower,0,5,14,35,54,0,0,12,2,14,0,5,26,37,68,22,52,74,142
06/03/2008,MEI,MS,ASO,CE,Federal Contract Tower,0,3,15,62,80,0,1,19,8,28,0,4,34,70,108,14,154,168,276
06/04/2008,MEI,MS,ASO,CE,Federal Contract Tower,0,4,30,80,114,0,0,10,8,18,0,4,40,88,132,4,56,60,192
06/05/2008,MEI,MS,ASO,CE,Federal Contract Tower,0,4,23,71,98,0,0,11,8,19,0,4,34,79,117,4,48,52,169
06/06/2008,MEI,MS,ASO,CE,Federal Contract Tower,0,4,20,51,75,0,0,23,9,32,0,4,43,60,107,22,224,246,353
06/07/2008,MEI,MS,ASO,CE,Federal Contract Tower,0,2,19,7,28,0,0,34,0,34,0,2,53,7,62,50,0,50,112
06/08/2008,MEI,MS,ASO,CE,Federal Contract Tower,0,4,21,14,39,0,0,15,5,20,0,4,36,19,59,14,18,32,91
06/09/2008,MEI,MS,ASO,CE,Federal Contract Tower,0,4,8,33,45,0,0,8,1,9,0,4,16,34,54,58,66,124,178
06/10/2008,MEI,MS,ASO,CE,Federal Contract Tower,0,4,14,86,104,0,0,12,5,17,0,4,26,91,121,8,192,200,321
06/11/2008,MEI,MS,ASO,CE,Federal Contract Tower,0,4,22,73,99,0,0,14,3,17,0,4,36,76,116,0,102,102,218
06/12/2008,MEI,MS,ASO,CE,Federal Contract Tower,0,4,22,63,89,0,0,9,2,11,0,4,31,65,100,16,69,85,185
06/13/2008,MEI,MS,ASO,CE,Federal Contract Tower,0,5,14,75,94,0,0,24,5,29,0,5,38,80,123,16,56,72,195
06/14/2008,MEI,MS,ASO,CE,Federal Contract Tower,0,2,13,19,34,0,0,16,0,16,0,2,29,19,50,30,13,43,93
06/15/2008,MEI,MS,ASO,CE,Federal Contract Tower,0,4,12,15,31,0,0,11,1,12,0,4,23,16,43,14,0,14,57
06/16/2008,MEI,MS,ASO,CE,Federal Contract Tower,0,4,15,83,102,0,0,10,3,13,0,4,25,86,115,2,20,22,137
06/17/2008,MEI,MS,ASO,CE,Federal Contract Tower,0,4,13,71,88,0,0,4,2,6,0,4,17,73,94,0,78,78,172
06/18/2008,MEI,MS,ASO,CE,Federal Contract Tower,0,4,15,119,138,0,0,17,7,24,0,4,32,126,162,30,102,132,294
06/19/2008,MEI,MS,ASO,CE,Federal Contract Tower,0,4,29,87,120,0,0,17,8,25,0,4,46,95,145,22,62,84,229
06/20/2008,MEI,MS,ASO,CE,Federal Contract Tower,0,4,9,62,75,0,0,6,5,11,0,4,15,67,86,0,12,12,98
06/21/2008,MEI,MS,ASO,CE,Federal Contract Tower,0,2,15,34,51,0,0,15,0,15,0,2,30,34,66,16,2,18,84
06/22/2008,MEI,MS,ASO,CE,Federal Contract Tower,0,4,21,39,64,0,0,11,2,13,0,4,32,41,77,24,2,26,103
06/23/2008,MEI,MS,ASO,CE,Federal Contract Tower,0,4,15,79,98,0,0,17,3,20,0,4,32,82,118,10,140,150,268
06/24/2008,MEI,MS,ASO,CE,Federal Contract Tower,0,4,23,105,132,0,0,11,6,17,0,4,34,111,149,6,134,140,289
06/25/2008,MEI,MS,ASO,CE,Federal Contract Tower,0,4,19,93,116,0,0,8,2,10,0,4,27,95,126,16,144,160,286
06/26/2008,MEI,MS,ASO,CE,Federal Contract Tower,0,4,19,110,133,0,0,7,4,11,0,4,26,114,144,12,112,124,268
06/27/2008,MEI,MS,ASO,CE,Federal Contract Tower,0,4,19,57,80,0,0,11,4,15,0,4,30,61,95,0,52,52,147
06/28/2008,MEI,MS,ASO,CE,Federal Contract Tower,0,2,11,40,53,0,0,6,0,6,0,2,17,40,59,0,0,0,59
06/29/2008,MEI,MS,ASO,CE,Federal Contract Tower,0,4,13,69,86,0,0,6,0,6,0,4,19,69,92,0,10,10,102
06/30/2008,MEI,MS,ASO,CE,Federal Contract Tower,0,4,17,82,103,0,0,18,7,25,0,4,35,89,128,28,104,132,260
07/01/2008,MEI,MS,ASO,CE,Federal Contract Tower,0,4,25,76,105,0,0,14,7,21,0,4,39,83,126,12,140,152,278
07/02/2008,MEI,MS,ASO,CE,Federal Contract Tower,0,6,24,86,116,0,0,18,9,27,0,6,42,95,143,30,122,152,295
07/03/2008,MEI,MS,ASO,CE,Federal Contract Tower,0,4,11,84,99,0,0,14,4,18,0,4,25,88,117,18,88,106,223
07/04/2008,MEI,MS,ASO,CE,Federal Contract Tower,0,2,10,1,13,0,0,2,6,8,0,2,12,7,21,14,0,14,35
07/05/2008,MEI,MS,ASO,CE,Federal Contract Tower,0,2,3,1,6,0,0,16,18,34,0,2,19,19,40,8,0,8,48
07/06/2008,MEI,MS,ASO,CE,Federal Contract Tower,0,4,7,14,25,0,0,19,0,19,0,4,26,14,44,26,0,26,70
07/07/2008,MEI,MS,ASO,CE,Federal Contract Tower,0,4,119,26,149,0,0,39,4,43,0,4,158,30,192,14,50,64,256
07/08/2008,MEI,MS,ASO,CE,Federal Contract Tower,0,4,17,50,71,0,0,17,5,22,0,4,34,55,93,18,164,182,275
07/09/2008,MEI,MS,ASO,CE,Federal Contract Tower,0,8,17,96,121,0,0,15,8,23,0,8,32,104,144,16,78,94,238
07/10/2008,MEI,MS,ASO,CE,Federal Contract Tower,0,4,16,40,60,0,0,10,29,39,0,4,26,69,99,22,62,84,183
07/11/2008,MEI,MS,ASO,CE,Federal Contract Tower,0,4,12,58,74,0,0,11,7,18,0,4,23,65,92,20,102,122,214
07/12/2008,MEI,MS,ASO,CE,Federal Contract Tower,0,4,7,66,77,0,0,3,4,7,0,4,10,70,84,10,20,30,114
07/13/2008,MEI,MS,ASO,CE,Federal Contract Tower,0,1,8,92,101,0,0,8,5,13,0,1,16,97,114,24,94,118,232
07/14/2008,MEI,MS,ASO,CE,Federal Contract Tower,0,3,20,49,72,0,0,16,5,21,0,3,36,54,93,68,50,118,211
07/15/2008,MEI,MS,ASO,CE,Federal Contract Tower,0,4,21,85,110,0,0,20,5,25,0,4,41,90,135,61,102,163,298
07/16/2008,MEI,MS,ASO,CE,Federal Contract Tower,0,4,20,66,90,0,0,14,9,23,0,4,34,75,113,8,92,100,213
07/17/2008,MEI,MS,ASO,CE,Federal Contract Tower,0,4,29,128,161,0,0,16,14,30,0,4,45,142,191,0,300,300,491
07/18/2008,MEI,MS,ASO,CE,Federal Contract Tower,0,4,15,54,73,0,0,18,14,32,0,4,33,68,105,20,62,82,187
07/19/2008,MEI,MS,ASO,CE,Federal Contract Tower,0,4,10,19,33,0,0,17,27,44,0,4,27,46,77,17,27,44,121
07/20/2008,MEI,MS,ASO,CE,Federal Contract Tower,0,4,22,42,68,0,0,17,10,27,0,4,39,52,95,10,34,44,139
07/21/2008,MEI,MS,ASO,CE,Federal Contract Tower,0,4,20,54,78,0,0,18,4,22,0,4,38,58,100,20,62,82,182
07/22/2008,MEI,MS,ASO,CE,Federal Contract Tower,0,4,19,41,64,0,0,13,9,22,0,4,32,50,86,2,70,72,158
07/23/2008,MEI,MS,ASO,CE,Federal Contract Tower,0,4,20,56,80,0,0,0,0,0,0,4,20,56,80,0,48,48,128
07/24/2008,MEI,MS,ASO,CE,Federal Contract Tower,0,5,16,49,70,0,0,3,9,12,0,5,19,58,82,6,64,70,152
07/25/2008,MEI,MS,ASO,CE,Federal Contract Tower,0,4,22,62,88,0,0,3,3,6,0,4,25,65,94,14,86,100,194
07/26/2008,MEI,MS,ASO,CE,Federal Contract Tower,0,4,8,2,14,0,0,13,0,13,0,4,21,2,27,16,0,16,43
07/27/2008,MEI,MS,ASO,CE,Federal Contract Tower,0,4,13,3,20,0,0,12,0,12,0,4,25,3,32,12,2,14,46
07/28/2008,MEI,MS,ASO,CE,Federal Contract Tower,0,4,14,87,105,0,0,15,6,21,0,4,29,93,126,20,80,100,226
07/29/2008,MEI,MS,ASO,CE,Federal Contract Tower,0,3,34,70,107,0,0,6,18,24,0,3,40,88,131,0,190,190,321
07/30/2008,MEI,MS,ASO,CE,Federal Contract Tower,0,4,25,78,107,0,0,16,2,18,0,4,41,80,125,8,84,92,217
07/31/2008,MEI,MS,ASO,CE,Federal Contract Tower,0,3,11,37,51,0,0,13,15,28,0,3,24,52,79,0,38,38,117
08/01/2008,MEI,MS,ASO,CE,Federal Contract Tower,0,4,44,104,152,0,0,34,45,79,0,4,78,149,231,26,42,68,299
08/02/2008,MEI,MS,ASO,CE,Federal Contract Tower,0,4,19,2,25,0,0,11,1,12,0,4,30,3,37,8,0,8,45
08/03/2008,MEI,MS,ASO,CE,Federal Contract Tower,0,2,23,70,95,0,0,12,4,16,0,2,35,74,111,14,68,82,193
08/04/2008,MEI,MS,ASO,CE,Federal Contract Tower,0,4,18,74,96,0,0,10,1,11,0,4,28,75,107,12,70,82,189
08/05/2008,MEI,MS,ASO,CE,Federal Contract Tower,0,4,8,108,120,0,0,13,7,20,0,4,21,115,140,22,130,152,292
08/06/2008,MEI,MS,ASO,CE,Federal Contract Tower,0,4,33,110,147,0,0,12,8,20,0,4,45,118,167,54,124,178,345
08/07/2008,MEI,MS,ASO,CE,Federal Contract Tower,0,4,19,28,51,0,0,20,0,20,0,4,39,28,71,10,14,24,95
08/08/2008,MEI,MS,ASO,CE,Federal Contract Tower,0,4,20,107,131,0,0,17,2,19,0,4,37,109,150,20,44,64,214
08/09/2008,MEI,MS,ASO,CE,Federal Contract Tower,0,4,7,8,19,0,0,18,3,21,0,4,25,11,40,8,14,22,62
08/10/2008,MEI,MS,ASO,CE,Federal Contract Tower,0,4,22,26,52,0,0,10,6,16,0,4,32,32,68,0,4,4,72
08/11/2008,MEI,MS,ASO,CE,Federal Contract Tower,0,4,7,87,98,0,0,1,0,1,0,4,8,87,99,0,0,0,99
08/12/2008,MEI,MS,ASO,CE,Federal Contract Tower,0,4,10,0,14,0,0,0,0,0,0,4,10,0,14,0,0,0,14
08/13/2008,MEI,MS,ASO,CE,Federal Contract Tower,0,4,24,100,128,0,0,12,4,16,0,4,36,104,144,16,104,120,264
08/14/2008,MEI,MS,ASO,CE,Federal Contract Tower,0,4,16,66,86,0,0,12,10,22,0,4,28,76,108,2,64,66,174
08/15/2008,MEI,MS,ASO,CE,Federal Contract Tower,0,4,16,49,69,0,0,6,6,12,0,4,22,55,81,0,84,84,165
08/16/2008,MEI,MS,ASO,CE,Federal Contract Tower,0,4,11,6,21,0,0,4,4,8,0,4,15,10,29,24,0,24,53
08/17/2008,MEI,MS,ASO,CE,Federal Contract Tower,0,4,10,32,46,0,0,7,7,14,0,4,17,39,60,18,18,36,96
08/18/2008,MEI,MS,ASO,CE,Federal Contract Tower,0,4,7,70,81,0,0,7,6,13,0,4,14,76,94,0,52,52,146
08/19/2008,MEI,MS,ASO,CE,Federal Contract Tower,0,4,16,138,158,0,0,0,0,0,0,4,16,138,158,0,52,52,210
08/20/2008,MEI,MS,ASO,CE,Federal Contract Tower,0,4,8,77,89,0,0,0,0,0,0,4,8,77,89,23,114,137,226
08/21/2008,MEI,MS,ASO,CE,Federal Contract Tower,0,4,13,70,87,0,0,13,0,13,0,4,26,70,100,38,71,109,209
08/22/2008,MEI,MS,ASO,CE,Federal Contract Tower,0,4,9,58,71,0,0,0,0,0,0,4,9,58,71,66,62,128,199
08/23/2008,MEI,MS,ASO,CE,Federal Contract Tower,0,4,1,7,12,0,0,2,2,4,0,4,3,9,16,0,0,0,16
08/24/2008,MEI,MS,ASO,CE,Federal Contract Tower,0,2,4,6,12,0,0,2,0,2,0,2,6,6,14,0,0,0,14
08/25/2008,MEI,MS,ASO,CE,Federal Contract Tower,0,4,8,0,12,0,0,2,0,2,0,4,10,0,14,0,0,0,14
08/26/2008,MEI,MS,ASO,CE,Federal Contract Tower,0,4,20,64,88,0,0,2,4,6,0,4,22,68,94,0,36,36,130
08/27/2008,MEI,MS,ASO,CE,Federal Contract Tower,0,4,10,82,96,0,0,9,11,20,0,4,19,93,116,0,42,42,158
08/28/2008,MEI,MS,ASO,CE,Federal Contract Tower,0,4,11,78,93,0,0,13,9,22,0,4,24,87,115,80,144,224,339
08/29/2008,MEI,MS,ASO,CE,Federal Contract Tower,0,4,19,56,79,0,0,20,5,25,0,4,39,61,104,30,98,128,232
08/30/2008,MEI,MS,ASO,CE,Federal Contract Tower,0,5,5,1,11,0,0,13,0,13,0,5,18,1,24,34,0,34,58
08/31/2008,MEI,MS,ASO,CE,Federal Contract Tower,0,3,10,7,20,0,0,25,38,63,0,3,35,45,83,52,0,52,135
09/01/2008,MEI,MS,ASO,CE,Federal Contract Tower,0,5,5,3,13,0,0,1,4,5,0,5,6,7,18,26,26,52,70
09/02/2008,MEI,MS,ASO,CE,Federal Contract Tower,0,3,6,24,33,0,0,5,22,27,0,3,11,46,60,0,10,10,70
09/03/2008,MEI,MS,ASO,CE,Federal Contract Tower,0,3,4,50,57,0,0,2,10,12,0,3,6,60,69,0,26,26,95
09/04/2008,MEI,MS,ASO,CE,Federal Contract Tower,0,4,12,58,74,0,0,2,8,10,0,4,14,66,84,12,62,74,158
09/05/2008,MEI,MS,ASO,CE,Federal Contract Tower,0,4,18,63,85,0,0,7,12,19,0,4,25,75,104,0,80,80,184
09/06/2008,MEI,MS,ASO,CE,Federal Contract Tower,0,2,26,26,54,0,0,8,3,11,0,2,34,29,65,8,0,8,73
09/07/2008,MEI,MS,ASO,CE,Federal Contract Tower,0,4,25,59,88,0,0,14,3,17,0,4,39,62,105,66,2,68,173
09/08/2008,MEI,MS,ASO,CE,Federal Contract Tower,0,4,26,72,102,0,0,0,0,0,0,4,26,72,102,0,8,8,110
09/09/2008,MEI,MS,ASO,CE,Federal Contract Tower,0,4,19,108,131,0,0,3,9,12,0,4,22,117,143,10,110,120,263
09/10/2008,MEI,MS,ASO,CE,Federal Contract Tower,0,4,23,120,147,0,0,8,7,15,0,4,31,127,162,15,113,128,290
09/11/2008,MEI,MS,ASO,CE,Federal Contract Tower,0,3,10,85,98,0,0,14,11,25,0,3,24,96,123,20,134,154,277
09/12/2008,MEI,MS,ASO,CE,Federal Contract Tower,0,4,11,51,66,0,0,8,12,20,0,4,19,63,86,24,84,108,194
09/13/2008,MEI,MS,ASO,CE,Federal Contract Tower,0,2,5,19,26,0,0,4,2,6,0,2,9,21,32,0,0,0,32
09/14/2008,MEI,MS,ASO,CE,Federal Contract Tower,0,3,14,20,37,0,0,7,3,10,0,3,21,23,47,0,0,0,47
09/15/2008,MEI,MS,ASO,CE,Federal Contract Tower,0,3,18,98,119,0,0,2,3,5,0,3,20,101,124,0,78,78,202
09/16/2008,MEI,MS,ASO,CE,Federal Contract Tower,0,4,15,103,122,0,0,22,6,28,0,4,37,109,150,0,98,98,248
09/17/2008,MEI,MS,ASO,CE,Federal Contract Tower,0,4,37,97,138,0,0,16,4,20,0,4,53,101,158,5,92,97,255
09/18/2008,MEI,MS,ASO,CE,Federal Contract Tower,0,3,24,127,154,0,0,8,0,8,0,3,32,127,162,26,127,153,315
09/19/2008,MEI,MS,ASO,CE,Federal Contract Tower,0,4,24,52,80,0,0,15,20,35,0,4,39,72,115,12,22,34,149
09/20/2008,MEI,MS,ASO,CE,Federal Contract Tower,0,2,9,0,11,0,2,9,0,11,0,4,18,0,22,0,0,0,22
09/21/2008,MEI,MS,ASO,CE,Federal Contract Tower,0,4,39,72,115,0,0,15,20,35,0,4,54,92,150,12,22,34,184
09/22/2008,MEI,MS,ASO,CE,Federal Contract Tower,0,3,13,64,80,0,0,11,3,14,0,3,24,67,94,0,4,4,98
09/23/2008,MEI,MS,ASO,CE,Federal Contract Tower,0,3,30,86,119,0,0,13,9,22,0,3,43,95,141,10,140,150,291
09/24/2008,MEI,MS,ASO,CE,Federal Contract Tower,0,3,16,102,121,0,0,15,9,24,0,3,31,111,145,16,102,118,263
09/25/2008,MEI,MS,ASO,CE,Federal Contract Tower,0,4,17,94,115,0,0,13,15,28,0,4,30,109,143,14,72,86,229
09/26/2008,MEI,MS,ASO,CE,Federal Contract Tower,0,5,18,48,71,0,0,22,23,45,0,5,40,71,116,10,86,96,212
09/27/2008,MEI,MS,ASO,CE,Federal Contract Tower,0,2,8,36,46,0,0,5,1,6,0,2,13,37,52,20,138,158,210
09/28/2008,MEI,MS,ASO,CE,Federal Contract Tower,0,3,40,20,63,0,0,30,0,30,0,3,70,20,93,30,40,70,163
09/29/2008,MEI,MS,ASO,CE,Federal Contract Tower,0,3,26,65,94,0,0,12,92,104,0,3,38,157,198,12,92,104,302
09/30/2008,MEI,MS,ASO,CE,Federal Contract Tower,0,3,33,86,122,0,0,10,10,20,0,3,43,96,142,14,206,220,362
10/01/2008,MEI,MS,ASO,CE,Federal Contract Tower,0,3,21,97,121,0,0,5,12,17,0,3,26,109,138,0,134,134,272
10/02/2008,MEI,MS,ASO,CE,Federal Contract Tower,0,3,18,50,71,0,0,12,25,37,0,3,30,75,108,10,110,120,228
10/03/2008,MEI,MS,ASO,CE,Federal Contract Tower,0,3,16,95,114,0,0,22,16,38,0,3,38,111,152,10,144,154,306
10/04/2008,MEI,MS,ASO,CE,Federal Contract Tower,0,1,12,13,26,0,0,17,4,21,0,1,29,17,47,6,36,42,89
10/05/2008,MEI,MS,ASO,CE,Federal Contract Tower,0,3,23,34,60,0,0,20,10,30,0,3,43,44,90,0,51,51,141
10/06/2008,MEI,MS,ASO,CE,Federal Contract Tower,0,3,20,62,85,0,0,12,2,14,0,3,32,64,99,66,124,190,289
10/07/2008,MEI,MS,ASO,CE,Federal Contract Tower,0,3,14,4,21,0,0,2,2,4,0,3,16,6,25,0,0,0,25
10/08/2008,MEI,MS,ASO,CE,Federal Contract Tower,0,4,19,180,203,0,0,2,25,27,0,4,21,205,230,7,110,117,347
10/09/2008,MEI,MS,ASO,CE,Federal Contract Tower,0,6,26,112,144,0,0,10,10,20,0,6,36,122,164,6,56,62,226
10/10/2008,MEI,MS,ASO,CE,Federal Contract Tower,0,5,22,81,108,0,0,16,0,16,0,5,38,81,124,32,116,148,272
10/11/2008,MEI,MS,ASO,CE,Federal Contract Tower,0,3,14,2,19,0,0,11,0,11,0,3,25,2,30,6,0,6,36
10/12/2008,MEI,MS,ASO,CE,Federal Contract Tower,0,3,25,13,41,0,0,2,0,2,0,3,27,13,43,0,0,0,43
10/13/2008,MEI,MS,ASO,CE,Federal Contract Tower,0,3,17,16,36,0,0,38,1,39,0,3,55,17,75,34,0,34,109
10/14/2008,MEI,MS,ASO,CE,Federal Contract Tower,0,2,25,91,118,0,0,7,5,12,0,2,32,96,130,12,146,158,288
10/15/2008,MEI,MS,ASO,CE,Federal Contract Tower,0,3,17,93,113,0,0,19,15,34,0,3,36,108,147,0,80,80,227
10/16/2008,MEI,MS,ASO,CE,Federal Contract Tower,0,3,15,68,86,0,0,7,3,10,0,3,22,71,96,22,60,82,178
10/17/2008,MEI,MS,ASO,CE,Federal Contract Tower,0,3,19,51,73,0,0,4,5,9,0,3,23,56,82,4,2,6,88
10/18/2008,MEI,MS,ASO,CE,Federal Contract Tower,0,2,26,28,56,0,2,10,4,16,0,4,36,32,72,4,18,22,94
10/19/2008,MEI,MS,ASO,CE,Federal Contract Tower,0,4,4,61,69,0,0,18,2,20,0,4,22,63,89,2,10,12,101
10/20/2008,MEI,MS,ASO,CE,Federal Contract Tower,0,4,36,70,110,0,0,29,6,35,0,4,65,76,145,22,84,106,251
10/21/2008,MEI,MS,ASO,CE,Federal Contract Tower,0,3,18,113,134,0,0,16,5,21,0,3,34,118,155,2,172,174,329
10/22/2008,MEI,MS,ASO,CE,Federal Contract Tower,0,4,12,91,107,0,0,14,16,30,0,4,26,107,137,6,94,100,237
10/23/2008,MEI,MS,ASO,CE,Federal Contract Tower,0,4,23,71,98,0,0,9,0,9,0,4,32,71,107,40,28,68,175
10/24/2008,MEI,MS,ASO,CE,Federal Contract Tower,0,2,23,75,100,0,0,7,1,8,0,2,30,76,108,0,30,30,138
10/25/2008,MEI,MS,ASO,CE,Federal Contract Tower,0,2,9,8,19,0,0,26,3,29,0,2,35,11,48,0,22,22,70
10/26/2008,MEI,MS,ASO,CE,Federal Contract Tower,0,3,19,33,55,0,0,11,4,15,0,3,30,37,70,0,0,0,70
10/27/2008,MEI,MS,ASO,CE,Federal Contract Tower,0,3,31,103,137,0,0,16,6,22,0,3,47,109,159,8,20,28,187
10/28/2008,MEI,MS,ASO,CE,Federal Contract Tower,0,3,10,77,90,0,0,9,56,65,0,3,19,133,155,0,110,110,265
10/29/2008,MEI,MS,ASO,CE,Federal Contract Tower,0,3,18,150,171,0,0,25,5,30,0,3,43,155,201,0,42,42,243
10/30/2008,MEI,MS,ASO,CE,Federal Contract Tower,0,4,10,107,121,0,0,14,9,23,0,4,24,116,144,6,108,114,258
10/31/2008,MEI,MS,ASO,CE,Federal Contract Tower,0,3,4,85,92,0,0,21,8,29,0,3,25,93,121,0,116,116,237
11/01/2008,MEI,MS,ASO,CE,Federal Contract Tower,0,2,37,31,70,0,1,20,5,26,0,3,57,36,96,0,36,36,132
11/02/2008,MEI,MS,ASO,CE,Federal Contract Tower,0,3,13,4,20,0,0,11,7,18,0,3,24,11,38,4,0,4,42
11/03/2008,MEI,MS,ASO,CE,Federal Contract Tower,0,2,12,40,54,0,0,15,0,15,0,2,27,40,69,0,4,4,73
11/04/2008,MEI,MS,ASO,CE,Federal Contract Tower,0,3,11,88,102,0,0,3,2,5,0,3,14,90,107,0,196,196,303
11/05/2008,MEI,MS,ASO,CE,Federal Contract Tower,0,4,13,88,105,0,0,16,6,22,0,4,29,94,127,12,124,136,263
11/06/2008,MEI,MS,ASO,CE,Federal Contract Tower,0,3,13,101,117,0,0,12,8,20,0,3,25,109,137,40,126,166,303
11/07/2008,MEI,MS,ASO,CE,Federal Contract Tower,0,3,25,82,110,0,0,9,8,17,0,3,34,90,127,0,76,76,203
11/08/2008,MEI,MS,ASO,CE,Federal Contract Tower,0,1,33,29,63,0,0,22,4,26,0,1,55,33,89,4,0,4,93
11/09/2008,MEI,MS,ASO,CE,Federal Contract Tower,0,3,10,38,51,0,0,21,1,22,0,3,31,39,73,0,2,2,75
11/10/2008,MEI,MS,ASO,CE,Federal Contract Tower,0,3,24,88,115,0,0,7,18,25,0,3,31,106,140,4,70,74,214
11/11/2008,MEI,MS,ASO,CE,Federal Contract Tower,0,3,8,40,51,0,0,12,1,13,0,3,20,41,64,0,0,0,64
11/12/2008,MEI,MS,ASO,CE,Federal Contract Tower,0,3,16,81,100,0,0,0,0,0,0,3,16,81,100,0,87,87,187
11/13/2008,MEI,MS,ASO,CE,Federal Contract Tower,0,4,16,147,167,0,0,1,6,7,0,4,17,153,174,6,78,84,258
11/14/2008,MEI,MS,ASO,CE,Federal Contract Tower,0,2,28,65,95,0,0,6,36,42,0,2,34,101,137,0,88,88,225
11/15/2008,MEI,MS,ASO,CE,Federal Contract Tower,0,1,6,11,18,0,0,2,0,2,0,1,8,11,20,0,0,0,20
11/16/2008,MEI,MS,ASO,CE,Federal Contract Tower,0,3,11,36,50,0,0,16,0,16,0,3,27,36,66,0,16,16,82
11/17/2008,MEI,MS,ASO,CE,Federal Contract Tower,0,3,25,73,101,12,14,0,0,26,12,17,25,73,127,10,12,22,149
11/18/2008,MEI,MS,ASO,CE,Federal Contract Tower,0,3,14,118,135,0,0,15,12,27,0,3,29,130,162,24,52,76,238
11/19/2008,MEI,MS,ASO,CE,Federal Contract Tower,0,3,12,91,106,0,0,17,32,49,0,3,29,123,155,2,76,78,233
11/20/2008,MEI,MS,ASO,CE,Federal Contract Tower,0,3,7,118,128,0,0,20,5,25,0,3,27,123,153,0,100,100,253
11/21/2008,MEI,MS,ASO,CE,Federal Contract Tower,0,4,51,132,187,0,0,26,6,32,0,4,77,138,219,4,134,138,357
11/22/2008,MEI,MS,ASO,CE,Federal Contract Tower,0,2,6,6,14,0,0,28,0,28,0,2,34,6,42,2,0,2,44
11/23/2008,MEI,MS,ASO,CE,Federal Contract Tower,0,3,38,146,187,0,0,2,2,4,0,3,40,148,191,0,42,42,233
11/24/2008,MEI,MS,ASO,CE,Federal Contract Tower,0,3,3,154,160,0,0,9,5,14,0,3,12,159,174,22,29,51,225
11/25/2008,MEI,MS,ASO,CE,Federal Contract Tower,0,3,14,103,120,0,0,5,16,21,0,3,19,119,141,0,88,88,229
11/26/2008,MEI,MS,ASO,CE,Federal Contract Tower,0,5,21,6,32,0,5,33,69,107,0,10,54,75,139,8,106,114,253
11/27/2008,MEI,MS,ASO,CE,Federal Contract Tower,0,2,13,7,22,0,2,11,6,19,0,4,24,13,41,0,0,0,41
11/28/2008,MEI,MS,ASO,CE,Federal Contract Tower,0,2,3,2,7,0,0,0,0,0,0,2,3,2,7,0,0,0,7
11/29/2008,MEI,MS,ASO,CE,Federal Contract Tower,0,3,6,1,10,0,0,0,0,0,0,3,6,1,10,0,0,0,10
11/30/2008,MEI,MS,ASO,CE,Federal Contract Tower,0,2,19,0,21,0,0,15,0,15,0,2,34,0,36,2,0,2,38
12/01/2008,MEI,MS,ASO,CE,Federal Contract Tower,0,3,16,82,101,0,0,22,13,35,0,3,38,95,136,10,74,84,220
12/02/2008,MEI,MS,ASO,CE,Federal Contract Tower,0,4,8,88,100,0,0,6,1,7,0,4,14,89,107,0,82,82,189
12/03/2008,MEI,MS,ASO,CE,Federal Contract Tower,0,5,17,65,87,0,0,12,5,17,0,5,29,70,104,10,116,126,230
12/04/2008,MEI,MS,ASO,CE,Federal Contract Tower,0,5,13,62,80,0,0,0,0,0,0,5,13,62,80,0,30,30,110
12/05/2008,MEI,MS,ASO,CE,Federal Contract Tower,0,4,8,85,97,0,0,7,10,17,0,4,15,95,114,10,72,82,196
12/06/2008,MEI,MS,ASO,CE,Federal Contract Tower,0,2,6,8,16,0,0,10,2,12,0,2,16,10,28,12,28,40,68
12/07/2008,MEI,MS,ASO,CE,Federal Contract Tower,0,3,15,29,47,0,0,15,6,21,0,3,30,35,68,14,4,18,86
12/08/2008,MEI,MS,ASO,CE,Federal Contract Tower,0,3,20,101,124,0,0,0,20,20,0,3,20,121,144,0,73,73,217
12/09/2008,MEI,MS,ASO,CE,Federal Contract Tower,0,3,14,55,72,0,0,3,0,3,0,3,17,55,75,0,0,0,75
12/10/2008,MEI,MS,ASO,CE,Federal Contract Tower,0,3,11,24,38,0,0,0,0,0,0,3,11,24,38,0,0,0,38
12/11/2008,MEI,MS,ASO,CE,Federal Contract Tower,0,3,6,1,10,0,0,0,0,0,0,3,6,1,10,0,0,0,10
12/12/2008,MEI,MS,ASO,CE,Federal Contract Tower,0,3,35,66,104,0,0,20,3,23,0,3,55,69,127,18,58,76,203
12/13/2008,MEI,MS,ASO,CE,Federal Contract Tower,0,4,15,5,24,0,0,8,1,9,0,4,23,6,33,0,0,0,33
12/14/2008,MEI,MS,ASO,CE,Federal Contract Tower,0,3,10,81,94,0,0,6,3,9,0,3,16,84,103,0,36,36,139
12/15/2008,MEI,MS,ASO,CE,Federal Contract Tower,0,5,15,103,123,0,0,2,7,9,0,5,17,110,132,0,16,16,148
12/16/2008,MEI,MS,ASO,CE,Federal Contract Tower,0,4,9,35,48,0,0,0,0,0,0,4,9,35,48,0,0,0,48
12/17/2008,MEI,MS,ASO,CE,Federal Contract Tower,0,3,12,57,72,0,0,0,0,0,0,3,12,57,72,0,24,24,96
12/18/2008,MEI,MS,ASO,CE,Federal Contract Tower,0,6,21,128,155,0,0,7,2,9,0,6,28,130,164,16,164,180,344
12/19/2008,MEI,MS,ASO,CE,Federal Contract Tower,0,4,12,82,98,0,0,10,1,11,0,4,22,83,109,0,54,54,163
12/20/2008,MEI,MS,ASO,CE,Federal Contract Tower,2,3,24,2,31,0,0,12,4,16,2,3,36,6,47,24,0,24,71
12/21/2008,MEI,MS,ASO,CE,Federal Contract Tower,0,2,7,49,58,0,0,7,4,11,0,2,14,53,69,0,32,32,101
12/22/2008,MEI,MS,ASO,CE,Federal Contract Tower,0,4,13,119,136,0,0,35,29,64,0,4,48,148,200,41,67,108,308
12/23/2008,MEI,MS,ASO,CE,Federal Contract Tower,0,4,19,28,51,0,0,2,10,12,0,4,21,38,63,20,10,30,93
12/24/2008,MEI,MS,ASO,CE,Federal Contract Tower,0,6,5,6,17,0,0,1,0,1,0,6,6,6,18,0,0,0,18
12/25/2008,MEI,MS,ASO,CE,Federal Contract Tower,0,3,6,2,11,0,0,2,0,2,0,3,8,2,13,0,0,0,13
12/26/2008,MEI,MS,ASO,CE,Federal Contract Tower,0,5,25,0,30,0,0,13,0,13,0,5,38,0,43,14,0,14,57
12/27/2008,MEI,MS,ASO,CE,Federal Contract Tower,0,3,16,1,20,0,0,1,0,1,0,3,17,1,21,0,0,0,21
12/28/2008,MEI,MS,ASO,CE,Federal Contract Tower,0,5,15,0,20,0,0,4,0,4,0,5,19,0,24,0,0,0,24
12/29/2008,MEI,MS,ASO,CE,Federal Contract Tower,0,4,4,27,35,0,0,19,1,20,0,4,23,28,55,0,0,0,55
12/30/2008,MEI,MS,ASO,CE,Federal Contract Tower,0,3,15,32,50,0,0,19,9,28,0,3,34,41,78,0,14,14,92
12/31/2008,MEI,MS,ASO,CE,Federal Contract Tower,0,1,9,54,64,0,0,9,6,15,0,1,18,60,79,4,42,46,125
01/01/2009,MEI,MS,ASO,CE,Federal Contract Tower,0,2,3,0,5,0,0,21,0,21,0,2,24,0,26,0,0,0,26
01/02/2009,MEI,MS,ASO,CE,Federal Contract Tower,0,5,12,1,18,0,0,0,0,0,0,5,12,1,18,0,0,0,18
01/03/2009,MEI,MS,ASO,CE,Federal Contract Tower,0,5,8,0,13,0,0,0,0,0,0,5,8,0,13,0,0,0,13
01/04/2009,MEI,MS,ASO,CE,Federal Contract Tower,0,3,20,0,23,0,0,5,0,5,0,3,25,0,28,0,0,0,28
01/05/2009,MEI,MS,ASO,CE,Federal Contract Tower,0,3,13,36,52,0,0,0,0,0,0,3,13,36,52,0,0,0,52
01/06/2009,MEI,MS,ASO,CE,Federal Contract Tower,0,4,14,1,19,0,0,0,0,0,0,4,14,1,19,0,0,0,19
01/07/2009,MEI,MS,ASO,CE,Federal Contract Tower,0,6,23,161,190,0,0,12,8,20,0,6,35,169,210,0,170,170,380
01/08/2009,MEI,MS,ASO,CE,Federal Contract Tower,0,4,50,161,215,0,0,36,9,45,0,4,86,170,260,30,102,132,392
01/09/2009,MEI,MS,ASO,CE,Federal Contract Tower,0,3,13,69,85,0,0,28,73,101,0,3,41,142,186,36,112,148,334
01/10/2009,MEI,MS,ASO,CE,Federal Contract Tower,0,1,1,11,13,0,0,0,0,0,0,1,1,11,13,0,0,0,13
01/11/2009,MEI,MS,ASO,CE,Federal Contract Tower,0,3,12,80,95,0,0,18,28,46,0,3,30,108,141,2,62,64,205
01/12/2009,MEI,MS,ASO,CE,Federal Contract Tower,0,3,10,133,146,0,0,9,11,20,0,3,19,144,166,29,172,201,367
01/13/2009,MEI,MS,ASO,CE,Federal Contract Tower,0,3,25,204,232,0,0,26,82,108,0,3,51,286,340,40,212,252,592
01/14/2009,MEI,MS,ASO,CE,Federal Contract Tower,0,3,8,143,154,0,0,6,9,15,0,3,14,152,169,20,132,152,321
01/15/2009,MEI,MS,ASO,CE,Federal Contract Tower,0,3,16,124,143,0,0,15,13,28,0,3,31,137,171,0,174,174,345
01/16/2009,MEI,MS,ASO,CE,Federal Contract Tower,0,5,10,69,84,0,0,24,14,38,0,5,34,83,122,22,148,170,292
01/17/2009,MEI,MS,ASO,CE,Federal Contract Tower,0,3,5,40,48,0,0,25,8,33,0,3,30,48,81,36,38,74,155
01/18/2009,MEI,MS,ASO,CE,Federal Contract Tower,0,1,21,37,59,0,0,15,4,19,0,1,36,41,78,6,6,12,90
01/19/2009,MEI,MS,ASO,CE,Federal Contract Tower,0,3,23,44,70,0,0,12,26,38,0,3,35,70,108,8,0,8,116
01/20/2009,MEI,MS,ASO,CE,Federal Contract Tower,0,3,26,123,152,0,0,11,31,42,0,3,37,154,194,18,142,160,354
01/21/2009,MEI,MS,ASO,CE,Federal Contract Tower,0,3,33,114,150,0,0,17,5,22,0,3,50,119,172,38,60,98,270
01/22/2009,MEI,MS,ASO,CE,Federal Contract Tower,0,50,40,104,194,0,0,24,7,31,0,50,64,111,225,36,136,172,397
01/23/2009,MEI,MS,ASO,CE,Federal Contract Tower,0,4,18,63,85,0,0,22,16,38,0,4,40,79,123,28,102,130,253
01/24/2009,MEI,MS,ASO,CE,Federal Contract Tower,0,2,9,10,21,0,0,0,0,0,0,2,9,10,21,0,0,0,21
01/25/2009,MEI,MS,ASO,CE,Federal Contract Tower,0,3,9,84,96,0,0,10,0,10,0,3,19,84,106,0,0,0,106
01/26/2009,MEI,MS,ASO,CE,Federal Contract Tower,0,4,8,68,80,0,0,15,10,25,0,4,23,78,105,14,122,136,241
01/27/2009,MEI,MS,ASO,CE,Federal Contract Tower,0,3,8,162,173,0,0,1,6,7,0,3,9,168,180,0,64,64,244
01/28/2009,MEI,MS,ASO,CE,Federal Contract Tower,0,5,9,113,127,0,0,0,4,4,0,5,9,117,131,0,42,42,173
01/29/2009,MEI,MS,ASO,CE,Federal Contract Tower,0,2,19,136,157,0,0,8,47,55,0,2,27,183,212,0,184,184,396
01/30/2009,MEI,MS,ASO,CE,Federal Contract Tower,0,3,11,179,193,0,0,13,19,32,0,3,24,198,225,0,134,134,359
01/31/2009,MEI,MS,ASO,CE,Federal Contract Tower,0,2,18,12,32,0,0,59,17,76,0,2,77,29,108,62,0,62,170
02/01/2009,MEI,MS,ASO,CE,Federal Contract Tower,0,4,18,17,39,0,0,14,0,14,0,4,32,17,53,0,0,0,53
02/02/2009,MEI,MS,ASO,CE,Federal Contract Tower,0,3,14,158,175,0,3,3,2,8,0,6,17,160,183,0,22,22,205
02/03/2009,MEI,MS,ASO,CE,Federal Contract Tower,0,3,15,145,163,0,0,5,20,25,0,3,20,165,188,0,44,44,232
02/04/2009,MEI,MS,ASO,CE,Federal Contract Tower,0,3,20,208,231,0,0,6,16,22,0,3,26,224,253,10,146,156,409
02/05/2009,MEI,MS,ASO,CE,Federal Contract Tower,0,4,27,160,191,0,0,14,144,158,0,4,41,304,349,14,144,158,507
02/06/2009,MEI,MS,ASO,CE,Federal Contract Tower,0,5,171,134,310,0,0,151,4,155,0,5,322,138,465,12,112,124,589
02/07/2009,MEI,MS,ASO,CE,Federal Contract Tower,0,1,6,14,21,0,0,32,4,36,0,1,38,18,57,8,50,58,115
02/08/2009,MEI,MS,ASO,CE,Federal Contract Tower,0,3,25,93,121,0,0,14,5,19,0,3,39,98,140,2,42,44,184
02/09/2009,MEI,MS,ASO,CE,Federal Contract Tower,0,5,7,52,64,0,0,6,12,18,0,5,13,64,82,4,42,46,128
02/10/2009,MEI,MS,ASO,CE,Federal Contract Tower,0,5,10,147,162,0,0,4,2,6,0,5,14,149,168,30,14,44,212
02/11/2009,MEI,MS,ASO,CE,Federal Contract Tower,0,2,9,182,193,0,0,6,2,8,0,2,15,184,201,0,0,0,201
02/12/2009,MEI,MS,ASO,CE,Federal Contract Tower,0,3,33,169,205,0,0,20,28,48,0,3,53,197,253,4,220,224,477
02/13/2009,MEI,MS,ASO,CE,Federal Contract Tower,0,3,18,87,108,0,0,0,0,0,0,3,18,87,108,0,60,60,168
02/14/2009,MEI,MS,ASO,CE,Federal Contract Tower,0,1,19,14,34,0,0,13,10,23,0,1,32,24,57,40,40,80,137
02/15/2009,MEI,MS,ASO,CE,Federal Contract Tower,0,2,22,5,29,0,0,11,5,16,0,2,33,10,45,16,0,16,61
02/16/2009,MEI,MS,ASO,CE,Federal Contract Tower,0,4,11,18,33,0,0,24,2,26,0,4,35,20,59,12,0,12,71
02/17/2009,MEI,MS,ASO,CE,Federal Contract Tower,0,4,15,111,130,0,0,2,75,77,0,4,17,186,207,0,92,92,299
02/18/2009,MEI,MS,ASO,CE,Federal Contract Tower,0,2,11,60,73,0,0,14,12,26,0,2,25,72,99,10,88,98,197
02/19/2009,MEI,MS,ASO,CE,Federal Contract Tower,0,3,11,142,156,0,0,19,11,30,0,3,30,153,186,0,132,132,318
02/20/2009,MEI,MS,ASO,CE,Federal Contract Tower,0,5,10,113,128,0,0,31,119,150,0,5,41,232,278,20,151,171,449
02/21/2009,MEI,MS,ASO,CE,Federal Contract Tower,0,2,11,9,22,0,0,36,9,45,0,2,47,18,67,16,84,100,167
02/22/2009,MEI,MS,ASO,CE,Federal Contract Tower,0,3,5,52,60,0,0,27,9,36,0,3,32,61,96,14,50,64,160
02/23/2009,MEI,MS,ASO,CE,Federal Contract Tower,0,7,10,110,127,0,0,11,4,15,0,7,21,114,142,14,58,72,214
02/24/2009,MEI,MS,ASO,CE,Federal Contract Tower,0,6,13,101,120,0,0,13,49,62,0,6,26,150,182,18,220,238,420
02/25/2009,MEI,MS,ASO,CE,Federal Contract Tower,0,3,15,107,125,0,0,4,10,14,0,3,19,117,139,0,146,146,285
02/26/2009,MEI,MS,ASO,CE,Federal Contract Tower,0,3,15,71,89,0,0,26,6,32,0,3,41,77,121,0,138,138,259
02/27/2009,MEI,MS,ASO,CE,Federal Contract Tower,0,7,13,7,27,0,0,0,0,0,0,7,13,7,27,0,0,0,27
02/28/2009,MEI,MS,ASO,CE,Federal Contract Tower,0,1,9,3,13,0,0,0,0,0,0,1,9,3,13,20,60,80,93
03/01/2009,MEI,MS,ASO,CE,Federal Contract Tower,0,1,12,6,19,0,1,8,4,13,0,2,20,10,32,0,0,0,32
03/02/2009,MEI,MS,ASO,CE,Federal Contract Tower,0,6,9,73,88,0,0,9,12,21,0,6,18,85,109,0,118,118,227
03/03/2009,MEI,MS,ASO,CE,Federal Contract Tower,0,3,24,79,106,0,0,20,25,45,0,3,44,104,151,12,154,166,317
03/04/2009,MEI,MS,ASO,CE,Federal Contract Tower,0,3,11,142,156,0,0,23,13,36,0,3,34,155,192,0,256,256,448
03/05/2009,MEI,MS,ASO,CE,Federal Contract Tower,0,3,10,120,133,0,0,2,8,10,0,3,12,128,143,0,188,188,331
03/06/2009,MEI,MS,ASO,CE,Federal Contract Tower,0,3,13,96,112,0,0,17,14,31,0,3,30,110,143,0,124,124,267
03/07/2009,MEI,MS,ASO,CE,Federal Contract Tower,0,2,13,23,38,0,0,15,5,20,0,2,28,28,58,28,40,68,126
03/08/2009,MEI,MS,ASO,CE,Federal Contract Tower,0,4,17,58,79,0,0,17,3,20,0,4,34,61,99,8,83,91,190
03/09/2009,MEI,MS,ASO,CE,Federal Contract Tower,0,5,9,45,59,0,0,5,4,9,0,5,14,49,68,0,62,62,130
03/10/2009,MEI,MS,ASO,CE,Federal Contract Tower,0,3,17,101,121,0,0,15,27,42,0,3,32,128,163,14,190,204,367
03/11/2009,MEI,MS,ASO,CE,Federal Contract Tower,0,3,18,64,85,0,0,1,6,7,0,3,19,70,92,0,172,172,264
03/12/2009,MEI,MS,ASO,CE,Federal Contract Tower,0,4,23,133,160,0,0,5,3,8,0,4,28,136,168,14,134,148,316
03/13/2009,MEI,MS,ASO,CE,Federal Contract Tower,0,4,16,20,40,0,0,0,0,0,0,4,16,20,40,0,0,0,40
03/14/2009,MEI,MS,ASO,CE,Federal Contract Tower,0,2,18,8,28,0,0,0,0,0,0,2,18,8,28,0,24,24,52
03/15/2009,MEI,MS,ASO,CE,Federal Contract Tower,0,3,12,26,41,0,0,3,1,4,0,3,15,27,45,6,2,8,53
03/16/2009,MEI,MS,ASO,CE,Federal Contract Tower,0,3,15,23,41,0,0,7,0,7,0,3,22,23,48,0,2,2,50
03/17/2009,MEI,MS,ASO,CE,Federal Contract Tower,0,5,19,70,94,0,0,14,6,20,0,5,33,76,114,0,142,142,256
03/18/2009,MEI,MS,ASO,CE,Federal Contract Tower,0,4,16,69,89,0,0,31,13,44,0,4,47,82,133,80,144,224,357
03/19/2009,MEI,MS,ASO,CE,Federal Contract Tower,0,6,45,104,155,0,6,31,7,44,0,12,76,111,199,2,170,172,371
03/20/2009,MEI,MS,ASO,CE,Federal Contract Tower,0,3,9,63,75,0,0,27,19,46,0,3,36,82,121,16,84,100,221
03/21/2009,MEI,MS,ASO,CE,Federal Contract Tower,0,3,16,26,45,0,0,13,3,16,0,3,29,29,61,0,42,42,103
03/22/2009,MEI,MS,ASO,CE,Federal Contract Tower,0,3,21,19,43,0,0,10,8,18,0,3,31,27,61,12,24,36,97
03/23/2009,MEI,MS,ASO,CE,Federal Contract Tower,0,4,11,92,107,0,0,10,11,21,0,4,21,103,128,0,132,132,260
03/24/2009,MEI,MS,ASO,CE,Federal Contract Tower,0,4,7,79,90,0,0,8,8,16,0,4,15,87,106,0,99,99,205
03/25/2009,MEI,MS,ASO,CE,Federal Contract Tower,0,4,6,100,110,0,0,0,0,0,0,4,6,100,110,0,0,0,110
03/26/2009,MEI,MS,ASO,CE,Federal Contract Tower,0,3,10,114,127,0,0,5,3,8,0,3,15,117,135,11,50,61,196
03/27/2009,MEI,MS,ASO,CE,Federal Contract Tower,0,3,8,112,123,0,0,26,3,29,0,3,34,115,152,30,122,152,304
03/28/2009,MEI,MS,ASO,CE,Federal Contract Tower,0,2,2,6,10,0,0,0,0,0,0,2,2,6,10,1,0,1,11
03/29/2009,MEI,MS,ASO,CE,Federal Contract Tower,0,3,21,28,52,0,0,25,9,34,0,3,46,37,86,0,16,16,102
03/30/2009,MEI,MS,ASO,CE,Federal Contract Tower,0,3,16,97,116,0,0,35,11,46,0,3,51,108,162,27,126,153,315
03/31/2009,MEI,MS,ASO,CE,Federal Contract Tower,0,2,14,113,129,0,0,2,5,7,0,2,16,118,136,2,148,150,286
04/01/2009,MEI,MS,ASO,CE,Federal Contract Tower,0,1,13,153,167,0,0,17,23,40,0,1,30,176,207,20,276,296,503
04/02/2009,MEI,MS,ASO,CE,Federal Contract Tower,0,3,11,46,60,0,0,4,0,4,0,3,15,46,64,0,86,86,150
04/03/2009,MEI,MS,ASO,CE,Federal Contract Tower,0,3,18,179,200,0,0,35,21,56,0,3,53,200,256,20,244,264,520
04/04/2009,MEI,MS,ASO,CE,Federal Contract Tower,0,2,6,42,50,0,0,27,9,36,0,2,33,51,86,22,83,105,191
04/05/2009,MEI,MS,ASO,CE,Federal Contract Tower,0,4,7,85,96,0,0,2,0,2,0,4,9,85,98,0,0,0,98
04/06/2009,MEI,MS,ASO,CE,Federal Contract Tower,0,4,10,91,105,0,0,12,13,25,0,4,22,104,130,4,102,106,236
04/07/2009,MEI,MS,ASO,CE,Federal Contract Tower,0,4,11,111,126,0,0,30,21,51,0,4,41,132,177,18,302,320,497
04/08/2009,MEI,MS,ASO,CE,Federal Contract Tower,0,4,14,126,144,0,0,37,22,59,0,4,51,148,203,44,224,268,471
04/09/2009,MEI,MS,ASO,CE,Federal Contract Tower,0,4,8,218,230,0,0,4,18,22,0,4,12,236,252,0,218,218,470
04/10/2009,MEI,MS,ASO,CE,Federal Contract Tower,0,3,6,64,73,0,0,10,1,11,0,3,16,65,84,0,12,12,96
04/11/2009,MEI,MS,ASO,CE,Federal Contract Tower,0,3,19,2,24,0,0,15,0,15,0,3,34,2,39,24,24,48,87
04/12/2009,MEI,MS,ASO,CE,Federal Contract Tower,0,4,6,7,17,0,4,2,7,13,0,8,8,14,30,0,0,0,30
04/13/2009,MEI,MS,ASO,CE,Federal Contract Tower,0,6,12,92,110,0,0,2,3,5,0,6,14,95,115,9,109,118,233
04/14/2009,MEI,MS,ASO,CE,Federal Contract Tower,0,3,13,123,139,0,0,19,11,30,0,3,32,134,169,0,82,82,251
04/15/2009,MEI,MS,ASO,CE,Federal Contract Tower,0,3,10,108,121,0,0,29,14,43,0,3,39,122,164,5,72,77,241
04/16/2009,MEI,MS,ASO,CE,Federal Contract Tower,0,3,10,101,114,0,0,26,23,49,0,3,36,124,163,8,248,256,419
04/17/2009,MEI,MS,ASO,CE,Federal Contract Tower,0,3,18,83,104,0,0,17,7,24,0,3,35,90,128,10,168,178,306
04/18/2009,MEI,MS,ASO,CE,Federal Contract Tower,0,2,6,1,9,0,0,3,0,3,0,2,9,1,12,0,0,0,12
04/19/2009,MEI,MS,ASO,CE,Federal Contract Tower,0,4,17,33,54,0,0,3,0,3,0,4,20,33,57,0,0,0,57
04/20/2009,MEI,MS,ASO,CE,Federal Contract Tower,0,4,15,64,83,0,0,20,11,31,0,4,35,75,114,0,68,68,182
04/21/2009,MEI,MS,ASO,CE,Federal Contract Tower,0,3,16,148,167,0,0,15,16,31,0,3,31,164,198,0,174,174,372
04/22/2009,MEI,MS,ASO,CE,Federal Contract Tower,0,4,20,128,152,0,0,33,16,49,0,4,53,144,201,18,330,348,549
04/23/2009,MEI,MS,ASO,CE,Federal Contract Tower,0,6,12,106,124,0,0,24,26,50,0,6,36,132,174,14,253,267,441
04/24/2009,MEI,MS,ASO,CE,Federal Contract Tower,0,4,27,99,130,0,0,23,11,34,0,4,50,110,164,36,190,226,390
04/25/2009,MEI,MS,ASO,CE,Federal Contract Tower,0,1,9,14,24,0,0,25,0,25,0,1,34,14,49,16,20,36,85
04/26/2009,MEI,MS,ASO,CE,Federal Contract Tower,0,4,12,93,109,0,0,23,5,28,0,4,35,98,137,0,2,2,139
04/27/2009,MEI,MS,ASO,CE,Federal Contract Tower,0,3,15,84,102,0,0,14,12,26,0,3,29,96,128,2,114,116,244
04/28/2009,MEI,MS,ASO,CE,Federal Contract Tower,0,4,7,132,143,0,0,14,21,35,0,4,21,153,178,16,222,238,416
04/29/2009,MEI,MS,ASO,CE,Federal Contract Tower,0,3,15,114,132,0,0,12,22,34,0,3,27,136,166,14,301,315,481
04/30/2009,MEI,MS,ASO,CE,Federal Contract Tower,0,4,8,106,118,0,0,6,16,22,0,4,14,122,140,2,228,230,370
05/01/2009,MEI,MS,ASO,CE,Federal Contract Tower,0,5,21,96,122,0,0,13,29,42,0,5,34,125,164,0,180,180,344
05/02/2009,MEI,MS,ASO,CE,Federal Contract Tower,2,0,13,18,33,0,0,25,0,25,2,0,38,18,58,254,10,264,322
05/03/2009,MEI,MS,ASO,CE,Federal Contract Tower,0,4,11,11,26,0,0,9,2,11,0,4,20,13,37,46,4,50,87
05/04/2009,MEI,MS,ASO,CE,Federal Contract Tower,0,4,11,144,159,0,0,16,15,31,0,4,27,159,190,98,232,330,520
05/05/2009,MEI,MS,ASO,CE,Federal Contract Tower,0,3,9,128,140,0,0,17,0,17,0,3,26,128,157,22,350,372,529
05/06/2009,MEI,MS,ASO,CE,Federal Contract Tower,0,3,6,70,79,0,0,0,6,6,0,3,6,76,85,0,164,164,249
05/07/2009,MEI,MS,ASO,CE,Federal Contract Tower,0,3,15,93,111,0,0,14,13,27,0,3,29,106,138,92,170,262,400
05/08/2009,MEI,MS,ASO,CE,Federal Contract Tower,0,3,24,115,142,0,0,29,26,55,0,3,53,141,197,44,204,248,445
05/09/2009,MEI,MS,ASO,CE,Federal Contract Tower,0,3,8,1,12,0,0,8,4,12,0,3,16,5,24,20,0,20,44
05/10/2009,MEI,MS,ASO,CE,Federal Contract Tower,0,4,3,33,40,0,0,8,3,11,0,4,11,36,51,0,17,17,68
05/11/2009,MEI,MS,ASO,CE,Federal Contract Tower,0,3,7,54,64,0,0,0,6,6,0,3,7,60,70,0,22,22,92
05/12/2009,MEI,MS,ASO,CE,Federal Contract Tower,0,3,12,92,107,0,0,4,12,16,0,3,16,104,123,10,88,98,221
05/13/2009,MEI,MS,ASO,CE,Federal Contract Tower,0,5,16,114,135,0,0,11,17,28,0,5,27,131,163,10,146,156,319
05/14/2009,MEI,MS,ASO,CE,Federal Contract Tower,0,6,21,105,132,0,0,9,21,30,0,6,30,126,162,2,106,108,270
05/15/2009,MEI,MS,ASO,CE,Federal Contract Tower,0,4,6,59,69,0,0,24,38,62,0,4,30,97,131,20,270,290,421
05/16/2009,MEI,MS,ASO,CE,Federal Contract Tower,0,2,12,3,17,0,0,11,0,11,0,2,23,3,28,20,40,60,88
05/17/2009,MEI,MS,ASO,CE,Federal Contract Tower,0,4,22,78,104,0,0,2,1,3,0,4,24,79,107,0,10,10,117
05/18/2009,MEI,MS,ASO,CE,Federal Contract Tower,0,4,18,103,125,0,0,12,19,31,0,4,30,122,156,21,193,214,370
05/19/2009,MEI,MS,ASO,CE,Federal Contract Tower,0,6,18,73,97,0,0,17,25,42,0,6,35,98,139,22,238,260,399
05/20/2009,MEI,MS,ASO,CE,Federal Contract Tower,0,6,15,112,133,0,0,29,27,56,0,6,44,139,189,126,286,412,601
05/21/2009,MEI,MS,ASO,CE,Federal Contract Tower,0,4,27,178,209,0,0,39,20,59,0,4,66,198,268,10,228,238,506
05/22/2009,MEI,MS,ASO,CE,Federal Contract Tower,0,3,18,32,53,0,0,8,2,10,0,3,26,34,63,34,142,176,239
05/23/2009,MEI,MS,ASO,CE,Federal Contract Tower,0,2,2,3,7,0,0,0,0,0,0,2,2,3,7,0,0,0,7
05/24/2009,MEI,MS,ASO,CE,Federal Contract Tower,0,2,0,0,2,0,0,1,7,8,0,2,1,7,10,0,0,0,10
05/25/2009,MEI,MS,ASO,CE,Federal Contract Tower,0,5,14,8,27,0,5,9,7,21,0,10,23,15,48,0,0,0,48
05/26/2009,MEI,MS,ASO,CE,Federal Contract Tower,0,6,9,80,95,0,0,0,7,7,0,6,9,87,102,0,180,180,282
05/27/2009,MEI,MS,ASO,CE,Federal Contract Tower,0,4,19,125,148,0,1,10,27,38,0,5,29,152,186,10,466,476,662
05/28/2009,MEI,MS,ASO,CE,Federal Contract Tower,0,4,24,90,118,0,0,21,31,52,0,4,45,121,170,76,254,330,500
05/29/2009,MEI,MS,ASO,CE,Federal Contract Tower,0,3,24,82,109,0,0,15,23,38,0,3,39,105,147,0,124,124,271
05/30/2009,MEI,MS,ASO,CE,Federal Contract Tower,0,2,10,12,24,0,0,20,13,33,0,2,30,25,57,26,2,28,85
05/31/2009,MEI,MS,ASO,CE,Federal Contract Tower,0,4,21,68,93,0,0,35,0,35,0,4,56,68,128,38,16,54,182
06/01/2009,MEI,MS,ASO,CE,Federal Contract Tower,0,5,19,79,103,0,0,18,15,33,0,5,37,94,136,26,180,206,342
06/02/2009,MEI,MS,ASO,CE,Federal Contract Tower,0,4,21,169,194,0,0,16,25,41,0,4,37,194,235,42,227,269,504
06/03/2009,MEI,MS,ASO,CE,Federal Contract Tower,0,4,5,118,127,0,0,21,23,44,0,4,26,141,171,10,344,354,525
06/04/2009,MEI,MS,ASO,CE,Federal Contract Tower,0,3,14,52,69,0,0,2,7,9,0,3,16,59,78,0,80,80,158
06/05/2009,MEI,MS,ASO,CE,Federal Contract Tower,0,4,22,79,105,0,4,31,90,125,0,8,53,169,230,0,150,150,380
06/06/2009,MEI,MS,ASO,CE,Federal Contract Tower,0,2,18,13,33,0,0,33,14,47,0,2,51,27,80,14,62,76,156
06/07/2009,MEI,MS,ASO,CE,Federal Contract Tower,0,6,8,32,46,0,0,17,1,18,0,6,25,33,64,10,46,56,120
06/08/2009,MEI,MS,ASO,CE,Federal Contract Tower,0,4,18,88,110,0,0,17,17,34,0,4,35,105,144,16,162,178,322
06/09/2009,MEI,MS,ASO,CE,Federal Contract Tower,0,6,18,78,102,0,0,17,22,39,0,6,35,100,141,2,242,244,385
06/10/2009,MEI,MS,ASO,CE,Federal Contract Tower,0,3,18,99,120,0,0,15,24,39,0,3,33,123,159,4,254,258,417
06/11/2009,MEI,MS,ASO,CE,Federal Contract Tower,0,7,16,152,175,0,0,15,22,37,0,7,31,174,212,10,380,390,602
06/12/2009,MEI,MS,ASO,CE,Federal Contract Tower,0,8,10,73,91,0,0,23,16,39,0,8,33,89,130,0,68,68,198
06/13/2009,MEI,MS,ASO,CE,Federal Contract Tower,0,2,8,10,20,0,0,14,0,14,0,2,22,10,34,2,12,14,48
06/14/2009,MEI,MS,ASO,CE,Federal Contract Tower,0,4,15,96,115,0,0,11,8,19,0,4,26,104,134,0,42,42,176
06/15/2009,MEI,MS,ASO,CE,Federal Contract Tower,0,4,12,143,159,0,0,16,14,30,0,4,28,157,189,25,206,231,420
06/16/2009,MEI,MS,ASO,CE,Federal Contract Tower,0,4,12,101,117,0,0,13,30,43,0,4,25,131,160,8,138,146,306
06/17/2009,MEI,MS,ASO,CE,Federal Contract Tower,2,2,17,167,188,0,0,34,37,71,2,2,51,204,259,20,178,198,457
06/18/2009,MEI,MS,ASO,CE,Federal Contract Tower,0,4,10,75,89,0,0,26,38,64,0,4,36,113,153,60,154,214,367
06/19/2009,MEI,MS,ASO,CE,Federal Contract Tower,0,4,21,90,115,0,0,30,26,56,0,4,51,116,171,60,182,242,413
06/20/2009,MEI,MS,ASO,CE,Federal Contract Tower,0,2,8,2,12,0,0,20,2,22,0,2,28,4,34,2,18,20,54
06/21/2009,MEI,MS,ASO,CE,Federal Contract Tower,0,4,5,19,28,0,0,22,2,24,0,4,27,21,52,20,2,22,74
06/22/2009,MEI,MS,ASO,CE,Federal Contract Tower,0,9,14,149,172,0,0,34,46,80,0,9,48,195,252,22,188,210,462
06/23/2009,MEI,MS,ASO,CE,Federal Contract Tower,0,6,11,107,124,0,0,35,37,72,0,6,46,144,196,32,212,244,440
06/24/2009,MEI,MS,ASO,CE,Federal Contract Tower,0,9,13,101,123,0,0,19,16,35,0,9,32,117,158,12,232,244,402
06/25/2009,MEI,MS,ASO,CE,Federal Contract Tower,0,4,29,78,111,0,0,0,20,20,0,4,29,98,131,0,82,82,213
06/26/2009,MEI,MS,ASO,CE,Federal Contract Tower,2,6,14,105,127,0,0,21,13,34,2,6,35,118,161,94,96,190,351
06/27/2009,MEI,MS,ASO,CE,Federal Contract Tower,0,2,20,12,34,0,0,17,8,25,0,2,37,20,59,44,0,44,103
06/28/2009,MEI,MS,ASO,CE,Federal Contract Tower,0,4,25,15,44,0,0,22,2,24,0,4,47,17,68,76,14,90,158
06/29/2009,MEI,MS,ASO,CE,Federal Contract Tower,0,6,10,133,149,0,0,22,33,55,0,6,32,166,204,58,458,516,720
06/30/2009,MEI,MS,ASO,CE,Federal Contract Tower,0,4,10,103,117,0,0,26,97,123,0,4,36,200,240,60,144,204,444
07/01/2009,MEI,MS,ASO,CE,Federal Contract Tower,0,3,6,96,105,0,0,18,21,39,0,3,24,117,144,16,152,168,312
07/02/2009,MEI,MS,ASO,CE,Federal Contract Tower,0,3,13,111,127,0,0,14,37,51,0,3,27,148,178,54,174,228,406
07/03/2009,MEI,MS,ASO,CE,Federal Contract Tower,0,3,8,2,13,0,0,21,0,21,0,3,29,2,34,28,0,28,62
07/04/2009,MEI,MS,ASO,CE,Federal Contract Tower,0,2,1,0,3,0,0,14,0,14,0,2,15,0,17,44,0,44,61
07/05/2009,MEI,MS,ASO,CE,Federal Contract Tower,0,4,16,17,37,0,0,20,2,22,0,4,36,19,59,0,0,0,59
07/06/2009,MEI,MS,ASO,CE,Federal Contract Tower,0,7,10,19,36,0,0,22,0,22,0,7,32,19,58,30,0,30,88
07/07/2009,MEI,MS,ASO,CE,Federal Contract Tower,0,6,14,160,180,0,0,17,27,44,0,6,31,187,224,32,240,272,496
07/08/2009,MEI,MS,ASO,CE,Federal Contract Tower,0,8,12,106,126,0,0,22,49,71,0,8,34,155,197,28,218,246,443
07/09/2009,MEI,MS,ASO,CE,Federal Contract Tower,0,4,21,117,142,0,0,31,17,48,0,4,52,134,190,34,160,194,384
07/10/2009,MEI,MS,ASO,CE,Federal Contract Tower,0,6,12,126,144,0,0,16,18,34,0,6,28,144,178,46,198,244,422
07/11/2009,MEI,MS,ASO,CE,Federal Contract Tower,0,2,17,11,30,0,0,24,19,43,0,2,41,30,73,26,28,54,127
07/12/2009,MEI,MS,ASO,CE,Federal Contract Tower,0,5,14,32,51,0,0,18,12,30,0,5,32,44,81,0,26,26,107
07/13/2009,MEI,MS,ASO,CE,Federal Contract Tower,0,3,13,30,46,0,0,9,3,12,0,3,22,33,58,0,10,10,68
07/14/2009,MEI,MS,ASO,CE,Federal Contract Tower,0,6,13,120,139,0,0,7,9,16,0,6,20,129,155,0,116,116,271
07/15/2009,MEI,MS,ASO,CE,Federal Contract Tower,0,5,7,109,121,0,0,13,27,40,0,5,20,136,161,12,170,182,343
07/16/2009,MEI,MS,ASO,CE,Federal Contract Tower,0,3,15,108,126,0,0,12,12,24,0,3,27,120,150,8,178,186,336
07/17/2009,MEI,MS,ASO,CE,Federal Contract Tower,0,3,20,52,75,0,0,16,32,48,0,3,36,84,123,10,110,120,243
07/18/2009,MEI,MS,ASO,CE,Federal Contract Tower,0,2,12,5,19,0,0,10,1,11,0,2,22,6,30,0,0,0,30
07/19/2009,MEI,MS,ASO,CE,Federal Contract Tower,0,6,4,42,52,0,0,29,1,30,0,6,33,43,82,12,23,35,117
07/20/2009,MEI,MS,ASO,CE,Federal Contract Tower,0,5,9,77,91,0,0,14,31,45,0,5,23,108,136,2,235,237,373
07/21/2009,MEI,MS,ASO,CE,Federal Contract Tower,0,4,18,83,105,0,0,8,11,19,0,4,26,94,124,14,168,182,306
07/22/2009,MEI,MS,ASO,CE,Federal Contract Tower,0,3,17,36,56,0,0,10,1,11,0,3,27,37,67,2,6,8,75
07/23/2009,MEI,MS,ASO,CE,Federal Contract Tower,0,3,20,31,54,0,0,13,13,26,0,3,33,44,80,14,26,40,120
07/24/2009,MEI,MS,ASO,CE,Federal Contract Tower,0,4,17,61,82,0,0,17,35,52,0,4,34,96,134,74,66,140,274
07/25/2009,MEI,MS,ASO,CE,Federal Contract Tower,0,2,8,30,40,0,0,27,3,30,0,2,35,33,70,28,12,40,110
07/26/2009,MEI,MS,ASO,CE,Federal Contract Tower,0,4,15,29,48,0,0,9,1,10,0,4,24,30,58,0,2,2,60
07/27/2009,MEI,MS,ASO,CE,Federal Contract Tower,0,3,13,48,64,0,0,9,19,28,0,3,22,67,92,2,80,82,174
07/28/2009,MEI,MS,ASO,CE,Federal Contract Tower,0,4,2,64,70,0,0,3,10,13,0,4,5,74,83,0,124,124,207
07/29/2009,MEI,MS,ASO,CE,Federal Contract Tower,0,4,14,44,62,0,0,2,4,6,0,4,16,48,68,0,46,46,114
07/30/2009,MEI,MS,ASO,CE,Federal Contract Tower,0,5,29,72,106,0,0,25,3,28,0,5,54,75,134,16,86,102,236
07/31/2009,MEI,MS,ASO,CE,Federal Contract Tower,0,2,9,63,74,0,0,13,12,25,0,2,22,75,99,0,134,134,233
08/01/2009,MEI,MS,ASO,CE,Federal Contract Tower,0,2,3,42,47,0,0,20,3,23,0,2,23,45,70,12,48,60,130
08/02/2009,MEI,MS,ASO,CE,Federal Contract Tower,0,4,19,78,101,0,0,18,37,55,0,4,37,115,156,4,23,27,183
08/03/2009,MEI,MS,ASO,CE,Federal Contract Tower,0,4,18,104,126,0,0,18,17,35,0,4,36,121,161,18,156,174,335
08/04/2009,MEI,MS,ASO,CE,Federal Contract Tower,0,6,22,155,183,0,0,29,44,73,0,6,51,199,256,28,208,236,492
08/05/2009,MEI,MS,ASO,CE,Federal Contract Tower,0,3,15,135,153,0,0,31,5,36,0,3,46,140,189,51,206,257,446
08/06/2009,MEI,MS,ASO,CE,Federal Contract Tower,0,4,8,159,171,0,0,26,19,45,0,4,34,178,216,54,196,250,466
08/07/2009,MEI,MS,ASO,CE,Federal Contract Tower,0,3,10,122,135,0,0,28,12,40,0,3,38,134,175,26,100,126,301
08/08/2009,MEI,MS,ASO,CE,Federal Contract Tower,0,2,7,44,53,0,0,19,8,27,0,2,26,52,80,6,46,52,132
08/09/2009,MEI,MS,ASO,CE,Federal Contract Tower,0,4,11,21,36,0,0,14,5,19,0,4,25,26,55,30,0,30,85
08/10/2009,MEI,MS,ASO,CE,Federal Contract Tower,0,4,5,105,114,0,0,34,30,64,0,4,39,135,178,54,194,248,426
08/11/2009,MEI,MS,ASO,CE,Federal Contract Tower,0,4,10,99,113,0,0,10,7,17,0,4,20,106,130,45,180,225,355
08/12/2009,MEI,MS,ASO,CE,Federal Contract Tower,0,4,17,152,173,0,2,3,24,29,0,6,20,176,202,8,78,86,288
08/13/2009,MEI,MS,ASO,CE,Federal Contract Tower,0,4,9,122,135,0,0,28,105,133,0,4,37,227,268,50,136,186,454
08/14/2009,MEI,MS,ASO,CE,Federal Contract Tower,0,5,13,129,147,0,0,19,23,42,0,5,32,152,189,34,174,208,397
08/15/2009,MEI,MS,ASO,CE,Federal Contract Tower,0,2,7,30,39,0,0,16,20,36,0,2,23,50,75,42,50,92,167
08/16/2009,MEI,MS,ASO,CE,Federal Contract Tower,0,6,8,117,131,0,0,16,6,22,0,6,24,123,153,54,99,153,306
08/17/2009,MEI,MS,ASO,CE,Federal Contract Tower,0,3,10,62,75,0,0,14,16,30,0,3,24,78,105,22,168,190,295
08/18/2009,MEI,MS,ASO,CE,Federal Contract Tower,0,8,22,95,125,0,0,75,25,100,0,8,97,120,225,68,130,198,423
08/19/2009,MEI,MS,ASO,CE,Federal Contract Tower,0,3,9,81,93,0,0,32,14,46,0,3,41,95,139,63,66,129,268
08/20/2009,MEI,MS,ASO,CE,Federal Contract Tower,0,3,12,61,76,0,0,3,3,6,0,3,15,64,82,22,58,80,162
08/21/2009,MEI,MS,ASO,CE,Federal Contract Tower,0,4,14,19,37,0,0,3,6,9,0,4,17,25,46,0,10,10,56
08/22/2009,MEI,MS,ASO,CE,Federal Contract Tower,0,2,9,2,13,0,0,11,18,29,0,2,20,20,42,8,0,8,50
08/23/2009,MEI,MS,ASO,CE,Federal Contract Tower,0,4,24,34,62,0,0,30,0,30,0,4,54,34,92,34,24,58,150
08/24/2009,MEI,MS,ASO,CE,Federal Contract Tower,0,4,13,74,91,0,0,6,9,15,0,4,19,83,106,6,56,62,168
08/25/2009,MEI,MS,ASO,CE,Federal Contract Tower,0,4,13,123,140,0,0,20,16,36,0,4,33,139,176,20,124,144,320
08/26/2009,MEI,MS,ASO,CE,Federal Contract Tower,0,4,15,86,105,0,0,10,15,25,0,4,25,101,130,12,93,105,235
08/27/2009,MEI,MS,ASO,CE,Federal Contract Tower,0,4,9,107,120,0,0,5,14,19,0,4,14,121,139,0,83,83,222
08/28/2009,MEI,MS,ASO,CE,Federal Contract Tower,0,6,8,63,77,0,0,19,8,27,0,6,27,71,104,32,44,76,180
08/29/2009,MEI,MS,ASO,CE,Federal Contract Tower,0,2,4,22,28,0,0,30,1,31,0,2,34,23,59,10,2,12,71
08/30/2009,MEI,MS,ASO,CE,Federal Contract Tower,0,5,27,26,58,0,0,24,36,60,0,5,51,62,118,64,28,92,210
08/31/2009,MEI,MS,ASO,CE,Federal Contract Tower,0,3,11,48,62,0,0,28,6,34,0,3,39,54,96,32,112,144,240
09/01/2009,MEI,MS,ASO,CE,Federal Contract Tower,0,4,13,71,88,0,0,20,35,55,0,4,33,106,143,44,222,266,409
09/02/2009,MEI,MS,ASO,CE,Federal Contract Tower,0,3,13,108,124,0,0,24,7,31,0,3,37,115,155,36,157,193,348
09/03/2009,MEI,MS,ASO,CE,Federal Contract Tower,0,3,10,56,69,0,0,11,11,22,0,3,21,67,91,31,150,181,272
09/04/2009,MEI,MS,ASO,CE,Federal Contract Tower,0,3,20,51,74,0,0,18,9,27,0,3,38,60,101,22,94,116,217
09/05/2009,MEI,MS,ASO,CE,Federal Contract Tower,0,2,6,4,12,0,0,4,2,6,0,2,10,6,18,0,7,7,25
09/06/2009,MEI,MS,ASO,CE,Federal Contract Tower,0,3,4,6,13,0,0,28,4,32,0,3,32,10,45,40,0,40,85
09/07/2009,MEI,MS,ASO,CE,Federal Contract Tower,0,4,29,29,62,0,0,17,7,24,0,4,46,36,86,34,12,46,132
09/08/2009,MEI,MS,ASO,CE,Federal Contract Tower,0,4,19,29,52,0,0,10,61,71,0,4,29,90,123,0,74,74,197
09/09/2009,MEI,MS,ASO,CE,Federal Contract Tower,0,4,12,54,70,0,0,16,29,45,0,4,28,83,115,8,106,114,229
09/10/2009,MEI,MS,ASO,CE,Federal Contract Tower,0,3,8,38,49,0,0,16,12,28,0,3,24,50,77,5,54,59,136
09/11/2009,MEI,MS,ASO,CE,Federal Contract Tower,0,3,14,30,47,0,1,6,17,24,0,4,20,47,71,18,72,90,161
09/12/2009,MEI,MS,ASO,CE,Federal Contract Tower,0,2,9,11,22,0,0,5,7,12,0,2,14,18,34,0,0,0,34
09/13/2009,MEI,MS,ASO,CE,Federal Contract Tower,0,6,12,31,49,0,0,0,4,4,0,6,12,35,53,0,0,0,53
09/14/2009,MEI,MS,ASO,CE,Federal Contract Tower,0,7,10,9,26,0,0,0,0,0,0,7,10,9,26,0,11,11,37
09/15/2009,MEI,MS,ASO,CE,Federal Contract Tower,0,4,8,7,19,0,0,2,4,6,0,4,10,11,25,0,0,0,25
09/16/2009,MEI,MS,ASO,CE,Federal Contract Tower,0,6,9,43,58,0,0,5,9,14,0,6,14,52,72,0,26,26,98
09/17/2009,MEI,MS,ASO,CE,Federal Contract Tower,0,5,15,20,40,0,0,4,4,8,0,5,19,24,48,0,20,20,68
09/18/2009,MEI,MS,ASO,CE,Federal Contract Tower,0,4,32,23,59,0,4,39,31,74,0,8,71,54,133,0,2,2,135
09/19/2009,MEI,MS,ASO,CE,Federal Contract Tower,0,2,6,12,20,0,0,20,3,23,0,2,26,15,43,22,22,44,87
09/20/2009,MEI,MS,ASO,CE,Federal Contract Tower,0,8,8,24,40,0,0,5,1,6,0,8,13,25,46,80,72,152,198
09/21/2009,MEI,MS,ASO,CE,Federal Contract Tower,0,2,12,38,52,0,0,7,6,13,0,2,19,44,65,12,26,38,103
09/22/2009,MEI,MS,ASO,CE,Federal Contract Tower,0,8,11,20,39,0,2,4,7,13,0,10,15,27,52,0,14,14,66
09/23/2009,MEI,MS,ASO,CE,Federal Contract Tower,0,4,13,78,95,0,0,6,12,18,0,4,19,90,113,2,80,82,195
09/24/2009,MEI,MS,ASO,CE,Federal Contract Tower,0,4,17,60,81,0,0,2,20,22,0,4,19,80,103,24,66,90,193
09/25/2009,MEI,MS,ASO,CE,Federal Contract Tower,0,3,7,68,78,0,0,15,3,18,0,3,22,71,96,40,56,96,192
09/26/2009,MEI,MS,ASO,CE,Federal Contract Tower,0,2,10,13,25,0,0,3,1,4,0,2,13,14,29,0,2,2,31
09/27/2009,MEI,MS,ASO,CE,Federal Contract Tower,0,4,106,93,203,0,4,24,51,79,0,8,130,144,282,66,42,108,390
09/28/2009,MEI,MS,ASO,CE,Federal Contract Tower,0,4,9,96,109,0,0,3,16,19,0,4,12,112,128,10,110,120,248
09/29/2009,MEI,MS,ASO,CE,Federal Contract Tower,0,5,20,55,80,0,0,16,33,49,0,5,36,88,129,10,96,106,235
09/30/2009,MEI,MS,ASO,CE,Federal Contract Tower,0,3,7,57,67,0,0,30,21,51,0,3,37,78,118,66,94,160,278
10/01/2009,MEI,MS,ASO,CE,Federal Contract Tower,0,6,8,61,75,0,0,18,28,46,0,6,26,89,121,38,78,116,237
10/02/2009,MEI,MS,ASO,CE,Federal Contract Tower,0,5,21,87,113,0,0,21,32,53,0,5,42,119,166,14,224,238,404
10/03/2009,MEI,MS,ASO,CE,Federal Contract Tower,0,2,9,17,28,0,0,27,15,42,0,2,36,32,70,14,54,68,138
10/04/2009,MEI,MS,ASO,CE,Federal Contract Tower,0,4,23,24,51,0,0,8,1,9,0,4,31,25,60,0,0,0,60
10/05/2009,MEI,MS,ASO,CE,Federal Contract Tower,0,4,15,38,57,0,0,4,0,4,0,4,19,38,61,0,8,8,69
10/06/2009,MEI,MS,ASO,CE,Federal Contract Tower,0,4,14,75,93,0,0,6,5,11,0,4,20,80,104,8,96,104,208
10/07/2009,MEI,MS,ASO,CE,Federal Contract Tower,0,4,11,98,113,0,0,9,4,13,0,4,20,102,126,16,100,116,242
10/08/2009,MEI,MS,ASO,CE,Federal Contract Tower,0,5,9,81,95,0,0,11,7,18,0,5,20,88,113,30,120,150,263
10/09/2009,MEI,MS,ASO,CE,Federal Contract Tower,0,6,14,61,81,0,0,2,8,10,0,6,16,69,91,0,50,50,141
10/10/2009,MEI,MS,ASO,CE,Federal Contract Tower,0,2,4,7,13,0,0,0,0,0,0,2,4,7,13,0,0,0,13
10/11/2009,MEI,MS,ASO,CE,Federal Contract Tower,0,4,19,7,30,0,4,3,0,7,0,8,22,7,37,0,0,0,37
10/12/2009,MEI,MS,ASO,CE,Federal Contract Tower,0,6,9,19,34,0,6,9,19,34,0,12,18,38,68,0,0,0,68
10/13/2009,MEI,MS,ASO,CE,Federal Contract Tower,0,4,16,67,87,0,0,1,2,3,0,4,17,69,90,0,40,40,130
10/14/2009,MEI,MS,ASO,CE,Federal Contract Tower,0,4,13,98,115,0,0,16,102,118,0,4,29,200,233,26,36,62,295
10/15/2009,MEI,MS,ASO,CE,Federal Contract Tower,0,4,6,132,142,0,0,0,2,2,0,4,6,134,144,16,110,126,270
10/16/2009,MEI,MS,ASO,CE,Federal Contract Tower,0,4,30,78,112,0,0,8,69,77,0,4,38,147,189,70,152,222,411
10/17/2009,MEI,MS,ASO,CE,Federal Contract Tower,0,2,17,7,26,0,0,19,7,26,0,2,36,14,52,2,14,16,68
10/18/2009,MEI,MS,ASO,CE,Federal Contract Tower,0,6,9,36,51,0,0,19,5,24,0,6,28,41,75,10,24,34,109
10/19/2009,MEI,MS,ASO,CE,Federal Contract Tower,0,7,10,44,61,0,0,24,15,39,0,7,34,59,100,2,14,16,116
10/20/2009,MEI,MS,ASO,CE,Federal Contract Tower,0,4,17,71,92,0,0,18,28,46,0,4,35,99,138,42,196,238,376
10/21/2009,MEI,MS,ASO,CE,Federal Contract Tower,0,8,11,73,92,0,0,10,35,45,0,8,21,108,137,50,140,190,327
10/22/2009,MEI,MS,ASO,CE,Federal Contract Tower,0,4,11,61,76,0,0,2,2,4,0,4,13,63,80,10,48,58,138
10/23/2009,MEI,MS,ASO,CE,Federal Contract Tower,0,4,7,101,112,0,0,21,11,32,0,4,28,112,144,58,98,156,300
10/24/2009,MEI,MS,ASO,CE,Federal Contract Tower,0,2,13,19,34,0,0,21,8,29,0,2,34,27,63,0,40,40,103
10/25/2009,MEI,MS,ASO,CE,Federal Contract Tower,0,4,16,22,42,0,0,22,7,29,0,4,38,29,71,32,14,46,117
10/26/2009,MEI,MS,ASO,CE,Federal Contract Tower,0,5,12,60,77,0,0,11,28,39,0,5,23,88,116,74,130,204,320
10/27/2009,MEI,MS,ASO,CE,Federal Contract Tower,0,4,10,42,56,0,0,2,6,8,0,4,12,48,64,2,50,52,116
10/28/2009,MEI,MS,ASO,CE,Federal Contract Tower,0,3,42,81,126,0,3,11,21,35,0,6,53,102,161,12,52,64,225
10/29/2009,MEI,MS,ASO,CE,Federal Contract Tower,0,4,15,80,99,0,0,4,4,8,0,4,19,84,107,0,32,32,139
10/30/2009,MEI,MS,ASO,CE,Federal Contract Tower,1,3,10,63,77,0,0,0,0,0,1,3,10,63,77,0,62,62,139
10/31/2009,MEI,MS,ASO,CE,Federal Contract Tower,0,2,8,10,20,0,0,15,9,24,0,2,23,19,44,0,18,18,62
11/01/2009,MEI,MS,ASO,CE,Federal Contract Tower,0,6,8,36,50,0,0,19,25,44,0,6,27,61,94,18,86,104,198
11/02/2009,MEI,MS,ASO,CE,Federal Contract Tower,0,5,14,44,63,0,0,22,33,55,0,5,36,77,118,10,122,132,250
11/03/2009,MEI,MS,ASO,CE,Federal Contract Tower,0,4,22,63,89,0,0,34,38,72,0,4,56,101,161,38,108,146,307
11/04/2009,MEI,MS,ASO,CE,Federal Contract Tower,0,7,20,106,133,0,0,18,37,55,0,7,38,143,188,22,180,202,390
11/05/2009,MEI,MS,ASO,CE,Federal Contract Tower,0,4,12,50,66,0,0,39,35,74,0,4,51,85,140,38,174,212,352
11/06/2009,MEI,MS,ASO,CE,Federal Contract Tower,0,4,10,52,66,0,0,31,29,60,0,4,41,81,126,66,120,186,312
11/07/2009,MEI,MS,ASO,CE,Federal Contract Tower,0,4,17,37,58,0,0,28,16,44,0,4,45,53,102,22,68,90,192
11/08/2009,MEI,MS,ASO,CE,Federal Contract Tower,0,6,19,54,79,0,0,17,9,26,0,6,36,63,105,10,56,66,171
11/09/2009,MEI,MS,ASO,CE,Federal Contract Tower,0,5,17,101,123,0,5,5,14,24,0,10,22,115,147,30,80,110,257
11/10/2009,MEI,MS,ASO,CE,Federal Contract Tower,0,2,13,56,71,0,0,1,3,4,0,2,14,59,75,0,14,14,89
11/11/2009,MEI,MS,ASO,CE,Federal Contract Tower,0,8,11,23,42,0,0,24,2,26,0,8,35,25,68,16,2,18,86
11/12/2009,MEI,MS,ASO,CE,Federal Contract Tower,0,5,7,104,116,0,0,19,32,51,0,5,26,136,167,10,176,186,353
11/13/2009,MEI,MS,ASO,CE,Federal Contract Tower,0,3,13,56,72,0,0,11,29,40,0,3,24,85,112,20,70,90,202
11/14/2009,MEI,MS,ASO,CE,Federal Contract Tower,0,2,4,35,41,0,0,11,28,39,0,2,15,63,80,4,20,24,104
11/15/2009,MEI,MS,ASO,CE,Federal Contract Tower,0,4,12,49,65,0,0,19,16,35,0,4,31,65,100,20,10,30,130
11/16/2009,MEI,MS,ASO,CE,Federal Contract Tower,0,4,12,90,106,0,4,5,25,34,0,8,17,115,140,0,100,100,240
11/17/2009,MEI,MS,ASO,CE,Federal Contract Tower,0,4,22,90,116,0,4,18,15,37,0,8,40,105,153,24,190,214,367
11/18/2009,MEI,MS,ASO,CE,Federal Contract Tower,0,5,20,108,133,0,0,14,16,30,0,5,34,124,163,0,65,65,228
11/19/2009,MEI,MS,ASO,CE,Federal Contract Tower,0,4,14,93,111,0,0,33,32,65,0,4,47,125,176,0,76,76,252
11/20/2009,MEI,MS,ASO,CE,Federal Contract Tower,0,4,13,43,60,0,0,28,45,73,0,4,41,88,133,36,88,124,257
11/21/2009,MEI,MS,ASO,CE,Federal Contract Tower,0,2,10,28,40,0,0,6,16,22,0,2,16,44,62,6,46,52,114
11/22/2009,MEI,MS,ASO,CE,Federal Contract Tower,0,3,24,41,68,0,0,0,0,0,0,3,24,41,68,0,0,0,68
11/23/2009,MEI,MS,ASO,CE,Federal Contract Tower,0,4,27,25,56,0,4,7,4,15,0,8,34,29,71,0,0,0,71
11/24/2009,MEI,MS,ASO,CE,Federal Contract Tower,0,6,21,74,101,0,0,22,17,39,0,6,43,91,140,0,80,80,220
11/25/2009,MEI,MS,ASO,CE,Federal Contract Tower,0,4,18,77,99,0,0,11,5,16,0,4,29,82,115,0,74,74,189
11/26/2009,MEI,MS,ASO,CE,Federal Contract Tower,0,4,7,0,11,0,0,22,0,22,0,4,29,0,33,0,0,0,33
11/27/2009,MEI,MS,ASO,CE,Federal Contract Tower,0,4,2,0,6,0,0,21,0,21,0,4,23,0,27,10,0,10,37
11/28/2009,MEI,MS,ASO,CE,Federal Contract Tower,0,4,16,26,46,0,0,33,13,46,0,4,49,39,92,40,120,160,252
11/29/2009,MEI,MS,ASO,CE,Federal Contract Tower,0,6,25,16,47,0,0,14,22,36,0,6,39,38,83,2,80,82,165
11/30/2009,MEI,MS,ASO,CE,Federal Contract Tower,0,4,16,58,78,0,0,5,10,15,0,4,21,68,93,2,72,74,167
12/01/2009,MEI,MS,ASO,CE,Federal Contract Tower,0,4,7,64,75,0,0,4,15,19,0,4,11,79,94,0,52,52,146
12/02/2009,MEI,MS,ASO,CE,Federal Contract Tower,0,6,9,82,97,0,0,3,0,3,0,6,12,82,100,0,10,10,110
12/03/2009,MEI,MS,ASO,CE,Federal Contract Tower,0,4,23,67,94,0,0,9,10,19,0,4,32,77,113,12,170,182,295
12/04/2009,MEI,MS,ASO,CE,Federal Contract Tower,0,4,15,47,66,0,0,7,31,38,0,4,22,78,104,30,168,198,302
12/05/2009,MEI,MS,ASO,CE,Federal Contract Tower,0,2,8,29,39,0,0,25,23,48,0,2,33,52,87,32,33,65,152
12/06/2009,MEI,MS,ASO,CE,Federal Contract Tower,0,4,8,59,71,0,0,24,25,49,0,4,32,84,120,0,102,102,222
12/07/2009,MEI,MS,ASO,CE,Federal Contract Tower,0,4,16,41,61,0,0,0,0,0,0,4,16,41,61,0,0,0,61
12/08/2009,MEI,MS,ASO,CE,Federal Contract Tower,0,5,6,10,21,0,0,0,0,0,0,5,6,10,21,0,0,0,21
12/09/2009,MEI,MS,ASO,CE,Federal Contract Tower,0,9,12,105,126,0,0,13,27,40,0,9,25,132,166,2,24,26,192
12/10/2009,MEI,MS,ASO,CE,Federal Contract Tower,0,4,21,75,100,0,0,24,32,56,0,4,45,107,156,36,140,176,332
12/11/2009,MEI,MS,ASO,CE,Federal Contract Tower,0,4,15,94,113,0,0,22,24,46,0,4,37,118,159,16,138,154,313
12/12/2009,MEI,MS,ASO,CE,Federal Contract Tower,0,2,1,15,18,0,0,0,0,0,0,2,1,15,18,0,0,0,18
12/13/2009,MEI,MS,ASO,CE,Federal Contract Tower,0,2,14,37,53,0,0,0,0,0,0,2,14,37,53,0,0,0,53
12/14/2009,MEI,MS,ASO,CE,Federal Contract Tower,0,4,9,5,18,0,0,0,0,0,0,4,9,5,18,0,0,0,18
12/15/2009,MEI,MS,ASO,CE,Federal Contract Tower,0,4,7,66,77,0,0,0,3,3,0,4,7,69,80,5,24,29,109
12/16/2009,MEI,MS,ASO,CE,Federal Contract Tower,0,6,14,98,118,0,0,23,33,56,0,6,37,131,174,24,130,154,328
12/17/2009,MEI,MS,ASO,CE,Federal Contract Tower,0,4,28,137,169,0,0,17,38,55,0,4,45,175,224,22,102,124,348
12/18/2009,MEI,MS,ASO,CE,Federal Contract Tower,0,3,15,118,136,0,0,3,4,7,0,3,18,122,143,0,38,38,181
12/19/2009,MEI,MS,ASO,CE,Federal Contract Tower,0,2,5,25,32,0,0,16,20,36,0,2,21,45,68,40,70,110,178
12/20/2009,MEI,MS,ASO,CE,Federal Contract Tower,0,4,9,73,86,0,0,16,19,35,0,4,25,92,121,8,75,83,204
12/21/2009,MEI,MS,ASO,CE,Federal Contract Tower,0,4,8,68,80,0,0,27,28,55,0,4,35,96,135,22,114,136,271
12/22/2009,MEI,MS,ASO,CE,Federal Contract Tower,0,4,16,54,74,0,0,27,30,57,0,4,43,84,131,38,133,171,302
12/23/2009,MEI,MS,ASO,CE,Federal Contract Tower,0,4,19,33,56,0,0,9,27,36,0,4,28,60,92,12,80,92,184
12/24/2009,MEI,MS,ASO,CE,Federal Contract Tower,0,4,3,0,7,0,0,0,0,0,0,4,3,0,7,0,0,0,7
12/25/2009,MEI,MS,ASO,CE,Federal Contract Tower,0,4,17,0,21,0,0,13,0,13,0,4,30,0,34,0,0,0,34
12/26/2009,MEI,MS,ASO,CE,Federal Contract Tower,0,2,10,0,12,0,0,25,0,25,0,2,35,0,37,20,0,20,57
12/27/2009,MEI,MS,ASO,CE,Federal Contract Tower,0,4,14,10,28,0,0,18,14,32,0,4,32,24,60,0,10,10,70
12/28/2009,MEI,MS,ASO,CE,Federal Contract Tower,0,4,10,15,29,0,0,20,20,40,0,4,30,35,69,8,62,70,139
12/29/2009,MEI,MS,ASO,CE,Federal Contract Tower,0,4,12,26,42,0,0,15,37,52,0,4,27,63,94,46,126,172,266
12/30/2009,MEI,MS,ASO,CE,Federal Contract Tower,0,4,13,16,33,0,0,4,14,18,0,4,17,30,51,0,29,29,80
12/31/2009,MEI,MS,ASO,CE,Federal Contract Tower,0,4,5,0,9,0,0,5,0,5,0,4,10,0,14,2,0,2,16
01/01/2010,MEI,MS,ASO,CE,Federal Contract Tower,0,6,0,0,6,0,0,11,0,11,0,6,11,0,17,2,0,2,19
01/02/2010,MEI,MS,ASO,CE,Federal Contract Tower,0,2,11,1,14,0,0,9,25,34,0,2,20,26,48,10,29,39,87
01/03/2010,MEI,MS,ASO,CE,Federal Contract Tower,0,4,18,7,29,0,0,13,18,31,0,4,31,25,60,2,10,12,72
01/04/2010,MEI,MS,ASO,CE,Federal Contract Tower,0,4,8,35,47,0,0,7,29,36,0,4,15,64,83,0,32,32,115
01/05/2010,MEI,MS,ASO,CE,Federal Contract Tower,0,4,23,44,71,0,0,38,40,78,0,4,61,84,149,34,58,92,241
01/06/2010,MEI,MS,ASO,CE,Federal Contract Tower,0,4,13,95,112,0,0,19,31,50,0,4,32,126,162,20,98,118,280
01/07/2010,MEI,MS,ASO,CE,Federal Contract Tower,0,3,10,32,45,0,0,0,0,0,0,3,10,32,45,44,0,44,89
01/08/2010,MEI,MS,ASO,CE,Federal Contract Tower,0,4,21,86,111,0,0,8,21,29,0,4,29,107,140,38,158,196,336
01/09/2010,MEI,MS,ASO,CE,Federal Contract Tower,0,2,11,77,90,0,0,1,22,23,0,2,12,99,113,0,152,152,265
01/10/2010,MEI,MS,ASO,CE,Federal Contract Tower,0,4,3,51,58,0,0,11,14,25,0,4,14,65,83,0,40,40,123
01/11/2010,MEI,MS,ASO,CE,Federal Contract Tower,0,4,6,53,63,0,0,6,19,25,0,4,12,72,88,6,84,90,178
01/12/2010,MEI,MS,ASO,CE,Federal Contract Tower,0,4,13,29,46,0,0,14,25,39,0,4,27,54,85,2,60,62,147
01/13/2010,MEI,MS,ASO,CE,Federal Contract Tower,0,4,5,71,80,0,0,13,30,43,0,4,18,101,123,6,130,136,259
01/14/2010,MEI,MS,ASO,CE,Federal Contract Tower,0,4,9,50,63,0,0,19,31,50,0,4,28,81,113,56,42,98,211
01/15/2010,MEI,MS,ASO,CE,Federal Contract Tower,0,4,18,62,84,0,0,41,47,88,0,4,59,109,172,30,134,164,336
01/16/2010,MEI,MS,ASO,CE,Federal Contract Tower,0,2,11,40,53,0,0,1,2,3,0,2,12,42,56,1,40,41,97
01/17/2010,MEI,MS,ASO,CE,Federal Contract Tower,0,2,10,3,15,0,0,2,0,2,0,2,12,3,17,0,0,0,17
01/18/2010,MEI,MS,ASO,CE,Federal Contract Tower,0,4,15,22,41,0,0,29,0,29,0,4,44,22,70,12,0,12,82
01/19/2010,MEI,MS,ASO,CE,Federal Contract Tower,0,4,9,112,125,0,0,12,17,29,0,4,21,129,154,18,132,150,304
01/20/2010,MEI,MS,ASO,CE,Federal Contract Tower,0,6,17,56,79,0,0,2,1,3,0,6,19,57,82,0,4,4,86
01/21/2010,MEI,MS,ASO,CE,Federal Contract Tower,0,4,18,80,102,0,0,7,25,32,0,4,25,105,134,158,42,200,334
01/22/2010,MEI,MS,ASO,CE,Federal Contract Tower,0,4,20,90,114,0,0,24,29,53,0,4,44,119,167,105,240,345,512
01/23/2010,MEI,MS,ASO,CE,Federal Contract Tower,0,2,11,74,87,0,0,11,4,15,0,2,22,78,102,0,150,150,252
01/24/2010,MEI,MS,ASO,CE,Federal Contract Tower,0,3,7,55,65,0,0,5,10,15,0,3,12,65,80,0,22,22,102
01/25/2010,MEI,MS,ASO,CE,Federal Contract Tower,0,3,14,69,86,0,0,21,20,41,0,3,35,89,127,4,142,146,273
01/26/2010,MEI,MS,ASO,CE,Federal Contract Tower,0,4,11,70,85,0,0,22,37,59,0,4,33,107,144,6,184,190,334
01/27/2010,MEI,MS,ASO,CE,Federal Contract Tower,0,4,17,96,117,0,0,16,30,46,0,4,33,126,163,76,254,330,493
01/28/2010,MEI,MS,ASO,CE,Federal Contract Tower,0,4,11,94,109,0,0,15,33,48,0,4,26,127,157,14,122,136,293
01/29/2010,MEI,MS,ASO,CE,Federal Contract Tower,0,4,3,40,47,0,0,2,6,8,0,4,5,46,55,0,8,8,63
01/30/2010,MEI,MS,ASO,CE,Federal Contract Tower,0,4,4,2,10,0,0,5,1,6,0,4,9,3,16,4,0,4,20
01/31/2010,MEI,MS,ASO,CE,Federal Contract Tower,0,4,17,30,51,0,0,14,98,112,0,4,31,128,163,38,94,132,295
02/01/2010,MEI,MS,ASO,CE,Federal Contract Tower,0,4,6,46,56,0,0,13,15,28,0,4,19,61,84,60,132,192,276
02/02/2010,MEI,MS,ASO,CE,Federal Contract Tower,0,4,20,112,136,0,0,15,22,37,0,4,35,134,173,0,132,132,305
02/03/2010,MEI,MS,ASO,CE,Federal Contract Tower,0,4,13,108,125,0,0,19,36,55,0,4,32,144,180,0,178,178,358
02/04/2010,MEI,MS,ASO,CE,Federal Contract Tower,0,4,7,37,48,0,0,0,0,0,0,4,7,37,48,0,0,0,48
02/05/2010,MEI,MS,ASO,CE,Federal Contract Tower,0,4,18,129,151,0,0,10,3,13,0,4,28,132,164,0,0,0,164
02/06/2010,MEI,MS,ASO,CE,Federal Contract Tower,0,2,23,86,111,0,0,11,19,30,0,2,34,105,141,10,148,158,299
02/07/2010,MEI,MS,ASO,CE,Federal Contract Tower,0,4,3,52,59,0,0,2,4,6,0,4,5,56,65,0,68,68,133
02/08/2010,MEI,MS,ASO,CE,Federal Contract Tower,0,4,10,87,101,0,0,17,33,50,0,4,27,120,151,32,144,176,327
02/09/2010,MEI,MS,ASO,CE,Federal Contract Tower,0,3,3,133,139,0,1,9,8,18,0,4,12,141,157,0,64,64,221
02/10/2010,MEI,MS,ASO,CE,Federal Contract Tower,0,4,5,95,104,0,0,18,26,44,0,4,23,121,148,10,116,126,274
02/11/2010,MEI,MS,ASO,CE,Federal Contract Tower,0,4,10,107,121,0,0,9,28,37,0,4,19,135,158,0,206,206,364
02/12/2010,MEI,MS,ASO,CE,Federal Contract Tower,0,0,1,0,1,0,0,0,0,0,0,0,1,0,1,0,0,0,1
02/13/2010,MEI,MS,ASO,CE,Federal Contract Tower,0,1,4,1,6,0,0,21,28,49,0,1,25,29,55,6,62,68,123
02/14/2010,MEI,MS,ASO,CE,Federal Contract Tower,0,3,6,16,25,0,0,6,1,7,0,3,12,17,32,0,12,12,44
02/15/2010,MEI,MS,ASO,CE,Federal Contract Tower,0,4,23,20,47,0,0,0,0,0,0,4,23,20,47,0,10,10,57
02/16/2010,MEI,MS,ASO,CE,Federal Contract Tower,0,4,15,137,156,0,0,11,36,47,0,4,26,173,203,28,112,140,343
02/17/2010,MEI,MS,ASO,CE,Federal Contract Tower,0,4,14,70,88,0,4,14,35,53,0,8,28,105,141,10,58,68,209
02/18/2010,MEI,MS,ASO,CE,Federal Contract Tower,0,4,38,129,171,0,0,16,25,41,0,4,54,154,212,35,150,185,397
02/19/2010,MEI,MS,ASO,CE,Federal Contract Tower,0,4,11,86,101,0,0,15,35,50,0,4,26,121,151,12,71,83,234
02/20/2010,MEI,MS,ASO,CE,Federal Contract Tower,0,2,4,53,59,0,0,26,12,38,0,2,30,65,97,12,62,74,171
02/21/2010,MEI,MS,ASO,CE,Federal Contract Tower,0,4,14,32,50,0,0,8,11,19,0,4,22,43,69,0,38,38,107
02/22/2010,MEI,MS,ASO,CE,Federal Contract Tower,0,4,18,102,124,0,0,2,2,4,0,4,20,104,128,0,76,76,204
02/23/2010,MEI,MS,ASO,CE,Federal Contract Tower,0,4,11,94,109,0,0,14,22,36,0,4,25,116,145,8,222,230,375
02/24/2010,MEI,MS,ASO,CE,Federal Contract Tower,0,4,9,58,71,0,0,7,29,36,0,4,16,87,107,0,104,104,211
02/25/2010,MEI,MS,ASO,CE,Federal Contract Tower,0,4,14,76,94,0,0,16,35,51,0,4,30,111,145,0,135,135,280
02/26/2010,MEI,MS,ASO,CE,Federal Contract Tower,0,4,6,57,67,0,0,29,21,50,0,4,35,78,117,11,170,181,298
02/27/2010,MEI,MS,ASO,CE,Federal Contract Tower,0,7,14,14,35,0,0,23,9,32,0,7,37,23,67,20,40,60,127
02/28/2010,MEI,MS,ASO,CE,Federal Contract Tower,0,4,10,22,36,0,0,32,12,44,0,4,42,34,80,18,48,66,146
03/01/2010,MEI,MS,ASO,CE,Federal Contract Tower,0,4,5,43,52,0,0,4,15,19,0,4,9,58,71,2,94,96,167
03/02/2010,MEI,MS,ASO,CE,Federal Contract Tower,0,4,15,40,59,0,0,5,2,7,0,4,20,42,66,15,62,77,143
03/03/2010,MEI,MS,ASO,CE,Federal Contract Tower,0,4,19,102,125,0,0,9,28,37,0,4,28,130,162,1,88,89,251
03/04/2010,MEI,MS,ASO,CE,Federal Contract Tower,0,4,30,140,174,0,0,18,34,52,0,4,48,174,226,12,122,134,360
03/05/2010,MEI,MS,ASO,CE,Federal Contract Tower,0,4,4,104,112,0,0,24,45,69,0,4,28,149,181,14,218,232,413
03/06/2010,MEI,MS,ASO,CE,Federal Contract Tower,0,2,6,48,56,0,0,21,14,35,0,2,27,62,91,10,84,94,185
03/07/2010,MEI,MS,ASO,CE,Federal Contract Tower,0,4,7,15,26,0,0,22,24,46,0,4,29,39,72,8,40,48,120
03/08/2010,MEI,MS,ASO,CE,Federal Contract Tower,0,4,10,93,107,0,0,15,50,65,0,4,25,143,172,122,108,230,402
03/09/2010,MEI,MS,ASO,CE,Federal Contract Tower,0,4,13,24,41,0,0,1,5,6,0,4,14,29,47,0,82,82,129
03/10/2010,MEI,MS,ASO,CE,Federal Contract Tower,0,4,1,36,41,0,0,4,3,7,0,4,5,39,48,0,10,10,58
03/11/2010,MEI,MS,ASO,CE,Federal Contract Tower,0,3,14,102,119,0,0,14,33,47,0,3,28,135,166,24,178,202,368
03/12/2010,MEI,MS,ASO,CE,Federal Contract Tower,0,1,38,108,147,0,0,29,38,67,0,1,67,146,214,94,256,350,564
03/13/2010,MEI,MS,ASO,CE,Federal Contract Tower,0,2,18,26,46,0,0,8,14,22,0,2,26,40,68,0,30,30,98
03/14/2010,MEI,MS,ASO,CE,Federal Contract Tower,0,4,15,26,45,0,0,14,14,28,0,4,29,40,73,2,0,2,75
03/15/2010,MEI,MS,ASO,CE,Federal Contract Tower,0,4,9,109,122,0,0,17,23,40,0,4,26,132,162,32,140,172,334
03/16/2010,MEI,MS,ASO,CE,Federal Contract Tower,0,4,16,106,126,0,0,10,4,14,0,4,26,110,140,18,168,186,326
03/17/2010,MEI,MS,ASO,CE,Federal Contract Tower,0,4,22,167,193,0,0,7,11,18,0,4,29,178,211,0,138,138,349
03/18/2010,MEI,MS,ASO,CE,Federal Contract Tower,0,4,11,71,86,0,0,17,43,60,0,4,28,114,146,10,130,140,286
03/19/2010,MEI,MS,ASO,CE,Federal Contract Tower,0,4,20,75,99,0,0,26,35,61,0,4,46,110,160,41,165,206,366
03/20/2010,MEI,MS,ASO,CE,Federal Contract Tower,0,2,27,45,74,0,0,13,8,21,0,2,40,53,95,28,20,48,143
03/21/2010,MEI,MS,ASO,CE,Federal Contract Tower,0,5,11,73,89,0,0,7,0,7,0,5,18,73,96,20,8,28,124
03/22/2010,MEI,MS,ASO,CE,Federal Contract Tower,0,4,13,112,129,0,0,18,5,23,0,4,31,117,152,0,32,32,184
03/23/2010,MEI,MS,ASO,CE,Federal Contract Tower,0,4,7,86,97,0,0,16,40,56,0,4,23,126,153,0,206,206,359
03/24/2010,MEI,MS,ASO,CE,Federal Contract Tower,0,6,13,98,117,0,0,22,56,78,0,6,35,154,195,38,124,162,357
03/25/2010,MEI,MS,ASO,CE,Federal Contract Tower,0,4,7,68,79,0,0,3,4,7,0,4,10,72,86,24,80,104,190
03/26/2010,MEI,MS,ASO,CE,Federal Contract Tower,0,4,19,92,115,0,0,12,24,36,0,4,31,116,151,0,126,126,277
03/27/2010,MEI,MS,ASO,CE,Federal Contract Tower,0,2,4,26,32,0,0,26,19,45,0,2,30,45,77,0,22,22,99
03/28/2010,MEI,MS,ASO,CE,Federal Contract Tower,0,4,14,37,55,0,0,17,4,21,0,4,31,41,76,22,57,79,155
03/29/2010,MEI,MS,ASO,CE,Federal Contract Tower,0,4,4,113,121,0,0,18,29,47,0,4,22,142,168,0,144,144,312
03/30/2010,MEI,MS,ASO,CE,Federal Contract Tower,0,4,14,94,112,0,0,42,37,79,0,4,56,131,191,20,118,138,329
03/31/2010,MEI,MS,ASO,CE,Federal Contract Tower,0,4,13,113,130,0,0,25,49,74,0,4,38,162,204,2,38,40,244
04/01/2010,MEI,MS,ASO,CE,Federal Contract Tower,0,5,55,121,181,0,0,30,42,72,0,5,85,163,253,36,90,126,379
04/02/2010,MEI,MS,ASO,CE,Federal Contract Tower,0,4,36,96,136,0,0,12,31,43,0,4,48,127,179,0,164,164,343
04/03/2010,MEI,MS,ASO,CE,Federal Contract Tower,0,2,15,23,40,0,0,11,13,24,0,2,26,36,64,0,20,20,84
04/04/2010,MEI,MS,ASO,CE,Federal Contract Tower,0,3,26,19,48,0,0,6,11,17,0,3,32,30,65,22,8,30,95
04/05/2010,MEI,MS,ASO,CE,Federal Contract Tower,0,4,22,92,118,0,0,12,24,36,0,4,34,116,154,78,132,210,364
04/06/2010,MEI,MS,ASO,CE,Federal Contract Tower,0,4,16,72,92,0,0,22,33,55,0,4,38,105,147,2,138,140,287
04/07/2010,MEI,MS,ASO,CE,Federal Contract Tower,0,4,26,106,136,0,0,9,39,48,0,4,35,145,184,10,120,130,314
04/08/2010,MEI,MS,ASO,CE,Federal Contract Tower,0,4,17,113,134,0,0,23,26,49,0,4,40,139,183,36,96,132,315
04/09/2010,MEI,MS,ASO,CE,Federal Contract Tower,0,4,27,82,113,0,0,60,33,93,0,4,87,115,206,44,184,228,434
04/10/2010,MEI,MS,ASO,CE,Federal Contract Tower,0,2,15,31,48,0,0,42,21,63,0,2,57,52,111,44,32,76,187
04/11/2010,MEI,MS,ASO,CE,Federal Contract Tower,0,4,45,40,89,0,0,31,18,49,0,4,76,58,138,0,0,0,138
04/12/2010,MEI,MS,ASO,CE,Federal Contract Tower,0,4,6,97,107,0,0,16,38,54,0,4,22,135,161,20,128,148,309
04/13/2010,MEI,MS,ASO,CE,Federal Contract Tower,0,4,25,73,102,0,0,25,44,69,0,4,50,117,171,20,138,158,329
04/14/2010,MEI,MS,ASO,CE,Federal Contract Tower,0,4,14,81,99,0,0,18,39,57,0,4,32,120,156,8,154,162,318
04/15/2010,MEI,MS,ASO,CE,Federal Contract Tower,0,4,67,130,201,0,0,37,48,85,0,4,104,178,286,64,152,216,502
04/16/2010,MEI,MS,ASO,CE,Federal Contract Tower,0,4,21,49,74,0,0,48,57,105,0,4,69,106,179,42,164,206,385
04/17/2010,MEI,MS,ASO,CE,Federal Contract Tower,0,2,10,10,22,0,0,26,18,44,0,2,36,28,66,20,10,30,96
04/18/2010,MEI,MS,ASO,CE,Federal Contract Tower,0,4,25,29,58,0,0,30,17,47,0,4,55,46,105,0,54,54,159
04/19/2010,MEI,MS,ASO,CE,Federal Contract Tower,0,4,17,43,64,0,0,11,36,47,0,4,28,79,111,56,128,184,295
04/20/2010,MEI,MS,ASO,CE,Federal Contract Tower,0,4,21,67,92,0,0,14,51,65,0,4,35,118,157,12,142,154,311
04/21/2010,MEI,MS,ASO,CE,Federal Contract Tower,0,4,16,87,107,0,0,18,39,57,0,4,34,126,164,18,134,152,316
04/22/2010,MEI,MS,ASO,CE,Federal Contract Tower,0,4,12,75,91,0,0,18,30,48,0,4,30,105,139,56,190,246,385
04/23/2010,MEI,MS,ASO,CE,Federal Contract Tower,0,4,21,48,73,0,0,1,0,1,0,4,22,48,74,0,0,0,74
04/24/2010,MEI,MS,ASO,CE,Federal Contract Tower,0,2,0,0,2,0,0,1,1,2,0,2,1,1,4,0,0,0,4
04/25/2010,MEI,MS,ASO,CE,Federal Contract Tower,0,4,48,45,97,0,0,27,19,46,0,4,75,64,143,8,164,172,315
04/26/2010,MEI,MS,ASO,CE,Federal Contract Tower,0,4,38,81,123,0,0,23,38,61,0,4,61,119,184,20,126,146,330
04/27/2010,MEI,MS,ASO,CE,Federal Contract Tower,0,4,18,55,77,0,0,17,32,49,0,4,35,87,126,0,170,170,296
04/28/2010,MEI,MS,ASO,CE,Federal Contract Tower,0,8,14,87,109,0,0,25,40,65,0,8,39,127,174,34,166,200,374
04/29/2010,MEI,MS,ASO,CE,Federal Contract Tower,0,4,23,143,170,0,0,27,39,66,0,4,50,182,236,36,256,292,528
04/30/2010,MEI,MS,ASO,CE,Federal Contract Tower,0,4,26,142,172,0,0,10,6,16,0,4,36,148,188,0,50,50,238
05/01/2010,MEI,MS,ASO,CE,Federal Contract Tower,0,2,10,11,23,0,0,0,0,0,0,2,10,11,23,0,0,0,23
05/02/2010,MEI,MS,ASO,CE,Federal Contract Tower,0,10,10,3,23,0,0,0,0,0,0,10,10,3,23,0,0,0,23
05/03/2010,MEI,MS,ASO,CE,Federal Contract Tower,0,4,14,82,100,0,0,10,18,28,0,4,24,100,128,0,118,118,246
05/04/2010,MEI,MS,ASO,CE,Federal Contract Tower,0,4,11,97,112,0,0,19,33,52,0,4,30,130,164,0,106,106,270
05/05/2010,MEI,MS,ASO,CE,Federal Contract Tower,0,6,23,61,90,0,0,46,49,95,0,6,69,110,185,4,172,176,361
05/06/2010,MEI,MS,ASO,CE,Federal Contract Tower,0,4,20,85,109,0,0,38,54,92,0,4,58,139,201,26,202,228,429
05/07/2010,MEI,MS,ASO,CE,Federal Contract Tower,0,5,23,97,125,0,0,20,15,35,0,5,43,112,160,46,230,276,436
05/08/2010,MEI,MS,ASO,CE,Federal Contract Tower,0,3,9,5,17,0,0,23,20,43,0,3,32,25,60,38,68,106,166
05/09/2010,MEI,MS,ASO,CE,Federal Contract Tower,0,4,16,18,38,0,0,24,8,32,0,4,40,26,70,20,46,66,136
05/10/2010,MEI,MS,ASO,CE,Federal Contract Tower,0,4,37,101,142,0,0,14,26,40,0,4,51,127,182,94,282,376,558
05/11/2010,MEI,MS,ASO,CE,Federal Contract Tower,0,4,20,80,104,0,0,10,33,43,0,4,30,113,147,6,140,146,293
05/12/2010,MEI,MS,ASO,CE,Federal Contract Tower,0,4,17,114,135,0,0,32,36,68,0,4,49,150,203,60,202,262,465
05/13/2010,MEI,MS,ASO,CE,Federal Contract Tower,0,4,14,48,66,0,0,15,30,45,0,4,29,78,111,18,106,124,235
05/14/2010,MEI,MS,ASO,CE,Federal Contract Tower,0,4,22,41,67,0,0,25,50,75,0,4,47,91,142,10,76,86,228
05/15/2010,MEI,MS,ASO,CE,Federal Contract Tower,0,3,17,9,29,0,0,31,32,63,0,3,48,41,92,22,80,102,194
05/16/2010,MEI,MS,ASO,CE,Federal Contract Tower,0,4,16,21,41,0,0,9,5,14,0,4,25,26,55,16,0,16,71
05/17/2010,MEI,MS,ASO,CE,Federal Contract Tower,0,4,11,72,87,0,0,16,27,43,0,4,27,99,130,0,120,120,250
05/18/2010,MEI,MS,ASO,CE,Federal Contract Tower,0,4,19,74,97,0,0,13,37,50,0,4,32,111,147,48,246,294,441
05/19/2010,MEI,MS,ASO,CE,Federal Contract Tower,0,4,18,76,98,0,0,23,52,75,0,4,41,128,173,0,166,166,339
05/20/2010,MEI,MS,ASO,CE,Federal Contract Tower,0,4,25,76,105,0,0,43,22,65,0,4,68,98,170,6,152,158,328
05/21/2010,MEI,MS,ASO,CE,Federal Contract Tower,0,4,25,62,91,0,0,40,16,56,0,4,65,78,147,226,92,318,465
05/22/2010,MEI,MS,ASO,CE,Federal Contract Tower,0,2,48,38,88,0,0,46,27,73,0,2,94,65,161,240,114,354,515
05/23/2010,MEI,MS,ASO,CE,Federal Contract Tower,0,4,9,7,20,0,0,29,13,42,0,4,38,20,62,36,52,88,150
05/24/2010,MEI,MS,ASO,CE,Federal Contract Tower,0,4,34,100,138,0,0,23,41,64,0,4,57,141,202,46,136,182,384
05/25/2010,MEI,MS,ASO,CE,Federal Contract Tower,0,4,14,37,55,0,0,21,40,61,0,4,35,77,116,27,142,169,285
05/26/2010,MEI,MS,ASO,CE,Federal Contract Tower,0,4,21,70,95,0,0,20,41,61,0,4,41,111,156,10,150,160,316
05/27/2010,MEI,MS,ASO,CE,Federal Contract Tower,0,6,17,52,75,0,0,41,55,96,0,6,58,107,171,72,182,254,425
05/28/2010,MEI,MS,ASO,CE,Federal Contract Tower,0,4,47,60,111,0,0,7,52,59,0,4,54,112,170,42,272,314,484
05/29/2010,MEI,MS,ASO,CE,Federal Contract Tower,0,2,12,3,17,0,0,27,43,70,0,2,39,46,87,42,44,86,173
05/30/2010,MEI,MS,ASO,CE,Federal Contract Tower,0,4,2,1,7,0,0,12,0,12,0,4,14,1,19,0,0,0,19
05/31/2010,MEI,MS,ASO,CE,Federal Contract Tower,0,4,16,38,58,0,0,21,0,21,0,4,37,38,79,8,34,42,121
06/01/2010,MEI,MS,ASO,CE,Federal Contract Tower,0,4,15,110,129,0,0,17,17,34,0,4,32,127,163,4,142,146,309
06/02/2010,MEI,MS,ASO,CE,Federal Contract Tower,0,4,8,67,79,0,0,16,22,38,0,4,24,89,117,12,204,216,333
06/03/2010,MEI,MS,ASO,CE,Federal Contract Tower,0,4,7,136,147,0,0,37,30,67,0,4,44,166,214,40,150,190,404
06/04/2010,MEI,MS,ASO,CE,Federal Contract Tower,0,4,17,76,97,0,0,14,15,29,0,4,31,91,126,68,106,174,300
06/05/2010,MEI,MS,ASO,CE,Federal Contract Tower,0,2,21,12,35,0,0,16,1,17,0,2,37,13,52,20,0,20,72
06/06/2010,MEI,MS,ASO,CE,Federal Contract Tower,0,4,16,52,72,0,0,7,6,13,0,4,23,58,85,0,10,10,95
06/07/2010,MEI,MS,ASO,CE,Federal Contract Tower,0,4,20,101,125,0,0,47,28,75,0,4,67,129,200,80,182,262,462
06/08/2010,MEI,MS,ASO,CE,Federal Contract Tower,0,4,12,87,103,0,0,20,44,64,0,4,32,131,167,78,194,272,439
06/09/2010,MEI,MS,ASO,CE,Federal Contract Tower,0,4,11,105,120,0,0,21,30,51,0,4,32,135,171,38,158,196,367
06/10/2010,MEI,MS,ASO,CE,Federal Contract Tower,0,4,24,105,133,0,0,32,36,68,0,4,56,141,201,14,174,188,389
06/11/2010,MEI,MS,ASO,CE,Federal Contract Tower,0,4,10,77,91,0,0,29,31,60,0,4,39,108,151,100,198,298,449
06/12/2010,MEI,MS,ASO,CE,Federal Contract Tower,0,2,11,8,21,0,0,41,31,72,0,2,52,39,93,10,30,40,133
06/13/2010,MEI,MS,ASO,CE,Federal Contract Tower,0,5,16,28,49,0,0,18,26,44,0,5,34,54,93,34,0,34,127
06/14/2010,MEI,MS,ASO,CE,Federal Contract Tower,0,4,10,141,155,0,0,15,37,52,0,4,25,178,207,18,124,142,349
06/15/2010,MEI,MS,ASO,CE,Federal Contract Tower,0,4,11,75,90,0,0,8,42,50,0,4,19,117,140,46,200,246,386
06/16/2010,MEI,MS,ASO,CE,Federal Contract Tower,0,4,13,93,110,0,0,14,31,45,0,4,27,124,155,26,240,266,421
06/17/2010,MEI,MS,ASO,CE,Federal Contract Tower,0,4,20,64,88,0,0,12,29,41,0,4,32,93,129,28,86,114,243
06/18/2010,MEI,MS,ASO,CE,Federal Contract Tower,0,4,11,48,63,0,0,23,31,54,0,4,34,79,117,27,95,122,239
06/19/2010,MEI,MS,ASO,CE,Federal Contract Tower,0,2,10,7,19,0,0,19,23,42,0,2,29,30,61,24,12,36,97
06/20/2010,MEI,MS,ASO,CE,Federal Contract Tower,0,4,35,29,68,0,0,25,12,37,0,4,60,41,105,32,20,52,157
06/21/2010,MEI,MS,ASO,CE,Federal Contract Tower,0,4,19,107,130,0,0,20,30,50,0,4,39,137,180,32,198,230,410
06/22/2010,MEI,MS,ASO,CE,Federal Contract Tower,0,4,26,95,125,0,0,12,34,46,0,4,38,129,171,2,132,134,305
06/23/2010,MEI,MS,ASO,CE,Federal Contract Tower,0,4,18,97,119,0,0,10,11,21,0,4,28,108,140,86,258,344,484
06/24/2010,MEI,MS,ASO,CE,Federal Contract Tower,0,4,24,78,106,0,0,48,64,112,0,4,72,142,218,88,183,271,489
06/25/2010,MEI,MS,ASO,CE,Federal Contract Tower,0,4,24,68,96,0,0,30,45,75,0,4,54,113,171,62,152,214,385
06/26/2010,MEI,MS,ASO,CE,Federal Contract Tower,0,2,19,15,36,0,0,35,30,65,0,2,54,45,101,40,112,152,253
06/27/2010,MEI,MS,ASO,CE,Federal Contract Tower,0,4,22,41,67,0,0,19,13,32,0,4,41,54,99,10,58,68,167
06/28/2010,MEI,MS,ASO,CE,Federal Contract Tower,0,4,21,48,73,0,0,20,24,44,0,4,41,72,117,0,102,102,219
06/29/2010,MEI,MS,ASO,CE,Federal Contract Tower,0,4,11,42,57,0,0,16,33,49,0,4,27,75,106,14,78,92,198
06/30/2010,MEI,MS,ASO,CE,Federal Contract Tower,0,4,15,83,102,0,0,17,20,37,0,4,32,103,139,36,154,190,329
07/01/2010,MEI,MS,ASO,CE,Federal Contract Tower,0,4,25,66,95,0,0,7,9,16,0,4,32,75,111,0,56,56,167
07/02/2010,MEI,MS,ASO,CE,Federal Contract Tower,0,4,19,72,95,0,0,27,32,59,0,4,46,104,154,28,152,180,334
07/03/2010,MEI,MS,ASO,CE,Federal Contract Tower,0,2,14,1,17,0,0,24,0,24,0,2,38,1,41,48,0,48,89
07/04/2010,MEI,MS,ASO,CE,Federal Contract Tower,0,3,8,0,11,0,0,23,8,31,0,3,31,8,42,32,4,36,78
07/05/2010,MEI,MS,ASO,CE,Federal Contract Tower,0,4,37,15,56,0,0,15,0,15,0,4,52,15,71,10,0,10,81
07/06/2010,MEI,MS,ASO,CE,Federal Contract Tower,0,4,11,53,68,0,0,2,1,3,0,4,13,54,71,6,20,26,97
07/07/2010,MEI,MS,ASO,CE,Federal Contract Tower,0,4,3,95,102,0,0,10,54,64,0,4,13,149,166,22,196,218,384
07/08/2010,MEI,MS,ASO,CE,Federal Contract Tower,0,4,20,92,116,0,0,43,45,88,0,4,63,137,204,72,298,370,574
07/09/2010,MEI,MS,ASO,CE,Federal Contract Tower,0,4,18,84,106,0,0,32,30,62,0,4,50,114,168,28,126,154,322
07/10/2010,MEI,MS,ASO,CE,Federal Contract Tower,0,2,8,35,45,0,0,21,16,37,0,2,29,51,82,30,42,72,154
07/11/2010,MEI,MS,ASO,CE,Federal Contract Tower,0,4,27,47,78,0,0,13,20,33,0,4,40,67,111,22,26,48,159
07/12/2010,MEI,MS,ASO,CE,Federal Contract Tower,0,4,22,68,94,0,0,32,48,80,0,4,54,116,174,32,250,282,456
07/13/2010,MEI,MS,ASO,CE,Federal Contract Tower,0,4,25,73,102,0,0,6,16,22,0,4,31,89,124,12,230,242,366
07/14/2010,MEI,MS,ASO,CE,Federal Contract Tower,0,4,17,61,82,0,0,14,39,53,0,4,31,100,135,20,202,222,357
07/15/2010,MEI,MS,ASO,CE,Federal Contract Tower,0,4,20,102,126,0,0,27,32,59,0,4,47,134,185,44,174,218,403
07/16/2010,MEI,MS,ASO,CE,Federal Contract Tower,0,4,7,0,11,0,0,29,54,83,0,4,36,54,94,52,74,126,220
07/17/2010,MEI,MS,ASO,CE,Federal Contract Tower,0,2,6,22,30,0,0,16,5,21,0,2,22,27,51,0,4,4,55
07/18/2010,MEI,MS,ASO,CE,Federal Contract Tower,0,4,19,24,47,0,0,15,20,35,0,4,34,44,82,36,8,44,126
07/19/2010,MEI,MS,ASO,CE,Federal Contract Tower,0,4,30,130,164,0,0,24,45,69,0,4,54,175,233,14,236,250,483
07/20/2010,MEI,MS,ASO,CE,Federal Contract Tower,0,4,6,68,78,0,0,21,25,46,0,4,27,93,124,18,192,210,334
07/21/2010,MEI,MS,ASO,CE,Federal Contract Tower,0,4,35,96,135,0,0,23,39,62,0,4,58,135,197,4,184,188,385
07/22/2010,MEI,MS,ASO,CE,Federal Contract Tower,0,4,14,117,135,0,0,35,38,73,0,4,49,155,208,58,212,270,478
07/23/2010,MEI,MS,ASO,CE,Federal Contract Tower,0,3,9,57,69,0,1,21,29,51,0,4,30,86,120,18,152,170,290
07/24/2010,MEI,MS,ASO,CE,Federal Contract Tower,0,2,19,13,34,0,0,14,12,26,0,2,33,25,60,20,36,56,116
07/25/2010,MEI,MS,ASO,CE,Federal Contract Tower,0,5,23,21,49,0,0,14,18,32,0,5,37,39,81,20,36,56,137
07/26/2010,MEI,MS,ASO,CE,Federal Contract Tower,0,4,20,102,126,0,0,14,45,59,0,4,34,147,185,4,188,192,377
07/27/2010,MEI,MS,ASO,CE,Federal Contract Tower,0,4,11,68,83,0,0,7,27,34,0,4,18,95,117,0,88,88,205
07/28/2010,MEI,MS,ASO,CE,Federal Contract Tower,0,4,10,86,100,0,0,30,52,82,0,4,40,138,182,44,126,170,352
07/29/2010,MEI,MS,ASO,CE,Federal Contract Tower,0,4,14,83,101,0,1,18,15,34,0,5,32,98,135,0,48,48,183
07/30/2010,MEI,MS,ASO,CE,Federal Contract Tower,2,4,3,45,54,0,0,16,20,36,2,4,19,65,90,20,107,127,217
07/31/2010,MEI,MS,ASO,CE,Federal Contract Tower,0,2,8,5,15,0,0,18,16,34,0,2,26,21,49,4,26,30,79
08/01/2010,MEI,MS,ASO,CE,Federal Contract Tower,0,4,45,50,99,0,0,21,23,44,0,4,66,73,143,24,64,88,231
08/02/2010,MEI,MS,ASO,CE,Federal Contract Tower,0,4,16,99,119,0,0,18,44,62,0,4,34,143,181,18,210,228,409
08/03/2010,MEI,MS,ASO,CE,Federal Contract Tower,0,4,33,108,145,0,0,15,41,56,0,4,48,149,201,18,168,186,387
08/04/2010,MEI,MS,ASO,CE,Federal Contract Tower,0,4,6,76,86,0,0,31,35,66,0,4,37,111,152,38,130,168,320
08/05/2010,MEI,MS,ASO,CE,Federal Contract Tower,0,4,22,131,157,0,0,13,31,44,0,4,35,162,201,18,212,230,431
08/06/2010,MEI,MS,ASO,CE,Federal Contract Tower,0,4,11,96,111,0,0,14,21,35,0,4,25,117,146,22,82,104,250
08/07/2010,MEI,MS,ASO,CE,Federal Contract Tower,0,2,6,58,66,0,0,21,13,34,0,2,27,71,100,54,126,180,280
08/08/2010,MEI,MS,ASO,CE,Federal Contract Tower,0,4,23,45,72,0,0,23,17,40,0,4,46,62,112,10,30,40,152
08/09/2010,MEI,MS,ASO,CE,Federal Contract Tower,0,4,9,160,173,0,0,25,29,54,0,4,34,189,227,42,212,254,481
08/10/2010,MEI,MS,ASO,CE,Federal Contract Tower,0,4,18,101,123,0,0,26,33,59,0,4,44,134,182,12,264,276,458
08/11/2010,MEI,MS,ASO,CE,Federal Contract Tower,0,5,12,80,97,0,0,42,29,71,0,5,54,109,168,116,342,458,626
08/12/2010,MEI,MS,ASO,CE,Federal Contract Tower,0,4,8,75,87,0,0,19,37,56,0,4,27,112,143,10,178,188,331
08/13/2010,MEI,MS,ASO,CE,Federal Contract Tower,0,4,19,83,106,0,0,0,0,0,0,4,19,83,106,10,63,73,179
08/14/2010,MEI,MS,ASO,CE,Federal Contract Tower,0,2,14,57,73,0,0,0,0,0,0,2,14,57,73,30,56,86,159
08/15/2010,MEI,MS,ASO,CE,Federal Contract Tower,0,4,38,53,95,0,0,18,24,42,0,4,56,77,137,32,66,98,235
08/16/2010,MEI,MS,ASO,CE,Federal Contract Tower,0,4,8,60,72,0,0,5,38,43,0,4,13,98,115,15,96,111,226
08/17/2010,MEI,MS,ASO,CE,Federal Contract Tower,0,4,21,126,151,0,0,6,12,18,0,4,27,138,169,14,140,154,323
08/18/2010,MEI,MS,ASO,CE,Federal Contract Tower,0,4,8,106,118,0,0,4,6,10,0,4,12,112,128,40,100,140,268
08/19/2010,MEI,MS,ASO,CE,Federal Contract Tower,0,4,12,51,67,0,0,1,9,10,0,4,13,60,77,0,66,66,143
08/20/2010,MEI,MS,ASO,CE,Federal Contract Tower,0,3,13,74,90,0,0,15,25,40,0,3,28,99,130,32,100,132,262
08/21/2010,MEI,MS,ASO,CE,Federal Contract Tower,0,2,11,7,20,0,0,16,18,34,0,2,27,25,54,10,28,38,92
08/22/2010,MEI,MS,ASO,CE,Federal Contract Tower,0,3,28,3,34,0,0,21,8,29,0,3,49,11,63,24,5,29,92
08/23/2010,MEI,MS,ASO,CE,Federal Contract Tower,0,4,15,102,121,0,0,28,40,68,0,4,43,142,189,36,166,202,391
08/24/2010,MEI,MS,ASO,CE,Federal Contract Tower,0,4,15,23,42,0,0,14,24,38,0,4,29,47,80,0,108,108,188
08/25/2010,MEI,MS,ASO,CE,Federal Contract Tower,0,5,15,102,122,0,0,16,22,38,0,5,31,124,160,32,206,238,398
08/26/2010,MEI,MS,ASO,CE,Federal Contract Tower,0,4,6,93,103,0,0,7,33,40,0,4,13,126,143,0,156,156,299
08/27/2010,MEI,MS,ASO,CE,Federal Contract Tower,0,4,7,112,123,0,0,20,28,48,0,4,27,140,171,0,156,156,327
08/28/2010,MEI,MS,ASO,CE,Federal Contract Tower,0,2,12,12,26,0,0,16,7,23,0,2,28,19,49,70,4,74,123
08/29/2010,MEI,MS,ASO,CE,Federal Contract Tower,0,8,9,43,60,0,0,10,5,15,0,8,19,48,75,10,30,40,115
08/30/2010,MEI,MS,ASO,CE,Federal Contract Tower,0,6,19,124,149,0,0,20,11,31,0,6,39,135,180,22,150,172,352
08/31/2010,MEI,MS,ASO,CE,Federal Contract Tower,0,4,22,114,140,0,0,11,25,36,0,4,33,139,176,12,192,204,380
09/01/2010,MEI,MS,ASO,CE,Federal Contract Tower,0,4,12,94,110,0,0,18,36,54,0,4,30,130,164,0,114,114,278
09/02/2010,MEI,MS,ASO,CE,Federal Contract Tower,0,4,14,69,87,0,0,24,29,53,0,4,38,98,140,0,141,141,281
09/03/2010,MEI,MS,ASO,CE,Federal Contract Tower,0,4,8,45,57,0,0,19,29,48,0,4,27,74,105,66,92,158,263
09/04/2010,MEI,MS,ASO,CE,Federal Contract Tower,0,2,4,8,14,0,0,21,17,38,0,2,25,25,52,42,24,66,118
09/05/2010,MEI,MS,ASO,CE,Federal Contract Tower,0,4,2,1,7,0,0,23,0,23,0,4,25,1,30,56,0,56,86
09/06/2010,MEI,MS,ASO,CE,Federal Contract Tower,0,4,17,14,35,0,0,44,0,44,0,4,61,14,79,18,0,18,97
09/07/2010,MEI,MS,ASO,CE,Federal Contract Tower,0,4,12,84,100,0,0,30,38,68,0,4,42,122,168,22,174,196,364
09/08/2010,MEI,MS,ASO,CE,Federal Contract Tower,0,4,7,80,91,0,0,13,36,49,0,4,20,116,140,0,147,147,287
09/09/2010,MEI,MS,ASO,CE,Federal Contract Tower,0,4,27,73,104,0,0,19,65,84,0,4,46,138,188,0,118,118,306
09/10/2010,MEI,MS,ASO,CE,Federal Contract Tower,0,4,17,71,92,0,0,12,29,41,0,4,29,100,133,22,182,204,337
09/11/2010,MEI,MS,ASO,CE,Federal Contract Tower,0,3,14,23,40,0,0,25,13,38,0,3,39,36,78,26,92,118,196
09/12/2010,MEI,MS,ASO,CE,Federal Contract Tower,0,5,8,48,61,0,0,18,13,31,0,5,26,61,92,20,94,114,206
09/13/2010,MEI,MS,ASO,CE,Federal Contract Tower,0,3,8,65,76,0,0,14,50,64,0,3,22,115,140,8,162,170,310
09/14/2010,MEI,MS,ASO,CE,Federal Contract Tower,0,4,3,141,148,0,0,20,33,53,0,4,23,174,201,16,218,234,435
09/15/2010,MEI,MS,ASO,CE,Federal Contract Tower,0,4,24,154,182,0,0,27,22,49,0,4,51,176,231,36,138,174,405
09/16/2010,MEI,MS,ASO,CE,Federal Contract Tower,0,4,11,95,110,0,0,15,34,49,0,4,26,129,159,26,260,286,445
09/17/2010,MEI,MS,ASO,CE,Federal Contract Tower,0,4,14,68,86,0,0,15,14,29,0,4,29,82,115,32,168,200,315
09/18/2010,MEI,MS,ASO,CE,Federal Contract Tower,0,3,10,15,28,0,0,23,12,35,0,3,33,27,63,10,46,56,119
09/19/2010,MEI,MS,ASO,CE,Federal Contract Tower,0,5,9,51,65,0,0,29,14,43,0,5,38,65,108,40,35,75,183
09/20/2010,MEI,MS,ASO,CE,Federal Contract Tower,0,4,15,82,101,0,0,18,36,54,0,4,33,118,155,16,82,98,253
09/21/2010,MEI,MS,ASO,CE,Federal Contract Tower,0,4,19,82,105,0,0,24,48,72,0,4,43,130,177,14,266,280,457
09/22/2010,MEI,MS,ASO,CE,Federal Contract Tower,0,4,16,68,88,0,0,24,38,62,0,4,40,106,150,60,132,192,342
09/23/2010,MEI,MS,ASO,CE,Federal Contract Tower,0,4,12,71,87,0,0,22,41,63,0,4,34,112,150,26,150,176,326
09/24/2010,MEI,MS,ASO,CE,Federal Contract Tower,0,4,8,113,125,0,0,25,36,61,0,4,33,149,186,64,190,254,440
09/25/2010,MEI,MS,ASO,CE,Federal Contract Tower,0,3,12,18,33,0,0,17,8,25,0,3,29,26,58,54,44,98,156
09/26/2010,MEI,MS,ASO,CE,Federal Contract Tower,0,3,8,10,21,0,0,18,10,28,0,3,26,20,49,48,30,78,127
09/27/2010,MEI,MS,ASO,CE,Federal Contract Tower,0,2,25,122,149,0,0,26,31,57,0,2,51,153,206,38,154,192,398
09/28/2010,MEI,MS,ASO,CE,Federal Contract Tower,0,4,18,110,132,0,0,20,30,50,0,4,38,140,182,30,234,264,446
09/29/2010,MEI,MS,ASO,CE,Federal Contract Tower,0,4,12,94,110,0,0,30,44,74,0,4,42,138,184,30,226,256,440
09/30/2010,MEI,MS,ASO,CE,Federal Contract Tower,0,4,7,131,142,0,0,23,35,58,0,4,30,166,200,22,229,251,451
10/01/2010,MEI,MS,ASO,CE,Federal Contract Tower,0,5,15,60,80,0,0,18,32,50,0,5,33,92,130,34,224,258,388
10/02/2010,MEI,MS,ASO,CE,Federal Contract Tower,0,3,11,1,15,0,0,28,18,46,0,3,39,19,61,2,30,32,93
10/03/2010,MEI,MS,ASO,CE,Federal Contract Tower,0,3,7,43,53,0,0,21,16,37,0,3,28,59,90,6,51,57,147
10/04/2010,MEI,MS,ASO,CE,Federal Contract Tower,0,4,11,91,106,0,0,27,29,56,0,4,38,120,162,22,202,224,386
10/05/2010,MEI,MS,ASO,CE,Federal Contract Tower,0,4,19,87,110,0,0,19,33,52,0,4,38,120,162,6,162,168,330
10/06/2010,MEI,MS,ASO,CE,Federal Contract Tower,0,4,15,101,120,0,0,31,39,70,0,4,46,140,190,66,252,318,508
10/07/2010,MEI,MS,ASO,CE,Federal Contract Tower,0,4,17,83,104,0,0,31,32,63,0,4,48,115,167,22,228,250,417
10/08/2010,MEI,MS,ASO,CE,Federal Contract Tower,0,4,9,43,56,0,0,28,37,65,0,4,37,80,121,56,128,184,305
10/09/2010,MEI,MS,ASO,CE,Federal Contract Tower,0,3,11,6,20,0,0,37,14,51,0,3,48,20,71,36,36,72,143
10/10/2010,MEI,MS,ASO,CE,Federal Contract Tower,0,2,3,19,24,0,0,27,3,30,0,2,30,22,54,35,20,55,109
10/11/2010,MEI,MS,ASO,CE,Federal Contract Tower,0,5,11,56,72,0,0,30,6,36,0,5,41,62,108,18,86,104,212
10/12/2010,MEI,MS,ASO,CE,Federal Contract Tower,0,4,17,60,81,0,0,9,24,33,0,4,26,84,114,20,112,132,246
10/13/2010,MEI,MS,ASO,CE,Federal Contract Tower,0,4,16,86,106,0,0,23,42,65,0,4,39,128,171,6,178,184,355
10/14/2010,MEI,MS,ASO,CE,Federal Contract Tower,0,4,16,116,136,0,0,25,41,66,0,4,41,157,202,2,118,120,322
10/15/2010,MEI,MS,ASO,CE,Federal Contract Tower,0,4,12,126,142,0,0,25,20,45,0,4,37,146,187,0,256,256,443
10/16/2010,MEI,MS,ASO,CE,Federal Contract Tower,0,3,9,17,29,0,0,19,13,32,0,3,28,30,61,6,48,54,115
10/17/2010,MEI,MS,ASO,CE,Federal Contract Tower,0,3,24,13,40,0,0,25,8,33,0,3,49,21,73,34,20,54,127
10/18/2010,MEI,MS,ASO,CE,Federal Contract Tower,0,4,19,136,159,0,0,34,42,76,0,4,53,178,235,32,154,186,421
10/19/2010,MEI,MS,ASO,CE,Federal Contract Tower,0,4,22,150,176,0,0,32,32,64,0,4,54,182,240,50,224,274,514
10/20/2010,MEI,MS,ASO,CE,Federal Contract Tower,0,4,28,149,181,0,0,27,51,78,0,4,55,200,259,16,206,222,481
10/21/2010,MEI,MS,ASO,CE,Federal Contract Tower,0,5,9,82,96,0,0,29,47,76,0,5,38,129,172,8,160,168,340
10/22/2010,MEI,MS,ASO,CE,Federal Contract Tower,0,4,14,94,112,0,0,21,30,51,0,4,35,124,163,36,196,232,395
10/23/2010,MEI,MS,ASO,CE,Federal Contract Tower,0,3,9,13,25,0,0,17,10,27,0,3,26,23,52,10,52,62,114
10/24/2010,MEI,MS,ASO,CE,Federal Contract Tower,0,3,19,38,60,0,0,30,19,49,0,3,49,57,109,16,52,68,177
10/25/2010,MEI,MS,ASO,CE,Federal Contract Tower,0,4,24,116,144,0,0,15,43,58,0,4,39,159,202,24,186,210,412
10/26/2010,MEI,MS,ASO,CE,Federal Contract Tower,0,4,21,78,103,0,0,10,25,35,0,4,31,103,138,2,150,152,290
10/27/2010,MEI,MS,ASO,CE,Federal Contract Tower,0,3,14,14,31,0,0,8,22,30,0,3,22,36,61,0,72,72,133
10/28/2010,MEI,MS,ASO,CE,Federal Contract Tower,0,4,21,44,69,0,0,13,56,69,0,4,34,100,138,0,102,102,240
10/29/2010,MEI,MS,ASO,CE,Federal Contract Tower,0,4,12,44,60,0,0,14,42,56,0,4,26,86,116,34,124,158,274
10/30/2010,MEI,MS,ASO,CE,Federal Contract Tower,0,3,15,23,41,0,0,22,13,35,0,3,37,36,76,54,44,98,174
10/31/2010,MEI,MS,ASO,CE,Federal Contract Tower,0,2,15,31,48,0,0,38,17,55,0,2,53,48,103,38,20,58,161
11/01/2010,MEI,MS,ASO,CE,Federal Contract Tower,0,4,7,88,99,0,0,28,28,56,0,4,35,116,155,32,140,172,327
11/02/2010,MEI,MS,ASO,CE,Federal Contract Tower,0,4,6,51,61,0,0,2,1,3,0,4,8,52,64,0,0,0,64
11/03/2010,MEI,MS,ASO,CE,Federal Contract Tower,1,7,15,24,47,0,0,0,0,0,1,7,15,24,47,0,0,0,47
11/04/2010,MEI,MS,ASO,CE,Federal Contract Tower,0,4,18,96,118,0,0,25,38,63,0,4,43,134,181,14,162,176,357
11/05/2010,MEI,MS,ASO,CE,Federal Contract Tower,0,3,19,99,121,0,0,21,48,69,0,3,40,147,190,0,132,132,322
11/06/2010,MEI,MS,ASO,CE,Federal Contract Tower,0,2,6,88,96,0,0,14,13,27,0,2,20,101,123,38,90,128,251
11/07/2010,MEI,MS,ASO,CE,Federal Contract Tower,0,3,12,87,102,0,0,26,17,43,0,3,38,104,145,30,78,108,253
11/08/2010,MEI,MS,ASO,CE,Federal Contract Tower,0,4,10,55,69,0,0,25,56,81,0,4,35,111,150,34,96,130,280
11/09/2010,MEI,MS,ASO,CE,Federal Contract Tower,0,6,6,51,63,0,0,52,28,80,0,6,58,79,143,12,162,174,317
11/10/2010,MEI,MS,ASO,CE,Federal Contract Tower,0,4,5,138,147,0,0,15,54,69,0,4,20,192,216,18,160,178,394
11/11/2010,MEI,MS,ASO,CE,Federal Contract Tower,0,4,24,75,103,0,0,32,2,34,0,4,56,77,137,34,92,126,263
11/12/2010,MEI,MS,ASO,CE,Federal Contract Tower,0,4,12,104,120,0,0,24,42,66,0,4,36,146,186,52,218,270,456
11/13/2010,MEI,MS,ASO,CE,Federal Contract Tower,0,4,12,44,60,0,0,37,25,62,0,4,49,69,122,54,36,90,212
11/14/2010,MEI,MS,ASO,CE,Federal Contract Tower,0,4,19,7,30,0,0,0,1,1,0,4,19,8,31,0,0,0,31
11/15/2010,MEI,MS,ASO,CE,Federal Contract Tower,0,5,16,12,33,0,0,0,0,0,0,5,16,12,33,0,0,0,33
11/16/2010,MEI,MS,ASO,CE,Federal Contract Tower,0,4,19,112,135,0,0,4,8,12,0,4,23,120,147,0,128,128,275
11/17/2010,MEI,MS,ASO,CE,Federal Contract Tower,0,4,23,120,147,0,0,19,27,46,0,4,42,147,193,0,128,128,321
11/18/2010,MEI,MS,ASO,CE,Federal Contract Tower,0,7,12,97,116,0,0,14,3,17,0,7,26,100,133,36,106,142,275
11/19/2010,MEI,MS,ASO,CE,Federal Contract Tower,0,6,28,66,100,0,0,13,80,93,0,6,41,146,193,4,82,86,279
11/20/2010,MEI,MS,ASO,CE,Federal Contract Tower,0,3,24,57,84,0,0,47,10,57,0,3,71,67,141,40,108,148,289
11/21/2010,MEI,MS,ASO,CE,Federal Contract Tower,0,3,14,94,111,0,0,16,12,28,0,3,30,106,139,26,62,88,227
11/22/2010,MEI,MS,ASO,CE,Federal Contract Tower,0,4,16,71,91,0,0,20,20,40,0,4,36,91,131,16,34,50,181
11/23/2010,MEI,MS,ASO,CE,Federal Contract Tower,0,5,16,76,97,0,0,15,9,24,0,5,31,85,121,0,4,4,125
11/24/2010,MEI,MS,ASO,CE,Federal Contract Tower,0,5,22,30,57,0,0,11,7,18,0,5,33,37,75,0,6,6,81
11/25/2010,MEI,MS,ASO,CE,Federal Contract Tower,0,6,4,0,10,0,0,5,0,5,0,6,9,0,15,0,0,0,15
11/26/2010,MEI,MS,ASO,CE,Federal Contract Tower,0,4,12,0,16,0,0,2,0,2,0,4,14,0,18,0,0,0,18
11/27/2010,MEI,MS,ASO,CE,Federal Contract Tower,0,3,18,8,29,0,0,50,0,50,0,3,68,8,79,44,28,72,151
11/28/2010,MEI,MS,ASO,CE,Federal Contract Tower,0,3,8,37,48,0,0,31,5,36,0,3,39,42,84,14,52,66,150
11/29/2010,MEI,MS,ASO,CE,Federal Contract Tower,0,4,14,50,68,0,0,0,3,3,0,4,14,53,71,0,14,14,85
11/30/2010,MEI,MS,ASO,CE,Federal Contract Tower,0,3,14,116,133,0,0,2,22,24,0,3,16,138,157,0,122,122,279
12/01/2010,MEI,MS,ASO,CE,Federal Contract Tower,0,4,20,126,150,0,0,21,57,78,0,4,41,183,228,18,200,218,446
12/02/2010,MEI,MS,ASO,CE,Federal Contract Tower,0,4,43,134,181,0,0,24,44,68,0,4,67,178,249,34,206,240,489
12/03/2010,MEI,MS,ASO,CE,Federal Contract Tower,0,4,20,103,127,0,0,20,51,71,0,4,40,154,198,30,334,364,562
12/04/2010,MEI,MS,ASO,CE,Federal Contract Tower,0,5,25,71,101,0,2,21,10,33,0,7,46,81,134,0,30,30,164
12/05/2010,MEI,MS,ASO,CE,Federal Contract Tower,0,4,20,94,118,0,0,13,24,37,0,4,33,118,155,4,40,44,199
12/06/2010,MEI,MS,ASO,CE,Federal Contract Tower,0,4,11,121,136,0,0,7,38,45,0,4,18,159,181,2,112,114,295
12/07/2010,MEI,MS,ASO,CE,Federal Contract Tower,0,4,11,138,153,0,0,19,46,65,0,4,30,184,218,10,206,216,434
12/08/2010,MEI,MS,ASO,CE,Federal Contract Tower,0,4,9,36,49,0,0,23,8,31,0,4,32,44,80,8,122,130,210
12/09/2010,MEI,MS,ASO,CE,Federal Contract Tower,0,4,22,133,159,0,0,13,38,51,0,4,35,171,210,24,124,148,358
12/10/2010,MEI,MS,ASO,CE,Federal Contract Tower,0,6,20,70,96,0,0,17,27,44,0,6,37,97,140,8,122,130,270
12/11/2010,MEI,MS,ASO,CE,Federal Contract Tower,0,4,5,11,20,0,0,8,16,24,0,4,13,27,44,54,40,94,138
12/12/2010,MEI,MS,ASO,CE,Federal Contract Tower,0,3,19,18,40,0,0,5,20,25,0,3,24,38,65,0,12,12,77
12/13/2010,MEI,MS,ASO,CE,Federal Contract Tower,0,4,12,119,135,0,0,6,48,54,0,4,18,167,189,0,184,184,373
12/14/2010,MEI,MS,ASO,CE,Federal Contract Tower,0,4,19,88,111,0,0,25,39,64,0,4,44,127,175,24,158,182,357
12/15/2010,MEI,MS,ASO,CE,Federal Contract Tower,0,5,18,127,150,0,0,24,42,66,0,5,42,169,216,4,188,192,408
12/16/2010,MEI,MS,ASO,CE,Federal Contract Tower,0,8,35,172,215,0,0,8,20,28,0,8,43,192,243,0,134,134,377
12/17/2010,MEI,MS,ASO,CE,Federal Contract Tower,0,8,26,90,124,0,0,11,15,26,0,8,37,105,150,20,60,80,230
12/18/2010,MEI,MS,ASO,CE,Federal Contract Tower,0,3,19,25,47,0,0,30,26,56,0,3,49,51,103,20,86,106,209
12/19/2010,MEI,MS,ASO,CE,Federal Contract Tower,0,3,19,10,32,0,0,27,10,37,0,3,46,20,69,28,22,50,119
12/20/2010,MEI,MS,ASO,CE,Federal Contract Tower,0,4,10,67,81,0,0,21,45,66,0,4,31,112,147,0,148,148,295
12/21/2010,MEI,MS,ASO,CE,Federal Contract Tower,0,4,16,117,137,0,0,5,10,15,0,4,21,127,152,0,154,154,306
12/22/2010,MEI,MS,ASO,CE,Federal Contract Tower,0,4,17,111,132,0,0,16,25,41,0,4,33,136,173,0,56,56,229
12/23/2010,MEI,MS,ASO,CE,Federal Contract Tower,0,4,16,28,48,0,0,24,23,47,0,4,40,51,95,24,64,88,183
12/24/2010,MEI,MS,ASO,CE,Federal Contract Tower,0,3,15,0,18,0,0,32,0,32,0,3,47,0,50,58,0,58,108
12/25/2010,MEI,MS,ASO,CE,Federal Contract Tower,0,2,4,0,6,0,0,1,0,1,0,2,5,0,7,0,0,0,7
12/26/2010,MEI,MS,ASO,CE,Federal Contract Tower,0,3,17,0,20,0,0,4,0,4,0,3,21,0,24,0,0,0,24
12/27/2010,MEI,MS,ASO,CE,Federal Contract Tower,0,4,15,12,31,0,0,23,14,37,0,4,38,26,68,2,90,92,160
12/28/2010,MEI,MS,ASO,CE,Federal Contract Tower,0,4,8,48,60,0,0,26,30,56,0,4,34,78,116,0,108,108,224
12/29/2010,MEI,MS,ASO,CE,Federal Contract Tower,0,4,4,45,53,0,0,15,33,48,0,4,19,78,101,48,68,116,217
12/30/2010,MEI,MS,ASO,CE,Federal Contract Tower,0,4,14,66,84,0,0,16,10,26,0,4,30,76,110,6,56,62,172
12/31/2010,MEI,MS,ASO,CE,Federal Contract Tower,0,4,5,2,11,0,0,1,0,1,0,4,6,2,12,0,0,0,12
01/01/2011,MEI,MS,ASO,CE,Federal Contract Tower,0,3,8,0,11,0,0,3,0,3,0,3,11,0,14,0,0,0,14
01/02/2011,MEI,MS,ASO,CE,Federal Contract Tower,0,3,24,10,37,0,0,25,6,31,0,3,49,16,68,28,12,40,108
01/03/2011,MEI,MS,ASO,CE,Federal Contract Tower,0,4,9,52,65,0,0,23,25,48,0,4,32,77,113,52,120,172,285
01/04/2011,MEI,MS,ASO,CE,Federal Contract Tower,0,4,11,52,67,0,0,15,23,38,0,4,26,75,105,0,142,142,247
01/05/2011,MEI,MS,ASO,CE,Federal Contract Tower,0,4,22,47,73,0,0,0,6,6,0,4,22,53,79,0,18,18,97
01/06/2011,MEI,MS,ASO,CE,Federal Contract Tower,0,4,22,47,73,0,0,20,171,191,0,4,42,218,264,22,154,176,440
01/07/2011,MEI,MS,ASO,CE,Federal Contract Tower,0,4,16,151,171,0,0,16,66,82,0,4,32,217,253,8,148,156,409
01/08/2011,MEI,MS,ASO,CE,Federal Contract Tower,0,2,4,58,64,0,0,20,40,60,0,2,24,98,124,68,124,192,316
01/09/2011,MEI,MS,ASO,CE,Federal Contract Tower,0,0,6,6,12,0,0,1,5,6,0,0,7,11,18,4,0,4,22
01/10/2011,MEI,MS,ASO,CE,Federal Contract Tower,0,0,8,0,8,0,0,0,0,0,0,0,8,0,8,0,0,0,8
01/11/2011,MEI,MS,ASO,CE,Federal Contract Tower,0,1,10,98,109,0,0,5,13,18,0,1,15,111,127,2,40,42,169
01/12/2011,MEI,MS,ASO,CE,Federal Contract Tower,0,2,15,143,160,0,0,28,53,81,0,2,43,196,241,6,212,218,459
01/13/2011,MEI,MS,ASO,CE,Federal Contract Tower,0,4,13,137,154,0,0,25,28,53,0,4,38,165,207,40,164,204,411
01/14/2011,MEI,MS,ASO,CE,Federal Contract Tower,0,4,13,137,154,0,0,38,47,85,0,4,51,184,239,42,304,346,585
01/15/2011,MEI,MS,ASO,CE,Federal Contract Tower,0,4,31,58,93,0,0,20,41,61,0,4,51,99,154,62,66,128,282
01/16/2011,MEI,MS,ASO,CE,Federal Contract Tower,0,3,14,22,39,0,0,8,1,9,0,3,22,23,48,22,12,34,82
01/17/2011,MEI,MS,ASO,CE,Federal Contract Tower,1,4,22,41,68,0,0,7,1,8,1,4,29,42,76,0,12,12,88
01/18/2011,MEI,MS,ASO,CE,Federal Contract Tower,1,4,14,135,154,0,0,2,7,9,1,4,16,142,163,14,208,222,385
01/19/2011,MEI,MS,ASO,CE,Federal Contract Tower,0,4,34,241,279,0,0,14,11,25,0,4,48,252,304,12,164,176,480
01/20/2011,MEI,MS,ASO,CE,Federal Contract Tower,0,5,10,113,128,0,0,8,5,13,0,5,18,118,141,26,88,114,255
01/21/2011,MEI,MS,ASO,CE,Federal Contract Tower,0,5,27,119,151,0,0,31,69,100,0,5,58,188,251,36,192,228,479
01/22/2011,MEI,MS,ASO,CE,Federal Contract Tower,0,3,25,55,83,0,0,36,30,66,0,3,61,85,149,86,118,204,353
01/23/2011,MEI,MS,ASO,CE,Federal Contract Tower,0,3,17,64,84,0,0,25,33,58,0,3,42,97,142,22,48,70,212
01/24/2011,MEI,MS,ASO,CE,Federal Contract Tower,0,4,19,73,96,0,0,9,23,32,0,4,28,96,128,40,148,188,316
01/25/2011,MEI,MS,ASO,CE,Federal Contract Tower,0,4,7,34,45,0,0,0,0,0,0,4,7,34,45,0,0,0,45
01/26/2011,MEI,MS,ASO,CE,Federal Contract Tower,0,5,32,204,241,0,0,10,47,57,0,5,42,251,298,10,228,238,536
01/27/2011,MEI,MS,ASO,CE,Federal Contract Tower,0,5,24,124,153,0,0,24,59,83,0,5,48,183,236,12,306,318,554
01/28/2011,MEI,MS,ASO,CE,Federal Contract Tower,0,5,17,119,141,0,0,12,53,65,0,5,29,172,206,0,170,170,376
01/29/2011,MEI,MS,ASO,CE,Federal Contract Tower,0,3,47,105,155,0,0,34,40,74,0,3,81,145,229,48,122,170,399
01/30/2011,MEI,MS,ASO,CE,Federal Contract Tower,0,4,14,21,39,0,0,6,3,9,0,4,20,24,48,8,16,24,72
01/31/2011,MEI,MS,ASO,CE,Federal Contract Tower,0,4,18,92,114,0,0,0,0,0,0,4,18,92,114,0,0,0,114
02/01/2011,MEI,MS,ASO,CE,Federal Contract Tower,0,6,7,24,37,0,0,0,0,0,0,6,7,24,37,0,2,2,39
02/02/2011,MEI,MS,ASO,CE,Federal Contract Tower,0,4,18,97,119,0,0,9,70,79,0,4,27,167,198,16,138,154,352
02/03/2011,MEI,MS,ASO,CE,Federal Contract Tower,0,1,11,18,30,0,0,6,12,18,0,1,17,30,48,0,18,18,66
02/04/2011,MEI,MS,ASO,CE,Federal Contract Tower,0,3,15,12,30,0,0,0,0,0,0,3,15,12,30,0,0,0,30
02/05/2011,MEI,MS,ASO,CE,Federal Contract Tower,0,3,19,142,164,0,0,25,52,77,0,3,44,194,241,16,118,134,375
02/06/2011,MEI,MS,ASO,CE,Federal Contract Tower,0,3,5,93,101,0,0,16,37,53,0,3,21,130,154,12,154,166,320
02/07/2011,MEI,MS,ASO,CE,Federal Contract Tower,0,4,13,83,100,0,0,6,7,13,0,4,19,90,113,0,30,30,143
02/08/2011,MEI,MS,ASO,CE,Federal Contract Tower,0,4,26,105,135,0,0,17,51,68,0,4,43,156,203,6,226,232,435
02/09/2011,MEI,MS,ASO,CE,Federal Contract Tower,0,4,16,127,147,0,0,7,32,39,0,4,23,159,186,0,218,218,404
02/10/2011,MEI,MS,ASO,CE,Federal Contract Tower,0,4,17,64,85,0,0,3,9,12,0,4,20,73,97,0,0,0,97
02/11/2011,MEI,MS,ASO,CE,Federal Contract Tower,0,4,14,107,125,0,0,23,46,69,0,4,37,153,194,0,254,254,448
02/12/2011,MEI,MS,ASO,CE,Federal Contract Tower,0,5,14,26,45,0,0,22,24,46,0,5,36,50,91,68,120,188,279
02/13/2011,MEI,MS,ASO,CE,Federal Contract Tower,0,3,18,82,103,0,0,15,40,55,0,3,33,122,158,0,138,138,296
02/14/2011,MEI,MS,ASO,CE,Federal Contract Tower,0,4,16,119,139,0,0,14,62,76,0,4,30,181,215,0,200,200,415
02/15/2011,MEI,MS,ASO,CE,Federal Contract Tower,0,4,31,142,177,0,0,28,48,76,0,4,59,190,253,12,185,197,450
02/16/2011,MEI,MS,ASO,CE,Federal Contract Tower,0,4,18,99,121,0,0,35,51,86,0,4,53,150,207,16,332,348,555
02/17/2011,MEI,MS,ASO,CE,Federal Contract Tower,0,4,32,114,150,0,0,19,63,82,0,4,51,177,232,16,223,239,471
02/18/2011,MEI,MS,ASO,CE,Federal Contract Tower,0,4,32,97,133,0,0,34,31,65,0,4,66,128,198,22,156,178,376
02/19/2011,MEI,MS,ASO,CE,Federal Contract Tower,0,2,20,52,74,0,0,17,39,56,0,2,37,91,130,12,200,212,342
02/20/2011,MEI,MS,ASO,CE,Federal Contract Tower,0,4,35,104,143,0,0,8,36,44,0,4,43,140,187,20,178,198,385
02/21/2011,MEI,MS,ASO,CE,Federal Contract Tower,0,4,27,19,50,0,0,22,11,33,0,4,49,30,83,0,2,2,85
02/22/2011,MEI,MS,ASO,CE,Federal Contract Tower,0,4,7,89,100,0,0,9,43,52,0,4,16,132,152,30,126,156,308
02/23/2011,MEI,MS,ASO,CE,Federal Contract Tower,0,4,20,84,108,0,0,27,56,83,0,4,47,140,191,10,160,170,361
02/24/2011,MEI,MS,ASO,CE,Federal Contract Tower,0,5,17,130,152,0,0,14,38,52,0,5,31,168,204,0,130,130,334
02/25/2011,MEI,MS,ASO,CE,Federal Contract Tower,0,4,28,111,143,0,0,25,47,72,0,4,53,158,215,40,260,300,515
02/26/2011,MEI,MS,ASO,CE,Federal Contract Tower,0,2,19,12,33,0,0,32,52,84,0,2,51,64,117,18,94,112,229
02/27/2011,MEI,MS,ASO,CE,Federal Contract Tower,0,4,19,78,101,0,0,15,21,36,0,4,34,99,137,10,82,92,229
02/28/2011,MEI,MS,ASO,CE,Federal Contract Tower,0,3,18,84,105,0,0,2,18,20,0,3,20,102,125,0,42,42,167
03/01/2011,MEI,MS,ASO,CE,Federal Contract Tower,0,4,25,76,105,0,0,17,77,94,0,4,42,153,199,0,124,124,323
03/02/2011,MEI,MS,ASO,CE,Federal Contract Tower,0,4,44,222,270,0,0,29,86,115,0,4,73,308,385,14,258,272,657
03/03/2011,MEI,MS,ASO,CE,Federal Contract Tower,0,4,19,138,161,0,0,21,45,66,0,4,40,183,227,28,196,224,451
03/04/2011,MEI,MS,ASO,CE,Federal Contract Tower,0,4,24,122,150,0,0,14,17,31,0,4,38,139,181,8,162,170,351
03/05/2011,MEI,MS,ASO,CE,Federal Contract Tower,0,2,4,22,28,0,0,0,0,0,0,2,4,22,28,0,20,20,48
03/06/2011,MEI,MS,ASO,CE,Federal Contract Tower,0,8,11,99,118,0,0,16,32,48,0,8,27,131,166,22,206,228,394
03/07/2011,MEI,MS,ASO,CE,Federal Contract Tower,0,4,9,128,141,0,0,26,40,66,0,4,35,168,207,60,130,190,397
03/08/2011,MEI,MS,ASO,CE,Federal Contract Tower,0,6,1,39,46,0,0,3,2,5,0,6,4,41,51,0,10,10,61
03/09/2011,MEI,MS,ASO,CE,Federal Contract Tower,0,4,7,133,144,0,0,3,11,14,0,4,10,144,158,0,106,106,264
03/10/2011,MEI,MS,ASO,CE,Federal Contract Tower,0,7,33,291,331,0,0,19,72,91,0,7,52,363,422,12,336,348,770
03/11/2011,MEI,MS,ASO,CE,Federal Contract Tower,0,4,30,161,195,0,0,21,64,85,0,4,51,225,280,32,188,220,500
03/12/2011,MEI,MS,ASO,CE,Federal Contract Tower,0,3,59,130,192,0,0,37,46,83,0,3,96,176,275,24,256,280,555
03/13/2011,MEI,MS,ASO,CE,Federal Contract Tower,0,3,21,75,99,0,0,21,45,66,0,3,42,120,165,42,98,140,305
03/14/2011,MEI,MS,ASO,CE,Federal Contract Tower,0,4,12,61,77,0,0,5,13,18,0,4,17,74,95,8,52,60,155
03/15/2011,MEI,MS,ASO,CE,Federal Contract Tower,0,6,14,162,182,0,0,13,44,57,0,6,27,206,239,14,120,134,373
03/16/2011,MEI,MS,ASO,CE,Federal Contract Tower,0,4,23,92,119,0,0,26,46,72,0,4,49,138,191,24,142,166,357
03/17/2011,MEI,MS,ASO,CE,Federal Contract Tower,0,4,13,82,99,0,0,25,65,90,0,4,38,147,189,10,224,234,423
03/18/2011,MEI,MS,ASO,CE,Federal Contract Tower,0,4,17,98,119,0,0,14,47,61,0,4,31,145,180,10,190,200,380
03/19/2011,MEI,MS,ASO,CE,Federal Contract Tower,0,2,20,62,84,0,0,31,65,96,0,2,51,127,180,22,168,190,370
03/20/2011,MEI,MS,ASO,CE,Federal Contract Tower,0,4,6,37,47,0,0,26,48,74,0,4,32,85,121,0,170,170,291
03/21/2011,MEI,MS,ASO,CE,Federal Contract Tower,0,4,9,134,147,0,0,21,60,81,0,4,30,194,228,34,164,198,426
03/22/2011,MEI,MS,ASO,CE,Federal Contract Tower,0,4,20,121,145,0,0,9,40,49,0,4,29,161,194,20,198,218,412
03/23/2011,MEI,MS,ASO,CE,Federal Contract Tower,0,4,14,147,165,0,0,0,102,102,0,4,14,249,267,0,102,102,369
03/24/2011,MEI,MS,ASO,CE,Federal Contract Tower,0,4,21,199,224,0,0,44,64,108,0,4,65,263,332,46,204,250,582
03/25/2011,MEI,MS,ASO,CE,Federal Contract Tower,0,4,23,104,131,0,0,21,30,51,0,4,44,134,182,16,186,202,384
03/26/2011,MEI,MS,ASO,CE,Federal Contract Tower,0,2,4,18,24,0,0,19,14,33,0,2,23,32,57,0,66,66,123
03/27/2011,MEI,MS,ASO,CE,Federal Contract Tower,0,5,19,8,32,0,0,4,1,5,0,5,23,9,37,20,0,20,57
03/28/2011,MEI,MS,ASO,CE,Federal Contract Tower,0,4,32,85,121,0,0,0,2,2,0,4,32,87,123,0,0,0,123
03/29/2011,MEI,MS,ASO,CE,Federal Contract Tower,0,3,22,103,128,0,0,8,2,10,0,3,30,105,138,0,22,22,160
03/30/2011,MEI,MS,ASO,CE,Federal Contract Tower,0,4,24,148,176,0,0,3,1,4,0,4,27,149,180,0,0,0,180
03/31/2011,MEI,MS,ASO,CE,Federal Contract Tower,0,4,37,149,190,0,0,38,50,88,0,4,75,199,278,12,126,138,416
04/01/2011,MEI,MS,ASO,CE,Federal Contract Tower,0,4,27,47,78,0,0,31,33,64,0,4,58,80,142,12,158,170,312
04/02/2011,MEI,MS,ASO,CE,Federal Contract Tower,0,4,20,30,54,0,0,37,26,63,0,4,57,56,117,24,90,114,231
04/03/2011,MEI,MS,ASO,CE,Federal Contract Tower,0,6,27,51,84,0,0,16,29,45,0,6,43,80,129,10,70,80,209
04/04/2011,MEI,MS,ASO,CE,Federal Contract Tower,0,2,10,41,53,0,0,5,1,6,0,2,15,42,59,18,46,64,123
04/05/2011,MEI,MS,ASO,CE,Federal Contract Tower,0,4,16,110,130,0,0,37,38,75,0,4,53,148,205,32,178,210,415
04/06/2011,MEI,MS,ASO,CE,Federal Contract Tower,0,4,17,134,155,0,0,35,65,100,0,4,52,199,255,78,280,358,613
04/07/2011,MEI,MS,ASO,CE,Federal Contract Tower,0,4,45,208,257,0,0,22,52,74,0,4,67,260,331,28,202,230,561
04/08/2011,MEI,MS,ASO,CE,Federal Contract Tower,0,4,20,103,127,0,0,19,18,37,0,4,39,121,164,56,108,164,328
04/09/2011,MEI,MS,ASO,CE,Federal Contract Tower,0,2,11,13,26,0,0,38,4,42,0,2,49,17,68,70,0,70,138
04/10/2011,MEI,MS,ASO,CE,Federal Contract Tower,0,4,31,36,71,0,0,20,6,26,0,4,51,42,97,36,26,62,159
04/11/2011,MEI,MS,ASO,CE,Federal Contract Tower,0,5,15,65,85,0,0,5,26,31,0,5,20,91,116,0,134,134,250
04/12/2011,MEI,MS,ASO,CE,Federal Contract Tower,0,4,26,124,154,0,0,22,40,62,0,4,48,164,216,28,180,208,424
04/13/2011,MEI,MS,ASO,CE,Federal Contract Tower,0,4,12,84,100,0,0,10,28,38,0,4,22,112,138,46,212,258,396
04/14/2011,MEI,MS,ASO,CE,Federal Contract Tower,0,4,13,137,154,0,0,22,38,60,0,4,35,175,214,38,182,220,434
04/15/2011,MEI,MS,ASO,CE,Federal Contract Tower,0,6,4,0,10,0,0,0,0,0,0,6,4,0,10,0,0,0,10
04/16/2011,MEI,MS,ASO,CE,Federal Contract Tower,0,2,19,37,58,0,0,29,35,64,0,2,48,72,122,40,58,98,220
04/17/2011,MEI,MS,ASO,CE,Federal Contract Tower,0,3,10,58,71,0,0,38,37,75,0,3,48,95,146,96,118,214,360
04/18/2011,MEI,MS,ASO,CE,Federal Contract Tower,0,3,19,149,171,0,0,40,41,81,0,3,59,190,252,34,212,246,498
04/19/2011,MEI,MS,ASO,CE,Federal Contract Tower,0,6,17,40,63,0,0,19,116,135,0,6,36,156,198,6,144,150,348
04/20/2011,MEI,MS,ASO,CE,Federal Contract Tower,0,6,10,34,50,0,0,7,24,31,0,6,17,58,81,16,80,96,177
04/21/2011,MEI,MS,ASO,CE,Federal Contract Tower,0,5,28,43,76,0,0,14,17,31,0,5,42,60,107,4,78,82,189
04/22/2011,MEI,MS,ASO,CE,Federal Contract Tower,0,4,17,41,62,0,0,10,45,55,0,4,27,86,117,18,104,122,239
04/23/2011,MEI,MS,ASO,CE,Federal Contract Tower,0,2,9,64,75,0,0,12,14,26,0,2,21,78,101,64,106,170,271
04/24/2011,MEI,MS,ASO,CE,Federal Contract Tower,0,4,22,11,37,0,0,11,16,27,0,4,33,27,64,60,0,60,124
04/25/2011,MEI,MS,ASO,CE,Federal Contract Tower,0,4,19,160,183,0,0,15,37,52,0,4,34,197,235,26,142,168,403
04/26/2011,MEI,MS,ASO,CE,Federal Contract Tower,0,4,19,160,183,0,0,15,37,52,0,4,34,197,235,26,142,168,403
04/27/2011,MEI,MS,ASO,CE,Federal Contract Tower,0,4,5,46,55,0,0,3,8,11,0,4,8,54,66,0,78,78,144
04/28/2011,MEI,MS,ASO,CE,Federal Contract Tower,0,5,16,89,110,0,0,36,40,76,0,5,52,129,186,20,106,126,312
04/29/2011,MEI,MS,ASO,CE,Federal Contract Tower,0,3,16,77,96,0,0,33,57,90,0,3,49,134,186,16,244,260,446
04/30/2011,MEI,MS,ASO,CE,Federal Contract Tower,0,3,18,50,71,0,0,21,33,54,0,3,39,83,125,0,146,146,271
05/01/2011,MEI,MS,ASO,CE,Federal Contract Tower,0,4,15,62,81,0,0,8,12,20,0,4,23,74,101,6,102,108,209
05/02/2011,MEI,MS,ASO,CE,Federal Contract Tower,0,4,19,83,106,0,0,6,15,21,0,4,25,98,127,0,84,84,211
05/03/2011,MEI,MS,ASO,CE,Federal Contract Tower,0,4,6,103,113,0,0,3,14,17,0,4,9,117,130,0,36,36,166
05/04/2011,MEI,MS,ASO,CE,Federal Contract Tower,0,4,46,165,215,0,0,23,40,63,0,4,69,205,278,0,152,152,430
05/05/2011,MEI,MS,ASO,CE,Federal Contract Tower,0,4,14,94,112,0,0,23,45,68,0,4,37,139,180,12,158,170,350
05/06/2011,MEI,MS,ASO,CE,Federal Contract Tower,0,4,24,75,103,0,0,25,44,69,0,4,49,119,172,2,118,120,292
05/07/2011,MEI,MS,ASO,CE,Federal Contract Tower,0,0,7,49,56,0,0,35,27,62,0,0,42,76,118,60,134,194,312
05/08/2011,MEI,MS,ASO,CE,Federal Contract Tower,0,5,20,28,53,0,0,38,47,85,0,5,58,75,138,36,116,152,290
05/09/2011,MEI,MS,ASO,CE,Federal Contract Tower,0,4,25,109,138,0,0,20,46,66,0,4,45,155,204,24,121,145,349
05/10/2011,MEI,MS,ASO,CE,Federal Contract Tower,0,5,23,121,149,0,0,26,46,72,0,5,49,167,221,12,146,158,379
05/11/2011,MEI,MS,ASO,CE,Federal Contract Tower,4,6,13,53,76,0,0,20,55,75,4,6,33,108,151,20,184,204,355
05/12/2011,MEI,MS,ASO,CE,Federal Contract Tower,0,4,15,89,108,0,0,17,39,56,0,4,32,128,164,8,108,116,280
05/13/2011,MEI,MS,ASO,CE,Federal Contract Tower,0,4,18,53,75,0,0,4,17,21,0,4,22,70,96,0,64,64,160
05/14/2011,MEI,MS,ASO,CE,Federal Contract Tower,0,1,15,42,58,0,0,9,3,12,0,1,24,45,70,0,24,24,94
05/15/2011,MEI,MS,ASO,CE,Federal Contract Tower,0,3,27,77,107,0,0,14,21,35,0,3,41,98,142,48,132,180,322
05/16/2011,MEI,MS,ASO,CE,Federal Contract Tower,0,4,16,95,115,0,0,18,19,37,0,4,34,114,152,12,264,276,428
05/17/2011,MEI,MS,ASO,CE,Federal Contract Tower,0,4,21,113,138,0,0,19,43,62,0,4,40,156,200,10,250,260,460
05/18/2011,MEI,MS,ASO,CE,Federal Contract Tower,0,4,21,95,120,0,0,19,41,60,0,4,40,136,180,0,150,150,330
05/19/2011,MEI,MS,ASO,CE,Federal Contract Tower,0,4,32,106,142,0,0,15,42,57,0,4,47,148,199,10,194,204,403
05/20/2011,MEI,MS,ASO,CE,Federal Contract Tower,0,0,25,30,55,0,4,23,147,174,0,4,48,177,229,26,112,138,367
05/21/2011,MEI,MS,ASO,CE,Federal Contract Tower,0,2,6,62,70,0,0,18,31,49,0,2,24,93,119,32,142,174,293
05/22/2011,MEI,MS,ASO,CE,Federal Contract Tower,0,4,29,93,126,0,0,22,45,67,0,4,51,138,193,34,130,164,357
05/23/2011,MEI,MS,ASO,CE,Federal Contract Tower,0,4,27,196,227,0,0,37,54,91,0,4,64,250,318,30,148,178,496
05/24/2011,MEI,MS,ASO,CE,Federal Contract Tower,0,4,11,140,155,0,0,11,44,55,0,4,22,184,210,14,134,148,358
05/25/2011,MEI,MS,ASO,CE,Federal Contract Tower,4,4,18,97,123,0,0,10,40,50,4,4,28,137,173,0,196,196,369
05/26/2011,MEI,MS,ASO,CE,Federal Contract Tower,0,4,12,61,77,0,0,15,21,36,0,4,27,82,113,12,68,80,193
05/27/2011,MEI,MS,ASO,CE,Federal Contract Tower,0,4,21,44,69,0,0,31,42,73,0,4,52,86,142,24,98,122,264
05/28/2011,MEI,MS,ASO,CE,Federal Contract Tower,0,2,11,37,50,0,0,16,27,43,0,2,27,64,93,4,106,110,203
05/29/2011,MEI,MS,ASO,CE,Federal Contract Tower,0,4,9,7,20,0,0,18,35,53,0,4,27,42,73,30,38,68,141
05/30/2011,MEI,MS,ASO,CE,Federal Contract Tower,0,4,11,37,52,0,0,16,27,43,0,4,27,64,95,4,106,110,205
05/31/2011,MEI,MS,ASO,CE,Federal Contract Tower,0,4,33,104,141,0,0,21,50,71,0,4,54,154,212,24,298,322,534
06/01/2011,MEI,MS,ASO,CE,Federal Contract Tower,0,4,23,58,85,0,0,26,44,70,0,4,49,102,155,28,124,152,307
06/02/2011,MEI,MS,ASO,CE,Federal Contract Tower,0,3,28,77,108,0,0,24,44,68,0,3,52,121,176,36,180,216,392
06/03/2011,MEI,MS,ASO,CE,Federal Contract Tower,0,3,36,69,108,0,0,22,41,63,0,3,58,110,171,24,88,112,283
06/04/2011,MEI,MS,ASO,CE,Federal Contract Tower,0,2,9,54,65,0,0,27,41,68,0,2,36,95,133,44,156,200,333
06/05/2011,MEI,MS,ASO,CE,Federal Contract Tower,0,4,53,110,167,0,0,32,48,80,0,4,85,158,247,16,114,130,377
06/06/2011,MEI,MS,ASO,CE,Federal Contract Tower,0,6,19,165,190,0,0,12,44,56,0,6,31,209,246,0,212,212,458
06/07/2011,MEI,MS,ASO,CE,Federal Contract Tower,0,4,32,138,174,0,0,13,29,42,0,4,45,167,216,0,91,91,307
06/08/2011,MEI,MS,ASO,CE,Federal Contract Tower,0,6,23,77,106,0,0,9,33,42,0,6,32,110,148,0,151,151,299
06/09/2011,MEI,MS,ASO,CE,Federal Contract Tower,0,4,17,74,95,0,0,19,36,55,0,4,36,110,150,31,84,115,265
06/10/2011,MEI,MS,ASO,CE,Federal Contract Tower,0,4,26,85,115,0,0,22,3,25,0,4,48,88,140,22,0,22,162
06/11/2011,MEI,MS,ASO,CE,Federal Contract Tower,0,2,4,35,41,0,0,18,3,21,0,2,22,38,62,74,34,108,170
06/12/2011,MEI,MS,ASO,CE,Federal Contract Tower,0,5,14,63,82,0,0,27,1,28,0,5,41,64,110,0,0,0,110
06/13/2011,MEI,MS,ASO,CE,Federal Contract Tower,0,4,17,103,124,0,0,22,5,27,0,4,39,108,151,0,36,36,187
06/14/2011,MEI,MS,ASO,CE,Federal Contract Tower,0,4,24,145,173,0,0,9,17,26,0,4,33,162,199,0,122,122,321
06/15/2011,MEI,MS,ASO,CE,Federal Contract Tower,0,3,9,128,140,0,0,14,16,30,0,3,23,144,170,4,96,100,270
06/16/2011,MEI,MS,ASO,CE,Federal Contract Tower,0,3,11,66,80,0,0,16,10,26,0,3,27,76,106,0,126,126,232
06/17/2011,MEI,MS,ASO,CE,Federal Contract Tower,0,4,18,84,106,0,0,33,15,48,0,4,51,99,154,30,92,122,276
06/18/2011,MEI,MS,ASO,CE,Federal Contract Tower,0,1,24,16,41,0,0,23,4,27,0,1,47,20,68,24,12,36,104
06/19/2011,MEI,MS,ASO,CE,Federal Contract Tower,0,3,11,18,32,0,0,9,2,11,0,3,20,20,43,34,18,52,95
06/20/2011,MEI,MS,ASO,CE,Federal Contract Tower,0,4,21,101,126,0,0,35,33,68,0,4,56,134,194,42,74,116,310
06/21/2011,MEI,MS,ASO,CE,Federal Contract Tower,0,4,21,59,84,0,0,17,12,29,0,4,38,71,113,8,80,88,201
06/22/2011,MEI,MS,ASO,CE,Federal Contract Tower,4,4,13,41,62,0,0,14,3,17,4,4,27,44,79,10,88,98,177
06/23/2011,MEI,MS,ASO,CE,Federal Contract Tower,0,4,7,110,121,0,0,15,19,34,0,4,22,129,155,0,53,53,208
06/24/2011,MEI,MS,ASO,CE,Federal Contract Tower,0,4,17,108,129,0,0,23,17,40,0,4,40,125,169,10,60,70,239
06/25/2011,MEI,MS,ASO,CE,Federal Contract Tower,0,2,2,21,25,0,0,20,0,20,0,2,22,21,45,10,10,20,65
06/26/2011,MEI,MS,ASO,CE,Federal Contract Tower,0,4,29,72,105,0,0,18,8,26,0,4,47,80,131,34,24,58,189
06/27/2011,MEI,MS,ASO,CE,Federal Contract Tower,0,4,27,105,136,0,0,31,16,47,0,4,58,121,183,26,118,144,327
06/28/2011,MEI,MS,ASO,CE,Federal Contract Tower,0,4,42,91,137,0,0,17,41,58,0,4,59,132,195,10,166,176,371
06/29/2011,MEI,MS,ASO,CE,Federal Contract Tower,0,4,35,52,91,0,0,18,9,27,0,4,53,61,118,44,118,162,280
06/30/2011,MEI,MS,ASO,CE,Federal Contract Tower,0,5,16,96,117,0,0,20,9,29,0,5,36,105,146,28,156,184,330
07/01/2011,MEI,MS,ASO,CE,Federal Contract Tower,0,4,26,22,52,0,0,15,8,23,0,4,41,30,75,0,10,10,85
07/02/2011,MEI,MS,ASO,CE,Federal Contract Tower,0,2,23,12,37,0,0,28,0,28,0,2,51,12,65,54,0,54,119
07/03/2011,MEI,MS,ASO,CE,Federal Contract Tower,0,4,14,10,28,0,0,5,25,30,0,4,19,35,58,58,0,58,116
07/04/2011,MEI,MS,ASO,CE,Federal Contract Tower,0,3,10,1,14,0,0,21,4,25,0,3,31,5,39,28,0,28,67
07/05/2011,MEI,MS,ASO,CE,Federal Contract Tower,0,4,10,19,33,0,0,15,7,22,0,4,25,26,55,4,126,130,185
07/06/2011,MEI,MS,ASO,CE,Federal Contract Tower,2,6,17,99,124,0,0,11,15,26,2,6,28,114,150,56,70,126,276
07/07/2011,MEI,MS,ASO,CE,Federal Contract Tower,0,4,12,69,85,0,0,20,6,26,0,4,32,75,111,0,50,50,161
07/08/2011,MEI,MS,ASO,CE,Federal Contract Tower,0,4,17,69,90,0,0,26,9,35,0,4,43,78,125,16,122,138,263
07/09/2011,MEI,MS,ASO,CE,Federal Contract Tower,0,2,12,32,46,0,0,34,3,37,0,2,46,35,83,20,10,30,113
07/10/2011,MEI,MS,ASO,CE,Federal Contract Tower,0,6,31,26,63,0,0,20,8,28,0,6,51,34,91,0,10,10,101
07/11/2011,MEI,MS,ASO,CE,Federal Contract Tower,0,4,10,50,64,0,0,23,14,37,0,4,33,64,101,30,114,144,245
07/12/2011,MEI,MS,ASO,CE,Federal Contract Tower,0,4,11,46,61,0,0,3,8,11,0,4,14,54,72,20,38,58,130
07/13/2011,MEI,MS,ASO,CE,Federal Contract Tower,0,4,23,61,88,0,0,12,11,23,0,4,35,72,111,26,172,198,309
07/14/2011,MEI,MS,ASO,CE,Federal Contract Tower,0,3,15,96,114,0,0,9,6,15,0,3,24,102,129,54,68,122,251
07/15/2011,MEI,MS,ASO,CE,Federal Contract Tower,0,3,7,55,65,0,0,20,3,23,0,3,27,58,88,10,30,40,128
07/16/2011,MEI,MS,ASO,CE,Federal Contract Tower,0,2,11,20,33,0,0,9,0,9,0,2,20,20,42,0,0,0,42
07/17/2011,MEI,MS,ASO,CE,Federal Contract Tower,0,4,24,27,55,0,0,13,2,15,0,4,37,29,70,8,0,8,78
07/18/2011,MEI,MS,ASO,CE,Federal Contract Tower,0,4,15,57,76,0,0,14,8,22,0,4,29,65,98,18,70,88,186
07/19/2011,MEI,MS,ASO,CE,Federal Contract Tower,0,4,18,64,86,0,0,6,15,21,0,4,24,79,107,0,14,14,121
07/20/2011,MEI,MS,ASO,CE,Federal Contract Tower,2,8,16,44,70,0,0,18,26,44,2,8,34,70,114,24,92,116,230
07/21/2011,MEI,MS,ASO,CE,Federal Contract Tower,0,3,23,98,124,0,0,7,6,13,0,3,30,104,137,10,0,10,147
07/22/2011,MEI,MS,ASO,CE,Federal Contract Tower,0,5,14,75,94,0,0,17,13,30,0,5,31,88,124,17,84,101,225
07/23/2011,MEI,MS,ASO,CE,Federal Contract Tower,0,2,10,2,14,0,0,9,0,9,0,2,19,2,23,12,0,12,35
07/24/2011,MEI,MS,ASO,CE,Federal Contract Tower,0,4,16,22,42,0,0,10,6,16,0,4,26,28,58,4,24,28,86
07/25/2011,MEI,MS,ASO,CE,Federal Contract Tower,0,3,13,8,24,0,0,4,0,4,0,3,17,8,28,0,0,0,28
07/26/2011,MEI,MS,ASO,CE,Federal Contract Tower,0,3,19,44,66,0,0,21,5,26,0,3,40,49,92,12,19,31,123
07/27/2011,MEI,MS,ASO,CE,Federal Contract Tower,0,4,23,28,55,0,0,8,1,9,0,4,31,29,64,16,26,42,106
07/28/2011,MEI,MS,ASO,CE,Federal Contract Tower,0,4,15,17,36,0,0,10,0,10,0,4,25,17,46,0,0,0,46
07/29/2011,MEI,MS,ASO,CE,Federal Contract Tower,0,4,14,30,48,0,0,16,1,17,0,4,30,31,65,0,12,12,77
07/30/2011,MEI,MS,ASO,CE,Federal Contract Tower,0,2,16,19,37,0,0,21,2,23,0,2,37,21,60,34,4,38,98
07/31/2011,MEI,MS,ASO,CE,Federal Contract Tower,0,4,25,18,47,0,0,20,10,30,0,4,45,28,77,40,24,64,141
08/01/2011,MEI,MS,ASO,CE,Federal Contract Tower,0,3,9,56,68,0,0,7,10,17,0,3,16,66,85,0,43,43,128
08/02/2011,MEI,MS,ASO,CE,Federal Contract Tower,0,4,12,46,62,0,0,23,17,40,0,4,35,63,102,22,112,134,236
08/03/2011,MEI,MS,ASO,CE,Federal Contract Tower,2,6,13,67,88,0,0,8,20,28,2,6,21,87,116,4,39,43,159
08/04/2011,MEI,MS,ASO,CE,Federal Contract Tower,0,5,9,60,74,0,0,12,6,18,0,5,21,66,92,6,62,68,160
08/05/2011,MEI,MS,ASO,CE,Federal Contract Tower,0,4,22,54,80,0,0,20,9,29,0,4,42,63,109,20,128,148,257
08/06/2011,MEI,MS,ASO,CE,Federal Contract Tower,0,2,11,10,23,0,0,21,0,21,0,2,32,10,44,10,0,10,54
08/07/2011,MEI,MS,ASO,CE,Federal Contract Tower,0,4,9,81,94,0,0,39,14,53,0,4,48,95,147,50,16,66,213
08/08/2011,MEI,MS,ASO,CE,Federal Contract Tower,0,4,21,101,126,0,0,11,20,31,0,4,32,121,157,8,70,78,235
08/09/2011,MEI,MS,ASO,CE,Federal Contract Tower,0,4,19,27,50,0,0,6,9,15,0,4,25,36,65,0,20,20,85
08/10/2011,MEI,MS,ASO,CE,Federal Contract Tower,0,4,13,75,92,0,0,14,24,38,0,4,27,99,130,0,156,156,286
08/11/2011,MEI,MS,ASO,CE,Federal Contract Tower,0,4,13,46,63,0,0,13,8,21,0,4,26,54,84,18,26,44,128
08/12/2011,MEI,MS,ASO,CE,Federal Contract Tower,0,5,13,77,95,0,0,17,17,34,0,5,30,94,129,72,22,94,223
08/13/2011,MEI,MS,ASO,CE,Federal Contract Tower,0,2,7,16,25,0,0,32,0,32,0,2,39,16,57,86,0,86,143
08/14/2011,MEI,MS,ASO,CE,Federal Contract Tower,0,4,7,50,61,0,0,35,0,35,0,4,42,50,96,34,32,66,162
08/15/2011,MEI,MS,ASO,CE,Federal Contract Tower,0,4,7,65,76,0,0,27,12,39,0,4,34,77,115,42,64,106,221
08/16/2011,MEI,MS,ASO,CE,Federal Contract Tower,0,4,7,67,78,0,0,13,30,43,0,4,20,97,121,28,70,98,219
08/17/2011,MEI,MS,ASO,CE,Federal Contract Tower,4,4,13,77,98,0,0,10,12,22,4,4,23,89,120,92,62,154,274
08/18/2011,MEI,MS,ASO,CE,Federal Contract Tower,0,6,20,77,103,0,0,16,9,25,0,6,36,86,128,18,40,58,186
08/19/2011,MEI,MS,ASO,CE,Federal Contract Tower,0,4,9,99,112,0,0,16,18,34,0,4,25,117,146,30,30,60,206
08/20/2011,MEI,MS,ASO,CE,Federal Contract Tower,0,2,7,14,23,0,0,20,4,24,0,2,27,18,47,0,8,8,55
08/21/2011,MEI,MS,ASO,CE,Federal Contract Tower,0,4,21,31,56,0,0,13,1,14,0,4,34,32,70,70,4,74,144
08/22/2011,MEI,MS,ASO,CE,Federal Contract Tower,0,4,35,92,131,0,0,23,14,37,0,4,58,106,168,42,124,166,334
08/23/2011,MEI,MS,ASO,CE,Federal Contract Tower,0,4,28,79,111,0,0,16,1,17,0,4,44,80,128,66,80,146,274
08/24/2011,MEI,MS,ASO,CE,Federal Contract Tower,0,4,27,68,99,0,0,23,22,45,0,4,50,90,144,0,34,34,178
08/25/2011,MEI,MS,ASO,CE,Federal Contract Tower,0,4,16,42,62,0,0,23,17,40,0,4,39,59,102,0,114,114,216
08/26/2011,MEI,MS,ASO,CE,Federal Contract Tower,0,4,6,62,72,0,0,16,6,22,0,4,22,68,94,32,98,130,224
08/27/2011,MEI,MS,ASO,CE,Federal Contract Tower,0,2,23,13,38,0,0,10,2,12,0,2,33,15,50,52,0,52,102
08/28/2011,MEI,MS,ASO,CE,Federal Contract Tower,0,4,16,16,36,0,0,19,4,23,0,4,35,20,59,24,14,38,97
08/29/2011,MEI,MS,ASO,CE,Federal Contract Tower,0,4,12,84,100,0,0,11,14,25,0,4,23,98,125,10,10,20,145
08/30/2011,MEI,MS,ASO,CE,Federal Contract Tower,0,4,8,101,113,0,0,20,22,42,0,4,28,123,155,34,110,144,299
08/31/2011,MEI,MS,ASO,CE,Federal Contract Tower,1,11,3,66,81,0,0,16,14,30,1,11,19,80,111,0,80,80,191
09/01/2011,MEI,MS,ASO,CE,Federal Contract Tower,0,4,16,117,137,0,0,14,43,57,0,4,30,160,194,10,90,100,294
09/02/2011,MEI,MS,ASO,CE,Federal Contract Tower,0,4,12,63,79,0,0,26,29,55,0,4,38,92,134,0,78,78,212
09/03/2011,MEI,MS,ASO,CE,Federal Contract Tower,0,2,3,0,5,0,0,8,0,8,0,2,11,0,13,38,0,38,51
09/04/2011,MEI,MS,ASO,CE,Federal Contract Tower,0,4,5,0,9,0,0,2,0,2,0,4,7,0,11,0,0,0,11
09/05/2011,MEI,MS,ASO,CE,Federal Contract Tower,0,6,6,0,12,0,0,2,0,2,0,6,8,0,14,14,0,14,28
09/06/2011,MEI,MS,ASO,CE,Federal Contract Tower,0,4,7,53,64,0,0,18,17,35,0,4,25,70,99,0,48,48,147
09/07/2011,MEI,MS,ASO,CE,Federal Contract Tower,0,7,15,79,101,0,0,23,20,43,0,7,38,99,144,16,80,96,240
09/08/2011,MEI,MS,ASO,CE,Federal Contract Tower,0,4,15,48,67,0,0,20,8,28,0,4,35,56,95,16,40,56,151
09/09/2011,MEI,MS,ASO,CE,Federal Contract Tower,0,4,15,65,84,0,0,25,11,36,0,4,40,76,120,14,80,94,214
09/10/2011,MEI,MS,ASO,CE,Federal Contract Tower,0,4,2,40,46,0,0,30,8,38,0,4,32,48,84,8,6,14,98
09/11/2011,MEI,MS,ASO,CE,Federal Contract Tower,0,4,10,41,55,0,0,44,0,44,0,4,54,41,99,42,12,54,153
09/12/2011,MEI,MS,ASO,CE,Federal Contract Tower,0,4,18,117,139,0,0,31,11,42,0,4,49,128,181,24,76,100,281
09/13/2011,MEI,MS,ASO,CE,Federal Contract Tower,0,4,21,99,124,0,0,10,9,19,0,4,31,108,143,6,42,48,191
09/14/2011,MEI,MS,ASO,CE,Federal Contract Tower,4,4,9,112,129,0,0,14,9,23,4,4,23,121,152,10,100,110,262
09/15/2011,MEI,MS,ASO,CE,Federal Contract Tower,0,4,4,72,80,0,0,12,0,12,0,4,16,72,92,0,38,38,130
09/16/2011,MEI,MS,ASO,CE,Federal Contract Tower,0,4,19,46,69,0,0,24,26,50,0,4,43,72,119,32,70,102,221
09/17/2011,MEI,MS,ASO,CE,Federal Contract Tower,0,2,13,24,39,0,0,17,1,18,0,2,30,25,57,40,12,52,109
09/18/2011,MEI,MS,ASO,CE,Federal Contract Tower,0,4,48,25,77,0,0,30,0,30,0,4,78,25,107,10,0,10,117
09/19/2011,MEI,MS,ASO,CE,Federal Contract Tower,0,4,18,12,34,0,0,2,0,2,0,4,20,12,36,0,28,28,64
09/20/2011,MEI,MS,ASO,CE,Federal Contract Tower,0,4,25,48,77,0,0,14,1,15,0,4,39,49,92,30,50,80,172
09/21/2011,MEI,MS,ASO,CE,Federal Contract Tower,0,8,15,44,67,0,0,14,13,27,0,8,29,57,94,22,12,34,128
09/22/2011,MEI,MS,ASO,CE,Federal Contract Tower,0,4,14,89,107,0,0,14,17,31,0,4,28,106,138,10,108,118,256
09/23/2011,MEI,MS,ASO,CE,Federal Contract Tower,0,6,16,49,71,0,0,20,16,36,0,6,36,65,107,14,91,105,212
09/24/2011,MEI,MS,ASO,CE,Federal Contract Tower,0,4,13,21,38,0,0,31,0,31,0,4,44,21,69,20,0,20,89
09/25/2011,MEI,MS,ASO,CE,Federal Contract Tower,0,5,15,48,68,0,0,23,2,25,0,5,38,50,93,30,10,40,133
09/26/2011,MEI,MS,ASO,CE,Federal Contract Tower,0,5,15,63,83,0,0,4,11,15,0,5,19,74,98,0,52,52,150
09/27/2011,MEI,MS,ASO,CE,Federal Contract Tower,0,4,11,30,45,0,0,5,20,25,0,4,16,50,70,0,12,12,82
09/28/2011,MEI,MS,ASO,CE,Federal Contract Tower,0,10,17,67,94,0,0,16,34,50,0,10,33,101,144,0,20,20,164
09/29/2011,MEI,MS,ASO,CE,Federal Contract Tower,0,4,22,78,104,0,0,23,19,42,0,4,45,97,146,20,68,88,234
09/30/2011,MEI,MS,ASO,CE,Federal Contract Tower,0,4,5,73,82,0,0,23,15,38,0,4,28,88,120,58,104,162,282
10/01/2011,MEI,MS,ASO,CE,Federal Contract Tower,0,4,16,0,20,0,0,16,3,19,0,4,32,3,39,38,0,38,77
10/02/2011,MEI,MS,ASO,CE,Federal Contract Tower,0,6,16,23,45,0,0,16,4,20,0,6,32,27,65,84,0,84,149
10/03/2011,MEI,MS,ASO,CE,Federal Contract Tower,0,6,10,117,133,0,0,14,20,34,0,6,24,137,167,0,168,168,335
10/04/2011,MEI,MS,ASO,CE,Federal Contract Tower,8,4,17,58,87,0,0,22,21,43,8,4,39,79,130,10,102,112,242
10/05/2011,MEI,MS,ASO,CE,Federal Contract Tower,0,4,3,150,157,0,0,17,20,37,0,4,20,170,194,36,118,154,348
10/06/2011,MEI,MS,ASO,CE,Federal Contract Tower,0,4,21,79,104,0,0,9,11,20,0,4,30,90,124,8,108,116,240
10/07/2011,MEI,MS,ASO,CE,Federal Contract Tower,0,4,5,88,97,0,0,24,10,34,0,4,29,98,131,9,62,71,202
10/08/2011,MEI,MS,ASO,CE,Federal Contract Tower,0,4,18,0,22,0,0,27,0,27,0,4,45,0,49,10,0,10,59
10/09/2011,MEI,MS,ASO,CE,Federal Contract Tower,0,4,14,0,18,0,0,31,0,31,0,4,45,0,49,28,0,28,77
10/10/2011,MEI,MS,ASO,CE,Federal Contract Tower,0,4,7,20,31,0,0,22,2,24,0,4,29,22,55,34,6,40,95
10/11/2011,MEI,MS,ASO,CE,Federal Contract Tower,0,4,22,64,90,0,0,3,0,3,0,4,25,64,93,0,8,8,101
10/12/2011,MEI,MS,ASO,CE,Federal Contract Tower,4,4,22,107,137,0,0,8,1,9,4,4,30,108,146,0,50,50,196
10/13/2011,MEI,MS,ASO,CE,Federal Contract Tower,0,4,21,90,115,0,0,17,6,23,0,4,38,96,138,10,74,84,222
10/14/2011,MEI,MS,ASO,CE,Federal Contract Tower,0,4,15,78,97,0,0,10,13,23,0,4,25,91,120,12,42,54,174
10/15/2011,MEI,MS,ASO,CE,Federal Contract Tower,0,4,32,21,57,0,0,28,3,31,0,4,60,24,88,12,14,26,114
10/16/2011,MEI,MS,ASO,CE,Federal Contract Tower,0,4,2,67,73,0,0,22,4,26,0,4,24,71,99,44,8,52,151
10/17/2011,MEI,MS,ASO,CE,Federal Contract Tower,0,4,27,104,135,0,0,11,6,17,0,4,38,110,152,30,118,148,300
10/18/2011,MEI,MS,ASO,CE,Federal Contract Tower,0,6,7,63,76,0,0,6,5,11,0,6,13,68,87,0,50,50,137
10/19/2011,MEI,MS,ASO,CE,Federal Contract Tower,0,4,19,76,99,0,0,10,9,19,0,4,29,85,118,0,92,92,210
10/20/2011,MEI,MS,ASO,CE,Federal Contract Tower,0,4,19,16,39,0,0,24,46,70,0,4,43,62,109,0,8,8,117
10/21/2011,MEI,MS,ASO,CE,Federal Contract Tower,0,4,16,85,105,0,0,22,10,32,0,4,38,95,137,0,34,34,171
10/22/2011,MEI,MS,ASO,CE,Federal Contract Tower,0,4,5,6,15,0,0,23,1,24,0,4,28,7,39,16,0,16,55
10/23/2011,MEI,MS,ASO,CE,Federal Contract Tower,0,4,9,57,70,0,0,18,2,20,0,4,27,59,90,14,6,20,110
10/24/2011,MEI,MS,ASO,CE,Federal Contract Tower,0,4,25,54,83,0,0,11,5,16,0,4,36,59,99,12,34,46,145
10/25/2011,MEI,MS,ASO,CE,Federal Contract Tower,0,4,14,108,126,0,0,29,18,47,0,4,43,126,173,18,82,100,273
10/26/2011,MEI,MS,ASO,CE,Federal Contract Tower,5,7,12,81,105,0,0,19,15,34,5,7,31,96,139,16,40,56,195
10/27/2011,MEI,MS,ASO,CE,Federal Contract Tower,0,4,8,76,88,0,0,16,7,23,0,4,24,83,111,6,60,66,177
10/28/2011,MEI,MS,ASO,CE,Federal Contract Tower,0,4,17,31,52,0,0,6,0,6,0,4,23,31,58,0,0,0,58
10/29/2011,MEI,MS,ASO,CE,Federal Contract Tower,0,4,5,25,34,0,0,19,6,25,0,4,24,31,59,0,42,42,101
10/30/2011,MEI,MS,ASO,CE,Federal Contract Tower,0,4,18,22,44,0,0,14,4,18,0,4,32,26,62,6,16,22,84
10/31/2011,MEI,MS,ASO,CE,Federal Contract Tower,0,5,10,45,60,0,0,20,0,20,0,5,30,45,80,6,0,6,86
11/01/2011,MEI,MS,ASO,CE,Federal Contract Tower,0,4,20,34,58,0,0,11,10,21,0,4,31,44,79,20,13,33,112
11/02/2011,MEI,MS,ASO,CE,Federal Contract Tower,0,4,23,53,80,0,0,21,12,33,0,4,44,65,113,6,56,62,175
11/03/2011,MEI,MS,ASO,CE,Federal Contract Tower,0,4,17,47,68,0,0,3,0,3,0,4,20,47,71,0,4,4,75
11/04/2011,MEI,MS,ASO,CE,Federal Contract Tower,0,2,21,70,93,0,0,20,14,34,0,2,41,84,127,6,74,80,207
11/05/2011,MEI,MS,ASO,CE,Federal Contract Tower,0,4,11,58,73,0,0,18,0,18,0,4,29,58,91,0,0,0,91
11/06/2011,MEI,MS,ASO,CE,Federal Contract Tower,0,4,20,39,63,0,0,27,0,27,0,4,47,39,90,28,0,28,118
11/07/2011,MEI,MS,ASO,CE,Federal Contract Tower,0,4,20,55,79,0,0,10,3,13,0,4,30,58,92,0,16,16,108
11/08/2011,MEI,MS,ASO,CE,Federal Contract Tower,0,4,21,46,71,0,0,13,4,17,0,4,34,50,88,6,98,104,192
11/09/2011,MEI,MS,ASO,CE,Federal Contract Tower,0,4,16,50,70,0,0,18,5,23,0,4,34,55,93,0,28,28,121
11/10/2011,MEI,MS,ASO,CE,Federal Contract Tower,0,4,11,77,92,0,0,20,14,34,0,4,31,91,126,32,90,122,248
11/11/2011,MEI,MS,ASO,CE,Federal Contract Tower,0,4,21,11,36,0,0,11,3,14,0,4,32,14,50,0,0,0,50
11/12/2011,MEI,MS,ASO,CE,Federal Contract Tower,0,4,7,12,23,0,0,17,0,17,0,4,24,12,40,0,0,0,40
11/13/2011,MEI,MS,ASO,CE,Federal Contract Tower,0,4,6,11,21,0,0,23,8,31,0,4,29,19,52,18,0,18,70
11/14/2011,MEI,MS,ASO,CE,Federal Contract Tower,0,4,13,121,138,0,0,8,8,16,0,4,21,129,154,0,58,58,212
11/15/2011,MEI,MS,ASO,CE,Federal Contract Tower,0,4,19,63,86,0,0,2,1,3,0,4,21,64,89,0,0,0,89
11/16/2011,MEI,MS,ASO,CE,Federal Contract Tower,0,6,5,117,128,0,0,5,9,14,0,6,10,126,142,0,54,54,196
11/17/2011,MEI,MS,ASO,CE,Federal Contract Tower,0,4,33,97,134,0,0,15,10,25,0,4,48,107,159,0,112,112,271
11/18/2011,MEI,MS,ASO,CE,Federal Contract Tower,0,5,6,43,54,0,0,15,13,28,0,5,21,56,82,32,57,89,171
11/19/2011,MEI,MS,ASO,CE,Federal Contract Tower,0,4,37,36,77,0,0,15,6,21,0,4,52,42,98,0,18,18,116
11/20/2011,MEI,MS,ASO,CE,Federal Contract Tower,0,4,11,46,61,0,0,18,2,20,0,4,29,48,81,22,2,24,105
11/21/2011,MEI,MS,ASO,CE,Federal Contract Tower,0,6,16,64,86,0,0,10,2,12,0,6,26,66,98,2,32,34,132
11/22/2011,MEI,MS,ASO,CE,Federal Contract Tower,0,6,13,24,43,0,0,1,0,1,0,6,14,24,44,0,0,0,44
11/23/2011,MEI,MS,ASO,CE,Federal Contract Tower,0,4,38,60,102,0,0,15,6,21,0,4,53,66,123,10,66,76,199
11/24/2011,MEI,MS,ASO,CE,Federal Contract Tower,0,4,3,0,7,0,0,9,0,9,0,4,12,0,16,0,0,0,16
11/25/2011,MEI,MS,ASO,CE,Federal Contract Tower,0,4,4,0,8,0,0,16,0,16,0,4,20,0,24,0,0,0,24
11/26/2011,MEI,MS,ASO,CE,Federal Contract Tower,0,4,17,0,21,0,0,12,0,12,0,4,29,0,33,0,0,0,33
11/27/2011,MEI,MS,ASO,CE,Federal Contract Tower,0,4,10,1,15,0,0,4,0,4,0,4,14,1,19,2,0,2,21
11/28/2011,MEI,MS,ASO,CE,Federal Contract Tower,0,4,8,17,29,0,0,2,1,3,0,4,10,18,32,0,0,0,32
11/29/2011,MEI,MS,ASO,CE,Federal Contract Tower,0,5,20,32,57,0,0,5,0,5,0,5,25,32,62,0,26,26,88
11/30/2011,MEI,MS,ASO,CE,Federal Contract Tower,0,4,24,76,104,0,0,13,9,22,0,4,37,85,126,0,44,44,170
12/01/2011,MEI,MS,ASO,CE,Federal Contract Tower,0,4,17,65,86,0,0,33,12,45,0,4,50,77,131,6,44,50,181
12/02/2011,MEI,MS,ASO,CE,Federal Contract Tower,0,4,14,64,82,0,0,22,17,39,0,4,36,81,121,0,28,28,149
12/03/2011,MEI,MS,ASO,CE,Federal Contract Tower,0,6,23,108,137,0,0,17,4,21,0,6,40,112,158,2,18,20,178
12/04/2011,MEI,MS,ASO,CE,Federal Contract Tower,0,4,18,66,88,0,0,18,3,21,0,4,36,69,109,0,79,79,188
12/05/2011,MEI,MS,ASO,CE,Federal Contract Tower,0,4,8,60,72,0,0,0,3,3,0,4,8,63,75,0,20,20,95
12/06/2011,MEI,MS,ASO,CE,Federal Contract Tower,0,4,12,73,89,0,0,0,0,0,0,4,12,73,89,0,0,0,89
12/07/2011,MEI,MS,ASO,CE,Federal Contract Tower,0,4,20,91,115,0,0,3,4,7,0,4,23,95,122,0,100,100,222
12/08/2011,MEI,MS,ASO,CE,Federal Contract Tower,0,4,12,101,117,0,0,21,9,30,0,4,33,110,147,6,64,70,217
12/09/2011,MEI,MS,ASO,CE,Federal Contract Tower,0,4,22,86,112,0,0,22,21,43,0,4,44,107,155,2,100,102,257
12/10/2011,MEI,MS,ASO,CE,Federal Contract Tower,0,4,7,23,34,0,0,23,12,35,0,4,30,35,69,14,18,32,101
12/11/2011,MEI,MS,ASO,CE,Federal Contract Tower,0,4,7,65,76,0,0,16,9,25,0,4,23,74,101,14,12,26,127
12/12/2011,MEI,MS,ASO,CE,Federal Contract Tower,0,6,14,67,87,0,0,3,9,12,0,6,17,76,99,0,40,40,139
12/13/2011,MEI,MS,ASO,CE,Federal Contract Tower,0,4,10,61,75,0,0,4,0,4,0,4,14,61,79,0,0,0,79
12/14/2011,MEI,MS,ASO,CE,Federal Contract Tower,0,4,13,61,78,0,0,16,7,23,0,4,29,68,101,34,68,102,203
12/15/2011,MEI,MS,ASO,CE,Federal Contract Tower,0,4,8,70,82,0,0,3,9,12,0,4,11,79,94,0,76,76,170
12/16/2011,MEI,MS,ASO,CE,Federal Contract Tower,0,4,3,20,27,0,0,1,1,2,0,4,4,21,29,0,0,0,29
12/17/2011,MEI,MS,ASO,CE,Federal Contract Tower,0,4,12,12,28,0,0,26,3,29,0,4,38,15,57,16,10,26,83
12/18/2011,MEI,MS,ASO,CE,Federal Contract Tower,0,4,6,20,30,0,0,42,6,48,0,4,48,26,78,14,0,14,92
12/19/2011,MEI,MS,ASO,CE,Federal Contract Tower,0,4,16,87,107,0,0,6,11,17,0,4,22,98,124,6,128,134,258
12/20/2011,MEI,MS,ASO,CE,Federal Contract Tower,0,4,7,63,74,0,0,5,2,7,0,4,12,65,81,0,2,2,83
12/21/2011,MEI,MS,ASO,CE,Federal Contract Tower,0,4,16,136,156,0,0,2,5,7,0,4,18,141,163,0,24,24,187
12/22/2011,MEI,MS,ASO,CE,Federal Contract Tower,0,3,3,7,13,0,0,0,0,0,0,3,3,7,13,0,0,0,13
12/23/2011,MEI,MS,ASO,CE,Federal Contract Tower,0,4,14,21,39,0,0,14,0,14,0,4,28,21,53,0,0,0,53
12/24/2011,MEI,MS,ASO,CE,Federal Contract Tower,0,4,3,0,7,0,0,17,0,17,0,4,20,0,24,0,0,0,24
12/25/2011,MEI,MS,ASO,CE,Federal Contract Tower,0,4,0,0,4,0,0,2,0,2,0,4,2,0,6,0,0,0,6
12/26/2011,MEI,MS,ASO,CE,Federal Contract Tower,0,4,7,0,11,0,0,0,0,0,0,4,7,0,11,8,0,8,19
12/27/2011,MEI,MS,ASO,CE,Federal Contract Tower,0,3,16,21,40,0,0,9,0,9,0,3,25,21,49,2,40,42,91
12/28/2011,MEI,MS,ASO,CE,Federal Contract Tower,0,3,10,21,34,0,0,17,7,24,0,3,27,28,58,20,60,80,138
12/29/2011,MEI,MS,ASO,CE,Federal Contract Tower,0,4,25,20,49,0,0,14,10,24,0,4,39,30,73,10,36,46,119
12/30/2011,MEI,MS,ASO,CE,Federal Contract Tower,0,4,17,4,25,0,0,20,0,20,0,4,37,4,45,35,0,35,80
12/31/2011,MEI,MS,ASO,CE,Federal Contract Tower,0,4,37,0,41,0,0,29,0,29,0,4,66,0,70,46,0,46,116
01/01/2012,MEI,MS,ASO,CE,Federal Contract Tower,0,4,10,0,14,0,0,11,0,11,0,4,21,0,25,6,0,6,31
01/02/2012,MEI,MS,ASO,CE,Federal Contract Tower,0,4,13,0,17,0,0,15,0,15,0,4,28,0,32,6,0,6,38
01/03/2012,MEI,MS,ASO,CE,Federal Contract Tower,0,4,19,26,49,0,0,13,7,20,0,4,32,33,69,6,60,66,135
01/04/2012,MEI,MS,ASO,CE,Federal Contract Tower,0,4,19,69,92,0,0,16,7,23,0,4,35,76,115,24,70,94,209
01/05/2012,MEI,MS,ASO,CE,Federal Contract Tower,0,4,9,56,69,0,0,23,8,31,0,4,32,64,100,0,38,38,138
01/06/2012,MEI,MS,ASO,CE,Federal Contract Tower,0,6,8,85,99,0,0,23,21,44,0,6,31,106,143,20,100,120,263
01/07/2012,MEI,MS,ASO,CE,Federal Contract Tower,0,5,10,40,55,0,0,18,2,20,0,5,28,42,75,2,24,26,101
01/08/2012,MEI,MS,ASO,CE,Federal Contract Tower,0,4,7,67,78,0,0,4,6,10,0,4,11,73,88,0,0,0,88
01/09/2012,MEI,MS,ASO,CE,Federal Contract Tower,0,4,5,58,67,0,0,1,0,1,0,4,6,58,68,0,0,0,68
01/10/2012,MEI,MS,ASO,CE,Federal Contract Tower,0,6,14,50,70,0,0,1,0,1,0,6,15,50,71,0,0,0,71
01/11/2012,MEI,MS,ASO,CE,Federal Contract Tower,0,4,9,130,143,0,0,5,2,7,0,4,14,132,150,10,84,94,244
01/12/2012,MEI,MS,ASO,CE,Federal Contract Tower,0,7,18,115,140,0,0,9,3,12,0,7,27,118,152,0,40,40,192
01/13/2012,MEI,MS,ASO,CE,Federal Contract Tower,0,3,12,90,105,0,0,24,19,43,0,3,36,109,148,4,126,130,278
01/14/2012,MEI,MS,ASO,CE,Federal Contract Tower,0,4,5,29,38,0,0,13,3,16,0,4,18,32,54,0,16,16,70
01/15/2012,MEI,MS,ASO,CE,Federal Contract Tower,0,5,20,40,65,0,0,34,5,39,0,5,54,45,104,16,18,34,138
01/16/2012,MEI,MS,ASO,CE,Federal Contract Tower,0,4,19,20,43,0,0,15,7,22,0,4,34,27,65,0,0,0,65
01/17/2012,MEI,MS,ASO,CE,Federal Contract Tower,0,4,4,32,40,0,0,2,1,3,0,4,6,33,43,0,0,0,43
01/18/2012,MEI,MS,ASO,CE,Federal Contract Tower,0,6,23,53,82,0,0,14,12,26,0,6,37,65,108,0,0,0,108
01/19/2012,MEI,MS,ASO,CE,Federal Contract Tower,0,4,16,91,111,0,0,29,23,52,0,4,45,114,163,18,140,158,321
01/20/2012,MEI,MS,ASO,CE,Federal Contract Tower,0,4,14,43,61,0,0,10,0,10,0,4,24,43,71,4,0,4,75
01/21/2012,MEI,MS,ASO,CE,Federal Contract Tower,0,2,7,6,15,0,0,3,0,3,0,2,10,6,18,0,0,0,18
01/22/2012,MEI,MS,ASO,CE,Federal Contract Tower,0,3,10,79,92,0,0,3,0,3,0,3,13,79,95,0,2,2,97
01/23/2012,MEI,MS,ASO,CE,Federal Contract Tower,0,4,10,77,91,0,0,19,17,36,0,4,29,94,127,6,104,110,237
01/24/2012,MEI,MS,ASO,CE,Federal Contract Tower,0,4,14,47,65,0,0,16,22,38,0,4,30,69,103,0,126,126,229
01/25/2012,MEI,MS,ASO,CE,Federal Contract Tower,0,4,22,44,70,0,0,9,5,14,0,4,31,49,84,28,20,48,132
01/26/2012,MEI,MS,ASO,CE,Federal Contract Tower,0,5,7,49,61,0,0,2,3,5,0,5,9,52,66,0,20,20,86
01/27/2012,MEI,MS,ASO,CE,Federal Contract Tower,0,4,11,57,72,0,0,27,20,47,0,4,38,77,119,16,154,170,289
01/28/2012,MEI,MS,ASO,CE,Federal Contract Tower,0,4,43,15,62,0,0,31,1,32,0,4,74,16,94,10,30,40,134
01/29/2012,MEI,MS,ASO,CE,Federal Contract Tower,0,4,8,18,30,0,0,31,0,31,0,4,39,18,61,52,12,64,125
01/30/2012,MEI,MS,ASO,CE,Federal Contract Tower,0,4,7,55,66,0,0,30,31,61,0,4,37,86,127,54,104,158,285
01/31/2012,MEI,MS,ASO,CE,Federal Contract Tower,0,5,14,96,115,0,0,21,22,43,0,5,35,118,158,6,104,110,268
02/01/2012,MEI,MS,ASO,CE,Federal Contract Tower,0,4,11,56,71,0,0,2,3,5,0,4,13,59,76,0,33,33,109
02/02/2012,MEI,MS,ASO,CE,Federal Contract Tower,0,4,9,40,53,0,0,23,4,27,0,4,32,44,80,8,76,84,164
02/03/2012,MEI,MS,ASO,CE,Federal Contract Tower,0,4,5,42,51,0,0,0,4,4,0,4,5,46,55,0,32,32,87
02/04/2012,MEI,MS,ASO,CE,Federal Contract Tower,0,6,2,4,12,0,0,0,0,0,0,6,2,4,12,0,0,0,12
02/05/2012,MEI,MS,ASO,CE,Federal Contract Tower,0,4,6,20,30,0,0,15,13,28,0,4,21,33,58,64,16,80,138
02/06/2012,MEI,MS,ASO,CE,Federal Contract Tower,0,4,14,58,76,0,0,14,0,14,0,4,28,58,90,0,20,20,110
02/07/2012,MEI,MS,ASO,CE,Federal Contract Tower,0,4,15,47,66,0,1,17,11,29,0,5,32,58,95,60,102,162,257
02/08/2012,MEI,MS,ASO,CE,Federal Contract Tower,0,4,44,85,133,0,0,28,4,32,0,4,72,89,165,36,38,74,239
02/09/2012,MEI,MS,ASO,CE,Federal Contract Tower,0,6,10,77,93,0,0,15,6,21,0,6,25,83,114,0,118,118,232
02/10/2012,MEI,MS,ASO,CE,Federal Contract Tower,0,4,7,52,63,0,0,8,2,10,0,4,15,54,73,0,84,84,157
02/11/2012,MEI,MS,ASO,CE,Federal Contract Tower,0,4,13,25,42,0,0,0,1,1,0,4,13,26,43,0,0,0,43
02/12/2012,MEI,MS,ASO,CE,Federal Contract Tower,0,6,7,57,70,0,0,23,1,24,0,6,30,58,94,76,6,82,176
02/13/2012,MEI,MS,ASO,CE,Federal Contract Tower,0,6,13,48,67,0,0,9,2,11,0,6,22,50,78,0,92,92,170
02/14/2012,MEI,MS,ASO,CE,Federal Contract Tower,0,4,7,74,85,0,0,1,3,4,0,4,8,77,89,0,28,28,117
02/15/2012,MEI,MS,ASO,CE,Federal Contract Tower,0,4,22,85,111,0,0,10,2,12,0,4,32,87,123,64,82,146,269
02/16/2012,MEI,MS,ASO,CE,Federal Contract Tower,0,4,16,77,97,0,0,10,7,17,0,4,26,84,114,2,84,86,200
02/17/2012,MEI,MS,ASO,CE,Federal Contract Tower,0,4,14,94,112,0,0,14,17,31,0,4,28,111,143,26,100,126,269
02/18/2012,MEI,MS,ASO,CE,Federal Contract Tower,0,4,3,2,9,0,0,0,0,0,0,4,3,2,9,0,0,0,9
02/19/2012,MEI,MS,ASO,CE,Federal Contract Tower,0,4,16,10,30,0,0,6,1,7,0,4,22,11,37,0,0,0,37
02/20/2012,MEI,MS,ASO,CE,Federal Contract Tower,0,4,13,44,61,0,0,19,3,22,0,4,32,47,83,32,6,38,121
02/21/2012,MEI,MS,ASO,CE,Federal Contract Tower,0,4,6,97,107,0,0,25,9,34,0,4,31,106,141,12,168,180,321
02/22/2012,MEI,MS,ASO,CE,Federal Contract Tower,0,4,30,131,165,0,0,10,1,11,0,4,40,132,176,0,122,122,298
02/23/2012,MEI,MS,ASO,CE,Federal Contract Tower,0,4,22,122,148,0,0,2,6,8,0,4,24,128,156,0,60,60,216
02/24/2012,MEI,MS,ASO,CE,Federal Contract Tower,0,2,20,139,161,0,0,12,12,24,0,2,32,151,185,0,146,146,331
02/25/2012,MEI,MS,ASO,CE,Federal Contract Tower,0,4,7,6,17,0,0,41,11,52,0,4,48,17,69,62,40,102,171
02/26/2012,MEI,MS,ASO,CE,Federal Contract Tower,0,4,12,82,98,0,0,33,12,45,0,4,45,94,143,16,28,44,187
02/27/2012,MEI,MS,ASO,CE,Federal Contract Tower,0,4,22,88,114,0,0,21,3,24,0,4,43,91,138,0,40,40,178
02/28/2012,MEI,MS,ASO,CE,Federal Contract Tower,0,4,10,23,37,0,0,1,0,1,0,4,11,23,38,0,0,0,38
02/29/2012,MEI,MS,ASO,CE,Federal Contract Tower,0,4,19,34,57,0,0,7,2,9,0,4,26,36,66,0,6,6,72
03/01/2012,MEI,MS,ASO,CE,Federal Contract Tower,0,4,11,60,75,0,0,14,8,22,0,4,25,68,97,0,80,80,177
03/02/2012,MEI,MS,ASO,CE,Federal Contract Tower,0,3,13,75,91,0,0,3,6,9,0,3,16,81,100,0,36,36,136
03/03/2012,MEI,MS,ASO,CE,Federal Contract Tower,0,3,20,9,32,0,0,1,23,24,0,3,21,32,56,0,0,0,56
03/04/2012,MEI,MS,ASO,CE,Federal Contract Tower,0,4,10,73,87,0,0,16,11,27,0,4,26,84,114,24,80,104,218
03/05/2012,MEI,MS,ASO,CE,Federal Contract Tower,0,4,37,72,113,0,0,15,4,19,0,4,52,76,132,20,4,24,156
03/06/2012,MEI,MS,ASO,CE,Federal Contract Tower,0,4,17,110,131,0,0,19,23,42,0,4,36,133,173,0,94,94,267
03/07/2012,MEI,MS,ASO,CE,Federal Contract Tower,0,8,36,132,176,0,0,34,12,46,0,8,70,144,222,0,128,128,350
03/08/2012,MEI,MS,ASO,CE,Federal Contract Tower,0,4,31,67,102,0,0,11,11,22,0,4,42,78,124,4,168,172,296
03/09/2012,MEI,MS,ASO,CE,Federal Contract Tower,0,4,15,98,117,0,0,10,4,14,0,4,25,102,131,16,48,64,195
03/10/2012,MEI,MS,ASO,CE,Federal Contract Tower,0,4,12,0,16,0,0,27,0,27,0,4,39,0,43,24,0,24,67
03/11/2012,MEI,MS,ASO,CE,Federal Contract Tower,0,4,20,45,69,0,0,7,0,7,0,4,27,45,76,2,6,8,84
03/12/2012,MEI,MS,ASO,CE,Federal Contract Tower,0,4,12,74,90,0,0,5,3,8,0,4,17,77,98,0,46,46,144
03/13/2012,MEI,MS,ASO,CE,Federal Contract Tower,0,4,11,74,89,0,0,19,10,29,0,4,30,84,118,12,78,90,208
03/14/2012,MEI,MS,ASO,CE,Federal Contract Tower,0,6,19,69,94,0,0,21,7,28,0,6,40,76,122,12,14,26,148
03/15/2012,MEI,MS,ASO,CE,Federal Contract Tower,0,4,21,55,80,0,0,22,11,33,0,4,43,66,113,40,76,116,229
03/16/2012,MEI,MS,ASO,CE,Federal Contract Tower,0,4,23,81,108,0,0,23,4,27,0,4,46,85,135,54,122,176,311
03/17/2012,MEI,MS,ASO,CE,Federal Contract Tower,0,6,11,22,39,0,0,20,1,21,0,6,31,23,60,36,22,58,118
03/18/2012,MEI,MS,ASO,CE,Federal Contract Tower,0,2,17,49,68,0,0,20,6,26,0,2,37,55,94,42,10,52,146
03/19/2012,MEI,MS,ASO,CE,Federal Contract Tower,0,4,29,73,106,0,0,55,0,55,0,4,84,73,161,10,128,138,299
03/20/2012,MEI,MS,ASO,CE,Federal Contract Tower,0,4,24,78,106,0,0,14,10,24,0,4,38,88,130,8,32,40,170
03/21/2012,MEI,MS,ASO,CE,Federal Contract Tower,0,4,14,45,63,0,0,2,6,8,0,4,16,51,71,14,44,58,129
03/22/2012,MEI,MS,ASO,CE,Federal Contract Tower,0,6,8,21,35,0,0,0,2,2,0,6,8,23,37,0,2,2,39
03/23/2012,MEI,MS,ASO,CE,Federal Contract Tower,0,4,25,45,74,0,0,23,8,31,0,4,48,53,105,40,106,146,251
03/24/2012,MEI,MS,ASO,CE,Federal Contract Tower,0,4,18,24,46,0,0,9,11,20,0,4,27,35,66,48,16,64,130
03/25/2012,MEI,MS,ASO,CE,Federal Contract Tower,0,4,22,70,96,0,0,45,5,50,0,4,67,75,146,66,28,94,240
03/26/2012,MEI,MS,ASO,CE,Federal Contract Tower,0,4,10,103,117,0,0,21,23,44,0,4,31,126,161,0,136,136,297
03/27/2012,MEI,MS,ASO,CE,Federal Contract Tower,0,4,17,134,155,0,0,23,19,42,0,4,40,153,197,0,98,98,295
03/28/2012,MEI,MS,ASO,CE,Federal Contract Tower,0,4,22,104,130,0,0,21,18,39,0,4,43,122,169,52,52,104,273
03/29/2012,MEI,MS,ASO,CE,Federal Contract Tower,0,4,13,79,96,0,0,15,24,39,0,4,28,103,135,94,122,216,351
03/30/2012,MEI,MS,ASO,CE,Federal Contract Tower,0,4,23,43,70,0,0,8,7,15,0,4,31,50,85,26,22,48,133
03/31/2012,MEI,MS,ASO,CE,Federal Contract Tower,0,4,16,23,43,0,0,11,0,11,0,4,27,23,54,14,4,18,72
04/01/2012,MEI,MS,ASO,CE,Federal Contract Tower,0,4,61,94,159,0,0,42,3,45,0,4,103,97,204,0,2,2,206
04/02/2012,MEI,MS,ASO,CE,Federal Contract Tower,2,5,25,77,109,0,0,10,4,14,2,5,35,81,123,6,50,56,179
04/03/2012,MEI,MS,ASO,CE,Federal Contract Tower,0,4,9,56,69,0,0,4,10,14,0,4,13,66,83,0,20,20,103
04/04/2012,MEI,MS,ASO,CE,Federal Contract Tower,0,4,11,63,78,0,0,6,2,8,0,4,17,65,86,48,26,74,160
04/05/2012,MEI,MS,ASO,CE,Federal Contract Tower,0,4,7,30,41,0,0,10,10,20,0,4,17,40,61,48,34,82,143
04/06/2012,MEI,MS,ASO,CE,Federal Contract Tower,0,6,20,79,105,0,0,76,15,91,0,6,96,94,196,56,38,94,290
04/07/2012,MEI,MS,ASO,CE,Federal Contract Tower,0,4,14,0,18,0,0,36,0,36,0,4,50,0,54,16,0,16,70
04/08/2012,MEI,MS,ASO,CE,Federal Contract Tower,0,6,4,4,14,0,0,16,0,16,0,6,20,4,30,0,0,0,30
04/09/2012,MEI,MS,ASO,CE,Federal Contract Tower,0,4,11,80,95,0,0,24,19,43,0,4,35,99,138,8,96,104,242
04/10/2012,MEI,MS,ASO,CE,Federal Contract Tower,0,4,15,107,126,0,0,97,22,119,0,4,112,129,245,54,84,138,383
04/11/2012,MEI,MS,ASO,CE,Federal Contract Tower,0,4,11,79,94,0,0,44,17,61,0,4,55,96,155,32,40,72,227
04/12/2012,MEI,MS,ASO,CE,Federal Contract Tower,0,6,21,119,146,0,0,88,35,123,0,6,109,154,269,12,88,100,369
04/13/2012,MEI,MS,ASO,CE,Federal Contract Tower,0,4,13,98,115,0,0,24,13,37,0,4,37,111,152,4,68,72,224
04/14/2012,MEI,MS,ASO,CE,Federal Contract Tower,0,4,6,26,36,0,0,44,13,57,0,4,50,39,93,28,48,76,169
04/15/2012,MEI,MS,ASO,CE,Federal Contract Tower,0,4,19,50,73,0,0,9,6,15,0,4,28,56,88,0,12,12,100
04/16/2012,MEI,MS,ASO,CE,Federal Contract Tower,0,4,16,50,70,0,0,9,1,10,0,4,25,51,80,0,0,0,80
04/17/2012,MEI,MS,ASO,CE,Federal Contract Tower,0,4,2,17,23,0,0,0,0,0,0,4,2,17,23,0,4,4,27
04/18/2012,MEI,MS,ASO,CE,Federal Contract Tower,0,4,21,174,199,0,0,29,22,51,0,4,50,196,250,62,216,278,528
04/19/2012,MEI,MS,ASO,CE,Federal Contract Tower,0,4,10,117,131,0,0,25,18,43,0,4,35,135,174,12,110,122,296
04/20/2012,MEI,MS,ASO,CE,Federal Contract Tower,0,7,28,72,107,0,0,16,19,35,0,7,44,91,142,84,116,200,342
04/21/2012,MEI,MS,ASO,CE,Federal Contract Tower,0,4,10,14,28,0,0,8,0,8,0,4,18,14,36,10,2,12,48
04/22/2012,MEI,MS,ASO,CE,Federal Contract Tower,0,4,14,56,74,0,0,28,13,41,0,4,42,69,115,4,46,50,165
04/23/2012,MEI,MS,ASO,CE,Federal Contract Tower,0,4,18,108,130,0,0,23,20,43,0,4,41,128,173,8,164,172,345
04/24/2012,MEI,MS,ASO,CE,Federal Contract Tower,0,4,29,95,128,0,0,25,13,38,0,4,54,108,166,12,145,157,323
04/25/2012,MEI,MS,ASO,CE,Federal Contract Tower,0,4,16,87,107,0,0,17,10,27,0,4,33,97,134,0,128,128,262
04/26/2012,MEI,MS,ASO,CE,Federal Contract Tower,0,4,30,57,91,0,0,29,8,37,0,4,59,65,128,22,76,98,226
04/27/2012,MEI,MS,ASO,CE,Federal Contract Tower,0,4,20,83,107,0,0,22,13,35,0,4,42,96,142,20,82,102,244
04/28/2012,MEI,MS,ASO,CE,Federal Contract Tower,0,4,12,32,48,0,0,33,3,36,0,4,45,35,84,28,20,48,132
04/29/2012,MEI,MS,ASO,CE,Federal Contract Tower,0,4,17,83,104,0,0,39,21,60,0,4,56,104,164,74,26,100,264
04/30/2012,MEI,MS,ASO,CE,Federal Contract Tower,0,4,17,32,53,0,0,11,3,14,0,4,28,35,67,16,56,72,139
05/01/2012,MEI,MS,ASO,CE,Federal Contract Tower,0,4,14,88,106,0,0,12,16,28,0,4,26,104,134,12,42,54,188
05/02/2012,MEI,MS,ASO,CE,Federal Contract Tower,0,4,19,67,90,0,0,8,10,18,0,4,27,77,108,0,34,34,142
05/03/2012,MEI,MS,ASO,CE,Federal Contract Tower,0,4,12,111,127,0,0,9,2,11,0,4,21,113,138,12,20,32,170
05/04/2012,MEI,MS,ASO,CE,Federal Contract Tower,0,5,28,103,136,0,0,6,3,9,0,5,34,106,145,0,126,126,271
05/05/2012,MEI,MS,ASO,CE,Federal Contract Tower,0,2,8,6,16,0,0,21,0,21,0,2,29,6,37,12,2,14,51
05/06/2012,MEI,MS,ASO,CE,Federal Contract Tower,0,4,16,7,27,0,0,21,0,21,0,4,37,7,48,0,0,0,48
05/07/2012,MEI,MS,ASO,CE,Federal Contract Tower,0,3,11,111,125,0,0,13,9,22,0,3,24,120,147,4,34,38,185
05/08/2012,MEI,MS,ASO,CE,Federal Contract Tower,0,4,13,48,65,0,0,8,13,21,0,4,21,61,86,0,16,16,102
05/09/2012,MEI,MS,ASO,CE,Federal Contract Tower,0,4,23,102,129,0,0,16,11,27,0,4,39,113,156,2,38,40,196
05/10/2012,MEI,MS,ASO,CE,Federal Contract Tower,0,4,16,127,147,0,0,26,15,41,0,4,42,142,188,4,58,62,250
05/11/2012,MEI,MS,ASO,CE,Federal Contract Tower,0,4,19,76,99,0,0,24,15,39,0,4,43,91,138,34,118,152,290
05/12/2012,MEI,MS,ASO,CE,Federal Contract Tower,0,2,1,21,24,0,0,2,2,4,0,2,3,23,28,0,0,0,28
05/13/2012,MEI,MS,ASO,CE,Federal Contract Tower,0,4,14,29,47,0,0,9,1,10,0,4,23,30,57,10,0,10,67
05/14/2012,MEI,MS,ASO,CE,Federal Contract Tower,0,4,18,80,102,0,0,17,11,28,0,4,35,91,130,12,94,106,236
05/15/2012,MEI,MS,ASO,CE,Federal Contract Tower,0,4,34,105,143,0,0,23,23,46,0,4,57,128,189,0,108,108,297
05/16/2012,MEI,MS,ASO,CE,Federal Contract Tower,0,4,27,76,107,0,0,15,14,29,0,4,42,90,136,32,90,122,258
05/17/2012,MEI,MS,ASO,CE,Federal Contract Tower,0,6,13,72,91,0,0,20,29,49,0,6,33,101,140,42,68,110,250
05/18/2012,MEI,MS,ASO,CE,Federal Contract Tower,0,4,17,84,105,0,0,21,25,46,0,4,38,109,151,54,100,154,305
05/19/2012,MEI,MS,ASO,CE,Federal Contract Tower,0,2,11,15,28,0,0,25,3,28,0,2,36,18,56,12,4,16,72
05/20/2012,MEI,MS,ASO,CE,Federal Contract Tower,0,4,13,28,45,0,0,23,1,24,0,4,36,29,69,18,16,34,103
05/21/2012,MEI,MS,ASO,CE,Federal Contract Tower,0,4,27,57,88,0,0,10,8,18,0,4,37,65,106,0,10,10,116
05/22/2012,MEI,MS,ASO,CE,Federal Contract Tower,0,5,24,44,73,0,0,19,8,27,0,5,43,52,100,32,0,32,132
05/23/2012,MEI,MS,ASO,CE,Federal Contract Tower,0,4,12,94,110,0,0,15,12,27,0,4,27,106,137,7,44,51,188
05/24/2012,MEI,MS,ASO,CE,Federal Contract Tower,0,4,22,43,69,0,0,11,17,28,0,4,33,60,97,34,26,60,157
05/25/2012,MEI,MS,ASO,CE,Federal Contract Tower,0,4,9,25,38,0,0,30,4,34,0,4,39,29,72,36,0,36,108
05/26/2012,MEI,MS,ASO,CE,Federal Contract Tower,0,2,13,0,15,0,0,18,0,18,0,2,31,0,33,0,0,0,33
05/27/2012,MEI,MS,ASO,CE,Federal Contract Tower,0,4,22,7,33,0,0,16,1,17,0,4,38,8,50,0,0,0,50
05/28/2012,MEI,MS,ASO,CE,Federal Contract Tower,0,4,16,43,63,0,0,42,0,42,0,4,58,43,105,12,20,32,137
05/29/2012,MEI,MS,ASO,CE,Federal Contract Tower,0,6,19,62,87,0,0,10,13,23,0,6,29,75,110,0,80,80,190
05/30/2012,MEI,MS,ASO,CE,Federal Contract Tower,0,4,15,59,78,0,0,12,7,19,0,4,27,66,97,12,108,120,217
05/31/2012,MEI,MS,ASO,CE,Federal Contract Tower,0,4,12,45,61,0,0,7,12,19,0,4,19,57,80,24,78,102,182
06/01/2012,MEI,MS,ASO,CE,Federal Contract Tower,0,4,16,96,116,0,0,9,5,14,0,4,25,101,130,14,92,106,236
06/02/2012,MEI,MS,ASO,CE,Federal Contract Tower,0,2,12,2,16,0,0,33,4,37,0,2,45,6,53,46,14,60,113
06/03/2012,MEI,MS,ASO,CE,Federal Contract Tower,0,4,17,52,73,0,0,30,13,43,0,4,47,65,116,0,8,8,124
06/04/2012,MEI,MS,ASO,CE,Federal Contract Tower,0,4,7,91,102,0,0,11,11,22,0,4,18,102,124,20,78,98,222
06/05/2012,MEI,MS,ASO,CE,Federal Contract Tower,0,4,8,84,96,0,0,16,8,24,0,4,24,92,120,22,90,112,232
06/06/2012,MEI,MS,ASO,CE,Federal Contract Tower,0,4,14,101,119,0,0,22,32,54,0,4,36,133,173,18,66,84,257
06/07/2012,MEI,MS,ASO,CE,Federal Contract Tower,0,4,24,93,121,0,0,18,15,33,0,4,42,108,154,28,22,50,204
06/08/2012,MEI,MS,ASO,CE,Federal Contract Tower,0,4,24,103,131,0,0,36,12,48,0,4,60,115,179,62,94,156,335
06/09/2012,MEI,MS,ASO,CE,Federal Contract Tower,0,2,20,40,62,0,0,6,0,6,0,2,26,40,68,26,16,42,110
06/10/2012,MEI,MS,ASO,CE,Federal Contract Tower,0,4,2,27,33,0,0,3,0,3,0,4,5,27,36,0,0,0,36
06/11/2012,MEI,MS,ASO,CE,Federal Contract Tower,0,4,23,83,110,0,0,21,56,77,0,4,44,139,187,0,40,40,227
06/12/2012,MEI,MS,ASO,CE,Federal Contract Tower,0,4,33,60,97,0,0,15,2,17,0,4,48,62,114,48,20,68,182
06/13/2012,MEI,MS,ASO,CE,Federal Contract Tower,0,6,42,108,156,0,0,26,36,62,0,6,68,144,218,10,20,30,248
06/14/2012,MEI,MS,ASO,CE,Federal Contract Tower,0,4,18,89,111,0,0,16,17,33,0,4,34,106,144,10,70,80,224
06/15/2012,MEI,MS,ASO,CE,Federal Contract Tower,0,4,17,78,99,0,0,17,18,35,0,4,34,96,134,22,58,80,214
06/16/2012,MEI,MS,ASO,CE,Federal Contract Tower,0,2,8,7,17,0,0,37,6,43,0,2,45,13,60,18,22,40,100
06/17/2012,MEI,MS,ASO,CE,Federal Contract Tower,0,4,10,58,72,0,0,19,7,26,0,4,29,65,98,12,18,30,128
06/18/2012,MEI,MS,ASO,CE,Federal Contract Tower,0,4,14,84,102,0,0,16,9,25,0,4,30,93,127,4,160,164,291
06/19/2012,MEI,MS,ASO,CE,Federal Contract Tower,0,4,12,69,85,0,0,26,7,33,0,4,38,76,118,0,124,124,242
06/20/2012,MEI,MS,ASO,CE,Federal Contract Tower,0,8,13,89,110,0,0,24,16,40,0,8,37,105,150,20,168,188,338
06/21/2012,MEI,MS,ASO,CE,Federal Contract Tower,0,4,18,49,71,0,0,17,10,27,0,4,35,59,98,30,116,146,244
06/22/2012,MEI,MS,ASO,CE,Federal Contract Tower,0,4,18,49,71,0,0,17,10,27,0,4,35,59,98,30,116,146,244
06/23/2012,MEI,MS,ASO,CE,Federal Contract Tower,0,4,15,2,21,0,0,19,0,19,0,4,34,2,40,14,0,14,54
06/24/2012,MEI,MS,ASO,CE,Federal Contract Tower,0,4,31,3,38,0,0,18,0,18,0,4,49,3,56,24,4,28,84
06/25/2012,MEI,MS,ASO,CE,Federal Contract Tower,0,4,10,42,56,0,0,15,15,30,0,4,25,57,86,0,40,40,126
06/26/2012,MEI,MS,ASO,CE,Federal Contract Tower,0,4,26,52,82,0,0,14,11,25,0,4,40,63,107,28,49,77,184
06/27/2012,MEI,MS,ASO,CE,Federal Contract Tower,0,4,7,90,101,0,0,19,6,25,0,4,26,96,126,30,72,102,228
06/28/2012,MEI,MS,ASO,CE,Federal Contract Tower,0,4,7,54,65,0,0,16,6,22,0,4,23,60,87,0,114,114,201
06/29/2012,MEI,MS,ASO,CE,Federal Contract Tower,0,6,21,55,82,0,0,8,11,19,0,6,29,66,101,0,32,32,133
06/30/2012,MEI,MS,ASO,CE,Federal Contract Tower,0,2,13,10,25,0,0,12,1,13,0,2,25,11,38,0,0,0,38
07/01/2012,MEI,MS,ASO,CE,Federal Contract Tower,0,4,17,27,48,0,0,14,3,17,0,4,31,30,65,12,4,16,81
07/02/2012,MEI,MS,ASO,CE,Federal Contract Tower,0,2,9,47,58,0,0,10,10,20,0,2,19,57,78,0,20,20,98
07/03/2012,MEI,MS,ASO,CE,Federal Contract Tower,0,4,11,24,39,0,0,13,6,19,0,4,24,30,58,24,76,100,158
07/04/2012,MEI,MS,ASO,CE,Federal Contract Tower,0,4,4,0,8,0,0,20,2,22,0,4,24,2,30,0,0,0,30
07/05/2012,MEI,MS,ASO,CE,Federal Contract Tower,0,4,9,23,36,0,0,17,16,33,0,4,26,39,69,8,22,30,99
07/06/2012,MEI,MS,ASO,CE,Federal Contract Tower,0,4,33,48,85,0,0,24,8,32,0,4,57,56,117,12,68,80,197
07/07/2012,MEI,MS,ASO,CE,Federal Contract Tower,0,2,34,17,53,0,0,22,3,25,0,2,56,20,78,14,10,24,102
07/08/2012,MEI,MS,ASO,CE,Federal Contract Tower,0,4,15,4,23,0,0,24,2,26,0,4,39,6,49,17,18,35,84
07/09/2012,MEI,MS,ASO,CE,Federal Contract Tower,0,4,15,40,59,0,0,12,12,24,0,4,27,52,83,82,39,121,204
07/10/2012,MEI,MS,ASO,CE,Federal Contract Tower,0,3,16,32,51,0,0,16,0,16,0,3,32,32,67,56,20,76,143
07/11/2012,MEI,MS,ASO,CE,Federal Contract Tower,0,3,10,28,41,0,0,2,0,2,0,3,12,28,43,0,0,0,43
07/12/2012,MEI,MS,ASO,CE,Federal Contract Tower,0,4,11,27,42,0,0,11,1,12,0,4,22,28,54,0,46,46,100
07/13/2012,MEI,MS,ASO,CE,Federal Contract Tower,0,4,7,118,129,0,0,18,6,24,0,4,25,124,153,6,68,74,227
07/14/2012,MEI,MS,ASO,CE,Federal Contract Tower,0,2,2,13,17,0,0,11,1,12,0,2,13,14,29,0,0,0,29
07/15/2012,MEI,MS,ASO,CE,Federal Contract Tower,0,4,30,80,114,0,0,17,2,19,0,4,47,82,133,0,26,26,159
07/16/2012,MEI,MS,ASO,CE,Federal Contract Tower,0,4,22,63,89,0,0,30,3,33,0,4,52,66,122,8,74,82,204
07/17/2012,MEI,MS,ASO,CE,Federal Contract Tower,0,4,12,140,156,0,0,14,3,17,0,4,26,143,173,8,86,94,267
07/18/2012,MEI,MS,ASO,CE,Federal Contract Tower,0,4,26,14,44,0,4,14,1,19,0,8,40,15,63,0,32,32,95
07/19/2012,MEI,MS,ASO,CE,Federal Contract Tower,0,4,16,23,43,0,0,9,1,10,0,4,25,24,53,0,0,0,53
07/20/2012,MEI,MS,ASO,CE,Federal Contract Tower,0,5,29,92,126,0,0,14,13,27,0,5,43,105,153,22,60,82,235
07/21/2012,MEI,MS,ASO,CE,Federal Contract Tower,0,2,15,12,29,0,0,12,15,27,0,2,27,27,56,0,4,4,60
07/22/2012,MEI,MS,ASO,CE,Federal Contract Tower,0,4,15,68,87,0,0,12,1,13,0,4,27,69,100,22,18,40,140
07/23/2012,MEI,MS,ASO,CE,Federal Contract Tower,0,4,17,33,54,0,0,21,4,25,0,4,38,37,79,4,8,12,91
07/24/2012,MEI,MS,ASO,CE,Federal Contract Tower,0,4,21,66,91,0,0,14,8,22,0,4,35,74,113,8,102,110,223
07/25/2012,MEI,MS,ASO,CE,Federal Contract Tower,0,4,18,87,109,0,0,23,6,29,0,4,41,93,138,26,110,136,274
07/26/2012,MEI,MS,ASO,CE,Federal Contract Tower,0,4,11,86,101,0,0,14,12,26,0,4,25,98,127,8,42,50,177
07/27/2012,MEI,MS,ASO,CE,Federal Contract Tower,0,4,14,59,77,0,0,14,8,22,0,4,28,67,99,8,46,54,153
07/28/2012,MEI,MS,ASO,CE,Federal Contract Tower,0,2,6,38,46,0,0,32,0,32,0,2,38,38,78,24,8,32,110
07/29/2012,MEI,MS,ASO,CE,Federal Contract Tower,0,4,9,81,94,0,0,24,2,26,0,4,33,83,120,14,12,26,146
07/30/2012,MEI,MS,ASO,CE,Federal Contract Tower,0,5,8,108,121,0,0,14,10,24,0,5,22,118,145,42,90,132,277
07/31/2012,MEI,MS,ASO,CE,Federal Contract Tower,0,7,17,91,115,0,0,10,5,15,0,7,27,96,130,0,68,68,198
08/01/2012,MEI,MS,ASO,CE,Federal Contract Tower,0,5,29,120,154,0,0,20,33,53,0,5,49,153,207,4,112,116,323
08/02/2012,MEI,MS,ASO,CE,Federal Contract Tower,0,4,14,27,45,0,0,3,28,31,0,4,17,55,76,18,54,72,148
08/03/2012,MEI,MS,ASO,CE,Federal Contract Tower,0,4,5,39,48,0,0,14,6,20,0,4,19,45,68,0,50,50,118
08/04/2012,MEI,MS,ASO,CE,Federal Contract Tower,0,2,10,25,37,0,0,23,4,27,0,2,33,29,64,22,10,32,96
08/05/2012,MEI,MS,ASO,CE,Federal Contract Tower,0,4,9,44,57,0,0,18,4,22,0,4,27,48,79,20,52,72,151
08/06/2012,MEI,MS,ASO,CE,Federal Contract Tower,0,4,9,53,66,0,0,13,1,14,0,4,22,54,80,8,22,30,110
08/07/2012,MEI,MS,ASO,CE,Federal Contract Tower,0,4,7,89,100,0,0,11,8,19,0,4,18,97,119,12,120,132,251
08/08/2012,MEI,MS,ASO,CE,Federal Contract Tower,0,4,15,94,113,0,0,18,10,28,0,4,33,104,141,56,46,102,243
08/09/2012,MEI,MS,ASO,CE,Federal Contract Tower,0,4,14,105,123,0,0,15,11,26,0,4,29,116,149,22,32,54,203
08/10/2012,MEI,MS,ASO,CE,Federal Contract Tower,0,4,25,114,143,0,0,14,7,21,0,4,39,121,164,38,88,126,290
08/11/2012,MEI,MS,ASO,CE,Federal Contract Tower,0,2,15,14,31,0,0,15,4,19,0,2,30,18,50,0,0,0,50
08/12/2012,MEI,MS,ASO,CE,Federal Contract Tower,0,4,11,126,141,0,0,22,8,30,0,4,33,134,171,6,62,68,239
08/13/2012,MEI,MS,ASO,CE,Federal Contract Tower,0,3,17,46,66,0,0,19,9,28,0,3,36,55,94,0,102,102,196
08/14/2012,MEI,MS,ASO,CE,Federal Contract Tower,0,3,15,65,83,0,0,12,1,13,0,3,27,66,96,18,118,136,232
08/15/2012,MEI,MS,ASO,CE,Federal Contract Tower,0,4,46,77,127,0,0,22,6,28,0,4,68,83,155,8,112,120,275
08/16/2012,MEI,MS,ASO,CE,Federal Contract Tower,0,4,19,24,47,0,0,4,8,12,0,4,23,32,59,0,0,0,59
08/17/2012,MEI,MS,ASO,CE,Federal Contract Tower,0,4,15,42,61,0,0,22,4,26,0,4,37,46,87,4,18,22,109
08/18/2012,MEI,MS,ASO,CE,Federal Contract Tower,0,2,4,10,16,0,0,8,0,8,0,2,12,10,24,6,0,6,30
08/19/2012,MEI,MS,ASO,CE,Federal Contract Tower,0,4,16,63,83,0,0,10,8,18,0,4,26,71,101,6,4,10,111
08/20/2012,MEI,MS,ASO,CE,Federal Contract Tower,0,4,18,79,101,0,0,18,5,23,0,4,36,84,124,18,84,102,226
08/21/2012,MEI,MS,ASO,CE,Federal Contract Tower,0,4,11,86,101,0,0,25,3,28,0,4,36,89,129,8,30,38,167
08/22/2012,MEI,MS,ASO,CE,Federal Contract Tower,0,4,19,105,128,0,0,15,12,27,0,4,34,117,155,0,98,98,253
08/23/2012,MEI,MS,ASO,CE,Federal Contract Tower,0,4,15,72,91,0,0,14,18,32,0,4,29,90,123,16,62,78,201
08/24/2012,MEI,MS,ASO,CE,Federal Contract Tower,0,4,8,102,114,0,0,13,24,37,0,4,21,126,151,0,80,80,231
08/25/2012,MEI,MS,ASO,CE,Federal Contract Tower,0,2,4,8,14,0,0,15,0,15,0,2,19,8,29,0,8,8,37
08/26/2012,MEI,MS,ASO,CE,Federal Contract Tower,0,4,13,27,44,0,0,25,2,27,0,4,38,29,71,44,58,102,173
08/27/2012,MEI,MS,ASO,CE,Federal Contract Tower,0,4,4,31,39,0,0,18,11,29,0,4,22,42,68,2,32,34,102
08/28/2012,MEI,MS,ASO,CE,Federal Contract Tower,0,4,5,0,9,0,0,5,4,9,0,4,10,4,18,0,0,0,18
08/29/2012,MEI,MS,ASO,CE,Federal Contract Tower,0,4,6,2,12,0,0,0,1,1,0,4,6,3,13,0,0,0,13
08/30/2012,MEI,MS,ASO,CE,Federal Contract Tower,0,5,3,0,8,0,0,0,0,0,0,5,3,0,8,0,0,0,8
08/31/2012,MEI,MS,ASO,CE,Federal Contract Tower,0,4,11,9,24,0,0,2,13,15,0,4,13,22,39,0,0,0,39
09/01/2012,MEI,MS,ASO,CE,Federal Contract Tower,0,2,22,25,49,0,0,15,11,26,0,2,37,36,75,0,2,2,77
09/02/2012,MEI,MS,ASO,CE,Federal Contract Tower,0,4,6,15,25,0,0,15,28,43,0,4,21,43,68,6,0,6,74
09/03/2012,MEI,MS,ASO,CE,Federal Contract Tower,0,4,21,21,46,0,0,20,1,21,0,4,41,22,67,2,0,2,69
09/04/2012,MEI,MS,ASO,CE,Federal Contract Tower,0,4,21,81,106,0,0,21,19,40,0,4,42,100,146,18,114,132,278
09/05/2012,MEI,MS,ASO,CE,Federal Contract Tower,0,6,19,87,112,0,0,8,1,9,0,6,27,88,121,8,12,20,141
09/06/2012,MEI,MS,ASO,CE,Federal Contract Tower,0,4,9,68,81,0,0,24,8,32,0,4,33,76,113,2,70,72,185
09/07/2012,MEI,MS,ASO,CE,Federal Contract Tower,0,8,27,138,173,0,4,37,12,53,0,12,64,150,226,22,44,66,292
09/08/2012,MEI,MS,ASO,CE,Federal Contract Tower,0,2,19,50,71,0,0,13,2,15,0,2,32,52,86,6,20,26,112
09/09/2012,MEI,MS,ASO,CE,Federal Contract Tower,0,4,15,59,78,0,0,38,11,49,0,4,53,70,127,36,0,36,163
09/10/2012,MEI,MS,ASO,CE,Federal Contract Tower,0,4,14,84,102,0,0,27,11,38,0,4,41,95,140,14,57,71,211
09/11/2012,MEI,MS,ASO,CE,Federal Contract Tower,0,4,20,105,129,0,0,43,13,56,0,4,63,118,185,0,64,64,249
09/12/2012,MEI,MS,ASO,CE,Federal Contract Tower,0,4,37,116,157,0,0,14,14,28,0,4,51,130,185,10,120,130,315
09/13/2012,MEI,MS,ASO,CE,Federal Contract Tower,0,4,52,134,190,0,0,38,15,53,0,4,90,149,243,0,98,98,341
09/14/2012,MEI,MS,ASO,CE,Federal Contract Tower,0,4,24,119,147,0,0,29,38,67,0,4,53,157,214,0,74,74,288
09/15/2012,MEI,MS,ASO,CE,Federal Contract Tower,0,2,6,11,19,0,0,50,14,64,0,2,56,25,83,56,2,58,141
09/16/2012,MEI,MS,ASO,CE,Federal Contract Tower,0,4,11,32,47,0,0,30,7,37,0,4,41,39,84,6,2,8,92
09/17/2012,MEI,MS,ASO,CE,Federal Contract Tower,0,4,12,58,74,0,0,0,0,0,0,4,12,58,74,0,0,0,74
09/18/2012,MEI,MS,ASO,CE,Federal Contract Tower,0,5,12,88,105,0,0,6,3,9,0,5,18,91,114,0,50,50,164
09/19/2012,MEI,MS,ASO,CE,Federal Contract Tower,0,4,15,79,98,0,0,24,13,37,0,4,39,92,135,16,112,128,263
09/20/2012,MEI,MS,ASO,CE,Federal Contract Tower,0,4,21,101,126,0,0,16,10,26,0,4,37,111,152,0,56,56,208
09/21/2012,MEI,MS,ASO,CE,Federal Contract Tower,0,4,23,72,99,0,0,37,12,49,0,4,60,84,148,42,100,142,290
09/22/2012,MEI,MS,ASO,CE,Federal Contract Tower,0,2,9,49,60,0,0,31,0,31,0,2,40,49,91,50,44,94,185
09/23/2012,MEI,MS,ASO,CE,Federal Contract Tower,0,4,18,57,79,0,0,32,2,34,0,4,50,59,113,54,34,88,201
09/24/2012,MEI,MS,ASO,CE,Federal Contract Tower,0,4,9,76,89,0,0,34,6,40,0,4,43,82,129,10,100,110,239
09/25/2012,MEI,MS,ASO,CE,Federal Contract Tower,0,6,15,130,151,0,0,26,6,32,0,6,41,136,183,26,50,76,259
09/26/2012,MEI,MS,ASO,CE,Federal Contract Tower,0,4,49,77,130,0,0,28,9,37,0,4,77,86,167,54,96,150,317
09/27/2012,MEI,MS,ASO,CE,Federal Contract Tower,0,4,20,88,112,0,0,32,5,37,0,4,52,93,149,12,90,102,251
09/28/2012,MEI,MS,ASO,CE,Federal Contract Tower,0,4,20,76,100,0,0,21,15,36,0,4,41,91,136,6,92,98,234
09/29/2012,MEI,MS,ASO,CE,Federal Contract Tower,0,2,22,16,40,0,0,9,1,10,0,2,31,17,50,0,0,0,50
09/30/2012,MEI,MS,ASO,CE,Federal Contract Tower,0,8,10,12,30,0,0,0,0,0,0,8,10,12,30,0,0,0,30
10/01/2012,MEI,MS,ASO,CE,Federal Contract Tower,0,4,17,94,115,0,0,1,0,1,0,4,18,94,116,0,0,0,116
10/02/2012,MEI,MS,ASO,CE,Federal Contract Tower,0,3,22,103,128,0,0,23,5,28,0,3,45,108,156,12,56,68,224
10/03/2012,MEI,MS,ASO,CE,Federal Contract Tower,0,4,16,103,123,0,0,16,12,28,0,4,32,115,151,0,90,90,241
10/04/2012,MEI,MS,ASO,CE,Federal Contract Tower,0,4,21,88,113,0,0,31,7,38,0,4,52,95,151,20,44,64,215
10/05/2012,MEI,MS,ASO,CE,Federal Contract Tower,0,4,8,95,107,0,0,37,7,44,0,4,45,102,151,14,80,94,245
10/06/2012,MEI,MS,ASO,CE,Federal Contract Tower,0,3,19,10,32,0,0,12,1,13,0,3,31,11,45,18,0,18,63
10/07/2012,MEI,MS,ASO,CE,Federal Contract Tower,0,3,19,15,37,0,0,21,1,22,0,3,40,16,59,32,16,48,107
10/08/2012,MEI,MS,ASO,CE,Federal Contract Tower,0,2,13,14,29,0,0,29,4,33,0,2,42,18,62,30,20,50,112
10/09/2012,MEI,MS,ASO,CE,Federal Contract Tower,0,4,19,75,98,0,0,18,10,28,0,4,37,85,126,36,90,126,252
10/10/2012,MEI,MS,ASO,CE,Federal Contract Tower,0,3,10,95,108,0,0,18,10,28,0,3,28,105,136,16,20,36,172
10/11/2012,MEI,MS,ASO,CE,Federal Contract Tower,0,3,31,109,143,0,0,23,16,39,0,3,54,125,182,0,188,188,370
10/12/2012,MEI,MS,ASO,CE,Federal Contract Tower,0,2,15,145,162,0,0,32,11,43,0,2,47,156,205,28,128,156,361
10/13/2012,MEI,MS,ASO,CE,Federal Contract Tower,0,3,12,20,35,0,0,15,0,15,0,3,27,20,50,24,0,24,74
10/14/2012,MEI,MS,ASO,CE,Federal Contract Tower,0,6,20,32,58,0,0,26,2,28,0,6,46,34,86,0,0,0,86
10/15/2012,MEI,MS,ASO,CE,Federal Contract Tower,0,3,12,121,136,0,0,25,4,29,0,3,37,125,165,0,87,87,252
10/16/2012,MEI,MS,ASO,CE,Federal Contract Tower,0,3,15,124,142,0,0,29,8,37,0,3,44,132,179,16,50,66,245
10/17/2012,MEI,MS,ASO,CE,Federal Contract Tower,0,3,22,117,142,0,3,24,6,33,0,6,46,123,175,24,56,80,255
10/18/2012,MEI,MS,ASO,CE,Federal Contract Tower,0,4,10,88,102,0,0,20,7,27,0,4,30,95,129,0,18,18,147
10/19/2012,MEI,MS,ASO,CE,Federal Contract Tower,0,4,6,85,95,0,0,27,15,42,0,4,33,100,137,12,85,97,234
10/20/2012,MEI,MS,ASO,CE,Federal Contract Tower,0,1,7,27,35,0,0,31,6,37,0,1,38,33,72,22,30,52,124
10/21/2012,MEI,MS,ASO,CE,Federal Contract Tower,0,4,16,33,53,0,0,20,4,24,0,4,36,37,77,8,2,10,87
10/22/2012,MEI,MS,ASO,CE,Federal Contract Tower,0,5,16,86,107,0,0,21,9,30,0,5,37,95,137,0,50,50,187
10/23/2012,MEI,MS,ASO,CE,Federal Contract Tower,0,5,15,103,123,0,0,16,0,16,0,5,31,103,139,30,104,134,273
10/24/2012,MEI,MS,ASO,CE,Federal Contract Tower,0,5,39,101,145,0,0,13,3,16,0,5,52,104,161,10,148,158,319
10/25/2012,MEI,MS,ASO,CE,Federal Contract Tower,0,4,21,72,97,0,0,14,10,24,0,4,35,82,121,0,42,42,163
10/26/2012,MEI,MS,ASO,CE,Federal Contract Tower,0,3,11,81,95,0,0,12,17,29,0,3,23,98,124,6,136,142,266
10/27/2012,MEI,MS,ASO,CE,Federal Contract Tower,0,1,14,10,25,0,0,2,0,2,0,1,16,10,27,0,4,4,31
10/28/2012,MEI,MS,ASO,CE,Federal Contract Tower,0,4,19,49,72,0,0,19,2,21,0,4,38,51,93,0,9,9,102
10/29/2012,MEI,MS,ASO,CE,Federal Contract Tower,0,3,4,87,94,0,0,11,14,25,0,3,15,101,119,10,126,136,255
10/30/2012,MEI,MS,ASO,CE,Federal Contract Tower,0,3,5,95,103,0,0,14,6,20,0,3,19,101,123,0,90,90,213
10/31/2012,MEI,MS,ASO,CE,Federal Contract Tower,0,4,16,60,80,0,0,24,15,39,0,4,40,75,119,8,42,50,169
11/01/2012,MEI,MS,ASO,CE,Federal Contract Tower,0,3,12,73,88,0,0,13,24,37,0,3,25,97,125,12,116,128,253
11/02/2012,MEI,MS,ASO,CE,Federal Contract Tower,2,3,37,60,102,0,0,10,0,10,2,3,47,60,112,6,12,18,130
11/03/2012,MEI,MS,ASO,CE,Federal Contract Tower,2,1,3,34,40,0,0,25,2,27,2,1,28,36,67,2,16,18,85
11/04/2012,MEI,MS,ASO,CE,Federal Contract Tower,0,3,17,40,60,0,0,15,6,21,0,3,32,46,81,10,10,20,101
11/05/2012,MEI,MS,ASO,CE,Federal Contract Tower,0,6,20,39,65,0,0,6,15,21,0,6,26,54,86,0,22,22,108
11/06/2012,MEI,MS,ASO,CE,Federal Contract Tower,0,4,18,40,62,0,0,8,2,10,0,4,26,42,72,0,28,28,100
11/07/2012,MEI,MS,ASO,CE,Federal Contract Tower,0,4,12,68,84,0,0,23,10,33,0,4,35,78,117,32,28,60,177
11/08/2012,MEI,MS,ASO,CE,Federal Contract Tower,0,3,18,83,104,0,0,7,8,15,0,3,25,91,119,20,52,72,191
11/09/2012,MEI,MS,ASO,CE,Federal Contract Tower,0,3,13,103,119,0,0,21,2,23,0,3,34,105,142,6,64,70,212
11/10/2012,MEI,MS,ASO,CE,Federal Contract Tower,0,1,8,23,32,0,0,19,2,21,0,1,27,25,53,42,4,46,99
11/11/2012,MEI,MS,ASO,CE,Federal Contract Tower,0,3,11,12,26,0,0,19,11,30,0,3,30,23,56,0,32,32,88
11/12/2012,MEI,MS,ASO,CE,Federal Contract Tower,0,4,23,28,55,0,0,7,0,7,0,4,30,28,62,0,0,0,62
11/13/2012,MEI,MS,ASO,CE,Federal Contract Tower,0,4,18,67,89,0,0,30,10,40,0,4,48,77,129,12,86,98,227
11/14/2012,MEI,MS,ASO,CE,Federal Contract Tower,0,7,19,75,101,0,0,12,11,23,0,7,31,86,124,12,82,94,218
11/15/2012,MEI,MS,ASO,CE,Federal Contract Tower,0,4,17,57,78,0,0,21,7,28,0,4,38,64,106,34,138,172,278
11/16/2012,MEI,MS,ASO,CE,Federal Contract Tower,0,3,16,57,76,0,0,20,15,35,0,3,36,72,111,28,76,104,215
11/17/2012,MEI,MS,ASO,CE,Federal Contract Tower,0,1,5,7,13,0,0,26,0,26,0,1,31,7,39,0,0,0,39
11/18/2012,MEI,MS,ASO,CE,Federal Contract Tower,0,4,40,45,89,0,0,22,9,31,0,4,62,54,120,10,20,30,150
11/19/2012,MEI,MS,ASO,CE,Federal Contract Tower,0,3,6,85,94,0,0,40,19,59,0,3,46,104,153,48,76,124,277
11/20/2012,MEI,MS,ASO,CE,Federal Contract Tower,0,5,39,58,102,0,0,20,6,26,0,5,59,64,128,0,74,74,202
11/21/2012,MEI,MS,ASO,CE,Federal Contract Tower,0,2,27,80,109,0,0,15,4,19,0,2,42,84,128,4,92,96,224
11/22/2012,MEI,MS,ASO,CE,Federal Contract Tower,0,3,1,0,4,0,0,14,0,14,0,3,15,0,18,0,0,0,18
11/23/2012,MEI,MS,ASO,CE,Federal Contract Tower,0,2,3,0,5,0,0,20,0,20,0,2,23,0,25,0,14,14,39
11/24/2012,MEI,MS,ASO,CE,Federal Contract Tower,0,3,12,0,15,0,0,31,0,31,0,3,43,0,46,18,0,18,64
11/25/2012,MEI,MS,ASO,CE,Federal Contract Tower,0,4,25,0,29,0,0,42,0,42,0,4,67,0,71,8,0,8,79
11/26/2012,MEI,MS,ASO,CE,Federal Contract Tower,0,3,16,89,108,0,0,7,11,18,0,3,23,100,126,4,42,46,172
11/27/2012,MEI,MS,ASO,CE,Federal Contract Tower,0,4,25,106,135,0,0,0,2,2,0,4,25,108,137,0,4,4,141
11/28/2012,MEI,MS,ASO,CE,Federal Contract Tower,0,4,18,101,123,0,0,13,2,15,0,4,31,103,138,16,90,106,244
11/29/2012,MEI,MS,ASO,CE,Federal Contract Tower,0,3,10,116,129,0,0,23,13,36,0,3,33,129,165,22,18,40,205
11/30/2012,MEI,MS,ASO,CE,Federal Contract Tower,0,3,9,123,135,0,0,25,5,30,0,3,34,128,165,48,60,108,273
12/01/2012,MEI,MS,ASO,CE,Federal Contract Tower,0,1,14,10,25,0,0,19,7,26,0,1,33,17,51,26,0,26,77
12/02/2012,MEI,MS,ASO,CE,Federal Contract Tower,0,4,30,56,90,0,0,24,4,28,0,4,54,60,118,12,10,22,140
12/03/2012,MEI,MS,ASO,CE,Federal Contract Tower,0,5,20,55,80,0,0,10,3,13,0,5,30,58,93,0,70,70,163
12/04/2012,MEI,MS,ASO,CE,Federal Contract Tower,0,3,25,41,69,0,0,7,2,9,0,3,32,43,78,4,0,4,82
12/05/2012,MEI,MS,ASO,CE,Federal Contract Tower,0,3,13,52,68,0,0,1,0,1,0,3,14,52,69,0,0,0,69
12/06/2012,MEI,MS,ASO,CE,Federal Contract Tower,0,3,16,101,120,0,0,11,14,25,0,3,27,115,145,6,130,136,281
12/07/2012,MEI,MS,ASO,CE,Federal Contract Tower,0,6,16,86,108,0,0,5,8,13,0,6,21,94,121,34,74,108,229
12/08/2012,MEI,MS,ASO,CE,Federal Contract Tower,0,2,13,18,33,0,0,27,8,35,0,2,40,26,68,48,8,56,124
12/09/2012,MEI,MS,ASO,CE,Federal Contract Tower,0,4,10,63,77,0,0,12,6,18,0,4,22,69,95,0,22,22,117
12/10/2012,MEI,MS,ASO,CE,Federal Contract Tower,0,3,10,58,71,0,0,1,0,1,0,3,11,58,72,0,18,18,90
12/11/2012,MEI,MS,ASO,CE,Federal Contract Tower,0,7,12,90,109,0,0,12,13,25,0,7,24,103,134,0,34,34,168
12/12/2012,MEI,MS,ASO,CE,Federal Contract Tower,0,4,10,77,91,0,0,22,11,33,0,4,32,88,124,10,136,146,270
12/13/2012,MEI,MS,ASO,CE,Federal Contract Tower,0,3,15,107,125,0,0,21,36,57,0,3,36,143,182,12,146,158,340
12/14/2012,MEI,MS,ASO,CE,Federal Contract Tower,0,1,17,90,108,0,0,29,6,35,0,1,46,96,143,30,40,70,213
12/15/2012,MEI,MS,ASO,CE,Federal Contract Tower,0,1,9,34,44,0,0,16,0,16,0,1,25,34,60,12,30,42,102
12/16/2012,MEI,MS,ASO,CE,Federal Contract Tower,0,4,9,15,28,0,0,0,0,0,0,4,9,15,28,0,0,0,28
12/17/2012,MEI,MS,ASO,CE,Federal Contract Tower,0,3,16,136,155,0,0,10,3,13,0,3,26,139,168,44,96,140,308
12/18/2012,MEI,MS,ASO,CE,Federal Contract Tower,0,3,17,104,124,0,0,22,16,38,0,3,39,120,162,0,154,154,316
12/19/2012,MEI,MS,ASO,CE,Federal Contract Tower,0,3,22,75,100,0,0,15,5,20,0,3,37,80,120,8,50,58,178
12/20/2012,MEI,MS,ASO,CE,Federal Contract Tower,0,4,5,46,55,0,0,3,0,3,0,4,8,46,58,0,0,0,58
12/21/2012,MEI,MS,ASO,CE,Federal Contract Tower,0,2,12,80,94,0,0,15,16,31,0,2,27,96,125,14,50,64,189
12/22/2012,MEI,MS,ASO,CE,Federal Contract Tower,0,1,12,0,13,0,0,27,0,27,0,1,39,0,40,26,0,26,66
12/23/2012,MEI,MS,ASO,CE,Federal Contract Tower,0,4,17,0,21,0,0,8,0,8,0,4,25,0,29,0,0,0,29
12/24/2012,MEI,MS,ASO,CE,Federal Contract Tower,0,3,2,0,5,0,0,7,0,7,0,3,9,0,12,4,0,4,16
12/25/2012,MEI,MS,ASO,CE,Federal Contract Tower,0,0,0,0,0,0,0,0,0,0,0,0,0,0,0,0,0,0,0
12/26/2012,MEI,MS,ASO,CE,Federal Contract Tower,0,3,11,12,26,0,0,4,0,4,0,3,15,12,30,0,0,0,30
12/27/2012,MEI,MS,ASO,CE,Federal Contract Tower,0,3,25,34,62,0,0,8,1,9,0,3,33,35,71,10,45,55,126
12/28/2012,MEI,MS,ASO,CE,Federal Contract Tower,0,3,12,0,15,0,0,5,0,5,0,3,17,0,20,0,0,0,20
12/29/2012,MEI,MS,ASO,CE,Federal Contract Tower,0,2,11,0,13,0,0,11,0,11,0,2,22,0,24,0,0,0,24
12/30/2012,MEI,MS,ASO,CE,Federal Contract Tower,0,3,17,0,20,0,0,24,0,24,0,3,41,0,44,2,0,2,46
12/31/2012,MEI,MS,ASO,CE,Federal Contract Tower,0,3,12,0,15,0,0,4,0,4,0,3,16,0,19,0,0,0,19
01/01/2013,MEI,MS,ASO,CE,Federal Contract Tower,0,4,10,0,14,0,0,0,0,0,0,4,10,0,14,0,0,0,14
01/02/2013,MEI,MS,ASO,CE,Federal Contract Tower,0,3,17,72,92,0,0,0,0,0,0,3,17,72,92,0,0,0,92
01/03/2013,MEI,MS,ASO,CE,Federal Contract Tower,0,7,11,68,86,0,0,12,15,27,0,7,23,83,113,16,102,118,231
01/04/2013,MEI,MS,ASO,CE,Federal Contract Tower,0,2,5,62,69,0,0,18,22,40,0,2,23,84,109,32,74,106,215
01/05/2013,MEI,MS,ASO,CE,Federal Contract Tower,0,3,18,2,23,0,0,11,2,13,0,3,29,4,36,0,4,4,40
01/06/2013,MEI,MS,ASO,CE,Federal Contract Tower,0,5,22,23,50,0,0,19,1,20,0,5,41,24,70,0,0,0,70
01/07/2013,MEI,MS,ASO,CE,Federal Contract Tower,0,3,5,25,33,0,0,10,11,21,0,3,15,36,54,0,50,50,104
01/08/2013,MEI,MS,ASO,CE,Federal Contract Tower,0,2,27,88,117,0,0,29,20,49,0,2,56,108,166,12,124,136,302
01/09/2013,MEI,MS,ASO,CE,Federal Contract Tower,0,7,10,69,86,0,0,0,0,0,0,7,10,69,86,0,0,0,86
01/10/2013,MEI,MS,ASO,CE,Federal Contract Tower,0,3,7,11,21,0,0,1,0,1,0,3,8,11,22,0,0,0,22
01/11/2013,MEI,MS,ASO,CE,Federal Contract Tower,0,3,14,120,137,0,0,1,0,1,0,3,15,120,138,0,0,0,138
01/12/2013,MEI,MS,ASO,CE,Federal Contract Tower,0,2,13,47,62,0,0,15,0,15,0,2,28,47,77,0,12,12,89
01/13/2013,MEI,MS,ASO,CE,Federal Contract Tower,0,8,13,44,65,0,0,5,0,5,0,8,18,44,70,0,0,0,70
01/14/2013,MEI,MS,ASO,CE,Federal Contract Tower,0,3,4,25,32,0,0,0,0,0,0,3,4,25,32,0,0,0,32
01/15/2013,MEI,MS,ASO,CE,Federal Contract Tower,0,3,6,20,29,0,0,0,0,0,0,3,6,20,29,0,0,0,29
01/16/2013,MEI,MS,ASO,CE,Federal Contract Tower,0,3,10,110,123,0,0,0,0,0,0,3,10,110,123,0,0,0,123
01/17/2013,MEI,MS,ASO,CE,Federal Contract Tower,0,4,11,71,86,0,0,13,2,15,0,4,24,73,101,6,22,28,129
01/18/2013,MEI,MS,ASO,CE,Federal Contract Tower,0,3,31,88,122,0,0,33,15,48,0,3,64,103,170,14,52,66,236
01/19/2013,MEI,MS,ASO,CE,Federal Contract Tower,0,2,19,55,76,0,0,27,4,31,0,2,46,59,107,36,48,84,191
01/20/2013,MEI,MS,ASO,CE,Federal Contract Tower,0,4,10,16,30,0,0,32,1,33,0,4,42,17,63,46,4,50,113
01/21/2013,MEI,MS,ASO,CE,Federal Contract Tower,0,7,18,58,83,0,0,30,14,44,0,7,48,72,127,46,0,46,173
01/22/2013,MEI,MS,ASO,CE,Federal Contract Tower,0,11,16,55,82,0,0,15,16,31,0,11,31,71,113,4,48,52,165
01/23/2013,MEI,MS,ASO,CE,Federal Contract Tower,0,6,19,47,72,0,0,9,26,35,0,6,28,73,107,0,44,44,151
01/24/2013,MEI,MS,ASO,CE,Federal Contract Tower,0,3,25,80,108,0,0,15,3,18,0,3,40,83,126,16,22,38,164
01/25/2013,MEI,MS,ASO,CE,Federal Contract Tower,0,3,19,136,158,0,0,9,11,20,0,3,28,147,178,14,150,164,342
01/26/2013,MEI,MS,ASO,CE,Federal Contract Tower,0,1,14,73,88,0,0,6,2,8,0,1,20,75,96,0,14,14,110
01/27/2013,MEI,MS,ASO,CE,Federal Contract Tower,0,7,14,51,72,0,0,31,6,37,0,7,45,57,109,28,86,114,223
01/28/2013,MEI,MS,ASO,CE,Federal Contract Tower,0,9,36,70,115,0,0,14,7,21,0,9,50,77,136,24,80,104,240
01/29/2013,MEI,MS,ASO,CE,Federal Contract Tower,0,3,23,66,92,0,0,3,4,7,0,3,26,70,99,0,50,50,149
01/30/2013,MEI,MS,ASO,CE,Federal Contract Tower,0,3,8,38,49,0,0,0,13,13,0,3,8,51,62,0,16,16,78
01/31/2013,MEI,MS,ASO,CE,Federal Contract Tower,0,4,18,61,83,0,0,20,15,35,0,4,38,76,118,8,86,94,212
02/01/2013,MEI,MS,ASO,CE,Federal Contract Tower,0,3,19,58,80,0,0,19,16,35,0,3,38,74,115,10,122,132,247
02/02/2013,MEI,MS,ASO,CE,Federal Contract Tower,0,2,32,50,84,0,0,22,18,40,0,2,54,68,124,32,10,42,166
02/03/2013,MEI,MS,ASO,CE,Federal Contract Tower,0,5,13,53,71,0,0,18,2,20,0,5,31,55,91,0,0,0,91
02/04/2013,MEI,MS,ASO,CE,Federal Contract Tower,0,4,14,44,62,0,0,15,15,30,0,4,29,59,92,28,20,48,140
02/05/2013,MEI,MS,ASO,CE,Federal Contract Tower,0,4,19,53,76,0,0,11,10,21,0,4,30,63,97,4,62,66,163
02/06/2013,MEI,MS,ASO,CE,Federal Contract Tower,0,4,26,17,47,0,0,19,62,81,0,4,45,79,128,20,24,44,172
02/07/2013,MEI,MS,ASO,CE,Federal Contract Tower,0,5,22,75,102,0,0,5,0,5,0,5,27,75,107,0,0,0,107
02/08/2013,MEI,MS,ASO,CE,Federal Contract Tower,0,7,22,63,92,0,0,11,5,16,0,7,33,68,108,6,40,46,154
02/09/2013,MEI,MS,ASO,CE,Federal Contract Tower,0,1,12,7,20,0,0,42,1,43,0,1,54,8,63,80,4,84,147
02/10/2013,MEI,MS,ASO,CE,Federal Contract Tower,0,4,2,0,6,0,0,0,0,0,0,4,2,0,6,0,0,0,6
02/11/2013,MEI,MS,ASO,CE,Federal Contract Tower,0,3,4,30,37,0,0,0,0,0,0,3,4,30,37,20,0,20,57
02/12/2013,MEI,MS,ASO,CE,Federal Contract Tower,0,3,11,0,14,0,0,0,0,0,0,3,11,0,14,0,0,0,14
02/13/2013,MEI,MS,ASO,CE,Federal Contract Tower,0,8,26,73,107,0,0,14,14,28,0,8,40,87,135,0,98,98,233
02/14/2013,MEI,MS,ASO,CE,Federal Contract Tower,0,8,15,65,88,0,0,29,15,44,0,8,44,80,132,0,68,68,200
02/15/2013,MEI,MS,ASO,CE,Federal Contract Tower,0,4,20,50,74,0,0,36,15,51,0,4,56,65,125,36,115,151,276
02/16/2013,MEI,MS,ASO,CE,Federal Contract Tower,0,1,41,6,48,0,0,0,0,0,0,1,41,6,48,70,0,70,118
02/17/2013,MEI,MS,ASO,CE,Federal Contract Tower,0,4,11,24,39,0,0,89,3,92,0,4,100,27,131,6,0,6,137
02/18/2013,MEI,MS,ASO,CE,Federal Contract Tower,0,4,19,24,47,0,0,12,0,12,0,4,31,24,59,2,0,2,61
02/19/2013,MEI,MS,ASO,CE,Federal Contract Tower,0,4,24,108,136,0,0,27,14,41,0,4,51,122,177,8,94,102,279
02/20/2013,MEI,MS,ASO,CE,Federal Contract Tower,0,7,15,108,130,0,0,32,39,71,0,7,47,147,201,28,82,110,311
02/21/2013,MEI,MS,ASO,CE,Federal Contract Tower,0,3,8,44,55,0,0,7,3,10,0,3,15,47,65,2,100,102,167
02/22/2013,MEI,MS,ASO,CE,Federal Contract Tower,0,2,14,94,110,0,0,1,21,22,0,2,15,115,132,0,108,108,240
02/23/2013,MEI,MS,ASO,CE,Federal Contract Tower,0,1,6,11,18,0,0,10,2,12,0,1,16,13,30,10,22,32,62
02/24/2013,MEI,MS,ASO,CE,Federal Contract Tower,0,4,39,49,92,0,0,20,11,31,0,4,59,60,123,20,74,94,217
02/25/2013,MEI,MS,ASO,CE,Federal Contract Tower,0,3,19,25,47,0,0,0,0,0,0,3,19,25,47,0,0,0,47
02/26/2013,MEI,MS,ASO,CE,Federal Contract Tower,0,3,10,159,172,0,0,9,22,31,0,3,19,181,203,12,178,190,393
02/27/2013,MEI,MS,ASO,CE,Federal Contract Tower,0,3,40,83,126,0,0,23,14,37,0,3,63,97,163,16,128,144,307
02/28/2013,MEI,MS,ASO,CE,Federal Contract Tower,0,3,41,123,167,0,0,27,14,41,0,3,68,137,208,12,84,96,304
03/01/2013,MEI,MS,ASO,CE,Federal Contract Tower,0,3,29,65,97,0,0,19,3,22,0,3,48,68,119,18,138,156,275
03/02/2013,MEI,MS,ASO,CE,Federal Contract Tower,0,2,5,4,11,0,0,12,0,12,0,2,17,4,23,0,0,0,23
03/03/2013,MEI,MS,ASO,CE,Federal Contract Tower,0,3,18,33,54,0,0,25,15,40,0,3,43,48,94,4,0,4,98
03/04/2013,MEI,MS,ASO,CE,Federal Contract Tower,0,3,13,115,131,0,0,32,15,47,0,3,45,130,178,28,97,125,303
03/05/2013,MEI,MS,ASO,CE,Federal Contract Tower,0,3,14,74,91,0,0,4,13,17,0,3,18,87,108,2,144,146,254
03/06/2013,MEI,MS,ASO,CE,Federal Contract Tower,0,3,13,82,98,0,0,28,18,46,0,3,41,100,144,34,88,122,266
03/07/2013,MEI,MS,ASO,CE,Federal Contract Tower,0,3,15,80,98,0,0,24,15,39,0,3,39,95,137,80,130,210,347
03/08/2013,MEI,MS,ASO,CE,Federal Contract Tower,0,4,18,92,114,0,0,36,14,50,0,4,54,106,164,81,100,181,345
03/09/2013,MEI,MS,ASO,CE,Federal Contract Tower,0,2,2,27,31,0,0,12,35,47,0,2,14,62,78,32,16,48,126
03/10/2013,MEI,MS,ASO,CE,Federal Contract Tower,0,4,13,32,49,0,0,10,1,11,0,4,23,33,60,4,0,4,64
03/11/2013,MEI,MS,ASO,CE,Federal Contract Tower,0,3,18,104,125,0,0,12,1,13,0,3,30,105,138,42,54,96,234
03/12/2013,MEI,MS,ASO,CE,Federal Contract Tower,0,4,12,99,115,0,0,25,16,41,0,4,37,115,156,0,98,98,254
03/13/2013,MEI,MS,ASO,CE,Federal Contract Tower,0,3,12,85,100,0,0,24,6,30,0,3,36,91,130,38,6,44,174
03/14/2013,MEI,MS,ASO,CE,Federal Contract Tower,0,3,20,62,85,0,0,44,14,58,0,3,64,76,143,16,36,52,195
03/15/2013,MEI,MS,ASO,CE,Federal Contract Tower,0,3,16,94,113,0,0,42,6,48,0,3,58,100,161,48,114,162,323
03/16/2013,MEI,MS,ASO,CE,Federal Contract Tower,0,2,11,23,36,0,0,26,0,26,0,2,37,23,62,38,0,38,100
03/17/2013,MEI,MS,ASO,CE,Federal Contract Tower,0,4,22,33,59,0,0,14,5,19,0,4,36,38,78,8,4,12,90
03/18/2013,MEI,MS,ASO,CE,Federal Contract Tower,0,4,18,48,70,0,2,2,0,4,0,6,20,48,74,0,2,2,76
03/19/2013,MEI,MS,ASO,CE,Federal Contract Tower,0,3,30,82,115,0,0,26,13,39,0,3,56,95,154,58,54,112,266
03/20/2013,MEI,MS,ASO,CE,Federal Contract Tower,0,3,18,86,107,0,0,24,13,37,0,3,42,99,144,44,162,206,350
03/21/2013,MEI,MS,ASO,CE,Federal Contract Tower,0,3,25,124,152,0,0,27,17,44,0,3,52,141,196,28,78,106,302
03/22/2013,MEI,MS,ASO,CE,Federal Contract Tower,0,3,10,48,61,0,0,3,1,4,0,3,13,49,65,6,0,6,71
03/23/2013,MEI,MS,ASO,CE,Federal Contract Tower,0,4,23,32,59,0,0,19,0,19,0,4,42,32,78,12,22,34,112
03/24/2013,MEI,MS,ASO,CE,Federal Contract Tower,0,6,16,33,55,0,0,2,2,4,0,6,18,35,59,2,68,70,129
03/25/2013,MEI,MS,ASO,CE,Federal Contract Tower,0,3,13,120,136,0,0,19,7,26,0,3,32,127,162,0,146,146,308
03/26/2013,MEI,MS,ASO,CE,Federal Contract Tower,0,6,17,122,145,0,3,24,32,59,0,9,41,154,204,4,96,100,304
03/27/2013,MEI,MS,ASO,CE,Federal Contract Tower,0,3,12,109,124,0,0,38,31,69,0,3,50,140,193,58,124,182,375
03/28/2013,MEI,MS,ASO,CE,Federal Contract Tower,0,3,22,100,125,0,0,26,10,36,0,3,48,110,161,34,50,84,245
03/29/2013,MEI,MS,ASO,CE,Federal Contract Tower,0,3,22,53,78,0,0,28,18,46,0,3,50,71,124,66,42,108,232
03/30/2013,MEI,MS,ASO,CE,Federal Contract Tower,0,2,8,34,44,0,0,19,8,27,0,2,27,42,71,0,11,11,82
03/31/2013,MEI,MS,ASO,CE,Federal Contract Tower,0,5,4,33,42,0,0,1,0,1,0,5,5,33,43,0,2,2,45
04/01/2013,MEI,MS,ASO,CE,Federal Contract Tower,0,3,13,48,64,0,1,28,4,33,0,4,41,52,97,76,0,76,173
04/02/2013,MEI,MS,ASO,CE,Federal Contract Tower,0,4,20,111,135,0,0,9,14,23,0,4,29,125,158,0,142,142,300
04/03/2013,MEI,MS,ASO,CE,Federal Contract Tower,0,3,8,61,72,0,0,0,3,3,0,3,8,64,75,2,8,10,85
04/04/2013,MEI,MS,ASO,CE,Federal Contract Tower,0,4,16,27,47,0,0,1,0,1,0,4,17,27,48,0,0,0,48
04/05/2013,MEI,MS,ASO,CE,Federal Contract Tower,0,4,14,49,67,0,0,40,13,53,0,4,54,62,120,92,72,164,284
04/06/2013,MEI,MS,ASO,CE,Federal Contract Tower,0,3,26,21,50,0,2,38,5,45,0,5,64,26,95,16,6,22,117
04/07/2013,MEI,MS,ASO,CE,Federal Contract Tower,0,3,15,39,57,0,3,33,21,57,0,6,48,60,114,40,22,62,176
04/08/2013,MEI,MS,ASO,CE,Federal Contract Tower,0,3,18,82,103,0,5,22,4,31,0,8,40,86,134,0,44,44,178
04/09/2013,MEI,MS,ASO,CE,Federal Contract Tower,0,3,17,97,117,0,2,14,29,45,0,5,31,126,162,32,120,152,314
04/10/2013,MEI,MS,ASO,CE,Federal Contract Tower,0,4,18,47,69,0,3,16,11,30,0,7,34,58,99,0,16,16,115
04/11/2013,MEI,MS,ASO,CE,Federal Contract Tower,0,2,6,26,34,0,0,2,0,2,0,2,8,26,36,0,0,0,36
04/12/2013,MEI,MS,ASO,CE,Federal Contract Tower,0,3,33,110,146,0,0,63,23,86,0,3,96,133,232,40,154,194,426
04/13/2013,MEI,MS,ASO,CE,Federal Contract Tower,0,1,25,41,67,0,0,49,2,51,0,1,74,43,118,18,12,30,148
04/14/2013,MEI,MS,ASO,CE,Federal Contract Tower,0,3,10,30,43,0,0,2,2,4,0,3,12,32,47,8,8,16,63
04/15/2013,MEI,MS,ASO,CE,Federal Contract Tower,0,4,21,91,116,0,5,19,11,35,0,9,40,102,151,24,144,168,319
04/16/2013,MEI,MS,ASO,CE,Federal Contract Tower,0,3,20,100,123,0,4,22,27,53,0,7,42,127,176,17,130,147,323
04/17/2013,MEI,MS,ASO,CE,Federal Contract Tower,0,5,15,105,125,0,0,16,17,33,0,5,31,122,158,28,124,152,310
04/18/2013,MEI,MS,ASO,CE,Federal Contract Tower,0,3,15,112,130,0,0,14,13,27,0,3,29,125,157,4,22,26,183
04/19/2013,MEI,MS,ASO,CE,Federal Contract Tower,0,3,24,105,132,0,0,23,11,34,0,3,47,116,166,32,74,106,272
04/20/2013,MEI,MS,ASO,CE,Federal Contract Tower,0,4,29,21,54,0,0,45,0,45,0,4,74,21,99,76,8,84,183
04/21/2013,MEI,MS,ASO,CE,Federal Contract Tower,0,4,23,48,75,0,0,35,1,36,0,4,58,49,111,24,25,49,160
04/22/2013,MEI,MS,ASO,CE,Federal Contract Tower,0,3,12,129,144,0,0,15,18,33,0,3,27,147,177,52,106,158,335
04/23/2013,MEI,MS,ASO,CE,Federal Contract Tower,0,4,18,123,145,0,2,17,12,31,0,6,35,135,176,24,90,114,290
04/24/2013,MEI,MS,ASO,CE,Federal Contract Tower,0,3,16,48,67,0,0,6,20,26,0,3,22,68,93,0,0,0,93
04/25/2013,MEI,MS,ASO,CE,Federal Contract Tower,0,3,18,69,90,0,3,22,17,42,0,6,40,86,132,12,64,76,208
04/26/2013,MEI,MS,ASO,CE,Federal Contract Tower,0,3,30,62,95,0,0,29,15,44,0,3,59,77,139,56,122,178,317
04/27/2013,MEI,MS,ASO,CE,Federal Contract Tower,0,2,15,7,24,0,0,23,2,25,0,2,38,9,49,50,10,60,109
04/28/2013,MEI,MS,ASO,CE,Federal Contract Tower,0,2,16,13,31,0,0,2,0,2,0,2,18,13,33,0,0,0,33
04/29/2013,MEI,MS,ASO,CE,Federal Contract Tower,0,5,10,73,88,0,0,24,2,26,0,5,34,75,114,58,4,62,176
04/30/2013,MEI,MS,ASO,CE,Federal Contract Tower,0,4,13,71,88,0,0,12,3,15,0,4,25,74,103,42,16,58,161
05/01/2013,MEI,MS,ASO,CE,Federal Contract Tower,0,3,14,8,25,0,0,1,0,1,0,3,15,8,26,0,0,0,26
05/02/2013,MEI,MS,ASO,CE,Federal Contract Tower,0,3,13,71,87,0,0,2,0,2,0,3,15,71,89,4,0,4,93
05/03/2013,MEI,MS,ASO,CE,Federal Contract Tower,0,4,8,81,93,0,0,6,0,6,0,4,14,81,99,0,12,12,111
05/04/2013,MEI,MS,ASO,CE,Federal Contract Tower,0,2,9,11,22,0,0,13,4,17,0,2,22,15,39,0,0,0,39
05/05/2013,MEI,MS,ASO,CE,Federal Contract Tower,0,3,15,16,34,0,0,7,0,7,0,3,22,16,41,0,0,0,41
05/06/2013,MEI,MS,ASO,CE,Federal Contract Tower,0,5,14,72,91,0,1,9,3,13,0,6,23,75,104,6,28,34,138
05/07/2013,MEI,MS,ASO,CE,Federal Contract Tower,0,3,26,71,100,0,2,11,15,28,0,5,37,86,128,24,48,72,200
05/08/2013,MEI,MS,ASO,CE,Federal Contract Tower,0,3,19,107,129,0,2,26,15,43,0,5,45,122,172,26,80,106,278
05/09/2013,MEI,MS,ASO,CE,Federal Contract Tower,0,9,13,65,87,0,2,23,19,44,0,11,36,84,131,66,76,142,273
05/10/2013,MEI,MS,ASO,CE,Federal Contract Tower,0,3,6,36,45,0,1,13,0,14,0,4,19,36,59,6,14,20,79
05/11/2013,MEI,MS,ASO,CE,Federal Contract Tower,0,3,13,8,24,0,0,10,4,14,0,3,23,12,38,4,0,4,42
05/12/2013,MEI,MS,ASO,CE,Federal Contract Tower,0,3,10,28,41,0,0,25,4,29,0,3,35,32,70,100,16,116,186
05/13/2013,MEI,MS,ASO,CE,Federal Contract Tower,0,3,9,55,67,0,0,26,13,39,0,3,35,68,106,18,8,26,132
05/14/2013,MEI,MS,ASO,CE,Federal Contract Tower,0,4,12,47,63,0,0,29,12,41,0,4,41,59,104,36,22,58,162
05/15/2013,MEI,MS,ASO,CE,Federal Contract Tower,0,5,33,94,132,0,0,32,23,55,0,5,65,117,187,50,108,158,345
05/16/2013,MEI,MS,ASO,CE,Federal Contract Tower,0,3,27,68,98,0,0,19,19,38,0,3,46,87,136,12,50,62,198
05/17/2013,MEI,MS,ASO,CE,Federal Contract Tower,0,4,22,54,80,0,2,20,10,32,0,6,42,64,112,42,8,50,162
05/18/2013,MEI,MS,ASO,CE,Federal Contract Tower,0,3,20,10,33,0,0,45,8,53,0,3,65,18,86,56,10,66,152
05/19/2013,MEI,MS,ASO,CE,Federal Contract Tower,0,3,18,40,61,0,2,17,4,23,0,5,35,44,84,0,2,2,86
05/20/2013,MEI,MS,ASO,CE,Federal Contract Tower,0,5,15,71,91,0,3,33,8,44,0,8,48,79,135,32,18,50,185
05/21/2013,MEI,MS,ASO,CE,Federal Contract Tower,0,6,22,83,111,0,3,18,22,43,0,9,40,105,154,46,90,136,290
05/22/2013,MEI,MS,ASO,CE,Federal Contract Tower,0,5,8,54,67,0,0,6,6,12,0,5,14,60,79,16,17,33,112
05/23/2013,MEI,MS,ASO,CE,Federal Contract Tower,0,5,21,81,107,0,0,28,7,35,0,5,49,88,142,48,10,58,200
05/24/2013,MEI,MS,ASO,CE,Federal Contract Tower,0,3,20,11,34,0,0,29,5,34,0,3,49,16,68,16,0,16,84
05/25/2013,MEI,MS,ASO,CE,Federal Contract Tower,0,2,14,4,20,0,0,31,0,31,0,2,45,4,51,18,0,18,69
05/26/2013,MEI,MS,ASO,CE,Federal Contract Tower,0,3,3,8,14,0,2,13,2,17,0,5,16,10,31,12,0,12,43
05/27/2013,MEI,MS,ASO,CE,Federal Contract Tower,0,3,24,10,37,0,0,26,6,32,0,3,50,16,69,0,0,0,69
05/28/2013,MEI,MS,ASO,CE,Federal Contract Tower,0,3,17,106,126,0,2,15,9,26,0,5,32,115,152,14,134,148,300
05/29/2013,MEI,MS,ASO,CE,Federal Contract Tower,0,4,29,72,105,0,0,10,16,26,0,4,39,88,131,2,22,24,155
05/30/2013,MEI,MS,ASO,CE,Federal Contract Tower,0,6,21,98,125,0,1,12,8,21,0,7,33,106,146,0,108,108,254
05/31/2013,MEI,MS,ASO,CE,Federal Contract Tower,0,4,15,114,133,0,2,10,8,20,0,6,25,122,153,16,186,202,355
06/01/2013,MEI,MS,ASO,CE,Federal Contract Tower,0,2,21,28,51,0,0,8,5,13,0,2,29,33,64,0,48,48,112
06/02/2013,MEI,MS,ASO,CE,Federal Contract Tower,0,2,10,42,54,0,6,10,5,21,0,8,20,47,75,18,40,58,133
06/03/2013,MEI,MS,ASO,CE,Federal Contract Tower,0,4,15,91,110,0,1,33,16,50,0,5,48,107,160,10,4,14,174
06/04/2013,MEI,MS,ASO,CE,Federal Contract Tower,0,4,23,103,130,0,2,20,19,41,0,6,43,122,171,0,68,68,239
06/05/2013,MEI,MS,ASO,CE,Federal Contract Tower,0,3,13,74,90,0,0,8,7,15,0,3,21,81,105,6,58,64,169
06/06/2013,MEI,MS,ASO,CE,Federal Contract Tower,0,3,35,43,81,0,3,7,14,24,0,6,42,57,105,6,12,18,123
06/07/2013,MEI,MS,ASO,CE,Federal Contract Tower,0,3,17,35,55,0,0,4,5,9,0,3,21,40,64,32,0,32,96
06/08/2013,MEI,MS,ASO,CE,Federal Contract Tower,0,3,16,25,44,0,0,36,1,37,0,3,52,26,81,60,6,66,147
06/09/2013,MEI,MS,ASO,CE,Federal Contract Tower,0,2,11,50,63,0,0,4,0,4,0,2,15,50,67,12,0,12,79
06/10/2013,MEI,MS,ASO,CE,Federal Contract Tower,0,4,11,67,82,0,0,25,3,28,0,4,36,70,110,22,64,86,196
06/11/2013,MEI,MS,ASO,CE,Federal Contract Tower,0,4,23,60,87,0,0,20,8,28,0,4,43,68,115,14,32,46,161
06/12/2013,MEI,MS,ASO,CE,Federal Contract Tower,0,4,21,104,129,0,4,21,16,41,0,8,42,120,170,8,114,122,292
06/13/2013,MEI,MS,ASO,CE,Federal Contract Tower,0,2,21,56,79,0,0,11,29,40,0,2,32,85,119,0,88,88,207
06/14/2013,MEI,MS,ASO,CE,Federal Contract Tower,0,4,21,71,96,0,0,42,14,56,0,4,63,85,152,68,85,153,305
06/15/2013,MEI,MS,ASO,CE,Federal Contract Tower,0,3,21,23,47,0,1,53,1,55,0,4,74,24,102,12,6,18,120
06/16/2013,MEI,MS,ASO,CE,Federal Contract Tower,0,3,10,10,23,0,3,13,5,21,0,6,23,15,44,0,0,0,44
06/17/2013,MEI,MS,ASO,CE,Federal Contract Tower,0,6,12,20,38,0,1,21,5,27,0,7,33,25,65,28,0,28,93
06/18/2013,MEI,MS,ASO,CE,Federal Contract Tower,0,2,7,46,55,0,2,10,2,14,0,4,17,48,69,2,2,4,73
06/19/2013,MEI,MS,ASO,CE,Federal Contract Tower,0,3,29,59,91,0,2,14,6,22,0,5,43,65,113,6,10,16,129
06/20/2013,MEI,MS,ASO,CE,Federal Contract Tower,0,3,21,83,107,0,1,19,20,40,0,4,40,103,147,6,112,118,265
06/21/2013,MEI,MS,ASO,CE,Federal Contract Tower,0,3,27,40,70,0,0,13,23,36,0,3,40,63,106,0,134,134,240
06/22/2013,MEI,MS,ASO,CE,Federal Contract Tower,0,4,17,32,53,0,0,40,8,48,0,4,57,40,101,36,4,40,141
06/23/2013,MEI,MS,ASO,CE,Federal Contract Tower,0,3,16,49,68,0,1,21,5,27,0,4,37,54,95,16,14,30,125
06/24/2013,MEI,MS,ASO,CE,Federal Contract Tower,0,4,13,52,69,0,1,11,0,12,0,5,24,52,81,0,0,0,81
06/25/2013,MEI,MS,ASO,CE,Federal Contract Tower,0,4,23,92,119,0,0,14,14,28,0,4,37,106,147,0,82,82,229
06/26/2013,MEI,MS,ASO,CE,Federal Contract Tower,0,3,26,102,131,0,2,20,9,31,0,5,46,111,162,4,88,92,254
06/27/2013,MEI,MS,ASO,CE,Federal Contract Tower,0,6,20,164,190,0,2,16,7,25,0,8,36,171,215,6,114,120,335
06/28/2013,MEI,MS,ASO,CE,Federal Contract Tower,0,4,20,63,87,0,0,28,13,41,0,4,48,76,128,36,119,155,283
06/29/2013,MEI,MS,ASO,CE,Federal Contract Tower,0,2,6,18,26,0,0,32,2,34,0,2,38,20,60,14,12,26,86
06/30/2013,MEI,MS,ASO,CE,Federal Contract Tower,0,3,18,47,68,3,26,6,0,35,3,29,24,47,103,6,8,14,117
07/01/2013,MEI,MS,ASO,CE,Federal Contract Tower,0,4,18,96,118,0,3,16,9,28,0,7,34,105,146,0,78,78,224
07/02/2013,MEI,MS,ASO,CE,Federal Contract Tower,0,4,15,104,123,0,2,27,3,32,0,6,42,107,155,0,47,47,202
07/03/2013,MEI,MS,ASO,CE,Federal Contract Tower,0,2,28,47,77,0,2,22,4,28,0,4,50,51,105,30,16,46,151
07/04/2013,MEI,MS,ASO,CE,Federal Contract Tower,0,4,14,6,24,0,0,17,0,17,0,4,31,6,41,4,0,4,45
07/05/2013,MEI,MS,ASO,CE,Federal Contract Tower,0,4,22,0,26,0,0,12,0,12,0,4,34,0,38,0,0,0,38
07/06/2013,MEI,MS,ASO,CE,Federal Contract Tower,0,1,21,14,36,0,0,20,0,20,0,1,41,14,56,16,0,16,72
07/07/2013,MEI,MS,ASO,CE,Federal Contract Tower,0,3,29,18,50,0,2,8,0,10,0,5,37,18,60,2,0,2,62
07/08/2013,MEI,MS,ASO,CE,Federal Contract Tower,0,3,5,90,98,0,1,28,7,36,0,4,33,97,134,14,16,30,164
07/09/2013,MEI,MS,ASO,CE,Federal Contract Tower,0,4,17,89,110,0,1,15,13,29,0,5,32,102,139,0,30,30,169
07/10/2013,MEI,MS,ASO,CE,Federal Contract Tower,0,5,24,74,103,0,0,25,8,33,0,5,49,82,136,15,4,19,155
07/11/2013,MEI,MS,ASO,CE,Federal Contract Tower,0,5,10,40,55,0,0,15,4,19,0,5,25,44,74,12,2,14,88
07/12/2013,MEI,MS,ASO,CE,Federal Contract Tower,0,3,26,57,86,0,2,15,7,24,0,5,41,64,110,10,64,74,184
07/13/2013,MEI,MS,ASO,CE,Federal Contract Tower,0,1,10,55,66,0,1,36,12,49,0,2,46,67,115,60,40,100,215
07/14/2013,MEI,MS,ASO,CE,Federal Contract Tower,0,2,27,47,76,0,0,20,9,29,0,2,47,56,105,10,12,22,127
07/15/2013,MEI,MS,ASO,CE,Federal Contract Tower,0,5,14,60,79,0,0,4,8,12,0,5,18,68,91,20,39,59,150
07/16/2013,MEI,MS,ASO,CE,Federal Contract Tower,0,5,8,90,103,0,1,4,11,16,0,6,12,101,119,0,64,64,183
07/17/2013,MEI,MS,ASO,CE,Federal Contract Tower,0,3,11,71,85,0,0,26,10,36,0,3,37,81,121,10,68,78,199
07/18/2013,MEI,MS,ASO,CE,Federal Contract Tower,0,5,20,91,116,0,0,14,6,20,0,5,34,97,136,18,118,136,272
07/19/2013,MEI,MS,ASO,CE,Federal Contract Tower,0,5,10,69,84,0,1,24,6,31,0,6,34,75,115,16,22,38,153
07/20/2013,MEI,MS,ASO,CE,Federal Contract Tower,0,1,27,55,83,0,0,14,0,14,0,1,41,55,97,30,48,78,175
07/21/2013,MEI,MS,ASO,CE,Federal Contract Tower,0,1,13,52,66,0,3,13,17,33,0,4,26,69,99,0,8,8,107
07/22/2013,MEI,MS,ASO,CE,Federal Contract Tower,0,6,20,12,38,0,0,4,4,8,0,6,24,16,46,3,10,13,59
07/23/2013,MEI,MS,ASO,CE,Federal Contract Tower,0,3,30,47,80,0,0,9,6,15,0,3,39,53,95,12,58,70,165
07/24/2013,MEI,MS,ASO,CE,Federal Contract Tower,0,5,17,69,91,0,0,13,5,18,0,5,30,74,109,8,68,76,185
07/25/2013,MEI,MS,ASO,CE,Federal Contract Tower,0,4,26,70,100,0,4,14,8,26,0,8,40,78,126,2,14,16,142
07/26/2013,MEI,MS,ASO,CE,Federal Contract Tower,0,3,21,70,94,0,3,17,8,28,0,6,38,78,122,22,46,68,190
07/27/2013,MEI,MS,ASO,CE,Federal Contract Tower,0,3,19,12,34,0,0,12,1,13,0,3,31,13,47,2,0,2,49
07/28/2013,MEI,MS,ASO,CE,Federal Contract Tower,0,3,23,63,89,0,2,21,16,39,0,5,44,79,128,50,4,54,182
07/29/2013,MEI,MS,ASO,CE,Federal Contract Tower,0,7,27,68,102,0,2,22,6,30,0,9,49,74,132,6,24,30,162
07/30/2013,MEI,MS,ASO,CE,Federal Contract Tower,0,5,20,87,112,0,1,16,8,25,0,6,36,95,137,8,80,88,225
07/31/2013,MEI,MS,ASO,CE,Federal Contract Tower,0,5,14,103,122,0,4,18,9,31,0,9,32,112,153,20,40,60,213
08/01/2013,MEI,MS,ASO,CE,Federal Contract Tower,0,5,24,61,90,0,1,24,18,43,0,6,48,79,133,6,59,65,198
08/02/2013,MEI,MS,ASO,CE,Federal Contract Tower,0,3,16,44,63,0,1,23,17,41,0,4,39,61,104,16,109,125,229
08/03/2013,MEI,MS,ASO,CE,Federal Contract Tower,0,2,16,22,40,0,4,19,10,33,0,6,35,32,73,34,0,34,107
08/04/2013,MEI,MS,ASO,CE,Federal Contract Tower,0,2,11,20,33,0,0,14,0,14,0,2,25,20,47,0,0,0,47
08/05/2013,MEI,MS,ASO,CE,Federal Contract Tower,0,3,6,30,39,0,3,18,6,27,0,6,24,36,66,18,122,140,206
08/06/2013,MEI,MS,ASO,CE,Federal Contract Tower,0,6,27,75,108,0,2,8,20,30,0,8,35,95,138,12,148,160,298
08/07/2013,MEI,MS,ASO,CE,Federal Contract Tower,0,5,8,66,79,0,3,13,3,19,0,8,21,69,98,34,62,96,194
08/08/2013,MEI,MS,ASO,CE,Federal Contract Tower,0,4,18,64,86,0,0,20,5,25,0,4,38,69,111,20,126,146,257
08/09/2013,MEI,MS,ASO,CE,Federal Contract Tower,0,3,15,58,76,0,3,16,9,28,0,6,31,67,104,24,52,76,180
08/10/2013,MEI,MS,ASO,CE,Federal Contract Tower,0,4,17,33,54,0,0,26,0,26,0,4,43,33,80,22,12,34,114
08/11/2013,MEI,MS,ASO,CE,Federal Contract Tower,0,2,16,1,19,0,0,17,64,81,0,2,33,65,100,0,1,1,101
08/12/2013,MEI,MS,ASO,CE,Federal Contract Tower,0,5,17,47,69,0,3,19,9,31,0,8,36,56,100,4,104,108,208
08/13/2013,MEI,MS,ASO,CE,Federal Contract Tower,0,3,12,2,17,0,4,4,32,40,0,7,16,34,57,1,64,65,122
08/14/2013,MEI,MS,ASO,CE,Federal Contract Tower,0,3,13,42,58,0,1,9,0,10,0,4,22,42,68,26,14,40,108
08/15/2013,MEI,MS,ASO,CE,Federal Contract Tower,0,18,29,76,123,0,5,14,8,27,0,23,43,84,150,38,10,48,198
08/16/2013,MEI,MS,ASO,CE,Federal Contract Tower,0,4,26,88,118,0,3,12,3,18,0,7,38,91,136,16,48,64,200
08/17/2013,MEI,MS,ASO,CE,Federal Contract Tower,0,4,9,23,36,0,4,28,2,34,0,8,37,25,70,56,2,58,128
08/18/2013,MEI,MS,ASO,CE,Federal Contract Tower,0,2,16,91,109,0,4,4,2,10,0,6,20,93,119,0,20,20,139
08/19/2013,MEI,MS,ASO,CE,Federal Contract Tower,0,4,10,62,76,0,0,14,12,26,0,4,24,74,102,6,42,48,150
08/20/2013,MEI,MS,ASO,CE,Federal Contract Tower,0,4,22,76,102,0,2,15,9,26,0,6,37,85,128,12,54,66,194
08/21/2013,MEI,MS,ASO,CE,Federal Contract Tower,0,3,22,58,83,0,0,13,8,21,0,3,35,66,104,0,6,6,110
08/22/2013,MEI,MS,ASO,CE,Federal Contract Tower,0,4,13,65,82,0,0,20,9,29,0,4,33,74,111,4,24,28,139
08/23/2013,MEI,MS,ASO,CE,Federal Contract Tower,0,3,25,111,139,0,0,20,9,29,0,3,45,120,168,74,48,122,290
08/24/2013,MEI,MS,ASO,CE,Federal Contract Tower,0,2,14,7,23,0,0,28,6,34,0,2,42,13,57,20,10,30,87
08/25/2013,MEI,MS,ASO,CE,Federal Contract Tower,0,2,16,19,37,0,2,13,4,19,0,4,29,23,56,20,22,42,98
08/26/2013,MEI,MS,ASO,CE,Federal Contract Tower,0,4,24,76,104,0,8,19,17,44,0,12,43,93,148,7,56,63,211
08/27/2013,MEI,MS,ASO,CE,Federal Contract Tower,0,4,22,125,151,0,2,21,9,32,0,6,43,134,183,34,108,142,325
08/28/2013,MEI,MS,ASO,CE,Federal Contract Tower,0,3,22,102,127,0,4,21,18,43,0,7,43,120,170,10,79,89,259
08/29/2013,MEI,MS,ASO,CE,Federal Contract Tower,0,4,11,116,131,0,3,13,17,33,0,7,24,133,164,0,48,48,212
08/30/2013,MEI,MS,ASO,CE,Federal Contract Tower,0,4,9,84,97,0,0,34,14,48,0,4,43,98,145,46,180,226,371
08/31/2013,MEI,MS,ASO,CE,Federal Contract Tower,0,1,14,0,15,0,3,33,0,36,0,4,47,0,51,34,0,34,85
09/01/2013,MEI,MS,ASO,CE,Federal Contract Tower,0,2,16,0,18,0,1,16,0,17,0,3,32,0,35,18,0,18,53
09/02/2013,MEI,MS,ASO,CE,Federal Contract Tower,0,3,12,2,17,0,1,29,30,60,0,4,41,32,77,20,0,20,97
09/03/2013,MEI,MS,ASO,CE,Federal Contract Tower,0,3,20,23,46,0,2,13,3,18,0,5,33,26,64,64,84,148,212
09/04/2013,MEI,MS,ASO,CE,Federal Contract Tower,0,3,26,130,159,0,1,15,8,24,0,4,41,138,183,4,0,4,187
09/05/2013,MEI,MS,ASO,CE,Federal Contract Tower,0,6,20,56,82,0,2,18,13,33,0,8,38,69,115,38,122,160,275
09/06/2013,MEI,MS,ASO,CE,Federal Contract Tower,0,4,12,88,104,0,0,12,26,38,0,4,24,114,142,2,44,46,188
09/07/2013,MEI,MS,ASO,CE,Federal Contract Tower,0,2,7,45,54,0,0,21,6,27,0,2,28,51,81,10,8,18,99
09/08/2013,MEI,MS,ASO,CE,Federal Contract Tower,0,2,16,61,79,0,1,25,1,27,0,3,41,62,106,36,20,56,162
09/09/2013,MEI,MS,ASO,CE,Federal Contract Tower,0,3,11,68,82,0,1,20,9,30,0,4,31,77,112,40,0,40,152
09/10/2013,MEI,MS,ASO,CE,Federal Contract Tower,0,2,13,6,21,0,5,10,41,56,0,7,23,47,77,12,32,44,121
09/11/2013,MEI,MS,ASO,CE,Federal Contract Tower,0,3,13,76,92,0,2,18,15,35,0,5,31,91,127,22,40,62,189
09/12/2013,MEI,MS,ASO,CE,Federal Contract Tower,0,4,16,90,110,0,3,17,7,27,0,7,33,97,137,20,14,34,171
09/13/2013,MEI,MS,ASO,CE,Federal Contract Tower,0,4,21,70,95,0,2,10,16,28,0,6,31,86,123,6,74,80,203
09/14/2013,MEI,MS,ASO,CE,Federal Contract Tower,0,2,11,18,31,0,3,25,3,31,0,5,36,21,62,38,36,74,136
09/15/2013,MEI,MS,ASO,CE,Federal Contract Tower,0,1,35,26,62,0,4,33,0,37,0,5,68,26,99,36,2,38,137
09/16/2013,MEI,MS,ASO,CE,Federal Contract Tower,0,4,14,51,69,0,4,14,10,28,0,8,28,61,97,10,74,84,181
09/17/2013,MEI,MS,ASO,CE,Federal Contract Tower,0,4,11,104,119,0,1,23,7,31,0,5,34,111,150,32,86,118,268
09/18/2013,MEI,MS,ASO,CE,Federal Contract Tower,0,3,18,64,85,0,2,9,6,17,0,5,27,70,102,0,16,16,118
09/19/2013,MEI,MS,ASO,CE,Federal Contract Tower,0,3,19,48,70,0,1,18,7,26,0,4,37,55,96,26,64,90,186
09/20/2013,MEI,MS,ASO,CE,Federal Contract Tower,0,4,28,80,112,0,0,7,3,10,0,4,35,83,122,0,110,110,232
09/21/2013,MEI,MS,ASO,CE,Federal Contract Tower,0,3,10,3,16,0,0,12,2,14,0,3,22,5,30,12,2,14,44
09/22/2013,MEI,MS,ASO,CE,Federal Contract Tower,0,3,12,51,66,0,2,40,6,48,0,5,52,57,114,52,6,58,172
09/23/2013,MEI,MS,ASO,CE,Federal Contract Tower,0,3,21,52,76,0,3,20,15,38,0,6,41,67,114,42,63,105,219
09/24/2013,MEI,MS,ASO,CE,Federal Contract Tower,0,4,15,20,39,0,0,1,0,1,0,4,16,20,40,0,0,0,40
09/25/2013,MEI,MS,ASO,CE,Federal Contract Tower,0,4,11,109,124,0,0,6,14,20,0,4,17,123,144,6,56,62,206
09/26/2013,MEI,MS,ASO,CE,Federal Contract Tower,0,5,18,61,84,0,6,20,7,33,0,11,38,68,117,52,12,64,181
09/27/2013,MEI,MS,ASO,CE,Federal Contract Tower,0,3,18,82,103,0,1,33,26,60,0,4,51,108,163,86,64,150,313
09/28/2013,MEI,MS,ASO,CE,Federal Contract Tower,0,4,7,21,32,0,1,31,2,34,0,5,38,23,66,16,0,16,82
09/29/2013,MEI,MS,ASO,CE,Federal Contract Tower,0,4,21,41,66,0,0,24,2,26,0,4,45,43,92,9,6,15,107
09/30/2013,MEI,MS,ASO,CE,Federal Contract Tower,0,7,32,76,115,0,0,9,0,9,0,7,41,76,124,0,0,0,124
10/01/2013,MEI,MS,ASO,CE,Federal Contract Tower,0,5,22,26,53,0,0,23,3,26,0,5,45,29,79,6,24,30,109
10/02/2013,MEI,MS,ASO,CE,Federal Contract Tower,0,4,10,45,59,0,0,6,8,14,0,4,16,53,73,4,28,32,105
10/03/2013,MEI,MS,ASO,CE,Federal Contract Tower,0,4,27,110,141,0,0,17,9,26,0,4,44,119,167,38,60,98,265
10/04/2013,MEI,MS,ASO,CE,Federal Contract Tower,0,3,27,34,64,0,0,28,2,30,0,3,55,36,94,40,24,64,158
10/05/2013,MEI,MS,ASO,CE,Federal Contract Tower,0,4,19,6,29,0,1,10,0,11,0,5,29,6,40,12,0,12,52
10/06/2013,MEI,MS,ASO,CE,Federal Contract Tower,0,2,14,0,16,0,0,1,0,1,0,2,15,0,17,0,0,0,17
10/07/2013,MEI,MS,ASO,CE,Federal Contract Tower,0,4,25,41,70,0,3,24,3,30,0,7,49,44,100,8,8,16,116
10/08/2013,MEI,MS,ASO,CE,Federal Contract Tower,0,5,35,41,81,0,1,20,0,21,0,6,55,41,102,34,93,127,229
10/09/2013,MEI,MS,ASO,CE,Federal Contract Tower,0,4,37,56,97,0,4,7,1,12,0,8,44,57,109,16,13,29,138
10/10/2013,MEI,MS,ASO,CE,Federal Contract Tower,0,5,23,48,76,0,2,14,3,19,0,7,37,51,95,10,24,34,129
10/11/2013,MEI,MS,ASO,CE,Federal Contract Tower,0,3,22,24,49,0,0,30,4,34,0,3,52,28,83,12,0,12,95
10/12/2013,MEI,MS,ASO,CE,Federal Contract Tower,0,3,19,0,22,0,1,25,0,26,0,4,44,0,48,20,0,20,68
10/13/2013,MEI,MS,ASO,CE,Federal Contract Tower,0,2,31,0,33,0,0,28,0,28,0,2,59,0,61,0,0,0,61
10/14/2013,MEI,MS,ASO,CE,Federal Contract Tower,0,6,18,0,24,0,1,22,0,23,0,7,40,0,47,0,0,0,47
10/15/2013,MEI,MS,ASO,CE,Federal Contract Tower,0,5,22,27,54,0,1,22,3,26,0,6,44,30,80,2,30,32,112
10/16/2013,MEI,MS,ASO,CE,Federal Contract Tower,0,4,15,88,107,0,1,14,11,26,0,5,29,99,133,0,76,76,209
10/17/2013,MEI,MS,ASO,CE,Federal Contract Tower,0,6,24,84,114,0,0,3,2,5,0,6,27,86,119,4,8,12,131
10/18/2013,MEI,MS,ASO,CE,Federal Contract Tower,0,4,18,64,86,0,0,26,10,36,0,4,44,74,122,10,40,50,172
10/19/2013,MEI,MS,ASO,CE,Federal Contract Tower,0,2,9,76,87,0,1,20,2,23,0,3,29,78,110,2,14,16,126
10/20/2013,MEI,MS,ASO,CE,Federal Contract Tower,0,2,17,69,88,0,1,28,4,33,0,3,45,73,121,20,28,48,169
10/21/2013,MEI,MS,ASO,CE,Federal Contract Tower,0,6,17,76,99,0,2,18,16,36,0,8,35,92,135,6,30,36,171
10/22/2013,MEI,MS,ASO,CE,Federal Contract Tower,0,4,10,93,107,0,4,17,23,44,0,8,27,116,151,32,104,136,287
10/23/2013,MEI,MS,ASO,CE,Federal Contract Tower,0,3,11,92,106,0,2,18,17,37,0,5,29,109,143,48,26,74,217
10/24/2013,MEI,MS,ASO,CE,Federal Contract Tower,0,6,26,58,90,0,2,25,7,34,0,8,51,65,124,62,24,86,210
10/25/2013,MEI,MS,ASO,CE,Federal Contract Tower,0,4,12,83,99,0,3,25,17,45,0,7,37,100,144,40,156,196,340
10/26/2013,MEI,MS,ASO,CE,Federal Contract Tower,0,2,14,17,33,0,1,34,18,53,0,3,48,35,86,58,38,96,182
10/27/2013,MEI,MS,ASO,CE,Federal Contract Tower,0,3,20,53,76,0,4,43,0,47,0,7,63,53,123,36,14,50,173
10/28/2013,MEI,MS,ASO,CE,Federal Contract Tower,0,3,19,40,62,0,0,11,0,11,0,3,30,40,73,14,34,48,121
10/29/2013,MEI,MS,ASO,CE,Federal Contract Tower,0,4,52,26,82,0,1,14,18,33,0,5,66,44,115,38,26,64,179
10/30/2013,MEI,MS,ASO,CE,Federal Contract Tower,0,4,28,26,58,0,2,34,4,40,0,6,62,30,98,14,22,36,134
10/31/2013,MEI,MS,ASO,CE,Federal Contract Tower,0,4,11,33,48,0,0,5,0,5,0,4,16,33,53,0,4,4,57
11/01/2013,MEI,MS,ASO,CE,Federal Contract Tower,0,4,22,94,120,0,7,32,17,56,0,11,54,111,176,60,88,148,324
11/02/2013,MEI,MS,ASO,CE,Federal Contract Tower,2,3,12,27,44,0,4,28,4,36,2,7,40,31,80,30,4,34,114
11/03/2013,MEI,MS,ASO,CE,Federal Contract Tower,0,2,17,37,56,0,3,29,6,38,0,5,46,43,94,16,2,18,112
11/04/2013,MEI,MS,ASO,CE,Federal Contract Tower,0,5,29,85,119,0,1,29,24,54,0,6,58,109,173,24,140,164,337
11/05/2013,MEI,MS,ASO,CE,Federal Contract Tower,0,6,11,91,108,0,3,15,14,32,0,9,26,105,140,16,80,96,236
11/06/2013,MEI,MS,ASO,CE,Federal Contract Tower,0,5,17,103,125,0,4,9,5,18,0,9,26,108,143,0,34,34,177
11/07/2013,MEI,MS,ASO,CE,Federal Contract Tower,0,4,19,109,132,0,1,11,3,15,0,5,30,112,147,45,52,97,244
11/08/2013,MEI,MS,ASO,CE,Federal Contract Tower,0,5,30,72,107,0,5,26,3,34,0,10,56,75,141,0,68,68,209
11/09/2013,MEI,MS,ASO,CE,Federal Contract Tower,0,2,26,30,58,0,1,35,0,36,0,3,61,30,94,6,0,6,100
11/10/2013,MEI,MS,ASO,CE,Federal Contract Tower,0,2,6,43,51,0,1,38,0,39,0,3,44,43,90,48,2,50,140
11/11/2013,MEI,MS,ASO,CE,Federal Contract Tower,0,4,20,30,54,0,4,38,1,43,0,8,58,31,97,100,2,102,199
11/12/2013,MEI,MS,ASO,CE,Federal Contract Tower,0,4,12,115,131,0,0,17,23,40,0,4,29,138,171,44,94,138,309
11/13/2013,MEI,MS,ASO,CE,Federal Contract Tower,0,4,15,67,86,0,0,17,10,27,0,4,32,77,113,40,44,84,197
11/14/2013,MEI,MS,ASO,CE,Federal Contract Tower,0,6,11,107,124,0,3,23,10,36,0,9,34,117,160,1,68,69,229
11/15/2013,MEI,MS,ASO,CE,Federal Contract Tower,0,4,18,58,80,0,1,2,1,4,0,5,20,59,84,2,0,2,86
11/16/2013,MEI,MS,ASO,CE,Federal Contract Tower,0,2,17,3,22,0,0,1,0,1,0,2,18,3,23,0,0,0,23
11/17/2013,MEI,MS,ASO,CE,Federal Contract Tower,0,2,11,34,47,0,0,1,1,2,0,2,12,35,49,24,3,27,76
11/18/2013,MEI,MS,ASO,CE,Federal Contract Tower,0,5,12,73,90,0,0,11,13,24,0,5,23,86,114,52,80,132,246
11/19/2013,MEI,MS,ASO,CE,Federal Contract Tower,0,5,20,74,99,0,1,11,11,23,0,6,31,85,122,0,66,66,188
11/20/2013,MEI,MS,ASO,CE,Federal Contract Tower,0,2,30,91,123,0,1,17,15,33,0,3,47,106,156,12,82,94,250
11/21/2013,MEI,MS,ASO,CE,Federal Contract Tower,0,4,34,54,92,0,0,0,1,1,0,4,34,55,93,0,2,2,95
11/22/2013,MEI,MS,ASO,CE,Federal Contract Tower,0,3,7,30,40,0,0,0,0,0,0,3,7,30,40,0,0,0,40
11/23/2013,MEI,MS,ASO,CE,Federal Contract Tower,0,2,6,12,20,0,1,7,0,8,0,3,13,12,28,0,0,0,28
11/24/2013,MEI,MS,ASO,CE,Federal Contract Tower,0,1,13,53,67,0,0,34,28,62,0,1,47,81,129,38,20,58,187
11/25/2013,MEI,MS,ASO,CE,Federal Contract Tower,0,2,7,54,63,0,0,6,10,16,0,2,13,64,79,42,0,42,121
11/26/2013,MEI,MS,ASO,CE,Federal Contract Tower,0,5,6,4,15,0,0,0,0,0,0,5,6,4,15,0,0,0,15
11/27/2013,MEI,MS,ASO,CE,Federal Contract Tower,0,5,20,33,58,0,2,23,2,27,0,7,43,35,85,2,6,8,93
11/28/2013,MEI,MS,ASO,CE,Federal Contract Tower,0,3,3,0,6,0,1,21,0,22,0,4,24,0,28,60,0,60,88
11/29/2013,MEI,MS,ASO,CE,Federal Contract Tower,0,3,7,0,10,0,0,22,0,22,0,3,29,0,32,64,0,64,96
11/30/2013,MEI,MS,ASO,CE,Federal Contract Tower,0,3,14,4,21,0,1,28,0,29,0,4,42,4,50,35,0,35,85
12/01/2013,MEI,MS,ASO,CE,Federal Contract Tower,0,4,21,0,25,0,2,36,0,38,0,6,57,0,63,72,0,72,135
12/02/2013,MEI,MS,ASO,CE,Federal Contract Tower,0,4,17,60,81,0,5,5,15,25,0,9,22,75,106,24,60,84,190
12/03/2013,MEI,MS,ASO,CE,Federal Contract Tower,0,2,28,70,100,0,1,10,1,12,0,3,38,71,112,44,24,68,180
12/04/2013,MEI,MS,ASO,CE,Federal Contract Tower,0,3,19,43,65,0,1,14,8,23,0,4,33,51,88,2,70,72,160
12/05/2013,MEI,MS,ASO,CE,Federal Contract Tower,0,2,11,83,96,0,1,2,8,11,0,3,13,91,107,6,56,62,169
12/06/2013,MEI,MS,ASO,CE,Federal Contract Tower,0,3,9,35,47,0,0,1,0,1,0,3,10,35,48,0,0,0,48
12/07/2013,MEI,MS,ASO,CE,Federal Contract Tower,0,1,3,19,23,0,0,0,0,0,0,1,3,19,23,0,0,0,23
12/08/2013,MEI,MS,ASO,CE,Federal Contract Tower,0,1,5,3,9,0,0,0,0,0,0,1,5,3,9,0,0,0,9
12/09/2013,MEI,MS,ASO,CE,Federal Contract Tower,0,7,13,37,57,0,0,2,1,3,0,7,15,38,60,0,2,2,62
12/10/2013,MEI,MS,ASO,CE,Federal Contract Tower,0,4,18,53,75,0,2,16,8,26,0,6,34,61,101,32,32,64,165
12/11/2013,MEI,MS,ASO,CE,Federal Contract Tower,0,4,25,51,80,0,1,24,11,36,0,5,49,62,116,10,46,56,172
12/12/2013,MEI,MS,ASO,CE,Federal Contract Tower,0,3,11,62,76,0,1,23,17,41,0,4,34,79,117,34,88,122,239
12/13/2013,MEI,MS,ASO,CE,Federal Contract Tower,0,4,19,81,104,0,1,14,30,45,0,5,33,111,149,56,204,260,409
12/14/2013,MEI,MS,ASO,CE,Federal Contract Tower,0,2,15,35,52,0,0,3,0,3,0,2,18,35,55,4,16,20,75
12/15/2013,MEI,MS,ASO,CE,Federal Contract Tower,0,1,10,55,66,0,2,13,3,18,0,3,23,58,84,2,0,2,86
12/16/2013,MEI,MS,ASO,CE,Federal Contract Tower,0,8,12,88,108,0,2,20,19,41,0,10,32,107,149,6,38,44,193
12/17/2013,MEI,MS,ASO,CE,Federal Contract Tower,0,4,25,70,99,0,3,30,11,44,0,7,55,81,143,68,62,130,273
12/18/2013,MEI,MS,ASO,CE,Federal Contract Tower,0,5,22,102,129,0,1,32,24,57,0,6,54,126,186,78,6,84,270
12/19/2013,MEI,MS,ASO,CE,Federal Contract Tower,0,6,30,72,108,0,0,12,30,42,0,6,42,102,150,26,62,88,238
12/20/2013,MEI,MS,ASO,CE,Federal Contract Tower,0,3,28,84,115,0,0,3,2,5,0,3,31,86,120,2,0,2,122
12/21/2013,MEI,MS,ASO,CE,Federal Contract Tower,0,4,3,0,7,0,1,3,0,4,0,5,6,0,11,0,0,0,11
12/22/2013,MEI,MS,ASO,CE,Federal Contract Tower,0,1,8,14,23,0,0,12,0,12,0,1,20,14,35,12,0,12,47
12/23/2013,MEI,MS,ASO,CE,Federal Contract Tower,0,4,17,12,33,0,0,27,1,28,0,4,44,13,61,20,2,22,83
12/24/2013,MEI,MS,ASO,CE,Federal Contract Tower,0,1,15,0,16,0,0,31,0,31,0,1,46,0,47,10,0,10,57
12/25/2013,MEI,MS,ASO,CE,Federal Contract Tower,0,2,6,0,8,0,0,10,0,10,0,2,16,0,18,0,0,0,18
12/26/2013,MEI,MS,ASO,CE,Federal Contract Tower,0,4,12,13,29,0,0,34,3,37,0,4,46,16,66,10,0,10,76
12/27/2013,MEI,MS,ASO,CE,Federal Contract Tower,0,3,21,17,41,0,0,38,1,39,0,3,59,18,80,44,72,116,196
12/28/2013,MEI,MS,ASO,CE,Federal Contract Tower,0,1,9,0,10,0,0,0,0,0,0,1,9,0,10,0,0,0,10
12/29/2013,MEI,MS,ASO,CE,Federal Contract Tower,0,4,19,0,23,0,1,16,0,17,0,5,35,0,40,0,0,0,40
12/30/2013,MEI,MS,ASO,CE,Federal Contract Tower,0,3,17,15,35,0,0,17,9,26,0,3,34,24,61,0,50,50,111
12/31/2013,MEI,MS,ASO,CE,Federal Contract Tower,0,5,19,0,24,0,4,18,0,22,0,9,37,0,46,6,0,6,52
01/01/2014,MEI,MS,ASO,CE,Federal Contract Tower,0,7,10,0,17,0,1,16,2,19,0,8,26,2,36,18,0,18,54
01/02/2014,MEI,MS,ASO,CE,Federal Contract Tower,0,0,11,16,27,0,0,6,2,8,0,0,17,18,35,12,0,12,47
01/03/2014,MEI,MS,ASO,CE,Federal Contract Tower,0,5,15,47,67,0,6,21,12,39,0,11,36,59,106,16,38,54,160
01/04/2014,MEI,MS,ASO,CE,Federal Contract Tower,0,5,18,22,45,0,1,34,2,37,0,6,52,24,82,6,10,16,98
01/05/2014,MEI,MS,ASO,CE,Federal Contract Tower,0,3,9,46,58,0,0,3,0,3,0,3,12,46,61,0,0,0,61
01/06/2014,MEI,MS,ASO,CE,Federal Contract Tower,0,3,13,36,52,0,3,14,4,21,0,6,27,40,73,8,80,88,161
01/07/2014,MEI,MS,ASO,CE,Federal Contract Tower,0,3,15,38,56,0,0,7,7,14,0,3,22,45,70,0,42,42,112
01/08/2014,MEI,MS,ASO,CE,Federal Contract Tower,0,2,16,46,64,0,4,3,19,26,0,6,19,65,90,16,56,72,162
01/09/2014,MEI,MS,ASO,CE,Federal Contract Tower,0,3,16,98,117,0,2,15,13,30,0,5,31,111,147,40,156,196,343
01/10/2014,MEI,MS,ASO,CE,Federal Contract Tower,0,3,8,25,36,0,0,0,0,0,0,3,8,25,36,0,0,0,36
01/11/2014,MEI,MS,ASO,CE,Federal Contract Tower,0,3,3,26,32,0,1,25,2,28,0,4,28,28,60,2,0,2,62
01/12/2014,MEI,MS,ASO,CE,Federal Contract Tower,0,2,15,46,63,0,0,45,7,52,0,2,60,53,115,48,0,48,163
01/13/2014,MEI,MS,ASO,CE,Federal Contract Tower,0,3,10,3,16,0,0,3,0,3,0,3,13,3,19,16,0,16,35
01/14/2014,MEI,MS,ASO,CE,Federal Contract Tower,0,3,22,59,84,0,1,18,12,31,0,4,40,71,115,52,80,132,247
01/15/2014,MEI,MS,ASO,CE,Federal Contract Tower,0,4,15,80,99,0,3,15,7,25,0,7,30,87,124,12,58,70,194
01/16/2014,MEI,MS,ASO,CE,Federal Contract Tower,0,3,22,51,76,0,2,19,18,39,0,5,41,69,115,18,85,103,218
01/17/2014,MEI,MS,ASO,CE,Federal Contract Tower,0,4,16,75,95,0,4,21,15,40,0,8,37,90,135,30,106,136,271
01/18/2014,MEI,MS,ASO,CE,Federal Contract Tower,1,4,13,19,37,0,5,17,4,26,1,9,30,23,63,16,2,18,81
01/19/2014,MEI,MS,ASO,CE,Federal Contract Tower,0,1,17,32,50,0,0,29,1,30,0,1,46,33,80,12,6,18,98
01/20/2014,MEI,MS,ASO,CE,Federal Contract Tower,0,3,18,29,50,0,2,52,2,56,0,5,70,31,106,42,20,62,168
01/21/2014,MEI,MS,ASO,CE,Federal Contract Tower,0,2,2,55,59,0,0,7,13,20,0,2,9,68,79,0,28,28,107
01/22/2014,MEI,MS,ASO,CE,Federal Contract Tower,0,5,17,66,88,0,2,19,9,30,0,7,36,75,118,4,78,82,200
01/23/2014,MEI,MS,ASO,CE,Federal Contract Tower,0,2,29,54,85,0,0,14,9,23,0,2,43,63,108,22,118,140,248
01/24/2014,MEI,MS,ASO,CE,Federal Contract Tower,0,3,23,42,68,0,0,13,10,23,0,3,36,52,91,0,100,100,191
01/25/2014,MEI,MS,ASO,CE,Federal Contract Tower,0,2,12,23,37,0,4,25,9,38,0,6,37,32,75,2,18,20,95
01/26/2014,MEI,MS,ASO,CE,Federal Contract Tower,0,3,9,15,27,0,2,23,23,48,0,5,32,38,75,26,10,36,111
01/27/2014,MEI,MS,ASO,CE,Federal Contract Tower,0,6,12,45,63,0,1,10,8,19,0,7,22,53,82,0,10,10,92
01/28/2014,MEI,MS,ASO,CE,Federal Contract Tower,0,0,0,0,0,0,0,0,0,0,0,0,0,0,0,0,0,0,0
01/29/2014,MEI,MS,ASO,CE,Federal Contract Tower,0,0,0,0,0,0,0,0,0,0,0,0,0,0,0,0,0,0,0
01/30/2014,MEI,MS,ASO,CE,Federal Contract Tower,0,1,12,6,19,0,2,14,6,22,0,3,26,12,41,12,0,12,53
01/31/2014,MEI,MS,ASO,CE,Federal Contract Tower,0,1,15,72,88,0,3,23,24,50,0,4,38,96,138,34,230,264,402
02/01/2014,MEI,MS,ASO,CE,Federal Contract Tower,0,1,5,20,26,0,2,15,3,20,0,3,20,23,46,20,0,20,66
02/02/2014,MEI,MS,ASO,CE,Federal Contract Tower,0,1,5,22,28,0,0,0,0,0,0,1,5,22,28,0,0,0,28
02/03/2014,MEI,MS,ASO,CE,Federal Contract Tower,0,2,15,25,42,0,0,0,0,0,0,2,15,25,42,0,0,0,42
02/04/2014,MEI,MS,ASO,CE,Federal Contract Tower,0,7,3,0,10,0,0,0,0,0,0,7,3,0,10,0,0,0,10
02/05/2014,MEI,MS,ASO,CE,Federal Contract Tower,0,2,10,34,46,0,0,4,9,13,0,2,14,43,59,6,16,22,81
02/06/2014,MEI,MS,ASO,CE,Federal Contract Tower,0,3,7,20,30,0,0,3,5,8,0,3,10,25,38,40,70,110,148
02/07/2014,MEI,MS,ASO,CE,Federal Contract Tower,0,3,15,105,123,0,0,30,14,44,0,3,45,119,167,104,30,134,301
02/08/2014,MEI,MS,ASO,CE,Federal Contract Tower,0,2,18,12,32,0,1,27,0,28,0,3,45,12,60,30,0,30,90
02/09/2014,MEI,MS,ASO,CE,Federal Contract Tower,0,2,16,25,43,0,0,23,1,24,0,2,39,26,67,21,16,37,104
02/10/2014,MEI,MS,ASO,CE,Federal Contract Tower,0,2,17,50,69,0,0,5,7,12,0,2,22,57,81,0,8,8,89
02/11/2014,MEI,MS,ASO,CE,Federal Contract Tower,0,3,9,0,12,0,0,0,0,0,0,3,9,0,12,0,0,0,12
02/12/2014,MEI,MS,ASO,CE,Federal Contract Tower,0,0,4,2,6,0,0,0,0,0,0,0,4,2,6,0,0,0,6
02/13/2014,MEI,MS,ASO,CE,Federal Contract Tower,0,6,16,13,35,0,1,17,95,113,0,7,33,108,148,14,49,63,211
02/14/2014,MEI,MS,ASO,CE,Federal Contract Tower,0,2,17,42,61,0,0,12,8,20,0,2,29,50,81,10,118,128,209
02/15/2014,MEI,MS,ASO,CE,Federal Contract Tower,0,0,15,33,48,0,3,28,4,35,0,3,43,37,83,16,54,70,153
02/16/2014,MEI,MS,ASO,CE,Federal Contract Tower,0,0,17,4,21,0,2,17,2,21,0,2,34,6,42,22,10,32,74
02/17/2014,MEI,MS,ASO,CE,Federal Contract Tower,0,2,24,4,30,0,1,27,4,32,0,3,51,8,62,16,0,16,78
02/18/2014,MEI,MS,ASO,CE,Federal Contract Tower,0,3,23,29,55,0,0,3,4,7,0,3,26,33,62,0,42,42,104
02/19/2014,MEI,MS,ASO,CE,Federal Contract Tower,0,4,30,48,82,0,0,17,12,29,0,4,47,60,111,12,52,64,175
02/20/2014,MEI,MS,ASO,CE,Federal Contract Tower,0,4,11,25,40,0,0,7,5,12,0,4,18,30,52,0,49,49,101
02/21/2014,MEI,MS,ASO,CE,Federal Contract Tower,0,2,15,43,60,0,3,18,19,40,0,5,33,62,100,26,113,139,239
02/22/2014,MEI,MS,ASO,CE,Federal Contract Tower,0,5,8,13,26,0,1,27,2,30,0,6,35,15,56,4,32,36,92
02/23/2014,MEI,MS,ASO,CE,Federal Contract Tower,0,3,13,19,35,0,2,11,11,24,0,5,24,30,59,4,35,39,98
02/24/2014,MEI,MS,ASO,CE,Federal Contract Tower,0,5,33,52,90,0,2,22,9,33,0,7,55,61,123,34,72,106,229
02/25/2014,MEI,MS,ASO,CE,Federal Contract Tower,0,4,21,81,106,0,2,6,16,24,0,6,27,97,130,14,136,150,280
02/26/2014,MEI,MS,ASO,CE,Federal Contract Tower,0,4,15,53,72,0,4,4,9,17,0,8,19,62,89,0,92,92,181
02/27/2014,MEI,MS,ASO,CE,Federal Contract Tower,0,3,21,88,112,0,3,23,19,45,0,6,44,107,157,18,146,164,321
02/28/2014,MEI,MS,ASO,CE,Federal Contract Tower,0,2,22,34,58,0,4,25,19,48,0,6,47,53,106,10,80,90,196
03/01/2014,MEI,MS,ASO,CE,Federal Contract Tower,0,2,10,32,44,0,1,22,2,25,0,3,32,34,69,0,14,14,83
03/02/2014,MEI,MS,ASO,CE,Federal Contract Tower,0,2,10,31,43,0,0,12,6,18,0,2,22,37,61,22,10,32,93
03/03/2014,MEI,MS,ASO,CE,Federal Contract Tower,0,3,11,22,36,0,0,5,0,5,0,3,16,22,41,0,8,8,49
03/04/2014,MEI,MS,ASO,CE,Federal Contract Tower,0,1,24,9,34,0,0,2,0,2,0,1,26,9,36,2,4,6,42
03/05/2014,MEI,MS,ASO,CE,Federal Contract Tower,0,2,22,69,93,0,0,10,9,19,0,2,32,78,112,0,140,140,252
03/06/2014,MEI,MS,ASO,CE,Federal Contract Tower,0,3,14,32,49,0,0,0,0,0,0,3,14,32,49,0,0,0,49
03/07/2014,MEI,MS,ASO,CE,Federal Contract Tower,0,0,39,83,122,0,0,27,30,57,0,0,66,113,179,22,232,254,433
03/08/2014,MEI,MS,ASO,CE,Federal Contract Tower,0,3,8,30,41,0,0,46,21,67,0,3,54,51,108,13,16,29,137
03/09/2014,MEI,MS,ASO,CE,Federal Contract Tower,0,3,19,51,73,0,0,23,10,33,0,3,42,61,106,18,20,38,144
03/10/2014,MEI,MS,ASO,CE,Federal Contract Tower,0,0,22,65,87,0,1,17,8,26,0,1,39,73,113,26,132,158,271
03/11/2014,MEI,MS,ASO,CE,Federal Contract Tower,0,3,13,48,64,0,0,6,9,15,0,3,19,57,79,0,42,42,121
03/12/2014,MEI,MS,ASO,CE,Federal Contract Tower,0,4,13,74,91,0,3,2,1,6,0,7,15,75,97,4,34,38,135
03/13/2014,MEI,MS,ASO,CE,Federal Contract Tower,0,4,22,72,98,0,0,22,15,37,0,4,44,87,135,58,110,168,303
03/14/2014,MEI,MS,ASO,CE,Federal Contract Tower,0,4,29,81,114,0,2,28,13,43,0,6,57,94,157,46,142,188,345
03/15/2014,MEI,MS,ASO,CE,Federal Contract Tower,0,1,16,39,56,0,4,23,3,30,0,5,39,42,86,22,12,34,120
03/16/2014,MEI,MS,ASO,CE,Federal Contract Tower,0,2,14,53,69,0,1,6,8,15,0,3,20,61,84,18,40,58,142
03/17/2014,MEI,MS,ASO,CE,Federal Contract Tower,0,7,20,84,111,0,0,3,0,3,0,7,23,84,114,0,0,0,114
03/18/2014,MEI,MS,ASO,CE,Federal Contract Tower,0,1,22,58,81,0,0,14,14,28,0,1,36,72,109,12,62,74,183
03/19/2014,MEI,MS,ASO,CE,Federal Contract Tower,0,6,16,66,88,0,0,25,19,44,0,6,41,85,132,18,92,110,242
03/20/2014,MEI,MS,ASO,CE,Federal Contract Tower,0,6,15,116,137,0,1,24,28,53,0,7,39,144,190,34,162,196,386
03/21/2014,MEI,MS,ASO,CE,Federal Contract Tower,0,4,14,61,79,0,4,31,24,59,0,8,45,85,138,36,114,150,288
03/22/2014,MEI,MS,ASO,CE,Federal Contract Tower,0,1,17,20,38,0,3,38,0,41,0,4,55,20,79,22,8,30,109
03/23/2014,MEI,MS,ASO,CE,Federal Contract Tower,0,0,5,18,23,0,0,6,0,6,0,0,11,18,29,10,0,10,39
03/24/2014,MEI,MS,ASO,CE,Federal Contract Tower,0,3,23,56,82,0,1,14,7,22,0,4,37,63,104,13,48,61,165
03/25/2014,MEI,MS,ASO,CE,Federal Contract Tower,0,2,17,84,103,0,1,7,9,17,0,3,24,93,120,0,100,100,220
03/26/2014,MEI,MS,ASO,CE,Federal Contract Tower,0,2,23,113,138,0,4,36,25,65,0,6,59,138,203,16,166,182,385
03/27/2014,MEI,MS,ASO,CE,Federal Contract Tower,0,6,16,63,85,0,0,7,21,28,0,6,23,84,113,0,96,96,209
03/28/2014,MEI,MS,ASO,CE,Federal Contract Tower,0,0,8,34,42,0,0,6,6,12,0,0,14,40,54,26,16,42,96
03/29/2014,MEI,MS,ASO,CE,Federal Contract Tower,0,1,17,18,36,0,2,2,16,20,0,3,19,34,56,0,0,0,56
03/30/2014,MEI,MS,ASO,CE,Federal Contract Tower,0,1,23,41,65,0,1,65,4,70,0,2,88,45,135,48,14,62,197
03/31/2014,MEI,MS,ASO,CE,Federal Contract Tower,0,2,17,35,54,0,0,22,50,72,0,2,39,85,126,32,104,136,262
04/01/2014,MEI,MS,ASO,CE,Federal Contract Tower,0,4,26,74,104,0,3,18,6,27,0,7,44,80,131,12,106,118,249
04/02/2014,MEI,MS,ASO,CE,Federal Contract Tower,0,3,32,53,88,0,7,14,5,26,0,10,46,58,114,46,90,136,250
04/03/2014,MEI,MS,ASO,CE,Federal Contract Tower,0,4,18,63,85,0,2,7,19,28,0,6,25,82,113,6,16,22,135
04/04/2014,MEI,MS,ASO,CE,Federal Contract Tower,0,4,11,14,29,0,2,10,1,13,0,6,21,15,42,24,0,24,66
04/05/2014,MEI,MS,ASO,CE,Federal Contract Tower,0,3,14,43,60,0,2,35,40,77,0,5,49,83,137,12,40,52,189
04/06/2014,MEI,MS,ASO,CE,Federal Contract Tower,0,6,5,0,11,0,0,1,0,1,0,6,6,0,12,0,0,0,12
04/07/2014,MEI,MS,ASO,CE,Federal Contract Tower,0,1,10,21,32,0,3,9,21,33,0,4,19,42,65,0,15,15,80
04/08/2014,MEI,MS,ASO,CE,Federal Contract Tower,0,3,26,25,54,0,0,7,10,17,0,3,33,35,71,0,0,0,71
04/09/2014,MEI,MS,ASO,CE,Federal Contract Tower,0,7,17,59,83,0,3,27,45,75,0,10,44,104,158,34,90,124,282
04/10/2014,MEI,MS,ASO,CE,Federal Contract Tower,0,4,15,80,99,0,2,30,16,48,0,6,45,96,147,6,70,76,223
04/11/2014,MEI,MS,ASO,CE,Federal Contract Tower,0,4,30,77,111,0,12,30,16,58,0,16,60,93,169,52,72,124,293
04/12/2014,MEI,MS,ASO,CE,Federal Contract Tower,0,3,14,26,43,0,3,33,2,38,0,6,47,28,81,50,0,50,131
04/13/2014,MEI,MS,ASO,CE,Federal Contract Tower,0,3,24,31,58,0,4,29,0,33,0,7,53,31,91,20,6,26,117
04/14/2014,MEI,MS,ASO,CE,Federal Contract Tower,0,3,4,7,14,0,0,5,0,5,0,3,9,7,19,0,4,4,23
04/15/2014,MEI,MS,ASO,CE,Federal Contract Tower,0,4,9,73,86,0,3,12,16,31,0,7,21,89,117,0,48,48,165
04/16/2014,MEI,MS,ASO,CE,Federal Contract Tower,0,4,16,60,80,0,6,31,53,90,0,10,47,113,170,26,92,118,288
04/17/2014,MEI,MS,ASO,CE,Federal Contract Tower,0,9,16,73,98,0,2,18,12,32,0,11,34,85,130,22,2,24,154
04/18/2014,MEI,MS,ASO,CE,Federal Contract Tower,0,4,16,56,76,0,1,4,10,15,0,5,20,66,91,6,14,20,111
04/19/2014,MEI,MS,ASO,CE,Federal Contract Tower,0,2,12,11,25,0,3,28,1,32,0,5,40,12,57,50,6,56,113
04/20/2014,MEI,MS,ASO,CE,Federal Contract Tower,0,2,9,2,13,0,3,29,2,34,0,5,38,4,47,26,0,26,73
04/21/2014,MEI,MS,ASO,CE,Federal Contract Tower,0,6,26,111,143,0,1,16,13,30,0,7,42,124,173,72,102,174,347
04/22/2014,MEI,MS,ASO,CE,Federal Contract Tower,0,7,17,53,77,0,3,11,2,16,0,10,28,55,93,6,0,6,99
04/23/2014,MEI,MS,ASO,CE,Federal Contract Tower,0,4,26,60,90,0,2,20,16,38,0,6,46,76,128,30,100,130,258
04/24/2014,MEI,MS,ASO,CE,Federal Contract Tower,0,4,22,50,76,0,0,11,21,32,0,4,33,71,108,0,51,51,159
04/25/2014,MEI,MS,ASO,CE,Federal Contract Tower,0,6,31,132,169,0,1,28,16,45,0,7,59,148,214,26,68,94,308
04/26/2014,MEI,MS,ASO,CE,Federal Contract Tower,0,2,10,37,49,0,2,35,4,41,0,4,45,41,90,25,23,48,138
04/27/2014,MEI,MS,ASO,CE,Federal Contract Tower,0,2,13,33,48,0,0,9,5,14,0,2,22,38,62,0,0,0,62
04/28/2014,MEI,MS,ASO,CE,Federal Contract Tower,0,5,5,38,48,0,1,4,1,6,0,6,9,39,54,0,34,34,88
04/29/2014,MEI,MS,ASO,CE,Federal Contract Tower,0,6,4,19,29,0,0,4,24,28,0,6,8,43,57,0,8,8,65
04/30/2014,MEI,MS,ASO,CE,Federal Contract Tower,0,4,15,78,97,0,0,17,35,52,0,4,32,113,149,0,8,8,157
05/01/2014,MEI,MS,ASO,CE,Federal Contract Tower,0,6,13,104,123,0,0,43,21,64,0,6,56,125,187,14,64,78,265
05/02/2014,MEI,MS,ASO,CE,Federal Contract Tower,0,4,19,50,73,0,1,38,23,62,0,5,57,73,135,2,55,57,192
05/03/2014,MEI,MS,ASO,CE,Federal Contract Tower,0,2,16,31,49,1,2,27,8,38,1,4,43,39,87,22,40,62,149
05/04/2014,MEI,MS,ASO,CE,Federal Contract Tower,0,6,13,36,55,0,0,25,11,36,0,6,38,47,91,4,6,10,101
05/05/2014,MEI,MS,ASO,CE,Federal Contract Tower,0,3,12,65,80,0,4,22,6,32,0,7,34,71,112,14,80,94,206
05/06/2014,MEI,MS,ASO,CE,Federal Contract Tower,0,5,14,83,102,0,0,19,4,23,0,5,33,87,125,8,26,34,159
05/07/2014,MEI,MS,ASO,CE,Federal Contract Tower,0,8,33,42,83,0,2,20,8,30,0,10,53,50,113,4,80,84,197
05/08/2014,MEI,MS,ASO,CE,Federal Contract Tower,0,8,13,43,64,0,2,12,20,34,0,10,25,63,98,2,66,68,166
05/09/2014,MEI,MS,ASO,CE,Federal Contract Tower,0,4,14,18,36,0,0,1,0,1,0,4,15,18,37,0,18,18,55
05/10/2014,MEI,MS,ASO,CE,Federal Contract Tower,0,2,10,24,36,0,2,13,0,15,0,4,23,24,51,0,0,0,51
05/11/2014,MEI,MS,ASO,CE,Federal Contract Tower,0,2,8,22,32,0,0,15,2,17,0,2,23,24,49,38,0,38,87
05/12/2014,MEI,MS,ASO,CE,Federal Contract Tower,0,4,23,84,111,0,0,10,10,20,0,4,33,94,131,8,16,24,155
05/13/2014,MEI,MS,ASO,CE,Federal Contract Tower,0,4,21,56,81,0,6,3,13,22,0,10,24,69,103,14,54,68,171
05/14/2014,MEI,MS,ASO,CE,Federal Contract Tower,0,5,9,28,42,0,0,2,0,2,0,5,11,28,44,0,0,0,44
05/15/2014,MEI,MS,ASO,CE,Federal Contract Tower,0,9,21,96,126,0,3,14,17,34,0,12,35,113,160,4,124,128,288
05/16/2014,MEI,MS,ASO,CE,Federal Contract Tower,0,6,21,89,116,0,3,27,12,42,0,9,48,101,158,0,78,78,236
05/17/2014,MEI,MS,ASO,CE,Federal Contract Tower,0,2,11,17,30,0,0,28,1,29,0,2,39,18,59,0,0,0,59
05/18/2014,MEI,MS,ASO,CE,Federal Contract Tower,0,6,18,64,88,0,4,30,28,62,0,10,48,92,150,22,24,46,196
05/19/2014,MEI,MS,ASO,CE,Federal Contract Tower,0,4,18,46,68,0,2,28,8,38,0,6,46,54,106,34,92,126,232
05/20/2014,MEI,MS,ASO,CE,Federal Contract Tower,0,5,19,107,131,0,0,23,26,49,0,5,42,133,180,8,84,92,272
05/21/2014,MEI,MS,ASO,CE,Federal Contract Tower,0,6,18,115,139,0,4,32,33,69,0,10,50,148,208,8,64,72,280
05/22/2014,MEI,MS,ASO,CE,Federal Contract Tower,0,4,28,98,130,0,2,16,23,41,0,6,44,121,171,6,45,51,222
05/23/2014,MEI,MS,ASO,CE,Federal Contract Tower,0,3,18,15,36,0,1,42,2,45,0,4,60,17,81,40,7,47,128
05/24/2014,MEI,MS,ASO,CE,Federal Contract Tower,0,5,8,2,15,0,5,28,0,33,0,10,36,2,48,0,0,0,48
05/25/2014,MEI,MS,ASO,CE,Federal Contract Tower,0,2,23,6,31,0,3,24,0,27,0,5,47,6,58,0,0,0,58
05/26/2014,MEI,MS,ASO,CE,Federal Contract Tower,0,4,24,6,34,0,5,45,0,50,0,9,69,6,84,34,0,34,118
05/27/2014,MEI,MS,ASO,CE,Federal Contract Tower,0,6,10,67,83,0,2,12,8,22,0,8,22,75,105,0,48,48,153
05/28/2014,MEI,MS,ASO,CE,Federal Contract Tower,0,6,8,12,26,0,0,6,1,7,0,6,14,13,33,0,0,0,33
05/29/2014,MEI,MS,ASO,CE,Federal Contract Tower,0,3,12,93,108,0,0,8,1,9,0,3,20,94,117,0,34,34,151
05/30/2014,MEI,MS,ASO,CE,Federal Contract Tower,0,3,17,25,45,0,0,7,9,16,0,3,24,34,61,14,2,16,77
05/31/2014,MEI,MS,ASO,CE,Federal Contract Tower,0,2,18,9,29,0,1,19,3,23,0,3,37,12,52,0,0,0,52
06/01/2014,MEI,MS,ASO,CE,Federal Contract Tower,0,2,12,14,28,0,3,21,6,30,0,5,33,20,58,68,0,68,126
06/02/2014,MEI,MS,ASO,CE,Federal Contract Tower,0,6,16,71,93,0,0,11,2,13,0,6,27,73,106,0,2,2,108
06/03/2014,MEI,MS,ASO,CE,Federal Contract Tower,0,4,9,57,70,0,2,12,3,17,0,6,21,60,87,2,10,12,99
06/04/2014,MEI,MS,ASO,CE,Federal Contract Tower,0,4,17,66,87,0,3,26,11,40,0,7,43,77,127,12,30,42,169
06/05/2014,MEI,MS,ASO,CE,Federal Contract Tower,0,4,23,90,117,0,10,25,2,37,0,14,48,92,154,34,85,119,273
06/06/2014,MEI,MS,ASO,CE,Federal Contract Tower,0,4,7,36,47,0,5,17,15,37,0,9,24,51,84,14,26,40,124
06/07/2014,MEI,MS,ASO,CE,Federal Contract Tower,0,2,19,35,56,0,7,38,5,50,0,9,57,40,106,20,28,48,154
06/08/2014,MEI,MS,ASO,CE,Federal Contract Tower,0,4,14,23,41,0,0,21,9,30,0,4,35,32,71,6,2,8,79
06/09/2014,MEI,MS,ASO,CE,Federal Contract Tower,0,7,12,88,107,0,0,5,10,15,0,7,17,98,122,0,128,128,250
06/10/2014,MEI,MS,ASO,CE,Federal Contract Tower,0,2,8,63,73,0,6,2,0,8,0,8,10,63,81,0,18,18,99
06/11/2014,MEI,MS,ASO,CE,Federal Contract Tower,0,7,23,98,128,0,2,11,9,22,0,9,34,107,150,0,114,114,264
06/12/2014,MEI,MS,ASO,CE,Federal Contract Tower,0,4,14,75,93,0,2,23,17,42,0,6,37,92,135,4,152,156,291
06/13/2014,MEI,MS,ASO,CE,Federal Contract Tower,0,4,13,92,109,0,7,30,10,47,0,11,43,102,156,6,22,28,184
06/14/2014,MEI,MS,ASO,CE,Federal Contract Tower,0,3,12,42,57,0,3,39,7,49,0,6,51,49,106,17,25,42,148
06/15/2014,MEI,MS,ASO,CE,Federal Contract Tower,0,3,18,46,67,0,0,27,0,27,0,3,45,46,94,30,0,30,124
06/16/2014,MEI,MS,ASO,CE,Federal Contract Tower,0,1,9,81,91,0,8,13,28,49,0,9,22,109,140,14,46,60,200
06/17/2014,MEI,MS,ASO,CE,Federal Contract Tower,0,5,17,61,83,0,4,21,10,35,0,9,38,71,118,22,98,120,238
06/18/2014,MEI,MS,ASO,CE,Federal Contract Tower,0,6,12,55,73,0,0,18,11,29,0,6,30,66,102,0,12,12,114
06/19/2014,MEI,MS,ASO,CE,Federal Contract Tower,0,5,16,21,42,0,0,14,13,27,0,5,30,34,69,0,36,36,105
06/20/2014,MEI,MS,ASO,CE,Federal Contract Tower,0,5,19,73,97,0,5,41,16,62,0,10,60,89,159,2,92,94,253
06/21/2014,MEI,MS,ASO,CE,Federal Contract Tower,0,3,9,8,20,0,3,23,2,28,0,6,32,10,48,18,0,18,66
06/22/2014,MEI,MS,ASO,CE,Federal Contract Tower,0,2,14,40,56,0,2,14,11,27,0,4,28,51,83,2,8,10,93
06/23/2014,MEI,MS,ASO,CE,Federal Contract Tower,0,3,14,27,44,0,2,20,0,22,0,5,34,27,66,2,62,64,130
06/24/2014,MEI,MS,ASO,CE,Federal Contract Tower,0,4,20,76,100,0,0,9,12,21,0,4,29,88,121,10,66,76,197
06/25/2014,MEI,MS,ASO,CE,Federal Contract Tower,0,4,18,79,101,0,0,22,8,30,0,4,40,87,131,10,84,94,225
06/26/2014,MEI,MS,ASO,CE,Federal Contract Tower,0,5,18,43,66,0,0,27,7,34,0,5,45,50,100,50,38,88,188
06/27/2014,MEI,MS,ASO,CE,Federal Contract Tower,0,4,12,71,87,0,1,24,16,41,0,5,36,87,128,22,90,112,240
06/28/2014,MEI,MS,ASO,CE,Federal Contract Tower,0,2,18,51,71,0,4,28,12,44,0,6,46,63,115,0,32,32,147
06/29/2014,MEI,MS,ASO,CE,Federal Contract Tower,0,3,11,99,113,0,0,22,8,30,0,3,33,107,143,18,26,44,187
06/30/2014,MEI,MS,ASO,CE,Federal Contract Tower,0,5,21,95,121,0,0,23,4,27,0,5,44,99,148,32,28,60,208
07/01/2014,MEI,MS,ASO,CE,Federal Contract Tower,0,4,19,72,95,0,4,12,9,25,0,8,31,81,120,0,50,50,170
07/02/2014,MEI,MS,ASO,CE,Federal Contract Tower,0,4,16,70,90,0,0,15,8,23,0,4,31,78,113,28,68,96,209
07/03/2014,MEI,MS,ASO,CE,Federal Contract Tower,0,6,15,38,59,0,5,33,0,38,0,11,48,38,97,46,49,95,192
07/04/2014,MEI,MS,ASO,CE,Federal Contract Tower,0,4,13,0,17,0,0,21,0,21,0,4,34,0,38,40,0,40,78
07/05/2014,MEI,MS,ASO,CE,Federal Contract Tower,0,2,9,0,11,0,3,29,0,32,0,5,38,0,43,4,0,4,47
07/06/2014,MEI,MS,ASO,CE,Federal Contract Tower,0,2,17,2,21,0,1,40,0,41,0,3,57,2,62,16,0,16,78
07/07/2014,MEI,MS,ASO,CE,Federal Contract Tower,0,7,19,18,44,0,2,30,7,39,0,9,49,25,83,58,14,72,155
07/08/2014,MEI,MS,ASO,CE,Federal Contract Tower,0,5,14,61,80,0,0,19,12,31,0,5,33,73,111,31,96,127,238
07/09/2014,MEI,MS,ASO,CE,Federal Contract Tower,0,8,23,30,61,0,4,13,7,24,0,12,36,37,85,12,14,26,111
07/10/2014,MEI,MS,ASO,CE,Federal Contract Tower,0,6,20,62,88,0,2,22,9,33,0,8,42,71,121,48,48,96,217
07/11/2014,MEI,MS,ASO,CE,Federal Contract Tower,0,4,10,24,38,0,1,20,3,24,0,5,30,27,62,24,96,120,182
07/12/2014,MEI,MS,ASO,CE,Federal Contract Tower,0,4,3,45,52,0,0,29,1,30,0,4,32,46,82,44,22,66,148
07/13/2014,MEI,MS,ASO,CE,Federal Contract Tower,0,2,8,68,78,0,1,29,11,41,0,3,37,79,119,14,20,34,153
07/14/2014,MEI,MS,ASO,CE,Federal Contract Tower,0,3,20,80,103,0,1,10,8,19,0,4,30,88,122,8,82,90,212
07/15/2014,MEI,MS,ASO,CE,Federal Contract Tower,0,5,18,49,72,0,0,8,5,13,0,5,26,54,85,14,13,27,112
07/16/2014,MEI,MS,ASO,CE,Federal Contract Tower,0,4,22,105,131,0,5,19,12,36,0,9,41,117,167,8,104,112,279
07/17/2014,MEI,MS,ASO,CE,Federal Contract Tower,0,7,11,81,99,0,3,19,14,36,0,10,30,95,135,18,74,92,227
07/18/2014,MEI,MS,ASO,CE,Federal Contract Tower,0,4,6,32,42,0,0,2,1,3,0,4,8,33,45,0,0,0,45
07/19/2014,MEI,MS,ASO,CE,Federal Contract Tower,0,2,15,20,37,0,0,9,4,13,0,2,24,24,50,0,8,8,58
07/20/2014,MEI,MS,ASO,CE,Federal Contract Tower,0,2,4,54,60,0,2,19,10,31,0,4,23,64,91,26,0,26,117
07/21/2014,MEI,MS,ASO,CE,Federal Contract Tower,0,4,19,96,119,0,1,32,3,36,0,5,51,99,155,32,52,84,239
07/22/2014,MEI,MS,ASO,CE,Federal Contract Tower,0,5,24,47,76,0,0,4,4,8,0,5,28,51,84,0,44,44,128
07/23/2014,MEI,MS,ASO,CE,Federal Contract Tower,0,7,29,64,100,0,6,29,12,47,0,13,58,76,147,22,118,140,287
07/24/2014,MEI,MS,ASO,CE,Federal Contract Tower,0,6,20,182,208,0,3,27,18,48,0,9,47,200,256,34,120,154,410
07/25/2014,MEI,MS,ASO,CE,Federal Contract Tower,0,7,32,112,151,0,1,23,19,43,0,8,55,131,194,50,20,70,264
07/26/2014,MEI,MS,ASO,CE,Federal Contract Tower,0,3,5,20,28,0,0,18,7,25,0,3,23,27,53,10,2,12,65
07/27/2014,MEI,MS,ASO,CE,Federal Contract Tower,0,2,13,32,47,0,2,23,2,27,0,4,36,34,74,4,7,11,85
07/28/2014,MEI,MS,ASO,CE,Federal Contract Tower,0,6,14,75,95,0,3,13,10,26,0,9,27,85,121,14,26,40,161
07/29/2014,MEI,MS,ASO,CE,Federal Contract Tower,0,4,26,92,122,0,2,13,15,30,0,6,39,107,152,8,42,50,202
07/30/2014,MEI,MS,ASO,CE,Federal Contract Tower,0,4,15,86,105,0,3,18,18,39,0,7,33,104,144,4,106,110,254
07/31/2014,MEI,MS,ASO,CE,Federal Contract Tower,0,4,13,72,89,0,1,18,10,29,0,5,31,82,118,20,92,112,230
08/01/2014,MEI,MS,ASO,CE,Federal Contract Tower,0,4,17,79,100,0,2,7,17,26,0,6,24,96,126,0,170,170,296
08/02/2014,MEI,MS,ASO,CE,Federal Contract Tower,0,2,7,15,24,0,2,13,4,19,0,4,20,19,43,58,8,66,109
08/03/2014,MEI,MS,ASO,CE,Federal Contract Tower,0,2,11,16,29,0,0,21,2,23,0,2,32,18,52,36,2,38,90
08/04/2014,MEI,MS,ASO,CE,Federal Contract Tower,0,4,16,41,61,0,0,23,1,24,0,4,39,42,85,0,6,6,91
08/05/2014,MEI,MS,ASO,CE,Federal Contract Tower,0,4,23,65,92,0,5,21,12,38,0,9,44,77,130,60,58,118,248
08/06/2014,MEI,MS,ASO,CE,Federal Contract Tower,0,5,37,105,147,0,3,20,14,37,0,8,57,119,184,59,92,151,335
08/07/2014,MEI,MS,ASO,CE,Federal Contract Tower,0,3,10,62,75,0,2,12,1,15,0,5,22,63,90,18,34,52,142
08/08/2014,MEI,MS,ASO,CE,Federal Contract Tower,0,2,10,38,50,0,0,19,5,24,0,2,29,43,74,38,10,48,122
08/09/2014,MEI,MS,ASO,CE,Federal Contract Tower,0,2,11,27,40,0,2,26,2,30,0,4,37,29,70,20,8,28,98
08/10/2014,MEI,MS,ASO,CE,Federal Contract Tower,0,2,8,42,52,0,2,19,5,26,0,4,27,47,78,60,12,72,150
08/11/2014,MEI,MS,ASO,CE,Federal Contract Tower,0,5,13,35,53,0,0,12,12,24,0,5,25,47,77,32,48,80,157
08/12/2014,MEI,MS,ASO,CE,Federal Contract Tower,0,4,15,78,97,0,1,9,8,18,0,5,24,86,115,6,30,36,151
08/13/2014,MEI,MS,ASO,CE,Federal Contract Tower,0,5,8,82,95,0,1,18,10,29,0,6,26,92,124,22,46,68,192
08/14/2014,MEI,MS,ASO,CE,Federal Contract Tower,0,4,20,82,106,0,0,24,7,31,0,4,44,89,137,18,18,36,173
08/15/2014,MEI,MS,ASO,CE,Federal Contract Tower,0,4,17,96,117,0,3,20,6,29,0,7,37,102,146,8,40,48,194
08/16/2014,MEI,MS,ASO,CE,Federal Contract Tower,0,2,11,8,21,0,4,24,0,28,0,6,35,8,49,32,4,36,85
08/17/2014,MEI,MS,ASO,CE,Federal Contract Tower,0,2,16,70,88,0,4,15,9,28,0,6,31,79,116,0,48,48,164
08/18/2014,MEI,MS,ASO,CE,Federal Contract Tower,0,8,11,28,47,0,2,4,0,6,0,10,15,28,53,0,40,40,93
08/19/2014,MEI,MS,ASO,CE,Federal Contract Tower,0,4,15,40,59,0,0,17,3,20,0,4,32,43,79,0,44,44,123
08/20/2014,MEI,MS,ASO,CE,Federal Contract Tower,0,3,17,71,91,0,1,17,9,27,0,4,34,80,118,26,68,94,212
08/21/2014,MEI,MS,ASO,CE,Federal Contract Tower,0,3,25,77,105,0,0,25,6,31,0,3,50,83,136,24,34,58,194
08/22/2014,MEI,MS,ASO,CE,Federal Contract Tower,0,4,20,56,80,0,0,19,13,32,0,4,39,69,112,26,34,60,172
08/23/2014,MEI,MS,ASO,CE,Federal Contract Tower,0,2,6,30,38,0,12,32,1,45,0,14,38,31,83,26,0,26,109
08/24/2014,MEI,MS,ASO,CE,Federal Contract Tower,0,3,6,73,82,0,3,21,23,47,0,6,27,96,129,50,56,106,235
08/25/2014,MEI,MS,ASO,CE,Federal Contract Tower,0,4,15,110,129,0,2,4,7,13,0,6,19,117,142,2,0,2,144
08/26/2014,MEI,MS,ASO,CE,Federal Contract Tower,0,2,13,142,157,0,0,24,26,50,0,2,37,168,207,16,38,54,261
08/27/2014,MEI,MS,ASO,CE,Federal Contract Tower,0,3,18,58,79,0,0,13,12,25,0,3,31,70,104,10,8,18,122
08/28/2014,MEI,MS,ASO,CE,Federal Contract Tower,0,5,14,85,104,0,2,26,11,39,0,7,40,96,143,20,52,72,215
08/29/2014,MEI,MS,ASO,CE,Federal Contract Tower,0,8,15,40,63,0,1,31,2,34,0,9,46,42,97,8,52,60,157
08/30/2014,MEI,MS,ASO,CE,Federal Contract Tower,0,1,10,0,11,0,1,9,6,16,0,2,19,6,27,0,0,0,27
08/31/2014,MEI,MS,ASO,CE,Federal Contract Tower,0,4,11,17,32,0,4,16,0,20,0,8,27,17,52,8,0,8,60
09/01/2014,MEI,MS,ASO,CE,Federal Contract Tower,0,6,16,0,22,0,0,21,0,21,0,6,37,0,43,68,0,68,111
09/02/2014,MEI,MS,ASO,CE,Federal Contract Tower,0,5,13,52,70,0,1,2,20,23,0,6,15,72,93,14,56,70,163
09/03/2014,MEI,MS,ASO,CE,Federal Contract Tower,0,4,14,99,117,0,10,15,10,35,0,14,29,109,152,56,82,138,290
09/04/2014,MEI,MS,ASO,CE,Federal Contract Tower,0,5,13,81,99,0,2,7,3,12,0,7,20,84,111,4,8,12,123
09/05/2014,MEI,MS,ASO,CE,Federal Contract Tower,0,5,10,43,58,0,1,10,53,64,0,6,20,96,122,16,99,115,237
09/06/2014,MEI,MS,ASO,CE,Federal Contract Tower,0,2,1,42,45,0,2,33,6,41,0,4,34,48,86,48,32,80,166
09/07/2014,MEI,MS,ASO,CE,Federal Contract Tower,0,2,14,76,92,0,1,13,2,16,0,3,27,78,108,18,24,42,150
09/08/2014,MEI,MS,ASO,CE,Federal Contract Tower,0,4,14,76,94,0,0,15,4,19,0,4,29,80,113,0,0,0,113
09/09/2014,MEI,MS,ASO,CE,Federal Contract Tower,0,4,18,89,111,0,0,12,9,21,0,4,30,98,132,0,46,46,178
09/10/2014,MEI,MS,ASO,CE,Federal Contract Tower,0,4,21,79,104,0,3,4,10,17,0,7,25,89,121,2,6,8,129
09/11/2014,MEI,MS,ASO,CE,Federal Contract Tower,0,4,16,98,118,0,3,13,13,29,0,7,29,111,147,0,46,46,193
09/12/2014,MEI,MS,ASO,CE,Federal Contract Tower,0,4,25,92,121,0,1,13,13,27,0,5,38,105,148,12,74,86,234
09/13/2014,MEI,MS,ASO,CE,Federal Contract Tower,0,3,11,6,20,0,0,0,0,0,0,3,11,6,20,0,0,0,20
09/14/2014,MEI,MS,ASO,CE,Federal Contract Tower,0,2,14,19,35,0,3,30,5,38,0,5,44,24,73,34,0,34,107
09/15/2014,MEI,MS,ASO,CE,Federal Contract Tower,0,4,11,59,74,0,1,17,12,30,0,5,28,71,104,16,58,74,178
09/16/2014,MEI,MS,ASO,CE,Federal Contract Tower,0,4,14,57,75,0,0,20,6,26,0,4,34,63,101,12,38,50,151
09/17/2014,MEI,MS,ASO,CE,Federal Contract Tower,0,4,19,85,108,0,5,13,12,30,0,9,32,97,138,14,50,64,202
09/18/2014,MEI,MS,ASO,CE,Federal Contract Tower,0,5,13,62,80,0,6,18,7,31,0,11,31,69,111,60,112,172,283
09/19/2014,MEI,MS,ASO,CE,Federal Contract Tower,0,6,17,78,101,0,1,23,8,32,0,7,40,86,133,38,114,152,285
09/20/2014,MEI,MS,ASO,CE,Federal Contract Tower,0,2,8,18,28,0,5,29,0,34,0,7,37,18,62,72,0,72,134
09/21/2014,MEI,MS,ASO,CE,Federal Contract Tower,0,2,7,33,42,0,3,16,5,24,0,5,23,38,66,0,8,8,74
09/22/2014,MEI,MS,ASO,CE,Federal Contract Tower,0,4,9,93,106,0,0,27,3,30,0,4,36,96,136,28,88,116,252
09/23/2014,MEI,MS,ASO,CE,Federal Contract Tower,0,4,4,64,72,0,4,15,18,37,0,8,19,82,109,30,78,108,217
09/24/2014,MEI,MS,ASO,CE,Federal Contract Tower,0,4,18,110,132,0,2,15,11,28,0,6,33,121,160,44,114,158,318
09/25/2014,MEI,MS,ASO,CE,Federal Contract Tower,0,4,15,66,85,0,4,35,13,52,0,8,50,79,137,72,24,96,233
09/26/2014,MEI,MS,ASO,CE,Federal Contract Tower,0,5,14,62,81,0,9,34,23,66,0,14,48,85,147,52,172,224,371
09/27/2014,MEI,MS,ASO,CE,Federal Contract Tower,0,3,14,9,26,0,4,18,8,30,0,7,32,17,56,66,20,86,142
09/28/2014,MEI,MS,ASO,CE,Federal Contract Tower,0,1,24,16,41,0,3,15,4,22,0,4,39,20,63,2,0,2,65
09/29/2014,MEI,MS,ASO,CE,Federal Contract Tower,0,6,17,42,65,0,0,13,2,15,0,6,30,44,80,46,6,52,132
09/30/2014,MEI,MS,ASO,CE,Federal Contract Tower,0,7,16,22,45,0,4,30,5,39,0,11,46,27,84,44,8,52,136
10/01/2014,MEI,MS,ASO,CE,Federal Contract Tower,0,4,13,110,127,0,2,11,4,17,0,6,24,114,144,0,96,96,240
10/02/2014,MEI,MS,ASO,CE,Federal Contract Tower,0,6,22,30,58,0,0,10,3,13,0,6,32,33,71,0,0,0,71
10/03/2014,MEI,MS,ASO,CE,Federal Contract Tower,0,5,19,66,90,0,3,14,10,27,0,8,33,76,117,16,52,68,185
10/04/2014,MEI,MS,ASO,CE,Federal Contract Tower,0,1,13,19,33,0,3,23,5,31,0,4,36,24,64,12,34,46,110
10/05/2014,MEI,MS,ASO,CE,Federal Contract Tower,0,3,17,88,108,0,3,26,10,39,0,6,43,98,147,2,4,6,153
10/06/2014,MEI,MS,ASO,CE,Federal Contract Tower,0,7,24,87,118,0,1,6,5,12,0,8,30,92,130,0,156,156,286
10/07/2014,MEI,MS,ASO,CE,Federal Contract Tower,0,5,13,79,97,0,3,16,9,28,0,8,29,88,125,4,48,52,177
10/08/2014,MEI,MS,ASO,CE,Federal Contract Tower,0,3,16,90,109,0,3,7,10,20,0,6,23,100,129,8,22,30,159
10/09/2014,MEI,MS,ASO,CE,Federal Contract Tower,0,5,21,66,92,0,7,22,7,36,0,12,43,73,128,58,92,150,278
10/10/2014,MEI,MS,ASO,CE,Federal Contract Tower,0,6,29,21,56,0,2,8,13,23,0,8,37,34,79,14,36,50,129
10/11/2014,MEI,MS,ASO,CE,Federal Contract Tower,0,2,9,14,25,0,5,31,0,36,0,7,40,14,61,50,14,64,125
10/12/2014,MEI,MS,ASO,CE,Federal Contract Tower,0,2,17,24,43,0,7,31,1,39,0,9,48,25,82,0,0,0,82
10/13/2014,MEI,MS,ASO,CE,Federal Contract Tower,0,4,13,1,18,0,2,2,0,4,0,6,15,1,22,0,0,0,22
10/14/2014,MEI,MS,ASO,CE,Federal Contract Tower,0,4,18,106,128,0,2,9,28,39,0,6,27,134,167,2,84,86,253
10/15/2014,MEI,MS,ASO,CE,Federal Contract Tower,0,6,27,81,114,0,4,19,29,52,0,10,46,110,166,10,116,126,292
10/16/2014,MEI,MS,ASO,CE,Federal Contract Tower,0,4,12,65,81,0,5,28,14,47,0,9,40,79,128,54,112,166,294
10/17/2014,MEI,MS,ASO,CE,Federal Contract Tower,0,3,22,48,73,0,6,22,28,56,0,9,44,76,129,38,96,134,263
10/18/2014,MEI,MS,ASO,CE,Federal Contract Tower,0,3,7,4,14,0,2,40,4,46,0,5,47,8,60,18,0,18,78
10/19/2014,MEI,MS,ASO,CE,Federal Contract Tower,0,3,13,27,43,0,4,46,4,54,0,7,59,31,97,24,2,26,123
10/20/2014,MEI,MS,ASO,CE,Federal Contract Tower,0,6,27,64,97,0,4,37,5,46,0,10,64,69,143,26,20,46,189
10/21/2014,MEI,MS,ASO,CE,Federal Contract Tower,0,4,16,37,57,0,2,36,14,52,0,6,52,51,109,4,28,32,141
10/22/2014,MEI,MS,ASO,CE,Federal Contract Tower,0,4,17,25,46,0,2,16,11,29,0,6,33,36,75,12,44,56,131
10/23/2014,MEI,MS,ASO,CE,Federal Contract Tower,0,4,14,45,63,0,5,12,8,25,0,9,26,53,88,0,54,54,142
10/24/2014,MEI,MS,ASO,CE,Federal Contract Tower,0,5,15,39,59,0,3,25,22,50,0,8,40,61,109,0,92,92,201
10/25/2014,MEI,MS,ASO,CE,Federal Contract Tower,0,2,4,3,9,0,2,38,1,41,0,4,42,4,50,26,0,26,76
10/26/2014,MEI,MS,ASO,CE,Federal Contract Tower,0,5,13,28,46,0,0,24,7,31,0,5,37,35,77,36,0,36,113
10/27/2014,MEI,MS,ASO,CE,Federal Contract Tower,0,5,21,61,87,0,4,23,8,35,0,9,44,69,122,20,20,40,162
10/28/2014,MEI,MS,ASO,CE,Federal Contract Tower,0,4,19,39,62,0,2,4,7,13,0,6,23,46,75,2,18,20,95
10/29/2014,MEI,MS,ASO,CE,Federal Contract Tower,0,5,18,44,67,0,5,1,2,8,0,10,19,46,75,0,10,10,85
10/30/2014,MEI,MS,ASO,CE,Federal Contract Tower,0,3,16,37,56,0,0,21,5,26,0,3,37,42,82,14,26,40,122
10/31/2014,MEI,MS,ASO,CE,Federal Contract Tower,0,4,9,36,49,0,2,21,9,32,0,6,30,45,81,4,11,15,96
11/01/2014,MEI,MS,ASO,CE,Federal Contract Tower,0,2,8,18,28,0,7,13,0,20,0,9,21,18,48,0,6,6,54
11/02/2014,MEI,MS,ASO,CE,Federal Contract Tower,0,2,20,36,58,0,0,21,4,25,0,2,41,40,83,10,20,30,113
11/03/2014,MEI,MS,ASO,CE,Federal Contract Tower,0,4,19,24,47,0,2,13,7,22,0,6,32,31,69,10,90,100,169
11/04/2014,MEI,MS,ASO,CE,Federal Contract Tower,0,4,11,59,74,0,2,3,17,22,0,6,14,76,96,0,68,68,164
11/05/2014,MEI,MS,ASO,CE,Federal Contract Tower,0,3,17,56,76,0,1,14,6,21,0,4,31,62,97,22,74,96,193
11/06/2014,MEI,MS,ASO,CE,Federal Contract Tower,0,4,16,44,64,0,1,8,18,27,0,5,24,62,91,3,36,39,130
11/07/2014,MEI,MS,ASO,CE,Federal Contract Tower,0,7,16,60,83,0,4,29,14,47,0,11,45,74,130,48,36,84,214
11/08/2014,MEI,MS,ASO,CE,Federal Contract Tower,0,4,9,22,35,0,1,18,1,20,0,5,27,23,55,12,24,36,91
11/09/2014,MEI,MS,ASO,CE,Federal Contract Tower,0,7,24,25,56,0,1,41,5,47,0,8,65,30,103,16,8,24,127
11/10/2014,MEI,MS,ASO,CE,Federal Contract Tower,0,8,30,22,60,0,2,19,16,37,0,10,49,38,97,34,73,107,204
11/11/2014,MEI,MS,ASO,CE,Federal Contract Tower,0,7,19,0,26,0,4,29,0,33,0,11,48,0,59,30,0,30,89
11/12/2014,MEI,MS,ASO,CE,Federal Contract Tower,0,8,37,51,96,0,2,0,2,4,0,10,37,53,100,2,1,3,103
11/13/2014,MEI,MS,ASO,CE,Federal Contract Tower,0,7,18,66,91,0,3,17,11,31,0,10,35,77,122,4,106,110,232
11/14/2014,MEI,MS,ASO,CE,Federal Contract Tower,0,7,18,50,75,0,4,22,11,37,0,11,40,61,112,0,48,48,160
11/15/2014,MEI,MS,ASO,CE,Federal Contract Tower,0,4,9,16,29,0,4,17,2,23,0,8,26,18,52,8,16,24,76
11/16/2014,MEI,MS,ASO,CE,Federal Contract Tower,0,2,9,11,22,0,0,2,0,2,0,2,11,11,24,0,0,0,24
11/17/2014,MEI,MS,ASO,CE,Federal Contract Tower,0,2,14,36,52,0,0,6,2,8,0,2,20,38,60,0,0,0,60
11/18/2014,MEI,MS,ASO,CE,Federal Contract Tower,0,9,7,42,58,0,5,28,11,44,0,14,35,53,102,0,81,81,183
11/19/2014,MEI,MS,ASO,CE,Federal Contract Tower,0,6,15,59,80,0,7,21,13,41,0,13,36,72,121,10,58,68,189
11/20/2014,MEI,MS,ASO,CE,Federal Contract Tower,0,8,17,44,69,0,1,13,20,34,0,9,30,64,103,4,41,45,148
11/21/2014,MEI,MS,ASO,CE,Federal Contract Tower,0,6,15,69,90,0,3,26,16,45,0,9,41,85,135,18,104,122,257
11/22/2014,MEI,MS,ASO,CE,Federal Contract Tower,0,6,15,11,32,0,0,16,11,27,0,6,31,22,59,18,8,26,85
11/23/2014,MEI,MS,ASO,CE,Federal Contract Tower,0,4,8,16,28,0,4,2,0,6,0,8,10,16,34,0,2,2,36
11/24/2014,MEI,MS,ASO,CE,Federal Contract Tower,0,6,17,25,48,0,0,15,21,36,0,6,32,46,84,4,36,40,124
11/25/2014,MEI,MS,ASO,CE,Federal Contract Tower,0,8,11,100,119,0,1,14,19,34,0,9,25,119,153,0,78,78,231
11/26/2014,MEI,MS,ASO,CE,Federal Contract Tower,0,7,19,24,50,0,5,26,0,31,0,12,45,24,81,10,4,14,95
11/27/2014,MEI,MS,ASO,CE,Federal Contract Tower,0,4,1,0,5,0,4,9,0,13,0,8,10,0,18,0,0,0,18
11/28/2014,MEI,MS,ASO,CE,Federal Contract Tower,0,6,5,0,11,0,5,12,0,17,0,11,17,0,28,22,0,22,50
11/29/2014,MEI,MS,ASO,CE,Federal Contract Tower,0,4,18,0,22,0,0,13,0,13,0,4,31,0,35,18,0,18,53
11/30/2014,MEI,MS,ASO,CE,Federal Contract Tower,0,4,23,0,27,0,2,33,0,35,0,6,56,0,62,14,0,14,76
12/01/2014,MEI,MS,ASO,CE,Federal Contract Tower,0,7,11,58,76,0,2,12,5,19,0,9,23,63,95,16,126,142,237
12/02/2014,MEI,MS,ASO,CE,Federal Contract Tower,0,6,15,113,134,0,0,13,10,23,0,6,28,123,157,10,82,92,249
12/03/2014,MEI,MS,ASO,CE,Federal Contract Tower,0,6,28,84,118,0,12,9,8,29,0,18,37,92,147,22,90,112,259
12/04/2014,MEI,MS,ASO,CE,Federal Contract Tower,0,6,16,58,80,0,4,8,18,30,0,10,24,76,110,28,42,70,180
12/05/2014,MEI,MS,ASO,CE,Federal Contract Tower,0,4,21,132,157,0,2,14,3,19,0,6,35,135,176,6,14,20,196
12/06/2014,MEI,MS,ASO,CE,Federal Contract Tower,0,5,8,7,20,0,5,19,6,30,0,10,27,13,50,10,0,10,60
12/07/2014,MEI,MS,ASO,CE,Federal Contract Tower,0,2,16,24,42,0,0,29,6,35,0,2,45,30,77,34,4,38,115
12/08/2014,MEI,MS,ASO,CE,Federal Contract Tower,0,8,14,108,130,0,2,22,10,34,0,10,36,118,164,26,84,110,274
12/09/2014,MEI,MS,ASO,CE,Federal Contract Tower,0,10,24,146,180,0,0,9,23,32,0,10,33,169,212,18,76,94,306
12/10/2014,MEI,MS,ASO,CE,Federal Contract Tower,0,6,18,135,159,0,4,21,13,38,0,10,39,148,197,47,52,99,296
12/11/2014,MEI,MS,ASO,CE,Federal Contract Tower,0,6,13,98,117,0,0,25,11,36,0,6,38,109,153,18,76,94,247
12/12/2014,MEI,MS,ASO,CE,Federal Contract Tower,0,10,10,86,106,0,8,28,11,47,0,18,38,97,153,0,74,74,227
12/13/2014,MEI,MS,ASO,CE,Federal Contract Tower,0,4,8,24,36,0,1,27,0,28,0,5,35,24,64,32,0,32,96
12/14/2014,MEI,MS,ASO,CE,Federal Contract Tower,0,6,22,26,54,0,6,28,0,34,0,12,50,26,88,50,48,98,186
12/15/2014,MEI,MS,ASO,CE,Federal Contract Tower,0,6,16,69,91,0,0,6,10,16,0,6,22,79,107,18,64,82,189
12/16/2014,MEI,MS,ASO,CE,Federal Contract Tower,0,6,8,60,74,0,0,18,10,28,0,6,26,70,102,12,72,84,186
12/17/2014,MEI,MS,ASO,CE,Federal Contract Tower,0,7,17,105,129,0,2,22,15,39,0,9,39,120,168,0,80,80,248
12/18/2014,MEI,MS,ASO,CE,Federal Contract Tower,0,6,26,115,147,0,8,13,5,26,0,14,39,120,173,24,48,72,245
12/19/2014,MEI,MS,ASO,CE,Federal Contract Tower,0,6,17,60,83,0,4,3,7,14,0,10,20,67,97,4,0,4,101
12/20/2014,MEI,MS,ASO,CE,Federal Contract Tower,0,4,20,16,40,0,0,15,0,15,0,4,35,16,55,22,0,22,77
12/21/2014,MEI,MS,ASO,CE,Federal Contract Tower,0,4,36,24,64,0,0,6,0,6,0,4,42,24,70,0,0,0,70
12/22/2014,MEI,MS,ASO,CE,Federal Contract Tower,0,6,11,1,18,0,0,0,0,0,0,6,11,1,18,0,0,0,18
12/23/2014,MEI,MS,ASO,CE,Federal Contract Tower,0,6,11,0,17,0,0,0,0,0,0,6,11,0,17,0,0,0,17
12/24/2014,MEI,MS,ASO,CE,Federal Contract Tower,0,6,18,8,32,0,0,6,0,6,0,6,24,8,38,14,14,28,66
12/25/2014,MEI,MS,ASO,CE,Federal Contract Tower,0,6,14,0,20,0,2,13,0,15,0,8,27,0,35,2,0,2,37
12/26/2014,MEI,MS,ASO,CE,Federal Contract Tower,0,6,16,0,22,0,2,30,0,32,0,8,46,0,54,24,0,24,78
12/27/2014,MEI,MS,ASO,CE,Federal Contract Tower,0,5,9,0,14,0,0,3,0,3,0,5,12,0,17,10,0,10,27
12/28/2014,MEI,MS,ASO,CE,Federal Contract Tower,0,5,13,1,19,0,0,0,0,0,0,5,13,1,19,0,0,0,19
12/29/2014,MEI,MS,ASO,CE,Federal Contract Tower,0,7,11,18,36,0,0,0,0,0,0,7,11,18,36,0,0,0,36
12/30/2014,MEI,MS,ASO,CE,Federal Contract Tower,0,5,24,68,97,0,4,19,5,28,0,9,43,73,125,35,0,35,160
12/31/2014,MEI,MS,ASO,CE,Federal Contract Tower,0,6,9,30,45,0,5,34,3,42,0,11,43,33,87,2,12,14,101
01/01/2015,MEI,MS,ASO,CE,Federal Contract Tower,0,6,9,2,17,0,2,19,0,21,0,8,28,2,38,0,0,0,38
01/02/2015,MEI,MS,ASO,CE,Federal Contract Tower,0,4,4,0,8,0,0,0,0,0,0,4,4,0,8,0,0,0,8
01/03/2015,MEI,MS,ASO,CE,Federal Contract Tower,0,2,4,0,6,0,4,3,0,7,0,6,7,0,13,0,0,0,13
01/04/2015,MEI,MS,ASO,CE,Federal Contract Tower,0,4,16,1,21,0,6,9,0,15,0,10,25,1,36,0,0,0,36
01/05/2015,MEI,MS,ASO,CE,Federal Contract Tower,0,7,21,52,80,0,6,19,8,33,0,13,40,60,113,26,16,42,155
01/06/2015,MEI,MS,ASO,CE,Federal Contract Tower,0,6,20,51,77,0,4,36,44,84,0,10,56,95,161,22,105,127,288
01/07/2015,MEI,MS,ASO,CE,Federal Contract Tower,0,6,9,66,81,0,6,3,12,21,0,12,12,78,102,6,38,44,146
01/08/2015,MEI,MS,ASO,CE,Federal Contract Tower,0,6,15,48,69,0,1,3,8,12,0,7,18,56,81,0,54,54,135
01/09/2015,MEI,MS,ASO,CE,Federal Contract Tower,0,6,10,67,83,0,3,21,16,40,0,9,31,83,123,12,58,70,193
01/10/2015,MEI,MS,ASO,CE,Federal Contract Tower,0,3,8,31,42,0,5,33,7,45,0,8,41,38,87,16,52,68,155
01/11/2015,MEI,MS,ASO,CE,Federal Contract Tower,0,4,4,0,8,0,5,9,73,87,0,9,13,73,95,4,10,14,109
01/12/2015,MEI,MS,ASO,CE,Federal Contract Tower,0,6,11,13,30,0,0,1,0,1,0,6,12,13,31,0,0,0,31
01/13/2015,MEI,MS,ASO,CE,Federal Contract Tower,0,7,21,77,105,0,0,0,0,0,0,7,21,77,105,0,0,0,105
01/14/2015,MEI,MS,ASO,CE,Federal Contract Tower,0,10,26,122,158,0,0,4,1,5,0,10,30,123,163,0,12,12,175
01/15/2015,MEI,MS,ASO,CE,Federal Contract Tower,0,7,13,97,117,0,0,2,7,9,0,7,15,104,126,0,21,21,147
01/16/2015,MEI,MS,ASO,CE,Federal Contract Tower,0,9,25,133,167,0,0,24,25,49,0,9,49,158,216,0,120,120,336
01/17/2015,MEI,MS,ASO,CE,Federal Contract Tower,0,4,14,6,24,0,2,38,0,40,0,6,52,6,64,40,2,42,106
01/18/2015,MEI,MS,ASO,CE,Federal Contract Tower,0,4,17,30,51,0,5,31,0,36,0,9,48,30,87,48,0,48,135
01/19/2015,MEI,MS,ASO,CE,Federal Contract Tower,0,8,6,25,39,0,4,35,0,39,0,12,41,25,78,24,6,30,108
01/20/2015,MEI,MS,ASO,CE,Federal Contract Tower,0,6,17,87,110,0,2,20,26,48,0,8,37,113,158,26,120,146,304
01/21/2015,MEI,MS,ASO,CE,Federal Contract Tower,0,6,10,84,100,0,3,16,13,32,0,9,26,97,132,16,54,70,202
01/22/2015,MEI,MS,ASO,CE,Federal Contract Tower,0,8,16,79,103,0,2,4,6,12,0,10,20,85,115,0,76,76,191
01/23/2015,MEI,MS,ASO,CE,Federal Contract Tower,0,6,21,45,72,0,0,0,0,0,0,6,21,45,72,0,0,0,72
01/24/2015,MEI,MS,ASO,CE,Federal Contract Tower,0,2,5,14,21,0,7,35,13,55,0,9,40,27,76,14,0,14,90
01/25/2015,MEI,MS,ASO,CE,Federal Contract Tower,0,6,17,31,54,0,3,10,5,18,0,9,27,36,72,20,8,28,100
01/26/2015,MEI,MS,ASO,CE,Federal Contract Tower,0,6,19,62,87,0,0,6,13,19,0,6,25,75,106,10,62,72,178
01/27/2015,MEI,MS,ASO,CE,Federal Contract Tower,0,6,24,40,70,0,0,14,10,24,0,6,38,50,94,0,50,50,144
01/28/2015,MEI,MS,ASO,CE,Federal Contract Tower,0,7,11,35,53,0,1,24,6,31,0,8,35,41,84,12,32,44,128
01/29/2015,MEI,MS,ASO,CE,Federal Contract Tower,0,8,17,26,51,0,1,32,8,41,0,9,49,34,92,76,74,150,242
01/30/2015,MEI,MS,ASO,CE,Federal Contract Tower,0,8,32,31,71,0,6,30,14,50,0,14,62,45,121,36,52,88,209
01/31/2015,MEI,MS,ASO,CE,Federal Contract Tower,0,8,12,4,24,0,0,39,0,39,0,8,51,4,63,52,6,58,121
02/01/2015,MEI,MS,ASO,CE,Federal Contract Tower,0,4,13,12,29,0,0,11,0,11,0,4,24,12,40,16,1,17,57
02/02/2015,MEI,MS,ASO,CE,Federal Contract Tower,0,6,10,52,68,0,2,8,5,15,0,8,18,57,83,16,62,78,161
02/03/2015,MEI,MS,ASO,CE,Federal Contract Tower,0,8,16,90,114,0,7,13,11,31,0,15,29,101,145,0,58,58,203
02/04/2015,MEI,MS,ASO,CE,Federal Contract Tower,0,6,8,70,84,0,3,7,3,13,0,9,15,73,97,8,62,70,167
02/05/2015,MEI,MS,ASO,CE,Federal Contract Tower,0,6,7,77,90,0,4,9,4,17,0,10,16,81,107,6,70,76,183
02/06/2015,MEI,MS,ASO,CE,Federal Contract Tower,0,6,13,54,73,0,1,30,7,38,0,7,43,61,111,36,30,66,177
02/07/2015,MEI,MS,ASO,CE,Federal Contract Tower,0,4,11,31,46,0,3,39,3,45,0,7,50,34,91,16,0,16,107
02/08/2015,MEI,MS,ASO,CE,Federal Contract Tower,0,4,16,21,41,0,2,10,0,12,0,6,26,21,53,8,8,16,69
02/09/2015,MEI,MS,ASO,CE,Federal Contract Tower,0,7,7,51,65,0,4,23,7,34,0,11,30,58,99,10,70,80,179
02/10/2015,MEI,MS,ASO,CE,Federal Contract Tower,0,10,22,41,73,0,1,19,15,35,0,11,41,56,108,0,76,76,184
02/11/2015,MEI,MS,ASO,CE,Federal Contract Tower,0,6,12,55,73,0,2,21,12,35,0,8,33,67,108,0,144,144,252
02/12/2015,MEI,MS,ASO,CE,Federal Contract Tower,0,6,12,42,60,0,0,17,4,21,0,6,29,46,81,0,100,100,181
02/13/2015,MEI,MS,ASO,CE,Federal Contract Tower,0,8,14,24,46,0,5,29,3,37,0,13,43,27,83,34,66,100,183
02/14/2015,MEI,MS,ASO,CE,Federal Contract Tower,0,4,4,0,8,0,3,17,0,20,0,7,21,0,28,10,0,10,38
02/15/2015,MEI,MS,ASO,CE,Federal Contract Tower,0,4,10,6,20,0,5,21,0,26,0,9,31,6,46,22,0,22,68
02/16/2015,MEI,MS,ASO,CE,Federal Contract Tower,0,4,14,0,18,0,0,2,0,2,0,4,16,0,20,0,0,0,20
02/17/2015,MEI,MS,ASO,CE,Federal Contract Tower,0,4,14,109,127,0,4,15,17,36,0,8,29,126,163,10,70,80,243
02/18/2015,MEI,MS,ASO,CE,Federal Contract Tower,0,5,16,92,113,0,4,11,11,26,0,9,27,103,139,0,106,106,245
02/19/2015,MEI,MS,ASO,CE,Federal Contract Tower,0,6,15,85,106,0,2,23,11,36,0,8,38,96,142,14,86,100,242
02/20/2015,MEI,MS,ASO,CE,Federal Contract Tower,0,6,10,39,55,0,4,16,9,29,0,10,26,48,84,0,20,20,104
02/21/2015,MEI,MS,ASO,CE,Federal Contract Tower,0,4,7,14,25,0,0,1,6,7,0,4,8,20,32,0,18,18,50
02/22/2015,MEI,MS,ASO,CE,Federal Contract Tower,0,4,3,26,33,0,0,0,0,0,0,4,3,26,33,0,0,0,33
02/23/2015,MEI,MS,ASO,CE,Federal Contract Tower,0,6,17,7,30,0,2,0,0,2,0,8,17,7,32,0,0,0,32
02/24/2015,MEI,MS,ASO,CE,Federal Contract Tower,0,5,7,47,59,0,0,4,1,5,0,5,11,48,64,0,18,18,82
02/25/2015,MEI,MS,ASO,CE,Federal Contract Tower,0,6,2,0,8,0,0,0,0,0,0,6,2,0,8,0,0,0,8
02/26/2015,MEI,MS,ASO,CE,Federal Contract Tower,0,6,16,51,73,0,1,13,7,21,0,7,29,58,94,34,40,74,168
02/27/2015,MEI,MS,ASO,CE,Federal Contract Tower,0,4,11,70,85,0,2,24,10,36,0,6,35,80,121,2,22,24,145
02/28/2015,MEI,MS,ASO,CE,Federal Contract Tower,0,2,1,20,23,0,4,54,1,59,0,6,55,21,82,24,0,24,106
03/01/2015,MEI,MS,ASO,CE,Federal Contract Tower,0,4,8,2,14,0,1,0,0,1,0,5,8,2,15,0,0,0,15
03/02/2015,MEI,MS,ASO,CE,Federal Contract Tower,0,3,13,36,52,0,0,0,0,0,0,3,13,36,52,0,0,0,52
03/03/2015,MEI,MS,ASO,CE,Federal Contract Tower,0,6,9,35,50,0,2,0,8,10,0,8,9,43,60,0,68,68,128
03/04/2015,MEI,MS,ASO,CE,Federal Contract Tower,0,8,22,57,87,0,3,12,5,20,0,11,34,62,107,0,84,84,191
03/05/2015,MEI,MS,ASO,CE,Federal Contract Tower,0,0,6,0,6,0,0,0,0,0,0,0,6,0,6,0,0,0,6
03/06/2015,MEI,MS,ASO,CE,Federal Contract Tower,2,6,25,96,129,0,6,30,6,42,2,12,55,102,171,22,104,126,297
03/07/2015,MEI,MS,ASO,CE,Federal Contract Tower,0,4,13,37,54,0,7,46,9,62,0,11,59,46,116,22,50,72,188
03/08/2015,MEI,MS,ASO,CE,Federal Contract Tower,0,4,18,51,73,0,2,32,3,37,0,6,50,54,110,48,34,82,192
03/09/2015,MEI,MS,ASO,CE,Federal Contract Tower,0,6,6,57,69,0,0,3,9,12,0,6,9,66,81,0,8,8,89
03/10/2015,MEI,MS,ASO,CE,Federal Contract Tower,0,6,14,29,49,0,0,0,1,1,0,6,14,30,50,0,1,1,51
03/11/2015,MEI,MS,ASO,CE,Federal Contract Tower,0,6,14,91,111,0,2,8,4,14,0,8,22,95,125,0,104,104,229
03/12/2015,MEI,MS,ASO,CE,Federal Contract Tower,0,6,4,76,86,0,0,3,0,3,0,6,7,76,89,30,46,76,165
03/13/2015,MEI,MS,ASO,CE,Federal Contract Tower,0,9,14,32,55,0,0,0,0,0,0,9,14,32,55,0,0,0,55
03/14/2015,MEI,MS,ASO,CE,Federal Contract Tower,0,4,28,12,44,0,1,3,0,4,0,5,31,12,48,0,0,0,48
03/15/2015,MEI,MS,ASO,CE,Federal Contract Tower,0,6,17,27,50,0,0,36,7,43,0,6,53,34,93,88,20,108,201
03/16/2015,MEI,MS,ASO,CE,Federal Contract Tower,0,6,17,71,94,0,1,25,13,39,0,7,42,84,133,26,68,94,227
03/17/2015,MEI,MS,ASO,CE,Federal Contract Tower,0,6,18,96,120,0,14,14,26,54,0,20,32,122,174,0,58,58,232
03/18/2015,MEI,MS,ASO,CE,Federal Contract Tower,0,7,31,54,92,0,5,13,11,29,0,12,44,65,121,0,146,146,267
03/19/2015,MEI,MS,ASO,CE,Federal Contract Tower,0,7,17,135,159,0,1,12,6,19,0,8,29,141,178,52,77,129,307
03/20/2015,MEI,MS,ASO,CE,Federal Contract Tower,0,7,20,89,116,0,1,11,7,19,0,8,31,96,135,10,176,186,321
03/21/2015,MEI,MS,ASO,CE,Federal Contract Tower,0,6,5,36,47,0,0,2,0,2,0,6,7,36,49,0,0,0,49
03/22/2015,MEI,MS,ASO,CE,Federal Contract Tower,0,4,29,55,88,0,0,0,0,0,0,4,29,55,88,0,0,0,88
03/23/2015,MEI,MS,ASO,CE,Federal Contract Tower,0,6,22,34,62,0,0,9,2,11,0,6,31,36,73,0,14,14,87
03/24/2015,MEI,MS,ASO,CE,Federal Contract Tower,0,6,18,61,85,0,3,20,3,26,0,9,38,64,111,15,12,27,138
03/25/2015,MEI,MS,ASO,CE,Federal Contract Tower,0,6,21,74,101,0,1,13,7,21,0,7,34,81,122,30,90,120,242
03/26/2015,MEI,MS,ASO,CE,Federal Contract Tower,0,6,12,56,74,0,3,3,5,11,0,9,15,61,85,0,36,36,121
03/27/2015,MEI,MS,ASO,CE,Federal Contract Tower,0,6,17,135,158,0,5,25,25,55,0,11,42,160,213,6,134,140,353
03/28/2015,MEI,MS,ASO,CE,Federal Contract Tower,0,10,35,12,57,0,3,15,2,20,0,13,50,14,77,60,26,86,163
03/29/2015,MEI,MS,ASO,CE,Federal Contract Tower,0,4,8,29,41,0,1,18,4,23,0,5,26,33,64,36,16,52,116
03/30/2015,MEI,MS,ASO,CE,Federal Contract Tower,0,6,22,55,83,0,1,15,5,21,0,7,37,60,104,2,0,2,106
03/31/2015,MEI,MS,ASO,CE,Federal Contract Tower,0,6,16,52,74,0,1,2,17,20,0,7,18,69,94,12,96,108,202
04/01/2015,MEI,MS,ASO,CE,Federal Contract Tower,0,6,19,68,93,0,3,18,5,26,0,9,37,73,119,10,98,108,227
04/02/2015,MEI,MS,ASO,CE,Federal Contract Tower,0,6,16,41,63,0,3,21,9,33,0,9,37,50,96,6,66,72,168
04/03/2015,MEI,MS,ASO,CE,Federal Contract Tower,0,6,14,36,56,0,0,15,1,16,0,6,29,37,72,34,84,118,190
04/04/2015,MEI,MS,ASO,CE,Federal Contract Tower,0,6,16,11,33,0,6,23,0,29,0,12,39,11,62,14,14,28,90
04/05/2015,MEI,MS,ASO,CE,Federal Contract Tower,0,4,14,32,50,0,1,22,0,23,0,5,36,32,73,20,0,20,93
04/06/2015,MEI,MS,ASO,CE,Federal Contract Tower,0,9,13,52,74,0,0,3,1,4,0,9,16,53,78,0,0,0,78
04/07/2015,MEI,MS,ASO,CE,Federal Contract Tower,0,6,21,94,121,0,1,14,4,19,0,7,35,98,140,14,96,110,250
04/08/2015,MEI,MS,ASO,CE,Federal Contract Tower,0,6,25,50,81,0,0,9,4,13,0,6,34,54,94,12,44,56,150
04/09/2015,MEI,MS,ASO,CE,Federal Contract Tower,0,8,15,63,86,0,1,10,2,13,0,9,25,65,99,0,58,58,157
04/10/2015,MEI,MS,ASO,CE,Federal Contract Tower,0,7,13,29,49,0,6,3,7,16,0,13,16,36,65,0,38,38,103
04/11/2015,MEI,MS,ASO,CE,Federal Contract Tower,0,4,10,21,35,0,6,39,6,51,0,10,49,27,86,10,8,18,104
04/12/2015,MEI,MS,ASO,CE,Federal Contract Tower,0,4,14,18,36,0,1,6,2,9,0,5,20,20,45,0,0,0,45
04/13/2015,MEI,MS,ASO,CE,Federal Contract Tower,0,7,11,24,42,0,0,2,0,2,0,7,13,24,44,0,0,0,44
04/14/2015,MEI,MS,ASO,CE,Federal Contract Tower,0,7,14,23,44,0,6,3,0,9,0,13,17,23,53,29,6,35,88
04/15/2015,MEI,MS,ASO,CE,Federal Contract Tower,0,6,16,99,121,0,7,9,22,38,0,13,25,121,159,10,182,192,351
04/16/2015,MEI,MS,ASO,CE,Federal Contract Tower,0,8,19,25,52,0,2,8,3,13,0,10,27,28,65,10,94,104,169
04/17/2015,MEI,MS,ASO,CE,Federal Contract Tower,0,6,19,47,72,0,2,7,5,14,0,8,26,52,86,0,27,27,113
04/18/2015,MEI,MS,ASO,CE,Federal Contract Tower,0,5,11,13,29,0,1,2,0,3,0,6,13,13,32,0,0,0,32
04/19/2015,MEI,MS,ASO,CE,Federal Contract Tower,0,5,14,56,75,0,6,18,3,27,0,11,32,59,102,8,44,52,154
04/20/2015,MEI,MS,ASO,CE,Federal Contract Tower,0,6,16,96,118,0,3,28,5,36,0,9,44,101,154,36,86,122,276
04/21/2015,MEI,MS,ASO,CE,Federal Contract Tower,0,7,20,83,110,0,5,48,15,68,0,12,68,98,178,36,94,130,308
04/22/2015,MEI,MS,ASO,CE,Federal Contract Tower,0,7,18,145,170,0,1,13,20,34,0,8,31,165,204,12,166,178,382
04/23/2015,MEI,MS,ASO,CE,Federal Contract Tower,0,6,32,53,91,0,1,26,11,38,0,7,58,64,129,52,98,150,279
04/24/2015,MEI,MS,ASO,CE,Federal Contract Tower,0,6,17,71,94,0,2,25,3,30,0,8,42,74,124,34,146,180,304
04/25/2015,MEI,MS,ASO,CE,Federal Contract Tower,0,4,12,20,36,0,1,5,0,6,0,5,17,20,42,0,20,20,62
04/26/2015,MEI,MS,ASO,CE,Federal Contract Tower,0,4,37,28,69,0,2,49,2,53,0,6,86,30,122,26,2,28,150
04/27/2015,MEI,MS,ASO,CE,Federal Contract Tower,0,4,25,47,76,0,9,9,7,25,0,13,34,54,101,0,24,24,125
04/28/2015,MEI,MS,ASO,CE,Federal Contract Tower,0,6,16,82,104,0,2,9,9,20,0,8,25,91,124,10,66,76,200
04/29/2015,MEI,MS,ASO,CE,Federal Contract Tower,0,6,9,92,107,0,1,14,13,28,0,7,23,105,135,10,112,122,257
04/30/2015,MEI,MS,ASO,CE,Federal Contract Tower,0,7,16,101,124,0,5,24,12,41,0,12,40,113,165,4,178,182,347
05/01/2015,MEI,MS,ASO,CE,Federal Contract Tower,0,10,8,73,91,0,2,44,5,51,0,12,52,78,142,40,134,174,316
05/02/2015,MEI,MS,ASO,CE,Federal Contract Tower,0,4,7,9,20,0,2,46,14,62,0,6,53,23,82,28,0,28,110
05/03/2015,MEI,MS,ASO,CE,Federal Contract Tower,0,4,19,58,81,0,1,45,10,56,0,5,64,68,137,18,12,30,167
05/04/2015,MEI,MS,ASO,CE,Federal Contract Tower,0,6,10,128,144,0,3,21,10,34,0,9,31,138,178,10,94,104,282
05/05/2015,MEI,MS,ASO,CE,Federal Contract Tower,0,6,21,72,99,0,5,25,7,37,0,11,46,79,136,4,84,88,224
05/06/2015,MEI,MS,ASO,CE,Federal Contract Tower,0,5,13,98,116,0,2,25,3,30,0,7,38,101,146,14,154,168,314
05/07/2015,MEI,MS,ASO,CE,Federal Contract Tower,0,4,15,82,101,0,1,18,9,28,0,5,33,91,129,110,96,206,335
05/08/2015,MEI,MS,ASO,CE,Federal Contract Tower,0,6,22,83,111,0,3,31,13,47,0,9,53,96,158,14,174,188,346
05/09/2015,MEI,MS,ASO,CE,Federal Contract Tower,0,4,21,54,79,0,6,38,6,50,0,10,59,60,129,54,24,78,207
05/10/2015,MEI,MS,ASO,CE,Federal Contract Tower,0,2,21,31,54,0,0,30,2,32,0,2,51,33,86,14,22,36,122
05/11/2015,MEI,MS,ASO,CE,Federal Contract Tower,0,6,20,39,65,0,5,5,8,18,0,11,25,47,83,0,22,22,105
05/12/2015,MEI,MS,ASO,CE,Federal Contract Tower,0,6,14,66,86,0,4,15,7,26,0,10,29,73,112,0,54,54,166
05/13/2015,MEI,MS,ASO,CE,Federal Contract Tower,0,6,21,71,98,0,9,19,13,41,0,15,40,84,139,6,140,146,285
05/14/2015,MEI,MS,ASO,CE,Federal Contract Tower,0,8,18,84,110,0,2,14,10,26,0,10,32,94,136,22,90,112,248
05/15/2015,MEI,MS,ASO,CE,Federal Contract Tower,0,6,23,64,93,0,2,13,14,29,0,8,36,78,122,14,136,150,272
05/16/2015,MEI,MS,ASO,CE,Federal Contract Tower,0,3,9,24,36,0,8,7,1,16,0,11,16,25,52,6,22,28,80
05/17/2015,MEI,MS,ASO,CE,Federal Contract Tower,0,8,14,73,95,0,8,21,6,35,0,16,35,79,130,36,2,38,168
05/18/2015,MEI,MS,ASO,CE,Federal Contract Tower,0,7,7,24,38,0,2,1,0,3,0,9,8,24,41,0,0,0,41
05/19/2015,MEI,MS,ASO,CE,Federal Contract Tower,0,6,19,41,66,0,0,31,4,35,0,6,50,45,101,20,82,102,203
05/20/2015,MEI,MS,ASO,CE,Federal Contract Tower,0,6,30,49,85,0,6,12,10,28,0,12,42,59,113,8,126,134,247
05/21/2015,MEI,MS,ASO,CE,Federal Contract Tower,0,6,21,70,97,0,1,9,1,11,0,7,30,71,108,6,96,102,210
05/22/2015,MEI,MS,ASO,CE,Federal Contract Tower,0,6,19,24,49,0,4,32,11,47,0,10,51,35,96,36,60,96,192
05/23/2015,MEI,MS,ASO,CE,Federal Contract Tower,0,4,19,23,46,0,6,36,3,45,0,10,55,26,91,54,18,72,163
05/24/2015,MEI,MS,ASO,CE,Federal Contract Tower,0,3,4,1,8,0,0,17,0,17,0,3,21,1,25,0,0,0,25
05/25/2015,MEI,MS,ASO,CE,Federal Contract Tower,0,6,17,1,24,0,0,12,2,14,0,6,29,3,38,0,0,0,38
05/26/2015,MEI,MS,ASO,CE,Federal Contract Tower,0,4,14,42,60,0,1,1,4,6,0,5,15,46,66,6,150,156,222
05/27/2015,MEI,MS,ASO,CE,Federal Contract Tower,0,6,22,60,88,0,0,6,7,13,0,6,28,67,101,0,12,12,113
05/28/2015,MEI,MS,ASO,CE,Federal Contract Tower,0,6,18,75,99,0,0,17,7,24,0,6,35,82,123,6,147,153,276
05/29/2015,MEI,MS,ASO,CE,Federal Contract Tower,0,6,19,50,75,0,2,13,7,22,0,8,32,57,97,6,78,84,181
05/30/2015,MEI,MS,ASO,CE,Federal Contract Tower,0,2,9,25,36,0,5,18,4,27,0,7,27,29,63,34,34,68,131
05/31/2015,MEI,MS,ASO,CE,Federal Contract Tower,0,4,17,12,33,0,0,12,1,13,0,4,29,13,46,10,2,12,58
06/01/2015,MEI,MS,ASO,CE,Federal Contract Tower,0,6,19,56,81,0,5,16,0,21,0,11,35,56,102,1,82,83,185
06/02/2015,MEI,MS,ASO,CE,Federal Contract Tower,0,6,5,95,106,0,2,13,7,22,0,8,18,102,128,12,54,66,194
06/03/2015,MEI,MS,ASO,CE,Federal Contract Tower,0,6,17,49,72,0,2,13,9,24,0,8,30,58,96,4,120,124,220
06/04/2015,MEI,MS,ASO,CE,Federal Contract Tower,0,6,15,75,96,0,4,23,16,43,0,10,38,91,139,28,38,66,205
06/05/2015,MEI,MS,ASO,CE,Federal Contract Tower,0,7,19,67,93,0,2,13,20,35,0,9,32,87,128,2,78,80,208
06/06/2015,MEI,MS,ASO,CE,Federal Contract Tower,0,4,8,33,45,0,2,24,2,28,0,6,32,35,73,26,4,30,103
06/07/2015,MEI,MS,ASO,CE,Federal Contract Tower,0,7,15,33,55,0,7,27,9,43,0,14,42,42,98,24,4,28,126
06/08/2015,MEI,MS,ASO,CE,Federal Contract Tower,0,7,26,54,87,0,0,12,4,16,0,7,38,58,103,16,48,64,167
06/09/2015,MEI,MS,ASO,CE,Federal Contract Tower,0,4,14,75,93,0,2,15,2,19,0,6,29,77,112,18,118,136,248
06/10/2015,MEI,MS,ASO,CE,Federal Contract Tower,0,7,19,27,53,0,2,7,0,9,0,9,26,27,62,16,0,16,78
06/11/2015,MEI,MS,ASO,CE,Federal Contract Tower,0,11,13,46,70,0,7,20,4,31,0,18,33,50,101,2,58,60,161
06/12/2015,MEI,MS,ASO,CE,Federal Contract Tower,0,6,24,23,53,0,0,21,6,27,0,6,45,29,80,4,4,8,88
06/13/2015,MEI,MS,ASO,CE,Federal Contract Tower,0,4,7,11,22,0,0,18,0,18,0,4,25,11,40,4,4,8,48
06/14/2015,MEI,MS,ASO,CE,Federal Contract Tower,0,4,5,23,32,0,1,24,8,33,0,5,29,31,65,22,0,22,87
06/15/2015,MEI,MS,ASO,CE,Federal Contract Tower,0,6,17,68,91,0,5,19,20,44,0,11,36,88,135,48,54,102,237
06/16/2015,MEI,MS,ASO,CE,Federal Contract Tower,0,6,7,86,99,0,4,21,9,34,0,10,28,95,133,18,52,70,203
06/17/2015,MEI,MS,ASO,CE,Federal Contract Tower,0,6,19,96,121,0,1,15,3,19,0,7,34,99,140,28,153,181,321
06/18/2015,MEI,MS,ASO,CE,Federal Contract Tower,0,6,20,61,87,0,9,9,3,21,0,15,29,64,108,24,54,78,186
06/19/2015,MEI,MS,ASO,CE,Federal Contract Tower,0,6,19,33,58,0,0,21,0,21,0,6,40,33,79,8,40,48,127
06/20/2015,MEI,MS,ASO,CE,Federal Contract Tower,0,4,20,60,84,0,6,21,0,27,0,10,41,60,111,48,44,92,203
06/21/2015,MEI,MS,ASO,CE,Federal Contract Tower,0,4,12,21,37,0,0,19,13,32,0,4,31,34,69,8,6,14,83
06/22/2015,MEI,MS,ASO,CE,Federal Contract Tower,0,9,11,60,80,0,0,26,12,38,0,9,37,72,118,38,46,84,202
06/23/2015,MEI,MS,ASO,CE,Federal Contract Tower,0,6,20,120,146,0,2,28,23,53,0,8,48,143,199,28,130,158,357
06/24/2015,MEI,MS,ASO,CE,Federal Contract Tower,0,6,20,34,60,0,1,28,3,32,0,7,48,37,92,0,36,36,128
06/25/2015,MEI,MS,ASO,CE,Federal Contract Tower,0,7,28,92,127,0,0,20,14,34,0,7,48,106,161,4,98,102,263
06/26/2015,MEI,MS,ASO,CE,Federal Contract Tower,0,4,11,88,103,0,6,17,11,34,0,10,28,99,137,14,28,42,179
06/27/2015,MEI,MS,ASO,CE,Federal Contract Tower,0,4,12,26,42,0,3,9,1,13,0,7,21,27,55,2,31,33,88
06/28/2015,MEI,MS,ASO,CE,Federal Contract Tower,0,4,19,71,94,0,3,30,8,41,0,7,49,79,135,12,70,82,217
06/29/2015,MEI,MS,ASO,CE,Federal Contract Tower,0,6,14,60,80,0,2,38,13,53,0,8,52,73,133,26,28,54,187
07/01/2015,MEI,MS,ASO,CE,Federal Contract Tower,0,6,12,100,118,0,2,39,13,54,0,8,51,113,172,2,102,104,276
07/02/2015,MEI,MS,ASO,CE,Federal Contract Tower,0,6,13,14,33,0,4,33,2,39,0,10,46,16,72,14,12,26,98
07/03/2015,MEI,MS,ASO,CE,Federal Contract Tower,0,6,12,1,19,0,2,21,1,24,0,8,33,2,43,46,0,46,89
07/04/2015,MEI,MS,ASO,CE,Federal Contract Tower,0,4,2,0,6,0,0,25,0,25,0,4,27,0,31,14,0,14,45
07/05/2015,MEI,MS,ASO,CE,Federal Contract Tower,0,4,6,0,10,0,1,5,0,6,0,5,11,0,16,4,0,4,20
07/06/2015,MEI,MS,ASO,CE,Federal Contract Tower,0,6,23,38,67,0,3,11,0,14,0,9,34,38,81,8,44,52,133
07/07/2015,MEI,MS,ASO,CE,Federal Contract Tower,0,6,17,65,88,0,2,11,11,24,0,8,28,76,112,2,8,10,122
07/08/2015,MEI,MS,ASO,CE,Federal Contract Tower,0,8,15,79,102,0,7,15,18,40,0,15,30,97,142,0,94,94,236
07/09/2015,MEI,MS,ASO,CE,Federal Contract Tower,0,8,21,82,111,0,0,37,12,49,0,8,58,94,160,68,54,122,282
07/10/2015,MEI,MS,ASO,CE,Federal Contract Tower,0,6,13,83,102,0,1,19,8,28,0,7,32,91,130,0,44,44,174
07/11/2015,MEI,MS,ASO,CE,Federal Contract Tower,0,4,9,49,62,0,2,30,0,32,0,6,39,49,94,10,6,16,110
07/12/2015,MEI,MS,ASO,CE,Federal Contract Tower,0,4,14,86,104,0,3,21,8,32,0,7,35,94,136,30,12,42,178
07/13/2015,MEI,MS,ASO,CE,Federal Contract Tower,0,6,21,86,113,0,0,12,3,15,0,6,33,89,128,0,2,2,130
07/14/2015,MEI,MS,ASO,CE,Federal Contract Tower,0,6,19,64,89,0,3,22,6,31,0,9,41,70,120,6,32,38,158
07/15/2015,MEI,MS,ASO,CE,Federal Contract Tower,0,6,20,20,46,0,1,14,27,42,0,7,34,47,88,6,46,52,140
07/16/2015,MEI,MS,ASO,CE,Federal Contract Tower,0,4,10,28,42,0,2,12,21,35,0,6,22,49,77,0,24,24,101
07/17/2015,MEI,MS,ASO,CE,Federal Contract Tower,0,7,23,66,96,0,4,25,13,42,0,11,48,79,138,0,18,18,156
07/18/2015,MEI,MS,ASO,CE,Federal Contract Tower,0,4,12,25,41,0,1,45,7,53,0,5,57,32,94,36,12,48,142
07/19/2015,MEI,MS,ASO,CE,Federal Contract Tower,0,4,10,38,52,0,0,16,7,23,0,4,26,45,75,28,28,56,131
07/20/2015,MEI,MS,ASO,CE,Federal Contract Tower,0,6,14,68,88,0,1,24,3,28,0,7,38,71,116,18,2,20,136
07/21/2015,MEI,MS,ASO,CE,Federal Contract Tower,0,5,15,47,67,0,5,15,12,32,0,10,30,59,99,12,28,40,139
07/22/2015,MEI,MS,ASO,CE,Federal Contract Tower,0,6,20,34,60,0,1,4,3,8,0,7,24,37,68,0,68,68,136
07/23/2015,MEI,MS,ASO,CE,Federal Contract Tower,0,6,14,31,51,0,2,15,11,28,0,8,29,42,79,20,54,74,153
07/24/2015,MEI,MS,ASO,CE,Federal Contract Tower,0,6,11,50,67,0,2,21,21,44,0,8,32,71,111,6,6,12,123
07/25/2015,MEI,MS,ASO,CE,Federal Contract Tower,0,4,5,35,44,0,2,27,2,31,0,6,32,37,75,34,20,54,129
07/26/2015,MEI,MS,ASO,CE,Federal Contract Tower,0,4,15,39,58,0,3,32,2,37,0,7,47,41,95,6,12,18,113
07/27/2015,MEI,MS,ASO,CE,Federal Contract Tower,0,6,10,45,61,0,2,11,6,19,0,8,21,51,80,24,58,82,162
07/28/2015,MEI,MS,ASO,CE,Federal Contract Tower,0,6,12,85,103,0,0,14,11,25,0,6,26,96,128,4,68,72,200
07/29/2015,MEI,MS,ASO,CE,Federal Contract Tower,0,6,18,51,75,0,4,4,12,20,0,10,22,63,95,0,68,68,163
07/30/2015,MEI,MS,ASO,CE,Federal Contract Tower,0,6,25,66,97,0,0,6,9,15,0,6,31,75,112,10,54,64,176
07/31/2015,MEI,MS,ASO,CE,Federal Contract Tower,0,6,10,60,76,0,2,26,15,43,0,8,36,75,119,8,64,72,191
08/01/2015,MEI,MS,ASO,CE,Federal Contract Tower,0,4,14,27,45,0,1,37,0,38,0,5,51,27,83,12,16,28,111
08/02/2015,MEI,MS,ASO,CE,Federal Contract Tower,0,4,9,38,51,0,1,17,6,24,0,5,26,44,75,4,4,8,83
08/03/2015,MEI,MS,ASO,CE,Federal Contract Tower,0,6,13,105,124,0,5,14,8,27,0,11,27,113,151,4,100,104,255
08/04/2015,MEI,MS,ASO,CE,Federal Contract Tower,0,6,21,50,77,0,2,17,10,29,0,8,38,60,106,24,40,64,170
08/05/2015,MEI,MS,ASO,CE,Federal Contract Tower,0,7,16,102,125,0,7,17,11,35,0,14,33,113,160,30,20,50,210
08/06/2015,MEI,MS,ASO,CE,Federal Contract Tower,0,6,26,51,83,0,5,17,5,27,0,11,43,56,110,6,27,33,143
08/07/2015,MEI,MS,ASO,CE,Federal Contract Tower,0,8,12,41,61,0,0,21,4,25,0,8,33,45,86,0,0,0,86
08/08/2015,MEI,MS,ASO,CE,Federal Contract Tower,0,4,12,11,27,0,3,38,0,41,0,7,50,11,68,42,2,44,112
08/09/2015,MEI,MS,ASO,CE,Federal Contract Tower,0,4,10,30,44,0,0,19,4,23,0,4,29,34,67,20,16,36,103
08/10/2015,MEI,MS,ASO,CE,Federal Contract Tower,0,6,13,42,61,0,1,16,4,21,0,7,29,46,82,38,52,90,172
08/11/2015,MEI,MS,ASO,CE,Federal Contract Tower,0,6,11,26,43,0,3,14,5,22,0,9,25,31,65,12,24,36,101
08/12/2015,MEI,MS,ASO,CE,Federal Contract Tower,0,7,20,93,120,0,5,19,15,39,0,12,39,108,159,32,110,142,301
08/13/2015,MEI,MS,ASO,CE,Federal Contract Tower,0,6,23,58,87,0,4,19,2,25,0,10,42,60,112,50,58,108,220
08/14/2015,MEI,MS,ASO,CE,Federal Contract Tower,0,7,14,58,79,0,4,35,9,48,0,11,49,67,127,8,20,28,155
08/15/2015,MEI,MS,ASO,CE,Federal Contract Tower,0,4,8,6,18,0,1,26,0,27,0,5,34,6,45,64,0,64,109
08/16/2015,MEI,MS,ASO,CE,Federal Contract Tower,0,4,13,12,29,0,1,24,6,31,0,5,37,18,60,10,4,14,74
08/17/2015,MEI,MS,ASO,CE,Federal Contract Tower,0,8,27,17,52,0,4,5,0,9,0,12,32,17,61,6,0,6,67
08/18/2015,MEI,MS,ASO,CE,Federal Contract Tower,0,8,26,60,94,0,0,8,5,13,0,8,34,65,107,8,50,58,165
08/19/2015,MEI,MS,ASO,CE,Federal Contract Tower,0,8,15,132,155,0,2,10,5,17,0,10,25,137,172,0,40,40,212
08/20/2015,MEI,MS,ASO,CE,Federal Contract Tower,0,6,15,41,62,0,0,10,14,24,0,6,25,55,86,19,25,44,130
08/21/2015,MEI,MS,ASO,CE,Federal Contract Tower,0,6,17,76,99,0,0,18,17,35,0,6,35,93,134,0,90,90,224
08/22/2015,MEI,MS,ASO,CE,Federal Contract Tower,0,5,10,109,124,0,2,39,1,42,0,7,49,110,166,12,32,44,210
08/23/2015,MEI,MS,ASO,CE,Federal Contract Tower,0,4,6,116,126,0,3,22,8,33,0,7,28,124,159,10,30,40,199
08/24/2015,MEI,MS,ASO,CE,Federal Contract Tower,0,6,18,49,73,0,1,18,9,28,0,7,36,58,101,28,59,87,188
08/25/2015,MEI,MS,ASO,CE,Federal Contract Tower,0,6,8,74,88,0,2,30,15,47,0,8,38,89,135,20,98,118,253
08/26/2015,MEI,MS,ASO,CE,Federal Contract Tower,0,6,17,94,117,0,3,18,13,34,0,9,35,107,151,28,56,84,235
08/27/2015,MEI,MS,ASO,CE,Federal Contract Tower,0,8,29,71,108,0,1,23,3,27,0,9,52,74,135,36,96,132,267
08/28/2015,MEI,MS,ASO,CE,Federal Contract Tower,0,6,20,113,139,0,1,34,13,48,0,7,54,126,187,28,80,108,295
08/29/2015,MEI,MS,ASO,CE,Federal Contract Tower,0,4,13,19,36,0,1,33,2,36,0,5,46,21,72,16,12,28,100
08/30/2015,MEI,MS,ASO,CE,Federal Contract Tower,0,4,8,48,60,0,6,23,3,32,0,10,31,51,92,12,6,18,110
08/31/2015,MEI,MS,ASO,CE,Federal Contract Tower,0,6,16,53,75,0,4,26,6,36,0,10,42,59,111,28,76,104,215
09/01/2015,MEI,MS,ASO,CE,Federal Contract Tower,0,8,21,75,104,0,7,4,6,17,0,15,25,81,121,10,66,76,197
09/02/2015,MEI,MS,ASO,CE,Federal Contract Tower,0,6,4,67,77,0,3,3,14,20,0,9,7,81,97,14,26,40,137
09/03/2015,MEI,MS,ASO,CE,Federal Contract Tower,0,6,17,60,83,0,1,18,11,30,0,7,35,71,113,10,94,104,217
09/04/2015,MEI,MS,ASO,CE,Federal Contract Tower,0,6,22,48,76,0,2,25,5,32,0,8,47,53,108,10,54,64,172
09/05/2015,MEI,MS,ASO,CE,Federal Contract Tower,0,4,15,14,33,0,6,31,0,37,0,10,46,14,70,10,0,10,80
09/06/2015,MEI,MS,ASO,CE,Federal Contract Tower,0,5,6,17,28,0,3,11,2,16,0,8,17,19,44,18,2,20,64
09/07/2015,MEI,MS,ASO,CE,Federal Contract Tower,0,6,14,5,25,0,1,29,0,30,0,7,43,5,55,4,0,4,59
09/08/2015,MEI,MS,ASO,CE,Federal Contract Tower,0,7,12,100,119,0,1,16,7,24,0,8,28,107,143,0,110,110,253
09/09/2015,MEI,MS,ASO,CE,Federal Contract Tower,0,6,15,83,104,0,1,16,18,35,0,7,31,101,139,0,12,12,151
09/10/2015,MEI,MS,ASO,CE,Federal Contract Tower,0,6,32,52,90,0,5,18,8,31,0,11,50,60,121,8,92,100,221
09/11/2015,MEI,MS,ASO,CE,Federal Contract Tower,0,6,28,86,120,0,2,20,8,30,0,8,48,94,150,32,96,128,278
09/12/2015,MEI,MS,ASO,CE,Federal Contract Tower,0,4,19,27,50,0,1,22,1,24,0,5,41,28,74,34,12,46,120
09/13/2015,MEI,MS,ASO,CE,Federal Contract Tower,0,4,13,78,95,0,0,28,2,30,0,4,41,80,125,18,16,34,159
09/14/2015,MEI,MS,ASO,CE,Federal Contract Tower,0,6,7,62,75,0,2,18,32,52,0,8,25,94,127,0,72,72,199
09/15/2015,MEI,MS,ASO,CE,Federal Contract Tower,0,6,17,94,117,0,0,5,15,20,0,6,22,109,137,0,129,129,266
09/16/2015,MEI,MS,ASO,CE,Federal Contract Tower,0,6,15,77,98,0,6,18,15,39,0,12,33,92,137,6,98,104,241
09/17/2015,MEI,MS,ASO,CE,Federal Contract Tower,0,7,21,43,71,0,2,15,13,30,0,9,36,56,101,12,26,38,139
09/18/2015,MEI,MS,ASO,CE,Federal Contract Tower,0,6,9,62,77,0,2,30,8,40,0,8,39,70,117,34,102,136,253
09/19/2015,MEI,MS,ASO,CE,Federal Contract Tower,0,4,5,16,25,0,4,21,0,25,0,8,26,16,50,18,6,24,74
09/20/2015,MEI,MS,ASO,CE,Federal Contract Tower,0,5,10,28,43,0,2,22,0,24,0,7,32,28,67,10,22,32,99
09/21/2015,MEI,MS,ASO,CE,Federal Contract Tower,0,7,19,35,61,0,0,11,2,13,0,7,30,37,74,0,22,22,96
09/22/2015,MEI,MS,ASO,CE,Federal Contract Tower,0,6,17,50,73,0,3,23,3,29,0,9,40,53,102,6,75,81,183
09/23/2015,MEI,MS,ASO,CE,Federal Contract Tower,0,7,21,43,71,0,0,18,0,18,0,7,39,43,89,0,80,80,169
09/24/2015,MEI,MS,ASO,CE,Federal Contract Tower,0,6,27,77,110,0,0,41,2,43,0,6,68,79,153,28,108,136,289
09/25/2015,MEI,MS,ASO,CE,Federal Contract Tower,0,6,20,70,96,0,5,26,8,39,0,11,46,78,135,22,156,178,313
09/26/2015,MEI,MS,ASO,CE,Federal Contract Tower,0,4,10,29,43,0,2,36,4,42,0,6,46,33,85,10,6,16,101
09/27/2015,MEI,MS,ASO,CE,Federal Contract Tower,0,4,19,44,67,0,0,2,0,2,0,4,21,44,69,0,0,0,69
09/28/2015,MEI,MS,ASO,CE,Federal Contract Tower,0,6,19,76,101,0,0,5,0,5,0,6,24,76,106,8,0,8,114
09/29/2015,MEI,MS,ASO,CE,Federal Contract Tower,0,6,13,64,83,0,0,15,2,17,0,6,28,66,100,7,2,9,109
09/30/2015,MEI,MS,ASO,CE,Federal Contract Tower,0,6,11,82,99,0,0,15,3,18,0,6,26,85,117,8,22,30,147
10/01/2015,MEI,MS,ASO,CE,Federal Contract Tower,0,6,16,79,101,0,0,14,1,15,0,6,30,80,116,0,46,46,162
10/02/2015,MEI,MS,ASO,CE,Federal Contract Tower,0,7,20,116,143,0,3,10,4,17,0,10,30,120,160,83,64,147,307
10/03/2015,MEI,MS,ASO,CE,Federal Contract Tower,0,6,17,11,34,0,5,23,6,34,0,11,40,17,68,14,6,20,88
10/04/2015,MEI,MS,ASO,CE,Federal Contract Tower,0,4,20,48,72,0,4,9,0,13,0,8,29,48,85,0,23,23,108
10/05/2015,MEI,MS,ASO,CE,Federal Contract Tower,0,6,22,40,68,0,3,24,3,30,0,9,46,43,98,0,18,18,116
10/06/2015,MEI,MS,ASO,CE,Federal Contract Tower,0,6,8,39,53,0,0,14,8,22,0,6,22,47,75,30,47,77,152
10/07/2015,MEI,MS,ASO,CE,Federal Contract Tower,0,6,13,100,119,0,6,34,6,46,0,12,47,106,165,30,52,82,247
10/08/2015,MEI,MS,ASO,CE,Federal Contract Tower,0,8,20,81,109,0,0,11,18,29,0,8,31,99,138,38,56,94,232
10/09/2015,MEI,MS,ASO,CE,Federal Contract Tower,0,6,20,25,51,0,7,16,0,23,0,13,36,25,74,0,22,22,96
10/10/2015,MEI,MS,ASO,CE,Federal Contract Tower,0,4,16,0,20,0,1,10,0,11,0,5,26,0,31,6,0,6,37
10/11/2015,MEI,MS,ASO,CE,Federal Contract Tower,0,4,19,22,45,0,4,23,1,28,0,8,42,23,73,24,2,26,99
10/12/2015,MEI,MS,ASO,CE,Federal Contract Tower,0,6,18,2,26,0,2,38,0,40,0,8,56,2,66,36,22,58,124
10/13/2015,MEI,MS,ASO,CE,Federal Contract Tower,0,6,15,75,96,0,0,17,13,30,0,6,32,88,126,14,36,50,176
10/14/2015,MEI,MS,ASO,CE,Federal Contract Tower,0,8,23,118,149,0,1,29,10,40,0,9,52,128,189,30,50,80,269
10/15/2015,MEI,MS,ASO,CE,Federal Contract Tower,0,6,20,103,129,0,0,24,20,44,0,6,44,123,173,0,86,86,259
10/16/2015,MEI,MS,ASO,CE,Federal Contract Tower,0,6,26,71,103,0,3,27,16,46,0,9,53,87,149,0,8,8,157
10/17/2015,MEI,MS,ASO,CE,Federal Contract Tower,0,6,13,41,60,0,4,29,2,35,0,10,42,43,95,14,8,22,117
10/18/2015,MEI,MS,ASO,CE,Federal Contract Tower,0,4,4,68,76,0,0,52,4,56,0,4,56,72,132,16,0,16,148
10/19/2015,MEI,MS,ASO,CE,Federal Contract Tower,0,6,15,83,104,0,3,26,6,35,0,9,41,89,139,22,60,82,221
10/20/2015,MEI,MS,ASO,CE,Federal Contract Tower,0,6,22,79,107,0,2,12,14,28,0,8,34,93,135,4,24,28,163
10/21/2015,MEI,MS,ASO,CE,Federal Contract Tower,0,6,25,113,144,0,2,23,11,36,0,8,48,124,180,18,50,68,248
10/22/2015,MEI,MS,ASO,CE,Federal Contract Tower,0,6,33,121,160,0,6,28,22,56,0,12,61,143,216,4,30,34,250
10/23/2015,MEI,MS,ASO,CE,Federal Contract Tower,0,4,19,96,119,0,2,25,8,35,0,6,44,104,154,28,90,118,272
10/24/2015,MEI,MS,ASO,CE,Federal Contract Tower,0,7,9,75,91,0,4,30,1,35,0,11,39,76,126,16,20,36,162
10/25/2015,MEI,MS,ASO,CE,Federal Contract Tower,0,4,18,57,79,0,0,5,0,5,0,4,23,57,84,10,18,28,112
10/26/2015,MEI,MS,ASO,CE,Federal Contract Tower,0,6,6,0,12,0,0,0,0,0,0,6,6,0,12,0,0,0,12
10/27/2015,MEI,MS,ASO,CE,Federal Contract Tower,0,6,12,39,57,0,0,0,0,0,0,6,12,39,57,0,0,0,57
10/28/2015,MEI,MS,ASO,CE,Federal Contract Tower,0,6,15,108,129,0,3,12,3,18,0,9,27,111,147,0,112,112,259
10/29/2015,MEI,MS,ASO,CE,Federal Contract Tower,0,6,35,91,132,0,6,20,11,37,0,12,55,102,169,8,56,64,233
10/30/2015,MEI,MS,ASO,CE,Federal Contract Tower,0,6,29,76,111,0,8,39,7,54,0,14,68,83,165,44,32,76,241
10/31/2015,MEI,MS,ASO,CE,Federal Contract Tower,0,4,8,3,15,0,1,1,0,2,0,5,9,3,17,0,0,0,17
11/01/2015,MEI,MS,ASO,CE,Federal Contract Tower,0,5,14,11,30,0,0,1,0,1,0,5,15,11,31,0,0,0,31
11/02/2015,MEI,MS,ASO,CE,Federal Contract Tower,0,6,17,46,69,0,0,1,0,1,0,6,18,46,70,0,0,0,70
11/03/2015,MEI,MS,ASO,CE,Federal Contract Tower,0,6,14,45,65,0,7,8,10,25,0,13,22,55,90,0,42,42,132
11/04/2015,MEI,MS,ASO,CE,Federal Contract Tower,0,6,16,47,69,0,0,6,3,9,0,6,22,50,78,10,12,22,100
11/05/2015,MEI,MS,ASO,CE,Federal Contract Tower,0,4,16,39,59,0,2,8,5,15,0,6,24,44,74,38,38,76,150
11/06/2015,MEI,MS,ASO,CE,Federal Contract Tower,0,6,24,48,78,0,4,4,4,12,0,10,28,52,90,14,36,50,140
11/07/2015,MEI,MS,ASO,CE,Federal Contract Tower,0,4,5,1,10,0,0,0,0,0,0,4,5,1,10,0,1,1,11
11/08/2015,MEI,MS,ASO,CE,Federal Contract Tower,0,7,30,32,69,0,1,2,4,7,0,8,32,36,76,10,0,10,86
11/09/2015,MEI,MS,ASO,CE,Federal Contract Tower,0,6,26,27,59,0,1,7,0,8,0,7,33,27,67,0,0,0,67
11/10/2015,MEI,MS,ASO,CE,Federal Contract Tower,0,7,29,30,66,0,0,12,1,13,0,7,41,31,79,0,26,26,105
11/11/2015,MEI,MS,ASO,CE,Federal Contract Tower,0,6,22,28,56,0,2,35,0,37,0,8,57,28,93,50,18,68,161
11/12/2015,MEI,MS,ASO,CE,Federal Contract Tower,0,6,19,85,110,0,0,39,17,56,0,6,58,102,166,1,140,141,307
11/13/2015,MEI,MS,ASO,CE,Federal Contract Tower,0,6,16,93,115,0,1,31,8,40,0,7,47,101,155,26,94,120,275
11/14/2015,MEI,MS,ASO,CE,Federal Contract Tower,0,4,11,37,52,0,0,60,0,60,0,4,71,37,112,10,14,24,136
11/15/2015,MEI,MS,ASO,CE,Federal Contract Tower,0,4,11,38,53,0,1,29,5,35,0,5,40,43,88,12,4,16,104
11/16/2015,MEI,MS,ASO,CE,Federal Contract Tower,0,5,19,71,95,0,4,9,4,17,0,9,28,75,112,6,12,18,130
11/17/2015,MEI,MS,ASO,CE,Federal Contract Tower,0,10,12,68,90,0,3,0,1,4,0,13,12,69,94,0,4,4,98
11/18/2015,MEI,MS,ASO,CE,Federal Contract Tower,0,7,14,37,58,0,5,3,3,11,0,12,17,40,69,0,40,40,109
11/19/2015,MEI,MS,ASO,CE,Federal Contract Tower,0,6,24,98,128,0,2,31,22,55,0,8,55,120,183,12,102,114,297
11/20/2015,MEI,MS,ASO,CE,Federal Contract Tower,0,6,17,86,109,0,2,49,3,54,0,8,66,89,163,46,42,88,251
11/21/2015,MEI,MS,ASO,CE,Federal Contract Tower,0,5,16,23,44,0,4,20,7,31,0,9,36,30,75,50,16,66,141
11/22/2015,MEI,MS,ASO,CE,Federal Contract Tower,0,4,21,51,76,0,3,41,5,49,0,7,62,56,125,30,60,90,215
11/23/2015,MEI,MS,ASO,CE,Federal Contract Tower,0,7,18,63,88,0,1,18,6,25,0,8,36,69,113,8,52,60,173
11/24/2015,MEI,MS,ASO,CE,Federal Contract Tower,0,6,27,74,107,0,2,21,11,34,0,8,48,85,141,0,76,76,217
11/25/2015,MEI,MS,ASO,CE,Federal Contract Tower,0,8,21,41,70,0,1,27,5,33,0,9,48,46,103,34,22,56,159
11/26/2015,MEI,MS,ASO,CE,Federal Contract Tower,0,6,3,0,9,0,2,11,0,13,0,8,14,0,22,0,0,0,22
11/27/2015,MEI,MS,ASO,CE,Federal Contract Tower,0,7,17,0,24,0,5,12,0,17,0,12,29,0,41,20,0,20,61
11/28/2015,MEI,MS,ASO,CE,Federal Contract Tower,0,7,15,0,22,0,11,34,0,45,0,18,49,0,67,56,0,56,123
11/29/2015,MEI,MS,ASO,CE,Federal Contract Tower,0,4,18,0,22,0,1,10,0,11,0,5,28,0,33,0,0,0,33
11/30/2015,MEI,MS,ASO,CE,Federal Contract Tower,0,6,20,75,101,0,0,5,4,9,0,6,25,79,110,0,86,86,196
12/01/2015,MEI,MS,ASO,CE,Federal Contract Tower,0,6,14,12,32,0,0,0,0,0,0,6,14,12,32,0,0,0,32
12/02/2015,MEI,MS,ASO,CE,Federal Contract Tower,0,6,19,64,89,0,2,19,7,28,0,8,38,71,117,40,14,54,171
12/03/2015,MEI,MS,ASO,CE,Federal Contract Tower,0,6,17,93,116,0,5,17,13,35,0,11,34,106,151,0,34,34,185
12/04/2015,MEI,MS,ASO,CE,Federal Contract Tower,0,6,12,62,80,0,2,18,9,29,0,8,30,71,109,0,86,86,195
12/05/2015,MEI,MS,ASO,CE,Federal Contract Tower,0,8,4,16,28,0,1,31,2,34,0,9,35,18,62,6,22,28,90
12/06/2015,MEI,MS,ASO,CE,Federal Contract Tower,0,6,14,59,79,0,5,34,4,43,0,11,48,63,122,40,24,64,186
12/07/2015,MEI,MS,ASO,CE,Federal Contract Tower,0,6,19,70,95,0,2,10,5,17,0,8,29,75,112,4,4,8,120
12/08/2015,MEI,MS,ASO,CE,Federal Contract Tower,0,7,36,67,110,0,3,18,9,30,0,10,54,76,140,22,76,98,238
12/09/2015,MEI,MS,ASO,CE,Federal Contract Tower,0,6,27,57,90,0,6,27,10,43,0,12,54,67,133,12,44,56,189
12/10/2015,MEI,MS,ASO,CE,Federal Contract Tower,0,6,18,70,94,0,1,19,11,31,0,7,37,81,125,0,36,36,161
12/11/2015,MEI,MS,ASO,CE,Federal Contract Tower,0,6,19,104,129,0,0,11,7,18,0,6,30,111,147,32,36,68,215
12/12/2015,MEI,MS,ASO,CE,Federal Contract Tower,0,4,14,46,64,0,0,23,2,25,0,4,37,48,89,32,16,48,137
12/13/2015,MEI,MS,ASO,CE,Federal Contract Tower,0,4,13,46,63,0,0,6,0,6,0,4,19,46,69,6,4,10,79
12/14/2015,MEI,MS,ASO,CE,Federal Contract Tower,0,6,9,85,100,0,0,8,12,20,0,6,17,97,120,12,116,128,248
12/15/2015,MEI,MS,ASO,CE,Federal Contract Tower,0,6,15,75,96,0,3,14,23,40,0,9,29,98,136,0,68,68,204
12/16/2015,MEI,MS,ASO,CE,Federal Contract Tower,0,6,14,87,107,0,0,5,2,7,0,6,19,89,114,10,0,10,124
12/17/2015,MEI,MS,ASO,CE,Federal Contract Tower,0,6,12,70,88,0,2,16,24,42,0,8,28,94,130,0,72,72,202
12/18/2015,MEI,MS,ASO,CE,Federal Contract Tower,0,6,18,43,67,0,1,23,10,34,0,7,41,53,101,6,32,38,139
12/19/2015,MEI,MS,ASO,CE,Federal Contract Tower,0,4,19,1,24,0,4,80,0,84,0,8,99,1,108,176,0,176,284
12/20/2015,MEI,MS,ASO,CE,Federal Contract Tower,0,4,18,12,34,0,0,27,2,29,0,4,45,14,63,6,0,6,69
12/21/2015,MEI,MS,ASO,CE,Federal Contract Tower,0,6,14,6,26,0,0,3,0,3,0,6,17,6,29,0,10,10,39
12/22/2015,MEI,MS,ASO,CE,Federal Contract Tower,0,8,17,18,43,0,0,0,0,0,0,8,17,18,43,0,0,0,43
12/23/2015,MEI,MS,ASO,CE,Federal Contract Tower,0,8,9,20,37,0,1,2,0,3,0,9,11,20,40,30,0,30,70
12/24/2015,MEI,MS,ASO,CE,Federal Contract Tower,0,8,11,0,19,0,5,2,0,7,0,13,13,0,26,8,0,8,34
12/25/2015,MEI,MS,ASO,CE,Federal Contract Tower,0,6,1,0,7,0,0,1,0,1,0,6,2,0,8,0,0,0,8
12/26/2015,MEI,MS,ASO,CE,Federal Contract Tower,0,4,17,0,21,0,1,5,0,6,0,5,22,0,27,0,0,0,27
12/27/2015,MEI,MS,ASO,CE,Federal Contract Tower,0,3,20,0,23,0,4,1,0,5,0,7,21,0,28,0,0,0,28
12/28/2015,MEI,MS,ASO,CE,Federal Contract Tower,0,6,7,0,13,0,4,4,0,8,0,10,11,0,21,6,0,6,27
12/29/2015,MEI,MS,ASO,CE,Federal Contract Tower,0,7,23,0,30,0,5,30,0,35,0,12,53,0,65,30,0,30,95
12/30/2015,MEI,MS,ASO,CE,Federal Contract Tower,0,7,13,0,20,0,0,2,2,4,0,7,15,2,24,6,0,6,30
12/31/2015,MEI,MS,ASO,CE,Federal Contract Tower,0,6,14,0,20,0,5,17,0,22,0,11,31,0,42,8,0,8,50
01/01/2016,MEI,MS,ASO,CE,Federal Contract Tower,0,6,8,0,14,0,0,7,0,7,0,6,15,0,21,6,0,6,27
01/02/2016,MEI,MS,ASO,CE,Federal Contract Tower,0,4,34,1,39,0,0,37,3,40,0,4,71,4,79,40,0,40,119
01/03/2016,MEI,MS,ASO,CE,Federal Contract Tower,0,4,18,0,22,0,6,27,0,33,0,10,45,0,55,4,0,4,59
01/04/2016,MEI,MS,ASO,CE,Federal Contract Tower,0,8,23,49,80,0,0,9,2,11,0,8,32,51,91,0,36,36,127
01/05/2016,MEI,MS,ASO,CE,Federal Contract Tower,0,6,24,111,141,0,1,26,9,36,0,7,50,120,177,8,74,82,259
01/06/2016,MEI,MS,ASO,CE,Federal Contract Tower,0,6,13,90,109,0,6,15,9,30,0,12,28,99,139,16,111,127,266
01/07/2016,MEI,MS,ASO,CE,Federal Contract Tower,0,6,11,135,152,0,2,0,0,2,0,8,11,135,154,0,10,10,164
01/08/2016,MEI,MS,ASO,CE,Federal Contract Tower,0,7,11,172,190,0,0,7,5,12,0,7,18,177,202,0,60,60,262
01/09/2016,MEI,MS,ASO,CE,Federal Contract Tower,0,4,10,95,109,0,0,0,0,0,0,4,10,95,109,0,0,0,109
01/10/2016,MEI,MS,ASO,CE,Federal Contract Tower,0,4,9,73,86,0,0,23,9,32,0,4,32,82,118,6,4,10,128
01/11/2016,MEI,MS,ASO,CE,Federal Contract Tower,0,7,28,92,127,0,8,25,6,39,0,15,53,98,166,2,76,78,244
01/12/2016,MEI,MS,ASO,CE,Federal Contract Tower,0,6,9,121,136,0,5,30,22,57,0,11,39,143,193,6,88,94,287
01/13/2016,MEI,MS,ASO,CE,Federal Contract Tower,0,6,16,111,133,0,7,21,18,46,0,13,37,129,179,64,132,196,375
01/14/2016,MEI,MS,ASO,CE,Federal Contract Tower,0,8,21,104,133,0,4,20,14,38,0,12,41,118,171,30,108,138,309
01/15/2016,MEI,MS,ASO,CE,Federal Contract Tower,0,6,23,30,59,0,1,1,8,10,0,7,24,38,69,2,22,24,93
01/16/2016,MEI,MS,ASO,CE,Federal Contract Tower,0,4,14,43,61,0,2,33,0,35,0,6,47,43,96,40,18,58,154
01/17/2016,MEI,MS,ASO,CE,Federal Contract Tower,0,4,11,23,38,0,5,13,0,18,0,9,24,23,56,10,2,12,68
01/18/2016,MEI,MS,ASO,CE,Federal Contract Tower,0,8,25,7,40,0,0,13,0,13,0,8,38,7,53,36,0,36,89
01/19/2016,MEI,MS,ASO,CE,Federal Contract Tower,0,6,23,76,105,0,1,19,14,34,0,7,42,90,139,62,22,84,223
01/20/2016,MEI,MS,ASO,CE,Federal Contract Tower,0,7,26,57,90,0,5,4,4,13,0,12,30,61,103,2,40,42,145
01/21/2016,MEI,MS,ASO,CE,Federal Contract Tower,0,4,15,2,21,0,0,0,0,0,0,4,15,2,21,0,0,0,21
01/22/2016,MEI,MS,ASO,CE,Federal Contract Tower,0,5,12,1,18,0,0,0,0,0,0,5,12,1,18,0,0,0,18
01/23/2016,MEI,MS,ASO,CE,Federal Contract Tower,0,4,3,10,17,0,4,26,6,36,0,8,29,16,53,20,2,22,75
01/24/2016,MEI,MS,ASO,CE,Federal Contract Tower,0,7,28,37,72,0,2,31,6,39,0,9,59,43,111,36,14,50,161
01/25/2016,MEI,MS,ASO,CE,Federal Contract Tower,0,6,14,97,117,0,7,14,4,25,0,13,28,101,142,0,139,139,281
01/26/2016,MEI,MS,ASO,CE,Federal Contract Tower,0,6,4,25,35,0,0,0,0,0,0,6,4,25,35,0,0,0,35
01/27/2016,MEI,MS,ASO,CE,Federal Contract Tower,0,8,12,156,176,0,3,14,6,23,0,11,26,162,199,0,94,94,293
01/28/2016,MEI,MS,ASO,CE,Federal Contract Tower,0,6,13,130,149,0,3,16,6,25,0,9,29,136,174,16,132,148,322
01/29/2016,MEI,MS,ASO,CE,Federal Contract Tower,0,6,18,65,89,0,4,27,7,38,0,10,45,72,127,52,136,188,315
01/30/2016,MEI,MS,ASO,CE,Federal Contract Tower,0,4,9,10,23,0,1,25,6,32,0,5,34,16,55,14,7,21,76
01/31/2016,MEI,MS,ASO,CE,Federal Contract Tower,0,4,16,57,77,0,1,13,3,17,0,5,29,60,94,5,8,13,107
02/01/2016,MEI,MS,ASO,CE,Federal Contract Tower,0,6,16,83,105,0,8,8,2,18,0,14,24,85,123,16,40,56,179
02/02/2016,MEI,MS,ASO,CE,Federal Contract Tower,0,6,2,33,41,0,0,0,0,0,0,6,2,33,41,0,0,0,41
02/03/2016,MEI,MS,ASO,CE,Federal Contract Tower,0,6,13,105,124,0,5,12,18,35,0,11,25,123,159,0,122,122,281
02/04/2016,MEI,MS,ASO,CE,Federal Contract Tower,0,6,19,105,130,0,6,15,11,32,0,12,34,116,162,10,154,164,326
02/05/2016,MEI,MS,ASO,CE,Federal Contract Tower,0,6,14,104,124,0,1,18,18,37,0,7,32,122,161,16,176,192,353
02/06/2016,MEI,MS,ASO,CE,Federal Contract Tower,0,5,6,44,55,0,3,31,6,40,0,8,37,50,95,22,10,32,127
02/07/2016,MEI,MS,ASO,CE,Federal Contract Tower,0,4,14,22,40,0,3,27,13,43,0,7,41,35,83,10,6,16,99
02/08/2016,MEI,MS,ASO,CE,Federal Contract Tower,0,6,11,99,116,0,10,8,22,40,0,16,19,121,156,0,20,20,176
02/09/2016,MEI,MS,ASO,CE,Federal Contract Tower,0,6,10,126,142,0,0,4,15,19,0,6,14,141,161,0,26,26,187
02/10/2016,MEI,MS,ASO,CE,Federal Contract Tower,0,6,11,118,135,0,2,22,19,43,0,8,33,137,178,6,64,70,248
02/11/2016,MEI,MS,ASO,CE,Federal Contract Tower,0,6,20,53,79,0,2,26,8,36,0,8,46,61,115,0,24,24,139
02/12/2016,MEI,MS,ASO,CE,Federal Contract Tower,0,6,19,77,102,0,2,12,4,18,0,8,31,81,120,10,18,28,148
02/13/2016,MEI,MS,ASO,CE,Federal Contract Tower,0,4,12,12,28,0,1,21,2,24,0,5,33,14,52,2,0,2,54
02/14/2016,MEI,MS,ASO,CE,Federal Contract Tower,0,4,23,26,53,0,5,15,0,20,0,9,38,26,73,0,0,0,73
02/15/2016,MEI,MS,ASO,CE,Federal Contract Tower,0,5,4,1,10,0,0,0,0,0,0,5,4,1,10,0,0,0,10
02/16/2016,MEI,MS,ASO,CE,Federal Contract Tower,0,7,10,114,131,0,1,13,13,27,0,8,23,127,158,2,66,68,226
02/17/2016,MEI,MS,ASO,CE,Federal Contract Tower,0,5,14,114,133,0,0,16,7,23,0,5,30,121,156,6,65,71,227
02/18/2016,MEI,MS,ASO,CE,Federal Contract Tower,0,6,15,108,129,0,4,20,6,30,0,10,35,114,159,14,62,76,235
02/19/2016,MEI,MS,ASO,CE,Federal Contract Tower,0,8,7,98,113,0,5,27,8,40,0,13,34,106,153,12,128,140,293
02/20/2016,MEI,MS,ASO,CE,Federal Contract Tower,0,4,9,50,63,0,2,16,2,20,0,6,25,52,83,12,8,20,103
02/21/2016,MEI,MS,ASO,CE,Federal Contract Tower,0,4,7,24,35,0,1,6,3,10,0,5,13,27,45,0,6,6,51
02/22/2016,MEI,MS,ASO,CE,Federal Contract Tower,0,12,3,4,19,0,0,0,0,0,0,12,3,4,19,0,0,0,19
02/23/2016,MEI,MS,ASO,CE,Federal Contract Tower,0,4,4,12,20,0,0,1,0,1,0,4,5,12,21,0,0,0,21
02/24/2016,MEI,MS,ASO,CE,Federal Contract Tower,0,8,6,39,53,0,2,4,4,10,0,10,10,43,63,0,8,8,71
02/25/2016,MEI,MS,ASO,CE,Federal Contract Tower,0,7,22,88,117,0,7,21,5,33,0,14,43,93,150,6,8,14,164
02/26/2016,MEI,MS,ASO,CE,Federal Contract Tower,0,6,29,77,112,0,1,38,6,45,0,7,67,83,157,76,70,146,303
02/27/2016,MEI,MS,ASO,CE,Federal Contract Tower,0,4,2,17,23,0,1,37,2,40,0,5,39,19,63,32,4,36,99
02/28/2016,MEI,MS,ASO,CE,Federal Contract Tower,0,4,5,56,65,0,8,26,3,37,0,12,31,59,102,38,4,42,144
02/29/2016,MEI,MS,ASO,CE,Federal Contract Tower,0,8,16,64,88,0,12,9,5,26,0,20,25,69,114,20,38,58,172
03/01/2016,MEI,MS,ASO,CE,Federal Contract Tower,0,6,14,65,85,0,1,5,8,14,0,7,19,73,99,0,10,10,109
03/02/2016,MEI,MS,ASO,CE,Federal Contract Tower,0,5,15,110,130,0,0,22,42,64,0,5,37,152,194,4,76,80,274
03/03/2016,MEI,MS,ASO,CE,Federal Contract Tower,0,6,11,25,42,0,0,4,3,7,0,6,15,28,49,2,4,6,55
03/04/2016,MEI,MS,ASO,CE,Federal Contract Tower,0,7,29,129,165,0,7,32,15,54,0,14,61,144,219,32,34,66,285
03/05/2016,MEI,MS,ASO,CE,Federal Contract Tower,0,8,10,55,73,0,5,29,5,39,0,13,39,60,112,8,42,50,162
03/06/2016,MEI,MS,ASO,CE,Federal Contract Tower,0,4,14,17,35,0,2,24,9,35,0,6,38,26,70,20,10,30,100
03/07/2016,MEI,MS,ASO,CE,Federal Contract Tower,0,6,18,57,81,0,3,16,17,36,0,9,34,74,117,2,118,120,237
03/08/2016,MEI,MS,ASO,CE,Federal Contract Tower,0,8,24,98,130,0,5,6,26,37,0,13,30,124,167,16,106,122,289
03/09/2016,MEI,MS,ASO,CE,Federal Contract Tower,0,6,7,81,94,0,1,9,1,11,0,7,16,82,105,2,2,4,109
03/10/2016,MEI,MS,ASO,CE,Federal Contract Tower,0,6,10,47,63,0,0,0,6,6,0,6,10,53,69,0,28,28,97
03/11/2016,MEI,MS,ASO,CE,Federal Contract Tower,0,6,10,5,21,0,0,5,2,7,0,6,15,7,28,0,0,0,28
03/12/2016,MEI,MS,ASO,CE,Federal Contract Tower,0,9,12,2,23,0,7,2,0,9,0,16,14,2,32,0,0,0,32
03/13/2016,MEI,MS,ASO,CE,Federal Contract Tower,0,3,15,16,34,0,7,21,2,30,0,10,36,18,64,22,8,30,94
03/14/2016,MEI,MS,ASO,CE,Federal Contract Tower,0,7,16,45,68,0,4,19,5,28,0,11,35,50,96,8,22,30,126
03/15/2016,MEI,MS,ASO,CE,Federal Contract Tower,0,6,21,86,113,0,3,19,11,33,0,9,40,97,146,16,58,74,220
03/16/2016,MEI,MS,ASO,CE,Federal Contract Tower,0,6,23,96,125,0,0,13,8,21,0,6,36,104,146,0,38,38,184
03/17/2016,MEI,MS,ASO,CE,Federal Contract Tower,0,10,14,90,114,0,8,13,17,38,0,18,27,107,152,2,86,88,240
03/18/2016,MEI,MS,ASO,CE,Federal Contract Tower,0,6,9,34,49,0,4,9,1,14,0,10,18,35,63,0,10,10,73
03/19/2016,MEI,MS,ASO,CE,Federal Contract Tower,0,4,11,45,60,0,2,16,5,23,0,6,27,50,83,16,18,34,117
03/20/2016,MEI,MS,ASO,CE,Federal Contract Tower,0,4,25,38,67,0,2,19,4,25,0,6,44,42,92,20,20,40,132
03/22/2016,MEI,MS,ASO,CE,Federal Contract Tower,0,8,14,66,88,0,14,11,13,38,0,22,25,79,126,8,18,26,152
03/23/2016,MEI,MS,ASO,CE,Federal Contract Tower,0,6,2,79,87,0,1,13,40,54,0,7,15,119,141,22,84,106,247
03/24/2016,MEI,MS,ASO,CE,Federal Contract Tower,0,6,9,22,37,0,2,4,0,6,0,8,13,22,43,0,18,18,61
03/25/2016,MEI,MS,ASO,CE,Federal Contract Tower,0,6,20,81,107,0,2,26,12,40,0,8,46,93,147,42,162,204,351
03/26/2016,MEI,MS,ASO,CE,Federal Contract Tower,0,4,3,0,7,0,7,23,0,30,0,11,26,0,37,62,0,62,99
03/27/2016,MEI,MS,ASO,CE,Federal Contract Tower,0,4,5,11,20,0,2,0,0,2,0,6,5,11,22,0,0,0,22
03/28/2016,MEI,MS,ASO,CE,Federal Contract Tower,0,6,32,88,126,0,1,28,12,41,0,7,60,100,167,0,184,184,351
03/29/2016,MEI,MS,ASO,CE,Federal Contract Tower,0,6,26,70,102,0,2,23,21,46,0,8,49,91,148,26,52,78,226
03/30/2016,MEI,MS,ASO,CE,Federal Contract Tower,0,6,18,96,120,0,4,6,27,37,0,10,24,123,157,12,59,71,228
03/31/2016,MEI,MS,ASO,CE,Federal Contract Tower,0,4,9,34,47,0,1,4,0,5,0,5,13,34,52,0,30,30,82
04/01/2016,MEI,MS,ASO,CE,Federal Contract Tower,0,7,18,25,50,0,8,14,9,31,0,15,32,34,81,10,36,46,127
04/02/2016,MEI,MS,ASO,CE,Federal Contract Tower,0,6,33,21,60,0,2,31,8,41,0,8,64,29,101,6,2,8,109
04/03/2016,MEI,MS,ASO,CE,Federal Contract Tower,0,4,19,28,51,0,3,36,7,46,0,7,55,35,97,32,20,52,149
04/04/2016,MEI,MS,ASO,CE,Federal Contract Tower,0,6,12,121,139,0,6,31,39,76,0,12,43,160,215,26,108,134,349
04/05/2016,MEI,MS,ASO,CE,Federal Contract Tower,0,6,27,76,109,0,2,25,24,51,0,8,52,100,160,0,114,114,274
04/06/2016,MEI,MS,ASO,CE,Federal Contract Tower,0,6,22,62,90,0,4,24,5,33,0,10,46,67,123,2,80,82,205
04/07/2016,MEI,MS,ASO,CE,Federal Contract Tower,0,6,41,78,125,0,2,25,18,45,0,8,66,96,170,2,60,62,232
04/08/2016,MEI,MS,ASO,CE,Federal Contract Tower,0,6,17,78,101,0,4,33,12,49,0,10,50,90,150,4,54,58,208
04/09/2016,MEI,MS,ASO,CE,Federal Contract Tower,0,4,18,23,45,0,2,33,8,43,0,6,51,31,88,18,10,28,116
04/10/2016,MEI,MS,ASO,CE,Federal Contract Tower,0,4,29,22,55,0,8,25,2,35,0,12,54,24,90,0,10,10,100
04/11/2016,MEI,MS,ASO,CE,Federal Contract Tower,0,6,20,14,40,0,3,1,5,9,0,9,21,19,49,0,1,1,50
04/12/2016,MEI,MS,ASO,CE,Federal Contract Tower,0,8,25,52,85,0,5,13,4,22,0,13,38,56,107,0,52,52,159
04/13/2016,MEI,MS,ASO,CE,Federal Contract Tower,0,6,14,80,100,0,1,3,6,10,0,7,17,86,110,0,16,16,126
04/14/2016,MEI,MS,ASO,CE,Federal Contract Tower,0,6,25,37,68,0,0,0,53,53,0,6,25,90,121,2,10,12,133
04/15/2016,MEI,MS,ASO,CE,Federal Contract Tower,0,7,19,73,99,0,1,1,1,3,0,8,20,74,102,4,38,42,144
04/16/2016,MEI,MS,ASO,CE,Federal Contract Tower,0,5,12,46,63,0,2,5,0,7,0,7,17,46,70,0,26,26,96
04/17/2016,MEI,MS,ASO,CE,Federal Contract Tower,0,5,7,36,48,0,1,26,6,33,0,6,33,42,81,44,0,44,125
04/18/2016,MEI,MS,ASO,CE,Federal Contract Tower,0,6,18,57,81,0,3,20,5,28,0,9,38,62,109,2,48,50,159
04/19/2016,MEI,MS,ASO,CE,Federal Contract Tower,0,6,15,103,124,0,2,13,9,24,0,8,28,112,148,18,130,148,296
04/20/2016,MEI,MS,ASO,CE,Federal Contract Tower,0,6,14,125,145,0,0,26,8,34,0,6,40,133,179,14,198,212,391
04/21/2016,MEI,MS,ASO,CE,Federal Contract Tower,0,6,21,92,119,0,1,14,0,15,0,7,35,92,134,12,4,16,150
04/22/2016,MEI,MS,ASO,CE,Federal Contract Tower,0,6,12,97,115,0,2,20,6,28,0,8,32,103,143,84,90,174,317
04/23/2016,MEI,MS,ASO,CE,Federal Contract Tower,0,6,3,11,20,0,3,54,5,62,0,9,57,16,82,44,2,46,128
04/24/2016,MEI,MS,ASO,CE,Federal Contract Tower,0,3,42,58,103,0,0,11,2,13,0,3,53,60,116,56,8,64,180
04/25/2016,MEI,MS,ASO,CE,Federal Contract Tower,0,7,23,51,81,0,3,21,10,34,0,10,44,61,115,32,46,78,193
04/26/2016,MEI,MS,ASO,CE,Federal Contract Tower,0,8,29,100,137,0,0,15,30,45,0,8,44,130,182,4,68,72,254
04/27/2016,MEI,MS,ASO,CE,Federal Contract Tower,0,6,20,60,86,0,3,7,3,13,0,9,27,63,99,0,0,0,99
04/28/2016,MEI,MS,ASO,CE,Federal Contract Tower,0,9,20,105,134,0,2,26,14,42,0,11,46,119,176,30,36,66,242
04/29/2016,MEI,MS,ASO,CE,Federal Contract Tower,0,6,14,72,92,0,4,28,4,36,0,10,42,76,128,70,22,92,220
04/30/2016,MEI,MS,ASO,CE,Federal Contract Tower,0,4,4,28,36,0,3,1,2,6,0,7,5,30,42,0,36,36,78
05/01/2016,MEI,MS,ASO,CE,Federal Contract Tower,0,4,7,50,61,0,6,0,8,14,0,10,7,58,75,6,8,14,89
05/02/2016,MEI,MS,ASO,CE,Federal Contract Tower,0,6,10,79,95,0,0,3,6,9,0,6,13,85,104,0,10,10,114
05/03/2016,MEI,MS,ASO,CE,Federal Contract Tower,0,6,14,94,114,0,2,14,7,23,0,8,28,101,137,8,78,86,223
05/04/2016,MEI,MS,ASO,CE,Federal Contract Tower,0,5,20,131,156,0,3,9,12,24,0,8,29,143,180,4,64,68,248
05/05/2016,MEI,MS,ASO,CE,Federal Contract Tower,0,7,16,66,89,0,6,25,19,50,0,13,41,85,139,0,90,90,229
05/06/2016,MEI,MS,ASO,CE,Federal Contract Tower,0,6,20,90,116,0,0,24,6,30,0,6,44,96,146,20,24,44,190
05/07/2016,MEI,MS,ASO,CE,Federal Contract Tower,0,4,12,28,44,0,4,29,0,33,0,8,41,28,77,20,18,38,115
05/08/2016,MEI,MS,ASO,CE,Federal Contract Tower,0,4,16,51,71,0,0,23,4,27,0,4,39,55,98,20,22,42,140
05/09/2016,MEI,MS,ASO,CE,Federal Contract Tower,0,6,19,97,122,0,5,11,2,18,0,11,30,99,140,8,24,32,172
05/10/2016,MEI,MS,ASO,CE,Federal Contract Tower,0,6,21,102,129,0,2,9,10,21,0,8,30,112,150,0,22,22,172
05/11/2016,MEI,MS,ASO,CE,Federal Contract Tower,0,7,17,121,145,0,0,17,8,25,0,7,34,129,170,1,32,33,203
05/12/2016,MEI,MS,ASO,CE,Federal Contract Tower,0,4,20,87,111,0,11,14,2,27,0,15,34,89,138,0,2,2,140
05/13/2016,MEI,MS,ASO,CE,Federal Contract Tower,0,6,14,62,82,0,14,22,3,39,0,20,36,65,121,34,24,58,179
05/14/2016,MEI,MS,ASO,CE,Federal Contract Tower,0,4,9,24,37,0,7,29,3,39,0,11,38,27,76,40,16,56,132
05/15/2016,MEI,MS,ASO,CE,Federal Contract Tower,0,5,12,25,42,0,0,38,3,41,0,5,50,28,83,32,22,54,137
05/16/2016,MEI,MS,ASO,CE,Federal Contract Tower,0,6,21,39,66,0,7,19,22,48,0,13,40,61,114,52,156,208,322
05/17/2016,MEI,MS,ASO,CE,Federal Contract Tower,0,6,26,70,102,0,0,7,3,10,0,6,33,73,112,0,2,2,114
05/18/2016,MEI,MS,ASO,CE,Federal Contract Tower,0,6,23,112,141,0,1,11,10,22,0,7,34,122,163,10,98,108,271
05/19/2016,MEI,MS,ASO,CE,Federal Contract Tower,0,7,20,93,120,0,2,30,0,32,0,9,50,93,152,3,38,41,193
05/20/2016,MEI,MS,ASO,CE,Federal Contract Tower,0,7,12,69,88,0,6,10,7,23,0,13,22,76,111,2,26,28,139
05/21/2016,MEI,MS,ASO,CE,Federal Contract Tower,0,4,12,23,39,0,2,26,9,37,0,6,38,32,76,0,13,13,89
05/22/2016,MEI,MS,ASO,CE,Federal Contract Tower,0,4,10,49,63,0,6,34,5,45,0,10,44,54,108,20,14,34,142
05/23/2016,MEI,MS,ASO,CE,Federal Contract Tower,0,6,20,28,54,0,2,13,5,20,0,8,33,33,74,0,16,16,90
05/24/2016,MEI,MS,ASO,CE,Federal Contract Tower,0,6,17,88,111,0,1,19,28,48,0,7,36,116,159,2,171,173,332
05/25/2016,MEI,MS,ASO,CE,Federal Contract Tower,0,6,16,93,115,0,2,21,15,38,0,8,37,108,153,26,92,118,271
05/26/2016,MEI,MS,ASO,CE,Federal Contract Tower,0,4,24,80,108,0,6,19,22,47,0,10,43,102,155,14,44,58,213
05/27/2016,MEI,MS,ASO,CE,Federal Contract Tower,0,6,24,32,62,0,4,22,15,41,0,10,46,47,103,24,32,56,159
05/28/2016,MEI,MS,ASO,CE,Federal Contract Tower,0,4,19,10,33,0,8,34,3,45,0,12,53,13,78,6,0,6,84
05/29/2016,MEI,MS,ASO,CE,Federal Contract Tower,0,4,16,18,38,0,2,27,0,29,0,6,43,18,67,20,10,30,97
05/30/2016,MEI,MS,ASO,CE,Federal Contract Tower,0,6,19,3,28,0,1,21,0,22,0,7,40,3,50,0,0,0,50
05/31/2016,MEI,MS,ASO,CE,Federal Contract Tower,0,4,14,61,79,0,1,7,6,14,0,5,21,67,93,0,52,52,145
06/01/2016,MEI,MS,ASO,CE,Federal Contract Tower,0,6,7,96,109,0,2,23,3,28,0,8,30,99,137,26,76,102,239
06/02/2016,MEI,MS,ASO,CE,Federal Contract Tower,0,4,11,102,117,0,2,19,17,38,0,6,30,119,155,0,90,90,245
06/03/2016,MEI,MS,ASO,CE,Federal Contract Tower,0,7,6,95,108,0,0,10,22,32,0,7,16,117,140,6,72,78,218
06/04/2016,MEI,MS,ASO,CE,Federal Contract Tower,0,4,11,17,32,0,0,2,3,5,0,4,13,20,37,0,0,0,37
06/05/2016,MEI,MS,ASO,CE,Federal Contract Tower,0,4,8,50,62,0,2,10,9,21,0,6,18,59,83,16,0,16,99
06/06/2016,MEI,MS,ASO,CE,Federal Contract Tower,0,6,20,48,74,0,3,17,3,23,0,9,37,51,97,6,44,50,147
06/07/2016,MEI,MS,ASO,CE,Federal Contract Tower,0,6,15,52,73,0,2,20,17,39,0,8,35,69,112,2,24,26,138
06/08/2016,MEI,MS,ASO,CE,Federal Contract Tower,0,6,17,60,83,0,1,18,12,31,0,7,35,72,114,8,44,52,166
06/09/2016,MEI,MS,ASO,CE,Federal Contract Tower,0,6,20,82,108,0,12,32,96,140,0,18,52,178,248,2,108,110,358
06/10/2016,MEI,MS,ASO,CE,Federal Contract Tower,0,6,20,49,75,0,10,30,11,51,0,16,50,60,126,8,144,152,278
06/11/2016,MEI,MS,ASO,CE,Federal Contract Tower,0,6,4,24,34,0,4,21,0,25,0,10,25,24,59,2,0,2,61
06/12/2016,MEI,MS,ASO,CE,Federal Contract Tower,0,2,8,19,29,0,2,24,1,27,0,4,32,20,56,16,0,16,72
06/13/2016,MEI,MS,ASO,CE,Federal Contract Tower,0,4,24,55,83,0,10,12,23,45,0,14,36,78,128,10,192,202,330
06/14/2016,MEI,MS,ASO,CE,Federal Contract Tower,0,6,11,47,64,0,1,2,1,4,0,7,13,48,68,0,70,70,138
06/15/2016,MEI,MS,ASO,CE,Federal Contract Tower,0,6,13,84,103,0,11,10,14,35,0,17,23,98,138,4,34,38,176
06/16/2016,MEI,MS,ASO,CE,Federal Contract Tower,0,6,22,130,158,0,4,16,17,37,0,10,38,147,195,24,44,68,263
06/17/2016,MEI,MS,ASO,CE,Federal Contract Tower,0,6,17,51,74,0,0,24,7,31,0,6,41,58,105,0,20,20,125
06/18/2016,MEI,MS,ASO,CE,Federal Contract Tower,0,4,14,5,23,0,0,33,0,33,0,4,47,5,56,18,22,40,96
06/19/2016,MEI,MS,ASO,CE,Federal Contract Tower,0,4,16,11,31,0,0,15,1,16,0,4,31,12,47,26,0,26,73
06/20/2016,MEI,MS,ASO,CE,Federal Contract Tower,0,6,19,111,136,0,1,26,4,31,0,7,45,115,167,20,82,102,269
06/21/2016,MEI,MS,ASO,CE,Federal Contract Tower,0,6,11,112,129,0,3,21,7,31,0,9,32,119,160,12,102,114,274
06/22/2016,MEI,MS,ASO,CE,Federal Contract Tower,0,6,12,89,107,0,0,15,12,27,0,6,27,101,134,0,92,92,226
06/23/2016,MEI,MS,ASO,CE,Federal Contract Tower,0,5,27,82,114,0,1,29,12,42,0,6,56,94,156,28,37,65,221
06/24/2016,MEI,MS,ASO,CE,Federal Contract Tower,0,6,28,80,114,0,0,22,10,32,0,6,50,90,146,16,96,112,258
06/25/2016,MEI,MS,ASO,CE,Federal Contract Tower,0,4,18,2,24,0,8,28,2,38,0,12,46,4,62,36,10,46,108
06/26/2016,MEI,MS,ASO,CE,Federal Contract Tower,0,4,12,16,32,0,1,23,8,32,0,5,35,24,64,0,0,0,64
06/27/2016,MEI,MS,ASO,CE,Federal Contract Tower,0,4,21,34,59,0,0,13,4,17,0,4,34,38,76,1,68,69,145
06/28/2016,MEI,MS,ASO,CE,Federal Contract Tower,0,6,15,34,55,0,6,20,8,34,0,12,35,42,89,40,0,40,129
06/29/2016,MEI,MS,ASO,CE,Federal Contract Tower,0,6,27,72,105,0,6,16,11,33,0,12,43,83,138,2,92,94,232
06/30/2016,MEI,MS,ASO,CE,Federal Contract Tower,0,4,21,94,119,0,1,24,7,32,0,5,45,101,151,8,102,110,261
07/01/2016,MEI,MS,ASO,CE,Federal Contract Tower,0,6,24,46,76,0,6,33,8,47,0,12,57,54,123,84,20,104,227
07/02/2016,MEI,MS,ASO,CE,Federal Contract Tower,0,4,11,8,23,0,6,14,0,20,0,10,25,8,43,0,0,0,43
07/03/2016,MEI,MS,ASO,CE,Federal Contract Tower,0,4,9,0,13,0,11,19,0,30,0,15,28,0,43,0,0,0,43
07/04/2016,MEI,MS,ASO,CE,Federal Contract Tower,0,6,7,0,13,0,0,31,0,31,0,6,38,0,44,20,0,20,64
07/05/2016,MEI,MS,ASO,CE,Federal Contract Tower,0,7,20,35,62,0,1,11,3,15,0,8,31,38,77,10,0,10,87
07/06/2016,MEI,MS,ASO,CE,Federal Contract Tower,0,13,26,73,112,0,4,13,61,78,0,17,39,134,190,0,0,0,190
07/07/2016,MEI,MS,ASO,CE,Federal Contract Tower,0,6,33,95,134,0,8,18,12,38,0,14,51,107,172,16,144,160,332
07/08/2016,MEI,MS,ASO,CE,Federal Contract Tower,0,6,15,131,152,0,5,13,19,37,0,11,28,150,189,44,164,208,397
07/09/2016,MEI,MS,ASO,CE,Federal Contract Tower,0,2,15,4,21,0,0,27,3,30,0,2,42,7,51,0,0,0,51
07/10/2016,MEI,MS,ASO,CE,Federal Contract Tower,0,4,12,5,21,0,0,12,2,14,0,4,24,7,35,4,0,4,39
07/11/2016,MEI,MS,ASO,CE,Federal Contract Tower,0,6,11,161,178,0,2,7,3,12,0,8,18,164,190,0,100,100,290
07/12/2016,MEI,MS,ASO,CE,Federal Contract Tower,0,6,15,78,99,0,2,10,7,19,0,8,25,85,118,16,24,40,158
07/13/2016,MEI,MS,ASO,CE,Federal Contract Tower,0,6,17,101,124,0,2,11,3,16,0,8,28,104,140,6,34,40,180
07/14/2016,MEI,MS,ASO,CE,Federal Contract Tower,0,4,13,46,63,0,3,16,13,32,0,7,29,59,95,2,22,24,119
07/15/2016,MEI,MS,ASO,CE,Federal Contract Tower,0,9,31,181,221,0,5,16,13,34,0,14,47,194,255,12,142,154,409
07/16/2016,MEI,MS,ASO,CE,Federal Contract Tower,0,4,13,19,36,0,0,33,0,33,0,4,46,19,69,18,4,22,91
07/17/2016,MEI,MS,ASO,CE,Federal Contract Tower,0,5,40,80,125,0,0,0,0,0,0,5,40,80,125,16,18,34,159
07/18/2016,MEI,MS,ASO,CE,Federal Contract Tower,0,6,12,86,104,0,0,12,9,21,0,6,24,95,125,4,45,49,174
07/19/2016,MEI,MS,ASO,CE,Federal Contract Tower,0,4,12,74,90,0,3,24,44,71,0,7,36,118,161,12,94,106,267
07/20/2016,MEI,MS,ASO,CE,Federal Contract Tower,0,6,10,80,96,0,9,8,22,39,0,15,18,102,135,4,67,71,206
07/21/2016,MEI,MS,ASO,CE,Federal Contract Tower,0,6,24,83,113,0,4,8,9,21,0,10,32,92,134,16,30,46,180
07/22/2016,MEI,MS,ASO,CE,Federal Contract Tower,0,8,13,53,74,0,0,10,5,15,0,8,23,58,89,4,50,54,143
07/23/2016,MEI,MS,ASO,CE,Federal Contract Tower,0,4,10,26,40,0,0,21,2,23,0,4,31,28,63,0,4,4,67
07/24/2016,MEI,MS,ASO,CE,Federal Contract Tower,0,4,14,29,47,0,5,20,2,27,0,9,34,31,74,20,0,20,94
07/25/2016,MEI,MS,ASO,CE,Federal Contract Tower,0,6,8,70,84,0,2,17,17,36,0,8,25,87,120,8,74,82,202
07/26/2016,MEI,MS,ASO,CE,Federal Contract Tower,0,6,13,97,116,0,2,14,11,27,0,8,27,108,143,14,62,76,219
07/27/2016,MEI,MS,ASO,CE,Federal Contract Tower,0,6,22,72,100,0,2,3,2,7,0,8,25,74,107,8,0,8,115
07/28/2016,MEI,MS,ASO,CE,Federal Contract Tower,0,6,12,81,99,0,6,14,5,25,0,12,26,86,124,23,36,59,183
07/29/2016,MEI,MS,ASO,CE,Federal Contract Tower,0,6,20,82,108,0,8,16,6,30,0,14,36,88,138,36,90,126,264
07/30/2016,MEI,MS,ASO,CE,Federal Contract Tower,0,4,5,6,15,0,0,19,1,20,0,4,24,7,35,42,6,48,83
07/31/2016,MEI,MS,ASO,CE,Federal Contract Tower,0,4,13,45,62,0,2,15,14,31,0,6,28,59,93,6,38,44,137
08/01/2016,MEI,MS,ASO,CE,Federal Contract Tower,0,6,13,79,98,0,0,20,3,23,0,6,33,82,121,8,56,64,185
08/02/2016,MEI,MS,ASO,CE,Federal Contract Tower,0,6,12,72,90,0,2,8,7,17,0,8,20,79,107,4,6,10,117
08/03/2016,MEI,MS,ASO,CE,Federal Contract Tower,0,6,26,96,128,0,5,8,8,21,0,11,34,104,149,0,128,128,277
08/04/2016,MEI,MS,ASO,CE,Federal Contract Tower,0,8,22,107,137,0,1,10,10,21,0,9,32,117,158,0,73,73,231
08/05/2016,MEI,MS,ASO,CE,Federal Contract Tower,0,6,4,83,93,0,5,19,11,35,0,11,23,94,128,8,62,70,198
08/06/2016,MEI,MS,ASO,CE,Federal Contract Tower,0,4,10,6,20,0,3,19,3,25,0,7,29,9,45,4,6,10,55
08/07/2016,MEI,MS,ASO,CE,Federal Contract Tower,0,4,16,21,41,0,1,24,1,26,0,5,40,22,67,22,2,24,91
08/08/2016,MEI,MS,ASO,CE,Federal Contract Tower,0,6,16,118,140,0,0,22,12,34,0,6,38,130,174,22,78,100,274
08/09/2016,MEI,MS,ASO,CE,Federal Contract Tower,0,6,20,120,146,0,0,4,26,30,0,6,24,146,176,0,18,18,194
08/10/2016,MEI,MS,ASO,CE,Federal Contract Tower,0,8,16,143,167,0,2,5,9,16,0,10,21,152,183,12,0,12,195
08/11/2016,MEI,MS,ASO,CE,Federal Contract Tower,0,6,10,63,79,0,2,2,6,10,0,8,12,69,89,0,20,20,109
08/12/2016,MEI,MS,ASO,CE,Federal Contract Tower,0,4,17,89,110,0,0,5,2,7,0,4,22,91,117,4,8,12,129
08/13/2016,MEI,MS,ASO,CE,Federal Contract Tower,0,2,5,5,12,0,6,6,0,12,0,8,11,5,24,0,18,18,42
08/14/2016,MEI,MS,ASO,CE,Federal Contract Tower,0,5,14,32,51,0,0,10,7,17,0,5,24,39,68,0,10,10,78
08/15/2016,MEI,MS,ASO,CE,Federal Contract Tower,0,6,21,84,111,0,0,13,9,22,0,6,34,93,133,12,74,86,219
08/16/2016,MEI,MS,ASO,CE,Federal Contract Tower,0,6,22,111,139,0,0,13,9,22,0,6,35,120,161,18,6,24,185
08/17/2016,MEI,MS,ASO,CE,Federal Contract Tower,0,6,19,90,115,0,1,5,12,18,0,7,24,102,133,28,98,126,259
08/18/2016,MEI,MS,ASO,CE,Federal Contract Tower,0,6,35,125,166,0,0,11,17,28,0,6,46,142,194,14,150,164,358
08/19/2016,MEI,MS,ASO,CE,Federal Contract Tower,0,6,22,93,121,0,0,13,15,28,0,6,35,108,149,0,70,70,219
08/20/2016,MEI,MS,ASO,CE,Federal Contract Tower,0,4,10,10,24,0,2,13,13,28,0,6,23,23,52,28,8,36,88
08/21/2016,MEI,MS,ASO,CE,Federal Contract Tower,0,4,17,50,71,0,1,15,15,31,0,5,32,65,102,10,124,134,236
08/22/2016,MEI,MS,ASO,CE,Federal Contract Tower,0,5,11,57,73,0,1,6,14,21,0,6,17,71,94,2,14,16,110
08/23/2016,MEI,MS,ASO,CE,Federal Contract Tower,0,6,17,105,128,0,4,19,6,29,0,10,36,111,157,28,14,42,199
08/24/2016,MEI,MS,ASO,CE,Federal Contract Tower,0,7,6,104,117,0,0,17,11,28,0,7,23,115,145,0,20,20,165
08/25/2016,MEI,MS,ASO,CE,Federal Contract Tower,0,9,16,77,102,0,11,12,8,31,0,20,28,85,133,8,111,119,252
08/26/2016,MEI,MS,ASO,CE,Federal Contract Tower,0,6,19,76,101,0,0,17,8,25,0,6,36,84,126,0,10,10,136
08/27/2016,MEI,MS,ASO,CE,Federal Contract Tower,0,4,3,21,28,0,1,20,3,24,0,5,23,24,52,7,62,69,121
08/28/2016,MEI,MS,ASO,CE,Federal Contract Tower,0,4,3,36,43,0,1,17,13,31,0,5,20,49,74,0,12,12,86
08/29/2016,MEI,MS,ASO,CE,Federal Contract Tower,0,5,13,113,131,0,8,19,6,33,0,13,32,119,164,12,46,58,222
08/30/2016,MEI,MS,ASO,CE,Federal Contract Tower,0,7,24,102,133,0,1,18,11,30,0,8,42,113,163,20,30,50,213
08/31/2016,MEI,MS,ASO,CE,Federal Contract Tower,0,4,17,90,111,0,2,10,3,15,0,6,27,93,126,0,84,84,210
09/01/2016,MEI,MS,ASO,CE,Federal Contract Tower,0,4,6,61,71,0,0,12,13,25,0,4,18,74,96,8,80,88,184
09/02/2016,MEI,MS,ASO,CE,Federal Contract Tower,0,8,26,64,98,0,2,35,29,66,0,10,61,93,164,16,20,36,200
09/03/2016,MEI,MS,ASO,CE,Federal Contract Tower,0,4,15,10,29,0,1,19,0,20,0,5,34,10,49,16,14,30,79
09/04/2016,MEI,MS,ASO,CE,Federal Contract Tower,0,4,8,3,15,0,2,12,2,16,0,6,20,5,31,12,8,20,51
09/05/2016,MEI,MS,ASO,CE,Federal Contract Tower,0,6,22,0,28,0,8,23,0,31,0,14,45,0,59,24,0,24,83
09/06/2016,MEI,MS,ASO,CE,Federal Contract Tower,0,6,17,91,114,0,7,10,3,20,0,13,27,94,134,12,42,54,188
09/07/2016,MEI,MS,ASO,CE,Federal Contract Tower,0,6,11,63,80,0,2,19,0,21,0,8,30,63,101,24,36,60,161
09/08/2016,MEI,MS,ASO,CE,Federal Contract Tower,0,6,14,72,92,0,2,13,10,25,0,8,27,82,117,10,36,46,163
09/09/2016,MEI,MS,ASO,CE,Federal Contract Tower,0,6,12,117,135,0,6,32,7,45,0,12,44,124,180,14,14,28,208
09/10/2016,MEI,MS,ASO,CE,Federal Contract Tower,0,4,14,13,31,0,4,14,3,21,0,8,28,16,52,12,4,16,68
09/11/2016,MEI,MS,ASO,CE,Federal Contract Tower,0,4,7,9,20,0,2,14,3,19,0,6,21,12,39,24,0,24,63
09/12/2016,MEI,MS,ASO,CE,Federal Contract Tower,0,6,17,125,148,0,4,21,5,30,0,10,38,130,178,0,36,36,214
09/13/2016,MEI,MS,ASO,CE,Federal Contract Tower,0,10,10,86,106,0,5,16,18,39,0,15,26,104,145,12,126,138,283
09/14/2016,MEI,MS,ASO,CE,Federal Contract Tower,0,7,21,120,148,0,4,27,9,40,0,11,48,129,188,16,68,84,272
09/15/2016,MEI,MS,ASO,CE,Federal Contract Tower,0,6,33,123,162,0,0,19,10,29,0,6,52,133,191,8,70,78,269
09/16/2016,MEI,MS,ASO,CE,Federal Contract Tower,0,6,13,145,164,0,0,15,7,22,0,6,28,152,186,4,90,94,280
09/17/2016,MEI,MS,ASO,CE,Federal Contract Tower,0,4,5,16,25,0,0,8,3,11,0,4,13,19,36,43,4,47,83
09/18/2016,MEI,MS,ASO,CE,Federal Contract Tower,0,4,16,80,100,0,0,17,5,22,0,4,33,85,122,0,16,16,138
09/19/2016,MEI,MS,ASO,CE,Federal Contract Tower,0,6,12,127,145,0,1,24,10,35,0,7,36,137,180,0,32,32,212
09/20/2016,MEI,MS,ASO,CE,Federal Contract Tower,0,6,19,164,189,0,4,20,10,34,0,10,39,174,223,15,68,83,306
09/21/2016,MEI,MS,ASO,CE,Federal Contract Tower,0,4,14,103,121,0,7,15,8,30,0,11,29,111,151,14,140,154,305
09/22/2016,MEI,MS,ASO,CE,Federal Contract Tower,0,6,26,134,166,0,0,9,11,20,0,6,35,145,186,0,48,48,234
09/23/2016,MEI,MS,ASO,CE,Federal Contract Tower,0,6,14,68,88,0,2,29,8,39,0,8,43,76,127,8,18,26,153
09/24/2016,MEI,MS,ASO,CE,Federal Contract Tower,0,4,7,23,34,0,3,30,9,42,0,7,37,32,76,6,94,100,176
09/25/2016,MEI,MS,ASO,CE,Federal Contract Tower,0,4,16,15,35,0,1,19,5,25,0,5,35,20,60,0,0,0,60
09/26/2016,MEI,MS,ASO,CE,Federal Contract Tower,0,6,20,152,178,0,5,17,18,40,0,11,37,170,218,10,72,82,300
09/27/2016,MEI,MS,ASO,CE,Federal Contract Tower,0,6,24,71,101,0,0,15,19,34,0,6,39,90,135,32,34,66,201
09/28/2016,MEI,MS,ASO,CE,Federal Contract Tower,0,6,17,108,131,0,0,11,15,26,0,6,28,123,157,0,66,66,223
09/29/2016,MEI,MS,ASO,CE,Federal Contract Tower,0,6,17,103,126,0,2,12,9,23,0,8,29,112,149,6,50,56,205
09/30/2016,MEI,MS,ASO,CE,Federal Contract Tower,0,6,22,84,112,0,3,27,12,42,0,9,49,96,154,0,26,26,180
10/01/2016,MEI,MS,ASO,CE,Federal Contract Tower,0,4,13,11,28,0,2,28,7,37,0,6,41,18,65,32,26,58,123
10/02/2016,MEI,MS,ASO,CE,Federal Contract Tower,0,4,17,13,34,0,2,25,4,31,0,6,42,17,65,2,0,2,67
10/03/2016,MEI,MS,ASO,CE,Federal Contract Tower,0,6,18,121,145,0,2,25,6,33,0,8,43,127,178,6,48,54,232
10/04/2016,MEI,MS,ASO,CE,Federal Contract Tower,0,6,13,172,191,0,3,22,10,35,0,9,35,182,226,0,96,96,322
10/05/2016,MEI,MS,ASO,CE,Federal Contract Tower,0,4,23,162,189,0,6,17,13,36,0,10,40,175,225,10,108,118,343
10/06/2016,MEI,MS,ASO,CE,Federal Contract Tower,0,6,17,130,153,0,2,6,11,19,0,8,23,141,172,52,132,184,356
10/07/2016,MEI,MS,ASO,CE,Federal Contract Tower,0,6,17,97,120,0,0,15,17,32,0,6,32,114,152,0,72,72,224
10/08/2016,MEI,MS,ASO,CE,Federal Contract Tower,0,4,8,26,38,0,3,23,18,44,0,7,31,44,82,6,34,40,122
10/09/2016,MEI,MS,ASO,CE,Federal Contract Tower,0,4,9,21,34,0,3,12,5,20,0,7,21,26,54,2,8,10,64
10/10/2016,MEI,MS,ASO,CE,Federal Contract Tower,0,6,16,5,27,0,5,23,1,29,0,11,39,6,56,18,0,18,74
10/11/2016,MEI,MS,ASO,CE,Federal Contract Tower,0,6,14,98,118,0,1,16,9,26,0,7,30,107,144,0,18,18,162
10/12/2016,MEI,MS,ASO,CE,Federal Contract Tower,0,7,24,101,132,0,6,23,14,43,0,13,47,115,175,4,16,20,195
10/13/2016,MEI,MS,ASO,CE,Federal Contract Tower,0,6,28,90,124,0,0,20,15,35,0,6,48,105,159,6,42,48,207
10/14/2016,MEI,MS,ASO,CE,Federal Contract Tower,0,6,9,115,130,0,4,13,10,27,0,10,22,125,157,0,35,35,192
10/15/2016,MEI,MS,ASO,CE,Federal Contract Tower,0,4,14,13,31,0,3,20,0,23,0,7,34,13,54,0,20,20,74
10/16/2016,MEI,MS,ASO,CE,Federal Contract Tower,0,4,7,21,32,0,4,21,8,33,0,8,28,29,65,6,36,42,107
10/17/2016,MEI,MS,ASO,CE,Federal Contract Tower,0,6,14,94,114,0,1,13,7,21,0,7,27,101,135,0,84,84,219
10/18/2016,MEI,MS,ASO,CE,Federal Contract Tower,0,8,14,124,146,0,3,8,15,26,0,11,22,139,172,0,40,40,212
10/19/2016,MEI,MS,ASO,CE,Federal Contract Tower,0,6,22,120,148,0,1,13,7,21,0,7,35,127,169,2,44,46,215
10/20/2016,MEI,MS,ASO,CE,Federal Contract Tower,0,6,15,82,103,0,2,4,10,16,0,8,19,92,119,0,74,74,193
10/21/2016,MEI,MS,ASO,CE,Federal Contract Tower,0,6,19,90,115,0,6,19,35,60,0,12,38,125,175,0,68,68,243
10/22/2016,MEI,MS,ASO,CE,Federal Contract Tower,0,6,19,90,115,0,6,19,35,60,0,12,38,125,175,0,68,68,243
10/23/2016,MEI,MS,ASO,CE,Federal Contract Tower,0,4,18,58,80,0,5,42,12,59,0,9,60,70,139,8,16,24,163
10/24/2016,MEI,MS,ASO,CE,Federal Contract Tower,0,8,27,102,137,0,4,12,16,32,0,12,39,118,169,0,78,78,247
10/25/2016,MEI,MS,ASO,CE,Federal Contract Tower,0,6,23,114,143,0,2,18,20,40,0,8,41,134,183,2,108,110,293
10/26/2016,MEI,MS,ASO,CE,Federal Contract Tower,0,11,23,107,141,0,4,13,5,22,0,15,36,112,163,2,68,70,233
10/27/2016,MEI,MS,ASO,CE,Federal Contract Tower,0,8,22,99,129,0,4,8,10,22,0,12,30,109,151,4,8,12,163
10/28/2016,MEI,MS,ASO,CE,Federal Contract Tower,0,6,25,62,93,0,2,15,1,18,0,8,40,63,111,0,8,8,119
10/29/2016,MEI,MS,ASO,CE,Federal Contract Tower,0,4,10,6,20,0,2,20,0,22,0,6,30,6,42,0,0,0,42
10/30/2016,MEI,MS,ASO,CE,Federal Contract Tower,0,4,28,13,45,0,2,11,1,14,0,6,39,14,59,4,28,32,91
10/31/2016,MEI,MS,ASO,CE,Federal Contract Tower,0,6,22,91,119,0,5,29,6,40,0,11,51,97,159,0,118,118,277
11/01/2016,MEI,MS,ASO,CE,Federal Contract Tower,0,6,33,83,122,0,7,23,7,37,0,13,56,90,159,0,44,44,203
11/02/2016,MEI,MS,ASO,CE,Federal Contract Tower,0,9,17,116,142,0,1,17,7,25,0,10,34,123,167,12,96,108,275
11/03/2016,MEI,MS,ASO,CE,Federal Contract Tower,0,8,23,115,146,0,2,14,4,20,0,10,37,119,166,10,80,90,256
11/04/2016,MEI,MS,ASO,CE,Federal Contract Tower,0,4,21,93,118,0,5,23,5,33,0,9,44,98,151,2,60,62,213
11/05/2016,MEI,MS,ASO,CE,Federal Contract Tower,0,3,16,15,34,0,5,11,2,18,0,8,27,17,52,18,44,62,114
11/06/2016,MEI,MS,ASO,CE,Federal Contract Tower,0,3,12,11,26,0,0,24,3,27,0,3,36,14,53,4,0,4,57
11/07/2016,MEI,MS,ASO,CE,Federal Contract Tower,0,6,14,71,91,0,2,20,1,23,0,8,34,72,114,2,74,76,190
11/08/2016,MEI,MS,ASO,CE,Federal Contract Tower,0,6,14,105,125,0,4,4,7,15,0,10,18,112,140,0,28,28,168
11/09/2016,MEI,MS,ASO,CE,Federal Contract Tower,0,6,15,90,111,0,1,12,4,17,0,7,27,94,128,0,88,88,216
11/10/2016,MEI,MS,ASO,CE,Federal Contract Tower,0,8,10,165,183,0,2,28,12,42,0,10,38,177,225,0,118,118,343
11/11/2016,MEI,MS,ASO,CE,Federal Contract Tower,0,9,14,24,47,0,2,20,4,26,0,11,34,28,73,24,34,58,131
11/12/2016,MEI,MS,ASO,CE,Federal Contract Tower,0,3,17,19,39,0,4,9,14,27,0,7,26,33,66,16,6,22,88
11/13/2016,MEI,MS,ASO,CE,Federal Contract Tower,0,4,11,10,25,0,0,7,0,7,0,4,18,10,32,0,10,10,42
11/14/2016,MEI,MS,ASO,CE,Federal Contract Tower,0,5,16,123,144,0,1,17,10,28,0,6,33,133,172,18,50,68,240
11/15/2016,MEI,MS,ASO,CE,Federal Contract Tower,0,5,25,112,142,0,0,19,7,26,0,5,44,119,168,62,92,154,322
11/16/2016,MEI,MS,ASO,CE,Federal Contract Tower,0,4,14,138,156,0,3,10,22,35,0,7,24,160,191,6,30,36,227
11/17/2016,MEI,MS,ASO,CE,Federal Contract Tower,0,4,18,97,119,0,0,27,12,39,0,4,45,109,158,22,60,82,240
11/18/2016,MEI,MS,ASO,CE,Federal Contract Tower,0,7,16,94,117,0,4,14,9,27,0,11,30,103,144,0,80,80,224
11/19/2016,MEI,MS,ASO,CE,Federal Contract Tower,0,4,14,5,23,0,2,12,0,14,0,6,26,5,37,10,2,12,49
11/20/2016,MEI,MS,ASO,CE,Federal Contract Tower,0,3,18,42,63,0,3,23,1,27,0,6,41,43,90,36,12,48,138
11/21/2016,MEI,MS,ASO,CE,Federal Contract Tower,0,5,20,116,141,0,7,27,5,39,0,12,47,121,180,0,60,60,240
11/22/2016,MEI,MS,ASO,CE,Federal Contract Tower,0,4,26,122,152,0,5,23,9,37,0,9,49,131,189,8,84,92,281
11/23/2016,MEI,MS,ASO,CE,Federal Contract Tower,0,6,18,27,51,0,1,3,2,6,0,7,21,29,57,0,146,146,203
11/24/2016,MEI,MS,ASO,CE,Federal Contract Tower,0,5,6,0,11,0,6,7,0,13,0,11,13,0,24,0,0,0,24
11/25/2016,MEI,MS,ASO,CE,Federal Contract Tower,0,6,8,0,14,0,0,12,0,12,0,6,20,0,26,0,0,0,26
11/26/2016,MEI,MS,ASO,CE,Federal Contract Tower,0,3,19,0,22,0,5,9,0,14,0,8,28,0,36,0,0,0,36
11/27/2016,MEI,MS,ASO,CE,Federal Contract Tower,0,2,27,0,29,0,4,23,0,27,0,6,50,0,56,10,0,10,66
11/28/2016,MEI,MS,ASO,CE,Federal Contract Tower,0,4,16,30,50,0,1,3,0,4,0,5,19,30,54,0,4,4,58
11/29/2016,MEI,MS,ASO,CE,Federal Contract Tower,0,6,14,102,122,0,3,3,11,17,0,9,17,113,139,4,114,118,257
11/30/2016,MEI,MS,ASO,CE,Federal Contract Tower,0,6,7,126,139,0,6,3,5,14,0,12,10,131,153,0,76,76,229
12/01/2016,MEI,MS,ASO,CE,Federal Contract Tower,0,6,38,141,185,0,2,23,17,42,0,8,61,158,227,0,80,80,307
12/02/2016,MEI,MS,ASO,CE,Federal Contract Tower,0,6,15,107,128,0,4,13,9,26,0,10,28,116,154,8,60,68,222
12/03/2016,MEI,MS,ASO,CE,Federal Contract Tower,0,3,2,9,14,0,4,25,1,30,0,7,27,10,44,2,2,4,48
12/04/2016,MEI,MS,ASO,CE,Federal Contract Tower,0,4,13,33,50,0,0,0,0,0,0,4,13,33,50,0,0,0,50
12/05/2016,MEI,MS,ASO,CE,Federal Contract Tower,0,5,9,4,18,0,0,0,0,0,0,5,9,4,18,0,0,0,18
12/06/2016,MEI,MS,ASO,CE,Federal Contract Tower,0,5,12,93,110,0,3,3,0,6,0,8,15,93,116,0,4,4,120
12/07/2016,MEI,MS,ASO,CE,Federal Contract Tower,0,5,19,164,188,0,1,5,0,6,0,6,24,164,194,0,14,14,208
12/08/2016,MEI,MS,ASO,CE,Federal Contract Tower,0,6,9,123,138,0,1,13,7,21,0,7,22,130,159,0,98,98,257
12/09/2016,MEI,MS,ASO,CE,Federal Contract Tower,0,4,15,73,92,0,5,26,6,37,0,9,41,79,129,42,42,84,213
12/10/2016,MEI,MS,ASO,CE,Federal Contract Tower,0,3,3,38,44,0,7,19,4,30,0,10,22,42,74,14,34,48,122
12/11/2016,MEI,MS,ASO,CE,Federal Contract Tower,0,3,6,36,45,0,2,13,11,26,0,5,19,47,71,12,22,34,105
12/12/2016,MEI,MS,ASO,CE,Federal Contract Tower,0,6,20,109,135,0,0,2,0,2,0,6,22,109,137,0,0,0,137
12/13/2016,MEI,MS,ASO,CE,Federal Contract Tower,0,6,9,42,57,0,0,0,0,0,0,6,9,42,57,0,0,0,57
12/14/2016,MEI,MS,ASO,CE,Federal Contract Tower,0,6,31,125,162,0,1,4,1,6,0,7,35,126,168,6,4,10,178
12/15/2016,MEI,MS,ASO,CE,Federal Contract Tower,0,6,15,149,170,0,4,33,16,53,0,10,48,165,223,26,72,98,321
12/16/2016,MEI,MS,ASO,CE,Federal Contract Tower,0,8,13,69,90,0,5,13,11,29,0,13,26,80,119,12,26,38,157
12/17/2016,MEI,MS,ASO,CE,Federal Contract Tower,0,4,4,34,42,0,5,1,1,7,0,9,5,35,49,2,4,6,55
12/18/2016,MEI,MS,ASO,CE,Federal Contract Tower,0,3,9,0,12,0,0,0,0,0,0,3,9,0,12,0,0,0,12
12/19/2016,MEI,MS,ASO,CE,Federal Contract Tower,0,5,19,108,132,0,3,17,5,25,0,8,36,113,157,0,44,44,201
12/20/2016,MEI,MS,ASO,CE,Federal Contract Tower,0,5,25,66,96,0,2,7,0,9,0,7,32,66,105,0,0,0,105
12/21/2016,MEI,MS,ASO,CE,Federal Contract Tower,0,5,15,126,146,0,0,16,10,26,0,5,31,136,172,0,192,192,364
12/22/2016,MEI,MS,ASO,CE,Federal Contract Tower,0,5,19,79,103,0,3,16,9,28,0,8,35,88,131,0,10,10,141
12/23/2016,MEI,MS,ASO,CE,Federal Contract Tower,0,5,17,61,83,0,4,22,7,33,0,9,39,68,116,20,10,30,146
12/24/2016,MEI,MS,ASO,CE,Federal Contract Tower,0,5,8,0,13,0,0,3,0,3,0,5,11,0,16,0,0,0,16
12/25/2016,MEI,MS,ASO,CE,Federal Contract Tower,0,3,1,0,4,0,3,0,0,3,0,6,1,0,7,0,0,0,7
12/26/2016,MEI,MS,ASO,CE,Federal Contract Tower,0,6,19,0,25,0,0,12,0,12,0,6,31,0,37,20,0,20,57
12/27/2016,MEI,MS,ASO,CE,Federal Contract Tower,0,5,16,7,28,0,3,7,2,12,0,8,23,9,40,14,20,34,74
12/28/2016,MEI,MS,ASO,CE,Federal Contract Tower,0,5,20,49,74,0,0,5,0,5,0,5,25,49,79,24,2,26,105
12/29/2016,MEI,MS,ASO,CE,Federal Contract Tower,0,4,21,36,61,0,0,21,5,26,0,4,42,41,87,2,2,4,91
12/30/2016,MEI,MS,ASO,CE,Federal Contract Tower,0,6,35,30,71,0,10,21,9,40,0,16,56,39,111,0,8,8,119
12/31/2016,MEI,MS,ASO,CE,Federal Contract Tower,0,4,2,0,6,0,5,3,0,8,0,9,5,0,14,0,0,0,14
01/01/2017,MEI,MS,ASO,CE,Federal Contract Tower,0,4,0,0,4,0,0,0,0,0,0,4,0,0,4,0,0,0,4
01/02/2017,MEI,MS,ASO,CE,Federal Contract Tower,0,5,6,0,11,0,0,0,0,0,0,5,6,0,11,0,0,0,11
01/03/2017,MEI,MS,ASO,CE,Federal Contract Tower,0,6,20,11,37,0,1,14,4,19,0,7,34,15,56,10,30,40,96
01/04/2017,MEI,MS,ASO,CE,Federal Contract Tower,0,5,27,89,121,0,9,7,4,20,0,14,34,93,141,0,80,80,221
01/05/2017,MEI,MS,ASO,CE,Federal Contract Tower,0,4,22,108,134,0,0,7,14,21,0,4,29,122,155,3,60,63,218
01/06/2017,MEI,MS,ASO,CE,Federal Contract Tower,0,3,3,0,6,0,0,0,0,0,0,3,3,0,6,0,0,0,6
01/07/2017,MEI,MS,ASO,CE,Federal Contract Tower,0,0,6,1,7,0,5,3,6,14,0,5,9,7,21,0,2,2,23
01/08/2017,MEI,MS,ASO,CE,Federal Contract Tower,0,4,12,43,59,0,0,17,1,18,0,4,29,44,77,2,32,34,111
01/09/2017,MEI,MS,ASO,CE,Federal Contract Tower,0,7,12,78,97,0,0,15,11,26,0,7,27,89,123,9,16,25,148
01/10/2017,MEI,MS,ASO,CE,Federal Contract Tower,0,6,17,138,161,0,1,8,9,18,0,7,25,147,179,0,86,86,265
01/11/2017,MEI,MS,ASO,CE,Federal Contract Tower,0,5,12,201,218,0,1,0,5,6,0,6,12,206,224,0,42,42,266
01/12/2017,MEI,MS,ASO,CE,Federal Contract Tower,0,5,8,195,208,0,0,12,3,15,0,5,20,198,223,18,18,36,259
01/13/2017,MEI,MS,ASO,CE,Federal Contract Tower,0,3,14,141,158,0,5,9,4,18,0,8,23,145,176,14,26,40,216
01/14/2017,MEI,MS,ASO,CE,Federal Contract Tower,0,3,12,17,32,0,3,16,1,20,0,6,28,18,52,0,0,0,52
01/15/2017,MEI,MS,ASO,CE,Federal Contract Tower,0,3,7,20,30,0,3,27,1,31,0,6,34,21,61,4,12,16,77
01/16/2017,MEI,MS,ASO,CE,Federal Contract Tower,0,5,3,5,13,0,1,5,0,6,0,6,8,5,19,0,0,0,19
01/17/2017,MEI,MS,ASO,CE,Federal Contract Tower,0,7,14,98,119,0,1,6,17,24,0,8,20,115,143,0,62,62,205
01/18/2017,MEI,MS,ASO,CE,Federal Contract Tower,0,11,12,135,158,0,2,1,7,10,0,13,13,142,168,0,37,37,205
01/19/2017,MEI,MS,ASO,CE,Federal Contract Tower,0,5,6,18,29,0,0,0,0,0,0,5,6,18,29,0,0,0,29
01/20/2017,MEI,MS,ASO,CE,Federal Contract Tower,0,5,9,159,173,0,5,13,11,29,0,10,22,170,202,0,78,78,280
01/21/2017,MEI,MS,ASO,CE,Federal Contract Tower,0,3,3,42,48,0,4,18,5,27,0,7,21,47,75,32,30,62,137
01/22/2017,MEI,MS,ASO,CE,Federal Contract Tower,0,4,5,28,37,0,0,1,8,9,0,4,6,36,46,0,24,24,70
01/23/2017,MEI,MS,ASO,CE,Federal Contract Tower,0,8,8,139,155,0,1,9,4,14,0,9,17,143,169,0,64,64,233
01/24/2017,MEI,MS,ASO,CE,Federal Contract Tower,0,4,25,97,126,0,1,24,22,47,0,5,49,119,173,2,124,126,299
01/25/2017,MEI,MS,ASO,CE,Federal Contract Tower,0,5,23,139,167,0,0,9,4,13,0,5,32,143,180,22,14,36,216
01/26/2017,MEI,MS,ASO,CE,Federal Contract Tower,0,7,17,162,186,0,4,12,11,27,0,11,29,173,213,0,78,78,291
01/27/2017,MEI,MS,ASO,CE,Federal Contract Tower,0,5,24,103,132,0,8,12,5,25,0,13,36,108,157,0,76,76,233
01/28/2017,MEI,MS,ASO,CE,Federal Contract Tower,0,3,14,24,41,0,3,34,4,41,0,6,48,28,82,0,16,16,98
01/29/2017,MEI,MS,ASO,CE,Federal Contract Tower,0,4,11,25,40,0,3,11,4,18,0,7,22,29,58,0,2,2,60
01/30/2017,MEI,MS,ASO,CE,Federal Contract Tower,0,5,12,150,167,0,3,14,14,31,0,8,26,164,198,4,74,78,276
01/31/2017,MEI,MS,ASO,CE,Federal Contract Tower,0,5,20,148,173,0,0,16,13,29,0,5,36,161,202,0,160,160,362
02/01/2017,MEI,MS,ASO,CE,Federal Contract Tower,0,6,22,88,116,0,4,12,7,23,0,10,34,95,139,0,82,82,221
02/02/2017,MEI,MS,ASO,CE,Federal Contract Tower,0,7,24,107,138,0,2,3,3,8,0,9,27,110,146,0,6,6,152
02/03/2017,MEI,MS,ASO,CE,Federal Contract Tower,0,5,16,121,142,0,0,13,6,19,0,5,29,127,161,20,74,94,255
02/04/2017,MEI,MS,ASO,CE,Federal Contract Tower,0,4,10,16,30,0,7,37,22,66,0,11,47,38,96,18,38,56,152
02/05/2017,MEI,MS,ASO,CE,Federal Contract Tower,0,3,14,21,38,0,2,9,2,13,0,5,23,23,51,0,4,4,55
02/06/2017,MEI,MS,ASO,CE,Federal Contract Tower,0,9,14,125,148,0,3,3,8,14,0,12,17,133,162,0,32,32,194
02/07/2017,MEI,MS,ASO,CE,Federal Contract Tower,0,5,9,4,18,0,1,2,0,3,0,6,11,4,21,2,0,2,23
02/08/2017,MEI,MS,ASO,CE,Federal Contract Tower,0,5,25,105,135,0,7,9,21,37,0,12,34,126,172,0,66,66,238
02/09/2017,MEI,MS,ASO,CE,Federal Contract Tower,0,9,20,112,141,0,3,10,7,20,0,12,30,119,161,0,92,92,253
02/10/2017,MEI,MS,ASO,CE,Federal Contract Tower,0,8,6,83,97,0,6,25,12,43,0,14,31,95,140,0,52,52,192
02/11/2017,MEI,MS,ASO,CE,Federal Contract Tower,0,4,10,20,34,0,0,7,0,7,0,4,17,20,41,8,0,8,49
02/12/2017,MEI,MS,ASO,CE,Federal Contract Tower,0,3,18,32,53,0,1,9,1,11,0,4,27,33,64,10,10,20,84
02/13/2017,MEI,MS,ASO,CE,Federal Contract Tower,0,6,14,122,142,0,1,28,5,34,0,7,42,127,176,6,60,66,242
02/14/2017,MEI,MS,ASO,CE,Federal Contract Tower,0,7,14,128,149,0,12,49,23,84,0,19,63,151,233,20,54,74,307
02/15/2017,MEI,MS,ASO,CE,Federal Contract Tower,0,7,13,107,127,0,0,14,10,24,0,7,27,117,151,0,32,32,183
02/16/2017,MEI,MS,ASO,CE,Federal Contract Tower,0,4,19,102,125,0,0,46,13,59,0,4,65,115,184,61,78,139,323
02/17/2017,MEI,MS,ASO,CE,Federal Contract Tower,0,6,14,68,88,0,3,28,12,43,0,9,42,80,131,104,28,132,263
02/18/2017,MEI,MS,ASO,CE,Federal Contract Tower,0,3,3,12,18,0,6,8,1,15,0,9,11,13,33,64,0,64,97
02/19/2017,MEI,MS,ASO,CE,Federal Contract Tower,0,2,13,1,16,0,10,85,5,100,0,12,98,6,116,95,0,95,211
02/20/2017,MEI,MS,ASO,CE,Federal Contract Tower,0,6,20,2,28,0,3,15,0,18,0,9,35,2,46,0,58,58,104
02/21/2017,MEI,MS,ASO,CE,Federal Contract Tower,0,7,18,78,103,0,5,3,0,8,0,12,21,78,111,6,0,6,117
02/22/2017,MEI,MS,ASO,CE,Federal Contract Tower,0,7,24,108,139,0,3,14,7,24,0,10,38,115,163,54,36,90,253
02/23/2017,MEI,MS,ASO,CE,Federal Contract Tower,0,5,15,35,55,0,6,21,5,32,0,11,36,40,87,20,40,60,147
02/24/2017,MEI,MS,ASO,CE,Federal Contract Tower,0,7,28,51,86,0,6,17,4,27,0,13,45,55,113,12,68,80,193
02/25/2017,MEI,MS,ASO,CE,Federal Contract Tower,0,3,13,25,41,0,6,34,13,53,0,9,47,38,94,16,20,36,130
02/26/2017,MEI,MS,ASO,CE,Federal Contract Tower,0,3,16,41,60,0,0,43,24,67,0,3,59,65,127,10,50,60,187
02/27/2017,MEI,MS,ASO,CE,Federal Contract Tower,0,6,12,46,64,0,0,2,0,2,0,6,14,46,66,2,68,70,136
02/28/2017,MEI,MS,ASO,CE,Federal Contract Tower,0,5,3,2,10,0,6,15,63,84,0,11,18,65,94,2,26,28,122
03/01/2017,MEI,MS,ASO,CE,Federal Contract Tower,0,5,15,73,93,0,4,2,4,10,0,9,17,77,103,0,8,8,111
03/02/2017,MEI,MS,ASO,CE,Federal Contract Tower,0,4,18,136,158,0,5,20,12,37,0,9,38,148,195,0,78,78,273
03/03/2017,MEI,MS,ASO,CE,Federal Contract Tower,0,4,13,56,73,0,2,41,10,53,0,6,54,66,126,8,44,52,178
03/04/2017,MEI,MS,ASO,CE,Federal Contract Tower,0,4,17,13,34,0,2,33,4,39,0,6,50,17,73,34,22,56,129
03/05/2017,MEI,MS,ASO,CE,Federal Contract Tower,0,4,14,36,54,0,5,22,8,35,0,9,36,44,89,6,24,30,119
03/06/2017,MEI,MS,ASO,CE,Federal Contract Tower,0,8,11,105,124,0,2,7,3,12,0,10,18,108,136,2,94,96,232
03/07/2017,MEI,MS,ASO,CE,Federal Contract Tower,0,5,4,30,39,0,1,0,0,1,0,6,4,30,40,0,0,0,40
03/08/2017,MEI,MS,ASO,CE,Federal Contract Tower,0,5,16,83,104,0,6,31,21,58,0,11,47,104,162,26,48,74,236
03/09/2017,MEI,MS,ASO,CE,Federal Contract Tower,0,7,27,95,129,0,4,14,25,43,0,11,41,120,172,18,114,132,304
03/10/2017,MEI,MS,ASO,CE,Federal Contract Tower,0,5,17,79,101,0,4,18,5,27,0,9,35,84,128,8,4,12,140
03/11/2017,MEI,MS,ASO,CE,Federal Contract Tower,0,3,25,22,50,0,1,10,4,15,0,4,35,26,65,2,18,20,85
03/12/2017,MEI,MS,ASO,CE,Federal Contract Tower,0,3,16,30,49,0,0,16,6,22,0,3,32,36,71,2,6,8,79
03/13/2017,MEI,MS,ASO,CE,Federal Contract Tower,0,4,15,20,39,0,2,0,0,2,0,6,15,20,41,0,0,0,41
03/14/2017,MEI,MS,ASO,CE,Federal Contract Tower,0,7,17,89,113,0,1,14,2,17,0,8,31,91,130,36,0,36,166
03/15/2017,MEI,MS,ASO,CE,Federal Contract Tower,0,8,23,48,79,0,2,31,9,42,0,10,54,57,121,8,36,44,165
03/16/2017,MEI,MS,ASO,CE,Federal Contract Tower,0,5,18,66,89,0,1,6,15,22,0,6,24,81,111,0,4,4,115
03/17/2017,MEI,MS,ASO,CE,Federal Contract Tower,0,7,28,62,97,0,6,16,2,24,0,13,44,64,121,10,34,44,165
03/18/2017,MEI,MS,ASO,CE,Federal Contract Tower,0,3,25,21,49,0,1,10,1,12,0,4,35,22,61,0,16,16,77
03/19/2017,MEI,MS,ASO,CE,Federal Contract Tower,0,2,19,13,34,0,0,52,8,60,0,2,71,21,94,54,6,60,154
03/20/2017,MEI,MS,ASO,CE,Federal Contract Tower,0,4,20,54,78,0,0,10,3,13,0,4,30,57,91,0,94,94,185
03/21/2017,MEI,MS,ASO,CE,Federal Contract Tower,0,6,30,56,92,0,5,13,7,25,0,11,43,63,117,10,50,60,177
03/22/2017,MEI,MS,ASO,CE,Federal Contract Tower,0,5,29,76,110,0,3,11,9,23,0,8,40,85,133,2,76,78,211
03/23/2017,MEI,MS,ASO,CE,Federal Contract Tower,0,8,19,125,152,0,0,30,9,39,0,8,49,134,191,4,80,84,275
03/24/2017,MEI,MS,ASO,CE,Federal Contract Tower,0,4,20,69,93,0,0,6,1,7,0,4,26,70,100,0,28,28,128
03/25/2017,MEI,MS,ASO,CE,Federal Contract Tower,0,2,1,1,4,0,2,0,0,2,0,4,1,1,6,0,0,0,6
03/26/2017,MEI,MS,ASO,CE,Federal Contract Tower,0,4,21,2,27,0,4,17,0,21,0,8,38,2,48,0,0,0,48
03/27/2017,MEI,MS,ASO,CE,Federal Contract Tower,0,4,17,6,27,0,0,9,0,9,0,4,26,6,36,0,0,0,36
03/28/2017,MEI,MS,ASO,CE,Federal Contract Tower,0,6,13,121,140,0,1,10,4,15,0,7,23,125,155,10,56,66,221
03/29/2017,MEI,MS,ASO,CE,Federal Contract Tower,0,5,15,108,128,0,5,16,4,25,0,10,31,112,153,2,66,68,221
03/30/2017,MEI,MS,ASO,CE,Federal Contract Tower,0,5,13,35,53,0,0,9,3,12,0,5,22,38,65,0,36,36,101
03/31/2017,MEI,MS,ASO,CE,Federal Contract Tower,0,5,11,33,49,0,6,31,11,48,0,11,42,44,97,28,84,112,209
04/01/2017,MEI,MS,ASO,CE,Federal Contract Tower,0,3,17,18,38,0,1,49,10,60,0,4,66,28,98,48,48,96,194
04/02/2017,MEI,MS,ASO,CE,Federal Contract Tower,0,2,24,34,60,0,0,20,4,24,0,2,44,38,84,28,46,74,158
04/03/2017,MEI,MS,ASO,CE,Federal Contract Tower,0,7,6,24,37,0,5,11,6,22,0,12,17,30,59,0,88,88,147
04/04/2017,MEI,MS,ASO,CE,Federal Contract Tower,0,5,22,86,113,0,5,27,13,45,0,10,49,99,158,8,94,102,260
04/05/2017,MEI,MS,ASO,CE,Federal Contract Tower,0,7,10,15,32,0,0,0,2,2,0,7,10,17,34,0,6,6,40
04/06/2017,MEI,MS,ASO,CE,Federal Contract Tower,0,6,11,45,62,0,0,16,4,20,0,6,27,49,82,0,90,90,172
04/07/2017,MEI,MS,ASO,CE,Federal Contract Tower,0,5,22,24,51,0,4,20,3,27,0,9,42,27,78,0,12,12,90
04/08/2017,MEI,MS,ASO,CE,Federal Contract Tower,0,4,18,0,22,0,2,25,0,27,0,6,43,0,49,8,0,8,57
04/09/2017,MEI,MS,ASO,CE,Federal Contract Tower,0,4,18,5,27,0,5,23,2,30,0,9,41,7,57,6,0,6,63
04/10/2017,MEI,MS,ASO,CE,Federal Contract Tower,0,6,20,32,58,0,2,15,0,17,0,8,35,32,75,6,78,84,159
04/11/2017,MEI,MS,ASO,CE,Federal Contract Tower,0,7,10,27,44,0,0,27,1,28,0,7,37,28,72,0,10,10,82
04/12/2017,MEI,MS,ASO,CE,Federal Contract Tower,0,6,15,17,38,0,2,13,3,18,0,8,28,20,56,0,76,76,132
04/13/2017,MEI,MS,ASO,CE,Federal Contract Tower,0,6,17,17,40,0,3,16,1,20,0,9,33,18,60,0,40,40,100
04/14/2017,MEI,MS,ASO,CE,Federal Contract Tower,0,6,8,27,41,0,2,16,0,18,0,8,24,27,59,16,0,16,75
04/15/2017,MEI,MS,ASO,CE,Federal Contract Tower,0,4,10,0,14,0,0,13,0,13,0,4,23,0,27,18,0,18,45
04/16/2017,MEI,MS,ASO,CE,Federal Contract Tower,0,4,7,3,14,0,2,15,0,17,0,6,22,3,31,12,0,12,43
04/17/2017,MEI,MS,ASO,CE,Federal Contract Tower,0,6,25,29,60,0,1,6,0,7,0,7,31,29,67,4,8,12,79
04/18/2017,MEI,MS,ASO,CE,Federal Contract Tower,0,6,22,52,80,0,0,9,0,9,0,6,31,52,89,0,76,76,165
04/19/2017,MEI,MS,ASO,CE,Federal Contract Tower,0,6,16,92,114,0,6,25,9,40,0,12,41,101,154,18,58,76,230
04/20/2017,MEI,MS,ASO,CE,Federal Contract Tower,0,7,21,59,87,0,3,16,3,22,0,10,37,62,109,0,70,70,179
04/21/2017,MEI,MS,ASO,CE,Federal Contract Tower,0,11,18,47,76,0,5,18,3,26,0,16,36,50,102,18,12,30,132
04/22/2017,MEI,MS,ASO,CE,Federal Contract Tower,0,4,16,10,30,0,4,25,2,31,0,8,41,12,61,0,0,0,61
04/23/2017,MEI,MS,ASO,CE,Federal Contract Tower,0,4,15,24,43,0,1,3,2,6,0,5,18,26,49,0,4,4,53
04/24/2017,MEI,MS,ASO,CE,Federal Contract Tower,0,6,19,30,55,0,5,28,0,33,0,11,47,30,88,36,24,60,148
04/25/2017,MEI,MS,ASO,CE,Federal Contract Tower,0,6,16,38,60,0,0,22,1,23,0,6,38,39,83,24,52,76,159
04/26/2017,MEI,MS,ASO,CE,Federal Contract Tower,0,4,15,79,98,0,4,14,2,20,0,8,29,81,118,10,84,94,212
04/27/2017,MEI,MS,ASO,CE,Federal Contract Tower,0,6,19,69,94,0,8,25,5,38,0,14,44,74,132,20,22,42,174
04/28/2017,MEI,MS,ASO,CE,Federal Contract Tower,0,7,17,62,86,0,2,13,0,15,0,9,30,62,101,12,24,36,137
04/29/2017,MEI,MS,ASO,CE,Federal Contract Tower,0,2,11,0,13,0,3,12,0,15,0,5,23,0,28,4,0,4,32
04/30/2017,MEI,MS,ASO,CE,Federal Contract Tower,0,2,2,0,4,0,0,0,0,0,0,2,2,0,4,0,0,0,4
05/01/2017,MEI,MS,ASO,CE,Federal Contract Tower,0,6,10,34,50,0,4,26,4,34,0,10,36,38,84,48,68,116,200
05/02/2017,MEI,MS,ASO,CE,Federal Contract Tower,0,6,26,51,83,0,0,28,1,29,0,6,54,52,112,4,84,88,200
05/03/2017,MEI,MS,ASO,CE,Federal Contract Tower,0,5,14,53,72,0,2,16,1,19,0,7,30,54,91,0,52,52,143
05/04/2017,MEI,MS,ASO,CE,Federal Contract Tower,0,6,10,26,42,0,1,5,1,7,0,7,15,27,49,0,0,0,49
05/05/2017,MEI,MS,ASO,CE,Federal Contract Tower,0,6,20,54,80,0,1,9,1,11,0,7,29,55,91,12,42,54,145
05/06/2017,MEI,MS,ASO,CE,Federal Contract Tower,0,4,15,4,23,0,1,11,0,12,0,5,26,4,35,12,0,12,47
05/07/2017,MEI,MS,ASO,CE,Federal Contract Tower,0,4,22,6,32,0,0,31,13,44,0,4,53,19,76,28,0,28,104
05/08/2017,MEI,MS,ASO,CE,Federal Contract Tower,0,6,14,84,104,0,2,37,11,50,0,8,51,95,154,10,48,58,212
05/09/2017,MEI,MS,ASO,CE,Federal Contract Tower,0,6,10,76,92,0,1,16,28,45,0,7,26,104,137,6,54,60,197
05/10/2017,MEI,MS,ASO,CE,Federal Contract Tower,0,6,16,66,88,0,11,26,16,53,0,17,42,82,141,2,74,76,217
05/11/2017,MEI,MS,ASO,CE,Federal Contract Tower,0,5,20,69,94,0,2,14,16,32,0,7,34,85,126,12,106,118,244
05/12/2017,MEI,MS,ASO,CE,Federal Contract Tower,0,5,6,30,41,0,4,4,2,10,0,9,10,32,51,0,36,36,87
05/13/2017,MEI,MS,ASO,CE,Federal Contract Tower,0,2,14,3,19,0,4,5,1,10,0,6,19,4,29,0,0,0,29
05/14/2017,MEI,MS,ASO,CE,Federal Contract Tower,0,4,15,1,20,0,1,47,0,48,0,5,62,1,68,16,0,16,84
05/15/2017,MEI,MS,ASO,CE,Federal Contract Tower,0,6,13,46,65,0,0,20,10,30,0,6,33,56,95,6,24,30,125
05/16/2017,MEI,MS,ASO,CE,Federal Contract Tower,0,6,23,63,92,0,0,20,10,30,0,6,43,73,122,4,90,94,216
05/17/2017,MEI,MS,ASO,CE,Federal Contract Tower,0,6,35,12,53,0,2,17,0,19,0,8,52,12,72,30,0,30,102
05/18/2017,MEI,MS,ASO,CE,Federal Contract Tower,0,4,14,44,62,0,3,17,3,23,0,7,31,47,85,54,12,66,151
05/19/2017,MEI,MS,ASO,CE,Federal Contract Tower,0,6,18,56,80,0,1,21,3,25,0,7,39,59,105,70,40,110,215
05/20/2017,MEI,MS,ASO,CE,Federal Contract Tower,0,2,6,6,14,0,2,9,0,11,0,4,15,6,25,0,0,0,25
05/21/2017,MEI,MS,ASO,CE,Federal Contract Tower,0,2,6,10,18,0,2,4,2,8,0,4,10,12,26,0,0,0,26
05/22/2017,MEI,MS,ASO,CE,Federal Contract Tower,0,4,11,32,47,0,1,0,0,1,0,5,11,32,48,0,0,0,48
05/23/2017,MEI,MS,ASO,CE,Federal Contract Tower,0,6,17,87,110,0,1,6,1,8,0,7,23,88,118,0,12,12,130
05/24/2017,MEI,MS,ASO,CE,Federal Contract Tower,0,6,12,81,99,0,3,26,3,32,0,9,38,84,131,6,68,74,205
05/25/2017,MEI,MS,ASO,CE,Federal Contract Tower,0,10,24,74,108,0,3,24,10,37,0,13,48,84,145,0,70,70,215
05/26/2017,MEI,MS,ASO,CE,Federal Contract Tower,0,8,11,1,20,0,4,40,1,45,0,12,51,2,65,20,0,20,85
05/27/2017,MEI,MS,ASO,CE,Federal Contract Tower,0,4,22,2,28,0,3,14,0,17,0,7,36,2,45,10,2,12,57
05/28/2017,MEI,MS,ASO,CE,Federal Contract Tower,0,2,7,0,9,0,2,7,0,9,0,4,14,0,18,10,0,10,28
05/29/2017,MEI,MS,ASO,CE,Federal Contract Tower,0,6,14,0,20,0,6,20,13,39,0,12,34,13,59,8,0,8,67
05/30/2017,MEI,MS,ASO,CE,Federal Contract Tower,0,6,18,63,87,0,0,8,1,9,0,6,26,64,96,12,44,56,152
05/31/2017,MEI,MS,ASO,CE,Federal Contract Tower,0,6,26,84,116,0,0,14,4,18,0,6,40,88,134,10,78,88,222
06/01/2017,MEI,MS,ASO,CE,Federal Contract Tower,0,7,15,70,92,0,5,9,0,14,0,12,24,70,106,24,2,26,132
06/02/2017,MEI,MS,ASO,CE,Federal Contract Tower,0,7,13,70,90,0,4,6,5,15,0,11,19,75,105,12,0,12,117
06/03/2017,MEI,MS,ASO,CE,Federal Contract Tower,0,7,6,2,15,0,4,0,0,4,0,11,6,2,19,0,0,0,19
06/04/2017,MEI,MS,ASO,CE,Federal Contract Tower,0,6,16,3,25,0,3,18,0,21,0,9,34,3,46,22,2,24,70
06/05/2017,MEI,MS,ASO,CE,Federal Contract Tower,0,6,18,92,116,0,0,0,7,7,0,6,18,99,123,0,32,32,155
06/06/2017,MEI,MS,ASO,CE,Federal Contract Tower,0,6,15,102,123,0,2,3,4,9,0,8,18,106,132,16,6,22,154
06/07/2017,MEI,MS,ASO,CE,Federal Contract Tower,0,6,20,82,108,0,4,14,9,27,0,10,34,91,135,12,116,128,263
06/08/2017,MEI,MS,ASO,CE,Federal Contract Tower,0,7,17,99,123,0,4,54,16,74,0,11,71,115,197,54,180,234,431
06/09/2017,MEI,MS,ASO,CE,Federal Contract Tower,0,6,22,60,88,0,2,27,33,62,0,8,49,93,150,0,94,94,244
06/10/2017,MEI,MS,ASO,CE,Federal Contract Tower,0,6,11,16,33,0,2,22,2,26,0,8,33,18,59,16,22,38,97
06/11/2017,MEI,MS,ASO,CE,Federal Contract Tower,0,6,10,11,27,0,4,24,3,31,0,10,34,14,58,16,0,16,74
06/12/2017,MEI,MS,ASO,CE,Federal Contract Tower,0,7,29,67,103,0,0,15,8,23,0,7,44,75,126,30,88,118,244
06/13/2017,MEI,MS,ASO,CE,Federal Contract Tower,0,5,14,85,104,0,3,21,5,29,0,8,35,90,133,10,106,116,249
06/14/2017,MEI,MS,ASO,CE,Federal Contract Tower,0,5,18,83,106,0,1,6,3,10,0,6,24,86,116,6,20,26,142
06/15/2017,MEI,MS,ASO,CE,Federal Contract Tower,2,5,19,49,75,0,2,9,5,16,2,7,28,54,91,14,24,38,129
06/16/2017,MEI,MS,ASO,CE,Federal Contract Tower,0,8,16,96,120,0,0,10,5,15,0,8,26,101,135,4,16,20,155
06/17/2017,MEI,MS,ASO,CE,Federal Contract Tower,0,6,11,4,21,0,6,27,0,33,0,12,38,4,54,12,2,14,68
06/18/2017,MEI,MS,ASO,CE,Federal Contract Tower,0,4,16,4,24,0,4,19,2,25,0,8,35,6,49,6,20,26,75
06/19/2017,MEI,MS,ASO,CE,Federal Contract Tower,0,6,16,185,207,0,2,15,8,25,0,8,31,193,232,14,118,132,364
06/20/2017,MEI,MS,ASO,CE,Federal Contract Tower,0,6,7,133,146,0,5,3,0,8,0,11,10,133,154,6,2,8,162
06/21/2017,MEI,MS,ASO,CE,Federal Contract Tower,0,6,15,92,113,0,0,0,0,0,0,6,15,92,113,0,0,0,113
06/22/2017,MEI,MS,ASO,CE,Federal Contract Tower,0,6,8,30,44,0,2,3,0,5,0,8,11,30,49,2,6,8,57
06/23/2017,MEI,MS,ASO,CE,Federal Contract Tower,0,6,11,118,135,0,1,2,2,5,0,7,13,120,140,0,1,1,141
06/24/2017,MEI,MS,ASO,CE,Federal Contract Tower,0,6,9,14,29,0,3,19,0,22,0,9,28,14,51,18,0,18,69
06/25/2017,MEI,MS,ASO,CE,Federal Contract Tower,0,10,15,15,40,0,3,24,3,30,0,13,39,18,70,0,8,8,78
06/26/2017,MEI,MS,ASO,CE,Federal Contract Tower,0,6,27,111,144,0,10,38,6,54,0,16,65,117,198,28,122,150,348
06/27/2017,MEI,MS,ASO,CE,Federal Contract Tower,0,8,29,61,98,0,19,32,7,58,0,27,61,68,156,10,90,100,256
06/28/2017,MEI,MS,ASO,CE,Federal Contract Tower,0,6,26,49,81,0,2,20,6,28,0,8,46,55,109,22,68,90,199
06/29/2017,MEI,MS,ASO,CE,Federal Contract Tower,0,6,11,10,27,0,2,0,0,2,0,8,11,10,29,0,0,0,29
06/30/2017,MEI,MS,ASO,CE,Federal Contract Tower,0,6,4,84,94,0,0,16,2,18,0,6,20,86,112,24,44,68,180
07/01/2017,MEI,MS,ASO,CE,Federal Contract Tower,0,6,12,0,18,0,2,21,0,23,0,8,33,0,41,42,0,42,83
07/02/2017,MEI,MS,ASO,CE,Federal Contract Tower,0,4,13,4,21,0,0,31,0,31,0,4,44,4,52,18,0,18,70
07/03/2017,MEI,MS,ASO,CE,Federal Contract Tower,0,6,18,0,24,0,0,55,0,55,0,6,73,0,79,70,0,70,149
07/04/2017,MEI,MS,ASO,CE,Federal Contract Tower,0,9,11,0,20,0,3,35,0,38,0,12,46,0,58,12,0,12,70
07/05/2017,MEI,MS,ASO,CE,Federal Contract Tower,0,10,15,65,90,0,1,30,8,39,0,11,45,73,129,14,158,172,301
07/06/2017,MEI,MS,ASO,CE,Federal Contract Tower,0,7,11,107,125,0,1,33,7,41,0,8,44,114,166,40,148,188,354
07/07/2017,MEI,MS,ASO,CE,Federal Contract Tower,0,6,10,41,57,0,2,22,1,25,0,8,32,42,82,80,72,152,234
07/08/2017,MEI,MS,ASO,CE,Federal Contract Tower,0,6,14,2,22,0,3,17,2,22,0,9,31,4,44,12,6,18,62
07/09/2017,MEI,MS,ASO,CE,Federal Contract Tower,0,4,5,10,19,0,0,30,1,31,0,4,35,11,50,12,8,20,70
07/10/2017,MEI,MS,ASO,CE,Federal Contract Tower,0,7,20,90,117,0,4,15,1,20,0,11,35,91,137,26,90,116,253
07/11/2017,MEI,MS,ASO,CE,Federal Contract Tower,0,8,19,42,69,0,0,24,7,31,0,8,43,49,100,8,130,138,238
07/12/2017,MEI,MS,ASO,CE,Federal Contract Tower,0,4,15,53,72,0,3,17,4,24,0,7,32,57,96,6,86,92,188
07/13/2017,MEI,MS,ASO,CE,Federal Contract Tower,0,6,29,40,75,0,0,7,1,8,0,6,36,41,83,3,10,13,96
07/14/2017,MEI,MS,ASO,CE,Federal Contract Tower,0,6,15,78,99,0,8,34,3,45,0,14,49,81,144,6,24,30,174
07/15/2017,MEI,MS,ASO,CE,Federal Contract Tower,0,6,8,4,18,0,3,9,0,12,0,9,17,4,30,16,0,16,46
07/16/2017,MEI,MS,ASO,CE,Federal Contract Tower,0,6,19,13,38,0,0,12,0,12,0,6,31,13,50,6,6,12,62
07/17/2017,MEI,MS,ASO,CE,Federal Contract Tower,0,6,20,58,84,0,2,21,0,23,0,8,41,58,107,86,114,200,307
07/18/2017,MEI,MS,ASO,CE,Federal Contract Tower,0,6,15,84,105,0,0,14,5,19,0,6,29,89,124,22,106,128,252
07/19/2017,MEI,MS,ASO,CE,Federal Contract Tower,0,6,27,123,156,0,11,29,2,42,0,17,56,125,198,44,158,202,400
07/20/2017,MEI,MS,ASO,CE,Federal Contract Tower,0,6,14,85,105,0,0,26,10,36,0,6,40,95,141,30,166,196,337
07/21/2017,MEI,MS,ASO,CE,Federal Contract Tower,0,4,9,32,45,0,1,17,1,19,0,5,26,33,64,30,26,56,120
07/22/2017,MEI,MS,ASO,CE,Federal Contract Tower,0,4,9,23,36,0,0,32,8,40,0,4,41,31,76,38,26,64,140
07/23/2017,MEI,MS,ASO,CE,Federal Contract Tower,0,6,4,26,36,0,3,39,7,49,0,9,43,33,85,22,26,48,133
07/24/2017,MEI,MS,ASO,CE,Federal Contract Tower,0,5,24,40,69,0,0,14,2,16,0,5,38,42,85,46,54,100,185
07/25/2017,MEI,MS,ASO,CE,Federal Contract Tower,0,7,15,70,92,0,0,12,9,21,0,7,27,79,113,20,18,38,151
07/26/2017,MEI,MS,ASO,CE,Federal Contract Tower,0,9,23,56,88,0,6,36,7,49,0,15,59,63,137,60,100,160,297
07/27/2017,MEI,MS,ASO,CE,Federal Contract Tower,0,5,15,78,98,0,4,42,0,46,0,9,57,78,144,24,152,176,320
07/28/2017,MEI,MS,ASO,CE,Federal Contract Tower,0,6,16,80,102,0,3,19,4,26,0,9,35,84,128,8,146,154,282
07/29/2017,MEI,MS,ASO,CE,Federal Contract Tower,0,6,9,2,17,0,0,19,0,19,0,6,28,2,36,4,2,6,42
07/30/2017,MEI,MS,ASO,CE,Federal Contract Tower,0,6,9,11,26,0,2,27,7,36,0,8,36,18,62,4,24,28,90
07/31/2017,MEI,MS,ASO,CE,Federal Contract Tower,0,6,17,56,79,0,4,27,2,33,0,10,44,58,112,52,40,92,204
08/01/2017,MEI,MS,ASO,CE,Federal Contract Tower,0,6,10,71,87,0,2,25,6,33,0,8,35,77,120,22,222,244,364
08/02/2017,MEI,MS,ASO,CE,Federal Contract Tower,0,6,13,63,82,0,0,22,4,26,0,6,35,67,108,30,44,74,182
08/03/2017,MEI,MS,ASO,CE,Federal Contract Tower,0,5,16,103,124,0,3,24,6,33,0,8,40,109,157,22,150,172,329
08/04/2017,MEI,MS,ASO,CE,Federal Contract Tower,0,7,16,66,89,0,2,16,8,26,0,9,32,74,115,54,40,94,209
08/05/2017,MEI,MS,ASO,CE,Federal Contract Tower,0,7,15,3,25,0,0,46,10,56,0,7,61,13,81,30,0,30,111
08/06/2017,MEI,MS,ASO,CE,Federal Contract Tower,0,6,9,2,17,0,0,4,0,4,0,6,13,2,21,16,0,16,37
08/07/2017,MEI,MS,ASO,CE,Federal Contract Tower,0,2,14,57,73,0,3,3,4,10,0,5,17,61,83,0,26,26,109
08/08/2017,MEI,MS,ASO,CE,Federal Contract Tower,0,7,18,58,83,0,0,4,1,5,0,7,22,59,88,0,0,0,88
08/09/2017,MEI,MS,ASO,CE,Federal Contract Tower,0,6,15,43,64,0,0,4,3,7,0,6,19,46,71,0,4,4,75
08/10/2017,MEI,MS,ASO,CE,Federal Contract Tower,0,8,21,91,120,0,0,9,7,16,0,8,30,98,136,0,62,62,198
08/11/2017,MEI,MS,ASO,CE,Federal Contract Tower,0,6,13,80,99,0,0,20,1,21,0,6,33,81,120,64,8,72,192
08/12/2017,MEI,MS,ASO,CE,Federal Contract Tower,0,6,17,14,37,0,1,24,0,25,0,7,41,14,62,26,36,62,124
08/13/2017,MEI,MS,ASO,CE,Federal Contract Tower,0,6,19,14,39,0,2,33,6,41,0,8,52,20,80,80,24,104,184
08/14/2017,MEI,MS,ASO,CE,Federal Contract Tower,0,4,22,125,151,0,2,15,7,24,0,6,37,132,175,52,168,220,395
08/15/2017,MEI,MS,ASO,CE,Federal Contract Tower,0,8,25,96,129,0,0,19,21,40,0,8,44,117,169,4,152,156,325
08/16/2017,MEI,MS,ASO,CE,Federal Contract Tower,0,6,12,68,86,0,0,16,5,21,0,6,28,73,107,32,12,44,151
08/17/2017,MEI,MS,ASO,CE,Federal Contract Tower,0,6,16,77,99,0,1,35,6,42,0,7,51,83,141,16,50,66,207
08/18/2017,MEI,MS,ASO,CE,Federal Contract Tower,0,6,15,74,95,0,0,18,10,28,0,6,33,84,123,0,36,36,159
08/19/2017,MEI,MS,ASO,CE,Federal Contract Tower,0,6,12,12,30,0,0,19,8,27,0,6,31,20,57,8,18,26,83
08/20/2017,MEI,MS,ASO,CE,Federal Contract Tower,0,4,15,30,49,0,5,23,0,28,0,9,38,30,77,0,0,0,77
08/21/2017,MEI,MS,ASO,CE,Federal Contract Tower,0,7,19,36,62,0,4,20,8,32,0,11,39,44,94,0,94,94,188
08/22/2017,MEI,MS,ASO,CE,Federal Contract Tower,0,8,13,69,90,0,4,16,13,33,0,12,29,82,123,14,124,138,261
08/23/2017,MEI,MS,ASO,CE,Federal Contract Tower,0,6,12,43,61,0,2,15,15,32,0,8,27,58,93,16,64,80,173
08/24/2017,MEI,MS,ASO,CE,Federal Contract Tower,0,6,18,93,117,0,2,28,2,32,0,8,46,95,149,34,146,180,329
08/25/2017,MEI,MS,ASO,CE,Federal Contract Tower,0,6,15,21,42,0,0,39,6,45,0,6,54,27,87,36,90,126,213
08/26/2017,MEI,MS,ASO,CE,Federal Contract Tower,0,6,6,39,51,0,0,20,7,27,0,6,26,46,78,4,54,58,136
08/27/2017,MEI,MS,ASO,CE,Federal Contract Tower,0,7,8,50,65,0,6,18,10,34,0,13,26,60,99,40,34,74,173
08/28/2017,MEI,MS,ASO,CE,Federal Contract Tower,0,8,15,118,141,0,6,20,18,44,0,14,35,136,185,52,70,122,307
08/29/2017,MEI,MS,ASO,CE,Federal Contract Tower,0,6,9,78,93,0,2,6,11,19,0,8,15,89,112,10,86,96,208
08/30/2017,MEI,MS,ASO,CE,Federal Contract Tower,0,8,8,47,63,0,0,0,0,0,0,8,8,47,63,0,0,0,63
08/31/2017,MEI,MS,ASO,CE,Federal Contract Tower,0,8,7,11,26,0,0,5,6,11,0,8,12,17,37,12,6,18,55
09/01/2017,MEI,MS,ASO,CE,Federal Contract Tower,0,6,15,79,100,0,0,31,22,53,0,6,46,101,153,46,36,82,235
09/02/2017,MEI,MS,ASO,CE,Federal Contract Tower,0,6,9,35,50,0,3,18,0,21,0,9,27,35,71,4,0,4,75
09/03/2017,MEI,MS,ASO,CE,Federal Contract Tower,0,6,8,24,38,0,1,20,4,25,0,7,28,28,63,14,20,34,97
09/04/2017,MEI,MS,ASO,CE,Federal Contract Tower,0,6,18,9,33,0,4,31,2,37,0,10,49,11,70,0,32,32,102
09/05/2017,MEI,MS,ASO,CE,Federal Contract Tower,0,5,19,73,97,0,1,13,25,39,0,6,32,98,136,34,144,178,314
09/06/2017,MEI,MS,ASO,CE,Federal Contract Tower,0,6,25,131,162,0,10,30,7,47,0,16,55,138,209,0,158,158,367
09/07/2017,MEI,MS,ASO,CE,Federal Contract Tower,0,7,21,107,135,0,4,22,14,40,0,11,43,121,175,0,100,100,275
09/08/2017,MEI,MS,ASO,CE,Federal Contract Tower,0,7,32,63,102,0,9,33,14,56,0,16,65,77,158,12,72,84,242
09/09/2017,MEI,MS,ASO,CE,Federal Contract Tower,0,6,23,22,51,0,2,29,40,71,0,8,52,62,122,6,10,16,138
09/10/2017,MEI,MS,ASO,CE,Federal Contract Tower,0,6,13,37,56,0,2,27,13,42,0,8,40,50,98,0,28,28,126
09/11/2017,MEI,MS,ASO,CE,Federal Contract Tower,0,6,10,58,74,0,0,8,16,24,0,6,18,74,98,2,74,76,174
09/12/2017,MEI,MS,ASO,CE,Federal Contract Tower,0,7,35,62,104,0,1,12,15,28,0,8,47,77,132,0,0,0,132
09/13/2017,MEI,MS,ASO,CE,Federal Contract Tower,0,11,40,84,135,0,5,29,10,44,0,16,69,94,179,44,156,200,379
09/14/2017,MEI,MS,ASO,CE,Federal Contract Tower,0,6,28,93,127,0,0,17,32,49,0,6,45,125,176,54,78,132,308
09/15/2017,MEI,MS,ASO,CE,Federal Contract Tower,0,6,18,68,92,0,4,36,9,49,0,10,54,77,141,22,72,94,235
09/16/2017,MEI,MS,ASO,CE,Federal Contract Tower,0,6,20,16,42,0,4,14,8,26,0,10,34,24,68,0,22,22,90
09/17/2017,MEI,MS,ASO,CE,Federal Contract Tower,0,4,10,47,61,0,0,15,4,19,0,4,25,51,80,8,2,10,90
09/18/2017,MEI,MS,ASO,CE,Federal Contract Tower,0,7,36,86,129,0,0,20,5,25,0,7,56,91,154,24,56,80,234
09/19/2017,MEI,MS,ASO,CE,Federal Contract Tower,0,6,20,136,162,0,4,18,16,38,0,10,38,152,200,34,144,178,378
09/20/2017,MEI,MS,ASO,CE,Federal Contract Tower,0,6,12,111,129,0,2,10,16,28,0,8,22,127,157,8,124,132,289
09/21/2017,MEI,MS,ASO,CE,Federal Contract Tower,0,5,28,95,128,0,3,18,10,31,0,8,46,105,159,28,70,98,257
09/22/2017,MEI,MS,ASO,CE,Federal Contract Tower,0,3,35,87,125,0,0,17,8,25,0,3,52,95,150,30,146,176,326
09/23/2017,MEI,MS,ASO,CE,Federal Contract Tower,0,4,17,39,60,0,4,30,0,34,0,8,47,39,94,6,12,18,112
09/24/2017,MEI,MS,ASO,CE,Federal Contract Tower,0,6,14,31,51,0,2,12,12,26,0,8,26,43,77,0,40,40,117
09/25/2017,MEI,MS,ASO,CE,Federal Contract Tower,0,8,20,67,95,0,0,27,7,34,0,8,47,74,129,74,34,108,237
09/26/2017,MEI,MS,ASO,CE,Federal Contract Tower,0,6,13,132,151,0,6,33,15,54,0,12,46,147,205,30,74,104,309
09/27/2017,MEI,MS,ASO,CE,Federal Contract Tower,0,6,17,91,114,0,0,14,15,29,0,6,31,106,143,42,140,182,325
09/28/2017,MEI,MS,ASO,CE,Federal Contract Tower,0,6,14,121,141,0,3,22,7,32,0,9,36,128,173,2,144,146,319
09/29/2017,MEI,MS,ASO,CE,Federal Contract Tower,0,6,23,101,130,0,0,35,5,40,0,6,58,106,170,20,102,122,292
09/30/2017,MEI,MS,ASO,CE,Federal Contract Tower,0,6,17,0,23,0,2,53,8,63,0,8,70,8,86,42,0,42,128
10/01/2017,MEI,MS,ASO,CE,Federal Contract Tower,0,8,14,36,58,0,6,25,17,48,0,14,39,53,106,0,22,22,128
10/02/2017,MEI,MS,ASO,CE,Federal Contract Tower,0,6,20,55,81,0,4,14,1,19,0,10,34,56,100,18,114,132,232
10/03/2017,MEI,MS,ASO,CE,Federal Contract Tower,0,8,3,115,126,0,5,9,13,27,0,13,12,128,153,12,110,122,275
10/04/2017,MEI,MS,ASO,CE,Federal Contract Tower,0,7,10,113,130,0,2,15,12,29,0,9,25,125,159,38,66,104,263
10/05/2017,MEI,MS,ASO,CE,Federal Contract Tower,0,7,10,81,98,0,1,33,17,51,0,8,43,98,149,22,142,164,313
10/06/2017,MEI,MS,ASO,CE,Federal Contract Tower,0,6,26,46,78,0,2,22,7,31,0,8,48,53,109,46,166,212,321
10/07/2017,MEI,MS,ASO,CE,Federal Contract Tower,0,5,11,4,20,0,5,13,1,19,0,10,24,5,39,0,4,4,43
10/08/2017,MEI,MS,ASO,CE,Federal Contract Tower,0,2,1,5,8,0,0,3,0,3,0,2,4,5,11,0,0,0,11
10/09/2017,MEI,MS,ASO,CE,Federal Contract Tower,0,9,23,17,49,0,2,6,2,10,0,11,29,19,59,0,14,14,73
10/10/2017,MEI,MS,ASO,CE,Federal Contract Tower,0,9,12,64,85,0,0,7,0,7,0,9,19,64,92,8,30,38,130
10/11/2017,MEI,MS,ASO,CE,Federal Contract Tower,0,4,10,52,66,0,4,25,8,37,0,8,35,60,103,4,40,44,147
10/12/2017,MEI,MS,ASO,CE,Federal Contract Tower,0,6,21,53,80,0,1,44,14,59,0,7,65,67,139,38,90,128,267
10/13/2017,MEI,MS,ASO,CE,Federal Contract Tower,0,6,13,73,92,0,2,42,18,62,0,8,55,91,154,36,154,190,344
10/14/2017,MEI,MS,ASO,CE,Federal Contract Tower,0,6,22,6,34,0,0,30,3,33,0,6,52,9,67,20,10,30,97
10/15/2017,MEI,MS,ASO,CE,Federal Contract Tower,0,6,20,14,40,0,8,16,2,26,0,14,36,16,66,28,1,29,95
10/16/2017,MEI,MS,ASO,CE,Federal Contract Tower,0,6,26,81,113,0,0,19,6,25,0,6,45,87,138,0,154,154,292
10/17/2017,MEI,MS,ASO,CE,Federal Contract Tower,0,8,27,158,193,0,6,19,11,36,0,14,46,169,229,32,244,276,505
10/18/2017,MEI,MS,ASO,CE,Federal Contract Tower,0,6,15,81,102,0,2,18,6,26,0,8,33,87,128,8,138,146,274
10/19/2017,MEI,MS,ASO,CE,Federal Contract Tower,0,6,12,104,122,0,8,20,7,35,0,14,32,111,157,12,24,36,193
10/20/2017,MEI,MS,ASO,CE,Federal Contract Tower,0,7,12,46,65,0,6,22,25,53,0,13,34,71,118,22,120,142,260
10/21/2017,MEI,MS,ASO,CE,Federal Contract Tower,0,6,11,23,40,0,4,19,1,24,0,10,30,24,64,10,0,10,74
10/22/2017,MEI,MS,ASO,CE,Federal Contract Tower,0,4,6,5,15,0,2,3,0,5,0,6,9,5,20,0,0,0,20
10/23/2017,MEI,MS,ASO,CE,Federal Contract Tower,0,6,20,74,100,0,2,17,30,49,0,8,37,104,149,8,60,68,217
10/24/2017,MEI,MS,ASO,CE,Federal Contract Tower,0,6,18,108,132,0,4,13,8,25,0,10,31,116,157,32,136,168,325
10/25/2017,MEI,MS,ASO,CE,Federal Contract Tower,0,9,18,43,70,0,8,26,30,64,0,17,44,73,134,6,72,78,212
10/26/2017,MEI,MS,ASO,CE,Federal Contract Tower,0,6,14,109,129,0,3,26,15,44,0,9,40,124,173,18,92,110,283
10/27/2017,MEI,MS,ASO,CE,Federal Contract Tower,0,6,14,76,96,0,2,22,5,29,0,8,36,81,125,10,38,48,173
10/28/2017,MEI,MS,ASO,CE,Federal Contract Tower,0,6,13,25,44,0,0,7,1,8,0,6,20,26,52,0,0,0,52
10/29/2017,MEI,MS,ASO,CE,Federal Contract Tower,0,6,8,41,55,0,8,20,16,44,0,14,28,57,99,14,50,64,163
10/30/2017,MEI,MS,ASO,CE,Federal Contract Tower,0,6,12,109,127,0,5,18,41,64,0,11,30,150,191,2,118,120,311
10/31/2017,MEI,MS,ASO,CE,Federal Contract Tower,0,8,7,89,104,0,3,31,11,45,0,11,38,100,149,4,112,116,265
11/01/2017,MEI,MS,ASO,CE,Federal Contract Tower,0,6,17,67,90,0,2,12,0,14,0,8,29,67,104,36,26,62,166
11/02/2017,MEI,MS,ASO,CE,Federal Contract Tower,0,6,19,60,85,0,1,10,8,19,0,7,29,68,104,0,20,20,124
11/03/2017,MEI,MS,ASO,CE,Federal Contract Tower,0,6,30,52,88,0,0,14,2,16,0,6,44,54,104,20,36,56,160
11/04/2017,MEI,MS,ASO,CE,Federal Contract Tower,0,6,9,8,23,0,8,15,0,23,0,14,24,8,46,10,0,10,56
11/05/2017,MEI,MS,ASO,CE,Federal Contract Tower,0,0,19,4,23,0,6,14,14,34,0,6,33,18,57,8,18,26,83
11/06/2017,MEI,MS,ASO,CE,Federal Contract Tower,0,5,13,3,21,0,6,20,38,64,0,11,33,41,85,30,58,88,173
11/07/2017,MEI,MS,ASO,CE,Federal Contract Tower,0,2,5,6,13,0,6,13,111,130,0,8,18,117,143,6,64,70,213
11/08/2017,MEI,MS,ASO,CE,Federal Contract Tower,0,7,9,111,127,0,2,12,0,14,0,9,21,111,141,0,6,6,147
11/09/2017,MEI,MS,ASO,CE,Federal Contract Tower,0,6,21,97,124,0,4,21,7,32,0,10,42,104,156,0,70,70,226
11/10/2017,MEI,MS,ASO,CE,Federal Contract Tower,0,7,24,14,45,0,7,33,0,40,0,14,57,14,85,80,24,104,189
11/11/2017,MEI,MS,ASO,CE,Federal Contract Tower,0,7,6,10,23,0,2,27,0,29,0,9,33,10,52,24,2,26,78
11/12/2017,MEI,MS,ASO,CE,Federal Contract Tower,0,6,14,11,31,0,0,9,0,9,0,6,23,11,40,14,0,14,54
11/13/2017,MEI,MS,ASO,CE,Federal Contract Tower,0,5,18,91,114,0,6,18,10,34,0,11,36,101,148,56,10,66,214
11/14/2017,MEI,MS,ASO,CE,Federal Contract Tower,0,6,15,142,163,0,4,24,9,37,0,10,39,151,200,24,122,146,346
11/15/2017,MEI,MS,ASO,CE,Federal Contract Tower,0,6,17,127,150,0,6,19,2,27,0,12,36,129,177,38,66,104,281
11/16/2017,MEI,MS,ASO,CE,Federal Contract Tower,0,6,19,100,125,0,6,14,14,34,0,12,33,114,159,8,98,106,265
11/17/2017,MEI,MS,ASO,CE,Federal Contract Tower,0,6,17,101,124,0,1,19,15,35,0,7,36,116,159,30,128,158,317
11/18/2017,MEI,MS,ASO,CE,Federal Contract Tower,2,8,16,17,43,0,3,4,0,7,2,11,20,17,50,0,18,18,68
11/19/2017,MEI,MS,ASO,CE,Federal Contract Tower,0,6,14,47,67,0,0,39,8,47,0,6,53,55,114,0,10,10,124
11/20/2017,MEI,MS,ASO,CE,Federal Contract Tower,0,6,14,63,83,0,4,28,6,38,0,10,42,69,121,0,98,98,219
11/21/2017,MEI,MS,ASO,CE,Federal Contract Tower,0,6,19,76,101,0,2,10,3,15,0,8,29,79,116,0,100,100,216
11/22/2017,MEI,MS,ASO,CE,Federal Contract Tower,0,3,32,10,45,0,5,29,21,55,0,8,61,31,100,34,60,94,194
11/23/2017,MEI,MS,ASO,CE,Federal Contract Tower,0,6,8,0,14,0,10,8,0,18,0,16,16,0,32,0,0,0,32
11/24/2017,MEI,MS,ASO,CE,Federal Contract Tower,0,6,1,0,7,0,3,38,0,41,0,9,39,0,48,44,0,44,92
11/25/2017,MEI,MS,ASO,CE,Federal Contract Tower,0,8,20,0,28,0,4,39,0,43,0,12,59,0,71,0,0,0,71
11/26/2017,MEI,MS,ASO,CE,Federal Contract Tower,0,4,21,0,25,0,6,30,0,36,0,10,51,0,61,8,0,8,69
11/27/2017,MEI,MS,ASO,CE,Federal Contract Tower,0,6,10,56,72,0,4,14,11,29,0,10,24,67,101,4,84,88,189
11/28/2017,MEI,MS,ASO,CE,Federal Contract Tower,0,6,12,66,84,0,1,8,4,13,0,7,20,70,97,0,62,62,159
11/29/2017,MEI,MS,ASO,CE,Federal Contract Tower,0,6,10,109,125,0,2,13,8,23,0,8,23,117,148,0,158,158,306
11/30/2017,MEI,MS,ASO,CE,Federal Contract Tower,0,6,15,24,45,0,1,0,3,4,0,7,15,27,49,0,0,0,49
12/01/2017,MEI,MS,ASO,CE,Federal Contract Tower,0,9,14,43,66,0,0,0,0,0,0,9,14,43,66,0,0,0,66
12/02/2017,MEI,MS,ASO,CE,Federal Contract Tower,0,6,7,10,23,0,0,3,2,5,0,6,10,12,28,0,24,24,52
12/03/2017,MEI,MS,ASO,CE,Federal Contract Tower,0,6,5,47,58,0,3,30,5,38,0,9,35,52,96,20,26,46,142
12/04/2017,MEI,MS,ASO,CE,Federal Contract Tower,0,6,20,46,72,0,1,2,0,3,0,7,22,46,75,0,0,0,75
12/05/2017,MEI,MS,ASO,CE,Federal Contract Tower,0,6,10,30,46,0,0,0,0,0,0,6,10,30,46,0,0,0,46
12/06/2017,MEI,MS,ASO,CE,Federal Contract Tower,0,6,9,102,117,0,2,4,11,17,0,8,13,113,134,8,120,128,262
12/07/2017,MEI,MS,ASO,CE,Federal Contract Tower,0,6,12,110,128,0,4,3,70,77,0,10,15,180,205,24,62,86,291
12/08/2017,MEI,MS,ASO,CE,Federal Contract Tower,0,4,7,5,16,0,0,0,0,0,0,4,7,5,16,0,0,0,16
12/09/2017,MEI,MS,ASO,CE,Federal Contract Tower,0,5,6,3,14,0,2,8,0,10,0,7,14,3,24,0,0,0,24
12/10/2017,MEI,MS,ASO,CE,Federal Contract Tower,0,6,6,2,14,0,0,15,2,17,0,6,21,4,31,27,0,27,58
12/11/2017,MEI,MS,ASO,CE,Federal Contract Tower,0,6,13,93,112,0,3,21,9,33,0,9,34,102,145,30,98,128,273
12/12/2017,MEI,MS,ASO,CE,Federal Contract Tower,0,5,25,89,119,0,3,17,16,36,0,8,42,105,155,18,156,174,329
12/13/2017,MEI,MS,ASO,CE,Federal Contract Tower,0,7,20,77,104,0,3,13,7,23,0,10,33,84,127,2,84,86,213
12/14/2017,MEI,MS,ASO,CE,Federal Contract Tower,0,7,30,71,108,0,2,21,9,32,0,9,51,80,140,10,156,166,306
12/15/2017,MEI,MS,ASO,CE,Federal Contract Tower,0,8,11,83,102,0,0,17,27,44,0,8,28,110,146,28,48,76,222
12/16/2017,MEI,MS,ASO,CE,Federal Contract Tower,0,6,11,20,37,0,0,35,1,36,0,6,46,21,73,28,38,66,139
12/17/2017,MEI,MS,ASO,CE,Federal Contract Tower,0,6,10,2,18,0,0,0,0,0,0,6,10,2,18,0,0,0,18
12/18/2017,MEI,MS,ASO,CE,Federal Contract Tower,0,5,7,41,53,0,0,0,0,0,0,5,7,41,53,0,0,0,53
12/19/2017,MEI,MS,ASO,CE,Federal Contract Tower,0,15,14,10,39,0,1,0,4,5,0,16,14,14,44,0,2,2,46
12/20/2017,MEI,MS,ASO,CE,Federal Contract Tower,0,7,19,96,122,0,6,15,5,26,0,13,34,101,148,2,114,116,264
12/21/2017,MEI,MS,ASO,CE,Federal Contract Tower,0,11,25,70,106,0,4,13,1,18,0,15,38,71,124,24,82,106,230
12/22/2017,MEI,MS,ASO,CE,Federal Contract Tower,0,9,5,78,92,0,4,8,1,13,0,13,13,79,105,12,40,52,157
12/23/2017,MEI,MS,ASO,CE,Federal Contract Tower,0,6,16,0,22,0,0,5,0,5,0,6,21,0,27,0,0,0,27
12/24/2017,MEI,MS,ASO,CE,Federal Contract Tower,0,4,8,0,12,0,4,5,0,9,0,8,13,0,21,0,0,0,21
12/25/2017,MEI,MS,ASO,CE,Federal Contract Tower,0,7,4,0,11,0,7,7,0,14,0,14,11,0,25,0,0,0,25
12/26/2017,MEI,MS,ASO,CE,Federal Contract Tower,0,5,25,1,31,0,2,15,0,17,0,7,40,1,48,8,0,8,56
12/27/2017,MEI,MS,ASO,CE,Federal Contract Tower,0,4,16,13,33,0,0,16,2,18,0,4,32,15,51,6,0,6,57
12/28/2017,MEI,MS,ASO,CE,Federal Contract Tower,0,6,11,7,24,0,10,15,5,30,0,16,26,12,54,12,10,22,76
12/29/2017,MEI,MS,ASO,CE,Federal Contract Tower,0,6,24,1,31,0,9,37,0,46,0,15,61,1,77,34,0,34,111
12/30/2017,MEI,MS,ASO,CE,Federal Contract Tower,0,5,24,8,37,0,4,8,0,12,0,9,32,8,49,12,0,12,61
12/31/2017,MEI,MS,ASO,CE,Federal Contract Tower,0,0,2,0,2,0,5,2,0,7,0,5,4,0,9,0,0,0,9
01/01/2018,MEI,MS,ASO,CE,Federal Contract Tower,0,2,7,0,9,0,6,11,0,17,0,8,18,0,26,12,0,12,38
01/02/2018,MEI,MS,ASO,CE,Federal Contract Tower,0,4,18,8,30,0,5,11,2,18,0,9,29,10,48,0,26,26,74
01/03/2018,MEI,MS,ASO,CE,Federal Contract Tower,0,6,16,102,124,0,10,22,20,52,0,16,38,122,176,34,106,140,316
01/04/2018,MEI,MS,ASO,CE,Federal Contract Tower,0,9,16,89,114,0,1,15,16,32,0,10,31,105,146,6,104,110,256
01/05/2018,MEI,MS,ASO,CE,Federal Contract Tower,0,6,13,105,124,0,2,15,23,40,0,8,28,128,164,18,180,198,362
01/06/2018,MEI,MS,ASO,CE,Federal Contract Tower,0,5,11,26,42,0,0,41,18,59,0,5,52,44,101,16,56,72,173
01/07/2018,MEI,MS,ASO,CE,Federal Contract Tower,8,6,19,41,74,0,2,12,3,17,8,8,31,44,91,0,8,8,99
01/08/2018,MEI,MS,ASO,CE,Federal Contract Tower,0,9,8,30,47,0,0,0,0,0,0,9,8,30,47,0,0,0,47
01/09/2018,MEI,MS,ASO,CE,Federal Contract Tower,0,4,32,73,109,0,0,0,0,0,0,4,32,73,109,0,0,0,109
01/10/2018,MEI,MS,ASO,CE,Federal Contract Tower,0,4,16,30,50,0,0,2,0,2,0,4,18,30,52,0,0,0,52
01/11/2018,MEI,MS,ASO,CE,Federal Contract Tower,0,4,11,55,70,0,4,12,44,60,0,8,23,99,130,0,0,0,130
01/12/2018,MEI,MS,ASO,CE,Federal Contract Tower,0,5,11,40,56,0,0,0,6,6,0,5,11,46,62,0,0,0,62
01/13/2018,MEI,MS,ASO,CE,Federal Contract Tower,0,5,11,39,55,0,8,14,9,31,0,13,25,48,86,0,14,14,100
01/14/2018,MEI,MS,ASO,CE,Federal Contract Tower,0,6,17,30,53,0,0,29,6,35,0,6,46,36,88,14,30,44,132
01/15/2018,MEI,MS,ASO,CE,Federal Contract Tower,0,6,16,4,26,0,4,26,5,35,0,10,42,9,61,16,4,20,81
01/16/2018,MEI,MS,ASO,CE,Federal Contract Tower,0,5,0,12,17,0,1,2,1,4,0,6,2,13,21,0,0,0,21
01/17/2018,MEI,MS,ASO,CE,Federal Contract Tower,0,6,8,130,144,0,10,10,5,25,0,16,18,135,169,10,16,26,195
01/18/2018,MEI,MS,ASO,CE,Federal Contract Tower,0,7,20,119,146,0,4,15,78,97,0,11,35,197,243,22,56,78,321
01/19/2018,MEI,MS,ASO,CE,Federal Contract Tower,0,12,20,148,180,0,6,15,9,30,0,18,35,157,210,30,224,254,464
01/20/2018,MEI,MS,ASO,CE,Federal Contract Tower,0,6,12,20,38,0,4,15,1,20,0,10,27,21,58,24,72,96,154
01/21/2018,MEI,MS,ASO,CE,Federal Contract Tower,0,6,15,29,50,0,2,15,6,23,0,8,30,35,73,0,36,36,109
01/22/2018,MEI,MS,ASO,CE,Federal Contract Tower,0,6,11,126,143,0,0,3,2,5,0,6,14,128,148,10,14,24,172
01/23/2018,MEI,MS,ASO,CE,Federal Contract Tower,0,7,21,146,174,0,3,16,16,35,0,10,37,162,209,0,152,152,361
01/24/2018,MEI,MS,ASO,CE,Federal Contract Tower,0,6,14,116,136,0,0,11,30,41,0,6,25,146,177,0,108,108,285
01/25/2018,MEI,MS,ASO,CE,Federal Contract Tower,0,10,13,102,125,0,4,19,6,29,0,14,32,108,154,2,60,62,216
01/26/2018,MEI,MS,ASO,CE,Federal Contract Tower,0,9,12,61,82,0,1,25,3,29,0,10,37,64,111,28,84,112,223
01/27/2018,MEI,MS,ASO,CE,Federal Contract Tower,0,8,2,3,13,0,0,0,0,0,0,8,2,3,13,0,0,0,13
01/28/2018,MEI,MS,ASO,CE,Federal Contract Tower,0,8,19,19,46,0,0,1,0,1,0,8,20,19,47,0,0,0,47
01/29/2018,MEI,MS,ASO,CE,Federal Contract Tower,0,6,18,99,123,0,8,25,4,37,0,14,43,103,160,32,120,152,312
01/30/2018,MEI,MS,ASO,CE,Federal Contract Tower,0,6,16,87,109,0,2,30,17,49,0,8,46,104,158,0,84,84,242
01/31/2018,MEI,MS,ASO,CE,Federal Contract Tower,0,8,18,86,112,0,3,31,36,70,0,11,49,122,182,30,142,172,354
02/01/2018,MEI,MS,ASO,CE,Federal Contract Tower,0,6,7,80,93,0,0,6,3,9,0,6,13,83,102,14,148,162,264
02/02/2018,MEI,MS,ASO,CE,Federal Contract Tower,0,6,23,101,130,0,6,20,19,45,0,12,43,120,175,32,106,138,313
02/03/2018,MEI,MS,ASO,CE,Federal Contract Tower,0,6,6,6,18,0,0,24,3,27,0,6,30,9,45,58,56,114,159
02/04/2018,MEI,MS,ASO,CE,Federal Contract Tower,0,6,19,24,49,0,4,13,4,21,0,10,32,28,70,50,8,58,128
02/05/2018,MEI,MS,ASO,CE,Federal Contract Tower,0,7,19,32,58,0,6,19,2,27,0,13,38,34,85,0,46,46,131
02/06/2018,MEI,MS,ASO,CE,Federal Contract Tower,0,6,14,33,53,0,0,4,1,5,0,6,18,34,58,0,60,60,118
02/07/2018,MEI,MS,ASO,CE,Federal Contract Tower,0,2,10,8,20,0,0,0,0,0,0,2,10,8,20,0,0,0,20
02/08/2018,MEI,MS,ASO,CE,Federal Contract Tower,0,10,19,52,81,0,11,21,16,48,0,21,40,68,129,10,96,106,235
02/09/2018,MEI,MS,ASO,CE,Federal Contract Tower,0,8,25,56,89,0,4,19,8,31,0,12,44,64,120,18,152,170,290
02/10/2018,MEI,MS,ASO,CE,Federal Contract Tower,0,8,7,5,20,0,0,0,0,0,0,8,7,5,20,0,0,0,20
02/11/2018,MEI,MS,ASO,CE,Federal Contract Tower,0,6,12,11,29,0,0,0,0,0,0,6,12,11,29,0,0,0,29
02/12/2018,MEI,MS,ASO,CE,Federal Contract Tower,0,6,8,43,57,0,0,2,0,2,0,6,10,43,59,0,0,0,59
02/13/2018,MEI,MS,ASO,CE,Federal Contract Tower,0,6,15,79,100,0,0,7,2,9,0,6,22,81,109,24,35,59,168
02/14/2018,MEI,MS,ASO,CE,Federal Contract Tower,0,8,15,52,75,0,2,4,0,6,0,10,19,52,81,0,10,10,91
02/15/2018,MEI,MS,ASO,CE,Federal Contract Tower,0,7,27,76,110,0,3,8,50,61,0,10,35,126,171,20,76,96,267
02/16/2018,MEI,MS,ASO,CE,Federal Contract Tower,0,8,23,60,91,0,2,7,5,14,0,10,30,65,105,18,28,46,151
02/17/2018,MEI,MS,ASO,CE,Federal Contract Tower,0,6,5,6,17,0,0,9,0,9,0,6,14,6,26,0,14,14,40
02/18/2018,MEI,MS,ASO,CE,Federal Contract Tower,0,10,24,13,47,0,0,10,1,11,0,10,34,14,58,6,8,14,72
02/19/2018,MEI,MS,ASO,CE,Federal Contract Tower,0,8,19,9,36,0,4,18,0,22,0,12,37,9,58,64,14,78,136
02/20/2018,MEI,MS,ASO,CE,Federal Contract Tower,0,8,19,54,81,0,3,8,13,24,0,11,27,67,105,8,40,48,153
02/21/2018,MEI,MS,ASO,CE,Federal Contract Tower,0,6,7,74,87,0,2,2,3,7,0,8,9,77,94,4,82,86,180
02/22/2018,MEI,MS,ASO,CE,Federal Contract Tower,0,7,23,80,110,0,0,16,9,25,0,7,39,89,135,28,212,240,375
02/23/2018,MEI,MS,ASO,CE,Federal Contract Tower,0,6,14,19,39,0,3,17,5,25,0,9,31,24,64,52,32,84,148
02/24/2018,MEI,MS,ASO,CE,Federal Contract Tower,0,6,7,31,44,0,3,8,0,11,0,9,15,31,55,24,72,96,151
02/25/2018,MEI,MS,ASO,CE,Federal Contract Tower,0,8,12,20,40,0,0,4,2,6,0,8,16,22,46,32,6,38,84
02/26/2018,MEI,MS,ASO,CE,Federal Contract Tower,0,8,15,26,49,0,5,14,2,21,0,13,29,28,70,0,4,4,74
02/27/2018,MEI,MS,ASO,CE,Federal Contract Tower,0,6,30,51,87,0,0,35,9,44,0,6,65,60,131,138,62,200,331
02/28/2018,MEI,MS,ASO,CE,Federal Contract Tower,0,6,24,89,119,0,6,20,5,31,0,12,44,94,150,66,132,198,348
03/01/2018,MEI,MS,ASO,CE,Federal Contract Tower,0,6,12,80,98,0,2,2,9,13,0,8,14,89,111,0,42,42,153
03/02/2018,MEI,MS,ASO,CE,Federal Contract Tower,0,6,18,74,98,0,2,109,7,118,0,8,127,81,216,62,64,126,342
03/03/2018,MEI,MS,ASO,CE,Federal Contract Tower,0,6,11,23,40,0,6,45,0,51,0,12,56,23,91,104,14,118,209
03/04/2018,MEI,MS,ASO,CE,Federal Contract Tower,0,6,20,31,57,0,10,34,0,44,0,16,54,31,101,88,36,124,225
03/05/2018,MEI,MS,ASO,CE,Federal Contract Tower,0,8,21,79,108,0,2,20,3,25,0,10,41,82,133,40,186,226,359
03/06/2018,MEI,MS,ASO,CE,Federal Contract Tower,0,6,11,111,128,0,8,22,27,57,0,14,33,138,185,40,152,192,377
03/07/2018,MEI,MS,ASO,CE,Federal Contract Tower,0,7,30,113,150,0,3,17,8,28,0,10,47,121,178,28,86,114,292
03/08/2018,MEI,MS,ASO,CE,Federal Contract Tower,0,11,15,72,98,0,1,26,31,58,0,12,41,103,156,0,18,18,174
03/09/2018,MEI,MS,ASO,CE,Federal Contract Tower,0,7,20,77,104,0,1,23,6,30,0,8,43,83,134,14,66,80,214
03/10/2018,MEI,MS,ASO,CE,Federal Contract Tower,0,6,5,16,27,0,0,13,5,18,0,6,18,21,45,2,8,10,55
03/11/2018,MEI,MS,ASO,CE,Federal Contract Tower,0,6,17,18,41,0,4,5,1,10,0,10,22,19,51,8,20,28,79
03/12/2018,MEI,MS,ASO,CE,Federal Contract Tower,0,6,21,113,140,0,4,19,6,29,0,10,40,119,169,12,140,152,321
03/13/2018,MEI,MS,ASO,CE,Federal Contract Tower,0,6,10,128,144,0,6,23,27,56,0,12,33,155,200,16,116,132,332
03/14/2018,MEI,MS,ASO,CE,Federal Contract Tower,0,6,28,76,110,0,8,33,20,61,0,14,61,96,171,18,130,148,319
03/15/2018,MEI,MS,ASO,CE,Federal Contract Tower,0,6,16,85,107,0,4,30,32,66,0,10,46,117,173,6,58,64,237
03/16/2018,MEI,MS,ASO,CE,Federal Contract Tower,0,6,13,26,45,0,0,1,8,9,0,6,14,34,54,0,2,2,56
03/17/2018,MEI,MS,ASO,CE,Federal Contract Tower,0,6,25,13,44,0,0,16,6,22,0,6,41,19,66,14,0,14,80
03/18/2018,MEI,MS,ASO,CE,Federal Contract Tower,0,6,16,12,34,0,0,1,0,1,0,6,17,12,35,0,2,2,37
03/19/2018,MEI,MS,ASO,CE,Federal Contract Tower,0,6,19,58,83,0,2,7,1,10,0,8,26,59,93,4,0,4,97
03/20/2018,MEI,MS,ASO,CE,Federal Contract Tower,0,6,19,167,192,0,4,11,13,28,0,10,30,180,220,8,172,180,400
03/21/2018,MEI,MS,ASO,CE,Federal Contract Tower,0,6,23,136,165,0,6,6,10,22,0,12,29,146,187,0,108,108,295
03/22/2018,MEI,MS,ASO,CE,Federal Contract Tower,0,6,20,95,121,0,4,32,16,52,0,10,52,111,173,18,114,132,305
03/23/2018,MEI,MS,ASO,CE,Federal Contract Tower,0,6,23,69,98,0,2,35,11,48,0,8,58,80,146,14,74,88,234
03/24/2018,MEI,MS,ASO,CE,Federal Contract Tower,0,6,27,12,45,0,4,21,2,27,0,10,48,14,72,2,2,4,76
03/25/2018,MEI,MS,ASO,CE,Federal Contract Tower,0,7,39,24,70,0,3,24,3,30,0,10,63,27,100,42,6,48,148
03/26/2018,MEI,MS,ASO,CE,Federal Contract Tower,0,9,20,86,115,0,1,3,0,4,0,10,23,86,119,0,0,0,119
03/27/2018,MEI,MS,ASO,CE,Federal Contract Tower,0,8,18,63,89,0,5,7,2,14,0,13,25,65,103,18,74,92,195
03/28/2018,MEI,MS,ASO,CE,Federal Contract Tower,0,8,16,97,121,0,10,18,12,40,0,18,34,109,161,12,150,162,323
03/29/2018,MEI,MS,ASO,CE,Federal Contract Tower,0,7,21,32,60,0,0,0,0,0,0,7,21,32,60,0,72,72,132
03/30/2018,MEI,MS,ASO,CE,Federal Contract Tower,0,2,20,82,104,0,0,39,8,47,0,2,59,90,151,56,84,140,291
03/31/2018,MEI,MS,ASO,CE,Federal Contract Tower,0,7,17,12,36,0,2,46,11,59,0,9,63,23,95,4,10,14,109
04/01/2018,MEI,MS,ASO,CE,Federal Contract Tower,0,6,18,8,32,0,1,9,0,10,0,7,27,8,42,10,10,20,62
04/02/2018,MEI,MS,ASO,CE,Federal Contract Tower,0,8,18,19,45,0,3,29,9,41,0,11,47,28,86,18,66,84,170
04/03/2018,MEI,MS,ASO,CE,Federal Contract Tower,0,8,30,161,199,0,6,17,15,38,0,14,47,176,237,0,50,50,287
04/04/2018,MEI,MS,ASO,CE,Federal Contract Tower,0,6,17,67,90,0,4,17,7,28,0,10,34,74,118,0,140,140,258
04/05/2018,MEI,MS,ASO,CE,Federal Contract Tower,0,7,23,99,129,0,4,23,23,50,0,11,46,122,179,4,112,116,295
04/06/2018,MEI,MS,ASO,CE,Federal Contract Tower,0,6,14,63,83,0,3,8,14,25,0,9,22,77,108,2,78,80,188
04/07/2018,MEI,MS,ASO,CE,Federal Contract Tower,0,17,7,1,25,0,1,1,1,3,0,18,8,2,28,0,0,0,28
04/08/2018,MEI,MS,ASO,CE,Federal Contract Tower,0,6,29,31,66,0,1,45,6,52,0,7,74,37,118,14,20,34,152
04/09/2018,MEI,MS,ASO,CE,Federal Contract Tower,0,6,23,119,148,0,7,26,12,45,0,13,49,131,193,54,176,230,423
04/10/2018,MEI,MS,ASO,CE,Federal Contract Tower,0,6,23,142,171,0,6,25,31,62,0,12,48,173,233,26,142,168,401
04/11/2018,MEI,MS,ASO,CE,Federal Contract Tower,0,7,14,139,160,0,0,28,17,45,0,7,42,156,205,22,148,170,375
04/12/2018,MEI,MS,ASO,CE,Federal Contract Tower,0,7,28,220,255,0,2,26,19,47,0,9,54,239,302,54,260,314,616
04/13/2018,MEI,MS,ASO,CE,Federal Contract Tower,0,0,20,4,24,0,6,21,69,96,0,6,41,73,120,0,80,80,200
04/14/2018,MEI,MS,ASO,CE,Federal Contract Tower,0,6,7,3,16,0,0,0,0,0,0,6,7,3,16,0,0,0,16
04/15/2018,MEI,MS,ASO,CE,Federal Contract Tower,0,6,13,70,89,0,5,14,29,48,0,11,27,99,137,26,58,84,221
04/16/2018,MEI,MS,ASO,CE,Federal Contract Tower,0,6,24,100,130,0,5,22,6,33,0,11,46,106,163,0,46,46,209
04/17/2018,MEI,MS,ASO,CE,Federal Contract Tower,0,7,19,89,115,0,4,23,12,39,0,11,42,101,154,4,96,100,254
04/18/2018,MEI,MS,ASO,CE,Federal Contract Tower,0,6,19,100,125,0,2,21,3,26,0,8,40,103,151,2,6,8,159
04/19/2018,MEI,MS,ASO,CE,Federal Contract Tower,0,8,15,115,138,0,6,20,6,32,0,14,35,121,170,6,26,32,202
04/20/2018,MEI,MS,ASO,CE,Federal Contract Tower,0,6,25,43,74,0,5,29,3,37,0,11,54,46,111,14,14,28,139
04/21/2018,MEI,MS,ASO,CE,Federal Contract Tower,0,6,4,19,29,0,5,30,8,43,0,11,34,27,72,6,12,18,90
04/22/2018,MEI,MS,ASO,CE,Federal Contract Tower,0,8,11,34,53,0,2,4,0,6,0,10,15,34,59,0,16,16,75
04/23/2018,MEI,MS,ASO,CE,Federal Contract Tower,0,6,23,129,158,0,10,6,20,36,0,16,29,149,194,16,38,54,248
04/24/2018,MEI,MS,ASO,CE,Federal Contract Tower,0,6,25,127,158,0,7,26,17,50,0,13,51,144,208,2,64,66,274
04/25/2018,MEI,MS,ASO,CE,Federal Contract Tower,0,6,16,102,124,0,2,17,7,26,0,8,33,109,150,22,78,100,250
04/26/2018,MEI,MS,ASO,CE,Federal Contract Tower,0,6,21,123,150,0,0,9,4,13,0,6,30,127,163,24,4,28,191
04/27/2018,MEI,MS,ASO,CE,Federal Contract Tower,0,6,16,114,136,0,0,23,12,35,0,6,39,126,171,20,74,94,265
04/28/2018,MEI,MS,ASO,CE,Federal Contract Tower,0,6,14,12,32,0,0,33,11,44,0,6,47,23,76,14,10,24,100
04/29/2018,MEI,MS,ASO,CE,Federal Contract Tower,0,6,15,26,47,0,6,24,2,32,0,12,39,28,79,28,0,28,107
04/30/2018,MEI,MS,ASO,CE,Federal Contract Tower,0,7,28,83,118,0,0,20,19,39,0,7,48,102,157,40,54,94,251
05/01/2018,MEI,MS,ASO,CE,Federal Contract Tower,0,7,27,132,166,0,4,13,9,26,0,11,40,141,192,0,32,32,224
05/02/2018,MEI,MS,ASO,CE,Federal Contract Tower,0,6,12,71,89,0,2,18,15,35,0,8,30,86,124,0,36,36,160
05/03/2018,MEI,MS,ASO,CE,Federal Contract Tower,0,4,32,63,99,0,4,14,13,31,0,8,46,76,130,2,68,70,200
05/04/2018,MEI,MS,ASO,CE,Federal Contract Tower,0,6,13,40,59,0,0,15,12,27,0,6,28,52,86,0,90,90,176
05/05/2018,MEI,MS,ASO,CE,Federal Contract Tower,0,6,0,6,12,0,2,16,4,22,0,8,16,10,34,24,0,24,58
05/06/2018,MEI,MS,ASO,CE,Federal Contract Tower,0,6,14,37,57,0,6,28,10,44,0,12,42,47,101,14,18,32,133
05/07/2018,MEI,MS,ASO,CE,Federal Contract Tower,0,6,24,100,130,0,6,38,48,92,0,12,62,148,222,34,98,132,354
05/08/2018,MEI,MS,ASO,CE,Federal Contract Tower,0,7,23,109,139,0,5,25,43,73,0,12,48,152,212,42,58,100,312
05/09/2018,MEI,MS,ASO,CE,Federal Contract Tower,0,7,26,122,155,0,9,39,29,77,0,16,65,151,232,48,72,120,352
05/10/2018,MEI,MS,ASO,CE,Federal Contract Tower,0,7,21,133,161,0,3,64,30,97,0,10,85,163,258,46,122,168,426
05/11/2018,MEI,MS,ASO,CE,Federal Contract Tower,0,6,18,61,85,0,2,36,11,49,0,8,54,72,134,3,10,13,147
05/12/2018,MEI,MS,ASO,CE,Federal Contract Tower,0,0,24,0,24,0,6,16,9,31,0,6,40,9,55,0,0,0,55
05/13/2018,MEI,MS,ASO,CE,Federal Contract Tower,0,6,12,33,51,0,7,26,4,37,0,13,38,37,88,6,12,18,106
05/14/2018,MEI,MS,ASO,CE,Federal Contract Tower,0,4,17,48,69,0,6,10,9,25,0,10,27,57,94,20,40,60,154
05/15/2018,MEI,MS,ASO,CE,Federal Contract Tower,0,6,20,82,108,0,2,21,18,41,0,8,41,100,149,20,68,88,237
05/16/2018,MEI,MS,ASO,CE,Federal Contract Tower,0,6,18,54,78,0,2,11,16,29,0,8,29,70,107,0,110,110,217
05/17/2018,MEI,MS,ASO,CE,Federal Contract Tower,0,7,13,53,73,0,3,12,11,26,0,10,25,64,99,32,24,56,155
05/18/2018,MEI,MS,ASO,CE,Federal Contract Tower,0,4,21,49,74,0,3,9,4,16,0,7,30,53,90,2,36,38,128
05/19/2018,MEI,MS,ASO,CE,Federal Contract Tower,0,8,22,16,46,0,1,21,14,36,0,9,43,30,82,10,14,24,106
05/20/2018,MEI,MS,ASO,CE,Federal Contract Tower,0,6,16,30,52,0,0,19,3,22,0,6,35,33,74,22,16,38,112
05/21/2018,MEI,MS,ASO,CE,Federal Contract Tower,0,8,26,120,154,0,7,30,13,50,0,15,56,133,204,34,80,114,318
05/22/2018,MEI,MS,ASO,CE,Federal Contract Tower,0,6,20,78,104,0,9,16,13,38,0,15,36,91,142,0,46,46,188
05/23/2018,MEI,MS,ASO,CE,Federal Contract Tower,0,6,17,55,78,0,4,14,7,25,0,10,31,62,103,0,56,56,159
05/24/2018,MEI,MS,ASO,CE,Federal Contract Tower,0,6,10,135,151,0,0,14,15,29,0,6,24,150,180,18,54,72,252
05/25/2018,MEI,MS,ASO,CE,Federal Contract Tower,0,6,32,12,50,0,2,7,0,9,0,8,39,12,59,1,8,9,68
05/26/2018,MEI,MS,ASO,CE,Federal Contract Tower,0,6,8,4,18,0,0,3,0,3,0,6,11,4,21,0,0,0,21
05/27/2018,MEI,MS,ASO,CE,Federal Contract Tower,0,6,9,0,15,0,0,9,0,9,0,6,18,0,24,2,0,2,26
05/28/2018,MEI,MS,ASO,CE,Federal Contract Tower,0,6,5,11,22,0,0,7,0,7,0,6,12,11,29,0,6,6,35
05/29/2018,MEI,MS,ASO,CE,Federal Contract Tower,0,6,16,51,73,0,2,2,2,6,0,8,18,53,79,0,30,30,109
05/30/2018,MEI,MS,ASO,CE,Federal Contract Tower,0,4,15,72,91,0,2,6,3,11,0,6,21,75,102,24,54,78,180
05/31/2018,MEI,MS,ASO,CE,Federal Contract Tower,0,6,20,154,180,0,0,16,12,28,0,6,36,166,208,20,64,84,292
06/01/2018,MEI,MS,ASO,CE,Federal Contract Tower,0,6,21,111,138,0,3,15,10,28,0,9,36,121,166,0,50,50,216
06/02/2018,MEI,MS,ASO,CE,Federal Contract Tower,0,6,11,17,34,0,2,7,11,20,0,8,18,28,54,4,16,20,74
06/03/2018,MEI,MS,ASO,CE,Federal Contract Tower,0,6,9,31,46,0,5,8,5,18,0,11,17,36,64,0,12,12,76
06/04/2018,MEI,MS,ASO,CE,Federal Contract Tower,0,6,21,132,159,0,0,18,7,25,0,6,39,139,184,2,98,100,284
06/05/2018,MEI,MS,ASO,CE,Federal Contract Tower,0,6,19,75,100,0,10,3,0,13,0,16,22,75,113,16,124,140,253
06/06/2018,MEI,MS,ASO,CE,Federal Contract Tower,0,6,18,74,98,0,1,29,76,106,0,7,47,150,204,8,66,74,278
06/07/2018,MEI,MS,ASO,CE,Federal Contract Tower,0,6,30,102,138,0,3,32,14,49,0,9,62,116,187,2,68,70,257
06/08/2018,MEI,MS,ASO,CE,Federal Contract Tower,0,6,20,41,67,0,0,23,13,36,0,6,43,54,103,2,30,32,135
06/09/2018,MEI,MS,ASO,CE,Federal Contract Tower,0,6,7,9,22,0,0,23,11,34,0,6,30,20,56,0,10,10,66
06/10/2018,MEI,MS,ASO,CE,Federal Contract Tower,0,7,23,20,50,0,0,13,10,23,0,7,36,30,73,36,22,58,131
06/11/2018,MEI,MS,ASO,CE,Federal Contract Tower,0,9,19,59,87,0,6,10,3,19,0,15,29,62,106,8,38,46,152
06/12/2018,MEI,MS,ASO,CE,Federal Contract Tower,0,6,22,59,87,0,2,14,19,35,0,8,36,78,122,20,40,60,182
06/13/2018,MEI,MS,ASO,CE,Federal Contract Tower,0,6,25,26,57,0,3,24,28,55,0,9,49,54,112,34,46,80,192
06/14/2018,MEI,MS,ASO,CE,Federal Contract Tower,0,6,18,102,126,0,4,26,21,51,0,10,44,123,177,4,20,24,201
06/15/2018,MEI,MS,ASO,CE,Federal Contract Tower,0,6,14,24,44,0,0,20,4,24,0,6,34,28,68,22,18,40,108
06/16/2018,MEI,MS,ASO,CE,Federal Contract Tower,0,6,18,21,45,0,0,17,2,19,0,6,35,23,64,14,28,42,106
06/17/2018,MEI,MS,ASO,CE,Federal Contract Tower,0,6,14,23,43,0,0,15,0,15,0,6,29,23,58,16,38,54,112
06/18/2018,MEI,MS,ASO,CE,Federal Contract Tower,0,6,17,73,96,0,5,21,6,32,0,11,38,79,128,40,104,144,272
06/19/2018,MEI,MS,ASO,CE,Federal Contract Tower,0,6,17,130,153,0,6,24,17,47,0,12,41,147,200,40,126,166,366
06/20/2018,MEI,MS,ASO,CE,Federal Contract Tower,0,7,14,84,105,0,5,32,7,44,0,12,46,91,149,36,170,206,355
06/21/2018,MEI,MS,ASO,CE,Federal Contract Tower,0,6,12,75,93,0,0,10,14,24,0,6,22,89,117,28,90,118,235
06/22/2018,MEI,MS,ASO,CE,Federal Contract Tower,0,6,16,56,78,0,0,15,1,16,0,6,31,57,94,6,28,34,128
06/23/2018,MEI,MS,ASO,CE,Federal Contract Tower,0,6,12,28,46,0,1,31,3,35,0,7,43,31,81,36,10,46,127
06/24/2018,MEI,MS,ASO,CE,Federal Contract Tower,0,6,28,57,91,0,0,19,4,23,0,6,47,61,114,30,6,36,150
06/25/2018,MEI,MS,ASO,CE,Federal Contract Tower,0,6,31,130,167,0,6,20,11,37,0,12,51,141,204,14,98,112,316
06/26/2018,MEI,MS,ASO,CE,Federal Contract Tower,0,4,29,101,134,0,6,20,9,35,0,10,49,110,169,30,106,136,305
06/27/2018,MEI,MS,ASO,CE,Federal Contract Tower,0,3,28,113,144,0,0,33,8,41,0,3,61,121,185,16,108,124,309
06/28/2018,MEI,MS,ASO,CE,Federal Contract Tower,0,7,20,117,144,0,1,32,18,51,0,8,52,135,195,24,106,130,325
06/29/2018,MEI,MS,ASO,CE,Federal Contract Tower,0,6,18,53,77,0,3,17,21,41,0,9,35,74,118,8,128,136,254
06/30/2018,MEI,MS,ASO,CE,Federal Contract Tower,0,6,6,4,16,0,2,17,8,27,0,8,23,12,43,0,0,0,43
07/01/2018,MEI,MS,ASO,CE,Federal Contract Tower,0,6,15,13,34,0,0,13,3,16,0,6,28,16,50,18,8,26,76
07/02/2018,MEI,MS,ASO,CE,Federal Contract Tower,0,6,21,46,73,0,0,9,9,18,0,6,30,55,91,6,80,86,177
07/03/2018,MEI,MS,ASO,CE,Federal Contract Tower,0,6,10,22,38,0,0,11,3,14,0,6,21,25,52,2,0,2,54
07/04/2018,MEI,MS,ASO,CE,Federal Contract Tower,0,6,10,1,17,0,6,18,0,24,0,12,28,1,41,18,0,18,59
07/05/2018,MEI,MS,ASO,CE,Federal Contract Tower,0,6,16,49,71,0,3,29,6,38,0,9,45,55,109,44,6,50,159
07/06/2018,MEI,MS,ASO,CE,Federal Contract Tower,0,7,18,58,83,0,2,14,15,31,0,9,32,73,114,30,80,110,224
07/07/2018,MEI,MS,ASO,CE,Federal Contract Tower,0,7,12,15,34,0,0,18,2,20,0,7,30,17,54,6,8,14,68
07/08/2018,MEI,MS,ASO,CE,Federal Contract Tower,0,6,22,28,56,0,1,8,7,16,0,7,30,35,72,10,0,10,82
07/09/2018,MEI,MS,ASO,CE,Federal Contract Tower,0,6,13,66,85,0,1,11,22,34,0,7,24,88,119,2,18,20,139
07/10/2018,MEI,MS,ASO,CE,Federal Contract Tower,0,6,23,79,108,0,2,15,19,36,0,8,38,98,144,16,60,76,220
07/11/2018,MEI,MS,ASO,CE,Federal Contract Tower,0,6,23,152,181,0,5,27,9,41,0,11,50,161,222,76,138,214,436
07/12/2018,MEI,MS,ASO,CE,Federal Contract Tower,0,9,24,118,151,0,2,30,20,52,0,11,54,138,203,82,124,206,409
07/13/2018,MEI,MS,ASO,CE,Federal Contract Tower,0,6,12,94,112,0,3,15,7,25,0,9,27,101,137,30,72,102,239
07/14/2018,MEI,MS,ASO,CE,Federal Contract Tower,0,5,12,1,18,0,7,28,10,45,0,12,40,11,63,48,0,48,111
07/15/2018,MEI,MS,ASO,CE,Federal Contract Tower,0,6,5,23,34,0,4,9,2,15,0,10,14,25,49,0,12,12,61
07/16/2018,MEI,MS,ASO,CE,Federal Contract Tower,0,6,18,51,75,0,0,4,4,8,0,6,22,55,83,0,26,26,109
07/17/2018,MEI,MS,ASO,CE,Federal Contract Tower,0,7,23,79,109,0,0,7,14,21,0,7,30,93,130,0,152,152,282
07/18/2018,MEI,MS,ASO,CE,Federal Contract Tower,0,4,14,77,95,0,1,9,3,13,0,5,23,80,108,4,68,72,180
07/19/2018,MEI,MS,ASO,CE,Federal Contract Tower,0,8,19,92,119,0,0,7,27,34,0,8,26,119,153,14,52,66,219
07/20/2018,MEI,MS,ASO,CE,Federal Contract Tower,0,6,28,66,100,0,2,19,8,29,0,8,47,74,129,6,106,112,241
07/21/2018,MEI,MS,ASO,CE,Federal Contract Tower,0,6,16,17,39,0,4,9,9,22,0,10,25,26,61,16,28,44,105
07/22/2018,MEI,MS,ASO,CE,Federal Contract Tower,0,6,18,69,93,0,0,20,21,41,0,6,38,90,134,0,0,0,134
07/23/2018,MEI,MS,ASO,CE,Federal Contract Tower,0,6,27,137,170,0,2,12,9,23,0,8,39,146,193,2,92,94,287
07/24/2018,MEI,MS,ASO,CE,Federal Contract Tower,0,6,24,88,118,0,13,15,7,35,0,19,39,95,153,2,86,88,241
07/25/2018,MEI,MS,ASO,CE,Federal Contract Tower,0,6,23,107,136,0,4,15,17,36,0,10,38,124,172,18,70,88,260
07/26/2018,MEI,MS,ASO,CE,Federal Contract Tower,0,6,18,122,146,0,3,13,11,27,0,9,31,133,173,12,150,162,335
07/27/2018,MEI,MS,ASO,CE,Federal Contract Tower,0,6,17,63,86,0,4,17,22,43,0,10,34,85,129,14,136,150,279
07/28/2018,MEI,MS,ASO,CE,Federal Contract Tower,0,6,17,22,45,0,5,24,0,29,0,11,41,22,74,50,72,122,196
07/29/2018,MEI,MS,ASO,CE,Federal Contract Tower,0,6,8,24,38,0,2,10,11,23,0,8,18,35,61,0,0,0,61
07/30/2018,MEI,MS,ASO,CE,Federal Contract Tower,0,6,12,61,79,0,0,13,15,28,0,6,25,76,107,2,106,108,215
07/31/2018,MEI,MS,ASO,CE,Federal Contract Tower,0,6,10,47,63,0,0,6,4,10,0,6,16,51,73,4,102,106,179
08/01/2018,MEI,MS,ASO,CE,Federal Contract Tower,0,5,10,54,69,0,3,12,5,20,0,8,22,59,89,46,96,142,231
08/02/2018,MEI,MS,ASO,CE,Federal Contract Tower,0,6,23,59,88,0,2,18,1,21,0,8,41,60,109,34,88,122,231
08/03/2018,MEI,MS,ASO,CE,Federal Contract Tower,0,8,17,67,92,0,4,15,8,27,0,12,32,75,119,10,94,104,223
08/04/2018,MEI,MS,ASO,CE,Federal Contract Tower,0,6,14,10,30,0,4,22,8,34,0,10,36,18,64,26,36,62,126
08/05/2018,MEI,MS,ASO,CE,Federal Contract Tower,0,6,22,11,39,0,2,16,18,36,0,8,38,29,75,18,18,36,111
08/06/2018,MEI,MS,ASO,CE,Federal Contract Tower,0,5,23,68,96,0,0,24,6,30,0,5,47,74,126,2,108,110,236
08/07/2018,MEI,MS,ASO,CE,Federal Contract Tower,0,6,11,119,136,0,2,16,11,29,0,8,27,130,165,2,208,210,375
08/08/2018,MEI,MS,ASO,CE,Federal Contract Tower,0,6,15,48,69,0,7,18,7,32,0,13,33,55,101,60,44,104,205
08/09/2018,MEI,MS,ASO,CE,Federal Contract Tower,0,6,11,68,85,0,4,17,36,57,0,10,28,104,142,56,204,260,402
08/10/2018,MEI,MS,ASO,CE,Federal Contract Tower,0,6,18,24,48,0,4,16,16,36,0,10,34,40,84,60,12,72,156
08/11/2018,MEI,MS,ASO,CE,Federal Contract Tower,0,6,7,33,46,0,0,19,5,24,0,6,26,38,70,46,36,82,152
08/12/2018,MEI,MS,ASO,CE,Federal Contract Tower,0,6,8,17,31,0,1,20,6,27,0,7,28,23,58,16,2,18,76
08/13/2018,MEI,MS,ASO,CE,Federal Contract Tower,0,4,18,68,90,0,2,12,9,23,0,6,30,77,113,20,64,84,197
08/14/2018,MEI,MS,ASO,CE,Federal Contract Tower,0,7,12,59,78,0,6,7,5,18,0,13,19,64,96,10,102,112,208
08/15/2018,MEI,MS,ASO,CE,Federal Contract Tower,0,4,16,95,115,0,4,24,22,50,0,8,40,117,165,54,250,304,469
08/16/2018,MEI,MS,ASO,CE,Federal Contract Tower,0,6,16,80,102,0,4,23,12,39,0,10,39,92,141,60,196,256,397
08/17/2018,MEI,MS,ASO,CE,Federal Contract Tower,0,4,11,43,58,0,0,19,3,22,0,4,30,46,80,52,12,64,144
08/18/2018,MEI,MS,ASO,CE,Federal Contract Tower,0,6,2,17,25,0,0,6,3,9,0,6,8,20,34,18,14,32,66
08/19/2018,MEI,MS,ASO,CE,Federal Contract Tower,0,6,11,25,42,0,4,14,3,21,0,10,25,28,63,8,0,8,71
08/20/2018,MEI,MS,ASO,CE,Federal Contract Tower,0,4,23,81,108,0,0,5,4,9,0,4,28,85,117,0,36,36,153
08/21/2018,MEI,MS,ASO,CE,Federal Contract Tower,0,8,21,134,163,0,7,16,4,27,0,15,37,138,190,14,40,54,244
08/22/2018,MEI,MS,ASO,CE,Federal Contract Tower,0,6,18,119,143,0,3,25,18,46,0,9,43,137,189,90,156,246,435
08/23/2018,MEI,MS,ASO,CE,Federal Contract Tower,0,6,27,84,117,0,2,34,21,57,0,8,61,105,174,38,124,162,336
08/24/2018,MEI,MS,ASO,CE,Federal Contract Tower,0,7,12,97,116,0,3,26,4,33,0,10,38,101,149,50,166,216,365
08/25/2018,MEI,MS,ASO,CE,Federal Contract Tower,0,6,13,37,56,0,2,33,1,36,0,8,46,38,92,22,20,42,134
08/26/2018,MEI,MS,ASO,CE,Federal Contract Tower,0,6,7,36,49,0,0,17,7,24,0,6,24,43,73,22,0,22,95
08/27/2018,MEI,MS,ASO,CE,Federal Contract Tower,0,6,14,122,142,0,0,14,7,21,0,6,28,129,163,0,70,70,233
08/28/2018,MEI,MS,ASO,CE,Federal Contract Tower,0,8,15,79,102,0,6,13,15,34,0,14,28,94,136,34,66,100,236
08/29/2018,MEI,MS,ASO,CE,Federal Contract Tower,0,6,18,60,84,0,8,15,19,42,0,14,33,79,126,18,100,118,244
08/30/2018,MEI,MS,ASO,CE,Federal Contract Tower,0,6,15,56,77,0,2,20,13,35,0,8,35,69,112,34,188,222,334
08/31/2018,MEI,MS,ASO,CE,Federal Contract Tower,0,7,17,40,64,0,1,16,3,20,0,8,33,43,84,26,6,32,116
09/01/2018,MEI,MS,ASO,CE,Federal Contract Tower,0,6,27,2,35,0,2,29,5,36,0,8,56,7,71,36,0,36,107
09/02/2018,MEI,MS,ASO,CE,Federal Contract Tower,0,4,6,9,19,0,4,17,3,24,0,8,23,12,43,8,0,8,51
09/03/2018,MEI,MS,ASO,CE,Federal Contract Tower,0,6,13,0,19,0,3,28,0,31,0,9,41,0,50,18,0,18,68
09/04/2018,MEI,MS,ASO,CE,Federal Contract Tower,0,5,10,70,85,0,2,20,6,28,0,7,30,76,113,64,58,122,235
09/05/2018,MEI,MS,ASO,CE,Federal Contract Tower,0,5,6,40,51,0,0,4,11,15,0,5,10,51,66,0,6,6,72
09/06/2018,MEI,MS,ASO,CE,Federal Contract Tower,0,6,10,69,85,0,1,6,1,8,0,7,16,70,93,4,12,16,109
09/07/2018,MEI,MS,ASO,CE,Federal Contract Tower,0,6,16,86,108,0,3,36,64,103,0,9,52,150,211,44,192,236,447
09/08/2018,MEI,MS,ASO,CE,Federal Contract Tower,0,6,18,18,42,0,3,37,12,52,0,9,55,30,94,82,90,172,266
09/09/2018,MEI,MS,ASO,CE,Federal Contract Tower,0,6,14,27,47,0,1,11,1,13,0,7,25,28,60,8,0,8,68
09/10/2018,MEI,MS,ASO,CE,Federal Contract Tower,0,6,15,76,97,0,0,4,3,7,0,6,19,79,104,0,0,0,104
09/11/2018,MEI,MS,ASO,CE,Federal Contract Tower,0,6,16,76,98,0,1,9,6,16,0,7,25,82,114,12,6,18,132
09/12/2018,MEI,MS,ASO,CE,Federal Contract Tower,0,8,11,128,147,0,2,20,18,40,0,10,31,146,187,42,128,170,357
09/13/2018,MEI,MS,ASO,CE,Federal Contract Tower,0,6,17,98,121,0,4,34,40,78,0,10,51,138,199,96,145,241,440
09/14/2018,MEI,MS,ASO,CE,Federal Contract Tower,0,6,17,72,95,0,2,30,12,44,0,8,47,84,139,24,72,96,235
09/15/2018,MEI,MS,ASO,CE,Federal Contract Tower,0,7,11,27,45,0,7,40,6,53,0,14,51,33,98,100,12,112,210
09/16/2018,MEI,MS,ASO,CE,Federal Contract Tower,0,6,14,56,76,0,2,44,8,54,0,8,58,64,130,48,38,86,216
09/17/2018,MEI,MS,ASO,CE,Federal Contract Tower,0,6,14,98,118,0,1,22,17,40,0,7,36,115,158,20,116,136,294
09/18/2018,MEI,MS,ASO,CE,Federal Contract Tower,0,6,12,59,77,0,5,21,13,39,0,11,33,72,116,12,102,114,230
09/19/2018,MEI,MS,ASO,CE,Federal Contract Tower,0,4,14,63,81,0,4,29,13,46,0,8,43,76,127,4,56,60,187
09/20/2018,MEI,MS,ASO,CE,Federal Contract Tower,0,8,13,52,73,0,3,37,4,44,0,11,50,56,117,50,148,198,315
09/21/2018,MEI,MS,ASO,CE,Federal Contract Tower,0,7,14,30,51,0,7,26,5,38,0,14,40,35,89,42,48,90,179
09/22/2018,MEI,MS,ASO,CE,Federal Contract Tower,0,6,10,9,25,0,3,24,1,28,0,9,34,10,53,18,12,30,83
09/23/2018,MEI,MS,ASO,CE,Federal Contract Tower,0,6,17,34,57,0,0,28,2,30,0,6,45,36,87,4,6,10,97
09/24/2018,MEI,MS,ASO,CE,Federal Contract Tower,0,6,16,93,115,0,1,20,0,21,0,7,36,93,136,2,30,32,168
09/25/2018,MEI,MS,ASO,CE,Federal Contract Tower,0,7,37,38,82,0,2,9,1,12,0,9,46,39,94,14,26,40,134
09/26/2018,MEI,MS,ASO,CE,Federal Contract Tower,0,8,15,24,47,0,1,4,0,5,0,9,19,24,52,0,2,2,54
09/27/2018,MEI,MS,ASO,CE,Federal Contract Tower,0,7,25,49,81,0,2,15,72,89,0,9,40,121,170,28,64,92,262
09/28/2018,MEI,MS,ASO,CE,Federal Contract Tower,0,6,29,69,104,0,2,28,2,32,0,8,57,71,136,54,62,116,252
09/29/2018,MEI,MS,ASO,CE,Federal Contract Tower,0,6,35,22,63,0,6,24,0,30,0,12,59,22,93,64,12,76,169
09/30/2018,MEI,MS,ASO,CE,Federal Contract Tower,0,6,15,33,54,0,1,19,11,31,0,7,34,44,85,20,10,30,115
10/01/2018,MEI,MS,ASO,CE,Federal Contract Tower,0,7,17,70,94,0,2,24,10,36,0,9,41,80,130,16,68,84,214
10/02/2018,MEI,MS,ASO,CE,Federal Contract Tower,0,6,18,76,100,0,6,37,9,52,0,12,55,85,152,40,136,176,328
10/03/2018,MEI,MS,ASO,CE,Federal Contract Tower,0,6,26,131,163,0,2,22,15,39,0,8,48,146,202,20,189,209,411
10/04/2018,MEI,MS,ASO,CE,Federal Contract Tower,0,6,24,149,179,0,4,34,15,53,0,10,58,164,232,14,140,154,386
10/05/2018,MEI,MS,ASO,CE,Federal Contract Tower,0,6,27,109,142,0,4,35,12,51,0,10,62,121,193,12,188,200,393
10/06/2018,MEI,MS,ASO,CE,Federal Contract Tower,0,4,11,25,40,0,4,27,7,38,0,8,38,32,78,34,30,64,142
10/07/2018,MEI,MS,ASO,CE,Federal Contract Tower,0,6,17,17,40,0,3,23,6,32,0,9,40,23,72,22,18,40,112
10/08/2018,MEI,MS,ASO,CE,Federal Contract Tower,0,6,19,22,47,0,4,24,1,29,0,10,43,23,76,60,26,86,162
10/09/2018,MEI,MS,ASO,CE,Federal Contract Tower,0,5,26,118,149,0,1,7,33,41,0,6,33,151,190,0,62,62,252
10/10/2018,MEI,MS,ASO,CE,Federal Contract Tower,0,7,6,128,141,0,4,0,3,7,0,11,6,131,148,0,46,46,194
10/11/2018,MEI,MS,ASO,CE,Federal Contract Tower,0,6,11,112,129,0,2,23,88,113,0,8,34,200,242,16,248,264,506
10/12/2018,MEI,MS,ASO,CE,Federal Contract Tower,0,6,25,93,124,0,5,42,10,57,0,11,67,103,181,58,174,232,413
10/13/2018,MEI,MS,ASO,CE,Federal Contract Tower,0,6,25,25,56,0,2,26,1,29,0,8,51,26,85,20,30,50,135
10/14/2018,MEI,MS,ASO,CE,Federal Contract Tower,0,6,17,60,83,0,0,36,3,39,0,6,53,63,122,23,28,51,173
10/15/2018,MEI,MS,ASO,CE,Federal Contract Tower,0,4,11,122,137,0,2,32,9,43,0,6,43,131,180,0,110,110,290
10/16/2018,MEI,MS,ASO,CE,Federal Contract Tower,0,9,22,75,106,0,1,2,3,6,0,10,24,78,112,0,16,16,128
10/17/2018,MEI,MS,ASO,CE,Federal Contract Tower,0,7,45,88,140,0,6,2,0,8,0,13,47,88,148,10,92,102,250
10/18/2018,MEI,MS,ASO,CE,Federal Contract Tower,0,10,19,135,164,0,0,36,70,106,0,10,55,205,270,78,202,280,550
10/19/2018,MEI,MS,ASO,CE,Federal Contract Tower,0,4,17,117,138,0,3,28,16,47,0,7,45,133,185,20,130,150,335
10/20/2018,MEI,MS,ASO,CE,Federal Contract Tower,0,7,13,7,27,0,7,0,0,7,0,14,13,7,34,4,2,6,40
10/21/2018,MEI,MS,ASO,CE,Federal Contract Tower,0,6,14,15,35,0,4,27,4,35,0,10,41,19,70,18,20,38,108
10/22/2018,MEI,MS,ASO,CE,Federal Contract Tower,0,6,23,89,118,0,0,23,9,32,0,6,46,98,150,20,166,186,336
10/23/2018,MEI,MS,ASO,CE,Federal Contract Tower,0,6,25,118,149,0,2,27,6,35,0,8,52,124,184,10,142,152,336
10/24/2018,MEI,MS,ASO,CE,Federal Contract Tower,0,6,16,99,121,0,7,27,5,39,0,13,43,104,160,40,150,190,350
10/25/2018,MEI,MS,ASO,CE,Federal Contract Tower,0,8,12,65,85,0,0,0,0,0,0,8,12,65,85,0,16,16,101
10/26/2018,MEI,MS,ASO,CE,Federal Contract Tower,0,8,9,90,107,0,2,12,9,23,0,10,21,99,130,20,162,182,312
10/27/2018,MEI,MS,ASO,CE,Federal Contract Tower,0,8,11,21,40,0,6,47,3,56,0,14,58,24,96,88,20,108,204
10/28/2018,MEI,MS,ASO,CE,Federal Contract Tower,0,6,16,50,72,0,3,44,9,56,0,9,60,59,128,54,0,54,182
10/29/2018,MEI,MS,ASO,CE,Federal Contract Tower,0,7,27,104,138,0,8,34,10,52,0,15,61,114,190,22,102,124,314
10/30/2018,MEI,MS,ASO,CE,Federal Contract Tower,0,6,11,107,124,0,0,43,4,47,0,6,54,111,171,62,144,206,377
10/31/2018,MEI,MS,ASO,CE,Federal Contract Tower,0,6,16,96,118,0,7,14,8,29,0,13,30,104,147,28,156,184,331
11/01/2018,MEI,MS,ASO,CE,Federal Contract Tower,0,6,32,82,120,0,0,1,0,1,0,6,33,82,121,2,34,36,157
11/02/2018,MEI,MS,ASO,CE,Federal Contract Tower,0,6,53,112,171,0,4,25,14,43,0,10,78,126,214,8,112,120,334
11/03/2018,MEI,MS,ASO,CE,Federal Contract Tower,0,6,13,54,73,0,4,59,4,67,0,10,72,58,140,42,94,136,276
11/04/2018,MEI,MS,ASO,CE,Federal Contract Tower,0,7,18,48,73,0,14,10,50,74,0,21,28,98,147,10,40,50,197
11/05/2018,MEI,MS,ASO,CE,Federal Contract Tower,0,6,14,46,66,0,6,6,2,14,0,12,20,48,80,34,0,34,114
11/06/2018,MEI,MS,ASO,CE,Federal Contract Tower,0,7,25,95,127,0,7,21,8,36,0,14,46,103,163,28,76,104,267
11/07/2018,MEI,MS,ASO,CE,Federal Contract Tower,0,9,17,43,69,0,0,0,1,1,0,9,17,44,70,0,0,0,70
11/08/2018,MEI,MS,ASO,CE,Federal Contract Tower,0,6,22,23,51,0,0,0,0,0,0,6,22,23,51,0,0,0,51
11/09/2018,MEI,MS,ASO,CE,Federal Contract Tower,0,4,10,17,31,0,0,1,1,2,0,4,11,18,33,0,6,6,39
11/10/2018,MEI,MS,ASO,CE,Federal Contract Tower,0,6,11,23,40,0,1,29,0,30,0,7,40,23,70,30,8,38,108
11/11/2018,MEI,MS,ASO,CE,Federal Contract Tower,0,6,17,37,60,0,4,33,9,46,0,10,50,46,106,74,46,120,226
11/12/2018,MEI,MS,ASO,CE,Federal Contract Tower,0,6,13,4,23,0,0,0,0,0,0,6,13,4,23,0,0,0,23
11/13/2018,MEI,MS,ASO,CE,Federal Contract Tower,0,8,15,122,145,0,0,0,0,0,0,8,15,122,145,0,0,0,145
11/14/2018,MEI,MS,ASO,CE,Federal Contract Tower,0,4,18,23,45,0,0,0,0,0,0,4,18,23,45,0,0,0,45
11/15/2018,MEI,MS,ASO,CE,Federal Contract Tower,0,6,30,125,161,0,7,21,46,74,0,13,51,171,235,12,110,122,357
11/16/2018,MEI,MS,ASO,CE,Federal Contract Tower,0,8,14,56,78,0,2,38,16,56,0,10,52,72,134,14,64,78,212
11/17/2018,MEI,MS,ASO,CE,Federal Contract Tower,0,8,10,39,57,0,5,49,5,59,0,13,59,44,116,22,6,28,144
11/18/2018,MEI,MS,ASO,CE,Federal Contract Tower,0,8,18,55,81,0,6,22,4,32,0,14,40,59,113,44,48,92,205
11/19/2018,MEI,MS,ASO,CE,Federal Contract Tower,0,8,18,108,134,0,6,33,13,52,0,14,51,121,186,86,192,278,464
11/20/2018,MEI,MS,ASO,CE,Federal Contract Tower,0,6,20,76,102,0,3,17,32,52,0,9,37,108,154,22,138,160,314
11/21/2018,MEI,MS,ASO,CE,Federal Contract Tower,0,6,20,40,66,0,1,29,0,30,0,7,49,40,96,10,64,74,170
11/22/2018,MEI,MS,ASO,CE,Federal Contract Tower,0,6,8,0,14,0,1,13,0,14,0,7,21,0,28,8,0,8,36
11/23/2018,MEI,MS,ASO,CE,Federal Contract Tower,0,5,13,1,19,0,1,11,0,12,0,6,24,1,31,2,2,4,35
11/24/2018,MEI,MS,ASO,CE,Federal Contract Tower,0,7,18,0,25,0,1,18,0,19,0,8,36,0,44,16,0,16,60
11/25/2018,MEI,MS,ASO,CE,Federal Contract Tower,0,3,35,0,38,0,3,1,0,4,0,6,36,0,42,2,0,2,44
11/26/2018,MEI,MS,ASO,CE,Federal Contract Tower,0,6,14,97,117,0,6,37,24,67,0,12,51,121,184,46,206,252,436
11/27/2018,MEI,MS,ASO,CE,Federal Contract Tower,0,7,15,73,95,0,9,14,20,43,0,16,29,93,138,36,142,178,316
11/28/2018,MEI,MS,ASO,CE,Federal Contract Tower,0,10,20,100,130,0,4,29,44,77,0,14,49,144,207,26,74,100,307
11/29/2018,MEI,MS,ASO,CE,Federal Contract Tower,0,6,14,79,99,0,0,6,4,10,0,6,20,83,109,6,60,66,175
11/30/2018,MEI,MS,ASO,CE,Federal Contract Tower,0,7,26,86,119,0,3,8,5,16,0,10,34,91,135,2,66,68,203
12/01/2018,MEI,MS,ASO,CE,Federal Contract Tower,0,6,8,14,28,0,6,6,2,14,0,12,14,16,42,2,6,8,50
12/02/2018,MEI,MS,ASO,CE,Federal Contract Tower,0,6,15,28,49,0,2,23,6,31,0,8,38,34,80,38,18,56,136
12/03/2018,MEI,MS,ASO,CE,Federal Contract Tower,0,6,32,92,130,0,2,23,11,36,0,8,55,103,166,0,212,212,378
12/04/2018,MEI,MS,ASO,CE,Federal Contract Tower,0,6,19,155,180,0,2,20,17,39,0,8,39,172,219,16,238,254,473
12/05/2018,MEI,MS,ASO,CE,Federal Contract Tower,0,6,32,2,40,0,4,26,3,33,0,10,58,5,73,0,18,18,91
12/06/2018,MEI,MS,ASO,CE,Federal Contract Tower,0,6,16,94,116,0,5,24,17,46,0,11,40,111,162,6,72,78,240
12/07/2018,MEI,MS,ASO,CE,Federal Contract Tower,0,3,18,107,128,0,10,14,6,30,0,13,32,113,158,4,36,40,198
12/08/2018,MEI,MS,ASO,CE,Federal Contract Tower,0,9,2,0,11,0,0,0,0,0,0,9,2,0,11,0,0,0,11
12/10/2018,MEI,MS,ASO,CE,Federal Contract Tower,0,6,19,123,148,0,1,18,10,29,0,7,37,133,177,30,208,238,415
12/11/2018,MEI,MS,ASO,CE,Federal Contract Tower,0,8,24,116,148,0,1,23,11,35,0,9,47,127,183,18,114,132,315
12/12/2018,MEI,MS,ASO,CE,Federal Contract Tower,0,6,23,82,111,0,6,26,10,42,0,12,49,92,153,38,162,200,353
12/13/2018,MEI,MS,ASO,CE,Federal Contract Tower,0,8,12,82,102,0,0,1,4,5,0,8,13,86,107,0,0,0,107
12/14/2018,MEI,MS,ASO,CE,Federal Contract Tower,0,8,19,73,100,0,5,10,4,19,0,13,29,77,119,22,48,70,189
12/15/2018,MEI,MS,ASO,CE,Federal Contract Tower,0,7,12,12,31,0,7,16,0,23,0,14,28,12,54,6,0,6,60
12/16/2018,MEI,MS,ASO,CE,Federal Contract Tower,0,6,17,11,34,0,5,17,2,24,0,11,34,13,58,32,12,44,102
12/17/2018,MEI,MS,ASO,CE,Federal Contract Tower,0,6,17,59,82,0,2,21,16,39,0,8,38,75,121,12,28,40,161
12/18/2018,MEI,MS,ASO,CE,Federal Contract Tower,0,6,24,104,134,0,8,26,69,103,0,14,50,173,237,28,100,128,365
12/19/2018,MEI,MS,ASO,CE,Federal Contract Tower,0,6,14,82,102,0,5,26,12,43,0,11,40,94,145,30,172,202,347
12/20/2018,MEI,MS,ASO,CE,Federal Contract Tower,0,8,7,36,51,0,0,0,0,0,0,8,7,36,51,0,0,0,51
12/21/2018,MEI,MS,ASO,CE,Federal Contract Tower,0,7,36,24,67,0,0,11,1,12,0,7,47,25,79,0,4,4,83
12/22/2018,MEI,MS,ASO,CE,Federal Contract Tower,0,6,18,24,48,0,0,33,8,41,0,6,51,32,89,40,14,54,143
12/23/2018,MEI,MS,ASO,CE,Federal Contract Tower,0,5,9,0,14,0,6,25,0,31,0,11,34,0,45,18,0,18,63
12/24/2018,MEI,MS,ASO,CE,Federal Contract Tower,0,6,8,0,14,0,6,17,0,23,0,12,25,0,37,0,0,0,37
12/25/2018,MEI,MS,ASO,CE,Federal Contract Tower,0,6,6,0,12,0,3,10,0,13,0,9,16,0,25,0,0,0,25
12/26/2018,MEI,MS,ASO,CE,Federal Contract Tower,0,6,7,2,15,0,0,20,2,22,0,6,27,4,37,14,2,16,53
12/27/2018,MEI,MS,ASO,CE,Federal Contract Tower,0,8,2,0,10,0,0,0,0,0,0,8,2,0,10,0,0,0,10
12/28/2018,MEI,MS,ASO,CE,Federal Contract Tower,0,6,17,10,33,0,0,7,0,7,0,6,24,10,40,12,0,12,52
12/29/2018,MEI,MS,ASO,CE,Federal Contract Tower,0,5,20,0,25,0,0,18,0,18,0,5,38,0,43,37,0,37,80
12/30/2018,MEI,MS,ASO,CE,Federal Contract Tower,0,2,9,0,11,0,0,0,0,0,0,2,9,0,11,0,0,0,11
12/31/2018,MEI,MS,ASO,CE,Federal Contract Tower,0,6,6,0,12,0,0,0,0,0,0,6,6,0,12,0,0,0,12
01/01/2019,MEI,MS,ASO,CE,Federal Contract Tower,0,6,18,0,24,0,7,6,0,13,0,13,24,0,37,2,0,2,39
01/02/2019,MEI,MS,ASO,CE,Federal Contract Tower,0,5,22,22,49,0,4,0,0,4,0,9,22,22,53,0,0,0,53
01/03/2019,MEI,MS,ASO,CE,Federal Contract Tower,0,5,8,4,17,0,0,0,0,0,0,5,8,4,17,0,0,0,17
01/04/2019,MEI,MS,ASO,CE,Federal Contract Tower,0,6,16,86,108,0,0,6,8,14,0,6,22,94,122,22,8,30,152
01/05/2019,MEI,MS,ASO,CE,Federal Contract Tower,0,8,16,18,42,0,2,33,1,36,0,10,49,19,78,4,14,18,96
01/06/2019,MEI,MS,ASO,CE,Federal Contract Tower,0,5,12,37,54,0,0,30,9,39,0,5,42,46,93,0,14,14,107
01/07/2019,MEI,MS,ASO,CE,Federal Contract Tower,0,6,18,77,101,0,6,7,16,29,0,12,25,93,130,0,174,174,304
01/08/2019,MEI,MS,ASO,CE,Federal Contract Tower,0,6,23,99,128,0,3,22,59,84,0,9,45,158,212,18,208,226,438
01/09/2019,MEI,MS,ASO,CE,Federal Contract Tower,0,8,23,78,109,0,2,9,8,19,0,10,32,86,128,16,48,64,192
01/10/2019,MEI,MS,ASO,CE,Federal Contract Tower,0,7,9,87,103,0,2,24,20,46,0,9,33,107,149,2,92,94,243
01/11/2019,MEI,MS,ASO,CE,Federal Contract Tower,0,5,16,99,120,0,4,29,13,46,0,9,45,112,166,16,78,94,260
01/12/2019,MEI,MS,ASO,CE,Federal Contract Tower,0,6,11,10,27,0,1,0,0,1,0,7,11,10,28,0,0,0,28
01/13/2019,MEI,MS,ASO,CE,Federal Contract Tower,0,6,15,26,47,0,6,5,1,12,0,12,20,27,59,16,0,16,75
01/14/2019,MEI,MS,ASO,CE,Federal Contract Tower,0,6,9,130,145,0,10,2,3,15,0,16,11,133,160,4,106,110,270
01/15/2019,MEI,MS,ASO,CE,Federal Contract Tower,0,6,26,116,148,0,6,16,11,33,0,12,42,127,181,6,116,122,303
01/16/2019,MEI,MS,ASO,CE,Federal Contract Tower,0,6,14,121,141,0,7,24,15,46,0,13,38,136,187,22,154,176,363
01/17/2019,MEI,MS,ASO,CE,Federal Contract Tower,0,6,16,144,166,0,0,3,6,9,0,6,19,150,175,0,14,14,189
01/18/2019,MEI,MS,ASO,CE,Federal Contract Tower,0,7,13,1,21,0,4,5,53,62,0,11,18,54,83,16,0,16,99
01/19/2019,MEI,MS,ASO,CE,Federal Contract Tower,0,4,3,4,11,0,0,6,0,6,0,4,9,4,17,0,0,0,17
01/20/2019,MEI,MS,ASO,CE,Federal Contract Tower,0,6,6,25,37,0,0,9,4,13,0,6,15,29,50,6,40,46,96
01/21/2019,MEI,MS,ASO,CE,Federal Contract Tower,0,2,42,39,83,0,5,34,10,49,0,7,76,49,132,40,48,88,220
01/22/2019,MEI,MS,ASO,CE,Federal Contract Tower,0,4,20,106,130,0,4,4,9,17,0,8,24,115,147,12,54,66,213
01/23/2019,MEI,MS,ASO,CE,Federal Contract Tower,0,6,9,18,33,0,0,0,0,0,0,6,9,18,33,0,20,20,53
01/24/2019,MEI,MS,ASO,CE,Federal Contract Tower,0,2,18,113,133,0,6,20,11,37,0,8,38,124,170,2,104,106,276
01/25/2019,MEI,MS,ASO,CE,Federal Contract Tower,0,9,23,75,107,0,2,28,15,45,0,11,51,90,152,38,180,218,370
01/26/2019,MEI,MS,ASO,CE,Federal Contract Tower,0,4,13,14,31,0,7,26,14,47,0,11,39,28,78,18,6,24,102
01/27/2019,MEI,MS,ASO,CE,Federal Contract Tower,0,3,18,68,89,0,5,14,8,27,0,8,32,76,116,10,40,50,166
01/28/2019,MEI,MS,ASO,CE,Federal Contract Tower,0,4,14,96,114,0,6,25,21,52,0,10,39,117,166,26,134,160,326
01/29/2019,MEI,MS,ASO,CE,Federal Contract Tower,0,4,11,91,106,0,5,7,3,15,0,9,18,94,121,0,92,92,213
01/30/2019,MEI,MS,ASO,CE,Federal Contract Tower,0,8,13,107,128,0,7,19,18,44,0,15,32,125,172,38,106,144,316
01/31/2019,MEI,MS,ASO,CE,Federal Contract Tower,0,5,18,96,119,0,1,16,14,31,0,6,34,110,150,24,124,148,298
02/01/2019,MEI,MS,ASO,CE,Federal Contract Tower,0,5,23,63,91,0,9,32,23,64,0,14,55,86,155,46,124,170,325
02/02/2019,MEI,MS,ASO,CE,Federal Contract Tower,0,5,5,24,34,0,2,13,0,15,0,7,18,24,49,10,18,28,77
02/03/2019,MEI,MS,ASO,CE,Federal Contract Tower,0,6,7,37,50,0,4,6,0,10,0,10,13,37,60,18,6,24,84
02/04/2019,MEI,MS,ASO,CE,Federal Contract Tower,0,8,11,111,130,0,4,2,0,6,0,12,13,111,136,0,26,26,162
02/05/2019,MEI,MS,ASO,CE,Federal Contract Tower,0,7,13,68,88,0,0,0,2,2,0,7,13,70,90,0,0,0,90
02/06/2019,MEI,MS,ASO,CE,Federal Contract Tower,0,7,19,177,203,0,1,6,4,11,0,8,25,181,214,10,84,94,308
02/07/2019,MEI,MS,ASO,CE,Federal Contract Tower,0,7,15,90,112,0,3,7,12,22,0,10,22,102,134,2,36,38,172
02/08/2019,MEI,MS,ASO,CE,Federal Contract Tower,0,8,15,63,86,0,4,24,23,51,0,12,39,86,137,24,180,204,341
02/09/2019,MEI,MS,ASO,CE,Federal Contract Tower,0,8,15,53,76,0,3,32,7,42,0,11,47,60,118,26,94,120,238
02/10/2019,MEI,MS,ASO,CE,Federal Contract Tower,0,6,23,51,80,0,2,20,0,22,0,8,43,51,102,46,0,46,148
02/11/2019,MEI,MS,ASO,CE,Federal Contract Tower,0,6,13,65,84,0,0,0,0,0,0,6,13,65,84,0,0,0,84
02/12/2019,MEI,MS,ASO,CE,Federal Contract Tower,0,6,10,49,65,0,2,1,0,3,0,8,11,49,68,0,0,0,68
02/13/2019,MEI,MS,ASO,CE,Federal Contract Tower,0,6,23,68,97,0,5,46,14,65,0,11,69,82,162,98,206,304,466
02/14/2019,MEI,MS,ASO,CE,Federal Contract Tower,0,6,18,90,114,0,3,15,10,28,0,9,33,100,142,66,248,314,456
02/15/2019,MEI,MS,ASO,CE,Federal Contract Tower,0,8,13,93,114,0,10,17,93,120,0,18,30,186,234,0,0,0,234
02/16/2019,MEI,MS,ASO,CE,Federal Contract Tower,0,4,5,12,21,0,2,12,0,14,0,6,17,12,35,48,16,64,99
02/17/2019,MEI,MS,ASO,CE,Federal Contract Tower,0,8,4,5,17,0,1,0,0,1,0,9,4,5,18,0,44,44,62
02/18/2019,MEI,MS,ASO,CE,Federal Contract Tower,0,9,11,10,30,0,12,32,19,63,0,21,43,29,93,18,50,68,161
02/19/2019,MEI,MS,ASO,CE,Federal Contract Tower,0,7,3,0,10,0,0,0,0,0,0,7,3,0,10,0,0,0,10
02/20/2019,MEI,MS,ASO,CE,Federal Contract Tower,0,11,11,40,62,0,0,2,0,2,0,11,13,40,64,0,0,0,64
02/21/2019,MEI,MS,ASO,CE,Federal Contract Tower,0,5,11,38,54,0,0,0,0,0,0,5,11,38,54,0,0,0,54
02/22/2019,MEI,MS,ASO,CE,Federal Contract Tower,0,6,13,55,74,0,0,2,0,2,0,6,15,55,76,0,44,44,120
02/23/2019,MEI,MS,ASO,CE,Federal Contract Tower,0,4,6,9,19,0,2,4,0,6,0,6,10,9,25,0,0,0,25
02/24/2019,MEI,MS,ASO,CE,Federal Contract Tower,0,7,13,59,79,0,0,23,21,44,0,7,36,80,123,40,118,158,281
02/25/2019,MEI,MS,ASO,CE,Federal Contract Tower,0,7,18,60,85,0,1,26,3,30,0,8,44,63,115,30,174,204,319
02/26/2019,MEI,MS,ASO,CE,Federal Contract Tower,0,9,21,119,149,0,0,13,6,19,0,9,34,125,168,34,251,285,453
02/27/2019,MEI,MS,ASO,CE,Federal Contract Tower,0,6,23,103,132,0,1,29,11,41,0,7,52,114,173,42,202,244,417
02/28/2019,MEI,MS,ASO,CE,Federal Contract Tower,0,4,22,93,119,0,0,2,5,7,0,4,24,98,126,14,2,16,142
03/01/2019,MEI,MS,ASO,CE,Federal Contract Tower,0,9,26,56,91,0,3,5,65,73,0,12,31,121,164,6,62,68,232
03/02/2019,MEI,MS,ASO,CE,Federal Contract Tower,0,8,3,8,19,0,0,7,5,12,0,8,10,13,31,6,48,54,85
03/03/2019,MEI,MS,ASO,CE,Federal Contract Tower,0,6,3,23,32,0,0,0,0,0,0,6,3,23,32,0,0,0,32
03/04/2019,MEI,MS,ASO,CE,Federal Contract Tower,0,7,23,57,87,0,2,18,14,34,0,9,41,71,121,16,136,152,273
03/05/2019,MEI,MS,ASO,CE,Federal Contract Tower,0,7,16,86,109,0,0,24,14,38,0,7,40,100,147,74,236,310,457
03/06/2019,MEI,MS,ASO,CE,Federal Contract Tower,0,7,24,118,149,0,12,26,14,52,0,19,50,132,201,42,242,284,485
03/07/2019,MEI,MS,ASO,CE,Federal Contract Tower,0,8,24,116,148,0,0,35,17,52,0,8,59,133,200,94,225,319,519
03/08/2019,MEI,MS,ASO,CE,Federal Contract Tower,0,6,30,95,131,0,5,12,14,31,0,11,42,109,162,30,288,318,480
03/09/2019,MEI,MS,ASO,CE,Federal Contract Tower,0,6,28,28,62,0,4,6,4,14,0,10,34,32,76,8,76,84,160
03/10/2019,MEI,MS,ASO,CE,Federal Contract Tower,0,6,14,31,51,0,0,14,3,17,0,6,28,34,68,12,32,44,112
03/11/2019,MEI,MS,ASO,CE,Federal Contract Tower,0,6,13,34,53,0,0,5,10,15,0,6,18,44,68,10,64,74,142
03/12/2019,MEI,MS,ASO,CE,Federal Contract Tower,0,5,15,114,134,0,0,19,13,32,0,5,34,127,166,30,256,286,452
03/13/2019,MEI,MS,ASO,CE,Federal Contract Tower,0,7,10,126,143,0,4,3,2,9,0,11,13,128,152,8,52,60,212
03/14/2019,MEI,MS,ASO,CE,Federal Contract Tower,0,5,7,38,50,0,4,3,4,11,0,9,10,42,61,8,80,88,149
03/15/2019,MEI,MS,ASO,CE,Federal Contract Tower,0,6,36,158,200,0,6,18,39,63,0,12,54,197,263,40,322,362,625
03/16/2019,MEI,MS,ASO,CE,Federal Contract Tower,0,7,20,19,46,0,2,32,3,37,0,9,52,22,83,46,72,118,201
03/17/2019,MEI,MS,ASO,CE,Federal Contract Tower,0,7,36,59,102,0,6,28,18,52,0,13,64,77,154,36,150,186,340
03/18/2019,MEI,MS,ASO,CE,Federal Contract Tower,0,9,29,76,114,0,2,21,13,36,0,11,50,89,150,66,334,400,550
03/19/2019,MEI,MS,ASO,CE,Federal Contract Tower,0,5,21,89,115,0,3,19,21,43,0,8,40,110,158,58,292,350,508
03/20/2019,MEI,MS,ASO,CE,Federal Contract Tower,0,6,26,157,189,0,2,41,9,52,0,8,67,166,241,70,237,307,548
03/21/2019,MEI,MS,ASO,CE,Federal Contract Tower,0,6,39,135,180,0,4,24,34,62,0,10,63,169,242,16,274,290,532
03/22/2019,MEI,MS,ASO,CE,Federal Contract Tower,0,7,42,177,226,0,4,47,13,64,0,11,89,190,290,32,234,266,556
03/23/2019,MEI,MS,ASO,CE,Federal Contract Tower,0,8,34,39,81,0,0,55,8,63,0,8,89,47,144,12,62,74,218
03/24/2019,MEI,MS,ASO,CE,Federal Contract Tower,0,5,28,33,66,0,4,29,9,42,0,9,57,42,108,28,32,60,168
03/25/2019,MEI,MS,ASO,CE,Federal Contract Tower,0,9,11,58,78,0,5,11,2,18,0,14,22,60,96,24,80,104,200
03/26/2019,MEI,MS,ASO,CE,Federal Contract Tower,0,6,19,89,114,0,0,20,36,56,0,6,39,125,170,22,270,292,462
03/27/2019,MEI,MS,ASO,CE,Federal Contract Tower,0,8,11,98,117,0,3,29,18,50,0,11,40,116,167,6,122,128,295
03/28/2019,MEI,MS,ASO,CE,Federal Contract Tower,0,6,22,119,147,0,2,24,8,34,0,8,46,127,181,28,255,283,464
03/29/2019,MEI,MS,ASO,CE,Federal Contract Tower,0,6,14,112,132,0,6,22,14,42,0,12,36,126,174,66,188,254,428
03/30/2019,MEI,MS,ASO,CE,Federal Contract Tower,0,6,19,18,43,0,2,15,0,17,0,8,34,18,60,0,4,4,64
03/31/2019,MEI,MS,ASO,CE,Federal Contract Tower,0,6,27,51,84,0,3,15,11,29,0,9,42,62,113,16,64,80,193
04/01/2019,MEI,MS,ASO,CE,Federal Contract Tower,0,7,19,51,77,0,0,21,9,30,0,7,40,60,107,40,184,224,331
04/02/2019,MEI,MS,ASO,CE,Federal Contract Tower,0,10,22,127,159,0,4,27,73,104,0,14,49,200,263,16,146,162,425
04/03/2019,MEI,MS,ASO,CE,Federal Contract Tower,0,6,24,96,126,0,11,29,12,52,0,17,53,108,178,46,154,200,378
04/04/2019,MEI,MS,ASO,CE,Federal Contract Tower,0,6,11,17,34,0,0,10,0,10,0,6,21,17,44,6,0,6,50
04/05/2019,MEI,MS,ASO,CE,Federal Contract Tower,0,5,32,112,149,0,20,13,6,39,0,25,45,118,188,40,66,106,294
04/06/2019,MEI,MS,ASO,CE,Federal Contract Tower,0,6,13,8,27,0,0,6,0,6,0,6,19,8,33,0,0,0,33
04/07/2019,MEI,MS,ASO,CE,Federal Contract Tower,0,4,20,15,39,0,6,18,41,65,0,10,38,56,104,12,0,12,116
04/08/2019,MEI,MS,ASO,CE,Federal Contract Tower,0,7,21,141,169,0,1,13,6,20,0,8,34,147,189,38,106,144,333
04/09/2019,MEI,MS,ASO,CE,Federal Contract Tower,0,2,16,156,174,0,0,13,14,27,0,2,29,170,201,20,139,159,360
04/10/2019,MEI,MS,ASO,CE,Federal Contract Tower,0,5,22,145,172,0,6,37,18,61,0,11,59,163,233,52,209,261,494
04/11/2019,MEI,MS,ASO,CE,Federal Contract Tower,0,6,20,86,112,0,2,10,11,23,0,8,30,97,135,0,162,162,297
04/12/2019,MEI,MS,ASO,CE,Federal Contract Tower,0,8,11,37,56,0,0,6,14,20,0,8,17,51,76,0,14,14,90
04/13/2019,MEI,MS,ASO,CE,Federal Contract Tower,0,4,0,0,4,0,0,10,0,10,0,4,10,0,14,0,0,0,14
04/14/2019,MEI,MS,ASO,CE,Federal Contract Tower,0,4,14,25,43,0,1,5,5,11,0,5,19,30,54,0,10,10,64
04/15/2019,MEI,MS,ASO,CE,Federal Contract Tower,0,2,21,40,63,0,3,40,32,75,0,5,61,72,138,66,108,174,312
04/16/2019,MEI,MS,ASO,CE,Federal Contract Tower,0,7,15,121,143,0,4,32,50,86,0,11,47,171,229,100,162,262,491
04/17/2019,MEI,MS,ASO,CE,Federal Contract Tower,0,6,31,83,120,0,5,15,31,51,0,11,46,114,171,78,58,136,307
04/18/2019,MEI,MS,ASO,CE,Federal Contract Tower,0,2,7,32,41,0,1,0,3,4,0,3,7,35,45,0,2,2,47
04/19/2019,MEI,MS,ASO,CE,Federal Contract Tower,0,8,14,27,49,0,1,6,1,8,0,9,20,28,57,10,0,10,67
04/20/2019,MEI,MS,ASO,CE,Federal Contract Tower,0,6,8,23,37,0,6,19,4,29,0,12,27,27,66,26,24,50,116
04/21/2019,MEI,MS,ASO,CE,Federal Contract Tower,0,6,9,18,33,0,2,28,1,31,0,8,37,19,64,28,20,48,112
04/22/2019,MEI,MS,ASO,CE,Federal Contract Tower,0,6,22,74,102,0,2,43,5,50,0,8,65,79,152,86,206,292,444
04/23/2019,MEI,MS,ASO,CE,Federal Contract Tower,0,9,16,88,113,0,5,21,12,38,0,14,37,100,151,20,82,102,253
04/24/2019,MEI,MS,ASO,CE,Federal Contract Tower,0,7,12,65,84,0,4,23,14,41,0,11,35,79,125,26,65,91,216
04/25/2019,MEI,MS,ASO,CE,Federal Contract Tower,0,7,5,28,40,0,0,0,2,2,0,7,5,30,42,0,2,2,44
04/26/2019,MEI,MS,ASO,CE,Federal Contract Tower,0,5,22,112,139,0,8,34,18,60,0,13,56,130,199,16,84,100,299
04/27/2019,MEI,MS,ASO,CE,Federal Contract Tower,0,6,10,19,35,0,10,24,3,37,0,16,34,22,72,16,2,18,90
04/28/2019,MEI,MS,ASO,CE,Federal Contract Tower,0,6,17,37,60,0,2,27,10,39,0,8,44,47,99,52,16,68,167
04/29/2019,MEI,MS,ASO,CE,Federal Contract Tower,0,6,13,51,70,0,0,25,7,32,0,6,38,58,102,0,64,64,166
04/30/2019,MEI,MS,ASO,CE,Federal Contract Tower,0,5,11,70,86,0,10,20,61,91,0,15,31,131,177,58,168,226,403
05/01/2019,MEI,MS,ASO,CE,Federal Contract Tower,0,5,12,114,131,0,10,24,29,63,0,15,36,143,194,36,124,160,354
05/02/2019,MEI,MS,ASO,CE,Federal Contract Tower,0,7,19,136,162,0,3,19,13,35,0,10,38,149,197,24,160,184,381
05/03/2019,MEI,MS,ASO,CE,Federal Contract Tower,0,7,11,112,130,0,8,19,19,46,0,15,30,131,176,24,156,180,356
05/04/2019,MEI,MS,ASO,CE,Federal Contract Tower,0,6,5,5,16,0,0,0,0,0,0,6,5,5,16,0,0,0,16
05/05/2019,MEI,MS,ASO,CE,Federal Contract Tower,0,8,14,24,46,0,4,14,4,22,0,12,28,28,68,22,14,36,104
05/06/2019,MEI,MS,ASO,CE,Federal Contract Tower,0,6,19,66,91,0,8,39,14,61,0,14,58,80,152,62,146,208,360
05/07/2019,MEI,MS,ASO,CE,Federal Contract Tower,0,6,17,119,142,0,0,17,12,29,0,6,34,131,171,0,106,106,277
05/08/2019,MEI,MS,ASO,CE,Federal Contract Tower,0,5,11,147,163,0,2,22,26,50,0,7,33,173,213,28,153,181,394
05/09/2019,MEI,MS,ASO,CE,Federal Contract Tower,0,7,8,1,16,0,0,0,0,0,0,7,8,1,16,0,0,0,16
05/10/2019,MEI,MS,ASO,CE,Federal Contract Tower,0,5,6,37,48,0,0,0,1,1,0,5,6,38,49,0,8,8,57
05/11/2019,MEI,MS,ASO,CE,Federal Contract Tower,0,7,5,19,31,0,8,0,0,8,0,15,5,19,39,0,24,24,63
05/12/2019,MEI,MS,ASO,CE,Federal Contract Tower,0,6,4,32,42,0,6,18,4,28,0,12,22,36,70,20,22,42,112
05/13/2019,MEI,MS,ASO,CE,Federal Contract Tower,0,6,17,87,110,0,0,46,17,63,0,6,63,104,173,68,142,210,383
05/14/2019,MEI,MS,ASO,CE,Federal Contract Tower,0,8,21,101,130,0,20,17,10,47,0,28,38,111,177,26,176,202,379
05/15/2019,MEI,MS,ASO,CE,Federal Contract Tower,0,8,19,87,114,0,0,43,12,55,0,8,62,99,169,36,166,202,371
05/16/2019,MEI,MS,ASO,CE,Federal Contract Tower,0,6,43,103,152,0,7,34,23,64,0,13,77,126,216,28,212,240,456
05/17/2019,MEI,MS,ASO,CE,Federal Contract Tower,0,6,20,73,99,0,5,28,8,41,0,11,48,81,140,12,82,94,234
05/18/2019,MEI,MS,ASO,CE,Federal Contract Tower,0,4,13,31,48,0,3,27,8,38,0,7,40,39,86,4,20,24,110
05/19/2019,MEI,MS,ASO,CE,Federal Contract Tower,0,6,5,40,51,0,0,5,12,17,0,6,10,52,68,6,10,16,84
05/20/2019,MEI,MS,ASO,CE,Federal Contract Tower,0,6,30,21,57,0,2,28,19,49,0,8,58,40,106,32,70,102,208
05/21/2019,MEI,MS,ASO,CE,Federal Contract Tower,0,6,19,77,102,0,6,10,12,28,0,12,29,89,130,22,86,108,238
05/22/2019,MEI,MS,ASO,CE,Federal Contract Tower,0,6,13,88,107,0,5,15,12,32,0,11,28,100,139,26,128,154,293
05/23/2019,MEI,MS,ASO,CE,Federal Contract Tower,0,8,29,85,122,0,4,37,5,46,0,12,66,90,168,14,81,95,263
05/24/2019,MEI,MS,ASO,CE,Federal Contract Tower,0,5,16,49,70,0,5,22,3,30,0,10,38,52,100,0,39,39,139
05/25/2019,MEI,MS,ASO,CE,Federal Contract Tower,0,7,7,4,18,0,2,51,0,53,0,9,58,4,71,34,0,34,105
05/26/2019,MEI,MS,ASO,CE,Federal Contract Tower,0,6,13,13,32,0,2,23,3,28,0,8,36,16,60,24,54,78,138
05/27/2019,MEI,MS,ASO,CE,Federal Contract Tower,0,7,16,5,28,0,6,28,2,36,0,13,44,7,64,0,0,0,64
05/28/2019,MEI,MS,ASO,CE,Federal Contract Tower,0,10,26,70,106,0,10,38,22,70,0,20,64,92,176,54,140,194,370
05/29/2019,MEI,MS,ASO,CE,Federal Contract Tower,0,4,14,118,136,0,8,24,14,46,0,12,38,132,182,68,276,344,526
05/30/2019,MEI,MS,ASO,CE,Federal Contract Tower,0,6,25,138,169,0,8,32,47,87,0,14,57,185,256,38,218,256,512
05/31/2019,MEI,MS,ASO,CE,Federal Contract Tower,0,6,18,77,101,0,4,52,20,76,0,10,70,97,177,96,138,234,411
06/01/2019,MEI,MS,ASO,CE,Federal Contract Tower,0,6,21,30,57,0,3,38,4,45,0,9,59,34,102,32,28,60,162
06/02/2019,MEI,MS,ASO,CE,Federal Contract Tower,0,6,14,36,56,0,0,19,4,23,0,6,33,40,79,22,28,50,129
06/03/2019,MEI,MS,ASO,CE,Federal Contract Tower,0,6,13,76,95,0,0,16,9,25,0,6,29,85,120,12,142,154,274
06/04/2019,MEI,MS,ASO,CE,Federal Contract Tower,0,8,14,101,123,0,0,21,9,30,0,8,35,110,153,68,178,246,399
06/05/2019,MEI,MS,ASO,CE,Federal Contract Tower,0,6,9,54,69,0,18,6,11,35,0,24,15,65,104,6,204,210,314
06/06/2019,MEI,MS,ASO,CE,Federal Contract Tower,0,6,14,100,120,0,1,0,3,4,0,7,14,103,124,0,10,10,134
06/07/2019,MEI,MS,ASO,CE,Federal Contract Tower,0,6,22,33,61,0,0,12,10,22,0,6,34,43,83,42,48,90,173
06/08/2019,MEI,MS,ASO,CE,Federal Contract Tower,0,6,15,10,31,0,3,11,44,58,0,9,26,54,89,0,42,42,131
06/09/2019,MEI,MS,ASO,CE,Federal Contract Tower,0,6,19,47,72,0,3,17,2,22,0,9,36,49,94,8,76,84,178
06/10/2019,MEI,MS,ASO,CE,Federal Contract Tower,0,6,21,73,100,0,0,16,4,20,0,6,37,77,120,42,126,168,288
06/11/2019,MEI,MS,ASO,CE,Federal Contract Tower,0,6,20,98,124,0,3,28,10,41,0,9,48,108,165,68,196,264,429
06/12/2019,MEI,MS,ASO,CE,Federal Contract Tower,0,7,39,140,186,0,6,51,15,72,0,13,90,155,258,72,194,266,524
06/13/2019,MEI,MS,ASO,CE,Federal Contract Tower,0,8,15,121,144,0,6,37,33,76,0,14,52,154,220,34,172,206,426
06/14/2019,MEI,MS,ASO,CE,Federal Contract Tower,0,6,18,117,141,0,2,41,9,52,0,8,59,126,193,64,142,206,399
06/15/2019,MEI,MS,ASO,CE,Federal Contract Tower,0,6,19,70,95,0,10,42,19,71,0,16,61,89,166,46,46,92,258
06/16/2019,MEI,MS,ASO,CE,Federal Contract Tower,0,6,11,56,73,0,3,16,2,21,0,9,27,58,94,10,48,58,152
06/17/2019,MEI,MS,ASO,CE,Federal Contract Tower,0,8,19,51,78,0,1,11,3,15,0,9,30,54,93,44,40,84,177
06/18/2019,MEI,MS,ASO,CE,Federal Contract Tower,0,6,10,123,139,0,4,9,2,15,0,10,19,125,154,22,50,72,226
06/19/2019,MEI,MS,ASO,CE,Federal Contract Tower,0,8,7,90,105,0,31,5,0,36,0,39,12,90,141,28,166,194,335
06/20/2019,MEI,MS,ASO,CE,Federal Contract Tower,0,8,7,168,183,0,0,24,4,28,0,8,31,172,211,28,144,172,383
06/21/2019,MEI,MS,ASO,CE,Federal Contract Tower,0,6,35,135,176,0,12,40,27,79,0,18,75,162,255,46,172,218,473
06/22/2019,MEI,MS,ASO,CE,Federal Contract Tower,0,6,15,33,54,0,2,17,4,23,0,8,32,37,77,8,26,34,111
06/23/2019,MEI,MS,ASO,CE,Federal Contract Tower,0,6,17,35,58,0,6,20,14,40,0,12,37,49,98,30,62,92,190
06/24/2019,MEI,MS,ASO,CE,Federal Contract Tower,0,6,16,63,85,0,4,10,0,14,0,10,26,63,99,0,76,76,175
06/25/2019,MEI,MS,ASO,CE,Federal Contract Tower,0,6,24,63,93,0,1,22,5,28,0,7,46,68,121,20,146,166,287
06/26/2019,MEI,MS,ASO,CE,Federal Contract Tower,0,15,19,66,100,0,5,27,22,54,0,20,46,88,154,60,164,224,378
06/27/2019,MEI,MS,ASO,CE,Federal Contract Tower,0,6,23,69,98,0,2,18,13,33,0,8,41,82,131,22,78,100,231
06/28/2019,MEI,MS,ASO,CE,Federal Contract Tower,0,5,19,67,91,0,0,30,12,42,0,5,49,79,133,40,170,210,343
06/29/2019,MEI,MS,ASO,CE,Federal Contract Tower,0,6,17,10,33,0,5,30,8,43,0,11,47,18,76,22,8,30,106
06/30/2019,MEI,MS,ASO,CE,Federal Contract Tower,0,5,11,46,62,0,0,28,5,33,0,5,39,51,95,62,18,80,175
07/01/2019,MEI,MS,ASO,CE,Federal Contract Tower,0,6,18,117,141,0,0,26,5,31,0,6,44,122,172,20,120,140,312
07/02/2019,MEI,MS,ASO,CE,Federal Contract Tower,0,8,6,113,127,0,4,12,12,28,0,12,18,125,155,0,88,88,243
07/03/2019,MEI,MS,ASO,CE,Federal Contract Tower,0,6,14,76,96,0,12,16,4,32,0,18,30,80,128,0,76,76,204
07/04/2019,MEI,MS,ASO,CE,Federal Contract Tower,0,6,8,0,14,0,6,24,0,30,0,12,32,0,44,24,0,24,68
07/05/2019,MEI,MS,ASO,CE,Federal Contract Tower,0,6,13,0,19,0,5,17,0,22,0,11,30,0,41,50,0,50,91
07/06/2019,MEI,MS,ASO,CE,Federal Contract Tower,0,4,14,0,18,0,2,24,0,26,0,6,38,0,44,30,0,30,74
07/07/2019,MEI,MS,ASO,CE,Federal Contract Tower,0,8,30,0,38,0,2,41,0,43,0,10,71,0,81,66,0,66,147
07/08/2019,MEI,MS,ASO,CE,Federal Contract Tower,0,6,21,86,113,0,0,17,2,19,0,6,38,88,132,26,60,86,218
07/09/2019,MEI,MS,ASO,CE,Federal Contract Tower,0,8,26,142,176,0,6,32,13,51,0,14,58,155,227,70,174,244,471
07/10/2019,MEI,MS,ASO,CE,Federal Contract Tower,0,6,22,140,168,0,2,25,20,47,0,8,47,160,215,32,92,124,339
07/11/2019,MEI,MS,ASO,CE,Federal Contract Tower,0,8,23,130,161,0,1,20,15,36,0,9,43,145,197,20,128,148,345
07/12/2019,MEI,MS,ASO,CE,Federal Contract Tower,0,6,14,81,101,0,0,13,33,46,0,6,27,114,147,28,40,68,215
07/13/2019,MEI,MS,ASO,CE,Federal Contract Tower,0,6,4,14,24,0,0,1,0,1,0,6,5,14,25,0,0,0,25
07/14/2019,MEI,MS,ASO,CE,Federal Contract Tower,0,8,2,5,15,0,1,0,1,2,0,9,2,6,17,0,0,0,17
07/15/2019,MEI,MS,ASO,CE,Federal Contract Tower,0,6,12,73,91,0,0,5,3,8,0,6,17,76,99,20,22,42,141
07/16/2019,MEI,MS,ASO,CE,Federal Contract Tower,0,6,34,105,145,0,5,20,11,36,0,11,54,116,181,82,110,192,373
07/17/2019,MEI,MS,ASO,CE,Federal Contract Tower,0,6,18,177,201,0,2,27,17,46,0,8,45,194,247,26,340,366,613
07/18/2019,MEI,MS,ASO,CE,Federal Contract Tower,0,6,14,146,166,0,2,15,9,26,0,8,29,155,192,16,148,164,356
07/19/2019,MEI,MS,ASO,CE,Federal Contract Tower,0,7,15,91,113,0,4,27,18,49,0,11,42,109,162,42,122,164,326
07/20/2019,MEI,MS,ASO,CE,Federal Contract Tower,0,6,13,0,19,0,0,13,0,13,0,6,26,0,32,34,0,34,66
07/21/2019,MEI,MS,ASO,CE,Federal Contract Tower,0,6,13,19,38,0,0,20,5,25,0,6,33,24,63,20,52,72,135
07/22/2019,MEI,MS,ASO,CE,Federal Contract Tower,0,7,18,115,140,0,7,27,9,43,0,14,45,124,183,34,140,174,357
07/23/2019,MEI,MS,ASO,CE,Federal Contract Tower,0,6,23,133,162,0,0,6,8,14,0,6,29,141,176,24,82,106,282
07/24/2019,MEI,MS,ASO,CE,Federal Contract Tower,0,6,17,74,97,0,12,29,16,57,0,18,46,90,154,48,148,196,350
07/25/2019,MEI,MS,ASO,CE,Federal Contract Tower,0,6,13,119,138,0,12,31,41,84,0,18,44,160,222,24,202,226,448
07/26/2019,MEI,MS,ASO,CE,Federal Contract Tower,0,6,13,82,101,0,0,44,9,53,0,6,57,91,154,44,170,214,368
07/27/2019,MEI,MS,ASO,CE,Federal Contract Tower,0,6,10,19,35,0,5,27,0,32,0,11,37,19,67,30,6,36,103
07/28/2019,MEI,MS,ASO,CE,Federal Contract Tower,0,6,24,47,77,0,0,23,4,27,0,6,47,51,104,0,18,18,122
07/29/2019,MEI,MS,ASO,CE,Federal Contract Tower,0,4,19,76,99,0,7,22,6,35,0,11,41,82,134,14,174,188,322
07/30/2019,MEI,MS,ASO,CE,Federal Contract Tower,0,6,14,110,130,0,2,19,8,29,0,8,33,118,159,22,145,167,326
07/31/2019,MEI,MS,ASO,CE,Federal Contract Tower,0,12,19,77,108,0,3,4,15,22,0,15,23,92,130,10,96,106,236
08/01/2019,MEI,MS,ASO,CE,Federal Contract Tower,0,6,10,109,125,0,0,17,15,32,0,6,27,124,157,10,60,70,227
08/02/2019,MEI,MS,ASO,CE,Federal Contract Tower,0,6,7,53,66,0,0,21,11,32,0,6,28,64,98,44,80,124,222
08/03/2019,MEI,MS,ASO,CE,Federal Contract Tower,0,6,11,7,24,0,2,20,6,28,0,8,31,13,52,48,20,68,120
08/04/2019,MEI,MS,ASO,CE,Federal Contract Tower,0,6,9,9,24,0,4,15,1,20,0,10,24,10,44,18,8,26,70
08/05/2019,MEI,MS,ASO,CE,Federal Contract Tower,0,7,15,229,251,0,7,19,4,30,0,14,34,233,281,46,236,282,563
08/06/2019,MEI,MS,ASO,CE,Federal Contract Tower,0,7,20,174,201,0,2,28,16,46,0,9,48,190,247,40,199,239,486
08/07/2019,MEI,MS,ASO,CE,Federal Contract Tower,0,6,14,135,155,0,2,13,10,25,0,8,27,145,180,36,224,260,440
08/08/2019,MEI,MS,ASO,CE,Federal Contract Tower,0,6,16,80,102,0,13,9,40,62,0,19,25,120,164,10,138,148,312
08/09/2019,MEI,MS,ASO,CE,Federal Contract Tower,0,8,9,32,49,0,1,31,11,43,0,9,40,43,92,0,2,2,94
08/10/2019,MEI,MS,ASO,CE,Federal Contract Tower,0,8,5,9,22,0,18,6,3,27,0,26,11,12,49,2,12,14,63
08/11/2019,MEI,MS,ASO,CE,Federal Contract Tower,0,7,11,47,65,0,3,25,8,36,0,10,36,55,101,34,124,158,259
08/12/2019,MEI,MS,ASO,CE,Federal Contract Tower,0,6,14,132,152,0,2,12,13,27,0,8,26,145,179,30,310,340,519
08/13/2019,MEI,MS,ASO,CE,Federal Contract Tower,0,7,21,113,141,0,5,12,17,34,0,12,33,130,175,0,298,298,473
08/14/2019,MEI,MS,ASO,CE,Federal Contract Tower,0,5,9,66,80,0,0,3,6,9,0,5,12,72,89,0,22,22,111
08/15/2019,MEI,MS,ASO,CE,Federal Contract Tower,0,6,22,72,100,0,2,19,7,28,0,8,41,79,128,30,146,176,304
08/16/2019,MEI,MS,ASO,CE,Federal Contract Tower,0,6,5,77,88,0,6,21,18,45,0,12,26,95,133,24,160,184,317
08/17/2019,MEI,MS,ASO,CE,Federal Contract Tower,0,8,8,25,41,0,4,39,14,57,0,12,47,39,98,10,40,50,148
08/18/2019,MEI,MS,ASO,CE,Federal Contract Tower,0,6,13,60,79,0,2,40,12,54,0,8,53,72,133,64,82,146,279
08/19/2019,MEI,MS,ASO,CE,Federal Contract Tower,0,6,16,59,81,0,2,8,16,26,0,8,24,75,107,18,170,188,295
08/20/2019,MEI,MS,ASO,CE,Federal Contract Tower,0,6,29,188,223,0,0,16,48,64,0,6,45,236,287,16,154,170,457
08/21/2019,MEI,MS,ASO,CE,Federal Contract Tower,0,6,7,79,92,0,2,2,1,5,0,8,9,80,97,8,60,68,165
08/22/2019,MEI,MS,ASO,CE,Federal Contract Tower,0,7,13,28,48,0,3,11,12,26,0,10,24,40,74,28,32,60,134
08/23/2019,MEI,MS,ASO,CE,Federal Contract Tower,0,7,7,94,108,0,4,28,26,58,0,11,35,120,166,36,176,212,378
08/24/2019,MEI,MS,ASO,CE,Federal Contract Tower,0,7,9,26,42,0,2,25,12,39,0,9,34,38,81,18,44,62,143
08/25/2019,MEI,MS,ASO,CE,Federal Contract Tower,0,6,3,23,32,0,1,7,3,11,0,7,10,26,43,20,20,40,83
08/26/2019,MEI,MS,ASO,CE,Federal Contract Tower,0,6,11,41,58,0,0,0,0,0,0,6,11,41,58,0,0,0,58
08/27/2019,MEI,MS,ASO,CE,Federal Contract Tower,0,6,21,105,132,0,3,12,40,55,0,9,33,145,187,0,88,88,275
08/28/2019,MEI,MS,ASO,CE,Federal Contract Tower,0,6,18,131,155,0,1,14,14,29,0,7,32,145,184,36,178,214,398
08/29/2019,MEI,MS,ASO,CE,Federal Contract Tower,0,6,22,69,97,0,0,28,11,39,0,6,50,80,136,44,158,202,338
08/30/2019,MEI,MS,ASO,CE,Federal Contract Tower,0,4,31,52,87,0,3,26,6,35,0,7,57,58,122,60,44,104,226
08/31/2019,MEI,MS,ASO,CE,Federal Contract Tower,0,7,15,6,28,0,0,33,2,35,0,7,48,8,63,36,46,82,145
09/01/2019,MEI,MS,ASO,CE,Federal Contract Tower,0,6,26,28,60,0,8,31,6,45,0,14,57,34,105,38,18,56,161
09/02/2019,MEI,MS,ASO,CE,Federal Contract Tower,0,6,20,14,40,0,2,42,2,46,0,8,62,16,86,52,20,72,158
09/03/2019,MEI,MS,ASO,CE,Federal Contract Tower,0,6,17,95,118,0,7,24,10,41,0,13,41,105,159,20,146,166,325
09/04/2019,MEI,MS,ASO,CE,Federal Contract Tower,0,3,7,106,116,0,2,17,12,31,0,5,24,118,147,8,176,184,331
09/05/2019,MEI,MS,ASO,CE,Federal Contract Tower,0,5,21,86,112,0,2,22,10,34,0,7,43,96,146,0,88,88,234
09/06/2019,MEI,MS,ASO,CE,Federal Contract Tower,0,3,18,96,117,0,2,28,18,48,0,5,46,114,165,32,68,100,265
09/07/2019,MEI,MS,ASO,CE,Federal Contract Tower,0,5,5,10,20,0,1,30,0,31,0,6,35,10,51,50,62,112,163
09/08/2019,MEI,MS,ASO,CE,Federal Contract Tower,0,3,13,24,40,0,9,14,17,40,0,12,27,41,80,20,70,90,170
09/09/2019,MEI,MS,ASO,CE,Federal Contract Tower,0,3,17,73,93,0,0,10,3,13,0,3,27,76,106,0,154,154,260
09/10/2019,MEI,MS,ASO,CE,Federal Contract Tower,0,3,7,120,130,0,2,18,3,23,0,5,25,123,153,4,128,132,285
09/11/2019,MEI,MS,ASO,CE,Federal Contract Tower,0,3,7,115,125,0,4,11,16,31,0,7,18,131,156,6,106,112,268
09/12/2019,MEI,MS,ASO,CE,Federal Contract Tower,0,3,19,114,136,0,0,20,15,35,0,3,39,129,171,40,134,174,345
09/13/2019,MEI,MS,ASO,CE,Federal Contract Tower,0,3,16,120,139,0,4,30,14,48,0,7,46,134,187,16,112,128,315
09/14/2019,MEI,MS,ASO,CE,Federal Contract Tower,0,3,10,20,33,0,0,26,12,38,0,3,36,32,71,0,0,0,71
09/15/2019,MEI,MS,ASO,CE,Federal Contract Tower,0,4,18,41,63,0,2,21,3,26,0,6,39,44,89,16,8,24,113
09/16/2019,MEI,MS,ASO,CE,Federal Contract Tower,0,3,18,210,231,0,8,22,22,52,0,11,40,232,283,10,126,136,419
09/17/2019,MEI,MS,ASO,CE,Federal Contract Tower,0,7,24,152,183,0,2,33,99,134,0,9,57,251,317,16,170,186,503
09/18/2019,MEI,MS,ASO,CE,Federal Contract Tower,0,4,17,157,178,0,6,26,33,65,0,10,43,190,243,20,152,172,415
09/19/2019,MEI,MS,ASO,CE,Federal Contract Tower,0,4,23,173,200,0,2,22,9,33,0,6,45,182,233,8,144,152,385
09/20/2019,MEI,MS,ASO,CE,Federal Contract Tower,0,3,12,120,135,0,10,26,55,91,0,13,38,175,226,26,172,198,424
09/21/2019,MEI,MS,ASO,CE,Federal Contract Tower,0,3,3,34,40,0,4,24,5,33,0,7,27,39,73,16,60,76,149
09/22/2019,MEI,MS,ASO,CE,Federal Contract Tower,0,3,4,41,48,0,5,24,3,32,0,8,28,44,80,20,18,38,118
09/23/2019,MEI,MS,ASO,CE,Federal Contract Tower,0,3,27,101,131,0,10,27,8,45,0,13,54,109,176,12,70,82,258
09/24/2019,MEI,MS,ASO,CE,Federal Contract Tower,0,3,25,118,146,0,2,6,3,11,0,5,31,121,157,0,252,252,409
09/25/2019,MEI,MS,ASO,CE,Federal Contract Tower,0,5,16,130,151,0,6,20,7,33,0,11,36,137,184,0,158,158,342
09/26/2019,MEI,MS,ASO,CE,Federal Contract Tower,0,3,19,123,145,0,0,16,11,27,0,3,35,134,172,0,248,248,420
09/27/2019,MEI,MS,ASO,CE,Federal Contract Tower,0,4,11,133,148,0,12,26,6,44,0,16,37,139,192,62,114,176,368
09/28/2019,MEI,MS,ASO,CE,Federal Contract Tower,0,4,10,11,25,0,4,24,0,28,0,8,34,11,53,12,32,44,97
09/29/2019,MEI,MS,ASO,CE,Federal Contract Tower,0,3,9,33,45,0,6,34,6,46,0,9,43,39,91,60,16,76,167
09/30/2019,MEI,MS,ASO,CE,Federal Contract Tower,0,3,17,65,85,0,2,25,14,41,0,5,42,79,126,38,62,100,226
10/01/2019,MEI,MS,ASO,CE,Federal Contract Tower,0,3,10,109,122,0,5,34,6,45,0,8,44,115,167,26,114,140,307
10/02/2019,MEI,MS,ASO,CE,Federal Contract Tower,0,3,16,125,144,0,5,18,126,149,0,8,34,251,293,30,100,130,423
10/03/2019,MEI,MS,ASO,CE,Federal Contract Tower,0,3,15,97,115,0,3,31,24,58,0,6,46,121,173,12,186,198,371
10/04/2019,MEI,MS,ASO,CE,Federal Contract Tower,0,3,21,96,120,0,2,29,29,60,0,5,50,125,180,48,140,188,368
10/05/2019,MEI,MS,ASO,CE,Federal Contract Tower,0,3,8,24,35,0,5,21,4,30,0,8,29,28,65,4,34,38,103
10/06/2019,MEI,MS,ASO,CE,Federal Contract Tower,0,3,14,55,72,0,5,10,2,17,0,8,24,57,89,16,44,60,149
10/07/2019,MEI,MS,ASO,CE,Federal Contract Tower,0,4,16,159,179,0,8,15,14,37,0,12,31,173,216,12,178,190,406
10/08/2019,MEI,MS,ASO,CE,Federal Contract Tower,0,3,22,132,157,0,0,19,1,20,0,3,41,133,177,0,146,146,323
10/09/2019,MEI,MS,ASO,CE,Federal Contract Tower,0,5,23,121,149,0,8,13,16,37,0,13,36,137,186,8,186,194,380
10/10/2019,MEI,MS,ASO,CE,Federal Contract Tower,0,4,19,146,169,0,0,13,12,25,0,4,32,158,194,16,74,90,284
10/11/2019,MEI,MS,ASO,CE,Federal Contract Tower,0,5,14,75,94,0,0,15,17,32,0,5,29,92,126,42,92,134,260
10/12/2019,MEI,MS,ASO,CE,Federal Contract Tower,0,3,8,31,42,0,0,15,5,20,0,3,23,36,62,12,20,32,94
10/13/2019,MEI,MS,ASO,CE,Federal Contract Tower,0,3,20,12,35,0,0,16,0,16,0,3,36,12,51,14,6,20,71
10/16/2019,MEI,MS,ASO,CE,Federal Contract Tower,0,3,21,62,86,0,2,10,55,67,0,5,31,117,153,20,86,106,259
10/17/2019,MEI,MS,ASO,CE,Federal Contract Tower,0,4,14,84,102,0,0,30,58,88,0,4,44,142,190,18,52,70,260
10/18/2019,MEI,MS,ASO,CE,Federal Contract Tower,0,3,18,79,100,0,6,20,14,40,0,9,38,93,140,18,68,86,226
10/19/2019,MEI,MS,ASO,CE,Federal Contract Tower,0,3,11,50,64,0,0,16,0,16,0,3,27,50,80,4,8,12,92
10/20/2019,MEI,MS,ASO,CE,Federal Contract Tower,0,3,18,50,71,0,4,15,3,22,0,7,33,53,93,16,24,40,133
10/21/2019,MEI,MS,ASO,CE,Federal Contract Tower,0,3,14,23,40,0,0,2,1,3,0,3,16,24,43,0,0,0,43
10/22/2019,MEI,MS,ASO,CE,Federal Contract Tower,0,3,18,134,155,0,4,20,13,37,0,7,38,147,192,30,112,142,334
10/23/2019,MEI,MS,ASO,CE,Federal Contract Tower,0,3,22,118,143,0,4,32,13,49,0,7,54,131,192,44,120,164,356
10/24/2019,MEI,MS,ASO,CE,Federal Contract Tower,0,8,12,126,146,0,0,17,4,21,0,8,29,130,167,44,98,142,309
10/25/2019,MEI,MS,ASO,CE,Federal Contract Tower,0,3,7,7,17,0,0,0,0,0,0,3,7,7,17,0,0,0,17
10/26/2019,MEI,MS,ASO,CE,Federal Contract Tower,0,3,2,10,15,0,0,2,0,2,0,3,4,10,17,6,0,6,23
10/27/2019,MEI,MS,ASO,CE,Federal Contract Tower,0,3,31,11,45,0,1,8,0,9,0,4,39,11,54,60,40,100,154
10/28/2019,MEI,MS,ASO,CE,Federal Contract Tower,0,3,29,131,163,0,1,19,4,24,0,4,48,135,187,28,37,65,252
10/29/2019,MEI,MS,ASO,CE,Federal Contract Tower,0,4,35,171,210,0,8,15,10,33,0,12,50,181,243,30,248,278,521
10/30/2019,MEI,MS,ASO,CE,Federal Contract Tower,0,4,8,84,96,0,1,0,2,3,0,5,8,86,99,0,30,30,129
10/31/2019,MEI,MS,ASO,CE,Federal Contract Tower,0,2,10,33,45,0,0,6,0,6,0,2,16,33,51,0,3,3,54
11/01/2019,MEI,MS,ASO,CE,Federal Contract Tower,0,5,17,72,94,0,2,46,16,64,0,7,63,88,158,10,38,48,206
11/02/2019,MEI,MS,ASO,CE,Federal Contract Tower,0,3,9,10,22,0,2,24,7,33,0,5,33,17,55,8,16,24,79
11/03/2019,MEI,MS,ASO,CE,Federal Contract Tower,0,3,15,21,39,0,9,37,3,49,0,12,52,24,88,32,28,60,148
11/04/2019,MEI,MS,ASO,CE,Federal Contract Tower,0,5,9,120,134,0,6,22,8,36,0,11,31,128,170,20,121,141,311
11/05/2019,MEI,MS,ASO,CE,Federal Contract Tower,0,6,13,117,136,0,5,24,42,71,0,11,37,159,207,86,142,228,435
11/06/2019,MEI,MS,ASO,CE,Federal Contract Tower,0,3,24,93,120,0,0,31,16,47,0,3,55,109,167,32,122,154,321
11/07/2019,MEI,MS,ASO,CE,Federal Contract Tower,0,5,18,84,107,0,1,0,0,1,0,6,18,84,108,0,0,0,108
11/08/2019,MEI,MS,ASO,CE,Federal Contract Tower,0,3,16,95,114,0,0,18,14,32,0,3,34,109,146,24,164,188,334
11/09/2019,MEI,MS,ASO,CE,Federal Contract Tower,0,3,29,50,82,0,2,51,6,59,0,5,80,56,141,64,118,182,323
11/10/2019,MEI,MS,ASO,CE,Federal Contract Tower,0,5,10,14,29,0,2,22,1,25,0,7,32,15,54,30,60,90,144
11/11/2019,MEI,MS,ASO,CE,Federal Contract Tower,0,3,16,19,38,0,0,15,3,18,0,3,31,22,56,34,12,46,102
11/12/2019,MEI,MS,ASO,CE,Federal Contract Tower,0,4,12,64,80,0,2,0,12,14,0,6,12,76,94,34,160,194,288
11/13/2019,MEI,MS,ASO,CE,Federal Contract Tower,0,3,19,141,163,0,7,34,23,64,0,10,53,164,227,14,148,162,389
11/14/2019,MEI,MS,ASO,CE,Federal Contract Tower,0,3,23,122,148,0,4,28,46,78,0,7,51,168,226,14,140,154,380
11/15/2019,MEI,MS,ASO,CE,Federal Contract Tower,0,3,37,149,189,0,8,12,25,45,0,11,49,174,234,20,186,206,440
11/16/2019,MEI,MS,ASO,CE,Federal Contract Tower,0,3,13,17,33,0,6,19,14,39,0,9,32,31,72,12,92,104,176
11/17/2019,MEI,MS,ASO,CE,Federal Contract Tower,0,3,16,33,52,0,2,20,14,36,0,5,36,47,88,28,54,82,170
11/18/2019,MEI,MS,ASO,CE,Federal Contract Tower,0,3,27,97,127,0,4,29,2,35,0,7,56,99,162,96,180,276,438
11/19/2019,MEI,MS,ASO,CE,Federal Contract Tower,0,0,0,0,0,0,0,0,0,0,0,0,0,0,0,14,162,176,176
11/20/2019,MEI,MS,ASO,CE,Federal Contract Tower,0,3,27,121,151,0,9,41,14,64,0,12,68,135,215,124,154,278,493
11/21/2019,MEI,MS,ASO,CE,Federal Contract Tower,0,3,33,105,141,0,4,26,11,41,0,7,59,116,182,44,204,248,430
11/22/2019,MEI,MS,ASO,CE,Federal Contract Tower,0,5,17,131,153,0,0,10,9,19,0,5,27,140,172,12,198,210,382
11/23/2019,MEI,MS,ASO,CE,Federal Contract Tower,0,3,24,11,38,0,6,8,4,18,0,9,32,15,56,20,62,82,138
11/24/2019,MEI,MS,ASO,CE,Federal Contract Tower,0,4,19,22,45,0,2,36,4,42,0,6,55,26,87,62,10,72,159
11/25/2019,MEI,MS,ASO,CE,Federal Contract Tower,0,3,22,53,78,0,3,43,25,71,0,6,65,78,149,44,220,264,413
11/26/2019,MEI,MS,ASO,CE,Federal Contract Tower,0,5,21,49,75,0,6,7,77,90,0,11,28,126,165,28,114,142,307
11/27/2019,MEI,MS,ASO,CE,Federal Contract Tower,0,5,10,46,61,0,0,14,2,16,0,5,24,48,77,0,56,56,133
11/28/2019,MEI,MS,ASO,CE,Federal Contract Tower,0,2,3,0,5,0,0,4,0,4,0,2,7,0,9,0,0,0,9
11/29/2019,MEI,MS,ASO,CE,Federal Contract Tower,0,4,6,0,10,0,8,10,0,18,0,12,16,0,28,0,0,0,28
11/30/2019,MEI,MS,ASO,CE,Federal Contract Tower,0,4,15,3,22,0,4,7,0,11,0,8,22,3,33,34,0,34,67
12/01/2019,MEI,MS,ASO,CE,Federal Contract Tower,0,7,13,0,20,0,7,29,0,36,0,14,42,0,56,24,0,24,80
12/02/2019,MEI,MS,ASO,CE,Federal Contract Tower,0,7,21,75,103,0,2,16,8,26,0,9,37,83,129,10,128,138,267
12/03/2019,MEI,MS,ASO,CE,Federal Contract Tower,0,3,11,119,133,0,6,18,9,33,0,9,29,128,166,0,72,72,238
12/04/2019,MEI,MS,ASO,CE,Federal Contract Tower,0,3,22,62,87,0,6,37,1,44,0,9,59,63,131,0,68,68,199
12/05/2019,MEI,MS,ASO,CE,Federal Contract Tower,0,3,13,58,74,0,6,22,76,104,0,9,35,134,178,20,200,220,398
12/06/2019,MEI,MS,ASO,CE,Federal Contract Tower,0,3,9,102,114,0,0,7,4,11,0,3,16,106,125,0,45,45,170
12/07/2019,MEI,MS,ASO,CE,Federal Contract Tower,0,4,16,41,61,0,8,18,25,51,0,12,34,66,112,30,92,122,234
12/08/2019,MEI,MS,ASO,CE,Federal Contract Tower,0,6,17,24,47,0,10,6,2,18,0,16,23,26,65,0,104,104,169
12/09/2019,MEI,MS,ASO,CE,Federal Contract Tower,0,3,33,79,115,0,1,4,0,5,0,4,37,79,120,0,70,70,190
12/10/2019,MEI,MS,ASO,CE,Federal Contract Tower,0,3,6,24,33,0,0,0,0,0,0,3,6,24,33,0,0,0,33
12/11/2019,MEI,MS,ASO,CE,Federal Contract Tower,0,3,16,53,72,0,6,33,16,55,0,9,49,69,127,30,122,152,279
12/12/2019,MEI,MS,ASO,CE,Federal Contract Tower,0,3,22,86,111,0,3,11,1,15,0,6,33,87,126,14,158,172,298
12/13/2019,MEI,MS,ASO,CE,Federal Contract Tower,0,4,13,9,26,0,0,0,0,0,0,4,13,9,26,0,0,0,26
12/14/2019,MEI,MS,ASO,CE,Federal Contract Tower,0,3,23,28,54,0,0,12,8,20,0,3,35,36,74,32,72,104,178
12/15/2019,MEI,MS,ASO,CE,Federal Contract Tower,0,2,15,29,46,0,0,10,2,12,0,2,25,31,58,12,0,12,70
12/16/2019,MEI,MS,ASO,CE,Federal Contract Tower,0,3,17,1,21,0,0,3,2,5,0,3,20,3,26,0,8,8,34
12/17/2019,MEI,MS,ASO,CE,Federal Contract Tower,0,4,12,53,69,0,0,3,0,3,0,4,15,53,72,0,0,0,72
12/18/2019,MEI,MS,ASO,CE,Federal Contract Tower,0,3,12,117,132,0,0,37,8,45,0,3,49,125,177,44,178,222,399
12/19/2019,MEI,MS,ASO,CE,Federal Contract Tower,0,3,19,95,117,0,10,38,18,66,0,13,57,113,183,78,160,238,421
12/20/2019,MEI,MS,ASO,CE,Federal Contract Tower,0,3,26,50,79,0,3,17,1,21,0,6,43,51,100,32,28,60,160
12/21/2019,MEI,MS,ASO,CE,Federal Contract Tower,0,3,10,0,13,0,0,0,0,0,0,3,10,0,13,0,0,0,13
12/22/2019,MEI,MS,ASO,CE,Federal Contract Tower,0,3,8,0,11,0,0,0,0,0,0,3,8,0,11,0,0,0,11
12/23/2019,MEI,MS,ASO,CE,Federal Contract Tower,0,4,26,0,30,0,2,0,0,2,0,6,26,0,32,0,0,0,32
12/24/2019,MEI,MS,ASO,CE,Federal Contract Tower,0,2,16,0,18,0,0,47,0,47,0,2,63,0,65,46,0,46,111
12/25/2019,MEI,MS,ASO,CE,Federal Contract Tower,0,4,0,0,4,0,2,6,0,8,0,6,6,0,12,10,0,10,22
12/26/2019,MEI,MS,ASO,CE,Federal Contract Tower,0,4,15,0,19,0,6,25,0,31,0,10,40,0,50,26,0,26,76
12/27/2019,MEI,MS,ASO,CE,Federal Contract Tower,0,4,25,0,29,0,4,19,0,23,0,8,44,0,52,44,0,44,96
12/28/2019,MEI,MS,ASO,CE,Federal Contract Tower,0,4,17,0,21,0,0,0,0,0,0,4,17,0,21,0,0,0,21
12/29/2019,MEI,MS,ASO,CE,Federal Contract Tower,0,3,8,0,11,0,0,0,0,0,0,3,8,0,11,0,0,0,11
12/30/2019,MEI,MS,ASO,CE,Federal Contract Tower,0,3,27,15,45,0,0,33,1,34,0,3,60,16,79,8,12,20,99
12/31/2019,MEI,MS,ASO,CE,Federal Contract Tower,0,5,8,0,13,0,0,22,0,22,0,5,30,0,35,14,0,14,49
01/01/2020,MEI,MS,ASO,CE,Federal Contract Tower,0,3,9,0,12,0,4,19,0,23,0,7,28,0,35,0,0,0,35
01/02/2020,MEI,MS,ASO,CE,Federal Contract Tower,0,3,4,0,7,0,0,2,0,2,0,3,6,0,9,12,0,12,21
01/03/2020,MEI,MS,ASO,CE,Federal Contract Tower,0,2,5,65,72,0,0,0,0,0,0,2,5,65,72,0,0,0,72
01/04/2020,MEI,MS,ASO,CE,Federal Contract Tower,0,6,7,0,13,0,2,22,1,25,0,8,29,1,38,12,0,12,50
01/05/2020,MEI,MS,ASO,CE,Federal Contract Tower,0,5,16,2,23,0,0,36,0,36,0,5,52,2,59,28,0,28,87
01/06/2020,MEI,MS,ASO,CE,Federal Contract Tower,0,5,21,67,93,0,2,20,3,25,0,7,41,70,118,44,110,154,272
01/07/2020,MEI,MS,ASO,CE,Federal Contract Tower,0,3,14,61,78,0,5,19,45,69,0,8,33,106,147,0,144,144,291
01/08/2020,MEI,MS,ASO,CE,Federal Contract Tower,0,4,14,38,56,0,5,40,6,51,0,9,54,44,107,126,78,204,311
01/09/2020,MEI,MS,ASO,CE,Federal Contract Tower,0,3,13,103,119,0,7,39,21,67,0,10,52,124,186,88,488,576,762
01/10/2020,MEI,MS,ASO,CE,Federal Contract Tower,0,3,9,61,73,0,1,0,0,1,0,4,9,61,74,0,28,28,102
01/11/2020,MEI,MS,ASO,CE,Federal Contract Tower,0,3,4,1,8,0,6,0,3,9,0,9,4,4,17,4,18,22,39
01/12/2020,MEI,MS,ASO,CE,Federal Contract Tower,0,3,13,19,35,0,5,12,0,17,0,8,25,19,52,4,0,4,56
01/13/2020,MEI,MS,ASO,CE,Federal Contract Tower,0,8,10,12,30,0,0,0,0,0,0,8,10,12,30,0,4,4,34
01/14/2020,MEI,MS,ASO,CE,Federal Contract Tower,0,5,9,2,16,0,0,0,0,0,0,5,9,2,16,0,0,0,16
01/15/2020,MEI,MS,ASO,CE,Federal Contract Tower,0,4,11,58,73,0,0,8,1,9,0,4,19,59,82,22,44,66,148
01/16/2020,MEI,MS,ASO,CE,Federal Contract Tower,0,3,9,35,47,0,14,5,39,58,0,17,14,74,105,16,162,178,283
01/17/2020,MEI,MS,ASO,CE,Federal Contract Tower,0,5,15,58,78,0,4,13,12,29,0,9,28,70,107,38,194,232,339
01/18/2020,MEI,MS,ASO,CE,Federal Contract Tower,0,3,3,14,20,0,4,0,0,4,0,7,3,14,24,0,0,0,24
01/19/2020,MEI,MS,ASO,CE,Federal Contract Tower,0,3,16,24,43,0,2,29,6,37,0,5,45,30,80,42,99,141,221
01/20/2020,MEI,MS,ASO,CE,Federal Contract Tower,0,5,25,13,43,0,4,29,4,37,0,9,54,17,80,46,10,56,136
01/21/2020,MEI,MS,ASO,CE,Federal Contract Tower,0,6,14,59,79,0,2,15,56,73,0,8,29,115,152,20,156,176,328
01/22/2020,MEI,MS,ASO,CE,Federal Contract Tower,0,3,17,83,103,0,3,10,10,23,0,6,27,93,126,20,48,68,194
01/23/2020,MEI,MS,ASO,CE,Federal Contract Tower,0,4,3,80,87,0,0,0,1,1,0,4,3,81,88,0,62,62,150
01/24/2020,MEI,MS,ASO,CE,Federal Contract Tower,0,3,10,89,102,0,4,12,63,79,0,7,22,152,181,22,184,206,387
01/25/2020,MEI,MS,ASO,CE,Federal Contract Tower,0,3,10,12,25,0,2,37,46,85,0,5,47,58,110,118,4,122,232
01/26/2020,MEI,MS,ASO,CE,Federal Contract Tower,0,3,10,9,22,0,0,5,1,6,0,3,15,10,28,0,0,0,28
01/27/2020,MEI,MS,ASO,CE,Federal Contract Tower,0,5,16,92,113,0,3,9,16,28,0,8,25,108,141,6,58,64,205
01/28/2020,MEI,MS,ASO,CE,Federal Contract Tower,0,3,10,85,98,0,0,22,5,27,0,3,32,90,125,28,112,140,265
01/29/2020,MEI,MS,ASO,CE,Federal Contract Tower,0,3,15,44,62,0,0,1,0,1,0,3,16,44,63,0,0,0,63
01/30/2020,MEI,MS,ASO,CE,Federal Contract Tower,0,3,10,56,69,0,5,18,3,26,0,8,28,59,95,58,124,182,277
01/31/2020,MEI,MS,ASO,CE,Federal Contract Tower,0,3,21,90,114,0,5,11,1,17,0,8,32,91,131,22,222,244,375
02/01/2020,MEI,MS,ASO,ES,Federal Contract Tower,0,3,13,44,60,0,4,15,2,21,0,7,28,46,81,42,44,86,167
02/02/2020,MEI,MS,ASO,ES,Federal Contract Tower,0,5,14,7,26,0,2,28,9,39,0,7,42,16,65,0,0,0,65
02/03/2020,MEI,MS,ASO,ES,Federal Contract Tower,0,3,18,78,99,0,4,16,0,20,0,7,34,78,119,14,138,152,271
02/04/2020,MEI,MS,ASO,ES,Federal Contract Tower,0,3,8,106,117,0,0,3,2,5,0,3,11,108,122,0,46,46,168
02/05/2020,MEI,MS,ASO,ES,Federal Contract Tower,0,3,5,10,18,0,0,0,0,0,0,3,5,10,18,0,0,0,18
02/06/2020,MEI,MS,ASO,ES,Federal Contract Tower,0,2,14,26,42,0,0,0,12,12,0,2,14,38,54,0,0,0,54
02/07/2020,MEI,MS,ASO,ES,Federal Contract Tower,0,3,22,95,120,0,3,34,12,49,0,6,56,107,169,36,134,170,339
02/08/2020,MEI,MS,ASO,ES,Federal Contract Tower,0,5,11,14,30,0,3,44,13,60,0,8,55,27,90,106,46,152,242
02/09/2020,MEI,MS,ASO,ES,Federal Contract Tower,0,3,12,32,47,0,0,21,28,49,0,3,33,60,96,20,38,58,154
02/10/2020,MEI,MS,ASO,ES,Federal Contract Tower,0,3,4,0,7,0,0,0,0,0,0,3,4,0,7,0,0,0,7
02/11/2020,MEI,MS,ASO,ES,Federal Contract Tower,0,5,11,45,61,0,0,0,0,0,0,5,11,45,61,0,0,0,61
02/12/2020,MEI,MS,ASO,ES,Federal Contract Tower,0,5,15,15,35,0,0,0,0,0,0,5,15,15,35,0,0,0,35
02/13/2020,MEI,MS,ASO,ES,Federal Contract Tower,0,3,13,70,86,0,7,2,16,25,0,10,15,86,111,0,50,50,161
02/14/2020,MEI,MS,ASO,ES,Federal Contract Tower,0,3,15,64,82,0,0,33,7,40,0,3,48,71,122,56,224,280,402
02/15/2020,MEI,MS,ASO,ES,Federal Contract Tower,0,3,2,33,38,0,6,54,3,63,0,9,56,36,101,14,30,44,145
02/16/2020,MEI,MS,ASO,ES,Federal Contract Tower,0,3,21,15,39,0,6,3,4,13,0,9,24,19,52,18,8,26,78
02/17/2020,MEI,MS,ASO,ES,Federal Contract Tower,0,5,25,8,38,0,2,9,0,11,0,7,34,8,49,18,0,18,67
02/18/2020,MEI,MS,ASO,ES,Federal Contract Tower,0,4,5,31,40,0,0,1,3,4,0,4,6,34,44,0,16,16,60
02/19/2020,MEI,MS,ASO,ES,Federal Contract Tower,0,3,11,45,59,0,0,0,0,0,0,3,11,45,59,0,0,0,59
02/20/2020,MEI,MS,ASO,ES,Federal Contract Tower,0,3,5,20,28,0,0,1,0,1,0,3,6,20,29,0,0,0,29
02/21/2020,MEI,MS,ASO,ES,Federal Contract Tower,0,3,25,64,92,0,6,41,21,68,0,9,66,85,160,56,158,214,374
02/22/2020,MEI,MS,ASO,ES,Federal Contract Tower,0,3,16,20,39,0,3,31,44,78,0,6,47,64,117,34,144,178,295
02/23/2020,MEI,MS,ASO,ES,Federal Contract Tower,0,3,9,49,61,0,11,12,6,29,0,14,21,55,90,0,26,26,116
02/24/2020,MEI,MS,ASO,ES,Federal Contract Tower,0,4,12,24,40,0,1,2,0,3,0,5,14,24,43,10,50,60,103
02/25/2020,MEI,MS,ASO,ES,Federal Contract Tower,0,4,24,109,137,0,1,21,39,61,0,5,45,148,198,40,156,196,394
02/26/2020,MEI,MS,ASO,ES,Federal Contract Tower,0,3,3,77,83,0,0,7,0,7,0,3,10,77,90,0,96,96,186
02/27/2020,MEI,MS,ASO,ES,Federal Contract Tower,0,3,12,118,133,0,6,36,23,65,0,9,48,141,198,46,166,212,410
02/28/2020,MEI,MS,ASO,ES,Federal Contract Tower,0,3,12,75,90,0,7,22,14,43,0,10,34,89,133,22,150,172,305
02/29/2020,MEI,MS,ASO,ES,Federal Contract Tower,0,0,0,0,0,0,9,40,5,54,0,9,40,5,54,46,18,64,118
03/01/2020,MEI,MS,ASO,ES,Federal Contract Tower,0,3,14,65,82,0,8,26,8,42,0,11,40,73,124,14,62,76,200
03/02/2020,MEI,MS,ASO,ES,Federal Contract Tower,0,3,11,130,144,0,0,2,28,30,0,3,13,158,174,0,124,124,298
03/03/2020,MEI,MS,ASO,ES,Federal Contract Tower,0,3,16,38,57,0,4,15,4,23,0,7,31,42,80,22,109,131,211
03/04/2020,MEI,MS,ASO,ES,Federal Contract Tower,0,3,10,4,17,0,0,0,0,0,0,3,10,4,17,0,12,12,29
03/05/2020,MEI,MS,ASO,ES,Federal Contract Tower,0,3,18,53,74,0,3,2,8,13,0,6,20,61,87,0,8,8,95
03/06/2020,MEI,MS,ASO,ES,Federal Contract Tower,0,3,14,43,60,0,4,28,17,49,0,7,42,60,109,26,150,176,285
03/07/2020,MEI,MS,ASO,ES,Federal Contract Tower,0,4,6,10,20,0,1,37,3,41,0,5,43,13,61,34,44,78,139
03/08/2020,MEI,MS,ASO,ES,Federal Contract Tower,0,6,29,33,68,0,7,22,12,41,0,13,51,45,109,22,26,48,157
03/09/2020,MEI,MS,ASO,ES,Federal Contract Tower,0,3,12,50,65,0,0,17,4,21,0,3,29,54,86,0,92,92,178
03/10/2020,MEI,MS,ASO,ES,Federal Contract Tower,0,3,6,75,84,0,2,6,3,11,0,5,12,78,95,75,78,153,248
03/11/2020,MEI,MS,ASO,ES,Federal Contract Tower,0,5,15,37,57,0,2,3,7,12,0,7,18,44,69,4,58,62,131
03/12/2020,MEI,MS,ASO,ES,Federal Contract Tower,0,2,22,71,95,0,1,14,7,22,0,3,36,78,117,0,78,78,195
03/13/2020,MEI,MS,ASO,ES,Federal Contract Tower,0,3,15,108,126,0,2,5,10,17,0,5,20,118,143,2,18,20,163
03/14/2020,MEI,MS,ASO,ES,Federal Contract Tower,0,3,12,29,44,0,1,18,7,26,0,4,30,36,70,14,98,112,182
03/15/2020,MEI,MS,ASO,ES,Federal Contract Tower,0,3,22,41,66,0,5,18,5,28,0,8,40,46,94,34,9,43,137
03/16/2020,MEI,MS,ASO,ES,Federal Contract Tower,0,3,17,157,177,0,5,22,10,37,0,8,39,167,214,22,168,190,404
03/17/2020,MEI,MS,ASO,ES,Federal Contract Tower,0,3,17,104,124,0,2,20,74,96,0,5,37,178,220,38,156,194,414
03/18/2020,MEI,MS,ASO,ES,Federal Contract Tower,0,3,28,158,189,0,4,4,34,42,0,7,32,192,231,74,221,295,526
03/19/2020,MEI,MS,ASO,ES,Federal Contract Tower,0,3,6,138,147,0,3,11,3,17,0,6,17,141,164,14,188,202,366
03/20/2020,MEI,MS,ASO,ES,Federal Contract Tower,0,5,13,47,65,0,0,2,0,2,0,5,15,47,67,0,10,10,77
03/21/2020,MEI,MS,ASO,ES,Federal Contract Tower,0,3,12,1,16,0,0,7,2,9,0,3,19,3,25,0,0,0,25
03/22/2020,MEI,MS,ASO,ES,Federal Contract Tower,0,3,4,0,7,0,1,8,0,9,0,4,12,0,16,24,0,24,40
03/23/2020,MEI,MS,ASO,ES,Federal Contract Tower,0,3,6,72,81,0,0,4,0,4,0,3,10,72,85,12,64,76,161
03/24/2020,MEI,MS,ASO,ES,Federal Contract Tower,0,3,3,66,72,0,2,21,4,27,0,5,24,70,99,42,180,222,321
03/25/2020,MEI,MS,ASO,ES,Federal Contract Tower,0,4,10,26,40,0,1,13,24,38,0,5,23,50,78,38,110,148,226
03/26/2020,MEI,MS,ASO,ES,Federal Contract Tower,0,3,4,35,42,0,0,32,4,36,0,3,36,39,78,20,54,74,152
03/27/2020,MEI,MS,ASO,ES,Federal Contract Tower,0,3,8,55,66,0,2,10,7,19,0,5,18,62,85,16,14,30,115
03/28/2020,MEI,MS,ASO,ES,Federal Contract Tower,0,3,1,16,20,0,0,27,0,27,0,3,28,16,47,64,50,114,161
03/29/2020,MEI,MS,ASO,ES,Federal Contract Tower,0,3,8,0,11,0,4,40,2,46,0,7,48,2,57,44,8,52,109
03/30/2020,MEI,MS,ASO,ES,Federal Contract Tower,0,3,7,41,51,0,5,23,9,37,0,8,30,50,88,26,106,132,220
03/31/2020,MEI,MS,ASO,ES,Federal Contract Tower,0,3,3,66,72,0,4,14,8,26,0,7,17,74,98,20,124,144,242
04/01/2020,MEI,MS,ASO,ES,Federal Contract Tower,0,7,7,58,72,0,4,31,6,41,0,11,38,64,113,34,124,158,271
04/02/2020,MEI,MS,ASO,ES,Federal Contract Tower,0,3,7,39,49,0,0,18,23,41,0,3,25,62,90,0,36,36,126
04/03/2020,MEI,MS,ASO,ES,Federal Contract Tower,0,3,7,45,55,0,1,7,0,8,0,4,14,45,63,18,0,18,81
04/04/2020,MEI,MS,ASO,ES,Federal Contract Tower,0,3,0,20,23,0,4,16,4,24,0,7,16,24,47,12,184,196,243
04/05/2020,MEI,MS,ASO,ES,Federal Contract Tower,0,3,5,0,8,0,2,17,0,19,0,5,22,0,27,28,0,28,55
04/06/2020,MEI,MS,ASO,ES,Federal Contract Tower,0,3,0,40,43,0,5,22,7,34,0,8,22,47,77,14,158,172,249
04/07/2020,MEI,MS,ASO,ES,Federal Contract Tower,0,2,4,8,14,0,0,3,2,5,0,2,7,10,19,0,6,6,25
04/08/2020,MEI,MS,ASO,ES,Federal Contract Tower,0,3,5,36,44,0,0,4,3,7,0,3,9,39,51,36,0,36,87
04/09/2020,MEI,MS,ASO,ES,Federal Contract Tower,0,1,3,39,43,0,4,12,3,19,0,5,15,42,62,0,174,174,236
04/10/2020,MEI,MS,ASO,ES,Federal Contract Tower,0,3,0,21,24,0,0,10,5,15,0,3,10,26,39,8,82,90,129
04/11/2020,MEI,MS,ASO,ES,Federal Contract Tower,0,2,2,32,36,0,0,54,5,59,0,2,56,37,95,18,96,114,209
04/12/2020,MEI,MS,ASO,ES,Federal Contract Tower,3,0,0,0,3,0,0,0,0,0,3,0,0,0,3,0,0,0,3
04/13/2020,MEI,MS,ASO,ES,Federal Contract Tower,0,3,12,84,99,0,4,10,5,19,0,7,22,89,118,30,104,134,252
04/14/2020,MEI,MS,ASO,ES,Federal Contract Tower,0,2,8,127,137,0,4,17,14,35,0,6,25,141,172,24,136,160,332
04/15/2020,MEI,MS,ASO,ES,Federal Contract Tower,0,3,6,42,51,0,5,11,19,35,0,8,17,61,86,0,38,38,124
04/16/2020,MEI,MS,ASO,ES,Federal Contract Tower,0,3,11,58,72,0,1,13,6,20,0,4,24,64,92,8,70,78,170
04/17/2020,MEI,MS,ASO,ES,Federal Contract Tower,0,3,3,55,61,0,4,29,8,41,0,7,32,63,102,12,110,122,224
04/18/2020,MEI,MS,ASO,ES,Federal Contract Tower,0,2,4,17,23,0,3,19,1,23,0,5,23,18,46,18,14,32,78
04/19/2020,MEI,MS,ASO,ES,Federal Contract Tower,0,3,0,0,3,0,0,2,0,2,0,3,2,0,5,0,0,0,5
04/20/2020,MEI,MS,ASO,ES,Federal Contract Tower,0,6,7,58,71,0,4,12,8,24,0,10,19,66,95,16,66,82,177
04/21/2020,MEI,MS,ASO,ES,Federal Contract Tower,0,2,14,47,63,0,0,29,38,67,0,2,43,85,130,28,108,136,266
04/22/2020,MEI,MS,ASO,ES,Federal Contract Tower,0,3,5,62,70,0,0,6,10,16,0,3,11,72,86,8,87,95,181
04/23/2020,MEI,MS,ASO,ES,Federal Contract Tower,0,3,4,52,59,0,4,0,8,12,0,7,4,60,71,0,8,8,79
04/24/2020,MEI,MS,ASO,ES,Federal Contract Tower,0,3,6,78,87,0,1,33,16,50,0,4,39,94,137,62,128,190,327
04/25/2020,MEI,MS,ASO,ES,Federal Contract Tower,0,2,3,53,58,0,4,7,14,25,0,6,10,67,83,20,36,56,139
04/26/2020,MEI,MS,ASO,ES,Federal Contract Tower,0,4,8,12,24,0,9,34,14,57,0,13,42,26,81,8,56,64,145
04/27/2020,MEI,MS,ASO,ES,Federal Contract Tower,0,3,16,102,121,0,2,45,12,59,0,5,61,114,180,70,124,194,374
04/28/2020,MEI,MS,ASO,ES,Federal Contract Tower,0,3,8,118,129,0,10,31,17,58,0,13,39,135,187,50,62,112,299
04/29/2020,MEI,MS,ASO,ES,Federal Contract Tower,0,3,1,85,89,0,1,8,7,16,0,4,9,92,105,0,84,84,189
04/30/2020,MEI,MS,ASO,ES,Federal Contract Tower,0,3,11,82,96,0,1,28,58,87,0,4,39,140,183,30,76,106,289
05/01/2020,MEI,MS,ASO,ES,Federal Contract Tower,0,2,14,81,97,0,10,29,16,55,0,12,43,97,152,34,226,260,412
05/02/2020,MEI,MS,ASO,ES,Federal Contract Tower,0,2,0,34,36,0,44,38,4,86,0,46,38,38,122,148,64,212,334
05/03/2020,MEI,MS,ASO,ES,Federal Contract Tower,0,2,13,23,38,0,7,26,11,44,0,9,39,34,82,16,54,70,152
05/04/2020,MEI,MS,ASO,ES,Federal Contract Tower,0,2,13,82,97,0,4,16,6,26,0,6,29,88,123,12,108,120,243
05/05/2020,MEI,MS,ASO,ES,Federal Contract Tower,0,2,9,106,117,0,2,9,5,16,0,4,18,111,133,0,12,12,145
05/06/2020,MEI,MS,ASO,ES,Federal Contract Tower,0,2,11,126,139,0,4,14,49,67,0,6,25,175,206,8,103,111,317
05/07/2020,MEI,MS,ASO,ES,Federal Contract Tower,0,2,7,93,102,0,4,32,61,97,0,6,39,154,199,50,70,120,319
05/08/2020,MEI,MS,ASO,ES,Federal Contract Tower,0,4,5,27,36,0,0,2,7,9,0,4,7,34,45,20,32,52,97
05/09/2020,MEI,MS,ASO,ES,Federal Contract Tower,0,4,2,57,63,0,5,30,5,40,0,9,32,62,103,66,56,122,225
05/10/2020,MEI,MS,ASO,ES,Federal Contract Tower,0,3,3,24,30,0,5,29,9,43,0,8,32,33,73,26,80,106,179
05/11/2020,MEI,MS,ASO,ES,Federal Contract Tower,0,3,13,104,120,0,12,40,18,70,0,15,53,122,190,28,104,132,322
05/12/2020,MEI,MS,ASO,ES,Federal Contract Tower,0,8,10,121,139,0,4,29,80,113,0,12,39,201,252,24,134,158,410
05/13/2020,MEI,MS,ASO,ES,Federal Contract Tower,0,4,13,80,97,0,0,23,4,27,0,4,36,84,124,66,26,92,216
05/14/2020,MEI,MS,ASO,ES,Federal Contract Tower,0,4,6,49,59,0,0,6,0,6,0,4,12,49,65,0,20,20,85
05/15/2020,MEI,MS,ASO,ES,Federal Contract Tower,0,2,5,57,64,0,2,5,6,13,0,4,10,63,77,0,12,12,89
05/16/2020,MEI,MS,ASO,ES,Federal Contract Tower,0,2,0,38,40,0,5,17,6,28,0,7,17,44,68,8,40,48,116
05/17/2020,MEI,MS,ASO,ES,Federal Contract Tower,0,2,4,18,24,0,1,13,0,14,0,3,17,18,38,12,20,32,70
05/18/2020,MEI,MS,ASO,ES,Federal Contract Tower,0,2,13,40,55,0,1,10,3,14,0,3,23,43,69,16,20,36,105
05/19/2020,MEI,MS,ASO,ES,Federal Contract Tower,0,5,16,97,118,0,2,20,15,37,0,7,36,112,155,12,100,112,267
05/20/2020,MEI,MS,ASO,ES,Federal Contract Tower,0,2,10,95,107,0,1,30,6,37,0,3,40,101,144,12,162,174,318
05/21/2020,MEI,MS,ASO,ES,Federal Contract Tower,0,2,9,58,69,0,3,16,5,24,0,5,25,63,93,8,26,34,127
05/22/2020,MEI,MS,ASO,ES,Federal Contract Tower,0,2,21,16,39,0,4,8,10,22,0,6,29,26,61,4,0,4,65
05/23/2020,MEI,MS,ASO,ES,Federal Contract Tower,0,2,2,29,33,0,4,8,3,15,0,6,10,32,48,0,14,14,62
05/24/2020,MEI,MS,ASO,ES,Federal Contract Tower,0,2,3,34,39,0,8,35,8,51,0,10,38,42,90,68,16,84,174
05/25/2020,MEI,MS,ASO,ES,Federal Contract Tower,0,2,3,8,13,0,3,36,3,42,0,5,39,11,55,66,4,70,125
05/26/2020,MEI,MS,ASO,ES,Federal Contract Tower,0,2,32,47,81,0,0,4,3,7,0,2,36,50,88,10,73,83,171
05/27/2020,MEI,MS,ASO,ES,Federal Contract Tower,0,2,10,27,39,0,0,7,3,10,0,2,17,30,49,0,4,4,53
05/28/2020,MEI,MS,ASO,ES,Federal Contract Tower,0,5,7,77,89,0,4,19,18,41,0,9,26,95,130,4,112,116,246
05/29/2020,MEI,MS,ASO,ES,Federal Contract Tower,0,9,13,115,137,0,10,22,61,93,0,19,35,176,230,34,138,172,402
05/30/2020,MEI,MS,ASO,ES,Federal Contract Tower,0,3,9,28,40,0,4,27,7,38,0,7,36,35,78,28,18,46,124
05/31/2020,MEI,MS,ASO,ES,Federal Contract Tower,0,4,16,62,82,0,5,35,13,53,0,9,51,75,135,46,18,64,199
06/01/2020,MEI,MS,ASO,ES,Federal Contract Tower,0,4,22,108,134,0,4,25,18,47,0,8,47,126,181,28,156,184,365
06/02/2020,MEI,MS,ASO,ES,Federal Contract Tower,0,4,6,101,111,0,4,18,54,76,0,8,24,155,187,60,126,186,373
06/03/2020,MEI,MS,ASO,ES,Federal Contract Tower,0,3,9,23,35,0,5,3,3,11,0,8,12,26,46,26,8,34,80
06/04/2020,MEI,MS,ASO,ES,Federal Contract Tower,0,2,16,111,129,0,12,14,32,58,0,14,30,143,187,8,39,47,234
06/05/2020,MEI,MS,ASO,ES,Federal Contract Tower,0,2,6,85,93,0,5,31,48,84,0,7,37,133,177,42,84,126,303
06/06/2020,MEI,MS,ASO,ES,Federal Contract Tower,0,3,9,12,24,0,2,12,1,15,0,5,21,13,39,52,0,52,91
06/07/2020,MEI,MS,ASO,ES,Federal Contract Tower,0,3,10,7,20,0,0,3,0,3,0,3,13,7,23,25,2,27,50
06/08/2020,MEI,MS,ASO,ES,Federal Contract Tower,0,2,3,0,5,0,1,0,1,2,0,3,3,1,7,0,0,0,7
06/09/2020,MEI,MS,ASO,ES,Federal Contract Tower,0,2,6,199,207,0,8,22,44,74,0,10,28,243,281,28,208,236,517
06/10/2020,MEI,MS,ASO,ES,Federal Contract Tower,0,2,1,118,121,0,1,14,17,32,0,3,15,135,153,12,170,182,335
06/11/2020,MEI,MS,ASO,ES,Federal Contract Tower,0,2,12,154,168,0,8,37,15,60,0,10,49,169,228,88,160,248,476
06/12/2020,MEI,MS,ASO,ES,Federal Contract Tower,0,3,11,93,107,0,2,31,12,45,0,5,42,105,152,72,112,184,336
06/13/2020,MEI,MS,ASO,ES,Federal Contract Tower,0,2,12,29,43,0,2,49,6,57,0,4,61,35,100,122,38,160,260
06/14/2020,MEI,MS,ASO,ES,Federal Contract Tower,0,2,13,23,38,0,20,34,0,54,0,22,47,23,92,56,10,66,158
06/15/2020,MEI,MS,ASO,ES,Federal Contract Tower,0,2,12,103,117,0,9,15,27,51,0,11,27,130,168,26,169,195,363
06/16/2020,MEI,MS,ASO,ES,Federal Contract Tower,0,3,17,102,122,0,3,11,36,50,0,6,28,138,172,22,150,172,344
06/17/2020,MEI,MS,ASO,ES,Federal Contract Tower,0,3,17,102,122,0,3,11,36,50,0,6,28,138,172,22,150,172,344
06/18/2020,MEI,MS,ASO,ES,Federal Contract Tower,0,3,17,117,137,0,2,11,15,28,0,5,28,132,165,26,86,112,277
06/19/2020,MEI,MS,ASO,ES,Federal Contract Tower,0,2,13,104,119,0,1,27,11,39,0,3,40,115,158,34,128,162,320
06/20/2020,MEI,MS,ASO,ES,Federal Contract Tower,0,2,16,13,31,0,7,31,6,44,0,9,47,19,75,52,0,52,127
06/21/2020,MEI,MS,ASO,ES,Federal Contract Tower,0,4,18,58,80,0,2,40,14,56,0,6,58,72,136,56,32,88,224
06/22/2020,MEI,MS,ASO,ES,Federal Contract Tower,0,6,19,129,154,0,2,22,18,42,0,8,41,147,196,56,206,262,458
06/23/2020,MEI,MS,ASO,ES,Federal Contract Tower,0,3,20,186,209,0,8,23,10,41,0,11,43,196,250,32,97,129,379
06/24/2020,MEI,MS,ASO,ES,Federal Contract Tower,0,6,3,46,55,0,4,3,0,7,0,10,6,46,62,8,24,32,94
06/25/2020,MEI,MS,ASO,ES,Federal Contract Tower,0,2,19,136,157,0,8,2,32,42,0,10,21,168,199,42,176,218,417
06/26/2020,MEI,MS,ASO,ES,Federal Contract Tower,0,5,14,126,145,0,0,5,0,5,0,5,19,126,150,0,0,0,150
06/27/2020,MEI,MS,ASO,ES,Federal Contract Tower,0,2,12,20,34,0,5,15,18,38,0,7,27,38,72,26,28,54,126
06/28/2020,MEI,MS,ASO,ES,Federal Contract Tower,0,8,11,35,54,0,0,37,7,44,0,8,48,42,98,66,28,94,192
06/29/2020,MEI,MS,ASO,ES,Federal Contract Tower,0,4,9,112,125,0,4,16,16,36,0,8,25,128,161,82,187,269,430
06/30/2020,MEI,MS,ASO,ES,Federal Contract Tower,0,4,6,137,147,0,3,28,20,51,0,7,34,157,198,64,241,305,503
07/01/2020,MEI,MS,ASO,ES,Federal Contract Tower,0,3,10,50,63,0,0,10,31,41,0,3,20,81,104,86,62,148,252
07/02/2020,MEI,MS,ASO,ES,Federal Contract Tower,0,4,14,60,78,0,1,12,8,21,0,5,26,68,99,2,26,28,127
07/03/2020,MEI,MS,ASO,ES,Federal Contract Tower,0,3,11,13,27,0,7,43,0,50,0,10,54,13,77,110,16,126,203
07/04/2020,MEI,MS,ASO,ES,Federal Contract Tower,0,1,4,4,9,0,7,21,0,28,0,8,25,4,37,30,0,30,67
07/05/2020,MEI,MS,ASO,ES,Federal Contract Tower,2,6,12,5,25,0,1,27,0,28,2,7,39,5,53,20,0,20,73
07/06/2020,MEI,MS,ASO,ES,Federal Contract Tower,0,4,21,6,31,0,9,5,0,14,0,13,26,6,45,14,0,14,59
07/07/2020,MEI,MS,ASO,ES,Federal Contract Tower,0,2,11,69,82,0,0,5,8,13,0,2,16,77,95,0,20,20,115
07/08/2020,MEI,MS,ASO,ES,Federal Contract Tower,0,5,11,44,60,0,0,1,2,3,0,5,12,46,63,0,0,0,63
07/09/2020,MEI,MS,ASO,ES,Federal Contract Tower,0,7,10,46,63,0,21,7,4,32,0,28,17,50,95,20,28,48,143
07/10/2020,MEI,MS,ASO,ES,Federal Contract Tower,0,4,10,86,100,0,9,36,17,62,0,13,46,103,162,42,130,172,334
07/11/2020,MEI,MS,ASO,ES,Federal Contract Tower,0,2,20,23,45,0,5,52,24,81,0,7,72,47,126,80,32,112,238
07/12/2020,MEI,MS,ASO,ES,Federal Contract Tower,0,4,16,31,51,0,1,12,2,15,0,5,28,33,66,0,0,0,66
07/13/2020,MEI,MS,ASO,ES,Federal Contract Tower,0,4,17,105,126,0,0,11,4,15,0,4,28,109,141,20,110,130,271
07/14/2020,MEI,MS,ASO,ES,Federal Contract Tower,0,2,13,75,90,0,4,25,12,41,0,6,38,87,131,60,136,196,327
07/15/2020,MEI,MS,ASO,ES,Federal Contract Tower,0,3,15,35,53,0,5,12,1,18,0,8,27,36,71,4,40,44,115
07/16/2020,MEI,MS,ASO,ES,Federal Contract Tower,0,4,11,107,122,0,4,12,31,47,0,8,23,138,169,22,174,196,365
07/17/2020,MEI,MS,ASO,ES,Federal Contract Tower,0,3,30,120,153,0,13,15,12,40,0,16,45,132,193,48,232,280,473
07/18/2020,MEI,MS,ASO,ES,Federal Contract Tower,0,3,15,3,21,0,13,41,1,55,0,16,56,4,76,132,0,132,208
07/19/2020,MEI,MS,ASO,ES,Federal Contract Tower,2,4,17,16,39,0,3,36,3,42,2,7,53,19,81,88,12,100,181
07/20/2020,MEI,MS,ASO,ES,Federal Contract Tower,0,3,16,86,105,0,12,13,22,47,0,15,29,108,152,0,122,122,274
07/21/2020,MEI,MS,ASO,ES,Federal Contract Tower,0,3,12,126,141,0,18,27,18,63,0,21,39,144,204,54,130,184,388
07/22/2020,MEI,MS,ASO,ES,Federal Contract Tower,0,4,21,183,208,0,13,29,28,70,0,17,50,211,278,156,198,354,632
07/23/2020,MEI,MS,ASO,ES,Federal Contract Tower,0,7,18,105,130,0,9,33,19,61,0,16,51,124,191,98,160,258,449
07/24/2020,MEI,MS,ASO,ES,Federal Contract Tower,0,4,20,100,124,0,5,32,4,41,0,9,52,104,165,84,80,164,329
07/25/2020,MEI,MS,ASO,ES,Federal Contract Tower,0,3,11,7,21,0,12,32,4,48,0,15,43,11,69,120,8,128,197
07/26/2020,MEI,MS,ASO,ES,Federal Contract Tower,0,4,12,10,26,0,0,41,2,43,0,4,53,12,69,82,48,130,199
07/27/2020,MEI,MS,ASO,ES,Federal Contract Tower,0,4,5,61,70,0,1,24,10,35,0,5,29,71,105,62,106,168,273
07/28/2020,MEI,MS,ASO,ES,Federal Contract Tower,0,2,4,80,86,0,8,1,2,11,0,10,5,82,97,0,78,78,175
07/29/2020,MEI,MS,ASO,ES,Federal Contract Tower,0,5,15,74,94,0,2,7,4,13,0,7,22,78,107,0,86,86,193
07/30/2020,MEI,MS,ASO,ES,Federal Contract Tower,0,4,14,91,109,0,7,34,24,65,0,11,48,115,174,100,142,242,416
07/31/2020,MEI,MS,ASO,ES,Federal Contract Tower,0,3,19,108,130,0,6,22,8,36,0,9,41,116,166,110,88,198,364
08/01/2020,MEI,MS,ASO,ES,Federal Contract Tower,0,5,16,5,26,0,8,27,1,36,0,13,43,6,62,24,8,32,94
08/02/2020,MEI,MS,ASO,ES,Federal Contract Tower,0,3,9,14,26,0,2,29,1,32,0,5,38,15,58,30,0,30,88
08/03/2020,MEI,MS,ASO,ES,Federal Contract Tower,0,7,13,79,99,0,2,30,16,48,0,9,43,95,147,20,224,244,391
08/04/2020,MEI,MS,ASO,ES,Federal Contract Tower,0,3,9,66,78,0,5,37,17,59,0,8,46,83,137,36,138,174,311
08/05/2020,MEI,MS,ASO,ES,Federal Contract Tower,0,7,21,136,164,0,4,43,18,65,0,11,64,154,229,100,208,308,537
08/06/2020,MEI,MS,ASO,ES,Federal Contract Tower,0,3,24,78,105,0,9,68,76,153,0,12,92,154,258,66,174,240,498
08/07/2020,MEI,MS,ASO,ES,Federal Contract Tower,0,6,18,130,154,0,18,44,25,87,0,24,62,155,241,104,274,378,619
08/08/2020,MEI,MS,ASO,ES,Federal Contract Tower,0,2,13,9,24,0,12,54,4,70,0,14,67,13,94,92,8,100,194
08/09/2020,MEI,MS,ASO,ES,Federal Contract Tower,0,4,17,16,37,0,2,27,13,42,0,6,44,29,79,40,18,58,137
08/10/2020,MEI,MS,ASO,ES,Federal Contract Tower,0,8,13,98,119,0,8,8,7,23,0,16,21,105,142,6,152,158,300
08/11/2020,MEI,MS,ASO,ES,Federal Contract Tower,0,1,5,80,86,0,3,20,12,35,0,4,25,92,121,0,120,120,241
08/12/2020,MEI,MS,ASO,ES,Federal Contract Tower,0,3,25,118,146,0,2,22,23,47,0,5,47,141,193,76,186,262,455
08/13/2020,MEI,MS,ASO,ES,Federal Contract Tower,0,4,13,95,112,0,4,12,9,25,0,8,25,104,137,22,124,146,283
08/14/2020,MEI,MS,ASO,ES,Federal Contract Tower,0,5,11,74,90,0,8,16,9,33,0,13,27,83,123,34,74,108,231
08/15/2020,MEI,MS,ASO,ES,Federal Contract Tower,0,5,15,21,41,0,5,25,19,49,0,10,40,40,90,82,4,86,176
08/16/2020,MEI,MS,ASO,ES,Federal Contract Tower,0,5,12,38,55,0,6,19,7,32,0,11,31,45,87,2,4,6,93
08/17/2020,MEI,MS,ASO,ES,Federal Contract Tower,0,5,19,163,187,0,4,17,20,41,0,9,36,183,228,12,210,222,450
08/18/2020,MEI,MS,ASO,ES,Federal Contract Tower,0,2,13,89,104,0,4,12,17,33,0,6,25,106,137,34,134,168,305
08/19/2020,MEI,MS,ASO,ES,Federal Contract Tower,0,6,10,134,150,0,7,44,20,71,0,13,54,154,221,88,198,286,507
08/20/2020,MEI,MS,ASO,ES,Federal Contract Tower,0,4,22,56,82,0,0,21,14,35,0,4,43,70,117,36,186,222,339
08/21/2020,MEI,MS,ASO,ES,Federal Contract Tower,0,7,21,144,172,0,10,28,20,58,0,17,49,164,230,38,120,158,388
08/22/2020,MEI,MS,ASO,ES,Federal Contract Tower,0,2,13,32,47,0,8,38,4,50,0,10,51,36,97,80,14,94,191
08/23/2020,MEI,MS,ASO,ES,Federal Contract Tower,0,6,10,18,34,0,11,23,9,43,0,17,33,27,77,44,4,48,125
08/24/2020,MEI,MS,ASO,ES,Federal Contract Tower,0,4,5,29,38,0,17,3,6,26,0,21,8,35,64,2,34,36,100
08/25/2020,MEI,MS,ASO,ES,Federal Contract Tower,0,2,11,22,35,0,0,0,0,0,0,2,11,22,35,0,0,0,35
08/26/2020,MEI,MS,ASO,ES,Federal Contract Tower,0,0,7,89,96,0,5,7,4,16,0,5,14,93,112,0,32,32,144
08/27/2020,MEI,MS,ASO,ES,Federal Contract Tower,0,4,9,63,76,0,1,5,0,6,0,5,14,63,82,0,26,26,108
08/28/2020,MEI,MS,ASO,ES,Federal Contract Tower,0,4,1,4,9,0,2,1,5,8,0,6,2,9,17,0,14,14,31
08/29/2020,MEI,MS,ASO,ES,Federal Contract Tower,0,3,20,5,28,0,17,25,0,42,0,20,45,5,70,100,36,136,206
08/30/2020,MEI,MS,ASO,ES,Federal Contract Tower,0,7,10,51,68,0,3,9,3,15,0,10,19,54,83,6,0,6,89
08/31/2020,MEI,MS,ASO,ES,Federal Contract Tower,0,6,16,95,117,0,9,16,1,26,0,15,32,96,143,47,78,125,268
09/01/2020,MEI,MS,ASO,ES,Federal Contract Tower,0,2,17,104,123,0,0,25,13,38,0,2,42,117,161,28,110,138,299
09/02/2020,MEI,MS,ASO,ES,Federal Contract Tower,0,4,19,118,141,0,13,33,12,58,0,17,52,130,199,52,118,170,369
09/03/2020,MEI,MS,ASO,ES,Federal Contract Tower,0,4,24,61,89,0,12,31,15,58,0,16,55,76,147,144,112,256,403
09/04/2020,MEI,MS,ASO,ES,Federal Contract Tower,0,4,16,17,37,0,16,30,7,53,0,20,46,24,90,72,0,72,162
09/05/2020,MEI,MS,ASO,ES,Federal Contract Tower,0,1,4,17,22,0,3,43,5,51,0,4,47,22,73,56,26,82,155
09/06/2020,MEI,MS,ASO,ES,Federal Contract Tower,0,4,2,18,24,0,3,17,4,24,0,7,19,22,48,12,34,46,94
09/07/2020,MEI,MS,ASO,ES,Federal Contract Tower,0,4,21,20,45,0,6,33,0,39,0,10,54,20,84,64,32,96,180
09/08/2020,MEI,MS,ASO,ES,Federal Contract Tower,0,2,15,37,54,0,9,20,6,35,0,11,35,43,89,30,28,58,147
09/09/2020,MEI,MS,ASO,ES,Federal Contract Tower,0,9,16,45,70,0,0,31,44,75,0,9,47,89,145,86,125,211,356
09/10/2020,MEI,MS,ASO,ES,Federal Contract Tower,0,8,20,83,111,0,9,37,18,64,0,17,57,101,175,108,168,276,451
09/11/2020,MEI,MS,ASO,ES,Federal Contract Tower,0,4,20,35,59,0,6,37,27,70,0,10,57,62,129,74,146,220,349
09/12/2020,MEI,MS,ASO,ES,Federal Contract Tower,0,2,10,13,25,0,0,22,14,36,0,2,32,27,61,70,66,136,197
09/13/2020,MEI,MS,ASO,ES,Federal Contract Tower,0,4,13,12,29,0,9,14,5,28,0,13,27,17,57,32,26,58,115
09/14/2020,MEI,MS,ASO,ES,Federal Contract Tower,0,4,15,80,99,0,0,11,7,18,0,4,26,87,117,10,59,69,186
09/15/2020,MEI,MS,ASO,ES,Federal Contract Tower,0,2,6,63,71,0,6,0,8,14,0,8,6,71,85,0,50,50,135
09/16/2020,MEI,MS,ASO,ES,Federal Contract Tower,0,6,2,37,45,0,8,8,8,24,0,14,10,45,69,14,54,68,137
09/17/2020,MEI,MS,ASO,ES,Federal Contract Tower,0,5,32,95,132,0,6,26,21,53,0,11,58,116,185,42,132,174,359
09/18/2020,MEI,MS,ASO,ES,Federal Contract Tower,0,4,37,76,117,0,13,39,27,79,0,17,76,103,196,76,92,168,364
09/19/2020,MEI,MS,ASO,ES,Federal Contract Tower,0,2,18,27,47,0,6,46,6,58,0,8,64,33,105,88,20,108,213
09/20/2020,MEI,MS,ASO,ES,Federal Contract Tower,0,4,16,36,56,0,6,20,1,27,0,10,36,37,83,36,16,52,135
09/21/2020,MEI,MS,ASO,ES,Federal Contract Tower,0,4,15,55,74,0,8,19,3,30,0,12,34,58,104,52,144,196,300
09/22/2020,MEI,MS,ASO,ES,Federal Contract Tower,0,6,23,98,127,0,3,2,16,21,0,9,25,114,148,34,112,146,294
09/23/2020,MEI,MS,ASO,ES,Federal Contract Tower,0,6,21,132,159,0,3,7,2,12,0,9,28,134,171,18,24,42,213
09/24/2020,MEI,MS,ASO,ES,Federal Contract Tower,0,4,7,102,113,0,0,0,0,0,0,4,7,102,113,18,8,26,139
09/25/2020,MEI,MS,ASO,ES,Federal Contract Tower,0,5,20,156,181,0,3,25,2,30,0,8,45,158,211,42,124,166,377
09/26/2020,MEI,MS,ASO,ES,Federal Contract Tower,0,3,19,55,77,0,15,38,12,65,0,18,57,67,142,124,36,160,302
09/27/2020,MEI,MS,ASO,ES,Federal Contract Tower,0,6,11,21,38,0,4,26,6,36,0,10,37,27,74,16,12,28,102
09/28/2020,MEI,MS,ASO,ES,Federal Contract Tower,0,4,18,58,80,0,1,6,5,12,0,5,24,63,92,0,66,66,158
09/29/2020,MEI,MS,ASO,ES,Federal Contract Tower,0,3,15,92,110,0,5,16,18,39,0,8,31,110,149,18,184,202,351
09/30/2020,MEI,MS,ASO,ES,Federal Contract Tower,0,7,25,106,138,0,10,40,18,68,0,17,65,124,206,88,258,346,552
10/01/2020,MEI,MS,ASO,ES,Federal Contract Tower,0,4,22,136,162,0,8,38,26,72,0,12,60,162,234,86,306,392,626
10/02/2020,MEI,MS,ASO,ES,Federal Contract Tower,0,4,37,88,129,0,4,22,16,42,0,8,59,104,171,90,222,312,483
10/03/2020,MEI,MS,ASO,ES,Federal Contract Tower,0,2,16,41,59,0,16,57,14,87,0,18,73,55,146,76,102,178,324
10/04/2020,MEI,MS,ASO,ES,Federal Contract Tower,0,5,21,40,66,0,3,32,4,39,0,8,53,44,105,56,18,74,179
10/05/2020,MEI,MS,ASO,ES,Federal Contract Tower,0,3,27,80,110,0,7,39,19,65,0,10,66,99,175,62,112,174,349
10/06/2020,MEI,MS,ASO,ES,Federal Contract Tower,0,2,14,48,64,0,9,28,17,54,0,11,42,65,118,18,112,130,248
10/07/2020,MEI,MS,ASO,ES,Federal Contract Tower,0,6,16,71,93,0,5,24,33,62,0,11,40,104,155,66,76,142,297
10/08/2020,MEI,MS,ASO,ES,Federal Contract Tower,0,3,12,67,82,0,7,29,31,67,0,10,41,98,149,46,104,150,299
10/09/2020,MEI,MS,ASO,ES,Federal Contract Tower,0,3,6,124,133,0,7,13,3,23,0,10,19,127,156,10,100,110,266
10/10/2020,MEI,MS,ASO,ES,Federal Contract Tower,0,2,3,0,5,0,0,1,0,1,0,2,4,0,6,0,0,0,6
10/11/2020,MEI,MS,ASO,ES,Federal Contract Tower,0,7,8,4,19,0,2,1,0,3,0,9,9,4,22,0,0,0,22
10/12/2020,MEI,MS,ASO,ES,Federal Contract Tower,0,9,27,2,38,0,20,22,4,46,0,29,49,6,84,20,0,20,104
10/13/2020,MEI,MS,ASO,ES,Federal Contract Tower,0,3,13,138,154,0,1,30,58,89,0,4,43,196,243,46,164,210,453
10/14/2020,MEI,MS,ASO,ES,Federal Contract Tower,0,4,10,132,146,0,13,49,25,87,0,17,59,157,233,32,182,214,447
10/15/2020,MEI,MS,ASO,ES,Federal Contract Tower,0,4,22,175,201,0,14,34,28,76,0,18,56,203,277,38,224,262,539
10/16/2020,MEI,MS,ASO,ES,Federal Contract Tower,0,4,17,157,178,0,8,33,12,53,0,12,50,169,231,32,110,142,373
10/17/2020,MEI,MS,ASO,ES,Federal Contract Tower,0,4,18,4,26,0,6,58,2,66,0,10,76,6,92,90,4,94,186
10/18/2020,MEI,MS,ASO,ES,Federal Contract Tower,0,3,28,10,41,0,13,31,25,69,0,16,59,35,110,32,20,52,162
10/19/2020,MEI,MS,ASO,ES,Federal Contract Tower,0,5,17,143,165,0,9,25,16,50,0,14,42,159,215,22,210,232,447
10/20/2020,MEI,MS,ASO,ES,Federal Contract Tower,0,2,26,105,133,0,0,24,49,73,0,2,50,154,206,22,146,168,374
10/21/2020,MEI,MS,ASO,ES,Federal Contract Tower,0,4,14,108,126,0,7,38,13,58,0,11,52,121,184,42,186,228,412
10/22/2020,MEI,MS,ASO,ES,Federal Contract Tower,0,6,18,148,172,0,10,25,25,60,0,16,43,173,232,62,216,278,510
10/23/2020,MEI,MS,ASO,ES,Federal Contract Tower,0,3,21,177,201,0,9,19,21,49,0,12,40,198,250,34,178,212,462
10/24/2020,MEI,MS,ASO,ES,Federal Contract Tower,0,3,6,3,12,0,1,0,0,1,0,4,6,3,13,0,0,0,13
10/25/2020,MEI,MS,ASO,ES,Federal Contract Tower,0,5,27,18,50,0,6,19,2,27,0,11,46,20,77,36,8,44,121
10/26/2020,MEI,MS,ASO,ES,Federal Contract Tower,0,4,19,77,100,0,0,10,5,15,0,4,29,82,115,12,106,118,233
10/27/2020,MEI,MS,ASO,ES,Federal Contract Tower,0,4,14,65,83,0,0,1,0,1,0,4,15,65,84,0,0,0,84
10/28/2020,MEI,MS,ASO,ES,Federal Contract Tower,0,3,3,1,7,0,0,0,0,0,0,3,3,1,7,0,0,0,7
10/29/2020,MEI,MS,ASO,ES,Federal Contract Tower,2,5,19,149,175,0,6,22,23,51,2,11,41,172,226,38,134,172,398
10/30/2020,MEI,MS,ASO,ES,Federal Contract Tower,0,5,33,172,210,0,8,25,16,49,0,13,58,188,259,30,156,186,445
10/31/2020,MEI,MS,ASO,ES,Federal Contract Tower,0,5,15,31,51,0,6,49,12,67,0,11,64,43,118,76,16,92,210
11/01/2020,MEI,MS,ASO,ES,Federal Contract Tower,0,5,16,18,39,0,9,31,3,43,0,14,47,21,82,24,20,44,126
11/02/2020,MEI,MS,ASO,ES,Federal Contract Tower,0,4,6,125,135,0,11,21,10,42,0,15,27,135,177,26,100,126,303
11/03/2020,MEI,MS,ASO,ES,Federal Contract Tower,0,2,11,133,146,0,8,44,22,74,0,10,55,155,220,40,186,226,446
11/04/2020,MEI,MS,ASO,ES,Federal Contract Tower,0,7,13,78,98,0,9,14,14,37,0,16,27,92,135,18,74,92,227
11/05/2020,MEI,MS,ASO,ES,Federal Contract Tower,0,4,14,76,94,0,4,29,26,59,0,8,43,102,153,12,208,220,373
11/06/2020,MEI,MS,ASO,ES,Federal Contract Tower,0,4,17,97,118,0,7,22,14,43,0,11,39,111,161,0,306,306,467
11/07/2020,MEI,MS,ASO,ES,Federal Contract Tower,0,2,7,15,24,0,7,26,3,36,0,9,33,18,60,62,10,72,132
11/08/2020,MEI,MS,ASO,ES,Federal Contract Tower,0,4,20,85,109,0,10,11,10,31,0,14,31,95,140,12,28,40,180
11/09/2020,MEI,MS,ASO,ES,Federal Contract Tower,0,3,12,82,97,0,11,46,99,156,0,14,58,181,253,68,188,256,509
11/10/2020,MEI,MS,ASO,ES,Federal Contract Tower,0,6,19,142,167,0,2,18,10,30,0,8,37,152,197,14,72,86,283
11/11/2020,MEI,MS,ASO,ES,Federal Contract Tower,5,6,6,10,27,0,10,3,2,15,5,16,9,12,42,0,14,14,56
11/12/2020,MEI,MS,ASO,ES,Federal Contract Tower,0,5,13,123,141,0,12,10,19,41,0,17,23,142,182,24,254,278,460
11/13/2020,MEI,MS,ASO,ES,Federal Contract Tower,0,4,19,81,104,0,4,32,29,65,0,8,51,110,169,60,108,168,337
11/14/2020,MEI,MS,ASO,ES,Federal Contract Tower,0,3,12,8,23,0,0,29,37,66,0,3,41,45,89,40,0,40,129
11/15/2020,MEI,MS,ASO,ES,Federal Contract Tower,0,4,23,25,52,0,2,21,0,23,0,6,44,25,75,54,0,54,129
11/16/2020,MEI,MS,ASO,ES,Federal Contract Tower,0,4,20,160,184,0,12,29,20,61,0,16,49,180,245,48,150,198,443
11/17/2020,MEI,MS,ASO,ES,Federal Contract Tower,0,2,15,112,129,0,9,26,26,61,0,11,41,138,190,20,122,142,332
11/18/2020,MEI,MS,ASO,ES,Federal Contract Tower,0,5,18,102,125,0,6,40,20,66,0,11,58,122,191,78,144,222,413
11/19/2020,MEI,MS,ASO,ES,Federal Contract Tower,0,4,15,65,84,0,7,13,18,38,0,11,28,83,122,18,140,158,280
11/20/2020,MEI,MS,ASO,ES,Federal Contract Tower,0,4,20,46,70,0,5,59,9,73,0,9,79,55,143,38,104,142,285
11/21/2020,MEI,MS,ASO,ES,Federal Contract Tower,0,2,7,10,19,0,7,34,7,48,0,9,41,17,67,72,40,112,179
11/22/2020,MEI,MS,ASO,ES,Federal Contract Tower,0,4,15,15,34,0,8,20,6,34,0,12,35,21,68,24,16,40,108
11/23/2020,MEI,MS,ASO,ES,Federal Contract Tower,0,4,7,92,103,0,6,20,8,34,0,10,27,100,137,28,114,142,279
11/24/2020,MEI,MS,ASO,ES,Federal Contract Tower,0,4,13,91,108,0,4,18,9,31,0,8,31,100,139,10,112,122,261
11/25/2020,MEI,MS,ASO,ES,Federal Contract Tower,0,4,11,1,16,0,3,4,0,7,0,7,15,1,23,32,0,32,55
11/26/2020,MEI,MS,ASO,ES,Federal Contract Tower,0,2,5,0,7,0,2,15,0,17,0,4,20,0,24,12,0,12,36
11/27/2020,MEI,MS,ASO,ES,Federal Contract Tower,0,2,4,0,6,0,0,0,0,0,0,2,4,0,6,0,0,0,6
11/28/2020,MEI,MS,ASO,ES,Federal Contract Tower,0,4,17,3,24,0,0,15,0,15,0,4,32,3,39,8,0,8,47
11/29/2020,MEI,MS,ASO,ES,Federal Contract Tower,0,5,11,0,16,0,0,0,0,0,0,5,11,0,16,0,0,0,16
11/30/2020,MEI,MS,ASO,ES,Federal Contract Tower,0,4,17,133,154,0,1,2,1,4,0,5,19,134,158,0,36,36,194
12/01/2020,MEI,MS,ASO,ES,Federal Contract Tower,0,2,15,110,127,0,7,45,28,80,0,9,60,138,207,60,112,172,379
12/02/2020,MEI,MS,ASO,ES,Federal Contract Tower,0,4,9,138,151,0,4,41,20,65,0,8,50,158,216,72,158,230,446
12/03/2020,MEI,MS,ASO,ES,Federal Contract Tower,0,4,3,81,88,0,1,11,23,35,0,5,14,104,123,56,94,150,273
12/04/2020,MEI,MS,ASO,ES,Federal Contract Tower,0,8,20,76,104,0,1,7,8,16,0,9,27,84,120,8,24,32,152
12/05/2020,MEI,MS,ASO,ES,Federal Contract Tower,0,2,11,20,33,0,6,43,15,64,0,8,54,35,97,122,56,178,275
12/06/2020,MEI,MS,ASO,ES,Federal Contract Tower,0,4,11,57,72,0,16,36,16,68,0,20,47,73,140,78,70,148,288
12/07/2020,MEI,MS,ASO,ES,Federal Contract Tower,0,4,14,104,122,0,4,37,18,59,0,8,51,122,181,52,178,230,411
12/08/2020,MEI,MS,ASO,ES,Federal Contract Tower,0,6,16,136,158,0,7,43,39,89,0,13,59,175,247,86,308,394,641
12/09/2020,MEI,MS,ASO,ES,Federal Contract Tower,0,4,16,100,120,0,4,17,16,37,0,8,33,116,157,44,260,304,461
12/10/2020,MEI,MS,ASO,ES,Federal Contract Tower,0,4,19,91,114,0,4,28,13,45,0,8,47,104,159,50,148,198,357
12/11/2020,MEI,MS,ASO,ES,Federal Contract Tower,0,4,17,42,63,0,6,15,8,29,0,10,32,50,92,56,286,342,434
12/12/2020,MEI,MS,ASO,ES,Federal Contract Tower,0,3,12,9,24,0,1,7,0,8,0,4,19,9,32,20,10,30,62
12/13/2020,MEI,MS,ASO,ES,Federal Contract Tower,0,3,16,36,55,0,2,16,6,24,0,5,32,42,79,36,16,52,131
12/14/2020,MEI,MS,ASO,ES,Federal Contract Tower,0,7,11,52,70,0,11,5,0,16,0,18,16,52,86,0,66,66,152
12/15/2020,MEI,MS,ASO,ES,Federal Contract Tower,0,4,16,128,148,0,0,17,18,35,0,4,33,146,183,8,136,144,327
12/16/2020,MEI,MS,ASO,ES,Federal Contract Tower,0,4,5,51,60,0,0,0,0,0,0,4,5,51,60,0,0,0,60
12/17/2020,MEI,MS,ASO,ES,Federal Contract Tower,0,4,19,115,138,0,5,25,17,47,0,9,44,132,185,32,154,186,371
12/18/2020,MEI,MS,ASO,ES,Federal Contract Tower,0,4,18,56,78,0,6,48,8,62,0,10,66,64,140,86,96,182,322
12/19/2020,MEI,MS,ASO,ES,Federal Contract Tower,0,3,5,20,28,0,3,25,0,28,0,6,30,20,56,50,22,72,128
12/20/2020,MEI,MS,ASO,ES,Federal Contract Tower,0,4,20,14,38,0,0,0,0,0,0,4,20,14,38,0,0,0,38
12/21/2020,MEI,MS,ASO,ES,Federal Contract Tower,0,4,27,50,81,0,9,37,9,55,0,13,64,59,136,40,94,134,270
12/22/2020,MEI,MS,ASO,ES,Federal Contract Tower,0,4,3,22,29,0,13,53,25,91,0,17,56,47,120,136,44,180,300
12/23/2020,MEI,MS,ASO,ES,Federal Contract Tower,0,5,20,0,25,0,8,23,16,47,0,13,43,16,72,44,0,44,116
12/24/2020,MEI,MS,ASO,ES,Federal Contract Tower,0,2,1,0,3,0,10,0,0,10,0,12,1,0,13,0,0,0,13
12/25/2020,MEI,MS,ASO,ES,Federal Contract Tower,0,2,5,2,9,0,12,7,0,19,0,14,12,2,28,0,0,0,28
12/26/2020,MEI,MS,ASO,ES,Federal Contract Tower,0,4,18,1,23,0,11,45,0,56,0,15,63,1,79,16,2,18,97
12/27/2020,MEI,MS,ASO,ES,Federal Contract Tower,0,5,15,1,21,0,2,25,0,27,0,7,40,1,48,34,4,38,86
12/28/2020,MEI,MS,ASO,ES,Federal Contract Tower,0,4,20,1,25,0,4,8,0,12,0,8,28,1,37,66,0,66,103
12/29/2020,MEI,MS,ASO,ES,Federal Contract Tower,0,4,9,18,31,0,0,20,0,20,0,4,29,18,51,46,0,46,97
12/30/2020,MEI,MS,ASO,ES,Federal Contract Tower,0,4,14,1,19,0,14,12,1,27,0,18,26,2,46,71,0,71,117
12/31/2020,MEI,MS,ASO,ES,Federal Contract Tower,0,5,4,7,16,0,0,0,0,0,0,5,4,7,16,0,0,0,16
01/01/2021,MEI,MS,ASO,ES,Federal Contract Tower,0,2,4,0,6,0,0,11,0,11,0,2,15,0,17,20,0,20,37
01/02/2021,MEI,MS,ASO,ES,Federal Contract Tower,0,4,8,0,12,0,11,22,0,33,0,15,30,0,45,20,0,20,65
01/03/2021,MEI,MS,ASO,ES,Federal Contract Tower,0,3,19,0,22,0,16,36,0,52,0,19,55,0,74,56,0,56,130
01/04/2021,MEI,MS,ASO,ES,Federal Contract Tower,0,5,15,32,52,0,10,19,14,43,0,15,34,46,95,18,70,88,183
01/05/2021,MEI,MS,ASO,ES,Federal Contract Tower,0,4,11,69,84,0,9,41,19,69,0,13,52,88,153,46,143,189,342
01/06/2021,MEI,MS,ASO,ES,Federal Contract Tower,0,4,14,78,96,0,9,14,17,40,0,13,28,95,136,34,148,182,318
01/07/2021,MEI,MS,ASO,ES,Federal Contract Tower,0,6,8,62,76,0,0,1,3,4,0,6,9,65,80,0,0,0,80
01/08/2021,MEI,MS,ASO,ES,Federal Contract Tower,0,3,10,22,35,0,2,4,68,74,0,5,14,90,109,1,0,1,110
01/09/2021,MEI,MS,ASO,ES,Federal Contract Tower,0,2,7,34,43,0,6,33,3,42,0,8,40,37,85,46,76,122,207
01/10/2021,MEI,MS,ASO,ES,Federal Contract Tower,0,4,8,55,67,0,4,15,3,22,0,8,23,58,89,14,32,46,135
01/11/2021,MEI,MS,ASO,ES,Federal Contract Tower,0,6,0,2,8,0,0,0,0,0,0,6,0,2,8,0,0,0,8
01/12/2021,MEI,MS,ASO,ES,Federal Contract Tower,0,7,14,130,151,0,5,22,100,127,0,12,36,230,278,20,134,154,432
01/13/2021,MEI,MS,ASO,ES,Federal Contract Tower,0,6,14,108,128,0,10,25,18,53,0,16,39,126,181,44,360,404,585
01/14/2021,MEI,MS,ASO,ES,Federal Contract Tower,0,4,18,139,161,0,3,19,24,46,0,7,37,163,207,24,94,118,325
01/15/2021,MEI,MS,ASO,ES,Federal Contract Tower,0,9,16,71,96,0,11,8,27,46,0,20,24,98,142,26,88,114,256
01/16/2021,MEI,MS,ASO,ES,Federal Contract Tower,0,3,8,29,40,0,6,23,6,35,0,9,31,35,75,48,70,118,193
01/17/2021,MEI,MS,ASO,ES,Federal Contract Tower,0,4,21,21,46,0,14,25,2,41,0,18,46,23,87,38,48,86,173
01/18/2021,MEI,MS,ASO,ES,Federal Contract Tower,0,4,21,42,67,0,9,46,6,61,0,13,67,48,128,142,52,194,322
01/19/2021,MEI,MS,ASO,ES,Federal Contract Tower,0,2,17,177,196,0,12,37,22,71,0,14,54,199,267,12,318,330,597
01/20/2021,MEI,MS,ASO,ES,Federal Contract Tower,0,5,15,69,89,0,12,32,17,61,0,17,47,86,150,50,220,270,420
01/21/2021,MEI,MS,ASO,ES,Federal Contract Tower,0,6,14,41,61,0,0,0,0,0,0,6,14,41,61,0,0,0,61
01/22/2021,MEI,MS,ASO,ES,Federal Contract Tower,0,4,11,14,29,0,0,0,0,0,0,4,11,14,29,0,0,0,29
01/23/2021,MEI,MS,ASO,ES,Federal Contract Tower,0,2,21,20,43,0,7,32,4,43,0,9,53,24,86,104,42,146,232
01/24/2021,MEI,MS,ASO,ES,Federal Contract Tower,0,9,23,45,77,0,7,5,2,14,0,16,28,47,91,18,48,66,157
01/25/2021,MEI,MS,ASO,ES,Federal Contract Tower,0,4,17,70,91,0,7,4,2,13,0,11,21,72,104,6,14,20,124
01/26/2021,MEI,MS,ASO,ES,Federal Contract Tower,0,4,10,53,67,0,8,30,40,78,0,12,40,93,145,43,170,213,358
01/27/2021,MEI,MS,ASO,ES,Federal Contract Tower,0,4,25,132,161,0,6,7,5,18,0,10,32,137,179,18,92,110,289
01/28/2021,MEI,MS,ASO,ES,Federal Contract Tower,0,4,15,128,147,0,10,12,8,30,0,14,27,136,177,0,26,26,203
01/29/2021,MEI,MS,ASO,ES,Federal Contract Tower,0,5,17,76,98,0,8,29,26,63,0,13,46,102,161,46,196,242,403
01/30/2021,MEI,MS,ASO,ES,Federal Contract Tower,0,2,9,19,30,0,5,17,13,35,0,7,26,32,65,36,0,36,101
01/31/2021,MEI,MS,ASO,ES,Federal Contract Tower,0,4,16,35,55,0,6,19,7,32,0,10,35,42,87,18,12,30,117
02/01/2021,MEI,MS,ASO,ES,Federal Contract Tower,0,6,18,94,118,0,4,15,16,35,0,10,33,110,153,0,138,138,291
02/02/2021,MEI,MS,ASO,ES,Federal Contract Tower,0,2,17,137,156,0,13,31,8,52,0,15,48,145,208,56,178,234,442
02/03/2021,MEI,MS,ASO,ES,Federal Contract Tower,0,4,4,101,109,0,7,32,19,58,0,11,36,120,167,30,136,166,333
02/04/2021,MEI,MS,ASO,ES,Federal Contract Tower,0,4,11,88,103,0,4,7,3,14,0,8,18,91,117,6,124,130,247
02/05/2021,MEI,MS,ASO,ES,Federal Contract Tower,0,5,22,94,121,0,3,23,2,28,0,8,45,96,149,46,64,110,259
02/06/2021,MEI,MS,ASO,ES,Federal Contract Tower,0,2,5,4,11,0,2,0,0,2,0,4,5,4,13,0,0,0,13
02/07/2021,MEI,MS,ASO,ES,Federal Contract Tower,0,6,16,17,39,0,8,7,0,15,0,14,23,17,54,28,0,28,82
02/08/2021,MEI,MS,ASO,ES,Federal Contract Tower,0,5,13,110,128,0,9,16,11,36,0,14,29,121,164,64,164,228,392
02/09/2021,MEI,MS,ASO,ES,Federal Contract Tower,0,3,10,173,186,0,10,9,12,31,0,13,19,185,217,58,221,279,496
02/10/2021,MEI,MS,ASO,ES,Federal Contract Tower,0,6,8,84,98,0,2,14,14,30,0,8,22,98,128,36,264,300,428
02/11/2021,MEI,MS,ASO,ES,Federal Contract Tower,0,5,3,1,9,0,0,0,0,0,0,5,3,1,9,0,0,0,9
02/12/2021,MEI,MS,ASO,ES,Federal Contract Tower,0,4,6,69,79,0,0,0,0,0,0,4,6,69,79,0,0,0,79
02/13/2021,MEI,MS,ASO,ES,Federal Contract Tower,0,2,4,38,44,0,0,0,0,0,0,2,4,38,44,0,0,0,44
02/14/2021,MEI,MS,ASO,ES,Federal Contract Tower,0,4,7,2,13,0,0,0,0,0,0,4,7,2,13,0,0,0,13
02/17/2021,MEI,MS,ASO,ES,Federal Contract Tower,0,0,4,5,9,0,4,5,3,12,0,4,9,8,21,0,0,0,21
02/18/2021,MEI,MS,ASO,ES,Federal Contract Tower,0,0,1,27,28,0,0,0,0,0,0,0,1,27,28,0,0,0,28
02/19/2021,MEI,MS,ASO,ES,Federal Contract Tower,0,5,11,106,122,0,0,7,23,30,0,5,18,129,152,26,178,204,356
02/20/2021,MEI,MS,ASO,ES,Federal Contract Tower,0,2,11,12,25,0,17,39,4,60,0,19,50,16,85,48,10,58,143
02/21/2021,MEI,MS,ASO,ES,Federal Contract Tower,0,4,14,44,62,0,12,28,8,48,0,16,42,52,110,34,18,52,162
02/22/2021,MEI,MS,ASO,ES,Federal Contract Tower,0,4,13,42,59,0,6,11,4,21,0,10,24,46,80,16,4,20,100
02/23/2021,MEI,MS,ASO,ES,Federal Contract Tower,0,4,13,115,132,0,5,21,18,44,0,9,34,133,176,61,159,220,396
02/24/2021,MEI,MS,ASO,ES,Federal Contract Tower,0,4,28,115,147,0,12,32,22,66,0,16,60,137,213,52,270,322,535
02/25/2021,MEI,MS,ASO,ES,Federal Contract Tower,0,4,25,64,93,0,0,10,15,25,0,4,35,79,118,0,14,14,132
02/26/2021,MEI,MS,ASO,ES,Federal Contract Tower,0,5,14,119,138,0,2,12,9,23,0,7,26,128,161,48,114,162,323
02/27/2021,MEI,MS,ASO,ES,Federal Contract Tower,0,4,10,12,26,0,8,52,3,63,0,12,62,15,89,104,22,126,215
02/28/2021,MEI,MS,ASO,ES,Federal Contract Tower,0,6,12,34,52,0,0,15,0,15,0,6,27,34,67,12,22,34,101
03/01/2021,MEI,MS,ASO,ES,Federal Contract Tower,0,3,18,116,137,0,4,0,0,4,0,7,18,116,141,0,0,0,141
03/02/2021,MEI,MS,ASO,ES,Federal Contract Tower,0,4,17,71,92,0,0,0,0,0,0,4,17,71,92,0,0,0,92
03/03/2021,MEI,MS,ASO,ES,Federal Contract Tower,0,4,18,132,154,0,4,27,25,56,0,8,45,157,210,28,210,238,448
03/04/2021,MEI,MS,ASO,ES,Federal Contract Tower,0,4,18,111,133,0,14,60,44,118,0,18,78,155,251,38,124,162,413
03/05/2021,MEI,MS,ASO,ES,Federal Contract Tower,0,6,12,104,122,0,4,36,41,81,0,10,48,145,203,42,210,252,455
03/06/2021,MEI,MS,ASO,ES,Federal Contract Tower,0,4,20,53,77,0,4,32,23,59,0,8,52,76,136,80,48,128,264
03/07/2021,MEI,MS,ASO,ES,Federal Contract Tower,0,6,17,41,64,0,10,38,7,55,0,16,55,48,119,22,56,78,197
03/08/2021,MEI,MS,ASO,ES,Federal Contract Tower,0,4,16,79,99,0,9,24,10,43,0,13,40,89,142,30,232,262,404
03/09/2021,MEI,MS,ASO,ES,Federal Contract Tower,0,2,13,94,109,0,2,15,31,48,0,4,28,125,157,26,200,226,383
03/10/2021,MEI,MS,ASO,ES,Federal Contract Tower,0,7,23,58,88,0,6,16,25,47,0,13,39,83,135,87,114,201,336
03/11/2021,MEI,MS,ASO,ES,Federal Contract Tower,0,5,21,150,176,0,11,31,14,56,0,16,52,164,232,58,157,215,447
03/12/2021,MEI,MS,ASO,ES,Federal Contract Tower,0,6,33,168,207,0,7,20,18,45,0,13,53,186,252,32,208,240,492
03/13/2021,MEI,MS,ASO,ES,Federal Contract Tower,0,3,19,15,37,0,11,26,6,43,0,14,45,21,80,108,96,204,284
03/14/2021,MEI,MS,ASO,ES,Federal Contract Tower,0,4,17,33,54,0,9,16,1,26,0,13,33,34,80,18,20,38,118
03/15/2021,MEI,MS,ASO,ES,Federal Contract Tower,0,4,11,59,74,0,4,3,24,31,0,8,14,83,105,0,36,36,141
03/16/2021,MEI,MS,ASO,ES,Federal Contract Tower,0,2,16,0,18,0,0,0,2,2,0,2,16,2,20,0,0,0,20
03/17/2021,MEI,MS,ASO,ES,Federal Contract Tower,0,3,13,14,30,0,0,0,0,0,0,3,13,14,30,0,0,0,30
03/18/2021,MEI,MS,ASO,ES,Federal Contract Tower,0,5,39,97,141,0,12,11,27,50,0,17,50,124,191,0,84,84,275
03/19/2021,MEI,MS,ASO,ES,Federal Contract Tower,0,6,30,224,260,0,6,19,8,33,0,12,49,232,293,12,40,52,345
03/20/2021,MEI,MS,ASO,ES,Federal Contract Tower,0,5,19,25,49,0,4,31,6,41,0,9,50,31,90,48,12,60,150
03/21/2021,MEI,MS,ASO,ES,Federal Contract Tower,0,3,5,8,16,0,2,38,23,63,0,5,43,31,79,24,28,52,131
03/22/2021,MEI,MS,ASO,ES,Federal Contract Tower,0,8,18,87,113,0,0,26,10,36,0,8,44,97,149,68,170,238,387
03/23/2021,MEI,MS,ASO,ES,Federal Contract Tower,0,2,5,7,14,0,4,5,1,10,0,6,10,8,24,0,0,0,24
03/24/2021,MEI,MS,ASO,ES,Federal Contract Tower,0,4,17,88,109,0,6,9,8,23,0,10,26,96,132,0,10,10,142
03/25/2021,MEI,MS,ASO,ES,Federal Contract Tower,0,6,2,0,8,0,0,0,0,0,0,6,2,0,8,0,0,0,8
03/26/2021,MEI,MS,ASO,ES,Federal Contract Tower,0,5,28,128,161,0,11,31,20,62,0,16,59,148,223,36,50,86,309
03/27/2021,MEI,MS,ASO,ES,Federal Contract Tower,0,4,13,34,51,0,9,7,1,17,0,13,20,35,68,30,37,67,135
03/28/2021,MEI,MS,ASO,ES,Federal Contract Tower,0,4,11,56,71,0,10,7,9,26,0,14,18,65,97,22,22,44,141
03/29/2021,MEI,MS,ASO,ES,Federal Contract Tower,0,4,6,105,115,0,4,23,17,44,0,8,29,122,159,14,138,152,311
03/30/2021,MEI,MS,ASO,ES,Federal Contract Tower,0,2,8,92,102,0,5,7,14,26,0,7,15,106,128,14,164,178,306
03/31/2021,MEI,MS,ASO,ES,Federal Contract Tower,0,6,7,44,57,0,0,0,2,2,0,6,7,46,59,0,0,0,59
04/01/2021,MEI,MS,ASO,ES,Federal Contract Tower,0,7,24,176,207,0,6,24,60,90,0,13,48,236,297,22,218,240,537
04/02/2021,MEI,MS,ASO,ES,Federal Contract Tower,0,4,29,51,84,0,11,49,25,85,0,15,78,76,169,60,64,124,293
04/03/2021,MEI,MS,ASO,ES,Federal Contract Tower,0,2,14,8,24,0,15,71,6,92,0,17,85,14,116,96,12,108,224
04/04/2021,MEI,MS,ASO,ES,Federal Contract Tower,0,4,9,20,33,0,3,20,0,23,0,7,29,20,56,52,22,74,130
04/05/2021,MEI,MS,ASO,ES,Federal Contract Tower,0,6,25,82,113,0,12,47,6,65,0,18,72,88,178,52,136,188,366
04/06/2021,MEI,MS,ASO,ES,Federal Contract Tower,0,3,14,92,109,0,0,30,15,45,0,3,44,107,154,46,104,150,304
04/07/2021,MEI,MS,ASO,ES,Federal Contract Tower,0,4,8,83,95,0,3,33,4,40,0,7,41,87,135,50,196,246,381
04/08/2021,MEI,MS,ASO,ES,Federal Contract Tower,0,4,17,133,154,0,4,20,25,49,0,8,37,158,203,10,176,186,389
04/09/2021,MEI,MS,ASO,ES,Federal Contract Tower,0,5,9,37,51,0,16,19,3,38,0,21,28,40,89,4,56,60,149
04/10/2021,MEI,MS,ASO,ES,Federal Contract Tower,0,4,19,27,50,0,8,34,16,58,0,12,53,43,108,52,12,64,172
04/11/2021,MEI,MS,ASO,ES,Federal Contract Tower,0,4,7,28,39,0,11,55,6,72,0,15,62,34,111,36,10,46,157
04/12/2021,MEI,MS,ASO,ES,Federal Contract Tower,0,4,15,155,174,0,9,36,7,52,0,13,51,162,226,44,224,268,494
04/13/2021,MEI,MS,ASO,ES,Federal Contract Tower,0,1,31,176,208,0,6,19,18,43,0,7,50,194,251,22,230,252,503
04/14/2021,MEI,MS,ASO,ES,Federal Contract Tower,0,5,4,60,69,0,1,0,4,5,0,6,4,64,74,2,58,60,134
04/15/2021,MEI,MS,ASO,ES,Federal Contract Tower,0,5,21,142,168,0,12,40,33,85,0,17,61,175,253,28,110,138,391
04/16/2021,MEI,MS,ASO,ES,Federal Contract Tower,0,4,30,92,126,0,5,27,29,61,0,9,57,121,187,62,242,304,491
04/17/2021,MEI,MS,ASO,ES,Federal Contract Tower,0,2,15,10,27,0,8,23,12,43,0,10,38,22,70,42,44,86,156
04/18/2021,MEI,MS,ASO,ES,Federal Contract Tower,0,4,22,44,70,0,13,37,14,64,0,17,59,58,134,28,16,44,178
04/19/2021,MEI,MS,ASO,ES,Federal Contract Tower,0,6,10,67,83,0,0,26,36,62,0,6,36,103,145,32,134,166,311
04/20/2021,MEI,MS,ASO,ES,Federal Contract Tower,0,4,6,120,130,0,7,14,11,32,0,11,20,131,162,2,112,114,276
04/21/2021,MEI,MS,ASO,ES,Federal Contract Tower,0,4,19,81,104,0,4,33,28,65,0,8,52,109,169,52,114,166,335
04/22/2021,MEI,MS,ASO,ES,Federal Contract Tower,0,6,21,139,166,0,6,40,26,72,0,12,61,165,238,46,210,256,494
04/23/2021,MEI,MS,ASO,ES,Federal Contract Tower,0,4,9,187,200,0,8,21,13,42,0,12,30,200,242,32,170,202,444
04/24/2021,MEI,MS,ASO,ES,Federal Contract Tower,0,3,3,14,20,0,2,2,8,12,0,5,5,22,32,0,22,22,54
04/25/2021,MEI,MS,ASO,ES,Federal Contract Tower,0,5,11,52,68,0,0,34,56,90,0,5,45,108,158,20,32,52,210
04/26/2021,MEI,MS,ASO,ES,Federal Contract Tower,0,5,17,163,185,0,2,20,40,62,0,7,37,203,247,0,150,150,397
04/27/2021,MEI,MS,ASO,ES,Federal Contract Tower,0,4,10,150,164,0,2,8,22,32,0,6,18,172,196,26,122,148,344
04/28/2021,MEI,MS,ASO,ES,Federal Contract Tower,0,5,16,139,160,0,10,28,35,73,0,15,44,174,233,32,184,216,449
04/29/2021,MEI,MS,ASO,ES,Federal Contract Tower,0,4,16,177,197,0,3,7,1,11,0,7,23,178,208,0,126,126,334
05/01/2021,MEI,MS,ASO,ES,Federal Contract Tower,0,2,13,8,23,0,12,41,5,58,0,14,54,13,81,86,52,138,219
05/02/2021,MEI,MS,ASO,ES,Federal Contract Tower,0,4,10,24,38,0,6,2,1,9,0,10,12,25,47,0,0,0,47
05/03/2021,MEI,MS,ASO,ES,Federal Contract Tower,0,5,18,57,80,0,5,2,1,8,0,10,20,58,88,0,4,4,92
05/04/2021,MEI,MS,ASO,ES,Federal Contract Tower,0,3,4,8,15,0,0,1,1,2,0,3,5,9,17,0,6,6,23
05/05/2021,MEI,MS,ASO,ES,Federal Contract Tower,0,5,16,89,110,0,4,16,10,30,0,9,32,99,140,12,66,78,218
05/06/2021,MEI,MS,ASO,ES,Federal Contract Tower,0,4,18,114,136,0,21,31,43,95,0,25,49,157,231,28,194,222,453
05/07/2021,MEI,MS,ASO,ES,Federal Contract Tower,0,4,17,90,111,0,10,45,11,66,0,14,62,101,177,66,206,272,449
05/08/2021,MEI,MS,ASO,ES,Federal Contract Tower,0,2,7,14,23,0,1,17,1,19,0,3,24,15,42,20,4,24,66
05/09/2021,MEI,MS,ASO,ES,Federal Contract Tower,0,4,8,47,59,0,0,9,1,10,0,4,17,48,69,0,8,8,77
05/10/2021,MEI,MS,ASO,ES,Federal Contract Tower,0,3,6,108,117,0,3,5,1,9,0,6,11,109,126,0,32,32,158
05/11/2021,MEI,MS,ASO,ES,Federal Contract Tower,0,5,7,45,57,0,2,0,0,2,0,7,7,45,59,0,0,0,59
05/12/2021,MEI,MS,ASO,ES,Federal Contract Tower,0,6,14,55,75,0,4,8,12,24,0,10,22,67,99,10,62,72,171
05/13/2021,MEI,MS,ASO,ES,Federal Contract Tower,0,5,16,85,106,0,7,23,85,115,0,12,39,170,221,24,94,118,339
05/14/2021,MEI,MS,ASO,ES,Federal Contract Tower,0,4,12,104,120,0,13,31,16,60,0,17,43,120,180,58,260,318,498
05/15/2021,MEI,MS,ASO,ES,Federal Contract Tower,0,2,21,25,48,0,14,32,6,52,0,16,53,31,100,56,18,74,174
05/16/2021,MEI,MS,ASO,ES,Federal Contract Tower,0,4,15,31,50,0,15,19,5,39,0,19,34,36,89,30,20,50,139
05/17/2021,MEI,MS,ASO,ES,Federal Contract Tower,0,4,14,103,121,0,5,7,0,12,0,9,21,103,133,32,72,104,237
05/18/2021,MEI,MS,ASO,ES,Federal Contract Tower,0,3,13,101,117,0,2,4,14,20,0,5,17,115,137,6,78,84,221
05/19/2021,MEI,MS,ASO,ES,Federal Contract Tower,0,4,19,113,136,0,6,15,7,28,0,10,34,120,164,12,207,219,383
05/20/2021,MEI,MS,ASO,ES,Federal Contract Tower,0,4,17,111,132,0,12,26,11,49,0,16,43,122,181,20,192,212,393
05/21/2021,MEI,MS,ASO,ES,Federal Contract Tower,0,4,11,69,84,0,14,18,28,60,0,18,29,97,144,50,163,213,357
05/22/2021,MEI,MS,ASO,ES,Federal Contract Tower,0,1,23,17,41,0,16,32,11,59,0,17,55,28,100,92,24,116,216
05/23/2021,MEI,MS,ASO,ES,Federal Contract Tower,0,5,13,33,51,0,2,28,5,35,0,7,41,38,86,94,0,94,180
05/24/2021,MEI,MS,ASO,ES,Federal Contract Tower,0,6,16,61,83,0,10,19,14,43,0,16,35,75,126,74,116,190,316
05/25/2021,MEI,MS,ASO,ES,Federal Contract Tower,0,2,8,126,136,0,9,17,37,63,0,11,25,163,199,10,216,226,425
05/26/2021,MEI,MS,ASO,ES,Federal Contract Tower,0,4,21,111,136,0,8,24,10,42,0,12,45,121,178,8,146,154,332
05/27/2021,MEI,MS,ASO,ES,Federal Contract Tower,0,5,30,102,137,0,17,26,29,72,0,22,56,131,209,32,248,280,489
05/28/2021,MEI,MS,ASO,ES,Federal Contract Tower,0,7,36,32,75,0,20,24,9,53,0,27,60,41,128,26,34,60,188
05/29/2021,MEI,MS,ASO,ES,Federal Contract Tower,0,2,26,7,35,0,16,43,6,65,0,18,69,13,100,98,6,104,204
05/30/2021,MEI,MS,ASO,ES,Federal Contract Tower,0,4,6,18,28,0,26,31,0,57,0,30,37,18,85,66,0,66,151
05/31/2021,MEI,MS,ASO,ES,Federal Contract Tower,0,4,7,9,20,0,5,36,0,41,0,9,43,9,61,62,8,70,131
06/01/2021,MEI,MS,ASO,ES,Federal Contract Tower,0,2,9,125,136,0,5,33,34,72,0,7,42,159,208,6,138,144,352
06/02/2021,MEI,MS,ASO,ES,Federal Contract Tower,0,4,17,54,75,0,4,11,5,20,0,8,28,59,95,8,68,76,171
06/03/2021,MEI,MS,ASO,ES,Federal Contract Tower,0,4,14,97,115,0,4,15,71,90,0,8,29,168,205,74,240,314,519
06/04/2021,MEI,MS,ASO,ES,Federal Contract Tower,0,8,14,97,119,0,8,26,35,69,0,16,40,132,188,44,200,244,432
06/05/2021,MEI,MS,ASO,ES,Federal Contract Tower,0,2,14,34,50,0,15,26,14,55,0,17,40,48,105,96,58,154,259
06/06/2021,MEI,MS,ASO,ES,Federal Contract Tower,0,6,10,2,18,0,1,0,0,1,0,7,10,2,19,0,0,0,19
06/07/2021,MEI,MS,ASO,ES,Federal Contract Tower,0,12,9,74,95,0,2,2,8,12,0,14,11,82,107,0,82,82,189
06/08/2021,MEI,MS,ASO,ES,Federal Contract Tower,0,4,24,124,152,0,6,3,3,12,0,10,27,127,164,2,96,98,262
06/09/2021,MEI,MS,ASO,ES,Federal Contract Tower,0,4,37,68,109,0,12,14,5,31,0,16,51,73,140,12,62,74,214
06/10/2021,MEI,MS,ASO,ES,Federal Contract Tower,0,6,7,77,90,0,5,10,6,21,0,11,17,83,111,20,98,118,229
06/11/2021,MEI,MS,ASO,ES,Federal Contract Tower,0,7,8,82,97,0,13,20,17,50,0,20,28,99,147,32,278,310,457
06/12/2021,MEI,MS,ASO,ES,Federal Contract Tower,0,6,18,55,79,0,16,37,16,69,0,22,55,71,148,74,134,208,356
06/13/2021,MEI,MS,ASO,ES,Federal Contract Tower,0,3,21,29,53,0,3,18,13,34,0,6,39,42,87,22,18,40,127
06/14/2021,MEI,MS,ASO,ES,Federal Contract Tower,0,3,16,63,82,0,5,29,2,36,0,8,45,65,118,20,88,108,226
06/15/2021,MEI,MS,ASO,ES,Federal Contract Tower,0,1,11,142,154,0,11,23,16,50,0,12,34,158,204,0,192,192,396
06/16/2021,MEI,MS,ASO,ES,Federal Contract Tower,0,5,31,78,114,0,5,37,13,55,0,10,68,91,169,58,162,220,389
06/17/2021,MEI,MS,ASO,ES,Federal Contract Tower,0,4,19,100,123,0,5,14,12,31,0,9,33,112,154,0,190,190,344
06/18/2021,MEI,MS,ASO,ES,Federal Contract Tower,0,6,19,41,66,0,4,30,10,44,0,10,49,51,110,70,70,140,250
06/19/2021,MEI,MS,ASO,ES,Federal Contract Tower,0,1,0,6,7,0,0,0,0,0,0,1,0,6,7,0,0,0,7
06/20/2021,MEI,MS,ASO,ES,Federal Contract Tower,0,7,22,8,37,0,9,15,0,24,0,16,37,8,61,14,10,24,85
06/21/2021,MEI,MS,ASO,ES,Federal Contract Tower,0,4,15,69,88,0,7,3,6,16,0,11,18,75,104,0,2,2,106
06/22/2021,MEI,MS,ASO,ES,Federal Contract Tower,0,2,24,86,112,0,0,4,9,13,0,2,28,95,125,18,54,72,197
06/23/2021,MEI,MS,ASO,ES,Federal Contract Tower,0,6,17,94,117,0,2,18,8,28,0,8,35,102,145,40,144,184,329
06/24/2021,MEI,MS,ASO,ES,Federal Contract Tower,0,5,20,111,136,0,6,36,18,60,0,11,56,129,196,56,172,228,424
06/25/2021,MEI,MS,ASO,ES,Federal Contract Tower,0,3,15,92,110,0,7,36,24,67,0,10,51,116,177,98,134,232,409
06/26/2021,MEI,MS,ASO,ES,Federal Contract Tower,0,3,7,12,22,0,12,43,18,73,0,15,50,30,95,76,82,158,253
06/27/2021,MEI,MS,ASO,ES,Federal Contract Tower,0,3,13,57,73,0,11,12,9,32,0,14,25,66,105,2,45,47,152
06/28/2021,MEI,MS,ASO,ES,Federal Contract Tower,0,4,20,80,104,0,12,32,10,54,0,16,52,90,158,90,246,336,494
06/29/2021,MEI,MS,ASO,ES,Federal Contract Tower,0,4,11,95,110,0,4,37,34,75,0,8,48,129,185,34,180,214,399
06/30/2021,MEI,MS,ASO,ES,Federal Contract Tower,0,4,13,111,128,0,7,28,6,41,0,11,41,117,169,28,204,232,401
07/01/2021,MEI,MS,ASO,ES,Federal Contract Tower,0,3,23,129,155,0,9,18,6,33,0,12,41,135,188,20,86,106,294
07/02/2021,MEI,MS,ASO,ES,Federal Contract Tower,0,5,14,25,44,0,6,3,0,9,0,11,17,25,53,0,0,0,53
07/03/2021,MEI,MS,ASO,ES,Federal Contract Tower,0,2,6,0,8,0,9,22,0,31,0,11,28,0,39,46,0,46,85
07/04/2021,MEI,MS,ASO,ES,Federal Contract Tower,0,3,6,0,9,0,10,34,0,44,0,13,40,0,53,108,0,108,161
07/05/2021,MEI,MS,ASO,ES,Federal Contract Tower,0,4,16,15,35,0,14,37,12,63,0,18,53,27,98,68,23,91,189
07/06/2021,MEI,MS,ASO,ES,Federal Contract Tower,0,2,11,125,138,0,6,23,17,46,0,8,34,142,184,16,130,146,330
07/07/2021,MEI,MS,ASO,ES,Federal Contract Tower,0,6,16,34,56,0,8,2,3,13,0,14,18,37,69,36,0,36,105
07/08/2021,MEI,MS,ASO,ES,Federal Contract Tower,0,4,14,139,157,0,6,25,9,40,0,10,39,148,197,0,110,110,307
07/09/2021,MEI,MS,ASO,ES,Federal Contract Tower,0,5,21,153,179,0,8,9,16,33,0,13,30,169,212,48,88,136,348
07/10/2021,MEI,MS,ASO,ES,Federal Contract Tower,0,3,5,17,25,0,7,16,2,25,0,10,21,19,50,20,24,44,94
07/11/2021,MEI,MS,ASO,ES,Federal Contract Tower,0,4,18,27,49,0,0,5,14,19,0,4,23,41,68,0,6,6,74
07/12/2021,MEI,MS,ASO,ES,Federal Contract Tower,0,4,4,131,139,0,5,2,0,7,0,9,6,131,146,0,20,20,166
07/13/2021,MEI,MS,ASO,ES,Federal Contract Tower,0,4,10,74,88,0,8,20,9,37,0,12,30,83,125,0,15,15,140
07/14/2021,MEI,MS,ASO,ES,Federal Contract Tower,0,8,12,79,99,0,7,25,20,52,0,15,37,99,151,54,333,387,538
07/15/2021,MEI,MS,ASO,ES,Federal Contract Tower,0,3,20,175,198,0,14,24,20,58,0,17,44,195,256,22,166,188,444
07/16/2021,MEI,MS,ASO,ES,Federal Contract Tower,0,5,9,54,68,0,1,15,9,25,0,6,24,63,93,38,160,198,291
07/17/2021,MEI,MS,ASO,ES,Federal Contract Tower,0,2,3,1,6,0,0,9,0,9,0,2,12,1,15,16,0,16,31
07/18/2021,MEI,MS,ASO,ES,Federal Contract Tower,0,4,12,19,35,0,2,6,0,8,0,6,18,19,43,24,0,24,67
07/19/2021,MEI,MS,ASO,ES,Federal Contract Tower,0,3,3,40,46,0,6,0,5,11,0,9,3,45,57,0,26,26,83
07/20/2021,MEI,MS,ASO,ES,Federal Contract Tower,0,2,8,81,91,0,8,19,22,49,0,10,27,103,140,24,90,114,254
07/21/2021,MEI,MS,ASO,ES,Federal Contract Tower,0,4,19,82,105,0,6,9,10,25,0,10,28,92,130,18,84,102,232
07/22/2021,MEI,MS,ASO,ES,Federal Contract Tower,0,3,26,97,126,0,9,21,12,42,0,12,47,109,168,18,116,134,302
07/23/2021,MEI,MS,ASO,ES,Federal Contract Tower,0,3,15,74,92,0,2,22,12,36,0,5,37,86,128,16,170,186,314
07/24/2021,MEI,MS,ASO,ES,Federal Contract Tower,0,1,9,22,32,0,5,18,9,32,0,6,27,31,64,34,18,52,116
07/25/2021,MEI,MS,ASO,ES,Federal Contract Tower,0,5,19,111,135,0,7,35,18,60,0,12,54,129,195,67,84,151,346
07/26/2021,MEI,MS,ASO,ES,Federal Contract Tower,0,5,14,201,220,0,18,34,35,87,0,23,48,236,307,40,206,246,553
07/27/2021,MEI,MS,ASO,ES,Federal Contract Tower,0,5,15,151,171,0,12,27,40,79,0,17,42,191,250,54,259,313,563
07/28/2021,MEI,MS,ASO,ES,Federal Contract Tower,0,6,7,105,118,0,10,15,10,35,0,16,22,115,153,20,112,132,285
07/29/2021,MEI,MS,ASO,ES,Federal Contract Tower,0,4,20,148,172,0,4,26,4,34,0,8,46,152,206,72,304,376,582
07/30/2021,MEI,MS,ASO,ES,Federal Contract Tower,0,4,7,168,179,0,3,22,24,49,0,7,29,192,228,64,264,328,556
07/31/2021,MEI,MS,ASO,ES,Federal Contract Tower,0,4,6,21,31,0,8,16,1,25,0,12,22,22,56,4,50,54,110
08/01/2021,MEI,MS,ASO,ES,Federal Contract Tower,0,3,9,37,49,0,8,31,10,49,0,11,40,47,98,0,66,66,164
08/02/2021,MEI,MS,ASO,ES,Federal Contract Tower,0,6,10,26,42,0,5,22,9,36,0,11,32,35,78,10,100,110,188
08/03/2021,MEI,MS,ASO,ES,Federal Contract Tower,0,17,30,189,236,0,12,19,28,59,0,29,49,217,295,30,214,244,539
08/04/2021,MEI,MS,ASO,ES,Federal Contract Tower,0,5,24,127,156,0,17,20,14,51,0,22,44,141,207,50,282,332,539
08/05/2021,MEI,MS,ASO,ES,Federal Contract Tower,0,4,22,156,182,0,16,17,11,44,0,20,39,167,226,28,138,166,392
08/06/2021,MEI,MS,ASO,ES,Federal Contract Tower,0,4,15,114,133,0,7,17,81,105,0,11,32,195,238,38,110,148,386
08/07/2021,MEI,MS,ASO,ES,Federal Contract Tower,0,2,10,20,32,0,2,18,8,28,0,4,28,28,60,28,26,54,114
08/08/2021,MEI,MS,ASO,ES,Federal Contract Tower,0,4,13,38,55,0,11,29,4,44,0,15,42,42,99,8,66,74,173
08/09/2021,MEI,MS,ASO,ES,Federal Contract Tower,0,6,19,120,145,0,22,30,14,66,0,28,49,134,211,36,224,260,471
08/10/2021,MEI,MS,ASO,ES,Federal Contract Tower,0,6,21,110,137,0,16,23,48,87,0,22,44,158,224,28,234,262,486
08/11/2021,MEI,MS,ASO,ES,Federal Contract Tower,0,3,1,30,34,0,6,22,61,89,0,9,23,91,123,12,128,140,263
08/12/2021,MEI,MS,ASO,ES,Federal Contract Tower,0,5,18,100,123,0,5,22,14,41,0,10,40,114,164,18,192,210,374
08/13/2021,MEI,MS,ASO,ES,Federal Contract Tower,0,5,18,111,134,0,4,27,16,47,0,9,45,127,181,60,168,228,409
08/14/2021,MEI,MS,ASO,ES,Federal Contract Tower,0,2,5,14,21,0,5,20,4,29,0,7,25,18,50,29,30,59,109
08/15/2021,MEI,MS,ASO,ES,Federal Contract Tower,0,5,10,85,100,0,7,18,32,57,0,12,28,117,157,30,78,108,265
08/16/2021,MEI,MS,ASO,ES,Federal Contract Tower,0,5,10,71,86,0,8,23,16,47,0,13,33,87,133,30,210,240,373
08/17/2021,MEI,MS,ASO,ES,Federal Contract Tower,0,1,25,26,52,0,12,23,11,46,0,13,48,37,98,22,38,60,158
08/18/2021,MEI,MS,ASO,ES,Federal Contract Tower,0,0,6,27,33,0,3,20,11,34,0,3,26,38,67,18,26,44,111
08/19/2021,MEI,MS,ASO,ES,Federal Contract Tower,0,2,7,8,17,0,4,15,42,61,0,6,22,50,78,0,0,0,78
08/20/2021,MEI,MS,ASO,ES,Federal Contract Tower,0,0,4,4,8,0,10,18,8,36,0,10,22,12,44,30,12,42,86
08/21/2021,MEI,MS,ASO,ES,Federal Contract Tower,0,2,3,0,5,0,6,17,0,23,0,8,20,0,28,4,0,4,32
08/22/2021,MEI,MS,ASO,ES,Federal Contract Tower,0,0,8,0,8,0,5,15,0,20,0,5,23,0,28,0,0,0,28
08/23/2021,MEI,MS,ASO,ES,Federal Contract Tower,0,0,10,2,12,0,19,25,0,44,0,19,35,2,56,18,14,32,88
08/24/2021,MEI,MS,ASO,ES,Federal Contract Tower,0,0,17,117,134,0,11,30,24,65,0,11,47,141,199,30,114,144,343
08/25/2021,MEI,MS,ASO,ES,Federal Contract Tower,0,4,14,83,101,0,2,26,6,34,0,6,40,89,135,24,180,204,339
08/26/2021,MEI,MS,ASO,ES,Federal Contract Tower,0,3,10,131,144,0,4,10,17,31,0,7,20,148,175,44,96,140,315
08/27/2021,MEI,MS,ASO,ES,Federal Contract Tower,0,2,16,52,70,0,6,19,6,31,0,8,35,58,101,36,110,146,247
08/28/2021,MEI,MS,ASO,ES,Federal Contract Tower,0,2,12,13,27,0,12,7,3,22,0,14,19,16,49,8,6,14,63
08/29/2021,MEI,MS,ASO,ES,Federal Contract Tower,0,3,6,13,22,0,2,0,0,2,0,5,6,13,24,0,0,0,24
08/30/2021,MEI,MS,ASO,ES,Federal Contract Tower,0,1,2,0,3,0,0,0,0,0,0,1,2,0,3,0,0,0,3
08/31/2021,MEI,MS,ASO,ES,Federal Contract Tower,0,1,8,58,67,0,5,4,34,43,0,6,12,92,110,10,92,102,212
09/01/2021,MEI,MS,ASO,ES,Federal Contract Tower,0,3,10,97,110,0,14,11,4,29,0,17,21,101,139,10,184,194,333
09/02/2021,MEI,MS,ASO,ES,Federal Contract Tower,0,4,16,87,107,0,6,19,9,34,0,10,35,96,141,10,58,68,209
09/03/2021,MEI,MS,ASO,ES,Federal Contract Tower,0,3,14,41,58,0,5,38,5,48,0,8,52,46,106,34,12,46,152
09/04/2021,MEI,MS,ASO,ES,Federal Contract Tower,0,3,9,12,24,0,10,25,2,37,0,13,34,14,61,38,16,54,115
09/05/2021,MEI,MS,ASO,ES,Federal Contract Tower,0,6,7,8,21,0,6,25,2,33,0,12,32,10,54,4,14,18,72
09/06/2021,MEI,MS,ASO,ES,Federal Contract Tower,0,3,14,8,25,0,3,17,8,28,0,6,31,16,53,22,40,62,115
09/07/2021,MEI,MS,ASO,ES,Federal Contract Tower,0,4,14,122,140,0,16,18,14,48,0,20,32,136,188,22,176,198,386
09/08/2021,MEI,MS,ASO,ES,Federal Contract Tower,0,6,4,59,69,0,5,18,5,28,0,11,22,64,97,6,162,168,265
09/09/2021,MEI,MS,ASO,ES,Federal Contract Tower,0,3,11,83,97,0,4,19,13,36,0,7,30,96,133,0,176,176,309
09/10/2021,MEI,MS,ASO,ES,Federal Contract Tower,0,6,13,90,109,0,9,24,13,46,0,15,37,103,155,61,252,313,468
09/11/2021,MEI,MS,ASO,ES,Federal Contract Tower,0,2,10,17,29,0,3,21,4,28,0,5,31,21,57,44,20,64,121
09/12/2021,MEI,MS,ASO,ES,Federal Contract Tower,0,4,16,30,50,0,14,24,6,44,0,18,40,36,94,18,118,136,230
09/13/2021,MEI,MS,ASO,ES,Federal Contract Tower,0,4,19,132,155,0,10,15,5,30,0,14,34,137,185,20,310,330,515
09/14/2021,MEI,MS,ASO,ES,Federal Contract Tower,0,3,16,114,133,0,10,4,0,14,0,13,20,114,147,8,190,198,345
09/15/2021,MEI,MS,ASO,ES,Federal Contract Tower,0,4,4,24,32,0,0,0,0,0,0,4,4,24,32,0,0,0,32
09/16/2021,MEI,MS,ASO,ES,Federal Contract Tower,0,4,13,46,63,0,0,5,0,5,0,4,18,46,68,6,14,20,88
09/17/2021,MEI,MS,ASO,ES,Federal Contract Tower,0,6,21,61,88,0,6,1,6,13,0,12,22,67,101,4,100,104,205
09/18/2021,MEI,MS,ASO,ES,Federal Contract Tower,0,4,8,14,26,0,0,0,3,3,0,4,8,17,29,0,0,0,29
09/19/2021,MEI,MS,ASO,ES,Federal Contract Tower,0,4,14,15,33,0,3,12,5,20,0,7,26,20,53,0,34,34,87
09/20/2021,MEI,MS,ASO,ES,Federal Contract Tower,0,4,9,57,70,0,0,5,1,6,0,4,14,58,76,0,134,134,210
09/21/2021,MEI,MS,ASO,ES,Federal Contract Tower,0,2,9,92,103,0,3,1,0,4,0,5,10,92,107,0,214,214,321
09/22/2021,MEI,MS,ASO,ES,Federal Contract Tower,0,4,26,133,163,0,11,21,14,46,0,15,47,147,209,0,226,226,435
09/23/2021,MEI,MS,ASO,ES,Federal Contract Tower,0,5,21,84,110,0,1,32,10,43,0,6,53,94,153,74,254,328,481
09/24/2021,MEI,MS,ASO,ES,Federal Contract Tower,0,4,16,96,116,0,3,30,15,48,0,7,46,111,164,36,164,200,364
09/25/2021,MEI,MS,ASO,ES,Federal Contract Tower,0,2,4,8,14,0,1,32,0,33,0,3,36,8,47,20,10,30,77
09/26/2021,MEI,MS,ASO,ES,Federal Contract Tower,0,4,16,8,28,0,4,39,0,43,0,8,55,8,71,10,9,19,90
09/27/2021,MEI,MS,ASO,ES,Federal Contract Tower,0,7,19,84,110,4,29,15,0,48,4,36,34,84,158,52,232,284,442
09/28/2021,MEI,MS,ASO,ES,Federal Contract Tower,0,2,20,40,62,0,2,11,7,20,0,4,31,47,82,4,68,72,154
09/29/2021,MEI,MS,ASO,ES,Federal Contract Tower,0,4,13,35,52,0,0,6,0,6,0,4,19,35,58,20,4,24,82
09/30/2021,MEI,MS,ASO,ES,Federal Contract Tower,0,9,17,79,105,0,4,8,39,51,0,13,25,118,156,0,50,50,206
10/01/2021,MEI,MS,ASO,ES,Federal Contract Tower,0,7,15,57,79,0,7,15,4,26,0,14,30,61,105,0,139,139,244
10/02/2021,MEI,MS,ASO,ES,Federal Contract Tower,0,2,11,11,24,0,6,7,0,13,0,8,18,11,37,0,10,10,47
10/03/2021,MEI,MS,ASO,ES,Federal Contract Tower,0,3,22,16,41,0,4,3,3,10,0,7,25,19,51,20,40,60,111
10/04/2021,MEI,MS,ASO,ES,Federal Contract Tower,0,7,13,101,121,0,7,8,2,17,0,14,21,103,138,24,134,158,296
10/05/2021,MEI,MS,ASO,ES,Federal Contract Tower,0,2,6,94,102,0,9,5,5,19,0,11,11,99,121,0,152,152,273
10/06/2021,MEI,MS,ASO,ES,Federal Contract Tower,0,6,16,101,123,0,4,15,6,25,0,10,31,107,148,80,278,358,506
10/07/2021,MEI,MS,ASO,ES,Federal Contract Tower,0,5,11,101,117,0,0,22,9,31,0,5,33,110,148,34,358,392,540
10/08/2021,MEI,MS,ASO,ES,Federal Contract Tower,0,4,22,79,105,0,4,33,18,55,0,8,55,97,160,54,266,320,480
10/09/2021,MEI,MS,ASO,ES,Federal Contract Tower,0,2,3,5,10,0,0,38,6,44,0,2,41,11,54,28,38,66,120
10/10/2021,MEI,MS,ASO,ES,Federal Contract Tower,0,6,15,6,27,0,5,26,3,34,0,11,41,9,61,88,42,130,191
10/11/2021,MEI,MS,ASO,ES,Federal Contract Tower,0,4,14,18,36,0,10,31,4,45,0,14,45,22,81,78,20,98,179
10/12/2021,MEI,MS,ASO,ES,Federal Contract Tower,0,2,32,147,181,0,11,30,24,65,0,13,62,171,246,80,326,406,652
10/13/2021,MEI,MS,ASO,ES,Federal Contract Tower,0,5,23,115,143,0,12,31,39,82,0,17,54,154,225,42,200,242,467
10/14/2021,MEI,MS,ASO,ES,Federal Contract Tower,0,5,24,68,97,0,5,24,15,44,0,10,48,83,141,0,232,232,373
10/15/2021,MEI,MS,ASO,ES,Federal Contract Tower,0,6,22,115,143,0,7,12,7,26,0,13,34,122,169,40,68,108,277
10/16/2021,MEI,MS,ASO,ES,Federal Contract Tower,0,2,3,24,29,0,10,13,11,34,0,12,16,35,63,6,72,78,141
10/17/2021,MEI,MS,ASO,ES,Federal Contract Tower,0,4,25,44,73,0,6,20,4,30,0,10,45,48,103,40,38,78,181
10/18/2021,MEI,MS,ASO,ES,Federal Contract Tower,0,4,19,142,165,0,7,10,10,27,0,11,29,152,192,0,130,130,322
10/19/2021,MEI,MS,ASO,ES,Federal Contract Tower,0,5,15,213,233,0,8,34,10,52,0,13,49,223,285,21,320,341,626
10/20/2021,MEI,MS,ASO,ES,Federal Contract Tower,0,6,14,110,130,0,4,22,19,45,0,10,36,129,175,36,194,230,405
10/21/2021,MEI,MS,ASO,ES,Federal Contract Tower,0,2,11,101,114,0,3,6,2,11,0,5,17,103,125,6,138,144,269
10/22/2021,MEI,MS,ASO,ES,Federal Contract Tower,0,4,15,71,90,0,10,26,17,53,0,14,41,88,143,52,64,116,259
10/23/2021,MEI,MS,ASO,ES,Federal Contract Tower,0,2,6,14,22,0,7,35,2,44,0,9,41,16,66,60,24,84,150
10/24/2021,MEI,MS,ASO,ES,Federal Contract Tower,0,4,24,28,56,0,4,22,5,31,0,8,46,33,87,40,16,56,143
10/25/2021,MEI,MS,ASO,ES,Federal Contract Tower,0,4,18,53,75,0,9,5,2,16,0,13,23,55,91,10,12,22,113
10/26/2021,MEI,MS,ASO,ES,Federal Contract Tower,0,4,12,50,66,0,7,33,14,54,0,11,45,64,120,18,118,136,256
10/27/2021,MEI,MS,ASO,ES,Federal Contract Tower,0,4,16,86,106,0,0,19,4,23,0,4,35,90,129,16,222,238,367
10/28/2021,MEI,MS,ASO,ES,Federal Contract Tower,0,4,12,127,143,0,6,8,6,20,0,10,20,133,163,12,236,248,411
10/29/2021,MEI,MS,ASO,ES,Federal Contract Tower,0,4,8,70,82,0,0,1,0,1,0,4,9,70,83,0,8,8,91
10/30/2021,MEI,MS,ASO,ES,Federal Contract Tower,0,3,14,6,23,0,8,7,0,15,0,11,21,6,38,0,28,28,66
10/31/2021,MEI,MS,ASO,ES,Federal Contract Tower,0,4,7,9,20,0,2,20,4,26,0,6,27,13,46,0,30,30,76
11/01/2021,MEI,MS,ASO,ES,Federal Contract Tower,0,5,12,96,113,0,5,6,12,23,0,10,18,108,136,8,120,128,264
11/02/2021,MEI,MS,ASO,ES,Federal Contract Tower,0,2,15,108,125,0,0,16,19,35,0,2,31,127,160,12,216,228,388
11/03/2021,MEI,MS,ASO,ES,Federal Contract Tower,0,4,23,202,229,0,0,20,28,48,0,4,43,230,277,6,358,364,641
11/04/2021,MEI,MS,ASO,ES,Federal Contract Tower,0,4,17,67,88,0,5,5,2,12,0,9,22,69,100,7,80,87,187
11/05/2021,MEI,MS,ASO,ES,Federal Contract Tower,0,5,12,101,118,0,9,11,3,23,0,14,23,104,141,0,98,98,239
11/06/2021,MEI,MS,ASO,ES,Federal Contract Tower,0,2,5,17,24,0,20,22,7,49,0,22,27,24,73,34,24,58,131
11/07/2021,MEI,MS,ASO,ES,Federal Contract Tower,0,2,16,42,60,0,0,23,10,33,0,2,39,52,93,6,118,124,217
11/08/2021,MEI,MS,ASO,ES,Federal Contract Tower,0,9,15,157,181,0,5,18,36,59,0,14,33,193,240,4,196,200,440
11/09/2021,MEI,MS,ASO,ES,Federal Contract Tower,0,2,14,166,182,0,8,15,12,35,0,10,29,178,217,18,290,308,525
11/10/2021,MEI,MS,ASO,ES,Federal Contract Tower,0,5,23,178,206,0,3,17,17,37,0,8,40,195,243,12,352,364,607
11/11/2021,MEI,MS,ASO,ES,Federal Contract Tower,0,3,14,22,39,0,6,14,6,26,0,9,28,28,65,20,22,42,107
11/12/2021,MEI,MS,ASO,ES,Federal Contract Tower,0,5,24,62,91,0,7,35,14,56,0,12,59,76,147,46,118,164,311
11/13/2021,MEI,MS,ASO,ES,Federal Contract Tower,0,2,15,10,27,0,12,20,2,34,0,14,35,12,61,6,12,18,79
11/14/2021,MEI,MS,ASO,ES,Federal Contract Tower,0,5,10,29,44,0,3,33,4,40,0,8,43,33,84,10,6,16,100
11/15/2021,MEI,MS,ASO,ES,Federal Contract Tower,0,4,10,141,155,0,2,21,26,49,0,6,31,167,204,32,198,230,434
11/16/2021,MEI,MS,ASO,ES,Federal Contract Tower,0,2,13,127,142,0,2,23,26,51,0,4,36,153,193,20,250,270,463
11/17/2021,MEI,MS,ASO,ES,Federal Contract Tower,0,8,19,181,208,0,7,26,24,57,0,15,45,205,265,102,468,570,835
11/18/2021,MEI,MS,ASO,ES,Federal Contract Tower,0,5,20,61,86,0,1,2,47,50,0,6,22,108,136,0,26,26,162
11/19/2021,MEI,MS,ASO,ES,Federal Contract Tower,0,6,12,35,53,0,6,12,17,35,0,12,24,52,88,20,208,228,316
11/20/2021,MEI,MS,ASO,ES,Federal Contract Tower,0,6,13,12,31,0,19,29,5,53,0,25,42,17,84,22,12,34,118
11/21/2021,MEI,MS,ASO,ES,Federal Contract Tower,0,6,20,37,63,0,2,16,7,25,0,8,36,44,88,0,14,14,102
11/22/2021,MEI,MS,ASO,ES,Federal Contract Tower,0,4,12,100,116,0,3,20,11,34,0,7,32,111,150,4,164,168,318
11/23/2021,MEI,MS,ASO,ES,Federal Contract Tower,0,4,22,125,151,0,2,22,27,51,0,6,44,152,202,24,344,368,570
11/24/2021,MEI,MS,ASO,ES,Federal Contract Tower,0,6,17,43,66,0,8,27,2,37,0,14,44,45,103,0,92,92,195
11/25/2021,MEI,MS,ASO,ES,Federal Contract Tower,0,2,3,0,5,0,4,7,0,11,0,6,10,0,16,22,0,22,38
11/26/2021,MEI,MS,ASO,ES,Federal Contract Tower,0,4,12,2,18,0,13,29,2,44,0,17,41,4,62,56,4,60,122
11/27/2021,MEI,MS,ASO,ES,Federal Contract Tower,0,4,17,9,30,0,4,36,3,43,0,8,53,12,73,58,8,66,139
11/28/2021,MEI,MS,ASO,ES,Federal Contract Tower,0,6,44,4,54,0,11,6,0,17,0,17,50,4,71,0,0,0,71
11/29/2021,MEI,MS,ASO,ES,Federal Contract Tower,0,4,19,102,125,0,4,14,10,28,0,8,33,112,153,0,86,86,239
11/30/2021,MEI,MS,ASO,ES,Federal Contract Tower,0,4,8,54,66,0,8,15,15,38,0,12,23,69,104,32,24,56,160
12/01/2021,MEI,MS,ASO,ES,Federal Contract Tower,1,4,13,132,150,0,9,41,18,68,1,13,54,150,218,61,188,249,467
12/02/2021,MEI,MS,ASO,ES,Federal Contract Tower,0,5,17,135,157,0,13,34,64,111,0,18,51,199,268,18,248,266,534
12/03/2021,MEI,MS,ASO,ES,Federal Contract Tower,0,4,9,93,106,0,12,38,10,60,0,16,47,103,166,66,204,270,436
12/04/2021,MEI,MS,ASO,ES,Federal Contract Tower,0,2,10,41,53,0,7,28,20,55,0,9,38,61,108,34,122,156,264
12/05/2021,MEI,MS,ASO,ES,Federal Contract Tower,0,3,14,80,97,0,3,9,5,17,0,6,23,85,114,0,18,18,132
12/06/2021,MEI,MS,ASO,ES,Federal Contract Tower,0,4,9,13,26,0,0,0,0,0,0,4,9,13,26,0,0,0,26
12/07/2021,MEI,MS,ASO,ES,Federal Contract Tower,0,4,15,173,192,0,2,1,0,3,0,6,16,173,195,0,14,14,209
12/08/2021,MEI,MS,ASO,ES,Federal Contract Tower,0,5,10,104,119,0,2,8,25,35,0,7,18,129,154,18,58,76,230
12/09/2021,MEI,MS,ASO,ES,Federal Contract Tower,0,6,29,99,134,0,9,8,11,28,0,15,37,110,162,8,66,74,236
12/10/2021,MEI,MS,ASO,ES,Federal Contract Tower,0,4,12,100,116,0,10,4,4,18,0,14,16,104,134,0,0,0,134
12/11/2021,MEI,MS,ASO,ES,Federal Contract Tower,0,2,13,1,16,0,10,9,0,19,0,12,22,1,35,22,0,22,57
12/12/2021,MEI,MS,ASO,ES,Federal Contract Tower,0,6,23,64,93,0,8,28,6,42,0,14,51,70,135,16,8,24,159
12/13/2021,MEI,MS,ASO,ES,Federal Contract Tower,0,5,27,128,160,0,7,38,17,62,0,12,65,145,222,32,76,108,330
12/14/2021,MEI,MS,ASO,ES,Federal Contract Tower,0,2,24,125,151,0,6,25,9,40,0,8,49,134,191,22,118,140,331
12/15/2021,MEI,MS,ASO,ES,Federal Contract Tower,0,5,24,84,113,0,5,30,13,48,0,10,54,97,161,14,96,110,271
12/16/2021,MEI,MS,ASO,ES,Federal Contract Tower,0,6,15,57,78,0,0,12,3,15,0,6,27,60,93,29,20,49,142
12/17/2021,MEI,MS,ASO,ES,Federal Contract Tower,0,4,21,34,59,0,4,7,0,11,0,8,28,34,70,40,58,98,168
12/18/2021,MEI,MS,ASO,ES,Federal Contract Tower,0,5,0,18,23,0,0,0,0,0,0,5,0,18,23,0,0,0,23
12/19/2021,MEI,MS,ASO,ES,Federal Contract Tower,0,4,22,23,49,0,0,14,0,14,0,4,36,23,63,0,6,6,69
12/20/2021,MEI,MS,ASO,ES,Federal Contract Tower,4,5,14,52,75,0,11,2,6,19,4,16,16,58,94,0,0,0,94
12/21/2021,MEI,MS,ASO,ES,Federal Contract Tower,0,2,16,26,44,0,3,6,19,28,0,5,22,45,72,0,66,66,138
12/22/2021,MEI,MS,ASO,ES,Federal Contract Tower,0,4,17,84,105,0,5,30,4,39,0,9,47,88,144,18,188,206,350
12/23/2021,MEI,MS,ASO,ES,Federal Contract Tower,0,7,27,2,36,0,12,31,0,43,0,19,58,2,79,50,0,50,129
12/24/2021,MEI,MS,ASO,ES,Federal Contract Tower,0,4,14,0,18,0,6,22,0,28,0,10,36,0,46,18,0,18,64
12/25/2021,MEI,MS,ASO,ES,Federal Contract Tower,0,4,6,0,10,0,14,15,0,29,0,18,21,0,39,0,0,0,39
12/26/2021,MEI,MS,ASO,ES,Federal Contract Tower,0,4,25,0,29,0,10,6,0,16,0,14,31,0,45,36,0,36,81
12/27/2021,MEI,MS,ASO,ES,Federal Contract Tower,0,5,21,18,44,0,9,22,0,31,0,14,43,18,75,78,12,90,165
12/28/2021,MEI,MS,ASO,ES,Federal Contract Tower,0,7,13,0,20,0,14,10,0,24,0,21,23,0,44,8,0,8,52
12/29/2021,MEI,MS,ASO,ES,Federal Contract Tower,0,4,15,16,35,0,5,2,0,7,0,9,17,16,42,0,0,0,42
12/30/2021,MEI,MS,ASO,ES,Federal Contract Tower,0,9,12,4,25,0,1,0,0,1,0,10,12,4,26,0,0,0,26
12/31/2021,MEI,MS,ASO,ES,Federal Contract Tower,0,8,16,0,24,0,6,9,0,15,0,14,25,0,39,0,0,0,39
01/01/2022,MEI,MS,ASO,ES,Federal Contract Tower,0,4,8,0,12,0,0,1,0,1,0,4,9,0,13,0,0,0,13
01/02/2022,MEI,MS,ASO,ES,Federal Contract Tower,0,7,8,0,15,0,0,1,0,1,0,7,9,0,16,12,0,12,28
01/03/2022,MEI,MS,ASO,ES,Federal Contract Tower,0,6,18,8,32,0,2,3,0,5,0,8,21,8,37,12,4,16,53
01/04/2022,MEI,MS,ASO,ES,Federal Contract Tower,0,2,8,128,138,0,9,15,12,36,0,11,23,140,174,0,132,132,306
01/05/2022,MEI,MS,ASO,ES,Federal Contract Tower,0,4,21,103,128,0,13,10,28,51,0,17,31,131,179,30,160,190,369
01/06/2022,MEI,MS,ASO,ES,Federal Contract Tower,0,6,12,121,139,0,4,10,63,77,0,10,22,184,216,0,66,66,282
01/07/2022,MEI,MS,ASO,ES,Federal Contract Tower,0,5,17,137,159,0,9,40,34,83,0,14,57,171,242,14,196,210,452
01/08/2022,MEI,MS,ASO,ES,Federal Contract Tower,0,2,15,37,54,0,11,23,31,65,0,13,38,68,119,50,144,194,313
01/09/2022,MEI,MS,ASO,ES,Federal Contract Tower,0,5,4,3,12,0,0,1,0,1,0,5,5,3,13,0,0,0,13
01/10/2022,MEI,MS,ASO,ES,Federal Contract Tower,0,6,11,96,113,0,10,18,12,40,0,16,29,108,153,0,144,144,297
01/11/2022,MEI,MS,ASO,ES,Federal Contract Tower,0,3,9,157,169,0,8,20,19,47,0,11,29,176,216,0,142,142,358
01/12/2022,MEI,MS,ASO,ES,Federal Contract Tower,0,9,14,96,119,0,9,20,32,61,0,18,34,128,180,14,82,96,276
01/13/2022,MEI,MS,ASO,ES,Federal Contract Tower,0,3,6,103,112,0,2,16,51,69,0,5,22,154,181,26,288,314,495
01/14/2022,MEI,MS,ASO,ES,Federal Contract Tower,0,5,18,127,150,0,9,23,19,51,0,14,41,146,201,30,238,268,469
01/15/2022,MEI,MS,ASO,ES,Federal Contract Tower,0,2,9,5,16,0,2,7,2,11,0,4,16,7,27,12,26,38,65
01/16/2022,MEI,MS,ASO,ES,Federal Contract Tower,0,5,10,0,15,0,0,0,0,0,0,5,10,0,15,0,0,0,15
01/17/2022,MEI,MS,ASO,ES,Federal Contract Tower,0,3,19,23,45,0,6,19,1,26,0,9,38,24,71,10,94,104,175
01/18/2022,MEI,MS,ASO,ES,Federal Contract Tower,0,2,11,134,147,0,9,15,44,68,0,11,26,178,215,130,222,352,567
01/19/2022,MEI,MS,ASO,ES,Federal Contract Tower,0,4,12,120,136,0,10,5,10,25,0,14,17,130,161,24,66,90,251
01/20/2022,MEI,MS,ASO,ES,Federal Contract Tower,0,4,5,54,63,0,3,0,9,12,0,7,5,63,75,0,118,118,193
01/21/2022,MEI,MS,ASO,ES,Federal Contract Tower,0,6,14,184,204,0,8,20,23,51,0,14,34,207,255,14,294,308,563
01/22/2022,MEI,MS,ASO,ES,Federal Contract Tower,0,2,15,16,33,0,8,47,14,69,0,10,62,30,102,82,18,100,202
01/23/2022,MEI,MS,ASO,ES,Federal Contract Tower,0,4,14,28,46,0,5,18,1,24,0,9,32,29,70,6,24,30,100
01/24/2022,MEI,MS,ASO,ES,Federal Contract Tower,0,4,11,101,116,0,3,13,5,21,0,7,24,106,137,22,134,156,293
01/25/2022,MEI,MS,ASO,ES,Federal Contract Tower,0,4,11,67,82,0,3,2,6,11,0,7,13,73,93,0,66,66,159
01/26/2022,MEI,MS,ASO,ES,Federal Contract Tower,0,4,17,106,127,0,3,11,25,39,0,7,28,131,166,0,144,144,310
01/27/2022,MEI,MS,ASO,ES,Federal Contract Tower,0,4,9,103,116,0,11,20,21,52,0,15,29,124,168,8,164,172,340
01/28/2022,MEI,MS,ASO,ES,Federal Contract Tower,0,6,16,78,100,0,4,12,6,22,0,10,28,84,122,20,148,168,290
01/29/2022,MEI,MS,ASO,ES,Federal Contract Tower,0,3,20,26,49,0,17,26,14,57,0,20,46,40,106,62,16,78,184
01/30/2022,MEI,MS,ASO,ES,Federal Contract Tower,0,4,5,19,28,0,4,16,2,22,0,8,21,21,50,22,26,48,98
01/31/2022,MEI,MS,ASO,ES,Federal Contract Tower,0,3,18,92,113,0,9,20,7,36,0,12,38,99,149,8,118,126,275
02/01/2022,MEI,MS,ASO,ES,Federal Contract Tower,0,3,33,89,125,0,10,5,22,37,0,13,38,111,162,0,182,182,344
02/02/2022,MEI,MS,ASO,ES,Federal Contract Tower,0,5,15,26,46,0,0,0,0,0,0,5,15,26,46,0,0,0,46
02/03/2022,MEI,MS,ASO,ES,Federal Contract Tower,0,6,0,0,6,0,0,0,0,0,0,6,0,0,6,0,0,0,6
02/04/2022,MEI,MS,ASO,ES,Federal Contract Tower,0,4,10,9,23,0,2,0,0,2,0,6,10,9,25,0,0,0,25
02/05/2022,MEI,MS,ASO,ES,Federal Contract Tower,0,2,15,9,26,0,6,38,0,44,0,8,53,9,70,64,18,82,152
02/06/2022,MEI,MS,ASO,ES,Federal Contract Tower,0,4,15,14,33,0,3,22,0,25,0,7,37,14,58,26,0,26,84
02/07/2022,MEI,MS,ASO,ES,Federal Contract Tower,0,4,6,124,134,0,3,20,4,27,0,7,26,128,161,8,168,176,337
02/08/2022,MEI,MS,ASO,ES,Federal Contract Tower,0,2,19,124,145,0,3,18,14,35,0,5,37,138,180,0,220,220,400
02/09/2022,MEI,MS,ASO,ES,Federal Contract Tower,0,4,25,119,148,0,4,18,15,37,0,8,43,134,185,18,346,364,549
02/10/2022,MEI,MS,ASO,ES,Federal Contract Tower,0,5,21,87,113,0,4,16,21,41,0,9,37,108,154,34,140,174,328
02/11/2022,MEI,MS,ASO,ES,Federal Contract Tower,0,4,26,77,107,0,15,42,14,71,0,19,68,91,178,42,193,235,413
02/12/2022,MEI,MS,ASO,ES,Federal Contract Tower,0,3,19,51,73,0,11,41,14,66,0,14,60,65,139,78,28,106,245
02/13/2022,MEI,MS,ASO,ES,Federal Contract Tower,0,3,15,25,43,0,2,4,7,13,0,5,19,32,56,0,12,12,68
02/14/2022,MEI,MS,ASO,ES,Federal Contract Tower,0,4,16,103,123,0,4,29,15,48,0,8,45,118,171,28,180,208,379
02/15/2022,MEI,MS,ASO,ES,Federal Contract Tower,0,1,20,202,223,0,8,14,34,56,0,9,34,236,279,2,182,184,463
02/16/2022,MEI,MS,ASO,ES,Federal Contract Tower,0,6,38,170,214,0,12,11,5,28,0,18,49,175,242,28,176,204,446
02/17/2022,MEI,MS,ASO,ES,Federal Contract Tower,0,5,9,16,30,0,2,1,0,3,0,7,10,16,33,0,0,0,33
02/18/2022,MEI,MS,ASO,ES,Federal Contract Tower,0,4,22,73,99,0,4,7,2,13,0,8,29,75,112,20,34,54,166
02/19/2022,MEI,MS,ASO,ES,Federal Contract Tower,0,2,16,22,40,0,4,36,10,50,0,6,52,32,90,148,48,196,286
02/20/2022,MEI,MS,ASO,ES,Federal Contract Tower,0,4,20,14,38,0,3,22,6,31,0,7,42,20,69,72,48,120,189
02/21/2022,MEI,MS,ASO,ES,Federal Contract Tower,0,6,11,8,25,0,3,1,0,4,0,9,12,8,29,0,0,0,29
02/22/2022,MEI,MS,ASO,ES,Federal Contract Tower,0,1,11,150,162,0,13,5,13,31,0,14,16,163,193,0,40,40,233
02/23/2022,MEI,MS,ASO,ES,Federal Contract Tower,0,5,13,140,158,0,0,4,2,6,0,5,17,142,164,4,36,40,204
02/24/2022,MEI,MS,ASO,ES,Federal Contract Tower,0,8,4,158,170,0,0,10,16,26,0,8,14,174,196,36,68,104,300
02/25/2022,MEI,MS,ASO,ES,Federal Contract Tower,0,4,27,122,153,0,12,10,2,24,0,16,37,124,177,26,110,136,313
02/26/2022,MEI,MS,ASO,ES,Federal Contract Tower,0,2,15,17,34,0,6,31,19,56,0,8,46,36,90,46,22,68,158
02/27/2022,MEI,MS,ASO,ES,Federal Contract Tower,0,6,12,33,51,0,0,5,0,5,0,6,17,33,56,0,24,24,80
02/28/2022,MEI,MS,ASO,ES,Federal Contract Tower,0,4,17,130,151,0,4,20,36,60,0,8,37,166,211,24,276,300,511
03/01/2022,MEI,MS,ASO,ES,Federal Contract Tower,0,3,19,107,129,0,8,15,30,53,0,11,34,137,182,0,290,290,472
03/02/2022,MEI,MS,ASO,ES,Federal Contract Tower,0,4,26,118,148,0,13,60,21,94,0,17,86,139,242,138,94,232,474
03/03/2022,MEI,MS,ASO,ES,Federal Contract Tower,0,4,15,117,136,0,6,53,20,79,0,10,68,137,215,89,109,198,413
03/04/2022,MEI,MS,ASO,ES,Federal Contract Tower,0,8,16,97,121,0,6,34,48,88,0,14,50,145,209,86,225,311,520
03/05/2022,MEI,MS,ASO,ES,Federal Contract Tower,0,4,15,7,26,0,15,30,16,61,0,19,45,23,87,24,0,24,111
03/06/2022,MEI,MS,ASO,ES,Federal Contract Tower,0,4,25,26,55,0,8,10,5,23,0,12,35,31,78,30,14,44,122
03/07/2022,MEI,MS,ASO,ES,Federal Contract Tower,0,5,7,114,126,0,1,1,8,10,0,6,8,122,136,0,96,96,232
03/08/2022,MEI,MS,ASO,ES,Federal Contract Tower,0,2,14,12,28,0,0,6,0,6,0,2,20,12,34,0,0,0,34
03/09/2022,MEI,MS,ASO,ES,Federal Contract Tower,0,4,22,19,45,0,4,10,23,37,0,8,32,42,82,0,0,0,82
03/10/2022,MEI,MS,ASO,ES,Federal Contract Tower,0,4,11,27,42,0,6,38,12,56,0,10,49,39,98,56,10,66,164
03/11/2022,MEI,MS,ASO,ES,Federal Contract Tower,0,7,15,41,63,0,2,20,6,28,0,9,35,47,91,48,0,48,139
03/12/2022,MEI,MS,ASO,ES,Federal Contract Tower,0,5,18,4,27,0,2,16,6,24,0,7,34,10,51,18,0,18,69
03/13/2022,MEI,MS,ASO,ES,Federal Contract Tower,0,8,15,27,50,0,5,27,11,43,0,13,42,38,93,40,12,52,145
03/14/2022,MEI,MS,ASO,ES,Federal Contract Tower,0,5,30,74,109,0,4,30,22,56,0,9,60,96,165,64,154,218,383
03/15/2022,MEI,MS,ASO,ES,Federal Contract Tower,0,2,3,44,49,0,2,0,0,2,0,4,3,44,51,0,0,0,51
03/16/2022,MEI,MS,ASO,ES,Federal Contract Tower,0,4,17,100,121,0,3,8,5,16,0,7,25,105,137,20,134,154,291
03/17/2022,MEI,MS,ASO,ES,Federal Contract Tower,0,6,17,61,84,0,8,38,15,61,0,14,55,76,145,142,90,232,377
03/18/2022,MEI,MS,ASO,ES,Federal Contract Tower,0,4,11,61,76,0,13,4,4,21,0,17,15,65,97,2,64,66,163
03/19/2022,MEI,MS,ASO,ES,Federal Contract Tower,0,4,6,3,13,0,1,18,3,22,0,5,24,6,35,10,0,10,45
03/20/2022,MEI,MS,ASO,ES,Federal Contract Tower,0,6,24,11,41,0,6,59,1,66,0,12,83,12,107,126,30,156,263
03/21/2022,MEI,MS,ASO,ES,Federal Contract Tower,0,5,17,78,100,0,3,13,12,28,0,8,30,90,128,20,160,180,308
03/22/2022,MEI,MS,ASO,ES,Federal Contract Tower,0,2,5,30,37,0,0,10,0,10,0,2,15,30,47,10,70,80,127
03/23/2022,MEI,MS,ASO,ES,Federal Contract Tower,0,4,32,71,107,0,10,14,25,49,0,14,46,96,156,38,188,226,382
03/24/2022,MEI,MS,ASO,ES,Federal Contract Tower,0,4,19,84,107,0,3,13,3,19,0,7,32,87,126,46,86,132,258
03/25/2022,MEI,MS,ASO,ES,Federal Contract Tower,0,4,13,46,63,0,6,13,10,29,0,10,26,56,92,26,20,46,138
03/26/2022,MEI,MS,ASO,ES,Federal Contract Tower,0,2,6,14,22,0,3,39,3,45,0,5,45,17,67,10,34,44,111
03/27/2022,MEI,MS,ASO,ES,Federal Contract Tower,0,6,13,13,32,0,0,20,24,44,0,6,33,37,76,12,18,30,106
03/28/2022,MEI,MS,ASO,ES,Federal Contract Tower,0,4,27,107,138,0,6,31,68,105,0,10,58,175,243,32,176,208,451
03/29/2022,MEI,MS,ASO,ES,Federal Contract Tower,0,6,26,88,120,0,7,25,61,93,0,13,51,149,213,72,84,156,369
03/30/2022,MEI,MS,ASO,ES,Federal Contract Tower,0,3,7,28,38,0,6,10,8,24,0,9,17,36,62,14,54,68,130
03/31/2022,MEI,MS,ASO,ES,Federal Contract Tower,0,5,24,87,116,0,1,16,19,36,0,6,40,106,152,22,32,54,206
04/01/2022,MEI,MS,ASO,ES,Federal Contract Tower,0,4,33,79,116,0,2,22,7,31,0,6,55,86,147,34,36,70,217
04/02/2022,MEI,MS,ASO,ES,Federal Contract Tower,0,2,8,4,14,0,2,21,5,28,0,4,29,9,42,18,38,56,98
04/03/2022,MEI,MS,ASO,ES,Federal Contract Tower,0,6,23,33,62,0,4,52,15,71,0,10,75,48,133,30,48,78,211
04/04/2022,MEI,MS,ASO,ES,Federal Contract Tower,0,10,12,73,95,0,4,29,5,38,0,14,41,78,133,70,138,208,341
04/05/2022,MEI,MS,ASO,ES,Federal Contract Tower,0,6,4,35,45,0,0,7,4,11,0,6,11,39,56,16,10,26,82
04/06/2022,MEI,MS,ASO,ES,Federal Contract Tower,0,8,16,51,75,0,1,1,2,4,0,9,17,53,79,8,20,28,107
04/07/2022,MEI,MS,ASO,ES,Federal Contract Tower,0,6,27,89,122,0,6,15,28,49,0,12,42,117,171,0,74,74,245
04/08/2022,MEI,MS,ASO,ES,Federal Contract Tower,0,6,18,80,104,0,10,10,19,39,0,16,28,99,143,28,68,96,239
04/09/2022,MEI,MS,ASO,ES,Federal Contract Tower,0,4,12,15,31,0,1,32,3,36,0,5,44,18,67,34,20,54,121
04/10/2022,MEI,MS,ASO,ES,Federal Contract Tower,0,8,20,36,64,0,5,20,5,30,0,13,40,41,94,26,4,30,124
04/11/2022,MEI,MS,ASO,ES,Federal Contract Tower,0,9,23,38,70,0,0,9,2,11,0,9,32,40,81,14,62,76,157
04/12/2022,MEI,MS,ASO,ES,Federal Contract Tower,0,3,25,87,115,0,4,9,8,21,0,7,34,95,136,36,76,112,248
04/13/2022,MEI,MS,ASO,ES,Federal Contract Tower,0,8,12,98,118,0,1,2,16,19,0,9,14,114,137,0,66,66,203
04/14/2022,MEI,MS,ASO,ES,Federal Contract Tower,0,6,16,108,130,0,2,18,18,38,0,8,34,126,168,54,200,254,422
04/15/2022,MEI,MS,ASO,ES,Federal Contract Tower,0,6,39,91,136,0,1,23,21,45,0,7,62,112,181,54,90,144,325
04/16/2022,MEI,MS,ASO,ES,Federal Contract Tower,0,5,0,1,6,0,0,0,0,0,0,5,0,1,6,0,0,0,6
04/17/2022,MEI,MS,ASO,ES,Federal Contract Tower,0,7,3,4,14,0,0,2,0,2,0,7,5,4,16,4,0,4,20
04/18/2022,MEI,MS,ASO,ES,Federal Contract Tower,0,6,17,86,109,0,3,7,2,12,0,9,24,88,121,10,24,34,155
04/19/2022,MEI,MS,ASO,ES,Federal Contract Tower,0,4,9,90,103,0,8,31,9,48,0,12,40,99,151,76,172,248,399
04/20/2022,MEI,MS,ASO,ES,Federal Contract Tower,0,6,12,133,151,0,13,14,12,39,0,19,26,145,190,0,234,234,424
04/21/2022,MEI,MS,ASO,ES,Federal Contract Tower,0,10,30,157,197,0,4,27,15,46,0,14,57,172,243,52,164,216,459
04/22/2022,MEI,MS,ASO,ES,Federal Contract Tower,0,6,9,89,104,0,7,25,19,51,0,13,34,108,155,66,180,246,401
04/23/2022,MEI,MS,ASO,ES,Federal Contract Tower,0,5,15,25,45,0,5,24,26,55,0,10,39,51,100,57,30,87,187
04/24/2022,MEI,MS,ASO,ES,Federal Contract Tower,0,7,26,28,61,0,0,13,6,19,0,7,39,34,80,6,12,18,98
04/25/2022,MEI,MS,ASO,ES,Federal Contract Tower,0,7,16,60,83,0,4,11,8,23,0,11,27,68,106,36,82,118,224
04/26/2022,MEI,MS,ASO,ES,Federal Contract Tower,0,2,31,74,107,0,7,13,21,41,0,9,44,95,148,10,14,24,172
04/27/2022,MEI,MS,ASO,ES,Federal Contract Tower,0,7,19,95,121,0,2,26,26,54,0,9,45,121,175,126,226,352,527
04/28/2022,MEI,MS,ASO,ES,Federal Contract Tower,0,6,10,91,107,0,2,11,13,26,0,8,21,104,133,68,80,148,281
04/29/2022,MEI,MS,ASO,ES,Federal Contract Tower,0,6,17,52,75,0,3,16,9,28,0,9,33,61,103,50,18,68,171
04/30/2022,MEI,MS,ASO,ES,Federal Contract Tower,0,5,31,12,48,0,3,8,8,19,0,8,39,20,67,0,12,12,79
05/01/2022,MEI,MS,ASO,ES,Federal Contract Tower,0,7,23,19,49,0,8,13,13,34,0,15,36,32,83,26,30,56,139
05/02/2022,MEI,MS,ASO,ES,Federal Contract Tower,0,8,33,70,111,0,10,19,8,37,0,18,52,78,148,64,92,156,304
05/03/2022,MEI,MS,ASO,ES,Federal Contract Tower,0,3,16,122,141,0,12,47,56,115,0,15,63,178,256,132,306,438,694
05/04/2022,MEI,MS,ASO,ES,Federal Contract Tower,0,7,27,64,98,0,5,14,9,28,0,12,41,73,126,12,100,112,238
05/05/2022,MEI,MS,ASO,ES,Federal Contract Tower,0,9,15,77,101,0,5,18,5,28,0,14,33,82,129,36,174,210,339
05/06/2022,MEI,MS,ASO,ES,Federal Contract Tower,0,9,15,77,101,0,5,18,5,28,0,14,33,82,129,36,174,210,339
05/07/2022,MEI,MS,ASO,ES,Federal Contract Tower,0,6,10,8,24,0,5,16,3,24,0,11,26,11,48,42,0,42,90
05/08/2022,MEI,MS,ASO,ES,Federal Contract Tower,0,7,18,30,55,0,8,33,18,59,0,15,51,48,114,34,48,82,196
05/09/2022,MEI,MS,ASO,ES,Federal Contract Tower,0,10,3,20,33,0,7,11,92,110,0,17,14,112,143,16,198,214,357
05/10/2022,MEI,MS,ASO,ES,Federal Contract Tower,0,6,34,185,225,0,7,37,20,64,0,13,71,205,289,82,174,256,545
05/11/2022,MEI,MS,ASO,ES,Federal Contract Tower,0,6,15,148,169,0,14,19,6,39,0,20,34,154,208,102,344,446,654
05/12/2022,MEI,MS,ASO,ES,Federal Contract Tower,0,5,10,116,131,0,3,19,15,37,0,8,29,131,168,36,222,258,426
05/13/2022,MEI,MS,ASO,ES,Federal Contract Tower,0,7,14,82,103,0,5,20,8,33,0,12,34,90,136,82,156,238,374
05/14/2022,MEI,MS,ASO,ES,Federal Contract Tower,0,6,6,13,25,0,18,16,2,36,0,24,22,15,61,22,36,58,119
05/15/2022,MEI,MS,ASO,ES,Federal Contract Tower,0,9,16,33,58,0,9,21,9,39,0,18,37,42,97,56,20,76,173
05/16/2022,MEI,MS,ASO,ES,Federal Contract Tower,0,10,16,157,183,0,9,19,28,56,0,19,35,185,239,36,284,320,559
05/17/2022,MEI,MS,ASO,ES,Federal Contract Tower,0,4,13,212,229,0,9,26,65,100,0,13,39,277,329,96,378,474,803
05/18/2022,MEI,MS,ASO,ES,Federal Contract Tower,0,6,20,193,219,0,6,20,21,47,0,12,40,214,266,141,274,415,681
05/19/2022,MEI,MS,ASO,ES,Federal Contract Tower,0,6,12,126,144,0,9,18,28,55,0,15,30,154,199,84,230,314,513
05/20/2022,MEI,MS,ASO,ES,Federal Contract Tower,0,8,20,65,93,0,4,20,6,30,0,12,40,71,123,54,226,280,403
05/21/2022,MEI,MS,ASO,ES,Federal Contract Tower,0,6,10,19,35,0,13,12,7,32,0,19,22,26,67,14,16,30,97
05/22/2022,MEI,MS,ASO,ES,Federal Contract Tower,0,10,8,23,41,0,6,13,8,27,0,16,21,31,68,28,20,48,116
05/23/2022,MEI,MS,ASO,ES,Federal Contract Tower,0,7,15,133,155,0,5,10,8,23,0,12,25,141,178,32,74,106,284
05/24/2022,MEI,MS,ASO,ES,Federal Contract Tower,0,4,7,55,66,0,2,12,22,36,0,6,19,77,102,20,82,102,204
05/25/2022,MEI,MS,ASO,ES,Federal Contract Tower,0,6,11,70,87,0,2,2,0,4,0,8,13,70,91,0,1,1,92
05/26/2022,MEI,MS,ASO,ES,Federal Contract Tower,0,7,24,110,141,0,2,26,9,37,0,9,50,119,178,102,92,194,372
05/27/2022,MEI,MS,ASO,ES,Federal Contract Tower,0,6,14,16,36,0,2,34,9,45,0,8,48,25,81,48,24,72,153
05/28/2022,MEI,MS,ASO,ES,Federal Contract Tower,0,5,9,5,19,0,6,35,5,46,0,11,44,10,65,132,12,144,209
05/29/2022,MEI,MS,ASO,ES,Federal Contract Tower,0,11,6,2,19,0,4,17,17,38,0,15,23,19,57,68,10,78,135
05/30/2022,MEI,MS,ASO,ES,Federal Contract Tower,0,8,18,29,55,0,11,24,25,60,0,19,42,54,115,40,40,80,195
05/31/2022,MEI,MS,ASO,ES,Federal Contract Tower,0,5,12,133,150,0,5,22,18,45,0,10,34,151,195,64,200,264,459
06/01/2022,MEI,MS,ASO,ES,Federal Contract Tower,0,5,15,114,134,0,3,32,14,49,0,8,47,128,183,96,244,340,523
06/02/2022,MEI,MS,ASO,ES,Federal Contract Tower,0,6,11,54,71,0,2,17,17,36,0,8,28,71,107,8,142,150,257
06/03/2022,MEI,MS,ASO,ES,Federal Contract Tower,0,6,9,32,47,0,0,5,2,7,0,6,14,34,54,18,16,34,88
06/04/2022,MEI,MS,ASO,ES,Federal Contract Tower,0,3,7,11,21,0,0,29,5,34,0,3,36,16,55,48,36,84,139
06/05/2022,MEI,MS,ASO,ES,Federal Contract Tower,0,6,28,48,82,0,4,24,15,43,0,10,52,63,125,32,60,92,217
06/06/2022,MEI,MS,ASO,ES,Federal Contract Tower,0,7,24,112,143,0,9,36,30,75,0,16,60,142,218,42,202,244,462
06/07/2022,MEI,MS,ASO,ES,Federal Contract Tower,0,7,29,144,180,0,7,15,28,50,0,14,44,172,230,34,272,306,536
06/08/2022,MEI,MS,ASO,ES,Federal Contract Tower,0,9,7,89,105,0,1,15,6,22,0,10,22,95,127,32,212,244,371
06/09/2022,MEI,MS,ASO,ES,Federal Contract Tower,0,8,16,137,161,0,6,20,13,39,0,14,36,150,200,40,334,374,574
06/10/2022,MEI,MS,ASO,ES,Federal Contract Tower,0,6,10,25,41,0,5,7,12,24,0,11,17,37,65,36,94,130,195
06/11/2022,MEI,MS,ASO,ES,Federal Contract Tower,0,4,9,12,25,0,1,15,9,25,0,5,24,21,50,58,6,64,114
06/12/2022,MEI,MS,ASO,ES,Federal Contract Tower,0,9,19,28,56,0,0,14,14,28,0,9,33,42,84,58,26,84,168
06/13/2022,MEI,MS,ASO,ES,Federal Contract Tower,0,8,21,75,104,0,5,30,4,39,0,13,51,79,143,115,140,255,398
06/14/2022,MEI,MS,ASO,ES,Federal Contract Tower,0,7,21,92,120,0,1,17,11,29,0,8,38,103,149,85,133,218,367
06/15/2022,MEI,MS,ASO,ES,Federal Contract Tower,0,9,11,99,119,0,8,9,9,26,0,17,20,108,145,22,221,243,388
06/16/2022,MEI,MS,ASO,ES,Federal Contract Tower,0,5,10,139,154,0,4,36,4,44,0,9,46,143,198,54,224,278,476
06/17/2022,MEI,MS,ASO,ES,Federal Contract Tower,0,7,15,103,125,0,0,21,10,31,0,7,36,113,156,4,114,118,274
06/18/2022,MEI,MS,ASO,ES,Federal Contract Tower,0,5,5,9,19,0,11,24,13,48,0,16,29,22,67,12,52,64,131
06/19/2022,MEI,MS,ASO,ES,Federal Contract Tower,0,8,9,8,25,0,2,7,7,16,0,10,16,15,41,12,64,76,117
06/20/2022,MEI,MS,ASO,ES,Federal Contract Tower,0,3,16,68,87,0,6,50,35,91,0,9,66,103,178,90,22,112,290
06/21/2022,MEI,MS,ASO,ES,Federal Contract Tower,0,7,13,160,180,0,8,102,12,122,0,15,115,172,302,92,140,232,534
06/22/2022,MEI,MS,ASO,ES,Federal Contract Tower,0,8,15,201,224,0,11,50,22,83,0,19,65,223,307,62,262,324,631
06/23/2022,MEI,MS,ASO,ES,Federal Contract Tower,0,6,23,164,193,0,7,34,56,97,0,13,57,220,290,138,96,234,524
06/24/2022,MEI,MS,ASO,ES,Federal Contract Tower,0,5,25,138,168,0,6,7,20,33,0,11,32,158,201,35,342,377,578
06/25/2022,MEI,MS,ASO,ES,Federal Contract Tower,0,3,6,10,19,0,7,14,3,24,0,10,20,13,43,43,7,50,93
06/26/2022,MEI,MS,ASO,ES,Federal Contract Tower,0,7,15,26,48,0,13,22,13,48,0,20,37,39,96,56,48,104,200
06/27/2022,MEI,MS,ASO,ES,Federal Contract Tower,0,5,9,55,69,0,10,15,0,25,0,15,24,55,94,21,65,86,180
06/28/2022,MEI,MS,ASO,ES,Federal Contract Tower,0,4,11,94,109,0,7,23,10,40,0,11,34,104,149,18,62,80,229
06/29/2022,MEI,MS,ASO,ES,Federal Contract Tower,0,6,28,90,124,0,9,25,18,52,0,15,53,108,176,36,182,218,394
06/30/2022,MEI,MS,ASO,ES,Federal Contract Tower,0,6,9,51,66,0,2,9,7,18,0,8,18,58,84,20,89,109,193
07/01/2022,MEI,MS,ASO,ES,Federal Contract Tower,0,7,12,42,61,0,3,6,2,11,0,10,18,44,72,8,0,8,80
07/02/2022,MEI,MS,ASO,ES,Federal Contract Tower,0,6,6,2,14,0,2,16,0,18,0,8,22,2,32,32,28,60,92
07/03/2022,MEI,MS,ASO,ES,Federal Contract Tower,0,7,4,8,19,0,7,18,0,25,0,14,22,8,44,60,60,120,164
07/04/2022,MEI,MS,ASO,ES,Federal Contract Tower,0,6,14,0,20,0,2,16,1,19,0,8,30,1,39,32,12,44,83
07/05/2022,MEI,MS,ASO,ES,Federal Contract Tower,0,8,29,40,77,0,10,10,10,30,0,18,39,50,107,20,22,42,149
07/06/2022,MEI,MS,ASO,ES,Federal Contract Tower,0,6,23,210,239,0,11,27,22,60,0,17,50,232,299,42,126,168,467
07/07/2022,MEI,MS,ASO,ES,Federal Contract Tower,0,5,28,142,175,0,7,32,23,62,0,12,60,165,237,46,190,236,473
07/08/2022,MEI,MS,ASO,ES,Federal Contract Tower,0,6,12,129,147,0,2,47,25,74,0,8,59,154,221,92,220,312,533
07/09/2022,MEI,MS,ASO,ES,Federal Contract Tower,0,5,11,25,41,0,9,32,4,45,0,14,43,29,86,130,84,214,300
07/10/2022,MEI,MS,ASO,ES,Federal Contract Tower,0,5,21,27,53,0,4,13,10,27,0,9,34,37,80,94,54,148,228
07/11/2022,MEI,MS,ASO,ES,Federal Contract Tower,0,5,8,140,153,0,7,32,20,59,0,12,40,160,212,148,158,306,518
07/12/2022,MEI,MS,ASO,ES,Federal Contract Tower,0,8,13,83,104,0,11,19,8,38,0,19,32,91,142,52,168,220,362
07/13/2022,MEI,MS,ASO,ES,Federal Contract Tower,0,4,14,62,80,0,11,23,3,37,0,15,37,65,117,44,82,126,243
07/14/2022,MEI,MS,ASO,ES,Federal Contract Tower,0,6,23,82,111,0,11,15,14,40,0,17,38,96,151,32,68,100,251
07/15/2022,MEI,MS,ASO,ES,Federal Contract Tower,0,5,22,119,146,0,10,21,17,48,0,15,43,136,194,32,158,190,384
07/16/2022,MEI,MS,ASO,ES,Federal Contract Tower,0,4,7,36,47,0,9,32,21,62,0,13,39,57,109,50,34,84,193
07/17/2022,MEI,MS,ASO,ES,Federal Contract Tower,0,5,8,19,32,0,3,14,6,23,0,8,22,25,55,34,51,85,140
07/18/2022,MEI,MS,ASO,ES,Federal Contract Tower,0,5,18,94,117,0,4,16,3,23,0,9,34,97,140,21,158,179,319
07/19/2022,MEI,MS,ASO,ES,Federal Contract Tower,0,6,27,124,157,0,6,17,10,33,0,12,44,134,190,58,116,174,364
07/20/2022,MEI,MS,ASO,ES,Federal Contract Tower,0,4,19,138,161,0,9,20,3,32,0,13,39,141,193,0,188,188,381
07/21/2022,MEI,MS,ASO,ES,Federal Contract Tower,0,4,14,65,83,0,4,14,33,51,0,8,28,98,134,38,171,209,343
07/22/2022,MEI,MS,ASO,ES,Federal Contract Tower,0,5,15,109,129,0,8,21,11,40,0,13,36,120,169,58,138,196,365
07/23/2022,MEI,MS,ASO,ES,Federal Contract Tower,0,4,10,0,14,0,4,28,0,32,0,8,38,0,46,64,0,64,110
07/24/2022,MEI,MS,ASO,ES,Federal Contract Tower,0,4,13,10,27,0,3,19,3,25,0,7,32,13,52,20,1,21,73
07/25/2022,MEI,MS,ASO,ES,Federal Contract Tower,0,4,15,52,71,0,5,9,4,18,0,9,24,56,89,12,20,32,121
07/26/2022,MEI,MS,ASO,ES,Federal Contract Tower,0,4,11,122,137,0,8,16,4,28,0,12,27,126,165,30,196,226,391
07/27/2022,MEI,MS,ASO,ES,Federal Contract Tower,0,4,15,98,117,0,18,49,30,97,0,22,64,128,214,94,240,334,548
07/28/2022,MEI,MS,ASO,ES,Federal Contract Tower,0,4,22,44,70,0,22,36,15,73,0,26,58,59,143,100,22,122,265
07/29/2022,MEI,MS,ASO,ES,Federal Contract Tower,0,4,20,96,120,0,4,18,25,47,0,8,38,121,167,60,98,158,325
07/30/2022,MEI,MS,ASO,ES,Federal Contract Tower,0,4,17,14,35,0,8,19,8,35,0,12,36,22,70,54,56,110,180
07/31/2022,MEI,MS,ASO,ES,Federal Contract Tower,0,5,9,1,15,0,13,24,1,38,0,18,33,2,53,58,0,58,111
08/01/2022,MEI,MS,ASO,ES,Federal Contract Tower,0,4,16,35,55,0,5,13,22,40,0,9,29,57,95,34,76,110,205
08/02/2022,MEI,MS,ASO,ES,Federal Contract Tower,0,0,0,0,0,0,0,0,0,0,0,0,0,0,0,79,44,123,123
08/03/2022,MEI,MS,ASO,ES,Federal Contract Tower,0,4,13,54,71,0,6,6,4,16,0,10,19,58,87,6,62,68,155
08/04/2022,MEI,MS,ASO,ES,Federal Contract Tower,0,6,14,83,103,0,6,25,36,67,0,12,39,119,170,174,38,212,382
08/05/2022,MEI,MS,ASO,ES,Federal Contract Tower,0,4,10,109,123,0,5,45,7,57,0,9,55,116,180,88,144,232,412
08/06/2022,MEI,MS,ASO,ES,Federal Contract Tower,0,4,11,16,31,0,8,30,16,54,0,12,41,32,85,48,60,108,193
08/07/2022,MEI,MS,ASO,ES,Federal Contract Tower,0,4,15,36,55,0,5,20,7,32,0,9,35,43,87,48,28,76,163
08/08/2022,MEI,MS,ASO,ES,Federal Contract Tower,0,4,4,87,95,0,2,9,13,24,0,6,13,100,119,38,10,48,167
08/09/2022,MEI,MS,ASO,ES,Federal Contract Tower,0,5,8,161,174,0,5,15,13,33,0,10,23,174,207,68,212,280,487
08/10/2022,MEI,MS,ASO,ES,Federal Contract Tower,0,4,10,80,94,0,4,15,11,30,0,8,25,91,124,20,236,256,380
08/11/2022,MEI,MS,ASO,ES,Federal Contract Tower,0,4,16,63,83,0,7,14,20,41,0,11,30,83,124,14,40,54,178
08/12/2022,MEI,MS,ASO,ES,Federal Contract Tower,0,8,26,126,160,0,12,22,24,58,0,20,48,150,218,36,128,164,382
08/13/2022,MEI,MS,ASO,ES,Federal Contract Tower,0,6,20,10,36,0,9,42,7,58,0,15,62,17,94,82,24,106,200
08/14/2022,MEI,MS,ASO,ES,Federal Contract Tower,0,4,10,32,46,0,0,18,5,23,0,4,28,37,69,32,2,34,103
08/15/2022,MEI,MS,ASO,ES,Federal Contract Tower,0,4,12,119,135,0,12,22,10,44,0,16,34,129,179,38,228,266,445
08/16/2022,MEI,MS,ASO,ES,Federal Contract Tower,0,4,12,75,91,0,5,10,15,30,0,9,22,90,121,64,82,146,267
08/17/2022,MEI,MS,ASO,ES,Federal Contract Tower,0,4,11,104,119,0,1,9,10,20,0,5,20,114,139,28,146,174,313
08/18/2022,MEI,MS,ASO,ES,Federal Contract Tower,0,4,17,63,84,0,6,19,7,32,0,10,36,70,116,102,36,138,254
08/19/2022,MEI,MS,ASO,ES,Federal Contract Tower,0,4,11,43,58,0,10,14,27,51,0,14,25,70,109,40,104,144,253
08/20/2022,MEI,MS,ASO,ES,Federal Contract Tower,0,4,15,1,20,0,0,23,0,23,0,4,38,1,43,32,0,32,75
08/21/2022,MEI,MS,ASO,ES,Federal Contract Tower,0,7,9,12,28,0,0,2,0,2,0,7,11,12,30,0,0,0,30
08/22/2022,MEI,MS,ASO,ES,Federal Contract Tower,0,5,2,7,14,0,0,2,0,2,0,5,4,7,16,0,0,0,16
08/23/2022,MEI,MS,ASO,ES,Federal Contract Tower,0,4,9,0,13,0,0,0,0,0,0,4,9,0,13,0,0,0,13
08/24/2022,MEI,MS,ASO,ES,Federal Contract Tower,0,4,8,14,26,0,0,2,0,2,0,4,10,14,28,6,0,6,34
08/25/2022,MEI,MS,ASO,ES,Federal Contract Tower,0,8,21,35,64,0,4,10,11,25,0,12,31,46,89,22,124,146,235
08/26/2022,MEI,MS,ASO,ES,Federal Contract Tower,0,5,17,77,99,0,4,14,5,23,0,9,31,82,122,32,26,58,180
08/27/2022,MEI,MS,ASO,ES,Federal Contract Tower,0,5,22,28,55,0,2,17,10,29,0,7,39,38,84,50,36,86,170
08/28/2022,MEI,MS,ASO,ES,Federal Contract Tower,0,5,15,23,43,0,13,22,6,41,0,18,37,29,84,42,4,46,130
08/29/2022,MEI,MS,ASO,ES,Federal Contract Tower,0,6,14,84,104,0,2,11,7,20,0,8,25,91,124,2,108,110,234
08/30/2022,MEI,MS,ASO,ES,Federal Contract Tower,0,4,9,77,90,0,8,8,10,26,0,12,17,87,116,8,94,102,218
08/31/2022,MEI,MS,ASO,ES,Federal Contract Tower,0,4,10,77,91,0,13,40,12,65,0,17,50,89,156,70,130,200,356
09/01/2022,MEI,MS,ASO,ES,Federal Contract Tower,0,4,17,104,125,0,3,54,13,70,0,7,71,117,195,107,206,313,508
09/02/2022,MEI,MS,ASO,ES,Federal Contract Tower,2,5,30,68,105,0,6,30,13,49,2,11,60,81,154,108,116,224,378
09/03/2022,MEI,MS,ASO,ES,Federal Contract Tower,0,5,12,38,55,0,12,33,7,52,0,17,45,45,107,100,28,128,235
09/04/2022,MEI,MS,ASO,ES,Federal Contract Tower,0,6,8,4,18,0,2,9,0,11,0,8,17,4,29,0,0,0,29
09/05/2022,MEI,MS,ASO,ES,Federal Contract Tower,0,8,12,13,33,0,7,15,0,22,0,15,27,13,55,0,0,0,55
09/06/2022,MEI,MS,ASO,ES,Federal Contract Tower,0,4,21,113,138,0,4,28,6,38,0,8,49,119,176,60,136,196,372
09/07/2022,MEI,MS,ASO,ES,Federal Contract Tower,0,8,15,66,89,0,6,35,37,78,0,14,50,103,167,66,26,92,259
09/08/2022,MEI,MS,ASO,ES,Federal Contract Tower,0,4,8,184,196,0,5,23,33,61,0,9,31,217,257,96,206,302,559
09/09/2022,MEI,MS,ASO,ES,Federal Contract Tower,0,4,15,76,95,0,2,19,6,27,0,6,34,82,122,20,144,164,286
09/10/2022,MEI,MS,ASO,ES,Federal Contract Tower,0,6,19,61,86,0,7,18,21,46,0,13,37,82,132,70,84,154,286
09/11/2022,MEI,MS,ASO,ES,Federal Contract Tower,0,4,22,71,97,0,0,20,11,31,0,4,42,82,128,26,70,96,224
09/12/2022,MEI,MS,ASO,ES,Federal Contract Tower,0,8,14,134,156,0,8,6,5,19,0,16,20,139,175,0,110,110,285
09/13/2022,MEI,MS,ASO,ES,Federal Contract Tower,0,4,16,135,155,0,6,26,18,50,0,10,42,153,205,12,40,52,257
09/14/2022,MEI,MS,ASO,ES,Federal Contract Tower,0,4,18,149,171,0,10,27,8,45,0,14,45,157,216,98,244,342,558
09/15/2022,MEI,MS,ASO,ES,Federal Contract Tower,0,4,14,124,142,0,8,27,5,40,0,12,41,129,182,52,57,109,291
09/16/2022,MEI,MS,ASO,ES,Federal Contract Tower,0,5,38,108,151,0,8,43,34,85,0,13,81,142,236,58,220,278,514
09/17/2022,MEI,MS,ASO,ES,Federal Contract Tower,0,4,14,11,29,0,7,58,10,75,0,11,72,21,104,146,16,162,266
09/18/2022,MEI,MS,ASO,ES,Federal Contract Tower,0,4,17,18,39,0,4,42,5,51,0,8,59,23,90,64,6,70,160
09/19/2022,MEI,MS,ASO,ES,Federal Contract Tower,0,4,19,56,79,0,6,27,6,39,0,10,46,62,118,22,34,56,174
09/20/2022,MEI,MS,ASO,ES,Federal Contract Tower,0,6,18,85,109,0,15,40,34,89,0,21,58,119,198,0,156,156,354
09/21/2022,MEI,MS,ASO,ES,Federal Contract Tower,1,6,19,90,116,0,3,12,9,24,1,9,31,99,140,22,140,162,302
09/22/2022,MEI,MS,ASO,ES,Federal Contract Tower,0,4,18,125,147,0,10,26,13,49,0,14,44,138,196,54,204,258,454
09/23/2022,MEI,MS,ASO,ES,Federal Contract Tower,0,12,15,137,164,0,4,31,18,53,0,16,46,155,217,28,276,304,521
09/24/2022,MEI,MS,ASO,ES,Federal Contract Tower,0,4,12,15,31,0,8,33,12,53,0,12,45,27,84,34,36,70,154
09/25/2022,MEI,MS,ASO,ES,Federal Contract Tower,0,4,16,12,32,0,6,19,0,25,0,10,35,12,57,2,14,16,73
09/26/2022,MEI,MS,ASO,ES,Federal Contract Tower,0,4,15,31,50,0,2,11,5,18,0,6,26,36,68,0,0,0,68
09/27/2022,MEI,MS,ASO,ES,Federal Contract Tower,0,4,26,30,60,0,3,14,9,26,0,7,40,39,86,0,0,0,86
09/28/2022,MEI,MS,ASO,ES,Federal Contract Tower,0,4,2,17,23,0,4,12,5,21,0,8,14,22,44,30,12,42,86
09/29/2022,MEI,MS,ASO,ES,Federal Contract Tower,0,5,14,28,47,0,6,26,19,51,0,11,40,47,98,10,60,70,168
09/30/2022,MEI,MS,ASO,ES,Federal Contract Tower,0,4,25,20,49,0,6,31,4,41,0,10,56,24,90,6,94,100,190
10/01/2022,MEI,MS,ASO,ES,Federal Contract Tower,0,4,3,24,31,0,13,30,5,48,0,17,33,29,79,122,34,156,235
10/02/2022,MEI,MS,ASO,ES,Federal Contract Tower,0,5,13,25,43,0,6,29,7,42,0,11,42,32,85,32,36,68,153
10/03/2022,MEI,MS,ASO,ES,Federal Contract Tower,0,5,13,72,90,0,6,21,19,46,0,11,34,91,136,28,90,118,254
10/04/2022,MEI,MS,ASO,ES,Federal Contract Tower,0,4,13,75,92,0,7,31,14,52,0,11,44,89,144,10,62,72,216
10/05/2022,MEI,MS,ASO,ES,Federal Contract Tower,0,4,27,75,106,0,15,51,27,93,0,19,78,102,199,46,188,234,433
10/06/2022,MEI,MS,ASO,ES,Federal Contract Tower,0,5,15,72,92,0,5,48,14,67,0,10,63,86,159,72,108,180,339
10/07/2022,MEI,MS,ASO,ES,Federal Contract Tower,0,9,18,60,87,0,19,49,16,84,0,28,67,76,171,52,118,170,341
10/08/2022,MEI,MS,ASO,ES,Federal Contract Tower,0,7,11,9,27,0,7,27,11,45,0,14,38,20,72,38,8,46,118
10/09/2022,MEI,MS,ASO,ES,Federal Contract Tower,0,4,20,4,28,0,3,48,7,58,0,7,68,11,86,28,12,40,126
10/10/2022,MEI,MS,ASO,ES,Federal Contract Tower,0,4,13,23,40,0,4,19,4,27,0,8,32,27,67,0,16,16,83
10/11/2022,MEI,MS,ASO,ES,Federal Contract Tower,0,8,17,102,127,0,1,22,22,45,0,9,39,124,172,14,180,194,366
10/12/2022,MEI,MS,ASO,ES,Federal Contract Tower,0,6,14,17,37,0,3,1,0,4,0,9,15,17,41,20,0,20,61
10/13/2022,MEI,MS,ASO,ES,Federal Contract Tower,0,9,16,120,145,0,18,35,117,170,0,27,51,237,315,104,154,258,573
10/14/2022,MEI,MS,ASO,ES,Federal Contract Tower,0,4,14,121,139,0,11,41,13,65,0,15,55,134,204,112,164,276,480
10/15/2022,MEI,MS,ASO,ES,Federal Contract Tower,0,4,15,1,20,0,0,57,0,57,0,4,72,1,77,260,0,260,337
10/16/2022,MEI,MS,ASO,ES,Federal Contract Tower,0,4,17,2,23,0,12,29,0,41,0,16,46,2,64,22,12,34,98
10/17/2022,MEI,MS,ASO,ES,Federal Contract Tower,0,4,19,54,77,0,6,38,6,50,0,10,57,60,127,90,72,162,289
10/18/2022,MEI,MS,ASO,ES,Federal Contract Tower,0,6,21,67,94,0,10,17,63,90,0,16,38,130,184,94,180,274,458
10/19/2022,MEI,MS,ASO,ES,Federal Contract Tower,0,8,16,54,78,0,4,43,7,54,0,12,59,61,132,68,98,166,298
10/20/2022,MEI,MS,ASO,ES,Federal Contract Tower,0,4,42,64,110,0,3,30,11,44,0,7,72,75,154,62,128,190,344
10/21/2022,MEI,MS,ASO,ES,Federal Contract Tower,0,11,22,39,72,0,3,31,13,47,0,14,53,52,119,22,104,126,245
10/22/2022,MEI,MS,ASO,ES,Federal Contract Tower,0,5,12,1,18,0,15,16,1,32,0,20,28,2,50,50,0,50,100
10/23/2022,MEI,MS,ASO,ES,Federal Contract Tower,0,6,31,25,62,0,20,55,19,94,0,26,86,44,156,56,74,130,286
10/24/2022,MEI,MS,ASO,ES,Federal Contract Tower,0,5,20,24,49,0,6,35,9,50,0,11,55,33,99,66,116,182,281
10/25/2022,MEI,MS,ASO,ES,Federal Contract Tower,0,4,22,46,72,0,8,14,12,34,0,12,36,58,106,50,88,138,244
10/26/2022,MEI,MS,ASO,ES,Federal Contract Tower,0,5,24,86,115,0,8,42,46,96,0,13,66,132,211,102,88,190,401
10/27/2022,MEI,MS,ASO,ES,Federal Contract Tower,0,8,18,44,70,0,5,25,33,63,0,13,43,77,133,84,92,176,309
10/28/2022,MEI,MS,ASO,ES,Federal Contract Tower,0,4,20,54,78,0,14,27,3,44,0,18,47,57,122,56,82,138,260
10/29/2022,MEI,MS,ASO,ES,Federal Contract Tower,0,4,5,3,12,0,3,0,1,4,0,7,5,4,16,0,0,0,16
10/30/2022,MEI,MS,ASO,ES,Federal Contract Tower,0,5,18,2,25,0,2,10,0,12,0,7,28,2,37,76,0,76,113
10/31/2022,MEI,MS,ASO,ES,Federal Contract Tower,0,5,19,70,94,0,8,25,1,34,0,13,44,71,128,100,120,220,348
11/01/2022,MEI,MS,ASO,ES,Federal Contract Tower,0,4,17,115,136,0,16,25,6,47,0,20,42,121,183,108,164,272,455
11/02/2022,MEI,MS,ASO,ES,Federal Contract Tower,0,4,23,65,92,0,2,30,3,35,0,6,53,68,127,20,72,92,219
11/03/2022,MEI,MS,ASO,ES,Federal Contract Tower,0,4,18,128,150,0,15,27,7,49,0,19,45,135,199,0,176,176,375
11/04/2022,MEI,MS,ASO,ES,Federal Contract Tower,0,4,28,85,117,0,5,32,17,54,0,9,60,102,171,42,184,226,397
11/05/2022,MEI,MS,ASO,ES,Federal Contract Tower,0,2,11,4,17,0,1,1,0,2,0,3,12,4,19,0,0,0,19
11/06/2022,MEI,MS,ASO,ES,Federal Contract Tower,0,8,10,42,60,0,3,21,1,25,0,11,31,43,85,80,98,178,263
11/07/2022,MEI,MS,ASO,ES,Federal Contract Tower,0,4,14,58,76,0,4,26,8,38,0,8,40,66,114,24,118,142,256
11/08/2022,MEI,MS,ASO,ES,Federal Contract Tower,0,5,20,96,121,0,6,31,27,64,0,11,51,123,185,54,160,214,399
11/09/2022,MEI,MS,ASO,ES,Federal Contract Tower,0,4,14,111,129,0,6,28,17,51,0,10,42,128,180,42,214,256,436
11/10/2022,MEI,MS,ASO,ES,Federal Contract Tower,0,5,16,68,89,0,4,15,16,35,0,9,31,84,124,24,98,122,246
11/11/2022,MEI,MS,ASO,ES,Federal Contract Tower,0,5,17,12,34,0,10,33,5,48,0,15,50,17,82,44,30,74,156
11/12/2022,MEI,MS,ASO,ES,Federal Contract Tower,0,2,8,31,41,0,4,3,13,20,0,6,11,44,61,0,0,0,61
11/13/2022,MEI,MS,ASO,ES,Federal Contract Tower,0,8,26,8,42,0,23,38,11,72,0,31,64,19,114,66,84,150,264
11/14/2022,MEI,MS,ASO,ES,Federal Contract Tower,0,6,15,55,76,0,9,19,5,33,0,15,34,60,109,0,78,78,187
11/15/2022,MEI,MS,ASO,ES,Federal Contract Tower,0,5,9,63,77,0,0,3,0,3,0,5,12,63,80,0,8,8,88
11/16/2022,MEI,MS,ASO,ES,Federal Contract Tower,0,7,17,33,57,0,10,27,46,83,0,17,44,79,140,46,86,132,272
11/17/2022,MEI,MS,ASO,ES,Federal Contract Tower,0,4,12,83,99,0,7,21,26,54,0,11,33,109,153,50,148,198,351
11/18/2022,MEI,MS,ASO,ES,Federal Contract Tower,0,7,33,61,101,0,2,32,15,49,0,9,65,76,150,64,66,130,280
11/19/2022,MEI,MS,ASO,ES,Federal Contract Tower,0,9,12,28,49,0,40,14,8,62,0,49,26,36,111,42,18,60,171
11/20/2022,MEI,MS,ASO,ES,Federal Contract Tower,0,8,12,33,53,0,68,38,13,119,0,76,50,46,172,70,0,70,242
11/21/2022,MEI,MS,ASO,ES,Federal Contract Tower,0,4,22,73,99,0,8,43,3,54,0,12,65,76,153,20,154,174,327
11/22/2022,MEI,MS,ASO,ES,Federal Contract Tower,0,3,19,113,135,0,8,22,21,51,0,11,41,134,186,24,178,202,388
11/23/2022,MEI,MS,ASO,ES,Federal Contract Tower,0,5,36,58,99,0,12,45,17,74,0,17,81,75,173,72,182,254,427
11/24/2022,MEI,MS,ASO,ES,Federal Contract Tower,0,2,6,0,8,0,11,2,0,13,0,13,8,0,21,0,0,0,21
11/25/2022,MEI,MS,ASO,ES,Federal Contract Tower,0,8,11,0,19,0,0,0,0,0,0,8,11,0,19,0,0,0,19
11/26/2022,MEI,MS,ASO,ES,Federal Contract Tower,0,2,14,0,16,0,0,8,0,8,0,2,22,0,24,0,0,0,24
11/27/2022,MEI,MS,ASO,ES,Federal Contract Tower,0,8,35,0,43,0,9,35,0,44,0,17,70,0,87,78,0,78,165
11/28/2022,MEI,MS,ASO,ES,Federal Contract Tower,0,2,12,11,25,0,16,49,37,102,0,18,61,48,127,28,104,132,259
11/29/2022,MEI,MS,ASO,ES,Federal Contract Tower,0,4,20,13,37,0,3,1,0,4,0,7,21,13,41,0,0,0,41
11/30/2022,MEI,MS,ASO,ES,Federal Contract Tower,0,7,11,48,66,0,6,1,15,22,0,13,12,63,88,0,44,44,132
12/01/2022,MEI,MS,ASO,ES,Federal Contract Tower,0,6,22,122,150,0,6,37,16,59,0,12,59,138,209,38,226,264,473
12/02/2022,MEI,MS,ASO,ES,Federal Contract Tower,0,7,18,82,107,0,6,7,39,52,0,13,25,121,159,2,12,14,173
12/03/2022,MEI,MS,ASO,ES,Federal Contract Tower,0,6,17,30,53,0,3,4,1,8,0,9,21,31,61,20,0,20,81
12/04/2022,MEI,MS,ASO,ES,Federal Contract Tower,0,13,19,60,92,0,6,29,14,49,0,19,48,74,141,150,50,200,341
12/05/2022,MEI,MS,ASO,ES,Federal Contract Tower,0,9,18,78,105,0,8,2,5,15,0,17,20,83,120,42,172,214,334
12/06/2022,MEI,MS,ASO,ES,Federal Contract Tower,0,9,27,142,178,0,8,23,20,51,0,17,50,162,229,48,168,216,445
12/07/2022,MEI,MS,ASO,ES,Federal Contract Tower,0,7,19,96,122,0,8,19,6,33,0,15,38,102,155,98,202,300,455
12/08/2022,MEI,MS,ASO,ES,Federal Contract Tower,0,6,23,101,130,0,7,26,5,38,0,13,49,106,168,94,166,260,428
12/09/2022,MEI,MS,ASO,ES,Federal Contract Tower,0,6,13,43,62,0,4,2,0,6,0,10,15,43,68,42,0,42,110
12/10/2022,MEI,MS,ASO,ES,Federal Contract Tower,0,4,12,14,30,0,3,9,0,12,0,7,21,14,42,14,4,18,60
12/11/2022,MEI,MS,ASO,ES,Federal Contract Tower,0,6,9,12,27,0,0,0,0,0,0,6,9,12,27,0,0,0,27
12/12/2022,MEI,MS,ASO,ES,Federal Contract Tower,0,8,30,66,104,0,0,0,0,0,0,8,30,66,104,0,8,8,112
12/13/2022,MEI,MS,ASO,ES,Federal Contract Tower,0,4,6,54,64,0,0,0,10,10,0,4,6,64,74,0,2,2,76
12/14/2022,MEI,MS,ASO,ES,Federal Contract Tower,0,6,2,1,9,0,0,0,0,0,0,6,2,1,9,0,0,0,9
12/15/2022,MEI,MS,ASO,ES,Federal Contract Tower,0,8,17,96,121,0,12,43,13,68,0,20,60,109,189,108,174,282,471
12/16/2022,MEI,MS,ASO,ES,Federal Contract Tower,0,6,23,62,91,0,6,36,7,49,0,12,59,69,140,0,102,102,242
12/17/2022,MEI,MS,ASO,ES,Federal Contract Tower,0,8,11,46,65,0,7,29,6,42,0,15,40,52,107,0,12,12,119
12/18/2022,MEI,MS,ASO,ES,Federal Contract Tower,0,7,15,45,67,0,10,35,14,59,0,17,50,59,126,54,28,82,208
12/19/2022,MEI,MS,ASO,ES,Federal Contract Tower,0,4,8,54,66,0,4,10,6,20,0,8,18,60,86,0,142,142,228
12/20/2022,MEI,MS,ASO,ES,Federal Contract Tower,0,5,17,2,24,0,2,0,0,2,0,7,17,2,26,0,0,0,26
12/21/2022,MEI,MS,ASO,ES,Federal Contract Tower,0,6,15,40,61,0,0,0,0,0,0,6,15,40,61,0,0,0,61
12/22/2022,MEI,MS,ASO,ES,Federal Contract Tower,0,6,10,50,66,0,3,2,1,6,0,9,12,51,72,0,0,0,72
12/23/2022,MEI,MS,ASO,ES,Federal Contract Tower,0,4,6,0,10,0,2,1,0,3,0,6,7,0,13,0,0,0,13
12/24/2022,MEI,MS,ASO,ES,Federal Contract Tower,0,4,8,0,12,0,1,11,0,12,0,5,19,0,24,6,0,6,30
12/25/2022,MEI,MS,ASO,ES,Federal Contract Tower,0,4,2,0,6,0,11,8,0,19,0,15,10,0,25,0,0,0,25
12/26/2022,MEI,MS,ASO,ES,Federal Contract Tower,0,8,21,0,29,0,12,34,0,46,0,20,55,0,75,56,0,56,131
12/27/2022,MEI,MS,ASO,ES,Federal Contract Tower,0,4,13,0,17,0,3,43,32,78,0,7,56,32,95,82,0,82,177
12/28/2022,MEI,MS,ASO,ES,Federal Contract Tower,0,6,13,9,28,0,3,40,6,49,0,9,53,15,77,68,24,92,169
12/29/2022,MEI,MS,ASO,ES,Federal Contract Tower,0,9,14,3,26,0,6,14,0,20,0,15,28,3,46,32,12,44,90
12/30/2022,MEI,MS,ASO,ES,Federal Contract Tower,0,7,6,0,13,0,0,0,0,0,0,7,6,0,13,0,0,0,13
12/31/2022,MEI,MS,ASO,ES,Federal Contract Tower,0,5,13,0,18,0,1,4,0,5,0,6,17,0,23,32,0,32,55
01/01/2023,MEI,MS,ASO,ES,Federal Contract Tower,0,5,26,0,31,0,5,62,0,67,0,10,88,0,98,42,0,42,140
01/02/2023,MEI,MS,ASO,ES,Federal Contract Tower,0,8,7,0,15,0,0,0,0,0,0,8,7,0,15,0,0,0,15
01/03/2023,MEI,MS,ASO,ES,Federal Contract Tower,0,5,8,2,15,0,4,4,0,8,0,9,12,2,23,0,0,0,23
01/04/2023,MEI,MS,ASO,ES,Federal Contract Tower,0,6,20,110,136,0,4,35,4,43,0,10,55,114,179,124,88,212,391
01/05/2023,MEI,MS,ASO,ES,Federal Contract Tower,0,6,29,90,125,0,9,23,19,51,0,15,52,109,176,148,220,368,544
01/06/2023,MEI,MS,ASO,ES,Federal Contract Tower,0,6,33,72,111,0,5,25,9,39,0,11,58,81,150,72,138,210,360
01/07/2023,MEI,MS,ASO,ES,Federal Contract Tower,0,4,22,40,66,0,9,50,4,63,0,13,72,44,129,98,76,174,303
01/08/2023,MEI,MS,ASO,ES,Federal Contract Tower,0,6,5,10,21,0,0,0,0,0,0,6,5,10,21,0,0,0,21
01/09/2023,MEI,MS,ASO,ES,Federal Contract Tower,0,10,19,91,120,0,26,35,4,65,0,36,54,95,185,126,142,268,453
01/10/2023,MEI,MS,ASO,ES,Federal Contract Tower,0,4,21,148,173,0,4,41,34,79,0,8,62,182,252,50,278,328,580
01/11/2023,MEI,MS,ASO,ES,Federal Contract Tower,0,7,21,92,120,0,4,7,1,12,0,11,28,93,132,27,44,71,203
01/12/2023,MEI,MS,ASO,ES,Federal Contract Tower,0,6,8,60,74,0,4,2,10,16,0,10,10,70,90,0,80,80,170
01/13/2023,MEI,MS,ASO,ES,Federal Contract Tower,0,14,28,104,146,0,9,10,10,29,0,23,38,114,175,0,96,96,271
01/14/2023,MEI,MS,ASO,ES,Federal Contract Tower,0,4,11,15,30,0,0,37,21,58,0,4,48,36,88,26,30,56,144
01/15/2023,MEI,MS,ASO,ES,Federal Contract Tower,0,7,20,80,107,0,7,51,17,75,0,14,71,97,182,76,48,124,306
01/16/2023,MEI,MS,ASO,ES,Federal Contract Tower,0,6,29,44,79,0,8,62,14,84,0,14,91,58,163,78,22,100,263
01/17/2023,MEI,MS,ASO,ES,Federal Contract Tower,0,6,17,81,104,0,2,2,7,11,0,8,19,88,115,118,34,152,267
01/18/2023,MEI,MS,ASO,ES,Federal Contract Tower,0,6,7,82,95,0,1,0,13,14,0,7,7,95,109,0,86,86,195
01/19/2023,MEI,MS,ASO,ES,Federal Contract Tower,0,8,28,73,109,0,4,21,16,41,0,12,49,89,150,74,160,234,384
01/20/2023,MEI,MS,ASO,ES,Federal Contract Tower,0,6,38,62,106,0,6,29,25,60,0,12,67,87,166,10,156,166,332
01/21/2023,MEI,MS,ASO,ES,Federal Contract Tower,0,4,12,51,67,0,0,9,0,9,0,4,21,51,76,6,6,12,88
01/22/2023,MEI,MS,ASO,ES,Federal Contract Tower,0,6,13,58,77,0,3,0,1,4,0,9,13,59,81,0,48,48,129
01/23/2023,MEI,MS,ASO,ES,Federal Contract Tower,0,7,13,125,145,0,6,33,27,66,0,13,46,152,211,78,124,202,413
01/24/2023,MEI,MS,ASO,ES,Federal Contract Tower,0,2,4,60,66,0,0,24,18,42,0,2,28,78,108,15,142,157,265
01/25/2023,MEI,MS,ASO,ES,Federal Contract Tower,0,6,6,76,88,0,1,4,5,10,0,7,10,81,98,0,130,130,228
01/26/2023,MEI,MS,ASO,ES,Federal Contract Tower,0,10,27,82,119,0,6,10,31,47,0,16,37,113,166,26,102,128,294
01/27/2023,MEI,MS,ASO,ES,Federal Contract Tower,0,8,28,66,102,0,4,32,10,46,0,12,60,76,148,60,144,204,352
01/28/2023,MEI,MS,ASO,ES,Federal Contract Tower,0,4,16,14,34,0,4,23,13,40,0,8,39,27,74,68,56,124,198
01/29/2023,MEI,MS,ASO,ES,Federal Contract Tower,0,10,14,8,32,0,1,1,1,3,0,11,15,9,35,0,0,0,35
01/30/2023,MEI,MS,ASO,ES,Federal Contract Tower,0,7,7,19,33,0,0,1,23,24,0,7,8,42,57,0,0,0,57
01/31/2023,MEI,MS,ASO,ES,Federal Contract Tower,0,11,5,44,60,0,0,0,0,0,0,11,5,44,60,0,0,0,60
02/01/2023,MEI,MS,ASO,ES,Federal Contract Tower,0,6,9,6,21,0,0,0,0,0,0,6,9,6,21,0,0,0,21
02/02/2023,MEI,MS,ASO,ES,Federal Contract Tower,0,9,6,5,20,0,0,0,0,0,0,9,6,5,20,0,0,0,20
02/03/2023,MEI,MS,ASO,ES,Federal Contract Tower,0,7,24,77,108,0,7,55,15,77,0,14,79,92,185,18,126,144,329
02/04/2023,MEI,MS,ASO,ES,Federal Contract Tower,0,5,21,37,63,0,7,41,4,52,0,12,62,41,115,38,48,86,201
02/05/2023,MEI,MS,ASO,ES,Federal Contract Tower,0,7,19,39,65,0,4,23,11,38,0,11,42,50,103,116,54,170,273
02/06/2023,MEI,MS,ASO,ES,Federal Contract Tower,0,6,15,88,109,0,4,46,5,55,0,10,61,93,164,76,90,166,330
02/07/2023,MEI,MS,ASO,ES,Federal Contract Tower,0,3,20,117,140,0,3,39,43,85,0,6,59,160,225,38,100,138,363
02/08/2023,MEI,MS,ASO,ES,Federal Contract Tower,0,7,10,35,52,0,0,4,1,5,0,7,14,36,57,0,12,12,69
02/09/2023,MEI,MS,ASO,ES,Federal Contract Tower,0,6,13,118,137,0,4,28,28,60,0,10,41,146,197,46,144,190,387
02/10/2023,MEI,MS,ASO,ES,Federal Contract Tower,0,6,21,99,126,0,3,27,11,41,0,9,48,110,167,38,161,199,366
02/11/2023,MEI,MS,ASO,ES,Federal Contract Tower,0,6,5,5,16,0,1,3,0,4,0,7,8,5,20,0,0,0,20
02/12/2023,MEI,MS,ASO,ES,Federal Contract Tower,0,6,21,35,62,0,13,43,8,64,0,19,64,43,126,70,30,100,226
02/13/2023,MEI,MS,ASO,ES,Federal Contract Tower,0,6,18,90,114,0,4,45,9,58,0,10,63,99,172,40,164,204,376
02/14/2023,MEI,MS,ASO,ES,Federal Contract Tower,0,6,18,98,122,0,8,31,30,69,0,14,49,128,191,22,194,216,407
02/15/2023,MEI,MS,ASO,ES,Federal Contract Tower,0,7,20,80,107,0,12,16,9,37,0,19,36,89,144,38,90,128,272
02/16/2023,MEI,MS,ASO,ES,Federal Contract Tower,0,6,8,40,54,0,0,2,0,2,0,6,10,40,56,0,2,2,58
02/17/2023,MEI,MS,ASO,ES,Federal Contract Tower,0,6,23,74,103,0,11,27,16,54,0,17,50,90,157,54,60,114,271
02/18/2023,MEI,MS,ASO,ES,Federal Contract Tower,0,6,18,12,36,0,8,91,0,99,0,14,109,12,135,74,2,76,211
02/19/2023,MEI,MS,ASO,ES,Federal Contract Tower,0,6,17,9,32,0,2,16,7,25,0,8,33,16,57,12,8,20,77
02/20/2023,MEI,MS,ASO,ES,Federal Contract Tower,0,6,18,13,37,0,3,11,0,14,0,9,29,13,51,10,16,26,77
02/21/2023,MEI,MS,ASO,ES,Federal Contract Tower,0,4,23,93,120,0,4,9,33,46,0,8,32,126,166,48,96,144,310
02/22/2023,MEI,MS,ASO,ES,Federal Contract Tower,0,8,7,66,81,0,2,16,10,28,0,10,23,76,109,0,136,136,245
02/23/2023,MEI,MS,ASO,ES,Federal Contract Tower,0,5,23,129,157,0,10,65,5,80,0,15,88,134,237,132,248,380,617
02/24/2023,MEI,MS,ASO,ES,Federal Contract Tower,0,10,22,90,122,0,7,13,8,28,0,17,35,98,150,22,64,86,236
02/25/2023,MEI,MS,ASO,ES,Federal Contract Tower,0,6,10,39,55,0,4,16,0,20,0,10,26,39,75,110,4,114,189
02/26/2023,MEI,MS,ASO,ES,Federal Contract Tower,0,7,12,24,43,0,3,15,1,19,0,10,27,25,62,12,2,14,76
02/27/2023,MEI,MS,ASO,ES,Federal Contract Tower,0,11,27,60,98,0,10,11,3,24,0,21,38,63,122,48,130,178,300
02/28/2023,MEI,MS,ASO,ES,Federal Contract Tower,0,6,33,114,153,0,5,24,10,39,0,11,57,124,192,26,106,132,324
03/01/2023,MEI,MS,ASO,ES,Federal Contract Tower,0,6,21,118,145,0,1,8,3,12,0,7,29,121,157,26,96,122,279
03/02/2023,MEI,MS,ASO,ES,Federal Contract Tower,0,7,19,77,103,0,4,24,18,46,0,11,43,95,149,26,88,114,263
03/03/2023,MEI,MS,ASO,ES,Federal Contract Tower,0,6,17,18,41,0,10,17,27,54,0,16,34,45,95,24,134,158,253
03/04/2023,MEI,MS,ASO,ES,Federal Contract Tower,0,2,24,14,40,0,8,39,11,58,0,10,63,25,98,54,80,134,232
03/05/2023,MEI,MS,ASO,ES,Federal Contract Tower,0,5,12,26,43,0,6,41,10,57,0,11,53,36,100,88,16,104,204
03/06/2023,MEI,MS,ASO,ES,Federal Contract Tower,0,9,28,59,96,0,4,16,3,23,0,13,44,62,119,8,12,20,139
03/07/2023,MEI,MS,ASO,ES,Federal Contract Tower,0,7,18,84,109,0,7,12,7,26,0,14,30,91,135,10,48,58,193
03/08/2023,MEI,MS,ASO,ES,Federal Contract Tower,0,5,14,65,84,0,4,41,16,61,0,9,55,81,145,14,98,112,257
03/09/2023,MEI,MS,ASO,ES,Federal Contract Tower,0,18,15,76,109,0,0,0,0,0,0,18,15,76,109,0,0,0,109
03/10/2023,MEI,MS,ASO,ES,Federal Contract Tower,0,4,16,58,78,0,7,28,8,43,0,11,44,66,121,26,86,112,233
03/11/2023,MEI,MS,ASO,ES,Federal Contract Tower,0,5,30,18,53,0,5,56,13,74,0,10,86,31,127,145,66,211,338
03/12/2023,MEI,MS,ASO,ES,Federal Contract Tower,0,4,3,3,10,0,0,0,0,0,0,4,3,3,10,0,0,0,10
03/13/2023,MEI,MS,ASO,ES,Federal Contract Tower,0,6,12,88,106,0,8,27,7,42,0,14,39,95,148,2,64,66,214
03/14/2023,MEI,MS,ASO,ES,Federal Contract Tower,0,8,11,82,101,0,7,45,8,60,0,15,56,90,161,98,132,230,391
03/15/2023,MEI,MS,ASO,ES,Federal Contract Tower,0,6,24,77,107,0,3,31,20,54,0,9,55,97,161,76,132,208,369
03/16/2023,MEI,MS,ASO,ES,Federal Contract Tower,0,4,14,115,133,0,6,59,37,102,0,10,73,152,235,24,168,192,427
03/17/2023,MEI,MS,ASO,ES,Federal Contract Tower,0,4,19,27,50,0,6,12,23,41,0,10,31,50,91,20,58,78,169
03/18/2023,MEI,MS,ASO,ES,Federal Contract Tower,0,3,23,9,35,0,6,50,16,72,0,9,73,25,107,188,34,222,329
03/19/2023,MEI,MS,ASO,ES,Federal Contract Tower,0,6,30,21,57,0,5,18,4,27,0,11,48,25,84,56,20,76,160
03/20/2023,MEI,MS,ASO,ES,Federal Contract Tower,0,4,23,103,130,0,7,25,10,42,0,11,48,113,172,24,80,104,276
03/21/2023,MEI,MS,ASO,ES,Federal Contract Tower,0,3,12,98,113,0,6,22,16,44,0,9,34,114,157,73,94,167,324
03/22/2023,MEI,MS,ASO,ES,Federal Contract Tower,0,7,34,160,201,0,8,45,25,78,0,15,79,185,279,146,174,320,599
03/23/2023,MEI,MS,ASO,ES,Federal Contract Tower,0,9,22,88,119,0,3,27,17,47,0,12,49,105,166,46,172,218,384
03/24/2023,MEI,MS,ASO,ES,Federal Contract Tower,0,15,15,88,118,0,9,18,11,38,0,24,33,99,156,56,176,232,388
03/25/2023,MEI,MS,ASO,ES,Federal Contract Tower,0,5,23,8,36,0,15,58,2,75,0,20,81,10,111,78,0,78,189
03/26/2023,MEI,MS,ASO,ES,Federal Contract Tower,0,4,15,1,20,0,7,11,13,31,0,11,26,14,51,18,18,36,87
03/27/2023,MEI,MS,ASO,ES,Federal Contract Tower,0,4,23,97,124,0,6,26,11,43,0,10,49,108,167,34,85,119,286
03/28/2023,MEI,MS,ASO,ES,Federal Contract Tower,0,6,15,80,101,0,4,16,9,29,0,10,31,89,130,72,44,116,246
03/29/2023,MEI,MS,ASO,ES,Federal Contract Tower,0,7,26,123,156,0,5,38,30,73,0,12,64,153,229,114,118,232,461
03/30/2023,MEI,MS,ASO,ES,Federal Contract Tower,0,3,17,121,141,0,5,38,26,69,0,8,55,147,210,74,186,260,470
03/31/2023,MEI,MS,ASO,ES,Federal Contract Tower,0,4,22,71,97,0,2,7,8,17,0,6,29,79,114,28,124,152,266
04/01/2023,MEI,MS,ASO,ES,Federal Contract Tower,0,2,19,11,32,0,3,28,11,42,0,5,47,22,74,40,16,56,130
04/02/2023,MEI,MS,ASO,ES,Federal Contract Tower,0,6,35,16,57,0,8,18,2,28,0,14,53,18,85,30,134,164,249
04/03/2023,MEI,MS,ASO,ES,Federal Contract Tower,0,5,9,128,142,0,8,18,4,30,0,13,27,132,172,56,196,252,424
04/04/2023,MEI,MS,ASO,ES,Federal Contract Tower,0,4,26,125,155,0,3,6,11,20,0,7,32,136,175,18,160,178,353
04/05/2023,MEI,MS,ASO,ES,Federal Contract Tower,0,7,12,126,145,0,2,9,3,14,0,9,21,129,159,25,79,104,263
04/06/2023,MEI,MS,ASO,ES,Federal Contract Tower,0,6,15,15,36,0,3,5,0,8,0,9,20,15,44,10,70,80,124
04/07/2023,MEI,MS,ASO,ES,Federal Contract Tower,0,5,7,44,56,0,0,1,4,5,0,5,8,48,61,0,18,18,79
04/08/2023,MEI,MS,ASO,ES,Federal Contract Tower,0,4,3,0,7,0,0,0,0,0,0,4,3,0,7,0,0,0,7
04/09/2023,MEI,MS,ASO,ES,Federal Contract Tower,0,9,19,4,32,0,11,14,1,26,0,20,33,5,58,0,0,0,58
04/10/2023,MEI,MS,ASO,ES,Federal Contract Tower,0,6,23,95,124,0,9,41,9,59,0,15,64,104,183,90,186,276,459
04/11/2023,MEI,MS,ASO,ES,Federal Contract Tower,0,4,12,113,129,0,9,37,16,62,0,13,49,129,191,66,140,206,397
04/12/2023,MEI,MS,ASO,ES,Federal Contract Tower,0,6,21,100,127,0,9,33,17,59,0,15,54,117,186,80,278,358,544
04/13/2023,MEI,MS,ASO,ES,Federal Contract Tower,0,5,10,2,17,0,1,11,0,12,0,6,21,2,29,40,0,40,69
04/14/2023,MEI,MS,ASO,ES,Federal Contract Tower,0,4,24,134,162,0,19,43,23,85,0,23,67,157,247,42,334,376,623
04/15/2023,MEI,MS,ASO,ES,Federal Contract Tower,0,4,12,10,26,0,6,11,18,35,0,10,23,28,61,40,0,40,101
04/16/2023,MEI,MS,ASO,ES,Federal Contract Tower,0,4,17,29,50,0,10,12,33,55,0,14,29,62,105,20,42,62,167
04/17/2023,MEI,MS,ASO,ES,Federal Contract Tower,0,4,16,112,132,0,3,28,10,41,0,7,44,122,173,92,84,176,349
04/18/2023,MEI,MS,ASO,ES,Federal Contract Tower,0,5,14,183,202,0,12,28,10,50,0,17,42,193,252,32,100,132,384
04/19/2023,MEI,MS,ASO,ES,Federal Contract Tower,0,7,23,163,193,0,8,42,27,77,0,15,65,190,270,40,166,206,476
04/20/2023,MEI,MS,ASO,ES,Federal Contract Tower,0,6,22,137,165,0,15,28,13,56,0,21,50,150,221,76,210,286,507
04/21/2023,MEI,MS,ASO,ES,Federal Contract Tower,0,9,19,75,103,0,3,24,7,34,0,12,43,82,137,40,182,222,359
04/22/2023,MEI,MS,ASO,ES,Federal Contract Tower,0,5,16,16,37,0,14,41,10,65,0,19,57,26,102,103,57,160,262
04/23/2023,MEI,MS,ASO,ES,Federal Contract Tower,0,7,18,18,43,0,5,11,0,16,0,12,29,18,59,85,11,96,155
04/24/2023,MEI,MS,ASO,ES,Federal Contract Tower,0,5,22,101,128,0,0,20,8,28,0,5,42,109,156,0,200,200,356
04/25/2023,MEI,MS,ASO,ES,Federal Contract Tower,0,2,17,115,134,0,8,21,2,31,0,10,38,117,165,56,108,164,329
04/26/2023,MEI,MS,ASO,ES,Federal Contract Tower,0,12,24,163,199,0,0,16,33,49,0,12,40,196,248,48,346,394,642
04/27/2023,MEI,MS,ASO,ES,Federal Contract Tower,0,8,7,57,72,0,5,22,1,28,0,13,29,58,100,34,128,162,262
04/28/2023,MEI,MS,ASO,ES,Federal Contract Tower,0,6,18,124,148,0,12,44,30,86,0,18,62,154,234,44,310,354,588
04/29/2023,MEI,MS,ASO,ES,Federal Contract Tower,0,6,25,22,53,0,10,32,3,45,0,16,57,25,98,64,4,68,166
04/30/2023,MEI,MS,ASO,ES,Federal Contract Tower,0,4,17,17,38,0,9,21,8,38,0,13,38,25,76,12,8,20,96
05/01/2023,MEI,MS,ASO,ES,Federal Contract Tower,0,4,14,121,139,0,11,20,17,48,0,15,34,138,187,2,62,64,251
05/02/2023,MEI,MS,ASO,ES,Federal Contract Tower,0,2,16,147,165,0,3,40,24,67,0,5,56,171,232,58,78,136,368
05/03/2023,MEI,MS,ASO,ES,Federal Contract Tower,0,4,26,85,115,0,2,38,7,47,0,6,64,92,162,36,76,112,274
05/04/2023,MEI,MS,ASO,ES,Federal Contract Tower,0,6,37,100,143,0,1,22,23,46,0,7,59,123,189,130,110,240,429
05/05/2023,MEI,MS,ASO,ES,Federal Contract Tower,0,7,15,102,124,0,2,16,2,20,0,9,31,104,144,2,82,84,228
05/06/2023,MEI,MS,ASO,ES,Federal Contract Tower,0,2,21,40,63,0,6,16,5,27,0,8,37,45,90,22,66,88,178
05/07/2023,MEI,MS,ASO,ES,Federal Contract Tower,0,6,19,30,55,0,25,20,2,47,0,31,39,32,102,44,22,66,168
05/08/2023,MEI,MS,ASO,ES,Federal Contract Tower,0,5,24,64,93,0,3,11,8,22,0,8,35,72,115,0,5,5,120
05/09/2023,MEI,MS,ASO,ES,Federal Contract Tower,0,5,39,106,150,0,8,20,9,37,0,13,59,115,187,44,116,160,347
05/10/2023,MEI,MS,ASO,ES,Federal Contract Tower,0,6,14,80,100,0,2,11,2,15,0,8,25,82,115,30,46,76,191
05/11/2023,MEI,MS,ASO,ES,Federal Contract Tower,0,4,26,75,105,0,5,14,5,24,0,9,40,80,129,23,124,147,276
05/12/2023,MEI,MS,ASO,ES,Federal Contract Tower,0,8,23,75,106,0,0,24,12,36,0,8,47,87,142,26,94,120,262
05/13/2023,MEI,MS,ASO,ES,Federal Contract Tower,0,6,14,12,32,0,9,69,7,85,0,15,83,19,117,186,22,208,325
05/14/2023,MEI,MS,ASO,ES,Federal Contract Tower,0,2,17,20,39,0,6,14,4,24,0,8,31,24,63,0,0,0,63
05/15/2023,MEI,MS,ASO,ES,Federal Contract Tower,0,5,10,110,125,0,9,18,8,35,0,14,28,118,160,154,174,328,488
05/16/2023,MEI,MS,ASO,ES,Federal Contract Tower,0,3,5,38,46,0,2,6,13,21,0,5,11,51,67,45,22,67,134
05/17/2023,MEI,MS,ASO,ES,Federal Contract Tower,0,8,9,64,81,0,0,12,8,20,0,8,21,72,101,43,74,117,218
05/18/2023,MEI,MS,ASO,ES,Federal Contract Tower,0,6,17,73,96,0,5,24,9,38,0,11,41,82,134,0,2,2,136
05/19/2023,MEI,MS,ASO,ES,Federal Contract Tower,0,4,25,87,116,0,6,15,4,25,0,10,40,91,141,12,0,12,153
05/20/2023,MEI,MS,ASO,ES,Federal Contract Tower,0,3,7,6,16,0,7,15,0,22,0,10,22,6,38,40,0,40,78
05/21/2023,MEI,MS,ASO,ES,Federal Contract Tower,0,6,25,17,48,0,3,32,9,44,0,9,57,26,92,14,12,26,118
05/22/2023,MEI,MS,ASO,ES,Federal Contract Tower,0,4,28,92,124,0,0,31,13,44,0,4,59,105,168,42,66,108,276
05/23/2023,MEI,MS,ASO,ES,Federal Contract Tower,0,5,18,80,103,0,7,17,8,32,0,12,35,88,135,10,17,27,162
05/24/2023,MEI,MS,ASO,ES,Federal Contract Tower,0,7,6,85,98,0,3,8,2,13,0,10,14,87,111,14,0,14,125
05/25/2023,MEI,MS,ASO,ES,Federal Contract Tower,0,11,39,121,171,0,14,48,35,97,0,25,87,156,268,102,160,262,530
05/26/2023,MEI,MS,ASO,ES,Federal Contract Tower,0,8,27,63,98,0,8,53,1,62,0,16,80,64,160,62,28,90,250
05/27/2023,MEI,MS,ASO,ES,Federal Contract Tower,0,2,7,0,9,0,6,42,0,48,0,8,49,0,57,80,0,80,137
05/28/2023,MEI,MS,ASO,ES,Federal Contract Tower,0,5,15,8,28,0,3,16,2,21,0,8,31,10,49,8,0,8,57
05/29/2023,MEI,MS,ASO,ES,Federal Contract Tower,0,6,17,2,25,0,5,32,4,41,0,11,49,6,66,26,0,26,92
05/30/2023,MEI,MS,ASO,ES,Federal Contract Tower,0,2,19,117,138,0,6,23,9,38,0,8,42,126,176,4,98,102,278
05/31/2023,MEI,MS,ASO,ES,Federal Contract Tower,0,6,21,45,72,0,4,13,18,35,0,10,34,63,107,22,60,82,189
06/01/2023,MEI,MS,ASO,ES,Federal Contract Tower,0,8,29,65,102,0,5,27,12,44,0,13,56,77,146,108,20,128,274
06/02/2023,MEI,MS,ASO,ES,Federal Contract Tower,0,4,18,89,111,0,4,29,28,61,0,8,47,117,172,80,148,228,400
06/03/2023,MEI,MS,ASO,ES,Federal Contract Tower,0,4,16,20,40,0,4,27,6,37,0,8,43,26,77,16,70,86,163
06/04/2023,MEI,MS,ASO,ES,Federal Contract Tower,0,4,16,20,40,0,4,27,6,37,0,8,43,26,77,16,70,86,163
06/05/2023,MEI,MS,ASO,ES,Federal Contract Tower,0,6,19,37,62,0,3,14,1,18,0,9,33,38,80,18,2,20,100
06/06/2023,MEI,MS,ASO,ES,Federal Contract Tower,0,4,21,144,169,0,4,18,5,27,0,8,39,149,196,34,88,122,318
06/07/2023,MEI,MS,ASO,ES,Federal Contract Tower,0,10,19,146,175,0,8,29,6,43,0,18,48,152,218,97,289,386,604
06/08/2023,MEI,MS,ASO,ES,Federal Contract Tower,0,5,20,70,95,0,5,23,18,46,0,10,43,88,141,2,168,170,311
06/09/2023,MEI,MS,ASO,ES,Federal Contract Tower,0,6,12,72,90,0,3,31,6,40,0,9,43,78,130,72,46,118,248
06/10/2023,MEI,MS,ASO,ES,Federal Contract Tower,0,1,10,4,15,0,2,23,2,27,0,3,33,6,42,28,0,28,70
06/11/2023,MEI,MS,ASO,ES,Federal Contract Tower,0,5,29,35,69,0,5,12,13,30,0,10,41,48,99,2,80,82,181
06/12/2023,MEI,MS,ASO,ES,Federal Contract Tower,0,8,22,48,78,0,7,16,9,32,0,15,38,57,110,10,40,50,160
06/13/2023,MEI,MS,ASO,ES,Federal Contract Tower,0,2,28,26,56,0,4,7,9,20,0,6,35,35,76,32,6,38,114
06/14/2023,MEI,MS,ASO,ES,Federal Contract Tower,0,5,12,73,90,0,2,23,7,32,0,7,35,80,122,16,98,114,236
06/15/2023,MEI,MS,ASO,ES,Federal Contract Tower,0,4,15,17,36,0,6,10,13,29,0,10,25,30,65,63,26,89,154
06/16/2023,MEI,MS,ASO,ES,Federal Contract Tower,0,4,9,57,70,0,4,28,23,55,0,8,37,80,125,90,136,226,351
06/17/2023,MEI,MS,ASO,ES,Federal Contract Tower,0,2,4,9,15,0,3,37,4,44,0,5,41,13,59,80,4,84,143
06/18/2023,MEI,MS,ASO,ES,Federal Contract Tower,0,4,6,8,18,0,4,5,3,12,0,8,11,11,30,0,2,2,32
06/19/2023,MEI,MS,ASO,ES,Federal Contract Tower,0,4,15,22,41,0,1,18,4,23,0,5,33,26,64,48,16,64,128
06/20/2023,MEI,MS,ASO,ES,Federal Contract Tower,0,4,13,175,192,0,4,20,12,36,0,8,33,187,228,74,250,324,552
06/21/2023,MEI,MS,ASO,ES,Federal Contract Tower,0,5,14,116,135,0,4,12,22,38,0,9,26,138,173,32,268,300,473
06/22/2023,MEI,MS,ASO,ES,Federal Contract Tower,0,6,26,105,137,0,11,20,14,45,0,17,46,119,182,56,112,168,350
06/23/2023,MEI,MS,ASO,ES,Federal Contract Tower,0,5,19,80,104,0,6,29,14,49,0,11,48,94,153,94,139,233,386
06/24/2023,MEI,MS,ASO,ES,Federal Contract Tower,0,3,19,13,35,0,12,40,23,75,0,15,59,36,110,98,16,114,224
06/25/2023,MEI,MS,ASO,ES,Federal Contract Tower,0,10,17,52,79,0,14,36,8,58,0,24,53,60,137,84,26,110,247
06/26/2023,MEI,MS,ASO,ES,Federal Contract Tower,0,7,23,81,111,0,10,43,27,80,0,17,66,108,191,110,160,270,461
06/27/2023,MEI,MS,ASO,ES,Federal Contract Tower,0,6,24,125,155,0,6,24,20,50,0,12,48,145,205,34,201,235,440
06/28/2023,MEI,MS,ASO,ES,Federal Contract Tower,0,4,19,77,100,0,13,18,12,43,0,17,37,89,143,4,116,120,263
06/29/2023,MEI,MS,ASO,ES,Federal Contract Tower,0,4,12,75,91,0,8,28,14,50,0,12,40,89,141,72,30,102,243
06/30/2023,MEI,MS,ASO,ES,Federal Contract Tower,0,7,25,71,103,0,4,33,13,50,0,11,58,84,153,60,48,108,261
07/01/2023,MEI,MS,ASO,ES,Federal Contract Tower,0,5,19,6,30,0,8,38,0,46,0,13,57,6,76,2,0,2,78
07/02/2023,MEI,MS,ASO,ES,Federal Contract Tower,0,13,12,0,25,0,5,23,0,28,0,18,35,0,53,0,0,0,53
07/03/2023,MEI,MS,ASO,ES,Federal Contract Tower,0,4,15,3,22,0,3,9,0,12,0,7,24,3,34,26,0,26,60
07/04/2023,MEI,MS,ASO,ES,Federal Contract Tower,0,2,11,0,13,0,7,18,0,25,0,9,29,0,38,29,0,29,67
07/05/2023,MEI,MS,ASO,ES,Federal Contract Tower,0,4,25,22,51,0,3,12,1,16,0,7,37,23,67,18,82,100,167
07/06/2023,MEI,MS,ASO,ES,Federal Contract Tower,0,8,26,122,156,0,8,22,8,38,0,16,48,130,194,16,61,77,271
07/07/2023,MEI,MS,ASO,ES,Federal Contract Tower,0,3,31,45,79,0,4,15,8,27,0,7,46,53,106,0,36,36,142
07/08/2023,MEI,MS,ASO,ES,Federal Contract Tower,0,2,21,18,41,0,1,28,12,41,0,3,49,30,82,2,54,56,138
07/09/2023,MEI,MS,ASO,ES,Federal Contract Tower,0,6,12,15,33,0,5,12,4,21,0,11,24,19,54,4,0,4,58
07/10/2023,MEI,MS,ASO,ES,Federal Contract Tower,0,4,16,78,98,0,5,26,10,41,0,9,42,88,139,62,112,174,313
07/11/2023,MEI,MS,ASO,ES,Federal Contract Tower,0,5,21,117,143,0,2,38,8,48,0,7,59,125,191,62,122,184,375
07/12/2023,MEI,MS,ASO,ES,Federal Contract Tower,0,11,12,34,57,0,10,19,1,30,0,21,31,35,87,14,32,46,133
07/13/2023,MEI,MS,ASO,ES,Federal Contract Tower,0,4,15,34,53,0,0,10,0,10,0,4,25,34,63,0,24,24,87
07/14/2023,MEI,MS,ASO,ES,Federal Contract Tower,0,4,16,42,62,0,0,4,7,11,0,4,20,49,73,0,64,64,137
07/15/2023,MEI,MS,ASO,ES,Federal Contract Tower,0,2,18,18,38,0,5,11,7,23,0,7,29,25,61,20,38,58,119
07/16/2023,MEI,MS,ASO,ES,Federal Contract Tower,0,9,25,43,77,0,13,37,10,60,0,22,62,53,137,10,68,78,215
07/17/2023,MEI,MS,ASO,ES,Federal Contract Tower,0,4,20,92,116,0,4,43,6,53,0,8,63,98,169,34,136,170,339
07/18/2023,MEI,MS,ASO,ES,Federal Contract Tower,0,3,23,110,136,0,5,42,22,69,0,8,65,132,205,62,136,198,403
07/19/2023,MEI,MS,ASO,ES,Federal Contract Tower,0,10,27,150,187,0,4,30,26,60,0,14,57,176,247,40,240,280,527
07/20/2023,MEI,MS,ASO,ES,Federal Contract Tower,0,7,19,116,142,0,1,21,6,28,0,8,40,122,170,28,102,130,300
07/21/2023,MEI,MS,ASO,ES,Federal Contract Tower,0,4,29,126,159,0,5,21,14,40,0,9,50,140,199,150,240,390,589
07/22/2023,MEI,MS,ASO,ES,Federal Contract Tower,0,1,9,18,28,0,5,23,2,30,0,6,32,20,58,42,8,50,108
07/23/2023,MEI,MS,ASO,ES,Federal Contract Tower,0,4,16,16,36,0,17,61,10,88,0,21,77,26,124,52,20,72,196
07/24/2023,MEI,MS,ASO,ES,Federal Contract Tower,0,5,21,145,171,0,5,30,27,62,0,10,51,172,233,26,110,136,369
07/25/2023,MEI,MS,ASO,ES,Federal Contract Tower,0,4,23,91,118,0,6,25,157,188,0,10,48,248,306,10,52,62,368
07/26/2023,MEI,MS,ASO,ES,Federal Contract Tower,0,4,25,147,176,0,10,16,20,46,0,14,41,167,222,20,218,238,460
07/27/2023,MEI,MS,ASO,ES,Federal Contract Tower,0,5,34,77,116,0,5,25,13,43,0,10,59,90,159,26,26,52,211
07/28/2023,MEI,MS,ASO,ES,Federal Contract Tower,0,7,11,94,112,0,4,24,10,38,0,11,35,104,150,0,52,52,202
07/29/2023,MEI,MS,ASO,ES,Federal Contract Tower,0,2,26,8,36,0,7,20,0,27,0,9,46,8,63,40,0,40,103
07/30/2023,MEI,MS,ASO,ES,Federal Contract Tower,0,4,12,11,27,0,4,23,7,34,0,8,35,18,61,26,0,26,87
07/31/2023,MEI,MS,ASO,ES,Federal Contract Tower,0,11,15,80,106,0,8,29,7,44,0,19,44,87,150,28,16,44,194
08/01/2023,MEI,MS,ASO,ES,Federal Contract Tower,0,3,18,151,172,0,6,35,12,53,0,9,53,163,225,34,182,216,441
08/02/2023,MEI,MS,ASO,ES,Federal Contract Tower,0,5,19,178,202,0,7,37,26,70,0,12,56,204,272,14,124,138,410
08/03/2023,MEI,MS,ASO,ES,Federal Contract Tower,0,4,9,121,134,0,10,30,9,49,0,14,39,130,183,74,134,208,391
08/04/2023,MEI,MS,ASO,ES,Federal Contract Tower,0,8,4,65,77,0,4,21,17,42,0,12,25,82,119,24,106,130,249
08/05/2023,MEI,MS,ASO,ES,Federal Contract Tower,0,4,13,19,36,0,0,32,5,37,0,4,45,24,73,34,14,48,121
08/06/2023,MEI,MS,ASO,ES,Federal Contract Tower,0,6,11,30,47,0,10,34,14,58,0,16,45,44,105,72,68,140,245
08/07/2023,MEI,MS,ASO,ES,Federal Contract Tower,0,3,7,97,107,0,5,23,32,60,0,8,30,129,167,22,100,122,289
08/08/2023,MEI,MS,ASO,ES,Federal Contract Tower,0,2,16,65,83,0,10,8,1,19,0,12,24,66,102,22,30,52,154
08/09/2023,MEI,MS,ASO,ES,Federal Contract Tower,0,5,26,195,226,0,11,42,14,67,0,16,68,209,293,18,303,321,614
08/10/2023,MEI,MS,ASO,ES,Federal Contract Tower,0,6,12,88,106,0,9,16,13,38,0,15,28,101,144,52,88,140,284
08/11/2023,MEI,MS,ASO,ES,Federal Contract Tower,0,7,16,127,150,0,5,15,13,33,0,12,31,140,183,20,198,218,401
08/12/2023,MEI,MS,ASO,ES,Federal Contract Tower,0,3,15,33,51,0,4,30,9,43,0,7,45,42,94,0,32,32,126
08/13/2023,MEI,MS,ASO,ES,Federal Contract Tower,0,4,11,39,54,0,4,25,7,36,0,8,36,46,90,12,0,12,102
08/14/2023,MEI,MS,ASO,ES,Federal Contract Tower,0,6,18,131,155,0,5,12,8,25,0,11,30,139,180,16,130,146,326
08/15/2023,MEI,MS,ASO,ES,Federal Contract Tower,0,2,9,148,159,0,10,41,27,78,0,12,50,175,237,14,124,138,375
08/16/2023,MEI,MS,ASO,ES,Federal Contract Tower,0,2,25,97,124,0,2,17,11,30,0,4,42,108,154,0,188,188,342
08/17/2023,MEI,MS,ASO,ES,Federal Contract Tower,0,10,18,102,130,0,2,34,6,42,0,12,52,108,172,8,146,154,326
08/18/2023,MEI,MS,ASO,ES,Federal Contract Tower,2,5,18,135,160,0,4,25,22,51,2,9,43,157,211,0,216,216,427
08/19/2023,MEI,MS,ASO,ES,Federal Contract Tower,0,5,8,14,27,0,4,18,2,24,0,9,26,16,51,40,48,88,139
08/20/2023,MEI,MS,ASO,ES,Federal Contract Tower,0,8,15,20,43,0,5,17,6,28,0,13,32,26,71,36,24,60,131
08/21/2023,MEI,MS,ASO,ES,Federal Contract Tower,2,4,12,131,149,0,8,26,21,55,2,12,38,152,204,2,154,156,360
08/22/2023,MEI,MS,ASO,ES,Federal Contract Tower,1,3,14,147,165,0,4,45,6,55,1,7,59,153,220,36,222,258,478
08/23/2023,MEI,MS,ASO,ES,Federal Contract Tower,0,9,10,60,79,0,6,22,7,35,0,15,32,67,114,72,60,132,246
08/24/2023,MEI,MS,ASO,ES,Federal Contract Tower,0,5,15,106,126,0,11,19,29,59,0,16,34,135,185,18,108,126,311
08/25/2023,MEI,MS,ASO,ES,Federal Contract Tower,0,4,15,85,104,0,5,28,19,52,0,9,43,104,156,54,94,148,304
08/26/2023,MEI,MS,ASO,ES,Federal Contract Tower,0,3,4,7,14,0,14,28,5,47,0,17,32,12,61,34,64,98,159
08/27/2023,MEI,MS,ASO,ES,Federal Contract Tower,0,4,8,4,16,0,5,22,3,30,0,9,30,7,46,10,0,10,56
08/28/2023,MEI,MS,ASO,ES,Federal Contract Tower,0,6,10,110,126,0,9,19,1,29,0,15,29,111,155,31,193,224,379
08/29/2023,MEI,MS,ASO,ES,Federal Contract Tower,0,3,12,50,65,0,4,16,17,37,0,7,28,67,102,0,125,125,227
08/30/2023,MEI,MS,ASO,ES,Federal Contract Tower,0,5,9,119,133,0,10,18,14,42,0,15,27,133,175,0,160,160,335
08/31/2023,MEI,MS,ASO,ES,Federal Contract Tower,1,13,15,105,134,0,3,34,12,49,1,16,49,117,183,10,102,112,295
