01/01/2000,MEM,TN,ASO,CE,Towers with Radar,256,163,38,2,459,5,6,21,0,32,261,169,59,2,491,0,0,0,491
01/02/2000,MEM,TN,ASO,CE,Towers with Radar,370,202,98,12,682,5,5,5,0,15,375,207,103,12,697,0,0,0,697
01/03/2000,MEM,TN,ASO,CE,Towers with Radar,357,222,67,3,649,5,5,5,0,15,362,227,72,3,664,0,0,0,664
01/04/2000,MEM,TN,ASO,CE,Towers with Radar,694,298,144,9,1145,5,6,6,0,17,699,304,150,9,1162,0,0,0,1162
01/05/2000,MEM,TN,ASO,CE,Towers with Radar,693,306,164,23,1186,5,9,36,0,50,698,315,200,23,1236,0,0,0,1236
01/06/2000,MEM,TN,ASO,CE,Towers with Radar,675,300,131,15,1121,5,8,27,2,42,680,308,158,17,1163,0,0,0,1163
01/07/2000,MEM,TN,ASO,CE,Towers with Radar,609,300,139,8,1056,5,7,32,2,46,614,307,171,10,1102,0,0,0,1102
01/08/2000,MEM,TN,ASO,CE,Towers with Radar,482,206,73,2,763,5,6,9,0,20,487,212,82,2,783,0,0,0,783
01/09/2000,MEM,TN,ASO,CE,Towers with Radar,384,207,81,34,706,5,5,5,2,17,389,212,86,36,723,0,0,0,723
01/10/2000,MEM,TN,ASO,CE,Towers with Radar,364,218,101,10,693,0,23,32,0,55,364,241,133,10,748,0,0,0,748
01/11/2000,MEM,TN,ASO,CE,Towers with Radar,663,319,150,13,1145,23,0,24,10,57,686,319,174,23,1202,0,0,0,1202
01/12/2000,MEM,TN,ASO,CE,Towers with Radar,681,311,157,14,1163,0,0,48,1,49,681,311,205,15,1212,0,0,0,1212
01/13/2000,MEM,TN,ASO,CE,Towers with Radar,679,322,155,14,1170,0,0,63,0,63,679,322,218,14,1233,0,0,0,1233
01/14/2000,MEM,TN,ASO,CE,Towers with Radar,624,306,141,10,1081,0,0,35,0,35,624,306,176,10,1116,0,0,0,1116
01/15/2000,MEM,TN,ASO,CE,Towers with Radar,456,218,101,6,781,56,0,0,0,56,512,218,101,6,837,0,0,0,837
01/16/2000,MEM,TN,ASO,CE,Towers with Radar,367,249,92,12,720,4,6,9,0,19,371,255,101,12,739,0,0,0,739
01/17/2000,MEM,TN,ASO,CE,Towers with Radar,364,214,100,7,685,0,6,51,0,57,364,220,151,7,742,0,0,0,742
01/18/2000,MEM,TN,ASO,CE,Towers with Radar,681,300,154,12,1147,8,0,28,0,36,689,300,182,12,1183,0,0,0,1183
01/19/2000,MEM,TN,ASO,CE,Towers with Radar,687,328,152,14,1181,2,0,0,8,10,689,328,152,22,1191,0,0,0,1191
01/20/2000,MEM,TN,ASO,CE,Towers with Radar,682,322,157,13,1174,0,0,75,0,75,682,322,232,13,1249,0,0,0,1249
01/21/2000,MEM,TN,ASO,CE,Towers with Radar,615,295,157,12,1079,4,7,23,0,34,619,302,180,12,1113,0,0,0,1113
01/22/2000,MEM,TN,ASO,CE,Towers with Radar,500,201,50,5,756,4,6,0,0,10,504,207,50,5,766,0,0,0,766
01/23/2000,MEM,TN,ASO,CE,Towers with Radar,376,227,93,14,710,4,5,0,1,10,380,232,93,15,720,0,0,0,720
01/24/2000,MEM,TN,ASO,CE,Towers with Radar,349,253,125,8,735,5,6,23,0,34,354,259,148,8,769,0,0,0,769
01/25/2000,MEM,TN,ASO,CE,Towers with Radar,667,303,143,16,1129,4,5,21,1,31,671,308,164,17,1160,0,0,0,1160
01/26/2000,MEM,TN,ASO,CE,Towers with Radar,672,304,163,15,1154,4,5,32,0,41,676,309,195,15,1195,0,0,0,1195
01/27/2000,MEM,TN,ASO,CE,Towers with Radar,627,289,146,6,1068,4,5,9,0,18,631,294,155,6,1086,0,0,0,1086
01/28/2000,MEM,TN,ASO,CE,Towers with Radar,557,272,64,10,903,4,5,0,0,9,561,277,64,10,912,0,0,0,912
01/29/2000,MEM,TN,ASO,CE,Towers with Radar,485,198,61,3,747,4,5,0,0,9,489,203,61,3,756,0,0,0,756
01/30/2000,MEM,TN,ASO,CE,Towers with Radar,380,210,82,6,678,4,5,7,0,16,384,215,89,6,694,0,0,0,694
01/31/2000,MEM,TN,ASO,CE,Towers with Radar,357,244,134,5,740,4,5,17,0,26,361,249,151,5,766,0,0,0,766
02/01/2000,MEM,TN,ASO,CE,Towers with Radar,715,304,173,6,1198,0,2,29,3,34,715,306,202,9,1232,0,0,0,1232
02/02/2000,MEM,TN,ASO,CE,Towers with Radar,715,321,148,14,1198,0,1,32,4,37,715,322,180,18,1235,0,0,0,1235
02/03/2000,MEM,TN,ASO,CE,Towers with Radar,698,309,144,15,1166,0,2,24,4,30,698,311,168,19,1196,0,0,0,1196
02/04/2000,MEM,TN,ASO,CE,Towers with Radar,633,294,132,9,1068,0,3,20,2,25,633,297,152,11,1093,0,0,0,1093
02/05/2000,MEM,TN,ASO,CE,Towers with Radar,520,214,59,4,797,0,1,30,1,32,520,215,89,5,829,0,0,0,829
02/06/2000,MEM,TN,ASO,CE,Towers with Radar,417,203,106,13,739,0,2,20,2,24,417,205,126,15,763,0,0,0,763
02/07/2000,MEM,TN,ASO,CE,Towers with Radar,377,244,134,9,764,0,2,39,1,42,377,246,173,10,806,0,0,0,806
02/08/2000,MEM,TN,ASO,CE,Towers with Radar,712,306,127,3,1148,0,3,39,1,43,712,309,166,4,1191,0,0,0,1191
02/09/2000,MEM,TN,ASO,CE,Towers with Radar,705,307,150,10,1172,0,2,40,2,44,705,309,190,12,1216,0,0,0,1216
02/10/2000,MEM,TN,ASO,CE,Towers with Radar,721,310,149,9,1189,0,1,13,1,15,721,311,162,10,1204,0,0,0,1204
02/11/2000,MEM,TN,ASO,CE,Towers with Radar,646,297,160,11,1114,0,1,6,1,8,646,298,166,12,1122,0,0,0,1122
02/12/2000,MEM,TN,ASO,CE,Towers with Radar,527,214,72,7,820,0,1,2,1,4,527,215,74,8,824,0,0,0,824
02/13/2000,MEM,TN,ASO,CE,Towers with Radar,395,229,61,4,689,0,1,1,0,2,395,230,62,4,691,0,0,0,691
02/14/2000,MEM,TN,ASO,CE,Towers with Radar,374,248,137,12,771,0,2,24,0,26,374,250,161,12,797,0,0,0,797
02/15/2000,MEM,TN,ASO,CE,Towers with Radar,709,311,192,10,1222,0,1,32,0,33,709,312,224,10,1255,0,0,0,1255
02/16/2000,MEM,TN,ASO,CE,Towers with Radar,710,312,169,38,1229,0,1,27,1,29,710,313,196,39,1258,0,0,0,1258
02/17/2000,MEM,TN,ASO,CE,Towers with Radar,698,299,153,12,1162,0,1,7,0,8,698,300,160,12,1170,0,0,0,1170
02/18/2000,MEM,TN,ASO,CE,Towers with Radar,615,287,116,13,1031,0,3,9,0,12,615,290,125,13,1043,0,0,0,1043
02/19/2000,MEM,TN,ASO,CE,Towers with Radar,519,213,84,6,822,0,1,6,0,7,519,214,90,6,829,0,0,0,829
02/20/2000,MEM,TN,ASO,CE,Towers with Radar,380,232,80,13,705,0,1,29,0,30,380,233,109,13,735,0,0,0,735
02/21/2000,MEM,TN,ASO,CE,Towers with Radar,378,234,145,6,763,0,1,36,0,37,378,235,181,6,800,0,0,0,800
02/22/2000,MEM,TN,ASO,CE,Towers with Radar,683,281,150,8,1122,22,0,46,0,68,705,281,196,8,1190,0,0,0,1190
02/23/2000,MEM,TN,ASO,CE,Towers with Radar,698,304,188,15,1205,0,2,20,0,22,698,306,208,15,1227,0,0,0,1227
02/24/2000,MEM,TN,ASO,CE,Towers with Radar,697,310,157,36,1200,0,2,24,0,26,697,312,181,36,1226,0,0,0,1226
02/25/2000,MEM,TN,ASO,CE,Towers with Radar,622,297,141,8,1068,0,6,40,0,46,622,303,181,8,1114,0,0,0,1114
02/26/2000,MEM,TN,ASO,CE,Towers with Radar,429,199,40,1,669,84,10,0,0,94,513,209,40,1,763,0,0,0,763
02/27/2000,MEM,TN,ASO,CE,Towers with Radar,400,228,81,7,716,0,1,59,1,61,400,229,140,8,777,0,0,0,777
02/28/2000,MEM,TN,ASO,CE,Towers with Radar,373,241,115,14,743,0,1,48,2,51,373,242,163,16,794,0,0,0,794
02/29/2000,MEM,TN,ASO,CE,Towers with Radar,727,300,135,10,1172,0,7,55,1,63,727,307,190,11,1235,0,0,0,1235
03/01/2000,MEM,TN,ASO,CE,Towers with Radar,665,289,159,10,1123,51,0,2,0,53,716,289,161,10,1176,0,0,0,1176
03/02/2000,MEM,TN,ASO,CE,Towers with Radar,701,307,157,24,1189,0,2,21,1,24,701,309,178,25,1213,0,0,0,1213
03/03/2000,MEM,TN,ASO,CE,Towers with Radar,625,297,147,15,1084,0,1,5,0,6,625,298,152,15,1090,0,0,0,1090
03/04/2000,MEM,TN,ASO,CE,Towers with Radar,518,200,89,9,816,0,1,19,2,22,518,201,108,11,838,0,0,0,838
03/05/2000,MEM,TN,ASO,CE,Towers with Radar,419,201,95,9,724,0,1,39,3,43,419,202,134,12,767,0,0,0,767
03/06/2000,MEM,TN,ASO,CE,Towers with Radar,383,242,103,8,736,0,1,42,0,43,383,243,145,8,779,0,0,0,779
03/07/2000,MEM,TN,ASO,CE,Towers with Radar,702,309,133,29,1173,0,1,40,1,42,702,310,173,30,1215,0,0,0,1215
03/08/2000,MEM,TN,ASO,CE,Towers with Radar,704,310,179,21,1214,0,2,19,0,21,704,312,198,21,1235,0,0,0,1235
03/09/2000,MEM,TN,ASO,CE,Towers with Radar,698,300,170,14,1182,0,1,37,2,40,698,301,207,16,1222,0,0,0,1222
03/10/2000,MEM,TN,ASO,CE,Towers with Radar,622,289,185,20,1116,0,1,15,0,16,622,290,200,20,1132,0,0,0,1132
03/11/2000,MEM,TN,ASO,CE,Towers with Radar,523,203,84,3,813,0,1,9,0,10,523,204,93,3,823,0,0,0,823
03/12/2000,MEM,TN,ASO,CE,Towers with Radar,420,198,107,15,740,0,1,26,1,28,420,199,133,16,768,0,0,0,768
03/13/2000,MEM,TN,ASO,CE,Towers with Radar,380,236,143,9,768,0,5,41,0,46,380,241,184,9,814,0,0,0,814
03/14/2000,MEM,TN,ASO,CE,Towers with Radar,713,305,144,14,1176,0,2,27,0,29,713,307,171,14,1205,0,0,0,1205
03/15/2000,MEM,TN,ASO,CE,Towers with Radar,702,304,176,14,1196,0,1,12,0,13,702,305,188,14,1209,0,0,0,1209
03/16/2000,MEM,TN,ASO,CE,Towers with Radar,709,307,159,13,1188,0,1,3,0,4,709,308,162,13,1192,0,0,0,1192
03/17/2000,MEM,TN,ASO,CE,Towers with Radar,634,287,163,11,1095,0,1,37,0,38,634,288,200,11,1133,0,0,0,1133
03/18/2000,MEM,TN,ASO,CE,Towers with Radar,523,199,92,7,821,0,1,13,0,14,523,200,105,7,835,0,0,0,835
03/19/2000,MEM,TN,ASO,CE,Towers with Radar,385,220,91,8,704,0,1,0,0,1,385,221,91,8,705,0,0,0,705
03/20/2000,MEM,TN,ASO,CE,Towers with Radar,387,239,140,16,782,0,1,20,2,23,387,240,160,18,805,0,0,0,805
03/21/2000,MEM,TN,ASO,CE,Towers with Radar,698,312,174,13,1197,0,2,47,4,53,698,314,221,17,1250,0,0,0,1250
03/22/2000,MEM,TN,ASO,CE,Towers with Radar,721,304,174,10,1209,0,1,47,0,48,721,305,221,10,1257,0,0,0,1257
03/23/2000,MEM,TN,ASO,CE,Towers with Radar,700,307,167,17,1191,5,0,66,0,71,705,307,233,17,1262,0,0,0,1262
03/24/2000,MEM,TN,ASO,CE,Towers with Radar,625,294,171,8,1098,0,0,31,1,32,625,294,202,9,1130,0,0,0,1130
03/25/2000,MEM,TN,ASO,CE,Towers with Radar,520,201,84,0,805,0,0,20,1,21,520,201,104,1,826,0,0,0,826
03/26/2000,MEM,TN,ASO,CE,Towers with Radar,439,206,112,13,770,0,0,32,1,33,439,206,144,14,803,0,0,0,803
03/27/2000,MEM,TN,ASO,CE,Towers with Radar,382,256,122,11,771,0,1,23,1,25,382,257,145,12,796,0,0,0,796
03/28/2000,MEM,TN,ASO,CE,Towers with Radar,700,306,148,24,1178,0,1,34,3,38,700,307,182,27,1216,0,0,0,1216
03/29/2000,MEM,TN,ASO,CE,Towers with Radar,704,310,146,9,1169,0,0,21,0,21,704,310,167,9,1190,0,0,0,1190
03/30/2000,MEM,TN,ASO,CE,Towers with Radar,707,316,181,33,1237,0,0,9,1,10,707,316,190,34,1247,0,0,0,1247
03/31/2000,MEM,TN,ASO,CE,Towers with Radar,627,290,152,14,1083,0,5,37,1,43,627,295,189,15,1126,0,0,0,1126
04/01/2000,MEM,TN,ASO,CE,Towers with Radar,512,197,77,5,791,0,3,20,0,23,512,200,97,5,814,0,0,0,814
04/02/2000,MEM,TN,ASO,CE,Towers with Radar,416,212,98,4,730,0,4,2,0,6,416,216,100,4,736,0,0,0,736
04/03/2000,MEM,TN,ASO,CE,Towers with Radar,426,232,89,2,749,0,4,2,0,6,426,236,91,2,755,0,0,0,755
04/04/2000,MEM,TN,ASO,CE,Towers with Radar,729,290,137,9,1165,0,3,29,1,33,729,293,166,10,1198,0,0,0,1198
04/05/2000,MEM,TN,ASO,CE,Towers with Radar,706,295,154,13,1168,0,0,83,2,85,706,295,237,15,1253,0,0,0,1253
04/06/2000,MEM,TN,ASO,CE,Towers with Radar,706,305,127,12,1150,0,3,56,0,59,706,308,183,12,1209,0,0,0,1209
04/07/2000,MEM,TN,ASO,CE,Towers with Radar,610,273,131,11,1025,0,7,15,2,24,610,280,146,13,1049,0,0,0,1049
04/08/2000,MEM,TN,ASO,CE,Towers with Radar,515,190,70,7,782,0,2,15,0,17,515,192,85,7,799,0,0,0,799
04/09/2000,MEM,TN,ASO,CE,Towers with Radar,424,213,104,6,747,0,2,37,1,40,424,215,141,7,787,0,0,0,787
04/10/2000,MEM,TN,ASO,CE,Towers with Radar,441,241,107,11,800,0,2,26,2,30,441,243,133,13,830,0,0,0,830
04/11/2000,MEM,TN,ASO,CE,Towers with Radar,651,286,133,9,1079,56,0,0,0,56,707,286,133,9,1135,0,0,0,1135
04/12/2000,MEM,TN,ASO,CE,Towers with Radar,706,283,173,15,1177,0,2,22,0,24,706,285,195,15,1201,0,0,0,1201
04/13/2000,MEM,TN,ASO,CE,Towers with Radar,697,289,168,9,1163,0,2,2,0,4,697,291,170,9,1167,0,0,0,1167
04/14/2000,MEM,TN,ASO,CE,Towers with Radar,613,293,159,12,1077,0,2,2,0,4,613,295,161,12,1081,0,0,0,1081
04/15/2000,MEM,TN,ASO,CE,Towers with Radar,488,210,95,5,798,0,0,0,0,0,488,210,95,5,798,0,0,0,798
04/16/2000,MEM,TN,ASO,CE,Towers with Radar,405,218,93,10,726,0,2,12,0,14,405,220,105,10,740,0,0,0,740
04/17/2000,MEM,TN,ASO,CE,Towers with Radar,437,240,99,7,783,0,3,13,0,16,437,243,112,7,799,0,0,0,799
04/18/2000,MEM,TN,ASO,CE,Towers with Radar,719,290,143,17,1169,0,2,45,1,48,719,292,188,18,1217,0,0,0,1217
04/19/2000,MEM,TN,ASO,CE,Towers with Radar,693,300,152,13,1158,0,0,78,1,79,693,300,230,14,1237,0,0,0,1237
04/20/2000,MEM,TN,ASO,CE,Towers with Radar,689,292,147,13,1141,0,0,37,5,42,689,292,184,18,1183,0,0,0,1183
04/21/2000,MEM,TN,ASO,CE,Towers with Radar,603,266,127,11,1007,2,12,0,3,17,605,278,127,14,1024,0,0,0,1024
04/22/2000,MEM,TN,ASO,CE,Towers with Radar,381,140,43,4,568,0,0,0,0,0,381,140,43,4,568,0,0,0,568
04/23/2000,MEM,TN,ASO,CE,Towers with Radar,425,190,69,6,690,0,2,12,0,14,425,192,81,6,704,0,0,0,704
04/24/2000,MEM,TN,ASO,CE,Towers with Radar,445,219,106,9,779,0,19,22,0,41,445,238,128,9,820,0,0,0,820
04/25/2000,MEM,TN,ASO,CE,Towers with Radar,711,304,163,14,1192,0,2,50,2,54,711,306,213,16,1246,0,0,0,1246
04/26/2000,MEM,TN,ASO,CE,Towers with Radar,706,300,151,13,1170,8,0,63,0,71,714,300,214,13,1241,0,0,0,1241
04/27/2000,MEM,TN,ASO,CE,Towers with Radar,612,294,150,13,1069,0,0,36,4,40,612,294,186,17,1109,0,0,0,1109
04/28/2000,MEM,TN,ASO,CE,Towers with Radar,480,202,117,10,809,0,0,0,0,0,480,202,117,10,809,0,0,0,809
04/29/2000,MEM,TN,ASO,CE,Towers with Radar,457,202,98,9,766,23,0,19,1,43,480,202,117,10,809,0,0,0,809
04/30/2000,MEM,TN,ASO,CE,Towers with Radar,407,192,106,29,734,0,2,0,0,2,407,194,106,29,736,0,0,0,736
05/01/2000,MEM,TN,ASO,CE,Towers with Radar,400,248,108,5,761,14,8,27,0,49,414,256,135,5,810,0,0,0,810
05/02/2000,MEM,TN,ASO,CE,Towers with Radar,684,306,53,28,1071,21,0,124,0,145,705,306,177,28,1216,0,0,0,1216
05/03/2000,MEM,TN,ASO,CE,Towers with Radar,682,323,53,10,1068,11,1,101,0,113,693,324,154,10,1181,0,0,0,1181
05/04/2000,MEM,TN,ASO,CE,Towers with Radar,706,300,142,12,1160,0,0,49,0,49,706,300,191,12,1209,0,0,0,1209
05/05/2000,MEM,TN,ASO,CE,Towers with Radar,488,207,40,5,740,0,0,60,0,60,488,207,100,5,800,0,0,0,800
05/06/2000,MEM,TN,ASO,CE,Towers with Radar,488,207,35,5,735,0,0,65,0,65,488,207,100,5,800,0,0,0,800
05/07/2000,MEM,TN,ASO,CE,Towers with Radar,399,231,80,16,726,0,0,60,0,60,399,231,140,16,786,0,0,0,786
05/08/2000,MEM,TN,ASO,CE,Towers with Radar,428,257,118,8,811,0,1,57,0,58,428,258,175,8,869,0,0,0,869
05/09/2000,MEM,TN,ASO,CE,Towers with Radar,708,311,113,19,1151,0,1,55,0,56,708,312,168,19,1207,0,0,0,1207
05/10/2000,MEM,TN,ASO,CE,Towers with Radar,719,302,59,13,1093,0,0,185,0,185,719,302,244,13,1278,0,0,0,1278
05/11/2000,MEM,TN,ASO,CE,Towers with Radar,716,300,141,8,1165,0,0,77,0,77,716,300,218,8,1242,0,0,0,1242
05/12/2000,MEM,TN,ASO,CE,Towers with Radar,624,302,138,17,1081,0,1,62,0,63,624,303,200,17,1144,0,0,0,1144
05/13/2000,MEM,TN,ASO,CE,Towers with Radar,524,215,27,2,768,0,0,55,0,55,524,215,82,2,823,0,0,0,823
05/14/2000,MEM,TN,ASO,CE,Towers with Radar,428,204,32,8,672,0,0,68,0,68,428,204,100,8,740,0,0,0,740
05/15/2000,MEM,TN,ASO,CE,Towers with Radar,434,235,29,6,704,0,22,121,0,143,434,257,150,6,847,0,0,0,847
05/16/2000,MEM,TN,ASO,CE,Towers with Radar,693,300,154,12,1159,0,0,71,0,71,693,300,225,12,1230,0,0,0,1230
05/17/2000,MEM,TN,ASO,CE,Towers with Radar,691,320,111,8,1130,0,0,75,0,75,691,320,186,8,1205,0,0,0,1205
05/18/2000,MEM,TN,ASO,CE,Towers with Radar,623,304,133,18,1078,0,0,52,0,52,623,304,185,18,1130,0,0,0,1130
05/19/2000,MEM,TN,ASO,CE,Towers with Radar,484,219,50,5,758,0,0,37,0,37,484,219,87,5,795,0,0,0,795
05/20/2000,MEM,TN,ASO,CE,Towers with Radar,484,219,46,5,754,0,0,41,0,41,484,219,87,5,795,0,0,0,795
05/21/2000,MEM,TN,ASO,CE,Towers with Radar,395,225,92,7,719,0,0,53,0,53,395,225,145,7,772,0,0,0,772
05/22/2000,MEM,TN,ASO,CE,Towers with Radar,422,259,93,17,791,0,0,77,0,77,422,259,170,17,868,0,0,0,868
05/23/2000,MEM,TN,ASO,CE,Towers with Radar,676,313,53,6,1048,17,0,164,0,181,693,313,217,6,1229,0,0,0,1229
05/24/2000,MEM,TN,ASO,CE,Towers with Radar,683,316,123,18,1140,0,0,71,0,71,683,316,194,18,1211,0,0,0,1211
05/25/2000,MEM,TN,ASO,CE,Towers with Radar,569,270,38,20,897,149,39,185,0,373,718,309,223,20,1270,0,0,0,1270
05/26/2000,MEM,TN,ASO,CE,Towers with Radar,620,304,51,9,984,0,0,151,0,151,620,304,202,9,1135,0,0,0,1135
05/27/2000,MEM,TN,ASO,CE,Towers with Radar,492,204,17,12,725,0,0,49,0,49,492,204,66,12,774,0,0,0,774
05/28/2000,MEM,TN,ASO,CE,Towers with Radar,411,180,22,4,617,0,0,74,0,74,411,180,96,4,691,0,0,0,691
05/29/2000,MEM,TN,ASO,CE,Towers with Radar,355,208,29,4,596,0,0,78,0,78,355,208,107,4,674,0,0,0,674
05/30/2000,MEM,TN,ASO,CE,Towers with Radar,477,265,107,7,856,0,0,79,0,79,477,265,186,7,935,0,0,0,935
05/31/2000,MEM,TN,ASO,CE,Towers with Radar,712,326,124,11,1173,0,0,72,0,72,712,326,196,11,1245,0,0,0,1245
06/01/2000,MEM,TN,ASO,CE,Towers with Radar,751,329,141,11,1232,0,0,30,0,30,751,329,171,11,1262,0,0,0,1262
06/02/2000,MEM,TN,ASO,CE,Towers with Radar,669,329,128,4,1130,0,0,35,0,35,669,329,163,4,1165,0,0,0,1165
06/03/2000,MEM,TN,ASO,CE,Towers with Radar,489,232,97,4,822,32,11,0,0,43,521,243,97,4,865,0,0,0,865
06/04/2000,MEM,TN,ASO,CE,Towers with Radar,431,254,95,6,786,0,0,7,0,7,431,254,102,6,793,0,0,0,793
06/05/2000,MEM,TN,ASO,CE,Towers with Radar,481,284,135,7,907,0,0,12,0,12,481,284,147,7,919,0,0,0,919
06/06/2000,MEM,TN,ASO,CE,Towers with Radar,774,326,192,23,1315,0,0,47,0,47,774,326,239,23,1362,0,0,0,1362
06/07/2000,MEM,TN,ASO,CE,Towers with Radar,737,337,152,13,1239,26,0,44,0,70,763,337,196,13,1309,0,0,0,1309
06/08/2000,MEM,TN,ASO,CE,Towers with Radar,787,337,175,16,1315,0,0,44,1,45,787,337,219,17,1360,0,0,0,1360
06/09/2000,MEM,TN,ASO,CE,Towers with Radar,657,323,154,30,1164,0,1,39,0,40,657,324,193,30,1204,0,0,0,1204
06/10/2000,MEM,TN,ASO,CE,Towers with Radar,515,234,88,4,841,0,0,27,0,27,515,234,115,4,868,0,0,0,868
06/11/2000,MEM,TN,ASO,CE,Towers with Radar,462,224,82,15,783,0,0,16,0,16,462,224,98,15,799,0,0,0,799
06/12/2000,MEM,TN,ASO,CE,Towers with Radar,484,279,120,13,896,0,0,27,0,27,484,279,147,13,923,0,0,0,923
06/13/2000,MEM,TN,ASO,CE,Towers with Radar,764,342,128,14,1248,0,0,50,0,50,764,342,178,14,1298,0,0,0,1298
06/14/2000,MEM,TN,ASO,CE,Towers with Radar,737,325,143,11,1216,0,0,22,1,23,737,325,165,12,1239,0,0,0,1239
06/15/2000,MEM,TN,ASO,CE,Towers with Radar,764,338,155,15,1272,0,0,20,0,20,764,338,175,15,1292,0,0,0,1292
06/16/2000,MEM,TN,ASO,CE,Towers with Radar,646,327,147,19,1139,0,0,34,0,34,646,327,181,19,1173,0,0,0,1173
06/17/2000,MEM,TN,ASO,CE,Towers with Radar,472,225,64,6,767,52,14,0,0,66,524,239,64,6,833,0,0,0,833
06/18/2000,MEM,TN,ASO,CE,Towers with Radar,469,225,63,9,766,0,0,13,2,15,469,225,76,11,781,0,0,0,781
06/19/2000,MEM,TN,ASO,CE,Towers with Radar,497,293,131,7,928,0,0,15,3,18,497,293,146,10,946,0,0,0,946
06/20/2000,MEM,TN,ASO,CE,Towers with Radar,741,370,129,19,1259,0,0,31,2,33,741,370,160,21,1292,0,0,0,1292
06/21/2000,MEM,TN,ASO,CE,Towers with Radar,765,348,145,10,1268,0,0,19,0,19,765,348,164,10,1287,0,0,0,1287
06/22/2000,MEM,TN,ASO,CE,Towers with Radar,781,355,183,15,1334,0,0,45,2,47,781,355,228,17,1381,0,0,0,1381
06/23/2000,MEM,TN,ASO,CE,Towers with Radar,661,330,161,13,1165,0,0,46,0,46,661,330,207,13,1211,0,0,0,1211
06/24/2000,MEM,TN,ASO,CE,Towers with Radar,539,242,72,4,857,17,0,39,1,57,556,242,111,5,914,0,0,0,914
06/25/2000,MEM,TN,ASO,CE,Towers with Radar,465,241,104,9,819,0,8,56,10,74,465,249,160,19,893,0,0,0,893
06/26/2000,MEM,TN,ASO,CE,Towers with Radar,495,283,147,8,933,0,0,22,0,22,495,283,169,8,955,0,0,0,955
06/27/2000,MEM,TN,ASO,CE,Towers with Radar,782,347,158,11,1298,0,5,45,0,50,782,352,203,11,1348,0,0,0,1348
06/28/2000,MEM,TN,ASO,CE,Towers with Radar,770,356,187,11,1324,0,0,33,1,34,770,356,220,12,1358,0,0,0,1358
06/29/2000,MEM,TN,ASO,CE,Towers with Radar,782,355,187,23,1347,0,0,32,0,32,782,355,219,23,1379,0,0,0,1379
06/30/2000,MEM,TN,ASO,CE,Towers with Radar,697,348,149,5,1199,0,0,37,0,37,697,348,186,5,1236,0,0,0,1236
07/01/2000,MEM,TN,ASO,CE,Towers with Radar,494,243,94,11,842,29,0,32,4,65,523,243,126,15,907,0,0,0,907
07/02/2000,MEM,TN,ASO,CE,Towers with Radar,471,215,52,4,742,0,0,28,0,28,471,215,80,4,770,0,0,0,770
07/03/2000,MEM,TN,ASO,CE,Towers with Radar,442,246,67,7,762,0,0,42,0,42,442,246,109,7,804,0,0,0,804
07/04/2000,MEM,TN,ASO,CE,Towers with Radar,419,248,53,3,723,0,0,9,0,9,419,248,62,3,732,0,0,0,732
07/05/2000,MEM,TN,ASO,CE,Towers with Radar,685,312,130,11,1138,0,0,16,0,16,685,312,146,11,1154,0,0,0,1154
07/06/2000,MEM,TN,ASO,CE,Towers with Radar,766,355,145,27,1293,0,0,35,0,35,766,355,180,27,1328,0,0,0,1328
07/07/2000,MEM,TN,ASO,CE,Towers with Radar,663,336,120,22,1141,0,0,33,0,33,663,336,153,22,1174,0,0,0,1174
07/08/2000,MEM,TN,ASO,CE,Towers with Radar,522,246,81,10,859,0,0,27,0,27,522,246,108,10,886,0,0,0,886
07/09/2000,MEM,TN,ASO,CE,Towers with Radar,297,165,49,12,523,0,0,0,7,7,297,165,49,19,530,0,0,0,530
07/10/2000,MEM,TN,ASO,CE,Towers with Radar,478,285,131,16,910,4,0,18,0,22,482,285,149,16,932,0,0,0,932
07/11/2000,MEM,TN,ASO,CE,Towers with Radar,779,342,139,7,1267,0,0,24,0,24,779,342,163,7,1291,0,0,0,1291
07/12/2000,MEM,TN,ASO,CE,Towers with Radar,744,342,140,9,1235,14,0,68,0,82,758,342,208,9,1317,0,0,0,1317
07/13/2000,MEM,TN,ASO,CE,Towers with Radar,751,342,162,19,1274,0,0,34,0,34,751,342,196,19,1308,0,0,0,1308
07/14/2000,MEM,TN,ASO,CE,Towers with Radar,646,323,120,9,1098,0,0,41,0,41,646,323,161,9,1139,0,0,0,1139
07/15/2000,MEM,TN,ASO,CE,Towers with Radar,485,241,80,11,817,36,1,0,8,45,521,242,80,19,862,0,0,0,862
07/16/2000,MEM,TN,ASO,CE,Towers with Radar,452,253,72,9,786,0,0,39,3,42,452,253,111,12,828,0,0,0,828
07/17/2000,MEM,TN,ASO,CE,Towers with Radar,491,278,150,6,925,0,0,22,0,22,491,278,172,6,947,0,0,0,947
07/18/2000,MEM,TN,ASO,CE,Towers with Radar,748,338,150,16,1252,0,0,27,0,27,748,338,177,16,1279,0,0,0,1279
07/19/2000,MEM,TN,ASO,CE,Towers with Radar,763,359,158,19,1299,0,0,44,0,44,763,359,202,19,1343,0,0,0,1343
07/20/2000,MEM,TN,ASO,CE,Towers with Radar,747,338,137,11,1233,0,0,30,1,31,747,338,167,12,1264,0,0,0,1264
07/21/2000,MEM,TN,ASO,CE,Towers with Radar,660,337,164,13,1174,0,0,24,0,24,660,337,188,13,1198,0,0,0,1198
07/22/2000,MEM,TN,ASO,CE,Towers with Radar,528,245,67,6,846,0,0,33,0,33,528,245,100,6,879,0,0,0,879
07/23/2000,MEM,TN,ASO,CE,Towers with Radar,433,273,80,9,795,0,1,30,1,32,433,274,110,10,827,0,0,0,827
07/24/2000,MEM,TN,ASO,CE,Towers with Radar,496,271,103,12,882,0,25,67,4,96,496,296,170,16,978,0,0,0,978
07/25/2000,MEM,TN,ASO,CE,Towers with Radar,769,346,144,14,1273,0,0,28,0,28,769,346,172,14,1301,0,0,0,1301
07/26/2000,MEM,TN,ASO,CE,Towers with Radar,757,343,124,28,1252,0,0,28,0,28,757,343,152,28,1280,0,0,0,1280
07/27/2000,MEM,TN,ASO,CE,Towers with Radar,766,352,162,15,1295,0,0,38,0,38,766,352,200,15,1333,0,0,0,1333
07/28/2000,MEM,TN,ASO,CE,Towers with Radar,654,331,101,16,1102,0,0,19,0,19,654,331,120,16,1121,0,0,0,1121
07/29/2000,MEM,TN,ASO,CE,Towers with Radar,527,247,62,8,844,0,0,15,0,15,527,247,77,8,859,0,0,0,859
07/30/2000,MEM,TN,ASO,CE,Towers with Radar,487,241,83,10,821,0,0,15,0,15,487,241,98,10,836,0,0,0,836
07/31/2000,MEM,TN,ASO,CE,Towers with Radar,488,299,134,16,937,0,1,32,0,33,488,300,166,16,970,0,0,0,970
08/01/2000,MEM,TN,ASO,CE,Towers with Radar,764,354,143,14,1275,0,1,17,0,18,764,355,160,14,1293,0,0,0,1293
08/02/2000,MEM,TN,ASO,CE,Towers with Radar,743,359,157,14,1273,0,1,21,0,22,743,360,178,14,1295,0,0,0,1295
08/03/2000,MEM,TN,ASO,CE,Towers with Radar,751,373,153,18,1295,0,1,25,1,27,751,374,178,19,1322,0,0,0,1322
08/04/2000,MEM,TN,ASO,CE,Towers with Radar,668,348,136,22,1174,0,1,26,0,27,668,349,162,22,1201,0,0,0,1201
08/05/2000,MEM,TN,ASO,CE,Towers with Radar,515,272,45,14,846,0,1,27,1,29,515,273,72,15,875,0,0,0,875
08/06/2000,MEM,TN,ASO,CE,Towers with Radar,453,279,66,11,809,0,1,37,0,38,453,280,103,11,847,0,0,0,847
08/07/2000,MEM,TN,ASO,CE,Towers with Radar,477,311,102,16,906,0,1,27,0,28,477,312,129,16,934,0,0,0,934
08/08/2000,MEM,TN,ASO,CE,Towers with Radar,762,362,131,24,1279,0,1,28,0,29,762,363,159,24,1308,0,0,0,1308
08/09/2000,MEM,TN,ASO,CE,Towers with Radar,751,364,147,21,1283,0,1,27,0,28,751,365,174,21,1311,0,0,0,1311
08/10/2000,MEM,TN,ASO,CE,Towers with Radar,761,378,142,21,1302,0,1,19,2,22,761,379,161,23,1324,0,0,0,1324
08/11/2000,MEM,TN,ASO,CE,Towers with Radar,661,357,124,9,1151,0,1,44,0,45,661,358,168,9,1196,0,0,0,1196
08/12/2000,MEM,TN,ASO,CE,Towers with Radar,519,264,59,8,850,0,1,46,0,47,519,265,105,8,897,0,0,0,897
08/13/2000,MEM,TN,ASO,CE,Towers with Radar,438,276,81,12,807,0,1,43,0,44,438,277,124,12,851,0,0,0,851
08/14/2000,MEM,TN,ASO,CE,Towers with Radar,484,308,118,5,915,0,2,47,2,51,484,310,165,7,966,0,0,0,966
08/15/2000,MEM,TN,ASO,CE,Towers with Radar,744,369,146,16,1275,23,0,39,3,65,767,369,185,19,1340,0,0,0,1340
08/16/2000,MEM,TN,ASO,CE,Towers with Radar,758,358,128,20,1264,0,1,34,0,35,758,359,162,20,1299,0,0,0,1299
08/17/2000,MEM,TN,ASO,CE,Towers with Radar,745,351,148,10,1254,0,1,33,0,34,745,352,181,10,1288,0,0,0,1288
08/18/2000,MEM,TN,ASO,CE,Towers with Radar,692,353,162,22,1229,0,1,32,0,33,692,354,194,22,1262,0,0,0,1262
08/19/2000,MEM,TN,ASO,CE,Towers with Radar,527,260,71,9,867,0,0,39,1,40,527,260,110,10,907,0,0,0,907
08/20/2000,MEM,TN,ASO,CE,Towers with Radar,447,272,94,7,820,0,0,27,1,28,447,272,121,8,848,0,0,0,848
08/21/2000,MEM,TN,ASO,CE,Towers with Radar,492,316,116,5,929,0,0,30,1,31,492,316,146,6,960,0,0,0,960
08/22/2000,MEM,TN,ASO,CE,Towers with Radar,752,362,135,14,1263,0,0,18,0,18,752,362,153,14,1281,0,0,0,1281
08/23/2000,MEM,TN,ASO,CE,Towers with Radar,743,357,176,11,1287,0,1,30,1,32,743,358,206,12,1319,0,0,0,1319
08/24/2000,MEM,TN,ASO,CE,Towers with Radar,769,374,230,13,1386,0,0,31,0,31,769,374,261,13,1417,0,0,0,1417
08/25/2000,MEM,TN,ASO,CE,Towers with Radar,677,375,197,6,1255,0,3,27,0,30,677,378,224,6,1285,0,0,0,1285
08/26/2000,MEM,TN,ASO,CE,Towers with Radar,527,263,68,3,861,0,1,28,0,29,527,264,96,3,890,0,0,0,890
08/27/2000,MEM,TN,ASO,CE,Towers with Radar,447,289,63,8,807,0,0,29,0,29,447,289,92,8,836,0,0,0,836
08/28/2000,MEM,TN,ASO,CE,Towers with Radar,502,303,112,10,927,0,2,37,0,39,502,305,149,10,966,0,0,0,966
08/29/2000,MEM,TN,ASO,CE,Towers with Radar,750,361,136,14,1261,0,2,25,0,27,750,363,161,14,1288,0,0,0,1288
08/30/2000,MEM,TN,ASO,CE,Towers with Radar,762,364,150,21,1297,0,1,22,0,23,762,365,172,21,1320,0,0,0,1320
08/31/2000,MEM,TN,ASO,CE,Towers with Radar,751,367,158,18,1294,0,0,30,1,31,751,367,188,19,1325,0,0,0,1325
09/01/2000,MEM,TN,ASO,CE,Towers with Radar,652,355,130,9,1146,0,1,21,1,23,652,356,151,10,1169,0,0,0,1169
09/02/2000,MEM,TN,ASO,CE,Towers with Radar,470,240,78,8,796,32,28,0,1,61,502,268,78,9,857,0,0,0,857
09/03/2000,MEM,TN,ASO,CE,Towers with Radar,377,240,55,6,678,0,1,26,1,28,377,241,81,7,706,0,0,0,706
09/04/2000,MEM,TN,ASO,CE,Towers with Radar,363,234,79,10,686,0,1,23,1,25,363,235,102,11,711,0,0,0,711
09/05/2000,MEM,TN,ASO,CE,Towers with Radar,523,299,132,7,961,0,1,6,1,8,523,300,138,8,969,0,0,0,969
09/06/2000,MEM,TN,ASO,CE,Towers with Radar,751,362,149,12,1274,0,1,31,1,33,751,363,180,13,1307,0,0,0,1307
09/07/2000,MEM,TN,ASO,CE,Towers with Radar,761,362,145,14,1282,0,1,20,1,22,761,363,165,15,1304,0,0,0,1304
09/08/2000,MEM,TN,ASO,CE,Towers with Radar,686,357,145,58,1246,0,1,8,3,12,686,358,153,61,1258,0,0,0,1258
09/09/2000,MEM,TN,ASO,CE,Towers with Radar,510,252,94,18,874,0,1,10,1,12,510,253,104,19,886,0,0,0,886
09/10/2000,MEM,TN,ASO,CE,Towers with Radar,452,266,93,10,821,0,1,22,0,23,452,267,115,10,844,0,0,0,844
09/11/2000,MEM,TN,ASO,CE,Towers with Radar,463,296,133,15,907,0,1,26,0,27,463,297,159,15,934,0,0,0,934
09/12/2000,MEM,TN,ASO,CE,Towers with Radar,721,356,150,9,1236,36,0,7,0,43,757,356,157,9,1279,0,0,0,1279
09/13/2000,MEM,TN,ASO,CE,Towers with Radar,757,372,155,15,1299,0,1,34,1,36,757,373,189,16,1335,0,0,0,1335
09/14/2000,MEM,TN,ASO,CE,Towers with Radar,734,369,153,16,1272,8,0,38,1,47,742,369,191,17,1319,0,0,0,1319
09/15/2000,MEM,TN,ASO,CE,Towers with Radar,680,344,183,20,1227,0,1,62,1,64,680,345,245,21,1291,0,0,0,1291
09/16/2000,MEM,TN,ASO,CE,Towers with Radar,247,134,64,7,452,0,0,0,0,0,247,134,64,7,452,0,0,0,452
09/17/2000,MEM,TN,ASO,CE,Towers with Radar,441,272,86,12,811,0,1,39,1,41,441,273,125,13,852,0,0,0,852
09/18/2000,MEM,TN,ASO,CE,Towers with Radar,488,306,102,12,908,0,1,42,1,44,488,307,144,13,952,0,0,0,952
09/19/2000,MEM,TN,ASO,CE,Towers with Radar,722,363,149,7,1241,39,0,40,0,79,761,363,189,7,1320,0,0,0,1320
09/20/2000,MEM,TN,ASO,CE,Towers with Radar,737,377,164,8,1286,0,4,30,1,35,737,381,194,9,1321,0,0,0,1321
09/21/2000,MEM,TN,ASO,CE,Towers with Radar,777,357,226,8,1368,0,0,41,1,42,777,357,267,9,1410,0,0,0,1410
09/22/2000,MEM,TN,ASO,CE,Towers with Radar,651,338,126,12,1127,0,1,25,0,26,651,339,151,12,1153,0,0,0,1153
09/23/2000,MEM,TN,ASO,CE,Towers with Radar,510,260,76,4,850,0,6,14,1,21,510,266,90,5,871,0,0,0,871
09/24/2000,MEM,TN,ASO,CE,Towers with Radar,460,268,106,6,840,0,0,11,1,12,460,268,117,7,852,0,0,0,852
09/25/2000,MEM,TN,ASO,CE,Towers with Radar,476,305,112,13,906,0,0,6,2,8,476,305,118,15,914,0,0,0,914
09/26/2000,MEM,TN,ASO,CE,Towers with Radar,789,359,186,24,1358,0,1,60,1,62,789,360,246,25,1420,0,0,0,1420
09/27/2000,MEM,TN,ASO,CE,Towers with Radar,785,371,191,18,1365,0,1,52,4,57,785,372,243,22,1422,0,0,0,1422
09/28/2000,MEM,TN,ASO,CE,Towers with Radar,726,355,151,14,1246,38,0,50,3,91,764,355,201,17,1337,0,0,0,1337
09/29/2000,MEM,TN,ASO,CE,Towers with Radar,678,365,147,7,1197,0,0,60,2,62,678,365,207,9,1259,0,0,0,1259
09/30/2000,MEM,TN,ASO,CE,Towers with Radar,515,252,81,7,855,0,0,48,1,49,515,252,129,8,904,0,0,0,904
10/01/2000,MEM,TN,ASO,CE,Towers with Radar,478,262,86,11,837,0,0,43,0,43,478,262,129,11,880,0,0,0,880
10/02/2000,MEM,TN,ASO,CE,Towers with Radar,488,319,101,5,913,0,0,49,0,49,488,319,150,5,962,0,0,0,962
10/03/2000,MEM,TN,ASO,CE,Towers with Radar,767,363,125,11,1266,0,0,52,0,52,767,363,177,11,1318,0,0,0,1318
10/04/2000,MEM,TN,ASO,CE,Towers with Radar,760,380,143,16,1299,0,0,43,0,43,760,380,186,16,1342,0,0,0,1342
10/05/2000,MEM,TN,ASO,CE,Towers with Radar,763,387,153,21,1324,0,0,35,1,36,763,387,188,22,1360,0,0,0,1360
10/06/2000,MEM,TN,ASO,CE,Towers with Radar,653,364,169,22,1208,0,0,12,0,12,653,364,181,22,1220,0,0,0,1220
10/07/2000,MEM,TN,ASO,CE,Towers with Radar,511,268,47,7,833,0,0,28,0,28,511,268,75,7,861,0,0,0,861
10/08/2000,MEM,TN,ASO,CE,Towers with Radar,435,279,95,9,818,0,0,43,1,44,435,279,138,10,862,0,0,0,862
10/09/2000,MEM,TN,ASO,CE,Towers with Radar,488,288,96,15,887,0,0,34,0,34,488,288,130,15,921,0,0,0,921
10/10/2000,MEM,TN,ASO,CE,Towers with Radar,719,347,141,16,1223,46,0,50,3,99,765,347,191,19,1322,0,0,0,1322
10/11/2000,MEM,TN,ASO,CE,Towers with Radar,763,370,154,17,1304,0,1,32,0,33,763,371,186,17,1337,0,0,0,1337
10/12/2000,MEM,TN,ASO,CE,Towers with Radar,768,371,139,12,1290,0,1,46,0,47,768,372,185,12,1337,0,0,0,1337
10/13/2000,MEM,TN,ASO,CE,Towers with Radar,629,347,133,9,1118,0,0,41,0,41,629,347,174,9,1159,0,0,0,1159
10/14/2000,MEM,TN,ASO,CE,Towers with Radar,504,266,90,11,871,3,11,0,7,21,507,277,90,18,892,0,0,0,892
10/15/2000,MEM,TN,ASO,CE,Towers with Radar,467,266,99,11,843,0,18,26,3,47,467,284,125,14,890,0,0,0,890
10/16/2000,MEM,TN,ASO,CE,Towers with Radar,482,306,128,6,922,0,0,25,0,25,482,306,153,6,947,0,0,0,947
10/17/2000,MEM,TN,ASO,CE,Towers with Radar,768,365,161,13,1307,0,0,8,0,8,768,365,169,13,1315,0,0,0,1315
10/18/2000,MEM,TN,ASO,CE,Towers with Radar,756,367,137,12,1272,0,0,50,1,51,756,367,187,13,1323,0,0,0,1323
10/19/2000,MEM,TN,ASO,CE,Towers with Radar,768,362,163,14,1307,0,0,46,0,46,768,362,209,14,1353,0,0,0,1353
10/20/2000,MEM,TN,ASO,CE,Towers with Radar,643,382,149,20,1194,0,2,33,1,36,643,384,182,21,1230,0,0,0,1230
10/21/2000,MEM,TN,ASO,CE,Towers with Radar,509,266,74,26,875,0,0,27,1,28,509,266,101,27,903,0,0,0,903
10/22/2000,MEM,TN,ASO,CE,Towers with Radar,443,281,87,12,823,0,0,24,0,24,443,281,111,12,847,0,0,0,847
10/23/2000,MEM,TN,ASO,CE,Towers with Radar,485,316,94,11,906,0,0,29,4,33,485,316,123,15,939,0,0,0,939
10/24/2000,MEM,TN,ASO,CE,Towers with Radar,774,370,143,19,1306,0,1,39,0,40,774,371,182,19,1346,0,0,0,1346
10/25/2000,MEM,TN,ASO,CE,Towers with Radar,773,366,164,9,1312,0,0,45,0,45,773,366,209,9,1357,0,0,0,1357
10/26/2000,MEM,TN,ASO,CE,Towers with Radar,774,359,118,17,1268,0,1,24,0,25,774,360,142,17,1293,0,0,0,1293
10/27/2000,MEM,TN,ASO,CE,Towers with Radar,660,363,154,6,1183,0,0,38,1,39,660,363,192,7,1222,0,0,0,1222
10/28/2000,MEM,TN,ASO,CE,Towers with Radar,479,255,95,9,838,21,1,1,0,23,500,256,96,9,861,0,0,0,861
10/29/2000,MEM,TN,ASO,CE,Towers with Radar,484,266,131,12,893,0,0,41,0,41,484,266,172,12,934,0,0,0,934
10/30/2000,MEM,TN,ASO,CE,Towers with Radar,432,304,132,8,876,0,0,22,0,22,432,304,154,8,898,0,0,0,898
10/31/2000,MEM,TN,ASO,CE,Towers with Radar,775,359,136,11,1281,0,0,19,0,19,775,359,155,11,1300,0,0,0,1300
11/01/2000,MEM,TN,ASO,CE,Towers with Radar,789,372,157,17,1335,3,0,20,0,23,792,372,177,17,1358,0,0,0,1358
11/02/2000,MEM,TN,ASO,CE,Towers with Radar,758,378,133,11,1280,3,0,10,1,14,761,378,143,12,1294,0,0,0,1294
11/03/2000,MEM,TN,ASO,CE,Towers with Radar,680,358,186,11,1235,3,0,17,1,21,683,358,203,12,1256,0,0,0,1256
11/04/2000,MEM,TN,ASO,CE,Towers with Radar,553,271,93,6,923,3,0,2,0,5,556,271,95,6,928,0,0,0,928
11/05/2000,MEM,TN,ASO,CE,Towers with Radar,439,311,107,7,864,3,0,22,0,25,442,311,129,7,889,0,0,0,889
11/06/2000,MEM,TN,ASO,CE,Towers with Radar,429,240,87,3,759,0,65,0,0,65,429,305,87,3,824,0,0,0,824
11/07/2000,MEM,TN,ASO,CE,Towers with Radar,755,361,155,13,1284,3,0,29,1,33,758,361,184,14,1317,0,0,0,1317
11/08/2000,MEM,TN,ASO,CE,Towers with Radar,767,369,134,37,1307,2,0,0,0,2,769,369,134,37,1309,0,0,0,1309
11/09/2000,MEM,TN,ASO,CE,Towers with Radar,763,351,149,12,1275,3,0,3,0,6,766,351,152,12,1281,0,0,0,1281
11/10/2000,MEM,TN,ASO,CE,Towers with Radar,691,362,143,14,1210,0,0,22,9,31,691,362,165,23,1241,0,0,0,1241
11/11/2000,MEM,TN,ASO,CE,Towers with Radar,571,261,73,8,913,3,0,31,0,34,574,261,104,8,947,0,0,0,947
11/12/2000,MEM,TN,ASO,CE,Towers with Radar,477,251,79,14,821,3,0,25,0,28,480,251,104,14,849,0,0,0,849
11/13/2000,MEM,TN,ASO,CE,Towers with Radar,428,299,128,12,867,3,0,14,0,17,431,299,142,12,884,0,0,0,884
11/14/2000,MEM,TN,ASO,CE,Towers with Radar,771,371,143,16,1301,3,0,27,0,30,774,371,170,16,1331,0,0,0,1331
11/15/2000,MEM,TN,ASO,CE,Towers with Radar,770,377,186,10,1343,3,0,35,0,38,773,377,221,10,1381,0,0,0,1381
11/16/2000,MEM,TN,ASO,CE,Towers with Radar,768,376,190,7,1341,3,0,1,0,4,771,376,191,7,1345,0,0,0,1345
11/17/2000,MEM,TN,ASO,CE,Towers with Radar,682,366,141,20,1209,3,1,46,1,51,685,367,187,21,1260,0,0,0,1260
11/18/2000,MEM,TN,ASO,CE,Towers with Radar,571,273,92,15,951,4,0,24,0,28,575,273,116,15,979,0,0,0,979
11/19/2000,MEM,TN,ASO,CE,Towers with Radar,432,304,66,21,823,3,0,30,1,34,435,304,96,22,857,0,0,0,857
11/20/2000,MEM,TN,ASO,CE,Towers with Radar,414,300,113,7,834,3,0,33,0,36,417,300,146,7,870,0,0,0,870
11/21/2000,MEM,TN,ASO,CE,Towers with Radar,775,378,159,13,1325,3,2,48,0,53,778,380,207,13,1378,0,0,0,1378
11/22/2000,MEM,TN,ASO,CE,Towers with Radar,785,373,122,12,1292,2,3,40,0,45,787,376,162,12,1337,0,0,0,1337
11/23/2000,MEM,TN,ASO,CE,Towers with Radar,472,246,48,2,768,2,0,9,0,11,474,246,57,2,779,0,0,0,779
11/24/2000,MEM,TN,ASO,CE,Towers with Radar,486,272,58,3,819,2,0,0,0,2,488,272,58,3,821,0,0,0,821
11/25/2000,MEM,TN,ASO,CE,Towers with Radar,546,264,49,2,861,2,0,5,0,7,548,264,54,2,868,0,0,0,868
11/26/2000,MEM,TN,ASO,CE,Towers with Radar,481,267,83,6,837,2,0,36,0,38,483,267,119,6,875,0,0,0,875
11/27/2000,MEM,TN,ASO,CE,Towers with Radar,441,299,132,4,876,2,0,27,0,29,443,299,159,4,905,0,0,0,905
11/28/2000,MEM,TN,ASO,CE,Towers with Radar,784,376,173,20,1353,2,0,21,0,23,786,376,194,20,1376,0,0,0,1376
11/29/2000,MEM,TN,ASO,CE,Towers with Radar,773,390,156,16,1335,0,0,76,5,81,773,390,232,21,1416,0,0,0,1416
11/30/2000,MEM,TN,ASO,CE,Towers with Radar,774,387,165,13,1339,2,2,43,2,49,776,389,208,15,1388,0,0,0,1388
12/01/2000,MEM,TN,ASO,CE,Towers with Radar,690,376,124,5,1195,0,0,80,0,80,690,376,204,5,1275,0,0,0,1275
12/02/2000,MEM,TN,ASO,CE,Towers with Radar,562,268,73,1,904,5,6,3,1,15,567,274,76,2,919,0,0,0,919
12/03/2000,MEM,TN,ASO,CE,Towers with Radar,436,311,79,22,848,6,2,10,0,18,442,313,89,22,866,0,0,0,866
12/04/2000,MEM,TN,ASO,CE,Towers with Radar,420,271,89,5,785,0,46,49,0,95,420,317,138,5,880,0,0,0,880
12/05/2000,MEM,TN,ASO,CE,Towers with Radar,783,378,130,11,1302,0,0,44,3,47,783,378,174,14,1349,0,0,0,1349
12/06/2000,MEM,TN,ASO,CE,Towers with Radar,785,378,130,5,1298,9,0,45,0,54,794,378,175,5,1352,0,0,0,1352
12/07/2000,MEM,TN,ASO,CE,Towers with Radar,775,361,132,11,1279,0,0,78,1,79,775,361,210,12,1358,0,0,0,1358
12/08/2000,MEM,TN,ASO,CE,Towers with Radar,687,372,122,7,1188,0,0,43,0,43,687,372,165,7,1231,0,0,0,1231
12/09/2000,MEM,TN,ASO,CE,Towers with Radar,561,272,94,7,934,16,0,32,1,49,577,272,126,8,983,0,0,0,983
12/10/2000,MEM,TN,ASO,CE,Towers with Radar,443,229,75,5,752,0,53,22,23,98,443,282,97,28,850,0,0,0,850
12/11/2000,MEM,TN,ASO,CE,Towers with Radar,353,274,90,6,723,0,14,17,7,38,353,288,107,13,761,0,0,0,761
12/12/2000,MEM,TN,ASO,CE,Towers with Radar,792,374,132,22,1320,6,1,15,1,23,798,375,147,23,1343,0,0,0,1343
12/13/2000,MEM,TN,ASO,CE,Towers with Radar,404,150,43,0,597,6,1,0,1,8,410,151,43,1,605,0,0,0,605
12/14/2000,MEM,TN,ASO,CE,Towers with Radar,841,372,143,9,1365,6,1,0,1,8,847,373,143,10,1373,0,0,0,1373
12/15/2000,MEM,TN,ASO,CE,Towers with Radar,740,341,123,10,1214,45,0,12,0,57,785,341,135,10,1271,0,0,0,1271
12/16/2000,MEM,TN,ASO,CE,Towers with Radar,574,224,46,12,856,6,1,0,0,7,580,225,46,12,863,0,0,0,863
12/17/2000,MEM,TN,ASO,CE,Towers with Radar,491,299,82,11,883,6,1,14,0,21,497,300,96,11,904,0,0,0,904
12/18/2000,MEM,TN,ASO,CE,Towers with Radar,378,235,78,4,695,0,55,14,0,69,378,290,92,4,764,0,0,0,764
12/19/2000,MEM,TN,ASO,CE,Towers with Radar,828,392,137,8,1365,25,0,55,0,80,853,392,192,8,1445,0,0,0,1445
12/20/2000,MEM,TN,ASO,CE,Towers with Radar,868,380,143,13,1404,5,0,86,8,99,873,380,229,21,1503,0,0,0,1503
12/21/2000,MEM,TN,ASO,CE,Towers with Radar,798,390,132,12,1332,55,0,19,4,78,853,390,151,16,1410,0,0,0,1410
12/22/2000,MEM,TN,ASO,CE,Towers with Radar,761,387,122,9,1279,71,0,0,0,71,832,387,122,9,1350,0,0,0,1350
12/23/2000,MEM,TN,ASO,CE,Towers with Radar,592,288,81,3,964,49,0,0,0,49,641,288,81,3,1013,0,0,0,1013
12/24/2000,MEM,TN,ASO,CE,Towers with Radar,382,196,36,5,619,37,27,0,0,64,419,223,36,5,683,0,0,0,683
12/25/2000,MEM,TN,ASO,CE,Towers with Radar,316,226,19,0,561,5,2,2,0,9,321,228,21,0,570,0,0,0,570
12/26/2000,MEM,TN,ASO,CE,Towers with Radar,361,189,36,5,591,0,71,0,2,73,361,260,36,7,664,0,0,0,664
12/27/2000,MEM,TN,ASO,CE,Towers with Radar,667,342,97,6,1112,81,7,0,0,88,748,349,97,6,1200,0,0,0,1200
12/28/2000,MEM,TN,ASO,CE,Towers with Radar,745,374,82,8,1209,5,2,5,0,12,750,376,87,8,1221,0,0,0,1221
12/29/2000,MEM,TN,ASO,CE,Towers with Radar,664,340,109,1,1114,15,19,7,0,41,679,359,116,1,1155,0,0,0,1155
12/30/2000,MEM,TN,ASO,CE,Towers with Radar,530,269,88,2,889,22,0,1,0,23,552,269,89,2,912,0,0,0,912
12/31/2000,MEM,TN,ASO,CE,Towers with Radar,377,194,35,3,609,25,24,0,0,49,402,218,35,3,658,0,0,0,658
01/01/2001,MEM,TN,ASO,CE,Towers with Radar,372,231,68,8,679,0,0,4,0,4,372,231,72,8,683,0,0,0,683
01/02/2001,MEM,TN,ASO,CE,Towers with Radar,471,297,77,2,847,0,0,15,0,15,471,297,92,2,862,0,0,0,862
01/03/2001,MEM,TN,ASO,CE,Towers with Radar,742,361,108,4,1215,0,0,32,1,33,742,361,140,5,1248,0,0,0,1248
01/04/2001,MEM,TN,ASO,CE,Towers with Radar,746,353,148,7,1254,0,2,35,0,37,746,355,183,7,1291,0,0,0,1291
01/05/2001,MEM,TN,ASO,CE,Towers with Radar,659,345,89,12,1105,0,1,44,0,45,659,346,133,12,1150,0,0,0,1150
01/06/2001,MEM,TN,ASO,CE,Towers with Radar,551,257,58,3,869,0,0,32,0,32,551,257,90,3,901,0,0,0,901
01/07/2001,MEM,TN,ASO,CE,Towers with Radar,440,254,90,7,791,0,0,20,0,20,440,254,110,7,811,0,0,0,811
01/08/2001,MEM,TN,ASO,CE,Towers with Radar,400,300,99,0,799,0,0,19,0,19,400,300,118,0,818,0,0,0,818
01/09/2001,MEM,TN,ASO,CE,Towers with Radar,747,358,139,11,1255,0,0,47,0,47,747,358,186,11,1302,0,0,0,1302
01/10/2001,MEM,TN,ASO,CE,Towers with Radar,741,366,126,19,1252,0,0,39,0,39,741,366,165,19,1291,0,0,0,1291
01/11/2001,MEM,TN,ASO,CE,Towers with Radar,736,354,119,19,1228,0,0,6,0,6,736,354,125,19,1234,0,0,0,1234
01/12/2001,MEM,TN,ASO,CE,Towers with Radar,661,347,127,14,1149,0,0,8,0,8,661,347,135,14,1157,0,0,0,1157
01/13/2001,MEM,TN,ASO,CE,Towers with Radar,554,264,73,6,897,0,0,8,0,8,554,264,81,6,905,0,0,0,905
01/14/2001,MEM,TN,ASO,CE,Towers with Radar,402,253,63,7,725,0,9,0,0,9,402,262,63,7,734,0,0,0,734
01/15/2001,MEM,TN,ASO,CE,Towers with Radar,409,288,114,7,818,0,0,24,0,24,409,288,138,7,842,0,0,0,842
01/16/2001,MEM,TN,ASO,CE,Towers with Radar,730,334,124,17,1205,0,0,19,0,19,730,334,143,17,1224,0,0,0,1224
01/17/2001,MEM,TN,ASO,CE,Towers with Radar,733,368,94,3,1198,0,0,2,0,2,733,368,96,3,1200,0,0,0,1200
01/18/2001,MEM,TN,ASO,CE,Towers with Radar,701,362,112,10,1185,54,0,0,4,58,755,362,112,14,1243,0,0,0,1243
01/19/2001,MEM,TN,ASO,CE,Towers with Radar,677,342,107,3,1129,0,0,6,0,6,677,342,113,3,1135,0,0,0,1135
01/20/2001,MEM,TN,ASO,CE,Towers with Radar,559,262,58,2,881,0,0,16,0,16,559,262,74,2,897,0,0,0,897
01/21/2001,MEM,TN,ASO,CE,Towers with Radar,434,278,78,8,798,0,0,37,0,37,434,278,115,8,835,0,0,0,835
01/22/2001,MEM,TN,ASO,CE,Towers with Radar,418,314,109,4,845,0,0,43,0,43,418,314,152,4,888,0,0,0,888
01/23/2001,MEM,TN,ASO,CE,Towers with Radar,739,359,125,14,1237,0,0,43,0,43,739,359,168,14,1280,0,0,0,1280
01/24/2001,MEM,TN,ASO,CE,Towers with Radar,729,359,131,10,1229,0,0,32,2,34,729,359,163,12,1263,0,0,0,1263
01/25/2001,MEM,TN,ASO,CE,Towers with Radar,743,353,138,16,1250,0,0,47,0,47,743,353,185,16,1297,0,0,0,1297
01/26/2001,MEM,TN,ASO,CE,Towers with Radar,664,339,134,6,1143,0,0,19,0,19,664,339,153,6,1162,0,0,0,1162
01/27/2001,MEM,TN,ASO,CE,Towers with Radar,555,264,65,6,890,0,0,31,0,31,555,264,96,6,921,0,0,0,921
01/28/2001,MEM,TN,ASO,CE,Towers with Radar,447,273,84,12,816,0,0,11,0,11,447,273,95,12,827,0,0,0,827
01/29/2001,MEM,TN,ASO,CE,Towers with Radar,401,292,89,5,787,0,0,7,0,7,401,292,96,5,794,0,0,0,794
01/30/2001,MEM,TN,ASO,CE,Towers with Radar,724,361,111,12,1208,0,0,18,0,18,724,361,129,12,1226,0,0,0,1226
01/31/2001,MEM,TN,ASO,CE,Towers with Radar,745,374,139,30,1288,0,1,33,1,35,745,375,172,31,1323,0,0,0,1323
02/01/2001,MEM,TN,ASO,CE,Towers with Radar,738,371,143,8,1260,0,1,61,0,62,738,372,204,8,1322,0,0,0,1322
02/02/2001,MEM,TN,ASO,CE,Towers with Radar,655,356,127,13,1151,0,1,39,0,40,655,357,166,13,1191,0,0,0,1191
02/03/2001,MEM,TN,ASO,CE,Towers with Radar,524,263,90,8,885,47,0,2,2,51,571,263,92,10,936,0,0,0,936
02/04/2001,MEM,TN,ASO,CE,Towers with Radar,482,267,74,6,829,0,1,30,0,31,482,268,104,6,860,0,0,0,860
02/05/2001,MEM,TN,ASO,CE,Towers with Radar,414,322,74,11,821,0,1,42,0,43,414,323,116,11,864,0,0,0,864
02/06/2001,MEM,TN,ASO,CE,Towers with Radar,735,366,123,14,1238,0,2,34,1,37,735,368,157,15,1275,0,0,0,1275
02/07/2001,MEM,TN,ASO,CE,Towers with Radar,742,372,114,11,1239,0,2,27,0,29,742,374,141,11,1268,0,0,0,1268
02/08/2001,MEM,TN,ASO,CE,Towers with Radar,739,380,148,13,1280,0,1,28,0,29,739,381,176,13,1309,0,0,0,1309
02/09/2001,MEM,TN,ASO,CE,Towers with Radar,660,338,88,5,1091,0,1,7,0,8,660,339,95,5,1099,0,0,0,1099
02/10/2001,MEM,TN,ASO,CE,Towers with Radar,566,277,48,3,894,0,1,26,0,27,566,278,74,3,921,0,0,0,921
02/11/2001,MEM,TN,ASO,CE,Towers with Radar,476,271,71,10,828,0,1,15,0,16,476,272,86,10,844,0,0,0,844
02/12/2001,MEM,TN,ASO,CE,Towers with Radar,423,298,147,10,878,0,1,3,0,4,423,299,150,10,882,0,0,0,882
02/13/2001,MEM,TN,ASO,CE,Towers with Radar,757,359,122,10,1248,0,1,3,0,4,757,360,125,10,1252,0,0,0,1252
02/14/2001,MEM,TN,ASO,CE,Towers with Radar,701,338,121,13,1173,65,0,6,3,74,766,338,127,16,1247,0,0,0,1247
02/15/2001,MEM,TN,ASO,CE,Towers with Radar,757,360,148,7,1272,0,1,4,0,5,757,361,152,7,1277,0,0,0,1277
02/16/2001,MEM,TN,ASO,CE,Towers with Radar,678,343,109,5,1135,0,1,4,0,5,678,344,113,5,1140,0,0,0,1140
02/17/2001,MEM,TN,ASO,CE,Towers with Radar,465,289,95,5,854,0,4,19,0,23,465,293,114,5,877,0,0,0,877
02/18/2001,MEM,TN,ASO,CE,Towers with Radar,465,255,70,5,795,0,38,0,0,38,465,293,70,5,833,0,0,0,833
02/19/2001,MEM,TN,ASO,CE,Towers with Radar,416,293,90,10,809,0,1,46,0,47,416,294,136,10,856,0,0,0,856
02/20/2001,MEM,TN,ASO,CE,Towers with Radar,740,354,140,15,1249,0,1,33,3,37,740,355,173,18,1286,0,0,0,1286
02/21/2001,MEM,TN,ASO,CE,Towers with Radar,729,367,139,5,1240,0,0,26,0,26,729,367,165,5,1266,0,0,0,1266
02/22/2001,MEM,TN,ASO,CE,Towers with Radar,747,371,152,25,1295,0,0,9,0,9,747,371,161,25,1304,0,0,0,1304
02/23/2001,MEM,TN,ASO,CE,Towers with Radar,662,358,162,9,1191,0,1,26,0,27,662,359,188,9,1218,0,0,0,1218
02/24/2001,MEM,TN,ASO,CE,Towers with Radar,525,254,45,1,825,0,0,6,0,6,525,254,51,1,831,0,0,0,831
02/25/2001,MEM,TN,ASO,CE,Towers with Radar,505,278,63,7,853,0,0,32,0,32,505,278,95,7,885,0,0,0,885
02/26/2001,MEM,TN,ASO,CE,Towers with Radar,419,319,122,13,873,0,0,56,4,60,419,319,178,17,933,0,0,0,933
02/27/2001,MEM,TN,ASO,CE,Towers with Radar,720,379,120,13,1232,0,0,9,0,9,720,379,129,13,1241,0,0,0,1241
02/28/2001,MEM,TN,ASO,CE,Towers with Radar,737,389,142,12,1280,0,0,19,1,20,737,389,161,13,1300,0,0,0,1300
03/01/2001,MEM,TN,ASO,CE,Towers with Radar,737,364,165,5,1271,0,1,22,1,24,737,365,187,6,1295,0,0,0,1295
03/02/2001,MEM,TN,ASO,CE,Towers with Radar,671,366,148,7,1192,0,0,8,1,9,671,366,156,8,1201,0,0,0,1201
03/03/2001,MEM,TN,ASO,CE,Towers with Radar,567,290,64,6,927,0,0,8,1,9,567,290,72,7,936,0,0,0,936
03/04/2001,MEM,TN,ASO,CE,Towers with Radar,480,279,76,2,837,0,0,6,1,7,480,279,82,3,844,0,0,0,844
03/05/2001,MEM,TN,ASO,CE,Towers with Radar,413,315,136,10,874,0,0,63,0,63,413,315,199,10,937,0,0,0,937
03/06/2001,MEM,TN,ASO,CE,Towers with Radar,773,367,111,11,1262,0,0,30,0,30,773,367,141,11,1292,0,0,0,1292
03/07/2001,MEM,TN,ASO,CE,Towers with Radar,773,374,134,9,1290,0,0,34,0,34,773,374,168,9,1324,0,0,0,1324
03/08/2001,MEM,TN,ASO,CE,Towers with Radar,748,361,168,15,1292,0,0,37,0,37,748,361,205,15,1329,0,0,0,1329
03/09/2001,MEM,TN,ASO,CE,Towers with Radar,677,365,140,17,1199,0,2,35,0,37,677,367,175,17,1236,0,0,0,1236
03/10/2001,MEM,TN,ASO,CE,Towers with Radar,565,273,88,5,931,0,0,31,0,31,565,273,119,5,962,0,0,0,962
03/11/2001,MEM,TN,ASO,CE,Towers with Radar,459,299,79,7,844,0,0,33,1,34,459,299,112,8,878,0,0,0,878
03/12/2001,MEM,TN,ASO,CE,Towers with Radar,430,297,92,31,850,0,0,2,0,2,430,297,94,31,852,0,0,0,852
03/13/2001,MEM,TN,ASO,CE,Towers with Radar,746,367,114,10,1237,0,0,25,0,25,746,367,139,10,1262,0,0,0,1262
03/14/2001,MEM,TN,ASO,CE,Towers with Radar,752,389,115,17,1273,0,0,25,3,28,752,389,140,20,1301,0,0,0,1301
03/15/2001,MEM,TN,ASO,CE,Towers with Radar,753,378,144,11,1286,10,0,25,0,35,763,378,169,11,1321,0,0,0,1321
03/16/2001,MEM,TN,ASO,CE,Towers with Radar,661,385,186,9,1241,0,0,15,0,15,661,385,201,9,1256,0,0,0,1256
03/17/2001,MEM,TN,ASO,CE,Towers with Radar,564,282,77,9,932,0,0,16,0,16,564,282,93,9,948,0,0,0,948
03/18/2001,MEM,TN,ASO,CE,Towers with Radar,466,298,98,10,872,0,0,22,1,23,466,298,120,11,895,0,0,0,895
03/19/2001,MEM,TN,ASO,CE,Towers with Radar,429,303,98,4,834,0,1,15,0,16,429,304,113,4,850,0,0,0,850
03/20/2001,MEM,TN,ASO,CE,Towers with Radar,735,370,121,7,1233,0,0,10,4,14,735,370,131,11,1247,0,0,0,1247
03/21/2001,MEM,TN,ASO,CE,Towers with Radar,735,375,169,16,1295,0,0,21,0,21,735,375,190,16,1316,0,0,0,1316
03/22/2001,MEM,TN,ASO,CE,Towers with Radar,740,380,175,21,1316,1,1,27,0,29,741,381,202,21,1345,0,0,0,1345
03/23/2001,MEM,TN,ASO,CE,Towers with Radar,670,367,105,7,1149,0,0,37,3,40,670,367,142,10,1189,0,0,0,1189
03/24/2001,MEM,TN,ASO,CE,Towers with Radar,565,279,52,13,909,0,0,14,1,15,565,279,66,14,924,0,0,0,924
03/25/2001,MEM,TN,ASO,CE,Towers with Radar,474,282,105,10,871,0,3,52,0,55,474,285,157,10,926,0,0,0,926
03/26/2001,MEM,TN,ASO,CE,Towers with Radar,426,266,94,9,795,0,40,43,0,83,426,306,137,9,878,0,0,0,878
03/27/2001,MEM,TN,ASO,CE,Towers with Radar,744,376,146,16,1282,0,1,31,0,32,744,377,177,16,1314,0,0,0,1314
03/28/2001,MEM,TN,ASO,CE,Towers with Radar,740,371,143,12,1266,0,0,17,0,17,740,371,160,12,1283,0,0,0,1283
03/29/2001,MEM,TN,ASO,CE,Towers with Radar,674,350,118,13,1155,0,0,0,1,1,674,350,118,14,1156,0,0,0,1156
03/30/2001,MEM,TN,ASO,CE,Towers with Radar,674,362,130,9,1175,10,0,5,0,15,684,362,135,9,1190,0,0,0,1190
03/31/2001,MEM,TN,ASO,CE,Towers with Radar,513,267,77,4,861,60,0,0,0,60,573,267,77,4,921,0,0,0,921
04/01/2001,MEM,TN,ASO,CE,Towers with Radar,468,265,83,11,827,2,0,23,1,26,470,265,106,12,853,0,0,0,853
04/02/2001,MEM,TN,ASO,CE,Towers with Radar,467,278,105,10,860,0,36,16,4,56,467,314,121,14,916,0,0,0,916
04/03/2001,MEM,TN,ASO,CE,Towers with Radar,695,373,137,12,1217,48,0,0,0,48,743,373,137,12,1265,0,0,0,1265
04/04/2001,MEM,TN,ASO,CE,Towers with Radar,705,359,142,5,1211,38,0,27,0,65,743,359,169,5,1276,0,0,0,1276
04/05/2001,MEM,TN,ASO,CE,Towers with Radar,722,359,145,11,1237,1,0,7,0,8,723,359,152,11,1245,0,0,0,1245
04/06/2001,MEM,TN,ASO,CE,Towers with Radar,638,358,173,16,1185,1,0,27,0,28,639,358,200,16,1213,0,0,0,1213
04/07/2001,MEM,TN,ASO,CE,Towers with Radar,535,255,103,9,902,1,0,0,0,1,536,255,103,9,903,0,0,0,903
04/08/2001,MEM,TN,ASO,CE,Towers with Radar,462,271,66,6,805,1,0,15,1,17,463,271,81,7,822,0,0,0,822
04/09/2001,MEM,TN,ASO,CE,Towers with Radar,473,308,133,18,932,0,1,22,0,23,473,309,155,18,955,0,0,0,955
04/10/2001,MEM,TN,ASO,CE,Towers with Radar,735,376,134,14,1259,0,1,16,0,17,735,377,150,14,1276,0,0,0,1276
04/11/2001,MEM,TN,ASO,CE,Towers with Radar,713,369,171,7,1260,0,1,17,1,19,713,370,188,8,1279,0,0,0,1279
04/12/2001,MEM,TN,ASO,CE,Towers with Radar,761,369,157,23,1310,0,1,10,1,12,761,370,167,24,1322,0,0,0,1322
04/13/2001,MEM,TN,ASO,CE,Towers with Radar,634,353,132,13,1132,0,7,16,3,26,634,360,148,16,1158,0,0,0,1158
04/14/2001,MEM,TN,ASO,CE,Towers with Radar,516,265,54,2,837,0,0,5,1,6,516,265,59,3,843,0,0,0,843
04/15/2001,MEM,TN,ASO,CE,Towers with Radar,434,284,69,6,793,0,0,15,3,18,434,284,84,9,811,0,0,0,811
04/16/2001,MEM,TN,ASO,CE,Towers with Radar,483,303,111,10,907,0,1,42,2,45,483,304,153,12,952,0,0,0,952
04/17/2001,MEM,TN,ASO,CE,Towers with Radar,740,361,111,9,1221,0,0,14,2,16,740,361,125,11,1237,0,0,0,1237
04/18/2001,MEM,TN,ASO,CE,Towers with Radar,741,371,165,14,1291,0,1,29,1,31,741,372,194,15,1322,0,0,0,1322
04/19/2001,MEM,TN,ASO,CE,Towers with Radar,721,366,147,8,1242,0,0,73,0,73,721,366,220,8,1315,0,0,0,1315
04/20/2001,MEM,TN,ASO,CE,Towers with Radar,651,352,134,12,1149,0,0,30,2,32,651,352,164,14,1181,0,0,0,1181
04/21/2001,MEM,TN,ASO,CE,Towers with Radar,511,261,65,11,848,0,0,11,1,12,511,261,76,12,860,0,0,0,860
04/22/2001,MEM,TN,ASO,CE,Towers with Radar,436,274,102,21,833,0,1,25,1,27,436,275,127,22,860,0,0,0,860
04/23/2001,MEM,TN,ASO,CE,Towers with Radar,480,264,99,7,850,0,32,25,0,57,480,296,124,7,907,0,0,0,907
04/24/2001,MEM,TN,ASO,CE,Towers with Radar,721,381,146,15,1263,16,0,16,9,41,737,381,162,24,1304,0,0,0,1304
04/25/2001,MEM,TN,ASO,CE,Towers with Radar,730,382,163,24,1299,1,0,33,0,34,731,382,196,24,1333,0,0,0,1333
04/26/2001,MEM,TN,ASO,CE,Towers with Radar,732,364,170,18,1284,1,0,34,1,36,733,364,204,19,1320,0,0,0,1320
04/27/2001,MEM,TN,ASO,CE,Towers with Radar,656,363,136,9,1164,0,0,54,0,54,656,363,190,9,1218,0,0,0,1218
04/28/2001,MEM,TN,ASO,CE,Towers with Radar,516,258,49,7,830,1,0,27,0,28,517,258,76,7,858,0,0,0,858
04/29/2001,MEM,TN,ASO,CE,Towers with Radar,465,265,70,9,809,1,0,56,0,57,466,265,126,9,866,0,0,0,866
04/30/2001,MEM,TN,ASO,CE,Towers with Radar,474,313,92,5,884,1,0,19,0,20,475,313,111,5,904,0,0,0,904
05/01/2001,MEM,TN,ASO,CE,Towers with Radar,697,366,141,9,1213,31,0,47,0,78,728,366,188,9,1291,0,0,0,1291
05/02/2001,MEM,TN,ASO,CE,Towers with Radar,736,371,139,8,1254,1,0,32,3,36,737,371,171,11,1290,0,0,0,1290
05/03/2001,MEM,TN,ASO,CE,Towers with Radar,693,362,141,14,1210,37,0,35,4,76,730,362,176,18,1286,0,0,0,1286
05/04/2001,MEM,TN,ASO,CE,Towers with Radar,639,357,140,12,1148,1,1,39,0,41,640,358,179,12,1189,0,0,0,1189
05/05/2001,MEM,TN,ASO,CE,Towers with Radar,516,251,58,4,829,1,0,12,0,13,517,251,70,4,842,0,0,0,842
05/06/2001,MEM,TN,ASO,CE,Towers with Radar,439,294,83,6,822,1,0,15,0,16,440,294,98,6,838,0,0,0,838
05/07/2001,MEM,TN,ASO,CE,Towers with Radar,479,326,91,9,905,1,0,10,1,12,480,326,101,10,917,0,0,0,917
05/08/2001,MEM,TN,ASO,CE,Towers with Radar,747,372,144,14,1277,1,0,17,1,19,748,372,161,15,1296,0,0,0,1296
05/09/2001,MEM,TN,ASO,CE,Towers with Radar,735,371,141,16,1263,2,0,25,1,28,737,371,166,17,1291,0,0,0,1291
05/10/2001,MEM,TN,ASO,CE,Towers with Radar,738,366,162,9,1275,1,0,35,0,36,739,366,197,9,1311,0,0,0,1311
05/11/2001,MEM,TN,ASO,CE,Towers with Radar,658,360,112,20,1150,1,0,2,1,4,659,360,114,21,1154,0,0,0,1154
05/12/2001,MEM,TN,ASO,CE,Towers with Radar,526,254,81,10,871,1,0,23,0,24,527,254,104,10,895,0,0,0,895
05/13/2001,MEM,TN,ASO,CE,Towers with Radar,440,257,68,20,785,2,0,22,2,26,442,257,90,22,811,0,0,0,811
05/14/2001,MEM,TN,ASO,CE,Towers with Radar,487,308,106,14,915,2,0,27,5,34,489,308,133,19,949,0,0,0,949
05/15/2001,MEM,TN,ASO,CE,Towers with Radar,727,369,138,9,1243,2,1,31,2,36,729,370,169,11,1279,0,0,0,1279
05/16/2001,MEM,TN,ASO,CE,Towers with Radar,731,365,142,12,1250,2,0,52,0,54,733,365,194,12,1304,0,0,0,1304
05/17/2001,MEM,TN,ASO,CE,Towers with Radar,730,366,195,15,1306,1,0,45,0,46,731,366,240,15,1352,0,0,0,1352
05/18/2001,MEM,TN,ASO,CE,Towers with Radar,640,355,147,12,1154,1,0,44,0,45,641,355,191,12,1199,0,0,0,1199
05/19/2001,MEM,TN,ASO,CE,Towers with Radar,524,247,69,13,853,1,0,40,2,43,525,247,109,15,896,0,0,0,896
05/20/2001,MEM,TN,ASO,CE,Towers with Radar,445,243,91,24,803,1,1,17,2,21,446,244,108,26,824,0,0,0,824
05/21/2001,MEM,TN,ASO,CE,Towers with Radar,475,300,132,10,917,1,0,3,0,4,476,300,135,10,921,0,0,0,921
05/22/2001,MEM,TN,ASO,CE,Towers with Radar,742,369,198,23,1332,1,0,49,0,50,743,369,247,23,1382,0,0,0,1382
05/23/2001,MEM,TN,ASO,CE,Towers with Radar,747,364,184,14,1309,1,0,44,0,45,748,364,228,14,1354,0,0,0,1354
05/24/2001,MEM,TN,ASO,CE,Towers with Radar,744,366,174,21,1305,1,0,30,0,31,745,366,204,21,1336,0,0,0,1336
05/25/2001,MEM,TN,ASO,CE,Towers with Radar,652,362,145,3,1162,1,0,32,0,33,653,362,177,3,1195,0,0,0,1195
05/26/2001,MEM,TN,ASO,CE,Towers with Radar,520,245,58,7,830,1,0,122,0,123,521,245,180,7,953,0,0,0,953
05/27/2001,MEM,TN,ASO,CE,Towers with Radar,326,188,54,25,593,1,0,62,0,63,327,188,116,25,656,0,0,0,656
05/28/2001,MEM,TN,ASO,CE,Towers with Radar,370,202,53,9,634,0,38,0,3,41,370,240,53,12,675,0,0,0,675
05/29/2001,MEM,TN,ASO,CE,Towers with Radar,491,307,116,12,926,0,8,77,7,92,491,315,193,19,1018,0,0,0,1018
05/30/2001,MEM,TN,ASO,CE,Towers with Radar,705,380,143,10,1238,1,1,8,1,11,706,381,151,11,1249,0,0,0,1249
05/31/2001,MEM,TN,ASO,CE,Towers with Radar,748,365,136,11,1260,1,0,13,0,14,749,365,149,11,1274,0,0,0,1274
06/01/2001,MEM,TN,ASO,CE,Towers with Radar,664,367,129,18,1178,4,0,27,2,33,668,367,156,20,1211,0,0,0,1211
06/02/2001,MEM,TN,ASO,CE,Towers with Radar,528,251,78,3,860,4,0,15,0,19,532,251,93,3,879,0,0,0,879
06/03/2001,MEM,TN,ASO,CE,Towers with Radar,453,269,88,8,818,17,6,6,0,29,470,275,94,8,847,0,0,0,847
06/04/2001,MEM,TN,ASO,CE,Towers with Radar,481,300,118,3,902,4,0,24,14,42,485,300,142,17,944,0,0,0,944
06/05/2001,MEM,TN,ASO,CE,Towers with Radar,733,377,138,11,1259,4,0,21,0,25,737,377,159,11,1284,0,0,0,1284
06/06/2001,MEM,TN,ASO,CE,Towers with Radar,732,371,159,9,1271,4,0,16,0,20,736,371,175,9,1291,0,0,0,1291
06/07/2001,MEM,TN,ASO,CE,Towers with Radar,749,380,160,10,1299,4,0,11,0,15,753,380,171,10,1314,0,0,0,1314
06/08/2001,MEM,TN,ASO,CE,Towers with Radar,664,377,147,30,1218,4,0,14,1,19,668,377,161,31,1237,0,0,0,1237
06/09/2001,MEM,TN,ASO,CE,Towers with Radar,521,247,86,13,867,4,0,23,1,28,525,247,109,14,895,0,0,0,895
06/10/2001,MEM,TN,ASO,CE,Towers with Radar,460,291,108,6,865,4,0,31,2,37,464,291,139,8,902,0,0,0,902
06/11/2001,MEM,TN,ASO,CE,Towers with Radar,480,328,136,10,954,4,0,39,0,43,484,328,175,10,997,0,0,0,997
06/12/2001,MEM,TN,ASO,CE,Towers with Radar,725,377,121,15,1238,4,0,39,2,45,729,377,160,17,1283,0,0,0,1283
06/13/2001,MEM,TN,ASO,CE,Towers with Radar,568,547,130,31,1276,4,0,31,0,35,572,547,161,31,1311,0,0,0,1311
06/14/2001,MEM,TN,ASO,CE,Towers with Radar,561,407,135,14,1117,0,146,12,4,162,561,553,147,18,1279,0,0,0,1279
06/15/2001,MEM,TN,ASO,CE,Towers with Radar,463,528,123,12,1126,4,0,21,0,25,467,528,144,12,1151,0,0,0,1151
06/16/2001,MEM,TN,ASO,CE,Towers with Radar,518,267,72,8,865,4,0,27,0,31,522,267,99,8,896,0,0,0,896
06/17/2001,MEM,TN,ASO,CE,Towers with Radar,465,279,82,8,834,4,0,34,0,38,469,279,116,8,872,0,0,0,872
06/18/2001,MEM,TN,ASO,CE,Towers with Radar,491,311,114,7,923,4,0,44,0,48,495,311,158,7,971,0,0,0,971
06/19/2001,MEM,TN,ASO,CE,Towers with Radar,744,384,127,11,1266,4,0,33,1,38,748,384,160,12,1304,0,0,0,1304
06/20/2001,MEM,TN,ASO,CE,Towers with Radar,742,381,121,22,1266,4,0,39,0,43,746,381,160,22,1309,0,0,0,1309
06/21/2001,MEM,TN,ASO,CE,Towers with Radar,734,364,130,10,1238,4,0,21,0,25,738,364,151,10,1263,0,0,0,1263
06/22/2001,MEM,TN,ASO,CE,Towers with Radar,661,365,149,30,1205,4,0,34,0,38,665,365,183,30,1243,0,0,0,1243
06/23/2001,MEM,TN,ASO,CE,Towers with Radar,521,258,58,3,840,4,0,39,0,43,525,258,97,3,883,0,0,0,883
06/24/2001,MEM,TN,ASO,CE,Towers with Radar,465,277,95,17,854,4,0,43,0,47,469,277,138,17,901,0,0,0,901
06/25/2001,MEM,TN,ASO,CE,Towers with Radar,491,326,109,15,941,4,0,32,2,38,495,326,141,17,979,0,0,0,979
06/26/2001,MEM,TN,ASO,CE,Towers with Radar,743,374,142,6,1265,4,0,31,1,36,747,374,173,7,1301,0,0,0,1301
06/27/2001,MEM,TN,ASO,CE,Towers with Radar,756,370,125,11,1262,4,0,15,0,19,760,370,140,11,1281,0,0,0,1281
06/28/2001,MEM,TN,ASO,CE,Towers with Radar,741,369,156,7,1273,4,0,16,0,20,745,369,172,7,1293,0,0,0,1293
06/29/2001,MEM,TN,ASO,CE,Towers with Radar,661,361,130,13,1165,0,0,10,4,14,661,361,140,17,1179,0,0,0,1179
06/30/2001,MEM,TN,ASO,CE,Towers with Radar,533,261,62,10,866,4,0,13,0,17,537,261,75,10,883,0,0,0,883
07/01/2001,MEM,TN,ASO,CE,Towers with Radar,465,263,51,12,791,3,0,21,0,24,468,263,72,12,815,0,0,0,815
07/02/2001,MEM,TN,ASO,CE,Towers with Radar,497,308,94,12,911,2,0,19,0,21,499,308,113,12,932,0,0,0,932
07/03/2001,MEM,TN,ASO,CE,Towers with Radar,738,365,86,16,1205,2,0,34,0,36,740,365,120,16,1241,0,0,0,1241
07/04/2001,MEM,TN,ASO,CE,Towers with Radar,447,240,31,2,720,2,0,20,0,22,449,240,51,2,742,0,0,0,742
07/05/2001,MEM,TN,ASO,CE,Towers with Radar,687,330,125,3,1145,2,0,22,0,24,689,330,147,3,1169,0,0,0,1169
07/06/2001,MEM,TN,ASO,CE,Towers with Radar,663,371,83,27,1144,3,0,24,3,30,666,371,107,30,1174,0,0,0,1174
07/07/2001,MEM,TN,ASO,CE,Towers with Radar,526,268,64,13,871,3,0,29,0,32,529,268,93,13,903,0,0,0,903
07/08/2001,MEM,TN,ASO,CE,Towers with Radar,472,271,83,3,829,0,6,30,0,36,472,277,113,3,865,0,0,0,865
07/09/2001,MEM,TN,ASO,CE,Towers with Radar,493,332,107,21,953,2,0,28,0,30,495,332,135,21,983,0,0,0,983
07/10/2001,MEM,TN,ASO,CE,Towers with Radar,726,379,142,18,1265,2,0,18,0,20,728,379,160,18,1285,0,0,0,1285
07/11/2001,MEM,TN,ASO,CE,Towers with Radar,734,386,141,19,1280,3,0,26,0,29,737,386,167,19,1309,0,0,0,1309
07/12/2001,MEM,TN,ASO,CE,Towers with Radar,736,394,136,14,1280,3,0,27,1,31,739,394,163,15,1311,0,0,0,1311
07/13/2001,MEM,TN,ASO,CE,Towers with Radar,519,271,59,11,860,0,0,0,0,0,519,271,59,11,860,0,0,0,860
07/14/2001,MEM,TN,ASO,CE,Towers with Radar,516,271,59,11,857,3,0,48,0,51,519,271,107,11,908,0,0,0,908
07/15/2001,MEM,TN,ASO,CE,Towers with Radar,468,295,73,14,850,2,4,37,1,44,470,299,110,15,894,0,0,0,894
07/16/2001,MEM,TN,ASO,CE,Towers with Radar,490,336,112,8,946,2,1,20,1,24,492,337,132,9,970,0,0,0,970
07/17/2001,MEM,TN,ASO,CE,Towers with Radar,735,376,119,14,1244,2,1,6,0,9,737,377,125,14,1253,0,0,0,1253
07/18/2001,MEM,TN,ASO,CE,Towers with Radar,745,403,142,21,1311,2,2,19,0,23,747,405,161,21,1334,0,0,0,1334
07/19/2001,MEM,TN,ASO,CE,Towers with Radar,738,395,119,12,1264,2,1,18,0,21,740,396,137,12,1285,0,0,0,1285
07/20/2001,MEM,TN,ASO,CE,Towers with Radar,641,387,126,20,1174,2,1,16,0,19,643,388,142,20,1193,0,0,0,1193
07/21/2001,MEM,TN,ASO,CE,Towers with Radar,509,265,87,7,868,24,0,1,0,25,533,265,88,7,893,0,0,0,893
07/22/2001,MEM,TN,ASO,CE,Towers with Radar,466,279,78,14,837,2,1,17,0,20,468,280,95,14,857,0,0,0,857
07/23/2001,MEM,TN,ASO,CE,Towers with Radar,496,305,93,13,907,0,35,25,3,63,496,340,118,16,970,0,0,0,970
07/24/2001,MEM,TN,ASO,CE,Towers with Radar,729,399,124,9,1261,8,0,43,0,51,737,399,167,9,1312,0,0,0,1312
07/25/2001,MEM,TN,ASO,CE,Towers with Radar,726,393,126,18,1263,0,0,21,23,44,726,393,147,41,1307,0,0,0,1307
07/26/2001,MEM,TN,ASO,CE,Towers with Radar,744,390,122,8,1264,2,0,1,0,3,746,390,123,8,1267,0,0,0,1267
07/27/2001,MEM,TN,ASO,CE,Towers with Radar,647,378,132,14,1171,2,1,5,0,8,649,379,137,14,1179,0,0,0,1179
07/28/2001,MEM,TN,ASO,CE,Towers with Radar,522,271,72,5,870,2,1,33,0,36,524,272,105,5,906,0,0,0,906
07/29/2001,MEM,TN,ASO,CE,Towers with Radar,467,283,85,12,847,2,0,14,0,16,469,283,99,12,863,0,0,0,863
07/30/2001,MEM,TN,ASO,CE,Towers with Radar,502,328,127,12,969,2,1,18,0,21,504,329,145,12,990,0,0,0,990
07/31/2001,MEM,TN,ASO,CE,Towers with Radar,763,392,142,23,1320,2,1,36,0,39,765,393,178,23,1359,0,0,0,1359
08/01/2001,MEM,TN,ASO,CE,Towers with Radar,777,385,162,39,1363,4,3,35,0,42,781,388,197,39,1405,0,0,0,1405
08/02/2001,MEM,TN,ASO,CE,Towers with Radar,768,382,138,14,1302,4,2,23,0,29,772,384,161,14,1331,0,0,0,1331
08/03/2001,MEM,TN,ASO,CE,Towers with Radar,671,384,104,16,1175,4,2,29,0,35,675,386,133,16,1210,0,0,0,1210
08/04/2001,MEM,TN,ASO,CE,Towers with Radar,549,258,66,9,882,4,2,17,0,23,553,260,83,9,905,0,0,0,905
08/05/2001,MEM,TN,ASO,CE,Towers with Radar,489,292,84,5,870,4,2,19,5,30,493,294,103,10,900,0,0,0,900
08/06/2001,MEM,TN,ASO,CE,Towers with Radar,487,284,97,8,876,0,41,34,0,75,487,325,131,8,951,0,0,0,951
08/07/2001,MEM,TN,ASO,CE,Towers with Radar,772,380,113,10,1275,4,2,3,0,9,776,382,116,10,1284,0,0,0,1284
08/08/2001,MEM,TN,ASO,CE,Towers with Radar,763,375,129,6,1273,3,3,10,0,16,766,378,139,6,1289,0,0,0,1289
08/09/2001,MEM,TN,ASO,CE,Towers with Radar,757,364,132,10,1263,3,3,20,0,26,760,367,152,10,1289,0,0,0,1289
08/10/2001,MEM,TN,ASO,CE,Towers with Radar,678,361,125,11,1175,3,3,6,0,12,681,364,131,11,1187,0,0,0,1187
08/11/2001,MEM,TN,ASO,CE,Towers with Radar,566,269,78,6,919,3,3,1,0,7,569,272,79,6,926,0,0,0,926
08/12/2001,MEM,TN,ASO,CE,Towers with Radar,504,278,45,11,838,3,3,8,0,14,507,281,53,11,852,0,0,0,852
08/13/2001,MEM,TN,ASO,CE,Towers with Radar,485,328,127,23,963,3,3,18,0,24,488,331,145,23,987,0,0,0,987
08/14/2001,MEM,TN,ASO,CE,Towers with Radar,764,375,130,21,1290,3,2,33,0,38,767,377,163,21,1328,0,0,0,1328
08/15/2001,MEM,TN,ASO,CE,Towers with Radar,779,371,152,29,1331,3,2,38,0,43,782,373,190,29,1374,0,0,0,1374
08/16/2001,MEM,TN,ASO,CE,Towers with Radar,786,380,187,26,1379,3,3,25,1,32,789,383,212,27,1411,0,0,0,1411
08/17/2001,MEM,TN,ASO,CE,Towers with Radar,689,374,155,20,1238,3,2,37,1,43,692,376,192,21,1281,0,0,0,1281
08/18/2001,MEM,TN,ASO,CE,Towers with Radar,566,256,60,24,906,3,2,24,0,29,569,258,84,24,935,0,0,0,935
08/19/2001,MEM,TN,ASO,CE,Towers with Radar,469,279,96,11,855,0,18,19,37,74,469,297,115,48,929,0,0,0,929
08/20/2001,MEM,TN,ASO,CE,Towers with Radar,487,326,113,8,934,3,3,28,2,36,490,329,141,10,970,0,0,0,970
08/21/2001,MEM,TN,ASO,CE,Towers with Radar,778,391,121,21,1311,3,2,24,1,30,781,393,145,22,1341,0,0,0,1341
08/22/2001,MEM,TN,ASO,CE,Towers with Radar,768,392,122,9,1291,3,4,24,0,31,771,396,146,9,1322,0,0,0,1322
08/23/2001,MEM,TN,ASO,CE,Towers with Radar,765,385,126,10,1286,3,2,25,0,30,768,387,151,10,1316,0,0,0,1316
08/24/2001,MEM,TN,ASO,CE,Towers with Radar,699,378,128,10,1215,0,2,45,0,47,699,380,173,10,1262,0,0,0,1262
08/25/2001,MEM,TN,ASO,CE,Towers with Radar,511,277,98,3,889,3,2,23,0,28,514,279,121,3,917,0,0,0,917
08/26/2001,MEM,TN,ASO,CE,Towers with Radar,473,325,76,4,878,3,2,51,0,56,476,327,127,4,934,0,0,0,934
08/27/2001,MEM,TN,ASO,CE,Towers with Radar,499,318,102,8,927,3,2,14,0,19,502,320,116,8,946,0,0,0,946
08/28/2001,MEM,TN,ASO,CE,Towers with Radar,796,387,141,16,1340,10,0,48,0,58,806,387,189,16,1398,0,0,0,1398
08/29/2001,MEM,TN,ASO,CE,Towers with Radar,840,383,150,20,1393,0,0,49,7,56,840,383,199,27,1449,0,0,0,1449
08/30/2001,MEM,TN,ASO,CE,Towers with Radar,810,369,139,12,1330,3,3,17,2,25,813,372,156,14,1355,0,0,0,1355
08/31/2001,MEM,TN,ASO,CE,Towers with Radar,777,375,107,9,1268,49,0,0,0,49,826,375,107,9,1317,0,0,0,1317
09/01/2001,MEM,TN,ASO,CE,Towers with Radar,656,272,71,4,1003,7,0,1,0,8,663,272,72,4,1011,0,0,0,1011
09/02/2001,MEM,TN,ASO,CE,Towers with Radar,470,220,53,4,747,6,0,2,0,8,476,220,55,4,755,0,0,0,755
09/03/2001,MEM,TN,ASO,CE,Towers with Radar,351,266,66,15,698,6,0,10,6,22,357,266,76,21,720,0,0,0,720
09/04/2001,MEM,TN,ASO,CE,Towers with Radar,517,277,100,10,904,0,52,11,4,67,517,329,111,14,971,0,0,0,971
09/05/2001,MEM,TN,ASO,CE,Towers with Radar,818,391,155,18,1382,6,0,28,1,35,824,391,183,19,1417,0,0,0,1417
09/06/2001,MEM,TN,ASO,CE,Towers with Radar,823,373,157,28,1381,6,0,20,0,26,829,373,177,28,1407,0,0,0,1407
09/07/2001,MEM,TN,ASO,CE,Towers with Radar,827,355,128,18,1328,6,0,21,1,28,833,355,149,19,1356,0,0,0,1356
09/08/2001,MEM,TN,ASO,CE,Towers with Radar,674,248,71,11,1004,6,0,7,0,13,680,248,78,11,1017,0,0,0,1017
09/09/2001,MEM,TN,ASO,CE,Towers with Radar,538,275,92,13,918,6,0,12,0,18,544,275,104,13,936,0,0,0,936
09/10/2001,MEM,TN,ASO,CE,Towers with Radar,487,276,100,10,873,0,56,46,2,104,487,332,146,12,977,0,0,0,977
09/11/2001,MEM,TN,ASO,CE,Towers with Radar,320,100,33,3,456,6,0,5,0,11,326,100,38,3,467,0,0,0,467
09/12/2001,MEM,TN,ASO,CE,Towers with Radar,0,1,3,0,4,2,0,0,2,4,2,1,3,2,8,0,0,0,8
09/13/2001,MEM,TN,ASO,CE,Towers with Radar,185,110,16,4,315,6,0,0,0,6,191,110,16,4,321,0,0,0,321
09/14/2001,MEM,TN,ASO,CE,Towers with Radar,564,277,31,10,882,68,85,0,1,154,632,362,31,11,1036,0,0,0,1036
09/15/2001,MEM,TN,ASO,CE,Towers with Radar,595,264,80,12,951,6,0,1,1,8,601,264,81,13,959,0,0,0,959
09/16/2001,MEM,TN,ASO,CE,Towers with Radar,500,270,65,8,843,7,0,1,0,8,507,270,66,8,851,0,0,0,851
09/17/2001,MEM,TN,ASO,CE,Towers with Radar,425,330,98,10,863,7,0,2,0,9,432,330,100,10,872,0,0,0,872
09/18/2001,MEM,TN,ASO,CE,Towers with Radar,785,367,147,9,1308,7,0,3,0,10,792,367,150,9,1318,0,0,0,1318
09/19/2001,MEM,TN,ASO,CE,Towers with Radar,802,336,156,21,1315,7,0,0,0,7,809,336,156,21,1322,0,0,0,1322
09/20/2001,MEM,TN,ASO,CE,Towers with Radar,783,346,159,9,1297,7,0,1,0,8,790,346,160,9,1305,0,0,0,1305
09/21/2001,MEM,TN,ASO,CE,Towers with Radar,768,331,116,19,1234,7,0,8,0,15,775,331,124,19,1249,0,0,0,1249
09/22/2001,MEM,TN,ASO,CE,Towers with Radar,600,226,65,8,899,7,0,5,0,12,607,226,70,8,911,0,0,0,911
09/23/2001,MEM,TN,ASO,CE,Towers with Radar,478,242,65,10,795,6,0,9,1,16,484,242,74,11,811,0,0,0,811
09/24/2001,MEM,TN,ASO,CE,Towers with Radar,420,243,87,8,758,0,40,6,2,48,420,283,93,10,806,0,0,0,806
09/25/2001,MEM,TN,ASO,CE,Towers with Radar,728,311,134,9,1182,0,0,24,0,24,728,311,158,9,1206,0,0,0,1206
09/26/2001,MEM,TN,ASO,CE,Towers with Radar,776,326,140,15,1257,6,0,7,0,13,782,326,147,15,1270,0,0,0,1270
09/27/2001,MEM,TN,ASO,CE,Towers with Radar,786,327,184,10,1307,6,0,4,0,10,792,327,188,10,1317,0,0,0,1317
09/28/2001,MEM,TN,ASO,CE,Towers with Radar,773,349,203,10,1335,6,0,17,0,23,779,349,220,10,1358,0,0,0,1358
09/29/2001,MEM,TN,ASO,CE,Towers with Radar,612,233,146,7,998,6,0,23,0,29,618,233,169,7,1027,0,0,0,1027
09/30/2001,MEM,TN,ASO,CE,Towers with Radar,387,267,98,7,759,0,0,23,0,23,387,267,121,7,782,0,0,0,782
10/01/2001,MEM,TN,ASO,CE,Towers with Radar,387,229,106,7,729,0,38,15,0,53,387,267,121,7,782,0,0,0,782
10/02/2001,MEM,TN,ASO,CE,Towers with Radar,737,310,163,17,1227,0,0,6,1,7,737,310,169,18,1234,0,0,0,1234
10/03/2001,MEM,TN,ASO,CE,Towers with Radar,750,303,152,12,1217,0,0,15,0,15,750,303,167,12,1232,0,0,0,1232
10/04/2001,MEM,TN,ASO,CE,Towers with Radar,738,308,162,9,1217,0,0,6,2,8,738,308,168,11,1225,0,0,0,1225
10/05/2001,MEM,TN,ASO,CE,Towers with Radar,729,327,136,75,1267,0,1,0,1,2,729,328,136,76,1269,0,0,0,1269
10/06/2001,MEM,TN,ASO,CE,Towers with Radar,599,210,78,11,898,0,0,0,1,1,599,210,78,12,899,0,0,0,899
10/07/2001,MEM,TN,ASO,CE,Towers with Radar,439,207,98,6,750,0,0,6,1,7,439,207,104,7,757,0,0,0,757
10/08/2001,MEM,TN,ASO,CE,Towers with Radar,394,250,111,8,763,0,0,0,2,2,394,250,111,10,765,0,0,0,765
10/09/2001,MEM,TN,ASO,CE,Towers with Radar,745,315,150,4,1214,7,0,17,0,24,752,315,167,4,1238,0,0,0,1238
10/10/2001,MEM,TN,ASO,CE,Towers with Radar,707,307,127,14,1155,10,15,0,0,25,717,322,127,14,1180,0,0,0,1180
10/11/2001,MEM,TN,ASO,CE,Towers with Radar,642,279,88,4,1013,126,19,0,0,145,768,298,88,4,1158,0,0,0,1158
10/12/2001,MEM,TN,ASO,CE,Towers with Radar,744,306,137,14,1201,8,0,0,3,11,752,306,137,17,1212,0,0,0,1212
10/13/2001,MEM,TN,ASO,CE,Towers with Radar,610,201,49,5,865,0,0,0,1,1,610,201,49,6,866,0,0,0,866
10/14/2001,MEM,TN,ASO,CE,Towers with Radar,449,226,101,7,783,0,0,11,2,13,449,226,112,9,796,0,0,0,796
10/15/2001,MEM,TN,ASO,CE,Towers with Radar,387,254,118,13,772,0,0,10,1,11,387,254,128,14,783,0,0,0,783
10/16/2001,MEM,TN,ASO,CE,Towers with Radar,764,306,145,9,1224,0,1,8,1,10,764,307,153,10,1234,0,0,0,1234
10/17/2001,MEM,TN,ASO,CE,Towers with Radar,747,313,149,14,1223,17,0,36,1,54,764,313,185,15,1277,0,0,0,1277
10/18/2001,MEM,TN,ASO,CE,Towers with Radar,755,303,146,15,1219,0,0,16,1,17,755,303,162,16,1236,0,0,0,1236
10/19/2001,MEM,TN,ASO,CE,Towers with Radar,685,297,137,7,1126,52,15,33,0,100,737,312,170,7,1226,0,0,0,1226
10/20/2001,MEM,TN,ASO,CE,Towers with Radar,604,217,61,10,892,0,0,26,2,28,604,217,87,12,920,0,0,0,920
10/21/2001,MEM,TN,ASO,CE,Towers with Radar,454,207,102,8,771,0,0,48,1,49,454,207,150,9,820,0,0,0,820
10/22/2001,MEM,TN,ASO,CE,Towers with Radar,394,208,97,6,705,0,41,55,0,96,394,249,152,6,801,0,0,0,801
10/23/2001,MEM,TN,ASO,CE,Towers with Radar,742,302,102,14,1160,0,2,3,2,7,742,304,105,16,1167,0,0,0,1167
10/24/2001,MEM,TN,ASO,CE,Towers with Radar,756,299,123,8,1186,0,0,4,2,6,756,299,127,10,1192,0,0,0,1192
10/25/2001,MEM,TN,ASO,CE,Towers with Radar,754,303,151,13,1221,0,0,68,9,77,754,303,219,22,1298,0,0,0,1298
10/26/2001,MEM,TN,ASO,CE,Towers with Radar,743,296,134,14,1187,0,1,32,3,36,743,297,166,17,1223,0,0,0,1223
10/27/2001,MEM,TN,ASO,CE,Towers with Radar,516,210,104,8,838,80,0,16,1,97,596,210,120,9,935,0,0,0,935
10/28/2001,MEM,TN,ASO,CE,Towers with Radar,443,215,86,13,757,0,0,47,2,49,443,215,133,15,806,0,0,0,806
10/29/2001,MEM,TN,ASO,CE,Towers with Radar,345,255,135,8,743,0,0,17,2,19,345,255,152,10,762,0,0,0,762
10/30/2001,MEM,TN,ASO,CE,Towers with Radar,745,303,159,15,1222,0,0,22,1,23,745,303,181,16,1245,0,0,0,1245
10/31/2001,MEM,TN,ASO,CE,Towers with Radar,748,302,131,12,1193,0,4,20,1,25,748,306,151,13,1218,0,0,0,1218
11/01/2001,MEM,TN,ASO,CE,Towers with Radar,760,318,152,28,1258,0,0,13,1,14,760,318,165,29,1272,0,0,0,1272
11/02/2001,MEM,TN,ASO,CE,Towers with Radar,734,328,149,22,1233,0,0,23,0,23,734,328,172,22,1256,0,0,0,1256
11/03/2001,MEM,TN,ASO,CE,Towers with Radar,616,223,81,9,929,63,0,0,0,63,679,223,81,9,992,0,0,0,992
11/04/2001,MEM,TN,ASO,CE,Towers with Radar,460,223,76,15,774,0,0,27,1,28,460,223,103,16,802,0,0,0,802
11/05/2001,MEM,TN,ASO,CE,Towers with Radar,347,257,110,10,724,0,0,33,0,33,347,257,143,10,757,0,0,0,757
11/06/2001,MEM,TN,ASO,CE,Towers with Radar,732,309,126,6,1173,0,0,28,0,28,732,309,154,6,1201,0,0,0,1201
11/07/2001,MEM,TN,ASO,CE,Towers with Radar,757,334,144,15,1250,0,0,29,0,29,757,334,173,15,1279,0,0,0,1279
11/08/2001,MEM,TN,ASO,CE,Towers with Radar,750,311,117,28,1206,0,0,34,1,35,750,311,151,29,1241,0,0,0,1241
11/09/2001,MEM,TN,ASO,CE,Towers with Radar,742,304,125,12,1183,0,1,28,2,31,742,305,153,14,1214,0,0,0,1214
11/10/2001,MEM,TN,ASO,CE,Towers with Radar,673,226,60,7,966,0,0,26,1,27,673,226,86,8,993,0,0,0,993
11/11/2001,MEM,TN,ASO,CE,Towers with Radar,457,233,93,3,786,0,1,27,1,29,457,234,120,4,815,0,0,0,815
11/12/2001,MEM,TN,ASO,CE,Towers with Radar,320,263,105,1,689,0,1,28,1,30,320,264,133,2,719,0,0,0,719
11/13/2001,MEM,TN,ASO,CE,Towers with Radar,745,293,130,11,1179,0,2,22,3,27,745,295,152,14,1206,0,0,0,1206
11/14/2001,MEM,TN,ASO,CE,Towers with Radar,753,330,130,10,1223,0,1,31,1,33,753,331,161,11,1256,0,0,0,1256
11/15/2001,MEM,TN,ASO,CE,Towers with Radar,767,313,130,12,1222,0,0,71,8,79,767,313,201,20,1301,0,0,0,1301
11/16/2001,MEM,TN,ASO,CE,Towers with Radar,754,315,129,24,1222,0,0,36,4,40,754,315,165,28,1262,0,0,0,1262
11/17/2001,MEM,TN,ASO,CE,Towers with Radar,587,207,80,6,880,86,0,0,0,86,673,207,80,6,966,0,0,0,966
11/18/2001,MEM,TN,ASO,CE,Towers with Radar,462,215,79,6,762,0,16,17,0,33,462,231,96,6,795,0,0,0,795
11/19/2001,MEM,TN,ASO,CE,Towers with Radar,333,189,69,6,597,0,76,28,1,105,333,265,97,7,702,0,0,0,702
11/20/2001,MEM,TN,ASO,CE,Towers with Radar,775,328,130,12,1245,0,0,54,0,54,775,328,184,12,1299,0,0,0,1299
11/21/2001,MEM,TN,ASO,CE,Towers with Radar,788,317,131,12,1248,0,0,26,3,29,788,317,157,15,1277,0,0,0,1277
11/22/2001,MEM,TN,ASO,CE,Towers with Radar,410,178,42,2,632,26,32,0,0,58,436,210,42,2,690,0,0,0,690
11/23/2001,MEM,TN,ASO,CE,Towers with Radar,537,228,56,5,826,77,0,0,0,77,614,228,56,5,903,0,0,0,903
11/24/2001,MEM,TN,ASO,CE,Towers with Radar,533,212,51,2,798,123,0,0,0,123,656,212,51,2,921,0,0,0,921
11/25/2001,MEM,TN,ASO,CE,Towers with Radar,468,231,89,8,796,0,0,51,1,52,468,231,140,9,848,0,0,0,848
11/26/2001,MEM,TN,ASO,CE,Towers with Radar,334,196,71,7,608,0,60,37,7,104,334,256,108,14,712,0,0,0,712
11/27/2001,MEM,TN,ASO,CE,Towers with Radar,781,318,137,5,1241,0,0,10,4,14,781,318,147,9,1255,0,0,0,1255
11/28/2001,MEM,TN,ASO,CE,Towers with Radar,687,299,80,4,1070,107,29,0,0,136,794,328,80,4,1206,0,0,0,1206
11/29/2001,MEM,TN,ASO,CE,Towers with Radar,667,290,81,7,1045,92,25,0,0,117,759,315,81,7,1162,0,0,0,1162
11/30/2001,MEM,TN,ASO,CE,Towers with Radar,775,327,129,13,1244,0,0,3,3,6,775,327,132,16,1250,0,0,0,1250
12/01/2001,MEM,TN,ASO,CE,Towers with Radar,616,215,103,4,938,66,0,12,0,78,682,215,115,4,1016,0,0,0,1016
12/02/2001,MEM,TN,ASO,CE,Towers with Radar,465,213,89,13,780,3,6,13,0,22,468,219,102,13,802,0,0,0,802
12/03/2001,MEM,TN,ASO,CE,Towers with Radar,327,214,85,10,636,0,53,75,2,130,327,267,160,12,766,0,0,0,766
12/04/2001,MEM,TN,ASO,CE,Towers with Radar,754,313,125,9,1201,18,0,23,0,41,772,313,148,9,1242,0,0,0,1242
12/05/2001,MEM,TN,ASO,CE,Towers with Radar,772,320,134,14,1240,0,0,35,0,35,772,320,169,14,1275,0,0,0,1275
12/06/2001,MEM,TN,ASO,CE,Towers with Radar,757,303,125,19,1204,4,4,0,0,8,761,307,125,19,1212,0,0,0,1212
12/07/2001,MEM,TN,ASO,CE,Towers with Radar,766,313,127,9,1215,29,0,28,0,57,795,313,155,9,1272,0,0,0,1272
12/08/2001,MEM,TN,ASO,CE,Towers with Radar,598,217,71,12,898,93,0,0,4,97,691,217,71,16,995,0,0,0,995
12/09/2001,MEM,TN,ASO,CE,Towers with Radar,452,212,85,10,759,0,19,15,13,47,452,231,100,23,806,0,0,0,806
12/10/2001,MEM,TN,ASO,CE,Towers with Radar,328,258,112,15,713,4,4,14,2,24,332,262,126,17,737,0,0,0,737
12/11/2001,MEM,TN,ASO,CE,Towers with Radar,799,353,179,11,1342,4,3,7,0,14,803,356,186,11,1356,0,0,0,1356
12/12/2001,MEM,TN,ASO,CE,Towers with Radar,780,320,117,8,1225,3,4,0,0,7,783,324,117,8,1232,0,0,0,1232
12/13/2001,MEM,TN,ASO,CE,Towers with Radar,792,334,126,16,1268,3,4,0,0,7,795,338,126,16,1275,0,0,0,1275
12/14/2001,MEM,TN,ASO,CE,Towers with Radar,782,321,131,15,1249,0,0,23,11,34,782,321,154,26,1283,0,0,0,1283
12/15/2001,MEM,TN,ASO,CE,Towers with Radar,685,220,82,9,996,3,4,20,0,27,688,224,102,9,1023,0,0,0,1023
12/16/2001,MEM,TN,ASO,CE,Towers with Radar,488,232,65,7,792,3,4,0,0,7,491,236,65,7,799,0,0,0,799
12/17/2001,MEM,TN,ASO,CE,Towers with Radar,331,268,114,10,723,3,4,0,0,7,334,272,114,10,730,0,0,0,730
12/18/2001,MEM,TN,ASO,CE,Towers with Radar,830,339,125,13,1307,3,4,13,0,20,833,343,138,13,1327,0,0,0,1327
12/19/2001,MEM,TN,ASO,CE,Towers with Radar,857,341,154,21,1373,3,5,20,0,28,860,346,174,21,1401,0,0,0,1401
12/20/2001,MEM,TN,ASO,CE,Towers with Radar,854,334,155,12,1355,3,5,24,0,32,857,339,179,12,1387,0,0,0,1387
12/21/2001,MEM,TN,ASO,CE,Towers with Radar,864,316,148,22,1350,3,4,30,0,37,867,320,178,22,1387,0,0,0,1387
12/22/2001,MEM,TN,ASO,CE,Towers with Radar,740,238,72,14,1064,3,4,0,0,7,743,242,72,14,1071,0,0,0,1071
12/23/2001,MEM,TN,ASO,CE,Towers with Radar,471,214,62,8,755,3,7,12,0,22,474,221,74,8,777,0,0,0,777
12/24/2001,MEM,TN,ASO,CE,Towers with Radar,328,210,45,8,591,3,5,7,0,15,331,215,52,8,606,0,0,0,606
12/25/2001,MEM,TN,ASO,CE,Towers with Radar,385,208,30,3,626,3,4,9,0,16,388,212,39,3,642,0,0,0,642
12/26/2001,MEM,TN,ASO,CE,Towers with Radar,605,257,64,4,930,3,4,6,0,13,608,261,70,4,943,0,0,0,943
12/27/2001,MEM,TN,ASO,CE,Towers with Radar,774,303,113,7,1197,3,4,27,0,34,777,307,140,7,1231,0,0,0,1231
12/28/2001,MEM,TN,ASO,CE,Towers with Radar,762,287,85,14,1148,3,8,16,0,27,765,295,101,14,1175,0,0,0,1175
12/29/2001,MEM,TN,ASO,CE,Towers with Radar,685,217,69,12,983,3,4,7,0,14,688,221,76,12,997,0,0,0,997
12/30/2001,MEM,TN,ASO,CE,Towers with Radar,474,214,52,3,743,3,5,10,0,18,477,219,62,3,761,0,0,0,761
12/31/2001,MEM,TN,ASO,CE,Towers with Radar,332,224,68,3,627,3,5,10,0,18,335,229,78,3,645,0,0,0,645
01/01/2002,MEM,TN,ASO,CE,Towers with Radar,406,220,41,3,670,0,2,5,0,7,406,222,46,3,677,0,0,0,677
01/02/2002,MEM,TN,ASO,CE,Towers with Radar,613,267,91,7,978,0,3,17,0,20,613,270,108,7,998,0,0,0,998
01/03/2002,MEM,TN,ASO,CE,Towers with Radar,725,311,109,11,1156,27,3,0,0,30,752,314,109,11,1186,0,0,0,1186
01/04/2002,MEM,TN,ASO,CE,Towers with Radar,739,289,79,16,1123,0,3,25,0,28,739,292,104,16,1151,0,0,0,1151
01/05/2002,MEM,TN,ASO,CE,Towers with Radar,662,213,57,3,935,0,2,7,0,9,662,215,64,3,944,0,8,8,952
01/06/2002,MEM,TN,ASO,CE,Towers with Radar,441,230,57,3,731,0,2,3,0,5,441,232,60,3,736,0,0,0,736
01/07/2002,MEM,TN,ASO,CE,Towers with Radar,334,247,100,12,693,0,2,27,0,29,334,249,127,12,722,0,0,0,722
01/08/2002,MEM,TN,ASO,CE,Towers with Radar,774,311,115,5,1205,0,2,21,1,24,774,313,136,6,1229,0,0,0,1229
01/09/2002,MEM,TN,ASO,CE,Towers with Radar,768,316,157,12,1253,0,3,25,0,28,768,319,182,12,1281,0,0,0,1281
01/10/2002,MEM,TN,ASO,CE,Towers with Radar,779,310,140,13,1242,0,2,7,0,9,779,312,147,13,1251,0,0,0,1251
01/11/2002,MEM,TN,ASO,CE,Towers with Radar,746,299,171,24,1240,0,3,38,0,41,746,302,209,24,1281,0,0,0,1281
01/12/2002,MEM,TN,ASO,CE,Towers with Radar,642,214,56,5,917,0,2,23,0,25,642,216,79,5,942,0,0,0,942
01/13/2002,MEM,TN,ASO,CE,Towers with Radar,446,224,86,8,764,0,2,27,0,29,446,226,113,8,793,0,0,0,793
01/14/2002,MEM,TN,ASO,CE,Towers with Radar,317,261,121,10,709,0,3,18,0,21,317,264,139,10,730,0,0,0,730
01/15/2002,MEM,TN,ASO,CE,Towers with Radar,754,321,133,10,1218,0,3,54,5,62,754,324,187,15,1280,0,0,0,1280
01/16/2002,MEM,TN,ASO,CE,Towers with Radar,768,311,142,13,1234,0,3,36,1,40,768,314,178,14,1274,0,0,0,1274
01/17/2002,MEM,TN,ASO,CE,Towers with Radar,765,310,158,16,1249,0,2,19,0,21,765,312,177,16,1270,0,0,0,1270
01/18/2002,MEM,TN,ASO,CE,Towers with Radar,751,293,129,23,1196,0,2,10,1,13,751,295,139,24,1209,0,0,0,1209
01/19/2002,MEM,TN,ASO,CE,Towers with Radar,656,223,50,3,932,0,1,1,0,2,656,224,51,3,934,0,0,0,934
01/20/2002,MEM,TN,ASO,CE,Towers with Radar,452,225,75,7,759,0,1,14,0,15,452,226,89,7,774,0,0,0,774
01/21/2002,MEM,TN,ASO,CE,Towers with Radar,322,250,102,11,685,0,6,30,0,36,322,256,132,11,721,0,0,0,721
01/22/2002,MEM,TN,ASO,CE,Towers with Radar,749,282,123,7,1161,0,1,14,0,15,749,283,137,7,1176,0,0,0,1176
01/23/2002,MEM,TN,ASO,CE,Towers with Radar,765,323,146,11,1245,0,1,16,0,17,765,324,162,11,1262,0,0,0,1262
01/24/2002,MEM,TN,ASO,CE,Towers with Radar,761,299,129,4,1193,0,1,3,0,4,761,300,132,4,1197,0,0,0,1197
01/25/2002,MEM,TN,ASO,CE,Towers with Radar,748,297,135,13,1193,0,0,24,3,27,748,297,159,16,1220,0,0,0,1220
01/26/2002,MEM,TN,ASO,CE,Towers with Radar,652,220,72,8,952,0,1,41,1,43,652,221,113,9,995,0,0,0,995
01/27/2002,MEM,TN,ASO,CE,Towers with Radar,445,229,72,2,748,0,1,23,0,24,445,230,95,2,772,0,0,0,772
01/28/2002,MEM,TN,ASO,CE,Towers with Radar,333,255,150,9,747,0,1,10,0,11,333,256,160,9,758,0,0,0,758
01/29/2002,MEM,TN,ASO,CE,Towers with Radar,738,307,124,11,1180,32,0,0,2,34,770,307,124,13,1214,0,0,0,1214
01/30/2002,MEM,TN,ASO,CE,Towers with Radar,744,304,169,19,1236,0,1,3,0,4,744,305,172,19,1240,0,0,0,1240
01/31/2002,MEM,TN,ASO,CE,Towers with Radar,689,297,116,3,1105,73,6,0,0,79,762,303,116,3,1184,0,0,0,1184
02/01/2002,MEM,TN,ASO,CE,Towers with Radar,749,293,141,14,1197,0,0,22,5,27,749,293,163,19,1224,0,0,0,1224
02/02/2002,MEM,TN,ASO,CE,Towers with Radar,577,221,108,5,911,78,0,17,0,95,655,221,125,5,1006,0,0,0,1006
02/03/2002,MEM,TN,ASO,CE,Towers with Radar,432,218,57,4,711,5,3,5,0,13,437,221,62,4,724,0,0,0,724
02/04/2002,MEM,TN,ASO,CE,Towers with Radar,327,202,88,8,625,0,62,65,10,137,327,264,153,18,762,0,0,0,762
02/05/2002,MEM,TN,ASO,CE,Towers with Radar,723,314,134,6,1177,36,7,5,0,48,759,321,139,6,1225,0,0,0,1225
02/06/2002,MEM,TN,ASO,CE,Towers with Radar,700,298,81,6,1085,5,2,0,0,7,705,300,81,6,1092,0,0,0,1092
02/07/2002,MEM,TN,ASO,CE,Towers with Radar,757,301,140,13,1211,33,0,28,2,63,790,301,168,15,1274,0,0,0,1274
02/08/2002,MEM,TN,ASO,CE,Towers with Radar,762,322,141,13,1238,8,0,0,1,9,770,322,141,14,1247,0,0,0,1247
02/09/2002,MEM,TN,ASO,CE,Towers with Radar,584,237,87,10,918,73,0,0,1,74,657,237,87,11,992,0,0,0,992
02/10/2002,MEM,TN,ASO,CE,Towers with Radar,465,208,86,8,767,0,12,0,6,18,465,220,86,14,785,0,0,0,785
02/11/2002,MEM,TN,ASO,CE,Towers with Radar,331,208,90,8,637,0,62,78,9,149,331,270,168,17,786,0,0,0,786
02/12/2002,MEM,TN,ASO,CE,Towers with Radar,735,314,135,7,1191,43,0,43,0,86,778,314,178,7,1277,0,0,0,1277
02/13/2002,MEM,TN,ASO,CE,Towers with Radar,786,330,148,14,1278,0,0,48,2,50,786,330,196,16,1328,0,0,0,1328
02/14/2002,MEM,TN,ASO,CE,Towers with Radar,783,321,144,14,1262,36,0,13,9,58,819,321,157,23,1320,0,0,0,1320
02/15/2002,MEM,TN,ASO,CE,Towers with Radar,752,301,141,13,1207,5,2,14,0,21,757,303,155,13,1228,0,0,0,1228
02/16/2002,MEM,TN,ASO,CE,Towers with Radar,543,207,60,5,815,86,0,0,0,86,629,207,60,5,901,0,0,0,901
02/17/2002,MEM,TN,ASO,CE,Towers with Radar,464,212,91,4,771,0,17,32,0,49,464,229,123,4,820,0,0,0,820
02/18/2002,MEM,TN,ASO,CE,Towers with Radar,342,202,86,5,635,0,49,65,0,114,342,251,151,5,749,0,0,0,749
02/19/2002,MEM,TN,ASO,CE,Towers with Radar,685,295,126,5,1111,78,0,11,0,89,763,295,137,5,1200,0,0,0,1200
02/20/2002,MEM,TN,ASO,CE,Towers with Radar,778,332,143,14,1267,3,0,0,0,3,781,332,143,14,1270,0,0,0,1270
02/21/2002,MEM,TN,ASO,CE,Towers with Radar,759,312,140,12,1223,25,0,50,0,75,784,312,190,12,1298,0,0,0,1298
02/22/2002,MEM,TN,ASO,CE,Towers with Radar,753,304,138,12,1207,7,0,10,0,17,760,304,148,12,1224,0,0,0,1224
02/23/2002,MEM,TN,ASO,CE,Towers with Radar,611,241,113,7,972,51,0,18,0,69,662,241,131,7,1041,0,0,0,1041
02/24/2002,MEM,TN,ASO,CE,Towers with Radar,469,207,89,9,774,0,23,13,5,41,469,230,102,14,815,0,0,0,815
02/25/2002,MEM,TN,ASO,CE,Towers with Radar,342,196,84,8,630,0,54,48,3,105,342,250,132,11,735,0,0,0,735
02/26/2002,MEM,TN,ASO,CE,Towers with Radar,760,323,134,7,1224,4,5,9,0,18,764,328,143,7,1242,0,0,0,1242
02/27/2002,MEM,TN,ASO,CE,Towers with Radar,779,324,143,14,1260,4,0,33,16,53,783,324,176,30,1313,0,0,0,1313
02/28/2002,MEM,TN,ASO,CE,Towers with Radar,759,324,139,7,1229,13,0,54,0,67,772,324,193,7,1296,0,0,0,1296
03/01/2002,MEM,TN,ASO,CE,Towers with Radar,728,310,102,4,1144,19,0,56,0,75,747,310,158,4,1219,0,0,0,1219
03/02/2002,MEM,TN,ASO,CE,Towers with Radar,502,203,53,0,758,157,0,0,0,157,659,203,53,0,915,0,0,0,915
03/03/2002,MEM,TN,ASO,CE,Towers with Radar,453,198,65,3,719,0,24,33,2,59,453,222,98,5,778,0,0,0,778
03/04/2002,MEM,TN,ASO,CE,Towers with Radar,342,212,69,3,626,0,44,73,5,122,342,256,142,8,748,0,0,0,748
03/05/2002,MEM,TN,ASO,CE,Towers with Radar,754,311,106,4,1175,19,0,51,12,82,773,311,157,16,1257,0,0,0,1257
03/06/2002,MEM,TN,ASO,CE,Towers with Radar,782,337,112,4,1235,0,0,49,11,60,782,337,161,15,1295,0,0,0,1295
03/07/2002,MEM,TN,ASO,CE,Towers with Radar,786,334,113,4,1237,0,0,79,7,86,786,334,192,11,1323,0,0,0,1323
03/08/2002,MEM,TN,ASO,CE,Towers with Radar,744,316,104,4,1168,25,0,30,6,61,769,316,134,10,1229,0,0,0,1229
03/09/2002,MEM,TN,ASO,CE,Towers with Radar,530,223,74,3,830,120,0,0,3,123,650,223,74,6,953,0,0,0,953
03/10/2002,MEM,TN,ASO,CE,Towers with Radar,446,214,71,3,734,0,29,19,6,54,446,243,90,9,788,0,0,0,788
03/11/2002,MEM,TN,ASO,CE,Towers with Radar,331,198,66,3,598,0,66,15,5,86,331,264,81,8,684,0,0,0,684
03/12/2002,MEM,TN,ASO,CE,Towers with Radar,745,318,105,4,1172,15,0,21,6,42,760,318,126,10,1214,0,0,0,1214
03/13/2002,MEM,TN,ASO,CE,Towers with Radar,795,323,114,4,1236,0,0,53,4,57,795,323,167,8,1293,0,0,0,1293
03/14/2002,MEM,TN,ASO,CE,Towers with Radar,760,310,107,4,1181,19,0,51,9,79,779,310,158,13,1260,0,0,0,1260
03/15/2002,MEM,TN,ASO,CE,Towers with Radar,726,307,103,3,1139,0,0,2,2,4,726,307,105,5,1143,0,0,0,1143
03/16/2002,MEM,TN,ASO,CE,Towers with Radar,586,249,63,2,900,106,0,0,2,108,692,249,63,4,1008,0,0,0,1008
03/17/2002,MEM,TN,ASO,CE,Towers with Radar,448,190,49,1,688,8,24,0,0,32,456,214,49,1,720,0,0,0,720
03/18/2002,MEM,TN,ASO,CE,Towers with Radar,343,209,70,2,624,0,60,42,5,107,343,269,112,7,731,0,0,0,731
03/19/2002,MEM,TN,ASO,CE,Towers with Radar,710,302,100,3,1115,52,37,12,1,102,762,339,112,4,1217,0,0,0,1217
03/20/2002,MEM,TN,ASO,CE,Towers with Radar,796,323,112,3,1234,63,0,24,2,89,859,323,136,5,1323,0,0,0,1323
03/21/2002,MEM,TN,ASO,CE,Towers with Radar,764,329,114,3,1210,0,0,83,4,87,764,329,197,7,1297,0,0,0,1297
03/22/2002,MEM,TN,ASO,CE,Towers with Radar,761,307,109,3,1180,0,0,65,11,76,761,307,174,14,1256,0,0,0,1256
03/23/2002,MEM,TN,ASO,CE,Towers with Radar,563,233,80,2,878,31,0,47,0,78,594,233,127,2,956,0,0,0,956
03/24/2002,MEM,TN,ASO,CE,Towers with Radar,459,215,72,2,748,0,19,43,12,74,459,234,115,14,822,0,0,0,822
03/25/2002,MEM,TN,ASO,CE,Towers with Radar,378,199,66,2,645,0,62,40,5,107,378,261,106,7,752,0,0,0,752
03/26/2002,MEM,TN,ASO,CE,Towers with Radar,771,305,109,3,1188,33,0,17,11,61,804,305,126,14,1249,0,0,0,1249
03/27/2002,MEM,TN,ASO,CE,Towers with Radar,792,332,112,3,1239,0,0,54,8,62,792,332,166,11,1301,0,0,0,1301
03/28/2002,MEM,TN,ASO,CE,Towers with Radar,779,316,112,3,1210,0,0,73,5,78,779,316,185,8,1288,0,0,0,1288
03/29/2002,MEM,TN,ASO,CE,Towers with Radar,746,315,99,3,1163,19,0,0,4,23,765,315,99,7,1186,0,0,0,1186
03/30/2002,MEM,TN,ASO,CE,Towers with Radar,504,215,32,1,752,87,10,0,0,97,591,225,32,1,849,0,0,0,849
03/31/2002,MEM,TN,ASO,CE,Towers with Radar,449,198,44,2,693,0,32,0,2,34,449,230,44,4,727,2,0,2,729
04/01/2002,MEM,TN,ASO,CE,Towers with Radar,400,226,76,2,704,0,50,57,0,107,400,276,133,2,811,0,0,0,811
04/02/2002,MEM,TN,ASO,CE,Towers with Radar,758,327,113,5,1203,0,0,57,7,64,758,327,170,12,1267,0,0,0,1267
04/03/2002,MEM,TN,ASO,CE,Towers with Radar,747,328,111,5,1191,22,0,34,12,68,769,328,145,17,1259,0,0,0,1259
04/04/2002,MEM,TN,ASO,CE,Towers with Radar,751,337,112,5,1205,24,3,64,9,100,775,340,176,14,1305,0,0,0,1305
04/05/2002,MEM,TN,ASO,CE,Towers with Radar,722,316,107,5,1150,31,0,33,2,66,753,316,140,7,1216,0,0,0,1216
04/06/2002,MEM,TN,ASO,CE,Towers with Radar,512,223,76,1,812,70,0,21,0,91,582,223,97,1,903,0,0,0,903
04/07/2002,MEM,TN,ASO,CE,Towers with Radar,451,203,67,3,724,0,35,4,4,43,451,238,71,7,767,0,0,0,767
04/08/2002,MEM,TN,ASO,CE,Towers with Radar,367,182,60,3,612,0,64,8,4,76,367,246,68,7,688,0,0,0,688
04/09/2002,MEM,TN,ASO,CE,Towers with Radar,720,316,109,5,1150,0,0,0,10,10,720,316,109,15,1160,0,0,0,1160
04/10/2002,MEM,TN,ASO,CE,Towers with Radar,749,332,112,5,1198,0,0,47,13,60,749,332,159,18,1258,0,0,0,1258
04/11/2002,MEM,TN,ASO,CE,Towers with Radar,726,299,113,5,1143,0,0,62,15,77,726,299,175,20,1220,0,0,0,1220
04/12/2002,MEM,TN,ASO,CE,Towers with Radar,692,303,109,5,1109,0,0,38,6,44,692,303,147,11,1153,0,0,0,1153
04/13/2002,MEM,TN,ASO,CE,Towers with Radar,547,236,77,4,864,0,0,0,2,2,547,236,77,6,866,6,0,6,872
04/14/2002,MEM,TN,ASO,CE,Towers with Radar,458,219,72,3,752,0,21,39,5,65,458,240,111,8,817,20,1,21,838
04/15/2002,MEM,TN,ASO,CE,Towers with Radar,392,218,72,2,684,0,55,28,12,95,392,273,100,14,779,0,0,0,779
04/16/2002,MEM,TN,ASO,CE,Towers with Radar,704,314,110,4,1132,0,0,56,7,63,704,314,166,11,1195,0,0,0,1195
04/17/2002,MEM,TN,ASO,CE,Towers with Radar,715,310,109,4,1138,0,0,15,2,17,715,310,124,6,1155,0,0,0,1155
04/18/2002,MEM,TN,ASO,CE,Towers with Radar,757,340,116,4,1217,0,0,58,7,65,757,340,174,11,1282,0,0,0,1282
04/19/2002,MEM,TN,ASO,CE,Towers with Radar,691,300,109,4,1104,0,0,53,5,58,691,300,162,9,1162,0,0,0,1162
04/20/2002,MEM,TN,ASO,CE,Towers with Radar,545,234,82,3,864,11,0,3,11,25,556,234,85,14,889,0,0,0,889
04/21/2002,MEM,TN,ASO,CE,Towers with Radar,450,211,71,2,734,0,25,17,3,45,450,236,88,5,779,0,0,0,779
04/22/2002,MEM,TN,ASO,CE,Towers with Radar,401,227,76,2,706,0,49,64,16,129,401,276,140,18,835,0,0,0,835
04/23/2002,MEM,TN,ASO,CE,Towers with Radar,706,298,108,4,1116,0,0,39,0,39,706,298,147,4,1155,0,0,0,1155
04/24/2002,MEM,TN,ASO,CE,Towers with Radar,707,324,110,4,1145,0,0,44,7,51,707,324,154,11,1196,0,0,0,1196
04/25/2002,MEM,TN,ASO,CE,Towers with Radar,726,321,118,4,1169,0,0,76,4,80,726,321,194,8,1249,0,0,0,1249
04/26/2002,MEM,TN,ASO,CE,Towers with Radar,692,301,110,4,1107,0,0,50,2,52,692,301,160,6,1159,0,0,0,1159
04/27/2002,MEM,TN,ASO,CE,Towers with Radar,521,226,60,2,809,30,0,0,0,30,551,226,60,2,839,0,0,0,839
04/28/2002,MEM,TN,ASO,CE,Towers with Radar,457,216,73,2,748,0,13,41,5,59,457,229,114,7,807,0,0,0,807
04/29/2002,MEM,TN,ASO,CE,Towers with Radar,443,219,74,2,738,0,70,67,1,138,443,289,141,3,876,0,0,0,876
04/30/2002,MEM,TN,ASO,CE,Towers with Radar,690,308,103,1,1102,65,2,18,0,85,755,310,121,1,1187,0,0,0,1187
05/01/2002,MEM,TN,ASO,CE,Towers with Radar,713,332,118,6,1169,0,0,23,9,32,713,332,141,15,1201,0,0,0,1201
05/02/2002,MEM,TN,ASO,CE,Towers with Radar,721,302,111,6,1140,15,0,16,3,34,736,302,127,9,1174,0,0,0,1174
05/03/2002,MEM,TN,ASO,CE,Towers with Radar,697,309,101,6,1113,29,9,0,3,41,726,318,101,9,1154,0,0,0,1154
05/04/2002,MEM,TN,ASO,CE,Towers with Radar,560,232,74,5,871,0,0,0,1,1,560,232,74,6,872,0,0,0,872
05/05/2002,MEM,TN,ASO,CE,Towers with Radar,465,216,75,4,760,0,25,26,6,57,465,241,101,10,817,0,0,0,817
05/06/2002,MEM,TN,ASO,CE,Towers with Radar,438,218,76,3,735,0,76,71,0,147,438,294,147,3,882,0,0,0,882
05/07/2002,MEM,TN,ASO,CE,Towers with Radar,730,343,120,5,1198,0,21,46,0,67,730,364,166,5,1265,0,0,0,1265
05/08/2002,MEM,TN,ASO,CE,Towers with Radar,763,320,118,7,1208,8,0,39,1,48,771,320,157,8,1256,0,0,0,1256
05/09/2002,MEM,TN,ASO,CE,Towers with Radar,792,326,122,7,1247,24,0,25,4,53,816,326,147,11,1300,0,0,0,1300
05/10/2002,MEM,TN,ASO,CE,Towers with Radar,749,316,116,6,1187,13,0,11,1,25,762,316,127,7,1212,0,0,0,1212
05/11/2002,MEM,TN,ASO,CE,Towers with Radar,542,234,59,4,839,48,0,0,0,48,590,234,59,4,887,0,0,0,887
05/12/2002,MEM,TN,ASO,CE,Towers with Radar,450,201,52,4,707,0,36,0,2,38,450,237,52,6,745,0,0,0,745
05/13/2002,MEM,TN,ASO,CE,Towers with Radar,439,208,72,4,723,0,83,38,4,125,439,291,110,8,848,0,0,0,848
05/14/2002,MEM,TN,ASO,CE,Towers with Radar,756,329,119,7,1211,0,0,80,6,86,756,329,199,13,1297,0,0,0,1297
05/15/2002,MEM,TN,ASO,CE,Towers with Radar,749,321,117,6,1193,0,0,72,18,90,749,321,189,24,1283,0,0,0,1283
05/16/2002,MEM,TN,ASO,CE,Towers with Radar,753,327,116,6,1202,3,0,58,0,61,756,327,174,6,1263,0,0,0,1263
05/17/2002,MEM,TN,ASO,CE,Towers with Radar,709,287,111,5,1112,0,0,23,3,26,709,287,134,8,1138,0,0,0,1138
05/18/2002,MEM,TN,ASO,CE,Towers with Radar,556,227,86,4,873,0,0,0,10,10,556,227,86,14,883,0,0,0,883
05/19/2002,MEM,TN,ASO,CE,Towers with Radar,455,216,77,3,751,0,35,19,1,55,455,251,96,4,806,0,0,0,806
05/20/2002,MEM,TN,ASO,CE,Towers with Radar,436,223,79,3,741,0,71,80,26,177,436,294,159,29,918,0,0,0,918
05/21/2002,MEM,TN,ASO,CE,Towers with Radar,763,328,119,6,1216,0,0,61,11,72,763,328,180,17,1288,0,0,0,1288
05/22/2002,MEM,TN,ASO,CE,Towers with Radar,736,307,115,5,1163,20,0,44,25,89,756,307,159,30,1252,0,0,0,1252
05/23/2002,MEM,TN,ASO,CE,Towers with Radar,734,324,114,5,1177,28,6,75,16,125,762,330,189,21,1302,0,0,0,1302
05/24/2002,MEM,TN,ASO,CE,Towers with Radar,753,314,120,6,1193,0,0,63,6,69,753,314,183,12,1262,0,0,0,1262
05/25/2002,MEM,TN,ASO,CE,Towers with Radar,525,219,62,4,810,23,0,0,4,27,548,219,62,8,837,0,0,0,837
05/26/2002,MEM,TN,ASO,CE,Towers with Radar,421,185,44,2,652,20,23,0,0,43,441,208,44,2,695,0,0,0,695
05/27/2002,MEM,TN,ASO,CE,Towers with Radar,306,169,60,3,538,0,48,26,2,76,306,217,86,5,614,0,0,0,614
05/28/2002,MEM,TN,ASO,CE,Towers with Radar,468,226,80,4,778,0,72,46,11,129,468,298,126,15,907,0,0,0,907
05/29/2002,MEM,TN,ASO,CE,Towers with Radar,761,336,119,5,1221,1,0,17,9,27,762,336,136,14,1248,0,0,0,1248
05/30/2002,MEM,TN,ASO,CE,Towers with Radar,762,331,120,6,1219,0,0,31,9,40,762,331,151,15,1259,0,0,0,1259
05/31/2002,MEM,TN,ASO,CE,Towers with Radar,738,318,115,5,1176,12,0,39,6,57,750,318,154,11,1233,0,0,0,1233
06/01/2002,MEM,TN,ASO,CE,Towers with Radar,521,226,81,3,831,79,0,0,3,82,600,226,81,6,913,0,0,0,913
06/02/2002,MEM,TN,ASO,CE,Towers with Radar,460,229,39,8,736,1,1,30,1,33,461,230,69,9,769,0,0,0,769
06/03/2002,MEM,TN,ASO,CE,Towers with Radar,385,221,77,3,686,0,53,54,18,125,385,274,131,21,811,0,0,0,811
06/04/2002,MEM,TN,ASO,CE,Towers with Radar,724,316,115,3,1158,23,0,34,0,57,747,316,149,3,1215,0,0,0,1215
06/05/2002,MEM,TN,ASO,CE,Towers with Radar,711,305,111,6,1133,49,0,28,0,77,760,305,139,6,1210,0,0,0,1210
06/06/2002,MEM,TN,ASO,CE,Towers with Radar,766,330,122,5,1223,0,0,17,0,17,766,330,139,5,1240,0,0,0,1240
06/07/2002,MEM,TN,ASO,CE,Towers with Radar,821,373,131,7,1332,0,0,49,0,49,821,373,180,7,1381,0,0,0,1381
06/08/2002,MEM,TN,ASO,CE,Towers with Radar,653,303,104,0,1060,0,0,76,0,76,653,303,180,0,1136,0,0,0,1136
06/09/2002,MEM,TN,ASO,CE,Towers with Radar,519,294,100,5,918,0,14,88,1,103,519,308,188,6,1021,0,0,0,1021
06/10/2002,MEM,TN,ASO,CE,Towers with Radar,456,254,87,2,799,0,57,48,0,105,456,311,135,2,904,0,0,0,904
06/11/2002,MEM,TN,ASO,CE,Towers with Radar,796,365,125,6,1292,9,0,18,0,27,805,365,143,6,1319,0,0,0,1319
06/12/2002,MEM,TN,ASO,CE,Towers with Radar,818,368,128,5,1319,12,0,36,0,48,830,368,164,5,1367,0,0,0,1367
06/13/2002,MEM,TN,ASO,CE,Towers with Radar,777,359,122,6,1264,46,0,13,0,59,823,359,135,6,1323,0,0,0,1323
06/14/2002,MEM,TN,ASO,CE,Towers with Radar,789,356,124,6,1275,28,0,24,4,56,817,356,148,10,1331,0,0,0,1331
06/15/2002,MEM,TN,ASO,CE,Towers with Radar,580,250,92,5,927,69,0,9,0,78,649,250,101,5,1005,0,0,0,1005
06/16/2002,MEM,TN,ASO,CE,Towers with Radar,519,241,82,3,845,2,22,10,0,34,521,263,92,3,879,0,0,0,879
06/17/2002,MEM,TN,ASO,CE,Towers with Radar,460,247,84,0,791,0,66,58,0,124,460,313,142,0,915,0,0,0,915
06/18/2002,MEM,TN,ASO,CE,Towers with Radar,787,357,123,5,1272,43,0,43,0,86,830,357,166,5,1358,0,0,0,1358
06/19/2002,MEM,TN,ASO,CE,Towers with Radar,817,372,128,4,1321,0,0,54,0,54,817,372,182,4,1375,0,0,0,1375
06/20/2002,MEM,TN,ASO,CE,Towers with Radar,813,357,127,5,1302,34,0,60,0,94,847,357,187,5,1396,0,0,0,1396
06/21/2002,MEM,TN,ASO,CE,Towers with Radar,780,348,122,5,1255,12,0,28,17,57,792,348,150,22,1312,0,0,0,1312
06/22/2002,MEM,TN,ASO,CE,Towers with Radar,588,251,93,4,936,70,0,5,6,81,658,251,98,10,1017,0,0,0,1017
06/23/2002,MEM,TN,ASO,CE,Towers with Radar,526,244,83,3,856,9,14,1,6,30,535,258,84,9,886,0,0,0,886
06/24/2002,MEM,TN,ASO,CE,Towers with Radar,464,253,86,4,807,0,56,15,1,72,464,309,101,5,879,0,0,0,879
06/25/2002,MEM,TN,ASO,CE,Towers with Radar,776,347,122,5,1250,0,0,39,1,40,776,347,161,6,1290,0,0,0,1290
06/26/2002,MEM,TN,ASO,CE,Towers with Radar,812,368,127,6,1313,7,0,38,9,54,819,368,165,15,1367,0,0,0,1367
06/27/2002,MEM,TN,ASO,CE,Towers with Radar,809,363,127,3,1302,0,0,25,0,25,809,363,152,3,1327,0,0,0,1327
06/28/2002,MEM,TN,ASO,CE,Towers with Radar,823,365,129,6,1323,0,0,32,0,32,823,365,161,6,1355,0,0,0,1355
06/29/2002,MEM,TN,ASO,CE,Towers with Radar,654,250,53,0,957,3,0,14,1,18,657,250,67,1,975,0,0,0,975
06/30/2002,MEM,TN,ASO,CE,Towers with Radar,534,246,84,2,866,3,21,6,0,30,537,267,90,2,896,0,0,0,896
07/01/2002,MEM,TN,ASO,CE,Towers with Radar,459,245,66,3,773,0,51,52,0,103,459,296,118,3,876,0,0,0,876
07/02/2002,MEM,TN,ASO,CE,Towers with Radar,781,358,98,0,1237,21,0,54,0,75,802,358,152,0,1312,0,0,0,1312
07/03/2002,MEM,TN,ASO,CE,Towers with Radar,806,358,101,3,1268,31,0,25,0,56,837,358,126,3,1324,0,0,0,1324
07/04/2002,MEM,TN,ASO,CE,Towers with Radar,394,243,38,2,677,0,4,28,0,32,394,247,66,2,709,0,0,0,709
07/05/2002,MEM,TN,ASO,CE,Towers with Radar,721,282,67,6,1076,0,3,14,0,17,721,285,81,6,1093,0,0,0,1093
07/06/2002,MEM,TN,ASO,CE,Towers with Radar,572,258,71,0,901,68,0,0,0,68,640,258,71,0,969,0,0,0,969
07/07/2002,MEM,TN,ASO,CE,Towers with Radar,527,249,66,4,846,0,17,28,3,48,527,266,94,7,894,0,0,0,894
07/08/2002,MEM,TN,ASO,CE,Towers with Radar,469,301,99,8,877,0,2,36,0,38,469,303,135,8,915,0,0,0,915
07/09/2002,MEM,TN,ASO,CE,Towers with Radar,787,362,98,2,1249,34,0,56,0,90,821,362,154,2,1339,0,0,0,1339
07/10/2002,MEM,TN,ASO,CE,Towers with Radar,788,357,98,6,1249,43,0,25,0,68,831,357,123,6,1317,0,0,0,1317
07/11/2002,MEM,TN,ASO,CE,Towers with Radar,820,371,102,4,1297,8,0,57,0,65,828,371,159,4,1362,0,0,0,1362
07/12/2002,MEM,TN,ASO,CE,Towers with Radar,765,349,93,4,1211,35,0,0,0,35,800,349,93,4,1246,0,0,0,1246
07/13/2002,MEM,TN,ASO,CE,Towers with Radar,640,256,79,5,980,16,0,14,2,32,656,256,93,7,1012,0,0,0,1012
07/14/2002,MEM,TN,ASO,CE,Towers with Radar,526,246,65,3,840,0,6,4,0,10,526,252,69,3,850,0,0,0,850
07/15/2002,MEM,TN,ASO,CE,Towers with Radar,473,267,71,3,814,0,45,82,3,130,473,312,153,6,944,0,0,0,944
07/16/2002,MEM,TN,ASO,CE,Towers with Radar,812,357,101,5,1275,6,0,46,1,53,818,357,147,6,1328,0,0,0,1328
07/17/2002,MEM,TN,ASO,CE,Towers with Radar,827,359,103,5,1294,3,0,32,3,38,830,359,135,8,1332,0,0,0,1332
07/18/2002,MEM,TN,ASO,CE,Towers with Radar,801,363,99,5,1268,16,0,27,1,44,817,363,126,6,1312,0,0,0,1312
07/19/2002,MEM,TN,ASO,CE,Towers with Radar,781,348,97,2,1228,25,0,11,0,36,806,348,108,2,1264,0,0,0,1264
07/20/2002,MEM,TN,ASO,CE,Towers with Radar,583,256,72,0,911,59,0,8,0,67,642,256,80,0,978,0,0,0,978
07/21/2002,MEM,TN,ASO,CE,Towers with Radar,521,257,68,3,849,0,18,32,2,52,521,275,100,5,901,0,0,0,901
07/22/2002,MEM,TN,ASO,CE,Towers with Radar,459,258,69,3,789,0,57,74,2,133,459,315,143,5,922,0,0,0,922
07/23/2002,MEM,TN,ASO,CE,Towers with Radar,794,367,98,4,1263,12,0,25,0,37,806,367,123,4,1300,0,0,0,1300
07/24/2002,MEM,TN,ASO,CE,Towers with Radar,835,375,137,5,1352,0,3,25,2,30,835,378,162,7,1382,0,0,0,1382
07/25/2002,MEM,TN,ASO,CE,Towers with Radar,828,366,105,5,1304,0,0,59,2,61,828,366,164,7,1365,0,0,0,1365
07/26/2002,MEM,TN,ASO,CE,Towers with Radar,788,348,102,5,1243,0,0,25,17,42,788,348,127,22,1285,0,0,0,1285
07/27/2002,MEM,TN,ASO,CE,Towers with Radar,614,258,77,0,949,42,0,1,0,43,656,258,78,0,992,0,0,0,992
07/28/2002,MEM,TN,ASO,CE,Towers with Radar,519,255,69,3,846,0,9,32,5,46,519,264,101,8,892,0,0,0,892
07/29/2002,MEM,TN,ASO,CE,Towers with Radar,466,260,70,3,799,0,56,37,5,98,466,316,107,8,897,0,0,0,897
07/30/2002,MEM,TN,ASO,CE,Towers with Radar,778,361,98,2,1239,9,4,17,0,30,787,365,115,2,1269,0,0,0,1269
07/31/2002,MEM,TN,ASO,CE,Towers with Radar,807,362,101,0,1270,48,0,17,0,65,855,362,118,0,1335,0,0,0,1335
08/01/2002,MEM,TN,ASO,CE,Towers with Radar,820,375,106,5,1306,0,0,33,3,36,820,375,139,8,1342,0,0,0,1342
08/02/2002,MEM,TN,ASO,CE,Towers with Radar,797,352,101,5,1255,6,0,28,4,38,803,352,129,9,1293,0,0,0,1293
08/03/2002,MEM,TN,ASO,CE,Towers with Radar,585,254,53,3,895,66,0,0,0,66,651,254,53,3,961,0,0,0,961
08/04/2002,MEM,TN,ASO,CE,Towers with Radar,527,249,69,3,848,0,14,17,0,31,527,263,86,3,879,0,0,0,879
08/05/2002,MEM,TN,ASO,CE,Towers with Radar,457,252,70,2,781,0,73,48,0,121,457,325,118,2,902,0,0,0,902
08/06/2002,MEM,TN,ASO,CE,Towers with Radar,796,364,101,5,1266,28,5,9,2,44,824,369,110,7,1310,0,0,0,1310
08/07/2002,MEM,TN,ASO,CE,Towers with Radar,833,362,108,5,1308,0,0,65,4,69,833,362,173,9,1377,0,0,0,1377
08/08/2002,MEM,TN,ASO,CE,Towers with Radar,812,356,103,5,1276,11,0,48,0,59,823,356,151,5,1335,0,0,0,1335
08/09/2002,MEM,TN,ASO,CE,Towers with Radar,814,356,104,7,1281,3,0,44,1,48,817,356,148,8,1329,0,0,0,1329
08/10/2002,MEM,TN,ASO,CE,Towers with Radar,650,255,70,1,976,3,0,24,0,27,653,255,94,1,1003,0,0,0,1003
08/11/2002,MEM,TN,ASO,CE,Towers with Radar,528,269,61,1,859,5,0,33,0,38,533,269,94,1,897,0,0,0,897
08/12/2002,MEM,TN,ASO,CE,Towers with Radar,446,255,71,3,775,0,60,64,1,125,446,315,135,4,900,0,0,0,900
08/13/2002,MEM,TN,ASO,CE,Towers with Radar,837,346,101,12,1296,2,0,29,0,31,839,346,130,12,1327,0,0,0,1327
08/14/2002,MEM,TN,ASO,CE,Towers with Radar,798,355,100,3,1256,49,0,8,0,57,847,355,108,3,1313,0,0,0,1313
08/15/2002,MEM,TN,ASO,CE,Towers with Radar,815,351,103,6,1275,0,0,28,3,31,815,351,131,9,1306,0,0,0,1306
08/16/2002,MEM,TN,ASO,CE,Towers with Radar,792,347,100,2,1241,35,0,17,0,52,827,347,117,2,1293,0,0,0,1293
08/17/2002,MEM,TN,ASO,CE,Towers with Radar,595,263,66,4,928,59,0,0,1,60,654,263,66,5,988,0,0,0,988
08/18/2002,MEM,TN,ASO,CE,Towers with Radar,531,250,69,2,852,0,17,37,0,54,531,267,106,2,906,0,0,0,906
08/19/2002,MEM,TN,ASO,CE,Towers with Radar,477,252,70,3,802,0,58,36,3,97,477,310,106,6,899,0,0,0,899
08/20/2002,MEM,TN,ASO,CE,Towers with Radar,826,364,105,6,1301,0,0,42,6,48,826,364,147,12,1349,0,0,0,1349
08/21/2002,MEM,TN,ASO,CE,Towers with Radar,830,361,105,6,1302,19,0,52,1,72,849,361,157,7,1374,0,0,0,1374
08/22/2002,MEM,TN,ASO,CE,Towers with Radar,818,360,105,5,1288,0,0,45,1,46,818,360,150,6,1334,0,0,0,1334
08/23/2002,MEM,TN,ASO,CE,Towers with Radar,800,348,102,5,1255,0,0,24,2,26,800,348,126,7,1281,0,0,0,1281
08/24/2002,MEM,TN,ASO,CE,Towers with Radar,588,252,73,4,917,71,0,0,0,71,659,252,73,4,988,0,0,0,988
08/25/2002,MEM,TN,ASO,CE,Towers with Radar,529,253,70,5,857,0,14,14,6,34,529,267,84,11,891,0,0,0,891
08/26/2002,MEM,TN,ASO,CE,Towers with Radar,475,265,74,4,818,0,51,75,0,126,475,316,149,4,944,0,0,0,944
08/27/2002,MEM,TN,ASO,CE,Towers with Radar,810,368,103,0,1281,25,0,42,0,67,835,368,145,0,1348,0,0,0,1348
08/28/2002,MEM,TN,ASO,CE,Towers with Radar,833,361,105,2,1301,16,0,47,0,63,849,361,152,2,1364,0,0,0,1364
08/29/2002,MEM,TN,ASO,CE,Towers with Radar,833,371,105,6,1315,12,0,42,1,55,845,371,147,7,1370,0,0,0,1370
08/30/2002,MEM,TN,ASO,CE,Towers with Radar,812,345,103,5,1265,7,0,18,0,25,819,345,121,5,1290,0,0,0,1290
08/31/2002,MEM,TN,ASO,CE,Towers with Radar,581,259,74,0,914,56,0,5,0,61,637,259,79,0,975,0,0,0,975
09/01/2002,MEM,TN,ASO,CE,Towers with Radar,448,222,63,1,734,39,1,3,0,43,487,223,66,1,777,0,0,0,777
09/02/2002,MEM,TN,ASO,CE,Towers with Radar,355,211,60,2,628,0,49,34,2,85,355,260,94,4,713,0,0,0,713
09/03/2002,MEM,TN,ASO,CE,Towers with Radar,470,268,75,2,815,0,50,53,0,103,470,318,128,2,918,0,0,0,918
09/04/2002,MEM,TN,ASO,CE,Towers with Radar,783,365,108,1,1257,34,0,31,0,65,817,365,139,1,1322,0,0,0,1322
09/05/2002,MEM,TN,ASO,CE,Towers with Radar,776,360,107,4,1247,36,0,59,0,95,812,360,166,4,1342,0,0,0,1342
09/06/2002,MEM,TN,ASO,CE,Towers with Radar,774,354,107,5,1240,24,0,12,22,58,798,354,119,27,1298,0,0,0,1298
09/07/2002,MEM,TN,ASO,CE,Towers with Radar,538,254,59,3,854,68,0,0,3,71,606,254,59,6,925,0,0,0,925
09/08/2002,MEM,TN,ASO,CE,Towers with Radar,491,257,72,4,824,0,30,25,9,64,491,287,97,13,888,0,0,0,888
09/09/2002,MEM,TN,ASO,CE,Towers with Radar,398,264,74,4,740,0,10,28,0,38,398,274,102,4,778,0,0,0,778
09/10/2002,MEM,TN,ASO,CE,Towers with Radar,789,347,110,2,1248,0,0,49,0,49,789,347,159,2,1297,0,0,0,1297
09/11/2002,MEM,TN,ASO,CE,Towers with Radar,719,313,99,5,1136,21,0,56,6,83,740,313,155,11,1219,0,0,0,1219
09/12/2002,MEM,TN,ASO,CE,Towers with Radar,762,339,105,3,1209,32,0,68,0,100,794,339,173,3,1309,0,0,0,1309
09/13/2002,MEM,TN,ASO,CE,Towers with Radar,778,358,107,6,1249,7,0,38,6,51,785,358,145,12,1300,0,0,0,1300
09/14/2002,MEM,TN,ASO,CE,Towers with Radar,569,252,78,1,900,43,0,15,0,58,612,252,93,1,958,0,0,0,958
09/15/2002,MEM,TN,ASO,CE,Towers with Radar,486,254,71,3,814,0,15,16,0,31,486,269,87,3,845,0,0,0,845
09/16/2002,MEM,TN,ASO,CE,Towers with Radar,418,261,73,3,755,0,50,38,0,88,418,311,111,3,843,0,0,0,843
09/17/2002,MEM,TN,ASO,CE,Towers with Radar,821,357,117,3,1298,2,26,14,0,42,823,383,131,3,1340,0,0,0,1340
09/18/2002,MEM,TN,ASO,CE,Towers with Radar,800,368,150,7,1325,2,6,26,0,34,802,374,176,7,1359,0,0,0,1359
09/19/2002,MEM,TN,ASO,CE,Towers with Radar,757,348,105,4,1214,35,0,9,0,44,792,348,114,4,1258,0,0,0,1258
09/20/2002,MEM,TN,ASO,CE,Towers with Radar,805,359,90,0,1254,2,0,5,0,7,807,359,95,0,1261,0,0,0,1261
09/21/2002,MEM,TN,ASO,CE,Towers with Radar,593,268,82,1,944,22,0,30,0,52,615,268,112,1,996,0,0,0,996
09/22/2002,MEM,TN,ASO,CE,Towers with Radar,497,265,74,2,838,0,20,27,0,47,497,285,101,2,885,0,0,0,885
09/23/2002,MEM,TN,ASO,CE,Towers with Radar,446,314,87,2,849,2,0,20,0,22,448,314,107,2,871,0,0,0,871
09/24/2002,MEM,TN,ASO,CE,Towers with Radar,759,358,105,1,1223,36,0,35,0,71,795,358,140,1,1294,0,0,0,1294
09/25/2002,MEM,TN,ASO,CE,Towers with Radar,775,353,114,10,1252,2,1,14,1,18,777,354,128,11,1270,0,0,0,1270
09/26/2002,MEM,TN,ASO,CE,Towers with Radar,693,334,90,4,1121,76,0,0,0,76,769,334,90,4,1197,0,0,0,1197
09/27/2002,MEM,TN,ASO,CE,Towers with Radar,769,368,107,2,1246,51,0,9,0,60,820,368,116,2,1306,0,0,0,1306
09/28/2002,MEM,TN,ASO,CE,Towers with Radar,603,264,35,4,906,2,0,33,1,36,605,264,68,5,942,0,0,0,942
09/29/2002,MEM,TN,ASO,CE,Towers with Radar,496,257,73,3,829,0,19,19,1,39,496,276,92,4,868,0,0,0,868
09/30/2002,MEM,TN,ASO,CE,Towers with Radar,452,260,74,3,789,0,59,67,4,130,452,319,141,7,919,0,0,0,919
10/01/2002,MEM,TN,ASO,CE,Towers with Radar,777,359,114,1,1251,31,2,20,0,53,808,361,134,1,1304,0,0,0,1304
10/02/2002,MEM,TN,ASO,CE,Towers with Radar,791,350,116,4,1261,18,0,40,4,62,809,350,156,8,1323,0,0,0,1323
10/03/2002,MEM,TN,ASO,CE,Towers with Radar,774,316,119,2,1211,5,0,26,0,31,779,316,145,2,1242,0,0,0,1242
10/04/2002,MEM,TN,ASO,CE,Towers with Radar,697,314,76,4,1091,88,0,0,1,89,785,314,76,5,1180,0,0,0,1180
10/05/2002,MEM,TN,ASO,CE,Towers with Radar,545,247,80,0,872,62,0,1,0,63,607,247,81,0,935,0,0,0,935
10/06/2002,MEM,TN,ASO,CE,Towers with Radar,496,240,75,0,811,0,26,20,0,46,496,266,95,0,857,0,0,0,857
10/07/2002,MEM,TN,ASO,CE,Towers with Radar,449,235,73,0,757,0,74,6,0,80,449,309,79,0,837,0,0,0,837
10/08/2002,MEM,TN,ASO,CE,Towers with Radar,792,355,116,3,1266,8,0,49,2,59,800,355,165,5,1325,0,0,0,1325
10/09/2002,MEM,TN,ASO,CE,Towers with Radar,801,334,121,5,1261,5,0,12,0,17,806,334,133,5,1278,0,0,0,1278
10/10/2002,MEM,TN,ASO,CE,Towers with Radar,803,343,127,2,1275,6,0,2,0,8,809,343,129,2,1283,0,0,0,1283
10/11/2002,MEM,TN,ASO,CE,Towers with Radar,793,330,148,4,1275,6,0,6,1,13,799,330,154,5,1288,0,0,0,1288
10/12/2002,MEM,TN,ASO,CE,Towers with Radar,575,239,84,2,900,40,0,8,0,48,615,239,92,2,948,0,0,0,948
10/13/2002,MEM,TN,ASO,CE,Towers with Radar,495,239,75,1,810,0,22,13,0,35,495,261,88,1,845,0,0,0,845
10/14/2002,MEM,TN,ASO,CE,Towers with Radar,446,250,78,2,776,0,41,52,2,95,446,291,130,4,871,0,0,0,871
10/15/2002,MEM,TN,ASO,CE,Towers with Radar,774,345,114,3,1236,29,0,45,1,75,803,345,159,4,1311,0,0,0,1311
10/16/2002,MEM,TN,ASO,CE,Towers with Radar,808,361,119,5,1293,9,0,53,2,64,817,361,172,7,1357,0,0,0,1357
10/17/2002,MEM,TN,ASO,CE,Towers with Radar,819,360,122,5,1306,0,0,52,1,53,819,360,174,6,1359,0,0,0,1359
10/18/2002,MEM,TN,ASO,CE,Towers with Radar,767,354,114,2,1237,16,0,37,0,53,783,354,151,2,1290,0,0,0,1290
10/19/2002,MEM,TN,ASO,CE,Towers with Radar,561,247,58,0,866,57,0,0,0,57,618,247,58,0,923,0,0,0,923
10/20/2002,MEM,TN,ASO,CE,Towers with Radar,497,271,87,3,858,0,3,14,1,18,497,274,101,4,876,0,0,0,876
10/21/2002,MEM,TN,ASO,CE,Towers with Radar,456,263,84,3,806,0,36,42,0,78,456,299,126,3,884,0,0,0,884
10/22/2002,MEM,TN,ASO,CE,Towers with Radar,800,361,119,5,1285,14,0,44,3,61,814,361,163,8,1346,0,0,0,1346
10/23/2002,MEM,TN,ASO,CE,Towers with Radar,802,348,114,6,1270,6,0,29,0,35,808,348,143,6,1305,0,0,0,1305
10/24/2002,MEM,TN,ASO,CE,Towers with Radar,806,341,120,5,1272,0,0,14,5,19,806,341,134,10,1291,0,0,0,1291
10/25/2002,MEM,TN,ASO,CE,Towers with Radar,752,348,111,4,1215,28,0,4,0,32,780,348,115,4,1247,0,0,0,1247
10/26/2002,MEM,TN,ASO,CE,Towers with Radar,584,242,70,3,899,30,0,0,0,30,614,242,70,3,929,0,0,0,929
10/27/2002,MEM,TN,ASO,CE,Towers with Radar,501,252,80,3,836,0,16,5,4,25,501,268,85,7,861,0,0,0,861
10/28/2002,MEM,TN,ASO,CE,Towers with Radar,430,251,80,3,764,0,51,50,5,106,430,302,130,8,870,0,0,0,870
10/29/2002,MEM,TN,ASO,CE,Towers with Radar,786,344,105,3,1238,57,0,0,0,57,843,344,105,3,1295,0,0,0,1295
10/30/2002,MEM,TN,ASO,CE,Towers with Radar,825,349,99,0,1273,6,0,0,0,6,831,349,99,0,1279,0,0,0,1279
10/31/2002,MEM,TN,ASO,CE,Towers with Radar,813,357,83,1,1254,5,0,19,0,24,818,357,102,1,1278,0,0,0,1278
11/01/2002,MEM,TN,ASO,CE,Towers with Radar,791,332,114,2,1239,5,0,23,0,28,796,332,137,2,1267,0,0,0,1267
11/02/2002,MEM,TN,ASO,CE,Towers with Radar,557,240,73,2,872,48,0,0,3,51,605,240,73,5,923,0,0,0,923
11/03/2002,MEM,TN,ASO,CE,Towers with Radar,500,230,65,2,797,0,17,0,0,17,500,247,65,2,814,0,0,0,814
11/04/2002,MEM,TN,ASO,CE,Towers with Radar,400,255,83,2,740,0,7,14,0,21,400,262,97,2,761,0,0,0,761
11/05/2002,MEM,TN,ASO,CE,Towers with Radar,760,339,109,1,1209,48,1,4,0,53,808,340,113,1,1262,0,0,0,1262
11/06/2002,MEM,TN,ASO,CE,Towers with Radar,813,335,116,3,1267,16,0,25,0,41,829,335,141,3,1308,0,0,0,1308
11/07/2002,MEM,TN,ASO,CE,Towers with Radar,776,335,111,2,1224,24,0,49,0,73,800,335,160,2,1297,0,0,0,1297
11/08/2002,MEM,TN,ASO,CE,Towers with Radar,787,330,113,3,1233,0,0,38,5,43,787,330,151,8,1276,0,0,0,1276
11/09/2002,MEM,TN,ASO,CE,Towers with Radar,560,230,70,0,860,62,0,0,0,62,622,230,70,0,922,0,0,0,922
11/10/2002,MEM,TN,ASO,CE,Towers with Radar,507,231,75,2,815,0,10,11,2,23,507,241,86,4,838,0,0,0,838
11/11/2002,MEM,TN,ASO,CE,Towers with Radar,452,230,75,0,757,0,45,38,0,83,452,275,113,0,840,0,0,0,840
11/12/2002,MEM,TN,ASO,CE,Towers with Radar,812,318,126,3,1259,5,1,43,0,49,817,319,169,3,1308,0,0,0,1308
11/13/2002,MEM,TN,ASO,CE,Towers with Radar,802,341,114,2,1259,3,0,24,0,27,805,341,138,2,1286,0,0,0,1286
11/14/2002,MEM,TN,ASO,CE,Towers with Radar,793,337,120,2,1252,5,1,30,1,37,798,338,150,3,1289,0,0,0,1289
11/15/2002,MEM,TN,ASO,CE,Towers with Radar,802,333,114,3,1252,14,0,28,4,46,816,333,142,7,1298,0,0,0,1298
11/16/2002,MEM,TN,ASO,CE,Towers with Radar,611,238,46,3,898,5,1,9,0,15,616,239,55,3,913,0,0,0,913
11/17/2002,MEM,TN,ASO,CE,Towers with Radar,510,264,60,1,835,5,1,9,0,15,515,265,69,1,850,0,0,0,850
11/18/2002,MEM,TN,ASO,CE,Towers with Radar,447,242,79,2,770,0,48,69,3,120,447,290,148,5,890,0,0,0,890
11/19/2002,MEM,TN,ASO,CE,Towers with Radar,818,350,116,2,1286,6,0,54,0,60,824,350,170,2,1346,0,0,0,1346
11/20/2002,MEM,TN,ASO,CE,Towers with Radar,817,347,123,14,1301,5,1,5,0,11,822,348,128,14,1312,0,0,0,1312
11/21/2002,MEM,TN,ASO,CE,Towers with Radar,803,343,114,3,1263,10,0,52,5,67,813,343,166,8,1330,0,0,0,1330
11/22/2002,MEM,TN,ASO,CE,Towers with Radar,788,343,113,3,1247,0,0,17,1,18,788,343,130,4,1265,0,0,0,1265
11/23/2002,MEM,TN,ASO,CE,Towers with Radar,571,244,83,2,900,37,0,8,2,47,608,244,91,4,947,0,0,0,947
11/24/2002,MEM,TN,ASO,CE,Towers with Radar,502,262,70,6,840,5,1,15,2,23,507,263,85,8,863,0,0,0,863
11/25/2002,MEM,TN,ASO,CE,Towers with Radar,445,236,77,0,758,0,65,16,0,81,445,301,93,0,839,0,0,0,839
11/26/2002,MEM,TN,ASO,CE,Towers with Radar,783,347,109,2,1241,47,0,0,0,47,830,347,109,2,1288,0,0,0,1288
11/27/2002,MEM,TN,ASO,CE,Towers with Radar,844,345,120,0,1309,17,0,0,0,17,861,345,120,0,1326,0,0,0,1326
11/28/2002,MEM,TN,ASO,CE,Towers with Radar,369,232,30,0,631,5,1,16,0,22,374,233,46,0,653,0,0,0,653
11/29/2002,MEM,TN,ASO,CE,Towers with Radar,675,267,52,0,994,4,2,6,0,12,679,269,58,0,1006,0,0,0,1006
11/30/2002,MEM,TN,ASO,CE,Towers with Radar,606,233,37,1,877,4,2,18,0,24,610,235,55,1,901,0,0,0,901
12/01/2002,MEM,TN,ASO,CE,Towers with Radar,515,256,68,2,841,0,16,29,5,50,515,272,97,7,891,0,0,0,891
12/02/2002,MEM,TN,ASO,CE,Towers with Radar,451,236,63,3,753,0,69,34,1,104,451,305,97,4,857,0,0,0,857
12/03/2002,MEM,TN,ASO,CE,Towers with Radar,823,345,97,4,1269,0,0,43,0,43,823,345,140,4,1312,0,0,0,1312
12/04/2002,MEM,TN,ASO,CE,Towers with Radar,734,297,84,0,1115,72,0,1,0,73,806,297,85,0,1188,0,0,0,1188
12/05/2002,MEM,TN,ASO,CE,Towers with Radar,826,331,95,3,1255,0,0,37,0,37,826,331,132,3,1292,0,0,0,1292
12/06/2002,MEM,TN,ASO,CE,Towers with Radar,803,346,124,5,1278,0,0,35,0,35,803,346,159,5,1313,0,0,0,1313
12/07/2002,MEM,TN,ASO,CE,Towers with Radar,630,237,43,2,912,0,0,27,0,27,630,237,70,2,939,0,0,0,939
12/08/2002,MEM,TN,ASO,CE,Towers with Radar,517,244,65,2,828,0,14,25,0,39,517,258,90,2,867,0,0,0,867
12/09/2002,MEM,TN,ASO,CE,Towers with Radar,440,296,68,2,806,4,0,33,0,37,444,296,101,2,843,0,0,0,843
12/10/2002,MEM,TN,ASO,CE,Towers with Radar,815,347,94,3,1259,16,0,11,4,31,831,347,105,7,1290,0,0,0,1290
12/11/2002,MEM,TN,ASO,CE,Towers with Radar,871,355,105,3,1334,0,0,52,5,57,871,355,157,8,1391,0,0,0,1391
12/12/2002,MEM,TN,ASO,CE,Towers with Radar,860,332,135,11,1338,0,0,21,4,25,860,332,156,15,1363,0,0,0,1363
12/13/2002,MEM,TN,ASO,CE,Towers with Radar,767,313,88,3,1171,30,0,8,1,39,797,313,96,4,1210,0,0,0,1210
12/14/2002,MEM,TN,ASO,CE,Towers with Radar,654,248,44,3,949,0,0,19,0,19,654,248,63,3,968,0,0,0,968
12/15/2002,MEM,TN,ASO,CE,Towers with Radar,541,243,65,2,851,0,21,24,0,45,541,264,89,2,896,0,0,0,896
12/16/2002,MEM,TN,ASO,CE,Towers with Radar,427,255,68,2,752,0,45,49,3,97,427,300,117,5,849,0,0,0,849
12/17/2002,MEM,TN,ASO,CE,Towers with Radar,863,340,103,3,1309,0,0,43,6,49,863,340,146,9,1358,0,0,0,1358
12/18/2002,MEM,TN,ASO,CE,Towers with Radar,802,327,92,3,1224,50,0,1,0,51,852,327,93,3,1275,0,0,0,1275
12/19/2002,MEM,TN,ASO,CE,Towers with Radar,840,320,97,3,1260,58,0,4,5,67,898,320,101,8,1327,0,0,0,1327
12/20/2002,MEM,TN,ASO,CE,Towers with Radar,890,339,102,3,1334,29,0,52,2,83,919,339,154,5,1417,0,0,0,1417
12/21/2002,MEM,TN,ASO,CE,Towers with Radar,715,241,49,0,1005,0,0,29,0,29,715,241,78,0,1034,0,0,0,1034
12/22/2002,MEM,TN,ASO,CE,Towers with Radar,569,245,65,0,879,25,13,21,0,59,594,258,86,0,938,0,0,0,938
12/23/2002,MEM,TN,ASO,CE,Towers with Radar,434,210,56,0,700,0,74,4,0,78,434,284,60,0,778,0,0,0,778
12/24/2002,MEM,TN,ASO,CE,Towers with Radar,707,275,24,0,1006,163,0,0,0,163,870,275,24,0,1169,0,0,0,1169
12/25/2002,MEM,TN,ASO,CE,Towers with Radar,363,164,17,0,544,0,62,0,0,62,363,226,17,0,606,0,0,0,606
12/26/2002,MEM,TN,ASO,CE,Towers with Radar,724,283,83,0,1090,35,0,61,0,96,759,283,144,0,1186,6,0,6,1192
12/27/2002,MEM,TN,ASO,CE,Towers with Radar,774,318,89,0,1181,29,0,28,0,57,803,318,117,0,1238,0,0,0,1238
12/28/2002,MEM,TN,ASO,CE,Towers with Radar,590,230,68,1,889,23,0,9,0,32,613,230,77,1,921,0,0,0,921
12/29/2002,MEM,TN,ASO,CE,Towers with Radar,531,235,63,1,830,0,18,26,0,44,531,253,89,1,874,4,0,4,878
12/30/2002,MEM,TN,ASO,CE,Towers with Radar,413,219,50,0,682,0,33,0,0,33,413,252,50,0,715,0,0,0,715
12/31/2002,MEM,TN,ASO,CE,Towers with Radar,718,282,59,0,1059,91,0,0,0,91,809,282,59,0,1150,0,0,0,1150
01/01/2003,MEM,TN,ASO,CE,Towers with Radar,407,243,41,0,691,0,5,0,0,5,407,248,41,0,696,0,0,0,696
01/02/2003,MEM,TN,ASO,CE,Towers with Radar,666,294,57,0,1017,88,0,0,0,88,754,294,57,0,1105,0,0,0,1105
01/03/2003,MEM,TN,ASO,CE,Towers with Radar,777,335,102,2,1216,42,0,4,0,46,819,335,106,2,1262,0,0,0,1262
01/04/2003,MEM,TN,ASO,CE,Towers with Radar,543,226,71,0,840,48,0,1,0,49,591,226,72,0,889,0,0,0,889
01/05/2003,MEM,TN,ASO,CE,Towers with Radar,506,248,63,3,820,0,5,52,0,57,506,253,115,3,877,0,0,0,877
01/06/2003,MEM,TN,ASO,CE,Towers with Radar,466,240,72,2,780,0,43,29,2,74,466,283,101,4,854,0,0,0,854
01/07/2003,MEM,TN,ASO,CE,Towers with Radar,791,336,104,3,1234,26,0,33,5,64,817,336,137,8,1298,0,0,0,1298
01/08/2003,MEM,TN,ASO,CE,Towers with Radar,802,322,130,5,1259,0,12,48,2,62,802,334,178,7,1321,0,0,0,1321
01/09/2003,MEM,TN,ASO,CE,Towers with Radar,815,335,107,3,1260,0,0,56,6,62,815,335,163,9,1322,0,0,0,1322
01/10/2003,MEM,TN,ASO,CE,Towers with Radar,788,341,103,2,1234,4,0,35,0,39,792,341,138,2,1273,0,0,0,1273
01/11/2003,MEM,TN,ASO,CE,Towers with Radar,564,242,62,2,870,32,0,0,2,34,596,242,62,4,904,0,0,0,904
01/12/2003,MEM,TN,ASO,CE,Towers with Radar,496,227,68,2,793,0,32,46,7,85,496,259,114,9,878,0,0,0,878
01/13/2003,MEM,TN,ASO,CE,Towers with Radar,447,237,71,2,757,0,62,40,1,103,447,299,111,3,860,0,0,0,860
01/14/2003,MEM,TN,ASO,CE,Towers with Radar,796,337,104,3,1240,17,0,84,0,101,813,337,188,3,1341,0,0,0,1341
01/15/2003,MEM,TN,ASO,CE,Towers with Radar,808,329,131,1,1269,0,5,76,2,83,808,334,207,3,1352,0,0,0,1352
01/16/2003,MEM,TN,ASO,CE,Towers with Radar,726,321,72,1,1120,75,13,0,0,88,801,334,72,1,1208,0,0,0,1208
01/17/2003,MEM,TN,ASO,CE,Towers with Radar,791,347,103,2,1243,6,0,53,0,59,797,347,156,2,1302,0,0,0,1302
01/18/2003,MEM,TN,ASO,CE,Towers with Radar,600,228,28,4,860,0,7,11,0,18,600,235,39,4,878,0,0,0,878
01/19/2003,MEM,TN,ASO,CE,Towers with Radar,485,259,37,6,787,0,9,101,0,110,485,268,138,6,897,0,0,0,897
01/20/2003,MEM,TN,ASO,CE,Towers with Radar,432,280,68,1,781,0,5,12,0,17,432,285,80,1,798,0,0,0,798
01/21/2003,MEM,TN,ASO,CE,Towers with Radar,766,339,91,1,1197,24,1,0,0,25,790,340,91,1,1222,0,0,0,1222
01/22/2003,MEM,TN,ASO,CE,Towers with Radar,785,342,101,3,1231,14,0,83,0,97,799,342,184,3,1328,0,0,0,1328
01/23/2003,MEM,TN,ASO,CE,Towers with Radar,797,337,103,4,1241,9,0,20,5,34,806,337,123,9,1275,0,0,0,1275
01/24/2003,MEM,TN,ASO,CE,Towers with Radar,784,348,103,4,1239,0,0,41,3,44,784,348,144,7,1283,0,0,0,1283
01/25/2003,MEM,TN,ASO,CE,Towers with Radar,564,240,73,0,877,35,0,26,0,61,599,240,99,0,938,0,0,0,938
01/26/2003,MEM,TN,ASO,CE,Towers with Radar,489,262,67,2,820,0,8,30,0,38,489,270,97,2,858,0,0,0,858
01/27/2003,MEM,TN,ASO,CE,Towers with Radar,418,233,70,0,721,0,71,45,0,116,418,304,115,0,837,0,0,0,837
01/28/2003,MEM,TN,ASO,CE,Towers with Radar,795,339,108,4,1246,0,0,10,5,15,795,339,118,9,1261,0,0,0,1261
01/29/2003,MEM,TN,ASO,CE,Towers with Radar,815,341,107,3,1266,0,0,50,0,50,815,341,157,3,1316,0,0,0,1316
01/30/2003,MEM,TN,ASO,CE,Towers with Radar,801,353,114,5,1273,0,0,107,2,109,801,353,221,7,1382,0,0,0,1382
01/31/2003,MEM,TN,ASO,CE,Towers with Radar,787,322,104,4,1217,0,0,23,1,24,787,322,127,5,1241,0,0,0,1241
02/01/2003,MEM,TN,ASO,CE,Towers with Radar,610,225,33,5,873,0,2,17,0,19,610,227,50,5,892,0,0,0,892
02/02/2003,MEM,TN,ASO,CE,Towers with Radar,485,265,49,7,806,0,0,10,0,10,485,265,59,7,816,0,0,0,816
02/03/2003,MEM,TN,ASO,CE,Towers with Radar,438,284,80,1,803,0,2,7,0,9,438,286,87,1,812,0,0,0,812
02/04/2003,MEM,TN,ASO,CE,Towers with Radar,816,345,70,5,1236,0,1,29,0,30,816,346,99,5,1266,0,0,0,1266
02/05/2003,MEM,TN,ASO,CE,Towers with Radar,787,346,80,7,1220,0,0,21,0,21,787,346,101,7,1241,0,0,0,1241
02/06/2003,MEM,TN,ASO,CE,Towers with Radar,773,341,94,2,1210,0,0,0,0,0,773,341,94,2,1210,0,0,0,1210
02/07/2003,MEM,TN,ASO,CE,Towers with Radar,791,351,96,5,1243,0,0,18,3,21,791,351,114,8,1264,0,0,0,1264
02/08/2003,MEM,TN,ASO,CE,Towers with Radar,590,239,46,0,875,0,3,25,0,28,590,242,71,0,903,0,0,0,903
02/09/2003,MEM,TN,ASO,CE,Towers with Radar,482,278,39,2,801,0,0,2,0,2,482,278,41,2,803,0,0,0,803
02/10/2003,MEM,TN,ASO,CE,Towers with Radar,448,316,90,2,856,0,0,13,0,13,448,316,103,2,869,0,0,0,869
02/11/2003,MEM,TN,ASO,CE,Towers with Radar,805,349,98,4,1256,0,0,20,0,20,805,349,118,4,1276,0,0,0,1276
02/12/2003,MEM,TN,ASO,CE,Towers with Radar,837,361,114,3,1315,0,1,43,1,45,837,362,157,4,1360,0,0,0,1360
02/13/2003,MEM,TN,ASO,CE,Towers with Radar,805,375,119,13,1312,0,0,30,1,31,805,375,149,14,1343,0,0,0,1343
02/14/2003,MEM,TN,ASO,CE,Towers with Radar,832,365,86,3,1286,0,0,0,0,0,832,365,86,3,1286,0,0,0,1286
02/15/2003,MEM,TN,ASO,CE,Towers with Radar,637,242,18,0,897,0,0,2,0,2,637,242,20,0,899,0,0,0,899
02/16/2003,MEM,TN,ASO,CE,Towers with Radar,467,244,51,0,762,0,0,0,0,0,467,244,51,0,762,0,0,0,762
02/17/2003,MEM,TN,ASO,CE,Towers with Radar,431,285,90,1,807,0,0,6,0,6,431,285,96,1,813,0,0,0,813
02/18/2003,MEM,TN,ASO,CE,Towers with Radar,788,338,131,2,1259,0,0,32,0,32,788,338,163,2,1291,0,0,0,1291
02/19/2003,MEM,TN,ASO,CE,Towers with Radar,802,365,118,7,1292,0,2,9,0,11,802,367,127,7,1303,0,0,0,1303
02/20/2003,MEM,TN,ASO,CE,Towers with Radar,812,368,131,6,1317,0,0,2,0,2,812,368,133,6,1319,0,0,0,1319
02/21/2003,MEM,TN,ASO,CE,Towers with Radar,788,316,99,3,1206,0,0,0,0,0,788,316,99,3,1206,0,0,0,1206
02/22/2003,MEM,TN,ASO,CE,Towers with Radar,621,249,59,2,931,0,0,0,0,0,621,249,59,2,931,0,0,0,931
02/23/2003,MEM,TN,ASO,CE,Towers with Radar,478,272,89,2,841,0,0,4,1,5,478,272,93,3,846,0,0,0,846
02/24/2003,MEM,TN,ASO,CE,Towers with Radar,433,305,104,5,847,1,0,14,1,16,434,305,118,6,863,0,0,0,863
02/25/2003,MEM,TN,ASO,CE,Towers with Radar,785,387,83,4,1259,0,0,7,0,7,785,387,90,4,1266,0,0,0,1266
02/26/2003,MEM,TN,ASO,CE,Towers with Radar,699,300,70,1,1070,0,0,0,0,0,699,300,70,1,1070,0,0,0,1070
02/27/2003,MEM,TN,ASO,CE,Towers with Radar,816,360,119,2,1297,0,0,0,0,0,816,360,119,2,1297,0,0,0,1297
02/28/2003,MEM,TN,ASO,CE,Towers with Radar,806,362,116,7,1291,0,0,3,0,3,806,362,119,7,1294,0,0,0,1294
03/01/2003,MEM,TN,ASO,CE,Towers with Radar,593,247,53,5,898,21,9,4,0,34,614,256,57,5,932,0,0,0,932
03/02/2003,MEM,TN,ASO,CE,Towers with Radar,222,291,54,0,567,278,0,13,0,291,500,291,67,0,858,0,0,0,858
03/03/2003,MEM,TN,ASO,CE,Towers with Radar,177,316,95,2,590,278,0,38,0,316,455,316,133,2,906,0,0,0,906
03/04/2003,MEM,TN,ASO,CE,Towers with Radar,516,378,125,4,1023,278,1,16,0,295,794,379,141,4,1318,0,0,0,1318
03/05/2003,MEM,TN,ASO,CE,Towers with Radar,544,364,118,5,1031,278,1,12,0,291,822,365,130,5,1322,0,0,0,1322
03/06/2003,MEM,TN,ASO,CE,Towers with Radar,155,380,92,7,634,615,0,0,0,615,770,380,92,7,1249,0,0,0,1249
03/07/2003,MEM,TN,ASO,CE,Towers with Radar,115,369,98,6,588,686,0,70,7,763,801,369,168,13,1351,0,0,0,1351
03/08/2003,MEM,TN,ASO,CE,Towers with Radar,336,263,68,3,670,278,1,30,0,309,614,264,98,3,979,0,0,0,979
03/09/2003,MEM,TN,ASO,CE,Towers with Radar,215,282,51,9,557,278,1,14,0,293,493,283,65,9,850,0,0,0,850
03/10/2003,MEM,TN,ASO,CE,Towers with Radar,0,262,70,4,336,819,100,43,6,968,819,362,113,10,1304,0,0,0,1304
03/11/2003,MEM,TN,ASO,CE,Towers with Radar,546,368,81,9,1004,277,1,32,1,311,823,369,113,10,1315,0,0,0,1315
03/12/2003,MEM,TN,ASO,CE,Towers with Radar,538,372,99,7,1016,277,1,23,0,301,815,373,122,7,1317,0,0,0,1317
03/13/2003,MEM,TN,ASO,CE,Towers with Radar,546,351,91,4,992,277,1,4,1,283,823,352,95,5,1275,0,0,0,1275
03/14/2003,MEM,TN,ASO,CE,Towers with Radar,525,355,112,15,1007,277,1,4,0,282,802,356,116,15,1289,0,0,0,1289
03/15/2003,MEM,TN,ASO,CE,Towers with Radar,333,263,66,1,663,277,1,24,0,302,610,264,90,1,965,0,0,0,965
03/16/2003,MEM,TN,ASO,CE,Towers with Radar,225,291,59,5,580,277,1,17,1,296,502,292,76,6,876,0,0,0,876
03/17/2003,MEM,TN,ASO,CE,Towers with Radar,167,316,74,2,559,277,1,3,0,281,444,317,77,2,840,0,0,0,840
03/18/2003,MEM,TN,ASO,CE,Towers with Radar,507,363,105,14,989,277,1,7,0,285,784,364,112,14,1274,0,0,0,1274
03/19/2003,MEM,TN,ASO,CE,Towers with Radar,117,358,97,7,579,702,0,21,1,724,819,358,118,8,1303,0,0,0,1303
03/20/2003,MEM,TN,ASO,CE,Towers with Radar,546,365,134,4,1049,277,4,16,1,298,823,369,150,5,1347,0,0,0,1347
03/21/2003,MEM,TN,ASO,CE,Towers with Radar,511,368,103,4,986,277,1,15,0,293,788,369,118,4,1279,0,0,0,1279
03/22/2003,MEM,TN,ASO,CE,Towers with Radar,320,256,45,2,623,277,1,22,0,300,597,257,67,2,923,0,0,0,923
03/23/2003,MEM,TN,ASO,CE,Towers with Radar,219,295,49,2,565,277,1,25,0,303,496,296,74,2,868,0,0,0,868
03/24/2003,MEM,TN,ASO,CE,Towers with Radar,158,317,68,7,550,277,1,26,0,304,435,318,94,7,854,0,0,0,854
03/25/2003,MEM,TN,ASO,CE,Towers with Radar,525,356,93,16,990,277,1,10,2,290,802,357,103,18,1280,0,5,5,1285
03/26/2003,MEM,TN,ASO,CE,Towers with Radar,578,363,103,8,1052,276,2,29,1,308,854,365,132,9,1360,0,0,0,1360
03/27/2003,MEM,TN,ASO,CE,Towers with Radar,516,359,93,10,978,276,4,22,1,303,792,363,115,11,1281,0,0,0,1281
03/28/2003,MEM,TN,ASO,CE,Towers with Radar,530,352,96,0,978,276,2,11,0,289,806,354,107,0,1267,0,0,0,1267
03/29/2003,MEM,TN,ASO,CE,Towers with Radar,6,258,67,0,331,596,0,0,0,596,602,258,67,0,927,0,0,0,927
03/30/2003,MEM,TN,ASO,CE,Towers with Radar,218,286,65,2,571,276,2,32,1,311,494,288,97,3,882,0,0,0,882
03/31/2003,MEM,TN,ASO,CE,Towers with Radar,159,331,79,6,575,276,2,37,0,315,435,333,116,6,890,0,0,0,890
04/01/2003,MEM,TN,ASO,CE,Towers with Radar,830,362,108,4,1304,0,3,25,0,28,830,365,133,4,1332,0,0,0,1332
04/02/2003,MEM,TN,ASO,CE,Towers with Radar,756,373,109,1,1239,48,0,8,0,56,804,373,117,1,1295,0,0,0,1295
04/03/2003,MEM,TN,ASO,CE,Towers with Radar,797,377,115,3,1292,12,0,49,0,61,809,377,164,3,1353,0,0,0,1353
04/04/2003,MEM,TN,ASO,CE,Towers with Radar,776,357,100,6,1239,0,4,21,1,26,776,361,121,7,1265,0,0,0,1265
04/05/2003,MEM,TN,ASO,CE,Towers with Radar,625,249,73,0,947,0,3,16,0,19,625,252,89,0,966,0,0,0,966
04/06/2003,MEM,TN,ASO,CE,Towers with Radar,456,293,49,3,801,0,3,3,0,6,456,296,52,3,807,0,0,0,807
04/07/2003,MEM,TN,ASO,CE,Towers with Radar,385,332,103,3,823,0,3,14,0,17,385,335,117,3,840,0,0,0,840
04/08/2003,MEM,TN,ASO,CE,Towers with Radar,772,365,113,7,1257,0,3,15,0,18,772,368,128,7,1275,0,0,0,1275
04/09/2003,MEM,TN,ASO,CE,Towers with Radar,770,375,90,7,1242,0,4,2,0,6,770,379,92,7,1248,0,0,0,1248
04/10/2003,MEM,TN,ASO,CE,Towers with Radar,775,382,142,7,1306,0,5,31,2,38,775,387,173,9,1344,0,0,0,1344
04/11/2003,MEM,TN,ASO,CE,Towers with Radar,736,377,120,15,1248,0,3,49,0,52,736,380,169,15,1300,0,0,0,1300
04/12/2003,MEM,TN,ASO,CE,Towers with Radar,567,273,38,6,884,0,3,31,0,34,567,276,69,6,918,0,0,0,918
04/13/2003,MEM,TN,ASO,CE,Towers with Radar,461,313,59,3,836,0,3,24,1,28,461,316,83,4,864,0,0,0,864
04/14/2003,MEM,TN,ASO,CE,Towers with Radar,423,326,121,3,873,0,3,28,0,31,423,329,149,3,904,0,0,0,904
04/15/2003,MEM,TN,ASO,CE,Towers with Radar,735,382,106,6,1229,23,0,9,0,32,758,382,115,6,1261,0,0,0,1261
04/16/2003,MEM,TN,ASO,CE,Towers with Radar,738,380,106,6,1230,12,0,26,0,38,750,380,132,6,1268,0,0,0,1268
04/17/2003,MEM,TN,ASO,CE,Towers with Radar,790,382,124,14,1310,0,3,32,0,35,790,385,156,14,1345,0,0,0,1345
04/18/2003,MEM,TN,ASO,CE,Towers with Radar,731,365,80,2,1178,0,3,24,2,29,731,368,104,4,1207,0,0,0,1207
04/19/2003,MEM,TN,ASO,CE,Towers with Radar,468,242,31,3,744,102,25,0,3,130,570,267,31,6,874,0,0,0,874
04/20/2003,MEM,TN,ASO,CE,Towers with Radar,454,287,24,2,767,0,3,8,2,13,454,290,32,4,780,0,0,0,780
04/21/2003,MEM,TN,ASO,CE,Towers with Radar,428,341,121,1,891,0,3,29,0,32,428,344,150,1,923,0,0,0,923
04/22/2003,MEM,TN,ASO,CE,Towers with Radar,764,378,124,5,1271,0,4,25,0,29,764,382,149,5,1300,0,0,0,1300
04/23/2003,MEM,TN,ASO,CE,Towers with Radar,767,380,109,14,1270,0,3,23,2,28,767,383,132,16,1298,0,0,0,1298
04/24/2003,MEM,TN,ASO,CE,Towers with Radar,714,374,101,5,1194,18,5,0,8,31,732,379,101,13,1225,0,0,0,1225
04/25/2003,MEM,TN,ASO,CE,Towers with Radar,776,372,109,9,1266,0,3,17,1,21,776,375,126,10,1287,0,0,0,1287
04/26/2003,MEM,TN,ASO,CE,Towers with Radar,567,286,85,2,940,0,2,17,0,19,567,288,102,2,959,0,0,0,959
04/27/2003,MEM,TN,ASO,CE,Towers with Radar,470,314,72,4,860,0,2,42,1,45,470,316,114,5,905,0,0,0,905
04/28/2003,MEM,TN,ASO,CE,Towers with Radar,417,340,89,0,846,0,2,30,0,32,417,342,119,0,878,0,0,0,878
04/29/2003,MEM,TN,ASO,CE,Towers with Radar,762,392,120,7,1281,0,4,26,1,31,762,396,146,8,1312,0,0,0,1312
04/30/2003,MEM,TN,ASO,CE,Towers with Radar,762,368,88,8,1226,0,2,22,0,24,762,370,110,8,1250,0,0,0,1250
05/01/2003,MEM,TN,ASO,CE,Towers with Radar,737,382,121,5,1245,0,0,19,2,21,737,382,140,7,1266,0,0,0,1266
05/02/2003,MEM,TN,ASO,CE,Towers with Radar,733,396,86,6,1221,0,1,16,0,17,733,397,102,6,1238,0,0,0,1238
05/03/2003,MEM,TN,ASO,CE,Towers with Radar,540,299,52,2,893,0,0,19,0,19,540,299,71,2,912,0,0,0,912
05/04/2003,MEM,TN,ASO,CE,Towers with Radar,451,318,33,5,807,0,0,7,1,8,451,318,40,6,815,0,0,0,815
05/05/2003,MEM,TN,ASO,CE,Towers with Radar,366,354,74,2,796,0,1,7,1,9,366,355,81,3,805,0,0,0,805
05/06/2003,MEM,TN,ASO,CE,Towers with Radar,739,401,69,5,1214,0,0,5,0,5,739,401,74,5,1219,0,0,0,1219
05/07/2003,MEM,TN,ASO,CE,Towers with Radar,766,404,96,7,1273,0,0,8,0,8,766,404,104,7,1281,0,0,0,1281
05/08/2003,MEM,TN,ASO,CE,Towers with Radar,748,410,108,3,1269,0,0,8,0,8,748,410,116,3,1277,0,0,0,1277
05/09/2003,MEM,TN,ASO,CE,Towers with Radar,760,392,119,6,1277,0,1,16,0,17,760,393,135,6,1294,0,0,0,1294
05/10/2003,MEM,TN,ASO,CE,Towers with Radar,556,283,41,0,880,0,0,13,0,13,556,283,54,0,893,0,0,0,893
05/11/2003,MEM,TN,ASO,CE,Towers with Radar,445,316,61,0,822,0,0,26,0,26,445,316,87,0,848,0,0,0,848
05/12/2003,MEM,TN,ASO,CE,Towers with Radar,395,362,87,0,844,0,2,29,0,31,395,364,116,0,875,0,0,0,875
05/13/2003,MEM,TN,ASO,CE,Towers with Radar,738,401,111,6,1256,0,0,22,0,22,738,401,133,6,1278,0,0,0,1278
05/14/2003,MEM,TN,ASO,CE,Towers with Radar,750,394,98,5,1247,0,0,5,0,5,750,394,103,5,1252,0,0,0,1252
05/15/2003,MEM,TN,ASO,CE,Towers with Radar,734,402,114,7,1257,0,0,14,0,14,734,402,128,7,1271,0,0,0,1271
05/16/2003,MEM,TN,ASO,CE,Towers with Radar,643,396,80,2,1121,0,0,12,0,12,643,396,92,2,1133,0,0,0,1133
05/17/2003,MEM,TN,ASO,CE,Towers with Radar,610,297,30,0,937,0,0,1,0,1,610,297,31,0,938,0,0,0,938
05/18/2003,MEM,TN,ASO,CE,Towers with Radar,443,327,60,7,837,0,0,17,0,17,443,327,77,7,854,0,0,0,854
05/19/2003,MEM,TN,ASO,CE,Towers with Radar,386,362,99,10,857,0,1,17,1,19,386,363,116,11,876,0,0,0,876
05/20/2003,MEM,TN,ASO,CE,Towers with Radar,734,408,124,2,1268,0,0,4,0,4,734,408,128,2,1272,0,0,0,1272
05/21/2003,MEM,TN,ASO,CE,Towers with Radar,738,407,119,4,1268,0,0,12,0,12,738,407,131,4,1280,0,0,0,1280
05/22/2003,MEM,TN,ASO,CE,Towers with Radar,737,409,111,10,1267,0,0,29,0,29,737,409,140,10,1296,0,0,0,1296
05/23/2003,MEM,TN,ASO,CE,Towers with Radar,707,424,100,8,1239,0,0,33,0,33,707,424,133,8,1272,0,0,0,1272
05/24/2003,MEM,TN,ASO,CE,Towers with Radar,539,301,52,1,893,0,0,19,0,19,539,301,71,1,912,0,0,0,912
05/25/2003,MEM,TN,ASO,CE,Towers with Radar,434,307,37,0,778,0,0,8,0,8,434,307,45,0,786,0,0,0,786
05/26/2003,MEM,TN,ASO,CE,Towers with Radar,298,333,42,3,676,0,0,15,0,15,298,333,57,3,691,0,0,0,691
05/27/2003,MEM,TN,ASO,CE,Towers with Radar,408,374,92,3,877,0,2,25,0,27,408,376,117,3,904,0,0,0,904
05/28/2003,MEM,TN,ASO,CE,Towers with Radar,750,400,105,8,1263,0,7,23,0,30,750,407,128,8,1293,0,0,0,1293
05/29/2003,MEM,TN,ASO,CE,Towers with Radar,745,409,122,4,1280,0,1,39,0,40,745,410,161,4,1320,0,0,0,1320
05/30/2003,MEM,TN,ASO,CE,Towers with Radar,714,405,109,17,1245,0,4,21,0,25,714,409,130,17,1270,0,0,0,1270
05/31/2003,MEM,TN,ASO,CE,Towers with Radar,536,301,57,1,895,0,0,25,0,25,536,301,82,1,920,0,0,0,920
06/01/2003,MEM,TN,ASO,CE,Towers with Radar,433,331,72,12,848,4,0,10,2,16,437,331,82,14,864,0,0,0,864
06/02/2003,MEM,TN,ASO,CE,Towers with Radar,354,367,80,2,803,3,0,5,0,8,357,367,85,2,811,0,0,0,811
06/03/2003,MEM,TN,ASO,CE,Towers with Radar,768,410,116,3,1297,3,0,10,0,13,771,410,126,3,1310,0,0,0,1310
06/04/2003,MEM,TN,ASO,CE,Towers with Radar,724,414,110,15,1263,3,0,27,0,30,727,414,137,15,1293,0,0,0,1293
06/05/2003,MEM,TN,ASO,CE,Towers with Radar,728,403,98,7,1236,3,0,30,1,34,731,403,128,8,1270,0,0,0,1270
06/06/2003,MEM,TN,ASO,CE,Towers with Radar,697,382,96,5,1180,4,0,6,0,10,701,382,102,5,1190,0,0,0,1190
06/07/2003,MEM,TN,ASO,CE,Towers with Radar,551,307,56,2,916,4,0,13,0,17,555,307,69,2,933,0,0,0,933
06/08/2003,MEM,TN,ASO,CE,Towers with Radar,454,331,80,2,867,4,0,18,0,22,458,331,98,2,889,0,0,0,889
06/09/2003,MEM,TN,ASO,CE,Towers with Radar,404,364,84,3,855,3,0,33,0,36,407,364,117,3,891,0,0,0,891
06/10/2003,MEM,TN,ASO,CE,Towers with Radar,719,422,104,5,1250,3,0,45,0,48,722,422,149,5,1298,0,0,0,1298
06/11/2003,MEM,TN,ASO,CE,Towers with Radar,651,405,92,4,1152,80,0,0,0,80,731,405,92,4,1232,0,0,0,1232
06/12/2003,MEM,TN,ASO,CE,Towers with Radar,743,407,114,5,1269,3,0,7,0,10,746,407,121,5,1279,0,0,0,1279
06/13/2003,MEM,TN,ASO,CE,Towers with Radar,715,405,118,7,1245,3,1,16,0,20,718,406,134,7,1265,0,0,0,1265
06/14/2003,MEM,TN,ASO,CE,Towers with Radar,559,316,63,3,941,3,0,10,0,13,562,316,73,3,954,0,0,0,954
06/15/2003,MEM,TN,ASO,CE,Towers with Radar,452,348,53,5,858,3,0,10,0,13,455,348,63,5,871,0,0,0,871
06/16/2003,MEM,TN,ASO,CE,Towers with Radar,391,362,87,3,843,3,0,10,0,13,394,362,97,3,856,0,0,0,856
06/17/2003,MEM,TN,ASO,CE,Towers with Radar,749,415,123,4,1291,3,0,14,1,18,752,415,137,5,1309,0,0,0,1309
06/18/2003,MEM,TN,ASO,CE,Towers with Radar,713,410,109,4,1236,29,0,38,0,67,742,410,147,4,1303,0,0,0,1303
06/19/2003,MEM,TN,ASO,CE,Towers with Radar,745,416,126,12,1299,3,0,23,0,26,748,416,149,12,1325,0,0,0,1325
06/20/2003,MEM,TN,ASO,CE,Towers with Radar,719,407,100,20,1246,3,0,32,5,40,722,407,132,25,1286,0,0,0,1286
06/21/2003,MEM,TN,ASO,CE,Towers with Radar,548,325,48,9,930,3,0,26,2,31,551,325,74,11,961,6,0,6,967
06/22/2003,MEM,TN,ASO,CE,Towers with Radar,454,344,63,3,864,3,0,27,0,30,457,344,90,3,894,0,0,0,894
06/23/2003,MEM,TN,ASO,CE,Towers with Radar,386,315,76,3,780,0,72,36,0,108,386,387,112,3,888,0,0,0,888
06/24/2003,MEM,TN,ASO,CE,Towers with Radar,723,422,123,2,1270,3,0,16,0,19,726,422,139,2,1289,0,0,0,1289
06/25/2003,MEM,TN,ASO,CE,Towers with Radar,730,425,113,8,1276,3,0,31,0,34,733,425,144,8,1310,0,0,0,1310
06/26/2003,MEM,TN,ASO,CE,Towers with Radar,751,420,119,4,1294,3,0,6,0,9,754,420,125,4,1303,0,0,0,1303
06/27/2003,MEM,TN,ASO,CE,Towers with Radar,720,415,126,6,1267,3,0,29,0,32,723,415,155,6,1299,0,0,0,1299
06/28/2003,MEM,TN,ASO,CE,Towers with Radar,553,315,41,3,912,3,0,15,0,18,556,315,56,3,930,0,0,0,930
06/29/2003,MEM,TN,ASO,CE,Towers with Radar,461,341,65,8,875,3,0,17,0,20,464,341,82,8,895,0,0,0,895
06/30/2003,MEM,TN,ASO,CE,Towers with Radar,388,299,73,4,764,0,63,14,8,85,388,362,87,12,849,0,0,0,849
07/01/2003,MEM,TN,ASO,CE,Towers with Radar,768,428,77,4,1277,3,0,12,0,15,771,428,89,4,1292,0,0,0,1292
07/02/2003,MEM,TN,ASO,CE,Towers with Radar,739,417,103,11,1270,2,0,24,0,26,741,417,127,11,1296,0,0,0,1296
07/03/2003,MEM,TN,ASO,CE,Towers with Radar,732,406,93,3,1234,2,0,24,0,26,734,406,117,3,1260,0,0,0,1260
07/04/2003,MEM,TN,ASO,CE,Towers with Radar,314,205,44,0,563,0,54,0,0,54,314,259,44,0,617,0,0,0,617
07/05/2003,MEM,TN,ASO,CE,Towers with Radar,526,309,45,0,880,2,0,18,0,20,528,309,63,0,900,0,0,0,900
07/06/2003,MEM,TN,ASO,CE,Towers with Radar,446,304,66,4,820,0,29,6,2,37,446,333,72,6,857,0,0,0,857
07/07/2003,MEM,TN,ASO,CE,Towers with Radar,391,362,86,3,842,2,0,11,0,13,393,362,97,3,855,0,0,0,855
07/08/2003,MEM,TN,ASO,CE,Towers with Radar,736,418,93,0,1247,2,0,16,0,18,738,418,109,0,1265,0,0,0,1265
07/09/2003,MEM,TN,ASO,CE,Towers with Radar,726,415,132,3,1276,2,0,23,2,27,728,415,155,5,1303,0,0,0,1303
07/10/2003,MEM,TN,ASO,CE,Towers with Radar,746,422,122,5,1295,2,0,9,4,15,748,422,131,9,1310,0,0,0,1310
07/11/2003,MEM,TN,ASO,CE,Towers with Radar,731,404,94,13,1242,0,0,40,6,46,731,404,134,19,1288,0,0,0,1288
07/12/2003,MEM,TN,ASO,CE,Towers with Radar,549,311,32,8,900,2,0,31,4,37,551,311,63,12,937,0,0,0,937
07/13/2003,MEM,TN,ASO,CE,Towers with Radar,456,342,53,4,855,2,0,13,0,15,458,342,66,4,870,0,0,0,870
07/14/2003,MEM,TN,ASO,CE,Towers with Radar,385,382,66,5,838,2,0,29,0,31,387,382,95,5,869,0,0,0,869
07/15/2003,MEM,TN,ASO,CE,Towers with Radar,744,417,101,1,1263,2,0,32,0,34,746,417,133,1,1297,0,0,0,1297
07/16/2003,MEM,TN,ASO,CE,Towers with Radar,738,422,99,3,1262,12,0,42,0,54,750,422,141,3,1316,0,0,0,1316
07/17/2003,MEM,TN,ASO,CE,Towers with Radar,732,410,113,6,1261,2,11,29,1,43,734,421,142,7,1304,0,0,0,1304
07/18/2003,MEM,TN,ASO,CE,Towers with Radar,720,409,93,6,1228,1,0,23,1,25,721,409,116,7,1253,0,0,0,1253
07/19/2003,MEM,TN,ASO,CE,Towers with Radar,566,311,51,7,935,1,0,24,0,25,567,311,75,7,960,0,0,0,960
07/20/2003,MEM,TN,ASO,CE,Towers with Radar,461,339,61,5,866,1,0,38,0,39,462,339,99,5,905,0,0,0,905
07/21/2003,MEM,TN,ASO,CE,Towers with Radar,380,366,85,5,836,1,0,20,0,21,381,366,105,5,857,0,0,0,857
07/22/2003,MEM,TN,ASO,CE,Towers with Radar,548,236,104,1,889,1,0,5,0,6,549,236,109,1,895,0,0,0,895
07/23/2003,MEM,TN,ASO,CE,Towers with Radar,693,410,86,12,1201,1,0,37,0,38,694,410,123,12,1239,0,0,0,1239
07/24/2003,MEM,TN,ASO,CE,Towers with Radar,728,421,87,7,1243,1,3,50,4,58,729,424,137,11,1301,0,0,0,1301
07/25/2003,MEM,TN,ASO,CE,Towers with Radar,719,413,74,10,1216,1,0,34,1,36,720,413,108,11,1252,0,0,0,1252
07/26/2003,MEM,TN,ASO,CE,Towers with Radar,558,324,34,2,918,1,0,14,1,16,559,324,48,3,934,0,0,0,934
07/27/2003,MEM,TN,ASO,CE,Towers with Radar,452,340,64,2,858,1,0,14,1,16,453,340,78,3,874,0,0,0,874
07/28/2003,MEM,TN,ASO,CE,Towers with Radar,388,380,90,4,862,1,0,21,1,23,389,380,111,5,885,0,0,0,885
07/29/2003,MEM,TN,ASO,CE,Towers with Radar,758,423,81,1,1263,0,0,4,1,5,758,423,85,2,1268,0,0,0,1268
07/30/2003,MEM,TN,ASO,CE,Towers with Radar,748,425,87,5,1265,1,0,10,0,11,749,425,97,5,1276,0,0,0,1276
07/31/2003,MEM,TN,ASO,CE,Towers with Radar,742,431,110,12,1295,1,0,17,0,18,743,431,127,12,1313,0,0,0,1313
08/01/2003,MEM,TN,ASO,CE,Towers with Radar,725,404,95,3,1227,1,2,15,2,20,726,406,110,5,1247,0,0,0,1247
08/02/2003,MEM,TN,ASO,CE,Towers with Radar,562,313,45,2,922,0,0,11,5,16,562,313,56,7,938,0,0,0,938
08/03/2003,MEM,TN,ASO,CE,Towers with Radar,435,325,74,0,834,0,2,11,2,15,435,327,85,2,849,0,0,0,849
08/04/2003,MEM,TN,ASO,CE,Towers with Radar,393,290,68,2,753,0,70,31,0,101,393,360,99,2,854,0,0,0,854
08/05/2003,MEM,TN,ASO,CE,Towers with Radar,701,417,100,6,1224,36,0,6,0,42,737,417,106,6,1266,0,0,0,1266
08/06/2003,MEM,TN,ASO,CE,Towers with Radar,717,417,102,3,1239,27,0,21,0,48,744,417,123,3,1287,0,0,0,1287
08/07/2003,MEM,TN,ASO,CE,Towers with Radar,737,432,125,7,1301,0,1,35,0,36,737,433,160,7,1337,0,0,0,1337
08/08/2003,MEM,TN,ASO,CE,Towers with Radar,722,402,106,2,1232,0,1,23,0,24,722,403,129,2,1256,0,0,0,1256
08/09/2003,MEM,TN,ASO,CE,Towers with Radar,561,310,49,5,925,0,1,27,0,28,561,311,76,5,953,0,0,0,953
08/10/2003,MEM,TN,ASO,CE,Towers with Radar,457,334,61,9,861,0,1,26,1,28,457,335,87,10,889,0,0,0,889
08/11/2003,MEM,TN,ASO,CE,Towers with Radar,397,367,86,4,854,0,2,25,0,27,397,369,111,4,881,0,0,0,881
08/12/2003,MEM,TN,ASO,CE,Towers with Radar,735,422,108,8,1273,0,1,21,0,22,735,423,129,8,1295,0,0,0,1295
08/13/2003,MEM,TN,ASO,CE,Towers with Radar,739,424,127,4,1294,0,1,10,0,11,739,425,137,4,1305,0,0,0,1305
08/14/2003,MEM,TN,ASO,CE,Towers with Radar,725,420,118,17,1280,0,1,20,0,21,725,421,138,17,1301,0,0,0,1301
08/15/2003,MEM,TN,ASO,CE,Towers with Radar,726,410,105,8,1249,0,2,28,0,30,726,412,133,8,1279,0,0,0,1279
08/16/2003,MEM,TN,ASO,CE,Towers with Radar,561,310,58,2,931,0,2,21,3,26,561,312,79,5,957,0,0,0,957
08/17/2003,MEM,TN,ASO,CE,Towers with Radar,458,336,60,13,867,0,1,28,2,31,458,337,88,15,898,0,0,0,898
08/18/2003,MEM,TN,ASO,CE,Towers with Radar,393,375,91,7,866,0,1,17,2,20,393,376,108,9,886,0,0,0,886
08/19/2003,MEM,TN,ASO,CE,Towers with Radar,725,422,85,9,1241,0,1,11,0,12,725,423,96,9,1253,0,0,0,1253
08/20/2003,MEM,TN,ASO,CE,Towers with Radar,725,406,118,10,1259,0,1,14,2,17,725,407,132,12,1276,0,0,0,1276
08/21/2003,MEM,TN,ASO,CE,Towers with Radar,716,406,102,6,1230,12,0,39,0,51,728,406,141,6,1281,0,0,0,1281
08/22/2003,MEM,TN,ASO,CE,Towers with Radar,719,412,103,8,1242,2,0,7,6,15,721,412,110,14,1257,0,0,0,1257
08/23/2003,MEM,TN,ASO,CE,Towers with Radar,579,307,44,7,937,0,1,10,4,15,579,308,54,11,952,0,0,0,952
08/24/2003,MEM,TN,ASO,CE,Towers with Radar,462,342,65,9,878,0,1,17,2,20,462,343,82,11,898,0,0,0,898
08/25/2003,MEM,TN,ASO,CE,Towers with Radar,399,372,73,9,853,0,2,13,0,15,399,374,86,9,868,0,0,0,868
08/26/2003,MEM,TN,ASO,CE,Towers with Radar,736,422,119,3,1280,0,1,22,0,23,736,423,141,3,1303,0,0,0,1303
08/27/2003,MEM,TN,ASO,CE,Towers with Radar,728,415,111,8,1262,0,1,17,0,18,728,416,128,8,1280,0,0,0,1280
08/28/2003,MEM,TN,ASO,CE,Towers with Radar,744,418,132,8,1302,0,1,13,2,16,744,419,145,10,1318,0,0,0,1318
08/29/2003,MEM,TN,ASO,CE,Towers with Radar,721,418,94,9,1242,0,1,16,0,17,721,419,110,9,1259,0,0,0,1259
08/30/2003,MEM,TN,ASO,CE,Towers with Radar,564,283,39,3,889,0,1,13,0,14,564,284,52,3,903,0,0,0,903
08/31/2003,MEM,TN,ASO,CE,Towers with Radar,426,268,21,18,733,0,1,9,0,10,426,269,30,18,743,0,0,0,743
09/01/2003,MEM,TN,ASO,CE,Towers with Radar,283,317,54,9,663,3,2,10,0,15,286,319,64,9,678,0,0,0,678
09/02/2003,MEM,TN,ASO,CE,Towers with Radar,407,374,71,2,854,3,4,3,0,10,410,378,74,2,864,0,0,0,864
09/03/2003,MEM,TN,ASO,CE,Towers with Radar,726,417,95,3,1241,3,2,5,0,10,729,419,100,3,1251,0,0,0,1251
09/04/2003,MEM,TN,ASO,CE,Towers with Radar,727,430,117,3,1277,3,7,43,2,55,730,437,160,5,1332,0,0,0,1332
09/05/2003,MEM,TN,ASO,CE,Towers with Radar,704,411,132,5,1252,3,3,33,0,39,707,414,165,5,1291,0,0,0,1291
09/06/2003,MEM,TN,ASO,CE,Towers with Radar,536,313,53,3,905,3,1,31,1,36,539,314,84,4,941,0,0,0,941
09/07/2003,MEM,TN,ASO,CE,Towers with Radar,433,341,49,5,828,4,1,23,0,28,437,342,72,5,856,0,0,0,856
09/08/2003,MEM,TN,ASO,CE,Towers with Radar,360,389,81,12,842,4,4,15,1,24,364,393,96,13,866,0,0,0,866
09/09/2003,MEM,TN,ASO,CE,Towers with Radar,717,441,120,4,1282,4,2,25,2,33,721,443,145,6,1315,0,0,0,1315
09/10/2003,MEM,TN,ASO,CE,Towers with Radar,705,427,109,12,1253,4,1,23,0,28,709,428,132,12,1281,0,0,0,1281
09/11/2003,MEM,TN,ASO,CE,Towers with Radar,679,411,107,5,1202,25,0,39,3,67,704,411,146,8,1269,0,0,0,1269
09/12/2003,MEM,TN,ASO,CE,Towers with Radar,666,429,105,4,1204,47,0,0,0,47,713,429,105,4,1251,0,0,0,1251
09/13/2003,MEM,TN,ASO,CE,Towers with Radar,543,311,39,3,896,4,2,4,0,10,547,313,43,3,906,0,0,0,906
09/14/2003,MEM,TN,ASO,CE,Towers with Radar,422,336,60,2,820,4,1,11,0,16,426,337,71,2,836,0,0,0,836
09/15/2003,MEM,TN,ASO,CE,Towers with Radar,377,324,77,4,782,0,63,53,2,118,377,387,130,6,900,0,0,0,900
09/16/2003,MEM,TN,ASO,CE,Towers with Radar,717,423,107,6,1253,4,17,41,1,63,721,440,148,7,1316,0,0,0,1316
09/17/2003,MEM,TN,ASO,CE,Towers with Radar,723,424,122,6,1275,4,1,32,0,37,727,425,154,6,1312,0,0,0,1312
09/18/2003,MEM,TN,ASO,CE,Towers with Radar,696,424,102,15,1237,4,2,27,2,35,700,426,129,17,1272,0,0,0,1272
09/19/2003,MEM,TN,ASO,CE,Towers with Radar,708,418,127,0,1253,4,4,14,0,22,712,422,141,0,1275,0,0,0,1275
09/20/2003,MEM,TN,ASO,CE,Towers with Radar,532,312,52,1,897,4,1,38,0,43,536,313,90,1,940,0,0,0,940
09/21/2003,MEM,TN,ASO,CE,Towers with Radar,433,331,87,2,853,4,1,0,0,5,437,332,87,2,858,0,0,0,858
09/22/2003,MEM,TN,ASO,CE,Towers with Radar,374,332,79,4,789,0,50,29,5,84,374,382,108,9,873,0,0,0,873
09/23/2003,MEM,TN,ASO,CE,Towers with Radar,718,424,120,10,1272,4,1,23,1,29,722,425,143,11,1301,0,0,0,1301
09/24/2003,MEM,TN,ASO,CE,Towers with Radar,694,450,109,5,1258,28,0,31,0,59,722,450,140,5,1317,0,0,0,1317
09/25/2003,MEM,TN,ASO,CE,Towers with Radar,717,438,112,4,1271,12,0,32,0,44,729,438,144,4,1315,0,0,0,1315
09/26/2003,MEM,TN,ASO,CE,Towers with Radar,661,410,103,6,1180,37,0,11,0,48,698,410,114,6,1228,0,0,0,1228
09/27/2003,MEM,TN,ASO,CE,Towers with Radar,550,322,36,0,908,4,1,19,0,24,554,323,55,0,932,0,0,0,932
09/28/2003,MEM,TN,ASO,CE,Towers with Radar,429,348,71,4,852,3,5,22,0,30,432,353,93,4,882,0,0,0,882
09/29/2003,MEM,TN,ASO,CE,Towers with Radar,369,374,84,4,831,3,2,27,1,33,372,376,111,5,864,0,0,0,864
09/30/2003,MEM,TN,ASO,CE,Towers with Radar,735,426,111,2,1274,3,2,26,0,31,738,428,137,2,1305,0,0,0,1305
10/01/2003,MEM,TN,ASO,CE,Towers with Radar,701,423,107,4,1235,36,0,11,0,47,737,423,118,4,1282,0,0,0,1282
10/02/2003,MEM,TN,ASO,CE,Towers with Radar,684,438,104,2,1228,43,1,24,0,68,727,439,128,2,1296,0,0,0,1296
10/03/2003,MEM,TN,ASO,CE,Towers with Radar,695,421,106,6,1228,14,0,15,2,31,709,421,121,8,1259,0,0,0,1259
10/04/2003,MEM,TN,ASO,CE,Towers with Radar,491,314,75,3,883,48,6,5,0,59,539,320,80,3,942,0,0,0,942
10/05/2003,MEM,TN,ASO,CE,Towers with Radar,439,310,65,4,818,0,40,0,6,46,439,350,65,10,864,0,0,0,864
10/06/2003,MEM,TN,ASO,CE,Towers with Radar,374,301,72,1,748,0,78,43,0,121,374,379,115,1,869,0,0,0,869
10/07/2003,MEM,TN,ASO,CE,Towers with Radar,718,426,109,6,1259,15,0,32,1,48,733,426,141,7,1307,0,0,0,1307
10/08/2003,MEM,TN,ASO,CE,Towers with Radar,729,426,111,6,1272,10,0,31,5,46,739,426,142,11,1318,0,0,0,1318
10/09/2003,MEM,TN,ASO,CE,Towers with Radar,691,420,105,6,1222,25,0,10,5,40,716,420,115,11,1262,0,0,0,1262
10/10/2003,MEM,TN,ASO,CE,Towers with Radar,740,428,113,6,1287,0,0,31,0,31,740,428,144,6,1318,0,0,0,1318
10/11/2003,MEM,TN,ASO,CE,Towers with Radar,528,317,53,3,901,14,0,0,0,14,542,317,53,3,915,0,0,0,915
10/12/2003,MEM,TN,ASO,CE,Towers with Radar,437,309,69,2,817,0,33,0,0,33,437,342,69,2,850,0,0,0,850
10/13/2003,MEM,TN,ASO,CE,Towers with Radar,370,302,72,2,746,0,76,30,0,106,370,378,102,2,852,0,0,0,852
10/14/2003,MEM,TN,ASO,CE,Towers with Radar,690,419,106,4,1219,46,0,34,0,80,736,419,140,4,1299,0,0,0,1299
10/15/2003,MEM,TN,ASO,CE,Towers with Radar,685,434,105,6,1230,29,0,32,0,61,714,434,137,6,1291,0,0,0,1291
10/16/2003,MEM,TN,ASO,CE,Towers with Radar,686,414,105,6,1211,34,0,58,1,93,720,414,163,7,1304,0,0,0,1304
10/17/2003,MEM,TN,ASO,CE,Towers with Radar,731,428,112,4,1275,8,0,9,0,17,739,428,121,4,1292,0,0,0,1292
10/18/2003,MEM,TN,ASO,CE,Towers with Radar,542,327,83,0,952,5,0,16,0,21,547,327,99,0,973,0,0,0,973
10/19/2003,MEM,TN,ASO,CE,Towers with Radar,442,318,77,4,841,0,24,31,2,57,442,342,108,6,898,0,0,0,898
10/20/2003,MEM,TN,ASO,CE,Towers with Radar,377,299,72,2,750,0,88,45,0,133,377,387,117,2,883,0,0,0,883
10/21/2003,MEM,TN,ASO,CE,Towers with Radar,692,441,106,4,1243,38,0,42,0,80,730,441,148,4,1323,0,0,0,1323
10/22/2003,MEM,TN,ASO,CE,Towers with Radar,709,427,109,3,1248,28,0,52,0,80,737,427,161,3,1328,0,0,0,1328
10/23/2003,MEM,TN,ASO,CE,Towers with Radar,708,445,109,5,1267,27,0,58,1,86,735,445,167,6,1353,0,0,0,1353
10/24/2003,MEM,TN,ASO,CE,Towers with Radar,692,423,106,5,1226,7,0,51,3,61,699,423,157,8,1287,0,0,0,1287
10/25/2003,MEM,TN,ASO,CE,Towers with Radar,502,320,45,2,869,55,2,0,0,57,557,322,45,2,926,0,0,0,926
10/26/2003,MEM,TN,ASO,CE,Towers with Radar,403,292,64,3,762,0,35,0,1,36,403,327,64,4,798,0,0,0,798
10/27/2003,MEM,TN,ASO,CE,Towers with Radar,324,278,67,3,672,0,65,39,0,104,324,343,106,3,776,0,0,0,776
10/28/2003,MEM,TN,ASO,CE,Towers with Radar,665,409,102,5,1181,40,0,25,0,65,705,409,127,5,1246,0,0,0,1246
10/29/2003,MEM,TN,ASO,CE,Towers with Radar,679,423,104,5,1211,13,0,33,6,52,692,423,137,11,1263,0,0,0,1263
10/30/2003,MEM,TN,ASO,CE,Towers with Radar,688,426,106,5,1225,36,0,11,2,49,724,426,117,7,1274,0,0,0,1274
10/31/2003,MEM,TN,ASO,CE,Towers with Radar,691,423,84,5,1203,32,0,0,6,38,723,423,84,11,1241,0,0,0,1241
11/01/2003,MEM,TN,ASO,CE,Towers with Radar,505,331,73,5,914,54,0,0,4,58,559,331,73,9,972,0,0,0,972
11/02/2003,MEM,TN,ASO,CE,Towers with Radar,435,309,70,4,818,0,53,3,4,60,435,362,73,8,878,0,0,0,878
11/03/2003,MEM,TN,ASO,CE,Towers with Radar,375,310,71,2,758,0,75,38,0,113,375,385,109,2,871,0,0,0,871
11/04/2003,MEM,TN,ASO,CE,Towers with Radar,737,444,110,6,1297,34,0,38,0,72,771,444,148,6,1369,0,0,0,1369
11/05/2003,MEM,TN,ASO,CE,Towers with Radar,694,394,104,6,1198,0,0,9,2,11,694,394,113,8,1209,0,0,0,1209
11/06/2003,MEM,TN,ASO,CE,Towers with Radar,636,375,94,6,1111,0,0,14,3,17,636,375,108,9,1128,0,0,0,1128
11/07/2003,MEM,TN,ASO,CE,Towers with Radar,628,385,96,6,1115,0,0,0,0,0,628,385,96,6,1115,0,0,0,1115
11/08/2003,MEM,TN,ASO,CE,Towers with Radar,473,294,70,0,837,15,0,5,0,20,488,294,75,0,857,0,0,0,857
11/09/2003,MEM,TN,ASO,CE,Towers with Radar,385,284,64,4,737,0,19,4,0,23,385,303,68,4,760,0,0,0,760
11/10/2003,MEM,TN,ASO,CE,Towers with Radar,300,288,64,4,656,0,39,33,0,72,300,327,97,4,728,0,0,0,728
11/11/2003,MEM,TN,ASO,CE,Towers with Radar,603,352,89,2,1046,34,0,18,0,52,637,352,107,2,1098,0,0,0,1098
11/12/2003,MEM,TN,ASO,CE,Towers with Radar,611,364,90,6,1071,0,0,7,1,8,611,364,97,7,1079,0,0,0,1079
11/13/2003,MEM,TN,ASO,CE,Towers with Radar,642,413,96,4,1155,0,0,50,0,50,642,413,146,4,1205,0,0,0,1205
11/14/2003,MEM,TN,ASO,CE,Towers with Radar,621,410,92,6,1129,0,10,42,5,57,621,420,134,11,1186,0,0,0,1186
11/15/2003,MEM,TN,ASO,CE,Towers with Radar,484,318,47,3,852,58,14,0,0,72,542,332,47,3,924,0,0,0,924
11/16/2003,MEM,TN,ASO,CE,Towers with Radar,439,294,66,4,803,0,6,7,3,16,439,300,73,7,819,0,0,0,819
11/17/2003,MEM,TN,ASO,CE,Towers with Radar,354,297,66,0,717,0,79,42,0,121,354,376,108,0,838,0,0,0,838
11/18/2003,MEM,TN,ASO,CE,Towers with Radar,637,411,88,5,1141,103,0,0,1,104,740,411,88,6,1245,0,0,0,1245
11/19/2003,MEM,TN,ASO,CE,Towers with Radar,685,415,102,5,1207,48,0,33,1,82,733,415,135,6,1289,0,0,0,1289
11/20/2003,MEM,TN,ASO,CE,Towers with Radar,688,426,102,5,1221,40,0,18,9,67,728,426,120,14,1288,0,0,0,1288
11/21/2003,MEM,TN,ASO,CE,Towers with Radar,689,434,103,4,1230,28,0,27,0,55,717,434,130,4,1285,0,0,0,1285
11/22/2003,MEM,TN,ASO,CE,Towers with Radar,521,341,73,4,939,27,1,0,2,30,548,342,73,6,969,0,0,0,969
11/23/2003,MEM,TN,ASO,CE,Towers with Radar,443,299,68,3,813,0,36,1,0,37,443,335,69,3,850,0,0,0,850
11/24/2003,MEM,TN,ASO,CE,Towers with Radar,380,307,70,3,760,0,89,33,3,125,380,396,103,6,885,0,0,0,885
11/25/2003,MEM,TN,ASO,CE,Towers with Radar,708,439,105,5,1257,28,0,53,3,84,736,439,158,8,1341,0,0,0,1341
11/26/2003,MEM,TN,ASO,CE,Towers with Radar,733,440,105,3,1281,33,0,0,0,33,766,440,105,3,1314,0,0,0,1314
11/27/2003,MEM,TN,ASO,CE,Towers with Radar,331,216,29,0,576,2,77,0,0,79,333,293,29,0,655,0,0,0,655
11/28/2003,MEM,TN,ASO,CE,Towers with Radar,540,333,69,0,942,97,0,0,0,97,637,333,69,0,1039,0,0,0,1039
11/29/2003,MEM,TN,ASO,CE,Towers with Radar,495,324,74,0,893,45,16,11,0,72,540,340,85,0,965,0,0,0,965
11/30/2003,MEM,TN,ASO,CE,Towers with Radar,443,327,74,4,848,0,20,31,2,53,443,347,105,6,901,0,0,0,901
12/01/2003,MEM,TN,ASO,CE,Towers with Radar,257,307,90,1,655,133,87,0,0,220,390,394,90,1,875,0,0,0,875
12/02/2003,MEM,TN,ASO,CE,Towers with Radar,381,446,109,4,940,386,0,0,5,391,767,446,109,9,1331,0,0,0,1331
12/03/2003,MEM,TN,ASO,CE,Towers with Radar,381,439,146,4,970,365,0,0,1,366,746,439,146,5,1336,0,0,0,1336
12/04/2003,MEM,TN,ASO,CE,Towers with Radar,391,446,111,2,950,377,0,0,0,377,768,446,111,2,1327,0,0,0,1327
12/05/2003,MEM,TN,ASO,CE,Towers with Radar,378,409,114,4,905,293,0,0,0,293,671,409,114,4,1198,0,0,0,1198
12/06/2003,MEM,TN,ASO,CE,Towers with Radar,275,315,89,3,682,290,0,0,6,296,565,315,89,9,978,0,0,0,978
12/07/2003,MEM,TN,ASO,CE,Towers with Radar,268,321,77,3,669,217,29,0,7,253,485,350,77,10,922,0,0,0,922
12/08/2003,MEM,TN,ASO,CE,Towers with Radar,269,322,127,3,721,117,69,0,0,186,386,391,127,3,907,0,0,0,907
12/09/2003,MEM,TN,ASO,CE,Towers with Radar,381,415,113,2,911,428,0,0,0,428,809,415,113,2,1339,0,0,0,1339
12/10/2003,MEM,TN,ASO,CE,Towers with Radar,401,446,125,4,976,439,0,0,1,440,840,446,125,5,1416,0,0,0,1416
12/11/2003,MEM,TN,ASO,CE,Towers with Radar,413,450,142,4,1009,401,0,0,3,404,814,450,142,7,1413,0,0,0,1413
12/12/2003,MEM,TN,ASO,CE,Towers with Radar,395,442,146,4,987,382,0,0,5,387,777,442,146,9,1374,0,0,0,1374
12/13/2003,MEM,TN,ASO,CE,Towers with Radar,271,318,42,2,633,333,0,0,0,333,604,318,42,2,966,0,0,0,966
12/14/2003,MEM,TN,ASO,CE,Towers with Radar,265,317,63,1,646,230,29,0,0,259,495,346,63,1,905,0,0,0,905
12/15/2003,MEM,TN,ASO,CE,Towers with Radar,275,330,159,3,767,74,53,0,0,127,349,383,159,3,894,0,0,0,894
12/16/2003,MEM,TN,ASO,CE,Towers with Radar,405,402,116,4,927,291,0,0,2,293,696,402,116,6,1220,0,0,0,1220
12/17/2003,MEM,TN,ASO,CE,Towers with Radar,417,412,119,4,952,390,0,0,2,392,807,412,119,6,1344,0,0,0,1344
12/18/2003,MEM,TN,ASO,CE,Towers with Radar,431,453,160,3,1047,451,0,0,2,453,882,453,160,5,1500,0,0,0,1500
12/19/2003,MEM,TN,ASO,CE,Towers with Radar,417,432,109,3,961,440,0,0,3,443,857,432,109,6,1404,0,0,0,1404
12/20/2003,MEM,TN,ASO,CE,Towers with Radar,307,342,77,2,728,355,0,0,0,355,662,342,77,2,1083,0,0,0,1083
12/21/2003,MEM,TN,ASO,CE,Towers with Radar,277,330,78,2,687,283,16,0,0,299,560,346,78,2,986,0,0,0,986
12/22/2003,MEM,TN,ASO,CE,Towers with Radar,253,300,72,1,626,149,77,0,0,226,402,377,72,1,852,0,0,0,852
12/23/2003,MEM,TN,ASO,CE,Towers with Radar,402,438,79,2,921,509,0,0,0,509,911,438,79,2,1430,0,0,0,1430
12/24/2003,MEM,TN,ASO,CE,Towers with Radar,361,403,49,0,813,490,0,0,0,490,851,403,49,0,1303,0,0,0,1303
12/25/2003,MEM,TN,ASO,CE,Towers with Radar,180,213,36,0,429,129,103,0,0,232,309,316,36,0,661,0,0,0,661
12/26/2003,MEM,TN,ASO,CE,Towers with Radar,330,377,72,0,779,368,0,0,0,368,698,377,72,0,1147,0,0,0,1147
12/27/2003,MEM,TN,ASO,CE,Towers with Radar,283,334,76,0,693,274,0,0,0,274,557,334,76,0,967,0,0,0,967
12/28/2003,MEM,TN,ASO,CE,Towers with Radar,261,310,77,0,648,188,56,0,0,244,449,366,77,0,892,0,0,0,892
12/29/2003,MEM,TN,ASO,CE,Towers with Radar,238,284,44,2,568,156,104,0,0,260,394,388,44,2,828,0,0,0,828
12/30/2003,MEM,TN,ASO,CE,Towers with Radar,366,419,87,0,872,405,0,0,0,405,771,419,87,0,1277,0,0,0,1277
12/31/2003,MEM,TN,ASO,CE,Towers with Radar,336,383,52,0,771,401,0,0,0,401,737,383,52,0,1172,0,0,0,1172
01/01/2004,MEM,TN,ASO,CE,Towers with Radar,334,232,52,0,618,0,92,4,0,96,334,324,56,0,714,0,0,0,714
01/02/2004,MEM,TN,ASO,CE,Towers with Radar,658,380,78,0,1116,30,0,0,0,30,688,380,78,0,1146,0,0,0,1146
01/03/2004,MEM,TN,ASO,CE,Towers with Radar,540,319,71,0,930,21,2,15,0,38,561,321,86,0,968,0,0,0,968
01/04/2004,MEM,TN,ASO,CE,Towers with Radar,434,271,44,0,749,0,64,0,0,64,434,335,44,0,813,0,0,0,813
01/05/2004,MEM,TN,ASO,CE,Towers with Radar,369,282,63,1,715,0,89,30,0,119,369,371,93,1,834,0,0,0,834
01/06/2004,MEM,TN,ASO,CE,Towers with Radar,683,377,90,6,1156,52,0,7,1,60,735,377,97,7,1216,0,0,0,1216
01/07/2004,MEM,TN,ASO,CE,Towers with Radar,693,382,91,1,1167,38,0,11,0,49,731,382,102,1,1216,0,0,0,1216
01/08/2004,MEM,TN,ASO,CE,Towers with Radar,579,355,81,6,1021,0,0,0,4,4,579,355,81,10,1025,0,0,0,1025
01/09/2004,MEM,TN,ASO,CE,Towers with Radar,675,359,86,3,1123,17,0,0,0,17,692,359,86,3,1140,0,0,0,1140
01/10/2004,MEM,TN,ASO,CE,Towers with Radar,451,235,59,1,746,38,0,8,0,46,489,235,67,1,792,0,0,0,792
01/11/2004,MEM,TN,ASO,CE,Towers with Radar,404,269,60,4,737,0,16,34,2,52,404,285,94,6,789,0,0,0,789
01/12/2004,MEM,TN,ASO,CE,Towers with Radar,361,276,61,4,702,0,64,39,4,107,361,340,100,8,809,0,0,0,809
01/13/2004,MEM,TN,ASO,CE,Towers with Radar,675,384,89,2,1150,39,0,26,0,65,714,384,115,2,1215,0,0,0,1215
01/14/2004,MEM,TN,ASO,CE,Towers with Radar,689,375,91,6,1161,26,0,26,1,53,715,375,117,7,1214,0,0,0,1214
01/15/2004,MEM,TN,ASO,CE,Towers with Radar,713,397,94,6,1210,0,0,46,5,51,713,397,140,11,1261,0,0,0,1261
01/16/2004,MEM,TN,ASO,CE,Towers with Radar,681,364,89,6,1140,11,0,22,3,36,692,364,111,9,1176,0,0,0,1176
01/17/2004,MEM,TN,ASO,CE,Towers with Radar,469,275,22,3,769,50,16,0,0,66,519,291,22,3,835,0,0,0,835
01/18/2004,MEM,TN,ASO,CE,Towers with Radar,423,260,59,3,745,0,31,3,6,40,423,291,62,9,785,0,0,0,785
01/19/2004,MEM,TN,ASO,CE,Towers with Radar,363,266,60,0,689,0,64,23,0,87,363,330,83,0,776,0,0,0,776
01/20/2004,MEM,TN,ASO,CE,Towers with Radar,661,348,88,3,1100,27,0,44,0,71,688,348,132,3,1171,0,0,0,1171
01/21/2004,MEM,TN,ASO,CE,Towers with Radar,659,373,92,5,1129,0,0,35,0,35,659,373,127,5,1164,0,0,0,1164
01/22/2004,MEM,TN,ASO,CE,Towers with Radar,707,378,94,5,1184,7,0,32,10,49,714,378,126,15,1233,0,0,0,1233
01/23/2004,MEM,TN,ASO,CE,Towers with Radar,686,368,92,5,1151,0,0,27,12,39,686,368,119,17,1190,0,0,0,1190
01/24/2004,MEM,TN,ASO,CE,Towers with Radar,489,287,35,3,814,30,15,0,4,49,519,302,35,7,863,0,0,0,863
01/25/2004,MEM,TN,ASO,CE,Towers with Radar,399,240,54,3,696,0,8,4,3,15,399,248,58,6,711,0,0,0,711
01/26/2004,MEM,TN,ASO,CE,Towers with Radar,265,259,59,1,584,0,48,51,0,99,265,307,110,1,683,0,0,0,683
01/27/2004,MEM,TN,ASO,CE,Towers with Radar,682,373,90,5,1150,36,0,27,1,64,718,373,117,6,1214,0,0,0,1214
01/28/2004,MEM,TN,ASO,CE,Towers with Radar,688,375,91,5,1159,31,0,26,0,57,719,375,117,5,1216,0,0,0,1216
01/29/2004,MEM,TN,ASO,CE,Towers with Radar,699,392,93,5,1189,23,0,34,1,58,722,392,127,6,1247,0,0,0,1247
01/30/2004,MEM,TN,ASO,CE,Towers with Radar,678,383,90,5,1156,29,0,15,2,46,707,383,105,7,1202,0,0,0,1202
01/31/2004,MEM,TN,ASO,CE,Towers with Radar,489,287,48,3,827,38,13,0,3,54,527,300,48,6,881,0,0,0,881
02/01/2004,MEM,TN,ASO,CE,Towers with Radar,405,247,38,3,693,0,53,0,0,53,405,300,38,3,746,0,0,0,746
02/02/2004,MEM,TN,ASO,CE,Towers with Radar,362,257,63,0,682,0,79,38,0,117,362,336,101,0,799,0,0,0,799
02/03/2004,MEM,TN,ASO,CE,Towers with Radar,692,384,99,4,1179,27,0,41,0,68,719,384,140,4,1247,0,0,0,1247
02/04/2004,MEM,TN,ASO,CE,Towers with Radar,675,368,96,5,1144,42,0,20,6,68,717,368,116,11,1212,0,0,0,1212
02/05/2004,MEM,TN,ASO,CE,Towers with Radar,622,370,72,2,1066,62,16,0,0,78,684,386,72,2,1144,0,0,0,1144
02/06/2004,MEM,TN,ASO,CE,Towers with Radar,695,372,99,4,1170,7,0,36,0,43,702,372,135,4,1213,0,0,0,1213
02/07/2004,MEM,TN,ASO,CE,Towers with Radar,505,299,72,0,876,29,0,3,0,32,534,299,75,0,908,0,0,0,908
02/08/2004,MEM,TN,ASO,CE,Towers with Radar,426,280,67,1,774,0,22,21,0,43,426,302,88,1,817,0,0,0,817
02/09/2004,MEM,TN,ASO,CE,Towers with Radar,341,249,58,3,651,0,92,0,1,93,341,341,58,4,744,0,0,0,744
02/10/2004,MEM,TN,ASO,CE,Towers with Radar,673,378,96,2,1149,43,0,21,0,64,716,378,117,2,1213,0,0,0,1213
02/11/2004,MEM,TN,ASO,CE,Towers with Radar,730,413,104,5,1252,12,0,12,0,24,742,413,116,5,1276,0,0,0,1276
02/12/2004,MEM,TN,ASO,CE,Towers with Radar,695,353,104,5,1157,0,0,3,0,3,695,353,107,5,1160,0,0,0,1160
02/13/2004,MEM,TN,ASO,CE,Towers with Radar,720,385,103,5,1213,11,0,23,3,37,731,385,126,8,1250,0,0,0,1250
02/14/2004,MEM,TN,ASO,CE,Towers with Radar,495,295,35,1,826,48,23,0,0,71,543,318,35,1,897,0,0,0,897
02/15/2004,MEM,TN,ASO,CE,Towers with Radar,416,258,57,2,733,0,40,0,2,42,416,298,57,4,775,0,0,0,775
02/16/2004,MEM,TN,ASO,CE,Towers with Radar,377,279,67,1,724,0,47,34,0,81,377,326,101,1,805,0,0,0,805
02/17/2004,MEM,TN,ASO,CE,Towers with Radar,671,366,96,0,1133,40,0,56,0,96,711,366,152,0,1229,0,0,0,1229
02/18/2004,MEM,TN,ASO,CE,Towers with Radar,710,399,101,4,1214,8,0,26,5,39,718,399,127,9,1253,0,0,0,1253
02/19/2004,MEM,TN,ASO,CE,Towers with Radar,713,395,103,1,1212,16,0,49,0,65,729,395,152,1,1277,0,0,0,1277
02/20/2004,MEM,TN,ASO,CE,Towers with Radar,703,388,101,4,1196,18,0,26,5,49,721,388,127,9,1245,0,0,0,1245
02/21/2004,MEM,TN,ASO,CE,Towers with Radar,502,298,63,2,865,35,7,0,0,42,537,305,63,2,907,0,0,0,907
02/22/2004,MEM,TN,ASO,CE,Towers with Radar,425,278,68,2,773,0,34,31,0,65,425,312,99,2,838,0,0,0,838
02/23/2004,MEM,TN,ASO,CE,Towers with Radar,376,303,74,3,756,0,51,32,4,87,376,354,106,7,843,0,0,0,843
02/24/2004,MEM,TN,ASO,CE,Towers with Radar,685,372,89,3,1149,37,0,0,0,37,722,372,89,3,1186,0,0,0,1186
02/25/2004,MEM,TN,ASO,CE,Towers with Radar,696,389,100,1,1186,25,0,16,0,41,721,389,116,1,1227,0,0,0,1227
02/26/2004,MEM,TN,ASO,CE,Towers with Radar,710,370,102,4,1186,10,0,15,6,31,720,370,117,10,1217,0,0,0,1217
02/27/2004,MEM,TN,ASO,CE,Towers with Radar,711,369,103,4,1187,0,0,64,4,68,711,369,167,8,1255,0,0,0,1255
02/28/2004,MEM,TN,ASO,CE,Towers with Radar,490,290,37,1,818,37,28,0,0,65,527,318,37,1,883,0,0,0,883
02/29/2004,MEM,TN,ASO,CE,Towers with Radar,393,259,54,2,708,0,37,0,2,39,393,296,54,4,747,0,0,0,747
03/01/2004,MEM,TN,ASO,CE,Towers with Radar,359,264,61,2,686,0,81,7,0,88,359,345,68,2,774,0,0,0,774
03/02/2004,MEM,TN,ASO,CE,Towers with Radar,689,384,94,4,1171,52,0,25,1,78,741,384,119,5,1249,0,0,0,1249
03/03/2004,MEM,TN,ASO,CE,Towers with Radar,457,242,63,3,765,59,0,4,2,65,516,242,67,5,830,0,0,0,830
03/04/2004,MEM,TN,ASO,CE,Towers with Radar,686,379,94,4,1163,19,0,55,4,78,705,379,149,8,1241,0,0,0,1241
03/05/2004,MEM,TN,ASO,CE,Towers with Radar,676,370,92,4,1142,43,0,0,10,53,719,370,92,14,1195,0,0,0,1195
03/06/2004,MEM,TN,ASO,CE,Towers with Radar,523,309,72,3,907,15,0,5,1,21,538,309,77,4,928,0,0,0,928
03/07/2004,MEM,TN,ASO,CE,Towers with Radar,421,268,47,3,739,0,45,0,6,51,421,313,47,9,790,0,0,0,790
03/08/2004,MEM,TN,ASO,CE,Towers with Radar,353,256,59,3,671,0,85,20,1,106,353,341,79,4,777,0,0,0,777
03/09/2004,MEM,TN,ASO,CE,Towers with Radar,606,354,83,2,1045,107,0,8,0,115,713,354,91,2,1160,0,0,0,1160
03/10/2004,MEM,TN,ASO,CE,Towers with Radar,679,376,93,0,1148,54,0,26,0,80,733,376,119,0,1228,0,0,0,1228
03/11/2004,MEM,TN,ASO,CE,Towers with Radar,445,265,61,3,774,275,112,53,2,442,720,377,114,5,1216,0,0,0,1216
03/12/2004,MEM,TN,ASO,CE,Towers with Radar,687,383,93,2,1165,23,0,18,0,41,710,383,111,2,1206,0,0,0,1206
03/13/2004,MEM,TN,ASO,CE,Towers with Radar,515,308,69,2,894,3,7,4,0,14,518,315,73,2,908,0,0,0,908
03/14/2004,MEM,TN,ASO,CE,Towers with Radar,418,273,58,3,752,0,48,0,1,49,418,321,58,4,801,0,0,0,801
03/15/2004,MEM,TN,ASO,CE,Towers with Radar,340,274,62,2,678,0,64,14,0,78,340,338,76,2,756,0,0,0,756
03/16/2004,MEM,TN,ASO,CE,Towers with Radar,691,378,93,0,1162,32,0,25,0,57,723,378,118,0,1219,0,0,0,1219
03/17/2004,MEM,TN,ASO,CE,Towers with Radar,693,392,93,3,1181,23,0,27,0,50,716,392,120,3,1231,0,0,0,1231
03/18/2004,MEM,TN,ASO,CE,Towers with Radar,716,383,97,4,1200,33,0,15,1,49,749,383,112,5,1249,0,0,0,1249
03/19/2004,MEM,TN,ASO,CE,Towers with Radar,686,377,93,2,1158,8,0,21,0,29,694,377,114,2,1187,0,0,0,1187
03/20/2004,MEM,TN,ASO,CE,Towers with Radar,481,288,45,2,816,39,7,0,0,46,520,295,45,2,862,0,0,0,862
03/21/2004,MEM,TN,ASO,CE,Towers with Radar,441,279,63,3,786,0,22,17,0,39,441,301,80,3,825,0,0,0,825
03/22/2004,MEM,TN,ASO,CE,Towers with Radar,366,273,62,2,703,0,73,47,0,120,366,346,109,2,823,0,0,0,823
03/23/2004,MEM,TN,ASO,CE,Towers with Radar,689,401,93,3,1186,6,0,9,0,15,695,401,102,3,1201,0,0,0,1201
03/24/2004,MEM,TN,ASO,CE,Towers with Radar,700,387,94,3,1184,28,0,23,1,52,728,387,117,4,1236,0,0,0,1236
03/25/2004,MEM,TN,ASO,CE,Towers with Radar,689,382,93,0,1164,25,0,25,0,50,714,382,118,0,1214,0,0,0,1214
03/26/2004,MEM,TN,ASO,CE,Towers with Radar,688,382,93,3,1166,17,0,14,0,31,705,382,107,3,1197,0,0,0,1197
03/27/2004,MEM,TN,ASO,CE,Towers with Radar,515,307,69,2,893,19,18,8,0,45,534,325,77,2,938,0,0,0,938
03/28/2004,MEM,TN,ASO,CE,Towers with Radar,425,284,64,2,775,0,21,22,0,43,425,305,86,2,818,0,0,0,818
03/29/2004,MEM,TN,ASO,CE,Towers with Radar,349,273,62,1,685,0,71,26,0,97,349,344,88,1,782,6,0,6,788
03/30/2004,MEM,TN,ASO,CE,Towers with Radar,713,399,97,3,1212,23,0,37,3,63,736,399,134,6,1275,0,0,0,1275
03/31/2004,MEM,TN,ASO,CE,Towers with Radar,727,402,100,3,1232,0,0,36,7,43,727,402,136,10,1275,0,0,0,1275
04/01/2004,MEM,TN,ASO,CE,Towers with Radar,676,395,101,4,1176,37,0,0,2,39,713,395,101,6,1215,0,0,0,1215
04/02/2004,MEM,TN,ASO,CE,Towers with Radar,666,382,103,4,1155,33,0,1,4,38,699,382,104,8,1193,0,0,0,1193
04/03/2004,MEM,TN,ASO,CE,Towers with Radar,491,310,76,3,880,27,6,24,1,58,518,316,100,4,938,0,0,0,938
04/04/2004,MEM,TN,ASO,CE,Towers with Radar,421,287,70,3,781,0,32,6,2,40,421,319,76,5,821,0,0,0,821
04/05/2004,MEM,TN,ASO,CE,Towers with Radar,367,301,73,2,743,0,59,66,0,125,367,360,139,2,868,0,0,0,868
04/06/2004,MEM,TN,ASO,CE,Towers with Radar,684,407,106,4,1201,28,0,61,0,89,712,407,167,4,1290,0,0,0,1290
04/07/2004,MEM,TN,ASO,CE,Towers with Radar,660,394,102,2,1158,44,0,9,0,53,704,394,111,2,1211,0,0,0,1211
04/08/2004,MEM,TN,ASO,CE,Towers with Radar,689,393,107,4,1193,23,0,57,1,81,712,393,164,5,1274,0,0,0,1274
04/09/2004,MEM,TN,ASO,CE,Towers with Radar,635,394,96,4,1129,53,0,0,9,62,688,394,96,13,1191,0,0,0,1191
04/10/2004,MEM,TN,ASO,CE,Towers with Radar,466,295,36,1,798,56,17,0,0,73,522,312,36,1,871,0,0,0,871
04/11/2004,MEM,TN,ASO,CE,Towers with Radar,447,321,62,0,830,0,43,0,0,43,447,364,62,0,873,0,0,0,873
04/12/2004,MEM,TN,ASO,CE,Towers with Radar,329,269,65,1,664,0,78,26,0,104,329,347,91,1,768,0,0,0,768
04/13/2004,MEM,TN,ASO,CE,Towers with Radar,702,420,109,4,1235,37,0,20,3,60,739,420,129,7,1295,0,0,0,1295
04/14/2004,MEM,TN,ASO,CE,Towers with Radar,701,410,108,4,1223,1,0,31,0,32,702,410,139,4,1255,0,0,0,1255
04/15/2004,MEM,TN,ASO,CE,Towers with Radar,676,412,105,4,1197,7,0,40,1,48,683,412,145,5,1245,0,0,0,1245
04/16/2004,MEM,TN,ASO,CE,Towers with Radar,634,369,102,4,1109,0,0,10,2,12,634,369,112,6,1121,0,0,0,1121
04/17/2004,MEM,TN,ASO,CE,Towers with Radar,486,306,76,3,871,31,10,4,1,46,517,316,80,4,917,0,0,0,917
04/18/2004,MEM,TN,ASO,CE,Towers with Radar,401,288,71,3,763,0,38,12,1,51,401,326,83,4,814,0,0,0,814
04/19/2004,MEM,TN,ASO,CE,Towers with Radar,431,322,80,2,835,0,43,36,2,81,431,365,116,4,916,0,0,0,916
04/20/2004,MEM,TN,ASO,CE,Towers with Radar,644,404,100,3,1151,47,0,8,3,58,691,404,108,6,1209,0,0,0,1209
04/21/2004,MEM,TN,ASO,CE,Towers with Radar,638,402,99,3,1142,297,153,50,1,501,935,555,149,4,1643,0,0,0,1643
04/22/2004,MEM,TN,ASO,CE,Towers with Radar,661,377,104,0,1142,0,0,15,0,15,661,377,119,0,1157,0,0,0,1157
04/23/2004,MEM,TN,ASO,CE,Towers with Radar,602,368,99,3,1072,0,0,4,0,4,602,368,103,3,1076,0,0,0,1076
04/24/2004,MEM,TN,ASO,CE,Towers with Radar,497,301,55,0,853,32,0,0,0,32,529,301,55,0,885,0,0,0,885
04/25/2004,MEM,TN,ASO,CE,Towers with Radar,383,297,71,1,752,0,17,0,0,17,383,314,71,1,769,0,0,0,769
04/26/2004,MEM,TN,ASO,CE,Towers with Radar,336,296,73,0,705,0,49,34,0,83,336,345,107,0,788,0,0,0,788
04/27/2004,MEM,TN,ASO,CE,Towers with Radar,633,370,110,1,1114,0,0,24,0,24,633,370,134,1,1138,0,0,0,1138
04/28/2004,MEM,TN,ASO,CE,Towers with Radar,616,373,109,3,1101,0,0,34,0,34,616,373,143,3,1135,0,0,0,1135
04/29/2004,MEM,TN,ASO,CE,Towers with Radar,654,389,109,0,1152,0,0,29,0,29,654,389,138,0,1181,0,0,0,1181
04/30/2004,MEM,TN,ASO,CE,Towers with Radar,643,372,101,3,1119,0,0,4,3,7,643,372,105,6,1126,0,0,0,1126
05/01/2004,MEM,TN,ASO,CE,Towers with Radar,459,301,39,4,803,38,0,0,0,38,497,301,39,4,841,0,0,0,841
05/02/2004,MEM,TN,ASO,CE,Towers with Radar,388,288,67,4,747,0,15,11,4,30,388,303,78,8,777,0,0,0,777
05/03/2004,MEM,TN,ASO,CE,Towers with Radar,346,317,74,4,741,0,24,70,1,95,346,341,144,5,836,0,0,0,836
05/04/2004,MEM,TN,ASO,CE,Towers with Radar,653,367,104,4,1128,0,0,4,0,4,653,367,108,4,1132,0,0,0,1132
05/05/2004,MEM,TN,ASO,CE,Towers with Radar,621,362,105,2,1090,0,0,22,0,22,621,362,127,2,1112,0,0,0,1112
05/06/2004,MEM,TN,ASO,CE,Towers with Radar,644,359,104,5,1112,0,0,37,3,40,644,359,141,8,1152,0,0,0,1152
05/07/2004,MEM,TN,ASO,CE,Towers with Radar,661,392,105,3,1161,0,0,1,0,1,661,392,106,3,1162,0,0,0,1162
05/08/2004,MEM,TN,ASO,CE,Towers with Radar,494,304,75,2,875,4,0,0,0,4,498,304,75,2,879,0,0,0,879
05/09/2004,MEM,TN,ASO,CE,Towers with Radar,383,275,64,3,725,0,29,1,0,30,383,304,65,3,755,0,0,0,755
05/10/2004,MEM,TN,ASO,CE,Towers with Radar,319,291,68,0,678,0,44,49,0,93,319,335,117,0,771,0,0,0,771
05/11/2004,MEM,TN,ASO,CE,Towers with Radar,631,391,101,5,1128,0,0,12,2,14,631,391,113,7,1142,0,0,0,1142
05/12/2004,MEM,TN,ASO,CE,Towers with Radar,592,357,99,2,1050,0,0,0,0,0,592,357,99,2,1050,0,0,0,1050
05/13/2004,MEM,TN,ASO,CE,Towers with Radar,633,396,99,5,1133,38,0,20,2,60,671,396,119,7,1193,0,0,0,1193
05/14/2004,MEM,TN,ASO,CE,Towers with Radar,651,388,102,1,1142,57,0,5,0,62,708,388,107,1,1204,0,0,0,1204
05/15/2004,MEM,TN,ASO,CE,Towers with Radar,507,323,51,1,882,26,0,0,0,26,533,323,51,1,908,0,0,0,908
05/16/2004,MEM,TN,ASO,CE,Towers with Radar,391,286,66,4,747,0,32,0,1,33,391,318,66,5,780,0,0,0,780
05/17/2004,MEM,TN,ASO,CE,Towers with Radar,330,338,83,0,751,0,0,32,0,32,330,338,115,0,783,0,0,0,783
05/18/2004,MEM,TN,ASO,CE,Towers with Radar,659,375,103,5,1142,59,0,30,0,89,718,375,133,5,1231,0,0,0,1231
05/19/2004,MEM,TN,ASO,CE,Towers with Radar,645,369,100,4,1118,0,0,0,0,0,645,369,100,4,1118,0,0,0,1118
05/20/2004,MEM,TN,ASO,CE,Towers with Radar,639,380,105,4,1128,0,0,46,2,48,639,380,151,6,1176,0,0,0,1176
05/21/2004,MEM,TN,ASO,CE,Towers with Radar,634,367,100,4,1105,0,0,0,4,4,634,367,100,8,1109,0,0,0,1109
05/22/2004,MEM,TN,ASO,CE,Towers with Radar,509,310,77,3,899,11,0,0,8,19,520,310,77,11,918,0,0,0,918
05/23/2004,MEM,TN,ASO,CE,Towers with Radar,381,291,68,3,743,0,22,0,9,31,381,313,68,12,774,0,0,0,774
05/24/2004,MEM,TN,ASO,CE,Towers with Radar,323,288,69,3,683,0,65,29,5,99,323,353,98,8,782,0,0,0,782
05/25/2004,MEM,TN,ASO,CE,Towers with Radar,644,395,95,0,1134,22,0,0,0,22,666,395,95,0,1156,0,0,0,1156
05/26/2004,MEM,TN,ASO,CE,Towers with Radar,633,406,103,4,1146,0,0,10,0,10,633,406,113,4,1156,0,0,0,1156
05/27/2004,MEM,TN,ASO,CE,Towers with Radar,656,397,111,5,1169,0,0,53,1,54,656,397,164,6,1223,0,0,0,1223
05/28/2004,MEM,TN,ASO,CE,Towers with Radar,381,208,46,0,635,0,0,0,0,0,381,208,46,0,635,0,0,0,635
05/29/2004,MEM,TN,ASO,CE,Towers with Radar,462,289,64,0,815,0,0,0,0,0,462,289,64,0,815,0,0,0,815
05/30/2004,MEM,TN,ASO,CE,Towers with Radar,337,257,45,0,639,0,3,0,0,3,337,260,45,0,642,0,0,0,642
05/31/2004,MEM,TN,ASO,CE,Towers with Radar,250,255,59,2,566,0,53,0,0,53,250,308,59,2,619,0,0,0,619
06/01/2004,MEM,TN,ASO,CE,Towers with Radar,253,297,74,3,627,0,0,19,3,22,253,297,93,6,649,0,0,0,649
06/02/2004,MEM,TN,ASO,CE,Towers with Radar,643,397,89,1,1130,0,0,0,0,0,643,397,89,1,1130,0,0,0,1130
06/03/2004,MEM,TN,ASO,CE,Towers with Radar,677,401,99,0,1177,18,0,20,0,38,695,401,119,0,1215,0,0,0,1215
06/04/2004,MEM,TN,ASO,CE,Towers with Radar,646,397,99,4,1146,0,0,39,0,39,646,397,138,4,1185,0,0,0,1185
06/05/2004,MEM,TN,ASO,CE,Towers with Radar,509,325,64,0,898,8,4,0,0,12,517,329,64,0,910,0,0,0,910
06/06/2004,MEM,TN,ASO,CE,Towers with Radar,396,290,47,0,733,0,26,0,0,26,396,316,47,0,759,0,0,0,759
06/07/2004,MEM,TN,ASO,CE,Towers with Radar,333,295,67,0,695,0,58,14,0,72,333,353,81,0,767,0,0,0,767
06/08/2004,MEM,TN,ASO,CE,Towers with Radar,673,403,98,1,1175,3,0,12,0,15,676,403,110,1,1190,0,0,0,1190
06/09/2004,MEM,TN,ASO,CE,Towers with Radar,656,382,97,2,1137,0,0,18,0,18,656,382,115,2,1155,0,0,0,1155
06/10/2004,MEM,TN,ASO,CE,Towers with Radar,618,316,96,4,1034,0,0,2,1,3,618,316,98,5,1037,0,0,0,1037
06/11/2004,MEM,TN,ASO,CE,Towers with Radar,641,367,93,4,1105,9,0,0,6,15,650,367,93,10,1120,0,0,0,1120
06/12/2004,MEM,TN,ASO,CE,Towers with Radar,422,315,49,0,786,0,0,0,0,0,422,315,49,0,786,0,0,0,786
06/13/2004,MEM,TN,ASO,CE,Towers with Radar,399,293,67,3,762,0,17,13,0,30,399,310,80,3,792,0,0,0,792
06/14/2004,MEM,TN,ASO,CE,Towers with Radar,345,295,67,2,709,0,35,21,0,56,345,330,88,2,765,0,0,0,765
06/15/2004,MEM,TN,ASO,CE,Towers with Radar,602,372,88,4,1066,57,0,2,1,60,659,372,90,5,1126,0,0,0,1126
06/16/2004,MEM,TN,ASO,CE,Towers with Radar,660,376,101,1,1138,0,0,16,0,16,660,376,117,1,1154,0,0,0,1154
06/17/2004,MEM,TN,ASO,CE,Towers with Radar,669,351,98,2,1120,13,0,10,0,23,682,351,108,2,1143,0,0,0,1143
06/18/2004,MEM,TN,ASO,CE,Towers with Radar,650,356,98,2,1106,0,0,40,0,40,650,356,138,2,1146,0,0,0,1146
06/19/2004,MEM,TN,ASO,CE,Towers with Radar,524,308,72,1,905,10,0,0,0,10,534,308,72,1,915,0,0,0,915
06/20/2004,MEM,TN,ASO,CE,Towers with Radar,412,292,68,2,774,0,30,16,1,47,412,322,84,3,821,0,0,0,821
06/21/2004,MEM,TN,ASO,CE,Towers with Radar,356,295,68,2,721,0,54,27,0,81,356,349,95,2,802,0,0,0,802
06/22/2004,MEM,TN,ASO,CE,Towers with Radar,642,398,95,2,1137,44,0,7,0,51,686,398,102,2,1188,0,0,0,1188
06/23/2004,MEM,TN,ASO,CE,Towers with Radar,671,386,99,2,1158,9,0,16,0,25,680,386,115,2,1183,0,0,0,1183
06/24/2004,MEM,TN,ASO,CE,Towers with Radar,687,368,103,3,1161,0,0,18,7,25,687,368,121,10,1186,0,0,0,1186
06/25/2004,MEM,TN,ASO,CE,Towers with Radar,652,381,96,3,1132,13,0,1,6,20,665,381,97,9,1152,0,0,0,1152
06/26/2004,MEM,TN,ASO,CE,Towers with Radar,504,321,55,1,881,19,4,0,0,23,523,325,55,1,904,0,0,0,904
06/27/2004,MEM,TN,ASO,CE,Towers with Radar,392,286,60,2,740,0,32,0,13,45,392,318,60,15,785,0,0,0,785
06/28/2004,MEM,TN,ASO,CE,Towers with Radar,303,295,69,2,669,0,7,36,5,48,303,302,105,7,717,0,0,0,717
06/29/2004,MEM,TN,ASO,CE,Towers with Radar,623,351,94,3,1071,0,0,0,4,4,623,351,94,7,1075,0,0,0,1075
06/30/2004,MEM,TN,ASO,CE,Towers with Radar,538,346,66,3,953,0,0,0,6,6,538,346,66,9,959,0,0,0,959
07/01/2004,MEM,TN,ASO,CE,Towers with Radar,295,346,66,5,712,243,0,0,4,247,538,346,66,9,959,0,0,0,959
07/02/2004,MEM,TN,ASO,CE,Towers with Radar,291,379,75,3,748,370,0,0,0,370,661,379,75,3,1118,0,0,0,1118
07/03/2004,MEM,TN,ASO,CE,Towers with Radar,223,303,43,0,569,295,0,0,0,295,518,303,43,0,864,0,0,0,864
07/04/2004,MEM,TN,ASO,CE,Towers with Radar,166,232,22,0,420,212,47,0,0,259,378,279,22,0,679,0,0,0,679
07/05/2004,MEM,TN,ASO,CE,Towers with Radar,165,230,56,0,451,101,82,0,0,183,266,312,56,0,634,0,0,0,634
07/06/2004,MEM,TN,ASO,CE,Towers with Radar,217,302,81,3,603,161,39,0,3,203,378,341,81,6,806,0,0,0,806
07/07/2004,MEM,TN,ASO,CE,Towers with Radar,298,376,117,2,793,371,0,0,0,371,669,376,117,2,1164,0,0,0,1164
07/08/2004,MEM,TN,ASO,CE,Towers with Radar,313,370,125,0,808,368,0,0,0,368,681,370,125,0,1176,0,0,0,1176
07/09/2004,MEM,TN,ASO,CE,Towers with Radar,310,346,124,4,784,331,0,0,0,331,641,346,124,4,1115,0,0,0,1115
07/10/2004,MEM,TN,ASO,CE,Towers with Radar,222,300,67,4,593,298,0,0,1,299,520,300,67,5,892,0,0,0,892
07/11/2004,MEM,TN,ASO,CE,Towers with Radar,215,245,71,1,532,104,0,0,0,104,319,245,71,1,636,0,0,0,636
07/12/2004,MEM,TN,ASO,CE,Towers with Radar,211,294,112,3,620,145,65,0,4,214,356,359,112,7,834,0,0,0,834
07/13/2004,MEM,TN,ASO,CE,Towers with Radar,294,365,115,0,774,365,0,0,0,365,659,365,115,0,1139,0,0,0,1139
07/14/2004,MEM,TN,ASO,CE,Towers with Radar,279,318,123,1,721,367,0,0,0,367,646,318,123,1,1088,0,0,0,1088
07/15/2004,MEM,TN,ASO,CE,Towers with Radar,314,414,147,4,879,407,0,0,10,417,721,414,147,14,1296,0,0,0,1296
07/16/2004,MEM,TN,ASO,CE,Towers with Radar,290,378,128,3,799,401,0,0,3,404,691,378,128,6,1203,0,0,0,1203
07/17/2004,MEM,TN,ASO,CE,Towers with Radar,239,273,65,3,580,251,0,0,1,252,490,273,65,4,832,0,0,0,832
07/18/2004,MEM,TN,ASO,CE,Towers with Radar,206,285,75,2,568,160,14,0,1,175,366,299,75,3,743,0,0,0,743
07/19/2004,MEM,TN,ASO,CE,Towers with Radar,208,288,108,2,606,155,62,0,2,219,363,350,108,4,825,0,0,0,825
07/20/2004,MEM,TN,ASO,CE,Towers with Radar,307,397,139,4,847,407,0,0,6,413,714,397,139,10,1260,0,0,0,1260
07/21/2004,MEM,TN,ASO,CE,Towers with Radar,300,396,145,2,843,406,0,0,0,406,706,396,145,2,1249,0,0,0,1249
07/22/2004,MEM,TN,ASO,CE,Towers with Radar,302,399,123,4,828,408,0,0,3,411,710,399,123,7,1239,0,0,0,1239
07/23/2004,MEM,TN,ASO,CE,Towers with Radar,303,380,112,4,799,371,0,0,6,377,674,380,112,10,1176,0,0,0,1176
07/24/2004,MEM,TN,ASO,CE,Towers with Radar,234,323,74,0,631,313,5,0,0,318,547,328,74,0,949,0,0,0,949
07/25/2004,MEM,TN,ASO,CE,Towers with Radar,208,288,63,2,561,201,30,0,7,238,409,318,63,9,799,0,0,0,799
07/26/2004,MEM,TN,ASO,CE,Towers with Radar,213,294,105,2,614,148,59,0,4,211,361,353,105,6,825,0,0,0,825
07/27/2004,MEM,TN,ASO,CE,Towers with Radar,305,388,143,4,840,415,0,0,0,415,720,388,143,4,1255,0,0,0,1255
07/28/2004,MEM,TN,ASO,CE,Towers with Radar,298,395,109,1,803,403,0,0,0,403,701,395,109,1,1206,0,0,0,1206
07/29/2004,MEM,TN,ASO,CE,Towers with Radar,315,394,127,1,837,432,0,0,0,432,747,394,127,1,1269,0,0,0,1269
07/30/2004,MEM,TN,ASO,CE,Towers with Radar,285,382,73,2,742,400,0,0,0,400,685,382,73,2,1142,0,0,0,1142
07/31/2004,MEM,TN,ASO,CE,Towers with Radar,235,325,60,2,622,315,1,0,0,316,550,326,60,2,938,0,0,0,938
08/01/2004,MEM,TN,ASO,CE,Towers with Radar,416,293,67,3,779,0,31,9,0,40,416,324,76,3,819,0,0,0,819
08/02/2004,MEM,TN,ASO,CE,Towers with Radar,363,285,64,3,715,0,68,27,1,96,363,353,91,4,811,0,0,0,811
08/03/2004,MEM,TN,ASO,CE,Towers with Radar,653,405,94,2,1154,49,0,24,0,73,702,405,118,2,1227,0,0,0,1227
08/04/2004,MEM,TN,ASO,CE,Towers with Radar,658,389,95,4,1146,30,0,24,0,54,688,389,119,4,1200,0,0,0,1200
08/05/2004,MEM,TN,ASO,CE,Towers with Radar,712,412,103,2,1229,22,0,9,0,31,734,412,112,2,1260,0,0,0,1260
08/06/2004,MEM,TN,ASO,CE,Towers with Radar,661,394,96,5,1156,20,0,29,6,55,681,394,125,11,1211,0,0,0,1211
08/07/2004,MEM,TN,ASO,CE,Towers with Radar,478,308,69,3,858,50,9,3,0,62,528,317,72,3,920,0,0,0,920
08/08/2004,MEM,TN,ASO,CE,Towers with Radar,413,291,65,3,772,0,32,12,4,48,413,323,77,7,820,0,0,0,820
08/09/2004,MEM,TN,ASO,CE,Towers with Radar,366,299,67,3,735,0,61,41,1,103,366,360,108,4,838,0,0,0,838
08/10/2004,MEM,TN,ASO,CE,Towers with Radar,635,391,92,2,1120,68,0,29,0,97,703,391,121,2,1217,0,0,0,1217
08/11/2004,MEM,TN,ASO,CE,Towers with Radar,640,399,92,4,1135,50,0,11,0,61,690,399,103,4,1196,0,0,0,1196
08/12/2004,MEM,TN,ASO,CE,Towers with Radar,661,328,97,5,1091,0,0,68,1,69,661,328,165,6,1160,0,0,0,1160
08/13/2004,MEM,TN,ASO,CE,Towers with Radar,626,363,93,4,1086,0,0,18,6,24,626,363,111,10,1110,0,0,0,1110
08/14/2004,MEM,TN,ASO,CE,Towers with Radar,493,315,44,3,855,1,0,0,3,4,494,315,44,6,859,0,0,0,859
08/15/2004,MEM,TN,ASO,CE,Towers with Radar,375,284,64,3,726,0,19,8,0,27,375,303,72,3,753,0,0,0,753
08/16/2004,MEM,TN,ASO,CE,Towers with Radar,346,280,63,2,691,0,53,28,5,86,346,333,91,7,777,0,0,0,777
08/17/2004,MEM,TN,ASO,CE,Towers with Radar,646,366,97,0,1109,0,0,21,0,21,646,366,118,0,1130,0,0,0,1130
08/18/2004,MEM,TN,ASO,CE,Towers with Radar,635,363,128,1,1127,0,0,0,0,0,635,363,128,1,1127,0,0,0,1127
08/19/2004,MEM,TN,ASO,CE,Towers with Radar,633,358,99,4,1094,0,0,26,7,33,633,358,125,11,1127,0,0,0,1127
08/20/2004,MEM,TN,ASO,CE,Towers with Radar,635,346,89,3,1073,0,0,0,1,1,635,346,89,4,1074,0,0,0,1074
08/21/2004,MEM,TN,ASO,CE,Towers with Radar,503,302,59,1,865,0,0,0,0,0,503,302,59,1,865,0,0,0,865
08/22/2004,MEM,TN,ASO,CE,Towers with Radar,382,296,51,2,731,0,1,0,7,8,382,297,51,9,739,0,0,0,739
08/23/2004,MEM,TN,ASO,CE,Towers with Radar,337,294,67,2,700,0,18,15,1,34,337,312,82,3,734,0,0,0,734
08/24/2004,MEM,TN,ASO,CE,Towers with Radar,616,349,97,4,1066,0,0,17,0,17,616,349,114,4,1083,0,0,0,1083
08/25/2004,MEM,TN,ASO,CE,Towers with Radar,680,367,101,2,1150,0,0,12,0,12,680,367,113,2,1162,0,0,0,1162
08/26/2004,MEM,TN,ASO,CE,Towers with Radar,718,420,105,4,1247,0,0,22,0,22,718,420,127,4,1269,0,0,0,1269
08/27/2004,MEM,TN,ASO,CE,Towers with Radar,645,391,88,2,1126,31,0,0,0,31,676,391,88,2,1157,0,0,0,1157
08/28/2004,MEM,TN,ASO,CE,Towers with Radar,481,308,48,2,839,63,11,0,0,74,544,319,48,2,913,0,0,0,913
08/29/2004,MEM,TN,ASO,CE,Towers with Radar,419,301,68,1,789,0,26,0,0,26,419,327,68,1,815,0,0,0,815
08/30/2004,MEM,TN,ASO,CE,Towers with Radar,341,295,67,2,705,0,71,44,0,115,341,366,111,2,820,0,0,0,820
08/31/2004,MEM,TN,ASO,CE,Towers with Radar,677,410,99,4,1190,43,0,20,3,66,720,410,119,7,1256,0,0,0,1256
09/01/2004,MEM,TN,ASO,CE,Towers with Radar,661,403,108,1,1173,43,0,28,0,71,704,403,136,1,1244,0,0,0,1244
09/02/2004,MEM,TN,ASO,CE,Towers with Radar,683,403,112,5,1203,42,0,35,0,77,725,403,147,5,1280,0,0,0,1280
09/03/2004,MEM,TN,ASO,CE,Towers with Radar,664,403,109,5,1181,23,0,3,6,32,687,403,112,11,1213,0,0,0,1213
09/04/2004,MEM,TN,ASO,CE,Towers with Radar,462,293,43,4,802,58,0,0,0,58,520,293,43,4,860,0,0,0,860
09/05/2004,MEM,TN,ASO,CE,Towers with Radar,364,249,57,1,671,0,29,0,0,29,364,278,57,1,700,0,0,0,700
09/06/2004,MEM,TN,ASO,CE,Towers with Radar,248,218,55,3,524,0,91,3,0,94,248,309,58,3,618,0,0,0,618
09/07/2004,MEM,TN,ASO,CE,Towers with Radar,377,314,80,4,775,0,60,33,17,110,377,374,113,21,885,0,0,0,885
09/08/2004,MEM,TN,ASO,CE,Towers with Radar,651,405,107,2,1165,67,0,32,0,99,718,405,139,2,1264,0,0,0,1264
09/09/2004,MEM,TN,ASO,CE,Towers with Radar,644,396,106,2,1148,73,0,15,0,88,717,396,121,2,1236,0,0,0,1236
09/10/2004,MEM,TN,ASO,CE,Towers with Radar,690,397,113,6,1206,19,0,19,9,47,709,397,132,15,1253,0,0,0,1253
09/11/2004,MEM,TN,ASO,CE,Towers with Radar,489,314,65,4,872,55,6,0,3,64,544,320,65,7,936,0,0,0,936
09/12/2004,MEM,TN,ASO,CE,Towers with Radar,416,292,71,3,782,0,46,0,0,46,416,338,71,3,828,0,0,0,828
09/13/2004,MEM,TN,ASO,CE,Towers with Radar,346,329,85,4,764,0,29,2,1,32,346,358,87,5,796,0,0,0,796
09/14/2004,MEM,TN,ASO,CE,Towers with Radar,705,435,120,6,1266,0,0,49,0,49,705,435,169,6,1315,0,0,0,1315
09/15/2004,MEM,TN,ASO,CE,Towers with Radar,682,384,113,5,1184,5,0,45,9,59,687,384,158,14,1243,0,0,0,1243
09/16/2004,MEM,TN,ASO,CE,Towers with Radar,600,377,87,3,1067,78,0,0,0,78,678,377,87,3,1145,0,0,0,1145
09/17/2004,MEM,TN,ASO,CE,Towers with Radar,613,374,101,2,1090,74,0,8,0,82,687,374,109,2,1172,0,0,0,1172
09/18/2004,MEM,TN,ASO,CE,Towers with Radar,493,315,80,3,891,24,4,0,1,29,517,319,80,4,920,0,0,0,920
09/19/2004,MEM,TN,ASO,CE,Towers with Radar,411,290,75,2,778,0,38,26,0,64,411,328,101,2,842,0,0,0,842
09/20/2004,MEM,TN,ASO,CE,Towers with Radar,343,277,72,3,695,0,98,49,1,148,343,375,121,4,843,0,0,0,843
09/21/2004,MEM,TN,ASO,CE,Towers with Radar,666,410,110,4,1190,46,0,27,1,74,712,410,137,5,1264,0,0,0,1264
09/22/2004,MEM,TN,ASO,CE,Towers with Radar,688,434,114,5,1241,15,0,41,0,56,703,434,155,5,1297,0,0,0,1297
09/23/2004,MEM,TN,ASO,CE,Towers with Radar,701,411,116,3,1231,14,0,37,0,51,715,411,153,3,1282,0,0,0,1282
09/24/2004,MEM,TN,ASO,CE,Towers with Radar,668,427,110,3,1208,27,1,32,0,60,695,428,142,3,1268,0,0,0,1268
09/25/2004,MEM,TN,ASO,CE,Towers with Radar,504,322,83,2,911,24,5,4,0,33,528,327,87,2,944,0,0,0,944
09/26/2004,MEM,TN,ASO,CE,Towers with Radar,392,293,76,3,764,0,41,31,3,75,392,334,107,6,839,0,0,0,839
09/27/2004,MEM,TN,ASO,CE,Towers with Radar,342,309,80,2,733,0,53,85,0,138,342,362,165,2,871,0,0,0,871
09/28/2004,MEM,TN,ASO,CE,Towers with Radar,675,416,111,0,1202,51,0,15,0,66,726,416,126,0,1268,0,0,0,1268
09/29/2004,MEM,TN,ASO,CE,Towers with Radar,723,411,118,5,1257,10,0,33,1,44,733,411,151,6,1301,0,0,0,1301
09/30/2004,MEM,TN,ASO,CE,Towers with Radar,677,401,111,1,1190,44,0,39,0,83,721,401,150,1,1273,0,0,0,1273
10/01/2004,MEM,TN,ASO,CE,Combined TRACON& Tower with Radar,702,407,116,8,1233,0,2,27,1,30,702,409,143,9,1263,0,0,0,1263
10/02/2004,MEM,TN,ASO,CE,Combined TRACON& Tower with Radar,549,318,48,9,924,0,2,17,1,20,549,320,65,10,944,0,0,0,944
10/03/2004,MEM,TN,ASO,CE,Combined TRACON& Tower with Radar,423,334,76,6,839,0,0,27,1,28,423,334,103,7,867,0,0,0,867
10/04/2004,MEM,TN,ASO,CE,Combined TRACON& Tower with Radar,354,377,94,6,831,0,0,15,0,15,354,377,109,6,846,0,0,0,846
10/05/2004,MEM,TN,ASO,CE,Combined TRACON& Tower with Radar,717,418,108,2,1245,0,1,43,5,49,717,419,151,7,1294,0,0,0,1294
10/06/2004,MEM,TN,ASO,CE,Combined TRACON& Tower with Radar,723,425,110,8,1266,0,3,40,1,44,723,428,150,9,1310,0,0,0,1310
10/07/2004,MEM,TN,ASO,CE,Combined TRACON& Tower with Radar,706,424,130,6,1266,0,2,21,0,23,706,426,151,6,1289,0,0,0,1289
10/08/2004,MEM,TN,ASO,CE,Combined TRACON& Tower with Radar,702,420,98,4,1224,0,3,11,0,14,702,423,109,4,1238,0,0,0,1238
10/09/2004,MEM,TN,ASO,CE,Combined TRACON& Tower with Radar,542,340,36,2,920,0,0,1,0,1,542,340,37,2,921,0,0,0,921
10/10/2004,MEM,TN,ASO,CE,Combined TRACON& Tower with Radar,419,350,43,3,815,0,0,2,0,2,419,350,45,3,817,0,0,0,817
10/11/2004,MEM,TN,ASO,CE,Combined TRACON& Tower with Radar,346,375,80,1,802,0,0,0,0,0,346,375,80,1,802,0,0,0,802
10/12/2004,MEM,TN,ASO,CE,Combined TRACON& Tower with Radar,712,418,111,3,1244,0,6,4,0,10,712,424,115,3,1254,0,0,0,1254
10/13/2004,MEM,TN,ASO,CE,Combined TRACON& Tower with Radar,719,425,114,5,1263,0,0,11,0,11,719,425,125,5,1274,0,0,0,1274
10/14/2004,MEM,TN,ASO,CE,Combined TRACON& Tower with Radar,746,460,117,2,1325,2,0,5,0,7,748,460,122,2,1332,0,0,0,1332
10/15/2004,MEM,TN,ASO,CE,Combined TRACON& Tower with Radar,712,410,98,5,1225,0,4,28,1,33,712,414,126,6,1258,0,0,0,1258
10/16/2004,MEM,TN,ASO,CE,Combined TRACON& Tower with Radar,546,339,69,2,956,0,0,10,2,12,546,339,79,4,968,0,0,0,968
10/17/2004,MEM,TN,ASO,CE,Combined TRACON& Tower with Radar,427,345,78,2,852,0,0,16,0,16,427,345,94,2,868,0,0,0,868
10/18/2004,MEM,TN,ASO,CE,Combined TRACON& Tower with Radar,332,344,91,2,769,0,1,5,0,6,332,345,96,2,775,0,0,0,775
10/19/2004,MEM,TN,ASO,CE,Combined TRACON& Tower with Radar,729,421,109,4,1263,0,0,12,0,12,729,421,121,4,1275,0,0,0,1275
10/20/2004,MEM,TN,ASO,CE,Combined TRACON& Tower with Radar,709,415,127,5,1256,0,0,0,0,0,709,415,127,5,1256,0,0,0,1256
10/21/2004,MEM,TN,ASO,CE,Combined TRACON& Tower with Radar,759,432,118,7,1316,0,0,6,0,6,759,432,124,7,1322,0,0,0,1322
10/22/2004,MEM,TN,ASO,CE,Combined TRACON& Tower with Radar,707,413,126,10,1256,0,0,23,0,23,707,413,149,10,1279,0,0,0,1279
10/23/2004,MEM,TN,ASO,CE,Combined TRACON& Tower with Radar,540,334,49,0,923,0,0,2,0,2,540,334,51,0,925,0,0,0,925
10/24/2004,MEM,TN,ASO,CE,Combined TRACON& Tower with Radar,423,338,80,6,847,0,1,31,0,32,423,339,111,6,879,0,0,0,879
10/25/2004,MEM,TN,ASO,CE,Combined TRACON& Tower with Radar,352,372,90,0,814,0,1,15,0,16,352,373,105,0,830,0,0,0,830
10/26/2004,MEM,TN,ASO,CE,Combined TRACON& Tower with Radar,730,425,123,3,1281,0,0,19,1,20,730,425,142,4,1301,0,0,0,1301
10/27/2004,MEM,TN,ASO,CE,Combined TRACON& Tower with Radar,719,419,114,1,1253,0,0,15,0,15,719,419,129,1,1268,0,0,0,1268
10/28/2004,MEM,TN,ASO,CE,Combined TRACON& Tower with Radar,736,420,93,1,1250,0,1,18,1,20,736,421,111,2,1270,0,0,0,1270
10/29/2004,MEM,TN,ASO,CE,Combined TRACON& Tower with Radar,724,419,101,9,1253,0,1,16,1,18,724,420,117,10,1271,0,0,0,1271
10/30/2004,MEM,TN,ASO,CE,Combined TRACON& Tower with Radar,545,325,51,4,925,0,0,13,0,13,545,325,64,4,938,0,0,0,938
10/31/2004,MEM,TN,ASO,CE,Combined TRACON& Tower with Radar,460,315,46,6,827,0,4,4,0,8,460,319,50,6,835,0,0,0,835
11/01/2004,MEM,TN,ASO,CE,Combined TRACON& Tower with Radar,380,333,90,5,808,0,0,7,0,7,380,333,97,5,815,0,0,0,815
11/02/2004,MEM,TN,ASO,CE,Combined TRACON& Tower with Radar,763,383,75,2,1223,0,0,0,0,0,763,383,75,2,1223,0,0,0,1223
11/03/2004,MEM,TN,ASO,CE,Combined TRACON& Tower with Radar,779,399,117,0,1295,0,0,1,0,1,779,399,118,0,1296,0,0,0,1296
11/04/2004,MEM,TN,ASO,CE,Combined TRACON& Tower with Radar,769,380,117,3,1269,0,0,8,0,8,769,380,125,3,1277,0,0,0,1277
11/05/2004,MEM,TN,ASO,CE,Combined TRACON& Tower with Radar,746,369,109,5,1229,0,1,24,2,27,746,370,133,7,1256,0,0,0,1256
11/06/2004,MEM,TN,ASO,CE,Combined TRACON& Tower with Radar,566,287,49,3,905,0,0,30,0,30,566,287,79,3,935,0,0,0,935
11/07/2004,MEM,TN,ASO,CE,Combined TRACON& Tower with Radar,463,310,63,0,836,0,1,24,1,26,463,311,87,1,862,0,0,0,862
11/08/2004,MEM,TN,ASO,CE,Combined TRACON& Tower with Radar,402,352,69,3,826,0,0,16,0,16,402,352,85,3,842,0,0,0,842
11/09/2004,MEM,TN,ASO,CE,Combined TRACON& Tower with Radar,745,387,92,5,1229,0,1,24,4,29,745,388,116,9,1258,0,0,0,1258
11/10/2004,MEM,TN,ASO,CE,Combined TRACON& Tower with Radar,741,395,127,6,1269,0,2,16,3,21,741,397,143,9,1290,0,0,0,1290
11/11/2004,MEM,TN,ASO,CE,Combined TRACON& Tower with Radar,736,381,87,0,1204,0,0,4,0,4,736,381,91,0,1208,0,0,0,1208
11/12/2004,MEM,TN,ASO,CE,Combined TRACON& Tower with Radar,785,362,107,11,1265,0,1,2,0,3,785,363,109,11,1268,0,0,0,1268
11/13/2004,MEM,TN,ASO,CE,Combined TRACON& Tower with Radar,586,305,62,0,953,0,0,21,1,22,586,305,83,1,975,0,0,0,975
11/14/2004,MEM,TN,ASO,CE,Combined TRACON& Tower with Radar,456,315,79,0,850,0,0,16,1,17,456,315,95,1,867,0,0,0,867
11/15/2004,MEM,TN,ASO,CE,Combined TRACON& Tower with Radar,390,346,91,21,848,0,1,14,0,15,390,347,105,21,863,0,0,0,863
11/16/2004,MEM,TN,ASO,CE,Combined TRACON& Tower with Radar,761,400,117,2,1280,0,1,15,4,20,761,401,132,6,1300,0,0,0,1300
11/17/2004,MEM,TN,ASO,CE,Combined TRACON& Tower with Radar,761,400,117,2,1280,0,1,15,4,20,761,401,132,6,1300,0,0,0,1300
11/18/2004,MEM,TN,ASO,CE,Combined TRACON& Tower with Radar,887,466,167,6,1526,0,0,2,0,2,887,466,169,6,1528,0,17,17,1545
11/19/2004,MEM,TN,ASO,CE,Combined TRACON& Tower with Radar,768,387,117,12,1284,0,0,1,0,1,768,387,118,12,1285,0,0,0,1285
11/20/2004,MEM,TN,ASO,CE,Combined TRACON& Tower with Radar,584,299,57,8,948,0,2,14,0,16,584,301,71,8,964,0,0,0,964
11/21/2004,MEM,TN,ASO,CE,Combined TRACON& Tower with Radar,461,316,61,5,843,0,0,16,0,16,461,316,77,5,859,0,0,0,859
11/22/2004,MEM,TN,ASO,CE,Combined TRACON& Tower with Radar,374,352,83,3,812,0,0,0,0,0,374,352,83,3,812,0,0,0,812
11/23/2004,MEM,TN,ASO,CE,Combined TRACON& Tower with Radar,775,401,103,4,1283,0,0,5,0,5,775,401,108,4,1288,0,0,0,1288
11/24/2004,MEM,TN,ASO,CE,Combined TRACON& Tower with Radar,801,399,95,2,1297,0,0,4,0,4,801,399,99,2,1301,0,0,0,1301
11/25/2004,MEM,TN,ASO,CE,Combined TRACON& Tower with Radar,344,279,39,0,662,0,1,13,0,14,344,280,52,0,676,0,0,0,676
11/26/2004,MEM,TN,ASO,CE,Combined TRACON& Tower with Radar,633,307,32,0,972,0,0,23,1,24,633,307,55,1,996,0,0,0,996
11/27/2004,MEM,TN,ASO,CE,Combined TRACON& Tower with Radar,590,310,23,2,925,0,0,1,0,1,590,310,24,2,926,0,0,0,926
11/28/2004,MEM,TN,ASO,CE,Combined TRACON& Tower with Radar,460,323,60,0,843,0,0,16,0,16,460,323,76,0,859,0,0,0,859
11/29/2004,MEM,TN,ASO,CE,Combined TRACON& Tower with Radar,395,362,71,7,835,0,0,7,0,7,395,362,78,7,842,0,0,0,842
11/30/2004,MEM,TN,ASO,CE,Combined TRACON& Tower with Radar,781,395,90,0,1266,0,0,0,0,0,781,395,90,0,1266,0,0,0,1266
12/01/2004,MEM,TN,ASO,CE,Combined TRACON& Tower with Radar,807,395,107,2,1311,0,7,27,1,35,807,402,134,3,1346,0,0,0,1346
12/02/2004,MEM,TN,ASO,CE,Combined TRACON& Tower with Radar,792,407,116,5,1320,0,2,28,0,30,792,409,144,5,1350,0,0,0,1350
12/03/2004,MEM,TN,ASO,CE,Combined TRACON& Tower with Radar,771,376,98,3,1248,0,2,28,0,30,771,378,126,3,1278,0,0,0,1278
12/04/2004,MEM,TN,ASO,CE,Combined TRACON& Tower with Radar,603,295,48,0,946,0,0,20,0,20,603,295,68,0,966,0,0,0,966
12/05/2004,MEM,TN,ASO,CE,Combined TRACON& Tower with Radar,478,325,55,4,862,0,0,3,0,3,478,325,58,4,865,0,0,0,865
12/06/2004,MEM,TN,ASO,CE,Combined TRACON& Tower with Radar,338,334,75,7,754,0,0,0,0,0,338,334,75,7,754,0,0,0,754
12/07/2004,MEM,TN,ASO,CE,Combined TRACON& Tower with Radar,825,398,93,9,1325,0,2,15,0,17,825,400,108,9,1342,0,0,0,1342
12/08/2004,MEM,TN,ASO,CE,Combined TRACON& Tower with Radar,782,397,119,8,1306,0,2,20,3,25,782,399,139,11,1331,0,0,0,1331
12/09/2004,MEM,TN,ASO,CE,Combined TRACON& Tower with Radar,816,402,103,3,1324,0,1,13,2,16,816,403,116,5,1340,0,0,0,1340
12/10/2004,MEM,TN,ASO,CE,Combined TRACON& Tower with Radar,780,376,81,5,1242,0,0,28,0,28,780,376,109,5,1270,0,0,0,1270
12/11/2004,MEM,TN,ASO,CE,Combined TRACON& Tower with Radar,598,300,41,1,940,0,0,14,0,14,598,300,55,1,954,0,0,0,954
12/12/2004,MEM,TN,ASO,CE,Combined TRACON& Tower with Radar,488,313,62,1,864,0,0,10,0,10,488,313,72,1,874,0,0,0,874
12/13/2004,MEM,TN,ASO,CE,Combined TRACON& Tower with Radar,385,342,87,6,820,0,1,21,0,22,385,343,108,6,842,0,0,0,842
12/14/2004,MEM,TN,ASO,CE,Combined TRACON& Tower with Radar,823,389,112,2,1326,0,2,17,1,20,823,391,129,3,1346,0,0,0,1346
12/15/2004,MEM,TN,ASO,CE,Combined TRACON& Tower with Radar,802,404,127,4,1337,0,1,20,0,21,802,405,147,4,1358,0,0,0,1358
12/16/2004,MEM,TN,ASO,CE,Combined TRACON& Tower with Radar,783,427,95,2,1307,0,0,23,1,24,783,427,118,3,1331,0,0,0,1331
12/17/2004,MEM,TN,ASO,CE,Combined TRACON& Tower with Radar,792,410,79,10,1291,0,2,35,2,39,792,412,114,12,1330,0,0,0,1330
12/18/2004,MEM,TN,ASO,CE,Combined TRACON& Tower with Radar,588,335,43,0,966,0,0,22,0,22,588,335,65,0,988,0,0,0,988
12/19/2004,MEM,TN,ASO,CE,Combined TRACON& Tower with Radar,481,341,43,0,865,0,1,12,0,13,481,342,55,0,878,0,0,0,878
12/20/2004,MEM,TN,ASO,CE,Combined TRACON& Tower with Radar,365,348,78,0,791,0,1,13,0,14,365,349,91,0,805,0,0,0,805
12/21/2004,MEM,TN,ASO,CE,Combined TRACON& Tower with Radar,832,416,113,3,1364,0,1,19,0,20,832,417,132,3,1384,0,0,0,1384
12/22/2004,MEM,TN,ASO,CE,Combined TRACON& Tower with Radar,596,208,42,0,846,0,0,0,0,0,596,208,42,0,846,0,0,0,846
12/23/2004,MEM,TN,ASO,CE,Combined TRACON& Tower with Radar,476,268,75,1,820,0,2,12,0,14,476,270,87,1,834,0,0,0,834
12/24/2004,MEM,TN,ASO,CE,Combined TRACON& Tower with Radar,694,277,60,0,1031,0,0,20,0,20,694,277,80,0,1051,0,0,0,1051
12/25/2004,MEM,TN,ASO,CE,Combined TRACON& Tower with Radar,261,236,23,0,520,0,1,9,0,10,261,237,32,0,530,0,0,0,530
12/26/2004,MEM,TN,ASO,CE,Combined TRACON& Tower with Radar,518,308,47,0,873,0,0,25,1,26,518,308,72,1,899,0,0,0,899
12/27/2004,MEM,TN,ASO,CE,Combined TRACON& Tower with Radar,403,353,84,0,840,0,0,27,0,27,403,353,111,0,867,0,0,0,867
12/28/2004,MEM,TN,ASO,CE,Combined TRACON& Tower with Radar,721,409,58,0,1188,2,1,18,0,21,723,410,76,0,1209,0,0,0,1209
12/29/2004,MEM,TN,ASO,CE,Combined TRACON& Tower with Radar,750,397,76,2,1225,0,0,23,1,24,750,397,99,3,1249,0,0,0,1249
12/30/2004,MEM,TN,ASO,CE,Combined TRACON& Tower with Radar,719,404,67,4,1194,0,2,13,0,15,719,406,80,4,1209,0,0,0,1209
12/31/2004,MEM,TN,ASO,CE,Combined TRACON& Tower with Radar,652,368,65,0,1085,0,0,4,0,4,652,368,69,0,1089,0,0,0,1089
01/01/2005,MEM,TN,ASO,CE,Combined TRACON& Tower with Radar,273,313,36,0,622,0,0,2,0,2,273,313,38,0,624,0,0,0,624
01/02/2005,MEM,TN,ASO,CE,Combined TRACON& Tower with Radar,449,328,69,0,846,0,0,5,0,5,449,328,74,0,851,0,0,0,851
01/03/2005,MEM,TN,ASO,CE,Combined TRACON& Tower with Radar,449,328,69,0,846,0,0,5,0,5,449,328,74,0,851,0,0,0,851
01/04/2005,MEM,TN,ASO,CE,Combined TRACON& Tower with Radar,705,391,86,2,1184,0,0,1,0,1,705,391,87,2,1185,0,0,0,1185
01/05/2005,MEM,TN,ASO,CE,Combined TRACON& Tower with Radar,714,405,103,5,1227,0,3,3,0,6,714,408,106,5,1233,0,0,0,1233
01/06/2005,MEM,TN,ASO,CE,Combined TRACON& Tower with Radar,729,0,109,2,840,0,385,0,0,385,729,385,109,2,1225,0,0,0,1225
01/07/2005,MEM,TN,ASO,CE,Combined TRACON& Tower with Radar,701,380,82,5,1168,0,0,1,0,1,701,380,83,5,1169,0,0,0,1169
01/08/2005,MEM,TN,ASO,CE,Combined TRACON& Tower with Radar,556,321,43,6,926,0,0,7,0,7,556,321,50,6,933,0,0,0,933
01/09/2005,MEM,TN,ASO,CE,Combined TRACON& Tower with Radar,422,318,64,4,808,0,0,3,0,3,422,318,67,4,811,0,0,0,811
01/10/2005,MEM,TN,ASO,CE,Combined TRACON& Tower with Radar,359,357,88,0,804,0,0,5,0,5,359,357,93,0,809,0,0,0,809
01/11/2005,MEM,TN,ASO,CE,Combined TRACON& Tower with Radar,725,407,160,4,1296,0,0,10,0,10,725,407,170,4,1306,0,0,0,1306
01/12/2005,MEM,TN,ASO,CE,Combined TRACON& Tower with Radar,721,393,99,0,1213,0,1,1,0,2,721,394,100,0,1215,0,0,0,1215
01/13/2005,MEM,TN,ASO,CE,Combined TRACON& Tower with Radar,734,403,108,1,1246,0,0,8,0,8,734,403,116,1,1254,0,0,0,1254
01/14/2005,MEM,TN,ASO,CE,Combined TRACON& Tower with Radar,722,390,101,2,1215,0,1,24,1,26,722,391,125,3,1241,0,0,0,1241
01/15/2005,MEM,TN,ASO,CE,Combined TRACON& Tower with Radar,552,309,41,2,904,0,0,32,0,32,552,309,73,2,936,0,0,0,936
01/16/2005,MEM,TN,ASO,CE,Combined TRACON& Tower with Radar,424,304,40,0,768,0,0,8,0,8,424,304,48,0,776,0,0,0,776
01/17/2005,MEM,TN,ASO,CE,Combined TRACON& Tower with Radar,377,351,72,1,801,0,2,26,0,28,377,353,98,1,829,0,0,0,829
01/18/2005,MEM,TN,ASO,CE,Combined TRACON& Tower with Radar,698,376,106,4,1184,0,2,24,0,26,698,378,130,4,1210,0,0,0,1210
01/19/2005,MEM,TN,ASO,CE,Combined TRACON& Tower with Radar,715,401,126,10,1252,0,3,27,1,31,715,404,153,11,1283,0,0,0,1283
01/20/2005,MEM,TN,ASO,CE,Combined TRACON& Tower with Radar,734,390,113,5,1242,0,8,23,2,33,734,398,136,7,1275,0,0,0,1275
01/21/2005,MEM,TN,ASO,CE,Combined TRACON& Tower with Radar,703,384,96,4,1187,0,1,19,2,22,703,385,115,6,1209,0,0,0,1209
01/22/2005,MEM,TN,ASO,CE,Combined TRACON& Tower with Radar,538,283,38,2,861,0,0,5,0,5,538,283,43,2,866,0,0,0,866
01/23/2005,MEM,TN,ASO,CE,Combined TRACON& Tower with Radar,419,289,45,7,760,0,0,18,0,18,419,289,63,7,778,0,0,0,778
01/24/2005,MEM,TN,ASO,CE,Combined TRACON& Tower with Radar,385,340,77,14,816,0,2,22,0,24,385,342,99,14,840,0,0,0,840
01/25/2005,MEM,TN,ASO,CE,Combined TRACON& Tower with Radar,717,398,96,5,1216,0,8,14,3,25,717,406,110,8,1241,0,0,0,1241
01/26/2005,MEM,TN,ASO,CE,Combined TRACON& Tower with Radar,735,388,112,9,1244,0,0,21,2,23,735,388,133,11,1267,0,0,0,1267
01/27/2005,MEM,TN,ASO,CE,Combined TRACON& Tower with Radar,744,400,108,11,1263,0,1,16,1,18,744,401,124,12,1281,0,0,0,1281
01/28/2005,MEM,TN,ASO,CE,Combined TRACON& Tower with Radar,722,391,102,7,1222,0,3,8,0,11,722,394,110,7,1233,0,0,0,1233
01/29/2005,MEM,TN,ASO,CE,Combined TRACON& Tower with Radar,544,286,27,4,861,0,0,0,0,0,544,286,27,4,861,0,0,0,861
01/30/2005,MEM,TN,ASO,CE,Combined TRACON& Tower with Radar,434,301,60,2,797,0,0,1,0,1,434,301,61,2,798,0,0,0,798
01/31/2005,MEM,TN,ASO,CE,Combined TRACON& Tower with Radar,345,351,97,8,801,0,0,2,1,3,345,351,99,9,804,0,0,0,804
02/01/2005,MEM,TN,ASO,CE,Combined TRACON& Tower with Radar,721,394,147,2,1264,0,0,4,0,4,721,394,151,2,1268,0,0,0,1268
02/02/2005,MEM,TN,ASO,CE,Combined TRACON& Tower with Radar,714,409,107,2,1232,0,0,0,0,0,714,409,107,2,1232,0,0,0,1232
02/03/2005,MEM,TN,ASO,CE,Combined TRACON& Tower with Radar,751,408,92,0,1251,0,2,4,1,7,751,410,96,1,1258,0,0,0,1258
02/04/2005,MEM,TN,ASO,CE,Combined TRACON& Tower with Radar,706,401,91,1,1199,0,5,31,1,37,706,406,122,2,1236,0,0,0,1236
02/05/2005,MEM,TN,ASO,CE,Combined TRACON& Tower with Radar,534,309,40,0,883,0,0,18,1,19,534,309,58,1,902,0,0,0,902
02/06/2005,MEM,TN,ASO,CE,Combined TRACON& Tower with Radar,395,283,40,3,721,0,0,5,1,6,395,283,45,4,727,0,0,0,727
02/07/2005,MEM,TN,ASO,CE,Combined TRACON& Tower with Radar,371,349,61,6,787,0,0,3,0,3,371,349,64,6,790,0,0,0,790
02/08/2005,MEM,TN,ASO,CE,Combined TRACON& Tower with Radar,746,399,99,3,1247,0,0,0,0,0,746,399,99,3,1247,0,0,0,1247
02/09/2005,MEM,TN,ASO,CE,Combined TRACON& Tower with Radar,744,400,101,2,1247,0,3,4,0,7,744,403,105,2,1254,0,0,0,1254
02/10/2005,MEM,TN,ASO,CE,Combined TRACON& Tower with Radar,757,397,104,0,1258,0,5,29,0,34,757,402,133,0,1292,0,0,0,1292
02/11/2005,MEM,TN,ASO,CE,Combined TRACON& Tower with Radar,739,393,102,2,1236,0,6,35,0,41,739,399,137,2,1277,0,0,0,1277
02/12/2005,MEM,TN,ASO,CE,Combined TRACON& Tower with Radar,568,304,26,3,901,0,1,11,0,12,568,305,37,3,913,0,0,0,913
02/13/2005,MEM,TN,ASO,CE,Combined TRACON& Tower with Radar,459,317,36,5,817,0,0,2,0,2,459,317,38,5,819,0,0,0,819
02/14/2005,MEM,TN,ASO,CE,Combined TRACON& Tower with Radar,376,340,66,4,786,0,4,15,0,19,376,344,81,4,805,0,0,0,805
02/15/2005,MEM,TN,ASO,CE,Combined TRACON& Tower with Radar,717,387,116,2,1222,0,3,16,0,19,717,390,132,2,1241,0,0,0,1241
02/16/2005,MEM,TN,ASO,CE,Combined TRACON& Tower with Radar,746,382,106,3,1237,0,4,11,0,15,746,386,117,3,1252,0,0,0,1252
02/17/2005,MEM,TN,ASO,CE,Combined TRACON& Tower with Radar,744,378,105,8,1235,0,2,31,0,33,744,380,136,8,1268,0,0,0,1268
02/18/2005,MEM,TN,ASO,CE,Combined TRACON& Tower with Radar,724,370,94,0,1188,0,2,25,0,27,724,372,119,0,1215,0,0,0,1215
02/19/2005,MEM,TN,ASO,CE,Combined TRACON& Tower with Radar,552,294,46,3,895,0,2,8,1,11,552,296,54,4,906,0,0,0,906
02/20/2005,MEM,TN,ASO,CE,Combined TRACON& Tower with Radar,440,302,48,5,795,0,0,0,0,0,440,302,48,5,795,0,0,0,795
02/21/2005,MEM,TN,ASO,CE,Combined TRACON& Tower with Radar,371,323,97,2,793,0,0,9,2,11,371,323,106,4,804,0,0,0,804
02/22/2005,MEM,TN,ASO,CE,Combined TRACON& Tower with Radar,730,365,105,8,1208,0,2,14,0,16,730,367,119,8,1224,0,0,0,1224
02/23/2005,MEM,TN,ASO,CE,Combined TRACON& Tower with Radar,726,388,98,7,1219,0,0,1,0,1,726,388,99,7,1220,0,0,0,1220
02/24/2005,MEM,TN,ASO,CE,Combined TRACON& Tower with Radar,750,379,129,1,1259,0,0,13,0,13,750,379,142,1,1272,0,0,0,1272
02/25/2005,MEM,TN,ASO,CE,Combined TRACON& Tower with Radar,734,372,92,7,1205,0,4,33,0,37,734,376,125,7,1242,0,0,0,1242
02/26/2005,MEM,TN,ASO,CE,Combined TRACON& Tower with Radar,565,301,51,1,918,0,0,30,0,30,565,301,81,1,948,0,0,0,948
02/27/2005,MEM,TN,ASO,CE,Combined TRACON& Tower with Radar,446,305,54,0,805,0,0,10,0,10,446,305,64,0,815,0,0,0,815
02/28/2005,MEM,TN,ASO,CE,Combined TRACON& Tower with Radar,367,327,80,1,775,0,3,15,0,18,367,330,95,1,793,0,0,0,793
03/01/2005,MEM,TN,ASO,CE,Combined TRACON& Tower with Radar,754,376,103,2,1235,0,1,40,0,41,754,377,143,2,1276,0,0,0,1276
03/02/2005,MEM,TN,ASO,CE,Combined TRACON& Tower with Radar,756,385,108,0,1249,0,0,28,1,29,756,385,136,1,1278,0,0,0,1278
03/03/2005,MEM,TN,ASO,CE,Combined TRACON& Tower with Radar,762,377,123,3,1265,0,0,21,0,21,762,377,144,3,1286,0,0,0,1286
03/04/2005,MEM,TN,ASO,CE,Combined TRACON& Tower with Radar,730,368,105,0,1203,0,2,23,0,25,730,370,128,0,1228,0,0,0,1228
03/05/2005,MEM,TN,ASO,CE,Combined TRACON& Tower with Radar,567,297,45,5,914,0,0,24,0,24,567,297,69,5,938,0,0,0,938
03/06/2005,MEM,TN,ASO,CE,Combined TRACON& Tower with Radar,459,310,37,2,808,0,0,14,1,15,459,310,51,3,823,0,0,0,823
03/07/2005,MEM,TN,ASO,CE,Combined TRACON& Tower with Radar,383,324,67,4,778,0,3,5,1,9,383,327,72,5,787,0,0,0,787
03/08/2005,MEM,TN,ASO,CE,Combined TRACON& Tower with Radar,749,379,85,5,1218,0,0,17,1,18,749,379,102,6,1236,0,0,0,1236
03/09/2005,MEM,TN,ASO,CE,Combined TRACON& Tower with Radar,761,372,81,6,1220,0,1,3,0,4,761,373,84,6,1224,0,0,0,1224
03/10/2005,MEM,TN,ASO,CE,Combined TRACON& Tower with Radar,758,370,83,7,1218,0,0,13,1,14,758,370,96,8,1232,0,0,0,1232
03/11/2005,MEM,TN,ASO,CE,Combined TRACON& Tower with Radar,737,373,35,11,1156,0,2,24,2,28,737,375,59,13,1184,0,0,0,1184
03/12/2005,MEM,TN,ASO,CE,Combined TRACON& Tower with Radar,572,300,42,0,914,0,0,23,0,23,572,300,65,0,937,0,0,0,937
03/13/2005,MEM,TN,ASO,CE,Combined TRACON& Tower with Radar,451,303,62,0,816,0,0,14,0,14,451,303,76,0,830,0,0,0,830
03/14/2005,MEM,TN,ASO,CE,Combined TRACON& Tower with Radar,388,327,66,2,783,0,3,8,0,11,388,330,74,2,794,0,0,0,794
03/15/2005,MEM,TN,ASO,CE,Combined TRACON& Tower with Radar,746,383,87,0,1216,0,2,17,1,20,746,385,104,1,1236,0,0,0,1236
03/16/2005,MEM,TN,ASO,CE,Combined TRACON& Tower with Radar,747,375,100,5,1227,0,1,7,3,11,747,376,107,8,1238,0,0,0,1238
03/17/2005,MEM,TN,ASO,CE,Combined TRACON& Tower with Radar,753,377,101,2,1233,0,3,15,1,19,753,380,116,3,1252,0,0,0,1252
03/18/2005,MEM,TN,ASO,CE,Combined TRACON& Tower with Radar,734,366,90,6,1196,1,2,17,0,20,735,368,107,6,1216,0,0,0,1216
03/19/2005,MEM,TN,ASO,CE,Combined TRACON& Tower with Radar,570,300,46,0,916,0,0,12,0,12,570,300,58,0,928,0,0,0,928
03/20/2005,MEM,TN,ASO,CE,Combined TRACON& Tower with Radar,451,298,78,5,832,0,0,14,0,14,451,298,92,5,846,0,0,0,846
03/21/2005,MEM,TN,ASO,CE,Combined TRACON& Tower with Radar,385,336,67,5,793,0,2,7,0,9,385,338,74,5,802,0,0,0,802
03/22/2005,MEM,TN,ASO,CE,Combined TRACON& Tower with Radar,737,377,77,1,1192,0,2,6,0,8,737,379,83,1,1200,0,0,0,1200
03/23/2005,MEM,TN,ASO,CE,Combined TRACON& Tower with Radar,760,384,98,4,1246,0,1,13,0,14,760,385,111,4,1260,0,0,0,1260
03/24/2005,MEM,TN,ASO,CE,Combined TRACON& Tower with Radar,742,389,125,3,1259,0,8,27,0,35,742,397,152,3,1294,0,0,0,1294
03/25/2005,MEM,TN,ASO,CE,Combined TRACON& Tower with Radar,726,364,66,5,1161,0,1,24,0,25,726,365,90,5,1186,0,0,0,1186
03/26/2005,MEM,TN,ASO,CE,Combined TRACON& Tower with Radar,557,303,33,2,895,0,0,10,0,10,557,303,43,2,905,0,0,0,905
03/27/2005,MEM,TN,ASO,CE,Combined TRACON& Tower with Radar,557,303,33,2,895,0,0,10,0,10,557,303,43,2,905,0,0,0,905
03/28/2005,MEM,TN,ASO,CE,Combined TRACON& Tower with Radar,384,322,99,6,811,0,6,11,1,18,384,328,110,7,829,0,0,0,829
03/29/2005,MEM,TN,ASO,CE,Combined TRACON& Tower with Radar,742,369,108,0,1219,0,6,32,6,44,742,375,140,6,1263,0,0,0,1263
03/30/2005,MEM,TN,ASO,CE,Combined TRACON& Tower with Radar,741,372,117,1,1231,4,0,33,0,37,745,372,150,1,1268,0,0,0,1268
03/31/2005,MEM,TN,ASO,CE,Combined TRACON& Tower with Radar,741,384,117,1,1243,0,4,16,1,21,741,388,133,2,1264,0,0,0,1264
04/01/2005,MEM,TN,ASO,CE,Combined TRACON& Tower with Radar,745,363,110,4,1222,0,1,4,3,8,745,364,114,7,1230,0,0,0,1230
04/02/2005,MEM,TN,ASO,CE,Combined TRACON& Tower with Radar,574,287,50,3,914,0,0,20,2,22,574,287,70,5,936,0,0,0,936
04/03/2005,MEM,TN,ASO,CE,Combined TRACON& Tower with Radar,447,290,84,4,825,0,4,19,8,31,447,294,103,12,856,0,0,0,856
04/04/2005,MEM,TN,ASO,CE,Combined TRACON& Tower with Radar,369,350,111,2,832,1,2,12,2,17,370,352,123,4,849,0,0,0,849
04/05/2005,MEM,TN,ASO,CE,Combined TRACON& Tower with Radar,741,398,113,1,1253,0,3,13,0,16,741,401,126,1,1269,0,0,0,1269
04/06/2005,MEM,TN,ASO,CE,Combined TRACON& Tower with Radar,745,377,86,0,1208,0,1,1,0,2,745,378,87,0,1210,0,0,0,1210
04/07/2005,MEM,TN,ASO,CE,Combined TRACON& Tower with Radar,761,396,131,1,1289,0,0,2,2,4,761,396,133,3,1293,0,0,0,1293
04/08/2005,MEM,TN,ASO,CE,Combined TRACON& Tower with Radar,760,390,143,3,1296,0,1,12,5,18,760,391,155,8,1314,0,0,0,1314
04/09/2005,MEM,TN,ASO,CE,Combined TRACON& Tower with Radar,565,315,45,1,926,0,1,14,5,20,565,316,59,6,946,0,0,0,946
04/10/2005,MEM,TN,ASO,CE,Combined TRACON& Tower with Radar,443,314,64,6,827,0,2,13,8,23,443,316,77,14,850,0,0,0,850
04/11/2005,MEM,TN,ASO,CE,Combined TRACON& Tower with Radar,354,338,56,0,748,0,0,1,0,1,354,338,57,0,749,0,0,0,749
04/12/2005,MEM,TN,ASO,CE,Combined TRACON& Tower with Radar,774,397,102,2,1275,1,6,13,8,28,775,403,115,10,1303,0,0,0,1303
04/13/2005,MEM,TN,ASO,CE,Combined TRACON& Tower with Radar,743,403,118,6,1270,1,5,4,0,10,744,408,122,6,1280,0,0,0,1280
04/14/2005,MEM,TN,ASO,CE,Combined TRACON& Tower with Radar,745,403,125,5,1278,1,7,20,3,31,746,410,145,8,1309,0,0,0,1309
04/15/2005,MEM,TN,ASO,CE,Combined TRACON& Tower with Radar,729,388,81,4,1202,0,4,17,4,25,729,392,98,8,1227,0,0,0,1227
04/16/2005,MEM,TN,ASO,CE,Combined TRACON& Tower with Radar,561,315,39,2,917,0,2,24,2,28,561,317,63,4,945,0,0,0,945
04/17/2005,MEM,TN,ASO,CE,Combined TRACON& Tower with Radar,457,319,51,0,827,0,1,11,6,18,457,320,62,6,845,0,0,0,845
04/18/2005,MEM,TN,ASO,CE,Combined TRACON& Tower with Radar,373,358,76,5,812,1,3,15,5,24,374,361,91,10,836,0,0,0,836
04/19/2005,MEM,TN,ASO,CE,Combined TRACON& Tower with Radar,746,399,98,3,1246,1,5,19,0,25,747,404,117,3,1271,0,0,0,1271
04/20/2005,MEM,TN,ASO,CE,Combined TRACON& Tower with Radar,738,400,119,7,1264,1,8,9,3,21,739,408,128,10,1285,0,0,0,1285
04/21/2005,MEM,TN,ASO,CE,Combined TRACON& Tower with Radar,756,403,119,2,1280,0,6,9,2,17,756,409,128,4,1297,0,0,0,1297
04/22/2005,MEM,TN,ASO,CE,Combined TRACON& Tower with Radar,733,390,105,4,1232,0,3,13,1,17,733,393,118,5,1249,0,0,0,1249
04/23/2005,MEM,TN,ASO,CE,Combined TRACON& Tower with Radar,565,319,41,1,926,1,0,6,3,10,566,319,47,4,936,0,0,0,936
04/24/2005,MEM,TN,ASO,CE,Combined TRACON& Tower with Radar,456,327,45,0,828,0,2,15,5,22,456,329,60,5,850,0,0,0,850
04/25/2005,MEM,TN,ASO,CE,Combined TRACON& Tower with Radar,365,356,89,0,810,0,4,9,2,15,365,360,98,2,825,0,0,0,825
04/26/2005,MEM,TN,ASO,CE,Combined TRACON& Tower with Radar,760,393,107,1,1261,0,10,2,1,13,760,403,109,2,1274,0,0,0,1274
04/27/2005,MEM,TN,ASO,CE,Combined TRACON& Tower with Radar,749,406,119,1,1275,0,7,40,5,52,749,413,159,6,1327,0,0,0,1327
04/28/2005,MEM,TN,ASO,CE,Combined TRACON& Tower with Radar,747,411,97,2,1257,0,2,5,5,12,747,413,102,7,1269,0,0,0,1269
04/29/2005,MEM,TN,ASO,CE,Combined TRACON& Tower with Radar,730,387,85,3,1205,0,0,6,1,7,730,387,91,4,1212,0,0,0,1212
04/30/2005,MEM,TN,ASO,CE,Combined TRACON& Tower with Radar,649,340,50,0,1039,0,1,2,2,5,649,341,52,2,1044,0,0,0,1044
05/01/2005,MEM,TN,ASO,CE,Combined TRACON& Tower with Radar,451,323,78,1,853,0,0,22,6,28,451,323,100,7,881,0,0,0,881
05/02/2005,MEM,TN,ASO,CE,Combined TRACON& Tower with Radar,395,345,74,1,815,1,10,17,1,29,396,355,91,2,844,0,0,0,844
05/03/2005,MEM,TN,ASO,CE,Combined TRACON& Tower with Radar,767,381,99,0,1247,1,7,13,6,27,768,388,112,6,1274,0,0,0,1274
05/04/2005,MEM,TN,ASO,CE,Combined TRACON& Tower with Radar,772,388,136,0,1296,0,3,11,4,18,772,391,147,4,1314,0,0,0,1314
05/05/2005,MEM,TN,ASO,CE,Combined TRACON& Tower with Radar,795,384,122,2,1303,0,6,21,7,34,795,390,143,9,1337,0,0,0,1337
05/06/2005,MEM,TN,ASO,CE,Combined TRACON& Tower with Radar,802,391,93,4,1290,2,3,25,0,30,804,394,118,4,1320,0,0,0,1320
05/07/2005,MEM,TN,ASO,CE,Combined TRACON& Tower with Radar,654,351,34,0,1039,0,1,32,0,33,654,352,66,0,1072,0,0,0,1072
05/08/2005,MEM,TN,ASO,CE,Combined TRACON& Tower with Radar,462,310,55,0,827,0,0,15,9,24,462,310,70,9,851,0,0,0,851
05/09/2005,MEM,TN,ASO,CE,Combined TRACON& Tower with Radar,388,333,104,0,825,0,9,4,1,14,388,342,108,1,839,0,0,0,839
05/10/2005,MEM,TN,ASO,CE,Combined TRACON& Tower with Radar,768,381,113,0,1262,1,4,2,1,8,769,385,115,1,1270,0,0,0,1270
05/11/2005,MEM,TN,ASO,CE,Combined TRACON& Tower with Radar,755,378,136,7,1276,0,8,26,2,36,755,386,162,9,1312,0,0,0,1312
05/12/2005,MEM,TN,ASO,CE,Combined TRACON& Tower with Radar,755,378,136,7,1276,0,8,26,2,36,755,386,162,9,1312,0,0,0,1312
05/13/2005,MEM,TN,ASO,CE,Combined TRACON& Tower with Radar,734,378,93,1,1206,0,1,20,8,29,734,379,113,9,1235,0,0,0,1235
05/14/2005,MEM,TN,ASO,CE,Combined TRACON& Tower with Radar,564,311,40,0,915,1,0,8,2,11,565,311,48,2,926,0,0,0,926
05/15/2005,MEM,TN,ASO,CE,Combined TRACON& Tower with Radar,454,307,73,1,835,0,6,22,1,29,454,313,95,2,864,0,0,0,864
05/16/2005,MEM,TN,ASO,CE,Combined TRACON& Tower with Radar,384,354,88,6,832,0,8,17,3,28,384,362,105,9,860,0,0,0,860
05/17/2005,MEM,TN,ASO,CE,Combined TRACON& Tower with Radar,762,381,106,7,1256,1,8,15,1,25,763,389,121,8,1281,0,0,0,1281
05/18/2005,MEM,TN,ASO,CE,Combined TRACON& Tower with Radar,745,383,128,5,1261,0,6,22,3,31,745,389,150,8,1292,0,0,0,1292
05/19/2005,MEM,TN,ASO,CE,Combined TRACON& Tower with Radar,749,387,131,2,1269,0,7,15,2,24,749,394,146,4,1293,0,0,0,1293
05/20/2005,MEM,TN,ASO,CE,Combined TRACON& Tower with Radar,746,377,82,1,1206,2,5,16,2,25,748,382,98,3,1231,0,0,0,1231
05/21/2005,MEM,TN,ASO,CE,Combined TRACON& Tower with Radar,569,317,51,0,937,0,9,14,1,24,569,326,65,1,961,0,0,0,961
05/22/2005,MEM,TN,ASO,CE,Combined TRACON& Tower with Radar,450,313,53,0,816,0,3,14,1,18,450,316,67,1,834,0,0,0,834
05/23/2005,MEM,TN,ASO,CE,Combined TRACON& Tower with Radar,390,368,80,0,838,0,8,9,9,26,390,376,89,9,864,0,0,0,864
05/24/2005,MEM,TN,ASO,CE,Combined TRACON& Tower with Radar,745,412,111,4,1272,1,6,18,0,25,746,418,129,4,1297,0,0,0,1297
05/25/2005,MEM,TN,ASO,CE,Combined TRACON& Tower with Radar,756,396,110,4,1266,0,10,28,3,41,756,406,138,7,1307,0,0,0,1307
05/26/2005,MEM,TN,ASO,CE,Combined TRACON& Tower with Radar,754,400,133,4,1291,1,5,31,5,42,755,405,164,9,1333,0,0,0,1333
05/27/2005,MEM,TN,ASO,CE,Combined TRACON& Tower with Radar,727,403,111,7,1248,0,4,32,2,38,727,407,143,9,1286,0,0,0,1286
05/28/2005,MEM,TN,ASO,CE,Combined TRACON& Tower with Radar,558,309,27,1,895,0,0,18,1,19,558,309,45,2,914,0,0,0,914
05/29/2005,MEM,TN,ASO,CE,Combined TRACON& Tower with Radar,425,301,24,1,751,0,0,17,0,17,425,301,41,1,768,0,0,0,768
05/30/2005,MEM,TN,ASO,CE,Combined TRACON& Tower with Radar,292,305,44,1,642,1,1,19,0,21,293,306,63,1,663,0,0,0,663
05/31/2005,MEM,TN,ASO,CE,Combined TRACON& Tower with Radar,429,351,101,2,883,0,5,11,5,21,429,356,112,7,904,0,0,0,904
06/01/2005,MEM,TN,ASO,CE,Combined TRACON& Tower with Radar,747,388,123,8,1266,0,1,7,0,8,747,389,130,8,1274,0,0,0,1274
06/02/2005,MEM,TN,ASO,CE,Combined TRACON& Tower with Radar,765,391,110,2,1268,2,0,5,0,7,767,391,115,2,1275,0,0,0,1275
06/03/2005,MEM,TN,ASO,CE,Combined TRACON& Tower with Radar,729,364,103,3,1199,0,1,5,4,10,729,365,108,7,1209,0,0,0,1209
06/04/2005,MEM,TN,ASO,CE,Combined TRACON& Tower with Radar,587,297,50,5,939,0,1,18,3,22,587,298,68,8,961,0,0,0,961
06/05/2005,MEM,TN,ASO,CE,Combined TRACON& Tower with Radar,460,319,74,5,858,0,1,15,4,20,460,320,89,9,878,0,0,0,878
06/06/2005,MEM,TN,ASO,CE,Combined TRACON& Tower with Radar,366,356,85,2,809,1,1,10,3,15,367,357,95,5,824,0,0,0,824
06/07/2005,MEM,TN,ASO,CE,Combined TRACON& Tower with Radar,762,396,95,1,1254,0,0,16,1,17,762,396,111,2,1271,0,0,0,1271
06/08/2005,MEM,TN,ASO,CE,Combined TRACON& Tower with Radar,756,396,100,4,1256,0,2,16,0,18,756,398,116,4,1274,0,0,0,1274
06/09/2005,MEM,TN,ASO,CE,Combined TRACON& Tower with Radar,754,381,114,1,1250,1,1,7,2,11,755,382,121,3,1261,0,0,0,1261
06/10/2005,MEM,TN,ASO,CE,Combined TRACON& Tower with Radar,735,385,101,4,1225,1,0,11,2,14,736,385,112,6,1239,0,0,0,1239
06/11/2005,MEM,TN,ASO,CE,Combined TRACON& Tower with Radar,575,300,42,0,917,0,0,7,0,7,575,300,49,0,924,0,0,0,924
06/12/2005,MEM,TN,ASO,CE,Combined TRACON& Tower with Radar,467,322,56,6,851,0,0,3,0,3,467,322,59,6,854,0,0,0,854
06/13/2005,MEM,TN,ASO,CE,Combined TRACON& Tower with Radar,381,356,81,7,825,0,2,22,6,30,381,358,103,13,855,0,0,0,855
06/14/2005,MEM,TN,ASO,CE,Combined TRACON& Tower with Radar,762,381,82,4,1229,0,1,15,1,17,762,382,97,5,1246,0,0,0,1246
06/15/2005,MEM,TN,ASO,CE,Combined TRACON& Tower with Radar,745,389,98,2,1234,2,1,17,0,20,747,390,115,2,1254,0,0,0,1254
06/16/2005,MEM,TN,ASO,CE,Combined TRACON& Tower with Radar,757,403,95,3,1258,1,2,20,0,23,758,405,115,3,1281,0,0,0,1281
06/17/2005,MEM,TN,ASO,CE,Combined TRACON& Tower with Radar,755,383,86,18,1242,0,1,18,3,22,755,384,104,21,1264,0,0,0,1264
06/18/2005,MEM,TN,ASO,CE,Combined TRACON& Tower with Radar,582,306,48,7,943,0,0,20,0,20,582,306,68,7,963,0,0,0,963
06/19/2005,MEM,TN,ASO,CE,Combined TRACON& Tower with Radar,457,319,34,6,816,0,1,9,0,10,457,320,43,6,826,0,0,0,826
06/20/2005,MEM,TN,ASO,CE,Combined TRACON& Tower with Radar,386,359,79,5,829,0,2,16,2,20,386,361,95,7,849,0,0,0,849
06/21/2005,MEM,TN,ASO,CE,Combined TRACON& Tower with Radar,755,400,84,3,1242,0,2,23,0,25,755,402,107,3,1267,0,0,0,1267
06/22/2005,MEM,TN,ASO,CE,Combined TRACON& Tower with Radar,755,400,84,3,1242,0,2,23,0,25,755,402,107,3,1267,0,0,0,1267
06/23/2005,MEM,TN,ASO,CE,Combined TRACON& Tower with Radar,763,407,133,4,1307,0,8,32,0,40,763,415,165,4,1347,0,0,0,1347
06/24/2005,MEM,TN,ASO,CE,Combined TRACON& Tower with Radar,743,401,96,3,1243,1,3,20,0,24,744,404,116,3,1267,0,0,0,1267
06/25/2005,MEM,TN,ASO,CE,Combined TRACON& Tower with Radar,585,303,33,0,921,0,0,15,1,16,585,303,48,1,937,0,0,0,937
06/26/2005,MEM,TN,ASO,CE,Combined TRACON& Tower with Radar,454,319,50,2,825,0,1,10,0,11,454,320,60,2,836,0,0,0,836
06/27/2005,MEM,TN,ASO,CE,Combined TRACON& Tower with Radar,393,358,88,5,844,1,0,14,0,15,394,358,102,5,859,0,0,0,859
06/28/2005,MEM,TN,ASO,CE,Combined TRACON& Tower with Radar,745,385,95,0,1225,0,0,27,0,27,745,385,122,0,1252,0,0,0,1252
06/29/2005,MEM,TN,ASO,CE,Combined TRACON& Tower with Radar,755,406,133,3,1297,0,1,21,1,23,755,407,154,4,1320,0,0,0,1320
06/30/2005,MEM,TN,ASO,CE,Combined TRACON& Tower with Radar,758,404,119,3,1284,0,3,14,3,20,758,407,133,6,1304,0,0,0,1304
07/01/2005,MEM,TN,ASO,CE,Combined TRACON& Tower with Radar,732,394,72,4,1202,0,2,15,1,18,732,396,87,5,1220,0,0,0,1220
07/02/2005,MEM,TN,ASO,CE,Combined TRACON& Tower with Radar,566,297,51,2,916,0,0,16,2,18,566,297,67,4,934,0,0,0,934
07/03/2005,MEM,TN,ASO,CE,Combined TRACON& Tower with Radar,430,260,27,0,717,0,1,9,2,12,430,261,36,2,729,0,0,0,729
07/04/2005,MEM,TN,ASO,CE,Combined TRACON& Tower with Radar,430,260,27,0,717,0,1,9,2,12,430,261,36,2,729,0,0,0,729
07/05/2005,MEM,TN,ASO,CE,Combined TRACON& Tower with Radar,425,366,83,0,874,0,5,14,0,19,425,371,97,0,893,0,0,0,893
07/06/2005,MEM,TN,ASO,CE,Combined TRACON& Tower with Radar,748,396,83,8,1235,0,1,1,0,2,748,397,84,8,1237,0,0,0,1237
07/07/2005,MEM,TN,ASO,CE,Combined TRACON& Tower with Radar,744,395,90,7,1236,0,1,20,1,22,744,396,110,8,1258,0,0,0,1258
07/08/2005,MEM,TN,ASO,CE,Combined TRACON& Tower with Radar,720,387,86,8,1201,0,4,18,1,23,720,391,104,9,1224,0,0,0,1224
07/09/2005,MEM,TN,ASO,CE,Combined TRACON& Tower with Radar,578,297,38,17,930,0,0,17,4,21,578,297,55,21,951,0,0,0,951
07/10/2005,MEM,TN,ASO,CE,Combined TRACON& Tower with Radar,444,297,47,7,795,0,1,14,0,15,444,298,61,7,810,0,0,0,810
07/11/2005,MEM,TN,ASO,CE,Combined TRACON& Tower with Radar,362,331,60,0,753,0,0,0,0,0,362,331,60,0,753,0,0,0,753
07/12/2005,MEM,TN,ASO,CE,Combined TRACON& Tower with Radar,768,392,96,1,1257,0,6,18,0,24,768,398,114,1,1281,0,0,0,1281
07/13/2005,MEM,TN,ASO,CE,Combined TRACON& Tower with Radar,734,410,101,0,1245,0,2,14,0,16,734,412,115,0,1261,0,0,0,1261
07/14/2005,MEM,TN,ASO,CE,Combined TRACON& Tower with Radar,739,410,89,7,1245,0,0,18,1,19,739,410,107,8,1264,0,0,0,1264
07/15/2005,MEM,TN,ASO,CE,Combined TRACON& Tower with Radar,716,371,79,4,1170,0,1,5,1,7,716,372,84,5,1177,0,0,0,1177
07/16/2005,MEM,TN,ASO,CE,Combined TRACON& Tower with Radar,579,307,31,8,925,0,0,6,0,6,579,307,37,8,931,0,0,0,931
07/17/2005,MEM,TN,ASO,CE,Combined TRACON& Tower with Radar,452,326,50,3,831,0,0,11,0,11,452,326,61,3,842,0,0,0,842
07/18/2005,MEM,TN,ASO,CE,Combined TRACON& Tower with Radar,387,360,103,1,851,0,3,18,1,22,387,363,121,2,873,0,0,0,873
07/19/2005,MEM,TN,ASO,CE,Combined TRACON& Tower with Radar,737,395,84,10,1226,0,1,16,3,20,737,396,100,13,1246,0,0,0,1246
07/20/2005,MEM,TN,ASO,CE,Combined TRACON& Tower with Radar,754,407,106,4,1271,0,1,19,0,20,754,408,125,4,1291,0,0,0,1291
07/21/2005,MEM,TN,ASO,CE,Combined TRACON& Tower with Radar,744,408,113,8,1273,0,2,21,1,24,744,410,134,9,1297,0,0,0,1297
07/22/2005,MEM,TN,ASO,CE,Combined TRACON& Tower with Radar,733,403,110,9,1255,0,2,21,1,24,733,405,131,10,1279,0,0,0,1279
07/23/2005,MEM,TN,ASO,CE,Combined TRACON& Tower with Radar,576,315,27,1,919,0,0,11,0,11,576,315,38,1,930,0,0,0,930
07/24/2005,MEM,TN,ASO,CE,Combined TRACON& Tower with Radar,456,320,62,5,843,0,2,13,1,16,456,322,75,6,859,0,0,0,859
07/25/2005,MEM,TN,ASO,CE,Combined TRACON& Tower with Radar,373,346,90,5,814,0,1,22,1,24,373,347,112,6,838,0,0,0,838
07/26/2005,MEM,TN,ASO,CE,Combined TRACON& Tower with Radar,746,391,99,3,1239,0,1,12,2,15,746,392,111,5,1254,0,0,0,1254
07/27/2005,MEM,TN,ASO,CE,Combined TRACON& Tower with Radar,748,411,79,1,1239,0,1,17,0,18,748,412,96,1,1257,0,0,0,1257
07/28/2005,MEM,TN,ASO,CE,Combined TRACON& Tower with Radar,752,405,88,0,1245,0,1,14,0,15,752,406,102,0,1260,0,0,0,1260
07/29/2005,MEM,TN,ASO,CE,Combined TRACON& Tower with Radar,737,382,66,8,1193,0,0,21,1,22,737,382,87,9,1215,0,0,0,1215
07/30/2005,MEM,TN,ASO,CE,Combined TRACON& Tower with Radar,579,310,29,4,922,0,0,19,0,19,579,310,48,4,941,0,0,0,941
07/31/2005,MEM,TN,ASO,CE,Combined TRACON& Tower with Radar,579,310,29,4,922,0,0,19,0,19,579,310,48,4,941,0,0,0,941
08/01/2005,MEM,TN,ASO,CE,Combined TRACON& Tower with Radar,392,357,69,3,821,0,1,9,4,14,392,358,78,7,835,0,0,0,835
08/02/2005,MEM,TN,ASO,CE,Combined TRACON& Tower with Radar,754,395,88,3,1240,0,4,12,2,18,754,399,100,5,1258,0,0,0,1258
08/03/2005,MEM,TN,ASO,CE,Combined TRACON& Tower with Radar,738,399,98,4,1239,0,1,15,1,17,738,400,113,5,1256,0,0,0,1256
08/04/2005,MEM,TN,ASO,CE,Combined TRACON& Tower with Radar,741,409,99,11,1260,0,3,17,1,21,741,412,116,12,1281,0,0,0,1281
08/05/2005,MEM,TN,ASO,CE,Combined TRACON& Tower with Radar,721,379,94,10,1204,0,2,11,0,13,721,381,105,10,1217,0,0,0,1217
08/06/2005,MEM,TN,ASO,CE,Combined TRACON& Tower with Radar,578,316,44,10,948,0,0,1,0,1,578,316,45,10,949,0,0,0,949
08/07/2005,MEM,TN,ASO,CE,Combined TRACON& Tower with Radar,578,316,44,10,948,0,0,1,0,1,578,316,45,10,949,0,0,0,949
08/08/2005,MEM,TN,ASO,CE,Combined TRACON& Tower with Radar,379,349,84,5,817,0,3,29,0,32,379,352,113,5,849,0,0,0,849
08/09/2005,MEM,TN,ASO,CE,Combined TRACON& Tower with Radar,728,397,82,4,1211,0,5,15,0,20,728,402,97,4,1231,0,0,0,1231
08/10/2005,MEM,TN,ASO,CE,Combined TRACON& Tower with Radar,735,396,124,2,1257,0,4,19,0,23,735,400,143,2,1280,0,0,0,1280
08/11/2005,MEM,TN,ASO,CE,Combined TRACON& Tower with Radar,727,402,107,1,1237,0,1,18,0,19,727,403,125,1,1256,0,0,0,1256
08/12/2005,MEM,TN,ASO,CE,Combined TRACON& Tower with Radar,733,385,63,2,1183,0,5,9,0,14,733,390,72,2,1197,0,0,0,1197
08/13/2005,MEM,TN,ASO,CE,Combined TRACON& Tower with Radar,583,308,33,7,931,0,0,14,0,14,583,308,47,7,945,0,0,0,945
08/14/2005,MEM,TN,ASO,CE,Combined TRACON& Tower with Radar,583,308,33,7,931,0,0,14,0,14,583,308,47,7,945,0,0,0,945
08/15/2005,MEM,TN,ASO,CE,Combined TRACON& Tower with Radar,380,353,80,0,813,0,4,24,0,28,380,357,104,0,841,0,0,0,841
08/16/2005,MEM,TN,ASO,CE,Combined TRACON& Tower with Radar,739,422,119,3,1283,0,1,7,0,8,739,423,126,3,1291,0,0,0,1291
08/17/2005,MEM,TN,ASO,CE,Combined TRACON& Tower with Radar,760,416,94,0,1270,0,1,20,0,21,760,417,114,0,1291,0,0,0,1291
08/18/2005,MEM,TN,ASO,CE,Combined TRACON& Tower with Radar,734,413,132,2,1281,0,2,22,2,26,734,415,154,4,1307,0,0,0,1307
08/19/2005,MEM,TN,ASO,CE,Combined TRACON& Tower with Radar,734,413,132,2,1281,0,2,22,2,26,734,415,154,4,1307,0,0,0,1307
08/20/2005,MEM,TN,ASO,CE,Combined TRACON& Tower with Radar,543,304,42,1,890,0,0,21,0,21,543,304,63,1,911,0,0,0,911
08/21/2005,MEM,TN,ASO,CE,Combined TRACON& Tower with Radar,429,324,44,6,803,0,1,9,2,12,429,325,53,8,815,0,0,0,815
08/22/2005,MEM,TN,ASO,CE,Combined TRACON& Tower with Radar,371,362,75,5,813,0,4,17,5,26,371,366,92,10,839,0,0,0,839
08/23/2005,MEM,TN,ASO,CE,Combined TRACON& Tower with Radar,733,420,89,3,1245,0,1,11,1,13,733,421,100,4,1258,0,0,0,1258
08/24/2005,MEM,TN,ASO,CE,Combined TRACON& Tower with Radar,733,411,124,5,1273,0,1,24,1,26,733,412,148,6,1299,0,0,0,1299
08/25/2005,MEM,TN,ASO,CE,Combined TRACON& Tower with Radar,730,406,108,3,1247,0,1,20,0,21,730,407,128,3,1268,0,0,0,1268
08/26/2005,MEM,TN,ASO,CE,Combined TRACON& Tower with Radar,711,407,84,18,1220,0,0,12,0,12,711,407,96,18,1232,0,0,0,1232
08/27/2005,MEM,TN,ASO,CE,Combined TRACON& Tower with Radar,553,306,40,10,909,1,1,6,0,8,554,307,46,10,917,0,0,0,917
08/28/2005,MEM,TN,ASO,CE,Combined TRACON& Tower with Radar,553,306,40,10,909,1,1,6,0,8,554,307,46,10,917,0,0,0,917
08/29/2005,MEM,TN,ASO,CE,Combined TRACON& Tower with Radar,248,243,63,0,554,0,0,6,0,6,248,243,69,0,560,0,0,0,560
08/30/2005,MEM,TN,ASO,CE,Combined TRACON& Tower with Radar,744,380,60,4,1188,0,0,10,1,11,744,380,70,5,1199,0,0,0,1199
08/31/2005,MEM,TN,ASO,CE,Combined TRACON& Tower with Radar,730,406,114,2,1252,0,2,27,1,30,730,408,141,3,1282,0,0,0,1282
09/01/2005,MEM,TN,ASO,CE,Combined TRACON& Tower with Radar,732,419,72,8,1231,0,2,29,2,33,732,421,101,10,1264,0,0,0,1264
09/02/2005,MEM,TN,ASO,CE,Combined TRACON& Tower with Radar,716,407,93,12,1228,0,4,22,4,30,716,411,115,16,1258,0,0,0,1258
09/03/2005,MEM,TN,ASO,CE,Combined TRACON& Tower with Radar,501,299,45,9,854,0,0,13,0,13,501,299,58,9,867,0,0,0,867
09/04/2005,MEM,TN,ASO,CE,Combined TRACON& Tower with Radar,359,267,32,2,660,0,0,16,0,16,359,267,48,2,676,0,0,0,676
09/05/2005,MEM,TN,ASO,CE,Combined TRACON& Tower with Radar,359,267,32,2,660,0,0,16,0,16,359,267,48,2,676,0,0,0,676
09/06/2005,MEM,TN,ASO,CE,Combined TRACON& Tower with Radar,359,267,32,2,660,0,0,16,0,16,359,267,48,2,676,0,0,0,676
09/07/2005,MEM,TN,ASO,CE,Combined TRACON& Tower with Radar,759,401,141,10,1311,0,4,26,3,33,759,405,167,13,1344,0,0,0,1344
09/08/2005,MEM,TN,ASO,CE,Combined TRACON& Tower with Radar,738,404,130,10,1282,0,2,27,0,29,738,406,157,10,1311,0,0,0,1311
09/09/2005,MEM,TN,ASO,CE,Combined TRACON& Tower with Radar,731,392,107,18,1248,0,1,21,1,23,731,393,128,19,1271,0,0,0,1271
09/10/2005,MEM,TN,ASO,CE,Combined TRACON& Tower with Radar,542,294,76,9,921,0,0,7,2,9,542,294,83,11,930,0,0,0,930
09/11/2005,MEM,TN,ASO,CE,Combined TRACON& Tower with Radar,426,313,65,14,818,0,0,7,0,7,426,313,72,14,825,0,0,0,825
09/12/2005,MEM,TN,ASO,CE,Combined TRACON& Tower with Radar,365,356,69,6,796,0,3,16,1,20,365,359,85,7,816,0,0,0,816
09/13/2005,MEM,TN,ASO,CE,Combined TRACON& Tower with Radar,752,412,91,9,1264,0,7,23,0,30,752,419,114,9,1294,0,0,0,1294
09/14/2005,MEM,TN,ASO,CE,Combined TRACON& Tower with Radar,754,411,106,3,1274,0,0,21,5,26,754,411,127,8,1300,0,0,0,1300
09/15/2005,MEM,TN,ASO,CE,Combined TRACON& Tower with Radar,733,411,138,1,1283,0,1,9,1,11,733,412,147,2,1294,0,0,0,1294
09/16/2005,MEM,TN,ASO,CE,Combined TRACON& Tower with Radar,731,402,124,6,1263,0,2,24,1,27,731,404,148,7,1290,0,0,0,1290
09/17/2005,MEM,TN,ASO,CE,Combined TRACON& Tower with Radar,541,304,51,2,898,0,0,17,1,18,541,304,68,3,916,0,0,0,916
09/18/2005,MEM,TN,ASO,CE,Combined TRACON& Tower with Radar,435,317,54,3,809,0,0,19,2,21,435,317,73,5,830,0,0,0,830
09/19/2005,MEM,TN,ASO,CE,Combined TRACON& Tower with Radar,365,352,102,11,830,0,2,16,0,18,365,354,118,11,848,0,0,0,848
09/20/2005,MEM,TN,ASO,CE,Combined TRACON& Tower with Radar,752,402,126,1,1281,0,0,17,1,18,752,402,143,2,1299,0,0,0,1299
09/21/2005,MEM,TN,ASO,CE,Combined TRACON& Tower with Radar,753,409,101,0,1263,0,0,11,1,12,753,409,112,1,1275,0,0,0,1275
09/22/2005,MEM,TN,ASO,CE,Combined TRACON& Tower with Radar,733,402,139,0,1274,0,2,16,0,18,733,404,155,0,1292,0,0,0,1292
09/23/2005,MEM,TN,ASO,CE,Combined TRACON& Tower with Radar,705,366,91,2,1164,0,2,25,0,27,705,368,116,2,1191,0,0,0,1191
09/24/2005,MEM,TN,ASO,CE,Combined TRACON& Tower with Radar,529,255,49,1,834,0,0,10,0,10,529,255,59,1,844,0,0,0,844
09/25/2005,MEM,TN,ASO,CE,Combined TRACON& Tower with Radar,430,289,58,3,780,0,0,2,1,3,430,289,60,4,783,0,0,0,783
09/26/2005,MEM,TN,ASO,CE,Combined TRACON& Tower with Radar,382,360,94,8,844,0,3,15,0,18,382,363,109,8,862,0,0,0,862
09/27/2005,MEM,TN,ASO,CE,Combined TRACON& Tower with Radar,763,408,103,4,1278,0,5,20,0,25,763,413,123,4,1303,0,0,0,1303
09/28/2005,MEM,TN,ASO,CE,Combined TRACON& Tower with Radar,726,408,120,0,1254,0,2,18,1,21,726,410,138,1,1275,0,0,0,1275
09/29/2005,MEM,TN,ASO,CE,Combined TRACON& Tower with Radar,756,404,116,6,1282,1,2,13,0,16,757,406,129,6,1298,0,0,0,1298
09/30/2005,MEM,TN,ASO,CE,Combined TRACON& Tower with Radar,745,392,117,8,1262,0,4,13,2,19,745,396,130,10,1281,0,0,0,1281
10/01/2005,MEM,TN,ASO,CE,Combined TRACON& Tower with Radar,508,301,62,4,875,0,0,21,0,21,508,301,83,4,896,0,0,0,896
10/02/2005,MEM,TN,ASO,CE,Combined TRACON& Tower with Radar,410,322,79,0,811,0,1,16,0,17,410,323,95,0,828,0,0,0,828
10/03/2005,MEM,TN,ASO,CE,Combined TRACON& Tower with Radar,347,376,86,4,813,0,1,20,1,22,347,377,106,5,835,0,0,0,835
10/04/2005,MEM,TN,ASO,CE,Combined TRACON& Tower with Radar,720,421,108,9,1258,0,0,7,4,11,720,421,115,13,1269,0,0,0,1269
10/05/2005,MEM,TN,ASO,CE,Combined TRACON& Tower with Radar,741,423,143,13,1320,0,1,17,1,19,741,424,160,14,1339,0,0,0,1339
10/06/2005,MEM,TN,ASO,CE,Combined TRACON& Tower with Radar,708,422,120,9,1259,0,3,11,1,15,708,425,131,10,1274,0,0,0,1274
10/07/2005,MEM,TN,ASO,CE,Combined TRACON& Tower with Radar,725,412,89,9,1235,0,0,15,1,16,725,412,104,10,1251,0,0,0,1251
10/08/2005,MEM,TN,ASO,CE,Combined TRACON& Tower with Radar,529,299,44,3,875,0,1,12,1,14,529,300,56,4,889,0,0,0,889
10/09/2005,MEM,TN,ASO,CE,Combined TRACON& Tower with Radar,412,324,46,3,785,0,1,8,0,9,412,325,54,3,794,0,0,0,794
10/10/2005,MEM,TN,ASO,CE,Combined TRACON& Tower with Radar,358,359,79,3,799,0,1,6,1,8,358,360,85,4,807,0,0,0,807
10/11/2005,MEM,TN,ASO,CE,Combined TRACON& Tower with Radar,700,395,116,2,1213,0,2,15,1,18,700,397,131,3,1231,0,0,0,1231
10/12/2005,MEM,TN,ASO,CE,Combined TRACON& Tower with Radar,727,415,116,3,1261,0,0,18,0,18,727,415,134,3,1279,0,0,0,1279
10/13/2005,MEM,TN,ASO,CE,Combined TRACON& Tower with Radar,732,419,128,6,1285,0,2,25,0,27,732,421,153,6,1312,0,0,0,1312
10/14/2005,MEM,TN,ASO,CE,Combined TRACON& Tower with Radar,719,411,83,11,1224,0,3,24,0,27,719,414,107,11,1251,0,0,0,1251
10/15/2005,MEM,TN,ASO,CE,Combined TRACON& Tower with Radar,526,306,53,4,889,0,0,22,0,22,526,306,75,4,911,0,0,0,911
10/16/2005,MEM,TN,ASO,CE,Combined TRACON& Tower with Radar,419,337,55,3,814,0,0,24,1,25,419,337,79,4,839,0,0,0,839
10/17/2005,MEM,TN,ASO,CE,Combined TRACON& Tower with Radar,360,385,68,2,815,0,2,10,1,13,360,387,78,3,828,0,0,0,828
10/18/2005,MEM,TN,ASO,CE,Combined TRACON& Tower with Radar,360,385,68,2,815,0,2,10,1,13,360,387,78,3,828,0,0,0,828
10/19/2005,MEM,TN,ASO,CE,Combined TRACON& Tower with Radar,721,420,150,4,1295,1,5,20,1,27,722,425,170,5,1322,0,0,0,1322
10/20/2005,MEM,TN,ASO,CE,Combined TRACON& Tower with Radar,724,435,144,2,1305,0,5,20,0,25,724,440,164,2,1330,0,0,0,1330
10/21/2005,MEM,TN,ASO,CE,Combined TRACON& Tower with Radar,737,409,108,6,1260,0,2,18,1,21,737,411,126,7,1281,0,0,0,1281
10/22/2005,MEM,TN,ASO,CE,Combined TRACON& Tower with Radar,534,320,58,2,914,0,2,15,2,19,534,322,73,4,933,0,0,0,933
10/23/2005,MEM,TN,ASO,CE,Combined TRACON& Tower with Radar,411,337,63,2,813,0,0,4,2,6,411,337,67,4,819,0,0,0,819
10/24/2005,MEM,TN,ASO,CE,Combined TRACON& Tower with Radar,338,373,80,3,794,0,1,21,2,24,338,374,101,5,818,0,0,0,818
10/25/2005,MEM,TN,ASO,CE,Combined TRACON& Tower with Radar,717,415,113,2,1247,0,1,29,0,30,717,416,142,2,1277,0,0,0,1277
10/26/2005,MEM,TN,ASO,CE,Combined TRACON& Tower with Radar,733,440,101,1,1275,0,3,33,2,38,733,443,134,3,1313,0,0,0,1313
10/27/2005,MEM,TN,ASO,CE,Combined TRACON& Tower with Radar,730,439,124,3,1296,0,2,14,0,16,730,441,138,3,1312,0,0,0,1312
10/28/2005,MEM,TN,ASO,CE,Combined TRACON& Tower with Radar,726,409,75,10,1220,0,1,21,1,23,726,410,96,11,1243,0,0,0,1243
10/29/2005,MEM,TN,ASO,CE,Combined TRACON& Tower with Radar,529,310,48,2,889,0,0,16,0,16,529,310,64,2,905,0,0,0,905
10/30/2005,MEM,TN,ASO,CE,Combined TRACON& Tower with Radar,403,320,45,5,773,0,0,19,0,19,403,320,64,5,792,0,0,0,792
10/31/2005,MEM,TN,ASO,CE,Combined TRACON& Tower with Radar,341,350,57,5,753,0,4,11,0,15,341,354,68,5,768,0,0,0,768
11/01/2005,MEM,TN,ASO,CE,Combined TRACON& Tower with Radar,748,418,107,6,1279,0,1,7,0,8,748,419,114,6,1287,0,0,0,1287
11/02/2005,MEM,TN,ASO,CE,Combined TRACON& Tower with Radar,711,417,114,4,1246,0,1,18,0,19,711,418,132,4,1265,0,0,0,1265
11/03/2005,MEM,TN,ASO,CE,Combined TRACON& Tower with Radar,723,424,108,10,1265,0,3,7,1,11,723,427,115,11,1276,0,0,0,1276
11/04/2005,MEM,TN,ASO,CE,Combined TRACON& Tower with Radar,723,424,108,10,1265,0,3,7,1,11,723,427,115,11,1276,0,0,0,1276
11/05/2005,MEM,TN,ASO,CE,Combined TRACON& Tower with Radar,723,424,108,10,1265,0,3,7,1,11,723,427,115,11,1276,0,0,0,1276
11/06/2005,MEM,TN,ASO,CE,Combined TRACON& Tower with Radar,418,322,56,9,805,0,1,8,2,11,418,323,64,11,816,0,0,0,816
11/07/2005,MEM,TN,ASO,CE,Combined TRACON& Tower with Radar,372,381,74,4,831,0,6,26,0,32,372,387,100,4,863,0,0,0,863
11/08/2005,MEM,TN,ASO,CE,Combined TRACON& Tower with Radar,708,407,87,3,1205,0,2,14,2,18,708,409,101,5,1223,0,0,0,1223
11/09/2005,MEM,TN,ASO,CE,Combined TRACON& Tower with Radar,718,409,96,2,1225,0,2,12,1,15,718,411,108,3,1240,0,0,0,1240
11/10/2005,MEM,TN,ASO,CE,Combined TRACON& Tower with Radar,733,419,117,3,1272,0,0,23,0,23,733,419,140,3,1295,0,0,0,1295
11/11/2005,MEM,TN,ASO,CE,Combined TRACON& Tower with Radar,733,419,117,3,1272,0,0,23,0,23,733,419,140,3,1295,0,0,0,1295
11/12/2005,MEM,TN,ASO,CE,Combined TRACON& Tower with Radar,539,296,56,3,894,0,0,11,4,15,539,296,67,7,909,0,0,0,909
11/13/2005,MEM,TN,ASO,CE,Combined TRACON& Tower with Radar,422,331,53,6,812,0,0,4,0,4,422,331,57,6,816,0,0,0,816
11/14/2005,MEM,TN,ASO,CE,Combined TRACON& Tower with Radar,333,375,87,4,799,0,0,1,0,1,333,375,88,4,800,0,0,0,800
11/15/2005,MEM,TN,ASO,CE,Combined TRACON& Tower with Radar,725,386,76,3,1190,0,0,2,0,2,725,386,78,3,1192,0,0,0,1192
11/16/2005,MEM,TN,ASO,CE,Combined TRACON& Tower with Radar,749,414,130,12,1305,0,2,20,0,22,749,416,150,12,1327,0,0,0,1327
11/17/2005,MEM,TN,ASO,CE,Combined TRACON& Tower with Radar,721,427,149,9,1306,0,1,14,0,15,721,428,163,9,1321,0,0,0,1321
11/18/2005,MEM,TN,ASO,CE,Combined TRACON& Tower with Radar,725,403,105,7,1240,0,0,22,3,25,725,403,127,10,1265,0,0,0,1265
11/19/2005,MEM,TN,ASO,CE,Combined TRACON& Tower with Radar,528,302,43,5,878,0,0,16,0,16,528,302,59,5,894,0,0,0,894
11/20/2005,MEM,TN,ASO,CE,Combined TRACON& Tower with Radar,423,323,49,6,801,0,1,19,0,20,423,324,68,6,821,0,0,0,821
11/21/2005,MEM,TN,ASO,CE,Combined TRACON& Tower with Radar,352,373,80,2,807,0,3,18,0,21,352,376,98,2,828,0,0,0,828
11/22/2005,MEM,TN,ASO,CE,Combined TRACON& Tower with Radar,756,420,88,6,1270,0,5,17,0,22,756,425,105,6,1292,0,0,0,1292
11/23/2005,MEM,TN,ASO,CE,Combined TRACON& Tower with Radar,746,410,98,2,1256,0,6,20,2,28,746,416,118,4,1284,0,0,0,1284
11/24/2005,MEM,TN,ASO,CE,Combined TRACON& Tower with Radar,305,302,23,1,631,0,2,11,0,13,305,304,34,1,644,0,0,0,644
11/25/2005,MEM,TN,ASO,CE,Combined TRACON& Tower with Radar,611,332,36,1,980,0,4,23,0,27,611,336,59,1,1007,0,0,0,1007
11/26/2005,MEM,TN,ASO,CE,Combined TRACON& Tower with Radar,535,289,46,0,870,0,1,12,0,13,535,290,58,0,883,0,0,0,883
11/27/2005,MEM,TN,ASO,CE,Combined TRACON& Tower with Radar,413,337,90,2,842,0,0,6,0,6,413,337,96,2,848,0,0,0,848
11/28/2005,MEM,TN,ASO,CE,Combined TRACON& Tower with Radar,348,383,85,3,819,0,0,13,0,13,348,383,98,3,832,0,0,0,832
11/29/2005,MEM,TN,ASO,CE,Combined TRACON& Tower with Radar,749,413,86,8,1256,0,2,16,0,18,749,415,102,8,1274,0,0,0,1274
11/30/2005,MEM,TN,ASO,CE,Combined TRACON& Tower with Radar,747,419,99,6,1271,0,2,30,3,35,747,421,129,9,1306,0,0,0,1306
12/01/2005,MEM,TN,ASO,CE,Combined TRACON& Tower with Radar,728,409,96,0,1233,0,3,22,2,27,728,412,118,2,1260,0,0,0,1260
12/02/2005,MEM,TN,ASO,CE,Combined TRACON& Tower with Radar,715,405,96,11,1227,0,1,19,1,21,715,406,115,12,1248,0,0,0,1248
12/03/2005,MEM,TN,ASO,CE,Combined TRACON& Tower with Radar,577,297,36,1,911,0,0,5,0,5,577,297,41,1,916,0,0,0,916
12/04/2005,MEM,TN,ASO,CE,Combined TRACON& Tower with Radar,432,327,56,3,818,0,0,5,2,7,432,327,61,5,825,0,0,0,825
12/05/2005,MEM,TN,ASO,CE,Combined TRACON& Tower with Radar,342,361,79,8,790,0,1,17,0,18,342,362,96,8,808,0,0,0,808
12/06/2005,MEM,TN,ASO,CE,Combined TRACON& Tower with Radar,755,389,111,2,1257,0,1,19,2,22,755,390,130,4,1279,0,0,0,1279
12/07/2005,MEM,TN,ASO,CE,Combined TRACON& Tower with Radar,775,400,107,5,1287,0,1,15,0,16,775,401,122,5,1303,0,0,0,1303
12/08/2005,MEM,TN,ASO,CE,Combined TRACON& Tower with Radar,741,403,85,3,1232,0,1,1,0,2,741,404,86,3,1234,0,0,0,1234
12/09/2005,MEM,TN,ASO,CE,Combined TRACON& Tower with Radar,772,391,81,10,1254,0,1,25,0,26,772,392,106,10,1280,0,0,0,1280
12/10/2005,MEM,TN,ASO,CE,Combined TRACON& Tower with Radar,571,281,34,2,888,0,0,23,0,23,571,281,57,2,911,0,0,0,911
12/11/2005,MEM,TN,ASO,CE,Combined TRACON& Tower with Radar,456,318,49,4,827,0,1,8,0,9,456,319,57,4,836,0,0,0,836
12/12/2005,MEM,TN,ASO,CE,Combined TRACON& Tower with Radar,235,295,61,2,593,0,0,13,0,13,235,295,74,2,606,0,0,0,606
12/13/2005,MEM,TN,ASO,CE,Combined TRACON& Tower with Radar,764,414,112,8,1298,0,1,19,0,20,764,415,131,8,1318,0,0,0,1318
12/14/2005,MEM,TN,ASO,CE,Combined TRACON& Tower with Radar,755,408,98,6,1267,0,0,1,0,1,755,408,99,6,1268,0,0,0,1268
12/15/2005,MEM,TN,ASO,CE,Combined TRACON& Tower with Radar,765,426,123,6,1320,0,1,13,0,14,765,427,136,6,1334,0,0,0,1334
12/16/2005,MEM,TN,ASO,CE,Combined TRACON& Tower with Radar,729,415,80,3,1227,0,2,19,0,21,729,417,99,3,1248,0,0,0,1248
12/17/2005,MEM,TN,ASO,CE,Combined TRACON& Tower with Radar,622,326,58,5,1011,0,0,14,0,14,622,326,72,5,1025,0,0,0,1025
12/18/2005,MEM,TN,ASO,CE,Combined TRACON& Tower with Radar,463,345,42,0,850,0,1,21,1,23,463,346,63,1,873,0,0,0,873
12/19/2005,MEM,TN,ASO,CE,Combined TRACON& Tower with Radar,347,395,80,1,823,0,3,20,0,23,347,398,100,1,846,0,0,0,846
12/20/2005,MEM,TN,ASO,CE,Combined TRACON& Tower with Radar,814,435,84,4,1337,0,3,10,0,13,814,438,94,4,1350,0,0,0,1350
12/21/2005,MEM,TN,ASO,CE,Combined TRACON& Tower with Radar,809,437,89,5,1340,0,1,12,0,13,809,438,101,5,1353,0,0,0,1353
12/22/2005,MEM,TN,ASO,CE,Combined TRACON& Tower with Radar,796,416,75,2,1289,1,2,12,0,15,797,418,87,2,1304,0,0,0,1304
12/23/2005,MEM,TN,ASO,CE,Combined TRACON& Tower with Radar,802,410,49,0,1261,0,1,22,1,24,802,411,71,1,1285,0,0,0,1285
12/24/2005,MEM,TN,ASO,CE,Combined TRACON& Tower with Radar,647,332,24,0,1003,0,0,0,0,0,647,332,24,0,1003,0,0,0,1003
12/25/2005,MEM,TN,ASO,CE,Combined TRACON& Tower with Radar,223,292,13,1,529,0,0,3,0,3,223,292,16,1,532,0,0,0,532
12/26/2005,MEM,TN,ASO,CE,Combined TRACON& Tower with Radar,256,353,68,0,677,0,0,14,0,14,256,353,82,0,691,0,0,0,691
12/27/2005,MEM,TN,ASO,CE,Combined TRACON& Tower with Radar,513,374,60,2,949,0,1,11,1,13,513,375,71,3,962,0,0,0,962
12/28/2005,MEM,TN,ASO,CE,Combined TRACON& Tower with Radar,724,413,57,0,1194,0,1,10,0,11,724,414,67,0,1205,0,0,0,1205
12/29/2005,MEM,TN,ASO,CE,Combined TRACON& Tower with Radar,732,407,58,1,1198,0,0,21,2,23,732,407,79,3,1221,0,0,0,1221
12/30/2005,MEM,TN,ASO,CE,Combined TRACON& Tower with Radar,699,403,66,3,1171,0,1,11,0,12,699,404,77,3,1183,0,0,0,1183
12/31/2005,MEM,TN,ASO,CE,Combined TRACON& Tower with Radar,542,324,37,0,903,0,0,12,0,12,542,324,49,0,915,0,0,0,915
01/01/2006,MEM,TN,ASO,CE,Combined TRACON& Tower with Radar,234,321,42,0,597,0,0,0,0,0,234,321,42,0,597,0,0,0,597
01/02/2006,MEM,TN,ASO,CE,Combined TRACON& Tower with Radar,240,342,52,0,634,0,0,4,0,4,240,342,56,0,638,0,0,0,638
01/03/2006,MEM,TN,ASO,CE,Combined TRACON& Tower with Radar,478,392,58,0,928,0,4,12,2,18,478,396,70,2,946,0,0,0,946
01/04/2006,MEM,TN,ASO,CE,Combined TRACON& Tower with Radar,738,403,87,3,1231,0,14,10,0,24,738,417,97,3,1255,0,0,0,1255
01/05/2006,MEM,TN,ASO,CE,Combined TRACON& Tower with Radar,700,393,90,5,1188,1,0,11,1,13,701,393,101,6,1201,0,0,0,1201
01/06/2006,MEM,TN,ASO,CE,Combined TRACON& Tower with Radar,708,388,82,3,1181,0,2,19,1,22,708,390,101,4,1203,0,0,0,1203
01/07/2006,MEM,TN,ASO,CE,Combined TRACON& Tower with Radar,530,293,36,0,859,0,0,17,1,18,530,293,53,1,877,0,0,0,877
01/08/2006,MEM,TN,ASO,CE,Combined TRACON& Tower with Radar,403,320,53,2,778,0,0,12,3,15,403,320,65,5,793,0,0,0,793
01/09/2006,MEM,TN,ASO,CE,Combined TRACON& Tower with Radar,346,366,78,2,792,0,3,14,0,17,346,369,92,2,809,0,0,0,809
01/10/2006,MEM,TN,ASO,CE,Combined TRACON& Tower with Radar,719,405,75,2,1201,0,0,4,0,4,719,405,79,2,1205,0,0,0,1205
01/11/2006,MEM,TN,ASO,CE,Combined TRACON& Tower with Radar,717,391,93,4,1205,0,0,19,0,19,717,391,112,4,1224,0,0,0,1224
01/12/2006,MEM,TN,ASO,CE,Combined TRACON& Tower with Radar,682,405,92,6,1185,0,0,10,0,10,682,405,102,6,1195,0,0,0,1195
01/13/2006,MEM,TN,ASO,CE,Combined TRACON& Tower with Radar,727,388,64,7,1186,0,0,6,0,6,727,388,70,7,1192,0,0,0,1192
01/14/2006,MEM,TN,ASO,CE,Combined TRACON& Tower with Radar,529,295,27,1,852,0,2,20,3,25,529,297,47,4,877,0,0,0,877
01/15/2006,MEM,TN,ASO,CE,Combined TRACON& Tower with Radar,409,320,27,6,762,1,0,6,0,7,410,320,33,6,769,0,0,0,769
01/16/2006,MEM,TN,ASO,CE,Combined TRACON& Tower with Radar,338,347,64,5,754,0,2,7,0,9,338,349,71,5,763,0,0,0,763
01/17/2006,MEM,TN,ASO,CE,Combined TRACON& Tower with Radar,705,382,84,1,1172,0,0,2,0,2,705,382,86,1,1174,0,0,0,1174
01/18/2006,MEM,TN,ASO,CE,Combined TRACON& Tower with Radar,701,404,87,0,1192,0,1,29,0,30,701,405,116,0,1222,0,0,0,1222
01/19/2006,MEM,TN,ASO,CE,Combined TRACON& Tower with Radar,715,411,86,6,1218,0,0,7,1,8,715,411,93,7,1226,0,0,0,1226
01/20/2006,MEM,TN,ASO,CE,Combined TRACON& Tower with Radar,694,379,96,8,1177,0,0,8,1,9,694,379,104,9,1186,0,0,0,1186
01/21/2006,MEM,TN,ASO,CE,Combined TRACON& Tower with Radar,547,295,41,3,886,0,0,4,0,4,547,295,45,3,890,0,0,0,890
01/22/2006,MEM,TN,ASO,CE,Combined TRACON& Tower with Radar,547,295,41,3,886,0,0,4,0,4,547,295,45,3,890,0,0,0,890
01/23/2006,MEM,TN,ASO,CE,Combined TRACON& Tower with Radar,341,375,70,4,790,0,0,9,0,9,341,375,79,4,799,0,0,0,799
01/24/2006,MEM,TN,ASO,CE,Combined TRACON& Tower with Radar,726,400,97,2,1225,0,3,3,0,6,726,403,100,2,1231,0,0,0,1231
01/25/2006,MEM,TN,ASO,CE,Combined TRACON& Tower with Radar,711,401,104,2,1218,0,2,18,0,20,711,403,122,2,1238,0,0,0,1238
01/26/2006,MEM,TN,ASO,CE,Combined TRACON& Tower with Radar,724,398,113,0,1235,0,0,12,1,13,724,398,125,1,1248,0,0,0,1248
01/27/2006,MEM,TN,ASO,CE,Combined TRACON& Tower with Radar,687,387,79,9,1162,0,2,21,1,24,687,389,100,10,1186,0,0,0,1186
01/28/2006,MEM,TN,ASO,CE,Combined TRACON& Tower with Radar,533,289,40,7,869,0,0,2,0,2,533,289,42,7,871,0,0,0,871
01/29/2006,MEM,TN,ASO,CE,Combined TRACON& Tower with Radar,533,289,40,7,869,0,0,2,0,2,533,289,42,7,871,0,0,0,871
01/30/2006,MEM,TN,ASO,CE,Combined TRACON& Tower with Radar,357,360,82,3,802,0,2,18,1,21,357,362,100,4,823,0,0,0,823
01/31/2006,MEM,TN,ASO,CE,Combined TRACON& Tower with Radar,703,410,98,3,1214,0,1,24,0,25,703,411,122,3,1239,0,0,0,1239
02/01/2006,MEM,TN,ASO,CE,Combined TRACON& Tower with Radar,714,408,103,6,1231,0,3,10,0,13,714,411,113,6,1244,0,0,0,1244
02/02/2006,MEM,TN,ASO,CE,Combined TRACON& Tower with Radar,714,406,104,2,1226,0,0,0,0,0,714,406,104,2,1226,0,0,0,1226
02/03/2006,MEM,TN,ASO,CE,Combined TRACON& Tower with Radar,717,382,90,2,1191,0,0,6,0,6,717,382,96,2,1197,0,0,0,1197
02/04/2006,MEM,TN,ASO,CE,Combined TRACON& Tower with Radar,517,292,24,1,834,0,1,19,2,22,517,293,43,3,856,0,0,0,856
02/05/2006,MEM,TN,ASO,CE,Combined TRACON& Tower with Radar,396,326,20,8,750,0,1,17,0,18,396,327,37,8,768,0,0,0,768
02/06/2006,MEM,TN,ASO,CE,Combined TRACON& Tower with Radar,351,355,85,0,791,0,1,8,0,9,351,356,93,0,800,0,0,0,800
02/07/2006,MEM,TN,ASO,CE,Combined TRACON& Tower with Radar,726,410,78,8,1222,0,3,18,1,22,726,413,96,9,1244,0,0,0,1244
02/08/2006,MEM,TN,ASO,CE,Combined TRACON& Tower with Radar,721,399,82,3,1205,0,3,10,0,13,721,402,92,3,1218,0,0,0,1218
02/09/2006,MEM,TN,ASO,CE,Combined TRACON& Tower with Radar,699,411,86,6,1202,0,1,19,0,20,699,412,105,6,1222,0,0,0,1222
02/10/2006,MEM,TN,ASO,CE,Combined TRACON& Tower with Radar,621,289,89,1,1000,0,0,4,0,4,621,289,93,1,1004,0,0,0,1004
02/11/2006,MEM,TN,ASO,CE,Combined TRACON& Tower with Radar,606,289,35,0,930,0,0,5,0,5,606,289,40,0,935,0,0,0,935
02/12/2006,MEM,TN,ASO,CE,Combined TRACON& Tower with Radar,401,313,55,3,772,0,1,11,1,13,401,314,66,4,785,0,0,0,785
02/13/2006,MEM,TN,ASO,CE,Combined TRACON& Tower with Radar,366,358,72,3,799,0,2,18,2,22,366,360,90,5,821,0,0,0,821
02/14/2006,MEM,TN,ASO,CE,Combined TRACON& Tower with Radar,756,403,67,1,1227,0,7,15,0,22,756,410,82,1,1249,0,0,0,1249
02/15/2006,MEM,TN,ASO,CE,Combined TRACON& Tower with Radar,714,402,106,0,1222,0,4,18,2,24,714,406,124,2,1246,0,0,0,1246
02/16/2006,MEM,TN,ASO,CE,Combined TRACON& Tower with Radar,680,418,86,2,1186,0,0,6,1,7,680,418,92,3,1193,0,0,0,1193
02/17/2006,MEM,TN,ASO,CE,Combined TRACON& Tower with Radar,738,420,93,2,1253,0,1,5,1,7,738,421,98,3,1260,0,0,0,1260
02/18/2006,MEM,TN,ASO,CE,Combined TRACON& Tower with Radar,300,170,19,0,489,0,0,0,0,0,300,170,19,0,489,0,0,0,489
02/19/2006,MEM,TN,ASO,CE,Combined TRACON& Tower with Radar,478,323,60,0,861,0,0,10,0,10,478,323,70,0,871,0,0,0,871
02/20/2006,MEM,TN,ASO,CE,Combined TRACON& Tower with Radar,412,363,99,0,874,0,0,9,0,9,412,363,108,0,883,0,0,0,883
02/21/2006,MEM,TN,ASO,CE,Combined TRACON& Tower with Radar,706,414,103,2,1225,0,1,8,0,9,706,415,111,2,1234,0,0,0,1234
02/22/2006,MEM,TN,ASO,CE,Combined TRACON& Tower with Radar,737,428,100,0,1265,0,0,0,0,0,737,428,100,0,1265,0,0,0,1265
02/23/2006,MEM,TN,ASO,CE,Combined TRACON& Tower with Radar,734,425,101,4,1264,0,5,16,0,21,734,430,117,4,1285,0,0,0,1285
02/24/2006,MEM,TN,ASO,CE,Combined TRACON& Tower with Radar,691,417,104,11,1223,0,3,17,0,20,691,420,121,11,1243,0,0,0,1243
02/25/2006,MEM,TN,ASO,CE,Combined TRACON& Tower with Radar,543,310,38,0,891,0,0,14,0,14,543,310,52,0,905,0,0,0,905
02/26/2006,MEM,TN,ASO,CE,Combined TRACON& Tower with Radar,404,341,48,4,797,0,0,29,2,31,404,341,77,6,828,0,0,0,828
02/27/2006,MEM,TN,ASO,CE,Combined TRACON& Tower with Radar,318,377,60,0,755,0,1,18,2,21,318,378,78,2,776,0,0,0,776
02/28/2006,MEM,TN,ASO,CE,Combined TRACON& Tower with Radar,708,416,81,4,1209,0,4,20,0,24,708,420,101,4,1233,0,0,0,1233
03/01/2006,MEM,TN,ASO,CE,Combined TRACON& Tower with Radar,701,416,95,4,1216,0,4,25,1,30,701,420,120,5,1246,0,0,0,1246
03/02/2006,MEM,TN,ASO,CE,Combined TRACON& Tower with Radar,742,421,107,8,1278,0,4,15,0,19,742,425,122,8,1297,0,0,0,1297
03/03/2006,MEM,TN,ASO,CE,Combined TRACON& Tower with Radar,695,412,100,0,1207,0,1,25,2,28,695,413,125,2,1235,0,0,0,1235
03/04/2006,MEM,TN,ASO,CE,Combined TRACON& Tower with Radar,529,313,42,2,886,0,0,16,0,16,529,313,58,2,902,0,0,0,902
03/05/2006,MEM,TN,ASO,CE,Combined TRACON& Tower with Radar,405,329,47,0,781,0,0,13,0,13,405,329,60,0,794,0,0,0,794
03/06/2006,MEM,TN,ASO,CE,Combined TRACON& Tower with Radar,337,372,99,2,810,0,1,18,1,20,337,373,117,3,830,0,0,0,830
03/07/2006,MEM,TN,ASO,CE,Combined TRACON& Tower with Radar,689,423,71,5,1188,0,0,25,2,27,689,423,96,7,1215,0,0,0,1215
03/08/2006,MEM,TN,ASO,CE,Combined TRACON& Tower with Radar,705,416,90,6,1217,0,1,7,0,8,705,417,97,6,1225,0,0,0,1225
03/09/2006,MEM,TN,ASO,CE,Combined TRACON& Tower with Radar,735,390,74,2,1201,0,0,8,0,8,735,390,82,2,1209,0,0,0,1209
03/10/2006,MEM,TN,ASO,CE,Combined TRACON& Tower with Radar,692,426,89,6,1213,0,2,19,3,24,692,428,108,9,1237,0,0,0,1237
03/11/2006,MEM,TN,ASO,CE,Combined TRACON& Tower with Radar,692,426,89,6,1213,0,2,19,3,24,692,428,108,9,1237,0,0,0,1237
03/12/2006,MEM,TN,ASO,CE,Combined TRACON& Tower with Radar,405,341,43,2,791,0,0,15,4,19,405,341,58,6,810,0,0,0,810
03/13/2006,MEM,TN,ASO,CE,Combined TRACON& Tower with Radar,342,376,46,0,764,0,0,5,1,6,342,376,51,1,770,0,0,0,770
03/14/2006,MEM,TN,ASO,CE,Combined TRACON& Tower with Radar,720,425,64,7,1216,0,7,28,2,37,720,432,92,9,1253,0,0,0,1253
03/15/2006,MEM,TN,ASO,CE,Combined TRACON& Tower with Radar,704,428,109,3,1244,0,3,16,0,19,704,431,125,3,1263,0,0,0,1263
03/16/2006,MEM,TN,ASO,CE,Combined TRACON& Tower with Radar,734,418,77,5,1234,0,8,15,1,24,734,426,92,6,1258,0,0,0,1258
03/17/2006,MEM,TN,ASO,CE,Combined TRACON& Tower with Radar,701,403,66,9,1179,0,0,17,0,17,701,403,83,9,1196,0,0,0,1196
03/18/2006,MEM,TN,ASO,CE,Combined TRACON& Tower with Radar,701,403,66,9,1179,0,0,17,0,17,701,403,83,9,1196,0,0,0,1196
03/19/2006,MEM,TN,ASO,CE,Combined TRACON& Tower with Radar,701,403,66,9,1179,0,0,17,0,17,701,403,83,9,1196,0,0,0,1196
03/20/2006,MEM,TN,ASO,CE,Combined TRACON& Tower with Radar,335,370,66,1,772,0,0,1,0,1,335,370,67,1,773,0,0,0,773
03/21/2006,MEM,TN,ASO,CE,Combined TRACON& Tower with Radar,735,422,111,1,1269,0,0,6,0,6,735,422,117,1,1275,0,0,0,1275
03/22/2006,MEM,TN,ASO,CE,Combined TRACON& Tower with Radar,712,415,95,3,1225,0,2,24,0,26,712,417,119,3,1251,0,0,0,1251
03/23/2006,MEM,TN,ASO,CE,Combined TRACON& Tower with Radar,725,436,107,2,1270,0,0,7,0,7,725,436,114,2,1277,0,0,0,1277
03/24/2006,MEM,TN,ASO,CE,Combined TRACON& Tower with Radar,699,408,89,1,1197,0,3,15,0,18,699,411,104,1,1215,0,0,0,1215
03/25/2006,MEM,TN,ASO,CE,Combined TRACON& Tower with Radar,537,311,37,2,887,0,1,17,1,19,537,312,54,3,906,0,0,0,906
03/26/2006,MEM,TN,ASO,CE,Combined TRACON& Tower with Radar,537,311,37,2,887,0,1,17,1,19,537,312,54,3,906,0,0,0,906
03/27/2006,MEM,TN,ASO,CE,Combined TRACON& Tower with Radar,339,382,76,10,807,0,2,13,2,17,339,384,89,12,824,0,0,0,824
03/28/2006,MEM,TN,ASO,CE,Combined TRACON& Tower with Radar,737,423,85,4,1249,0,2,18,4,24,737,425,103,8,1273,0,0,0,1273
03/29/2006,MEM,TN,ASO,CE,Combined TRACON& Tower with Radar,717,430,110,6,1263,0,1,25,1,27,717,431,135,7,1290,0,0,0,1290
03/30/2006,MEM,TN,ASO,CE,Combined TRACON& Tower with Radar,690,423,90,6,1209,0,0,14,0,14,690,423,104,6,1223,0,0,0,1223
03/31/2006,MEM,TN,ASO,CE,Combined TRACON& Tower with Radar,718,403,94,3,1218,0,0,12,0,12,718,403,106,3,1230,0,0,0,1230
04/01/2006,MEM,TN,ASO,CE,Combined TRACON& Tower with Radar,542,306,47,1,896,0,0,10,0,10,542,306,57,1,906,0,0,0,906
04/02/2006,MEM,TN,ASO,CE,Combined TRACON& Tower with Radar,414,333,33,2,782,0,1,3,0,4,414,334,36,2,786,0,0,0,786
04/03/2006,MEM,TN,ASO,CE,Combined TRACON& Tower with Radar,356,373,69,5,803,0,0,6,0,6,356,373,75,5,809,0,0,0,809
04/04/2006,MEM,TN,ASO,CE,Combined TRACON& Tower with Radar,746,426,96,4,1272,0,0,13,0,13,746,426,109,4,1285,0,0,0,1285
04/05/2006,MEM,TN,ASO,CE,Combined TRACON& Tower with Radar,733,417,122,2,1274,0,1,15,0,16,733,418,137,2,1290,0,0,0,1290
04/06/2006,MEM,TN,ASO,CE,Combined TRACON& Tower with Radar,724,420,124,6,1274,0,0,14,1,15,724,420,138,7,1289,0,0,0,1289
04/07/2006,MEM,TN,ASO,CE,Combined TRACON& Tower with Radar,694,297,68,3,1062,0,0,6,0,6,694,297,74,3,1068,0,0,0,1068
04/08/2006,MEM,TN,ASO,CE,Combined TRACON& Tower with Radar,694,396,68,3,1161,0,1,6,0,7,694,397,74,3,1168,0,0,0,1168
04/09/2006,MEM,TN,ASO,CE,Combined TRACON& Tower with Radar,426,344,46,2,818,0,0,18,0,18,426,344,64,2,836,0,0,0,836
04/10/2006,MEM,TN,ASO,CE,Combined TRACON& Tower with Radar,360,379,75,0,814,0,0,10,0,10,360,379,85,0,824,0,0,0,824
04/11/2006,MEM,TN,ASO,CE,Combined TRACON& Tower with Radar,709,415,116,0,1240,0,3,33,0,36,709,418,149,0,1276,0,0,0,1276
04/12/2006,MEM,TN,ASO,CE,Combined TRACON& Tower with Radar,756,427,98,2,1283,0,4,19,0,23,756,431,117,2,1306,0,0,0,1306
04/13/2006,MEM,TN,ASO,CE,Combined TRACON& Tower with Radar,703,407,117,0,1227,0,2,20,0,22,703,409,137,0,1249,0,0,0,1249
04/14/2006,MEM,TN,ASO,CE,Combined TRACON& Tower with Radar,711,394,64,8,1177,0,4,35,0,39,711,398,99,8,1216,0,0,0,1216
04/15/2006,MEM,TN,ASO,CE,Combined TRACON& Tower with Radar,542,314,36,5,897,0,0,30,0,30,542,314,66,5,927,0,0,0,927
04/16/2006,MEM,TN,ASO,CE,Combined TRACON& Tower with Radar,413,337,37,2,789,0,0,9,0,9,413,337,46,2,798,0,0,0,798
04/17/2006,MEM,TN,ASO,CE,Combined TRACON& Tower with Radar,359,386,92,0,837,0,0,5,0,5,359,386,97,0,842,0,0,0,842
04/18/2006,MEM,TN,ASO,CE,Combined TRACON& Tower with Radar,702,442,107,2,1253,0,2,25,0,27,702,444,132,2,1280,0,0,0,1280
04/19/2006,MEM,TN,ASO,CE,Combined TRACON& Tower with Radar,737,424,103,3,1267,0,2,30,0,32,737,426,133,3,1299,0,0,0,1299
04/20/2006,MEM,TN,ASO,CE,Combined TRACON& Tower with Radar,713,418,113,0,1244,0,1,7,0,8,713,419,120,0,1252,0,0,0,1252
04/21/2006,MEM,TN,ASO,CE,Combined TRACON& Tower with Radar,712,406,82,12,1212,0,1,6,0,7,712,407,88,12,1219,0,0,0,1219
04/22/2006,MEM,TN,ASO,CE,Combined TRACON& Tower with Radar,552,332,42,2,928,0,1,25,3,29,552,333,67,5,957,0,0,0,957
04/23/2006,MEM,TN,ASO,CE,Combined TRACON& Tower with Radar,408,340,49,4,801,0,1,10,1,12,408,341,59,5,813,0,0,0,813
04/24/2006,MEM,TN,ASO,CE,Combined TRACON& Tower with Radar,348,391,78,4,821,0,5,15,1,21,348,396,93,5,842,0,0,0,842
04/25/2006,MEM,TN,ASO,CE,Combined TRACON& Tower with Radar,691,413,101,1,1206,0,1,8,0,9,691,414,109,1,1215,0,0,0,1215
04/26/2006,MEM,TN,ASO,CE,Combined TRACON& Tower with Radar,761,428,112,4,1305,0,0,3,0,3,761,428,115,4,1308,0,0,0,1308
04/27/2006,MEM,TN,ASO,CE,Combined TRACON& Tower with Radar,742,440,118,2,1302,0,5,28,5,38,742,445,146,7,1340,0,0,0,1340
04/28/2006,MEM,TN,ASO,CE,Combined TRACON& Tower with Radar,698,423,103,10,1234,0,0,29,0,29,698,423,132,10,1263,0,0,0,1263
04/29/2006,MEM,TN,ASO,CE,Combined TRACON& Tower with Radar,536,331,31,1,899,0,0,0,0,0,536,331,31,1,899,0,0,0,899
04/30/2006,MEM,TN,ASO,CE,Combined TRACON& Tower with Radar,408,339,69,0,816,0,0,10,0,10,408,339,79,0,826,0,0,0,826
05/01/2006,MEM,TN,ASO,CE,Combined TRACON& Tower with Radar,333,390,83,1,807,0,2,16,0,18,333,392,99,1,825,0,0,0,825
05/02/2006,MEM,TN,ASO,CE,Combined TRACON& Tower with Radar,727,418,97,4,1246,0,3,9,0,12,727,421,106,4,1258,0,0,0,1258
05/03/2006,MEM,TN,ASO,CE,Combined TRACON& Tower with Radar,724,429,113,3,1269,0,0,16,0,16,724,429,129,3,1285,0,0,0,1285
05/04/2006,MEM,TN,ASO,CE,Combined TRACON& Tower with Radar,713,426,104,9,1252,0,1,14,0,15,713,427,118,9,1267,0,0,0,1267
05/05/2006,MEM,TN,ASO,CE,Combined TRACON& Tower with Radar,713,430,88,5,1236,0,1,28,1,30,713,431,116,6,1266,0,0,0,1266
05/06/2006,MEM,TN,ASO,CE,Combined TRACON& Tower with Radar,522,324,30,2,878,0,2,14,1,17,522,326,44,3,895,0,0,0,895
05/07/2006,MEM,TN,ASO,CE,Combined TRACON& Tower with Radar,402,354,67,11,834,0,1,3,0,4,402,355,70,11,838,0,0,0,838
05/08/2006,MEM,TN,ASO,CE,Combined TRACON& Tower with Radar,340,389,77,7,813,0,1,17,0,18,340,390,94,7,831,0,0,0,831
05/09/2006,MEM,TN,ASO,CE,Combined TRACON& Tower with Radar,705,432,85,3,1225,0,1,11,2,14,705,433,96,5,1239,0,0,0,1239
05/10/2006,MEM,TN,ASO,CE,Combined TRACON& Tower with Radar,738,428,97,0,1263,0,1,0,1,2,738,429,97,1,1265,0,0,0,1265
05/11/2006,MEM,TN,ASO,CE,Combined TRACON& Tower with Radar,752,429,121,6,1308,0,5,21,2,28,752,434,142,8,1336,0,0,0,1336
05/12/2006,MEM,TN,ASO,CE,Combined TRACON& Tower with Radar,750,417,79,9,1255,1,2,25,0,28,751,419,104,9,1283,0,0,0,1283
05/13/2006,MEM,TN,ASO,CE,Combined TRACON& Tower with Radar,547,327,50,4,928,0,0,18,2,20,547,327,68,6,948,0,0,0,948
05/14/2006,MEM,TN,ASO,CE,Combined TRACON& Tower with Radar,399,354,35,7,795,0,1,18,0,19,399,355,53,7,814,0,0,0,814
05/15/2006,MEM,TN,ASO,CE,Combined TRACON& Tower with Radar,354,389,91,2,836,0,3,14,0,17,354,392,105,2,853,0,0,0,853
05/16/2006,MEM,TN,ASO,CE,Combined TRACON& Tower with Radar,714,423,83,2,1222,0,0,18,0,18,714,423,101,2,1240,0,0,0,1240
05/17/2006,MEM,TN,ASO,CE,Combined TRACON& Tower with Radar,710,434,119,2,1265,0,3,23,2,28,710,437,142,4,1293,0,0,0,1293
05/18/2006,MEM,TN,ASO,CE,Combined TRACON& Tower with Radar,722,422,105,3,1252,0,1,23,0,24,722,423,128,3,1276,0,0,0,1276
05/19/2006,MEM,TN,ASO,CE,Combined TRACON& Tower with Radar,692,426,110,5,1233,0,4,27,0,31,692,430,137,5,1264,0,0,0,1264
05/20/2006,MEM,TN,ASO,CE,Combined TRACON& Tower with Radar,544,330,41,3,918,0,1,13,0,14,544,331,54,3,932,0,0,0,932
05/21/2006,MEM,TN,ASO,CE,Combined TRACON& Tower with Radar,404,352,45,4,805,0,0,10,0,10,404,352,55,4,815,0,0,0,815
05/22/2006,MEM,TN,ASO,CE,Combined TRACON& Tower with Radar,340,383,110,1,834,0,3,15,1,19,340,386,125,2,853,0,0,0,853
05/23/2006,MEM,TN,ASO,CE,Combined TRACON& Tower with Radar,721,427,115,4,1267,0,4,27,1,32,721,431,142,5,1299,0,0,0,1299
05/24/2006,MEM,TN,ASO,CE,Combined TRACON& Tower with Radar,706,430,89,0,1225,0,7,22,0,29,706,437,111,0,1254,0,0,0,1254
05/25/2006,MEM,TN,ASO,CE,Combined TRACON& Tower with Radar,700,423,100,4,1227,0,2,22,0,24,700,425,122,4,1251,0,0,0,1251
05/26/2006,MEM,TN,ASO,CE,Combined TRACON& Tower with Radar,724,421,90,6,1241,0,4,15,2,21,724,425,105,8,1262,0,0,0,1262
05/27/2006,MEM,TN,ASO,CE,Combined TRACON& Tower with Radar,533,328,35,1,897,0,2,16,0,18,533,330,51,1,915,0,0,0,915
05/28/2006,MEM,TN,ASO,CE,Combined TRACON& Tower with Radar,385,321,31,2,739,0,2,9,2,13,385,323,40,4,752,0,0,0,752
05/29/2006,MEM,TN,ASO,CE,Combined TRACON& Tower with Radar,254,330,40,4,628,0,2,14,0,16,254,332,54,4,644,0,0,0,644
05/30/2006,MEM,TN,ASO,CE,Combined TRACON& Tower with Radar,363,400,90,7,860,0,1,7,2,10,363,401,97,9,870,0,0,0,870
05/31/2006,MEM,TN,ASO,CE,Combined TRACON& Tower with Radar,723,419,83,3,1228,1,0,7,1,9,724,419,90,4,1237,0,0,0,1237
06/01/2006,MEM,TN,ASO,CE,Combined TRACON& Tower with Radar,706,415,93,6,1220,0,1,7,3,11,706,416,100,9,1231,0,0,0,1231
06/02/2006,MEM,TN,ASO,CE,Combined TRACON& Tower with Radar,697,416,80,6,1199,0,0,11,2,13,697,416,91,8,1212,0,0,0,1212
06/03/2006,MEM,TN,ASO,CE,Combined TRACON& Tower with Radar,531,327,32,0,890,0,0,26,3,29,531,327,58,3,919,0,0,0,919
06/04/2006,MEM,TN,ASO,CE,Combined TRACON& Tower with Radar,412,354,64,5,835,0,4,11,0,15,412,358,75,5,850,0,0,0,850
06/05/2006,MEM,TN,ASO,CE,Combined TRACON& Tower with Radar,351,379,66,7,803,0,4,18,0,22,351,383,84,7,825,0,0,0,825
06/06/2006,MEM,TN,ASO,CE,Combined TRACON& Tower with Radar,701,415,91,0,1207,0,1,14,0,15,701,416,105,0,1222,0,0,0,1222
06/07/2006,MEM,TN,ASO,CE,Combined TRACON& Tower with Radar,719,429,110,8,1266,0,1,16,0,17,719,430,126,8,1283,0,0,0,1283
06/08/2006,MEM,TN,ASO,CE,Combined TRACON& Tower with Radar,691,455,83,6,1235,0,3,17,0,20,691,458,100,6,1255,0,0,0,1255
06/09/2006,MEM,TN,ASO,CE,Combined TRACON& Tower with Radar,642,445,64,14,1165,0,2,22,0,24,642,447,86,14,1189,0,0,0,1189
06/10/2006,MEM,TN,ASO,CE,Combined TRACON& Tower with Radar,642,445,64,14,1165,0,2,22,0,24,642,447,86,14,1189,0,0,0,1189
06/11/2006,MEM,TN,ASO,CE,Combined TRACON& Tower with Radar,391,377,55,4,827,0,2,21,0,23,391,379,76,4,850,0,0,0,850
06/12/2006,MEM,TN,ASO,CE,Combined TRACON& Tower with Radar,308,401,73,2,784,0,1,17,0,18,308,402,90,2,802,0,0,0,802
06/13/2006,MEM,TN,ASO,CE,Combined TRACON& Tower with Radar,682,447,76,3,1208,0,1,9,0,10,682,448,85,3,1218,0,0,0,1218
06/14/2006,MEM,TN,ASO,CE,Combined TRACON& Tower with Radar,679,456,99,8,1242,0,4,19,3,26,679,460,118,11,1268,0,0,0,1268
06/15/2006,MEM,TN,ASO,CE,Combined TRACON& Tower with Radar,664,456,96,6,1222,0,3,22,0,25,664,459,118,6,1247,0,0,0,1247
06/16/2006,MEM,TN,ASO,CE,Combined TRACON& Tower with Radar,650,441,97,0,1188,0,2,26,1,29,650,443,123,1,1217,0,0,0,1217
06/17/2006,MEM,TN,ASO,CE,Combined TRACON& Tower with Radar,650,441,97,0,1188,0,2,26,1,29,650,443,123,1,1217,0,0,0,1217
06/18/2006,MEM,TN,ASO,CE,Combined TRACON& Tower with Radar,650,441,97,0,1188,0,2,26,1,29,650,443,123,1,1217,0,0,0,1217
06/19/2006,MEM,TN,ASO,CE,Combined TRACON& Tower with Radar,316,406,94,9,825,0,1,10,0,11,316,407,104,9,836,0,0,0,836
06/20/2006,MEM,TN,ASO,CE,Combined TRACON& Tower with Radar,682,442,116,3,1243,0,0,15,1,16,682,442,131,4,1259,0,0,0,1259
06/21/2006,MEM,TN,ASO,CE,Combined TRACON& Tower with Radar,671,447,104,2,1224,0,3,24,2,29,671,450,128,4,1253,0,0,0,1253
06/22/2006,MEM,TN,ASO,CE,Combined TRACON& Tower with Radar,665,444,93,3,1205,0,4,14,1,19,665,448,107,4,1224,0,0,0,1224
06/23/2006,MEM,TN,ASO,CE,Combined TRACON& Tower with Radar,678,436,75,4,1193,0,1,10,0,11,678,437,85,4,1204,0,0,0,1204
06/24/2006,MEM,TN,ASO,CE,Combined TRACON& Tower with Radar,503,348,25,4,880,0,0,10,2,12,503,348,35,6,892,0,0,0,892
06/25/2006,MEM,TN,ASO,CE,Combined TRACON& Tower with Radar,383,369,37,2,791,0,1,9,1,11,383,370,46,3,802,0,0,0,802
06/26/2006,MEM,TN,ASO,CE,Combined TRACON& Tower with Radar,309,407,82,9,807,0,0,10,0,10,309,407,92,9,817,0,0,0,817
06/27/2006,MEM,TN,ASO,CE,Combined TRACON& Tower with Radar,666,445,90,1,1202,0,4,27,0,31,666,449,117,1,1233,0,0,0,1233
06/28/2006,MEM,TN,ASO,CE,Combined TRACON& Tower with Radar,692,441,115,5,1253,0,16,27,0,43,692,457,142,5,1296,0,0,0,1296
06/29/2006,MEM,TN,ASO,CE,Combined TRACON& Tower with Radar,689,442,118,2,1251,0,1,26,1,28,689,443,144,3,1279,0,0,0,1279
06/30/2006,MEM,TN,ASO,CE,Combined TRACON& Tower with Radar,676,443,60,2,1181,0,2,9,1,12,676,445,69,3,1193,0,0,0,1193
07/01/2006,MEM,TN,ASO,CE,Combined TRACON& Tower with Radar,676,443,60,2,1181,0,2,9,1,12,676,445,69,3,1193,0,0,0,1193
07/02/2006,MEM,TN,ASO,CE,Combined TRACON& Tower with Radar,378,344,23,0,745,0,0,8,0,8,378,344,31,0,753,0,0,0,753
07/03/2006,MEM,TN,ASO,CE,Combined TRACON& Tower with Radar,304,366,37,4,711,0,0,11,0,11,304,366,48,4,722,0,0,0,722
07/04/2006,MEM,TN,ASO,CE,Combined TRACON& Tower with Radar,276,377,19,2,674,0,0,7,0,7,276,377,26,2,681,0,0,0,681
07/05/2006,MEM,TN,ASO,CE,Combined TRACON& Tower with Radar,622,417,69,0,1108,0,0,8,0,8,622,417,77,0,1116,0,0,0,1116
07/06/2006,MEM,TN,ASO,CE,Combined TRACON& Tower with Radar,685,445,78,6,1214,0,2,22,0,24,685,447,100,6,1238,0,0,0,1238
07/07/2006,MEM,TN,ASO,CE,Combined TRACON& Tower with Radar,663,436,74,3,1176,0,3,19,1,23,663,439,93,4,1199,0,0,0,1199
07/08/2006,MEM,TN,ASO,CE,Combined TRACON& Tower with Radar,503,359,40,13,915,0,1,21,0,22,503,360,61,13,937,0,0,0,937
07/09/2006,MEM,TN,ASO,CE,Combined TRACON& Tower with Radar,383,375,50,1,809,0,1,19,0,20,383,376,69,1,829,0,0,0,829
07/10/2006,MEM,TN,ASO,CE,Combined TRACON& Tower with Radar,299,392,60,11,762,0,1,6,1,8,299,393,66,12,770,0,0,0,770
07/11/2006,MEM,TN,ASO,CE,Combined TRACON& Tower with Radar,679,439,102,6,1226,0,3,13,0,16,679,442,115,6,1242,0,0,0,1242
07/12/2006,MEM,TN,ASO,CE,Combined TRACON& Tower with Radar,674,435,106,2,1217,0,0,14,0,14,674,435,120,2,1231,0,0,0,1231
07/13/2006,MEM,TN,ASO,CE,Combined TRACON& Tower with Radar,705,441,103,4,1253,0,0,15,0,15,705,441,118,4,1268,0,0,0,1268
07/14/2006,MEM,TN,ASO,CE,Combined TRACON& Tower with Radar,663,423,86,6,1178,0,0,14,0,14,663,423,100,6,1192,0,0,0,1192
07/15/2006,MEM,TN,ASO,CE,Combined TRACON& Tower with Radar,527,351,32,2,912,0,1,26,0,27,527,352,58,2,939,0,0,0,939
07/16/2006,MEM,TN,ASO,CE,Combined TRACON& Tower with Radar,388,365,29,4,786,0,1,19,2,22,388,366,48,6,808,0,0,0,808
07/17/2006,MEM,TN,ASO,CE,Combined TRACON& Tower with Radar,321,405,51,2,779,0,1,15,1,17,321,406,66,3,796,0,0,0,796
07/18/2006,MEM,TN,ASO,CE,Combined TRACON& Tower with Radar,680,446,90,0,1216,0,1,22,0,23,680,447,112,0,1239,0,0,0,1239
07/19/2006,MEM,TN,ASO,CE,Combined TRACON& Tower with Radar,681,444,87,5,1217,0,1,14,0,15,681,445,101,5,1232,0,0,0,1232
07/20/2006,MEM,TN,ASO,CE,Combined TRACON& Tower with Radar,695,432,101,5,1233,0,2,18,0,20,695,434,119,5,1253,0,0,0,1253
07/21/2006,MEM,TN,ASO,CE,Combined TRACON& Tower with Radar,654,438,57,6,1155,0,0,15,2,17,654,438,72,8,1172,0,0,0,1172
07/22/2006,MEM,TN,ASO,CE,Combined TRACON& Tower with Radar,532,350,58,3,943,0,1,8,0,9,532,351,66,3,952,0,0,0,952
07/23/2006,MEM,TN,ASO,CE,Combined TRACON& Tower with Radar,385,374,56,3,818,0,0,17,0,17,385,374,73,3,835,0,0,0,835
07/24/2006,MEM,TN,ASO,CE,Combined TRACON& Tower with Radar,326,391,75,5,797,0,2,17,0,19,326,393,92,5,816,0,0,0,816
07/25/2006,MEM,TN,ASO,CE,Combined TRACON& Tower with Radar,670,447,81,4,1202,0,1,18,0,19,670,448,99,4,1221,0,0,0,1221
07/26/2006,MEM,TN,ASO,CE,Combined TRACON& Tower with Radar,679,437,100,0,1216,0,11,10,0,21,679,448,110,0,1237,0,0,0,1237
07/27/2006,MEM,TN,ASO,CE,Combined TRACON& Tower with Radar,668,435,88,2,1193,0,11,15,0,26,668,446,103,2,1219,0,0,0,1219
07/28/2006,MEM,TN,ASO,CE,Combined TRACON& Tower with Radar,681,426,81,3,1191,0,5,15,0,20,681,431,96,3,1211,0,0,0,1211
07/29/2006,MEM,TN,ASO,CE,Combined TRACON& Tower with Radar,523,346,42,5,916,0,0,12,0,12,523,346,54,5,928,0,0,0,928
07/30/2006,MEM,TN,ASO,CE,Combined TRACON& Tower with Radar,392,374,46,0,812,0,1,6,2,9,392,375,52,2,821,0,0,0,821
07/31/2006,MEM,TN,ASO,CE,Combined TRACON& Tower with Radar,321,397,69,7,794,0,2,11,1,14,321,399,80,8,808,0,0,0,808
08/01/2006,MEM,TN,ASO,CE,Combined TRACON& Tower with Radar,685,436,86,7,1214,0,1,7,0,8,685,437,93,7,1222,0,0,0,1222
08/02/2006,MEM,TN,ASO,CE,Combined TRACON& Tower with Radar,693,442,112,5,1252,0,4,20,1,25,693,446,132,6,1277,0,0,0,1277
08/03/2006,MEM,TN,ASO,CE,Combined TRACON& Tower with Radar,699,432,87,9,1227,0,1,13,1,15,699,433,100,10,1242,0,0,0,1242
08/04/2006,MEM,TN,ASO,CE,Combined TRACON& Tower with Radar,681,432,53,11,1177,0,4,12,3,19,681,436,65,14,1196,0,0,0,1196
08/05/2006,MEM,TN,ASO,CE,Combined TRACON& Tower with Radar,514,351,23,10,898,0,5,13,0,18,514,356,36,10,916,0,0,0,916
08/06/2006,MEM,TN,ASO,CE,Combined TRACON& Tower with Radar,383,374,50,6,813,0,0,13,2,15,383,374,63,8,828,0,0,0,828
08/07/2006,MEM,TN,ASO,CE,Combined TRACON& Tower with Radar,319,394,68,0,781,0,6,26,2,34,319,400,94,2,815,0,0,0,815
08/08/2006,MEM,TN,ASO,CE,Combined TRACON& Tower with Radar,685,446,101,4,1236,0,1,22,2,25,685,447,123,6,1261,0,0,0,1261
08/09/2006,MEM,TN,ASO,CE,Combined TRACON& Tower with Radar,671,442,95,5,1213,2,6,27,0,35,673,448,122,5,1248,0,0,0,1248
08/10/2006,MEM,TN,ASO,CE,Combined TRACON& Tower with Radar,659,441,91,8,1199,0,0,9,4,13,659,441,100,12,1212,0,0,0,1212
08/11/2006,MEM,TN,ASO,CE,Combined TRACON& Tower with Radar,675,437,82,5,1199,0,0,3,0,3,675,437,85,5,1202,0,0,0,1202
08/12/2006,MEM,TN,ASO,CE,Combined TRACON& Tower with Radar,514,356,39,1,910,0,0,9,1,10,514,356,48,2,920,0,0,0,920
08/13/2006,MEM,TN,ASO,CE,Combined TRACON& Tower with Radar,376,372,40,5,793,0,0,12,0,12,376,372,52,5,805,0,0,0,805
08/14/2006,MEM,TN,ASO,CE,Combined TRACON& Tower with Radar,304,397,75,7,783,0,4,20,3,27,304,401,95,10,810,0,0,0,810
08/15/2006,MEM,TN,ASO,CE,Combined TRACON& Tower with Radar,703,443,106,3,1255,0,3,20,0,23,703,446,126,3,1278,0,0,0,1278
08/16/2006,MEM,TN,ASO,CE,Combined TRACON& Tower with Radar,692,437,110,1,1240,0,0,12,0,12,692,437,122,1,1252,0,0,0,1252
08/17/2006,MEM,TN,ASO,CE,Combined TRACON& Tower with Radar,686,450,106,1,1243,0,2,11,0,13,686,452,117,1,1256,0,0,0,1256
08/18/2006,MEM,TN,ASO,CE,Combined TRACON& Tower with Radar,653,424,75,8,1160,0,1,27,5,33,653,425,102,13,1193,0,0,0,1193
08/19/2006,MEM,TN,ASO,CE,Combined TRACON& Tower with Radar,506,339,47,0,892,0,1,15,1,17,506,340,62,1,909,0,0,0,909
08/20/2006,MEM,TN,ASO,CE,Combined TRACON& Tower with Radar,379,371,62,4,816,0,0,8,3,11,379,371,70,7,827,0,0,0,827
08/21/2006,MEM,TN,ASO,CE,Combined TRACON& Tower with Radar,270,395,58,1,724,0,2,4,2,8,270,397,62,3,732,0,0,0,732
08/22/2006,MEM,TN,ASO,CE,Combined TRACON& Tower with Radar,747,426,97,4,1274,0,2,7,0,9,747,428,104,4,1283,0,0,0,1283
08/23/2006,MEM,TN,ASO,CE,Combined TRACON& Tower with Radar,702,433,107,2,1244,0,1,18,0,19,702,434,125,2,1263,0,0,0,1263
08/24/2006,MEM,TN,ASO,CE,Combined TRACON& Tower with Radar,695,429,105,5,1234,0,0,12,0,12,695,429,117,5,1246,0,0,0,1246
08/25/2006,MEM,TN,ASO,CE,Combined TRACON& Tower with Radar,672,416,88,7,1183,0,3,13,2,18,672,419,101,9,1201,0,0,0,1201
08/26/2006,MEM,TN,ASO,CE,Combined TRACON& Tower with Radar,522,321,60,4,907,0,1,14,1,16,522,322,74,5,923,0,0,0,923
08/27/2006,MEM,TN,ASO,CE,Combined TRACON& Tower with Radar,402,347,34,7,790,0,0,9,0,9,402,347,43,7,799,0,0,0,799
08/28/2006,MEM,TN,ASO,CE,Combined TRACON& Tower with Radar,319,381,76,4,780,0,0,8,2,10,319,381,84,6,790,0,0,0,790
08/29/2006,MEM,TN,ASO,CE,Combined TRACON& Tower with Radar,705,418,109,0,1232,0,1,2,0,3,705,419,111,0,1235,0,0,0,1235
08/30/2006,MEM,TN,ASO,CE,Combined TRACON& Tower with Radar,703,413,96,0,1212,0,4,9,2,15,703,417,105,2,1227,0,0,0,1227
08/31/2006,MEM,TN,ASO,CE,Combined TRACON& Tower with Radar,687,421,69,0,1177,0,0,22,1,23,687,421,91,1,1200,0,0,0,1200
09/01/2006,MEM,TN,ASO,CE,Combined TRACON& Tower with Radar,687,402,92,1,1182,0,1,8,0,9,687,403,100,1,1191,0,0,0,1191
09/02/2006,MEM,TN,ASO,CE,Combined TRACON& Tower with Radar,533,294,40,4,871,0,1,10,0,11,533,295,50,4,882,0,0,0,882
09/03/2006,MEM,TN,ASO,CE,Combined TRACON& Tower with Radar,381,299,32,1,713,0,0,13,0,13,381,299,45,1,726,0,0,0,726
09/04/2006,MEM,TN,ASO,CE,Combined TRACON& Tower with Radar,223,340,60,5,628,0,2,16,0,18,223,342,76,5,646,0,0,0,646
09/05/2006,MEM,TN,ASO,CE,Combined TRACON& Tower with Radar,358,393,68,5,824,0,4,8,0,12,358,397,76,5,836,0,0,0,836
09/06/2006,MEM,TN,ASO,CE,Combined TRACON& Tower with Radar,712,401,102,1,1216,0,1,19,1,21,712,402,121,2,1237,0,0,0,1237
09/07/2006,MEM,TN,ASO,CE,Combined TRACON& Tower with Radar,712,401,102,1,1216,0,1,19,1,21,712,402,121,2,1237,0,0,0,1237
09/08/2006,MEM,TN,ASO,CE,Combined TRACON& Tower with Radar,695,399,75,15,1184,0,11,23,1,35,695,410,98,16,1219,0,0,0,1219
09/09/2006,MEM,TN,ASO,CE,Combined TRACON& Tower with Radar,513,315,37,4,869,0,1,8,1,10,513,316,45,5,879,0,0,0,879
09/10/2006,MEM,TN,ASO,CE,Combined TRACON& Tower with Radar,415,338,47,5,805,0,0,8,0,8,415,338,55,5,813,0,0,0,813
09/11/2006,MEM,TN,ASO,CE,Combined TRACON& Tower with Radar,318,384,76,3,781,0,0,8,0,8,318,384,84,3,789,0,0,0,789
09/12/2006,MEM,TN,ASO,CE,Combined TRACON& Tower with Radar,715,412,97,0,1224,0,0,12,0,12,715,412,109,0,1236,0,0,0,1236
09/13/2006,MEM,TN,ASO,CE,Combined TRACON& Tower with Radar,698,423,105,5,1231,0,7,38,0,45,698,430,143,5,1276,0,0,0,1276
09/14/2006,MEM,TN,ASO,CE,Combined TRACON& Tower with Radar,701,424,91,2,1218,0,7,26,1,34,701,431,117,3,1252,0,0,0,1252
09/15/2006,MEM,TN,ASO,CE,Combined TRACON& Tower with Radar,688,392,84,5,1169,0,8,26,2,36,688,400,110,7,1205,0,0,0,1205
09/16/2006,MEM,TN,ASO,CE,Combined TRACON& Tower with Radar,520,308,53,11,892,0,0,32,1,33,520,308,85,12,925,0,0,0,925
09/17/2006,MEM,TN,ASO,CE,Combined TRACON& Tower with Radar,407,344,38,10,799,0,0,7,2,9,407,344,45,12,808,0,0,0,808
09/18/2006,MEM,TN,ASO,CE,Combined TRACON& Tower with Radar,337,380,76,4,797,0,0,4,0,4,337,380,80,4,801,0,0,0,801
09/19/2006,MEM,TN,ASO,CE,Combined TRACON& Tower with Radar,704,406,86,5,1201,0,1,23,1,25,704,407,109,6,1226,0,0,0,1226
09/20/2006,MEM,TN,ASO,CE,Combined TRACON& Tower with Radar,704,412,101,6,1223,0,2,38,1,41,704,414,139,7,1264,0,0,0,1264
09/21/2006,MEM,TN,ASO,CE,Combined TRACON& Tower with Radar,686,422,104,1,1213,0,3,32,0,35,686,425,136,1,1248,0,0,0,1248
09/22/2006,MEM,TN,ASO,CE,Combined TRACON& Tower with Radar,683,398,84,1,1166,0,1,7,5,13,683,399,91,6,1179,0,0,0,1179
09/23/2006,MEM,TN,ASO,CE,Combined TRACON& Tower with Radar,527,316,24,0,867,0,0,3,1,4,527,316,27,1,871,0,0,0,871
09/24/2006,MEM,TN,ASO,CE,Combined TRACON& Tower with Radar,397,341,57,0,795,0,0,6,0,6,397,341,63,0,801,0,0,0,801
09/25/2006,MEM,TN,ASO,CE,Combined TRACON& Tower with Radar,334,375,90,8,807,0,2,26,0,28,334,377,116,8,835,0,0,0,835
09/26/2006,MEM,TN,ASO,CE,Combined TRACON& Tower with Radar,692,404,118,1,1215,0,3,34,3,40,692,407,152,4,1255,0,0,0,1255
09/27/2006,MEM,TN,ASO,CE,Combined TRACON& Tower with Radar,663,411,114,6,1194,0,1,24,0,25,663,412,138,6,1219,0,0,0,1219
09/28/2006,MEM,TN,ASO,CE,Combined TRACON& Tower with Radar,718,431,85,0,1234,1,2,21,4,28,719,433,106,4,1262,0,0,0,1262
09/29/2006,MEM,TN,ASO,CE,Combined TRACON& Tower with Radar,678,404,114,3,1199,0,3,20,1,24,678,407,134,4,1223,0,0,0,1223
09/30/2006,MEM,TN,ASO,CE,Combined TRACON& Tower with Radar,501,315,69,3,888,0,3,30,0,33,501,318,99,3,921,0,0,0,921
10/01/2006,MEM,TN,ASO,CE,Combined TRACON& Tower with Radar,416,342,87,3,848,0,1,26,0,27,416,343,113,3,875,0,0,0,875
10/02/2006,MEM,TN,ASO,CE,Combined TRACON& Tower with Radar,335,364,76,3,778,0,2,17,0,19,335,366,93,3,797,0,0,0,797
10/03/2006,MEM,TN,ASO,CE,Combined TRACON& Tower with Radar,712,396,103,1,1212,0,1,16,4,21,712,397,119,5,1233,0,0,0,1233
10/04/2006,MEM,TN,ASO,CE,Combined TRACON& Tower with Radar,708,407,120,0,1235,0,3,23,1,27,708,410,143,1,1262,0,0,0,1262
10/05/2006,MEM,TN,ASO,CE,Combined TRACON& Tower with Radar,693,416,116,12,1237,0,3,14,0,17,693,419,130,12,1254,0,0,0,1254
10/06/2006,MEM,TN,ASO,CE,Combined TRACON& Tower with Radar,680,400,126,12,1218,0,0,14,0,14,680,400,140,12,1232,0,0,0,1232
10/07/2006,MEM,TN,ASO,CE,Combined TRACON& Tower with Radar,509,316,39,5,869,0,2,22,0,24,509,318,61,5,893,0,0,0,893
10/08/2006,MEM,TN,ASO,CE,Combined TRACON& Tower with Radar,409,350,71,1,831,0,1,13,0,14,409,351,84,1,845,0,0,0,845
10/09/2006,MEM,TN,ASO,CE,Combined TRACON& Tower with Radar,352,363,75,4,794,0,0,17,2,19,352,363,92,6,813,0,0,0,813
10/10/2006,MEM,TN,ASO,CE,Combined TRACON& Tower with Radar,667,391,107,3,1168,0,1,20,1,22,667,392,127,4,1190,0,0,0,1190
10/11/2006,MEM,TN,ASO,CE,Combined TRACON& Tower with Radar,724,416,97,4,1241,0,1,14,1,16,724,417,111,5,1257,0,0,0,1257
10/12/2006,MEM,TN,ASO,CE,Combined TRACON& Tower with Radar,701,414,85,2,1202,0,1,11,2,14,701,415,96,4,1216,0,0,0,1216
10/13/2006,MEM,TN,ASO,CE,Combined TRACON& Tower with Radar,691,403,82,11,1187,0,3,34,4,41,691,406,116,15,1228,0,0,0,1228
10/14/2006,MEM,TN,ASO,CE,Combined TRACON& Tower with Radar,525,313,47,1,886,0,3,20,1,24,525,316,67,2,910,0,0,0,910
10/15/2006,MEM,TN,ASO,CE,Combined TRACON& Tower with Radar,413,334,77,5,829,0,0,11,0,11,413,334,88,5,840,0,0,0,840
10/16/2006,MEM,TN,ASO,CE,Combined TRACON& Tower with Radar,301,354,64,0,719,0,0,1,0,1,301,354,65,0,720,0,0,0,720
10/17/2006,MEM,TN,ASO,CE,Combined TRACON& Tower with Radar,745,405,79,2,1231,0,1,12,0,13,745,406,91,2,1244,0,0,0,1244
10/18/2006,MEM,TN,ASO,CE,Combined TRACON& Tower with Radar,702,407,104,0,1213,0,3,26,0,29,702,410,130,0,1242,0,0,0,1242
10/19/2006,MEM,TN,ASO,CE,Combined TRACON& Tower with Radar,673,418,101,5,1197,0,0,0,0,0,673,418,101,5,1197,0,0,0,1197
10/20/2006,MEM,TN,ASO,CE,Combined TRACON& Tower with Radar,727,406,88,5,1226,0,0,21,2,23,727,406,109,7,1249,0,0,0,1249
10/21/2006,MEM,TN,ASO,CE,Combined TRACON& Tower with Radar,500,309,48,1,858,0,0,16,0,16,500,309,64,1,874,0,0,0,874
10/22/2006,MEM,TN,ASO,CE,Combined TRACON& Tower with Radar,415,338,57,1,811,0,1,8,4,13,415,339,65,5,824,0,0,0,824
10/23/2006,MEM,TN,ASO,CE,Combined TRACON& Tower with Radar,344,379,71,6,800,0,3,19,2,24,344,382,90,8,824,0,0,0,824
10/24/2006,MEM,TN,ASO,CE,Combined TRACON& Tower with Radar,700,408,92,8,1208,0,5,16,0,21,700,413,108,8,1229,0,0,0,1229
10/25/2006,MEM,TN,ASO,CE,Combined TRACON& Tower with Radar,674,407,99,2,1182,0,5,4,0,9,674,412,103,2,1191,0,0,0,1191
10/26/2006,MEM,TN,ASO,CE,Combined TRACON& Tower with Radar,705,406,89,5,1205,0,0,0,0,0,705,406,89,5,1205,0,0,0,1205
10/27/2006,MEM,TN,ASO,CE,Combined TRACON& Tower with Radar,714,404,77,1,1196,0,0,3,0,3,714,404,80,1,1199,0,0,0,1199
10/28/2006,MEM,TN,ASO,CE,Combined TRACON& Tower with Radar,534,304,62,4,904,0,2,19,2,23,534,306,81,6,927,0,0,0,927
10/29/2006,MEM,TN,ASO,CE,Combined TRACON& Tower with Radar,410,330,63,2,805,0,3,14,1,18,410,333,77,3,823,0,0,0,823
10/30/2006,MEM,TN,ASO,CE,Combined TRACON& Tower with Radar,317,363,71,6,757,0,2,15,0,17,317,365,86,6,774,0,0,0,774
10/31/2006,MEM,TN,ASO,CE,Combined TRACON& Tower with Radar,735,402,93,0,1230,0,0,5,0,5,735,402,98,0,1235,0,0,0,1235
11/01/2006,MEM,TN,ASO,CE,Combined TRACON& Tower with Radar,750,413,109,2,1274,0,0,0,0,0,750,413,109,2,1274,0,0,0,1274
11/02/2006,MEM,TN,ASO,CE,Combined TRACON& Tower with Radar,720,391,83,7,1201,0,2,18,0,20,720,393,101,7,1221,0,0,0,1221
11/03/2006,MEM,TN,ASO,CE,Combined TRACON& Tower with Radar,721,392,83,7,1203,0,2,18,0,20,721,394,101,7,1223,0,0,0,1223
11/04/2006,MEM,TN,ASO,CE,Combined TRACON& Tower with Radar,528,305,43,9,885,0,0,25,0,25,528,305,68,9,910,0,0,0,910
11/05/2006,MEM,TN,ASO,CE,Combined TRACON& Tower with Radar,428,337,68,11,844,0,0,16,0,16,428,337,84,11,860,0,0,0,860
11/06/2006,MEM,TN,ASO,CE,Combined TRACON& Tower with Radar,324,365,74,2,765,0,0,2,0,2,324,365,76,2,767,0,0,0,767
11/07/2006,MEM,TN,ASO,CE,Combined TRACON& Tower with Radar,741,416,89,13,1259,0,0,0,0,0,741,416,89,13,1259,0,0,0,1259
11/08/2006,MEM,TN,ASO,CE,Combined TRACON& Tower with Radar,716,402,101,6,1225,0,3,24,3,30,716,405,125,9,1255,0,0,0,1255
11/09/2006,MEM,TN,ASO,CE,Combined TRACON& Tower with Radar,708,411,102,9,1230,0,4,25,0,29,708,415,127,9,1259,0,0,0,1259
11/10/2006,MEM,TN,ASO,CE,Combined TRACON& Tower with Radar,707,395,81,6,1189,0,4,15,0,19,707,399,96,6,1208,0,0,0,1208
11/11/2006,MEM,TN,ASO,CE,Combined TRACON& Tower with Radar,547,321,49,0,917,0,1,6,0,7,547,322,55,0,924,0,0,0,924
11/12/2006,MEM,TN,ASO,CE,Combined TRACON& Tower with Radar,406,344,55,3,808,0,0,12,0,12,406,344,67,3,820,0,0,0,820
11/13/2006,MEM,TN,ASO,CE,Combined TRACON& Tower with Radar,350,368,90,7,815,0,4,18,0,22,350,372,108,7,837,0,0,0,837
11/14/2006,MEM,TN,ASO,CE,Combined TRACON& Tower with Radar,684,403,118,9,1214,0,2,5,0,7,684,405,123,9,1221,0,0,0,1221
11/15/2006,MEM,TN,ASO,CE,Combined TRACON& Tower with Radar,719,392,71,2,1184,0,1,1,0,2,719,393,72,2,1186,0,0,0,1186
11/16/2006,MEM,TN,ASO,CE,Combined TRACON& Tower with Radar,759,415,86,11,1271,0,0,4,0,4,759,415,90,11,1275,0,0,0,1275
11/17/2006,MEM,TN,ASO,CE,Combined TRACON& Tower with Radar,668,400,96,6,1170,0,1,32,0,33,668,401,128,6,1203,0,0,0,1203
11/18/2006,MEM,TN,ASO,CE,Combined TRACON& Tower with Radar,537,314,58,2,911,0,1,17,0,18,537,315,75,2,929,0,0,0,929
11/19/2006,MEM,TN,ASO,CE,Combined TRACON& Tower with Radar,428,324,47,2,801,0,2,5,0,7,428,326,52,2,808,0,0,0,808
11/20/2006,MEM,TN,ASO,CE,Combined TRACON& Tower with Radar,348,374,74,2,798,0,5,23,0,28,348,379,97,2,826,0,0,0,826
11/21/2006,MEM,TN,ASO,CE,Combined TRACON& Tower with Radar,746,418,87,7,1258,0,9,27,2,38,746,427,114,9,1296,0,0,0,1296
11/22/2006,MEM,TN,ASO,CE,Combined TRACON& Tower with Radar,757,410,81,1,1249,0,3,18,0,21,757,413,99,1,1270,0,0,0,1270
11/23/2006,MEM,TN,ASO,CE,Combined TRACON& Tower with Radar,276,304,15,1,596,0,0,12,0,12,276,304,27,1,608,0,0,0,608
11/24/2006,MEM,TN,ASO,CE,Combined TRACON& Tower with Radar,629,333,21,0,983,0,2,14,0,16,629,335,35,0,999,0,0,0,999
11/25/2006,MEM,TN,ASO,CE,Combined TRACON& Tower with Radar,538,319,35,0,892,0,2,14,0,16,538,321,49,0,908,0,0,0,908
11/26/2006,MEM,TN,ASO,CE,Combined TRACON& Tower with Radar,432,357,68,0,857,0,2,15,0,17,432,359,83,0,874,0,0,0,874
11/27/2006,MEM,TN,ASO,CE,Combined TRACON& Tower with Radar,355,371,72,2,800,0,1,18,3,22,355,372,90,5,822,0,0,0,822
11/28/2006,MEM,TN,ASO,CE,Combined TRACON& Tower with Radar,715,412,93,2,1222,0,1,3,0,4,715,413,96,2,1226,0,0,0,1226
11/29/2006,MEM,TN,ASO,CE,Combined TRACON& Tower with Radar,756,400,134,0,1290,0,2,9,2,13,756,402,143,2,1303,0,0,0,1303
11/30/2006,MEM,TN,ASO,CE,Combined TRACON& Tower with Radar,734,381,73,6,1194,0,0,0,0,0,734,381,73,6,1194,0,0,0,1194
12/01/2006,MEM,TN,ASO,CE,Combined TRACON& Tower with Radar,732,370,75,6,1183,0,1,11,0,12,732,371,86,6,1195,0,0,0,1195
12/02/2006,MEM,TN,ASO,CE,Combined TRACON& Tower with Radar,575,296,45,4,920,0,1,17,0,18,575,297,62,4,938,0,0,0,938
12/03/2006,MEM,TN,ASO,CE,Combined TRACON& Tower with Radar,441,336,40,3,820,0,0,14,1,15,441,336,54,4,835,0,0,0,835
12/04/2006,MEM,TN,ASO,CE,Combined TRACON& Tower with Radar,327,380,68,1,776,0,4,8,1,13,327,384,76,2,789,0,0,0,789
12/05/2006,MEM,TN,ASO,CE,Combined TRACON& Tower with Radar,726,407,81,9,1223,0,1,17,1,19,726,408,98,10,1242,0,0,0,1242
12/06/2006,MEM,TN,ASO,CE,Combined TRACON& Tower with Radar,768,396,112,2,1278,0,2,17,0,19,768,398,129,2,1297,0,0,0,1297
12/07/2006,MEM,TN,ASO,CE,Combined TRACON& Tower with Radar,734,399,97,8,1238,0,0,13,5,18,734,399,110,13,1256,0,0,0,1256
12/08/2006,MEM,TN,ASO,CE,Combined TRACON& Tower with Radar,735,392,78,0,1205,0,1,19,1,21,735,393,97,1,1226,0,0,0,1226
12/09/2006,MEM,TN,ASO,CE,Combined TRACON& Tower with Radar,547,315,38,0,900,0,2,14,0,16,547,317,52,0,916,0,0,0,916
12/10/2006,MEM,TN,ASO,CE,Combined TRACON& Tower with Radar,457,330,41,0,828,0,0,11,0,11,457,330,52,0,839,0,0,0,839
12/11/2006,MEM,TN,ASO,CE,Combined TRACON& Tower with Radar,333,377,97,3,810,0,1,11,0,12,333,378,108,3,822,0,0,0,822
12/12/2006,MEM,TN,ASO,CE,Combined TRACON& Tower with Radar,783,417,99,10,1309,0,0,10,0,10,783,417,109,10,1319,0,0,0,1319
12/13/2006,MEM,TN,ASO,CE,Combined TRACON& Tower with Radar,771,416,94,0,1281,0,3,25,1,29,771,419,119,1,1310,0,0,0,1310
12/14/2006,MEM,TN,ASO,CE,Combined TRACON& Tower with Radar,746,401,110,5,1262,0,4,15,0,19,746,405,125,5,1281,0,0,0,1281
12/15/2006,MEM,TN,ASO,CE,Combined TRACON& Tower with Radar,751,390,95,3,1239,0,0,10,0,10,751,390,105,3,1249,0,0,0,1249
12/16/2006,MEM,TN,ASO,CE,Combined TRACON& Tower with Radar,598,313,25,2,938,0,0,6,0,6,598,313,31,2,944,0,0,0,944
12/17/2006,MEM,TN,ASO,CE,Combined TRACON& Tower with Radar,0,0,0,0,0,0,0,0,0,0,0,0,0,0,0,0,0,0,0
12/18/2006,MEM,TN,ASO,CE,Combined TRACON& Tower with Radar,325,366,85,3,779,0,0,11,1,12,325,366,96,4,791,0,0,0,791
12/19/2006,MEM,TN,ASO,CE,Combined TRACON& Tower with Radar,827,393,82,9,1311,0,1,2,1,4,827,394,84,10,1315,0,0,0,1315
12/20/2006,MEM,TN,ASO,CE,Combined TRACON& Tower with Radar,791,394,69,9,1263,0,2,9,1,12,791,396,78,10,1275,0,0,0,1275
12/21/2006,MEM,TN,ASO,CE,Combined TRACON& Tower with Radar,807,356,81,6,1250,0,1,0,1,2,807,357,81,7,1252,0,0,0,1252
12/22/2006,MEM,TN,ASO,CE,Combined TRACON& Tower with Radar,818,371,60,0,1249,0,0,21,3,24,818,371,81,3,1273,0,0,0,1273
12/23/2006,MEM,TN,ASO,CE,Combined TRACON& Tower with Radar,627,314,51,1,993,0,1,24,0,25,627,315,75,1,1018,0,0,0,1018
12/24/2006,MEM,TN,ASO,CE,Combined TRACON& Tower with Radar,437,293,7,0,737,0,1,13,0,14,437,294,20,0,751,0,0,0,751
12/25/2006,MEM,TN,ASO,CE,Combined TRACON& Tower with Radar,201,284,3,0,488,0,0,0,0,0,201,284,3,0,488,0,0,0,488
12/26/2006,MEM,TN,ASO,CE,Combined TRACON& Tower with Radar,349,350,39,0,738,0,1,9,0,10,349,351,48,0,748,0,0,0,748
12/27/2006,MEM,TN,ASO,CE,Combined TRACON& Tower with Radar,714,379,46,1,1140,0,1,14,0,15,714,380,60,1,1155,0,0,0,1155
12/28/2006,MEM,TN,ASO,CE,Combined TRACON& Tower with Radar,732,370,58,0,1160,0,4,36,0,40,732,374,94,0,1200,0,0,0,1200
12/29/2006,MEM,TN,ASO,CE,Combined TRACON& Tower with Radar,732,373,78,0,1183,0,1,16,0,17,732,374,94,0,1200,0,0,0,1200
12/30/2006,MEM,TN,ASO,CE,Combined TRACON& Tower with Radar,732,373,78,0,1183,0,1,16,0,17,732,374,94,0,1200,0,0,0,1200
12/31/2006,MEM,TN,ASO,CE,Combined TRACON& Tower with Radar,415,292,27,1,735,0,0,2,0,2,415,292,29,1,737,0,0,0,737
01/01/2007,MEM,TN,ASO,CE,Combined TRACON& Tower with Radar,415,292,27,1,735,0,0,2,0,2,415,292,29,1,737,0,0,0,737
01/02/2007,MEM,TN,ASO,CE,Combined TRACON& Tower with Radar,358,352,59,1,770,0,2,26,0,28,358,354,85,1,798,0,0,0,798
01/03/2007,MEM,TN,ASO,CE,Combined TRACON& Tower with Radar,708,377,74,2,1161,0,3,16,0,19,708,380,90,2,1180,0,0,0,1180
01/04/2007,MEM,TN,ASO,CE,Combined TRACON& Tower with Radar,669,384,69,2,1124,0,0,2,0,2,669,384,71,2,1126,0,0,0,1126
01/05/2007,MEM,TN,ASO,CE,Combined TRACON& Tower with Radar,731,375,57,5,1168,0,0,12,0,12,731,375,69,5,1180,0,0,0,1180
01/06/2007,MEM,TN,ASO,CE,Combined TRACON& Tower with Radar,526,293,47,6,872,0,0,16,1,17,526,293,63,7,889,0,0,0,889
01/07/2007,MEM,TN,ASO,CE,Combined TRACON& Tower with Radar,410,309,56,4,779,0,0,0,0,0,410,309,56,4,779,0,0,0,779
01/08/2007,MEM,TN,ASO,CE,Combined TRACON& Tower with Radar,318,363,73,9,763,0,1,20,2,23,318,364,93,11,786,0,0,0,786
01/09/2007,MEM,TN,ASO,CE,Combined TRACON& Tower with Radar,728,374,62,7,1171,0,2,17,4,23,728,376,79,11,1194,0,0,0,1194
01/10/2007,MEM,TN,ASO,CE,Combined TRACON& Tower with Radar,682,390,60,5,1137,0,1,24,5,30,682,391,84,10,1167,0,0,0,1167
01/11/2007,MEM,TN,ASO,CE,Combined TRACON& Tower with Radar,712,385,77,4,1178,0,3,10,5,18,712,388,87,9,1196,0,0,0,1196
01/12/2007,MEM,TN,ASO,CE,Combined TRACON& Tower with Radar,703,379,94,4,1180,0,1,5,0,6,703,380,99,4,1186,0,0,0,1186
01/13/2007,MEM,TN,ASO,CE,Combined TRACON& Tower with Radar,526,284,26,0,836,0,1,3,0,4,526,285,29,0,840,0,0,0,840
01/14/2007,MEM,TN,ASO,CE,Combined TRACON& Tower with Radar,399,293,45,0,737,0,0,1,0,1,399,293,46,0,738,0,0,0,738
01/15/2007,MEM,TN,ASO,CE,Combined TRACON& Tower with Radar,312,342,52,1,707,0,0,1,0,1,312,342,53,1,708,0,0,0,708
01/16/2007,MEM,TN,ASO,CE,Combined TRACON& Tower with Radar,682,367,76,1,1126,0,0,8,0,8,682,367,84,1,1134,0,0,0,1134
01/17/2007,MEM,TN,ASO,CE,Combined TRACON& Tower with Radar,682,367,76,1,1126,0,0,8,0,8,682,367,84,1,1134,0,0,0,1134
01/18/2007,MEM,TN,ASO,CE,Combined TRACON& Tower with Radar,698,384,98,4,1184,0,1,11,0,12,698,385,109,4,1196,0,0,0,1196
01/19/2007,MEM,TN,ASO,CE,Combined TRACON& Tower with Radar,714,383,84,0,1181,0,3,18,0,21,714,386,102,0,1202,0,0,0,1202
01/20/2007,MEM,TN,ASO,CE,Combined TRACON& Tower with Radar,540,295,26,7,868,3,0,8,0,11,543,295,34,7,879,0,0,0,879
01/21/2007,MEM,TN,ASO,CE,Combined TRACON& Tower with Radar,400,312,51,3,766,0,0,1,0,1,400,312,52,3,767,0,0,0,767
01/22/2007,MEM,TN,ASO,CE,Combined TRACON& Tower with Radar,335,352,65,0,752,0,1,13,0,14,335,353,78,0,766,0,0,0,766
01/23/2007,MEM,TN,ASO,CE,Combined TRACON& Tower with Radar,724,384,72,1,1181,0,1,15,0,16,724,385,87,1,1197,0,0,0,1197
01/24/2007,MEM,TN,ASO,CE,Combined TRACON& Tower with Radar,724,384,72,1,1181,0,1,15,0,16,724,385,87,1,1197,0,0,0,1197
01/25/2007,MEM,TN,ASO,CE,Combined TRACON& Tower with Radar,723,369,98,0,1190,0,1,19,1,21,723,370,117,1,1211,0,0,0,1211
01/26/2007,MEM,TN,ASO,CE,Combined TRACON& Tower with Radar,686,380,98,7,1171,0,3,17,1,21,686,383,115,8,1192,0,0,0,1192
01/27/2007,MEM,TN,ASO,CE,Combined TRACON& Tower with Radar,536,303,40,0,879,0,1,7,0,8,536,304,47,0,887,0,0,0,887
01/28/2007,MEM,TN,ASO,CE,Combined TRACON& Tower with Radar,414,318,53,3,788,0,0,9,0,9,414,318,62,3,797,0,0,0,797
01/29/2007,MEM,TN,ASO,CE,Combined TRACON& Tower with Radar,333,356,78,0,767,0,3,23,1,27,333,359,101,1,794,0,0,0,794
01/30/2007,MEM,TN,ASO,CE,Combined TRACON& Tower with Radar,717,399,81,18,1215,0,1,15,0,16,717,400,96,18,1231,0,0,0,1231
01/31/2007,MEM,TN,ASO,CE,Combined TRACON& Tower with Radar,714,393,81,7,1195,0,1,13,1,15,714,394,94,8,1210,0,0,0,1210
02/01/2007,MEM,TN,ASO,CE,Combined TRACON& Tower with Radar,680,381,40,3,1104,0,0,3,0,3,680,381,43,3,1107,0,0,0,1107
02/02/2007,MEM,TN,ASO,CE,Combined TRACON& Tower with Radar,723,385,58,5,1171,0,2,8,1,11,723,387,66,6,1182,0,0,0,1182
02/03/2007,MEM,TN,ASO,CE,Combined TRACON& Tower with Radar,723,385,58,5,1171,0,2,8,1,11,723,387,66,6,1182,0,0,0,1182
02/04/2007,MEM,TN,ASO,CE,Combined TRACON& Tower with Radar,393,323,37,6,759,0,2,12,0,14,393,325,49,6,773,0,0,0,773
02/05/2007,MEM,TN,ASO,CE,Combined TRACON& Tower with Radar,337,358,59,0,754,0,3,18,0,21,337,361,77,0,775,0,0,0,775
02/06/2007,MEM,TN,ASO,CE,Combined TRACON& Tower with Radar,698,398,92,5,1193,0,5,14,1,20,698,403,106,6,1213,0,0,0,1213
02/07/2007,MEM,TN,ASO,CE,Combined TRACON& Tower with Radar,737,414,88,4,1243,0,8,18,3,29,737,422,106,7,1272,0,0,0,1272
02/08/2007,MEM,TN,ASO,CE,Combined TRACON& Tower with Radar,724,408,84,3,1219,0,2,13,0,15,724,410,97,3,1234,0,0,0,1234
02/09/2007,MEM,TN,ASO,CE,Combined TRACON& Tower with Radar,703,398,78,3,1182,0,2,6,0,8,703,400,84,3,1190,0,0,0,1190
02/10/2007,MEM,TN,ASO,CE,Combined TRACON& Tower with Radar,535,300,37,0,872,0,2,20,2,24,535,302,57,2,896,0,0,0,896
02/11/2007,MEM,TN,ASO,CE,Combined TRACON& Tower with Radar,409,319,38,3,769,0,2,17,1,20,409,321,55,4,789,0,0,0,789
02/12/2007,MEM,TN,ASO,CE,Combined TRACON& Tower with Radar,409,319,38,3,769,0,2,17,1,20,409,321,55,4,789,0,0,0,789
02/13/2007,MEM,TN,ASO,CE,Combined TRACON& Tower with Radar,721,363,75,4,1163,0,0,2,0,2,721,363,77,4,1165,0,0,0,1165
02/14/2007,MEM,TN,ASO,CE,Combined TRACON& Tower with Radar,744,375,79,0,1198,0,2,8,2,12,744,377,87,2,1210,0,0,0,1210
02/15/2007,MEM,TN,ASO,CE,Combined TRACON& Tower with Radar,721,395,83,2,1201,0,9,13,2,24,721,404,96,4,1225,0,0,0,1225
02/16/2007,MEM,TN,ASO,CE,Combined TRACON& Tower with Radar,660,406,100,7,1173,0,5,20,1,26,660,411,120,8,1199,0,0,0,1199
02/17/2007,MEM,TN,ASO,CE,Combined TRACON& Tower with Radar,528,327,23,18,896,0,0,7,0,7,528,327,30,18,903,0,0,0,903
02/18/2007,MEM,TN,ASO,CE,Combined TRACON& Tower with Radar,381,362,36,7,786,0,0,18,2,20,381,362,54,9,806,0,0,0,806
02/19/2007,MEM,TN,ASO,CE,Combined TRACON& Tower with Radar,381,362,36,7,786,0,0,18,2,20,381,362,54,9,806,0,0,0,806
02/20/2007,MEM,TN,ASO,CE,Combined TRACON& Tower with Radar,659,403,78,2,1142,0,2,7,1,10,659,405,85,3,1152,0,0,0,1152
02/21/2007,MEM,TN,ASO,CE,Combined TRACON& Tower with Radar,717,427,93,4,1241,0,2,10,2,14,717,429,103,6,1255,0,0,0,1255
02/22/2007,MEM,TN,ASO,CE,Combined TRACON& Tower with Radar,695,414,98,4,1211,0,1,23,1,25,695,415,121,5,1236,0,0,0,1236
02/23/2007,MEM,TN,ASO,CE,Combined TRACON& Tower with Radar,655,413,82,7,1157,0,3,21,0,24,655,416,103,7,1181,0,0,0,1181
02/24/2007,MEM,TN,ASO,CE,Combined TRACON& Tower with Radar,528,308,11,4,851,0,0,1,0,1,528,308,12,4,852,0,0,0,852
02/25/2007,MEM,TN,ASO,CE,Combined TRACON& Tower with Radar,363,329,62,0,754,0,1,6,1,8,363,330,68,1,762,0,0,0,762
02/26/2007,MEM,TN,ASO,CE,Combined TRACON& Tower with Radar,308,374,67,3,752,0,4,22,1,27,308,378,89,4,779,0,0,0,779
02/27/2007,MEM,TN,ASO,CE,Combined TRACON& Tower with Radar,712,429,76,3,1220,0,3,14,2,19,712,432,90,5,1239,0,0,0,1239
02/28/2007,MEM,TN,ASO,CE,Combined TRACON& Tower with Radar,647,430,81,4,1162,0,1,20,0,21,647,431,101,4,1183,0,0,0,1183
03/01/2007,MEM,TN,ASO,CE,Combined TRACON& Tower with Radar,703,415,60,0,1178,0,1,6,1,8,703,416,66,1,1186,0,0,0,1186
03/02/2007,MEM,TN,ASO,CE,Combined TRACON& Tower with Radar,684,412,78,6,1180,0,2,26,5,33,684,414,104,11,1213,0,0,0,1213
03/03/2007,MEM,TN,ASO,CE,Combined TRACON& Tower with Radar,532,308,34,3,877,0,1,19,2,22,532,309,53,5,899,0,0,0,899
03/04/2007,MEM,TN,ASO,CE,Combined TRACON& Tower with Radar,387,351,34,7,779,0,0,12,0,12,387,351,46,7,791,0,0,0,791
03/05/2007,MEM,TN,ASO,CE,Combined TRACON& Tower with Radar,325,373,69,6,773,0,1,21,1,23,325,374,90,7,796,0,0,0,796
03/06/2007,MEM,TN,ASO,CE,Combined TRACON& Tower with Radar,689,404,77,5,1175,0,1,26,3,30,689,405,103,8,1205,0,0,0,1205
03/07/2007,MEM,TN,ASO,CE,Combined TRACON& Tower with Radar,701,411,114,2,1228,0,3,24,2,29,701,414,138,4,1257,0,0,0,1257
03/08/2007,MEM,TN,ASO,CE,Combined TRACON& Tower with Radar,711,417,84,9,1221,0,3,27,1,31,711,420,111,10,1252,0,0,0,1252
03/09/2007,MEM,TN,ASO,CE,Combined TRACON& Tower with Radar,670,408,83,2,1163,0,4,14,1,19,670,412,97,3,1182,0,0,0,1182
03/10/2007,MEM,TN,ASO,CE,Combined TRACON& Tower with Radar,513,323,44,5,885,0,1,22,3,26,513,324,66,8,911,0,0,0,911
03/11/2007,MEM,TN,ASO,CE,Combined TRACON& Tower with Radar,392,352,49,2,795,0,1,14,1,16,392,353,63,3,811,0,0,0,811
03/12/2007,MEM,TN,ASO,CE,Combined TRACON& Tower with Radar,337,372,55,2,766,0,3,17,0,20,337,375,72,2,786,0,0,0,786
03/13/2007,MEM,TN,ASO,CE,Combined TRACON& Tower with Radar,713,419,75,0,1207,0,0,3,0,3,713,419,78,0,1210,0,0,0,1210
03/14/2007,MEM,TN,ASO,CE,Combined TRACON& Tower with Radar,623,404,87,0,1114,0,0,18,0,18,623,404,105,0,1132,0,0,0,1132
03/15/2007,MEM,TN,ASO,CE,Combined TRACON& Tower with Radar,688,425,81,4,1198,0,0,4,0,4,688,425,85,4,1202,0,0,0,1202
03/16/2007,MEM,TN,ASO,CE,Combined TRACON& Tower with Radar,692,393,86,0,1171,0,1,18,0,19,692,394,104,0,1190,0,0,0,1190
03/17/2007,MEM,TN,ASO,CE,Combined TRACON& Tower with Radar,537,338,40,1,916,0,0,20,0,20,537,338,60,1,936,0,0,0,936
03/18/2007,MEM,TN,ASO,CE,Combined TRACON& Tower with Radar,402,355,62,1,820,0,0,13,0,13,402,355,75,1,833,0,0,0,833
03/19/2007,MEM,TN,ASO,CE,Combined TRACON& Tower with Radar,402,355,62,1,820,0,0,13,0,13,402,355,75,1,833,0,0,0,833
03/20/2007,MEM,TN,ASO,CE,Combined TRACON& Tower with Radar,720,421,88,8,1237,0,3,9,0,12,720,424,97,8,1249,0,0,0,1249
03/21/2007,MEM,TN,ASO,CE,Combined TRACON& Tower with Radar,667,422,109,4,1202,0,2,19,2,23,667,424,128,6,1225,0,0,0,1225
03/22/2007,MEM,TN,ASO,CE,Combined TRACON& Tower with Radar,710,436,101,5,1252,0,0,9,0,9,710,436,110,5,1261,0,0,0,1261
03/23/2007,MEM,TN,ASO,CE,Combined TRACON& Tower with Radar,698,410,65,11,1184,0,6,15,4,25,698,416,80,15,1209,0,0,0,1209
03/24/2007,MEM,TN,ASO,CE,Combined TRACON& Tower with Radar,525,319,53,3,900,0,1,15,0,16,525,320,68,3,916,0,0,0,916
03/25/2007,MEM,TN,ASO,CE,Combined TRACON& Tower with Radar,382,359,49,9,799,0,0,9,2,11,382,359,58,11,810,0,0,0,810
03/26/2007,MEM,TN,ASO,CE,Combined TRACON& Tower with Radar,382,359,49,9,799,0,0,9,2,11,382,359,58,11,810,0,0,0,810
03/27/2007,MEM,TN,ASO,CE,Combined TRACON& Tower with Radar,382,359,49,9,799,0,0,9,2,11,382,359,58,11,810,0,0,0,810
03/28/2007,MEM,TN,ASO,CE,Combined TRACON& Tower with Radar,695,419,93,5,1212,0,0,14,0,14,695,419,107,5,1226,0,0,0,1226
03/29/2007,MEM,TN,ASO,CE,Combined TRACON& Tower with Radar,690,425,94,8,1217,0,1,22,0,23,690,426,116,8,1240,0,0,0,1240
03/30/2007,MEM,TN,ASO,CE,Combined TRACON& Tower with Radar,668,419,105,2,1194,0,1,17,0,18,668,420,122,2,1212,0,0,0,1212
03/31/2007,MEM,TN,ASO,CE,Combined TRACON& Tower with Radar,533,338,58,5,934,0,0,4,0,4,533,338,62,5,938,0,0,0,938
04/01/2007,MEM,TN,ASO,CE,Combined TRACON& Tower with Radar,392,367,70,10,839,0,0,15,0,15,392,367,85,10,854,0,0,0,854
04/02/2007,MEM,TN,ASO,CE,Combined TRACON& Tower with Radar,312,379,80,4,775,0,3,20,0,23,312,382,100,4,798,0,0,0,798
04/03/2007,MEM,TN,ASO,CE,Combined TRACON& Tower with Radar,665,421,65,4,1155,0,4,5,0,9,665,425,70,4,1164,0,0,0,1164
04/04/2007,MEM,TN,ASO,CE,Combined TRACON& Tower with Radar,740,434,101,5,1280,0,4,36,0,40,740,438,137,5,1320,0,0,0,1320
04/05/2007,MEM,TN,ASO,CE,Combined TRACON& Tower with Radar,698,426,149,5,1278,0,3,14,1,18,698,429,163,6,1296,0,0,0,1296
04/06/2007,MEM,TN,ASO,CE,Combined TRACON& Tower with Radar,678,411,87,6,1182,0,1,8,0,9,678,412,95,6,1191,0,0,0,1191
04/07/2007,MEM,TN,ASO,CE,Combined TRACON& Tower with Radar,509,327,27,2,865,0,3,14,0,17,509,330,41,2,882,0,0,0,882
04/08/2007,MEM,TN,ASO,CE,Combined TRACON& Tower with Radar,509,327,27,2,865,0,3,14,0,17,509,330,41,2,882,0,0,0,882
04/09/2007,MEM,TN,ASO,CE,Combined TRACON& Tower with Radar,326,373,96,3,798,0,1,24,1,26,326,374,120,4,824,0,0,0,824
04/10/2007,MEM,TN,ASO,CE,Combined TRACON& Tower with Radar,642,403,95,1,1141,0,1,4,1,6,642,404,99,2,1147,0,0,0,1147
04/11/2007,MEM,TN,ASO,CE,Combined TRACON& Tower with Radar,723,404,98,2,1227,0,1,7,1,9,723,405,105,3,1236,0,0,0,1236
04/12/2007,MEM,TN,ASO,CE,Combined TRACON& Tower with Radar,715,417,103,8,1243,0,3,12,1,16,715,420,115,9,1259,0,0,0,1259
04/13/2007,MEM,TN,ASO,CE,Combined TRACON& Tower with Radar,636,396,75,0,1107,0,3,14,0,17,636,399,89,0,1124,0,0,0,1124
04/14/2007,MEM,TN,ASO,CE,Combined TRACON& Tower with Radar,558,310,28,4,900,0,2,1,0,3,558,312,29,4,903,0,0,0,903
04/15/2007,MEM,TN,ASO,CE,Combined TRACON& Tower with Radar,387,340,59,3,789,0,1,12,1,14,387,341,71,4,803,0,0,0,803
04/16/2007,MEM,TN,ASO,CE,Combined TRACON& Tower with Radar,328,382,63,14,787,0,3,18,1,22,328,385,81,15,809,0,0,0,809
04/17/2007,MEM,TN,ASO,CE,Combined TRACON& Tower with Radar,691,412,103,5,1211,0,1,12,0,13,691,413,115,5,1224,0,0,0,1224
04/18/2007,MEM,TN,ASO,CE,Combined TRACON& Tower with Radar,699,419,104,3,1225,0,4,28,0,32,699,423,132,3,1257,0,0,0,1257
04/19/2007,MEM,TN,ASO,CE,Combined TRACON& Tower with Radar,696,414,86,4,1200,0,1,23,0,24,696,415,109,4,1224,0,0,0,1224
04/20/2007,MEM,TN,ASO,CE,Combined TRACON& Tower with Radar,670,412,91,12,1185,0,2,22,0,24,670,414,113,12,1209,0,0,0,1209
04/21/2007,MEM,TN,ASO,CE,Combined TRACON& Tower with Radar,508,319,46,3,876,0,4,25,6,35,508,323,71,9,911,0,0,0,911
04/22/2007,MEM,TN,ASO,CE,Combined TRACON& Tower with Radar,390,345,42,3,780,0,1,21,0,22,390,346,63,3,802,0,0,0,802
04/23/2007,MEM,TN,ASO,CE,Combined TRACON& Tower with Radar,300,366,72,0,738,0,4,14,1,19,300,370,86,1,757,0,0,0,757
04/24/2007,MEM,TN,ASO,CE,Combined TRACON& Tower with Radar,694,403,83,1,1181,0,2,15,0,17,694,405,98,1,1198,0,0,0,1198
04/25/2007,MEM,TN,ASO,CE,Combined TRACON& Tower with Radar,691,406,69,6,1172,0,0,5,0,5,691,406,74,6,1177,0,0,0,1177
04/26/2007,MEM,TN,ASO,CE,Combined TRACON& Tower with Radar,708,416,85,2,1211,0,1,14,5,20,708,417,99,7,1231,0,0,0,1231
04/27/2007,MEM,TN,ASO,CE,Combined TRACON& Tower with Radar,681,404,83,0,1168,0,5,12,0,17,681,409,95,0,1185,0,0,0,1185
04/28/2007,MEM,TN,ASO,CE,Combined TRACON& Tower with Radar,515,305,37,2,859,0,2,19,1,22,515,307,56,3,881,0,0,0,881
04/29/2007,MEM,TN,ASO,CE,Combined TRACON& Tower with Radar,386,351,52,2,791,0,0,16,0,16,386,351,68,2,807,0,0,0,807
04/30/2007,MEM,TN,ASO,CE,Combined TRACON& Tower with Radar,302,376,62,2,742,0,5,17,1,23,302,381,79,3,765,0,0,0,765
05/01/2007,MEM,TN,ASO,CE,Combined TRACON& Tower with Radar,684,409,97,7,1197,0,6,15,1,22,684,415,112,8,1219,0,0,0,1219
05/02/2007,MEM,TN,ASO,CE,Combined TRACON& Tower with Radar,717,395,88,0,1200,0,0,9,1,10,717,395,97,1,1210,0,0,0,1210
05/03/2007,MEM,TN,ASO,CE,Combined TRACON& Tower with Radar,694,390,77,5,1166,0,1,9,0,10,694,391,86,5,1176,0,0,0,1176
05/04/2007,MEM,TN,ASO,CE,Combined TRACON& Tower with Radar,706,394,85,5,1190,0,1,6,0,7,706,395,91,5,1197,0,0,0,1197
05/05/2007,MEM,TN,ASO,CE,Combined TRACON& Tower with Radar,542,310,41,5,898,0,1,6,0,7,542,311,47,5,905,0,0,0,905
05/06/2007,MEM,TN,ASO,CE,Combined TRACON& Tower with Radar,414,334,61,3,812,0,1,8,2,11,414,335,69,5,823,0,0,0,823
05/07/2007,MEM,TN,ASO,CE,Combined TRACON& Tower with Radar,414,334,61,3,812,0,1,8,2,11,414,335,69,5,823,0,0,0,823
05/08/2007,MEM,TN,ASO,CE,Combined TRACON& Tower with Radar,735,404,111,5,1255,0,2,27,0,29,735,406,138,5,1284,0,0,0,1284
05/09/2007,MEM,TN,ASO,CE,Combined TRACON& Tower with Radar,735,396,89,4,1224,0,2,24,1,27,735,398,113,5,1251,0,0,0,1251
05/10/2007,MEM,TN,ASO,CE,Combined TRACON& Tower with Radar,733,401,80,6,1220,1,3,11,0,15,734,404,91,6,1235,0,0,0,1235
05/11/2007,MEM,TN,ASO,CE,Combined TRACON& Tower with Radar,752,387,77,5,1221,0,3,16,1,20,752,390,93,6,1241,0,0,0,1241
05/12/2007,MEM,TN,ASO,CE,Combined TRACON& Tower with Radar,570,309,49,3,931,0,0,9,0,9,570,309,58,3,940,0,0,0,940
05/13/2007,MEM,TN,ASO,CE,Combined TRACON& Tower with Radar,424,344,32,0,800,0,1,10,0,11,424,345,42,0,811,0,0,0,811
05/14/2007,MEM,TN,ASO,CE,Combined TRACON& Tower with Radar,358,353,70,2,783,0,2,18,0,20,358,355,88,2,803,0,0,0,803
05/15/2007,MEM,TN,ASO,CE,Combined TRACON& Tower with Radar,717,399,85,4,1205,0,1,8,0,9,717,400,93,4,1214,0,0,0,1214
05/16/2007,MEM,TN,ASO,CE,Combined TRACON& Tower with Radar,732,405,100,9,1246,0,2,13,2,17,732,407,113,11,1263,0,0,0,1263
05/17/2007,MEM,TN,ASO,CE,Combined TRACON& Tower with Radar,735,411,109,12,1267,0,5,17,0,22,735,416,126,12,1289,0,0,0,1289
05/18/2007,MEM,TN,ASO,CE,Combined TRACON& Tower with Radar,709,404,97,2,1212,0,5,22,1,28,709,409,119,3,1240,0,0,0,1240
05/19/2007,MEM,TN,ASO,CE,Combined TRACON& Tower with Radar,546,312,36,0,894,0,1,19,0,20,546,313,55,0,914,0,0,0,914
05/20/2007,MEM,TN,ASO,CE,Combined TRACON& Tower with Radar,424,349,50,3,826,0,0,12,0,12,424,349,62,3,838,0,0,0,838
05/21/2007,MEM,TN,ASO,CE,Combined TRACON& Tower with Radar,357,360,55,5,777,0,4,22,2,28,357,364,77,7,805,0,0,0,805
05/22/2007,MEM,TN,ASO,CE,Combined TRACON& Tower with Radar,722,386,116,7,1231,0,5,10,0,15,722,391,126,7,1246,0,0,0,1246
05/23/2007,MEM,TN,ASO,CE,Combined TRACON& Tower with Radar,714,392,105,0,1211,0,4,25,0,29,714,396,130,0,1240,0,0,0,1240
05/24/2007,MEM,TN,ASO,CE,Combined TRACON& Tower with Radar,737,397,122,6,1262,0,3,17,1,21,737,400,139,7,1283,0,0,0,1283
05/25/2007,MEM,TN,ASO,CE,Combined TRACON& Tower with Radar,727,390,99,4,1220,0,5,15,0,20,727,395,114,4,1240,0,0,0,1240
05/26/2007,MEM,TN,ASO,CE,Combined TRACON& Tower with Radar,536,307,36,0,879,0,0,8,0,8,536,307,44,0,887,0,0,0,887
05/27/2007,MEM,TN,ASO,CE,Combined TRACON& Tower with Radar,402,311,26,0,739,0,0,10,1,11,402,311,36,1,750,0,0,0,750
05/28/2007,MEM,TN,ASO,CE,Combined TRACON& Tower with Radar,265,318,39,0,622,0,4,9,0,13,265,322,48,0,635,0,0,0,635
05/29/2007,MEM,TN,ASO,CE,Combined TRACON& Tower with Radar,376,371,61,0,808,0,3,9,0,12,376,374,70,0,820,0,0,0,820
05/30/2007,MEM,TN,ASO,CE,Combined TRACON& Tower with Radar,711,396,86,1,1194,0,2,8,0,10,711,398,94,1,1204,0,0,0,1204
05/31/2007,MEM,TN,ASO,CE,Combined TRACON& Tower with Radar,740,400,81,5,1226,0,1,16,0,17,740,401,97,5,1243,0,0,0,1243
06/01/2007,MEM,TN,ASO,CE,Combined TRACON& Tower with Radar,729,381,74,3,1187,0,1,17,0,18,729,382,91,3,1205,0,0,0,1205
06/02/2007,MEM,TN,ASO,CE,Combined TRACON& Tower with Radar,560,307,39,3,909,0,2,11,4,17,560,309,50,7,926,0,0,0,926
06/03/2007,MEM,TN,ASO,CE,Combined TRACON& Tower with Radar,421,337,36,1,795,0,1,24,0,25,421,338,60,1,820,0,0,0,820
06/04/2007,MEM,TN,ASO,CE,Combined TRACON& Tower with Radar,354,362,61,5,782,0,5,29,3,37,354,367,90,8,819,0,0,0,819
06/05/2007,MEM,TN,ASO,CE,Combined TRACON& Tower with Radar,721,405,97,5,1228,0,3,9,0,12,721,408,106,5,1240,0,0,0,1240
06/06/2007,MEM,TN,ASO,CE,Combined TRACON& Tower with Radar,681,405,98,8,1192,0,5,34,1,40,681,410,132,9,1232,0,0,0,1232
06/07/2007,MEM,TN,ASO,CE,Combined TRACON& Tower with Radar,706,407,109,4,1226,0,1,13,0,14,706,408,122,4,1240,0,0,0,1240
06/08/2007,MEM,TN,ASO,CE,Combined TRACON& Tower with Radar,711,387,71,2,1171,0,0,6,0,6,711,387,77,2,1177,0,0,0,1177
06/09/2007,MEM,TN,ASO,CE,Combined TRACON& Tower with Radar,532,323,51,0,906,0,4,19,0,23,532,327,70,0,929,0,0,0,929
06/10/2007,MEM,TN,ASO,CE,Combined TRACON& Tower with Radar,409,361,48,5,823,0,0,13,0,13,409,361,61,5,836,0,0,0,836
06/11/2007,MEM,TN,ASO,CE,Combined TRACON& Tower with Radar,349,377,70,1,797,0,4,20,0,24,349,381,90,1,821,0,0,0,821
06/12/2007,MEM,TN,ASO,CE,Combined TRACON& Tower with Radar,699,396,71,6,1172,0,1,30,0,31,699,397,101,6,1203,0,0,0,1203
06/13/2007,MEM,TN,ASO,CE,Combined TRACON& Tower with Radar,701,398,87,7,1193,0,2,17,0,19,701,400,104,7,1212,0,0,0,1212
06/14/2007,MEM,TN,ASO,CE,Combined TRACON& Tower with Radar,721,419,103,8,1251,0,3,21,0,24,721,422,124,8,1275,0,0,0,1275
06/15/2007,MEM,TN,ASO,CE,Combined TRACON& Tower with Radar,685,396,77,12,1170,0,0,18,0,18,685,396,95,12,1188,0,0,0,1188
06/16/2007,MEM,TN,ASO,CE,Combined TRACON& Tower with Radar,530,321,33,4,888,0,0,15,1,16,530,321,48,5,904,0,0,0,904
06/17/2007,MEM,TN,ASO,CE,Combined TRACON& Tower with Radar,400,344,34,14,792,0,0,13,1,14,400,344,47,15,806,0,0,0,806
06/18/2007,MEM,TN,ASO,CE,Combined TRACON& Tower with Radar,306,361,74,7,748,0,1,12,1,14,306,362,86,8,762,0,0,0,762
06/19/2007,MEM,TN,ASO,CE,Combined TRACON& Tower with Radar,714,399,85,6,1204,0,1,5,0,6,714,400,90,6,1210,0,0,0,1210
06/20/2007,MEM,TN,ASO,CE,Combined TRACON& Tower with Radar,719,402,93,2,1216,0,1,20,1,22,719,403,113,3,1238,0,0,0,1238
06/21/2007,MEM,TN,ASO,CE,Combined TRACON& Tower with Radar,705,412,83,2,1202,0,2,18,0,20,705,414,101,2,1222,0,0,0,1222
06/22/2007,MEM,TN,ASO,CE,Combined TRACON& Tower with Radar,685,403,80,4,1172,0,1,15,0,16,685,404,95,4,1188,0,0,0,1188
06/23/2007,MEM,TN,ASO,CE,Combined TRACON& Tower with Radar,501,318,35,8,862,0,0,7,0,7,501,318,42,8,869,0,0,0,869
06/24/2007,MEM,TN,ASO,CE,Combined TRACON& Tower with Radar,383,347,37,0,767,0,2,5,0,7,383,349,42,0,774,0,0,0,774
06/25/2007,MEM,TN,ASO,CE,Combined TRACON& Tower with Radar,309,370,70,0,749,0,2,18,0,20,309,372,88,0,769,0,0,0,769
06/26/2007,MEM,TN,ASO,CE,Combined TRACON& Tower with Radar,696,395,91,4,1186,0,2,13,1,16,696,397,104,5,1202,0,0,0,1202
06/27/2007,MEM,TN,ASO,CE,Combined TRACON& Tower with Radar,675,396,111,5,1187,1,0,11,0,12,676,396,122,5,1199,0,0,0,1199
06/28/2007,MEM,TN,ASO,CE,Combined TRACON& Tower with Radar,723,388,91,5,1207,0,1,10,0,11,723,389,101,5,1218,0,0,0,1218
06/29/2007,MEM,TN,ASO,CE,Combined TRACON& Tower with Radar,695,383,76,4,1158,0,0,17,0,17,695,383,93,4,1175,0,0,0,1175
06/30/2007,MEM,TN,ASO,CE,Combined TRACON& Tower with Radar,532,320,44,1,897,0,1,9,0,10,532,321,53,1,907,0,0,0,907
07/01/2007,MEM,TN,ASO,CE,Combined TRACON& Tower with Radar,408,318,45,0,771,1,0,10,0,11,409,318,55,0,782,0,0,0,782
07/02/2007,MEM,TN,ASO,CE,Combined TRACON& Tower with Radar,327,306,63,2,698,0,3,7,0,10,327,309,70,2,708,0,0,0,708
07/03/2007,MEM,TN,ASO,CE,Combined TRACON& Tower with Radar,689,327,54,4,1074,0,4,10,0,14,689,331,64,4,1088,0,0,0,1088
07/04/2007,MEM,TN,ASO,CE,Combined TRACON& Tower with Radar,272,264,17,0,553,0,2,8,0,10,272,266,25,0,563,0,0,0,563
07/05/2007,MEM,TN,ASO,CE,Combined TRACON& Tower with Radar,634,275,44,0,953,0,7,13,1,21,634,282,57,1,974,0,0,0,974
07/06/2007,MEM,TN,ASO,CE,Combined TRACON& Tower with Radar,678,296,76,1,1051,0,1,21,4,26,678,297,97,5,1077,0,0,0,1077
07/07/2007,MEM,TN,ASO,CE,Combined TRACON& Tower with Radar,527,324,27,0,878,0,0,15,1,16,527,324,42,1,894,0,0,0,894
07/08/2007,MEM,TN,ASO,CE,Combined TRACON& Tower with Radar,411,353,35,2,801,0,1,15,3,19,411,354,50,5,820,0,0,0,820
07/09/2007,MEM,TN,ASO,CE,Combined TRACON& Tower with Radar,336,358,64,2,760,0,3,8,1,12,336,361,72,3,772,0,0,0,772
07/10/2007,MEM,TN,ASO,CE,Combined TRACON& Tower with Radar,681,392,82,2,1157,0,0,4,1,5,681,392,86,3,1162,0,0,0,1162
07/11/2007,MEM,TN,ASO,CE,Combined TRACON& Tower with Radar,706,390,93,2,1191,0,16,12,0,28,706,406,105,2,1219,0,0,0,1219
07/12/2007,MEM,TN,ASO,CE,Combined TRACON& Tower with Radar,706,398,71,2,1177,0,3,10,0,13,706,401,81,2,1190,0,0,0,1190
07/13/2007,MEM,TN,ASO,CE,Combined TRACON& Tower with Radar,678,377,78,12,1145,0,0,7,2,9,678,377,85,14,1154,0,0,0,1154
07/14/2007,MEM,TN,ASO,CE,Combined TRACON& Tower with Radar,512,321,33,3,869,0,0,8,2,10,512,321,41,5,879,0,0,0,879
07/15/2007,MEM,TN,ASO,CE,Combined TRACON& Tower with Radar,399,352,48,11,810,0,1,6,2,9,399,353,54,13,819,0,0,0,819
07/16/2007,MEM,TN,ASO,CE,Combined TRACON& Tower with Radar,347,369,68,7,791,0,2,20,0,22,347,371,88,7,813,0,0,0,813
07/17/2007,MEM,TN,ASO,CE,Combined TRACON& Tower with Radar,703,382,85,12,1182,0,3,7,1,11,703,385,92,13,1193,0,0,0,1193
07/18/2007,MEM,TN,ASO,CE,Combined TRACON& Tower with Radar,696,388,91,7,1182,0,2,9,2,13,696,390,100,9,1195,0,0,0,1195
07/19/2007,MEM,TN,ASO,CE,Combined TRACON& Tower with Radar,708,380,81,2,1171,0,4,15,1,20,708,384,96,3,1191,0,0,0,1191
07/20/2007,MEM,TN,ASO,CE,Combined TRACON& Tower with Radar,690,387,70,6,1153,0,0,14,0,14,690,387,84,6,1167,0,0,0,1167
07/21/2007,MEM,TN,ASO,CE,Combined TRACON& Tower with Radar,524,317,35,4,880,0,1,16,2,19,524,318,51,6,899,0,0,0,899
07/22/2007,MEM,TN,ASO,CE,Combined TRACON& Tower with Radar,408,354,37,2,801,0,0,16,0,16,408,354,53,2,817,0,0,0,817
07/23/2007,MEM,TN,ASO,CE,Combined TRACON& Tower with Radar,344,371,51,1,767,0,3,23,0,26,344,374,74,1,793,0,0,0,793
07/24/2007,MEM,TN,ASO,CE,Combined TRACON& Tower with Radar,712,393,97,2,1204,0,7,16,0,23,712,400,113,2,1227,0,0,0,1227
07/25/2007,MEM,TN,ASO,CE,Combined TRACON& Tower with Radar,712,393,97,2,1204,0,7,16,0,23,712,400,113,2,1227,0,0,0,1227
07/26/2007,MEM,TN,ASO,CE,Combined TRACON& Tower with Radar,703,402,72,5,1182,0,4,11,0,15,703,406,83,5,1197,0,0,0,1197
07/27/2007,MEM,TN,ASO,CE,Combined TRACON& Tower with Radar,694,381,96,4,1175,0,1,15,0,16,694,382,111,4,1191,0,0,0,1191
07/28/2007,MEM,TN,ASO,CE,Combined TRACON& Tower with Radar,527,322,38,2,889,0,2,25,0,27,527,324,63,2,916,0,0,0,916
07/29/2007,MEM,TN,ASO,CE,Combined TRACON& Tower with Radar,394,348,59,0,801,0,0,3,0,3,394,348,62,0,804,0,0,0,804
07/30/2007,MEM,TN,ASO,CE,Combined TRACON& Tower with Radar,336,361,71,1,769,0,4,14,0,18,336,365,85,1,787,0,0,0,787
07/31/2007,MEM,TN,ASO,CE,Combined TRACON& Tower with Radar,696,402,81,3,1182,0,3,13,1,17,696,405,94,4,1199,0,0,0,1199
08/01/2007,MEM,TN,ASO,CE,Combined TRACON& Tower with Radar,700,394,80,15,1189,0,2,12,1,15,700,396,92,16,1204,0,0,0,1204
08/02/2007,MEM,TN,ASO,CE,Combined TRACON& Tower with Radar,687,393,68,3,1151,0,12,19,0,31,687,405,87,3,1182,0,0,0,1182
08/03/2007,MEM,TN,ASO,CE,Combined TRACON& Tower with Radar,683,381,84,11,1159,0,2,13,1,16,683,383,97,12,1175,0,0,0,1175
08/04/2007,MEM,TN,ASO,CE,Combined TRACON& Tower with Radar,514,314,48,2,878,0,1,13,1,15,514,315,61,3,893,0,0,0,893
08/05/2007,MEM,TN,ASO,CE,Combined TRACON& Tower with Radar,403,337,43,7,790,0,1,10,1,12,403,338,53,8,802,0,0,0,802
08/06/2007,MEM,TN,ASO,CE,Combined TRACON& Tower with Radar,337,359,54,2,752,0,3,22,0,25,337,362,76,2,777,0,0,0,777
08/07/2007,MEM,TN,ASO,CE,Combined TRACON& Tower with Radar,691,392,85,3,1171,0,1,25,1,27,691,393,110,4,1198,0,0,0,1198
08/08/2007,MEM,TN,ASO,CE,Combined TRACON& Tower with Radar,692,390,93,6,1181,0,1,21,1,23,692,391,114,7,1204,0,0,0,1204
08/09/2007,MEM,TN,ASO,CE,Combined TRACON& Tower with Radar,695,399,88,0,1182,0,0,27,0,27,695,399,115,0,1209,0,0,0,1209
08/10/2007,MEM,TN,ASO,CE,Combined TRACON& Tower with Radar,685,379,60,7,1131,0,1,16,1,18,685,380,76,8,1149,0,0,0,1149
08/11/2007,MEM,TN,ASO,CE,Combined TRACON& Tower with Radar,521,323,30,8,882,0,0,11,0,11,521,323,41,8,893,0,0,0,893
08/12/2007,MEM,TN,ASO,CE,Combined TRACON& Tower with Radar,408,347,41,8,804,0,0,10,0,10,408,347,51,8,814,0,0,0,814
08/13/2007,MEM,TN,ASO,CE,Combined TRACON& Tower with Radar,337,363,72,0,772,0,3,21,3,27,337,366,93,3,799,0,0,0,799
08/14/2007,MEM,TN,ASO,CE,Combined TRACON& Tower with Radar,703,387,64,2,1156,0,0,26,2,28,703,387,90,4,1184,0,0,0,1184
08/15/2007,MEM,TN,ASO,CE,Combined TRACON& Tower with Radar,683,401,89,2,1175,0,10,26,0,36,683,411,115,2,1211,0,0,0,1211
08/16/2007,MEM,TN,ASO,CE,Combined TRACON& Tower with Radar,688,384,87,3,1162,0,1,22,0,23,688,385,109,3,1185,0,0,0,1185
08/17/2007,MEM,TN,ASO,CE,Combined TRACON& Tower with Radar,683,382,73,9,1147,0,1,22,0,23,683,383,95,9,1170,0,0,0,1170
08/18/2007,MEM,TN,ASO,CE,Combined TRACON& Tower with Radar,522,314,40,7,883,0,0,9,0,9,522,314,49,7,892,0,0,0,892
08/19/2007,MEM,TN,ASO,CE,Combined TRACON& Tower with Radar,394,335,48,4,781,0,1,8,0,9,394,336,56,4,790,0,0,0,790
08/20/2007,MEM,TN,ASO,CE,Combined TRACON& Tower with Radar,337,367,58,4,766,0,2,14,3,19,337,369,72,7,785,0,0,0,785
08/21/2007,MEM,TN,ASO,CE,Combined TRACON& Tower with Radar,714,369,95,6,1184,0,3,15,2,20,714,372,110,8,1204,0,0,0,1204
08/22/2007,MEM,TN,ASO,CE,Combined TRACON& Tower with Radar,714,369,95,6,1184,0,3,15,2,20,714,372,110,8,1204,0,0,0,1204
08/23/2007,MEM,TN,ASO,CE,Combined TRACON& Tower with Radar,715,362,82,2,1161,0,3,18,1,22,715,365,100,3,1183,0,0,0,1183
08/24/2007,MEM,TN,ASO,CE,Combined TRACON& Tower with Radar,714,357,61,5,1137,0,1,16,0,17,714,358,77,5,1154,0,0,0,1154
08/25/2007,MEM,TN,ASO,CE,Combined TRACON& Tower with Radar,535,270,30,3,838,0,1,10,0,11,535,271,40,3,849,0,0,0,849
08/26/2007,MEM,TN,ASO,CE,Combined TRACON& Tower with Radar,420,308,41,2,771,0,1,19,0,20,420,309,60,2,791,0,0,0,791
08/27/2007,MEM,TN,ASO,CE,Combined TRACON& Tower with Radar,359,350,69,5,783,0,2,26,0,28,359,352,95,5,811,0,0,0,811
08/28/2007,MEM,TN,ASO,CE,Combined TRACON& Tower with Radar,718,372,88,4,1182,0,6,12,0,18,718,378,100,4,1200,0,0,0,1200
08/29/2007,MEM,TN,ASO,CE,Combined TRACON& Tower with Radar,713,385,82,4,1184,0,1,10,2,13,713,386,92,6,1197,0,0,0,1197
08/30/2007,MEM,TN,ASO,CE,Combined TRACON& Tower with Radar,711,376,86,2,1175,0,0,13,0,13,711,376,99,2,1188,0,0,0,1188
08/31/2007,MEM,TN,ASO,CE,Combined TRACON& Tower with Radar,716,363,84,7,1170,0,1,9,0,10,716,364,93,7,1180,0,0,0,1180
09/01/2007,MEM,TN,ASO,CE,Combined TRACON& Tower with Radar,515,275,20,0,810,0,0,15,0,15,515,275,35,0,825,0,0,0,825
09/02/2007,MEM,TN,ASO,CE,Combined TRACON& Tower with Radar,400,286,18,3,707,0,1,8,0,9,400,287,26,3,716,0,0,0,716
09/03/2007,MEM,TN,ASO,CE,Combined TRACON& Tower with Radar,264,312,48,0,624,0,0,9,0,9,264,312,57,0,633,0,0,0,633
09/04/2007,MEM,TN,ASO,CE,Combined TRACON& Tower with Radar,378,369,68,4,819,0,6,9,0,15,378,375,77,4,834,0,0,0,834
09/05/2007,MEM,TN,ASO,CE,Combined TRACON& Tower with Radar,727,377,105,4,1213,0,3,4,1,8,727,380,109,5,1221,0,0,0,1221
09/06/2007,MEM,TN,ASO,CE,Combined TRACON& Tower with Radar,724,387,95,2,1208,0,2,7,0,9,724,389,102,2,1217,0,0,0,1217
09/07/2007,MEM,TN,ASO,CE,Combined TRACON& Tower with Radar,731,355,90,7,1183,0,0,7,0,7,731,355,97,7,1190,0,0,0,1190
09/08/2007,MEM,TN,ASO,CE,Combined TRACON& Tower with Radar,532,266,30,0,828,0,1,6,0,7,532,267,36,0,835,0,0,0,835
09/09/2007,MEM,TN,ASO,CE,Combined TRACON& Tower with Radar,411,293,32,0,736,0,0,0,0,0,411,293,32,0,736,0,0,0,736
09/10/2007,MEM,TN,ASO,CE,Combined TRACON& Tower with Radar,363,344,71,2,780,0,1,4,0,5,363,345,75,2,785,0,0,0,785
09/11/2007,MEM,TN,ASO,CE,Combined TRACON& Tower with Radar,727,365,94,1,1187,0,3,8,0,11,727,368,102,1,1198,0,0,0,1198
09/12/2007,MEM,TN,ASO,CE,Combined TRACON& Tower with Radar,729,370,82,4,1185,0,2,18,0,20,729,372,100,4,1205,0,0,0,1205
09/13/2007,MEM,TN,ASO,CE,Combined TRACON& Tower with Radar,727,357,71,3,1158,0,0,2,0,2,727,357,73,3,1160,0,0,0,1160
09/14/2007,MEM,TN,ASO,CE,Combined TRACON& Tower with Radar,711,359,66,10,1146,0,1,13,0,14,711,360,79,10,1160,0,0,0,1160
09/15/2007,MEM,TN,ASO,CE,Combined TRACON& Tower with Radar,543,276,38,6,863,0,1,13,0,14,543,277,51,6,877,0,0,0,877
09/16/2007,MEM,TN,ASO,CE,Combined TRACON& Tower with Radar,425,309,75,3,812,0,0,16,0,16,425,309,91,3,828,0,0,0,828
09/17/2007,MEM,TN,ASO,CE,Combined TRACON& Tower with Radar,366,363,62,8,799,0,3,21,0,24,366,366,83,8,823,0,0,0,823
09/18/2007,MEM,TN,ASO,CE,Combined TRACON& Tower with Radar,720,359,66,7,1152,0,3,19,0,22,720,362,85,7,1174,0,0,0,1174
09/19/2007,MEM,TN,ASO,CE,Combined TRACON& Tower with Radar,727,376,92,3,1198,0,3,29,1,33,727,379,121,4,1231,0,0,0,1231
09/20/2007,MEM,TN,ASO,CE,Combined TRACON& Tower with Radar,727,373,113,7,1220,0,7,34,2,43,727,380,147,9,1263,0,0,0,1263
09/21/2007,MEM,TN,ASO,CE,Combined TRACON& Tower with Radar,732,354,91,15,1192,0,5,30,4,39,732,359,121,19,1231,0,0,0,1231
09/22/2007,MEM,TN,ASO,CE,Combined TRACON& Tower with Radar,531,282,35,4,852,0,1,10,5,16,531,283,45,9,868,0,0,0,868
09/23/2007,MEM,TN,ASO,CE,Combined TRACON& Tower with Radar,430,313,63,2,808,0,0,4,1,5,430,313,67,3,813,0,0,0,813
09/24/2007,MEM,TN,ASO,CE,Combined TRACON& Tower with Radar,377,344,66,7,794,0,2,12,2,16,377,346,78,9,810,0,0,0,810
09/25/2007,MEM,TN,ASO,CE,Combined TRACON& Tower with Radar,693,297,78,3,1071,0,4,8,0,12,693,301,86,3,1083,0,0,0,1083
09/26/2007,MEM,TN,ASO,CE,Combined TRACON& Tower with Radar,723,367,69,1,1160,0,0,8,1,9,723,367,77,2,1169,0,0,0,1169
09/27/2007,MEM,TN,ASO,CE,Combined TRACON& Tower with Radar,743,370,87,4,1204,0,1,15,0,16,743,371,102,4,1220,0,0,0,1220
09/28/2007,MEM,TN,ASO,CE,Combined TRACON& Tower with Radar,725,368,93,5,1191,0,0,14,2,16,725,368,107,7,1207,0,0,0,1207
09/29/2007,MEM,TN,ASO,CE,Combined TRACON& Tower with Radar,544,274,29,1,848,0,1,10,0,11,544,275,39,1,859,0,0,0,859
09/30/2007,MEM,TN,ASO,CE,Combined TRACON& Tower with Radar,423,309,75,4,811,0,2,17,2,21,423,311,92,6,832,0,0,0,832
10/01/2007,MEM,TN,ASO,CE,Combined TRACON& Tower with Radar,373,337,47,4,761,0,0,14,0,14,373,337,61,4,775,0,0,0,775
10/02/2007,MEM,TN,ASO,CE,Combined TRACON& Tower with Radar,713,380,96,4,1193,0,0,13,2,15,713,380,109,6,1208,0,0,0,1208
10/03/2007,MEM,TN,ASO,CE,Combined TRACON& Tower with Radar,738,361,91,7,1197,0,6,12,2,20,738,367,103,9,1217,0,0,0,1217
10/04/2007,MEM,TN,ASO,CE,Combined TRACON& Tower with Radar,731,379,102,8,1220,0,1,16,0,17,731,380,118,8,1237,0,0,0,1237
10/05/2007,MEM,TN,ASO,CE,Combined TRACON& Tower with Radar,718,372,91,2,1183,0,0,26,0,26,718,372,117,2,1209,0,0,0,1209
10/06/2007,MEM,TN,ASO,CE,Combined TRACON& Tower with Radar,533,270,40,1,844,0,0,19,0,19,533,270,59,1,863,0,0,0,863
10/07/2007,MEM,TN,ASO,CE,Combined TRACON& Tower with Radar,429,315,68,11,823,0,2,12,1,15,429,317,80,12,838,0,0,0,838
10/08/2007,MEM,TN,ASO,CE,Combined TRACON& Tower with Radar,377,333,57,0,767,0,0,13,0,13,377,333,70,0,780,0,0,0,780
10/09/2007,MEM,TN,ASO,CE,Combined TRACON& Tower with Radar,703,352,84,1,1140,0,1,12,0,13,703,353,96,1,1153,0,0,0,1153
10/10/2007,MEM,TN,ASO,CE,Combined TRACON& Tower with Radar,733,369,98,0,1200,0,4,24,0,28,733,373,122,0,1228,0,0,0,1228
10/11/2007,MEM,TN,ASO,CE,Combined TRACON& Tower with Radar,742,368,90,3,1203,0,2,17,0,19,742,370,107,3,1222,0,0,0,1222
10/12/2007,MEM,TN,ASO,CE,Combined TRACON& Tower with Radar,724,365,76,6,1171,0,1,29,0,30,724,366,105,6,1201,0,0,0,1201
10/13/2007,MEM,TN,ASO,CE,Combined TRACON& Tower with Radar,537,265,35,1,838,0,2,26,0,28,537,267,61,1,866,0,0,0,866
10/14/2007,MEM,TN,ASO,CE,Combined TRACON& Tower with Radar,427,315,51,2,795,0,0,9,0,9,427,315,60,2,804,0,0,0,804
10/15/2007,MEM,TN,ASO,CE,Combined TRACON& Tower with Radar,338,342,75,5,760,0,0,7,0,7,338,342,82,5,767,0,0,0,767
10/16/2007,MEM,TN,ASO,CE,Combined TRACON& Tower with Radar,753,380,111,7,1251,0,0,11,1,12,753,380,122,8,1263,0,0,0,1263
10/17/2007,MEM,TN,ASO,CE,Combined TRACON& Tower with Radar,677,355,91,7,1130,0,0,3,0,3,677,355,94,7,1133,0,0,0,1133
10/18/2007,MEM,TN,ASO,CE,Combined TRACON& Tower with Radar,771,372,75,2,1220,0,0,7,2,9,771,372,82,4,1229,0,0,0,1229
10/19/2007,MEM,TN,ASO,CE,Combined TRACON& Tower with Radar,738,360,80,1,1179,0,0,17,0,17,738,360,97,1,1196,0,0,0,1196
10/20/2007,MEM,TN,ASO,CE,Combined TRACON& Tower with Radar,547,268,46,4,865,0,1,17,0,18,547,269,63,4,883,0,0,0,883
10/21/2007,MEM,TN,ASO,CE,Combined TRACON& Tower with Radar,422,308,63,3,796,0,0,16,0,16,422,308,79,3,812,0,0,0,812
10/22/2007,MEM,TN,ASO,CE,Combined TRACON& Tower with Radar,345,346,50,1,742,0,0,2,0,2,345,346,52,1,744,0,0,0,744
10/23/2007,MEM,TN,ASO,CE,Combined TRACON& Tower with Radar,723,364,87,3,1177,0,0,1,0,1,723,364,88,3,1178,0,0,0,1178
10/24/2007,MEM,TN,ASO,CE,Combined TRACON& Tower with Radar,723,364,87,3,1177,0,0,1,0,1,723,364,88,3,1178,0,0,0,1178
10/25/2007,MEM,TN,ASO,CE,Combined TRACON& Tower with Radar,734,363,81,5,1183,0,0,2,0,2,734,363,83,5,1185,0,0,0,1185
10/26/2007,MEM,TN,ASO,CE,Combined TRACON& Tower with Radar,750,356,90,0,1196,0,0,7,0,7,750,356,97,0,1203,0,0,0,1203
10/27/2007,MEM,TN,ASO,CE,Combined TRACON& Tower with Radar,533,269,46,3,851,0,1,18,2,21,533,270,64,5,872,0,0,0,872
10/28/2007,MEM,TN,ASO,CE,Combined TRACON& Tower with Radar,423,320,43,1,787,0,0,18,0,18,423,320,61,1,805,0,0,0,805
10/29/2007,MEM,TN,ASO,CE,Combined TRACON& Tower with Radar,366,346,74,0,786,0,2,20,0,22,366,348,94,0,808,0,0,0,808
10/30/2007,MEM,TN,ASO,CE,Combined TRACON& Tower with Radar,730,371,84,2,1187,1,3,12,2,18,731,374,96,4,1205,0,0,0,1205
10/31/2007,MEM,TN,ASO,CE,Combined TRACON& Tower with Radar,727,379,58,1,1165,0,4,16,0,20,727,383,74,1,1185,0,0,0,1185
11/01/2007,MEM,TN,ASO,CE,Combined TRACON& Tower with Radar,733,375,92,4,1204,0,7,12,0,19,733,382,104,4,1223,0,0,0,1223
11/02/2007,MEM,TN,ASO,CE,Combined TRACON& Tower with Radar,720,358,84,12,1174,0,4,21,1,26,720,362,105,13,1200,0,0,0,1200
11/03/2007,MEM,TN,ASO,CE,Combined TRACON& Tower with Radar,531,279,29,4,843,0,1,24,1,26,531,280,53,5,869,0,0,0,869
11/04/2007,MEM,TN,ASO,CE,Combined TRACON& Tower with Radar,397,334,72,5,808,0,0,11,0,11,397,334,83,5,819,0,0,0,819
11/05/2007,MEM,TN,ASO,CE,Combined TRACON& Tower with Radar,397,334,72,5,808,0,0,11,0,11,397,334,83,5,819,0,0,0,819
11/06/2007,MEM,TN,ASO,CE,Combined TRACON& Tower with Radar,703,389,100,5,1197,0,5,10,1,16,703,394,110,6,1213,0,0,0,1213
11/07/2007,MEM,TN,ASO,CE,Combined TRACON& Tower with Radar,707,407,79,2,1195,0,1,24,0,25,707,408,103,2,1220,0,0,0,1220
11/08/2007,MEM,TN,ASO,CE,Combined TRACON& Tower with Radar,767,404,92,0,1263,0,6,23,0,29,767,410,115,0,1292,0,0,0,1292
11/09/2007,MEM,TN,ASO,CE,Combined TRACON& Tower with Radar,704,383,93,4,1184,0,3,17,0,20,704,386,110,4,1204,0,0,0,1204
11/10/2007,MEM,TN,ASO,CE,Combined TRACON& Tower with Radar,511,295,47,0,853,0,1,10,0,11,511,296,57,0,864,0,0,0,864
11/11/2007,MEM,TN,ASO,CE,Combined TRACON& Tower with Radar,405,330,62,2,799,0,0,8,0,8,405,330,70,2,807,0,0,0,807
11/12/2007,MEM,TN,ASO,CE,Combined TRACON& Tower with Radar,328,357,69,1,755,0,3,10,0,13,328,360,79,1,768,0,0,0,768
11/13/2007,MEM,TN,ASO,CE,Combined TRACON& Tower with Radar,711,397,121,3,1232,0,1,3,0,4,711,398,124,3,1236,0,0,0,1236
11/14/2007,MEM,TN,ASO,CE,Combined TRACON& Tower with Radar,702,396,88,6,1192,0,0,9,2,11,702,396,97,8,1203,0,0,0,1203
11/15/2007,MEM,TN,ASO,CE,Combined TRACON& Tower with Radar,734,389,104,3,1230,0,4,14,1,19,734,393,118,4,1249,0,0,0,1249
11/16/2007,MEM,TN,ASO,CE,Combined TRACON& Tower with Radar,693,403,94,10,1200,0,12,12,5,29,693,415,106,15,1229,0,0,0,1229
11/17/2007,MEM,TN,ASO,CE,Combined TRACON& Tower with Radar,533,307,38,2,880,0,2,20,3,25,533,309,58,5,905,0,0,0,905
11/18/2007,MEM,TN,ASO,CE,Combined TRACON& Tower with Radar,426,345,50,3,824,0,0,6,1,7,426,345,56,4,831,0,0,0,831
11/19/2007,MEM,TN,ASO,CE,Combined TRACON& Tower with Radar,348,379,79,3,809,0,0,9,0,9,348,379,88,3,818,0,0,0,818
11/20/2007,MEM,TN,ASO,CE,Combined TRACON& Tower with Radar,715,418,72,1,1206,0,5,5,1,11,715,423,77,2,1217,0,0,0,1217
11/21/2007,MEM,TN,ASO,CE,Combined TRACON& Tower with Radar,758,393,61,1,1213,0,0,8,0,8,758,393,69,1,1221,0,0,0,1221
11/22/2007,MEM,TN,ASO,CE,Combined TRACON& Tower with Radar,280,229,15,0,524,0,0,1,0,1,280,229,16,0,525,0,0,0,525
11/23/2007,MEM,TN,ASO,CE,Combined TRACON& Tower with Radar,611,285,27,0,923,0,3,17,0,20,611,288,44,0,943,0,0,0,943
11/24/2007,MEM,TN,ASO,CE,Combined TRACON& Tower with Radar,527,308,22,1,858,0,0,8,0,8,527,308,30,1,866,0,0,0,866
11/25/2007,MEM,TN,ASO,CE,Combined TRACON& Tower with Radar,414,348,51,0,813,0,0,0,0,0,414,348,51,0,813,0,0,0,813
11/26/2007,MEM,TN,ASO,CE,Combined TRACON& Tower with Radar,347,360,64,2,773,0,0,6,0,6,347,360,70,2,779,0,0,0,779
11/27/2007,MEM,TN,ASO,CE,Combined TRACON& Tower with Radar,741,389,80,2,1212,0,12,16,0,28,741,401,96,2,1240,0,0,0,1240
11/28/2007,MEM,TN,ASO,CE,Combined TRACON& Tower with Radar,709,402,104,8,1223,0,7,19,0,26,709,409,123,8,1249,0,0,0,1249
11/29/2007,MEM,TN,ASO,CE,Combined TRACON& Tower with Radar,726,409,84,6,1225,0,1,11,0,12,726,410,95,6,1237,0,0,0,1237
11/30/2007,MEM,TN,ASO,CE,Combined TRACON& Tower with Radar,696,381,76,9,1162,0,2,9,1,12,696,383,85,10,1174,0,0,0,1174
12/01/2007,MEM,TN,ASO,CE,Combined TRACON& Tower with Radar,518,279,30,4,831,0,2,3,0,5,518,281,33,4,836,0,0,0,836
12/02/2007,MEM,TN,ASO,CE,Combined TRACON& Tower with Radar,418,331,34,3,786,0,0,1,0,1,418,331,35,3,787,0,0,0,787
12/03/2007,MEM,TN,ASO,CE,Combined TRACON& Tower with Radar,338,357,70,2,767,0,2,19,0,21,338,359,89,2,788,0,0,0,788
12/04/2007,MEM,TN,ASO,CE,Combined TRACON& Tower with Radar,732,391,70,6,1199,0,2,13,0,15,732,393,83,6,1214,0,0,0,1214
12/05/2007,MEM,TN,ASO,CE,Combined TRACON& Tower with Radar,747,384,75,3,1209,0,0,10,0,10,747,384,85,3,1219,0,0,0,1219
12/06/2007,MEM,TN,ASO,CE,Combined TRACON& Tower with Radar,725,377,87,2,1191,0,3,13,0,16,725,380,100,2,1207,0,0,0,1207
12/07/2007,MEM,TN,ASO,CE,Combined TRACON& Tower with Radar,748,364,87,0,1199,0,0,6,0,6,748,364,93,0,1205,0,0,0,1205
12/08/2007,MEM,TN,ASO,CE,Combined TRACON& Tower with Radar,527,303,28,1,859,0,0,6,1,7,527,303,34,2,866,0,0,0,866
12/09/2007,MEM,TN,ASO,CE,Combined TRACON& Tower with Radar,426,307,47,1,781,0,0,10,0,10,426,307,57,1,791,0,0,0,791
12/10/2007,MEM,TN,ASO,CE,Combined TRACON& Tower with Radar,333,350,77,2,762,0,0,0,0,0,333,350,77,2,762,0,0,0,762
12/11/2007,MEM,TN,ASO,CE,Combined TRACON& Tower with Radar,737,391,101,6,1235,0,1,15,0,16,737,392,116,6,1251,0,0,0,1251
12/12/2007,MEM,TN,ASO,CE,Combined TRACON& Tower with Radar,758,395,109,1,1263,0,0,2,0,2,758,395,111,1,1265,0,0,0,1265
12/13/2007,MEM,TN,ASO,CE,Combined TRACON& Tower with Radar,777,396,84,2,1259,0,0,7,0,7,777,396,91,2,1266,0,0,0,1266
12/14/2007,MEM,TN,ASO,CE,Combined TRACON& Tower with Radar,745,391,89,5,1230,0,1,5,0,6,745,392,94,5,1236,0,0,0,1236
12/15/2007,MEM,TN,ASO,CE,Combined TRACON& Tower with Radar,555,284,25,3,867,0,0,0,0,0,555,284,25,3,867,0,0,0,867
12/16/2007,MEM,TN,ASO,CE,Combined TRACON& Tower with Radar,461,329,41,2,833,0,1,12,0,13,461,330,53,2,846,0,0,0,846
12/17/2007,MEM,TN,ASO,CE,Combined TRACON& Tower with Radar,335,347,69,1,752,0,1,22,0,23,335,348,91,1,775,0,0,0,775
12/18/2007,MEM,TN,ASO,CE,Combined TRACON& Tower with Radar,789,384,82,4,1259,0,1,8,1,10,789,385,90,5,1269,0,0,0,1269
12/19/2007,MEM,TN,ASO,CE,Combined TRACON& Tower with Radar,802,406,109,0,1317,0,2,18,0,20,802,408,127,0,1337,0,0,0,1337
12/20/2007,MEM,TN,ASO,CE,Combined TRACON& Tower with Radar,817,395,93,1,1306,0,2,6,0,8,817,397,99,1,1314,0,0,0,1314
12/21/2007,MEM,TN,ASO,CE,Combined TRACON& Tower with Radar,796,376,70,3,1245,0,1,10,1,12,796,377,80,4,1257,0,0,0,1257
12/22/2007,MEM,TN,ASO,CE,Combined TRACON& Tower with Radar,637,327,41,2,1007,0,0,1,0,1,637,327,42,2,1008,0,0,0,1008
12/23/2007,MEM,TN,ASO,CE,Combined TRACON& Tower with Radar,484,318,36,1,839,0,1,8,2,11,484,319,44,3,850,0,0,0,850
12/24/2007,MEM,TN,ASO,CE,Combined TRACON& Tower with Radar,303,304,7,0,614,0,1,12,0,13,303,305,19,0,627,0,0,0,627
12/25/2007,MEM,TN,ASO,CE,Combined TRACON& Tower with Radar,245,285,10,0,540,0,5,10,0,15,245,290,20,0,555,0,0,0,555
12/26/2007,MEM,TN,ASO,CE,Combined TRACON& Tower with Radar,615,345,39,2,1001,0,0,9,0,9,615,345,48,2,1010,0,0,0,1010
12/27/2007,MEM,TN,ASO,CE,Combined TRACON& Tower with Radar,738,376,74,0,1188,0,0,0,0,0,738,376,74,0,1188,0,0,0,1188
12/28/2007,MEM,TN,ASO,CE,Combined TRACON& Tower with Radar,706,364,49,1,1120,0,0,6,0,6,706,364,55,1,1126,0,0,0,1126
12/29/2007,MEM,TN,ASO,CE,Combined TRACON& Tower with Radar,551,323,32,0,906,0,0,32,0,32,551,323,64,0,938,0,0,0,938
12/30/2007,MEM,TN,ASO,CE,Combined TRACON& Tower with Radar,410,348,44,1,803,0,2,5,0,7,410,350,49,1,810,0,0,0,810
12/31/2007,MEM,TN,ASO,CE,Combined TRACON& Tower with Radar,303,330,33,0,666,2,2,12,0,16,305,332,45,0,682,0,0,0,682
01/01/2008,MEM,TN,ASO,CE,Combined TRACON& Tower with Radar,297,344,18,0,659,0,0,9,1,10,297,344,27,1,669,0,0,0,669
01/02/2008,MEM,TN,ASO,CE,Combined TRACON& Tower with Radar,640,353,48,4,1045,0,1,7,0,8,640,354,55,4,1053,0,0,0,1053
01/03/2008,MEM,TN,ASO,CE,Combined TRACON& Tower with Radar,701,373,53,5,1132,0,0,7,0,7,701,373,60,5,1139,0,0,0,1139
01/04/2008,MEM,TN,ASO,CE,Combined TRACON& Tower with Radar,675,360,55,2,1092,0,0,8,0,8,675,360,63,2,1100,0,0,0,1100
01/05/2008,MEM,TN,ASO,CE,Combined TRACON& Tower with Radar,564,316,27,2,909,0,0,3,1,4,564,316,30,3,913,0,0,0,913
01/06/2008,MEM,TN,ASO,CE,Combined TRACON& Tower with Radar,400,338,30,1,769,0,1,9,0,10,400,339,39,1,779,0,0,0,779
01/07/2008,MEM,TN,ASO,CE,Combined TRACON& Tower with Radar,298,345,45,0,688,0,0,7,0,7,298,345,52,0,695,0,0,0,695
01/08/2008,MEM,TN,ASO,CE,Combined TRACON& Tower with Radar,707,384,63,5,1159,0,0,3,0,3,707,384,66,5,1162,0,0,0,1162
01/09/2008,MEM,TN,ASO,CE,Combined TRACON& Tower with Radar,697,385,78,5,1165,0,1,18,0,19,697,386,96,5,1184,0,0,0,1184
01/10/2008,MEM,TN,ASO,CE,Combined TRACON& Tower with Radar,666,373,62,0,1101,0,1,2,0,3,666,374,64,0,1104,0,0,0,1104
01/11/2008,MEM,TN,ASO,CE,Combined TRACON& Tower with Radar,678,382,82,8,1150,0,4,18,1,23,678,386,100,9,1173,0,0,0,1173
01/12/2008,MEM,TN,ASO,CE,Combined TRACON& Tower with Radar,499,313,34,4,850,0,0,12,0,12,499,313,46,4,862,0,0,0,862
01/13/2008,MEM,TN,ASO,CE,Combined TRACON& Tower with Radar,386,340,50,0,776,0,1,10,0,11,386,341,60,0,787,0,0,0,787
01/14/2008,MEM,TN,ASO,CE,Combined TRACON& Tower with Radar,312,358,66,0,736,0,1,14,0,15,312,359,80,0,751,0,0,0,751
01/15/2008,MEM,TN,ASO,CE,Combined TRACON& Tower with Radar,688,386,68,8,1150,0,7,17,0,24,688,393,85,8,1174,0,0,0,1174
01/16/2008,MEM,TN,ASO,CE,Combined TRACON& Tower with Radar,666,392,73,2,1133,0,3,6,0,9,666,395,79,2,1142,0,0,0,1142
01/17/2008,MEM,TN,ASO,CE,Combined TRACON& Tower with Radar,682,387,80,3,1152,0,0,0,0,0,682,387,80,3,1152,0,0,0,1152
01/18/2008,MEM,TN,ASO,CE,Combined TRACON& Tower with Radar,674,390,64,3,1131,0,3,15,1,19,674,393,79,4,1150,0,0,0,1150
01/19/2008,MEM,TN,ASO,CE,Combined TRACON& Tower with Radar,500,309,31,2,842,0,1,10,0,11,500,310,41,2,853,0,0,0,853
01/20/2008,MEM,TN,ASO,CE,Combined TRACON& Tower with Radar,391,327,30,0,748,0,0,16,0,16,391,327,46,0,764,0,0,0,764
01/21/2008,MEM,TN,ASO,CE,Combined TRACON& Tower with Radar,299,359,49,0,707,0,3,24,1,28,299,362,73,1,735,0,0,0,735
01/22/2008,MEM,TN,ASO,CE,Combined TRACON& Tower with Radar,656,374,60,1,1091,0,0,0,0,0,656,374,60,1,1091,0,0,0,1091
01/23/2008,MEM,TN,ASO,CE,Combined TRACON& Tower with Radar,694,401,108,4,1207,0,1,10,0,11,694,402,118,4,1218,0,0,0,1218
01/24/2008,MEM,TN,ASO,CE,Combined TRACON& Tower with Radar,711,395,76,2,1184,0,1,14,1,16,711,396,90,3,1200,0,0,0,1200
01/25/2008,MEM,TN,ASO,CE,Combined TRACON& Tower with Radar,658,362,52,7,1079,0,2,5,0,7,658,364,57,7,1086,0,0,0,1086
01/26/2008,MEM,TN,ASO,CE,Combined TRACON& Tower with Radar,514,310,31,3,858,0,0,0,0,0,514,310,31,3,858,0,0,0,858
01/27/2008,MEM,TN,ASO,CE,Combined TRACON& Tower with Radar,392,314,31,2,739,0,0,8,0,8,392,314,39,2,747,0,0,0,747
01/28/2008,MEM,TN,ASO,CE,Combined TRACON& Tower with Radar,281,363,76,1,721,0,2,9,0,11,281,365,85,1,732,0,0,0,732
01/29/2008,MEM,TN,ASO,CE,Combined TRACON& Tower with Radar,704,392,62,1,1159,0,0,1,1,2,704,392,63,2,1161,0,0,0,1161
01/30/2008,MEM,TN,ASO,CE,Combined TRACON& Tower with Radar,718,390,85,4,1197,0,2,12,1,15,718,392,97,5,1212,0,0,0,1212
01/31/2008,MEM,TN,ASO,CE,Combined TRACON& Tower with Radar,664,383,75,4,1126,0,2,2,0,4,664,385,77,4,1130,0,0,0,1130
02/01/2008,MEM,TN,ASO,CE,Combined TRACON& Tower with Radar,687,376,83,4,1150,0,3,8,2,13,687,379,91,6,1163,0,0,0,1163
02/02/2008,MEM,TN,ASO,CE,Combined TRACON& Tower with Radar,504,301,29,1,835,0,0,22,1,23,504,301,51,2,858,0,0,0,858
02/03/2008,MEM,TN,ASO,CE,Combined TRACON& Tower with Radar,386,326,25,7,744,0,3,2,1,6,386,329,27,8,750,0,0,0,750
02/04/2008,MEM,TN,ASO,CE,Combined TRACON& Tower with Radar,300,342,62,0,704,0,2,6,0,8,300,344,68,0,712,0,0,0,712
02/05/2008,MEM,TN,ASO,CE,Combined TRACON& Tower with Radar,649,324,54,3,1030,0,2,1,0,3,649,326,55,3,1033,0,0,0,1033
02/06/2008,MEM,TN,ASO,CE,Combined TRACON& Tower with Radar,710,375,88,2,1175,0,11,26,1,38,710,386,114,3,1213,0,0,0,1213
02/07/2008,MEM,TN,ASO,CE,Combined TRACON& Tower with Radar,726,390,88,3,1207,0,4,14,3,21,726,394,102,6,1228,0,0,0,1228
02/08/2008,MEM,TN,ASO,CE,Combined TRACON& Tower with Radar,665,367,65,6,1103,0,12,22,2,36,665,379,87,8,1139,0,0,0,1139
02/09/2008,MEM,TN,ASO,CE,Combined TRACON& Tower with Radar,514,305,24,3,846,0,2,12,1,15,514,307,36,4,861,0,0,0,861
02/10/2008,MEM,TN,ASO,CE,Combined TRACON& Tower with Radar,393,328,37,2,760,0,0,22,1,23,393,328,59,3,783,0,0,0,783
02/11/2008,MEM,TN,ASO,CE,Combined TRACON& Tower with Radar,293,341,71,1,706,0,5,17,1,23,293,346,88,2,729,0,0,0,729
02/12/2008,MEM,TN,ASO,CE,Combined TRACON& Tower with Radar,697,321,62,1,1081,0,0,0,0,0,697,321,62,1,1081,0,0,0,1081
02/13/2008,MEM,TN,ASO,CE,Combined TRACON& Tower with Radar,740,357,86,2,1185,0,2,16,0,18,740,359,102,2,1203,0,0,0,1203
02/14/2008,MEM,TN,ASO,CE,Combined TRACON& Tower with Radar,711,371,76,3,1161,1,9,15,1,26,712,380,91,4,1187,0,0,0,1187
02/15/2008,MEM,TN,ASO,CE,Combined TRACON& Tower with Radar,705,372,66,7,1150,0,3,11,0,14,705,375,77,7,1164,0,0,0,1164
02/16/2008,MEM,TN,ASO,CE,Combined TRACON& Tower with Radar,536,315,36,9,896,0,2,12,0,14,536,317,48,9,910,0,0,0,910
02/17/2008,MEM,TN,ASO,CE,Combined TRACON& Tower with Radar,393,311,29,1,734,1,0,2,0,3,394,311,31,1,737,0,0,0,737
02/18/2008,MEM,TN,ASO,CE,Combined TRACON& Tower with Radar,328,364,69,0,761,0,4,8,0,12,328,368,77,0,773,0,0,0,773
02/19/2008,MEM,TN,ASO,CE,Combined TRACON& Tower with Radar,672,383,81,3,1139,0,0,17,1,18,672,383,98,4,1157,0,0,0,1157
02/20/2008,MEM,TN,ASO,CE,Combined TRACON& Tower with Radar,705,392,67,5,1169,0,1,9,2,12,705,393,76,7,1181,0,0,0,1181
02/21/2008,MEM,TN,ASO,CE,Combined TRACON& Tower with Radar,665,368,66,3,1102,0,0,0,0,0,665,368,66,3,1102,0,0,0,1102
02/22/2008,MEM,TN,ASO,CE,Combined TRACON& Tower with Radar,700,374,64,0,1138,0,0,1,0,1,700,374,65,0,1139,0,0,0,1139
02/23/2008,MEM,TN,ASO,CE,Combined TRACON& Tower with Radar,554,306,49,7,916,0,0,9,0,9,554,306,58,7,925,0,0,0,925
02/24/2008,MEM,TN,ASO,CE,Combined TRACON& Tower with Radar,397,355,31,0,783,0,0,2,0,2,397,355,33,0,785,0,0,0,785
02/25/2008,MEM,TN,ASO,CE,Combined TRACON& Tower with Radar,397,355,31,0,783,0,0,2,0,2,397,355,33,0,785,0,0,0,785
02/26/2008,MEM,TN,ASO,CE,Combined TRACON& Tower with Radar,714,383,57,6,1160,0,0,11,0,11,714,383,68,6,1171,0,0,0,1171
02/27/2008,MEM,TN,ASO,CE,Combined TRACON& Tower with Radar,726,396,84,12,1218,0,1,11,2,14,726,397,95,14,1232,0,0,0,1232
02/28/2008,MEM,TN,ASO,CE,Combined TRACON& Tower with Radar,672,408,82,9,1171,0,3,14,4,21,672,411,96,13,1192,0,0,0,1192
02/29/2008,MEM,TN,ASO,CE,Combined TRACON& Tower with Radar,694,389,65,9,1157,0,0,9,0,9,694,389,74,9,1166,0,0,0,1166
03/01/2008,MEM,TN,ASO,CE,Combined TRACON& Tower with Radar,541,320,41,3,905,0,1,15,2,18,541,321,56,5,923,0,0,0,923
03/02/2008,MEM,TN,ASO,CE,Combined TRACON& Tower with Radar,394,361,40,2,797,0,1,12,5,18,394,362,52,7,815,0,0,0,815
03/03/2008,MEM,TN,ASO,CE,Combined TRACON& Tower with Radar,303,349,50,1,703,0,0,2,0,2,303,349,52,1,705,0,0,0,705
03/04/2008,MEM,TN,ASO,CE,Combined TRACON& Tower with Radar,726,394,59,3,1182,0,0,2,2,4,726,394,61,5,1186,0,0,0,1186
03/05/2008,MEM,TN,ASO,CE,Combined TRACON& Tower with Radar,705,383,67,1,1156,0,5,18,4,27,705,388,85,5,1183,0,0,0,1183
03/06/2008,MEM,TN,ASO,CE,Combined TRACON& Tower with Radar,691,406,69,5,1171,0,0,10,2,12,691,406,79,7,1183,0,0,0,1183
03/07/2008,MEM,TN,ASO,CE,Combined TRACON& Tower with Radar,627,323,45,1,996,0,0,3,0,3,627,323,48,1,999,0,0,0,999
03/08/2008,MEM,TN,ASO,CE,Combined TRACON& Tower with Radar,600,261,57,4,922,0,1,11,2,14,600,262,68,6,936,0,0,0,936
03/09/2008,MEM,TN,ASO,CE,Combined TRACON& Tower with Radar,410,335,61,14,820,0,0,15,2,17,410,335,76,16,837,0,0,0,837
03/10/2008,MEM,TN,ASO,CE,Combined TRACON& Tower with Radar,354,366,54,2,776,0,5,20,2,27,354,371,74,4,803,0,0,0,803
03/11/2008,MEM,TN,ASO,CE,Combined TRACON& Tower with Radar,702,410,53,5,1170,0,1,21,2,24,702,411,74,7,1194,0,0,0,1194
03/12/2008,MEM,TN,ASO,CE,Combined TRACON& Tower with Radar,653,386,60,1,1100,0,2,20,3,25,653,388,80,4,1125,0,0,0,1125
03/13/2008,MEM,TN,ASO,CE,Combined TRACON& Tower with Radar,681,406,73,3,1163,0,2,22,4,28,681,408,95,7,1191,0,0,0,1191
03/14/2008,MEM,TN,ASO,CE,Combined TRACON& Tower with Radar,723,396,62,1,1182,0,0,6,0,6,723,396,68,1,1188,0,0,0,1188
03/15/2008,MEM,TN,ASO,CE,Combined TRACON& Tower with Radar,535,317,29,6,887,0,0,3,0,3,535,317,32,6,890,0,0,0,890
03/16/2008,MEM,TN,ASO,CE,Combined TRACON& Tower with Radar,408,353,58,3,822,0,0,19,1,20,408,353,77,4,842,0,0,0,842
03/17/2008,MEM,TN,ASO,CE,Combined TRACON& Tower with Radar,301,385,47,3,736,0,1,11,0,12,301,386,58,3,748,0,0,0,748
03/18/2008,MEM,TN,ASO,CE,Combined TRACON& Tower with Radar,690,384,49,0,1123,0,1,11,0,12,690,385,60,0,1135,0,0,0,1135
03/19/2008,MEM,TN,ASO,CE,Combined TRACON& Tower with Radar,726,384,66,1,1177,0,0,1,0,1,726,384,67,1,1178,0,0,0,1178
03/20/2008,MEM,TN,ASO,CE,Combined TRACON& Tower with Radar,724,391,95,7,1217,0,3,22,1,26,724,394,117,8,1243,0,0,0,1243
03/21/2008,MEM,TN,ASO,CE,Combined TRACON& Tower with Radar,724,391,95,7,1217,0,3,22,1,26,724,394,117,8,1243,0,0,0,1243
03/22/2008,MEM,TN,ASO,CE,Combined TRACON& Tower with Radar,532,313,31,1,877,0,0,26,1,27,532,313,57,2,904,0,0,0,904
03/23/2008,MEM,TN,ASO,CE,Combined TRACON& Tower with Radar,398,359,22,0,779,0,1,7,0,8,398,360,29,0,787,0,0,0,787
03/24/2008,MEM,TN,ASO,CE,Combined TRACON& Tower with Radar,343,379,46,5,773,0,2,21,0,23,343,381,67,5,796,0,0,0,796
03/25/2008,MEM,TN,ASO,CE,Combined TRACON& Tower with Radar,669,398,74,5,1146,0,2,13,1,16,669,400,87,6,1162,0,0,0,1162
03/26/2008,MEM,TN,ASO,CE,Combined TRACON& Tower with Radar,702,399,88,6,1195,0,6,16,0,22,702,405,104,6,1217,0,0,0,1217
03/27/2008,MEM,TN,ASO,CE,Combined TRACON& Tower with Radar,685,406,62,3,1156,0,1,10,2,13,685,407,72,5,1169,0,0,0,1169
03/28/2008,MEM,TN,ASO,CE,Combined TRACON& Tower with Radar,710,391,81,1,1183,0,1,2,0,3,710,392,83,1,1186,0,0,0,1186
03/29/2008,MEM,TN,ASO,CE,Combined TRACON& Tower with Radar,558,311,26,2,897,0,0,0,0,0,558,311,26,2,897,0,0,0,897
03/30/2008,MEM,TN,ASO,CE,Combined TRACON& Tower with Radar,403,350,53,0,806,0,0,0,0,0,403,350,53,0,806,0,0,0,806
03/31/2008,MEM,TN,ASO,CE,Combined TRACON& Tower with Radar,237,363,48,12,660,0,3,14,1,18,237,366,62,13,678,0,0,0,678
04/01/2008,MEM,TN,ASO,CE,Combined TRACON& Tower with Radar,764,379,70,12,1225,0,0,0,0,0,764,379,70,12,1225,0,0,0,1225
04/02/2008,MEM,TN,ASO,CE,Combined TRACON& Tower with Radar,724,402,88,1,1215,0,1,12,0,13,724,403,100,1,1228,0,0,0,1228
04/03/2008,MEM,TN,ASO,CE,Combined TRACON& Tower with Radar,659,396,76,3,1134,0,0,4,0,4,659,396,80,3,1138,0,0,0,1138
04/04/2008,MEM,TN,ASO,CE,Combined TRACON& Tower with Radar,714,373,87,2,1176,0,0,0,0,0,714,373,87,2,1176,0,0,0,1176
04/05/2008,MEM,TN,ASO,CE,Combined TRACON& Tower with Radar,531,321,51,3,906,0,0,19,1,20,531,321,70,4,926,0,0,0,926
04/06/2008,MEM,TN,ASO,CE,Combined TRACON& Tower with Radar,388,373,39,3,803,0,0,12,0,12,388,373,51,3,815,0,0,0,815
04/07/2008,MEM,TN,ASO,CE,Combined TRACON& Tower with Radar,347,395,67,5,814,0,2,19,0,21,347,397,86,5,835,0,0,0,835
04/08/2008,MEM,TN,ASO,CE,Combined TRACON& Tower with Radar,688,409,114,4,1215,0,3,10,0,13,688,412,124,4,1228,0,0,0,1228
04/09/2008,MEM,TN,ASO,CE,Combined TRACON& Tower with Radar,688,398,69,4,1159,0,2,8,2,12,688,400,77,6,1171,0,0,0,1171
04/10/2008,MEM,TN,ASO,CE,Combined TRACON& Tower with Radar,641,380,44,2,1067,0,0,3,0,3,641,380,47,2,1070,0,0,0,1070
04/11/2008,MEM,TN,ASO,CE,Combined TRACON& Tower with Radar,737,402,58,1,1198,0,1,11,0,12,737,403,69,1,1210,0,0,0,1210
04/12/2008,MEM,TN,ASO,CE,Combined TRACON& Tower with Radar,525,325,34,7,891,0,1,13,0,14,525,326,47,7,905,0,0,0,905
04/13/2008,MEM,TN,ASO,CE,Combined TRACON& Tower with Radar,388,352,41,2,783,0,0,10,0,10,388,352,51,2,793,0,0,0,793
04/14/2008,MEM,TN,ASO,CE,Combined TRACON& Tower with Radar,342,367,66,1,776,0,0,10,0,10,342,367,76,1,786,0,0,0,786
04/15/2008,MEM,TN,ASO,CE,Combined TRACON& Tower with Radar,705,390,72,0,1167,0,2,16,1,19,705,392,88,1,1186,0,0,0,1186
04/16/2008,MEM,TN,ASO,CE,Combined TRACON& Tower with Radar,689,390,72,8,1159,0,2,9,0,11,689,392,81,8,1170,0,0,0,1170
04/17/2008,MEM,TN,ASO,CE,Combined TRACON& Tower with Radar,696,399,59,6,1160,0,5,11,2,18,696,404,70,8,1178,0,0,0,1178
04/18/2008,MEM,TN,ASO,CE,Combined TRACON& Tower with Radar,687,380,74,3,1144,0,0,4,2,6,687,380,78,5,1150,0,0,0,1150
04/19/2008,MEM,TN,ASO,CE,Combined TRACON& Tower with Radar,508,320,29,1,858,0,0,14,2,16,508,320,43,3,874,0,0,0,874
04/20/2008,MEM,TN,ASO,CE,Combined TRACON& Tower with Radar,393,355,35,5,788,0,0,16,3,19,393,355,51,8,807,0,0,0,807
04/21/2008,MEM,TN,ASO,CE,Combined TRACON& Tower with Radar,349,386,58,7,800,0,2,18,1,21,349,388,76,8,821,0,0,0,821
04/22/2008,MEM,TN,ASO,CE,Combined TRACON& Tower with Radar,691,400,73,0,1164,0,1,10,3,14,691,401,83,3,1178,0,0,0,1178
04/23/2008,MEM,TN,ASO,CE,Combined TRACON& Tower with Radar,692,389,59,1,1141,0,5,14,5,24,692,394,73,6,1165,0,0,0,1165
04/24/2008,MEM,TN,ASO,CE,Combined TRACON& Tower with Radar,661,396,60,5,1122,0,5,6,0,11,661,401,66,5,1133,0,0,0,1133
04/25/2008,MEM,TN,ASO,CE,Combined TRACON& Tower with Radar,672,394,64,6,1136,0,4,10,0,14,672,398,74,6,1150,0,0,0,1150
04/26/2008,MEM,TN,ASO,CE,Combined TRACON& Tower with Radar,539,331,26,3,899,0,1,20,3,24,539,332,46,6,923,0,0,0,923
04/27/2008,MEM,TN,ASO,CE,Combined TRACON& Tower with Radar,393,364,33,5,795,0,0,5,1,6,393,364,38,6,801,0,0,0,801
04/28/2008,MEM,TN,ASO,CE,Combined TRACON& Tower with Radar,393,364,33,5,795,0,0,5,1,6,393,364,38,6,801,0,0,0,801
04/29/2008,MEM,TN,ASO,CE,Combined TRACON& Tower with Radar,708,399,75,3,1185,0,3,14,4,21,708,402,89,7,1206,0,0,0,1206
04/30/2008,MEM,TN,ASO,CE,Combined TRACON& Tower with Radar,658,341,91,2,1092,0,10,10,1,21,658,351,101,3,1113,0,0,0,1113
05/01/2008,MEM,TN,ASO,CE,Combined TRACON& Tower with Radar,683,402,69,2,1156,0,7,10,0,17,683,409,79,2,1173,0,0,0,1173
05/02/2008,MEM,TN,ASO,CE,Combined TRACON& Tower with Radar,642,353,44,2,1041,0,0,3,2,5,642,353,47,4,1046,0,0,0,1046
05/03/2008,MEM,TN,ASO,CE,Combined TRACON& Tower with Radar,578,309,32,2,921,0,1,6,3,10,578,310,38,5,931,0,0,0,931
05/04/2008,MEM,TN,ASO,CE,Combined TRACON& Tower with Radar,404,346,47,0,797,0,0,8,1,9,404,346,55,1,806,0,0,0,806
05/05/2008,MEM,TN,ASO,CE,Combined TRACON& Tower with Radar,355,355,50,2,762,0,3,17,0,20,355,358,67,2,782,0,0,0,782
05/06/2008,MEM,TN,ASO,CE,Combined TRACON& Tower with Radar,722,384,70,2,1178,0,8,7,0,15,722,392,77,2,1193,0,0,0,1193
05/07/2008,MEM,TN,ASO,CE,Combined TRACON& Tower with Radar,693,390,71,2,1156,0,1,10,3,14,693,391,81,5,1170,0,0,0,1170
05/08/2008,MEM,TN,ASO,CE,Combined TRACON& Tower with Radar,766,395,74,3,1238,0,0,6,0,6,766,395,80,3,1244,0,0,0,1244
05/09/2008,MEM,TN,ASO,CE,Combined TRACON& Tower with Radar,739,385,56,13,1193,0,1,22,2,25,739,386,78,15,1218,0,0,0,1218
05/10/2008,MEM,TN,ASO,CE,Combined TRACON& Tower with Radar,523,326,39,1,889,0,0,1,0,1,523,326,40,1,890,0,0,0,890
05/11/2008,MEM,TN,ASO,CE,Combined TRACON& Tower with Radar,409,360,39,8,816,0,0,10,2,12,409,360,49,10,828,0,0,0,828
05/12/2008,MEM,TN,ASO,CE,Combined TRACON& Tower with Radar,358,358,78,1,795,0,1,22,0,23,358,359,100,1,818,0,0,0,818
05/13/2008,MEM,TN,ASO,CE,Combined TRACON& Tower with Radar,688,379,78,4,1149,0,2,11,1,14,688,381,89,5,1163,0,0,0,1163
05/14/2008,MEM,TN,ASO,CE,Combined TRACON& Tower with Radar,749,392,85,1,1227,0,3,3,1,7,749,395,88,2,1234,0,0,0,1234
05/15/2008,MEM,TN,ASO,CE,Combined TRACON& Tower with Radar,714,405,80,4,1203,0,0,1,0,1,714,405,81,4,1204,0,0,0,1204
05/16/2008,MEM,TN,ASO,CE,Combined TRACON& Tower with Radar,697,375,67,8,1147,0,2,17,1,20,697,377,84,9,1167,0,0,0,1167
05/17/2008,MEM,TN,ASO,CE,Combined TRACON& Tower with Radar,520,323,29,4,876,0,1,18,0,19,520,324,47,4,895,0,0,0,895
05/18/2008,MEM,TN,ASO,CE,Combined TRACON& Tower with Radar,408,350,53,5,816,0,0,7,0,7,408,350,60,5,823,0,0,0,823
05/19/2008,MEM,TN,ASO,CE,Combined TRACON& Tower with Radar,339,362,66,5,772,0,0,12,1,13,339,362,78,6,785,0,0,0,785
05/20/2008,MEM,TN,ASO,CE,Combined TRACON& Tower with Radar,573,319,63,2,957,0,2,17,0,19,573,321,80,2,976,0,0,0,976
05/21/2008,MEM,TN,ASO,CE,Combined TRACON& Tower with Radar,722,387,89,6,1204,0,7,19,0,26,722,394,108,6,1230,0,0,0,1230
05/22/2008,MEM,TN,ASO,CE,Combined TRACON& Tower with Radar,690,376,65,2,1133,0,4,9,0,13,690,380,74,2,1146,0,0,0,1146
05/23/2008,MEM,TN,ASO,CE,Combined TRACON& Tower with Radar,717,369,72,5,1163,0,3,13,0,16,717,372,85,5,1179,0,0,0,1179
05/24/2008,MEM,TN,ASO,CE,Combined TRACON& Tower with Radar,515,316,13,4,848,0,1,8,1,10,515,317,21,5,858,0,0,0,858
05/25/2008,MEM,TN,ASO,CE,Combined TRACON& Tower with Radar,395,303,31,3,732,0,0,11,2,13,395,303,42,5,745,0,0,0,745
05/26/2008,MEM,TN,ASO,CE,Combined TRACON& Tower with Radar,395,303,31,3,732,0,0,11,2,13,395,303,42,5,745,0,0,0,745
05/27/2008,MEM,TN,ASO,CE,Combined TRACON& Tower with Radar,335,350,66,0,751,0,6,8,0,14,335,356,74,0,765,0,0,0,765
05/28/2008,MEM,TN,ASO,CE,Combined TRACON& Tower with Radar,757,379,55,4,1195,0,0,3,0,3,757,379,58,4,1198,0,0,0,1198
05/29/2008,MEM,TN,ASO,CE,Combined TRACON& Tower with Radar,734,387,66,7,1194,0,2,10,1,13,734,389,76,8,1207,0,0,0,1207
05/30/2008,MEM,TN,ASO,CE,Combined TRACON& Tower with Radar,699,364,42,14,1119,0,0,7,2,9,699,364,49,16,1128,0,0,0,1128
05/31/2008,MEM,TN,ASO,CE,Combined TRACON& Tower with Radar,516,331,30,4,881,0,0,11,2,13,516,331,41,6,894,0,0,0,894
06/01/2008,MEM,TN,ASO,CE,Combined TRACON& Tower with Radar,405,342,38,5,790,0,0,5,2,7,405,342,43,7,797,0,0,0,797
06/02/2008,MEM,TN,ASO,CE,Combined TRACON& Tower with Radar,352,368,56,4,780,0,0,9,2,11,352,368,65,6,791,0,0,0,791
06/03/2008,MEM,TN,ASO,CE,Combined TRACON& Tower with Radar,685,385,73,4,1147,0,4,11,0,15,685,389,84,4,1162,0,0,0,1162
06/04/2008,MEM,TN,ASO,CE,Combined TRACON& Tower with Radar,712,382,64,9,1167,0,4,11,0,15,712,386,75,9,1182,0,0,0,1182
06/05/2008,MEM,TN,ASO,CE,Combined TRACON& Tower with Radar,701,382,63,4,1150,0,1,14,2,17,701,383,77,6,1167,0,0,0,1167
06/06/2008,MEM,TN,ASO,CE,Combined TRACON& Tower with Radar,684,364,52,4,1104,0,1,15,4,20,684,365,67,8,1124,0,0,0,1124
06/07/2008,MEM,TN,ASO,CE,Combined TRACON& Tower with Radar,532,324,32,0,888,0,0,18,1,19,532,324,50,1,907,0,0,0,907
06/08/2008,MEM,TN,ASO,CE,Combined TRACON& Tower with Radar,410,351,51,4,816,0,0,16,2,18,410,351,67,6,834,0,0,0,834
06/09/2008,MEM,TN,ASO,CE,Combined TRACON& Tower with Radar,287,280,47,5,619,0,0,0,0,0,287,280,47,5,619,0,0,0,619
06/10/2008,MEM,TN,ASO,CE,Combined TRACON& Tower with Radar,747,376,75,5,1203,0,1,2,1,4,747,377,77,6,1207,0,0,0,1207
06/11/2008,MEM,TN,ASO,CE,Combined TRACON& Tower with Radar,699,391,74,1,1165,0,1,20,1,22,699,392,94,2,1187,0,0,0,1187
06/12/2008,MEM,TN,ASO,CE,Combined TRACON& Tower with Radar,711,375,78,4,1168,0,1,14,1,16,711,376,92,5,1184,0,0,0,1184
06/13/2008,MEM,TN,ASO,CE,Combined TRACON& Tower with Radar,650,358,74,3,1085,0,1,17,0,18,650,359,91,3,1103,0,0,0,1103
06/14/2008,MEM,TN,ASO,CE,Combined TRACON& Tower with Radar,557,321,19,4,901,0,0,9,0,9,557,321,28,4,910,0,0,0,910
06/15/2008,MEM,TN,ASO,CE,Combined TRACON& Tower with Radar,409,339,27,3,778,0,0,0,0,0,409,339,27,3,778,0,0,0,778
06/16/2008,MEM,TN,ASO,CE,Combined TRACON& Tower with Radar,359,353,40,5,757,0,0,0,0,0,359,353,40,5,757,0,0,0,757
06/17/2008,MEM,TN,ASO,CE,Combined TRACON& Tower with Radar,704,381,61,4,1150,0,0,0,0,0,704,381,61,4,1150,0,0,0,1150
06/18/2008,MEM,TN,ASO,CE,Combined TRACON& Tower with Radar,717,381,65,3,1166,0,1,23,1,25,717,382,88,4,1191,0,0,0,1191
06/19/2008,MEM,TN,ASO,CE,Combined TRACON& Tower with Radar,704,383,44,2,1133,0,1,18,2,21,704,384,62,4,1154,0,0,0,1154
06/20/2008,MEM,TN,ASO,CE,Combined TRACON& Tower with Radar,671,370,50,6,1097,0,1,17,0,18,671,371,67,6,1115,0,0,0,1115
06/21/2008,MEM,TN,ASO,CE,Combined TRACON& Tower with Radar,543,323,30,5,901,0,0,26,4,30,543,323,56,9,931,0,0,0,931
06/22/2008,MEM,TN,ASO,CE,Combined TRACON& Tower with Radar,412,340,33,1,786,0,3,20,1,24,412,343,53,2,810,0,0,0,810
06/23/2008,MEM,TN,ASO,CE,Combined TRACON& Tower with Radar,368,353,50,4,775,0,1,29,0,30,368,354,79,4,805,0,0,0,805
06/24/2008,MEM,TN,ASO,CE,Combined TRACON& Tower with Radar,709,375,52,4,1140,0,6,18,2,26,709,381,70,6,1166,0,0,0,1166
06/25/2008,MEM,TN,ASO,CE,Combined TRACON& Tower with Radar,706,383,61,2,1152,0,1,15,4,20,706,384,76,6,1172,0,0,0,1172
06/26/2008,MEM,TN,ASO,CE,Combined TRACON& Tower with Radar,727,378,74,4,1183,0,4,11,1,16,727,382,85,5,1199,0,0,0,1199
06/27/2008,MEM,TN,ASO,CE,Combined TRACON& Tower with Radar,685,363,69,11,1128,0,1,14,0,15,685,364,83,11,1143,0,0,0,1143
06/28/2008,MEM,TN,ASO,CE,Combined TRACON& Tower with Radar,543,335,17,0,895,4,0,11,1,16,547,335,28,1,911,0,0,0,911
06/29/2008,MEM,TN,ASO,CE,Combined TRACON& Tower with Radar,408,350,29,7,794,16,1,15,0,32,424,351,44,7,826,0,0,0,826
06/30/2008,MEM,TN,ASO,CE,Combined TRACON& Tower with Radar,372,358,47,0,777,7,6,25,2,40,379,364,72,2,817,0,0,0,817
07/01/2008,MEM,TN,ASO,CE,Combined TRACON& Tower with Radar,718,372,64,5,1159,0,4,24,0,28,718,376,88,5,1187,0,0,0,1187
07/02/2008,MEM,TN,ASO,CE,Combined TRACON& Tower with Radar,708,383,47,11,1149,0,6,11,0,17,708,389,58,11,1166,0,0,0,1166
07/03/2008,MEM,TN,ASO,CE,Combined TRACON& Tower with Radar,697,325,51,0,1073,0,2,19,0,21,697,327,70,0,1094,0,0,0,1094
07/04/2008,MEM,TN,ASO,CE,Combined TRACON& Tower with Radar,280,260,10,1,551,0,0,7,2,9,280,260,17,3,560,0,0,0,560
07/05/2008,MEM,TN,ASO,CE,Combined TRACON& Tower with Radar,470,285,21,3,779,0,0,3,0,3,470,285,24,3,782,0,0,0,782
07/06/2008,MEM,TN,ASO,CE,Combined TRACON& Tower with Radar,405,338,48,0,791,0,0,16,0,16,405,338,64,0,807,0,0,0,807
07/07/2008,MEM,TN,ASO,CE,Combined TRACON& Tower with Radar,352,352,29,0,733,0,0,22,0,22,352,352,51,0,755,0,0,0,755
07/08/2008,MEM,TN,ASO,CE,Combined TRACON& Tower with Radar,715,379,65,4,1163,0,4,17,3,24,715,383,82,7,1187,0,0,0,1187
07/09/2008,MEM,TN,ASO,CE,Combined TRACON& Tower with Radar,714,395,50,1,1160,0,2,6,0,8,714,397,56,1,1168,0,0,0,1168
07/10/2008,MEM,TN,ASO,CE,Combined TRACON& Tower with Radar,703,379,64,3,1149,0,4,19,0,23,703,383,83,3,1172,0,0,0,1172
07/11/2008,MEM,TN,ASO,CE,Combined TRACON& Tower with Radar,702,374,43,3,1122,0,8,19,1,28,702,382,62,4,1150,0,0,0,1150
07/12/2008,MEM,TN,ASO,CE,Combined TRACON& Tower with Radar,521,328,18,4,871,0,2,11,0,13,521,330,29,4,884,0,0,0,884
07/13/2008,MEM,TN,ASO,CE,Combined TRACON& Tower with Radar,392,344,30,4,770,0,0,7,0,7,392,344,37,4,777,0,0,0,777
07/14/2008,MEM,TN,ASO,CE,Combined TRACON& Tower with Radar,366,365,39,2,772,0,7,19,0,26,366,372,58,2,798,0,0,0,798
07/15/2008,MEM,TN,ASO,CE,Combined TRACON& Tower with Radar,711,386,71,5,1173,0,2,11,0,13,711,388,82,5,1186,0,0,0,1186
07/16/2008,MEM,TN,ASO,CE,Combined TRACON& Tower with Radar,701,388,55,3,1147,0,3,25,0,28,701,391,80,3,1175,0,0,0,1175
07/17/2008,MEM,TN,ASO,CE,Combined TRACON& Tower with Radar,706,379,49,6,1140,0,3,20,0,23,706,382,69,6,1163,0,0,0,1163
07/18/2008,MEM,TN,ASO,CE,Combined TRACON& Tower with Radar,673,377,71,4,1125,0,1,14,1,16,673,378,85,5,1141,0,0,0,1141
07/19/2008,MEM,TN,ASO,CE,Combined TRACON& Tower with Radar,522,323,34,1,880,0,0,12,1,13,522,323,46,2,893,0,0,0,893
07/20/2008,MEM,TN,ASO,CE,Combined TRACON& Tower with Radar,407,352,48,2,809,0,0,17,0,17,407,352,65,2,826,0,0,0,826
07/21/2008,MEM,TN,ASO,CE,Combined TRACON& Tower with Radar,355,350,42,0,747,0,4,22,2,28,355,354,64,2,775,0,0,0,775
07/22/2008,MEM,TN,ASO,CE,Combined TRACON& Tower with Radar,694,380,63,5,1142,0,0,14,0,14,694,380,77,5,1156,0,0,0,1156
07/23/2008,MEM,TN,ASO,CE,Combined TRACON& Tower with Radar,692,375,48,6,1121,0,3,21,5,29,692,378,69,11,1150,0,0,0,1150
07/24/2008,MEM,TN,ASO,CE,Combined TRACON& Tower with Radar,714,378,70,4,1166,0,3,20,2,25,714,381,90,6,1191,0,0,0,1191
07/25/2008,MEM,TN,ASO,CE,Combined TRACON& Tower with Radar,676,374,59,6,1115,0,3,14,1,18,676,377,73,7,1133,0,0,0,1133
07/26/2008,MEM,TN,ASO,CE,Combined TRACON& Tower with Radar,521,331,38,0,890,0,1,10,2,13,521,332,48,2,903,0,0,0,903
07/27/2008,MEM,TN,ASO,CE,Combined TRACON& Tower with Radar,400,338,36,0,774,0,0,15,0,15,400,338,51,0,789,0,0,0,789
07/28/2008,MEM,TN,ASO,CE,Combined TRACON& Tower with Radar,354,366,38,2,760,0,3,17,0,20,354,369,55,2,780,0,0,0,780
07/29/2008,MEM,TN,ASO,CE,Combined TRACON& Tower with Radar,717,375,53,2,1147,0,0,10,0,10,717,375,63,2,1157,0,0,0,1157
07/30/2008,MEM,TN,ASO,CE,Combined TRACON& Tower with Radar,715,378,54,4,1151,0,0,20,0,20,715,378,74,4,1171,0,0,0,1171
07/31/2008,MEM,TN,ASO,CE,Combined TRACON& Tower with Radar,720,377,59,1,1157,0,1,3,0,4,720,378,62,1,1161,0,0,0,1161
08/01/2008,MEM,TN,ASO,CE,Combined TRACON& Tower with Radar,688,367,38,3,1096,0,1,15,0,16,688,368,53,3,1112,0,0,0,1112
08/02/2008,MEM,TN,ASO,CE,Combined TRACON& Tower with Radar,540,323,13,3,879,0,1,9,0,10,540,324,22,3,889,0,0,0,889
08/03/2008,MEM,TN,ASO,CE,Combined TRACON& Tower with Radar,411,332,25,2,770,0,0,2,1,3,411,332,27,3,773,0,0,0,773
08/04/2008,MEM,TN,ASO,CE,Combined TRACON& Tower with Radar,368,346,40,0,754,0,4,14,2,20,368,350,54,2,774,0,0,0,774
08/05/2008,MEM,TN,ASO,CE,Combined TRACON& Tower with Radar,711,367,49,1,1128,0,1,12,1,14,711,368,61,2,1142,0,0,0,1142
08/06/2008,MEM,TN,ASO,CE,Combined TRACON& Tower with Radar,700,374,53,5,1132,0,3,16,1,20,700,377,69,6,1152,0,0,0,1152
08/07/2008,MEM,TN,ASO,CE,Combined TRACON& Tower with Radar,719,376,64,5,1164,0,5,20,0,25,719,381,84,5,1189,0,0,0,1189
08/08/2008,MEM,TN,ASO,CE,Combined TRACON& Tower with Radar,692,366,52,7,1117,0,4,23,2,29,692,370,75,9,1146,0,0,0,1146
08/09/2008,MEM,TN,ASO,CE,Combined TRACON& Tower with Radar,521,317,24,2,864,0,2,26,0,28,521,319,50,2,892,0,0,0,892
08/10/2008,MEM,TN,ASO,CE,Combined TRACON& Tower with Radar,413,337,36,3,789,0,4,7,0,11,413,341,43,3,800,0,0,0,800
08/11/2008,MEM,TN,ASO,CE,Combined TRACON& Tower with Radar,297,349,36,2,684,0,7,6,1,14,297,356,42,3,698,0,0,0,698
08/12/2008,MEM,TN,ASO,CE,Combined TRACON& Tower with Radar,712,363,67,4,1146,0,5,18,1,24,712,368,85,5,1170,0,0,0,1170
08/13/2008,MEM,TN,ASO,CE,Combined TRACON& Tower with Radar,700,371,60,6,1137,0,2,16,1,19,700,373,76,7,1156,0,0,0,1156
08/14/2008,MEM,TN,ASO,CE,Combined TRACON& Tower with Radar,723,361,48,4,1136,0,3,23,0,26,723,364,71,4,1162,0,0,0,1162
08/15/2008,MEM,TN,ASO,CE,Combined TRACON& Tower with Radar,674,355,52,3,1084,0,3,7,0,10,674,358,59,3,1094,0,0,0,1094
08/16/2008,MEM,TN,ASO,CE,Combined TRACON& Tower with Radar,540,320,20,2,882,0,0,3,0,3,540,320,23,2,885,0,0,0,885
08/17/2008,MEM,TN,ASO,CE,Combined TRACON& Tower with Radar,411,344,38,8,801,0,3,15,1,19,411,347,53,9,820,0,0,0,820
08/18/2008,MEM,TN,ASO,CE,Combined TRACON& Tower with Radar,373,357,59,9,798,1,1,8,1,11,374,358,67,10,809,0,0,0,809
08/19/2008,MEM,TN,ASO,CE,Combined TRACON& Tower with Radar,685,387,45,6,1123,0,6,15,0,21,685,393,60,6,1144,0,0,0,1144
08/20/2008,MEM,TN,ASO,CE,Combined TRACON& Tower with Radar,667,386,71,5,1129,0,0,3,0,3,667,386,74,5,1132,0,0,0,1132
08/21/2008,MEM,TN,ASO,CE,Combined TRACON& Tower with Radar,716,374,52,3,1145,0,4,11,0,15,716,378,63,3,1160,0,0,0,1160
08/22/2008,MEM,TN,ASO,CE,Combined TRACON& Tower with Radar,678,372,62,5,1117,0,7,20,0,27,678,379,82,5,1144,0,0,0,1144
08/23/2008,MEM,TN,ASO,CE,Combined TRACON& Tower with Radar,498,298,32,1,829,0,0,8,0,8,498,298,40,1,837,0,0,0,837
08/24/2008,MEM,TN,ASO,CE,Combined TRACON& Tower with Radar,378,333,36,4,751,0,0,2,0,2,378,333,38,4,753,0,0,0,753
08/25/2008,MEM,TN,ASO,CE,Combined TRACON& Tower with Radar,326,351,43,1,721,0,0,10,0,10,326,351,53,1,731,0,0,0,731
08/26/2008,MEM,TN,ASO,CE,Combined TRACON& Tower with Radar,697,397,63,4,1161,0,4,9,2,15,697,401,72,6,1176,0,0,0,1176
08/27/2008,MEM,TN,ASO,CE,Combined TRACON& Tower with Radar,689,395,60,5,1149,0,4,16,0,20,689,399,76,5,1169,0,0,0,1169
08/28/2008,MEM,TN,ASO,CE,Combined TRACON& Tower with Radar,689,384,56,4,1133,0,2,11,0,13,689,386,67,4,1146,0,0,0,1146
08/29/2008,MEM,TN,ASO,CE,Combined TRACON& Tower with Radar,683,373,45,0,1101,0,8,23,0,31,683,381,68,0,1132,0,0,0,1132
08/30/2008,MEM,TN,ASO,CE,Combined TRACON& Tower with Radar,483,277,29,0,789,0,0,18,0,18,483,277,47,0,807,0,0,0,807
08/31/2008,MEM,TN,ASO,CE,Combined TRACON& Tower with Radar,367,283,21,1,672,0,1,10,0,11,367,284,31,1,683,0,0,0,683
09/01/2008,MEM,TN,ASO,CE,Combined TRACON& Tower with Radar,227,301,37,5,570,0,0,14,0,14,227,301,51,5,584,0,0,0,584
09/02/2008,MEM,TN,ASO,CE,Combined TRACON& Tower with Radar,344,331,47,3,725,0,3,19,0,22,344,334,66,3,747,0,0,0,747
09/03/2008,MEM,TN,ASO,CE,Combined TRACON& Tower with Radar,702,375,61,3,1141,0,1,2,0,3,702,376,63,3,1144,0,0,0,1144
09/04/2008,MEM,TN,ASO,CE,Combined TRACON& Tower with Radar,722,370,59,2,1153,0,1,7,2,10,722,371,66,4,1163,0,0,0,1163
09/05/2008,MEM,TN,ASO,CE,Combined TRACON& Tower with Radar,704,362,77,4,1147,0,0,6,0,6,704,362,83,4,1153,0,0,0,1153
09/06/2008,MEM,TN,ASO,CE,Combined TRACON& Tower with Radar,508,298,24,10,840,0,0,17,0,17,508,298,41,10,857,0,0,0,857
09/07/2008,MEM,TN,ASO,CE,Combined TRACON& Tower with Radar,387,337,40,5,769,0,0,10,4,14,387,337,50,9,783,0,0,0,783
09/08/2008,MEM,TN,ASO,CE,Combined TRACON& Tower with Radar,343,352,65,3,763,0,0,15,3,18,343,352,80,6,781,0,0,0,781
09/09/2008,MEM,TN,ASO,CE,Combined TRACON& Tower with Radar,700,358,68,4,1130,0,0,7,1,8,700,358,75,5,1138,0,0,0,1138
09/10/2008,MEM,TN,ASO,CE,Combined TRACON& Tower with Radar,719,382,55,4,1160,0,2,18,2,22,719,384,73,6,1182,0,0,0,1182
09/11/2008,MEM,TN,ASO,CE,Combined TRACON& Tower with Radar,710,382,58,7,1157,0,5,28,1,34,710,387,86,8,1191,0,0,0,1191
09/12/2008,MEM,TN,ASO,CE,Combined TRACON& Tower with Radar,671,363,67,7,1108,0,4,30,1,35,671,367,97,8,1143,0,0,0,1143
09/13/2008,MEM,TN,ASO,CE,Combined TRACON& Tower with Radar,496,278,29,3,806,0,0,16,2,18,496,278,45,5,824,0,0,0,824
09/14/2008,MEM,TN,ASO,CE,Combined TRACON& Tower with Radar,392,315,17,1,725,0,0,5,0,5,392,315,22,1,730,0,0,0,730
09/15/2008,MEM,TN,ASO,CE,Combined TRACON& Tower with Radar,351,370,65,1,787,0,2,9,0,11,351,372,74,1,798,0,0,0,798
09/16/2008,MEM,TN,ASO,CE,Combined TRACON& Tower with Radar,690,377,58,1,1126,0,1,20,1,22,690,378,78,2,1148,0,0,0,1148
09/17/2008,MEM,TN,ASO,CE,Combined TRACON& Tower with Radar,689,374,64,8,1135,0,1,28,1,30,689,375,92,9,1165,0,0,0,1165
09/18/2008,MEM,TN,ASO,CE,Combined TRACON& Tower with Radar,678,369,64,1,1112,0,2,16,0,18,678,371,80,1,1130,0,0,0,1130
09/19/2008,MEM,TN,ASO,CE,Combined TRACON& Tower with Radar,657,362,53,7,1079,0,0,8,0,8,657,362,61,7,1087,0,0,0,1087
09/20/2008,MEM,TN,ASO,CE,Combined TRACON& Tower with Radar,477,301,28,8,814,0,0,5,2,7,477,301,33,10,821,0,0,0,821
09/21/2008,MEM,TN,ASO,CE,Combined TRACON& Tower with Radar,381,325,57,5,768,0,0,4,0,4,381,325,61,5,772,0,0,0,772
09/22/2008,MEM,TN,ASO,CE,Combined TRACON& Tower with Radar,341,350,43,0,734,0,1,12,0,13,341,351,55,0,747,0,0,0,747
09/23/2008,MEM,TN,ASO,CE,Combined TRACON& Tower with Radar,711,362,55,2,1130,0,1,11,1,13,711,363,66,3,1143,0,0,0,1143
09/24/2008,MEM,TN,ASO,CE,Combined TRACON& Tower with Radar,690,368,68,2,1128,0,1,14,1,16,690,369,82,3,1144,0,0,0,1144
09/25/2008,MEM,TN,ASO,CE,Combined TRACON& Tower with Radar,703,374,69,7,1153,0,1,6,0,7,703,375,75,7,1160,0,0,0,1160
09/26/2008,MEM,TN,ASO,CE,Combined TRACON& Tower with Radar,654,364,54,4,1076,0,1,12,1,14,654,365,66,5,1090,0,0,0,1090
09/27/2008,MEM,TN,ASO,CE,Combined TRACON& Tower with Radar,496,310,38,2,846,0,0,8,0,8,496,310,46,2,854,0,0,0,854
09/28/2008,MEM,TN,ASO,CE,Combined TRACON& Tower with Radar,388,334,49,4,775,0,0,16,2,18,388,334,65,6,793,0,0,0,793
09/29/2008,MEM,TN,ASO,CE,Combined TRACON& Tower with Radar,340,348,54,1,743,0,1,7,0,8,340,349,61,1,751,0,0,0,751
09/30/2008,MEM,TN,ASO,CE,Combined TRACON& Tower with Radar,691,362,45,2,1100,0,1,3,0,4,691,363,48,2,1104,0,0,0,1104
10/01/2008,MEM,TN,ASO,CE,Combined TRACON& Tower with Radar,689,367,55,2,1113,0,1,15,2,18,689,368,70,4,1131,0,0,0,1131
10/02/2008,MEM,TN,ASO,CE,Combined TRACON& Tower with Radar,692,366,69,3,1130,0,3,18,2,23,692,369,87,5,1153,0,0,0,1153
10/03/2008,MEM,TN,ASO,CE,Combined TRACON& Tower with Radar,665,368,53,6,1092,0,2,11,1,14,665,370,64,7,1106,0,0,0,1106
10/04/2008,MEM,TN,ASO,CE,Combined TRACON& Tower with Radar,481,299,24,4,808,0,0,4,0,4,481,299,28,4,812,0,0,0,812
10/05/2008,MEM,TN,ASO,CE,Combined TRACON& Tower with Radar,386,330,50,5,771,0,0,6,1,7,386,330,56,6,778,0,0,0,778
10/06/2008,MEM,TN,ASO,CE,Combined TRACON& Tower with Radar,324,354,35,0,713,0,3,6,0,9,324,357,41,0,722,0,0,0,722
10/07/2008,MEM,TN,ASO,CE,Combined TRACON& Tower with Radar,692,364,53,2,1111,0,0,1,0,1,692,364,54,2,1112,0,0,0,1112
10/08/2008,MEM,TN,ASO,CE,Combined TRACON& Tower with Radar,727,369,44,4,1144,0,0,1,0,1,727,369,45,4,1145,0,0,0,1145
10/09/2008,MEM,TN,ASO,CE,Combined TRACON& Tower with Radar,700,362,57,2,1121,0,1,7,0,8,700,363,64,2,1129,0,0,0,1129
10/10/2008,MEM,TN,ASO,CE,Combined TRACON& Tower with Radar,678,354,53,2,1087,0,0,12,0,12,678,354,65,2,1099,0,0,0,1099
10/11/2008,MEM,TN,ASO,CE,Combined TRACON& Tower with Radar,483,294,27,0,804,0,0,3,0,3,483,294,30,0,807,0,0,0,807
10/12/2008,MEM,TN,ASO,CE,Combined TRACON& Tower with Radar,390,329,46,0,765,0,0,2,0,2,390,329,48,0,767,0,0,0,767
10/13/2008,MEM,TN,ASO,CE,Combined TRACON& Tower with Radar,357,342,45,0,744,0,1,2,0,3,357,343,47,0,747,0,0,0,747
10/14/2008,MEM,TN,ASO,CE,Combined TRACON& Tower with Radar,674,363,50,4,1091,0,1,6,0,7,674,364,56,4,1098,0,0,0,1098
10/15/2008,MEM,TN,ASO,CE,Combined TRACON& Tower with Radar,697,366,53,5,1121,0,2,3,0,5,697,368,56,5,1126,0,0,0,1126
10/16/2008,MEM,TN,ASO,CE,Combined TRACON& Tower with Radar,706,397,76,3,1182,0,0,0,0,0,706,397,76,3,1182,0,0,0,1182
10/17/2008,MEM,TN,ASO,CE,Combined TRACON& Tower with Radar,683,371,64,3,1121,0,0,8,0,8,683,371,72,3,1129,0,0,0,1129
10/18/2008,MEM,TN,ASO,CE,Combined TRACON& Tower with Radar,475,292,34,3,804,0,0,10,1,11,475,292,44,4,815,0,0,0,815
10/19/2008,MEM,TN,ASO,CE,Combined TRACON& Tower with Radar,387,336,38,3,764,0,0,6,0,6,387,336,44,3,770,0,0,0,770
10/20/2008,MEM,TN,ASO,CE,Combined TRACON& Tower with Radar,344,363,40,4,751,0,1,6,0,7,344,364,46,4,758,0,0,0,758
10/21/2008,MEM,TN,ASO,CE,Combined TRACON& Tower with Radar,666,369,54,0,1089,0,1,9,0,10,666,370,63,0,1099,0,0,0,1099
10/22/2008,MEM,TN,ASO,CE,Combined TRACON& Tower with Radar,654,370,64,2,1090,0,1,5,0,6,654,371,69,2,1096,0,0,0,1096
10/23/2008,MEM,TN,ASO,CE,Combined TRACON& Tower with Radar,703,368,75,4,1150,0,0,0,0,0,703,368,75,4,1150,0,0,0,1150
10/24/2008,MEM,TN,ASO,CE,Combined TRACON& Tower with Radar,659,364,47,5,1075,0,2,5,0,7,659,366,52,5,1082,0,0,0,1082
10/25/2008,MEM,TN,ASO,CE,Combined TRACON& Tower with Radar,474,302,42,6,824,0,1,8,0,9,474,303,50,6,833,0,0,0,833
10/26/2008,MEM,TN,ASO,CE,Combined TRACON& Tower with Radar,389,335,39,3,766,0,0,10,0,10,389,335,49,3,776,0,0,0,776
10/27/2008,MEM,TN,ASO,CE,Combined TRACON& Tower with Radar,335,351,49,4,739,0,1,5,0,6,335,352,54,4,745,0,0,0,745
10/28/2008,MEM,TN,ASO,CE,Combined TRACON& Tower with Radar,705,370,52,0,1127,0,1,9,0,10,705,371,61,0,1137,0,0,0,1137
10/29/2008,MEM,TN,ASO,CE,Combined TRACON& Tower with Radar,687,366,71,10,1134,0,3,9,1,13,687,369,80,11,1147,0,0,0,1147
10/30/2008,MEM,TN,ASO,CE,Combined TRACON& Tower with Radar,703,367,58,5,1133,0,1,7,0,8,703,368,65,5,1141,0,0,0,1141
10/31/2008,MEM,TN,ASO,CE,Combined TRACON& Tower with Radar,659,361,45,4,1069,0,1,8,1,10,659,362,53,5,1079,0,0,0,1079
11/01/2008,MEM,TN,ASO,CE,Combined TRACON& Tower with Radar,474,302,28,3,807,0,0,4,2,6,474,302,32,5,813,0,0,0,813
11/02/2008,MEM,TN,ASO,CE,Combined TRACON& Tower with Radar,379,333,25,2,739,0,0,2,0,2,379,333,27,2,741,0,0,0,741
11/03/2008,MEM,TN,ASO,CE,Combined TRACON& Tower with Radar,333,356,45,1,735,0,1,5,0,6,333,357,50,1,741,0,0,0,741
11/04/2008,MEM,TN,ASO,CE,Combined TRACON& Tower with Radar,667,371,58,8,1104,0,0,7,1,8,667,371,65,9,1112,0,0,0,1112
11/05/2008,MEM,TN,ASO,CE,Combined TRACON& Tower with Radar,677,374,67,1,1119,0,0,2,1,3,677,374,69,2,1122,0,0,0,1122
11/06/2008,MEM,TN,ASO,CE,Combined TRACON& Tower with Radar,692,378,100,0,1170,0,0,7,0,7,692,378,107,0,1177,0,0,0,1177
11/07/2008,MEM,TN,ASO,CE,Combined TRACON& Tower with Radar,663,362,49,12,1086,0,1,5,0,6,663,363,54,12,1092,0,0,0,1092
11/08/2008,MEM,TN,ASO,CE,Combined TRACON& Tower with Radar,487,311,19,8,825,0,0,7,0,7,487,311,26,8,832,0,0,0,832
11/09/2008,MEM,TN,ASO,CE,Combined TRACON& Tower with Radar,378,322,40,0,740,0,0,14,0,14,378,322,54,0,754,0,0,0,754
11/10/2008,MEM,TN,ASO,CE,Combined TRACON& Tower with Radar,308,347,37,6,698,0,1,17,0,18,308,348,54,6,716,0,0,0,716
11/11/2008,MEM,TN,ASO,CE,Combined TRACON& Tower with Radar,633,363,50,0,1046,1,1,1,0,3,634,364,51,0,1049,0,0,0,1049
11/12/2008,MEM,TN,ASO,CE,Combined TRACON& Tower with Radar,623,361,76,0,1060,1,0,0,0,1,624,361,76,0,1061,0,0,0,1061
11/13/2008,MEM,TN,ASO,CE,Combined TRACON& Tower with Radar,698,370,52,4,1124,0,0,0,0,0,698,370,52,4,1124,0,0,0,1124
11/14/2008,MEM,TN,ASO,CE,Combined TRACON& Tower with Radar,669,386,66,0,1121,0,0,0,0,0,669,386,66,0,1121,0,0,0,1121
11/15/2008,MEM,TN,ASO,CE,Combined TRACON& Tower with Radar,508,311,26,1,846,0,0,1,0,1,508,311,27,1,847,0,0,0,847
11/16/2008,MEM,TN,ASO,CE,Combined TRACON& Tower with Radar,381,325,38,6,750,0,2,3,0,5,381,327,41,6,755,0,0,0,755
11/17/2008,MEM,TN,ASO,CE,Combined TRACON& Tower with Radar,305,361,61,2,729,0,1,8,0,9,305,362,69,2,738,0,0,0,738
11/18/2008,MEM,TN,ASO,CE,Combined TRACON& Tower with Radar,693,372,75,4,1144,0,0,13,3,16,693,372,88,7,1160,0,0,0,1160
11/19/2008,MEM,TN,ASO,CE,Combined TRACON& Tower with Radar,679,376,63,8,1126,0,0,8,1,9,679,376,71,9,1135,0,0,0,1135
11/20/2008,MEM,TN,ASO,CE,Combined TRACON& Tower with Radar,659,380,70,4,1113,0,1,14,0,15,659,381,84,4,1128,0,0,0,1128
11/21/2008,MEM,TN,ASO,CE,Combined TRACON& Tower with Radar,652,363,73,9,1097,0,2,6,0,8,652,365,79,9,1105,0,0,0,1105
11/22/2008,MEM,TN,ASO,CE,Combined TRACON& Tower with Radar,476,310,28,2,816,0,0,8,2,10,476,310,36,4,826,0,0,0,826
11/23/2008,MEM,TN,ASO,CE,Combined TRACON& Tower with Radar,393,316,21,4,734,0,0,1,0,1,393,316,22,4,735,0,0,0,735
11/24/2008,MEM,TN,ASO,CE,Combined TRACON& Tower with Radar,326,349,28,0,703,0,2,3,0,5,326,351,31,0,708,0,0,0,708
11/25/2008,MEM,TN,ASO,CE,Combined TRACON& Tower with Radar,719,388,52,1,1160,0,0,9,0,9,719,388,61,1,1169,0,0,0,1169
11/26/2008,MEM,TN,ASO,CE,Combined TRACON& Tower with Radar,699,380,34,0,1113,0,0,3,0,3,699,380,37,0,1116,0,0,0,1116
11/27/2008,MEM,TN,ASO,CE,Combined TRACON& Tower with Radar,203,228,7,0,438,0,0,4,0,4,203,228,11,0,442,0,0,0,442
11/28/2008,MEM,TN,ASO,CE,Combined TRACON& Tower with Radar,550,288,12,3,853,0,1,4,2,7,550,289,16,5,860,0,0,0,860
11/29/2008,MEM,TN,ASO,CE,Combined TRACON& Tower with Radar,484,322,19,2,827,0,0,4,0,4,484,322,23,2,831,0,0,0,831
11/30/2008,MEM,TN,ASO,CE,Combined TRACON& Tower with Radar,377,343,42,2,764,0,0,0,0,0,377,343,42,2,764,0,0,0,764
12/01/2008,MEM,TN,ASO,CE,Combined TRACON& Tower with Radar,313,359,40,6,718,0,0,2,0,2,313,359,42,6,720,0,0,0,720
12/02/2008,MEM,TN,ASO,CE,Combined TRACON& Tower with Radar,684,389,49,0,1122,0,2,16,0,18,684,391,65,0,1140,0,0,0,1140
12/03/2008,MEM,TN,ASO,CE,Combined TRACON& Tower with Radar,692,386,56,0,1134,0,0,6,0,6,692,386,62,0,1140,0,0,0,1140
12/04/2008,MEM,TN,ASO,CE,Combined TRACON& Tower with Radar,730,373,55,0,1158,0,0,1,0,1,730,373,56,0,1159,0,0,0,1159
12/05/2008,MEM,TN,ASO,CE,Combined TRACON& Tower with Radar,677,370,49,3,1099,0,1,9,0,10,677,371,58,3,1109,0,0,0,1109
12/06/2008,MEM,TN,ASO,CE,Combined TRACON& Tower with Radar,491,268,25,6,790,0,0,5,1,6,491,268,30,7,796,0,0,0,796
12/07/2008,MEM,TN,ASO,CE,Combined TRACON& Tower with Radar,398,321,34,9,762,0,0,21,0,21,398,321,55,9,783,0,0,0,783
12/08/2008,MEM,TN,ASO,CE,Combined TRACON& Tower with Radar,291,355,35,8,689,0,2,12,0,14,291,357,47,8,703,0,0,0,703
12/09/2008,MEM,TN,ASO,CE,Combined TRACON& Tower with Radar,694,286,30,2,1012,0,0,0,0,0,694,286,30,2,1012,0,0,0,1012
12/10/2008,MEM,TN,ASO,CE,Combined TRACON& Tower with Radar,707,352,48,2,1109,0,0,0,0,0,707,352,48,2,1109,0,0,0,1109
12/11/2008,MEM,TN,ASO,CE,Combined TRACON& Tower with Radar,747,360,64,4,1175,0,0,4,0,4,747,360,68,4,1179,0,0,0,1179
12/12/2008,MEM,TN,ASO,CE,Combined TRACON& Tower with Radar,698,360,51,7,1116,0,1,5,0,6,698,361,56,7,1122,0,0,0,1122
12/13/2008,MEM,TN,ASO,CE,Combined TRACON& Tower with Radar,503,265,16,6,790,0,0,3,0,3,503,265,19,6,793,0,0,0,793
12/14/2008,MEM,TN,ASO,CE,Combined TRACON& Tower with Radar,416,314,24,4,758,0,0,3,0,3,416,314,27,4,761,0,0,0,761
12/15/2008,MEM,TN,ASO,CE,Combined TRACON& Tower with Radar,285,356,55,2,698,0,0,0,0,0,285,356,55,2,698,0,0,0,698
12/16/2008,MEM,TN,ASO,CE,Combined TRACON& Tower with Radar,726,344,59,0,1129,0,0,0,0,0,726,344,59,0,1129,0,0,0,1129
12/17/2008,MEM,TN,ASO,CE,Combined TRACON& Tower with Radar,749,354,56,2,1161,0,0,0,0,0,749,354,56,2,1161,0,0,0,1161
12/18/2008,MEM,TN,ASO,CE,Combined TRACON& Tower with Radar,729,339,63,4,1135,0,0,0,0,0,729,339,63,4,1135,0,0,0,1135
12/19/2008,MEM,TN,ASO,CE,Combined TRACON& Tower with Radar,734,341,51,2,1128,0,3,6,0,9,734,344,57,2,1137,0,0,0,1137
12/20/2008,MEM,TN,ASO,CE,Combined TRACON& Tower with Radar,579,310,23,2,914,0,0,1,0,1,579,310,24,2,915,0,0,0,915
12/21/2008,MEM,TN,ASO,CE,Combined TRACON& Tower with Radar,441,314,37,4,796,0,0,6,0,6,441,314,43,4,802,0,0,0,802
12/22/2008,MEM,TN,ASO,CE,Combined TRACON& Tower with Radar,338,334,43,0,715,0,1,7,0,8,338,335,50,0,723,0,0,0,723
12/23/2008,MEM,TN,ASO,CE,Combined TRACON& Tower with Radar,781,338,25,1,1145,0,1,0,0,1,781,339,25,1,1146,0,0,0,1146
12/24/2008,MEM,TN,ASO,CE,Combined TRACON& Tower with Radar,795,310,26,0,1131,0,2,1,0,3,795,312,27,0,1134,0,0,0,1134
12/25/2008,MEM,TN,ASO,CE,Combined TRACON& Tower with Radar,262,296,3,0,561,0,0,2,0,2,262,296,5,0,563,0,0,0,563
12/26/2008,MEM,TN,ASO,CE,Combined TRACON& Tower with Radar,617,322,30,0,969,0,0,3,0,3,617,322,33,0,972,0,0,0,972
12/27/2008,MEM,TN,ASO,CE,Combined TRACON& Tower with Radar,524,302,23,0,849,0,0,0,0,0,524,302,23,0,849,0,0,0,849
12/28/2008,MEM,TN,ASO,CE,Combined TRACON& Tower with Radar,368,328,26,0,722,0,0,9,0,9,368,328,35,0,731,0,0,0,731
12/29/2008,MEM,TN,ASO,CE,Combined TRACON& Tower with Radar,331,338,25,4,698,0,2,9,0,11,331,340,34,4,709,0,0,0,709
12/30/2008,MEM,TN,ASO,CE,Combined TRACON& Tower with Radar,700,351,38,2,1091,0,0,7,0,7,700,351,45,2,1098,0,0,0,1098
12/31/2008,MEM,TN,ASO,CE,Combined TRACON& Tower with Radar,701,344,28,2,1075,0,0,3,0,3,701,344,31,2,1078,0,0,0,1078
01/01/2009,MEM,TN,ASO,CE,Combined TRACON& Tower with Radar,268,315,26,1,610,0,0,3,0,3,268,315,29,1,613,0,0,0,613
01/02/2009,MEM,TN,ASO,CE,Combined TRACON& Tower with Radar,618,343,52,3,1016,0,0,2,2,4,618,343,54,5,1020,0,0,0,1020
01/03/2009,MEM,TN,ASO,CE,Combined TRACON& Tower with Radar,515,305,42,3,865,0,0,1,0,1,515,305,43,3,866,0,0,0,866
01/04/2009,MEM,TN,ASO,CE,Combined TRACON& Tower with Radar,372,316,30,0,718,0,0,0,0,0,372,316,30,0,718,0,0,0,718
01/05/2009,MEM,TN,ASO,CE,Combined TRACON& Tower with Radar,282,339,25,0,646,0,0,1,0,1,282,339,26,0,647,0,0,0,647
01/06/2009,MEM,TN,ASO,CE,Combined TRACON& Tower with Radar,671,355,18,6,1050,0,0,0,0,0,671,355,18,6,1050,0,0,0,1050
01/07/2009,MEM,TN,ASO,CE,Combined TRACON& Tower with Radar,698,351,57,5,1111,0,0,0,0,0,698,351,57,5,1111,0,0,0,1111
01/08/2009,MEM,TN,ASO,CE,Combined TRACON& Tower with Radar,675,354,68,4,1101,0,2,3,0,5,675,356,71,4,1106,0,0,0,1106
01/09/2009,MEM,TN,ASO,CE,Combined TRACON& Tower with Radar,623,358,52,3,1036,0,0,5,0,5,623,358,57,3,1041,0,0,0,1041
01/10/2009,MEM,TN,ASO,CE,Combined TRACON& Tower with Radar,490,304,24,0,818,0,0,0,0,0,490,304,24,0,818,0,0,0,818
01/11/2009,MEM,TN,ASO,CE,Combined TRACON& Tower with Radar,353,321,23,3,700,0,1,9,0,10,353,322,32,3,710,0,0,0,710
01/12/2009,MEM,TN,ASO,CE,Combined TRACON& Tower with Radar,296,345,44,4,689,0,1,4,1,6,296,346,48,5,695,0,0,0,695
01/13/2009,MEM,TN,ASO,CE,Combined TRACON& Tower with Radar,684,362,56,9,1111,0,1,5,0,6,684,363,61,9,1117,0,0,0,1117
01/14/2009,MEM,TN,ASO,CE,Combined TRACON& Tower with Radar,633,355,61,4,1053,0,1,7,0,8,633,356,68,4,1061,0,0,0,1061
01/15/2009,MEM,TN,ASO,CE,Combined TRACON& Tower with Radar,651,354,63,6,1074,0,1,2,0,3,651,355,65,6,1077,0,0,0,1077
01/16/2009,MEM,TN,ASO,CE,Combined TRACON& Tower with Radar,637,355,52,1,1045,0,1,5,0,6,637,356,57,1,1051,0,0,0,1051
01/17/2009,MEM,TN,ASO,CE,Combined TRACON& Tower with Radar,474,309,19,3,805,0,0,0,0,0,474,309,19,3,805,0,0,0,805
01/18/2009,MEM,TN,ASO,CE,Combined TRACON& Tower with Radar,360,319,18,0,697,0,0,9,0,9,360,319,27,0,706,0,0,0,706
01/19/2009,MEM,TN,ASO,CE,Combined TRACON& Tower with Radar,312,332,43,0,687,0,2,5,0,7,312,334,48,0,694,0,0,0,694
01/20/2009,MEM,TN,ASO,CE,Combined TRACON& Tower with Radar,664,346,76,2,1088,0,0,3,0,3,664,346,79,2,1091,0,0,0,1091
01/21/2009,MEM,TN,ASO,CE,Combined TRACON& Tower with Radar,664,344,85,1,1094,0,1,5,0,6,664,345,90,1,1100,0,0,0,1100
01/22/2009,MEM,TN,ASO,CE,Combined TRACON& Tower with Radar,655,364,56,5,1080,0,2,7,0,9,655,366,63,5,1089,0,0,0,1089
01/23/2009,MEM,TN,ASO,CE,Combined TRACON& Tower with Radar,643,360,57,5,1065,0,3,7,0,10,643,363,64,5,1075,0,0,0,1075
01/24/2009,MEM,TN,ASO,CE,Combined TRACON& Tower with Radar,471,307,17,6,801,0,1,3,0,4,471,308,20,6,805,0,0,0,805
01/25/2009,MEM,TN,ASO,CE,Combined TRACON& Tower with Radar,345,325,48,9,727,0,1,2,0,3,345,326,50,9,730,0,0,0,730
01/26/2009,MEM,TN,ASO,CE,Combined TRACON& Tower with Radar,292,332,41,2,667,0,1,3,0,4,292,333,44,2,671,0,0,0,671
01/27/2009,MEM,TN,ASO,CE,Combined TRACON& Tower with Radar,630,310,38,1,979,0,0,1,0,1,630,310,39,1,980,0,0,0,980
01/28/2009,MEM,TN,ASO,CE,Combined TRACON& Tower with Radar,667,314,39,6,1026,0,0,0,1,1,667,314,39,7,1027,0,0,0,1027
01/29/2009,MEM,TN,ASO,CE,Combined TRACON& Tower with Radar,652,349,50,8,1059,0,0,1,0,1,652,349,51,8,1060,0,0,0,1060
01/30/2009,MEM,TN,ASO,CE,Combined TRACON& Tower with Radar,666,340,47,4,1057,0,4,14,0,18,666,344,61,4,1075,0,0,0,1075
01/31/2009,MEM,TN,ASO,CE,Combined TRACON& Tower with Radar,464,306,31,3,804,0,0,16,0,16,464,306,47,3,820,0,0,0,820
02/01/2009,MEM,TN,ASO,CE,Combined TRACON& Tower with Radar,354,320,30,1,705,0,0,3,0,3,354,320,33,1,708,0,0,0,708
02/02/2009,MEM,TN,ASO,CE,Combined TRACON& Tower with Radar,304,336,38,1,679,0,3,2,0,5,304,339,40,1,684,0,0,0,684
02/03/2009,MEM,TN,ASO,CE,Combined TRACON& Tower with Radar,659,358,38,3,1058,0,2,3,0,5,659,360,41,3,1063,0,0,0,1063
02/04/2009,MEM,TN,ASO,CE,Combined TRACON& Tower with Radar,653,352,47,2,1054,0,1,5,4,10,653,353,52,6,1064,0,0,0,1064
02/05/2009,MEM,TN,ASO,CE,Combined TRACON& Tower with Radar,651,356,74,12,1093,0,1,11,6,18,651,357,85,18,1111,0,0,0,1111
02/06/2009,MEM,TN,ASO,CE,Combined TRACON& Tower with Radar,639,345,45,1,1030,0,2,5,2,9,639,347,50,3,1039,0,0,0,1039
02/07/2009,MEM,TN,ASO,CE,Combined TRACON& Tower with Radar,476,304,18,2,800,0,0,5,4,9,476,304,23,6,809,0,0,0,809
02/08/2009,MEM,TN,ASO,CE,Combined TRACON& Tower with Radar,349,318,51,2,720,0,0,7,0,7,349,318,58,2,727,0,0,0,727
02/09/2009,MEM,TN,ASO,CE,Combined TRACON& Tower with Radar,292,351,47,2,692,0,1,4,0,5,292,352,51,2,697,0,0,0,697
02/10/2009,MEM,TN,ASO,CE,Combined TRACON& Tower with Radar,661,360,57,6,1084,0,0,1,0,1,661,360,58,6,1085,0,0,0,1085
02/11/2009,MEM,TN,ASO,CE,Combined TRACON& Tower with Radar,722,350,38,2,1112,0,0,0,0,0,722,350,38,2,1112,0,0,0,1112
02/12/2009,MEM,TN,ASO,CE,Combined TRACON& Tower with Radar,708,344,68,10,1130,0,1,8,0,9,708,345,76,10,1139,0,0,0,1139
02/13/2009,MEM,TN,ASO,CE,Combined TRACON& Tower with Radar,665,341,53,11,1070,0,2,6,0,8,665,343,59,11,1078,0,0,0,1078
02/14/2009,MEM,TN,ASO,CE,Combined TRACON& Tower with Radar,527,288,14,2,831,0,0,2,0,2,527,288,16,2,833,0,0,0,833
02/15/2009,MEM,TN,ASO,CE,Combined TRACON& Tower with Radar,363,309,35,3,710,0,0,8,0,8,363,309,43,3,718,0,0,0,718
02/16/2009,MEM,TN,ASO,CE,Combined TRACON& Tower with Radar,331,339,42,0,712,0,1,11,0,12,331,340,53,0,724,0,0,0,724
02/17/2009,MEM,TN,ASO,CE,Combined TRACON& Tower with Radar,601,359,60,8,1028,0,0,9,0,9,601,359,69,8,1037,0,0,0,1037
02/18/2009,MEM,TN,ASO,CE,Combined TRACON& Tower with Radar,714,371,52,8,1145,0,0,5,0,5,714,371,57,8,1150,0,0,0,1150
02/19/2009,MEM,TN,ASO,CE,Combined TRACON& Tower with Radar,699,363,71,1,1134,0,1,10,0,11,699,364,81,1,1145,0,0,0,1145
02/20/2009,MEM,TN,ASO,CE,Combined TRACON& Tower with Radar,634,349,47,6,1036,0,2,13,1,16,634,351,60,7,1052,0,0,0,1052
02/21/2009,MEM,TN,ASO,CE,Combined TRACON& Tower with Radar,489,283,18,2,792,0,0,3,0,3,489,283,21,2,795,0,0,0,795
02/22/2009,MEM,TN,ASO,CE,Combined TRACON& Tower with Radar,375,314,31,2,722,0,1,11,3,15,375,315,42,5,737,0,0,0,737
02/23/2009,MEM,TN,ASO,CE,Combined TRACON& Tower with Radar,335,358,59,2,754,0,0,0,0,0,335,358,59,2,754,0,0,0,754
02/24/2009,MEM,TN,ASO,CE,Combined TRACON& Tower with Radar,644,347,41,0,1032,0,0,11,0,11,644,347,52,0,1043,0,0,0,1043
02/25/2009,MEM,TN,ASO,CE,Combined TRACON& Tower with Radar,693,350,64,0,1107,0,0,11,0,11,693,350,75,0,1118,0,0,0,1118
02/26/2009,MEM,TN,ASO,CE,Combined TRACON& Tower with Radar,662,346,54,1,1063,0,1,10,0,11,662,347,64,1,1074,0,0,0,1074
02/27/2009,MEM,TN,ASO,CE,Combined TRACON& Tower with Radar,651,342,41,4,1038,0,0,9,0,9,651,342,50,4,1047,0,0,0,1047
02/28/2009,MEM,TN,ASO,CE,Combined TRACON& Tower with Radar,506,262,12,1,781,0,0,0,0,0,506,262,12,1,781,0,0,0,781
03/01/2009,MEM,TN,ASO,CE,Combined TRACON& Tower with Radar,351,290,32,3,676,0,0,8,0,8,351,290,40,3,684,0,0,0,684
03/02/2009,MEM,TN,ASO,CE,Combined TRACON& Tower with Radar,301,335,48,2,686,0,2,18,0,20,301,337,66,2,706,0,0,0,706
03/03/2009,MEM,TN,ASO,CE,Combined TRACON& Tower with Radar,688,351,50,6,1095,0,0,16,0,16,688,351,66,6,1111,0,0,0,1111
03/04/2009,MEM,TN,ASO,CE,Combined TRACON& Tower with Radar,668,348,60,2,1078,0,0,7,0,7,668,348,67,2,1085,0,0,0,1085
03/05/2009,MEM,TN,ASO,CE,Combined TRACON& Tower with Radar,671,363,68,4,1106,0,1,5,1,7,671,364,73,5,1113,0,0,0,1113
03/06/2009,MEM,TN,ASO,CE,Combined TRACON& Tower with Radar,665,359,44,6,1074,0,2,2,1,5,665,361,46,7,1079,0,0,0,1079
03/07/2009,MEM,TN,ASO,CE,Combined TRACON& Tower with Radar,499,295,30,3,827,0,1,9,1,11,499,296,39,4,838,0,0,0,838
03/08/2009,MEM,TN,ASO,CE,Combined TRACON& Tower with Radar,356,333,29,3,721,0,1,0,0,1,356,334,29,3,722,0,0,0,722
03/09/2009,MEM,TN,ASO,CE,Combined TRACON& Tower with Radar,317,339,46,10,712,0,2,9,1,12,317,341,55,11,724,0,0,0,724
03/10/2009,MEM,TN,ASO,CE,Combined TRACON& Tower with Radar,678,350,45,8,1081,0,0,4,0,4,678,350,49,8,1085,0,0,0,1085
03/11/2009,MEM,TN,ASO,CE,Combined TRACON& Tower with Radar,685,345,59,2,1091,0,0,6,0,6,685,345,65,2,1097,0,0,0,1097
03/12/2009,MEM,TN,ASO,CE,Combined TRACON& Tower with Radar,665,348,37,9,1059,0,0,0,0,0,665,348,37,9,1059,0,0,0,1059
03/13/2009,MEM,TN,ASO,CE,Combined TRACON& Tower with Radar,668,357,36,2,1063,0,0,2,0,2,668,357,38,2,1065,0,0,0,1065
03/14/2009,MEM,TN,ASO,CE,Combined TRACON& Tower with Radar,509,296,22,2,829,0,0,0,0,0,509,296,22,2,829,0,0,0,829
03/15/2009,MEM,TN,ASO,CE,Combined TRACON& Tower with Radar,368,318,38,3,727,0,0,0,0,0,368,318,38,3,727,0,0,0,727
03/16/2009,MEM,TN,ASO,CE,Combined TRACON& Tower with Radar,319,345,27,3,694,0,1,0,0,1,319,346,27,3,695,0,0,0,695
03/17/2009,MEM,TN,ASO,CE,Combined TRACON& Tower with Radar,675,347,35,7,1064,0,2,13,0,15,675,349,48,7,1079,0,0,0,1079
03/18/2009,MEM,TN,ASO,CE,Combined TRACON& Tower with Radar,671,355,68,7,1101,0,1,18,0,19,671,356,86,7,1120,0,0,0,1120
03/19/2009,MEM,TN,ASO,CE,Combined TRACON& Tower with Radar,665,360,50,11,1086,0,1,5,0,6,665,361,55,11,1092,0,0,0,1092
03/20/2009,MEM,TN,ASO,CE,Combined TRACON& Tower with Radar,673,349,61,5,1088,0,4,8,0,12,673,353,69,5,1100,0,0,0,1100
03/21/2009,MEM,TN,ASO,CE,Combined TRACON& Tower with Radar,499,296,43,3,841,0,1,7,0,8,499,297,50,3,849,0,0,0,849
03/22/2009,MEM,TN,ASO,CE,Combined TRACON& Tower with Radar,368,332,39,6,745,0,2,15,0,17,368,334,54,6,762,0,0,0,762
03/23/2009,MEM,TN,ASO,CE,Combined TRACON& Tower with Radar,309,334,35,2,680,0,2,14,0,16,309,336,49,2,696,0,0,0,696
03/24/2009,MEM,TN,ASO,CE,Combined TRACON& Tower with Radar,669,351,44,0,1064,0,3,4,0,7,669,354,48,0,1071,0,0,0,1071
03/25/2009,MEM,TN,ASO,CE,Combined TRACON& Tower with Radar,688,360,46,2,1096,0,1,4,0,5,688,361,50,2,1101,0,0,0,1101
03/26/2009,MEM,TN,ASO,CE,Combined TRACON& Tower with Radar,688,359,43,8,1098,0,4,0,0,4,688,363,43,8,1102,0,0,0,1102
03/27/2009,MEM,TN,ASO,CE,Combined TRACON& Tower with Radar,672,359,71,2,1104,0,0,2,0,2,672,359,73,2,1106,0,0,0,1106
03/28/2009,MEM,TN,ASO,CE,Combined TRACON& Tower with Radar,527,293,38,2,860,0,0,0,0,0,527,293,38,2,860,0,0,0,860
03/29/2009,MEM,TN,ASO,CE,Combined TRACON& Tower with Radar,377,343,72,3,795,0,0,2,0,2,377,343,74,3,797,0,0,0,797
03/30/2009,MEM,TN,ASO,CE,Combined TRACON& Tower with Radar,304,343,44,8,699,0,2,6,0,8,304,345,50,8,707,0,0,0,707
03/31/2009,MEM,TN,ASO,CE,Combined TRACON& Tower with Radar,682,353,62,5,1102,0,2,4,0,6,682,355,66,5,1108,0,0,0,1108
04/01/2009,MEM,TN,ASO,CE,Combined TRACON& Tower with Radar,694,352,73,2,1121,0,1,9,0,10,694,353,82,2,1131,0,0,0,1131
04/02/2009,MEM,TN,ASO,CE,Combined TRACON& Tower with Radar,662,346,33,2,1043,0,0,0,0,0,662,346,33,2,1043,0,0,0,1043
04/03/2009,MEM,TN,ASO,CE,Combined TRACON& Tower with Radar,681,352,81,8,1122,0,1,4,0,5,681,353,85,8,1127,0,0,0,1127
04/04/2009,MEM,TN,ASO,CE,Combined TRACON& Tower with Radar,492,285,21,2,800,0,0,9,0,9,492,285,30,2,809,0,0,0,809
04/05/2009,MEM,TN,ASO,CE,Combined TRACON& Tower with Radar,367,333,36,3,739,0,0,3,0,3,367,333,39,3,742,0,0,0,742
04/06/2009,MEM,TN,ASO,CE,Combined TRACON& Tower with Radar,319,333,46,8,706,0,0,6,0,6,319,333,52,8,712,0,0,0,712
04/07/2009,MEM,TN,ASO,CE,Combined TRACON& Tower with Radar,704,353,82,7,1146,0,0,8,0,8,704,353,90,7,1154,0,0,0,1154
04/08/2009,MEM,TN,ASO,CE,Combined TRACON& Tower with Radar,691,343,72,5,1111,0,2,12,3,17,691,345,84,8,1128,0,0,0,1128
04/09/2009,MEM,TN,ASO,CE,Combined TRACON& Tower with Radar,671,359,67,6,1103,0,2,0,1,3,671,361,67,7,1106,0,0,0,1106
04/10/2009,MEM,TN,ASO,CE,Combined TRACON& Tower with Radar,667,347,36,2,1052,0,0,9,0,9,667,347,45,2,1061,0,0,0,1061
04/11/2009,MEM,TN,ASO,CE,Combined TRACON& Tower with Radar,497,271,31,0,799,0,0,3,0,3,497,271,34,0,802,0,0,0,802
04/12/2009,MEM,TN,ASO,CE,Combined TRACON& Tower with Radar,379,319,22,1,721,0,0,0,1,1,379,319,22,2,722,0,0,0,722
04/13/2009,MEM,TN,ASO,CE,Combined TRACON& Tower with Radar,328,327,48,6,709,0,1,2,1,4,328,328,50,7,713,0,0,0,713
04/14/2009,MEM,TN,ASO,CE,Combined TRACON& Tower with Radar,692,347,61,6,1106,0,0,5,1,6,692,347,66,7,1112,0,0,0,1112
04/15/2009,MEM,TN,ASO,CE,Combined TRACON& Tower with Radar,680,351,65,2,1098,0,1,12,0,13,680,352,77,2,1111,0,0,0,1111
04/16/2009,MEM,TN,ASO,CE,Combined TRACON& Tower with Radar,674,348,60,0,1082,0,2,4,0,6,674,350,64,0,1088,0,0,0,1088
04/17/2009,MEM,TN,ASO,CE,Combined TRACON& Tower with Radar,663,339,34,7,1043,0,2,6,0,8,663,341,40,7,1051,0,0,0,1051
04/18/2009,MEM,TN,ASO,CE,Combined TRACON& Tower with Radar,492,268,21,1,782,0,0,1,0,1,492,268,22,1,783,0,0,0,783
04/19/2009,MEM,TN,ASO,CE,Combined TRACON& Tower with Radar,373,319,20,2,714,0,0,0,0,0,373,319,20,2,714,0,0,0,714
04/20/2009,MEM,TN,ASO,CE,Combined TRACON& Tower with Radar,325,333,47,1,706,0,1,1,1,3,325,334,48,2,709,0,0,0,709
04/21/2009,MEM,TN,ASO,CE,Combined TRACON& Tower with Radar,680,340,69,6,1095,0,0,7,1,8,680,340,76,7,1103,0,0,0,1103
04/22/2009,MEM,TN,ASO,CE,Combined TRACON& Tower with Radar,676,341,55,6,1078,0,1,13,0,14,676,342,68,6,1092,0,0,0,1092
04/23/2009,MEM,TN,ASO,CE,Combined TRACON& Tower with Radar,676,350,68,2,1096,0,0,8,1,9,676,350,76,3,1105,0,0,0,1105
04/24/2009,MEM,TN,ASO,CE,Combined TRACON& Tower with Radar,671,345,39,7,1062,0,2,13,0,15,671,347,52,7,1077,0,0,0,1077
04/25/2009,MEM,TN,ASO,CE,Combined TRACON& Tower with Radar,487,258,31,1,777,0,2,6,2,10,487,260,37,3,787,0,0,0,787
04/26/2009,MEM,TN,ASO,CE,Combined TRACON& Tower with Radar,374,333,41,7,755,0,0,5,0,5,374,333,46,7,760,0,0,0,760
04/27/2009,MEM,TN,ASO,CE,Combined TRACON& Tower with Radar,326,346,37,1,710,0,2,8,2,12,326,348,45,3,722,0,0,0,722
04/28/2009,MEM,TN,ASO,CE,Combined TRACON& Tower with Radar,681,345,71,2,1099,0,0,1,3,4,681,345,72,5,1103,0,0,0,1103
04/29/2009,MEM,TN,ASO,CE,Combined TRACON& Tower with Radar,680,344,46,3,1073,0,0,4,0,4,680,344,50,3,1077,0,0,0,1077
04/30/2009,MEM,TN,ASO,CE,Combined TRACON& Tower with Radar,678,345,61,2,1086,0,0,4,0,4,678,345,65,2,1090,0,0,0,1090
05/01/2009,MEM,TN,ASO,CE,Combined TRACON& Tower with Radar,660,347,53,2,1062,0,0,2,0,2,660,347,55,2,1064,0,0,0,1064
05/02/2009,MEM,TN,ASO,CE,Combined TRACON& Tower with Radar,492,244,22,1,759,0,0,0,0,0,492,244,22,1,759,0,0,0,759
05/03/2009,MEM,TN,ASO,CE,Combined TRACON& Tower with Radar,379,314,35,4,732,0,0,0,0,0,379,314,35,4,732,0,0,0,732
05/04/2009,MEM,TN,ASO,CE,Combined TRACON& Tower with Radar,341,328,51,4,724,0,0,5,0,5,341,328,56,4,729,0,0,0,729
05/05/2009,MEM,TN,ASO,CE,Combined TRACON& Tower with Radar,681,333,78,3,1095,0,1,3,0,4,681,334,81,3,1099,0,0,0,1099
05/06/2009,MEM,TN,ASO,CE,Combined TRACON& Tower with Radar,701,327,70,4,1102,0,0,0,0,0,701,327,70,4,1102,0,0,0,1102
05/07/2009,MEM,TN,ASO,CE,Combined TRACON& Tower with Radar,696,342,102,9,1149,0,0,0,6,6,696,342,102,15,1155,0,0,0,1155
05/08/2009,MEM,TN,ASO,CE,Combined TRACON& Tower with Radar,685,335,57,0,1077,0,2,3,1,6,685,337,60,1,1083,0,0,0,1083
05/09/2009,MEM,TN,ASO,CE,Combined TRACON& Tower with Radar,500,245,34,2,781,0,0,2,0,2,500,245,36,2,783,0,0,0,783
05/10/2009,MEM,TN,ASO,CE,Combined TRACON& Tower with Radar,378,328,26,1,733,0,0,0,0,0,378,328,26,1,733,0,0,0,733
05/11/2009,MEM,TN,ASO,CE,Combined TRACON& Tower with Radar,340,334,43,2,719,0,2,6,0,8,340,336,49,2,727,0,0,0,727
05/12/2009,MEM,TN,ASO,CE,Combined TRACON& Tower with Radar,669,330,72,6,1077,0,1,1,0,2,669,331,73,6,1079,0,0,0,1079
05/13/2009,MEM,TN,ASO,CE,Combined TRACON& Tower with Radar,665,350,72,3,1090,0,1,4,0,5,665,351,76,3,1095,0,0,0,1095
05/14/2009,MEM,TN,ASO,CE,Combined TRACON& Tower with Radar,708,345,62,1,1116,0,1,0,1,2,708,346,62,2,1118,0,0,0,1118
05/15/2009,MEM,TN,ASO,CE,Combined TRACON& Tower with Radar,673,336,70,3,1082,0,2,4,0,6,673,338,74,3,1088,0,0,0,1088
05/16/2009,MEM,TN,ASO,CE,Combined TRACON& Tower with Radar,507,264,21,0,792,0,0,1,0,1,507,264,22,0,793,0,0,0,793
05/17/2009,MEM,TN,ASO,CE,Combined TRACON& Tower with Radar,377,335,28,2,742,0,0,6,0,6,377,335,34,2,748,0,0,0,748
05/18/2009,MEM,TN,ASO,CE,Combined TRACON& Tower with Radar,330,334,46,2,712,0,0,13,2,15,330,334,59,4,727,0,0,0,727
05/19/2009,MEM,TN,ASO,CE,Combined TRACON& Tower with Radar,675,340,52,3,1070,0,2,5,4,11,675,342,57,7,1081,0,0,0,1081
05/20/2009,MEM,TN,ASO,CE,Combined TRACON& Tower with Radar,677,336,47,4,1064,0,2,13,2,17,677,338,60,6,1081,0,0,0,1081
05/21/2009,MEM,TN,ASO,CE,Combined TRACON& Tower with Radar,687,349,41,8,1085,2,4,12,0,18,689,353,53,8,1103,0,0,0,1103
05/22/2009,MEM,TN,ASO,CE,Combined TRACON& Tower with Radar,672,332,45,4,1053,0,3,3,0,6,672,335,48,4,1059,0,0,0,1059
05/23/2009,MEM,TN,ASO,CE,Combined TRACON& Tower with Radar,487,244,22,0,753,0,1,0,0,1,487,245,22,0,754,0,0,0,754
05/24/2009,MEM,TN,ASO,CE,Combined TRACON& Tower with Radar,356,250,12,1,619,0,0,1,0,1,356,250,13,1,620,0,0,0,620
05/25/2009,MEM,TN,ASO,CE,Combined TRACON& Tower with Radar,249,318,18,3,588,0,0,1,0,1,249,318,19,3,589,0,0,0,589
05/26/2009,MEM,TN,ASO,CE,Combined TRACON& Tower with Radar,340,331,46,4,721,0,3,1,0,4,340,334,47,4,725,0,0,0,725
05/27/2009,MEM,TN,ASO,CE,Combined TRACON& Tower with Radar,707,357,50,7,1121,0,1,6,1,8,707,358,56,8,1129,0,0,0,1129
05/28/2009,MEM,TN,ASO,CE,Combined TRACON& Tower with Radar,697,342,64,3,1106,0,1,3,0,4,697,343,67,3,1110,0,0,0,1110
05/29/2009,MEM,TN,ASO,CE,Combined TRACON& Tower with Radar,674,334,64,3,1075,0,1,13,1,15,674,335,77,4,1090,0,0,0,1090
05/30/2009,MEM,TN,ASO,CE,Combined TRACON& Tower with Radar,492,256,22,4,774,0,1,8,0,9,492,257,30,4,783,0,0,0,783
05/31/2009,MEM,TN,ASO,CE,Combined TRACON& Tower with Radar,379,325,33,2,739,0,0,7,0,7,379,325,40,2,746,0,0,0,746
06/01/2009,MEM,TN,ASO,CE,Combined TRACON& Tower with Radar,337,321,46,2,706,0,1,14,0,15,337,322,60,2,721,0,0,0,721
06/02/2009,MEM,TN,ASO,CE,Combined TRACON& Tower with Radar,676,336,58,1,1071,0,0,9,0,9,676,336,67,1,1080,0,0,0,1080
06/03/2009,MEM,TN,ASO,CE,Combined TRACON& Tower with Radar,684,345,63,5,1097,0,1,0,0,1,684,346,63,5,1098,0,0,0,1098
06/04/2009,MEM,TN,ASO,CE,Combined TRACON& Tower with Radar,693,334,85,8,1120,0,0,0,0,0,693,334,85,8,1120,0,0,0,1120
06/05/2009,MEM,TN,ASO,CE,Combined TRACON& Tower with Radar,709,331,52,4,1096,0,2,10,0,12,709,333,62,4,1108,0,0,0,1108
06/06/2009,MEM,TN,ASO,CE,Combined TRACON& Tower with Radar,512,293,37,8,850,0,0,14,1,15,512,293,51,9,865,0,0,0,865
06/07/2009,MEM,TN,ASO,CE,Combined TRACON& Tower with Radar,396,318,66,2,782,0,0,11,2,13,396,318,77,4,795,0,0,0,795
06/08/2009,MEM,TN,ASO,CE,Combined TRACON& Tower with Radar,353,324,54,2,733,0,2,9,4,15,353,326,63,6,748,0,0,0,748
06/09/2009,MEM,TN,ASO,CE,Combined TRACON& Tower with Radar,677,336,58,6,1077,0,1,4,2,7,677,337,62,8,1084,0,0,0,1084
06/10/2009,MEM,TN,ASO,CE,Combined TRACON& Tower with Radar,682,351,50,1,1084,0,0,3,1,4,682,351,53,2,1088,0,0,0,1088
06/11/2009,MEM,TN,ASO,CE,Combined TRACON& Tower with Radar,704,347,59,5,1115,0,0,3,1,4,704,347,62,6,1119,0,0,0,1119
06/12/2009,MEM,TN,ASO,CE,Combined TRACON& Tower with Radar,680,327,59,0,1066,0,0,3,0,3,680,327,62,0,1069,0,0,0,1069
06/13/2009,MEM,TN,ASO,CE,Combined TRACON& Tower with Radar,506,285,35,4,830,0,0,2,0,2,506,285,37,4,832,0,0,0,832
06/14/2009,MEM,TN,ASO,CE,Combined TRACON& Tower with Radar,396,315,35,1,747,0,0,7,0,7,396,315,42,1,754,0,0,0,754
06/15/2009,MEM,TN,ASO,CE,Combined TRACON& Tower with Radar,337,329,42,4,712,0,0,4,0,4,337,329,46,4,716,0,0,0,716
06/16/2009,MEM,TN,ASO,CE,Combined TRACON& Tower with Radar,711,345,58,3,1117,0,0,10,1,11,711,345,68,4,1128,0,0,0,1128
06/17/2009,MEM,TN,ASO,CE,Combined TRACON& Tower with Radar,692,345,67,3,1107,0,0,8,0,8,692,345,75,3,1115,0,0,0,1115
06/18/2009,MEM,TN,ASO,CE,Combined TRACON& Tower with Radar,693,329,53,5,1080,0,0,9,0,9,693,329,62,5,1089,0,0,0,1089
06/19/2009,MEM,TN,ASO,CE,Combined TRACON& Tower with Radar,675,318,62,7,1062,0,2,16,4,22,675,320,78,11,1084,0,0,0,1084
06/20/2009,MEM,TN,ASO,CE,Combined TRACON& Tower with Radar,514,294,32,6,846,0,0,10,1,11,514,294,42,7,857,0,0,0,857
06/21/2009,MEM,TN,ASO,CE,Combined TRACON& Tower with Radar,402,305,28,1,736,0,0,7,3,10,402,305,35,4,746,0,0,0,746
06/22/2009,MEM,TN,ASO,CE,Combined TRACON& Tower with Radar,345,322,53,4,724,0,2,13,0,15,345,324,66,4,739,0,0,0,739
06/23/2009,MEM,TN,ASO,CE,Combined TRACON& Tower with Radar,699,352,59,4,1114,0,0,9,0,9,699,352,68,4,1123,0,0,0,1123
06/24/2009,MEM,TN,ASO,CE,Combined TRACON& Tower with Radar,694,338,56,0,1088,0,0,8,0,8,694,338,64,0,1096,0,0,0,1096
06/25/2009,MEM,TN,ASO,CE,Combined TRACON& Tower with Radar,698,329,56,3,1086,0,0,7,2,9,698,329,63,5,1095,0,0,0,1095
06/26/2009,MEM,TN,ASO,CE,Combined TRACON& Tower with Radar,655,324,44,1,1024,0,1,11,0,12,655,325,55,1,1036,0,0,0,1036
06/27/2009,MEM,TN,ASO,CE,Combined TRACON& Tower with Radar,515,294,28,2,839,0,0,2,0,2,515,294,30,2,841,0,0,0,841
06/28/2009,MEM,TN,ASO,CE,Combined TRACON& Tower with Radar,404,311,22,4,741,0,1,10,2,13,404,312,32,6,754,0,0,0,754
06/29/2009,MEM,TN,ASO,CE,Combined TRACON& Tower with Radar,354,322,52,9,737,0,1,4,0,5,354,323,56,9,742,0,0,0,742
06/30/2009,MEM,TN,ASO,CE,Combined TRACON& Tower with Radar,698,330,59,8,1095,0,1,8,1,10,698,331,67,9,1105,0,0,0,1105
07/01/2009,MEM,TN,ASO,CE,Towers with Radar,694,325,53,1,1073,0,1,11,0,12,694,326,64,1,1085,0,0,0,1085
07/02/2009,MEM,TN,ASO,CE,Towers with Radar,704,330,48,3,1085,0,0,6,2,8,704,330,54,5,1093,0,0,0,1093
07/03/2009,MEM,TN,ASO,CE,Towers with Radar,606,305,26,2,939,0,0,19,0,19,606,305,45,2,958,0,0,0,958
07/04/2009,MEM,TN,ASO,CE,Towers with Radar,228,209,9,0,446,0,0,8,3,11,228,209,17,3,457,0,0,0,457
07/05/2009,MEM,TN,ASO,CE,Towers with Radar,412,313,20,0,745,0,0,17,0,17,412,313,37,0,762,0,0,0,762
07/06/2009,MEM,TN,ASO,CE,Towers with Radar,357,315,43,2,717,0,0,4,0,4,357,315,47,2,721,0,0,0,721
07/07/2009,MEM,TN,ASO,CE,Towers with Radar,702,319,58,2,1081,0,0,10,0,10,702,319,68,2,1091,0,0,0,1091
07/08/2009,MEM,TN,ASO,CE,Towers with Radar,692,321,57,5,1075,0,0,8,0,8,692,321,65,5,1083,0,0,0,1083
07/09/2009,MEM,TN,ASO,CE,Towers with Radar,700,330,48,2,1080,0,0,15,2,17,700,330,63,4,1097,0,0,0,1097
07/10/2009,MEM,TN,ASO,CE,Towers with Radar,670,321,48,3,1042,0,3,6,0,9,670,324,54,3,1051,0,0,0,1051
07/11/2009,MEM,TN,ASO,CE,Towers with Radar,511,288,27,2,828,0,0,3,0,3,511,288,30,2,831,0,0,0,831
07/12/2009,MEM,TN,ASO,CE,Towers with Radar,385,315,32,0,732,0,0,5,0,5,385,315,37,0,737,0,0,0,737
07/13/2009,MEM,TN,ASO,CE,Towers with Radar,349,326,44,2,721,0,1,0,0,1,349,327,44,2,722,0,0,0,722
07/14/2009,MEM,TN,ASO,CE,Towers with Radar,698,333,62,5,1098,0,2,9,0,11,698,335,71,5,1109,0,0,0,1109
07/15/2009,MEM,TN,ASO,CE,Towers with Radar,693,321,67,7,1088,0,0,3,0,3,693,321,70,7,1091,0,0,0,1091
07/16/2009,MEM,TN,ASO,CE,Towers with Radar,680,325,65,1,1071,0,0,4,0,4,680,325,69,1,1075,0,0,0,1075
07/17/2009,MEM,TN,ASO,CE,Towers with Radar,670,325,53,4,1052,0,2,10,0,12,670,327,63,4,1064,0,0,0,1064
07/18/2009,MEM,TN,ASO,CE,Towers with Radar,524,289,32,0,845,0,1,4,0,5,524,290,36,0,850,0,0,0,850
07/19/2009,MEM,TN,ASO,CE,Towers with Radar,390,321,34,3,748,0,0,5,0,5,390,321,39,3,753,0,0,0,753
07/20/2009,MEM,TN,ASO,CE,Towers with Radar,356,318,49,2,725,0,0,6,0,6,356,318,55,2,731,0,0,0,731
07/21/2009,MEM,TN,ASO,CE,Towers with Radar,668,324,48,3,1043,0,0,0,0,0,668,324,48,3,1043,0,0,0,1043
07/22/2009,MEM,TN,ASO,CE,Towers with Radar,694,330,49,7,1080,0,1,3,0,4,694,331,52,7,1084,0,0,0,1084
07/23/2009,MEM,TN,ASO,CE,Towers with Radar,693,333,59,2,1087,0,1,12,0,13,693,334,71,2,1100,0,0,0,1100
07/24/2009,MEM,TN,ASO,CE,Towers with Radar,679,333,42,9,1063,0,1,5,1,7,679,334,47,10,1070,0,0,0,1070
07/25/2009,MEM,TN,ASO,CE,Towers with Radar,516,295,22,5,838,0,0,3,0,3,516,295,25,5,841,0,0,0,841
07/26/2009,MEM,TN,ASO,CE,Towers with Radar,399,308,31,0,738,0,0,4,0,4,399,308,35,0,742,0,0,0,742
07/27/2009,MEM,TN,ASO,CE,Towers with Radar,345,327,42,0,714,0,1,11,0,12,345,328,53,0,726,0,0,0,726
07/28/2009,MEM,TN,ASO,CE,Towers with Radar,712,324,62,2,1100,0,1,1,0,2,712,325,63,2,1102,0,0,0,1102
07/29/2009,MEM,TN,ASO,CE,Towers with Radar,698,319,55,5,1077,0,1,2,0,3,698,320,57,5,1080,0,0,0,1080
07/30/2009,MEM,TN,ASO,CE,Towers with Radar,690,335,45,4,1074,0,0,0,0,0,690,335,45,4,1074,0,0,0,1074
07/31/2009,MEM,TN,ASO,CE,Towers with Radar,690,328,36,3,1057,0,2,8,0,10,690,330,44,3,1067,0,0,0,1067
08/01/2009,MEM,TN,ASO,CE,Towers with Radar,523,284,25,4,836,0,0,2,0,2,523,284,27,4,838,0,0,0,838
08/02/2009,MEM,TN,ASO,CE,Towers with Radar,393,309,25,1,728,0,0,4,0,4,393,309,29,1,732,0,0,0,732
08/03/2009,MEM,TN,ASO,CE,Towers with Radar,346,315,32,1,694,0,1,9,2,12,346,316,41,3,706,0,0,0,706
08/04/2009,MEM,TN,ASO,CE,Towers with Radar,673,329,57,4,1063,0,0,10,1,11,673,329,67,5,1074,0,0,0,1074
08/05/2009,MEM,TN,ASO,CE,Towers with Radar,699,317,50,2,1068,0,1,4,1,6,699,318,54,3,1074,0,0,0,1074
08/06/2009,MEM,TN,ASO,CE,Towers with Radar,689,323,53,6,1071,0,1,11,1,13,689,324,64,7,1084,0,0,0,1084
08/07/2009,MEM,TN,ASO,CE,Towers with Radar,673,324,67,3,1067,0,2,11,0,13,673,326,78,3,1080,0,0,0,1080
08/08/2009,MEM,TN,ASO,CE,Towers with Radar,506,292,17,2,817,0,0,7,0,7,506,292,24,2,824,0,0,0,824
08/09/2009,MEM,TN,ASO,CE,Towers with Radar,394,311,36,1,742,0,0,6,0,6,394,311,42,1,748,0,0,0,748
08/10/2009,MEM,TN,ASO,CE,Towers with Radar,339,313,32,3,687,0,0,3,2,5,339,313,35,5,692,0,0,0,692
08/11/2009,MEM,TN,ASO,CE,Towers with Radar,705,333,47,3,1088,0,1,6,0,7,705,334,53,3,1095,0,0,0,1095
08/12/2009,MEM,TN,ASO,CE,Towers with Radar,679,333,46,1,1059,0,0,6,0,6,679,333,52,1,1065,0,0,0,1065
08/13/2009,MEM,TN,ASO,CE,Towers with Radar,686,341,70,0,1097,0,0,13,0,13,686,341,83,0,1110,0,0,0,1110
08/14/2009,MEM,TN,ASO,CE,Towers with Radar,681,327,51,9,1068,0,2,10,0,12,681,329,61,9,1080,0,0,0,1080
08/15/2009,MEM,TN,ASO,CE,Towers with Radar,518,292,18,6,834,0,0,5,0,5,518,292,23,6,839,0,0,0,839
08/16/2009,MEM,TN,ASO,CE,Towers with Radar,382,311,33,15,741,0,0,4,1,5,382,311,37,16,746,0,0,0,746
08/17/2009,MEM,TN,ASO,CE,Towers with Radar,346,324,51,6,727,0,0,1,0,1,346,324,52,6,728,0,0,0,728
08/18/2009,MEM,TN,ASO,CE,Towers with Radar,670,323,72,6,1071,0,0,3,0,3,670,323,75,6,1074,0,0,0,1074
08/19/2009,MEM,TN,ASO,CE,Towers with Radar,647,327,55,5,1034,0,1,4,0,5,647,328,59,5,1039,0,0,0,1039
08/20/2009,MEM,TN,ASO,CE,Towers with Radar,678,331,45,4,1058,0,0,0,0,0,678,331,45,4,1058,0,0,0,1058
08/21/2009,MEM,TN,ASO,CE,Towers with Radar,651,328,40,12,1031,0,1,2,0,3,651,329,42,12,1034,0,0,0,1034
08/22/2009,MEM,TN,ASO,CE,Towers with Radar,481,247,22,3,753,0,0,8,0,8,481,247,30,3,761,0,0,0,761
08/23/2009,MEM,TN,ASO,CE,Towers with Radar,362,295,23,4,684,0,0,12,0,12,362,295,35,4,696,0,0,0,696
08/24/2009,MEM,TN,ASO,CE,Towers with Radar,336,323,41,2,702,0,1,7,0,8,336,324,48,2,710,0,0,0,710
08/25/2009,MEM,TN,ASO,CE,Towers with Radar,661,332,42,2,1037,0,0,9,0,9,661,332,51,2,1046,0,0,0,1046
08/26/2009,MEM,TN,ASO,CE,Towers with Radar,664,325,58,1,1048,0,0,11,1,12,664,325,69,2,1060,0,0,0,1060
08/27/2009,MEM,TN,ASO,CE,Towers with Radar,673,335,64,2,1074,0,2,6,0,8,673,337,70,2,1082,0,0,0,1082
08/28/2009,MEM,TN,ASO,CE,Towers with Radar,644,332,54,2,1032,0,1,8,0,9,644,333,62,2,1041,0,0,0,1041
08/29/2009,MEM,TN,ASO,CE,Towers with Radar,478,253,14,5,750,0,0,3,0,3,478,253,17,5,753,0,0,0,753
08/30/2009,MEM,TN,ASO,CE,Towers with Radar,351,306,28,5,690,0,2,4,0,6,351,308,32,5,696,0,0,0,696
08/31/2009,MEM,TN,ASO,CE,Towers with Radar,319,325,35,2,681,0,0,5,0,5,319,325,40,2,686,0,0,0,686
09/01/2009,MEM,TN,ASO,CE,Towers with Radar,655,315,52,0,1022,0,1,9,0,10,655,316,61,0,1032,0,0,0,1032
09/02/2009,MEM,TN,ASO,CE,Towers with Radar,662,317,53,6,1038,0,1,3,0,4,662,318,56,6,1042,0,0,0,1042
09/03/2009,MEM,TN,ASO,CE,Towers with Radar,652,323,69,5,1049,0,2,3,0,5,652,325,72,5,1054,0,0,0,1054
09/04/2009,MEM,TN,ASO,CE,Towers with Radar,635,317,30,3,985,0,0,3,2,5,635,317,33,5,990,0,0,0,990
09/05/2009,MEM,TN,ASO,CE,Towers with Radar,465,241,13,2,721,0,0,3,0,3,465,241,16,2,724,0,0,0,724
09/06/2009,MEM,TN,ASO,CE,Towers with Radar,310,241,14,5,570,0,0,1,4,5,310,241,15,9,575,0,0,0,575
09/07/2009,MEM,TN,ASO,CE,Towers with Radar,227,293,29,1,550,0,1,4,0,5,227,294,33,1,555,0,0,0,555
09/08/2009,MEM,TN,ASO,CE,Towers with Radar,327,305,64,5,701,0,1,5,0,6,327,306,69,5,707,0,0,0,707
09/09/2009,MEM,TN,ASO,CE,Towers with Radar,667,320,66,2,1055,0,2,6,1,9,667,322,72,3,1064,0,0,0,1064
09/10/2009,MEM,TN,ASO,CE,Towers with Radar,678,327,58,7,1070,0,1,3,0,4,678,328,61,7,1074,0,0,0,1074
09/11/2009,MEM,TN,ASO,CE,Towers with Radar,654,305,64,10,1033,0,1,9,2,12,654,306,73,12,1045,0,0,0,1045
09/12/2009,MEM,TN,ASO,CE,Towers with Radar,466,248,25,6,745,0,1,4,0,5,466,249,29,6,750,0,0,0,750
09/13/2009,MEM,TN,ASO,CE,Towers with Radar,353,289,25,3,670,0,0,4,1,5,353,289,29,4,675,0,0,0,675
09/14/2009,MEM,TN,ASO,CE,Towers with Radar,299,312,43,1,655,0,0,0,0,0,299,312,43,1,655,0,0,0,655
09/15/2009,MEM,TN,ASO,CE,Towers with Radar,660,325,76,5,1066,0,0,1,0,1,660,325,77,5,1067,0,0,0,1067
09/16/2009,MEM,TN,ASO,CE,Towers with Radar,641,326,43,4,1014,0,0,0,0,0,641,326,43,4,1014,0,0,0,1014
09/17/2009,MEM,TN,ASO,CE,Towers with Radar,677,344,70,2,1093,0,0,0,0,0,677,344,70,2,1093,0,0,0,1093
09/18/2009,MEM,TN,ASO,CE,Towers with Radar,641,319,49,3,1012,0,0,0,0,0,641,319,49,3,1012,0,0,0,1012
09/19/2009,MEM,TN,ASO,CE,Towers with Radar,475,241,13,0,729,0,0,4,0,4,475,241,17,0,733,0,0,0,733
09/20/2009,MEM,TN,ASO,CE,Towers with Radar,367,288,22,0,677,0,0,0,0,0,367,288,22,0,677,0,0,0,677
09/21/2009,MEM,TN,ASO,CE,Towers with Radar,309,308,53,0,670,0,2,3,0,5,309,310,56,0,675,0,0,0,675
09/22/2009,MEM,TN,ASO,CE,Towers with Radar,655,321,55,4,1035,0,1,2,0,3,655,322,57,4,1038,0,0,0,1038
09/23/2009,MEM,TN,ASO,CE,Towers with Radar,667,321,70,2,1060,0,2,0,0,2,667,323,70,2,1062,0,0,0,1062
09/24/2009,MEM,TN,ASO,CE,Towers with Radar,659,315,70,5,1049,0,1,2,0,3,659,316,72,5,1052,0,0,0,1052
09/25/2009,MEM,TN,ASO,CE,Towers with Radar,667,314,62,3,1046,0,0,5,0,5,667,314,67,3,1051,0,0,0,1051
09/26/2009,MEM,TN,ASO,CE,Towers with Radar,473,244,25,0,742,0,3,5,0,8,473,247,30,0,750,0,0,0,750
09/27/2009,MEM,TN,ASO,CE,Towers with Radar,363,282,67,6,718,0,4,8,1,13,363,286,75,7,731,0,0,0,731
09/28/2009,MEM,TN,ASO,CE,Towers with Radar,313,311,49,3,676,0,1,6,1,8,313,312,55,4,684,0,0,0,684
09/29/2009,MEM,TN,ASO,CE,Towers with Radar,677,323,62,2,1064,0,1,16,0,17,677,324,78,2,1081,0,0,0,1081
09/30/2009,MEM,TN,ASO,CE,Towers with Radar,673,317,56,1,1047,0,1,7,0,8,673,318,63,1,1055,0,0,0,1055
10/01/2009,MEM,TN,ASO,CE,Towers with Radar,640,326,59,5,1030,0,0,5,0,5,640,326,64,5,1035,0,0,0,1035
10/02/2009,MEM,TN,ASO,CE,Towers with Radar,670,313,50,4,1037,0,2,5,0,7,670,315,55,4,1044,0,0,0,1044
10/03/2009,MEM,TN,ASO,CE,Towers with Radar,487,251,20,0,758,0,1,6,0,7,487,252,26,0,765,0,0,0,765
10/04/2009,MEM,TN,ASO,CE,Towers with Radar,362,291,38,1,692,0,0,1,0,1,362,291,39,1,693,0,0,0,693
10/05/2009,MEM,TN,ASO,CE,Towers with Radar,322,322,41,5,690,0,0,2,0,2,322,322,43,5,692,0,0,0,692
10/06/2009,MEM,TN,ASO,CE,Towers with Radar,662,315,73,2,1052,0,0,0,0,0,662,315,73,2,1052,0,0,0,1052
10/07/2009,MEM,TN,ASO,CE,Towers with Radar,663,339,54,2,1058,0,0,4,2,6,663,339,58,4,1064,0,0,0,1064
10/08/2009,MEM,TN,ASO,CE,Towers with Radar,668,338,64,8,1078,0,2,5,0,7,668,340,69,8,1085,0,0,0,1085
10/09/2009,MEM,TN,ASO,CE,Towers with Radar,665,293,55,7,1020,0,0,1,1,2,665,293,56,8,1022,0,0,0,1022
10/10/2009,MEM,TN,ASO,CE,Towers with Radar,511,247,29,5,792,0,0,3,0,3,511,247,32,5,795,0,0,0,795
10/11/2009,MEM,TN,ASO,CE,Towers with Radar,358,309,56,6,729,0,0,8,5,13,358,309,64,11,742,0,0,0,742
10/12/2009,MEM,TN,ASO,CE,Towers with Radar,317,317,46,1,681,0,1,2,0,3,317,318,48,1,684,0,0,0,684
10/13/2009,MEM,TN,ASO,CE,Towers with Radar,634,332,57,4,1027,0,0,0,0,0,634,332,57,4,1027,0,0,0,1027
10/14/2009,MEM,TN,ASO,CE,Towers with Radar,663,324,62,0,1049,0,0,1,0,1,663,324,63,0,1050,0,0,0,1050
10/15/2009,MEM,TN,ASO,CE,Towers with Radar,662,321,62,3,1048,0,0,1,0,1,662,321,63,3,1049,0,0,0,1049
10/16/2009,MEM,TN,ASO,CE,Towers with Radar,666,329,60,1,1056,0,0,4,1,5,666,329,64,2,1061,0,0,0,1061
10/17/2009,MEM,TN,ASO,CE,Towers with Radar,488,247,16,0,751,0,0,8,1,9,488,247,24,1,760,0,0,0,760
10/18/2009,MEM,TN,ASO,CE,Towers with Radar,360,299,31,0,690,0,4,16,1,21,360,303,47,1,711,0,0,0,711
10/19/2009,MEM,TN,ASO,CE,Towers with Radar,310,279,41,0,630,1,8,5,2,16,311,287,46,2,646,0,0,0,646
10/20/2009,MEM,TN,ASO,CE,Towers with Radar,672,322,54,7,1055,0,5,10,0,15,672,327,64,7,1070,0,0,0,1070
10/21/2009,MEM,TN,ASO,CE,Towers with Radar,667,321,53,3,1044,0,6,5,0,11,667,327,58,3,1055,0,0,0,1055
10/22/2009,MEM,TN,ASO,CE,Towers with Radar,659,331,57,5,1052,1,4,1,0,6,660,335,58,5,1058,0,0,0,1058
10/23/2009,MEM,TN,ASO,CE,Towers with Radar,663,329,60,3,1055,0,0,3,0,3,663,329,63,3,1058,0,0,0,1058
10/24/2009,MEM,TN,ASO,CE,Towers with Radar,491,254,24,4,773,0,2,6,0,8,491,256,30,4,781,0,0,0,781
10/25/2009,MEM,TN,ASO,CE,Towers with Radar,364,288,34,9,695,0,7,12,0,19,364,295,46,9,714,0,0,0,714
10/26/2009,MEM,TN,ASO,CE,Towers with Radar,322,325,31,2,680,0,1,9,0,10,322,326,40,2,690,0,0,0,690
10/27/2009,MEM,TN,ASO,CE,Towers with Radar,670,349,63,4,1086,0,0,0,0,0,670,349,63,4,1086,0,0,0,1086
10/28/2009,MEM,TN,ASO,CE,Towers with Radar,681,345,55,4,1085,0,3,4,0,7,681,348,59,4,1092,0,0,0,1092
10/29/2009,MEM,TN,ASO,CE,Towers with Radar,671,325,53,1,1050,0,0,1,0,1,671,325,54,1,1051,0,0,0,1051
10/30/2009,MEM,TN,ASO,CE,Towers with Radar,673,319,56,3,1051,0,0,0,0,0,673,319,56,3,1051,0,0,0,1051
10/31/2009,MEM,TN,ASO,CE,Towers with Radar,508,249,20,4,781,0,0,4,0,4,508,249,24,4,785,0,0,0,785
11/01/2009,MEM,TN,ASO,CE,Towers with Radar,349,305,33,7,694,0,2,5,0,7,349,307,38,7,701,0,0,0,701
11/02/2009,MEM,TN,ASO,CE,Towers with Radar,321,341,38,0,700,0,0,9,0,9,321,341,47,0,709,0,0,0,709
11/03/2009,MEM,TN,ASO,CE,Towers with Radar,656,350,64,3,1073,0,3,10,3,16,656,353,74,6,1089,0,0,0,1089
11/04/2009,MEM,TN,ASO,CE,Towers with Radar,649,355,55,4,1063,0,6,9,0,15,649,361,64,4,1078,0,0,0,1078
11/05/2009,MEM,TN,ASO,CE,Towers with Radar,681,346,59,2,1088,0,12,8,0,20,681,358,67,2,1108,0,0,0,1108
11/06/2009,MEM,TN,ASO,CE,Towers with Radar,642,348,38,3,1031,0,9,8,0,17,642,357,46,3,1048,0,0,0,1048
11/07/2009,MEM,TN,ASO,CE,Towers with Radar,474,263,20,2,759,0,2,10,0,12,474,265,30,2,771,0,0,0,771
11/08/2009,MEM,TN,ASO,CE,Towers with Radar,355,323,46,0,724,0,3,8,0,11,355,326,54,0,735,0,0,0,735
11/09/2009,MEM,TN,ASO,CE,Towers with Radar,308,342,42,0,692,0,1,3,0,4,308,343,45,0,696,0,0,0,696
11/10/2009,MEM,TN,ASO,CE,Towers with Radar,657,352,51,4,1064,0,1,1,0,2,657,353,52,4,1066,0,0,0,1066
11/11/2009,MEM,TN,ASO,CE,Towers with Radar,672,356,56,2,1086,0,4,6,0,10,672,360,62,2,1096,0,0,0,1096
11/12/2009,MEM,TN,ASO,CE,Towers with Radar,663,351,68,4,1086,0,5,31,0,36,663,356,99,4,1122,0,0,0,1122
11/13/2009,MEM,TN,ASO,CE,Towers with Radar,668,346,77,11,1102,0,5,11,0,16,668,351,88,11,1118,0,0,0,1118
11/14/2009,MEM,TN,ASO,CE,Towers with Radar,484,251,26,2,763,0,1,7,2,10,484,252,33,4,773,0,0,0,773
11/15/2009,MEM,TN,ASO,CE,Towers with Radar,352,320,47,10,729,0,2,1,1,4,352,322,48,11,733,0,0,0,733
11/16/2009,MEM,TN,ASO,CE,Towers with Radar,310,349,37,4,700,0,0,0,0,0,310,349,37,4,700,0,0,0,700
11/17/2009,MEM,TN,ASO,CE,Towers with Radar,657,352,59,4,1072,0,0,2,1,3,657,352,61,5,1075,0,0,0,1075
11/18/2009,MEM,TN,ASO,CE,Towers with Radar,674,349,53,4,1080,0,2,7,1,10,674,351,60,5,1090,0,0,0,1090
11/19/2009,MEM,TN,ASO,CE,Towers with Radar,679,344,90,3,1116,0,2,9,0,11,679,346,99,3,1127,0,0,0,1127
11/20/2009,MEM,TN,ASO,CE,Towers with Radar,661,359,69,1,1090,0,3,11,0,14,661,362,80,1,1104,0,0,0,1104
11/21/2009,MEM,TN,ASO,CE,Towers with Radar,493,255,27,4,779,0,0,8,0,8,493,255,35,4,787,0,0,0,787
11/22/2009,MEM,TN,ASO,CE,Towers with Radar,365,314,47,1,727,0,0,3,0,3,365,314,50,1,730,0,0,0,730
11/23/2009,MEM,TN,ASO,CE,Towers with Radar,327,337,54,0,718,0,0,1,0,1,327,337,55,0,719,0,0,0,719
11/24/2009,MEM,TN,ASO,CE,Towers with Radar,715,363,67,3,1148,0,0,0,0,0,715,363,67,3,1148,0,0,0,1148
11/25/2009,MEM,TN,ASO,CE,Towers with Radar,689,353,37,1,1080,0,1,2,0,3,689,354,39,1,1083,0,0,0,1083
11/26/2009,MEM,TN,ASO,CE,Towers with Radar,246,245,7,1,499,0,0,1,0,1,246,245,8,1,500,0,0,0,500
11/27/2009,MEM,TN,ASO,CE,Towers with Radar,545,246,20,1,812,0,1,3,0,4,545,247,23,1,816,0,0,0,816
11/28/2009,MEM,TN,ASO,CE,Towers with Radar,505,308,25,0,838,0,0,7,0,7,505,308,32,0,845,0,0,0,845
11/29/2009,MEM,TN,ASO,CE,Towers with Radar,370,340,54,0,764,0,0,0,0,0,370,340,54,0,764,0,0,0,764
11/30/2009,MEM,TN,ASO,CE,Towers with Radar,341,346,72,3,762,0,0,4,0,4,341,346,76,3,766,0,0,0,766
12/01/2009,MEM,TN,ASO,CE,Towers with Radar,694,358,45,5,1102,0,2,6,0,8,694,360,51,5,1110,0,0,0,1110
12/02/2009,MEM,TN,ASO,CE,Towers with Radar,669,356,65,2,1092,0,0,0,0,0,669,356,65,2,1092,0,0,0,1092
12/03/2009,MEM,TN,ASO,CE,Towers with Radar,696,368,70,2,1136,0,0,1,0,1,696,368,71,2,1137,0,0,0,1137
12/04/2009,MEM,TN,ASO,CE,Towers with Radar,685,341,51,9,1086,0,1,4,0,5,685,342,55,9,1091,0,0,0,1091
12/05/2009,MEM,TN,ASO,CE,Towers with Radar,478,249,31,3,761,0,0,3,0,3,478,249,34,3,764,0,0,0,764
12/06/2009,MEM,TN,ASO,CE,Towers with Radar,383,320,20,1,724,0,0,2,0,2,383,320,22,1,726,0,0,0,726
12/07/2009,MEM,TN,ASO,CE,Towers with Radar,306,344,41,7,698,0,0,2,0,2,306,344,43,7,700,0,0,0,700
12/08/2009,MEM,TN,ASO,CE,Towers with Radar,676,335,57,6,1074,0,0,0,0,0,676,335,57,6,1074,0,0,0,1074
12/09/2009,MEM,TN,ASO,CE,Towers with Radar,709,346,76,2,1133,0,0,1,0,1,709,346,77,2,1134,0,0,0,1134
12/10/2009,MEM,TN,ASO,CE,Towers with Radar,708,355,66,2,1131,0,0,9,0,9,708,355,75,2,1140,0,0,0,1140
12/11/2009,MEM,TN,ASO,CE,Towers with Radar,671,343,52,5,1071,0,4,6,0,10,671,347,58,5,1081,0,0,0,1081
12/12/2009,MEM,TN,ASO,CE,Towers with Radar,486,256,22,0,764,0,3,0,0,3,486,259,22,0,767,0,0,0,767
12/13/2009,MEM,TN,ASO,CE,Towers with Radar,406,310,29,1,746,0,0,0,0,0,406,310,29,1,746,0,0,0,746
12/14/2009,MEM,TN,ASO,CE,Towers with Radar,318,341,56,4,719,0,0,1,0,1,318,341,57,4,720,0,0,0,720
12/15/2009,MEM,TN,ASO,CE,Towers with Radar,728,340,74,9,1151,0,1,2,0,3,728,341,76,9,1154,0,0,0,1154
12/16/2009,MEM,TN,ASO,CE,Towers with Radar,729,345,68,2,1144,0,0,16,1,17,729,345,84,3,1161,0,0,0,1161
12/17/2009,MEM,TN,ASO,CE,Towers with Radar,712,355,73,2,1142,0,0,0,1,1,712,355,73,3,1143,0,0,0,1143
12/18/2009,MEM,TN,ASO,CE,Towers with Radar,720,336,52,4,1112,0,0,6,2,8,720,336,58,6,1120,0,0,0,1120
12/19/2009,MEM,TN,ASO,CE,Towers with Radar,532,295,15,1,843,0,1,4,0,5,532,296,19,1,848,0,0,0,848
12/20/2009,MEM,TN,ASO,CE,Towers with Radar,447,310,27,2,786,0,0,5,0,5,447,310,32,2,791,0,0,0,791
12/21/2009,MEM,TN,ASO,CE,Towers with Radar,341,326,26,2,695,0,2,7,1,10,341,328,33,3,705,0,0,0,705
12/22/2009,MEM,TN,ASO,CE,Towers with Radar,802,353,42,4,1201,0,1,5,0,6,802,354,47,4,1207,0,0,0,1207
12/23/2009,MEM,TN,ASO,CE,Towers with Radar,832,355,36,1,1224,0,0,1,0,1,832,355,37,1,1225,0,0,0,1225
12/24/2009,MEM,TN,ASO,CE,Towers with Radar,677,290,10,0,977,0,0,0,0,0,677,290,10,0,977,0,0,0,977
12/25/2009,MEM,TN,ASO,CE,Towers with Radar,225,254,7,0,486,0,0,0,0,0,225,254,7,0,486,0,0,0,486
12/26/2009,MEM,TN,ASO,CE,Towers with Radar,436,307,25,0,768,0,0,4,0,4,436,307,29,0,772,0,0,0,772
12/27/2009,MEM,TN,ASO,CE,Towers with Radar,354,324,23,1,702,0,0,7,1,8,354,324,30,2,710,0,0,0,710
12/28/2009,MEM,TN,ASO,CE,Towers with Radar,313,349,30,0,692,0,0,4,1,5,313,349,34,1,697,0,0,0,697
12/29/2009,MEM,TN,ASO,CE,Towers with Radar,642,348,26,0,1016,0,0,7,0,7,642,348,33,0,1023,0,0,0,1023
12/30/2009,MEM,TN,ASO,CE,Towers with Radar,649,349,30,0,1028,0,1,0,0,1,649,350,30,0,1029,0,0,0,1029
12/31/2009,MEM,TN,ASO,CE,Towers with Radar,648,296,21,2,967,0,0,0,0,0,648,296,21,2,967,0,0,0,967
01/01/2010,MEM,TN,ASO,CE,Towers with Radar,217,279,17,0,513,0,0,2,0,2,217,279,19,0,515,0,0,0,515
01/02/2010,MEM,TN,ASO,CE,Towers with Radar,436,299,50,1,786,0,2,12,0,14,436,301,62,1,800,0,0,0,800
01/03/2010,MEM,TN,ASO,CE,Towers with Radar,341,323,33,2,699,0,0,1,0,1,341,323,34,2,700,0,0,0,700
01/04/2010,MEM,TN,ASO,CE,Towers with Radar,312,340,41,1,694,0,0,15,0,15,312,340,56,1,709,0,0,0,709
01/05/2010,MEM,TN,ASO,CE,Towers with Radar,621,352,39,4,1016,0,0,5,0,5,621,352,44,4,1021,0,0,0,1021
01/06/2010,MEM,TN,ASO,CE,Towers with Radar,656,349,55,2,1062,0,0,4,0,4,656,349,59,2,1066,0,0,0,1066
01/07/2010,MEM,TN,ASO,CE,Towers with Radar,636,301,31,0,968,0,0,0,0,0,636,301,31,0,968,0,0,0,968
01/08/2010,MEM,TN,ASO,CE,Towers with Radar,639,350,33,2,1024,0,0,3,0,3,639,350,36,2,1027,0,0,0,1027
01/09/2010,MEM,TN,ASO,CE,Towers with Radar,459,258,18,2,737,0,0,2,0,2,459,258,20,2,739,0,0,0,739
01/10/2010,MEM,TN,ASO,CE,Towers with Radar,324,313,19,0,656,0,0,8,0,8,324,313,27,0,664,0,0,0,664
01/11/2010,MEM,TN,ASO,CE,Towers with Radar,309,344,30,4,687,0,1,7,0,8,309,345,37,4,695,0,0,0,695
01/12/2010,MEM,TN,ASO,CE,Towers with Radar,634,356,63,3,1056,0,2,3,0,5,634,358,66,3,1061,0,0,0,1061
01/13/2010,MEM,TN,ASO,CE,Towers with Radar,633,359,58,3,1053,0,0,9,0,9,633,359,67,3,1062,0,0,0,1062
01/14/2010,MEM,TN,ASO,CE,Towers with Radar,648,353,50,5,1056,0,0,9,0,9,648,353,59,5,1065,0,0,0,1065
01/15/2010,MEM,TN,ASO,CE,Towers with Radar,614,359,45,5,1023,0,2,5,0,7,614,361,50,5,1030,0,0,0,1030
01/16/2010,MEM,TN,ASO,CE,Towers with Radar,422,250,20,2,694,0,0,1,0,1,422,250,21,2,695,0,0,0,695
01/17/2010,MEM,TN,ASO,CE,Towers with Radar,330,288,40,11,669,0,0,1,1,2,330,288,41,12,671,0,0,0,671
01/18/2010,MEM,TN,ASO,CE,Towers with Radar,322,344,52,0,718,1,0,0,0,1,323,344,52,0,719,0,0,0,719
01/19/2010,MEM,TN,ASO,CE,Towers with Radar,621,350,55,6,1032,0,0,2,0,2,621,350,57,6,1034,0,0,0,1034
01/20/2010,MEM,TN,ASO,CE,Towers with Radar,592,351,48,3,994,0,0,0,0,0,592,351,48,3,994,0,0,0,994
01/21/2010,MEM,TN,ASO,CE,Towers with Radar,713,358,52,9,1132,0,1,0,1,2,713,359,52,10,1134,0,0,0,1134
01/22/2010,MEM,TN,ASO,CE,Towers with Radar,627,364,44,5,1040,0,0,0,0,0,627,364,44,5,1040,0,0,0,1040
01/23/2010,MEM,TN,ASO,CE,Towers with Radar,447,263,26,5,741,0,0,1,1,2,447,263,27,6,743,0,0,0,743
01/24/2010,MEM,TN,ASO,CE,Towers with Radar,325,314,13,1,653,0,0,2,0,2,325,314,15,1,655,0,0,0,655
01/25/2010,MEM,TN,ASO,CE,Towers with Radar,314,345,38,7,704,0,0,8,0,8,314,345,46,7,712,0,0,0,712
01/26/2010,MEM,TN,ASO,CE,Towers with Radar,659,351,62,3,1075,0,1,6,4,11,659,352,68,7,1086,0,0,0,1086
01/27/2010,MEM,TN,ASO,CE,Towers with Radar,621,363,45,3,1032,0,1,5,0,6,621,364,50,3,1038,0,0,0,1038
01/28/2010,MEM,TN,ASO,CE,Towers with Radar,657,343,55,2,1057,0,0,2,0,2,657,343,57,2,1059,0,0,0,1059
01/29/2010,MEM,TN,ASO,CE,Towers with Radar,329,48,13,1,391,0,0,0,0,0,329,48,13,1,391,0,0,0,391
01/30/2010,MEM,TN,ASO,CE,Towers with Radar,491,202,16,1,710,0,0,2,0,2,491,202,18,1,712,0,0,0,712
01/31/2010,MEM,TN,ASO,CE,Towers with Radar,389,320,27,2,738,0,1,6,0,7,389,321,33,2,745,0,0,0,745
02/01/2010,MEM,TN,ASO,CE,Towers with Radar,313,350,43,6,712,0,0,4,3,7,313,350,47,9,719,0,0,0,719
02/02/2010,MEM,TN,ASO,CE,Towers with Radar,653,350,52,3,1058,0,0,2,1,3,653,350,54,4,1061,0,0,0,1061
02/03/2010,MEM,TN,ASO,CE,Towers with Radar,637,341,47,5,1030,0,2,6,0,8,637,343,53,5,1038,0,0,0,1038
02/04/2010,MEM,TN,ASO,CE,Towers with Radar,635,356,47,6,1044,0,0,0,0,0,635,356,47,6,1044,0,0,0,1044
02/05/2010,MEM,TN,ASO,CE,Towers with Radar,651,340,42,0,1033,0,0,0,0,0,651,340,42,0,1033,0,0,0,1033
02/06/2010,MEM,TN,ASO,CE,Towers with Radar,429,245,13,1,688,0,0,3,0,3,429,245,16,1,691,0,0,0,691
02/07/2010,MEM,TN,ASO,CE,Towers with Radar,326,318,16,1,661,0,0,6,0,6,326,318,22,1,667,0,0,0,667
02/08/2010,MEM,TN,ASO,CE,Towers with Radar,263,208,34,0,505,0,0,0,0,0,263,208,34,0,505,0,0,0,505
02/09/2010,MEM,TN,ASO,CE,Towers with Radar,657,318,39,0,1014,0,0,5,1,6,657,318,44,1,1020,0,0,0,1020
02/10/2010,MEM,TN,ASO,CE,Towers with Radar,649,351,52,0,1052,0,2,9,3,14,649,353,61,3,1066,0,0,0,1066
02/11/2010,MEM,TN,ASO,CE,Towers with Radar,647,344,69,5,1065,0,0,12,0,12,647,344,81,5,1077,0,0,0,1077
02/12/2010,MEM,TN,ASO,CE,Towers with Radar,627,332,64,1,1024,0,0,2,0,2,627,332,66,1,1026,0,0,0,1026
02/13/2010,MEM,TN,ASO,CE,Towers with Radar,448,277,21,0,746,0,0,8,0,8,448,277,29,0,754,0,0,0,754
02/14/2010,MEM,TN,ASO,CE,Towers with Radar,332,302,19,0,653,0,0,1,0,1,332,302,20,0,654,0,0,0,654
02/15/2010,MEM,TN,ASO,CE,Towers with Radar,297,295,42,1,635,0,3,2,0,5,297,298,44,1,640,0,0,0,640
02/16/2010,MEM,TN,ASO,CE,Towers with Radar,626,346,57,4,1033,0,0,6,0,6,626,346,63,4,1039,0,0,0,1039
02/17/2010,MEM,TN,ASO,CE,Towers with Radar,646,351,64,0,1061,0,0,11,0,11,646,351,75,0,1072,0,0,0,1072
02/18/2010,MEM,TN,ASO,CE,Towers with Radar,653,353,71,5,1082,0,0,4,0,4,653,353,75,5,1086,0,0,0,1086
02/19/2010,MEM,TN,ASO,CE,Towers with Radar,635,362,54,5,1056,0,0,6,1,7,635,362,60,6,1063,0,0,0,1063
02/20/2010,MEM,TN,ASO,CE,Towers with Radar,455,289,21,2,767,0,0,2,0,2,455,289,23,2,769,0,0,0,769
02/21/2010,MEM,TN,ASO,CE,Towers with Radar,324,321,27,6,678,0,0,0,0,0,324,321,27,6,678,0,0,0,678
02/22/2010,MEM,TN,ASO,CE,Towers with Radar,301,329,62,1,693,0,0,0,0,0,301,329,62,1,693,0,0,0,693
02/23/2010,MEM,TN,ASO,CE,Towers with Radar,652,350,74,5,1081,0,2,8,0,10,652,352,82,5,1091,0,0,0,1091
02/24/2010,MEM,TN,ASO,CE,Towers with Radar,652,351,51,6,1060,0,1,9,2,12,652,352,60,8,1072,0,0,0,1072
02/25/2010,MEM,TN,ASO,CE,Towers with Radar,643,359,65,13,1080,0,0,2,2,4,643,359,67,15,1084,0,0,0,1084
02/26/2010,MEM,TN,ASO,CE,Towers with Radar,635,341,52,8,1036,0,3,6,2,11,635,344,58,10,1047,0,0,0,1047
02/27/2010,MEM,TN,ASO,CE,Towers with Radar,456,291,32,4,783,0,0,5,3,8,456,291,37,7,791,0,0,0,791
02/28/2010,MEM,TN,ASO,CE,Towers with Radar,325,335,23,1,684,0,4,3,0,7,325,339,26,1,691,0,0,0,691
03/01/2010,MEM,TN,ASO,CE,Towers with Radar,302,338,44,5,689,0,0,2,0,2,302,338,46,5,691,0,0,0,691
03/02/2010,MEM,TN,ASO,CE,Towers with Radar,636,353,31,2,1022,0,0,3,1,4,636,353,34,3,1026,0,0,0,1026
03/03/2010,MEM,TN,ASO,CE,Towers with Radar,631,352,58,3,1044,0,7,10,1,18,631,359,68,4,1062,0,0,0,1062
03/04/2010,MEM,TN,ASO,CE,Towers with Radar,643,356,44,3,1046,0,4,14,0,18,643,360,58,3,1064,0,0,0,1064
03/05/2010,MEM,TN,ASO,CE,Towers with Radar,633,356,47,2,1038,0,3,15,1,19,633,359,62,3,1057,0,0,0,1057
03/06/2010,MEM,TN,ASO,CE,Towers with Radar,449,300,31,3,783,0,0,7,3,10,449,300,38,6,793,0,0,0,793
03/07/2010,MEM,TN,ASO,CE,Towers with Radar,326,336,33,7,702,0,2,6,3,11,326,338,39,10,713,0,0,0,713
03/08/2010,MEM,TN,ASO,CE,Towers with Radar,316,367,43,5,731,0,2,7,3,12,316,369,50,8,743,0,0,0,743
03/09/2010,MEM,TN,ASO,CE,Towers with Radar,626,355,55,5,1041,0,0,0,0,0,626,355,55,5,1041,0,0,0,1041
03/10/2010,MEM,TN,ASO,CE,Towers with Radar,649,349,60,4,1062,0,0,6,1,7,649,349,66,5,1069,0,0,0,1069
03/11/2010,MEM,TN,ASO,CE,Towers with Radar,661,353,74,3,1091,0,0,2,0,2,661,353,76,3,1093,0,0,0,1093
03/12/2010,MEM,TN,ASO,CE,Towers with Radar,624,372,48,4,1048,0,0,4,0,4,624,372,52,4,1052,0,0,0,1052
03/13/2010,MEM,TN,ASO,CE,Towers with Radar,452,302,36,5,795,0,0,2,0,2,452,302,38,5,797,0,0,0,797
03/14/2010,MEM,TN,ASO,CE,Towers with Radar,305,282,35,5,627,0,0,3,0,3,305,282,38,5,630,0,0,0,630
03/15/2010,MEM,TN,ASO,CE,Towers with Radar,317,353,46,3,719,0,0,4,0,4,317,353,50,3,723,0,0,0,723
03/16/2010,MEM,TN,ASO,CE,Towers with Radar,638,356,45,0,1039,0,0,1,0,1,638,356,46,0,1040,0,0,0,1040
03/17/2010,MEM,TN,ASO,CE,Towers with Radar,641,364,47,1,1053,0,0,2,0,2,641,364,49,1,1055,0,0,0,1055
03/18/2010,MEM,TN,ASO,CE,Towers with Radar,651,351,57,6,1065,0,9,9,0,18,651,360,66,6,1083,0,0,0,1083
03/19/2010,MEM,TN,ASO,CE,Towers with Radar,621,356,51,13,1041,0,3,12,0,15,621,359,63,13,1056,0,0,0,1056
03/20/2010,MEM,TN,ASO,CE,Towers with Radar,454,284,29,7,774,0,0,1,0,1,454,284,30,7,775,0,0,0,775
03/21/2010,MEM,TN,ASO,CE,Towers with Radar,316,327,26,2,671,0,0,3,0,3,316,327,29,2,674,0,0,0,674
03/22/2010,MEM,TN,ASO,CE,Towers with Radar,325,343,49,0,717,0,0,2,0,2,325,343,51,0,719,0,0,0,719
03/23/2010,MEM,TN,ASO,CE,Towers with Radar,634,364,59,5,1062,0,0,11,2,13,634,364,70,7,1075,0,0,0,1075
03/24/2010,MEM,TN,ASO,CE,Towers with Radar,649,354,65,3,1071,0,5,6,4,15,649,359,71,7,1086,0,0,0,1086
03/25/2010,MEM,TN,ASO,CE,Towers with Radar,663,363,49,4,1079,0,1,0,0,1,663,364,49,4,1080,0,0,0,1080
03/26/2010,MEM,TN,ASO,CE,Towers with Radar,610,349,32,6,997,0,1,3,0,4,610,350,35,6,1001,0,0,0,1001
03/27/2010,MEM,TN,ASO,CE,Towers with Radar,451,291,39,4,785,0,1,7,0,8,451,292,46,4,793,0,0,0,793
03/28/2010,MEM,TN,ASO,CE,Towers with Radar,342,329,50,0,721,1,0,2,3,6,343,329,52,3,727,0,0,0,727
03/29/2010,MEM,TN,ASO,CE,Towers with Radar,327,351,60,5,743,0,0,6,1,7,327,351,66,6,750,0,0,0,750
03/30/2010,MEM,TN,ASO,CE,Towers with Radar,641,350,65,3,1059,0,3,3,0,6,641,353,68,3,1065,0,0,0,1065
03/31/2010,MEM,TN,ASO,CE,Towers with Radar,651,354,52,3,1060,0,4,11,0,15,651,358,63,3,1075,0,0,0,1075
04/01/2010,MEM,TN,ASO,CE,Towers with Radar,654,358,46,1,1059,0,4,8,0,12,654,362,54,1,1071,0,0,0,1071
04/02/2010,MEM,TN,ASO,CE,Towers with Radar,622,362,44,0,1028,0,4,4,0,8,622,366,48,0,1036,0,0,0,1036
04/03/2010,MEM,TN,ASO,CE,Towers with Radar,448,290,25,0,763,0,3,2,0,5,448,293,27,0,768,0,0,0,768
04/04/2010,MEM,TN,ASO,CE,Towers with Radar,325,338,18,0,681,0,0,7,0,7,325,338,25,0,688,0,0,0,688
04/05/2010,MEM,TN,ASO,CE,Towers with Radar,302,341,48,3,694,0,2,4,0,6,302,343,52,3,700,0,0,0,700
04/06/2010,MEM,TN,ASO,CE,Towers with Radar,629,352,63,4,1048,0,2,2,2,6,629,354,65,6,1054,0,0,0,1054
04/07/2010,MEM,TN,ASO,CE,Towers with Radar,645,351,58,1,1055,0,0,0,2,2,645,351,58,3,1057,0,0,0,1057
04/08/2010,MEM,TN,ASO,CE,Towers with Radar,649,360,63,5,1077,0,0,1,2,3,649,360,64,7,1080,0,0,0,1080
04/09/2010,MEM,TN,ASO,CE,Towers with Radar,628,363,55,6,1052,0,0,16,0,16,628,363,71,6,1068,0,0,0,1068
04/10/2010,MEM,TN,ASO,CE,Towers with Radar,452,264,19,2,737,0,0,6,2,8,452,264,25,4,745,0,0,0,745
04/11/2010,MEM,TN,ASO,CE,Towers with Radar,339,338,54,6,737,0,0,4,0,4,339,338,58,6,741,0,0,0,741
04/12/2010,MEM,TN,ASO,CE,Towers with Radar,326,352,43,4,725,0,1,8,0,9,326,353,51,4,734,0,0,0,734
04/13/2010,MEM,TN,ASO,CE,Towers with Radar,636,352,62,1,1051,0,2,5,1,8,636,354,67,2,1059,0,0,0,1059
04/14/2010,MEM,TN,ASO,CE,Towers with Radar,639,356,59,7,1061,0,0,10,3,13,639,356,69,10,1074,0,0,0,1074
04/15/2010,MEM,TN,ASO,CE,Towers with Radar,637,360,68,12,1077,0,2,10,3,15,637,362,78,15,1092,0,0,0,1092
04/16/2010,MEM,TN,ASO,CE,Towers with Radar,596,363,50,9,1018,0,2,11,1,14,596,365,61,10,1032,0,0,0,1032
04/17/2010,MEM,TN,ASO,CE,Towers with Radar,442,249,36,4,731,0,1,2,0,3,442,250,38,4,734,0,0,0,734
04/18/2010,MEM,TN,ASO,CE,Towers with Radar,321,333,37,3,694,0,0,5,0,5,321,333,42,3,699,0,0,0,699
04/19/2010,MEM,TN,ASO,CE,Towers with Radar,323,354,52,3,732,0,0,2,2,4,323,354,54,5,736,0,0,0,736
04/20/2010,MEM,TN,ASO,CE,Towers with Radar,636,348,67,0,1051,0,0,4,0,4,636,348,71,0,1055,0,0,0,1055
04/21/2010,MEM,TN,ASO,CE,Towers with Radar,635,368,65,1,1069,0,2,1,1,4,635,370,66,2,1073,0,0,0,1073
04/22/2010,MEM,TN,ASO,CE,Towers with Radar,656,360,57,6,1079,0,2,0,0,2,656,362,57,6,1081,0,0,0,1081
04/23/2010,MEM,TN,ASO,CE,Towers with Radar,603,347,43,2,995,0,0,1,0,1,603,347,44,2,996,0,0,0,996
04/24/2010,MEM,TN,ASO,CE,Towers with Radar,479,259,20,0,758,0,0,0,0,0,479,259,20,0,758,0,0,0,758
04/25/2010,MEM,TN,ASO,CE,Towers with Radar,344,338,43,0,725,1,0,6,0,7,345,338,49,0,732,0,0,0,732
04/26/2010,MEM,TN,ASO,CE,Towers with Radar,317,345,37,0,699,0,0,4,0,4,317,345,41,0,703,0,0,0,703
04/27/2010,MEM,TN,ASO,CE,Towers with Radar,650,353,60,2,1065,0,2,7,1,10,650,355,67,3,1075,0,0,0,1075
04/28/2010,MEM,TN,ASO,CE,Towers with Radar,650,353,73,6,1082,0,1,8,1,10,650,354,81,7,1092,0,0,0,1092
04/29/2010,MEM,TN,ASO,CE,Towers with Radar,630,368,66,4,1068,0,1,2,1,4,630,369,68,5,1072,0,0,0,1072
04/30/2010,MEM,TN,ASO,CE,Towers with Radar,638,367,53,1,1059,0,0,3,0,3,638,367,56,1,1062,0,0,0,1062
05/01/2010,MEM,TN,ASO,CE,Towers with Radar,460,254,18,0,732,0,0,0,0,0,460,254,18,0,732,0,0,0,732
05/02/2010,MEM,TN,ASO,CE,Towers with Radar,349,331,35,7,722,0,0,0,0,0,349,331,35,7,722,0,0,0,722
05/03/2010,MEM,TN,ASO,CE,Towers with Radar,312,357,71,5,745,0,1,11,0,12,312,358,82,5,757,0,0,0,757
05/04/2010,MEM,TN,ASO,CE,Towers with Radar,663,353,69,6,1091,0,3,8,4,15,663,356,77,10,1106,0,0,0,1106
05/05/2010,MEM,TN,ASO,CE,Towers with Radar,678,365,50,2,1095,0,1,10,0,11,678,366,60,2,1106,0,0,0,1106
05/06/2010,MEM,TN,ASO,CE,Towers with Radar,645,376,54,6,1081,0,0,1,3,4,645,376,55,9,1085,0,0,0,1085
05/07/2010,MEM,TN,ASO,CE,Towers with Radar,663,371,49,5,1088,0,2,4,1,7,663,373,53,6,1095,0,0,0,1095
05/08/2010,MEM,TN,ASO,CE,Towers with Radar,471,275,25,8,779,0,0,3,0,3,471,275,28,8,782,0,0,0,782
05/09/2010,MEM,TN,ASO,CE,Towers with Radar,341,340,33,0,714,0,0,5,1,6,341,340,38,1,720,0,0,0,720
05/10/2010,MEM,TN,ASO,CE,Towers with Radar,289,348,43,0,680,0,0,0,0,0,289,348,43,0,680,0,0,0,680
05/11/2010,MEM,TN,ASO,CE,Towers with Radar,666,365,64,3,1098,0,0,4,0,4,666,365,68,3,1102,0,0,0,1102
05/12/2010,MEM,TN,ASO,CE,Towers with Radar,646,365,59,3,1073,0,0,2,0,2,646,365,61,3,1075,0,0,0,1075
05/13/2010,MEM,TN,ASO,CE,Towers with Radar,645,380,74,0,1099,0,2,5,0,7,645,382,79,0,1106,0,0,0,1106
05/14/2010,MEM,TN,ASO,CE,Towers with Radar,619,358,48,4,1029,0,1,1,0,2,619,359,49,4,1031,0,0,0,1031
05/15/2010,MEM,TN,ASO,CE,Towers with Radar,449,273,28,1,751,0,0,0,1,1,449,273,28,2,752,0,0,0,752
05/16/2010,MEM,TN,ASO,CE,Towers with Radar,346,352,42,1,741,0,0,2,0,2,346,352,44,1,743,0,0,0,743
05/17/2010,MEM,TN,ASO,CE,Towers with Radar,320,351,50,4,725,0,0,1,0,1,320,351,51,4,726,0,0,0,726
05/18/2010,MEM,TN,ASO,CE,Towers with Radar,657,372,87,6,1122,0,0,7,0,7,657,372,94,6,1129,0,0,0,1129
05/19/2010,MEM,TN,ASO,CE,Towers with Radar,648,374,60,1,1083,0,0,8,1,9,648,374,68,2,1092,0,0,0,1092
05/20/2010,MEM,TN,ASO,CE,Towers with Radar,654,375,38,1,1068,0,1,3,0,4,654,376,41,1,1072,0,0,0,1072
05/21/2010,MEM,TN,ASO,CE,Towers with Radar,641,371,46,4,1062,0,0,5,0,5,641,371,51,4,1067,0,0,0,1067
05/22/2010,MEM,TN,ASO,CE,Towers with Radar,456,292,19,2,769,0,0,3,0,3,456,292,22,2,772,0,0,0,772
05/23/2010,MEM,TN,ASO,CE,Towers with Radar,343,340,31,2,716,0,1,7,1,9,343,341,38,3,725,0,0,0,725
05/24/2010,MEM,TN,ASO,CE,Towers with Radar,323,353,39,0,715,0,0,4,0,4,323,353,43,0,719,0,0,0,719
05/25/2010,MEM,TN,ASO,CE,Towers with Radar,645,364,63,2,1074,0,1,3,0,4,645,365,66,2,1078,0,0,0,1078
05/26/2010,MEM,TN,ASO,CE,Towers with Radar,646,372,61,1,1080,0,1,7,1,9,646,373,68,2,1089,0,0,0,1089
05/27/2010,MEM,TN,ASO,CE,Towers with Radar,641,376,61,4,1082,0,1,6,1,8,641,377,67,5,1090,0,0,0,1090
05/28/2010,MEM,TN,ASO,CE,Towers with Radar,637,376,40,7,1060,0,0,12,1,13,637,376,52,8,1073,0,0,0,1073
05/29/2010,MEM,TN,ASO,CE,Towers with Radar,459,269,28,0,756,0,2,8,1,11,459,271,36,1,767,0,0,0,767
05/30/2010,MEM,TN,ASO,CE,Towers with Radar,310,293,7,2,612,0,1,2,0,3,310,294,9,2,615,0,0,0,615
05/31/2010,MEM,TN,ASO,CE,Towers with Radar,211,347,42,2,602,0,2,2,0,4,211,349,44,2,606,0,0,0,606
06/01/2010,MEM,TN,ASO,CE,Towers with Radar,342,358,40,0,740,0,2,5,0,7,342,360,45,0,747,0,0,0,747
06/02/2010,MEM,TN,ASO,CE,Towers with Radar,664,363,48,1,1076,0,2,1,0,3,664,365,49,1,1079,0,0,0,1079
06/03/2010,MEM,TN,ASO,CE,Towers with Radar,663,356,61,8,1088,0,0,4,0,4,663,356,65,8,1092,0,0,0,1092
06/04/2010,MEM,TN,ASO,CE,Towers with Radar,634,364,59,8,1065,0,2,1,2,5,634,366,60,10,1070,0,0,0,1070
06/05/2010,MEM,TN,ASO,CE,Towers with Radar,457,277,33,2,769,0,1,4,0,5,457,278,37,2,774,0,0,0,774
06/06/2010,MEM,TN,ASO,CE,Towers with Radar,355,350,61,2,768,0,0,4,0,4,355,350,65,2,772,0,0,0,772
06/07/2010,MEM,TN,ASO,CE,Towers with Radar,330,368,54,3,755,0,2,1,1,4,330,370,55,4,759,0,0,0,759
06/08/2010,MEM,TN,ASO,CE,Towers with Radar,653,362,61,5,1081,0,2,3,0,5,653,364,64,5,1086,0,0,0,1086
06/09/2010,MEM,TN,ASO,CE,Towers with Radar,656,371,63,4,1094,0,0,6,0,6,656,371,69,4,1100,0,0,0,1100
06/10/2010,MEM,TN,ASO,CE,Towers with Radar,639,386,65,3,1093,0,2,7,2,11,639,388,72,5,1104,0,0,0,1104
06/11/2010,MEM,TN,ASO,CE,Towers with Radar,628,387,39,7,1061,0,4,1,0,5,628,391,40,7,1066,0,0,0,1066
06/12/2010,MEM,TN,ASO,CE,Towers with Radar,464,318,20,0,802,0,0,11,0,11,464,318,31,0,813,0,0,0,813
06/13/2010,MEM,TN,ASO,CE,Towers with Radar,350,371,35,0,756,0,0,4,0,4,350,371,39,0,760,0,0,0,760
06/14/2010,MEM,TN,ASO,CE,Towers with Radar,316,380,50,0,746,0,0,4,0,4,316,380,54,0,750,0,0,0,750
06/15/2010,MEM,TN,ASO,CE,Towers with Radar,662,392,57,4,1115,0,3,2,0,5,662,395,59,4,1120,0,0,0,1120
06/16/2010,MEM,TN,ASO,CE,Towers with Radar,670,375,59,1,1105,0,0,8,0,8,670,375,67,1,1113,0,0,0,1113
06/17/2010,MEM,TN,ASO,CE,Towers with Radar,637,393,57,2,1089,0,0,9,0,9,637,393,66,2,1098,0,0,0,1098
06/18/2010,MEM,TN,ASO,CE,Towers with Radar,632,391,46,5,1074,0,0,14,1,15,632,391,60,6,1089,0,0,0,1089
06/19/2010,MEM,TN,ASO,CE,Towers with Radar,469,321,21,0,811,0,0,1,0,1,469,321,22,0,812,0,0,0,812
06/20/2010,MEM,TN,ASO,CE,Towers with Radar,356,371,10,2,739,0,0,13,0,13,356,371,23,2,752,0,0,0,752
06/21/2010,MEM,TN,ASO,CE,Towers with Radar,338,386,59,2,785,0,0,5,0,5,338,386,64,2,790,0,0,0,790
06/22/2010,MEM,TN,ASO,CE,Towers with Radar,673,399,78,2,1152,0,1,10,0,11,673,400,88,2,1163,0,0,0,1163
06/23/2010,MEM,TN,ASO,CE,Towers with Radar,639,380,54,7,1080,0,0,9,1,10,639,380,63,8,1090,0,0,0,1090
06/24/2010,MEM,TN,ASO,CE,Towers with Radar,640,385,54,1,1080,0,1,2,0,3,640,386,56,1,1083,0,0,0,1083
06/25/2010,MEM,TN,ASO,CE,Towers with Radar,626,380,56,4,1066,0,0,8,0,8,626,380,64,4,1074,0,0,0,1074
06/26/2010,MEM,TN,ASO,CE,Towers with Radar,473,318,25,1,817,0,2,2,0,4,473,320,27,1,821,0,0,0,821
06/27/2010,MEM,TN,ASO,CE,Towers with Radar,350,366,30,1,747,0,2,3,0,5,350,368,33,1,752,0,0,0,752
06/28/2010,MEM,TN,ASO,CE,Towers with Radar,318,381,57,0,756,0,0,7,0,7,318,381,64,0,763,0,0,0,763
06/29/2010,MEM,TN,ASO,CE,Towers with Radar,677,388,53,2,1120,0,0,7,0,7,677,388,60,2,1127,0,0,0,1127
06/30/2010,MEM,TN,ASO,CE,Towers with Radar,647,381,60,0,1088,0,0,4,0,4,647,381,64,0,1092,0,0,0,1092
07/01/2010,MEM,TN,ASO,CE,Towers with Radar,643,377,58,4,1082,0,0,4,1,5,643,377,62,5,1087,0,0,0,1087
07/02/2010,MEM,TN,ASO,CE,Towers with Radar,616,376,50,0,1042,0,1,9,1,11,616,377,59,1,1053,0,0,0,1053
07/03/2010,MEM,TN,ASO,CE,Towers with Radar,454,318,20,0,792,0,1,7,0,8,454,319,27,0,800,0,0,0,800
07/04/2010,MEM,TN,ASO,CE,Towers with Radar,304,256,13,0,573,0,0,6,0,6,304,256,19,0,579,0,0,0,579
07/05/2010,MEM,TN,ASO,CE,Towers with Radar,227,359,22,5,613,0,1,5,0,6,227,360,27,5,619,0,0,0,619
07/06/2010,MEM,TN,ASO,CE,Towers with Radar,350,380,50,7,787,0,1,5,1,7,350,381,55,8,794,0,0,0,794
07/07/2010,MEM,TN,ASO,CE,Towers with Radar,679,389,52,1,1121,0,0,6,1,7,679,389,58,2,1128,0,0,0,1128
07/08/2010,MEM,TN,ASO,CE,Towers with Radar,662,396,75,8,1141,0,0,3,1,4,662,396,78,9,1145,0,0,0,1145
07/09/2010,MEM,TN,ASO,CE,Towers with Radar,628,405,52,3,1088,0,0,1,0,1,628,405,53,3,1089,0,0,0,1089
07/10/2010,MEM,TN,ASO,CE,Towers with Radar,484,324,24,0,832,0,0,3,0,3,484,324,27,0,835,0,0,0,835
07/11/2010,MEM,TN,ASO,CE,Towers with Radar,354,364,21,3,742,0,0,3,0,3,354,364,24,3,745,0,0,0,745
07/12/2010,MEM,TN,ASO,CE,Towers with Radar,314,369,34,1,718,0,0,2,0,2,314,369,36,1,720,0,0,0,720
07/13/2010,MEM,TN,ASO,CE,Towers with Radar,647,384,65,2,1098,0,0,2,0,2,647,384,67,2,1100,0,0,0,1100
07/14/2010,MEM,TN,ASO,CE,Towers with Radar,671,391,57,3,1122,0,0,2,1,3,671,391,59,4,1125,0,0,0,1125
07/15/2010,MEM,TN,ASO,CE,Towers with Radar,658,404,40,7,1109,0,0,4,0,4,658,404,44,7,1113,0,0,0,1113
07/16/2010,MEM,TN,ASO,CE,Towers with Radar,635,392,56,5,1088,0,0,8,0,8,635,392,64,5,1096,0,0,0,1096
07/17/2010,MEM,TN,ASO,CE,Towers with Radar,484,321,23,13,841,0,0,2,0,2,484,321,25,13,843,0,0,0,843
07/18/2010,MEM,TN,ASO,CE,Towers with Radar,344,380,30,5,759,0,0,0,0,0,344,380,30,5,759,0,0,0,759
07/19/2010,MEM,TN,ASO,CE,Towers with Radar,307,387,32,4,730,0,0,3,0,3,307,387,35,4,733,0,0,0,733
07/20/2010,MEM,TN,ASO,CE,Towers with Radar,665,385,57,10,1117,0,0,6,0,6,665,385,63,10,1123,0,0,0,1123
07/21/2010,MEM,TN,ASO,CE,Towers with Radar,661,374,44,5,1084,0,2,10,0,12,661,376,54,5,1096,0,0,0,1096
07/22/2010,MEM,TN,ASO,CE,Towers with Radar,656,379,58,10,1103,0,0,8,1,9,656,379,66,11,1112,0,0,0,1112
07/23/2010,MEM,TN,ASO,CE,Towers with Radar,615,380,64,4,1063,0,0,5,1,6,615,380,69,5,1069,0,0,0,1069
07/24/2010,MEM,TN,ASO,CE,Towers with Radar,474,310,24,12,820,0,0,7,2,9,474,310,31,14,829,0,0,0,829
07/25/2010,MEM,TN,ASO,CE,Towers with Radar,353,369,30,4,756,0,0,2,0,2,353,369,32,4,758,0,0,0,758
07/26/2010,MEM,TN,ASO,CE,Towers with Radar,286,370,36,6,698,0,1,1,4,6,286,371,37,10,704,0,0,0,704
07/27/2010,MEM,TN,ASO,CE,Towers with Radar,715,376,52,2,1145,0,0,4,0,4,715,376,56,2,1149,0,0,0,1149
07/28/2010,MEM,TN,ASO,CE,Towers with Radar,659,381,59,2,1101,0,0,3,3,6,659,381,62,5,1107,0,0,0,1107
07/29/2010,MEM,TN,ASO,CE,Towers with Radar,648,386,36,3,1073,0,1,2,1,4,648,387,38,4,1077,0,0,0,1077
07/30/2010,MEM,TN,ASO,CE,Towers with Radar,644,380,47,9,1080,0,1,5,1,7,644,381,52,10,1087,0,0,0,1087
07/31/2010,MEM,TN,ASO,CE,Towers with Radar,477,317,22,6,822,0,0,7,1,8,477,317,29,7,830,0,0,0,830
08/01/2010,MEM,TN,ASO,CE,Towers with Radar,353,364,26,7,750,0,0,1,0,1,353,364,27,7,751,0,0,0,751
08/02/2010,MEM,TN,ASO,CE,Towers with Radar,321,374,43,5,743,0,0,6,1,7,321,374,49,6,750,0,0,0,750
08/03/2010,MEM,TN,ASO,CE,Towers with Radar,652,379,51,6,1088,0,0,7,0,7,652,379,58,6,1095,0,0,0,1095
08/04/2010,MEM,TN,ASO,CE,Towers with Radar,656,381,65,5,1107,0,0,6,2,8,656,381,71,7,1115,0,0,0,1115
08/05/2010,MEM,TN,ASO,CE,Towers with Radar,648,385,49,2,1084,0,0,8,1,9,648,385,57,3,1093,0,0,0,1093
08/06/2010,MEM,TN,ASO,CE,Towers with Radar,634,375,36,3,1048,0,0,0,0,0,634,375,36,3,1048,0,0,0,1048
08/07/2010,MEM,TN,ASO,CE,Towers with Radar,466,308,20,2,796,0,0,8,0,8,466,308,28,2,804,0,0,0,804
08/08/2010,MEM,TN,ASO,CE,Towers with Radar,360,356,24,2,742,0,0,3,0,3,360,356,27,2,745,0,0,0,745
08/09/2010,MEM,TN,ASO,CE,Towers with Radar,320,377,47,3,747,0,0,3,0,3,320,377,50,3,750,0,0,0,750
08/10/2010,MEM,TN,ASO,CE,Towers with Radar,648,389,60,8,1105,0,0,0,0,0,648,389,60,8,1105,0,0,0,1105
08/11/2010,MEM,TN,ASO,CE,Towers with Radar,653,377,51,2,1083,0,0,5,1,6,653,377,56,3,1089,0,0,0,1089
08/12/2010,MEM,TN,ASO,CE,Towers with Radar,658,388,59,4,1109,0,0,11,0,11,658,388,70,4,1120,0,0,0,1120
08/13/2010,MEM,TN,ASO,CE,Towers with Radar,628,380,45,0,1053,0,0,3,0,3,628,380,48,0,1056,0,0,0,1056
08/14/2010,MEM,TN,ASO,CE,Towers with Radar,470,332,29,0,831,0,0,3,0,3,470,332,32,0,834,0,0,0,834
08/15/2010,MEM,TN,ASO,CE,Towers with Radar,354,368,30,7,759,0,0,4,0,4,354,368,34,7,763,0,0,0,763
08/16/2010,MEM,TN,ASO,CE,Towers with Radar,327,361,37,1,726,0,0,5,1,6,327,361,42,2,732,0,0,0,732
08/17/2010,MEM,TN,ASO,CE,Towers with Radar,647,374,47,4,1072,0,0,0,0,0,647,374,47,4,1072,0,0,0,1072
08/18/2010,MEM,TN,ASO,CE,Towers with Radar,637,375,72,10,1094,0,0,1,2,3,637,375,73,12,1097,0,0,0,1097
08/19/2010,MEM,TN,ASO,CE,Towers with Radar,630,389,69,16,1104,0,0,4,0,4,630,389,73,16,1108,0,0,0,1108
08/20/2010,MEM,TN,ASO,CE,Towers with Radar,635,377,55,10,1077,0,0,1,0,1,635,377,56,10,1078,0,0,0,1078
08/21/2010,MEM,TN,ASO,CE,Towers with Radar,465,291,22,2,780,0,3,6,0,9,465,294,28,2,789,0,0,0,789
08/22/2010,MEM,TN,ASO,CE,Towers with Radar,336,352,26,5,719,0,1,9,0,10,336,353,35,5,729,0,0,0,729
08/23/2010,MEM,TN,ASO,CE,Towers with Radar,319,377,40,0,736,0,1,18,1,20,319,378,58,1,756,0,0,0,756
08/24/2010,MEM,TN,ASO,CE,Towers with Radar,625,369,61,1,1056,0,1,18,1,20,625,370,79,2,1076,0,0,0,1076
08/25/2010,MEM,TN,ASO,CE,Towers with Radar,635,371,67,7,1080,0,0,16,1,17,635,371,83,8,1097,0,0,0,1097
08/26/2010,MEM,TN,ASO,CE,Towers with Radar,648,371,65,9,1093,0,0,29,0,29,648,371,94,9,1122,0,0,0,1122
08/27/2010,MEM,TN,ASO,CE,Towers with Radar,610,367,47,3,1027,0,2,2,0,4,610,369,49,3,1031,0,0,0,1031
08/28/2010,MEM,TN,ASO,CE,Towers with Radar,449,295,20,2,766,0,3,5,2,10,449,298,25,4,776,0,0,0,776
08/29/2010,MEM,TN,ASO,CE,Towers with Radar,346,335,26,2,709,0,0,1,0,1,346,335,27,2,710,0,0,0,710
08/30/2010,MEM,TN,ASO,CE,Towers with Radar,312,369,58,5,744,0,0,1,0,1,312,369,59,5,745,0,0,0,745
08/31/2010,MEM,TN,ASO,CE,Towers with Radar,657,384,49,0,1090,0,0,3,0,3,657,384,52,0,1093,0,0,0,1093
09/01/2010,MEM,TN,ASO,CE,Towers with Radar,650,368,62,4,1084,0,2,3,0,5,650,370,65,4,1089,0,0,0,1089
09/02/2010,MEM,TN,ASO,CE,Towers with Radar,632,379,37,4,1052,0,2,3,0,5,632,381,40,4,1057,0,0,0,1057
09/03/2010,MEM,TN,ASO,CE,Towers with Radar,635,367,51,1,1054,0,0,7,0,7,635,367,58,1,1061,0,0,0,1061
09/04/2010,MEM,TN,ASO,CE,Towers with Radar,434,287,16,1,738,0,0,8,0,8,434,287,24,1,746,0,0,0,746
09/05/2010,MEM,TN,ASO,CE,Towers with Radar,332,274,13,0,619,0,3,2,0,5,332,277,15,0,624,0,0,0,624
09/06/2010,MEM,TN,ASO,CE,Towers with Radar,203,350,31,0,584,0,0,6,0,6,203,350,37,0,590,0,0,0,590
09/07/2010,MEM,TN,ASO,CE,Towers with Radar,345,340,43,3,731,0,0,7,0,7,345,340,50,3,738,0,0,0,738
09/08/2010,MEM,TN,ASO,CE,Towers with Radar,690,362,57,0,1109,0,1,3,1,5,690,363,60,1,1114,0,0,0,1114
09/09/2010,MEM,TN,ASO,CE,Towers with Radar,665,370,49,8,1092,0,0,1,0,1,665,370,50,8,1093,0,0,0,1093
09/10/2010,MEM,TN,ASO,CE,Towers with Radar,649,362,60,6,1077,0,2,6,2,10,649,364,66,8,1087,0,0,0,1087
09/11/2010,MEM,TN,ASO,CE,Towers with Radar,458,263,21,2,744,0,0,6,0,6,458,263,27,2,750,0,0,0,750
09/12/2010,MEM,TN,ASO,CE,Towers with Radar,357,323,30,4,714,0,0,7,2,9,357,323,37,6,723,0,0,0,723
09/13/2010,MEM,TN,ASO,CE,Towers with Radar,327,351,45,1,724,0,0,5,2,7,327,351,50,3,731,0,0,0,731
09/14/2010,MEM,TN,ASO,CE,Towers with Radar,650,362,62,3,1077,0,1,12,1,14,650,363,74,4,1091,0,0,0,1091
09/15/2010,MEM,TN,ASO,CE,Towers with Radar,648,354,55,8,1065,0,2,9,3,14,648,356,64,11,1079,0,0,0,1079
09/16/2010,MEM,TN,ASO,CE,Towers with Radar,653,367,49,3,1072,0,2,9,0,11,653,369,58,3,1083,0,0,0,1083
09/17/2010,MEM,TN,ASO,CE,Towers with Radar,622,354,67,13,1056,0,3,3,0,6,622,357,70,13,1062,0,0,0,1062
09/18/2010,MEM,TN,ASO,CE,Towers with Radar,442,260,20,0,722,0,1,10,3,14,442,261,30,3,736,0,0,0,736
09/19/2010,MEM,TN,ASO,CE,Towers with Radar,353,336,51,12,752,0,0,4,0,4,353,336,55,12,756,0,0,0,756
09/20/2010,MEM,TN,ASO,CE,Towers with Radar,330,351,55,6,742,0,3,9,0,12,330,354,64,6,754,0,0,0,754
09/21/2010,MEM,TN,ASO,CE,Towers with Radar,668,366,57,4,1095,0,3,5,4,12,668,369,62,8,1107,0,0,0,1107
09/22/2010,MEM,TN,ASO,CE,Towers with Radar,648,360,59,7,1074,0,0,6,0,6,648,360,65,7,1080,0,0,0,1080
09/23/2010,MEM,TN,ASO,CE,Towers with Radar,651,375,74,4,1104,0,0,9,4,13,651,375,83,8,1117,0,0,0,1117
09/24/2010,MEM,TN,ASO,CE,Towers with Radar,635,379,45,8,1067,0,2,8,1,11,635,381,53,9,1078,0,0,0,1078
09/25/2010,MEM,TN,ASO,CE,Towers with Radar,460,259,16,2,737,0,0,2,0,2,460,259,18,2,739,0,0,0,739
09/26/2010,MEM,TN,ASO,CE,Towers with Radar,363,349,64,2,778,0,0,2,1,3,363,349,66,3,781,0,0,0,781
09/27/2010,MEM,TN,ASO,CE,Towers with Radar,332,350,65,3,750,0,6,2,4,12,332,356,67,7,762,0,0,0,762
09/28/2010,MEM,TN,ASO,CE,Towers with Radar,658,360,48,4,1070,0,0,14,3,17,658,360,62,7,1087,0,0,0,1087
09/29/2010,MEM,TN,ASO,CE,Towers with Radar,646,362,54,6,1068,0,9,16,2,27,646,371,70,8,1095,0,0,0,1095
09/30/2010,MEM,TN,ASO,CE,Towers with Radar,659,352,70,9,1090,0,4,7,1,12,659,356,77,10,1102,0,0,0,1102
10/01/2010,MEM,TN,ASO,CE,Towers with Radar,652,360,41,2,1055,0,8,14,1,23,652,368,55,3,1078,0,0,0,1078
10/02/2010,MEM,TN,ASO,CE,Towers with Radar,449,262,37,2,750,0,0,7,0,7,449,262,44,2,757,0,0,0,757
10/03/2010,MEM,TN,ASO,CE,Towers with Radar,364,319,26,8,717,0,0,10,0,10,364,319,36,8,727,0,0,0,727
10/04/2010,MEM,TN,ASO,CE,Towers with Radar,329,342,44,8,723,0,2,7,0,9,329,344,51,8,732,0,0,0,732
10/05/2010,MEM,TN,ASO,CE,Towers with Radar,660,354,57,5,1076,0,2,8,1,11,660,356,65,6,1087,0,0,0,1087
10/06/2010,MEM,TN,ASO,CE,Towers with Radar,663,338,53,11,1065,0,6,12,0,18,663,344,65,11,1083,0,0,0,1083
10/07/2010,MEM,TN,ASO,CE,Towers with Radar,644,364,60,9,1077,0,4,18,2,24,644,368,78,11,1101,0,0,0,1101
10/08/2010,MEM,TN,ASO,CE,Towers with Radar,633,355,64,13,1065,0,0,7,1,8,633,355,71,14,1073,0,0,0,1073
10/09/2010,MEM,TN,ASO,CE,Towers with Radar,445,252,18,5,720,0,3,7,4,14,445,255,25,9,734,0,0,0,734
10/10/2010,MEM,TN,ASO,CE,Towers with Radar,347,320,32,10,709,0,1,4,3,8,347,321,36,13,717,0,0,0,717
10/11/2010,MEM,TN,ASO,CE,Towers with Radar,326,356,38,0,720,0,1,4,0,5,326,357,42,0,725,0,0,0,725
10/12/2010,MEM,TN,ASO,CE,Towers with Radar,640,358,63,2,1063,0,1,6,0,7,640,359,69,2,1070,0,0,0,1070
10/13/2010,MEM,TN,ASO,CE,Towers with Radar,650,358,43,0,1051,0,0,9,0,9,650,358,52,0,1060,0,0,0,1060
10/14/2010,MEM,TN,ASO,CE,Towers with Radar,662,364,59,4,1089,0,2,4,0,6,662,366,63,4,1095,0,0,0,1095
10/15/2010,MEM,TN,ASO,CE,Towers with Radar,638,364,61,4,1067,0,3,7,0,10,638,367,68,4,1077,0,0,0,1077
10/16/2010,MEM,TN,ASO,CE,Towers with Radar,442,255,36,0,733,0,0,6,2,8,442,255,42,2,741,0,0,0,741
10/17/2010,MEM,TN,ASO,CE,Towers with Radar,357,316,27,0,700,0,0,4,0,4,357,316,31,0,704,0,0,0,704
10/18/2010,MEM,TN,ASO,CE,Towers with Radar,322,350,50,5,727,0,1,18,0,19,322,351,68,5,746,0,0,0,746
10/19/2010,MEM,TN,ASO,CE,Towers with Radar,667,347,71,0,1085,0,2,3,0,5,667,349,74,0,1090,0,0,0,1090
10/20/2010,MEM,TN,ASO,CE,Towers with Radar,659,358,61,2,1080,0,2,10,1,13,659,360,71,3,1093,0,0,0,1093
10/21/2010,MEM,TN,ASO,CE,Towers with Radar,655,359,56,3,1073,0,3,10,1,14,655,362,66,4,1087,0,0,0,1087
10/22/2010,MEM,TN,ASO,CE,Towers with Radar,627,359,55,6,1047,0,1,11,0,12,627,360,66,6,1059,0,0,0,1059
10/23/2010,MEM,TN,ASO,CE,Towers with Radar,443,252,29,0,724,0,0,7,3,10,443,252,36,3,734,0,0,0,734
10/24/2010,MEM,TN,ASO,CE,Towers with Radar,357,319,43,0,719,0,0,0,0,0,357,319,43,0,719,0,0,0,719
10/25/2010,MEM,TN,ASO,CE,Towers with Radar,305,351,49,2,707,0,0,2,0,2,305,351,51,2,709,0,0,0,709
10/26/2010,MEM,TN,ASO,CE,Towers with Radar,681,340,43,1,1065,0,1,1,0,2,681,341,44,1,1067,0,0,0,1067
10/27/2010,MEM,TN,ASO,CE,Towers with Radar,647,340,73,3,1063,0,2,6,1,9,647,342,79,4,1072,0,0,0,1072
10/28/2010,MEM,TN,ASO,CE,Towers with Radar,675,341,57,6,1079,0,2,4,2,8,675,343,61,8,1087,0,0,0,1087
10/29/2010,MEM,TN,ASO,CE,Towers with Radar,636,365,71,4,1076,0,0,5,0,5,636,365,76,4,1081,0,0,0,1081
10/30/2010,MEM,TN,ASO,CE,Towers with Radar,448,254,25,0,727,0,1,3,0,4,448,255,28,0,731,0,0,0,731
10/31/2010,MEM,TN,ASO,CE,Towers with Radar,351,308,17,0,676,0,3,9,0,12,351,311,26,0,688,0,0,0,688
11/01/2010,MEM,TN,ASO,CE,Towers with Radar,297,333,64,2,696,0,6,12,1,19,297,339,76,3,715,0,0,0,715
11/02/2010,MEM,TN,ASO,CE,Towers with Radar,633,347,42,2,1024,0,0,0,0,0,633,347,42,2,1024,0,0,0,1024
11/03/2010,MEM,TN,ASO,CE,Towers with Radar,668,354,54,3,1079,0,1,1,0,2,668,355,55,3,1081,0,0,0,1081
11/04/2010,MEM,TN,ASO,CE,Towers with Radar,635,357,91,2,1085,0,1,10,2,13,635,358,101,4,1098,0,0,0,1098
11/05/2010,MEM,TN,ASO,CE,Towers with Radar,627,352,63,7,1049,0,1,1,2,4,627,353,64,9,1053,0,0,0,1053
11/06/2010,MEM,TN,ASO,CE,Towers with Radar,435,249,36,7,727,0,0,3,0,3,435,249,39,7,730,0,0,0,730
11/07/2010,MEM,TN,ASO,CE,Towers with Radar,346,315,37,5,703,0,0,5,0,5,346,315,42,5,708,0,0,0,708
11/08/2010,MEM,TN,ASO,CE,Towers with Radar,317,345,49,0,711,0,2,5,0,7,317,347,54,0,718,0,0,0,718
11/09/2010,MEM,TN,ASO,CE,Towers with Radar,646,357,54,1,1058,0,0,5,1,6,646,357,59,2,1064,0,0,0,1064
11/10/2010,MEM,TN,ASO,CE,Towers with Radar,638,355,72,2,1067,0,0,11,1,12,638,355,83,3,1079,0,0,0,1079
11/11/2010,MEM,TN,ASO,CE,Towers with Radar,647,365,72,6,1090,0,0,3,0,3,647,365,75,6,1093,0,0,0,1093
11/12/2010,MEM,TN,ASO,CE,Towers with Radar,596,361,60,3,1020,0,0,6,0,6,596,361,66,3,1026,0,0,0,1026
11/13/2010,MEM,TN,ASO,CE,Towers with Radar,449,245,30,0,724,0,0,2,0,2,449,245,32,0,726,0,0,0,726
11/14/2010,MEM,TN,ASO,CE,Towers with Radar,361,312,29,3,705,0,0,5,1,6,361,312,34,4,711,0,0,0,711
11/15/2010,MEM,TN,ASO,CE,Towers with Radar,293,345,59,5,702,0,0,5,0,5,293,345,64,5,707,0,0,0,707
11/16/2010,MEM,TN,ASO,CE,Towers with Radar,667,357,63,3,1090,0,0,4,0,4,667,357,67,3,1094,0,0,0,1094
11/17/2010,MEM,TN,ASO,CE,Towers with Radar,642,358,62,6,1068,0,2,8,2,12,642,360,70,8,1080,0,0,0,1080
11/18/2010,MEM,TN,ASO,CE,Towers with Radar,647,374,87,1,1109,0,1,0,0,1,647,375,87,1,1110,0,0,0,1110
11/19/2010,MEM,TN,ASO,CE,Towers with Radar,644,353,54,4,1055,0,0,6,1,7,644,353,60,5,1062,0,0,0,1062
11/20/2010,MEM,TN,ASO,CE,Towers with Radar,456,253,29,11,749,0,1,3,0,4,456,254,32,11,753,0,0,0,753
11/21/2010,MEM,TN,ASO,CE,Towers with Radar,357,318,34,1,710,0,0,8,0,8,357,318,42,1,718,0,0,0,718
11/22/2010,MEM,TN,ASO,CE,Towers with Radar,279,347,36,2,664,0,0,5,0,5,279,347,41,2,669,0,0,0,669
11/23/2010,MEM,TN,ASO,CE,Towers with Radar,688,352,60,2,1102,0,0,1,0,1,688,352,61,2,1103,0,0,0,1103
11/24/2010,MEM,TN,ASO,CE,Towers with Radar,666,355,46,1,1068,0,1,5,0,6,666,356,51,1,1074,0,0,0,1074
11/25/2010,MEM,TN,ASO,CE,Towers with Radar,241,232,3,0,476,0,0,1,0,1,241,232,4,0,477,0,0,0,477
11/26/2010,MEM,TN,ASO,CE,Towers with Radar,540,235,31,0,806,0,2,1,2,5,540,237,32,2,811,0,0,0,811
11/27/2010,MEM,TN,ASO,CE,Towers with Radar,477,319,16,0,812,0,0,0,0,0,477,319,16,0,812,0,0,0,812
11/28/2010,MEM,TN,ASO,CE,Towers with Radar,361,337,35,1,734,0,0,5,0,5,361,337,40,1,739,0,0,0,739
11/29/2010,MEM,TN,ASO,CE,Towers with Radar,291,361,45,0,697,0,0,2,0,2,291,361,47,0,699,0,0,0,699
11/30/2010,MEM,TN,ASO,CE,Towers with Radar,709,351,62,1,1123,0,1,0,0,1,709,352,62,1,1124,0,0,0,1124
12/01/2010,MEM,TN,ASO,CE,Towers with Radar,717,340,60,2,1119,0,5,5,0,10,717,345,65,2,1129,0,0,0,1129
12/02/2010,MEM,TN,ASO,CE,Towers with Radar,681,358,47,4,1090,0,0,11,1,12,681,358,58,5,1102,0,0,0,1102
12/03/2010,MEM,TN,ASO,CE,Towers with Radar,652,338,56,7,1053,0,2,16,2,20,652,340,72,9,1073,0,0,0,1073
12/04/2010,MEM,TN,ASO,CE,Towers with Radar,467,241,22,6,736,0,0,0,0,0,467,241,22,6,736,0,0,0,736
12/05/2010,MEM,TN,ASO,CE,Towers with Radar,376,313,32,1,722,0,0,3,0,3,376,313,35,1,725,0,0,0,725
12/06/2010,MEM,TN,ASO,CE,Towers with Radar,314,331,42,2,689,0,5,6,8,19,314,336,48,10,708,0,0,0,708
12/07/2010,MEM,TN,ASO,CE,Towers with Radar,702,346,67,1,1116,0,5,4,0,9,702,351,71,1,1125,0,0,0,1125
12/08/2010,MEM,TN,ASO,CE,Towers with Radar,694,349,57,7,1107,0,3,6,1,10,694,352,63,8,1117,0,0,0,1117
12/09/2010,MEM,TN,ASO,CE,Towers with Radar,681,354,58,5,1098,0,0,4,2,6,681,354,62,7,1104,0,0,0,1104
12/10/2010,MEM,TN,ASO,CE,Towers with Radar,680,348,45,1,1074,0,1,0,0,1,680,349,45,1,1075,0,0,0,1075
12/11/2010,MEM,TN,ASO,CE,Towers with Radar,480,236,17,0,733,0,0,1,1,2,480,236,18,1,735,0,0,0,735
12/12/2010,MEM,TN,ASO,CE,Towers with Radar,378,276,26,1,681,0,0,0,0,0,378,276,26,1,681,0,0,0,681
12/13/2010,MEM,TN,ASO,CE,Towers with Radar,304,327,52,8,691,0,2,5,0,7,304,329,57,8,698,0,0,0,698
12/14/2010,MEM,TN,ASO,CE,Towers with Radar,742,342,86,1,1171,0,3,8,1,12,742,345,94,2,1183,0,0,0,1183
12/15/2010,MEM,TN,ASO,CE,Towers with Radar,715,285,63,0,1063,0,2,1,0,3,715,287,64,0,1066,0,0,0,1066
12/16/2010,MEM,TN,ASO,CE,Towers with Radar,768,343,72,4,1187,0,0,0,0,0,768,343,72,4,1187,0,0,0,1187
12/17/2010,MEM,TN,ASO,CE,Towers with Radar,750,363,56,4,1173,0,1,2,0,3,750,364,58,4,1176,0,0,0,1176
12/18/2010,MEM,TN,ASO,CE,Towers with Radar,525,287,21,0,833,0,5,7,1,13,525,292,28,1,846,0,0,0,846
12/19/2010,MEM,TN,ASO,CE,Towers with Radar,446,316,21,2,785,0,2,4,0,6,446,318,25,2,791,0,0,0,791
12/20/2010,MEM,TN,ASO,CE,Towers with Radar,303,339,50,5,697,0,1,4,2,7,303,340,54,7,704,0,0,0,704
12/21/2010,MEM,TN,ASO,CE,Towers with Radar,813,357,51,0,1221,0,0,0,0,0,813,357,51,0,1221,0,0,0,1221
12/22/2010,MEM,TN,ASO,CE,Towers with Radar,783,364,46,1,1194,0,4,4,0,8,783,368,50,1,1202,0,0,0,1202
12/23/2010,MEM,TN,ASO,CE,Towers with Radar,795,355,35,0,1185,0,3,1,0,4,795,358,36,0,1189,0,0,0,1189
12/24/2010,MEM,TN,ASO,CE,Towers with Radar,628,257,13,1,899,0,0,3,1,4,628,257,16,2,903,0,0,0,903
12/25/2010,MEM,TN,ASO,CE,Towers with Radar,172,211,2,0,385,0,0,0,0,0,172,211,2,0,385,0,0,0,385
12/26/2010,MEM,TN,ASO,CE,Towers with Radar,330,303,17,0,650,0,0,4,0,4,330,303,21,0,654,0,0,0,654
12/27/2010,MEM,TN,ASO,CE,Towers with Radar,302,318,27,0,647,0,3,6,0,9,302,321,33,0,656,0,0,0,656
12/28/2010,MEM,TN,ASO,CE,Towers with Radar,676,353,32,0,1061,0,4,4,0,8,676,357,36,0,1069,0,0,0,1069
12/29/2010,MEM,TN,ASO,CE,Towers with Radar,635,344,32,0,1011,0,0,1,0,1,635,344,33,0,1012,0,0,0,1012
12/30/2010,MEM,TN,ASO,CE,Towers with Radar,668,343,34,2,1047,0,0,2,0,2,668,343,36,2,1049,0,0,0,1049
12/31/2010,MEM,TN,ASO,CE,Towers with Radar,574,276,18,0,868,0,0,0,0,0,574,276,18,0,868,0,0,0,868
01/01/2011,MEM,TN,ASO,CE,Towers with Radar,188,248,9,0,445,0,0,5,0,5,188,248,14,0,450,0,0,0,450
01/02/2011,MEM,TN,ASO,CE,Towers with Radar,370,334,30,0,734,0,1,2,0,3,370,335,32,0,737,0,0,0,737
01/03/2011,MEM,TN,ASO,CE,Towers with Radar,326,333,28,0,687,0,10,5,0,15,326,343,33,0,702,0,0,0,702
01/04/2011,MEM,TN,ASO,CE,Towers with Radar,637,342,45,2,1026,0,0,4,0,4,637,342,49,2,1030,0,0,0,1030
01/05/2011,MEM,TN,ASO,CE,Towers with Radar,632,340,36,4,1012,0,0,3,2,5,632,340,39,6,1017,0,0,0,1017
01/06/2011,MEM,TN,ASO,CE,Towers with Radar,625,341,48,0,1014,0,4,4,2,10,625,345,52,2,1024,0,0,0,1024
01/07/2011,MEM,TN,ASO,CE,Towers with Radar,612,342,55,1,1010,0,5,12,2,19,612,347,67,3,1029,0,0,0,1029
01/08/2011,MEM,TN,ASO,CE,Towers with Radar,457,249,23,5,734,0,0,4,3,7,457,249,27,8,741,0,0,0,741
01/09/2011,MEM,TN,ASO,CE,Towers with Radar,317,236,30,1,584,0,0,2,0,2,317,236,32,1,586,0,0,0,586
01/10/2011,MEM,TN,ASO,CE,Towers with Radar,234,194,29,2,459,0,0,0,0,0,234,194,29,2,459,0,0,0,459
01/11/2011,MEM,TN,ASO,CE,Towers with Radar,609,297,39,0,945,0,3,0,0,3,609,300,39,0,948,0,0,0,948
01/12/2011,MEM,TN,ASO,CE,Towers with Radar,618,311,65,0,994,0,1,6,0,7,618,312,71,0,1001,0,0,0,1001
01/13/2011,MEM,TN,ASO,CE,Towers with Radar,645,336,44,5,1030,0,5,2,1,8,645,341,46,6,1038,0,0,0,1038
01/14/2011,MEM,TN,ASO,CE,Towers with Radar,618,341,56,2,1017,0,0,3,1,4,618,341,59,3,1021,0,0,0,1021
01/15/2011,MEM,TN,ASO,CE,Towers with Radar,449,234,24,10,717,0,0,3,0,3,449,234,27,10,720,0,0,0,720
01/16/2011,MEM,TN,ASO,CE,Towers with Radar,338,262,35,0,635,0,0,0,0,0,338,262,35,0,635,0,0,0,635
01/17/2011,MEM,TN,ASO,CE,Towers with Radar,288,336,38,1,663,0,0,0,0,0,288,336,38,1,663,0,0,0,663
01/18/2011,MEM,TN,ASO,CE,Towers with Radar,619,332,54,0,1005,0,0,0,0,0,619,332,54,0,1005,0,0,0,1005
01/19/2011,MEM,TN,ASO,CE,Towers with Radar,636,343,58,2,1039,0,2,1,1,4,636,345,59,3,1043,0,0,0,1043
01/20/2011,MEM,TN,ASO,CE,Towers with Radar,643,247,29,2,921,0,0,1,0,1,643,247,30,2,922,0,0,0,922
01/21/2011,MEM,TN,ASO,CE,Towers with Radar,632,331,64,3,1030,0,0,2,1,3,632,331,66,4,1033,0,0,0,1033
01/22/2011,MEM,TN,ASO,CE,Towers with Radar,447,248,21,0,716,0,3,4,0,7,447,251,25,0,723,0,0,0,723
01/23/2011,MEM,TN,ASO,CE,Towers with Radar,342,282,18,2,644,0,0,5,0,5,342,282,23,2,649,0,0,0,649
01/24/2011,MEM,TN,ASO,CE,Towers with Radar,284,330,57,3,674,0,0,0,0,0,284,330,57,3,674,0,0,0,674
01/25/2011,MEM,TN,ASO,CE,Towers with Radar,656,295,52,0,1003,0,0,0,0,0,656,295,52,0,1003,0,0,0,1003
01/26/2011,MEM,TN,ASO,CE,Towers with Radar,656,333,54,3,1046,0,2,3,1,6,656,335,57,4,1052,0,0,0,1052
01/27/2011,MEM,TN,ASO,CE,Towers with Radar,623,346,51,0,1020,0,0,4,1,5,623,346,55,1,1025,0,0,0,1025
01/28/2011,MEM,TN,ASO,CE,Towers with Radar,645,352,33,3,1033,0,0,4,1,5,645,352,37,4,1038,0,0,0,1038
01/29/2011,MEM,TN,ASO,CE,Towers with Radar,455,252,30,17,754,0,1,11,2,14,455,253,41,19,768,0,0,0,768
01/30/2011,MEM,TN,ASO,CE,Towers with Radar,348,290,37,6,681,0,0,1,0,1,348,290,38,6,682,0,0,0,682
01/31/2011,MEM,TN,ASO,CE,Towers with Radar,291,319,55,5,670,0,0,2,0,2,291,319,57,5,672,0,0,0,672
02/01/2011,MEM,TN,ASO,CE,Towers with Radar,623,252,30,1,906,0,0,0,0,0,623,252,30,1,906,0,0,0,906
02/02/2011,MEM,TN,ASO,CE,Towers with Radar,670,274,44,6,994,0,0,1,0,1,670,274,45,6,995,0,0,0,995
02/03/2011,MEM,TN,ASO,CE,Towers with Radar,691,299,59,6,1055,1,1,3,0,5,692,300,62,6,1060,0,0,0,1060
02/04/2011,MEM,TN,ASO,CE,Towers with Radar,646,245,43,6,940,0,0,0,0,0,646,245,43,6,940,0,0,0,940
02/05/2011,MEM,TN,ASO,CE,Towers with Radar,474,236,33,2,745,0,1,1,1,3,474,237,34,3,748,0,0,0,748
02/06/2011,MEM,TN,ASO,CE,Towers with Radar,347,273,13,6,639,0,0,4,3,7,347,273,17,9,646,0,0,0,646
02/07/2011,MEM,TN,ASO,CE,Towers with Radar,289,292,51,3,635,0,0,1,0,1,289,292,52,3,636,0,0,0,636
02/08/2011,MEM,TN,ASO,CE,Towers with Radar,649,329,64,3,1045,0,2,1,1,4,649,331,65,4,1049,0,0,0,1049
02/09/2011,MEM,TN,ASO,CE,Towers with Radar,573,203,43,0,819,1,0,0,0,1,574,203,43,0,820,0,0,0,820
02/10/2011,MEM,TN,ASO,CE,Towers with Radar,689,316,64,7,1076,0,2,9,0,11,689,318,73,7,1087,0,0,0,1087
02/11/2011,MEM,TN,ASO,CE,Towers with Radar,661,344,68,0,1073,0,0,8,3,11,661,344,76,3,1084,0,0,0,1084
02/12/2011,MEM,TN,ASO,CE,Towers with Radar,471,241,28,2,742,0,6,7,1,14,471,247,35,3,756,0,0,0,756
02/13/2011,MEM,TN,ASO,CE,Towers with Radar,417,290,27,5,739,0,2,12,0,14,417,292,39,5,753,0,0,0,753
02/14/2011,MEM,TN,ASO,CE,Towers with Radar,305,333,45,1,684,0,3,2,0,5,305,336,47,1,689,0,0,0,689
02/15/2011,MEM,TN,ASO,CE,Towers with Radar,616,348,48,2,1014,0,2,7,0,9,616,350,55,2,1023,0,0,0,1023
02/16/2011,MEM,TN,ASO,CE,Towers with Radar,637,342,51,8,1038,0,1,3,1,5,637,343,54,9,1043,0,0,0,1043
02/17/2011,MEM,TN,ASO,CE,Towers with Radar,620,354,63,13,1050,0,0,2,1,3,620,354,65,14,1053,0,0,0,1053
02/18/2011,MEM,TN,ASO,CE,Towers with Radar,630,355,55,10,1050,0,2,4,0,6,630,357,59,10,1056,0,0,0,1056
02/19/2011,MEM,TN,ASO,CE,Towers with Radar,440,261,21,1,723,0,2,2,0,4,440,263,23,1,727,0,0,0,727
02/20/2011,MEM,TN,ASO,CE,Towers with Radar,316,260,24,1,601,0,2,5,0,7,316,262,29,1,608,0,0,0,608
02/21/2011,MEM,TN,ASO,CE,Towers with Radar,292,316,60,1,669,0,0,5,0,5,292,316,65,1,674,0,0,0,674
02/22/2011,MEM,TN,ASO,CE,Towers with Radar,631,338,66,2,1037,0,6,1,0,7,631,344,67,2,1044,0,0,0,1044
02/23/2011,MEM,TN,ASO,CE,Towers with Radar,621,348,63,1,1033,0,0,3,0,3,621,348,66,1,1036,0,0,0,1036
02/24/2011,MEM,TN,ASO,CE,Towers with Radar,608,345,51,0,1004,0,0,0,0,0,608,345,51,0,1004,0,0,0,1004
02/25/2011,MEM,TN,ASO,CE,Towers with Radar,651,338,45,5,1039,0,0,2,0,2,651,338,47,5,1041,0,0,0,1041
02/26/2011,MEM,TN,ASO,CE,Towers with Radar,466,253,20,11,750,0,1,2,6,9,466,254,22,17,759,0,0,0,759
02/27/2011,MEM,TN,ASO,CE,Towers with Radar,342,295,26,2,665,0,0,2,2,4,342,295,28,4,669,0,0,0,669
02/28/2011,MEM,TN,ASO,CE,Towers with Radar,303,342,39,0,684,0,0,2,0,2,303,342,41,0,686,0,0,0,686
03/01/2011,MEM,TN,ASO,CE,Towers with Radar,661,348,68,4,1081,0,4,5,2,11,661,352,73,6,1092,0,0,0,1092
03/02/2011,MEM,TN,ASO,CE,Towers with Radar,627,353,55,2,1037,0,0,8,1,9,627,353,63,3,1046,0,0,0,1046
03/03/2011,MEM,TN,ASO,CE,Towers with Radar,635,353,57,2,1047,0,1,0,1,2,635,354,57,3,1049,0,0,0,1049
03/04/2011,MEM,TN,ASO,CE,Towers with Radar,604,357,46,3,1010,0,0,1,0,1,604,357,47,3,1011,0,0,0,1011
03/05/2011,MEM,TN,ASO,CE,Towers with Radar,491,274,18,2,785,0,0,0,0,0,491,274,18,2,785,0,0,0,785
03/06/2011,MEM,TN,ASO,CE,Towers with Radar,361,308,21,4,694,0,0,3,0,3,361,308,24,4,697,0,0,0,697
03/07/2011,MEM,TN,ASO,CE,Towers with Radar,304,344,56,2,706,0,2,4,0,6,304,346,60,2,712,0,0,0,712
03/08/2011,MEM,TN,ASO,CE,Towers with Radar,601,358,76,3,1038,0,0,0,0,0,601,358,76,3,1038,0,0,0,1038
03/09/2011,MEM,TN,ASO,CE,Towers with Radar,678,358,61,5,1102,0,0,2,0,2,678,358,63,5,1104,0,0,0,1104
03/10/2011,MEM,TN,ASO,CE,Towers with Radar,643,359,72,5,1079,0,0,2,0,2,643,359,74,5,1081,0,0,0,1081
03/11/2011,MEM,TN,ASO,CE,Towers with Radar,609,348,63,4,1024,0,5,6,5,16,609,353,69,9,1040,0,0,0,1040
03/12/2011,MEM,TN,ASO,CE,Towers with Radar,466,268,39,1,774,0,1,3,0,4,466,269,42,1,778,0,0,0,778
03/13/2011,MEM,TN,ASO,CE,Towers with Radar,344,308,27,3,682,0,0,2,0,2,344,308,29,3,684,0,0,0,684
03/14/2011,MEM,TN,ASO,CE,Towers with Radar,280,344,40,0,664,0,0,0,1,1,280,344,40,1,665,0,0,0,665
03/15/2011,MEM,TN,ASO,CE,Towers with Radar,674,354,55,2,1085,0,1,1,1,3,674,355,56,3,1088,0,0,0,1088
03/16/2011,MEM,TN,ASO,CE,Towers with Radar,636,369,37,5,1047,0,4,9,0,13,636,373,46,5,1060,0,0,0,1060
03/17/2011,MEM,TN,ASO,CE,Towers with Radar,642,371,59,6,1078,0,3,1,2,6,642,374,60,8,1084,0,0,0,1084
03/18/2011,MEM,TN,ASO,CE,Towers with Radar,630,357,60,3,1050,0,3,4,3,10,630,360,64,6,1060,0,0,0,1060
03/19/2011,MEM,TN,ASO,CE,Towers with Radar,453,272,31,2,758,0,0,5,0,5,453,272,36,2,763,0,0,0,763
03/20/2011,MEM,TN,ASO,CE,Towers with Radar,341,315,44,3,703,0,3,8,2,13,341,318,52,5,716,0,0,0,716
03/21/2011,MEM,TN,ASO,CE,Towers with Radar,295,338,48,7,688,0,1,5,2,8,295,339,53,9,696,0,0,0,696
03/22/2011,MEM,TN,ASO,CE,Towers with Radar,627,347,44,7,1025,0,1,3,2,6,627,348,47,9,1031,0,0,0,1031
03/23/2011,MEM,TN,ASO,CE,Towers with Radar,648,364,56,5,1073,0,1,5,0,6,648,365,61,5,1079,0,0,0,1079
03/24/2011,MEM,TN,ASO,CE,Towers with Radar,669,360,60,2,1091,0,2,7,0,9,669,362,67,2,1100,0,0,0,1100
03/25/2011,MEM,TN,ASO,CE,Towers with Radar,603,363,56,4,1026,0,0,8,2,10,603,363,64,6,1036,0,0,0,1036
03/26/2011,MEM,TN,ASO,CE,Towers with Radar,465,264,23,1,753,0,0,0,1,1,465,264,23,2,754,0,0,0,754
03/27/2011,MEM,TN,ASO,CE,Towers with Radar,351,309,34,1,695,0,0,1,1,2,351,309,35,2,697,0,0,0,697
03/28/2011,MEM,TN,ASO,CE,Towers with Radar,308,339,47,9,703,0,1,2,0,3,308,340,49,9,706,0,0,0,706
03/29/2011,MEM,TN,ASO,CE,Towers with Radar,613,333,60,7,1013,0,0,3,0,3,613,333,63,7,1016,0,0,0,1016
03/30/2011,MEM,TN,ASO,CE,Towers with Radar,673,355,69,5,1102,0,0,0,0,0,673,355,69,5,1102,0,0,0,1102
03/31/2011,MEM,TN,ASO,CE,Towers with Radar,650,354,49,3,1056,0,0,4,1,5,650,354,53,4,1061,0,0,0,1061
04/01/2011,MEM,TN,ASO,CE,Towers with Radar,623,336,41,9,1009,0,0,8,0,8,623,336,49,9,1017,0,0,0,1017
04/02/2011,MEM,TN,ASO,CE,Towers with Radar,454,239,23,3,719,0,5,9,3,17,454,244,32,6,736,0,0,0,736
04/03/2011,MEM,TN,ASO,CE,Towers with Radar,334,282,27,2,645,0,0,4,0,4,334,282,31,2,649,0,0,0,649
04/04/2011,MEM,TN,ASO,CE,Towers with Radar,281,303,31,0,615,0,0,1,0,1,281,303,32,0,616,0,0,0,616
04/05/2011,MEM,TN,ASO,CE,Towers with Radar,653,330,65,2,1050,0,8,6,2,16,653,338,71,4,1066,0,0,0,1066
04/06/2011,MEM,TN,ASO,CE,Towers with Radar,619,333,68,6,1026,0,4,6,1,11,619,337,74,7,1037,0,0,0,1037
04/07/2011,MEM,TN,ASO,CE,Towers with Radar,635,343,81,6,1065,0,2,7,2,11,635,345,88,8,1076,0,0,0,1076
04/08/2011,MEM,TN,ASO,CE,Towers with Radar,610,335,51,2,998,0,3,1,1,5,610,338,52,3,1003,0,0,0,1003
04/09/2011,MEM,TN,ASO,CE,Towers with Radar,443,232,36,4,715,0,0,3,1,4,443,232,39,5,719,0,0,0,719
04/10/2011,MEM,TN,ASO,CE,Towers with Radar,330,295,26,8,659,0,1,2,1,4,330,296,28,9,663,0,0,0,663
04/11/2011,MEM,TN,ASO,CE,Towers with Radar,294,327,34,0,655,0,1,0,0,1,294,328,34,0,656,0,0,0,656
04/12/2011,MEM,TN,ASO,CE,Towers with Radar,644,330,67,0,1041,0,4,13,0,17,644,334,80,0,1058,0,0,0,1058
04/13/2011,MEM,TN,ASO,CE,Towers with Radar,625,328,67,5,1025,0,7,16,0,23,625,335,83,5,1048,0,0,0,1048
04/14/2011,MEM,TN,ASO,CE,Towers with Radar,607,342,67,6,1022,0,1,5,0,6,607,343,72,6,1028,0,0,0,1028
04/15/2011,MEM,TN,ASO,CE,Towers with Radar,624,346,39,2,1011,0,0,0,0,0,624,346,39,2,1011,0,0,0,1011
04/16/2011,MEM,TN,ASO,CE,Towers with Radar,451,225,19,1,696,0,2,7,0,9,451,227,26,1,705,0,0,0,705
04/17/2011,MEM,TN,ASO,CE,Towers with Radar,328,295,25,6,654,0,0,4,3,7,328,295,29,9,661,0,0,0,661
04/18/2011,MEM,TN,ASO,CE,Towers with Radar,260,332,42,3,637,0,0,3,0,3,260,332,45,3,640,0,0,0,640
04/19/2011,MEM,TN,ASO,CE,Towers with Radar,603,326,68,3,1000,0,0,4,0,4,603,326,72,3,1004,0,0,0,1004
04/20/2011,MEM,TN,ASO,CE,Towers with Radar,686,322,42,2,1052,0,0,0,0,0,686,322,42,2,1052,0,0,0,1052
04/21/2011,MEM,TN,ASO,CE,Towers with Radar,646,335,75,2,1058,0,0,0,1,1,646,335,75,3,1059,0,0,0,1059
04/22/2011,MEM,TN,ASO,CE,Towers with Radar,598,339,33,3,973,0,0,5,1,6,598,339,38,4,979,0,0,0,979
04/23/2011,MEM,TN,ASO,CE,Towers with Radar,462,236,16,1,715,0,0,3,0,3,462,236,19,1,718,0,0,0,718
04/24/2011,MEM,TN,ASO,CE,Towers with Radar,330,262,12,1,605,0,1,2,0,3,330,263,14,1,608,0,0,0,608
04/25/2011,MEM,TN,ASO,CE,Towers with Radar,258,314,45,4,621,0,0,0,0,0,258,314,45,4,621,0,0,0,621
04/26/2011,MEM,TN,ASO,CE,Towers with Radar,604,302,56,0,962,0,0,0,0,0,604,302,56,0,962,0,0,0,962
04/27/2011,MEM,TN,ASO,CE,Towers with Radar,690,296,47,0,1033,0,0,0,0,0,690,296,47,0,1033,0,0,0,1033
04/28/2011,MEM,TN,ASO,CE,Towers with Radar,683,321,68,3,1075,0,8,10,2,20,683,329,78,5,1095,0,0,0,1095
04/29/2011,MEM,TN,ASO,CE,Towers with Radar,607,333,72,12,1024,0,3,10,0,13,607,336,82,12,1037,0,0,0,1037
04/30/2011,MEM,TN,ASO,CE,Towers with Radar,449,235,33,9,726,0,5,4,0,9,449,240,37,9,735,0,0,0,735
05/01/2011,MEM,TN,ASO,CE,Towers with Radar,343,282,39,1,665,0,0,2,0,2,343,282,41,1,667,0,0,0,667
05/02/2011,MEM,TN,ASO,CE,Towers with Radar,250,322,34,1,607,0,0,0,0,0,250,322,34,1,607,0,0,0,607
05/03/2011,MEM,TN,ASO,CE,Towers with Radar,677,329,55,8,1069,0,2,3,2,7,677,331,58,10,1076,0,0,0,1076
05/04/2011,MEM,TN,ASO,CE,Towers with Radar,652,341,55,6,1054,0,5,10,2,17,652,346,65,8,1071,0,0,0,1071
05/05/2011,MEM,TN,ASO,CE,Towers with Radar,645,346,62,7,1060,0,3,11,0,14,645,349,73,7,1074,0,0,0,1074
05/06/2011,MEM,TN,ASO,CE,Towers with Radar,642,324,59,6,1031,0,4,11,0,15,642,328,70,6,1046,0,0,0,1046
05/07/2011,MEM,TN,ASO,CE,Towers with Radar,437,246,24,0,707,0,0,9,1,10,437,246,33,1,717,0,0,0,717
05/08/2011,MEM,TN,ASO,CE,Towers with Radar,331,282,19,2,634,0,0,12,0,12,331,282,31,2,646,0,0,0,646
05/09/2011,MEM,TN,ASO,CE,Towers with Radar,293,324,52,4,673,0,2,12,0,14,293,326,64,4,687,0,0,0,687
05/10/2011,MEM,TN,ASO,CE,Towers with Radar,640,351,66,0,1057,0,6,5,0,11,640,357,71,0,1068,0,0,0,1068
05/11/2011,MEM,TN,ASO,CE,Towers with Radar,638,335,91,3,1067,0,3,13,1,17,638,338,104,4,1084,0,0,0,1084
05/12/2011,MEM,TN,ASO,CE,Towers with Radar,627,348,77,2,1054,0,1,15,1,17,627,349,92,3,1071,0,0,0,1071
05/13/2011,MEM,TN,ASO,CE,Towers with Radar,593,337,66,7,1003,0,1,0,1,2,593,338,66,8,1005,0,0,0,1005
05/14/2011,MEM,TN,ASO,CE,Towers with Radar,433,252,38,0,723,0,0,2,0,2,433,252,40,0,725,0,0,0,725
05/15/2011,MEM,TN,ASO,CE,Towers with Radar,326,299,53,7,685,0,0,3,0,3,326,299,56,7,688,0,0,0,688
05/16/2011,MEM,TN,ASO,CE,Towers with Radar,285,328,43,6,662,0,0,2,0,2,285,328,45,6,664,0,0,0,664
05/17/2011,MEM,TN,ASO,CE,Towers with Radar,641,332,78,1,1052,0,3,18,0,21,641,335,96,1,1073,0,0,0,1073
05/18/2011,MEM,TN,ASO,CE,Towers with Radar,633,345,73,1,1052,0,3,9,0,12,633,348,82,1,1064,0,0,0,1064
05/19/2011,MEM,TN,ASO,CE,Towers with Radar,620,340,68,3,1031,0,2,11,1,14,620,342,79,4,1045,0,0,0,1045
05/20/2011,MEM,TN,ASO,CE,Towers with Radar,577,332,51,2,962,0,4,3,1,8,577,336,54,3,970,0,0,0,970
05/21/2011,MEM,TN,ASO,CE,Towers with Radar,454,238,22,5,719,0,0,0,0,0,454,238,22,5,719,0,0,0,719
05/22/2011,MEM,TN,ASO,CE,Towers with Radar,332,283,28,4,647,0,0,0,0,0,332,283,28,4,647,0,0,0,647
05/23/2011,MEM,TN,ASO,CE,Towers with Radar,295,316,44,0,655,0,1,2,0,3,295,317,46,0,658,0,0,0,658
05/24/2011,MEM,TN,ASO,CE,Towers with Radar,632,344,37,3,1016,0,1,1,0,2,632,345,38,3,1018,0,0,0,1018
05/25/2011,MEM,TN,ASO,CE,Towers with Radar,598,323,54,5,980,0,0,2,2,4,598,323,56,7,984,0,0,0,984
05/26/2011,MEM,TN,ASO,CE,Towers with Radar,652,331,86,11,1080,0,0,6,1,7,652,331,92,12,1087,0,0,0,1087
05/27/2011,MEM,TN,ASO,CE,Towers with Radar,610,341,46,3,1000,0,0,4,0,4,610,341,50,3,1004,0,0,0,1004
05/28/2011,MEM,TN,ASO,CE,Towers with Radar,427,249,26,0,702,0,0,7,0,7,427,249,33,0,709,0,0,0,709
05/29/2011,MEM,TN,ASO,CE,Towers with Radar,312,238,14,1,565,0,1,1,1,3,312,239,15,2,568,0,0,0,568
05/30/2011,MEM,TN,ASO,CE,Towers with Radar,200,298,23,1,522,0,4,6,0,10,200,302,29,1,532,0,0,0,532
05/31/2011,MEM,TN,ASO,CE,Towers with Radar,317,321,64,0,702,0,0,7,0,7,317,321,71,0,709,0,0,0,709
06/01/2011,MEM,TN,ASO,CE,Towers with Radar,666,333,54,14,1067,0,3,3,0,6,666,336,57,14,1073,0,0,0,1073
06/02/2011,MEM,TN,ASO,CE,Towers with Radar,650,339,60,9,1058,0,3,12,0,15,650,342,72,9,1073,0,0,0,1073
06/03/2011,MEM,TN,ASO,CE,Towers with Radar,586,337,43,2,968,0,2,12,0,14,586,339,55,2,982,0,0,0,982
06/04/2011,MEM,TN,ASO,CE,Towers with Radar,436,240,28,3,707,0,0,2,0,2,436,240,30,3,709,0,0,0,709
06/05/2011,MEM,TN,ASO,CE,Towers with Radar,332,288,46,4,670,0,1,1,0,2,332,289,47,4,672,0,0,0,672
06/06/2011,MEM,TN,ASO,CE,Towers with Radar,288,335,55,4,682,0,1,8,0,9,288,336,63,4,691,0,0,0,691
06/07/2011,MEM,TN,ASO,CE,Towers with Radar,629,346,76,4,1055,0,6,10,2,18,629,352,86,6,1073,0,0,0,1073
06/08/2011,MEM,TN,ASO,CE,Towers with Radar,638,351,62,2,1053,0,4,9,2,15,638,355,71,4,1068,0,0,0,1068
06/09/2011,MEM,TN,ASO,CE,Towers with Radar,627,320,67,3,1017,0,1,9,1,11,627,321,76,4,1028,0,0,0,1028
06/10/2011,MEM,TN,ASO,CE,Towers with Radar,594,323,45,10,972,0,3,3,2,8,594,326,48,12,980,0,0,0,980
06/11/2011,MEM,TN,ASO,CE,Towers with Radar,436,257,18,5,716,0,1,3,1,5,436,258,21,6,721,0,0,0,721
06/12/2011,MEM,TN,ASO,CE,Towers with Radar,329,305,30,2,666,0,3,4,3,10,329,308,34,5,676,0,0,0,676
06/13/2011,MEM,TN,ASO,CE,Towers with Radar,298,322,41,0,661,0,5,4,0,9,298,327,45,0,670,0,0,0,670
06/14/2011,MEM,TN,ASO,CE,Towers with Radar,643,337,73,3,1056,0,3,7,0,10,643,340,80,3,1066,0,0,0,1066
06/15/2011,MEM,TN,ASO,CE,Towers with Radar,623,331,46,1,1001,0,4,2,0,6,623,335,48,1,1007,0,0,0,1007
06/16/2011,MEM,TN,ASO,CE,Towers with Radar,637,332,52,1,1022,0,0,4,0,4,637,332,56,1,1026,0,0,0,1026
06/17/2011,MEM,TN,ASO,CE,Towers with Radar,606,305,43,3,957,0,4,3,1,8,606,309,46,4,965,0,0,0,965
06/18/2011,MEM,TN,ASO,CE,Towers with Radar,451,257,42,8,758,0,1,2,0,3,451,258,44,8,761,0,0,0,761
06/19/2011,MEM,TN,ASO,CE,Towers with Radar,333,296,40,7,676,0,5,5,3,13,333,301,45,10,689,0,0,0,689
06/20/2011,MEM,TN,ASO,CE,Towers with Radar,288,314,39,7,648,0,0,7,0,7,288,314,46,7,655,0,0,0,655
06/21/2011,MEM,TN,ASO,CE,Towers with Radar,634,326,38,2,1000,0,0,1,1,2,634,326,39,3,1002,0,0,0,1002
06/22/2011,MEM,TN,ASO,CE,Towers with Radar,635,324,46,5,1010,0,0,6,1,7,635,324,52,6,1017,0,0,0,1017
06/23/2011,MEM,TN,ASO,CE,Towers with Radar,632,325,55,8,1020,0,0,8,0,8,632,325,63,8,1028,0,0,0,1028
06/24/2011,MEM,TN,ASO,CE,Towers with Radar,609,326,44,4,983,0,3,2,1,6,609,329,46,5,989,0,0,0,989
06/25/2011,MEM,TN,ASO,CE,Towers with Radar,437,262,32,3,734,0,4,9,0,13,437,266,41,3,747,0,0,0,747
06/26/2011,MEM,TN,ASO,CE,Towers with Radar,331,294,17,3,645,0,4,5,2,11,331,298,22,5,656,0,0,0,656
06/27/2011,MEM,TN,ASO,CE,Towers with Radar,299,321,58,0,678,0,7,6,0,13,299,328,64,0,691,0,0,0,691
06/28/2011,MEM,TN,ASO,CE,Towers with Radar,639,335,60,7,1041,0,4,5,0,9,639,339,65,7,1050,0,0,0,1050
06/29/2011,MEM,TN,ASO,CE,Towers with Radar,631,341,78,8,1058,0,6,8,0,14,631,347,86,8,1072,0,0,0,1072
06/30/2011,MEM,TN,ASO,CE,Towers with Radar,635,326,60,5,1026,0,7,6,0,13,635,333,66,5,1039,0,0,0,1039
07/01/2011,MEM,TN,ASO,CE,Towers with Radar,619,321,44,1,985,0,3,10,0,13,619,324,54,1,998,0,0,0,998
07/02/2011,MEM,TN,ASO,CE,Towers with Radar,429,241,37,2,709,0,3,6,0,9,429,244,43,2,718,0,0,0,718
07/03/2011,MEM,TN,ASO,CE,Towers with Radar,290,221,12,0,523,0,0,3,0,3,290,221,15,0,526,0,0,0,526
07/04/2011,MEM,TN,ASO,CE,Towers with Radar,179,287,15,0,481,0,0,4,0,4,179,287,19,0,485,0,0,0,485
07/05/2011,MEM,TN,ASO,CE,Towers with Radar,332,304,22,4,662,0,0,5,0,5,332,304,27,4,667,0,0,0,667
07/06/2011,MEM,TN,ASO,CE,Towers with Radar,651,331,40,2,1024,0,1,5,0,6,651,332,45,2,1030,0,0,0,1030
07/07/2011,MEM,TN,ASO,CE,Towers with Radar,610,336,45,2,993,0,1,9,0,10,610,337,54,2,1003,0,0,0,1003
07/08/2011,MEM,TN,ASO,CE,Towers with Radar,607,323,35,22,987,0,3,4,1,8,607,326,39,23,995,0,0,0,995
07/09/2011,MEM,TN,ASO,CE,Towers with Radar,421,248,28,0,697,0,2,8,0,10,421,250,36,0,707,0,0,0,707
07/10/2011,MEM,TN,ASO,CE,Towers with Radar,328,293,34,4,659,0,1,8,1,10,328,294,42,5,669,0,0,0,669
07/11/2011,MEM,TN,ASO,CE,Towers with Radar,288,312,53,2,655,0,6,7,0,13,288,318,60,2,668,0,0,0,668
07/12/2011,MEM,TN,ASO,CE,Towers with Radar,612,325,61,2,1000,0,5,7,0,12,612,330,68,2,1012,0,0,0,1012
07/13/2011,MEM,TN,ASO,CE,Towers with Radar,633,331,79,2,1045,0,5,2,0,7,633,336,81,2,1052,0,0,0,1052
07/14/2011,MEM,TN,ASO,CE,Towers with Radar,614,328,61,4,1007,0,2,2,3,7,614,330,63,7,1014,0,0,0,1014
07/15/2011,MEM,TN,ASO,CE,Towers with Radar,592,309,43,9,953,0,0,2,1,3,592,309,45,10,956,0,0,0,956
07/16/2011,MEM,TN,ASO,CE,Towers with Radar,434,247,35,2,718,0,0,0,2,2,434,247,35,4,720,0,0,0,720
07/17/2011,MEM,TN,ASO,CE,Towers with Radar,323,291,40,2,656,0,0,1,0,1,323,291,41,2,657,0,0,0,657
07/18/2011,MEM,TN,ASO,CE,Towers with Radar,299,304,63,2,668,0,3,4,2,9,299,307,67,4,677,0,0,0,677
07/19/2011,MEM,TN,ASO,CE,Towers with Radar,616,322,53,2,993,0,4,10,3,17,616,326,63,5,1010,0,0,0,1010
07/20/2011,MEM,TN,ASO,CE,Towers with Radar,630,327,67,6,1030,0,4,7,1,12,630,331,74,7,1042,0,0,0,1042
07/21/2011,MEM,TN,ASO,CE,Towers with Radar,616,311,61,4,992,0,3,12,1,16,616,314,73,5,1008,0,0,0,1008
07/22/2011,MEM,TN,ASO,CE,Towers with Radar,587,322,54,8,971,0,0,2,0,2,587,322,56,8,973,0,0,0,973
07/23/2011,MEM,TN,ASO,CE,Towers with Radar,438,254,15,0,707,0,1,4,1,6,438,255,19,1,713,0,0,0,713
07/24/2011,MEM,TN,ASO,CE,Towers with Radar,328,287,23,2,640,0,0,6,2,8,328,287,29,4,648,0,0,0,648
07/25/2011,MEM,TN,ASO,CE,Towers with Radar,274,312,51,0,637,0,0,6,1,7,274,312,57,1,644,0,0,0,644
07/26/2011,MEM,TN,ASO,CE,Towers with Radar,635,327,64,5,1031,0,1,9,0,10,635,328,73,5,1041,0,0,0,1041
07/27/2011,MEM,TN,ASO,CE,Towers with Radar,632,325,51,9,1017,0,3,7,1,11,632,328,58,10,1028,0,0,0,1028
07/28/2011,MEM,TN,ASO,CE,Towers with Radar,619,319,58,8,1004,0,2,14,0,16,619,321,72,8,1020,0,0,0,1020
07/29/2011,MEM,TN,ASO,CE,Towers with Radar,583,321,54,3,961,0,0,3,2,5,583,321,57,5,966,0,0,0,966
07/30/2011,MEM,TN,ASO,CE,Towers with Radar,445,255,22,2,724,0,0,4,0,4,445,255,26,2,728,0,0,0,728
07/31/2011,MEM,TN,ASO,CE,Towers with Radar,329,301,38,2,670,0,1,5,0,6,329,302,43,2,676,0,0,0,676
08/01/2011,MEM,TN,ASO,CE,Towers with Radar,287,298,34,2,621,0,1,4,0,5,287,299,38,2,626,0,0,0,626
08/02/2011,MEM,TN,ASO,CE,Towers with Radar,627,304,44,0,975,0,4,12,0,16,627,308,56,0,991,0,0,0,991
08/03/2011,MEM,TN,ASO,CE,Towers with Radar,628,314,69,6,1017,0,0,5,0,5,628,314,74,6,1022,0,0,0,1022
08/04/2011,MEM,TN,ASO,CE,Towers with Radar,628,304,66,3,1001,0,2,2,1,5,628,306,68,4,1006,0,0,0,1006
08/05/2011,MEM,TN,ASO,CE,Towers with Radar,588,311,43,3,945,0,1,0,0,1,588,312,43,3,946,0,0,0,946
08/06/2011,MEM,TN,ASO,CE,Towers with Radar,428,242,17,2,689,0,1,2,0,3,428,243,19,2,692,0,0,0,692
08/07/2011,MEM,TN,ASO,CE,Towers with Radar,326,290,36,0,652,0,2,6,0,8,326,292,42,0,660,0,0,0,660
08/08/2011,MEM,TN,ASO,CE,Towers with Radar,295,297,41,4,637,0,2,6,0,8,295,299,47,4,645,0,0,0,645
08/09/2011,MEM,TN,ASO,CE,Towers with Radar,632,311,74,3,1020,0,2,4,0,6,632,313,78,3,1026,0,0,0,1026
08/10/2011,MEM,TN,ASO,CE,Towers with Radar,640,316,45,6,1007,0,1,6,2,9,640,317,51,8,1016,0,0,0,1016
08/11/2011,MEM,TN,ASO,CE,Towers with Radar,625,333,77,1,1036,0,0,4,0,4,625,333,81,1,1040,0,0,0,1040
08/12/2011,MEM,TN,ASO,CE,Towers with Radar,546,311,53,6,916,0,2,1,0,3,546,313,54,6,919,0,0,0,919
08/13/2011,MEM,TN,ASO,CE,Towers with Radar,488,246,23,2,759,0,1,5,0,6,488,247,28,2,765,0,0,0,765
08/14/2011,MEM,TN,ASO,CE,Towers with Radar,324,279,15,6,624,0,0,4,0,4,324,279,19,6,628,0,0,0,628
08/15/2011,MEM,TN,ASO,CE,Towers with Radar,291,309,44,1,645,0,2,7,0,9,291,311,51,1,654,0,0,0,654
08/16/2011,MEM,TN,ASO,CE,Towers with Radar,628,306,47,5,986,0,3,4,1,8,628,309,51,6,994,0,0,0,994
08/17/2011,MEM,TN,ASO,CE,Towers with Radar,631,311,59,5,1006,0,3,3,1,7,631,314,62,6,1013,0,0,0,1013
08/18/2011,MEM,TN,ASO,CE,Towers with Radar,618,305,76,2,1001,0,0,8,0,8,618,305,84,2,1009,0,0,0,1009
08/19/2011,MEM,TN,ASO,CE,Towers with Radar,590,308,59,10,967,0,3,15,1,19,590,311,74,11,986,0,0,0,986
08/20/2011,MEM,TN,ASO,CE,Towers with Radar,414,213,27,3,657,0,0,6,3,9,414,213,33,6,666,0,0,0,666
08/21/2011,MEM,TN,ASO,CE,Towers with Radar,313,263,28,1,605,0,0,2,5,7,313,263,30,6,612,0,0,0,612
08/22/2011,MEM,TN,ASO,CE,Towers with Radar,291,300,43,3,637,0,0,4,1,5,291,300,47,4,642,0,0,0,642
08/23/2011,MEM,TN,ASO,CE,Towers with Radar,631,307,76,3,1017,0,1,12,2,15,631,308,88,5,1032,0,0,0,1032
08/24/2011,MEM,TN,ASO,CE,Towers with Radar,612,309,58,1,980,0,2,9,0,11,612,311,67,1,991,0,0,0,991
08/25/2011,MEM,TN,ASO,CE,Towers with Radar,633,308,50,1,992,0,4,5,0,9,633,312,55,1,1001,0,0,0,1001
08/26/2011,MEM,TN,ASO,CE,Towers with Radar,592,305,33,7,937,0,3,9,0,12,592,308,42,7,949,0,0,0,949
08/27/2011,MEM,TN,ASO,CE,Towers with Radar,427,201,23,13,664,0,0,10,1,11,427,201,33,14,675,0,0,0,675
08/28/2011,MEM,TN,ASO,CE,Towers with Radar,301,258,26,6,591,0,0,3,6,9,301,258,29,12,600,0,0,0,600
08/29/2011,MEM,TN,ASO,CE,Towers with Radar,307,289,40,6,642,0,5,6,0,11,307,294,46,6,653,0,0,0,653
08/30/2011,MEM,TN,ASO,CE,Towers with Radar,618,320,49,3,990,0,1,5,2,8,618,321,54,5,998,0,0,0,998
08/31/2011,MEM,TN,ASO,CE,Towers with Radar,626,319,56,4,1005,0,1,7,0,8,626,320,63,4,1013,0,0,0,1013
09/01/2011,MEM,TN,ASO,CE,Towers with Radar,636,327,55,7,1025,0,4,8,1,13,636,331,63,8,1038,0,0,0,1038
09/02/2011,MEM,TN,ASO,CE,Towers with Radar,594,316,50,5,965,0,1,4,2,7,594,317,54,7,972,0,0,0,972
09/03/2011,MEM,TN,ASO,CE,Towers with Radar,427,190,20,3,640,0,0,3,0,3,427,190,23,3,643,0,0,0,643
09/04/2011,MEM,TN,ASO,CE,Towers with Radar,291,181,9,1,482,0,0,0,0,0,291,181,9,1,482,0,0,0,482
09/05/2011,MEM,TN,ASO,CE,Towers with Radar,193,271,18,6,488,0,1,2,0,3,193,272,20,6,491,0,0,0,491
09/06/2011,MEM,TN,ASO,CE,Towers with Radar,306,291,66,13,676,0,2,3,1,6,306,293,69,14,682,0,0,0,682
09/07/2011,MEM,TN,ASO,CE,Towers with Radar,662,281,64,8,1015,0,3,10,0,13,662,284,74,8,1028,0,0,0,1028
09/08/2011,MEM,TN,ASO,CE,Towers with Radar,639,305,69,2,1015,0,1,9,0,10,639,306,78,2,1025,0,0,0,1025
09/09/2011,MEM,TN,ASO,CE,Towers with Radar,615,296,54,15,980,0,1,7,2,10,615,297,61,17,990,0,0,0,990
09/10/2011,MEM,TN,ASO,CE,Towers with Radar,411,168,31,3,613,0,0,4,1,5,411,168,35,4,618,0,0,0,618
09/11/2011,MEM,TN,ASO,CE,Towers with Radar,324,248,35,4,611,0,3,6,0,9,324,251,41,4,620,0,0,0,620
09/12/2011,MEM,TN,ASO,CE,Towers with Radar,291,279,34,7,611,0,1,10,2,13,291,280,44,9,624,0,0,0,624
09/13/2011,MEM,TN,ASO,CE,Towers with Radar,624,284,69,4,981,0,4,3,0,7,624,288,72,4,988,0,0,0,988
09/14/2011,MEM,TN,ASO,CE,Towers with Radar,604,291,61,2,958,0,1,10,0,11,604,292,71,2,969,0,0,0,969
09/15/2011,MEM,TN,ASO,CE,Towers with Radar,656,294,64,8,1022,0,3,5,0,8,656,297,69,8,1030,0,0,0,1030
09/16/2011,MEM,TN,ASO,CE,Towers with Radar,605,294,43,13,955,0,1,6,0,7,605,295,49,13,962,0,0,0,962
09/17/2011,MEM,TN,ASO,CE,Towers with Radar,412,170,33,1,616,0,0,8,3,11,412,170,41,4,627,0,0,0,627
09/18/2011,MEM,TN,ASO,CE,Towers with Radar,333,237,39,5,614,0,0,3,1,4,333,237,42,6,618,0,0,0,618
09/19/2011,MEM,TN,ASO,CE,Towers with Radar,291,290,44,2,627,0,0,3,1,4,291,290,47,3,631,0,0,0,631
09/20/2011,MEM,TN,ASO,CE,Towers with Radar,629,293,64,2,988,0,0,4,0,4,629,293,68,2,992,0,0,0,992
09/21/2011,MEM,TN,ASO,CE,Towers with Radar,636,287,57,6,986,0,5,3,1,9,636,292,60,7,995,0,0,0,995
09/22/2011,MEM,TN,ASO,CE,Towers with Radar,629,297,58,8,992,0,0,7,1,8,629,297,65,9,1000,0,0,0,1000
09/23/2011,MEM,TN,ASO,CE,Towers with Radar,609,293,48,5,955,0,2,4,0,6,609,295,52,5,961,0,0,0,961
09/24/2011,MEM,TN,ASO,CE,Towers with Radar,413,172,30,0,615,0,4,7,0,11,413,176,37,0,626,0,0,0,626
09/25/2011,MEM,TN,ASO,CE,Towers with Radar,326,246,36,1,609,0,0,4,0,4,326,246,40,1,613,0,0,0,613
09/26/2011,MEM,TN,ASO,CE,Towers with Radar,279,278,53,12,622,0,1,10,0,11,279,279,63,12,633,0,0,0,633
09/27/2011,MEM,TN,ASO,CE,Towers with Radar,630,281,90,10,1011,0,2,7,1,10,630,283,97,11,1021,0,0,0,1021
09/28/2011,MEM,TN,ASO,CE,Towers with Radar,618,289,56,3,966,0,5,10,0,15,618,294,66,3,981,0,0,0,981
09/29/2011,MEM,TN,ASO,CE,Towers with Radar,620,299,65,3,987,0,5,9,0,14,620,304,74,3,1001,0,0,0,1001
09/30/2011,MEM,TN,ASO,CE,Towers with Radar,620,296,48,10,974,0,5,6,2,13,620,301,54,12,987,0,0,0,987
10/01/2011,MEM,TN,ASO,CE,Towers with Radar,410,163,32,4,609,0,0,9,0,9,410,163,41,4,618,0,0,0,618
10/02/2011,MEM,TN,ASO,CE,Towers with Radar,332,231,22,8,593,0,2,2,0,4,332,233,24,8,597,0,0,0,597
10/03/2011,MEM,TN,ASO,CE,Towers with Radar,285,274,45,2,606,0,3,11,0,14,285,277,56,2,620,0,0,0,620
10/04/2011,MEM,TN,ASO,CE,Towers with Radar,624,282,58,0,964,0,6,14,1,21,624,288,72,1,985,0,0,0,985
10/05/2011,MEM,TN,ASO,CE,Towers with Radar,636,283,67,7,993,0,6,14,3,23,636,289,81,10,1016,0,0,0,1016
10/06/2011,MEM,TN,ASO,CE,Towers with Radar,618,297,70,8,993,0,6,16,1,23,618,303,86,9,1016,0,0,0,1016
10/07/2011,MEM,TN,ASO,CE,Towers with Radar,603,293,64,16,976,0,6,9,2,17,603,299,73,18,993,0,0,0,993
10/08/2011,MEM,TN,ASO,CE,Towers with Radar,408,164,37,10,619,0,0,20,0,20,408,164,57,10,639,0,0,0,639
10/09/2011,MEM,TN,ASO,CE,Towers with Radar,310,230,26,0,566,0,2,15,0,17,310,232,41,0,583,0,0,0,583
10/10/2011,MEM,TN,ASO,CE,Towers with Radar,298,274,55,4,631,0,3,8,0,11,298,277,63,4,642,0,0,0,642
10/11/2011,MEM,TN,ASO,CE,Towers with Radar,606,283,74,1,964,0,1,5,0,6,606,284,79,1,970,0,0,0,970
10/12/2011,MEM,TN,ASO,CE,Towers with Radar,638,299,69,0,1006,0,0,1,0,1,638,299,70,0,1007,0,0,0,1007
10/13/2011,MEM,TN,ASO,CE,Towers with Radar,641,281,60,6,988,0,1,5,2,8,641,282,65,8,996,0,0,0,996
10/14/2011,MEM,TN,ASO,CE,Towers with Radar,608,288,39,1,936,0,2,5,1,8,608,290,44,2,944,0,0,0,944
10/15/2011,MEM,TN,ASO,CE,Towers with Radar,409,171,26,0,606,0,1,13,0,14,409,172,39,0,620,0,0,0,620
10/16/2011,MEM,TN,ASO,CE,Towers with Radar,324,248,25,3,600,0,3,10,0,13,324,251,35,3,613,0,0,0,613
10/17/2011,MEM,TN,ASO,CE,Towers with Radar,292,282,37,0,611,0,2,5,0,7,292,284,42,0,618,0,0,0,618
10/18/2011,MEM,TN,ASO,CE,Towers with Radar,632,303,59,3,997,0,0,1,0,1,632,303,60,3,998,0,0,0,998
10/19/2011,MEM,TN,ASO,CE,Towers with Radar,641,291,49,3,984,0,5,2,1,8,641,296,51,4,992,0,0,0,992
10/20/2011,MEM,TN,ASO,CE,Towers with Radar,628,291,62,0,981,0,8,7,3,18,628,299,69,3,999,0,0,0,999
10/21/2011,MEM,TN,ASO,CE,Towers with Radar,600,291,40,3,934,0,9,8,0,17,600,300,48,3,951,0,0,0,951
10/22/2011,MEM,TN,ASO,CE,Towers with Radar,392,172,20,3,587,0,1,8,0,9,392,173,28,3,596,0,0,0,596
10/23/2011,MEM,TN,ASO,CE,Towers with Radar,326,242,21,3,592,0,0,4,0,4,326,242,25,3,596,0,0,0,596
10/24/2011,MEM,TN,ASO,CE,Towers with Radar,293,279,46,2,620,0,7,6,0,13,293,286,52,2,633,0,0,0,633
10/25/2011,MEM,TN,ASO,CE,Towers with Radar,621,286,57,1,965,0,10,12,1,23,621,296,69,2,988,0,0,0,988
10/26/2011,MEM,TN,ASO,CE,Towers with Radar,632,289,53,2,976,0,4,6,1,11,632,293,59,3,987,0,0,0,987
10/27/2011,MEM,TN,ASO,CE,Towers with Radar,597,304,54,2,957,0,1,0,0,1,597,305,54,2,958,0,0,0,958
10/28/2011,MEM,TN,ASO,CE,Towers with Radar,608,295,55,0,958,0,0,2,0,2,608,295,57,0,960,0,0,0,960
10/29/2011,MEM,TN,ASO,CE,Towers with Radar,411,170,28,3,612,0,8,6,0,14,411,178,34,3,626,0,0,0,626
10/30/2011,MEM,TN,ASO,CE,Towers with Radar,323,252,31,0,606,0,0,6,1,7,323,252,37,1,613,0,0,0,613
10/31/2011,MEM,TN,ASO,CE,Towers with Radar,284,258,28,0,570,0,5,6,0,11,284,263,34,0,581,0,0,0,581
11/01/2011,MEM,TN,ASO,CE,Towers with Radar,634,275,80,0,989,0,11,6,0,17,634,286,86,0,1006,0,0,0,1006
11/02/2011,MEM,TN,ASO,CE,Towers with Radar,619,285,66,4,974,0,5,7,2,14,619,290,73,6,988,0,0,0,988
11/03/2011,MEM,TN,ASO,CE,Towers with Radar,630,298,59,2,989,0,2,0,0,2,630,300,59,2,991,0,0,0,991
11/04/2011,MEM,TN,ASO,CE,Towers with Radar,627,290,62,7,986,0,0,1,0,1,627,290,63,7,987,0,0,0,987
11/05/2011,MEM,TN,ASO,CE,Towers with Radar,408,170,30,2,610,0,0,10,1,11,408,170,40,3,621,0,0,0,621
11/06/2011,MEM,TN,ASO,CE,Towers with Radar,331,251,50,1,633,0,1,4,0,5,331,252,54,1,638,0,0,0,638
11/07/2011,MEM,TN,ASO,CE,Towers with Radar,281,261,52,5,599,0,5,4,0,9,281,266,56,5,608,0,0,0,608
11/08/2011,MEM,TN,ASO,CE,Towers with Radar,643,274,61,3,981,0,6,6,0,12,643,280,67,3,993,0,0,0,993
11/09/2011,MEM,TN,ASO,CE,Towers with Radar,651,280,78,4,1013,0,6,2,0,8,651,286,80,4,1021,0,0,0,1021
11/10/2011,MEM,TN,ASO,CE,Towers with Radar,638,272,82,5,997,0,4,13,0,17,638,276,95,5,1014,0,0,0,1014
11/11/2011,MEM,TN,ASO,CE,Towers with Radar,607,270,63,3,943,0,10,19,0,29,607,280,82,3,972,0,0,0,972
11/12/2011,MEM,TN,ASO,CE,Towers with Radar,402,166,20,1,589,0,0,2,0,2,402,166,22,1,591,0,0,0,591
11/13/2011,MEM,TN,ASO,CE,Towers with Radar,332,256,33,2,623,0,0,5,0,5,332,256,38,2,628,0,0,0,628
11/14/2011,MEM,TN,ASO,CE,Towers with Radar,274,270,67,3,614,0,2,1,0,3,274,272,68,3,617,0,0,0,617
11/15/2011,MEM,TN,ASO,CE,Towers with Radar,652,276,53,3,984,0,0,0,0,0,652,276,53,3,984,0,0,0,984
11/16/2011,MEM,TN,ASO,CE,Towers with Radar,648,277,63,11,999,0,0,1,1,2,648,277,64,12,1001,0,0,0,1001
11/17/2011,MEM,TN,ASO,CE,Towers with Radar,653,275,57,6,991,0,2,9,0,11,653,277,66,6,1002,0,0,0,1002
11/18/2011,MEM,TN,ASO,CE,Towers with Radar,600,282,66,14,962,0,5,3,0,8,600,287,69,14,970,0,0,0,970
11/19/2011,MEM,TN,ASO,CE,Towers with Radar,426,174,21,3,624,0,3,2,2,7,426,177,23,5,631,0,0,0,631
11/20/2011,MEM,TN,ASO,CE,Towers with Radar,344,214,27,3,588,0,0,0,0,0,344,214,27,3,588,0,0,0,588
11/21/2011,MEM,TN,ASO,CE,Towers with Radar,293,217,30,1,541,0,0,0,0,0,293,217,30,1,541,0,0,0,541
11/22/2011,MEM,TN,ASO,CE,Towers with Radar,659,234,30,2,925,0,0,3,0,3,659,234,33,2,928,0,0,0,928
11/23/2011,MEM,TN,ASO,CE,Towers with Radar,683,289,54,8,1034,0,0,0,0,0,683,289,54,8,1034,0,0,0,1034
11/24/2011,MEM,TN,ASO,CE,Towers with Radar,198,173,8,0,379,0,0,0,0,0,198,173,8,0,379,0,0,0,379
11/25/2011,MEM,TN,ASO,CE,Towers with Radar,518,191,25,1,735,0,2,3,0,5,518,193,28,1,740,0,0,0,740
11/26/2011,MEM,TN,ASO,CE,Towers with Radar,433,207,22,4,666,0,0,2,0,2,433,207,24,4,668,0,0,0,668
11/27/2011,MEM,TN,ASO,CE,Towers with Radar,337,267,44,0,648,0,0,0,0,0,337,267,44,0,648,0,0,0,648
11/28/2011,MEM,TN,ASO,CE,Towers with Radar,267,272,40,4,583,0,0,0,0,0,267,272,40,4,583,0,0,0,583
11/29/2011,MEM,TN,ASO,CE,Towers with Radar,688,261,66,2,1017,0,1,1,0,2,688,262,67,2,1019,0,0,0,1019
11/30/2011,MEM,TN,ASO,CE,Towers with Radar,681,271,59,3,1014,0,4,5,1,10,681,275,64,4,1024,0,0,0,1024
12/01/2011,MEM,TN,ASO,CE,Towers with Radar,666,273,68,0,1007,0,3,22,1,26,666,276,90,1,1033,0,0,0,1033
12/02/2011,MEM,TN,ASO,CE,Towers with Radar,627,275,46,4,952,0,4,23,7,34,627,279,69,11,986,0,0,0,986
12/03/2011,MEM,TN,ASO,CE,Towers with Radar,440,152,17,1,610,0,0,7,1,8,440,152,24,2,618,0,0,0,618
12/04/2011,MEM,TN,ASO,CE,Towers with Radar,344,218,37,5,604,0,0,0,0,0,344,218,37,5,604,0,0,0,604
12/05/2011,MEM,TN,ASO,CE,Towers with Radar,247,253,59,2,561,0,0,0,0,0,247,253,59,2,561,0,0,0,561
12/06/2011,MEM,TN,ASO,CE,Towers with Radar,687,264,52,4,1007,0,0,0,0,0,687,264,52,4,1007,0,0,0,1007
12/07/2011,MEM,TN,ASO,CE,Towers with Radar,684,251,56,0,991,0,0,3,2,5,684,251,59,2,996,0,0,0,996
12/08/2011,MEM,TN,ASO,CE,Towers with Radar,677,264,57,10,1008,0,4,10,1,15,677,268,67,11,1023,0,0,0,1023
12/09/2011,MEM,TN,ASO,CE,Towers with Radar,631,279,66,5,981,0,3,4,2,9,631,282,70,7,990,0,0,0,990
12/10/2011,MEM,TN,ASO,CE,Towers with Radar,439,140,24,0,603,0,0,2,3,5,439,140,26,3,608,0,0,0,608
12/11/2011,MEM,TN,ASO,CE,Towers with Radar,345,215,41,2,603,0,0,8,1,9,345,215,49,3,612,0,0,0,612
12/12/2011,MEM,TN,ASO,CE,Towers with Radar,283,260,63,8,614,0,2,6,0,8,283,262,69,8,622,0,0,0,622
12/13/2011,MEM,TN,ASO,CE,Towers with Radar,699,246,62,4,1011,0,1,0,0,1,699,247,62,4,1012,0,0,0,1012
12/14/2011,MEM,TN,ASO,CE,Towers with Radar,708,265,65,7,1045,0,0,2,1,3,708,265,67,8,1048,0,0,0,1048
12/15/2011,MEM,TN,ASO,CE,Towers with Radar,750,268,63,4,1085,0,0,0,0,0,750,268,63,4,1085,0,0,0,1085
12/16/2011,MEM,TN,ASO,CE,Towers with Radar,697,268,67,12,1044,0,0,0,0,0,697,268,67,12,1044,0,0,0,1044
12/17/2011,MEM,TN,ASO,CE,Towers with Radar,481,177,28,2,688,0,0,7,0,7,481,177,35,2,695,0,0,0,695
12/18/2011,MEM,TN,ASO,CE,Towers with Radar,393,211,25,1,630,0,0,5,0,5,393,211,30,1,635,0,0,0,635
12/19/2011,MEM,TN,ASO,CE,Towers with Radar,367,262,34,4,667,0,1,4,0,5,367,263,38,4,672,0,0,0,672
12/20/2011,MEM,TN,ASO,CE,Towers with Radar,751,293,34,1,1079,0,0,0,0,0,751,293,34,1,1079,0,0,0,1079
12/21/2011,MEM,TN,ASO,CE,Towers with Radar,804,270,40,2,1116,0,0,3,0,3,804,270,43,2,1119,0,0,0,1119
12/22/2011,MEM,TN,ASO,CE,Towers with Radar,765,271,25,0,1061,0,1,0,0,1,765,272,25,0,1062,0,0,0,1062
12/23/2011,MEM,TN,ASO,CE,Towers with Radar,731,284,20,0,1035,0,0,0,0,0,731,284,20,0,1035,0,0,0,1035
12/24/2011,MEM,TN,ASO,CE,Towers with Radar,440,158,7,0,605,0,0,1,0,1,440,158,8,0,606,0,0,0,606
12/25/2011,MEM,TN,ASO,CE,Towers with Radar,152,142,1,0,295,0,0,0,0,0,152,142,1,0,295,0,0,0,295
12/26/2011,MEM,TN,ASO,CE,Towers with Radar,169,254,27,0,450,0,1,1,0,2,169,255,28,0,452,0,0,0,452
12/27/2011,MEM,TN,ASO,CE,Towers with Radar,441,266,34,0,741,0,6,5,0,11,441,272,39,0,752,0,0,0,752
12/28/2011,MEM,TN,ASO,CE,Towers with Radar,650,265,17,0,932,0,7,5,0,12,650,272,22,0,944,0,0,0,944
12/29/2011,MEM,TN,ASO,CE,Towers with Radar,639,270,29,1,939,0,1,15,0,16,639,271,44,1,955,0,0,0,955
12/30/2011,MEM,TN,ASO,CE,Towers with Radar,621,266,26,0,913,0,2,6,0,8,621,268,32,0,921,0,0,0,921
12/31/2011,MEM,TN,ASO,CE,Towers with Radar,410,154,41,0,605,0,0,12,0,12,410,154,53,0,617,0,0,0,617
01/01/2012,MEM,TN,ASO,CE,Towers with Radar,149,190,17,0,356,0,0,2,0,2,149,190,19,0,358,0,0,0,358
01/02/2012,MEM,TN,ASO,CE,Towers with Radar,176,248,23,0,447,0,1,0,0,1,176,249,23,0,448,0,0,0,448
01/03/2012,MEM,TN,ASO,CE,Towers with Radar,423,258,27,0,708,0,6,5,0,11,423,264,32,0,719,0,0,0,719
01/04/2012,MEM,TN,ASO,CE,Towers with Radar,645,244,51,2,942,0,7,5,0,12,645,251,56,2,954,0,0,0,954
01/05/2012,MEM,TN,ASO,CE,Towers with Radar,623,252,41,4,920,0,1,7,0,8,623,253,48,4,928,0,0,0,928
01/06/2012,MEM,TN,ASO,CE,Towers with Radar,582,249,22,5,858,0,3,6,0,9,582,252,28,5,867,0,0,0,867
01/07/2012,MEM,TN,ASO,CE,Towers with Radar,410,148,14,3,575,0,0,0,0,0,410,148,14,3,575,0,0,0,575
01/08/2012,MEM,TN,ASO,CE,Towers with Radar,295,203,22,4,524,0,0,0,0,0,295,203,22,4,524,0,0,0,524
01/09/2012,MEM,TN,ASO,CE,Towers with Radar,269,278,45,7,599,0,0,6,2,8,269,278,51,9,607,0,0,0,607
01/10/2012,MEM,TN,ASO,CE,Towers with Radar,599,253,56,3,911,0,0,0,1,1,599,253,56,4,912,0,0,0,912
01/11/2012,MEM,TN,ASO,CE,Towers with Radar,625,247,66,2,940,0,0,2,0,2,625,247,68,2,942,0,0,0,942
01/12/2012,MEM,TN,ASO,CE,Towers with Radar,603,252,45,1,901,0,1,9,0,10,603,253,54,1,911,0,0,0,911
01/13/2012,MEM,TN,ASO,CE,Towers with Radar,593,257,43,8,901,0,6,19,0,25,593,263,62,8,926,0,0,0,926
01/14/2012,MEM,TN,ASO,CE,Towers with Radar,393,149,9,3,554,0,2,5,0,7,393,151,14,3,561,0,0,0,561
01/15/2012,MEM,TN,ASO,CE,Towers with Radar,290,185,21,0,496,0,2,14,0,16,290,187,35,0,512,0,0,0,512
01/16/2012,MEM,TN,ASO,CE,Towers with Radar,217,234,39,0,490,0,8,1,0,9,217,242,40,0,499,0,0,0,499
01/17/2012,MEM,TN,ASO,CE,Towers with Radar,625,248,56,1,930,0,4,0,2,6,625,252,56,3,936,0,0,0,936
01/18/2012,MEM,TN,ASO,CE,Towers with Radar,618,254,43,3,918,0,3,4,1,8,618,257,47,4,926,0,0,0,926
01/19/2012,MEM,TN,ASO,CE,Towers with Radar,607,253,64,3,927,0,2,4,0,6,607,255,68,3,933,0,0,0,933
01/20/2012,MEM,TN,ASO,CE,Towers with Radar,562,243,43,10,858,0,0,3,1,4,562,243,46,11,862,0,0,0,862
01/21/2012,MEM,TN,ASO,CE,Towers with Radar,404,150,30,0,584,0,0,1,0,1,404,150,31,0,585,0,0,0,585
01/22/2012,MEM,TN,ASO,CE,Towers with Radar,308,186,25,4,523,0,0,0,0,0,308,186,25,4,523,0,0,0,523
01/23/2012,MEM,TN,ASO,CE,Towers with Radar,251,233,39,2,525,0,2,11,0,13,251,235,50,2,538,0,0,0,538
01/24/2012,MEM,TN,ASO,CE,Towers with Radar,607,247,67,2,923,0,2,6,1,9,607,249,73,3,932,0,0,0,932
01/25/2012,MEM,TN,ASO,CE,Towers with Radar,574,253,66,5,898,0,0,2,0,2,574,253,68,5,900,0,0,0,900
01/26/2012,MEM,TN,ASO,CE,Towers with Radar,635,248,48,2,933,0,0,0,0,0,635,248,48,2,933,0,0,0,933
01/27/2012,MEM,TN,ASO,CE,Towers with Radar,581,249,41,5,876,0,7,1,1,9,581,256,42,6,885,0,0,0,885
01/28/2012,MEM,TN,ASO,CE,Towers with Radar,401,150,16,1,568,0,3,6,1,10,401,153,22,2,578,0,0,0,578
01/29/2012,MEM,TN,ASO,CE,Towers with Radar,298,198,22,1,519,0,6,6,1,13,298,204,28,2,532,0,0,0,532
01/30/2012,MEM,TN,ASO,CE,Towers with Radar,252,244,42,0,538,0,5,7,1,13,252,249,49,1,551,0,0,0,551
01/31/2012,MEM,TN,ASO,CE,Towers with Radar,612,243,50,4,909,0,0,10,1,11,612,243,60,5,920,0,0,0,920
02/01/2012,MEM,TN,ASO,CE,Towers with Radar,611,245,49,5,910,0,0,3,0,3,611,245,52,5,913,0,0,0,913
02/02/2012,MEM,TN,ASO,CE,Towers with Radar,605,262,35,3,905,0,4,10,0,14,605,266,45,3,919,0,0,0,919
02/03/2012,MEM,TN,ASO,CE,Towers with Radar,564,247,33,6,850,0,3,0,0,3,564,250,33,6,853,0,0,0,853
02/04/2012,MEM,TN,ASO,CE,Towers with Radar,412,147,19,2,580,0,0,0,0,0,412,147,19,2,580,0,0,0,580
02/05/2012,MEM,TN,ASO,CE,Towers with Radar,297,205,11,5,518,0,0,2,0,2,297,205,13,5,520,0,0,0,520
02/06/2012,MEM,TN,ASO,CE,Towers with Radar,263,249,60,5,577,0,1,3,0,4,263,250,63,5,581,0,0,0,581
02/07/2012,MEM,TN,ASO,CE,Towers with Radar,600,235,66,2,903,0,8,2,0,10,600,243,68,2,913,0,0,0,913
02/08/2012,MEM,TN,ASO,CE,Towers with Radar,620,244,59,4,927,0,0,9,0,9,620,244,68,4,936,0,0,0,936
02/09/2012,MEM,TN,ASO,CE,Towers with Radar,605,249,55,8,917,0,1,6,0,7,605,250,61,8,924,0,0,0,924
02/10/2012,MEM,TN,ASO,CE,Towers with Radar,565,262,45,7,879,0,2,3,0,5,565,264,48,7,884,0,0,0,884
02/11/2012,MEM,TN,ASO,CE,Towers with Radar,410,148,10,3,571,0,2,1,0,3,410,150,11,3,574,0,0,0,574
02/12/2012,MEM,TN,ASO,CE,Towers with Radar,311,200,24,0,535,0,2,8,2,12,311,202,32,2,547,0,0,0,547
02/13/2012,MEM,TN,ASO,CE,Towers with Radar,235,226,48,1,510,0,2,3,1,6,235,228,51,2,516,0,0,0,516
02/14/2012,MEM,TN,ASO,CE,Towers with Radar,669,243,81,0,993,0,3,2,0,5,669,246,83,0,998,0,0,0,998
02/15/2012,MEM,TN,ASO,CE,Towers with Radar,576,243,58,2,879,0,0,2,0,2,576,243,60,2,881,0,0,0,881
02/16/2012,MEM,TN,ASO,CE,Towers with Radar,635,280,64,3,982,0,0,12,0,12,635,280,76,3,994,0,0,0,994
02/17/2012,MEM,TN,ASO,CE,Towers with Radar,579,273,48,2,902,0,3,11,2,16,579,276,59,4,918,0,0,0,918
02/18/2012,MEM,TN,ASO,CE,Towers with Radar,417,161,24,0,602,0,3,0,1,4,417,164,24,1,606,0,0,0,606
02/19/2012,MEM,TN,ASO,CE,Towers with Radar,289,193,32,1,515,0,1,5,1,7,289,194,37,2,522,0,0,0,522
02/20/2012,MEM,TN,ASO,CE,Towers with Radar,248,269,61,0,578,0,0,7,2,9,248,269,68,2,587,0,0,0,587
02/21/2012,MEM,TN,ASO,CE,Towers with Radar,591,259,56,3,909,0,6,9,0,15,591,265,65,3,924,0,0,0,924
02/22/2012,MEM,TN,ASO,CE,Towers with Radar,621,248,52,3,924,0,0,5,0,5,621,248,57,3,929,0,0,0,929
02/23/2012,MEM,TN,ASO,CE,Towers with Radar,598,262,56,12,928,0,2,6,1,9,598,264,62,13,937,0,0,0,937
02/24/2012,MEM,TN,ASO,CE,Towers with Radar,572,252,50,7,881,0,7,9,0,16,572,259,59,7,897,0,0,0,897
02/25/2012,MEM,TN,ASO,CE,Towers with Radar,410,155,16,3,584,0,6,4,1,11,410,161,20,4,595,0,0,0,595
02/26/2012,MEM,TN,ASO,CE,Towers with Radar,296,206,43,5,550,0,2,11,0,13,296,208,54,5,563,0,0,0,563
02/27/2012,MEM,TN,ASO,CE,Towers with Radar,259,261,47,7,574,0,4,21,1,26,259,265,68,8,600,0,0,0,600
02/28/2012,MEM,TN,ASO,CE,Towers with Radar,563,261,71,1,896,0,2,16,0,18,563,263,87,1,914,0,0,0,914
02/29/2012,MEM,TN,ASO,CE,Towers with Radar,638,253,59,0,950,0,0,7,0,7,638,253,66,0,957,0,0,0,957
03/01/2012,MEM,TN,ASO,CE,Towers with Radar,607,268,64,5,944,0,7,11,0,18,607,275,75,5,962,0,0,0,962
03/02/2012,MEM,TN,ASO,CE,Towers with Radar,603,268,53,4,928,0,1,3,0,4,603,269,56,4,932,0,0,0,932
03/03/2012,MEM,TN,ASO,CE,Towers with Radar,420,139,30,2,591,0,10,5,1,16,420,149,35,3,607,0,0,0,607
03/04/2012,MEM,TN,ASO,CE,Towers with Radar,308,225,22,3,558,0,0,3,1,4,308,225,25,4,562,0,0,0,562
03/05/2012,MEM,TN,ASO,CE,Towers with Radar,280,259,53,0,592,0,4,9,0,13,280,263,62,0,605,0,0,0,605
03/06/2012,MEM,TN,ASO,CE,Towers with Radar,602,258,73,2,935,0,0,8,0,8,602,258,81,2,943,0,0,0,943
03/07/2012,MEM,TN,ASO,CE,Towers with Radar,611,265,56,4,936,0,1,4,0,5,611,266,60,4,941,0,0,0,941
03/08/2012,MEM,TN,ASO,CE,Towers with Radar,584,268,70,0,922,0,0,0,0,0,584,268,70,0,922,0,0,0,922
03/09/2012,MEM,TN,ASO,CE,Towers with Radar,615,268,45,3,931,0,3,8,0,11,615,271,53,3,942,0,0,0,942
03/10/2012,MEM,TN,ASO,CE,Towers with Radar,404,152,29,0,585,0,4,9,0,13,404,156,38,0,598,0,0,0,598
03/11/2012,MEM,TN,ASO,CE,Towers with Radar,312,221,26,5,564,0,0,3,0,3,312,221,29,5,567,0,0,0,567
03/12/2012,MEM,TN,ASO,CE,Towers with Radar,256,248,31,2,537,0,2,1,0,3,256,250,32,2,540,0,0,0,540
03/13/2012,MEM,TN,ASO,CE,Towers with Radar,615,258,56,2,931,0,0,3,0,3,615,258,59,2,934,0,0,0,934
03/14/2012,MEM,TN,ASO,CE,Towers with Radar,607,256,40,2,905,0,4,7,1,12,607,260,47,3,917,0,0,0,917
03/15/2012,MEM,TN,ASO,CE,Towers with Radar,615,276,52,1,944,0,3,5,1,9,615,279,57,2,953,0,0,0,953
03/16/2012,MEM,TN,ASO,CE,Towers with Radar,600,259,44,1,904,0,2,2,0,4,600,261,46,1,908,0,0,0,908
03/17/2012,MEM,TN,ASO,CE,Towers with Radar,414,151,21,9,595,0,4,2,1,7,414,155,23,10,602,0,0,0,602
03/18/2012,MEM,TN,ASO,CE,Towers with Radar,322,233,28,7,590,0,0,6,2,8,322,233,34,9,598,0,0,0,598
03/19/2012,MEM,TN,ASO,CE,Towers with Radar,246,253,36,7,542,0,2,5,0,7,246,255,41,7,549,0,0,0,549
03/20/2012,MEM,TN,ASO,CE,Towers with Radar,598,262,41,4,905,0,1,5,0,6,598,263,46,4,911,0,0,0,911
03/21/2012,MEM,TN,ASO,CE,Towers with Radar,607,275,48,0,930,0,0,4,0,4,607,275,52,0,934,0,0,0,934
03/22/2012,MEM,TN,ASO,CE,Towers with Radar,631,271,61,5,968,0,0,9,0,9,631,271,70,5,977,0,0,0,977
03/23/2012,MEM,TN,ASO,CE,Towers with Radar,589,257,57,15,918,0,0,10,1,11,589,257,67,16,929,0,0,0,929
03/24/2012,MEM,TN,ASO,CE,Towers with Radar,408,152,22,10,592,0,7,12,1,20,408,159,34,11,612,0,0,0,612
03/25/2012,MEM,TN,ASO,CE,Towers with Radar,306,235,34,9,584,0,0,8,1,9,306,235,42,10,593,0,0,0,593
03/26/2012,MEM,TN,ASO,CE,Towers with Radar,256,265,33,0,554,0,3,14,1,18,256,268,47,1,572,0,0,0,572
03/27/2012,MEM,TN,ASO,CE,Towers with Radar,607,267,80,2,956,0,7,10,1,18,607,274,90,3,974,0,0,0,974
03/28/2012,MEM,TN,ASO,CE,Towers with Radar,603,260,52,8,923,0,3,8,0,11,603,263,60,8,934,0,0,0,934
03/29/2012,MEM,TN,ASO,CE,Towers with Radar,606,277,63,10,956,0,2,5,0,7,606,279,68,10,963,0,0,0,963
03/30/2012,MEM,TN,ASO,CE,Towers with Radar,585,266,64,10,925,0,0,4,1,5,585,266,68,11,930,0,0,0,930
03/31/2012,MEM,TN,ASO,CE,Towers with Radar,408,168,29,4,609,0,4,4,2,10,408,172,33,6,619,0,0,0,619
04/01/2012,MEM,TN,ASO,CE,Towers with Radar,316,230,22,2,570,0,2,11,0,13,316,232,33,2,583,0,0,0,583
04/02/2012,MEM,TN,ASO,CE,Towers with Radar,268,246,33,0,547,0,1,23,0,24,268,247,56,0,571,0,0,0,571
04/03/2012,MEM,TN,ASO,CE,Towers with Radar,635,262,54,5,956,0,2,6,0,8,635,264,60,5,964,0,0,0,964
04/04/2012,MEM,TN,ASO,CE,Towers with Radar,616,264,59,12,951,0,4,8,3,15,616,268,67,15,966,0,0,0,966
04/05/2012,MEM,TN,ASO,CE,Towers with Radar,599,256,42,7,904,0,2,4,0,6,599,258,46,7,910,0,0,0,910
04/06/2012,MEM,TN,ASO,CE,Towers with Radar,570,260,45,2,877,0,7,15,1,23,570,267,60,3,900,0,0,0,900
04/07/2012,MEM,TN,ASO,CE,Towers with Radar,402,146,15,0,563,0,5,0,0,5,402,151,15,0,568,0,0,0,568
04/08/2012,MEM,TN,ASO,CE,Towers with Radar,275,164,21,1,461,0,2,5,0,7,275,166,26,1,468,0,0,0,468
04/09/2012,MEM,TN,ASO,CE,Towers with Radar,273,248,56,6,583,0,4,9,1,14,273,252,65,7,597,0,0,0,597
04/10/2012,MEM,TN,ASO,CE,Towers with Radar,592,267,52,4,915,0,7,4,1,12,592,274,56,5,927,0,0,0,927
04/11/2012,MEM,TN,ASO,CE,Towers with Radar,616,245,59,4,924,0,5,7,0,12,616,250,66,4,936,0,0,0,936
04/12/2012,MEM,TN,ASO,CE,Towers with Radar,604,266,71,2,943,0,2,11,0,13,604,268,82,2,956,0,0,0,956
04/13/2012,MEM,TN,ASO,CE,Towers with Radar,575,260,55,8,898,0,3,14,0,17,575,263,69,8,915,0,0,0,915
04/14/2012,MEM,TN,ASO,CE,Towers with Radar,411,144,26,0,581,0,5,6,0,11,411,149,32,0,592,0,0,0,592
04/15/2012,MEM,TN,ASO,CE,Towers with Radar,315,223,29,3,570,0,2,3,4,9,315,225,32,7,579,0,0,0,579
04/16/2012,MEM,TN,ASO,CE,Towers with Radar,263,254,53,4,574,0,0,8,0,8,263,254,61,4,582,0,0,0,582
04/17/2012,MEM,TN,ASO,CE,Towers with Radar,622,249,67,3,941,0,2,1,1,4,622,251,68,4,945,0,0,0,945
04/18/2012,MEM,TN,ASO,CE,Towers with Radar,622,241,48,4,915,0,4,15,0,19,622,245,63,4,934,0,0,0,934
04/19/2012,MEM,TN,ASO,CE,Towers with Radar,609,256,54,6,925,0,2,13,0,15,609,258,67,6,940,0,0,0,940
04/20/2012,MEM,TN,ASO,CE,Towers with Radar,566,254,62,5,887,0,1,7,0,8,566,255,69,5,895,0,0,0,895
04/21/2012,MEM,TN,ASO,CE,Towers with Radar,415,158,21,1,595,0,1,2,0,3,415,159,23,1,598,0,0,0,598
04/22/2012,MEM,TN,ASO,CE,Towers with Radar,309,222,37,0,568,0,2,4,0,6,309,224,41,0,574,0,0,0,574
04/23/2012,MEM,TN,ASO,CE,Towers with Radar,273,239,41,3,556,0,1,7,0,8,273,240,48,3,564,0,0,0,564
04/24/2012,MEM,TN,ASO,CE,Towers with Radar,608,269,67,3,947,0,2,2,0,4,608,271,69,3,951,0,0,0,951
04/25/2012,MEM,TN,ASO,CE,Towers with Radar,606,253,49,3,911,0,4,6,0,10,606,257,55,3,921,0,0,0,921
04/26/2012,MEM,TN,ASO,CE,Towers with Radar,628,264,85,4,981,0,2,3,3,8,628,266,88,7,989,0,0,0,989
04/27/2012,MEM,TN,ASO,CE,Towers with Radar,573,260,61,3,897,0,3,2,1,6,573,263,63,4,903,0,0,0,903
04/28/2012,MEM,TN,ASO,CE,Towers with Radar,405,149,31,3,588,0,13,3,1,17,405,162,34,4,605,0,0,0,605
04/29/2012,MEM,TN,ASO,CE,Towers with Radar,315,227,31,2,575,0,4,1,1,6,315,231,32,3,581,0,0,0,581
04/30/2012,MEM,TN,ASO,CE,Towers with Radar,278,248,46,2,574,0,2,4,0,6,278,250,50,2,580,0,0,0,580
05/01/2012,MEM,TN,ASO,CE,Towers with Radar,599,245,59,5,908,0,1,9,3,13,599,246,68,8,921,0,0,0,921
05/02/2012,MEM,TN,ASO,CE,Towers with Radar,609,255,69,2,935,0,0,7,1,8,609,255,76,3,943,0,0,0,943
05/03/2012,MEM,TN,ASO,CE,Towers with Radar,607,248,64,2,921,0,0,6,0,6,607,248,70,2,927,0,0,0,927
05/04/2012,MEM,TN,ASO,CE,Towers with Radar,575,257,34,13,879,0,0,6,2,8,575,257,40,15,887,0,0,0,887
05/05/2012,MEM,TN,ASO,CE,Towers with Radar,405,144,19,2,570,0,5,5,0,10,405,149,24,2,580,0,0,0,580
05/06/2012,MEM,TN,ASO,CE,Towers with Radar,306,218,25,1,550,0,0,3,3,6,306,218,28,4,556,0,0,0,556
05/07/2012,MEM,TN,ASO,CE,Towers with Radar,269,243,36,0,548,0,0,8,0,8,269,243,44,0,556,0,0,0,556
05/08/2012,MEM,TN,ASO,CE,Towers with Radar,610,254,71,2,937,0,2,8,0,10,610,256,79,2,947,0,0,0,947
05/09/2012,MEM,TN,ASO,CE,Towers with Radar,616,248,62,7,933,0,2,13,0,15,616,250,75,7,948,0,0,0,948
05/10/2012,MEM,TN,ASO,CE,Towers with Radar,610,263,56,4,933,0,5,10,0,15,610,268,66,4,948,0,0,0,948
05/11/2012,MEM,TN,ASO,CE,Towers with Radar,608,265,70,3,946,0,5,11,0,16,608,270,81,3,962,0,0,0,962
05/12/2012,MEM,TN,ASO,CE,Towers with Radar,427,152,25,5,609,0,0,0,4,4,427,152,25,9,613,0,0,0,613
05/13/2012,MEM,TN,ASO,CE,Towers with Radar,297,211,33,3,544,0,0,5,0,5,297,211,38,3,549,0,0,0,549
05/14/2012,MEM,TN,ASO,CE,Towers with Radar,267,253,42,3,565,0,0,11,0,11,267,253,53,3,576,0,0,0,576
05/15/2012,MEM,TN,ASO,CE,Towers with Radar,601,241,61,2,905,0,3,5,1,9,601,244,66,3,914,0,0,0,914
05/16/2012,MEM,TN,ASO,CE,Towers with Radar,609,274,71,6,960,0,3,4,3,10,609,277,75,9,970,0,0,0,970
05/17/2012,MEM,TN,ASO,CE,Towers with Radar,603,258,85,0,946,0,2,17,1,20,603,260,102,1,966,0,0,0,966
05/18/2012,MEM,TN,ASO,CE,Towers with Radar,580,271,58,5,914,0,2,9,0,11,580,273,67,5,925,0,0,0,925
05/19/2012,MEM,TN,ASO,CE,Towers with Radar,408,150,26,1,585,0,7,7,0,14,408,157,33,1,599,0,0,0,599
05/20/2012,MEM,TN,ASO,CE,Towers with Radar,303,216,34,5,558,0,3,7,1,11,303,219,41,6,569,0,0,0,569
05/21/2012,MEM,TN,ASO,CE,Towers with Radar,258,251,57,0,566,0,0,9,0,9,258,251,66,0,575,0,0,0,575
05/22/2012,MEM,TN,ASO,CE,Towers with Radar,594,244,40,1,879,0,1,12,0,13,594,245,52,1,892,0,0,0,892
05/23/2012,MEM,TN,ASO,CE,Towers with Radar,609,249,55,7,920,0,1,12,1,14,609,250,67,8,934,0,0,0,934
05/24/2012,MEM,TN,ASO,CE,Towers with Radar,595,254,62,0,911,0,3,12,0,15,595,257,74,0,926,0,0,0,926
05/25/2012,MEM,TN,ASO,CE,Towers with Radar,585,255,42,1,883,0,3,24,0,27,585,258,66,1,910,0,0,0,910
05/26/2012,MEM,TN,ASO,CE,Towers with Radar,399,135,13,2,549,0,5,3,0,8,399,140,16,2,557,0,0,0,557
05/27/2012,MEM,TN,ASO,CE,Towers with Radar,263,148,14,0,425,0,1,4,0,5,263,149,18,0,430,0,0,0,430
05/28/2012,MEM,TN,ASO,CE,Towers with Radar,171,227,20,0,418,0,0,6,0,6,171,227,26,0,424,0,0,0,424
05/29/2012,MEM,TN,ASO,CE,Towers with Radar,288,251,48,0,587,0,1,11,0,12,288,252,59,0,599,0,0,0,599
05/30/2012,MEM,TN,ASO,CE,Towers with Radar,636,253,56,0,945,0,1,9,0,10,636,254,65,0,955,0,0,0,955
05/31/2012,MEM,TN,ASO,CE,Towers with Radar,605,248,49,2,904,0,0,1,0,1,605,248,50,2,905,0,0,0,905
06/01/2012,MEM,TN,ASO,CE,Towers with Radar,596,262,49,13,920,0,3,8,1,12,596,265,57,14,932,0,0,0,932
06/02/2012,MEM,TN,ASO,CE,Towers with Radar,403,137,28,4,572,0,2,8,3,13,403,139,36,7,585,0,0,0,585
06/03/2012,MEM,TN,ASO,CE,Towers with Radar,310,217,65,1,593,0,3,3,0,6,310,220,68,1,599,0,0,0,599
06/04/2012,MEM,TN,ASO,CE,Towers with Radar,265,253,50,0,568,0,2,9,0,11,265,255,59,0,579,0,0,0,579
06/05/2012,MEM,TN,ASO,CE,Towers with Radar,622,254,73,2,951,0,2,12,0,14,622,256,85,2,965,0,0,0,965
06/06/2012,MEM,TN,ASO,CE,Towers with Radar,601,265,56,4,926,0,1,20,0,21,601,266,76,4,947,0,0,0,947
06/07/2012,MEM,TN,ASO,CE,Towers with Radar,600,264,51,3,918,0,2,13,0,15,600,266,64,3,933,0,0,0,933
06/08/2012,MEM,TN,ASO,CE,Towers with Radar,582,265,44,10,901,0,1,14,0,15,582,266,58,10,916,0,0,0,916
06/09/2012,MEM,TN,ASO,CE,Towers with Radar,392,161,29,8,590,0,2,4,0,6,392,163,33,8,596,0,0,0,596
06/10/2012,MEM,TN,ASO,CE,Towers with Radar,293,245,33,12,583,0,0,3,0,3,293,245,36,12,586,0,0,0,586
06/11/2012,MEM,TN,ASO,CE,Towers with Radar,269,258,38,3,568,0,1,4,0,5,269,259,42,3,573,0,0,0,573
06/12/2012,MEM,TN,ASO,CE,Towers with Radar,610,263,68,2,943,0,0,3,0,3,610,263,71,2,946,0,0,0,946
06/13/2012,MEM,TN,ASO,CE,Towers with Radar,608,260,67,9,944,0,0,7,2,9,608,260,74,11,953,0,0,0,953
06/14/2012,MEM,TN,ASO,CE,Towers with Radar,618,265,69,0,952,0,2,10,1,13,618,267,79,1,965,0,0,0,965
06/15/2012,MEM,TN,ASO,CE,Towers with Radar,592,251,34,6,883,0,1,6,2,9,592,252,40,8,892,0,0,0,892
06/16/2012,MEM,TN,ASO,CE,Towers with Radar,403,162,20,3,588,0,2,3,1,6,403,164,23,4,594,0,0,0,594
06/17/2012,MEM,TN,ASO,CE,Towers with Radar,303,222,18,5,548,0,0,5,2,7,303,222,23,7,555,0,0,0,555
06/18/2012,MEM,TN,ASO,CE,Towers with Radar,273,250,33,4,560,0,2,14,5,21,273,252,47,9,581,0,0,0,581
06/19/2012,MEM,TN,ASO,CE,Towers with Radar,615,253,55,6,929,0,0,12,3,15,615,253,67,9,944,0,0,0,944
06/20/2012,MEM,TN,ASO,CE,Towers with Radar,610,265,42,6,923,0,1,14,1,16,610,266,56,7,939,0,0,0,939
06/21/2012,MEM,TN,ASO,CE,Towers with Radar,612,257,68,2,939,0,4,18,0,22,612,261,86,2,961,0,0,0,961
06/22/2012,MEM,TN,ASO,CE,Towers with Radar,580,255,56,5,896,0,3,10,6,19,580,258,66,11,915,0,0,0,915
06/23/2012,MEM,TN,ASO,CE,Towers with Radar,397,160,22,5,584,0,3,2,0,5,397,163,24,5,589,0,0,0,589
06/24/2012,MEM,TN,ASO,CE,Towers with Radar,310,228,30,10,578,0,2,9,3,14,310,230,39,13,592,0,0,0,592
06/25/2012,MEM,TN,ASO,CE,Towers with Radar,268,250,45,3,566,0,3,8,0,11,268,253,53,3,577,0,0,0,577
06/26/2012,MEM,TN,ASO,CE,Towers with Radar,618,264,77,8,967,0,2,12,0,14,618,266,89,8,981,0,0,0,981
06/27/2012,MEM,TN,ASO,CE,Towers with Radar,610,266,48,5,929,0,1,8,0,9,610,267,56,5,938,0,0,0,938
06/28/2012,MEM,TN,ASO,CE,Towers with Radar,617,266,58,8,949,0,4,11,1,16,617,270,69,9,965,0,0,0,965
06/29/2012,MEM,TN,ASO,CE,Towers with Radar,589,251,75,3,918,0,5,21,2,28,589,256,96,5,946,0,0,0,946
06/30/2012,MEM,TN,ASO,CE,Towers with Radar,409,157,24,2,592,0,6,9,2,17,409,163,33,4,609,0,0,0,609
07/01/2012,MEM,TN,ASO,CE,Towers with Radar,326,220,23,0,569,0,1,2,0,3,326,221,25,0,572,0,0,0,572
07/02/2012,MEM,TN,ASO,CE,Towers with Radar,240,175,42,1,458,0,2,9,0,11,240,177,51,1,469,0,0,0,469
07/03/2012,MEM,TN,ASO,CE,Towers with Radar,586,179,35,5,805,0,2,5,1,8,586,181,40,6,813,0,0,0,813
07/04/2012,MEM,TN,ASO,CE,Towers with Radar,215,148,8,0,371,0,1,5,0,6,215,149,13,0,377,0,0,0,377
07/05/2012,MEM,TN,ASO,CE,Towers with Radar,547,167,29,3,746,0,2,19,0,21,547,169,48,3,767,0,0,0,767
07/06/2012,MEM,TN,ASO,CE,Towers with Radar,564,175,34,6,779,0,3,16,0,19,564,178,50,6,798,0,0,0,798
07/07/2012,MEM,TN,ASO,CE,Towers with Radar,404,150,21,0,575,0,3,2,0,5,404,153,23,0,580,0,0,0,580
07/08/2012,MEM,TN,ASO,CE,Towers with Radar,304,220,21,1,546,0,0,4,0,4,304,220,25,1,550,0,0,0,550
07/09/2012,MEM,TN,ASO,CE,Towers with Radar,271,240,34,1,546,0,1,4,0,5,271,241,38,1,551,0,0,0,551
07/10/2012,MEM,TN,ASO,CE,Towers with Radar,610,263,51,2,926,0,0,5,0,5,610,263,56,2,931,0,0,0,931
07/11/2012,MEM,TN,ASO,CE,Towers with Radar,613,243,28,5,889,0,0,7,0,7,613,243,35,5,896,0,0,0,896
07/12/2012,MEM,TN,ASO,CE,Towers with Radar,608,241,53,0,902,0,0,6,1,7,608,241,59,1,909,0,0,0,909
07/13/2012,MEM,TN,ASO,CE,Towers with Radar,586,252,56,5,899,0,0,6,0,6,586,252,62,5,905,0,0,0,905
07/14/2012,MEM,TN,ASO,CE,Towers with Radar,410,155,28,0,593,0,0,5,1,6,410,155,33,1,599,0,0,0,599
07/15/2012,MEM,TN,ASO,CE,Towers with Radar,299,217,29,3,548,0,0,4,0,4,299,217,33,3,552,0,0,0,552
07/16/2012,MEM,TN,ASO,CE,Towers with Radar,273,237,55,3,568,0,1,9,1,11,273,238,64,4,579,0,0,0,579
07/17/2012,MEM,TN,ASO,CE,Towers with Radar,599,254,66,3,922,0,0,8,1,9,599,254,74,4,931,0,0,0,931
07/18/2012,MEM,TN,ASO,CE,Towers with Radar,596,245,66,3,910,0,0,7,0,7,596,245,73,3,917,0,0,0,917
07/19/2012,MEM,TN,ASO,CE,Towers with Radar,591,249,58,8,906,0,1,15,0,16,591,250,73,8,922,0,0,0,922
07/20/2012,MEM,TN,ASO,CE,Towers with Radar,594,252,54,9,909,0,5,14,0,19,594,257,68,9,928,0,0,0,928
07/21/2012,MEM,TN,ASO,CE,Towers with Radar,407,154,26,6,593,0,6,2,0,8,407,160,28,6,601,0,0,0,601
07/22/2012,MEM,TN,ASO,CE,Towers with Radar,299,224,21,3,547,0,3,6,0,9,299,227,27,3,556,0,0,0,556
07/23/2012,MEM,TN,ASO,CE,Towers with Radar,270,239,45,1,555,0,4,10,0,14,270,243,55,1,569,0,0,0,569
07/24/2012,MEM,TN,ASO,CE,Towers with Radar,603,256,58,2,919,0,1,6,0,7,603,257,64,2,926,0,0,0,926
07/25/2012,MEM,TN,ASO,CE,Towers with Radar,601,258,51,3,913,0,2,14,0,16,601,260,65,3,929,0,0,0,929
07/26/2012,MEM,TN,ASO,CE,Towers with Radar,587,239,45,4,875,0,4,3,0,7,587,243,48,4,882,0,0,0,882
07/27/2012,MEM,TN,ASO,CE,Towers with Radar,601,253,47,13,914,0,2,15,1,18,601,255,62,14,932,0,0,0,932
07/28/2012,MEM,TN,ASO,CE,Towers with Radar,415,160,20,1,596,0,3,3,1,7,415,163,23,2,603,0,0,0,603
07/29/2012,MEM,TN,ASO,CE,Towers with Radar,304,218,16,1,539,0,3,7,0,10,304,221,23,1,549,0,0,0,549
07/30/2012,MEM,TN,ASO,CE,Towers with Radar,263,252,30,3,548,0,0,11,0,11,263,252,41,3,559,0,0,0,559
07/31/2012,MEM,TN,ASO,CE,Towers with Radar,608,248,40,0,896,0,1,13,0,14,608,249,53,0,910,0,0,0,910
08/01/2012,MEM,TN,ASO,CE,Towers with Radar,609,223,58,6,896,0,3,8,0,11,609,226,66,6,907,0,0,0,907
08/02/2012,MEM,TN,ASO,CE,Towers with Radar,602,221,59,4,886,0,4,8,0,12,602,225,67,4,898,0,0,0,898
08/03/2012,MEM,TN,ASO,CE,Towers with Radar,584,231,37,2,854,0,4,11,0,15,584,235,48,2,869,0,0,0,869
08/04/2012,MEM,TN,ASO,CE,Towers with Radar,408,146,23,11,588,0,0,7,0,7,408,146,30,11,595,0,0,0,595
08/05/2012,MEM,TN,ASO,CE,Towers with Radar,302,198,16,10,526,0,2,5,3,10,302,200,21,13,536,0,0,0,536
08/06/2012,MEM,TN,ASO,CE,Towers with Radar,273,219,48,1,541,0,0,13,0,13,273,219,61,1,554,0,0,0,554
08/07/2012,MEM,TN,ASO,CE,Towers with Radar,613,235,59,9,916,0,5,16,5,26,613,240,75,14,942,0,0,0,942
08/08/2012,MEM,TN,ASO,CE,Towers with Radar,600,251,54,1,906,0,0,11,0,11,600,251,65,1,917,0,0,0,917
08/09/2012,MEM,TN,ASO,CE,Towers with Radar,598,230,72,3,903,0,6,6,0,12,598,236,78,3,915,0,0,0,915
08/10/2012,MEM,TN,ASO,CE,Towers with Radar,570,228,54,5,857,0,4,7,1,12,570,232,61,6,869,0,0,0,869
08/11/2012,MEM,TN,ASO,CE,Towers with Radar,402,162,16,8,588,0,2,2,2,6,402,164,18,10,594,0,0,0,594
08/12/2012,MEM,TN,ASO,CE,Towers with Radar,295,209,30,1,535,0,6,3,0,9,295,215,33,1,544,0,0,0,544
08/13/2012,MEM,TN,ASO,CE,Towers with Radar,258,225,43,3,529,0,4,0,0,4,258,229,43,3,533,0,0,0,533
08/14/2012,MEM,TN,ASO,CE,Towers with Radar,601,223,62,1,887,0,7,12,0,19,601,230,74,1,906,0,0,0,906
08/15/2012,MEM,TN,ASO,CE,Towers with Radar,597,223,53,5,878,0,2,6,0,8,597,225,59,5,886,0,0,0,886
08/16/2012,MEM,TN,ASO,CE,Towers with Radar,590,226,57,1,874,0,4,5,0,9,590,230,62,1,883,0,0,0,883
08/17/2012,MEM,TN,ASO,CE,Towers with Radar,568,225,50,16,859,0,0,3,1,4,568,225,53,17,863,0,0,0,863
08/18/2012,MEM,TN,ASO,CE,Towers with Radar,393,139,33,5,570,0,0,1,0,1,393,139,34,5,571,0,0,0,571
08/19/2012,MEM,TN,ASO,CE,Towers with Radar,292,193,25,4,514,0,2,11,1,14,292,195,36,5,528,0,0,0,528
08/20/2012,MEM,TN,ASO,CE,Towers with Radar,250,214,42,1,507,0,1,7,1,9,250,215,49,2,516,0,0,0,516
08/21/2012,MEM,TN,ASO,CE,Towers with Radar,607,228,67,2,904,0,3,15,1,19,607,231,82,3,923,0,0,0,923
08/22/2012,MEM,TN,ASO,CE,Towers with Radar,596,235,47,3,881,0,3,17,0,20,596,238,64,3,901,0,0,0,901
08/23/2012,MEM,TN,ASO,CE,Towers with Radar,585,232,50,4,871,0,2,4,0,6,585,234,54,4,877,0,0,0,877
08/24/2012,MEM,TN,ASO,CE,Towers with Radar,567,225,45,2,839,0,6,4,0,10,567,231,49,2,849,0,0,0,849
08/25/2012,MEM,TN,ASO,CE,Towers with Radar,387,137,20,2,546,0,2,1,1,4,387,139,21,3,550,0,0,0,550
08/26/2012,MEM,TN,ASO,CE,Towers with Radar,285,196,32,2,515,0,0,2,2,4,285,196,34,4,519,0,0,0,519
08/27/2012,MEM,TN,ASO,CE,Towers with Radar,253,213,38,5,509,0,2,9,2,13,253,215,47,7,522,0,0,0,522
08/28/2012,MEM,TN,ASO,CE,Towers with Radar,603,216,55,12,886,0,2,11,1,14,603,218,66,13,900,0,0,0,900
08/29/2012,MEM,TN,ASO,CE,Towers with Radar,593,209,49,7,858,0,2,10,0,12,593,211,59,7,870,0,0,0,870
08/30/2012,MEM,TN,ASO,CE,Towers with Radar,563,210,48,0,821,0,0,2,0,2,563,210,50,0,823,0,0,0,823
08/31/2012,MEM,TN,ASO,CE,Towers with Radar,602,230,28,1,861,0,0,7,0,7,602,230,35,1,868,0,0,0,868
09/01/2012,MEM,TN,ASO,CE,Towers with Radar,397,131,21,0,549,0,1,3,0,4,397,132,24,0,553,0,0,0,553
09/02/2012,MEM,TN,ASO,CE,Towers with Radar,259,140,22,0,421,0,1,2,0,3,259,141,24,0,424,0,0,0,424
09/03/2012,MEM,TN,ASO,CE,Towers with Radar,154,204,28,1,387,0,0,7,0,7,154,204,35,1,394,0,0,0,394
09/04/2012,MEM,TN,ASO,CE,Towers with Radar,298,222,48,4,572,0,0,13,0,13,298,222,61,4,585,0,0,0,585
09/05/2012,MEM,TN,ASO,CE,Towers with Radar,628,222,55,1,906,0,0,4,0,4,628,222,59,1,910,0,0,0,910
09/06/2012,MEM,TN,ASO,CE,Towers with Radar,608,239,73,4,924,0,1,12,0,13,608,240,85,4,937,0,0,0,937
09/07/2012,MEM,TN,ASO,CE,Towers with Radar,524,224,54,10,812,0,1,6,2,9,524,225,60,12,821,0,0,0,821
09/08/2012,MEM,TN,ASO,CE,Towers with Radar,402,35,22,3,462,0,4,2,2,8,402,39,24,5,470,0,0,0,470
09/09/2012,MEM,TN,ASO,CE,Towers with Radar,295,203,35,5,538,0,3,5,0,8,295,206,40,5,546,0,0,0,546
09/10/2012,MEM,TN,ASO,CE,Towers with Radar,240,224,57,3,524,0,3,11,0,14,240,227,68,3,538,0,0,0,538
09/11/2012,MEM,TN,ASO,CE,Towers with Radar,588,235,91,5,919,0,3,14,0,17,588,238,105,5,936,0,0,0,936
09/12/2012,MEM,TN,ASO,CE,Towers with Radar,582,245,60,4,891,0,4,14,0,18,582,249,74,4,909,0,0,0,909
09/13/2012,MEM,TN,ASO,CE,Towers with Radar,602,245,65,0,912,0,0,5,0,5,602,245,70,0,917,0,0,0,917
09/14/2012,MEM,TN,ASO,CE,Towers with Radar,557,246,67,6,876,0,5,9,2,16,557,251,76,8,892,0,0,0,892
09/15/2012,MEM,TN,ASO,CE,Towers with Radar,358,51,47,0,456,0,2,6,0,8,358,53,53,0,464,0,0,0,464
09/16/2012,MEM,TN,ASO,CE,Towers with Radar,290,225,61,0,576,0,2,5,3,10,290,227,66,3,586,0,0,0,586
09/17/2012,MEM,TN,ASO,CE,Towers with Radar,234,216,44,4,498,0,0,0,0,0,234,216,44,4,498,0,0,0,498
09/18/2012,MEM,TN,ASO,CE,Towers with Radar,587,232,61,4,884,0,1,6,4,11,587,233,67,8,895,0,0,0,895
09/19/2012,MEM,TN,ASO,CE,Towers with Radar,585,227,67,1,880,0,2,18,5,25,585,229,85,6,905,0,0,0,905
09/20/2012,MEM,TN,ASO,CE,Towers with Radar,582,233,76,2,893,0,3,10,4,17,582,236,86,6,910,0,0,0,910
09/21/2012,MEM,TN,ASO,CE,Towers with Radar,560,230,67,4,861,0,3,7,0,10,560,233,74,4,871,0,0,0,871
09/22/2012,MEM,TN,ASO,CE,Towers with Radar,361,33,47,3,444,0,3,5,1,9,361,36,52,4,453,0,0,0,453
09/23/2012,MEM,TN,ASO,CE,Towers with Radar,295,196,59,3,553,0,3,6,1,10,295,199,65,4,563,0,0,0,563
09/24/2012,MEM,TN,ASO,CE,Towers with Radar,241,217,87,2,547,0,2,12,0,14,241,219,99,2,561,0,0,0,561
09/25/2012,MEM,TN,ASO,CE,Towers with Radar,596,230,80,1,907,0,2,4,0,6,596,232,84,1,913,0,0,0,913
09/26/2012,MEM,TN,ASO,CE,Towers with Radar,593,232,45,1,871,0,1,6,1,8,593,233,51,2,879,0,0,0,879
09/27/2012,MEM,TN,ASO,CE,Towers with Radar,591,229,58,5,883,0,0,6,0,6,591,229,64,5,889,0,0,0,889
09/28/2012,MEM,TN,ASO,CE,Towers with Radar,560,233,56,5,854,0,0,12,0,12,560,233,68,5,866,0,0,0,866
09/29/2012,MEM,TN,ASO,CE,Towers with Radar,364,42,32,5,443,0,7,4,0,11,364,49,36,5,454,0,0,0,454
09/30/2012,MEM,TN,ASO,CE,Towers with Radar,292,196,23,0,511,0,1,2,0,3,292,197,25,0,514,0,0,0,514
10/01/2012,MEM,TN,ASO,CE,Towers with Radar,239,200,44,3,486,0,0,1,0,1,239,200,45,3,487,0,0,0,487
10/02/2012,MEM,TN,ASO,CE,Towers with Radar,621,217,59,3,900,0,1,4,1,6,621,218,63,4,906,0,0,0,906
10/03/2012,MEM,TN,ASO,CE,Towers with Radar,605,222,59,5,891,0,3,16,3,22,605,225,75,8,913,0,0,0,913
10/04/2012,MEM,TN,ASO,CE,Towers with Radar,591,216,76,5,888,0,5,15,1,21,591,221,91,6,909,0,0,0,909
10/05/2012,MEM,TN,ASO,CE,Towers with Radar,561,211,38,11,821,0,1,8,2,11,561,212,46,13,832,0,0,0,832
10/06/2012,MEM,TN,ASO,CE,Towers with Radar,365,39,29,5,438,0,2,1,0,3,365,41,30,5,441,0,0,0,441
10/07/2012,MEM,TN,ASO,CE,Towers with Radar,288,193,43,0,524,0,2,7,0,9,288,195,50,0,533,0,0,0,533
10/08/2012,MEM,TN,ASO,CE,Towers with Radar,251,208,49,3,511,0,1,7,0,8,251,209,56,3,519,0,0,0,519
10/09/2012,MEM,TN,ASO,CE,Towers with Radar,572,212,65,13,862,0,0,9,0,9,572,212,74,13,871,0,0,0,871
10/10/2012,MEM,TN,ASO,CE,Towers with Radar,611,206,67,3,887,0,2,15,1,18,611,208,82,4,905,0,0,0,905
10/11/2012,MEM,TN,ASO,CE,Towers with Radar,601,214,72,0,887,0,0,5,1,6,601,214,77,1,893,0,0,0,893
10/12/2012,MEM,TN,ASO,CE,Towers with Radar,559,218,37,3,817,0,1,9,0,10,559,219,46,3,827,0,0,0,827
10/13/2012,MEM,TN,ASO,CE,Towers with Radar,366,44,17,1,428,0,1,4,0,5,366,45,21,1,433,0,0,0,433
10/14/2012,MEM,TN,ASO,CE,Towers with Radar,290,187,26,0,503,0,2,2,2,6,290,189,28,2,509,0,0,0,509
10/15/2012,MEM,TN,ASO,CE,Towers with Radar,246,195,59,0,500,0,2,9,2,13,246,197,68,2,513,0,0,0,513
10/16/2012,MEM,TN,ASO,CE,Towers with Radar,603,208,53,1,865,0,4,14,4,22,603,212,67,5,887,0,0,0,887
10/17/2012,MEM,TN,ASO,CE,Towers with Radar,542,198,57,8,805,0,4,5,2,11,542,202,62,10,816,0,0,0,816
10/18/2012,MEM,TN,ASO,CE,Towers with Radar,647,222,72,4,945,0,8,8,0,16,647,230,80,4,961,0,0,0,961
10/19/2012,MEM,TN,ASO,CE,Towers with Radar,564,216,64,0,844,0,3,10,0,13,564,219,74,0,857,0,0,0,857
10/20/2012,MEM,TN,ASO,CE,Towers with Radar,356,40,34,5,435,0,2,7,0,9,356,42,41,5,444,0,0,0,444
10/21/2012,MEM,TN,ASO,CE,Towers with Radar,289,191,30,6,516,0,3,4,0,7,289,194,34,6,523,0,0,0,523
10/22/2012,MEM,TN,ASO,CE,Towers with Radar,254,196,55,7,512,0,8,8,0,16,254,204,63,7,528,0,0,0,528
10/23/2012,MEM,TN,ASO,CE,Towers with Radar,613,214,62,0,889,0,0,20,0,20,613,214,82,0,909,0,0,0,909
10/24/2012,MEM,TN,ASO,CE,Towers with Radar,601,209,74,6,890,0,1,18,1,20,601,210,92,7,910,0,0,0,910
10/25/2012,MEM,TN,ASO,CE,Towers with Radar,606,213,70,8,897,0,2,12,2,16,606,215,82,10,913,0,0,0,913
10/26/2012,MEM,TN,ASO,CE,Towers with Radar,576,218,48,6,848,0,0,0,0,0,576,218,48,6,848,0,0,0,848
10/27/2012,MEM,TN,ASO,CE,Towers with Radar,360,38,21,2,421,0,4,10,0,14,360,42,31,2,435,0,0,0,435
10/28/2012,MEM,TN,ASO,CE,Towers with Radar,290,196,38,2,526,0,5,5,0,10,290,201,43,2,536,0,0,0,536
10/29/2012,MEM,TN,ASO,CE,Towers with Radar,222,186,65,0,473,0,8,7,0,15,222,194,72,0,488,0,0,0,488
10/30/2012,MEM,TN,ASO,CE,Towers with Radar,554,193,49,0,796,0,5,4,2,11,554,198,53,2,807,0,0,0,807
10/31/2012,MEM,TN,ASO,CE,Towers with Radar,557,152,36,8,753,0,4,1,2,7,557,156,37,10,760,0,0,0,760
11/01/2012,MEM,TN,ASO,CE,Towers with Radar,610,209,59,5,883,0,6,3,0,9,610,215,62,5,892,0,0,0,892
11/02/2012,MEM,TN,ASO,CE,Towers with Radar,579,216,42,1,838,0,6,5,0,11,579,222,47,1,849,0,0,0,849
11/03/2012,MEM,TN,ASO,CE,Towers with Radar,367,39,22,0,428,0,1,8,4,13,367,40,30,4,441,0,0,0,441
11/04/2012,MEM,TN,ASO,CE,Towers with Radar,294,183,45,0,522,0,1,4,0,5,294,184,49,0,527,0,0,0,527
11/05/2012,MEM,TN,ASO,CE,Towers with Radar,250,210,74,2,536,0,3,5,0,8,250,213,79,2,544,0,0,0,544
11/06/2012,MEM,TN,ASO,CE,Towers with Radar,561,88,51,4,704,0,0,7,0,7,561,88,58,4,711,0,0,0,711
11/07/2012,MEM,TN,ASO,CE,Towers with Radar,597,204,54,1,856,0,2,8,0,10,597,206,62,1,866,0,0,0,866
11/08/2012,MEM,TN,ASO,CE,Towers with Radar,604,219,74,2,899,0,3,9,0,12,604,222,83,2,911,0,0,0,911
11/09/2012,MEM,TN,ASO,CE,Towers with Radar,564,217,66,4,851,0,2,6,0,8,564,219,72,4,859,0,0,0,859
11/10/2012,MEM,TN,ASO,CE,Towers with Radar,352,36,39,8,435,0,3,5,0,8,352,39,44,8,443,0,0,0,443
11/11/2012,MEM,TN,ASO,CE,Towers with Radar,300,188,38,2,528,0,0,0,0,0,300,188,38,2,528,0,0,0,528
11/12/2012,MEM,TN,ASO,CE,Towers with Radar,242,202,63,4,511,0,2,6,1,9,242,204,69,5,520,0,0,0,520
11/13/2012,MEM,TN,ASO,CE,Towers with Radar,603,217,55,0,875,0,3,12,0,15,603,220,67,0,890,0,0,0,890
11/14/2012,MEM,TN,ASO,CE,Towers with Radar,619,211,64,2,896,0,4,11,1,16,619,215,75,3,912,0,0,0,912
11/15/2012,MEM,TN,ASO,CE,Towers with Radar,611,206,62,2,881,0,5,6,1,12,611,211,68,3,893,0,0,0,893
11/16/2012,MEM,TN,ASO,CE,Towers with Radar,577,225,62,10,874,0,5,11,3,19,577,230,73,13,893,0,0,0,893
11/17/2012,MEM,TN,ASO,CE,Towers with Radar,360,51,32,4,447,0,2,4,0,6,360,53,36,4,453,0,0,0,453
11/18/2012,MEM,TN,ASO,CE,Towers with Radar,301,137,47,4,489,0,4,12,2,18,301,141,59,6,507,0,0,0,507
11/19/2012,MEM,TN,ASO,CE,Towers with Radar,230,143,41,4,418,0,5,9,0,14,230,148,50,4,432,0,0,0,432
11/20/2012,MEM,TN,ASO,CE,Towers with Radar,649,214,60,2,925,0,4,6,0,10,649,218,66,2,935,0,0,0,935
11/21/2012,MEM,TN,ASO,CE,Towers with Radar,630,210,33,1,874,0,3,6,0,9,630,213,39,1,883,0,0,0,883
11/22/2012,MEM,TN,ASO,CE,Towers with Radar,136,43,9,0,188,0,3,4,0,7,136,46,13,0,195,0,0,0,195
11/23/2012,MEM,TN,ASO,CE,Towers with Radar,474,41,24,0,539,0,4,3,0,7,474,45,27,0,546,0,0,0,546
11/24/2012,MEM,TN,ASO,CE,Towers with Radar,387,133,36,0,556,0,4,8,0,12,387,137,44,0,568,0,0,0,568
11/25/2012,MEM,TN,ASO,CE,Towers with Radar,299,193,35,0,527,0,3,3,0,6,299,196,38,0,533,0,0,0,533
11/26/2012,MEM,TN,ASO,CE,Towers with Radar,223,209,56,0,488,0,0,0,0,0,223,209,56,0,488,0,0,0,488
11/27/2012,MEM,TN,ASO,CE,Towers with Radar,652,214,80,1,947,0,2,7,0,9,652,216,87,1,956,0,0,0,956
11/28/2012,MEM,TN,ASO,CE,Towers with Radar,645,196,55,7,903,0,3,7,0,10,645,199,62,7,913,0,0,0,913
11/29/2012,MEM,TN,ASO,CE,Towers with Radar,643,212,66,1,922,0,6,12,0,18,643,218,78,1,940,0,0,0,940
11/30/2012,MEM,TN,ASO,CE,Towers with Radar,611,222,59,4,896,0,4,11,0,15,611,226,70,4,911,0,0,0,911
12/01/2012,MEM,TN,ASO,CE,Towers with Radar,381,37,20,4,442,0,4,8,2,14,381,41,28,6,456,0,0,0,456
12/02/2012,MEM,TN,ASO,CE,Towers with Radar,321,170,17,6,514,0,3,5,2,10,321,173,22,8,524,0,0,0,524
12/03/2012,MEM,TN,ASO,CE,Towers with Radar,250,186,59,7,502,0,3,7,0,10,250,189,66,7,512,0,0,0,512
12/04/2012,MEM,TN,ASO,CE,Towers with Radar,637,205,52,2,896,0,0,1,0,1,637,205,53,2,897,0,0,0,897
12/05/2012,MEM,TN,ASO,CE,Towers with Radar,672,202,69,4,947,0,2,4,0,6,672,204,73,4,953,0,0,0,953
12/06/2012,MEM,TN,ASO,CE,Towers with Radar,644,218,77,1,940,0,0,2,0,2,644,218,79,1,942,0,0,0,942
12/07/2012,MEM,TN,ASO,CE,Towers with Radar,595,211,68,8,882,0,0,4,0,4,595,211,72,8,886,0,0,0,886
12/08/2012,MEM,TN,ASO,CE,Towers with Radar,394,35,19,0,448,0,0,0,0,0,394,35,19,0,448,0,0,0,448
12/09/2012,MEM,TN,ASO,CE,Towers with Radar,355,172,36,0,563,0,1,0,0,1,355,173,36,0,564,0,0,0,564
12/10/2012,MEM,TN,ASO,CE,Towers with Radar,237,190,59,6,492,0,1,2,0,3,237,191,61,6,495,0,0,0,495
12/11/2012,MEM,TN,ASO,CE,Towers with Radar,685,202,59,6,952,0,3,11,0,14,685,205,70,6,966,0,0,0,966
12/12/2012,MEM,TN,ASO,CE,Towers with Radar,692,206,68,6,972,0,6,7,2,15,692,212,75,8,987,0,0,0,987
12/13/2012,MEM,TN,ASO,CE,Towers with Radar,672,200,63,4,939,0,6,20,3,29,672,206,83,7,968,0,0,0,968
12/14/2012,MEM,TN,ASO,CE,Towers with Radar,622,195,64,3,884,0,10,10,1,21,622,205,74,4,905,0,0,0,905
12/15/2012,MEM,TN,ASO,CE,Towers with Radar,450,33,13,3,499,0,1,0,0,1,450,34,13,3,500,0,0,0,500
12/16/2012,MEM,TN,ASO,CE,Towers with Radar,367,165,22,2,556,0,1,0,0,1,367,166,22,2,557,0,0,0,557
12/17/2012,MEM,TN,ASO,CE,Towers with Radar,312,195,57,1,565,0,1,2,0,3,312,196,59,1,568,0,0,0,568
12/18/2012,MEM,TN,ASO,CE,Towers with Radar,705,207,48,2,962,0,2,5,1,8,705,209,53,3,970,0,0,0,970
12/19/2012,MEM,TN,ASO,CE,Towers with Radar,685,210,44,4,943,0,3,0,0,3,685,213,44,4,946,0,0,0,946
12/20/2012,MEM,TN,ASO,CE,Towers with Radar,712,198,40,3,953,0,4,5,0,9,712,202,45,3,962,0,0,0,962
12/21/2012,MEM,TN,ASO,CE,Towers with Radar,704,204,44,4,956,0,5,13,0,18,704,209,57,4,974,0,0,0,974
12/22/2012,MEM,TN,ASO,CE,Towers with Radar,487,51,25,0,563,0,7,2,0,9,487,58,27,0,572,0,0,0,572
12/23/2012,MEM,TN,ASO,CE,Towers with Radar,325,51,18,0,394,0,0,1,0,1,325,51,19,0,395,0,0,0,395
12/24/2012,MEM,TN,ASO,CE,Towers with Radar,183,44,8,0,235,0,1,1,0,2,183,45,9,0,237,0,0,0,237
12/25/2012,MEM,TN,ASO,CE,Towers with Radar,126,40,6,0,172,0,0,0,0,0,126,40,6,0,172,0,0,0,172
12/26/2012,MEM,TN,ASO,CE,Towers with Radar,520,180,27,2,729,0,1,0,0,1,520,181,27,2,730,0,0,0,730
12/27/2012,MEM,TN,ASO,CE,Towers with Radar,618,212,34,2,866,0,5,3,0,8,618,217,37,2,874,0,0,0,874
12/28/2012,MEM,TN,ASO,CE,Towers with Radar,592,207,26,0,825,0,0,0,0,0,592,207,26,0,825,0,0,0,825
12/29/2012,MEM,TN,ASO,CE,Towers with Radar,390,53,19,0,462,0,4,1,0,5,390,57,20,0,467,0,0,0,467
12/30/2012,MEM,TN,ASO,CE,Towers with Radar,242,52,23,0,317,0,3,12,0,15,242,55,35,0,332,0,0,0,332
12/31/2012,MEM,TN,ASO,CE,Towers with Radar,164,56,19,0,239,0,1,3,0,4,164,57,22,0,243,0,0,0,243
01/01/2013,MEM,TN,ASO,CE,Towers with Radar,144,56,18,0,218,0,0,0,0,0,144,56,18,0,218,0,0,0,218
01/02/2013,MEM,TN,ASO,CE,Towers with Radar,529,193,35,7,764,0,2,4,1,7,529,195,39,8,771,0,0,0,771
01/03/2013,MEM,TN,ASO,CE,Towers with Radar,610,184,42,0,836,0,6,4,2,12,610,190,46,2,848,0,0,0,848
01/04/2013,MEM,TN,ASO,CE,Towers with Radar,563,175,40,5,783,0,5,10,3,18,563,180,50,8,801,0,0,0,801
01/05/2013,MEM,TN,ASO,CE,Towers with Radar,345,38,28,0,411,0,3,1,0,4,345,41,29,0,415,0,0,0,415
01/06/2013,MEM,TN,ASO,CE,Towers with Radar,277,144,15,0,436,0,2,0,2,4,277,146,15,2,440,0,0,0,440
01/07/2013,MEM,TN,ASO,CE,Towers with Radar,245,157,26,1,429,0,4,15,0,19,245,161,41,1,448,0,0,0,448
01/08/2013,MEM,TN,ASO,CE,Towers with Radar,583,180,41,7,811,0,1,17,2,20,583,181,58,9,831,0,0,0,831
01/09/2013,MEM,TN,ASO,CE,Towers with Radar,583,172,42,0,797,0,0,0,0,0,583,172,42,0,797,0,0,0,797
01/10/2013,MEM,TN,ASO,CE,Towers with Radar,576,177,33,0,786,0,0,3,0,3,576,177,36,0,789,0,0,0,789
01/11/2013,MEM,TN,ASO,CE,Towers with Radar,568,171,41,7,787,0,9,8,1,18,568,180,49,8,805,0,0,0,805
01/12/2013,MEM,TN,ASO,CE,Towers with Radar,354,45,27,1,427,0,0,0,0,0,354,45,27,1,427,0,0,0,427
01/13/2013,MEM,TN,ASO,CE,Towers with Radar,278,143,33,0,454,0,0,0,0,0,278,143,33,0,454,0,0,0,454
01/14/2013,MEM,TN,ASO,CE,Towers with Radar,229,150,53,0,432,0,0,9,0,9,229,150,62,0,441,0,0,0,441
01/15/2013,MEM,TN,ASO,CE,Towers with Radar,537,121,51,2,711,0,0,0,0,0,537,121,51,2,711,0,0,0,711
01/16/2013,MEM,TN,ASO,CE,Towers with Radar,640,155,60,4,859,0,0,8,1,9,640,155,68,5,868,0,0,0,868
01/17/2013,MEM,TN,ASO,CE,Towers with Radar,599,169,55,0,823,0,2,7,2,11,599,171,62,2,834,0,0,0,834
01/18/2013,MEM,TN,ASO,CE,Towers with Radar,563,185,53,1,802,0,3,13,1,17,563,188,66,2,819,0,0,0,819
01/19/2013,MEM,TN,ASO,CE,Towers with Radar,354,34,14,2,404,0,5,5,0,10,354,39,19,2,414,0,0,0,414
01/20/2013,MEM,TN,ASO,CE,Towers with Radar,237,47,22,1,307,1,2,5,0,8,238,49,27,1,315,0,0,0,315
01/21/2013,MEM,TN,ASO,CE,Towers with Radar,241,158,43,3,445,0,3,7,0,10,241,161,50,3,455,0,0,0,455
01/22/2013,MEM,TN,ASO,CE,Towers with Radar,581,184,63,2,830,0,3,13,0,16,581,187,76,2,846,0,0,0,846
01/23/2013,MEM,TN,ASO,CE,Towers with Radar,598,180,45,0,823,0,5,19,0,24,598,185,64,0,847,0,0,0,847
01/24/2013,MEM,TN,ASO,CE,Towers with Radar,578,179,48,2,807,0,1,4,0,5,578,180,52,2,812,0,0,0,812
01/25/2013,MEM,TN,ASO,CE,Towers with Radar,550,161,35,0,746,0,3,5,1,9,550,164,40,1,755,0,0,0,755
01/26/2013,MEM,TN,ASO,CE,Towers with Radar,357,41,20,3,421,0,4,0,0,4,357,45,20,3,425,0,0,0,425
01/27/2013,MEM,TN,ASO,CE,Towers with Radar,275,147,30,8,460,0,0,0,0,0,275,147,30,8,460,0,0,0,460
01/28/2013,MEM,TN,ASO,CE,Towers with Radar,231,158,29,4,422,0,1,1,0,2,231,159,30,4,424,0,0,0,424
01/29/2013,MEM,TN,ASO,CE,Towers with Radar,527,171,51,4,753,0,0,2,0,2,527,171,53,4,755,0,0,0,755
01/30/2013,MEM,TN,ASO,CE,Towers with Radar,637,162,69,0,868,0,0,1,0,1,637,162,70,0,869,0,0,0,869
01/31/2013,MEM,TN,ASO,CE,Towers with Radar,592,162,48,0,802,0,4,11,0,15,592,166,59,0,817,0,0,0,817
02/01/2013,MEM,TN,ASO,CE,Towers with Radar,581,160,42,3,786,0,3,4,3,10,581,163,46,6,796,0,0,0,796
02/02/2013,MEM,TN,ASO,CE,Towers with Radar,350,38,21,4,413,0,7,5,0,12,350,45,26,4,425,0,0,0,425
02/03/2013,MEM,TN,ASO,CE,Towers with Radar,231,53,9,1,294,0,0,0,1,1,231,53,9,2,295,0,0,0,295
02/04/2013,MEM,TN,ASO,CE,Towers with Radar,234,161,57,1,453,0,0,6,0,6,234,161,63,1,459,0,0,0,459
02/05/2013,MEM,TN,ASO,CE,Towers with Radar,585,175,70,2,832,0,1,6,0,7,585,176,76,2,839,0,0,0,839
02/06/2013,MEM,TN,ASO,CE,Towers with Radar,591,196,65,2,854,0,1,18,0,19,591,197,83,2,873,0,0,0,873
02/07/2013,MEM,TN,ASO,CE,Towers with Radar,586,177,58,0,821,0,3,2,1,6,586,180,60,1,827,0,0,0,827
02/08/2013,MEM,TN,ASO,CE,Towers with Radar,544,184,59,2,789,0,0,7,0,7,544,184,66,2,796,0,0,0,796
02/09/2013,MEM,TN,ASO,CE,Towers with Radar,346,38,33,7,424,0,6,8,0,14,346,44,41,7,438,0,0,0,438
02/10/2013,MEM,TN,ASO,CE,Towers with Radar,289,157,28,0,474,0,0,0,0,0,289,157,28,0,474,0,0,0,474
02/11/2013,MEM,TN,ASO,CE,Towers with Radar,235,162,53,1,451,0,4,14,1,19,235,166,67,2,470,0,0,0,470
02/12/2013,MEM,TN,ASO,CE,Towers with Radar,612,177,55,7,851,0,2,5,0,7,612,179,60,7,858,0,0,0,858
02/13/2013,MEM,TN,ASO,CE,Towers with Radar,621,175,53,3,852,0,0,2,0,2,621,175,55,3,854,0,0,0,854
02/14/2013,MEM,TN,ASO,CE,Towers with Radar,607,187,48,0,842,0,2,11,0,13,607,189,59,0,855,0,0,0,855
02/15/2013,MEM,TN,ASO,CE,Towers with Radar,566,181,45,2,794,0,7,12,0,19,566,188,57,2,813,0,0,0,813
02/16/2013,MEM,TN,ASO,CE,Towers with Radar,339,40,16,4,399,0,3,14,0,17,339,43,30,4,416,0,0,0,416
02/17/2013,MEM,TN,ASO,CE,Towers with Radar,223,58,27,4,312,0,4,3,0,7,223,62,30,4,319,0,0,0,319
02/18/2013,MEM,TN,ASO,CE,Towers with Radar,234,169,36,2,441,0,2,6,1,9,234,171,42,3,450,0,0,0,450
02/19/2013,MEM,TN,ASO,CE,Towers with Radar,576,163,58,5,802,0,3,18,0,21,576,166,76,5,823,0,0,0,823
02/20/2013,MEM,TN,ASO,CE,Towers with Radar,598,177,70,0,845,0,0,11,0,11,598,177,81,0,856,0,0,0,856
02/21/2013,MEM,TN,ASO,CE,Towers with Radar,566,163,57,0,786,0,2,2,0,4,566,165,59,0,790,0,0,0,790
02/22/2013,MEM,TN,ASO,CE,Towers with Radar,568,167,58,2,795,0,2,2,0,4,568,169,60,2,799,0,0,0,799
02/23/2013,MEM,TN,ASO,CE,Towers with Radar,356,46,9,0,411,0,12,6,0,18,356,58,15,0,429,0,0,0,429
02/24/2013,MEM,TN,ASO,CE,Towers with Radar,276,139,29,2,446,0,4,2,0,6,276,143,31,2,452,0,0,0,452
02/25/2013,MEM,TN,ASO,CE,Towers with Radar,222,140,38,2,402,0,4,2,0,6,222,144,40,2,408,0,0,0,408
02/26/2013,MEM,TN,ASO,CE,Towers with Radar,606,176,47,1,830,0,3,2,0,5,606,179,49,1,835,0,0,0,835
02/27/2013,MEM,TN,ASO,CE,Towers with Radar,619,160,43,3,825,0,1,4,0,5,619,161,47,3,830,0,0,0,830
02/28/2013,MEM,TN,ASO,CE,Towers with Radar,600,171,48,4,823,0,2,8,0,10,600,173,56,4,833,0,0,0,833
03/01/2013,MEM,TN,ASO,CE,Towers with Radar,551,175,54,2,782,0,4,5,0,9,551,179,59,2,791,0,0,0,791
03/02/2013,MEM,TN,ASO,CE,Towers with Radar,349,48,18,0,415,0,4,3,0,7,349,52,21,0,422,0,0,0,422
03/03/2013,MEM,TN,ASO,CE,Towers with Radar,268,152,25,0,445,0,3,5,0,8,268,155,30,0,453,0,0,0,453
03/04/2013,MEM,TN,ASO,CE,Towers with Radar,234,173,42,0,449,0,2,7,0,9,234,175,49,0,458,0,0,0,458
03/05/2013,MEM,TN,ASO,CE,Towers with Radar,591,175,64,2,832,0,1,3,0,4,591,176,67,2,836,0,0,0,836
03/06/2013,MEM,TN,ASO,CE,Towers with Radar,576,170,71,2,819,0,8,18,0,26,576,178,89,2,845,0,0,0,845
03/07/2013,MEM,TN,ASO,CE,Towers with Radar,566,186,51,0,803,0,8,14,0,22,566,194,65,0,825,8,0,8,833
03/08/2013,MEM,TN,ASO,CE,Towers with Radar,548,178,50,9,785,0,6,15,0,21,548,184,65,9,806,0,10,10,816
03/09/2013,MEM,TN,ASO,CE,Towers with Radar,346,43,41,0,430,0,5,7,0,12,346,48,48,0,442,12,0,12,454
03/10/2013,MEM,TN,ASO,CE,Towers with Radar,268,151,34,4,457,0,1,3,0,4,268,152,37,4,461,0,30,30,491
03/11/2013,MEM,TN,ASO,CE,Towers with Radar,235,175,41,4,455,0,0,1,0,1,235,175,42,4,456,6,0,6,462
03/12/2013,MEM,TN,ASO,CE,Towers with Radar,512,174,36,2,724,0,7,13,1,21,512,181,49,3,745,0,0,0,745
03/13/2013,MEM,TN,ASO,CE,Towers with Radar,581,179,54,2,816,0,2,13,0,15,581,181,67,2,831,8,0,8,839
03/14/2013,MEM,TN,ASO,CE,Towers with Radar,579,181,39,0,799,0,6,10,2,18,579,187,49,2,817,5,0,5,822
03/15/2013,MEM,TN,ASO,CE,Towers with Radar,546,178,58,8,790,0,7,10,2,19,546,185,68,10,809,0,0,0,809
03/16/2013,MEM,TN,ASO,CE,Towers with Radar,345,55,28,10,438,0,4,8,0,12,345,59,36,10,450,0,0,0,450
03/17/2013,MEM,TN,ASO,CE,Towers with Radar,284,168,37,2,491,0,0,5,1,6,284,168,42,3,497,0,0,0,497
03/18/2013,MEM,TN,ASO,CE,Towers with Radar,219,171,32,1,423,0,0,3,0,3,219,171,35,1,426,0,0,0,426
03/19/2013,MEM,TN,ASO,CE,Towers with Radar,585,185,56,3,829,0,11,5,0,16,585,196,61,3,845,0,0,0,845
03/20/2013,MEM,TN,ASO,CE,Towers with Radar,588,176,50,0,814,0,3,12,2,17,588,179,62,2,831,0,0,0,831
03/21/2013,MEM,TN,ASO,CE,Towers with Radar,574,183,42,3,802,0,0,8,5,13,574,183,50,8,815,0,0,0,815
03/22/2013,MEM,TN,ASO,CE,Towers with Radar,549,167,35,4,755,0,1,0,0,1,549,168,35,4,756,0,0,0,756
03/23/2013,MEM,TN,ASO,CE,Towers with Radar,372,47,27,0,446,0,1,0,0,1,372,48,27,0,447,0,0,0,447
03/24/2013,MEM,TN,ASO,CE,Towers with Radar,280,154,30,2,466,0,0,0,1,1,280,154,30,3,467,0,0,0,467
03/25/2013,MEM,TN,ASO,CE,Towers with Radar,233,168,64,2,467,0,0,5,0,5,233,168,69,2,472,0,0,0,472
03/26/2013,MEM,TN,ASO,CE,Towers with Radar,591,183,64,0,838,0,1,13,0,14,591,184,77,0,852,0,0,0,852
03/27/2013,MEM,TN,ASO,CE,Towers with Radar,594,181,66,0,841,0,2,39,0,41,594,183,105,0,882,0,0,0,882
03/28/2013,MEM,TN,ASO,CE,Towers with Radar,592,181,65,2,840,0,6,8,1,15,592,187,73,3,855,2,0,2,857
03/29/2013,MEM,TN,ASO,CE,Towers with Radar,536,182,42,2,762,0,0,3,1,4,536,182,45,3,766,0,0,0,766
03/30/2013,MEM,TN,ASO,CE,Towers with Radar,355,46,17,2,420,0,1,0,0,1,355,47,17,2,421,0,0,0,421
03/31/2013,MEM,TN,ASO,CE,Towers with Radar,272,155,20,0,447,0,0,1,0,1,272,155,21,0,448,0,0,0,448
04/01/2013,MEM,TN,ASO,CE,Towers with Radar,238,175,35,0,448,0,1,10,0,11,238,176,45,0,459,0,0,0,459
04/02/2013,MEM,TN,ASO,CE,Towers with Radar,576,178,51,4,809,0,0,5,0,5,576,178,56,4,814,0,0,0,814
04/03/2013,MEM,TN,ASO,CE,Towers with Radar,587,190,64,2,843,0,1,10,0,11,587,191,74,2,854,0,0,0,854
04/04/2013,MEM,TN,ASO,CE,Towers with Radar,536,181,64,4,785,0,0,0,0,0,536,181,64,4,785,0,0,0,785
04/05/2013,MEM,TN,ASO,CE,Towers with Radar,594,202,56,0,852,0,2,9,0,11,594,204,65,0,863,0,0,0,863
04/06/2013,MEM,TN,ASO,CE,Towers with Radar,342,41,22,0,405,0,7,16,0,23,342,48,38,0,428,0,0,0,428
04/07/2013,MEM,TN,ASO,CE,Towers with Radar,278,159,35,4,476,0,1,0,0,1,278,160,35,4,477,0,0,0,477
04/08/2013,MEM,TN,ASO,CE,Towers with Radar,238,163,49,2,452,0,2,9,0,11,238,165,58,2,463,0,0,0,463
04/09/2013,MEM,TN,ASO,CE,Towers with Radar,574,165,64,2,805,0,4,1,0,5,574,169,65,2,810,0,0,0,810
04/10/2013,MEM,TN,ASO,CE,Towers with Radar,554,177,58,2,791,0,3,5,0,8,554,180,63,2,799,0,0,0,799
04/11/2013,MEM,TN,ASO,CE,Towers with Radar,601,165,52,0,818,0,0,3,0,3,601,165,55,0,821,0,0,0,821
04/12/2013,MEM,TN,ASO,CE,Towers with Radar,553,177,61,5,796,0,7,20,0,27,553,184,81,5,823,0,0,0,823
04/13/2013,MEM,TN,ASO,CE,Towers with Radar,347,42,31,2,422,0,7,9,0,16,347,49,40,2,438,0,0,0,438
04/14/2013,MEM,TN,ASO,CE,Towers with Radar,267,151,32,6,456,0,5,8,0,13,267,156,40,6,469,0,0,0,469
04/15/2013,MEM,TN,ASO,CE,Towers with Radar,231,157,57,3,448,0,4,4,0,8,231,161,61,3,456,0,2,2,458
04/16/2013,MEM,TN,ASO,CE,Towers with Radar,582,179,74,4,839,0,1,6,0,7,582,180,80,4,846,0,0,0,846
04/17/2013,MEM,TN,ASO,CE,Towers with Radar,576,187,80,10,853,0,0,16,2,18,576,187,96,12,871,0,0,0,871
04/18/2013,MEM,TN,ASO,CE,Towers with Radar,583,172,42,0,797,0,0,2,0,2,583,172,44,0,799,0,0,0,799
04/19/2013,MEM,TN,ASO,CE,Towers with Radar,549,157,51,5,762,0,5,4,1,10,549,162,55,6,772,0,0,0,772
04/20/2013,MEM,TN,ASO,CE,Towers with Radar,351,36,14,2,403,0,8,6,0,14,351,44,20,2,417,4,0,4,421
04/21/2013,MEM,TN,ASO,CE,Towers with Radar,271,156,37,3,467,0,5,6,2,13,271,161,43,5,480,0,0,0,480
04/22/2013,MEM,TN,ASO,CE,Towers with Radar,249,158,51,4,462,0,2,10,0,12,249,160,61,4,474,0,0,0,474
04/23/2013,MEM,TN,ASO,CE,Towers with Radar,574,180,69,6,829,0,2,5,1,8,574,182,74,7,837,0,0,0,837
04/24/2013,MEM,TN,ASO,CE,Towers with Radar,586,172,77,0,835,0,3,5,0,8,586,175,82,0,843,0,0,0,843
04/25/2013,MEM,TN,ASO,CE,Towers with Radar,582,185,55,6,828,0,6,10,0,16,582,191,65,6,844,0,0,0,844
04/26/2013,MEM,TN,ASO,CE,Towers with Radar,555,179,49,2,785,0,2,10,1,13,555,181,59,3,798,0,0,0,798
04/27/2013,MEM,TN,ASO,CE,Towers with Radar,341,45,18,1,405,0,2,0,0,2,341,47,18,1,407,0,0,0,407
04/28/2013,MEM,TN,ASO,CE,Towers with Radar,273,157,36,3,469,4,1,2,3,10,277,158,38,6,479,6,0,6,485
04/29/2013,MEM,TN,ASO,CE,Towers with Radar,255,162,59,8,484,0,9,20,0,29,255,171,79,8,513,0,0,0,513
04/30/2013,MEM,TN,ASO,CE,Towers with Radar,590,167,68,2,827,4,3,6,0,13,594,170,74,2,840,0,0,0,840
05/01/2013,MEM,TN,ASO,CE,Towers with Radar,572,176,72,6,826,0,3,7,0,10,572,179,79,6,836,12,0,12,848
05/02/2013,MEM,TN,ASO,CE,Towers with Radar,549,189,67,2,807,0,0,2,2,4,549,189,69,4,811,0,0,0,811
05/03/2013,MEM,TN,ASO,CE,Towers with Radar,584,162,46,1,793,0,1,2,0,3,584,163,48,1,796,0,0,0,796
05/04/2013,MEM,TN,ASO,CE,Towers with Radar,342,42,33,5,422,0,2,5,3,10,342,44,38,8,432,0,0,0,432
05/05/2013,MEM,TN,ASO,CE,Towers with Radar,276,141,23,2,442,0,2,0,0,2,276,143,23,2,444,0,0,0,444
05/06/2013,MEM,TN,ASO,CE,Towers with Radar,244,158,51,3,456,0,0,4,0,4,244,158,55,3,460,0,0,0,460
05/07/2013,MEM,TN,ASO,CE,Towers with Radar,581,171,42,4,798,0,1,11,0,12,581,172,53,4,810,0,0,0,810
05/08/2013,MEM,TN,ASO,CE,Towers with Radar,588,174,43,4,809,0,4,9,3,16,588,178,52,7,825,0,0,0,825
05/09/2013,MEM,TN,ASO,CE,Towers with Radar,584,184,54,6,828,0,2,6,2,10,584,186,60,8,838,0,0,0,838
05/10/2013,MEM,TN,ASO,CE,Towers with Radar,571,166,53,2,792,0,1,1,0,2,571,167,54,2,794,0,0,0,794
05/11/2013,MEM,TN,ASO,CE,Towers with Radar,353,43,30,1,427,0,10,3,0,13,353,53,33,1,440,0,0,0,440
05/12/2013,MEM,TN,ASO,CE,Towers with Radar,273,138,29,6,446,0,1,9,1,11,273,139,38,7,457,0,0,0,457
05/13/2013,MEM,TN,ASO,CE,Towers with Radar,232,170,45,0,447,0,3,7,0,10,232,173,52,0,457,0,0,0,457
05/14/2013,MEM,TN,ASO,CE,Towers with Radar,598,173,70,2,843,0,5,6,0,11,598,178,76,2,854,0,0,0,854
05/15/2013,MEM,TN,ASO,CE,Towers with Radar,572,172,87,4,835,0,3,14,0,17,572,175,101,4,852,0,0,0,852
05/16/2013,MEM,TN,ASO,CE,Towers with Radar,577,186,85,1,849,0,1,8,1,10,577,187,93,2,859,0,0,0,859
05/17/2013,MEM,TN,ASO,CE,Towers with Radar,551,182,64,3,800,0,1,5,3,9,551,183,69,6,809,0,0,0,809
05/18/2013,MEM,TN,ASO,CE,Towers with Radar,336,39,27,2,404,0,0,0,0,0,336,39,27,2,404,0,0,0,404
05/19/2013,MEM,TN,ASO,CE,Towers with Radar,276,147,31,4,458,0,1,5,0,6,276,148,36,4,464,0,0,0,464
05/20/2013,MEM,TN,ASO,CE,Towers with Radar,226,157,49,2,434,0,2,4,0,6,226,159,53,2,440,0,0,0,440
05/21/2013,MEM,TN,ASO,CE,Towers with Radar,560,164,30,0,754,0,1,1,0,2,560,165,31,0,756,0,0,0,756
05/22/2013,MEM,TN,ASO,CE,Towers with Radar,599,167,60,4,830,0,2,8,0,10,599,169,68,4,840,0,0,0,840
05/23/2013,MEM,TN,ASO,CE,Towers with Radar,569,176,58,2,805,0,1,9,0,10,569,177,67,2,815,0,0,0,815
05/24/2013,MEM,TN,ASO,CE,Towers with Radar,554,187,40,3,784,0,1,20,0,21,554,188,60,3,805,2,0,2,807
05/25/2013,MEM,TN,ASO,CE,Towers with Radar,330,50,40,7,427,0,8,15,0,23,330,58,55,7,450,5,0,5,455
05/26/2013,MEM,TN,ASO,CE,Towers with Radar,228,43,23,3,297,0,6,9,0,15,228,49,32,3,312,2,0,2,314
05/27/2013,MEM,TN,ASO,CE,Towers with Radar,141,137,39,0,317,0,2,1,2,5,141,139,40,2,322,0,0,0,322
05/28/2013,MEM,TN,ASO,CE,Towers with Radar,257,168,45,0,470,0,1,13,0,14,257,169,58,0,484,0,0,0,484
05/29/2013,MEM,TN,ASO,CE,Towers with Radar,610,195,51,1,857,0,0,7,0,7,610,195,58,1,864,0,0,0,864
05/30/2013,MEM,TN,ASO,CE,Towers with Radar,599,172,46,4,821,0,0,4,0,4,599,172,50,4,825,0,0,0,825
05/31/2013,MEM,TN,ASO,CE,Towers with Radar,562,179,35,5,781,0,2,7,0,9,562,181,42,5,790,1,0,1,791
06/01/2013,MEM,TN,ASO,CE,Towers with Radar,353,40,19,4,416,0,0,0,0,0,353,40,19,4,416,0,0,0,416
06/02/2013,MEM,TN,ASO,CE,Towers with Radar,295,147,40,4,486,0,0,5,1,6,295,147,45,5,492,0,2,2,494
06/03/2013,MEM,TN,ASO,CE,Towers with Radar,250,173,46,0,469,0,0,12,1,13,250,173,58,1,482,2,0,2,484
06/04/2013,MEM,TN,ASO,CE,Towers with Radar,592,180,72,5,849,0,1,17,2,20,592,181,89,7,869,0,0,0,869
06/05/2013,MEM,TN,ASO,CE,Towers with Radar,565,181,58,6,810,0,0,6,0,6,565,181,64,6,816,0,0,0,816
06/06/2013,MEM,TN,ASO,CE,Towers with Radar,589,177,57,7,830,0,1,7,1,9,589,178,64,8,839,0,0,0,839
06/07/2013,MEM,TN,ASO,CE,Towers with Radar,556,180,61,2,799,0,5,6,3,14,556,185,67,5,813,2,0,2,815
06/08/2013,MEM,TN,ASO,CE,Towers with Radar,339,42,27,3,411,0,10,3,0,13,339,52,30,3,424,0,0,0,424
06/09/2013,MEM,TN,ASO,CE,Towers with Radar,292,150,23,2,467,0,1,5,3,9,292,151,28,5,476,0,0,0,476
06/10/2013,MEM,TN,ASO,CE,Towers with Radar,242,160,62,2,466,0,1,15,0,16,242,161,77,2,482,0,0,0,482
06/11/2013,MEM,TN,ASO,CE,Towers with Radar,592,171,64,5,832,0,0,10,2,12,592,171,74,7,844,0,0,0,844
06/12/2013,MEM,TN,ASO,CE,Towers with Radar,567,168,62,1,798,0,1,16,0,17,567,169,78,1,815,0,0,0,815
06/13/2013,MEM,TN,ASO,CE,Towers with Radar,588,177,46,5,816,0,0,8,0,8,588,177,54,5,824,0,0,0,824
06/14/2013,MEM,TN,ASO,CE,Towers with Radar,551,190,52,7,800,0,0,11,1,12,551,190,63,8,812,6,0,6,818
06/15/2013,MEM,TN,ASO,CE,Towers with Radar,349,45,23,13,430,0,4,8,0,12,349,49,31,13,442,8,0,8,450
06/16/2013,MEM,TN,ASO,CE,Towers with Radar,274,154,37,3,468,0,1,3,1,5,274,155,40,4,473,0,0,0,473
06/17/2013,MEM,TN,ASO,CE,Towers with Radar,218,168,38,2,426,0,0,3,0,3,218,168,41,2,429,2,0,2,431
06/18/2013,MEM,TN,ASO,CE,Towers with Radar,584,169,60,4,817,0,2,2,0,4,584,171,62,4,821,0,0,0,821
06/19/2013,MEM,TN,ASO,CE,Towers with Radar,582,178,60,10,830,0,2,3,2,7,582,180,63,12,837,0,42,42,879
06/20/2013,MEM,TN,ASO,CE,Towers with Radar,580,184,37,6,807,0,1,11,0,12,580,185,48,6,819,0,0,0,819
06/21/2013,MEM,TN,ASO,CE,Towers with Radar,571,176,54,4,805,0,0,16,0,16,571,176,70,4,821,0,0,0,821
06/22/2013,MEM,TN,ASO,CE,Towers with Radar,349,41,24,5,419,0,0,9,0,9,349,41,33,5,428,0,0,0,428
06/23/2013,MEM,TN,ASO,CE,Towers with Radar,281,154,28,14,477,0,0,11,0,11,281,154,39,14,488,0,0,0,488
06/24/2013,MEM,TN,ASO,CE,Towers with Radar,246,165,52,3,466,0,1,11,0,12,246,166,63,3,478,0,0,0,478
06/25/2013,MEM,TN,ASO,CE,Towers with Radar,582,183,64,4,833,0,0,14,0,14,582,183,78,4,847,0,0,0,847
06/26/2013,MEM,TN,ASO,CE,Towers with Radar,582,171,60,2,815,0,1,10,2,13,582,172,70,4,828,0,0,0,828
06/27/2013,MEM,TN,ASO,CE,Towers with Radar,586,180,55,11,832,0,2,5,1,8,586,182,60,12,840,0,0,0,840
06/28/2013,MEM,TN,ASO,CE,Towers with Radar,549,171,49,2,771,0,1,6,1,8,549,172,55,3,779,0,0,0,779
06/29/2013,MEM,TN,ASO,CE,Towers with Radar,367,55,28,0,450,0,6,9,1,16,367,61,37,1,466,0,0,0,466
06/30/2013,MEM,TN,ASO,CE,Towers with Radar,237,53,35,3,328,0,0,5,0,5,237,53,40,3,333,0,0,0,333
07/01/2013,MEM,TN,ASO,CE,Towers with Radar,192,80,28,1,301,0,0,7,0,7,192,80,35,1,308,0,0,0,308
07/02/2013,MEM,TN,ASO,CE,Towers with Radar,545,84,48,3,680,0,2,6,0,8,545,86,54,3,688,0,0,0,688
07/03/2013,MEM,TN,ASO,CE,Towers with Radar,548,90,37,4,679,0,0,9,2,11,548,90,46,6,690,0,0,0,690
07/04/2013,MEM,TN,ASO,CE,Towers with Radar,139,51,13,0,203,0,1,9,0,10,139,52,22,0,213,0,0,0,213
07/05/2013,MEM,TN,ASO,CE,Towers with Radar,461,59,27,0,547,0,0,4,0,4,461,59,31,0,551,0,0,0,551
07/06/2013,MEM,TN,ASO,CE,Towers with Radar,361,45,16,0,422,0,0,4,0,4,361,45,20,0,426,0,0,0,426
07/07/2013,MEM,TN,ASO,CE,Towers with Radar,283,133,40,4,460,0,1,2,0,3,283,134,42,4,463,0,0,0,463
07/08/2013,MEM,TN,ASO,CE,Towers with Radar,240,156,41,6,443,0,0,7,0,7,240,156,48,6,450,0,0,0,450
07/09/2013,MEM,TN,ASO,CE,Towers with Radar,572,169,40,1,782,0,0,10,0,10,572,169,50,1,792,0,0,0,792
07/10/2013,MEM,TN,ASO,CE,Towers with Radar,573,166,46,4,789,0,1,6,4,11,573,167,52,8,800,0,0,0,800
07/11/2013,MEM,TN,ASO,CE,Towers with Radar,588,171,60,8,827,0,0,6,2,8,588,171,66,10,835,0,0,0,835
07/12/2013,MEM,TN,ASO,CE,Towers with Radar,544,177,41,2,764,0,0,21,2,23,544,177,62,4,787,0,0,0,787
07/13/2013,MEM,TN,ASO,CE,Towers with Radar,350,41,19,0,410,0,0,5,0,5,350,41,24,0,415,0,0,0,415
07/14/2013,MEM,TN,ASO,CE,Towers with Radar,282,142,25,3,452,0,4,4,1,9,282,146,29,4,461,0,0,0,461
07/15/2013,MEM,TN,ASO,CE,Towers with Radar,233,172,40,1,446,0,2,10,0,12,233,174,50,1,458,0,0,0,458
07/16/2013,MEM,TN,ASO,CE,Towers with Radar,596,179,67,2,844,0,2,6,1,9,596,181,73,3,853,0,0,0,853
07/17/2013,MEM,TN,ASO,CE,Towers with Radar,569,174,41,3,787,0,0,12,3,15,569,174,53,6,802,0,0,0,802
07/18/2013,MEM,TN,ASO,CE,Towers with Radar,578,174,57,5,814,0,0,5,0,5,578,174,62,5,819,0,0,0,819
07/19/2013,MEM,TN,ASO,CE,Towers with Radar,566,176,47,1,790,0,0,8,0,8,566,176,55,1,798,0,0,0,798
07/20/2013,MEM,TN,ASO,CE,Towers with Radar,338,40,20,2,400,0,1,7,0,8,338,41,27,2,408,0,0,0,408
07/21/2013,MEM,TN,ASO,CE,Towers with Radar,277,140,24,1,442,0,0,4,0,4,277,140,28,1,446,0,0,0,446
07/22/2013,MEM,TN,ASO,CE,Towers with Radar,244,159,51,0,454,0,0,3,2,5,244,159,54,2,459,0,0,0,459
07/23/2013,MEM,TN,ASO,CE,Towers with Radar,583,173,51,0,807,0,3,3,0,6,583,176,54,0,813,0,0,0,813
07/24/2013,MEM,TN,ASO,CE,Towers with Radar,589,168,61,3,821,0,0,4,0,4,589,168,65,3,825,0,0,0,825
07/25/2013,MEM,TN,ASO,CE,Towers with Radar,570,160,51,9,790,0,2,13,1,16,570,162,64,10,806,0,0,0,806
07/26/2013,MEM,TN,ASO,CE,Towers with Radar,554,170,52,0,776,0,0,7,1,8,554,170,59,1,784,0,0,0,784
07/27/2013,MEM,TN,ASO,CE,Towers with Radar,339,43,15,0,397,0,7,5,0,12,339,50,20,0,409,0,0,0,409
07/28/2013,MEM,TN,ASO,CE,Towers with Radar,274,128,15,0,417,0,4,4,0,8,274,132,19,0,425,0,0,0,425
07/29/2013,MEM,TN,ASO,CE,Towers with Radar,248,149,57,0,454,0,4,7,0,11,248,153,64,0,465,5,0,5,470
07/30/2013,MEM,TN,ASO,CE,Towers with Radar,587,157,76,1,821,0,6,1,0,7,587,163,77,1,828,0,0,0,828
07/31/2013,MEM,TN,ASO,CE,Towers with Radar,584,165,43,0,792,0,0,4,2,6,584,165,47,2,798,0,0,0,798
08/01/2013,MEM,TN,ASO,CE,Towers with Radar,577,188,41,3,809,0,2,11,46,59,577,190,52,49,868,0,8,8,876
08/02/2013,MEM,TN,ASO,CE,Towers with Radar,556,180,49,0,785,0,1,13,0,14,556,181,62,0,799,0,0,0,799
08/03/2013,MEM,TN,ASO,CE,Towers with Radar,345,49,39,1,434,0,1,7,0,8,345,50,46,1,442,0,0,0,442
08/04/2013,MEM,TN,ASO,CE,Towers with Radar,273,143,34,3,453,0,0,4,0,4,273,143,38,3,457,0,0,0,457
08/05/2013,MEM,TN,ASO,CE,Towers with Radar,241,164,41,1,447,0,0,6,1,7,241,164,47,2,454,0,0,0,454
08/06/2013,MEM,TN,ASO,CE,Towers with Radar,581,170,57,0,808,0,0,11,1,12,581,170,68,1,820,0,0,0,820
08/07/2013,MEM,TN,ASO,CE,Towers with Radar,586,176,72,4,838,0,0,7,1,8,586,176,79,5,846,0,0,0,846
08/08/2013,MEM,TN,ASO,CE,Towers with Radar,579,177,52,2,810,0,1,2,2,5,579,178,54,4,815,0,20,20,835
08/09/2013,MEM,TN,ASO,CE,Towers with Radar,548,167,34,3,752,0,0,8,2,10,548,167,42,5,762,0,0,0,762
08/10/2013,MEM,TN,ASO,CE,Towers with Radar,353,45,17,3,418,0,0,1,0,1,353,45,18,3,419,0,0,0,419
08/11/2013,MEM,TN,ASO,CE,Towers with Radar,278,155,28,2,463,0,0,2,0,2,278,155,30,2,465,0,0,0,465
08/12/2013,MEM,TN,ASO,CE,Towers with Radar,243,177,58,4,482,0,1,7,0,8,243,178,65,4,490,0,0,0,490
08/13/2013,MEM,TN,ASO,CE,Towers with Radar,587,173,62,3,825,0,2,7,0,9,587,175,69,3,834,0,0,0,834
08/14/2013,MEM,TN,ASO,CE,Towers with Radar,592,168,52,12,824,0,3,12,1,16,592,171,64,13,840,0,0,0,840
08/15/2013,MEM,TN,ASO,CE,Towers with Radar,581,172,48,17,818,0,3,12,0,15,581,175,60,17,833,0,0,0,833
08/16/2013,MEM,TN,ASO,CE,Towers with Radar,558,176,52,5,791,0,0,5,0,5,558,176,57,5,796,2,0,2,798
08/17/2013,MEM,TN,ASO,CE,Towers with Radar,356,50,5,3,414,0,2,3,0,5,356,52,8,3,419,4,0,4,423
08/18/2013,MEM,TN,ASO,CE,Towers with Radar,285,154,22,12,473,0,1,4,0,5,285,155,26,12,478,0,0,0,478
08/19/2013,MEM,TN,ASO,CE,Towers with Radar,245,163,49,2,459,0,4,12,0,16,245,167,61,2,475,0,0,0,475
08/20/2013,MEM,TN,ASO,CE,Towers with Radar,580,167,49,9,805,0,5,12,0,17,580,172,61,9,822,0,0,0,822
08/21/2013,MEM,TN,ASO,CE,Towers with Radar,594,170,61,6,831,0,0,14,3,17,594,170,75,9,848,0,0,0,848
08/22/2013,MEM,TN,ASO,CE,Towers with Radar,581,161,61,10,813,0,1,18,1,20,581,162,79,11,833,0,0,0,833
08/23/2013,MEM,TN,ASO,CE,Towers with Radar,554,181,44,4,783,0,0,21,0,21,554,181,65,4,804,10,0,10,814
08/24/2013,MEM,TN,ASO,CE,Towers with Radar,352,39,22,0,413,0,2,7,0,9,352,41,29,0,422,0,0,0,422
08/25/2013,MEM,TN,ASO,CE,Towers with Radar,290,145,26,3,464,0,3,9,1,13,290,148,35,4,477,0,0,0,477
08/26/2013,MEM,TN,ASO,CE,Towers with Radar,248,164,62,0,474,0,4,11,0,15,248,168,73,0,489,0,0,0,489
08/27/2013,MEM,TN,ASO,CE,Towers with Radar,588,182,67,1,838,0,4,11,0,15,588,186,78,1,853,14,0,14,867
08/28/2013,MEM,TN,ASO,CE,Towers with Radar,577,172,54,9,812,0,2,11,0,13,577,174,65,9,825,0,0,0,825
08/29/2013,MEM,TN,ASO,CE,Towers with Radar,585,179,61,5,830,0,0,7,2,9,585,179,68,7,839,0,0,0,839
08/30/2013,MEM,TN,ASO,CE,Towers with Radar,566,171,60,0,797,0,3,16,0,19,566,174,76,0,816,0,0,0,816
08/31/2013,MEM,TN,ASO,CE,Towers with Radar,346,38,16,1,401,0,0,3,0,3,346,38,19,1,404,6,0,6,410
09/01/2013,MEM,TN,ASO,CE,Towers with Radar,218,37,11,0,266,0,0,7,0,7,218,37,18,0,273,0,0,0,273
09/02/2013,MEM,TN,ASO,CE,Towers with Radar,107,63,24,1,195,0,0,2,0,2,107,63,26,1,197,0,0,0,197
09/03/2013,MEM,TN,ASO,CE,Towers with Radar,240,124,56,1,421,0,0,13,0,13,240,124,69,1,434,0,0,0,434
09/04/2013,MEM,TN,ASO,CE,Towers with Radar,614,132,67,4,817,0,1,15,0,16,614,133,82,4,833,0,0,0,833
09/05/2013,MEM,TN,ASO,CE,Towers with Radar,603,140,66,4,813,0,2,10,0,12,603,142,76,4,825,0,0,0,825
09/06/2013,MEM,TN,ASO,CE,Towers with Radar,565,136,43,8,752,0,2,14,0,16,565,138,57,8,768,6,0,6,774
09/07/2013,MEM,TN,ASO,CE,Towers with Radar,356,42,28,5,431,0,5,7,1,13,356,47,35,6,444,0,14,14,458
09/08/2013,MEM,TN,ASO,CE,Towers with Radar,272,118,32,2,424,0,6,0,0,6,272,124,32,2,430,0,0,0,430
09/09/2013,MEM,TN,ASO,CE,Towers with Radar,230,116,54,4,404,0,4,11,0,15,230,120,65,4,419,2,0,2,421
09/10/2013,MEM,TN,ASO,CE,Towers with Radar,585,127,55,4,771,0,3,10,0,13,585,130,65,4,784,0,0,0,784
09/11/2013,MEM,TN,ASO,CE,Towers with Radar,578,133,71,6,788,0,3,17,1,21,578,136,88,7,809,0,0,0,809
09/12/2013,MEM,TN,ASO,CE,Towers with Radar,559,138,72,4,773,0,2,20,1,23,559,140,92,5,796,0,4,4,800
09/13/2013,MEM,TN,ASO,CE,Towers with Radar,555,145,61,6,767,0,0,17,0,17,555,145,78,6,784,0,0,0,784
09/14/2013,MEM,TN,ASO,CE,Towers with Radar,355,37,23,0,415,0,7,11,0,18,355,44,34,0,433,0,0,0,433
09/15/2013,MEM,TN,ASO,CE,Towers with Radar,279,119,31,0,429,0,0,14,0,14,279,119,45,0,443,0,0,0,443
09/16/2013,MEM,TN,ASO,CE,Towers with Radar,226,125,53,0,404,0,7,12,0,19,226,132,65,0,423,0,0,0,423
09/17/2013,MEM,TN,ASO,CE,Towers with Radar,586,139,68,4,797,0,0,9,0,9,586,139,77,4,806,0,0,0,806
09/18/2013,MEM,TN,ASO,CE,Towers with Radar,580,145,61,3,789,0,3,8,0,11,580,148,69,3,800,0,0,0,800
09/19/2013,MEM,TN,ASO,CE,Towers with Radar,571,144,67,0,782,0,3,8,0,11,571,147,75,0,793,0,0,0,793
09/20/2013,MEM,TN,ASO,CE,Towers with Radar,542,146,58,3,749,0,0,2,0,2,542,146,60,3,751,0,0,0,751
09/21/2013,MEM,TN,ASO,CE,Towers with Radar,367,50,20,0,437,0,5,8,0,13,367,55,28,0,450,0,0,0,450
09/22/2013,MEM,TN,ASO,CE,Towers with Radar,268,115,45,10,438,0,1,12,0,13,268,116,57,10,451,0,0,0,451
09/23/2013,MEM,TN,ASO,CE,Towers with Radar,235,124,64,3,426,0,4,12,0,16,235,128,76,3,442,0,0,0,442
09/24/2013,MEM,TN,ASO,CE,Towers with Radar,562,144,68,18,792,0,1,6,1,8,562,145,74,19,800,0,0,0,800
09/25/2013,MEM,TN,ASO,CE,Towers with Radar,609,136,62,4,811,0,4,7,5,16,609,140,69,9,827,0,22,22,849
09/26/2013,MEM,TN,ASO,CE,Towers with Radar,578,142,81,40,841,0,0,6,2,8,578,142,87,42,849,0,0,0,849
09/27/2013,MEM,TN,ASO,CE,Towers with Radar,547,148,54,7,756,0,0,11,0,11,547,148,65,7,767,0,4,4,771
09/28/2013,MEM,TN,ASO,CE,Towers with Radar,360,41,44,4,449,0,2,10,2,14,360,43,54,6,463,0,0,0,463
09/29/2013,MEM,TN,ASO,CE,Towers with Radar,284,108,45,6,443,0,0,4,0,4,284,108,49,6,447,0,0,0,447
09/30/2013,MEM,TN,ASO,CE,Towers with Radar,237,129,53,0,419,0,1,4,0,5,237,130,57,0,424,0,0,0,424
10/01/2013,MEM,TN,ASO,CE,Towers with Radar,603,135,65,3,806,0,1,6,0,7,603,136,71,3,813,0,0,0,813
10/02/2013,MEM,TN,ASO,CE,Towers with Radar,586,148,65,3,802,0,0,4,0,4,586,148,69,3,806,0,0,0,806
10/03/2013,MEM,TN,ASO,CE,Towers with Radar,570,126,65,2,763,0,0,16,0,16,570,126,81,2,779,0,0,0,779
10/04/2013,MEM,TN,ASO,CE,Towers with Radar,547,133,64,1,745,0,0,5,0,5,547,133,69,1,750,0,0,0,750
10/05/2013,MEM,TN,ASO,CE,Towers with Radar,373,33,28,1,435,0,0,0,0,0,373,33,28,1,435,0,0,0,435
10/06/2013,MEM,TN,ASO,CE,Towers with Radar,273,105,29,2,409,0,2,5,0,7,273,107,34,2,416,0,0,0,416
10/07/2013,MEM,TN,ASO,CE,Towers with Radar,245,114,66,0,425,0,3,18,0,21,245,117,84,0,446,0,0,0,446
10/08/2013,MEM,TN,ASO,CE,Towers with Radar,588,129,65,4,786,0,0,12,0,12,588,129,77,4,798,0,0,0,798
10/09/2013,MEM,TN,ASO,CE,Towers with Radar,582,126,76,0,784,0,2,8,0,10,582,128,84,0,794,0,0,0,794
10/10/2013,MEM,TN,ASO,CE,Towers with Radar,583,146,57,0,786,0,0,9,0,9,583,146,66,0,795,2,0,2,797
10/11/2013,MEM,TN,ASO,CE,Towers with Radar,572,136,60,0,768,0,0,12,0,12,572,136,72,0,780,0,0,0,780
10/12/2013,MEM,TN,ASO,CE,Towers with Radar,352,51,28,0,431,0,1,1,0,2,352,52,29,0,433,0,0,0,433
10/13/2013,MEM,TN,ASO,CE,Towers with Radar,274,111,53,0,438,0,0,7,0,7,274,111,60,0,445,0,0,0,445
10/14/2013,MEM,TN,ASO,CE,Towers with Radar,241,120,67,0,428,0,1,10,0,11,241,121,77,0,439,0,0,0,439
10/15/2013,MEM,TN,ASO,CE,Towers with Radar,569,134,66,3,772,0,0,5,0,5,569,134,71,3,777,0,0,0,777
10/16/2013,MEM,TN,ASO,CE,Towers with Radar,603,139,65,1,808,0,0,1,0,1,603,139,66,1,809,0,0,0,809
10/17/2013,MEM,TN,ASO,CE,Towers with Radar,593,148,66,3,810,0,0,14,0,14,593,148,80,3,824,0,0,0,824
10/18/2013,MEM,TN,ASO,CE,Towers with Radar,561,143,59,1,764,0,1,25,0,26,561,144,84,1,790,0,0,0,790
10/19/2013,MEM,TN,ASO,CE,Towers with Radar,360,48,43,0,451,0,0,4,0,4,360,48,47,0,455,0,0,0,455
10/20/2013,MEM,TN,ASO,CE,Towers with Radar,286,111,46,2,445,0,1,8,0,9,286,112,54,2,454,0,0,0,454
10/21/2013,MEM,TN,ASO,CE,Towers with Radar,238,121,72,0,431,0,0,21,0,21,238,121,93,0,452,6,0,6,458
10/22/2013,MEM,TN,ASO,CE,Towers with Radar,604,132,75,7,818,0,0,18,0,18,604,132,93,7,836,0,0,0,836
10/23/2013,MEM,TN,ASO,CE,Towers with Radar,597,137,48,4,786,0,1,8,0,9,597,138,56,4,795,4,6,10,805
10/24/2013,MEM,TN,ASO,CE,Towers with Radar,583,140,55,12,790,0,4,10,0,14,583,144,65,12,804,0,6,6,810
10/25/2013,MEM,TN,ASO,CE,Towers with Radar,571,134,52,5,762,0,2,6,2,10,571,136,58,7,772,0,0,0,772
10/26/2013,MEM,TN,ASO,CE,Towers with Radar,352,36,19,0,407,0,8,11,0,19,352,44,30,0,426,0,0,0,426
10/27/2013,MEM,TN,ASO,CE,Towers with Radar,280,106,53,3,442,0,5,4,2,11,280,111,57,5,453,0,0,0,453
10/28/2013,MEM,TN,ASO,CE,Towers with Radar,230,117,61,0,408,0,0,5,1,6,230,117,66,1,414,6,0,6,420
10/29/2013,MEM,TN,ASO,CE,Towers with Radar,598,143,61,10,812,0,1,5,0,6,598,144,66,10,818,0,0,0,818
10/30/2013,MEM,TN,ASO,CE,Towers with Radar,594,138,59,5,796,0,1,7,0,8,594,139,66,5,804,0,0,0,804
10/31/2013,MEM,TN,ASO,CE,Towers with Radar,575,114,40,0,729,0,0,2,1,3,575,114,42,1,732,0,0,0,732
11/01/2013,MEM,TN,ASO,CE,Towers with Radar,573,132,48,1,754,0,1,11,2,14,573,133,59,3,768,6,0,6,774
11/02/2013,MEM,TN,ASO,CE,Towers with Radar,357,36,26,36,455,0,0,13,11,24,357,36,39,47,479,20,4,24,503
11/03/2013,MEM,TN,ASO,CE,Towers with Radar,274,97,26,2,399,0,1,3,0,4,274,98,29,2,403,12,0,12,415
11/04/2013,MEM,TN,ASO,CE,Towers with Radar,238,117,50,5,410,0,1,8,0,9,238,118,58,5,419,0,0,0,419
11/05/2013,MEM,TN,ASO,CE,Towers with Radar,584,139,41,3,767,0,2,10,0,12,584,141,51,3,779,0,0,0,779
11/06/2013,MEM,TN,ASO,CE,Towers with Radar,593,134,66,12,805,0,2,2,0,4,593,136,68,12,809,0,0,0,809
11/07/2013,MEM,TN,ASO,CE,Towers with Radar,592,135,76,0,803,0,2,7,0,9,592,137,83,0,812,0,0,0,812
11/08/2013,MEM,TN,ASO,CE,Towers with Radar,554,141,60,6,761,0,1,17,0,18,554,142,77,6,779,0,0,0,779
11/09/2013,MEM,TN,ASO,CE,Towers with Radar,352,45,32,2,431,0,1,4,0,5,352,46,36,2,436,0,0,0,436
11/10/2013,MEM,TN,ASO,CE,Towers with Radar,271,92,30,4,397,0,2,15,0,17,271,94,45,4,414,0,0,0,414
11/11/2013,MEM,TN,ASO,CE,Towers with Radar,223,119,53,3,398,0,0,9,0,9,223,119,62,3,407,0,0,0,407
11/12/2013,MEM,TN,ASO,CE,Towers with Radar,584,134,67,7,792,0,0,4,0,4,584,134,71,7,796,0,0,0,796
11/13/2013,MEM,TN,ASO,CE,Towers with Radar,599,130,62,2,793,0,0,12,1,13,599,130,74,3,806,0,0,0,806
11/14/2013,MEM,TN,ASO,CE,Towers with Radar,575,126,54,6,761,0,2,12,0,14,575,128,66,6,775,0,0,0,775
11/15/2013,MEM,TN,ASO,CE,Towers with Radar,545,135,73,8,761,0,0,9,2,11,545,135,82,10,772,0,0,0,772
11/16/2013,MEM,TN,ASO,CE,Towers with Radar,379,47,16,1,443,0,0,2,0,2,379,47,18,1,445,2,0,2,447
11/17/2013,MEM,TN,ASO,CE,Towers with Radar,281,74,26,0,381,0,0,1,0,1,281,74,27,0,382,0,0,0,382
11/18/2013,MEM,TN,ASO,CE,Towers with Radar,228,123,51,3,405,0,0,11,0,11,228,123,62,3,416,6,0,6,422
11/19/2013,MEM,TN,ASO,CE,Towers with Radar,609,137,73,3,822,0,0,11,2,13,609,137,84,5,835,0,0,0,835
11/20/2013,MEM,TN,ASO,CE,Towers with Radar,603,147,70,2,822,0,1,18,0,19,603,148,88,2,841,0,0,0,841
11/21/2013,MEM,TN,ASO,CE,Towers with Radar,558,140,63,4,765,0,0,4,0,4,558,140,67,4,769,0,0,0,769
11/22/2013,MEM,TN,ASO,CE,Towers with Radar,565,142,45,5,757,0,0,0,0,0,565,142,45,5,757,0,0,0,757
11/23/2013,MEM,TN,ASO,CE,Towers with Radar,402,44,26,0,472,0,4,2,0,6,402,48,28,0,478,6,0,6,484
11/24/2013,MEM,TN,ASO,CE,Towers with Radar,266,63,25,0,354,0,2,6,0,8,266,65,31,0,362,0,0,0,362
11/25/2013,MEM,TN,ASO,CE,Towers with Radar,199,95,34,0,328,0,0,2,0,2,199,95,36,0,330,0,0,0,330
11/26/2013,MEM,TN,ASO,CE,Towers with Radar,623,136,44,2,805,0,0,5,0,5,623,136,49,2,810,0,0,0,810
11/27/2013,MEM,TN,ASO,CE,Towers with Radar,647,130,43,3,823,0,1,12,0,13,647,131,55,3,836,0,0,0,836
11/28/2013,MEM,TN,ASO,CE,Towers with Radar,153,40,4,0,197,0,2,5,0,7,153,42,9,0,204,0,0,0,204
11/29/2013,MEM,TN,ASO,CE,Towers with Radar,480,46,20,0,546,0,1,12,0,13,480,47,32,0,559,0,0,0,559
11/30/2013,MEM,TN,ASO,CE,Towers with Radar,387,100,19,0,506,0,0,4,0,4,387,100,23,0,510,0,0,0,510
12/01/2013,MEM,TN,ASO,CE,Towers with Radar,298,123,49,2,472,0,1,4,0,5,298,124,53,2,477,0,0,0,477
12/02/2013,MEM,TN,ASO,CE,Towers with Radar,245,142,45,5,437,0,0,6,1,7,245,142,51,6,444,0,0,0,444
12/03/2013,MEM,TN,ASO,CE,Towers with Radar,610,141,46,5,802,0,0,0,0,0,610,141,46,5,802,0,0,0,802
12/04/2013,MEM,TN,ASO,CE,Towers with Radar,621,127,80,7,835,0,1,6,0,7,621,128,86,7,842,0,0,0,842
12/05/2013,MEM,TN,ASO,CE,Towers with Radar,598,122,42,6,768,0,0,0,0,0,598,122,42,6,768,0,0,0,768
12/06/2013,MEM,TN,ASO,CE,Towers with Radar,438,100,16,0,554,0,0,0,0,0,438,100,16,0,554,0,0,0,554
12/07/2013,MEM,TN,ASO,CE,Towers with Radar,471,35,16,2,524,0,1,4,0,5,471,36,20,2,529,0,0,0,529
12/08/2013,MEM,TN,ASO,CE,Towers with Radar,313,61,27,0,401,0,0,0,0,0,313,61,27,0,401,0,0,0,401
12/09/2013,MEM,TN,ASO,CE,Towers with Radar,205,94,55,1,355,0,0,6,0,6,205,94,61,1,361,0,0,0,361
12/10/2013,MEM,TN,ASO,CE,Towers with Radar,646,121,74,6,847,0,4,16,2,22,646,125,90,8,869,0,0,0,869
12/11/2013,MEM,TN,ASO,CE,Towers with Radar,636,112,98,4,850,0,6,17,0,23,636,118,115,4,873,0,0,0,873
12/12/2013,MEM,TN,ASO,CE,Towers with Radar,640,119,85,6,850,0,8,16,0,24,640,127,101,6,874,6,0,6,880
12/13/2013,MEM,TN,ASO,CE,Towers with Radar,604,114,63,0,781,0,0,10,1,11,604,114,73,1,792,4,0,4,796
12/14/2013,MEM,TN,ASO,CE,Towers with Radar,475,44,18,0,537,0,0,0,0,0,475,44,18,0,537,0,0,0,537
12/15/2013,MEM,TN,ASO,CE,Towers with Radar,326,75,28,1,430,0,0,11,1,12,326,75,39,2,442,6,0,6,448
12/16/2013,MEM,TN,ASO,CE,Towers with Radar,223,109,64,13,409,0,1,13,0,14,223,110,77,13,423,8,0,8,431
12/17/2013,MEM,TN,ASO,CE,Towers with Radar,658,125,68,6,857,0,1,14,1,16,658,126,82,7,873,4,0,4,877
12/18/2013,MEM,TN,ASO,CE,Towers with Radar,668,132,49,4,853,0,0,7,1,8,668,132,56,5,861,0,0,0,861
12/19/2013,MEM,TN,ASO,CE,Towers with Radar,661,130,50,5,846,0,2,7,1,10,661,132,57,6,856,0,0,0,856
12/20/2013,MEM,TN,ASO,CE,Towers with Radar,664,118,42,5,829,0,0,4,0,4,664,118,46,5,833,0,0,0,833
12/21/2013,MEM,TN,ASO,CE,Towers with Radar,517,79,19,0,615,0,0,0,0,0,517,79,19,0,615,0,0,0,615
12/22/2013,MEM,TN,ASO,CE,Towers with Radar,355,51,32,0,438,0,1,2,0,3,355,52,34,0,441,0,0,0,441
12/23/2013,MEM,TN,ASO,CE,Towers with Radar,317,70,37,0,424,0,2,10,0,12,317,72,47,0,436,0,0,0,436
12/24/2013,MEM,TN,ASO,CE,Towers with Radar,618,58,18,0,694,0,3,7,0,10,618,61,25,0,704,0,0,0,704
12/25/2013,MEM,TN,ASO,CE,Towers with Radar,123,41,3,0,167,0,2,3,0,5,123,43,6,0,172,0,0,0,172
12/26/2013,MEM,TN,ASO,CE,Towers with Radar,525,107,26,0,658,0,3,18,0,21,525,110,44,0,679,0,0,0,679
12/27/2013,MEM,TN,ASO,CE,Towers with Radar,578,120,32,4,734,0,0,11,0,11,578,120,43,4,745,0,0,0,745
12/28/2013,MEM,TN,ASO,CE,Towers with Radar,391,77,31,0,499,0,0,11,0,11,391,77,42,0,510,0,0,0,510
12/29/2013,MEM,TN,ASO,CE,Towers with Radar,256,49,24,0,329,0,0,4,1,5,256,49,28,1,334,10,0,10,344
12/30/2013,MEM,TN,ASO,CE,Towers with Radar,187,72,28,0,287,0,7,8,0,15,187,79,36,0,302,0,0,0,302
12/31/2013,MEM,TN,ASO,CE,Towers with Radar,570,75,23,0,668,0,6,8,0,14,570,81,31,0,682,0,0,0,682
01/01/2014,MEM,TN,ASO,CE,Towers with Radar,124,59,18,0,201,0,3,10,1,14,124,62,28,1,215,0,0,0,215
01/02/2014,MEM,TN,ASO,CE,Towers with Radar,499,86,22,0,607,0,3,1,0,4,499,89,23,0,611,0,0,0,611
01/03/2014,MEM,TN,ASO,CE,Towers with Radar,568,113,28,3,712,0,0,14,0,14,568,113,42,3,726,0,0,0,726
01/04/2014,MEM,TN,ASO,CE,Towers with Radar,380,70,22,2,474,0,0,8,0,8,380,70,30,2,482,0,0,0,482
01/05/2014,MEM,TN,ASO,CE,Towers with Radar,264,72,27,2,365,0,0,0,0,0,264,72,27,2,365,0,0,0,365
01/06/2014,MEM,TN,ASO,CE,Towers with Radar,183,66,46,0,295,0,5,16,0,21,183,71,62,0,316,2,0,2,318
01/07/2014,MEM,TN,ASO,CE,Towers with Radar,592,83,50,2,727,0,8,9,0,17,592,91,59,2,744,0,0,0,744
01/08/2014,MEM,TN,ASO,CE,Towers with Radar,600,105,63,2,770,0,1,5,0,6,600,106,68,2,776,0,0,0,776
01/09/2014,MEM,TN,ASO,CE,Towers with Radar,566,100,27,3,696,0,1,1,0,2,566,101,28,3,698,0,0,0,698
01/10/2014,MEM,TN,ASO,CE,Towers with Radar,537,108,48,2,695,0,0,5,0,5,537,108,53,2,700,12,0,12,712
01/11/2014,MEM,TN,ASO,CE,Towers with Radar,383,37,28,14,462,0,0,4,3,7,383,37,32,17,469,22,30,52,521
01/12/2014,MEM,TN,ASO,CE,Towers with Radar,251,62,22,2,337,0,3,8,0,11,251,65,30,2,348,0,0,0,348
01/13/2014,MEM,TN,ASO,CE,Towers with Radar,190,107,43,2,342,0,0,0,0,0,190,107,43,2,342,0,0,0,342
01/14/2014,MEM,TN,ASO,CE,Towers with Radar,580,104,44,11,739,0,4,10,0,14,580,108,54,11,753,6,0,6,759
01/15/2014,MEM,TN,ASO,CE,Towers with Radar,595,110,62,4,771,0,4,18,0,22,595,114,80,4,793,0,0,0,793
01/16/2014,MEM,TN,ASO,CE,Towers with Radar,558,116,55,1,730,0,3,17,1,21,558,119,72,2,751,0,0,0,751
01/17/2014,MEM,TN,ASO,CE,Towers with Radar,543,122,51,4,720,0,2,15,0,17,543,124,66,4,737,0,0,0,737
01/18/2014,MEM,TN,ASO,CE,Towers with Radar,335,34,20,3,392,0,4,1,0,5,335,38,21,3,397,0,0,0,397
01/19/2014,MEM,TN,ASO,CE,Towers with Radar,236,47,20,1,304,0,0,8,0,8,236,47,28,1,312,0,0,0,312
01/20/2014,MEM,TN,ASO,CE,Towers with Radar,199,87,39,2,327,0,3,16,0,19,199,90,55,2,346,6,0,6,352
01/21/2014,MEM,TN,ASO,CE,Towers with Radar,559,105,44,2,710,0,2,3,1,6,559,107,47,3,716,0,0,0,716
01/22/2014,MEM,TN,ASO,CE,Towers with Radar,567,117,56,3,743,0,5,6,4,15,567,122,62,7,758,0,0,0,758
01/23/2014,MEM,TN,ASO,CE,Towers with Radar,561,122,43,9,735,0,10,8,2,20,561,132,51,11,755,0,0,0,755
01/24/2014,MEM,TN,ASO,CE,Towers with Radar,531,110,57,13,711,0,4,8,0,12,531,114,65,13,723,0,0,0,723
01/25/2014,MEM,TN,ASO,CE,Towers with Radar,363,39,11,5,418,0,4,9,2,15,363,43,20,7,433,0,0,0,433
01/26/2014,MEM,TN,ASO,CE,Towers with Radar,255,67,24,1,347,0,1,7,0,8,255,68,31,1,355,4,0,4,359
01/27/2014,MEM,TN,ASO,CE,Towers with Radar,183,102,41,4,330,0,0,7,0,7,183,102,48,4,337,0,0,0,337
01/28/2014,MEM,TN,ASO,CE,Towers with Radar,575,91,48,22,736,0,2,8,2,12,575,93,56,24,748,0,0,0,748
01/29/2014,MEM,TN,ASO,CE,Towers with Radar,557,108,44,1,710,0,4,24,5,33,557,112,68,6,743,6,0,6,749
01/30/2014,MEM,TN,ASO,CE,Towers with Radar,552,110,56,3,721,0,3,21,1,25,552,113,77,4,746,6,0,6,752
01/31/2014,MEM,TN,ASO,CE,Towers with Radar,547,110,54,4,715,0,2,8,0,10,547,112,62,4,725,0,0,0,725
02/01/2014,MEM,TN,ASO,CE,Towers with Radar,355,39,28,5,427,0,2,4,3,9,355,41,32,8,436,14,0,14,450
02/02/2014,MEM,TN,ASO,CE,Towers with Radar,231,40,10,0,281,0,0,0,0,0,231,40,10,0,281,0,0,0,281
02/03/2014,MEM,TN,ASO,CE,Towers with Radar,179,84,54,4,321,0,0,0,0,0,179,84,54,4,321,0,0,0,321
02/04/2014,MEM,TN,ASO,CE,Towers with Radar,554,89,33,0,676,0,0,0,0,0,554,89,33,0,676,0,0,0,676
02/05/2014,MEM,TN,ASO,CE,Towers with Radar,592,100,45,4,741,0,0,2,0,2,592,100,47,4,743,0,0,0,743
02/06/2014,MEM,TN,ASO,CE,Towers with Radar,564,118,65,0,747,0,0,2,0,2,564,118,67,0,749,0,0,0,749
02/07/2014,MEM,TN,ASO,CE,Towers with Radar,556,120,47,7,730,0,2,6,0,8,556,122,53,7,738,0,0,0,738
02/08/2014,MEM,TN,ASO,CE,Towers with Radar,352,38,20,1,411,0,0,0,0,0,352,38,20,1,411,0,0,0,411
02/09/2014,MEM,TN,ASO,CE,Towers with Radar,258,76,31,2,367,0,0,0,0,0,258,76,31,2,367,0,0,0,367
02/10/2014,MEM,TN,ASO,CE,Towers with Radar,215,101,64,2,382,0,0,5,1,6,215,101,69,3,388,0,0,0,388
02/11/2014,MEM,TN,ASO,CE,Towers with Radar,563,100,60,3,726,0,2,8,0,10,563,102,68,3,736,0,0,0,736
02/12/2014,MEM,TN,ASO,CE,Towers with Radar,553,113,67,4,737,0,0,7,0,7,553,113,74,4,744,0,0,0,744
02/13/2014,MEM,TN,ASO,CE,Towers with Radar,547,112,52,2,713,0,7,8,0,15,547,119,60,2,728,0,0,0,728
02/14/2014,MEM,TN,ASO,CE,Towers with Radar,578,112,49,5,744,0,1,3,0,4,578,113,52,5,748,0,0,0,748
02/15/2014,MEM,TN,ASO,CE,Towers with Radar,357,35,19,1,412,0,2,10,3,15,357,37,29,4,427,8,0,8,435
02/16/2014,MEM,TN,ASO,CE,Towers with Radar,232,46,20,4,302,0,4,13,0,17,232,50,33,4,319,0,0,0,319
02/17/2014,MEM,TN,ASO,CE,Towers with Radar,201,101,53,1,356,0,0,9,0,9,201,101,62,1,365,0,0,0,365
02/18/2014,MEM,TN,ASO,CE,Towers with Radar,551,116,69,3,739,0,1,9,0,10,551,117,78,3,749,0,0,0,749
02/19/2014,MEM,TN,ASO,CE,Towers with Radar,564,122,61,2,749,0,0,13,0,13,564,122,74,2,762,0,0,0,762
02/20/2014,MEM,TN,ASO,CE,Towers with Radar,548,104,53,6,711,0,0,2,0,2,548,104,55,6,713,0,0,0,713
02/21/2014,MEM,TN,ASO,CE,Towers with Radar,545,99,56,7,707,0,6,8,1,15,545,105,64,8,722,0,0,0,722
02/22/2014,MEM,TN,ASO,CE,Towers with Radar,347,48,24,1,420,0,0,6,2,8,347,48,30,3,428,0,0,0,428
02/23/2014,MEM,TN,ASO,CE,Towers with Radar,248,72,29,2,351,0,1,7,2,10,248,73,36,4,361,6,0,6,367
02/24/2014,MEM,TN,ASO,CE,Towers with Radar,200,105,53,1,359,0,3,11,2,16,200,108,64,3,375,0,0,0,375
02/25/2014,MEM,TN,ASO,CE,Towers with Radar,568,116,61,4,749,0,0,5,0,5,568,116,66,4,754,0,0,0,754
02/26/2014,MEM,TN,ASO,CE,Towers with Radar,584,109,49,4,746,0,4,10,1,15,584,113,59,5,761,0,0,0,761
02/27/2014,MEM,TN,ASO,CE,Towers with Radar,568,109,50,5,732,0,6,20,2,28,568,115,70,7,760,0,0,0,760
02/28/2014,MEM,TN,ASO,CE,Towers with Radar,543,102,49,2,696,0,1,5,0,6,543,103,54,2,702,0,0,0,702
03/01/2014,MEM,TN,ASO,CE,Towers with Radar,355,43,33,5,436,0,0,10,0,10,355,43,43,5,446,14,0,14,460
03/02/2014,MEM,TN,ASO,CE,Towers with Radar,254,44,21,0,319,0,0,0,1,1,254,44,21,1,320,0,0,0,320
03/03/2014,MEM,TN,ASO,CE,Towers with Radar,183,75,40,0,298,0,0,2,0,2,183,75,42,0,300,0,0,0,300
03/04/2014,MEM,TN,ASO,CE,Towers with Radar,546,106,77,5,734,0,0,6,0,6,546,106,83,5,740,0,0,0,740
03/05/2014,MEM,TN,ASO,CE,Towers with Radar,574,116,74,4,768,0,0,0,0,0,574,116,74,4,768,0,0,0,768
03/06/2014,MEM,TN,ASO,CE,Towers with Radar,580,127,59,17,783,0,1,4,0,5,580,128,63,17,788,0,0,0,788
03/07/2014,MEM,TN,ASO,CE,Towers with Radar,544,131,67,3,745,0,2,4,1,7,544,133,71,4,752,0,0,0,752
03/08/2014,MEM,TN,ASO,CE,Towers with Radar,355,41,47,2,445,0,0,7,0,7,355,41,54,2,452,0,0,0,452
03/09/2014,MEM,TN,ASO,CE,Towers with Radar,258,79,31,5,373,0,0,2,0,2,258,79,33,5,375,0,0,0,375
03/10/2014,MEM,TN,ASO,CE,Towers with Radar,197,100,47,5,349,0,2,13,0,15,197,102,60,5,364,16,0,16,380
03/11/2014,MEM,TN,ASO,CE,Towers with Radar,587,109,52,2,750,0,4,5,2,11,587,113,57,4,761,0,0,0,761
03/12/2014,MEM,TN,ASO,CE,Towers with Radar,576,100,49,2,727,0,1,15,0,16,576,101,64,2,743,0,0,0,743
03/13/2014,MEM,TN,ASO,CE,Towers with Radar,559,120,63,7,749,0,7,10,1,18,559,127,73,8,767,0,0,0,767
03/14/2014,MEM,TN,ASO,CE,Towers with Radar,549,115,50,4,718,0,2,15,1,18,549,117,65,5,736,0,0,0,736
03/15/2014,MEM,TN,ASO,CE,Towers with Radar,350,46,40,1,437,0,0,7,0,7,350,46,47,1,444,0,0,0,444
03/16/2014,MEM,TN,ASO,CE,Towers with Radar,251,74,46,1,372,0,0,0,0,0,251,74,46,1,372,0,0,0,372
03/17/2014,MEM,TN,ASO,CE,Towers with Radar,224,105,49,3,381,0,1,11,1,13,224,106,60,4,394,0,0,0,394
03/18/2014,MEM,TN,ASO,CE,Towers with Radar,576,122,43,28,769,0,2,9,3,14,576,124,52,31,783,0,0,0,783
03/19/2014,MEM,TN,ASO,CE,Towers with Radar,593,115,81,12,801,0,5,19,0,24,593,120,100,12,825,0,0,0,825
03/20/2014,MEM,TN,ASO,CE,Towers with Radar,569,120,73,9,771,0,6,16,0,22,569,126,89,9,793,0,0,0,793
03/21/2014,MEM,TN,ASO,CE,Towers with Radar,540,115,43,10,708,0,7,13,1,21,540,122,56,11,729,4,0,4,733
03/22/2014,MEM,TN,ASO,CE,Towers with Radar,347,35,21,1,404,0,3,7,0,10,347,38,28,1,414,7,0,7,421
03/23/2014,MEM,TN,ASO,CE,Towers with Radar,262,82,39,0,383,0,3,11,0,14,262,85,50,0,397,6,0,6,403
03/24/2014,MEM,TN,ASO,CE,Towers with Radar,206,102,44,3,355,0,2,13,0,15,206,104,57,3,370,0,0,0,370
03/25/2014,MEM,TN,ASO,CE,Towers with Radar,588,107,50,8,753,0,2,9,2,13,588,109,59,10,766,0,0,0,766
03/26/2014,MEM,TN,ASO,CE,Towers with Radar,591,110,31,8,740,0,5,6,2,13,591,115,37,10,753,8,0,8,761
03/27/2014,MEM,TN,ASO,CE,Towers with Radar,524,128,99,47,798,6,0,1,1,8,530,128,100,48,806,0,32,32,838
03/28/2014,MEM,TN,ASO,CE,Towers with Radar,551,130,57,7,745,0,0,1,0,1,551,130,58,7,746,0,0,0,746
03/29/2014,MEM,TN,ASO,CE,Towers with Radar,367,49,59,3,478,0,1,1,1,3,367,50,60,4,481,0,0,0,481
03/30/2014,MEM,TN,ASO,CE,Towers with Radar,260,71,29,4,364,0,5,10,1,16,260,76,39,5,380,0,0,0,380
03/31/2014,MEM,TN,ASO,CE,Towers with Radar,203,102,45,0,350,0,2,12,2,16,203,104,57,2,366,14,0,14,380
04/01/2014,MEM,TN,ASO,CE,Towers with Radar,596,113,39,11,759,0,0,5,0,5,596,113,44,11,764,0,0,0,764
04/02/2014,MEM,TN,ASO,CE,Towers with Radar,564,110,63,2,739,0,2,11,0,13,564,112,74,2,752,0,0,0,752
04/03/2014,MEM,TN,ASO,CE,Towers with Radar,553,110,55,14,732,0,0,0,0,0,553,110,55,14,732,0,21,21,753
04/04/2014,MEM,TN,ASO,CE,Towers with Radar,559,102,52,10,723,0,3,7,0,10,559,105,59,10,733,0,8,8,741
04/05/2014,MEM,TN,ASO,CE,Towers with Radar,353,38,27,6,424,0,1,10,1,12,353,39,37,7,436,9,0,9,445
04/06/2014,MEM,TN,ASO,CE,Towers with Radar,259,73,29,8,369,0,0,5,9,14,259,73,34,17,383,16,34,50,433
04/07/2014,MEM,TN,ASO,CE,Towers with Radar,197,99,40,6,342,0,0,4,0,4,197,99,44,6,346,0,0,0,346
04/08/2014,MEM,TN,ASO,CE,Towers with Radar,585,111,67,8,771,0,0,11,0,11,585,111,78,8,782,0,0,0,782
04/09/2014,MEM,TN,ASO,CE,Towers with Radar,591,109,89,5,794,0,5,13,0,18,591,114,102,5,812,0,0,0,812
04/10/2014,MEM,TN,ASO,CE,Towers with Radar,550,114,75,13,752,0,1,16,1,18,550,115,91,14,770,0,0,0,770
04/11/2014,MEM,TN,ASO,CE,Towers with Radar,531,116,63,8,718,0,1,17,0,18,531,117,80,8,736,0,0,0,736
04/12/2014,MEM,TN,ASO,CE,Towers with Radar,344,43,28,3,418,0,0,5,0,5,344,43,33,3,423,0,0,0,423
04/13/2014,MEM,TN,ASO,CE,Towers with Radar,244,72,28,3,347,0,0,1,0,1,244,72,29,3,348,0,0,0,348
04/14/2014,MEM,TN,ASO,CE,Towers with Radar,195,93,51,1,340,0,0,0,0,0,195,93,51,1,340,0,0,0,340
04/15/2014,MEM,TN,ASO,CE,Towers with Radar,586,103,75,11,775,0,6,8,0,14,586,109,83,11,789,0,0,0,789
04/16/2014,MEM,TN,ASO,CE,Towers with Radar,585,108,69,10,772,0,8,17,0,25,585,116,86,10,797,2,0,2,799
04/17/2014,MEM,TN,ASO,CE,Towers with Radar,555,111,77,18,761,0,7,16,0,23,555,118,93,18,784,0,0,0,784
04/18/2014,MEM,TN,ASO,CE,Towers with Radar,529,85,35,4,653,0,6,9,1,16,529,91,44,5,669,0,0,0,669
04/19/2014,MEM,TN,ASO,CE,Towers with Radar,336,36,24,2,398,0,2,12,1,15,336,38,36,3,413,0,0,0,413
04/20/2014,MEM,TN,ASO,CE,Towers with Radar,245,51,24,0,320,0,3,4,1,8,245,54,28,1,328,0,0,0,328
04/21/2014,MEM,TN,ASO,CE,Towers with Radar,204,96,64,6,370,0,0,4,0,4,204,96,68,6,374,14,0,14,388
04/22/2014,MEM,TN,ASO,CE,Towers with Radar,573,116,84,10,783,0,0,3,0,3,573,116,87,10,786,0,0,0,786
04/23/2014,MEM,TN,ASO,CE,Towers with Radar,559,98,61,6,724,0,5,23,1,29,559,103,84,7,753,0,0,0,753
04/24/2014,MEM,TN,ASO,CE,Towers with Radar,537,110,77,4,728,0,2,6,1,9,537,112,83,5,737,0,0,0,737
04/25/2014,MEM,TN,ASO,CE,Towers with Radar,537,107,50,8,702,0,6,10,0,16,537,113,60,8,718,0,0,0,718
04/26/2014,MEM,TN,ASO,CE,Towers with Radar,346,35,48,2,431,0,2,12,0,14,346,37,60,2,445,0,4,4,449
04/27/2014,MEM,TN,ASO,CE,Towers with Radar,256,63,29,0,348,0,0,3,0,3,256,63,32,0,351,0,0,0,351
04/28/2014,MEM,TN,ASO,CE,Towers with Radar,199,94,32,0,325,0,0,4,0,4,199,94,36,0,329,0,0,0,329
04/29/2014,MEM,TN,ASO,CE,Towers with Radar,583,106,67,10,766,0,2,4,0,6,583,108,71,10,772,0,0,0,772
04/30/2014,MEM,TN,ASO,CE,Towers with Radar,572,103,71,5,751,0,1,17,1,19,572,104,88,6,770,0,0,0,770
05/01/2014,MEM,TN,ASO,CE,Towers with Radar,559,127,77,10,773,0,5,28,2,35,559,132,105,12,808,8,6,14,822
05/02/2014,MEM,TN,ASO,CE,Towers with Radar,533,116,50,7,706,0,3,34,2,39,533,119,84,9,745,0,0,0,745
05/03/2014,MEM,TN,ASO,CE,Towers with Radar,337,30,27,17,411,0,3,25,2,30,337,33,52,19,441,0,24,24,465
05/04/2014,MEM,TN,ASO,CE,Towers with Radar,259,77,34,5,375,0,2,34,0,36,259,79,68,5,411,0,0,0,411
05/05/2014,MEM,TN,ASO,CE,Towers with Radar,210,87,33,3,333,0,1,33,0,34,210,88,66,3,367,0,0,0,367
05/06/2014,MEM,TN,ASO,CE,Towers with Radar,569,118,66,8,761,0,2,26,3,31,569,120,92,11,792,0,0,0,792
05/07/2014,MEM,TN,ASO,CE,Towers with Radar,570,115,79,3,767,0,4,23,2,29,570,119,102,5,796,0,16,16,812
05/08/2014,MEM,TN,ASO,CE,Towers with Radar,566,125,63,12,766,0,3,31,0,34,566,128,94,12,800,0,0,0,800
05/09/2014,MEM,TN,ASO,CE,Towers with Radar,539,120,55,6,720,0,0,13,0,13,539,120,68,6,733,0,0,0,733
05/10/2014,MEM,TN,ASO,CE,Towers with Radar,381,43,26,8,458,0,0,36,0,36,381,43,62,8,494,0,0,0,494
05/11/2014,MEM,TN,ASO,CE,Towers with Radar,237,50,32,1,320,0,0,22,0,22,237,50,54,1,342,0,0,0,342
05/12/2014,MEM,TN,ASO,CE,Towers with Radar,192,92,54,4,342,0,0,17,0,17,192,92,71,4,359,0,0,0,359
05/13/2014,MEM,TN,ASO,CE,Towers with Radar,564,110,69,2,745,0,0,16,0,16,564,110,85,2,761,0,0,0,761
05/14/2014,MEM,TN,ASO,CE,Towers with Radar,568,108,52,33,761,0,0,2,0,2,568,108,54,33,763,0,0,0,763
05/15/2014,MEM,TN,ASO,CE,Towers with Radar,575,124,75,10,784,0,3,26,7,36,575,127,101,17,820,12,4,16,836
05/16/2014,MEM,TN,ASO,CE,Towers with Radar,528,118,78,9,733,0,10,29,3,42,528,128,107,12,775,0,0,0,775
05/17/2014,MEM,TN,ASO,CE,Towers with Radar,345,40,24,2,411,0,2,14,0,16,345,42,38,2,427,0,0,0,427
05/18/2014,MEM,TN,ASO,CE,Towers with Radar,251,76,39,3,369,0,0,13,0,13,251,76,52,3,382,0,0,0,382
05/19/2014,MEM,TN,ASO,CE,Towers with Radar,197,100,59,4,360,0,5,35,0,40,197,105,94,4,400,0,0,0,400
05/20/2014,MEM,TN,ASO,CE,Towers with Radar,572,115,51,11,749,0,6,24,2,32,572,121,75,13,781,0,34,34,815
05/21/2014,MEM,TN,ASO,CE,Towers with Radar,573,128,67,2,770,0,5,34,0,39,573,133,101,2,809,11,0,11,820
05/22/2014,MEM,TN,ASO,CE,Towers with Radar,560,132,81,13,786,0,4,49,4,57,560,136,130,17,843,0,18,18,861
05/23/2014,MEM,TN,ASO,CE,Towers with Radar,527,120,50,7,704,0,1,46,0,47,527,121,96,7,751,18,0,18,769
05/24/2014,MEM,TN,ASO,CE,Towers with Radar,354,35,26,0,415,0,0,38,0,38,354,35,64,0,453,0,0,0,453
05/25/2014,MEM,TN,ASO,CE,Towers with Radar,238,41,17,0,296,0,0,24,0,24,238,41,41,0,320,4,0,4,324
05/26/2014,MEM,TN,ASO,CE,Towers with Radar,103,56,25,1,185,0,2,21,0,23,103,58,46,1,208,0,0,0,208
05/27/2014,MEM,TN,ASO,CE,Towers with Radar,230,87,57,0,374,0,2,14,0,16,230,89,71,0,390,6,0,6,396
05/28/2014,MEM,TN,ASO,CE,Towers with Radar,578,129,43,3,753,0,0,4,0,4,578,129,47,3,757,0,0,0,757
05/29/2014,MEM,TN,ASO,CE,Towers with Radar,561,120,43,6,730,0,0,26,0,26,561,120,69,6,756,0,0,0,756
05/30/2014,MEM,TN,ASO,CE,Towers with Radar,554,120,51,6,731,0,3,19,0,22,554,123,70,6,753,0,0,0,753
05/31/2014,MEM,TN,ASO,CE,Towers with Radar,356,38,24,6,424,0,0,26,0,26,356,38,50,6,450,0,0,0,450
06/01/2014,MEM,TN,ASO,CE,Towers with Radar,269,80,40,5,394,0,0,24,1,25,269,80,64,6,419,0,0,0,419
06/02/2014,MEM,TN,ASO,CE,Towers with Radar,207,108,56,10,381,0,3,52,0,55,207,111,108,10,436,0,0,0,436
06/03/2014,MEM,TN,ASO,CE,Towers with Radar,587,132,74,9,802,0,4,47,1,52,587,136,121,10,854,0,0,0,854
06/04/2014,MEM,TN,ASO,CE,Towers with Radar,543,117,71,3,734,0,4,33,0,37,543,121,104,3,771,0,0,0,771
06/05/2014,MEM,TN,ASO,CE,Towers with Radar,596,112,55,3,766,0,2,16,1,19,596,114,71,4,785,0,0,0,785
06/06/2014,MEM,TN,ASO,CE,Towers with Radar,525,116,46,1,688,0,0,22,1,23,525,116,68,2,711,0,0,0,711
06/07/2014,MEM,TN,ASO,CE,Towers with Radar,344,65,24,8,441,0,0,18,1,19,344,65,42,9,460,0,30,30,490
06/08/2014,MEM,TN,ASO,CE,Towers with Radar,243,88,60,3,394,0,0,31,0,31,243,88,91,3,425,0,0,0,425
06/09/2014,MEM,TN,ASO,CE,Towers with Radar,203,96,43,0,342,0,0,10,0,10,203,96,53,0,352,14,0,14,366
06/10/2014,MEM,TN,ASO,CE,Towers with Radar,586,106,65,4,761,0,0,14,0,14,586,106,79,4,775,0,0,0,775
06/11/2014,MEM,TN,ASO,CE,Towers with Radar,574,117,66,55,812,0,3,22,0,25,574,120,88,55,837,0,0,0,837
06/12/2014,MEM,TN,ASO,CE,Towers with Radar,584,109,45,2,740,0,2,36,0,38,584,111,81,2,778,0,0,0,778
06/13/2014,MEM,TN,ASO,CE,Towers with Radar,538,122,55,10,725,0,0,34,0,34,538,122,89,10,759,0,0,0,759
06/14/2014,MEM,TN,ASO,CE,Towers with Radar,339,49,26,13,427,0,2,27,0,29,339,51,53,13,456,2,0,2,458
06/15/2014,MEM,TN,ASO,CE,Towers with Radar,250,71,35,6,362,0,1,11,2,14,250,72,46,8,376,0,0,0,376
06/16/2014,MEM,TN,ASO,CE,Towers with Radar,209,98,56,8,371,0,3,24,1,28,209,101,80,9,399,6,0,6,405
06/17/2014,MEM,TN,ASO,CE,Towers with Radar,593,107,64,13,777,0,0,27,2,29,593,107,91,15,806,0,0,0,806
06/18/2014,MEM,TN,ASO,CE,Towers with Radar,581,114,66,5,766,0,0,34,2,36,581,114,100,7,802,0,10,10,812
06/19/2014,MEM,TN,ASO,CE,Towers with Radar,553,114,72,10,749,0,2,33,0,35,553,116,105,10,784,0,0,0,784
06/20/2014,MEM,TN,ASO,CE,Towers with Radar,535,113,47,2,697,0,1,24,0,25,535,114,71,2,722,0,0,0,722
06/21/2014,MEM,TN,ASO,CE,Towers with Radar,345,47,26,9,427,0,0,19,1,20,345,47,45,10,447,0,0,0,447
06/22/2014,MEM,TN,ASO,CE,Towers with Radar,254,67,41,6,368,0,1,19,2,22,254,68,60,8,390,0,0,0,390
06/23/2014,MEM,TN,ASO,CE,Towers with Radar,207,99,46,10,362,0,0,19,0,19,207,99,65,10,381,0,0,0,381
06/24/2014,MEM,TN,ASO,CE,Towers with Radar,588,118,52,15,773,0,0,12,10,22,588,118,64,25,795,0,0,0,795
06/25/2014,MEM,TN,ASO,CE,Towers with Radar,552,107,53,10,722,0,0,37,2,39,552,107,90,12,761,2,0,2,763
06/26/2014,MEM,TN,ASO,CE,Towers with Radar,618,134,59,11,822,0,3,25,0,28,618,137,84,11,850,0,7,7,857
06/27/2014,MEM,TN,ASO,CE,Towers with Radar,549,136,76,5,766,0,0,18,0,18,549,136,94,5,784,0,0,0,784
06/28/2014,MEM,TN,ASO,CE,Towers with Radar,347,47,30,0,424,0,4,8,0,12,347,51,38,0,436,0,0,0,436
06/29/2014,MEM,TN,ASO,CE,Towers with Radar,264,56,42,1,363,0,1,9,0,10,264,57,51,1,373,0,0,0,373
06/30/2014,MEM,TN,ASO,CE,Towers with Radar,188,75,51,0,314,0,2,19,2,23,188,77,70,2,337,0,0,0,337
07/01/2014,MEM,TN,ASO,CE,Towers with Radar,563,78,75,4,720,0,1,29,4,34,563,79,104,8,754,0,14,14,768
07/02/2014,MEM,TN,ASO,CE,Towers with Radar,594,102,49,23,768,0,0,26,0,26,594,102,75,23,794,0,0,0,794
07/03/2014,MEM,TN,ASO,CE,Towers with Radar,551,100,23,2,676,0,3,33,0,36,551,103,56,2,712,0,0,0,712
07/04/2014,MEM,TN,ASO,CE,Towers with Radar,151,56,12,1,220,0,5,10,0,15,151,61,22,1,235,0,0,0,235
07/05/2014,MEM,TN,ASO,CE,Towers with Radar,314,40,16,0,370,0,5,9,1,15,314,45,25,1,385,0,0,0,385
07/06/2014,MEM,TN,ASO,CE,Towers with Radar,252,60,33,2,347,0,1,10,0,11,252,61,43,2,358,0,0,0,358
07/07/2014,MEM,TN,ASO,CE,Towers with Radar,201,100,54,2,357,0,1,28,0,29,201,101,82,2,386,0,0,0,386
07/08/2014,MEM,TN,ASO,CE,Towers with Radar,549,100,49,3,701,0,0,17,0,17,549,100,66,3,718,0,0,0,718
07/09/2014,MEM,TN,ASO,CE,Towers with Radar,619,114,69,11,813,0,0,38,0,38,619,114,107,11,851,0,6,6,857
07/10/2014,MEM,TN,ASO,CE,Towers with Radar,574,115,43,9,741,0,1,19,3,23,574,116,62,12,764,0,4,4,768
07/11/2014,MEM,TN,ASO,CE,Towers with Radar,537,119,64,10,730,0,4,23,1,28,537,123,87,11,758,6,0,6,764
07/12/2014,MEM,TN,ASO,CE,Towers with Radar,345,43,21,5,414,0,1,17,1,19,345,44,38,6,433,2,0,2,435
07/13/2014,MEM,TN,ASO,CE,Towers with Radar,263,67,33,1,364,0,3,22,0,25,263,70,55,1,389,0,0,0,389
07/14/2014,MEM,TN,ASO,CE,Towers with Radar,208,83,48,0,339,0,0,14,0,14,208,83,62,0,353,0,0,0,353
07/15/2014,MEM,TN,ASO,CE,Towers with Radar,596,112,56,2,766,0,1,28,2,31,596,113,84,4,797,0,0,0,797
07/16/2014,MEM,TN,ASO,CE,Towers with Radar,577,116,75,7,775,0,0,22,2,24,577,116,97,9,799,0,0,0,799
07/17/2014,MEM,TN,ASO,CE,Towers with Radar,559,107,60,3,729,0,1,19,4,24,559,108,79,7,753,0,0,0,753
07/18/2014,MEM,TN,ASO,CE,Towers with Radar,518,116,48,4,686,0,0,11,0,11,518,116,59,4,697,0,0,0,697
07/19/2014,MEM,TN,ASO,CE,Towers with Radar,366,39,23,10,438,0,0,7,1,8,366,39,30,11,446,0,0,0,446
07/20/2014,MEM,TN,ASO,CE,Towers with Radar,246,77,34,3,360,0,0,14,2,16,246,77,48,5,376,0,0,0,376
07/21/2014,MEM,TN,ASO,CE,Towers with Radar,213,108,47,2,370,0,1,18,1,20,213,109,65,3,390,0,0,0,390
07/22/2014,MEM,TN,ASO,CE,Towers with Radar,572,106,50,7,735,0,3,32,2,37,572,109,82,9,772,0,0,0,772
07/23/2014,MEM,TN,ASO,CE,Towers with Radar,566,109,41,0,716,0,0,12,10,22,566,109,53,10,738,0,0,0,738
07/24/2014,MEM,TN,ASO,CE,Towers with Radar,582,114,41,12,749,0,2,10,9,21,582,116,51,21,770,0,16,16,786
07/25/2014,MEM,TN,ASO,CE,Towers with Radar,535,113,39,4,691,0,3,14,1,18,535,116,53,5,709,0,0,0,709
07/26/2014,MEM,TN,ASO,CE,Towers with Radar,350,39,25,4,418,0,2,2,2,6,350,41,27,6,424,0,0,0,424
07/27/2014,MEM,TN,ASO,CE,Towers with Radar,251,68,39,0,358,0,1,10,0,11,251,69,49,0,369,0,0,0,369
07/28/2014,MEM,TN,ASO,CE,Towers with Radar,216,99,51,5,371,0,5,18,4,27,216,104,69,9,398,16,0,16,414
07/29/2014,MEM,TN,ASO,CE,Towers with Radar,579,112,61,21,773,0,4,31,7,42,579,116,92,28,815,0,0,0,815
07/30/2014,MEM,TN,ASO,CE,Towers with Radar,569,110,43,5,727,0,0,8,10,18,569,110,51,15,745,0,0,0,745
07/31/2014,MEM,TN,ASO,CE,Towers with Radar,567,116,58,5,746,0,0,9,7,16,567,116,67,12,762,0,0,0,762
08/01/2014,MEM,TN,ASO,CE,Towers with Radar,531,112,45,1,689,0,0,9,2,11,531,112,54,3,700,0,0,0,700
08/02/2014,MEM,TN,ASO,CE,Towers with Radar,352,39,22,14,427,0,3,8,5,16,352,42,30,19,443,0,28,28,471
08/03/2014,MEM,TN,ASO,CE,Towers with Radar,252,72,31,7,362,0,0,13,1,14,252,72,44,8,376,0,0,0,376
08/04/2014,MEM,TN,ASO,CE,Towers with Radar,205,102,48,8,363,0,2,14,10,26,205,104,62,18,389,0,0,0,389
08/05/2014,MEM,TN,ASO,CE,Towers with Radar,578,105,60,9,752,0,6,9,7,22,578,111,69,16,774,0,0,0,774
08/06/2014,MEM,TN,ASO,CE,Towers with Radar,574,107,40,11,732,0,5,8,15,28,574,112,48,26,760,0,10,10,770
08/07/2014,MEM,TN,ASO,CE,Towers with Radar,561,117,61,3,742,0,3,11,6,20,561,120,72,9,762,0,8,8,770
08/08/2014,MEM,TN,ASO,CE,Towers with Radar,538,117,49,2,706,0,2,4,5,11,538,119,53,7,717,0,0,0,717
08/09/2014,MEM,TN,ASO,CE,Towers with Radar,347,44,27,0,418,0,0,3,9,12,347,44,30,9,430,0,0,0,430
08/10/2014,MEM,TN,ASO,CE,Towers with Radar,247,70,22,6,345,0,0,2,6,8,247,70,24,12,353,0,0,0,353
08/11/2014,MEM,TN,ASO,CE,Towers with Radar,216,98,47,9,370,0,2,2,8,12,216,100,49,17,382,0,0,0,382
08/12/2014,MEM,TN,ASO,CE,Towers with Radar,572,109,68,15,764,0,5,10,10,25,572,114,78,25,789,0,0,0,789
08/13/2014,MEM,TN,ASO,CE,Towers with Radar,570,111,62,12,755,0,3,16,6,25,570,114,78,18,780,0,0,0,780
08/14/2014,MEM,TN,ASO,CE,Towers with Radar,570,115,64,6,755,0,0,9,1,10,570,115,73,7,765,6,30,36,801
08/15/2014,MEM,TN,ASO,CE,Towers with Radar,532,113,67,7,719,0,0,18,0,18,532,113,85,7,737,0,0,0,737
08/16/2014,MEM,TN,ASO,CE,Towers with Radar,358,45,23,3,429,0,1,9,3,13,358,46,32,6,442,0,0,0,442
08/17/2014,MEM,TN,ASO,CE,Towers with Radar,246,63,29,4,342,0,1,5,3,9,246,64,34,7,351,0,0,0,351
08/18/2014,MEM,TN,ASO,CE,Towers with Radar,211,100,42,0,353,0,2,7,0,9,211,102,49,0,362,0,0,0,362
08/19/2014,MEM,TN,ASO,CE,Towers with Radar,569,112,62,5,748,0,1,2,2,5,569,113,64,7,753,0,0,0,753
08/20/2014,MEM,TN,ASO,CE,Towers with Radar,584,108,54,6,752,0,3,10,1,14,584,111,64,7,766,0,10,10,776
08/21/2014,MEM,TN,ASO,CE,Towers with Radar,561,119,70,10,760,0,3,4,0,7,561,122,74,10,767,0,0,0,767
08/22/2014,MEM,TN,ASO,CE,Towers with Radar,543,108,69,10,730,0,4,28,3,35,543,112,97,13,765,0,0,0,765
08/23/2014,MEM,TN,ASO,CE,Towers with Radar,353,40,25,2,420,0,0,8,0,8,353,40,33,2,428,0,0,0,428
08/24/2014,MEM,TN,ASO,CE,Towers with Radar,258,66,29,4,357,0,2,13,1,16,258,68,42,5,373,0,0,0,373
08/25/2014,MEM,TN,ASO,CE,Towers with Radar,224,81,50,11,366,0,6,6,0,12,224,87,56,11,378,0,0,0,378
08/26/2014,MEM,TN,ASO,CE,Towers with Radar,579,98,43,6,726,0,4,8,0,12,579,102,51,6,738,0,0,0,738
08/27/2014,MEM,TN,ASO,CE,Towers with Radar,576,103,61,16,756,0,2,6,3,11,576,105,67,19,767,0,0,0,767
08/28/2014,MEM,TN,ASO,CE,Towers with Radar,564,116,67,13,760,0,0,9,9,18,564,116,76,22,778,6,6,12,790
08/29/2014,MEM,TN,ASO,CE,Towers with Radar,542,110,52,5,709,0,2,8,4,14,542,112,60,9,723,0,0,0,723
08/30/2014,MEM,TN,ASO,CE,Towers with Radar,341,38,15,0,394,0,1,3,0,4,341,39,18,0,398,0,0,0,398
08/31/2014,MEM,TN,ASO,CE,Towers with Radar,245,36,22,8,311,0,2,7,3,12,245,38,29,11,323,0,0,0,323
09/01/2014,MEM,TN,ASO,CE,Towers with Radar,101,71,33,2,207,0,0,6,2,8,101,71,39,4,215,0,0,0,215
09/02/2014,MEM,TN,ASO,CE,Towers with Radar,231,96,40,3,370,0,1,5,0,6,231,97,45,3,376,0,0,0,376
09/03/2014,MEM,TN,ASO,CE,Towers with Radar,582,87,44,3,716,0,0,8,1,9,582,87,52,4,725,0,0,0,725
09/04/2014,MEM,TN,ASO,CE,Towers with Radar,573,93,66,17,749,0,3,9,0,12,573,96,75,17,761,0,2,2,763
09/05/2014,MEM,TN,ASO,CE,Towers with Radar,533,93,48,7,681,0,0,15,0,15,533,93,63,7,696,0,0,0,696
09/06/2014,MEM,TN,ASO,CE,Towers with Radar,355,35,31,2,423,0,0,10,0,10,355,35,41,2,433,0,0,0,433
09/07/2014,MEM,TN,ASO,CE,Towers with Radar,271,64,43,0,378,0,0,9,0,9,271,64,52,0,387,14,0,14,401
09/08/2014,MEM,TN,ASO,CE,Towers with Radar,224,107,68,3,402,0,1,13,9,23,224,108,81,12,425,0,0,0,425
09/09/2014,MEM,TN,ASO,CE,Towers with Radar,575,104,77,5,761,0,4,6,0,10,575,108,83,5,771,0,0,0,771
09/10/2014,MEM,TN,ASO,CE,Towers with Radar,576,110,57,2,745,0,2,5,2,9,576,112,62,4,754,6,0,6,760
09/11/2014,MEM,TN,ASO,CE,Towers with Radar,557,108,66,3,734,0,0,0,0,0,557,108,66,3,734,0,0,0,734
09/12/2014,MEM,TN,ASO,CE,Towers with Radar,558,109,50,1,718,0,0,0,0,0,558,109,50,1,718,0,0,0,718
09/13/2014,MEM,TN,ASO,CE,Towers with Radar,364,45,16,0,425,0,1,5,1,7,364,46,21,1,432,0,0,0,432
09/14/2014,MEM,TN,ASO,CE,Towers with Radar,261,68,38,5,372,0,0,8,3,11,261,68,46,8,383,0,0,0,383
09/15/2014,MEM,TN,ASO,CE,Towers with Radar,209,112,46,8,375,0,2,13,0,15,209,114,59,8,390,0,0,0,390
09/16/2014,MEM,TN,ASO,CE,Towers with Radar,592,111,66,11,780,0,0,8,3,11,592,111,74,14,791,0,0,0,791
09/17/2014,MEM,TN,ASO,CE,Towers with Radar,582,113,60,7,762,0,0,11,1,12,582,113,71,8,774,0,0,0,774
09/18/2014,MEM,TN,ASO,CE,Towers with Radar,570,107,62,15,754,0,0,11,0,11,570,107,73,15,765,0,0,0,765
09/19/2014,MEM,TN,ASO,CE,Towers with Radar,546,120,61,5,732,0,0,21,4,25,546,120,82,9,757,0,0,0,757
09/20/2014,MEM,TN,ASO,CE,Towers with Radar,349,43,27,6,425,0,3,12,3,18,349,46,39,9,443,0,0,0,443
09/21/2014,MEM,TN,ASO,CE,Towers with Radar,267,76,29,3,375,0,0,7,3,10,267,76,36,6,385,0,0,0,385
09/22/2014,MEM,TN,ASO,CE,Towers with Radar,215,105,59,4,383,0,2,9,0,11,215,107,68,4,394,0,0,0,394
09/23/2014,MEM,TN,ASO,CE,Towers with Radar,574,96,63,10,743,0,4,34,10,48,574,100,97,20,791,0,0,0,791
09/24/2014,MEM,TN,ASO,CE,Towers with Radar,581,111,61,6,759,0,1,19,2,22,581,112,80,8,781,6,26,32,813
09/25/2014,MEM,TN,ASO,CE,Towers with Radar,558,115,54,7,734,0,2,8,3,13,558,117,62,10,747,0,6,6,753
09/26/2014,MEM,TN,ASO,CE,Towers with Radar,538,114,68,5,725,0,0,10,2,12,538,114,78,7,737,0,0,0,737
09/27/2014,MEM,TN,ASO,CE,Towers with Radar,356,42,20,0,418,0,0,9,0,9,356,42,29,0,427,0,0,0,427
09/28/2014,MEM,TN,ASO,CE,Towers with Radar,267,76,58,6,407,0,0,1,2,3,267,76,59,8,410,0,0,0,410
09/29/2014,MEM,TN,ASO,CE,Towers with Radar,225,103,60,1,389,0,2,10,1,13,225,105,70,2,402,0,0,0,402
09/30/2014,MEM,TN,ASO,CE,Towers with Radar,582,115,55,3,755,0,2,7,3,12,582,117,62,6,767,0,0,0,767
10/01/2014,MEM,TN,ASO,CE,Towers with Radar,590,111,62,0,763,0,0,13,3,16,590,111,75,3,779,0,0,0,779
10/02/2014,MEM,TN,ASO,CE,Towers with Radar,484,115,54,9,662,0,0,3,4,7,484,115,57,13,669,0,0,0,669
10/03/2014,MEM,TN,ASO,CE,Towers with Radar,616,122,56,12,806,0,0,13,0,13,616,122,69,12,819,0,0,0,819
10/04/2014,MEM,TN,ASO,CE,Towers with Radar,350,40,34,3,427,0,0,9,3,12,350,40,43,6,439,0,0,0,439
10/05/2014,MEM,TN,ASO,CE,Towers with Radar,261,75,48,0,384,0,0,5,0,5,261,75,53,0,389,0,0,0,389
10/06/2014,MEM,TN,ASO,CE,Towers with Radar,217,102,49,0,368,0,0,6,0,6,217,102,55,0,374,0,0,0,374
10/07/2014,MEM,TN,ASO,CE,Towers with Radar,587,116,49,6,758,0,0,2,1,3,587,116,51,7,761,0,0,0,761
10/08/2014,MEM,TN,ASO,CE,Towers with Radar,580,103,64,9,756,0,0,4,1,5,580,103,68,10,761,0,0,0,761
10/09/2014,MEM,TN,ASO,CE,Towers with Radar,564,111,61,9,745,0,0,14,1,15,564,111,75,10,760,0,0,0,760
10/10/2014,MEM,TN,ASO,CE,Towers with Radar,530,116,34,4,684,0,0,7,1,8,530,116,41,5,692,0,0,0,692
10/11/2014,MEM,TN,ASO,CE,Towers with Radar,384,51,31,0,466,0,0,0,0,0,384,51,31,0,466,0,0,0,466
10/12/2014,MEM,TN,ASO,CE,Towers with Radar,257,71,37,0,365,0,0,0,2,2,257,71,37,2,367,0,0,0,367
10/13/2014,MEM,TN,ASO,CE,Towers with Radar,187,91,43,0,321,0,0,0,0,0,187,91,43,0,321,0,0,0,321
10/14/2014,MEM,TN,ASO,CE,Towers with Radar,587,97,64,3,751,0,1,7,2,10,587,98,71,5,761,0,0,0,761
10/15/2014,MEM,TN,ASO,CE,Towers with Radar,596,109,61,18,784,0,0,17,1,18,596,109,78,19,802,0,8,8,810
10/16/2014,MEM,TN,ASO,CE,Towers with Radar,573,107,76,4,760,0,5,17,2,24,573,112,93,6,784,6,0,6,790
10/17/2014,MEM,TN,ASO,CE,Towers with Radar,552,121,71,14,758,0,6,13,2,21,552,127,84,16,779,0,0,0,779
10/18/2014,MEM,TN,ASO,CE,Towers with Radar,356,39,34,2,431,0,0,7,0,7,356,39,41,2,438,0,0,0,438
10/19/2014,MEM,TN,ASO,CE,Towers with Radar,260,75,50,3,388,0,2,5,1,8,260,77,55,4,396,0,0,0,396
10/20/2014,MEM,TN,ASO,CE,Towers with Radar,217,101,47,8,373,0,0,10,1,11,217,101,57,9,384,0,4,4,388
10/21/2014,MEM,TN,ASO,CE,Towers with Radar,591,101,70,13,775,0,7,13,2,22,591,108,83,15,797,0,0,0,797
10/22/2014,MEM,TN,ASO,CE,Towers with Radar,582,100,67,2,751,0,4,12,0,16,582,104,79,2,767,0,0,0,767
10/23/2014,MEM,TN,ASO,CE,Towers with Radar,567,114,51,4,736,0,3,23,0,26,567,117,74,4,762,0,0,0,762
10/24/2014,MEM,TN,ASO,CE,Towers with Radar,554,112,65,10,741,0,4,13,0,17,554,116,78,10,758,0,6,6,764
10/25/2014,MEM,TN,ASO,CE,Towers with Radar,352,45,25,2,424,0,3,7,1,11,352,48,32,3,435,0,0,0,435
10/26/2014,MEM,TN,ASO,CE,Towers with Radar,277,73,35,0,385,0,0,7,0,7,277,73,42,0,392,0,0,0,392
10/27/2014,MEM,TN,ASO,CE,Towers with Radar,208,106,62,5,381,0,2,16,1,19,208,108,78,6,400,0,0,0,400
10/28/2014,MEM,TN,ASO,CE,Towers with Radar,573,94,61,5,733,0,0,0,0,0,573,94,61,5,733,0,0,0,733
10/29/2014,MEM,TN,ASO,CE,Towers with Radar,605,102,45,7,759,0,2,17,1,20,605,104,62,8,779,0,0,0,779
10/30/2014,MEM,TN,ASO,CE,Towers with Radar,563,93,65,14,735,0,0,15,0,15,563,93,80,14,750,0,0,0,750
10/31/2014,MEM,TN,ASO,CE,Towers with Radar,522,91,42,8,663,0,3,21,0,24,522,94,63,8,687,0,0,0,687
11/01/2014,MEM,TN,ASO,CE,Towers with Radar,362,52,26,13,453,0,2,4,0,6,362,54,30,13,459,0,18,18,477
11/02/2014,MEM,TN,ASO,CE,Towers with Radar,264,72,35,0,371,0,0,6,0,6,264,72,41,0,377,0,0,0,377
11/03/2014,MEM,TN,ASO,CE,Towers with Radar,223,107,59,0,389,0,1,16,1,18,223,108,75,1,407,0,0,0,407
11/04/2014,MEM,TN,ASO,CE,Towers with Radar,554,108,80,4,746,0,3,9,1,13,554,111,89,5,759,0,0,0,759
11/05/2014,MEM,TN,ASO,CE,Towers with Radar,603,121,51,11,786,0,0,0,0,0,603,121,51,11,786,0,0,0,786
11/06/2014,MEM,TN,ASO,CE,Towers with Radar,590,122,74,5,791,0,0,13,3,16,590,122,87,8,807,0,2,2,809
11/07/2014,MEM,TN,ASO,CE,Towers with Radar,550,117,47,5,719,0,2,8,2,12,550,119,55,7,731,0,0,0,731
11/08/2014,MEM,TN,ASO,CE,Towers with Radar,356,48,29,6,439,0,2,6,0,8,356,50,35,6,447,0,0,0,447
11/09/2014,MEM,TN,ASO,CE,Towers with Radar,269,76,34,7,386,0,0,6,2,8,269,76,40,9,394,0,0,0,394
11/10/2014,MEM,TN,ASO,CE,Towers with Radar,202,101,48,3,354,0,2,9,0,11,202,103,57,3,365,0,0,0,365
11/11/2014,MEM,TN,ASO,CE,Towers with Radar,593,111,56,0,760,0,0,1,0,1,593,111,57,0,761,0,0,0,761
11/12/2014,MEM,TN,ASO,CE,Towers with Radar,580,116,67,15,778,0,0,11,0,11,580,116,78,15,789,0,0,0,789
11/13/2014,MEM,TN,ASO,CE,Towers with Radar,600,112,62,6,780,0,0,12,6,18,600,112,74,12,798,0,0,0,798
11/14/2014,MEM,TN,ASO,CE,Towers with Radar,560,117,70,12,759,0,1,24,2,27,560,118,94,14,786,0,0,0,786
11/15/2014,MEM,TN,ASO,CE,Towers with Radar,368,58,29,3,458,0,2,13,0,15,368,60,42,3,473,0,0,0,473
11/16/2014,MEM,TN,ASO,CE,Towers with Radar,285,73,39,0,397,0,0,0,0,0,285,73,39,0,397,0,0,0,397
11/17/2014,MEM,TN,ASO,CE,Towers with Radar,205,96,66,1,368,0,0,9,0,9,205,96,75,1,377,0,0,0,377
11/18/2014,MEM,TN,ASO,CE,Towers with Radar,600,109,68,6,783,0,0,8,2,10,600,109,76,8,793,0,0,0,793
11/19/2014,MEM,TN,ASO,CE,Towers with Radar,613,113,55,12,793,0,2,8,5,15,613,115,63,17,808,0,0,0,808
11/20/2014,MEM,TN,ASO,CE,Towers with Radar,591,127,60,7,785,0,0,12,0,12,591,127,72,7,797,0,0,0,797
11/21/2014,MEM,TN,ASO,CE,Towers with Radar,550,128,69,7,754,0,0,5,0,5,550,128,74,7,759,0,0,0,759
11/22/2014,MEM,TN,ASO,CE,Towers with Radar,383,59,34,2,478,0,0,4,0,4,383,59,38,2,482,0,0,0,482
11/23/2014,MEM,TN,ASO,CE,Towers with Radar,283,63,18,2,366,0,0,0,0,0,283,63,18,2,366,0,0,0,366
11/24/2014,MEM,TN,ASO,CE,Towers with Radar,197,78,33,1,309,0,3,11,0,14,197,81,44,1,323,0,0,0,323
11/25/2014,MEM,TN,ASO,CE,Towers with Radar,620,125,83,5,833,0,8,17,0,25,620,133,100,5,858,0,0,0,858
11/26/2014,MEM,TN,ASO,CE,Towers with Radar,615,115,45,3,778,0,0,13,0,13,615,115,58,3,791,0,0,0,791
11/27/2014,MEM,TN,ASO,CE,Towers with Radar,166,51,4,1,222,0,0,6,0,6,166,51,10,1,228,0,0,0,228
11/28/2014,MEM,TN,ASO,CE,Towers with Radar,474,67,24,1,566,0,0,9,0,9,474,67,33,1,575,0,0,0,575
11/29/2014,MEM,TN,ASO,CE,Towers with Radar,392,91,37,0,520,0,0,1,0,1,392,91,38,0,521,0,0,0,521
11/30/2014,MEM,TN,ASO,CE,Towers with Radar,301,100,63,0,464,0,0,1,0,1,301,100,64,0,465,0,0,0,465
12/01/2014,MEM,TN,ASO,CE,Towers with Radar,200,103,60,4,367,0,0,0,0,0,200,103,60,4,367,0,0,0,367
12/02/2014,MEM,TN,ASO,CE,Towers with Radar,652,100,54,6,812,0,0,0,0,0,652,100,54,6,812,0,0,0,812
12/03/2014,MEM,TN,ASO,CE,Towers with Radar,665,96,78,8,847,0,0,1,0,1,665,96,79,8,848,0,0,0,848
12/04/2014,MEM,TN,ASO,CE,Towers with Radar,660,105,67,18,850,0,0,2,1,3,660,105,69,19,853,0,2,2,855
12/05/2014,MEM,TN,ASO,CE,Towers with Radar,608,106,34,5,753,0,0,0,0,0,608,106,34,5,753,0,0,0,753
12/06/2014,MEM,TN,ASO,CE,Towers with Radar,432,49,18,1,500,0,0,1,0,1,432,49,19,1,501,0,0,0,501
12/07/2014,MEM,TN,ASO,CE,Towers with Radar,332,66,30,4,432,0,0,0,1,1,332,66,30,5,433,0,0,0,433
12/08/2014,MEM,TN,ASO,CE,Towers with Radar,245,98,42,4,389,0,3,9,0,12,245,101,51,4,401,0,0,0,401
12/09/2014,MEM,TN,ASO,CE,Towers with Radar,664,99,94,7,864,0,0,5,0,5,664,99,99,7,869,2,0,2,871
12/10/2014,MEM,TN,ASO,CE,Towers with Radar,679,100,53,5,837,0,2,6,2,10,679,102,59,7,847,0,0,0,847
12/11/2014,MEM,TN,ASO,CE,Towers with Radar,660,108,51,10,829,0,2,12,0,14,660,110,63,10,843,0,0,0,843
12/12/2014,MEM,TN,ASO,CE,Towers with Radar,637,102,57,9,805,0,3,10,1,14,637,105,67,10,819,0,0,0,819
12/13/2014,MEM,TN,ASO,CE,Towers with Radar,422,42,18,7,489,0,0,8,0,8,422,42,26,7,497,0,0,0,497
12/14/2014,MEM,TN,ASO,CE,Towers with Radar,337,62,31,1,431,0,0,3,0,3,337,62,34,1,434,0,0,0,434
12/15/2014,MEM,TN,ASO,CE,Towers with Radar,233,89,52,1,375,0,0,5,0,5,233,89,57,1,380,0,0,0,380
12/16/2014,MEM,TN,ASO,CE,Towers with Radar,710,120,73,3,906,0,5,6,2,13,710,125,79,5,919,0,0,0,919
12/17/2014,MEM,TN,ASO,CE,Towers with Radar,734,108,59,2,903,0,4,14,1,19,734,112,73,3,922,0,0,0,922
12/18/2014,MEM,TN,ASO,CE,Towers with Radar,696,137,76,22,931,0,6,11,2,19,696,143,87,24,950,0,0,0,950
12/19/2014,MEM,TN,ASO,CE,Towers with Radar,692,126,53,3,874,0,0,7,0,7,692,126,60,3,881,0,0,0,881
12/20/2014,MEM,TN,ASO,CE,Towers with Radar,505,68,33,2,608,1,0,1,0,2,506,68,34,2,610,0,0,0,610
12/21/2014,MEM,TN,ASO,CE,Towers with Radar,437,65,38,0,540,0,0,2,0,2,437,65,40,0,542,0,0,0,542
12/22/2014,MEM,TN,ASO,CE,Towers with Radar,442,70,40,0,552,0,0,0,0,0,442,70,40,0,552,0,0,0,552
12/23/2014,MEM,TN,ASO,CE,Towers with Radar,714,96,42,0,852,0,1,4,0,5,714,97,46,0,857,0,0,0,857
12/24/2014,MEM,TN,ASO,CE,Towers with Radar,670,57,20,0,747,0,1,4,1,6,670,58,24,1,753,0,0,0,753
12/25/2014,MEM,TN,ASO,CE,Towers with Radar,158,40,8,0,206,0,3,1,0,4,158,43,9,0,210,0,0,0,210
12/26/2014,MEM,TN,ASO,CE,Towers with Radar,520,73,20,0,613,0,6,4,0,10,520,79,24,0,623,0,0,0,623
12/27/2014,MEM,TN,ASO,CE,Towers with Radar,394,65,20,0,479,0,0,0,0,0,394,65,20,0,479,0,0,0,479
12/28/2014,MEM,TN,ASO,CE,Towers with Radar,287,75,41,0,403,0,0,1,0,1,287,75,42,0,404,0,0,0,404
12/29/2014,MEM,TN,ASO,CE,Towers with Radar,219,80,62,0,361,0,1,0,0,1,219,81,62,0,362,0,0,0,362
12/30/2014,MEM,TN,ASO,CE,Towers with Radar,627,91,32,2,752,0,10,8,0,18,627,101,40,2,770,0,0,0,770
12/31/2014,MEM,TN,ASO,CE,Towers with Radar,598,77,35,0,710,0,3,5,0,8,598,80,40,0,718,0,0,0,718
01/01/2015,MEM,TN,ASO,CE,Towers with Radar,148,56,9,0,213,0,0,2,0,2,148,56,11,0,215,0,0,0,215
01/02/2015,MEM,TN,ASO,CE,Towers with Radar,528,76,33,1,638,0,0,0,0,0,528,76,33,1,638,0,0,0,638
01/03/2015,MEM,TN,ASO,CE,Towers with Radar,395,60,24,0,479,0,0,0,0,0,395,60,24,0,479,0,0,0,479
01/04/2015,MEM,TN,ASO,CE,Towers with Radar,280,64,34,0,378,0,0,0,0,0,280,64,34,0,378,0,0,0,378
01/05/2015,MEM,TN,ASO,CE,Towers with Radar,207,75,59,0,341,0,0,16,0,16,207,75,75,0,357,0,0,0,357
01/06/2015,MEM,TN,ASO,CE,Towers with Radar,600,85,65,8,758,0,4,19,4,27,600,89,84,12,785,0,0,0,785
01/07/2015,MEM,TN,ASO,CE,Towers with Radar,591,83,50,4,728,0,0,4,1,5,591,83,54,5,733,0,0,0,733
01/08/2015,MEM,TN,ASO,CE,Towers with Radar,572,96,54,10,732,0,7,22,1,30,572,103,76,11,762,0,0,0,762
01/09/2015,MEM,TN,ASO,CE,Towers with Radar,551,83,35,5,674,0,10,19,1,30,551,93,54,6,704,0,0,0,704
01/10/2015,MEM,TN,ASO,CE,Towers with Radar,362,45,17,2,426,0,0,5,2,7,362,45,22,4,433,0,0,0,433
01/11/2015,MEM,TN,ASO,CE,Towers with Radar,260,62,29,1,352,0,0,2,0,2,260,62,31,1,354,0,0,0,354
01/12/2015,MEM,TN,ASO,CE,Towers with Radar,199,68,37,3,307,0,0,0,0,0,199,68,37,3,307,0,0,0,307
01/13/2015,MEM,TN,ASO,CE,Towers with Radar,600,97,50,17,764,0,0,7,0,7,600,97,57,17,771,0,0,0,771
01/14/2015,MEM,TN,ASO,CE,Towers with Radar,594,84,57,6,741,0,2,6,0,8,594,86,63,6,749,0,0,0,749
01/15/2015,MEM,TN,ASO,CE,Towers with Radar,572,90,92,21,775,0,2,11,0,13,572,92,103,21,788,0,0,0,788
01/16/2015,MEM,TN,ASO,CE,Towers with Radar,554,86,43,2,685,0,2,16,0,18,554,88,59,2,703,0,0,0,703
01/17/2015,MEM,TN,ASO,CE,Towers with Radar,356,37,26,3,422,0,2,10,0,12,356,39,36,3,434,0,0,0,434
01/18/2015,MEM,TN,ASO,CE,Towers with Radar,264,44,10,2,320,0,0,8,0,8,264,44,18,2,328,0,0,0,328
01/19/2015,MEM,TN,ASO,CE,Towers with Radar,224,70,56,3,353,0,1,9,1,11,224,71,65,4,364,0,0,0,364
01/20/2015,MEM,TN,ASO,CE,Towers with Radar,565,79,74,3,721,0,1,14,0,15,565,80,88,3,736,0,0,0,736
01/21/2015,MEM,TN,ASO,CE,Towers with Radar,585,83,62,12,742,0,2,17,2,21,585,85,79,14,763,0,0,0,763
01/22/2015,MEM,TN,ASO,CE,Towers with Radar,577,91,44,3,715,0,4,11,0,15,577,95,55,3,730,0,0,0,730
01/23/2015,MEM,TN,ASO,CE,Towers with Radar,551,87,37,3,678,0,0,1,0,1,551,87,38,3,679,0,0,0,679
01/24/2015,MEM,TN,ASO,CE,Towers with Radar,356,47,20,1,424,0,0,7,0,7,356,47,27,1,431,0,0,0,431
01/25/2015,MEM,TN,ASO,CE,Towers with Radar,283,50,32,0,365,0,0,4,3,7,283,50,36,3,372,0,0,0,372
01/26/2015,MEM,TN,ASO,CE,Towers with Radar,212,77,58,2,349,0,0,28,1,29,212,77,86,3,378,0,0,0,378
01/27/2015,MEM,TN,ASO,CE,Towers with Radar,569,72,63,6,710,0,4,15,1,20,569,76,78,7,730,0,0,0,730
01/28/2015,MEM,TN,ASO,CE,Towers with Radar,581,85,46,5,717,0,1,19,4,24,581,86,65,9,741,0,0,0,741
01/29/2015,MEM,TN,ASO,CE,Towers with Radar,598,88,61,13,760,0,0,9,10,19,598,88,70,23,779,0,0,0,779
01/30/2015,MEM,TN,ASO,CE,Towers with Radar,556,89,54,3,702,0,1,22,4,27,556,90,76,7,729,0,0,0,729
01/31/2015,MEM,TN,ASO,CE,Towers with Radar,353,44,26,0,423,0,0,4,2,6,353,44,30,2,429,0,0,0,429
02/01/2015,MEM,TN,ASO,CE,Towers with Radar,256,43,16,1,316,0,0,0,0,0,256,43,16,1,316,0,0,0,316
02/02/2015,MEM,TN,ASO,CE,Towers with Radar,197,68,51,0,316,0,1,7,1,9,197,69,58,1,325,0,0,0,325
02/03/2015,MEM,TN,ASO,CE,Towers with Radar,580,92,58,3,733,0,1,18,1,20,580,93,76,4,753,0,0,0,753
02/04/2015,MEM,TN,ASO,CE,Towers with Radar,609,88,58,16,771,0,0,14,0,14,609,88,72,16,785,0,0,0,785
02/05/2015,MEM,TN,ASO,CE,Towers with Radar,573,83,56,6,718,0,1,14,0,15,573,84,70,6,733,0,0,0,733
02/06/2015,MEM,TN,ASO,CE,Towers with Radar,545,94,54,4,697,0,0,15,0,15,545,94,69,4,712,0,0,0,712
02/07/2015,MEM,TN,ASO,CE,Towers with Radar,363,52,12,2,429,0,2,8,3,13,363,54,20,5,442,0,0,0,442
02/08/2015,MEM,TN,ASO,CE,Towers with Radar,274,52,57,2,385,0,4,1,0,5,274,56,58,2,390,0,0,0,390
02/09/2015,MEM,TN,ASO,CE,Towers with Radar,209,72,51,0,332,0,0,5,0,5,209,72,56,0,337,0,0,0,337
02/10/2015,MEM,TN,ASO,CE,Towers with Radar,610,92,62,9,773,0,4,16,0,20,610,96,78,9,793,0,29,29,822
02/11/2015,MEM,TN,ASO,CE,Towers with Radar,587,95,62,11,755,0,2,22,0,24,587,97,84,11,779,0,6,6,785
02/12/2015,MEM,TN,ASO,CE,Towers with Radar,592,94,75,6,767,0,0,8,0,8,592,94,83,6,775,0,8,8,783
02/13/2015,MEM,TN,ASO,CE,Towers with Radar,575,99,48,5,727,0,5,13,0,18,575,104,61,5,745,0,0,0,745
02/14/2015,MEM,TN,ASO,CE,Towers with Radar,397,49,19,1,466,0,0,8,2,10,397,49,27,3,476,0,0,0,476
02/15/2015,MEM,TN,ASO,CE,Towers with Radar,281,63,48,2,394,0,0,3,0,3,281,63,51,2,397,8,0,8,405
02/16/2015,MEM,TN,ASO,CE,Towers with Radar,117,17,32,0,166,0,0,0,0,0,117,17,32,0,166,0,0,0,166
02/17/2015,MEM,TN,ASO,CE,Towers with Radar,420,68,65,0,553,0,2,14,0,16,420,70,79,0,569,0,0,0,569
02/18/2015,MEM,TN,ASO,CE,Towers with Radar,567,105,64,2,738,0,0,7,2,9,567,105,71,4,747,0,0,0,747
02/19/2015,MEM,TN,ASO,CE,Towers with Radar,593,102,74,7,776,0,4,7,0,11,593,106,81,7,787,0,0,0,787
02/20/2015,MEM,TN,ASO,CE,Towers with Radar,423,84,28,0,535,0,1,0,0,1,423,85,28,0,536,0,0,0,536
02/21/2015,MEM,TN,ASO,CE,Towers with Radar,391,49,17,0,457,0,0,0,0,0,391,49,17,0,457,0,0,0,457
02/22/2015,MEM,TN,ASO,CE,Towers with Radar,280,54,28,6,368,0,0,0,0,0,280,54,28,6,368,0,0,0,368
02/23/2015,MEM,TN,ASO,CE,Towers with Radar,207,76,47,1,331,0,0,5,0,5,207,76,52,1,336,0,0,0,336
02/24/2015,MEM,TN,ASO,CE,Towers with Radar,616,79,52,2,749,0,0,17,2,19,616,79,69,4,768,0,0,0,768
02/25/2015,MEM,TN,ASO,CE,Towers with Radar,572,78,48,1,699,0,0,1,0,1,572,78,49,1,700,0,0,0,700
02/26/2015,MEM,TN,ASO,CE,Towers with Radar,573,89,65,16,743,0,0,5,0,5,573,89,70,16,748,0,0,0,748
02/27/2015,MEM,TN,ASO,CE,Towers with Radar,552,87,44,4,687,0,0,10,0,10,552,87,54,4,697,0,0,0,697
02/28/2015,MEM,TN,ASO,CE,Towers with Radar,353,48,39,0,440,0,1,6,0,7,353,49,45,0,447,0,0,0,447
03/01/2015,MEM,TN,ASO,CE,Towers with Radar,270,64,28,1,363,0,0,0,0,0,270,64,28,1,363,0,0,0,363
03/02/2015,MEM,TN,ASO,CE,Towers with Radar,192,86,49,7,334,0,0,3,0,3,192,86,52,7,337,0,0,0,337
03/03/2015,MEM,TN,ASO,CE,Towers with Radar,590,86,48,0,724,0,0,0,0,0,590,86,48,0,724,0,0,0,724
03/04/2015,MEM,TN,ASO,CE,Towers with Radar,427,73,44,4,548,0,0,0,0,0,427,73,44,4,548,0,0,0,548
03/05/2015,MEM,TN,ASO,CE,Towers with Radar,173,41,40,2,256,0,1,6,2,9,173,42,46,4,265,0,0,0,265
03/06/2015,MEM,TN,ASO,CE,Towers with Radar,438,73,64,4,579,0,2,20,0,22,438,75,84,4,601,0,0,0,601
03/07/2015,MEM,TN,ASO,CE,Towers with Radar,414,65,37,1,517,0,5,12,2,19,414,70,49,3,536,0,0,0,536
03/08/2015,MEM,TN,ASO,CE,Towers with Radar,314,53,40,2,409,0,4,9,0,13,314,57,49,2,422,0,0,0,422
03/09/2015,MEM,TN,ASO,CE,Towers with Radar,307,72,41,0,420,0,0,4,0,4,307,72,45,0,424,0,0,0,424
03/10/2015,MEM,TN,ASO,CE,Towers with Radar,557,84,47,6,694,0,0,0,1,1,557,84,47,7,695,0,0,0,695
03/11/2015,MEM,TN,ASO,CE,Towers with Radar,614,87,66,7,774,0,0,2,2,4,614,87,68,9,778,0,0,0,778
03/12/2015,MEM,TN,ASO,CE,Towers with Radar,586,93,46,17,742,0,0,10,0,10,586,93,56,17,752,0,0,0,752
03/13/2015,MEM,TN,ASO,CE,Towers with Radar,565,84,33,4,686,0,0,0,0,0,565,84,33,4,686,0,0,0,686
03/14/2015,MEM,TN,ASO,CE,Towers with Radar,387,65,39,2,493,0,0,0,0,0,387,65,39,2,493,0,0,0,493
03/15/2015,MEM,TN,ASO,CE,Towers with Radar,280,67,30,0,377,0,2,10,2,14,280,69,40,2,391,0,0,0,391
03/16/2015,MEM,TN,ASO,CE,Towers with Radar,225,81,51,3,360,0,2,34,2,38,225,83,85,5,398,0,0,0,398
03/17/2015,MEM,TN,ASO,CE,Towers with Radar,582,88,61,5,736,0,2,18,2,22,582,90,79,7,758,0,0,0,758
03/18/2015,MEM,TN,ASO,CE,Towers with Radar,599,90,41,7,737,0,0,5,1,6,599,90,46,8,743,0,20,20,763
03/19/2015,MEM,TN,ASO,CE,Towers with Radar,581,84,51,6,722,0,0,6,1,7,581,84,57,7,729,0,0,0,729
03/20/2015,MEM,TN,ASO,CE,Towers with Radar,543,83,53,2,681,0,2,0,1,3,543,85,53,3,684,0,0,0,684
03/21/2015,MEM,TN,ASO,CE,Towers with Radar,381,50,31,2,464,0,0,4,2,6,381,50,35,4,470,0,0,0,470
03/22/2015,MEM,TN,ASO,CE,Towers with Radar,284,53,28,2,367,0,0,3,0,3,284,53,31,2,370,0,0,0,370
03/23/2015,MEM,TN,ASO,CE,Towers with Radar,209,61,62,1,333,0,0,16,1,17,209,61,78,2,350,0,0,0,350
03/24/2015,MEM,TN,ASO,CE,Towers with Radar,595,87,71,7,760,0,1,17,2,20,595,88,88,9,780,0,0,0,780
03/25/2015,MEM,TN,ASO,CE,Towers with Radar,588,82,69,8,747,0,0,9,2,11,588,82,78,10,758,0,7,7,765
03/26/2015,MEM,TN,ASO,CE,Towers with Radar,596,94,68,21,779,0,1,3,0,4,596,95,71,21,783,2,0,2,785
03/27/2015,MEM,TN,ASO,CE,Towers with Radar,569,88,68,4,729,0,0,9,5,14,569,88,77,9,743,0,0,0,743
03/28/2015,MEM,TN,ASO,CE,Towers with Radar,378,48,27,1,454,0,0,6,0,6,378,48,33,1,460,0,0,0,460
03/29/2015,MEM,TN,ASO,CE,Towers with Radar,287,59,32,3,381,0,0,10,4,14,287,59,42,7,395,0,0,0,395
03/30/2015,MEM,TN,ASO,CE,Towers with Radar,233,79,51,0,363,0,1,18,1,20,233,80,69,1,383,0,0,0,383
03/31/2015,MEM,TN,ASO,CE,Towers with Radar,585,95,54,9,743,0,5,7,0,12,585,100,61,9,755,0,0,0,755
04/01/2015,MEM,TN,ASO,CE,Towers with Radar,599,98,68,10,775,0,0,9,1,10,599,98,77,11,785,0,0,0,785
04/02/2015,MEM,TN,ASO,CE,Towers with Radar,595,98,73,9,775,0,0,10,1,11,595,98,83,10,786,0,0,0,786
04/03/2015,MEM,TN,ASO,CE,Towers with Radar,564,99,47,2,712,0,0,2,0,2,564,99,49,2,714,0,0,0,714
04/04/2015,MEM,TN,ASO,CE,Towers with Radar,359,46,28,8,441,0,2,4,0,6,359,48,32,8,447,0,0,0,447
04/05/2015,MEM,TN,ASO,CE,Towers with Radar,269,59,25,1,354,0,0,6,0,6,269,59,31,1,360,6,0,6,366
04/06/2015,MEM,TN,ASO,CE,Towers with Radar,201,92,65,1,359,0,0,0,0,0,201,92,65,1,359,0,0,0,359
04/07/2015,MEM,TN,ASO,CE,Towers with Radar,595,91,58,11,755,0,0,5,4,9,595,91,63,15,764,0,0,0,764
04/08/2015,MEM,TN,ASO,CE,Towers with Radar,606,92,76,10,784,0,4,18,0,22,606,96,94,10,806,0,0,0,806
04/09/2015,MEM,TN,ASO,CE,Towers with Radar,549,95,66,5,715,0,0,2,2,4,549,95,68,7,719,0,0,0,719
04/10/2015,MEM,TN,ASO,CE,Towers with Radar,589,90,57,2,738,0,5,12,0,17,589,95,69,2,755,0,0,0,755
04/11/2015,MEM,TN,ASO,CE,Towers with Radar,381,46,39,5,471,0,0,15,2,17,381,46,54,7,488,0,6,6,494
04/12/2015,MEM,TN,ASO,CE,Towers with Radar,279,68,44,5,396,0,0,8,0,8,279,68,52,5,404,6,0,6,410
04/13/2015,MEM,TN,ASO,CE,Towers with Radar,212,79,50,3,344,0,0,1,1,2,212,79,51,4,346,0,0,0,346
04/14/2015,MEM,TN,ASO,CE,Towers with Radar,613,101,70,3,787,0,0,0,0,0,613,101,70,3,787,0,0,0,787
04/15/2015,MEM,TN,ASO,CE,Towers with Radar,609,101,77,9,796,0,0,4,0,4,609,101,81,9,800,2,0,2,802
04/16/2015,MEM,TN,ASO,CE,Towers with Radar,585,112,97,12,806,0,1,3,3,7,585,113,100,15,813,0,0,0,813
04/17/2015,MEM,TN,ASO,CE,Towers with Radar,567,103,53,20,743,0,0,1,0,1,567,103,54,20,744,0,0,0,744
04/18/2015,MEM,TN,ASO,CE,Towers with Radar,395,45,24,9,473,0,0,1,0,1,395,45,25,9,474,0,0,0,474
04/19/2015,MEM,TN,ASO,CE,Towers with Radar,284,64,41,2,391,0,2,1,0,3,284,66,42,2,394,0,0,0,394
04/20/2015,MEM,TN,ASO,CE,Towers with Radar,229,83,59,0,371,0,0,4,0,4,229,83,63,0,375,0,0,0,375
04/21/2015,MEM,TN,ASO,CE,Towers with Radar,616,94,81,16,807,0,0,8,20,28,616,94,89,36,835,0,8,8,843
04/22/2015,MEM,TN,ASO,CE,Towers with Radar,611,98,73,1,783,0,0,12,0,12,611,98,85,1,795,0,0,0,795
04/23/2015,MEM,TN,ASO,CE,Towers with Radar,595,93,78,14,780,0,0,8,0,8,595,93,86,14,788,0,22,22,810
04/24/2015,MEM,TN,ASO,CE,Towers with Radar,547,97,51,2,697,0,1,5,0,6,547,98,56,2,703,0,0,0,703
04/25/2015,MEM,TN,ASO,CE,Towers with Radar,400,46,17,4,467,0,0,1,0,1,400,46,18,4,468,0,0,0,468
04/26/2015,MEM,TN,ASO,CE,Towers with Radar,274,71,32,2,379,0,0,1,0,1,274,71,33,2,380,0,0,0,380
04/27/2015,MEM,TN,ASO,CE,Towers with Radar,224,84,49,1,358,0,0,8,0,8,224,84,57,1,366,0,0,0,366
04/28/2015,MEM,TN,ASO,CE,Towers with Radar,605,90,58,12,765,0,1,4,6,11,605,91,62,18,776,0,16,16,792
04/29/2015,MEM,TN,ASO,CE,Towers with Radar,592,89,65,4,750,0,3,4,4,11,592,92,69,8,761,0,0,0,761
04/30/2015,MEM,TN,ASO,CE,Towers with Radar,592,96,77,6,771,0,3,18,0,21,592,99,95,6,792,0,0,0,792
05/01/2015,MEM,TN,ASO,CE,Towers with Radar,558,97,54,6,715,0,4,16,0,20,558,101,70,6,735,0,0,0,735
05/02/2015,MEM,TN,ASO,CE,Towers with Radar,374,46,23,7,450,0,0,5,2,7,374,46,28,9,457,0,0,0,457
05/03/2015,MEM,TN,ASO,CE,Towers with Radar,292,53,42,7,394,0,0,8,0,8,292,53,50,7,402,0,0,0,402
05/04/2015,MEM,TN,ASO,CE,Towers with Radar,220,76,47,5,348,0,0,14,1,15,220,76,61,6,363,0,0,0,363
05/05/2015,MEM,TN,ASO,CE,Towers with Radar,624,99,67,8,798,0,1,10,2,13,624,100,77,10,811,0,0,0,811
05/06/2015,MEM,TN,ASO,CE,Towers with Radar,613,91,63,11,778,0,1,15,0,16,613,92,78,11,794,0,0,0,794
05/07/2015,MEM,TN,ASO,CE,Towers with Radar,615,95,69,6,785,0,0,8,0,8,615,95,77,6,793,0,0,0,793
05/08/2015,MEM,TN,ASO,CE,Towers with Radar,576,102,53,1,732,0,0,9,1,10,576,102,62,2,742,0,0,0,742
05/09/2015,MEM,TN,ASO,CE,Towers with Radar,400,58,22,5,485,0,0,3,0,3,400,58,25,5,488,0,0,0,488
05/10/2015,MEM,TN,ASO,CE,Towers with Radar,283,64,36,1,384,0,0,1,0,1,283,64,37,1,385,0,0,0,385
05/11/2015,MEM,TN,ASO,CE,Towers with Radar,211,79,76,4,370,0,1,3,0,4,211,80,79,4,374,0,0,0,374
05/12/2015,MEM,TN,ASO,CE,Towers with Radar,617,97,76,7,797,0,3,10,2,15,617,100,86,9,812,16,0,16,828
05/13/2015,MEM,TN,ASO,CE,Towers with Radar,600,90,61,5,756,0,0,17,1,18,600,90,78,6,774,0,0,0,774
05/14/2015,MEM,TN,ASO,CE,Towers with Radar,592,95,61,4,752,0,1,6,3,10,592,96,67,7,762,0,0,0,762
05/15/2015,MEM,TN,ASO,CE,Towers with Radar,545,97,57,5,704,0,0,7,0,7,545,97,64,5,711,0,0,0,711
05/16/2015,MEM,TN,ASO,CE,Towers with Radar,392,50,26,2,470,0,0,1,1,2,392,50,27,3,472,0,0,0,472
05/17/2015,MEM,TN,ASO,CE,Towers with Radar,292,48,28,5,373,0,0,0,0,0,292,48,28,5,373,0,0,0,373
05/18/2015,MEM,TN,ASO,CE,Towers with Radar,213,76,53,3,345,0,0,4,0,4,213,76,57,3,349,0,0,0,349
05/19/2015,MEM,TN,ASO,CE,Towers with Radar,609,95,64,21,789,0,1,14,0,15,609,96,78,21,804,0,0,0,804
05/20/2015,MEM,TN,ASO,CE,Towers with Radar,594,97,79,13,783,0,0,3,0,3,594,97,82,13,786,0,0,0,786
05/21/2015,MEM,TN,ASO,CE,Towers with Radar,598,86,75,4,763,0,0,4,0,4,598,86,79,4,767,0,8,8,775
05/22/2015,MEM,TN,ASO,CE,Towers with Radar,570,98,70,3,741,0,0,14,0,14,570,98,84,3,755,0,0,0,755
05/23/2015,MEM,TN,ASO,CE,Towers with Radar,363,49,25,1,438,0,0,4,0,4,363,49,29,1,442,0,0,0,442
05/24/2015,MEM,TN,ASO,CE,Towers with Radar,272,26,15,1,314,0,0,4,0,4,272,26,19,1,318,4,0,4,322
05/25/2015,MEM,TN,ASO,CE,Towers with Radar,124,56,15,2,197,0,0,1,0,1,124,56,16,2,198,0,0,0,198
05/26/2015,MEM,TN,ASO,CE,Towers with Radar,311,86,49,3,449,0,1,4,1,6,311,87,53,4,455,0,0,0,455
05/27/2015,MEM,TN,ASO,CE,Towers with Radar,612,87,53,15,767,0,1,14,1,16,612,88,67,16,783,0,0,0,783
05/28/2015,MEM,TN,ASO,CE,Towers with Radar,616,84,57,6,763,0,0,9,0,9,616,84,66,6,772,0,0,0,772
05/29/2015,MEM,TN,ASO,CE,Towers with Radar,576,89,60,1,726,0,1,5,1,7,576,90,65,2,733,0,0,0,733
05/30/2015,MEM,TN,ASO,CE,Towers with Radar,377,54,11,5,447,0,0,1,0,1,377,54,12,5,448,0,0,0,448
05/31/2015,MEM,TN,ASO,CE,Towers with Radar,297,50,35,2,384,0,0,0,1,1,297,50,35,3,385,0,0,0,385
06/01/2015,MEM,TN,ASO,CE,Towers with Radar,236,72,59,6,373,0,0,7,1,8,236,72,66,7,381,0,0,0,381
06/02/2015,MEM,TN,ASO,CE,Towers with Radar,602,92,58,9,761,0,0,6,1,7,602,92,64,10,768,0,0,0,768
06/03/2015,MEM,TN,ASO,CE,Towers with Radar,606,93,59,6,764,0,0,8,0,8,606,93,67,6,772,0,0,0,772
06/04/2015,MEM,TN,ASO,CE,Towers with Radar,592,86,62,13,753,0,0,13,0,13,592,86,75,13,766,0,0,0,766
06/05/2015,MEM,TN,ASO,CE,Towers with Radar,557,80,34,14,685,0,4,9,1,14,557,84,43,15,699,0,0,0,699
06/06/2015,MEM,TN,ASO,CE,Towers with Radar,391,37,39,8,475,0,0,5,3,8,391,37,44,11,483,10,0,10,493
06/07/2015,MEM,TN,ASO,CE,Towers with Radar,287,50,40,11,388,0,0,8,0,8,287,50,48,11,396,0,0,0,396
06/08/2015,MEM,TN,ASO,CE,Towers with Radar,225,80,60,1,366,0,0,13,0,13,225,80,73,1,379,0,0,0,379
06/09/2015,MEM,TN,ASO,CE,Towers with Radar,647,100,59,10,816,0,0,6,2,8,647,100,65,12,824,0,0,0,824
06/10/2015,MEM,TN,ASO,CE,Towers with Radar,606,88,77,5,776,0,2,12,0,14,606,90,89,5,790,0,0,0,790
06/11/2015,MEM,TN,ASO,CE,Towers with Radar,586,92,98,8,784,0,0,6,0,6,586,92,104,8,790,0,0,0,790
06/12/2015,MEM,TN,ASO,CE,Towers with Radar,577,79,50,43,749,0,0,7,3,10,577,79,57,46,759,0,0,0,759
06/13/2015,MEM,TN,ASO,CE,Towers with Radar,390,39,21,3,453,0,0,5,0,5,390,39,26,3,458,8,0,8,466
06/14/2015,MEM,TN,ASO,CE,Towers with Radar,297,50,46,6,399,0,0,5,1,6,297,50,51,7,405,6,0,6,411
06/15/2015,MEM,TN,ASO,CE,Towers with Radar,231,64,51,5,351,0,1,15,0,16,231,65,66,5,367,8,0,8,375
06/16/2015,MEM,TN,ASO,CE,Towers with Radar,642,80,67,7,796,0,0,14,0,14,642,80,81,7,810,0,0,0,810
06/17/2015,MEM,TN,ASO,CE,Towers with Radar,597,77,82,3,759,0,0,8,2,10,597,77,90,5,769,0,0,0,769
06/18/2015,MEM,TN,ASO,CE,Towers with Radar,595,88,58,10,751,0,2,5,0,7,595,90,63,10,758,0,0,0,758
06/19/2015,MEM,TN,ASO,CE,Towers with Radar,591,86,53,1,731,0,0,1,0,1,591,86,54,1,732,0,0,0,732
06/20/2015,MEM,TN,ASO,CE,Towers with Radar,396,42,26,6,470,0,0,5,0,5,396,42,31,6,475,0,0,0,475
06/21/2015,MEM,TN,ASO,CE,Towers with Radar,292,47,34,9,382,0,0,4,0,4,292,47,38,9,386,0,0,0,386
06/22/2015,MEM,TN,ASO,CE,Towers with Radar,235,60,80,0,375,0,0,11,0,11,235,60,91,0,386,0,0,0,386
06/23/2015,MEM,TN,ASO,CE,Towers with Radar,606,89,72,4,771,0,2,6,0,8,606,91,78,4,779,0,0,0,779
06/24/2015,MEM,TN,ASO,CE,Towers with Radar,629,81,67,8,785,0,1,9,0,10,629,82,76,8,795,0,0,0,795
06/25/2015,MEM,TN,ASO,CE,Towers with Radar,609,91,68,9,777,0,1,7,4,12,609,92,75,13,789,0,34,34,823
06/26/2015,MEM,TN,ASO,CE,Towers with Radar,583,84,66,1,734,0,2,13,0,15,583,86,79,1,749,0,0,0,749
06/27/2015,MEM,TN,ASO,CE,Towers with Radar,395,39,32,2,468,0,0,2,0,2,395,39,34,2,470,8,0,8,478
06/28/2015,MEM,TN,ASO,CE,Towers with Radar,307,47,30,0,384,0,4,9,2,15,307,51,39,2,399,0,0,0,399
06/29/2015,MEM,TN,ASO,CE,Towers with Radar,178,64,55,10,307,0,5,15,0,20,178,69,70,10,327,0,0,0,327
06/30/2015,MEM,TN,ASO,CE,Towers with Radar,595,86,52,8,741,0,3,11,0,14,595,89,63,8,755,0,0,0,755
07/01/2015,MEM,TN,ASO,CE,Towers with Radar,618,77,57,10,762,0,5,11,0,16,618,82,68,10,778,0,0,0,778
07/02/2015,MEM,TN,ASO,CE,Towers with Radar,570,87,48,4,709,0,6,6,0,12,570,93,54,4,721,0,0,0,721
07/03/2015,MEM,TN,ASO,CE,Towers with Radar,549,49,17,0,615,0,0,1,0,1,549,49,18,0,616,0,0,0,616
07/04/2015,MEM,TN,ASO,CE,Towers with Radar,105,35,6,0,146,0,0,1,0,1,105,35,7,0,147,0,0,0,147
07/05/2015,MEM,TN,ASO,CE,Towers with Radar,325,47,41,4,417,0,0,3,1,4,325,47,44,5,421,0,0,0,421
07/06/2015,MEM,TN,ASO,CE,Towers with Radar,248,75,39,0,362,0,2,7,0,9,248,77,46,0,371,0,0,0,371
07/07/2015,MEM,TN,ASO,CE,Towers with Radar,619,76,37,7,739,0,1,6,0,7,619,77,43,7,746,0,0,0,746
07/08/2015,MEM,TN,ASO,CE,Towers with Radar,606,85,67,8,766,0,0,11,0,11,606,85,78,8,777,0,0,0,777
07/09/2015,MEM,TN,ASO,CE,Towers with Radar,598,85,54,4,741,0,0,13,0,13,598,85,67,4,754,0,0,0,754
07/10/2015,MEM,TN,ASO,CE,Towers with Radar,572,83,33,2,690,0,0,12,0,12,572,83,45,2,702,0,0,0,702
07/11/2015,MEM,TN,ASO,CE,Towers with Radar,381,47,26,10,464,0,0,5,1,6,381,47,31,11,470,0,0,0,470
07/12/2015,MEM,TN,ASO,CE,Towers with Radar,295,54,14,0,363,0,1,8,0,9,295,55,22,0,372,0,0,0,372
07/13/2015,MEM,TN,ASO,CE,Towers with Radar,236,65,45,10,356,0,2,6,1,9,236,67,51,11,365,0,0,0,365
07/14/2015,MEM,TN,ASO,CE,Towers with Radar,635,84,67,3,789,0,1,8,3,12,635,85,75,6,801,0,0,0,801
07/15/2015,MEM,TN,ASO,CE,Towers with Radar,616,78,66,8,768,0,3,15,0,18,616,81,81,8,786,0,6,6,792
07/16/2015,MEM,TN,ASO,CE,Towers with Radar,589,87,65,4,745,0,3,8,1,12,589,90,73,5,757,0,0,0,757
07/17/2015,MEM,TN,ASO,CE,Towers with Radar,566,83,49,7,705,0,0,17,1,18,566,83,66,8,723,0,0,0,723
07/18/2015,MEM,TN,ASO,CE,Towers with Radar,381,47,15,7,450,0,0,4,2,6,381,47,19,9,456,0,0,0,456
07/19/2015,MEM,TN,ASO,CE,Towers with Radar,303,51,26,6,386,0,1,12,2,15,303,52,38,8,401,0,0,0,401
07/20/2015,MEM,TN,ASO,CE,Towers with Radar,227,74,43,6,350,0,1,5,2,8,227,75,48,8,358,0,0,0,358
07/21/2015,MEM,TN,ASO,CE,Towers with Radar,625,78,66,2,771,0,2,18,3,23,625,80,84,5,794,0,0,0,794
07/22/2015,MEM,TN,ASO,CE,Towers with Radar,598,82,54,6,740,0,0,8,0,8,598,82,62,6,748,0,0,0,748
07/23/2015,MEM,TN,ASO,CE,Towers with Radar,595,80,64,13,752,0,0,3,0,3,595,80,67,13,755,0,0,0,755
07/24/2015,MEM,TN,ASO,CE,Towers with Radar,564,80,33,3,680,0,0,15,0,15,564,80,48,3,695,0,0,0,695
07/25/2015,MEM,TN,ASO,CE,Towers with Radar,383,41,28,5,457,0,0,8,4,12,383,41,36,9,469,0,0,0,469
07/26/2015,MEM,TN,ASO,CE,Towers with Radar,303,57,34,3,397,0,0,8,0,8,303,57,42,3,405,0,0,0,405
07/27/2015,MEM,TN,ASO,CE,Towers with Radar,250,68,54,9,381,0,0,20,0,20,250,68,74,9,401,0,0,0,401
07/28/2015,MEM,TN,ASO,CE,Towers with Radar,625,79,42,10,756,0,0,18,0,18,625,79,60,10,774,2,0,2,776
07/29/2015,MEM,TN,ASO,CE,Towers with Radar,601,73,71,9,754,0,0,23,0,23,601,73,94,9,777,0,0,0,777
07/30/2015,MEM,TN,ASO,CE,Towers with Radar,596,81,62,9,748,0,1,15,0,16,596,82,77,9,764,0,0,0,764
07/31/2015,MEM,TN,ASO,CE,Towers with Radar,586,75,51,6,718,0,2,10,1,13,586,77,61,7,731,0,0,0,731
08/01/2015,MEM,TN,ASO,CE,Towers with Radar,370,52,34,11,467,0,1,15,1,17,370,53,49,12,484,0,0,0,484
08/02/2015,MEM,TN,ASO,CE,Towers with Radar,287,56,37,6,386,0,0,7,2,9,287,56,44,8,395,0,0,0,395
08/03/2015,MEM,TN,ASO,CE,Towers with Radar,236,71,33,1,341,0,0,7,1,8,236,71,40,2,349,0,0,0,349
08/04/2015,MEM,TN,ASO,CE,Towers with Radar,599,85,66,9,759,0,0,11,0,11,599,85,77,9,770,0,0,0,770
08/05/2015,MEM,TN,ASO,CE,Towers with Radar,541,91,64,4,700,0,1,9,0,10,541,92,73,4,710,0,0,0,710
08/06/2015,MEM,TN,ASO,CE,Towers with Radar,627,96,59,9,791,0,0,9,0,9,627,96,68,9,800,0,0,0,800
08/07/2015,MEM,TN,ASO,CE,Towers with Radar,584,93,49,5,731,0,0,5,0,5,584,93,54,5,736,0,0,0,736
08/08/2015,MEM,TN,ASO,CE,Towers with Radar,387,51,25,2,465,0,0,2,2,4,387,51,27,4,469,0,0,0,469
08/09/2015,MEM,TN,ASO,CE,Towers with Radar,286,53,45,4,388,1,0,4,1,6,287,53,49,5,394,0,0,0,394
08/10/2015,MEM,TN,ASO,CE,Towers with Radar,231,72,42,0,345,0,2,17,0,19,231,74,59,0,364,0,0,0,364
08/11/2015,MEM,TN,ASO,CE,Towers with Radar,617,81,69,7,774,0,2,9,0,11,617,83,78,7,785,0,0,0,785
08/12/2015,MEM,TN,ASO,CE,Towers with Radar,604,80,65,17,766,0,3,9,5,17,604,83,74,22,783,0,0,0,783
08/13/2015,MEM,TN,ASO,CE,Towers with Radar,593,91,66,8,758,0,6,22,4,32,593,97,88,12,790,6,0,6,796
08/14/2015,MEM,TN,ASO,CE,Towers with Radar,548,90,62,2,702,0,0,21,0,21,548,90,83,2,723,14,0,14,737
08/15/2015,MEM,TN,ASO,CE,Towers with Radar,385,45,41,0,471,0,0,6,0,6,385,45,47,0,477,0,0,0,477
08/16/2015,MEM,TN,ASO,CE,Towers with Radar,287,60,41,6,394,0,0,12,0,12,287,60,53,6,406,0,0,0,406
08/17/2015,MEM,TN,ASO,CE,Towers with Radar,230,78,60,4,372,0,2,8,0,10,230,80,68,4,382,8,0,8,390
08/18/2015,MEM,TN,ASO,CE,Towers with Radar,619,83,68,8,778,0,1,7,1,9,619,84,75,9,787,0,0,0,787
08/19/2015,MEM,TN,ASO,CE,Towers with Radar,568,85,76,5,734,0,1,1,2,4,568,86,77,7,738,0,0,0,738
08/20/2015,MEM,TN,ASO,CE,Towers with Radar,620,96,69,6,791,2,4,16,3,25,622,100,85,9,816,0,0,0,816
08/21/2015,MEM,TN,ASO,CE,Towers with Radar,567,92,55,13,727,0,0,17,2,19,567,92,72,15,746,0,0,0,746
08/22/2015,MEM,TN,ASO,CE,Towers with Radar,373,45,27,4,449,0,0,0,1,1,373,45,27,5,450,0,0,0,450
08/23/2015,MEM,TN,ASO,CE,Towers with Radar,285,53,32,5,375,0,1,2,1,4,285,54,34,6,379,24,0,24,403
08/24/2015,MEM,TN,ASO,CE,Towers with Radar,226,73,53,2,354,0,3,19,1,23,226,76,72,3,377,0,0,0,377
08/25/2015,MEM,TN,ASO,CE,Towers with Radar,633,82,66,9,790,0,3,9,0,12,633,85,75,9,802,0,0,0,802
08/26/2015,MEM,TN,ASO,CE,Towers with Radar,611,88,62,4,765,0,3,9,0,12,611,91,71,4,777,0,0,0,777
08/27/2015,MEM,TN,ASO,CE,Towers with Radar,594,84,73,8,759,0,6,12,0,18,594,90,85,8,777,0,0,0,777
08/28/2015,MEM,TN,ASO,CE,Towers with Radar,571,90,51,2,714,0,0,14,0,14,571,90,65,2,728,0,0,0,728
08/29/2015,MEM,TN,ASO,CE,Towers with Radar,365,38,18,1,422,0,0,3,0,3,365,38,21,1,425,0,0,0,425
08/30/2015,MEM,TN,ASO,CE,Towers with Radar,288,39,26,3,356,0,0,0,1,1,288,39,26,4,357,0,0,0,357
08/31/2015,MEM,TN,ASO,CE,Towers with Radar,229,73,60,6,368,0,2,7,2,11,229,75,67,8,379,0,0,0,379
09/01/2015,MEM,TN,ASO,CE,Towers with Radar,615,77,61,5,758,0,3,5,0,8,615,80,66,5,766,0,0,0,766
09/02/2015,MEM,TN,ASO,CE,Towers with Radar,602,90,56,5,753,0,2,18,0,20,602,92,74,5,773,0,0,0,773
09/03/2015,MEM,TN,ASO,CE,Towers with Radar,602,89,76,8,775,0,1,11,2,14,602,90,87,10,789,0,0,0,789
09/04/2015,MEM,TN,ASO,CE,Towers with Radar,573,80,44,1,698,0,0,17,1,18,573,80,61,2,716,0,0,0,716
09/05/2015,MEM,TN,ASO,CE,Towers with Radar,363,29,19,2,413,0,0,6,0,6,363,29,25,2,419,0,0,0,419
09/06/2015,MEM,TN,ASO,CE,Towers with Radar,266,26,17,3,312,0,0,6,0,6,266,26,23,3,318,0,0,0,318
09/07/2015,MEM,TN,ASO,CE,Towers with Radar,129,56,38,0,223,0,3,14,0,17,129,59,52,0,240,0,0,0,240
09/08/2015,MEM,TN,ASO,CE,Towers with Radar,302,72,71,8,453,0,2,12,1,15,302,74,83,9,468,0,0,0,468
09/09/2015,MEM,TN,ASO,CE,Towers with Radar,603,85,67,6,761,0,1,1,0,2,603,86,68,6,763,0,0,0,763
09/10/2015,MEM,TN,ASO,CE,Towers with Radar,597,82,72,9,760,0,0,5,0,5,597,82,77,9,765,0,0,0,765
09/11/2015,MEM,TN,ASO,CE,Towers with Radar,578,84,48,2,712,0,0,20,2,22,578,84,68,4,734,0,0,0,734
09/12/2015,MEM,TN,ASO,CE,Towers with Radar,370,39,43,2,454,0,1,9,1,11,370,40,52,3,465,4,0,4,469
09/13/2015,MEM,TN,ASO,CE,Towers with Radar,292,44,48,0,384,0,0,6,0,6,292,44,54,0,390,0,0,0,390
09/14/2015,MEM,TN,ASO,CE,Towers with Radar,223,66,62,1,352,0,5,11,2,18,223,71,73,3,370,4,0,4,374
09/15/2015,MEM,TN,ASO,CE,Towers with Radar,624,85,55,10,774,0,2,8,4,14,624,87,63,14,788,0,0,0,788
09/16/2015,MEM,TN,ASO,CE,Towers with Radar,602,75,50,9,736,0,4,10,2,16,602,79,60,11,752,0,0,0,752
09/17/2015,MEM,TN,ASO,CE,Towers with Radar,584,83,73,7,747,0,2,14,0,16,584,85,87,7,763,0,0,0,763
09/18/2015,MEM,TN,ASO,CE,Towers with Radar,547,91,60,8,706,0,3,11,0,14,547,94,71,8,720,2,0,2,722
09/19/2015,MEM,TN,ASO,CE,Towers with Radar,366,42,27,1,436,0,0,1,0,1,366,42,28,1,437,0,0,0,437
09/20/2015,MEM,TN,ASO,CE,Towers with Radar,290,50,53,0,393,0,1,8,0,9,290,51,61,0,402,0,0,0,402
09/21/2015,MEM,TN,ASO,CE,Towers with Radar,228,77,62,1,368,0,1,12,2,15,228,78,74,3,383,0,0,0,383
09/22/2015,MEM,TN,ASO,CE,Towers with Radar,613,76,69,9,767,0,1,8,8,17,613,77,77,17,784,0,0,0,784
09/23/2015,MEM,TN,ASO,CE,Towers with Radar,601,84,52,8,745,0,2,7,2,11,601,86,59,10,756,0,18,18,774
09/24/2015,MEM,TN,ASO,CE,Towers with Radar,593,91,88,11,783,0,0,22,1,23,593,91,110,12,806,0,0,0,806
09/25/2015,MEM,TN,ASO,CE,Towers with Radar,571,84,49,4,708,0,1,22,2,25,571,85,71,6,733,0,0,0,733
09/26/2015,MEM,TN,ASO,CE,Towers with Radar,355,43,30,0,428,0,2,7,1,10,355,45,37,1,438,0,0,0,438
09/27/2015,MEM,TN,ASO,CE,Towers with Radar,292,46,63,2,403,0,1,10,1,12,292,47,73,3,415,0,0,0,415
09/28/2015,MEM,TN,ASO,CE,Towers with Radar,224,58,74,3,359,0,3,4,0,7,224,61,78,3,366,0,0,0,366
09/29/2015,MEM,TN,ASO,CE,Towers with Radar,619,85,65,4,773,0,0,7,0,7,619,85,72,4,780,0,0,0,780
09/30/2015,MEM,TN,ASO,CE,Towers with Radar,600,87,64,7,758,1,6,9,1,17,601,93,73,8,775,0,0,0,775
10/01/2015,MEM,TN,ASO,CE,Towers with Radar,609,89,67,15,780,0,3,19,4,26,609,92,86,19,806,0,0,0,806
10/02/2015,MEM,TN,ASO,CE,Towers with Radar,554,87,47,19,707,0,0,7,1,8,554,87,54,20,715,0,0,0,715
10/03/2015,MEM,TN,ASO,CE,Towers with Radar,371,40,23,6,440,0,0,5,2,7,371,40,28,8,447,0,0,0,447
10/04/2015,MEM,TN,ASO,CE,Towers with Radar,282,55,42,2,381,0,0,0,0,0,282,55,42,2,381,0,0,0,381
10/05/2015,MEM,TN,ASO,CE,Towers with Radar,228,74,56,0,358,0,0,11,1,12,228,74,67,1,370,0,0,0,370
10/06/2015,MEM,TN,ASO,CE,Towers with Radar,601,90,55,7,753,0,0,7,1,8,601,90,62,8,761,0,0,0,761
10/07/2015,MEM,TN,ASO,CE,Towers with Radar,597,92,86,2,777,0,2,14,1,17,597,94,100,3,794,4,0,4,798
10/08/2015,MEM,TN,ASO,CE,Towers with Radar,596,96,74,6,772,0,3,6,0,9,596,99,80,6,781,0,0,0,781
10/09/2015,MEM,TN,ASO,CE,Towers with Radar,543,90,53,2,688,0,1,2,1,4,543,91,55,3,692,0,0,0,692
10/10/2015,MEM,TN,ASO,CE,Towers with Radar,372,43,22,3,440,0,0,2,3,5,372,43,24,6,445,0,0,0,445
10/11/2015,MEM,TN,ASO,CE,Towers with Radar,289,59,64,6,418,0,0,11,0,11,289,59,75,6,429,0,0,0,429
10/12/2015,MEM,TN,ASO,CE,Towers with Radar,226,79,61,2,368,0,0,6,0,6,226,79,67,2,374,0,0,0,374
10/13/2015,MEM,TN,ASO,CE,Towers with Radar,583,87,55,3,728,0,7,16,0,23,583,94,71,3,751,0,0,0,751
10/14/2015,MEM,TN,ASO,CE,Towers with Radar,605,78,71,13,767,0,1,13,1,15,605,79,84,14,782,0,0,0,782
10/15/2015,MEM,TN,ASO,CE,Towers with Radar,600,103,70,8,781,0,1,8,4,13,600,104,78,12,794,0,8,8,802
10/16/2015,MEM,TN,ASO,CE,Towers with Radar,562,87,48,2,699,0,2,8,3,13,562,89,56,5,712,0,0,0,712
10/17/2015,MEM,TN,ASO,CE,Towers with Radar,365,40,29,2,436,0,2,6,2,10,365,42,35,4,446,0,0,0,446
10/18/2015,MEM,TN,ASO,CE,Towers with Radar,289,57,41,5,392,0,0,8,0,8,289,57,49,5,400,6,0,6,406
10/19/2015,MEM,TN,ASO,CE,Towers with Radar,224,75,60,7,366,0,1,5,0,6,224,76,65,7,372,0,0,0,372
10/20/2015,MEM,TN,ASO,CE,Towers with Radar,620,86,55,7,768,0,5,6,1,12,620,91,61,8,780,0,0,0,780
10/21/2015,MEM,TN,ASO,CE,Towers with Radar,600,79,79,5,763,0,2,15,2,19,600,81,94,7,782,0,0,0,782
10/22/2015,MEM,TN,ASO,CE,Towers with Radar,597,90,69,3,759,0,5,12,0,17,597,95,81,3,776,0,0,0,776
10/23/2015,MEM,TN,ASO,CE,Towers with Radar,559,91,77,6,733,0,1,12,0,13,559,92,89,6,746,4,0,4,750
10/24/2015,MEM,TN,ASO,CE,Towers with Radar,367,48,24,2,441,0,0,3,0,3,367,48,27,2,444,0,0,0,444
10/25/2015,MEM,TN,ASO,CE,Towers with Radar,298,60,40,3,401,0,0,1,0,1,298,60,41,3,402,0,0,0,402
10/26/2015,MEM,TN,ASO,CE,Towers with Radar,210,74,54,3,341,0,0,0,0,0,210,74,54,3,341,0,0,0,341
10/27/2015,MEM,TN,ASO,CE,Towers with Radar,599,84,51,4,738,0,0,0,0,0,599,84,51,4,738,0,0,0,738
10/28/2015,MEM,TN,ASO,CE,Towers with Radar,633,88,56,5,782,0,1,8,1,10,633,89,64,6,792,0,0,0,792
10/29/2015,MEM,TN,ASO,CE,Towers with Radar,598,91,71,7,767,0,6,19,0,25,598,97,90,7,792,0,0,0,792
10/30/2015,MEM,TN,ASO,CE,Towers with Radar,555,80,66,0,701,0,3,6,0,9,555,83,72,0,710,0,0,0,710
10/31/2015,MEM,TN,ASO,CE,Towers with Radar,363,35,12,3,413,0,0,0,0,0,363,35,12,3,413,0,0,0,413
11/01/2015,MEM,TN,ASO,CE,Towers with Radar,291,63,31,2,387,0,0,0,0,0,291,63,31,2,387,0,0,0,387
11/02/2015,MEM,TN,ASO,CE,Towers with Radar,208,80,42,3,333,0,0,0,0,0,208,80,42,3,333,0,0,0,333
11/03/2015,MEM,TN,ASO,CE,Towers with Radar,614,91,79,4,788,0,0,8,0,8,614,91,87,4,796,0,0,0,796
11/04/2015,MEM,TN,ASO,CE,Towers with Radar,606,90,69,6,771,0,1,1,1,3,606,91,70,7,774,0,0,0,774
11/05/2015,MEM,TN,ASO,CE,Towers with Radar,586,87,63,10,746,0,0,5,0,5,586,87,68,10,751,0,0,0,751
11/06/2015,MEM,TN,ASO,CE,Towers with Radar,580,85,56,6,727,0,0,8,0,8,580,85,64,6,735,0,0,0,735
11/07/2015,MEM,TN,ASO,CE,Towers with Radar,392,49,33,3,477,0,0,3,0,3,392,49,36,3,480,0,0,0,480
11/08/2015,MEM,TN,ASO,CE,Towers with Radar,295,63,51,4,413,0,0,8,0,8,295,63,59,4,421,0,0,0,421
11/09/2015,MEM,TN,ASO,CE,Towers with Radar,232,75,63,7,377,0,0,6,1,7,232,75,69,8,384,0,0,0,384
11/10/2015,MEM,TN,ASO,CE,Towers with Radar,619,77,60,1,757,0,2,9,3,14,619,79,69,4,771,0,0,0,771
11/11/2015,MEM,TN,ASO,CE,Towers with Radar,610,80,64,1,755,0,0,2,0,2,610,80,66,1,757,0,0,0,757
11/12/2015,MEM,TN,ASO,CE,Towers with Radar,586,88,71,10,755,0,0,11,2,13,586,88,82,12,768,0,0,0,768
11/13/2015,MEM,TN,ASO,CE,Towers with Radar,587,88,57,10,742,0,1,23,0,24,587,89,80,10,766,0,0,0,766
11/14/2015,MEM,TN,ASO,CE,Towers with Radar,382,44,22,4,452,0,0,11,1,12,382,44,33,5,464,0,0,0,464
11/15/2015,MEM,TN,ASO,CE,Towers with Radar,312,51,29,2,394,0,0,2,0,2,312,51,31,2,396,0,0,0,396
11/16/2015,MEM,TN,ASO,CE,Towers with Radar,204,75,58,3,340,0,0,3,0,3,204,75,61,3,343,0,0,0,343
11/17/2015,MEM,TN,ASO,CE,Towers with Radar,609,81,54,4,748,0,0,0,0,0,609,81,54,4,748,0,0,0,748
11/18/2015,MEM,TN,ASO,CE,Towers with Radar,630,66,67,3,766,0,6,9,1,16,630,72,76,4,782,0,0,0,782
11/19/2015,MEM,TN,ASO,CE,Towers with Radar,603,92,74,7,776,0,0,13,2,15,603,92,87,9,791,0,0,0,791
11/20/2015,MEM,TN,ASO,CE,Towers with Radar,588,86,85,5,764,0,0,15,2,17,588,86,100,7,781,0,0,0,781
11/21/2015,MEM,TN,ASO,CE,Towers with Radar,387,44,36,3,470,0,0,4,0,4,387,44,40,3,474,0,0,0,474
11/22/2015,MEM,TN,ASO,CE,Towers with Radar,320,43,35,5,403,0,0,9,0,9,320,43,44,5,412,0,0,0,412
11/23/2015,MEM,TN,ASO,CE,Towers with Radar,220,62,58,2,342,0,0,12,0,12,220,62,70,2,354,0,0,0,354
11/24/2015,MEM,TN,ASO,CE,Towers with Radar,625,82,42,2,751,0,1,15,0,16,625,83,57,2,767,0,0,0,767
11/25/2015,MEM,TN,ASO,CE,Towers with Radar,636,81,42,1,760,0,0,10,0,10,636,81,52,1,770,0,0,0,770
11/26/2015,MEM,TN,ASO,CE,Towers with Radar,166,33,16,1,216,0,0,4,0,4,166,33,20,1,220,0,0,0,220
11/27/2015,MEM,TN,ASO,CE,Towers with Radar,516,34,17,0,567,0,0,2,0,2,516,34,19,0,569,0,0,0,569
11/28/2015,MEM,TN,ASO,CE,Towers with Radar,436,55,23,0,514,0,0,0,0,0,436,55,23,0,514,0,0,0,514
11/29/2015,MEM,TN,ASO,CE,Towers with Radar,358,65,61,0,484,0,0,0,0,0,358,65,61,0,484,0,0,0,484
11/30/2015,MEM,TN,ASO,CE,Towers with Radar,215,77,42,1,335,0,0,0,0,0,215,77,42,1,335,0,0,0,335
12/01/2015,MEM,TN,ASO,CE,Towers with Radar,665,89,70,9,833,0,2,6,0,8,665,91,76,9,841,0,0,0,841
12/02/2015,MEM,TN,ASO,CE,Towers with Radar,680,71,53,5,809,0,3,13,1,17,680,74,66,6,826,0,0,0,826
12/03/2015,MEM,TN,ASO,CE,Towers with Radar,665,85,74,11,835,0,0,8,0,8,665,85,82,11,843,0,0,0,843
12/04/2015,MEM,TN,ASO,CE,Towers with Radar,637,74,63,1,775,0,3,7,0,10,637,77,70,1,785,0,0,0,785
12/05/2015,MEM,TN,ASO,CE,Towers with Radar,436,31,16,2,485,0,0,10,0,10,436,31,26,2,495,0,0,0,495
12/06/2015,MEM,TN,ASO,CE,Towers with Radar,350,52,45,3,450,0,0,5,0,5,350,52,50,3,455,0,0,0,455
12/07/2015,MEM,TN,ASO,CE,Towers with Radar,248,55,51,4,358,0,0,3,1,4,248,55,54,5,362,0,0,0,362
12/08/2015,MEM,TN,ASO,CE,Towers with Radar,683,82,64,6,835,0,2,10,0,12,683,84,74,6,847,10,6,16,863
12/09/2015,MEM,TN,ASO,CE,Towers with Radar,684,85,70,6,845,0,7,3,0,10,684,92,73,6,855,0,0,0,855
12/10/2015,MEM,TN,ASO,CE,Towers with Radar,685,79,82,18,864,0,0,3,0,3,685,79,85,18,867,0,0,0,867
12/11/2015,MEM,TN,ASO,CE,Towers with Radar,636,80,63,4,783,0,0,4,0,4,636,80,67,4,787,0,0,0,787
12/12/2015,MEM,TN,ASO,CE,Towers with Radar,437,32,23,1,493,0,0,0,0,0,437,32,23,1,493,0,0,0,493
12/13/2015,MEM,TN,ASO,CE,Towers with Radar,328,46,41,2,417,0,0,0,1,1,328,46,41,3,418,0,0,0,418
12/14/2015,MEM,TN,ASO,CE,Towers with Radar,245,63,53,13,374,0,0,9,0,9,245,63,62,13,383,0,0,0,383
12/15/2015,MEM,TN,ASO,CE,Towers with Radar,694,87,68,14,863,0,1,17,1,19,694,88,85,15,882,0,0,0,882
12/16/2015,MEM,TN,ASO,CE,Towers with Radar,702,78,65,0,845,0,0,8,0,8,702,78,73,0,853,0,0,0,853
12/17/2015,MEM,TN,ASO,CE,Towers with Radar,710,84,80,13,887,0,0,12,0,12,710,84,92,13,899,4,12,16,915
12/18/2015,MEM,TN,ASO,CE,Towers with Radar,672,79,59,3,813,0,0,5,0,5,672,79,64,3,818,0,0,0,818
12/19/2015,MEM,TN,ASO,CE,Towers with Radar,504,40,30,4,578,0,1,3,0,4,504,41,33,4,582,0,0,0,582
12/20/2015,MEM,TN,ASO,CE,Towers with Radar,431,49,35,1,516,0,0,10,0,10,431,49,45,1,526,0,0,0,526
12/21/2015,MEM,TN,ASO,CE,Towers with Radar,474,46,42,2,564,0,0,0,0,0,474,46,42,2,564,0,0,0,564
12/22/2015,MEM,TN,ASO,CE,Towers with Radar,708,78,37,15,838,0,0,4,0,4,708,78,41,15,842,0,0,0,842
12/23/2015,MEM,TN,ASO,CE,Towers with Radar,715,72,29,1,817,0,0,3,0,3,715,72,32,1,820,0,0,0,820
12/24/2015,MEM,TN,ASO,CE,Towers with Radar,688,62,21,0,771,0,0,8,0,8,688,62,29,0,779,0,0,0,779
12/25/2015,MEM,TN,ASO,CE,Towers with Radar,137,37,2,1,177,0,0,0,0,0,137,37,2,1,177,0,0,0,177
12/26/2015,MEM,TN,ASO,CE,Towers with Radar,415,27,30,0,472,0,0,0,0,0,415,27,30,0,472,0,0,0,472
12/27/2015,MEM,TN,ASO,CE,Towers with Radar,302,48,27,0,377,0,0,0,0,0,302,48,27,0,377,0,0,0,377
12/28/2015,MEM,TN,ASO,CE,Towers with Radar,199,45,18,0,262,0,0,3,0,3,199,45,21,0,265,0,0,0,265
12/29/2015,MEM,TN,ASO,CE,Towers with Radar,641,67,40,10,758,0,0,3,0,3,641,67,43,10,761,0,0,0,761
12/30/2015,MEM,TN,ASO,CE,Towers with Radar,650,70,40,4,764,0,0,2,0,2,650,70,42,4,766,0,0,0,766
12/31/2015,MEM,TN,ASO,CE,Towers with Radar,606,59,29,0,694,0,0,8,0,8,606,59,37,0,702,0,0,0,702
01/01/2016,MEM,TN,ASO,CE,Towers with Radar,140,41,36,0,217,0,0,5,0,5,140,41,41,0,222,12,0,12,234
01/02/2016,MEM,TN,ASO,CE,Towers with Radar,415,37,84,0,536,1,1,19,0,21,416,38,103,0,557,0,0,0,557
01/03/2016,MEM,TN,ASO,CE,Towers with Radar,323,50,60,0,433,0,0,10,0,10,323,50,70,0,443,0,0,0,443
01/04/2016,MEM,TN,ASO,CE,Towers with Radar,215,44,46,3,308,0,1,9,2,12,215,45,55,5,320,0,0,0,320
01/05/2016,MEM,TN,ASO,CE,Towers with Radar,625,69,46,6,746,0,2,12,0,14,625,71,58,6,760,0,0,0,760
01/06/2016,MEM,TN,ASO,CE,Towers with Radar,613,60,54,4,731,0,1,11,0,12,613,61,65,4,743,0,0,0,743
01/07/2016,MEM,TN,ASO,CE,Towers with Radar,580,63,41,11,695,0,0,2,1,3,580,63,43,12,698,0,0,0,698
01/08/2016,MEM,TN,ASO,CE,Towers with Radar,617,72,48,4,741,0,0,4,0,4,617,72,52,4,745,0,0,0,745
01/09/2016,MEM,TN,ASO,CE,Towers with Radar,392,30,14,8,444,0,0,0,0,0,392,30,14,8,444,0,0,0,444
01/10/2016,MEM,TN,ASO,CE,Towers with Radar,306,51,37,0,394,0,0,7,0,7,306,51,44,0,401,0,0,0,401
01/11/2016,MEM,TN,ASO,CE,Towers with Radar,213,57,53,8,331,0,2,15,3,20,213,59,68,11,351,0,0,0,351
01/12/2016,MEM,TN,ASO,CE,Towers with Radar,621,68,55,8,752,0,0,14,1,15,621,68,69,9,767,0,0,0,767
01/13/2016,MEM,TN,ASO,CE,Towers with Radar,628,68,56,11,763,0,0,19,1,20,628,68,75,12,783,0,7,7,790
01/14/2016,MEM,TN,ASO,CE,Towers with Radar,605,75,60,9,749,0,0,6,0,6,605,75,66,9,755,0,0,0,755
01/15/2016,MEM,TN,ASO,CE,Towers with Radar,592,70,47,4,713,0,0,0,0,0,592,70,47,4,713,0,0,0,713
01/16/2016,MEM,TN,ASO,CE,Towers with Radar,392,36,26,1,455,0,0,6,0,6,392,36,32,1,461,0,0,0,461
01/17/2016,MEM,TN,ASO,CE,Towers with Radar,306,36,22,3,367,0,0,9,0,9,306,36,31,3,376,0,0,0,376
01/18/2016,MEM,TN,ASO,CE,Towers with Radar,223,61,47,0,331,0,0,11,0,11,223,61,58,0,342,0,0,0,342
01/19/2016,MEM,TN,ASO,CE,Towers with Radar,564,68,54,4,690,0,0,4,0,4,564,68,58,4,694,0,0,0,694
01/20/2016,MEM,TN,ASO,CE,Towers with Radar,628,68,49,7,752,0,0,0,0,0,628,68,49,7,752,0,0,0,752
01/21/2016,MEM,TN,ASO,CE,Towers with Radar,609,72,52,3,736,0,0,0,0,0,609,72,52,3,736,0,0,0,736
01/22/2016,MEM,TN,ASO,CE,Towers with Radar,374,49,34,0,457,0,0,0,0,0,374,49,34,0,457,0,0,0,457
01/23/2016,MEM,TN,ASO,CE,Towers with Radar,396,31,19,3,449,0,0,4,0,4,396,31,23,3,453,0,0,0,453
01/24/2016,MEM,TN,ASO,CE,Towers with Radar,308,37,24,3,372,0,2,4,0,6,308,39,28,3,378,4,0,4,382
01/25/2016,MEM,TN,ASO,CE,Towers with Radar,212,61,63,8,344,0,0,3,0,3,212,61,66,8,347,0,0,0,347
01/26/2016,MEM,TN,ASO,CE,Towers with Radar,663,66,72,11,812,0,0,7,0,7,663,66,79,11,819,0,16,16,835
01/27/2016,MEM,TN,ASO,CE,Towers with Radar,640,77,63,2,782,0,0,15,0,15,640,77,78,2,797,0,0,0,797
01/28/2016,MEM,TN,ASO,CE,Towers with Radar,616,83,75,6,780,0,2,6,1,9,616,85,81,7,789,0,0,0,789
01/29/2016,MEM,TN,ASO,CE,Towers with Radar,609,70,59,1,739,0,2,8,4,14,609,72,67,5,753,0,0,0,753
01/30/2016,MEM,TN,ASO,CE,Towers with Radar,393,29,15,1,438,0,0,5,2,7,393,29,20,3,445,0,0,0,445
01/31/2016,MEM,TN,ASO,CE,Towers with Radar,308,45,28,0,381,0,1,3,1,5,308,46,31,1,386,0,0,0,386
02/01/2016,MEM,TN,ASO,CE,Towers with Radar,212,67,57,1,337,0,0,0,0,0,212,67,57,1,337,0,0,0,337
02/02/2016,MEM,TN,ASO,CE,Towers with Radar,623,73,44,4,744,0,0,1,0,1,623,73,45,4,745,0,0,0,745
02/03/2016,MEM,TN,ASO,CE,Towers with Radar,638,61,64,5,768,0,0,5,1,6,638,61,69,6,774,0,0,0,774
02/04/2016,MEM,TN,ASO,CE,Towers with Radar,638,87,54,15,794,0,0,7,1,8,638,87,61,16,802,0,0,0,802
02/05/2016,MEM,TN,ASO,CE,Towers with Radar,594,71,46,1,712,0,0,8,0,8,594,71,54,1,720,0,0,0,720
02/06/2016,MEM,TN,ASO,CE,Towers with Radar,381,34,33,1,449,0,0,6,1,7,381,34,39,2,456,0,0,0,456
02/07/2016,MEM,TN,ASO,CE,Towers with Radar,302,48,31,4,385,0,0,8,1,9,302,48,39,5,394,0,2,2,396
02/08/2016,MEM,TN,ASO,CE,Towers with Radar,223,58,55,1,337,0,0,3,0,3,223,58,58,1,340,16,0,16,356
02/09/2016,MEM,TN,ASO,CE,Towers with Radar,632,72,46,5,755,0,0,5,0,5,632,72,51,5,760,0,0,0,760
02/10/2016,MEM,TN,ASO,CE,Towers with Radar,628,76,64,2,770,0,2,7,2,11,628,78,71,4,781,0,0,0,781
02/11/2016,MEM,TN,ASO,CE,Towers with Radar,615,77,71,5,768,0,2,11,0,13,615,79,82,5,781,0,0,0,781
02/12/2016,MEM,TN,ASO,CE,Towers with Radar,613,71,34,3,721,0,2,19,1,22,613,73,53,4,743,0,0,0,743
02/13/2016,MEM,TN,ASO,CE,Towers with Radar,393,41,32,2,468,0,0,5,1,6,393,41,37,3,474,0,0,0,474
02/14/2016,MEM,TN,ASO,CE,Towers with Radar,302,40,27,0,369,0,0,1,0,1,302,40,28,0,370,0,0,0,370
02/15/2016,MEM,TN,ASO,CE,Towers with Radar,192,58,55,1,306,0,0,0,0,0,192,58,55,1,306,0,0,0,306
02/16/2016,MEM,TN,ASO,CE,Towers with Radar,615,69,86,4,774,0,0,2,0,2,615,69,88,4,776,0,0,0,776
02/17/2016,MEM,TN,ASO,CE,Towers with Radar,627,74,72,8,781,0,1,12,1,14,627,75,84,9,795,0,0,0,795
02/18/2016,MEM,TN,ASO,CE,Towers with Radar,578,83,63,5,729,0,1,16,1,18,578,84,79,6,747,0,0,0,747
02/19/2016,MEM,TN,ASO,CE,Towers with Radar,634,77,47,2,760,0,0,0,4,4,634,77,47,6,764,0,0,0,764
02/20/2016,MEM,TN,ASO,CE,Towers with Radar,387,33,38,7,465,0,0,2,3,5,387,33,40,10,470,0,0,0,470
02/21/2016,MEM,TN,ASO,CE,Towers with Radar,313,46,26,5,390,0,0,2,0,2,313,46,28,5,392,0,0,0,392
02/22/2016,MEM,TN,ASO,CE,Towers with Radar,232,58,46,3,339,0,0,2,0,2,232,58,48,3,341,0,0,0,341
02/23/2016,MEM,TN,ASO,CE,Towers with Radar,613,68,64,3,748,0,0,0,0,0,613,68,64,3,748,0,0,0,748
02/24/2016,MEM,TN,ASO,CE,Towers with Radar,621,63,48,18,750,0,0,4,1,5,621,63,52,19,755,0,0,0,755
02/25/2016,MEM,TN,ASO,CE,Towers with Radar,624,82,72,21,799,0,1,13,1,15,624,83,85,22,814,0,0,0,814
02/26/2016,MEM,TN,ASO,CE,Towers with Radar,597,75,63,9,744,0,0,14,0,14,597,75,77,9,758,0,0,0,758
02/27/2016,MEM,TN,ASO,CE,Towers with Radar,382,34,26,8,450,0,1,15,0,16,382,35,41,8,466,0,0,0,466
02/28/2016,MEM,TN,ASO,CE,Towers with Radar,313,51,34,0,398,0,0,11,0,11,313,51,45,0,409,0,0,0,409
02/29/2016,MEM,TN,ASO,CE,Towers with Radar,232,65,45,2,344,0,1,18,0,19,232,66,63,2,363,0,0,0,363
03/01/2016,MEM,TN,ASO,CE,Towers with Radar,619,79,64,6,768,0,0,0,0,0,619,79,64,6,768,0,0,0,768
03/02/2016,MEM,TN,ASO,CE,Towers with Radar,617,81,45,6,749,0,2,18,0,20,617,83,63,6,769,0,0,0,769
03/03/2016,MEM,TN,ASO,CE,Towers with Radar,641,79,62,8,790,0,0,3,0,3,641,79,65,8,793,0,0,0,793
03/04/2016,MEM,TN,ASO,CE,Towers with Radar,606,81,66,6,759,0,0,4,0,4,606,81,70,6,763,0,0,0,763
03/05/2016,MEM,TN,ASO,CE,Towers with Radar,400,43,38,1,482,0,0,13,2,15,400,43,51,3,497,0,0,0,497
03/06/2016,MEM,TN,ASO,CE,Towers with Radar,318,50,35,6,409,0,0,5,0,5,318,50,40,6,414,8,0,8,422
03/07/2016,MEM,TN,ASO,CE,Towers with Radar,228,70,52,3,353,0,0,5,0,5,228,70,57,3,358,0,0,0,358
03/08/2016,MEM,TN,ASO,CE,Towers with Radar,597,77,44,7,725,0,0,8,1,9,597,77,52,8,734,0,0,0,734
03/09/2016,MEM,TN,ASO,CE,Towers with Radar,604,69,41,3,717,0,0,0,0,0,604,69,41,3,717,0,0,0,717
03/10/2016,MEM,TN,ASO,CE,Towers with Radar,649,69,40,2,760,0,0,0,0,0,649,69,40,2,760,0,0,0,760
03/11/2016,MEM,TN,ASO,CE,Towers with Radar,622,83,42,4,751,0,0,0,0,0,622,83,42,4,751,0,0,0,751
03/12/2016,MEM,TN,ASO,CE,Towers with Radar,417,37,23,1,478,0,0,1,0,1,417,37,24,1,479,0,0,0,479
03/13/2016,MEM,TN,ASO,CE,Towers with Radar,314,50,33,7,404,0,1,7,0,8,314,51,40,7,412,0,0,0,412
03/14/2016,MEM,TN,ASO,CE,Towers with Radar,245,57,48,7,357,0,1,12,1,14,245,58,60,8,371,0,0,0,371
03/15/2016,MEM,TN,ASO,CE,Towers with Radar,622,80,64,6,772,0,1,12,2,15,622,81,76,8,787,0,0,0,787
03/16/2016,MEM,TN,ASO,CE,Towers with Radar,661,77,44,13,795,0,0,15,3,18,661,77,59,16,813,0,0,0,813
03/17/2016,MEM,TN,ASO,CE,Towers with Radar,619,78,59,10,766,0,2,9,0,11,619,80,68,10,777,0,9,9,786
03/18/2016,MEM,TN,ASO,CE,Towers with Radar,595,73,30,7,705,0,2,9,0,11,595,75,39,7,716,0,0,0,716
03/19/2016,MEM,TN,ASO,CE,Towers with Radar,413,41,36,2,492,0,1,3,1,5,413,42,39,3,497,0,0,0,497
03/20/2016,MEM,TN,ASO,CE,Towers with Radar,328,47,45,2,422,0,0,4,1,5,328,47,49,3,427,0,0,0,427
03/21/2016,MEM,TN,ASO,CE,Towers with Radar,225,57,63,7,352,0,6,8,0,14,225,63,71,7,366,0,0,0,366
03/22/2016,MEM,TN,ASO,CE,Towers with Radar,619,82,48,7,756,0,0,11,0,11,619,82,59,7,767,0,0,0,767
03/23/2016,MEM,TN,ASO,CE,Towers with Radar,621,74,61,9,765,0,0,9,2,11,621,74,70,11,776,0,0,0,776
03/24/2016,MEM,TN,ASO,CE,Towers with Radar,662,74,50,5,791,0,0,1,0,1,662,74,51,5,792,10,0,10,802
03/25/2016,MEM,TN,ASO,CE,Towers with Radar,604,81,42,1,728,0,0,5,0,5,604,81,47,1,733,0,0,0,733
03/26/2016,MEM,TN,ASO,CE,Towers with Radar,396,31,26,1,454,0,0,4,1,5,396,31,30,2,459,0,0,0,459
03/27/2016,MEM,TN,ASO,CE,Towers with Radar,334,48,22,0,404,0,0,3,0,3,334,48,25,0,407,0,0,0,407
03/28/2016,MEM,TN,ASO,CE,Towers with Radar,238,66,72,2,378,0,0,11,0,11,238,66,83,2,389,0,0,0,389
03/29/2016,MEM,TN,ASO,CE,Towers with Radar,638,82,59,6,785,0,0,6,1,7,638,82,65,7,792,0,0,0,792
03/30/2016,MEM,TN,ASO,CE,Towers with Radar,576,79,60,1,716,0,0,2,1,3,576,79,62,2,719,0,0,0,719
03/31/2016,MEM,TN,ASO,CE,Towers with Radar,665,87,71,1,824,0,1,2,0,3,665,88,73,1,827,0,0,0,827
04/01/2016,MEM,TN,ASO,CE,Towers with Radar,628,73,62,5,768,0,3,5,1,9,628,76,67,6,777,0,0,0,777
04/02/2016,MEM,TN,ASO,CE,Towers with Radar,405,42,38,5,490,0,1,7,5,13,405,43,45,10,503,0,0,0,503
04/03/2016,MEM,TN,ASO,CE,Towers with Radar,335,46,40,2,423,0,0,3,2,5,335,46,43,4,428,0,0,0,428
04/04/2016,MEM,TN,ASO,CE,Towers with Radar,235,59,50,3,347,0,0,5,0,5,235,59,55,3,352,0,0,0,352
04/05/2016,MEM,TN,ASO,CE,Towers with Radar,643,72,71,9,795,0,1,10,3,14,643,73,81,12,809,0,7,7,816
04/06/2016,MEM,TN,ASO,CE,Towers with Radar,642,63,67,4,776,0,1,3,1,5,642,64,70,5,781,0,0,0,781
04/07/2016,MEM,TN,ASO,CE,Towers with Radar,634,60,69,8,771,0,1,22,2,25,634,61,91,10,796,0,0,0,796
04/08/2016,MEM,TN,ASO,CE,Towers with Radar,616,76,64,1,757,0,1,16,0,17,616,77,80,1,774,0,0,0,774
04/09/2016,MEM,TN,ASO,CE,Towers with Radar,404,36,50,4,494,0,0,6,1,7,404,36,56,5,501,0,0,0,501
04/10/2016,MEM,TN,ASO,CE,Towers with Radar,322,42,36,5,405,0,0,2,0,2,322,42,38,5,407,0,0,0,407
04/11/2016,MEM,TN,ASO,CE,Towers with Radar,232,59,47,1,339,0,0,0,0,0,232,59,47,1,339,0,0,0,339
04/12/2016,MEM,TN,ASO,CE,Towers with Radar,638,69,81,4,792,0,0,12,0,12,638,69,93,4,804,0,0,0,804
04/13/2016,MEM,TN,ASO,CE,Towers with Radar,639,57,66,4,766,0,1,18,0,19,639,58,84,4,785,0,0,0,785
04/14/2016,MEM,TN,ASO,CE,Towers with Radar,616,76,64,3,759,0,0,9,0,9,616,76,73,3,768,0,0,0,768
04/15/2016,MEM,TN,ASO,CE,Towers with Radar,612,75,71,6,764,0,0,8,0,8,612,75,79,6,772,0,0,0,772
04/16/2016,MEM,TN,ASO,CE,Towers with Radar,396,31,34,6,467,0,0,8,0,8,396,31,42,6,475,0,0,0,475
04/17/2016,MEM,TN,ASO,CE,Towers with Radar,313,38,42,9,402,0,0,2,0,2,313,38,44,9,404,0,0,0,404
04/18/2016,MEM,TN,ASO,CE,Towers with Radar,248,48,52,1,349,0,0,15,0,15,248,48,67,1,364,0,0,0,364
04/19/2016,MEM,TN,ASO,CE,Towers with Radar,635,69,81,3,788,0,1,8,2,11,635,70,89,5,799,0,0,0,799
04/20/2016,MEM,TN,ASO,CE,Towers with Radar,612,64,70,4,750,0,0,4,1,5,612,64,74,5,755,0,0,0,755
04/21/2016,MEM,TN,ASO,CE,Towers with Radar,647,67,62,6,782,0,4,2,0,6,647,71,64,6,788,0,0,0,788
04/22/2016,MEM,TN,ASO,CE,Towers with Radar,613,72,52,6,743,0,1,14,1,16,613,73,66,7,759,0,0,0,759
04/23/2016,MEM,TN,ASO,CE,Towers with Radar,396,37,40,4,477,0,0,6,0,6,396,37,46,4,483,0,0,0,483
04/24/2016,MEM,TN,ASO,CE,Towers with Radar,317,37,62,8,424,0,0,8,0,8,317,37,70,8,432,0,0,0,432
04/25/2016,MEM,TN,ASO,CE,Towers with Radar,240,50,55,3,348,0,2,8,2,12,240,52,63,5,360,0,0,0,360
04/26/2016,MEM,TN,ASO,CE,Towers with Radar,621,70,65,7,763,0,7,12,0,19,621,77,77,7,782,0,0,0,782
04/27/2016,MEM,TN,ASO,CE,Towers with Radar,639,68,63,1,771,0,0,7,1,8,639,68,70,2,779,0,0,0,779
04/28/2016,MEM,TN,ASO,CE,Towers with Radar,629,74,59,6,768,0,3,21,5,29,629,77,80,11,797,0,0,0,797
04/29/2016,MEM,TN,ASO,CE,Towers with Radar,589,75,55,0,719,0,0,0,0,0,589,75,55,0,719,0,0,0,719
04/30/2016,MEM,TN,ASO,CE,Towers with Radar,426,41,29,1,497,0,0,1,1,2,426,41,30,2,499,0,0,0,499
05/01/2016,MEM,TN,ASO,CE,Towers with Radar,319,46,43,4,412,0,0,2,0,2,319,46,45,4,414,0,0,0,414
05/02/2016,MEM,TN,ASO,CE,Towers with Radar,231,64,57,1,353,0,2,0,0,2,231,66,57,1,355,0,0,0,355
05/03/2016,MEM,TN,ASO,CE,Towers with Radar,639,84,59,5,787,0,2,12,9,23,639,86,71,14,810,0,0,0,810
05/04/2016,MEM,TN,ASO,CE,Towers with Radar,650,66,64,2,782,0,2,14,0,16,650,68,78,2,798,0,0,0,798
05/05/2016,MEM,TN,ASO,CE,Towers with Radar,639,73,86,7,805,0,0,10,0,10,639,73,96,7,815,0,0,0,815
05/06/2016,MEM,TN,ASO,CE,Towers with Radar,631,80,61,10,782,0,3,15,2,20,631,83,76,12,802,0,0,0,802
05/07/2016,MEM,TN,ASO,CE,Towers with Radar,395,46,27,3,471,0,1,8,0,9,395,47,35,3,480,0,0,0,480
05/08/2016,MEM,TN,ASO,CE,Towers with Radar,319,48,34,2,403,0,0,2,0,2,319,48,36,2,405,0,0,0,405
05/09/2016,MEM,TN,ASO,CE,Towers with Radar,217,51,50,3,321,0,0,6,0,6,217,51,56,3,327,0,0,0,327
05/10/2016,MEM,TN,ASO,CE,Towers with Radar,670,71,57,9,807,0,0,5,2,7,670,71,62,11,814,0,0,0,814
05/11/2016,MEM,TN,ASO,CE,Towers with Radar,643,75,85,12,815,0,0,7,11,18,643,75,92,23,833,0,6,6,839
05/12/2016,MEM,TN,ASO,CE,Towers with Radar,637,66,73,7,783,0,1,3,2,6,637,67,76,9,789,0,0,0,789
05/13/2016,MEM,TN,ASO,CE,Towers with Radar,608,73,53,7,741,0,0,12,0,12,608,73,65,7,753,0,0,0,753
05/14/2016,MEM,TN,ASO,CE,Towers with Radar,388,42,31,4,465,0,2,11,1,14,388,44,42,5,479,0,0,0,479
05/15/2016,MEM,TN,ASO,CE,Towers with Radar,318,45,31,3,397,0,0,17,1,18,318,45,48,4,415,0,0,0,415
05/16/2016,MEM,TN,ASO,CE,Towers with Radar,246,46,53,6,351,0,0,11,0,11,246,46,64,6,362,0,0,0,362
05/17/2016,MEM,TN,ASO,CE,Towers with Radar,642,56,69,4,771,0,0,8,4,12,642,56,77,8,783,0,0,0,783
05/18/2016,MEM,TN,ASO,CE,Towers with Radar,645,62,72,6,785,0,1,5,0,6,645,63,77,6,791,0,0,0,791
05/19/2016,MEM,TN,ASO,CE,Towers with Radar,635,59,76,9,779,0,0,6,1,7,635,59,82,10,786,0,0,0,786
05/20/2016,MEM,TN,ASO,CE,Towers with Radar,621,60,44,10,735,0,0,5,0,5,621,60,49,10,740,0,0,0,740
05/21/2016,MEM,TN,ASO,CE,Towers with Radar,380,44,18,10,452,0,2,9,3,14,380,46,27,13,466,0,0,0,466
05/22/2016,MEM,TN,ASO,CE,Towers with Radar,320,38,35,5,398,0,0,10,0,10,320,38,45,5,408,0,0,0,408
05/23/2016,MEM,TN,ASO,CE,Towers with Radar,264,48,64,1,377,0,0,18,0,18,264,48,82,1,395,0,0,0,395
05/24/2016,MEM,TN,ASO,CE,Towers with Radar,627,65,61,8,761,0,2,6,3,11,627,67,67,11,772,0,0,0,772
05/25/2016,MEM,TN,ASO,CE,Towers with Radar,652,53,63,0,768,0,4,5,0,9,652,57,68,0,777,0,0,0,777
05/26/2016,MEM,TN,ASO,CE,Towers with Radar,623,63,57,11,754,0,6,5,0,11,623,69,62,11,765,0,0,0,765
05/27/2016,MEM,TN,ASO,CE,Towers with Radar,628,68,57,7,760,0,0,3,0,3,628,68,60,7,763,0,0,0,763
05/28/2016,MEM,TN,ASO,CE,Towers with Radar,398,40,32,1,471,1,0,5,0,6,399,40,37,1,477,0,0,0,477
05/29/2016,MEM,TN,ASO,CE,Towers with Radar,303,23,21,1,348,0,0,5,0,5,303,23,26,1,353,0,0,0,353
05/30/2016,MEM,TN,ASO,CE,Towers with Radar,164,38,25,5,232,0,0,5,0,5,164,38,30,5,237,0,0,0,237
05/31/2016,MEM,TN,ASO,CE,Towers with Radar,330,50,58,1,439,0,2,12,2,16,330,52,70,3,455,0,4,4,459
06/01/2016,MEM,TN,ASO,CE,Towers with Radar,665,60,62,2,789,0,0,6,0,6,665,60,68,2,795,0,0,0,795
06/02/2016,MEM,TN,ASO,CE,Towers with Radar,646,64,69,10,789,0,2,4,0,6,646,66,73,10,795,0,0,0,795
06/03/2016,MEM,TN,ASO,CE,Towers with Radar,633,63,58,4,758,0,0,4,0,4,633,63,62,4,762,0,0,0,762
06/04/2016,MEM,TN,ASO,CE,Towers with Radar,399,42,35,8,484,0,0,3,2,5,399,42,38,10,489,0,0,0,489
06/05/2016,MEM,TN,ASO,CE,Towers with Radar,331,41,56,10,438,0,0,5,4,9,331,41,61,14,447,0,0,0,447
06/06/2016,MEM,TN,ASO,CE,Towers with Radar,265,50,66,3,384,0,0,8,1,9,265,50,74,4,393,0,0,0,393
06/07/2016,MEM,TN,ASO,CE,Towers with Radar,643,69,65,8,785,0,0,15,0,15,643,69,80,8,800,0,0,0,800
06/08/2016,MEM,TN,ASO,CE,Towers with Radar,631,60,62,6,759,0,3,20,3,26,631,63,82,9,785,0,0,0,785
06/09/2016,MEM,TN,ASO,CE,Towers with Radar,630,76,56,13,775,0,5,16,0,21,630,81,72,13,796,0,0,0,796
06/10/2016,MEM,TN,ASO,CE,Towers with Radar,605,72,53,5,735,0,3,9,2,14,605,75,62,7,749,0,0,0,749
06/11/2016,MEM,TN,ASO,CE,Towers with Radar,406,51,44,7,508,1,6,8,2,17,407,57,52,9,525,0,0,0,525
06/12/2016,MEM,TN,ASO,CE,Towers with Radar,331,53,32,5,421,0,0,2,0,2,331,53,34,5,423,0,0,0,423
06/13/2016,MEM,TN,ASO,CE,Towers with Radar,254,52,48,5,359,0,0,6,3,9,254,52,54,8,368,0,0,0,368
06/14/2016,MEM,TN,ASO,CE,Towers with Radar,623,71,49,3,746,0,2,2,1,5,623,73,51,4,751,0,0,0,751
06/15/2016,MEM,TN,ASO,CE,Towers with Radar,644,68,59,10,781,0,0,2,0,2,644,68,61,10,783,0,0,0,783
06/16/2016,MEM,TN,ASO,CE,Towers with Radar,629,71,62,5,767,0,0,7,2,9,629,71,69,7,776,0,0,0,776
06/17/2016,MEM,TN,ASO,CE,Towers with Radar,616,68,51,8,743,0,2,16,0,18,616,70,67,8,761,0,0,0,761
06/18/2016,MEM,TN,ASO,CE,Towers with Radar,403,45,27,2,477,0,1,12,2,15,403,46,39,4,492,0,0,0,492
06/19/2016,MEM,TN,ASO,CE,Towers with Radar,337,47,17,4,405,0,0,5,2,7,337,47,22,6,412,0,0,0,412
06/20/2016,MEM,TN,ASO,CE,Towers with Radar,257,65,73,5,400,0,2,19,1,22,257,67,92,6,422,0,0,0,422
06/21/2016,MEM,TN,ASO,CE,Towers with Radar,629,65,56,10,760,0,3,17,5,25,629,68,73,15,785,0,0,0,785
06/22/2016,MEM,TN,ASO,CE,Towers with Radar,650,77,75,4,806,0,0,21,3,24,650,77,96,7,830,0,0,0,830
06/23/2016,MEM,TN,ASO,CE,Towers with Radar,634,68,83,9,794,0,0,7,3,10,634,68,90,12,804,0,0,0,804
06/24/2016,MEM,TN,ASO,CE,Towers with Radar,616,67,49,12,744,0,5,7,0,12,616,72,56,12,756,0,0,0,756
06/25/2016,MEM,TN,ASO,CE,Towers with Radar,415,45,22,8,490,0,0,9,0,9,415,45,31,8,499,0,0,0,499
06/26/2016,MEM,TN,ASO,CE,Towers with Radar,331,44,47,3,425,0,0,8,2,10,331,44,55,5,435,0,0,0,435
06/27/2016,MEM,TN,ASO,CE,Towers with Radar,244,54,69,4,371,0,3,4,0,7,244,57,73,4,378,0,0,0,378
06/28/2016,MEM,TN,ASO,CE,Towers with Radar,643,69,64,12,788,0,0,12,1,13,643,69,76,13,801,0,0,0,801
06/29/2016,MEM,TN,ASO,CE,Towers with Radar,651,60,53,5,769,0,1,20,1,22,651,61,73,6,791,0,0,0,791
06/30/2016,MEM,TN,ASO,CE,Towers with Radar,631,79,59,4,773,0,0,12,1,13,631,79,71,5,786,0,0,0,786
07/01/2016,MEM,TN,ASO,CE,Towers with Radar,642,58,59,1,760,0,0,10,0,10,642,58,69,1,770,0,0,0,770
07/02/2016,MEM,TN,ASO,CE,Towers with Radar,389,32,26,0,447,0,0,6,0,6,389,32,32,0,453,0,0,0,453
07/03/2016,MEM,TN,ASO,CE,Towers with Radar,309,28,12,0,349,0,0,4,0,4,309,28,16,0,353,0,0,0,353
07/04/2016,MEM,TN,ASO,CE,Towers with Radar,138,40,12,0,190,0,1,2,0,3,138,41,14,0,193,0,0,0,193
07/05/2016,MEM,TN,ASO,CE,Towers with Radar,326,50,43,3,422,0,0,6,0,6,326,50,49,3,428,0,0,0,428
07/06/2016,MEM,TN,ASO,CE,Towers with Radar,657,72,46,5,780,0,0,5,0,5,657,72,51,5,785,0,0,0,785
07/07/2016,MEM,TN,ASO,CE,Towers with Radar,666,68,55,4,793,0,0,16,5,21,666,68,71,9,814,0,10,10,824
07/08/2016,MEM,TN,ASO,CE,Towers with Radar,627,58,45,14,744,0,0,6,3,9,627,58,51,17,753,0,0,0,753
07/09/2016,MEM,TN,ASO,CE,Towers with Radar,405,33,25,4,467,0,0,2,3,5,405,33,27,7,472,0,0,0,472
07/10/2016,MEM,TN,ASO,CE,Towers with Radar,340,44,35,0,419,0,0,7,1,8,340,44,42,1,427,0,0,0,427
07/11/2016,MEM,TN,ASO,CE,Towers with Radar,259,50,59,1,369,0,1,7,0,8,259,51,66,1,377,0,0,0,377
07/12/2016,MEM,TN,ASO,CE,Towers with Radar,638,63,62,10,773,0,1,19,2,22,638,64,81,12,795,0,0,0,795
07/13/2016,MEM,TN,ASO,CE,Towers with Radar,645,60,69,4,778,0,1,15,1,17,645,61,84,5,795,0,0,0,795
07/14/2016,MEM,TN,ASO,CE,Towers with Radar,635,62,52,4,753,0,0,10,2,12,635,62,62,6,765,0,18,18,783
07/15/2016,MEM,TN,ASO,CE,Towers with Radar,601,65,61,2,729,0,0,10,0,10,601,65,71,2,739,0,0,0,739
07/16/2016,MEM,TN,ASO,CE,Towers with Radar,412,41,13,4,470,0,0,5,0,5,412,41,18,4,475,0,0,0,475
07/17/2016,MEM,TN,ASO,CE,Towers with Radar,331,39,41,6,417,0,2,10,0,12,331,41,51,6,429,0,0,0,429
07/18/2016,MEM,TN,ASO,CE,Towers with Radar,265,47,57,1,370,0,0,17,5,22,265,47,74,6,392,0,0,0,392
07/19/2016,MEM,TN,ASO,CE,Towers with Radar,641,56,64,5,766,0,2,15,1,18,641,58,79,6,784,0,0,0,784
07/20/2016,MEM,TN,ASO,CE,Towers with Radar,632,61,70,6,769,0,1,6,0,7,632,62,76,6,776,0,0,0,776
07/21/2016,MEM,TN,ASO,CE,Towers with Radar,624,64,45,12,745,0,2,11,0,13,624,66,56,12,758,0,0,0,758
07/22/2016,MEM,TN,ASO,CE,Towers with Radar,605,64,39,3,711,0,0,7,0,7,605,64,46,3,718,0,0,0,718
07/23/2016,MEM,TN,ASO,CE,Towers with Radar,407,33,28,0,468,0,0,3,1,4,407,33,31,1,472,0,0,0,472
07/24/2016,MEM,TN,ASO,CE,Towers with Radar,324,42,37,1,404,0,0,2,0,2,324,42,39,1,406,0,0,0,406
07/25/2016,MEM,TN,ASO,CE,Towers with Radar,258,57,58,4,377,0,0,8,2,10,258,57,66,6,387,0,0,0,387
07/26/2016,MEM,TN,ASO,CE,Towers with Radar,645,58,40,1,744,0,0,7,6,13,645,58,47,7,757,0,0,0,757
07/27/2016,MEM,TN,ASO,CE,Towers with Radar,626,74,71,6,777,0,0,10,0,10,626,74,81,6,787,0,0,0,787
07/28/2016,MEM,TN,ASO,CE,Towers with Radar,615,65,79,9,768,0,0,4,0,4,615,65,83,9,772,0,0,0,772
07/29/2016,MEM,TN,ASO,CE,Towers with Radar,627,71,43,7,748,0,0,2,1,3,627,71,45,8,751,0,0,0,751
07/30/2016,MEM,TN,ASO,CE,Towers with Radar,411,37,34,4,486,0,0,3,2,5,411,37,37,6,491,0,0,0,491
07/31/2016,MEM,TN,ASO,CE,Towers with Radar,332,42,32,2,408,0,0,3,2,5,332,42,35,4,413,0,0,0,413
08/01/2016,MEM,TN,ASO,CE,Towers with Radar,271,57,48,2,378,0,0,3,4,7,271,57,51,6,385,0,0,0,385
08/02/2016,MEM,TN,ASO,CE,Towers with Radar,629,68,36,6,739,0,1,7,0,8,629,69,43,6,747,0,0,0,747
08/03/2016,MEM,TN,ASO,CE,Towers with Radar,643,69,57,4,773,0,1,5,0,6,643,70,62,4,779,0,0,0,779
08/04/2016,MEM,TN,ASO,CE,Towers with Radar,620,66,72,13,771,0,0,13,0,13,620,66,85,13,784,0,0,0,784
08/05/2016,MEM,TN,ASO,CE,Towers with Radar,620,70,45,13,748,1,0,8,2,11,621,70,53,15,759,0,0,0,759
08/06/2016,MEM,TN,ASO,CE,Towers with Radar,399,38,26,0,463,0,0,3,2,5,399,38,29,2,468,0,0,0,468
08/07/2016,MEM,TN,ASO,CE,Towers with Radar,321,42,31,1,395,0,0,5,1,6,321,42,36,2,401,0,0,0,401
08/08/2016,MEM,TN,ASO,CE,Towers with Radar,261,56,47,2,366,0,1,9,0,10,261,57,56,2,376,0,0,0,376
08/09/2016,MEM,TN,ASO,CE,Towers with Radar,619,69,62,16,766,0,0,5,0,5,619,69,67,16,771,0,0,0,771
08/10/2016,MEM,TN,ASO,CE,Towers with Radar,628,79,85,4,796,0,0,17,2,19,628,79,102,6,815,0,0,0,815
08/11/2016,MEM,TN,ASO,CE,Towers with Radar,626,64,82,2,774,0,1,14,2,17,626,65,96,4,791,0,0,0,791
08/12/2016,MEM,TN,ASO,CE,Towers with Radar,591,65,65,1,722,0,1,8,0,9,591,66,73,1,731,0,0,0,731
08/13/2016,MEM,TN,ASO,CE,Towers with Radar,402,33,24,1,460,0,0,5,0,5,402,33,29,1,465,0,0,0,465
08/14/2016,MEM,TN,ASO,CE,Towers with Radar,315,45,35,5,400,0,0,0,0,0,315,45,35,5,400,0,0,0,400
08/15/2016,MEM,TN,ASO,CE,Towers with Radar,247,56,51,1,355,0,1,4,0,5,247,57,55,1,360,0,0,0,360
08/16/2016,MEM,TN,ASO,CE,Towers with Radar,660,53,54,3,770,0,0,0,1,1,660,53,54,4,771,0,0,0,771
08/17/2016,MEM,TN,ASO,CE,Towers with Radar,642,59,45,15,761,0,0,0,2,2,642,59,45,17,763,0,0,0,763
08/18/2016,MEM,TN,ASO,CE,Towers with Radar,617,72,73,12,774,0,0,5,0,5,617,72,78,12,779,0,0,0,779
08/19/2016,MEM,TN,ASO,CE,Towers with Radar,587,73,41,4,705,0,0,6,0,6,587,73,47,4,711,0,0,0,711
08/20/2016,MEM,TN,ASO,CE,Towers with Radar,374,41,18,0,433,0,1,1,0,2,374,42,19,0,435,0,0,0,435
08/21/2016,MEM,TN,ASO,CE,Towers with Radar,304,55,30,1,390,0,0,1,0,1,304,55,31,1,391,0,0,0,391
08/22/2016,MEM,TN,ASO,CE,Towers with Radar,253,53,55,4,365,0,0,7,0,7,253,53,62,4,372,0,0,0,372
08/23/2016,MEM,TN,ASO,CE,Towers with Radar,643,74,48,11,776,0,0,11,0,11,643,74,59,11,787,0,0,0,787
08/24/2016,MEM,TN,ASO,CE,Towers with Radar,618,69,59,6,752,0,1,10,0,11,618,70,69,6,763,0,0,0,763
08/25/2016,MEM,TN,ASO,CE,Towers with Radar,596,71,68,6,741,0,4,10,1,15,596,75,78,7,756,0,0,0,756
08/26/2016,MEM,TN,ASO,CE,Towers with Radar,602,80,50,0,732,0,1,6,0,7,602,81,56,0,739,0,0,0,739
08/27/2016,MEM,TN,ASO,CE,Towers with Radar,389,49,27,4,469,0,2,1,0,3,389,51,28,4,472,0,0,0,472
08/28/2016,MEM,TN,ASO,CE,Towers with Radar,292,53,43,9,397,0,0,1,1,2,292,53,44,10,399,0,0,0,399
08/29/2016,MEM,TN,ASO,CE,Towers with Radar,238,63,55,1,357,0,2,9,0,11,238,65,64,1,368,0,0,0,368
08/30/2016,MEM,TN,ASO,CE,Towers with Radar,631,69,68,17,785,0,2,17,0,19,631,71,85,17,804,0,0,0,804
08/31/2016,MEM,TN,ASO,CE,Towers with Radar,624,69,75,8,776,0,0,9,3,12,624,69,84,11,788,0,3,3,791
09/01/2016,MEM,TN,ASO,CE,Towers with Radar,613,66,69,23,771,0,0,12,1,13,613,66,81,24,784,0,0,0,784
09/02/2016,MEM,TN,ASO,CE,Towers with Radar,599,70,62,3,734,0,1,26,0,27,599,71,88,3,761,0,0,0,761
09/03/2016,MEM,TN,ASO,CE,Towers with Radar,372,34,31,1,438,0,0,3,0,3,372,34,34,1,441,0,0,0,441
09/04/2016,MEM,TN,ASO,CE,Towers with Radar,280,33,13,0,326,0,0,4,0,4,280,33,17,0,330,0,0,0,330
09/05/2016,MEM,TN,ASO,CE,Towers with Radar,132,58,33,1,224,0,0,4,0,4,132,58,37,1,228,0,0,0,228
09/06/2016,MEM,TN,ASO,CE,Towers with Radar,306,57,55,20,438,0,0,5,0,5,306,57,60,20,443,0,0,0,443
09/07/2016,MEM,TN,ASO,CE,Towers with Radar,646,79,41,11,777,0,0,9,0,9,646,79,50,11,786,0,0,0,786
09/08/2016,MEM,TN,ASO,CE,Towers with Radar,641,75,62,17,795,0,0,6,2,8,641,75,68,19,803,0,0,0,803
09/09/2016,MEM,TN,ASO,CE,Towers with Radar,604,77,59,9,749,0,3,14,0,17,604,80,73,9,766,0,0,0,766
09/10/2016,MEM,TN,ASO,CE,Towers with Radar,375,44,39,3,461,3,0,3,0,6,378,44,42,3,467,0,0,0,467
09/11/2016,MEM,TN,ASO,CE,Towers with Radar,316,62,52,1,431,0,0,4,0,4,316,62,56,1,435,0,0,0,435
09/12/2016,MEM,TN,ASO,CE,Towers with Radar,253,60,53,2,368,0,2,2,0,4,253,62,55,2,372,0,0,0,372
09/13/2016,MEM,TN,ASO,CE,Towers with Radar,637,76,78,5,796,0,2,18,3,23,637,78,96,8,819,0,0,0,819
09/14/2016,MEM,TN,ASO,CE,Towers with Radar,624,70,81,15,790,0,1,11,8,20,624,71,92,23,810,0,0,0,810
09/15/2016,MEM,TN,ASO,CE,Towers with Radar,628,64,72,10,774,0,1,11,0,12,628,65,83,10,786,0,0,0,786
09/16/2016,MEM,TN,ASO,CE,Towers with Radar,602,60,70,6,738,0,0,8,3,11,602,60,78,9,749,0,0,0,749
09/17/2016,MEM,TN,ASO,CE,Towers with Radar,385,50,23,3,461,0,0,3,2,5,385,50,26,5,466,0,0,0,466
09/18/2016,MEM,TN,ASO,CE,Towers with Radar,318,46,38,2,404,0,0,2,1,3,318,46,40,3,407,0,0,0,407
09/19/2016,MEM,TN,ASO,CE,Towers with Radar,268,41,78,1,388,0,0,21,0,21,268,41,99,1,409,22,0,22,431
09/20/2016,MEM,TN,ASO,CE,Towers with Radar,639,63,70,8,780,0,0,8,1,9,639,63,78,9,789,0,0,0,789
09/21/2016,MEM,TN,ASO,CE,Towers with Radar,637,43,84,7,771,0,0,22,1,23,637,43,106,8,794,0,0,0,794
09/22/2016,MEM,TN,ASO,CE,Towers with Radar,628,56,73,6,763,0,0,14,0,14,628,56,87,6,777,0,8,8,785
09/23/2016,MEM,TN,ASO,CE,Towers with Radar,620,63,64,1,748,0,0,4,0,4,620,63,68,1,752,0,0,0,752
09/24/2016,MEM,TN,ASO,CE,Towers with Radar,384,39,51,8,482,0,0,8,1,9,384,39,59,9,491,0,0,0,491
09/25/2016,MEM,TN,ASO,CE,Towers with Radar,319,38,57,6,420,0,0,7,0,7,319,38,64,6,427,0,0,0,427
09/26/2016,MEM,TN,ASO,CE,Towers with Radar,249,39,67,1,356,0,1,11,3,15,249,40,78,4,371,0,0,0,371
09/27/2016,MEM,TN,ASO,CE,Towers with Radar,670,57,57,6,790,0,1,4,3,8,670,58,61,9,798,0,0,0,798
09/28/2016,MEM,TN,ASO,CE,Towers with Radar,638,50,62,6,756,0,1,14,0,15,638,51,76,6,771,0,0,0,771
09/29/2016,MEM,TN,ASO,CE,Towers with Radar,643,55,59,8,765,0,0,14,3,17,643,55,73,11,782,0,0,0,782
09/30/2016,MEM,TN,ASO,CE,Towers with Radar,625,66,52,2,745,0,0,14,1,15,625,66,66,3,760,0,0,0,760
10/01/2016,MEM,TN,ASO,CE,Towers with Radar,386,41,23,0,450,0,0,13,0,13,386,41,36,0,463,0,0,0,463
10/02/2016,MEM,TN,ASO,CE,Towers with Radar,330,39,20,4,393,0,0,8,1,9,330,39,28,5,402,0,0,0,402
10/03/2016,MEM,TN,ASO,CE,Towers with Radar,275,29,58,7,369,0,0,9,1,10,275,29,67,8,379,0,0,0,379
10/04/2016,MEM,TN,ASO,CE,Towers with Radar,634,57,61,11,763,0,0,17,0,17,634,57,78,11,780,0,0,0,780
10/05/2016,MEM,TN,ASO,CE,Towers with Radar,660,60,85,13,818,0,2,10,5,17,660,62,95,18,835,0,0,0,835
10/06/2016,MEM,TN,ASO,CE,Towers with Radar,641,55,59,14,769,0,0,18,1,19,641,55,77,15,788,0,0,0,788
10/07/2016,MEM,TN,ASO,CE,Towers with Radar,599,51,57,8,715,0,0,17,4,21,599,51,74,12,736,0,0,0,736
10/08/2016,MEM,TN,ASO,CE,Towers with Radar,388,32,33,1,454,0,0,10,0,10,388,32,43,1,464,0,0,0,464
10/09/2016,MEM,TN,ASO,CE,Towers with Radar,323,35,54,6,418,0,0,6,0,6,323,35,60,6,424,0,0,0,424
10/10/2016,MEM,TN,ASO,CE,Towers with Radar,270,41,61,1,373,0,0,5,0,5,270,41,66,1,378,0,0,0,378
10/11/2016,MEM,TN,ASO,CE,Towers with Radar,607,56,59,2,724,0,0,7,0,7,607,56,66,2,731,0,0,0,731
10/12/2016,MEM,TN,ASO,CE,Towers with Radar,676,56,79,8,819,0,0,11,0,11,676,56,90,8,830,0,0,0,830
10/13/2016,MEM,TN,ASO,CE,Towers with Radar,643,58,60,13,774,0,0,9,0,9,643,58,69,13,783,0,8,8,791
10/14/2016,MEM,TN,ASO,CE,Towers with Radar,614,53,40,1,708,0,0,1,0,1,614,53,41,1,709,0,0,0,709
10/15/2016,MEM,TN,ASO,CE,Towers with Radar,387,38,30,0,455,0,0,4,0,4,387,38,34,0,459,0,0,0,459
10/16/2016,MEM,TN,ASO,CE,Towers with Radar,329,33,52,5,419,0,0,1,0,1,329,33,53,5,420,0,0,0,420
10/17/2016,MEM,TN,ASO,CE,Towers with Radar,270,40,69,2,381,0,0,9,0,9,270,40,78,2,390,0,0,0,390
10/18/2016,MEM,TN,ASO,CE,Towers with Radar,650,48,55,9,762,0,0,13,0,13,650,48,68,9,775,0,0,0,775
10/19/2016,MEM,TN,ASO,CE,Towers with Radar,654,58,56,6,774,0,0,13,0,13,654,58,69,6,787,0,0,0,787
10/20/2016,MEM,TN,ASO,CE,Towers with Radar,637,62,77,3,779,0,0,2,0,2,637,62,79,3,781,0,0,0,781
10/21/2016,MEM,TN,ASO,CE,Towers with Radar,619,60,64,6,749,0,0,7,0,7,619,60,71,6,756,0,0,0,756
10/22/2016,MEM,TN,ASO,CE,Towers with Radar,392,30,31,4,457,0,0,5,0,5,392,30,36,4,462,0,0,0,462
10/23/2016,MEM,TN,ASO,CE,Towers with Radar,333,31,36,2,402,0,0,8,0,8,333,31,44,2,410,0,0,0,410
10/24/2016,MEM,TN,ASO,CE,Towers with Radar,269,42,58,2,371,0,0,8,0,8,269,42,66,2,379,0,0,0,379
10/25/2016,MEM,TN,ASO,CE,Towers with Radar,654,64,50,10,778,0,0,11,0,11,654,64,61,10,789,0,0,0,789
10/26/2016,MEM,TN,ASO,CE,Towers with Radar,641,66,59,4,770,0,0,14,1,15,641,66,73,5,785,0,0,0,785
10/27/2016,MEM,TN,ASO,CE,Towers with Radar,635,57,56,6,754,0,0,20,1,21,635,57,76,7,775,0,0,0,775
10/28/2016,MEM,TN,ASO,CE,Towers with Radar,623,58,57,6,744,0,0,14,1,15,623,58,71,7,759,0,0,0,759
10/29/2016,MEM,TN,ASO,CE,Towers with Radar,395,32,24,1,452,0,2,8,1,11,395,34,32,2,463,0,0,0,463
10/30/2016,MEM,TN,ASO,CE,Towers with Radar,338,34,34,1,407,0,0,7,2,9,338,34,41,3,416,0,0,0,416
10/31/2016,MEM,TN,ASO,CE,Towers with Radar,255,31,56,0,342,0,0,14,0,14,255,31,70,0,356,0,0,0,356
11/01/2016,MEM,TN,ASO,CE,Towers with Radar,641,55,72,6,774,0,0,7,0,7,641,55,79,6,781,0,0,0,781
11/02/2016,MEM,TN,ASO,CE,Towers with Radar,637,52,55,10,754,0,0,5,0,5,637,52,60,10,759,0,0,0,759
11/03/2016,MEM,TN,ASO,CE,Towers with Radar,620,59,79,5,763,0,0,17,3,20,620,59,96,8,783,0,8,8,791
11/04/2016,MEM,TN,ASO,CE,Towers with Radar,613,53,87,2,755,0,1,17,0,18,613,54,104,2,773,0,0,0,773
11/05/2016,MEM,TN,ASO,CE,Towers with Radar,389,33,23,2,447,0,0,4,1,5,389,33,27,3,452,0,0,0,452
11/06/2016,MEM,TN,ASO,CE,Towers with Radar,331,36,39,2,408,0,0,5,0,5,331,36,44,2,413,0,0,0,413
11/07/2016,MEM,TN,ASO,CE,Towers with Radar,258,45,44,2,349,0,1,12,0,13,258,46,56,2,362,0,0,0,362
11/08/2016,MEM,TN,ASO,CE,Towers with Radar,653,53,63,8,777,0,0,3,0,3,653,53,66,8,780,0,0,0,780
11/09/2016,MEM,TN,ASO,CE,Towers with Radar,637,55,54,6,752,0,0,11,0,11,637,55,65,6,763,0,0,0,763
11/10/2016,MEM,TN,ASO,CE,Towers with Radar,627,62,63,5,757,0,1,12,3,16,627,63,75,8,773,0,0,0,773
11/11/2016,MEM,TN,ASO,CE,Towers with Radar,617,59,43,4,723,0,1,7,2,10,617,60,50,6,733,0,0,0,733
11/12/2016,MEM,TN,ASO,CE,Towers with Radar,379,35,36,1,451,0,0,2,2,4,379,35,38,3,455,0,0,0,455
11/13/2016,MEM,TN,ASO,CE,Towers with Radar,341,27,36,0,404,0,0,2,0,2,341,27,38,0,406,0,0,0,406
11/14/2016,MEM,TN,ASO,CE,Towers with Radar,264,41,70,2,377,0,1,10,1,12,264,42,80,3,389,0,0,0,389
11/15/2016,MEM,TN,ASO,CE,Towers with Radar,679,55,64,10,808,4,3,6,0,13,683,58,70,10,821,0,0,0,821
11/16/2016,MEM,TN,ASO,CE,Towers with Radar,641,59,70,4,774,0,0,16,5,21,641,59,86,9,795,0,0,0,795
11/17/2016,MEM,TN,ASO,CE,Towers with Radar,624,58,63,14,759,0,0,15,3,18,624,58,78,17,777,0,0,0,777
11/18/2016,MEM,TN,ASO,CE,Towers with Radar,623,54,74,4,755,0,0,3,0,3,623,54,77,4,758,0,0,0,758
11/19/2016,MEM,TN,ASO,CE,Towers with Radar,391,34,27,0,452,0,0,10,0,10,391,34,37,0,462,0,0,0,462
11/20/2016,MEM,TN,ASO,CE,Towers with Radar,350,30,39,4,423,0,0,5,2,7,350,30,44,6,430,0,0,0,430
11/21/2016,MEM,TN,ASO,CE,Towers with Radar,258,35,50,4,347,0,0,10,1,11,258,35,60,5,358,0,0,0,358
11/22/2016,MEM,TN,ASO,CE,Towers with Radar,694,57,61,1,813,0,0,2,0,2,694,57,63,1,815,0,0,0,815
11/23/2016,MEM,TN,ASO,CE,Towers with Radar,694,63,37,0,794,0,0,4,0,4,694,63,41,0,798,0,0,0,798
11/24/2016,MEM,TN,ASO,CE,Towers with Radar,162,23,5,1,191,0,0,2,0,2,162,23,7,1,193,0,0,0,193
11/25/2016,MEM,TN,ASO,CE,Towers with Radar,565,28,28,0,621,1,0,7,0,8,566,28,35,0,629,0,0,0,629
11/26/2016,MEM,TN,ASO,CE,Towers with Radar,426,38,28,0,492,0,0,10,0,10,426,38,38,0,502,0,0,0,502
11/27/2016,MEM,TN,ASO,CE,Towers with Radar,395,42,63,0,500,0,0,3,0,3,395,42,66,0,503,0,0,0,503
11/28/2016,MEM,TN,ASO,CE,Towers with Radar,254,37,52,2,345,0,0,2,0,2,254,37,54,2,347,0,0,0,347
11/29/2016,MEM,TN,ASO,CE,Towers with Radar,721,55,65,2,843,0,0,3,0,3,721,55,68,2,846,0,0,0,846
11/30/2016,MEM,TN,ASO,CE,Towers with Radar,693,55,54,13,815,0,0,6,0,6,693,55,60,13,821,0,0,0,821
12/01/2016,MEM,TN,ASO,CE,Towers with Radar,692,57,62,6,817,0,0,6,1,7,692,57,68,7,824,0,0,0,824
12/02/2016,MEM,TN,ASO,CE,Towers with Radar,647,53,63,1,764,0,0,7,0,7,647,53,70,1,771,0,0,0,771
12/03/2016,MEM,TN,ASO,CE,Towers with Radar,430,29,34,2,495,0,0,0,0,0,430,29,34,2,495,0,0,0,495
12/04/2016,MEM,TN,ASO,CE,Towers with Radar,367,28,51,3,449,0,0,0,0,0,367,28,51,3,449,0,0,0,449
12/05/2016,MEM,TN,ASO,CE,Towers with Radar,238,30,59,1,328,0,0,1,0,1,238,30,60,1,329,0,0,0,329
12/06/2016,MEM,TN,ASO,CE,Towers with Radar,701,56,75,6,838,0,0,5,0,5,701,56,80,6,843,0,0,0,843
12/07/2016,MEM,TN,ASO,CE,Towers with Radar,708,60,73,7,848,0,0,1,0,1,708,60,74,7,849,0,0,0,849
12/08/2016,MEM,TN,ASO,CE,Towers with Radar,683,73,67,6,829,0,0,7,0,7,683,73,74,6,836,0,0,0,836
12/09/2016,MEM,TN,ASO,CE,Towers with Radar,654,57,60,4,775,0,0,6,0,6,654,57,66,4,781,0,0,0,781
12/10/2016,MEM,TN,ASO,CE,Towers with Radar,435,31,31,0,497,0,0,2,2,4,435,31,33,2,501,0,0,0,501
12/11/2016,MEM,TN,ASO,CE,Towers with Radar,355,29,42,2,428,0,0,3,0,3,355,29,45,2,431,0,0,0,431
12/12/2016,MEM,TN,ASO,CE,Towers with Radar,270,44,65,1,380,0,0,2,0,2,270,44,67,1,382,0,0,0,382
12/13/2016,MEM,TN,ASO,CE,Towers with Radar,714,45,74,7,840,0,0,2,0,2,714,45,76,7,842,0,0,0,842
12/14/2016,MEM,TN,ASO,CE,Towers with Radar,713,51,62,12,838,0,0,2,0,2,713,51,64,12,840,0,0,0,840
12/15/2016,MEM,TN,ASO,CE,Towers with Radar,716,57,89,8,870,0,1,8,0,9,716,58,97,8,879,0,0,0,879
12/16/2016,MEM,TN,ASO,CE,Towers with Radar,631,57,51,2,741,0,0,2,0,2,631,57,53,2,743,0,0,0,743
12/17/2016,MEM,TN,ASO,CE,Towers with Radar,501,29,15,0,545,0,0,0,3,3,501,29,15,3,548,0,0,0,548
12/18/2016,MEM,TN,ASO,CE,Towers with Radar,391,30,30,5,456,0,0,1,0,1,391,30,31,5,457,0,0,0,457
12/19/2016,MEM,TN,ASO,CE,Towers with Radar,488,30,51,3,572,0,0,8,0,8,488,30,59,3,580,0,0,0,580
12/20/2016,MEM,TN,ASO,CE,Towers with Radar,724,55,72,5,856,0,0,9,0,9,724,55,81,5,865,0,0,0,865
12/21/2016,MEM,TN,ASO,CE,Towers with Radar,739,49,41,4,833,0,0,14,0,14,739,49,55,4,847,0,0,0,847
12/22/2016,MEM,TN,ASO,CE,Towers with Radar,744,52,45,0,841,0,0,7,0,7,744,52,52,0,848,0,0,0,848
12/23/2016,MEM,TN,ASO,CE,Towers with Radar,655,39,22,0,716,0,0,4,0,4,655,39,26,0,720,0,0,0,720
12/24/2016,MEM,TN,ASO,CE,Towers with Radar,470,23,15,0,508,0,0,0,0,0,470,23,15,0,508,0,0,0,508
12/25/2016,MEM,TN,ASO,CE,Towers with Radar,102,22,7,0,131,0,0,1,0,1,102,22,8,0,132,0,0,0,132
12/26/2016,MEM,TN,ASO,CE,Towers with Radar,130,24,41,0,195,0,0,8,0,8,130,24,49,0,203,0,0,0,203
12/27/2016,MEM,TN,ASO,CE,Towers with Radar,529,29,29,2,589,0,0,2,0,2,529,29,31,2,591,0,0,0,591
12/28/2016,MEM,TN,ASO,CE,Towers with Radar,677,47,33,1,758,0,0,1,0,1,677,47,34,1,759,0,0,0,759
12/29/2016,MEM,TN,ASO,CE,Towers with Radar,678,50,26,6,760,0,0,11,0,11,678,50,37,6,771,0,0,0,771
12/30/2016,MEM,TN,ASO,CE,Towers with Radar,652,54,41,0,747,1,0,15,0,16,653,54,56,0,763,0,0,0,763
12/31/2016,MEM,TN,ASO,CE,Towers with Radar,439,22,28,0,489,0,0,0,0,0,439,22,28,0,489,0,0,0,489
01/01/2017,MEM,TN,ASO,CE,Towers with Radar,107,22,10,0,139,0,0,0,0,0,107,22,10,0,139,0,0,0,139
01/02/2017,MEM,TN,ASO,CE,Towers with Radar,134,33,37,1,205,0,0,0,0,0,134,33,37,1,205,0,0,0,205
01/03/2017,MEM,TN,ASO,CE,Towers with Radar,492,28,35,0,555,0,0,0,0,0,492,28,35,0,555,0,0,0,555
01/04/2017,MEM,TN,ASO,CE,Towers with Radar,656,43,67,4,770,0,1,6,0,7,656,44,73,4,777,0,0,0,777
01/05/2017,MEM,TN,ASO,CE,Towers with Radar,649,49,50,15,763,0,0,5,0,5,649,49,55,15,768,0,0,0,768
01/06/2017,MEM,TN,ASO,CE,Towers with Radar,560,46,46,0,652,0,0,0,0,0,560,46,46,0,652,0,0,0,652
01/07/2017,MEM,TN,ASO,CE,Towers with Radar,438,14,27,3,482,0,1,7,0,8,438,15,34,3,490,0,0,0,490
01/08/2017,MEM,TN,ASO,CE,Towers with Radar,332,15,17,3,367,0,0,7,0,7,332,15,24,3,374,0,0,0,374
01/09/2017,MEM,TN,ASO,CE,Towers with Radar,216,26,61,2,305,0,0,5,1,6,216,26,66,3,311,0,0,0,311
01/10/2017,MEM,TN,ASO,CE,Towers with Radar,655,49,33,5,742,0,0,1,0,1,655,49,34,5,743,0,0,0,743
01/11/2017,MEM,TN,ASO,CE,Towers with Radar,610,49,61,6,726,0,0,1,0,1,610,49,62,6,727,0,0,0,727
01/12/2017,MEM,TN,ASO,CE,Towers with Radar,654,54,72,5,785,0,0,2,0,2,654,54,74,5,787,0,0,0,787
01/13/2017,MEM,TN,ASO,CE,Towers with Radar,630,50,65,1,746,0,0,0,0,0,630,50,65,1,746,0,0,0,746
01/14/2017,MEM,TN,ASO,CE,Towers with Radar,389,28,20,0,437,0,0,0,0,0,389,28,20,0,437,0,0,0,437
01/15/2017,MEM,TN,ASO,CE,Towers with Radar,298,18,36,0,352,0,0,0,0,0,298,18,36,0,352,0,0,0,352
01/16/2017,MEM,TN,ASO,CE,Towers with Radar,236,35,52,7,330,0,0,0,0,0,236,35,52,7,330,0,0,0,330
01/17/2017,MEM,TN,ASO,CE,Towers with Radar,614,60,61,2,737,0,1,3,0,4,614,61,64,2,741,0,0,0,741
01/18/2017,MEM,TN,ASO,CE,Towers with Radar,639,50,72,10,771,0,0,4,0,4,639,50,76,10,775,0,0,0,775
01/19/2017,MEM,TN,ASO,CE,Towers with Radar,623,51,45,4,723,0,0,1,0,1,623,51,46,4,724,0,0,0,724
01/20/2017,MEM,TN,ASO,CE,Towers with Radar,625,37,63,3,728,0,0,8,0,8,625,37,71,3,736,0,0,0,736
01/21/2017,MEM,TN,ASO,CE,Towers with Radar,379,24,43,3,449,0,0,13,0,13,379,24,56,3,462,0,0,0,462
01/22/2017,MEM,TN,ASO,CE,Towers with Radar,329,30,29,2,390,0,0,0,0,0,329,30,29,2,390,0,0,0,390
01/23/2017,MEM,TN,ASO,CE,Towers with Radar,262,26,69,4,361,0,0,7,1,8,262,26,76,5,369,0,0,0,369
01/24/2017,MEM,TN,ASO,CE,Towers with Radar,603,48,57,4,712,0,0,3,0,3,603,48,60,4,715,0,0,0,715
01/25/2017,MEM,TN,ASO,CE,Towers with Radar,663,55,67,6,791,0,2,5,0,7,663,57,72,6,798,12,0,12,810
01/26/2017,MEM,TN,ASO,CE,Towers with Radar,607,53,72,8,740,0,0,13,0,13,607,53,85,8,753,0,18,18,771
01/27/2017,MEM,TN,ASO,CE,Towers with Radar,606,49,47,3,705,0,0,4,0,4,606,49,51,3,709,0,0,0,709
01/28/2017,MEM,TN,ASO,CE,Towers with Radar,373,23,27,3,426,0,0,6,0,6,373,23,33,3,432,0,0,0,432
01/29/2017,MEM,TN,ASO,CE,Towers with Radar,313,34,31,4,382,0,1,4,1,6,313,35,35,5,388,0,0,0,388
01/30/2017,MEM,TN,ASO,CE,Towers with Radar,231,38,56,3,328,0,1,9,0,10,231,39,65,3,338,0,0,0,338
01/31/2017,MEM,TN,ASO,CE,Towers with Radar,649,51,71,3,774,0,0,6,2,8,649,51,77,5,782,0,0,0,782
02/01/2017,MEM,TN,ASO,CE,Towers with Radar,630,48,58,14,750,1,2,4,2,9,631,50,62,16,759,0,0,0,759
02/02/2017,MEM,TN,ASO,CE,Towers with Radar,628,49,58,25,760,0,0,18,1,19,628,49,76,26,779,0,0,0,779
02/03/2017,MEM,TN,ASO,CE,Towers with Radar,599,38,70,2,709,0,0,7,3,10,599,38,77,5,719,0,0,0,719
02/04/2017,MEM,TN,ASO,CE,Towers with Radar,369,35,28,2,434,0,0,6,0,6,369,35,34,2,440,0,0,0,440
02/05/2017,MEM,TN,ASO,CE,Towers with Radar,306,27,21,5,359,0,0,0,0,0,306,27,21,5,359,0,0,0,359
02/06/2017,MEM,TN,ASO,CE,Towers with Radar,232,34,63,1,330,0,0,1,2,3,232,34,64,3,333,0,0,0,333
02/07/2017,MEM,TN,ASO,CE,Towers with Radar,657,48,28,6,739,0,0,0,0,0,657,48,28,6,739,0,0,0,739
02/08/2017,MEM,TN,ASO,CE,Towers with Radar,619,49,52,8,728,0,0,1,1,2,619,49,53,9,730,0,0,0,730
02/09/2017,MEM,TN,ASO,CE,Towers with Radar,603,42,57,6,708,0,0,7,0,7,603,42,64,6,715,0,0,0,715
02/10/2017,MEM,TN,ASO,CE,Towers with Radar,600,53,49,7,709,0,0,7,0,7,600,53,56,7,716,0,0,0,716
02/11/2017,MEM,TN,ASO,CE,Towers with Radar,408,27,23,0,458,0,1,1,0,2,408,28,24,0,460,0,0,0,460
02/12/2017,MEM,TN,ASO,CE,Towers with Radar,328,29,25,6,388,0,1,0,0,1,328,30,25,6,389,0,0,0,389
02/13/2017,MEM,TN,ASO,CE,Towers with Radar,262,27,61,2,352,0,0,10,1,11,262,27,71,3,363,0,0,0,363
02/14/2017,MEM,TN,ASO,CE,Towers with Radar,635,55,40,3,733,0,0,3,0,3,635,55,43,3,736,0,0,0,736
02/15/2017,MEM,TN,ASO,CE,Towers with Radar,654,63,58,2,777,0,3,2,5,10,654,66,60,7,787,0,12,12,799
02/16/2017,MEM,TN,ASO,CE,Towers with Radar,617,61,65,7,750,0,2,4,0,6,617,63,69,7,756,0,0,0,756
02/17/2017,MEM,TN,ASO,CE,Towers with Radar,602,49,39,7,697,0,0,4,2,6,602,49,43,9,703,0,0,0,703
02/18/2017,MEM,TN,ASO,CE,Towers with Radar,382,27,26,0,435,0,0,1,3,4,382,27,27,3,439,0,0,0,439
02/19/2017,MEM,TN,ASO,CE,Towers with Radar,314,18,37,2,371,0,1,3,1,5,314,19,40,3,376,0,0,0,376
02/20/2017,MEM,TN,ASO,CE,Towers with Radar,232,32,64,2,330,0,0,9,1,10,232,32,73,3,340,0,0,0,340
02/21/2017,MEM,TN,ASO,CE,Towers with Radar,618,51,56,10,735,0,0,0,0,0,618,51,56,10,735,0,0,0,735
02/22/2017,MEM,TN,ASO,CE,Towers with Radar,676,56,67,10,809,0,0,2,3,5,676,56,69,13,814,0,12,12,826
02/23/2017,MEM,TN,ASO,CE,Towers with Radar,596,52,65,5,718,0,0,2,1,3,596,52,67,6,721,0,0,0,721
02/24/2017,MEM,TN,ASO,CE,Towers with Radar,647,46,54,7,754,0,0,3,4,7,647,46,57,11,761,0,0,0,761
02/25/2017,MEM,TN,ASO,CE,Towers with Radar,394,31,30,1,456,0,0,10,0,10,394,31,40,1,466,0,0,0,466
02/26/2017,MEM,TN,ASO,CE,Towers with Radar,327,25,27,4,383,0,0,3,0,3,327,25,30,4,386,0,0,0,386
02/27/2017,MEM,TN,ASO,CE,Towers with Radar,224,41,62,0,327,0,0,0,0,0,224,41,62,0,327,0,0,0,327
02/28/2017,MEM,TN,ASO,CE,Towers with Radar,640,43,73,11,767,0,0,2,0,2,640,43,75,11,769,0,0,0,769
03/01/2017,MEM,TN,ASO,CE,Towers with Radar,678,47,39,23,787,0,0,6,0,6,678,47,45,23,793,0,0,0,793
03/02/2017,MEM,TN,ASO,CE,Towers with Radar,659,47,66,5,777,0,2,12,0,14,659,49,78,5,791,0,0,0,791
03/03/2017,MEM,TN,ASO,CE,Towers with Radar,607,45,56,11,719,0,0,14,3,17,607,45,70,14,736,0,0,0,736
03/04/2017,MEM,TN,ASO,CE,Towers with Radar,399,21,28,2,450,0,1,6,1,8,399,22,34,3,458,0,0,0,458
03/05/2017,MEM,TN,ASO,CE,Towers with Radar,328,29,29,4,390,0,0,1,1,2,328,29,30,5,392,0,0,0,392
03/06/2017,MEM,TN,ASO,CE,Towers with Radar,214,34,46,4,298,0,0,3,0,3,214,34,49,4,301,0,0,0,301
03/07/2017,MEM,TN,ASO,CE,Towers with Radar,701,52,40,3,796,0,0,4,0,4,701,52,44,3,800,0,0,0,800
03/08/2017,MEM,TN,ASO,CE,Towers with Radar,657,50,64,6,777,0,2,26,2,30,657,52,90,8,807,0,0,0,807
03/09/2017,MEM,TN,ASO,CE,Towers with Radar,565,54,69,3,691,0,0,2,4,6,565,54,71,7,697,0,0,0,697
03/10/2017,MEM,TN,ASO,CE,Towers with Radar,672,47,55,6,780,0,0,4,6,10,672,47,59,12,790,0,0,0,790
03/11/2017,MEM,TN,ASO,CE,Towers with Radar,416,30,28,4,478,0,0,1,0,1,416,30,29,4,479,0,0,0,479
03/12/2017,MEM,TN,ASO,CE,Towers with Radar,321,34,42,7,404,0,0,3,0,3,321,34,45,7,407,0,0,0,407
03/13/2017,MEM,TN,ASO,CE,Towers with Radar,235,41,48,1,325,0,0,1,0,1,235,41,49,1,326,0,0,0,326
03/14/2017,MEM,TN,ASO,CE,Towers with Radar,604,49,44,2,699,0,0,4,0,4,604,49,48,2,703,0,0,0,703
03/15/2017,MEM,TN,ASO,CE,Towers with Radar,639,47,36,6,728,0,0,6,0,6,639,47,42,6,734,0,0,0,734
03/16/2017,MEM,TN,ASO,CE,Towers with Radar,638,57,58,7,760,0,0,8,0,8,638,57,66,7,768,0,0,0,768
03/17/2017,MEM,TN,ASO,CE,Towers with Radar,597,64,44,1,706,0,0,0,0,0,597,64,44,1,706,0,0,0,706
03/18/2017,MEM,TN,ASO,CE,Towers with Radar,430,34,25,1,490,0,0,5,2,7,430,34,30,3,497,0,0,0,497
03/19/2017,MEM,TN,ASO,CE,Towers with Radar,319,36,39,5,399,0,0,2,0,2,319,36,41,5,401,0,0,0,401
03/20/2017,MEM,TN,ASO,CE,Towers with Radar,252,37,46,1,336,0,0,15,0,15,252,37,61,1,351,0,0,0,351
03/21/2017,MEM,TN,ASO,CE,Towers with Radar,664,60,47,13,784,0,0,6,1,7,664,60,53,14,791,0,0,0,791
03/22/2017,MEM,TN,ASO,CE,Towers with Radar,647,55,59,5,766,0,0,8,1,9,647,55,67,6,775,0,0,0,775
03/23/2017,MEM,TN,ASO,CE,Towers with Radar,597,60,74,10,741,0,0,16,3,19,597,60,90,13,760,0,2,2,762
03/24/2017,MEM,TN,ASO,CE,Towers with Radar,604,92,90,3,789,0,0,4,0,4,604,92,94,3,793,0,0,0,793
03/25/2017,MEM,TN,ASO,CE,Towers with Radar,432,38,40,4,514,0,0,2,0,2,432,38,42,4,516,0,0,0,516
03/26/2017,MEM,TN,ASO,CE,Towers with Radar,320,56,81,1,458,0,0,10,1,11,320,56,91,2,469,0,0,0,469
03/27/2017,MEM,TN,ASO,CE,Towers with Radar,261,41,66,1,369,0,0,4,0,4,261,41,70,1,373,0,0,0,373
03/28/2017,MEM,TN,ASO,CE,Towers with Radar,643,62,93,10,808,0,0,8,0,8,643,62,101,10,816,0,0,0,816
03/29/2017,MEM,TN,ASO,CE,Towers with Radar,609,60,40,9,718,0,0,4,0,4,609,60,44,9,722,0,0,0,722
03/30/2017,MEM,TN,ASO,CE,Towers with Radar,674,51,58,4,787,0,0,1,0,1,674,51,59,4,788,0,0,0,788
03/31/2017,MEM,TN,ASO,CE,Towers with Radar,607,56,68,2,733,0,1,5,0,6,607,57,73,2,739,0,0,0,739
04/01/2017,MEM,TN,ASO,CE,Towers with Radar,398,32,22,5,457,0,0,7,0,7,398,32,29,5,464,0,0,0,464
04/02/2017,MEM,TN,ASO,CE,Towers with Radar,323,32,41,1,397,0,0,2,0,2,323,32,43,1,399,0,0,0,399
04/03/2017,MEM,TN,ASO,CE,Towers with Radar,259,37,40,1,337,0,0,1,0,1,259,37,41,1,338,0,0,0,338
04/04/2017,MEM,TN,ASO,CE,Towers with Radar,649,47,50,10,756,0,0,4,0,4,649,47,54,10,760,0,0,0,760
04/05/2017,MEM,TN,ASO,CE,Towers with Radar,623,49,63,8,743,0,0,2,0,2,623,49,65,8,745,0,0,0,745
04/06/2017,MEM,TN,ASO,CE,Towers with Radar,635,55,89,3,782,0,2,8,1,11,635,57,97,4,793,0,0,0,793
04/07/2017,MEM,TN,ASO,CE,Towers with Radar,599,48,58,3,708,0,4,12,1,17,599,52,70,4,725,0,0,0,725
04/08/2017,MEM,TN,ASO,CE,Towers with Radar,402,34,35,6,477,0,1,3,0,4,402,35,38,6,481,0,0,0,481
04/09/2017,MEM,TN,ASO,CE,Towers with Radar,320,31,40,2,393,0,0,4,2,6,320,31,44,4,399,0,0,0,399
04/10/2017,MEM,TN,ASO,CE,Towers with Radar,254,54,50,7,365,0,0,6,0,6,254,54,56,7,371,0,0,0,371
04/11/2017,MEM,TN,ASO,CE,Towers with Radar,650,50,56,4,760,0,0,2,1,3,650,50,58,5,763,0,0,0,763
04/12/2017,MEM,TN,ASO,CE,Towers with Radar,640,59,58,6,763,0,1,8,0,9,640,60,66,6,772,0,0,0,772
04/13/2017,MEM,TN,ASO,CE,Towers with Radar,633,63,84,3,783,0,0,11,0,11,633,63,95,3,794,0,0,0,794
04/14/2017,MEM,TN,ASO,CE,Towers with Radar,595,52,27,0,674,0,2,6,0,8,595,54,33,0,682,0,0,0,682
04/15/2017,MEM,TN,ASO,CE,Towers with Radar,390,23,20,0,433,0,1,2,2,5,390,24,22,2,438,0,0,0,438
04/16/2017,MEM,TN,ASO,CE,Towers with Radar,311,30,31,2,374,0,0,2,0,2,311,30,33,2,376,0,0,0,376
04/17/2017,MEM,TN,ASO,CE,Towers with Radar,252,42,62,1,357,0,0,3,0,3,252,42,65,1,360,0,0,0,360
04/18/2017,MEM,TN,ASO,CE,Towers with Radar,646,52,80,4,782,0,0,2,0,2,646,52,82,4,784,0,10,10,794
04/19/2017,MEM,TN,ASO,CE,Towers with Radar,616,52,72,7,747,0,2,9,3,14,616,54,81,10,761,0,0,0,761
04/20/2017,MEM,TN,ASO,CE,Towers with Radar,626,60,66,12,764,0,0,4,0,4,626,60,70,12,768,0,0,0,768
04/21/2017,MEM,TN,ASO,CE,Towers with Radar,562,57,62,8,689,0,0,1,0,1,562,57,63,8,690,0,0,0,690
04/22/2017,MEM,TN,ASO,CE,Towers with Radar,437,29,30,0,496,0,0,0,0,0,437,29,30,0,496,0,0,0,496
04/23/2017,MEM,TN,ASO,CE,Towers with Radar,413,35,40,1,489,0,0,12,1,13,413,35,52,2,502,0,0,0,502
04/24/2017,MEM,TN,ASO,CE,Towers with Radar,257,40,56,1,354,0,2,6,0,8,257,42,62,1,362,0,0,0,362
04/25/2017,MEM,TN,ASO,CE,Towers with Radar,633,49,78,4,764,0,0,12,2,14,633,49,90,6,778,0,6,6,784
04/26/2017,MEM,TN,ASO,CE,Towers with Radar,677,52,68,5,802,0,2,5,0,7,677,54,73,5,809,0,0,0,809
04/27/2017,MEM,TN,ASO,CE,Towers with Radar,762,65,91,11,929,0,1,8,0,9,762,66,99,11,938,0,0,0,938
04/28/2017,MEM,TN,ASO,CE,Towers with Radar,578,53,67,2,700,0,0,5,0,5,578,53,72,2,705,0,0,0,705
04/29/2017,MEM,TN,ASO,CE,Towers with Radar,424,23,24,2,473,0,0,3,0,3,424,23,27,2,476,0,0,0,476
04/30/2017,MEM,TN,ASO,CE,Towers with Radar,325,31,21,0,377,0,0,0,0,0,325,31,21,0,377,0,0,0,377
05/01/2017,MEM,TN,ASO,CE,Towers with Radar,262,38,52,5,357,0,0,7,0,7,262,38,59,5,364,0,0,0,364
05/02/2017,MEM,TN,ASO,CE,Towers with Radar,651,52,59,12,774,0,0,13,0,13,651,52,72,12,787,12,0,12,799
05/03/2017,MEM,TN,ASO,CE,Towers with Radar,605,55,85,8,753,0,3,5,0,8,605,58,90,8,761,0,0,0,761
05/04/2017,MEM,TN,ASO,CE,Towers with Radar,618,57,70,7,752,0,0,0,0,0,618,57,70,7,752,0,0,0,752
05/05/2017,MEM,TN,ASO,CE,Towers with Radar,647,50,59,6,762,0,0,6,2,8,647,50,65,8,770,0,0,0,770
05/06/2017,MEM,TN,ASO,CE,Towers with Radar,394,31,38,10,473,0,0,11,4,15,394,31,49,14,488,0,0,0,488
05/07/2017,MEM,TN,ASO,CE,Towers with Radar,316,37,38,5,396,0,0,6,1,7,316,37,44,6,403,0,0,0,403
05/08/2017,MEM,TN,ASO,CE,Towers with Radar,274,43,64,0,381,0,0,5,2,7,274,43,69,2,388,0,0,0,388
05/09/2017,MEM,TN,ASO,CE,Towers with Radar,654,46,91,7,798,0,0,6,2,8,654,46,97,9,806,0,0,0,806
05/10/2017,MEM,TN,ASO,CE,Towers with Radar,643,54,85,2,784,0,0,10,6,16,643,54,95,8,800,0,0,0,800
05/11/2017,MEM,TN,ASO,CE,Towers with Radar,604,45,78,3,730,0,0,6,0,6,604,45,84,3,736,0,0,0,736
05/12/2017,MEM,TN,ASO,CE,Towers with Radar,683,46,46,6,781,0,1,0,0,1,683,47,46,6,782,0,0,0,782
05/13/2017,MEM,TN,ASO,CE,Towers with Radar,436,36,28,8,508,0,0,5,2,7,436,36,33,10,515,0,0,0,515
05/14/2017,MEM,TN,ASO,CE,Towers with Radar,352,36,36,0,424,0,0,8,2,10,352,36,44,2,434,0,0,0,434
05/15/2017,MEM,TN,ASO,CE,Towers with Radar,276,37,79,2,394,0,0,5,1,6,276,37,84,3,400,0,0,0,400
05/16/2017,MEM,TN,ASO,CE,Towers with Radar,642,44,68,8,762,0,0,15,0,15,642,44,83,8,777,0,0,0,777
05/17/2017,MEM,TN,ASO,CE,Towers with Radar,633,65,55,2,755,0,0,3,2,5,633,65,58,4,760,0,0,0,760
05/18/2017,MEM,TN,ASO,CE,Towers with Radar,618,62,81,10,771,0,1,9,2,12,618,63,90,12,783,0,0,0,783
05/19/2017,MEM,TN,ASO,CE,Towers with Radar,606,45,62,6,719,0,0,1,0,1,606,45,63,6,720,0,0,0,720
05/20/2017,MEM,TN,ASO,CE,Towers with Radar,422,28,19,0,469,0,0,6,3,9,422,28,25,3,478,0,0,0,478
05/21/2017,MEM,TN,ASO,CE,Towers with Radar,329,35,22,2,388,0,0,7,2,9,329,35,29,4,397,0,0,0,397
05/22/2017,MEM,TN,ASO,CE,Towers with Radar,265,41,61,3,370,0,0,14,1,15,265,41,75,4,385,0,0,0,385
05/23/2017,MEM,TN,ASO,CE,Towers with Radar,646,51,84,13,794,0,0,2,1,3,646,51,86,14,797,0,0,0,797
05/24/2017,MEM,TN,ASO,CE,Towers with Radar,636,44,55,9,744,0,0,7,0,7,636,44,62,9,751,0,0,0,751
05/25/2017,MEM,TN,ASO,CE,Towers with Radar,644,60,69,4,777,0,3,18,5,26,644,63,87,9,803,0,0,0,803
05/26/2017,MEM,TN,ASO,CE,Towers with Radar,631,48,59,2,740,0,0,13,0,13,631,48,72,2,753,0,0,0,753
05/27/2017,MEM,TN,ASO,CE,Towers with Radar,383,19,17,1,420,0,0,0,0,0,383,19,17,1,420,0,0,0,420
05/28/2017,MEM,TN,ASO,CE,Towers with Radar,406,28,18,0,452,0,1,3,0,4,406,29,21,0,456,0,0,0,456
05/29/2017,MEM,TN,ASO,CE,Towers with Radar,161,37,20,0,218,0,0,3,0,3,161,37,23,0,221,0,0,0,221
05/30/2017,MEM,TN,ASO,CE,Towers with Radar,346,41,79,4,470,0,0,8,0,8,346,41,87,4,478,0,0,0,478
05/31/2017,MEM,TN,ASO,CE,Towers with Radar,666,54,61,8,789,0,0,9,1,10,666,54,70,9,799,0,0,0,799
06/01/2017,MEM,TN,ASO,CE,Towers with Radar,673,51,62,3,789,0,0,4,0,4,673,51,66,3,793,0,0,0,793
06/02/2017,MEM,TN,ASO,CE,Towers with Radar,618,50,56,9,733,0,0,9,0,9,618,50,65,9,742,0,0,0,742
06/03/2017,MEM,TN,ASO,CE,Towers with Radar,399,32,35,2,468,0,0,4,0,4,399,32,39,2,472,0,0,0,472
06/04/2017,MEM,TN,ASO,CE,Towers with Radar,334,31,32,0,397,0,0,0,0,0,334,31,32,0,397,0,0,0,397
06/05/2017,MEM,TN,ASO,CE,Towers with Radar,277,40,69,3,389,0,0,2,0,2,277,40,71,3,391,0,0,0,391
06/06/2017,MEM,TN,ASO,CE,Towers with Radar,657,77,77,9,820,0,0,3,0,3,657,77,80,9,823,0,0,0,823
06/07/2017,MEM,TN,ASO,CE,Towers with Radar,652,54,61,7,774,0,0,9,3,12,652,54,70,10,786,0,0,0,786
06/08/2017,MEM,TN,ASO,CE,Towers with Radar,630,49,75,6,760,0,0,5,0,5,630,49,80,6,765,0,0,0,765
06/09/2017,MEM,TN,ASO,CE,Towers with Radar,619,51,46,9,725,0,0,4,0,4,619,51,50,9,729,0,0,0,729
06/10/2017,MEM,TN,ASO,CE,Towers with Radar,398,35,46,3,482,0,1,6,1,8,398,36,52,4,490,0,0,0,490
06/11/2017,MEM,TN,ASO,CE,Towers with Radar,336,32,56,0,424,0,0,8,0,8,336,32,64,0,432,0,0,0,432
06/12/2017,MEM,TN,ASO,CE,Towers with Radar,273,26,54,1,354,0,0,5,1,6,273,26,59,2,360,0,0,0,360
06/13/2017,MEM,TN,ASO,CE,Towers with Radar,649,45,54,7,755,0,0,8,3,11,649,45,62,10,766,0,0,0,766
06/14/2017,MEM,TN,ASO,CE,Towers with Radar,650,49,88,5,792,0,0,8,1,9,650,49,96,6,801,0,0,0,801
06/15/2017,MEM,TN,ASO,CE,Towers with Radar,633,53,65,8,759,0,0,3,0,3,633,53,68,8,762,0,0,0,762
06/16/2017,MEM,TN,ASO,CE,Towers with Radar,622,49,43,10,724,0,0,3,0,3,622,49,46,10,727,0,0,0,727
06/17/2017,MEM,TN,ASO,CE,Towers with Radar,417,22,31,4,474,0,0,2,0,2,417,22,33,4,476,0,0,0,476
06/18/2017,MEM,TN,ASO,CE,Towers with Radar,339,24,28,5,396,0,0,0,2,2,339,24,28,7,398,0,0,0,398
06/19/2017,MEM,TN,ASO,CE,Towers with Radar,268,35,47,0,350,0,0,6,0,6,268,35,53,0,356,0,0,0,356
06/20/2017,MEM,TN,ASO,CE,Towers with Radar,650,60,63,19,792,0,0,5,0,5,650,60,68,19,797,0,0,0,797
06/21/2017,MEM,TN,ASO,CE,Towers with Radar,634,50,52,3,739,0,2,6,1,9,634,52,58,4,748,0,0,0,748
06/22/2017,MEM,TN,ASO,CE,Towers with Radar,621,50,69,4,744,0,0,0,0,0,621,50,69,4,744,0,0,0,744
06/23/2017,MEM,TN,ASO,CE,Towers with Radar,657,53,35,3,748,0,0,0,0,0,657,53,35,3,748,0,0,0,748
06/24/2017,MEM,TN,ASO,CE,Towers with Radar,403,21,38,6,468,0,0,8,0,8,403,21,46,6,476,0,0,0,476
06/25/2017,MEM,TN,ASO,CE,Towers with Radar,334,22,42,1,399,0,0,12,0,12,334,22,54,1,411,0,0,0,411
06/26/2017,MEM,TN,ASO,CE,Towers with Radar,274,28,67,4,373,0,0,9,0,9,274,28,76,4,382,0,0,0,382
06/27/2017,MEM,TN,ASO,CE,Towers with Radar,655,52,57,6,770,0,0,14,0,14,655,52,71,6,784,0,0,0,784
06/28/2017,MEM,TN,ASO,CE,Towers with Radar,643,46,74,6,769,0,0,14,3,17,643,46,88,9,786,0,0,0,786
06/29/2017,MEM,TN,ASO,CE,Towers with Radar,652,40,74,9,775,0,1,6,0,7,652,41,80,9,782,0,0,0,782
06/30/2017,MEM,TN,ASO,CE,Towers with Radar,612,55,60,4,731,0,0,1,1,2,612,55,61,5,733,0,0,0,733
07/01/2017,MEM,TN,ASO,CE,Towers with Radar,409,24,28,2,463,0,0,4,0,4,409,24,32,2,467,0,0,0,467
07/02/2017,MEM,TN,ASO,CE,Towers with Radar,320,16,18,0,354,0,0,4,0,4,320,16,22,0,358,0,0,0,358
07/03/2017,MEM,TN,ASO,CE,Towers with Radar,240,23,19,1,283,0,0,0,2,2,240,23,19,3,285,0,0,0,285
07/04/2017,MEM,TN,ASO,CE,Towers with Radar,201,29,16,0,246,0,0,5,0,5,201,29,21,0,251,0,0,0,251
07/05/2017,MEM,TN,ASO,CE,Towers with Radar,623,39,39,13,714,0,0,8,1,9,623,39,47,14,723,0,0,0,723
07/06/2017,MEM,TN,ASO,CE,Towers with Radar,669,42,40,2,753,0,0,2,1,3,669,42,42,3,756,0,0,0,756
07/07/2017,MEM,TN,ASO,CE,Towers with Radar,643,43,34,11,731,0,0,6,0,6,643,43,40,11,737,0,0,0,737
07/08/2017,MEM,TN,ASO,CE,Towers with Radar,403,31,20,4,458,0,0,4,0,4,403,31,24,4,462,6,0,6,468
07/09/2017,MEM,TN,ASO,CE,Towers with Radar,339,30,31,2,402,0,1,10,0,11,339,31,41,2,413,0,0,0,413
07/10/2017,MEM,TN,ASO,CE,Towers with Radar,271,36,35,5,347,0,2,9,1,12,271,38,44,6,359,0,0,0,359
07/11/2017,MEM,TN,ASO,CE,Towers with Radar,662,44,65,9,780,0,0,6,0,6,662,44,71,9,786,0,19,19,805
07/12/2017,MEM,TN,ASO,CE,Towers with Radar,659,54,76,4,793,0,0,7,3,10,659,54,83,7,803,0,0,0,803
07/13/2017,MEM,TN,ASO,CE,Towers with Radar,635,44,52,5,736,0,2,11,5,18,635,46,63,10,754,0,0,0,754
07/14/2017,MEM,TN,ASO,CE,Towers with Radar,629,53,48,7,737,0,0,6,1,7,629,53,54,8,744,0,0,0,744
07/15/2017,MEM,TN,ASO,CE,Towers with Radar,403,37,35,1,476,0,0,4,1,5,403,37,39,2,481,0,0,0,481
07/16/2017,MEM,TN,ASO,CE,Towers with Radar,336,41,43,4,424,0,1,5,1,7,336,42,48,5,431,0,0,0,431
07/17/2017,MEM,TN,ASO,CE,Towers with Radar,269,33,64,0,366,0,0,13,1,14,269,33,77,1,380,0,0,0,380
07/18/2017,MEM,TN,ASO,CE,Towers with Radar,656,49,60,11,776,0,0,8,0,8,656,49,68,11,784,0,0,0,784
07/19/2017,MEM,TN,ASO,CE,Towers with Radar,648,44,70,8,770,0,1,10,1,12,648,45,80,9,782,0,0,0,782
07/20/2017,MEM,TN,ASO,CE,Towers with Radar,643,47,58,5,753,0,2,5,1,8,643,49,63,6,761,0,0,0,761
07/21/2017,MEM,TN,ASO,CE,Towers with Radar,630,40,49,2,721,0,0,8,1,9,630,40,57,3,730,7,0,7,737
07/22/2017,MEM,TN,ASO,CE,Towers with Radar,392,31,32,4,459,0,0,7,0,7,392,31,39,4,466,0,0,0,466
07/23/2017,MEM,TN,ASO,CE,Towers with Radar,325,33,36,0,394,0,1,2,0,3,325,34,38,0,397,0,0,0,397
07/24/2017,MEM,TN,ASO,CE,Towers with Radar,287,35,60,1,383,0,0,17,0,17,287,35,77,1,400,0,0,0,400
07/25/2017,MEM,TN,ASO,CE,Towers with Radar,652,51,64,10,777,0,0,7,0,7,652,51,71,10,784,0,0,0,784
07/26/2017,MEM,TN,ASO,CE,Towers with Radar,653,53,55,4,765,0,0,8,1,9,653,53,63,5,774,6,0,6,780
07/27/2017,MEM,TN,ASO,CE,Towers with Radar,635,53,53,13,754,0,0,11,0,11,635,53,64,13,765,0,0,0,765
07/28/2017,MEM,TN,ASO,CE,Towers with Radar,627,52,58,4,741,0,0,1,0,1,627,52,59,4,742,0,0,0,742
07/29/2017,MEM,TN,ASO,CE,Towers with Radar,400,28,24,4,456,0,1,4,0,5,400,29,28,4,461,0,0,0,461
07/30/2017,MEM,TN,ASO,CE,Towers with Radar,337,28,30,0,395,0,0,5,2,7,337,28,35,2,402,0,0,0,402
07/31/2017,MEM,TN,ASO,CE,Towers with Radar,274,34,41,0,349,0,0,11,0,11,274,34,52,0,360,0,0,0,360
08/01/2017,MEM,TN,ASO,CE,Towers with Radar,662,50,43,4,759,0,0,6,0,6,662,50,49,4,765,0,0,0,765
08/02/2017,MEM,TN,ASO,CE,Towers with Radar,642,43,60,11,756,0,0,8,3,11,642,43,68,14,767,0,0,0,767
08/03/2017,MEM,TN,ASO,CE,Towers with Radar,628,43,54,5,730,0,0,4,1,5,628,43,58,6,735,0,0,0,735
08/04/2017,MEM,TN,ASO,CE,Towers with Radar,625,45,59,10,739,0,0,9,0,9,625,45,68,10,748,0,0,0,748
08/05/2017,MEM,TN,ASO,CE,Towers with Radar,408,30,40,3,481,0,0,6,1,7,408,30,46,4,488,0,0,0,488
08/06/2017,MEM,TN,ASO,CE,Towers with Radar,333,32,57,7,429,0,0,0,0,0,333,32,57,7,429,0,0,0,429
08/07/2017,MEM,TN,ASO,CE,Towers with Radar,270,38,54,6,368,0,0,4,1,5,270,38,58,7,373,0,0,0,373
08/08/2017,MEM,TN,ASO,CE,Towers with Radar,674,55,66,6,801,0,0,4,1,5,674,55,70,7,806,0,0,0,806
08/09/2017,MEM,TN,ASO,CE,Towers with Radar,649,45,84,11,789,0,1,7,1,9,649,46,91,12,798,4,0,4,802
08/10/2017,MEM,TN,ASO,CE,Towers with Radar,637,50,76,7,770,0,0,4,1,5,637,50,80,8,775,0,0,0,775
08/11/2017,MEM,TN,ASO,CE,Towers with Radar,627,44,59,2,732,0,0,4,0,4,627,44,63,2,736,0,0,0,736
08/12/2017,MEM,TN,ASO,CE,Towers with Radar,403,32,36,2,473,0,1,6,0,7,403,33,42,2,480,0,0,0,480
08/13/2017,MEM,TN,ASO,CE,Towers with Radar,329,29,29,2,389,0,0,0,1,1,329,29,29,3,390,0,0,0,390
08/14/2017,MEM,TN,ASO,CE,Towers with Radar,283,28,60,2,373,0,1,2,0,3,283,29,62,2,376,0,0,0,376
08/15/2017,MEM,TN,ASO,CE,Towers with Radar,663,45,49,9,766,0,0,2,16,18,663,45,51,25,784,0,0,0,784
08/16/2017,MEM,TN,ASO,CE,Towers with Radar,650,46,70,8,774,0,0,6,1,7,650,46,76,9,781,0,0,0,781
08/17/2017,MEM,TN,ASO,CE,Towers with Radar,635,41,73,7,756,0,0,2,0,2,635,41,75,7,758,0,0,0,758
08/18/2017,MEM,TN,ASO,CE,Towers with Radar,616,51,50,5,722,0,0,8,0,8,616,51,58,5,730,0,0,0,730
08/19/2017,MEM,TN,ASO,CE,Towers with Radar,391,29,31,3,454,0,0,2,1,3,391,29,33,4,457,0,0,0,457
08/20/2017,MEM,TN,ASO,CE,Towers with Radar,335,27,37,2,401,0,0,9,0,9,335,27,46,2,410,0,0,0,410
08/21/2017,MEM,TN,ASO,CE,Towers with Radar,268,33,76,1,378,0,1,15,0,16,268,34,91,1,394,0,0,0,394
08/22/2017,MEM,TN,ASO,CE,Towers with Radar,652,52,71,3,778,0,0,11,0,11,652,52,82,3,789,0,0,0,789
08/23/2017,MEM,TN,ASO,CE,Towers with Radar,649,55,98,5,807,0,0,6,0,6,649,55,104,5,813,7,0,7,820
08/24/2017,MEM,TN,ASO,CE,Towers with Radar,629,53,94,4,780,0,0,7,0,7,629,53,101,4,787,0,0,0,787
08/25/2017,MEM,TN,ASO,CE,Towers with Radar,627,48,56,10,741,0,1,7,2,10,627,49,63,12,751,0,0,0,751
08/26/2017,MEM,TN,ASO,CE,Towers with Radar,387,26,16,1,430,0,0,6,1,7,387,26,22,2,437,0,0,0,437
08/27/2017,MEM,TN,ASO,CE,Towers with Radar,315,28,40,4,387,0,0,4,2,6,315,28,44,6,393,7,0,7,400
08/28/2017,MEM,TN,ASO,CE,Towers with Radar,258,30,52,0,340,0,0,7,2,9,258,30,59,2,349,0,0,0,349
08/29/2017,MEM,TN,ASO,CE,Towers with Radar,636,41,65,12,754,0,0,8,0,8,636,41,73,12,762,6,12,18,780
08/30/2017,MEM,TN,ASO,CE,Towers with Radar,633,48,56,4,741,0,0,3,0,3,633,48,59,4,744,0,0,0,744
08/31/2017,MEM,TN,ASO,CE,Towers with Radar,585,34,36,1,656,0,0,0,0,0,585,34,36,1,656,0,0,0,656
09/01/2017,MEM,TN,ASO,CE,Towers with Radar,676,48,50,4,778,0,0,4,0,4,676,48,54,4,782,0,0,0,782
09/02/2017,MEM,TN,ASO,CE,Towers with Radar,390,17,20,1,428,0,1,2,0,3,390,18,22,1,431,0,0,0,431
09/03/2017,MEM,TN,ASO,CE,Towers with Radar,300,19,18,4,341,0,0,3,4,7,300,19,21,8,348,0,0,0,348
09/04/2017,MEM,TN,ASO,CE,Towers with Radar,150,30,37,4,221,0,0,10,0,10,150,30,47,4,231,0,0,0,231
09/05/2017,MEM,TN,ASO,CE,Towers with Radar,346,39,59,4,448,0,2,5,0,7,346,41,64,4,455,0,0,0,455
09/06/2017,MEM,TN,ASO,CE,Towers with Radar,681,56,72,11,820,0,0,12,1,13,681,56,84,12,833,0,0,0,833
09/07/2017,MEM,TN,ASO,CE,Towers with Radar,664,57,99,8,828,0,0,10,0,10,664,57,109,8,838,0,0,0,838
09/08/2017,MEM,TN,ASO,CE,Towers with Radar,635,50,65,12,762,0,0,7,2,9,635,50,72,14,771,0,0,0,771
09/09/2017,MEM,TN,ASO,CE,Towers with Radar,385,26,42,19,472,0,0,6,2,8,385,26,48,21,480,0,0,0,480
09/10/2017,MEM,TN,ASO,CE,Towers with Radar,323,30,44,25,422,0,0,8,1,9,323,30,52,26,431,0,0,0,431
09/11/2017,MEM,TN,ASO,CE,Towers with Radar,254,27,57,3,341,0,0,13,0,13,254,27,70,3,354,0,0,0,354
09/12/2017,MEM,TN,ASO,CE,Towers with Radar,624,45,50,7,726,0,0,0,0,0,624,45,50,7,726,0,0,0,726
09/13/2017,MEM,TN,ASO,CE,Towers with Radar,682,63,59,8,812,0,0,1,0,1,682,63,60,8,813,0,0,0,813
09/14/2017,MEM,TN,ASO,CE,Towers with Radar,634,58,67,9,768,0,2,9,1,12,634,60,76,10,780,0,0,0,780
09/15/2017,MEM,TN,ASO,CE,Towers with Radar,643,63,49,9,764,0,0,4,4,8,643,63,53,13,772,0,0,0,772
09/16/2017,MEM,TN,ASO,CE,Towers with Radar,395,39,35,6,475,0,0,4,2,6,395,39,39,8,481,0,0,0,481
09/17/2017,MEM,TN,ASO,CE,Towers with Radar,331,38,39,3,411,0,0,4,1,5,331,38,43,4,416,0,0,0,416
09/18/2017,MEM,TN,ASO,CE,Towers with Radar,268,35,49,3,355,0,0,4,0,4,268,35,53,3,359,0,0,0,359
09/19/2017,MEM,TN,ASO,CE,Towers with Radar,651,52,64,7,774,0,0,6,1,7,651,52,70,8,781,0,0,0,781
09/20/2017,MEM,TN,ASO,CE,Towers with Radar,650,57,65,6,778,0,1,6,2,9,650,58,71,8,787,0,0,0,787
09/21/2017,MEM,TN,ASO,CE,Towers with Radar,621,54,69,11,755,0,2,11,2,15,621,56,80,13,770,0,0,0,770
09/22/2017,MEM,TN,ASO,CE,Towers with Radar,626,56,54,3,739,0,0,7,1,8,626,56,61,4,747,0,0,0,747
09/23/2017,MEM,TN,ASO,CE,Towers with Radar,389,35,44,1,469,0,0,16,2,18,389,35,60,3,487,0,0,0,487
09/24/2017,MEM,TN,ASO,CE,Towers with Radar,329,32,64,3,428,0,0,6,2,8,329,32,70,5,436,0,0,0,436
09/25/2017,MEM,TN,ASO,CE,Towers with Radar,275,37,61,1,374,0,0,9,0,9,275,37,70,1,383,0,0,0,383
09/26/2017,MEM,TN,ASO,CE,Towers with Radar,656,50,80,5,791,0,0,4,0,4,656,50,84,5,795,0,0,0,795
09/27/2017,MEM,TN,ASO,CE,Towers with Radar,663,47,68,7,785,0,1,4,1,6,663,48,72,8,791,0,0,0,791
09/28/2017,MEM,TN,ASO,CE,Towers with Radar,635,62,56,4,757,0,0,4,2,6,635,62,60,6,763,0,0,0,763
09/29/2017,MEM,TN,ASO,CE,Towers with Radar,645,57,64,6,772,0,0,7,1,8,645,57,71,7,780,0,0,0,780
09/30/2017,MEM,TN,ASO,CE,Towers with Radar,401,34,30,3,468,0,0,3,1,4,401,34,33,4,472,0,0,0,472
10/01/2017,MEM,TN,ASO,CE,Towers with Radar,348,35,36,0,419,0,0,5,1,6,348,35,41,1,425,0,0,0,425
10/02/2017,MEM,TN,ASO,CE,Towers with Radar,274,35,58,8,375,0,0,8,0,8,274,35,66,8,383,0,0,0,383
10/03/2017,MEM,TN,ASO,CE,Towers with Radar,683,54,68,14,819,0,0,15,0,15,683,54,83,14,834,0,0,0,834
10/04/2017,MEM,TN,ASO,CE,Towers with Radar,672,54,73,6,805,0,0,9,0,9,672,54,82,6,814,0,0,0,814
10/05/2017,MEM,TN,ASO,CE,Towers with Radar,651,44,63,4,762,0,1,10,0,11,651,45,73,4,773,0,0,0,773
10/06/2017,MEM,TN,ASO,CE,Towers with Radar,617,52,44,4,717,0,0,5,1,6,617,52,49,5,723,0,0,0,723
10/07/2017,MEM,TN,ASO,CE,Towers with Radar,416,30,38,0,484,0,0,3,1,4,416,30,41,1,488,0,0,0,488
10/08/2017,MEM,TN,ASO,CE,Towers with Radar,311,43,37,0,391,0,0,2,2,4,311,43,39,2,395,0,0,0,395
10/09/2017,MEM,TN,ASO,CE,Towers with Radar,278,48,58,0,384,0,0,9,1,10,278,48,67,1,394,0,0,0,394
10/10/2017,MEM,TN,ASO,CE,Towers with Radar,641,51,63,17,772,0,0,1,1,2,641,51,64,18,774,0,0,0,774
10/11/2017,MEM,TN,ASO,CE,Towers with Radar,680,54,62,6,802,0,0,3,2,5,680,54,65,8,807,0,0,0,807
10/12/2017,MEM,TN,ASO,CE,Towers with Radar,641,59,60,10,770,0,0,10,0,10,641,59,70,10,780,0,0,0,780
10/13/2017,MEM,TN,ASO,CE,Towers with Radar,645,55,68,14,782,0,1,6,2,9,645,56,74,16,791,0,0,0,791
10/14/2017,MEM,TN,ASO,CE,Towers with Radar,401,38,34,2,475,0,0,1,1,2,401,38,35,3,477,0,0,0,477
10/15/2017,MEM,TN,ASO,CE,Towers with Radar,338,42,54,2,436,0,0,2,0,2,338,42,56,2,438,0,0,0,438
10/16/2017,MEM,TN,ASO,CE,Towers with Radar,292,44,50,1,387,0,0,5,0,5,292,44,55,1,392,6,0,6,398
10/17/2017,MEM,TN,ASO,CE,Towers with Radar,667,50,96,5,818,0,0,11,0,11,667,50,107,5,829,0,0,0,829
10/18/2017,MEM,TN,ASO,CE,Towers with Radar,674,57,63,4,798,0,0,7,0,7,674,57,70,4,805,0,0,0,805
10/19/2017,MEM,TN,ASO,CE,Towers with Radar,640,52,71,7,770,0,1,5,0,6,640,53,76,7,776,0,0,0,776
10/20/2017,MEM,TN,ASO,CE,Towers with Radar,636,56,67,6,765,0,1,7,2,10,636,57,74,8,775,0,0,0,775
10/21/2017,MEM,TN,ASO,CE,Towers with Radar,412,30,37,2,481,0,0,8,0,8,412,30,45,2,489,0,0,0,489
10/22/2017,MEM,TN,ASO,CE,Towers with Radar,331,32,43,1,407,0,0,1,0,1,331,32,44,1,408,0,0,0,408
10/23/2017,MEM,TN,ASO,CE,Towers with Radar,276,36,52,2,366,0,0,4,0,4,276,36,56,2,370,0,0,0,370
10/24/2017,MEM,TN,ASO,CE,Towers with Radar,654,43,67,7,771,0,1,5,2,8,654,44,72,9,779,0,0,0,779
10/25/2017,MEM,TN,ASO,CE,Towers with Radar,667,51,67,7,792,0,1,8,1,10,667,52,75,8,802,0,0,0,802
10/26/2017,MEM,TN,ASO,CE,Towers with Radar,643,59,61,3,766,0,1,15,1,17,643,60,76,4,783,0,0,0,783
10/27/2017,MEM,TN,ASO,CE,Towers with Radar,660,63,45,3,771,0,0,1,0,1,660,63,46,3,772,0,0,0,772
10/28/2017,MEM,TN,ASO,CE,Towers with Radar,411,40,30,3,484,0,0,7,0,7,411,40,37,3,491,0,0,0,491
10/29/2017,MEM,TN,ASO,CE,Towers with Radar,331,36,43,1,411,0,1,6,0,7,331,37,49,1,418,0,0,0,418
10/30/2017,MEM,TN,ASO,CE,Towers with Radar,263,35,50,4,352,0,0,7,0,7,263,35,57,4,359,0,0,0,359
10/31/2017,MEM,TN,ASO,CE,Towers with Radar,647,50,40,4,741,0,0,9,0,9,647,50,49,4,750,2,0,2,752
11/01/2017,MEM,TN,ASO,CE,Towers with Radar,635,60,86,5,786,0,0,2,0,2,635,60,88,5,788,0,0,0,788
11/02/2017,MEM,TN,ASO,CE,Towers with Radar,650,54,66,15,785,0,0,4,0,4,650,54,70,15,789,0,0,0,789
11/03/2017,MEM,TN,ASO,CE,Towers with Radar,652,40,63,7,762,0,0,0,0,0,652,40,63,7,762,0,0,0,762
11/04/2017,MEM,TN,ASO,CE,Towers with Radar,418,38,32,8,496,0,0,0,0,0,418,38,32,8,496,0,0,0,496
11/05/2017,MEM,TN,ASO,CE,Towers with Radar,332,28,48,1,409,0,0,1,0,1,332,28,49,1,410,0,0,0,410
11/06/2017,MEM,TN,ASO,CE,Towers with Radar,256,20,75,0,351,0,0,0,0,0,256,20,75,0,351,0,0,0,351
11/07/2017,MEM,TN,ASO,CE,Towers with Radar,650,39,63,2,754,0,0,0,0,0,650,39,63,2,754,0,0,0,754
11/08/2017,MEM,TN,ASO,CE,Towers with Radar,699,47,70,4,820,0,0,0,0,0,699,47,70,4,820,0,0,0,820
11/09/2017,MEM,TN,ASO,CE,Towers with Radar,655,56,65,22,798,0,1,9,1,11,655,57,74,23,809,0,0,0,809
11/10/2017,MEM,TN,ASO,CE,Towers with Radar,639,48,42,0,729,0,0,9,0,9,639,48,51,0,738,0,0,0,738
11/11/2017,MEM,TN,ASO,CE,Towers with Radar,403,26,23,0,452,0,0,10,0,10,403,26,33,0,462,0,0,0,462
11/12/2017,MEM,TN,ASO,CE,Towers with Radar,336,25,46,0,407,0,0,2,0,2,336,25,48,0,409,0,0,0,409
11/13/2017,MEM,TN,ASO,CE,Towers with Radar,293,31,58,3,385,0,0,12,0,12,293,31,70,3,397,0,0,0,397
11/14/2017,MEM,TN,ASO,CE,Towers with Radar,684,50,59,4,797,0,0,8,0,8,684,50,67,4,805,0,0,0,805
11/15/2017,MEM,TN,ASO,CE,Towers with Radar,689,53,67,8,817,0,0,4,0,4,689,53,71,8,821,0,0,0,821
11/16/2017,MEM,TN,ASO,CE,Towers with Radar,692,48,66,7,813,0,0,9,1,10,692,48,75,8,823,0,0,0,823
11/17/2017,MEM,TN,ASO,CE,Towers with Radar,624,47,68,6,745,0,0,1,1,2,624,47,69,7,747,0,0,0,747
11/18/2017,MEM,TN,ASO,CE,Towers with Radar,449,23,29,0,501,0,0,2,2,4,449,23,31,2,505,0,0,0,505
11/19/2017,MEM,TN,ASO,CE,Towers with Radar,362,25,40,3,430,0,0,2,0,2,362,25,42,3,432,0,0,0,432
11/20/2017,MEM,TN,ASO,CE,Towers with Radar,274,51,49,2,376,0,0,6,0,6,274,51,55,2,382,0,0,0,382
11/21/2017,MEM,TN,ASO,CE,Towers with Radar,717,52,105,11,885,0,0,7,5,12,717,52,112,16,897,0,0,0,897
11/22/2017,MEM,TN,ASO,CE,Towers with Radar,719,43,43,0,805,0,0,8,0,8,719,43,51,0,813,0,0,0,813
11/23/2017,MEM,TN,ASO,CE,Towers with Radar,163,19,2,0,184,0,0,5,0,5,163,19,7,0,189,0,0,0,189
11/24/2017,MEM,TN,ASO,CE,Towers with Radar,586,22,15,2,625,0,0,9,0,9,586,22,24,2,634,0,0,0,634
11/25/2017,MEM,TN,ASO,CE,Towers with Radar,462,26,21,0,509,0,1,6,0,7,462,27,27,0,516,0,0,0,516
11/26/2017,MEM,TN,ASO,CE,Towers with Radar,402,26,50,0,478,0,2,3,0,5,402,28,53,0,483,0,0,0,483
11/27/2017,MEM,TN,ASO,CE,Towers with Radar,290,31,40,2,363,0,0,9,1,10,290,31,49,3,373,0,0,0,373
11/28/2017,MEM,TN,ASO,CE,Towers with Radar,742,57,62,5,866,0,0,10,0,10,742,57,72,5,876,6,0,6,882
11/29/2017,MEM,TN,ASO,CE,Towers with Radar,737,56,54,3,850,0,0,9,0,9,737,56,63,3,859,0,0,0,859
11/30/2017,MEM,TN,ASO,CE,Towers with Radar,728,44,63,15,850,0,0,6,0,6,728,44,69,15,856,0,0,0,856
12/01/2017,MEM,TN,ASO,CE,Towers with Radar,717,47,49,5,818,0,0,3,0,3,717,47,52,5,821,0,0,0,821
12/02/2017,MEM,TN,ASO,CE,Towers with Radar,440,30,37,1,508,0,0,3,0,3,440,30,40,1,511,0,0,0,511
12/03/2017,MEM,TN,ASO,CE,Towers with Radar,369,24,45,0,438,0,0,5,0,5,369,24,50,0,443,0,0,0,443
12/04/2017,MEM,TN,ASO,CE,Towers with Radar,228,27,57,0,312,0,1,4,0,5,228,28,61,0,317,0,0,0,317
12/05/2017,MEM,TN,ASO,CE,Towers with Radar,772,48,77,3,900,0,0,1,2,3,772,48,78,5,903,0,0,0,903
12/06/2017,MEM,TN,ASO,CE,Towers with Radar,740,48,56,7,851,0,0,9,2,11,740,48,65,9,862,0,0,0,862
12/07/2017,MEM,TN,ASO,CE,Towers with Radar,726,54,67,13,860,0,0,9,0,9,726,54,76,13,869,0,0,0,869
12/08/2017,MEM,TN,ASO,CE,Towers with Radar,681,59,59,1,800,0,0,7,0,7,681,59,66,1,807,0,0,0,807
12/09/2017,MEM,TN,ASO,CE,Towers with Radar,447,19,24,0,490,0,0,6,0,6,447,19,30,0,496,0,0,0,496
12/10/2017,MEM,TN,ASO,CE,Towers with Radar,378,30,31,1,440,0,0,18,0,18,378,30,49,1,458,8,0,8,466
12/11/2017,MEM,TN,ASO,CE,Towers with Radar,271,30,53,3,357,0,0,12,0,12,271,30,65,3,369,0,0,0,369
12/12/2017,MEM,TN,ASO,CE,Towers with Radar,759,61,66,5,891,0,1,2,4,7,759,62,68,9,898,0,0,0,898
12/13/2017,MEM,TN,ASO,CE,Towers with Radar,734,58,64,7,863,0,2,3,0,5,734,60,67,7,868,0,0,0,868
12/14/2017,MEM,TN,ASO,CE,Towers with Radar,734,48,83,6,871,0,0,7,1,8,734,48,90,7,879,0,0,0,879
12/15/2017,MEM,TN,ASO,CE,Towers with Radar,693,49,39,12,793,0,0,1,1,2,693,49,40,13,795,0,0,0,795
12/16/2017,MEM,TN,ASO,CE,Towers with Radar,442,34,14,7,497,0,0,12,2,14,442,34,26,9,511,0,0,0,511
12/17/2017,MEM,TN,ASO,CE,Towers with Radar,378,32,38,3,451,0,0,0,0,0,378,32,38,3,451,0,0,0,451
12/18/2017,MEM,TN,ASO,CE,Towers with Radar,441,33,44,2,520,0,0,1,0,1,441,33,45,2,521,0,0,0,521
12/19/2017,MEM,TN,ASO,CE,Towers with Radar,754,35,54,3,846,0,0,0,0,0,754,35,54,3,846,0,0,0,846
12/20/2017,MEM,TN,ASO,CE,Towers with Radar,768,42,35,2,847,0,0,0,0,0,768,42,35,2,847,0,0,0,847
12/21/2017,MEM,TN,ASO,CE,Towers with Radar,757,42,55,3,857,0,0,0,0,0,757,42,55,3,857,0,0,0,857
12/22/2017,MEM,TN,ASO,CE,Towers with Radar,693,43,19,1,756,0,0,0,0,0,693,43,19,1,756,0,0,0,756
12/23/2017,MEM,TN,ASO,CE,Towers with Radar,562,33,28,2,625,0,0,0,0,0,562,33,28,2,625,0,0,0,625
12/24/2017,MEM,TN,ASO,CE,Towers with Radar,322,20,13,0,355,0,0,0,0,0,322,20,13,0,355,0,0,0,355
12/25/2017,MEM,TN,ASO,CE,Towers with Radar,120,29,8,0,157,0,1,2,1,4,120,30,10,1,161,0,0,0,161
12/26/2017,MEM,TN,ASO,CE,Towers with Radar,298,32,30,0,360,0,0,17,2,19,298,32,47,2,379,0,0,0,379
12/27/2017,MEM,TN,ASO,CE,Towers with Radar,697,44,34,4,779,0,0,2,1,3,697,44,36,5,782,0,0,0,782
12/28/2017,MEM,TN,ASO,CE,Towers with Radar,681,52,33,0,766,0,0,3,3,6,681,52,36,3,772,0,0,0,772
12/29/2017,MEM,TN,ASO,CE,Towers with Radar,652,44,20,2,718,0,1,9,2,12,652,45,29,4,730,0,0,0,730
12/30/2017,MEM,TN,ASO,CE,Towers with Radar,470,35,46,0,551,0,0,0,0,0,470,35,46,0,551,0,0,0,551
12/31/2017,MEM,TN,ASO,CE,Towers with Radar,325,29,11,0,365,0,0,2,0,2,325,29,13,0,367,0,0,0,367
01/01/2018,MEM,TN,ASO,CE,Towers with Radar,112,21,21,0,154,0,0,5,0,5,112,21,26,0,159,0,0,0,159
01/02/2018,MEM,TN,ASO,CE,Towers with Radar,290,30,68,0,388,0,1,3,0,4,290,31,71,0,392,0,0,0,392
01/03/2018,MEM,TN,ASO,CE,Towers with Radar,665,47,42,10,764,0,0,12,1,13,665,47,54,11,777,0,0,0,777
01/04/2018,MEM,TN,ASO,CE,Towers with Radar,639,22,34,8,703,0,2,10,4,16,639,24,44,12,719,0,0,0,719
01/05/2018,MEM,TN,ASO,CE,Towers with Radar,647,43,48,3,741,0,0,12,0,12,647,43,60,3,753,0,0,0,753
01/06/2018,MEM,TN,ASO,CE,Towers with Radar,424,19,21,5,469,0,1,10,0,11,424,20,31,5,480,0,0,0,480
01/07/2018,MEM,TN,ASO,CE,Towers with Radar,321,23,27,1,372,0,0,4,0,4,321,23,31,1,376,0,0,0,376
01/08/2018,MEM,TN,ASO,CE,Towers with Radar,254,32,48,0,334,0,0,0,0,0,254,32,48,0,334,0,0,0,334
01/09/2018,MEM,TN,ASO,CE,Towers with Radar,663,49,57,4,773,0,0,0,0,0,663,49,57,4,773,0,0,0,773
01/10/2018,MEM,TN,ASO,CE,Towers with Radar,637,49,53,8,747,0,0,2,0,2,637,49,55,8,749,0,0,0,749
01/11/2018,MEM,TN,ASO,CE,Towers with Radar,645,51,60,9,765,0,1,1,0,2,645,52,61,9,767,0,0,0,767
01/12/2018,MEM,TN,ASO,CE,Towers with Radar,291,32,62,0,385,0,0,3,0,3,291,32,65,0,388,0,0,0,388
01/13/2018,MEM,TN,ASO,CE,Towers with Radar,350,26,41,2,419,0,0,3,0,3,350,26,44,2,422,0,0,0,422
01/14/2018,MEM,TN,ASO,CE,Towers with Radar,355,30,41,1,427,0,0,0,2,2,355,30,41,3,429,0,0,0,429
01/15/2018,MEM,TN,ASO,CE,Towers with Radar,278,31,57,0,366,0,0,14,0,14,278,31,71,0,380,6,0,6,386
01/16/2018,MEM,TN,ASO,CE,Towers with Radar,488,40,64,0,592,0,0,2,0,2,488,40,66,0,594,0,0,0,594
01/17/2018,MEM,TN,ASO,CE,Towers with Radar,646,39,50,2,737,0,0,3,0,3,646,39,53,2,740,0,0,0,740
01/18/2018,MEM,TN,ASO,CE,Towers with Radar,672,38,70,9,789,0,0,8,3,11,672,38,78,12,800,0,0,0,800
01/19/2018,MEM,TN,ASO,CE,Towers with Radar,636,39,66,9,750,0,0,7,1,8,636,39,73,10,758,0,0,0,758
01/20/2018,MEM,TN,ASO,CE,Towers with Radar,410,18,38,4,470,0,0,0,0,0,410,18,38,4,470,0,0,0,470
01/21/2018,MEM,TN,ASO,CE,Towers with Radar,316,23,35,0,374,0,0,0,0,0,316,23,35,0,374,0,0,0,374
01/22/2018,MEM,TN,ASO,CE,Towers with Radar,260,31,54,0,345,0,0,7,0,7,260,31,61,0,352,0,0,0,352
01/23/2018,MEM,TN,ASO,CE,Towers with Radar,658,50,51,4,763,0,0,2,0,2,658,50,53,4,765,0,0,0,765
01/24/2018,MEM,TN,ASO,CE,Towers with Radar,657,50,67,9,783,0,4,6,0,10,657,54,73,9,793,0,0,0,793
01/25/2018,MEM,TN,ASO,CE,Towers with Radar,638,51,57,4,750,0,0,8,2,10,638,51,65,6,760,0,0,0,760
01/26/2018,MEM,TN,ASO,CE,Towers with Radar,599,47,51,12,709,0,0,14,0,14,599,47,65,12,723,0,0,0,723
01/27/2018,MEM,TN,ASO,CE,Towers with Radar,412,17,30,3,462,0,0,0,0,0,412,17,30,3,462,0,0,0,462
01/28/2018,MEM,TN,ASO,CE,Towers with Radar,324,22,26,3,375,0,0,8,0,8,324,22,34,3,383,0,0,0,383
01/29/2018,MEM,TN,ASO,CE,Towers with Radar,264,24,47,4,339,0,0,3,0,3,264,24,50,4,342,6,0,6,348
01/30/2018,MEM,TN,ASO,CE,Towers with Radar,650,34,59,9,752,0,0,10,0,10,650,34,69,9,762,2,0,2,764
01/31/2018,MEM,TN,ASO,CE,Towers with Radar,642,45,49,10,746,0,1,10,1,12,642,46,59,11,758,0,0,0,758
02/01/2018,MEM,TN,ASO,CE,Towers with Radar,654,42,55,12,763,0,0,1,1,2,654,42,56,13,765,0,0,0,765
02/02/2018,MEM,TN,ASO,CE,Towers with Radar,638,38,68,7,751,0,0,12,0,12,638,38,80,7,763,0,0,0,763
02/03/2018,MEM,TN,ASO,CE,Towers with Radar,412,24,27,1,464,0,0,6,0,6,412,24,33,1,470,0,0,0,470
02/04/2018,MEM,TN,ASO,CE,Towers with Radar,308,33,20,4,365,1,0,4,0,5,309,33,24,4,370,0,0,0,370
02/05/2018,MEM,TN,ASO,CE,Towers with Radar,250,32,46,2,330,0,0,7,0,7,250,32,53,2,337,0,0,0,337
02/06/2018,MEM,TN,ASO,CE,Towers with Radar,655,43,43,9,750,0,0,1,0,1,655,43,44,9,751,0,0,0,751
02/07/2018,MEM,TN,ASO,CE,Towers with Radar,677,40,49,5,771,0,0,2,2,4,677,40,51,7,775,0,0,0,775
02/08/2018,MEM,TN,ASO,CE,Towers with Radar,665,48,60,6,779,0,0,7,0,7,665,48,67,6,786,0,0,0,786
02/09/2018,MEM,TN,ASO,CE,Towers with Radar,608,34,51,2,695,0,0,6,2,8,608,34,57,4,703,0,0,0,703
02/10/2018,MEM,TN,ASO,CE,Towers with Radar,425,15,17,0,457,0,0,0,0,0,425,15,17,0,457,0,0,0,457
02/11/2018,MEM,TN,ASO,CE,Towers with Radar,345,14,27,4,390,0,0,0,0,0,345,14,27,4,390,0,0,0,390
02/12/2018,MEM,TN,ASO,CE,Towers with Radar,264,25,55,0,344,0,0,10,0,10,264,25,65,0,354,0,0,0,354
02/13/2018,MEM,TN,ASO,CE,Towers with Radar,658,49,64,10,781,0,0,3,1,4,658,49,67,11,785,0,0,0,785
02/14/2018,MEM,TN,ASO,CE,Towers with Radar,674,48,55,3,780,0,0,0,0,0,674,48,55,3,780,0,0,0,780
02/15/2018,MEM,TN,ASO,CE,Towers with Radar,670,52,83,11,816,0,0,8,0,8,670,52,91,11,824,0,0,0,824
02/16/2018,MEM,TN,ASO,CE,Towers with Radar,630,55,63,0,748,0,0,3,0,3,630,55,66,0,751,0,0,0,751
02/17/2018,MEM,TN,ASO,CE,Towers with Radar,397,27,26,4,454,0,0,0,0,0,397,27,26,4,454,0,0,0,454
02/18/2018,MEM,TN,ASO,CE,Towers with Radar,305,32,35,2,374,0,0,2,0,2,305,32,37,2,376,0,0,0,376
02/19/2018,MEM,TN,ASO,CE,Towers with Radar,231,37,67,0,335,0,1,2,1,4,231,38,69,1,339,0,0,0,339
02/20/2018,MEM,TN,ASO,CE,Towers with Radar,597,45,56,9,707,0,0,2,3,5,597,45,58,12,712,0,0,0,712
02/21/2018,MEM,TN,ASO,CE,Towers with Radar,663,53,60,0,776,0,0,0,0,0,663,53,60,0,776,0,0,0,776
02/22/2018,MEM,TN,ASO,CE,Towers with Radar,635,49,45,4,733,0,0,0,0,0,635,49,45,4,733,0,0,0,733
02/23/2018,MEM,TN,ASO,CE,Towers with Radar,658,54,51,2,765,0,0,3,0,3,658,54,54,2,768,0,0,0,768
02/24/2018,MEM,TN,ASO,CE,Towers with Radar,403,21,28,2,454,0,0,0,0,0,403,21,28,2,454,0,0,0,454
02/25/2018,MEM,TN,ASO,CE,Towers with Radar,324,28,42,9,403,0,0,5,0,5,324,28,47,9,408,0,0,0,408
02/26/2018,MEM,TN,ASO,CE,Towers with Radar,263,31,42,9,345,0,0,7,0,7,263,31,49,9,352,0,0,0,352
02/27/2018,MEM,TN,ASO,CE,Towers with Radar,630,58,48,4,740,0,1,6,0,7,630,59,54,4,747,0,0,0,747
02/28/2018,MEM,TN,ASO,CE,Towers with Radar,658,48,49,4,759,0,0,0,0,0,658,48,49,4,759,0,0,0,759
03/01/2018,MEM,TN,ASO,CE,Towers with Radar,665,65,71,4,805,0,0,0,0,0,665,65,71,4,805,0,0,0,805
03/02/2018,MEM,TN,ASO,CE,Towers with Radar,618,46,53,6,723,0,0,7,2,9,618,46,60,8,732,0,0,0,732
03/03/2018,MEM,TN,ASO,CE,Towers with Radar,396,27,29,6,458,0,0,9,0,9,396,27,38,6,467,0,0,0,467
03/04/2018,MEM,TN,ASO,CE,Towers with Radar,327,40,40,10,417,0,0,7,1,8,327,40,47,11,425,2,0,2,427
03/05/2018,MEM,TN,ASO,CE,Towers with Radar,267,30,50,1,348,0,0,0,0,0,267,30,50,1,348,0,0,0,348
03/06/2018,MEM,TN,ASO,CE,Towers with Radar,651,48,78,12,789,0,0,5,1,6,651,48,83,13,795,0,0,0,795
03/07/2018,MEM,TN,ASO,CE,Towers with Radar,668,48,46,9,771,0,0,11,0,11,668,48,57,9,782,0,0,0,782
03/08/2018,MEM,TN,ASO,CE,Towers with Radar,657,65,55,0,777,0,1,13,0,14,657,66,68,0,791,0,0,0,791
03/09/2018,MEM,TN,ASO,CE,Towers with Radar,616,51,53,10,730,0,0,8,1,9,616,51,61,11,739,0,0,0,739
03/10/2018,MEM,TN,ASO,CE,Towers with Radar,420,41,33,0,494,0,0,0,0,0,420,41,33,0,494,0,0,0,494
03/11/2018,MEM,TN,ASO,CE,Towers with Radar,344,34,32,2,412,0,0,0,0,0,344,34,32,2,412,0,0,0,412
03/12/2018,MEM,TN,ASO,CE,Towers with Radar,260,38,33,2,333,0,0,6,3,9,260,38,39,5,342,0,0,0,342
03/13/2018,MEM,TN,ASO,CE,Towers with Radar,653,56,64,6,779,0,0,10,0,10,653,56,74,6,789,0,0,0,789
03/14/2018,MEM,TN,ASO,CE,Towers with Radar,664,53,46,8,771,0,0,8,1,9,664,53,54,9,780,0,0,0,780
03/15/2018,MEM,TN,ASO,CE,Towers with Radar,636,59,64,4,763,0,0,10,2,12,636,59,74,6,775,0,0,0,775
03/16/2018,MEM,TN,ASO,CE,Towers with Radar,619,66,49,3,737,0,0,2,0,2,619,66,51,3,739,0,0,0,739
03/17/2018,MEM,TN,ASO,CE,Towers with Radar,430,36,35,6,507,0,0,0,2,2,430,36,35,8,509,0,0,0,509
03/18/2018,MEM,TN,ASO,CE,Towers with Radar,341,46,41,4,432,0,0,2,1,3,341,46,43,5,435,0,0,0,435
03/19/2018,MEM,TN,ASO,CE,Towers with Radar,257,33,63,0,353,0,0,2,0,2,257,33,65,0,355,0,0,0,355
03/20/2018,MEM,TN,ASO,CE,Towers with Radar,634,63,67,4,768,0,0,8,1,9,634,63,75,5,777,0,0,0,777
03/21/2018,MEM,TN,ASO,CE,Towers with Radar,658,49,51,5,763,0,1,8,2,11,658,50,59,7,774,0,0,0,774
03/22/2018,MEM,TN,ASO,CE,Towers with Radar,633,59,69,9,770,0,0,11,4,15,633,59,80,13,785,0,0,0,785
03/23/2018,MEM,TN,ASO,CE,Towers with Radar,619,58,70,4,751,0,0,17,0,17,619,58,87,4,768,0,0,0,768
03/24/2018,MEM,TN,ASO,CE,Towers with Radar,439,36,40,2,517,0,0,0,0,0,439,36,40,2,517,0,0,0,517
03/25/2018,MEM,TN,ASO,CE,Towers with Radar,347,31,40,3,421,0,0,3,0,3,347,31,43,3,424,0,0,0,424
03/26/2018,MEM,TN,ASO,CE,Towers with Radar,234,41,41,2,318,0,0,6,2,8,234,41,47,4,326,0,0,0,326
03/27/2018,MEM,TN,ASO,CE,Towers with Radar,667,64,79,6,816,0,0,0,0,0,667,64,79,6,816,0,0,0,816
03/28/2018,MEM,TN,ASO,CE,Towers with Radar,665,65,64,2,796,0,0,0,0,0,665,65,64,2,796,0,0,0,796
03/29/2018,MEM,TN,ASO,CE,Towers with Radar,667,58,81,10,816,0,0,4,0,4,667,58,85,10,820,0,0,0,820
03/30/2018,MEM,TN,ASO,CE,Towers with Radar,613,50,66,0,729,0,0,5,0,5,613,50,71,0,734,0,0,0,734
03/31/2018,MEM,TN,ASO,CE,Towers with Radar,399,28,24,3,454,0,0,10,2,12,399,28,34,5,466,0,0,0,466
04/01/2018,MEM,TN,ASO,CE,Towers with Radar,329,37,17,2,385,0,0,3,1,4,329,37,20,3,389,0,0,0,389
04/02/2018,MEM,TN,ASO,CE,Towers with Radar,247,38,54,1,340,0,1,1,0,2,247,39,55,1,342,0,0,0,342
04/03/2018,MEM,TN,ASO,CE,Towers with Radar,655,34,58,6,753,0,0,2,0,2,655,34,60,6,755,0,0,0,755
04/04/2018,MEM,TN,ASO,CE,Towers with Radar,672,45,83,6,806,0,0,14,2,16,672,45,97,8,822,2,2,4,826
04/05/2018,MEM,TN,ASO,CE,Towers with Radar,661,54,60,5,780,0,0,7,1,8,661,54,67,6,788,0,0,0,788
04/06/2018,MEM,TN,ASO,CE,Towers with Radar,606,36,51,4,697,0,0,0,0,0,606,36,51,4,697,0,0,0,697
04/07/2018,MEM,TN,ASO,CE,Towers with Radar,446,25,30,0,501,0,0,1,0,1,446,25,31,0,502,0,0,0,502
04/08/2018,MEM,TN,ASO,CE,Towers with Radar,340,40,55,4,439,0,0,4,1,5,340,40,59,5,444,8,0,8,452
04/09/2018,MEM,TN,ASO,CE,Towers with Radar,274,31,47,4,356,0,0,4,2,6,274,31,51,6,362,0,0,0,362
04/10/2018,MEM,TN,ASO,CE,Towers with Radar,644,52,58,6,760,0,0,17,4,21,644,52,75,10,781,0,0,0,781
04/11/2018,MEM,TN,ASO,CE,Towers with Radar,665,54,47,12,778,1,0,6,0,7,666,54,53,12,785,0,0,0,785
04/12/2018,MEM,TN,ASO,CE,Towers with Radar,624,49,83,5,761,0,0,6,5,11,624,49,89,10,772,0,0,0,772
04/13/2018,MEM,TN,ASO,CE,Towers with Radar,637,51,42,11,741,0,0,5,6,11,637,51,47,17,752,0,0,0,752
04/14/2018,MEM,TN,ASO,CE,Towers with Radar,427,22,31,6,486,0,0,0,0,0,427,22,31,6,486,0,0,0,486
04/15/2018,MEM,TN,ASO,CE,Towers with Radar,325,42,45,6,418,0,0,3,5,8,325,42,48,11,426,0,0,0,426
04/16/2018,MEM,TN,ASO,CE,Towers with Radar,276,33,59,0,368,0,0,7,0,7,276,33,66,0,375,0,0,0,375
04/17/2018,MEM,TN,ASO,CE,Towers with Radar,644,47,64,4,759,0,0,3,0,3,644,47,67,4,762,0,0,0,762
04/18/2018,MEM,TN,ASO,CE,Towers with Radar,667,48,76,4,795,0,0,3,0,3,667,48,79,4,798,0,0,0,798
04/19/2018,MEM,TN,ASO,CE,Towers with Radar,638,51,87,5,781,0,0,7,6,13,638,51,94,11,794,0,0,0,794
04/20/2018,MEM,TN,ASO,CE,Towers with Radar,621,53,76,1,751,0,1,8,4,13,621,54,84,5,764,0,0,0,764
04/21/2018,MEM,TN,ASO,CE,Towers with Radar,407,28,26,0,461,0,0,1,2,3,407,28,27,2,464,0,0,0,464
04/22/2018,MEM,TN,ASO,CE,Towers with Radar,347,38,47,0,432,0,0,0,1,1,347,38,47,1,433,0,0,0,433
04/23/2018,MEM,TN,ASO,CE,Towers with Radar,274,33,49,3,359,0,0,0,0,0,274,33,49,3,359,0,0,0,359
04/24/2018,MEM,TN,ASO,CE,Towers with Radar,654,46,71,6,777,0,0,4,0,4,654,46,75,6,781,0,0,0,781
04/25/2018,MEM,TN,ASO,CE,Towers with Radar,646,50,66,6,768,0,0,10,5,15,646,50,76,11,783,0,0,0,783
04/26/2018,MEM,TN,ASO,CE,Towers with Radar,650,43,82,3,778,0,0,1,0,1,650,43,83,3,779,0,0,0,779
04/27/2018,MEM,TN,ASO,CE,Towers with Radar,634,49,46,1,730,0,0,14,0,14,634,49,60,1,744,0,0,0,744
04/28/2018,MEM,TN,ASO,CE,Towers with Radar,415,29,19,0,463,0,0,13,0,13,415,29,32,0,476,0,0,0,476
04/29/2018,MEM,TN,ASO,CE,Towers with Radar,346,32,55,0,433,0,0,8,0,8,346,32,63,0,441,18,0,18,459
04/30/2018,MEM,TN,ASO,CE,Towers with Radar,278,48,53,1,380,0,0,6,0,6,278,48,59,1,386,0,0,0,386
05/01/2018,MEM,TN,ASO,CE,Towers with Radar,650,49,55,9,763,0,0,6,0,6,650,49,61,9,769,0,0,0,769
05/02/2018,MEM,TN,ASO,CE,Towers with Radar,654,50,69,7,780,0,0,7,1,8,654,50,76,8,788,0,0,0,788
05/03/2018,MEM,TN,ASO,CE,Towers with Radar,638,48,64,2,752,0,0,17,0,17,638,48,81,2,769,0,0,0,769
05/04/2018,MEM,TN,ASO,CE,Towers with Radar,626,50,49,12,737,0,0,2,2,4,626,50,51,14,741,0,0,0,741
05/05/2018,MEM,TN,ASO,CE,Towers with Radar,418,23,38,1,480,0,0,5,0,5,418,23,43,1,485,0,0,0,485
05/06/2018,MEM,TN,ASO,CE,Towers with Radar,337,41,42,6,426,0,0,7,3,10,337,41,49,9,436,0,0,0,436
05/07/2018,MEM,TN,ASO,CE,Towers with Radar,279,50,56,0,385,0,0,11,1,12,279,50,67,1,397,0,0,0,397
05/08/2018,MEM,TN,ASO,CE,Towers with Radar,673,61,82,5,821,0,0,8,0,8,673,61,90,5,829,0,0,0,829
05/09/2018,MEM,TN,ASO,CE,Towers with Radar,661,58,68,4,791,0,0,4,1,5,661,58,72,5,796,0,0,0,796
05/10/2018,MEM,TN,ASO,CE,Towers with Radar,653,62,73,8,796,0,0,7,0,7,653,62,80,8,803,0,0,0,803
05/11/2018,MEM,TN,ASO,CE,Towers with Radar,645,52,53,2,752,0,0,11,1,12,645,52,64,3,764,0,0,0,764
05/12/2018,MEM,TN,ASO,CE,Towers with Radar,436,29,30,0,495,0,0,12,3,15,436,29,42,3,510,0,0,0,510
05/13/2018,MEM,TN,ASO,CE,Towers with Radar,324,42,34,1,401,0,0,7,1,8,324,42,41,2,409,0,0,0,409
05/14/2018,MEM,TN,ASO,CE,Towers with Radar,268,57,54,1,380,0,0,9,0,9,268,57,63,1,389,0,0,0,389
05/15/2018,MEM,TN,ASO,CE,Towers with Radar,662,61,62,10,795,0,1,0,0,1,662,62,62,10,796,0,0,0,796
05/16/2018,MEM,TN,ASO,CE,Towers with Radar,669,59,49,3,780,0,0,3,0,3,669,59,52,3,783,0,0,0,783
05/17/2018,MEM,TN,ASO,CE,Towers with Radar,629,47,67,0,743,0,0,3,0,3,629,47,70,0,746,0,0,0,746
05/18/2018,MEM,TN,ASO,CE,Towers with Radar,623,67,70,6,766,0,0,3,2,5,623,67,73,8,771,0,0,0,771
05/19/2018,MEM,TN,ASO,CE,Towers with Radar,421,37,27,4,489,0,0,0,5,5,421,37,27,9,494,0,0,0,494
05/20/2018,MEM,TN,ASO,CE,Towers with Radar,332,40,32,0,404,0,0,4,0,4,332,40,36,0,408,0,0,0,408
05/21/2018,MEM,TN,ASO,CE,Towers with Radar,266,39,63,2,370,0,0,2,1,3,266,39,65,3,373,0,0,0,373
05/22/2018,MEM,TN,ASO,CE,Towers with Radar,659,49,72,9,789,0,0,6,0,6,659,49,78,9,795,0,0,0,795
05/23/2018,MEM,TN,ASO,CE,Towers with Radar,661,58,74,10,803,0,2,3,7,12,661,60,77,17,815,0,0,0,815
05/24/2018,MEM,TN,ASO,CE,Towers with Radar,643,71,56,8,778,0,1,1,0,2,643,72,57,8,780,0,0,0,780
05/25/2018,MEM,TN,ASO,CE,Towers with Radar,622,49,48,0,719,0,0,4,0,4,622,49,52,0,723,0,0,0,723
05/26/2018,MEM,TN,ASO,CE,Towers with Radar,419,34,31,3,487,0,0,1,0,1,419,34,32,3,488,0,0,0,488
05/27/2018,MEM,TN,ASO,CE,Towers with Radar,309,31,17,1,358,0,0,2,1,3,309,31,19,2,361,0,0,0,361
05/28/2018,MEM,TN,ASO,CE,Towers with Radar,153,34,23,3,213,0,0,6,3,9,153,34,29,6,222,0,0,0,222
05/29/2018,MEM,TN,ASO,CE,Towers with Radar,343,44,48,5,440,0,0,0,2,2,343,44,48,7,442,0,0,0,442
05/30/2018,MEM,TN,ASO,CE,Towers with Radar,697,54,71,4,826,0,0,6,1,7,697,54,77,5,833,0,0,0,833
05/31/2018,MEM,TN,ASO,CE,Towers with Radar,655,57,46,4,762,0,0,10,2,12,655,57,56,6,774,24,0,24,798
06/01/2018,MEM,TN,ASO,CE,Towers with Radar,654,54,32,4,744,0,1,3,0,4,654,55,35,4,748,0,0,0,748
06/02/2018,MEM,TN,ASO,CE,Towers with Radar,416,42,32,2,492,0,0,4,0,4,416,42,36,2,496,0,0,0,496
06/03/2018,MEM,TN,ASO,CE,Towers with Radar,341,42,37,4,424,0,0,6,0,6,341,42,43,4,430,0,0,0,430
06/04/2018,MEM,TN,ASO,CE,Towers with Radar,270,44,55,0,369,0,0,14,1,15,270,44,69,1,384,0,0,0,384
06/05/2018,MEM,TN,ASO,CE,Towers with Radar,673,56,68,11,808,0,2,4,1,7,673,58,72,12,815,0,0,0,815
06/06/2018,MEM,TN,ASO,CE,Towers with Radar,667,52,60,9,788,0,2,14,2,18,667,54,74,11,806,0,0,0,806
06/07/2018,MEM,TN,ASO,CE,Towers with Radar,658,51,69,4,782,0,2,12,2,16,658,53,81,6,798,0,0,0,798
06/08/2018,MEM,TN,ASO,CE,Towers with Radar,629,66,32,1,728,0,0,10,3,13,629,66,42,4,741,0,0,0,741
06/09/2018,MEM,TN,ASO,CE,Towers with Radar,431,38,33,4,506,1,0,9,0,10,432,38,42,4,516,0,0,0,516
06/10/2018,MEM,TN,ASO,CE,Towers with Radar,346,55,54,2,457,0,0,6,0,6,346,55,60,2,463,0,0,0,463
06/11/2018,MEM,TN,ASO,CE,Towers with Radar,277,41,54,3,375,0,0,4,1,5,277,41,58,4,380,0,0,0,380
06/12/2018,MEM,TN,ASO,CE,Towers with Radar,683,56,48,11,798,0,0,2,1,3,683,56,50,12,801,0,0,0,801
06/13/2018,MEM,TN,ASO,CE,Towers with Radar,671,65,63,8,807,0,0,6,2,8,671,65,69,10,815,0,0,0,815
06/14/2018,MEM,TN,ASO,CE,Towers with Radar,645,59,66,7,777,0,0,5,2,7,645,59,71,9,784,0,0,0,784
06/15/2018,MEM,TN,ASO,CE,Towers with Radar,624,45,54,1,724,0,0,12,2,14,624,45,66,3,738,0,0,0,738
06/16/2018,MEM,TN,ASO,CE,Towers with Radar,414,53,30,0,497,0,0,5,0,5,414,53,35,0,502,0,0,0,502
06/17/2018,MEM,TN,ASO,CE,Towers with Radar,343,37,30,1,411,0,0,3,0,3,343,37,33,1,414,0,0,0,414
06/18/2018,MEM,TN,ASO,CE,Towers with Radar,277,39,58,2,376,0,2,6,0,8,277,41,64,2,384,0,0,0,384
06/19/2018,MEM,TN,ASO,CE,Towers with Radar,663,46,57,4,770,0,1,9,1,11,663,47,66,5,781,0,0,0,781
06/20/2018,MEM,TN,ASO,CE,Towers with Radar,677,56,59,1,793,0,0,4,0,4,677,56,63,1,797,0,0,0,797
06/21/2018,MEM,TN,ASO,CE,Towers with Radar,637,44,42,2,725,0,0,1,0,1,637,44,43,2,726,0,0,0,726
06/22/2018,MEM,TN,ASO,CE,Towers with Radar,615,62,67,5,749,0,1,9,3,13,615,63,76,8,762,0,0,0,762
06/23/2018,MEM,TN,ASO,CE,Towers with Radar,427,38,32,3,500,0,0,1,1,2,427,38,33,4,502,0,0,0,502
06/24/2018,MEM,TN,ASO,CE,Towers with Radar,345,38,35,0,418,0,0,1,0,1,345,38,36,0,419,0,0,0,419
06/25/2018,MEM,TN,ASO,CE,Towers with Radar,272,44,45,1,362,0,0,4,0,4,272,44,49,1,366,0,0,0,366
06/26/2018,MEM,TN,ASO,CE,Towers with Radar,670,57,43,7,777,0,0,9,1,10,670,57,52,8,787,0,0,0,787
06/27/2018,MEM,TN,ASO,CE,Towers with Radar,678,52,72,10,812,0,0,7,0,7,678,52,79,10,819,0,0,0,819
06/28/2018,MEM,TN,ASO,CE,Towers with Radar,658,49,66,6,779,0,0,7,0,7,658,49,73,6,786,0,0,0,786
06/29/2018,MEM,TN,ASO,CE,Towers with Radar,626,56,57,6,745,0,0,7,1,8,626,56,64,7,753,0,0,0,753
06/30/2018,MEM,TN,ASO,CE,Towers with Radar,424,38,26,3,491,0,0,3,1,4,424,38,29,4,495,0,0,0,495
07/01/2018,MEM,TN,ASO,CE,Towers with Radar,333,45,25,1,404,0,0,1,0,1,333,45,26,1,405,0,0,0,405
07/02/2018,MEM,TN,ASO,CE,Towers with Radar,241,34,51,1,327,0,0,6,0,6,241,34,57,1,333,0,0,0,333
07/03/2018,MEM,TN,ASO,CE,Towers with Radar,642,44,36,7,729,0,0,5,2,7,642,44,41,9,736,0,0,0,736
07/04/2018,MEM,TN,ASO,CE,Towers with Radar,208,15,8,2,233,0,0,7,1,8,208,15,15,3,241,0,0,0,241
07/05/2018,MEM,TN,ASO,CE,Towers with Radar,605,42,44,9,700,0,0,10,0,10,605,42,54,9,710,0,0,0,710
07/06/2018,MEM,TN,ASO,CE,Towers with Radar,634,46,18,0,698,0,0,7,0,7,634,46,25,0,705,0,0,0,705
07/07/2018,MEM,TN,ASO,CE,Towers with Radar,433,37,41,0,511,0,0,4,1,5,433,37,45,1,516,0,0,0,516
07/08/2018,MEM,TN,ASO,CE,Towers with Radar,349,32,43,2,426,0,0,11,1,12,349,32,54,3,438,0,0,0,438
07/09/2018,MEM,TN,ASO,CE,Towers with Radar,269,41,34,0,344,0,0,4,0,4,269,41,38,0,348,0,0,0,348
07/10/2018,MEM,TN,ASO,CE,Towers with Radar,659,55,59,3,776,0,0,8,0,8,659,55,67,3,784,0,0,0,784
07/11/2018,MEM,TN,ASO,CE,Towers with Radar,655,53,65,5,778,0,0,4,0,4,655,53,69,5,782,0,0,0,782
07/12/2018,MEM,TN,ASO,CE,Towers with Radar,630,57,72,9,768,0,0,4,0,4,630,57,76,9,772,0,0,0,772
07/13/2018,MEM,TN,ASO,CE,Towers with Radar,618,52,53,25,748,0,0,13,1,14,618,52,66,26,762,0,28,28,790
07/14/2018,MEM,TN,ASO,CE,Towers with Radar,421,35,27,3,486,0,0,7,0,7,421,35,34,3,493,0,0,0,493
07/15/2018,MEM,TN,ASO,CE,Towers with Radar,332,29,23,15,399,0,0,5,3,8,332,29,28,18,407,0,0,0,407
07/16/2018,MEM,TN,ASO,CE,Towers with Radar,273,37,48,2,360,0,0,4,1,5,273,37,52,3,365,0,0,0,365
07/17/2018,MEM,TN,ASO,CE,Towers with Radar,664,47,51,8,770,0,0,2,0,2,664,47,53,8,772,0,0,0,772
07/18/2018,MEM,TN,ASO,CE,Towers with Radar,658,55,49,0,762,0,0,1,1,2,658,55,50,1,764,0,0,0,764
07/19/2018,MEM,TN,ASO,CE,Towers with Radar,648,52,75,10,785,0,0,1,0,1,648,52,76,10,786,0,0,0,786
07/20/2018,MEM,TN,ASO,CE,Towers with Radar,614,48,53,0,715,0,0,3,0,3,614,48,56,0,718,0,0,0,718
07/21/2018,MEM,TN,ASO,CE,Towers with Radar,425,40,23,1,489,0,0,17,1,18,425,40,40,2,507,0,0,0,507
07/22/2018,MEM,TN,ASO,CE,Towers with Radar,333,39,38,0,410,0,0,4,1,5,333,39,42,1,415,0,0,0,415
07/23/2018,MEM,TN,ASO,CE,Towers with Radar,269,40,53,3,365,0,2,3,0,5,269,42,56,3,370,0,0,0,370
07/24/2018,MEM,TN,ASO,CE,Towers with Radar,659,58,65,5,787,0,0,11,0,11,659,58,76,5,798,0,0,0,798
07/25/2018,MEM,TN,ASO,CE,Towers with Radar,654,53,37,5,749,0,2,6,0,8,654,55,43,5,757,0,0,0,757
07/26/2018,MEM,TN,ASO,CE,Towers with Radar,650,44,52,8,754,0,1,4,1,6,650,45,56,9,760,0,0,0,760
07/27/2018,MEM,TN,ASO,CE,Towers with Radar,619,39,29,10,697,0,0,3,1,4,619,39,32,11,701,0,0,0,701
07/28/2018,MEM,TN,ASO,CE,Towers with Radar,427,33,30,12,502,0,0,8,0,8,427,33,38,12,510,0,0,0,510
07/29/2018,MEM,TN,ASO,CE,Towers with Radar,338,38,35,1,412,0,1,6,0,7,338,39,41,1,419,0,0,0,419
07/30/2018,MEM,TN,ASO,CE,Towers with Radar,265,39,60,2,366,0,0,5,2,7,265,39,65,4,373,0,0,0,373
07/31/2018,MEM,TN,ASO,CE,Towers with Radar,673,48,59,8,788,0,0,1,1,2,673,48,60,9,790,0,0,0,790
08/01/2018,MEM,TN,ASO,CE,Towers with Radar,658,47,59,3,767,0,0,4,2,6,658,47,63,5,773,0,0,0,773
08/02/2018,MEM,TN,ASO,CE,Towers with Radar,647,59,91,7,804,0,0,6,1,7,647,59,97,8,811,0,0,0,811
08/03/2018,MEM,TN,ASO,CE,Towers with Radar,611,45,60,3,719,0,0,5,3,8,611,45,65,6,727,0,0,0,727
08/04/2018,MEM,TN,ASO,CE,Towers with Radar,418,29,32,3,482,0,0,5,0,5,418,29,37,3,487,0,0,0,487
08/05/2018,MEM,TN,ASO,CE,Towers with Radar,345,34,33,5,417,0,0,6,4,10,345,34,39,9,427,0,0,0,427
08/06/2018,MEM,TN,ASO,CE,Towers with Radar,274,36,61,2,373,0,0,18,2,20,274,36,79,4,393,0,0,0,393
08/07/2018,MEM,TN,ASO,CE,Towers with Radar,640,48,67,7,762,0,1,10,0,11,640,49,77,7,773,0,0,0,773
08/08/2018,MEM,TN,ASO,CE,Towers with Radar,663,55,56,3,777,0,0,1,0,1,663,55,57,3,778,0,0,0,778
08/09/2018,MEM,TN,ASO,CE,Towers with Radar,644,60,79,4,787,0,0,1,2,3,644,60,80,6,790,0,0,0,790
08/10/2018,MEM,TN,ASO,CE,Towers with Radar,624,48,60,10,742,0,0,4,0,4,624,48,64,10,746,0,0,0,746
08/11/2018,MEM,TN,ASO,CE,Towers with Radar,411,33,31,3,478,0,0,6,1,7,411,33,37,4,485,0,0,0,485
08/12/2018,MEM,TN,ASO,CE,Towers with Radar,326,40,37,0,403,0,0,6,0,6,326,40,43,0,409,0,0,0,409
08/13/2018,MEM,TN,ASO,CE,Towers with Radar,265,34,53,3,355,0,0,8,0,8,265,34,61,3,363,0,0,0,363
08/14/2018,MEM,TN,ASO,CE,Towers with Radar,650,46,55,3,754,0,0,7,1,8,650,46,62,4,762,0,0,0,762
08/15/2018,MEM,TN,ASO,CE,Towers with Radar,667,64,60,6,797,0,0,7,1,8,667,64,67,7,805,0,0,0,805
08/16/2018,MEM,TN,ASO,CE,Towers with Radar,625,54,71,5,755,0,0,5,2,7,625,54,76,7,762,0,0,0,762
08/17/2018,MEM,TN,ASO,CE,Towers with Radar,630,44,54,4,732,0,0,2,2,4,630,44,56,6,736,0,0,0,736
08/18/2018,MEM,TN,ASO,CE,Towers with Radar,416,28,29,2,475,0,0,2,1,3,416,28,31,3,478,0,0,0,478
08/19/2018,MEM,TN,ASO,CE,Towers with Radar,328,44,30,2,404,0,0,0,1,1,328,44,30,3,405,0,0,0,405
08/20/2018,MEM,TN,ASO,CE,Towers with Radar,264,38,50,4,356,0,0,1,0,1,264,38,51,4,357,0,0,0,357
08/21/2018,MEM,TN,ASO,CE,Towers with Radar,658,52,68,10,788,0,0,6,0,6,658,52,74,10,794,0,0,0,794
08/22/2018,MEM,TN,ASO,CE,Towers with Radar,666,61,74,5,806,0,0,4,0,4,666,61,78,5,810,0,0,0,810
08/23/2018,MEM,TN,ASO,CE,Towers with Radar,641,54,72,2,769,0,1,8,1,10,641,55,80,3,779,0,0,0,779
08/24/2018,MEM,TN,ASO,CE,Towers with Radar,607,46,69,12,734,0,0,1,1,2,607,46,70,13,736,0,0,0,736
08/25/2018,MEM,TN,ASO,CE,Towers with Radar,403,24,34,2,463,0,0,7,3,10,403,24,41,5,473,0,0,0,473
08/26/2018,MEM,TN,ASO,CE,Towers with Radar,336,31,39,3,409,0,0,3,2,5,336,31,42,5,414,0,0,0,414
08/27/2018,MEM,TN,ASO,CE,Towers with Radar,272,46,62,0,380,0,2,2,0,4,272,48,64,0,384,0,0,0,384
08/28/2018,MEM,TN,ASO,CE,Towers with Radar,654,49,57,6,766,0,1,2,2,5,654,50,59,8,771,0,0,0,771
08/29/2018,MEM,TN,ASO,CE,Towers with Radar,669,50,76,2,797,0,0,2,0,2,669,50,78,2,799,0,0,0,799
08/30/2018,MEM,TN,ASO,CE,Towers with Radar,623,53,56,4,736,1,0,4,0,5,624,53,60,4,741,0,0,0,741
08/31/2018,MEM,TN,ASO,CE,Towers with Radar,640,58,54,8,760,0,0,2,0,2,640,58,56,8,762,0,0,0,762
09/01/2018,MEM,TN,ASO,CE,Towers with Radar,400,30,16,1,447,0,0,6,0,6,400,30,22,1,453,0,0,0,453
09/02/2018,MEM,TN,ASO,CE,Towers with Radar,313,21,16,1,351,0,0,0,0,0,313,21,16,1,351,0,0,0,351
09/03/2018,MEM,TN,ASO,CE,Towers with Radar,156,28,39,0,223,0,0,3,2,5,156,28,42,2,228,0,0,0,228
09/04/2018,MEM,TN,ASO,CE,Towers with Radar,355,37,51,5,448,0,0,14,2,16,355,37,65,7,464,0,0,0,464
09/05/2018,MEM,TN,ASO,CE,Towers with Radar,701,48,53,3,805,0,0,2,0,2,701,48,55,3,807,0,0,0,807
09/06/2018,MEM,TN,ASO,CE,Towers with Radar,691,43,51,4,789,0,0,0,0,0,691,43,51,4,789,0,0,0,789
09/07/2018,MEM,TN,ASO,CE,Towers with Radar,646,38,48,2,734,0,0,1,1,2,646,38,49,3,736,0,0,0,736
09/08/2018,MEM,TN,ASO,CE,Towers with Radar,422,27,34,6,489,0,0,4,1,5,422,27,38,7,494,0,0,0,494
09/09/2018,MEM,TN,ASO,CE,Towers with Radar,351,39,24,5,419,0,0,1,0,1,351,39,25,5,420,0,0,0,420
09/10/2018,MEM,TN,ASO,CE,Towers with Radar,276,36,75,2,389,0,0,4,0,4,276,36,79,2,393,0,0,0,393
09/11/2018,MEM,TN,ASO,CE,Towers with Radar,684,47,62,4,797,0,0,6,1,7,684,47,68,5,804,0,0,0,804
09/12/2018,MEM,TN,ASO,CE,Towers with Radar,679,49,58,6,792,0,2,20,0,22,679,51,78,6,814,0,0,0,814
09/13/2018,MEM,TN,ASO,CE,Towers with Radar,657,66,57,7,787,0,2,9,2,13,657,68,66,9,800,0,0,0,800
09/14/2018,MEM,TN,ASO,CE,Towers with Radar,628,52,48,9,737,0,0,15,0,15,628,52,63,9,752,0,0,0,752
09/15/2018,MEM,TN,ASO,CE,Towers with Radar,419,44,39,4,506,0,0,26,0,26,419,44,65,4,532,0,0,0,532
09/16/2018,MEM,TN,ASO,CE,Towers with Radar,353,35,39,11,438,0,1,9,0,10,353,36,48,11,448,0,0,0,448
09/17/2018,MEM,TN,ASO,CE,Towers with Radar,289,37,55,7,388,0,0,5,1,6,289,37,60,8,394,0,0,0,394
09/18/2018,MEM,TN,ASO,CE,Towers with Radar,679,51,58,7,795,0,0,13,1,14,679,51,71,8,809,0,0,0,809
09/19/2018,MEM,TN,ASO,CE,Towers with Radar,678,49,80,6,813,0,0,2,0,2,678,49,82,6,815,0,0,0,815
09/20/2018,MEM,TN,ASO,CE,Towers with Radar,657,62,73,3,795,0,0,7,1,8,657,62,80,4,803,0,0,0,803
09/21/2018,MEM,TN,ASO,CE,Towers with Radar,637,48,51,3,739,0,0,1,0,1,637,48,52,3,740,0,0,0,740
09/22/2018,MEM,TN,ASO,CE,Towers with Radar,409,32,33,0,474,0,0,0,0,0,409,32,33,0,474,0,0,0,474
09/23/2018,MEM,TN,ASO,CE,Towers with Radar,348,31,56,0,435,0,0,0,0,0,348,31,56,0,435,0,0,0,435
09/24/2018,MEM,TN,ASO,CE,Towers with Radar,270,36,47,4,357,0,0,4,0,4,270,36,51,4,361,10,0,10,371
09/25/2018,MEM,TN,ASO,CE,Towers with Radar,681,56,54,10,801,0,0,9,0,9,681,56,63,10,810,0,0,0,810
09/26/2018,MEM,TN,ASO,CE,Towers with Radar,665,41,77,6,789,0,0,0,0,0,665,41,77,6,789,0,0,0,789
09/27/2018,MEM,TN,ASO,CE,Towers with Radar,669,73,71,5,818,0,0,0,0,0,669,73,71,5,818,0,0,0,818
09/28/2018,MEM,TN,ASO,CE,Towers with Radar,636,72,46,2,756,0,0,3,0,3,636,72,49,2,759,0,0,0,759
09/29/2018,MEM,TN,ASO,CE,Towers with Radar,419,33,15,6,473,0,0,4,1,5,419,33,19,7,478,0,0,0,478
09/30/2018,MEM,TN,ASO,CE,Towers with Radar,368,37,47,6,458,0,1,5,0,6,368,38,52,6,464,0,0,0,464
10/01/2018,MEM,TN,ASO,CE,Towers with Radar,283,46,47,4,380,0,2,12,0,14,283,48,59,4,394,0,0,0,394
10/02/2018,MEM,TN,ASO,CE,Towers with Radar,693,54,49,2,798,0,0,7,1,8,693,54,56,3,806,0,0,0,806
10/03/2018,MEM,TN,ASO,CE,Towers with Radar,701,66,67,12,846,0,0,5,4,9,701,66,72,16,855,0,0,0,855
10/04/2018,MEM,TN,ASO,CE,Towers with Radar,670,62,79,9,820,0,0,11,1,12,670,62,90,10,832,0,0,0,832
10/05/2018,MEM,TN,ASO,CE,Towers with Radar,631,63,46,8,748,0,0,7,2,9,631,63,53,10,757,0,0,0,757
10/06/2018,MEM,TN,ASO,CE,Towers with Radar,433,32,30,3,498,0,0,8,1,9,433,32,38,4,507,0,0,0,507
10/07/2018,MEM,TN,ASO,CE,Towers with Radar,363,46,49,2,460,0,0,5,2,7,363,46,54,4,467,0,0,0,467
10/08/2018,MEM,TN,ASO,CE,Towers with Radar,282,52,67,0,401,2,1,11,0,14,284,53,78,0,415,0,0,0,415
10/09/2018,MEM,TN,ASO,CE,Towers with Radar,634,62,73,0,769,0,0,3,0,3,634,62,76,0,772,0,0,0,772
10/10/2018,MEM,TN,ASO,CE,Towers with Radar,715,48,58,5,826,0,1,1,0,2,715,49,59,5,828,0,0,0,828
10/11/2018,MEM,TN,ASO,CE,Towers with Radar,682,44,82,7,815,0,0,14,4,18,682,44,96,11,833,0,0,0,833
10/12/2018,MEM,TN,ASO,CE,Towers with Radar,644,74,36,10,764,0,0,9,0,9,644,74,45,10,773,0,0,0,773
10/13/2018,MEM,TN,ASO,CE,Towers with Radar,425,38,25,7,495,0,0,1,0,1,425,38,26,7,496,0,0,0,496
10/14/2018,MEM,TN,ASO,CE,Towers with Radar,351,30,27,13,421,0,0,0,0,0,351,30,27,13,421,0,0,0,421
10/15/2018,MEM,TN,ASO,CE,Towers with Radar,269,42,57,5,373,0,0,0,0,0,269,42,57,5,373,0,0,0,373
10/16/2018,MEM,TN,ASO,CE,Towers with Radar,688,71,50,5,814,0,0,3,0,3,688,71,53,5,817,0,0,0,817
10/17/2018,MEM,TN,ASO,CE,Towers with Radar,672,50,71,3,796,1,0,4,4,9,673,50,75,7,805,0,0,0,805
10/18/2018,MEM,TN,ASO,CE,Towers with Radar,679,55,62,5,801,0,0,7,1,8,679,55,69,6,809,0,0,0,809
10/19/2018,MEM,TN,ASO,CE,Towers with Radar,634,56,49,3,742,0,0,11,0,11,634,56,60,3,753,0,0,0,753
10/20/2018,MEM,TN,ASO,CE,Towers with Radar,431,41,41,0,513,0,0,3,0,3,431,41,44,0,516,0,0,0,516
10/21/2018,MEM,TN,ASO,CE,Towers with Radar,366,50,59,1,476,0,0,9,2,11,366,50,68,3,487,0,0,0,487
10/22/2018,MEM,TN,ASO,CE,Towers with Radar,281,45,48,5,379,0,0,14,0,14,281,45,62,5,393,0,0,0,393
10/23/2018,MEM,TN,ASO,CE,Towers with Radar,672,58,65,5,800,0,1,13,0,14,672,59,78,5,814,0,0,0,814
10/24/2018,MEM,TN,ASO,CE,Towers with Radar,689,55,82,6,832,2,0,9,0,11,691,55,91,6,843,0,0,0,843
10/25/2018,MEM,TN,ASO,CE,Towers with Radar,640,74,52,4,770,0,0,0,0,0,640,74,52,4,770,0,0,0,770
10/26/2018,MEM,TN,ASO,CE,Towers with Radar,665,60,54,2,781,0,0,0,0,0,665,60,54,2,781,0,0,0,781
10/27/2018,MEM,TN,ASO,CE,Towers with Radar,421,36,31,0,488,0,0,4,1,5,421,36,35,1,493,0,0,0,493
10/28/2018,MEM,TN,ASO,CE,Towers with Radar,353,40,41,2,436,0,0,3,0,3,353,40,44,2,439,0,0,0,439
10/29/2018,MEM,TN,ASO,CE,Towers with Radar,269,44,68,2,383,0,0,7,0,7,269,44,75,2,390,0,0,0,390
10/30/2018,MEM,TN,ASO,CE,Towers with Radar,666,56,45,5,772,0,0,5,0,5,666,56,50,5,777,0,0,0,777
10/31/2018,MEM,TN,ASO,CE,Towers with Radar,627,57,51,0,735,0,0,1,0,1,627,57,52,0,736,0,0,0,736
11/01/2018,MEM,TN,ASO,CE,Towers with Radar,691,65,83,7,846,0,0,0,0,0,691,65,83,7,846,0,0,0,846
11/02/2018,MEM,TN,ASO,CE,Towers with Radar,629,66,53,5,753,0,0,2,0,2,629,66,55,5,755,0,0,0,755
11/03/2018,MEM,TN,ASO,CE,Towers with Radar,420,42,31,3,496,0,0,2,1,3,420,42,33,4,499,0,0,0,499
11/04/2018,MEM,TN,ASO,CE,Towers with Radar,354,38,43,5,440,0,0,0,0,0,354,38,43,5,440,0,0,0,440
11/05/2018,MEM,TN,ASO,CE,Towers with Radar,256,42,60,0,358,0,0,0,0,0,256,42,60,0,358,0,0,0,358
11/06/2018,MEM,TN,ASO,CE,Towers with Radar,719,44,75,19,857,0,0,10,3,13,719,44,85,22,870,0,0,0,870
11/07/2018,MEM,TN,ASO,CE,Towers with Radar,684,64,59,1,808,0,0,8,1,9,684,64,67,2,817,0,0,0,817
11/08/2018,MEM,TN,ASO,CE,Towers with Radar,665,64,64,7,800,0,0,2,2,4,665,64,66,9,804,0,0,0,804
11/09/2018,MEM,TN,ASO,CE,Towers with Radar,645,66,63,5,779,0,0,1,0,1,645,66,64,5,780,0,0,0,780
11/10/2018,MEM,TN,ASO,CE,Towers with Radar,429,43,19,2,493,0,0,16,0,16,429,43,35,2,509,0,0,0,509
11/11/2018,MEM,TN,ASO,CE,Towers with Radar,352,41,46,6,445,0,1,6,1,8,352,42,52,7,453,0,0,0,453
11/12/2018,MEM,TN,ASO,CE,Towers with Radar,239,41,48,0,328,0,0,0,0,0,239,41,48,0,328,0,0,0,328
11/13/2018,MEM,TN,ASO,CE,Towers with Radar,691,54,71,4,820,0,0,4,0,4,691,54,75,4,824,0,0,0,824
11/14/2018,MEM,TN,ASO,CE,Towers with Radar,651,56,66,0,773,0,0,0,0,0,651,56,66,0,773,0,0,0,773
11/15/2018,MEM,TN,ASO,CE,Towers with Radar,721,50,58,5,834,0,0,4,0,4,721,50,62,5,838,0,0,0,838
11/16/2018,MEM,TN,ASO,CE,Towers with Radar,681,55,64,4,804,0,0,10,2,12,681,55,74,6,816,0,0,0,816
11/17/2018,MEM,TN,ASO,CE,Towers with Radar,450,34,34,2,520,0,0,5,2,7,450,34,39,4,527,0,0,0,527
11/18/2018,MEM,TN,ASO,CE,Towers with Radar,373,33,44,0,450,0,0,2,0,2,373,33,46,0,452,0,0,0,452
11/19/2018,MEM,TN,ASO,CE,Towers with Radar,274,34,56,0,364,0,0,0,6,6,274,34,56,6,370,0,0,0,370
11/20/2018,MEM,TN,ASO,CE,Towers with Radar,732,54,60,5,851,0,0,7,0,7,732,54,67,5,858,0,0,0,858
11/21/2018,MEM,TN,ASO,CE,Towers with Radar,750,52,50,0,852,0,0,10,0,10,750,52,60,0,862,0,0,0,862
11/22/2018,MEM,TN,ASO,CE,Towers with Radar,172,21,9,0,202,0,0,1,0,1,172,21,10,0,203,0,0,0,203
11/23/2018,MEM,TN,ASO,CE,Towers with Radar,584,37,19,0,640,0,0,0,0,0,584,37,19,0,640,0,0,0,640
11/24/2018,MEM,TN,ASO,CE,Towers with Radar,494,35,24,0,553,0,0,6,0,6,494,35,30,0,559,0,0,0,559
11/25/2018,MEM,TN,ASO,CE,Towers with Radar,415,49,40,0,504,0,0,3,0,3,415,49,43,0,507,0,0,0,507
11/26/2018,MEM,TN,ASO,CE,Towers with Radar,285,33,45,3,366,0,0,10,0,10,285,33,55,3,376,0,0,0,376
11/27/2018,MEM,TN,ASO,CE,Towers with Radar,735,51,58,10,854,0,0,16,0,16,735,51,74,10,870,0,0,0,870
11/28/2018,MEM,TN,ASO,CE,Towers with Radar,738,70,52,4,864,0,0,19,0,19,738,70,71,4,883,0,0,0,883
11/29/2018,MEM,TN,ASO,CE,Towers with Radar,715,56,59,4,834,0,0,1,1,2,715,56,60,5,836,0,0,0,836
11/30/2018,MEM,TN,ASO,CE,Towers with Radar,671,58,51,5,785,0,0,0,0,0,671,58,51,5,785,0,0,0,785
12/01/2018,MEM,TN,ASO,CE,Towers with Radar,509,31,27,2,569,0,0,1,0,1,509,31,28,2,570,0,0,0,570
12/02/2018,MEM,TN,ASO,CE,Towers with Radar,417,34,44,1,496,0,0,4,0,4,417,34,48,1,500,0,0,0,500
12/03/2018,MEM,TN,ASO,CE,Towers with Radar,287,45,103,2,437,0,0,2,1,3,287,45,105,3,440,0,0,0,440
12/04/2018,MEM,TN,ASO,CE,Towers with Radar,725,68,66,11,870,0,0,6,1,7,725,68,72,12,877,0,0,0,877
12/05/2018,MEM,TN,ASO,CE,Towers with Radar,745,49,76,0,870,0,0,2,1,3,745,49,78,1,873,0,0,0,873
12/06/2018,MEM,TN,ASO,CE,Towers with Radar,721,65,75,10,871,0,0,1,1,2,721,65,76,11,873,0,0,0,873
12/07/2018,MEM,TN,ASO,CE,Towers with Radar,674,59,52,3,788,0,0,0,0,0,674,59,52,3,788,0,0,0,788
12/08/2018,MEM,TN,ASO,CE,Towers with Radar,492,36,17,0,545,0,0,0,0,0,492,36,17,0,545,0,0,0,545
12/09/2018,MEM,TN,ASO,CE,Towers with Radar,394,44,32,0,470,0,0,0,0,0,394,44,32,0,470,0,0,0,470
12/10/2018,MEM,TN,ASO,CE,Towers with Radar,297,47,50,0,394,0,0,10,0,10,297,47,60,0,404,0,0,0,404
12/11/2018,MEM,TN,ASO,CE,Towers with Radar,737,63,73,2,875,0,0,9,2,11,737,63,82,4,886,0,0,0,886
12/12/2018,MEM,TN,ASO,CE,Towers with Radar,756,54,54,4,868,0,0,7,0,7,756,54,61,4,875,0,0,0,875
12/13/2018,MEM,TN,ASO,CE,Towers with Radar,728,63,55,7,853,0,0,1,2,3,728,63,56,9,856,0,0,0,856
12/14/2018,MEM,TN,ASO,CE,Towers with Radar,709,63,37,2,811,0,0,0,0,0,709,63,37,2,811,0,0,0,811
12/15/2018,MEM,TN,ASO,CE,Towers with Radar,483,40,23,0,546,0,0,0,0,0,483,40,23,0,546,0,0,0,546
12/16/2018,MEM,TN,ASO,CE,Towers with Radar,387,35,27,8,457,0,0,9,0,9,387,35,36,8,466,0,0,0,466
12/17/2018,MEM,TN,ASO,CE,Towers with Radar,471,46,44,0,561,0,1,8,0,9,471,47,52,0,570,0,0,0,570
12/18/2018,MEM,TN,ASO,CE,Towers with Radar,747,61,64,7,879,0,0,8,1,9,747,61,72,8,888,0,0,0,888
12/19/2018,MEM,TN,ASO,CE,Towers with Radar,770,70,50,2,892,0,0,3,0,3,770,70,53,2,895,0,0,0,895
12/20/2018,MEM,TN,ASO,CE,Towers with Radar,736,50,35,6,827,0,0,0,0,0,736,50,35,6,827,0,0,0,827
12/21/2018,MEM,TN,ASO,CE,Towers with Radar,754,54,44,2,854,0,0,0,2,2,754,54,44,4,856,0,0,0,856
12/22/2018,MEM,TN,ASO,CE,Towers with Radar,511,48,40,0,599,0,0,1,2,3,511,48,41,2,602,0,0,0,602
12/23/2018,MEM,TN,ASO,CE,Towers with Radar,383,38,21,0,442,0,0,0,0,0,383,38,21,0,442,0,0,0,442
12/24/2018,MEM,TN,ASO,CE,Towers with Radar,239,33,19,0,291,0,0,5,0,5,239,33,24,0,296,8,0,8,304
12/25/2018,MEM,TN,ASO,CE,Towers with Radar,130,30,5,0,165,0,0,3,0,3,130,30,8,0,168,0,0,0,168
12/26/2018,MEM,TN,ASO,CE,Towers with Radar,603,44,31,1,679,0,0,8,0,8,603,44,39,1,687,0,0,0,687
12/27/2018,MEM,TN,ASO,CE,Towers with Radar,712,58,31,0,801,0,0,0,0,0,712,58,31,0,801,0,0,0,801
12/28/2018,MEM,TN,ASO,CE,Towers with Radar,666,48,18,2,734,1,0,3,0,4,667,48,21,2,738,0,0,0,738
12/29/2018,MEM,TN,ASO,CE,Towers with Radar,482,49,28,1,560,0,0,5,0,5,482,49,33,1,565,0,0,0,565
12/30/2018,MEM,TN,ASO,CE,Towers with Radar,391,42,22,0,455,0,0,3,0,3,391,42,25,0,458,0,0,0,458
12/31/2018,MEM,TN,ASO,CE,Towers with Radar,239,41,24,0,304,0,1,1,0,2,239,42,25,0,306,0,0,0,306
01/01/2019,MEM,TN,ASO,CE,Towers with Radar,154,38,17,0,209,0,0,0,0,0,154,38,17,0,209,0,0,0,209
01/02/2019,MEM,TN,ASO,CE,Towers with Radar,620,54,52,4,730,0,0,0,0,0,620,54,52,4,730,0,0,0,730
01/03/2019,MEM,TN,ASO,CE,Towers with Radar,723,60,39,6,828,0,0,1,0,1,723,60,40,6,829,0,0,0,829
01/04/2019,MEM,TN,ASO,CE,Towers with Radar,676,50,27,0,753,0,0,0,0,0,676,50,27,0,753,0,0,0,753
01/05/2019,MEM,TN,ASO,CE,Towers with Radar,425,41,27,0,493,0,0,6,0,6,425,41,33,0,499,0,0,0,499
01/06/2019,MEM,TN,ASO,CE,Towers with Radar,347,44,23,0,414,0,0,3,0,3,347,44,26,0,417,0,0,0,417
01/07/2019,MEM,TN,ASO,CE,Towers with Radar,264,39,39,2,344,0,0,3,0,3,264,39,42,2,347,0,0,0,347
01/08/2019,MEM,TN,ASO,CE,Towers with Radar,683,59,44,3,789,0,0,2,0,2,683,59,46,3,791,0,0,0,791
01/09/2019,MEM,TN,ASO,CE,Towers with Radar,677,58,50,9,794,0,0,10,0,10,677,58,60,9,804,0,0,0,804
01/10/2019,MEM,TN,ASO,CE,Towers with Radar,678,63,55,5,801,0,0,6,2,8,678,63,61,7,809,0,0,0,809
01/11/2019,MEM,TN,ASO,CE,Towers with Radar,621,53,45,3,722,0,0,1,0,1,621,53,46,3,723,0,0,0,723
01/12/2019,MEM,TN,ASO,CE,Towers with Radar,416,38,13,2,469,0,0,0,0,0,416,38,13,2,469,0,0,0,469
01/13/2019,MEM,TN,ASO,CE,Towers with Radar,335,39,33,2,409,0,0,2,0,2,335,39,35,2,411,0,0,0,411
01/14/2019,MEM,TN,ASO,CE,Towers with Radar,254,33,38,2,327,0,0,4,0,4,254,33,42,2,331,0,0,0,331
01/15/2019,MEM,TN,ASO,CE,Towers with Radar,676,54,63,6,799,0,0,6,2,8,676,54,69,8,807,0,0,0,807
01/16/2019,MEM,TN,ASO,CE,Towers with Radar,680,57,52,2,791,0,0,5,1,6,680,57,57,3,797,0,0,0,797
01/17/2019,MEM,TN,ASO,CE,Towers with Radar,655,64,54,4,777,0,0,0,0,0,655,64,54,4,777,0,0,0,777
01/18/2019,MEM,TN,ASO,CE,Towers with Radar,631,56,54,5,746,0,0,0,0,0,631,56,54,5,746,0,0,0,746
01/19/2019,MEM,TN,ASO,CE,Towers with Radar,429,30,12,3,474,0,0,0,0,0,429,30,12,3,474,0,0,0,474
01/20/2019,MEM,TN,ASO,CE,Towers with Radar,317,40,33,1,391,0,0,5,0,5,317,40,38,1,396,0,0,0,396
01/21/2019,MEM,TN,ASO,CE,Towers with Radar,230,43,58,1,332,0,0,6,0,6,230,43,64,1,338,0,0,0,338
01/22/2019,MEM,TN,ASO,CE,Towers with Radar,608,55,43,9,715,0,0,2,1,3,608,55,45,10,718,0,0,0,718
01/23/2019,MEM,TN,ASO,CE,Towers with Radar,715,64,66,4,849,0,0,0,0,0,715,64,66,4,849,0,0,0,849
01/24/2019,MEM,TN,ASO,CE,Towers with Radar,670,56,57,4,787,0,0,2,0,2,670,56,59,4,789,0,0,0,789
01/25/2019,MEM,TN,ASO,CE,Towers with Radar,648,65,41,2,756,0,0,4,1,5,648,65,45,3,761,0,0,0,761
01/26/2019,MEM,TN,ASO,CE,Towers with Radar,419,38,18,0,475,0,0,4,0,4,419,38,22,0,479,0,0,0,479
01/27/2019,MEM,TN,ASO,CE,Towers with Radar,341,36,39,0,416,0,1,5,2,8,341,37,44,2,424,0,0,0,424
01/28/2019,MEM,TN,ASO,CE,Towers with Radar,248,45,53,0,346,0,0,3,0,3,248,45,56,0,349,0,0,0,349
01/29/2019,MEM,TN,ASO,CE,Towers with Radar,649,62,49,6,766,0,0,2,0,2,649,62,51,6,768,0,0,0,768
01/30/2019,MEM,TN,ASO,CE,Towers with Radar,678,60,43,6,787,0,0,5,0,5,678,60,48,6,792,0,0,0,792
01/31/2019,MEM,TN,ASO,CE,Towers with Radar,675,48,45,3,771,0,0,6,0,6,675,48,51,3,777,0,0,0,777
02/01/2019,MEM,TN,ASO,CE,Towers with Radar,633,56,47,5,741,0,0,2,0,2,633,56,49,5,743,0,0,0,743
02/02/2019,MEM,TN,ASO,CE,Towers with Radar,407,37,21,2,467,0,0,4,0,4,407,37,25,2,471,0,0,0,471
02/03/2019,MEM,TN,ASO,CE,Towers with Radar,326,35,19,0,380,0,0,4,0,4,326,35,23,0,384,0,0,0,384
02/04/2019,MEM,TN,ASO,CE,Towers with Radar,259,41,54,2,356,0,0,1,1,2,259,41,55,3,358,0,0,0,358
02/05/2019,MEM,TN,ASO,CE,Towers with Radar,642,60,39,4,745,0,0,0,0,0,642,60,39,4,745,0,0,0,745
02/06/2019,MEM,TN,ASO,CE,Towers with Radar,684,66,37,1,788,0,0,0,0,0,684,66,37,1,788,0,0,0,788
02/07/2019,MEM,TN,ASO,CE,Towers with Radar,648,62,36,2,748,0,0,0,0,0,648,62,36,2,748,0,0,0,748
02/08/2019,MEM,TN,ASO,CE,Towers with Radar,640,58,40,3,741,0,0,8,0,8,640,58,48,3,749,0,0,0,749
02/09/2019,MEM,TN,ASO,CE,Towers with Radar,420,31,20,0,471,0,0,4,0,4,420,31,24,0,475,0,0,0,475
02/10/2019,MEM,TN,ASO,CE,Towers with Radar,338,36,33,0,407,0,1,2,2,5,338,37,35,2,412,0,0,0,412
02/11/2019,MEM,TN,ASO,CE,Towers with Radar,236,42,63,0,341,0,0,0,0,0,236,42,63,0,341,0,0,0,341
02/12/2019,MEM,TN,ASO,CE,Towers with Radar,687,64,67,9,827,0,0,2,0,2,687,64,69,9,829,0,0,0,829
02/13/2019,MEM,TN,ASO,CE,Towers with Radar,676,65,56,3,800,0,0,15,0,15,676,65,71,3,815,0,0,0,815
02/14/2019,MEM,TN,ASO,CE,Towers with Radar,685,65,61,5,816,0,0,2,2,4,685,65,63,7,820,0,0,0,820
02/15/2019,MEM,TN,ASO,CE,Towers with Radar,626,57,46,6,735,0,0,0,0,0,626,57,46,6,735,0,0,0,735
02/16/2019,MEM,TN,ASO,CE,Towers with Radar,421,35,20,0,476,0,0,1,0,1,421,35,21,0,477,0,0,0,477
02/17/2019,MEM,TN,ASO,CE,Towers with Radar,315,38,28,0,381,0,0,0,0,0,315,38,28,0,381,0,0,0,381
02/18/2019,MEM,TN,ASO,CE,Towers with Radar,265,58,64,0,387,0,0,15,0,15,265,58,79,0,402,0,0,0,402
02/19/2019,MEM,TN,ASO,CE,Towers with Radar,597,54,42,1,694,0,0,1,0,1,597,54,43,1,695,0,0,0,695
02/20/2019,MEM,TN,ASO,CE,Towers with Radar,700,69,53,3,825,0,0,1,1,2,700,69,54,4,827,0,0,0,827
02/21/2019,MEM,TN,ASO,CE,Towers with Radar,680,63,56,7,806,0,0,0,1,1,680,63,56,8,807,0,0,0,807
02/22/2019,MEM,TN,ASO,CE,Towers with Radar,611,62,42,3,718,0,0,0,0,0,611,62,42,3,718,0,0,0,718
02/23/2019,MEM,TN,ASO,CE,Towers with Radar,437,36,12,0,485,0,0,0,0,0,437,36,12,0,485,0,0,0,485
02/24/2019,MEM,TN,ASO,CE,Towers with Radar,325,47,38,2,412,0,0,9,0,9,325,47,47,2,421,0,0,0,421
02/25/2019,MEM,TN,ASO,CE,Towers with Radar,269,46,39,0,354,0,0,9,0,9,269,46,48,0,363,0,0,0,363
02/26/2019,MEM,TN,ASO,CE,Towers with Radar,673,54,60,2,789,0,1,4,1,6,673,55,64,3,795,0,0,0,795
02/27/2019,MEM,TN,ASO,CE,Towers with Radar,677,63,66,3,809,0,0,1,6,7,677,63,67,9,816,0,4,4,820
02/28/2019,MEM,TN,ASO,CE,Towers with Radar,638,60,76,10,784,0,0,0,0,0,638,60,76,10,784,0,0,0,784
03/01/2019,MEM,TN,ASO,CE,Towers with Radar,669,57,45,4,775,0,0,0,0,0,669,57,45,4,775,0,0,0,775
03/02/2019,MEM,TN,ASO,CE,Towers with Radar,412,39,20,6,477,0,0,2,0,2,412,39,22,6,479,0,0,0,479
03/03/2019,MEM,TN,ASO,CE,Towers with Radar,330,38,22,1,391,0,0,0,0,0,330,38,22,1,391,0,0,0,391
03/04/2019,MEM,TN,ASO,CE,Towers with Radar,272,40,44,7,363,0,0,7,0,7,272,40,51,7,370,0,0,0,370
03/05/2019,MEM,TN,ASO,CE,Towers with Radar,681,53,55,8,797,0,1,43,0,44,681,54,98,8,841,28,0,28,869
03/06/2019,MEM,TN,ASO,CE,Towers with Radar,667,58,45,4,774,0,0,7,2,9,667,58,52,6,783,0,0,0,783
03/07/2019,MEM,TN,ASO,CE,Towers with Radar,651,59,45,7,762,0,0,9,4,13,651,59,54,11,775,0,0,0,775
03/08/2019,MEM,TN,ASO,CE,Towers with Radar,658,64,48,6,776,0,0,0,0,0,658,64,48,6,776,0,0,0,776
03/09/2019,MEM,TN,ASO,CE,Towers with Radar,436,34,24,0,494,0,0,0,0,0,436,34,24,0,494,0,0,0,494
03/10/2019,MEM,TN,ASO,CE,Towers with Radar,351,44,38,1,434,0,0,4,0,4,351,44,42,1,438,0,0,0,438
03/11/2019,MEM,TN,ASO,CE,Towers with Radar,280,46,38,0,364,0,0,4,0,4,280,46,42,0,368,0,0,0,368
03/12/2019,MEM,TN,ASO,CE,Towers with Radar,680,54,32,8,774,0,0,5,0,5,680,54,37,8,779,22,16,38,817
03/13/2019,MEM,TN,ASO,CE,Towers with Radar,634,60,44,5,743,0,0,2,0,2,634,60,46,5,745,0,0,0,745
03/14/2019,MEM,TN,ASO,CE,Towers with Radar,728,48,45,0,821,0,0,3,0,3,728,48,48,0,824,0,0,0,824
03/15/2019,MEM,TN,ASO,CE,Towers with Radar,650,52,49,4,755,0,0,1,0,1,650,52,50,4,756,0,0,0,756
03/16/2019,MEM,TN,ASO,CE,Towers with Radar,447,51,33,0,531,0,0,10,2,12,447,51,43,2,543,0,0,0,543
03/17/2019,MEM,TN,ASO,CE,Towers with Radar,358,58,45,4,465,0,0,0,0,0,358,58,45,4,465,0,0,0,465
03/18/2019,MEM,TN,ASO,CE,Towers with Radar,276,40,48,5,369,0,1,20,1,22,276,41,68,6,391,0,0,0,391
03/19/2019,MEM,TN,ASO,CE,Towers with Radar,680,55,48,0,783,0,0,7,1,8,680,55,55,1,791,0,0,0,791
03/20/2019,MEM,TN,ASO,CE,Towers with Radar,672,46,69,6,793,0,0,4,0,4,672,46,73,6,797,0,0,0,797
03/21/2019,MEM,TN,ASO,CE,Towers with Radar,675,60,69,1,805,0,0,8,0,8,675,60,77,1,813,0,0,0,813
03/22/2019,MEM,TN,ASO,CE,Towers with Radar,644,54,44,8,750,0,0,6,0,6,644,54,50,8,756,0,0,0,756
03/23/2019,MEM,TN,ASO,CE,Towers with Radar,431,35,25,0,491,0,0,4,1,5,431,35,29,1,496,0,0,0,496
03/24/2019,MEM,TN,ASO,CE,Towers with Radar,345,45,28,0,418,0,0,6,0,6,345,45,34,0,424,0,0,0,424
03/25/2019,MEM,TN,ASO,CE,Towers with Radar,277,47,51,5,380,0,0,3,0,3,277,47,54,5,383,0,0,0,383
03/26/2019,MEM,TN,ASO,CE,Towers with Radar,692,56,55,7,810,0,0,7,1,8,692,56,62,8,818,0,0,0,818
03/27/2019,MEM,TN,ASO,CE,Towers with Radar,684,66,60,5,815,0,0,6,0,6,684,66,66,5,821,0,0,0,821
03/28/2019,MEM,TN,ASO,CE,Towers with Radar,658,51,54,8,771,0,0,10,0,10,658,51,64,8,781,0,0,0,781
03/29/2019,MEM,TN,ASO,CE,Towers with Radar,650,60,51,6,767,0,0,4,0,4,650,60,55,6,771,0,0,0,771
03/30/2019,MEM,TN,ASO,CE,Towers with Radar,428,35,19,1,483,0,2,2,0,4,428,37,21,1,487,0,0,0,487
03/31/2019,MEM,TN,ASO,CE,Towers with Radar,347,47,38,1,433,0,0,0,0,0,347,47,38,1,433,0,0,0,433
04/01/2019,MEM,TN,ASO,CE,Towers with Radar,289,46,39,6,380,0,1,8,0,9,289,47,47,6,389,0,0,0,389
04/02/2019,MEM,TN,ASO,CE,Towers with Radar,672,51,40,4,767,0,0,8,0,8,672,51,48,4,775,0,0,0,775
04/03/2019,MEM,TN,ASO,CE,Towers with Radar,686,54,60,4,804,0,0,4,1,5,686,54,64,5,809,0,0,0,809
04/04/2019,MEM,TN,ASO,CE,Towers with Radar,658,54,56,2,770,0,0,0,0,0,658,54,56,2,770,0,0,0,770
04/05/2019,MEM,TN,ASO,CE,Towers with Radar,654,59,51,10,774,0,0,3,0,3,654,59,54,10,777,0,0,0,777
04/06/2019,MEM,TN,ASO,CE,Towers with Radar,410,35,23,3,471,0,0,2,0,2,410,35,25,3,473,0,0,0,473
04/07/2019,MEM,TN,ASO,CE,Towers with Radar,348,31,35,4,418,0,0,0,0,0,348,31,35,4,418,0,0,0,418
04/08/2019,MEM,TN,ASO,CE,Towers with Radar,283,43,57,3,386,0,0,3,0,3,283,43,60,3,389,0,0,0,389
04/09/2019,MEM,TN,ASO,CE,Towers with Radar,688,54,43,4,789,0,0,12,0,12,688,54,55,4,801,0,0,0,801
04/10/2019,MEM,TN,ASO,CE,Towers with Radar,664,56,67,4,791,0,1,10,0,11,664,57,77,4,802,0,0,0,802
04/11/2019,MEM,TN,ASO,CE,Towers with Radar,664,70,59,10,803,0,0,5,0,5,664,70,64,10,808,0,0,0,808
04/12/2019,MEM,TN,ASO,CE,Towers with Radar,659,61,66,3,789,0,0,9,1,10,659,61,75,4,799,0,0,0,799
04/13/2019,MEM,TN,ASO,CE,Towers with Radar,393,28,22,2,445,0,0,0,0,0,393,28,22,2,445,0,0,0,445
04/14/2019,MEM,TN,ASO,CE,Towers with Radar,343,38,37,1,419,0,0,0,0,0,343,38,37,1,419,0,0,0,419
04/15/2019,MEM,TN,ASO,CE,Towers with Radar,270,41,38,3,352,0,0,11,0,11,270,41,49,3,363,0,0,0,363
04/16/2019,MEM,TN,ASO,CE,Towers with Radar,692,46,60,5,803,0,1,13,0,14,692,47,73,5,817,0,0,0,817
04/17/2019,MEM,TN,ASO,CE,Towers with Radar,675,60,64,4,803,0,0,1,1,2,675,60,65,5,805,0,0,0,805
04/18/2019,MEM,TN,ASO,CE,Towers with Radar,655,56,55,4,770,0,0,0,0,0,655,56,55,4,770,0,0,0,770
04/19/2019,MEM,TN,ASO,CE,Towers with Radar,623,61,35,2,721,0,0,0,0,0,623,61,35,2,721,0,0,0,721
04/20/2019,MEM,TN,ASO,CE,Towers with Radar,399,31,23,1,454,0,0,6,0,6,399,31,29,1,460,0,0,0,460
04/21/2019,MEM,TN,ASO,CE,Towers with Radar,328,38,28,1,395,0,2,4,0,6,328,40,32,1,401,0,0,0,401
04/22/2019,MEM,TN,ASO,CE,Towers with Radar,286,43,66,1,396,0,1,15,0,16,286,44,81,1,412,0,0,0,412
04/23/2019,MEM,TN,ASO,CE,Towers with Radar,675,53,58,10,796,0,2,12,2,16,675,55,70,12,812,0,0,0,812
04/24/2019,MEM,TN,ASO,CE,Towers with Radar,679,53,60,2,794,0,0,12,0,12,679,53,72,2,806,0,0,0,806
04/25/2019,MEM,TN,ASO,CE,Towers with Radar,671,51,34,6,762,0,0,1,0,1,671,51,35,6,763,0,0,0,763
04/26/2019,MEM,TN,ASO,CE,Towers with Radar,635,58,50,2,745,0,0,13,0,13,635,58,63,2,758,0,0,0,758
04/27/2019,MEM,TN,ASO,CE,Towers with Radar,394,41,33,0,468,1,0,7,0,8,395,41,40,0,476,0,0,0,476
04/28/2019,MEM,TN,ASO,CE,Towers with Radar,340,39,26,1,406,0,0,13,0,13,340,39,39,1,419,0,0,0,419
04/29/2019,MEM,TN,ASO,CE,Towers with Radar,284,39,49,6,378,0,0,8,0,8,284,39,57,6,386,0,0,0,386
04/30/2019,MEM,TN,ASO,CE,Towers with Radar,657,47,57,6,767,0,1,9,0,10,657,48,66,6,777,0,0,0,777
05/01/2019,MEM,TN,ASO,CE,Towers with Radar,691,49,35,0,775,0,1,7,0,8,691,50,42,0,783,0,0,0,783
05/02/2019,MEM,TN,ASO,CE,Towers with Radar,668,62,62,10,802,0,0,1,2,3,668,62,63,12,805,0,0,0,805
05/03/2019,MEM,TN,ASO,CE,Towers with Radar,635,70,48,12,765,0,0,1,1,2,635,70,49,13,767,0,0,0,767
05/04/2019,MEM,TN,ASO,CE,Towers with Radar,414,33,28,1,476,0,0,0,0,0,414,33,28,1,476,0,0,0,476
05/05/2019,MEM,TN,ASO,CE,Towers with Radar,340,44,35,4,423,0,0,9,0,9,340,44,44,4,432,0,0,0,432
05/06/2019,MEM,TN,ASO,CE,Towers with Radar,294,46,47,4,391,0,0,17,0,17,294,46,64,4,408,0,0,0,408
05/07/2019,MEM,TN,ASO,CE,Towers with Radar,689,61,64,19,833,0,0,9,0,9,689,61,73,19,842,0,0,0,842
05/08/2019,MEM,TN,ASO,CE,Towers with Radar,687,64,61,8,820,0,0,10,0,10,687,64,71,8,830,0,0,0,830
05/09/2019,MEM,TN,ASO,CE,Towers with Radar,688,53,44,7,792,0,1,3,0,4,688,54,47,7,796,0,0,0,796
05/10/2019,MEM,TN,ASO,CE,Towers with Radar,661,53,42,8,764,0,0,0,0,0,661,53,42,8,764,0,0,0,764
05/11/2019,MEM,TN,ASO,CE,Towers with Radar,419,41,12,0,472,0,0,0,0,0,419,41,12,0,472,0,0,0,472
05/12/2019,MEM,TN,ASO,CE,Towers with Radar,338,37,28,4,407,0,0,2,0,2,338,37,30,4,409,0,0,0,409
05/13/2019,MEM,TN,ASO,CE,Towers with Radar,295,49,57,8,409,0,0,18,0,18,295,49,75,8,427,0,0,0,427
05/14/2019,MEM,TN,ASO,CE,Towers with Radar,691,65,62,7,825,0,0,21,0,21,691,65,83,7,846,0,0,0,846
05/15/2019,MEM,TN,ASO,CE,Towers with Radar,695,72,56,4,827,0,0,15,0,15,695,72,71,4,842,0,0,0,842
05/16/2019,MEM,TN,ASO,CE,Towers with Radar,668,68,65,5,806,0,0,11,2,13,668,68,76,7,819,0,0,0,819
05/17/2019,MEM,TN,ASO,CE,Towers with Radar,655,54,66,3,778,0,0,11,0,11,655,54,77,3,789,0,0,0,789
05/18/2019,MEM,TN,ASO,CE,Towers with Radar,418,34,27,1,480,0,0,2,0,2,418,34,29,1,482,0,0,0,482
05/19/2019,MEM,TN,ASO,CE,Towers with Radar,347,43,37,2,429,0,0,3,0,3,347,43,40,2,432,0,0,0,432
05/20/2019,MEM,TN,ASO,CE,Towers with Radar,286,40,56,2,384,0,0,6,2,8,286,40,62,4,392,0,0,0,392
05/21/2019,MEM,TN,ASO,CE,Towers with Radar,675,59,50,5,789,0,0,6,0,6,675,59,56,5,795,0,0,0,795
05/22/2019,MEM,TN,ASO,CE,Towers with Radar,721,57,47,8,833,0,1,11,1,13,721,58,58,9,846,0,0,0,846
05/23/2019,MEM,TN,ASO,CE,Towers with Radar,678,56,66,10,810,0,0,10,1,11,678,56,76,11,821,0,0,0,821
05/24/2019,MEM,TN,ASO,CE,Towers with Radar,650,52,55,9,766,0,1,8,1,10,650,53,63,10,776,0,0,0,776
05/25/2019,MEM,TN,ASO,CE,Towers with Radar,416,35,37,1,489,0,1,4,1,6,416,36,41,2,495,0,0,0,495
05/26/2019,MEM,TN,ASO,CE,Towers with Radar,319,41,24,0,384,0,0,5,0,5,319,41,29,0,389,0,0,0,389
05/27/2019,MEM,TN,ASO,CE,Towers with Radar,165,46,20,2,233,0,0,3,1,4,165,46,23,3,237,0,0,0,237
05/28/2019,MEM,TN,ASO,CE,Towers with Radar,366,45,46,6,463,0,0,4,1,5,366,45,50,7,468,0,0,0,468
05/29/2019,MEM,TN,ASO,CE,Towers with Radar,703,55,58,0,816,0,0,2,0,2,703,55,60,0,818,0,0,0,818
05/30/2019,MEM,TN,ASO,CE,Towers with Radar,714,65,63,2,844,0,0,5,0,5,714,65,68,2,849,0,0,0,849
05/31/2019,MEM,TN,ASO,CE,Towers with Radar,663,61,32,10,766,0,0,11,0,11,663,61,43,10,777,0,0,0,777
06/01/2019,MEM,TN,ASO,CE,Towers with Radar,413,40,34,3,490,0,0,9,0,9,413,40,43,3,499,0,0,0,499
06/02/2019,MEM,TN,ASO,CE,Towers with Radar,346,43,26,0,415,0,0,2,0,2,346,43,28,0,417,0,0,0,417
06/03/2019,MEM,TN,ASO,CE,Towers with Radar,302,50,34,0,386,0,0,11,0,11,302,50,45,0,397,0,0,0,397
06/04/2019,MEM,TN,ASO,CE,Towers with Radar,675,57,39,5,776,0,0,1,0,1,675,57,40,5,777,0,0,0,777
06/05/2019,MEM,TN,ASO,CE,Towers with Radar,669,65,58,2,794,0,0,5,0,5,669,65,63,2,799,0,0,0,799
06/06/2019,MEM,TN,ASO,CE,Towers with Radar,664,61,53,3,781,0,0,0,0,0,664,61,53,3,781,0,0,0,781
06/07/2019,MEM,TN,ASO,CE,Towers with Radar,656,61,48,4,769,0,0,0,0,0,656,61,48,4,769,0,0,0,769
06/08/2019,MEM,TN,ASO,CE,Towers with Radar,430,47,21,3,501,0,0,0,0,0,430,47,21,3,501,0,0,0,501
06/09/2019,MEM,TN,ASO,CE,Towers with Radar,329,41,45,1,416,0,0,5,0,5,329,41,50,1,421,0,0,0,421
06/10/2019,MEM,TN,ASO,CE,Towers with Radar,290,56,41,6,393,0,0,10,0,10,290,56,51,6,403,0,0,0,403
06/11/2019,MEM,TN,ASO,CE,Towers with Radar,669,67,64,3,803,0,0,9,2,11,669,67,73,5,814,0,0,0,814
06/12/2019,MEM,TN,ASO,CE,Towers with Radar,667,68,60,1,796,0,0,7,0,7,667,68,67,1,803,0,0,0,803
06/13/2019,MEM,TN,ASO,CE,Towers with Radar,665,72,67,5,809,0,3,8,0,11,665,75,75,5,820,0,0,0,820
06/14/2019,MEM,TN,ASO,CE,Towers with Radar,636,57,47,5,745,0,0,9,0,9,636,57,56,5,754,0,0,0,754
06/15/2019,MEM,TN,ASO,CE,Towers with Radar,416,44,31,3,494,0,0,2,3,5,416,44,33,6,499,0,0,0,499
06/16/2019,MEM,TN,ASO,CE,Towers with Radar,323,49,38,1,411,0,0,3,0,3,323,49,41,1,414,0,0,0,414
06/17/2019,MEM,TN,ASO,CE,Towers with Radar,283,59,56,0,398,0,0,6,0,6,283,59,62,0,404,0,0,0,404
06/18/2019,MEM,TN,ASO,CE,Towers with Radar,679,61,62,5,807,0,0,10,0,10,679,61,72,5,817,0,0,0,817
06/19/2019,MEM,TN,ASO,CE,Towers with Radar,617,71,47,1,736,0,0,5,1,6,617,71,52,2,742,0,0,0,742
06/20/2019,MEM,TN,ASO,CE,Towers with Radar,704,58,55,7,824,0,0,3,0,3,704,58,58,7,827,0,0,0,827
06/21/2019,MEM,TN,ASO,CE,Towers with Radar,630,70,50,14,764,0,0,3,0,3,630,70,53,14,767,0,0,0,767
06/22/2019,MEM,TN,ASO,CE,Towers with Radar,422,48,20,0,490,0,0,4,0,4,422,48,24,0,494,0,0,0,494
06/23/2019,MEM,TN,ASO,CE,Towers with Radar,348,42,24,4,418,0,0,0,0,0,348,42,24,4,418,0,0,0,418
06/24/2019,MEM,TN,ASO,CE,Towers with Radar,283,47,51,5,386,0,1,7,0,8,283,48,58,5,394,0,0,0,394
06/25/2019,MEM,TN,ASO,CE,Towers with Radar,676,56,67,1,800,0,0,7,1,8,676,56,74,2,808,0,0,0,808
06/26/2019,MEM,TN,ASO,CE,Towers with Radar,675,61,63,2,801,0,0,7,0,7,675,61,70,2,808,0,0,0,808
06/27/2019,MEM,TN,ASO,CE,Towers with Radar,644,69,63,2,778,0,1,6,1,8,644,70,69,3,786,0,0,0,786
06/28/2019,MEM,TN,ASO,CE,Towers with Radar,648,58,42,3,751,0,0,8,1,9,648,58,50,4,760,0,0,0,760
06/29/2019,MEM,TN,ASO,CE,Towers with Radar,424,34,29,1,488,0,0,9,0,9,424,34,38,1,497,18,0,18,515
06/30/2019,MEM,TN,ASO,CE,Towers with Radar,343,45,21,3,412,0,1,3,1,5,343,46,24,4,417,0,0,0,417
07/01/2019,MEM,TN,ASO,CE,Towers with Radar,279,41,37,1,358,0,0,4,0,4,279,41,41,1,362,22,0,22,384
07/02/2019,MEM,TN,ASO,CE,Towers with Radar,652,64,43,1,760,0,0,5,1,6,652,64,48,2,766,0,0,0,766
07/03/2019,MEM,TN,ASO,CE,Towers with Radar,667,52,27,1,747,0,0,10,0,10,667,52,37,1,757,0,0,0,757
07/04/2019,MEM,TN,ASO,CE,Towers with Radar,186,32,11,0,229,0,1,4,0,5,186,33,15,0,234,0,0,0,234
07/05/2019,MEM,TN,ASO,CE,Towers with Radar,572,39,23,0,634,0,0,1,0,1,572,39,24,0,635,0,0,0,635
07/06/2019,MEM,TN,ASO,CE,Towers with Radar,418,38,24,0,480,0,1,5,0,6,418,39,29,0,486,0,0,0,486
07/07/2019,MEM,TN,ASO,CE,Towers with Radar,332,39,42,0,413,0,0,5,0,5,332,39,47,0,418,0,0,0,418
07/08/2019,MEM,TN,ASO,CE,Towers with Radar,282,49,46,1,378,0,0,11,0,11,282,49,57,1,389,0,0,0,389
07/09/2019,MEM,TN,ASO,CE,Towers with Radar,660,61,59,7,787,0,0,3,0,3,660,61,62,7,790,2,4,6,796
07/10/2019,MEM,TN,ASO,CE,Towers with Radar,663,62,56,8,789,0,0,5,0,5,663,62,61,8,794,0,0,0,794
07/11/2019,MEM,TN,ASO,CE,Towers with Radar,648,65,59,4,776,0,1,5,0,6,648,66,64,4,782,0,0,0,782
07/12/2019,MEM,TN,ASO,CE,Towers with Radar,632,64,39,2,737,0,0,12,2,14,632,64,51,4,751,0,0,0,751
07/13/2019,MEM,TN,ASO,CE,Towers with Radar,417,40,13,0,470,0,0,5,0,5,417,40,18,0,475,0,0,0,475
07/14/2019,MEM,TN,ASO,CE,Towers with Radar,338,35,27,1,401,0,0,2,0,2,338,35,29,1,403,0,0,0,403
07/15/2019,MEM,TN,ASO,CE,Towers with Radar,244,43,38,4,329,0,0,0,0,0,244,43,38,4,329,0,0,0,329
07/16/2019,MEM,TN,ASO,CE,Towers with Radar,714,68,38,1,821,0,0,1,0,1,714,68,39,1,822,0,0,0,822
07/17/2019,MEM,TN,ASO,CE,Towers with Radar,667,62,60,4,793,0,0,7,0,7,667,62,67,4,800,0,0,0,800
07/18/2019,MEM,TN,ASO,CE,Towers with Radar,671,64,74,3,812,0,0,6,0,6,671,64,80,3,818,0,0,0,818
07/19/2019,MEM,TN,ASO,CE,Towers with Radar,636,67,46,0,749,0,0,9,0,9,636,67,55,0,758,0,0,0,758
07/20/2019,MEM,TN,ASO,CE,Towers with Radar,412,32,27,1,472,0,1,7,0,8,412,33,34,1,480,0,0,0,480
07/21/2019,MEM,TN,ASO,CE,Towers with Radar,332,49,35,0,416,0,0,2,1,3,332,49,37,1,419,0,0,0,419
07/22/2019,MEM,TN,ASO,CE,Towers with Radar,283,51,43,0,377,0,0,2,1,3,283,51,45,1,380,0,0,0,380
07/23/2019,MEM,TN,ASO,CE,Towers with Radar,674,77,61,5,817,0,0,6,0,6,674,77,67,5,823,0,0,0,823
07/24/2019,MEM,TN,ASO,CE,Towers with Radar,655,78,50,6,789,0,0,7,0,7,655,78,57,6,796,0,0,0,796
07/25/2019,MEM,TN,ASO,CE,Towers with Radar,667,64,60,3,794,0,0,7,1,8,667,64,67,4,802,0,0,0,802
07/26/2019,MEM,TN,ASO,CE,Towers with Radar,639,63,46,4,752,0,0,7,1,8,639,63,53,5,760,0,0,0,760
07/27/2019,MEM,TN,ASO,CE,Towers with Radar,417,39,31,1,488,1,0,5,1,7,418,39,36,2,495,0,0,0,495
07/28/2019,MEM,TN,ASO,CE,Towers with Radar,336,69,46,3,454,0,0,9,2,11,336,69,55,5,465,0,0,0,465
07/29/2019,MEM,TN,ASO,CE,Towers with Radar,281,40,45,0,366,0,0,8,0,8,281,40,53,0,374,0,0,0,374
07/30/2019,MEM,TN,ASO,CE,Towers with Radar,655,66,54,6,781,0,0,3,0,3,655,66,57,6,784,0,0,0,784
07/31/2019,MEM,TN,ASO,CE,Towers with Radar,663,62,47,2,774,0,0,6,0,6,663,62,53,2,780,0,0,0,780
08/01/2019,MEM,TN,ASO,CE,Towers with Radar,644,67,41,5,757,0,0,2,2,4,644,67,43,7,761,0,0,0,761
08/02/2019,MEM,TN,ASO,CE,Towers with Radar,645,66,42,5,758,0,0,10,3,13,645,66,52,8,771,0,0,0,771
08/03/2019,MEM,TN,ASO,CE,Towers with Radar,396,39,18,4,457,0,0,5,1,6,396,39,23,5,463,0,0,0,463
08/04/2019,MEM,TN,ASO,CE,Towers with Radar,337,44,35,0,416,0,0,2,0,2,337,44,37,0,418,0,0,0,418
08/05/2019,MEM,TN,ASO,CE,Towers with Radar,287,61,51,1,400,0,0,3,2,5,287,61,54,3,405,0,0,0,405
08/06/2019,MEM,TN,ASO,CE,Towers with Radar,652,61,50,11,774,0,0,8,0,8,652,61,58,11,782,0,0,0,782
08/07/2019,MEM,TN,ASO,CE,Towers with Radar,647,65,52,2,766,0,0,7,0,7,647,65,59,2,773,0,0,0,773
08/08/2019,MEM,TN,ASO,CE,Towers with Radar,648,66,46,1,761,0,0,2,0,2,648,66,48,1,763,0,0,0,763
08/09/2019,MEM,TN,ASO,CE,Towers with Radar,634,61,42,4,741,0,0,4,2,6,634,61,46,6,747,0,0,0,747
08/10/2019,MEM,TN,ASO,CE,Towers with Radar,390,40,23,1,454,0,0,0,1,1,390,40,23,2,455,0,0,0,455
08/11/2019,MEM,TN,ASO,CE,Towers with Radar,337,49,40,2,428,0,0,3,0,3,337,49,43,2,431,0,0,0,431
08/12/2019,MEM,TN,ASO,CE,Towers with Radar,282,46,51,0,379,0,0,4,0,4,282,46,55,0,383,0,0,0,383
08/13/2019,MEM,TN,ASO,CE,Towers with Radar,660,53,53,2,768,0,0,12,0,12,660,53,65,2,780,0,0,0,780
08/14/2019,MEM,TN,ASO,CE,Towers with Radar,666,72,64,6,808,0,0,1,2,3,666,72,65,8,811,0,0,0,811
08/15/2019,MEM,TN,ASO,CE,Towers with Radar,649,68,70,5,792,0,1,5,2,8,649,69,75,7,800,0,0,0,800
08/16/2019,MEM,TN,ASO,CE,Towers with Radar,637,63,65,2,767,0,0,8,0,8,637,63,73,2,775,0,0,0,775
08/17/2019,MEM,TN,ASO,CE,Towers with Radar,376,42,39,0,457,0,0,2,0,2,376,42,41,0,459,0,0,0,459
08/18/2019,MEM,TN,ASO,CE,Towers with Radar,337,32,47,3,419,0,0,10,0,10,337,32,57,3,429,0,0,0,429
08/19/2019,MEM,TN,ASO,CE,Towers with Radar,283,46,67,3,399,0,0,7,0,7,283,46,74,3,406,0,0,0,406
08/20/2019,MEM,TN,ASO,CE,Towers with Radar,636,55,48,4,743,0,0,4,2,6,636,55,52,6,749,0,0,0,749
08/21/2019,MEM,TN,ASO,CE,Towers with Radar,649,66,53,3,771,0,0,8,2,10,649,66,61,5,781,0,0,0,781
08/22/2019,MEM,TN,ASO,CE,Towers with Radar,655,72,69,5,801,0,0,2,0,2,655,72,71,5,803,0,0,0,803
08/23/2019,MEM,TN,ASO,CE,Towers with Radar,624,61,54,2,741,0,0,2,0,2,624,61,56,2,743,0,0,0,743
08/24/2019,MEM,TN,ASO,CE,Towers with Radar,379,34,25,11,449,0,0,4,0,4,379,34,29,11,453,0,0,0,453
08/25/2019,MEM,TN,ASO,CE,Towers with Radar,327,47,25,5,404,0,0,0,0,0,327,47,25,5,404,0,0,0,404
08/26/2019,MEM,TN,ASO,CE,Towers with Radar,275,45,26,4,350,0,0,4,0,4,275,45,30,4,354,0,0,0,354
08/27/2019,MEM,TN,ASO,CE,Towers with Radar,648,64,52,6,770,0,0,4,0,4,648,64,56,6,774,0,0,0,774
08/28/2019,MEM,TN,ASO,CE,Towers with Radar,643,72,62,9,786,0,1,10,1,12,643,73,72,10,798,0,0,0,798
08/29/2019,MEM,TN,ASO,CE,Towers with Radar,642,64,60,4,770,0,1,15,1,17,642,65,75,5,787,0,0,0,787
08/30/2019,MEM,TN,ASO,CE,Towers with Radar,630,61,43,3,737,0,0,3,0,3,630,61,46,3,740,0,0,0,740
08/31/2019,MEM,TN,ASO,CE,Towers with Radar,369,43,20,0,432,0,2,6,2,10,369,45,26,2,442,0,0,0,442
09/01/2019,MEM,TN,ASO,CE,Towers with Radar,304,34,11,0,349,0,0,4,0,4,304,34,15,0,353,0,0,0,353
09/02/2019,MEM,TN,ASO,CE,Towers with Radar,165,42,27,2,236,0,1,10,0,11,165,43,37,2,247,10,0,10,257
09/03/2019,MEM,TN,ASO,CE,Towers with Radar,343,45,40,8,436,0,5,8,1,14,343,50,48,9,450,0,0,0,450
09/04/2019,MEM,TN,ASO,CE,Towers with Radar,659,67,53,2,781,0,1,10,1,12,659,68,63,3,793,0,0,0,793
09/05/2019,MEM,TN,ASO,CE,Towers with Radar,652,72,59,3,786,0,0,11,3,14,652,72,70,6,800,0,0,0,800
09/06/2019,MEM,TN,ASO,CE,Towers with Radar,611,73,56,2,742,0,0,9,2,11,611,73,65,4,753,0,0,0,753
09/07/2019,MEM,TN,ASO,CE,Towers with Radar,374,39,30,0,443,0,1,5,2,8,374,40,35,2,451,0,0,0,451
09/08/2019,MEM,TN,ASO,CE,Towers with Radar,342,44,39,2,427,0,0,5,3,8,342,44,44,5,435,0,0,0,435
09/09/2019,MEM,TN,ASO,CE,Towers with Radar,259,55,53,0,367,0,0,12,0,12,259,55,65,0,379,0,0,0,379
09/10/2019,MEM,TN,ASO,CE,Towers with Radar,660,71,51,4,786,0,0,5,0,5,660,71,56,4,791,0,0,0,791
09/11/2019,MEM,TN,ASO,CE,Towers with Radar,655,67,61,2,785,0,6,13,1,20,655,73,74,3,805,0,0,0,805
09/12/2019,MEM,TN,ASO,CE,Towers with Radar,653,78,52,12,795,0,0,7,0,7,653,78,59,12,802,0,0,0,802
09/13/2019,MEM,TN,ASO,CE,Towers with Radar,617,76,42,4,739,0,1,9,0,10,617,77,51,4,749,0,0,0,749
09/14/2019,MEM,TN,ASO,CE,Towers with Radar,378,43,18,0,439,0,2,8,0,10,378,45,26,0,449,0,0,0,449
09/15/2019,MEM,TN,ASO,CE,Towers with Radar,327,58,38,2,425,0,0,4,0,4,327,58,42,2,429,0,0,0,429
09/16/2019,MEM,TN,ASO,CE,Towers with Radar,266,50,50,0,366,0,1,10,1,12,266,51,60,1,378,2,0,2,380
09/17/2019,MEM,TN,ASO,CE,Towers with Radar,649,69,51,6,775,0,0,12,0,12,649,69,63,6,787,0,0,0,787
09/18/2019,MEM,TN,ASO,CE,Towers with Radar,645,75,67,7,794,0,0,8,0,8,645,75,75,7,802,0,0,0,802
09/19/2019,MEM,TN,ASO,CE,Towers with Radar,628,69,66,4,767,0,0,4,3,7,628,69,70,7,774,0,0,0,774
09/20/2019,MEM,TN,ASO,CE,Towers with Radar,602,79,52,2,735,0,0,8,0,8,602,79,60,2,743,0,0,0,743
09/21/2019,MEM,TN,ASO,CE,Towers with Radar,377,48,19,0,444,0,0,5,0,5,377,48,24,0,449,0,0,0,449
09/22/2019,MEM,TN,ASO,CE,Towers with Radar,325,44,42,0,411,0,1,8,0,9,325,45,50,0,420,1,0,1,421
09/23/2019,MEM,TN,ASO,CE,Towers with Radar,266,62,56,1,385,0,0,3,0,3,266,62,59,1,388,4,0,4,392
09/24/2019,MEM,TN,ASO,CE,Towers with Radar,673,82,60,5,820,0,3,19,0,22,673,85,79,5,842,0,0,0,842
09/25/2019,MEM,TN,ASO,CE,Towers with Radar,644,80,59,4,787,0,0,7,0,7,644,80,66,4,794,0,0,0,794
09/26/2019,MEM,TN,ASO,CE,Towers with Radar,638,87,67,4,796,0,0,10,1,11,638,87,77,5,807,0,0,0,807
09/27/2019,MEM,TN,ASO,CE,Towers with Radar,595,61,44,5,705,0,0,7,0,7,595,61,51,5,712,0,0,0,712
09/28/2019,MEM,TN,ASO,CE,Towers with Radar,389,46,31,2,468,0,0,9,0,9,389,46,40,2,477,0,0,0,477
09/29/2019,MEM,TN,ASO,CE,Towers with Radar,329,46,34,0,409,0,0,9,2,11,329,46,43,2,420,0,0,0,420
09/30/2019,MEM,TN,ASO,CE,Towers with Radar,267,64,52,0,383,0,0,3,0,3,267,64,55,0,386,0,0,0,386
10/01/2019,MEM,TN,ASO,CE,Towers with Radar,645,76,64,8,793,0,0,6,0,6,645,76,70,8,799,0,0,0,799
10/02/2019,MEM,TN,ASO,CE,Towers with Radar,642,80,50,6,778,0,0,7,6,13,642,80,57,12,791,0,0,0,791
10/03/2019,MEM,TN,ASO,CE,Towers with Radar,648,80,66,5,799,0,0,10,1,11,648,80,76,6,810,0,0,0,810
10/04/2019,MEM,TN,ASO,CE,Towers with Radar,621,72,53,14,760,0,0,14,5,19,621,72,67,19,779,0,0,0,779
10/05/2019,MEM,TN,ASO,CE,Towers with Radar,392,49,26,7,474,0,0,45,2,47,392,49,71,9,521,0,0,0,521
10/06/2019,MEM,TN,ASO,CE,Towers with Radar,322,52,47,10,431,0,0,7,0,7,322,52,54,10,438,0,0,0,438
10/07/2019,MEM,TN,ASO,CE,Towers with Radar,272,58,67,2,399,0,0,1,1,2,272,58,68,3,401,0,0,0,401
10/08/2019,MEM,TN,ASO,CE,Towers with Radar,652,81,78,10,821,0,1,8,9,18,652,82,86,19,839,0,0,0,839
10/09/2019,MEM,TN,ASO,CE,Towers with Radar,652,101,80,0,833,0,0,3,1,4,652,101,83,1,837,0,0,0,837
10/10/2019,MEM,TN,ASO,CE,Towers with Radar,613,83,68,3,767,0,0,6,1,7,613,83,74,4,774,0,0,0,774
10/11/2019,MEM,TN,ASO,CE,Towers with Radar,644,89,60,2,795,0,0,2,0,2,644,89,62,2,797,0,0,0,797
10/12/2019,MEM,TN,ASO,CE,Towers with Radar,394,44,21,1,460,0,0,6,0,6,394,44,27,1,466,0,0,0,466
10/13/2019,MEM,TN,ASO,CE,Towers with Radar,328,61,36,1,426,0,0,7,0,7,328,61,43,1,433,0,0,0,433
10/14/2019,MEM,TN,ASO,CE,Towers with Radar,286,72,57,0,415,0,0,7,0,7,286,72,64,0,422,0,0,0,422
10/15/2019,MEM,TN,ASO,CE,Towers with Radar,585,77,55,10,727,0,1,1,1,3,585,78,56,11,730,0,0,0,730
10/16/2019,MEM,TN,ASO,CE,Towers with Radar,709,70,78,6,863,0,0,20,2,22,709,70,98,8,885,0,0,0,885
10/17/2019,MEM,TN,ASO,CE,Towers with Radar,652,73,79,0,804,0,0,10,4,14,652,73,89,4,818,6,8,14,832
10/18/2019,MEM,TN,ASO,CE,Towers with Radar,618,73,56,3,750,0,1,3,2,6,618,74,59,5,756,0,0,0,756
10/19/2019,MEM,TN,ASO,CE,Towers with Radar,393,44,27,0,464,0,0,3,6,9,393,44,30,6,473,0,3,3,476
10/20/2019,MEM,TN,ASO,CE,Towers with Radar,326,55,45,8,434,0,2,4,0,6,326,57,49,8,440,0,0,0,440
10/21/2019,MEM,TN,ASO,CE,Towers with Radar,261,60,43,2,366,0,0,2,0,2,261,60,45,2,368,0,0,0,368
10/22/2019,MEM,TN,ASO,CE,Towers with Radar,664,68,66,9,807,0,0,12,1,13,664,68,78,10,820,0,0,0,820
10/23/2019,MEM,TN,ASO,CE,Towers with Radar,642,76,54,4,776,0,0,10,0,10,642,76,64,4,786,0,0,0,786
10/24/2019,MEM,TN,ASO,CE,Towers with Radar,639,80,56,7,782,0,2,10,0,12,639,82,66,7,794,0,0,0,794
10/25/2019,MEM,TN,ASO,CE,Towers with Radar,606,77,45,3,731,0,0,0,0,0,606,77,45,3,731,0,0,0,731
10/26/2019,MEM,TN,ASO,CE,Towers with Radar,415,37,17,0,469,0,0,0,0,0,415,37,17,0,469,0,0,0,469
10/27/2019,MEM,TN,ASO,CE,Towers with Radar,332,60,37,4,433,0,0,0,0,0,332,60,37,4,433,0,0,0,433
10/28/2019,MEM,TN,ASO,CE,Towers with Radar,245,64,57,0,366,0,0,0,0,0,245,64,57,0,366,0,0,0,366
10/29/2019,MEM,TN,ASO,CE,Towers with Radar,626,79,69,6,780,0,0,0,0,0,626,79,69,6,780,0,0,0,780
10/30/2019,MEM,TN,ASO,CE,Towers with Radar,609,76,81,1,767,0,0,0,0,0,609,76,81,1,767,0,0,0,767
10/31/2019,MEM,TN,ASO,CE,Towers with Radar,639,70,49,2,760,0,0,3,1,4,639,70,52,3,764,0,0,0,764
11/01/2019,MEM,TN,ASO,CE,Towers with Radar,615,74,66,6,761,1,1,10,1,13,616,75,76,7,774,0,0,0,774
11/02/2019,MEM,TN,ASO,CE,Towers with Radar,385,53,38,3,479,0,0,5,0,5,385,53,43,3,484,0,0,0,484
11/03/2019,MEM,TN,ASO,CE,Towers with Radar,334,55,46,1,436,0,0,6,1,7,334,55,52,2,443,0,0,0,443
11/04/2019,MEM,TN,ASO,CE,Towers with Radar,279,66,50,1,396,0,0,3,0,3,279,66,53,1,399,0,0,0,399
11/05/2019,MEM,TN,ASO,CE,Towers with Radar,665,80,64,6,815,0,0,10,0,10,665,80,74,6,825,0,0,0,825
11/06/2019,MEM,TN,ASO,CE,Towers with Radar,655,82,60,6,803,0,0,10,3,13,655,82,70,9,816,0,0,0,816
11/07/2019,MEM,TN,ASO,CE,Towers with Radar,651,73,65,1,790,0,0,0,0,0,651,73,65,1,790,0,0,0,790
11/08/2019,MEM,TN,ASO,CE,Towers with Radar,644,63,71,1,779,0,0,9,0,9,644,63,80,1,788,0,0,0,788
11/09/2019,MEM,TN,ASO,CE,Towers with Radar,396,35,25,0,456,0,2,10,0,12,396,37,35,0,468,0,0,0,468
11/10/2019,MEM,TN,ASO,CE,Towers with Radar,337,57,55,0,449,0,0,8,1,9,337,57,63,1,458,0,0,0,458
11/11/2019,MEM,TN,ASO,CE,Towers with Radar,217,41,64,0,322,0,0,6,1,7,217,41,70,1,329,0,0,0,329
11/12/2019,MEM,TN,ASO,CE,Towers with Radar,691,60,50,4,805,0,0,2,0,2,691,60,52,4,807,0,0,0,807
11/13/2019,MEM,TN,ASO,CE,Towers with Radar,691,74,60,5,830,0,1,10,2,13,691,75,70,7,843,0,0,0,843
11/14/2019,MEM,TN,ASO,CE,Towers with Radar,675,84,56,2,817,0,2,16,3,21,675,86,72,5,838,0,0,0,838
11/15/2019,MEM,TN,ASO,CE,Towers with Radar,646,76,50,7,779,0,1,11,0,12,646,77,61,7,791,6,0,6,797
11/16/2019,MEM,TN,ASO,CE,Towers with Radar,391,45,21,6,463,0,0,4,0,4,391,45,25,6,467,0,0,0,467
11/17/2019,MEM,TN,ASO,CE,Towers with Radar,340,53,39,3,435,0,0,1,3,4,340,53,40,6,439,0,0,0,439
11/18/2019,MEM,TN,ASO,CE,Towers with Radar,266,57,58,1,382,0,0,9,0,9,266,57,67,1,391,0,0,0,391
11/19/2019,MEM,TN,ASO,CE,Towers with Radar,701,76,70,7,854,0,0,8,0,8,701,76,78,7,862,0,0,0,862
11/20/2019,MEM,TN,ASO,CE,Towers with Radar,656,72,53,12,793,0,1,3,0,4,656,73,56,12,797,0,0,0,797
11/21/2019,MEM,TN,ASO,CE,Towers with Radar,636,65,55,2,758,0,0,3,0,3,636,65,58,2,761,0,0,0,761
11/22/2019,MEM,TN,ASO,CE,Towers with Radar,658,68,42,3,771,0,0,0,0,0,658,68,42,3,771,0,0,0,771
11/23/2019,MEM,TN,ASO,CE,Towers with Radar,416,43,27,0,486,0,0,0,0,0,416,43,27,0,486,0,0,0,486
11/24/2019,MEM,TN,ASO,CE,Towers with Radar,348,53,38,1,440,0,0,12,2,14,348,53,50,3,454,0,0,0,454
11/25/2019,MEM,TN,ASO,CE,Towers with Radar,251,55,46,4,356,0,1,8,0,9,251,56,54,4,365,0,0,0,365
11/26/2019,MEM,TN,ASO,CE,Towers with Radar,669,60,51,5,785,0,0,4,0,4,669,60,55,5,789,0,0,0,789
11/27/2019,MEM,TN,ASO,CE,Towers with Radar,739,65,56,1,861,0,0,21,0,21,739,65,77,1,882,0,0,0,882
11/28/2019,MEM,TN,ASO,CE,Towers with Radar,177,44,13,0,234,0,0,1,0,1,177,44,14,0,235,0,0,0,235
11/29/2019,MEM,TN,ASO,CE,Towers with Radar,573,44,18,0,635,0,0,0,0,0,573,44,18,0,635,0,0,0,635
11/30/2019,MEM,TN,ASO,CE,Towers with Radar,450,45,33,0,528,0,0,1,0,1,450,45,34,0,529,0,0,0,529
12/01/2019,MEM,TN,ASO,CE,Towers with Radar,421,62,58,1,542,0,1,3,0,4,421,63,61,1,546,0,0,0,546
12/02/2019,MEM,TN,ASO,CE,Towers with Radar,297,48,40,1,386,0,0,2,0,2,297,48,42,1,388,0,0,0,388
12/03/2019,MEM,TN,ASO,CE,Towers with Radar,761,78,70,5,914,0,1,14,0,15,761,79,84,5,929,0,0,0,929
12/04/2019,MEM,TN,ASO,CE,Towers with Radar,758,87,63,2,910,0,0,10,0,10,758,87,73,2,920,0,0,0,920
12/05/2019,MEM,TN,ASO,CE,Towers with Radar,736,69,64,7,876,0,0,7,0,7,736,69,71,7,883,0,0,0,883
12/06/2019,MEM,TN,ASO,CE,Towers with Radar,660,63,40,3,766,0,1,0,0,1,660,64,40,3,767,0,0,0,767
12/07/2019,MEM,TN,ASO,CE,Towers with Radar,461,32,15,3,511,0,0,0,0,0,461,32,15,3,511,0,0,0,511
12/08/2019,MEM,TN,ASO,CE,Towers with Radar,384,54,34,0,472,0,0,0,0,0,384,54,34,0,472,0,0,0,472
12/09/2019,MEM,TN,ASO,CE,Towers with Radar,276,51,53,0,380,0,0,1,1,2,276,51,54,1,382,0,0,0,382
12/10/2019,MEM,TN,ASO,CE,Towers with Radar,742,81,61,6,890,0,0,0,0,0,742,81,61,6,890,0,0,0,890
12/11/2019,MEM,TN,ASO,CE,Towers with Radar,741,94,67,2,904,0,0,4,0,4,741,94,71,2,908,0,0,0,908
12/12/2019,MEM,TN,ASO,CE,Towers with Radar,752,76,75,5,908,0,0,10,1,11,752,76,85,6,919,0,0,0,919
12/13/2019,MEM,TN,ASO,CE,Towers with Radar,651,68,46,9,774,0,1,0,0,1,651,69,46,9,775,0,0,0,775
12/14/2019,MEM,TN,ASO,CE,Towers with Radar,452,44,21,2,519,0,0,1,0,1,452,44,22,2,520,0,0,0,520
12/15/2019,MEM,TN,ASO,CE,Towers with Radar,410,45,23,1,479,0,0,1,1,2,410,45,24,2,481,0,0,0,481
12/16/2019,MEM,TN,ASO,CE,Towers with Radar,247,46,32,1,326,0,0,2,0,2,247,46,34,1,328,0,0,0,328
12/17/2019,MEM,TN,ASO,CE,Towers with Radar,763,71,59,10,903,0,0,1,0,1,763,71,60,10,904,0,0,0,904
12/18/2019,MEM,TN,ASO,CE,Towers with Radar,784,55,53,5,897,0,0,8,1,9,784,55,61,6,906,0,0,0,906
12/19/2019,MEM,TN,ASO,CE,Towers with Radar,779,59,67,3,908,0,0,9,0,9,779,59,76,3,917,0,0,0,917
12/20/2019,MEM,TN,ASO,CE,Towers with Radar,693,62,48,1,804,0,0,3,0,3,693,62,51,1,807,0,0,0,807
12/21/2019,MEM,TN,ASO,CE,Towers with Radar,535,31,26,0,592,0,0,3,0,3,535,31,29,0,595,0,0,0,595
12/22/2019,MEM,TN,ASO,CE,Towers with Radar,408,39,24,0,471,0,0,0,0,0,408,39,24,0,471,0,0,0,471
12/23/2019,MEM,TN,ASO,CE,Towers with Radar,471,38,32,0,541,0,0,9,0,9,471,38,41,0,550,0,0,0,550
12/24/2019,MEM,TN,ASO,CE,Towers with Radar,699,40,17,0,756,0,0,0,0,0,699,40,17,0,756,0,0,0,756
12/25/2019,MEM,TN,ASO,CE,Towers with Radar,156,34,2,0,192,0,0,4,0,4,156,34,6,0,196,0,0,0,196
12/26/2019,MEM,TN,ASO,CE,Towers with Radar,630,45,21,0,696,0,0,2,0,2,630,45,23,0,698,0,0,0,698
12/27/2019,MEM,TN,ASO,CE,Towers with Radar,634,52,35,2,723,0,0,1,0,1,634,52,36,2,724,0,0,0,724
12/28/2019,MEM,TN,ASO,CE,Towers with Radar,471,50,29,0,550,0,0,0,0,0,471,50,29,0,550,0,0,0,550
12/29/2019,MEM,TN,ASO,CE,Towers with Radar,389,38,20,0,447,0,0,0,0,0,389,38,20,0,447,0,0,0,447
12/30/2019,MEM,TN,ASO,CE,Towers with Radar,271,54,22,0,347,0,0,2,0,2,271,54,24,0,349,0,0,0,349
12/31/2019,MEM,TN,ASO,CE,Towers with Radar,661,50,28,3,742,0,0,7,0,7,661,50,35,3,749,0,0,0,749
01/01/2020,MEM,TN,ASO,CE,Towers with Radar,159,33,22,0,214,0,2,0,0,2,159,35,22,0,216,0,0,0,216
01/02/2020,MEM,TN,ASO,CE,Towers with Radar,627,44,36,0,707,0,0,0,0,0,627,44,36,0,707,0,0,0,707
01/03/2020,MEM,TN,ASO,CE,Towers with Radar,628,53,22,1,704,0,0,0,0,0,628,53,22,1,704,0,0,0,704
01/04/2020,MEM,TN,ASO,CE,Towers with Radar,465,47,21,1,534,0,1,2,0,3,465,48,23,1,537,0,0,0,537
01/05/2020,MEM,TN,ASO,CE,Towers with Radar,356,39,34,0,429,0,0,5,0,5,356,39,39,0,434,0,0,0,434
01/06/2020,MEM,TN,ASO,CE,Towers with Radar,268,36,32,0,336,0,0,6,0,6,268,36,38,0,342,0,0,0,342
01/07/2020,MEM,TN,ASO,CE,Towers with Radar,650,60,38,7,755,0,0,7,0,7,650,60,45,7,762,0,0,0,762
01/08/2020,MEM,TN,ASO,CE,Towers with Radar,646,58,46,4,754,0,1,7,0,8,646,59,53,4,762,0,0,0,762
01/09/2020,MEM,TN,ASO,CE,Towers with Radar,629,60,28,1,718,0,0,5,0,5,629,60,33,1,723,0,0,0,723
01/10/2020,MEM,TN,ASO,CE,Towers with Radar,608,50,32,5,695,0,0,1,0,1,608,50,33,5,696,0,0,0,696
01/11/2020,MEM,TN,ASO,CE,Towers with Radar,418,28,7,1,454,0,0,0,0,0,418,28,7,1,454,0,0,0,454
01/12/2020,MEM,TN,ASO,CE,Towers with Radar,324,42,20,7,393,0,0,0,0,0,324,42,20,7,393,0,0,0,393
01/13/2020,MEM,TN,ASO,CE,Towers with Radar,250,42,46,6,344,0,0,3,0,3,250,42,49,6,347,0,0,0,347
01/14/2020,MEM,TN,ASO,CE,Towers with Radar,677,63,44,8,792,0,0,1,0,1,677,63,45,8,793,0,0,0,793
01/15/2020,MEM,TN,ASO,CE,Towers with Radar,643,53,44,6,746,0,0,0,0,0,643,53,44,6,746,0,0,0,746
01/16/2020,MEM,TN,ASO,CE,Towers with Radar,620,58,60,0,738,0,0,6,0,6,620,58,66,0,744,0,0,0,744
01/17/2020,MEM,TN,ASO,CE,Towers with Radar,593,54,43,6,696,0,0,7,0,7,593,54,50,6,703,0,0,0,703
01/18/2020,MEM,TN,ASO,CE,Towers with Radar,390,36,18,4,448,0,2,1,0,3,390,38,19,4,451,0,0,0,451
01/19/2020,MEM,TN,ASO,CE,Towers with Radar,325,35,32,5,397,0,1,4,0,5,325,36,36,5,402,0,0,0,402
01/20/2020,MEM,TN,ASO,CE,Towers with Radar,261,55,52,2,370,0,0,1,0,1,261,55,53,2,371,0,0,0,371
01/21/2020,MEM,TN,ASO,CE,Towers with Radar,624,56,44,5,729,0,0,8,0,8,624,56,52,5,737,0,0,0,737
01/22/2020,MEM,TN,ASO,CE,Towers with Radar,631,49,63,4,747,0,2,3,2,7,631,51,66,6,754,0,0,0,754
01/23/2020,MEM,TN,ASO,CE,Towers with Radar,649,63,39,4,755,0,0,2,0,2,649,63,41,4,757,0,0,0,757
01/24/2020,MEM,TN,ASO,CE,Towers with Radar,625,68,42,3,738,0,0,1,0,1,625,68,43,3,739,0,0,0,739
01/25/2020,MEM,TN,ASO,CE,Towers with Radar,374,37,19,1,431,0,1,1,1,3,374,38,20,2,434,0,0,0,434
01/26/2020,MEM,TN,ASO,CE,Towers with Radar,325,43,22,1,391,0,0,0,0,0,325,43,22,1,391,0,0,0,391
01/27/2020,MEM,TN,ASO,CE,Towers with Radar,271,43,41,5,360,0,0,5,0,5,271,43,46,5,365,0,0,0,365
01/28/2020,MEM,TN,ASO,CE,Towers with Radar,635,56,31,7,729,0,0,10,4,14,635,56,41,11,743,0,0,0,743
01/29/2020,MEM,TN,ASO,CE,Towers with Radar,622,49,38,8,717,0,0,0,1,1,622,49,38,9,718,0,0,0,718
01/30/2020,MEM,TN,ASO,CE,Towers with Radar,645,54,57,2,758,0,0,0,0,0,645,54,57,2,758,0,0,0,758
01/31/2020,MEM,TN,ASO,CE,Towers with Radar,610,57,62,1,730,0,0,0,0,0,610,57,62,1,730,0,0,0,730
02/01/2020,MEM,TN,ASO,ES,Towers with Radar,367,44,22,0,433,0,1,3,1,5,367,45,25,1,438,0,0,0,438
02/02/2020,MEM,TN,ASO,ES,Towers with Radar,319,41,23,0,383,0,3,5,0,8,319,44,28,0,391,0,0,0,391
02/03/2020,MEM,TN,ASO,ES,Towers with Radar,253,44,66,1,364,0,0,5,0,5,253,44,71,1,369,0,0,0,369
02/04/2020,MEM,TN,ASO,ES,Towers with Radar,628,62,44,5,739,0,0,0,0,0,628,62,44,5,739,0,0,0,739
02/05/2020,MEM,TN,ASO,ES,Towers with Radar,619,49,35,0,703,0,0,0,0,0,619,49,35,0,703,0,0,0,703
02/06/2020,MEM,TN,ASO,ES,Towers with Radar,655,50,34,11,750,0,0,0,0,0,655,50,34,11,750,0,0,0,750
02/07/2020,MEM,TN,ASO,ES,Towers with Radar,646,52,41,13,752,0,0,4,1,5,646,52,45,14,757,0,0,0,757
02/08/2020,MEM,TN,ASO,ES,Towers with Radar,374,33,9,4,420,0,0,6,0,6,374,33,15,4,426,0,0,0,426
02/09/2020,MEM,TN,ASO,ES,Towers with Radar,326,33,18,2,379,0,0,1,0,1,326,33,19,2,380,0,0,0,380
02/10/2020,MEM,TN,ASO,ES,Towers with Radar,244,41,48,0,333,0,0,0,0,0,244,41,48,0,333,0,0,0,333
02/11/2020,MEM,TN,ASO,ES,Towers with Radar,658,63,51,6,778,0,0,7,0,7,658,63,58,6,785,0,0,0,785
02/12/2020,MEM,TN,ASO,ES,Towers with Radar,635,50,63,2,750,0,0,0,0,0,635,50,63,2,750,0,0,0,750
02/13/2020,MEM,TN,ASO,ES,Towers with Radar,668,67,74,10,819,0,1,5,2,8,668,68,79,12,827,0,0,0,827
02/14/2020,MEM,TN,ASO,ES,Towers with Radar,627,63,42,7,739,0,0,9,0,9,627,63,51,7,748,0,0,0,748
02/15/2020,MEM,TN,ASO,ES,Towers with Radar,368,42,26,0,436,0,0,14,0,14,368,42,40,0,450,0,0,0,450
02/16/2020,MEM,TN,ASO,ES,Towers with Radar,308,47,31,1,387,0,0,4,0,4,308,47,35,1,391,0,0,0,391
02/17/2020,MEM,TN,ASO,ES,Towers with Radar,234,56,50,2,342,0,0,2,0,2,234,56,52,2,344,0,0,0,344
02/18/2020,MEM,TN,ASO,ES,Towers with Radar,644,56,54,5,759,0,0,0,0,0,644,56,54,5,759,0,0,0,759
02/19/2020,MEM,TN,ASO,ES,Towers with Radar,664,66,58,10,798,0,2,10,1,13,664,68,68,11,811,0,0,0,811
02/20/2020,MEM,TN,ASO,ES,Towers with Radar,634,62,49,0,745,0,0,5,1,6,634,62,54,1,751,0,0,0,751
02/21/2020,MEM,TN,ASO,ES,Towers with Radar,608,67,52,4,731,0,1,16,3,20,608,68,68,7,751,0,0,0,751
02/22/2020,MEM,TN,ASO,ES,Towers with Radar,361,34,27,5,427,0,2,7,0,9,361,36,34,5,436,0,0,0,436
02/23/2020,MEM,TN,ASO,ES,Towers with Radar,320,48,25,0,393,0,0,0,0,0,320,48,25,0,393,0,0,0,393
02/24/2020,MEM,TN,ASO,ES,Towers with Radar,260,43,38,0,341,0,0,0,0,0,260,43,38,0,341,0,0,0,341
02/25/2020,MEM,TN,ASO,ES,Towers with Radar,617,52,52,8,729,0,0,1,0,1,617,52,53,8,730,0,0,0,730
02/26/2020,MEM,TN,ASO,ES,Towers with Radar,643,59,48,7,757,0,0,1,2,3,643,59,49,9,760,0,0,0,760
02/27/2020,MEM,TN,ASO,ES,Towers with Radar,631,56,76,2,765,0,0,5,0,5,631,56,81,2,770,0,0,0,770
02/28/2020,MEM,TN,ASO,ES,Towers with Radar,619,61,43,10,733,0,0,9,1,10,619,61,52,11,743,0,0,0,743
02/29/2020,MEM,TN,ASO,ES,Towers with Radar,365,38,25,2,430,0,0,4,0,4,365,38,29,2,434,0,0,0,434
03/01/2020,MEM,TN,ASO,ES,Towers with Radar,327,41,39,2,409,1,0,6,0,7,328,41,45,2,416,0,0,0,416
03/02/2020,MEM,TN,ASO,ES,Towers with Radar,238,41,43,1,323,0,0,0,0,0,238,41,43,1,323,0,0,0,323
03/03/2020,MEM,TN,ASO,ES,Towers with Radar,660,60,61,2,783,0,0,0,0,0,660,60,61,2,783,0,0,0,783
03/04/2020,MEM,TN,ASO,ES,Towers with Radar,637,61,65,6,769,0,0,8,0,8,637,61,73,6,777,0,0,0,777
03/05/2020,MEM,TN,ASO,ES,Towers with Radar,642,57,50,1,750,0,0,4,0,4,642,57,54,1,754,0,0,0,754
03/06/2020,MEM,TN,ASO,ES,Towers with Radar,607,65,53,1,726,0,0,12,0,12,607,65,65,1,738,0,0,0,738
03/07/2020,MEM,TN,ASO,ES,Towers with Radar,385,44,41,1,471,0,0,22,0,22,385,44,63,1,493,0,0,0,493
03/08/2020,MEM,TN,ASO,ES,Towers with Radar,337,53,43,1,434,0,0,6,0,6,337,53,49,1,440,0,0,0,440
03/09/2020,MEM,TN,ASO,ES,Towers with Radar,212,41,29,0,282,0,0,1,0,1,212,41,30,0,283,0,0,0,283
03/10/2020,MEM,TN,ASO,ES,Towers with Radar,687,65,59,4,815,0,0,2,0,2,687,65,61,4,817,0,0,0,817
03/11/2020,MEM,TN,ASO,ES,Towers with Radar,636,67,36,4,743,0,1,1,0,2,636,68,37,4,745,0,0,0,745
03/12/2020,MEM,TN,ASO,ES,Towers with Radar,600,71,26,4,701,0,0,3,0,3,600,71,29,4,704,0,0,0,704
03/13/2020,MEM,TN,ASO,ES,Towers with Radar,651,57,29,3,740,0,0,3,0,3,651,57,32,3,743,0,0,0,743
03/14/2020,MEM,TN,ASO,ES,Towers with Radar,391,35,35,1,462,0,0,1,0,1,391,35,36,1,463,0,0,0,463
03/15/2020,MEM,TN,ASO,ES,Towers with Radar,333,56,42,0,431,0,1,1,0,2,333,57,43,0,433,0,0,0,433
03/16/2020,MEM,TN,ASO,ES,Towers with Radar,260,44,36,1,341,0,0,0,0,0,260,44,36,1,341,0,0,0,341
03/17/2020,MEM,TN,ASO,ES,Towers with Radar,636,63,37,3,739,0,0,2,0,2,636,63,39,3,741,0,0,0,741
03/18/2020,MEM,TN,ASO,ES,Towers with Radar,635,52,19,4,710,0,0,1,0,1,635,52,20,4,711,0,0,0,711
03/19/2020,MEM,TN,ASO,ES,Towers with Radar,585,57,18,1,661,0,0,0,0,0,585,57,18,1,661,0,0,0,661
03/20/2020,MEM,TN,ASO,ES,Towers with Radar,618,43,27,4,692,0,0,0,0,0,618,43,27,4,692,0,0,0,692
03/21/2020,MEM,TN,ASO,ES,Towers with Radar,379,29,22,0,430,0,0,2,0,2,379,29,24,0,432,0,0,0,432
03/22/2020,MEM,TN,ASO,ES,Towers with Radar,313,29,13,2,357,0,0,1,0,1,313,29,14,2,358,0,0,0,358
03/23/2020,MEM,TN,ASO,ES,Towers with Radar,213,33,17,0,263,0,0,6,0,6,213,33,23,0,269,0,0,0,269
03/24/2020,MEM,TN,ASO,ES,Towers with Radar,612,42,4,14,672,0,0,0,0,0,612,42,4,14,672,0,0,0,672
03/25/2020,MEM,TN,ASO,ES,Towers with Radar,581,52,19,2,654,0,0,2,0,2,581,52,21,2,656,0,0,0,656
03/26/2020,MEM,TN,ASO,ES,Towers with Radar,562,38,17,4,621,0,1,13,0,14,562,39,30,4,635,0,0,0,635
03/27/2020,MEM,TN,ASO,ES,Towers with Radar,546,32,18,2,598,0,1,6,1,8,546,33,24,3,606,0,0,0,606
03/28/2020,MEM,TN,ASO,ES,Towers with Radar,362,19,3,0,384,0,2,0,0,2,362,21,3,0,386,0,0,0,386
03/29/2020,MEM,TN,ASO,ES,Towers with Radar,289,28,8,0,325,0,0,11,0,11,289,28,19,0,336,0,0,0,336
03/30/2020,MEM,TN,ASO,ES,Towers with Radar,195,23,12,0,230,0,0,3,0,3,195,23,15,0,233,0,0,0,233
03/31/2020,MEM,TN,ASO,ES,Towers with Radar,601,32,3,0,636,0,0,2,0,2,601,32,5,0,638,0,0,0,638
04/01/2020,MEM,TN,ASO,ES,Towers with Radar,584,25,12,0,621,0,2,5,0,7,584,27,17,0,628,0,0,0,628
04/02/2020,MEM,TN,ASO,ES,Towers with Radar,557,22,13,1,593,0,2,4,0,6,557,24,17,1,599,0,0,0,599
04/03/2020,MEM,TN,ASO,ES,Towers with Radar,552,19,18,4,593,0,0,5,0,5,552,19,23,4,598,0,0,0,598
04/04/2020,MEM,TN,ASO,ES,Towers with Radar,348,9,11,2,370,0,0,3,0,3,348,9,14,2,373,0,0,0,373
04/05/2020,MEM,TN,ASO,ES,Towers with Radar,274,8,12,0,294,0,0,4,0,4,274,8,16,0,298,0,0,0,298
04/06/2020,MEM,TN,ASO,ES,Towers with Radar,200,15,16,1,232,0,2,7,0,9,200,17,23,1,241,0,0,0,241
04/07/2020,MEM,TN,ASO,ES,Towers with Radar,559,25,9,4,597,0,1,1,0,2,559,26,10,4,599,0,0,0,599
04/08/2020,MEM,TN,ASO,ES,Towers with Radar,582,20,17,0,619,0,0,7,0,7,582,20,24,0,626,0,0,0,626
04/09/2020,MEM,TN,ASO,ES,Towers with Radar,580,21,17,3,621,0,0,2,0,2,580,21,19,3,623,0,0,0,623
04/10/2020,MEM,TN,ASO,ES,Towers with Radar,548,20,13,1,582,0,0,6,0,6,548,20,19,1,588,0,0,0,588
04/11/2020,MEM,TN,ASO,ES,Towers with Radar,364,9,5,1,379,0,0,1,0,1,364,9,6,1,380,0,0,0,380
04/12/2020,MEM,TN,ASO,ES,Towers with Radar,282,4,0,0,286,0,0,0,0,0,282,4,0,0,286,0,0,0,286
04/13/2020,MEM,TN,ASO,ES,Towers with Radar,190,10,5,0,205,0,0,0,0,0,190,10,5,0,205,0,0,0,205
04/14/2020,MEM,TN,ASO,ES,Towers with Radar,578,26,7,0,611,0,1,5,0,6,578,27,12,0,617,0,0,0,617
04/15/2020,MEM,TN,ASO,ES,Towers with Radar,570,23,22,4,619,0,0,8,0,8,570,23,30,4,627,0,0,0,627
04/16/2020,MEM,TN,ASO,ES,Towers with Radar,555,17,13,8,593,0,0,6,0,6,555,17,19,8,599,0,0,0,599
04/17/2020,MEM,TN,ASO,ES,Towers with Radar,534,21,21,5,581,0,0,4,0,4,534,21,25,5,585,0,0,0,585
04/18/2020,MEM,TN,ASO,ES,Towers with Radar,380,5,13,2,400,0,0,9,0,9,380,5,22,2,409,0,0,0,409
04/19/2020,MEM,TN,ASO,ES,Towers with Radar,287,9,8,2,306,0,0,0,0,0,287,9,8,2,306,0,0,0,306
04/20/2020,MEM,TN,ASO,ES,Towers with Radar,183,8,28,0,219,0,0,8,0,8,183,8,36,0,227,0,0,0,227
04/21/2020,MEM,TN,ASO,ES,Towers with Radar,583,24,14,4,625,0,0,6,0,6,583,24,20,4,631,0,0,0,631
04/22/2020,MEM,TN,ASO,ES,Towers with Radar,547,18,18,11,594,0,0,0,2,2,547,18,18,13,596,0,0,0,596
04/23/2020,MEM,TN,ASO,ES,Towers with Radar,601,12,17,3,633,0,0,0,0,0,601,12,17,3,633,0,0,0,633
04/24/2020,MEM,TN,ASO,ES,Towers with Radar,552,26,21,5,604,0,0,3,0,3,552,26,24,5,607,0,0,0,607
04/25/2020,MEM,TN,ASO,ES,Towers with Radar,371,8,3,0,382,0,0,14,0,14,371,8,17,0,396,0,0,0,396
04/26/2020,MEM,TN,ASO,ES,Towers with Radar,297,10,10,0,317,0,0,10,0,10,297,10,20,0,327,0,0,0,327
04/27/2020,MEM,TN,ASO,ES,Towers with Radar,187,7,14,3,211,0,0,3,0,3,187,7,17,3,214,0,0,0,214
04/28/2020,MEM,TN,ASO,ES,Towers with Radar,576,27,27,6,636,0,0,2,0,2,576,27,29,6,638,0,0,0,638
04/29/2020,MEM,TN,ASO,ES,Towers with Radar,611,18,28,7,664,0,0,1,0,1,611,18,29,7,665,0,0,0,665
04/30/2020,MEM,TN,ASO,ES,Towers with Radar,577,18,28,7,630,0,1,10,0,11,577,19,38,7,641,0,0,0,641
05/01/2020,MEM,TN,ASO,ES,Towers with Radar,549,19,19,2,589,0,0,9,0,9,549,19,28,2,598,0,0,0,598
05/02/2020,MEM,TN,ASO,ES,Towers with Radar,384,11,8,1,404,0,0,5,0,5,384,11,13,1,409,0,0,0,409
05/03/2020,MEM,TN,ASO,ES,Towers with Radar,305,16,21,1,343,0,0,8,0,8,305,16,29,1,351,0,0,0,351
05/04/2020,MEM,TN,ASO,ES,Towers with Radar,181,13,16,0,210,0,0,5,0,5,181,13,21,0,215,0,0,0,215
05/05/2020,MEM,TN,ASO,ES,Towers with Radar,598,24,13,7,642,0,0,0,0,0,598,24,13,7,642,0,0,0,642
05/06/2020,MEM,TN,ASO,ES,Towers with Radar,608,34,25,4,671,0,0,4,1,5,608,34,29,5,676,0,0,0,676
05/07/2020,MEM,TN,ASO,ES,Towers with Radar,601,36,25,7,669,0,0,6,0,6,601,36,31,7,675,0,0,0,675
05/08/2020,MEM,TN,ASO,ES,Towers with Radar,589,31,24,0,644,0,0,2,1,3,589,31,26,1,647,0,0,0,647
05/09/2020,MEM,TN,ASO,ES,Towers with Radar,397,16,23,1,437,0,0,6,1,7,397,16,29,2,444,0,0,0,444
05/10/2020,MEM,TN,ASO,ES,Towers with Radar,301,13,29,0,343,0,0,5,0,5,301,13,34,0,348,0,0,0,348
05/11/2020,MEM,TN,ASO,ES,Towers with Radar,187,14,22,3,226,0,0,8,0,8,187,14,30,3,234,0,0,0,234
05/12/2020,MEM,TN,ASO,ES,Towers with Radar,594,26,13,5,638,0,0,0,1,1,594,26,13,6,639,0,0,0,639
05/13/2020,MEM,TN,ASO,ES,Towers with Radar,596,34,16,4,650,1,0,0,0,1,597,34,16,4,651,0,0,0,651
05/14/2020,MEM,TN,ASO,ES,Towers with Radar,583,25,22,0,630,0,2,9,0,11,583,27,31,0,641,0,0,0,641
05/15/2020,MEM,TN,ASO,ES,Towers with Radar,562,26,28,1,617,0,0,0,0,0,562,26,28,1,617,0,0,0,617
05/16/2020,MEM,TN,ASO,ES,Towers with Radar,388,8,16,1,413,0,0,3,0,3,388,8,19,1,416,0,0,0,416
05/17/2020,MEM,TN,ASO,ES,Towers with Radar,301,11,19,3,334,0,0,0,0,0,301,11,19,3,334,0,0,0,334
05/18/2020,MEM,TN,ASO,ES,Towers with Radar,176,20,27,2,225,0,0,7,0,7,176,20,34,2,232,0,0,0,232
05/19/2020,MEM,TN,ASO,ES,Towers with Radar,594,31,38,6,669,0,0,12,0,12,594,31,50,6,681,0,0,0,681
05/20/2020,MEM,TN,ASO,ES,Towers with Radar,600,32,36,4,672,0,0,5,0,5,600,32,41,4,677,0,0,0,677
05/21/2020,MEM,TN,ASO,ES,Towers with Radar,587,24,22,1,634,0,0,9,0,9,587,24,31,1,643,0,0,0,643
05/22/2020,MEM,TN,ASO,ES,Towers with Radar,558,41,26,5,630,0,0,1,0,1,558,41,27,5,631,0,0,0,631
05/23/2020,MEM,TN,ASO,ES,Towers with Radar,384,22,14,2,422,0,1,1,0,2,384,23,15,2,424,0,0,0,424
05/24/2020,MEM,TN,ASO,ES,Towers with Radar,306,11,8,0,325,0,0,2,0,2,306,11,10,0,327,0,0,0,327
05/25/2020,MEM,TN,ASO,ES,Towers with Radar,70,14,18,0,102,0,1,5,1,7,70,15,23,1,109,0,0,0,109
05/26/2020,MEM,TN,ASO,ES,Towers with Radar,256,19,27,4,306,0,0,4,1,5,256,19,31,5,311,0,0,0,311
05/27/2020,MEM,TN,ASO,ES,Towers with Radar,617,27,39,4,687,0,0,1,0,1,617,27,40,4,688,0,0,0,688
05/28/2020,MEM,TN,ASO,ES,Towers with Radar,621,32,30,0,683,0,0,1,0,1,621,32,31,0,684,0,0,0,684
05/29/2020,MEM,TN,ASO,ES,Towers with Radar,579,30,12,2,623,0,0,3,0,3,579,30,15,2,626,0,0,0,626
05/30/2020,MEM,TN,ASO,ES,Towers with Radar,388,16,16,4,424,0,3,7,0,10,388,19,23,4,434,6,0,6,440
05/31/2020,MEM,TN,ASO,ES,Towers with Radar,299,25,21,0,345,0,0,8,0,8,299,25,29,0,353,0,0,0,353
06/01/2020,MEM,TN,ASO,ES,Towers with Radar,187,15,25,4,231,0,1,7,0,8,187,16,32,4,239,0,0,0,239
06/02/2020,MEM,TN,ASO,ES,Towers with Radar,585,30,37,11,663,0,0,13,0,13,585,30,50,11,676,0,0,0,676
06/03/2020,MEM,TN,ASO,ES,Towers with Radar,598,25,30,18,671,0,0,9,0,9,598,25,39,18,680,0,0,0,680
06/04/2020,MEM,TN,ASO,ES,Towers with Radar,585,34,37,2,658,0,0,2,0,2,585,34,39,2,660,0,0,0,660
06/05/2020,MEM,TN,ASO,ES,Towers with Radar,571,31,24,3,629,0,0,3,0,3,571,31,27,3,632,0,0,0,632
06/06/2020,MEM,TN,ASO,ES,Towers with Radar,387,18,25,2,432,0,0,7,0,7,387,18,32,2,439,0,0,0,439
06/07/2020,MEM,TN,ASO,ES,Towers with Radar,307,19,18,2,346,0,0,15,0,15,307,19,33,2,361,0,0,0,361
06/08/2020,MEM,TN,ASO,ES,Towers with Radar,173,21,32,1,227,0,1,3,0,4,173,22,35,1,231,0,0,0,231
06/09/2020,MEM,TN,ASO,ES,Towers with Radar,618,31,31,5,685,0,1,5,0,6,618,32,36,5,691,0,0,0,691
06/10/2020,MEM,TN,ASO,ES,Towers with Radar,612,32,37,4,685,0,0,6,0,6,612,32,43,4,691,0,0,0,691
06/11/2020,MEM,TN,ASO,ES,Towers with Radar,602,35,41,0,678,0,0,9,0,9,602,35,50,0,687,0,0,0,687
06/12/2020,MEM,TN,ASO,ES,Towers with Radar,571,28,28,1,628,0,1,11,2,14,571,29,39,3,642,0,0,0,642
06/13/2020,MEM,TN,ASO,ES,Towers with Radar,380,18,21,0,419,1,0,9,0,10,381,18,30,0,429,0,0,0,429
06/14/2020,MEM,TN,ASO,ES,Towers with Radar,309,14,23,2,348,0,0,7,0,7,309,14,30,2,355,0,0,0,355
06/15/2020,MEM,TN,ASO,ES,Towers with Radar,187,19,28,12,246,0,0,7,0,7,187,19,35,12,253,0,0,0,253
06/16/2020,MEM,TN,ASO,ES,Towers with Radar,602,29,22,6,659,0,1,7,0,8,602,30,29,6,667,0,0,0,667
06/17/2020,MEM,TN,ASO,ES,Towers with Radar,593,34,37,8,672,0,1,9,0,10,593,35,46,8,682,0,0,0,682
06/18/2020,MEM,TN,ASO,ES,Towers with Radar,602,30,29,2,663,0,1,10,0,11,602,31,39,2,674,0,0,0,674
06/19/2020,MEM,TN,ASO,ES,Towers with Radar,577,27,34,3,641,0,1,11,0,12,577,28,45,3,653,0,0,0,653
06/20/2020,MEM,TN,ASO,ES,Towers with Radar,389,14,16,0,419,0,10,13,0,23,389,24,29,0,442,0,0,0,442
06/21/2020,MEM,TN,ASO,ES,Towers with Radar,309,25,32,2,368,0,0,6,0,6,309,25,38,2,374,0,0,0,374
06/22/2020,MEM,TN,ASO,ES,Towers with Radar,184,16,25,1,226,0,0,2,0,2,184,16,27,1,228,0,0,0,228
06/23/2020,MEM,TN,ASO,ES,Towers with Radar,604,35,43,5,687,0,1,3,1,5,604,36,46,6,692,0,0,0,692
06/24/2020,MEM,TN,ASO,ES,Towers with Radar,599,23,59,4,685,0,0,2,2,4,599,23,61,6,689,0,0,0,689
06/25/2020,MEM,TN,ASO,ES,Towers with Radar,600,51,43,4,698,0,1,6,0,7,600,52,49,4,705,0,0,0,705
06/26/2020,MEM,TN,ASO,ES,Towers with Radar,561,41,41,2,645,1,0,0,0,1,562,41,41,2,646,0,0,0,646
06/27/2020,MEM,TN,ASO,ES,Towers with Radar,400,10,11,2,423,0,0,0,0,0,400,10,11,2,423,0,0,0,423
06/28/2020,MEM,TN,ASO,ES,Towers with Radar,310,18,17,0,345,0,4,0,0,4,310,22,17,0,349,0,0,0,349
06/29/2020,MEM,TN,ASO,ES,Towers with Radar,194,18,41,3,256,0,0,3,0,3,194,18,44,3,259,0,0,0,259
06/30/2020,MEM,TN,ASO,ES,Towers with Radar,600,37,55,6,698,0,1,6,0,7,600,38,61,6,705,0,0,0,705
07/01/2020,MEM,TN,ASO,ES,Towers with Radar,603,33,47,10,693,0,0,7,0,7,603,33,54,10,700,0,0,0,700
07/02/2020,MEM,TN,ASO,ES,Towers with Radar,597,31,38,7,673,0,1,5,0,6,597,32,43,7,679,0,0,0,679
07/03/2020,MEM,TN,ASO,ES,Towers with Radar,495,35,14,0,544,0,1,2,0,3,495,36,16,0,547,0,0,0,547
07/04/2020,MEM,TN,ASO,ES,Towers with Radar,97,8,11,0,116,0,0,0,8,8,97,8,11,8,124,0,0,0,124
07/05/2020,MEM,TN,ASO,ES,Towers with Radar,343,20,17,0,380,0,2,0,0,2,343,22,17,0,382,0,0,0,382
07/06/2020,MEM,TN,ASO,ES,Towers with Radar,211,20,26,1,258,0,0,5,0,5,211,20,31,1,263,0,0,0,263
07/07/2020,MEM,TN,ASO,ES,Towers with Radar,614,29,22,4,669,0,0,10,0,10,614,29,32,4,679,0,0,0,679
07/08/2020,MEM,TN,ASO,ES,Towers with Radar,636,33,46,8,723,0,2,11,1,14,636,35,57,9,737,0,0,0,737
07/09/2020,MEM,TN,ASO,ES,Towers with Radar,618,33,37,0,688,0,0,4,1,5,618,33,41,1,693,0,0,0,693
07/10/2020,MEM,TN,ASO,ES,Towers with Radar,606,28,28,2,664,0,0,6,0,6,606,28,34,2,670,0,0,0,670
07/11/2020,MEM,TN,ASO,ES,Towers with Radar,407,17,20,1,445,0,0,5,0,5,407,17,25,1,450,0,0,0,450
07/12/2020,MEM,TN,ASO,ES,Towers with Radar,342,17,21,0,380,0,0,3,0,3,342,17,24,0,383,0,0,0,383
07/13/2020,MEM,TN,ASO,ES,Towers with Radar,223,25,39,2,289,0,0,7,0,7,223,25,46,2,296,0,0,0,296
07/14/2020,MEM,TN,ASO,ES,Towers with Radar,621,24,21,7,673,0,0,6,1,7,621,24,27,8,680,0,0,0,680
07/15/2020,MEM,TN,ASO,ES,Towers with Radar,605,30,24,2,661,0,1,1,2,4,605,31,25,4,665,0,0,0,665
07/16/2020,MEM,TN,ASO,ES,Towers with Radar,618,30,31,0,679,0,0,1,0,1,618,30,32,0,680,0,0,0,680
07/17/2020,MEM,TN,ASO,ES,Towers with Radar,589,31,26,3,649,0,1,1,0,2,589,32,27,3,651,0,0,0,651
07/18/2020,MEM,TN,ASO,ES,Towers with Radar,422,11,13,0,446,0,1,13,4,18,422,12,26,4,464,0,0,0,464
07/19/2020,MEM,TN,ASO,ES,Towers with Radar,331,16,27,0,374,0,0,9,0,9,331,16,36,0,383,0,0,0,383
07/20/2020,MEM,TN,ASO,ES,Towers with Radar,216,19,32,0,267,0,2,9,0,11,216,21,41,0,278,0,0,0,278
07/21/2020,MEM,TN,ASO,ES,Towers with Radar,613,29,21,9,672,0,0,2,2,4,613,29,23,11,676,0,0,0,676
07/22/2020,MEM,TN,ASO,ES,Towers with Radar,628,32,36,2,698,0,0,4,0,4,628,32,40,2,702,0,0,0,702
07/23/2020,MEM,TN,ASO,ES,Towers with Radar,619,25,37,1,682,0,1,4,0,5,619,26,41,1,687,0,0,0,687
07/24/2020,MEM,TN,ASO,ES,Towers with Radar,592,37,13,2,644,0,0,0,0,0,592,37,13,2,644,0,0,0,644
07/25/2020,MEM,TN,ASO,ES,Towers with Radar,408,20,21,0,449,0,0,7,0,7,408,20,28,0,456,0,0,0,456
07/26/2020,MEM,TN,ASO,ES,Towers with Radar,331,29,25,0,385,0,0,12,0,12,331,29,37,0,397,0,0,0,397
07/27/2020,MEM,TN,ASO,ES,Towers with Radar,227,33,32,0,292,0,1,4,0,5,227,34,36,0,297,0,0,0,297
07/28/2020,MEM,TN,ASO,ES,Towers with Radar,619,38,44,3,704,0,0,2,0,2,619,38,46,3,706,0,0,0,706
07/29/2020,MEM,TN,ASO,ES,Towers with Radar,608,36,32,5,681,0,0,6,0,6,608,36,38,5,687,0,0,0,687
07/30/2020,MEM,TN,ASO,ES,Towers with Radar,616,30,30,3,679,0,0,1,0,1,616,30,31,3,680,0,0,0,680
07/31/2020,MEM,TN,ASO,ES,Towers with Radar,579,33,35,5,652,0,0,1,0,1,579,33,36,5,653,0,0,0,653
08/01/2020,MEM,TN,ASO,ES,Towers with Radar,400,16,15,2,433,0,1,1,0,2,400,17,16,2,435,0,0,0,435
08/02/2020,MEM,TN,ASO,ES,Towers with Radar,339,41,35,0,415,0,1,3,0,4,339,42,38,0,419,0,0,0,419
08/03/2020,MEM,TN,ASO,ES,Towers with Radar,235,21,37,0,293,0,1,6,0,7,235,22,43,0,300,0,0,0,300
08/04/2020,MEM,TN,ASO,ES,Towers with Radar,605,24,36,8,673,0,7,1,2,10,605,31,37,10,683,0,0,0,683
08/05/2020,MEM,TN,ASO,ES,Towers with Radar,607,31,39,12,689,0,0,4,0,4,607,31,43,12,693,0,0,0,693
08/06/2020,MEM,TN,ASO,ES,Towers with Radar,612,35,45,2,694,0,0,9,0,9,612,35,54,2,703,0,0,0,703
08/07/2020,MEM,TN,ASO,ES,Towers with Radar,595,34,27,3,659,0,0,5,0,5,595,34,32,3,664,0,0,0,664
08/08/2020,MEM,TN,ASO,ES,Towers with Radar,392,12,13,1,418,0,0,4,0,4,392,12,17,1,422,0,0,0,422
08/09/2020,MEM,TN,ASO,ES,Towers with Radar,326,19,33,0,378,0,4,5,0,9,326,23,38,0,387,0,0,0,387
08/10/2020,MEM,TN,ASO,ES,Towers with Radar,224,20,18,0,262,0,0,11,0,11,224,20,29,0,273,0,0,0,273
08/11/2020,MEM,TN,ASO,ES,Towers with Radar,613,34,27,4,678,0,1,3,1,5,613,35,30,5,683,0,0,0,683
08/12/2020,MEM,TN,ASO,ES,Towers with Radar,627,22,37,3,689,0,0,1,1,2,627,22,38,4,691,0,0,0,691
08/13/2020,MEM,TN,ASO,ES,Towers with Radar,628,32,27,0,687,0,1,3,1,5,628,33,30,1,692,0,0,0,692
08/14/2020,MEM,TN,ASO,ES,Towers with Radar,594,39,29,4,666,0,0,1,0,1,594,39,30,4,667,0,0,0,667
08/15/2020,MEM,TN,ASO,ES,Towers with Radar,389,14,20,2,425,0,0,2,0,2,389,14,22,2,427,0,0,0,427
08/16/2020,MEM,TN,ASO,ES,Towers with Radar,337,16,25,0,378,0,1,7,0,8,337,17,32,0,386,0,0,0,386
08/17/2020,MEM,TN,ASO,ES,Towers with Radar,225,24,21,1,271,0,1,4,0,5,225,25,25,1,276,0,0,0,276
08/18/2020,MEM,TN,ASO,ES,Towers with Radar,619,33,22,4,678,0,1,9,0,10,619,34,31,4,688,0,0,0,688
08/19/2020,MEM,TN,ASO,ES,Towers with Radar,617,28,45,4,694,0,0,2,1,3,617,28,47,5,697,0,0,0,697
08/20/2020,MEM,TN,ASO,ES,Towers with Radar,630,27,27,1,685,0,2,7,1,10,630,29,34,2,695,0,0,0,695
08/21/2020,MEM,TN,ASO,ES,Towers with Radar,589,35,22,3,649,0,0,3,0,3,589,35,25,3,652,0,0,0,652
08/22/2020,MEM,TN,ASO,ES,Towers with Radar,397,17,18,4,436,0,1,1,0,2,397,18,19,4,438,0,0,0,438
08/23/2020,MEM,TN,ASO,ES,Towers with Radar,327,22,17,1,367,0,0,5,0,5,327,22,22,1,372,0,0,0,372
08/24/2020,MEM,TN,ASO,ES,Towers with Radar,240,16,28,1,285,0,1,11,0,12,240,17,39,1,297,0,0,0,297
08/25/2020,MEM,TN,ASO,ES,Towers with Radar,620,32,25,8,685,0,1,3,0,4,620,33,28,8,689,0,0,0,689
08/26/2020,MEM,TN,ASO,ES,Towers with Radar,568,26,44,5,643,0,0,2,0,2,568,26,46,5,645,0,0,0,645
08/27/2020,MEM,TN,ASO,ES,Towers with Radar,636,27,37,0,700,0,0,2,0,2,636,27,39,0,702,0,0,0,702
08/28/2020,MEM,TN,ASO,ES,Towers with Radar,584,35,18,3,640,0,0,0,0,0,584,35,18,3,640,0,0,0,640
08/29/2020,MEM,TN,ASO,ES,Towers with Radar,420,22,27,2,471,0,1,2,0,3,420,23,29,2,474,0,0,0,474
08/30/2020,MEM,TN,ASO,ES,Towers with Radar,350,12,25,2,389,0,0,7,0,7,350,12,32,2,396,0,0,0,396
08/31/2020,MEM,TN,ASO,ES,Towers with Radar,236,23,28,0,287,0,0,7,1,8,236,23,35,1,295,0,0,0,295
09/01/2020,MEM,TN,ASO,ES,Towers with Radar,618,32,21,5,676,0,0,2,0,2,618,32,23,5,678,0,0,0,678
09/02/2020,MEM,TN,ASO,ES,Towers with Radar,629,41,46,1,717,0,0,1,0,1,629,41,47,1,718,0,0,0,718
09/03/2020,MEM,TN,ASO,ES,Towers with Radar,620,36,41,4,701,0,0,2,0,2,620,36,43,4,703,0,0,0,703
09/04/2020,MEM,TN,ASO,ES,Towers with Radar,576,38,56,3,673,0,1,15,1,17,576,39,71,4,690,0,0,0,690
09/05/2020,MEM,TN,ASO,ES,Towers with Radar,390,7,15,0,412,0,0,22,1,23,390,7,37,1,435,0,0,0,435
09/06/2020,MEM,TN,ASO,ES,Towers with Radar,317,11,11,1,340,0,0,14,0,14,317,11,25,1,354,0,0,0,354
09/07/2020,MEM,TN,ASO,ES,Towers with Radar,131,23,32,0,186,0,2,10,1,13,131,25,42,1,199,0,0,0,199
09/08/2020,MEM,TN,ASO,ES,Towers with Radar,287,21,28,5,341,0,0,5,0,5,287,21,33,5,346,0,0,0,346
09/09/2020,MEM,TN,ASO,ES,Towers with Radar,640,30,43,5,718,0,1,6,0,7,640,31,49,5,725,0,0,0,725
09/10/2020,MEM,TN,ASO,ES,Towers with Radar,642,40,50,4,736,0,0,9,1,10,642,40,59,5,746,0,0,0,746
09/11/2020,MEM,TN,ASO,ES,Towers with Radar,604,33,38,3,678,0,1,1,2,4,604,34,39,5,682,0,0,0,682
09/12/2020,MEM,TN,ASO,ES,Towers with Radar,400,9,5,4,418,0,0,0,0,0,400,9,5,4,418,0,0,0,418
09/13/2020,MEM,TN,ASO,ES,Towers with Radar,330,26,25,5,386,0,0,2,0,2,330,26,27,5,388,0,0,0,388
09/14/2020,MEM,TN,ASO,ES,Towers with Radar,212,22,31,2,267,0,0,2,0,2,212,22,33,2,269,0,0,0,269
09/15/2020,MEM,TN,ASO,ES,Towers with Radar,621,34,33,2,690,0,0,9,0,9,621,34,42,2,699,0,0,0,699
09/16/2020,MEM,TN,ASO,ES,Towers with Radar,621,32,34,5,692,0,0,2,0,2,621,32,36,5,694,0,0,0,694
09/17/2020,MEM,TN,ASO,ES,Towers with Radar,606,43,33,2,684,0,1,7,0,8,606,44,40,2,692,0,0,0,692
09/18/2020,MEM,TN,ASO,ES,Towers with Radar,582,37,27,2,648,0,0,5,0,5,582,37,32,2,653,0,0,0,653
09/19/2020,MEM,TN,ASO,ES,Towers with Radar,394,10,19,2,425,0,0,7,1,8,394,10,26,3,433,0,0,0,433
09/20/2020,MEM,TN,ASO,ES,Towers with Radar,329,18,30,0,377,0,0,8,0,8,329,18,38,0,385,0,0,0,385
09/21/2020,MEM,TN,ASO,ES,Towers with Radar,212,21,32,0,265,0,0,2,0,2,212,21,34,0,267,0,0,0,267
09/22/2020,MEM,TN,ASO,ES,Towers with Radar,619,34,43,4,700,0,0,0,2,2,619,34,43,6,702,0,0,0,702
09/23/2020,MEM,TN,ASO,ES,Towers with Radar,608,44,41,4,697,0,0,0,0,0,608,44,41,4,697,0,0,0,697
09/24/2020,MEM,TN,ASO,ES,Towers with Radar,605,46,45,1,697,0,0,0,0,0,605,46,45,1,697,0,0,0,697
09/25/2020,MEM,TN,ASO,ES,Towers with Radar,584,46,37,0,667,0,0,1,0,1,584,46,38,0,668,0,0,0,668
09/26/2020,MEM,TN,ASO,ES,Towers with Radar,391,13,14,0,418,0,0,8,0,8,391,13,22,0,426,0,0,0,426
09/27/2020,MEM,TN,ASO,ES,Towers with Radar,334,22,32,1,389,0,2,7,0,9,334,24,39,1,398,0,0,0,398
09/28/2020,MEM,TN,ASO,ES,Towers with Radar,227,27,35,1,290,0,0,2,0,2,227,27,37,1,292,0,0,0,292
09/29/2020,MEM,TN,ASO,ES,Towers with Radar,610,51,35,4,700,0,2,5,0,7,610,53,40,4,707,0,0,0,707
09/30/2020,MEM,TN,ASO,ES,Towers with Radar,607,40,51,5,703,0,0,3,1,4,607,40,54,6,707,0,0,0,707
10/01/2020,MEM,TN,ASO,ES,Towers with Radar,611,36,42,2,691,0,1,6,0,7,611,37,48,2,698,0,0,0,698
10/02/2020,MEM,TN,ASO,ES,Towers with Radar,591,44,39,1,675,0,0,8,0,8,591,44,47,1,683,0,0,0,683
10/03/2020,MEM,TN,ASO,ES,Towers with Radar,392,14,18,3,427,0,0,6,0,6,392,14,24,3,433,0,0,0,433
10/04/2020,MEM,TN,ASO,ES,Towers with Radar,321,31,22,2,376,0,1,5,0,6,321,32,27,2,382,0,0,0,382
10/05/2020,MEM,TN,ASO,ES,Towers with Radar,237,24,29,2,292,0,2,6,4,12,237,26,35,6,304,0,0,0,304
10/06/2020,MEM,TN,ASO,ES,Towers with Radar,619,41,41,4,705,0,5,2,1,8,619,46,43,5,713,0,0,0,713
10/07/2020,MEM,TN,ASO,ES,Towers with Radar,597,39,33,8,677,0,1,9,0,10,597,40,42,8,687,0,0,0,687
10/08/2020,MEM,TN,ASO,ES,Towers with Radar,607,41,45,5,698,0,0,5,0,5,607,41,50,5,703,0,0,0,703
10/09/2020,MEM,TN,ASO,ES,Towers with Radar,605,42,28,0,675,0,0,1,0,1,605,42,29,0,676,0,0,0,676
10/10/2020,MEM,TN,ASO,ES,Towers with Radar,405,12,13,0,430,0,0,0,0,0,405,12,13,0,430,0,0,0,430
10/11/2020,MEM,TN,ASO,ES,Towers with Radar,341,35,43,0,419,0,0,4,0,4,341,35,47,0,423,0,0,0,423
10/12/2020,MEM,TN,ASO,ES,Towers with Radar,241,29,31,0,301,0,0,0,0,0,241,29,31,0,301,0,0,0,301
10/13/2020,MEM,TN,ASO,ES,Towers with Radar,588,42,36,4,670,0,0,2,0,2,588,42,38,4,672,0,0,0,672
10/14/2020,MEM,TN,ASO,ES,Towers with Radar,620,44,47,5,716,0,1,4,0,5,620,45,51,5,721,0,0,0,721
10/15/2020,MEM,TN,ASO,ES,Towers with Radar,640,51,39,8,738,0,0,9,0,9,640,51,48,8,747,0,0,0,747
10/16/2020,MEM,TN,ASO,ES,Towers with Radar,624,41,39,1,705,0,1,11,0,12,624,42,50,1,717,0,0,0,717
10/17/2020,MEM,TN,ASO,ES,Towers with Radar,404,16,26,0,446,0,0,9,0,9,404,16,35,0,455,0,0,0,455
10/18/2020,MEM,TN,ASO,ES,Towers with Radar,348,36,34,0,418,0,0,4,0,4,348,36,38,0,422,0,0,0,422
10/19/2020,MEM,TN,ASO,ES,Towers with Radar,239,42,41,0,322,0,0,1,0,1,239,42,42,0,323,0,0,0,323
10/20/2020,MEM,TN,ASO,ES,Towers with Radar,609,56,52,5,722,0,0,9,0,9,609,56,61,5,731,0,0,0,731
10/21/2020,MEM,TN,ASO,ES,Towers with Radar,613,38,48,4,703,0,0,3,0,3,613,38,51,4,706,0,0,0,706
10/22/2020,MEM,TN,ASO,ES,Towers with Radar,623,41,46,1,711,0,5,11,0,16,623,46,57,1,727,0,0,0,727
10/23/2020,MEM,TN,ASO,ES,Towers with Radar,613,56,40,9,718,0,1,1,0,2,613,57,41,9,720,0,0,0,720
10/24/2020,MEM,TN,ASO,ES,Towers with Radar,400,32,16,2,450,0,0,1,0,1,400,32,17,2,451,0,0,0,451
10/25/2020,MEM,TN,ASO,ES,Towers with Radar,345,37,49,4,435,0,1,0,0,1,345,38,49,4,436,0,0,0,436
10/26/2020,MEM,TN,ASO,ES,Towers with Radar,229,34,40,3,306,1,0,1,0,2,230,34,41,3,308,0,0,0,308
10/27/2020,MEM,TN,ASO,ES,Towers with Radar,610,42,45,6,703,0,0,0,0,0,610,42,45,6,703,0,0,0,703
10/28/2020,MEM,TN,ASO,ES,Towers with Radar,604,43,44,4,695,0,0,0,0,0,604,43,44,4,695,0,0,0,695
10/29/2020,MEM,TN,ASO,ES,Towers with Radar,618,40,36,0,694,0,0,0,0,0,618,40,36,0,694,0,0,0,694
10/30/2020,MEM,TN,ASO,ES,Towers with Radar,604,52,33,2,691,0,0,7,0,7,604,52,40,2,698,0,0,0,698
10/31/2020,MEM,TN,ASO,ES,Towers with Radar,397,14,22,1,434,0,2,11,0,13,397,16,33,1,447,0,0,0,447
11/01/2020,MEM,TN,ASO,ES,Towers with Radar,337,20,26,1,384,0,0,10,0,10,337,20,36,1,394,0,0,0,394
11/02/2020,MEM,TN,ASO,ES,Towers with Radar,237,26,34,1,298,0,2,14,0,16,237,28,48,1,314,0,0,0,314
11/03/2020,MEM,TN,ASO,ES,Towers with Radar,610,34,36,5,685,0,1,5,0,6,610,35,41,5,691,0,0,0,691
11/04/2020,MEM,TN,ASO,ES,Towers with Radar,618,47,33,5,703,0,2,9,0,11,618,49,42,5,714,0,0,0,714
11/05/2020,MEM,TN,ASO,ES,Towers with Radar,621,38,39,2,700,0,3,6,0,9,621,41,45,2,709,0,0,0,709
11/06/2020,MEM,TN,ASO,ES,Towers with Radar,603,48,36,17,704,0,3,6,2,11,603,51,42,19,715,0,0,0,715
11/07/2020,MEM,TN,ASO,ES,Towers with Radar,407,17,18,20,462,0,0,7,3,10,407,17,25,23,472,0,0,0,472
11/08/2020,MEM,TN,ASO,ES,Towers with Radar,356,33,44,8,441,0,0,4,0,4,356,33,48,8,445,0,0,0,445
11/09/2020,MEM,TN,ASO,ES,Towers with Radar,248,20,28,18,314,0,0,3,0,3,248,20,31,18,317,0,0,0,317
11/10/2020,MEM,TN,ASO,ES,Towers with Radar,621,44,29,11,705,0,0,3,0,3,621,44,32,11,708,0,0,0,708
11/11/2020,MEM,TN,ASO,ES,Towers with Radar,635,34,30,0,699,0,1,16,0,17,635,35,46,0,716,0,0,0,716
11/12/2020,MEM,TN,ASO,ES,Towers with Radar,614,41,48,5,708,0,1,5,0,6,614,42,53,5,714,0,0,0,714
11/13/2020,MEM,TN,ASO,ES,Towers with Radar,614,34,35,8,691,0,0,4,0,4,614,34,39,8,695,0,0,0,695
11/14/2020,MEM,TN,ASO,ES,Towers with Radar,422,21,10,6,459,0,0,3,0,3,422,21,13,6,462,0,0,0,462
11/15/2020,MEM,TN,ASO,ES,Towers with Radar,365,29,44,6,444,0,0,9,1,10,365,29,53,7,454,0,0,0,454
11/16/2020,MEM,TN,ASO,ES,Towers with Radar,247,24,36,4,311,0,1,6,1,8,247,25,42,5,319,0,0,0,319
11/17/2020,MEM,TN,ASO,ES,Towers with Radar,644,34,36,6,720,0,1,3,0,4,644,35,39,6,724,0,0,0,724
11/18/2020,MEM,TN,ASO,ES,Towers with Radar,651,45,38,8,742,0,2,8,0,10,651,47,46,8,752,0,0,0,752
11/19/2020,MEM,TN,ASO,ES,Towers with Radar,649,39,42,1,731,0,1,7,0,8,649,40,49,1,739,0,0,0,739
11/20/2020,MEM,TN,ASO,ES,Towers with Radar,620,51,43,7,721,0,2,4,0,6,620,53,47,7,727,0,0,0,727
11/21/2020,MEM,TN,ASO,ES,Towers with Radar,437,20,26,8,491,0,0,2,0,2,437,20,28,8,493,0,0,0,493
11/22/2020,MEM,TN,ASO,ES,Towers with Radar,389,17,22,5,433,0,0,0,0,0,389,17,22,5,433,0,0,0,433
11/23/2020,MEM,TN,ASO,ES,Towers with Radar,255,15,27,3,300,0,0,4,3,7,255,15,31,6,307,0,0,0,307
11/24/2020,MEM,TN,ASO,ES,Towers with Radar,663,40,54,7,764,0,2,4,0,6,663,42,58,7,770,0,0,0,770
11/25/2020,MEM,TN,ASO,ES,Towers with Radar,696,46,49,1,792,0,0,2,0,2,696,46,51,1,794,0,0,0,794
11/26/2020,MEM,TN,ASO,ES,Towers with Radar,166,18,6,1,191,0,3,6,0,9,166,21,12,1,200,0,0,0,200
11/27/2020,MEM,TN,ASO,ES,Towers with Radar,596,21,22,0,639,0,0,2,0,2,596,21,24,0,641,0,0,0,641
11/28/2020,MEM,TN,ASO,ES,Towers with Radar,466,22,26,0,514,0,0,3,0,3,466,22,29,0,517,0,0,0,517
11/29/2020,MEM,TN,ASO,ES,Towers with Radar,391,32,33,0,456,0,0,1,0,1,391,32,34,0,457,0,0,0,457
11/30/2020,MEM,TN,ASO,ES,Towers with Radar,275,23,25,1,324,0,0,0,0,0,275,23,25,1,324,0,0,0,324
12/01/2020,MEM,TN,ASO,ES,Towers with Radar,698,40,34,6,778,0,0,5,0,5,698,40,39,6,783,0,0,0,783
12/02/2020,MEM,TN,ASO,ES,Towers with Radar,680,44,39,4,767,0,0,5,0,5,680,44,44,4,772,0,0,0,772
12/03/2020,MEM,TN,ASO,ES,Towers with Radar,685,35,46,6,772,0,0,0,0,0,685,35,46,6,772,0,0,0,772
12/04/2020,MEM,TN,ASO,ES,Towers with Radar,637,48,28,4,717,0,1,1,0,2,637,49,29,4,719,0,0,0,719
12/05/2020,MEM,TN,ASO,ES,Towers with Radar,412,25,17,2,456,0,3,5,4,12,412,28,22,6,468,0,0,0,468
12/06/2020,MEM,TN,ASO,ES,Towers with Radar,350,28,33,0,411,0,0,8,0,8,350,28,41,0,419,0,0,0,419
12/07/2020,MEM,TN,ASO,ES,Towers with Radar,290,23,31,0,344,0,0,11,0,11,290,23,42,0,355,0,0,0,355
12/08/2020,MEM,TN,ASO,ES,Towers with Radar,689,39,28,12,768,0,1,16,0,17,689,40,44,12,785,0,0,0,785
12/09/2020,MEM,TN,ASO,ES,Towers with Radar,685,43,31,7,766,0,0,20,0,20,685,43,51,7,786,0,0,0,786
12/10/2020,MEM,TN,ASO,ES,Towers with Radar,695,48,41,0,784,0,0,2,2,4,695,48,43,2,788,0,0,0,788
12/11/2020,MEM,TN,ASO,ES,Towers with Radar,616,38,39,2,695,0,0,3,0,3,616,38,42,2,698,0,0,0,698
12/12/2020,MEM,TN,ASO,ES,Towers with Radar,448,26,14,2,490,0,0,4,0,4,448,26,18,2,494,0,0,0,494
12/13/2020,MEM,TN,ASO,ES,Towers with Radar,376,21,29,0,426,0,0,2,0,2,376,21,31,0,428,0,0,0,428
12/14/2020,MEM,TN,ASO,ES,Towers with Radar,285,26,30,6,347,0,0,2,0,2,285,26,32,6,349,0,0,0,349
12/15/2020,MEM,TN,ASO,ES,Towers with Radar,732,36,35,7,810,0,0,0,1,1,732,36,35,8,811,0,0,0,811
12/16/2020,MEM,TN,ASO,ES,Towers with Radar,706,29,60,8,803,0,0,1,0,1,706,29,61,8,804,0,0,0,804
12/17/2020,MEM,TN,ASO,ES,Towers with Radar,715,43,45,5,808,0,0,7,0,7,715,43,52,5,815,0,0,0,815
12/18/2020,MEM,TN,ASO,ES,Towers with Radar,673,39,28,2,742,0,0,5,0,5,673,39,33,2,747,0,0,0,747
12/19/2020,MEM,TN,ASO,ES,Towers with Radar,500,27,19,0,546,0,0,0,0,0,500,27,19,0,546,0,0,0,546
12/20/2020,MEM,TN,ASO,ES,Towers with Radar,457,32,22,2,513,0,0,0,0,0,457,32,22,2,513,0,0,0,513
12/21/2020,MEM,TN,ASO,ES,Towers with Radar,455,30,28,1,514,0,4,6,2,12,455,34,34,3,526,0,0,0,526
12/22/2020,MEM,TN,ASO,ES,Towers with Radar,737,46,28,2,813,0,0,16,0,16,737,46,44,2,829,0,0,0,829
12/23/2020,MEM,TN,ASO,ES,Towers with Radar,742,38,26,0,806,0,0,2,0,2,742,38,28,0,808,0,0,0,808
12/24/2020,MEM,TN,ASO,ES,Towers with Radar,675,33,16,1,725,0,0,2,1,3,675,33,18,2,728,0,0,0,728
12/25/2020,MEM,TN,ASO,ES,Towers with Radar,132,19,4,0,155,0,1,2,0,3,132,20,6,0,158,0,0,0,158
12/26/2020,MEM,TN,ASO,ES,Towers with Radar,419,17,37,0,473,0,0,6,0,6,419,17,43,0,479,0,0,0,479
12/27/2020,MEM,TN,ASO,ES,Towers with Radar,338,20,24,0,382,0,0,5,0,5,338,20,29,0,387,0,0,0,387
12/28/2020,MEM,TN,ASO,ES,Towers with Radar,220,29,28,1,278,0,0,4,1,5,220,29,32,2,283,0,0,0,283
12/29/2020,MEM,TN,ASO,ES,Towers with Radar,705,36,25,0,766,0,1,8,1,10,705,37,33,1,776,0,0,0,776
12/30/2020,MEM,TN,ASO,ES,Towers with Radar,711,43,30,0,784,0,0,1,0,1,711,43,31,0,785,0,0,0,785
12/31/2020,MEM,TN,ASO,ES,Towers with Radar,663,42,20,0,725,0,0,0,0,0,663,42,20,0,725,0,0,0,725
01/01/2021,MEM,TN,ASO,ES,Towers with Radar,158,13,18,0,189,0,2,4,0,6,158,15,22,0,195,0,0,0,195
01/02/2021,MEM,TN,ASO,ES,Towers with Radar,435,25,30,1,491,0,0,0,0,0,435,25,30,1,491,0,0,0,491
01/03/2021,MEM,TN,ASO,ES,Towers with Radar,358,23,43,0,424,0,0,5,0,5,358,23,48,0,429,0,0,0,429
01/04/2021,MEM,TN,ASO,ES,Towers with Radar,241,33,30,1,305,0,6,9,0,15,241,39,39,1,320,0,0,0,320
01/05/2021,MEM,TN,ASO,ES,Towers with Radar,636,46,15,5,702,0,1,6,1,8,636,47,21,6,710,0,0,0,710
01/06/2021,MEM,TN,ASO,ES,Towers with Radar,638,34,33,6,711,0,0,3,0,3,638,34,36,6,714,0,0,0,714
01/07/2021,MEM,TN,ASO,ES,Towers with Radar,632,37,24,3,696,0,0,0,0,0,632,37,24,3,696,0,0,0,696
01/08/2021,MEM,TN,ASO,ES,Towers with Radar,631,40,25,3,699,0,0,3,0,3,631,40,28,3,702,0,0,0,702
01/09/2021,MEM,TN,ASO,ES,Towers with Radar,420,22,24,4,470,0,0,5,3,8,420,22,29,7,478,0,0,0,478
01/10/2021,MEM,TN,ASO,ES,Towers with Radar,362,19,30,3,414,0,0,1,1,2,362,19,31,4,416,0,0,0,416
01/11/2021,MEM,TN,ASO,ES,Towers with Radar,230,19,17,0,266,0,0,1,0,1,230,19,18,0,267,0,0,0,267
01/12/2021,MEM,TN,ASO,ES,Towers with Radar,630,37,39,10,716,0,0,9,0,9,630,37,48,10,725,0,0,0,725
01/13/2021,MEM,TN,ASO,ES,Towers with Radar,623,40,33,6,702,0,0,15,0,15,623,40,48,6,717,0,0,0,717
01/14/2021,MEM,TN,ASO,ES,Towers with Radar,619,36,44,4,703,0,1,9,0,10,619,37,53,4,713,0,0,0,713
01/15/2021,MEM,TN,ASO,ES,Towers with Radar,603,42,27,3,675,0,0,3,0,3,603,42,30,3,678,0,0,0,678
01/16/2021,MEM,TN,ASO,ES,Towers with Radar,397,24,16,2,439,0,0,4,0,4,397,24,20,2,443,0,0,0,443
01/17/2021,MEM,TN,ASO,ES,Towers with Radar,342,21,19,2,384,0,0,1,0,1,342,21,20,2,385,0,0,0,385
01/18/2021,MEM,TN,ASO,ES,Towers with Radar,239,23,34,0,296,0,0,2,0,2,239,23,36,0,298,0,0,0,298
01/19/2021,MEM,TN,ASO,ES,Towers with Radar,582,40,27,0,649,0,1,10,0,11,582,41,37,0,660,0,0,0,660
01/20/2021,MEM,TN,ASO,ES,Towers with Radar,603,44,49,0,696,0,2,2,0,4,603,46,51,0,700,0,0,0,700
01/21/2021,MEM,TN,ASO,ES,Towers with Radar,656,33,35,3,727,0,0,7,0,7,656,33,42,3,734,0,0,0,734
01/22/2021,MEM,TN,ASO,ES,Towers with Radar,614,41,23,12,690,0,0,6,0,6,614,41,29,12,696,0,0,0,696
01/23/2021,MEM,TN,ASO,ES,Towers with Radar,402,34,22,1,459,0,2,7,0,9,402,36,29,1,468,0,0,0,468
01/24/2021,MEM,TN,ASO,ES,Towers with Radar,365,15,23,1,404,0,0,1,0,1,365,15,24,1,405,0,0,0,405
01/25/2021,MEM,TN,ASO,ES,Towers with Radar,236,33,28,1,298,0,0,0,0,0,236,33,28,1,298,0,0,0,298
01/26/2021,MEM,TN,ASO,ES,Towers with Radar,622,43,25,5,695,0,0,8,0,8,622,43,33,5,703,0,0,0,703
01/27/2021,MEM,TN,ASO,ES,Towers with Radar,637,43,51,7,738,0,1,0,2,3,637,44,51,9,741,0,0,0,741
01/28/2021,MEM,TN,ASO,ES,Towers with Radar,634,44,43,3,724,0,1,4,0,5,634,45,47,3,729,0,0,0,729
01/29/2021,MEM,TN,ASO,ES,Towers with Radar,610,47,42,6,705,0,2,4,0,6,610,49,46,6,711,0,0,0,711
01/30/2021,MEM,TN,ASO,ES,Towers with Radar,404,21,16,1,442,0,2,5,0,7,404,23,21,1,449,0,0,0,449
01/31/2021,MEM,TN,ASO,ES,Towers with Radar,351,18,30,1,400,0,0,0,0,0,351,18,30,1,400,0,0,0,400
02/01/2021,MEM,TN,ASO,ES,Towers with Radar,232,27,19,2,280,0,0,0,0,0,232,27,19,2,280,0,0,0,280
02/02/2021,MEM,TN,ASO,ES,Towers with Radar,625,35,26,6,692,0,2,7,0,9,625,37,33,6,701,0,0,0,701
02/03/2021,MEM,TN,ASO,ES,Towers with Radar,644,45,43,4,736,0,1,9,0,10,644,46,52,4,746,0,0,0,746
02/04/2021,MEM,TN,ASO,ES,Towers with Radar,616,45,32,3,696,0,0,2,1,3,616,45,34,4,699,0,0,0,699
02/05/2021,MEM,TN,ASO,ES,Towers with Radar,610,47,27,4,688,0,2,11,0,13,610,49,38,4,701,0,0,0,701
02/06/2021,MEM,TN,ASO,ES,Towers with Radar,416,29,13,3,461,0,0,2,0,2,416,29,15,3,463,0,0,0,463
02/07/2021,MEM,TN,ASO,ES,Towers with Radar,341,24,21,3,389,0,0,0,0,0,341,24,21,3,389,0,0,0,389
02/08/2021,MEM,TN,ASO,ES,Towers with Radar,252,26,36,2,316,0,0,3,0,3,252,26,39,2,319,0,0,0,319
02/09/2021,MEM,TN,ASO,ES,Towers with Radar,627,53,52,4,736,0,0,0,0,0,627,53,52,4,736,0,0,0,736
02/10/2021,MEM,TN,ASO,ES,Towers with Radar,609,34,39,3,685,0,0,0,0,0,609,34,39,3,685,0,0,0,685
02/11/2021,MEM,TN,ASO,ES,Towers with Radar,362,28,26,1,417,0,0,0,0,0,362,28,26,1,417,0,0,0,417
02/12/2021,MEM,TN,ASO,ES,Towers with Radar,586,42,30,5,663,0,0,0,0,0,586,42,30,5,663,0,0,0,663
02/13/2021,MEM,TN,ASO,ES,Towers with Radar,426,23,25,1,475,0,0,0,0,0,426,23,25,1,475,0,0,0,475
02/14/2021,MEM,TN,ASO,ES,Towers with Radar,271,8,38,1,318,0,0,0,0,0,271,8,38,1,318,0,0,0,318
02/15/2021,MEM,TN,ASO,ES,Towers with Radar,49,6,11,0,66,0,0,0,0,0,49,6,11,0,66,0,0,0,66
02/16/2021,MEM,TN,ASO,ES,Towers with Radar,166,28,39,0,233,0,1,2,0,3,166,29,41,0,236,0,0,0,236
02/17/2021,MEM,TN,ASO,ES,Towers with Radar,110,13,12,0,135,0,0,0,0,0,110,13,12,0,135,0,0,0,135
02/18/2021,MEM,TN,ASO,ES,Towers with Radar,158,23,26,0,207,0,0,2,0,2,158,23,28,0,209,0,0,0,209
02/19/2021,MEM,TN,ASO,ES,Towers with Radar,222,22,52,0,296,0,3,6,0,9,222,25,58,0,305,0,0,0,305
02/20/2021,MEM,TN,ASO,ES,Towers with Radar,304,24,43,0,371,0,0,5,0,5,304,24,48,0,376,0,0,0,376
02/21/2021,MEM,TN,ASO,ES,Towers with Radar,408,27,42,0,477,0,0,7,0,7,408,27,49,0,484,0,0,0,484
02/22/2021,MEM,TN,ASO,ES,Towers with Radar,386,34,41,5,466,0,1,6,0,7,386,35,47,5,473,0,0,0,473
02/23/2021,MEM,TN,ASO,ES,Towers with Radar,614,55,49,2,720,0,0,5,0,5,614,55,54,2,725,0,0,0,725
02/24/2021,MEM,TN,ASO,ES,Towers with Radar,617,52,59,2,730,0,0,2,0,2,617,52,61,2,732,0,0,0,732
02/25/2021,MEM,TN,ASO,ES,Towers with Radar,620,49,32,5,706,0,1,10,3,14,620,50,42,8,720,0,0,0,720
02/26/2021,MEM,TN,ASO,ES,Towers with Radar,616,41,32,3,692,0,0,0,0,0,616,41,32,3,692,0,0,0,692
02/27/2021,MEM,TN,ASO,ES,Towers with Radar,467,20,20,2,509,0,0,0,0,0,467,20,20,2,509,0,0,0,509
02/28/2021,MEM,TN,ASO,ES,Towers with Radar,426,17,20,2,465,0,0,0,1,1,426,17,20,3,466,0,0,0,466
03/01/2021,MEM,TN,ASO,ES,Towers with Radar,405,32,29,1,467,0,0,3,0,3,405,32,32,1,470,0,0,0,470
03/02/2021,MEM,TN,ASO,ES,Towers with Radar,637,43,34,8,722,0,0,8,2,10,637,43,42,10,732,0,0,0,732
03/03/2021,MEM,TN,ASO,ES,Towers with Radar,626,44,50,5,725,0,2,5,2,9,626,46,55,7,734,0,0,0,734
03/04/2021,MEM,TN,ASO,ES,Towers with Radar,647,37,45,1,730,0,0,12,0,12,647,37,57,1,742,0,0,0,742
03/05/2021,MEM,TN,ASO,ES,Towers with Radar,605,42,49,4,700,0,3,3,0,6,605,45,52,4,706,0,0,0,706
03/06/2021,MEM,TN,ASO,ES,Towers with Radar,416,17,19,1,453,0,0,2,0,2,416,17,21,1,455,0,0,0,455
03/07/2021,MEM,TN,ASO,ES,Towers with Radar,357,24,28,0,409,0,3,14,0,17,357,27,42,0,426,0,0,0,426
03/08/2021,MEM,TN,ASO,ES,Towers with Radar,417,34,34,0,485,0,2,1,0,3,417,36,35,0,488,0,0,0,488
03/09/2021,MEM,TN,ASO,ES,Towers with Radar,635,46,27,6,714,0,0,1,1,2,635,46,28,7,716,0,0,0,716
03/10/2021,MEM,TN,ASO,ES,Towers with Radar,630,48,43,10,731,0,3,3,0,6,630,51,46,10,737,0,0,0,737
03/11/2021,MEM,TN,ASO,ES,Towers with Radar,652,43,50,1,746,0,0,2,1,3,652,43,52,2,749,0,0,0,749
03/12/2021,MEM,TN,ASO,ES,Towers with Radar,617,41,42,0,700,0,0,2,0,2,617,41,44,0,702,0,0,0,702
03/13/2021,MEM,TN,ASO,ES,Towers with Radar,433,35,24,2,494,0,2,0,0,2,433,37,24,2,496,0,0,0,496
03/14/2021,MEM,TN,ASO,ES,Towers with Radar,345,25,39,0,409,0,0,2,0,2,345,25,41,0,411,0,0,0,411
03/15/2021,MEM,TN,ASO,ES,Towers with Radar,258,35,29,0,322,0,1,1,0,2,258,36,30,0,324,0,0,0,324
03/16/2021,MEM,TN,ASO,ES,Towers with Radar,662,53,30,7,752,0,1,10,0,11,662,54,40,7,763,0,0,0,763
03/17/2021,MEM,TN,ASO,ES,Towers with Radar,611,30,19,1,661,1,0,0,0,1,612,30,19,1,662,0,0,0,662
03/18/2021,MEM,TN,ASO,ES,Towers with Radar,643,38,43,2,726,0,0,3,1,4,643,38,46,3,730,0,0,0,730
03/19/2021,MEM,TN,ASO,ES,Towers with Radar,631,45,30,3,709,0,0,1,1,2,631,45,31,4,711,0,0,0,711
03/20/2021,MEM,TN,ASO,ES,Towers with Radar,446,13,25,0,484,0,2,12,0,14,446,15,37,0,498,0,0,0,498
03/21/2021,MEM,TN,ASO,ES,Towers with Radar,370,39,38,2,449,0,3,14,3,20,370,42,52,5,469,0,0,0,469
03/22/2021,MEM,TN,ASO,ES,Towers with Radar,268,26,23,2,319,0,4,6,0,10,268,30,29,2,329,0,0,0,329
03/23/2021,MEM,TN,ASO,ES,Towers with Radar,660,51,28,0,739,0,0,0,0,0,660,51,28,0,739,0,0,0,739
03/24/2021,MEM,TN,ASO,ES,Towers with Radar,651,53,38,6,748,0,4,6,0,10,651,57,44,6,758,0,0,0,758
03/25/2021,MEM,TN,ASO,ES,Towers with Radar,677,42,30,0,749,0,0,0,0,0,677,42,30,0,749,0,0,0,749
03/26/2021,MEM,TN,ASO,ES,Towers with Radar,638,41,59,4,742,0,1,15,1,17,638,42,74,5,759,0,0,0,759
03/27/2021,MEM,TN,ASO,ES,Towers with Radar,442,28,20,0,490,0,0,0,0,0,442,28,20,0,490,0,0,0,490
03/28/2021,MEM,TN,ASO,ES,Towers with Radar,373,32,35,2,442,0,0,5,0,5,373,32,40,2,447,0,0,0,447
03/29/2021,MEM,TN,ASO,ES,Towers with Radar,286,22,36,3,347,0,2,10,0,12,286,24,46,3,359,0,0,0,359
03/30/2021,MEM,TN,ASO,ES,Towers with Radar,632,39,53,6,730,0,0,3,0,3,632,39,56,6,733,0,0,0,733
03/31/2021,MEM,TN,ASO,ES,Towers with Radar,657,32,43,14,746,0,0,0,0,0,657,32,43,14,746,0,0,0,746
04/01/2021,MEM,TN,ASO,ES,Towers with Radar,660,52,52,8,772,0,2,10,2,14,660,54,62,10,786,0,0,0,786
04/02/2021,MEM,TN,ASO,ES,Towers with Radar,640,35,29,3,707,0,4,4,0,8,640,39,33,3,715,0,0,0,715
04/03/2021,MEM,TN,ASO,ES,Towers with Radar,412,21,25,0,458,0,0,11,0,11,412,21,36,0,469,0,0,0,469
04/04/2021,MEM,TN,ASO,ES,Towers with Radar,349,20,24,0,393,0,2,1,0,3,349,22,25,0,396,0,0,0,396
04/05/2021,MEM,TN,ASO,ES,Towers with Radar,250,18,41,1,310,0,2,6,0,8,250,20,47,1,318,0,0,0,318
04/06/2021,MEM,TN,ASO,ES,Towers with Radar,640,48,49,5,742,0,0,14,0,14,640,48,63,5,756,0,0,0,756
04/07/2021,MEM,TN,ASO,ES,Towers with Radar,613,39,51,4,707,0,0,4,0,4,613,39,55,4,711,0,0,0,711
04/08/2021,MEM,TN,ASO,ES,Towers with Radar,687,45,35,4,771,0,0,6,0,6,687,45,41,4,777,0,0,0,777
04/09/2021,MEM,TN,ASO,ES,Towers with Radar,619,46,38,7,710,0,0,5,0,5,619,46,43,7,715,0,0,0,715
04/10/2021,MEM,TN,ASO,ES,Towers with Radar,449,25,25,6,505,0,0,6,0,6,449,25,31,6,511,0,0,0,511
04/11/2021,MEM,TN,ASO,ES,Towers with Radar,367,27,41,7,442,0,0,14,0,14,367,27,55,7,456,0,0,0,456
04/12/2021,MEM,TN,ASO,ES,Towers with Radar,254,31,42,3,330,0,2,13,2,17,254,33,55,5,347,0,0,0,347
04/13/2021,MEM,TN,ASO,ES,Towers with Radar,642,50,54,4,750,0,0,14,0,14,642,50,68,4,764,0,0,0,764
04/14/2021,MEM,TN,ASO,ES,Towers with Radar,652,43,46,6,747,0,1,11,0,12,652,44,57,6,759,0,0,0,759
04/15/2021,MEM,TN,ASO,ES,Towers with Radar,649,42,50,6,747,0,0,4,2,6,649,42,54,8,753,0,0,0,753
04/16/2021,MEM,TN,ASO,ES,Towers with Radar,634,39,39,22,734,0,0,5,2,7,634,39,44,24,741,0,0,0,741
04/17/2021,MEM,TN,ASO,ES,Towers with Radar,433,27,22,8,490,0,2,3,0,5,433,29,25,8,495,0,0,0,495
04/18/2021,MEM,TN,ASO,ES,Towers with Radar,352,17,28,4,401,0,0,0,0,0,352,17,28,4,401,0,0,0,401
04/19/2021,MEM,TN,ASO,ES,Towers with Radar,251,28,51,2,332,0,0,10,0,10,251,28,61,2,342,0,0,0,342
04/20/2021,MEM,TN,ASO,ES,Towers with Radar,625,47,46,5,723,0,0,9,0,9,625,47,55,5,732,0,0,0,732
04/21/2021,MEM,TN,ASO,ES,Towers with Radar,658,40,54,6,758,0,0,10,0,10,658,40,64,6,768,0,0,0,768
04/22/2021,MEM,TN,ASO,ES,Towers with Radar,655,45,41,1,742,0,0,14,0,14,655,45,55,1,756,0,0,0,756
04/23/2021,MEM,TN,ASO,ES,Towers with Radar,621,30,56,9,716,0,0,4,1,5,621,30,60,10,721,0,0,0,721
04/24/2021,MEM,TN,ASO,ES,Towers with Radar,452,20,21,0,493,0,0,0,0,0,452,20,21,0,493,0,0,0,493
04/25/2021,MEM,TN,ASO,ES,Towers with Radar,353,20,42,0,415,0,1,13,0,14,353,21,55,0,429,0,0,0,429
04/26/2021,MEM,TN,ASO,ES,Towers with Radar,227,26,37,4,294,0,0,4,0,4,227,26,41,4,298,0,0,0,298
04/27/2021,MEM,TN,ASO,ES,Towers with Radar,669,48,44,6,767,0,0,5,0,5,669,48,49,6,772,0,0,0,772
04/28/2021,MEM,TN,ASO,ES,Towers with Radar,639,41,49,4,733,0,1,2,0,3,639,42,51,4,736,0,0,0,736
04/29/2021,MEM,TN,ASO,ES,Towers with Radar,653,45,38,5,741,0,0,1,2,3,653,45,39,7,744,0,0,0,744
04/30/2021,MEM,TN,ASO,ES,Towers with Radar,645,44,46,3,738,0,2,6,0,8,645,46,52,3,746,0,0,0,746
05/01/2021,MEM,TN,ASO,ES,Towers with Radar,429,21,20,0,470,0,0,4,0,4,429,21,24,0,474,0,0,0,474
05/02/2021,MEM,TN,ASO,ES,Towers with Radar,349,23,43,0,415,0,0,1,0,1,349,23,44,0,416,0,0,0,416
05/03/2021,MEM,TN,ASO,ES,Towers with Radar,256,31,41,2,330,0,1,0,0,1,256,32,41,2,331,0,0,0,331
05/04/2021,MEM,TN,ASO,ES,Towers with Radar,626,46,30,3,705,0,0,0,0,0,626,46,30,3,705,0,0,0,705
05/05/2021,MEM,TN,ASO,ES,Towers with Radar,656,38,54,5,753,0,0,0,0,0,656,38,54,5,753,0,0,0,753
05/06/2021,MEM,TN,ASO,ES,Towers with Radar,665,43,67,7,782,0,1,8,0,9,665,44,75,7,791,0,0,0,791
05/07/2021,MEM,TN,ASO,ES,Towers with Radar,646,44,36,3,729,0,0,9,0,9,646,44,45,3,738,0,0,0,738
05/08/2021,MEM,TN,ASO,ES,Towers with Radar,424,21,31,0,476,0,0,4,0,4,424,21,35,0,480,0,0,0,480
05/09/2021,MEM,TN,ASO,ES,Towers with Radar,369,28,22,0,419,0,0,0,0,0,369,28,22,0,419,0,0,0,419
05/10/2021,MEM,TN,ASO,ES,Towers with Radar,241,19,44,5,309,0,3,7,0,10,241,22,51,5,319,0,0,0,319
05/11/2021,MEM,TN,ASO,ES,Towers with Radar,641,53,56,6,756,0,0,7,0,7,641,53,63,6,763,0,0,0,763
05/12/2021,MEM,TN,ASO,ES,Towers with Radar,666,53,64,4,787,0,0,8,0,8,666,53,72,4,795,0,0,0,795
05/13/2021,MEM,TN,ASO,ES,Towers with Radar,652,44,63,0,759,0,1,8,1,10,652,45,71,1,769,0,0,0,769
05/14/2021,MEM,TN,ASO,ES,Towers with Radar,644,52,46,3,745,0,2,11,1,14,644,54,57,4,759,0,0,0,759
05/15/2021,MEM,TN,ASO,ES,Towers with Radar,427,24,23,0,474,0,2,6,0,8,427,26,29,0,482,0,0,0,482
05/16/2021,MEM,TN,ASO,ES,Towers with Radar,348,45,45,2,440,0,1,6,0,7,348,46,51,2,447,0,0,0,447
05/17/2021,MEM,TN,ASO,ES,Towers with Radar,263,21,37,4,325,0,0,9,0,9,263,21,46,4,334,0,0,0,334
05/18/2021,MEM,TN,ASO,ES,Towers with Radar,650,46,40,7,743,0,0,3,1,4,650,46,43,8,747,0,0,0,747
05/19/2021,MEM,TN,ASO,ES,Towers with Radar,660,55,56,5,776,0,1,5,1,7,660,56,61,6,783,0,0,0,783
05/20/2021,MEM,TN,ASO,ES,Towers with Radar,651,49,65,2,767,0,0,5,0,5,651,49,70,2,772,0,0,0,772
05/21/2021,MEM,TN,ASO,ES,Towers with Radar,630,44,49,3,726,0,1,11,0,12,630,45,60,3,738,0,0,0,738
05/22/2021,MEM,TN,ASO,ES,Towers with Radar,428,20,21,8,477,0,0,5,2,7,428,20,26,10,484,0,0,0,484
05/23/2021,MEM,TN,ASO,ES,Towers with Radar,353,29,29,6,417,0,0,4,6,10,353,29,33,12,427,0,0,0,427
05/24/2021,MEM,TN,ASO,ES,Towers with Radar,260,31,26,4,321,0,0,5,1,6,260,31,31,5,327,0,0,0,327
05/25/2021,MEM,TN,ASO,ES,Towers with Radar,644,48,32,6,730,0,0,3,0,3,644,48,35,6,733,0,0,0,733
05/26/2021,MEM,TN,ASO,ES,Towers with Radar,644,44,48,4,740,0,0,2,0,2,644,44,50,4,742,0,0,0,742
05/27/2021,MEM,TN,ASO,ES,Towers with Radar,667,46,68,5,786,0,0,2,2,4,667,46,70,7,790,0,0,0,790
05/28/2021,MEM,TN,ASO,ES,Towers with Radar,626,47,30,3,706,0,0,2,0,2,626,47,32,3,708,0,0,0,708
05/29/2021,MEM,TN,ASO,ES,Towers with Radar,425,23,34,1,483,0,0,1,0,1,425,23,35,1,484,0,0,0,484
05/30/2021,MEM,TN,ASO,ES,Towers with Radar,339,27,27,3,396,0,0,10,0,10,339,27,37,3,406,0,0,0,406
05/31/2021,MEM,TN,ASO,ES,Towers with Radar,152,24,28,0,204,0,0,2,0,2,152,24,30,0,206,0,0,0,206
06/01/2021,MEM,TN,ASO,ES,Towers with Radar,343,33,48,1,425,0,0,5,0,5,343,33,53,1,430,0,0,0,430
06/02/2021,MEM,TN,ASO,ES,Towers with Radar,656,50,30,7,743,0,0,2,0,2,656,50,32,7,745,0,0,0,745
06/03/2021,MEM,TN,ASO,ES,Towers with Radar,659,57,49,6,771,0,0,3,0,3,659,57,52,6,774,0,0,0,774
06/04/2021,MEM,TN,ASO,ES,Towers with Radar,641,41,31,5,718,0,0,6,0,6,641,41,37,5,724,0,0,0,724
06/05/2021,MEM,TN,ASO,ES,Towers with Radar,447,20,36,0,503,0,0,1,0,1,447,20,37,0,504,0,0,0,504
06/06/2021,MEM,TN,ASO,ES,Towers with Radar,358,31,42,5,436,0,0,1,0,1,358,31,43,5,437,0,0,0,437
06/07/2021,MEM,TN,ASO,ES,Towers with Radar,234,33,46,2,315,0,0,2,0,2,234,33,48,2,317,0,0,0,317
06/08/2021,MEM,TN,ASO,ES,Towers with Radar,645,41,42,7,735,0,0,0,0,0,645,41,42,7,735,0,0,0,735
06/09/2021,MEM,TN,ASO,ES,Towers with Radar,663,67,52,6,788,0,0,1,0,1,663,67,53,6,789,0,0,0,789
06/10/2021,MEM,TN,ASO,ES,Towers with Radar,667,46,52,2,767,0,0,0,0,0,667,46,52,2,767,0,0,0,767
06/11/2021,MEM,TN,ASO,ES,Towers with Radar,635,41,55,11,742,0,0,2,0,2,635,41,57,11,744,0,0,0,744
06/12/2021,MEM,TN,ASO,ES,Towers with Radar,437,19,25,2,483,0,0,5,0,5,437,19,30,2,488,0,0,0,488
06/13/2021,MEM,TN,ASO,ES,Towers with Radar,354,20,28,2,404,0,0,10,0,10,354,20,38,2,414,0,0,0,414
06/14/2021,MEM,TN,ASO,ES,Towers with Radar,249,31,54,1,335,0,1,8,0,9,249,32,62,1,344,3,0,3,347
06/15/2021,MEM,TN,ASO,ES,Towers with Radar,664,37,51,8,760,0,4,10,2,16,664,41,61,10,776,0,0,0,776
06/16/2021,MEM,TN,ASO,ES,Towers with Radar,657,45,51,16,769,0,3,6,2,11,657,48,57,18,780,0,0,0,780
06/17/2021,MEM,TN,ASO,ES,Towers with Radar,642,43,59,6,750,0,0,14,4,18,642,43,73,10,768,0,0,0,768
06/18/2021,MEM,TN,ASO,ES,Towers with Radar,638,41,45,6,730,0,2,7,0,9,638,43,52,6,739,0,0,0,739
06/19/2021,MEM,TN,ASO,ES,Towers with Radar,440,20,21,2,483,0,0,7,0,7,440,20,28,2,490,0,0,0,490
06/20/2021,MEM,TN,ASO,ES,Towers with Radar,359,27,33,2,421,0,0,4,0,4,359,27,37,2,425,0,0,0,425
06/21/2021,MEM,TN,ASO,ES,Towers with Radar,243,28,42,5,318,0,0,1,0,1,243,28,43,5,319,0,0,0,319
06/22/2021,MEM,TN,ASO,ES,Towers with Radar,672,40,34,9,755,0,0,9,2,11,672,40,43,11,766,0,0,0,766
06/23/2021,MEM,TN,ASO,ES,Towers with Radar,664,45,48,8,765,0,1,10,2,13,664,46,58,10,778,0,0,0,778
06/24/2021,MEM,TN,ASO,ES,Towers with Radar,649,41,48,0,738,0,0,6,3,9,649,41,54,3,747,0,0,0,747
06/25/2021,MEM,TN,ASO,ES,Towers with Radar,633,35,50,7,725,0,0,4,1,5,633,35,54,8,730,0,0,0,730
06/26/2021,MEM,TN,ASO,ES,Towers with Radar,429,22,49,4,504,0,1,1,0,2,429,23,50,4,506,0,0,0,506
06/27/2021,MEM,TN,ASO,ES,Towers with Radar,369,21,34,4,428,0,0,7,0,7,369,21,41,4,435,0,0,0,435
06/28/2021,MEM,TN,ASO,ES,Towers with Radar,246,40,38,3,327,0,0,5,0,5,246,40,43,3,332,0,0,0,332
06/29/2021,MEM,TN,ASO,ES,Towers with Radar,657,45,57,3,762,0,0,4,1,5,657,45,61,4,767,0,0,0,767
06/30/2021,MEM,TN,ASO,ES,Towers with Radar,640,51,51,10,752,0,0,6,1,7,640,51,57,11,759,0,0,0,759
07/01/2021,MEM,TN,ASO,ES,Towers with Radar,644,42,63,3,752,0,0,5,0,5,644,42,68,3,757,0,0,0,757
07/02/2021,MEM,TN,ASO,ES,Towers with Radar,623,31,28,0,682,0,0,2,0,2,623,31,30,0,684,0,0,0,684
07/03/2021,MEM,TN,ASO,ES,Towers with Radar,426,28,16,0,470,0,0,4,0,4,426,28,20,0,474,0,0,0,474
07/04/2021,MEM,TN,ASO,ES,Towers with Radar,335,24,6,0,365,0,2,3,0,5,335,26,9,0,370,0,0,0,370
07/05/2021,MEM,TN,ASO,ES,Towers with Radar,153,20,33,2,208,0,1,8,0,9,153,21,41,2,217,0,0,0,217
07/06/2021,MEM,TN,ASO,ES,Towers with Radar,348,28,37,8,421,0,1,6,0,7,348,29,43,8,428,0,0,0,428
07/07/2021,MEM,TN,ASO,ES,Towers with Radar,663,38,32,2,735,0,0,9,0,9,663,38,41,2,744,0,0,0,744
07/08/2021,MEM,TN,ASO,ES,Towers with Radar,642,42,48,3,735,0,2,14,0,16,642,44,62,3,751,0,0,0,751
07/09/2021,MEM,TN,ASO,ES,Towers with Radar,640,42,41,4,727,0,0,0,0,0,640,42,41,4,727,0,0,0,727
07/10/2021,MEM,TN,ASO,ES,Towers with Radar,455,22,17,0,494,0,0,3,1,4,455,22,20,1,498,0,0,0,498
07/11/2021,MEM,TN,ASO,ES,Towers with Radar,369,17,45,2,433,0,0,1,1,2,369,17,46,3,435,0,0,0,435
07/12/2021,MEM,TN,ASO,ES,Towers with Radar,260,28,30,2,320,0,0,3,1,4,260,28,33,3,324,0,0,0,324
07/13/2021,MEM,TN,ASO,ES,Towers with Radar,659,44,33,8,744,0,0,2,1,3,659,44,35,9,747,0,0,0,747
07/14/2021,MEM,TN,ASO,ES,Towers with Radar,657,48,40,6,751,0,1,8,1,10,657,49,48,7,761,0,0,0,761
07/15/2021,MEM,TN,ASO,ES,Towers with Radar,653,57,47,5,762,0,0,7,1,8,653,57,54,6,770,0,0,0,770
07/16/2021,MEM,TN,ASO,ES,Towers with Radar,637,43,35,2,717,0,0,6,7,13,637,43,41,9,730,0,0,0,730
07/17/2021,MEM,TN,ASO,ES,Towers with Radar,433,20,28,2,483,0,0,1,0,1,433,20,29,2,484,0,0,0,484
07/18/2021,MEM,TN,ASO,ES,Towers with Radar,368,18,27,2,415,0,1,0,0,1,368,19,27,2,416,0,0,0,416
07/19/2021,MEM,TN,ASO,ES,Towers with Radar,259,26,41,4,330,0,0,0,0,0,259,26,41,4,330,0,0,0,330
07/20/2021,MEM,TN,ASO,ES,Towers with Radar,642,40,45,1,728,0,1,7,3,11,642,41,52,4,739,0,0,0,739
07/21/2021,MEM,TN,ASO,ES,Towers with Radar,661,44,54,9,768,0,1,7,4,12,661,45,61,13,780,0,0,0,780
07/22/2021,MEM,TN,ASO,ES,Towers with Radar,641,46,68,1,756,0,0,5,0,5,641,46,73,1,761,0,0,0,761
07/23/2021,MEM,TN,ASO,ES,Towers with Radar,632,43,45,3,723,0,2,4,0,6,632,45,49,3,729,0,0,0,729
07/24/2021,MEM,TN,ASO,ES,Towers with Radar,429,19,25,3,476,0,0,5,0,5,429,19,30,3,481,0,0,0,481
07/25/2021,MEM,TN,ASO,ES,Towers with Radar,372,24,43,2,441,0,1,6,0,7,372,25,49,2,448,0,0,0,448
07/26/2021,MEM,TN,ASO,ES,Towers with Radar,258,35,48,0,341,0,1,5,0,6,258,36,53,0,347,0,0,0,347
07/27/2021,MEM,TN,ASO,ES,Towers with Radar,637,39,60,2,738,0,1,7,2,10,637,40,67,4,748,0,0,0,748
07/28/2021,MEM,TN,ASO,ES,Towers with Radar,665,44,43,8,760,0,0,4,1,5,665,44,47,9,765,0,0,0,765
07/29/2021,MEM,TN,ASO,ES,Towers with Radar,645,42,53,1,741,0,2,8,2,12,645,44,61,3,753,0,0,0,753
07/30/2021,MEM,TN,ASO,ES,Towers with Radar,633,43,32,1,709,0,0,3,0,3,633,43,35,1,712,0,0,0,712
07/31/2021,MEM,TN,ASO,ES,Towers with Radar,430,23,15,0,468,0,0,2,0,2,430,23,17,0,470,0,0,0,470
08/01/2021,MEM,TN,ASO,ES,Towers with Radar,364,20,36,1,421,0,0,2,0,2,364,20,38,1,423,0,0,0,423
08/02/2021,MEM,TN,ASO,ES,Towers with Radar,253,47,45,5,350,0,0,6,0,6,253,47,51,5,356,0,0,0,356
08/03/2021,MEM,TN,ASO,ES,Towers with Radar,630,51,38,5,724,0,0,4,0,4,630,51,42,5,728,0,0,0,728
08/04/2021,MEM,TN,ASO,ES,Towers with Radar,641,46,42,8,737,0,2,2,1,5,641,48,44,9,742,0,0,0,742
08/05/2021,MEM,TN,ASO,ES,Towers with Radar,632,49,61,10,752,0,0,4,0,4,632,49,65,10,756,0,0,0,756
08/06/2021,MEM,TN,ASO,ES,Towers with Radar,621,43,35,5,704,0,1,5,0,6,621,44,40,5,710,0,0,0,710
08/07/2021,MEM,TN,ASO,ES,Towers with Radar,429,25,27,1,482,0,0,5,0,5,429,25,32,1,487,0,0,0,487
08/08/2021,MEM,TN,ASO,ES,Towers with Radar,356,47,55,3,461,0,0,2,0,2,356,47,57,3,463,0,0,0,463
08/09/2021,MEM,TN,ASO,ES,Towers with Radar,255,33,38,2,328,0,2,1,0,3,255,35,39,2,331,0,0,0,331
08/10/2021,MEM,TN,ASO,ES,Towers with Radar,636,36,35,11,718,0,0,9,4,13,636,36,44,15,731,0,0,0,731
08/11/2021,MEM,TN,ASO,ES,Towers with Radar,639,52,48,9,748,0,1,7,2,10,639,53,55,11,758,0,0,0,758
08/12/2021,MEM,TN,ASO,ES,Towers with Radar,640,49,62,1,752,0,0,2,0,2,640,49,64,1,754,0,0,0,754
08/13/2021,MEM,TN,ASO,ES,Towers with Radar,629,43,45,3,720,0,0,2,0,2,629,43,47,3,722,0,0,0,722
08/14/2021,MEM,TN,ASO,ES,Towers with Radar,440,22,20,2,484,0,0,2,0,2,440,22,22,2,486,0,0,0,486
08/15/2021,MEM,TN,ASO,ES,Towers with Radar,362,15,38,4,419,0,0,5,0,5,362,15,43,4,424,0,0,0,424
08/16/2021,MEM,TN,ASO,ES,Towers with Radar,249,21,23,3,296,0,0,0,0,0,249,21,23,3,296,0,0,0,296
08/17/2021,MEM,TN,ASO,ES,Towers with Radar,639,39,47,10,735,0,0,6,1,7,639,39,53,11,742,0,0,0,742
08/18/2021,MEM,TN,ASO,ES,Towers with Radar,625,49,55,6,735,0,0,2,2,4,625,49,57,8,739,0,0,0,739
08/19/2021,MEM,TN,ASO,ES,Towers with Radar,621,39,37,1,698,0,0,3,1,4,621,39,40,2,702,0,0,0,702
08/20/2021,MEM,TN,ASO,ES,Towers with Radar,622,38,30,1,691,0,2,0,0,2,622,40,30,1,693,0,0,0,693
08/21/2021,MEM,TN,ASO,ES,Towers with Radar,424,22,25,1,472,0,0,1,0,1,424,22,26,1,473,0,0,0,473
08/22/2021,MEM,TN,ASO,ES,Towers with Radar,355,18,21,4,398,0,0,4,0,4,355,18,25,4,402,0,0,0,402
08/23/2021,MEM,TN,ASO,ES,Towers with Radar,236,24,47,4,311,0,0,6,1,7,236,24,53,5,318,0,0,0,318
08/24/2021,MEM,TN,ASO,ES,Towers with Radar,621,35,52,7,715,0,0,7,4,11,621,35,59,11,726,0,0,0,726
08/25/2021,MEM,TN,ASO,ES,Towers with Radar,637,45,51,6,739,0,0,5,2,7,637,45,56,8,746,0,0,0,746
08/26/2021,MEM,TN,ASO,ES,Towers with Radar,650,32,55,4,741,0,0,9,3,12,650,32,64,7,753,0,0,0,753
08/27/2021,MEM,TN,ASO,ES,Towers with Radar,618,38,42,8,706,0,3,2,1,6,618,41,44,9,712,0,0,0,712
08/28/2021,MEM,TN,ASO,ES,Towers with Radar,430,12,12,2,456,0,0,1,0,1,430,12,13,2,457,0,0,0,457
08/29/2021,MEM,TN,ASO,ES,Towers with Radar,354,9,19,1,383,0,3,8,0,11,354,12,27,1,394,0,0,0,394
08/30/2021,MEM,TN,ASO,ES,Towers with Radar,203,23,19,0,245,0,0,0,0,0,203,23,19,0,245,0,0,0,245
08/31/2021,MEM,TN,ASO,ES,Towers with Radar,665,30,25,6,726,0,0,2,1,3,665,30,27,7,729,0,0,0,729
09/01/2021,MEM,TN,ASO,ES,Towers with Radar,626,40,41,5,712,0,0,1,4,5,626,40,42,9,717,0,0,0,717
09/02/2021,MEM,TN,ASO,ES,Towers with Radar,626,47,48,4,725,0,0,1,1,2,626,47,49,5,727,0,0,0,727
09/03/2021,MEM,TN,ASO,ES,Towers with Radar,626,44,38,2,710,0,2,1,0,3,626,46,39,2,713,0,0,0,713
09/04/2021,MEM,TN,ASO,ES,Towers with Radar,415,22,12,0,449,0,1,5,0,6,415,23,17,0,455,0,0,0,455
09/05/2021,MEM,TN,ASO,ES,Towers with Radar,332,18,12,0,362,0,0,3,2,5,332,18,15,2,367,0,0,0,367
09/06/2021,MEM,TN,ASO,ES,Towers with Radar,154,20,30,1,205,0,0,8,0,8,154,20,38,1,213,0,0,0,213
09/07/2021,MEM,TN,ASO,ES,Towers with Radar,326,28,37,2,393,0,0,5,0,5,326,28,42,2,398,0,0,0,398
09/08/2021,MEM,TN,ASO,ES,Towers with Radar,628,46,41,9,724,0,0,8,2,10,628,46,49,11,734,0,0,0,734
09/09/2021,MEM,TN,ASO,ES,Towers with Radar,654,46,41,2,743,0,0,18,1,19,654,46,59,3,762,0,0,0,762
09/10/2021,MEM,TN,ASO,ES,Towers with Radar,643,36,41,3,723,0,0,7,1,8,643,36,48,4,731,0,0,0,731
09/11/2021,MEM,TN,ASO,ES,Towers with Radar,414,21,31,4,470,0,3,8,2,13,414,24,39,6,483,0,0,0,483
09/12/2021,MEM,TN,ASO,ES,Towers with Radar,354,25,56,0,435,0,2,4,0,6,354,27,60,0,441,0,0,0,441
09/13/2021,MEM,TN,ASO,ES,Towers with Radar,255,30,38,2,325,0,0,4,0,4,255,30,42,2,329,0,0,0,329
09/14/2021,MEM,TN,ASO,ES,Towers with Radar,642,48,44,7,741,0,0,3,1,4,642,48,47,8,745,0,0,0,745
09/15/2021,MEM,TN,ASO,ES,Towers with Radar,618,40,46,4,708,0,0,2,1,3,618,40,48,5,711,0,0,0,711
09/16/2021,MEM,TN,ASO,ES,Towers with Radar,654,46,46,3,749,0,1,4,1,6,654,47,50,4,755,0,0,0,755
09/17/2021,MEM,TN,ASO,ES,Towers with Radar,638,39,30,4,711,0,0,0,3,3,638,39,30,7,714,0,0,0,714
09/18/2021,MEM,TN,ASO,ES,Towers with Radar,430,27,33,2,492,0,0,0,1,1,430,27,33,3,493,0,0,0,493
09/19/2021,MEM,TN,ASO,ES,Towers with Radar,374,27,39,4,444,0,0,1,0,1,374,27,40,4,445,0,0,0,445
09/20/2021,MEM,TN,ASO,ES,Towers with Radar,260,39,43,0,342,0,0,0,0,0,260,39,43,0,342,0,0,0,342
09/21/2021,MEM,TN,ASO,ES,Towers with Radar,621,42,36,9,708,0,0,0,0,0,621,42,36,9,708,0,0,0,708
09/22/2021,MEM,TN,ASO,ES,Towers with Radar,637,46,47,0,730,0,0,4,0,4,637,46,51,0,734,0,0,0,734
09/23/2021,MEM,TN,ASO,ES,Towers with Radar,638,45,50,2,735,0,0,10,1,11,638,45,60,3,746,0,0,0,746
09/24/2021,MEM,TN,ASO,ES,Towers with Radar,642,42,42,0,726,0,1,8,2,11,642,43,50,2,737,0,0,0,737
09/25/2021,MEM,TN,ASO,ES,Towers with Radar,424,21,34,0,479,0,2,12,2,16,424,23,46,2,495,0,0,0,495
09/26/2021,MEM,TN,ASO,ES,Towers with Radar,364,18,47,0,429,0,0,9,0,9,364,18,56,0,438,0,0,0,438
09/27/2021,MEM,TN,ASO,ES,Towers with Radar,262,22,53,0,337,0,0,11,2,13,262,22,64,2,350,0,0,0,350
09/28/2021,MEM,TN,ASO,ES,Towers with Radar,629,61,72,1,763,0,0,1,0,1,629,61,73,1,764,0,0,0,764
09/29/2021,MEM,TN,ASO,ES,Towers with Radar,631,54,45,3,733,0,0,8,0,8,631,54,53,3,741,0,0,0,741
09/30/2021,MEM,TN,ASO,ES,Towers with Radar,649,51,52,0,752,0,0,0,0,0,649,51,52,0,752,0,0,0,752
10/01/2021,MEM,TN,ASO,ES,Towers with Radar,641,43,48,5,737,0,1,2,0,3,641,44,50,5,740,0,0,0,740
10/02/2021,MEM,TN,ASO,ES,Towers with Radar,431,34,12,0,477,0,2,0,0,2,431,36,12,0,479,0,0,0,479
10/03/2021,MEM,TN,ASO,ES,Towers with Radar,376,32,38,6,452,0,1,0,0,1,376,33,38,6,453,0,0,0,453
10/04/2021,MEM,TN,ASO,ES,Towers with Radar,258,28,36,0,322,0,2,6,0,8,258,30,42,0,330,0,0,0,330
10/05/2021,MEM,TN,ASO,ES,Towers with Radar,623,48,59,5,735,0,0,2,0,2,623,48,61,5,737,0,0,0,737
10/06/2021,MEM,TN,ASO,ES,Towers with Radar,637,60,58,8,763,0,0,4,0,4,637,60,62,8,767,0,0,0,767
10/07/2021,MEM,TN,ASO,ES,Towers with Radar,642,53,51,1,747,0,0,5,1,6,642,53,56,2,753,0,0,0,753
10/08/2021,MEM,TN,ASO,ES,Towers with Radar,633,54,71,1,759,0,1,6,0,7,633,55,77,1,766,0,0,0,766
10/09/2021,MEM,TN,ASO,ES,Towers with Radar,431,39,19,2,491,0,0,0,0,0,431,39,19,2,491,0,0,0,491
10/10/2021,MEM,TN,ASO,ES,Towers with Radar,351,29,51,0,431,0,0,5,0,5,351,29,56,0,436,0,0,0,436
10/11/2021,MEM,TN,ASO,ES,Towers with Radar,268,27,39,1,335,0,0,6,0,6,268,27,45,1,341,0,0,0,341
10/12/2021,MEM,TN,ASO,ES,Towers with Radar,606,48,56,13,723,0,0,9,1,10,606,48,65,14,733,0,0,0,733
10/13/2021,MEM,TN,ASO,ES,Towers with Radar,631,50,43,8,732,0,0,1,0,1,631,50,44,8,733,0,0,0,733
10/14/2021,MEM,TN,ASO,ES,Towers with Radar,656,50,51,3,760,0,0,5,1,6,656,50,56,4,766,0,0,0,766
10/15/2021,MEM,TN,ASO,ES,Towers with Radar,613,38,50,3,704,0,0,5,0,5,613,38,55,3,709,0,0,0,709
10/16/2021,MEM,TN,ASO,ES,Towers with Radar,464,28,37,2,531,1,0,9,2,12,465,28,46,4,543,0,0,0,543
10/17/2021,MEM,TN,ASO,ES,Towers with Radar,363,27,55,6,451,0,0,3,3,6,363,27,58,9,457,0,0,0,457
10/18/2021,MEM,TN,ASO,ES,Towers with Radar,260,30,41,2,333,0,0,4,0,4,260,30,45,2,337,0,0,0,337
10/19/2021,MEM,TN,ASO,ES,Towers with Radar,635,43,68,5,751,0,0,4,1,5,635,43,72,6,756,0,0,0,756
10/20/2021,MEM,TN,ASO,ES,Towers with Radar,641,52,62,2,757,0,2,5,1,8,641,54,67,3,765,0,0,0,765
10/21/2021,MEM,TN,ASO,ES,Towers with Radar,645,55,63,3,766,0,1,2,1,4,645,56,65,4,770,0,0,0,770
10/22/2021,MEM,TN,ASO,ES,Towers with Radar,607,46,59,6,718,0,0,11,0,11,607,46,70,6,729,0,0,0,729
10/23/2021,MEM,TN,ASO,ES,Towers with Radar,434,25,26,3,488,0,0,8,1,9,434,25,34,4,497,0,0,0,497
10/24/2021,MEM,TN,ASO,ES,Towers with Radar,355,37,58,2,452,0,0,5,0,5,355,37,63,2,457,0,0,0,457
10/25/2021,MEM,TN,ASO,ES,Towers with Radar,238,29,53,0,320,0,0,8,0,8,238,29,61,0,328,0,0,0,328
10/26/2021,MEM,TN,ASO,ES,Towers with Radar,655,40,38,7,740,0,0,10,1,11,655,40,48,8,751,0,0,0,751
10/27/2021,MEM,TN,ASO,ES,Towers with Radar,639,37,55,6,737,0,1,6,3,10,639,38,61,9,747,0,0,0,747
10/28/2021,MEM,TN,ASO,ES,Towers with Radar,647,59,64,5,775,0,0,1,0,1,647,59,65,5,776,0,0,0,776
10/29/2021,MEM,TN,ASO,ES,Towers with Radar,643,42,45,6,736,0,0,0,1,1,643,42,45,7,737,0,0,0,737
10/30/2021,MEM,TN,ASO,ES,Towers with Radar,436,18,23,1,478,0,0,1,0,1,436,18,24,1,479,0,0,0,479
10/31/2021,MEM,TN,ASO,ES,Towers with Radar,338,29,47,0,414,0,1,11,0,12,338,30,58,0,426,0,0,0,426
11/01/2021,MEM,TN,ASO,ES,Towers with Radar,248,34,59,0,341,0,0,13,1,14,248,34,72,1,355,0,0,0,355
11/02/2021,MEM,TN,ASO,ES,Towers with Radar,636,39,30,6,711,0,0,3,0,3,636,39,33,6,714,0,0,0,714
11/03/2021,MEM,TN,ASO,ES,Towers with Radar,636,62,69,7,774,0,0,3,0,3,636,62,72,7,777,0,0,0,777
11/04/2021,MEM,TN,ASO,ES,Towers with Radar,644,63,75,6,788,0,2,5,0,7,644,65,80,6,795,0,0,0,795
11/05/2021,MEM,TN,ASO,ES,Towers with Radar,621,40,46,5,712,0,0,7,0,7,621,40,53,5,719,0,0,0,719
11/06/2021,MEM,TN,ASO,ES,Towers with Radar,445,25,26,1,497,0,1,9,0,10,445,26,35,1,507,0,0,0,507
11/07/2021,MEM,TN,ASO,ES,Towers with Radar,369,36,44,0,449,0,1,14,0,15,369,37,58,0,464,0,0,0,464
11/08/2021,MEM,TN,ASO,ES,Towers with Radar,279,38,47,2,366,0,1,9,0,10,279,39,56,2,376,0,0,0,376
11/09/2021,MEM,TN,ASO,ES,Towers with Radar,637,39,60,6,742,0,1,3,0,4,637,40,63,6,746,0,0,0,746
11/10/2021,MEM,TN,ASO,ES,Towers with Radar,634,41,51,5,731,0,2,8,0,10,634,43,59,5,741,0,0,0,741
11/11/2021,MEM,TN,ASO,ES,Towers with Radar,671,50,60,6,787,0,0,1,1,2,671,50,61,7,789,0,0,0,789
11/12/2021,MEM,TN,ASO,ES,Towers with Radar,625,52,59,2,738,0,0,4,3,7,625,52,63,5,745,0,0,0,745
11/13/2021,MEM,TN,ASO,ES,Towers with Radar,424,33,37,1,495,0,3,4,0,7,424,36,41,1,502,0,0,0,502
11/14/2021,MEM,TN,ASO,ES,Towers with Radar,379,31,49,2,461,0,0,3,1,4,379,31,52,3,465,0,0,0,465
11/15/2021,MEM,TN,ASO,ES,Towers with Radar,256,31,54,1,342,0,2,4,5,11,256,33,58,6,353,0,0,0,353
11/16/2021,MEM,TN,ASO,ES,Towers with Radar,644,48,89,9,790,0,1,2,1,4,644,49,91,10,794,0,0,0,794
11/17/2021,MEM,TN,ASO,ES,Towers with Radar,647,34,61,2,744,0,4,7,0,11,647,38,68,2,755,0,0,0,755
11/18/2021,MEM,TN,ASO,ES,Towers with Radar,662,51,55,1,769,0,4,2,1,7,662,55,57,2,776,0,0,0,776
11/19/2021,MEM,TN,ASO,ES,Towers with Radar,651,54,69,2,776,0,2,4,2,8,651,56,73,4,784,0,0,0,784
11/20/2021,MEM,TN,ASO,ES,Towers with Radar,433,30,30,1,494,0,1,4,0,5,433,31,34,1,499,0,0,0,499
11/21/2021,MEM,TN,ASO,ES,Towers with Radar,383,30,34,1,448,0,0,0,0,0,383,30,34,1,448,0,0,0,448
11/22/2021,MEM,TN,ASO,ES,Towers with Radar,288,36,54,1,379,0,0,3,0,3,288,36,57,1,382,0,0,0,382
11/23/2021,MEM,TN,ASO,ES,Towers with Radar,696,59,54,2,811,0,0,3,0,3,696,59,57,2,814,0,0,0,814
11/24/2021,MEM,TN,ASO,ES,Towers with Radar,697,64,55,4,820,0,2,3,0,5,697,66,58,4,825,0,0,0,825
11/25/2021,MEM,TN,ASO,ES,Towers with Radar,192,25,13,0,230,0,2,0,0,2,192,27,13,0,232,0,0,0,232
11/26/2021,MEM,TN,ASO,ES,Towers with Radar,567,34,39,1,641,0,1,5,1,7,567,35,44,2,648,0,0,0,648
11/27/2021,MEM,TN,ASO,ES,Towers with Radar,464,39,35,0,538,0,3,3,0,6,464,42,38,0,544,0,0,0,544
11/28/2021,MEM,TN,ASO,ES,Towers with Radar,414,40,69,3,526,0,0,5,0,5,414,40,74,3,531,0,0,0,531
11/29/2021,MEM,TN,ASO,ES,Towers with Radar,351,34,41,2,428,0,0,4,0,4,351,34,45,2,432,0,0,0,432
11/30/2021,MEM,TN,ASO,ES,Towers with Radar,717,35,62,5,819,0,2,8,0,10,717,37,70,5,829,0,0,0,829
12/01/2021,MEM,TN,ASO,ES,Towers with Radar,733,35,40,4,812,0,0,4,0,4,733,35,44,4,816,0,0,0,816
12/02/2021,MEM,TN,ASO,ES,Towers with Radar,737,60,51,2,850,0,1,5,1,7,737,61,56,3,857,0,0,0,857
12/03/2021,MEM,TN,ASO,ES,Towers with Radar,640,46,53,0,739,0,1,5,2,8,640,47,58,2,747,0,0,0,747
12/04/2021,MEM,TN,ASO,ES,Towers with Radar,420,28,19,2,469,0,0,0,1,1,420,28,19,3,470,0,0,0,470
12/05/2021,MEM,TN,ASO,ES,Towers with Radar,394,34,31,1,460,0,0,3,0,3,394,34,34,1,463,0,0,0,463
12/06/2021,MEM,TN,ASO,ES,Towers with Radar,320,39,46,1,406,0,0,6,0,6,320,39,52,1,412,0,0,0,412
12/07/2021,MEM,TN,ASO,ES,Towers with Radar,723,42,64,6,835,0,4,4,1,9,723,46,68,7,844,0,0,0,844
12/08/2021,MEM,TN,ASO,ES,Towers with Radar,725,36,62,8,831,0,2,2,2,6,725,38,64,10,837,0,0,0,837
12/09/2021,MEM,TN,ASO,ES,Towers with Radar,711,66,77,2,856,0,1,1,0,2,711,67,78,2,858,0,0,0,858
12/10/2021,MEM,TN,ASO,ES,Towers with Radar,653,43,25,1,722,0,3,0,0,3,653,46,25,1,725,0,0,0,725
12/11/2021,MEM,TN,ASO,ES,Towers with Radar,441,31,13,1,486,0,2,5,0,7,441,33,18,1,493,0,0,0,493
12/12/2021,MEM,TN,ASO,ES,Towers with Radar,405,32,44,1,482,0,0,4,1,5,405,32,48,2,487,0,0,0,487
12/13/2021,MEM,TN,ASO,ES,Towers with Radar,340,31,38,2,411,0,0,5,0,5,340,31,43,2,416,0,0,0,416
12/14/2021,MEM,TN,ASO,ES,Towers with Radar,720,60,53,5,838,0,0,7,0,7,720,60,60,5,845,0,0,0,845
12/15/2021,MEM,TN,ASO,ES,Towers with Radar,709,43,55,9,816,0,1,3,0,4,709,44,58,9,820,0,0,0,820
12/16/2021,MEM,TN,ASO,ES,Towers with Radar,741,58,30,1,830,0,0,1,0,1,741,58,31,1,831,0,0,0,831
12/17/2021,MEM,TN,ASO,ES,Towers with Radar,660,60,46,7,773,0,0,1,0,1,660,60,47,7,774,0,0,0,774
12/18/2021,MEM,TN,ASO,ES,Towers with Radar,475,33,24,1,533,0,0,0,0,0,475,33,24,1,533,0,0,0,533
12/19/2021,MEM,TN,ASO,ES,Towers with Radar,388,33,23,2,446,0,0,5,0,5,388,33,28,2,451,0,0,0,451
12/20/2021,MEM,TN,ASO,ES,Towers with Radar,443,43,49,0,535,0,0,6,0,6,443,43,55,0,541,0,0,0,541
12/21/2021,MEM,TN,ASO,ES,Towers with Radar,736,38,35,6,815,0,1,3,0,4,736,39,38,6,819,0,0,0,819
12/22/2021,MEM,TN,ASO,ES,Towers with Radar,730,60,30,7,827,0,1,7,0,8,730,61,37,7,835,0,0,0,835
12/23/2021,MEM,TN,ASO,ES,Towers with Radar,725,52,35,1,813,0,4,8,0,12,725,56,43,1,825,0,0,0,825
12/24/2021,MEM,TN,ASO,ES,Towers with Radar,529,38,12,1,580,0,0,2,0,2,529,38,14,1,582,0,0,0,582
12/25/2021,MEM,TN,ASO,ES,Towers with Radar,122,27,5,0,154,0,0,3,0,3,122,27,8,0,157,0,0,0,157
12/26/2021,MEM,TN,ASO,ES,Towers with Radar,382,26,49,0,457,0,0,0,0,0,382,26,49,0,457,0,0,0,457
12/27/2021,MEM,TN,ASO,ES,Towers with Radar,242,35,35,2,314,0,0,5,0,5,242,35,40,2,319,0,0,0,319
12/28/2021,MEM,TN,ASO,ES,Towers with Radar,632,44,48,0,724,0,0,5,0,5,632,44,53,0,729,0,0,0,729
12/29/2021,MEM,TN,ASO,ES,Towers with Radar,648,40,40,1,729,0,0,1,0,1,648,40,41,1,730,0,0,0,730
12/30/2021,MEM,TN,ASO,ES,Towers with Radar,712,40,44,0,796,0,0,4,0,4,712,40,48,0,800,0,0,0,800
12/31/2021,MEM,TN,ASO,ES,Towers with Radar,511,47,25,2,585,0,0,1,0,1,511,47,26,2,586,0,0,0,586
01/01/2022,MEM,TN,ASO,ES,Towers with Radar,126,18,15,1,160,0,0,0,0,0,126,18,15,1,160,0,0,0,160
01/02/2022,MEM,TN,ASO,ES,Towers with Radar,329,23,54,0,406,0,0,0,0,0,329,23,54,0,406,0,0,0,406
01/03/2022,MEM,TN,ASO,ES,Towers with Radar,264,25,27,0,316,0,1,3,0,4,264,26,30,0,320,0,0,0,320
01/04/2022,MEM,TN,ASO,ES,Towers with Radar,523,45,27,4,599,1,1,1,0,3,524,46,28,4,602,0,0,0,602
01/05/2022,MEM,TN,ASO,ES,Towers with Radar,541,45,27,4,617,0,3,4,0,7,541,48,31,4,624,0,0,0,624
01/06/2022,MEM,TN,ASO,ES,Towers with Radar,401,23,36,2,462,0,0,0,0,0,401,23,36,2,462,0,0,0,462
01/07/2022,MEM,TN,ASO,ES,Towers with Radar,531,31,30,3,595,0,1,4,0,5,531,32,34,3,600,0,0,0,600
01/08/2022,MEM,TN,ASO,ES,Towers with Radar,395,20,20,0,435,0,0,4,0,4,395,20,24,0,439,0,0,0,439
01/09/2022,MEM,TN,ASO,ES,Towers with Radar,322,27,14,0,363,0,0,5,0,5,322,27,19,0,368,0,0,0,368
01/10/2022,MEM,TN,ASO,ES,Towers with Radar,241,26,34,0,301,0,0,7,0,7,241,26,41,0,308,0,0,0,308
01/11/2022,MEM,TN,ASO,ES,Towers with Radar,551,47,29,5,632,0,4,22,2,28,551,51,51,7,660,0,0,0,660
01/12/2022,MEM,TN,ASO,ES,Towers with Radar,557,28,39,6,630,0,2,6,0,8,557,30,45,6,638,0,0,0,638
01/13/2022,MEM,TN,ASO,ES,Towers with Radar,577,29,42,8,656,0,2,3,0,5,577,31,45,8,661,0,0,0,661
01/14/2022,MEM,TN,ASO,ES,Towers with Radar,570,35,36,0,641,0,3,4,0,7,570,38,40,0,648,0,0,0,648
01/15/2022,MEM,TN,ASO,ES,Towers with Radar,391,13,34,0,438,0,0,0,0,0,391,13,34,0,438,0,0,0,438
01/16/2022,MEM,TN,ASO,ES,Towers with Radar,261,10,20,0,291,0,0,2,0,2,261,10,22,0,293,0,0,0,293
01/17/2022,MEM,TN,ASO,ES,Towers with Radar,240,16,52,0,308,0,0,1,0,1,240,16,53,0,309,0,0,0,309
01/18/2022,MEM,TN,ASO,ES,Towers with Radar,545,26,41,6,618,0,2,5,0,7,545,28,46,6,625,0,0,0,625
01/19/2022,MEM,TN,ASO,ES,Towers with Radar,541,30,35,2,608,0,0,0,0,0,541,30,35,2,608,0,0,0,608
01/20/2022,MEM,TN,ASO,ES,Towers with Radar,592,33,38,5,668,0,0,1,0,1,592,33,39,5,669,0,0,0,669
01/21/2022,MEM,TN,ASO,ES,Towers with Radar,544,48,35,3,630,1,1,8,0,10,545,49,43,3,640,0,0,0,640
01/22/2022,MEM,TN,ASO,ES,Towers with Radar,393,17,11,0,421,0,2,2,0,4,393,19,13,0,425,0,0,0,425
01/23/2022,MEM,TN,ASO,ES,Towers with Radar,343,19,29,0,391,0,0,5,1,6,343,19,34,1,397,0,0,0,397
01/24/2022,MEM,TN,ASO,ES,Towers with Radar,235,18,34,0,287,0,0,4,0,4,235,18,38,0,291,0,0,0,291
01/25/2022,MEM,TN,ASO,ES,Towers with Radar,607,32,48,7,694,0,2,4,2,8,607,34,52,9,702,0,0,0,702
01/26/2022,MEM,TN,ASO,ES,Towers with Radar,623,37,38,7,705,0,2,3,0,5,623,39,41,7,710,0,0,0,710
01/27/2022,MEM,TN,ASO,ES,Towers with Radar,630,50,59,4,743,0,2,6,1,9,630,52,65,5,752,0,0,0,752
01/28/2022,MEM,TN,ASO,ES,Towers with Radar,623,52,28,1,704,0,4,9,0,13,623,56,37,1,717,0,0,0,717
01/29/2022,MEM,TN,ASO,ES,Towers with Radar,379,23,20,2,424,0,2,7,2,11,379,25,27,4,435,0,0,0,435
01/30/2022,MEM,TN,ASO,ES,Towers with Radar,338,28,28,0,394,0,0,9,3,12,338,28,37,3,406,0,0,0,406
01/31/2022,MEM,TN,ASO,ES,Towers with Radar,238,27,26,0,291,0,0,10,1,11,238,27,36,1,302,0,0,0,302
02/01/2022,MEM,TN,ASO,ES,Towers with Radar,602,35,36,4,677,0,2,2,1,5,602,37,38,5,682,0,0,0,682
02/02/2022,MEM,TN,ASO,ES,Towers with Radar,576,44,52,4,676,0,0,0,0,0,576,44,52,4,676,0,0,0,676
02/03/2022,MEM,TN,ASO,ES,Towers with Radar,292,7,5,0,304,0,0,0,0,0,292,7,5,0,304,0,0,0,304
02/04/2022,MEM,TN,ASO,ES,Towers with Radar,480,20,48,0,548,0,0,0,0,0,480,20,48,0,548,0,0,0,548
02/05/2022,MEM,TN,ASO,ES,Towers with Radar,410,32,13,3,458,0,3,6,0,9,410,35,19,3,467,0,0,0,467
02/06/2022,MEM,TN,ASO,ES,Towers with Radar,335,19,34,2,390,0,0,2,0,2,335,19,36,2,392,0,0,0,392
02/07/2022,MEM,TN,ASO,ES,Towers with Radar,251,31,60,1,343,0,0,7,0,7,251,31,67,1,350,0,0,0,350
02/08/2022,MEM,TN,ASO,ES,Towers with Radar,625,36,60,8,729,0,3,1,0,4,625,39,61,8,733,0,0,0,733
02/09/2022,MEM,TN,ASO,ES,Towers with Radar,636,45,64,5,750,0,2,4,0,6,636,47,68,5,756,0,0,0,756
02/10/2022,MEM,TN,ASO,ES,Towers with Radar,665,48,44,0,757,0,2,4,1,7,665,50,48,1,764,0,0,0,764
02/11/2022,MEM,TN,ASO,ES,Towers with Radar,614,42,45,1,702,0,3,4,0,7,614,45,49,1,709,0,0,0,709
02/12/2022,MEM,TN,ASO,ES,Towers with Radar,425,17,11,0,453,0,1,1,0,2,425,18,12,0,455,0,0,0,455
02/13/2022,MEM,TN,ASO,ES,Towers with Radar,332,19,24,0,375,0,0,4,0,4,332,19,28,0,379,0,0,0,379
02/14/2022,MEM,TN,ASO,ES,Towers with Radar,231,34,47,0,312,0,1,8,1,10,231,35,55,1,322,0,0,0,322
02/15/2022,MEM,TN,ASO,ES,Towers with Radar,621,52,42,8,723,0,2,4,3,9,621,54,46,11,732,0,0,0,732
02/16/2022,MEM,TN,ASO,ES,Towers with Radar,608,57,38,0,703,0,0,8,0,8,608,57,46,0,711,0,0,0,711
02/17/2022,MEM,TN,ASO,ES,Towers with Radar,622,46,33,0,701,0,0,0,0,0,622,46,33,0,701,0,0,0,701
02/18/2022,MEM,TN,ASO,ES,Towers with Radar,631,44,52,4,731,0,1,11,2,14,631,45,63,6,745,0,0,0,745
02/19/2022,MEM,TN,ASO,ES,Towers with Radar,408,21,27,3,459,0,3,9,2,14,408,24,36,5,473,0,0,0,473
02/20/2022,MEM,TN,ASO,ES,Towers with Radar,320,24,28,0,372,0,0,4,0,4,320,24,32,0,376,0,0,0,376
02/21/2022,MEM,TN,ASO,ES,Towers with Radar,238,26,46,0,310,0,0,0,0,0,238,26,46,0,310,0,0,0,310
02/22/2022,MEM,TN,ASO,ES,Towers with Radar,607,45,35,2,689,0,0,0,0,0,607,45,35,2,689,0,0,0,689
02/23/2022,MEM,TN,ASO,ES,Towers with Radar,594,48,58,2,702,0,0,1,0,1,594,48,59,2,703,0,0,0,703
02/24/2022,MEM,TN,ASO,ES,Towers with Radar,619,39,57,4,719,0,1,0,0,1,619,40,57,4,720,0,0,0,720
02/25/2022,MEM,TN,ASO,ES,Towers with Radar,656,41,48,2,747,0,0,0,0,0,656,41,48,2,747,0,0,0,747
02/26/2022,MEM,TN,ASO,ES,Towers with Radar,416,28,14,1,459,0,0,1,0,1,416,28,15,1,460,0,0,0,460
02/27/2022,MEM,TN,ASO,ES,Towers with Radar,328,19,48,9,404,0,0,3,0,3,328,19,51,9,407,0,0,0,407
02/28/2022,MEM,TN,ASO,ES,Towers with Radar,257,29,54,1,341,0,0,8,0,8,257,29,62,1,349,0,0,0,349
03/01/2022,MEM,TN,ASO,ES,Towers with Radar,626,37,46,5,714,0,4,8,1,13,626,41,54,6,727,0,0,0,727
03/02/2022,MEM,TN,ASO,ES,Towers with Radar,616,39,52,4,711,0,8,12,2,22,616,47,64,6,733,0,0,0,733
03/03/2022,MEM,TN,ASO,ES,Towers with Radar,641,55,67,3,766,0,3,19,0,22,641,58,86,3,788,0,0,0,788
03/04/2022,MEM,TN,ASO,ES,Towers with Radar,610,39,48,5,702,0,3,8,0,11,610,42,56,5,713,0,0,0,713
03/05/2022,MEM,TN,ASO,ES,Towers with Radar,420,30,22,6,478,0,1,4,1,6,420,31,26,7,484,0,0,0,484
03/06/2022,MEM,TN,ASO,ES,Towers with Radar,341,30,50,1,422,0,0,1,0,1,341,30,51,1,423,0,0,0,423
03/07/2022,MEM,TN,ASO,ES,Towers with Radar,252,29,46,2,329,0,0,1,0,1,252,29,47,2,330,0,0,0,330
03/08/2022,MEM,TN,ASO,ES,Towers with Radar,628,49,53,6,736,0,0,1,0,1,628,49,54,6,737,0,0,0,737
03/09/2022,MEM,TN,ASO,ES,Towers with Radar,649,44,40,10,743,0,1,4,2,7,649,45,44,12,750,0,0,0,750
03/10/2022,MEM,TN,ASO,ES,Towers with Radar,662,58,66,6,792,0,1,7,0,8,662,59,73,6,800,0,0,0,800
03/11/2022,MEM,TN,ASO,ES,Towers with Radar,597,50,51,6,704,0,0,3,1,4,597,50,54,7,708,0,0,0,708
03/12/2022,MEM,TN,ASO,ES,Towers with Radar,444,33,53,0,530,0,2,0,0,2,444,35,53,0,532,0,0,0,532
03/13/2022,MEM,TN,ASO,ES,Towers with Radar,356,33,30,1,420,0,0,1,1,2,356,33,31,2,422,0,0,0,422
03/14/2022,MEM,TN,ASO,ES,Towers with Radar,269,25,41,2,337,0,0,6,0,6,269,25,47,2,343,0,0,0,343
03/15/2022,MEM,TN,ASO,ES,Towers with Radar,614,39,31,15,699,0,0,1,0,1,614,39,32,15,700,0,0,0,700
03/16/2022,MEM,TN,ASO,ES,Towers with Radar,616,42,30,6,694,0,0,6,0,6,616,42,36,6,700,0,0,0,700
03/17/2022,MEM,TN,ASO,ES,Towers with Radar,625,50,65,4,744,0,0,9,0,9,625,50,74,4,753,0,0,0,753
03/18/2022,MEM,TN,ASO,ES,Towers with Radar,622,52,40,5,719,0,2,0,0,2,622,54,40,5,721,0,0,0,721
03/19/2022,MEM,TN,ASO,ES,Towers with Radar,444,37,41,1,523,0,2,7,0,9,444,39,48,1,532,0,0,0,532
03/20/2022,MEM,TN,ASO,ES,Towers with Radar,362,47,53,0,462,0,2,7,0,9,362,49,60,0,471,0,0,0,471
03/21/2022,MEM,TN,ASO,ES,Towers with Radar,242,33,37,0,312,0,0,7,0,7,242,33,44,0,319,0,0,0,319
03/22/2022,MEM,TN,ASO,ES,Towers with Radar,642,32,35,5,714,0,0,0,0,0,642,32,35,5,714,0,0,0,714
03/23/2022,MEM,TN,ASO,ES,Towers with Radar,663,40,57,4,764,0,0,0,0,0,663,40,57,4,764,0,0,0,764
03/24/2022,MEM,TN,ASO,ES,Towers with Radar,668,58,57,0,783,0,2,4,1,7,668,60,61,1,790,0,0,0,790
03/25/2022,MEM,TN,ASO,ES,Towers with Radar,639,46,51,6,742,0,2,5,1,8,639,48,56,7,750,0,0,0,750
03/26/2022,MEM,TN,ASO,ES,Towers with Radar,431,28,24,2,485,0,3,8,1,12,431,31,32,3,497,0,0,0,497
03/27/2022,MEM,TN,ASO,ES,Towers with Radar,353,36,33,3,425,0,2,1,0,3,353,38,34,3,428,0,0,0,428
03/28/2022,MEM,TN,ASO,ES,Towers with Radar,253,32,64,1,350,0,1,4,0,5,253,33,68,1,355,0,0,0,355
03/29/2022,MEM,TN,ASO,ES,Towers with Radar,619,50,44,4,717,0,0,5,0,5,619,50,49,4,722,0,0,0,722
03/30/2022,MEM,TN,ASO,ES,Towers with Radar,621,48,31,0,700,0,0,0,0,0,621,48,31,0,700,0,0,0,700
03/31/2022,MEM,TN,ASO,ES,Towers with Radar,659,53,66,6,784,0,1,5,0,6,659,54,71,6,790,0,0,0,790
04/01/2022,MEM,TN,ASO,ES,Towers with Radar,639,59,46,1,745,0,0,9,1,10,639,59,55,2,755,0,0,0,755
04/02/2022,MEM,TN,ASO,ES,Towers with Radar,408,37,31,3,479,0,2,6,1,9,408,39,37,4,488,0,0,0,488
04/03/2022,MEM,TN,ASO,ES,Towers with Radar,342,33,48,0,423,0,1,6,0,7,342,34,54,0,430,0,0,0,430
04/04/2022,MEM,TN,ASO,ES,Towers with Radar,264,29,37,7,337,0,0,3,0,3,264,29,40,7,340,0,0,0,340
04/05/2022,MEM,TN,ASO,ES,Towers with Radar,635,58,50,5,748,0,0,0,0,0,635,58,50,5,748,0,0,0,748
04/06/2022,MEM,TN,ASO,ES,Towers with Radar,632,61,63,12,768,0,1,3,0,4,632,62,66,12,772,0,0,0,772
04/07/2022,MEM,TN,ASO,ES,Towers with Radar,643,54,39,0,736,0,3,6,0,9,643,57,45,0,745,0,0,0,745
04/08/2022,MEM,TN,ASO,ES,Towers with Radar,631,52,63,2,748,0,1,2,0,3,631,53,65,2,751,0,0,0,751
04/09/2022,MEM,TN,ASO,ES,Towers with Radar,405,35,20,1,461,0,3,6,0,9,405,38,26,1,470,0,0,0,470
04/10/2022,MEM,TN,ASO,ES,Towers with Radar,354,37,34,0,425,0,2,9,0,11,354,39,43,0,436,0,0,0,436
04/11/2022,MEM,TN,ASO,ES,Towers with Radar,224,41,64,1,330,0,2,2,0,4,224,43,66,1,334,0,0,0,334
04/12/2022,MEM,TN,ASO,ES,Towers with Radar,629,45,62,8,744,0,0,3,0,3,629,45,65,8,747,0,0,0,747
04/13/2022,MEM,TN,ASO,ES,Towers with Radar,646,29,33,4,712,0,0,0,0,0,646,29,33,4,712,0,0,0,712
04/14/2022,MEM,TN,ASO,ES,Towers with Radar,651,51,75,2,779,0,1,14,0,15,651,52,89,2,794,0,0,0,794
04/15/2022,MEM,TN,ASO,ES,Towers with Radar,612,50,47,1,710,0,1,2,0,3,612,51,49,1,713,0,0,0,713
04/16/2022,MEM,TN,ASO,ES,Towers with Radar,411,28,21,0,460,0,0,1,0,1,411,28,22,0,461,0,0,0,461
04/17/2022,MEM,TN,ASO,ES,Towers with Radar,333,31,16,0,380,0,0,2,0,2,333,31,18,0,382,0,0,0,382
04/18/2022,MEM,TN,ASO,ES,Towers with Radar,248,45,61,0,354,0,1,3,0,4,248,46,64,0,358,0,0,0,358
04/19/2022,MEM,TN,ASO,ES,Towers with Radar,648,43,65,4,760,0,0,11,0,11,648,43,76,4,771,0,0,0,771
04/20/2022,MEM,TN,ASO,ES,Towers with Radar,615,43,50,3,711,0,0,1,0,1,615,43,51,3,712,0,0,0,712
04/21/2022,MEM,TN,ASO,ES,Towers with Radar,670,56,46,1,773,0,0,0,0,0,670,56,46,1,773,0,0,0,773
04/22/2022,MEM,TN,ASO,ES,Towers with Radar,625,59,53,4,741,0,0,5,1,6,625,59,58,5,747,0,0,0,747
04/23/2022,MEM,TN,ASO,ES,Towers with Radar,412,39,20,0,471,0,0,8,0,8,412,39,28,0,479,0,0,0,479
04/24/2022,MEM,TN,ASO,ES,Towers with Radar,353,31,45,1,430,0,0,3,0,3,353,31,48,1,433,0,0,0,433
04/25/2022,MEM,TN,ASO,ES,Towers with Radar,253,29,50,3,335,0,0,3,0,3,253,29,53,3,338,0,0,0,338
04/26/2022,MEM,TN,ASO,ES,Towers with Radar,650,58,59,4,771,0,3,5,1,9,650,61,64,5,780,0,0,0,780
04/27/2022,MEM,TN,ASO,ES,Towers with Radar,640,51,51,3,745,0,3,10,0,13,640,54,61,3,758,0,0,0,758
04/28/2022,MEM,TN,ASO,ES,Towers with Radar,652,55,51,2,760,0,6,7,0,13,652,61,58,2,773,0,0,0,773
04/29/2022,MEM,TN,ASO,ES,Towers with Radar,626,62,58,1,747,0,2,9,0,11,626,64,67,1,758,0,0,0,758
04/30/2022,MEM,TN,ASO,ES,Towers with Radar,416,31,28,0,475,0,0,4,0,4,416,31,32,0,479,0,0,0,479
05/01/2022,MEM,TN,ASO,ES,Towers with Radar,358,45,59,2,464,0,0,9,0,9,358,45,68,2,473,0,0,0,473
05/02/2022,MEM,TN,ASO,ES,Towers with Radar,242,41,51,2,336,0,0,11,0,11,242,41,62,2,347,0,0,0,347
05/03/2022,MEM,TN,ASO,ES,Towers with Radar,651,57,46,5,759,0,0,2,0,2,651,57,48,5,761,0,0,0,761
05/04/2022,MEM,TN,ASO,ES,Towers with Radar,629,52,53,7,741,0,2,5,0,7,629,54,58,7,748,0,0,0,748
05/05/2022,MEM,TN,ASO,ES,Towers with Radar,646,49,72,3,770,0,0,3,0,3,646,49,75,3,773,0,0,0,773
05/06/2022,MEM,TN,ASO,ES,Towers with Radar,624,55,54,6,739,0,1,0,0,1,624,56,54,6,740,0,0,0,740
05/07/2022,MEM,TN,ASO,ES,Towers with Radar,407,24,23,0,454,0,0,2,1,3,407,24,25,1,457,0,0,0,457
05/08/2022,MEM,TN,ASO,ES,Towers with Radar,343,46,44,0,433,0,0,5,4,9,343,46,49,4,442,0,0,0,442
05/09/2022,MEM,TN,ASO,ES,Towers with Radar,271,37,53,3,364,0,0,2,3,5,271,37,55,6,369,0,0,0,369
05/10/2022,MEM,TN,ASO,ES,Towers with Radar,645,62,58,5,770,0,0,10,0,10,645,62,68,5,780,0,0,0,780
05/11/2022,MEM,TN,ASO,ES,Towers with Radar,640,75,67,5,787,0,1,4,1,6,640,76,71,6,793,0,0,0,793
05/12/2022,MEM,TN,ASO,ES,Towers with Radar,652,60,65,2,779,0,1,7,0,8,652,61,72,2,787,0,0,0,787
05/13/2022,MEM,TN,ASO,ES,Towers with Radar,613,48,44,3,708,0,2,4,0,6,613,50,48,3,714,0,0,0,714
05/14/2022,MEM,TN,ASO,ES,Towers with Radar,413,28,28,4,473,0,0,7,0,7,413,28,35,4,480,0,0,0,480
05/15/2022,MEM,TN,ASO,ES,Towers with Radar,353,25,47,2,427,0,0,7,0,7,353,25,54,2,434,0,0,0,434
05/16/2022,MEM,TN,ASO,ES,Towers with Radar,251,32,52,0,335,0,0,5,0,5,251,32,57,0,340,0,0,0,340
05/17/2022,MEM,TN,ASO,ES,Towers with Radar,650,56,57,2,765,0,2,5,0,7,650,58,62,2,772,0,0,0,772
05/18/2022,MEM,TN,ASO,ES,Towers with Radar,617,43,66,8,734,0,1,9,1,11,617,44,75,9,745,0,0,0,745
05/19/2022,MEM,TN,ASO,ES,Towers with Radar,645,55,63,1,764,0,3,5,0,8,645,58,68,1,772,0,0,0,772
05/20/2022,MEM,TN,ASO,ES,Towers with Radar,629,54,54,1,738,0,0,11,0,11,629,54,65,1,749,0,0,0,749
05/21/2022,MEM,TN,ASO,ES,Towers with Radar,404,24,23,3,454,0,0,2,0,2,404,24,25,3,456,0,0,0,456
05/22/2022,MEM,TN,ASO,ES,Towers with Radar,353,38,33,3,427,0,2,0,0,2,353,40,33,3,429,0,0,0,429
05/23/2022,MEM,TN,ASO,ES,Towers with Radar,247,44,51,7,349,0,0,5,0,5,247,44,56,7,354,0,0,0,354
05/24/2022,MEM,TN,ASO,ES,Towers with Radar,628,44,54,3,729,0,0,1,0,1,628,44,55,3,730,0,0,0,730
05/25/2022,MEM,TN,ASO,ES,Towers with Radar,617,51,41,4,713,0,0,1,0,1,617,51,42,4,714,0,0,0,714
05/26/2022,MEM,TN,ASO,ES,Towers with Radar,663,56,44,5,768,0,1,7,0,8,663,57,51,5,776,0,0,0,776
05/27/2022,MEM,TN,ASO,ES,Towers with Radar,607,52,74,5,738,0,0,1,0,1,607,52,75,5,739,0,0,0,739
05/28/2022,MEM,TN,ASO,ES,Towers with Radar,414,26,28,2,470,0,0,4,0,4,414,26,32,2,474,0,0,0,474
05/29/2022,MEM,TN,ASO,ES,Towers with Radar,346,25,19,0,390,0,0,4,0,4,346,25,23,0,394,0,0,0,394
05/30/2022,MEM,TN,ASO,ES,Towers with Radar,158,28,38,0,224,0,1,6,0,7,158,29,44,0,231,0,0,0,231
05/31/2022,MEM,TN,ASO,ES,Towers with Radar,331,31,45,1,408,0,2,5,1,8,331,33,50,2,416,0,0,0,416
06/01/2022,MEM,TN,ASO,ES,Towers with Radar,630,55,57,7,749,0,1,4,4,9,630,56,61,11,758,0,0,0,758
06/02/2022,MEM,TN,ASO,ES,Towers with Radar,625,63,46,0,734,0,0,2,6,8,625,63,48,6,742,0,0,0,742
06/03/2022,MEM,TN,ASO,ES,Towers with Radar,600,38,48,10,696,0,0,3,0,3,600,38,51,10,699,0,0,0,699
06/04/2022,MEM,TN,ASO,ES,Towers with Radar,410,21,14,8,453,0,4,9,0,13,410,25,23,8,466,0,0,0,466
06/05/2022,MEM,TN,ASO,ES,Towers with Radar,344,41,33,2,420,0,1,5,0,6,344,42,38,2,426,0,0,0,426
06/06/2022,MEM,TN,ASO,ES,Towers with Radar,233,31,47,1,312,0,0,0,1,1,233,31,47,2,313,0,0,0,313
06/07/2022,MEM,TN,ASO,ES,Towers with Radar,667,38,32,4,741,0,0,2,1,3,667,38,34,5,744,0,0,0,744
06/08/2022,MEM,TN,ASO,ES,Towers with Radar,625,44,48,6,723,0,0,1,0,1,625,44,49,6,724,0,0,0,724
06/09/2022,MEM,TN,ASO,ES,Towers with Radar,652,53,48,1,754,0,0,6,0,6,652,53,54,1,760,0,0,0,760
06/10/2022,MEM,TN,ASO,ES,Towers with Radar,616,60,39,6,721,0,0,2,0,2,616,60,41,6,723,0,0,0,723
06/11/2022,MEM,TN,ASO,ES,Towers with Radar,428,18,30,7,483,0,0,4,0,4,428,18,34,7,487,0,0,0,487
06/12/2022,MEM,TN,ASO,ES,Towers with Radar,351,25,54,9,439,0,2,7,1,10,351,27,61,10,449,0,0,0,449
06/13/2022,MEM,TN,ASO,ES,Towers with Radar,259,34,49,5,347,0,0,1,0,1,259,34,50,5,348,0,0,0,348
06/14/2022,MEM,TN,ASO,ES,Towers with Radar,625,60,40,4,729,0,4,9,1,14,625,64,49,5,743,0,0,0,743
06/15/2022,MEM,TN,ASO,ES,Towers with Radar,632,43,54,7,736,0,1,2,0,3,632,44,56,7,739,0,0,0,739
06/16/2022,MEM,TN,ASO,ES,Towers with Radar,628,48,71,4,751,0,1,4,1,6,628,49,75,5,757,0,0,0,757
06/17/2022,MEM,TN,ASO,ES,Towers with Radar,594,53,56,10,713,0,0,3,1,4,594,53,59,11,717,0,0,0,717
06/18/2022,MEM,TN,ASO,ES,Towers with Radar,418,30,35,5,488,0,0,2,4,6,418,30,37,9,494,0,0,0,494
06/19/2022,MEM,TN,ASO,ES,Towers with Radar,340,34,22,3,399,0,2,1,1,4,340,36,23,4,403,0,0,0,403
06/20/2022,MEM,TN,ASO,ES,Towers with Radar,273,30,46,1,350,0,0,4,0,4,273,30,50,1,354,0,0,0,354
06/21/2022,MEM,TN,ASO,ES,Towers with Radar,612,48,45,5,710,0,4,8,0,12,612,52,53,5,722,0,0,0,722
06/22/2022,MEM,TN,ASO,ES,Towers with Radar,612,51,66,5,734,0,1,2,0,3,612,52,68,5,737,0,0,0,737
06/23/2022,MEM,TN,ASO,ES,Towers with Radar,631,69,61,0,761,0,2,7,0,9,631,71,68,0,770,0,0,0,770
06/24/2022,MEM,TN,ASO,ES,Towers with Radar,608,62,48,6,724,0,0,15,1,16,608,62,63,7,740,0,0,0,740
06/25/2022,MEM,TN,ASO,ES,Towers with Radar,425,34,17,2,478,0,0,6,0,6,425,34,23,2,484,0,0,0,484
06/26/2022,MEM,TN,ASO,ES,Towers with Radar,334,39,59,0,432,0,0,2,0,2,334,39,61,0,434,0,0,0,434
06/27/2022,MEM,TN,ASO,ES,Towers with Radar,258,43,45,3,349,0,2,4,2,8,258,45,49,5,357,0,0,0,357
06/28/2022,MEM,TN,ASO,ES,Towers with Radar,638,52,49,7,746,0,0,10,0,10,638,52,59,7,756,0,0,0,756
06/29/2022,MEM,TN,ASO,ES,Towers with Radar,621,40,56,15,732,0,0,12,2,14,621,40,68,17,746,0,0,0,746
06/30/2022,MEM,TN,ASO,ES,Towers with Radar,630,50,47,0,727,0,0,5,2,7,630,50,52,2,734,0,0,0,734
07/01/2022,MEM,TN,ASO,ES,Towers with Radar,624,57,51,2,734,0,0,8,0,8,624,57,59,2,742,0,0,0,742
07/02/2022,MEM,TN,ASO,ES,Towers with Radar,416,21,15,1,453,0,2,5,1,8,416,23,20,2,461,0,0,0,461
07/03/2022,MEM,TN,ASO,ES,Towers with Radar,327,16,16,0,359,0,0,3,1,4,327,16,19,1,363,0,0,0,363
07/04/2022,MEM,TN,ASO,ES,Towers with Radar,153,22,14,0,189,0,1,1,1,3,153,23,15,1,192,0,0,0,192
07/05/2022,MEM,TN,ASO,ES,Towers with Radar,345,25,35,4,409,0,0,18,1,19,345,25,53,5,428,0,0,0,428
07/06/2022,MEM,TN,ASO,ES,Towers with Radar,614,41,33,6,694,0,1,5,2,8,614,42,38,8,702,0,0,0,702
07/07/2022,MEM,TN,ASO,ES,Towers with Radar,623,57,45,5,730,0,1,5,2,8,623,58,50,7,738,0,0,0,738
07/08/2022,MEM,TN,ASO,ES,Towers with Radar,607,46,50,3,706,2,2,7,2,13,609,48,57,5,719,0,0,0,719
07/09/2022,MEM,TN,ASO,ES,Towers with Radar,423,19,23,1,466,0,2,4,0,6,423,21,27,1,472,0,0,0,472
07/10/2022,MEM,TN,ASO,ES,Towers with Radar,347,35,26,2,410,0,0,1,0,1,347,35,27,2,411,0,0,0,411
07/11/2022,MEM,TN,ASO,ES,Towers with Radar,257,31,38,3,329,0,2,3,0,5,257,33,41,3,334,0,0,0,334
07/12/2022,MEM,TN,ASO,ES,Towers with Radar,641,51,55,5,752,0,1,5,0,6,641,52,60,5,758,0,0,0,758
07/13/2022,MEM,TN,ASO,ES,Towers with Radar,628,39,47,7,721,0,0,4,0,4,628,39,51,7,725,0,0,0,725
07/14/2022,MEM,TN,ASO,ES,Towers with Radar,627,48,70,4,749,0,0,5,0,5,627,48,75,4,754,0,0,0,754
07/15/2022,MEM,TN,ASO,ES,Towers with Radar,626,45,45,3,719,0,1,10,0,11,626,46,55,3,730,0,0,0,730
07/16/2022,MEM,TN,ASO,ES,Towers with Radar,411,27,26,3,467,0,0,10,0,10,411,27,36,3,477,0,0,0,477
07/17/2022,MEM,TN,ASO,ES,Towers with Radar,338,28,36,2,404,0,2,5,0,7,338,30,41,2,411,0,0,0,411
07/18/2022,MEM,TN,ASO,ES,Towers with Radar,252,37,34,1,324,0,0,1,1,2,252,37,35,2,326,0,0,0,326
07/19/2022,MEM,TN,ASO,ES,Towers with Radar,635,45,36,6,722,0,0,10,1,11,635,45,46,7,733,0,0,0,733
07/20/2022,MEM,TN,ASO,ES,Towers with Radar,623,54,57,1,735,0,0,10,0,10,623,54,67,1,745,0,0,0,745
07/21/2022,MEM,TN,ASO,ES,Towers with Radar,630,61,41,2,734,0,0,3,0,3,630,61,44,2,737,0,0,0,737
07/22/2022,MEM,TN,ASO,ES,Towers with Radar,621,46,35,4,706,0,0,8,0,8,621,46,43,4,714,0,0,0,714
07/23/2022,MEM,TN,ASO,ES,Towers with Radar,414,29,20,4,467,0,0,4,0,4,414,29,24,4,471,0,0,0,471
07/24/2022,MEM,TN,ASO,ES,Towers with Radar,330,34,42,2,408,0,0,4,0,4,330,34,46,2,412,0,0,0,412
07/25/2022,MEM,TN,ASO,ES,Towers with Radar,257,40,40,1,338,0,0,5,0,5,257,40,45,1,343,0,0,0,343
07/26/2022,MEM,TN,ASO,ES,Towers with Radar,638,61,48,4,751,0,0,5,1,6,638,61,53,5,757,0,0,0,757
07/27/2022,MEM,TN,ASO,ES,Towers with Radar,621,59,63,9,752,0,1,7,1,9,621,60,70,10,761,0,0,0,761
07/28/2022,MEM,TN,ASO,ES,Towers with Radar,629,48,56,2,735,0,1,5,0,6,629,49,61,2,741,0,0,0,741
07/29/2022,MEM,TN,ASO,ES,Towers with Radar,615,44,42,2,703,0,0,1,0,1,615,44,43,2,704,0,0,0,704
07/30/2022,MEM,TN,ASO,ES,Towers with Radar,408,30,22,0,460,0,0,1,0,1,408,30,23,0,461,0,0,0,461
07/31/2022,MEM,TN,ASO,ES,Towers with Radar,326,33,36,0,395,0,0,0,0,0,326,33,36,0,395,0,0,0,395
08/01/2022,MEM,TN,ASO,ES,Towers with Radar,260,28,43,3,334,0,0,3,0,3,260,28,46,3,337,0,0,0,337
08/02/2022,MEM,TN,ASO,ES,Towers with Radar,637,50,36,2,725,0,0,3,0,3,637,50,39,2,728,0,0,0,728
08/03/2022,MEM,TN,ASO,ES,Towers with Radar,616,41,54,7,718,0,0,3,0,3,616,41,57,7,721,0,0,0,721
08/04/2022,MEM,TN,ASO,ES,Towers with Radar,626,45,60,4,735,0,1,3,0,4,626,46,63,4,739,0,0,0,739
08/05/2022,MEM,TN,ASO,ES,Towers with Radar,612,49,38,2,701,0,1,3,0,4,612,50,41,2,705,0,0,0,705
08/06/2022,MEM,TN,ASO,ES,Towers with Radar,411,32,14,0,457,0,0,0,0,0,411,32,14,0,457,0,0,0,457
08/07/2022,MEM,TN,ASO,ES,Towers with Radar,337,34,34,0,405,0,0,9,2,11,337,34,43,2,416,0,0,0,416
08/08/2022,MEM,TN,ASO,ES,Towers with Radar,262,44,35,2,343,0,0,4,0,4,262,44,39,2,347,0,0,0,347
08/09/2022,MEM,TN,ASO,ES,Towers with Radar,636,59,39,4,738,0,1,4,0,5,636,60,43,4,743,0,0,0,743
08/10/2022,MEM,TN,ASO,ES,Towers with Radar,622,52,51,5,730,0,0,3,0,3,622,52,54,5,733,0,0,0,733
08/11/2022,MEM,TN,ASO,ES,Towers with Radar,642,53,53,6,754,0,2,3,0,5,642,55,56,6,759,0,0,0,759
08/12/2022,MEM,TN,ASO,ES,Towers with Radar,609,60,67,4,740,0,0,8,3,11,609,60,75,7,751,0,0,0,751
08/13/2022,MEM,TN,ASO,ES,Towers with Radar,410,35,24,1,470,1,3,11,0,15,411,38,35,1,485,0,0,0,485
08/14/2022,MEM,TN,ASO,ES,Towers with Radar,346,47,35,0,428,0,0,12,1,13,346,47,47,1,441,0,0,0,441
08/15/2022,MEM,TN,ASO,ES,Towers with Radar,256,28,35,3,322,0,0,9,0,9,256,28,44,3,331,0,0,0,331
08/16/2022,MEM,TN,ASO,ES,Towers with Radar,632,41,56,5,734,0,0,5,5,10,632,41,61,10,744,0,0,0,744
08/17/2022,MEM,TN,ASO,ES,Towers with Radar,616,58,59,5,738,0,0,6,0,6,616,58,65,5,744,0,0,0,744
08/18/2022,MEM,TN,ASO,ES,Towers with Radar,624,58,55,7,744,0,0,9,1,10,624,58,64,8,754,0,0,0,754
08/19/2022,MEM,TN,ASO,ES,Towers with Radar,603,51,58,12,724,0,0,7,0,7,603,51,65,12,731,0,0,0,731
08/20/2022,MEM,TN,ASO,ES,Towers with Radar,404,24,36,4,468,0,0,5,0,5,404,24,41,4,473,0,0,0,473
08/21/2022,MEM,TN,ASO,ES,Towers with Radar,332,35,36,6,409,0,0,1,0,1,332,35,37,6,410,0,0,0,410
08/22/2022,MEM,TN,ASO,ES,Towers with Radar,241,23,49,0,313,0,0,0,0,0,241,23,49,0,313,0,0,0,313
08/23/2022,MEM,TN,ASO,ES,Towers with Radar,671,55,59,7,792,0,0,1,0,1,671,55,60,7,793,0,0,0,793
08/24/2022,MEM,TN,ASO,ES,Towers with Radar,633,58,55,9,755,0,2,2,0,4,633,60,57,9,759,0,0,0,759
08/25/2022,MEM,TN,ASO,ES,Towers with Radar,626,48,64,8,746,0,2,5,0,7,626,50,69,8,753,0,0,0,753
08/26/2022,MEM,TN,ASO,ES,Towers with Radar,593,68,58,8,727,0,0,4,0,4,593,68,62,8,731,0,0,0,731
08/27/2022,MEM,TN,ASO,ES,Towers with Radar,412,26,32,3,473,0,0,6,0,6,412,26,38,3,479,0,0,0,479
08/28/2022,MEM,TN,ASO,ES,Towers with Radar,335,27,45,0,407,0,0,2,0,2,335,27,47,0,409,0,0,0,409
08/29/2022,MEM,TN,ASO,ES,Towers with Radar,243,21,45,1,310,0,2,7,0,9,243,23,52,1,319,0,0,0,319
08/30/2022,MEM,TN,ASO,ES,Towers with Radar,637,47,64,9,757,0,2,4,0,6,637,49,68,9,763,0,0,0,763
08/31/2022,MEM,TN,ASO,ES,Towers with Radar,621,52,65,10,748,0,0,15,1,16,621,52,80,11,764,0,0,0,764
09/01/2022,MEM,TN,ASO,ES,Towers with Radar,625,52,65,5,747,1,0,9,0,10,626,52,74,5,757,0,0,0,757
09/02/2022,MEM,TN,ASO,ES,Towers with Radar,641,44,48,8,741,0,2,3,0,5,641,46,51,8,746,0,0,0,746
09/03/2022,MEM,TN,ASO,ES,Towers with Radar,405,30,16,0,451,1,0,5,1,7,406,30,21,1,458,0,0,0,458
09/04/2022,MEM,TN,ASO,ES,Towers with Radar,316,13,21,0,350,0,0,2,1,3,316,13,23,1,353,0,0,0,353
09/05/2022,MEM,TN,ASO,ES,Towers with Radar,159,28,44,0,231,0,0,6,0,6,159,28,50,0,237,0,0,0,237
09/06/2022,MEM,TN,ASO,ES,Towers with Radar,338,12,46,1,397,0,0,3,1,4,338,12,49,2,401,0,0,0,401
09/07/2022,MEM,TN,ASO,ES,Towers with Radar,624,39,60,3,726,0,0,12,0,12,624,39,72,3,738,0,0,0,738
09/08/2022,MEM,TN,ASO,ES,Towers with Radar,633,44,38,3,718,0,0,5,2,7,633,44,43,5,725,0,0,0,725
09/09/2022,MEM,TN,ASO,ES,Towers with Radar,618,36,58,5,717,0,0,3,1,4,618,36,61,6,721,0,0,0,721
09/10/2022,MEM,TN,ASO,ES,Towers with Radar,402,26,29,3,460,0,0,0,1,1,402,26,29,4,461,0,0,0,461
09/11/2022,MEM,TN,ASO,ES,Towers with Radar,354,12,47,6,419,0,0,3,0,3,354,12,50,6,422,0,0,0,422
09/12/2022,MEM,TN,ASO,ES,Towers with Radar,255,23,44,1,323,0,0,5,0,5,255,23,49,1,328,0,0,0,328
09/13/2022,MEM,TN,ASO,ES,Towers with Radar,633,45,39,5,722,0,2,17,0,19,633,47,56,5,741,0,0,0,741
09/14/2022,MEM,TN,ASO,ES,Towers with Radar,630,38,51,7,726,0,2,8,1,11,630,40,59,8,737,0,0,0,737
09/15/2022,MEM,TN,ASO,ES,Towers with Radar,636,50,58,6,750,0,10,8,1,19,636,60,66,7,769,0,0,0,769
09/16/2022,MEM,TN,ASO,ES,Towers with Radar,628,32,31,2,693,0,2,11,6,19,628,34,42,8,712,0,0,0,712
09/17/2022,MEM,TN,ASO,ES,Towers with Radar,406,12,29,1,448,0,2,9,0,11,406,14,38,1,459,0,0,0,459
09/18/2022,MEM,TN,ASO,ES,Towers with Radar,340,20,49,1,410,0,0,6,0,6,340,20,55,1,416,0,0,0,416
09/19/2022,MEM,TN,ASO,ES,Towers with Radar,260,32,73,5,370,0,0,11,1,12,260,32,84,6,382,0,0,0,382
09/20/2022,MEM,TN,ASO,ES,Towers with Radar,639,47,46,7,739,0,2,11,0,13,639,49,57,7,752,0,0,0,752
09/21/2022,MEM,TN,ASO,ES,Towers with Radar,617,33,60,9,719,0,2,13,0,15,617,35,73,9,734,0,0,0,734
09/22/2022,MEM,TN,ASO,ES,Towers with Radar,636,38,55,2,731,0,3,6,0,9,636,41,61,2,740,0,0,0,740
09/23/2022,MEM,TN,ASO,ES,Towers with Radar,621,49,52,1,723,0,4,5,1,10,621,53,57,2,733,0,0,0,733
09/24/2022,MEM,TN,ASO,ES,Towers with Radar,406,33,30,2,471,0,3,3,0,6,406,36,33,2,477,0,0,0,477
09/25/2022,MEM,TN,ASO,ES,Towers with Radar,353,20,39,0,412,0,0,3,0,3,353,20,42,0,415,0,0,0,415
09/26/2022,MEM,TN,ASO,ES,Towers with Radar,270,24,52,3,349,0,0,9,0,9,270,24,61,3,358,0,0,0,358
09/27/2022,MEM,TN,ASO,ES,Towers with Radar,633,40,82,5,760,0,0,12,0,12,633,40,94,5,772,0,0,0,772
09/28/2022,MEM,TN,ASO,ES,Towers with Radar,623,35,61,6,725,0,1,6,0,7,623,36,67,6,732,0,0,0,732
09/29/2022,MEM,TN,ASO,ES,Towers with Radar,623,51,71,3,748,0,2,15,1,18,623,53,86,4,766,0,0,0,766
09/30/2022,MEM,TN,ASO,ES,Towers with Radar,614,43,51,3,711,0,1,5,1,7,614,44,56,4,718,0,0,0,718
10/01/2022,MEM,TN,ASO,ES,Towers with Radar,412,28,41,6,487,0,0,4,0,4,412,28,45,6,491,0,0,0,491
10/02/2022,MEM,TN,ASO,ES,Towers with Radar,344,26,42,4,416,0,0,3,1,4,344,26,45,5,420,0,0,0,420
10/03/2022,MEM,TN,ASO,ES,Towers with Radar,261,22,41,3,327,0,0,7,1,8,261,22,48,4,335,0,0,0,335
10/04/2022,MEM,TN,ASO,ES,Towers with Radar,629,45,47,7,728,0,2,2,3,7,629,47,49,10,735,0,0,0,735
10/05/2022,MEM,TN,ASO,ES,Towers with Radar,609,35,38,7,689,0,4,2,0,6,609,39,40,7,695,0,0,0,695
10/06/2022,MEM,TN,ASO,ES,Towers with Radar,614,45,42,4,705,0,3,6,0,9,614,48,48,4,714,0,0,0,714
10/07/2022,MEM,TN,ASO,ES,Towers with Radar,615,34,47,2,698,0,3,5,0,8,615,37,52,2,706,0,0,0,706
10/08/2022,MEM,TN,ASO,ES,Towers with Radar,412,39,41,1,493,0,0,8,0,8,412,39,49,1,501,0,0,0,501
10/09/2022,MEM,TN,ASO,ES,Towers with Radar,346,26,51,1,424,0,1,8,0,9,346,27,59,1,433,0,0,0,433
10/10/2022,MEM,TN,ASO,ES,Towers with Radar,253,23,36,0,312,0,0,7,0,7,253,23,43,0,319,0,0,0,319
10/11/2022,MEM,TN,ASO,ES,Towers with Radar,612,36,45,2,695,0,3,6,1,10,612,39,51,3,705,0,0,0,705
10/12/2022,MEM,TN,ASO,ES,Towers with Radar,610,28,44,4,686,0,0,15,1,16,610,28,59,5,702,0,0,0,702
10/13/2022,MEM,TN,ASO,ES,Towers with Radar,637,44,64,3,748,0,0,19,0,19,637,44,83,3,767,0,0,0,767
10/14/2022,MEM,TN,ASO,ES,Towers with Radar,611,69,66,5,751,0,0,13,2,15,611,69,79,7,766,0,0,0,766
10/15/2022,MEM,TN,ASO,ES,Towers with Radar,405,27,38,0,470,0,0,3,0,3,405,27,41,0,473,0,0,0,473
10/16/2022,MEM,TN,ASO,ES,Towers with Radar,359,26,65,1,451,0,0,6,0,6,359,26,71,1,457,0,0,0,457
10/17/2022,MEM,TN,ASO,ES,Towers with Radar,254,27,50,3,334,0,1,6,1,8,254,28,56,4,342,0,0,0,342
10/18/2022,MEM,TN,ASO,ES,Towers with Radar,631,33,49,6,719,0,0,4,1,5,631,33,53,7,724,0,0,0,724
10/19/2022,MEM,TN,ASO,ES,Towers with Radar,627,43,51,6,727,1,2,13,0,16,628,45,64,6,743,0,0,0,743
10/20/2022,MEM,TN,ASO,ES,Towers with Radar,622,46,70,1,739,0,0,8,0,8,622,46,78,1,747,0,0,0,747
10/21/2022,MEM,TN,ASO,ES,Towers with Radar,617,44,51,10,722,0,0,9,1,10,617,44,60,11,732,0,0,0,732
10/22/2022,MEM,TN,ASO,ES,Towers with Radar,409,29,39,2,479,0,1,28,1,30,409,30,67,3,509,0,0,0,509
10/23/2022,MEM,TN,ASO,ES,Towers with Radar,362,17,39,5,423,0,0,5,1,6,362,17,44,6,429,0,0,0,429
10/24/2022,MEM,TN,ASO,ES,Towers with Radar,233,25,52,5,315,0,0,2,0,2,233,25,54,5,317,0,0,0,317
10/25/2022,MEM,TN,ASO,ES,Towers with Radar,652,30,28,5,715,0,0,1,0,1,652,30,29,5,716,0,0,0,716
10/26/2022,MEM,TN,ASO,ES,Towers with Radar,623,52,86,8,769,0,1,7,4,12,623,53,93,12,781,0,0,0,781
10/27/2022,MEM,TN,ASO,ES,Towers with Radar,626,52,49,0,727,0,0,9,0,9,626,52,58,0,736,0,0,0,736
10/28/2022,MEM,TN,ASO,ES,Towers with Radar,606,41,58,8,713,0,0,15,2,17,606,41,73,10,730,0,0,0,730
10/29/2022,MEM,TN,ASO,ES,Towers with Radar,404,22,25,1,452,0,0,0,0,0,404,22,25,1,452,0,0,0,452
10/30/2022,MEM,TN,ASO,ES,Towers with Radar,340,37,53,3,433,0,0,3,0,3,340,37,56,3,436,0,0,0,436
10/31/2022,MEM,TN,ASO,ES,Towers with Radar,238,26,45,0,309,0,0,1,0,1,238,26,46,0,310,0,0,0,310
11/01/2022,MEM,TN,ASO,ES,Towers with Radar,618,41,39,9,707,0,0,4,2,6,618,41,43,11,713,0,0,0,713
11/02/2022,MEM,TN,ASO,ES,Towers with Radar,627,45,64,7,743,0,0,5,2,7,627,45,69,9,750,0,0,0,750
11/03/2022,MEM,TN,ASO,ES,Towers with Radar,618,60,56,3,737,0,2,11,2,15,618,62,67,5,752,0,0,0,752
11/04/2022,MEM,TN,ASO,ES,Towers with Radar,591,47,47,6,691,0,0,5,2,7,591,47,52,8,698,0,0,0,698
11/05/2022,MEM,TN,ASO,ES,Towers with Radar,415,19,27,0,461,0,0,2,0,2,415,19,29,0,463,0,0,0,463
11/06/2022,MEM,TN,ASO,ES,Towers with Radar,338,33,32,5,408,0,0,4,0,4,338,33,36,5,412,0,0,0,412
11/07/2022,MEM,TN,ASO,ES,Towers with Radar,235,40,55,4,334,0,0,0,0,0,235,40,55,4,334,0,0,0,334
11/08/2022,MEM,TN,ASO,ES,Towers with Radar,635,40,60,11,746,0,0,5,2,7,635,40,65,13,753,0,0,0,753
11/09/2022,MEM,TN,ASO,ES,Towers with Radar,628,44,52,2,726,0,0,5,4,9,628,44,57,6,735,0,0,0,735
11/10/2022,MEM,TN,ASO,ES,Towers with Radar,627,45,41,7,720,0,6,6,2,14,627,51,47,9,734,0,0,0,734
11/11/2022,MEM,TN,ASO,ES,Towers with Radar,613,47,44,0,704,0,2,1,0,3,613,49,45,0,707,0,0,0,707
11/12/2022,MEM,TN,ASO,ES,Towers with Radar,399,28,25,0,452,0,2,0,0,2,399,30,25,0,454,0,0,0,454
11/13/2022,MEM,TN,ASO,ES,Towers with Radar,349,21,36,0,406,0,2,6,0,8,349,23,42,0,414,0,0,0,414
11/14/2022,MEM,TN,ASO,ES,Towers with Radar,250,24,43,1,318,0,5,8,0,13,250,29,51,1,331,0,0,0,331
11/15/2022,MEM,TN,ASO,ES,Towers with Radar,634,50,53,6,743,0,0,3,0,3,634,50,56,6,746,0,0,0,746
11/16/2022,MEM,TN,ASO,ES,Towers with Radar,641,48,63,8,760,0,2,6,2,10,641,50,69,10,770,0,0,0,770
11/17/2022,MEM,TN,ASO,ES,Towers with Radar,626,48,52,4,730,0,4,7,0,11,626,52,59,4,741,0,0,0,741
11/18/2022,MEM,TN,ASO,ES,Towers with Radar,608,44,63,1,716,0,2,4,1,7,608,46,67,2,723,0,0,0,723
11/19/2022,MEM,TN,ASO,ES,Towers with Radar,426,33,24,3,486,0,4,10,1,15,426,37,34,4,501,0,0,0,501
11/20/2022,MEM,TN,ASO,ES,Towers with Radar,346,43,42,5,436,0,4,6,0,10,346,47,48,5,446,0,0,0,446
11/21/2022,MEM,TN,ASO,ES,Towers with Radar,283,35,51,8,377,0,2,13,2,17,283,37,64,10,394,0,0,0,394
11/22/2022,MEM,TN,ASO,ES,Towers with Radar,663,50,47,2,762,0,0,9,0,9,663,50,56,2,771,0,0,0,771
11/23/2022,MEM,TN,ASO,ES,Towers with Radar,654,46,32,3,735,0,0,5,0,5,654,46,37,3,740,0,0,0,740
11/24/2022,MEM,TN,ASO,ES,Towers with Radar,172,17,4,0,193,0,0,1,0,1,172,17,5,0,194,0,0,0,194
11/25/2022,MEM,TN,ASO,ES,Towers with Radar,582,23,17,0,622,0,2,2,0,4,582,25,19,0,626,0,0,0,626
11/26/2022,MEM,TN,ASO,ES,Towers with Radar,427,34,17,0,478,0,0,0,0,0,427,34,17,0,478,0,0,0,478
11/27/2022,MEM,TN,ASO,ES,Towers with Radar,363,26,45,0,434,0,0,2,0,2,363,26,47,0,436,0,0,0,436
11/28/2022,MEM,TN,ASO,ES,Towers with Radar,309,36,52,2,399,0,3,7,0,10,309,39,59,2,409,0,0,0,409
11/29/2022,MEM,TN,ASO,ES,Towers with Radar,649,41,33,0,723,0,0,1,0,1,649,41,34,0,724,0,0,0,724
11/30/2022,MEM,TN,ASO,ES,Towers with Radar,682,41,52,4,779,0,1,11,0,12,682,42,63,4,791,0,0,0,791
12/01/2022,MEM,TN,ASO,ES,Towers with Radar,666,47,53,6,772,0,2,9,1,12,666,49,62,7,784,0,0,0,784
12/02/2022,MEM,TN,ASO,ES,Towers with Radar,633,54,67,0,754,0,2,2,0,4,633,56,69,0,758,0,0,0,758
12/03/2022,MEM,TN,ASO,ES,Towers with Radar,463,25,32,6,526,0,2,5,0,7,463,27,37,6,533,0,0,0,533
12/04/2022,MEM,TN,ASO,ES,Towers with Radar,363,32,43,0,438,0,6,4,0,10,363,38,47,0,448,0,0,0,448
12/05/2022,MEM,TN,ASO,ES,Towers with Radar,281,21,27,1,330,0,0,0,0,0,281,21,27,1,330,0,0,0,330
12/06/2022,MEM,TN,ASO,ES,Towers with Radar,688,28,52,10,778,0,0,0,0,0,688,28,52,10,778,0,0,0,778
12/07/2022,MEM,TN,ASO,ES,Towers with Radar,662,27,56,4,749,0,0,0,0,0,662,27,56,4,749,0,0,0,749
12/08/2022,MEM,TN,ASO,ES,Towers with Radar,667,34,52,5,758,0,0,0,0,0,667,34,52,5,758,0,0,0,758
12/09/2022,MEM,TN,ASO,ES,Towers with Radar,652,45,39,3,739,0,0,0,0,0,652,45,39,3,739,0,0,0,739
12/10/2022,MEM,TN,ASO,ES,Towers with Radar,442,24,20,0,486,0,0,0,0,0,442,24,20,0,486,0,0,0,486
12/11/2022,MEM,TN,ASO,ES,Towers with Radar,363,25,24,7,419,0,0,0,0,0,363,25,24,7,419,0,0,0,419
12/12/2022,MEM,TN,ASO,ES,Towers with Radar,289,23,58,0,370,0,0,0,0,0,289,23,58,0,370,0,0,0,370
12/13/2022,MEM,TN,ASO,ES,Towers with Radar,648,38,52,6,744,0,0,0,0,0,648,38,52,6,744,0,0,0,744
12/14/2022,MEM,TN,ASO,ES,Towers with Radar,696,30,45,9,780,0,0,0,0,0,696,30,45,9,780,0,0,0,780
12/15/2022,MEM,TN,ASO,ES,Towers with Radar,669,39,65,2,775,0,2,6,0,8,669,41,71,2,783,0,0,0,783
12/16/2022,MEM,TN,ASO,ES,Towers with Radar,674,43,45,1,763,0,0,2,0,2,674,43,47,1,765,0,0,0,765
12/17/2022,MEM,TN,ASO,ES,Towers with Radar,453,25,22,0,500,0,0,4,0,4,453,25,26,0,504,0,0,0,504
12/18/2022,MEM,TN,ASO,ES,Towers with Radar,375,26,24,1,426,0,1,4,0,5,375,27,28,1,431,0,0,0,431
12/19/2022,MEM,TN,ASO,ES,Towers with Radar,432,25,39,2,498,0,0,8,0,8,432,25,47,2,506,0,0,0,506
12/20/2022,MEM,TN,ASO,ES,Towers with Radar,688,47,36,4,775,0,0,5,0,5,688,47,41,4,780,0,0,0,780
12/21/2022,MEM,TN,ASO,ES,Towers with Radar,683,41,39,2,765,0,0,9,1,10,683,41,48,3,775,0,0,0,775
12/22/2022,MEM,TN,ASO,ES,Towers with Radar,645,39,19,0,703,0,0,0,0,0,645,39,19,0,703,0,0,0,703
12/23/2022,MEM,TN,ASO,ES,Towers with Radar,343,35,28,1,407,0,0,2,0,2,343,35,30,1,409,0,0,0,409
12/24/2022,MEM,TN,ASO,ES,Towers with Radar,343,18,15,0,376,0,0,2,0,2,343,18,17,0,378,0,0,0,378
12/25/2022,MEM,TN,ASO,ES,Towers with Radar,125,26,4,0,155,0,1,2,0,3,125,27,6,0,158,0,0,0,158
12/26/2022,MEM,TN,ASO,ES,Towers with Radar,187,21,36,0,244,0,0,2,0,2,187,21,38,0,246,0,0,0,246
12/27/2022,MEM,TN,ASO,ES,Towers with Radar,497,44,53,2,596,0,0,6,0,6,497,44,59,2,602,0,0,0,602
12/28/2022,MEM,TN,ASO,ES,Towers with Radar,643,40,59,0,742,0,1,6,0,7,643,41,65,0,749,0,0,0,749
12/29/2022,MEM,TN,ASO,ES,Towers with Radar,631,45,50,0,726,0,0,0,0,0,631,45,50,0,726,0,0,0,726
12/30/2022,MEM,TN,ASO,ES,Towers with Radar,681,43,21,1,746,0,0,0,0,0,681,43,21,1,746,0,0,0,746
12/31/2022,MEM,TN,ASO,ES,Towers with Radar,450,21,13,2,486,0,0,0,0,0,450,21,13,2,486,0,0,0,486
01/01/2023,MEM,TN,ASO,ES,Towers with Radar,147,17,22,1,187,0,0,6,0,6,147,17,28,1,193,0,0,0,193
01/02/2023,MEM,TN,ASO,ES,Towers with Radar,137,23,38,0,198,0,1,1,0,2,137,24,39,0,200,0,0,0,200
01/03/2023,MEM,TN,ASO,ES,Towers with Radar,469,19,19,0,507,0,0,0,0,0,469,19,19,0,507,0,0,0,507
01/04/2023,MEM,TN,ASO,ES,Towers with Radar,665,31,37,0,733,0,0,2,0,2,665,31,39,0,735,0,0,0,735
01/05/2023,MEM,TN,ASO,ES,Towers with Radar,628,43,28,4,703,0,0,6,3,9,628,43,34,7,712,0,0,0,712
01/06/2023,MEM,TN,ASO,ES,Towers with Radar,600,37,42,3,682,0,4,8,1,13,600,41,50,4,695,0,0,0,695
01/07/2023,MEM,TN,ASO,ES,Towers with Radar,398,20,16,2,436,0,0,0,0,0,398,20,16,2,436,0,0,0,436
01/08/2023,MEM,TN,ASO,ES,Towers with Radar,347,22,36,1,406,0,0,2,0,2,347,22,38,1,408,0,0,0,408
01/09/2023,MEM,TN,ASO,ES,Towers with Radar,251,20,45,1,317,0,2,6,0,8,251,22,51,1,325,0,0,0,325
01/10/2023,MEM,TN,ASO,ES,Towers with Radar,623,30,40,4,697,0,0,0,0,0,623,30,40,4,697,0,0,0,697
01/11/2023,MEM,TN,ASO,ES,Towers with Radar,623,26,46,3,698,0,0,1,1,2,623,26,47,4,700,0,0,0,700
01/12/2023,MEM,TN,ASO,ES,Towers with Radar,634,36,30,2,702,0,0,1,1,2,634,36,31,3,704,0,0,0,704
01/13/2023,MEM,TN,ASO,ES,Towers with Radar,637,40,51,3,731,0,0,2,0,2,637,40,53,3,733,0,0,0,733
01/14/2023,MEM,TN,ASO,ES,Towers with Radar,409,30,23,0,462,0,0,2,0,2,409,30,25,0,464,0,0,0,464
01/15/2023,MEM,TN,ASO,ES,Towers with Radar,342,28,35,0,405,0,0,12,0,12,342,28,47,0,417,0,0,0,417
01/16/2023,MEM,TN,ASO,ES,Towers with Radar,238,34,48,1,321,0,0,2,0,2,238,34,50,1,323,0,0,0,323
01/17/2023,MEM,TN,ASO,ES,Towers with Radar,655,37,50,4,746,0,0,3,0,3,655,37,53,4,749,0,0,0,749
01/18/2023,MEM,TN,ASO,ES,Towers with Radar,611,34,36,4,685,0,0,0,0,0,611,34,36,4,685,0,0,0,685
01/19/2023,MEM,TN,ASO,ES,Towers with Radar,643,52,48,3,746,0,1,7,0,8,643,53,55,3,754,0,0,0,754
01/20/2023,MEM,TN,ASO,ES,Towers with Radar,610,52,33,2,697,0,2,7,2,11,610,54,40,4,708,0,0,0,708
01/21/2023,MEM,TN,ASO,ES,Towers with Radar,404,28,23,0,455,0,0,8,0,8,404,28,31,0,463,0,0,0,463
01/22/2023,MEM,TN,ASO,ES,Towers with Radar,339,22,40,0,401,0,0,1,0,1,339,22,41,0,402,0,0,0,402
01/23/2023,MEM,TN,ASO,ES,Towers with Radar,255,30,39,0,324,0,0,2,1,3,255,30,41,1,327,0,0,0,327
01/24/2023,MEM,TN,ASO,ES,Towers with Radar,628,39,48,8,723,0,0,8,0,8,628,39,56,8,731,0,0,0,731
01/25/2023,MEM,TN,ASO,ES,Towers with Radar,656,43,49,6,754,0,0,0,0,0,656,43,49,6,754,0,0,0,754
01/26/2023,MEM,TN,ASO,ES,Towers with Radar,643,37,42,2,724,0,0,17,0,17,643,37,59,2,741,0,0,0,741
01/27/2023,MEM,TN,ASO,ES,Towers with Radar,618,46,36,2,702,0,0,0,0,0,618,46,36,2,702,0,0,0,702
01/28/2023,MEM,TN,ASO,ES,Towers with Radar,417,26,24,0,467,0,2,1,2,5,417,28,25,2,472,0,0,0,472
01/29/2023,MEM,TN,ASO,ES,Towers with Radar,351,25,29,0,405,0,0,0,0,0,351,25,29,0,405,0,0,0,405
01/30/2023,MEM,TN,ASO,ES,Towers with Radar,175,27,26,2,230,0,0,0,0,0,175,27,26,2,230,0,0,0,230
01/31/2023,MEM,TN,ASO,ES,Towers with Radar,260,8,7,0,275,0,0,0,0,0,260,8,7,0,275,0,0,0,275
02/01/2023,MEM,TN,ASO,ES,Towers with Radar,231,25,28,7,291,0,0,0,0,0,231,25,28,7,291,0,0,0,291
02/02/2023,MEM,TN,ASO,ES,Towers with Radar,354,28,41,8,431,0,0,0,0,0,354,28,41,8,431,0,0,0,431
02/03/2023,MEM,TN,ASO,ES,Towers with Radar,595,36,37,2,670,0,0,5,0,5,595,36,42,2,675,0,0,0,675
02/04/2023,MEM,TN,ASO,ES,Towers with Radar,452,21,8,7,488,0,0,4,6,10,452,21,12,13,498,0,0,0,498
02/05/2023,MEM,TN,ASO,ES,Towers with Radar,389,23,32,0,444,0,0,4,0,4,389,23,36,0,448,0,0,0,448
02/06/2023,MEM,TN,ASO,ES,Towers with Radar,330,27,32,3,392,0,1,4,0,5,330,28,36,3,397,0,0,0,397
02/07/2023,MEM,TN,ASO,ES,Towers with Radar,656,31,43,6,736,0,2,2,0,4,656,33,45,6,740,0,0,0,740
02/08/2023,MEM,TN,ASO,ES,Towers with Radar,625,35,37,3,700,0,0,0,0,0,625,35,37,3,700,0,0,0,700
02/09/2023,MEM,TN,ASO,ES,Towers with Radar,698,42,44,4,788,0,0,2,0,2,698,42,46,4,790,0,0,0,790
02/10/2023,MEM,TN,ASO,ES,Towers with Radar,613,50,35,3,701,0,1,2,0,3,613,51,37,3,704,0,0,0,704
02/11/2023,MEM,TN,ASO,ES,Towers with Radar,410,24,22,0,456,0,1,1,0,2,410,25,23,0,458,0,0,0,458
02/12/2023,MEM,TN,ASO,ES,Towers with Radar,355,25,30,3,413,0,0,2,0,2,355,25,32,3,415,0,0,0,415
02/13/2023,MEM,TN,ASO,ES,Towers with Radar,256,25,70,0,351,0,1,5,0,6,256,26,75,0,357,0,0,0,357
02/14/2023,MEM,TN,ASO,ES,Towers with Radar,621,40,36,5,702,0,0,2,1,3,621,40,38,6,705,0,0,0,705
02/15/2023,MEM,TN,ASO,ES,Towers with Radar,621,53,47,6,727,0,0,0,0,0,621,53,47,6,727,0,0,0,727
02/16/2023,MEM,TN,ASO,ES,Towers with Radar,649,38,30,0,717,0,0,0,0,0,649,38,30,0,717,0,0,0,717
02/17/2023,MEM,TN,ASO,ES,Towers with Radar,628,52,44,2,726,0,0,5,0,5,628,52,49,2,731,0,0,0,731
02/18/2023,MEM,TN,ASO,ES,Towers with Radar,399,24,10,1,434,0,0,7,0,7,399,24,17,1,441,0,0,0,441
02/19/2023,MEM,TN,ASO,ES,Towers with Radar,341,21,25,1,388,0,3,2,0,5,341,24,27,1,393,0,0,0,393
02/20/2023,MEM,TN,ASO,ES,Towers with Radar,262,29,48,1,340,0,0,2,0,2,262,29,50,1,342,0,0,0,342
02/21/2023,MEM,TN,ASO,ES,Towers with Radar,602,35,53,3,693,0,3,1,0,4,602,38,54,3,697,0,0,0,697
02/22/2023,MEM,TN,ASO,ES,Towers with Radar,637,35,45,5,722,0,3,0,0,3,637,38,45,5,725,0,0,0,725
02/23/2023,MEM,TN,ASO,ES,Towers with Radar,669,59,54,5,787,0,11,6,0,17,669,70,60,5,804,0,0,0,804
02/24/2023,MEM,TN,ASO,ES,Towers with Radar,614,49,40,3,706,0,0,1,0,1,614,49,41,3,707,0,0,0,707
02/25/2023,MEM,TN,ASO,ES,Towers with Radar,398,29,26,1,454,0,0,0,0,0,398,29,26,1,454,0,0,0,454
02/26/2023,MEM,TN,ASO,ES,Towers with Radar,356,24,30,1,411,1,0,2,0,3,357,24,32,1,414,0,0,0,414
02/27/2023,MEM,TN,ASO,ES,Towers with Radar,260,23,49,2,334,0,0,3,0,3,260,23,52,2,337,0,0,0,337
02/28/2023,MEM,TN,ASO,ES,Towers with Radar,624,37,60,2,723,0,2,6,0,8,624,39,66,2,731,0,0,0,731
03/01/2023,MEM,TN,ASO,ES,Towers with Radar,590,44,52,8,694,0,2,1,2,5,590,46,53,10,699,0,0,0,699
03/02/2023,MEM,TN,ASO,ES,Towers with Radar,607,34,39,2,682,0,0,3,0,3,607,34,42,2,685,0,0,0,685
03/03/2023,MEM,TN,ASO,ES,Towers with Radar,685,33,30,1,749,0,1,1,0,2,685,34,31,1,751,0,0,0,751
03/04/2023,MEM,TN,ASO,ES,Towers with Radar,411,27,21,1,460,0,4,4,1,9,411,31,25,2,469,0,0,0,469
03/05/2023,MEM,TN,ASO,ES,Towers with Radar,347,23,42,1,413,0,4,5,0,9,347,27,47,1,422,0,0,0,422
03/06/2023,MEM,TN,ASO,ES,Towers with Radar,264,27,48,2,341,0,1,5,0,6,264,28,53,2,347,0,0,0,347
03/07/2023,MEM,TN,ASO,ES,Towers with Radar,629,39,43,5,716,0,0,2,0,2,629,39,45,5,718,0,0,0,718
03/08/2023,MEM,TN,ASO,ES,Towers with Radar,624,45,39,4,712,1,0,0,0,1,625,45,39,4,713,0,0,0,713
03/09/2023,MEM,TN,ASO,ES,Towers with Radar,624,48,47,4,723,0,0,0,0,0,624,48,47,4,723,0,0,0,723
03/10/2023,MEM,TN,ASO,ES,Towers with Radar,617,52,62,2,733,0,0,5,0,5,617,52,67,2,738,0,0,0,738
03/11/2023,MEM,TN,ASO,ES,Towers with Radar,402,29,22,1,454,0,0,2,0,2,402,29,24,1,456,0,0,0,456
03/12/2023,MEM,TN,ASO,ES,Towers with Radar,349,27,29,0,405,0,0,3,0,3,349,27,32,0,408,0,0,0,408
03/13/2023,MEM,TN,ASO,ES,Towers with Radar,257,27,37,2,323,0,1,10,0,11,257,28,47,2,334,0,0,0,334
03/14/2023,MEM,TN,ASO,ES,Towers with Radar,622,34,42,7,705,0,3,5,0,8,622,37,47,7,713,0,0,0,713
03/15/2023,MEM,TN,ASO,ES,Towers with Radar,635,38,43,2,718,0,0,1,1,2,635,38,44,3,720,0,0,0,720
03/16/2023,MEM,TN,ASO,ES,Towers with Radar,603,43,51,2,699,0,2,2,3,7,603,45,53,5,706,0,0,0,706
03/17/2023,MEM,TN,ASO,ES,Towers with Radar,624,42,43,6,715,0,0,7,0,7,624,42,50,6,722,0,0,0,722
03/18/2023,MEM,TN,ASO,ES,Towers with Radar,417,49,47,0,513,0,3,0,0,3,417,52,47,0,516,0,0,0,516
03/19/2023,MEM,TN,ASO,ES,Towers with Radar,347,28,40,3,418,0,2,2,0,4,347,30,42,3,422,0,0,0,422
03/20/2023,MEM,TN,ASO,ES,Towers with Radar,260,30,61,0,351,0,0,4,0,4,260,30,65,0,355,0,0,0,355
03/21/2023,MEM,TN,ASO,ES,Towers with Radar,619,35,58,6,718,0,1,1,0,2,619,36,59,6,720,0,0,0,720
03/22/2023,MEM,TN,ASO,ES,Towers with Radar,620,47,39,14,720,0,0,2,0,2,620,47,41,14,722,0,0,0,722
03/23/2023,MEM,TN,ASO,ES,Towers with Radar,630,40,67,3,740,0,2,2,0,4,630,42,69,3,744,0,0,0,744
03/24/2023,MEM,TN,ASO,ES,Towers with Radar,595,40,24,0,659,0,0,0,0,0,595,40,24,0,659,0,0,0,659
03/25/2023,MEM,TN,ASO,ES,Towers with Radar,423,34,22,2,481,0,0,5,0,5,423,34,27,2,486,0,0,0,486
03/26/2023,MEM,TN,ASO,ES,Towers with Radar,337,25,23,3,388,0,0,5,1,6,337,25,28,4,394,0,0,0,394
03/27/2023,MEM,TN,ASO,ES,Towers with Radar,276,26,51,2,355,0,0,6,0,6,276,26,57,2,361,0,0,0,361
03/28/2023,MEM,TN,ASO,ES,Towers with Radar,638,39,50,10,737,0,4,1,0,5,638,43,51,10,742,0,0,0,742
03/29/2023,MEM,TN,ASO,ES,Towers with Radar,635,43,53,5,736,0,0,1,3,4,635,43,54,8,740,0,0,0,740
03/30/2023,MEM,TN,ASO,ES,Towers with Radar,602,51,40,3,696,0,0,5,0,5,602,51,45,3,701,0,0,0,701
03/31/2023,MEM,TN,ASO,ES,Towers with Radar,579,35,40,5,659,0,0,0,0,0,579,35,40,5,659,0,0,0,659
04/01/2023,MEM,TN,ASO,ES,Towers with Radar,459,18,28,0,505,0,1,4,1,6,459,19,32,1,511,0,0,0,511
04/02/2023,MEM,TN,ASO,ES,Towers with Radar,339,33,32,3,407,0,0,0,0,0,339,33,32,3,407,0,0,0,407
04/03/2023,MEM,TN,ASO,ES,Towers with Radar,263,31,53,2,349,0,0,1,0,1,263,31,54,2,350,0,0,0,350
04/04/2023,MEM,TN,ASO,ES,Towers with Radar,609,34,38,1,682,0,0,2,0,2,609,34,40,1,684,0,0,0,684
04/05/2023,MEM,TN,ASO,ES,Towers with Radar,617,36,42,1,696,0,0,0,0,0,617,36,42,1,696,0,0,0,696
04/06/2023,MEM,TN,ASO,ES,Towers with Radar,644,38,57,1,740,0,0,0,0,0,644,38,57,1,740,0,0,0,740
04/07/2023,MEM,TN,ASO,ES,Towers with Radar,613,51,38,0,702,0,0,4,0,4,613,51,42,0,706,0,0,0,706
04/08/2023,MEM,TN,ASO,ES,Towers with Radar,402,22,14,0,438,0,0,4,0,4,402,22,18,0,442,0,0,0,442
04/09/2023,MEM,TN,ASO,ES,Towers with Radar,324,29,33,0,386,0,0,0,1,1,324,29,33,1,387,0,0,0,387
04/10/2023,MEM,TN,ASO,ES,Towers with Radar,261,30,43,5,339,0,0,8,1,9,261,30,51,6,348,0,0,0,348
04/11/2023,MEM,TN,ASO,ES,Towers with Radar,628,39,40,3,710,0,0,12,0,12,628,39,52,3,722,0,0,0,722
04/12/2023,MEM,TN,ASO,ES,Towers with Radar,629,49,45,6,729,0,0,13,0,13,629,49,58,6,742,0,0,0,742
04/13/2023,MEM,TN,ASO,ES,Towers with Radar,625,45,41,3,714,0,0,5,0,5,625,45,46,3,719,0,0,0,719
04/14/2023,MEM,TN,ASO,ES,Towers with Radar,605,46,49,9,709,0,2,7,0,9,605,48,56,9,718,0,0,0,718
04/15/2023,MEM,TN,ASO,ES,Towers with Radar,415,33,23,0,471,1,5,0,0,6,416,38,23,0,477,0,0,0,477
04/16/2023,MEM,TN,ASO,ES,Towers with Radar,350,32,43,1,426,0,2,2,0,4,350,34,45,1,430,0,0,0,430
04/17/2023,MEM,TN,ASO,ES,Towers with Radar,270,27,41,0,338,0,2,5,0,7,270,29,46,0,345,0,0,0,345
04/18/2023,MEM,TN,ASO,ES,Towers with Radar,627,38,65,7,737,0,2,4,0,6,627,40,69,7,743,0,0,0,743
04/19/2023,MEM,TN,ASO,ES,Towers with Radar,635,35,46,9,725,0,0,2,0,2,635,35,48,9,727,0,0,0,727
04/20/2023,MEM,TN,ASO,ES,Towers with Radar,600,46,58,3,707,0,0,5,1,6,600,46,63,4,713,0,0,0,713
04/21/2023,MEM,TN,ASO,ES,Towers with Radar,635,53,49,3,740,0,0,0,0,0,635,53,49,3,740,0,0,0,740
04/22/2023,MEM,TN,ASO,ES,Towers with Radar,416,28,38,1,483,0,0,2,0,2,416,28,40,1,485,0,0,0,485
04/23/2023,MEM,TN,ASO,ES,Towers with Radar,339,41,62,2,444,0,0,5,0,5,339,41,67,2,449,0,0,0,449
04/24/2023,MEM,TN,ASO,ES,Towers with Radar,278,26,47,6,357,0,2,1,1,4,278,28,48,7,361,0,0,0,361
04/25/2023,MEM,TN,ASO,ES,Towers with Radar,633,53,44,7,737,0,0,5,1,6,633,53,49,8,743,0,0,0,743
04/26/2023,MEM,TN,ASO,ES,Towers with Radar,626,44,60,7,737,0,2,7,0,9,626,46,67,7,746,0,0,0,746
04/27/2023,MEM,TN,ASO,ES,Towers with Radar,629,46,35,6,716,0,1,0,0,1,629,47,35,6,717,0,0,0,717
04/28/2023,MEM,TN,ASO,ES,Towers with Radar,604,48,50,4,706,1,1,2,0,4,605,49,52,4,710,0,0,0,710
04/29/2023,MEM,TN,ASO,ES,Towers with Radar,420,21,24,1,466,0,0,1,0,1,420,21,25,1,467,0,0,0,467
04/30/2023,MEM,TN,ASO,ES,Towers with Radar,327,22,36,2,387,0,1,7,0,8,327,23,43,2,395,0,0,0,395
05/01/2023,MEM,TN,ASO,ES,Towers with Radar,282,26,50,0,358,0,0,0,0,0,282,26,50,0,358,0,0,0,358
05/02/2023,MEM,TN,ASO,ES,Towers with Radar,616,49,51,3,719,0,1,5,0,6,616,50,56,3,725,0,0,0,725
05/03/2023,MEM,TN,ASO,ES,Towers with Radar,632,39,50,7,728,0,1,5,0,6,632,40,55,7,734,0,0,0,734
05/04/2023,MEM,TN,ASO,ES,Towers with Radar,618,41,49,3,711,0,3,5,0,8,618,44,54,3,719,0,0,0,719
05/05/2023,MEM,TN,ASO,ES,Towers with Radar,605,45,32,0,682,0,0,5,0,5,605,45,37,0,687,0,0,0,687
05/06/2023,MEM,TN,ASO,ES,Towers with Radar,413,18,20,0,451,0,2,3,0,5,413,20,23,0,456,0,0,0,456
05/07/2023,MEM,TN,ASO,ES,Towers with Radar,351,33,40,0,424,0,2,3,1,6,351,35,43,1,430,0,0,0,430
05/08/2023,MEM,TN,ASO,ES,Towers with Radar,281,34,56,0,371,0,0,0,0,0,281,34,56,0,371,0,0,0,371
05/09/2023,MEM,TN,ASO,ES,Towers with Radar,630,51,43,4,728,0,0,7,0,7,630,51,50,4,735,0,0,0,735
05/10/2023,MEM,TN,ASO,ES,Towers with Radar,636,39,38,7,720,0,0,5,0,5,636,39,43,7,725,0,0,0,725
05/11/2023,MEM,TN,ASO,ES,Towers with Radar,628,42,54,9,733,0,0,1,2,3,628,42,55,11,736,0,0,0,736
05/12/2023,MEM,TN,ASO,ES,Towers with Radar,615,40,47,3,705,0,0,3,0,3,615,40,50,3,708,0,0,0,708
05/13/2023,MEM,TN,ASO,ES,Towers with Radar,438,30,35,0,503,0,0,0,0,0,438,30,35,0,503,0,0,0,503
05/14/2023,MEM,TN,ASO,ES,Towers with Radar,343,32,27,1,403,0,3,2,0,5,343,35,29,1,408,0,0,0,408
05/15/2023,MEM,TN,ASO,ES,Towers with Radar,281,36,51,0,368,0,1,4,0,5,281,37,55,0,373,0,0,0,373
05/16/2023,MEM,TN,ASO,ES,Towers with Radar,637,42,64,3,746,0,0,0,0,0,637,42,64,3,746,0,0,0,746
05/17/2023,MEM,TN,ASO,ES,Towers with Radar,642,43,48,11,744,0,0,2,0,2,642,43,50,11,746,0,0,0,746
05/18/2023,MEM,TN,ASO,ES,Towers with Radar,636,45,65,7,753,0,3,7,0,10,636,48,72,7,763,0,0,0,763
05/19/2023,MEM,TN,ASO,ES,Towers with Radar,600,48,45,9,702,0,0,1,0,1,600,48,46,9,703,0,0,0,703
05/20/2023,MEM,TN,ASO,ES,Towers with Radar,422,25,30,0,477,0,0,0,0,0,422,25,30,0,477,0,0,0,477
05/21/2023,MEM,TN,ASO,ES,Towers with Radar,345,22,31,3,401,0,0,3,0,3,345,22,34,3,404,0,0,0,404
05/22/2023,MEM,TN,ASO,ES,Towers with Radar,279,35,39,3,356,0,0,1,1,2,279,35,40,4,358,0,0,0,358
05/23/2023,MEM,TN,ASO,ES,Towers with Radar,632,46,62,4,744,0,1,5,0,6,632,47,67,4,750,0,0,0,750
05/24/2023,MEM,TN,ASO,ES,Towers with Radar,637,37,48,5,727,0,6,7,0,13,637,43,55,5,740,0,0,0,740
05/25/2023,MEM,TN,ASO,ES,Towers with Radar,639,37,50,2,728,0,1,7,0,8,639,38,57,2,736,0,0,0,736
05/26/2023,MEM,TN,ASO,ES,Towers with Radar,608,32,45,1,686,0,0,1,0,1,608,32,46,1,687,0,0,0,687
05/27/2023,MEM,TN,ASO,ES,Towers with Radar,408,22,28,0,458,0,2,2,0,4,408,24,30,0,462,0,0,0,462
05/28/2023,MEM,TN,ASO,ES,Towers with Radar,327,14,35,0,376,1,0,2,0,3,328,14,37,0,379,0,0,0,379
05/29/2023,MEM,TN,ASO,ES,Towers with Radar,183,11,19,2,215,0,0,2,2,4,183,11,21,4,219,0,0,0,219
05/30/2023,MEM,TN,ASO,ES,Towers with Radar,287,8,43,6,344,0,1,1,0,2,287,9,44,6,346,0,0,0,346
05/31/2023,MEM,TN,ASO,ES,Towers with Radar,673,39,43,1,756,0,0,1,1,2,673,39,44,2,758,0,0,0,758
06/01/2023,MEM,TN,ASO,ES,Towers with Radar,651,42,53,1,747,0,2,1,0,3,651,44,54,1,750,0,0,0,750
06/02/2023,MEM,TN,ASO,ES,Towers with Radar,617,30,46,2,695,0,2,9,0,11,617,32,55,2,706,0,0,0,706
06/03/2023,MEM,TN,ASO,ES,Towers with Radar,423,30,31,5,489,0,0,2,0,2,423,30,33,5,491,0,0,0,491
06/04/2023,MEM,TN,ASO,ES,Towers with Radar,351,23,33,5,412,0,1,6,0,7,351,24,39,5,419,0,0,0,419
06/05/2023,MEM,TN,ASO,ES,Towers with Radar,273,27,52,3,355,0,0,0,1,1,273,27,52,4,356,0,0,0,356
06/06/2023,MEM,TN,ASO,ES,Towers with Radar,642,32,43,0,717,0,0,1,1,2,642,32,44,1,719,0,0,0,719
06/07/2023,MEM,TN,ASO,ES,Towers with Radar,641,35,43,1,720,0,0,2,0,2,641,35,45,1,722,0,0,0,722
06/08/2023,MEM,TN,ASO,ES,Towers with Radar,650,40,45,1,736,0,0,2,0,2,650,40,47,1,738,0,0,0,738
06/09/2023,MEM,TN,ASO,ES,Towers with Radar,600,37,44,5,686,0,0,4,0,4,600,37,48,5,690,0,0,0,690
06/10/2023,MEM,TN,ASO,ES,Towers with Radar,423,26,33,0,482,0,2,8,0,10,423,28,41,0,492,0,0,0,492
06/11/2023,MEM,TN,ASO,ES,Towers with Radar,339,20,45,0,404,0,0,0,0,0,339,20,45,0,404,0,0,0,404
06/12/2023,MEM,TN,ASO,ES,Towers with Radar,274,21,47,3,345,0,3,1,0,4,274,24,48,3,349,0,0,0,349
06/13/2023,MEM,TN,ASO,ES,Towers with Radar,648,41,34,6,729,0,0,3,0,3,648,41,37,6,732,0,0,0,732
06/14/2023,MEM,TN,ASO,ES,Towers with Radar,632,39,49,1,721,0,0,4,1,5,632,39,53,2,726,0,0,0,726
06/15/2023,MEM,TN,ASO,ES,Towers with Radar,642,50,51,5,748,0,0,2,0,2,642,50,53,5,750,0,0,0,750
06/16/2023,MEM,TN,ASO,ES,Towers with Radar,613,42,49,2,706,0,0,5,0,5,613,42,54,2,711,0,0,0,711
06/17/2023,MEM,TN,ASO,ES,Towers with Radar,421,31,25,2,479,0,1,6,0,7,421,32,31,2,486,0,0,0,486
06/18/2023,MEM,TN,ASO,ES,Towers with Radar,336,20,22,4,382,0,1,1,1,3,336,21,23,5,385,0,0,0,385
06/19/2023,MEM,TN,ASO,ES,Towers with Radar,279,26,46,2,353,0,1,4,0,5,279,27,50,2,358,0,0,0,358
06/20/2023,MEM,TN,ASO,ES,Towers with Radar,648,48,45,8,749,0,0,3,1,4,648,48,48,9,753,0,0,0,753
06/21/2023,MEM,TN,ASO,ES,Towers with Radar,639,58,46,5,748,0,1,2,0,3,639,59,48,5,751,0,0,0,751
06/22/2023,MEM,TN,ASO,ES,Towers with Radar,641,33,43,2,719,0,0,3,1,4,641,33,46,3,723,0,0,0,723
06/23/2023,MEM,TN,ASO,ES,Towers with Radar,604,45,66,4,719,0,1,6,1,8,604,46,72,5,727,0,0,0,727
06/24/2023,MEM,TN,ASO,ES,Towers with Radar,416,24,31,2,473,0,1,5,0,6,416,25,36,2,479,0,0,0,479
06/25/2023,MEM,TN,ASO,ES,Towers with Radar,330,25,37,3,395,0,0,2,0,2,330,25,39,3,397,0,0,0,397
06/26/2023,MEM,TN,ASO,ES,Towers with Radar,260,19,31,0,310,0,1,3,0,4,260,20,34,0,314,0,0,0,314
06/27/2023,MEM,TN,ASO,ES,Towers with Radar,645,46,46,0,737,0,0,0,0,0,645,46,46,0,737,0,0,0,737
06/28/2023,MEM,TN,ASO,ES,Towers with Radar,637,42,69,1,749,0,0,1,2,3,637,42,70,3,752,0,0,0,752
06/29/2023,MEM,TN,ASO,ES,Towers with Radar,654,38,52,5,749,0,3,4,0,7,654,41,56,5,756,0,0,0,756
06/30/2023,MEM,TN,ASO,ES,Towers with Radar,617,35,56,5,713,0,3,2,0,5,617,38,58,5,718,0,0,0,718
07/01/2023,MEM,TN,ASO,ES,Towers with Radar,438,22,34,0,494,0,4,0,0,4,438,26,34,0,498,0,0,0,498
07/02/2023,MEM,TN,ASO,ES,Towers with Radar,337,25,21,0,383,0,2,5,0,7,337,27,26,0,390,0,0,0,390
07/03/2023,MEM,TN,ASO,ES,Towers with Radar,247,13,14,1,275,0,3,4,1,8,247,16,18,2,283,0,0,0,283
07/04/2023,MEM,TN,ASO,ES,Towers with Radar,190,17,11,0,218,0,3,0,0,3,190,20,11,0,221,0,0,0,221
07/05/2023,MEM,TN,ASO,ES,Towers with Radar,604,28,24,6,662,0,4,3,0,7,604,32,27,6,669,0,0,0,669
07/06/2023,MEM,TN,ASO,ES,Towers with Radar,657,38,37,2,734,0,1,2,2,5,657,39,39,4,739,0,0,0,739
07/07/2023,MEM,TN,ASO,ES,Towers with Radar,596,43,39,4,682,0,1,7,0,8,596,44,46,4,690,0,0,0,690
07/08/2023,MEM,TN,ASO,ES,Towers with Radar,425,29,23,0,477,0,0,2,0,2,425,29,25,0,479,0,0,0,479
07/09/2023,MEM,TN,ASO,ES,Towers with Radar,333,23,24,1,381,0,1,0,0,1,333,24,24,1,382,0,0,0,382
07/10/2023,MEM,TN,ASO,ES,Towers with Radar,280,26,45,0,351,0,2,6,0,8,280,28,51,0,359,0,0,0,359
07/11/2023,MEM,TN,ASO,ES,Towers with Radar,647,43,37,3,730,0,1,6,1,8,647,44,43,4,738,0,0,0,738
07/12/2023,MEM,TN,ASO,ES,Towers with Radar,641,42,44,2,729,0,0,1,0,1,641,42,45,2,730,0,0,0,730
07/13/2023,MEM,TN,ASO,ES,Towers with Radar,637,36,39,5,717,0,1,3,1,5,637,37,42,6,722,0,0,0,722
07/14/2023,MEM,TN,ASO,ES,Towers with Radar,606,38,37,1,682,0,0,1,1,2,606,38,38,2,684,0,0,0,684
07/15/2023,MEM,TN,ASO,ES,Towers with Radar,447,39,25,4,515,0,0,6,0,6,447,39,31,4,521,0,0,0,521
07/16/2023,MEM,TN,ASO,ES,Towers with Radar,331,28,33,2,394,0,0,8,0,8,331,28,41,2,402,0,0,0,402
07/17/2023,MEM,TN,ASO,ES,Towers with Radar,277,25,33,5,340,0,0,4,0,4,277,25,37,5,344,0,0,0,344
07/18/2023,MEM,TN,ASO,ES,Towers with Radar,631,42,50,3,726,0,0,0,0,0,631,42,50,3,726,0,0,0,726
07/19/2023,MEM,TN,ASO,ES,Towers with Radar,643,35,36,0,714,0,1,13,0,14,643,36,49,0,728,0,0,0,728
07/20/2023,MEM,TN,ASO,ES,Towers with Radar,642,52,50,0,744,0,3,7,0,10,642,55,57,0,754,0,0,0,754
07/21/2023,MEM,TN,ASO,ES,Towers with Radar,614,47,31,1,693,0,0,1,0,1,614,47,32,1,694,0,0,0,694
07/22/2023,MEM,TN,ASO,ES,Towers with Radar,430,23,23,0,476,0,2,4,0,6,430,25,27,0,482,0,0,0,482
07/23/2023,MEM,TN,ASO,ES,Towers with Radar,350,24,46,0,420,0,7,5,0,12,350,31,51,0,432,0,0,0,432
07/24/2023,MEM,TN,ASO,ES,Towers with Radar,282,31,46,2,361,0,0,1,0,1,282,31,47,2,362,0,0,0,362
07/25/2023,MEM,TN,ASO,ES,Towers with Radar,637,42,43,1,723,0,0,3,2,5,637,42,46,3,728,0,0,0,728
07/26/2023,MEM,TN,ASO,ES,Towers with Radar,643,48,42,5,738,0,0,5,0,5,643,48,47,5,743,0,0,0,743
07/27/2023,MEM,TN,ASO,ES,Towers with Radar,645,50,45,1,741,0,0,4,0,4,645,50,49,1,745,0,0,0,745
07/28/2023,MEM,TN,ASO,ES,Towers with Radar,609,56,31,2,698,0,0,2,0,2,609,56,33,2,700,0,0,0,700
07/29/2023,MEM,TN,ASO,ES,Towers with Radar,435,29,34,2,500,0,0,3,0,3,435,29,37,2,503,0,0,0,503
07/30/2023,MEM,TN,ASO,ES,Towers with Radar,345,35,21,3,404,0,0,4,0,4,345,35,25,3,408,0,0,0,408
07/31/2023,MEM,TN,ASO,ES,Towers with Radar,287,19,35,1,342,0,0,4,0,4,287,19,39,1,346,0,0,0,346
08/01/2023,MEM,TN,ASO,ES,Towers with Radar,640,36,35,5,716,0,0,4,0,4,640,36,39,5,720,0,0,0,720
08/02/2023,MEM,TN,ASO,ES,Towers with Radar,635,50,45,4,734,0,0,3,0,3,635,50,48,4,737,0,0,0,737
08/03/2023,MEM,TN,ASO,ES,Towers with Radar,635,46,57,1,739,0,0,2,0,2,635,46,59,1,741,0,0,0,741
08/04/2023,MEM,TN,ASO,ES,Towers with Radar,602,42,35,1,680,0,0,1,0,1,602,42,36,1,681,0,0,0,681
08/05/2023,MEM,TN,ASO,ES,Towers with Radar,422,22,12,1,457,0,0,2,0,2,422,22,14,1,459,0,0,0,459
08/06/2023,MEM,TN,ASO,ES,Towers with Radar,341,26,34,0,401,0,0,2,0,2,341,26,36,0,403,0,0,0,403
08/07/2023,MEM,TN,ASO,ES,Towers with Radar,276,46,41,4,367,0,0,0,0,0,276,46,41,4,367,0,0,0,367
08/08/2023,MEM,TN,ASO,ES,Towers with Radar,640,46,43,8,737,0,0,1,0,1,640,46,44,8,738,0,0,0,738
08/09/2023,MEM,TN,ASO,ES,Towers with Radar,605,44,45,2,696,0,0,7,0,7,605,44,52,2,703,0,0,0,703
08/10/2023,MEM,TN,ASO,ES,Towers with Radar,672,28,53,4,757,0,0,0,0,0,672,28,53,4,757,0,0,0,757
08/11/2023,MEM,TN,ASO,ES,Towers with Radar,605,46,34,10,695,0,0,12,0,12,605,46,46,10,707,0,0,0,707
08/12/2023,MEM,TN,ASO,ES,Towers with Radar,410,30,37,2,479,1,0,11,0,12,411,30,48,2,491,0,0,0,491
08/13/2023,MEM,TN,ASO,ES,Towers with Radar,343,34,29,0,406,0,1,2,0,3,343,35,31,0,409,0,0,0,409
08/14/2023,MEM,TN,ASO,ES,Towers with Radar,281,27,44,7,359,0,0,0,0,0,281,27,44,7,359,0,0,0,359
08/15/2023,MEM,TN,ASO,ES,Towers with Radar,631,35,44,5,715,0,0,10,2,12,631,35,54,7,727,0,0,0,727
08/16/2023,MEM,TN,ASO,ES,Towers with Radar,640,35,55,7,737,0,0,5,0,5,640,35,60,7,742,0,0,0,742
08/17/2023,MEM,TN,ASO,ES,Towers with Radar,636,45,61,7,749,0,0,7,0,7,636,45,68,7,756,0,0,0,756
08/18/2023,MEM,TN,ASO,ES,Towers with Radar,596,42,39,4,681,0,1,5,0,6,596,43,44,4,687,0,0,0,687
08/19/2023,MEM,TN,ASO,ES,Towers with Radar,408,21,18,1,448,0,2,7,0,9,408,23,25,1,457,0,0,0,457
08/20/2023,MEM,TN,ASO,ES,Towers with Radar,332,23,37,2,394,0,2,3,0,5,332,25,40,2,399,0,0,0,399
08/21/2023,MEM,TN,ASO,ES,Towers with Radar,290,28,43,4,365,0,0,4,0,4,290,28,47,4,369,0,0,0,369
08/22/2023,MEM,TN,ASO,ES,Towers with Radar,639,36,37,5,717,0,0,6,0,6,639,36,43,5,723,0,0,0,723
08/23/2023,MEM,TN,ASO,ES,Towers with Radar,632,32,40,5,709,0,3,2,2,7,632,35,42,7,716,0,0,0,716
08/24/2023,MEM,TN,ASO,ES,Towers with Radar,645,46,51,6,748,0,1,3,4,8,645,47,54,10,756,0,0,0,756
08/25/2023,MEM,TN,ASO,ES,Towers with Radar,601,51,36,2,690,0,0,4,0,4,601,51,40,2,694,0,0,0,694
08/26/2023,MEM,TN,ASO,ES,Towers with Radar,412,19,23,0,454,0,1,3,0,4,412,20,26,0,458,0,0,0,458
08/27/2023,MEM,TN,ASO,ES,Towers with Radar,330,30,33,4,397,0,0,1,0,1,330,30,34,4,398,0,0,0,398
08/28/2023,MEM,TN,ASO,ES,Towers with Radar,279,23,43,4,349,0,0,3,0,3,279,23,46,4,352,0,0,0,352
08/29/2023,MEM,TN,ASO,ES,Towers with Radar,647,37,45,6,735,0,0,6,5,11,647,37,51,11,746,0,0,0,746
08/30/2023,MEM,TN,ASO,ES,Towers with Radar,640,29,32,5,706,0,1,4,1,6,640,30,36,6,712,0,0,0,712
08/31/2023,MEM,TN,ASO,ES,Towers with Radar,642,50,59,5,756,0,1,13,2,16,642,51,72,7,772,0,0,0,772
