01/01/2000,MFD,OH,AGL,CE,Towers with Radar,0,0,8,0,8,0,0,28,0,28,0,0,36,0,36,12,0,12,48
01/02/2000,MFD,OH,AGL,CE,Towers with Radar,0,0,8,0,8,0,0,0,0,0,0,0,8,0,8,2,0,2,10
01/03/2000,MFD,OH,AGL,CE,Towers with Radar,0,3,8,0,11,0,0,0,0,0,0,3,8,0,11,0,0,0,11
01/04/2000,MFD,OH,AGL,CE,Towers with Radar,0,0,18,8,26,0,0,11,12,23,0,0,29,20,49,0,10,10,59
01/05/2000,MFD,OH,AGL,CE,Towers with Radar,0,28,33,16,77,0,0,24,8,32,0,28,57,24,109,40,48,88,197
01/06/2000,MFD,OH,AGL,CE,Towers with Radar,0,16,28,14,58,0,0,40,2,42,0,16,68,16,100,48,32,80,180
01/07/2000,MFD,OH,AGL,CE,Towers with Radar,0,28,26,4,58,0,32,16,0,48,0,60,42,4,106,46,0,46,152
01/08/2000,MFD,OH,AGL,CE,Towers with Radar,0,37,34,8,79,0,42,102,0,144,0,79,136,8,223,74,0,74,297
01/09/2000,MFD,OH,AGL,CE,Towers with Radar,0,27,24,12,63,0,19,24,0,43,0,46,48,12,106,16,6,22,128
01/10/2000,MFD,OH,AGL,CE,Towers with Radar,0,4,5,0,9,0,0,0,0,0,0,4,5,0,9,0,0,0,9
01/11/2000,MFD,OH,AGL,CE,Towers with Radar,0,5,21,12,38,0,0,0,49,49,0,5,21,61,87,0,34,34,121
01/12/2000,MFD,OH,AGL,CE,Towers with Radar,0,24,28,13,65,0,0,12,9,21,0,24,40,22,86,20,16,36,122
01/13/2000,MFD,OH,AGL,CE,Towers with Radar,0,3,14,10,27,0,0,0,29,29,0,3,14,39,56,0,10,10,66
01/14/2000,MFD,OH,AGL,CE,Towers with Radar,0,26,31,15,72,0,0,10,19,29,0,26,41,34,101,14,0,14,115
01/15/2000,MFD,OH,AGL,CE,Towers with Radar,0,13,9,0,22,0,1,53,0,54,0,14,62,0,76,22,0,22,98
01/16/2000,MFD,OH,AGL,CE,Towers with Radar,0,25,20,3,48,0,33,22,0,55,0,58,42,3,103,28,0,28,131
01/17/2000,MFD,OH,AGL,CE,Towers with Radar,0,36,29,0,65,0,62,17,0,79,0,98,46,0,144,38,0,38,182
01/18/2000,MFD,OH,AGL,CE,Towers with Radar,0,33,27,12,72,0,18,7,0,25,0,51,34,12,97,44,0,44,141
01/19/2000,MFD,OH,AGL,CE,Towers with Radar,0,11,29,14,54,0,0,50,18,68,0,11,79,32,122,14,32,46,168
01/20/2000,MFD,OH,AGL,CE,Towers with Radar,0,4,14,5,23,0,0,0,0,0,0,4,14,5,23,0,0,0,23
01/21/2000,MFD,OH,AGL,CE,Towers with Radar,0,23,19,1,43,0,14,3,0,17,0,37,22,1,60,28,2,30,90
01/22/2000,MFD,OH,AGL,CE,Towers with Radar,0,28,24,2,54,0,4,0,0,4,0,32,24,2,58,22,0,22,80
01/23/2000,MFD,OH,AGL,CE,Towers with Radar,0,9,10,2,21,0,0,7,0,7,0,9,17,2,28,4,0,4,32
01/24/2000,MFD,OH,AGL,CE,Towers with Radar,0,44,37,17,98,0,59,21,0,80,0,103,58,17,178,66,0,66,244
01/25/2000,MFD,OH,AGL,CE,Towers with Radar,0,41,35,16,92,0,2,15,30,47,0,43,50,46,139,18,24,42,181
01/26/2000,MFD,OH,AGL,CE,Towers with Radar,0,5,26,12,43,0,0,14,18,32,0,5,40,30,75,10,16,26,101
01/27/2000,MFD,OH,AGL,CE,Towers with Radar,0,14,29,13,56,0,0,14,1,15,0,14,43,14,71,8,20,28,99
01/28/2000,MFD,OH,AGL,CE,Towers with Radar,0,26,22,10,58,0,0,56,22,78,0,26,78,32,136,26,6,32,168
01/29/2000,MFD,OH,AGL,CE,Towers with Radar,0,30,25,2,57,0,4,143,0,147,0,34,168,2,204,48,6,54,258
01/30/2000,MFD,OH,AGL,CE,Towers with Radar,0,6,4,0,10,0,3,0,0,3,0,9,4,0,13,0,0,0,13
01/31/2000,MFD,OH,AGL,CE,Towers with Radar,0,20,9,0,29,0,0,0,0,0,0,20,9,0,29,0,0,0,29
02/01/2000,MFD,OH,AGL,CE,Towers with Radar,0,0,17,4,21,0,0,72,0,72,0,0,89,4,93,0,0,0,93
02/02/2000,MFD,OH,AGL,CE,Towers with Radar,0,18,37,13,68,0,0,38,19,57,0,18,75,32,125,58,64,122,247
02/03/2000,MFD,OH,AGL,CE,Towers with Radar,0,1,7,7,15,0,0,0,11,11,0,1,7,18,26,0,0,0,26
02/04/2000,MFD,OH,AGL,CE,Towers with Radar,0,14,10,6,30,0,0,0,10,10,0,14,10,16,40,0,0,0,40
02/05/2000,MFD,OH,AGL,CE,Towers with Radar,0,0,12,0,12,0,0,45,0,45,0,0,57,0,57,28,0,28,85
02/06/2000,MFD,OH,AGL,CE,Towers with Radar,0,12,18,0,30,0,0,36,0,36,0,12,54,0,66,30,0,30,96
02/07/2000,MFD,OH,AGL,CE,Towers with Radar,0,21,21,2,44,0,7,37,0,44,0,28,58,2,88,28,0,28,116
02/08/2000,MFD,OH,AGL,CE,Towers with Radar,0,22,33,12,67,0,0,77,10,87,0,22,110,22,154,56,6,62,216
02/09/2000,MFD,OH,AGL,CE,Towers with Radar,0,29,30,11,70,0,5,4,8,17,0,34,34,19,87,56,38,94,181
02/10/2000,MFD,OH,AGL,CE,Towers with Radar,0,30,19,11,60,0,39,0,6,45,0,69,19,17,105,4,0,4,109
02/11/2000,MFD,OH,AGL,CE,Towers with Radar,0,0,9,3,12,0,0,0,0,0,0,0,9,3,12,0,0,0,12
02/12/2000,MFD,OH,AGL,CE,Towers with Radar,0,25,25,0,50,0,25,139,0,164,0,50,164,0,214,36,0,36,250
02/13/2000,MFD,OH,AGL,CE,Towers with Radar,0,0,5,2,7,0,0,1,0,1,0,0,6,2,8,0,0,0,8
02/14/2000,MFD,OH,AGL,CE,Towers with Radar,0,2,3,1,6,0,0,0,0,0,0,2,3,1,6,0,0,0,6
02/15/2000,MFD,OH,AGL,CE,Towers with Radar,0,42,43,15,100,0,39,18,3,60,0,81,61,18,160,24,12,36,196
02/16/2000,MFD,OH,AGL,CE,Towers with Radar,0,35,31,12,78,0,3,0,24,27,0,38,31,36,105,32,42,74,179
02/17/2000,MFD,OH,AGL,CE,Towers with Radar,0,29,33,10,72,0,0,47,6,53,0,29,80,16,125,34,14,48,173
02/18/2000,MFD,OH,AGL,CE,Towers with Radar,0,0,2,1,3,0,0,0,0,0,0,0,2,1,3,0,0,0,3
02/19/2000,MFD,OH,AGL,CE,Towers with Radar,0,0,8,3,11,0,0,0,2,2,0,0,8,5,13,0,0,0,13
02/20/2000,MFD,OH,AGL,CE,Towers with Radar,0,4,13,1,18,0,0,11,0,11,0,4,24,1,29,0,0,0,29
02/21/2000,MFD,OH,AGL,CE,Towers with Radar,0,19,20,0,39,0,17,69,0,86,0,36,89,0,125,52,0,52,177
02/22/2000,MFD,OH,AGL,CE,Towers with Radar,0,10,28,1,39,0,0,44,0,44,0,10,72,1,83,32,0,32,115
02/23/2000,MFD,OH,AGL,CE,Towers with Radar,0,17,33,2,52,0,0,48,0,48,0,17,81,2,100,6,0,6,106
02/24/2000,MFD,OH,AGL,CE,Towers with Radar,0,33,26,10,69,0,17,0,0,17,0,50,26,10,86,0,2,2,88
02/25/2000,MFD,OH,AGL,CE,Towers with Radar,0,33,34,2,69,0,15,13,0,28,0,48,47,2,97,32,4,36,133
02/26/2000,MFD,OH,AGL,CE,Towers with Radar,0,19,20,2,41,0,9,37,0,46,0,28,57,2,87,14,0,14,101
02/27/2000,MFD,OH,AGL,CE,Towers with Radar,0,14,8,2,24,0,13,0,0,13,0,27,8,2,37,0,0,0,37
02/28/2000,MFD,OH,AGL,CE,Towers with Radar,0,33,35,4,72,0,6,100,0,106,0,39,135,4,178,52,0,52,230
02/29/2000,MFD,OH,AGL,CE,Towers with Radar,0,19,36,12,67,0,0,68,20,88,0,19,104,32,155,40,26,66,221
03/01/2000,MFD,OH,AGL,CE,Towers with Radar,0,28,26,16,70,0,1,6,4,11,0,29,32,20,81,6,6,12,93
03/02/2000,MFD,OH,AGL,CE,Towers with Radar,0,82,19,47,148,0,1,40,1,42,0,83,59,48,190,58,22,80,270
03/03/2000,MFD,OH,AGL,CE,Towers with Radar,0,45,56,0,101,0,1,43,2,46,0,46,99,2,147,34,0,34,181
03/04/2000,MFD,OH,AGL,CE,Towers with Radar,0,38,41,0,79,0,0,107,0,107,0,38,148,0,186,50,0,50,236
03/05/2000,MFD,OH,AGL,CE,Towers with Radar,0,81,40,2,123,0,1,122,1,124,0,82,162,3,247,46,0,46,293
03/06/2000,MFD,OH,AGL,CE,Towers with Radar,0,103,50,2,155,0,1,62,0,63,0,104,112,2,218,50,0,50,268
03/07/2000,MFD,OH,AGL,CE,Towers with Radar,0,60,24,13,97,0,9,50,6,65,0,69,74,19,162,8,40,48,210
03/08/2000,MFD,OH,AGL,CE,Towers with Radar,0,49,18,18,85,0,1,22,2,25,0,50,40,20,110,34,22,56,166
03/09/2000,MFD,OH,AGL,CE,Towers with Radar,0,29,12,38,79,0,1,12,0,13,0,30,24,38,92,8,14,22,114
03/10/2000,MFD,OH,AGL,CE,Towers with Radar,0,1,15,2,18,0,1,0,0,1,0,2,15,2,19,0,0,0,19
03/11/2000,MFD,OH,AGL,CE,Towers with Radar,0,0,6,0,6,0,0,0,0,0,0,0,6,0,6,0,0,0,6
03/12/2000,MFD,OH,AGL,CE,Towers with Radar,0,59,17,6,82,0,1,33,0,34,0,60,50,6,116,38,2,40,156
03/13/2000,MFD,OH,AGL,CE,Towers with Radar,0,46,46,1,93,0,0,27,0,27,0,46,73,1,120,6,0,6,126
03/14/2000,MFD,OH,AGL,CE,Towers with Radar,0,63,47,24,134,0,0,32,4,36,0,63,79,28,170,26,6,32,202
03/15/2000,MFD,OH,AGL,CE,Towers with Radar,0,52,66,19,137,0,0,8,3,11,0,52,74,22,148,40,22,62,210
03/16/2000,MFD,OH,AGL,CE,Towers with Radar,0,0,5,16,21,0,0,1,0,1,0,0,6,16,22,0,0,0,22
03/17/2000,MFD,OH,AGL,CE,Towers with Radar,0,26,28,4,58,0,0,39,0,39,0,26,67,4,97,10,0,10,107
03/18/2000,MFD,OH,AGL,CE,Towers with Radar,0,48,69,4,121,0,0,64,0,64,0,48,133,4,185,64,0,64,249
03/19/2000,MFD,OH,AGL,CE,Towers with Radar,0,42,27,0,69,0,0,1,0,1,0,42,28,0,70,6,0,6,76
03/20/2000,MFD,OH,AGL,CE,Towers with Radar,0,0,7,0,7,0,8,0,0,8,0,8,7,0,15,0,0,0,15
03/21/2000,MFD,OH,AGL,CE,Towers with Radar,0,0,27,37,64,0,0,7,1,8,0,0,34,38,72,2,4,6,78
03/22/2000,MFD,OH,AGL,CE,Towers with Radar,0,46,67,12,125,0,0,29,5,34,0,46,96,17,159,42,46,88,247
03/23/2000,MFD,OH,AGL,CE,Towers with Radar,0,42,55,19,116,0,0,61,7,68,0,42,116,26,184,56,0,56,240
03/24/2000,MFD,OH,AGL,CE,Towers with Radar,0,29,39,4,72,0,0,62,0,62,0,29,101,4,134,28,4,32,166
03/25/2000,MFD,OH,AGL,CE,Towers with Radar,0,36,19,0,55,0,0,27,1,28,0,36,46,1,83,14,0,14,97
03/26/2000,MFD,OH,AGL,CE,Towers with Radar,0,30,59,0,89,0,0,83,1,84,0,30,142,1,173,58,0,58,231
03/27/2000,MFD,OH,AGL,CE,Towers with Radar,0,18,58,0,76,0,0,17,0,17,0,18,75,0,93,26,0,26,119
03/28/2000,MFD,OH,AGL,CE,Towers with Radar,0,25,63,20,108,0,0,0,2,2,0,25,63,22,110,18,4,22,132
03/29/2000,MFD,OH,AGL,CE,Towers with Radar,0,18,65,13,96,0,0,13,9,22,0,18,78,22,118,22,4,26,144
03/30/2000,MFD,OH,AGL,CE,Towers with Radar,0,14,83,7,104,0,0,55,1,56,0,14,138,8,160,94,6,100,260
03/31/2000,MFD,OH,AGL,CE,Towers with Radar,0,20,76,0,96,0,0,56,0,56,0,20,132,0,152,28,0,28,180
04/01/2000,MFD,OH,AGL,CE,Towers with Radar,0,17,34,1,52,0,1,96,1,98,0,18,130,2,150,36,0,36,186
04/02/2000,MFD,OH,AGL,CE,Towers with Radar,0,0,9,0,9,0,0,0,0,0,0,0,9,0,9,2,0,2,11
04/03/2000,MFD,OH,AGL,CE,Towers with Radar,0,0,3,1,4,0,0,0,0,0,0,0,3,1,4,0,0,0,4
04/04/2000,MFD,OH,AGL,CE,Towers with Radar,0,11,16,14,41,0,3,3,6,12,0,14,19,20,53,18,4,22,75
04/05/2000,MFD,OH,AGL,CE,Towers with Radar,0,32,34,12,78,0,4,72,4,80,0,36,106,16,158,38,14,52,210
04/06/2000,MFD,OH,AGL,CE,Towers with Radar,0,47,38,12,97,0,1,26,0,27,0,48,64,12,124,74,10,84,208
04/07/2000,MFD,OH,AGL,CE,Towers with Radar,8,41,44,3,96,1,0,9,0,10,9,41,53,3,106,48,0,48,154
04/08/2000,MFD,OH,AGL,CE,Towers with Radar,13,0,2,2,17,1,0,0,0,1,14,0,2,2,18,0,0,0,18
04/09/2000,MFD,OH,AGL,CE,Towers with Radar,0,64,38,5,107,0,1,7,1,9,0,65,45,6,116,4,0,4,120
04/10/2000,MFD,OH,AGL,CE,Towers with Radar,0,47,21,14,82,0,1,37,0,38,0,48,58,14,120,30,22,52,172
04/11/2000,MFD,OH,AGL,CE,Towers with Radar,0,26,31,10,67,0,0,0,19,19,0,26,31,29,86,52,18,70,156
04/12/2000,MFD,OH,AGL,CE,Towers with Radar,0,51,31,18,100,0,0,50,2,52,0,51,81,20,152,14,18,32,184
04/13/2000,MFD,OH,AGL,CE,Towers with Radar,0,66,21,30,117,0,0,69,0,69,0,66,90,30,186,46,22,68,254
04/14/2000,MFD,OH,AGL,CE,Towers with Radar,0,50,25,2,77,0,0,36,1,37,0,50,61,3,114,54,4,58,172
04/15/2000,MFD,OH,AGL,CE,Towers with Radar,0,31,102,8,141,0,0,116,0,116,0,31,218,8,257,86,0,86,343
04/16/2000,MFD,OH,AGL,CE,Towers with Radar,0,14,58,2,74,0,0,48,0,48,0,14,106,2,122,62,0,62,184
04/17/2000,MFD,OH,AGL,CE,Towers with Radar,0,0,21,0,21,0,0,0,0,0,0,0,21,0,21,0,0,0,21
04/18/2000,MFD,OH,AGL,CE,Towers with Radar,0,0,23,6,29,0,0,0,0,0,0,0,23,6,29,0,0,0,29
04/19/2000,MFD,OH,AGL,CE,Towers with Radar,0,52,35,20,107,0,2,9,0,11,0,54,44,20,118,48,14,62,180
04/20/2000,MFD,OH,AGL,CE,Towers with Radar,0,24,21,7,52,0,0,3,5,8,0,24,24,12,60,6,4,10,70
04/21/2000,MFD,OH,AGL,CE,Towers with Radar,0,7,19,0,26,0,0,3,0,3,0,7,22,0,29,0,0,0,29
04/22/2000,MFD,OH,AGL,CE,Towers with Radar,0,2,17,2,21,0,0,0,0,0,0,2,17,2,21,8,0,8,29
04/23/2000,MFD,OH,AGL,CE,Towers with Radar,2,23,19,0,44,0,0,38,0,38,2,23,57,0,82,80,0,80,162
04/24/2000,MFD,OH,AGL,CE,Towers with Radar,2,44,34,24,104,0,0,44,0,44,2,44,78,24,148,86,6,92,240
04/25/2000,MFD,OH,AGL,CE,Towers with Radar,6,53,31,23,113,0,0,44,3,47,6,53,75,26,160,76,36,112,272
04/26/2000,MFD,OH,AGL,CE,Towers with Radar,0,110,36,15,161,0,0,46,0,46,0,110,82,15,207,34,12,46,253
04/27/2000,MFD,OH,AGL,CE,Towers with Radar,0,47,42,12,101,0,7,53,8,68,0,54,95,20,169,100,12,112,281
04/28/2000,MFD,OH,AGL,CE,Towers with Radar,0,72,25,6,103,0,0,29,0,29,0,72,54,6,132,48,0,48,180
04/29/2000,MFD,OH,AGL,CE,Towers with Radar,0,49,53,3,105,0,0,68,1,69,0,49,121,4,174,56,0,56,230
04/30/2000,MFD,OH,AGL,CE,Towers with Radar,0,27,21,1,49,0,3,119,1,123,0,30,140,2,172,36,0,36,208
05/01/2000,MFD,OH,AGL,CE,Towers with Radar,0,3,20,0,23,0,1,13,0,14,0,4,33,0,37,32,0,32,69
05/02/2000,MFD,OH,AGL,CE,Towers with Radar,0,18,31,18,67,0,2,43,12,57,0,20,74,30,124,38,52,90,214
05/03/2000,MFD,OH,AGL,CE,Towers with Radar,0,6,34,10,50,0,4,85,0,89,0,10,119,10,139,42,10,52,191
05/04/2000,MFD,OH,AGL,CE,Towers with Radar,0,17,33,18,68,0,2,21,9,32,0,19,54,27,100,36,14,50,150
05/05/2000,MFD,OH,AGL,CE,Towers with Radar,0,12,34,3,49,0,1,13,0,14,0,13,47,3,63,36,0,36,99
05/06/2000,MFD,OH,AGL,CE,Towers with Radar,0,9,24,2,35,0,1,216,0,217,0,10,240,2,252,10,0,10,262
05/07/2000,MFD,OH,AGL,CE,Towers with Radar,0,11,21,4,36,2,5,63,0,70,2,16,84,4,106,92,0,92,198
05/08/2000,MFD,OH,AGL,CE,Towers with Radar,0,3,25,30,58,0,1,12,0,13,0,4,37,30,71,34,14,48,119
05/09/2000,MFD,OH,AGL,CE,Towers with Radar,0,5,14,11,30,0,1,4,0,5,0,6,18,11,35,16,10,26,61
05/10/2000,MFD,OH,AGL,CE,Towers with Radar,0,0,24,32,56,0,0,12,1,13,0,0,36,33,69,0,32,32,101
05/11/2000,MFD,OH,AGL,CE,Towers with Radar,0,0,50,15,65,0,0,25,8,33,0,0,75,23,98,56,22,78,176
05/12/2000,MFD,OH,AGL,CE,Towers with Radar,0,0,26,1,27,0,0,7,3,10,0,0,33,4,37,14,0,14,51
05/13/2000,MFD,OH,AGL,CE,Towers with Radar,0,6,22,4,32,0,0,33,0,33,0,6,55,4,65,20,0,20,85
05/14/2000,MFD,OH,AGL,CE,Towers with Radar,0,15,13,1,29,0,1,23,0,24,0,16,36,1,53,18,0,18,71
05/15/2000,MFD,OH,AGL,CE,Towers with Radar,0,33,30,4,67,0,1,38,2,41,0,34,68,6,108,66,0,66,174
05/16/2000,MFD,OH,AGL,CE,Towers with Radar,0,21,34,2,57,0,12,9,0,21,0,33,43,2,78,52,0,52,130
05/17/2000,MFD,OH,AGL,CE,Towers with Radar,0,27,20,35,82,0,1,27,0,28,0,28,47,35,110,38,32,70,180
05/18/2000,MFD,OH,AGL,CE,Towers with Radar,0,25,22,6,53,0,1,8,12,21,0,26,30,18,74,18,10,28,102
05/19/2000,MFD,OH,AGL,CE,Towers with Radar,0,27,26,7,60,0,1,2,0,3,0,28,28,7,63,2,0,2,65
05/20/2000,MFD,OH,AGL,CE,Towers with Radar,0,42,38,37,117,0,0,12,1,13,0,42,50,38,130,0,0,0,130
05/21/2000,MFD,OH,AGL,CE,Towers with Radar,0,36,29,7,72,0,0,73,1,74,0,36,102,8,146,28,22,50,196
05/22/2000,MFD,OH,AGL,CE,Towers with Radar,0,35,52,7,94,0,0,37,1,38,0,35,89,8,132,18,4,22,154
05/23/2000,MFD,OH,AGL,CE,Towers with Radar,0,0,30,8,38,0,0,4,0,4,0,0,34,8,42,16,0,16,58
05/24/2000,MFD,OH,AGL,CE,Towers with Radar,0,2,35,11,48,0,0,29,7,36,0,2,64,18,84,42,22,64,148
05/25/2000,MFD,OH,AGL,CE,Towers with Radar,0,32,50,16,98,0,0,39,7,46,0,32,89,23,144,58,20,78,222
05/26/2000,MFD,OH,AGL,CE,Towers with Radar,0,6,21,2,29,0,0,71,2,73,0,6,92,4,102,32,0,32,134
05/27/2000,MFD,OH,AGL,CE,Towers with Radar,0,2,30,2,34,0,0,2,0,2,0,2,32,2,36,28,0,28,64
05/28/2000,MFD,OH,AGL,CE,Towers with Radar,0,35,9,1,45,0,0,0,0,0,0,35,9,1,45,0,0,0,45
05/29/2000,MFD,OH,AGL,CE,Towers with Radar,0,29,45,0,74,0,9,20,0,29,0,38,65,0,103,2,0,2,105
05/30/2000,MFD,OH,AGL,CE,Towers with Radar,0,24,25,15,64,0,0,45,4,49,0,24,70,19,113,32,2,34,147
05/31/2000,MFD,OH,AGL,CE,Towers with Radar,0,46,16,6,68,0,0,9,20,29,0,46,25,26,97,44,22,66,163
06/01/2000,MFD,OH,AGL,CE,Towers with Radar,0,52,30,12,94,0,0,54,0,54,0,52,84,12,148,54,0,54,202
06/02/2000,MFD,OH,AGL,CE,Towers with Radar,0,36,29,1,66,0,0,23,0,23,0,36,52,1,89,16,0,16,105
06/03/2000,MFD,OH,AGL,CE,Towers with Radar,0,43,48,1,92,0,0,63,0,63,0,43,111,1,155,52,0,52,207
06/04/2000,MFD,OH,AGL,CE,Towers with Radar,0,78,41,1,120,0,0,79,0,79,0,78,120,1,199,24,0,24,223
06/05/2000,MFD,OH,AGL,CE,Towers with Radar,0,30,19,0,49,0,0,3,0,3,0,30,22,0,52,0,0,0,52
06/06/2000,MFD,OH,AGL,CE,Towers with Radar,0,28,17,25,70,0,0,15,9,24,0,28,32,34,94,10,28,38,132
06/07/2000,MFD,OH,AGL,CE,Towers with Radar,0,41,43,9,93,0,0,99,7,106,0,41,142,16,199,58,42,100,299
06/08/2000,MFD,OH,AGL,CE,Towers with Radar,0,43,34,24,101,0,0,71,14,85,0,43,105,38,186,52,36,88,274
06/09/2000,MFD,OH,AGL,CE,Towers with Radar,0,24,38,5,67,0,0,59,3,62,0,24,97,8,129,24,20,44,173
06/10/2000,MFD,OH,AGL,CE,Towers with Radar,0,40,16,3,59,0,0,67,0,67,0,40,83,3,126,8,2,10,136
06/11/2000,MFD,OH,AGL,CE,Towers with Radar,0,17,14,6,37,0,0,24,17,41,0,17,38,23,78,16,0,16,94
06/12/2000,MFD,OH,AGL,CE,Towers with Radar,0,18,24,1,43,0,0,3,0,3,0,18,27,1,46,0,0,0,46
06/13/2000,MFD,OH,AGL,CE,Towers with Radar,0,28,23,12,63,0,0,8,4,12,0,28,31,16,75,38,48,86,161
06/14/2000,MFD,OH,AGL,CE,Towers with Radar,0,10,13,4,27,0,0,17,6,23,0,10,30,10,50,12,2,14,64
06/15/2000,MFD,OH,AGL,CE,Towers with Radar,0,26,16,16,58,0,0,20,2,22,0,26,36,18,80,30,14,44,124
06/16/2000,MFD,OH,AGL,CE,Towers with Radar,0,18,12,5,35,0,2,0,1,3,0,20,12,6,38,6,2,8,46
06/17/2000,MFD,OH,AGL,CE,Towers with Radar,0,14,33,0,47,0,0,44,2,46,0,14,77,2,93,40,0,40,133
06/18/2000,MFD,OH,AGL,CE,Towers with Radar,0,0,31,12,43,0,0,11,0,11,0,0,42,12,54,8,0,8,62
06/19/2000,MFD,OH,AGL,CE,Towers with Radar,0,18,73,1,92,0,0,78,0,78,0,18,151,1,170,104,0,104,274
06/20/2000,MFD,OH,AGL,CE,Towers with Radar,0,11,31,10,52,0,5,51,15,71,0,16,82,25,123,64,20,84,207
06/21/2000,MFD,OH,AGL,CE,Towers with Radar,0,8,28,28,64,0,8,88,12,108,0,16,116,40,172,66,50,116,288
06/22/2000,MFD,OH,AGL,CE,Towers with Radar,0,7,51,6,64,0,0,79,12,91,0,7,130,18,155,84,16,100,255
06/23/2000,MFD,OH,AGL,CE,Towers with Radar,0,4,35,2,41,0,0,83,0,83,0,4,118,2,124,22,0,22,146
06/24/2000,MFD,OH,AGL,CE,Towers with Radar,0,6,29,0,35,0,0,36,0,36,0,6,65,0,71,14,0,14,85
06/25/2000,MFD,OH,AGL,CE,Towers with Radar,0,0,71,1,72,0,0,2,0,2,0,0,73,1,74,14,0,14,88
06/26/2000,MFD,OH,AGL,CE,Towers with Radar,0,4,35,14,53,0,0,42,0,42,0,4,77,14,95,28,6,34,129
06/27/2000,MFD,OH,AGL,CE,Towers with Radar,2,52,50,20,124,0,0,28,0,28,2,52,78,20,152,36,32,68,220
06/28/2000,MFD,OH,AGL,CE,Towers with Radar,0,20,48,25,93,0,5,90,18,113,0,25,138,43,206,26,36,62,268
06/29/2000,MFD,OH,AGL,CE,Towers with Radar,4,19,51,5,79,0,10,38,0,48,4,29,89,5,127,100,0,100,227
06/30/2000,MFD,OH,AGL,CE,Towers with Radar,6,18,46,5,75,0,0,79,0,79,6,18,125,5,154,176,0,176,330
07/01/2000,MFD,OH,AGL,CE,Towers with Radar,6,27,36,0,69,0,1,111,0,112,6,28,147,0,181,202,0,202,383
07/02/2000,MFD,OH,AGL,CE,Towers with Radar,0,42,31,0,73,0,0,41,1,42,0,42,72,1,115,20,0,20,135
07/03/2000,MFD,OH,AGL,CE,Towers with Radar,0,2,14,0,16,0,0,4,0,4,0,2,18,0,20,24,0,24,44
07/04/2000,MFD,OH,AGL,CE,Towers with Radar,0,20,30,2,52,0,0,15,1,16,0,20,45,3,68,164,0,164,232
07/05/2000,MFD,OH,AGL,CE,Towers with Radar,0,0,40,8,48,0,0,47,1,48,0,0,87,9,96,50,18,68,164
07/06/2000,MFD,OH,AGL,CE,Towers with Radar,0,2,41,0,43,0,0,41,3,44,0,2,82,3,87,40,6,46,133
07/07/2000,MFD,OH,AGL,CE,Towers with Radar,0,60,24,0,84,0,0,72,2,74,0,60,96,2,158,56,0,56,214
07/08/2000,MFD,OH,AGL,CE,Towers with Radar,0,90,58,6,154,0,0,53,0,53,0,90,111,6,207,24,0,24,231
07/09/2000,MFD,OH,AGL,CE,Towers with Radar,0,73,12,1,86,0,0,44,0,44,0,73,56,1,130,14,0,14,144
07/10/2000,MFD,OH,AGL,CE,Towers with Radar,0,54,21,1,76,0,0,4,0,4,0,54,25,1,80,8,0,8,88
07/11/2000,MFD,OH,AGL,CE,Towers with Radar,0,82,62,4,148,0,0,52,5,57,0,82,114,9,205,14,8,22,227
07/12/2000,MFD,OH,AGL,CE,Towers with Radar,0,52,15,32,99,0,0,96,0,96,0,52,111,32,195,58,52,110,305
07/13/2000,MFD,OH,AGL,CE,Towers with Radar,0,31,56,7,94,0,1,57,8,66,0,32,113,15,160,40,12,52,212
07/14/2000,MFD,OH,AGL,CE,Towers with Radar,0,18,22,0,40,0,0,23,0,23,0,18,45,0,63,2,0,2,65
07/15/2000,MFD,OH,AGL,CE,Towers with Radar,0,60,50,4,114,0,0,30,0,30,0,60,80,4,144,16,0,16,160
07/16/2000,MFD,OH,AGL,CE,Towers with Radar,0,39,31,0,70,0,1,18,0,19,0,40,49,0,89,12,0,12,101
07/17/2000,MFD,OH,AGL,CE,Towers with Radar,0,88,15,9,112,0,0,34,0,34,0,88,49,9,146,12,6,18,164
07/18/2000,MFD,OH,AGL,CE,Towers with Radar,0,59,72,46,177,0,2,37,0,39,0,61,109,46,216,48,92,140,356
07/19/2000,MFD,OH,AGL,CE,Towers with Radar,0,58,46,16,120,0,0,30,4,34,0,58,76,20,154,12,12,24,178
07/20/2000,MFD,OH,AGL,CE,Towers with Radar,0,41,53,34,128,0,0,55,4,59,0,41,108,38,187,14,46,60,247
07/21/2000,MFD,OH,AGL,CE,Towers with Radar,0,24,36,2,62,0,0,40,0,40,0,24,76,2,102,32,2,34,136
07/22/2000,MFD,OH,AGL,CE,Towers with Radar,0,12,54,6,72,0,0,68,0,68,0,12,122,6,140,26,6,32,172
07/23/2000,MFD,OH,AGL,CE,Towers with Radar,0,14,55,16,85,0,4,87,0,91,0,18,142,16,176,50,16,66,242
07/24/2000,MFD,OH,AGL,CE,Towers with Radar,0,25,54,0,79,0,4,41,0,45,0,29,95,0,124,14,0,14,138
07/25/2000,MFD,OH,AGL,CE,Towers with Radar,0,26,68,42,136,0,0,60,2,62,0,26,128,44,198,30,12,42,240
07/26/2000,MFD,OH,AGL,CE,Towers with Radar,0,30,42,15,87,0,9,38,5,52,0,39,80,20,139,30,18,48,187
07/27/2000,MFD,OH,AGL,CE,Towers with Radar,0,20,34,15,69,0,5,37,6,48,0,25,71,21,117,8,8,16,133
07/28/2000,MFD,OH,AGL,CE,Towers with Radar,0,25,51,1,77,0,0,0,0,0,0,25,51,1,77,2,0,2,79
07/29/2000,MFD,OH,AGL,CE,Towers with Radar,0,29,13,3,45,0,5,0,0,5,0,34,13,3,50,0,0,0,50
07/30/2000,MFD,OH,AGL,CE,Towers with Radar,0,13,19,3,35,0,16,16,0,32,0,29,35,3,67,0,8,8,75
07/31/2000,MFD,OH,AGL,CE,Towers with Radar,0,17,39,0,56,0,0,11,0,11,0,17,50,0,67,6,0,6,73
08/01/2000,MFD,OH,AGL,CE,Towers with Radar,0,19,44,8,71,0,1,25,4,30,0,20,69,12,101,6,2,8,109
08/02/2000,MFD,OH,AGL,CE,Towers with Radar,0,7,41,28,76,0,0,36,2,38,0,7,77,30,114,20,16,36,150
08/03/2000,MFD,OH,AGL,CE,Towers with Radar,0,45,34,14,93,0,0,15,0,15,0,45,49,14,108,16,0,16,124
08/04/2000,MFD,OH,AGL,CE,Towers with Radar,0,106,36,3,145,0,0,65,0,65,0,106,101,3,210,56,2,58,268
08/05/2000,MFD,OH,AGL,CE,Towers with Radar,0,102,57,2,161,0,0,71,0,71,0,102,128,2,232,26,0,26,258
08/06/2000,MFD,OH,AGL,CE,Towers with Radar,0,53,4,0,57,0,0,7,0,7,0,53,11,0,64,8,1,9,73
08/07/2000,MFD,OH,AGL,CE,Towers with Radar,0,65,35,0,100,0,0,27,0,27,0,65,62,0,127,14,0,14,141
08/08/2000,MFD,OH,AGL,CE,Towers with Radar,0,19,43,31,93,0,0,34,17,51,0,19,77,48,144,36,12,48,192
08/09/2000,MFD,OH,AGL,CE,Towers with Radar,0,12,33,36,81,0,1,19,0,20,0,13,52,36,101,10,14,24,125
08/10/2000,MFD,OH,AGL,CE,Towers with Radar,0,22,50,30,102,0,0,50,0,50,0,22,100,30,152,12,34,46,198
08/11/2000,MFD,OH,AGL,CE,Towers with Radar,0,6,33,1,40,0,3,48,0,51,0,9,81,1,91,16,0,16,107
08/12/2000,MFD,OH,AGL,CE,Towers with Radar,0,17,39,0,56,0,0,80,0,80,0,17,119,0,136,38,0,38,174
08/13/2000,MFD,OH,AGL,CE,Towers with Radar,0,59,65,0,124,0,0,116,0,116,0,59,181,0,240,8,0,8,248
08/14/2000,MFD,OH,AGL,CE,Towers with Radar,0,78,52,10,140,0,0,34,2,36,0,78,86,12,176,32,24,56,232
08/15/2000,MFD,OH,AGL,CE,Towers with Radar,2,8,33,2,45,0,0,17,0,17,2,8,50,2,62,50,2,52,114
08/16/2000,MFD,OH,AGL,CE,Towers with Radar,0,64,62,10,136,0,0,88,3,91,0,64,150,13,227,42,10,52,279
08/17/2000,MFD,OH,AGL,CE,Towers with Radar,0,39,30,21,90,0,0,18,0,18,0,39,48,21,108,36,40,76,184
08/18/2000,MFD,OH,AGL,CE,Towers with Radar,0,12,23,2,37,0,0,15,0,15,0,12,38,2,52,4,0,4,56
08/19/2000,MFD,OH,AGL,CE,Towers with Radar,0,12,52,4,68,0,0,56,0,56,0,12,108,4,124,24,0,24,148
08/20/2000,MFD,OH,AGL,CE,Towers with Radar,0,48,30,7,85,0,0,67,0,67,0,48,97,7,152,30,0,30,182
08/21/2000,MFD,OH,AGL,CE,Towers with Radar,0,0,85,2,87,0,0,52,0,52,0,0,137,2,139,48,0,48,187
08/22/2000,MFD,OH,AGL,CE,Towers with Radar,0,62,43,7,112,0,0,22,17,39,0,62,65,24,151,52,4,56,207
08/23/2000,MFD,OH,AGL,CE,Towers with Radar,0,27,30,8,65,0,0,1,0,1,0,27,31,8,66,8,2,10,76
08/24/2000,MFD,OH,AGL,CE,Towers with Radar,0,44,42,10,96,0,0,21,0,21,0,44,63,10,117,24,10,34,151
08/25/2000,MFD,OH,AGL,CE,Towers with Radar,0,40,49,8,97,0,0,67,0,67,0,40,116,8,164,46,0,46,210
08/26/2000,MFD,OH,AGL,CE,Towers with Radar,0,26,74,0,100,0,0,54,0,54,0,26,128,0,154,4,0,4,158
08/27/2000,MFD,OH,AGL,CE,Towers with Radar,0,64,76,2,142,0,0,50,0,50,0,64,126,2,192,24,0,24,216
08/28/2000,MFD,OH,AGL,CE,Towers with Radar,0,49,52,0,101,0,0,26,0,26,0,49,78,0,127,28,0,28,155
08/29/2000,MFD,OH,AGL,CE,Towers with Radar,0,71,55,8,134,0,6,27,11,44,0,77,82,19,178,16,14,30,208
08/30/2000,MFD,OH,AGL,CE,Towers with Radar,0,64,56,16,136,0,0,36,0,36,0,64,92,16,172,22,2,24,196
08/31/2000,MFD,OH,AGL,CE,Towers with Radar,0,48,54,18,120,0,0,16,8,24,0,48,70,26,144,34,6,40,184
09/01/2000,MFD,OH,AGL,CE,Towers with Radar,0,114,46,2,162,0,0,24,0,24,0,114,70,2,186,26,0,26,212
09/02/2000,MFD,OH,AGL,CE,Towers with Radar,9,48,21,7,85,0,0,2,0,2,9,48,23,7,87,26,0,26,113
09/03/2000,MFD,OH,AGL,CE,Towers with Radar,0,0,0,0,0,0,25,0,0,25,0,25,0,0,25,10,0,10,35
09/04/2000,MFD,OH,AGL,CE,Towers with Radar,0,11,30,0,41,0,0,0,31,31,0,11,30,31,72,0,0,0,72
09/05/2000,MFD,OH,AGL,CE,Towers with Radar,3,10,44,0,57,0,0,16,45,61,3,10,60,45,118,24,42,66,184
09/06/2000,MFD,OH,AGL,CE,Towers with Radar,0,18,48,14,80,0,0,64,9,73,0,18,112,23,153,36,12,48,201
09/07/2000,MFD,OH,AGL,CE,Towers with Radar,0,6,55,23,84,0,0,61,6,67,0,6,116,29,151,28,16,44,195
09/08/2000,MFD,OH,AGL,CE,Towers with Radar,18,26,25,7,76,0,1,25,0,26,18,27,50,7,102,10,4,14,116
09/09/2000,MFD,OH,AGL,CE,Towers with Radar,0,33,53,11,97,0,0,9,0,9,0,33,62,11,106,32,42,74,180
09/10/2000,MFD,OH,AGL,CE,Towers with Radar,0,8,4,3,15,0,0,9,1,10,0,8,13,4,25,8,10,18,43
09/11/2000,MFD,OH,AGL,CE,Towers with Radar,0,43,50,0,93,0,0,0,0,0,0,43,50,0,93,34,0,34,127
09/12/2000,MFD,OH,AGL,CE,Towers with Radar,0,13,30,11,54,0,0,4,1,5,0,13,34,12,59,0,2,2,61
09/13/2000,MFD,OH,AGL,CE,Towers with Radar,0,22,42,25,89,0,4,79,0,83,0,26,121,25,172,12,0,12,184
09/14/2000,MFD,OH,AGL,CE,Towers with Radar,0,44,55,5,104,0,0,20,8,28,0,44,75,13,132,18,16,34,166
09/15/2000,MFD,OH,AGL,CE,Towers with Radar,0,26,16,3,45,0,0,20,0,20,0,26,36,3,65,34,0,34,99
09/16/2000,MFD,OH,AGL,CE,Towers with Radar,0,8,22,13,43,0,0,68,0,68,0,8,90,13,111,30,0,30,141
09/17/2000,MFD,OH,AGL,CE,Towers with Radar,0,10,18,3,31,0,0,51,0,51,0,10,69,3,82,22,0,22,104
09/18/2000,MFD,OH,AGL,CE,Towers with Radar,0,40,53,3,96,0,0,61,0,61,0,40,114,3,157,62,0,62,219
09/19/2000,MFD,OH,AGL,CE,Towers with Radar,0,32,40,20,92,0,0,65,8,73,0,32,105,28,165,28,38,66,231
09/20/2000,MFD,OH,AGL,CE,Towers with Radar,10,10,19,7,46,0,4,16,4,24,10,14,35,11,70,22,0,22,92
09/21/2000,MFD,OH,AGL,CE,Towers with Radar,0,19,46,17,82,0,0,28,0,28,0,19,74,17,110,16,14,30,140
09/22/2000,MFD,OH,AGL,CE,Towers with Radar,0,40,46,3,89,0,0,57,0,57,0,40,103,3,146,6,2,8,154
09/23/2000,MFD,OH,AGL,CE,Towers with Radar,0,5,37,6,48,0,0,14,0,14,0,5,51,6,62,4,0,4,66
09/24/2000,MFD,OH,AGL,CE,Towers with Radar,0,0,39,0,39,0,0,0,0,0,0,0,39,0,39,0,0,0,39
09/25/2000,MFD,OH,AGL,CE,Towers with Radar,0,16,25,0,41,0,0,30,0,30,0,16,55,0,71,10,0,10,81
09/26/2000,MFD,OH,AGL,CE,Towers with Radar,0,4,50,16,70,0,2,59,6,67,0,6,109,22,137,16,16,32,169
09/27/2000,MFD,OH,AGL,CE,Towers with Radar,0,26,38,15,79,0,2,72,11,85,0,28,110,26,164,20,26,46,210
09/28/2000,MFD,OH,AGL,CE,Towers with Radar,0,21,41,14,76,0,0,38,8,46,0,21,79,22,122,36,4,40,162
09/29/2000,MFD,OH,AGL,CE,Towers with Radar,0,16,38,0,54,0,0,64,2,66,0,16,102,2,120,12,8,20,140
09/30/2000,MFD,OH,AGL,CE,Towers with Radar,0,45,23,0,68,0,0,78,0,78,0,45,101,0,146,12,0,12,158
10/01/2000,MFD,OH,AGL,CE,Towers with Radar,2,46,47,13,108,14,16,43,9,82,16,62,90,22,190,26,24,50,240
10/02/2000,MFD,OH,AGL,CE,Towers with Radar,2,38,39,11,90,0,0,2,34,36,2,38,41,45,126,6,4,10,136
10/03/2000,MFD,OH,AGL,CE,Towers with Radar,16,62,39,18,135,0,0,51,4,55,16,62,90,22,190,26,24,50,240
10/04/2000,MFD,OH,AGL,CE,Towers with Radar,2,27,33,17,79,0,11,8,28,47,2,38,41,45,126,6,4,10,136
10/05/2000,MFD,OH,AGL,CE,Towers with Radar,0,6,16,3,25,0,0,2,0,2,0,6,18,3,27,0,0,0,27
10/06/2000,MFD,OH,AGL,CE,Towers with Radar,0,9,15,2,26,0,0,6,0,6,0,9,21,2,32,2,0,2,34
10/07/2000,MFD,OH,AGL,CE,Towers with Radar,0,8,28,1,37,0,0,84,0,84,0,8,112,1,121,8,0,8,129
10/08/2000,MFD,OH,AGL,CE,Towers with Radar,0,17,10,1,28,0,0,2,0,2,0,17,12,1,30,0,0,0,30
10/09/2000,MFD,OH,AGL,CE,Towers with Radar,0,62,14,0,76,0,0,27,0,27,0,62,41,0,103,62,0,62,165
10/10/2000,MFD,OH,AGL,CE,Towers with Radar,0,27,29,10,66,0,0,44,1,45,0,27,73,11,111,6,16,22,133
10/11/2000,MFD,OH,AGL,CE,Towers with Radar,0,20,24,10,54,0,0,78,10,88,0,20,102,20,142,46,22,68,210
10/12/2000,MFD,OH,AGL,CE,Towers with Radar,0,20,48,14,82,0,0,69,0,69,0,20,117,14,151,44,8,52,203
10/13/2000,MFD,OH,AGL,CE,Towers with Radar,0,12,53,8,73,0,0,51,4,55,0,12,104,12,128,26,0,26,154
10/14/2000,MFD,OH,AGL,CE,Towers with Radar,0,21,19,4,44,0,0,95,6,101,0,21,114,10,145,46,0,46,191
10/15/2000,MFD,OH,AGL,CE,Towers with Radar,0,12,25,15,52,0,0,11,5,16,0,12,36,20,68,28,16,44,112
10/16/2000,MFD,OH,AGL,CE,Towers with Radar,0,0,24,8,32,0,0,9,1,10,0,0,33,9,42,16,0,16,58
10/17/2000,MFD,OH,AGL,CE,Towers with Radar,0,2,42,23,67,0,0,0,11,11,0,2,42,34,78,6,24,30,108
10/18/2000,MFD,OH,AGL,CE,Towers with Radar,0,10,32,9,51,0,0,22,3,25,0,10,54,12,76,26,12,38,114
10/19/2000,MFD,OH,AGL,CE,Towers with Radar,0,9,62,15,86,0,0,62,9,71,0,9,124,24,157,30,26,56,213
10/20/2000,MFD,OH,AGL,CE,Towers with Radar,1,25,24,2,52,1,2,80,0,83,2,27,104,2,135,40,0,40,175
10/21/2000,MFD,OH,AGL,CE,Towers with Radar,0,23,21,2,46,4,9,50,0,63,4,32,71,2,109,20,0,20,129
10/22/2000,MFD,OH,AGL,CE,Towers with Radar,0,32,32,1,65,0,34,100,0,134,0,66,132,1,199,10,0,10,209
10/23/2000,MFD,OH,AGL,CE,Towers with Radar,1,31,31,1,64,0,17,21,0,38,1,48,52,1,102,22,2,24,126
10/24/2000,MFD,OH,AGL,CE,Towers with Radar,0,12,12,6,30,0,0,0,0,0,0,12,12,6,30,0,6,6,36
10/25/2000,MFD,OH,AGL,CE,Towers with Radar,1,22,27,10,60,0,0,0,23,23,1,22,27,33,83,0,0,0,83
10/26/2000,MFD,OH,AGL,CE,Towers with Radar,0,26,38,10,74,0,0,30,0,30,0,26,68,10,104,56,2,58,162
10/27/2000,MFD,OH,AGL,CE,Towers with Radar,0,44,46,3,93,0,24,8,0,32,0,68,54,3,125,16,0,16,141
10/28/2000,MFD,OH,AGL,CE,Towers with Radar,0,29,28,2,59,0,27,12,0,39,0,56,40,2,98,30,0,30,128
10/29/2000,MFD,OH,AGL,CE,Towers with Radar,0,20,27,0,47,0,0,114,0,114,0,20,141,0,161,18,0,18,179
10/30/2000,MFD,OH,AGL,CE,Towers with Radar,0,28,45,1,74,0,0,84,0,84,0,28,129,1,158,36,0,36,194
10/31/2000,MFD,OH,AGL,CE,Towers with Radar,0,42,65,23,130,0,0,78,11,89,0,42,143,34,219,14,28,42,261
11/01/2000,MFD,OH,AGL,CE,Towers with Radar,0,26,51,10,87,0,18,43,9,70,0,44,94,19,157,44,20,64,221
11/02/2000,MFD,OH,AGL,CE,Towers with Radar,0,12,52,11,75,0,1,56,2,59,0,13,108,13,134,20,10,30,164
11/03/2000,MFD,OH,AGL,CE,Towers with Radar,0,34,23,4,61,0,0,15,13,28,0,34,38,17,89,56,6,62,151
11/04/2000,MFD,OH,AGL,CE,Towers with Radar,0,32,41,3,76,0,1,70,9,80,0,33,111,12,156,16,10,26,182
11/05/2000,MFD,OH,AGL,CE,Towers with Radar,0,29,29,6,64,0,1,97,0,98,0,30,126,6,162,32,2,34,196
11/06/2000,MFD,OH,AGL,CE,Towers with Radar,0,33,14,8,55,0,10,29,2,41,0,43,43,10,96,0,25,25,121
11/07/2000,MFD,OH,AGL,CE,Towers with Radar,0,5,15,7,27,0,0,0,1,1,0,5,15,8,28,0,0,0,28
11/08/2000,MFD,OH,AGL,CE,Towers with Radar,0,0,12,4,16,0,0,0,0,0,0,0,12,4,16,0,0,0,16
11/09/2000,MFD,OH,AGL,CE,Towers with Radar,0,8,23,1,32,0,0,0,0,0,0,8,23,1,32,0,0,0,32
11/10/2000,MFD,OH,AGL,CE,Towers with Radar,0,10,28,2,40,0,2,15,0,17,0,12,43,2,57,0,0,0,57
11/11/2000,MFD,OH,AGL,CE,Towers with Radar,0,36,40,2,78,0,0,29,0,29,0,36,69,2,107,24,0,24,131
11/12/2000,MFD,OH,AGL,CE,Towers with Radar,0,23,48,2,73,0,0,8,0,8,0,23,56,2,81,16,0,16,97
11/13/2000,MFD,OH,AGL,CE,Towers with Radar,0,27,29,4,60,0,0,3,0,3,0,27,32,4,63,2,2,4,67
11/14/2000,MFD,OH,AGL,CE,Towers with Radar,0,12,12,18,42,0,0,0,0,0,0,12,12,18,42,0,0,0,42
11/15/2000,MFD,OH,AGL,CE,Towers with Radar,0,40,60,16,116,0,0,19,10,29,0,40,79,26,145,12,22,34,179
11/16/2000,MFD,OH,AGL,CE,Towers with Radar,0,60,28,12,100,0,0,25,12,37,0,60,53,24,137,20,8,28,165
11/17/2000,MFD,OH,AGL,CE,Towers with Radar,0,4,8,2,14,0,0,4,0,4,0,4,12,2,18,12,0,12,30
11/18/2000,MFD,OH,AGL,CE,Towers with Radar,0,46,5,4,55,0,4,0,0,4,0,50,5,4,59,0,0,0,59
11/19/2000,MFD,OH,AGL,CE,Towers with Radar,0,33,50,2,85,0,0,90,0,90,0,33,140,2,175,32,0,32,207
11/20/2000,MFD,OH,AGL,CE,Towers with Radar,0,2,4,0,6,0,0,1,0,1,0,2,5,0,7,0,0,0,7
11/21/2000,MFD,OH,AGL,CE,Towers with Radar,0,2,7,18,27,0,0,0,0,0,0,2,7,18,27,0,10,10,37
11/22/2000,MFD,OH,AGL,CE,Towers with Radar,0,0,12,28,40,0,0,17,8,25,0,0,29,36,65,0,20,20,85
11/23/2000,MFD,OH,AGL,CE,Towers with Radar,0,4,4,0,8,0,0,13,0,13,0,4,17,0,21,2,0,2,23
11/24/2000,MFD,OH,AGL,CE,Towers with Radar,0,0,34,0,34,0,0,88,0,88,0,0,122,0,122,38,0,38,160
11/25/2000,MFD,OH,AGL,CE,Towers with Radar,0,2,10,0,12,0,0,9,0,9,0,2,19,0,21,2,0,2,23
11/26/2000,MFD,OH,AGL,CE,Towers with Radar,0,0,35,0,35,0,0,0,0,0,0,0,35,0,35,0,0,0,35
11/27/2000,MFD,OH,AGL,CE,Towers with Radar,0,2,20,1,23,0,0,0,0,0,0,2,20,1,23,0,0,0,23
11/28/2000,MFD,OH,AGL,CE,Towers with Radar,0,12,22,21,55,0,5,16,2,23,0,17,38,23,78,0,16,16,94
11/29/2000,MFD,OH,AGL,CE,Towers with Radar,0,12,19,0,31,0,0,2,0,2,0,12,21,0,33,0,0,0,33
11/30/2000,MFD,OH,AGL,CE,Towers with Radar,0,10,43,26,79,0,0,6,4,10,0,10,49,30,89,0,16,16,105
12/01/2000,MFD,OH,AGL,CE,Towers with Radar,0,4,50,4,58,0,0,0,0,0,0,4,50,4,58,0,0,0,58
12/02/2000,MFD,OH,AGL,CE,Towers with Radar,0,0,39,9,48,0,0,35,9,44,0,0,74,18,92,32,2,34,126
12/03/2000,MFD,OH,AGL,CE,Towers with Radar,0,28,73,8,109,0,0,68,6,74,0,28,141,14,183,38,4,42,225
12/04/2000,MFD,OH,AGL,CE,Towers with Radar,0,17,45,5,67,0,0,34,3,37,0,17,79,8,104,20,2,22,126
12/05/2000,MFD,OH,AGL,CE,Towers with Radar,0,0,8,5,13,0,0,0,4,4,0,0,8,9,17,0,4,4,21
12/06/2000,MFD,OH,AGL,CE,Towers with Radar,12,45,38,14,109,0,0,13,0,13,12,45,51,14,122,24,20,44,166
12/07/2000,MFD,OH,AGL,CE,Towers with Radar,0,4,4,0,8,0,0,3,0,3,0,4,7,0,11,0,0,0,11
12/08/2000,MFD,OH,AGL,CE,Towers with Radar,0,4,8,2,14,0,0,7,0,7,0,4,15,2,21,0,0,0,21
12/09/2000,MFD,OH,AGL,CE,Towers with Radar,0,33,30,2,65,0,0,58,0,58,0,33,88,2,123,18,0,18,141
12/10/2000,MFD,OH,AGL,CE,Towers with Radar,0,16,32,1,49,0,0,27,0,27,0,16,59,1,76,14,0,14,90
12/11/2000,MFD,OH,AGL,CE,Towers with Radar,0,0,11,0,11,0,0,0,0,0,0,0,11,0,11,0,0,0,11
12/12/2000,MFD,OH,AGL,CE,Towers with Radar,0,23,25,19,67,0,9,2,19,30,0,32,27,38,97,8,72,80,177
12/13/2000,MFD,OH,AGL,CE,Towers with Radar,0,10,23,6,39,0,0,2,2,4,0,10,25,8,43,8,4,12,55
12/14/2000,MFD,OH,AGL,CE,Towers with Radar,0,12,20,24,56,0,0,2,0,2,0,12,22,24,58,0,4,4,62
12/15/2000,MFD,OH,AGL,CE,Towers with Radar,0,8,12,4,24,0,0,4,0,4,0,8,16,4,28,0,0,0,28
12/16/2000,MFD,OH,AGL,CE,Towers with Radar,0,0,4,3,7,0,0,0,0,0,0,0,4,3,7,0,0,0,7
12/17/2000,MFD,OH,AGL,CE,Towers with Radar,0,0,2,1,3,0,0,0,0,0,0,0,2,1,3,0,0,0,3
12/18/2000,MFD,OH,AGL,CE,Towers with Radar,0,20,28,7,55,0,0,15,0,15,0,20,43,7,70,2,0,2,72
12/19/2000,MFD,OH,AGL,CE,Towers with Radar,0,6,21,8,35,0,0,18,18,36,0,6,39,26,71,0,6,6,77
12/20/2000,MFD,OH,AGL,CE,Towers with Radar,0,2,26,15,43,0,0,14,1,15,0,2,40,16,58,8,14,22,80
12/21/2000,MFD,OH,AGL,CE,Towers with Radar,0,4,4,0,8,0,0,0,0,0,0,4,4,0,8,0,0,0,8
12/22/2000,MFD,OH,AGL,CE,Towers with Radar,0,4,4,0,8,0,0,7,0,7,0,4,11,0,15,4,0,4,19
12/23/2000,MFD,OH,AGL,CE,Towers with Radar,0,0,8,0,8,0,0,15,0,15,0,0,23,0,23,0,0,0,23
12/24/2000,MFD,OH,AGL,CE,Towers with Radar,0,0,0,0,0,0,0,0,0,0,0,0,0,0,0,0,0,0,0
12/25/2000,MFD,OH,AGL,CE,Towers with Radar,0,0,6,0,6,0,0,10,0,10,0,0,16,0,16,0,0,0,16
12/26/2000,MFD,OH,AGL,CE,Towers with Radar,0,0,8,7,15,0,0,21,9,30,0,0,29,16,45,18,2,20,65
12/27/2000,MFD,OH,AGL,CE,Towers with Radar,0,0,11,10,21,0,0,0,0,0,0,0,11,10,21,0,0,0,21
12/28/2000,MFD,OH,AGL,CE,Towers with Radar,0,16,30,11,57,0,3,28,61,92,0,19,58,72,149,10,26,36,185
12/29/2000,MFD,OH,AGL,CE,Towers with Radar,0,0,9,0,9,0,0,0,0,0,0,0,9,0,9,0,0,0,9
12/30/2000,MFD,OH,AGL,CE,Towers with Radar,0,0,11,0,11,0,0,0,0,0,0,0,11,0,11,0,0,0,11
12/31/2000,MFD,OH,AGL,CE,Towers with Radar,0,28,19,0,47,0,2,0,0,2,0,30,19,0,49,10,0,10,59
01/01/2001,MFD,OH,AGL,CE,Towers with Radar,0,9,18,0,27,0,0,27,0,27,0,9,45,0,54,12,0,12,66
01/02/2001,MFD,OH,AGL,CE,Towers with Radar,0,8,24,10,42,0,0,46,6,52,0,8,70,16,94,42,12,54,148
01/03/2001,MFD,OH,AGL,CE,Towers with Radar,0,27,12,6,45,0,9,0,0,9,0,36,12,6,54,0,0,0,54
01/04/2001,MFD,OH,AGL,CE,Towers with Radar,0,1,12,16,29,0,0,2,6,8,0,1,14,22,37,0,2,2,39
01/05/2001,MFD,OH,AGL,CE,Towers with Radar,0,9,10,4,23,0,1,0,0,1,0,10,10,4,24,0,0,0,24
01/06/2001,MFD,OH,AGL,CE,Towers with Radar,0,35,23,0,58,0,1,25,0,26,0,36,48,0,84,8,0,8,92
01/07/2001,MFD,OH,AGL,CE,Towers with Radar,0,111,41,2,154,0,7,19,0,26,0,118,60,2,180,8,0,8,188
01/08/2001,MFD,OH,AGL,CE,Towers with Radar,0,26,17,0,43,0,0,0,1,1,0,26,17,1,44,0,0,0,44
01/09/2001,MFD,OH,AGL,CE,Towers with Radar,0,68,16,48,132,0,0,14,4,18,0,68,30,52,150,16,16,32,182
01/10/2001,MFD,OH,AGL,CE,Towers with Radar,0,45,39,17,101,0,0,12,22,34,0,45,51,39,135,42,8,50,185
01/11/2001,MFD,OH,AGL,CE,Towers with Radar,0,76,46,22,144,0,0,46,8,54,0,76,92,30,198,36,16,52,250
01/12/2001,MFD,OH,AGL,CE,Towers with Radar,0,56,23,7,86,0,0,29,1,30,0,56,52,8,116,20,0,20,136
01/13/2001,MFD,OH,AGL,CE,Towers with Radar,0,10,19,0,29,0,0,17,0,17,0,10,36,0,46,28,0,28,74
01/14/2001,MFD,OH,AGL,CE,Towers with Radar,0,76,18,0,94,0,0,0,1,1,0,76,18,1,95,4,0,4,99
01/15/2001,MFD,OH,AGL,CE,Towers with Radar,0,19,6,0,25,0,3,2,0,5,0,22,8,0,30,0,0,0,30
01/16/2001,MFD,OH,AGL,CE,Towers with Radar,0,6,7,0,13,0,0,0,0,0,0,6,7,0,13,0,0,0,13
01/17/2001,MFD,OH,AGL,CE,Towers with Radar,0,24,13,41,78,0,0,2,1,3,0,24,15,42,81,0,42,42,123
01/18/2001,MFD,OH,AGL,CE,Towers with Radar,0,11,33,15,59,0,7,21,11,39,0,18,54,26,98,14,12,26,124
01/19/2001,MFD,OH,AGL,CE,Towers with Radar,0,0,6,0,6,0,0,0,0,0,0,0,6,0,6,0,0,0,6
01/20/2001,MFD,OH,AGL,CE,Towers with Radar,0,0,31,0,31,0,0,5,0,5,0,0,36,0,36,0,0,0,36
01/21/2001,MFD,OH,AGL,CE,Towers with Radar,0,9,94,10,113,0,0,44,5,49,0,9,138,15,162,18,20,38,200
01/22/2001,MFD,OH,AGL,CE,Towers with Radar,0,18,31,1,50,0,0,26,0,26,0,18,57,1,76,18,0,18,94
01/23/2001,MFD,OH,AGL,CE,Towers with Radar,0,70,49,26,145,0,7,47,4,58,0,77,96,30,203,28,4,32,235
01/24/2001,MFD,OH,AGL,CE,Towers with Radar,0,10,18,24,52,0,0,0,0,0,0,10,18,24,52,0,0,0,52
01/25/2001,MFD,OH,AGL,CE,Towers with Radar,0,48,13,34,95,0,0,23,2,25,0,48,36,36,120,20,28,48,168
01/26/2001,MFD,OH,AGL,CE,Towers with Radar,0,38,30,6,74,0,0,16,0,16,0,38,46,6,90,2,0,2,92
01/27/2001,MFD,OH,AGL,CE,Towers with Radar,0,2,0,0,2,14,0,0,0,14,14,2,0,0,16,0,0,0,16
01/28/2001,MFD,OH,AGL,CE,Towers with Radar,0,56,59,1,116,0,0,47,0,47,0,56,106,1,163,34,0,34,197
01/29/2001,MFD,OH,AGL,CE,Towers with Radar,0,24,15,0,39,0,0,10,0,10,0,24,25,0,49,12,0,12,61
01/30/2001,MFD,OH,AGL,CE,Towers with Radar,0,11,5,9,25,0,0,2,8,10,0,11,7,17,35,0,0,0,35
01/31/2001,MFD,OH,AGL,CE,Towers with Radar,0,20,4,18,42,0,0,0,0,0,0,20,4,18,42,2,24,26,68
02/01/2001,MFD,OH,AGL,CE,Towers with Radar,0,30,31,11,72,0,11,5,7,23,0,41,36,18,95,2,14,16,111
02/02/2001,MFD,OH,AGL,CE,Towers with Radar,0,18,2,0,20,0,0,8,0,8,0,18,10,0,28,4,0,4,32
02/03/2001,MFD,OH,AGL,CE,Towers with Radar,0,51,48,0,99,0,0,48,0,48,0,51,96,0,147,34,0,34,181
02/04/2001,MFD,OH,AGL,CE,Towers with Radar,0,50,42,1,93,0,0,15,0,15,0,50,57,1,108,2,0,2,110
02/05/2001,MFD,OH,AGL,CE,Towers with Radar,0,14,2,0,16,0,0,2,0,2,0,14,4,0,18,0,0,0,18
02/06/2001,MFD,OH,AGL,CE,Towers with Radar,0,2,0,32,34,0,0,3,0,3,0,2,3,32,37,0,0,0,37
02/07/2001,MFD,OH,AGL,CE,Towers with Radar,0,36,57,18,111,0,0,35,14,49,0,36,92,32,160,64,16,80,240
02/08/2001,MFD,OH,AGL,CE,Towers with Radar,0,30,30,0,60,0,0,18,0,18,0,30,48,0,78,4,0,4,82
02/09/2001,MFD,OH,AGL,CE,Towers with Radar,0,6,4,3,13,0,0,3,0,3,0,6,7,3,16,0,0,0,16
02/10/2001,MFD,OH,AGL,CE,Towers with Radar,0,22,8,16,46,0,0,11,4,15,0,22,19,20,61,6,2,8,69
02/11/2001,MFD,OH,AGL,CE,Towers with Radar,0,41,56,24,121,0,0,57,0,57,0,41,113,24,178,36,0,36,214
02/12/2001,MFD,OH,AGL,CE,Towers with Radar,0,60,31,0,91,0,0,43,0,43,0,60,74,0,134,6,0,6,140
02/13/2001,MFD,OH,AGL,CE,Towers with Radar,0,65,37,14,116,0,0,16,0,16,0,65,53,14,132,28,30,58,190
02/14/2001,MFD,OH,AGL,CE,Towers with Radar,0,0,7,0,7,0,0,2,0,2,0,0,9,0,9,0,0,0,9
02/15/2001,MFD,OH,AGL,CE,Towers with Radar,0,0,26,9,35,0,0,0,0,0,0,0,26,9,35,2,6,8,43
02/16/2001,MFD,OH,AGL,CE,Towers with Radar,0,0,13,0,13,0,0,3,0,3,0,0,16,0,16,0,0,0,16
02/17/2001,MFD,OH,AGL,CE,Towers with Radar,0,0,0,0,0,0,31,0,0,31,0,31,0,0,31,2,0,2,33
02/18/2001,MFD,OH,AGL,CE,Towers with Radar,0,0,0,0,0,0,133,0,0,133,0,133,0,0,133,4,0,4,137
02/19/2001,MFD,OH,AGL,CE,Towers with Radar,0,0,0,0,0,0,35,0,0,35,0,35,0,0,35,12,0,12,47
02/20/2001,MFD,OH,AGL,CE,Towers with Radar,0,8,16,4,28,0,3,32,0,35,0,11,48,4,63,12,4,16,79
02/21/2001,MFD,OH,AGL,CE,Towers with Radar,0,18,56,5,79,0,0,26,5,31,0,18,82,10,110,8,36,44,154
02/22/2001,MFD,OH,AGL,CE,Towers with Radar,0,15,1,12,28,0,0,6,0,6,0,15,7,12,34,0,0,0,34
02/23/2001,MFD,OH,AGL,CE,Towers with Radar,0,54,28,0,82,0,0,32,0,32,0,54,60,0,114,2,0,2,116
02/24/2001,MFD,OH,AGL,CE,Towers with Radar,0,36,10,0,46,0,0,7,0,7,0,36,17,0,53,0,4,4,57
02/25/2001,MFD,OH,AGL,CE,Towers with Radar,0,0,0,0,0,0,0,7,0,7,0,0,7,0,7,0,0,0,7
02/26/2001,MFD,OH,AGL,CE,Towers with Radar,0,9,44,5,58,0,0,38,0,38,0,9,82,5,96,10,0,10,106
02/27/2001,MFD,OH,AGL,CE,Towers with Radar,0,56,21,18,95,0,2,17,4,23,0,58,38,22,118,12,24,36,154
02/28/2001,MFD,OH,AGL,CE,Towers with Radar,0,48,48,4,100,0,0,65,0,65,0,48,113,4,165,32,0,32,197
03/01/2001,MFD,OH,AGL,CE,Towers with Radar,0,18,42,8,68,0,0,36,0,36,0,18,78,8,104,40,10,50,154
03/02/2001,MFD,OH,AGL,CE,Towers with Radar,0,20,16,0,36,0,0,4,0,4,0,20,20,0,40,2,0,2,42
03/03/2001,MFD,OH,AGL,CE,Towers with Radar,0,26,27,0,53,0,0,52,0,52,0,26,79,0,105,30,0,30,135
03/04/2001,MFD,OH,AGL,CE,Towers with Radar,0,20,16,3,39,0,0,9,0,9,0,20,25,3,48,0,0,0,48
03/05/2001,MFD,OH,AGL,CE,Towers with Radar,0,4,11,0,15,0,0,7,0,7,0,4,18,0,22,0,0,0,22
03/06/2001,MFD,OH,AGL,CE,Towers with Radar,0,14,8,0,22,0,2,3,0,5,0,16,11,0,27,0,0,0,27
03/07/2001,MFD,OH,AGL,CE,Towers with Radar,0,12,27,6,45,0,0,14,0,14,0,12,41,6,59,6,0,6,65
03/08/2001,MFD,OH,AGL,CE,Towers with Radar,0,16,13,3,32,0,0,11,0,11,0,16,24,3,43,6,4,10,53
03/09/2001,MFD,OH,AGL,CE,Towers with Radar,0,32,5,0,37,0,0,7,0,7,0,32,12,0,44,2,0,2,46
03/10/2001,MFD,OH,AGL,CE,Towers with Radar,0,56,37,9,102,0,0,79,6,85,0,56,116,15,187,26,4,30,217
03/11/2001,MFD,OH,AGL,CE,Towers with Radar,0,3,23,27,53,0,0,19,10,29,0,3,42,37,82,6,32,38,120
03/12/2001,MFD,OH,AGL,CE,Towers with Radar,0,29,18,10,57,0,0,28,0,28,0,29,46,10,85,0,0,0,85
03/13/2001,MFD,OH,AGL,CE,Towers with Radar,0,14,13,12,39,0,0,0,18,18,0,14,13,30,57,2,30,32,89
03/14/2001,MFD,OH,AGL,CE,Towers with Radar,0,13,35,13,61,0,0,27,8,35,0,13,62,21,96,8,10,18,114
03/15/2001,MFD,OH,AGL,CE,Towers with Radar,0,6,40,22,68,0,1,34,4,39,0,7,74,26,107,16,14,30,137
03/16/2001,MFD,OH,AGL,CE,Towers with Radar,0,1,14,2,17,0,1,3,0,4,0,2,17,2,21,0,0,0,21
03/17/2001,MFD,OH,AGL,CE,Towers with Radar,0,1,0,1,2,0,1,2,0,3,0,2,2,1,5,0,0,0,5
03/18/2001,MFD,OH,AGL,CE,Towers with Radar,0,11,62,2,75,0,2,158,0,160,0,13,220,2,235,38,2,40,275
03/19/2001,MFD,OH,AGL,CE,Towers with Radar,0,3,54,9,66,0,1,53,0,54,0,4,107,9,120,24,10,34,154
03/20/2001,MFD,OH,AGL,CE,Towers with Radar,0,0,59,16,75,0,0,38,0,38,0,0,97,16,113,14,46,60,173
03/21/2001,MFD,OH,AGL,CE,Towers with Radar,0,14,34,16,64,0,1,20,14,35,0,15,54,30,99,10,12,22,121
03/22/2001,MFD,OH,AGL,CE,Towers with Radar,0,12,81,27,120,0,0,36,1,37,0,12,117,28,157,16,8,24,181
03/23/2001,MFD,OH,AGL,CE,Towers with Radar,0,14,27,6,47,0,0,39,0,39,0,14,66,6,86,18,0,18,104
03/24/2001,MFD,OH,AGL,CE,Towers with Radar,0,15,21,2,38,0,0,4,0,4,0,15,25,2,42,4,0,4,46
03/25/2001,MFD,OH,AGL,CE,Towers with Radar,0,8,30,2,40,0,0,12,0,12,0,8,42,2,52,0,0,0,52
03/26/2001,MFD,OH,AGL,CE,Towers with Radar,0,30,27,4,61,0,0,16,0,16,0,30,43,4,77,6,2,8,85
03/27/2001,MFD,OH,AGL,CE,Towers with Radar,0,21,24,13,58,0,0,26,10,36,0,21,50,23,94,4,28,32,126
03/28/2001,MFD,OH,AGL,CE,Towers with Radar,0,4,31,20,55,0,0,45,0,45,0,4,76,20,100,10,34,44,144
03/29/2001,MFD,OH,AGL,CE,Towers with Radar,0,34,23,8,65,0,0,41,2,43,0,34,64,10,108,30,18,48,156
03/30/2001,MFD,OH,AGL,CE,Towers with Radar,0,28,28,2,58,0,0,8,0,8,0,28,36,2,66,8,0,8,74
03/31/2001,MFD,OH,AGL,CE,Towers with Radar,0,4,54,0,58,0,0,27,0,27,0,4,81,0,85,2,0,2,87
04/01/2001,MFD,OH,AGL,CE,Towers with Radar,0,2,13,1,16,0,1,0,0,1,0,3,13,1,17,0,0,0,17
04/02/2001,MFD,OH,AGL,CE,Towers with Radar,0,35,60,1,96,0,2,35,0,37,0,37,95,1,133,18,0,18,151
04/03/2001,MFD,OH,AGL,CE,Towers with Radar,0,15,68,20,103,0,2,30,0,32,0,17,98,20,135,12,6,18,153
04/04/2001,MFD,OH,AGL,CE,Towers with Radar,0,0,79,15,94,0,2,56,24,82,0,2,135,39,176,32,6,38,214
04/05/2001,MFD,OH,AGL,CE,Towers with Radar,0,5,41,10,56,0,1,35,6,42,0,6,76,16,98,22,20,42,140
04/06/2001,MFD,OH,AGL,CE,Towers with Radar,0,2,14,3,19,0,0,0,0,0,0,2,14,3,19,2,0,2,21
04/07/2001,MFD,OH,AGL,CE,Towers with Radar,0,9,11,0,20,0,1,20,0,21,0,10,31,0,41,18,0,18,59
04/08/2001,MFD,OH,AGL,CE,Towers with Radar,0,11,22,2,35,0,1,31,0,32,0,12,53,2,67,4,0,4,71
04/09/2001,MFD,OH,AGL,CE,Towers with Radar,0,13,8,8,29,0,1,0,0,1,0,14,8,8,30,4,0,4,34
04/10/2001,MFD,OH,AGL,CE,Towers with Radar,0,24,13,12,49,0,4,8,2,14,0,28,21,14,63,4,14,18,81
04/11/2001,MFD,OH,AGL,CE,Towers with Radar,0,22,11,26,59,0,8,0,2,10,0,30,11,28,69,22,62,84,153
04/12/2001,MFD,OH,AGL,CE,Towers with Radar,0,6,10,5,21,0,0,1,9,10,0,6,11,14,31,0,0,0,31
04/13/2001,MFD,OH,AGL,CE,Towers with Radar,0,18,43,0,61,0,2,81,0,83,0,20,124,0,144,32,0,32,176
04/14/2001,MFD,OH,AGL,CE,Towers with Radar,0,20,32,0,52,0,0,65,1,66,0,20,97,1,118,36,0,36,154
04/15/2001,MFD,OH,AGL,CE,Towers with Radar,0,2,15,0,17,0,0,1,0,1,0,2,16,0,18,0,0,0,18
04/16/2001,MFD,OH,AGL,CE,Towers with Radar,0,3,33,0,36,0,0,14,1,15,0,3,47,1,51,24,0,24,75
04/17/2001,MFD,OH,AGL,CE,Towers with Radar,0,25,32,12,69,0,3,1,8,12,0,28,33,20,81,6,20,26,107
04/18/2001,MFD,OH,AGL,CE,Towers with Radar,0,20,17,11,48,0,4,25,15,44,0,24,42,26,92,16,20,36,128
04/19/2001,MFD,OH,AGL,CE,Towers with Radar,0,24,46,9,79,0,0,66,1,67,0,24,112,10,146,24,24,48,194
04/20/2001,MFD,OH,AGL,CE,Towers with Radar,0,0,13,0,13,0,0,0,2,2,0,0,13,2,15,0,0,0,15
04/21/2001,MFD,OH,AGL,CE,Towers with Radar,0,15,18,3,36,0,0,0,1,1,0,15,18,4,37,2,0,2,39
04/22/2001,MFD,OH,AGL,CE,Towers with Radar,0,7,37,0,44,0,0,16,1,17,0,7,53,1,61,4,0,4,65
04/23/2001,MFD,OH,AGL,CE,Towers with Radar,0,40,15,3,58,0,0,11,1,12,0,40,26,4,70,4,2,6,76
04/24/2001,MFD,OH,AGL,CE,Towers with Radar,0,14,47,13,74,0,3,18,1,22,0,17,65,14,96,20,20,40,136
04/25/2001,MFD,OH,AGL,CE,Towers with Radar,0,2,59,20,81,0,4,61,2,67,0,6,120,22,148,42,2,44,192
04/26/2001,MFD,OH,AGL,CE,Towers with Radar,0,14,45,17,76,0,2,61,1,64,0,16,106,18,140,42,26,68,208
04/27/2001,MFD,OH,AGL,CE,Towers with Radar,0,8,32,7,47,0,0,39,3,42,0,8,71,10,89,6,6,12,101
04/28/2001,MFD,OH,AGL,CE,Towers with Radar,0,15,37,0,52,0,3,108,0,111,0,18,145,0,163,36,0,36,199
04/29/2001,MFD,OH,AGL,CE,Towers with Radar,0,10,34,0,44,0,0,112,0,112,0,10,146,0,156,48,0,48,204
04/30/2001,MFD,OH,AGL,CE,Towers with Radar,0,14,36,8,58,0,0,53,3,56,0,14,89,11,114,34,0,34,148
05/01/2001,MFD,OH,AGL,CE,Towers with Radar,0,4,33,9,46,0,0,31,10,41,0,4,64,19,87,16,18,34,121
05/02/2001,MFD,OH,AGL,CE,Towers with Radar,0,7,40,13,60,0,0,64,17,81,0,7,104,30,141,20,8,28,169
05/03/2001,MFD,OH,AGL,CE,Towers with Radar,0,10,47,16,73,0,0,33,16,49,0,10,80,32,122,24,22,46,168
05/04/2001,MFD,OH,AGL,CE,Towers with Radar,0,16,41,6,63,0,10,47,0,57,0,26,88,6,120,12,0,12,132
05/05/2001,MFD,OH,AGL,CE,Towers with Radar,0,8,22,2,32,0,2,160,0,162,0,10,182,2,194,14,0,14,208
05/06/2001,MFD,OH,AGL,CE,Towers with Radar,0,13,34,0,47,0,3,100,0,103,0,16,134,0,150,32,0,32,182
05/07/2001,MFD,OH,AGL,CE,Towers with Radar,0,3,19,2,24,0,0,1,0,1,0,3,20,2,25,0,0,0,25
05/08/2001,MFD,OH,AGL,CE,Towers with Radar,0,19,48,16,83,0,12,29,8,49,0,31,77,24,132,18,52,70,202
05/09/2001,MFD,OH,AGL,CE,Towers with Radar,0,14,36,12,62,0,0,36,22,58,0,14,72,34,120,40,14,54,174
05/10/2001,MFD,OH,AGL,CE,Towers with Radar,0,16,41,13,70,0,28,71,1,100,0,44,112,14,170,58,6,64,234
05/11/2001,MFD,OH,AGL,CE,Towers with Radar,0,11,28,2,41,0,5,28,0,33,0,16,56,2,74,18,0,18,92
05/12/2001,MFD,OH,AGL,CE,Towers with Radar,0,13,34,0,47,0,18,18,0,36,0,31,52,0,83,2,0,2,85
05/13/2001,MFD,OH,AGL,CE,Towers with Radar,0,8,22,3,33,0,10,71,0,81,0,18,93,3,114,12,0,12,126
05/14/2001,MFD,OH,AGL,CE,Towers with Radar,0,14,35,11,60,0,2,33,1,36,0,16,68,12,96,18,0,18,114
05/15/2001,MFD,OH,AGL,CE,Towers with Radar,0,7,28,10,45,0,0,0,8,8,0,7,28,18,53,0,0,0,53
05/16/2001,MFD,OH,AGL,CE,Towers with Radar,0,2,29,12,43,0,0,0,26,26,0,2,29,38,69,0,0,0,69
05/17/2001,MFD,OH,AGL,CE,Towers with Radar,0,2,33,6,41,0,0,6,0,6,0,2,39,6,47,6,12,18,65
05/18/2001,MFD,OH,AGL,CE,Towers with Radar,0,1,12,5,18,0,0,0,0,0,0,1,12,5,18,0,10,10,28
05/19/2001,MFD,OH,AGL,CE,Towers with Radar,0,13,31,11,55,0,11,98,10,119,0,24,129,21,174,30,8,38,212
05/20/2001,MFD,OH,AGL,CE,Towers with Radar,0,10,28,10,48,0,0,174,13,187,0,10,202,23,235,70,6,76,311
05/21/2001,MFD,OH,AGL,CE,Towers with Radar,0,8,20,0,28,0,0,0,0,0,0,8,20,0,28,0,0,0,28
05/22/2001,MFD,OH,AGL,CE,Towers with Radar,0,6,36,12,54,0,0,9,5,14,0,6,45,17,68,4,0,4,72
05/23/2001,MFD,OH,AGL,CE,Towers with Radar,0,10,46,16,72,0,0,39,2,41,0,10,85,18,113,20,4,24,137
05/24/2001,MFD,OH,AGL,CE,Towers with Radar,0,2,36,6,44,0,0,0,0,0,0,2,36,6,44,6,24,30,74
05/25/2001,MFD,OH,AGL,CE,Towers with Radar,0,18,42,0,60,0,0,4,0,4,0,18,46,0,64,4,0,4,68
05/26/2001,MFD,OH,AGL,CE,Towers with Radar,0,10,22,1,33,0,0,16,0,16,0,10,38,1,49,2,0,2,51
05/27/2001,MFD,OH,AGL,CE,Towers with Radar,0,4,11,0,15,0,0,20,0,20,0,4,31,0,35,0,0,0,35
05/28/2001,MFD,OH,AGL,CE,Towers with Radar,0,9,25,5,39,0,0,23,0,23,0,9,48,5,62,16,0,16,78
05/29/2001,MFD,OH,AGL,CE,Towers with Radar,0,3,37,13,53,0,0,38,7,45,0,3,75,20,98,14,20,34,132
05/30/2001,MFD,OH,AGL,CE,Towers with Radar,0,24,57,19,100,0,16,83,1,100,0,40,140,20,200,56,16,72,272
05/31/2001,MFD,OH,AGL,CE,Towers with Radar,0,23,56,18,97,0,18,97,4,119,0,41,153,22,216,54,32,86,302
06/01/2001,MFD,OH,AGL,CE,Towers with Radar,0,8,45,3,56,0,0,22,0,22,0,8,67,3,78,12,0,12,90
06/02/2001,MFD,OH,AGL,CE,Towers with Radar,0,5,13,4,22,0,3,0,0,3,0,8,13,4,25,0,0,0,25
06/03/2001,MFD,OH,AGL,CE,Towers with Radar,0,10,27,2,39,0,8,6,0,14,0,18,33,2,53,20,0,20,73
06/04/2001,MFD,OH,AGL,CE,Towers with Radar,0,15,38,1,54,0,1,22,0,23,0,16,60,1,77,22,0,22,99
06/05/2001,MFD,OH,AGL,CE,Towers with Radar,0,9,36,8,53,0,0,18,12,30,0,9,54,20,83,2,30,32,115
06/06/2001,MFD,OH,AGL,CE,Towers with Radar,0,4,26,0,30,0,0,0,0,0,0,4,26,0,30,0,0,0,30
06/07/2001,MFD,OH,AGL,CE,Towers with Radar,0,23,57,12,92,0,1,65,0,66,0,24,122,12,158,16,32,48,206
06/08/2001,MFD,OH,AGL,CE,Towers with Radar,0,21,53,11,85,0,33,67,13,113,0,54,120,24,198,56,8,64,262
06/09/2001,MFD,OH,AGL,CE,Towers with Radar,0,11,29,5,45,0,4,146,0,150,0,15,175,5,195,28,0,28,223
06/10/2001,MFD,OH,AGL,CE,Towers with Radar,0,7,33,7,47,0,0,96,7,103,0,7,129,14,150,28,16,44,194
06/11/2001,MFD,OH,AGL,CE,Towers with Radar,0,15,34,1,50,0,0,34,0,34,0,15,68,1,84,10,0,10,94
06/12/2001,MFD,OH,AGL,CE,Towers with Radar,0,9,29,6,44,0,0,30,5,35,0,9,59,11,79,12,6,18,97
06/13/2001,MFD,OH,AGL,CE,Towers with Radar,0,6,46,10,62,0,0,52,6,58,0,6,98,16,120,22,14,36,156
06/14/2001,MFD,OH,AGL,CE,Towers with Radar,0,0,35,8,43,0,0,24,2,26,0,0,59,10,69,20,10,30,99
06/15/2001,MFD,OH,AGL,CE,Towers with Radar,0,0,24,1,25,0,0,6,0,6,0,0,30,1,31,2,0,2,33
06/16/2001,MFD,OH,AGL,CE,Towers with Radar,0,17,38,3,58,2,9,127,0,138,2,26,165,3,196,20,2,22,218
06/17/2001,MFD,OH,AGL,CE,Towers with Radar,0,6,24,4,34,0,0,101,4,105,0,6,125,8,139,12,8,20,159
06/18/2001,MFD,OH,AGL,CE,Towers with Radar,0,13,32,3,48,0,1,38,0,39,0,14,70,3,87,36,0,36,123
06/19/2001,MFD,OH,AGL,CE,Towers with Radar,0,3,40,8,51,0,0,46,16,62,0,3,86,24,113,18,16,34,147
06/20/2001,MFD,OH,AGL,CE,Towers with Radar,0,17,41,8,66,0,3,3,12,18,0,20,44,20,84,42,32,74,158
06/21/2001,MFD,OH,AGL,CE,Towers with Radar,0,6,32,6,44,0,0,1,5,6,0,6,33,11,50,12,2,14,64
06/22/2001,MFD,OH,AGL,CE,Towers with Radar,0,21,48,5,74,0,3,9,0,12,0,24,57,5,86,0,0,0,86
06/23/2001,MFD,OH,AGL,CE,Towers with Radar,0,10,24,1,35,0,8,68,0,76,0,18,92,1,111,20,0,20,131
06/24/2001,MFD,OH,AGL,CE,Towers with Radar,0,14,33,4,51,0,30,92,0,122,0,44,125,4,173,8,0,8,181
06/25/2001,MFD,OH,AGL,CE,Towers with Radar,0,14,32,0,46,0,0,100,0,100,0,14,132,0,146,50,0,50,196
06/26/2001,MFD,OH,AGL,CE,Towers with Radar,0,16,40,8,64,0,0,103,4,107,0,16,143,12,171,32,10,42,213
06/27/2001,MFD,OH,AGL,CE,Towers with Radar,0,17,40,7,64,0,18,13,11,42,0,35,53,18,106,30,10,40,146
06/28/2001,MFD,OH,AGL,CE,Towers with Radar,0,20,49,9,78,0,0,57,9,66,0,20,106,18,144,22,62,84,228
06/29/2001,MFD,OH,AGL,CE,Towers with Radar,0,17,40,7,64,0,7,15,0,22,0,24,55,7,86,14,0,14,100
06/30/2001,MFD,OH,AGL,CE,Towers with Radar,0,10,26,5,41,0,0,44,2,46,0,10,70,7,87,24,0,24,111
07/01/2001,MFD,OH,AGL,CE,Towers with Radar,0,11,17,3,31,0,1,12,0,13,0,12,29,3,44,0,0,0,44
07/02/2001,MFD,OH,AGL,CE,Towers with Radar,0,20,31,8,59,0,1,132,0,133,0,21,163,8,192,42,0,42,234
07/03/2001,MFD,OH,AGL,CE,Towers with Radar,0,7,23,8,38,0,0,14,17,31,0,7,37,25,69,18,44,62,131
07/04/2001,MFD,OH,AGL,CE,Towers with Radar,0,5,10,5,20,0,10,35,0,45,0,15,45,5,65,16,4,20,85
07/05/2001,MFD,OH,AGL,CE,Towers with Radar,0,14,31,13,58,0,0,36,26,62,0,14,67,39,120,34,18,52,172
07/06/2001,MFD,OH,AGL,CE,Towers with Radar,0,23,33,14,70,0,5,83,6,94,0,28,116,20,164,20,22,42,206
07/07/2001,MFD,OH,AGL,CE,Towers with Radar,0,12,19,4,35,0,16,29,0,45,0,28,48,4,80,2,0,2,82
07/08/2001,MFD,OH,AGL,CE,Towers with Radar,0,20,29,4,53,0,18,38,0,56,0,38,67,4,109,22,0,22,131
07/09/2001,MFD,OH,AGL,CE,Towers with Radar,0,6,22,8,36,0,0,11,10,21,0,6,33,18,57,10,0,10,67
07/10/2001,MFD,OH,AGL,CE,Towers with Radar,0,20,36,14,70,0,0,37,0,37,0,20,73,14,107,24,0,24,131
07/11/2001,MFD,OH,AGL,CE,Towers with Radar,0,26,38,15,79,0,2,76,25,103,0,28,114,40,182,50,38,88,270
07/12/2001,MFD,OH,AGL,CE,Towers with Radar,0,10,34,13,57,0,0,78,7,85,0,10,112,20,142,36,8,44,186
07/13/2001,MFD,OH,AGL,CE,Towers with Radar,0,18,33,2,53,0,0,113,0,113,0,18,146,2,166,46,0,46,212
07/14/2001,MFD,OH,AGL,CE,Towers with Radar,0,18,25,3,46,0,5,103,0,108,0,23,128,3,154,42,0,42,196
07/15/2001,MFD,OH,AGL,CE,Towers with Radar,0,6,24,2,32,0,0,99,0,99,0,6,123,2,131,18,0,18,149
07/16/2001,MFD,OH,AGL,CE,Towers with Radar,0,18,23,1,42,0,6,87,0,93,0,24,110,1,135,34,0,34,169
07/17/2001,MFD,OH,AGL,CE,Towers with Radar,0,18,24,9,51,0,32,12,19,63,0,50,36,28,114,18,12,30,144
07/18/2001,MFD,OH,AGL,CE,Towers with Radar,0,28,38,16,82,0,22,0,12,34,0,50,38,28,116,10,6,16,132
07/19/2001,MFD,OH,AGL,CE,Towers with Radar,0,32,40,18,90,0,8,0,46,54,0,40,40,64,144,28,14,42,186
07/20/2001,MFD,OH,AGL,CE,Towers with Radar,0,25,33,6,64,0,1,5,0,6,0,26,38,6,70,8,0,8,78
07/21/2001,MFD,OH,AGL,CE,Towers with Radar,0,2,28,4,34,0,0,55,0,55,0,2,83,4,89,8,0,8,97
07/22/2001,MFD,OH,AGL,CE,Towers with Radar,0,3,25,9,37,0,0,38,6,44,0,3,63,15,81,20,0,20,101
07/23/2001,MFD,OH,AGL,CE,Towers with Radar,0,10,29,6,45,0,0,18,0,18,0,10,47,6,63,2,0,2,65
07/24/2001,MFD,OH,AGL,CE,Towers with Radar,0,6,31,12,49,0,0,38,18,56,0,6,69,30,105,32,10,42,147
07/25/2001,MFD,OH,AGL,CE,Towers with Radar,0,6,16,13,35,0,0,0,2,2,0,6,16,15,37,0,4,4,41
07/26/2001,MFD,OH,AGL,CE,Towers with Radar,0,40,55,22,117,0,26,19,14,59,0,66,74,36,176,14,28,42,218
07/27/2001,MFD,OH,AGL,CE,Towers with Radar,0,13,37,12,62,0,0,58,0,58,0,13,95,12,120,16,28,44,164
07/28/2001,MFD,OH,AGL,CE,Towers with Radar,0,25,34,7,66,0,20,75,0,95,0,45,109,7,161,26,0,26,187
07/29/2001,MFD,OH,AGL,CE,Towers with Radar,0,29,40,2,71,0,19,31,0,50,0,48,71,2,121,10,2,12,133
07/30/2001,MFD,OH,AGL,CE,Towers with Radar,0,22,41,1,64,0,0,87,0,87,0,22,128,1,151,28,0,28,179
07/31/2001,MFD,OH,AGL,CE,Towers with Radar,0,32,44,17,93,0,6,45,25,76,0,38,89,42,169,28,24,52,221
08/01/2001,MFD,OH,AGL,CE,Towers with Radar,0,29,59,20,108,0,1,45,22,68,0,30,104,42,176,22,30,52,228
08/02/2001,MFD,OH,AGL,CE,Towers with Radar,0,61,37,16,114,0,1,8,0,9,0,62,45,16,123,44,0,44,167
08/03/2001,MFD,OH,AGL,CE,Towers with Radar,0,5,41,8,54,0,1,7,0,8,0,6,48,8,62,10,0,10,72
08/04/2001,MFD,OH,AGL,CE,Towers with Radar,0,11,31,2,44,0,1,75,0,76,0,12,106,2,120,22,2,24,144
08/05/2001,MFD,OH,AGL,CE,Towers with Radar,0,13,43,5,61,0,1,80,0,81,0,14,123,5,142,6,0,6,148
08/06/2001,MFD,OH,AGL,CE,Towers with Radar,0,4,36,7,47,0,4,50,0,54,0,8,86,7,101,28,0,28,129
08/07/2001,MFD,OH,AGL,CE,Towers with Radar,0,31,57,12,100,0,5,17,8,30,0,36,74,20,130,30,12,42,172
08/08/2001,MFD,OH,AGL,CE,Towers with Radar,0,75,29,14,118,0,1,51,2,54,0,76,80,16,172,50,14,64,236
08/09/2001,MFD,OH,AGL,CE,Towers with Radar,0,32,35,2,69,0,1,12,2,15,0,33,47,4,84,4,0,4,88
08/10/2001,MFD,OH,AGL,CE,Towers with Radar,0,34,62,23,119,0,2,9,2,13,0,36,71,25,132,16,14,30,162
08/11/2001,MFD,OH,AGL,CE,Towers with Radar,0,58,70,5,133,0,2,94,2,98,0,60,164,7,231,34,0,34,265
08/12/2001,MFD,OH,AGL,CE,Towers with Radar,0,41,95,14,150,0,3,43,11,57,0,44,138,25,207,18,18,36,243
08/13/2001,MFD,OH,AGL,CE,Towers with Radar,0,45,1,0,46,0,0,80,0,80,0,45,81,0,126,32,6,38,164
08/14/2001,MFD,OH,AGL,CE,Towers with Radar,0,15,23,11,49,0,4,84,11,99,0,19,107,22,148,40,18,58,206
08/15/2001,MFD,OH,AGL,CE,Towers with Radar,0,35,45,20,100,0,1,67,0,68,0,36,112,20,168,28,20,48,216
08/16/2001,MFD,OH,AGL,CE,Towers with Radar,0,18,35,20,73,0,2,14,0,16,0,20,49,20,89,20,38,58,147
08/17/2001,MFD,OH,AGL,CE,Towers with Radar,0,3,30,18,51,0,1,26,0,27,0,4,56,18,78,8,2,10,88
08/18/2001,MFD,OH,AGL,CE,Towers with Radar,0,13,35,8,56,0,1,39,0,40,0,14,74,8,96,28,0,28,124
08/19/2001,MFD,OH,AGL,CE,Towers with Radar,0,7,26,6,39,0,1,11,5,17,0,8,37,11,56,20,4,24,80
08/20/2001,MFD,OH,AGL,CE,Towers with Radar,0,5,32,4,41,0,1,4,0,5,0,6,36,4,46,0,12,12,58
08/21/2001,MFD,OH,AGL,CE,Towers with Radar,0,3,40,9,52,0,5,132,0,137,0,8,172,9,189,26,4,30,219
08/22/2001,MFD,OH,AGL,CE,Towers with Radar,0,5,17,17,39,0,1,10,5,16,0,6,27,22,55,0,6,6,61
08/23/2001,MFD,OH,AGL,CE,Towers with Radar,0,34,68,22,124,0,4,0,0,4,0,38,68,22,128,4,0,4,132
08/24/2001,MFD,OH,AGL,CE,Towers with Radar,0,17,62,3,82,0,1,17,0,18,0,18,79,3,100,0,0,0,100
08/25/2001,MFD,OH,AGL,CE,Towers with Radar,0,56,67,2,125,0,1,31,0,32,0,57,98,2,157,22,0,22,179
08/26/2001,MFD,OH,AGL,CE,Towers with Radar,0,12,8,2,22,0,2,14,0,16,0,14,22,2,38,0,0,0,38
08/27/2001,MFD,OH,AGL,CE,Towers with Radar,0,12,36,0,48,0,0,51,3,54,0,12,87,3,102,44,2,46,148
08/28/2001,MFD,OH,AGL,CE,Towers with Radar,0,7,47,20,74,0,2,37,0,39,0,9,84,20,113,34,48,82,195
08/29/2001,MFD,OH,AGL,CE,Towers with Radar,0,18,25,12,55,0,0,70,2,72,0,18,95,14,127,46,22,68,195
08/30/2001,MFD,OH,AGL,CE,Towers with Radar,0,26,30,6,62,0,0,52,4,56,0,26,82,10,118,24,2,26,144
08/31/2001,MFD,OH,AGL,CE,Towers with Radar,0,2,4,1,7,0,0,3,0,3,0,2,7,1,10,24,0,24,34
09/01/2001,MFD,OH,AGL,CE,Towers with Radar,0,11,38,0,49,0,1,101,0,102,0,12,139,0,151,6,0,6,157
09/02/2001,MFD,OH,AGL,CE,Towers with Radar,0,12,28,0,40,0,0,82,0,82,0,12,110,0,122,12,0,12,134
09/03/2001,MFD,OH,AGL,CE,Towers with Radar,0,10,30,1,41,0,0,34,0,34,0,10,64,1,75,20,0,20,95
09/04/2001,MFD,OH,AGL,CE,Towers with Radar,0,10,23,4,37,0,2,27,11,40,0,12,50,15,77,22,24,46,123
09/05/2001,MFD,OH,AGL,CE,Towers with Radar,0,9,45,9,63,0,0,44,11,55,0,9,89,20,118,34,8,42,160
09/06/2001,MFD,OH,AGL,CE,Towers with Radar,0,1,47,13,61,0,1,30,1,32,0,2,77,14,93,9,16,25,118
09/07/2001,MFD,OH,AGL,CE,Towers with Radar,0,26,20,5,51,0,1,34,2,37,0,27,54,7,88,28,0,28,116
09/08/2001,MFD,OH,AGL,CE,Towers with Radar,0,8,19,2,29,0,0,53,0,53,0,8,72,2,82,28,0,28,110
09/09/2001,MFD,OH,AGL,CE,Towers with Radar,0,4,4,9,17,0,0,66,0,66,0,4,70,9,83,12,9,21,104
09/10/2001,MFD,OH,AGL,CE,Towers with Radar,0,8,31,0,39,0,1,37,0,38,0,9,68,0,77,24,0,24,101
09/11/2001,MFD,OH,AGL,CE,Towers with Radar,0,0,7,0,7,0,1,4,0,5,0,1,11,0,12,0,0,0,12
09/12/2001,MFD,OH,AGL,CE,Towers with Radar,0,0,0,0,0,0,0,0,0,0,0,0,0,0,0,0,0,0,0
09/13/2001,MFD,OH,AGL,CE,Towers with Radar,0,0,0,0,0,0,0,0,1,1,0,0,0,1,1,0,0,0,1
09/14/2001,MFD,OH,AGL,CE,Towers with Radar,0,0,0,0,0,0,1,2,0,3,0,1,2,0,3,0,0,0,3
09/15/2001,MFD,OH,AGL,CE,Towers with Radar,0,0,33,1,34,0,0,0,1,1,0,0,33,2,35,2,0,2,37
09/16/2001,MFD,OH,AGL,CE,Towers with Radar,0,0,97,0,97,0,0,2,1,3,0,0,99,1,100,0,0,0,100
09/17/2001,MFD,OH,AGL,CE,Towers with Radar,0,0,57,3,60,0,0,0,1,1,0,0,57,4,61,0,0,0,61
09/18/2001,MFD,OH,AGL,CE,Towers with Radar,0,3,52,1,56,0,1,3,1,5,0,4,55,2,61,0,6,6,67
09/19/2001,MFD,OH,AGL,CE,Towers with Radar,0,20,37,31,88,0,0,0,1,1,0,20,37,32,89,0,2,2,91
09/20/2001,MFD,OH,AGL,CE,Towers with Radar,0,16,69,28,113,0,0,9,0,9,0,16,78,28,122,4,12,16,138
09/21/2001,MFD,OH,AGL,CE,Towers with Radar,0,36,36,2,74,0,0,0,0,0,0,36,36,2,74,20,0,20,94
09/22/2001,MFD,OH,AGL,CE,Towers with Radar,0,64,59,13,136,0,11,46,12,69,0,75,105,25,205,32,6,38,243
09/23/2001,MFD,OH,AGL,CE,Towers with Radar,0,4,79,6,89,0,0,49,0,49,0,4,128,6,138,22,0,22,160
09/24/2001,MFD,OH,AGL,CE,Towers with Radar,0,16,20,0,36,0,0,0,36,36,0,16,20,36,72,0,0,0,72
09/25/2001,MFD,OH,AGL,CE,Towers with Radar,0,30,42,15,87,0,0,1,0,1,0,30,43,15,88,0,0,0,88
09/26/2001,MFD,OH,AGL,CE,Towers with Radar,0,38,31,70,139,0,0,2,0,2,0,38,33,70,141,8,4,12,153
09/27/2001,MFD,OH,AGL,CE,Towers with Radar,0,50,51,12,113,0,0,14,10,24,0,50,65,22,137,4,6,10,147
09/28/2001,MFD,OH,AGL,CE,Towers with Radar,0,14,67,18,99,0,0,3,0,3,0,14,70,18,102,12,28,40,142
09/29/2001,MFD,OH,AGL,CE,Towers with Radar,0,35,37,2,74,0,0,24,0,24,0,35,61,2,98,40,0,40,138
09/30/2001,MFD,OH,AGL,CE,Towers with Radar,0,11,85,1,97,0,5,86,0,91,0,16,171,1,188,20,0,20,208
10/01/2001,MFD,OH,AGL,CE,Towers with Radar,0,19,45,4,68,0,1,28,0,29,0,20,73,4,97,26,0,26,123
10/02/2001,MFD,OH,AGL,CE,Towers with Radar,0,46,49,15,110,0,0,65,7,72,0,46,114,22,182,12,16,28,210
10/03/2001,MFD,OH,AGL,CE,Towers with Radar,0,22,52,46,120,0,0,32,2,34,0,22,84,48,154,26,52,78,232
10/04/2001,MFD,OH,AGL,CE,Towers with Radar,0,15,54,18,87,0,9,10,0,19,0,24,64,18,106,22,12,34,140
10/05/2001,MFD,OH,AGL,CE,Towers with Radar,0,4,15,1,20,0,0,2,1,3,0,4,17,2,23,2,0,2,25
10/06/2001,MFD,OH,AGL,CE,Towers with Radar,0,1,29,0,30,0,4,0,0,4,0,5,29,0,34,0,0,0,34
10/07/2001,MFD,OH,AGL,CE,Towers with Radar,0,2,36,2,40,0,0,69,0,69,0,2,105,2,109,14,0,14,123
10/08/2001,MFD,OH,AGL,CE,Towers with Radar,0,28,39,0,67,0,0,35,0,35,0,28,74,0,102,60,0,60,162
10/09/2001,MFD,OH,AGL,CE,Towers with Radar,0,30,53,17,100,0,0,37,3,40,0,30,90,20,140,46,12,58,198
10/10/2001,MFD,OH,AGL,CE,Towers with Radar,0,32,31,12,75,0,0,34,0,34,0,32,65,12,109,26,38,64,173
10/11/2001,MFD,OH,AGL,CE,Towers with Radar,0,32,12,37,81,0,0,3,3,6,0,32,15,40,87,8,24,32,119
10/12/2001,MFD,OH,AGL,CE,Towers with Radar,0,38,31,32,101,0,0,4,1,5,0,38,35,33,106,2,8,10,116
10/13/2001,MFD,OH,AGL,CE,Towers with Radar,3,25,38,5,71,0,0,2,9,11,3,25,40,14,82,4,8,12,94
10/14/2001,MFD,OH,AGL,CE,Towers with Radar,0,5,12,0,17,0,1,1,0,2,0,6,13,0,19,0,0,0,19
10/15/2001,MFD,OH,AGL,CE,Towers with Radar,0,53,48,14,115,0,5,6,1,12,0,58,54,15,127,38,10,48,175
10/16/2001,MFD,OH,AGL,CE,Towers with Radar,0,2,2,5,9,0,0,0,1,1,0,2,2,6,10,0,0,0,10
10/17/2001,MFD,OH,AGL,CE,Towers with Radar,0,16,31,13,60,0,0,10,3,13,0,16,41,16,73,6,10,16,89
10/18/2001,MFD,OH,AGL,CE,Towers with Radar,0,22,44,6,72,0,6,57,5,68,0,28,101,11,140,6,4,10,150
10/19/2001,MFD,OH,AGL,CE,Towers with Radar,0,20,47,1,68,0,2,1,1,4,0,22,48,2,72,22,0,22,94
10/20/2001,MFD,OH,AGL,CE,Towers with Radar,0,38,46,0,84,0,0,60,1,61,0,38,106,1,145,46,0,46,191
10/21/2001,MFD,OH,AGL,CE,Towers with Radar,0,23,36,0,59,0,0,43,2,45,0,23,79,2,104,16,0,16,120
10/22/2001,MFD,OH,AGL,CE,Towers with Radar,0,4,39,14,57,0,0,15,2,17,0,4,54,16,74,6,0,6,80
10/23/2001,MFD,OH,AGL,CE,Towers with Radar,0,19,16,0,35,0,11,0,0,11,0,30,16,0,46,0,0,0,46
10/24/2001,MFD,OH,AGL,CE,Towers with Radar,0,34,37,34,105,0,0,17,2,19,0,34,54,36,124,30,54,84,208
10/25/2001,MFD,OH,AGL,CE,Towers with Radar,0,44,3,2,49,0,0,11,0,11,0,44,14,2,60,12,2,14,74
10/26/2001,MFD,OH,AGL,CE,Towers with Radar,0,30,17,4,51,0,0,8,0,8,0,30,25,4,59,10,0,10,69
10/27/2001,MFD,OH,AGL,CE,Towers with Radar,0,19,27,5,51,0,0,33,5,38,0,19,60,10,89,20,0,20,109
10/28/2001,MFD,OH,AGL,CE,Towers with Radar,0,19,32,2,53,0,0,120,0,120,0,19,152,2,173,40,0,40,213
10/29/2001,MFD,OH,AGL,CE,Towers with Radar,0,25,41,0,66,0,0,59,0,59,0,25,100,0,125,40,0,40,165
10/30/2001,MFD,OH,AGL,CE,Towers with Radar,0,6,67,4,77,0,0,31,0,31,0,6,98,4,108,26,4,30,138
10/31/2001,MFD,OH,AGL,CE,Towers with Radar,0,36,88,14,138,0,0,10,0,10,0,36,98,14,148,2,2,4,152
11/01/2001,MFD,OH,AGL,CE,Towers with Radar,0,26,35,1,62,0,0,10,1,11,0,26,45,2,73,0,0,0,73
11/02/2001,MFD,OH,AGL,CE,Towers with Radar,0,18,45,6,69,0,0,0,2,2,0,18,45,8,71,6,0,6,77
11/03/2001,MFD,OH,AGL,CE,Towers with Radar,0,18,82,5,105,0,0,88,7,95,0,18,170,12,200,12,26,38,238
11/04/2001,MFD,OH,AGL,CE,Towers with Radar,0,14,56,11,81,0,4,70,5,79,0,18,126,16,160,20,10,30,190
11/05/2001,MFD,OH,AGL,CE,Towers with Radar,0,10,17,19,46,0,0,47,1,48,0,10,64,20,94,8,12,20,114
11/06/2001,MFD,OH,AGL,CE,Towers with Radar,0,44,68,33,145,0,0,52,13,65,0,44,120,46,210,24,28,52,262
11/07/2001,MFD,OH,AGL,CE,Towers with Radar,0,42,79,11,132,0,0,32,1,33,0,42,111,12,165,24,10,34,199
11/08/2001,MFD,OH,AGL,CE,Towers with Radar,0,70,38,48,156,0,0,14,10,24,0,70,52,58,180,14,22,36,216
11/09/2001,MFD,OH,AGL,CE,Towers with Radar,0,58,61,0,119,0,16,50,0,66,0,74,111,0,185,48,2,50,235
11/10/2001,MFD,OH,AGL,CE,Towers with Radar,0,30,30,1,61,0,5,34,1,40,0,35,64,2,101,22,0,22,123
11/11/2001,MFD,OH,AGL,CE,Towers with Radar,0,12,27,0,39,0,3,60,2,65,0,15,87,2,104,16,0,16,120
11/12/2001,MFD,OH,AGL,CE,Towers with Radar,0,20,35,0,55,0,14,56,0,70,0,34,91,0,125,32,0,32,157
11/13/2001,MFD,OH,AGL,CE,Towers with Radar,0,33,38,26,97,0,2,48,1,51,0,35,86,27,148,32,32,64,212
11/14/2001,MFD,OH,AGL,CE,Towers with Radar,0,32,60,40,132,0,8,14,4,26,0,40,74,44,158,12,34,46,204
11/15/2001,MFD,OH,AGL,CE,Towers with Radar,0,27,42,23,92,0,0,33,0,33,0,27,75,23,125,30,6,36,161
11/16/2001,MFD,OH,AGL,CE,Towers with Radar,0,31,66,3,100,0,0,0,0,0,0,31,66,3,100,0,0,0,100
11/17/2001,MFD,OH,AGL,CE,Towers with Radar,0,17,18,0,35,0,0,23,0,23,0,17,41,0,58,60,0,60,118
11/18/2001,MFD,OH,AGL,CE,Towers with Radar,0,78,90,4,172,0,0,65,0,65,0,78,155,4,237,28,0,28,265
11/19/2001,MFD,OH,AGL,CE,Towers with Radar,0,39,50,0,89,0,0,0,0,0,0,39,50,0,89,4,0,4,93
11/20/2001,MFD,OH,AGL,CE,Towers with Radar,0,12,15,14,41,0,0,11,12,23,0,12,26,26,64,14,18,32,96
11/21/2001,MFD,OH,AGL,CE,Towers with Radar,0,0,40,24,64,0,0,20,8,28,0,0,60,32,92,8,12,20,112
11/22/2001,MFD,OH,AGL,CE,Towers with Radar,0,0,12,0,12,0,0,18,0,18,0,0,30,0,30,6,0,6,36
11/23/2001,MFD,OH,AGL,CE,Towers with Radar,0,0,55,0,55,0,0,61,0,61,0,0,116,0,116,40,0,40,156
11/24/2001,MFD,OH,AGL,CE,Towers with Radar,0,0,22,0,22,0,0,12,0,12,0,0,34,0,34,4,0,4,38
11/25/2001,MFD,OH,AGL,CE,Towers with Radar,0,2,17,0,19,0,0,7,0,7,0,2,24,0,26,8,0,8,34
11/26/2001,MFD,OH,AGL,CE,Towers with Radar,0,4,46,1,51,0,1,4,0,5,0,5,50,1,56,14,0,14,70
11/27/2001,MFD,OH,AGL,CE,Towers with Radar,0,14,33,16,63,0,0,9,4,13,0,14,42,20,76,6,2,8,84
11/28/2001,MFD,OH,AGL,CE,Towers with Radar,0,20,28,10,58,0,0,0,0,0,0,20,28,10,58,0,0,0,58
11/29/2001,MFD,OH,AGL,CE,Towers with Radar,0,16,20,3,39,0,0,0,0,0,0,16,20,3,39,0,0,0,39
11/30/2001,MFD,OH,AGL,CE,Towers with Radar,0,22,24,14,60,0,0,1,0,1,0,22,25,14,61,6,0,6,67
12/01/2001,MFD,OH,AGL,CE,Towers with Radar,0,56,78,2,136,0,1,0,1,2,0,57,78,3,138,12,0,12,150
12/02/2001,MFD,OH,AGL,CE,Towers with Radar,0,51,69,2,122,0,1,53,0,54,0,52,122,2,176,16,0,16,192
12/03/2001,MFD,OH,AGL,CE,Towers with Radar,0,32,29,1,62,0,0,55,2,57,0,32,84,3,119,22,0,22,141
12/04/2001,MFD,OH,AGL,CE,Towers with Radar,0,65,39,18,122,0,1,21,6,28,0,66,60,24,150,22,16,38,188
12/05/2001,MFD,OH,AGL,CE,Towers with Radar,0,50,59,16,125,0,0,17,6,23,0,50,76,22,148,14,8,22,170
12/06/2001,MFD,OH,AGL,CE,Towers with Radar,0,55,42,62,159,0,0,10,1,11,0,55,52,63,170,10,0,10,180
12/07/2001,MFD,OH,AGL,CE,Towers with Radar,0,66,35,12,113,0,0,9,6,15,0,66,44,18,128,12,8,20,148
12/08/2001,MFD,OH,AGL,CE,Towers with Radar,0,25,17,11,53,0,0,2,6,8,0,25,19,17,61,6,32,38,99
12/09/2001,MFD,OH,AGL,CE,Towers with Radar,0,43,19,10,72,0,1,19,0,20,0,44,38,10,92,10,0,10,102
12/10/2001,MFD,OH,AGL,CE,Towers with Radar,0,35,33,0,68,0,1,56,0,57,0,36,89,0,125,16,0,16,141
12/11/2001,MFD,OH,AGL,CE,Towers with Radar,0,57,33,12,102,0,6,52,0,58,0,63,85,12,160,30,16,46,206
12/12/2001,MFD,OH,AGL,CE,Towers with Radar,0,46,32,4,82,0,1,10,0,11,0,47,42,4,93,8,12,20,113
12/13/2001,MFD,OH,AGL,CE,Towers with Radar,0,8,22,28,58,0,1,2,0,3,0,9,24,28,61,0,14,14,75
12/14/2001,MFD,OH,AGL,CE,Towers with Radar,0,7,12,3,22,0,1,0,1,2,0,8,12,4,24,0,0,0,24
12/15/2001,MFD,OH,AGL,CE,Towers with Radar,0,6,38,10,54,0,4,24,3,31,0,10,62,13,85,12,0,12,97
12/16/2001,MFD,OH,AGL,CE,Towers with Radar,0,23,46,1,70,0,0,38,2,40,0,23,84,3,110,16,0,16,126
12/17/2001,MFD,OH,AGL,CE,Towers with Radar,0,5,6,2,13,0,1,0,0,1,0,6,6,2,14,2,0,2,16
12/18/2001,MFD,OH,AGL,CE,Towers with Radar,0,35,40,11,86,0,7,34,5,46,0,42,74,16,132,14,12,26,158
12/19/2001,MFD,OH,AGL,CE,Towers with Radar,0,55,12,32,99,0,1,20,0,21,0,56,32,32,120,6,40,46,166
12/20/2001,MFD,OH,AGL,CE,Towers with Radar,0,54,31,18,103,0,1,25,12,38,0,55,56,30,141,4,36,40,181
12/21/2001,MFD,OH,AGL,CE,Towers with Radar,0,50,67,0,117,0,0,51,0,51,0,50,118,0,168,22,0,22,190
12/22/2001,MFD,OH,AGL,CE,Towers with Radar,0,0,66,0,66,0,0,92,2,94,0,0,158,2,160,30,0,30,190
12/23/2001,MFD,OH,AGL,CE,Towers with Radar,0,0,3,0,3,0,0,0,0,0,0,0,3,0,3,0,0,0,3
12/24/2001,MFD,OH,AGL,CE,Towers with Radar,0,0,0,0,0,0,1,3,0,4,0,1,3,0,4,0,0,0,4
12/25/2001,MFD,OH,AGL,CE,Towers with Radar,0,0,0,0,0,0,1,2,0,3,0,1,2,0,3,0,0,0,3
12/26/2001,MFD,OH,AGL,CE,Towers with Radar,0,3,27,7,37,0,0,9,0,9,0,3,36,7,46,0,22,22,68
12/27/2001,MFD,OH,AGL,CE,Towers with Radar,0,2,11,0,13,0,0,1,0,1,0,2,12,0,14,0,0,0,14
12/28/2001,MFD,OH,AGL,CE,Towers with Radar,0,0,2,14,16,0,0,2,1,3,0,0,4,15,19,2,2,4,23
12/29/2001,MFD,OH,AGL,CE,Towers with Radar,0,2,18,2,22,0,0,2,0,2,0,2,20,2,24,20,0,20,44
12/30/2001,MFD,OH,AGL,CE,Towers with Radar,0,0,42,0,42,0,0,26,0,26,0,0,68,0,68,8,0,8,76
12/31/2001,MFD,OH,AGL,CE,Towers with Radar,0,0,14,0,14,0,0,10,1,11,0,0,24,1,25,24,0,24,49
01/01/2002,MFD,OH,AGL,CE,Towers with Radar,0,0,14,0,14,0,0,12,0,12,0,0,26,0,26,0,0,0,26
01/02/2002,MFD,OH,AGL,CE,Towers with Radar,0,7,43,30,80,0,1,40,0,41,0,8,83,30,121,80,42,122,243
01/03/2002,MFD,OH,AGL,CE,Towers with Radar,0,14,46,19,79,0,1,8,2,11,0,15,54,21,90,10,12,22,112
01/04/2002,MFD,OH,AGL,CE,Towers with Radar,0,0,19,4,23,0,0,41,0,41,0,0,60,4,64,20,14,34,98
01/05/2002,MFD,OH,AGL,CE,Towers with Radar,0,13,49,3,65,0,0,66,0,66,0,13,115,3,131,14,0,14,145
01/06/2002,MFD,OH,AGL,CE,Towers with Radar,0,0,2,0,2,0,0,7,0,7,0,0,9,0,9,0,0,0,9
01/07/2002,MFD,OH,AGL,CE,Towers with Radar,0,6,1,0,7,0,1,4,2,7,0,7,5,2,14,0,0,0,14
01/08/2002,MFD,OH,AGL,CE,Towers with Radar,0,17,22,18,57,0,1,14,0,15,0,18,36,18,72,14,6,20,92
01/09/2002,MFD,OH,AGL,CE,Towers with Radar,0,11,3,14,28,0,1,17,0,18,0,12,20,14,46,4,8,12,58
01/10/2002,MFD,OH,AGL,CE,Towers with Radar,0,40,36,25,101,0,0,31,0,31,0,40,67,25,132,12,6,18,150
01/11/2002,MFD,OH,AGL,CE,Towers with Radar,0,18,20,12,50,0,0,0,0,0,0,18,20,12,50,4,6,10,60
01/12/2002,MFD,OH,AGL,CE,Towers with Radar,0,19,18,6,43,0,0,64,0,64,0,19,82,6,107,10,2,12,119
01/13/2002,MFD,OH,AGL,CE,Towers with Radar,0,33,5,8,46,0,0,0,83,83,0,33,5,91,129,20,0,20,149
01/14/2002,MFD,OH,AGL,CE,Towers with Radar,0,68,28,0,96,0,0,16,0,16,0,68,44,0,112,10,0,10,122
01/15/2002,MFD,OH,AGL,CE,Towers with Radar,0,30,17,16,63,0,8,0,14,22,0,38,17,30,85,0,0,0,85
01/16/2002,MFD,OH,AGL,CE,Towers with Radar,0,44,26,17,87,0,0,14,1,15,0,44,40,18,102,14,28,42,144
01/17/2002,MFD,OH,AGL,CE,Towers with Radar,0,77,40,9,126,0,0,25,0,25,0,77,65,9,151,28,0,28,179
01/18/2002,MFD,OH,AGL,CE,Towers with Radar,0,42,57,4,103,0,0,20,0,20,0,42,77,4,123,16,0,16,139
01/19/2002,MFD,OH,AGL,CE,Towers with Radar,0,13,4,2,19,0,0,3,0,3,0,13,7,2,22,0,0,0,22
01/20/2002,MFD,OH,AGL,CE,Towers with Radar,0,12,57,1,70,0,0,28,0,28,0,12,85,1,98,4,0,4,102
01/21/2002,MFD,OH,AGL,CE,Towers with Radar,0,20,6,0,26,0,0,3,0,3,0,20,9,0,29,0,0,0,29
01/22/2002,MFD,OH,AGL,CE,Towers with Radar,0,28,80,10,118,0,0,35,8,43,0,28,115,18,161,38,10,48,209
01/23/2002,MFD,OH,AGL,CE,Towers with Radar,0,31,14,16,61,0,0,2,0,2,0,31,16,16,63,0,0,0,63
01/24/2002,MFD,OH,AGL,CE,Towers with Radar,0,17,10,0,27,0,0,2,12,14,0,17,12,12,41,0,6,6,47
01/25/2002,MFD,OH,AGL,CE,Towers with Radar,0,26,42,5,73,0,0,56,0,56,0,26,98,5,129,16,4,20,149
01/26/2002,MFD,OH,AGL,CE,Towers with Radar,0,54,28,4,86,0,0,90,0,90,0,54,118,4,176,44,0,44,220
01/27/2002,MFD,OH,AGL,CE,Towers with Radar,0,88,33,0,121,0,0,93,0,93,0,88,126,0,214,22,0,22,236
01/28/2002,MFD,OH,AGL,CE,Towers with Radar,0,46,64,20,130,0,0,61,0,61,0,46,125,20,191,20,10,30,221
01/29/2002,MFD,OH,AGL,CE,Towers with Radar,0,44,12,54,110,0,0,2,0,2,0,44,14,54,112,10,22,32,144
01/30/2002,MFD,OH,AGL,CE,Towers with Radar,0,0,10,0,10,0,0,2,0,2,0,0,12,0,12,0,0,0,12
01/31/2002,MFD,OH,AGL,CE,Towers with Radar,0,0,1,0,1,0,3,14,0,17,0,3,15,0,18,0,0,0,18
02/01/2002,MFD,OH,AGL,CE,Towers with Radar,0,7,11,2,20,0,1,0,0,1,0,8,11,2,21,0,0,0,21
02/02/2002,MFD,OH,AGL,CE,Towers with Radar,0,22,52,1,75,0,3,29,0,32,0,25,81,1,107,24,0,24,131
02/03/2002,MFD,OH,AGL,CE,Towers with Radar,0,12,55,1,68,0,0,77,0,77,0,12,132,1,145,0,0,0,145
02/04/2002,MFD,OH,AGL,CE,Towers with Radar,0,8,12,2,22,0,0,6,0,6,0,8,18,2,28,2,0,2,30
02/05/2002,MFD,OH,AGL,CE,Towers with Radar,0,56,17,22,95,0,0,19,0,19,0,56,36,22,114,50,16,66,180
02/06/2002,MFD,OH,AGL,CE,Towers with Radar,0,82,57,19,158,0,0,25,1,26,0,82,82,20,184,34,32,66,250
02/07/2002,MFD,OH,AGL,CE,Towers with Radar,0,44,40,10,94,0,0,44,1,45,0,44,84,11,139,24,18,42,181
02/08/2002,MFD,OH,AGL,CE,Towers with Radar,0,26,29,6,61,0,0,39,0,39,0,26,68,6,100,12,0,12,112
02/09/2002,MFD,OH,AGL,CE,Towers with Radar,0,26,70,7,103,0,0,77,7,84,0,26,147,14,187,42,4,46,233
02/10/2002,MFD,OH,AGL,CE,Towers with Radar,0,34,36,14,84,0,0,6,0,6,0,34,42,14,90,2,0,2,92
02/11/2002,MFD,OH,AGL,CE,Towers with Radar,0,49,24,16,89,0,0,16,0,16,0,49,40,16,105,8,0,8,113
02/12/2002,MFD,OH,AGL,CE,Towers with Radar,0,45,21,18,84,0,5,9,0,14,0,50,30,18,98,30,4,34,132
02/13/2002,MFD,OH,AGL,CE,Towers with Radar,0,53,51,18,122,0,1,20,13,34,0,54,71,31,156,24,18,42,198
02/14/2002,MFD,OH,AGL,CE,Towers with Radar,0,31,25,27,83,0,0,35,0,35,0,31,60,27,118,30,22,52,170
02/15/2002,MFD,OH,AGL,CE,Towers with Radar,0,2,30,3,35,0,0,6,1,7,0,2,36,4,42,0,0,0,42
02/16/2002,MFD,OH,AGL,CE,Towers with Radar,0,20,8,0,28,0,0,20,0,20,0,20,28,0,48,4,0,4,52
02/17/2002,MFD,OH,AGL,CE,Towers with Radar,0,0,21,3,24,0,2,5,1,8,0,2,26,4,32,0,0,0,32
02/18/2002,MFD,OH,AGL,CE,Towers with Radar,0,0,36,3,39,0,0,70,3,73,0,0,106,6,112,40,0,40,152
02/19/2002,MFD,OH,AGL,CE,Towers with Radar,0,2,29,19,50,0,0,21,5,26,0,2,50,24,76,12,14,26,102
02/20/2002,MFD,OH,AGL,CE,Towers with Radar,0,16,27,23,66,0,0,2,5,7,0,16,29,28,73,6,12,18,91
02/21/2002,MFD,OH,AGL,CE,Towers with Radar,0,33,14,0,47,0,0,2,1,3,0,33,16,1,50,4,0,4,54
02/22/2002,MFD,OH,AGL,CE,Towers with Radar,0,27,27,2,56,0,0,0,0,0,0,27,27,2,56,0,0,0,56
02/23/2002,MFD,OH,AGL,CE,Towers with Radar,0,71,70,1,142,0,3,82,1,86,0,74,152,2,228,54,0,54,282
02/24/2002,MFD,OH,AGL,CE,Towers with Radar,0,86,47,2,135,0,0,62,0,62,0,86,109,2,197,18,0,18,215
02/25/2002,MFD,OH,AGL,CE,Towers with Radar,0,64,34,8,106,0,0,10,1,11,0,64,44,9,117,24,0,24,141
02/26/2002,MFD,OH,AGL,CE,Towers with Radar,0,12,9,12,33,0,0,7,0,7,0,12,16,12,40,6,10,16,56
02/27/2002,MFD,OH,AGL,CE,Towers with Radar,0,4,10,0,14,0,0,0,0,0,0,4,10,0,14,0,0,0,14
02/28/2002,MFD,OH,AGL,CE,Towers with Radar,0,48,31,17,96,0,0,4,3,7,0,48,35,20,103,16,16,32,135
03/01/2002,MFD,OH,AGL,CE,Towers with Radar,0,26,69,10,105,0,7,33,7,47,0,33,102,17,152,30,22,52,204
03/02/2002,MFD,OH,AGL,CE,Towers with Radar,0,41,19,2,62,0,2,6,0,8,0,43,25,2,70,14,0,14,84
03/03/2002,MFD,OH,AGL,CE,Towers with Radar,0,2,2,3,7,0,1,0,0,1,0,3,2,3,8,0,0,0,8
03/04/2002,MFD,OH,AGL,CE,Towers with Radar,0,16,4,1,21,0,1,7,0,8,0,17,11,1,29,14,0,14,43
03/05/2002,MFD,OH,AGL,CE,Towers with Radar,0,37,37,28,102,0,1,8,0,9,0,38,45,28,111,36,26,62,173
03/06/2002,MFD,OH,AGL,CE,Towers with Radar,0,43,35,20,98,0,3,18,16,37,0,46,53,36,135,50,48,98,233
03/07/2002,MFD,OH,AGL,CE,Towers with Radar,0,35,24,10,69,0,6,24,5,35,0,41,48,15,104,32,12,44,148
03/08/2002,MFD,OH,AGL,CE,Towers with Radar,0,34,33,6,73,0,1,13,3,17,0,35,46,9,90,28,4,32,122
03/09/2002,MFD,OH,AGL,CE,Towers with Radar,0,17,1,4,22,0,1,0,0,1,0,18,1,4,23,0,0,0,23
03/10/2002,MFD,OH,AGL,CE,Towers with Radar,0,16,1,3,20,0,1,0,0,1,0,17,1,3,21,0,0,0,21
03/11/2002,MFD,OH,AGL,CE,Towers with Radar,0,33,59,6,98,0,1,25,0,26,0,34,84,6,124,6,0,6,130
03/12/2002,MFD,OH,AGL,CE,Towers with Radar,0,43,38,24,105,0,1,30,0,31,0,44,68,24,136,22,12,34,170
03/13/2002,MFD,OH,AGL,CE,Towers with Radar,0,70,88,15,173,0,1,21,14,36,0,71,109,29,209,22,14,36,245
03/14/2002,MFD,OH,AGL,CE,Towers with Radar,0,34,41,9,84,0,0,41,3,44,0,34,82,12,128,14,0,14,142
03/15/2002,MFD,OH,AGL,CE,Towers with Radar,0,9,20,12,41,0,1,18,0,19,0,10,38,12,60,2,18,20,80
03/16/2002,MFD,OH,AGL,CE,Towers with Radar,0,24,56,4,84,0,0,16,0,16,0,24,72,4,100,0,0,0,100
03/17/2002,MFD,OH,AGL,CE,Towers with Radar,0,23,17,0,40,0,0,25,1,26,0,23,42,1,66,12,0,12,78
03/18/2002,MFD,OH,AGL,CE,Towers with Radar,0,53,45,23,121,0,0,33,1,34,0,53,78,24,155,36,0,36,191
03/19/2002,MFD,OH,AGL,CE,Towers with Radar,0,65,42,24,131,0,0,0,22,22,0,65,42,46,153,12,26,38,191
03/20/2002,MFD,OH,AGL,CE,Towers with Radar,0,21,27,1,49,0,0,0,5,5,0,21,27,6,54,0,6,6,60
03/21/2002,MFD,OH,AGL,CE,Towers with Radar,0,12,16,15,43,0,0,0,1,1,0,12,16,16,44,4,2,6,50
03/22/2002,MFD,OH,AGL,CE,Towers with Radar,0,46,21,5,72,0,5,6,0,11,0,51,27,5,83,4,0,4,87
03/23/2002,MFD,OH,AGL,CE,Towers with Radar,0,23,12,5,40,0,0,13,0,13,0,23,25,5,53,12,0,12,65
03/24/2002,MFD,OH,AGL,CE,Towers with Radar,0,18,22,2,42,0,0,11,0,11,0,18,33,2,53,36,0,36,89
03/25/2002,MFD,OH,AGL,CE,Towers with Radar,0,5,2,0,7,0,0,0,0,0,0,5,2,0,7,0,0,0,7
03/26/2002,MFD,OH,AGL,CE,Towers with Radar,0,0,0,0,0,0,0,0,0,0,0,0,0,0,0,0,0,0,0
03/27/2002,MFD,OH,AGL,CE,Towers with Radar,0,59,14,15,88,0,2,45,0,47,0,61,59,15,135,12,60,72,207
03/28/2002,MFD,OH,AGL,CE,Towers with Radar,0,44,47,6,97,0,0,39,14,53,0,44,86,20,150,14,6,20,170
03/29/2002,MFD,OH,AGL,CE,Towers with Radar,0,27,32,3,62,0,6,27,0,33,0,33,59,3,95,14,0,14,109
03/30/2002,MFD,OH,AGL,CE,Towers with Radar,0,3,44,1,48,0,0,53,0,53,0,3,97,1,101,22,0,22,123
03/31/2002,MFD,OH,AGL,CE,Towers with Radar,0,1,26,0,27,0,0,20,0,20,0,1,46,0,47,0,0,0,47
04/01/2002,MFD,OH,AGL,CE,Towers with Radar,0,2,65,2,69,0,0,17,0,17,0,2,82,2,86,12,0,12,98
04/02/2002,MFD,OH,AGL,CE,Towers with Radar,1,0,25,12,38,0,0,3,2,5,1,0,28,14,43,2,0,2,45
04/03/2002,MFD,OH,AGL,CE,Towers with Radar,0,14,58,12,84,0,2,9,6,17,0,16,67,18,101,0,10,10,111
04/04/2002,MFD,OH,AGL,CE,Towers with Radar,0,7,56,15,78,0,0,47,4,51,0,7,103,19,129,42,0,42,171
04/05/2002,MFD,OH,AGL,CE,Towers with Radar,0,6,37,0,43,0,2,4,0,6,0,8,41,0,49,10,0,10,59
04/06/2002,MFD,OH,AGL,CE,Towers with Radar,0,17,54,2,73,0,0,53,4,57,0,17,107,6,130,30,0,30,160
04/07/2002,MFD,OH,AGL,CE,Towers with Radar,0,32,33,2,67,0,1,37,0,38,0,33,70,2,105,42,0,42,147
04/08/2002,MFD,OH,AGL,CE,Towers with Radar,0,42,13,0,55,0,0,5,0,5,0,42,18,0,60,6,0,6,66
04/09/2002,MFD,OH,AGL,CE,Towers with Radar,0,62,33,20,115,0,2,24,13,39,0,64,57,33,154,22,6,28,182
04/10/2002,MFD,OH,AGL,CE,Towers with Radar,0,80,72,21,173,0,4,42,5,51,0,84,114,26,224,44,6,50,274
04/11/2002,MFD,OH,AGL,CE,Towers with Radar,0,44,33,13,90,0,0,62,7,69,0,44,95,20,159,40,4,44,203
04/12/2002,MFD,OH,AGL,CE,Towers with Radar,0,54,13,4,71,0,0,11,0,11,0,54,24,4,82,12,2,14,96
04/13/2002,MFD,OH,AGL,CE,Towers with Radar,0,20,30,6,56,0,0,3,0,3,0,20,33,6,59,6,0,6,65
04/14/2002,MFD,OH,AGL,CE,Towers with Radar,0,24,12,4,40,0,0,6,0,6,0,24,18,4,46,2,0,2,48
04/15/2002,MFD,OH,AGL,CE,Towers with Radar,0,77,39,2,118,0,0,11,2,13,0,77,50,4,131,32,8,40,171
04/16/2002,MFD,OH,AGL,CE,Towers with Radar,0,46,25,4,75,0,0,43,2,45,0,46,68,6,120,38,2,40,160
04/17/2002,MFD,OH,AGL,CE,Towers with Radar,0,56,28,11,95,0,4,11,6,21,0,60,39,17,116,16,8,24,140
04/18/2002,MFD,OH,AGL,CE,Towers with Radar,0,55,54,4,113,0,0,32,14,46,0,55,86,18,159,8,0,8,167
04/19/2002,MFD,OH,AGL,CE,Towers with Radar,0,43,21,3,67,0,0,11,0,11,0,43,32,3,78,10,0,10,88
04/20/2002,MFD,OH,AGL,CE,Towers with Radar,0,14,36,0,50,0,0,22,0,22,0,14,58,0,72,4,0,4,76
04/21/2002,MFD,OH,AGL,CE,Towers with Radar,0,34,35,2,71,0,0,3,0,3,0,34,38,2,74,10,0,10,84
04/22/2002,MFD,OH,AGL,CE,Towers with Radar,0,4,27,1,32,0,0,0,0,0,0,4,27,1,32,0,0,0,32
04/23/2002,MFD,OH,AGL,CE,Towers with Radar,0,98,40,28,166,0,0,48,0,48,0,98,88,28,214,42,28,70,284
04/24/2002,MFD,OH,AGL,CE,Towers with Radar,0,43,39,30,112,0,6,45,4,55,0,49,84,34,167,44,30,74,241
04/25/2002,MFD,OH,AGL,CE,Towers with Radar,0,43,15,6,64,0,0,31,0,31,0,43,46,6,95,8,2,10,105
04/26/2002,MFD,OH,AGL,CE,Towers with Radar,0,26,54,4,84,0,0,71,0,71,0,26,125,4,155,22,0,22,177
04/27/2002,MFD,OH,AGL,CE,Towers with Radar,0,48,66,0,114,0,0,59,0,59,0,48,125,0,173,20,0,20,193
04/28/2002,MFD,OH,AGL,CE,Towers with Radar,0,10,19,7,36,0,0,0,0,0,0,10,19,7,36,0,0,0,36
04/29/2002,MFD,OH,AGL,CE,Towers with Radar,0,66,31,0,97,0,0,3,0,3,0,66,34,0,100,22,0,22,122
04/30/2002,MFD,OH,AGL,CE,Towers with Radar,0,28,38,16,82,0,1,50,0,51,0,29,88,16,133,14,8,22,155
05/01/2002,MFD,OH,AGL,CE,Towers with Radar,0,17,21,28,66,0,9,48,2,59,0,26,69,30,125,44,14,58,183
05/02/2002,MFD,OH,AGL,CE,Towers with Radar,0,0,36,30,66,0,4,14,10,28,0,4,50,40,94,16,0,16,110
05/03/2002,MFD,OH,AGL,CE,Towers with Radar,0,33,36,10,79,0,1,32,0,33,0,34,68,10,112,28,0,28,140
05/04/2002,MFD,OH,AGL,CE,Towers with Radar,0,15,41,1,57,0,0,130,1,131,0,15,171,2,188,90,0,90,278
05/05/2002,MFD,OH,AGL,CE,Towers with Radar,0,43,72,0,115,0,1,2,0,3,0,44,74,0,118,26,4,30,148
05/06/2002,MFD,OH,AGL,CE,Towers with Radar,0,41,16,8,65,0,1,14,0,15,0,42,30,8,80,2,0,2,82
05/07/2002,MFD,OH,AGL,CE,Towers with Radar,0,1,27,4,32,0,1,15,2,18,0,2,42,6,50,2,0,2,52
05/08/2002,MFD,OH,AGL,CE,Towers with Radar,0,46,25,19,90,0,1,26,7,34,0,47,51,26,124,4,0,4,128
05/09/2002,MFD,OH,AGL,CE,Towers with Radar,0,43,10,4,57,0,5,6,0,11,0,48,16,4,68,10,10,20,88
05/10/2002,MFD,OH,AGL,CE,Towers with Radar,0,24,46,1,71,0,0,59,0,59,0,24,105,1,130,26,0,26,156
05/11/2002,MFD,OH,AGL,CE,Towers with Radar,0,29,81,1,111,0,1,78,0,79,0,30,159,1,190,40,0,40,230
05/12/2002,MFD,OH,AGL,CE,Towers with Radar,0,3,4,0,7,0,1,0,0,1,0,4,4,0,8,0,0,0,8
05/13/2002,MFD,OH,AGL,CE,Towers with Radar,0,19,19,0,38,0,1,0,0,1,0,20,19,0,39,0,0,0,39
05/14/2002,MFD,OH,AGL,CE,Towers with Radar,0,95,40,12,147,0,1,0,10,11,0,96,40,22,158,12,16,28,186
05/15/2002,MFD,OH,AGL,CE,Towers with Radar,0,95,68,10,173,0,1,76,0,77,0,96,144,10,250,40,16,56,306
05/16/2002,MFD,OH,AGL,CE,Towers with Radar,0,80,28,15,123,0,1,6,0,7,0,81,34,15,130,38,18,56,186
05/17/2002,MFD,OH,AGL,CE,Towers with Radar,0,45,70,3,118,0,3,6,0,9,0,48,76,3,127,18,0,18,145
05/18/2002,MFD,OH,AGL,CE,Towers with Radar,0,12,59,10,81,0,0,2,7,9,0,12,61,17,90,20,0,20,110
05/19/2002,MFD,OH,AGL,CE,Towers with Radar,0,0,60,2,62,0,0,23,1,24,0,0,83,3,86,16,0,16,102
05/20/2002,MFD,OH,AGL,CE,Towers with Radar,0,45,34,0,79,0,0,33,0,33,0,45,67,0,112,26,0,26,138
05/21/2002,MFD,OH,AGL,CE,Towers with Radar,0,78,62,11,151,0,0,86,13,99,0,78,148,24,250,40,4,44,294
05/22/2002,MFD,OH,AGL,CE,Towers with Radar,0,38,90,2,130,0,2,48,10,60,0,40,138,12,190,52,0,52,242
05/23/2002,MFD,OH,AGL,CE,Towers with Radar,0,69,66,4,139,0,0,34,1,35,0,69,100,5,174,58,0,58,232
05/24/2002,MFD,OH,AGL,CE,Towers with Radar,0,67,47,0,114,0,0,0,0,0,0,67,47,0,114,4,0,4,118
05/25/2002,MFD,OH,AGL,CE,Towers with Radar,0,15,20,1,36,0,0,0,0,0,0,15,20,1,36,0,0,0,36
05/26/2002,MFD,OH,AGL,CE,Towers with Radar,0,10,47,0,57,0,0,57,0,57,0,10,104,0,114,16,0,16,130
05/27/2002,MFD,OH,AGL,CE,Towers with Radar,0,2,37,0,39,0,0,66,1,67,0,2,103,1,106,56,0,56,162
05/28/2002,MFD,OH,AGL,CE,Towers with Radar,0,2,33,1,36,0,0,16,1,17,0,2,49,2,53,0,0,0,53
05/29/2002,MFD,OH,AGL,CE,Towers with Radar,0,17,28,9,54,0,6,10,1,17,0,23,38,10,71,58,0,58,129
05/30/2002,MFD,OH,AGL,CE,Towers with Radar,0,11,19,4,34,0,0,8,5,13,0,11,27,9,47,12,2,14,61
05/31/2002,MFD,OH,AGL,CE,Towers with Radar,0,30,26,2,58,0,0,25,1,26,0,30,51,3,84,20,20,40,124
06/01/2002,MFD,OH,AGL,CE,Towers with Radar,0,34,54,7,95,0,6,99,1,106,0,40,153,8,201,32,4,36,237
06/02/2002,MFD,OH,AGL,CE,Towers with Radar,0,35,63,0,98,0,1,94,0,95,0,36,157,0,193,36,0,36,229
06/03/2002,MFD,OH,AGL,CE,Towers with Radar,0,31,15,3,49,0,1,27,0,28,0,32,42,3,77,26,0,26,103
06/04/2002,MFD,OH,AGL,CE,Towers with Radar,0,33,18,6,57,0,1,17,0,18,0,34,35,6,75,22,14,36,111
06/05/2002,MFD,OH,AGL,CE,Towers with Radar,0,29,16,6,51,0,1,10,0,11,0,30,26,6,62,6,6,12,74
06/06/2002,MFD,OH,AGL,CE,Towers with Radar,0,25,24,8,57,0,1,4,0,5,0,26,28,8,62,8,4,12,74
06/07/2002,MFD,OH,AGL,CE,Towers with Radar,0,90,45,1,136,0,0,62,0,62,0,90,107,1,198,64,6,70,268
06/08/2002,MFD,OH,AGL,CE,Towers with Radar,0,37,23,7,67,0,0,96,0,96,0,37,119,7,163,48,2,50,213
06/09/2002,MFD,OH,AGL,CE,Towers with Radar,0,58,40,2,100,0,0,104,0,104,0,58,144,2,204,34,0,34,238
06/10/2002,MFD,OH,AGL,CE,Towers with Radar,0,28,42,7,77,0,0,54,2,56,0,28,96,9,133,40,0,40,173
06/11/2002,MFD,OH,AGL,CE,Towers with Radar,0,46,27,4,77,0,0,29,0,29,0,46,56,4,106,16,4,20,126
06/12/2002,MFD,OH,AGL,CE,Towers with Radar,0,46,35,6,87,0,0,17,0,17,0,46,52,6,104,12,0,12,116
06/13/2002,MFD,OH,AGL,CE,Towers with Radar,0,50,51,2,103,0,0,27,0,27,0,50,78,2,130,22,0,22,152
06/14/2002,MFD,OH,AGL,CE,Towers with Radar,0,46,30,2,78,0,8,22,0,30,0,54,52,2,108,20,0,20,128
06/15/2002,MFD,OH,AGL,CE,Towers with Radar,0,21,17,3,41,0,0,10,0,10,0,21,27,3,51,10,0,10,61
06/16/2002,MFD,OH,AGL,CE,Towers with Radar,0,4,35,0,39,0,0,63,0,63,0,4,98,0,102,18,0,18,120
06/17/2002,MFD,OH,AGL,CE,Towers with Radar,0,34,51,4,89,0,0,67,0,67,0,34,118,4,156,54,0,54,210
06/18/2002,MFD,OH,AGL,CE,Towers with Radar,0,34,45,13,92,0,0,69,11,80,0,34,114,24,172,28,10,38,210
06/19/2002,MFD,OH,AGL,CE,Towers with Radar,0,14,37,33,84,0,0,55,7,62,0,14,92,40,146,48,20,68,214
06/20/2002,MFD,OH,AGL,CE,Towers with Radar,0,40,49,19,108,0,0,73,5,78,0,40,122,24,186,28,18,46,232
06/21/2002,MFD,OH,AGL,CE,Towers with Radar,0,39,58,9,106,0,2,30,0,32,0,41,88,9,138,30,10,40,178
06/22/2002,MFD,OH,AGL,CE,Towers with Radar,0,76,76,5,157,0,4,63,0,67,0,80,139,5,224,22,24,46,270
06/23/2002,MFD,OH,AGL,CE,Towers with Radar,0,44,43,1,88,0,0,85,0,85,0,44,128,1,173,20,0,20,193
06/24/2002,MFD,OH,AGL,CE,Towers with Radar,0,20,46,3,69,0,0,47,0,47,0,20,93,3,116,20,0,20,136
06/25/2002,MFD,OH,AGL,CE,Towers with Radar,0,23,45,12,80,0,1,15,0,16,0,24,60,12,96,24,8,32,128
06/26/2002,MFD,OH,AGL,CE,Towers with Radar,0,62,34,17,113,0,3,19,7,29,0,65,53,24,142,32,22,54,196
06/27/2002,MFD,OH,AGL,CE,Towers with Radar,0,37,20,15,72,0,1,12,7,20,0,38,32,22,92,10,18,28,120
06/28/2002,MFD,OH,AGL,CE,Towers with Radar,0,25,62,13,100,0,1,60,0,61,0,26,122,13,161,38,0,38,199
06/29/2002,MFD,OH,AGL,CE,Towers with Radar,0,46,65,4,115,0,0,107,0,107,0,46,172,4,222,18,2,20,242
06/30/2002,MFD,OH,AGL,CE,Towers with Radar,0,51,29,0,80,0,1,97,0,98,0,52,126,0,178,24,0,24,202
07/01/2002,MFD,OH,AGL,CE,Towers with Radar,0,19,37,2,58,0,0,22,0,22,0,19,59,2,80,44,2,46,126
07/02/2002,MFD,OH,AGL,CE,Towers with Radar,0,48,52,29,129,0,0,24,5,29,0,48,76,34,158,24,8,32,190
07/03/2002,MFD,OH,AGL,CE,Towers with Radar,0,16,22,16,54,0,7,44,33,84,0,23,66,49,138,34,14,48,186
07/04/2002,MFD,OH,AGL,CE,Towers with Radar,0,14,10,0,24,0,0,112,1,113,0,14,122,1,137,52,0,52,189
07/05/2002,MFD,OH,AGL,CE,Towers with Radar,0,35,52,0,87,0,0,54,0,54,0,35,106,0,141,50,0,50,191
07/06/2002,MFD,OH,AGL,CE,Towers with Radar,0,0,45,0,45,0,0,76,5,81,0,0,121,5,126,52,0,52,178
07/07/2002,MFD,OH,AGL,CE,Towers with Radar,0,0,31,0,31,0,0,61,2,63,0,0,92,2,94,62,0,62,156
07/08/2002,MFD,OH,AGL,CE,Towers with Radar,0,4,17,11,32,0,0,40,1,41,0,4,57,12,73,44,0,44,117
07/09/2002,MFD,OH,AGL,CE,Towers with Radar,0,8,22,5,35,0,0,8,5,13,0,8,30,10,48,28,2,30,78
07/10/2002,MFD,OH,AGL,CE,Towers with Radar,0,26,38,11,75,0,0,40,1,41,0,26,78,12,116,70,2,72,188
07/11/2002,MFD,OH,AGL,CE,Towers with Radar,0,36,41,18,95,0,0,71,16,87,0,36,112,34,182,56,14,70,252
07/12/2002,MFD,OH,AGL,CE,Towers with Radar,0,18,18,0,36,0,0,82,0,82,0,18,100,0,118,76,0,76,194
07/13/2002,MFD,OH,AGL,CE,Towers with Radar,0,31,39,8,78,0,34,94,2,130,0,65,133,10,208,32,4,36,244
07/14/2002,MFD,OH,AGL,CE,Towers with Radar,0,28,35,0,63,0,10,37,0,47,0,38,72,0,110,26,0,26,136
07/15/2002,MFD,OH,AGL,CE,Towers with Radar,0,30,37,10,77,0,0,51,0,51,0,30,88,10,128,32,0,32,160
07/16/2002,MFD,OH,AGL,CE,Towers with Radar,0,40,47,10,97,0,0,41,3,44,0,40,88,13,141,45,8,53,194
07/17/2002,MFD,OH,AGL,CE,Towers with Radar,0,40,57,7,104,0,0,43,4,47,0,40,100,11,151,18,4,22,173
07/18/2002,MFD,OH,AGL,CE,Towers with Radar,0,54,39,20,113,0,0,10,2,12,0,54,49,22,125,4,18,22,147
07/19/2002,MFD,OH,AGL,CE,Towers with Radar,0,35,25,3,63,0,4,15,0,19,0,39,40,3,82,12,0,12,94
07/20/2002,MFD,OH,AGL,CE,Towers with Radar,0,34,63,1,98,0,0,85,0,85,0,34,148,1,183,38,0,38,221
07/21/2002,MFD,OH,AGL,CE,Towers with Radar,0,66,33,0,99,0,0,67,0,67,0,66,100,0,166,64,0,64,230
07/22/2002,MFD,OH,AGL,CE,Towers with Radar,0,40,10,8,58,0,0,28,0,28,0,40,38,8,86,10,0,10,96
07/23/2002,MFD,OH,AGL,CE,Towers with Radar,0,12,25,10,47,0,0,21,24,45,0,12,46,34,92,2,8,10,102
07/24/2002,MFD,OH,AGL,CE,Towers with Radar,0,21,39,8,68,0,0,48,2,50,0,21,87,10,118,16,6,22,140
07/25/2002,MFD,OH,AGL,CE,Towers with Radar,0,42,52,11,105,0,0,49,12,61,0,42,101,23,166,10,48,58,224
07/26/2002,MFD,OH,AGL,CE,Towers with Radar,0,28,42,2,72,0,0,14,0,14,0,28,56,2,86,16,0,16,102
07/27/2002,MFD,OH,AGL,CE,Towers with Radar,0,18,38,2,58,0,0,23,0,23,0,18,61,2,81,6,0,6,87
07/28/2002,MFD,OH,AGL,CE,Towers with Radar,0,12,30,2,44,0,0,17,0,17,0,12,47,2,61,2,0,2,63
07/29/2002,MFD,OH,AGL,CE,Towers with Radar,0,4,28,4,36,0,0,0,0,0,0,4,28,4,36,4,0,4,40
07/30/2002,MFD,OH,AGL,CE,Towers with Radar,0,24,46,10,80,0,0,30,17,47,0,24,76,27,127,20,40,60,187
07/31/2002,MFD,OH,AGL,CE,Towers with Radar,0,41,45,16,102,0,2,46,5,53,0,43,91,21,155,30,10,40,195
08/01/2002,MFD,OH,AGL,CE,Towers with Radar,0,42,63,8,113,0,2,60,0,62,0,44,123,8,175,60,0,60,235
08/02/2002,MFD,OH,AGL,CE,Towers with Radar,0,51,19,5,75,0,1,52,0,53,0,52,71,5,128,22,2,24,152
08/03/2002,MFD,OH,AGL,CE,Towers with Radar,0,42,64,2,108,0,0,110,2,112,0,42,174,4,220,60,2,62,282
08/04/2002,MFD,OH,AGL,CE,Towers with Radar,0,29,32,0,61,0,1,72,0,73,0,30,104,0,134,4,0,4,138
08/05/2002,MFD,OH,AGL,CE,Towers with Radar,0,29,22,0,51,0,5,10,0,15,0,34,32,0,66,28,0,28,94
08/06/2002,MFD,OH,AGL,CE,Towers with Radar,0,54,55,8,117,0,0,41,20,61,0,54,96,28,178,40,4,44,222
08/07/2002,MFD,OH,AGL,CE,Towers with Radar,0,55,43,26,124,0,1,73,11,85,0,56,116,37,209,12,10,22,231
08/08/2002,MFD,OH,AGL,CE,Towers with Radar,0,94,71,4,169,0,1,85,1,87,0,95,156,5,256,52,14,66,322
08/09/2002,MFD,OH,AGL,CE,Towers with Radar,0,68,32,2,102,0,1,73,0,74,0,69,105,2,176,32,0,32,208
08/10/2002,MFD,OH,AGL,CE,Towers with Radar,0,54,50,2,106,0,5,81,0,86,0,59,131,2,192,26,0,26,218
08/11/2002,MFD,OH,AGL,CE,Towers with Radar,0,40,47,2,89,0,0,114,0,114,0,40,161,2,203,0,2,2,205
08/12/2002,MFD,OH,AGL,CE,Towers with Radar,0,43,19,3,65,0,26,19,1,46,0,69,38,4,111,16,0,16,127
08/13/2002,MFD,OH,AGL,CE,Towers with Radar,0,68,35,34,137,0,0,25,10,35,0,68,60,44,172,24,20,44,216
08/14/2002,MFD,OH,AGL,CE,Towers with Radar,0,118,44,50,212,0,0,0,0,0,0,118,44,50,212,34,38,72,284
08/15/2002,MFD,OH,AGL,CE,Towers with Radar,0,77,48,5,130,0,0,2,3,5,0,77,50,8,135,10,16,26,161
08/16/2002,MFD,OH,AGL,CE,Towers with Radar,0,73,36,6,115,0,0,7,16,23,0,73,43,22,138,32,4,36,174
08/17/2002,MFD,OH,AGL,CE,Towers with Radar,0,67,28,0,95,0,0,42,0,42,0,67,70,0,137,8,0,8,145
08/18/2002,MFD,OH,AGL,CE,Towers with Radar,0,36,38,0,74,0,0,58,0,58,0,36,96,0,132,40,0,40,172
08/19/2002,MFD,OH,AGL,CE,Towers with Radar,2,7,24,0,33,0,1,4,0,5,2,8,28,0,38,12,0,12,50
08/20/2002,MFD,OH,AGL,CE,Towers with Radar,0,80,109,10,199,0,1,21,0,22,0,81,130,10,221,30,6,36,257
08/21/2002,MFD,OH,AGL,CE,Towers with Radar,0,49,96,7,152,0,1,78,7,86,0,50,174,14,238,30,8,38,276
08/22/2002,MFD,OH,AGL,CE,Towers with Radar,0,95,28,1,124,0,1,10,11,22,0,96,38,12,146,24,26,50,196
08/23/2002,MFD,OH,AGL,CE,Towers with Radar,0,34,15,2,51,0,4,0,0,4,0,38,15,2,55,22,0,22,77
08/24/2002,MFD,OH,AGL,CE,Towers with Radar,0,58,52,1,111,0,1,21,0,22,0,59,73,1,133,16,0,16,149
08/25/2002,MFD,OH,AGL,CE,Towers with Radar,0,37,47,2,86,0,1,109,0,110,0,38,156,2,196,38,0,38,234
08/26/2002,MFD,OH,AGL,CE,Towers with Radar,0,50,45,0,95,0,1,37,0,38,0,51,82,0,133,22,0,22,155
08/27/2002,MFD,OH,AGL,CE,Towers with Radar,0,48,63,6,117,0,7,46,0,53,0,55,109,6,170,36,0,36,206
08/28/2002,MFD,OH,AGL,CE,Towers with Radar,0,29,41,8,78,0,4,49,7,60,0,33,90,15,138,60,8,68,206
08/29/2002,MFD,OH,AGL,CE,Towers with Radar,0,86,71,11,168,0,1,50,7,58,0,87,121,18,226,10,14,24,250
08/30/2002,MFD,OH,AGL,CE,Towers with Radar,0,68,58,5,131,0,1,56,2,59,0,69,114,7,190,42,2,44,234
08/31/2002,MFD,OH,AGL,CE,Towers with Radar,0,50,26,0,76,0,1,90,0,91,0,51,116,0,167,36,0,36,203
09/01/2002,MFD,OH,AGL,CE,Towers with Radar,0,72,30,0,102,0,0,66,0,66,0,72,96,0,168,74,0,74,242
09/02/2002,MFD,OH,AGL,CE,Towers with Radar,0,63,25,0,88,0,0,27,0,27,0,63,52,0,115,20,0,20,135
09/03/2002,MFD,OH,AGL,CE,Towers with Radar,0,30,19,22,71,0,0,23,0,23,0,30,42,22,94,16,22,38,132
09/04/2002,MFD,OH,AGL,CE,Towers with Radar,0,57,46,20,123,0,2,60,12,74,0,59,106,32,197,34,14,48,245
09/05/2002,MFD,OH,AGL,CE,Towers with Radar,0,68,34,26,128,0,0,78,0,78,0,68,112,26,206,26,64,90,296
09/06/2002,MFD,OH,AGL,CE,Towers with Radar,0,52,45,0,97,0,0,55,0,55,0,52,100,0,152,38,0,38,190
09/07/2002,MFD,OH,AGL,CE,Towers with Radar,0,78,61,6,145,0,0,65,0,65,0,78,126,6,210,44,0,44,254
09/08/2002,MFD,OH,AGL,CE,Towers with Radar,0,40,40,0,80,0,0,63,3,66,0,40,103,3,146,32,0,32,178
09/09/2002,MFD,OH,AGL,CE,Towers with Radar,0,26,47,0,73,0,0,23,0,23,0,26,70,0,96,8,0,8,104
09/10/2002,MFD,OH,AGL,CE,Towers with Radar,0,11,23,8,42,0,3,45,6,54,0,14,68,14,96,16,0,16,112
09/11/2002,MFD,OH,AGL,CE,Towers with Radar,0,41,33,6,80,0,17,6,35,58,0,58,39,41,138,36,38,74,212
09/12/2002,MFD,OH,AGL,CE,Towers with Radar,0,36,48,20,104,0,0,45,0,45,0,36,93,20,149,20,2,22,171
09/13/2002,MFD,OH,AGL,CE,Towers with Radar,0,70,39,2,111,0,0,66,0,66,0,70,105,2,177,26,0,26,203
09/14/2002,MFD,OH,AGL,CE,Towers with Radar,0,46,9,9,64,0,0,26,0,26,0,46,35,9,90,36,0,36,126
09/15/2002,MFD,OH,AGL,CE,Towers with Radar,0,15,9,1,25,0,0,1,0,1,0,15,10,1,26,0,0,0,26
09/16/2002,MFD,OH,AGL,CE,Towers with Radar,0,63,62,12,137,0,6,23,0,29,0,69,85,12,166,42,10,52,218
09/17/2002,MFD,OH,AGL,CE,Towers with Radar,0,60,62,10,132,0,8,56,2,66,0,68,118,12,198,56,40,96,294
09/18/2002,MFD,OH,AGL,CE,Towers with Radar,0,49,36,10,95,0,3,30,0,33,0,52,66,10,128,32,4,36,164
09/19/2002,MFD,OH,AGL,CE,Towers with Radar,0,60,33,2,95,0,0,18,0,18,0,60,51,2,113,28,18,46,159
09/20/2002,MFD,OH,AGL,CE,Towers with Radar,0,52,36,0,88,0,0,20,0,20,0,52,56,0,108,0,0,0,108
09/21/2002,MFD,OH,AGL,CE,Towers with Radar,0,44,31,0,75,0,0,59,0,59,0,44,90,0,134,72,0,72,206
09/22/2002,MFD,OH,AGL,CE,Towers with Radar,0,72,82,5,159,0,0,29,0,29,0,72,111,5,188,0,0,0,188
09/23/2002,MFD,OH,AGL,CE,Towers with Radar,0,46,23,1,70,0,0,41,0,41,0,46,64,1,111,54,0,54,165
09/24/2002,MFD,OH,AGL,CE,Towers with Radar,0,40,50,16,106,0,0,65,0,65,0,40,115,16,171,40,4,44,215
09/25/2002,MFD,OH,AGL,CE,Towers with Radar,0,44,24,7,75,0,0,40,0,40,0,44,64,7,115,22,2,24,139
09/26/2002,MFD,OH,AGL,CE,Towers with Radar,0,51,32,1,84,0,0,22,4,26,0,51,54,5,110,10,8,18,128
09/27/2002,MFD,OH,AGL,CE,Towers with Radar,0,7,2,2,11,0,0,11,0,11,0,7,13,2,22,0,0,0,22
09/28/2002,MFD,OH,AGL,CE,Towers with Radar,0,17,85,0,102,0,0,32,0,32,0,17,117,0,134,34,0,34,168
09/29/2002,MFD,OH,AGL,CE,Towers with Radar,0,32,74,0,106,0,0,80,0,80,0,32,154,0,186,26,0,26,212
09/30/2002,MFD,OH,AGL,CE,Towers with Radar,0,14,34,0,48,0,0,36,0,36,0,14,70,0,84,18,0,18,102
10/01/2002,MFD,OH,AGL,CE,Towers with Radar,0,3,8,10,21,0,1,64,0,65,0,4,72,10,86,32,2,34,120
10/02/2002,MFD,OH,AGL,CE,Towers with Radar,0,13,62,0,75,0,9,4,0,13,0,22,66,0,88,34,0,34,122
10/03/2002,MFD,OH,AGL,CE,Towers with Radar,0,14,49,5,68,0,0,0,0,0,0,14,49,5,68,12,0,12,80
10/04/2002,MFD,OH,AGL,CE,Towers with Radar,0,15,23,0,38,0,9,0,0,9,0,24,23,0,47,14,0,14,61
10/05/2002,MFD,OH,AGL,CE,Towers with Radar,0,4,43,0,47,0,2,98,5,105,0,6,141,5,152,36,0,36,188
10/06/2002,MFD,OH,AGL,CE,Towers with Radar,0,0,43,1,44,0,2,75,1,78,0,2,118,2,122,38,0,38,160
10/07/2002,MFD,OH,AGL,CE,Towers with Radar,0,4,50,1,55,0,2,26,1,29,0,6,76,2,84,6,0,6,90
10/08/2002,MFD,OH,AGL,CE,Towers with Radar,0,69,31,16,116,0,0,59,6,65,0,69,90,22,181,29,26,55,236
10/09/2002,MFD,OH,AGL,CE,Towers with Radar,0,178,23,34,235,0,5,96,0,101,0,183,119,34,336,54,52,106,442
10/10/2002,MFD,OH,AGL,CE,Towers with Radar,0,83,25,13,121,0,2,67,17,86,0,85,92,30,207,26,18,44,251
10/11/2002,MFD,OH,AGL,CE,Towers with Radar,0,52,30,1,83,0,2,39,3,44,0,54,69,4,127,32,0,32,159
10/12/2002,MFD,OH,AGL,CE,Towers with Radar,0,60,41,2,103,0,0,13,0,13,0,60,54,2,116,28,0,28,144
10/13/2002,MFD,OH,AGL,CE,Towers with Radar,0,53,35,1,89,0,2,34,1,37,0,55,69,2,126,4,0,4,130
10/14/2002,MFD,OH,AGL,CE,Towers with Radar,0,46,50,1,97,0,2,45,0,47,0,48,95,1,144,22,0,22,166
10/15/2002,MFD,OH,AGL,CE,Towers with Radar,0,44,20,16,80,0,8,2,0,10,0,52,22,16,90,16,12,28,118
10/16/2002,MFD,OH,AGL,CE,Towers with Radar,0,16,48,10,74,0,4,2,11,17,0,20,50,21,91,18,4,22,113
10/17/2002,MFD,OH,AGL,CE,Towers with Radar,0,58,50,13,121,0,2,40,0,42,0,60,90,13,163,16,10,26,189
10/18/2002,MFD,OH,AGL,CE,Towers with Radar,0,71,28,1,100,0,15,25,0,40,0,86,53,1,140,34,0,34,174
10/19/2002,MFD,OH,AGL,CE,Towers with Radar,4,50,18,2,74,0,2,14,0,16,4,52,32,2,90,8,0,8,98
10/20/2002,MFD,OH,AGL,CE,Towers with Radar,0,44,43,2,89,0,2,124,0,126,0,46,167,2,215,22,0,22,237
10/21/2002,MFD,OH,AGL,CE,Towers with Radar,0,58,26,2,86,0,2,52,0,54,0,60,78,2,140,60,0,60,200
10/22/2002,MFD,OH,AGL,CE,Towers with Radar,0,46,52,42,140,0,4,26,0,30,0,50,78,42,170,22,6,28,198
10/23/2002,MFD,OH,AGL,CE,Towers with Radar,0,55,54,13,122,0,1,18,6,25,0,56,72,19,147,8,12,20,167
10/24/2002,MFD,OH,AGL,CE,Towers with Radar,0,49,37,21,107,0,1,25,17,43,0,50,62,38,150,14,50,64,214
10/25/2002,MFD,OH,AGL,CE,Towers with Radar,0,57,30,8,95,0,0,7,3,10,0,57,37,11,105,18,8,26,131
10/26/2002,MFD,OH,AGL,CE,Towers with Radar,0,0,17,0,17,0,0,0,0,0,0,0,17,0,17,0,0,0,17
10/27/2002,MFD,OH,AGL,CE,Towers with Radar,0,41,31,4,76,0,1,60,1,62,0,42,91,5,138,42,0,42,180
10/28/2002,MFD,OH,AGL,CE,Towers with Radar,0,67,48,0,115,0,1,56,0,57,0,68,104,0,172,16,0,16,188
10/29/2002,MFD,OH,AGL,CE,Towers with Radar,0,47,10,11,68,0,1,10,1,12,0,48,20,12,80,0,0,0,80
10/30/2002,MFD,OH,AGL,CE,Towers with Radar,0,34,5,29,68,0,2,13,6,21,0,36,18,35,89,10,32,42,131
10/31/2002,MFD,OH,AGL,CE,Towers with Radar,0,57,34,7,98,0,1,38,1,40,0,58,72,8,138,14,10,24,162
11/01/2002,MFD,OH,AGL,CE,Towers with Radar,0,28,25,20,73,0,4,11,0,15,0,32,36,20,88,0,2,2,90
11/02/2002,MFD,OH,AGL,CE,Towers with Radar,0,21,33,14,68,0,3,35,3,41,0,24,68,17,109,26,10,36,145
11/03/2002,MFD,OH,AGL,CE,Towers with Radar,0,18,54,7,79,0,2,86,3,91,0,20,140,10,170,52,4,56,226
11/04/2002,MFD,OH,AGL,CE,Towers with Radar,0,26,44,0,70,0,2,5,0,7,0,28,49,0,77,2,0,2,79
11/05/2002,MFD,OH,AGL,CE,Towers with Radar,0,66,39,6,111,0,0,10,0,10,0,66,49,6,121,2,0,2,123
11/06/2002,MFD,OH,AGL,CE,Towers with Radar,0,48,38,12,98,0,0,11,15,26,0,48,49,27,124,0,0,0,124
11/07/2002,MFD,OH,AGL,CE,Towers with Radar,0,17,30,9,56,0,0,7,7,14,0,17,37,16,70,4,8,12,82
11/08/2002,MFD,OH,AGL,CE,Towers with Radar,0,41,10,4,55,0,4,26,0,30,0,45,36,4,85,6,0,6,91
11/09/2002,MFD,OH,AGL,CE,Towers with Radar,0,35,22,0,57,0,0,16,0,16,0,35,38,0,73,26,0,26,99
11/10/2002,MFD,OH,AGL,CE,Towers with Radar,0,63,3,3,69,0,1,3,0,4,0,64,6,3,73,2,0,2,75
11/11/2002,MFD,OH,AGL,CE,Towers with Radar,0,71,28,0,99,0,20,21,0,41,0,91,49,0,140,0,0,0,140
11/12/2002,MFD,OH,AGL,CE,Towers with Radar,0,35,7,16,58,0,3,1,10,14,0,38,8,26,72,2,26,28,100
11/13/2002,MFD,OH,AGL,CE,Towers with Radar,0,34,62,26,122,0,0,45,4,49,0,34,107,30,171,16,20,36,207
11/14/2002,MFD,OH,AGL,CE,Towers with Radar,0,12,35,4,51,0,0,21,3,24,0,12,56,7,75,6,6,12,87
11/15/2002,MFD,OH,AGL,CE,Towers with Radar,0,46,23,1,70,0,1,0,0,1,0,47,23,1,71,2,0,2,73
11/16/2002,MFD,OH,AGL,CE,Towers with Radar,0,30,9,0,39,0,0,0,0,0,0,30,9,0,39,0,0,0,39
11/17/2002,MFD,OH,AGL,CE,Towers with Radar,0,3,1,0,4,0,1,0,0,1,0,4,1,0,5,0,0,0,5
11/18/2002,MFD,OH,AGL,CE,Towers with Radar,0,53,21,2,76,0,1,43,0,44,0,54,64,2,120,16,0,16,136
11/19/2002,MFD,OH,AGL,CE,Towers with Radar,0,31,19,27,77,0,0,8,10,18,0,31,27,37,95,4,30,34,129
11/20/2002,MFD,OH,AGL,CE,Towers with Radar,0,69,54,12,135,0,3,39,4,46,0,72,93,16,181,42,10,52,233
11/21/2002,MFD,OH,AGL,CE,Towers with Radar,0,33,20,13,66,0,0,18,0,18,0,33,38,13,84,4,0,4,88
11/22/2002,MFD,OH,AGL,CE,Towers with Radar,0,0,3,3,6,0,0,2,0,2,0,0,5,3,8,0,0,0,8
11/23/2002,MFD,OH,AGL,CE,Towers with Radar,0,58,16,4,78,0,0,26,4,30,0,58,42,8,108,10,0,10,118
11/24/2002,MFD,OH,AGL,CE,Towers with Radar,0,113,55,3,171,0,1,70,0,71,0,114,125,3,242,50,0,50,292
11/25/2002,MFD,OH,AGL,CE,Towers with Radar,0,27,27,1,55,0,1,11,0,12,0,28,38,1,67,22,0,22,89
11/26/2002,MFD,OH,AGL,CE,Towers with Radar,0,17,31,14,62,0,1,11,0,12,0,18,42,14,74,12,0,12,86
11/27/2002,MFD,OH,AGL,CE,Towers with Radar,0,5,15,10,30,0,3,29,2,34,0,8,44,12,64,28,22,50,114
11/28/2002,MFD,OH,AGL,CE,Towers with Radar,0,0,6,0,6,0,0,10,0,10,0,0,16,0,16,10,0,10,26
11/29/2002,MFD,OH,AGL,CE,Towers with Radar,0,0,12,0,12,0,0,9,0,9,0,0,21,0,21,0,0,0,21
11/30/2002,MFD,OH,AGL,CE,Towers with Radar,0,0,27,0,27,0,0,3,0,3,0,0,30,0,30,0,0,0,30
12/01/2002,MFD,OH,AGL,CE,Towers with Radar,0,5,46,0,51,0,0,11,0,11,0,5,57,0,62,4,0,4,66
12/02/2002,MFD,OH,AGL,CE,Towers with Radar,0,2,38,1,41,0,0,0,0,0,0,2,38,1,41,16,0,16,57
12/03/2002,MFD,OH,AGL,CE,Towers with Radar,0,11,27,0,38,0,0,15,0,15,0,11,42,0,53,18,0,18,71
12/04/2002,MFD,OH,AGL,CE,Towers with Radar,0,44,51,9,104,0,0,16,0,16,0,44,67,9,120,26,0,26,146
12/05/2002,MFD,OH,AGL,CE,Towers with Radar,0,46,17,18,81,0,0,12,13,25,0,46,29,31,106,4,4,8,114
12/06/2002,MFD,OH,AGL,CE,Towers with Radar,0,56,28,3,87,0,0,25,0,25,0,56,53,3,112,22,0,22,134
12/07/2002,MFD,OH,AGL,CE,Towers with Radar,0,55,16,4,75,0,0,17,1,18,0,55,33,5,93,0,0,0,93
12/08/2002,MFD,OH,AGL,CE,Towers with Radar,0,30,23,1,54,0,12,30,0,42,0,42,53,1,96,20,0,20,116
12/09/2002,MFD,OH,AGL,CE,Towers with Radar,0,60,17,9,86,0,0,48,0,48,0,60,65,9,134,30,10,40,174
12/10/2002,MFD,OH,AGL,CE,Towers with Radar,0,36,70,20,126,0,0,18,0,18,0,36,88,20,144,32,8,40,184
12/11/2002,MFD,OH,AGL,CE,Towers with Radar,0,3,7,2,12,0,0,8,0,8,0,3,15,2,20,0,0,0,20
12/12/2002,MFD,OH,AGL,CE,Towers with Radar,0,50,41,11,102,0,23,8,3,34,0,73,49,14,136,20,0,20,156
12/13/2002,MFD,OH,AGL,CE,Towers with Radar,0,20,14,2,36,0,0,0,0,0,0,20,14,2,36,0,0,0,36
12/14/2002,MFD,OH,AGL,CE,Towers with Radar,0,14,4,0,18,0,0,0,0,0,0,14,4,0,18,0,0,0,18
12/15/2002,MFD,OH,AGL,CE,Towers with Radar,0,82,40,1,123,0,0,20,0,20,0,82,60,1,143,8,0,8,151
12/16/2002,MFD,OH,AGL,CE,Towers with Radar,0,56,28,4,88,0,0,10,2,12,0,56,38,6,100,8,0,8,108
12/17/2002,MFD,OH,AGL,CE,Towers with Radar,0,19,51,6,76,0,0,21,3,24,0,19,72,9,100,26,4,30,130
12/18/2002,MFD,OH,AGL,CE,Towers with Radar,0,76,31,28,135,0,2,13,1,16,0,78,44,29,151,20,76,96,247
12/19/2002,MFD,OH,AGL,CE,Towers with Radar,0,76,10,19,105,0,0,0,0,0,0,76,10,19,105,10,0,10,115
12/20/2002,MFD,OH,AGL,CE,Towers with Radar,0,18,17,10,45,0,0,10,0,10,0,18,27,10,55,14,0,14,69
12/21/2002,MFD,OH,AGL,CE,Towers with Radar,0,6,12,1,19,0,0,6,0,6,0,6,18,1,25,8,0,8,33
12/22/2002,MFD,OH,AGL,CE,Towers with Radar,0,2,23,1,26,0,0,0,0,0,0,2,23,1,26,0,0,0,26
12/23/2002,MFD,OH,AGL,CE,Towers with Radar,0,18,12,4,34,0,0,23,3,26,0,18,35,7,60,30,6,36,96
12/24/2002,MFD,OH,AGL,CE,Towers with Radar,0,0,25,10,35,0,0,16,0,16,0,0,41,10,51,10,52,62,113
12/25/2002,MFD,OH,AGL,CE,Towers with Radar,0,0,0,0,0,0,0,0,0,0,0,0,0,0,0,0,0,0,0
12/26/2002,MFD,OH,AGL,CE,Towers with Radar,0,2,10,2,14,0,0,0,0,0,0,2,10,2,14,0,0,0,14
12/27/2002,MFD,OH,AGL,CE,Towers with Radar,0,1,6,0,7,0,0,7,0,7,0,1,13,0,14,0,0,0,14
12/28/2002,MFD,OH,AGL,CE,Towers with Radar,0,13,25,0,38,0,1,0,0,1,0,14,25,0,39,0,0,0,39
12/29/2002,MFD,OH,AGL,CE,Towers with Radar,0,2,21,0,23,0,0,3,0,3,0,2,24,0,26,18,0,18,44
12/30/2002,MFD,OH,AGL,CE,Towers with Radar,0,2,4,0,6,0,0,1,0,1,0,2,5,0,7,0,0,0,7
12/31/2002,MFD,OH,AGL,CE,Towers with Radar,0,8,16,18,42,0,0,0,0,0,0,8,16,18,42,0,0,0,42
01/01/2003,MFD,OH,AGL,CE,Towers with Radar,0,0,0,0,0,0,0,1,0,1,0,0,1,0,1,0,0,0,1
01/02/2003,MFD,OH,AGL,CE,Towers with Radar,0,0,0,1,1,0,0,1,0,1,0,0,1,1,2,0,0,0,2
01/03/2003,MFD,OH,AGL,CE,Towers with Radar,0,0,2,2,4,0,0,2,0,2,0,0,4,2,6,0,0,0,6
01/04/2003,MFD,OH,AGL,CE,Towers with Radar,0,0,19,2,21,0,0,9,0,9,0,0,28,2,30,20,0,20,50
01/05/2003,MFD,OH,AGL,CE,Towers with Radar,0,0,1,1,2,0,0,0,1,1,0,0,1,2,3,0,0,0,3
01/06/2003,MFD,OH,AGL,CE,Towers with Radar,0,0,1,2,3,0,0,3,0,3,0,0,4,2,6,0,0,0,6
01/07/2003,MFD,OH,AGL,CE,Towers with Radar,0,20,12,11,43,0,0,14,16,30,0,20,26,27,73,10,8,18,91
01/08/2003,MFD,OH,AGL,CE,Towers with Radar,0,26,19,36,81,0,5,25,7,37,0,31,44,43,118,16,64,80,198
01/09/2003,MFD,OH,AGL,CE,Towers with Radar,0,101,34,12,147,0,4,34,8,46,0,105,68,20,193,48,6,54,247
01/10/2003,MFD,OH,AGL,CE,Towers with Radar,0,58,16,9,83,0,0,2,0,2,0,58,18,9,85,20,0,20,105
01/11/2003,MFD,OH,AGL,CE,Towers with Radar,0,116,13,8,137,0,0,34,6,40,0,116,47,14,177,0,24,24,201
01/12/2003,MFD,OH,AGL,CE,Towers with Radar,0,88,45,11,144,0,0,97,0,97,0,88,142,11,241,32,0,32,273
01/13/2003,MFD,OH,AGL,CE,Towers with Radar,0,55,25,1,81,0,49,10,0,59,0,104,35,1,140,60,2,62,202
01/14/2003,MFD,OH,AGL,CE,Towers with Radar,0,45,28,24,97,0,7,14,8,29,0,52,42,32,126,12,6,18,144
01/15/2003,MFD,OH,AGL,CE,Towers with Radar,0,73,22,17,112,0,0,0,11,11,0,73,22,28,123,40,4,44,167
01/16/2003,MFD,OH,AGL,CE,Towers with Radar,0,18,5,11,34,0,0,16,0,16,0,18,21,11,50,4,0,4,54
01/17/2003,MFD,OH,AGL,CE,Towers with Radar,0,10,8,4,22,0,5,3,0,8,0,15,11,4,30,0,0,0,30
01/18/2003,MFD,OH,AGL,CE,Towers with Radar,0,46,37,5,88,0,2,28,2,32,0,48,65,7,120,14,30,44,164
01/19/2003,MFD,OH,AGL,CE,Towers with Radar,0,26,10,0,36,0,3,8,0,11,0,29,18,0,47,2,0,2,49
01/20/2003,MFD,OH,AGL,CE,Towers with Radar,0,21,12,0,33,0,17,8,0,25,0,38,20,0,58,14,0,14,72
01/21/2003,MFD,OH,AGL,CE,Towers with Radar,0,40,16,10,66,0,0,32,4,36,0,40,48,14,102,16,6,22,124
01/22/2003,MFD,OH,AGL,CE,Towers with Radar,0,68,62,22,152,0,0,10,2,12,0,68,72,24,164,26,4,30,194
01/23/2003,MFD,OH,AGL,CE,Towers with Radar,0,44,37,0,81,0,0,3,0,3,0,44,40,0,84,20,0,20,104
01/24/2003,MFD,OH,AGL,CE,Towers with Radar,0,28,9,2,39,0,0,3,0,3,0,28,12,2,42,6,0,6,48
01/25/2003,MFD,OH,AGL,CE,Towers with Radar,0,80,21,3,104,0,0,42,0,42,0,80,63,3,146,40,0,40,186
01/26/2003,MFD,OH,AGL,CE,Towers with Radar,0,0,1,4,5,0,0,1,0,1,0,0,2,4,6,0,0,0,6
01/27/2003,MFD,OH,AGL,CE,Towers with Radar,0,30,13,6,49,0,74,31,0,105,0,104,44,6,154,6,0,6,160
01/28/2003,MFD,OH,AGL,CE,Towers with Radar,0,29,13,33,75,0,0,1,0,1,0,29,14,33,76,6,22,28,104
01/29/2003,MFD,OH,AGL,CE,Towers with Radar,0,2,8,7,17,0,0,0,27,27,0,2,8,34,44,0,20,20,64
01/30/2003,MFD,OH,AGL,CE,Towers with Radar,0,40,41,4,85,0,0,35,3,38,0,40,76,7,123,18,8,26,149
01/31/2003,MFD,OH,AGL,CE,Towers with Radar,0,15,18,12,45,0,3,2,10,15,0,18,20,22,60,4,14,18,78
02/01/2003,MFD,OH,AGL,CE,Towers with Radar,0,5,3,3,11,0,0,3,0,3,0,5,6,3,14,0,0,0,14
02/02/2003,MFD,OH,AGL,CE,Towers with Radar,0,21,6,0,27,0,0,4,0,4,0,21,10,0,31,6,0,6,37
02/03/2003,MFD,OH,AGL,CE,Towers with Radar,0,39,8,28,75,0,0,4,0,4,0,39,12,28,79,6,0,6,85
02/04/2003,MFD,OH,AGL,CE,Towers with Radar,0,28,0,9,37,0,0,2,2,4,0,28,2,11,41,0,32,32,73
02/05/2003,MFD,OH,AGL,CE,Towers with Radar,0,39,27,18,84,0,0,9,0,9,0,39,36,18,93,10,28,38,131
02/06/2003,MFD,OH,AGL,CE,Towers with Radar,0,10,9,19,38,0,0,5,1,6,0,10,14,20,44,0,0,0,44
02/07/2003,MFD,OH,AGL,CE,Towers with Radar,0,8,20,8,36,0,0,2,22,24,0,8,22,30,60,0,8,8,68
02/08/2003,MFD,OH,AGL,CE,Towers with Radar,0,24,21,12,57,0,16,53,9,78,0,40,74,21,135,10,58,68,203
02/09/2003,MFD,OH,AGL,CE,Towers with Radar,0,27,48,18,93,0,0,27,29,56,0,27,75,47,149,24,10,34,183
02/10/2003,MFD,OH,AGL,CE,Towers with Radar,0,4,4,20,28,0,0,2,8,10,0,4,6,28,38,0,12,12,50
02/11/2003,MFD,OH,AGL,CE,Towers with Radar,0,26,16,25,67,0,0,5,9,14,0,26,21,34,81,10,58,68,149
02/12/2003,MFD,OH,AGL,CE,Towers with Radar,0,44,6,36,86,0,0,10,18,28,0,44,16,54,114,30,42,72,186
02/13/2003,MFD,OH,AGL,CE,Towers with Radar,0,12,19,10,41,0,0,23,2,25,0,12,42,12,66,18,44,62,128
02/14/2003,MFD,OH,AGL,CE,Towers with Radar,0,6,15,15,36,0,0,28,8,36,0,6,43,23,72,12,24,36,108
02/15/2003,MFD,OH,AGL,CE,Towers with Radar,0,0,23,19,42,0,0,22,6,28,0,0,45,25,70,4,70,74,144
02/16/2003,MFD,OH,AGL,CE,Towers with Radar,0,0,2,3,5,0,0,0,0,0,0,0,2,3,5,0,0,0,5
02/17/2003,MFD,OH,AGL,CE,Towers with Radar,0,0,2,0,2,0,0,1,0,1,0,0,3,0,3,0,0,0,3
02/18/2003,MFD,OH,AGL,CE,Towers with Radar,0,0,4,2,6,0,0,0,0,0,0,0,4,2,6,0,0,0,6
02/19/2003,MFD,OH,AGL,CE,Towers with Radar,0,0,17,16,33,0,0,0,0,0,0,0,17,16,33,0,46,46,79
02/20/2003,MFD,OH,AGL,CE,Towers with Radar,0,6,68,14,88,0,0,80,4,84,0,6,148,18,172,12,4,16,188
02/21/2003,MFD,OH,AGL,CE,Towers with Radar,0,15,35,0,50,0,0,28,2,30,0,15,63,2,80,6,0,6,86
02/22/2003,MFD,OH,AGL,CE,Towers with Radar,0,0,1,1,2,0,0,0,0,0,0,0,1,1,2,0,0,0,2
02/23/2003,MFD,OH,AGL,CE,Towers with Radar,0,0,0,0,0,0,0,0,0,0,0,0,0,0,0,0,0,0,0
02/24/2003,MFD,OH,AGL,CE,Towers with Radar,0,0,12,3,15,0,0,0,1,1,0,0,12,4,16,0,0,0,16
02/25/2003,MFD,OH,AGL,CE,Towers with Radar,0,26,33,4,63,0,0,19,0,19,0,26,52,4,82,18,0,18,100
02/26/2003,MFD,OH,AGL,CE,Towers with Radar,0,16,22,4,42,0,0,0,0,0,0,16,22,4,42,36,0,36,78
02/27/2003,MFD,OH,AGL,CE,Towers with Radar,0,2,47,0,49,0,0,15,0,15,0,2,62,0,64,20,0,20,84
02/28/2003,MFD,OH,AGL,CE,Towers with Radar,0,31,40,0,71,0,0,31,0,31,0,31,71,0,102,34,0,34,136
03/01/2003,MFD,OH,AGL,CE,Towers with Radar,0,83,29,0,112,0,0,1,0,1,0,83,30,0,113,2,0,2,115
03/02/2003,MFD,OH,AGL,CE,Towers with Radar,0,6,24,0,30,0,0,1,1,2,0,6,25,1,32,0,0,0,32
03/03/2003,MFD,OH,AGL,CE,Towers with Radar,0,34,36,5,75,0,0,21,1,22,0,34,57,6,97,20,8,28,125
03/04/2003,MFD,OH,AGL,CE,Towers with Radar,0,23,16,1,40,0,0,35,1,36,0,23,51,2,76,22,0,22,98
03/05/2003,MFD,OH,AGL,CE,Towers with Radar,0,4,9,0,13,0,0,1,0,1,0,4,10,0,14,0,0,0,14
03/06/2003,MFD,OH,AGL,CE,Towers with Radar,0,12,35,0,47,0,0,19,0,19,0,12,54,0,66,6,0,6,72
03/07/2003,MFD,OH,AGL,CE,Towers with Radar,0,34,90,0,124,0,0,14,1,15,0,34,104,1,139,32,0,32,171
03/08/2003,MFD,OH,AGL,CE,Towers with Radar,0,64,54,0,118,0,0,42,0,42,0,64,96,0,160,10,0,10,170
03/09/2003,MFD,OH,AGL,CE,Towers with Radar,0,6,47,0,53,0,0,12,1,13,0,6,59,1,66,20,0,20,86
03/10/2003,MFD,OH,AGL,CE,Towers with Radar,0,50,42,2,94,0,0,0,0,0,0,50,42,2,94,16,4,20,114
03/11/2003,MFD,OH,AGL,CE,Towers with Radar,0,22,40,2,64,0,0,8,14,22,0,22,48,16,86,14,8,22,108
03/12/2003,MFD,OH,AGL,CE,Towers with Radar,0,35,65,5,105,0,21,6,11,38,0,56,71,16,143,12,2,14,157
03/13/2003,MFD,OH,AGL,CE,Towers with Radar,0,0,1,0,1,0,0,1,0,1,0,0,2,0,2,0,0,0,2
03/14/2003,MFD,OH,AGL,CE,Towers with Radar,0,12,40,2,54,0,0,63,4,67,0,12,103,6,121,18,6,24,145
03/15/2003,MFD,OH,AGL,CE,Towers with Radar,0,9,111,0,120,0,0,106,0,106,0,9,217,0,226,12,0,12,238
03/16/2003,MFD,OH,AGL,CE,Towers with Radar,0,0,71,0,71,0,1,58,0,59,0,1,129,0,130,36,0,36,166
03/17/2003,MFD,OH,AGL,CE,Towers with Radar,0,14,59,0,73,0,0,43,0,43,0,14,102,0,116,16,0,16,132
03/18/2003,MFD,OH,AGL,CE,Towers with Radar,0,35,45,9,89,0,1,19,7,27,0,36,64,16,116,10,8,18,134
03/19/2003,MFD,OH,AGL,CE,Towers with Radar,0,28,23,11,62,0,0,6,1,7,0,28,29,12,69,2,26,28,97
03/20/2003,MFD,OH,AGL,CE,Towers with Radar,0,18,16,21,55,0,0,3,1,4,0,18,19,22,59,12,28,40,99
03/21/2003,MFD,OH,AGL,CE,Towers with Radar,0,9,17,5,31,0,0,8,1,9,0,9,25,6,40,0,0,0,40
03/22/2003,MFD,OH,AGL,CE,Towers with Radar,0,18,38,0,56,0,0,20,0,20,0,18,58,0,76,4,0,4,80
03/23/2003,MFD,OH,AGL,CE,Towers with Radar,0,9,51,0,60,0,0,57,0,57,0,9,108,0,117,22,0,22,139
03/24/2003,MFD,OH,AGL,CE,Towers with Radar,0,12,43,0,55,0,0,43,4,47,0,12,86,4,102,18,0,18,120
03/25/2003,MFD,OH,AGL,CE,Towers with Radar,0,0,16,2,18,0,0,22,1,23,0,0,38,3,41,18,6,24,65
03/26/2003,MFD,OH,AGL,CE,Towers with Radar,0,0,45,27,72,0,0,55,9,64,0,0,100,36,136,40,36,76,212
03/27/2003,MFD,OH,AGL,CE,Towers with Radar,0,6,40,21,67,0,0,36,15,51,0,6,76,36,118,10,40,50,168
03/28/2003,MFD,OH,AGL,CE,Towers with Radar,0,17,13,0,30,0,7,7,0,14,0,24,20,0,44,8,0,8,52
03/29/2003,MFD,OH,AGL,CE,Towers with Radar,0,12,26,0,38,0,3,5,0,8,0,15,31,0,46,0,0,0,46
03/30/2003,MFD,OH,AGL,CE,Towers with Radar,0,0,64,0,64,0,0,10,0,10,0,0,74,0,74,0,0,0,74
03/31/2003,MFD,OH,AGL,CE,Towers with Radar,0,8,40,2,50,0,0,30,12,42,0,8,70,14,92,34,0,34,126
04/01/2003,MFD,OH,AGL,CE,Towers with Radar,0,0,30,9,39,0,0,17,13,30,0,0,47,22,69,14,4,18,87
04/02/2003,MFD,OH,AGL,CE,Towers with Radar,0,15,54,15,84,0,1,38,5,44,0,16,92,20,128,18,4,22,150
04/03/2003,MFD,OH,AGL,CE,Towers with Radar,0,13,46,9,68,0,16,11,9,36,0,29,57,18,104,14,22,36,140
04/04/2003,MFD,OH,AGL,CE,Towers with Radar,0,1,22,1,24,0,1,3,1,5,0,2,25,2,29,0,0,0,29
04/05/2003,MFD,OH,AGL,CE,Towers with Radar,0,9,9,0,18,0,1,0,1,2,0,10,9,1,20,0,0,0,20
04/06/2003,MFD,OH,AGL,CE,Towers with Radar,0,8,32,0,40,0,0,41,0,41,0,8,73,0,81,14,0,14,95
04/07/2003,MFD,OH,AGL,CE,Towers with Radar,0,5,11,8,24,0,1,0,0,1,0,6,11,8,25,0,0,0,25
04/08/2003,MFD,OH,AGL,CE,Towers with Radar,0,0,6,2,8,0,0,0,0,0,0,0,6,2,8,0,0,0,8
04/09/2003,MFD,OH,AGL,CE,Towers with Radar,0,11,5,12,28,0,1,3,2,6,0,12,8,14,34,0,10,10,44
04/10/2003,MFD,OH,AGL,CE,Towers with Radar,0,35,38,12,85,0,3,22,1,26,0,38,60,13,111,30,12,42,153
04/11/2003,MFD,OH,AGL,CE,Towers with Radar,0,29,45,7,81,0,3,54,6,63,0,32,99,13,144,36,6,42,186
04/12/2003,MFD,OH,AGL,CE,Towers with Radar,0,18,56,8,82,0,0,88,0,88,0,18,144,8,170,6,18,24,194
04/13/2003,MFD,OH,AGL,CE,Towers with Radar,0,24,89,6,119,0,1,90,1,92,0,25,179,7,211,12,2,14,225
04/14/2003,MFD,OH,AGL,CE,Towers with Radar,0,17,11,7,35,0,3,47,3,53,0,20,58,10,88,30,0,30,118
04/15/2003,MFD,OH,AGL,CE,Towers with Radar,0,25,28,11,64,0,0,8,1,9,0,25,36,12,73,6,6,12,85
04/16/2003,MFD,OH,AGL,CE,Towers with Radar,0,23,48,25,96,0,1,5,7,13,0,24,53,32,109,4,22,26,135
04/17/2003,MFD,OH,AGL,CE,Towers with Radar,0,0,24,29,53,0,0,14,5,19,0,0,38,34,72,2,16,18,90
04/18/2003,MFD,OH,AGL,CE,Towers with Radar,0,0,30,4,34,0,0,11,1,12,0,0,41,5,46,22,0,22,68
04/19/2003,MFD,OH,AGL,CE,Towers with Radar,0,9,38,1,48,0,0,78,0,78,0,9,116,1,126,32,0,32,158
04/20/2003,MFD,OH,AGL,CE,Towers with Radar,0,6,2,1,9,0,0,8,0,8,0,6,10,1,17,0,0,0,17
04/21/2003,MFD,OH,AGL,CE,Towers with Radar,0,2,24,0,26,0,0,4,0,4,0,2,28,0,30,0,0,0,30
04/22/2003,MFD,OH,AGL,CE,Towers with Radar,0,6,20,11,37,0,2,12,1,15,0,8,32,12,52,10,8,18,70
04/23/2003,MFD,OH,AGL,CE,Towers with Radar,0,8,60,13,81,0,0,58,3,61,0,8,118,16,142,42,2,44,186
04/24/2003,MFD,OH,AGL,CE,Towers with Radar,0,8,69,17,94,0,3,36,0,39,0,11,105,17,133,40,18,58,191
04/25/2003,MFD,OH,AGL,CE,Towers with Radar,0,11,37,3,51,0,2,35,0,37,0,13,72,3,88,20,0,20,108
04/26/2003,MFD,OH,AGL,CE,Towers with Radar,0,10,109,3,122,0,0,72,4,76,0,10,181,7,198,62,0,62,260
04/27/2003,MFD,OH,AGL,CE,Towers with Radar,0,0,68,0,68,0,0,88,0,88,0,0,156,0,156,50,0,50,206
04/28/2003,MFD,OH,AGL,CE,Towers with Radar,0,0,26,0,26,0,0,34,0,34,0,0,60,0,60,12,0,12,72
04/29/2003,MFD,OH,AGL,CE,Towers with Radar,0,36,54,20,110,0,0,26,22,48,0,36,80,42,158,34,60,94,252
04/30/2003,MFD,OH,AGL,CE,Towers with Radar,0,8,42,16,66,0,0,20,0,20,0,8,62,16,86,36,16,52,138
05/01/2003,MFD,OH,AGL,CE,Towers with Radar,0,15,14,1,30,0,1,9,0,10,0,16,23,1,40,22,22,44,84
05/02/2003,MFD,OH,AGL,CE,Towers with Radar,0,20,30,1,51,0,0,0,1,1,0,20,30,2,52,0,0,0,52
05/03/2003,MFD,OH,AGL,CE,Towers with Radar,0,0,31,0,31,0,0,47,2,49,0,0,78,2,80,192,4,196,276
05/04/2003,MFD,OH,AGL,CE,Towers with Radar,0,39,91,3,133,0,1,105,0,106,0,40,196,3,239,20,0,20,259
05/05/2003,MFD,OH,AGL,CE,Towers with Radar,0,5,8,1,14,0,1,1,0,2,0,6,9,1,16,22,0,22,38
05/06/2003,MFD,OH,AGL,CE,Towers with Radar,0,37,42,6,85,0,5,35,2,42,0,42,77,8,127,40,12,52,179
05/07/2003,MFD,OH,AGL,CE,Towers with Radar,0,6,9,8,23,0,1,4,0,5,0,7,13,8,28,20,0,20,48
05/08/2003,MFD,OH,AGL,CE,Towers with Radar,0,23,25,17,65,0,1,0,0,1,0,24,25,17,66,0,0,0,66
05/09/2003,MFD,OH,AGL,CE,Towers with Radar,0,16,15,3,34,0,1,8,0,9,0,17,23,3,43,14,0,14,57
05/10/2003,MFD,OH,AGL,CE,Towers with Radar,0,27,15,1,43,0,1,3,0,4,0,28,18,1,47,26,0,26,73
05/11/2003,MFD,OH,AGL,CE,Towers with Radar,0,1,4,4,9,0,1,0,1,2,0,2,4,5,11,18,0,18,29
05/12/2003,MFD,OH,AGL,CE,Towers with Radar,0,0,5,1,6,0,0,0,0,0,0,0,5,1,6,0,0,0,6
05/13/2003,MFD,OH,AGL,CE,Towers with Radar,0,15,58,16,89,0,1,20,6,27,0,16,78,22,116,42,14,56,172
05/14/2003,MFD,OH,AGL,CE,Towers with Radar,0,12,40,22,74,0,0,76,10,86,0,12,116,32,160,36,32,68,228
05/15/2003,MFD,OH,AGL,CE,Towers with Radar,0,10,33,12,55,0,0,13,2,15,0,10,46,14,70,4,2,6,76
05/16/2003,MFD,OH,AGL,CE,Towers with Radar,0,16,43,1,60,0,2,11,0,13,0,18,54,1,73,16,0,16,89
05/17/2003,MFD,OH,AGL,CE,Towers with Radar,0,12,53,12,77,0,2,50,8,60,0,14,103,20,137,10,0,10,147
05/18/2003,MFD,OH,AGL,CE,Towers with Radar,0,6,71,1,78,0,0,9,0,9,0,6,80,1,87,0,0,0,87
05/19/2003,MFD,OH,AGL,CE,Towers with Radar,0,0,29,2,31,0,0,40,0,40,0,0,69,2,71,58,0,58,129
05/20/2003,MFD,OH,AGL,CE,Towers with Radar,0,8,35,15,58,0,0,0,0,0,0,8,35,15,58,8,0,8,66
05/21/2003,MFD,OH,AGL,CE,Towers with Radar,0,2,56,10,68,0,0,60,18,78,0,2,116,28,146,38,6,44,190
05/22/2003,MFD,OH,AGL,CE,Towers with Radar,0,4,40,21,65,0,0,60,3,63,0,4,100,24,128,16,18,34,162
05/23/2003,MFD,OH,AGL,CE,Towers with Radar,0,18,68,6,92,0,11,10,1,22,0,29,78,7,114,12,0,12,126
05/24/2003,MFD,OH,AGL,CE,Towers with Radar,0,23,43,2,68,0,1,40,0,41,0,24,83,2,109,22,0,22,131
05/25/2003,MFD,OH,AGL,CE,Towers with Radar,0,0,18,3,21,0,2,47,5,54,0,2,65,8,75,24,0,24,99
05/26/2003,MFD,OH,AGL,CE,Towers with Radar,0,0,34,0,34,0,0,38,2,40,0,0,72,2,74,14,0,14,88
05/27/2003,MFD,OH,AGL,CE,Towers with Radar,0,6,40,4,50,0,0,14,4,18,0,6,54,8,68,16,6,22,90
05/28/2003,MFD,OH,AGL,CE,Towers with Radar,0,38,31,20,89,0,0,23,8,31,0,38,54,28,120,44,26,70,190
05/29/2003,MFD,OH,AGL,CE,Towers with Radar,0,23,31,8,62,0,1,15,12,28,0,24,46,20,90,24,2,26,116
05/30/2003,MFD,OH,AGL,CE,Towers with Radar,0,4,11,4,19,0,0,0,4,4,0,4,11,8,23,4,0,4,27
05/31/2003,MFD,OH,AGL,CE,Towers with Radar,0,0,9,2,11,0,0,0,0,0,0,0,9,2,11,11,0,11,22
06/01/2003,MFD,OH,AGL,CE,Towers with Radar,0,4,30,1,35,0,15,62,0,77,0,19,92,1,112,12,0,12,124
06/02/2003,MFD,OH,AGL,CE,Towers with Radar,0,0,33,1,34,0,0,64,2,66,0,0,97,3,100,44,0,44,144
06/03/2003,MFD,OH,AGL,CE,Towers with Radar,0,6,6,10,22,0,0,0,1,1,0,6,6,11,23,0,0,0,23
06/04/2003,MFD,OH,AGL,CE,Towers with Radar,0,18,57,20,95,0,1,0,3,4,0,19,57,23,99,12,18,30,129
06/05/2003,MFD,OH,AGL,CE,Towers with Radar,0,5,44,10,59,0,2,28,0,30,0,7,72,10,89,16,8,24,113
06/06/2003,MFD,OH,AGL,CE,Towers with Radar,0,5,36,4,45,0,3,66,0,69,0,8,102,4,114,22,0,22,136
06/07/2003,MFD,OH,AGL,CE,Towers with Radar,0,9,23,3,35,0,0,15,3,18,0,9,38,6,53,8,0,8,61
06/08/2003,MFD,OH,AGL,CE,Towers with Radar,0,1,29,0,30,0,0,2,2,4,0,1,31,2,34,0,0,0,34
06/09/2003,MFD,OH,AGL,CE,Towers with Radar,0,2,30,0,32,0,1,32,0,33,0,3,62,0,65,8,0,8,73
06/10/2003,MFD,OH,AGL,CE,Towers with Radar,0,18,29,9,56,0,0,19,7,26,0,18,48,16,82,12,22,34,116
06/11/2003,MFD,OH,AGL,CE,Towers with Radar,0,10,27,5,42,0,0,11,11,22,0,10,38,16,64,16,4,20,84
06/12/2003,MFD,OH,AGL,CE,Towers with Radar,0,18,31,28,77,0,0,0,1,1,0,18,31,29,78,10,0,10,88
06/13/2003,MFD,OH,AGL,CE,Towers with Radar,0,8,21,1,30,0,4,7,1,12,0,12,28,2,42,8,0,8,50
06/14/2003,MFD,OH,AGL,CE,Towers with Radar,0,0,27,2,29,0,0,13,0,13,0,0,40,2,42,2,0,2,44
06/15/2003,MFD,OH,AGL,CE,Towers with Radar,0,0,22,2,24,0,0,118,0,118,0,0,140,2,142,24,0,24,166
06/16/2003,MFD,OH,AGL,CE,Towers with Radar,0,14,45,1,60,0,0,57,0,57,0,14,102,1,117,38,0,38,155
06/17/2003,MFD,OH,AGL,CE,Towers with Radar,0,8,35,12,55,0,4,1,0,5,0,12,36,12,60,0,0,0,60
06/18/2003,MFD,OH,AGL,CE,Towers with Radar,0,14,68,22,104,0,1,21,17,39,0,15,89,39,143,10,14,24,167
06/19/2003,MFD,OH,AGL,CE,Towers with Radar,0,12,32,8,52,0,0,21,8,29,0,12,53,16,81,14,16,30,111
06/20/2003,MFD,OH,AGL,CE,Towers with Radar,0,14,34,2,50,0,0,42,0,42,0,14,76,2,92,20,0,20,112
06/21/2003,MFD,OH,AGL,CE,Towers with Radar,0,6,64,0,70,0,0,100,0,100,0,6,164,0,170,36,0,36,206
06/22/2003,MFD,OH,AGL,CE,Towers with Radar,0,4,47,2,53,0,0,62,0,62,0,4,109,2,115,32,0,32,147
06/23/2003,MFD,OH,AGL,CE,Towers with Radar,0,0,34,2,36,0,0,74,0,74,0,0,108,2,110,22,0,22,132
06/24/2003,MFD,OH,AGL,CE,Towers with Radar,0,2,34,14,50,0,0,82,4,86,0,2,116,18,136,34,8,42,178
06/25/2003,MFD,OH,AGL,CE,Towers with Radar,0,2,31,15,48,0,0,41,13,54,0,2,72,28,102,22,10,32,134
06/26/2003,MFD,OH,AGL,CE,Towers with Radar,0,6,23,18,47,0,1,15,0,16,0,7,38,18,63,0,30,30,93
06/27/2003,MFD,OH,AGL,CE,Towers with Radar,0,1,36,3,40,0,0,54,0,54,0,1,90,3,94,20,0,20,114
06/28/2003,MFD,OH,AGL,CE,Towers with Radar,0,4,62,1,67,0,0,69,0,69,0,4,131,1,136,34,0,34,170
06/29/2003,MFD,OH,AGL,CE,Towers with Radar,0,2,16,2,20,0,0,21,0,21,0,2,37,2,41,0,0,0,41
06/30/2003,MFD,OH,AGL,CE,Towers with Radar,0,0,30,0,30,0,3,32,0,35,0,3,62,0,65,32,0,32,97
07/01/2003,MFD,OH,AGL,CE,Towers with Radar,0,15,22,9,46,0,3,14,4,21,0,18,36,13,67,10,18,28,95
07/02/2003,MFD,OH,AGL,CE,Towers with Radar,0,18,23,24,65,0,0,33,12,45,0,18,56,36,110,22,56,78,188
07/03/2003,MFD,OH,AGL,CE,Towers with Radar,0,6,27,6,39,0,0,33,12,45,0,6,60,18,84,14,20,34,118
07/04/2003,MFD,OH,AGL,CE,Towers with Radar,0,1,11,0,12,0,0,38,19,57,0,1,49,19,69,16,58,74,143
07/05/2003,MFD,OH,AGL,CE,Towers with Radar,0,0,18,0,18,0,0,13,0,13,0,0,31,0,31,2,0,2,33
07/06/2003,MFD,OH,AGL,CE,Towers with Radar,0,0,12,0,12,0,1,36,0,37,0,1,48,0,49,20,0,20,69
07/07/2003,MFD,OH,AGL,CE,Towers with Radar,0,0,6,0,6,0,0,10,0,10,0,0,16,0,16,2,0,2,18
07/08/2003,MFD,OH,AGL,CE,Towers with Radar,0,9,27,18,54,0,0,15,12,27,0,9,42,30,81,28,56,84,165
07/09/2003,MFD,OH,AGL,CE,Towers with Radar,0,8,14,22,44,0,3,7,2,12,0,11,21,24,56,34,30,64,120
07/10/2003,MFD,OH,AGL,CE,Towers with Radar,0,10,20,32,62,0,0,14,9,23,0,10,34,41,85,18,66,84,169
07/11/2003,MFD,OH,AGL,CE,Towers with Radar,0,0,38,2,40,0,0,24,0,24,0,0,62,2,64,22,0,22,86
07/12/2003,MFD,OH,AGL,CE,Towers with Radar,0,1,30,3,34,0,0,86,2,88,0,1,116,5,122,74,8,82,204
07/13/2003,MFD,OH,AGL,CE,Towers with Radar,0,12,59,8,79,0,0,97,0,97,0,12,156,8,176,44,0,44,220
07/14/2003,MFD,OH,AGL,CE,Towers with Radar,0,0,53,0,53,0,0,75,0,75,0,0,128,0,128,38,0,38,166
07/15/2003,MFD,OH,AGL,CE,Towers with Radar,0,24,40,7,71,0,0,0,2,2,0,24,40,9,73,16,16,32,105
07/16/2003,MFD,OH,AGL,CE,Towers with Radar,0,11,54,16,81,0,3,74,14,91,0,14,128,30,172,44,12,56,228
07/17/2003,MFD,OH,AGL,CE,Towers with Radar,0,18,61,13,92,0,0,43,6,49,0,18,104,19,141,40,4,44,185
07/18/2003,MFD,OH,AGL,CE,Towers with Radar,0,10,31,0,41,0,4,28,0,32,0,14,59,0,73,24,0,24,97
07/19/2003,MFD,OH,AGL,CE,Towers with Radar,0,13,43,0,56,0,1,103,1,105,0,14,146,1,161,38,0,38,199
07/20/2003,MFD,OH,AGL,CE,Towers with Radar,0,0,15,0,15,0,0,79,0,79,0,0,94,0,94,4,0,4,98
07/21/2003,MFD,OH,AGL,CE,Towers with Radar,0,0,5,0,5,0,0,0,0,0,0,0,5,0,5,0,0,0,5
07/22/2003,MFD,OH,AGL,CE,Towers with Radar,0,14,36,10,60,0,1,9,2,12,0,15,45,12,72,0,0,0,72
07/23/2003,MFD,OH,AGL,CE,Towers with Radar,0,41,43,8,92,0,0,12,0,12,0,41,55,8,104,62,6,68,172
07/24/2003,MFD,OH,AGL,CE,Towers with Radar,0,4,23,2,29,0,1,56,2,59,0,5,79,4,88,36,0,36,124
07/25/2003,MFD,OH,AGL,CE,Towers with Radar,0,8,22,0,30,0,4,63,0,67,0,12,85,0,97,26,0,26,123
07/26/2003,MFD,OH,AGL,CE,Towers with Radar,0,13,63,4,80,0,1,72,0,73,0,14,135,4,153,30,0,30,183
07/27/2003,MFD,OH,AGL,CE,Towers with Radar,0,8,20,0,28,0,0,16,0,16,0,8,36,0,44,4,0,4,48
07/28/2003,MFD,OH,AGL,CE,Towers with Radar,0,6,38,0,44,0,0,13,0,13,0,6,51,0,57,24,0,24,81
07/29/2003,MFD,OH,AGL,CE,Towers with Radar,0,2,39,25,66,0,0,47,0,47,0,2,86,25,113,8,50,58,171
07/30/2003,MFD,OH,AGL,CE,Towers with Radar,0,2,41,6,49,0,8,0,2,10,0,10,41,8,59,4,0,4,63
07/31/2003,MFD,OH,AGL,CE,Towers with Radar,0,4,26,7,37,0,0,39,1,40,0,4,65,8,77,4,0,4,81
08/01/2003,MFD,OH,AGL,CE,Towers with Radar,0,11,23,2,36,0,1,9,0,10,0,12,32,2,46,0,0,0,46
08/02/2003,MFD,OH,AGL,CE,Towers with Radar,0,8,37,0,45,0,4,9,0,13,0,12,46,0,58,18,0,18,76
08/03/2003,MFD,OH,AGL,CE,Towers with Radar,0,6,15,2,23,0,0,7,0,7,0,6,22,2,30,0,0,0,30
08/04/2003,MFD,OH,AGL,CE,Towers with Radar,0,6,19,0,25,0,0,6,0,6,0,6,25,0,31,10,0,10,41
08/05/2003,MFD,OH,AGL,CE,Towers with Radar,0,0,21,4,25,0,0,13,1,14,0,0,34,5,39,28,10,38,77
08/06/2003,MFD,OH,AGL,CE,Towers with Radar,0,7,57,8,72,0,0,31,8,39,0,7,88,16,111,34,22,56,167
08/07/2003,MFD,OH,AGL,CE,Towers with Radar,0,11,33,3,47,0,0,26,0,26,0,11,59,3,73,14,6,20,93
08/08/2003,MFD,OH,AGL,CE,Towers with Radar,0,16,32,2,50,0,0,36,1,37,0,16,68,3,87,16,0,16,103
08/09/2003,MFD,OH,AGL,CE,Towers with Radar,0,11,29,7,47,0,0,19,7,26,0,11,48,14,73,2,4,6,79
08/10/2003,MFD,OH,AGL,CE,Towers with Radar,0,4,75,1,80,0,0,77,6,83,0,4,152,7,163,14,4,18,181
08/11/2003,MFD,OH,AGL,CE,Towers with Radar,0,0,22,0,22,0,0,12,0,12,0,0,34,0,34,12,0,12,46
08/12/2003,MFD,OH,AGL,CE,Towers with Radar,0,3,26,2,31,0,0,17,12,29,0,3,43,14,60,10,8,18,78
08/13/2003,MFD,OH,AGL,CE,Towers with Radar,0,16,27,5,48,0,0,62,0,62,0,16,89,5,110,10,0,10,120
08/14/2003,MFD,OH,AGL,CE,Towers with Radar,0,15,38,14,67,0,1,46,0,47,0,16,84,14,114,26,38,64,178
08/15/2003,MFD,OH,AGL,CE,Towers with Radar,0,4,27,0,31,0,0,14,0,14,0,4,41,0,45,6,0,6,51
08/16/2003,MFD,OH,AGL,CE,Towers with Radar,0,4,35,1,40,0,0,10,1,11,0,4,45,2,51,16,0,16,67
08/17/2003,MFD,OH,AGL,CE,Towers with Radar,0,1,55,3,59,0,1,69,1,71,0,2,124,4,130,18,0,18,148
08/18/2003,MFD,OH,AGL,CE,Towers with Radar,0,0,54,0,54,0,0,68,0,68,0,0,122,0,122,24,0,24,146
08/19/2003,MFD,OH,AGL,CE,Towers with Radar,0,2,44,6,52,0,0,66,0,66,0,2,110,6,118,36,10,46,164
08/20/2003,MFD,OH,AGL,CE,Towers with Radar,0,8,50,4,62,0,0,34,10,44,0,8,84,14,106,22,6,28,134
08/21/2003,MFD,OH,AGL,CE,Towers with Radar,0,6,22,5,33,0,0,21,7,28,0,6,43,12,61,6,40,46,107
08/22/2003,MFD,OH,AGL,CE,Towers with Radar,0,4,10,6,20,0,0,14,0,14,0,4,24,6,34,16,0,16,50
08/23/2003,MFD,OH,AGL,CE,Towers with Radar,0,0,75,0,75,0,0,79,0,79,0,0,154,0,154,36,0,36,190
08/24/2003,MFD,OH,AGL,CE,Towers with Radar,0,2,23,0,25,0,0,78,0,78,0,2,101,0,103,14,0,14,117
08/25/2003,MFD,OH,AGL,CE,Towers with Radar,0,9,48,2,59,0,0,21,0,21,0,9,69,2,80,28,0,28,108
08/26/2003,MFD,OH,AGL,CE,Towers with Radar,0,4,30,2,36,0,0,9,0,9,0,4,39,2,45,18,0,18,63
08/27/2003,MFD,OH,AGL,CE,Towers with Radar,0,6,19,13,38,0,0,43,1,44,0,6,62,14,82,28,34,62,144
08/28/2003,MFD,OH,AGL,CE,Towers with Radar,0,5,55,7,67,0,0,54,3,57,0,5,109,10,124,44,12,56,180
08/29/2003,MFD,OH,AGL,CE,Towers with Radar,0,0,12,1,13,0,0,6,1,7,0,0,18,2,20,0,0,0,20
08/30/2003,MFD,OH,AGL,CE,Towers with Radar,3,0,36,0,39,0,0,75,0,75,3,0,111,0,114,8,0,8,122
08/31/2003,MFD,OH,AGL,CE,Towers with Radar,0,0,12,0,12,0,6,62,0,68,0,6,74,0,80,12,0,12,92
09/01/2003,MFD,OH,AGL,CE,Towers with Radar,0,1,24,0,25,0,1,0,0,1,0,2,24,0,26,0,0,0,26
09/02/2003,MFD,OH,AGL,CE,Towers with Radar,0,6,18,5,29,0,0,0,0,0,0,6,18,5,29,0,0,0,29
09/03/2003,MFD,OH,AGL,CE,Towers with Radar,0,4,31,5,40,0,2,13,3,18,0,6,44,8,58,6,0,6,64
09/04/2003,MFD,OH,AGL,CE,Towers with Radar,0,1,55,4,60,0,0,39,2,41,0,1,94,6,101,56,4,60,161
09/05/2003,MFD,OH,AGL,CE,Towers with Radar,0,17,31,1,49,0,0,58,0,58,0,17,89,1,107,32,0,32,139
09/06/2003,MFD,OH,AGL,CE,Towers with Radar,0,20,37,1,58,0,0,95,2,97,0,20,132,3,155,46,14,60,215
09/07/2003,MFD,OH,AGL,CE,Towers with Radar,0,16,37,1,54,0,0,57,0,57,0,16,94,1,111,24,2,26,137
09/08/2003,MFD,OH,AGL,CE,Towers with Radar,0,16,25,0,41,0,0,0,0,0,0,16,25,0,41,26,0,26,67
09/09/2003,MFD,OH,AGL,CE,Towers with Radar,0,6,27,16,49,0,0,22,0,22,0,6,49,16,71,22,2,24,95
09/10/2003,MFD,OH,AGL,CE,Towers with Radar,0,10,37,6,53,0,0,42,2,44,0,10,79,8,97,32,0,32,129
09/11/2003,MFD,OH,AGL,CE,Towers with Radar,0,2,31,4,37,0,0,42,0,42,0,2,73,4,79,6,0,6,85
09/12/2003,MFD,OH,AGL,CE,Towers with Radar,0,2,29,1,32,0,1,82,0,83,0,3,111,1,115,40,0,40,155
09/13/2003,MFD,OH,AGL,CE,Towers with Radar,0,6,37,6,49,0,0,65,10,75,0,6,102,16,124,0,36,36,160
09/14/2003,MFD,OH,AGL,CE,Towers with Radar,0,2,25,8,35,0,0,77,0,77,0,2,102,8,112,6,6,12,124
09/15/2003,MFD,OH,AGL,CE,Towers with Radar,0,32,25,0,57,0,0,19,2,21,0,32,44,2,78,22,0,22,100
09/16/2003,MFD,OH,AGL,CE,Towers with Radar,0,18,18,4,40,0,0,60,5,65,0,18,78,9,105,16,0,16,121
09/17/2003,MFD,OH,AGL,CE,Towers with Radar,0,0,23,8,31,0,0,79,0,79,0,0,102,8,110,44,2,46,156
09/18/2003,MFD,OH,AGL,CE,Towers with Radar,0,19,56,4,79,0,0,44,5,49,0,19,100,9,128,2,16,18,146
09/19/2003,MFD,OH,AGL,CE,Towers with Radar,0,2,5,1,8,0,1,10,0,11,0,3,15,1,19,4,0,4,23
09/20/2003,MFD,OH,AGL,CE,Towers with Radar,0,7,38,1,46,0,3,80,0,83,0,10,118,1,129,44,0,44,173
09/21/2003,MFD,OH,AGL,CE,Towers with Radar,0,12,65,0,77,0,0,101,0,101,0,12,166,0,178,24,0,24,202
09/22/2003,MFD,OH,AGL,CE,Towers with Radar,0,2,8,0,10,0,0,1,0,1,0,2,9,0,11,0,0,0,11
09/23/2003,MFD,OH,AGL,CE,Towers with Radar,0,2,55,14,71,0,0,21,8,29,0,2,76,22,100,26,20,46,146
09/24/2003,MFD,OH,AGL,CE,Towers with Radar,0,0,24,4,28,0,0,20,4,24,0,0,44,8,52,16,4,20,72
09/25/2003,MFD,OH,AGL,CE,Towers with Radar,0,0,59,14,73,8,0,41,0,49,8,0,100,14,122,6,36,42,164
09/26/2003,MFD,OH,AGL,CE,Towers with Radar,0,0,17,0,17,0,0,37,0,37,0,0,54,0,54,18,0,18,72
09/27/2003,MFD,OH,AGL,CE,Towers with Radar,0,20,32,0,52,0,1,12,3,16,0,21,44,3,68,4,0,4,72
09/28/2003,MFD,OH,AGL,CE,Towers with Radar,0,0,34,2,36,0,0,44,0,44,0,0,78,2,80,36,0,36,116
09/29/2003,MFD,OH,AGL,CE,Towers with Radar,0,2,60,0,62,0,0,8,0,8,0,2,68,0,70,8,0,8,78
09/30/2003,MFD,OH,AGL,CE,Towers with Radar,0,10,27,8,45,0,0,0,0,0,0,10,27,8,45,12,6,18,63
10/01/2003,MFD,OH,AGL,CE,Towers with Radar,0,8,39,7,54,0,1,19,11,31,0,9,58,18,85,4,6,10,95
10/02/2003,MFD,OH,AGL,CE,Towers with Radar,0,0,31,6,37,0,0,21,0,21,0,0,52,6,58,32,6,38,96
10/03/2003,MFD,OH,AGL,CE,Towers with Radar,0,0,33,0,33,0,0,35,0,35,0,0,68,0,68,20,0,20,88
10/04/2003,MFD,OH,AGL,CE,Towers with Radar,0,5,24,0,29,0,5,29,0,34,0,10,53,0,63,42,0,42,105
10/05/2003,MFD,OH,AGL,CE,Towers with Radar,0,0,39,1,40,0,0,102,0,102,0,0,141,1,142,34,0,34,176
10/06/2003,MFD,OH,AGL,CE,Towers with Radar,0,11,42,1,54,0,3,57,0,60,0,14,99,1,114,32,0,32,146
10/07/2003,MFD,OH,AGL,CE,Towers with Radar,0,4,47,10,61,0,0,67,0,67,0,4,114,10,128,20,4,24,152
10/08/2003,MFD,OH,AGL,CE,Towers with Radar,0,5,51,11,67,0,0,79,19,98,0,5,130,30,165,28,20,48,213
10/09/2003,MFD,OH,AGL,CE,Towers with Radar,0,6,47,9,62,0,0,66,0,66,0,6,113,9,128,18,2,20,148
10/10/2003,MFD,OH,AGL,CE,Towers with Radar,0,2,45,5,52,0,0,20,0,20,0,2,65,5,72,10,0,10,82
10/11/2003,MFD,OH,AGL,CE,Towers with Radar,0,5,34,2,41,0,0,53,0,53,0,5,87,2,94,14,0,14,108
10/12/2003,MFD,OH,AGL,CE,Towers with Radar,0,0,28,3,31,0,0,33,0,33,0,0,61,3,64,0,0,0,64
10/13/2003,MFD,OH,AGL,CE,Towers with Radar,0,10,40,2,52,2,2,58,0,62,2,12,98,2,114,24,0,24,138
10/14/2003,MFD,OH,AGL,CE,Towers with Radar,0,6,18,2,26,0,16,0,0,16,0,22,18,2,42,16,0,16,58
10/15/2003,MFD,OH,AGL,CE,Towers with Radar,0,4,27,4,35,0,0,7,0,7,0,4,34,4,42,20,0,20,62
10/16/2003,MFD,OH,AGL,CE,Towers with Radar,0,11,43,7,61,0,9,0,0,9,0,20,43,7,70,32,2,34,104
10/17/2003,MFD,OH,AGL,CE,Towers with Radar,0,12,46,8,66,0,26,40,0,66,0,38,86,8,132,50,0,50,182
10/18/2003,MFD,OH,AGL,CE,Towers with Radar,0,10,42,1,53,0,9,62,0,71,0,19,104,1,124,12,0,12,136
10/19/2003,MFD,OH,AGL,CE,Towers with Radar,0,0,35,6,41,0,0,99,2,101,0,0,134,8,142,18,0,18,160
10/20/2003,MFD,OH,AGL,CE,Towers with Radar,0,0,35,7,42,0,0,39,7,46,0,0,74,14,88,42,6,48,136
10/21/2003,MFD,OH,AGL,CE,Towers with Radar,0,11,45,8,64,0,25,12,8,45,0,36,57,16,109,12,4,16,125
10/22/2003,MFD,OH,AGL,CE,Towers with Radar,0,2,43,8,53,0,0,9,39,48,0,2,52,47,101,2,12,14,115
10/23/2003,MFD,OH,AGL,CE,Towers with Radar,0,9,39,7,55,0,5,18,2,25,0,14,57,9,80,36,10,46,126
10/24/2003,MFD,OH,AGL,CE,Towers with Radar,0,9,37,3,49,0,15,79,0,94,0,24,116,3,143,52,0,52,195
10/25/2003,MFD,OH,AGL,CE,Towers with Radar,0,4,21,0,25,0,0,45,0,45,0,4,66,0,70,16,0,16,86
10/26/2003,MFD,OH,AGL,CE,Towers with Radar,0,0,29,0,29,0,0,9,0,9,0,0,38,0,38,6,0,6,44
10/27/2003,MFD,OH,AGL,CE,Towers with Radar,0,7,29,2,38,0,5,3,0,8,0,12,32,2,46,4,0,4,50
10/28/2003,MFD,OH,AGL,CE,Towers with Radar,0,8,24,7,39,0,0,0,5,5,0,8,24,12,44,0,2,2,46
10/29/2003,MFD,OH,AGL,CE,Towers with Radar,0,12,49,9,70,0,14,12,23,49,0,26,61,32,119,16,38,54,173
10/30/2003,MFD,OH,AGL,CE,Towers with Radar,0,1,41,8,50,0,0,38,10,48,0,1,79,18,98,26,10,36,134
10/31/2003,MFD,OH,AGL,CE,Towers with Radar,0,6,28,0,34,1,2,25,0,28,1,8,53,0,62,6,0,6,68
11/01/2003,MFD,OH,AGL,CE,Towers with Radar,0,0,34,3,37,0,0,10,0,10,0,0,44,3,47,0,0,0,47
11/02/2003,MFD,OH,AGL,CE,Towers with Radar,0,2,38,2,42,0,0,48,0,48,0,2,86,2,90,26,0,26,116
11/03/2003,MFD,OH,AGL,CE,Towers with Radar,0,7,37,7,51,0,2,29,10,41,0,9,66,17,92,26,0,26,118
11/04/2003,MFD,OH,AGL,CE,Towers with Radar,0,7,41,8,56,0,2,26,11,39,0,9,67,19,95,26,0,26,121
11/05/2003,MFD,OH,AGL,CE,Towers with Radar,0,8,47,9,64,0,10,4,17,31,0,18,51,26,95,6,34,40,135
11/06/2003,MFD,OH,AGL,CE,Towers with Radar,0,4,56,11,71,0,0,6,19,25,0,4,62,30,96,8,8,16,112
11/07/2003,MFD,OH,AGL,CE,Towers with Radar,0,3,38,1,42,0,0,29,0,29,0,3,67,1,71,54,0,54,125
11/08/2003,MFD,OH,AGL,CE,Towers with Radar,0,5,31,2,38,0,1,67,0,68,0,6,98,2,106,10,0,10,116
11/09/2003,MFD,OH,AGL,CE,Towers with Radar,0,2,41,2,45,0,0,75,0,75,0,2,116,2,120,0,0,0,120
11/10/2003,MFD,OH,AGL,CE,Towers with Radar,0,2,32,2,36,0,0,52,0,52,0,2,84,2,88,10,0,10,98
11/11/2003,MFD,OH,AGL,CE,Towers with Radar,0,7,30,2,39,0,0,0,0,0,0,7,30,2,39,0,0,0,39
11/12/2003,MFD,OH,AGL,CE,Towers with Radar,0,8,30,8,46,0,14,0,8,22,0,22,30,16,68,4,0,4,72
11/13/2003,MFD,OH,AGL,CE,Towers with Radar,0,2,17,4,23,0,0,0,10,10,0,2,17,14,33,0,20,20,53
11/14/2003,MFD,OH,AGL,CE,Towers with Radar,0,2,37,7,46,0,0,28,1,29,0,2,65,8,75,4,4,8,83
11/15/2003,MFD,OH,AGL,CE,Towers with Radar,0,3,4,2,9,0,38,0,0,38,0,41,4,2,47,0,0,0,47
11/16/2003,MFD,OH,AGL,CE,Towers with Radar,0,2,32,6,40,0,0,16,1,17,0,2,48,7,57,0,0,0,57
11/17/2003,MFD,OH,AGL,CE,Towers with Radar,0,5,34,0,39,0,10,2,0,12,0,15,36,0,51,20,0,20,71
11/18/2003,MFD,OH,AGL,CE,Towers with Radar,0,4,8,4,16,0,8,0,11,19,0,12,8,15,35,4,2,6,41
11/19/2003,MFD,OH,AGL,CE,Towers with Radar,0,0,38,6,44,0,0,26,30,56,0,0,64,36,100,10,34,44,144
11/20/2003,MFD,OH,AGL,CE,Towers with Radar,0,0,43,7,50,0,0,72,8,80,0,0,115,15,130,22,14,36,166
11/21/2003,MFD,OH,AGL,CE,Towers with Radar,0,7,40,6,53,0,2,95,0,97,0,9,135,6,150,28,0,28,178
11/22/2003,MFD,OH,AGL,CE,Towers with Radar,0,6,38,2,46,0,1,128,0,129,0,7,166,2,175,38,0,38,213
11/23/2003,MFD,OH,AGL,CE,Towers with Radar,0,5,28,1,34,0,1,71,0,72,0,6,99,1,106,4,0,4,110
11/24/2003,MFD,OH,AGL,CE,Towers with Radar,0,1,8,2,11,0,0,0,0,0,0,1,8,2,11,0,2,2,13
11/25/2003,MFD,OH,AGL,CE,Towers with Radar,0,2,49,8,59,0,0,27,6,33,0,2,76,14,92,16,6,22,114
11/26/2003,MFD,OH,AGL,CE,Towers with Radar,0,2,47,6,55,0,0,25,0,25,0,2,72,6,80,6,2,8,88
11/27/2003,MFD,OH,AGL,CE,Towers with Radar,0,0,6,0,6,0,0,0,0,0,0,0,6,0,6,0,0,0,6
11/28/2003,MFD,OH,AGL,CE,Towers with Radar,0,1,4,0,5,0,1,0,0,1,0,2,4,0,6,0,0,0,6
11/29/2003,MFD,OH,AGL,CE,Towers with Radar,0,0,14,0,14,0,0,0,0,0,0,0,14,0,14,14,0,14,28
11/30/2003,MFD,OH,AGL,CE,Towers with Radar,0,0,36,0,36,0,0,14,0,14,0,0,50,0,50,14,0,14,64
12/01/2003,MFD,OH,AGL,CE,Towers with Radar,0,1,20,6,27,0,0,7,0,7,0,1,27,6,34,12,0,12,46
12/02/2003,MFD,OH,AGL,CE,Towers with Radar,0,7,34,13,54,0,0,26,6,32,0,7,60,19,86,24,10,34,120
12/03/2003,MFD,OH,AGL,CE,Towers with Radar,0,9,48,18,75,0,5,32,26,63,0,14,80,44,138,24,62,86,224
12/04/2003,MFD,OH,AGL,CE,Towers with Radar,0,8,44,17,69,0,16,13,16,45,0,24,57,33,114,8,22,30,144
12/05/2003,MFD,OH,AGL,CE,Towers with Radar,0,0,8,1,9,0,0,0,0,0,0,0,8,1,9,0,0,0,9
12/06/2003,MFD,OH,AGL,CE,Towers with Radar,0,4,19,8,31,0,0,0,0,0,0,4,19,8,31,0,0,0,31
12/07/2003,MFD,OH,AGL,CE,Towers with Radar,0,5,28,9,42,0,7,73,0,80,0,12,101,9,122,50,12,62,184
12/08/2003,MFD,OH,AGL,CE,Towers with Radar,0,4,31,12,47,0,0,32,1,33,0,4,63,13,80,16,4,20,100
12/09/2003,MFD,OH,AGL,CE,Towers with Radar,0,2,11,10,23,0,0,0,8,8,0,2,11,18,31,0,0,0,31
12/10/2003,MFD,OH,AGL,CE,Towers with Radar,0,0,21,17,38,0,0,0,47,47,0,0,21,64,85,0,0,0,85
12/11/2003,MFD,OH,AGL,CE,Towers with Radar,0,4,7,8,19,0,1,0,8,9,0,5,7,16,28,0,8,8,36
12/12/2003,MFD,OH,AGL,CE,Towers with Radar,0,7,40,9,56,0,0,48,0,48,0,7,88,9,104,26,0,26,130
12/13/2003,MFD,OH,AGL,CE,Towers with Radar,0,4,30,8,42,0,3,89,0,92,0,7,119,8,134,40,0,40,174
12/14/2003,MFD,OH,AGL,CE,Towers with Radar,0,0,0,1,1,0,0,0,0,0,0,0,0,1,1,0,0,0,1
12/15/2003,MFD,OH,AGL,CE,Towers with Radar,0,3,8,0,11,0,7,0,0,7,0,10,8,0,18,0,0,0,18
12/16/2003,MFD,OH,AGL,CE,Towers with Radar,0,4,24,11,39,0,6,0,11,17,0,10,24,22,56,6,0,6,62
12/17/2003,MFD,OH,AGL,CE,Towers with Radar,0,3,21,7,31,0,2,8,8,18,0,5,29,15,49,6,0,6,55
12/18/2003,MFD,OH,AGL,CE,Towers with Radar,0,6,45,16,67,0,4,21,5,30,0,10,66,21,97,16,38,54,151
12/19/2003,MFD,OH,AGL,CE,Towers with Radar,0,2,0,3,5,0,5,0,0,5,0,7,0,3,10,0,0,0,10
12/20/2003,MFD,OH,AGL,CE,Towers with Radar,0,0,23,2,25,0,0,39,0,39,0,0,62,2,64,18,0,18,82
12/21/2003,MFD,OH,AGL,CE,Towers with Radar,0,0,22,5,27,0,0,40,0,40,0,0,62,5,67,0,0,0,67
12/22/2003,MFD,OH,AGL,CE,Towers with Radar,0,4,35,12,51,0,0,3,0,3,0,4,38,12,54,12,4,16,70
12/23/2003,MFD,OH,AGL,CE,Towers with Radar,0,0,0,8,8,0,0,0,1,1,0,0,0,9,9,0,0,0,9
12/24/2003,MFD,OH,AGL,CE,Towers with Radar,0,0,2,0,2,0,0,0,0,0,0,0,2,0,2,0,0,0,2
12/25/2003,MFD,OH,AGL,CE,Towers with Radar,0,0,0,0,0,0,0,0,0,0,0,0,0,0,0,0,0,0,0
12/26/2003,MFD,OH,AGL,CE,Towers with Radar,0,0,29,0,29,0,0,59,0,59,0,0,88,0,88,24,0,24,112
12/27/2003,MFD,OH,AGL,CE,Towers with Radar,0,0,34,6,40,0,0,150,0,150,0,0,184,6,190,24,0,24,214
12/28/2003,MFD,OH,AGL,CE,Towers with Radar,0,0,21,0,21,0,0,91,0,91,0,0,112,0,112,16,0,16,128
12/29/2003,MFD,OH,AGL,CE,Towers with Radar,0,2,15,0,17,0,4,0,0,4,0,6,15,0,21,0,0,0,21
12/30/2003,MFD,OH,AGL,CE,Towers with Radar,0,0,16,2,18,0,0,20,0,20,0,0,36,2,38,12,0,12,50
12/31/2003,MFD,OH,AGL,CE,Towers with Radar,0,0,15,0,15,0,0,30,0,30,0,0,45,0,45,6,0,6,51
01/01/2004,MFD,OH,AGL,CE,Towers with Radar,0,2,16,0,18,0,0,52,0,52,0,2,68,0,70,18,0,18,88
01/02/2004,MFD,OH,AGL,CE,Towers with Radar,0,1,27,2,30,0,0,15,0,15,0,1,42,2,45,0,0,0,45
01/03/2004,MFD,OH,AGL,CE,Towers with Radar,0,0,24,0,24,0,0,27,0,27,0,0,51,0,51,2,0,2,53
01/04/2004,MFD,OH,AGL,CE,Towers with Radar,0,0,0,0,0,0,0,0,0,0,0,0,0,0,0,0,0,0,0
01/05/2004,MFD,OH,AGL,CE,Towers with Radar,0,2,11,0,13,0,0,0,0,0,0,2,11,0,13,0,0,0,13
01/06/2004,MFD,OH,AGL,CE,Towers with Radar,0,2,20,0,22,0,0,0,0,0,0,2,20,0,22,0,0,0,22
01/07/2004,MFD,OH,AGL,CE,Towers with Radar,0,5,26,2,33,0,13,0,0,13,0,18,26,2,46,8,0,8,54
01/08/2004,MFD,OH,AGL,CE,Towers with Radar,0,2,28,0,30,0,0,31,0,31,0,2,59,0,61,20,0,20,81
01/09/2004,MFD,OH,AGL,CE,Towers with Radar,0,0,32,1,33,0,0,6,0,6,0,0,38,1,39,26,0,26,65
01/10/2004,MFD,OH,AGL,CE,Towers with Radar,0,6,37,0,43,0,29,130,0,159,0,35,167,0,202,56,0,56,258
01/11/2004,MFD,OH,AGL,CE,Towers with Radar,0,5,29,4,38,0,0,27,8,35,0,5,56,12,73,2,0,2,75
01/12/2004,MFD,OH,AGL,CE,Towers with Radar,0,2,5,0,7,0,0,0,0,0,0,2,5,0,7,0,0,0,7
01/13/2004,MFD,OH,AGL,CE,Towers with Radar,0,0,23,4,27,0,0,0,21,21,0,0,23,25,48,10,14,24,72
01/14/2004,MFD,OH,AGL,CE,Towers with Radar,0,3,22,3,28,0,0,0,12,12,0,3,22,15,40,14,28,42,82
01/15/2004,MFD,OH,AGL,CE,Towers with Radar,0,1,29,4,34,0,0,0,4,4,0,1,29,8,38,12,8,20,58
01/16/2004,MFD,OH,AGL,CE,Towers with Radar,0,1,35,0,36,0,0,33,0,33,0,1,68,0,69,24,0,24,93
01/17/2004,MFD,OH,AGL,CE,Towers with Radar,0,0,0,0,0,0,7,0,0,7,0,7,0,0,7,6,0,6,13
01/18/2004,MFD,OH,AGL,CE,Towers with Radar,0,0,8,1,9,0,0,17,3,20,0,0,25,4,29,18,0,18,47
01/19/2004,MFD,OH,AGL,CE,Towers with Radar,0,2,3,0,5,0,1,0,0,1,0,3,3,0,6,0,0,0,6
01/20/2004,MFD,OH,AGL,CE,Towers with Radar,0,0,34,4,38,0,0,28,14,42,0,0,62,18,80,24,0,24,104
01/21/2004,MFD,OH,AGL,CE,Towers with Radar,0,2,38,4,44,0,0,11,3,14,0,2,49,7,58,4,0,4,62
01/22/2004,MFD,OH,AGL,CE,Towers with Radar,0,3,28,0,31,0,0,14,0,14,0,3,42,0,45,4,0,4,49
01/23/2004,MFD,OH,AGL,CE,Towers with Radar,0,4,12,2,18,0,6,0,1,7,0,10,12,3,25,22,0,22,47
01/24/2004,MFD,OH,AGL,CE,Towers with Radar,0,1,21,0,22,0,0,39,0,39,0,1,60,0,61,18,0,18,79
01/25/2004,MFD,OH,AGL,CE,Towers with Radar,0,1,11,1,13,0,5,10,2,17,0,6,21,3,30,4,0,4,34
01/26/2004,MFD,OH,AGL,CE,Towers with Radar,0,0,0,0,0,0,0,0,0,0,0,0,0,0,0,0,0,0,0
01/27/2004,MFD,OH,AGL,CE,Towers with Radar,0,0,2,0,2,0,0,0,0,0,0,0,2,0,2,0,0,0,2
01/28/2004,MFD,OH,AGL,CE,Towers with Radar,0,3,9,2,14,0,1,0,2,3,0,4,9,4,17,0,0,0,17
01/29/2004,MFD,OH,AGL,CE,Towers with Radar,0,1,0,0,1,0,0,0,0,0,0,1,0,0,1,14,0,14,15
01/30/2004,MFD,OH,AGL,CE,Towers with Radar,0,4,28,0,32,0,0,19,0,19,0,4,47,0,51,0,0,0,51
01/31/2004,MFD,OH,AGL,CE,Towers with Radar,0,1,18,0,19,0,0,3,0,3,0,1,21,0,22,4,0,4,26
02/01/2004,MFD,OH,AGL,CE,Towers with Radar,0,1,9,0,10,0,0,38,0,38,0,1,47,0,48,6,0,6,54
02/02/2004,MFD,OH,AGL,CE,Towers with Radar,0,3,18,2,23,0,0,13,0,13,0,3,31,2,36,20,0,20,56
02/03/2004,MFD,OH,AGL,CE,Towers with Radar,0,0,2,3,5,0,0,0,11,11,0,0,2,14,16,0,0,0,16
02/04/2004,MFD,OH,AGL,CE,Towers with Radar,0,8,40,9,57,0,0,31,12,43,0,8,71,21,100,30,30,60,160
02/05/2004,MFD,OH,AGL,CE,Towers with Radar,0,0,15,4,19,0,0,0,6,6,0,0,15,10,25,8,2,10,35
02/06/2004,MFD,OH,AGL,CE,Towers with Radar,0,0,9,6,15,0,0,0,28,28,0,0,9,34,43,0,0,0,43
02/07/2004,MFD,OH,AGL,CE,Towers with Radar,0,0,6,0,6,0,0,0,0,0,0,0,6,0,6,0,0,0,6
02/08/2004,MFD,OH,AGL,CE,Towers with Radar,0,2,29,7,38,0,0,91,1,92,0,2,120,8,130,28,0,28,158
02/09/2004,MFD,OH,AGL,CE,Towers with Radar,0,4,18,6,28,0,0,0,6,6,0,4,18,12,34,10,10,20,54
02/10/2004,MFD,OH,AGL,CE,Towers with Radar,0,6,30,7,43,0,0,0,5,5,0,6,30,12,48,2,14,16,64
02/11/2004,MFD,OH,AGL,CE,Towers with Radar,0,4,47,10,61,0,0,57,10,67,0,4,104,20,128,44,16,60,188
02/12/2004,MFD,OH,AGL,CE,Towers with Radar,0,0,38,2,40,0,0,3,0,3,0,0,41,2,43,8,0,8,51
02/13/2004,MFD,OH,AGL,CE,Towers with Radar,0,0,28,6,34,0,0,9,0,9,0,0,37,6,43,2,2,4,47
02/14/2004,MFD,OH,AGL,CE,Towers with Radar,0,0,24,1,25,0,0,74,0,74,0,0,98,1,99,16,0,16,115
02/15/2004,MFD,OH,AGL,CE,Towers with Radar,0,0,22,2,24,0,0,31,0,31,0,0,53,2,55,8,0,8,63
02/16/2004,MFD,OH,AGL,CE,Towers with Radar,0,4,24,0,28,0,6,74,0,80,0,10,98,0,108,18,0,18,126
02/17/2004,MFD,OH,AGL,CE,Towers with Radar,0,5,30,3,38,0,0,40,0,40,0,5,70,3,78,18,0,18,96
02/18/2004,MFD,OH,AGL,CE,Towers with Radar,0,5,34,6,45,0,1,46,2,49,0,6,80,8,94,44,8,52,146
02/19/2004,MFD,OH,AGL,CE,Towers with Radar,0,2,47,10,59,0,0,60,11,71,0,2,107,21,130,22,8,30,160
02/20/2004,MFD,OH,AGL,CE,Towers with Radar,0,7,35,0,42,0,16,0,0,16,0,23,35,0,58,8,0,8,66
02/21/2004,MFD,OH,AGL,CE,Towers with Radar,0,0,0,0,0,0,1,0,0,1,0,1,0,0,1,0,0,0,1
02/22/2004,MFD,OH,AGL,CE,Towers with Radar,0,0,35,1,36,0,0,55,0,55,0,0,90,1,91,18,0,18,109
02/23/2004,MFD,OH,AGL,CE,Towers with Radar,0,5,30,0,35,0,3,12,0,15,0,8,42,0,50,8,0,8,58
02/24/2004,MFD,OH,AGL,CE,Towers with Radar,0,5,6,7,18,0,1,0,4,5,0,6,6,11,23,0,4,4,27
02/25/2004,MFD,OH,AGL,CE,Towers with Radar,0,7,44,9,60,0,9,38,3,50,0,16,82,12,110,44,2,46,156
02/26/2004,MFD,OH,AGL,CE,Towers with Radar,0,7,41,8,56,0,11,29,12,52,0,18,70,20,108,52,4,56,164
02/27/2004,MFD,OH,AGL,CE,Towers with Radar,0,7,44,9,60,0,9,79,0,88,0,16,123,9,148,38,0,38,186
02/28/2004,MFD,OH,AGL,CE,Towers with Radar,0,6,38,0,44,0,9,124,0,133,0,15,162,0,177,24,0,24,201
02/29/2004,MFD,OH,AGL,CE,Towers with Radar,0,0,32,0,32,0,0,120,0,120,0,0,152,0,152,8,0,8,160
03/01/2004,MFD,OH,AGL,CE,Towers with Radar,0,4,14,3,21,0,6,0,0,6,0,10,14,3,27,10,0,10,37
03/02/2004,MFD,OH,AGL,CE,Towers with Radar,0,7,20,3,30,0,3,0,17,20,0,10,20,20,50,4,26,30,80
03/03/2004,MFD,OH,AGL,CE,Towers with Radar,0,2,46,5,53,0,0,25,11,36,0,2,71,16,89,10,10,20,109
03/04/2004,MFD,OH,AGL,CE,Towers with Radar,0,1,27,3,31,0,0,0,5,5,0,1,27,8,36,0,0,0,36
03/05/2004,MFD,OH,AGL,CE,Towers with Radar,0,3,5,1,9,0,0,0,1,1,0,3,5,2,10,6,0,6,16
03/06/2004,MFD,OH,AGL,CE,Towers with Radar,0,7,31,4,42,0,14,14,1,29,0,21,45,5,71,2,0,2,73
03/07/2004,MFD,OH,AGL,CE,Towers with Radar,0,3,14,0,17,0,5,5,0,10,0,8,19,0,27,0,0,0,27
03/08/2004,MFD,OH,AGL,CE,Towers with Radar,0,5,7,0,12,0,9,0,0,9,0,14,7,0,21,2,0,2,23
03/09/2004,MFD,OH,AGL,CE,Towers with Radar,0,7,40,6,53,0,19,7,4,30,0,26,47,10,83,18,0,18,101
03/10/2004,MFD,OH,AGL,CE,Towers with Radar,0,13,69,9,91,0,9,89,1,99,0,22,158,10,190,48,22,70,260
03/11/2004,MFD,OH,AGL,CE,Towers with Radar,0,0,16,4,20,0,0,0,19,19,0,0,16,23,39,2,26,28,67
03/12/2004,MFD,OH,AGL,CE,Towers with Radar,0,0,17,3,20,0,0,0,0,0,0,0,17,3,20,0,0,0,20
03/13/2004,MFD,OH,AGL,CE,Towers with Radar,0,2,30,5,37,0,0,119,10,129,0,2,149,15,166,22,0,22,188
03/14/2004,MFD,OH,AGL,CE,Towers with Radar,0,0,11,2,13,0,0,0,3,3,0,0,11,5,16,0,0,0,16
03/15/2004,MFD,OH,AGL,CE,Towers with Radar,0,0,43,3,46,0,0,71,0,71,0,0,114,3,117,10,0,10,127
03/16/2004,MFD,OH,AGL,CE,Towers with Radar,0,2,0,0,2,0,0,0,0,0,0,2,0,0,2,0,0,0,2
03/17/2004,MFD,OH,AGL,CE,Towers with Radar,0,0,31,4,35,0,0,3,2,5,0,0,34,6,40,10,0,10,50
03/18/2004,MFD,OH,AGL,CE,Towers with Radar,0,2,30,2,34,0,0,7,0,7,0,2,37,2,41,0,0,0,41
03/19/2004,MFD,OH,AGL,CE,Towers with Radar,0,3,45,0,48,0,0,61,0,61,0,3,106,0,109,24,0,24,133
03/20/2004,MFD,OH,AGL,CE,Towers with Radar,0,1,10,0,11,0,0,4,0,4,0,1,14,0,15,0,0,0,15
03/21/2004,MFD,OH,AGL,CE,Towers with Radar,0,0,5,0,5,0,0,0,0,0,0,0,5,0,5,0,0,0,5
03/22/2004,MFD,OH,AGL,CE,Towers with Radar,0,6,32,5,43,0,10,3,0,13,0,16,35,5,56,28,0,28,84
03/23/2004,MFD,OH,AGL,CE,Towers with Radar,0,0,42,1,43,0,0,47,0,47,0,0,89,1,90,22,0,22,112
03/24/2004,MFD,OH,AGL,CE,Towers with Radar,0,0,26,4,30,1,0,0,4,5,1,0,26,8,35,8,8,16,51
03/25/2004,MFD,OH,AGL,CE,Towers with Radar,0,8,45,5,58,0,7,10,7,24,0,15,55,12,82,20,36,56,138
03/26/2004,MFD,OH,AGL,CE,Towers with Radar,0,6,18,0,24,0,11,0,0,11,0,17,18,0,35,0,2,2,37
03/27/2004,MFD,OH,AGL,CE,Towers with Radar,0,1,44,0,45,0,0,53,0,53,0,1,97,0,98,16,0,16,114
03/28/2004,MFD,OH,AGL,CE,Towers with Radar,0,1,43,2,46,0,0,131,0,131,0,1,174,2,177,12,0,12,189
03/29/2004,MFD,OH,AGL,CE,Towers with Radar,0,1,33,0,34,0,0,3,0,3,0,1,36,0,37,6,0,6,43
03/30/2004,MFD,OH,AGL,CE,Towers with Radar,0,1,29,5,35,0,0,0,3,3,0,1,29,8,38,0,0,0,38
03/31/2004,MFD,OH,AGL,CE,Towers with Radar,0,2,5,0,7,0,0,0,0,0,0,2,5,0,7,0,0,0,7
04/01/2004,MFD,OH,AGL,CE,Towers with Radar,0,2,5,0,7,0,0,0,0,0,0,2,5,0,7,0,0,0,7
04/02/2004,MFD,OH,AGL,CE,Towers with Radar,0,2,9,6,17,0,0,0,0,0,0,2,9,6,17,0,0,0,17
04/03/2004,MFD,OH,AGL,CE,Towers with Radar,0,14,0,0,14,0,152,0,0,152,0,166,0,0,166,18,0,18,184
04/04/2004,MFD,OH,AGL,CE,Towers with Radar,0,0,6,1,7,0,0,0,0,0,0,0,6,1,7,0,0,0,7
04/05/2004,MFD,OH,AGL,CE,Towers with Radar,0,13,44,8,65,0,32,48,1,81,0,45,92,9,146,28,8,36,182
04/06/2004,MFD,OH,AGL,CE,Towers with Radar,0,15,51,9,75,0,15,23,15,53,0,30,74,24,128,48,4,52,180
04/07/2004,MFD,OH,AGL,CE,Towers with Radar,0,14,57,11,82,0,0,50,26,76,0,14,107,37,158,8,26,34,192
04/08/2004,MFD,OH,AGL,CE,Towers with Radar,0,0,40,8,48,0,0,28,10,38,0,0,68,18,86,36,8,44,130
04/09/2004,MFD,OH,AGL,CE,Towers with Radar,0,1,40,8,49,0,0,93,2,95,0,1,133,10,144,60,6,66,210
04/10/2004,MFD,OH,AGL,CE,Towers with Radar,0,2,26,2,30,0,0,116,0,116,0,2,142,2,146,12,0,12,158
04/11/2004,MFD,OH,AGL,CE,Towers with Radar,0,7,23,0,30,0,0,20,0,20,0,7,43,0,50,2,0,2,52
04/12/2004,MFD,OH,AGL,CE,Towers with Radar,0,0,26,6,32,0,0,0,1,1,0,0,26,7,33,14,0,14,47
04/13/2004,MFD,OH,AGL,CE,Towers with Radar,0,3,4,3,10,0,0,0,0,0,0,3,4,3,10,0,0,0,10
04/14/2004,MFD,OH,AGL,CE,Towers with Radar,0,13,39,2,54,0,29,28,0,57,0,42,67,2,111,14,0,14,125
04/15/2004,MFD,OH,AGL,CE,Towers with Radar,0,10,35,6,51,0,3,84,10,97,0,13,119,16,148,56,24,80,228
04/16/2004,MFD,OH,AGL,CE,Towers with Radar,0,7,23,4,34,0,1,66,2,69,0,8,89,6,103,38,4,42,145
04/17/2004,MFD,OH,AGL,CE,Towers with Radar,0,9,28,4,41,0,5,43,2,50,0,14,71,6,91,22,2,24,115
04/18/2004,MFD,OH,AGL,CE,Towers with Radar,0,0,24,4,28,0,0,44,1,45,0,0,68,5,73,18,0,18,91
04/19/2004,MFD,OH,AGL,CE,Towers with Radar,0,8,20,1,29,0,7,0,0,7,0,15,20,1,36,10,0,10,46
04/20/2004,MFD,OH,AGL,CE,Towers with Radar,0,1,39,3,43,0,0,16,0,16,0,1,55,3,59,20,0,20,79
04/21/2004,MFD,OH,AGL,CE,Towers with Radar,0,11,17,6,34,0,19,0,16,35,0,30,17,22,69,0,22,22,91
04/22/2004,MFD,OH,AGL,CE,Towers with Radar,0,19,57,2,78,0,17,0,0,17,0,36,57,2,95,8,0,8,103
04/23/2004,MFD,OH,AGL,CE,Towers with Radar,0,8,41,4,53,0,0,1,0,1,0,8,42,4,54,38,0,38,92
04/24/2004,MFD,OH,AGL,CE,Towers with Radar,0,12,41,2,55,0,4,135,0,139,0,16,176,2,194,36,0,36,230
04/25/2004,MFD,OH,AGL,CE,Towers with Radar,0,2,13,1,16,0,0,1,0,1,0,2,14,1,17,0,0,0,17
04/26/2004,MFD,OH,AGL,CE,Towers with Radar,0,0,28,3,31,0,0,5,0,5,0,0,33,3,36,6,0,6,42
04/27/2004,MFD,OH,AGL,CE,Towers with Radar,0,4,31,5,40,0,0,9,11,20,0,4,40,16,60,26,18,44,104
04/28/2004,MFD,OH,AGL,CE,Towers with Radar,0,4,37,6,47,0,0,31,8,39,0,4,68,14,86,12,10,22,108
04/29/2004,MFD,OH,AGL,CE,Towers with Radar,0,5,34,5,44,0,0,21,4,25,0,5,55,9,69,36,28,64,133
04/30/2004,MFD,OH,AGL,CE,Towers with Radar,0,7,34,1,42,0,0,0,0,0,0,7,34,1,42,8,0,8,50
05/01/2004,MFD,OH,AGL,CE,Towers with Radar,0,5,30,0,35,0,1,76,0,77,0,6,106,0,112,116,0,116,228
05/02/2004,MFD,OH,AGL,CE,Towers with Radar,0,0,13,0,13,0,0,0,0,0,0,0,13,0,13,0,0,0,13
05/03/2004,MFD,OH,AGL,CE,Towers with Radar,0,0,40,3,43,0,0,54,0,54,0,0,94,3,97,24,0,24,121
05/04/2004,MFD,OH,AGL,CE,Towers with Radar,0,8,39,5,52,0,2,23,9,34,0,10,62,14,86,21,0,21,107
05/05/2004,MFD,OH,AGL,CE,Towers with Radar,1,11,53,6,71,5,3,40,15,63,6,14,93,21,134,38,34,72,206
05/06/2004,MFD,OH,AGL,CE,Towers with Radar,0,9,47,1,57,0,12,43,0,55,0,21,90,1,112,42,0,42,154
05/07/2004,MFD,OH,AGL,CE,Towers with Radar,0,10,40,1,51,0,6,0,0,6,0,16,40,1,57,0,0,0,57
05/08/2004,MFD,OH,AGL,CE,Towers with Radar,0,9,37,4,50,0,4,103,0,107,0,13,140,4,157,26,0,26,183
05/09/2004,MFD,OH,AGL,CE,Towers with Radar,0,9,36,0,45,0,11,43,0,54,0,20,79,0,99,28,0,28,127
05/10/2004,MFD,OH,AGL,CE,Towers with Radar,0,2,29,0,31,0,0,13,0,13,0,2,42,0,44,26,0,26,70
05/11/2004,MFD,OH,AGL,CE,Towers with Radar,0,4,47,6,57,0,0,20,2,22,0,4,67,8,79,20,44,64,143
05/12/2004,MFD,OH,AGL,CE,Towers with Radar,0,9,49,6,64,0,10,10,14,34,0,19,59,20,98,42,32,74,172
05/13/2004,MFD,OH,AGL,CE,Towers with Radar,0,8,41,6,55,2,0,9,2,13,2,8,50,8,68,32,32,64,132
05/14/2004,MFD,OH,AGL,CE,Towers with Radar,0,4,36,3,43,0,0,7,0,7,0,4,43,3,50,36,0,36,86
05/15/2004,MFD,OH,AGL,CE,Towers with Radar,0,0,60,2,62,0,0,54,0,54,0,0,114,2,116,0,0,0,116
05/16/2004,MFD,OH,AGL,CE,Towers with Radar,0,6,74,11,91,2,0,96,5,103,2,6,170,16,194,6,0,6,200
05/17/2004,MFD,OH,AGL,CE,Towers with Radar,0,9,42,2,53,0,9,26,0,35,0,18,68,2,88,14,0,14,102
05/18/2004,MFD,OH,AGL,CE,Towers with Radar,0,6,26,2,34,0,4,0,0,4,0,10,26,2,38,2,0,2,40
05/19/2004,MFD,OH,AGL,CE,Towers with Radar,0,1,64,10,75,0,0,15,24,39,0,1,79,34,114,28,10,38,152
05/20/2004,MFD,OH,AGL,CE,Towers with Radar,0,10,50,6,66,0,9,9,0,18,0,19,59,6,84,28,0,28,112
05/21/2004,MFD,OH,AGL,CE,Towers with Radar,0,9,29,7,45,0,9,0,1,10,0,18,29,8,55,32,0,32,87
05/22/2004,MFD,OH,AGL,CE,Towers with Radar,0,6,32,4,42,0,2,37,1,40,0,8,69,5,82,40,4,44,126
05/23/2004,MFD,OH,AGL,CE,Towers with Radar,0,6,32,4,42,0,6,21,1,28,0,12,53,5,70,40,2,42,112
05/24/2004,MFD,OH,AGL,CE,Towers with Radar,0,8,40,0,48,0,4,6,0,10,0,12,46,0,58,30,0,30,88
05/25/2004,MFD,OH,AGL,CE,Towers with Radar,0,8,38,5,51,0,10,1,10,21,0,18,39,15,72,22,6,28,100
05/26/2004,MFD,OH,AGL,CE,Towers with Radar,0,0,54,4,58,0,0,48,0,48,0,0,102,4,106,16,0,16,122
05/27/2004,MFD,OH,AGL,CE,Towers with Radar,0,10,46,3,59,0,1,0,0,1,0,11,46,3,60,8,8,16,76
05/28/2004,MFD,OH,AGL,CE,Towers with Radar,0,10,53,3,66,2,3,10,0,15,2,13,63,3,81,0,0,0,81
05/29/2004,MFD,OH,AGL,CE,Towers with Radar,0,2,26,0,28,0,0,113,0,113,0,2,139,0,141,40,0,40,181
05/30/2004,MFD,OH,AGL,CE,Towers with Radar,0,0,21,2,23,0,0,46,0,46,0,0,67,2,69,14,0,14,83
05/31/2004,MFD,OH,AGL,CE,Towers with Radar,0,0,32,2,34,0,0,0,0,0,0,0,32,2,34,0,0,0,34
06/01/2004,MFD,OH,AGL,CE,Towers with Radar,0,0,32,5,37,0,0,32,3,35,0,0,64,8,72,8,0,8,80
06/02/2004,MFD,OH,AGL,CE,Towers with Radar,0,2,45,5,52,0,0,20,0,20,0,2,65,5,72,14,20,34,106
06/03/2004,MFD,OH,AGL,CE,Towers with Radar,0,4,41,6,51,0,0,53,7,60,0,4,94,13,111,12,4,16,127
06/04/2004,MFD,OH,AGL,CE,Towers with Radar,0,6,44,6,56,0,0,71,0,71,0,6,115,6,127,46,6,52,179
06/05/2004,MFD,OH,AGL,CE,Towers with Radar,0,11,41,1,53,0,28,89,0,117,0,39,130,1,170,26,0,26,196
06/06/2004,MFD,OH,AGL,CE,Towers with Radar,0,7,27,0,34,0,12,27,0,39,0,19,54,0,73,24,0,24,97
06/07/2004,MFD,OH,AGL,CE,Towers with Radar,0,12,52,8,72,0,15,50,1,66,0,27,102,9,138,50,8,58,196
06/08/2004,MFD,OH,AGL,CE,Towers with Radar,0,10,45,7,62,0,5,42,9,56,0,15,87,16,118,6,16,22,140
06/09/2004,MFD,OH,AGL,CE,Towers with Radar,0,4,32,2,38,0,0,16,0,16,0,4,48,2,54,26,0,26,80
06/10/2004,MFD,OH,AGL,CE,Towers with Radar,0,7,29,5,41,0,1,0,1,2,0,8,29,6,43,6,0,6,49
06/11/2004,MFD,OH,AGL,CE,Towers with Radar,0,2,9,1,12,0,0,0,0,0,0,2,9,1,12,0,0,0,12
06/12/2004,MFD,OH,AGL,CE,Towers with Radar,0,6,23,2,31,0,0,24,0,24,0,6,47,2,55,0,0,0,55
06/13/2004,MFD,OH,AGL,CE,Towers with Radar,0,0,32,3,35,0,0,28,0,28,0,0,60,3,63,0,0,0,63
06/14/2004,MFD,OH,AGL,CE,Towers with Radar,0,2,22,1,25,0,0,1,0,1,0,2,23,1,26,14,0,14,40
06/15/2004,MFD,OH,AGL,CE,Towers with Radar,0,4,38,4,46,0,0,24,0,24,0,4,62,4,70,16,8,24,94
06/16/2004,MFD,OH,AGL,CE,Towers with Radar,0,8,31,5,44,0,11,0,9,20,0,19,31,14,64,10,2,12,76
06/17/2004,MFD,OH,AGL,CE,Towers with Radar,0,5,40,5,50,0,0,4,1,5,0,5,44,6,55,4,6,10,65
06/18/2004,MFD,OH,AGL,CE,Towers with Radar,0,4,43,0,47,0,0,13,0,13,0,4,56,0,60,2,0,2,62
06/19/2004,MFD,OH,AGL,CE,Towers with Radar,0,7,35,3,45,0,0,67,0,67,0,7,102,3,112,14,0,14,126
06/20/2004,MFD,OH,AGL,CE,Towers with Radar,0,6,35,0,41,0,0,107,0,107,0,6,142,0,148,4,0,4,152
06/21/2004,MFD,OH,AGL,CE,Towers with Radar,0,6,27,0,33,0,2,24,0,26,0,8,51,0,59,4,0,4,63
06/22/2004,MFD,OH,AGL,CE,Towers with Radar,0,8,26,5,39,0,0,0,9,9,0,8,26,14,48,6,10,16,64
06/23/2004,MFD,OH,AGL,CE,Towers with Radar,0,10,61,8,79,0,0,119,16,135,0,10,180,24,214,28,42,70,284
06/24/2004,MFD,OH,AGL,CE,Towers with Radar,0,8,47,6,61,0,0,48,19,67,0,8,95,25,128,16,16,32,160
06/25/2004,MFD,OH,AGL,CE,Towers with Radar,0,13,57,2,72,0,2,19,0,21,0,15,76,2,93,28,0,28,121
06/26/2004,MFD,OH,AGL,CE,Towers with Radar,0,7,30,0,37,0,2,94,0,96,0,9,124,0,133,6,0,6,139
06/27/2004,MFD,OH,AGL,CE,Towers with Radar,0,7,31,2,40,0,1,121,0,122,0,8,152,2,162,10,0,10,172
06/28/2004,MFD,OH,AGL,CE,Towers with Radar,0,4,18,0,22,0,0,0,0,0,0,4,18,0,22,8,0,8,30
06/29/2004,MFD,OH,AGL,CE,Towers with Radar,0,10,42,5,57,0,8,57,0,65,0,18,99,5,122,18,2,20,142
06/30/2004,MFD,OH,AGL,CE,Towers with Radar,0,4,36,4,44,0,0,64,1,65,0,4,100,5,109,2,0,2,111
07/01/2004,MFD,OH,AGL,CE,Towers with Radar,0,2,32,5,39,0,0,54,16,70,0,2,86,21,109,28,2,30,139
07/02/2004,MFD,OH,AGL,CE,Towers with Radar,0,2,26,2,30,0,0,31,0,31,0,2,57,2,61,0,0,0,61
07/03/2004,MFD,OH,AGL,CE,Towers with Radar,0,7,0,3,10,0,114,0,0,114,0,121,0,3,124,8,0,8,132
07/04/2004,MFD,OH,AGL,CE,Towers with Radar,0,0,6,0,6,0,0,6,0,6,0,0,12,0,12,0,0,0,12
07/05/2004,MFD,OH,AGL,CE,Towers with Radar,0,2,23,1,26,0,0,43,0,43,0,2,66,1,69,4,0,4,73
07/06/2004,MFD,OH,AGL,CE,Towers with Radar,0,0,21,3,24,0,0,14,13,27,0,0,35,16,51,4,4,8,59
07/07/2004,MFD,OH,AGL,CE,Towers with Radar,0,8,27,4,39,0,0,19,16,35,0,8,46,20,74,4,36,40,114
07/08/2004,MFD,OH,AGL,CE,Towers with Radar,0,0,28,5,33,0,0,24,2,26,0,0,52,7,59,16,6,22,81
07/09/2004,MFD,OH,AGL,CE,Towers with Radar,0,2,28,5,35,0,0,84,1,85,0,2,112,6,120,46,2,48,168
07/10/2004,MFD,OH,AGL,CE,Towers with Radar,0,7,22,3,32,0,3,51,1,55,0,10,73,4,87,42,0,42,129
07/11/2004,MFD,OH,AGL,CE,Towers with Radar,0,6,19,0,25,0,8,79,0,87,0,14,98,0,112,14,0,14,126
07/12/2004,MFD,OH,AGL,CE,Towers with Radar,0,5,19,1,25,0,5,2,0,7,0,10,21,1,32,4,0,4,36
07/13/2004,MFD,OH,AGL,CE,Towers with Radar,0,0,27,5,32,0,0,15,1,16,0,0,42,6,48,0,2,2,50
07/14/2004,MFD,OH,AGL,CE,Towers with Radar,0,0,28,6,34,0,0,23,2,25,0,0,51,8,59,12,2,14,73
07/15/2004,MFD,OH,AGL,CE,Towers with Radar,0,8,31,6,45,0,0,43,9,52,0,8,74,15,97,24,2,26,123
07/16/2004,MFD,OH,AGL,CE,Towers with Radar,0,0,22,1,23,0,0,68,0,68,0,0,90,1,91,12,0,12,103
07/17/2004,MFD,OH,AGL,CE,Towers with Radar,0,7,27,0,34,0,11,21,0,32,0,18,48,0,66,20,0,20,86
07/18/2004,MFD,OH,AGL,CE,Towers with Radar,0,7,26,1,34,0,5,23,0,28,0,12,49,1,62,20,0,20,82
07/19/2004,MFD,OH,AGL,CE,Towers with Radar,0,4,29,0,33,0,0,28,0,28,0,4,57,0,61,2,0,2,63
07/20/2004,MFD,OH,AGL,CE,Towers with Radar,0,0,21,4,25,0,0,27,10,37,0,0,48,14,62,14,12,26,88
07/21/2004,MFD,OH,AGL,CE,Towers with Radar,0,8,30,4,42,0,4,6,0,10,0,12,36,4,52,18,4,22,74
07/22/2004,MFD,OH,AGL,CE,Towers with Radar,0,3,33,6,42,0,0,21,6,27,0,3,54,12,69,0,10,10,79
07/23/2004,MFD,OH,AGL,CE,Towers with Radar,0,0,35,2,37,0,0,47,0,47,0,0,82,2,84,22,0,22,106
07/24/2004,MFD,OH,AGL,CE,Towers with Radar,0,6,23,0,29,0,24,81,0,105,0,30,104,0,134,22,0,22,156
07/25/2004,MFD,OH,AGL,CE,Towers with Radar,0,9,35,1,45,0,8,70,0,78,0,17,105,1,123,12,0,12,135
07/26/2004,MFD,OH,AGL,CE,Towers with Radar,0,0,33,1,34,0,0,5,0,5,0,0,38,1,39,0,0,0,39
07/27/2004,MFD,OH,AGL,CE,Towers with Radar,0,0,36,2,38,0,0,0,0,0,0,0,36,2,38,0,0,0,38
07/28/2004,MFD,OH,AGL,CE,Towers with Radar,0,13,45,2,60,0,21,38,0,59,0,34,83,2,119,40,0,40,159
07/29/2004,MFD,OH,AGL,CE,Towers with Radar,0,12,43,2,57,0,32,30,0,62,0,44,73,2,119,8,0,8,127
07/30/2004,MFD,OH,AGL,CE,Towers with Radar,0,8,31,0,39,0,2,0,0,2,0,10,31,0,41,2,0,2,43
07/31/2004,MFD,OH,AGL,CE,Towers with Radar,0,6,24,2,32,0,14,34,0,48,0,20,58,2,80,0,0,0,80
08/01/2004,MFD,OH,AGL,CE,Towers with Radar,0,18,39,0,57,0,0,123,0,123,0,18,162,0,180,26,0,26,206
08/02/2004,MFD,OH,AGL,CE,Towers with Radar,0,4,30,4,38,0,0,28,5,33,0,4,58,9,71,16,0,16,87
08/03/2004,MFD,OH,AGL,CE,Towers with Radar,0,0,36,5,41,0,0,26,5,31,0,0,62,10,72,24,0,24,96
08/04/2004,MFD,OH,AGL,CE,Towers with Radar,0,2,36,5,43,0,0,14,0,14,0,2,50,5,57,4,0,4,61
08/05/2004,MFD,OH,AGL,CE,Towers with Radar,0,21,56,5,82,0,0,33,0,33,0,21,89,5,115,22,6,28,143
08/06/2004,MFD,OH,AGL,CE,Towers with Radar,0,24,52,5,81,0,24,56,0,80,0,48,108,5,161,36,2,38,199
08/07/2004,MFD,OH,AGL,CE,Towers with Radar,0,21,46,1,68,0,47,100,0,147,0,68,146,1,215,28,0,28,243
08/08/2004,MFD,OH,AGL,CE,Towers with Radar,0,9,34,4,47,0,0,73,0,73,0,9,107,4,120,28,0,28,148
08/09/2004,MFD,OH,AGL,CE,Towers with Radar,0,15,34,0,49,0,7,58,0,65,0,22,92,0,114,12,0,12,126
08/10/2004,MFD,OH,AGL,CE,Towers with Radar,0,21,46,7,74,0,1,32,27,60,0,22,78,34,134,20,6,26,160
08/11/2004,MFD,OH,AGL,CE,Towers with Radar,0,18,45,6,69,0,0,20,16,36,0,18,65,22,105,36,30,66,171
08/12/2004,MFD,OH,AGL,CE,Towers with Radar,0,7,50,7,64,0,0,45,19,64,0,7,95,26,128,30,20,50,178
08/13/2004,MFD,OH,AGL,CE,Towers with Radar,0,16,45,3,64,0,0,42,0,42,0,16,87,3,106,56,12,68,174
08/14/2004,MFD,OH,AGL,CE,Towers with Radar,0,14,32,0,46,0,9,216,0,225,0,23,248,0,271,6,0,6,277
08/15/2004,MFD,OH,AGL,CE,Towers with Radar,0,0,38,1,39,0,0,183,0,183,0,0,221,1,222,18,0,18,240
08/16/2004,MFD,OH,AGL,CE,Towers with Radar,0,8,33,2,43,0,0,64,0,64,0,8,97,2,107,30,4,34,141
08/17/2004,MFD,OH,AGL,CE,Towers with Radar,0,16,43,5,64,0,0,47,11,58,0,16,90,16,122,26,8,34,156
08/18/2004,MFD,OH,AGL,CE,Towers with Radar,0,17,34,4,55,0,9,0,6,15,0,26,34,10,70,10,4,14,84
08/19/2004,MFD,OH,AGL,CE,Towers with Radar,0,8,26,5,39,0,0,0,14,14,0,8,26,19,53,10,4,14,67
08/20/2004,MFD,OH,AGL,CE,Towers with Radar,0,2,24,3,29,0,0,2,0,2,0,2,26,3,31,0,0,0,31
08/21/2004,MFD,OH,AGL,CE,Towers with Radar,0,20,41,4,65,0,10,58,0,68,0,30,99,4,133,14,0,14,147
08/22/2004,MFD,OH,AGL,CE,Towers with Radar,0,20,41,1,62,0,28,96,0,124,0,48,137,1,186,36,0,36,222
08/23/2004,MFD,OH,AGL,CE,Towers with Radar,0,0,30,2,32,0,0,46,0,46,0,0,76,2,78,34,0,34,112
08/24/2004,MFD,OH,AGL,CE,Towers with Radar,0,16,43,5,64,0,0,31,11,42,0,16,74,16,106,34,0,34,140
08/25/2004,MFD,OH,AGL,CE,Towers with Radar,0,21,44,5,70,0,3,14,7,24,0,24,58,12,94,22,6,28,122
08/26/2004,MFD,OH,AGL,CE,Towers with Radar,0,11,25,4,40,2,0,0,13,15,2,11,25,17,55,20,10,30,85
08/27/2004,MFD,OH,AGL,CE,Towers with Radar,0,6,30,4,40,0,0,0,1,1,0,6,30,5,41,0,8,8,49
08/28/2004,MFD,OH,AGL,CE,Towers with Radar,0,9,17,1,27,0,23,0,0,23,0,32,17,1,50,2,0,2,52
08/29/2004,MFD,OH,AGL,CE,Towers with Radar,0,4,30,0,34,0,0,12,0,12,0,4,42,0,46,14,0,14,60
08/30/2004,MFD,OH,AGL,CE,Towers with Radar,0,22,46,2,70,0,32,10,0,42,0,54,56,2,112,10,0,10,122
08/31/2004,MFD,OH,AGL,CE,Towers with Radar,0,0,37,5,42,0,0,71,17,88,0,0,108,22,130,54,0,54,184
09/01/2004,MFD,OH,AGL,CE,Towers with Radar,0,40,49,13,102,0,0,66,11,77,0,40,115,24,179,38,60,98,277
09/02/2004,MFD,OH,AGL,CE,Towers with Radar,0,0,81,11,92,0,0,53,8,61,0,0,134,19,153,6,10,16,169
09/03/2004,MFD,OH,AGL,CE,Towers with Radar,0,1,36,1,38,0,0,16,0,16,0,1,52,1,54,20,0,20,74
09/04/2004,MFD,OH,AGL,CE,Towers with Radar,0,0,44,0,44,0,0,29,0,29,0,0,73,0,73,0,0,0,73
09/05/2004,MFD,OH,AGL,CE,Towers with Radar,0,0,31,2,33,0,0,34,0,34,0,0,65,2,67,6,0,6,73
09/06/2004,MFD,OH,AGL,CE,Towers with Radar,0,0,32,0,32,0,0,24,0,24,0,0,56,0,56,12,0,12,68
09/07/2004,MFD,OH,AGL,CE,Towers with Radar,0,0,19,11,30,0,0,2,0,2,0,0,21,11,32,0,18,18,50
09/08/2004,MFD,OH,AGL,CE,Towers with Radar,0,2,16,18,36,0,0,0,0,0,0,2,16,18,36,0,0,0,36
09/09/2004,MFD,OH,AGL,CE,Towers with Radar,0,2,42,22,66,0,0,0,2,2,0,2,42,24,68,6,20,26,94
09/10/2004,MFD,OH,AGL,CE,Towers with Radar,0,40,71,4,115,0,2,50,2,54,0,42,121,6,169,30,6,36,205
09/11/2004,MFD,OH,AGL,CE,Towers with Radar,0,30,76,3,109,0,0,110,1,111,0,30,186,4,220,26,0,26,246
09/12/2004,MFD,OH,AGL,CE,Towers with Radar,0,0,8,0,8,0,0,152,8,160,0,0,160,8,168,12,0,12,180
09/13/2004,MFD,OH,AGL,CE,Towers with Radar,0,0,30,0,30,0,0,46,0,46,0,0,76,0,76,2,0,2,78
09/14/2004,MFD,OH,AGL,CE,Towers with Radar,0,8,26,6,40,0,0,28,8,36,0,8,54,14,76,36,16,52,128
09/15/2004,MFD,OH,AGL,CE,Towers with Radar,0,44,48,22,114,0,0,41,5,46,0,44,89,27,160,40,46,86,246
09/16/2004,MFD,OH,AGL,CE,Towers with Radar,0,14,15,4,33,0,0,12,2,14,0,14,27,6,47,4,8,12,59
09/17/2004,MFD,OH,AGL,CE,Towers with Radar,0,8,10,1,19,0,0,0,0,0,0,8,10,1,19,0,0,0,19
09/18/2004,MFD,OH,AGL,CE,Towers with Radar,0,63,36,0,99,0,0,50,0,50,0,63,86,0,149,60,0,60,209
09/19/2004,MFD,OH,AGL,CE,Towers with Radar,0,36,27,1,64,0,0,104,0,104,0,36,131,1,168,8,0,8,176
09/20/2004,MFD,OH,AGL,CE,Towers with Radar,0,60,52,3,115,0,0,48,0,48,0,60,100,3,163,30,0,30,193
09/21/2004,MFD,OH,AGL,CE,Towers with Radar,0,28,27,17,72,0,0,73,3,76,0,28,100,20,148,42,20,62,210
09/22/2004,MFD,OH,AGL,CE,Towers with Radar,0,16,45,10,71,0,0,57,6,63,0,16,102,16,134,18,28,46,180
09/23/2004,MFD,OH,AGL,CE,Towers with Radar,0,4,42,15,61,0,0,54,4,58,0,4,96,19,119,28,2,30,149
09/24/2004,MFD,OH,AGL,CE,Towers with Radar,0,10,41,0,51,0,1,29,0,30,0,11,70,0,81,10,0,10,91
09/25/2004,MFD,OH,AGL,CE,Towers with Radar,0,32,59,4,95,0,0,65,0,65,0,32,124,4,160,16,0,16,176
09/26/2004,MFD,OH,AGL,CE,Towers with Radar,0,49,57,0,106,0,0,54,0,54,0,49,111,0,160,10,0,10,170
09/27/2004,MFD,OH,AGL,CE,Towers with Radar,0,22,33,0,55,0,0,33,0,33,0,22,66,0,88,24,0,24,112
09/28/2004,MFD,OH,AGL,CE,Towers with Radar,0,14,53,1,68,0,0,20,0,20,0,14,73,1,88,10,0,10,98
09/29/2004,MFD,OH,AGL,CE,Towers with Radar,0,0,48,0,48,0,0,0,1,1,0,0,48,1,49,0,0,0,49
09/30/2004,MFD,OH,AGL,CE,Towers with Radar,0,16,27,7,50,0,0,49,4,53,0,16,76,11,103,32,6,38,141
10/01/2004,MFD,OH,AGL,CE,Towers with Radar,0,10,27,1,38,0,3,39,0,42,0,13,66,1,80,4,0,4,84
10/02/2004,MFD,OH,AGL,CE,Towers with Radar,0,4,24,2,30,0,1,16,9,26,0,5,40,11,56,4,0,4,60
10/03/2004,MFD,OH,AGL,CE,Towers with Radar,0,0,47,4,51,0,0,99,2,101,0,0,146,6,152,22,0,22,174
10/04/2004,MFD,OH,AGL,CE,Towers with Radar,0,32,16,0,48,0,0,30,0,30,0,32,46,0,78,24,0,24,102
10/05/2004,MFD,OH,AGL,CE,Towers with Radar,0,4,33,14,51,0,0,37,4,41,0,4,70,18,92,6,6,12,104
10/06/2004,MFD,OH,AGL,CE,Towers with Radar,0,18,52,30,100,0,0,48,10,58,0,18,100,40,158,14,44,58,216
10/07/2004,MFD,OH,AGL,CE,Towers with Radar,0,9,45,8,62,0,3,64,1,68,0,12,109,9,130,44,0,44,174
10/08/2004,MFD,OH,AGL,CE,Towers with Radar,0,8,49,1,58,0,0,50,5,55,0,8,99,6,113,38,0,38,151
10/09/2004,MFD,OH,AGL,CE,Towers with Radar,0,6,48,1,55,0,0,18,0,18,0,6,66,1,73,14,0,14,87
10/10/2004,MFD,OH,AGL,CE,Towers with Radar,0,8,43,0,51,0,0,81,0,81,0,8,124,0,132,8,0,8,140
10/11/2004,MFD,OH,AGL,CE,Towers with Radar,1,16,23,0,40,0,0,47,0,47,1,16,70,0,87,6,0,6,93
10/12/2004,MFD,OH,AGL,CE,Towers with Radar,2,40,37,19,98,0,0,25,0,25,2,40,62,19,123,4,34,38,161
10/13/2004,MFD,OH,AGL,CE,Towers with Radar,0,12,38,19,69,0,0,0,0,0,0,12,38,19,69,10,0,10,79
10/14/2004,MFD,OH,AGL,CE,Towers with Radar,0,10,31,16,57,0,0,4,18,22,0,10,35,34,79,4,46,50,129
10/15/2004,MFD,OH,AGL,CE,Towers with Radar,0,6,4,0,10,0,0,1,0,1,0,6,5,0,11,0,0,0,11
10/16/2004,MFD,OH,AGL,CE,Towers with Radar,0,22,11,0,33,0,8,3,0,11,0,30,14,0,44,0,0,0,44
10/17/2004,MFD,OH,AGL,CE,Towers with Radar,0,34,11,0,45,0,0,27,0,27,0,34,38,0,72,6,0,6,78
10/18/2004,MFD,OH,AGL,CE,Towers with Radar,0,60,5,0,65,0,0,7,0,7,0,60,12,0,72,8,0,8,80
10/19/2004,MFD,OH,AGL,CE,Towers with Radar,0,4,75,6,85,0,0,0,0,0,0,4,75,6,85,2,0,2,87
10/20/2004,MFD,OH,AGL,CE,Towers with Radar,0,28,33,26,87,0,0,0,0,0,0,28,33,26,87,0,0,0,87
10/21/2004,MFD,OH,AGL,CE,Towers with Radar,0,14,24,9,47,0,0,5,4,9,0,14,29,13,56,4,4,8,64
10/22/2004,MFD,OH,AGL,CE,Towers with Radar,0,32,48,0,80,0,2,11,0,13,0,34,59,0,93,18,0,18,111
10/23/2004,MFD,OH,AGL,CE,Towers with Radar,0,50,16,2,68,0,0,3,0,3,0,50,19,2,71,8,0,8,79
10/24/2004,MFD,OH,AGL,CE,Towers with Radar,0,12,40,1,53,0,0,50,0,50,0,12,90,1,103,36,0,36,139
10/25/2004,MFD,OH,AGL,CE,Towers with Radar,0,54,34,0,88,0,0,29,0,29,0,54,63,0,117,10,0,10,127
10/26/2004,MFD,OH,AGL,CE,Towers with Radar,0,12,84,26,122,0,0,60,6,66,0,12,144,32,188,22,6,28,216
10/27/2004,MFD,OH,AGL,CE,Towers with Radar,0,7,18,15,40,0,0,26,0,26,0,7,44,15,66,10,20,30,96
10/28/2004,MFD,OH,AGL,CE,Towers with Radar,0,12,18,8,38,0,0,45,3,48,0,12,63,11,86,24,6,30,116
10/29/2004,MFD,OH,AGL,CE,Towers with Radar,0,4,18,6,28,0,0,3,0,3,0,4,21,6,31,0,0,0,31
10/30/2004,MFD,OH,AGL,CE,Towers with Radar,0,6,17,0,23,0,0,7,0,7,0,6,24,0,30,0,0,0,30
10/31/2004,MFD,OH,AGL,CE,Towers with Radar,0,44,25,1,70,0,0,28,0,28,0,44,53,1,98,6,0,6,104
11/01/2004,MFD,OH,AGL,CE,Combined TRACON& Tower with Radar,0,50,34,1,85,0,0,10,1,11,0,50,44,2,96,6,0,6,102
11/02/2004,MFD,OH,AGL,CE,Combined TRACON& Tower with Radar,0,22,15,10,47,0,0,0,0,0,0,22,15,10,47,0,0,0,47
11/03/2004,MFD,OH,AGL,CE,Combined TRACON& Tower with Radar,0,24,26,8,58,0,0,27,0,27,0,24,53,8,85,28,14,42,127
11/04/2004,MFD,OH,AGL,CE,Combined TRACON& Tower with Radar,0,0,10,1,11,0,0,1,0,1,0,0,11,1,12,0,2,2,14
11/05/2004,MFD,OH,AGL,CE,Combined TRACON& Tower with Radar,0,28,31,2,61,0,6,25,0,31,0,34,56,2,92,4,0,4,96
11/06/2004,MFD,OH,AGL,CE,Combined TRACON& Tower with Radar,0,36,28,4,68,0,0,67,2,69,0,36,95,6,137,42,0,42,179
11/07/2004,MFD,OH,AGL,CE,Combined TRACON& Tower with Radar,0,34,56,5,95,0,0,90,0,90,0,34,146,5,185,50,0,50,235
11/08/2004,MFD,OH,AGL,CE,Combined TRACON& Tower with Radar,0,26,33,8,67,0,0,33,4,37,0,26,66,12,104,22,0,22,126
11/09/2004,MFD,OH,AGL,CE,Combined TRACON& Tower with Radar,0,6,30,6,42,0,0,60,2,62,0,6,90,8,104,8,0,8,112
11/10/2004,MFD,OH,AGL,CE,Combined TRACON& Tower with Radar,0,10,20,0,30,0,0,17,0,17,0,10,37,0,47,10,0,10,57
11/11/2004,MFD,OH,AGL,CE,Combined TRACON& Tower with Radar,0,14,22,3,39,0,0,0,0,0,0,14,22,3,39,0,0,0,39
11/12/2004,MFD,OH,AGL,CE,Combined TRACON& Tower with Radar,0,19,11,7,37,0,1,20,0,21,0,20,31,7,58,50,0,50,108
11/13/2004,MFD,OH,AGL,CE,Combined TRACON& Tower with Radar,0,0,21,1,22,0,1,82,0,83,0,1,103,1,105,10,0,10,115
11/14/2004,MFD,OH,AGL,CE,Combined TRACON& Tower with Radar,0,30,26,1,57,0,0,92,0,92,0,30,118,1,149,10,0,10,159
11/15/2004,MFD,OH,AGL,CE,Combined TRACON& Tower with Radar,0,10,25,1,36,0,0,40,0,40,0,10,65,1,76,22,0,22,98
11/16/2004,MFD,OH,AGL,CE,Combined TRACON& Tower with Radar,0,18,35,12,65,0,0,13,6,19,0,18,48,18,84,0,22,22,106
11/17/2004,MFD,OH,AGL,CE,Combined TRACON& Tower with Radar,0,7,14,2,23,0,0,0,0,0,0,7,14,2,23,0,2,2,25
11/18/2004,MFD,OH,AGL,CE,Combined TRACON& Tower with Radar,0,4,6,0,10,0,0,1,0,1,0,4,7,0,11,0,0,0,11
11/19/2004,MFD,OH,AGL,CE,Combined TRACON& Tower with Radar,0,0,8,1,9,0,0,0,0,0,0,0,8,1,9,0,0,0,9
11/20/2004,MFD,OH,AGL,CE,Combined TRACON& Tower with Radar,0,12,33,0,45,0,0,6,0,6,0,12,39,0,51,20,0,20,71
11/21/2004,MFD,OH,AGL,CE,Combined TRACON& Tower with Radar,0,6,49,1,56,0,2,26,0,28,0,8,75,1,84,0,0,0,84
11/22/2004,MFD,OH,AGL,CE,Combined TRACON& Tower with Radar,0,4,19,0,23,0,0,2,0,2,0,4,21,0,25,2,0,2,27
11/23/2004,MFD,OH,AGL,CE,Combined TRACON& Tower with Radar,0,4,32,16,52,0,0,3,0,3,0,4,35,16,55,8,24,32,87
11/24/2004,MFD,OH,AGL,CE,Combined TRACON& Tower with Radar,0,2,2,0,4,0,0,0,0,0,0,2,2,0,4,0,0,0,4
11/25/2004,MFD,OH,AGL,CE,Combined TRACON& Tower with Radar,0,0,0,0,0,2,0,0,0,2,2,0,0,0,2,0,0,0,2
11/26/2004,MFD,OH,AGL,CE,Combined TRACON& Tower with Radar,0,6,13,0,19,0,0,31,0,31,0,6,44,0,50,0,0,0,50
11/27/2004,MFD,OH,AGL,CE,Combined TRACON& Tower with Radar,0,0,14,0,14,0,0,26,0,26,0,0,40,0,40,16,0,16,56
11/28/2004,MFD,OH,AGL,CE,Combined TRACON& Tower with Radar,0,1,15,1,17,0,0,11,0,11,0,1,26,1,28,18,0,18,46
11/29/2004,MFD,OH,AGL,CE,Combined TRACON& Tower with Radar,0,1,17,2,20,0,0,22,0,22,0,1,39,2,42,2,0,2,44
11/30/2004,MFD,OH,AGL,CE,Combined TRACON& Tower with Radar,0,4,23,24,51,0,0,0,0,0,0,4,23,24,51,0,10,10,61
12/01/2004,MFD,OH,AGL,CE,Combined TRACON& Tower with Radar,0,0,4,16,20,0,0,0,0,0,0,0,4,16,20,8,16,24,44
12/02/2004,MFD,OH,AGL,CE,Combined TRACON& Tower with Radar,0,5,46,19,70,0,1,41,0,42,0,6,87,19,112,8,16,24,136
12/03/2004,MFD,OH,AGL,CE,Combined TRACON& Tower with Radar,0,1,13,0,14,0,0,19,0,19,0,1,32,0,33,8,0,8,41
12/04/2004,MFD,OH,AGL,CE,Combined TRACON& Tower with Radar,0,16,18,1,35,0,0,25,0,25,0,16,43,1,60,2,0,2,62
12/05/2004,MFD,OH,AGL,CE,Combined TRACON& Tower with Radar,0,14,53,1,68,0,0,32,10,42,0,14,85,11,110,16,0,16,126
12/06/2004,MFD,OH,AGL,CE,Combined TRACON& Tower with Radar,0,1,5,1,7,0,0,0,0,0,0,1,5,1,7,0,0,0,7
12/07/2004,MFD,OH,AGL,CE,Combined TRACON& Tower with Radar,0,0,6,8,14,0,0,0,0,0,0,0,6,8,14,0,2,2,16
12/08/2004,MFD,OH,AGL,CE,Combined TRACON& Tower with Radar,0,2,38,20,60,0,0,19,0,19,0,2,57,20,79,16,26,42,121
12/09/2004,MFD,OH,AGL,CE,Combined TRACON& Tower with Radar,0,5,25,2,32,0,1,21,4,26,0,6,46,6,58,6,8,14,72
12/10/2004,MFD,OH,AGL,CE,Combined TRACON& Tower with Radar,0,0,8,1,9,0,0,0,0,0,0,0,8,1,9,0,0,0,9
12/11/2004,MFD,OH,AGL,CE,Combined TRACON& Tower with Radar,0,8,5,2,15,0,0,0,0,0,0,8,5,2,15,0,0,0,15
12/12/2004,MFD,OH,AGL,CE,Combined TRACON& Tower with Radar,0,14,3,7,24,0,0,0,0,0,0,14,3,7,24,0,2,2,26
12/13/2004,MFD,OH,AGL,CE,Combined TRACON& Tower with Radar,0,12,10,3,25,0,0,0,0,0,0,12,10,3,25,0,0,0,25
12/14/2004,MFD,OH,AGL,CE,Combined TRACON& Tower with Radar,0,3,9,13,25,0,0,5,2,7,0,3,14,15,32,0,20,20,52
12/15/2004,MFD,OH,AGL,CE,Combined TRACON& Tower with Radar,0,42,35,2,79,0,0,40,0,40,0,42,75,2,119,12,0,12,131
12/16/2004,MFD,OH,AGL,CE,Combined TRACON& Tower with Radar,0,14,30,9,53,0,4,25,4,33,0,18,55,13,86,6,6,12,98
12/17/2004,MFD,OH,AGL,CE,Combined TRACON& Tower with Radar,0,34,19,3,56,0,4,29,0,33,0,38,48,3,89,30,4,34,123
12/18/2004,MFD,OH,AGL,CE,Combined TRACON& Tower with Radar,0,18,47,0,65,0,0,49,0,49,0,18,96,0,114,12,0,12,126
12/19/2004,MFD,OH,AGL,CE,Combined TRACON& Tower with Radar,0,2,8,0,10,0,0,0,0,0,0,2,8,0,10,0,0,0,10
12/20/2004,MFD,OH,AGL,CE,Combined TRACON& Tower with Radar,0,16,47,1,64,0,0,0,0,0,0,16,47,1,64,6,0,6,70
12/21/2004,MFD,OH,AGL,CE,Combined TRACON& Tower with Radar,0,2,27,10,39,0,0,9,6,15,0,2,36,16,54,8,6,14,68
12/22/2004,MFD,OH,AGL,CE,Combined TRACON& Tower with Radar,0,0,2,0,2,0,0,0,0,0,0,0,2,0,2,0,0,0,2
12/23/2004,MFD,OH,AGL,CE,Combined TRACON& Tower with Radar,0,0,0,0,0,0,0,0,0,0,0,0,0,0,0,0,0,0,0
12/24/2004,MFD,OH,AGL,CE,Combined TRACON& Tower with Radar,0,0,4,0,4,0,0,0,0,0,0,0,4,0,4,0,0,0,4
12/25/2004,MFD,OH,AGL,CE,Combined TRACON& Tower with Radar,0,0,7,0,7,0,0,0,0,0,0,0,7,0,7,0,0,0,7
12/26/2004,MFD,OH,AGL,CE,Combined TRACON& Tower with Radar,0,2,4,0,6,0,0,0,0,0,0,2,4,0,6,0,0,0,6
12/27/2004,MFD,OH,AGL,CE,Combined TRACON& Tower with Radar,0,0,1,1,2,0,0,12,0,12,0,0,13,1,14,0,0,0,14
12/28/2004,MFD,OH,AGL,CE,Combined TRACON& Tower with Radar,0,0,18,10,28,0,0,9,6,15,0,0,27,16,43,8,8,16,59
12/29/2004,MFD,OH,AGL,CE,Combined TRACON& Tower with Radar,0,0,24,30,54,0,0,20,2,22,0,0,44,32,76,18,38,56,132
12/30/2004,MFD,OH,AGL,CE,Combined TRACON& Tower with Radar,0,0,8,7,15,0,0,0,0,0,0,0,8,7,15,0,0,0,15
12/31/2004,MFD,OH,AGL,CE,Combined TRACON& Tower with Radar,0,0,3,0,3,0,0,2,0,2,0,0,5,0,5,0,0,0,5
01/01/2005,MFD,OH,AGL,CE,Combined TRACON& Tower with Radar,0,0,55,0,55,0,0,22,0,22,0,0,77,0,77,0,0,0,77
01/02/2005,MFD,OH,AGL,CE,Combined TRACON& Tower with Radar,0,2,23,0,25,0,0,2,0,2,0,2,25,0,27,0,0,0,27
01/03/2005,MFD,OH,AGL,CE,Combined TRACON& Tower with Radar,0,0,2,7,9,0,0,0,0,0,0,0,2,7,9,0,0,0,9
01/04/2005,MFD,OH,AGL,CE,Combined TRACON& Tower with Radar,0,0,2,11,13,0,0,0,0,0,0,0,2,11,13,0,0,0,13
01/05/2005,MFD,OH,AGL,CE,Combined TRACON& Tower with Radar,0,0,2,0,2,0,0,0,0,0,0,0,2,0,2,0,0,0,2
01/06/2005,MFD,OH,AGL,CE,Combined TRACON& Tower with Radar,0,2,0,0,2,0,0,0,0,0,0,2,0,0,2,0,0,0,2
01/07/2005,MFD,OH,AGL,CE,Combined TRACON& Tower with Radar,0,35,16,1,52,0,0,15,0,15,0,35,31,1,67,2,0,2,69
01/08/2005,MFD,OH,AGL,CE,Combined TRACON& Tower with Radar,0,14,2,6,22,0,0,0,0,0,0,14,2,6,22,0,0,0,22
01/09/2005,MFD,OH,AGL,CE,Combined TRACON& Tower with Radar,0,37,30,12,79,0,0,17,4,21,0,37,47,16,100,12,8,20,120
01/10/2005,MFD,OH,AGL,CE,Combined TRACON& Tower with Radar,0,28,16,4,48,0,0,0,0,0,0,28,16,4,48,0,0,0,48
01/11/2005,MFD,OH,AGL,CE,Combined TRACON& Tower with Radar,0,14,1,0,15,0,0,0,0,0,0,14,1,0,15,0,0,0,15
01/12/2005,MFD,OH,AGL,CE,Combined TRACON& Tower with Radar,0,4,5,9,18,0,0,2,14,16,0,4,7,23,34,8,6,14,48
01/13/2005,MFD,OH,AGL,CE,Combined TRACON& Tower with Radar,0,5,11,0,16,0,0,3,0,3,0,5,14,0,19,0,0,0,19
01/14/2005,MFD,OH,AGL,CE,Combined TRACON& Tower with Radar,0,0,27,8,35,0,0,33,0,33,0,0,60,8,68,18,0,18,86
01/15/2005,MFD,OH,AGL,CE,Combined TRACON& Tower with Radar,0,13,33,1,47,0,0,78,0,78,0,13,111,1,125,24,0,24,149
01/16/2005,MFD,OH,AGL,CE,Combined TRACON& Tower with Radar,0,0,4,0,4,0,0,0,0,0,0,0,4,0,4,0,0,0,4
01/17/2005,MFD,OH,AGL,CE,Combined TRACON& Tower with Radar,0,12,11,1,24,0,0,1,0,1,0,12,12,1,25,0,0,0,25
01/18/2005,MFD,OH,AGL,CE,Combined TRACON& Tower with Radar,0,12,37,8,57,0,0,21,6,27,0,12,58,14,84,30,6,36,120
01/19/2005,MFD,OH,AGL,CE,Combined TRACON& Tower with Radar,0,3,4,0,7,0,0,0,0,0,0,3,4,0,7,0,0,0,7
01/20/2005,MFD,OH,AGL,CE,Combined TRACON& Tower with Radar,0,7,8,13,28,0,1,0,0,1,0,8,8,13,29,0,0,0,29
01/21/2005,MFD,OH,AGL,CE,Combined TRACON& Tower with Radar,0,10,42,1,53,0,0,22,0,22,0,10,64,1,75,2,0,2,77
01/22/2005,MFD,OH,AGL,CE,Combined TRACON& Tower with Radar,0,0,0,0,0,0,0,0,0,0,0,0,0,0,0,0,0,0,0
01/23/2005,MFD,OH,AGL,CE,Combined TRACON& Tower with Radar,0,2,7,3,12,0,0,2,0,2,0,2,9,3,14,0,0,0,14
01/24/2005,MFD,OH,AGL,CE,Combined TRACON& Tower with Radar,0,0,26,0,26,0,0,8,0,8,0,0,34,0,34,0,0,0,34
01/25/2005,MFD,OH,AGL,CE,Combined TRACON& Tower with Radar,0,11,26,5,42,0,0,30,0,30,0,11,56,5,72,2,8,10,82
01/26/2005,MFD,OH,AGL,CE,Combined TRACON& Tower with Radar,0,8,4,4,16,0,0,0,0,0,0,8,4,4,16,0,0,0,16
01/27/2005,MFD,OH,AGL,CE,Combined TRACON& Tower with Radar,0,19,71,12,102,0,0,0,0,0,0,19,71,12,102,28,8,36,138
01/28/2005,MFD,OH,AGL,CE,Combined TRACON& Tower with Radar,0,23,22,1,46,0,0,47,6,53,0,23,69,7,99,12,14,26,125
01/29/2005,MFD,OH,AGL,CE,Combined TRACON& Tower with Radar,0,12,59,1,72,0,1,13,0,14,0,13,72,1,86,36,0,36,122
01/30/2005,MFD,OH,AGL,CE,Combined TRACON& Tower with Radar,0,20,48,0,68,0,0,40,0,40,0,20,88,0,108,4,0,4,112
01/31/2005,MFD,OH,AGL,CE,Combined TRACON& Tower with Radar,0,32,32,0,64,0,0,23,1,24,0,32,55,1,88,12,0,12,100
02/01/2005,MFD,OH,AGL,CE,Combined TRACON& Tower with Radar,0,40,19,18,77,0,0,12,8,20,0,40,31,26,97,4,20,24,121
02/02/2005,MFD,OH,AGL,CE,Combined TRACON& Tower with Radar,0,10,46,12,68,0,0,22,4,26,0,10,68,16,94,18,30,48,142
02/03/2005,MFD,OH,AGL,CE,Combined TRACON& Tower with Radar,0,10,13,14,37,0,0,2,8,10,0,10,15,22,47,2,48,50,97
02/04/2005,MFD,OH,AGL,CE,Combined TRACON& Tower with Radar,0,59,26,0,85,0,0,32,0,32,0,59,58,0,117,4,0,4,121
02/05/2005,MFD,OH,AGL,CE,Combined TRACON& Tower with Radar,0,26,78,1,105,0,0,83,1,84,0,26,161,2,189,14,0,14,203
02/06/2005,MFD,OH,AGL,CE,Combined TRACON& Tower with Radar,0,24,43,0,67,0,0,89,0,89,0,24,132,0,156,16,0,16,172
02/07/2005,MFD,OH,AGL,CE,Combined TRACON& Tower with Radar,0,18,31,0,49,0,0,11,0,11,0,18,42,0,60,8,0,8,68
02/08/2005,MFD,OH,AGL,CE,Combined TRACON& Tower with Radar,0,3,2,0,5,0,0,0,0,0,0,3,2,0,5,0,0,0,5
02/09/2005,MFD,OH,AGL,CE,Combined TRACON& Tower with Radar,0,9,3,10,22,0,0,0,0,0,0,9,3,10,22,0,0,0,22
02/10/2005,MFD,OH,AGL,CE,Combined TRACON& Tower with Radar,0,4,10,12,26,0,0,1,4,5,0,4,11,16,31,0,38,38,69
02/11/2005,MFD,OH,AGL,CE,Combined TRACON& Tower with Radar,0,8,9,2,19,0,0,3,0,3,0,8,12,2,22,0,0,0,22
02/12/2005,MFD,OH,AGL,CE,Combined TRACON& Tower with Radar,0,26,43,0,69,0,0,72,0,72,0,26,115,0,141,14,0,14,155
02/13/2005,MFD,OH,AGL,CE,Combined TRACON& Tower with Radar,0,18,36,1,55,0,0,60,0,60,0,18,96,1,115,20,0,20,135
02/14/2005,MFD,OH,AGL,CE,Combined TRACON& Tower with Radar,0,0,5,2,7,0,0,0,0,0,0,0,5,2,7,0,0,0,7
02/15/2005,MFD,OH,AGL,CE,Combined TRACON& Tower with Radar,0,10,34,5,49,0,0,23,0,23,0,10,57,5,72,12,4,16,88
02/16/2005,MFD,OH,AGL,CE,Combined TRACON& Tower with Radar,0,0,10,8,18,0,0,1,0,1,0,0,11,8,19,0,10,10,29
02/17/2005,MFD,OH,AGL,CE,Combined TRACON& Tower with Radar,0,0,2,12,14,0,0,2,0,2,0,0,4,12,16,0,8,8,24
02/18/2005,MFD,OH,AGL,CE,Combined TRACON& Tower with Radar,0,4,29,0,33,0,0,20,2,22,0,4,49,2,55,6,0,6,61
02/19/2005,MFD,OH,AGL,CE,Combined TRACON& Tower with Radar,0,0,58,0,58,0,0,46,0,46,0,0,104,0,104,34,0,34,138
02/20/2005,MFD,OH,AGL,CE,Combined TRACON& Tower with Radar,0,0,0,0,0,0,0,0,0,0,0,0,0,0,0,0,0,0,0
02/21/2005,MFD,OH,AGL,CE,Combined TRACON& Tower with Radar,0,0,13,0,13,0,0,0,0,0,0,0,13,0,13,0,0,0,13
02/22/2005,MFD,OH,AGL,CE,Combined TRACON& Tower with Radar,0,0,14,10,24,0,0,0,0,0,0,0,14,10,24,0,0,0,24
02/23/2005,MFD,OH,AGL,CE,Combined TRACON& Tower with Radar,0,8,26,10,44,0,0,19,0,19,0,8,45,10,63,6,10,16,79
02/24/2005,MFD,OH,AGL,CE,Combined TRACON& Tower with Radar,0,2,13,5,20,0,0,0,0,0,0,2,13,5,20,0,0,0,20
02/25/2005,MFD,OH,AGL,CE,Combined TRACON& Tower with Radar,0,3,22,0,25,0,1,14,0,15,0,4,36,0,40,34,0,34,74
02/26/2005,MFD,OH,AGL,CE,Combined TRACON& Tower with Radar,0,13,37,2,52,0,1,51,0,52,0,14,88,2,104,20,0,20,124
02/27/2005,MFD,OH,AGL,CE,Combined TRACON& Tower with Radar,0,14,40,0,54,0,0,89,0,89,0,14,129,0,143,30,0,30,173
02/28/2005,MFD,OH,AGL,CE,Combined TRACON& Tower with Radar,0,8,7,0,15,0,1,2,0,3,0,9,9,0,18,0,0,0,18
03/01/2005,MFD,OH,AGL,CE,Combined TRACON& Tower with Radar,0,1,4,0,5,0,0,0,0,0,0,1,4,0,5,0,0,0,5
03/02/2005,MFD,OH,AGL,CE,Combined TRACON& Tower with Radar,0,4,3,2,9,0,0,0,0,0,0,4,3,2,9,0,0,0,9
03/03/2005,MFD,OH,AGL,CE,Combined TRACON& Tower with Radar,0,12,14,10,36,0,0,36,0,36,0,12,50,10,72,30,4,34,106
03/04/2005,MFD,OH,AGL,CE,Combined TRACON& Tower with Radar,0,11,17,2,30,0,1,24,0,25,0,12,41,2,55,16,0,16,71
03/05/2005,MFD,OH,AGL,CE,Combined TRACON& Tower with Radar,0,32,31,0,63,0,0,78,0,78,0,32,109,0,141,32,0,32,173
03/06/2005,MFD,OH,AGL,CE,Combined TRACON& Tower with Radar,0,18,8,0,26,0,0,18,0,18,0,18,26,0,44,0,0,0,44
03/07/2005,MFD,OH,AGL,CE,Combined TRACON& Tower with Radar,0,2,6,2,10,0,0,0,0,0,0,2,6,2,10,0,0,0,10
03/08/2005,MFD,OH,AGL,CE,Combined TRACON& Tower with Radar,0,12,16,29,57,0,0,1,0,1,0,12,17,29,58,6,0,6,64
03/09/2005,MFD,OH,AGL,CE,Combined TRACON& Tower with Radar,0,16,37,18,71,0,2,0,4,6,0,18,37,22,77,4,34,38,115
03/10/2005,MFD,OH,AGL,CE,Combined TRACON& Tower with Radar,0,0,50,2,52,0,0,12,0,12,0,0,62,2,64,0,0,0,64
03/11/2005,MFD,OH,AGL,CE,Combined TRACON& Tower with Radar,0,0,11,4,15,0,0,1,2,3,0,0,12,6,18,0,0,0,18
03/12/2005,MFD,OH,AGL,CE,Combined TRACON& Tower with Radar,0,0,13,0,13,0,0,4,0,4,0,0,17,0,17,2,0,2,19
03/13/2005,MFD,OH,AGL,CE,Combined TRACON& Tower with Radar,0,14,80,2,96,0,0,36,6,42,0,14,116,8,138,10,2,12,150
03/14/2005,MFD,OH,AGL,CE,Combined TRACON& Tower with Radar,0,0,48,11,59,0,0,31,3,34,0,0,79,14,93,14,4,18,111
03/15/2005,MFD,OH,AGL,CE,Combined TRACON& Tower with Radar,0,8,35,22,65,0,0,33,0,33,0,8,68,22,98,34,52,86,184
03/16/2005,MFD,OH,AGL,CE,Combined TRACON& Tower with Radar,0,6,27,16,49,0,0,29,0,29,0,6,56,16,78,0,6,6,84
03/17/2005,MFD,OH,AGL,CE,Combined TRACON& Tower with Radar,0,8,20,3,31,0,0,22,9,31,0,8,42,12,62,8,12,20,82
03/18/2005,MFD,OH,AGL,CE,Combined TRACON& Tower with Radar,0,6,50,0,56,0,2,28,2,32,0,8,78,2,88,6,0,6,94
03/19/2005,MFD,OH,AGL,CE,Combined TRACON& Tower with Radar,0,12,35,0,47,0,0,14,0,14,0,12,49,0,61,34,0,34,95
03/20/2005,MFD,OH,AGL,CE,Combined TRACON& Tower with Radar,0,0,1,0,1,0,0,0,0,0,0,0,1,0,1,0,0,0,1
03/21/2005,MFD,OH,AGL,CE,Combined TRACON& Tower with Radar,0,4,16,2,22,0,0,8,0,8,0,4,24,2,30,4,0,4,34
03/22/2005,MFD,OH,AGL,CE,Combined TRACON& Tower with Radar,0,4,40,8,52,0,0,26,6,32,0,4,66,14,84,20,2,22,106
03/23/2005,MFD,OH,AGL,CE,Combined TRACON& Tower with Radar,0,1,7,0,8,0,0,0,0,0,0,1,7,0,8,0,0,0,8
03/24/2005,MFD,OH,AGL,CE,Combined TRACON& Tower with Radar,0,0,13,20,33,0,0,0,0,0,0,0,13,20,33,0,18,18,51
03/25/2005,MFD,OH,AGL,CE,Combined TRACON& Tower with Radar,0,11,5,0,16,0,0,3,0,3,0,11,8,0,19,0,0,0,19
03/26/2005,MFD,OH,AGL,CE,Combined TRACON& Tower with Radar,0,0,36,0,36,0,0,36,0,36,0,0,72,0,72,16,0,16,88
03/27/2005,MFD,OH,AGL,CE,Combined TRACON& Tower with Radar,0,1,6,0,7,0,0,7,0,7,0,1,13,0,14,16,0,16,30
03/28/2005,MFD,OH,AGL,CE,Combined TRACON& Tower with Radar,0,0,11,6,17,0,0,1,0,1,0,0,12,6,18,0,0,0,18
03/29/2005,MFD,OH,AGL,CE,Combined TRACON& Tower with Radar,0,10,50,10,70,0,0,36,6,42,0,10,86,16,112,32,10,42,154
03/30/2005,MFD,OH,AGL,CE,Combined TRACON& Tower with Radar,0,2,54,30,86,0,0,27,0,27,0,2,81,30,113,12,30,42,155
03/31/2005,MFD,OH,AGL,CE,Combined TRACON& Tower with Radar,0,2,12,18,32,0,0,0,10,10,0,2,12,28,42,12,0,12,54
04/01/2005,MFD,OH,AGL,CE,Combined TRACON& Tower with Radar,0,0,36,2,38,0,0,33,2,35,0,0,69,4,73,18,2,20,93
04/02/2005,MFD,OH,AGL,CE,Combined TRACON& Tower with Radar,0,0,0,0,0,0,0,0,0,0,0,0,0,0,0,0,0,0,0
04/03/2005,MFD,OH,AGL,CE,Combined TRACON& Tower with Radar,0,2,16,0,18,0,0,20,0,20,0,2,36,0,38,0,0,0,38
04/04/2005,MFD,OH,AGL,CE,Combined TRACON& Tower with Radar,0,12,24,0,36,0,0,40,0,40,0,12,64,0,76,22,0,22,98
04/05/2005,MFD,OH,AGL,CE,Combined TRACON& Tower with Radar,0,4,20,10,34,0,0,32,2,34,0,4,52,12,68,24,20,44,112
04/06/2005,MFD,OH,AGL,CE,Combined TRACON& Tower with Radar,0,22,22,8,52,0,0,20,12,32,0,22,42,20,84,4,2,6,90
04/07/2005,MFD,OH,AGL,CE,Combined TRACON& Tower with Radar,0,6,20,15,41,0,0,0,2,2,0,6,20,17,43,0,6,6,49
04/08/2005,MFD,OH,AGL,CE,Combined TRACON& Tower with Radar,0,15,51,5,71,0,1,44,2,47,0,16,95,7,118,14,0,14,132
04/09/2005,MFD,OH,AGL,CE,Combined TRACON& Tower with Radar,0,34,66,1,101,0,0,96,0,96,0,34,162,1,197,24,0,24,221
04/10/2005,MFD,OH,AGL,CE,Combined TRACON& Tower with Radar,0,38,33,0,71,0,0,93,0,93,0,38,126,0,164,12,0,12,176
04/11/2005,MFD,OH,AGL,CE,Combined TRACON& Tower with Radar,2,26,26,1,55,0,0,51,0,51,2,26,77,1,106,44,0,44,150
04/12/2005,MFD,OH,AGL,CE,Combined TRACON& Tower with Radar,0,8,12,6,26,0,0,4,0,4,0,8,16,6,30,2,16,18,48
04/13/2005,MFD,OH,AGL,CE,Combined TRACON& Tower with Radar,0,14,20,11,45,0,0,13,9,22,0,14,33,20,67,0,42,42,109
04/14/2005,MFD,OH,AGL,CE,Combined TRACON& Tower with Radar,0,10,34,8,52,0,0,34,6,40,0,10,68,14,92,8,0,8,100
04/15/2005,MFD,OH,AGL,CE,Combined TRACON& Tower with Radar,0,19,45,4,68,0,1,40,1,42,0,20,85,5,110,18,0,18,128
04/16/2005,MFD,OH,AGL,CE,Combined TRACON& Tower with Radar,0,2,37,0,39,0,1,65,0,66,0,3,102,0,105,22,0,22,127
04/17/2005,MFD,OH,AGL,CE,Combined TRACON& Tower with Radar,0,17,72,3,92,0,0,48,0,48,0,17,120,3,140,16,4,20,160
04/18/2005,MFD,OH,AGL,CE,Combined TRACON& Tower with Radar,0,10,14,0,24,0,0,50,0,50,0,10,64,0,74,36,0,36,110
04/19/2005,MFD,OH,AGL,CE,Combined TRACON& Tower with Radar,0,4,41,14,59,0,0,0,0,0,0,4,41,14,59,14,10,24,83
04/20/2005,MFD,OH,AGL,CE,Combined TRACON& Tower with Radar,0,2,12,10,24,0,0,0,3,3,0,2,12,13,27,0,2,2,29
04/21/2005,MFD,OH,AGL,CE,Combined TRACON& Tower with Radar,0,16,42,10,68,0,2,22,0,24,0,18,64,10,92,34,4,38,130
04/22/2005,MFD,OH,AGL,CE,Combined TRACON& Tower with Radar,0,14,24,0,38,0,2,7,0,9,0,16,31,0,47,0,0,0,47
04/23/2005,MFD,OH,AGL,CE,Combined TRACON& Tower with Radar,0,8,5,0,13,0,0,0,0,0,0,8,5,0,13,0,0,0,13
04/24/2005,MFD,OH,AGL,CE,Combined TRACON& Tower with Radar,0,0,2,0,2,0,0,0,0,0,0,0,2,0,2,0,0,0,2
04/25/2005,MFD,OH,AGL,CE,Combined TRACON& Tower with Radar,0,2,15,2,19,0,1,5,0,6,0,3,20,2,25,0,0,0,25
04/26/2005,MFD,OH,AGL,CE,Combined TRACON& Tower with Radar,0,2,37,28,67,0,0,7,0,7,0,2,44,28,74,2,8,10,84
04/27/2005,MFD,OH,AGL,CE,Combined TRACON& Tower with Radar,0,8,41,4,53,0,0,5,1,6,0,8,46,5,59,6,0,6,65
04/28/2005,MFD,OH,AGL,CE,Combined TRACON& Tower with Radar,0,15,43,6,64,0,10,33,4,47,0,25,76,10,111,16,2,18,129
04/29/2005,MFD,OH,AGL,CE,Combined TRACON& Tower with Radar,0,37,51,2,90,0,3,5,0,8,0,40,56,2,98,2,0,2,100
04/30/2005,MFD,OH,AGL,CE,Combined TRACON& Tower with Radar,0,9,22,0,31,0,0,5,0,5,0,9,27,0,36,0,0,0,36
05/01/2005,MFD,OH,AGL,CE,Combined TRACON& Tower with Radar,0,8,32,0,40,0,0,47,0,47,0,8,79,0,87,6,0,6,93
05/02/2005,MFD,OH,AGL,CE,Combined TRACON& Tower with Radar,0,6,10,0,16,0,0,11,0,11,0,6,21,0,27,2,0,2,29
05/03/2005,MFD,OH,AGL,CE,Combined TRACON& Tower with Radar,0,4,27,8,39,0,0,23,5,28,0,4,50,13,67,14,26,40,107
05/04/2005,MFD,OH,AGL,CE,Combined TRACON& Tower with Radar,0,16,60,8,84,0,0,49,8,57,0,16,109,16,141,14,8,22,163
05/05/2005,MFD,OH,AGL,CE,Combined TRACON& Tower with Radar,0,17,38,11,66,0,3,46,2,51,0,20,84,13,117,62,16,78,195
05/06/2005,MFD,OH,AGL,CE,Combined TRACON& Tower with Radar,0,16,58,0,74,0,0,54,0,54,0,16,112,0,128,44,0,44,172
05/07/2005,MFD,OH,AGL,CE,Combined TRACON& Tower with Radar,0,18,41,2,61,0,0,69,0,69,0,18,110,2,130,172,0,172,302
05/08/2005,MFD,OH,AGL,CE,Combined TRACON& Tower with Radar,0,68,32,0,100,0,0,56,0,56,0,68,88,0,156,6,0,6,162
05/09/2005,MFD,OH,AGL,CE,Combined TRACON& Tower with Radar,0,11,26,2,39,0,0,48,0,48,0,11,74,2,87,22,0,22,109
05/10/2005,MFD,OH,AGL,CE,Combined TRACON& Tower with Radar,0,15,33,17,65,0,0,17,6,23,0,15,50,23,88,4,4,8,96
05/11/2005,MFD,OH,AGL,CE,Combined TRACON& Tower with Radar,0,16,22,12,50,0,0,21,0,21,0,16,43,12,71,0,4,4,75
05/12/2005,MFD,OH,AGL,CE,Combined TRACON& Tower with Radar,0,12,35,6,53,0,8,20,8,36,0,20,55,14,89,32,38,70,159
05/13/2005,MFD,OH,AGL,CE,Combined TRACON& Tower with Radar,2,0,21,2,25,0,0,23,0,23,2,0,44,2,48,16,0,16,64
05/14/2005,MFD,OH,AGL,CE,Combined TRACON& Tower with Radar,0,9,127,4,140,0,0,0,3,3,0,9,127,7,143,32,0,32,175
05/15/2005,MFD,OH,AGL,CE,Combined TRACON& Tower with Radar,2,6,80,3,91,0,0,63,0,63,2,6,143,3,154,2,0,2,156
05/16/2005,MFD,OH,AGL,CE,Combined TRACON& Tower with Radar,0,2,20,0,22,0,0,24,0,24,0,2,44,0,46,6,0,6,52
05/17/2005,MFD,OH,AGL,CE,Combined TRACON& Tower with Radar,0,2,34,3,39,0,0,47,3,50,0,2,81,6,89,6,8,14,103
05/18/2005,MFD,OH,AGL,CE,Combined TRACON& Tower with Radar,0,23,46,4,73,0,0,56,0,56,0,23,102,4,129,10,4,14,143
05/19/2005,MFD,OH,AGL,CE,Combined TRACON& Tower with Radar,0,4,50,3,57,0,0,15,0,15,0,4,65,3,72,0,0,0,72
05/20/2005,MFD,OH,AGL,CE,Combined TRACON& Tower with Radar,0,0,46,1,47,0,0,7,0,7,0,0,53,1,54,6,0,6,60
05/21/2005,MFD,OH,AGL,CE,Combined TRACON& Tower with Radar,0,38,81,0,119,0,0,107,0,107,0,38,188,0,226,28,0,28,254
05/22/2005,MFD,OH,AGL,CE,Combined TRACON& Tower with Radar,0,10,42,0,52,0,17,62,2,81,0,27,104,2,133,0,0,0,133
05/23/2005,MFD,OH,AGL,CE,Combined TRACON& Tower with Radar,0,8,7,6,21,0,0,4,0,4,0,8,11,6,25,0,0,0,25
05/24/2005,MFD,OH,AGL,CE,Combined TRACON& Tower with Radar,0,20,35,6,61,0,0,9,6,15,0,20,44,12,76,8,12,20,96
05/25/2005,MFD,OH,AGL,CE,Combined TRACON& Tower with Radar,0,1,100,22,123,0,0,0,0,0,0,1,100,22,123,4,36,40,163
05/26/2005,MFD,OH,AGL,CE,Combined TRACON& Tower with Radar,0,9,68,28,105,0,0,44,0,44,0,9,112,28,149,12,36,48,197
05/27/2005,MFD,OH,AGL,CE,Combined TRACON& Tower with Radar,0,22,54,0,76,0,0,19,0,19,0,22,73,0,95,14,0,14,109
05/28/2005,MFD,OH,AGL,CE,Combined TRACON& Tower with Radar,0,0,20,0,20,0,0,20,0,20,0,0,40,0,40,0,0,0,40
05/29/2005,MFD,OH,AGL,CE,Combined TRACON& Tower with Radar,0,0,26,0,26,0,0,54,0,54,0,0,80,0,80,8,0,8,88
05/30/2005,MFD,OH,AGL,CE,Combined TRACON& Tower with Radar,0,0,30,3,33,0,0,18,0,18,0,0,48,3,51,10,0,10,61
05/31/2005,MFD,OH,AGL,CE,Combined TRACON& Tower with Radar,0,6,43,2,51,0,0,37,0,37,0,6,80,2,88,26,0,26,114
06/01/2005,MFD,OH,AGL,CE,Combined TRACON& Tower with Radar,0,4,40,6,50,0,0,40,4,44,0,4,80,10,94,36,12,48,142
06/02/2005,MFD,OH,AGL,CE,Combined TRACON& Tower with Radar,0,7,37,18,62,0,0,14,4,18,0,7,51,22,80,0,26,26,106
06/03/2005,MFD,OH,AGL,CE,Combined TRACON& Tower with Radar,0,0,11,2,13,0,0,6,0,6,0,0,17,2,19,16,0,16,35
06/04/2005,MFD,OH,AGL,CE,Combined TRACON& Tower with Radar,0,18,50,0,68,0,2,60,0,62,0,20,110,0,130,24,0,24,154
06/05/2005,MFD,OH,AGL,CE,Combined TRACON& Tower with Radar,0,18,64,5,87,0,0,37,0,37,0,18,101,5,124,4,0,4,128
06/06/2005,MFD,OH,AGL,CE,Combined TRACON& Tower with Radar,0,37,39,0,76,0,0,21,0,21,0,37,60,0,97,4,0,4,101
06/07/2005,MFD,OH,AGL,CE,Combined TRACON& Tower with Radar,0,15,48,14,77,0,0,57,16,73,0,15,105,30,150,8,60,68,218
06/08/2005,MFD,OH,AGL,CE,Combined TRACON& Tower with Radar,0,20,40,6,66,0,0,30,12,42,0,20,70,18,108,2,10,12,120
06/09/2005,MFD,OH,AGL,CE,Combined TRACON& Tower with Radar,0,14,21,7,42,0,2,12,13,27,0,16,33,20,69,4,16,20,89
06/10/2005,MFD,OH,AGL,CE,Combined TRACON& Tower with Radar,0,2,34,4,40,0,0,11,8,19,0,2,45,12,59,0,0,0,59
06/11/2005,MFD,OH,AGL,CE,Combined TRACON& Tower with Radar,0,6,45,0,51,0,3,37,5,45,0,9,82,5,96,14,0,14,110
06/12/2005,MFD,OH,AGL,CE,Combined TRACON& Tower with Radar,0,14,43,2,59,0,0,27,6,33,0,14,70,8,92,8,4,12,104
06/13/2005,MFD,OH,AGL,CE,Combined TRACON& Tower with Radar,0,4,24,0,28,0,0,16,0,16,0,4,40,0,44,0,0,0,44
06/14/2005,MFD,OH,AGL,CE,Combined TRACON& Tower with Radar,0,15,35,2,52,0,0,15,8,23,0,15,50,10,75,2,12,14,89
06/15/2005,MFD,OH,AGL,CE,Combined TRACON& Tower with Radar,0,15,35,22,72,0,0,7,10,17,0,15,42,32,89,10,42,52,141
06/16/2005,MFD,OH,AGL,CE,Combined TRACON& Tower with Radar,0,7,79,2,88,0,0,19,16,35,0,7,98,18,123,12,4,16,139
06/17/2005,MFD,OH,AGL,CE,Combined TRACON& Tower with Radar,0,2,45,3,50,0,7,41,0,48,0,9,86,3,98,40,0,40,138
06/18/2005,MFD,OH,AGL,CE,Combined TRACON& Tower with Radar,0,22,58,0,80,0,0,38,0,38,0,22,96,0,118,0,0,0,118
06/19/2005,MFD,OH,AGL,CE,Combined TRACON& Tower with Radar,0,10,44,1,55,0,0,64,0,64,0,10,108,1,119,10,0,10,129
06/20/2005,MFD,OH,AGL,CE,Combined TRACON& Tower with Radar,0,6,53,1,60,0,3,57,0,60,0,9,110,1,120,18,0,18,138
06/21/2005,MFD,OH,AGL,CE,Combined TRACON& Tower with Radar,0,2,41,26,69,0,0,20,4,24,0,2,61,30,93,8,24,32,125
06/22/2005,MFD,OH,AGL,CE,Combined TRACON& Tower with Radar,0,28,55,12,95,0,0,31,12,43,0,28,86,24,138,24,14,38,176
06/23/2005,MFD,OH,AGL,CE,Combined TRACON& Tower with Radar,0,24,17,0,41,24,70,0,0,94,24,94,17,0,135,14,12,26,161
06/24/2005,MFD,OH,AGL,CE,Combined TRACON& Tower with Radar,0,6,45,4,55,0,0,42,0,42,0,6,87,4,97,8,0,8,105
06/25/2005,MFD,OH,AGL,CE,Combined TRACON& Tower with Radar,0,0,15,0,15,0,0,33,0,33,0,0,48,0,48,0,0,0,48
06/26/2005,MFD,OH,AGL,CE,Combined TRACON& Tower with Radar,0,5,20,4,29,0,0,39,0,39,0,5,59,4,68,8,0,8,76
06/27/2005,MFD,OH,AGL,CE,Combined TRACON& Tower with Radar,0,3,39,0,42,0,0,6,0,6,0,3,45,0,48,8,0,8,56
06/28/2005,MFD,OH,AGL,CE,Combined TRACON& Tower with Radar,0,4,15,10,29,0,0,5,10,15,0,4,20,20,44,8,24,32,76
06/29/2005,MFD,OH,AGL,CE,Combined TRACON& Tower with Radar,0,8,35,11,54,0,0,17,0,17,0,8,52,11,71,0,2,2,73
06/30/2005,MFD,OH,AGL,CE,Combined TRACON& Tower with Radar,0,14,29,7,50,0,0,12,0,12,0,14,41,7,62,4,0,4,66
07/01/2005,MFD,OH,AGL,CE,Combined TRACON& Tower with Radar,0,6,14,0,20,0,0,25,45,70,0,6,39,45,90,2,0,2,92
07/02/2005,MFD,OH,AGL,CE,Combined TRACON& Tower with Radar,0,2,36,0,38,0,0,67,0,67,0,2,103,0,105,28,0,28,133
07/03/2005,MFD,OH,AGL,CE,Combined TRACON& Tower with Radar,0,0,13,0,13,0,0,68,0,68,0,0,81,0,81,10,0,10,91
07/04/2005,MFD,OH,AGL,CE,Combined TRACON& Tower with Radar,0,3,22,0,25,0,1,14,2,17,0,4,36,2,42,14,0,14,56
07/05/2005,MFD,OH,AGL,CE,Combined TRACON& Tower with Radar,0,1,37,40,78,0,0,0,0,0,0,1,37,40,78,0,46,46,124
07/06/2005,MFD,OH,AGL,CE,Combined TRACON& Tower with Radar,0,22,41,12,75,0,0,20,0,20,0,22,61,12,95,34,2,36,131
07/07/2005,MFD,OH,AGL,CE,Combined TRACON& Tower with Radar,0,1,39,5,45,0,0,12,9,21,0,1,51,14,66,0,18,18,84
07/08/2005,MFD,OH,AGL,CE,Combined TRACON& Tower with Radar,0,22,22,0,44,0,0,35,0,35,0,22,57,0,79,14,0,14,93
07/09/2005,MFD,OH,AGL,CE,Combined TRACON& Tower with Radar,0,31,46,7,84,0,0,82,3,85,0,31,128,10,169,10,10,20,189
07/10/2005,MFD,OH,AGL,CE,Combined TRACON& Tower with Radar,0,20,22,1,43,0,0,81,0,81,0,20,103,1,124,6,0,6,130
07/11/2005,MFD,OH,AGL,CE,Combined TRACON& Tower with Radar,0,14,44,0,58,0,0,56,0,56,0,14,100,0,114,12,0,12,126
07/12/2005,MFD,OH,AGL,CE,Combined TRACON& Tower with Radar,0,20,31,8,59,0,0,13,14,27,0,20,44,22,86,4,6,10,96
07/13/2005,MFD,OH,AGL,CE,Combined TRACON& Tower with Radar,0,10,39,26,75,0,0,20,6,26,0,10,59,32,101,20,36,56,157
07/14/2005,MFD,OH,AGL,CE,Combined TRACON& Tower with Radar,0,36,29,13,78,0,0,2,0,2,0,36,31,13,80,6,4,10,90
07/15/2005,MFD,OH,AGL,CE,Combined TRACON& Tower with Radar,0,2,32,2,36,0,0,16,0,16,0,2,48,2,52,10,2,12,64
07/16/2005,MFD,OH,AGL,CE,Combined TRACON& Tower with Radar,0,11,32,1,44,0,0,1,0,1,0,11,33,1,45,0,0,0,45
07/17/2005,MFD,OH,AGL,CE,Combined TRACON& Tower with Radar,0,0,14,0,14,0,0,2,0,2,0,0,16,0,16,8,0,8,24
07/18/2005,MFD,OH,AGL,CE,Combined TRACON& Tower with Radar,0,14,31,2,47,0,0,6,1,7,0,14,37,3,54,0,0,0,54
07/19/2005,MFD,OH,AGL,CE,Combined TRACON& Tower with Radar,0,11,40,14,65,0,0,46,2,48,0,11,86,16,113,34,8,42,155
07/20/2005,MFD,OH,AGL,CE,Combined TRACON& Tower with Radar,0,0,89,22,111,0,0,57,4,61,0,0,146,26,172,28,14,42,214
07/21/2005,MFD,OH,AGL,CE,Combined TRACON& Tower with Radar,0,12,47,13,72,0,0,11,8,19,0,12,58,21,91,10,22,32,123
07/22/2005,MFD,OH,AGL,CE,Combined TRACON& Tower with Radar,0,13,31,0,44,0,0,37,0,37,0,13,68,0,81,18,0,18,99
07/23/2005,MFD,OH,AGL,CE,Combined TRACON& Tower with Radar,0,14,60,13,87,0,2,115,0,117,0,16,175,13,204,20,0,20,224
07/24/2005,MFD,OH,AGL,CE,Combined TRACON& Tower with Radar,0,7,33,1,41,0,0,24,0,24,0,7,57,1,65,6,4,10,75
07/25/2005,MFD,OH,AGL,CE,Combined TRACON& Tower with Radar,0,20,32,1,53,0,0,1,1,2,0,20,33,2,55,2,0,2,57
07/26/2005,MFD,OH,AGL,CE,Combined TRACON& Tower with Radar,0,14,36,13,63,0,0,5,2,7,0,14,41,15,70,0,8,8,78
07/27/2005,MFD,OH,AGL,CE,Combined TRACON& Tower with Radar,0,3,71,10,84,0,0,0,0,0,0,3,71,10,84,0,8,8,92
07/28/2005,MFD,OH,AGL,CE,Combined TRACON& Tower with Radar,0,10,81,30,121,0,0,39,0,39,0,10,120,30,160,25,10,35,195
07/29/2005,MFD,OH,AGL,CE,Combined TRACON& Tower with Radar,0,11,38,4,53,0,3,55,0,58,0,14,93,4,111,24,1,25,136
07/30/2005,MFD,OH,AGL,CE,Combined TRACON& Tower with Radar,0,2,33,10,45,0,2,78,0,80,0,4,111,10,125,0,0,0,125
07/31/2005,MFD,OH,AGL,CE,Combined TRACON& Tower with Radar,0,0,36,4,40,0,0,78,0,78,0,0,114,4,118,8,12,20,138
08/01/2005,MFD,OH,AGL,CE,Combined TRACON& Tower with Radar,0,2,34,0,36,0,0,54,0,54,0,2,88,0,90,34,0,34,124
08/02/2005,MFD,OH,AGL,CE,Combined TRACON& Tower with Radar,0,20,53,16,89,0,4,47,8,59,0,24,100,24,148,26,6,32,180
08/03/2005,MFD,OH,AGL,CE,Combined TRACON& Tower with Radar,0,6,24,22,52,0,8,26,12,46,0,14,50,34,98,22,36,58,156
08/04/2005,MFD,OH,AGL,CE,Combined TRACON& Tower with Radar,0,8,32,4,44,0,0,36,0,36,0,8,68,4,80,4,10,14,94
08/05/2005,MFD,OH,AGL,CE,Combined TRACON& Tower with Radar,0,12,26,2,40,0,0,13,0,13,0,12,39,2,53,4,0,4,57
08/06/2005,MFD,OH,AGL,CE,Combined TRACON& Tower with Radar,0,16,31,0,47,0,1,62,2,65,0,17,93,2,112,18,0,18,130
08/07/2005,MFD,OH,AGL,CE,Combined TRACON& Tower with Radar,0,6,32,3,41,0,0,81,0,81,0,6,113,3,122,14,0,14,136
08/08/2005,MFD,OH,AGL,CE,Combined TRACON& Tower with Radar,0,24,30,1,55,0,2,40,0,42,0,26,70,1,97,10,0,10,107
08/09/2005,MFD,OH,AGL,CE,Combined TRACON& Tower with Radar,0,14,40,19,73,0,0,48,0,48,0,14,88,19,121,50,36,86,207
08/10/2005,MFD,OH,AGL,CE,Combined TRACON& Tower with Radar,0,8,13,9,30,0,0,20,0,20,0,8,33,9,50,16,48,64,114
08/11/2005,MFD,OH,AGL,CE,Combined TRACON& Tower with Radar,0,16,54,10,80,0,0,22,12,34,0,16,76,22,114,0,2,2,116
08/12/2005,MFD,OH,AGL,CE,Combined TRACON& Tower with Radar,0,15,23,2,40,0,0,8,0,8,0,15,31,2,48,0,0,0,48
08/13/2005,MFD,OH,AGL,CE,Combined TRACON& Tower with Radar,0,25,24,2,51,0,13,26,8,47,0,38,50,10,98,1,6,7,105
08/14/2005,MFD,OH,AGL,CE,Combined TRACON& Tower with Radar,0,5,28,6,39,0,0,12,0,12,0,5,40,6,51,0,0,0,51
08/15/2005,MFD,OH,AGL,CE,Combined TRACON& Tower with Radar,0,10,32,2,44,0,0,30,0,30,0,10,62,2,74,16,0,16,90
08/16/2005,MFD,OH,AGL,CE,Combined TRACON& Tower with Radar,0,20,72,24,116,0,0,64,0,64,0,20,136,24,180,4,36,40,220
08/17/2005,MFD,OH,AGL,CE,Combined TRACON& Tower with Radar,0,18,18,11,47,0,15,62,13,90,0,33,80,24,137,18,12,30,167
08/18/2005,MFD,OH,AGL,CE,Combined TRACON& Tower with Radar,0,2,53,12,67,0,0,0,17,17,0,2,53,29,84,0,20,20,104
08/19/2005,MFD,OH,AGL,CE,Combined TRACON& Tower with Radar,0,37,20,2,59,0,1,10,0,11,0,38,30,2,70,12,0,12,82
08/20/2005,MFD,OH,AGL,CE,Combined TRACON& Tower with Radar,0,39,10,1,50,0,0,16,0,16,0,39,26,1,66,16,0,16,82
08/21/2005,MFD,OH,AGL,CE,Combined TRACON& Tower with Radar,0,27,43,4,74,0,0,38,0,38,0,27,81,4,112,8,0,8,120
08/22/2005,MFD,OH,AGL,CE,Combined TRACON& Tower with Radar,0,16,36,0,52,0,0,37,0,37,0,16,73,0,89,30,0,30,119
08/23/2005,MFD,OH,AGL,CE,Combined TRACON& Tower with Radar,0,10,31,20,61,0,0,55,4,59,0,10,86,24,120,16,64,80,200
08/24/2005,MFD,OH,AGL,CE,Combined TRACON& Tower with Radar,0,14,57,14,85,0,0,40,8,48,0,14,97,22,133,8,20,28,161
08/25/2005,MFD,OH,AGL,CE,Combined TRACON& Tower with Radar,0,16,43,11,70,0,2,57,9,68,0,18,100,20,138,20,14,34,172
08/26/2005,MFD,OH,AGL,CE,Combined TRACON& Tower with Radar,0,26,21,1,48,0,0,13,0,13,0,26,34,1,61,6,0,6,67
08/27/2005,MFD,OH,AGL,CE,Combined TRACON& Tower with Radar,0,21,25,4,50,0,0,1,0,1,0,21,26,4,51,0,0,0,51
08/28/2005,MFD,OH,AGL,CE,Combined TRACON& Tower with Radar,0,16,60,2,78,0,0,112,0,112,0,16,172,2,190,8,0,8,198
08/29/2005,MFD,OH,AGL,CE,Combined TRACON& Tower with Radar,0,28,21,3,52,0,0,13,0,13,0,28,34,3,65,4,0,4,69
08/30/2005,MFD,OH,AGL,CE,Combined TRACON& Tower with Radar,0,0,7,4,11,0,0,0,0,0,0,0,7,4,11,0,0,0,11
08/31/2005,MFD,OH,AGL,CE,Combined TRACON& Tower with Radar,0,22,34,11,67,0,0,0,0,0,0,22,34,11,67,20,12,32,99
09/01/2005,MFD,OH,AGL,CE,Combined TRACON& Tower with Radar,0,16,45,4,65,0,0,43,0,43,0,16,88,4,108,2,0,2,110
09/02/2005,MFD,OH,AGL,CE,Combined TRACON& Tower with Radar,0,26,22,4,52,0,0,53,2,55,0,26,75,6,107,24,3,27,134
09/03/2005,MFD,OH,AGL,CE,Combined TRACON& Tower with Radar,0,7,21,6,34,0,5,63,1,69,0,12,84,7,103,24,0,24,127
09/04/2005,MFD,OH,AGL,CE,Combined TRACON& Tower with Radar,0,22,27,10,59,0,0,76,0,76,0,22,103,10,135,34,0,34,169
09/05/2005,MFD,OH,AGL,CE,Combined TRACON& Tower with Radar,0,6,25,4,35,0,0,27,0,27,0,6,52,4,62,28,0,28,90
09/06/2005,MFD,OH,AGL,CE,Combined TRACON& Tower with Radar,0,10,35,12,57,0,0,33,8,41,0,10,68,20,98,16,22,38,136
09/07/2005,MFD,OH,AGL,CE,Combined TRACON& Tower with Radar,0,0,61,18,79,0,0,26,7,33,0,0,87,25,112,28,14,42,154
09/08/2005,MFD,OH,AGL,CE,Combined TRACON& Tower with Radar,0,14,20,6,40,0,0,22,0,22,0,14,42,6,62,18,0,18,80
09/09/2005,MFD,OH,AGL,CE,Combined TRACON& Tower with Radar,0,13,35,18,66,0,0,22,1,23,0,13,57,19,89,20,0,20,109
09/10/2005,MFD,OH,AGL,CE,Combined TRACON& Tower with Radar,0,2,31,5,38,0,0,45,0,45,0,2,76,5,83,14,0,14,97
09/11/2005,MFD,OH,AGL,CE,Combined TRACON& Tower with Radar,0,4,15,4,23,0,0,73,0,73,0,4,88,4,96,4,0,4,100
09/12/2005,MFD,OH,AGL,CE,Combined TRACON& Tower with Radar,0,12,27,10,49,0,2,35,2,39,0,14,62,12,88,14,12,26,114
09/13/2005,MFD,OH,AGL,CE,Combined TRACON& Tower with Radar,0,0,45,7,52,0,0,12,0,12,0,0,57,7,64,2,0,2,66
09/14/2005,MFD,OH,AGL,CE,Combined TRACON& Tower with Radar,0,2,22,6,30,0,0,4,1,5,0,2,26,7,35,14,44,58,93
09/15/2005,MFD,OH,AGL,CE,Combined TRACON& Tower with Radar,0,12,43,20,75,0,0,11,2,13,0,12,54,22,88,24,18,42,130
09/16/2005,MFD,OH,AGL,CE,Combined TRACON& Tower with Radar,0,10,42,5,57,0,4,3,0,7,0,14,45,5,64,2,0,2,66
09/17/2005,MFD,OH,AGL,CE,Combined TRACON& Tower with Radar,0,18,32,0,50,0,0,0,0,0,0,18,32,0,50,0,0,0,50
09/18/2005,MFD,OH,AGL,CE,Combined TRACON& Tower with Radar,0,0,22,1,23,0,0,25,0,25,0,0,47,1,48,8,0,8,56
09/19/2005,MFD,OH,AGL,CE,Combined TRACON& Tower with Radar,0,4,29,0,33,0,0,13,0,13,0,4,42,0,46,16,0,16,62
09/20/2005,MFD,OH,AGL,CE,Combined TRACON& Tower with Radar,0,12,30,6,48,0,0,24,0,24,0,12,54,6,72,12,0,12,84
09/21/2005,MFD,OH,AGL,CE,Combined TRACON& Tower with Radar,0,11,51,9,71,0,0,66,0,66,0,11,117,9,137,26,6,32,169
09/22/2005,MFD,OH,AGL,CE,Combined TRACON& Tower with Radar,0,11,15,13,39,0,0,33,3,36,0,11,48,16,75,22,18,40,115
09/23/2005,MFD,OH,AGL,CE,Combined TRACON& Tower with Radar,0,2,27,8,37,0,1,12,0,13,0,3,39,8,50,0,0,0,50
09/24/2005,MFD,OH,AGL,CE,Combined TRACON& Tower with Radar,0,1,30,0,31,0,1,5,0,6,0,2,35,0,37,30,0,30,67
09/25/2005,MFD,OH,AGL,CE,Combined TRACON& Tower with Radar,0,2,28,2,32,0,0,6,0,6,0,2,34,2,38,0,0,0,38
09/26/2005,MFD,OH,AGL,CE,Combined TRACON& Tower with Radar,0,4,10,2,16,0,0,1,0,1,0,4,11,2,17,0,0,0,17
09/27/2005,MFD,OH,AGL,CE,Combined TRACON& Tower with Radar,0,38,33,15,86,0,0,87,0,87,0,38,120,15,173,18,16,34,207
09/28/2005,MFD,OH,AGL,CE,Combined TRACON& Tower with Radar,0,7,30,22,59,0,1,49,4,54,0,8,79,26,113,26,74,100,213
09/29/2005,MFD,OH,AGL,CE,Combined TRACON& Tower with Radar,0,8,22,13,43,0,0,19,9,28,0,8,41,22,71,6,32,38,109
09/30/2005,MFD,OH,AGL,CE,Combined TRACON& Tower with Radar,0,20,31,2,53,0,0,72,1,73,0,20,103,3,126,22,0,22,148
10/01/2005,MFD,OH,AGL,CE,Combined TRACON& Tower with Radar,0,10,32,0,42,0,0,132,0,132,0,10,164,0,174,32,0,32,206
10/02/2005,MFD,OH,AGL,CE,Combined TRACON& Tower with Radar,0,0,42,0,42,0,0,84,0,84,0,0,126,0,126,14,0,14,140
10/03/2005,MFD,OH,AGL,CE,Combined TRACON& Tower with Radar,0,14,30,10,54,0,0,24,0,24,0,14,54,10,78,2,4,6,84
10/04/2005,MFD,OH,AGL,CE,Combined TRACON& Tower with Radar,0,2,76,18,96,0,0,38,4,42,0,2,114,22,138,12,12,24,162
10/05/2005,MFD,OH,AGL,CE,Combined TRACON& Tower with Radar,0,4,52,8,64,0,0,40,0,40,0,4,92,8,104,18,10,28,132
10/06/2005,MFD,OH,AGL,CE,Combined TRACON& Tower with Radar,0,16,17,21,54,0,1,22,0,23,0,17,39,21,77,6,26,32,109
10/07/2005,MFD,OH,AGL,CE,Combined TRACON& Tower with Radar,0,4,22,5,31,0,0,0,0,0,0,4,22,5,31,0,0,0,31
10/08/2005,MFD,OH,AGL,CE,Combined TRACON& Tower with Radar,0,18,26,1,45,0,0,0,0,0,0,18,26,1,45,0,0,0,45
10/09/2005,MFD,OH,AGL,CE,Combined TRACON& Tower with Radar,0,2,16,3,21,0,1,0,1,2,0,3,16,4,23,0,0,0,23
10/10/2005,MFD,OH,AGL,CE,Combined TRACON& Tower with Radar,0,7,48,1,56,0,0,0,0,0,0,7,48,1,56,0,0,0,56
10/11/2005,MFD,OH,AGL,CE,Combined TRACON& Tower with Radar,0,12,41,40,93,0,0,1,0,1,0,12,42,40,94,0,8,8,102
10/12/2005,MFD,OH,AGL,CE,Combined TRACON& Tower with Radar,0,17,59,24,100,0,0,0,0,0,0,17,59,24,100,10,24,34,134
10/13/2005,MFD,OH,AGL,CE,Combined TRACON& Tower with Radar,0,12,15,4,31,0,1,43,7,51,0,13,58,11,82,2,4,6,88
10/14/2005,MFD,OH,AGL,CE,Combined TRACON& Tower with Radar,0,10,47,1,58,0,0,24,5,29,0,10,71,6,87,16,0,16,103
10/15/2005,MFD,OH,AGL,CE,Combined TRACON& Tower with Radar,0,4,31,2,37,0,0,21,10,31,0,4,52,12,68,12,4,16,84
10/16/2005,MFD,OH,AGL,CE,Combined TRACON& Tower with Radar,0,2,54,6,62,0,0,68,2,70,0,2,122,8,132,26,4,30,162
10/17/2005,MFD,OH,AGL,CE,Combined TRACON& Tower with Radar,0,14,56,1,71,0,0,33,0,33,0,14,89,1,104,10,0,10,114
10/18/2005,MFD,OH,AGL,CE,Combined TRACON& Tower with Radar,0,22,50,0,72,0,0,40,18,58,0,22,90,18,130,12,4,16,146
10/19/2005,MFD,OH,AGL,CE,Combined TRACON& Tower with Radar,0,30,42,0,72,0,0,60,0,60,0,30,102,0,132,4,10,14,146
10/20/2005,MFD,OH,AGL,CE,Combined TRACON& Tower with Radar,2,16,30,0,48,0,0,29,0,29,2,16,59,0,77,10,0,10,87
10/21/2005,MFD,OH,AGL,CE,Combined TRACON& Tower with Radar,0,18,34,0,52,0,2,12,0,14,0,20,46,0,66,8,0,8,74
10/22/2005,MFD,OH,AGL,CE,Combined TRACON& Tower with Radar,0,28,4,2,34,0,0,14,0,14,0,28,18,2,48,0,0,0,48
10/23/2005,MFD,OH,AGL,CE,Combined TRACON& Tower with Radar,0,21,30,0,51,0,0,25,0,25,0,21,55,0,76,2,0,2,78
10/24/2005,MFD,OH,AGL,CE,Combined TRACON& Tower with Radar,0,25,11,0,36,0,0,0,0,0,0,25,11,0,36,0,0,0,36
10/25/2005,MFD,OH,AGL,CE,Combined TRACON& Tower with Radar,0,14,5,17,36,0,0,0,0,0,0,14,5,17,36,0,0,0,36
10/26/2005,MFD,OH,AGL,CE,Combined TRACON& Tower with Radar,0,49,44,6,99,0,0,0,0,0,0,49,44,6,99,4,4,8,107
10/27/2005,MFD,OH,AGL,CE,Combined TRACON& Tower with Radar,2,8,34,15,59,0,0,24,1,25,2,8,58,16,84,10,2,12,96
10/28/2005,MFD,OH,AGL,CE,Combined TRACON& Tower with Radar,0,10,36,0,46,0,0,17,0,17,0,10,53,0,63,32,0,32,95
10/29/2005,MFD,OH,AGL,CE,Combined TRACON& Tower with Radar,0,39,51,2,92,0,0,102,1,103,0,39,153,3,195,16,0,16,211
10/30/2005,MFD,OH,AGL,CE,Combined TRACON& Tower with Radar,0,14,44,0,58,0,0,86,2,88,0,14,130,2,146,16,0,16,162
10/31/2005,MFD,OH,AGL,CE,Combined TRACON& Tower with Radar,0,2,25,0,27,0,0,13,0,13,0,2,38,0,40,30,0,30,70
11/01/2005,MFD,OH,AGL,CE,Combined TRACON& Tower with Radar,0,0,12,0,12,0,0,6,1,7,0,0,18,1,19,10,0,10,29
11/02/2005,MFD,OH,AGL,CE,Combined TRACON& Tower with Radar,0,13,40,28,81,0,0,21,0,21,0,13,61,28,102,12,12,24,126
11/03/2005,MFD,OH,AGL,CE,Combined TRACON& Tower with Radar,0,15,31,0,46,0,0,34,0,34,0,15,65,0,80,38,0,38,118
11/04/2005,MFD,OH,AGL,CE,Combined TRACON& Tower with Radar,0,38,22,4,64,0,0,9,0,9,0,38,31,4,73,22,0,22,95
11/05/2005,MFD,OH,AGL,CE,Combined TRACON& Tower with Radar,0,26,31,2,59,0,0,21,0,21,0,26,52,2,80,12,0,12,92
11/06/2005,MFD,OH,AGL,CE,Combined TRACON& Tower with Radar,0,25,1,0,26,0,0,0,0,0,0,25,1,0,26,2,0,2,28
11/07/2005,MFD,OH,AGL,CE,Combined TRACON& Tower with Radar,0,44,22,2,68,0,0,29,0,29,0,44,51,2,97,24,0,24,121
11/08/2005,MFD,OH,AGL,CE,Combined TRACON& Tower with Radar,0,18,13,8,39,0,0,4,8,12,0,18,17,16,51,4,2,6,57
11/09/2005,MFD,OH,AGL,CE,Combined TRACON& Tower with Radar,0,30,0,0,30,0,0,0,2,2,0,30,0,2,32,6,0,6,38
11/10/2005,MFD,OH,AGL,CE,Combined TRACON& Tower with Radar,0,0,17,18,35,0,0,20,2,22,0,0,37,20,57,0,28,28,85
11/11/2005,MFD,OH,AGL,CE,Combined TRACON& Tower with Radar,0,28,33,0,61,0,2,57,0,59,0,30,90,0,120,38,0,38,158
11/12/2005,MFD,OH,AGL,CE,Combined TRACON& Tower with Radar,0,8,16,0,24,0,0,92,0,92,0,8,108,0,116,16,0,16,132
11/13/2005,MFD,OH,AGL,CE,Combined TRACON& Tower with Radar,0,8,4,0,12,0,0,0,0,0,0,8,4,0,12,0,0,0,12
11/14/2005,MFD,OH,AGL,CE,Combined TRACON& Tower with Radar,0,6,52,0,58,0,0,42,0,42,0,6,94,0,100,4,0,4,104
11/15/2005,MFD,OH,AGL,CE,Combined TRACON& Tower with Radar,0,13,9,8,30,0,0,3,2,5,0,13,12,10,35,0,2,2,37
11/16/2005,MFD,OH,AGL,CE,Combined TRACON& Tower with Radar,0,16,9,12,37,0,0,5,14,19,0,16,14,26,56,0,12,12,68
11/17/2005,MFD,OH,AGL,CE,Combined TRACON& Tower with Radar,0,14,15,20,49,0,0,12,0,12,0,14,27,20,61,2,26,28,89
11/18/2005,MFD,OH,AGL,CE,Combined TRACON& Tower with Radar,0,34,20,0,54,0,0,22,0,22,0,34,42,0,76,8,0,8,84
11/19/2005,MFD,OH,AGL,CE,Combined TRACON& Tower with Radar,0,37,22,2,61,0,8,47,0,55,0,45,69,2,116,8,0,8,124
11/20/2005,MFD,OH,AGL,CE,Combined TRACON& Tower with Radar,0,4,35,0,39,0,1,62,0,63,0,5,97,0,102,32,0,32,134
11/21/2005,MFD,OH,AGL,CE,Combined TRACON& Tower with Radar,2,18,36,2,58,0,1,29,0,30,2,19,65,2,88,36,0,36,124
11/22/2005,MFD,OH,AGL,CE,Combined TRACON& Tower with Radar,0,5,10,6,21,0,0,1,8,9,0,5,11,14,30,32,2,34,64
11/23/2005,MFD,OH,AGL,CE,Combined TRACON& Tower with Radar,0,3,6,0,9,0,0,0,0,0,0,3,6,0,9,0,0,0,9
11/24/2005,MFD,OH,AGL,CE,Combined TRACON& Tower with Radar,0,0,1,0,1,0,0,0,0,0,0,0,1,0,1,0,0,0,1
11/25/2005,MFD,OH,AGL,CE,Combined TRACON& Tower with Radar,0,2,9,0,11,0,1,11,0,12,0,3,20,0,23,2,0,2,25
11/26/2005,MFD,OH,AGL,CE,Combined TRACON& Tower with Radar,0,2,19,0,21,0,0,38,0,38,0,2,57,0,59,16,0,16,75
11/27/2005,MFD,OH,AGL,CE,Combined TRACON& Tower with Radar,0,2,49,0,51,0,0,15,0,15,0,2,64,0,66,16,0,16,82
11/28/2005,MFD,OH,AGL,CE,Combined TRACON& Tower with Radar,0,7,10,0,17,0,0,1,0,1,0,7,11,0,18,0,0,0,18
11/29/2005,MFD,OH,AGL,CE,Combined TRACON& Tower with Radar,0,10,10,9,29,0,0,9,5,14,0,10,19,14,43,24,4,28,71
11/30/2005,MFD,OH,AGL,CE,Combined TRACON& Tower with Radar,0,7,11,8,26,0,0,0,0,0,0,7,11,8,26,0,4,4,30
12/01/2005,MFD,OH,AGL,CE,Combined TRACON& Tower with Radar,0,8,11,1,20,0,0,7,0,7,0,8,18,1,27,0,0,0,27
12/02/2005,MFD,OH,AGL,CE,Combined TRACON& Tower with Radar,0,50,10,1,61,0,0,5,0,5,0,50,15,1,66,0,0,0,66
12/03/2005,MFD,OH,AGL,CE,Combined TRACON& Tower with Radar,0,32,65,0,97,0,0,39,0,39,0,32,104,0,136,18,0,18,154
12/04/2005,MFD,OH,AGL,CE,Combined TRACON& Tower with Radar,0,6,2,0,8,0,0,2,0,2,0,6,4,0,10,8,0,8,18
12/05/2005,MFD,OH,AGL,CE,Combined TRACON& Tower with Radar,0,0,12,0,12,0,0,1,0,1,0,0,13,0,13,0,0,0,13
12/06/2005,MFD,OH,AGL,CE,Combined TRACON& Tower with Radar,0,14,40,3,57,0,0,12,5,17,0,14,52,8,74,18,4,22,96
12/07/2005,MFD,OH,AGL,CE,Combined TRACON& Tower with Radar,0,16,30,30,76,0,0,7,0,7,0,16,37,30,83,2,32,34,117
12/08/2005,MFD,OH,AGL,CE,Combined TRACON& Tower with Radar,0,30,17,10,57,0,6,12,4,22,0,36,29,14,79,20,10,30,109
12/09/2005,MFD,OH,AGL,CE,Combined TRACON& Tower with Radar,0,0,6,0,6,0,0,2,0,2,0,0,8,0,8,0,0,0,8
12/10/2005,MFD,OH,AGL,CE,Combined TRACON& Tower with Radar,0,4,39,0,43,0,0,7,0,7,0,4,46,0,50,28,0,28,78
12/11/2005,MFD,OH,AGL,CE,Combined TRACON& Tower with Radar,0,10,7,2,19,0,0,0,0,0,0,10,7,2,19,0,0,0,19
12/12/2005,MFD,OH,AGL,CE,Combined TRACON& Tower with Radar,0,12,14,0,26,0,2,15,0,17,0,14,29,0,43,34,0,34,77
12/13/2005,MFD,OH,AGL,CE,Combined TRACON& Tower with Radar,0,0,43,16,59,0,0,49,0,49,0,0,92,16,108,102,16,118,226
12/14/2005,MFD,OH,AGL,CE,Combined TRACON& Tower with Radar,0,4,22,0,26,4,37,0,0,41,4,41,22,0,67,0,4,4,71
12/15/2005,MFD,OH,AGL,CE,Combined TRACON& Tower with Radar,0,2,4,0,6,0,0,0,0,0,0,2,4,0,6,0,0,0,6
12/16/2005,MFD,OH,AGL,CE,Combined TRACON& Tower with Radar,0,31,15,1,47,0,0,0,0,0,0,31,15,1,47,0,0,0,47
12/17/2005,MFD,OH,AGL,CE,Combined TRACON& Tower with Radar,0,29,33,0,62,0,0,55,0,55,0,29,88,0,117,12,0,12,129
12/18/2005,MFD,OH,AGL,CE,Combined TRACON& Tower with Radar,0,25,18,1,44,0,0,41,0,41,0,25,59,1,85,12,0,12,97
12/19/2005,MFD,OH,AGL,CE,Combined TRACON& Tower with Radar,0,12,10,3,25,0,0,8,0,8,0,12,18,3,33,34,0,34,67
12/20/2005,MFD,OH,AGL,CE,Combined TRACON& Tower with Radar,0,6,25,9,40,0,0,8,6,14,0,6,33,15,54,18,12,30,84
12/21/2005,MFD,OH,AGL,CE,Combined TRACON& Tower with Radar,0,11,26,10,47,0,0,17,12,29,0,11,43,22,76,12,6,18,94
12/22/2005,MFD,OH,AGL,CE,Combined TRACON& Tower with Radar,0,12,20,30,62,0,0,16,0,16,0,12,36,30,78,6,42,48,126
12/23/2005,MFD,OH,AGL,CE,Combined TRACON& Tower with Radar,0,0,8,0,8,0,0,16,0,16,0,0,24,0,24,20,0,20,44
12/24/2005,MFD,OH,AGL,CE,Combined TRACON& Tower with Radar,0,0,23,1,24,0,0,26,0,26,0,0,49,1,50,18,0,18,68
12/25/2005,MFD,OH,AGL,CE,Combined TRACON& Tower with Radar,0,0,2,0,2,0,0,0,0,0,0,0,2,0,2,0,0,0,2
12/26/2005,MFD,OH,AGL,CE,Combined TRACON& Tower with Radar,0,0,19,0,19,0,0,0,0,0,0,0,19,0,19,0,0,0,19
12/27/2005,MFD,OH,AGL,CE,Combined TRACON& Tower with Radar,0,0,12,0,12,0,0,5,0,5,0,0,17,0,17,0,0,0,17
12/28/2005,MFD,OH,AGL,CE,Combined TRACON& Tower with Radar,0,2,24,58,84,0,0,8,0,8,0,2,32,58,92,0,24,24,116
12/29/2005,MFD,OH,AGL,CE,Combined TRACON& Tower with Radar,0,0,1,6,7,0,0,0,0,0,0,0,1,6,7,0,0,0,7
12/30/2005,MFD,OH,AGL,CE,Combined TRACON& Tower with Radar,0,0,24,0,24,0,0,14,0,14,0,0,38,0,38,2,0,2,40
12/31/2005,MFD,OH,AGL,CE,Combined TRACON& Tower with Radar,0,2,9,0,11,0,0,0,0,0,0,2,9,0,11,0,0,0,11
01/01/2006,MFD,OH,AGL,CE,Combined TRACON& Tower with Radar,0,0,18,0,18,0,0,24,0,24,0,0,42,0,42,2,0,2,44
01/02/2006,MFD,OH,AGL,CE,Combined TRACON& Tower with Radar,0,0,14,0,14,0,0,0,0,0,0,0,14,0,14,0,0,0,14
01/03/2006,MFD,OH,AGL,CE,Combined TRACON& Tower with Radar,0,0,7,4,11,0,0,0,0,0,0,0,7,4,11,0,0,0,11
01/04/2006,MFD,OH,AGL,CE,Combined TRACON& Tower with Radar,0,8,5,12,25,0,0,0,2,2,0,8,5,14,27,0,0,0,27
01/05/2006,MFD,OH,AGL,CE,Combined TRACON& Tower with Radar,0,8,6,5,19,0,0,0,1,1,0,8,6,6,20,0,0,0,20
01/06/2006,MFD,OH,AGL,CE,Combined TRACON& Tower with Radar,0,14,33,1,48,0,2,0,0,2,0,16,33,1,50,12,0,12,62
01/07/2006,MFD,OH,AGL,CE,Combined TRACON& Tower with Radar,0,12,16,7,35,0,0,8,0,8,0,12,24,7,43,0,0,0,43
01/08/2006,MFD,OH,AGL,CE,Combined TRACON& Tower with Radar,0,22,30,11,63,0,0,56,0,56,0,22,86,11,119,26,0,26,145
01/09/2006,MFD,OH,AGL,CE,Combined TRACON& Tower with Radar,0,38,12,0,50,0,10,1,0,11,0,48,13,0,61,4,0,4,65
01/10/2006,MFD,OH,AGL,CE,Combined TRACON& Tower with Radar,0,15,25,5,45,0,0,12,7,19,0,15,37,12,64,2,6,8,72
01/11/2006,MFD,OH,AGL,CE,Combined TRACON& Tower with Radar,0,12,18,8,38,0,0,10,0,10,0,12,28,8,48,0,0,0,48
01/12/2006,MFD,OH,AGL,CE,Combined TRACON& Tower with Radar,2,12,44,18,76,0,24,37,0,61,2,36,81,18,137,38,16,54,191
01/13/2006,MFD,OH,AGL,CE,Combined TRACON& Tower with Radar,0,21,9,1,31,0,5,2,0,7,0,26,11,1,38,4,0,4,42
01/14/2006,MFD,OH,AGL,CE,Combined TRACON& Tower with Radar,0,10,0,0,10,0,0,4,0,4,0,10,4,0,14,0,0,0,14
01/15/2006,MFD,OH,AGL,CE,Combined TRACON& Tower with Radar,0,14,59,0,73,0,0,87,0,87,0,14,146,0,160,6,0,6,166
01/16/2006,MFD,OH,AGL,CE,Combined TRACON& Tower with Radar,0,12,40,0,52,0,0,64,0,64,0,12,104,0,116,62,0,62,178
01/17/2006,MFD,OH,AGL,CE,Combined TRACON& Tower with Radar,0,14,4,8,26,0,0,0,0,0,0,14,4,8,26,0,0,0,26
01/18/2006,MFD,OH,AGL,CE,Combined TRACON& Tower with Radar,0,6,4,8,18,0,0,0,0,0,0,6,4,8,18,0,0,0,18
01/19/2006,MFD,OH,AGL,CE,Combined TRACON& Tower with Radar,0,20,36,6,62,0,0,24,0,24,0,20,60,6,86,20,0,20,106
01/20/2006,MFD,OH,AGL,CE,Combined TRACON& Tower with Radar,0,24,41,10,75,0,0,12,4,16,0,24,53,14,91,2,16,18,109
01/21/2006,MFD,OH,AGL,CE,Combined TRACON& Tower with Radar,2,18,28,1,49,0,0,7,0,7,2,18,35,1,56,0,0,0,56
01/22/2006,MFD,OH,AGL,CE,Combined TRACON& Tower with Radar,0,9,48,1,58,0,0,87,0,87,0,9,135,1,145,6,0,6,151
01/23/2006,MFD,OH,AGL,CE,Combined TRACON& Tower with Radar,0,2,15,15,32,0,0,18,0,18,0,2,33,15,50,18,10,28,78
01/24/2006,MFD,OH,AGL,CE,Combined TRACON& Tower with Radar,0,3,32,9,44,0,0,4,7,11,0,3,36,16,55,4,18,22,77
01/25/2006,MFD,OH,AGL,CE,Combined TRACON& Tower with Radar,0,14,6,6,26,0,0,2,4,6,0,14,8,10,32,10,50,60,92
01/26/2006,MFD,OH,AGL,CE,Combined TRACON& Tower with Radar,0,9,57,8,74,0,0,29,0,29,0,9,86,8,103,18,0,18,121
01/27/2006,MFD,OH,AGL,CE,Combined TRACON& Tower with Radar,0,32,41,8,81,0,4,50,0,54,0,36,91,8,135,36,10,46,181
01/28/2006,MFD,OH,AGL,CE,Combined TRACON& Tower with Radar,0,28,65,1,94,0,0,77,0,77,0,28,142,1,171,34,0,34,205
01/29/2006,MFD,OH,AGL,CE,Combined TRACON& Tower with Radar,0,28,0,0,28,0,0,0,0,0,0,28,0,0,28,0,0,0,28
01/30/2006,MFD,OH,AGL,CE,Combined TRACON& Tower with Radar,0,34,39,0,73,0,0,31,0,31,0,34,70,0,104,32,0,32,136
01/31/2006,MFD,OH,AGL,CE,Combined TRACON& Tower with Radar,0,20,4,8,32,0,0,2,16,18,0,20,6,24,50,4,18,22,72
02/01/2006,MFD,OH,AGL,CE,Combined TRACON& Tower with Radar,0,27,54,16,97,0,0,16,4,20,0,27,70,20,117,4,28,32,149
02/02/2006,MFD,OH,AGL,CE,Combined TRACON& Tower with Radar,0,17,30,24,71,0,1,9,2,12,0,18,39,26,83,2,4,6,89
02/03/2006,MFD,OH,AGL,CE,Combined TRACON& Tower with Radar,0,8,26,2,36,0,0,2,0,2,0,8,28,2,38,0,0,0,38
02/04/2006,MFD,OH,AGL,CE,Combined TRACON& Tower with Radar,0,0,1,0,1,0,0,0,0,0,0,0,1,0,1,0,0,0,1
02/05/2006,MFD,OH,AGL,CE,Combined TRACON& Tower with Radar,0,2,2,3,7,0,0,0,0,0,0,2,2,3,7,0,0,0,7
02/06/2006,MFD,OH,AGL,CE,Combined TRACON& Tower with Radar,0,0,13,0,13,0,0,14,0,14,0,0,27,0,27,4,0,4,31
02/07/2006,MFD,OH,AGL,CE,Combined TRACON& Tower with Radar,0,10,25,12,47,0,0,7,4,11,0,10,32,16,58,0,8,8,66
02/08/2006,MFD,OH,AGL,CE,Combined TRACON& Tower with Radar,1,29,31,32,93,0,0,0,0,0,1,29,31,32,93,12,80,92,185
02/09/2006,MFD,OH,AGL,CE,Combined TRACON& Tower with Radar,2,12,23,7,44,0,0,28,10,38,2,12,51,17,82,18,6,24,106
02/10/2006,MFD,OH,AGL,CE,Combined TRACON& Tower with Radar,0,10,23,0,33,0,0,12,0,12,0,10,35,0,45,20,0,20,65
02/11/2006,MFD,OH,AGL,CE,Combined TRACON& Tower with Radar,0,43,34,0,77,0,0,31,0,31,0,43,65,0,108,18,0,18,126
02/12/2006,MFD,OH,AGL,CE,Combined TRACON& Tower with Radar,0,2,12,0,14,0,0,10,0,10,0,2,22,0,24,0,0,0,24
02/13/2006,MFD,OH,AGL,CE,Combined TRACON& Tower with Radar,0,24,2,2,28,0,1,6,0,7,0,25,8,2,35,4,0,4,39
02/14/2006,MFD,OH,AGL,CE,Combined TRACON& Tower with Radar,0,26,19,12,57,0,0,39,2,41,0,26,58,14,98,14,16,30,128
02/15/2006,MFD,OH,AGL,CE,Combined TRACON& Tower with Radar,0,8,44,12,64,0,0,20,0,20,0,8,64,12,84,14,20,34,118
02/16/2006,MFD,OH,AGL,CE,Combined TRACON& Tower with Radar,0,2,8,23,33,0,0,1,0,1,0,2,9,23,34,3,36,39,73
02/17/2006,MFD,OH,AGL,CE,Combined TRACON& Tower with Radar,0,0,35,0,35,0,0,2,0,2,0,0,37,0,37,0,0,0,37
02/18/2006,MFD,OH,AGL,CE,Combined TRACON& Tower with Radar,0,0,4,0,4,0,0,19,0,19,0,0,23,0,23,0,0,0,23
02/19/2006,MFD,OH,AGL,CE,Combined TRACON& Tower with Radar,0,0,24,0,24,0,0,38,0,38,0,0,62,0,62,8,0,8,70
02/20/2006,MFD,OH,AGL,CE,Combined TRACON& Tower with Radar,0,2,38,0,40,0,0,36,0,36,0,2,74,0,76,10,0,10,86
02/21/2006,MFD,OH,AGL,CE,Combined TRACON& Tower with Radar,0,0,34,7,41,0,0,18,10,28,0,0,52,17,69,10,2,12,81
02/22/2006,MFD,OH,AGL,CE,Combined TRACON& Tower with Radar,0,0,55,2,57,0,0,50,0,50,0,0,105,2,107,40,0,40,147
02/23/2006,MFD,OH,AGL,CE,Combined TRACON& Tower with Radar,0,3,37,27,67,0,0,23,10,33,0,3,60,37,100,0,32,32,132
02/24/2006,MFD,OH,AGL,CE,Combined TRACON& Tower with Radar,0,17,51,11,79,0,0,51,0,51,0,17,102,11,130,46,0,46,176
02/25/2006,MFD,OH,AGL,CE,Combined TRACON& Tower with Radar,0,10,34,0,44,0,6,13,0,19,0,16,47,0,63,0,0,0,63
02/26/2006,MFD,OH,AGL,CE,Combined TRACON& Tower with Radar,0,0,47,0,47,0,0,45,0,45,0,0,92,0,92,24,2,26,118
02/27/2006,MFD,OH,AGL,CE,Combined TRACON& Tower with Radar,0,18,7,0,25,0,0,0,0,0,0,18,7,0,25,0,0,0,25
02/28/2006,MFD,OH,AGL,CE,Combined TRACON& Tower with Radar,0,24,28,16,68,0,0,38,4,42,0,24,66,20,110,4,10,14,124
03/01/2006,MFD,OH,AGL,CE,Combined TRACON& Tower with Radar,0,24,23,20,67,0,0,37,0,37,0,24,60,20,104,36,40,76,180
03/02/2006,MFD,OH,AGL,CE,Combined TRACON& Tower with Radar,0,8,14,20,42,0,0,0,0,0,0,8,14,20,42,0,0,0,42
03/03/2006,MFD,OH,AGL,CE,Combined TRACON& Tower with Radar,0,18,41,5,64,0,0,1,0,1,0,18,42,5,65,10,0,10,75
03/04/2006,MFD,OH,AGL,CE,Combined TRACON& Tower with Radar,0,11,72,0,83,0,5,64,0,69,0,16,136,0,152,29,0,29,181
03/05/2006,MFD,OH,AGL,CE,Combined TRACON& Tower with Radar,0,6,45,2,53,0,0,68,0,68,0,6,113,2,121,30,0,30,151
03/06/2006,MFD,OH,AGL,CE,Combined TRACON& Tower with Radar,0,19,9,3,31,0,0,2,0,2,0,19,11,3,33,8,2,10,43
03/07/2006,MFD,OH,AGL,CE,Combined TRACON& Tower with Radar,0,35,36,7,78,0,0,0,0,0,0,35,36,7,78,22,16,38,116
03/08/2006,MFD,OH,AGL,CE,Combined TRACON& Tower with Radar,0,0,16,13,29,0,0,0,2,2,0,0,16,15,31,0,4,4,35
03/09/2006,MFD,OH,AGL,CE,Combined TRACON& Tower with Radar,0,4,7,15,26,0,0,7,5,12,0,4,14,20,38,0,22,22,60
03/10/2006,MFD,OH,AGL,CE,Combined TRACON& Tower with Radar,0,8,9,3,20,0,0,2,0,2,0,8,11,3,22,0,0,0,22
03/11/2006,MFD,OH,AGL,CE,Combined TRACON& Tower with Radar,0,10,15,1,26,0,3,25,0,28,0,13,40,1,54,14,0,14,68
03/12/2006,MFD,OH,AGL,CE,Combined TRACON& Tower with Radar,0,10,21,0,31,0,0,3,0,3,0,10,24,0,34,6,0,6,40
03/13/2006,MFD,OH,AGL,CE,Combined TRACON& Tower with Radar,0,22,5,0,27,0,0,3,0,3,0,22,8,0,30,2,0,2,32
03/14/2006,MFD,OH,AGL,CE,Combined TRACON& Tower with Radar,0,44,4,10,58,0,0,4,0,4,0,44,8,10,62,0,8,8,70
03/15/2006,MFD,OH,AGL,CE,Combined TRACON& Tower with Radar,0,14,33,15,62,0,0,16,14,30,0,14,49,29,92,18,24,42,134
03/16/2006,MFD,OH,AGL,CE,Combined TRACON& Tower with Radar,0,15,31,10,56,0,1,26,2,29,0,16,57,12,85,6,6,12,97
03/17/2006,MFD,OH,AGL,CE,Combined TRACON& Tower with Radar,0,6,6,0,12,0,0,16,0,16,0,6,22,0,28,2,0,2,30
03/18/2006,MFD,OH,AGL,CE,Combined TRACON& Tower with Radar,0,2,44,0,46,0,0,48,0,48,0,2,92,0,94,2,0,2,96
03/19/2006,MFD,OH,AGL,CE,Combined TRACON& Tower with Radar,0,2,78,0,80,0,0,78,0,78,0,2,156,0,158,16,0,16,174
03/20/2006,MFD,OH,AGL,CE,Combined TRACON& Tower with Radar,0,8,41,2,51,0,0,27,5,32,0,8,68,7,83,48,0,48,131
03/21/2006,MFD,OH,AGL,CE,Combined TRACON& Tower with Radar,0,22,8,8,38,0,0,12,6,18,0,22,20,14,56,4,10,14,70
03/22/2006,MFD,OH,AGL,CE,Combined TRACON& Tower with Radar,0,14,12,9,35,0,4,16,7,27,0,18,28,16,62,12,14,26,88
03/23/2006,MFD,OH,AGL,CE,Combined TRACON& Tower with Radar,0,26,29,12,67,0,0,8,0,8,0,26,37,12,75,4,4,8,83
03/24/2006,MFD,OH,AGL,CE,Combined TRACON& Tower with Radar,0,14,3,0,17,0,0,0,0,0,0,14,3,0,17,0,0,0,17
03/25/2006,MFD,OH,AGL,CE,Combined TRACON& Tower with Radar,0,6,18,2,26,0,0,4,0,4,0,6,22,2,30,0,0,0,30
03/26/2006,MFD,OH,AGL,CE,Combined TRACON& Tower with Radar,0,16,21,8,45,0,0,17,0,17,0,16,38,8,62,2,4,6,68
03/27/2006,MFD,OH,AGL,CE,Combined TRACON& Tower with Radar,0,16,21,12,49,0,0,47,0,47,0,16,68,12,96,12,0,12,108
03/28/2006,MFD,OH,AGL,CE,Combined TRACON& Tower with Radar,0,23,20,5,48,0,0,3,1,4,0,23,23,6,52,0,20,20,72
03/29/2006,MFD,OH,AGL,CE,Combined TRACON& Tower with Radar,0,26,46,2,74,0,0,38,4,42,0,26,84,6,116,6,12,18,134
03/30/2006,MFD,OH,AGL,CE,Combined TRACON& Tower with Radar,0,50,57,14,121,0,0,78,0,78,0,50,135,14,199,36,12,48,247
03/31/2006,MFD,OH,AGL,CE,Combined TRACON& Tower with Radar,0,15,7,22,44,0,0,0,0,0,0,15,7,22,44,2,0,2,46
04/01/2006,MFD,OH,AGL,CE,Combined TRACON& Tower with Radar,0,7,44,2,53,0,3,3,0,6,0,10,47,2,59,14,4,18,77
04/02/2006,MFD,OH,AGL,CE,Combined TRACON& Tower with Radar,0,2,24,2,28,0,1,12,0,13,0,3,36,2,41,12,0,12,53
04/03/2006,MFD,OH,AGL,CE,Combined TRACON& Tower with Radar,0,0,9,2,11,0,0,0,0,0,0,0,9,2,11,0,0,0,11
04/04/2006,MFD,OH,AGL,CE,Combined TRACON& Tower with Radar,0,16,14,7,37,0,0,20,8,28,0,16,34,15,65,4,12,16,81
04/05/2006,MFD,OH,AGL,CE,Combined TRACON& Tower with Radar,0,22,26,1,49,0,0,15,0,15,0,22,41,1,64,12,2,14,78
04/06/2006,MFD,OH,AGL,CE,Combined TRACON& Tower with Radar,0,18,39,8,65,0,2,33,6,41,0,20,72,14,106,24,36,60,166
04/07/2006,MFD,OH,AGL,CE,Combined TRACON& Tower with Radar,0,12,6,2,20,0,0,2,0,2,0,12,8,2,22,2,0,2,24
04/08/2006,MFD,OH,AGL,CE,Combined TRACON& Tower with Radar,0,26,22,1,49,0,0,24,0,24,0,26,46,1,73,6,0,6,79
04/09/2006,MFD,OH,AGL,CE,Combined TRACON& Tower with Radar,0,42,68,1,111,0,0,90,0,90,0,42,158,1,201,12,0,12,213
04/10/2006,MFD,OH,AGL,CE,Combined TRACON& Tower with Radar,0,22,19,4,45,0,0,59,0,59,0,22,78,4,104,12,0,12,116
04/11/2006,MFD,OH,AGL,CE,Combined TRACON& Tower with Radar,0,36,30,15,81,0,0,35,9,44,0,36,65,24,125,4,10,14,139
04/12/2006,MFD,OH,AGL,CE,Combined TRACON& Tower with Radar,0,10,8,30,48,0,0,6,0,6,0,10,14,30,54,0,38,38,92
04/13/2006,MFD,OH,AGL,CE,Combined TRACON& Tower with Radar,0,2,37,24,63,0,0,36,1,37,0,2,73,25,100,32,42,74,174
04/14/2006,MFD,OH,AGL,CE,Combined TRACON& Tower with Radar,0,10,4,0,14,0,0,3,0,3,0,10,7,0,17,4,0,4,21
04/15/2006,MFD,OH,AGL,CE,Combined TRACON& Tower with Radar,0,0,55,1,56,0,0,66,0,66,0,0,121,1,122,22,0,22,144
04/16/2006,MFD,OH,AGL,CE,Combined TRACON& Tower with Radar,0,1,15,0,16,0,0,12,0,12,0,1,27,0,28,2,0,2,30
04/17/2006,MFD,OH,AGL,CE,Combined TRACON& Tower with Radar,0,1,19,0,20,0,0,26,0,26,0,1,45,0,46,16,0,16,62
04/18/2006,MFD,OH,AGL,CE,Combined TRACON& Tower with Radar,0,12,54,30,96,0,0,35,13,48,0,12,89,43,144,26,32,58,202
04/19/2006,MFD,OH,AGL,CE,Combined TRACON& Tower with Radar,0,12,31,12,55,0,0,58,31,89,0,12,89,43,144,26,32,58,202
04/20/2006,MFD,OH,AGL,CE,Combined TRACON& Tower with Radar,0,23,44,3,70,0,1,44,24,69,0,24,88,27,139,26,46,72,211
04/21/2006,MFD,OH,AGL,CE,Combined TRACON& Tower with Radar,0,21,11,5,37,0,0,14,0,14,0,21,25,5,51,8,0,8,59
04/22/2006,MFD,OH,AGL,CE,Combined TRACON& Tower with Radar,0,25,20,2,47,0,0,52,0,52,0,25,72,2,99,4,2,6,105
04/23/2006,MFD,OH,AGL,CE,Combined TRACON& Tower with Radar,0,9,27,1,37,0,0,43,0,43,0,9,70,1,80,0,0,0,80
04/24/2006,MFD,OH,AGL,CE,Combined TRACON& Tower with Radar,0,16,40,1,57,0,0,17,0,17,0,16,57,1,74,14,0,14,88
04/25/2006,MFD,OH,AGL,CE,Combined TRACON& Tower with Radar,0,38,17,19,74,0,0,9,7,16,0,38,26,26,90,12,22,34,124
04/26/2006,MFD,OH,AGL,CE,Combined TRACON& Tower with Radar,0,6,35,38,79,0,0,51,4,55,0,6,86,42,134,32,68,100,234
04/27/2006,MFD,OH,AGL,CE,Combined TRACON& Tower with Radar,0,18,32,20,70,0,6,39,0,45,0,24,71,20,115,8,46,54,169
04/28/2006,MFD,OH,AGL,CE,Combined TRACON& Tower with Radar,0,28,30,3,61,0,2,34,0,36,0,30,64,3,97,6,0,6,103
04/29/2006,MFD,OH,AGL,CE,Combined TRACON& Tower with Radar,0,30,45,2,77,0,0,65,0,65,0,30,110,2,142,12,0,12,154
04/30/2006,MFD,OH,AGL,CE,Combined TRACON& Tower with Radar,0,16,9,1,26,0,0,26,0,26,0,16,35,1,52,12,0,12,64
05/01/2006,MFD,OH,AGL,CE,Combined TRACON& Tower with Radar,0,9,7,2,18,0,0,15,0,15,0,9,22,2,33,18,0,18,51
05/02/2006,MFD,OH,AGL,CE,Combined TRACON& Tower with Radar,0,10,26,1,37,0,0,2,11,13,0,10,28,12,50,0,10,10,60
05/03/2006,MFD,OH,AGL,CE,Combined TRACON& Tower with Radar,0,20,29,10,59,0,0,19,2,21,0,20,48,12,80,14,40,54,134
05/04/2006,MFD,OH,AGL,CE,Combined TRACON& Tower with Radar,0,12,14,15,41,0,0,16,0,16,0,12,30,15,57,6,4,10,67
05/05/2006,MFD,OH,AGL,CE,Combined TRACON& Tower with Radar,0,36,42,1,79,0,0,32,1,33,0,36,74,2,112,50,0,50,162
05/06/2006,MFD,OH,AGL,CE,Combined TRACON& Tower with Radar,0,32,15,1,48,0,0,76,0,76,0,32,91,1,124,60,0,60,184
05/07/2006,MFD,OH,AGL,CE,Combined TRACON& Tower with Radar,0,24,32,1,57,0,0,73,0,73,0,24,105,1,130,14,0,14,144
05/08/2006,MFD,OH,AGL,CE,Combined TRACON& Tower with Radar,0,18,38,3,59,0,0,42,0,42,0,18,80,3,101,32,22,54,155
05/09/2006,MFD,OH,AGL,CE,Combined TRACON& Tower with Radar,0,20,41,17,78,0,0,21,5,26,0,20,62,22,104,48,30,78,182
05/10/2006,MFD,OH,AGL,CE,Combined TRACON& Tower with Radar,0,19,20,4,43,0,0,6,0,6,0,19,26,4,49,22,0,22,71
05/11/2006,MFD,OH,AGL,CE,Combined TRACON& Tower with Radar,0,12,4,2,18,0,0,1,10,11,0,12,5,12,29,0,36,36,65
05/12/2006,MFD,OH,AGL,CE,Combined TRACON& Tower with Radar,0,34,10,2,46,0,0,1,0,1,0,34,11,2,47,0,0,0,47
05/13/2006,MFD,OH,AGL,CE,Combined TRACON& Tower with Radar,0,16,14,0,30,0,0,6,0,6,0,16,20,0,36,0,0,0,36
05/14/2006,MFD,OH,AGL,CE,Combined TRACON& Tower with Radar,0,13,13,1,27,0,0,0,0,0,0,13,13,1,27,0,0,0,27
05/15/2006,MFD,OH,AGL,CE,Combined TRACON& Tower with Radar,0,4,18,0,22,0,0,0,0,0,0,4,18,0,22,0,0,0,22
05/16/2006,MFD,OH,AGL,CE,Combined TRACON& Tower with Radar,0,16,35,8,59,0,0,0,0,0,0,16,35,8,59,2,0,2,61
05/17/2006,MFD,OH,AGL,CE,Combined TRACON& Tower with Radar,0,31,40,11,82,0,0,0,0,0,0,31,40,11,82,0,8,8,90
05/18/2006,MFD,OH,AGL,CE,Combined TRACON& Tower with Radar,0,26,20,9,55,0,2,1,1,4,0,28,21,10,59,0,16,16,75
05/19/2006,MFD,OH,AGL,CE,Combined TRACON& Tower with Radar,3,22,36,10,71,0,2,7,0,9,3,24,43,10,80,0,8,8,88
05/20/2006,MFD,OH,AGL,CE,Combined TRACON& Tower with Radar,1,35,89,0,125,0,2,62,0,64,1,37,151,0,189,62,0,62,251
05/21/2006,MFD,OH,AGL,CE,Combined TRACON& Tower with Radar,0,15,55,8,78,0,0,50,0,50,0,15,105,8,128,16,2,18,146
05/22/2006,MFD,OH,AGL,CE,Combined TRACON& Tower with Radar,0,20,68,2,90,0,0,60,0,60,0,20,128,2,150,60,0,60,210
05/23/2006,MFD,OH,AGL,CE,Combined TRACON& Tower with Radar,0,36,48,2,86,0,0,68,0,68,0,36,116,2,154,26,0,26,180
05/24/2006,MFD,OH,AGL,CE,Combined TRACON& Tower with Radar,2,39,56,21,118,0,0,33,0,33,2,39,89,21,151,28,60,88,239
05/25/2006,MFD,OH,AGL,CE,Combined TRACON& Tower with Radar,0,2,45,8,55,0,0,9,2,11,0,2,54,10,66,2,8,10,76
05/26/2006,MFD,OH,AGL,CE,Combined TRACON& Tower with Radar,0,4,19,0,23,0,0,2,0,2,0,4,21,0,25,0,0,0,25
05/27/2006,MFD,OH,AGL,CE,Combined TRACON& Tower with Radar,2,47,58,0,107,0,0,56,0,56,2,47,114,0,163,56,0,56,219
05/28/2006,MFD,OH,AGL,CE,Combined TRACON& Tower with Radar,0,24,21,0,45,0,0,67,0,67,0,24,88,0,112,62,0,62,174
05/29/2006,MFD,OH,AGL,CE,Combined TRACON& Tower with Radar,0,0,12,0,12,0,0,33,0,33,0,0,45,0,45,4,0,4,49
05/30/2006,MFD,OH,AGL,CE,Combined TRACON& Tower with Radar,0,2,65,20,87,0,0,14,4,18,0,2,79,24,105,26,48,74,179
05/31/2006,MFD,OH,AGL,CE,Combined TRACON& Tower with Radar,0,8,30,8,46,0,0,11,8,19,0,8,41,16,65,2,12,14,79
06/01/2006,MFD,OH,AGL,CE,Combined TRACON& Tower with Radar,0,0,25,14,39,0,0,0,7,7,0,0,25,21,46,0,32,32,78
06/02/2006,MFD,OH,AGL,CE,Combined TRACON& Tower with Radar,0,1,29,3,33,0,0,7,0,7,0,1,36,3,40,10,0,10,50
06/03/2006,MFD,OH,AGL,CE,Combined TRACON& Tower with Radar,0,14,37,2,53,0,0,27,0,27,0,14,64,2,80,18,0,18,98
06/04/2006,MFD,OH,AGL,CE,Combined TRACON& Tower with Radar,0,8,11,1,20,0,0,3,0,3,0,8,14,1,23,24,0,24,47
06/05/2006,MFD,OH,AGL,CE,Combined TRACON& Tower with Radar,0,34,53,0,87,0,0,29,0,29,0,34,82,0,116,46,0,46,162
06/06/2006,MFD,OH,AGL,CE,Combined TRACON& Tower with Radar,0,10,21,20,51,0,0,37,0,37,0,10,58,20,88,4,28,32,120
06/07/2006,MFD,OH,AGL,CE,Combined TRACON& Tower with Radar,0,44,28,35,107,0,0,16,0,16,0,44,44,35,123,38,38,76,199
06/08/2006,MFD,OH,AGL,CE,Combined TRACON& Tower with Radar,0,0,53,7,60,0,0,23,8,31,0,0,76,15,91,44,22,66,157
06/09/2006,MFD,OH,AGL,CE,Combined TRACON& Tower with Radar,0,12,26,2,40,0,0,20,0,20,0,12,46,2,60,10,0,10,70
06/10/2006,MFD,OH,AGL,CE,Combined TRACON& Tower with Radar,0,2,22,18,42,0,0,51,1,52,0,2,73,19,94,24,2,26,120
06/11/2006,MFD,OH,AGL,CE,Combined TRACON& Tower with Radar,0,10,33,2,45,0,0,55,8,63,0,10,88,10,108,16,2,18,126
06/12/2006,MFD,OH,AGL,CE,Combined TRACON& Tower with Radar,0,4,48,0,52,0,3,26,0,29,0,7,74,0,81,30,0,30,111
06/13/2006,MFD,OH,AGL,CE,Combined TRACON& Tower with Radar,0,29,41,10,80,0,0,50,4,54,0,29,91,14,134,28,22,50,184
06/14/2006,MFD,OH,AGL,CE,Combined TRACON& Tower with Radar,0,25,40,12,77,0,0,39,8,47,0,25,79,20,124,16,18,34,158
06/15/2006,MFD,OH,AGL,CE,Combined TRACON& Tower with Radar,0,0,41,1,42,0,0,62,1,63,0,0,103,2,105,12,0,12,117
06/16/2006,MFD,OH,AGL,CE,Combined TRACON& Tower with Radar,0,10,36,4,50,0,2,45,0,47,0,12,81,4,97,18,0,18,115
06/17/2006,MFD,OH,AGL,CE,Combined TRACON& Tower with Radar,0,6,44,2,52,0,0,95,0,95,0,6,139,2,147,10,0,10,157
06/18/2006,MFD,OH,AGL,CE,Combined TRACON& Tower with Radar,0,0,19,0,19,0,0,15,0,15,0,0,34,0,34,20,0,20,54
06/19/2006,MFD,OH,AGL,CE,Combined TRACON& Tower with Radar,0,4,19,6,29,0,0,21,0,21,0,4,40,6,50,6,4,10,60
06/20/2006,MFD,OH,AGL,CE,Combined TRACON& Tower with Radar,0,4,55,15,74,0,0,32,4,36,0,4,87,19,110,24,50,74,184
06/21/2006,MFD,OH,AGL,CE,Combined TRACON& Tower with Radar,0,11,8,4,23,0,0,11,0,11,0,11,19,4,34,0,0,0,34
06/22/2006,MFD,OH,AGL,CE,Combined TRACON& Tower with Radar,0,17,24,5,46,0,0,12,4,16,0,17,36,9,62,8,6,14,76
06/23/2006,MFD,OH,AGL,CE,Combined TRACON& Tower with Radar,0,21,36,1,58,0,1,0,1,2,0,22,36,2,60,0,0,0,60
06/24/2006,MFD,OH,AGL,CE,Combined TRACON& Tower with Radar,0,25,42,1,68,0,4,81,0,85,0,29,123,1,153,4,0,4,157
06/25/2006,MFD,OH,AGL,CE,Combined TRACON& Tower with Radar,0,24,44,2,70,0,0,55,0,55,0,24,99,2,125,24,0,24,149
06/26/2006,MFD,OH,AGL,CE,Combined TRACON& Tower with Radar,0,10,19,0,29,0,4,10,0,14,0,14,29,0,43,2,0,2,45
06/27/2006,MFD,OH,AGL,CE,Combined TRACON& Tower with Radar,0,20,23,10,53,0,0,15,4,19,0,20,38,14,72,10,26,36,108
06/28/2006,MFD,OH,AGL,CE,Combined TRACON& Tower with Radar,0,10,31,11,52,0,0,24,2,26,0,10,55,13,78,4,32,36,114
06/29/2006,MFD,OH,AGL,CE,Combined TRACON& Tower with Radar,0,8,26,2,36,0,0,53,4,57,0,8,79,6,93,16,5,21,114
06/30/2006,MFD,OH,AGL,CE,Combined TRACON& Tower with Radar,0,6,51,14,71,0,0,26,0,26,0,6,77,14,97,2,4,6,103
07/01/2006,MFD,OH,AGL,CE,Combined TRACON& Tower with Radar,0,6,25,2,33,0,0,41,3,44,0,6,66,5,77,20,0,20,97
07/02/2006,MFD,OH,AGL,CE,Combined TRACON& Tower with Radar,0,4,17,0,21,0,0,5,0,5,0,4,22,0,26,0,0,0,26
07/03/2006,MFD,OH,AGL,CE,Combined TRACON& Tower with Radar,0,6,4,3,13,0,0,7,0,7,0,6,11,3,20,0,0,0,20
07/04/2006,MFD,OH,AGL,CE,Combined TRACON& Tower with Radar,0,2,5,0,7,0,0,3,0,3,0,2,8,0,10,0,0,0,10
07/05/2006,MFD,OH,AGL,CE,Combined TRACON& Tower with Radar,0,26,62,8,96,0,0,27,10,37,0,26,89,18,133,56,18,74,207
07/06/2006,MFD,OH,AGL,CE,Combined TRACON& Tower with Radar,0,2,59,10,71,0,0,42,10,52,0,2,101,20,123,10,16,26,149
07/07/2006,MFD,OH,AGL,CE,Combined TRACON& Tower with Radar,0,14,41,3,58,0,0,44,0,44,0,14,85,3,102,28,0,28,130
07/08/2006,MFD,OH,AGL,CE,Combined TRACON& Tower with Radar,0,12,17,4,33,0,1,66,0,67,0,13,83,4,100,14,2,16,116
07/09/2006,MFD,OH,AGL,CE,Combined TRACON& Tower with Radar,0,7,45,0,52,0,0,48,6,54,0,7,93,6,106,28,6,34,140
07/10/2006,MFD,OH,AGL,CE,Combined TRACON& Tower with Radar,0,14,13,0,27,0,0,18,0,18,0,14,31,0,45,14,0,14,59
07/11/2006,MFD,OH,AGL,CE,Combined TRACON& Tower with Radar,0,0,8,0,8,0,0,40,8,48,0,0,48,8,56,20,0,20,76
07/12/2006,MFD,OH,AGL,CE,Combined TRACON& Tower with Radar,0,0,7,8,15,0,0,0,0,0,0,0,7,8,15,0,0,0,15
07/13/2006,MFD,OH,AGL,CE,Combined TRACON& Tower with Radar,0,6,39,21,66,0,0,25,2,27,0,6,64,23,93,40,30,70,163
07/14/2006,MFD,OH,AGL,CE,Combined TRACON& Tower with Radar,0,2,26,0,28,0,0,17,0,17,0,2,43,0,45,16,0,16,61
07/15/2006,MFD,OH,AGL,CE,Combined TRACON& Tower with Radar,0,3,10,0,13,0,0,52,0,52,0,3,62,0,65,8,0,8,73
07/16/2006,MFD,OH,AGL,CE,Combined TRACON& Tower with Radar,0,6,22,0,28,0,0,91,0,91,0,6,113,0,119,14,0,14,133
07/17/2006,MFD,OH,AGL,CE,Combined TRACON& Tower with Radar,0,4,28,1,33,0,0,28,2,30,0,4,56,3,63,28,0,28,91
07/18/2006,MFD,OH,AGL,CE,Combined TRACON& Tower with Radar,0,48,20,2,70,0,0,19,4,23,0,48,39,6,93,36,0,36,129
07/19/2006,MFD,OH,AGL,CE,Combined TRACON& Tower with Radar,0,8,49,6,63,0,0,55,0,55,0,8,104,6,118,30,4,34,152
07/20/2006,MFD,OH,AGL,CE,Combined TRACON& Tower with Radar,0,6,14,2,22,0,0,7,0,7,0,6,21,2,29,20,0,20,49
07/21/2006,MFD,OH,AGL,CE,Combined TRACON& Tower with Radar,0,14,21,1,36,0,0,31,0,31,0,14,52,1,67,8,0,8,75
07/22/2006,MFD,OH,AGL,CE,Combined TRACON& Tower with Radar,0,23,31,5,59,0,0,17,0,17,0,23,48,5,76,18,0,18,94
07/23/2006,MFD,OH,AGL,CE,Combined TRACON& Tower with Radar,0,11,41,1,53,0,0,95,0,95,0,11,136,1,148,38,0,38,186
07/24/2006,MFD,OH,AGL,CE,Combined TRACON& Tower with Radar,0,2,37,0,39,0,0,63,0,63,0,2,100,0,102,6,0,6,108
07/25/2006,MFD,OH,AGL,CE,Combined TRACON& Tower with Radar,0,18,37,12,67,0,0,27,6,33,0,18,64,18,100,12,6,18,118
07/26/2006,MFD,OH,AGL,CE,Combined TRACON& Tower with Radar,0,14,22,6,42,0,0,21,0,21,0,14,43,6,63,26,2,28,91
07/27/2006,MFD,OH,AGL,CE,Combined TRACON& Tower with Radar,0,22,29,18,69,0,0,1,2,3,0,22,30,20,72,6,24,30,102
07/28/2006,MFD,OH,AGL,CE,Combined TRACON& Tower with Radar,0,0,29,2,31,0,0,24,0,24,0,0,53,2,55,0,0,0,55
07/29/2006,MFD,OH,AGL,CE,Combined TRACON& Tower with Radar,0,22,16,2,40,0,1,18,0,19,0,23,34,2,59,8,0,8,67
07/30/2006,MFD,OH,AGL,CE,Combined TRACON& Tower with Radar,0,8,28,0,36,0,0,14,0,14,0,8,42,0,50,10,0,10,60
07/31/2006,MFD,OH,AGL,CE,Combined TRACON& Tower with Radar,0,2,22,1,25,0,2,14,0,16,0,4,36,1,41,12,0,12,53
08/01/2006,MFD,OH,AGL,CE,Combined TRACON& Tower with Radar,0,24,19,20,63,0,10,28,0,38,0,34,47,20,101,18,28,46,147
08/02/2006,MFD,OH,AGL,CE,Combined TRACON& Tower with Radar,0,4,23,0,27,0,0,35,0,35,0,4,58,0,62,30,0,30,92
08/03/2006,MFD,OH,AGL,CE,Combined TRACON& Tower with Radar,0,2,20,9,31,0,0,6,0,6,0,2,26,9,37,4,6,10,47
08/04/2006,MFD,OH,AGL,CE,Combined TRACON& Tower with Radar,0,7,29,0,36,0,0,42,0,42,0,7,71,0,78,16,0,16,94
08/05/2006,MFD,OH,AGL,CE,Combined TRACON& Tower with Radar,0,2,35,3,40,0,0,68,0,68,0,2,103,3,108,48,0,48,156
08/06/2006,MFD,OH,AGL,CE,Combined TRACON& Tower with Radar,0,2,40,0,42,0,0,70,0,70,0,2,110,0,112,8,0,8,120
08/07/2006,MFD,OH,AGL,CE,Combined TRACON& Tower with Radar,0,16,27,0,43,0,4,27,0,31,0,20,54,0,74,34,0,34,108
08/08/2006,MFD,OH,AGL,CE,Combined TRACON& Tower with Radar,0,23,36,14,73,0,0,32,0,32,0,23,68,14,105,10,34,44,149
08/09/2006,MFD,OH,AGL,CE,Combined TRACON& Tower with Radar,0,20,77,10,107,0,0,61,3,64,0,20,138,13,171,50,14,64,235
08/10/2006,MFD,OH,AGL,CE,Combined TRACON& Tower with Radar,0,6,31,8,45,0,0,24,10,34,0,6,55,18,79,36,4,40,119
08/11/2006,MFD,OH,AGL,CE,Combined TRACON& Tower with Radar,0,0,38,4,42,0,0,29,8,37,0,0,67,12,79,26,12,38,117
08/12/2006,MFD,OH,AGL,CE,Combined TRACON& Tower with Radar,0,10,28,8,46,0,0,96,2,98,0,10,124,10,144,34,2,36,180
08/13/2006,MFD,OH,AGL,CE,Combined TRACON& Tower with Radar,0,3,36,6,45,0,0,92,6,98,0,3,128,12,143,54,4,58,201
08/14/2006,MFD,OH,AGL,CE,Combined TRACON& Tower with Radar,0,28,28,4,60,0,0,8,0,8,0,28,36,4,68,22,0,22,90
08/15/2006,MFD,OH,AGL,CE,Combined TRACON& Tower with Radar,0,21,61,16,98,0,3,36,0,39,0,24,97,16,137,64,28,92,229
08/16/2006,MFD,OH,AGL,CE,Combined TRACON& Tower with Radar,0,32,74,20,126,0,0,56,8,64,0,32,130,28,190,24,58,82,272
08/17/2006,MFD,OH,AGL,CE,Combined TRACON& Tower with Radar,0,20,36,20,76,0,0,62,2,64,0,20,98,22,140,26,52,78,218
08/18/2006,MFD,OH,AGL,CE,Combined TRACON& Tower with Radar,0,0,41,5,46,0,0,10,0,10,0,0,51,5,56,10,0,10,66
08/19/2006,MFD,OH,AGL,CE,Combined TRACON& Tower with Radar,0,18,13,0,31,0,0,0,0,0,0,18,13,0,31,0,0,0,31
08/20/2006,MFD,OH,AGL,CE,Combined TRACON& Tower with Radar,0,20,43,1,64,0,0,45,0,45,0,20,88,1,109,66,0,66,175
08/21/2006,MFD,OH,AGL,CE,Combined TRACON& Tower with Radar,0,16,47,1,64,0,2,63,1,66,0,18,110,2,130,0,34,34,164
08/22/2006,MFD,OH,AGL,CE,Combined TRACON& Tower with Radar,0,12,21,16,49,0,0,59,2,61,0,12,80,18,110,62,12,74,184
08/23/2006,MFD,OH,AGL,CE,Combined TRACON& Tower with Radar,0,14,33,7,54,0,0,34,3,37,0,14,67,10,91,14,6,20,111
08/24/2006,MFD,OH,AGL,CE,Combined TRACON& Tower with Radar,0,16,33,5,54,0,0,23,5,28,0,16,56,10,82,40,10,50,132
08/25/2006,MFD,OH,AGL,CE,Combined TRACON& Tower with Radar,0,18,20,1,39,0,6,32,0,38,0,24,52,1,77,28,0,28,105
08/26/2006,MFD,OH,AGL,CE,Combined TRACON& Tower with Radar,0,22,0,0,22,22,26,0,0,48,22,48,0,0,70,0,0,0,70
08/27/2006,MFD,OH,AGL,CE,Combined TRACON& Tower with Radar,0,16,28,1,45,0,0,2,0,2,0,16,30,1,47,0,0,0,47
08/28/2006,MFD,OH,AGL,CE,Combined TRACON& Tower with Radar,0,9,27,0,36,0,0,1,0,1,0,9,28,0,37,0,0,0,37
08/29/2006,MFD,OH,AGL,CE,Combined TRACON& Tower with Radar,0,12,36,18,66,0,0,6,4,10,0,12,42,22,76,6,2,8,84
08/30/2006,MFD,OH,AGL,CE,Combined TRACON& Tower with Radar,0,8,75,42,125,0,0,9,0,9,0,8,84,42,134,8,26,34,168
08/31/2006,MFD,OH,AGL,CE,Combined TRACON& Tower with Radar,0,8,42,1,51,0,6,2,6,14,0,14,44,7,65,52,8,60,125
09/01/2006,MFD,OH,AGL,CE,Combined TRACON& Tower with Radar,0,8,25,1,34,0,0,16,1,17,0,8,41,2,51,2,0,2,53
09/02/2006,MFD,OH,AGL,CE,Combined TRACON& Tower with Radar,0,8,16,0,24,0,2,0,0,2,0,10,16,0,26,0,0,0,26
09/03/2006,MFD,OH,AGL,CE,Combined TRACON& Tower with Radar,0,20,38,0,58,0,0,14,0,14,0,20,52,0,72,2,0,2,74
09/04/2006,MFD,OH,AGL,CE,Combined TRACON& Tower with Radar,0,6,44,1,51,0,4,30,0,34,0,10,74,1,85,22,0,22,107
09/05/2006,MFD,OH,AGL,CE,Combined TRACON& Tower with Radar,0,14,24,21,59,0,0,32,5,37,0,14,56,26,96,26,52,78,174
09/06/2006,MFD,OH,AGL,CE,Combined TRACON& Tower with Radar,0,20,32,11,63,0,6,38,11,55,0,26,70,22,118,28,28,56,174
09/07/2006,MFD,OH,AGL,CE,Combined TRACON& Tower with Radar,0,18,55,2,75,0,18,39,10,67,0,36,94,12,142,72,44,116,258
09/08/2006,MFD,OH,AGL,CE,Combined TRACON& Tower with Radar,0,28,64,1,93,0,0,25,0,25,0,28,89,1,118,22,0,22,140
09/09/2006,MFD,OH,AGL,CE,Combined TRACON& Tower with Radar,0,2,15,4,21,0,0,42,6,48,0,2,57,10,69,14,10,24,93
09/10/2006,MFD,OH,AGL,CE,Combined TRACON& Tower with Radar,0,12,25,0,37,0,0,25,0,25,0,12,50,0,62,34,0,34,96
09/11/2006,MFD,OH,AGL,CE,Combined TRACON& Tower with Radar,0,30,66,0,96,0,0,34,0,34,0,30,100,0,130,16,0,16,146
09/12/2006,MFD,OH,AGL,CE,Combined TRACON& Tower with Radar,0,2,16,8,26,0,0,0,0,0,0,2,16,8,26,16,0,16,42
09/13/2006,MFD,OH,AGL,CE,Combined TRACON& Tower with Radar,0,12,30,26,68,0,0,3,6,9,0,12,33,32,77,32,36,68,145
09/14/2006,MFD,OH,AGL,CE,Combined TRACON& Tower with Radar,0,11,19,13,43,0,13,10,3,26,0,24,29,16,69,6,12,18,87
09/15/2006,MFD,OH,AGL,CE,Combined TRACON& Tower with Radar,0,13,25,3,41,0,1,10,0,11,0,14,35,3,52,6,0,6,58
09/16/2006,MFD,OH,AGL,CE,Combined TRACON& Tower with Radar,0,0,29,8,37,0,0,32,0,32,0,0,61,8,69,22,10,32,101
09/17/2006,MFD,OH,AGL,CE,Combined TRACON& Tower with Radar,0,12,46,1,59,0,0,46,0,46,0,12,92,1,105,30,0,30,135
09/18/2006,MFD,OH,AGL,CE,Combined TRACON& Tower with Radar,0,12,35,0,47,0,0,7,0,7,0,12,42,0,54,2,0,2,56
09/19/2006,MFD,OH,AGL,CE,Combined TRACON& Tower with Radar,0,5,28,13,46,0,0,18,9,27,0,5,46,22,73,26,22,48,121
09/20/2006,MFD,OH,AGL,CE,Combined TRACON& Tower with Radar,0,8,29,11,48,0,0,18,8,26,0,8,47,19,74,12,60,72,146
09/21/2006,MFD,OH,AGL,CE,Combined TRACON& Tower with Radar,0,16,64,24,104,0,0,44,0,44,0,16,108,24,148,36,34,70,218
09/22/2006,MFD,OH,AGL,CE,Combined TRACON& Tower with Radar,0,18,32,11,61,0,0,17,0,17,0,18,49,11,78,10,0,10,88
09/23/2006,MFD,OH,AGL,CE,Combined TRACON& Tower with Radar,0,30,24,0,54,0,2,4,0,6,0,32,28,0,60,34,0,34,94
09/24/2006,MFD,OH,AGL,CE,Combined TRACON& Tower with Radar,0,12,15,1,28,0,0,14,0,14,0,12,29,1,42,0,0,0,42
09/25/2006,MFD,OH,AGL,CE,Combined TRACON& Tower with Radar,0,41,40,0,81,0,0,30,0,30,0,41,70,0,111,14,0,14,125
09/26/2006,MFD,OH,AGL,CE,Combined TRACON& Tower with Radar,0,23,40,14,77,0,0,47,0,47,0,23,87,14,124,22,2,24,148
09/27/2006,MFD,OH,AGL,CE,Combined TRACON& Tower with Radar,0,8,29,7,44,0,4,55,5,64,0,12,84,12,108,44,0,44,152
09/28/2006,MFD,OH,AGL,CE,Combined TRACON& Tower with Radar,0,20,46,3,69,0,0,10,1,11,0,20,56,4,80,10,0,10,90
09/29/2006,MFD,OH,AGL,CE,Combined TRACON& Tower with Radar,0,2,33,2,37,0,0,56,0,56,0,2,89,2,93,40,0,40,133
09/30/2006,MFD,OH,AGL,CE,Combined TRACON& Tower with Radar,0,10,24,0,34,0,4,6,0,10,0,14,30,0,44,0,0,0,44
10/01/2006,MFD,OH,AGL,CE,Combined TRACON& Tower with Radar,0,2,44,0,46,0,0,96,0,96,0,2,140,0,142,6,0,6,148
10/02/2006,MFD,OH,AGL,CE,Combined TRACON& Tower with Radar,0,20,9,0,29,0,0,14,0,14,0,20,23,0,43,22,0,22,65
10/03/2006,MFD,OH,AGL,CE,Combined TRACON& Tower with Radar,0,14,41,15,70,0,0,33,0,33,0,14,74,15,103,44,22,66,169
10/04/2006,MFD,OH,AGL,CE,Combined TRACON& Tower with Radar,0,34,17,18,69,0,0,18,0,18,0,34,35,18,87,16,12,28,115
10/05/2006,MFD,OH,AGL,CE,Combined TRACON& Tower with Radar,0,28,25,14,67,0,0,16,2,18,0,28,41,16,85,18,50,68,153
10/06/2006,MFD,OH,AGL,CE,Combined TRACON& Tower with Radar,0,14,21,0,35,0,2,34,1,37,0,16,55,1,72,28,0,28,100
10/07/2006,MFD,OH,AGL,CE,Combined TRACON& Tower with Radar,0,10,30,0,40,0,0,80,0,80,0,10,110,0,120,62,0,62,182
10/08/2006,MFD,OH,AGL,CE,Combined TRACON& Tower with Radar,0,8,15,0,23,0,0,94,0,94,0,8,109,0,117,8,0,8,125
10/09/2006,MFD,OH,AGL,CE,Combined TRACON& Tower with Radar,0,28,28,0,56,0,0,54,0,54,0,28,82,0,110,26,0,26,136
10/10/2006,MFD,OH,AGL,CE,Combined TRACON& Tower with Radar,0,18,22,6,46,0,2,27,8,37,0,20,49,14,83,28,8,36,119
10/11/2006,MFD,OH,AGL,CE,Combined TRACON& Tower with Radar,0,6,11,17,34,0,0,3,1,4,0,6,14,18,38,0,10,10,48
10/12/2006,MFD,OH,AGL,CE,Combined TRACON& Tower with Radar,0,6,30,12,48,0,0,6,6,12,0,6,36,18,60,0,16,16,76
10/13/2006,MFD,OH,AGL,CE,Combined TRACON& Tower with Radar,0,10,9,9,28,0,0,24,0,24,0,10,33,9,52,2,0,2,54
10/14/2006,MFD,OH,AGL,CE,Combined TRACON& Tower with Radar,0,17,23,0,40,0,0,21,0,21,0,17,44,0,61,8,0,8,69
10/15/2006,MFD,OH,AGL,CE,Combined TRACON& Tower with Radar,0,34,32,5,71,0,0,60,5,65,0,34,92,10,136,10,8,18,154
10/16/2006,MFD,OH,AGL,CE,Combined TRACON& Tower with Radar,0,12,26,1,39,0,0,7,6,13,0,12,33,7,52,18,6,24,76
10/17/2006,MFD,OH,AGL,CE,Combined TRACON& Tower with Radar,0,7,8,4,19,0,0,0,2,2,0,7,8,6,21,0,0,0,21
10/18/2006,MFD,OH,AGL,CE,Combined TRACON& Tower with Radar,0,1,26,24,51,0,0,5,0,5,0,1,31,24,56,8,0,8,64
10/19/2006,MFD,OH,AGL,CE,Combined TRACON& Tower with Radar,0,0,3,11,14,0,0,1,0,1,0,0,4,11,15,0,0,0,15
10/20/2006,MFD,OH,AGL,CE,Combined TRACON& Tower with Radar,0,28,39,4,71,0,0,4,0,4,0,28,43,4,75,0,0,0,75
10/21/2006,MFD,OH,AGL,CE,Combined TRACON& Tower with Radar,0,6,57,0,63,0,0,58,0,58,0,6,115,0,121,66,0,66,187
10/22/2006,MFD,OH,AGL,CE,Combined TRACON& Tower with Radar,0,4,14,1,19,0,0,3,0,3,0,4,17,1,22,0,0,0,22
10/23/2006,MFD,OH,AGL,CE,Combined TRACON& Tower with Radar,0,13,18,0,31,0,0,5,0,5,0,13,23,0,36,0,0,0,36
10/24/2006,MFD,OH,AGL,CE,Combined TRACON& Tower with Radar,0,31,20,9,60,0,5,15,17,37,0,36,35,26,97,4,10,14,111
10/25/2006,MFD,OH,AGL,CE,Combined TRACON& Tower with Radar,0,44,37,25,106,0,0,55,7,62,0,44,92,32,168,48,40,88,256
10/26/2006,MFD,OH,AGL,CE,Combined TRACON& Tower with Radar,0,20,41,4,65,0,2,26,8,36,0,22,67,12,101,30,10,40,141
10/27/2006,MFD,OH,AGL,CE,Combined TRACON& Tower with Radar,0,2,21,1,24,0,0,0,0,0,0,2,21,1,24,0,0,0,24
10/28/2006,MFD,OH,AGL,CE,Combined TRACON& Tower with Radar,0,8,3,0,11,0,0,2,0,2,0,8,5,0,13,0,0,0,13
10/29/2006,MFD,OH,AGL,CE,Combined TRACON& Tower with Radar,0,6,11,4,21,0,0,29,0,29,0,6,40,4,50,2,0,2,52
10/30/2006,MFD,OH,AGL,CE,Combined TRACON& Tower with Radar,0,6,42,0,48,0,0,34,0,34,0,6,76,0,82,14,0,14,96
10/31/2006,MFD,OH,AGL,CE,Combined TRACON& Tower with Radar,0,8,16,8,32,0,0,2,4,6,0,8,18,12,38,2,8,10,48
11/01/2006,MFD,OH,AGL,CE,Combined TRACON& Tower with Radar,0,22,30,8,60,0,0,20,15,35,0,22,50,23,95,44,38,82,177
11/02/2006,MFD,OH,AGL,CE,Combined TRACON& Tower with Radar,0,0,41,2,43,0,0,13,0,13,0,0,54,2,56,10,8,18,74
11/03/2006,MFD,OH,AGL,CE,Combined TRACON& Tower with Radar,0,5,7,18,30,0,0,0,0,0,0,5,7,18,30,30,2,32,62
11/04/2006,MFD,OH,AGL,CE,Combined TRACON& Tower with Radar,0,16,37,2,55,0,0,78,1,79,0,16,115,3,134,34,0,34,168
11/05/2006,MFD,OH,AGL,CE,Combined TRACON& Tower with Radar,0,22,70,3,95,0,0,54,1,55,0,22,124,4,150,10,0,10,160
11/06/2006,MFD,OH,AGL,CE,Combined TRACON& Tower with Radar,0,40,26,4,70,0,0,56,2,58,0,40,82,6,128,36,0,36,164
11/07/2006,MFD,OH,AGL,CE,Combined TRACON& Tower with Radar,0,22,24,38,84,0,0,1,0,1,0,22,25,38,85,4,6,10,95
11/08/2006,MFD,OH,AGL,CE,Combined TRACON& Tower with Radar,0,4,26,12,42,0,0,0,2,2,0,4,26,14,44,0,0,0,44
11/09/2006,MFD,OH,AGL,CE,Combined TRACON& Tower with Radar,0,40,50,12,102,0,0,26,6,32,0,40,76,18,134,48,20,68,202
11/10/2006,MFD,OH,AGL,CE,Combined TRACON& Tower with Radar,0,16,45,0,61,0,0,38,0,38,0,16,83,0,99,12,0,12,111
11/11/2006,MFD,OH,AGL,CE,Combined TRACON& Tower with Radar,0,5,4,0,9,0,1,0,0,1,0,6,4,0,10,0,0,0,10
11/12/2006,MFD,OH,AGL,CE,Combined TRACON& Tower with Radar,0,16,20,0,36,0,0,11,0,11,0,16,31,0,47,0,0,0,47
11/13/2006,MFD,OH,AGL,CE,Combined TRACON& Tower with Radar,0,2,7,0,9,0,0,0,0,0,0,2,7,0,9,0,0,0,9
11/14/2006,MFD,OH,AGL,CE,Combined TRACON& Tower with Radar,0,2,30,13,45,0,0,63,4,67,0,2,93,17,112,0,2,2,114
11/15/2006,MFD,OH,AGL,CE,Combined TRACON& Tower with Radar,0,16,19,20,55,0,0,13,0,13,0,16,32,20,68,8,2,10,78
11/16/2006,MFD,OH,AGL,CE,Combined TRACON& Tower with Radar,0,2,7,0,9,0,6,1,0,7,0,8,8,0,16,0,6,6,22
11/17/2006,MFD,OH,AGL,CE,Combined TRACON& Tower with Radar,0,0,14,2,16,0,0,8,0,8,0,0,22,2,24,4,0,4,28
11/18/2006,MFD,OH,AGL,CE,Combined TRACON& Tower with Radar,0,20,34,0,54,0,2,25,0,27,0,22,59,0,81,10,0,10,91
11/19/2006,MFD,OH,AGL,CE,Combined TRACON& Tower with Radar,0,18,0,0,18,0,0,0,0,0,0,18,0,0,18,0,0,0,18
11/20/2006,MFD,OH,AGL,CE,Combined TRACON& Tower with Radar,0,34,22,0,56,0,2,28,0,30,0,36,50,0,86,18,0,18,104
11/21/2006,MFD,OH,AGL,CE,Combined TRACON& Tower with Radar,0,8,35,26,69,0,0,43,8,51,0,8,78,34,120,52,18,70,190
11/22/2006,MFD,OH,AGL,CE,Combined TRACON& Tower with Radar,0,12,39,4,55,0,0,81,2,83,0,12,120,6,138,38,4,42,180
11/23/2006,MFD,OH,AGL,CE,Combined TRACON& Tower with Radar,0,0,6,0,6,0,0,16,0,16,0,0,22,0,22,0,0,0,22
11/24/2006,MFD,OH,AGL,CE,Combined TRACON& Tower with Radar,0,8,44,0,52,0,0,33,0,33,0,8,77,0,85,14,0,14,99
11/25/2006,MFD,OH,AGL,CE,Combined TRACON& Tower with Radar,0,0,30,0,30,0,0,79,0,79,0,0,109,0,109,4,0,4,113
11/26/2006,MFD,OH,AGL,CE,Combined TRACON& Tower with Radar,0,0,11,0,11,0,0,92,0,92,0,0,103,0,103,14,0,14,117
11/27/2006,MFD,OH,AGL,CE,Combined TRACON& Tower with Radar,0,2,22,0,24,0,0,25,0,25,0,2,47,0,49,20,0,20,69
11/28/2006,MFD,OH,AGL,CE,Combined TRACON& Tower with Radar,0,4,32,14,50,0,0,55,6,61,0,4,87,20,111,20,28,48,159
11/29/2006,MFD,OH,AGL,CE,Combined TRACON& Tower with Radar,0,4,30,44,78,0,0,0,0,0,0,4,30,44,78,50,0,50,128
11/30/2006,MFD,OH,AGL,CE,Combined TRACON& Tower with Radar,0,0,7,8,15,0,0,2,0,2,0,0,9,8,17,0,0,0,17
12/01/2006,MFD,OH,AGL,CE,Combined TRACON& Tower with Radar,0,2,1,1,4,0,0,0,0,0,0,2,1,1,4,0,0,0,4
12/02/2006,MFD,OH,AGL,CE,Combined TRACON& Tower with Radar,0,18,22,0,40,0,0,23,0,23,0,18,45,0,63,30,0,30,93
12/03/2006,MFD,OH,AGL,CE,Combined TRACON& Tower with Radar,0,20,30,1,51,0,0,58,0,58,0,20,88,1,109,36,0,36,145
12/04/2006,MFD,OH,AGL,CE,Combined TRACON& Tower with Radar,0,28,12,0,40,0,0,4,0,4,0,28,16,0,44,8,0,8,52
12/05/2006,MFD,OH,AGL,CE,Combined TRACON& Tower with Radar,0,20,32,15,67,0,0,11,0,11,0,20,43,15,78,0,0,0,78
12/06/2006,MFD,OH,AGL,CE,Combined TRACON& Tower with Radar,0,22,14,24,60,0,2,4,2,8,0,24,18,26,68,0,22,22,90
12/07/2006,MFD,OH,AGL,CE,Combined TRACON& Tower with Radar,0,8,11,11,30,0,0,1,5,6,0,8,12,16,36,2,16,18,54
12/08/2006,MFD,OH,AGL,CE,Combined TRACON& Tower with Radar,0,22,9,2,33,0,0,12,0,12,0,22,21,2,45,22,0,22,67
12/09/2006,MFD,OH,AGL,CE,Combined TRACON& Tower with Radar,0,21,27,3,51,0,0,25,0,25,0,21,52,3,76,20,4,24,100
12/10/2006,MFD,OH,AGL,CE,Combined TRACON& Tower with Radar,0,22,36,2,60,0,0,58,18,76,0,22,94,20,136,24,0,24,160
12/11/2006,MFD,OH,AGL,CE,Combined TRACON& Tower with Radar,0,18,51,0,69,0,0,32,0,32,0,18,83,0,101,48,0,48,149
12/12/2006,MFD,OH,AGL,CE,Combined TRACON& Tower with Radar,0,10,11,9,30,0,0,5,5,10,0,10,16,14,40,6,0,6,46
12/13/2006,MFD,OH,AGL,CE,Combined TRACON& Tower with Radar,0,10,17,13,40,0,0,11,6,17,0,10,28,19,57,6,4,10,67
12/14/2006,MFD,OH,AGL,CE,Combined TRACON& Tower with Radar,0,6,33,23,62,0,1,21,3,25,0,7,54,26,87,2,16,18,105
12/15/2006,MFD,OH,AGL,CE,Combined TRACON& Tower with Radar,0,23,5,1,29,0,2,18,0,20,0,25,23,1,49,6,0,6,55
12/16/2006,MFD,OH,AGL,CE,Combined TRACON& Tower with Radar,0,24,51,0,75,0,0,73,0,73,0,24,124,0,148,16,0,16,164
12/17/2006,MFD,OH,AGL,CE,Combined TRACON& Tower with Radar,0,12,13,1,26,0,0,9,0,9,0,12,22,1,35,8,0,8,43
12/18/2006,MFD,OH,AGL,CE,Combined TRACON& Tower with Radar,0,50,27,2,79,0,0,26,6,32,0,50,53,8,111,38,14,52,163
12/19/2006,MFD,OH,AGL,CE,Combined TRACON& Tower with Radar,0,29,11,23,63,0,0,20,8,28,0,29,31,31,91,2,28,30,121
12/20/2006,MFD,OH,AGL,CE,Combined TRACON& Tower with Radar,0,14,42,6,62,0,0,29,18,47,0,14,71,24,109,18,14,32,141
12/21/2006,MFD,OH,AGL,CE,Combined TRACON& Tower with Radar,0,4,19,4,27,0,4,9,10,23,0,8,28,14,50,0,4,4,54
12/22/2006,MFD,OH,AGL,CE,Combined TRACON& Tower with Radar,0,3,12,0,15,0,0,0,0,0,0,3,12,0,15,0,0,0,15
12/23/2006,MFD,OH,AGL,CE,Combined TRACON& Tower with Radar,0,0,5,0,5,0,0,2,0,2,0,0,7,0,7,0,0,0,7
12/24/2006,MFD,OH,AGL,CE,Combined TRACON& Tower with Radar,0,0,5,0,5,0,0,13,0,13,0,0,18,0,18,0,0,0,18
12/25/2006,MFD,OH,AGL,CE,Combined TRACON& Tower with Radar,0,0,2,0,2,0,0,0,0,0,0,0,2,0,2,0,0,0,2
12/26/2006,MFD,OH,AGL,CE,Combined TRACON& Tower with Radar,0,0,6,0,6,0,0,0,0,0,0,0,6,0,6,0,0,0,6
12/27/2006,MFD,OH,AGL,CE,Combined TRACON& Tower with Radar,0,5,24,14,43,0,1,33,5,39,0,6,57,19,82,16,20,36,118
12/28/2006,MFD,OH,AGL,CE,Combined TRACON& Tower with Radar,0,9,36,7,52,0,0,29,7,36,0,9,65,14,88,4,22,26,114
12/29/2006,MFD,OH,AGL,CE,Combined TRACON& Tower with Radar,0,0,53,0,53,0,0,38,0,38,0,0,91,0,91,0,0,0,91
12/30/2006,MFD,OH,AGL,CE,Combined TRACON& Tower with Radar,0,18,38,0,56,0,0,79,0,79,0,18,117,0,135,8,0,8,143
12/31/2006,MFD,OH,AGL,CE,Combined TRACON& Tower with Radar,0,22,10,0,32,0,2,6,0,8,0,24,16,0,40,0,0,0,40
01/01/2007,MFD,OH,AGL,CE,Combined TRACON& Tower with Radar,0,0,2,0,2,0,0,1,0,1,0,0,3,0,3,0,0,0,3
01/02/2007,MFD,OH,AGL,CE,Combined TRACON& Tower with Radar,0,0,26,0,26,0,0,32,0,32,0,0,58,0,58,20,0,20,78
01/03/2007,MFD,OH,AGL,CE,Combined TRACON& Tower with Radar,0,0,53,14,67,0,0,28,2,30,0,0,81,16,97,10,16,26,123
01/04/2007,MFD,OH,AGL,CE,Combined TRACON& Tower with Radar,0,10,16,8,34,0,0,15,10,25,0,10,31,18,59,8,22,30,89
01/05/2007,MFD,OH,AGL,CE,Combined TRACON& Tower with Radar,0,8,10,0,18,0,0,0,0,0,0,8,10,0,18,0,0,0,18
01/06/2007,MFD,OH,AGL,CE,Combined TRACON& Tower with Radar,0,12,10,0,22,0,0,2,0,2,0,12,12,0,24,0,0,0,24
01/07/2007,MFD,OH,AGL,CE,Combined TRACON& Tower with Radar,0,4,18,0,22,0,0,6,0,6,0,4,24,0,28,0,17,17,45
01/08/2007,MFD,OH,AGL,CE,Combined TRACON& Tower with Radar,0,17,7,0,24,0,2,6,0,8,0,19,13,0,32,0,0,0,32
01/09/2007,MFD,OH,AGL,CE,Combined TRACON& Tower with Radar,0,4,24,13,41,0,0,0,10,10,0,4,24,23,51,12,16,28,79
01/10/2007,MFD,OH,AGL,CE,Combined TRACON& Tower with Radar,0,6,36,14,56,0,0,16,16,32,0,6,52,30,88,14,26,40,128
01/11/2007,MFD,OH,AGL,CE,Combined TRACON& Tower with Radar,0,6,7,23,36,0,0,12,0,12,0,6,19,23,48,0,26,26,74
01/12/2007,MFD,OH,AGL,CE,Combined TRACON& Tower with Radar,0,0,17,1,18,0,0,0,0,0,0,0,17,1,18,0,0,0,18
01/13/2007,MFD,OH,AGL,CE,Combined TRACON& Tower with Radar,0,12,0,1,13,0,0,0,0,0,0,12,0,1,13,0,0,0,13
01/14/2007,MFD,OH,AGL,CE,Combined TRACON& Tower with Radar,0,2,7,0,9,0,0,1,0,1,0,2,8,0,10,0,0,0,10
01/15/2007,MFD,OH,AGL,CE,Combined TRACON& Tower with Radar,0,4,5,4,13,0,0,0,0,0,0,4,5,4,13,0,0,0,13
01/16/2007,MFD,OH,AGL,CE,Combined TRACON& Tower with Radar,0,10,26,9,45,0,0,4,7,11,0,10,30,16,56,6,12,18,74
01/17/2007,MFD,OH,AGL,CE,Combined TRACON& Tower with Radar,0,24,23,20,67,0,0,45,0,45,0,24,68,20,112,22,70,92,204
01/18/2007,MFD,OH,AGL,CE,Combined TRACON& Tower with Radar,0,24,18,0,42,0,4,8,3,15,0,28,26,3,57,0,2,2,59
01/19/2007,MFD,OH,AGL,CE,Combined TRACON& Tower with Radar,0,0,22,2,24,0,0,0,0,0,0,0,22,2,24,0,0,0,24
01/20/2007,MFD,OH,AGL,CE,Combined TRACON& Tower with Radar,0,6,52,1,59,0,6,60,0,66,0,12,112,1,125,20,0,20,145
01/21/2007,MFD,OH,AGL,CE,Combined TRACON& Tower with Radar,0,0,17,4,21,0,0,0,0,0,0,0,17,4,21,0,0,0,21
01/22/2007,MFD,OH,AGL,CE,Combined TRACON& Tower with Radar,0,4,9,1,14,0,0,0,0,0,0,4,9,1,14,0,0,0,14
01/23/2007,MFD,OH,AGL,CE,Combined TRACON& Tower with Radar,0,6,5,24,35,0,0,0,0,0,0,6,5,24,35,0,28,28,63
01/24/2007,MFD,OH,AGL,CE,Combined TRACON& Tower with Radar,0,18,8,14,40,0,0,0,0,0,0,18,8,14,40,0,22,22,62
01/25/2007,MFD,OH,AGL,CE,Combined TRACON& Tower with Radar,0,22,19,12,53,0,2,8,10,20,0,24,27,22,73,0,14,14,87
01/26/2007,MFD,OH,AGL,CE,Combined TRACON& Tower with Radar,0,28,17,2,47,0,0,5,0,5,0,28,22,2,52,12,0,12,64
01/27/2007,MFD,OH,AGL,CE,Combined TRACON& Tower with Radar,0,22,15,0,37,0,2,3,0,5,0,24,18,0,42,12,0,12,54
01/28/2007,MFD,OH,AGL,CE,Combined TRACON& Tower with Radar,0,4,1,2,7,0,0,0,0,0,0,4,1,2,7,0,0,0,7
01/29/2007,MFD,OH,AGL,CE,Combined TRACON& Tower with Radar,0,10,5,4,19,0,0,4,1,5,0,10,9,5,24,0,2,2,26
01/30/2007,MFD,OH,AGL,CE,Combined TRACON& Tower with Radar,0,0,5,2,7,0,0,0,0,0,0,0,5,2,7,0,0,0,7
01/31/2007,MFD,OH,AGL,CE,Combined TRACON& Tower with Radar,0,14,13,14,41,0,0,15,29,44,0,14,28,43,85,4,16,20,105
02/01/2007,MFD,OH,AGL,CE,Combined TRACON& Tower with Radar,0,0,14,16,30,0,0,2,2,4,0,0,16,18,34,0,20,20,54
02/02/2007,MFD,OH,AGL,CE,Combined TRACON& Tower with Radar,0,3,13,2,18,0,0,0,0,0,0,3,13,2,18,0,0,0,18
02/03/2007,MFD,OH,AGL,CE,Combined TRACON& Tower with Radar,0,8,13,0,21,0,0,6,0,6,0,8,19,0,27,2,0,2,29
02/04/2007,MFD,OH,AGL,CE,Combined TRACON& Tower with Radar,0,8,0,1,9,0,0,6,0,6,0,8,6,1,15,2,0,2,17
02/05/2007,MFD,OH,AGL,CE,Combined TRACON& Tower with Radar,0,6,20,0,26,0,0,5,0,5,0,6,25,0,31,4,0,4,35
02/06/2007,MFD,OH,AGL,CE,Combined TRACON& Tower with Radar,0,13,19,2,34,0,0,4,0,4,0,13,23,2,38,0,0,0,38
02/07/2007,MFD,OH,AGL,CE,Combined TRACON& Tower with Radar,0,9,22,15,46,0,0,5,5,10,0,9,27,20,56,4,26,30,86
02/08/2007,MFD,OH,AGL,CE,Combined TRACON& Tower with Radar,0,5,34,21,60,0,0,32,0,32,0,5,66,21,92,18,28,46,138
02/09/2007,MFD,OH,AGL,CE,Combined TRACON& Tower with Radar,0,6,18,2,26,0,0,21,0,21,0,6,39,2,47,6,0,6,53
02/10/2007,MFD,OH,AGL,CE,Combined TRACON& Tower with Radar,0,32,49,1,82,0,2,22,0,24,0,34,71,1,106,6,0,6,112
02/11/2007,MFD,OH,AGL,CE,Combined TRACON& Tower with Radar,0,2,36,0,38,0,0,24,2,26,0,2,60,2,64,8,0,8,72
02/12/2007,MFD,OH,AGL,CE,Combined TRACON& Tower with Radar,0,0,3,2,5,0,0,0,0,0,0,0,3,2,5,0,0,0,5
02/13/2007,MFD,OH,AGL,CE,Combined TRACON& Tower with Radar,0,0,2,0,2,0,0,0,0,0,0,0,2,0,2,0,0,0,2
02/14/2007,MFD,OH,AGL,CE,Combined TRACON& Tower with Radar,0,0,2,0,2,0,0,0,0,0,0,0,2,0,2,0,0,0,2
02/15/2007,MFD,OH,AGL,CE,Combined TRACON& Tower with Radar,0,2,11,1,14,0,0,5,0,5,0,2,16,1,19,0,0,0,19
02/16/2007,MFD,OH,AGL,CE,Combined TRACON& Tower with Radar,0,7,7,2,16,0,0,23,0,23,0,7,30,2,39,12,0,12,51
02/17/2007,MFD,OH,AGL,CE,Combined TRACON& Tower with Radar,0,0,0,1,1,0,0,0,0,0,0,0,0,1,1,0,0,0,1
02/18/2007,MFD,OH,AGL,CE,Combined TRACON& Tower with Radar,0,0,6,2,8,0,0,0,0,0,0,0,6,2,8,0,0,0,8
02/19/2007,MFD,OH,AGL,CE,Combined TRACON& Tower with Radar,0,0,9,1,10,0,0,10,0,10,0,0,19,1,20,0,0,0,20
02/20/2007,MFD,OH,AGL,CE,Combined TRACON& Tower with Radar,0,2,10,57,69,0,0,8,0,8,0,2,18,57,77,0,14,14,91
02/21/2007,MFD,OH,AGL,CE,Combined TRACON& Tower with Radar,0,1,40,12,53,0,0,0,4,4,0,1,40,16,57,0,24,24,81
02/22/2007,MFD,OH,AGL,CE,Combined TRACON& Tower with Radar,0,7,21,4,32,0,0,8,4,12,0,7,29,8,44,2,8,10,54
02/23/2007,MFD,OH,AGL,CE,Combined TRACON& Tower with Radar,0,0,16,5,21,0,0,27,0,27,0,0,43,5,48,26,0,26,74
02/24/2007,MFD,OH,AGL,CE,Combined TRACON& Tower with Radar,0,12,38,0,50,0,0,43,0,43,0,12,81,0,93,20,0,20,113
02/25/2007,MFD,OH,AGL,CE,Combined TRACON& Tower with Radar,0,0,6,0,6,0,0,0,0,0,0,0,6,0,6,0,0,0,6
02/26/2007,MFD,OH,AGL,CE,Combined TRACON& Tower with Radar,0,20,9,0,29,0,0,4,0,4,0,20,13,0,33,0,0,0,33
02/27/2007,MFD,OH,AGL,CE,Combined TRACON& Tower with Radar,0,12,5,17,34,0,0,7,3,10,0,12,12,20,44,0,40,40,84
02/28/2007,MFD,OH,AGL,CE,Combined TRACON& Tower with Radar,0,6,40,24,70,0,0,20,0,20,0,6,60,24,90,20,20,40,130
03/01/2007,MFD,OH,AGL,CE,Combined TRACON& Tower with Radar,0,0,10,11,21,0,0,1,9,10,0,0,11,20,31,0,30,30,61
03/02/2007,MFD,OH,AGL,CE,Combined TRACON& Tower with Radar,0,10,2,2,14,0,2,1,0,3,0,12,3,2,17,0,0,0,17
03/03/2007,MFD,OH,AGL,CE,Combined TRACON& Tower with Radar,0,8,10,2,20,0,0,5,0,5,0,8,15,2,25,12,0,12,37
03/04/2007,MFD,OH,AGL,CE,Combined TRACON& Tower with Radar,0,0,25,0,25,0,0,0,0,0,0,0,25,0,25,6,0,6,31
03/05/2007,MFD,OH,AGL,CE,Combined TRACON& Tower with Radar,0,12,15,1,28,0,0,0,0,0,0,12,15,1,28,4,0,4,32
03/06/2007,MFD,OH,AGL,CE,Combined TRACON& Tower with Radar,0,7,33,18,58,0,0,22,0,22,0,7,55,18,80,18,22,40,120
03/07/2007,MFD,OH,AGL,CE,Combined TRACON& Tower with Radar,0,2,14,15,31,0,0,6,5,11,0,2,20,20,42,20,20,40,82
03/08/2007,MFD,OH,AGL,CE,Combined TRACON& Tower with Radar,0,8,62,19,89,0,0,35,3,38,0,8,97,22,127,42,40,82,209
03/09/2007,MFD,OH,AGL,CE,Combined TRACON& Tower with Radar,0,6,46,5,57,0,0,26,2,28,0,6,72,7,85,32,10,42,127
03/10/2007,MFD,OH,AGL,CE,Combined TRACON& Tower with Radar,0,14,36,1,51,0,6,14,0,20,0,20,50,1,71,14,0,14,85
03/11/2007,MFD,OH,AGL,CE,Combined TRACON& Tower with Radar,0,6,50,4,60,0,0,48,6,54,0,6,98,10,114,30,8,38,152
03/12/2007,MFD,OH,AGL,CE,Combined TRACON& Tower with Radar,0,16,29,0,45,0,0,19,0,19,0,16,48,0,64,34,0,34,98
03/13/2007,MFD,OH,AGL,CE,Combined TRACON& Tower with Radar,0,8,48,6,62,0,0,34,7,41,0,8,82,13,103,58,28,86,189
03/14/2007,MFD,OH,AGL,CE,Combined TRACON& Tower with Radar,0,14,18,21,53,0,0,0,3,3,0,14,18,24,56,0,8,8,64
03/15/2007,MFD,OH,AGL,CE,Combined TRACON& Tower with Radar,0,6,7,6,19,0,0,8,2,10,0,6,15,8,29,6,12,18,47
03/16/2007,MFD,OH,AGL,CE,Combined TRACON& Tower with Radar,0,8,7,3,18,0,0,2,2,4,0,8,9,5,22,0,0,0,22
03/17/2007,MFD,OH,AGL,CE,Combined TRACON& Tower with Radar,0,0,20,0,20,0,0,6,0,6,0,0,26,0,26,4,0,4,30
03/18/2007,MFD,OH,AGL,CE,Combined TRACON& Tower with Radar,0,8,32,1,41,0,0,40,0,40,0,8,72,1,81,10,0,10,91
03/19/2007,MFD,OH,AGL,CE,Combined TRACON& Tower with Radar,0,0,2,1,3,0,0,0,0,0,0,0,2,1,3,0,0,0,3
03/20/2007,MFD,OH,AGL,CE,Combined TRACON& Tower with Radar,0,4,12,11,27,0,2,14,3,19,0,6,26,14,46,14,10,24,70
03/21/2007,MFD,OH,AGL,CE,Combined TRACON& Tower with Radar,0,2,10,11,23,0,0,0,0,0,0,2,10,11,23,10,46,56,79
03/22/2007,MFD,OH,AGL,CE,Combined TRACON& Tower with Radar,0,2,8,1,11,0,0,0,0,0,0,2,8,1,11,0,0,0,11
03/23/2007,MFD,OH,AGL,CE,Combined TRACON& Tower with Radar,0,2,5,3,10,0,0,0,0,0,0,2,5,3,10,0,0,0,10
03/24/2007,MFD,OH,AGL,CE,Combined TRACON& Tower with Radar,0,9,9,1,19,0,0,3,0,3,0,9,12,1,22,2,0,2,24
03/25/2007,MFD,OH,AGL,CE,Combined TRACON& Tower with Radar,0,8,78,1,87,0,3,13,0,16,0,11,91,1,103,10,0,10,113
03/26/2007,MFD,OH,AGL,CE,Combined TRACON& Tower with Radar,0,3,14,1,18,0,7,0,0,7,0,10,14,1,25,20,0,20,45
03/27/2007,MFD,OH,AGL,CE,Combined TRACON& Tower with Radar,0,14,20,6,40,0,2,17,5,24,0,16,37,11,64,0,11,11,75
03/28/2007,MFD,OH,AGL,CE,Combined TRACON& Tower with Radar,0,2,39,10,51,0,0,0,4,4,0,2,39,14,55,0,28,28,83
03/29/2007,MFD,OH,AGL,CE,Combined TRACON& Tower with Radar,0,0,56,11,67,0,0,26,15,41,0,0,82,26,108,20,44,64,172
03/30/2007,MFD,OH,AGL,CE,Combined TRACON& Tower with Radar,0,20,27,1,48,0,0,35,0,35,0,20,62,1,83,22,0,22,105
03/31/2007,MFD,OH,AGL,CE,Combined TRACON& Tower with Radar,0,8,18,2,28,0,0,6,0,6,0,8,24,2,34,14,0,14,48
04/01/2007,MFD,OH,AGL,CE,Combined TRACON& Tower with Radar,0,2,12,0,14,0,0,1,0,1,0,2,13,0,15,0,0,0,15
04/02/2007,MFD,OH,AGL,CE,Combined TRACON& Tower with Radar,0,10,14,2,26,0,0,25,0,25,0,10,39,2,51,8,2,10,61
04/03/2007,MFD,OH,AGL,CE,Combined TRACON& Tower with Radar,0,0,30,12,42,0,0,10,2,12,0,0,40,14,54,18,8,26,80
04/04/2007,MFD,OH,AGL,CE,Combined TRACON& Tower with Radar,0,10,3,10,23,0,0,0,0,0,0,10,3,10,23,0,8,8,31
04/05/2007,MFD,OH,AGL,CE,Combined TRACON& Tower with Radar,0,0,6,6,12,0,0,4,0,4,0,0,10,6,16,0,28,28,44
04/06/2007,MFD,OH,AGL,CE,Combined TRACON& Tower with Radar,0,2,1,0,3,0,0,4,0,4,0,2,5,0,7,32,0,32,39
04/07/2007,MFD,OH,AGL,CE,Combined TRACON& Tower with Radar,0,6,16,0,22,0,0,4,0,4,0,6,20,0,26,2,0,2,28
04/08/2007,MFD,OH,AGL,CE,Combined TRACON& Tower with Radar,0,2,8,0,10,0,0,0,0,0,0,2,8,0,10,0,0,0,10
04/09/2007,MFD,OH,AGL,CE,Combined TRACON& Tower with Radar,0,2,22,3,27,0,0,28,0,28,0,2,50,3,55,32,0,32,87
04/10/2007,MFD,OH,AGL,CE,Combined TRACON& Tower with Radar,0,0,26,9,35,0,0,15,2,17,0,0,41,11,52,40,18,58,110
04/11/2007,MFD,OH,AGL,CE,Combined TRACON& Tower with Radar,0,18,13,23,54,0,0,0,0,0,0,18,13,23,54,0,0,0,54
04/12/2007,MFD,OH,AGL,CE,Combined TRACON& Tower with Radar,0,2,12,14,28,0,0,0,0,0,0,2,12,14,28,0,10,10,38
04/13/2007,MFD,OH,AGL,CE,Combined TRACON& Tower with Radar,0,12,27,2,41,0,0,22,0,22,0,12,49,2,63,30,10,40,103
04/14/2007,MFD,OH,AGL,CE,Combined TRACON& Tower with Radar,0,8,7,2,17,0,0,20,0,20,0,8,27,2,37,12,0,12,49
04/15/2007,MFD,OH,AGL,CE,Combined TRACON& Tower with Radar,0,4,15,1,20,0,0,4,0,4,0,4,19,1,24,0,0,0,24
04/16/2007,MFD,OH,AGL,CE,Combined TRACON& Tower with Radar,0,10,6,2,18,0,0,8,0,8,0,10,14,2,26,2,2,4,30
04/17/2007,MFD,OH,AGL,CE,Combined TRACON& Tower with Radar,0,2,29,8,39,0,0,13,24,37,0,2,42,32,76,12,2,14,90
04/18/2007,MFD,OH,AGL,CE,Combined TRACON& Tower with Radar,0,2,43,14,59,0,0,6,0,6,0,2,49,14,65,22,44,66,131
04/19/2007,MFD,OH,AGL,CE,Combined TRACON& Tower with Radar,0,4,29,5,38,0,0,21,1,22,0,4,50,6,60,0,12,12,72
04/20/2007,MFD,OH,AGL,CE,Combined TRACON& Tower with Radar,0,10,40,1,51,0,0,49,0,49,0,10,89,1,100,20,0,20,120
04/21/2007,MFD,OH,AGL,CE,Combined TRACON& Tower with Radar,0,9,52,0,61,0,0,50,0,50,0,9,102,0,111,42,0,42,153
04/22/2007,MFD,OH,AGL,CE,Combined TRACON& Tower with Radar,0,9,68,4,81,0,0,32,0,32,0,9,100,4,113,18,0,18,131
04/23/2007,MFD,OH,AGL,CE,Combined TRACON& Tower with Radar,0,16,14,1,31,0,0,0,0,0,0,16,14,1,31,0,0,0,31
04/24/2007,MFD,OH,AGL,CE,Combined TRACON& Tower with Radar,0,15,30,3,48,0,0,39,7,46,0,15,69,10,94,48,22,70,164
04/25/2007,MFD,OH,AGL,CE,Combined TRACON& Tower with Radar,0,14,28,18,60,0,0,0,0,0,0,14,28,18,60,0,0,0,60
04/26/2007,MFD,OH,AGL,CE,Combined TRACON& Tower with Radar,0,0,34,15,49,0,0,0,0,0,0,0,34,15,49,22,10,32,81
04/27/2007,MFD,OH,AGL,CE,Combined TRACON& Tower with Radar,0,7,14,1,22,0,1,1,1,3,0,8,15,2,25,0,0,0,25
04/28/2007,MFD,OH,AGL,CE,Combined TRACON& Tower with Radar,0,0,30,0,30,0,0,0,0,0,0,0,30,0,30,28,0,28,58
04/29/2007,MFD,OH,AGL,CE,Combined TRACON& Tower with Radar,0,2,54,3,59,0,0,49,0,49,0,2,103,3,108,30,0,30,138
04/30/2007,MFD,OH,AGL,CE,Combined TRACON& Tower with Radar,0,10,25,2,37,0,0,15,2,17,0,10,40,4,54,2,0,2,56
05/01/2007,MFD,OH,AGL,CE,Combined TRACON& Tower with Radar,0,4,11,12,27,0,0,5,0,5,0,4,16,12,32,0,4,4,36
05/02/2007,MFD,OH,AGL,CE,Combined TRACON& Tower with Radar,0,17,59,20,96,0,0,22,8,30,0,17,81,28,126,12,44,56,182
05/03/2007,MFD,OH,AGL,CE,Combined TRACON& Tower with Radar,0,0,32,22,54,0,0,50,0,50,0,0,82,22,104,8,36,44,148
05/04/2007,MFD,OH,AGL,CE,Combined TRACON& Tower with Radar,0,8,27,2,37,0,0,28,10,38,0,8,55,12,75,36,0,36,111
05/05/2007,MFD,OH,AGL,CE,Combined TRACON& Tower with Radar,0,2,31,2,35,0,0,22,0,22,0,2,53,2,57,46,0,46,103
05/06/2007,MFD,OH,AGL,CE,Combined TRACON& Tower with Radar,0,12,41,8,61,0,0,33,12,45,0,12,74,20,106,10,12,22,128
05/07/2007,MFD,OH,AGL,CE,Combined TRACON& Tower with Radar,0,8,18,16,42,0,4,35,0,39,0,12,53,16,81,34,6,40,121
05/08/2007,MFD,OH,AGL,CE,Combined TRACON& Tower with Radar,0,15,36,16,67,0,0,32,0,32,0,15,68,16,99,34,54,88,187
05/09/2007,MFD,OH,AGL,CE,Combined TRACON& Tower with Radar,0,15,20,26,61,0,0,9,4,13,0,15,29,30,74,14,10,24,98
05/10/2007,MFD,OH,AGL,CE,Combined TRACON& Tower with Radar,0,12,26,8,46,0,0,6,2,8,0,12,32,10,54,16,10,26,80
05/11/2007,MFD,OH,AGL,CE,Combined TRACON& Tower with Radar,0,16,36,2,54,0,0,29,0,29,0,16,65,2,83,50,16,66,149
05/12/2007,MFD,OH,AGL,CE,Combined TRACON& Tower with Radar,0,0,26,16,42,0,0,50,0,50,0,0,76,16,92,110,2,112,204
05/13/2007,MFD,OH,AGL,CE,Combined TRACON& Tower with Radar,0,6,27,0,33,0,4,46,0,50,0,10,73,0,83,8,0,8,91
05/14/2007,MFD,OH,AGL,CE,Combined TRACON& Tower with Radar,0,4,31,2,37,0,0,16,4,20,0,4,47,6,57,20,4,24,81
05/15/2007,MFD,OH,AGL,CE,Combined TRACON& Tower with Radar,0,4,19,14,37,0,0,13,14,27,0,4,32,28,64,6,16,22,86
05/16/2007,MFD,OH,AGL,CE,Combined TRACON& Tower with Radar,0,10,27,14,51,0,0,0,0,0,0,10,27,14,51,0,0,0,51
05/17/2007,MFD,OH,AGL,CE,Combined TRACON& Tower with Radar,0,4,19,9,32,0,0,10,13,23,0,4,29,22,55,14,18,32,87
05/18/2007,MFD,OH,AGL,CE,Combined TRACON& Tower with Radar,0,14,34,1,49,0,0,19,1,20,0,14,53,2,69,14,0,14,83
05/19/2007,MFD,OH,AGL,CE,Combined TRACON& Tower with Radar,0,20,81,1,102,0,10,50,0,60,0,30,131,1,162,42,0,42,204
05/20/2007,MFD,OH,AGL,CE,Combined TRACON& Tower with Radar,0,8,29,0,37,0,0,33,0,33,0,8,62,0,70,22,0,22,92
05/21/2007,MFD,OH,AGL,CE,Combined TRACON& Tower with Radar,0,3,40,2,45,0,0,29,0,29,0,3,69,2,74,2,0,2,76
05/22/2007,MFD,OH,AGL,CE,Combined TRACON& Tower with Radar,0,14,36,11,61,0,0,24,3,27,0,14,60,14,88,32,16,48,136
05/23/2007,MFD,OH,AGL,CE,Combined TRACON& Tower with Radar,0,4,31,10,45,0,0,19,22,41,0,4,50,32,86,34,34,68,154
05/24/2007,MFD,OH,AGL,CE,Combined TRACON& Tower with Radar,1,3,34,10,48,0,0,21,4,25,1,3,55,14,73,26,78,104,177
05/25/2007,MFD,OH,AGL,CE,Combined TRACON& Tower with Radar,0,3,27,0,30,0,1,20,0,21,0,4,47,0,51,6,0,6,57
05/26/2007,MFD,OH,AGL,CE,Combined TRACON& Tower with Radar,1,1,25,2,29,0,0,19,0,19,1,1,44,2,48,44,0,44,92
05/27/2007,MFD,OH,AGL,CE,Combined TRACON& Tower with Radar,0,7,0,0,7,0,0,10,0,10,0,7,10,0,17,0,0,0,17
05/28/2007,MFD,OH,AGL,CE,Combined TRACON& Tower with Radar,0,0,22,4,26,0,0,31,0,31,0,0,53,4,57,32,0,32,89
05/29/2007,MFD,OH,AGL,CE,Combined TRACON& Tower with Radar,0,16,28,7,51,0,2,26,0,28,0,18,54,7,79,10,8,18,97
05/30/2007,MFD,OH,AGL,CE,Combined TRACON& Tower with Radar,0,9,12,2,23,0,4,22,0,26,0,13,34,2,49,20,0,20,69
05/31/2007,MFD,OH,AGL,CE,Combined TRACON& Tower with Radar,0,6,34,6,46,0,2,12,10,24,0,8,46,16,70,12,24,36,106
06/01/2007,MFD,OH,AGL,CE,Combined TRACON& Tower with Radar,0,3,21,0,24,0,0,10,0,10,0,3,31,0,34,20,0,20,54
06/02/2007,MFD,OH,AGL,CE,Combined TRACON& Tower with Radar,0,1,12,1,14,0,0,33,0,33,0,1,45,1,47,18,0,18,65
06/03/2007,MFD,OH,AGL,CE,Combined TRACON& Tower with Radar,0,2,16,3,21,0,1,1,0,2,0,3,17,3,23,0,0,0,23
06/04/2007,MFD,OH,AGL,CE,Combined TRACON& Tower with Radar,0,26,21,0,47,0,6,1,0,7,0,32,22,0,54,0,0,0,54
06/05/2007,MFD,OH,AGL,CE,Combined TRACON& Tower with Radar,0,18,31,21,70,0,0,6,0,6,0,18,37,21,76,0,0,0,76
06/06/2007,MFD,OH,AGL,CE,Combined TRACON& Tower with Radar,0,6,57,10,73,0,0,24,15,39,0,6,81,25,112,18,60,78,190
06/07/2007,MFD,OH,AGL,CE,Combined TRACON& Tower with Radar,0,10,43,6,59,0,4,19,8,31,0,14,62,14,90,12,26,38,128
06/08/2007,MFD,OH,AGL,CE,Combined TRACON& Tower with Radar,0,8,20,0,28,0,1,5,0,6,0,9,25,0,34,6,0,6,40
06/09/2007,MFD,OH,AGL,CE,Combined TRACON& Tower with Radar,0,1,25,2,28,0,1,54,0,55,0,2,79,2,83,26,0,26,109
06/10/2007,MFD,OH,AGL,CE,Combined TRACON& Tower with Radar,0,13,35,3,51,0,3,43,0,46,0,16,78,3,97,12,0,12,109
06/11/2007,MFD,OH,AGL,CE,Combined TRACON& Tower with Radar,0,7,36,0,43,0,0,26,0,26,0,7,62,0,69,28,0,28,97
06/12/2007,MFD,OH,AGL,CE,Combined TRACON& Tower with Radar,0,3,60,11,74,0,3,32,7,42,0,6,92,18,116,36,24,60,176
06/13/2007,MFD,OH,AGL,CE,Combined TRACON& Tower with Radar,0,27,31,14,72,0,0,23,4,27,0,27,54,18,99,20,24,44,143
06/14/2007,MFD,OH,AGL,CE,Combined TRACON& Tower with Radar,0,6,24,19,49,0,0,19,7,26,0,6,43,26,75,30,8,38,113
06/15/2007,MFD,OH,AGL,CE,Combined TRACON& Tower with Radar,0,16,16,0,32,0,0,28,2,30,0,16,44,2,62,26,0,26,88
06/16/2007,MFD,OH,AGL,CE,Combined TRACON& Tower with Radar,0,2,27,2,31,0,0,33,0,33,0,2,60,2,64,40,0,40,104
06/17/2007,MFD,OH,AGL,CE,Combined TRACON& Tower with Radar,0,5,25,2,32,0,0,24,0,24,0,5,49,2,56,10,0,10,66
06/18/2007,MFD,OH,AGL,CE,Combined TRACON& Tower with Radar,0,11,35,0,46,0,0,11,0,11,0,11,46,0,57,22,0,22,79
06/19/2007,MFD,OH,AGL,CE,Combined TRACON& Tower with Radar,0,2,10,7,19,0,0,0,0,0,0,2,10,7,19,4,0,4,23
06/20/2007,MFD,OH,AGL,CE,Combined TRACON& Tower with Radar,0,15,42,7,64,0,0,53,2,55,0,15,95,9,119,18,14,32,151
06/21/2007,MFD,OH,AGL,CE,Combined TRACON& Tower with Radar,0,5,24,21,50,0,0,23,6,29,0,5,47,27,79,8,2,10,89
06/22/2007,MFD,OH,AGL,CE,Combined TRACON& Tower with Radar,0,12,39,6,57,0,0,19,0,19,0,12,58,6,76,10,0,10,86
06/23/2007,MFD,OH,AGL,CE,Combined TRACON& Tower with Radar,0,30,40,3,73,0,0,28,1,29,0,30,68,4,102,31,0,31,133
06/24/2007,MFD,OH,AGL,CE,Combined TRACON& Tower with Radar,0,6,42,3,51,0,0,6,0,6,0,6,48,3,57,22,0,22,79
06/25/2007,MFD,OH,AGL,CE,Combined TRACON& Tower with Radar,4,8,39,6,57,0,0,34,1,35,4,8,73,7,92,34,24,58,150
06/26/2007,MFD,OH,AGL,CE,Combined TRACON& Tower with Radar,0,6,28,10,44,0,0,16,5,21,0,6,44,15,65,2,22,24,89
06/27/2007,MFD,OH,AGL,CE,Combined TRACON& Tower with Radar,0,0,42,12,54,0,0,9,0,9,0,0,51,12,63,0,10,10,73
06/28/2007,MFD,OH,AGL,CE,Combined TRACON& Tower with Radar,0,3,37,5,45,0,0,0,17,17,0,3,37,22,62,2,14,16,78
06/29/2007,MFD,OH,AGL,CE,Combined TRACON& Tower with Radar,0,1,32,1,34,0,0,22,1,23,0,1,54,2,57,34,0,34,91
06/30/2007,MFD,OH,AGL,CE,Combined TRACON& Tower with Radar,0,10,83,0,93,0,2,102,4,108,0,12,185,4,201,38,6,44,245
07/01/2007,MFD,OH,AGL,CE,Combined TRACON& Tower with Radar,0,4,19,0,23,0,0,32,0,32,0,4,51,0,55,22,0,22,77
07/02/2007,MFD,OH,AGL,CE,Combined TRACON& Tower with Radar,0,24,41,0,65,0,0,19,0,19,0,24,60,0,84,4,0,4,88
07/03/2007,MFD,OH,AGL,CE,Combined TRACON& Tower with Radar,0,4,38,2,44,0,0,7,2,9,0,4,45,4,53,2,2,4,57
07/04/2007,MFD,OH,AGL,CE,Combined TRACON& Tower with Radar,0,2,15,0,17,0,0,13,0,13,0,2,28,0,30,0,0,0,30
07/05/2007,MFD,OH,AGL,CE,Combined TRACON& Tower with Radar,0,2,16,8,26,0,2,7,10,19,0,4,23,18,45,18,56,74,119
07/06/2007,MFD,OH,AGL,CE,Combined TRACON& Tower with Radar,0,0,54,2,56,0,0,18,0,18,0,0,72,2,74,34,0,34,108
07/07/2007,MFD,OH,AGL,CE,Combined TRACON& Tower with Radar,0,8,32,2,42,0,0,34,0,34,0,8,66,2,76,12,0,12,88
07/08/2007,MFD,OH,AGL,CE,Combined TRACON& Tower with Radar,0,0,14,1,15,0,0,31,0,31,0,0,45,1,46,18,0,18,64
07/09/2007,MFD,OH,AGL,CE,Combined TRACON& Tower with Radar,0,0,28,1,29,0,0,12,0,12,0,0,40,1,41,40,0,40,81
07/10/2007,MFD,OH,AGL,CE,Combined TRACON& Tower with Radar,0,2,17,27,46,0,0,13,4,17,0,2,30,31,63,18,66,84,147
07/11/2007,MFD,OH,AGL,CE,Combined TRACON& Tower with Radar,0,8,37,18,63,0,0,13,8,21,0,8,50,26,84,0,4,4,88
07/12/2007,MFD,OH,AGL,CE,Combined TRACON& Tower with Radar,0,13,32,11,56,0,0,15,4,19,0,13,47,15,75,20,4,24,99
07/13/2007,MFD,OH,AGL,CE,Combined TRACON& Tower with Radar,0,6,27,3,36,0,0,27,0,27,0,6,54,3,63,12,0,12,75
07/14/2007,MFD,OH,AGL,CE,Combined TRACON& Tower with Radar,0,0,25,0,25,0,0,12,0,12,0,0,37,0,37,14,0,14,51
07/15/2007,MFD,OH,AGL,CE,Combined TRACON& Tower with Radar,0,14,27,6,47,0,0,25,1,26,0,14,52,7,73,6,8,14,87
07/16/2007,MFD,OH,AGL,CE,Combined TRACON& Tower with Radar,0,7,59,0,66,0,1,29,0,30,0,8,88,0,96,18,0,18,114
07/17/2007,MFD,OH,AGL,CE,Combined TRACON& Tower with Radar,0,0,20,11,31,0,0,5,4,9,0,0,25,15,40,26,22,48,88
07/18/2007,MFD,OH,AGL,CE,Combined TRACON& Tower with Radar,0,6,30,15,51,0,0,7,3,10,0,6,37,18,61,22,16,38,99
07/19/2007,MFD,OH,AGL,CE,Combined TRACON& Tower with Radar,0,4,23,6,33,0,0,1,1,2,0,4,24,7,35,0,6,6,41
07/20/2007,MFD,OH,AGL,CE,Combined TRACON& Tower with Radar,0,6,50,2,58,0,0,34,1,35,0,6,84,3,93,14,0,14,107
07/21/2007,MFD,OH,AGL,CE,Combined TRACON& Tower with Radar,0,17,37,2,56,0,0,44,0,44,0,17,81,2,100,28,0,28,128
07/22/2007,MFD,OH,AGL,CE,Combined TRACON& Tower with Radar,0,8,40,3,51,0,0,62,0,62,0,8,102,3,113,20,0,20,133
07/23/2007,MFD,OH,AGL,CE,Combined TRACON& Tower with Radar,0,2,24,1,27,0,0,56,1,57,0,2,80,2,84,0,2,2,86
07/24/2007,MFD,OH,AGL,CE,Combined TRACON& Tower with Radar,0,2,19,0,21,0,0,5,2,7,0,2,24,2,28,0,0,0,28
07/25/2007,MFD,OH,AGL,CE,Combined TRACON& Tower with Radar,0,2,18,6,26,0,0,15,0,15,0,2,33,6,41,0,50,50,91
07/26/2007,MFD,OH,AGL,CE,Combined TRACON& Tower with Radar,0,6,25,8,39,0,0,11,0,11,0,6,36,8,50,0,14,14,64
07/27/2007,MFD,OH,AGL,CE,Combined TRACON& Tower with Radar,0,4,13,2,19,0,0,3,0,3,0,4,16,2,22,26,0,26,48
07/28/2007,MFD,OH,AGL,CE,Combined TRACON& Tower with Radar,0,7,53,2,62,0,0,5,0,5,0,7,58,2,67,0,0,0,67
07/29/2007,MFD,OH,AGL,CE,Combined TRACON& Tower with Radar,0,10,46,0,56,0,0,12,0,12,0,10,58,0,68,2,0,2,70
07/30/2007,MFD,OH,AGL,CE,Combined TRACON& Tower with Radar,0,8,38,3,49,0,0,14,1,15,0,8,52,4,64,0,0,0,64
07/31/2007,MFD,OH,AGL,CE,Combined TRACON& Tower with Radar,0,6,44,10,60,0,0,36,0,36,0,6,80,10,96,8,24,32,128
08/01/2007,MFD,OH,AGL,CE,Combined TRACON& Tower with Radar,0,0,42,14,56,0,0,35,0,35,0,0,77,14,91,24,4,28,119
08/02/2007,MFD,OH,AGL,CE,Combined TRACON& Tower with Radar,0,0,58,17,75,0,0,0,8,8,0,0,58,25,83,8,58,66,149
08/03/2007,MFD,OH,AGL,CE,Combined TRACON& Tower with Radar,0,4,26,9,39,0,0,19,0,19,0,4,45,9,58,8,0,8,66
08/04/2007,MFD,OH,AGL,CE,Combined TRACON& Tower with Radar,0,0,11,2,13,0,0,65,0,65,0,0,76,2,78,8,0,8,86
08/05/2007,MFD,OH,AGL,CE,Combined TRACON& Tower with Radar,0,0,4,1,5,0,0,0,0,0,0,0,4,1,5,0,0,0,5
08/06/2007,MFD,OH,AGL,CE,Combined TRACON& Tower with Radar,0,5,36,1,42,0,0,13,0,13,0,5,49,1,55,32,0,32,87
08/07/2007,MFD,OH,AGL,CE,Combined TRACON& Tower with Radar,0,6,27,17,50,0,0,12,5,17,0,6,39,22,67,16,4,20,87
08/08/2007,MFD,OH,AGL,CE,Combined TRACON& Tower with Radar,0,0,16,14,30,0,0,12,8,20,0,0,28,22,50,34,20,54,104
08/09/2007,MFD,OH,AGL,CE,Combined TRACON& Tower with Radar,0,2,4,9,15,0,0,6,6,12,0,2,10,15,27,0,4,4,31
08/10/2007,MFD,OH,AGL,CE,Combined TRACON& Tower with Radar,0,14,30,3,47,0,0,15,1,16,0,14,45,4,63,28,0,28,91
08/11/2007,MFD,OH,AGL,CE,Combined TRACON& Tower with Radar,0,20,22,0,42,0,0,56,0,56,0,20,78,0,98,26,0,26,124
08/12/2007,MFD,OH,AGL,CE,Combined TRACON& Tower with Radar,0,2,25,8,35,0,0,50,4,54,0,2,75,12,89,26,6,32,121
08/13/2007,MFD,OH,AGL,CE,Combined TRACON& Tower with Radar,0,16,41,2,59,0,4,34,0,38,0,20,75,2,97,84,0,84,181
08/14/2007,MFD,OH,AGL,CE,Combined TRACON& Tower with Radar,0,4,14,7,25,0,0,46,3,49,0,4,60,10,74,94,2,96,170
08/15/2007,MFD,OH,AGL,CE,Combined TRACON& Tower with Radar,0,0,28,9,37,0,0,14,0,14,0,0,42,9,51,6,8,14,65
08/16/2007,MFD,OH,AGL,CE,Combined TRACON& Tower with Radar,0,2,39,3,44,0,0,25,0,25,0,2,64,3,69,30,0,30,99
08/17/2007,MFD,OH,AGL,CE,Combined TRACON& Tower with Radar,0,0,12,5,17,0,0,23,0,23,0,0,35,5,40,12,0,12,52
08/18/2007,MFD,OH,AGL,CE,Combined TRACON& Tower with Radar,0,0,30,1,31,0,0,71,0,71,0,0,101,1,102,24,0,24,126
08/19/2007,MFD,OH,AGL,CE,Combined TRACON& Tower with Radar,0,0,30,0,30,0,0,0,0,0,0,0,30,0,30,0,0,0,30
08/20/2007,MFD,OH,AGL,CE,Combined TRACON& Tower with Radar,0,5,3,0,8,0,0,0,0,0,0,5,3,0,8,0,0,0,8
08/21/2007,MFD,OH,AGL,CE,Combined TRACON& Tower with Radar,0,2,32,27,61,0,0,14,1,15,0,2,46,28,76,0,14,14,90
08/22/2007,MFD,OH,AGL,CE,Combined TRACON& Tower with Radar,0,14,14,6,34,0,3,10,0,13,0,17,24,6,47,36,4,40,87
08/23/2007,MFD,OH,AGL,CE,Combined TRACON& Tower with Radar,0,3,17,15,35,0,0,37,0,37,0,3,54,15,72,12,14,26,98
08/24/2007,MFD,OH,AGL,CE,Combined TRACON& Tower with Radar,0,6,29,6,41,0,0,49,0,49,0,6,78,6,90,34,2,36,126
08/25/2007,MFD,OH,AGL,CE,Combined TRACON& Tower with Radar,0,0,37,0,37,0,0,117,2,119,0,0,154,2,156,98,6,104,260
08/26/2007,MFD,OH,AGL,CE,Combined TRACON& Tower with Radar,0,0,64,1,65,0,0,229,0,229,0,0,293,1,294,98,0,98,392
08/27/2007,MFD,OH,AGL,CE,Combined TRACON& Tower with Radar,0,5,14,8,27,2,0,46,3,51,2,5,60,11,78,54,0,54,132
08/28/2007,MFD,OH,AGL,CE,Combined TRACON& Tower with Radar,0,4,66,13,83,0,0,48,3,51,0,4,114,16,134,92,26,118,252
08/29/2007,MFD,OH,AGL,CE,Combined TRACON& Tower with Radar,0,8,33,12,53,0,0,32,10,42,0,8,65,22,95,24,34,58,153
08/30/2007,MFD,OH,AGL,CE,Combined TRACON& Tower with Radar,0,4,30,5,39,0,0,8,1,9,0,4,38,6,48,2,0,2,50
08/31/2007,MFD,OH,AGL,CE,Combined TRACON& Tower with Radar,0,16,28,2,46,0,0,48,1,49,0,16,76,3,95,26,0,26,121
09/01/2007,MFD,OH,AGL,CE,Combined TRACON& Tower with Radar,0,2,29,2,33,0,0,85,2,87,0,2,114,4,120,16,4,20,140
09/02/2007,MFD,OH,AGL,CE,Combined TRACON& Tower with Radar,0,8,29,0,37,0,5,60,0,65,0,13,89,0,102,16,0,16,118
09/03/2007,MFD,OH,AGL,CE,Combined TRACON& Tower with Radar,0,10,31,0,41,0,0,27,0,27,0,10,58,0,68,22,0,22,90
09/04/2007,MFD,OH,AGL,CE,Combined TRACON& Tower with Radar,0,0,61,11,72,0,0,22,13,35,0,0,83,24,107,60,22,82,189
09/05/2007,MFD,OH,AGL,CE,Combined TRACON& Tower with Radar,0,0,47,7,54,0,0,38,0,38,0,0,85,7,92,44,0,44,136
09/06/2007,MFD,OH,AGL,CE,Combined TRACON& Tower with Radar,0,0,31,14,45,0,0,29,10,39,0,0,60,24,84,12,34,46,130
09/07/2007,MFD,OH,AGL,CE,Combined TRACON& Tower with Radar,0,4,11,0,15,0,0,11,0,11,0,4,22,0,26,0,0,0,26
09/08/2007,MFD,OH,AGL,CE,Combined TRACON& Tower with Radar,0,0,16,2,18,0,0,3,0,3,0,0,19,2,21,10,0,10,31
09/09/2007,MFD,OH,AGL,CE,Combined TRACON& Tower with Radar,0,20,9,4,33,0,4,0,0,4,0,24,9,4,37,0,0,0,37
09/10/2007,MFD,OH,AGL,CE,Combined TRACON& Tower with Radar,0,23,30,0,53,0,1,25,0,26,0,24,55,0,79,40,0,40,119
09/11/2007,MFD,OH,AGL,CE,Combined TRACON& Tower with Radar,0,10,27,9,46,0,2,5,11,18,0,12,32,20,64,2,14,16,80
09/12/2007,MFD,OH,AGL,CE,Combined TRACON& Tower with Radar,0,0,30,4,34,0,0,39,2,41,0,0,69,6,75,40,4,44,119
09/13/2007,MFD,OH,AGL,CE,Combined TRACON& Tower with Radar,0,8,49,3,60,0,0,42,1,43,0,8,91,4,103,56,0,56,159
09/14/2007,MFD,OH,AGL,CE,Combined TRACON& Tower with Radar,0,6,16,8,30,0,0,42,0,42,0,6,58,8,72,16,0,16,88
09/15/2007,MFD,OH,AGL,CE,Combined TRACON& Tower with Radar,0,6,24,0,30,0,0,36,0,36,0,6,60,0,66,14,0,14,80
09/16/2007,MFD,OH,AGL,CE,Combined TRACON& Tower with Radar,0,4,16,0,20,0,0,96,0,96,0,4,112,0,116,24,0,24,140
09/17/2007,MFD,OH,AGL,CE,Combined TRACON& Tower with Radar,0,4,21,8,33,0,0,22,0,22,0,4,43,8,55,6,0,6,61
09/18/2007,MFD,OH,AGL,CE,Combined TRACON& Tower with Radar,0,0,42,9,51,0,0,24,3,27,0,0,66,12,78,14,8,22,100
09/19/2007,MFD,OH,AGL,CE,Combined TRACON& Tower with Radar,0,6,14,16,36,0,0,32,18,50,0,6,46,34,86,34,32,66,152
09/20/2007,MFD,OH,AGL,CE,Combined TRACON& Tower with Radar,0,10,31,6,47,0,0,12,14,26,0,10,43,20,73,38,0,38,111
09/21/2007,MFD,OH,AGL,CE,Combined TRACON& Tower with Radar,0,8,19,0,27,0,0,21,0,21,0,8,40,0,48,22,0,22,70
09/22/2007,MFD,OH,AGL,CE,Combined TRACON& Tower with Radar,0,4,29,0,33,0,0,26,0,26,0,4,55,0,59,10,0,10,69
09/23/2007,MFD,OH,AGL,CE,Combined TRACON& Tower with Radar,0,4,23,1,28,0,0,54,0,54,0,4,77,1,82,14,0,14,96
09/24/2007,MFD,OH,AGL,CE,Combined TRACON& Tower with Radar,0,4,15,0,19,0,0,28,0,28,0,4,43,0,47,12,0,12,59
09/25/2007,MFD,OH,AGL,CE,Combined TRACON& Tower with Radar,0,4,47,5,56,0,0,9,5,14,0,4,56,10,70,8,0,8,78
09/26/2007,MFD,OH,AGL,CE,Combined TRACON& Tower with Radar,0,10,15,10,35,0,2,0,0,2,0,12,15,10,37,0,0,0,37
09/27/2007,MFD,OH,AGL,CE,Combined TRACON& Tower with Radar,0,2,28,4,34,0,0,3,0,3,0,2,31,4,37,2,6,8,45
09/28/2007,MFD,OH,AGL,CE,Combined TRACON& Tower with Radar,0,2,40,0,42,0,0,22,0,22,0,2,62,0,64,2,0,2,66
09/29/2007,MFD,OH,AGL,CE,Combined TRACON& Tower with Radar,0,0,24,0,24,0,0,50,0,50,0,0,74,0,74,6,0,6,80
09/30/2007,MFD,OH,AGL,CE,Combined TRACON& Tower with Radar,0,7,24,1,32,0,0,48,0,48,0,7,72,1,80,0,0,0,80
10/01/2007,MFD,OH,AGL,CE,Combined TRACON& Tower with Radar,0,8,11,2,21,0,0,6,0,6,0,8,17,2,27,2,0,2,29
10/02/2007,MFD,OH,AGL,CE,Combined TRACON& Tower with Radar,0,2,30,8,40,0,0,12,0,12,0,2,42,8,52,6,2,8,60
10/03/2007,MFD,OH,AGL,CE,Combined TRACON& Tower with Radar,0,4,9,5,18,0,0,16,1,17,0,4,25,6,35,0,4,4,39
10/04/2007,MFD,OH,AGL,CE,Combined TRACON& Tower with Radar,0,13,49,2,64,0,0,34,0,34,0,13,83,2,98,0,0,0,98
10/05/2007,MFD,OH,AGL,CE,Combined TRACON& Tower with Radar,0,15,24,0,39,0,0,33,0,33,0,15,57,0,72,26,0,26,98
10/06/2007,MFD,OH,AGL,CE,Combined TRACON& Tower with Radar,0,2,9,1,12,0,0,72,0,72,0,2,81,1,84,46,0,46,130
10/07/2007,MFD,OH,AGL,CE,Combined TRACON& Tower with Radar,0,2,25,0,27,0,0,43,0,43,0,2,68,0,70,2,0,2,72
10/08/2007,MFD,OH,AGL,CE,Combined TRACON& Tower with Radar,0,0,41,0,41,0,0,28,0,28,0,0,69,0,69,34,0,34,103
10/09/2007,MFD,OH,AGL,CE,Combined TRACON& Tower with Radar,0,14,25,10,49,0,0,21,6,27,0,14,46,16,76,16,10,26,102
10/10/2007,MFD,OH,AGL,CE,Combined TRACON& Tower with Radar,0,4,11,15,30,0,0,7,0,7,0,4,18,15,37,4,8,12,49
10/11/2007,MFD,OH,AGL,CE,Combined TRACON& Tower with Radar,0,4,31,22,57,0,0,0,4,4,0,4,31,26,61,0,0,0,61
10/12/2007,MFD,OH,AGL,CE,Combined TRACON& Tower with Radar,0,4,47,2,53,0,0,13,0,13,0,4,60,2,66,12,0,12,78
10/13/2007,MFD,OH,AGL,CE,Combined TRACON& Tower with Radar,0,0,29,0,29,0,0,59,0,59,0,0,88,0,88,28,0,28,116
10/14/2007,MFD,OH,AGL,CE,Combined TRACON& Tower with Radar,0,0,30,11,41,0,0,80,1,81,0,0,110,12,122,10,10,20,142
10/15/2007,MFD,OH,AGL,CE,Combined TRACON& Tower with Radar,0,2,28,2,32,0,0,16,4,20,0,2,44,6,52,14,0,14,66
10/16/2007,MFD,OH,AGL,CE,Combined TRACON& Tower with Radar,0,1,19,8,28,0,1,3,0,4,0,2,22,8,32,4,20,24,56
10/17/2007,MFD,OH,AGL,CE,Combined TRACON& Tower with Radar,0,4,18,5,27,0,0,16,5,21,0,4,34,10,48,0,10,10,58
10/18/2007,MFD,OH,AGL,CE,Combined TRACON& Tower with Radar,0,6,8,14,28,0,0,6,4,10,0,6,14,18,38,0,14,14,52
10/19/2007,MFD,OH,AGL,CE,Combined TRACON& Tower with Radar,0,10,6,6,22,0,0,5,0,5,0,10,11,6,27,0,10,10,37
10/20/2007,MFD,OH,AGL,CE,Combined TRACON& Tower with Radar,0,0,10,4,14,0,0,23,0,23,0,0,33,4,37,6,0,6,43
10/21/2007,MFD,OH,AGL,CE,Combined TRACON& Tower with Radar,0,7,11,0,18,0,0,20,1,21,0,7,31,1,39,8,0,8,47
10/22/2007,MFD,OH,AGL,CE,Combined TRACON& Tower with Radar,0,1,1,0,2,0,0,30,0,30,0,1,31,0,32,2,0,2,34
10/23/2007,MFD,OH,AGL,CE,Combined TRACON& Tower with Radar,0,3,17,4,24,0,0,2,0,2,0,3,19,4,26,0,0,0,26
10/24/2007,MFD,OH,AGL,CE,Combined TRACON& Tower with Radar,0,1,36,0,37,0,0,0,0,0,0,1,36,0,37,0,0,0,37
10/25/2007,MFD,OH,AGL,CE,Combined TRACON& Tower with Radar,0,4,14,5,23,0,0,18,5,23,0,4,32,10,46,6,20,26,72
10/26/2007,MFD,OH,AGL,CE,Combined TRACON& Tower with Radar,0,4,20,5,29,0,6,0,0,6,0,10,20,5,35,0,4,4,39
10/27/2007,MFD,OH,AGL,CE,Combined TRACON& Tower with Radar,0,4,16,0,20,0,4,0,0,4,0,8,16,0,24,8,0,8,32
10/28/2007,MFD,OH,AGL,CE,Combined TRACON& Tower with Radar,0,1,18,0,19,0,2,58,0,60,0,3,76,0,79,8,0,8,87
10/29/2007,MFD,OH,AGL,CE,Combined TRACON& Tower with Radar,0,3,32,0,35,0,0,34,0,34,0,3,66,0,69,18,0,18,87
10/30/2007,MFD,OH,AGL,CE,Combined TRACON& Tower with Radar,0,6,56,20,82,0,0,22,0,22,0,6,78,20,104,32,42,74,178
10/31/2007,MFD,OH,AGL,CE,Combined TRACON& Tower with Radar,0,8,20,4,32,0,4,21,0,25,0,12,41,4,57,4,0,4,61
11/01/2007,MFD,OH,AGL,CE,Combined TRACON& Tower with Radar,0,1,16,8,25,0,0,17,3,20,0,1,33,11,45,2,10,12,57
11/02/2007,MFD,OH,AGL,CE,Combined TRACON& Tower with Radar,0,2,41,1,44,0,0,58,0,58,0,2,99,1,102,32,0,32,134
11/03/2007,MFD,OH,AGL,CE,Combined TRACON& Tower with Radar,0,0,6,4,10,0,0,66,0,66,0,0,72,4,76,24,0,24,100
11/04/2007,MFD,OH,AGL,CE,Combined TRACON& Tower with Radar,0,0,18,6,24,0,0,66,6,72,0,0,84,12,96,24,12,36,132
11/05/2007,MFD,OH,AGL,CE,Combined TRACON& Tower with Radar,0,4,4,0,8,0,0,6,0,6,0,4,10,0,14,4,0,4,18
11/06/2007,MFD,OH,AGL,CE,Combined TRACON& Tower with Radar,0,0,7,8,15,0,0,0,0,0,0,0,7,8,15,0,14,14,29
11/07/2007,MFD,OH,AGL,CE,Combined TRACON& Tower with Radar,0,0,9,11,20,0,0,10,0,10,0,0,19,11,30,6,18,24,54
11/08/2007,MFD,OH,AGL,CE,Combined TRACON& Tower with Radar,0,0,7,14,21,0,0,33,2,35,0,0,40,16,56,36,34,70,126
11/09/2007,MFD,OH,AGL,CE,Combined TRACON& Tower with Radar,0,2,12,0,14,0,0,16,4,20,0,2,28,4,34,14,0,14,48
11/10/2007,MFD,OH,AGL,CE,Combined TRACON& Tower with Radar,0,8,17,0,25,0,0,2,0,2,0,8,19,0,27,2,0,2,29
11/11/2007,MFD,OH,AGL,CE,Combined TRACON& Tower with Radar,0,6,6,1,13,0,0,6,0,6,0,6,12,1,19,4,0,4,23
11/12/2007,MFD,OH,AGL,CE,Combined TRACON& Tower with Radar,0,0,10,0,10,0,0,5,0,5,0,0,15,0,15,0,0,0,15
11/13/2007,MFD,OH,AGL,CE,Combined TRACON& Tower with Radar,0,2,15,13,30,0,0,14,2,16,0,2,29,15,46,26,28,54,100
11/14/2007,MFD,OH,AGL,CE,Combined TRACON& Tower with Radar,0,2,20,10,32,0,0,10,14,24,0,2,30,24,56,8,34,42,98
11/15/2007,MFD,OH,AGL,CE,Combined TRACON& Tower with Radar,0,13,10,9,32,0,0,1,0,1,0,13,11,9,33,4,0,4,37
11/16/2007,MFD,OH,AGL,CE,Combined TRACON& Tower with Radar,0,2,14,1,17,0,0,9,0,9,0,2,23,1,26,2,0,2,28
11/17/2007,MFD,OH,AGL,CE,Combined TRACON& Tower with Radar,0,0,3,1,4,0,0,27,0,27,0,0,30,1,31,40,0,40,71
11/18/2007,MFD,OH,AGL,CE,Combined TRACON& Tower with Radar,0,0,22,2,24,0,0,6,0,6,0,0,28,2,30,16,0,16,46
11/19/2007,MFD,OH,AGL,CE,Combined TRACON& Tower with Radar,0,2,39,2,43,0,0,17,0,17,0,2,56,2,60,6,0,6,66
11/20/2007,MFD,OH,AGL,CE,Combined TRACON& Tower with Radar,0,4,14,2,20,0,0,4,0,4,0,4,18,2,24,0,0,0,24
11/21/2007,MFD,OH,AGL,CE,Combined TRACON& Tower with Radar,0,0,11,16,27,0,0,1,2,3,0,0,12,18,30,0,40,40,70
11/22/2007,MFD,OH,AGL,CE,Combined TRACON& Tower with Radar,0,0,2,0,2,0,0,0,0,0,0,0,2,0,2,0,0,0,2
11/23/2007,MFD,OH,AGL,CE,Combined TRACON& Tower with Radar,0,2,13,0,15,0,0,33,0,33,0,2,46,0,48,10,0,10,58
11/24/2007,MFD,OH,AGL,CE,Combined TRACON& Tower with Radar,0,0,21,0,21,0,0,50,0,50,0,0,71,0,71,12,0,12,83
11/25/2007,MFD,OH,AGL,CE,Combined TRACON& Tower with Radar,0,0,23,0,23,0,0,59,0,59,0,0,82,0,82,2,0,2,84
11/26/2007,MFD,OH,AGL,CE,Combined TRACON& Tower with Radar,0,1,2,1,4,0,1,0,0,1,0,2,2,1,5,0,0,0,5
11/27/2007,MFD,OH,AGL,CE,Combined TRACON& Tower with Radar,0,0,7,8,15,0,0,11,3,14,0,0,18,11,29,6,2,8,37
11/28/2007,MFD,OH,AGL,CE,Combined TRACON& Tower with Radar,0,2,22,16,40,0,0,28,0,28,0,2,50,16,68,14,18,32,100
11/29/2007,MFD,OH,AGL,CE,Combined TRACON& Tower with Radar,0,8,11,4,23,0,0,1,0,1,0,8,12,4,24,2,0,2,26
11/30/2007,MFD,OH,AGL,CE,Combined TRACON& Tower with Radar,0,12,11,4,27,0,0,12,0,12,0,12,23,4,39,14,2,16,55
12/01/2007,MFD,OH,AGL,CE,Combined TRACON& Tower with Radar,0,6,64,0,70,0,1,48,0,49,0,7,112,0,119,29,0,29,148
12/02/2007,MFD,OH,AGL,CE,Combined TRACON& Tower with Radar,0,2,5,10,17,0,0,0,0,0,0,2,5,10,17,0,0,0,17
12/03/2007,MFD,OH,AGL,CE,Combined TRACON& Tower with Radar,0,4,3,0,7,0,0,0,0,0,0,4,3,0,7,0,0,0,7
12/04/2007,MFD,OH,AGL,CE,Combined TRACON& Tower with Radar,0,8,11,8,27,0,0,10,4,14,0,8,21,12,41,2,20,22,63
12/05/2007,MFD,OH,AGL,CE,Combined TRACON& Tower with Radar,0,0,4,2,6,0,0,2,0,2,0,0,6,2,8,0,0,0,8
12/06/2007,MFD,OH,AGL,CE,Combined TRACON& Tower with Radar,0,0,14,14,28,0,0,19,0,19,0,0,33,14,47,16,32,48,95
12/07/2007,MFD,OH,AGL,CE,Combined TRACON& Tower with Radar,0,2,8,0,10,0,0,0,0,0,0,2,8,0,10,0,0,0,10
12/08/2007,MFD,OH,AGL,CE,Combined TRACON& Tower with Radar,0,2,15,0,17,0,0,9,0,9,0,2,24,0,26,20,0,20,46
12/09/2007,MFD,OH,AGL,CE,Combined TRACON& Tower with Radar,0,0,0,0,0,0,0,0,0,0,0,0,0,0,0,0,0,0,0
12/10/2007,MFD,OH,AGL,CE,Combined TRACON& Tower with Radar,0,0,1,1,2,0,0,0,0,0,0,0,1,1,2,0,0,0,2
12/11/2007,MFD,OH,AGL,CE,Combined TRACON& Tower with Radar,0,0,5,11,16,0,0,0,0,0,0,0,5,11,16,0,0,0,16
12/12/2007,MFD,OH,AGL,CE,Combined TRACON& Tower with Radar,0,0,8,33,41,0,0,16,11,27,0,0,24,44,68,14,50,64,132
12/13/2007,MFD,OH,AGL,CE,Combined TRACON& Tower with Radar,0,0,4,10,14,0,0,0,0,0,0,0,4,10,14,0,10,10,24
12/14/2007,MFD,OH,AGL,CE,Combined TRACON& Tower with Radar,0,4,23,3,30,0,0,0,0,0,0,4,23,3,30,0,0,0,30
12/15/2007,MFD,OH,AGL,CE,Combined TRACON& Tower with Radar,0,0,5,1,6,0,0,12,0,12,0,0,17,1,18,16,0,16,34
12/16/2007,MFD,OH,AGL,CE,Combined TRACON& Tower with Radar,0,0,0,0,0,0,0,0,0,0,0,0,0,0,0,0,0,0,0
12/17/2007,MFD,OH,AGL,CE,Combined TRACON& Tower with Radar,0,0,7,0,7,0,0,0,0,0,0,0,7,0,7,0,0,0,7
12/18/2007,MFD,OH,AGL,CE,Combined TRACON& Tower with Radar,0,0,29,6,35,0,0,65,0,65,0,0,94,6,100,52,42,94,194
12/19/2007,MFD,OH,AGL,CE,Combined TRACON& Tower with Radar,0,0,10,12,22,0,0,3,2,5,0,0,13,14,27,8,20,28,55
12/20/2007,MFD,OH,AGL,CE,Combined TRACON& Tower with Radar,0,0,21,0,21,0,0,12,2,14,0,0,33,2,35,18,0,18,53
12/21/2007,MFD,OH,AGL,CE,Combined TRACON& Tower with Radar,0,0,19,0,19,0,0,0,0,0,0,0,19,0,19,6,0,6,25
12/22/2007,MFD,OH,AGL,CE,Combined TRACON& Tower with Radar,0,0,15,0,15,0,0,27,0,27,0,0,42,0,42,32,0,32,74
12/23/2007,MFD,OH,AGL,CE,Combined TRACON& Tower with Radar,0,0,4,0,4,0,0,0,0,0,0,0,4,0,4,0,0,0,4
12/24/2007,MFD,OH,AGL,CE,Combined TRACON& Tower with Radar,0,2,0,0,2,0,0,1,0,1,0,2,1,0,3,8,0,8,11
12/25/2007,MFD,OH,AGL,CE,Combined TRACON& Tower with Radar,0,0,8,0,8,0,0,13,0,13,0,0,21,0,21,0,0,0,21
12/26/2007,MFD,OH,AGL,CE,Combined TRACON& Tower with Radar,0,0,15,0,15,0,0,37,0,37,0,0,52,0,52,18,0,18,70
12/27/2007,MFD,OH,AGL,CE,Combined TRACON& Tower with Radar,0,0,1,14,15,0,0,0,0,0,0,0,1,14,15,0,0,0,15
12/28/2007,MFD,OH,AGL,CE,Combined TRACON& Tower with Radar,0,3,2,0,5,0,0,10,0,10,0,3,12,0,15,20,0,20,35
12/29/2007,MFD,OH,AGL,CE,Combined TRACON& Tower with Radar,0,0,0,0,0,0,0,42,0,42,0,0,42,0,42,0,0,0,42
12/30/2007,MFD,OH,AGL,CE,Combined TRACON& Tower with Radar,0,7,47,0,54,0,0,11,0,11,0,7,58,0,65,4,0,4,69
12/31/2007,MFD,OH,AGL,CE,Combined TRACON& Tower with Radar,0,0,5,0,5,0,0,6,0,6,0,0,11,0,11,46,0,46,57
01/01/2008,MFD,OH,AGL,CE,Combined TRACON& Tower with Radar,0,0,2,0,2,0,0,0,0,0,0,0,2,0,2,0,0,0,2
01/02/2008,MFD,OH,AGL,CE,Combined TRACON& Tower with Radar,0,0,1,25,26,0,0,0,2,2,0,0,1,27,28,0,2,2,30
01/03/2008,MFD,OH,AGL,CE,Combined TRACON& Tower with Radar,0,0,18,5,23,0,0,2,0,2,0,0,20,5,25,0,10,10,35
01/04/2008,MFD,OH,AGL,CE,Combined TRACON& Tower with Radar,0,0,16,5,21,0,0,29,4,33,0,0,45,9,54,6,14,20,74
01/05/2008,MFD,OH,AGL,CE,Combined TRACON& Tower with Radar,0,0,1,0,1,0,0,0,0,0,0,0,1,0,1,0,0,0,1
01/06/2008,MFD,OH,AGL,CE,Combined TRACON& Tower with Radar,0,0,12,3,15,0,0,0,0,0,0,0,12,3,15,0,0,0,15
01/07/2008,MFD,OH,AGL,CE,Combined TRACON& Tower with Radar,0,0,6,1,7,0,0,12,0,12,0,0,18,1,19,6,0,6,25
01/08/2008,MFD,OH,AGL,CE,Combined TRACON& Tower with Radar,0,2,5,20,27,0,0,0,0,0,0,2,5,20,27,2,0,2,29
01/09/2008,MFD,OH,AGL,CE,Combined TRACON& Tower with Radar,0,4,12,22,38,0,0,14,4,18,0,4,26,26,56,12,26,38,94
01/10/2008,MFD,OH,AGL,CE,Combined TRACON& Tower with Radar,0,6,13,18,37,0,0,20,0,20,0,6,33,18,57,2,6,8,65
01/11/2008,MFD,OH,AGL,CE,Combined TRACON& Tower with Radar,0,0,8,0,8,0,0,0,0,0,0,0,8,0,8,0,0,0,8
01/12/2008,MFD,OH,AGL,CE,Combined TRACON& Tower with Radar,0,5,28,0,33,0,0,42,0,42,0,5,70,0,75,16,0,16,91
01/13/2008,MFD,OH,AGL,CE,Combined TRACON& Tower with Radar,0,0,3,7,10,0,0,11,3,14,0,0,14,10,24,2,2,4,28
01/14/2008,MFD,OH,AGL,CE,Combined TRACON& Tower with Radar,0,1,0,2,3,0,0,0,0,0,0,1,0,2,3,0,0,0,3
01/15/2008,MFD,OH,AGL,CE,Combined TRACON& Tower with Radar,0,3,6,40,49,0,0,0,6,6,0,3,6,46,55,0,32,32,87
01/16/2008,MFD,OH,AGL,CE,Combined TRACON& Tower with Radar,0,0,44,17,61,0,0,37,15,52,0,0,81,32,113,26,26,52,165
01/17/2008,MFD,OH,AGL,CE,Combined TRACON& Tower with Radar,0,0,15,8,23,0,0,0,0,0,0,0,15,8,23,1,0,1,24
01/18/2008,MFD,OH,AGL,CE,Combined TRACON& Tower with Radar,2,10,25,7,44,0,0,21,0,21,2,10,46,7,65,22,0,22,87
01/19/2008,MFD,OH,AGL,CE,Combined TRACON& Tower with Radar,0,2,6,2,10,0,0,16,0,16,0,2,22,2,26,2,0,2,28
01/20/2008,MFD,OH,AGL,CE,Combined TRACON& Tower with Radar,0,0,3,0,3,0,0,5,0,5,0,0,8,0,8,0,0,0,8
01/21/2008,MFD,OH,AGL,CE,Combined TRACON& Tower with Radar,0,0,18,0,18,0,0,0,0,0,0,0,18,0,18,15,0,15,33
01/22/2008,MFD,OH,AGL,CE,Combined TRACON& Tower with Radar,0,0,6,14,20,0,0,5,0,5,0,0,11,14,25,0,6,6,31
01/23/2008,MFD,OH,AGL,CE,Combined TRACON& Tower with Radar,0,0,42,11,53,0,0,26,0,26,0,0,68,11,79,24,26,50,129
01/24/2008,MFD,OH,AGL,CE,Combined TRACON& Tower with Radar,0,0,2,14,16,0,0,1,0,1,0,0,3,14,17,0,6,6,23
01/25/2008,MFD,OH,AGL,CE,Combined TRACON& Tower with Radar,0,6,40,8,54,0,0,22,0,22,0,6,62,8,76,28,0,28,104
01/26/2008,MFD,OH,AGL,CE,Combined TRACON& Tower with Radar,0,0,5,0,5,0,0,20,4,24,0,0,25,4,29,4,0,4,33
01/27/2008,MFD,OH,AGL,CE,Combined TRACON& Tower with Radar,0,0,9,1,10,0,0,0,0,0,0,0,9,1,10,0,0,0,10
01/28/2008,MFD,OH,AGL,CE,Combined TRACON& Tower with Radar,0,4,19,0,23,0,0,23,0,23,0,4,42,0,46,0,0,0,46
01/29/2008,MFD,OH,AGL,CE,Combined TRACON& Tower with Radar,0,0,1,16,17,0,0,0,0,0,0,0,1,16,17,0,0,0,17
01/30/2008,MFD,OH,AGL,CE,Combined TRACON& Tower with Radar,0,4,3,16,23,0,0,8,0,8,0,4,11,16,31,6,6,12,43
01/31/2008,MFD,OH,AGL,CE,Combined TRACON& Tower with Radar,0,2,35,12,49,0,0,18,0,18,0,2,53,12,67,4,16,20,87
02/01/2008,MFD,OH,AGL,CE,Combined TRACON& Tower with Radar,0,0,4,1,5,0,0,0,0,0,0,0,4,1,5,0,0,0,5
02/02/2008,MFD,OH,AGL,CE,Combined TRACON& Tower with Radar,0,0,7,0,7,0,0,5,0,5,0,0,12,0,12,2,0,2,14
02/03/2008,MFD,OH,AGL,CE,Combined TRACON& Tower with Radar,0,0,20,3,23,0,0,5,0,5,0,0,25,3,28,0,0,0,28
02/04/2008,MFD,OH,AGL,CE,Combined TRACON& Tower with Radar,0,0,0,0,0,0,0,0,0,0,0,0,0,0,0,0,0,0,0
02/05/2008,MFD,OH,AGL,CE,Combined TRACON& Tower with Radar,0,2,16,2,20,0,0,0,0,0,0,2,16,2,20,0,0,0,20
02/06/2008,MFD,OH,AGL,CE,Combined TRACON& Tower with Radar,0,0,1,6,7,0,0,0,0,0,0,0,1,6,7,0,0,0,7
02/07/2008,MFD,OH,AGL,CE,Combined TRACON& Tower with Radar,0,0,1,5,6,0,0,2,0,2,0,0,3,5,8,0,0,0,8
02/08/2008,MFD,OH,AGL,CE,Combined TRACON& Tower with Radar,0,0,26,1,27,0,0,9,0,9,0,0,35,1,36,22,0,22,58
02/09/2008,MFD,OH,AGL,CE,Combined TRACON& Tower with Radar,0,1,15,0,16,0,0,24,0,24,0,1,39,0,40,14,0,14,54
02/10/2008,MFD,OH,AGL,CE,Combined TRACON& Tower with Radar,0,5,1,0,6,0,0,0,0,0,0,5,1,0,6,0,0,0,6
02/11/2008,MFD,OH,AGL,CE,Combined TRACON& Tower with Radar,0,0,17,1,18,0,0,15,0,15,0,0,32,1,33,24,0,24,57
02/12/2008,MFD,OH,AGL,CE,Combined TRACON& Tower with Radar,0,10,0,0,10,0,0,0,0,0,0,10,0,0,10,0,0,0,10
02/13/2008,MFD,OH,AGL,CE,Combined TRACON& Tower with Radar,0,6,5,0,11,0,0,4,2,6,0,6,9,2,17,0,0,0,17
02/14/2008,MFD,OH,AGL,CE,Combined TRACON& Tower with Radar,0,0,37,9,46,0,0,16,9,25,0,0,53,18,71,10,12,22,93
02/15/2008,MFD,OH,AGL,CE,Combined TRACON& Tower with Radar,0,0,7,1,8,0,0,4,0,4,0,0,11,1,12,6,0,6,18
02/16/2008,MFD,OH,AGL,CE,Combined TRACON& Tower with Radar,0,4,54,0,58,0,0,92,0,92,0,4,146,0,150,46,0,46,196
02/17/2008,MFD,OH,AGL,CE,Combined TRACON& Tower with Radar,0,0,4,0,4,0,0,0,0,0,0,0,4,0,4,2,0,2,6
02/18/2008,MFD,OH,AGL,CE,Combined TRACON& Tower with Radar,0,1,4,0,5,0,0,0,0,0,0,1,4,0,5,0,0,0,5
02/19/2008,MFD,OH,AGL,CE,Combined TRACON& Tower with Radar,0,1,6,25,32,0,0,3,1,4,0,1,9,26,36,2,14,16,52
02/20/2008,MFD,OH,AGL,CE,Combined TRACON& Tower with Radar,0,0,25,15,40,0,0,2,1,3,0,0,27,16,43,0,16,16,59
02/21/2008,MFD,OH,AGL,CE,Combined TRACON& Tower with Radar,0,2,40,9,51,0,0,28,6,34,0,2,68,15,85,10,10,20,105
02/22/2008,MFD,OH,AGL,CE,Combined TRACON& Tower with Radar,0,0,9,1,10,0,0,1,0,1,0,0,10,1,11,0,0,0,11
02/23/2008,MFD,OH,AGL,CE,Combined TRACON& Tower with Radar,0,0,26,0,26,0,0,31,2,33,0,0,57,2,59,20,0,20,79
02/24/2008,MFD,OH,AGL,CE,Combined TRACON& Tower with Radar,0,0,43,0,43,0,0,57,0,57,0,0,100,0,100,22,0,22,122
02/25/2008,MFD,OH,AGL,CE,Combined TRACON& Tower with Radar,0,2,25,1,28,0,0,2,0,2,0,2,27,1,30,10,0,10,40
02/26/2008,MFD,OH,AGL,CE,Combined TRACON& Tower with Radar,0,0,1,0,1,0,0,0,0,0,0,0,1,0,1,0,0,0,1
02/27/2008,MFD,OH,AGL,CE,Combined TRACON& Tower with Radar,0,0,13,14,27,0,0,5,11,16,0,0,18,25,43,0,8,8,51
02/28/2008,MFD,OH,AGL,CE,Combined TRACON& Tower with Radar,0,2,28,21,51,0,0,21,1,22,0,2,49,22,73,0,18,18,91
02/29/2008,MFD,OH,AGL,CE,Combined TRACON& Tower with Radar,0,0,3,1,4,0,0,0,0,0,0,0,3,1,4,2,0,2,6
03/01/2008,MFD,OH,AGL,CE,Combined TRACON& Tower with Radar,0,2,28,0,30,0,0,20,0,20,0,2,48,0,50,12,0,12,62
03/02/2008,MFD,OH,AGL,CE,Combined TRACON& Tower with Radar,0,4,32,0,36,0,0,43,0,43,0,4,75,0,79,16,0,16,95
03/03/2008,MFD,OH,AGL,CE,Combined TRACON& Tower with Radar,0,0,0,0,0,0,0,14,0,14,0,0,14,0,14,0,0,0,14
03/04/2008,MFD,OH,AGL,CE,Combined TRACON& Tower with Radar,0,0,0,0,0,0,0,0,0,0,0,0,0,0,0,0,0,0,0
03/05/2008,MFD,OH,AGL,CE,Combined TRACON& Tower with Radar,0,4,22,2,28,0,0,0,0,0,0,4,22,2,28,0,0,0,28
03/06/2008,MFD,OH,AGL,CE,Combined TRACON& Tower with Radar,0,2,14,12,28,0,0,0,3,3,0,2,14,15,31,0,26,26,57
03/07/2008,MFD,OH,AGL,CE,Combined TRACON& Tower with Radar,0,0,3,1,4,0,0,1,0,1,0,0,4,1,5,0,0,0,5
03/08/2008,MFD,OH,AGL,CE,Combined TRACON& Tower with Radar,0,0,0,0,0,0,0,0,0,0,0,0,0,0,0,0,0,0,0
03/09/2008,MFD,OH,AGL,CE,Combined TRACON& Tower with Radar,0,4,2,1,7,0,0,6,0,6,0,4,8,1,13,4,0,4,17
03/10/2008,MFD,OH,AGL,CE,Combined TRACON& Tower with Radar,0,4,10,0,14,0,0,0,0,0,0,4,10,0,14,0,0,0,14
03/11/2008,MFD,OH,AGL,CE,Combined TRACON& Tower with Radar,0,6,8,29,43,0,0,0,5,5,0,6,8,34,48,4,58,62,110
03/12/2008,MFD,OH,AGL,CE,Combined TRACON& Tower with Radar,0,4,47,20,71,0,0,27,11,38,0,4,74,31,109,26,6,32,141
03/13/2008,MFD,OH,AGL,CE,Combined TRACON& Tower with Radar,0,2,8,11,21,0,0,12,2,14,0,2,20,13,35,0,0,0,35
03/14/2008,MFD,OH,AGL,CE,Combined TRACON& Tower with Radar,0,2,10,0,12,0,0,0,0,0,0,2,10,0,12,0,0,0,12
03/15/2008,MFD,OH,AGL,CE,Combined TRACON& Tower with Radar,0,2,19,0,21,0,0,6,0,6,0,2,25,0,27,6,0,6,33
03/16/2008,MFD,OH,AGL,CE,Combined TRACON& Tower with Radar,0,5,48,1,54,0,1,39,2,42,0,6,87,3,96,28,0,28,124
03/17/2008,MFD,OH,AGL,CE,Combined TRACON& Tower with Radar,0,0,14,1,15,0,0,36,0,36,0,0,50,1,51,20,0,20,71
03/18/2008,MFD,OH,AGL,CE,Combined TRACON& Tower with Radar,0,0,15,24,39,0,0,0,0,0,0,0,15,24,39,0,0,0,39
03/19/2008,MFD,OH,AGL,CE,Combined TRACON& Tower with Radar,0,0,4,0,4,0,0,0,0,0,0,0,4,0,4,0,0,0,4
03/20/2008,MFD,OH,AGL,CE,Combined TRACON& Tower with Radar,0,2,15,14,31,0,0,15,14,29,0,2,30,28,60,16,18,34,94
03/21/2008,MFD,OH,AGL,CE,Combined TRACON& Tower with Radar,0,0,17,4,21,0,0,17,0,17,0,0,34,4,38,16,1,17,55
03/22/2008,MFD,OH,AGL,CE,Combined TRACON& Tower with Radar,0,0,1,0,1,0,0,4,0,4,0,0,5,0,5,0,0,0,5
03/23/2008,MFD,OH,AGL,CE,Combined TRACON& Tower with Radar,0,6,7,1,14,0,0,18,0,18,0,6,25,1,32,6,0,6,38
03/24/2008,MFD,OH,AGL,CE,Combined TRACON& Tower with Radar,0,0,9,1,10,0,0,11,0,11,0,0,20,1,21,14,0,14,35
03/25/2008,MFD,OH,AGL,CE,Combined TRACON& Tower with Radar,0,2,7,0,9,0,0,7,0,7,0,2,14,0,16,0,0,0,16
03/26/2008,MFD,OH,AGL,CE,Combined TRACON& Tower with Radar,0,4,30,22,56,0,0,42,2,44,0,4,72,24,100,28,14,42,142
03/27/2008,MFD,OH,AGL,CE,Combined TRACON& Tower with Radar,0,0,24,15,39,0,0,2,0,2,0,0,26,15,41,0,20,20,61
03/28/2008,MFD,OH,AGL,CE,Combined TRACON& Tower with Radar,0,0,6,0,6,0,0,4,0,4,0,0,10,0,10,0,0,0,10
03/29/2008,MFD,OH,AGL,CE,Combined TRACON& Tower with Radar,0,0,57,1,58,0,0,108,0,108,0,0,165,1,166,20,0,20,186
03/30/2008,MFD,OH,AGL,CE,Combined TRACON& Tower with Radar,0,2,9,0,11,0,0,22,0,22,0,2,31,0,33,20,0,20,53
03/31/2008,MFD,OH,AGL,CE,Combined TRACON& Tower with Radar,0,10,0,0,10,0,0,2,0,2,0,10,2,0,12,0,0,0,12
04/01/2008,MFD,OH,AGL,CE,Combined TRACON& Tower with Radar,0,0,3,16,19,0,0,1,4,5,0,0,4,20,24,0,8,8,32
04/02/2008,MFD,OH,AGL,CE,Combined TRACON& Tower with Radar,0,0,22,15,37,0,0,40,3,43,0,0,62,18,80,40,24,64,144
04/03/2008,MFD,OH,AGL,CE,Combined TRACON& Tower with Radar,0,0,10,14,24,0,0,15,4,19,0,0,25,18,43,12,12,24,67
04/04/2008,MFD,OH,AGL,CE,Combined TRACON& Tower with Radar,0,6,18,1,25,0,0,1,0,1,0,6,19,1,26,0,0,0,26
04/05/2008,MFD,OH,AGL,CE,Combined TRACON& Tower with Radar,0,0,3,0,3,0,0,47,1,48,0,0,50,1,51,32,0,32,83
04/06/2008,MFD,OH,AGL,CE,Combined TRACON& Tower with Radar,0,0,27,1,28,0,0,72,0,72,0,0,99,1,100,16,0,16,116
04/07/2008,MFD,OH,AGL,CE,Combined TRACON& Tower with Radar,0,6,27,3,36,0,0,34,2,36,0,6,61,5,72,18,0,18,90
04/08/2008,MFD,OH,AGL,CE,Combined TRACON& Tower with Radar,0,2,24,7,33,0,0,17,13,30,0,2,41,20,63,2,4,6,69
04/09/2008,MFD,OH,AGL,CE,Combined TRACON& Tower with Radar,0,0,15,19,34,0,0,0,0,0,0,0,15,19,34,1,34,35,69
04/10/2008,MFD,OH,AGL,CE,Combined TRACON& Tower with Radar,0,5,17,8,30,0,0,13,0,13,0,5,30,8,43,6,22,28,71
04/11/2008,MFD,OH,AGL,CE,Combined TRACON& Tower with Radar,0,2,10,0,12,0,0,5,0,5,0,2,15,0,17,0,0,0,17
04/12/2008,MFD,OH,AGL,CE,Combined TRACON& Tower with Radar,0,4,3,1,8,0,0,1,0,1,0,4,4,1,9,0,0,0,9
04/13/2008,MFD,OH,AGL,CE,Combined TRACON& Tower with Radar,0,1,1,14,16,0,0,0,0,0,0,1,1,14,16,0,0,0,16
04/14/2008,MFD,OH,AGL,CE,Combined TRACON& Tower with Radar,0,2,14,1,17,0,0,15,0,15,0,2,29,1,32,4,0,4,36
04/15/2008,MFD,OH,AGL,CE,Combined TRACON& Tower with Radar,0,0,38,20,58,0,0,66,6,72,0,0,104,26,130,30,26,56,186
04/16/2008,MFD,OH,AGL,CE,Combined TRACON& Tower with Radar,0,4,37,6,47,0,0,31,26,57,0,4,68,32,104,20,26,46,150
04/17/2008,MFD,OH,AGL,CE,Combined TRACON& Tower with Radar,0,2,26,18,46,0,0,32,9,41,0,2,58,27,87,8,18,26,113
04/18/2008,MFD,OH,AGL,CE,Combined TRACON& Tower with Radar,0,2,38,1,41,0,2,28,0,30,0,4,66,1,71,30,0,30,101
04/19/2008,MFD,OH,AGL,CE,Combined TRACON& Tower with Radar,0,39,2,0,41,0,44,0,0,44,0,83,2,0,85,16,0,16,101
04/20/2008,MFD,OH,AGL,CE,Combined TRACON& Tower with Radar,0,0,31,2,33,0,0,9,0,9,0,0,40,2,42,0,0,0,42
04/21/2008,MFD,OH,AGL,CE,Combined TRACON& Tower with Radar,0,4,13,3,20,0,0,17,0,17,0,4,30,3,37,0,0,0,37
04/22/2008,MFD,OH,AGL,CE,Combined TRACON& Tower with Radar,0,4,41,10,55,0,0,36,6,42,0,4,77,16,97,22,8,30,127
04/23/2008,MFD,OH,AGL,CE,Combined TRACON& Tower with Radar,0,5,21,7,33,0,0,8,0,8,0,5,29,7,41,0,2,2,43
04/24/2008,MFD,OH,AGL,CE,Combined TRACON& Tower with Radar,0,0,36,6,42,0,0,39,6,45,0,0,75,12,87,18,4,22,109
04/25/2008,MFD,OH,AGL,CE,Combined TRACON& Tower with Radar,0,2,19,2,23,0,0,1,0,1,0,2,20,2,24,12,0,12,36
04/26/2008,MFD,OH,AGL,CE,Combined TRACON& Tower with Radar,0,0,9,0,9,0,0,10,1,11,0,0,19,1,20,26,0,26,46
04/27/2008,MFD,OH,AGL,CE,Combined TRACON& Tower with Radar,0,2,41,0,43,0,0,21,0,21,0,2,62,0,64,8,0,8,72
04/28/2008,MFD,OH,AGL,CE,Combined TRACON& Tower with Radar,0,20,16,3,39,0,0,22,0,22,0,20,38,3,61,3,0,3,64
04/29/2008,MFD,OH,AGL,CE,Combined TRACON& Tower with Radar,0,4,26,5,35,0,0,10,19,29,0,4,36,24,64,4,8,12,76
04/30/2008,MFD,OH,AGL,CE,Combined TRACON& Tower with Radar,0,3,17,23,43,0,0,42,4,46,0,3,59,27,89,18,8,26,115
05/01/2008,MFD,OH,AGL,CE,Combined TRACON& Tower with Radar,0,0,11,8,19,0,0,5,5,10,0,0,16,13,29,14,6,20,49
05/02/2008,MFD,OH,AGL,CE,Combined TRACON& Tower with Radar,0,2,5,1,8,0,0,0,0,0,0,2,5,1,8,14,6,20,28
05/03/2008,MFD,OH,AGL,CE,Combined TRACON& Tower with Radar,0,4,3,8,15,0,0,0,0,0,0,4,3,8,15,2,0,2,17
05/04/2008,MFD,OH,AGL,CE,Combined TRACON& Tower with Radar,0,2,49,8,59,0,1,56,1,58,0,3,105,9,117,16,0,16,133
05/05/2008,MFD,OH,AGL,CE,Combined TRACON& Tower with Radar,0,2,14,0,16,0,0,47,0,47,0,2,61,0,63,8,0,8,71
05/06/2008,MFD,OH,AGL,CE,Combined TRACON& Tower with Radar,0,0,11,13,24,0,0,65,0,65,0,0,76,13,89,56,36,92,181
05/07/2008,MFD,OH,AGL,CE,Combined TRACON& Tower with Radar,0,0,7,18,25,0,0,9,2,11,0,0,16,20,36,0,14,14,50
05/08/2008,MFD,OH,AGL,CE,Combined TRACON& Tower with Radar,0,0,25,23,48,0,0,0,0,0,0,0,25,23,48,0,0,0,48
05/09/2008,MFD,OH,AGL,CE,Combined TRACON& Tower with Radar,0,0,2,0,2,0,23,0,0,23,0,23,2,0,25,6,0,6,31
05/10/2008,MFD,OH,AGL,CE,Combined TRACON& Tower with Radar,0,0,48,0,48,0,0,141,0,141,0,0,189,0,189,20,0,20,209
05/11/2008,MFD,OH,AGL,CE,Combined TRACON& Tower with Radar,0,2,0,1,3,0,0,0,0,0,0,2,0,1,3,0,0,0,3
05/12/2008,MFD,OH,AGL,CE,Combined TRACON& Tower with Radar,0,10,10,2,22,0,0,4,0,4,0,10,14,2,26,0,0,0,26
05/13/2008,MFD,OH,AGL,CE,Combined TRACON& Tower with Radar,0,14,41,6,61,0,0,66,12,78,0,14,107,18,139,42,4,46,185
05/14/2008,MFD,OH,AGL,CE,Combined TRACON& Tower with Radar,0,4,12,36,52,0,0,1,0,1,0,4,13,36,53,0,6,6,59
05/15/2008,MFD,OH,AGL,CE,Combined TRACON& Tower with Radar,0,2,14,10,26,0,0,11,0,11,0,2,25,10,37,8,16,24,61
05/16/2008,MFD,OH,AGL,CE,Combined TRACON& Tower with Radar,0,2,18,3,23,0,0,9,0,9,0,2,27,3,32,2,0,2,34
05/17/2008,MFD,OH,AGL,CE,Combined TRACON& Tower with Radar,0,0,50,3,53,0,0,21,0,21,0,0,71,3,74,6,0,6,80
05/18/2008,MFD,OH,AGL,CE,Combined TRACON& Tower with Radar,0,0,33,0,33,0,0,12,0,12,0,0,45,0,45,8,0,8,53
05/19/2008,MFD,OH,AGL,CE,Combined TRACON& Tower with Radar,0,0,5,1,6,0,0,21,0,21,0,0,26,1,27,12,0,12,39
05/20/2008,MFD,OH,AGL,CE,Combined TRACON& Tower with Radar,0,6,32,8,46,0,0,22,12,34,0,6,54,20,80,22,6,28,108
05/21/2008,MFD,OH,AGL,CE,Combined TRACON& Tower with Radar,0,0,4,15,19,0,0,16,10,26,0,0,20,25,45,0,26,26,71
05/22/2008,MFD,OH,AGL,CE,Combined TRACON& Tower with Radar,1,1,19,7,28,0,0,24,5,29,1,1,43,12,57,0,60,60,117
05/23/2008,MFD,OH,AGL,CE,Combined TRACON& Tower with Radar,0,0,19,0,19,0,0,36,0,36,0,0,55,0,55,10,0,10,65
05/24/2008,MFD,OH,AGL,CE,Combined TRACON& Tower with Radar,1,1,38,0,40,0,3,69,0,72,1,4,107,0,112,0,0,0,112
05/25/2008,MFD,OH,AGL,CE,Combined TRACON& Tower with Radar,0,2,21,0,23,0,0,52,0,52,0,2,73,0,75,0,0,0,75
05/26/2008,MFD,OH,AGL,CE,Combined TRACON& Tower with Radar,0,1,19,0,20,0,0,2,0,2,0,1,21,0,22,0,0,0,22
05/27/2008,MFD,OH,AGL,CE,Combined TRACON& Tower with Radar,0,8,24,34,66,0,0,4,0,4,0,8,28,34,70,8,30,38,108
05/28/2008,MFD,OH,AGL,CE,Combined TRACON& Tower with Radar,0,0,30,10,40,0,0,36,8,44,0,0,66,18,84,14,22,36,120
05/29/2008,MFD,OH,AGL,CE,Combined TRACON& Tower with Radar,0,0,27,16,43,0,0,33,3,36,0,0,60,19,79,22,8,30,109
05/30/2008,MFD,OH,AGL,CE,Combined TRACON& Tower with Radar,0,2,13,6,21,0,0,9,0,9,0,2,22,6,30,0,0,0,30
05/31/2008,MFD,OH,AGL,CE,Combined TRACON& Tower with Radar,0,0,18,3,21,0,0,18,0,18,0,0,36,3,39,0,0,0,39
06/01/2008,MFD,OH,AGL,CE,Combined TRACON& Tower with Radar,0,8,31,1,40,0,0,54,0,54,0,8,85,1,94,20,0,20,114
06/02/2008,MFD,OH,AGL,CE,Combined TRACON& Tower with Radar,0,2,16,3,21,0,0,34,0,34,0,2,50,3,55,8,0,8,63
06/03/2008,MFD,OH,AGL,CE,Combined TRACON& Tower with Radar,0,2,5,28,35,0,0,0,0,0,0,2,5,28,35,46,0,46,81
06/04/2008,MFD,OH,AGL,CE,Combined TRACON& Tower with Radar,0,12,18,19,49,0,0,3,5,8,0,12,21,24,57,4,14,18,75
06/05/2008,MFD,OH,AGL,CE,Combined TRACON& Tower with Radar,0,10,28,18,56,0,6,22,0,28,0,16,50,18,84,4,10,14,98
06/06/2008,MFD,OH,AGL,CE,Combined TRACON& Tower with Radar,0,8,14,5,27,0,2,26,1,29,0,10,40,6,56,18,2,20,76
06/07/2008,MFD,OH,AGL,CE,Combined TRACON& Tower with Radar,0,17,18,4,39,0,3,36,15,54,0,20,54,19,93,22,6,28,121
06/08/2008,MFD,OH,AGL,CE,Combined TRACON& Tower with Radar,0,10,24,4,38,0,0,47,7,54,0,10,71,11,92,22,10,32,124
06/09/2008,MFD,OH,AGL,CE,Combined TRACON& Tower with Radar,0,2,8,0,10,0,0,2,0,2,0,2,10,0,12,0,0,0,12
06/10/2008,MFD,OH,AGL,CE,Combined TRACON& Tower with Radar,0,2,10,4,16,0,0,7,0,7,0,2,17,4,23,6,6,12,35
06/11/2008,MFD,OH,AGL,CE,Combined TRACON& Tower with Radar,0,2,25,15,42,0,3,58,9,70,0,5,83,24,112,42,56,98,210
06/12/2008,MFD,OH,AGL,CE,Combined TRACON& Tower with Radar,0,1,37,1,39,0,0,41,0,41,0,1,78,1,80,22,0,22,102
06/13/2008,MFD,OH,AGL,CE,Combined TRACON& Tower with Radar,0,2,10,1,13,0,0,4,0,4,0,2,14,1,17,0,0,0,17
06/14/2008,MFD,OH,AGL,CE,Combined TRACON& Tower with Radar,0,2,13,6,21,0,0,21,0,21,0,2,34,6,42,2,0,2,44
06/15/2008,MFD,OH,AGL,CE,Combined TRACON& Tower with Radar,0,0,20,2,22,0,0,29,1,30,0,0,49,3,52,0,0,0,52
06/16/2008,MFD,OH,AGL,CE,Combined TRACON& Tower with Radar,0,0,42,1,43,0,0,7,1,8,0,0,49,2,51,6,0,6,57
06/17/2008,MFD,OH,AGL,CE,Combined TRACON& Tower with Radar,0,2,15,14,31,0,0,28,0,28,0,2,43,14,59,16,8,24,83
06/18/2008,MFD,OH,AGL,CE,Combined TRACON& Tower with Radar,0,5,20,18,43,0,0,50,0,50,0,5,70,18,93,24,16,40,133
06/19/2008,MFD,OH,AGL,CE,Combined TRACON& Tower with Radar,0,7,51,9,67,0,0,34,4,38,0,7,85,13,105,8,0,8,113
06/20/2008,MFD,OH,AGL,CE,Combined TRACON& Tower with Radar,0,3,55,1,59,0,0,36,0,36,0,3,91,1,95,26,0,26,121
06/21/2008,MFD,OH,AGL,CE,Combined TRACON& Tower with Radar,0,5,30,4,39,0,0,46,0,46,0,5,76,4,85,0,2,2,87
06/22/2008,MFD,OH,AGL,CE,Combined TRACON& Tower with Radar,0,11,15,2,28,0,0,29,5,34,0,11,44,7,62,2,4,6,68
06/23/2008,MFD,OH,AGL,CE,Combined TRACON& Tower with Radar,0,3,12,0,15,0,0,9,0,9,0,3,21,0,24,8,0,8,32
06/24/2008,MFD,OH,AGL,CE,Combined TRACON& Tower with Radar,0,5,27,11,43,0,0,68,12,80,0,5,95,23,123,20,16,36,159
06/25/2008,MFD,OH,AGL,CE,Combined TRACON& Tower with Radar,0,4,40,13,57,0,0,18,7,25,0,4,58,20,82,11,36,47,129
06/26/2008,MFD,OH,AGL,CE,Combined TRACON& Tower with Radar,0,2,39,4,45,0,0,0,0,0,0,2,39,4,45,4,0,4,49
06/27/2008,MFD,OH,AGL,CE,Combined TRACON& Tower with Radar,0,2,24,3,29,0,0,4,0,4,0,2,28,3,33,16,0,16,49
06/28/2008,MFD,OH,AGL,CE,Combined TRACON& Tower with Radar,0,0,13,1,14,0,0,11,0,11,0,0,24,1,25,8,0,8,33
06/29/2008,MFD,OH,AGL,CE,Combined TRACON& Tower with Radar,0,3,16,0,19,0,0,24,0,24,0,3,40,0,43,10,0,10,53
06/30/2008,MFD,OH,AGL,CE,Combined TRACON& Tower with Radar,0,2,24,0,26,0,0,5,0,5,0,2,29,0,31,0,0,0,31
07/01/2008,MFD,OH,AGL,CE,Combined TRACON& Tower with Radar,0,3,56,13,72,0,0,51,13,64,0,3,107,26,136,10,26,36,172
07/02/2008,MFD,OH,AGL,CE,Combined TRACON& Tower with Radar,0,0,36,0,36,0,0,31,0,31,0,0,67,0,67,24,0,24,91
07/03/2008,MFD,OH,AGL,CE,Combined TRACON& Tower with Radar,0,1,14,1,16,0,0,4,0,4,0,1,18,1,20,4,0,4,24
07/04/2008,MFD,OH,AGL,CE,Combined TRACON& Tower with Radar,0,8,10,2,20,0,0,11,4,15,0,8,21,6,35,32,0,32,67
07/05/2008,MFD,OH,AGL,CE,Combined TRACON& Tower with Radar,0,0,20,0,20,0,0,39,0,39,0,0,59,0,59,52,0,52,111
07/06/2008,MFD,OH,AGL,CE,Combined TRACON& Tower with Radar,0,0,40,0,40,0,0,51,0,51,0,0,91,0,91,8,0,8,99
07/07/2008,MFD,OH,AGL,CE,Combined TRACON& Tower with Radar,0,0,13,6,19,0,2,21,1,24,0,2,34,7,43,38,0,38,81
07/08/2008,MFD,OH,AGL,CE,Combined TRACON& Tower with Radar,0,2,13,2,17,0,0,14,0,14,0,2,27,2,31,27,14,41,72
07/09/2008,MFD,OH,AGL,CE,Combined TRACON& Tower with Radar,0,8,16,9,33,0,0,28,14,42,0,8,44,23,75,11,21,32,107
07/10/2008,MFD,OH,AGL,CE,Combined TRACON& Tower with Radar,0,1,36,11,48,0,0,51,5,56,0,1,87,16,104,10,0,10,114
07/11/2008,MFD,OH,AGL,CE,Combined TRACON& Tower with Radar,0,0,4,3,7,0,0,29,0,29,0,0,33,3,36,12,0,12,48
07/12/2008,MFD,OH,AGL,CE,Combined TRACON& Tower with Radar,0,0,14,0,14,0,0,23,12,35,0,0,37,12,49,12,12,24,73
07/13/2008,MFD,OH,AGL,CE,Combined TRACON& Tower with Radar,0,0,15,0,15,0,0,16,0,16,0,0,31,0,31,18,0,18,49
07/14/2008,MFD,OH,AGL,CE,Combined TRACON& Tower with Radar,0,2,23,1,26,0,0,50,0,50,0,2,73,1,76,36,0,36,112
07/15/2008,MFD,OH,AGL,CE,Combined TRACON& Tower with Radar,0,0,21,10,31,0,0,40,3,43,0,0,61,13,74,28,6,34,108
07/16/2008,MFD,OH,AGL,CE,Combined TRACON& Tower with Radar,0,11,27,9,47,0,0,52,0,52,0,11,79,9,99,28,0,28,127
07/17/2008,MFD,OH,AGL,CE,Combined TRACON& Tower with Radar,0,18,41,2,61,0,0,24,6,30,0,18,65,8,91,24,4,28,119
07/18/2008,MFD,OH,AGL,CE,Combined TRACON& Tower with Radar,0,16,40,6,62,0,2,18,0,20,0,18,58,6,82,42,8,50,132
07/19/2008,MFD,OH,AGL,CE,Combined TRACON& Tower with Radar,0,13,58,0,71,0,0,29,0,29,0,13,87,0,100,24,0,24,124
07/20/2008,MFD,OH,AGL,CE,Combined TRACON& Tower with Radar,0,10,32,1,43,0,0,11,0,11,0,10,43,1,54,8,0,8,62
07/21/2008,MFD,OH,AGL,CE,Combined TRACON& Tower with Radar,0,2,9,2,13,0,0,8,0,8,0,2,17,2,21,0,0,0,21
07/22/2008,MFD,OH,AGL,CE,Combined TRACON& Tower with Radar,0,0,9,19,28,0,0,12,1,13,0,0,21,20,41,10,14,24,65
07/23/2008,MFD,OH,AGL,CE,Combined TRACON& Tower with Radar,0,2,10,0,12,0,0,11,0,11,0,2,21,0,23,30,0,30,53
07/24/2008,MFD,OH,AGL,CE,Combined TRACON& Tower with Radar,0,4,30,21,55,0,0,50,1,51,0,4,80,22,106,44,30,74,180
07/25/2008,MFD,OH,AGL,CE,Combined TRACON& Tower with Radar,0,0,36,1,37,0,0,32,0,32,0,0,68,1,69,20,0,20,89
07/26/2008,MFD,OH,AGL,CE,Combined TRACON& Tower with Radar,0,0,18,2,20,0,0,26,0,26,0,0,44,2,46,34,0,34,80
07/27/2008,MFD,OH,AGL,CE,Combined TRACON& Tower with Radar,0,2,6,0,8,0,0,51,0,51,0,2,57,0,59,24,0,24,83
07/28/2008,MFD,OH,AGL,CE,Combined TRACON& Tower with Radar,0,2,18,2,22,0,0,26,0,26,0,2,44,2,48,42,0,42,90
07/29/2008,MFD,OH,AGL,CE,Combined TRACON& Tower with Radar,2,2,15,19,38,0,0,23,5,28,2,2,38,24,66,20,39,59,125
07/30/2008,MFD,OH,AGL,CE,Combined TRACON& Tower with Radar,2,0,15,5,22,0,0,7,4,11,2,0,22,9,33,0,9,9,42
07/31/2008,MFD,OH,AGL,CE,Combined TRACON& Tower with Radar,2,0,18,4,24,0,0,19,3,22,2,0,37,7,46,18,0,18,64
08/01/2008,MFD,OH,AGL,CE,Combined TRACON& Tower with Radar,0,19,19,3,41,0,0,19,0,19,0,19,38,3,60,28,0,28,88
08/02/2008,MFD,OH,AGL,CE,Combined TRACON& Tower with Radar,0,0,20,2,22,0,0,23,0,23,0,0,43,2,45,44,0,44,89
08/03/2008,MFD,OH,AGL,CE,Combined TRACON& Tower with Radar,0,0,19,2,21,0,0,45,2,47,0,0,64,4,68,0,0,0,68
08/04/2008,MFD,OH,AGL,CE,Combined TRACON& Tower with Radar,0,2,26,1,29,0,0,32,0,32,0,2,58,1,61,20,0,20,81
08/05/2008,MFD,OH,AGL,CE,Combined TRACON& Tower with Radar,0,5,25,1,31,0,0,21,5,26,0,5,46,6,57,36,0,36,93
08/06/2008,MFD,OH,AGL,CE,Combined TRACON& Tower with Radar,2,0,15,4,21,0,0,46,3,49,2,0,61,7,70,32,40,72,142
08/07/2008,MFD,OH,AGL,CE,Combined TRACON& Tower with Radar,0,0,24,6,30,0,0,21,6,27,0,0,45,12,57,0,18,18,75
08/08/2008,MFD,OH,AGL,CE,Combined TRACON& Tower with Radar,0,0,19,1,20,0,0,15,3,18,0,0,34,4,38,10,0,10,48
08/09/2008,MFD,OH,AGL,CE,Combined TRACON& Tower with Radar,0,0,21,1,22,0,1,45,0,46,0,1,66,1,68,22,0,22,90
08/10/2008,MFD,OH,AGL,CE,Combined TRACON& Tower with Radar,0,4,4,10,18,0,0,20,2,22,0,4,24,12,40,0,2,2,42
08/11/2008,MFD,OH,AGL,CE,Combined TRACON& Tower with Radar,0,2,25,2,29,0,0,17,0,17,0,2,42,2,46,18,0,18,64
08/12/2008,MFD,OH,AGL,CE,Combined TRACON& Tower with Radar,0,2,8,6,16,0,0,53,8,61,0,2,61,14,77,48,4,52,129
08/13/2008,MFD,OH,AGL,CE,Combined TRACON& Tower with Radar,0,4,23,11,38,0,0,20,0,20,0,4,43,11,58,6,0,6,64
08/14/2008,MFD,OH,AGL,CE,Combined TRACON& Tower with Radar,0,0,12,10,22,0,0,15,4,19,0,0,27,14,41,8,20,28,69
08/15/2008,MFD,OH,AGL,CE,Combined TRACON& Tower with Radar,0,0,17,3,20,0,0,20,1,21,0,0,37,4,41,8,0,8,49
08/16/2008,MFD,OH,AGL,CE,Combined TRACON& Tower with Radar,0,2,12,0,14,0,0,55,2,57,0,2,67,2,71,56,0,56,127
08/17/2008,MFD,OH,AGL,CE,Combined TRACON& Tower with Radar,0,2,20,0,22,0,0,45,0,45,0,2,65,0,67,22,0,22,89
08/18/2008,MFD,OH,AGL,CE,Combined TRACON& Tower with Radar,0,0,4,0,4,0,0,3,0,3,0,0,7,0,7,0,0,0,7
08/19/2008,MFD,OH,AGL,CE,Combined TRACON& Tower with Radar,0,0,1,0,1,0,0,0,0,0,0,0,1,0,1,0,0,0,1
08/20/2008,MFD,OH,AGL,CE,Combined TRACON& Tower with Radar,0,0,2,0,2,0,0,2,0,2,0,0,4,0,4,0,0,0,4
08/21/2008,MFD,OH,AGL,CE,Combined TRACON& Tower with Radar,0,0,0,0,0,0,0,0,0,0,0,0,0,0,0,0,0,0,0
08/22/2008,MFD,OH,AGL,CE,Combined TRACON& Tower with Radar,0,0,6,0,6,0,0,0,0,0,0,0,6,0,6,0,0,0,6
08/23/2008,MFD,OH,AGL,CE,Combined TRACON& Tower with Radar,0,0,2,0,2,0,0,0,0,0,0,0,2,0,2,0,0,0,2
08/24/2008,MFD,OH,AGL,CE,Combined TRACON& Tower with Radar,0,0,5,0,5,0,0,2,0,2,0,0,7,0,7,0,0,0,7
08/25/2008,MFD,OH,AGL,CE,Combined TRACON& Tower with Radar,2,0,17,1,20,0,0,13,0,13,2,0,30,1,33,4,0,4,37
08/26/2008,MFD,OH,AGL,CE,Combined TRACON& Tower with Radar,0,0,9,6,15,0,0,23,1,24,0,0,32,7,39,0,14,14,53
08/27/2008,MFD,OH,AGL,CE,Combined TRACON& Tower with Radar,0,0,14,4,18,0,0,2,0,2,0,0,16,4,20,0,0,0,20
08/28/2008,MFD,OH,AGL,CE,Combined TRACON& Tower with Radar,0,0,22,12,34,0,0,3,1,4,0,0,25,13,38,0,12,12,50
08/29/2008,MFD,OH,AGL,CE,Combined TRACON& Tower with Radar,0,2,12,3,17,0,0,4,0,4,0,2,16,3,21,0,0,0,21
08/30/2008,MFD,OH,AGL,CE,Combined TRACON& Tower with Radar,0,2,8,0,10,0,0,23,0,23,0,2,31,0,33,12,0,12,45
08/31/2008,MFD,OH,AGL,CE,Combined TRACON& Tower with Radar,0,0,18,0,18,0,0,30,0,30,0,0,48,0,48,2,0,2,50
09/01/2008,MFD,OH,AGL,CE,Combined TRACON& Tower with Radar,0,0,5,0,5,0,0,26,0,26,0,0,31,0,31,8,0,8,39
09/02/2008,MFD,OH,AGL,CE,Combined TRACON& Tower with Radar,0,1,13,11,25,0,1,25,4,30,0,2,38,15,55,20,34,54,109
09/03/2008,MFD,OH,AGL,CE,Combined TRACON& Tower with Radar,0,2,10,10,22,0,0,36,0,36,0,2,46,10,58,32,2,34,92
09/04/2008,MFD,OH,AGL,CE,Combined TRACON& Tower with Radar,0,0,14,21,35,0,0,13,3,16,0,0,27,24,51,24,10,34,85
09/05/2008,MFD,OH,AGL,CE,Combined TRACON& Tower with Radar,0,1,11,2,14,0,0,4,0,4,0,1,15,2,18,0,0,0,18
09/06/2008,MFD,OH,AGL,CE,Combined TRACON& Tower with Radar,0,2,12,0,14,0,1,23,0,24,0,3,35,0,38,0,0,0,38
09/07/2008,MFD,OH,AGL,CE,Combined TRACON& Tower with Radar,0,1,18,1,20,0,0,17,0,17,0,1,35,1,37,14,0,14,51
09/08/2008,MFD,OH,AGL,CE,Combined TRACON& Tower with Radar,0,0,13,0,13,0,0,20,0,20,0,0,33,0,33,22,0,22,55
09/09/2008,MFD,OH,AGL,CE,Combined TRACON& Tower with Radar,0,2,9,15,26,0,0,11,0,11,0,2,20,15,37,6,6,12,49
09/10/2008,MFD,OH,AGL,CE,Combined TRACON& Tower with Radar,0,2,20,0,22,0,0,35,0,35,0,2,55,0,57,14,0,14,71
09/11/2008,MFD,OH,AGL,CE,Combined TRACON& Tower with Radar,0,0,27,2,29,0,0,38,1,39,0,0,65,3,68,6,12,18,86
09/12/2008,MFD,OH,AGL,CE,Combined TRACON& Tower with Radar,0,0,10,3,13,0,0,0,0,0,0,0,10,3,13,0,0,0,13
09/13/2008,MFD,OH,AGL,CE,Combined TRACON& Tower with Radar,0,0,9,0,9,0,0,4,0,4,0,0,13,0,13,4,0,4,17
09/14/2008,MFD,OH,AGL,CE,Combined TRACON& Tower with Radar,0,0,2,6,8,0,0,10,2,12,0,0,12,8,20,0,2,2,22
09/15/2008,MFD,OH,AGL,CE,Combined TRACON& Tower with Radar,0,2,12,0,14,0,0,7,0,7,0,2,19,0,21,4,0,4,25
09/16/2008,MFD,OH,AGL,CE,Combined TRACON& Tower with Radar,0,0,20,8,28,0,0,36,9,45,0,0,56,17,73,12,8,20,93
09/17/2008,MFD,OH,AGL,CE,Combined TRACON& Tower with Radar,0,0,9,12,21,0,0,22,5,27,0,0,31,17,48,2,40,42,90
09/18/2008,MFD,OH,AGL,CE,Combined TRACON& Tower with Radar,0,0,25,19,44,0,0,28,13,41,0,0,53,32,85,26,46,72,157
09/19/2008,MFD,OH,AGL,CE,Combined TRACON& Tower with Radar,0,2,13,1,16,0,0,31,0,31,0,2,44,1,47,4,0,4,51
09/20/2008,MFD,OH,AGL,CE,Combined TRACON& Tower with Radar,0,2,7,1,10,0,0,56,1,57,0,2,63,2,67,12,0,12,79
09/21/2008,MFD,OH,AGL,CE,Combined TRACON& Tower with Radar,0,2,6,1,9,0,0,50,0,50,0,2,56,1,59,6,0,6,65
09/22/2008,MFD,OH,AGL,CE,Combined TRACON& Tower with Radar,0,2,13,2,17,0,0,15,0,15,0,2,28,2,32,18,0,18,50
09/23/2008,MFD,OH,AGL,CE,Combined TRACON& Tower with Radar,0,2,9,7,18,0,0,28,6,34,0,2,37,13,52,12,30,42,94
09/24/2008,MFD,OH,AGL,CE,Combined TRACON& Tower with Radar,0,0,10,0,10,0,0,2,0,2,0,0,12,0,12,26,0,26,38
09/25/2008,MFD,OH,AGL,CE,Combined TRACON& Tower with Radar,0,0,24,9,33,0,0,39,1,40,0,0,63,10,73,30,8,38,111
09/26/2008,MFD,OH,AGL,CE,Combined TRACON& Tower with Radar,0,0,11,1,12,0,0,20,0,20,0,0,31,1,32,24,0,24,56
09/27/2008,MFD,OH,AGL,CE,Combined TRACON& Tower with Radar,0,0,37,4,41,0,0,4,0,4,0,0,41,4,45,8,0,8,53
09/28/2008,MFD,OH,AGL,CE,Combined TRACON& Tower with Radar,0,0,16,0,16,0,0,12,0,12,0,0,28,0,28,0,0,0,28
09/29/2008,MFD,OH,AGL,CE,Combined TRACON& Tower with Radar,0,0,24,0,24,0,0,12,0,12,0,0,36,0,36,16,0,16,52
09/30/2008,MFD,OH,AGL,CE,Combined TRACON& Tower with Radar,0,2,9,4,15,0,0,5,0,5,0,2,14,4,20,24,36,60,80
10/01/2008,MFD,OH,AGL,CE,Combined TRACON& Tower with Radar,0,2,12,9,23,0,0,7,9,16,0,2,19,18,39,4,32,36,75
10/02/2008,MFD,OH,AGL,CE,Combined TRACON& Tower with Radar,0,1,8,9,18,0,0,20,8,28,0,1,28,17,46,10,14,24,70
10/03/2008,MFD,OH,AGL,CE,Combined TRACON& Tower with Radar,0,1,12,2,15,0,0,24,0,24,0,1,36,2,39,34,0,34,73
10/04/2008,MFD,OH,AGL,CE,Combined TRACON& Tower with Radar,0,2,18,4,24,0,1,57,4,62,0,3,75,8,86,66,0,66,152
10/05/2008,MFD,OH,AGL,CE,Combined TRACON& Tower with Radar,0,0,4,1,5,0,0,52,2,54,0,0,56,3,59,34,0,34,93
10/06/2008,MFD,OH,AGL,CE,Combined TRACON& Tower with Radar,0,0,5,2,7,0,0,16,0,16,0,0,21,2,23,14,4,18,41
10/07/2008,MFD,OH,AGL,CE,Combined TRACON& Tower with Radar,0,2,19,8,29,0,0,29,8,37,0,2,48,16,66,22,26,48,114
10/08/2008,MFD,OH,AGL,CE,Combined TRACON& Tower with Radar,0,0,18,1,19,0,0,1,0,1,0,0,19,1,20,0,8,8,28
10/09/2008,MFD,OH,AGL,CE,Combined TRACON& Tower with Radar,0,8,20,8,36,0,0,27,3,30,0,8,47,11,66,22,6,28,94
10/10/2008,MFD,OH,AGL,CE,Combined TRACON& Tower with Radar,2,2,9,0,13,0,1,41,3,45,2,3,50,3,58,12,0,12,70
10/11/2008,MFD,OH,AGL,CE,Combined TRACON& Tower with Radar,0,2,25,0,27,0,0,67,0,67,0,2,92,0,94,12,0,12,106
10/12/2008,MFD,OH,AGL,CE,Combined TRACON& Tower with Radar,0,2,54,1,57,0,0,48,0,48,0,2,102,1,105,38,0,38,143
10/13/2008,MFD,OH,AGL,CE,Combined TRACON& Tower with Radar,0,2,35,2,39,0,0,27,1,28,0,2,62,3,67,12,0,12,79
10/14/2008,MFD,OH,AGL,CE,Combined TRACON& Tower with Radar,0,2,9,4,15,0,0,27,14,41,0,2,36,18,56,30,12,42,98
10/15/2008,MFD,OH,AGL,CE,Combined TRACON& Tower with Radar,0,9,37,9,55,0,0,7,7,14,0,9,44,16,69,4,28,32,101
10/16/2008,MFD,OH,AGL,CE,Combined TRACON& Tower with Radar,0,25,28,19,72,0,0,10,0,10,0,25,38,19,82,24,52,76,158
10/17/2008,MFD,OH,AGL,CE,Combined TRACON& Tower with Radar,0,0,23,11,34,0,0,17,0,17,0,0,40,11,51,0,0,0,51
10/18/2008,MFD,OH,AGL,CE,Combined TRACON& Tower with Radar,0,0,27,1,28,0,0,45,0,45,0,0,72,1,73,20,0,20,93
10/19/2008,MFD,OH,AGL,CE,Combined TRACON& Tower with Radar,0,1,10,1,12,0,0,52,0,52,0,1,62,1,64,24,0,24,88
10/20/2008,MFD,OH,AGL,CE,Combined TRACON& Tower with Radar,0,4,9,5,18,0,0,12,0,12,0,4,21,5,30,26,0,26,56
10/21/2008,MFD,OH,AGL,CE,Combined TRACON& Tower with Radar,0,0,14,24,38,0,0,8,8,16,0,0,22,32,54,6,40,46,100
10/22/2008,MFD,OH,AGL,CE,Combined TRACON& Tower with Radar,0,8,51,10,69,0,2,22,17,41,0,10,73,27,110,8,36,44,154
10/23/2008,MFD,OH,AGL,CE,Combined TRACON& Tower with Radar,0,0,33,5,38,0,0,28,9,37,0,0,61,14,75,28,16,44,119
10/24/2008,MFD,OH,AGL,CE,Combined TRACON& Tower with Radar,0,0,5,8,13,0,0,1,0,1,0,0,6,8,14,0,0,0,14
10/25/2008,MFD,OH,AGL,CE,Combined TRACON& Tower with Radar,0,0,9,1,10,0,0,7,2,9,0,0,16,3,19,2,0,2,21
10/26/2008,MFD,OH,AGL,CE,Combined TRACON& Tower with Radar,0,2,5,2,9,0,0,10,0,10,0,2,15,2,19,0,0,0,19
10/27/2008,MFD,OH,AGL,CE,Combined TRACON& Tower with Radar,0,0,20,2,22,0,0,0,0,0,0,0,20,2,22,0,0,0,22
10/28/2008,MFD,OH,AGL,CE,Combined TRACON& Tower with Radar,0,0,18,6,24,0,0,3,2,5,0,0,21,8,29,0,10,10,39
10/29/2008,MFD,OH,AGL,CE,Combined TRACON& Tower with Radar,0,0,11,9,20,0,0,17,0,17,0,0,28,9,37,14,0,14,51
10/30/2008,MFD,OH,AGL,CE,Combined TRACON& Tower with Radar,0,2,36,6,44,0,0,38,11,49,0,2,74,17,93,30,14,44,137
10/31/2008,MFD,OH,AGL,CE,Combined TRACON& Tower with Radar,0,2,23,4,29,0,2,39,0,41,0,4,62,4,70,30,0,30,100
11/01/2008,MFD,OH,AGL,CE,Combined TRACON& Tower with Radar,2,2,1,1,6,0,0,20,0,20,2,2,21,1,26,14,0,14,40
11/02/2008,MFD,OH,AGL,CE,Combined TRACON& Tower with Radar,0,0,29,5,34,0,0,41,1,42,0,0,70,6,76,36,0,36,112
11/03/2008,MFD,OH,AGL,CE,Combined TRACON& Tower with Radar,0,2,38,0,40,0,0,22,0,22,0,2,60,0,62,22,0,22,84
11/04/2008,MFD,OH,AGL,CE,Combined TRACON& Tower with Radar,0,4,43,19,66,0,2,27,15,44,0,6,70,34,110,6,12,18,128
11/05/2008,MFD,OH,AGL,CE,Combined TRACON& Tower with Radar,0,4,38,9,51,0,0,56,6,62,0,4,94,15,113,30,0,30,143
11/06/2008,MFD,OH,AGL,CE,Combined TRACON& Tower with Radar,0,2,39,9,50,0,0,50,0,50,0,2,89,9,100,48,0,48,148
11/07/2008,MFD,OH,AGL,CE,Combined TRACON& Tower with Radar,0,2,18,1,21,0,0,3,0,3,0,2,21,1,24,0,0,0,24
11/08/2008,MFD,OH,AGL,CE,Combined TRACON& Tower with Radar,0,0,12,4,16,0,0,10,0,10,0,0,22,4,26,0,0,0,26
11/09/2008,MFD,OH,AGL,CE,Combined TRACON& Tower with Radar,0,2,7,1,10,0,0,0,0,0,0,2,7,1,10,0,0,0,10
11/10/2008,MFD,OH,AGL,CE,Combined TRACON& Tower with Radar,0,3,20,9,32,0,0,14,0,14,0,3,34,9,46,10,0,10,56
11/11/2008,MFD,OH,AGL,CE,Combined TRACON& Tower with Radar,0,1,34,2,37,0,0,27,1,28,0,1,61,3,65,38,0,38,103
11/12/2008,MFD,OH,AGL,CE,Combined TRACON& Tower with Radar,0,0,23,24,47,0,2,27,7,36,0,2,50,31,83,12,30,42,125
11/13/2008,MFD,OH,AGL,CE,Combined TRACON& Tower with Radar,0,0,35,15,50,0,0,2,2,4,0,0,37,17,54,4,22,26,80
11/14/2008,MFD,OH,AGL,CE,Combined TRACON& Tower with Radar,0,2,9,6,17,0,0,3,0,3,0,2,12,6,20,0,2,2,22
11/15/2008,MFD,OH,AGL,CE,Combined TRACON& Tower with Radar,0,2,2,0,4,0,0,0,0,0,0,2,2,0,4,0,0,0,4
11/16/2008,MFD,OH,AGL,CE,Combined TRACON& Tower with Radar,0,0,1,0,1,0,0,2,0,2,0,0,3,0,3,0,0,0,3
11/17/2008,MFD,OH,AGL,CE,Combined TRACON& Tower with Radar,0,1,6,1,8,0,0,0,0,0,0,1,6,1,8,0,0,0,8
11/18/2008,MFD,OH,AGL,CE,Combined TRACON& Tower with Radar,0,2,11,10,23,0,0,0,6,6,0,2,11,16,29,0,8,8,37
11/19/2008,MFD,OH,AGL,CE,Combined TRACON& Tower with Radar,0,3,22,3,28,0,0,17,0,17,0,3,39,3,45,14,8,22,67
11/20/2008,MFD,OH,AGL,CE,Combined TRACON& Tower with Radar,1,3,19,10,33,0,0,3,7,10,1,3,22,17,43,2,14,16,59
11/21/2008,MFD,OH,AGL,CE,Combined TRACON& Tower with Radar,0,2,10,3,15,0,0,2,2,4,0,2,12,5,19,0,0,0,19
11/22/2008,MFD,OH,AGL,CE,Combined TRACON& Tower with Radar,0,7,25,1,33,0,0,31,0,31,0,7,56,1,64,14,0,14,78
11/23/2008,MFD,OH,AGL,CE,Combined TRACON& Tower with Radar,0,1,21,0,22,0,0,51,0,51,0,1,72,0,73,2,0,2,75
11/24/2008,MFD,OH,AGL,CE,Combined TRACON& Tower with Radar,0,0,11,0,11,0,0,0,0,0,0,0,11,0,11,0,0,0,11
11/25/2008,MFD,OH,AGL,CE,Combined TRACON& Tower with Radar,0,0,4,0,4,0,0,0,0,0,0,0,4,0,4,0,0,0,4
11/26/2008,MFD,OH,AGL,CE,Combined TRACON& Tower with Radar,0,0,14,4,18,0,0,11,3,14,0,0,25,7,32,6,10,16,48
11/27/2008,MFD,OH,AGL,CE,Combined TRACON& Tower with Radar,0,0,3,0,3,0,0,3,0,3,0,0,6,0,6,0,0,0,6
11/28/2008,MFD,OH,AGL,CE,Combined TRACON& Tower with Radar,0,0,10,1,11,0,0,11,0,11,0,0,21,1,22,24,0,24,46
11/29/2008,MFD,OH,AGL,CE,Combined TRACON& Tower with Radar,0,2,51,0,53,0,0,68,0,68,0,2,119,0,121,24,0,24,145
11/30/2008,MFD,OH,AGL,CE,Combined TRACON& Tower with Radar,0,0,6,1,7,0,0,2,0,2,0,0,8,1,9,0,0,0,9
12/01/2008,MFD,OH,AGL,CE,Combined TRACON& Tower with Radar,0,0,3,0,3,0,0,0,0,0,0,0,3,0,3,0,0,0,3
12/02/2008,MFD,OH,AGL,CE,Combined TRACON& Tower with Radar,0,0,18,13,31,0,0,2,9,11,0,0,20,22,42,0,18,18,60
12/03/2008,MFD,OH,AGL,CE,Combined TRACON& Tower with Radar,0,4,8,11,23,0,0,0,5,5,0,4,8,16,28,2,32,34,62
12/04/2008,MFD,OH,AGL,CE,Combined TRACON& Tower with Radar,0,0,4,16,20,0,0,0,5,5,0,0,4,21,25,0,28,28,53
12/05/2008,MFD,OH,AGL,CE,Combined TRACON& Tower with Radar,0,10,7,0,17,0,0,0,0,0,0,10,7,0,17,0,0,0,17
12/06/2008,MFD,OH,AGL,CE,Combined TRACON& Tower with Radar,0,0,2,0,2,0,0,2,0,2,0,0,4,0,4,0,0,0,4
12/07/2008,MFD,OH,AGL,CE,Combined TRACON& Tower with Radar,0,5,15,6,26,0,2,5,3,10,0,7,20,9,36,0,6,6,42
12/08/2008,MFD,OH,AGL,CE,Combined TRACON& Tower with Radar,0,11,9,0,20,0,0,6,0,6,0,11,15,0,26,8,0,8,34
12/09/2008,MFD,OH,AGL,CE,Combined TRACON& Tower with Radar,0,0,14,26,40,0,0,0,1,1,0,0,14,27,41,0,2,2,43
12/10/2008,MFD,OH,AGL,CE,Combined TRACON& Tower with Radar,0,0,6,15,21,0,0,0,0,0,0,0,6,15,21,0,2,2,23
12/11/2008,MFD,OH,AGL,CE,Combined TRACON& Tower with Radar,0,2,25,21,48,0,0,5,9,14,0,2,30,30,62,2,34,36,98
12/12/2008,MFD,OH,AGL,CE,Combined TRACON& Tower with Radar,0,2,12,14,28,0,0,0,0,0,0,2,12,14,28,0,0,0,28
12/13/2008,MFD,OH,AGL,CE,Combined TRACON& Tower with Radar,0,0,18,0,18,0,0,58,0,58,0,0,76,0,76,24,0,24,100
12/14/2008,MFD,OH,AGL,CE,Combined TRACON& Tower with Radar,0,0,2,0,2,0,0,1,0,1,0,0,3,0,3,0,0,0,3
12/15/2008,MFD,OH,AGL,CE,Combined TRACON& Tower with Radar,0,0,6,2,8,0,0,1,0,1,0,0,7,2,9,10,0,10,19
12/16/2008,MFD,OH,AGL,CE,Combined TRACON& Tower with Radar,0,2,11,4,17,0,0,2,0,2,0,2,13,4,19,0,34,34,53
12/17/2008,MFD,OH,AGL,CE,Combined TRACON& Tower with Radar,0,0,12,5,17,0,0,0,0,0,0,0,12,5,17,0,0,0,17
12/18/2008,MFD,OH,AGL,CE,Combined TRACON& Tower with Radar,0,2,9,4,15,0,0,0,0,0,0,2,9,4,15,0,0,0,15
12/19/2008,MFD,OH,AGL,CE,Combined TRACON& Tower with Radar,0,0,2,1,3,0,0,0,0,0,0,0,2,1,3,0,0,0,3
12/20/2008,MFD,OH,AGL,CE,Combined TRACON& Tower with Radar,0,0,4,1,5,0,0,0,0,0,0,0,4,1,5,4,0,4,9
12/21/2008,MFD,OH,AGL,CE,Combined TRACON& Tower with Radar,0,0,0,1,1,0,0,0,1,1,0,0,0,2,2,0,0,0,2
12/22/2008,MFD,OH,AGL,CE,Combined TRACON& Tower with Radar,0,0,9,1,10,0,0,0,0,0,0,0,9,1,10,0,0,0,10
12/23/2008,MFD,OH,AGL,CE,Combined TRACON& Tower with Radar,0,1,6,6,13,0,0,5,1,6,0,1,11,7,19,2,16,18,37
12/24/2008,MFD,OH,AGL,CE,Combined TRACON& Tower with Radar,0,3,0,0,3,0,0,0,0,0,0,3,0,0,3,0,0,0,3
12/25/2008,MFD,OH,AGL,CE,Combined TRACON& Tower with Radar,0,0,0,0,0,0,0,0,0,0,0,0,0,0,0,0,0,0,0
12/26/2008,MFD,OH,AGL,CE,Combined TRACON& Tower with Radar,0,3,6,1,10,0,0,2,0,2,0,3,8,1,12,0,0,0,12
12/27/2008,MFD,OH,AGL,CE,Combined TRACON& Tower with Radar,0,1,3,0,4,0,0,0,0,0,0,1,3,0,4,0,0,0,4
12/28/2008,MFD,OH,AGL,CE,Combined TRACON& Tower with Radar,0,0,2,0,2,0,0,0,0,0,0,0,2,0,2,0,0,0,2
12/29/2008,MFD,OH,AGL,CE,Combined TRACON& Tower with Radar,0,0,42,0,42,0,0,29,0,29,0,0,71,0,71,4,0,4,75
12/30/2008,MFD,OH,AGL,CE,Combined TRACON& Tower with Radar,0,2,39,15,56,0,0,51,5,56,0,2,90,20,112,34,65,99,211
12/31/2008,MFD,OH,AGL,CE,Combined TRACON& Tower with Radar,0,0,2,2,4,0,2,0,0,2,0,2,2,2,6,0,0,0,6
01/01/2009,MFD,OH,AGL,CE,Combined TRACON& Tower with Radar,0,0,8,0,8,0,0,10,0,10,0,0,18,0,18,10,0,10,28
01/02/2009,MFD,OH,AGL,CE,Combined TRACON& Tower with Radar,0,1,2,0,3,0,0,8,0,8,0,1,10,0,11,0,0,0,11
01/03/2009,MFD,OH,AGL,CE,Combined TRACON& Tower with Radar,0,2,22,0,24,0,0,63,0,63,0,2,85,0,87,42,0,42,129
01/04/2009,MFD,OH,AGL,CE,Combined TRACON& Tower with Radar,0,1,2,0,3,0,0,0,0,0,0,1,2,0,3,0,0,0,3
01/05/2009,MFD,OH,AGL,CE,Combined TRACON& Tower with Radar,0,4,22,4,30,0,0,21,0,21,0,4,43,4,51,20,2,22,73
01/06/2009,MFD,OH,AGL,CE,Combined TRACON& Tower with Radar,0,0,5,1,6,0,0,0,0,0,0,0,5,1,6,0,0,0,6
01/07/2009,MFD,OH,AGL,CE,Combined TRACON& Tower with Radar,0,0,2,0,2,0,0,0,0,0,0,0,2,0,2,0,0,0,2
01/08/2009,MFD,OH,AGL,CE,Combined TRACON& Tower with Radar,0,0,2,0,2,0,0,0,0,0,0,0,2,0,2,0,0,0,2
01/09/2009,MFD,OH,AGL,CE,Combined TRACON& Tower with Radar,0,0,4,0,4,0,0,0,0,0,0,0,4,0,4,14,0,14,18
01/10/2009,MFD,OH,AGL,CE,Combined TRACON& Tower with Radar,0,0,1,0,1,0,0,0,0,0,0,0,1,0,1,0,0,0,1
01/11/2009,MFD,OH,AGL,CE,Combined TRACON& Tower with Radar,0,0,4,12,16,0,0,0,0,0,0,0,4,12,16,0,6,6,22
01/12/2009,MFD,OH,AGL,CE,Combined TRACON& Tower with Radar,0,0,2,2,4,0,0,0,0,0,0,0,2,2,4,0,0,0,4
01/13/2009,MFD,OH,AGL,CE,Combined TRACON& Tower with Radar,0,0,10,4,14,0,0,0,0,0,0,0,10,4,14,0,0,0,14
01/14/2009,MFD,OH,AGL,CE,Combined TRACON& Tower with Radar,0,0,6,0,6,0,0,0,0,0,0,0,6,0,6,0,0,0,6
01/15/2009,MFD,OH,AGL,CE,Combined TRACON& Tower with Radar,0,0,14,3,17,0,0,0,0,0,0,0,14,3,17,0,0,0,17
01/16/2009,MFD,OH,AGL,CE,Combined TRACON& Tower with Radar,0,0,5,0,5,0,0,0,0,0,0,0,5,0,5,0,0,0,5
01/17/2009,MFD,OH,AGL,CE,Combined TRACON& Tower with Radar,0,0,4,0,4,0,0,2,0,2,0,0,6,0,6,8,0,8,14
01/18/2009,MFD,OH,AGL,CE,Combined TRACON& Tower with Radar,0,0,2,1,3,0,0,0,0,0,0,0,2,1,3,0,0,0,3
01/19/2009,MFD,OH,AGL,CE,Combined TRACON& Tower with Radar,0,0,7,1,8,0,0,2,0,2,0,0,9,1,10,0,0,0,10
01/20/2009,MFD,OH,AGL,CE,Combined TRACON& Tower with Radar,0,0,11,5,16,0,0,0,0,0,0,0,11,5,16,0,0,0,16
01/21/2009,MFD,OH,AGL,CE,Combined TRACON& Tower with Radar,0,2,34,33,69,0,0,8,2,10,0,2,42,35,79,0,42,42,121
01/22/2009,MFD,OH,AGL,CE,Combined TRACON& Tower with Radar,0,0,37,5,42,0,0,17,10,27,0,0,54,15,69,18,8,26,95
01/23/2009,MFD,OH,AGL,CE,Combined TRACON& Tower with Radar,0,0,12,8,20,0,0,9,1,10,0,0,21,9,30,4,2,6,36
01/24/2009,MFD,OH,AGL,CE,Combined TRACON& Tower with Radar,0,0,16,1,17,0,1,9,0,10,0,1,25,1,27,12,0,12,39
01/25/2009,MFD,OH,AGL,CE,Combined TRACON& Tower with Radar,0,0,3,2,5,0,0,4,1,5,0,0,7,3,10,2,0,2,12
01/26/2009,MFD,OH,AGL,CE,Combined TRACON& Tower with Radar,0,0,20,4,24,0,0,23,0,23,0,0,43,4,47,8,0,8,55
01/27/2009,MFD,OH,AGL,CE,Combined TRACON& Tower with Radar,0,0,4,9,13,0,0,3,30,33,0,0,7,39,46,0,10,10,56
01/28/2009,MFD,OH,AGL,CE,Combined TRACON& Tower with Radar,0,0,4,0,4,0,0,0,0,0,0,0,4,0,4,0,0,0,4
01/29/2009,MFD,OH,AGL,CE,Combined TRACON& Tower with Radar,0,0,5,19,24,0,0,2,0,2,0,0,7,19,26,0,0,0,26
01/30/2009,MFD,OH,AGL,CE,Combined TRACON& Tower with Radar,0,0,9,1,10,0,0,0,0,0,0,0,9,1,10,0,0,0,10
01/31/2009,MFD,OH,AGL,CE,Combined TRACON& Tower with Radar,0,0,24,1,25,0,0,3,1,4,0,0,27,2,29,2,0,2,31
02/01/2009,MFD,OH,AGL,CE,Combined TRACON& Tower with Radar,0,0,17,1,18,0,0,18,0,18,0,0,35,1,36,20,0,20,56
02/02/2009,MFD,OH,AGL,CE,Combined TRACON& Tower with Radar,0,0,15,1,16,0,0,14,0,14,0,0,29,1,30,16,0,16,46
02/03/2009,MFD,OH,AGL,CE,Combined TRACON& Tower with Radar,0,0,11,12,23,0,0,6,6,12,0,0,17,18,35,0,10,10,45
02/04/2009,MFD,OH,AGL,CE,Combined TRACON& Tower with Radar,0,0,9,26,35,0,0,3,0,3,0,0,12,26,38,0,24,24,62
02/05/2009,MFD,OH,AGL,CE,Combined TRACON& Tower with Radar,0,0,8,6,14,0,0,20,12,32,0,0,28,18,46,20,12,32,78
02/06/2009,MFD,OH,AGL,CE,Combined TRACON& Tower with Radar,0,0,22,0,22,0,0,26,0,26,0,0,48,0,48,8,0,8,56
02/07/2009,MFD,OH,AGL,CE,Combined TRACON& Tower with Radar,0,0,9,1,10,0,0,4,0,4,0,0,13,1,14,2,0,2,16
02/08/2009,MFD,OH,AGL,CE,Combined TRACON& Tower with Radar,0,0,29,2,31,0,0,12,1,13,0,0,41,3,44,4,0,4,48
02/09/2009,MFD,OH,AGL,CE,Combined TRACON& Tower with Radar,0,0,30,18,48,0,1,29,0,30,0,1,59,18,78,12,0,12,90
02/10/2009,MFD,OH,AGL,CE,Combined TRACON& Tower with Radar,0,0,8,9,17,0,0,3,7,10,0,0,11,16,27,0,0,0,27
02/11/2009,MFD,OH,AGL,CE,Combined TRACON& Tower with Radar,0,2,4,9,15,0,0,0,0,0,0,2,4,9,15,0,20,20,35
02/12/2009,MFD,OH,AGL,CE,Combined TRACON& Tower with Radar,0,2,9,3,14,0,0,1,6,7,0,2,10,9,21,0,0,0,21
02/13/2009,MFD,OH,AGL,CE,Combined TRACON& Tower with Radar,0,0,28,6,34,0,0,31,2,33,0,0,59,8,67,0,0,0,67
02/14/2009,MFD,OH,AGL,CE,Combined TRACON& Tower with Radar,0,0,7,1,8,0,0,0,0,0,0,0,7,1,8,0,0,0,8
02/15/2009,MFD,OH,AGL,CE,Combined TRACON& Tower with Radar,0,0,21,1,22,0,0,1,0,1,0,0,22,1,23,0,0,0,23
02/16/2009,MFD,OH,AGL,CE,Combined TRACON& Tower with Radar,0,0,28,1,29,0,0,20,1,21,0,0,48,2,50,6,0,6,56
02/17/2009,MFD,OH,AGL,CE,Combined TRACON& Tower with Radar,0,2,20,12,34,0,0,30,3,33,0,2,50,15,67,0,34,34,101
02/18/2009,MFD,OH,AGL,CE,Combined TRACON& Tower with Radar,0,0,6,13,19,0,0,0,0,0,0,0,6,13,19,0,0,0,19
02/19/2009,MFD,OH,AGL,CE,Combined TRACON& Tower with Radar,0,0,8,3,11,0,0,0,0,0,0,0,8,3,11,0,0,0,11
02/20/2009,MFD,OH,AGL,CE,Combined TRACON& Tower with Radar,0,0,4,2,6,0,0,8,3,11,0,0,12,5,17,4,0,4,21
02/21/2009,MFD,OH,AGL,CE,Combined TRACON& Tower with Radar,0,0,1,1,2,0,0,4,0,4,0,0,5,1,6,0,0,0,6
02/22/2009,MFD,OH,AGL,CE,Combined TRACON& Tower with Radar,0,0,6,2,8,0,0,3,0,3,0,0,9,2,11,0,0,0,11
02/23/2009,MFD,OH,AGL,CE,Combined TRACON& Tower with Radar,0,0,18,1,19,0,0,17,0,17,0,0,35,1,36,0,0,0,36
02/24/2009,MFD,OH,AGL,CE,Combined TRACON& Tower with Radar,0,2,39,9,50,0,0,37,0,37,0,2,76,9,87,10,0,10,97
02/25/2009,MFD,OH,AGL,CE,Combined TRACON& Tower with Radar,0,4,27,15,46,0,0,22,4,26,0,4,49,19,72,14,60,74,146
02/26/2009,MFD,OH,AGL,CE,Combined TRACON& Tower with Radar,0,0,12,27,39,0,0,0,0,0,0,0,12,27,39,0,20,20,59
02/27/2009,MFD,OH,AGL,CE,Combined TRACON& Tower with Radar,0,0,10,3,13,0,0,0,1,1,0,0,10,4,14,0,0,0,14
02/28/2009,MFD,OH,AGL,CE,Combined TRACON& Tower with Radar,0,0,10,0,10,0,0,4,0,4,0,0,14,0,14,0,0,0,14
03/01/2009,MFD,OH,AGL,CE,Combined TRACON& Tower with Radar,0,0,23,0,23,0,2,30,0,32,0,2,53,0,55,12,0,12,67
03/02/2009,MFD,OH,AGL,CE,Combined TRACON& Tower with Radar,0,0,5,0,5,0,0,1,0,1,0,0,6,0,6,0,0,0,6
03/03/2009,MFD,OH,AGL,CE,Combined TRACON& Tower with Radar,0,0,25,13,38,0,1,26,5,32,0,1,51,18,70,6,18,24,94
03/04/2009,MFD,OH,AGL,CE,Combined TRACON& Tower with Radar,0,3,16,1,20,0,0,41,1,42,0,3,57,2,62,26,0,26,88
03/05/2009,MFD,OH,AGL,CE,Combined TRACON& Tower with Radar,0,1,23,6,30,0,0,13,1,14,0,1,36,7,44,8,8,16,60
03/06/2009,MFD,OH,AGL,CE,Combined TRACON& Tower with Radar,0,2,7,0,9,0,0,8,2,10,0,2,15,2,19,0,4,4,23
03/07/2009,MFD,OH,AGL,CE,Combined TRACON& Tower with Radar,0,2,4,2,8,0,0,4,0,4,0,2,8,2,12,22,0,22,34
03/08/2009,MFD,OH,AGL,CE,Combined TRACON& Tower with Radar,0,1,5,0,6,0,0,0,0,0,0,1,5,0,6,0,0,0,6
03/09/2009,MFD,OH,AGL,CE,Combined TRACON& Tower with Radar,0,5,22,0,27,0,0,9,0,9,0,5,31,0,36,0,0,0,36
03/10/2009,MFD,OH,AGL,CE,Combined TRACON& Tower with Radar,0,2,17,0,19,0,0,3,0,3,0,2,20,0,22,0,0,0,22
03/11/2009,MFD,OH,AGL,CE,Combined TRACON& Tower with Radar,0,2,13,3,18,0,0,5,0,5,0,2,18,3,23,2,2,4,27
03/12/2009,MFD,OH,AGL,CE,Combined TRACON& Tower with Radar,0,2,13,0,15,0,1,14,0,15,0,3,27,0,30,0,0,0,30
03/13/2009,MFD,OH,AGL,CE,Combined TRACON& Tower with Radar,0,0,61,12,73,0,0,32,0,32,0,0,93,12,105,0,32,32,137
03/14/2009,MFD,OH,AGL,CE,Combined TRACON& Tower with Radar,0,0,60,0,60,0,0,68,0,68,0,0,128,0,128,6,0,6,134
03/15/2009,MFD,OH,AGL,CE,Combined TRACON& Tower with Radar,0,2,33,0,35,0,0,59,0,59,0,2,92,0,94,28,0,28,122
03/16/2009,MFD,OH,AGL,CE,Combined TRACON& Tower with Radar,0,2,24,0,26,0,0,23,0,23,0,2,47,0,49,24,0,24,73
03/17/2009,MFD,OH,AGL,CE,Combined TRACON& Tower with Radar,0,0,40,1,41,0,0,48,0,48,0,0,88,1,89,10,0,10,99
03/18/2009,MFD,OH,AGL,CE,Combined TRACON& Tower with Radar,0,0,34,1,35,0,0,18,0,18,0,0,52,1,53,6,0,6,59
03/19/2009,MFD,OH,AGL,CE,Combined TRACON& Tower with Radar,0,0,20,1,21,0,0,21,4,25,0,0,41,5,46,12,16,28,74
03/20/2009,MFD,OH,AGL,CE,Combined TRACON& Tower with Radar,0,0,21,0,21,0,1,29,0,30,0,1,50,0,51,18,0,18,69
03/21/2009,MFD,OH,AGL,CE,Combined TRACON& Tower with Radar,0,2,18,2,22,0,0,59,0,59,0,2,77,2,81,52,0,52,133
03/22/2009,MFD,OH,AGL,CE,Combined TRACON& Tower with Radar,0,0,28,0,28,0,0,61,0,61,0,0,89,0,89,16,0,16,105
03/23/2009,MFD,OH,AGL,CE,Combined TRACON& Tower with Radar,0,0,7,5,12,0,0,23,0,23,0,0,30,5,35,30,0,30,65
03/24/2009,MFD,OH,AGL,CE,Combined TRACON& Tower with Radar,0,0,18,6,24,0,0,27,5,32,0,0,45,11,56,0,26,26,82
03/25/2009,MFD,OH,AGL,CE,Combined TRACON& Tower with Radar,0,0,9,45,54,0,0,0,0,0,0,0,9,45,54,0,0,0,54
03/26/2009,MFD,OH,AGL,CE,Combined TRACON& Tower with Radar,0,0,20,8,28,0,0,1,12,13,0,0,21,20,41,0,18,18,59
03/27/2009,MFD,OH,AGL,CE,Combined TRACON& Tower with Radar,0,1,35,2,38,0,0,46,0,46,0,1,81,2,84,12,0,12,96
03/28/2009,MFD,OH,AGL,CE,Combined TRACON& Tower with Radar,0,1,22,1,24,0,0,16,0,16,0,1,38,1,40,2,0,2,42
03/29/2009,MFD,OH,AGL,CE,Combined TRACON& Tower with Radar,0,0,1,2,3,0,0,3,0,3,0,0,4,2,6,4,0,4,10
03/30/2009,MFD,OH,AGL,CE,Combined TRACON& Tower with Radar,0,0,18,4,22,0,0,18,0,18,0,0,36,4,40,10,0,10,50
03/31/2009,MFD,OH,AGL,CE,Combined TRACON& Tower with Radar,0,0,18,8,26,0,0,17,4,21,0,0,35,12,47,0,16,16,63
04/01/2009,MFD,OH,AGL,CE,Combined TRACON& Tower with Radar,0,0,13,13,26,0,0,5,6,11,0,0,18,19,37,12,24,36,73
04/02/2009,MFD,OH,AGL,CE,Combined TRACON& Tower with Radar,0,4,11,12,27,0,0,32,0,32,0,4,43,12,59,2,78,80,139
04/03/2009,MFD,OH,AGL,CE,Combined TRACON& Tower with Radar,0,2,5,0,7,0,0,0,0,0,0,2,5,0,7,0,0,0,7
04/04/2009,MFD,OH,AGL,CE,Combined TRACON& Tower with Radar,0,0,23,0,23,0,0,45,0,45,0,0,68,0,68,6,0,6,74
04/05/2009,MFD,OH,AGL,CE,Combined TRACON& Tower with Radar,0,0,33,5,38,0,0,43,2,45,0,0,76,7,83,0,4,4,87
04/06/2009,MFD,OH,AGL,CE,Combined TRACON& Tower with Radar,0,0,1,1,2,0,0,0,0,0,0,0,1,1,2,0,0,0,2
04/07/2009,MFD,OH,AGL,CE,Combined TRACON& Tower with Radar,0,0,2,19,21,0,0,0,1,1,0,0,2,20,22,0,0,0,22
04/08/2009,MFD,OH,AGL,CE,Combined TRACON& Tower with Radar,0,0,16,9,25,0,0,27,4,31,0,0,43,13,56,38,18,56,112
04/09/2009,MFD,OH,AGL,CE,Combined TRACON& Tower with Radar,0,0,27,14,41,0,0,41,3,44,0,0,68,17,85,12,22,34,119
04/10/2009,MFD,OH,AGL,CE,Combined TRACON& Tower with Radar,0,4,10,2,16,0,0,4,0,4,0,4,14,2,20,0,0,0,20
04/11/2009,MFD,OH,AGL,CE,Combined TRACON& Tower with Radar,0,0,32,0,32,0,0,63,0,63,0,0,95,0,95,6,0,6,101
04/12/2009,MFD,OH,AGL,CE,Combined TRACON& Tower with Radar,0,0,22,0,22,0,0,30,0,30,0,0,52,0,52,4,0,4,56
04/13/2009,MFD,OH,AGL,CE,Combined TRACON& Tower with Radar,0,2,11,0,13,0,0,8,0,8,0,2,19,0,21,0,0,0,21
04/14/2009,MFD,OH,AGL,CE,Combined TRACON& Tower with Radar,0,2,18,10,30,0,0,0,0,0,0,2,18,10,30,0,0,0,30
04/15/2009,MFD,OH,AGL,CE,Combined TRACON& Tower with Radar,0,6,26,17,49,0,0,0,0,0,0,6,26,17,49,0,0,0,49
04/16/2009,MFD,OH,AGL,CE,Combined TRACON& Tower with Radar,0,0,38,18,56,0,0,32,14,46,0,0,70,32,102,0,46,46,148
04/17/2009,MFD,OH,AGL,CE,Combined TRACON& Tower with Radar,0,2,57,6,65,0,0,45,0,45,0,2,102,6,110,8,4,12,122
04/18/2009,MFD,OH,AGL,CE,Combined TRACON& Tower with Radar,0,2,23,1,26,0,0,64,1,65,0,2,87,2,91,24,0,24,115
04/19/2009,MFD,OH,AGL,CE,Combined TRACON& Tower with Radar,0,0,18,3,21,0,0,28,0,28,0,0,46,3,49,12,0,12,61
04/20/2009,MFD,OH,AGL,CE,Combined TRACON& Tower with Radar,0,0,9,6,15,0,0,0,0,0,0,0,9,6,15,0,4,4,19
04/21/2009,MFD,OH,AGL,CE,Combined TRACON& Tower with Radar,0,0,12,22,34,0,0,0,6,6,0,0,12,28,40,0,36,36,76
04/22/2009,MFD,OH,AGL,CE,Combined TRACON& Tower with Radar,0,0,17,18,35,0,0,3,0,3,0,0,20,18,38,0,2,2,40
04/23/2009,MFD,OH,AGL,CE,Combined TRACON& Tower with Radar,0,0,17,13,30,0,0,42,16,58,0,0,59,29,88,28,6,34,122
04/24/2009,MFD,OH,AGL,CE,Combined TRACON& Tower with Radar,0,0,19,3,22,0,1,22,0,23,0,1,41,3,45,8,10,18,63
04/25/2009,MFD,OH,AGL,CE,Combined TRACON& Tower with Radar,0,0,1,0,1,0,0,15,0,15,0,0,16,0,16,2,0,2,18
04/26/2009,MFD,OH,AGL,CE,Combined TRACON& Tower with Radar,0,0,13,0,13,0,0,45,0,45,0,0,58,0,58,10,0,10,68
04/27/2009,MFD,OH,AGL,CE,Combined TRACON& Tower with Radar,0,0,10,0,10,0,0,11,0,11,0,0,21,0,21,0,0,0,21
04/28/2009,MFD,OH,AGL,CE,Combined TRACON& Tower with Radar,0,0,17,12,29,0,0,2,0,2,0,0,19,12,31,0,0,0,31
04/29/2009,MFD,OH,AGL,CE,Combined TRACON& Tower with Radar,0,0,41,30,71,0,0,6,4,10,0,0,47,34,81,0,22,22,103
04/30/2009,MFD,OH,AGL,CE,Combined TRACON& Tower with Radar,0,0,14,6,20,0,0,1,0,1,0,0,15,6,21,0,30,30,51
05/01/2009,MFD,OH,AGL,CE,Combined TRACON& Tower with Radar,0,2,16,0,18,0,0,4,0,4,0,2,20,0,22,0,4,4,26
05/02/2009,MFD,OH,AGL,CE,Combined TRACON& Tower with Radar,0,0,21,4,25,0,0,106,0,106,0,0,127,4,131,0,0,0,131
05/03/2009,MFD,OH,AGL,CE,Combined TRACON& Tower with Radar,0,0,35,2,37,0,0,70,6,76,0,0,105,8,113,4,18,22,135
05/04/2009,MFD,OH,AGL,CE,Combined TRACON& Tower with Radar,0,2,17,4,23,0,0,19,1,20,0,2,36,5,43,20,2,22,65
05/05/2009,MFD,OH,AGL,CE,Combined TRACON& Tower with Radar,0,2,26,15,43,0,0,37,4,41,0,2,63,19,84,24,10,34,118
05/06/2009,MFD,OH,AGL,CE,Combined TRACON& Tower with Radar,0,4,16,9,29,0,0,0,0,0,0,4,16,9,29,0,0,0,29
05/07/2009,MFD,OH,AGL,CE,Combined TRACON& Tower with Radar,0,2,15,12,29,0,0,5,0,5,0,2,20,12,34,0,24,24,58
05/08/2009,MFD,OH,AGL,CE,Combined TRACON& Tower with Radar,0,0,25,1,26,0,0,2,0,2,0,0,27,1,28,0,0,0,28
05/09/2009,MFD,OH,AGL,CE,Combined TRACON& Tower with Radar,0,0,8,0,8,0,0,2,2,4,0,0,10,2,12,0,0,0,12
05/10/2009,MFD,OH,AGL,CE,Combined TRACON& Tower with Radar,0,2,24,0,26,0,1,21,0,22,0,3,45,0,48,0,0,0,48
05/11/2009,MFD,OH,AGL,CE,Combined TRACON& Tower with Radar,0,0,31,3,34,0,0,18,0,18,0,0,49,3,52,12,0,12,64
05/12/2009,MFD,OH,AGL,CE,Combined TRACON& Tower with Radar,0,1,15,4,20,0,0,29,1,30,0,1,44,5,50,10,10,20,70
05/13/2009,MFD,OH,AGL,CE,Combined TRACON& Tower with Radar,0,2,7,9,18,0,1,5,1,7,0,3,12,10,25,6,0,6,31
05/14/2009,MFD,OH,AGL,CE,Combined TRACON& Tower with Radar,0,2,12,6,20,0,0,7,5,12,0,2,19,11,32,0,8,8,40
05/15/2009,MFD,OH,AGL,CE,Combined TRACON& Tower with Radar,0,0,39,0,39,0,0,40,0,40,0,0,79,0,79,42,0,42,121
05/16/2009,MFD,OH,AGL,CE,Combined TRACON& Tower with Radar,0,1,66,1,68,0,0,3,0,3,0,1,69,1,71,14,0,14,85
05/17/2009,MFD,OH,AGL,CE,Combined TRACON& Tower with Radar,0,3,45,0,48,0,0,78,0,78,0,3,123,0,126,48,0,48,174
05/18/2009,MFD,OH,AGL,CE,Combined TRACON& Tower with Radar,0,0,31,1,32,0,2,32,1,35,0,2,63,2,67,2,0,2,69
05/19/2009,MFD,OH,AGL,CE,Combined TRACON& Tower with Radar,0,2,29,16,47,0,0,23,5,28,0,2,52,21,75,0,30,30,105
05/20/2009,MFD,OH,AGL,CE,Combined TRACON& Tower with Radar,0,2,18,17,37,0,0,46,5,51,0,2,64,22,88,52,38,90,178
05/21/2009,MFD,OH,AGL,CE,Combined TRACON& Tower with Radar,0,4,21,11,36,0,0,37,8,45,0,4,58,19,81,2,78,80,161
05/22/2009,MFD,OH,AGL,CE,Combined TRACON& Tower with Radar,0,2,29,0,31,0,0,32,0,32,0,2,61,0,63,0,0,0,63
05/23/2009,MFD,OH,AGL,CE,Combined TRACON& Tower with Radar,0,0,23,0,23,0,0,63,0,63,0,0,86,0,86,26,0,26,112
05/24/2009,MFD,OH,AGL,CE,Combined TRACON& Tower with Radar,0,1,13,0,14,0,0,38,1,39,0,1,51,1,53,38,0,38,91
05/25/2009,MFD,OH,AGL,CE,Combined TRACON& Tower with Radar,0,3,17,0,20,0,0,22,0,22,0,3,39,0,42,22,0,22,64
05/26/2009,MFD,OH,AGL,CE,Combined TRACON& Tower with Radar,0,2,5,11,18,0,0,1,0,1,0,2,6,11,19,0,6,6,25
05/27/2009,MFD,OH,AGL,CE,Combined TRACON& Tower with Radar,0,2,5,16,23,0,0,1,6,7,0,2,6,22,30,0,0,0,30
05/28/2009,MFD,OH,AGL,CE,Combined TRACON& Tower with Radar,0,0,16,7,23,0,0,4,2,6,0,0,20,9,29,0,28,28,57
05/29/2009,MFD,OH,AGL,CE,Combined TRACON& Tower with Radar,0,0,34,2,36,0,0,26,0,26,0,0,60,2,62,26,0,26,88
05/30/2009,MFD,OH,AGL,CE,Combined TRACON& Tower with Radar,0,0,42,0,42,0,1,90,0,91,0,1,132,0,133,60,0,60,193
05/31/2009,MFD,OH,AGL,CE,Combined TRACON& Tower with Radar,0,0,40,0,40,0,0,49,0,49,0,0,89,0,89,46,0,46,135
06/01/2009,MFD,OH,AGL,CE,Combined TRACON& Tower with Radar,0,0,18,0,18,0,0,11,0,11,0,0,29,0,29,12,0,12,41
06/02/2009,MFD,OH,AGL,CE,Combined TRACON& Tower with Radar,0,2,5,6,13,0,0,0,0,0,0,2,5,6,13,0,0,0,13
06/03/2009,MFD,OH,AGL,CE,Combined TRACON& Tower with Radar,0,0,41,0,41,0,0,6,0,6,0,0,47,0,47,4,0,4,51
06/04/2009,MFD,OH,AGL,CE,Combined TRACON& Tower with Radar,0,0,61,17,78,0,0,52,1,53,0,0,113,18,131,14,2,16,147
06/05/2009,MFD,OH,AGL,CE,Combined TRACON& Tower with Radar,0,0,22,7,29,0,0,31,0,31,0,0,53,7,60,32,12,44,104
06/06/2009,MFD,OH,AGL,CE,Combined TRACON& Tower with Radar,0,0,26,2,28,0,0,94,4,98,0,0,120,6,126,48,4,52,178
06/07/2009,MFD,OH,AGL,CE,Combined TRACON& Tower with Radar,0,0,21,6,27,0,0,37,6,43,0,0,58,12,70,14,18,32,102
06/08/2009,MFD,OH,AGL,CE,Combined TRACON& Tower with Radar,0,0,11,0,11,0,0,4,0,4,0,0,15,0,15,0,0,0,15
06/09/2009,MFD,OH,AGL,CE,Combined TRACON& Tower with Radar,0,2,29,2,33,0,0,23,2,25,0,2,52,4,58,16,8,24,82
06/10/2009,MFD,OH,AGL,CE,Combined TRACON& Tower with Radar,0,0,21,11,32,0,0,8,4,12,0,0,29,15,44,10,18,28,72
06/11/2009,MFD,OH,AGL,CE,Combined TRACON& Tower with Radar,0,2,16,24,42,0,0,0,0,0,0,2,16,24,42,0,12,12,54
06/12/2009,MFD,OH,AGL,CE,Combined TRACON& Tower with Radar,0,0,23,0,23,0,0,15,2,17,0,0,38,2,40,0,0,0,40
06/13/2009,MFD,OH,AGL,CE,Combined TRACON& Tower with Radar,0,1,13,0,14,0,0,26,2,28,0,1,39,2,42,0,0,0,42
06/14/2009,MFD,OH,AGL,CE,Combined TRACON& Tower with Radar,0,1,16,0,17,0,0,58,0,58,0,1,74,0,75,18,0,18,93
06/15/2009,MFD,OH,AGL,CE,Combined TRACON& Tower with Radar,0,3,18,1,22,0,0,33,0,33,0,3,51,1,55,22,1,23,78
06/16/2009,MFD,OH,AGL,CE,Combined TRACON& Tower with Radar,0,2,28,19,49,0,0,47,7,54,0,2,75,26,103,8,16,24,127
06/17/2009,MFD,OH,AGL,CE,Combined TRACON& Tower with Radar,0,2,17,6,25,0,0,3,4,7,0,2,20,10,32,0,34,34,66
06/18/2009,MFD,OH,AGL,CE,Combined TRACON& Tower with Radar,0,3,30,10,43,0,0,10,4,14,0,3,40,14,57,0,18,18,75
06/19/2009,MFD,OH,AGL,CE,Combined TRACON& Tower with Radar,0,4,9,0,13,0,2,2,0,4,0,6,11,0,17,8,0,8,25
06/20/2009,MFD,OH,AGL,CE,Combined TRACON& Tower with Radar,0,7,15,0,22,0,0,6,0,6,0,7,21,0,28,0,0,0,28
06/21/2009,MFD,OH,AGL,CE,Combined TRACON& Tower with Radar,0,0,22,0,22,0,0,36,0,36,0,0,58,0,58,0,0,0,58
06/22/2009,MFD,OH,AGL,CE,Combined TRACON& Tower with Radar,0,0,38,0,38,0,0,35,0,35,0,0,73,0,73,50,0,50,123
06/23/2009,MFD,OH,AGL,CE,Combined TRACON& Tower with Radar,0,0,24,4,28,0,0,18,6,24,0,0,42,10,52,0,28,28,80
06/24/2009,MFD,OH,AGL,CE,Combined TRACON& Tower with Radar,0,0,37,27,64,0,0,53,7,60,0,0,90,34,124,10,54,64,188
06/25/2009,MFD,OH,AGL,CE,Combined TRACON& Tower with Radar,0,2,23,4,29,0,0,12,0,12,0,2,35,4,41,4,8,12,53
06/26/2009,MFD,OH,AGL,CE,Combined TRACON& Tower with Radar,0,1,40,1,42,0,0,23,0,23,0,1,63,1,65,0,0,0,65
06/27/2009,MFD,OH,AGL,CE,Combined TRACON& Tower with Radar,0,0,15,1,16,0,0,47,0,47,0,0,62,1,63,10,0,10,73
06/28/2009,MFD,OH,AGL,CE,Combined TRACON& Tower with Radar,0,0,16,0,16,0,0,17,0,17,0,0,33,0,33,10,0,10,43
06/29/2009,MFD,OH,AGL,CE,Combined TRACON& Tower with Radar,0,2,27,1,30,0,0,19,1,20,0,2,46,2,50,18,0,18,68
06/30/2009,MFD,OH,AGL,CE,Combined TRACON& Tower with Radar,0,0,12,0,12,0,5,4,3,12,0,5,16,3,24,0,0,0,24
07/01/2009,MFD,OH,AGL,CE,Combined TRACON& Tower with Radar,0,2,40,9,51,0,0,14,5,19,0,2,54,14,70,0,18,18,88
07/02/2009,MFD,OH,AGL,CE,Combined TRACON& Tower with Radar,0,0,33,2,35,0,0,2,0,2,0,0,35,2,37,0,0,0,37
07/03/2009,MFD,OH,AGL,CE,Combined TRACON& Tower with Radar,0,2,25,0,27,0,0,28,0,28,0,2,53,0,55,0,0,0,55
07/04/2009,MFD,OH,AGL,CE,Combined TRACON& Tower with Radar,0,0,5,0,5,0,0,48,0,48,0,0,53,0,53,2,0,2,55
07/05/2009,MFD,OH,AGL,CE,Combined TRACON& Tower with Radar,0,2,12,1,15,0,0,35,0,35,0,2,47,1,50,2,0,2,52
07/06/2009,MFD,OH,AGL,CE,Combined TRACON& Tower with Radar,0,0,48,0,48,0,0,29,0,29,0,0,77,0,77,22,0,22,99
07/07/2009,MFD,OH,AGL,CE,Combined TRACON& Tower with Radar,0,2,39,7,48,0,0,33,8,41,0,2,72,15,89,12,4,16,105
07/08/2009,MFD,OH,AGL,CE,Combined TRACON& Tower with Radar,0,0,42,10,52,0,0,43,4,47,0,0,85,14,99,12,22,34,133
07/09/2009,MFD,OH,AGL,CE,Combined TRACON& Tower with Radar,0,6,23,2,31,0,0,33,1,34,0,6,56,3,65,20,12,32,97
07/10/2009,MFD,OH,AGL,CE,Combined TRACON& Tower with Radar,0,0,16,2,18,0,0,31,0,31,0,0,47,2,49,6,0,6,55
07/11/2009,MFD,OH,AGL,CE,Combined TRACON& Tower with Radar,0,6,7,0,13,0,0,8,4,12,0,6,15,4,25,0,0,0,25
07/12/2009,MFD,OH,AGL,CE,Combined TRACON& Tower with Radar,0,0,38,5,43,0,4,52,6,62,0,4,90,11,105,2,2,4,109
07/13/2009,MFD,OH,AGL,CE,Combined TRACON& Tower with Radar,0,4,21,2,27,0,0,33,0,33,0,4,54,2,60,36,0,36,96
07/14/2009,MFD,OH,AGL,CE,Combined TRACON& Tower with Radar,0,2,37,3,42,0,0,42,0,42,0,2,79,3,84,14,0,14,98
07/15/2009,MFD,OH,AGL,CE,Combined TRACON& Tower with Radar,0,1,10,7,18,0,0,6,4,10,0,1,16,11,28,16,12,28,56
07/16/2009,MFD,OH,AGL,CE,Combined TRACON& Tower with Radar,0,3,30,4,37,0,0,27,3,30,0,3,57,7,67,4,18,22,89
07/17/2009,MFD,OH,AGL,CE,Combined TRACON& Tower with Radar,0,1,8,1,10,0,0,13,0,13,0,1,21,1,23,0,0,0,23
07/18/2009,MFD,OH,AGL,CE,Combined TRACON& Tower with Radar,0,2,17,0,19,0,0,21,0,21,0,2,38,0,40,0,0,0,40
07/19/2009,MFD,OH,AGL,CE,Combined TRACON& Tower with Radar,0,2,17,0,19,0,0,40,0,40,0,2,57,0,59,14,0,14,73
07/20/2009,MFD,OH,AGL,CE,Combined TRACON& Tower with Radar,0,2,19,2,23,0,0,20,0,20,0,2,39,2,43,20,0,20,63
07/21/2009,MFD,OH,AGL,CE,Combined TRACON& Tower with Radar,0,0,33,2,35,0,0,25,0,25,0,0,58,2,60,14,0,14,74
07/22/2009,MFD,OH,AGL,CE,Combined TRACON& Tower with Radar,0,0,12,8,20,0,0,2,1,3,0,0,14,9,23,0,0,0,23
07/23/2009,MFD,OH,AGL,CE,Combined TRACON& Tower with Radar,0,0,28,9,37,0,0,5,1,6,0,0,33,10,43,0,28,28,71
07/24/2009,MFD,OH,AGL,CE,Combined TRACON& Tower with Radar,0,1,18,5,24,0,0,39,1,40,0,1,57,6,64,12,2,14,78
07/25/2009,MFD,OH,AGL,CE,Combined TRACON& Tower with Radar,0,1,5,1,7,0,0,0,0,0,0,1,5,1,7,0,0,0,7
07/26/2009,MFD,OH,AGL,CE,Combined TRACON& Tower with Radar,0,0,24,1,25,0,0,32,0,32,0,0,56,1,57,10,0,10,67
07/27/2009,MFD,OH,AGL,CE,Combined TRACON& Tower with Radar,0,0,17,6,23,0,0,37,0,37,0,0,54,6,60,26,0,26,86
07/28/2009,MFD,OH,AGL,CE,Combined TRACON& Tower with Radar,0,0,12,7,19,0,0,24,10,34,0,0,36,17,53,6,8,14,67
07/29/2009,MFD,OH,AGL,CE,Combined TRACON& Tower with Radar,0,0,12,2,14,0,0,4,4,8,0,0,16,6,22,0,10,10,32
07/30/2009,MFD,OH,AGL,CE,Combined TRACON& Tower with Radar,0,2,32,4,38,0,0,37,2,39,0,2,69,6,77,0,0,0,77
07/31/2009,MFD,OH,AGL,CE,Combined TRACON& Tower with Radar,0,0,25,0,25,0,0,23,0,23,0,0,48,0,48,8,0,8,56
08/01/2009,MFD,OH,AGL,CE,Combined TRACON& Tower with Radar,0,0,23,0,23,0,0,30,0,30,0,0,53,0,53,18,0,18,71
08/02/2009,MFD,OH,AGL,CE,Combined TRACON& Tower with Radar,0,2,18,2,22,0,0,23,0,23,0,2,41,2,45,2,0,2,47
08/03/2009,MFD,OH,AGL,CE,Combined TRACON& Tower with Radar,0,0,19,0,19,0,0,20,0,20,0,0,39,0,39,4,0,4,43
08/04/2009,MFD,OH,AGL,CE,Combined TRACON& Tower with Radar,0,0,14,7,21,0,0,12,0,12,0,0,26,7,33,2,34,36,69
08/05/2009,MFD,OH,AGL,CE,Combined TRACON& Tower with Radar,0,0,27,0,27,0,0,36,0,36,0,0,63,0,63,22,0,22,85
08/06/2009,MFD,OH,AGL,CE,Combined TRACON& Tower with Radar,0,8,34,17,59,0,0,46,0,46,0,8,80,17,105,12,8,20,125
08/07/2009,MFD,OH,AGL,CE,Combined TRACON& Tower with Radar,0,0,34,0,34,0,0,36,0,36,0,0,70,0,70,8,0,8,78
08/08/2009,MFD,OH,AGL,CE,Combined TRACON& Tower with Radar,0,0,20,2,22,0,0,25,0,25,0,0,45,2,47,44,0,44,91
08/09/2009,MFD,OH,AGL,CE,Combined TRACON& Tower with Radar,0,2,41,0,43,0,2,28,3,33,0,4,69,3,76,0,2,2,78
08/10/2009,MFD,OH,AGL,CE,Combined TRACON& Tower with Radar,0,2,33,0,35,0,0,7,0,7,0,2,40,0,42,6,0,6,48
08/11/2009,MFD,OH,AGL,CE,Combined TRACON& Tower with Radar,0,2,20,4,26,0,0,6,4,10,0,2,26,8,36,4,28,32,68
08/12/2009,MFD,OH,AGL,CE,Combined TRACON& Tower with Radar,0,6,39,11,56,0,0,20,10,30,0,6,59,21,86,8,6,14,100
08/13/2009,MFD,OH,AGL,CE,Combined TRACON& Tower with Radar,0,2,49,0,51,0,0,49,2,51,0,2,98,2,102,28,0,28,130
08/14/2009,MFD,OH,AGL,CE,Combined TRACON& Tower with Radar,0,2,11,3,16,0,0,37,0,37,0,2,48,3,53,8,0,8,61
08/15/2009,MFD,OH,AGL,CE,Combined TRACON& Tower with Radar,0,0,26,0,26,0,0,48,0,48,0,0,74,0,74,4,0,4,78
08/16/2009,MFD,OH,AGL,CE,Combined TRACON& Tower with Radar,0,0,30,0,30,0,0,45,0,45,0,0,75,0,75,18,0,18,93
08/17/2009,MFD,OH,AGL,CE,Combined TRACON& Tower with Radar,0,2,13,0,15,0,0,7,0,7,0,2,20,0,22,26,0,26,48
08/18/2009,MFD,OH,AGL,CE,Combined TRACON& Tower with Radar,0,2,32,4,38,0,0,7,0,7,0,2,39,4,45,0,20,20,65
08/19/2009,MFD,OH,AGL,CE,Combined TRACON& Tower with Radar,0,0,24,8,32,0,0,19,6,25,0,0,43,14,57,10,38,48,105
08/20/2009,MFD,OH,AGL,CE,Combined TRACON& Tower with Radar,0,0,20,0,20,0,2,4,0,6,0,2,24,0,26,0,4,4,30
08/21/2009,MFD,OH,AGL,CE,Combined TRACON& Tower with Radar,0,0,29,0,29,0,0,18,0,18,0,0,47,0,47,0,0,0,47
08/22/2009,MFD,OH,AGL,CE,Combined TRACON& Tower with Radar,0,0,43,2,45,0,0,12,0,12,0,0,55,2,57,0,0,0,57
08/23/2009,MFD,OH,AGL,CE,Combined TRACON& Tower with Radar,0,0,47,0,47,0,0,29,0,29,0,0,76,0,76,0,0,0,76
08/24/2009,MFD,OH,AGL,CE,Combined TRACON& Tower with Radar,0,2,27,5,34,0,0,25,0,25,0,2,52,5,59,26,0,26,85
08/25/2009,MFD,OH,AGL,CE,Combined TRACON& Tower with Radar,0,0,28,4,32,0,0,45,2,47,0,0,73,6,79,43,26,69,148
08/26/2009,MFD,OH,AGL,CE,Combined TRACON& Tower with Radar,0,3,17,3,23,0,0,21,0,21,0,3,38,3,44,2,2,4,48
08/27/2009,MFD,OH,AGL,CE,Combined TRACON& Tower with Radar,0,0,41,7,48,0,0,12,0,12,0,0,53,7,60,10,0,10,70
08/28/2009,MFD,OH,AGL,CE,Combined TRACON& Tower with Radar,0,0,12,0,12,0,0,3,0,3,0,0,15,0,15,15,0,15,30
08/29/2009,MFD,OH,AGL,CE,Combined TRACON& Tower with Radar,0,0,16,2,18,0,0,12,0,12,0,0,28,2,30,8,0,8,38
08/30/2009,MFD,OH,AGL,CE,Combined TRACON& Tower with Radar,0,0,35,0,35,0,0,20,0,20,0,0,55,0,55,22,0,22,77
08/31/2009,MFD,OH,AGL,CE,Combined TRACON& Tower with Radar,0,0,59,0,59,0,0,34,0,34,0,0,93,0,93,16,0,16,109
09/01/2009,MFD,OH,AGL,CE,Combined TRACON& Tower with Radar,0,1,48,6,55,0,0,45,10,55,0,1,93,16,110,34,26,60,170
09/02/2009,MFD,OH,AGL,CE,Combined TRACON& Tower with Radar,0,0,22,0,22,0,0,27,0,27,0,0,49,0,49,18,0,18,67
09/03/2009,MFD,OH,AGL,CE,Combined TRACON& Tower with Radar,0,1,19,4,24,0,1,35,5,41,0,2,54,9,65,4,12,16,81
09/04/2009,MFD,OH,AGL,CE,Combined TRACON& Tower with Radar,0,3,57,4,64,0,3,47,3,53,0,6,104,7,117,14,4,18,135
09/05/2009,MFD,OH,AGL,CE,Combined TRACON& Tower with Radar,0,0,16,0,16,0,2,29,0,31,0,2,45,0,47,4,0,4,51
09/06/2009,MFD,OH,AGL,CE,Combined TRACON& Tower with Radar,0,2,34,0,36,0,1,28,0,29,0,3,62,0,65,2,0,2,67
09/07/2009,MFD,OH,AGL,CE,Combined TRACON& Tower with Radar,0,0,17,0,17,0,2,3,0,5,0,2,20,0,22,0,0,0,22
09/08/2009,MFD,OH,AGL,CE,Combined TRACON& Tower with Radar,0,0,15,1,16,0,1,3,1,5,0,1,18,2,21,6,2,8,29
09/09/2009,MFD,OH,AGL,CE,Combined TRACON& Tower with Radar,0,0,23,0,23,0,0,22,0,22,0,0,45,0,45,36,0,36,81
09/10/2009,MFD,OH,AGL,CE,Combined TRACON& Tower with Radar,0,0,53,5,58,0,0,44,1,45,0,0,97,6,103,8,24,32,135
09/11/2009,MFD,OH,AGL,CE,Combined TRACON& Tower with Radar,0,0,37,1,38,0,0,35,0,35,0,0,72,1,73,22,0,22,95
09/12/2009,MFD,OH,AGL,CE,Combined TRACON& Tower with Radar,0,0,22,5,27,0,3,42,0,45,0,3,64,5,72,24,0,24,96
09/13/2009,MFD,OH,AGL,CE,Combined TRACON& Tower with Radar,0,0,24,5,29,0,0,53,8,61,0,0,77,13,90,0,10,10,100
09/14/2009,MFD,OH,AGL,CE,Combined TRACON& Tower with Radar,0,0,31,0,31,0,1,25,1,27,0,1,56,1,58,38,0,38,96
09/15/2009,MFD,OH,AGL,CE,Combined TRACON& Tower with Radar,0,0,41,20,61,0,3,34,11,48,0,3,75,31,109,38,36,74,183
09/16/2009,MFD,OH,AGL,CE,Combined TRACON& Tower with Radar,0,0,32,0,32,0,0,20,0,20,0,0,52,0,52,12,0,12,64
09/17/2009,MFD,OH,AGL,CE,Combined TRACON& Tower with Radar,0,0,26,11,37,0,1,27,2,30,0,1,53,13,67,16,0,16,83
09/18/2009,MFD,OH,AGL,CE,Combined TRACON& Tower with Radar,0,2,35,1,38,0,0,30,0,30,0,2,65,1,68,6,0,6,74
09/19/2009,MFD,OH,AGL,CE,Combined TRACON& Tower with Radar,0,4,20,1,25,0,0,46,0,46,0,4,66,1,71,22,0,22,93
09/20/2009,MFD,OH,AGL,CE,Combined TRACON& Tower with Radar,0,2,17,0,19,0,0,25,0,25,0,2,42,0,44,0,0,0,44
09/21/2009,MFD,OH,AGL,CE,Combined TRACON& Tower with Radar,0,0,25,2,27,0,0,0,0,0,0,0,25,2,27,0,0,0,27
09/22/2009,MFD,OH,AGL,CE,Combined TRACON& Tower with Radar,0,2,24,10,36,0,1,0,3,4,0,3,24,13,40,0,2,2,42
09/23/2009,MFD,OH,AGL,CE,Combined TRACON& Tower with Radar,0,2,12,6,20,0,0,3,0,3,0,2,15,6,23,34,0,34,57
09/24/2009,MFD,OH,AGL,CE,Combined TRACON& Tower with Radar,0,0,27,15,42,0,0,3,11,14,0,0,30,26,56,4,20,24,80
09/25/2009,MFD,OH,AGL,CE,Combined TRACON& Tower with Radar,0,2,30,0,32,0,0,25,0,25,0,2,55,0,57,26,0,26,83
09/26/2009,MFD,OH,AGL,CE,Combined TRACON& Tower with Radar,0,0,14,0,14,0,0,0,0,0,0,0,14,0,14,0,0,0,14
09/27/2009,MFD,OH,AGL,CE,Combined TRACON& Tower with Radar,0,0,16,0,16,0,0,11,0,11,0,0,27,0,27,0,0,0,27
09/28/2009,MFD,OH,AGL,CE,Combined TRACON& Tower with Radar,0,0,3,0,3,0,0,0,0,0,0,0,3,0,3,0,0,0,3
09/29/2009,MFD,OH,AGL,CE,Combined TRACON& Tower with Radar,0,0,15,14,29,0,0,0,4,4,0,0,15,18,33,0,8,8,41
09/30/2009,MFD,OH,AGL,CE,Combined TRACON& Tower with Radar,0,2,36,13,51,0,0,5,0,5,0,2,41,13,56,0,0,0,56
10/01/2009,MFD,OH,AGL,CE,Combined TRACON& Tower with Radar,0,6,34,7,47,0,0,31,7,38,0,6,65,14,85,18,28,46,131
10/02/2009,MFD,OH,AGL,CE,Combined TRACON& Tower with Radar,0,1,17,0,18,0,0,3,0,3,0,1,20,0,21,28,0,28,49
10/03/2009,MFD,OH,AGL,CE,Combined TRACON& Tower with Radar,0,3,18,0,21,0,0,9,0,9,0,3,27,0,30,12,0,12,42
10/04/2009,MFD,OH,AGL,CE,Combined TRACON& Tower with Radar,0,1,13,2,16,0,1,22,7,30,0,2,35,9,46,30,6,36,82
10/05/2009,MFD,OH,AGL,CE,Combined TRACON& Tower with Radar,0,2,41,1,44,0,0,21,1,22,0,2,62,2,66,38,2,40,106
10/06/2009,MFD,OH,AGL,CE,Combined TRACON& Tower with Radar,0,6,15,6,27,0,0,7,2,9,0,6,22,8,36,0,4,4,40
10/07/2009,MFD,OH,AGL,CE,Combined TRACON& Tower with Radar,0,0,15,11,26,0,0,6,0,6,0,0,21,11,32,8,0,8,40
10/08/2009,MFD,OH,AGL,CE,Combined TRACON& Tower with Radar,0,0,17,17,34,0,1,5,8,14,0,1,22,25,48,0,26,26,74
10/09/2009,MFD,OH,AGL,CE,Combined TRACON& Tower with Radar,0,0,15,3,18,0,0,0,0,0,0,0,15,3,18,0,0,0,18
10/10/2009,MFD,OH,AGL,CE,Combined TRACON& Tower with Radar,0,0,30,0,30,0,0,8,0,8,0,0,38,0,38,0,0,0,38
10/11/2009,MFD,OH,AGL,CE,Combined TRACON& Tower with Radar,0,4,20,0,24,0,0,54,0,54,0,4,74,0,78,4,0,4,82
10/12/2009,MFD,OH,AGL,CE,Combined TRACON& Tower with Radar,0,0,19,1,20,0,0,11,0,11,0,0,30,1,31,4,0,4,35
10/13/2009,MFD,OH,AGL,CE,Combined TRACON& Tower with Radar,0,2,19,17,38,0,0,2,9,11,0,2,21,26,49,0,28,28,77
10/14/2009,MFD,OH,AGL,CE,Combined TRACON& Tower with Radar,0,5,9,11,25,0,0,1,0,1,0,5,10,11,26,0,24,24,50
10/15/2009,MFD,OH,AGL,CE,Combined TRACON& Tower with Radar,0,0,8,30,38,0,0,1,0,1,0,0,9,30,39,0,0,0,39
10/16/2009,MFD,OH,AGL,CE,Combined TRACON& Tower with Radar,0,0,5,3,8,0,0,0,0,0,0,0,5,3,8,0,0,0,8
10/17/2009,MFD,OH,AGL,CE,Combined TRACON& Tower with Radar,0,0,10,0,10,0,0,22,0,22,0,0,32,0,32,0,0,0,32
10/18/2009,MFD,OH,AGL,CE,Combined TRACON& Tower with Radar,0,0,31,3,34,0,0,41,0,41,0,0,72,3,75,22,0,22,97
10/19/2009,MFD,OH,AGL,CE,Combined TRACON& Tower with Radar,0,2,30,10,42,0,0,18,2,20,0,2,48,12,62,22,0,22,84
10/20/2009,MFD,OH,AGL,CE,Combined TRACON& Tower with Radar,0,0,45,12,57,0,0,40,2,42,0,0,85,14,99,26,0,26,125
10/21/2009,MFD,OH,AGL,CE,Combined TRACON& Tower with Radar,0,0,22,7,29,0,1,40,0,41,0,1,62,7,70,38,0,38,108
10/22/2009,MFD,OH,AGL,CE,Combined TRACON& Tower with Radar,0,0,22,7,29,0,0,19,3,22,0,0,41,10,51,12,4,16,67
10/23/2009,MFD,OH,AGL,CE,Combined TRACON& Tower with Radar,0,0,12,0,12,0,0,0,0,0,0,0,12,0,12,0,0,0,12
10/24/2009,MFD,OH,AGL,CE,Combined TRACON& Tower with Radar,0,0,23,0,23,0,0,1,0,1,0,0,24,0,24,0,0,0,24
10/25/2009,MFD,OH,AGL,CE,Combined TRACON& Tower with Radar,0,2,25,0,27,0,2,46,0,48,0,4,71,0,75,10,0,10,85
10/26/2009,MFD,OH,AGL,CE,Combined TRACON& Tower with Radar,0,6,29,0,35,0,2,19,0,21,0,8,48,0,56,14,0,14,70
10/27/2009,MFD,OH,AGL,CE,Combined TRACON& Tower with Radar,0,1,15,3,19,0,1,22,2,25,0,2,37,5,44,4,2,6,50
10/28/2009,MFD,OH,AGL,CE,Combined TRACON& Tower with Radar,0,8,30,9,47,0,0,2,1,3,0,8,32,10,50,0,0,0,50
10/29/2009,MFD,OH,AGL,CE,Combined TRACON& Tower with Radar,0,0,17,14,31,0,0,23,12,35,0,0,40,26,66,18,36,54,120
10/30/2009,MFD,OH,AGL,CE,Combined TRACON& Tower with Radar,0,0,7,1,8,0,0,1,0,1,0,0,8,1,9,6,0,6,15
10/31/2009,MFD,OH,AGL,CE,Combined TRACON& Tower with Radar,0,0,8,0,8,0,0,1,0,1,0,0,9,0,9,10,0,10,19
11/01/2009,MFD,OH,AGL,CE,Combined TRACON& Tower with Radar,0,0,52,1,53,0,0,44,0,44,0,0,96,1,97,0,0,0,97
11/02/2009,MFD,OH,AGL,CE,Combined TRACON& Tower with Radar,0,0,16,0,16,0,0,6,0,6,0,0,22,0,22,4,0,4,26
11/03/2009,MFD,OH,AGL,CE,Combined TRACON& Tower with Radar,0,0,11,6,17,0,2,14,1,17,0,2,25,7,34,0,2,2,36
11/04/2009,MFD,OH,AGL,CE,Combined TRACON& Tower with Radar,0,2,7,3,12,0,0,9,5,14,0,2,16,8,26,14,8,22,48
11/05/2009,MFD,OH,AGL,CE,Combined TRACON& Tower with Radar,0,4,13,12,29,0,0,11,8,19,0,4,24,20,48,10,42,52,100
11/06/2009,MFD,OH,AGL,CE,Combined TRACON& Tower with Radar,0,4,33,0,37,0,0,43,1,44,0,4,76,1,81,4,0,4,85
11/07/2009,MFD,OH,AGL,CE,Combined TRACON& Tower with Radar,0,4,26,10,40,0,5,60,0,65,0,9,86,10,105,10,6,16,121
11/08/2009,MFD,OH,AGL,CE,Combined TRACON& Tower with Radar,0,0,16,0,16,0,1,53,0,54,0,1,69,0,70,16,0,16,86
11/09/2009,MFD,OH,AGL,CE,Combined TRACON& Tower with Radar,0,0,17,6,23,0,0,9,0,9,0,0,26,6,32,12,0,12,44
11/10/2009,MFD,OH,AGL,CE,Combined TRACON& Tower with Radar,0,6,6,4,16,0,0,7,0,7,0,6,13,4,23,2,0,2,25
11/11/2009,MFD,OH,AGL,CE,Combined TRACON& Tower with Radar,0,2,33,0,35,0,0,27,0,27,0,2,60,0,62,6,0,6,68
11/12/2009,MFD,OH,AGL,CE,Combined TRACON& Tower with Radar,0,2,19,2,23,0,3,27,0,30,0,5,46,2,53,18,0,18,71
11/13/2009,MFD,OH,AGL,CE,Combined TRACON& Tower with Radar,0,2,9,1,12,0,1,33,0,34,0,3,42,1,46,2,0,2,48
11/14/2009,MFD,OH,AGL,CE,Combined TRACON& Tower with Radar,0,0,31,1,32,0,0,51,1,52,0,0,82,2,84,14,0,14,98
11/15/2009,MFD,OH,AGL,CE,Combined TRACON& Tower with Radar,0,0,20,1,21,0,0,20,0,20,0,0,40,1,41,8,0,8,49
11/16/2009,MFD,OH,AGL,CE,Combined TRACON& Tower with Radar,0,0,10,0,10,0,0,6,0,6,0,0,16,0,16,0,0,0,16
11/17/2009,MFD,OH,AGL,CE,Combined TRACON& Tower with Radar,0,1,13,6,20,0,0,19,6,25,0,1,32,12,45,0,30,30,75
11/18/2009,MFD,OH,AGL,CE,Combined TRACON& Tower with Radar,0,0,12,13,25,0,1,2,3,6,0,1,14,16,31,0,8,8,39
11/19/2009,MFD,OH,AGL,CE,Combined TRACON& Tower with Radar,0,2,18,8,28,0,0,5,0,5,0,2,23,8,33,0,12,12,45
11/20/2009,MFD,OH,AGL,CE,Combined TRACON& Tower with Radar,0,0,21,3,24,0,0,7,1,8,0,0,28,4,32,0,0,0,32
11/21/2009,MFD,OH,AGL,CE,Combined TRACON& Tower with Radar,0,2,16,0,18,0,1,14,2,17,0,3,30,2,35,6,0,6,41
11/22/2009,MFD,OH,AGL,CE,Combined TRACON& Tower with Radar,0,2,19,1,22,0,0,38,0,38,0,2,57,1,60,12,0,12,72
11/23/2009,MFD,OH,AGL,CE,Combined TRACON& Tower with Radar,0,0,8,0,8,0,0,9,0,9,0,0,17,0,17,0,0,0,17
11/24/2009,MFD,OH,AGL,CE,Combined TRACON& Tower with Radar,0,1,22,2,25,0,0,9,5,14,0,1,31,7,39,0,30,30,69
11/25/2009,MFD,OH,AGL,CE,Combined TRACON& Tower with Radar,0,1,26,9,36,0,0,5,1,6,0,1,31,10,42,0,10,10,52
11/26/2009,MFD,OH,AGL,CE,Combined TRACON& Tower with Radar,0,0,4,1,5,0,0,0,0,0,0,0,4,1,5,0,0,0,5
11/27/2009,MFD,OH,AGL,CE,Combined TRACON& Tower with Radar,0,0,16,0,16,0,0,5,0,5,0,0,21,0,21,26,0,26,47
11/28/2009,MFD,OH,AGL,CE,Combined TRACON& Tower with Radar,0,0,27,0,27,0,0,28,0,28,0,0,55,0,55,0,0,0,55
11/29/2009,MFD,OH,AGL,CE,Combined TRACON& Tower with Radar,0,0,9,0,9,0,0,46,0,46,0,0,55,0,55,0,0,0,55
11/30/2009,MFD,OH,AGL,CE,Combined TRACON& Tower with Radar,2,0,32,2,36,0,0,2,0,2,2,0,34,2,38,14,0,14,52
12/01/2009,MFD,OH,AGL,CE,Combined TRACON& Tower with Radar,0,0,24,13,37,0,0,19,3,22,0,0,43,16,59,16,42,58,117
12/02/2009,MFD,OH,AGL,CE,Combined TRACON& Tower with Radar,0,0,13,7,20,0,0,4,0,4,0,0,17,7,24,2,0,2,26
12/03/2009,MFD,OH,AGL,CE,Combined TRACON& Tower with Radar,0,0,19,15,34,0,0,0,0,0,0,0,19,15,34,0,30,30,64
12/04/2009,MFD,OH,AGL,CE,Combined TRACON& Tower with Radar,0,0,32,2,34,0,0,18,0,18,0,0,50,2,52,6,0,6,58
12/05/2009,MFD,OH,AGL,CE,Combined TRACON& Tower with Radar,0,0,29,0,29,0,0,30,0,30,0,0,59,0,59,0,0,0,59
12/06/2009,MFD,OH,AGL,CE,Combined TRACON& Tower with Radar,0,0,19,0,19,0,1,28,0,29,0,1,47,0,48,10,6,16,64
12/07/2009,MFD,OH,AGL,CE,Combined TRACON& Tower with Radar,0,2,6,0,8,0,0,0,0,0,0,2,6,0,8,0,0,0,8
12/08/2009,MFD,OH,AGL,CE,Combined TRACON& Tower with Radar,0,2,7,4,13,0,0,4,4,8,0,2,11,8,21,0,16,16,37
12/09/2009,MFD,OH,AGL,CE,Combined TRACON& Tower with Radar,0,2,1,0,3,0,0,0,0,0,0,2,1,0,3,0,0,0,3
12/10/2009,MFD,OH,AGL,CE,Combined TRACON& Tower with Radar,0,2,5,0,7,0,0,2,0,2,0,2,7,0,9,0,0,0,9
12/11/2009,MFD,OH,AGL,CE,Combined TRACON& Tower with Radar,0,1,28,0,29,0,1,4,0,5,0,2,32,0,34,2,0,2,36
12/12/2009,MFD,OH,AGL,CE,Combined TRACON& Tower with Radar,0,0,32,2,34,0,0,40,0,40,0,0,72,2,74,8,0,8,82
12/13/2009,MFD,OH,AGL,CE,Combined TRACON& Tower with Radar,0,0,3,0,3,0,0,0,0,0,0,0,3,0,3,0,0,0,3
12/14/2009,MFD,OH,AGL,CE,Combined TRACON& Tower with Radar,0,0,14,0,14,0,0,3,0,3,0,0,17,0,17,14,0,14,31
12/15/2009,MFD,OH,AGL,CE,Combined TRACON& Tower with Radar,0,0,1,11,12,0,0,1,1,2,0,0,2,12,14,0,0,0,14
12/16/2009,MFD,OH,AGL,CE,Combined TRACON& Tower with Radar,0,2,21,9,32,0,0,11,11,22,0,2,32,20,54,12,16,28,82
12/17/2009,MFD,OH,AGL,CE,Combined TRACON& Tower with Radar,0,0,22,1,23,0,0,18,1,19,0,0,40,2,42,0,0,0,42
12/18/2009,MFD,OH,AGL,CE,Combined TRACON& Tower with Radar,0,2,22,0,24,0,1,18,0,19,0,3,40,0,43,4,0,4,47
12/19/2009,MFD,OH,AGL,CE,Combined TRACON& Tower with Radar,0,0,2,0,2,0,0,0,0,0,0,0,2,0,2,0,0,0,2
12/20/2009,MFD,OH,AGL,CE,Combined TRACON& Tower with Radar,0,0,5,0,5,0,0,0,0,0,0,0,5,0,5,0,0,0,5
12/21/2009,MFD,OH,AGL,CE,Combined TRACON& Tower with Radar,0,2,7,0,9,0,0,2,0,2,0,2,9,0,11,0,0,0,11
12/22/2009,MFD,OH,AGL,CE,Combined TRACON& Tower with Radar,0,0,3,2,5,0,0,0,0,0,0,0,3,2,5,0,0,0,5
12/23/2009,MFD,OH,AGL,CE,Combined TRACON& Tower with Radar,0,2,27,16,45,0,0,6,5,11,0,2,33,21,56,2,10,12,68
12/24/2009,MFD,OH,AGL,CE,Combined TRACON& Tower with Radar,0,0,10,0,10,0,0,9,0,9,0,0,19,0,19,2,0,2,21
12/25/2009,MFD,OH,AGL,CE,Combined TRACON& Tower with Radar,0,0,0,1,1,0,0,0,0,0,0,0,0,1,1,0,0,0,1
12/26/2009,MFD,OH,AGL,CE,Combined TRACON& Tower with Radar,0,2,6,2,10,0,0,4,0,4,0,2,10,2,14,32,0,32,46
12/27/2009,MFD,OH,AGL,CE,Combined TRACON& Tower with Radar,0,2,3,0,5,0,0,1,0,1,0,2,4,0,6,0,0,0,6
12/28/2009,MFD,OH,AGL,CE,Combined TRACON& Tower with Radar,0,0,4,0,4,0,0,0,0,0,0,0,4,0,4,0,0,0,4
12/29/2009,MFD,OH,AGL,CE,Combined TRACON& Tower with Radar,0,0,13,11,24,0,0,11,1,12,0,0,24,12,36,18,6,24,60
12/30/2009,MFD,OH,AGL,CE,Combined TRACON& Tower with Radar,0,0,6,2,8,0,0,10,0,10,0,0,16,2,18,4,0,4,22
12/31/2009,MFD,OH,AGL,CE,Combined TRACON& Tower with Radar,0,1,2,0,3,0,0,0,0,0,0,1,2,0,3,0,0,0,3
01/01/2010,MFD,OH,AGL,CE,Combined TRACON& Tower with Radar,0,0,2,0,2,0,0,1,0,1,0,0,3,0,3,6,0,6,9
01/02/2010,MFD,OH,AGL,CE,Combined TRACON& Tower with Radar,0,1,3,0,4,0,0,0,0,0,0,1,3,0,4,0,0,0,4
01/03/2010,MFD,OH,AGL,CE,Combined TRACON& Tower with Radar,0,1,0,0,1,0,0,0,0,0,0,1,0,0,1,2,0,2,3
01/04/2010,MFD,OH,AGL,CE,Combined TRACON& Tower with Radar,0,3,7,0,10,0,0,0,0,0,0,3,7,0,10,0,0,0,10
01/05/2010,MFD,OH,AGL,CE,Combined TRACON& Tower with Radar,0,0,4,0,4,0,0,0,0,0,0,0,4,0,4,0,0,0,4
01/06/2010,MFD,OH,AGL,CE,Combined TRACON& Tower with Radar,0,2,0,0,2,0,0,0,0,0,0,2,0,0,2,0,0,0,2
01/07/2010,MFD,OH,AGL,CE,Combined TRACON& Tower with Radar,0,0,0,0,0,0,0,0,0,0,0,0,0,0,0,0,0,0,0
01/08/2010,MFD,OH,AGL,CE,Combined TRACON& Tower with Radar,0,0,4,0,4,0,0,0,0,0,0,0,4,0,4,0,0,0,4
01/09/2010,MFD,OH,AGL,CE,Combined TRACON& Tower with Radar,0,0,5,2,7,0,0,4,0,4,0,0,9,2,11,0,0,0,11
01/10/2010,MFD,OH,AGL,CE,Combined TRACON& Tower with Radar,0,0,3,2,5,0,0,3,0,3,0,0,6,2,8,0,0,0,8
01/11/2010,MFD,OH,AGL,CE,Combined TRACON& Tower with Radar,0,2,7,0,9,0,0,0,0,0,0,2,7,0,9,0,0,0,9
01/12/2010,MFD,OH,AGL,CE,Combined TRACON& Tower with Radar,0,0,3,2,5,0,1,1,0,2,0,1,4,2,7,0,0,0,7
01/13/2010,MFD,OH,AGL,CE,Combined TRACON& Tower with Radar,0,0,6,18,24,0,1,16,5,22,0,1,22,23,46,22,16,38,84
01/14/2010,MFD,OH,AGL,CE,Combined TRACON& Tower with Radar,0,0,14,11,25,0,0,12,1,13,0,0,26,12,38,39,30,69,107
01/15/2010,MFD,OH,AGL,CE,Combined TRACON& Tower with Radar,0,0,15,1,16,0,0,0,0,0,0,0,15,1,16,0,0,0,16
01/16/2010,MFD,OH,AGL,CE,Combined TRACON& Tower with Radar,0,0,8,0,8,0,0,0,0,0,0,0,8,0,8,0,0,0,8
01/17/2010,MFD,OH,AGL,CE,Combined TRACON& Tower with Radar,0,0,0,0,0,0,0,0,0,0,0,0,0,0,0,0,0,0,0
01/18/2010,MFD,OH,AGL,CE,Combined TRACON& Tower with Radar,12,60,30,0,102,0,0,6,0,6,12,60,36,0,108,72,0,72,180
01/19/2010,MFD,OH,AGL,CE,Combined TRACON& Tower with Radar,0,2,6,0,8,0,0,0,1,1,0,2,6,1,9,0,0,0,9
01/20/2010,MFD,OH,AGL,CE,Combined TRACON& Tower with Radar,0,0,10,2,12,0,0,3,2,5,0,0,13,4,17,6,0,6,23
01/21/2010,MFD,OH,AGL,CE,Combined TRACON& Tower with Radar,0,0,22,12,34,0,0,10,6,16,0,0,32,18,50,0,32,32,82
01/22/2010,MFD,OH,AGL,CE,Combined TRACON& Tower with Radar,0,0,4,0,4,0,0,0,0,0,0,0,4,0,4,0,0,0,4
01/23/2010,MFD,OH,AGL,CE,Combined TRACON& Tower with Radar,0,0,38,2,40,0,0,1,0,1,0,0,39,2,41,0,0,0,41
01/24/2010,MFD,OH,AGL,CE,Combined TRACON& Tower with Radar,0,0,4,1,5,0,0,0,0,0,0,0,4,1,5,0,0,0,5
01/25/2010,MFD,OH,AGL,CE,Combined TRACON& Tower with Radar,0,0,4,0,4,0,0,0,0,0,0,0,4,0,4,0,0,0,4
01/26/2010,MFD,OH,AGL,CE,Combined TRACON& Tower with Radar,0,0,7,15,22,0,0,0,4,4,0,0,7,19,26,0,12,12,38
01/27/2010,MFD,OH,AGL,CE,Combined TRACON& Tower with Radar,0,2,5,6,13,0,0,11,15,26,0,2,16,21,39,6,20,26,65
01/28/2010,MFD,OH,AGL,CE,Combined TRACON& Tower with Radar,0,0,9,16,25,0,2,4,4,10,0,2,13,20,35,0,44,44,79
01/29/2010,MFD,OH,AGL,CE,Combined TRACON& Tower with Radar,0,0,20,3,23,0,0,11,0,11,0,0,31,3,34,2,0,2,36
01/30/2010,MFD,OH,AGL,CE,Combined TRACON& Tower with Radar,0,0,25,0,25,0,0,21,0,21,0,0,46,0,46,0,0,0,46
01/31/2010,MFD,OH,AGL,CE,Combined TRACON& Tower with Radar,0,2,23,1,26,0,0,34,0,34,0,2,57,1,60,12,0,12,72
02/01/2010,MFD,OH,AGL,CE,Combined TRACON& Tower with Radar,0,0,7,0,7,0,0,6,0,6,0,0,13,0,13,6,0,6,19
02/02/2010,MFD,OH,AGL,CE,Combined TRACON& Tower with Radar,0,0,18,14,32,0,0,0,2,2,0,0,18,16,34,8,40,48,82
02/03/2010,MFD,OH,AGL,CE,Combined TRACON& Tower with Radar,0,0,3,18,21,0,0,0,0,0,0,0,3,18,21,0,0,0,21
02/04/2010,MFD,OH,AGL,CE,Combined TRACON& Tower with Radar,0,0,18,6,24,0,0,25,0,25,0,0,43,6,49,12,16,28,77
02/05/2010,MFD,OH,AGL,CE,Combined TRACON& Tower with Radar,0,0,1,0,1,0,0,0,0,0,0,0,1,0,1,0,0,0,1
02/06/2010,MFD,OH,AGL,CE,Combined TRACON& Tower with Radar,0,0,0,0,0,0,0,0,0,0,0,0,0,0,0,0,0,0,0
02/07/2010,MFD,OH,AGL,CE,Combined TRACON& Tower with Radar,0,2,10,0,12,0,0,3,0,3,0,2,13,0,15,0,0,0,15
02/08/2010,MFD,OH,AGL,CE,Combined TRACON& Tower with Radar,0,3,9,10,22,0,0,11,2,13,0,3,20,12,35,0,6,6,41
02/09/2010,MFD,OH,AGL,CE,Combined TRACON& Tower with Radar,0,0,0,0,0,0,0,0,0,0,0,0,0,0,0,0,0,0,0
02/10/2010,MFD,OH,AGL,CE,Combined TRACON& Tower with Radar,0,0,4,0,4,0,0,0,0,0,0,0,4,0,4,0,0,0,4
02/11/2010,MFD,OH,AGL,CE,Combined TRACON& Tower with Radar,0,0,5,5,10,0,0,4,0,4,0,0,9,5,14,20,2,22,36
02/12/2010,MFD,OH,AGL,CE,Combined TRACON& Tower with Radar,0,0,3,0,3,0,0,0,0,0,0,0,3,0,3,2,0,2,5
02/13/2010,MFD,OH,AGL,CE,Combined TRACON& Tower with Radar,0,0,10,0,10,0,0,1,0,1,0,0,11,0,11,0,0,0,11
02/14/2010,MFD,OH,AGL,CE,Combined TRACON& Tower with Radar,0,0,10,1,11,0,0,4,1,5,0,0,14,2,16,28,0,28,44
02/15/2010,MFD,OH,AGL,CE,Combined TRACON& Tower with Radar,0,1,8,2,11,0,0,4,0,4,0,1,12,2,15,0,0,0,15
02/16/2010,MFD,OH,AGL,CE,Combined TRACON& Tower with Radar,0,0,4,0,4,0,0,0,0,0,0,0,4,0,4,0,0,0,4
02/17/2010,MFD,OH,AGL,CE,Combined TRACON& Tower with Radar,0,2,2,0,4,0,0,0,0,0,0,2,2,0,4,0,0,0,4
02/18/2010,MFD,OH,AGL,CE,Combined TRACON& Tower with Radar,0,0,5,0,5,0,0,0,0,0,0,0,5,0,5,0,0,0,5
02/19/2010,MFD,OH,AGL,CE,Combined TRACON& Tower with Radar,0,0,15,10,25,0,0,17,0,17,0,0,32,10,42,20,0,20,62
02/20/2010,MFD,OH,AGL,CE,Combined TRACON& Tower with Radar,0,0,43,0,43,0,0,22,0,22,0,0,65,0,65,4,0,4,69
02/21/2010,MFD,OH,AGL,CE,Combined TRACON& Tower with Radar,0,0,12,0,12,0,0,8,0,8,0,0,20,0,20,0,0,0,20
02/22/2010,MFD,OH,AGL,CE,Combined TRACON& Tower with Radar,0,0,1,0,1,0,0,0,0,0,0,0,1,0,1,0,0,0,1
02/23/2010,MFD,OH,AGL,CE,Combined TRACON& Tower with Radar,0,0,8,3,11,0,0,2,9,11,0,0,10,12,22,0,16,16,38
02/24/2010,MFD,OH,AGL,CE,Combined TRACON& Tower with Radar,0,0,14,12,26,0,0,0,0,0,0,0,14,12,26,0,0,0,26
02/25/2010,MFD,OH,AGL,CE,Combined TRACON& Tower with Radar,0,0,1,2,3,0,0,0,0,0,0,0,1,2,3,0,0,0,3
02/26/2010,MFD,OH,AGL,CE,Combined TRACON& Tower with Radar,0,0,3,0,3,0,0,0,0,0,0,0,3,0,3,0,0,0,3
02/27/2010,MFD,OH,AGL,CE,Combined TRACON& Tower with Radar,0,0,0,0,0,0,0,0,0,0,0,0,0,0,0,0,0,0,0
02/28/2010,MFD,OH,AGL,CE,Combined TRACON& Tower with Radar,0,0,6,0,6,0,0,2,0,2,0,0,8,0,8,0,0,0,8
03/01/2010,MFD,OH,AGL,CE,Combined TRACON& Tower with Radar,6,2,9,0,17,0,0,0,0,0,6,2,9,0,17,0,0,0,17
03/02/2010,MFD,OH,AGL,CE,Combined TRACON& Tower with Radar,0,0,2,4,6,0,0,2,0,2,0,0,4,4,8,0,0,0,8
03/03/2010,MFD,OH,AGL,CE,Combined TRACON& Tower with Radar,0,2,16,20,38,0,0,2,0,2,0,2,18,20,40,6,0,6,46
03/04/2010,MFD,OH,AGL,CE,Combined TRACON& Tower with Radar,0,0,41,3,44,0,0,36,3,39,0,0,77,6,83,20,14,34,117
03/05/2010,MFD,OH,AGL,CE,Combined TRACON& Tower with Radar,0,0,47,0,47,0,0,18,0,18,0,0,65,0,65,6,0,6,71
03/06/2010,MFD,OH,AGL,CE,Combined TRACON& Tower with Radar,0,0,39,2,41,0,0,40,0,40,0,0,79,2,81,6,0,6,87
03/07/2010,MFD,OH,AGL,CE,Combined TRACON& Tower with Radar,0,0,30,0,30,0,0,48,0,48,0,0,78,0,78,0,0,0,78
03/08/2010,MFD,OH,AGL,CE,Combined TRACON& Tower with Radar,0,0,19,0,19,0,0,8,0,8,0,0,27,0,27,5,0,5,32
03/09/2010,MFD,OH,AGL,CE,Combined TRACON& Tower with Radar,0,2,18,7,27,0,0,13,7,20,0,2,31,14,47,14,26,40,87
03/10/2010,MFD,OH,AGL,CE,Combined TRACON& Tower with Radar,0,1,20,4,25,0,0,2,6,8,0,1,22,10,33,0,4,4,37
03/11/2010,MFD,OH,AGL,CE,Combined TRACON& Tower with Radar,0,1,17,17,35,0,0,12,7,19,0,1,29,24,54,6,32,38,92
03/12/2010,MFD,OH,AGL,CE,Combined TRACON& Tower with Radar,0,0,10,0,10,0,0,0,0,0,0,0,10,0,10,14,0,14,24
03/13/2010,MFD,OH,AGL,CE,Combined TRACON& Tower with Radar,0,0,2,16,18,0,0,0,0,0,0,0,2,16,18,0,0,0,18
03/14/2010,MFD,OH,AGL,CE,Combined TRACON& Tower with Radar,0,2,2,0,4,0,0,0,0,0,0,2,2,0,4,0,0,0,4
03/15/2010,MFD,OH,AGL,CE,Combined TRACON& Tower with Radar,0,0,15,2,17,0,0,0,0,0,0,0,15,2,17,0,0,0,17
03/16/2010,MFD,OH,AGL,CE,Combined TRACON& Tower with Radar,0,0,13,10,23,0,2,22,11,35,0,2,35,21,58,6,22,28,86
03/17/2010,MFD,OH,AGL,CE,Combined TRACON& Tower with Radar,0,2,30,21,53,0,0,24,4,28,0,2,54,25,81,14,32,46,127
03/18/2010,MFD,OH,AGL,CE,Combined TRACON& Tower with Radar,0,2,29,5,36,0,2,28,0,30,0,4,57,5,66,10,2,12,78
03/19/2010,MFD,OH,AGL,CE,Combined TRACON& Tower with Radar,0,2,10,2,14,0,1,9,0,10,0,3,19,2,24,0,0,0,24
03/20/2010,MFD,OH,AGL,CE,Combined TRACON& Tower with Radar,0,0,26,1,27,0,0,21,0,21,0,0,47,1,48,12,0,12,60
03/21/2010,MFD,OH,AGL,CE,Combined TRACON& Tower with Radar,0,0,13,0,13,0,0,7,0,7,0,0,20,0,20,0,0,0,20
03/22/2010,MFD,OH,AGL,CE,Combined TRACON& Tower with Radar,0,2,10,0,12,0,0,0,0,0,0,2,10,0,12,0,0,0,12
03/23/2010,MFD,OH,AGL,CE,Combined TRACON& Tower with Radar,0,0,14,11,25,0,0,0,3,3,0,0,14,14,28,0,18,18,46
03/24/2010,MFD,OH,AGL,CE,Combined TRACON& Tower with Radar,0,3,16,5,24,0,1,21,6,28,0,4,37,11,52,32,32,64,116
03/25/2010,MFD,OH,AGL,CE,Combined TRACON& Tower with Radar,0,2,12,4,18,0,0,0,0,0,0,2,12,4,18,0,0,0,18
03/26/2010,MFD,OH,AGL,CE,Combined TRACON& Tower with Radar,0,1,29,0,30,0,0,5,1,6,0,1,34,1,36,2,0,2,38
03/27/2010,MFD,OH,AGL,CE,Combined TRACON& Tower with Radar,0,1,18,1,20,0,0,28,0,28,0,1,46,1,48,54,0,54,102
03/28/2010,MFD,OH,AGL,CE,Combined TRACON& Tower with Radar,0,1,5,0,6,0,0,0,0,0,0,1,5,0,6,0,0,0,6
03/29/2010,MFD,OH,AGL,CE,Combined TRACON& Tower with Radar,0,1,6,0,7,0,0,0,0,0,0,1,6,0,7,0,0,0,7
03/30/2010,MFD,OH,AGL,CE,Combined TRACON& Tower with Radar,0,5,12,5,22,0,0,16,2,18,0,5,28,7,40,2,28,30,70
03/31/2010,MFD,OH,AGL,CE,Combined TRACON& Tower with Radar,0,1,28,0,29,0,0,22,8,30,0,1,50,8,59,22,16,38,97
04/01/2010,MFD,OH,AGL,CE,Combined TRACON& Tower with Radar,0,0,13,0,13,0,0,19,0,19,0,0,32,0,32,20,0,20,52
04/02/2010,MFD,OH,AGL,CE,Combined TRACON& Tower with Radar,0,1,14,0,15,0,0,21,0,21,0,1,35,0,36,28,0,28,64
04/03/2010,MFD,OH,AGL,CE,Combined TRACON& Tower with Radar,0,0,17,0,17,0,0,4,0,4,0,0,21,0,21,28,0,28,49
04/04/2010,MFD,OH,AGL,CE,Combined TRACON& Tower with Radar,0,0,4,0,4,0,1,13,0,14,0,1,17,0,18,0,0,0,18
04/05/2010,MFD,OH,AGL,CE,Combined TRACON& Tower with Radar,0,0,2,4,6,0,0,5,2,7,0,0,7,6,13,6,0,6,19
04/06/2010,MFD,OH,AGL,CE,Combined TRACON& Tower with Radar,0,2,8,7,17,0,0,8,2,10,0,2,16,9,27,0,64,64,91
04/07/2010,MFD,OH,AGL,CE,Combined TRACON& Tower with Radar,0,0,7,3,10,0,0,7,5,12,0,0,14,8,22,0,18,18,40
04/08/2010,MFD,OH,AGL,CE,Combined TRACON& Tower with Radar,0,2,18,6,26,0,1,2,0,3,0,3,20,6,29,0,16,16,45
04/09/2010,MFD,OH,AGL,CE,Combined TRACON& Tower with Radar,0,0,12,8,20,0,0,4,0,4,0,0,16,8,24,0,0,0,24
04/10/2010,MFD,OH,AGL,CE,Combined TRACON& Tower with Radar,0,0,39,0,39,0,2,30,0,32,0,2,69,0,71,28,0,28,99
04/11/2010,MFD,OH,AGL,CE,Combined TRACON& Tower with Radar,0,0,18,1,19,0,0,18,0,18,0,0,36,1,37,2,0,2,39
04/12/2010,MFD,OH,AGL,CE,Combined TRACON& Tower with Radar,0,0,24,10,34,0,0,25,0,25,0,0,49,10,59,6,0,6,65
04/13/2010,MFD,OH,AGL,CE,Combined TRACON& Tower with Radar,0,1,16,5,22,0,0,3,7,10,0,1,19,12,32,14,18,32,64
04/14/2010,MFD,OH,AGL,CE,Combined TRACON& Tower with Radar,0,5,20,6,31,0,0,22,1,23,0,5,42,7,54,2,18,20,74
04/15/2010,MFD,OH,AGL,CE,Combined TRACON& Tower with Radar,0,2,41,3,46,0,0,24,1,25,0,2,65,4,71,24,30,54,125
04/16/2010,MFD,OH,AGL,CE,Combined TRACON& Tower with Radar,0,0,1,6,7,0,1,1,1,3,0,1,2,7,10,0,0,0,10
04/17/2010,MFD,OH,AGL,CE,Combined TRACON& Tower with Radar,0,1,2,0,3,0,0,6,0,6,0,1,8,0,9,0,0,0,9
04/18/2010,MFD,OH,AGL,CE,Combined TRACON& Tower with Radar,0,4,20,0,24,0,0,20,0,20,0,4,40,0,44,6,0,6,50
04/19/2010,MFD,OH,AGL,CE,Combined TRACON& Tower with Radar,0,0,39,0,39,0,1,31,0,32,0,1,70,0,71,2,0,2,73
04/20/2010,MFD,OH,AGL,CE,Combined TRACON& Tower with Radar,0,0,34,2,36,0,3,42,9,54,0,3,76,11,90,2,20,22,112
04/21/2010,MFD,OH,AGL,CE,Combined TRACON& Tower with Radar,0,0,13,1,14,0,0,19,5,24,0,0,32,6,38,10,12,22,60
04/22/2010,MFD,OH,AGL,CE,Combined TRACON& Tower with Radar,0,6,18,8,32,0,2,13,3,18,0,8,31,11,50,24,12,36,86
04/23/2010,MFD,OH,AGL,CE,Combined TRACON& Tower with Radar,0,10,32,1,43,0,2,19,0,21,0,12,51,1,64,34,0,34,98
04/24/2010,MFD,OH,AGL,CE,Combined TRACON& Tower with Radar,0,0,15,0,15,0,0,3,0,3,0,0,18,0,18,0,0,0,18
04/25/2010,MFD,OH,AGL,CE,Combined TRACON& Tower with Radar,0,0,15,0,15,0,0,2,0,2,0,0,17,0,17,6,0,6,23
04/26/2010,MFD,OH,AGL,CE,Combined TRACON& Tower with Radar,0,4,13,1,18,0,0,1,0,1,0,4,14,1,19,0,0,0,19
04/27/2010,MFD,OH,AGL,CE,Combined TRACON& Tower with Radar,0,0,18,2,20,0,0,3,0,3,0,0,21,2,23,12,0,12,35
04/28/2010,MFD,OH,AGL,CE,Combined TRACON& Tower with Radar,0,6,39,0,45,0,0,29,0,29,0,6,68,0,74,24,0,24,98
04/29/2010,MFD,OH,AGL,CE,Combined TRACON& Tower with Radar,0,2,29,7,38,0,0,19,2,21,0,2,48,9,59,16,48,64,123
04/30/2010,MFD,OH,AGL,CE,Combined TRACON& Tower with Radar,0,4,17,2,23,0,1,12,0,13,0,5,29,2,36,2,0,2,38
05/01/2010,MFD,OH,AGL,CE,Combined TRACON& Tower with Radar,0,2,10,1,13,0,0,1,0,1,0,2,11,1,14,14,0,14,28
05/02/2010,MFD,OH,AGL,CE,Combined TRACON& Tower with Radar,0,0,7,0,7,0,0,2,0,2,0,0,9,0,9,0,0,0,9
05/03/2010,MFD,OH,AGL,CE,Combined TRACON& Tower with Radar,0,2,25,3,30,0,1,2,0,3,0,3,27,3,33,0,0,0,33
05/04/2010,MFD,OH,AGL,CE,Combined TRACON& Tower with Radar,0,0,11,10,21,0,0,10,0,10,0,0,21,10,31,20,4,24,55
05/05/2010,MFD,OH,AGL,CE,Combined TRACON& Tower with Radar,0,2,22,10,34,0,0,9,2,11,0,2,31,12,45,8,10,18,63
05/06/2010,MFD,OH,AGL,CE,Combined TRACON& Tower with Radar,0,3,17,4,24,0,0,14,2,16,0,3,31,6,40,25,0,25,65
05/07/2010,MFD,OH,AGL,CE,Combined TRACON& Tower with Radar,0,0,16,0,16,0,0,12,0,12,0,0,28,0,28,24,0,24,52
05/08/2010,MFD,OH,AGL,CE,Combined TRACON& Tower with Radar,0,4,6,0,10,0,2,2,0,4,0,6,8,0,14,0,0,0,14
05/09/2010,MFD,OH,AGL,CE,Combined TRACON& Tower with Radar,0,0,9,0,9,0,0,4,0,4,0,0,13,0,13,4,0,4,17
05/10/2010,MFD,OH,AGL,CE,Combined TRACON& Tower with Radar,0,0,15,2,17,0,1,44,0,45,0,1,59,2,62,22,0,22,84
05/11/2010,MFD,OH,AGL,CE,Combined TRACON& Tower with Radar,0,0,11,9,20,0,0,0,0,0,0,0,11,9,20,0,0,0,20
05/12/2010,MFD,OH,AGL,CE,Combined TRACON& Tower with Radar,0,0,9,10,19,0,0,0,0,0,0,0,9,10,19,0,0,0,19
05/13/2010,MFD,OH,AGL,CE,Combined TRACON& Tower with Radar,0,2,14,0,16,0,0,0,2,2,0,2,14,2,18,0,0,0,18
05/14/2010,MFD,OH,AGL,CE,Combined TRACON& Tower with Radar,0,0,31,0,31,0,0,8,2,10,0,0,39,2,41,0,0,0,41
05/15/2010,MFD,OH,AGL,CE,Combined TRACON& Tower with Radar,0,2,43,0,45,0,0,74,0,74,0,2,117,0,119,0,14,14,133
05/16/2010,MFD,OH,AGL,CE,Combined TRACON& Tower with Radar,0,2,19,0,21,0,0,15,0,15,0,2,34,0,36,0,0,0,36
05/17/2010,MFD,OH,AGL,CE,Combined TRACON& Tower with Radar,0,5,5,0,10,0,0,0,0,0,0,5,5,0,10,0,0,0,10
05/18/2010,MFD,OH,AGL,CE,Combined TRACON& Tower with Radar,0,2,5,4,11,0,0,0,0,0,0,2,5,4,11,0,0,0,11
05/19/2010,MFD,OH,AGL,CE,Combined TRACON& Tower with Radar,0,0,25,12,37,0,0,10,8,18,0,0,35,20,55,6,44,50,105
05/20/2010,MFD,OH,AGL,CE,Combined TRACON& Tower with Radar,0,2,24,9,35,0,0,36,7,43,0,2,60,16,78,22,28,50,128
05/21/2010,MFD,OH,AGL,CE,Combined TRACON& Tower with Radar,0,2,9,2,13,0,0,0,0,0,0,2,9,2,13,20,0,20,33
05/22/2010,MFD,OH,AGL,CE,Combined TRACON& Tower with Radar,0,2,87,1,90,0,0,10,2,12,0,2,97,3,102,30,0,30,132
05/23/2010,MFD,OH,AGL,CE,Combined TRACON& Tower with Radar,0,1,17,2,20,0,0,32,0,32,0,1,49,2,52,18,0,18,70
05/24/2010,MFD,OH,AGL,CE,Combined TRACON& Tower with Radar,0,2,18,0,20,0,0,17,0,17,0,2,35,0,37,6,0,6,43
05/25/2010,MFD,OH,AGL,CE,Combined TRACON& Tower with Radar,0,4,38,14,56,0,1,21,0,22,0,5,59,14,78,6,10,16,94
05/26/2010,MFD,OH,AGL,CE,Combined TRACON& Tower with Radar,0,2,16,2,20,0,0,12,10,22,0,2,28,12,42,0,0,0,42
05/27/2010,MFD,OH,AGL,CE,Combined TRACON& Tower with Radar,0,6,23,12,41,0,0,10,7,17,0,6,33,19,58,8,48,56,114
05/28/2010,MFD,OH,AGL,CE,Combined TRACON& Tower with Radar,0,2,44,0,46,0,1,23,0,24,0,3,67,0,70,4,0,4,74
05/29/2010,MFD,OH,AGL,CE,Combined TRACON& Tower with Radar,0,0,38,0,38,0,2,28,0,30,0,2,66,0,68,40,0,40,108
05/30/2010,MFD,OH,AGL,CE,Combined TRACON& Tower with Radar,0,2,22,0,24,0,0,8,0,8,0,2,30,0,32,16,0,16,48
05/31/2010,MFD,OH,AGL,CE,Combined TRACON& Tower with Radar,0,2,17,0,19,0,0,8,0,8,0,2,25,0,27,0,0,0,27
06/01/2010,MFD,OH,AGL,CE,Combined TRACON& Tower with Radar,0,0,25,6,31,0,1,13,1,15,0,1,38,7,46,6,2,8,54
06/02/2010,MFD,OH,AGL,CE,Combined TRACON& Tower with Radar,0,0,1,8,9,0,0,0,2,2,0,0,1,10,11,0,14,14,25
06/03/2010,MFD,OH,AGL,CE,Combined TRACON& Tower with Radar,0,0,11,9,20,0,0,12,3,15,0,0,23,12,35,10,42,52,87
06/04/2010,MFD,OH,AGL,CE,Combined TRACON& Tower with Radar,0,0,8,20,28,0,0,1,0,1,0,0,9,20,29,0,0,0,29
06/05/2010,MFD,OH,AGL,CE,Combined TRACON& Tower with Radar,0,0,7,1,8,0,1,0,4,5,0,1,7,5,13,0,0,0,13
06/06/2010,MFD,OH,AGL,CE,Combined TRACON& Tower with Radar,0,0,18,1,19,0,0,1,2,3,0,0,19,3,22,0,0,0,22
06/07/2010,MFD,OH,AGL,CE,Combined TRACON& Tower with Radar,0,0,37,3,40,0,0,28,2,30,0,0,65,5,70,20,0,20,90
06/08/2010,MFD,OH,AGL,CE,Combined TRACON& Tower with Radar,0,2,21,17,40,0,2,17,7,26,0,4,38,24,66,28,12,40,106
06/09/2010,MFD,OH,AGL,CE,Combined TRACON& Tower with Radar,0,1,13,12,26,0,0,3,0,3,0,1,16,12,29,0,0,0,29
06/10/2010,MFD,OH,AGL,CE,Combined TRACON& Tower with Radar,0,4,13,13,30,0,1,11,1,13,0,5,24,14,43,22,36,58,101
06/11/2010,MFD,OH,AGL,CE,Combined TRACON& Tower with Radar,0,2,7,0,9,0,0,6,0,6,0,2,13,0,15,0,0,0,15
06/12/2010,MFD,OH,AGL,CE,Combined TRACON& Tower with Radar,0,3,5,0,8,0,0,3,0,3,0,3,8,0,11,26,0,26,37
06/13/2010,MFD,OH,AGL,CE,Combined TRACON& Tower with Radar,0,3,15,0,18,0,0,5,0,5,0,3,20,0,23,8,0,8,31
06/14/2010,MFD,OH,AGL,CE,Combined TRACON& Tower with Radar,0,5,14,7,26,0,1,13,1,15,0,6,27,8,41,2,0,2,43
06/15/2010,MFD,OH,AGL,CE,Combined TRACON& Tower with Radar,0,6,19,2,27,0,0,8,0,8,0,6,27,2,35,16,0,16,51
06/16/2010,MFD,OH,AGL,CE,Combined TRACON& Tower with Radar,0,2,43,0,45,0,0,9,0,9,0,2,52,0,54,0,2,2,56
06/17/2010,MFD,OH,AGL,CE,Combined TRACON& Tower with Radar,0,1,64,30,95,0,2,22,11,35,0,3,86,41,130,0,36,36,166
06/18/2010,MFD,OH,AGL,CE,Combined TRACON& Tower with Radar,0,1,55,3,59,0,0,26,1,27,0,1,81,4,86,34,0,34,120
06/19/2010,MFD,OH,AGL,CE,Combined TRACON& Tower with Radar,0,2,18,7,27,0,0,19,3,22,0,2,37,10,49,4,24,28,77
06/20/2010,MFD,OH,AGL,CE,Combined TRACON& Tower with Radar,0,2,13,0,15,0,0,31,0,31,0,2,44,0,46,0,0,0,46
06/21/2010,MFD,OH,AGL,CE,Combined TRACON& Tower with Radar,0,0,35,4,39,0,0,17,0,17,0,0,52,4,56,6,0,6,62
06/22/2010,MFD,OH,AGL,CE,Combined TRACON& Tower with Radar,0,0,18,9,27,0,2,17,0,19,0,2,35,9,46,4,0,4,50
06/23/2010,MFD,OH,AGL,CE,Combined TRACON& Tower with Radar,0,2,21,0,23,0,0,10,0,10,0,2,31,0,33,4,2,6,39
06/24/2010,MFD,OH,AGL,CE,Combined TRACON& Tower with Radar,0,2,24,6,32,0,0,5,6,11,0,2,29,12,43,0,14,14,57
06/25/2010,MFD,OH,AGL,CE,Combined TRACON& Tower with Radar,0,1,31,2,34,0,0,31,1,32,0,1,62,3,66,40,0,40,106
06/26/2010,MFD,OH,AGL,CE,Combined TRACON& Tower with Radar,0,0,29,12,41,0,0,29,0,29,0,0,58,12,70,8,0,8,78
06/27/2010,MFD,OH,AGL,CE,Combined TRACON& Tower with Radar,0,3,21,0,24,0,0,22,1,23,0,3,43,1,47,0,0,0,47
06/28/2010,MFD,OH,AGL,CE,Combined TRACON& Tower with Radar,0,0,23,3,26,0,0,8,2,10,0,0,31,5,36,4,0,4,40
06/29/2010,MFD,OH,AGL,CE,Combined TRACON& Tower with Radar,0,2,25,2,29,0,0,19,3,22,0,2,44,5,51,26,2,28,79
06/30/2010,MFD,OH,AGL,CE,Combined TRACON& Tower with Radar,0,2,42,2,46,0,0,30,0,30,0,2,72,2,76,32,0,32,108
07/01/2010,MFD,OH,AGL,CE,Combined TRACON& Tower with Radar,0,0,8,18,26,0,0,15,6,21,0,0,23,24,47,18,50,68,115
07/02/2010,MFD,OH,AGL,CE,Combined TRACON& Tower with Radar,0,0,18,1,19,0,0,23,0,23,0,0,41,1,42,30,0,30,72
07/03/2010,MFD,OH,AGL,CE,Combined TRACON& Tower with Radar,0,0,23,0,23,0,0,259,5,264,0,0,282,5,287,26,2,28,315
07/04/2010,MFD,OH,AGL,CE,Combined TRACON& Tower with Radar,0,4,1,0,5,0,1,9,0,10,0,5,10,0,15,38,0,38,53
07/05/2010,MFD,OH,AGL,CE,Combined TRACON& Tower with Radar,0,0,10,0,10,0,0,10,0,10,0,0,20,0,20,28,0,28,48
07/06/2010,MFD,OH,AGL,CE,Combined TRACON& Tower with Radar,0,0,37,11,48,0,0,14,2,16,0,0,51,13,64,36,0,36,100
07/07/2010,MFD,OH,AGL,CE,Combined TRACON& Tower with Radar,0,2,9,10,21,0,0,13,0,13,0,2,22,10,34,0,0,0,34
07/08/2010,MFD,OH,AGL,CE,Combined TRACON& Tower with Radar,0,0,16,10,26,0,0,13,0,13,0,0,29,10,39,20,12,32,71
07/09/2010,MFD,OH,AGL,CE,Combined TRACON& Tower with Radar,0,0,9,5,14,0,0,1,1,2,0,0,10,6,16,0,0,0,16
07/10/2010,MFD,OH,AGL,CE,Combined TRACON& Tower with Radar,0,6,36,5,47,0,2,58,6,66,0,8,94,11,113,16,0,16,129
07/11/2010,MFD,OH,AGL,CE,Combined TRACON& Tower with Radar,0,0,13,0,13,0,0,20,0,20,0,0,33,0,33,18,0,18,51
07/12/2010,MFD,OH,AGL,CE,Combined TRACON& Tower with Radar,0,4,12,0,16,0,0,14,0,14,0,4,26,0,30,0,0,0,30
07/13/2010,MFD,OH,AGL,CE,Combined TRACON& Tower with Radar,0,2,48,8,58,0,0,12,0,12,0,2,60,8,70,22,0,22,92
07/14/2010,MFD,OH,AGL,CE,Combined TRACON& Tower with Radar,0,4,20,10,34,0,0,25,5,30,0,4,45,15,64,48,0,48,112
07/15/2010,MFD,OH,AGL,CE,Combined TRACON& Tower with Radar,0,2,13,5,20,0,1,23,1,25,0,3,36,6,45,32,4,36,81
07/16/2010,MFD,OH,AGL,CE,Combined TRACON& Tower with Radar,0,0,16,3,19,0,0,12,0,12,0,0,28,3,31,26,0,26,57
07/17/2010,MFD,OH,AGL,CE,Combined TRACON& Tower with Radar,0,3,12,0,15,0,0,19,0,19,0,3,31,0,34,24,0,24,58
07/18/2010,MFD,OH,AGL,CE,Combined TRACON& Tower with Radar,0,0,23,1,24,0,0,10,1,11,0,0,33,2,35,8,0,8,43
07/19/2010,MFD,OH,AGL,CE,Combined TRACON& Tower with Radar,0,0,11,1,12,0,0,11,0,11,0,0,22,1,23,2,0,2,25
07/20/2010,MFD,OH,AGL,CE,Combined TRACON& Tower with Radar,0,0,12,9,21,1,0,8,8,17,1,0,20,17,38,10,0,10,48
07/21/2010,MFD,OH,AGL,CE,Combined TRACON& Tower with Radar,0,0,22,2,24,0,1,16,5,22,0,1,38,7,46,4,8,12,58
07/22/2010,MFD,OH,AGL,CE,Combined TRACON& Tower with Radar,0,0,27,0,27,0,0,21,6,27,0,0,48,6,54,32,0,32,86
07/23/2010,MFD,OH,AGL,CE,Combined TRACON& Tower with Radar,0,0,17,3,20,0,0,20,0,20,0,0,37,3,40,14,0,14,54
07/24/2010,MFD,OH,AGL,CE,Combined TRACON& Tower with Radar,0,2,9,3,14,0,0,21,0,21,0,2,30,3,35,8,0,8,43
07/25/2010,MFD,OH,AGL,CE,Combined TRACON& Tower with Radar,0,0,26,1,27,0,0,13,0,13,0,0,39,1,40,0,0,0,40
07/26/2010,MFD,OH,AGL,CE,Combined TRACON& Tower with Radar,0,0,18,3,21,0,1,28,1,30,0,1,46,4,51,8,0,8,59
07/27/2010,MFD,OH,AGL,CE,Combined TRACON& Tower with Radar,0,1,24,3,28,0,0,22,4,26,0,1,46,7,54,10,0,10,64
07/28/2010,MFD,OH,AGL,CE,Combined TRACON& Tower with Radar,0,0,17,0,17,0,0,15,1,16,0,0,32,1,33,4,6,10,43
07/29/2010,MFD,OH,AGL,CE,Combined TRACON& Tower with Radar,0,10,56,8,74,0,1,27,2,30,0,11,83,10,104,20,30,50,154
07/30/2010,MFD,OH,AGL,CE,Combined TRACON& Tower with Radar,0,4,21,0,25,0,2,45,0,47,0,6,66,0,72,40,0,40,112
07/31/2010,MFD,OH,AGL,CE,Combined TRACON& Tower with Radar,0,3,28,0,31,0,1,19,0,20,0,4,47,0,51,10,0,10,61
08/01/2010,MFD,OH,AGL,CE,Combined TRACON& Tower with Radar,0,1,19,0,20,0,0,33,0,33,0,1,52,0,53,40,0,40,93
08/02/2010,MFD,OH,AGL,CE,Combined TRACON& Tower with Radar,0,2,13,0,15,0,0,11,0,11,0,2,24,0,26,14,0,14,40
08/03/2010,MFD,OH,AGL,CE,Combined TRACON& Tower with Radar,0,4,6,1,11,0,0,2,1,3,0,4,8,2,14,0,0,0,14
08/04/2010,MFD,OH,AGL,CE,Combined TRACON& Tower with Radar,0,3,17,10,30,0,0,7,0,7,0,3,24,10,37,8,0,8,45
08/05/2010,MFD,OH,AGL,CE,Combined TRACON& Tower with Radar,0,8,23,2,33,0,0,25,0,25,0,8,48,2,58,36,0,36,94
08/06/2010,MFD,OH,AGL,CE,Combined TRACON& Tower with Radar,0,1,26,11,38,0,0,42,0,42,0,1,68,11,80,30,0,30,110
08/07/2010,MFD,OH,AGL,CE,Combined TRACON& Tower with Radar,0,11,40,0,51,0,0,35,2,37,0,11,75,2,88,6,0,6,94
08/08/2010,MFD,OH,AGL,CE,Combined TRACON& Tower with Radar,0,8,31,0,39,0,0,49,1,50,0,8,80,1,89,16,0,16,105
08/09/2010,MFD,OH,AGL,CE,Combined TRACON& Tower with Radar,0,0,16,3,19,0,0,16,0,16,0,0,32,3,35,8,0,8,43
08/10/2010,MFD,OH,AGL,CE,Combined TRACON& Tower with Radar,0,9,14,17,40,0,0,9,0,9,0,9,23,17,49,0,0,0,49
08/11/2010,MFD,OH,AGL,CE,Combined TRACON& Tower with Radar,0,4,10,5,19,0,0,13,3,16,0,4,23,8,35,12,12,24,59
08/12/2010,MFD,OH,AGL,CE,Combined TRACON& Tower with Radar,0,4,16,2,22,0,0,7,2,9,0,4,23,4,31,2,30,32,63
08/13/2010,MFD,OH,AGL,CE,Combined TRACON& Tower with Radar,0,0,22,3,25,0,0,7,0,7,0,0,29,3,32,0,0,0,32
08/14/2010,MFD,OH,AGL,CE,Combined TRACON& Tower with Radar,0,2,17,6,25,0,0,18,0,18,0,2,35,6,43,18,0,18,61
08/15/2010,MFD,OH,AGL,CE,Combined TRACON& Tower with Radar,0,0,13,1,14,0,0,1,0,1,0,0,14,1,15,0,0,0,15
08/16/2010,MFD,OH,AGL,CE,Combined TRACON& Tower with Radar,0,0,18,0,18,0,1,33,0,34,0,1,51,0,52,0,0,0,52
08/17/2010,MFD,OH,AGL,CE,Combined TRACON& Tower with Radar,0,2,26,0,28,0,0,31,0,31,0,2,57,0,59,44,0,44,103
08/18/2010,MFD,OH,AGL,CE,Combined TRACON& Tower with Radar,0,0,17,0,17,0,0,20,2,22,0,0,37,2,39,26,0,26,65
08/19/2010,MFD,OH,AGL,CE,Combined TRACON& Tower with Radar,0,4,15,4,23,0,0,31,0,31,0,4,46,4,54,14,0,14,68
08/20/2010,MFD,OH,AGL,CE,Combined TRACON& Tower with Radar,0,0,22,2,24,0,0,27,0,27,0,0,49,2,51,10,0,10,61
08/21/2010,MFD,OH,AGL,CE,Combined TRACON& Tower with Radar,0,0,3,0,3,0,0,7,0,7,0,0,10,0,10,10,0,10,20
08/22/2010,MFD,OH,AGL,CE,Combined TRACON& Tower with Radar,0,0,31,3,34,0,0,9,1,10,0,0,40,4,44,0,0,0,44
08/23/2010,MFD,OH,AGL,CE,Combined TRACON& Tower with Radar,0,6,7,2,15,0,0,0,0,0,0,6,7,2,15,0,0,0,15
08/24/2010,MFD,OH,AGL,CE,Combined TRACON& Tower with Radar,0,0,16,5,21,0,0,7,0,7,0,0,23,5,28,12,0,12,40
08/25/2010,MFD,OH,AGL,CE,Combined TRACON& Tower with Radar,0,0,13,6,19,0,0,16,0,16,0,0,29,6,35,14,0,14,49
08/26/2010,MFD,OH,AGL,CE,Combined TRACON& Tower with Radar,0,0,15,0,15,0,0,33,0,33,0,0,48,0,48,16,0,16,64
08/27/2010,MFD,OH,AGL,CE,Combined TRACON& Tower with Radar,0,0,26,0,26,0,0,27,0,27,0,0,53,0,53,20,0,20,73
08/28/2010,MFD,OH,AGL,CE,Combined TRACON& Tower with Radar,0,2,16,0,18,0,1,44,0,45,0,3,60,0,63,8,0,8,71
08/29/2010,MFD,OH,AGL,CE,Combined TRACON& Tower with Radar,0,2,16,0,18,0,0,37,0,37,0,2,53,0,55,10,0,10,65
08/30/2010,MFD,OH,AGL,CE,Combined TRACON& Tower with Radar,0,2,11,19,32,0,1,12,0,13,0,3,23,19,45,16,4,20,65
08/31/2010,MFD,OH,AGL,CE,Combined TRACON& Tower with Radar,0,0,27,3,30,0,0,23,0,23,0,0,50,3,53,10,0,10,63
09/01/2010,MFD,OH,AGL,CE,Combined TRACON& Tower with Radar,0,0,24,0,24,0,1,38,0,39,0,1,62,0,63,26,0,26,89
09/02/2010,MFD,OH,AGL,CE,Combined TRACON& Tower with Radar,0,0,10,0,10,0,2,9,0,11,0,2,19,0,21,8,0,8,29
09/03/2010,MFD,OH,AGL,CE,Combined TRACON& Tower with Radar,0,1,19,5,25,0,0,1,0,1,0,1,20,5,26,12,0,12,38
09/04/2010,MFD,OH,AGL,CE,Combined TRACON& Tower with Radar,0,3,17,0,20,0,0,2,0,2,0,3,19,0,22,8,0,8,30
09/05/2010,MFD,OH,AGL,CE,Combined TRACON& Tower with Radar,0,4,34,0,38,0,1,25,0,26,0,5,59,0,64,0,0,0,64
09/06/2010,MFD,OH,AGL,CE,Combined TRACON& Tower with Radar,0,0,16,0,16,0,0,19,0,19,0,0,35,0,35,10,0,10,45
09/07/2010,MFD,OH,AGL,CE,Combined TRACON& Tower with Radar,0,0,15,16,31,0,1,6,0,7,0,1,21,16,38,0,0,0,38
09/08/2010,MFD,OH,AGL,CE,Combined TRACON& Tower with Radar,0,1,11,0,12,0,0,16,0,16,0,1,27,0,28,26,0,26,54
09/09/2010,MFD,OH,AGL,CE,Combined TRACON& Tower with Radar,0,4,23,0,27,0,0,19,1,20,0,4,42,1,47,4,0,4,51
09/10/2010,MFD,OH,AGL,CE,Combined TRACON& Tower with Radar,0,0,24,0,24,0,0,19,0,19,0,0,43,0,43,6,0,6,49
09/11/2010,MFD,OH,AGL,CE,Combined TRACON& Tower with Radar,0,0,14,2,16,0,0,13,0,13,0,0,27,2,29,6,0,6,35
09/12/2010,MFD,OH,AGL,CE,Combined TRACON& Tower with Radar,0,2,12,0,14,0,0,9,0,9,0,2,21,0,23,14,0,14,37
09/13/2010,MFD,OH,AGL,CE,Combined TRACON& Tower with Radar,0,2,14,0,16,0,1,12,0,13,0,3,26,0,29,36,0,36,65
09/14/2010,MFD,OH,AGL,CE,Combined TRACON& Tower with Radar,0,4,20,5,29,0,0,24,0,24,0,4,44,5,53,22,0,22,75
09/15/2010,MFD,OH,AGL,CE,Combined TRACON& Tower with Radar,0,2,16,13,31,0,0,22,0,22,0,2,38,13,53,12,0,12,65
09/16/2010,MFD,OH,AGL,CE,Combined TRACON& Tower with Radar,0,0,9,3,12,0,0,0,0,0,0,0,9,3,12,0,0,0,12
09/17/2010,MFD,OH,AGL,CE,Combined TRACON& Tower with Radar,0,0,18,1,19,0,0,8,0,8,0,0,26,1,27,0,0,0,27
09/18/2010,MFD,OH,AGL,CE,Combined TRACON& Tower with Radar,0,4,14,0,18,0,0,28,0,28,0,4,42,0,46,4,0,4,50
09/19/2010,MFD,OH,AGL,CE,Combined TRACON& Tower with Radar,0,0,8,0,8,0,2,4,0,6,0,2,12,0,14,0,0,0,14
09/20/2010,MFD,OH,AGL,CE,Combined TRACON& Tower with Radar,0,0,15,0,15,0,0,17,0,17,0,0,32,0,32,22,0,22,54
09/21/2010,MFD,OH,AGL,CE,Combined TRACON& Tower with Radar,0,4,29,0,33,0,0,23,3,26,0,4,52,3,59,22,0,22,81
09/22/2010,MFD,OH,AGL,CE,Combined TRACON& Tower with Radar,0,2,8,2,12,0,0,10,0,10,0,2,18,2,22,22,0,22,44
09/23/2010,MFD,OH,AGL,CE,Combined TRACON& Tower with Radar,0,0,17,2,19,0,0,7,0,7,0,0,24,2,26,0,0,0,26
09/24/2010,MFD,OH,AGL,CE,Combined TRACON& Tower with Radar,0,0,6,2,8,3,0,4,0,7,3,0,10,2,15,28,0,28,43
09/25/2010,MFD,OH,AGL,CE,Combined TRACON& Tower with Radar,0,1,17,1,19,0,0,14,0,14,0,1,31,1,33,0,0,0,33
09/26/2010,MFD,OH,AGL,CE,Combined TRACON& Tower with Radar,0,3,8,1,12,0,2,11,0,13,0,5,19,1,25,0,0,0,25
09/27/2010,MFD,OH,AGL,CE,Combined TRACON& Tower with Radar,0,0,5,0,5,0,0,0,0,0,0,0,5,0,5,2,0,2,7
09/28/2010,MFD,OH,AGL,CE,Combined TRACON& Tower with Radar,0,10,22,2,34,0,0,0,0,0,0,10,22,2,34,0,0,0,34
09/29/2010,MFD,OH,AGL,CE,Combined TRACON& Tower with Radar,0,2,35,3,40,0,2,26,1,29,0,4,61,4,69,50,2,52,121
09/30/2010,MFD,OH,AGL,CE,Combined TRACON& Tower with Radar,0,0,17,0,17,0,2,15,1,18,0,2,32,1,35,26,0,26,61
10/01/2010,MFD,OH,AGL,CE,Combined TRACON& Tower with Radar,0,0,22,0,22,0,0,23,0,23,0,0,45,0,45,20,0,20,65
10/02/2010,MFD,OH,AGL,CE,Combined TRACON& Tower with Radar,0,0,6,0,6,0,0,2,0,2,0,0,8,0,8,26,0,26,34
10/03/2010,MFD,OH,AGL,CE,Combined TRACON& Tower with Radar,0,0,9,0,9,0,0,1,0,1,0,0,10,0,10,0,0,0,10
10/04/2010,MFD,OH,AGL,CE,Combined TRACON& Tower with Radar,0,0,14,2,16,0,0,7,2,9,0,0,21,4,25,0,0,0,25
10/05/2010,MFD,OH,AGL,CE,Combined TRACON& Tower with Radar,0,0,9,1,10,0,0,9,1,10,0,0,18,2,20,36,0,36,56
10/06/2010,MFD,OH,AGL,CE,Combined TRACON& Tower with Radar,2,2,19,0,23,0,0,10,0,10,2,2,29,0,33,16,0,16,49
10/07/2010,MFD,OH,AGL,CE,Combined TRACON& Tower with Radar,2,0,15,0,17,0,0,23,0,23,2,0,38,0,40,20,0,20,60
10/08/2010,MFD,OH,AGL,CE,Combined TRACON& Tower with Radar,0,0,22,2,24,0,0,37,3,40,0,0,59,5,64,30,6,36,100
10/09/2010,MFD,OH,AGL,CE,Combined TRACON& Tower with Radar,0,0,23,1,24,0,1,34,0,35,0,1,57,1,59,10,0,10,69
10/10/2010,MFD,OH,AGL,CE,Combined TRACON& Tower with Radar,0,0,23,0,23,0,1,25,0,26,0,1,48,0,49,12,0,12,61
10/11/2010,MFD,OH,AGL,CE,Combined TRACON& Tower with Radar,0,2,21,2,25,0,0,10,0,10,0,2,31,2,35,14,0,14,49
10/12/2010,MFD,OH,AGL,CE,Combined TRACON& Tower with Radar,0,2,38,4,44,0,0,25,0,25,0,2,63,4,69,4,0,4,73
10/13/2010,MFD,OH,AGL,CE,Combined TRACON& Tower with Radar,0,0,28,4,32,0,1,24,0,25,0,1,52,4,57,32,18,50,107
10/14/2010,MFD,OH,AGL,CE,Combined TRACON& Tower with Radar,0,0,13,0,13,0,0,11,0,11,0,0,24,0,24,18,0,18,42
10/15/2010,MFD,OH,AGL,CE,Combined TRACON& Tower with Radar,0,0,13,0,13,0,0,7,0,7,0,0,20,0,20,0,0,0,20
10/16/2010,MFD,OH,AGL,CE,Combined TRACON& Tower with Radar,0,2,15,0,17,0,0,38,0,38,0,2,53,0,55,24,0,24,79
10/17/2010,MFD,OH,AGL,CE,Combined TRACON& Tower with Radar,0,1,26,12,39,0,0,22,0,22,0,1,48,12,61,0,0,0,61
10/18/2010,MFD,OH,AGL,CE,Combined TRACON& Tower with Radar,0,2,12,4,18,0,0,9,0,9,0,2,21,4,27,8,0,8,35
10/19/2010,MFD,OH,AGL,CE,Combined TRACON& Tower with Radar,0,4,15,4,23,0,0,12,0,12,0,4,27,4,35,30,0,30,65
10/20/2010,MFD,OH,AGL,CE,Combined TRACON& Tower with Radar,0,0,11,3,14,0,0,4,2,6,0,0,15,5,20,20,0,20,40
10/21/2010,MFD,OH,AGL,CE,Combined TRACON& Tower with Radar,0,1,12,0,13,0,2,9,0,11,0,3,21,0,24,2,0,2,26
10/22/2010,MFD,OH,AGL,CE,Combined TRACON& Tower with Radar,0,1,21,7,29,0,0,27,6,33,0,1,48,13,62,46,0,46,108
10/23/2010,MFD,OH,AGL,CE,Combined TRACON& Tower with Radar,0,0,14,6,20,0,0,18,0,18,0,0,32,6,38,8,0,8,46
10/24/2010,MFD,OH,AGL,CE,Combined TRACON& Tower with Radar,0,2,24,4,30,0,0,18,0,18,0,2,42,4,48,4,0,4,52
10/25/2010,MFD,OH,AGL,CE,Combined TRACON& Tower with Radar,0,2,18,0,20,0,0,7,0,7,0,2,25,0,27,44,0,44,71
10/26/2010,MFD,OH,AGL,CE,Combined TRACON& Tower with Radar,0,0,6,0,6,0,0,0,0,0,0,0,6,0,6,0,0,0,6
10/27/2010,MFD,OH,AGL,CE,Combined TRACON& Tower with Radar,0,0,11,6,17,0,0,6,2,8,0,0,17,8,25,18,12,30,55
10/28/2010,MFD,OH,AGL,CE,Combined TRACON& Tower with Radar,0,0,5,0,5,0,0,4,1,5,0,0,9,1,10,32,0,32,42
10/29/2010,MFD,OH,AGL,CE,Combined TRACON& Tower with Radar,0,1,24,0,25,0,0,20,0,20,0,1,44,0,45,44,0,44,89
10/30/2010,MFD,OH,AGL,CE,Combined TRACON& Tower with Radar,0,0,12,0,12,0,0,22,0,22,0,0,34,0,34,32,0,32,66
10/31/2010,MFD,OH,AGL,CE,Combined TRACON& Tower with Radar,0,3,10,0,13,0,0,10,0,10,0,3,20,0,23,30,0,30,53
11/01/2010,MFD,OH,AGL,CE,Combined TRACON& Tower with Radar,0,0,23,1,24,0,0,12,0,12,0,0,35,1,36,64,0,64,100
11/02/2010,MFD,OH,AGL,CE,Combined TRACON& Tower with Radar,0,1,15,17,33,0,1,24,1,26,0,2,39,18,59,42,4,46,105
11/03/2010,MFD,OH,AGL,CE,Combined TRACON& Tower with Radar,0,1,18,25,44,0,2,33,7,42,0,3,51,32,86,112,54,166,252
11/04/2010,MFD,OH,AGL,CE,Combined TRACON& Tower with Radar,0,2,9,23,34,0,0,8,3,11,0,2,17,26,45,6,12,18,63
11/05/2010,MFD,OH,AGL,CE,Combined TRACON& Tower with Radar,0,0,7,1,8,0,0,4,0,4,0,0,11,1,12,26,0,26,38
11/06/2010,MFD,OH,AGL,CE,Combined TRACON& Tower with Radar,0,2,15,0,17,0,0,13,0,13,0,2,28,0,30,16,0,16,46
11/07/2010,MFD,OH,AGL,CE,Combined TRACON& Tower with Radar,0,1,27,0,28,0,0,30,0,30,0,1,57,0,58,54,0,54,112
11/08/2010,MFD,OH,AGL,CE,Combined TRACON& Tower with Radar,0,1,17,0,18,0,1,20,0,21,0,2,37,0,39,34,0,34,73
11/09/2010,MFD,OH,AGL,CE,Combined TRACON& Tower with Radar,0,0,20,8,28,0,0,16,0,16,0,0,36,8,44,14,0,14,58
11/10/2010,MFD,OH,AGL,CE,Combined TRACON& Tower with Radar,0,3,29,2,34,0,0,24,1,25,0,3,53,3,59,22,0,22,81
11/11/2010,MFD,OH,AGL,CE,Combined TRACON& Tower with Radar,0,0,19,0,19,0,0,27,0,27,0,0,46,0,46,28,0,28,74
11/12/2010,MFD,OH,AGL,CE,Combined TRACON& Tower with Radar,0,1,22,2,25,0,1,20,0,21,0,2,42,2,46,18,0,18,64
11/13/2010,MFD,OH,AGL,CE,Combined TRACON& Tower with Radar,0,0,16,0,16,0,0,31,0,31,0,0,47,0,47,23,0,23,70
11/14/2010,MFD,OH,AGL,CE,Combined TRACON& Tower with Radar,0,1,14,0,15,0,0,6,0,6,0,1,20,0,21,20,0,20,41
11/15/2010,MFD,OH,AGL,CE,Combined TRACON& Tower with Radar,0,2,25,3,30,0,0,15,0,15,0,2,40,3,45,6,0,6,51
11/16/2010,MFD,OH,AGL,CE,Combined TRACON& Tower with Radar,0,4,18,0,22,0,0,2,0,2,0,4,20,0,24,6,0,6,30
11/17/2010,MFD,OH,AGL,CE,Combined TRACON& Tower with Radar,0,0,27,2,29,0,0,10,2,12,0,0,37,4,41,24,0,24,65
11/18/2010,MFD,OH,AGL,CE,Combined TRACON& Tower with Radar,0,11,11,0,22,0,0,0,0,0,0,11,11,0,22,0,0,0,22
11/19/2010,MFD,OH,AGL,CE,Combined TRACON& Tower with Radar,0,3,15,5,23,0,0,17,0,17,0,3,32,5,40,16,0,16,56
11/20/2010,MFD,OH,AGL,CE,Combined TRACON& Tower with Radar,0,0,24,0,24,0,0,8,0,8,0,0,32,0,32,0,0,0,32
11/21/2010,MFD,OH,AGL,CE,Combined TRACON& Tower with Radar,0,0,15,0,15,0,0,9,0,9,0,0,24,0,24,6,0,6,30
11/22/2010,MFD,OH,AGL,CE,Combined TRACON& Tower with Radar,0,0,5,0,5,0,0,1,0,1,0,0,6,0,6,0,0,0,6
11/23/2010,MFD,OH,AGL,CE,Combined TRACON& Tower with Radar,0,0,5,5,10,0,0,2,4,6,0,0,7,9,16,4,6,10,26
11/24/2010,MFD,OH,AGL,CE,Combined TRACON& Tower with Radar,0,2,13,0,15,0,0,8,0,8,0,2,21,0,23,0,0,0,23
11/25/2010,MFD,OH,AGL,CE,Combined TRACON& Tower with Radar,0,0,3,0,3,0,0,0,0,0,0,0,3,0,3,0,0,0,3
11/26/2010,MFD,OH,AGL,CE,Combined TRACON& Tower with Radar,0,0,1,0,1,0,0,5,0,5,0,0,6,0,6,0,0,0,6
11/27/2010,MFD,OH,AGL,CE,Combined TRACON& Tower with Radar,0,0,4,0,4,0,0,3,0,3,0,0,7,0,7,24,0,24,31
11/28/2010,MFD,OH,AGL,CE,Combined TRACON& Tower with Radar,0,0,24,0,24,0,0,42,0,42,0,0,66,0,66,52,0,52,118
11/29/2010,MFD,OH,AGL,CE,Combined TRACON& Tower with Radar,0,2,28,18,48,0,0,29,6,35,0,2,57,24,83,6,16,22,105
11/30/2010,MFD,OH,AGL,CE,Combined TRACON& Tower with Radar,0,0,12,0,12,0,0,0,0,0,0,0,12,0,12,0,0,0,12
12/01/2010,MFD,OH,AGL,CE,Combined TRACON& Tower with Radar,0,0,5,2,7,0,0,2,6,8,0,0,7,8,15,0,2,2,17
12/02/2010,MFD,OH,AGL,CE,Combined TRACON& Tower with Radar,0,0,14,0,14,0,4,15,4,23,0,4,29,4,37,20,10,30,67
12/03/2010,MFD,OH,AGL,CE,Combined TRACON& Tower with Radar,0,0,19,4,23,0,0,2,2,4,0,0,21,6,27,4,0,4,31
12/04/2010,MFD,OH,AGL,CE,Combined TRACON& Tower with Radar,0,0,27,0,27,0,0,9,0,9,0,0,36,0,36,4,0,4,40
12/05/2010,MFD,OH,AGL,CE,Combined TRACON& Tower with Radar,0,0,1,0,1,0,0,1,0,1,0,0,2,0,2,0,0,0,2
12/06/2010,MFD,OH,AGL,CE,Combined TRACON& Tower with Radar,0,2,7,0,9,0,0,0,0,0,0,2,7,0,9,0,0,0,9
12/07/2010,MFD,OH,AGL,CE,Combined TRACON& Tower with Radar,0,0,7,0,7,0,0,0,0,0,0,0,7,0,7,0,0,0,7
12/08/2010,MFD,OH,AGL,CE,Combined TRACON& Tower with Radar,0,0,12,3,15,0,0,0,1,1,0,0,12,4,16,0,0,0,16
12/09/2010,MFD,OH,AGL,CE,Combined TRACON& Tower with Radar,0,14,8,6,28,0,4,17,4,25,0,18,25,10,53,8,10,18,71
12/10/2010,MFD,OH,AGL,CE,Combined TRACON& Tower with Radar,0,0,2,2,4,0,0,5,0,5,0,0,7,2,9,0,0,0,9
12/11/2010,MFD,OH,AGL,CE,Combined TRACON& Tower with Radar,0,1,32,4,37,0,0,39,0,39,0,1,71,4,76,54,0,54,130
12/12/2010,MFD,OH,AGL,CE,Combined TRACON& Tower with Radar,0,0,0,0,0,0,0,0,0,0,0,0,0,0,0,0,0,0,0
12/13/2010,MFD,OH,AGL,CE,Combined TRACON& Tower with Radar,0,1,0,2,3,0,0,0,0,0,0,1,0,2,3,0,0,0,3
12/14/2010,MFD,OH,AGL,CE,Combined TRACON& Tower with Radar,0,0,12,1,13,0,1,3,0,4,0,1,15,1,17,8,0,8,25
12/15/2010,MFD,OH,AGL,CE,Combined TRACON& Tower with Radar,0,2,3,0,5,0,0,0,0,0,0,2,3,0,5,0,0,0,5
12/16/2010,MFD,OH,AGL,CE,Combined TRACON& Tower with Radar,0,2,7,2,11,0,0,10,0,10,0,2,17,2,21,2,0,2,23
12/17/2010,MFD,OH,AGL,CE,Combined TRACON& Tower with Radar,0,0,6,0,6,0,0,0,0,0,0,0,6,0,6,0,0,0,6
12/18/2010,MFD,OH,AGL,CE,Combined TRACON& Tower with Radar,0,0,10,0,10,0,0,15,4,19,0,0,25,4,29,0,0,0,29
12/19/2010,MFD,OH,AGL,CE,Combined TRACON& Tower with Radar,0,0,2,0,2,0,0,4,0,4,0,0,6,0,6,0,0,0,6
12/20/2010,MFD,OH,AGL,CE,Combined TRACON& Tower with Radar,0,0,5,0,5,0,0,5,0,5,0,0,10,0,10,10,0,10,20
12/21/2010,MFD,OH,AGL,CE,Combined TRACON& Tower with Radar,0,1,6,18,25,0,0,6,4,10,0,1,12,22,35,12,22,34,69
12/22/2010,MFD,OH,AGL,CE,Combined TRACON& Tower with Radar,0,0,2,0,2,0,0,0,0,0,0,0,2,0,2,0,0,0,2
12/23/2010,MFD,OH,AGL,CE,Combined TRACON& Tower with Radar,0,0,5,4,9,0,0,8,0,8,0,0,13,4,17,0,0,0,17
12/24/2010,MFD,OH,AGL,CE,Combined TRACON& Tower with Radar,0,0,3,0,3,0,0,1,0,1,0,0,4,0,4,0,0,0,4
12/25/2010,MFD,OH,AGL,CE,Combined TRACON& Tower with Radar,0,0,0,0,0,0,0,0,0,0,0,0,0,0,0,0,0,0,0
12/26/2010,MFD,OH,AGL,CE,Combined TRACON& Tower with Radar,0,0,0,0,0,0,0,0,0,0,0,0,0,0,0,0,0,0,0
12/27/2010,MFD,OH,AGL,CE,Combined TRACON& Tower with Radar,0,0,2,0,2,0,0,0,0,0,0,0,2,0,2,0,0,0,2
12/28/2010,MFD,OH,AGL,CE,Combined TRACON& Tower with Radar,0,2,8,2,12,0,0,17,0,17,0,2,25,2,29,2,0,2,31
12/29/2010,MFD,OH,AGL,CE,Combined TRACON& Tower with Radar,0,0,17,6,23,0,0,27,0,27,0,0,44,6,50,10,0,10,60
12/30/2010,MFD,OH,AGL,CE,Combined TRACON& Tower with Radar,0,0,2,0,2,0,2,0,0,2,0,2,2,0,4,0,0,0,4
12/31/2010,MFD,OH,AGL,CE,Combined TRACON& Tower with Radar,0,0,4,0,4,0,0,15,0,15,0,0,19,0,19,0,0,0,19
01/01/2011,MFD,OH,AGL,CE,Combined TRACON& Tower with Radar,0,0,2,0,2,0,0,1,0,1,0,0,3,0,3,0,0,0,3
01/02/2011,MFD,OH,AGL,CE,Combined TRACON& Tower with Radar,0,1,16,0,17,0,0,10,0,10,0,1,26,0,27,10,0,10,37
01/03/2011,MFD,OH,AGL,CE,Combined TRACON& Tower with Radar,0,1,12,2,15,0,0,12,0,12,0,1,24,2,27,10,0,10,37
01/04/2011,MFD,OH,AGL,CE,Combined TRACON& Tower with Radar,0,0,4,3,7,0,0,2,0,2,0,0,6,3,9,8,6,14,23
01/05/2011,MFD,OH,AGL,CE,Combined TRACON& Tower with Radar,0,2,20,7,29,0,0,11,0,11,0,2,31,7,40,6,0,6,46
01/06/2011,MFD,OH,AGL,CE,Combined TRACON& Tower with Radar,0,0,2,0,2,0,0,0,0,0,0,0,2,0,2,16,0,16,18
01/07/2011,MFD,OH,AGL,CE,Combined TRACON& Tower with Radar,0,1,5,0,6,0,0,3,0,3,0,1,8,0,9,12,0,12,21
01/08/2011,MFD,OH,AGL,CE,Combined TRACON& Tower with Radar,0,0,5,0,5,0,0,1,0,1,0,0,6,0,6,0,0,0,6
01/09/2011,MFD,OH,AGL,CE,Combined TRACON& Tower with Radar,0,0,17,3,20,0,0,10,2,12,0,0,27,5,32,2,24,26,58
01/10/2011,MFD,OH,AGL,CE,Combined TRACON& Tower with Radar,0,0,34,2,36,0,0,23,0,23,0,0,57,2,59,6,0,6,65
01/11/2011,MFD,OH,AGL,CE,Combined TRACON& Tower with Radar,0,2,2,0,4,0,1,0,0,1,0,3,2,0,5,0,0,0,5
01/12/2011,MFD,OH,AGL,CE,Combined TRACON& Tower with Radar,0,0,0,3,3,0,0,0,2,2,0,0,0,5,5,0,10,10,15
01/13/2011,MFD,OH,AGL,CE,Combined TRACON& Tower with Radar,0,0,14,0,14,0,0,0,0,0,0,0,14,0,14,0,0,0,14
01/14/2011,MFD,OH,AGL,CE,Combined TRACON& Tower with Radar,0,0,5,0,5,0,0,3,0,3,0,0,8,0,8,0,0,0,8
01/15/2011,MFD,OH,AGL,CE,Combined TRACON& Tower with Radar,0,0,0,0,0,0,0,1,0,1,0,0,1,0,1,0,0,0,1
01/16/2011,MFD,OH,AGL,CE,Combined TRACON& Tower with Radar,0,2,2,0,4,0,0,7,0,7,0,2,9,0,11,0,0,0,11
01/17/2011,MFD,OH,AGL,CE,Combined TRACON& Tower with Radar,0,0,16,2,18,0,0,13,0,13,0,0,29,2,31,6,0,6,37
01/18/2011,MFD,OH,AGL,CE,Combined TRACON& Tower with Radar,0,0,2,0,2,0,0,0,0,0,0,0,2,0,2,0,0,0,2
01/19/2011,MFD,OH,AGL,CE,Combined TRACON& Tower with Radar,0,0,0,0,0,0,0,0,0,0,0,0,0,0,0,0,0,0,0
01/20/2011,MFD,OH,AGL,CE,Combined TRACON& Tower with Radar,0,0,7,0,7,0,0,0,0,0,0,0,7,0,7,0,0,0,7
01/21/2011,MFD,OH,AGL,CE,Combined TRACON& Tower with Radar,0,0,3,3,6,0,0,2,1,3,0,0,5,4,9,0,0,0,9
01/22/2011,MFD,OH,AGL,CE,Combined TRACON& Tower with Radar,0,4,16,1,21,0,1,2,2,5,0,5,18,3,26,0,0,0,26
01/23/2011,MFD,OH,AGL,CE,Combined TRACON& Tower with Radar,0,0,10,2,12,0,0,2,0,2,0,0,12,2,14,0,0,0,14
01/24/2011,MFD,OH,AGL,CE,Combined TRACON& Tower with Radar,0,0,7,0,7,0,0,0,0,0,0,0,7,0,7,0,0,0,7
01/25/2011,MFD,OH,AGL,CE,Combined TRACON& Tower with Radar,0,2,13,0,15,0,0,0,0,0,0,2,13,0,15,0,0,0,15
01/26/2011,MFD,OH,AGL,CE,Combined TRACON& Tower with Radar,0,0,4,0,4,0,0,0,0,0,0,0,4,0,4,0,0,0,4
01/27/2011,MFD,OH,AGL,CE,Combined TRACON& Tower with Radar,0,2,8,0,10,0,0,0,0,0,0,2,8,0,10,0,0,0,10
01/28/2011,MFD,OH,AGL,CE,Combined TRACON& Tower with Radar,0,0,3,0,3,0,0,0,0,0,0,0,3,0,3,0,0,0,3
01/29/2011,MFD,OH,AGL,CE,Combined TRACON& Tower with Radar,0,0,1,0,1,0,0,0,0,0,0,0,1,0,1,0,0,0,1
01/30/2011,MFD,OH,AGL,CE,Combined TRACON& Tower with Radar,0,0,4,0,4,0,0,3,0,3,0,0,7,0,7,0,0,0,7
01/31/2011,MFD,OH,AGL,CE,Combined TRACON& Tower with Radar,0,4,21,20,45,0,0,11,0,11,0,4,32,20,56,2,10,12,68
02/01/2011,MFD,OH,AGL,CE,Combined TRACON& Tower with Radar,0,0,1,0,1,0,0,0,0,0,0,0,1,0,1,0,0,0,1
02/02/2011,MFD,OH,AGL,CE,Combined TRACON& Tower with Radar,0,0,0,0,0,0,0,0,0,0,0,0,0,0,0,0,0,0,0
02/03/2011,MFD,OH,AGL,CE,Combined TRACON& Tower with Radar,0,0,1,0,1,0,0,0,0,0,0,0,1,0,1,0,0,0,1
02/04/2011,MFD,OH,AGL,CE,Combined TRACON& Tower with Radar,0,2,5,1,8,0,4,3,0,7,0,6,8,1,15,0,0,0,15
02/05/2011,MFD,OH,AGL,CE,Combined TRACON& Tower with Radar,0,0,4,0,4,0,0,0,0,0,0,0,4,0,4,0,0,0,4
02/06/2011,MFD,OH,AGL,CE,Combined TRACON& Tower with Radar,0,4,0,2,6,0,0,0,0,0,0,4,0,2,6,0,0,0,6
02/07/2011,MFD,OH,AGL,CE,Combined TRACON& Tower with Radar,0,0,4,0,4,0,0,0,0,0,0,0,4,0,4,0,0,0,4
02/08/2011,MFD,OH,AGL,CE,Combined TRACON& Tower with Radar,0,0,7,0,7,0,0,3,0,3,0,0,10,0,10,4,0,4,14
02/09/2011,MFD,OH,AGL,CE,Combined TRACON& Tower with Radar,0,2,24,11,37,0,0,7,3,10,0,2,31,14,47,2,24,26,73
02/10/2011,MFD,OH,AGL,CE,Combined TRACON& Tower with Radar,0,2,8,0,10,0,0,4,0,4,0,2,12,0,14,12,0,12,26
02/11/2011,MFD,OH,AGL,CE,Combined TRACON& Tower with Radar,0,0,9,8,17,0,0,6,0,6,0,0,15,8,23,0,0,0,23
02/12/2011,MFD,OH,AGL,CE,Combined TRACON& Tower with Radar,0,0,5,0,5,0,0,3,0,3,0,0,8,0,8,0,0,0,8
02/13/2011,MFD,OH,AGL,CE,Combined TRACON& Tower with Radar,0,2,5,0,7,0,0,2,0,2,0,2,7,0,9,0,0,0,9
02/14/2011,MFD,OH,AGL,CE,Combined TRACON& Tower with Radar,0,2,4,0,6,0,0,0,0,0,0,2,4,0,6,0,0,0,6
02/15/2011,MFD,OH,AGL,CE,Combined TRACON& Tower with Radar,0,0,32,6,38,0,0,23,0,23,0,0,55,6,61,4,4,8,69
02/16/2011,MFD,OH,AGL,CE,Combined TRACON& Tower with Radar,0,8,16,22,46,0,2,16,0,18,0,10,32,22,64,12,18,30,94
02/17/2011,MFD,OH,AGL,CE,Combined TRACON& Tower with Radar,0,4,17,12,33,0,0,2,4,6,0,4,19,16,39,0,16,16,55
02/18/2011,MFD,OH,AGL,CE,Combined TRACON& Tower with Radar,0,0,4,11,15,0,2,8,7,17,0,2,12,18,32,4,28,32,64
02/19/2011,MFD,OH,AGL,CE,Combined TRACON& Tower with Radar,0,0,21,0,21,0,0,24,0,24,0,0,45,0,45,52,0,52,97
02/20/2011,MFD,OH,AGL,CE,Combined TRACON& Tower with Radar,0,2,11,0,13,0,0,0,0,0,0,2,11,0,13,0,0,0,13
02/21/2011,MFD,OH,AGL,CE,Combined TRACON& Tower with Radar,0,0,3,0,3,0,0,0,0,0,0,0,3,0,3,0,0,0,3
02/22/2011,MFD,OH,AGL,CE,Combined TRACON& Tower with Radar,0,6,10,0,16,0,0,2,0,2,0,6,12,0,18,0,0,0,18
02/23/2011,MFD,OH,AGL,CE,Combined TRACON& Tower with Radar,0,4,19,29,52,0,0,8,3,11,0,4,27,32,63,14,12,26,89
02/24/2011,MFD,OH,AGL,CE,Combined TRACON& Tower with Radar,0,4,1,5,10,0,0,2,0,2,0,4,3,5,12,0,0,0,12
02/25/2011,MFD,OH,AGL,CE,Combined TRACON& Tower with Radar,0,0,5,0,5,0,0,1,0,1,0,0,6,0,6,0,0,0,6
02/26/2011,MFD,OH,AGL,CE,Combined TRACON& Tower with Radar,0,0,0,1,1,0,0,0,0,0,0,0,0,1,1,4,0,4,5
02/27/2011,MFD,OH,AGL,CE,Combined TRACON& Tower with Radar,0,2,2,1,5,0,0,4,0,4,0,2,6,1,9,2,0,2,11
02/28/2011,MFD,OH,AGL,CE,Combined TRACON& Tower with Radar,0,2,7,18,27,0,0,1,0,1,0,2,8,18,28,0,2,2,30
03/01/2011,MFD,OH,AGL,CE,Combined TRACON& Tower with Radar,0,4,30,36,70,0,1,25,2,28,0,5,55,38,98,32,18,50,148
03/02/2011,MFD,OH,AGL,CE,Combined TRACON& Tower with Radar,0,3,20,24,47,0,5,14,6,25,0,8,34,30,72,2,46,48,120
03/03/2011,MFD,OH,AGL,CE,Combined TRACON& Tower with Radar,0,4,31,12,47,0,0,10,4,14,0,4,41,16,61,38,22,60,121
03/04/2011,MFD,OH,AGL,CE,Combined TRACON& Tower with Radar,0,0,5,20,25,0,2,0,2,4,0,2,5,22,29,0,0,0,29
03/05/2011,MFD,OH,AGL,CE,Combined TRACON& Tower with Radar,0,2,1,6,9,0,0,0,4,4,0,2,1,10,13,0,0,0,13
03/06/2011,MFD,OH,AGL,CE,Combined TRACON& Tower with Radar,0,1,3,0,4,0,0,0,0,0,0,1,3,0,4,0,0,0,4
03/07/2011,MFD,OH,AGL,CE,Combined TRACON& Tower with Radar,0,7,31,8,46,0,2,23,0,25,0,9,54,8,71,2,12,14,85
03/08/2011,MFD,OH,AGL,CE,Combined TRACON& Tower with Radar,0,0,17,32,49,0,0,15,12,27,0,0,32,44,76,4,48,52,128
03/09/2011,MFD,OH,AGL,CE,Combined TRACON& Tower with Radar,0,1,0,3,4,0,0,0,0,0,0,1,0,3,4,0,0,0,4
03/10/2011,MFD,OH,AGL,CE,Combined TRACON& Tower with Radar,0,2,1,4,7,0,0,0,0,0,0,2,1,4,7,0,0,0,7
03/11/2011,MFD,OH,AGL,CE,Combined TRACON& Tower with Radar,0,0,10,6,16,0,0,4,0,4,0,0,14,6,20,8,0,8,28
03/12/2011,MFD,OH,AGL,CE,Combined TRACON& Tower with Radar,0,2,8,8,18,0,0,12,0,12,0,2,20,8,30,0,0,0,30
03/13/2011,MFD,OH,AGL,CE,Combined TRACON& Tower with Radar,0,3,23,3,29,0,0,9,1,10,0,3,32,4,39,12,0,12,51
03/14/2011,MFD,OH,AGL,CE,Combined TRACON& Tower with Radar,0,3,25,16,44,0,0,25,2,27,0,3,50,18,71,0,14,14,85
03/15/2011,MFD,OH,AGL,CE,Combined TRACON& Tower with Radar,0,0,10,21,31,0,1,0,1,2,0,1,10,22,33,0,0,0,33
03/16/2011,MFD,OH,AGL,CE,Combined TRACON& Tower with Radar,0,0,17,6,23,0,0,7,0,7,0,0,24,6,30,6,0,6,36
03/17/2011,MFD,OH,AGL,CE,Combined TRACON& Tower with Radar,0,4,22,14,40,0,0,30,2,32,0,4,52,16,72,8,18,26,98
03/18/2011,MFD,OH,AGL,CE,Combined TRACON& Tower with Radar,0,0,8,4,12,0,1,10,0,11,0,1,18,4,23,12,0,12,35
03/19/2011,MFD,OH,AGL,CE,Combined TRACON& Tower with Radar,0,0,25,0,25,0,1,47,0,48,0,1,72,0,73,26,0,26,99
03/20/2011,MFD,OH,AGL,CE,Combined TRACON& Tower with Radar,0,4,28,4,36,0,0,27,0,27,0,4,55,4,63,78,0,78,141
03/21/2011,MFD,OH,AGL,CE,Combined TRACON& Tower with Radar,0,0,3,6,9,0,0,2,0,2,0,0,5,6,11,0,0,0,11
03/22/2011,MFD,OH,AGL,CE,Combined TRACON& Tower with Radar,0,4,13,10,27,0,0,2,26,28,0,4,15,36,55,0,0,0,55
03/23/2011,MFD,OH,AGL,CE,Combined TRACON& Tower with Radar,0,8,6,23,37,0,0,0,0,0,0,8,6,23,37,0,6,6,43
03/24/2011,MFD,OH,AGL,CE,Combined TRACON& Tower with Radar,0,2,24,1,27,0,0,6,9,15,0,2,30,10,42,34,6,40,82
03/25/2011,MFD,OH,AGL,CE,Combined TRACON& Tower with Radar,0,5,7,5,17,0,0,10,0,10,0,5,17,5,27,26,0,26,53
03/26/2011,MFD,OH,AGL,CE,Combined TRACON& Tower with Radar,0,0,28,0,28,0,0,19,0,19,0,0,47,0,47,10,0,10,57
03/27/2011,MFD,OH,AGL,CE,Combined TRACON& Tower with Radar,0,2,7,0,9,0,0,9,1,10,0,2,16,1,19,4,0,4,23
03/28/2011,MFD,OH,AGL,CE,Combined TRACON& Tower with Radar,0,0,15,4,19,0,0,6,0,6,0,0,21,4,25,8,0,8,33
03/29/2011,MFD,OH,AGL,CE,Combined TRACON& Tower with Radar,0,7,18,10,35,0,1,17,1,19,0,8,35,11,54,44,2,46,100
03/30/2011,MFD,OH,AGL,CE,Combined TRACON& Tower with Radar,0,0,12,0,12,0,0,1,0,1,0,0,13,0,13,0,0,0,13
03/31/2011,MFD,OH,AGL,CE,Combined TRACON& Tower with Radar,0,1,2,16,19,0,10,0,0,10,0,11,2,16,29,0,8,8,37
04/01/2011,MFD,OH,AGL,CE,Combined TRACON& Tower with Radar,0,2,21,14,37,2,2,7,2,13,2,4,28,16,50,14,12,26,76
04/02/2011,MFD,OH,AGL,CE,Combined TRACON& Tower with Radar,0,0,8,0,8,0,0,1,0,1,0,0,9,0,9,0,0,0,9
04/03/2011,MFD,OH,AGL,CE,Combined TRACON& Tower with Radar,0,0,4,1,5,0,0,6,1,7,0,0,10,2,12,0,0,0,12
04/04/2011,MFD,OH,AGL,CE,Combined TRACON& Tower with Radar,0,0,3,0,3,0,0,0,0,0,0,0,3,0,3,0,0,0,3
04/05/2011,MFD,OH,AGL,CE,Combined TRACON& Tower with Radar,0,6,11,5,22,0,0,8,15,23,0,6,19,20,45,0,0,0,45
04/06/2011,MFD,OH,AGL,CE,Combined TRACON& Tower with Radar,0,4,14,2,20,0,1,1,8,10,0,5,15,10,30,0,0,0,30
04/07/2011,MFD,OH,AGL,CE,Combined TRACON& Tower with Radar,0,0,22,8,30,0,0,4,6,10,0,0,26,14,40,10,4,14,54
04/08/2011,MFD,OH,AGL,CE,Combined TRACON& Tower with Radar,0,1,6,2,9,0,0,0,0,0,0,1,6,2,9,0,0,0,9
04/09/2011,MFD,OH,AGL,CE,Combined TRACON& Tower with Radar,0,0,13,0,13,0,1,2,0,3,0,1,15,0,16,34,0,34,50
04/10/2011,MFD,OH,AGL,CE,Combined TRACON& Tower with Radar,0,1,17,0,18,0,0,12,0,12,0,1,29,0,30,0,0,0,30
04/11/2011,MFD,OH,AGL,CE,Combined TRACON& Tower with Radar,0,0,4,0,4,0,0,0,0,0,0,0,4,0,4,0,0,0,4
04/12/2011,MFD,OH,AGL,CE,Combined TRACON& Tower with Radar,0,0,10,4,14,0,1,0,15,16,0,1,10,19,30,0,18,18,48
04/13/2011,MFD,OH,AGL,CE,Combined TRACON& Tower with Radar,0,0,26,2,28,0,7,25,9,41,0,7,51,11,69,24,8,32,101
04/14/2011,MFD,OH,AGL,CE,Combined TRACON& Tower with Radar,0,0,32,6,38,0,1,22,20,43,0,1,54,26,81,2,14,16,97
04/15/2011,MFD,OH,AGL,CE,Combined TRACON& Tower with Radar,0,1,20,2,23,0,0,15,0,15,0,1,35,2,38,6,0,6,44
04/16/2011,MFD,OH,AGL,CE,Combined TRACON& Tower with Radar,0,0,4,0,4,0,0,0,0,0,0,0,4,0,4,0,0,0,4
04/17/2011,MFD,OH,AGL,CE,Combined TRACON& Tower with Radar,0,0,6,0,6,0,0,1,0,1,0,0,7,0,7,0,0,0,7
04/18/2011,MFD,OH,AGL,CE,Combined TRACON& Tower with Radar,0,0,9,5,14,0,0,4,0,4,0,0,13,5,18,0,0,0,18
04/19/2011,MFD,OH,AGL,CE,Combined TRACON& Tower with Radar,0,0,9,0,9,0,0,0,0,0,0,0,9,0,9,0,0,0,9
04/20/2011,MFD,OH,AGL,CE,Combined TRACON& Tower with Radar,0,0,2,5,7,0,1,0,0,1,0,1,2,5,8,0,0,0,8
04/21/2011,MFD,OH,AGL,CE,Combined TRACON& Tower with Radar,0,2,24,12,38,0,3,22,2,27,0,5,46,14,65,32,4,36,101
04/22/2011,MFD,OH,AGL,CE,Combined TRACON& Tower with Radar,0,0,21,0,21,0,0,4,0,4,0,0,25,0,25,0,0,0,25
04/23/2011,MFD,OH,AGL,CE,Combined TRACON& Tower with Radar,0,0,6,0,6,0,0,0,2,2,0,0,6,2,8,0,0,0,8
04/24/2011,MFD,OH,AGL,CE,Combined TRACON& Tower with Radar,0,0,9,0,9,0,0,0,0,0,0,0,9,0,9,0,0,0,9
04/25/2011,MFD,OH,AGL,CE,Combined TRACON& Tower with Radar,0,0,14,13,27,0,1,2,1,4,0,1,16,14,31,0,6,6,37
04/26/2011,MFD,OH,AGL,CE,Combined TRACON& Tower with Radar,0,0,7,3,10,0,10,11,6,27,0,10,18,9,37,0,0,0,37
04/27/2011,MFD,OH,AGL,CE,Combined TRACON& Tower with Radar,0,2,4,7,13,0,4,0,14,18,0,6,4,21,31,0,0,0,31
04/28/2011,MFD,OH,AGL,CE,Combined TRACON& Tower with Radar,0,0,0,4,4,0,0,1,0,1,0,0,1,4,5,0,0,0,5
04/29/2011,MFD,OH,AGL,CE,Combined TRACON& Tower with Radar,0,0,18,5,23,0,0,10,0,10,0,0,28,5,33,0,0,0,33
04/30/2011,MFD,OH,AGL,CE,Combined TRACON& Tower with Radar,0,2,32,0,34,0,0,39,0,39,0,2,71,0,73,32,0,32,105
05/01/2011,MFD,OH,AGL,CE,Combined TRACON& Tower with Radar,0,0,17,0,17,0,0,0,0,0,0,0,17,0,17,0,0,0,17
05/02/2011,MFD,OH,AGL,CE,Combined TRACON& Tower with Radar,0,0,1,15,16,0,0,5,5,10,0,0,6,20,26,4,12,16,42
05/03/2011,MFD,OH,AGL,CE,Combined TRACON& Tower with Radar,0,2,11,0,13,0,0,0,0,0,0,2,11,0,13,0,0,0,13
05/04/2011,MFD,OH,AGL,CE,Combined TRACON& Tower with Radar,0,2,30,18,50,0,0,12,3,15,0,2,42,21,65,20,22,42,107
05/05/2011,MFD,OH,AGL,CE,Combined TRACON& Tower with Radar,0,1,27,5,33,0,1,39,3,43,0,2,66,8,76,44,14,58,134
05/06/2011,MFD,OH,AGL,CE,Combined TRACON& Tower with Radar,0,0,8,11,19,0,0,4,1,5,0,0,12,12,24,0,0,0,24
05/07/2011,MFD,OH,AGL,CE,Combined TRACON& Tower with Radar,0,11,50,0,61,0,1,18,0,19,0,12,68,0,80,60,0,60,140
05/08/2011,MFD,OH,AGL,CE,Combined TRACON& Tower with Radar,0,0,7,0,7,0,0,7,0,7,0,0,14,0,14,0,0,0,14
05/09/2011,MFD,OH,AGL,CE,Combined TRACON& Tower with Radar,0,0,22,0,22,0,5,26,0,31,0,5,48,0,53,18,0,18,71
05/10/2011,MFD,OH,AGL,CE,Combined TRACON& Tower with Radar,0,0,9,1,10,0,0,8,10,18,0,0,17,11,28,2,0,2,30
05/11/2011,MFD,OH,AGL,CE,Combined TRACON& Tower with Radar,0,0,19,6,25,0,0,23,6,29,0,0,42,12,54,34,8,42,96
05/12/2011,MFD,OH,AGL,CE,Combined TRACON& Tower with Radar,0,3,9,14,26,0,0,6,13,19,0,3,15,27,45,10,16,26,71
05/13/2011,MFD,OH,AGL,CE,Combined TRACON& Tower with Radar,0,1,16,2,19,0,0,3,0,3,0,1,19,2,22,0,0,0,22
05/14/2011,MFD,OH,AGL,CE,Combined TRACON& Tower with Radar,0,2,10,2,14,0,0,1,0,1,0,2,11,2,15,0,0,0,15
05/15/2011,MFD,OH,AGL,CE,Combined TRACON& Tower with Radar,0,0,6,4,10,0,0,0,0,0,0,0,6,4,10,0,0,0,10
05/16/2011,MFD,OH,AGL,CE,Combined TRACON& Tower with Radar,0,4,24,27,55,0,0,0,0,0,0,4,24,27,55,0,0,0,55
05/17/2011,MFD,OH,AGL,CE,Combined TRACON& Tower with Radar,0,0,8,3,11,0,0,0,0,0,0,0,8,3,11,0,0,0,11
05/18/2011,MFD,OH,AGL,CE,Combined TRACON& Tower with Radar,0,0,22,8,30,0,0,3,4,7,0,0,25,12,37,0,8,8,45
05/19/2011,MFD,OH,AGL,CE,Combined TRACON& Tower with Radar,0,0,25,12,37,0,0,6,10,16,0,0,31,22,53,0,2,2,55
05/20/2011,MFD,OH,AGL,CE,Combined TRACON& Tower with Radar,0,0,32,4,36,0,0,29,0,29,0,0,61,4,65,56,0,56,121
05/21/2011,MFD,OH,AGL,CE,Combined TRACON& Tower with Radar,0,0,63,0,63,0,2,62,0,64,0,2,125,0,127,28,0,28,155
05/22/2011,MFD,OH,AGL,CE,Combined TRACON& Tower with Radar,0,0,28,0,28,0,3,19,0,22,0,3,47,0,50,6,0,6,56
05/23/2011,MFD,OH,AGL,CE,Combined TRACON& Tower with Radar,0,0,14,3,17,0,0,0,1,1,0,0,14,4,18,0,0,0,18
05/24/2011,MFD,OH,AGL,CE,Combined TRACON& Tower with Radar,0,0,11,11,22,0,0,1,8,9,0,0,12,19,31,18,0,18,49
05/25/2011,MFD,OH,AGL,CE,Combined TRACON& Tower with Radar,0,0,19,4,23,0,0,3,0,3,0,0,22,4,26,0,0,0,26
05/26/2011,MFD,OH,AGL,CE,Combined TRACON& Tower with Radar,0,0,11,2,13,0,0,0,0,0,0,0,11,2,13,0,0,0,13
05/27/2011,MFD,OH,AGL,CE,Combined TRACON& Tower with Radar,0,0,12,0,12,0,0,0,0,0,0,0,12,0,12,0,0,0,12
05/28/2011,MFD,OH,AGL,CE,Combined TRACON& Tower with Radar,0,0,11,0,11,0,0,24,0,24,0,0,35,0,35,16,0,16,51
05/29/2011,MFD,OH,AGL,CE,Combined TRACON& Tower with Radar,0,0,3,0,3,0,0,8,0,8,0,0,11,0,11,0,0,0,11
05/30/2011,MFD,OH,AGL,CE,Combined TRACON& Tower with Radar,0,0,8,0,8,0,1,14,0,15,0,1,22,0,23,18,0,18,41
05/31/2011,MFD,OH,AGL,CE,Combined TRACON& Tower with Radar,0,0,23,5,28,0,0,20,3,23,0,0,43,8,51,38,4,42,93
06/01/2011,MFD,OH,AGL,CE,Combined TRACON& Tower with Radar,0,0,10,8,18,0,0,7,10,17,0,0,17,18,35,16,32,48,83
06/02/2011,MFD,OH,AGL,CE,Combined TRACON& Tower with Radar,0,0,27,9,36,0,0,29,12,41,0,0,56,21,77,20,8,28,105
06/03/2011,MFD,OH,AGL,CE,Combined TRACON& Tower with Radar,0,0,11,2,13,0,1,24,2,27,0,1,35,4,40,14,6,20,60
06/04/2011,MFD,OH,AGL,CE,Combined TRACON& Tower with Radar,0,4,11,0,15,0,0,25,0,25,0,4,36,0,40,20,0,20,60
06/05/2011,MFD,OH,AGL,CE,Combined TRACON& Tower with Radar,0,0,15,3,18,0,0,16,0,16,0,0,31,3,34,20,0,20,54
06/06/2011,MFD,OH,AGL,CE,Combined TRACON& Tower with Radar,0,2,26,1,29,0,1,14,0,15,0,3,40,1,44,10,0,10,54
06/07/2011,MFD,OH,AGL,CE,Combined TRACON& Tower with Radar,0,3,10,11,24,0,0,8,1,9,0,3,18,12,33,8,6,14,47
06/08/2011,MFD,OH,AGL,CE,Combined TRACON& Tower with Radar,0,5,6,3,14,0,0,18,1,19,0,5,24,4,33,20,2,22,55
06/09/2011,MFD,OH,AGL,CE,Combined TRACON& Tower with Radar,0,1,6,2,9,0,0,11,8,19,0,1,17,10,28,2,0,2,30
06/10/2011,MFD,OH,AGL,CE,Combined TRACON& Tower with Radar,0,1,10,0,11,0,0,0,0,0,0,1,10,0,11,0,0,0,11
06/11/2011,MFD,OH,AGL,CE,Combined TRACON& Tower with Radar,0,0,8,1,9,0,0,15,10,25,0,0,23,11,34,0,0,0,34
06/12/2011,MFD,OH,AGL,CE,Combined TRACON& Tower with Radar,0,2,19,0,21,0,0,12,0,12,0,2,31,0,33,12,0,12,45
06/13/2011,MFD,OH,AGL,CE,Combined TRACON& Tower with Radar,0,0,19,14,33,0,2,28,4,34,0,2,47,18,67,28,22,50,117
06/14/2011,MFD,OH,AGL,CE,Combined TRACON& Tower with Radar,0,0,31,10,41,0,0,27,14,41,0,0,58,24,82,20,16,36,118
06/15/2011,MFD,OH,AGL,CE,Combined TRACON& Tower with Radar,0,11,34,13,58,0,0,21,17,38,0,11,55,30,96,52,34,86,182
06/16/2011,MFD,OH,AGL,CE,Combined TRACON& Tower with Radar,0,1,11,28,40,0,0,3,14,17,0,1,14,42,57,0,20,20,77
06/17/2011,MFD,OH,AGL,CE,Combined TRACON& Tower with Radar,0,6,11,4,21,0,0,50,1,51,0,6,61,5,72,6,14,20,92
06/18/2011,MFD,OH,AGL,CE,Combined TRACON& Tower with Radar,0,0,27,2,29,0,0,6,0,6,0,0,33,2,35,44,0,44,79
06/19/2011,MFD,OH,AGL,CE,Combined TRACON& Tower with Radar,0,2,9,1,12,0,0,4,2,6,0,2,13,3,18,6,0,6,24
06/20/2011,MFD,OH,AGL,CE,Combined TRACON& Tower with Radar,0,0,16,16,32,0,0,6,3,9,0,0,22,19,41,0,22,22,63
06/21/2011,MFD,OH,AGL,CE,Combined TRACON& Tower with Radar,0,0,8,2,10,0,0,6,0,6,0,0,14,2,16,16,2,18,34
06/22/2011,MFD,OH,AGL,CE,Combined TRACON& Tower with Radar,0,1,19,4,24,0,0,2,0,2,0,1,21,4,26,0,0,0,26
06/23/2011,MFD,OH,AGL,CE,Combined TRACON& Tower with Radar,0,0,19,4,23,0,0,13,19,32,0,0,32,23,55,0,8,8,63
06/24/2011,MFD,OH,AGL,CE,Combined TRACON& Tower with Radar,0,2,19,6,27,0,0,0,0,0,0,2,19,6,27,0,0,0,27
06/25/2011,MFD,OH,AGL,CE,Combined TRACON& Tower with Radar,0,0,33,1,34,0,4,39,1,44,0,4,72,2,78,56,0,56,134
06/26/2011,MFD,OH,AGL,CE,Combined TRACON& Tower with Radar,0,1,27,2,30,0,0,25,0,25,0,1,52,2,55,36,0,36,91
06/27/2011,MFD,OH,AGL,CE,Combined TRACON& Tower with Radar,0,0,19,15,34,0,0,14,1,15,0,0,33,16,49,0,0,0,49
06/28/2011,MFD,OH,AGL,CE,Combined TRACON& Tower with Radar,0,0,23,14,37,0,0,17,18,35,0,0,40,32,72,12,10,22,94
06/29/2011,MFD,OH,AGL,CE,Combined TRACON& Tower with Radar,0,2,28,14,44,0,0,29,26,55,0,2,57,40,99,14,28,42,141
06/30/2011,MFD,OH,AGL,CE,Combined TRACON& Tower with Radar,0,0,18,6,24,0,0,47,9,56,0,0,65,15,80,12,6,18,98
07/01/2011,MFD,OH,AGL,CE,Combined TRACON& Tower with Radar,0,0,13,4,17,0,0,22,3,25,0,0,35,7,42,30,8,38,80
07/02/2011,MFD,OH,AGL,CE,Combined TRACON& Tower with Radar,0,0,12,0,12,0,0,88,0,88,0,0,100,0,100,42,0,42,142
07/03/2011,MFD,OH,AGL,CE,Combined TRACON& Tower with Radar,0,4,4,0,8,0,0,11,0,11,0,4,15,0,19,0,0,0,19
07/04/2011,MFD,OH,AGL,CE,Combined TRACON& Tower with Radar,0,2,9,0,11,0,0,2,0,2,0,2,11,0,13,0,0,0,13
07/05/2011,MFD,OH,AGL,CE,Combined TRACON& Tower with Radar,0,0,25,10,35,0,0,36,9,45,0,0,61,19,80,26,6,32,112
07/06/2011,MFD,OH,AGL,CE,Combined TRACON& Tower with Radar,0,0,10,9,19,0,0,11,22,33,0,0,21,31,52,18,4,22,74
07/07/2011,MFD,OH,AGL,CE,Combined TRACON& Tower with Radar,0,0,19,16,35,0,0,24,17,41,0,0,43,33,76,28,18,46,122
07/08/2011,MFD,OH,AGL,CE,Combined TRACON& Tower with Radar,0,2,7,8,17,0,0,13,2,15,0,2,20,10,32,26,0,26,58
07/09/2011,MFD,OH,AGL,CE,Combined TRACON& Tower with Radar,0,0,22,2,24,0,0,29,4,33,0,0,51,6,57,32,0,32,89
07/10/2011,MFD,OH,AGL,CE,Combined TRACON& Tower with Radar,0,0,13,0,13,0,0,25,0,25,0,0,38,0,38,4,0,4,42
07/11/2011,MFD,OH,AGL,CE,Combined TRACON& Tower with Radar,0,0,9,4,13,0,0,5,0,5,0,0,14,4,18,44,0,44,62
07/12/2011,MFD,OH,AGL,CE,Combined TRACON& Tower with Radar,0,2,20,5,27,0,0,24,15,39,0,2,44,20,66,72,4,76,142
07/13/2011,MFD,OH,AGL,CE,Combined TRACON& Tower with Radar,0,0,10,3,13,0,0,24,0,24,0,0,34,3,37,40,0,40,77
07/14/2011,MFD,OH,AGL,CE,Combined TRACON& Tower with Radar,0,2,15,11,28,0,0,25,2,27,0,2,40,13,55,26,16,42,97
07/15/2011,MFD,OH,AGL,CE,Combined TRACON& Tower with Radar,0,2,22,17,41,0,0,28,5,33,0,2,50,22,74,26,6,32,106
07/16/2011,MFD,OH,AGL,CE,Combined TRACON& Tower with Radar,0,0,15,5,20,0,0,17,1,18,0,0,32,6,38,16,2,18,56
07/17/2011,MFD,OH,AGL,CE,Combined TRACON& Tower with Radar,0,2,17,2,21,0,1,12,0,13,0,3,29,2,34,4,0,4,38
07/18/2011,MFD,OH,AGL,CE,Combined TRACON& Tower with Radar,0,0,10,8,18,0,0,6,2,8,0,0,16,10,26,16,8,24,50
07/19/2011,MFD,OH,AGL,CE,Combined TRACON& Tower with Radar,0,8,7,21,36,0,0,2,11,13,0,8,9,32,49,0,26,26,75
07/20/2011,MFD,OH,AGL,CE,Combined TRACON& Tower with Radar,0,2,22,3,27,0,0,23,15,38,0,2,45,18,65,28,16,44,109
07/21/2011,MFD,OH,AGL,CE,Combined TRACON& Tower with Radar,0,3,20,11,34,0,0,12,4,16,0,3,32,15,50,38,20,58,108
07/22/2011,MFD,OH,AGL,CE,Combined TRACON& Tower with Radar,0,2,41,2,45,0,1,10,0,11,0,3,51,2,56,20,0,20,76
07/23/2011,MFD,OH,AGL,CE,Combined TRACON& Tower with Radar,0,0,15,0,15,0,0,12,0,12,0,0,27,0,27,0,0,0,27
07/24/2011,MFD,OH,AGL,CE,Combined TRACON& Tower with Radar,0,0,15,0,15,0,0,9,0,9,0,0,24,0,24,2,0,2,26
07/25/2011,MFD,OH,AGL,CE,Combined TRACON& Tower with Radar,0,2,3,13,18,0,0,7,1,8,0,2,10,14,26,26,10,36,62
07/26/2011,MFD,OH,AGL,CE,Combined TRACON& Tower with Radar,2,0,24,16,42,0,0,37,2,39,2,0,61,18,81,42,0,42,123
07/27/2011,MFD,OH,AGL,CE,Combined TRACON& Tower with Radar,0,2,30,5,37,0,0,42,3,45,0,2,72,8,82,34,22,56,138
07/28/2011,MFD,OH,AGL,CE,Combined TRACON& Tower with Radar,0,5,18,6,29,0,0,9,10,19,0,5,27,16,48,24,6,30,78
07/29/2011,MFD,OH,AGL,CE,Combined TRACON& Tower with Radar,0,4,11,4,19,0,0,6,0,6,0,4,17,4,25,6,0,6,31
07/30/2011,MFD,OH,AGL,CE,Combined TRACON& Tower with Radar,0,4,23,1,28,0,1,49,2,52,0,5,72,3,80,30,0,30,110
07/31/2011,MFD,OH,AGL,CE,Combined TRACON& Tower with Radar,0,0,15,0,15,0,0,28,0,28,0,0,43,0,43,8,0,8,51
08/01/2011,MFD,OH,AGL,CE,Combined TRACON& Tower with Radar,0,0,15,8,23,0,0,19,0,19,0,0,34,8,42,22,5,27,69
08/02/2011,MFD,OH,AGL,CE,Combined TRACON& Tower with Radar,0,2,25,6,33,0,2,14,11,27,0,4,39,17,60,48,12,60,120
08/03/2011,MFD,OH,AGL,CE,Combined TRACON& Tower with Radar,0,0,16,6,22,0,1,8,13,22,0,1,24,19,44,0,0,0,44
08/04/2011,MFD,OH,AGL,CE,Combined TRACON& Tower with Radar,0,5,22,7,34,0,0,13,9,22,0,5,35,16,56,62,14,76,132
08/05/2011,MFD,OH,AGL,CE,Combined TRACON& Tower with Radar,0,5,33,5,43,0,0,21,0,21,0,5,54,5,64,52,0,52,116
08/06/2011,MFD,OH,AGL,CE,Combined TRACON& Tower with Radar,0,9,15,2,26,0,0,11,0,11,0,9,26,2,37,0,0,0,37
08/07/2011,MFD,OH,AGL,CE,Combined TRACON& Tower with Radar,0,6,54,2,62,0,1,9,0,10,0,7,63,2,72,6,0,6,78
08/08/2011,MFD,OH,AGL,CE,Combined TRACON& Tower with Radar,0,0,10,2,12,0,1,7,0,8,0,1,17,2,20,0,6,6,26
08/09/2011,MFD,OH,AGL,CE,Combined TRACON& Tower with Radar,0,2,9,8,19,0,0,11,0,11,0,2,20,8,30,2,0,2,32
08/10/2011,MFD,OH,AGL,CE,Combined TRACON& Tower with Radar,0,2,30,3,35,0,0,19,19,38,0,2,49,22,73,12,2,14,87
08/11/2011,MFD,OH,AGL,CE,Combined TRACON& Tower with Radar,0,0,24,7,31,0,1,34,11,46,0,1,58,18,77,52,4,56,133
08/12/2011,MFD,OH,AGL,CE,Combined TRACON& Tower with Radar,0,0,21,4,25,0,0,22,0,22,0,0,43,4,47,4,0,4,51
08/13/2011,MFD,OH,AGL,CE,Combined TRACON& Tower with Radar,0,0,2,2,4,0,1,24,12,37,0,1,26,14,41,8,8,16,57
08/14/2011,MFD,OH,AGL,CE,Combined TRACON& Tower with Radar,0,1,7,0,8,0,0,0,0,0,0,1,7,0,8,0,0,0,8
08/15/2011,MFD,OH,AGL,CE,Combined TRACON& Tower with Radar,0,0,11,6,17,0,0,3,7,10,0,0,14,13,27,0,0,0,27
08/16/2011,MFD,OH,AGL,CE,Combined TRACON& Tower with Radar,0,0,28,8,36,0,1,44,12,57,0,1,72,20,93,24,14,38,131
08/17/2011,MFD,OH,AGL,CE,Combined TRACON& Tower with Radar,0,0,20,9,29,0,0,17,16,33,0,0,37,25,62,42,26,68,130
08/18/2011,MFD,OH,AGL,CE,Combined TRACON& Tower with Radar,0,0,20,5,25,0,0,15,11,26,0,0,35,16,51,20,20,40,91
08/19/2011,MFD,OH,AGL,CE,Combined TRACON& Tower with Radar,0,0,21,5,26,0,0,22,1,23,0,0,43,6,49,18,0,18,67
08/20/2011,MFD,OH,AGL,CE,Combined TRACON& Tower with Radar,0,0,26,2,28,0,2,48,0,50,0,2,74,2,78,6,0,6,84
08/21/2011,MFD,OH,AGL,CE,Combined TRACON& Tower with Radar,0,0,6,2,8,0,1,6,0,7,0,1,12,2,15,4,0,4,19
08/22/2011,MFD,OH,AGL,CE,Combined TRACON& Tower with Radar,0,0,12,1,13,0,0,11,0,11,0,0,23,1,24,12,0,12,36
08/23/2011,MFD,OH,AGL,CE,Combined TRACON& Tower with Radar,0,4,22,9,35,0,0,32,14,46,0,4,54,23,81,34,6,40,121
08/24/2011,MFD,OH,AGL,CE,Combined TRACON& Tower with Radar,0,0,9,12,21,0,0,4,23,27,0,0,13,35,48,0,8,8,56
08/25/2011,MFD,OH,AGL,CE,Combined TRACON& Tower with Radar,0,2,22,10,34,0,3,18,5,26,0,5,40,15,60,12,8,20,80
08/26/2011,MFD,OH,AGL,CE,Combined TRACON& Tower with Radar,0,4,27,6,37,0,1,18,0,19,0,5,45,6,56,8,0,8,64
08/27/2011,MFD,OH,AGL,CE,Combined TRACON& Tower with Radar,0,0,22,18,40,0,0,22,1,23,0,0,44,19,63,10,6,16,79
08/28/2011,MFD,OH,AGL,CE,Combined TRACON& Tower with Radar,0,2,25,2,29,0,0,9,0,9,0,2,34,2,38,4,0,4,42
08/29/2011,MFD,OH,AGL,CE,Combined TRACON& Tower with Radar,0,1,27,8,36,0,0,17,0,17,0,1,44,8,53,18,0,18,71
08/30/2011,MFD,OH,AGL,CE,Combined TRACON& Tower with Radar,0,4,31,16,51,0,0,41,14,55,0,4,72,30,106,10,8,18,124
08/31/2011,MFD,OH,AGL,CE,Combined TRACON& Tower with Radar,0,8,21,31,60,0,8,13,2,23,0,16,34,33,83,18,24,42,125
09/01/2011,MFD,OH,AGL,CE,Combined TRACON& Tower with Radar,0,4,5,4,13,0,0,13,20,33,0,4,18,24,46,6,16,22,68
09/02/2011,MFD,OH,AGL,CE,Combined TRACON& Tower with Radar,0,0,7,6,13,0,0,14,5,19,0,0,21,11,32,14,0,14,46
09/03/2011,MFD,OH,AGL,CE,Combined TRACON& Tower with Radar,0,0,10,0,10,0,0,10,0,10,0,0,20,0,20,8,0,8,28
09/04/2011,MFD,OH,AGL,CE,Combined TRACON& Tower with Radar,0,0,2,0,2,0,0,0,0,0,0,0,2,0,2,0,0,0,2
09/05/2011,MFD,OH,AGL,CE,Combined TRACON& Tower with Radar,0,0,12,0,12,0,0,3,0,3,0,0,15,0,15,0,0,0,15
09/06/2011,MFD,OH,AGL,CE,Combined TRACON& Tower with Radar,0,0,22,9,31,0,0,7,12,19,0,0,29,21,50,12,4,16,66
09/07/2011,MFD,OH,AGL,CE,Combined TRACON& Tower with Radar,0,2,10,0,12,0,0,0,0,0,0,2,10,0,12,0,0,0,12
09/08/2011,MFD,OH,AGL,CE,Combined TRACON& Tower with Radar,0,0,16,3,19,0,0,0,1,1,0,0,16,4,20,14,0,14,34
09/09/2011,MFD,OH,AGL,CE,Combined TRACON& Tower with Radar,0,0,16,11,27,0,1,5,5,11,0,1,21,16,38,16,4,20,58
09/10/2011,MFD,OH,AGL,CE,Combined TRACON& Tower with Radar,0,2,6,3,11,0,0,0,0,0,0,2,6,3,11,0,0,0,11
09/11/2011,MFD,OH,AGL,CE,Combined TRACON& Tower with Radar,0,0,11,0,11,0,0,7,0,7,0,0,18,0,18,0,0,0,18
09/12/2011,MFD,OH,AGL,CE,Combined TRACON& Tower with Radar,0,4,32,2,38,0,0,18,0,18,0,4,50,2,56,20,0,20,76
09/13/2011,MFD,OH,AGL,CE,Combined TRACON& Tower with Radar,0,0,20,0,20,0,1,7,4,12,0,1,27,4,32,0,34,34,66
09/14/2011,MFD,OH,AGL,CE,Combined TRACON& Tower with Radar,0,2,29,1,32,0,0,20,2,22,0,2,49,3,54,6,0,6,60
09/15/2011,MFD,OH,AGL,CE,Combined TRACON& Tower with Radar,0,0,38,17,55,0,0,15,11,26,0,0,53,28,81,42,16,58,139
09/16/2011,MFD,OH,AGL,CE,Combined TRACON& Tower with Radar,0,6,32,19,57,0,0,29,0,29,0,6,61,19,86,26,20,46,132
09/17/2011,MFD,OH,AGL,CE,Combined TRACON& Tower with Radar,0,6,38,10,54,0,0,44,9,53,0,6,82,19,107,30,20,50,157
09/18/2011,MFD,OH,AGL,CE,Combined TRACON& Tower with Radar,0,4,26,1,31,0,2,61,0,63,0,6,87,1,94,2,0,2,96
09/19/2011,MFD,OH,AGL,CE,Combined TRACON& Tower with Radar,0,0,18,18,36,0,0,6,2,8,0,0,24,20,44,0,11,11,55
09/20/2011,MFD,OH,AGL,CE,Combined TRACON& Tower with Radar,0,4,48,19,71,0,12,16,27,55,0,16,64,46,126,32,30,62,188
09/21/2011,MFD,OH,AGL,CE,Combined TRACON& Tower with Radar,0,4,7,30,41,0,0,1,13,14,0,4,8,43,55,0,0,0,55
09/22/2011,MFD,OH,AGL,CE,Combined TRACON& Tower with Radar,0,0,26,19,45,0,0,29,29,58,0,0,55,48,103,14,36,50,153
09/23/2011,MFD,OH,AGL,CE,Combined TRACON& Tower with Radar,0,2,7,4,13,0,0,0,0,0,0,2,7,4,13,0,4,4,17
09/24/2011,MFD,OH,AGL,CE,Combined TRACON& Tower with Radar,0,0,27,0,27,0,1,16,0,17,0,1,43,0,44,10,0,10,54
09/25/2011,MFD,OH,AGL,CE,Combined TRACON& Tower with Radar,0,0,11,2,13,0,0,5,0,5,0,0,16,2,18,0,0,0,18
09/26/2011,MFD,OH,AGL,CE,Combined TRACON& Tower with Radar,0,0,20,2,22,0,0,0,0,0,0,0,20,2,22,0,0,0,22
09/27/2011,MFD,OH,AGL,CE,Combined TRACON& Tower with Radar,0,6,33,2,41,0,0,10,0,10,0,6,43,2,51,0,0,0,51
09/28/2011,MFD,OH,AGL,CE,Combined TRACON& Tower with Radar,0,2,23,2,27,0,0,1,12,13,0,2,24,14,40,8,12,20,60
09/29/2011,MFD,OH,AGL,CE,Combined TRACON& Tower with Radar,0,2,19,16,37,0,0,5,10,15,0,2,24,26,52,2,10,12,64
09/30/2011,MFD,OH,AGL,CE,Combined TRACON& Tower with Radar,0,2,11,0,13,0,0,0,0,0,0,2,11,0,13,0,0,0,13
10/01/2011,MFD,OH,AGL,CE,Combined TRACON& Tower with Radar,0,0,4,0,4,0,0,0,0,0,0,0,4,0,4,0,0,0,4
10/02/2011,MFD,OH,AGL,CE,Combined TRACON& Tower with Radar,0,2,12,0,14,0,0,10,2,12,0,2,22,2,26,0,0,0,26
10/03/2011,MFD,OH,AGL,CE,Combined TRACON& Tower with Radar,0,0,22,8,30,0,0,1,0,1,0,0,23,8,31,0,0,0,31
10/04/2011,MFD,OH,AGL,CE,Combined TRACON& Tower with Radar,0,2,34,6,42,0,0,10,32,42,0,2,44,38,84,26,40,66,150
10/05/2011,MFD,OH,AGL,CE,Combined TRACON& Tower with Radar,0,0,49,17,66,0,0,26,19,45,0,0,75,36,111,13,34,47,158
10/06/2011,MFD,OH,AGL,CE,Combined TRACON& Tower with Radar,0,2,34,0,36,0,0,20,0,20,0,2,54,0,56,30,0,30,86
10/07/2011,MFD,OH,AGL,CE,Combined TRACON& Tower with Radar,0,0,22,0,22,0,2,31,0,33,0,2,53,0,55,34,0,34,89
10/08/2011,MFD,OH,AGL,CE,Combined TRACON& Tower with Radar,0,0,69,0,69,0,0,37,0,37,0,0,106,0,106,20,0,20,126
10/09/2011,MFD,OH,AGL,CE,Combined TRACON& Tower with Radar,0,3,20,0,23,0,0,19,0,19,0,3,39,0,42,0,0,0,42
10/10/2011,MFD,OH,AGL,CE,Combined TRACON& Tower with Radar,0,1,29,0,30,0,0,22,0,22,0,1,51,0,52,20,0,20,72
10/11/2011,MFD,OH,AGL,CE,Combined TRACON& Tower with Radar,0,0,39,4,43,0,0,22,0,22,0,0,61,4,65,18,0,18,83
10/12/2011,MFD,OH,AGL,CE,Combined TRACON& Tower with Radar,0,0,15,19,34,0,0,0,1,1,0,0,15,20,35,0,12,12,47
10/13/2011,MFD,OH,AGL,CE,Combined TRACON& Tower with Radar,0,0,23,10,33,0,0,0,30,30,0,0,23,40,63,0,20,20,83
10/14/2011,MFD,OH,AGL,CE,Combined TRACON& Tower with Radar,0,0,3,4,7,0,2,1,0,3,0,2,4,4,10,2,0,2,12
10/15/2011,MFD,OH,AGL,CE,Combined TRACON& Tower with Radar,0,2,21,0,23,0,0,2,0,2,0,2,23,0,25,14,0,14,39
10/16/2011,MFD,OH,AGL,CE,Combined TRACON& Tower with Radar,0,0,11,2,13,0,0,10,0,10,0,0,21,2,23,0,0,0,23
10/17/2011,MFD,OH,AGL,CE,Combined TRACON& Tower with Radar,0,6,21,4,31,0,0,10,0,10,0,6,31,4,41,6,0,6,47
10/18/2011,MFD,OH,AGL,CE,Combined TRACON& Tower with Radar,0,2,16,11,29,0,4,9,15,28,0,6,25,26,57,12,4,16,73
10/19/2011,MFD,OH,AGL,CE,Combined TRACON& Tower with Radar,0,4,6,4,14,0,0,0,0,0,0,4,6,4,14,0,0,0,14
10/20/2011,MFD,OH,AGL,CE,Combined TRACON& Tower with Radar,0,0,4,12,16,0,0,0,0,0,0,0,4,12,16,0,0,0,16
10/21/2011,MFD,OH,AGL,CE,Combined TRACON& Tower with Radar,0,0,34,20,54,0,0,4,2,6,0,0,38,22,60,0,26,26,86
10/22/2011,MFD,OH,AGL,CE,Combined TRACON& Tower with Radar,0,0,13,0,13,0,0,28,1,29,0,0,41,1,42,28,0,28,70
10/23/2011,MFD,OH,AGL,CE,Combined TRACON& Tower with Radar,0,0,8,0,8,0,0,25,0,25,0,0,33,0,33,6,0,6,39
10/24/2011,MFD,OH,AGL,CE,Combined TRACON& Tower with Radar,0,0,26,0,26,0,0,6,0,6,0,0,32,0,32,6,0,6,38
10/25/2011,MFD,OH,AGL,CE,Combined TRACON& Tower with Radar,0,2,19,2,23,0,0,6,0,6,0,2,25,2,29,0,0,0,29
10/26/2011,MFD,OH,AGL,CE,Combined TRACON& Tower with Radar,0,0,23,0,23,0,0,3,10,13,0,0,26,10,36,0,4,4,40
10/27/2011,MFD,OH,AGL,CE,Combined TRACON& Tower with Radar,0,0,17,4,21,0,0,0,21,21,0,0,17,25,42,0,16,16,58
10/28/2011,MFD,OH,AGL,CE,Combined TRACON& Tower with Radar,0,1,27,4,32,0,0,19,0,19,0,1,46,4,51,14,0,14,65
10/29/2011,MFD,OH,AGL,CE,Combined TRACON& Tower with Radar,0,0,17,0,17,0,0,28,0,28,0,0,45,0,45,18,0,18,63
10/30/2011,MFD,OH,AGL,CE,Combined TRACON& Tower with Radar,0,0,32,0,32,0,0,23,0,23,0,0,55,0,55,0,0,0,55
10/31/2011,MFD,OH,AGL,CE,Combined TRACON& Tower with Radar,0,4,19,0,23,0,0,2,22,24,0,4,21,22,47,0,8,8,55
11/01/2011,MFD,OH,AGL,CE,Combined TRACON& Tower with Radar,0,0,30,12,42,0,0,21,26,47,0,0,51,38,89,28,14,42,131
11/02/2011,MFD,OH,AGL,CE,Combined TRACON& Tower with Radar,0,2,32,4,38,0,0,16,20,36,0,2,48,24,74,4,20,24,98
11/03/2011,MFD,OH,AGL,CE,Combined TRACON& Tower with Radar,0,0,22,14,36,0,0,17,14,31,0,0,39,28,67,10,32,42,109
11/04/2011,MFD,OH,AGL,CE,Combined TRACON& Tower with Radar,0,0,17,6,23,0,0,13,11,24,0,0,30,17,47,0,0,0,47
11/05/2011,MFD,OH,AGL,CE,Combined TRACON& Tower with Radar,0,2,44,10,56,0,0,22,0,22,0,2,66,10,78,16,4,20,98
11/06/2011,MFD,OH,AGL,CE,Combined TRACON& Tower with Radar,0,0,12,2,14,0,1,21,16,38,0,1,33,18,52,16,16,32,84
11/07/2011,MFD,OH,AGL,CE,Combined TRACON& Tower with Radar,0,10,25,2,37,0,2,3,16,21,0,12,28,18,58,6,4,10,68
11/08/2011,MFD,OH,AGL,CE,Combined TRACON& Tower with Radar,0,0,25,2,27,0,3,26,22,51,0,3,51,24,78,8,20,28,106
11/09/2011,MFD,OH,AGL,CE,Combined TRACON& Tower with Radar,0,2,2,2,6,0,0,3,8,11,0,2,5,10,17,10,18,28,45
11/10/2011,MFD,OH,AGL,CE,Combined TRACON& Tower with Radar,0,0,11,7,18,0,0,10,1,11,0,0,21,8,29,28,20,48,77
11/11/2011,MFD,OH,AGL,CE,Combined TRACON& Tower with Radar,0,1,24,0,25,0,0,5,0,5,0,1,29,0,30,22,0,22,52
11/12/2011,MFD,OH,AGL,CE,Combined TRACON& Tower with Radar,0,1,33,0,34,0,0,13,0,13,0,1,46,0,47,42,0,42,89
11/13/2011,MFD,OH,AGL,CE,Combined TRACON& Tower with Radar,0,0,3,0,3,0,0,2,0,2,0,0,5,0,5,0,0,0,5
11/14/2011,MFD,OH,AGL,CE,Combined TRACON& Tower with Radar,0,0,13,3,16,0,1,0,9,10,0,1,13,12,26,0,0,0,26
11/15/2011,MFD,OH,AGL,CE,Combined TRACON& Tower with Radar,0,0,11,17,28,0,0,6,9,15,0,0,17,26,43,1,14,15,58
11/16/2011,MFD,OH,AGL,CE,Combined TRACON& Tower with Radar,0,2,12,7,21,0,0,7,22,29,0,2,19,29,50,30,14,44,94
11/17/2011,MFD,OH,AGL,CE,Combined TRACON& Tower with Radar,0,4,20,2,26,0,0,4,34,38,0,4,24,36,64,0,17,17,81
11/18/2011,MFD,OH,AGL,CE,Combined TRACON& Tower with Radar,0,5,19,12,36,0,0,22,0,22,0,5,41,12,58,20,14,34,92
11/19/2011,MFD,OH,AGL,CE,Combined TRACON& Tower with Radar,0,0,19,0,19,0,0,8,0,8,0,0,27,0,27,4,0,4,31
11/20/2011,MFD,OH,AGL,CE,Combined TRACON& Tower with Radar,0,0,17,0,17,0,0,3,0,3,0,0,20,0,20,6,0,6,26
11/21/2011,MFD,OH,AGL,CE,Combined TRACON& Tower with Radar,0,0,13,12,25,0,0,4,0,4,0,0,17,12,29,0,0,0,29
11/22/2011,MFD,OH,AGL,CE,Combined TRACON& Tower with Radar,0,0,12,0,12,0,0,0,0,0,0,0,12,0,12,0,0,0,12
11/23/2011,MFD,OH,AGL,CE,Combined TRACON& Tower with Radar,0,2,10,3,15,0,0,2,16,18,0,2,12,19,33,0,6,6,39
11/24/2011,MFD,OH,AGL,CE,Combined TRACON& Tower with Radar,0,2,12,0,14,0,0,2,0,2,0,2,14,0,16,6,0,6,22
11/25/2011,MFD,OH,AGL,CE,Combined TRACON& Tower with Radar,0,0,30,0,30,0,0,25,0,25,0,0,55,0,55,8,14,22,77
11/26/2011,MFD,OH,AGL,CE,Combined TRACON& Tower with Radar,0,0,7,0,7,0,0,14,0,14,0,0,21,0,21,34,0,34,55
11/27/2011,MFD,OH,AGL,CE,Combined TRACON& Tower with Radar,0,1,1,0,2,0,0,0,0,0,0,1,1,0,2,0,0,0,2
11/28/2011,MFD,OH,AGL,CE,Combined TRACON& Tower with Radar,0,1,8,0,9,0,0,0,0,0,0,1,8,0,9,0,0,0,9
11/29/2011,MFD,OH,AGL,CE,Combined TRACON& Tower with Radar,0,0,6,0,6,0,0,0,0,0,0,0,6,0,6,0,0,0,6
11/30/2011,MFD,OH,AGL,CE,Combined TRACON& Tower with Radar,0,0,4,7,11,0,0,5,14,19,0,0,9,21,30,0,30,30,60
12/01/2011,MFD,OH,AGL,CE,Combined TRACON& Tower with Radar,0,0,25,6,31,0,0,11,10,21,0,0,36,16,52,16,6,22,74
12/02/2011,MFD,OH,AGL,CE,Combined TRACON& Tower with Radar,0,0,11,0,11,0,0,4,0,4,0,0,15,0,15,0,0,0,15
12/03/2011,MFD,OH,AGL,CE,Combined TRACON& Tower with Radar,0,2,44,3,49,0,0,55,0,55,0,2,99,3,104,32,0,32,136
12/04/2011,MFD,OH,AGL,CE,Combined TRACON& Tower with Radar,0,0,0,1,1,0,0,0,0,0,0,0,0,1,1,0,0,0,1
12/05/2011,MFD,OH,AGL,CE,Combined TRACON& Tower with Radar,0,0,13,4,17,0,0,0,0,0,0,0,13,4,17,0,0,0,17
12/06/2011,MFD,OH,AGL,CE,Combined TRACON& Tower with Radar,0,0,6,6,12,0,0,0,0,0,0,0,6,6,12,0,0,0,12
12/07/2011,MFD,OH,AGL,CE,Combined TRACON& Tower with Radar,0,0,15,0,15,0,0,5,0,5,0,0,20,0,20,12,0,12,32
12/08/2011,MFD,OH,AGL,CE,Combined TRACON& Tower with Radar,0,0,21,30,51,0,1,20,8,29,0,1,41,38,80,20,28,48,128
12/09/2011,MFD,OH,AGL,CE,Combined TRACON& Tower with Radar,0,2,6,8,16,0,0,9,0,9,0,2,15,8,25,0,0,0,25
12/10/2011,MFD,OH,AGL,CE,Combined TRACON& Tower with Radar,0,0,36,2,38,0,0,28,0,28,0,0,64,2,66,34,2,36,102
12/11/2011,MFD,OH,AGL,CE,Combined TRACON& Tower with Radar,0,1,21,10,32,0,0,29,8,37,0,1,50,18,69,12,6,18,87
12/12/2011,MFD,OH,AGL,CE,Combined TRACON& Tower with Radar,0,0,17,1,18,0,0,19,4,23,0,0,36,5,41,7,0,7,48
12/13/2011,MFD,OH,AGL,CE,Combined TRACON& Tower with Radar,0,2,21,2,25,0,0,11,14,25,0,2,32,16,50,0,14,14,64
12/14/2011,MFD,OH,AGL,CE,Combined TRACON& Tower with Radar,0,0,4,20,24,0,0,2,2,4,0,0,6,22,28,0,10,10,38
12/15/2011,MFD,OH,AGL,CE,Combined TRACON& Tower with Radar,0,0,16,2,18,0,0,0,0,0,0,0,16,2,18,0,0,0,18
12/16/2011,MFD,OH,AGL,CE,Combined TRACON& Tower with Radar,0,1,34,0,35,0,0,13,0,13,0,1,47,0,48,0,0,0,48
12/17/2011,MFD,OH,AGL,CE,Combined TRACON& Tower with Radar,0,0,1,0,1,0,1,3,0,4,0,1,4,0,5,16,0,16,21
12/18/2011,MFD,OH,AGL,CE,Combined TRACON& Tower with Radar,0,2,10,0,12,0,0,8,0,8,0,2,18,0,20,46,0,46,66
12/19/2011,MFD,OH,AGL,CE,Combined TRACON& Tower with Radar,0,0,17,9,26,0,0,3,9,12,0,0,20,18,38,8,0,8,46
12/20/2011,MFD,OH,AGL,CE,Combined TRACON& Tower with Radar,0,6,2,0,8,0,0,0,0,0,0,6,2,0,8,0,0,0,8
12/21/2011,MFD,OH,AGL,CE,Combined TRACON& Tower with Radar,0,0,9,3,12,0,0,0,0,0,0,0,9,3,12,0,0,0,12
12/22/2011,MFD,OH,AGL,CE,Combined TRACON& Tower with Radar,0,0,1,15,16,0,0,0,0,0,0,0,1,15,16,0,10,10,26
12/23/2011,MFD,OH,AGL,CE,Combined TRACON& Tower with Radar,0,0,9,0,9,0,0,2,0,2,0,0,11,0,11,20,0,20,31
12/24/2011,MFD,OH,AGL,CE,Combined TRACON& Tower with Radar,0,0,15,0,15,0,0,8,0,8,0,0,23,0,23,4,0,4,27
12/25/2011,MFD,OH,AGL,CE,Combined TRACON& Tower with Radar,0,2,0,0,2,0,0,0,0,0,0,2,0,0,2,0,0,0,2
12/26/2011,MFD,OH,AGL,CE,Combined TRACON& Tower with Radar,0,1,21,0,22,0,0,19,0,19,0,1,40,0,41,38,0,38,79
12/27/2011,MFD,OH,AGL,CE,Combined TRACON& Tower with Radar,0,0,2,2,4,0,0,0,0,0,0,0,2,2,4,0,0,0,4
12/28/2011,MFD,OH,AGL,CE,Combined TRACON& Tower with Radar,0,2,9,0,11,0,0,8,0,8,0,2,17,0,19,4,0,4,23
12/29/2011,MFD,OH,AGL,CE,Combined TRACON& Tower with Radar,0,0,7,0,7,0,0,2,0,2,0,0,9,0,9,0,0,0,9
12/30/2011,MFD,OH,AGL,CE,Combined TRACON& Tower with Radar,0,0,14,0,14,0,0,4,0,4,0,0,18,0,18,0,0,0,18
12/31/2011,MFD,OH,AGL,CE,Combined TRACON& Tower with Radar,0,2,13,0,15,0,0,0,0,0,0,2,13,0,15,0,0,0,15
01/01/2012,MFD,OH,AGL,CE,Combined TRACON& Tower with Radar,0,0,2,0,2,0,0,2,0,2,0,0,4,0,4,0,0,0,4
01/02/2012,MFD,OH,AGL,CE,Combined TRACON& Tower with Radar,0,0,2,0,2,0,0,0,0,0,0,0,2,0,2,0,0,0,2
01/03/2012,MFD,OH,AGL,CE,Combined TRACON& Tower with Radar,0,0,8,14,22,0,0,6,6,12,0,0,14,20,34,0,6,6,40
01/04/2012,MFD,OH,AGL,CE,Combined TRACON& Tower with Radar,0,0,20,9,29,0,0,6,19,25,0,0,26,28,54,2,18,20,74
01/05/2012,MFD,OH,AGL,CE,Combined TRACON& Tower with Radar,0,0,18,8,26,0,0,12,8,20,0,0,30,16,46,14,0,14,60
01/06/2012,MFD,OH,AGL,CE,Combined TRACON& Tower with Radar,0,0,21,14,35,0,1,18,6,25,0,1,39,20,60,12,2,14,74
01/07/2012,MFD,OH,AGL,CE,Combined TRACON& Tower with Radar,0,0,22,0,22,0,0,26,0,26,0,0,48,0,48,34,0,34,82
01/08/2012,MFD,OH,AGL,CE,Combined TRACON& Tower with Radar,0,2,13,0,15,0,0,14,0,14,0,2,27,0,29,18,0,18,47
01/09/2012,MFD,OH,AGL,CE,Combined TRACON& Tower with Radar,0,0,17,1,18,0,0,16,33,49,0,0,33,34,67,18,0,18,85
01/10/2012,MFD,OH,AGL,CE,Combined TRACON& Tower with Radar,0,2,28,3,33,0,0,15,15,30,0,2,43,18,63,18,4,22,85
01/11/2012,MFD,OH,AGL,CE,Combined TRACON& Tower with Radar,0,10,17,6,33,0,0,9,4,13,0,10,26,10,46,16,4,20,66
01/12/2012,MFD,OH,AGL,CE,Combined TRACON& Tower with Radar,0,4,5,0,9,0,0,0,0,0,0,4,5,0,9,0,0,0,9
01/13/2012,MFD,OH,AGL,CE,Combined TRACON& Tower with Radar,0,0,2,0,2,0,0,0,0,0,0,0,2,0,2,0,0,0,2
01/14/2012,MFD,OH,AGL,CE,Combined TRACON& Tower with Radar,0,0,22,0,22,0,0,0,0,0,0,0,22,0,22,0,0,0,22
01/15/2012,MFD,OH,AGL,CE,Combined TRACON& Tower with Radar,0,0,9,2,11,0,0,3,0,3,0,0,12,2,14,2,0,2,16
01/16/2012,MFD,OH,AGL,CE,Combined TRACON& Tower with Radar,0,0,7,0,7,0,0,1,0,1,0,0,8,0,8,0,0,0,8
01/17/2012,MFD,OH,AGL,CE,Combined TRACON& Tower with Radar,0,0,7,8,15,0,0,0,0,0,0,0,7,8,15,0,0,0,15
01/18/2012,MFD,OH,AGL,CE,Combined TRACON& Tower with Radar,0,2,24,2,28,0,0,7,9,16,0,2,31,11,44,8,0,8,52
01/19/2012,MFD,OH,AGL,CE,Combined TRACON& Tower with Radar,0,0,2,0,2,0,0,0,0,0,0,0,2,0,2,8,0,8,10
01/20/2012,MFD,OH,AGL,CE,Combined TRACON& Tower with Radar,0,0,11,0,11,0,2,8,0,10,0,2,19,0,21,8,0,8,29
01/21/2012,MFD,OH,AGL,CE,Combined TRACON& Tower with Radar,0,0,18,0,18,0,0,3,0,3,0,0,21,0,21,0,0,0,21
01/22/2012,MFD,OH,AGL,CE,Combined TRACON& Tower with Radar,0,0,2,0,2,0,0,0,0,0,0,0,2,0,2,0,0,0,2
01/23/2012,MFD,OH,AGL,CE,Combined TRACON& Tower with Radar,0,0,4,0,4,0,0,0,0,0,0,0,4,0,4,0,0,0,4
01/24/2012,MFD,OH,AGL,CE,Combined TRACON& Tower with Radar,0,0,6,5,11,0,0,1,0,1,0,0,7,5,12,18,0,18,30
01/25/2012,MFD,OH,AGL,CE,Combined TRACON& Tower with Radar,0,0,8,1,9,0,0,5,0,5,0,0,13,1,14,29,0,29,43
01/26/2012,MFD,OH,AGL,CE,Combined TRACON& Tower with Radar,0,2,4,0,6,0,0,0,0,0,0,2,4,0,6,0,0,0,6
01/27/2012,MFD,OH,AGL,CE,Combined TRACON& Tower with Radar,0,8,2,0,10,0,0,0,0,0,0,8,2,0,10,0,0,0,10
01/28/2012,MFD,OH,AGL,CE,Combined TRACON& Tower with Radar,0,0,1,0,1,0,0,3,0,3,0,0,4,0,4,2,0,2,6
01/29/2012,MFD,OH,AGL,CE,Combined TRACON& Tower with Radar,0,0,13,0,13,0,0,1,0,1,0,0,14,0,14,0,0,0,14
01/30/2012,MFD,OH,AGL,CE,Combined TRACON& Tower with Radar,0,4,9,0,13,0,0,4,0,4,0,4,13,0,17,0,0,0,17
01/31/2012,MFD,OH,AGL,CE,Combined TRACON& Tower with Radar,0,0,6,4,10,0,0,9,0,9,0,0,15,4,19,12,0,12,31
02/01/2012,MFD,OH,AGL,CE,Combined TRACON& Tower with Radar,0,0,26,1,27,0,0,5,9,14,0,0,31,10,41,6,0,6,47
02/02/2012,MFD,OH,AGL,CE,Combined TRACON& Tower with Radar,0,2,24,9,35,0,0,14,7,21,0,2,38,16,56,52,0,52,108
02/03/2012,MFD,OH,AGL,CE,Combined TRACON& Tower with Radar,0,0,43,8,51,0,1,28,0,29,0,1,71,8,80,16,0,16,96
02/04/2012,MFD,OH,AGL,CE,Combined TRACON& Tower with Radar,0,0,1,0,1,0,0,0,0,0,0,0,1,0,1,0,0,0,1
02/05/2012,MFD,OH,AGL,CE,Combined TRACON& Tower with Radar,0,1,27,0,28,0,0,12,0,12,0,1,39,0,40,0,0,0,40
02/06/2012,MFD,OH,AGL,CE,Combined TRACON& Tower with Radar,0,5,14,0,19,0,0,10,0,10,0,5,24,0,29,0,0,0,29
02/07/2012,MFD,OH,AGL,CE,Combined TRACON& Tower with Radar,0,0,12,3,15,0,0,2,0,2,0,0,14,3,17,0,0,0,17
02/08/2012,MFD,OH,AGL,CE,Combined TRACON& Tower with Radar,0,0,4,7,11,0,0,1,1,2,0,0,5,8,13,0,8,8,21
02/09/2012,MFD,OH,AGL,CE,Combined TRACON& Tower with Radar,0,0,21,5,26,0,0,9,0,9,0,0,30,5,35,14,0,14,49
02/10/2012,MFD,OH,AGL,CE,Combined TRACON& Tower with Radar,0,0,1,0,1,0,0,0,0,0,0,0,1,0,1,0,0,0,1
02/11/2012,MFD,OH,AGL,CE,Combined TRACON& Tower with Radar,0,0,3,2,5,0,0,0,0,0,0,0,3,2,5,0,0,0,5
02/12/2012,MFD,OH,AGL,CE,Combined TRACON& Tower with Radar,0,4,9,0,13,0,0,2,0,2,0,4,11,0,15,0,0,0,15
02/13/2012,MFD,OH,AGL,CE,Combined TRACON& Tower with Radar,0,0,16,1,17,0,0,15,0,15,0,0,31,1,32,6,0,6,38
02/14/2012,MFD,OH,AGL,CE,Combined TRACON& Tower with Radar,0,0,4,0,4,0,0,0,0,0,0,0,4,0,4,0,0,0,4
02/15/2012,MFD,OH,AGL,CE,Combined TRACON& Tower with Radar,0,0,26,1,27,0,0,9,9,18,0,0,35,10,45,28,8,36,81
02/16/2012,MFD,OH,AGL,CE,Combined TRACON& Tower with Radar,0,0,16,2,18,0,0,0,0,0,0,0,16,2,18,0,0,0,18
02/17/2012,MFD,OH,AGL,CE,Combined TRACON& Tower with Radar,0,0,29,0,29,0,0,14,0,14,0,0,43,0,43,34,0,34,77
02/18/2012,MFD,OH,AGL,CE,Combined TRACON& Tower with Radar,0,0,24,0,24,0,0,25,0,25,0,0,49,0,49,0,0,0,49
02/19/2012,MFD,OH,AGL,CE,Combined TRACON& Tower with Radar,0,0,8,0,8,0,0,13,3,16,0,0,21,3,24,16,0,16,40
02/20/2012,MFD,OH,AGL,CE,Combined TRACON& Tower with Radar,0,0,14,0,14,0,0,28,0,28,0,0,42,0,42,26,0,26,68
02/21/2012,MFD,OH,AGL,CE,Combined TRACON& Tower with Radar,0,0,5,5,10,0,0,0,9,9,0,0,5,14,19,0,12,12,31
02/22/2012,MFD,OH,AGL,CE,Combined TRACON& Tower with Radar,0,2,16,14,32,0,0,10,0,10,0,2,26,14,42,52,2,54,96
02/23/2012,MFD,OH,AGL,CE,Combined TRACON& Tower with Radar,0,0,29,2,31,0,0,3,0,3,0,0,32,2,34,12,0,12,46
02/24/2012,MFD,OH,AGL,CE,Combined TRACON& Tower with Radar,0,0,3,3,6,0,0,1,0,1,0,0,4,3,7,0,0,0,7
02/25/2012,MFD,OH,AGL,CE,Combined TRACON& Tower with Radar,0,0,0,1,1,0,0,1,0,1,0,0,1,1,2,0,0,0,2
02/26/2012,MFD,OH,AGL,CE,Combined TRACON& Tower with Radar,0,2,37,0,39,0,0,41,0,41,0,2,78,0,80,32,0,32,112
02/27/2012,MFD,OH,AGL,CE,Combined TRACON& Tower with Radar,0,0,4,0,4,0,0,5,0,5,0,0,9,0,9,0,0,0,9
02/28/2012,MFD,OH,AGL,CE,Combined TRACON& Tower with Radar,0,0,27,2,29,0,0,13,0,13,0,0,40,2,42,8,2,10,52
02/29/2012,MFD,OH,AGL,CE,Combined TRACON& Tower with Radar,0,1,0,12,13,0,0,0,1,1,0,1,0,13,14,0,12,12,26
03/01/2012,MFD,OH,AGL,CE,Combined TRACON& Tower with Radar,0,0,8,4,12,0,0,0,0,0,0,0,8,4,12,0,0,0,12
03/02/2012,MFD,OH,AGL,CE,Combined TRACON& Tower with Radar,0,0,6,0,6,0,0,3,0,3,0,0,9,0,9,0,0,0,9
03/03/2012,MFD,OH,AGL,CE,Combined TRACON& Tower with Radar,0,0,1,0,1,0,0,1,4,5,0,0,2,4,6,0,0,0,6
03/04/2012,MFD,OH,AGL,CE,Combined TRACON& Tower with Radar,0,0,6,0,6,0,0,1,0,1,0,0,7,0,7,0,0,0,7
03/05/2012,MFD,OH,AGL,CE,Combined TRACON& Tower with Radar,0,0,8,2,10,0,0,4,0,4,0,0,12,2,14,0,0,0,14
03/06/2012,MFD,OH,AGL,CE,Combined TRACON& Tower with Radar,0,0,17,11,28,0,0,6,1,7,0,0,23,12,35,0,12,12,47
03/07/2012,MFD,OH,AGL,CE,Combined TRACON& Tower with Radar,0,1,5,1,7,0,2,2,5,9,0,3,7,6,16,0,4,4,20
03/08/2012,MFD,OH,AGL,CE,Combined TRACON& Tower with Radar,0,2,5,8,15,0,0,0,0,0,0,2,5,8,15,0,0,0,15
03/09/2012,MFD,OH,AGL,CE,Combined TRACON& Tower with Radar,0,0,9,8,17,0,0,11,4,15,0,0,20,12,32,0,10,10,42
03/10/2012,MFD,OH,AGL,CE,Combined TRACON& Tower with Radar,0,0,22,2,24,0,0,30,0,30,0,0,52,2,54,56,0,56,110
03/11/2012,MFD,OH,AGL,CE,Combined TRACON& Tower with Radar,0,0,34,0,34,0,0,18,0,18,0,0,52,0,52,2,0,2,54
03/12/2012,MFD,OH,AGL,CE,Combined TRACON& Tower with Radar,0,2,15,2,19,0,0,1,0,1,0,2,16,2,20,0,0,0,20
03/13/2012,MFD,OH,AGL,CE,Combined TRACON& Tower with Radar,0,0,32,1,33,0,0,22,1,23,0,0,54,2,56,22,0,22,78
03/14/2012,MFD,OH,AGL,CE,Combined TRACON& Tower with Radar,0,2,40,1,43,0,1,38,13,52,0,3,78,14,95,24,2,26,121
03/15/2012,MFD,OH,AGL,CE,Combined TRACON& Tower with Radar,0,1,2,4,7,0,0,3,0,3,0,1,5,4,10,0,8,8,18
03/16/2012,MFD,OH,AGL,CE,Combined TRACON& Tower with Radar,0,2,27,2,31,0,2,5,0,7,0,4,32,2,38,24,0,24,62
03/17/2012,MFD,OH,AGL,CE,Combined TRACON& Tower with Radar,0,0,14,0,14,0,0,17,1,18,0,0,31,1,32,40,0,40,72
03/18/2012,MFD,OH,AGL,CE,Combined TRACON& Tower with Radar,0,1,7,0,8,0,0,7,0,7,0,1,14,0,15,0,0,0,15
03/19/2012,MFD,OH,AGL,CE,Combined TRACON& Tower with Radar,0,1,13,4,18,0,0,5,3,8,0,1,18,7,26,0,0,0,26
03/20/2012,MFD,OH,AGL,CE,Combined TRACON& Tower with Radar,0,0,12,8,20,0,0,15,9,24,0,0,27,17,44,12,4,16,60
03/21/2012,MFD,OH,AGL,CE,Combined TRACON& Tower with Radar,0,2,22,3,27,0,0,33,3,36,0,2,55,6,63,26,8,34,97
03/22/2012,MFD,OH,AGL,CE,Combined TRACON& Tower with Radar,0,0,18,4,22,0,0,12,0,12,0,0,30,4,34,4,2,6,40
03/23/2012,MFD,OH,AGL,CE,Combined TRACON& Tower with Radar,0,2,6,0,8,0,0,3,0,3,0,2,9,0,11,22,0,22,33
03/24/2012,MFD,OH,AGL,CE,Combined TRACON& Tower with Radar,0,0,4,2,6,0,0,2,0,2,0,0,6,2,8,0,0,0,8
03/25/2012,MFD,OH,AGL,CE,Combined TRACON& Tower with Radar,0,0,3,0,3,0,0,1,0,1,0,0,4,0,4,0,0,0,4
03/26/2012,MFD,OH,AGL,CE,Combined TRACON& Tower with Radar,0,3,19,0,22,0,0,6,0,6,0,3,25,0,28,0,0,0,28
03/27/2012,MFD,OH,AGL,CE,Combined TRACON& Tower with Radar,4,0,19,1,24,0,0,25,1,26,4,0,44,2,50,27,4,31,81
03/28/2012,MFD,OH,AGL,CE,Combined TRACON& Tower with Radar,0,1,11,0,12,0,0,3,2,5,0,1,14,2,17,0,0,0,17
03/29/2012,MFD,OH,AGL,CE,Combined TRACON& Tower with Radar,0,0,20,3,23,0,0,12,1,13,0,0,32,4,36,4,8,12,48
03/30/2012,MFD,OH,AGL,CE,Combined TRACON& Tower with Radar,0,0,21,1,22,0,0,14,0,14,0,0,35,1,36,8,0,8,44
03/31/2012,MFD,OH,AGL,CE,Combined TRACON& Tower with Radar,0,0,10,2,12,0,0,7,0,7,0,0,17,2,19,20,0,20,39
04/01/2012,MFD,OH,AGL,CE,Combined TRACON& Tower with Radar,0,2,12,0,14,0,0,7,0,7,0,2,19,0,21,8,0,8,29
04/02/2012,MFD,OH,AGL,CE,Combined TRACON& Tower with Radar,0,1,14,2,17,0,0,10,0,10,0,1,24,2,27,0,0,0,27
04/03/2012,MFD,OH,AGL,CE,Combined TRACON& Tower with Radar,0,0,35,0,35,0,0,4,0,4,0,0,39,0,39,10,0,10,49
04/04/2012,MFD,OH,AGL,CE,Combined TRACON& Tower with Radar,0,0,12,1,13,0,0,19,7,26,0,0,31,8,39,8,0,8,47
04/05/2012,MFD,OH,AGL,CE,Combined TRACON& Tower with Radar,0,2,11,4,17,0,0,14,0,14,0,2,25,4,31,12,6,18,49
04/06/2012,MFD,OH,AGL,CE,Combined TRACON& Tower with Radar,0,2,42,8,52,0,0,17,0,17,0,2,59,8,69,6,0,6,75
04/07/2012,MFD,OH,AGL,CE,Combined TRACON& Tower with Radar,0,0,34,0,34,0,0,36,0,36,0,0,70,0,70,14,0,14,84
04/08/2012,MFD,OH,AGL,CE,Combined TRACON& Tower with Radar,0,0,0,0,0,0,0,0,0,0,0,0,0,0,0,8,0,8,8
04/09/2012,MFD,OH,AGL,CE,Combined TRACON& Tower with Radar,0,0,7,0,7,0,0,5,0,5,0,0,12,0,12,6,0,6,18
04/10/2012,MFD,OH,AGL,CE,Combined TRACON& Tower with Radar,0,2,9,6,17,0,0,6,0,6,0,2,15,6,23,4,2,6,29
04/11/2012,MFD,OH,AGL,CE,Combined TRACON& Tower with Radar,0,6,9,15,30,0,0,7,7,14,0,6,16,22,44,4,14,18,62
04/12/2012,MFD,OH,AGL,CE,Combined TRACON& Tower with Radar,0,0,29,6,35,0,0,45,2,47,0,0,74,8,82,2,0,2,84
04/13/2012,MFD,OH,AGL,CE,Combined TRACON& Tower with Radar,0,0,21,12,33,0,0,39,4,43,0,0,60,16,76,6,0,6,82
04/14/2012,MFD,OH,AGL,CE,Combined TRACON& Tower with Radar,0,0,4,9,13,0,0,2,5,7,0,0,6,14,20,0,10,10,30
04/15/2012,MFD,OH,AGL,CE,Combined TRACON& Tower with Radar,0,0,5,0,5,0,0,0,0,0,0,0,5,0,5,0,0,0,5
04/16/2012,MFD,OH,AGL,CE,Combined TRACON& Tower with Radar,0,0,8,2,10,0,1,4,0,5,0,1,12,2,15,0,0,0,15
04/17/2012,MFD,OH,AGL,CE,Combined TRACON& Tower with Radar,0,0,45,2,47,0,0,26,10,36,0,0,71,12,83,42,10,52,135
04/18/2012,MFD,OH,AGL,CE,Combined TRACON& Tower with Radar,0,2,25,6,33,0,0,9,2,11,0,2,34,8,44,8,6,14,58
04/19/2012,MFD,OH,AGL,CE,Combined TRACON& Tower with Radar,0,7,14,4,25,0,1,20,0,21,0,8,34,4,46,36,2,38,84
04/20/2012,MFD,OH,AGL,CE,Combined TRACON& Tower with Radar,0,0,23,3,26,0,1,8,6,15,0,1,31,9,41,14,0,14,55
04/21/2012,MFD,OH,AGL,CE,Combined TRACON& Tower with Radar,0,0,15,0,15,0,0,0,0,0,0,0,15,0,15,0,0,0,15
04/22/2012,MFD,OH,AGL,CE,Combined TRACON& Tower with Radar,0,0,11,2,13,0,0,2,0,2,0,0,13,2,15,0,0,0,15
04/23/2012,MFD,OH,AGL,CE,Combined TRACON& Tower with Radar,0,1,15,0,16,0,0,4,0,4,0,1,19,0,20,0,16,16,36
04/24/2012,MFD,OH,AGL,CE,Combined TRACON& Tower with Radar,0,4,24,12,40,0,1,9,10,20,0,5,33,22,60,0,0,0,60
04/25/2012,MFD,OH,AGL,CE,Combined TRACON& Tower with Radar,0,0,14,3,17,0,0,17,10,27,0,0,31,13,44,4,0,4,48
04/26/2012,MFD,OH,AGL,CE,Combined TRACON& Tower with Radar,0,1,12,4,17,0,0,0,2,2,0,1,12,6,19,0,0,0,19
04/27/2012,MFD,OH,AGL,CE,Combined TRACON& Tower with Radar,0,1,22,3,26,0,0,26,3,29,0,1,48,6,55,30,0,30,85
04/28/2012,MFD,OH,AGL,CE,Combined TRACON& Tower with Radar,0,1,4,0,5,0,0,4,0,4,0,1,8,0,9,0,0,0,9
04/29/2012,MFD,OH,AGL,CE,Combined TRACON& Tower with Radar,0,0,13,0,13,0,0,29,0,29,0,0,42,0,42,32,0,32,74
04/30/2012,MFD,OH,AGL,CE,Combined TRACON& Tower with Radar,0,0,5,2,7,0,0,2,0,2,0,0,7,2,9,16,0,16,25
05/01/2012,MFD,OH,AGL,CE,Combined TRACON& Tower with Radar,0,0,11,3,14,0,0,2,0,2,0,0,13,3,16,0,8,8,24
05/02/2012,MFD,OH,AGL,CE,Combined TRACON& Tower with Radar,0,0,8,2,10,0,1,8,7,16,0,1,16,9,26,4,8,12,38
05/03/2012,MFD,OH,AGL,CE,Combined TRACON& Tower with Radar,0,0,10,8,18,0,0,13,5,18,0,0,23,13,36,26,20,46,82
05/04/2012,MFD,OH,AGL,CE,Combined TRACON& Tower with Radar,0,0,9,1,10,0,0,6,0,6,0,0,15,1,16,0,0,0,16
05/05/2012,MFD,OH,AGL,CE,Combined TRACON& Tower with Radar,0,2,6,0,8,0,0,8,0,8,0,2,14,0,16,10,0,10,26
05/06/2012,MFD,OH,AGL,CE,Combined TRACON& Tower with Radar,0,0,15,1,16,0,0,30,1,31,0,0,45,2,47,24,0,24,71
05/07/2012,MFD,OH,AGL,CE,Combined TRACON& Tower with Radar,0,0,3,5,8,0,0,5,2,7,0,0,8,7,15,8,0,8,23
05/08/2012,MFD,OH,AGL,CE,Combined TRACON& Tower with Radar,0,4,20,2,26,0,0,4,0,4,0,4,24,2,30,0,0,0,30
05/09/2012,MFD,OH,AGL,CE,Combined TRACON& Tower with Radar,0,4,14,5,23,0,1,16,15,32,0,5,30,20,55,12,14,26,81
05/10/2012,MFD,OH,AGL,CE,Combined TRACON& Tower with Radar,0,2,18,6,26,0,0,19,2,21,0,2,37,8,47,47,0,47,94
05/11/2012,MFD,OH,AGL,CE,Combined TRACON& Tower with Radar,0,0,28,6,34,0,0,23,1,24,0,0,51,7,58,13,0,13,71
05/12/2012,MFD,OH,AGL,CE,Combined TRACON& Tower with Radar,0,1,11,0,12,0,0,21,0,21,0,1,32,0,33,42,0,42,75
05/13/2012,MFD,OH,AGL,CE,Combined TRACON& Tower with Radar,0,0,7,0,7,0,0,5,0,5,0,0,12,0,12,0,0,0,12
05/14/2012,MFD,OH,AGL,CE,Combined TRACON& Tower with Radar,0,1,15,0,16,0,0,10,0,10,0,1,25,0,26,30,0,30,56
05/15/2012,MFD,OH,AGL,CE,Combined TRACON& Tower with Radar,0,0,28,2,30,0,0,22,4,26,0,0,50,6,56,36,0,36,92
05/16/2012,MFD,OH,AGL,CE,Combined TRACON& Tower with Radar,0,0,15,2,17,0,0,16,2,18,0,0,31,4,35,8,8,16,51
05/17/2012,MFD,OH,AGL,CE,Combined TRACON& Tower with Radar,0,0,25,5,30,0,0,29,1,30,0,0,54,6,60,70,8,78,138
05/18/2012,MFD,OH,AGL,CE,Combined TRACON& Tower with Radar,0,3,20,0,23,0,0,23,0,23,0,3,43,0,46,2,0,2,48
05/19/2012,MFD,OH,AGL,CE,Combined TRACON& Tower with Radar,0,0,45,0,45,0,0,26,0,26,0,0,71,0,71,18,0,18,89
05/20/2012,MFD,OH,AGL,CE,Combined TRACON& Tower with Radar,0,0,22,0,22,0,1,33,0,34,0,1,55,0,56,26,0,26,82
05/21/2012,MFD,OH,AGL,CE,Combined TRACON& Tower with Radar,0,2,11,0,13,0,0,6,0,6,0,2,17,0,19,6,0,6,25
05/22/2012,MFD,OH,AGL,CE,Combined TRACON& Tower with Radar,0,0,24,4,28,0,0,4,0,4,0,0,28,4,32,4,0,4,36
05/23/2012,MFD,OH,AGL,CE,Combined TRACON& Tower with Radar,0,0,18,12,30,0,1,12,6,19,0,1,30,18,49,16,18,34,83
05/24/2012,MFD,OH,AGL,CE,Combined TRACON& Tower with Radar,0,5,16,15,36,0,1,14,1,16,0,6,30,16,52,10,18,28,80
05/25/2012,MFD,OH,AGL,CE,Combined TRACON& Tower with Radar,0,0,13,5,18,0,1,16,1,18,0,1,29,6,36,12,14,26,62
05/26/2012,MFD,OH,AGL,CE,Combined TRACON& Tower with Radar,0,0,29,0,29,0,0,17,0,17,0,0,46,0,46,0,0,0,46
05/27/2012,MFD,OH,AGL,CE,Combined TRACON& Tower with Radar,0,2,5,0,7,0,0,34,0,34,0,2,39,0,41,0,0,0,41
05/28/2012,MFD,OH,AGL,CE,Combined TRACON& Tower with Radar,0,4,7,1,12,0,0,2,1,3,0,4,9,2,15,4,0,4,19
05/29/2012,MFD,OH,AGL,CE,Combined TRACON& Tower with Radar,0,8,10,1,19,0,0,4,3,7,0,8,14,4,26,30,0,30,56
05/30/2012,MFD,OH,AGL,CE,Combined TRACON& Tower with Radar,0,0,27,12,39,0,0,26,0,26,0,0,53,12,65,14,6,20,85
05/31/2012,MFD,OH,AGL,CE,Combined TRACON& Tower with Radar,0,2,24,1,27,0,0,13,1,14,0,2,37,2,41,54,2,56,97
06/01/2012,MFD,OH,AGL,CE,Combined TRACON& Tower with Radar,0,0,6,0,6,0,0,2,0,2,0,0,8,0,8,8,0,8,16
06/02/2012,MFD,OH,AGL,CE,Combined TRACON& Tower with Radar,0,0,3,4,7,0,0,3,0,3,0,0,6,4,10,18,0,18,28
06/03/2012,MFD,OH,AGL,CE,Combined TRACON& Tower with Radar,0,0,5,16,21,0,0,5,0,5,0,0,10,16,26,20,0,20,46
06/04/2012,MFD,OH,AGL,CE,Combined TRACON& Tower with Radar,0,0,10,2,12,0,0,15,0,15,0,0,25,2,27,0,0,0,27
06/05/2012,MFD,OH,AGL,CE,Combined TRACON& Tower with Radar,0,0,15,1,16,0,0,14,1,15,0,0,29,2,31,38,0,38,69
06/06/2012,MFD,OH,AGL,CE,Combined TRACON& Tower with Radar,0,0,26,8,34,0,0,24,0,24,0,0,50,8,58,0,2,2,60
06/07/2012,MFD,OH,AGL,CE,Combined TRACON& Tower with Radar,0,7,29,12,48,0,0,30,0,30,0,7,59,12,78,34,0,34,112
06/08/2012,MFD,OH,AGL,CE,Combined TRACON& Tower with Radar,0,3,29,1,33,0,0,29,0,29,0,3,58,1,62,20,0,20,82
06/09/2012,MFD,OH,AGL,CE,Combined TRACON& Tower with Radar,0,2,25,2,29,0,0,19,0,19,0,2,44,2,48,38,0,38,86
06/10/2012,MFD,OH,AGL,CE,Combined TRACON& Tower with Radar,0,1,17,2,20,0,0,26,0,26,0,1,43,2,46,14,0,14,60
06/11/2012,MFD,OH,AGL,CE,Combined TRACON& Tower with Radar,0,1,16,1,18,0,0,8,0,8,0,1,24,1,26,6,2,8,34
06/12/2012,MFD,OH,AGL,CE,Combined TRACON& Tower with Radar,0,7,22,6,35,0,0,10,11,21,0,7,32,17,56,6,20,26,82
06/13/2012,MFD,OH,AGL,CE,Combined TRACON& Tower with Radar,0,3,21,6,30,0,0,25,2,27,0,3,46,8,57,10,10,20,77
06/14/2012,MFD,OH,AGL,CE,Combined TRACON& Tower with Radar,0,0,22,13,35,0,0,19,8,27,0,0,41,21,62,42,8,50,112
06/15/2012,MFD,OH,AGL,CE,Combined TRACON& Tower with Radar,0,1,30,4,35,0,0,30,2,32,0,1,60,6,67,26,0,26,93
06/16/2012,MFD,OH,AGL,CE,Combined TRACON& Tower with Radar,0,0,37,1,38,0,0,31,0,31,0,0,68,1,69,30,0,30,99
06/17/2012,MFD,OH,AGL,CE,Combined TRACON& Tower with Radar,0,0,5,0,5,0,0,4,1,5,0,0,9,1,10,0,0,0,10
06/18/2012,MFD,OH,AGL,CE,Combined TRACON& Tower with Radar,0,6,16,9,31,0,0,0,5,5,0,6,16,14,36,0,0,0,36
06/19/2012,MFD,OH,AGL,CE,Combined TRACON& Tower with Radar,2,0,12,0,14,0,0,11,15,26,2,0,23,15,40,4,0,4,44
06/20/2012,MFD,OH,AGL,CE,Combined TRACON& Tower with Radar,0,2,15,6,23,0,4,16,8,28,0,6,31,14,51,0,22,22,73
06/21/2012,MFD,OH,AGL,CE,Combined TRACON& Tower with Radar,0,0,21,7,28,0,1,15,1,17,0,1,36,8,45,38,2,40,85
06/22/2012,MFD,OH,AGL,CE,Combined TRACON& Tower with Radar,0,0,27,0,27,0,0,30,0,30,0,0,57,0,57,2,0,2,59
06/23/2012,MFD,OH,AGL,CE,Combined TRACON& Tower with Radar,2,2,31,0,35,0,1,57,0,58,2,3,88,0,93,24,0,24,117
06/24/2012,MFD,OH,AGL,CE,Combined TRACON& Tower with Radar,0,2,21,0,23,0,0,35,0,35,0,2,56,0,58,14,0,14,72
06/25/2012,MFD,OH,AGL,CE,Combined TRACON& Tower with Radar,0,0,16,1,17,0,2,23,0,25,0,2,39,1,42,14,0,14,56
06/26/2012,MFD,OH,AGL,CE,Combined TRACON& Tower with Radar,0,2,13,4,19,0,0,21,4,25,0,2,34,8,44,4,0,4,48
06/27/2012,MFD,OH,AGL,CE,Combined TRACON& Tower with Radar,0,1,26,5,32,0,0,23,2,25,0,1,49,7,57,16,4,20,77
06/28/2012,MFD,OH,AGL,CE,Combined TRACON& Tower with Radar,0,3,32,2,37,0,0,24,0,24,0,3,56,2,61,16,0,16,77
06/29/2012,MFD,OH,AGL,CE,Combined TRACON& Tower with Radar,0,0,24,6,30,0,0,14,1,15,0,0,38,7,45,18,0,18,63
06/30/2012,MFD,OH,AGL,CE,Combined TRACON& Tower with Radar,0,2,14,0,16,0,0,18,0,18,0,2,32,0,34,0,0,0,34
07/01/2012,MFD,OH,AGL,CE,Combined TRACON& Tower with Radar,0,0,20,0,20,0,0,15,0,15,0,0,35,0,35,14,0,14,49
07/02/2012,MFD,OH,AGL,CE,Combined TRACON& Tower with Radar,0,0,8,3,11,0,0,15,0,15,0,0,23,3,26,0,0,0,26
07/03/2012,MFD,OH,AGL,CE,Combined TRACON& Tower with Radar,0,0,12,5,17,0,0,4,11,15,0,0,16,16,32,12,16,28,60
07/04/2012,MFD,OH,AGL,CE,Combined TRACON& Tower with Radar,0,0,14,0,14,0,0,20,0,20,0,0,34,0,34,14,0,14,48
07/05/2012,MFD,OH,AGL,CE,Combined TRACON& Tower with Radar,0,0,6,3,9,0,0,15,7,22,0,0,21,10,31,0,6,6,37
07/06/2012,MFD,OH,AGL,CE,Combined TRACON& Tower with Radar,0,0,22,12,34,0,2,13,0,15,0,2,35,12,49,2,2,4,53
07/07/2012,MFD,OH,AGL,CE,Combined TRACON& Tower with Radar,0,0,21,0,21,0,0,95,7,102,0,0,116,7,123,38,0,38,161
07/08/2012,MFD,OH,AGL,CE,Combined TRACON& Tower with Radar,0,2,17,0,19,0,1,16,0,17,0,3,33,0,36,0,0,0,36
07/09/2012,MFD,OH,AGL,CE,Combined TRACON& Tower with Radar,0,0,26,2,28,0,0,40,1,41,0,0,66,3,69,36,0,36,105
07/10/2012,MFD,OH,AGL,CE,Combined TRACON& Tower with Radar,0,2,17,4,23,0,0,30,1,31,0,2,47,5,54,46,0,46,100
07/11/2012,MFD,OH,AGL,CE,Combined TRACON& Tower with Radar,0,3,13,2,18,0,1,21,1,23,0,4,34,3,41,16,0,16,57
07/12/2012,MFD,OH,AGL,CE,Combined TRACON& Tower with Radar,0,0,6,2,8,0,0,16,0,16,0,0,22,2,24,4,0,4,28
07/13/2012,MFD,OH,AGL,CE,Combined TRACON& Tower with Radar,0,0,12,5,17,0,0,8,1,9,0,0,20,6,26,0,0,0,26
07/14/2012,MFD,OH,AGL,CE,Combined TRACON& Tower with Radar,0,0,30,2,32,0,0,4,0,4,0,0,34,2,36,4,0,4,40
07/15/2012,MFD,OH,AGL,CE,Combined TRACON& Tower with Radar,0,0,2,0,2,0,1,11,0,12,0,1,13,0,14,4,0,4,18
07/16/2012,MFD,OH,AGL,CE,Combined TRACON& Tower with Radar,0,0,10,0,10,0,1,13,0,14,0,1,23,0,24,26,0,26,50
07/17/2012,MFD,OH,AGL,CE,Combined TRACON& Tower with Radar,0,2,18,0,20,0,0,6,0,6,0,2,24,0,26,40,0,40,66
07/18/2012,MFD,OH,AGL,CE,Combined TRACON& Tower with Radar,0,0,9,0,9,0,0,3,0,3,0,0,12,0,12,22,0,22,34
07/19/2012,MFD,OH,AGL,CE,Combined TRACON& Tower with Radar,0,4,10,0,14,0,0,2,0,2,0,4,12,0,16,0,0,0,16
07/20/2012,MFD,OH,AGL,CE,Combined TRACON& Tower with Radar,0,0,21,0,21,0,0,2,0,2,0,0,23,0,23,0,0,0,23
07/21/2012,MFD,OH,AGL,CE,Combined TRACON& Tower with Radar,0,2,28,0,30,0,1,34,0,35,0,3,62,0,65,36,0,36,101
07/22/2012,MFD,OH,AGL,CE,Combined TRACON& Tower with Radar,0,0,19,0,19,0,0,21,0,21,0,0,40,0,40,14,0,14,54
07/23/2012,MFD,OH,AGL,CE,Combined TRACON& Tower with Radar,0,0,6,3,9,0,0,8,1,9,0,0,14,4,18,6,6,12,30
07/24/2012,MFD,OH,AGL,CE,Combined TRACON& Tower with Radar,0,0,14,1,15,0,0,12,0,12,0,0,26,1,27,0,0,0,27
07/25/2012,MFD,OH,AGL,CE,Combined TRACON& Tower with Radar,0,1,30,4,35,0,0,32,0,32,0,1,62,4,67,12,0,12,79
07/26/2012,MFD,OH,AGL,CE,Combined TRACON& Tower with Radar,0,2,23,0,25,0,0,8,0,8,0,2,31,0,33,2,0,2,35
07/27/2012,MFD,OH,AGL,CE,Combined TRACON& Tower with Radar,0,2,16,21,39,0,0,7,1,8,0,2,23,22,47,0,0,0,47
07/28/2012,MFD,OH,AGL,CE,Combined TRACON& Tower with Radar,0,2,16,0,18,0,0,5,0,5,0,2,21,0,23,2,0,2,25
07/29/2012,MFD,OH,AGL,CE,Combined TRACON& Tower with Radar,0,1,24,2,27,0,0,59,1,60,0,1,83,3,87,6,0,6,93
07/30/2012,MFD,OH,AGL,CE,Combined TRACON& Tower with Radar,0,1,20,11,32,0,0,23,0,23,0,1,43,11,55,0,0,0,55
07/31/2012,MFD,OH,AGL,CE,Combined TRACON& Tower with Radar,0,1,13,2,16,0,0,23,0,23,0,1,36,2,39,4,0,4,43
08/01/2012,MFD,OH,AGL,CE,Combined TRACON& Tower with Radar,0,2,12,6,20,0,0,5,1,6,0,2,17,7,26,6,0,6,32
08/02/2012,MFD,OH,AGL,CE,Combined TRACON& Tower with Radar,0,6,21,0,27,0,0,14,1,15,0,6,35,1,42,0,0,0,42
08/03/2012,MFD,OH,AGL,CE,Combined TRACON& Tower with Radar,0,2,37,0,39,0,0,25,0,25,0,2,62,0,64,0,0,0,64
08/04/2012,MFD,OH,AGL,CE,Combined TRACON& Tower with Radar,0,10,24,0,34,0,0,20,0,20,0,10,44,0,54,4,0,4,58
08/05/2012,MFD,OH,AGL,CE,Combined TRACON& Tower with Radar,0,4,32,6,42,0,0,3,0,3,0,4,35,6,45,0,0,0,45
08/06/2012,MFD,OH,AGL,CE,Combined TRACON& Tower with Radar,0,0,19,6,25,0,0,23,0,23,0,0,42,6,48,0,0,0,48
08/07/2012,MFD,OH,AGL,CE,Combined TRACON& Tower with Radar,0,0,19,0,19,0,0,30,0,30,0,0,49,0,49,0,0,0,49
08/08/2012,MFD,OH,AGL,CE,Combined TRACON& Tower with Radar,0,2,17,2,21,0,0,13,0,13,0,2,30,2,34,0,0,0,34
08/09/2012,MFD,OH,AGL,CE,Combined TRACON& Tower with Radar,0,4,16,0,20,0,0,5,0,5,0,4,21,0,25,0,0,0,25
08/10/2012,MFD,OH,AGL,CE,Combined TRACON& Tower with Radar,0,0,12,4,16,0,2,1,0,3,0,2,13,4,19,0,0,0,19
08/11/2012,MFD,OH,AGL,CE,Combined TRACON& Tower with Radar,0,1,9,6,16,0,0,2,0,2,0,1,11,6,18,0,0,0,18
08/12/2012,MFD,OH,AGL,CE,Combined TRACON& Tower with Radar,0,1,8,0,9,0,1,32,0,33,0,2,40,0,42,36,0,36,78
08/13/2012,MFD,OH,AGL,CE,Combined TRACON& Tower with Radar,0,0,14,0,14,0,0,9,0,9,0,0,23,0,23,34,0,34,57
08/14/2012,MFD,OH,AGL,CE,Combined TRACON& Tower with Radar,0,0,7,0,7,0,0,7,0,7,0,0,14,0,14,10,0,10,24
08/15/2012,MFD,OH,AGL,CE,Combined TRACON& Tower with Radar,0,0,14,14,28,0,0,23,0,23,0,0,37,14,51,18,0,18,69
08/16/2012,MFD,OH,AGL,CE,Combined TRACON& Tower with Radar,0,4,18,4,26,0,0,10,0,10,0,4,28,4,36,38,0,38,74
08/17/2012,MFD,OH,AGL,CE,Combined TRACON& Tower with Radar,0,3,14,0,17,0,0,20,0,20,0,3,34,0,37,30,0,30,67
08/18/2012,MFD,OH,AGL,CE,Combined TRACON& Tower with Radar,0,0,30,0,30,0,0,66,0,66,0,0,96,0,96,40,0,40,136
08/19/2012,MFD,OH,AGL,CE,Combined TRACON& Tower with Radar,0,1,18,2,21,0,0,23,1,24,0,1,41,3,45,0,0,0,45
08/20/2012,MFD,OH,AGL,CE,Combined TRACON& Tower with Radar,0,2,10,0,12,0,2,31,0,33,0,4,41,0,45,18,0,18,63
08/21/2012,MFD,OH,AGL,CE,Combined TRACON& Tower with Radar,0,2,14,0,16,0,2,26,0,28,0,4,40,0,44,56,0,56,100
08/22/2012,MFD,OH,AGL,CE,Combined TRACON& Tower with Radar,0,0,42,4,46,0,0,25,0,25,0,0,67,4,71,18,0,18,89
08/23/2012,MFD,OH,AGL,CE,Combined TRACON& Tower with Radar,0,0,30,1,31,0,0,32,1,33,0,0,62,2,64,14,8,22,86
08/24/2012,MFD,OH,AGL,CE,Combined TRACON& Tower with Radar,0,4,26,7,37,0,0,26,1,27,0,4,52,8,64,40,0,40,104
08/25/2012,MFD,OH,AGL,CE,Combined TRACON& Tower with Radar,0,1,21,29,51,0,0,32,5,37,0,1,53,34,88,36,26,62,150
08/26/2012,MFD,OH,AGL,CE,Combined TRACON& Tower with Radar,0,0,21,0,21,0,0,23,0,23,0,0,44,0,44,22,0,22,66
08/27/2012,MFD,OH,AGL,CE,Combined TRACON& Tower with Radar,0,0,15,6,21,0,0,3,0,3,0,0,18,6,24,8,4,12,36
08/28/2012,MFD,OH,AGL,CE,Combined TRACON& Tower with Radar,0,0,13,0,13,0,0,18,0,18,0,0,31,0,31,28,0,28,59
08/29/2012,MFD,OH,AGL,CE,Combined TRACON& Tower with Radar,0,0,29,2,31,0,0,24,0,24,0,0,53,2,55,20,0,20,75
08/30/2012,MFD,OH,AGL,CE,Combined TRACON& Tower with Radar,0,0,19,6,25,0,0,19,8,27,0,0,38,14,52,30,24,54,106
08/31/2012,MFD,OH,AGL,CE,Combined TRACON& Tower with Radar,0,0,9,0,9,0,0,18,0,18,0,0,27,0,27,4,0,4,31
09/01/2012,MFD,OH,AGL,CE,Combined TRACON& Tower with Radar,0,6,12,0,18,0,0,6,0,6,0,6,18,0,24,0,0,0,24
09/02/2012,MFD,OH,AGL,CE,Combined TRACON& Tower with Radar,0,0,3,0,3,0,0,2,0,2,0,0,5,0,5,8,0,8,13
09/03/2012,MFD,OH,AGL,CE,Combined TRACON& Tower with Radar,0,2,10,0,12,0,1,17,0,18,0,3,27,0,30,26,0,26,56
09/04/2012,MFD,OH,AGL,CE,Combined TRACON& Tower with Radar,0,2,6,4,12,0,0,1,0,1,0,2,7,4,13,30,0,30,43
09/05/2012,MFD,OH,AGL,CE,Combined TRACON& Tower with Radar,0,4,14,0,18,0,0,3,0,3,0,4,17,0,21,0,0,0,21
09/06/2012,MFD,OH,AGL,CE,Combined TRACON& Tower with Radar,0,2,25,0,27,0,1,13,0,14,0,3,38,0,41,52,0,52,93
09/07/2012,MFD,OH,AGL,CE,Combined TRACON& Tower with Radar,0,0,18,0,18,0,0,17,1,18,0,0,35,1,36,18,0,18,54
09/08/2012,MFD,OH,AGL,CE,Combined TRACON& Tower with Radar,0,0,11,0,11,0,0,5,0,5,0,0,16,0,16,0,0,0,16
09/09/2012,MFD,OH,AGL,CE,Combined TRACON& Tower with Radar,0,2,11,1,14,0,0,18,0,18,0,2,29,1,32,38,0,38,70
09/10/2012,MFD,OH,AGL,CE,Combined TRACON& Tower with Radar,0,0,15,4,19,0,0,17,3,20,0,0,32,7,39,40,0,40,79
09/11/2012,MFD,OH,AGL,CE,Combined TRACON& Tower with Radar,0,2,16,2,20,0,0,20,0,20,0,2,36,2,40,28,0,28,68
09/12/2012,MFD,OH,AGL,CE,Combined TRACON& Tower with Radar,0,0,18,3,21,0,0,17,3,20,0,0,35,6,41,6,0,6,47
09/13/2012,MFD,OH,AGL,CE,Combined TRACON& Tower with Radar,0,0,27,4,31,0,0,29,0,29,0,0,56,4,60,20,0,20,80
09/14/2012,MFD,OH,AGL,CE,Combined TRACON& Tower with Radar,0,0,18,0,18,0,0,6,0,6,0,0,24,0,24,30,0,30,54
09/15/2012,MFD,OH,AGL,CE,Combined TRACON& Tower with Radar,0,0,7,0,7,0,1,23,2,26,0,1,30,2,33,0,0,0,33
09/16/2012,MFD,OH,AGL,CE,Combined TRACON& Tower with Radar,0,0,18,2,20,0,2,31,0,33,0,2,49,2,53,0,4,4,57
09/17/2012,MFD,OH,AGL,CE,Combined TRACON& Tower with Radar,0,0,15,11,26,0,0,5,12,17,0,0,20,23,43,32,0,32,75
09/18/2012,MFD,OH,AGL,CE,Combined TRACON& Tower with Radar,0,4,7,4,15,0,1,5,1,7,0,5,12,5,22,0,10,10,32
09/19/2012,MFD,OH,AGL,CE,Combined TRACON& Tower with Radar,0,2,14,2,18,0,0,15,8,23,0,2,29,10,41,6,0,6,47
09/20/2012,MFD,OH,AGL,CE,Combined TRACON& Tower with Radar,0,2,20,4,26,0,0,2,1,3,0,2,22,5,29,6,0,6,35
09/21/2012,MFD,OH,AGL,CE,Combined TRACON& Tower with Radar,2,1,18,0,21,0,0,7,0,7,2,1,25,0,28,0,0,0,28
09/22/2012,MFD,OH,AGL,CE,Combined TRACON& Tower with Radar,2,1,3,0,6,0,0,1,2,3,2,1,4,2,9,0,0,0,9
09/23/2012,MFD,OH,AGL,CE,Combined TRACON& Tower with Radar,0,4,20,0,24,0,0,23,1,24,0,4,43,1,48,4,0,4,52
09/24/2012,MFD,OH,AGL,CE,Combined TRACON& Tower with Radar,0,0,24,10,34,0,0,21,0,21,0,0,45,10,55,36,0,36,91
09/25/2012,MFD,OH,AGL,CE,Combined TRACON& Tower with Radar,0,0,12,2,14,0,0,4,0,4,0,0,16,2,18,0,0,0,18
09/26/2012,MFD,OH,AGL,CE,Combined TRACON& Tower with Radar,0,2,11,0,13,0,0,2,0,2,0,2,13,0,15,2,0,2,17
09/27/2012,MFD,OH,AGL,CE,Combined TRACON& Tower with Radar,0,0,18,2,20,0,0,2,0,2,0,0,20,2,22,0,0,0,22
09/28/2012,MFD,OH,AGL,CE,Combined TRACON& Tower with Radar,0,2,22,0,24,0,0,21,0,21,0,2,43,0,45,0,0,0,45
09/29/2012,MFD,OH,AGL,CE,Combined TRACON& Tower with Radar,0,2,18,0,20,0,1,28,2,31,0,3,46,2,51,36,0,36,87
09/30/2012,MFD,OH,AGL,CE,Combined TRACON& Tower with Radar,0,0,8,0,8,0,0,8,0,8,0,0,16,0,16,26,0,26,42
10/01/2012,MFD,OH,AGL,CE,Combined TRACON& Tower with Radar,0,2,1,1,4,0,0,5,0,5,0,2,6,1,9,0,0,0,9
10/02/2012,MFD,OH,AGL,CE,Combined TRACON& Tower with Radar,0,0,14,0,14,0,0,1,0,1,0,0,15,0,15,24,0,24,39
10/03/2012,MFD,OH,AGL,CE,Combined TRACON& Tower with Radar,2,0,1,10,13,0,0,4,1,5,2,0,5,11,18,0,12,12,30
10/04/2012,MFD,OH,AGL,CE,Combined TRACON& Tower with Radar,0,2,9,5,16,0,0,10,7,17,0,2,19,12,33,28,32,60,93
10/05/2012,MFD,OH,AGL,CE,Combined TRACON& Tower with Radar,0,0,10,4,14,0,0,3,0,3,0,0,13,4,17,0,6,6,23
10/06/2012,MFD,OH,AGL,CE,Combined TRACON& Tower with Radar,0,0,14,1,15,0,0,9,1,10,0,0,23,2,25,20,0,20,45
10/07/2012,MFD,OH,AGL,CE,Combined TRACON& Tower with Radar,0,0,3,0,3,0,0,6,0,6,0,0,9,0,9,0,0,0,9
10/08/2012,MFD,OH,AGL,CE,Combined TRACON& Tower with Radar,0,0,19,0,19,0,0,23,0,23,0,0,42,0,42,40,0,40,82
10/09/2012,MFD,OH,AGL,CE,Combined TRACON& Tower with Radar,0,0,15,3,18,0,0,7,14,21,0,0,22,17,39,4,18,22,61
10/10/2012,MFD,OH,AGL,CE,Combined TRACON& Tower with Radar,0,2,9,10,21,0,0,3,4,7,0,2,12,14,28,6,8,14,42
10/11/2012,MFD,OH,AGL,CE,Combined TRACON& Tower with Radar,0,2,16,8,26,0,0,27,12,39,0,2,43,20,65,32,20,52,117
10/12/2012,MFD,OH,AGL,CE,Combined TRACON& Tower with Radar,0,2,25,7,34,0,0,15,0,15,0,2,40,7,49,10,18,28,77
10/13/2012,MFD,OH,AGL,CE,Combined TRACON& Tower with Radar,0,0,14,45,59,0,26,25,0,51,0,26,39,45,110,12,0,12,122
10/14/2012,MFD,OH,AGL,CE,Combined TRACON& Tower with Radar,0,0,2,0,2,0,0,2,2,4,0,0,4,2,6,0,6,6,12
10/15/2012,MFD,OH,AGL,CE,Combined TRACON& Tower with Radar,0,0,23,0,23,0,0,0,0,0,0,0,23,0,23,0,0,0,23
10/16/2012,MFD,OH,AGL,CE,Combined TRACON& Tower with Radar,0,0,32,6,38,0,0,30,2,32,0,0,62,8,70,38,36,74,144
10/17/2012,MFD,OH,AGL,CE,Combined TRACON& Tower with Radar,0,2,12,2,16,0,0,14,0,14,0,2,26,2,30,6,0,6,36
10/18/2012,MFD,OH,AGL,CE,Combined TRACON& Tower with Radar,0,0,6,7,13,0,0,5,11,16,0,0,11,18,29,14,30,44,73
10/19/2012,MFD,OH,AGL,CE,Combined TRACON& Tower with Radar,0,0,13,5,18,0,0,11,1,12,0,0,24,6,30,6,0,6,36
10/20/2012,MFD,OH,AGL,CE,Combined TRACON& Tower with Radar,0,0,11,0,11,0,0,1,0,1,0,0,12,0,12,0,0,0,12
10/21/2012,MFD,OH,AGL,CE,Combined TRACON& Tower with Radar,0,0,28,0,28,0,0,31,0,31,0,0,59,0,59,2,0,2,61
10/22/2012,MFD,OH,AGL,CE,Combined TRACON& Tower with Radar,0,0,12,0,12,0,0,12,2,14,0,0,24,2,26,8,0,8,34
10/23/2012,MFD,OH,AGL,CE,Combined TRACON& Tower with Radar,1,0,11,6,18,0,0,2,14,16,1,0,13,20,34,24,44,68,102
10/24/2012,MFD,OH,AGL,CE,Combined TRACON& Tower with Radar,0,2,11,10,23,0,0,9,1,10,0,2,20,11,33,2,4,6,39
10/25/2012,MFD,OH,AGL,CE,Combined TRACON& Tower with Radar,0,6,16,6,28,0,1,19,20,40,0,7,35,26,68,6,8,14,82
10/26/2012,MFD,OH,AGL,CE,Combined TRACON& Tower with Radar,0,0,7,2,9,0,0,0,0,0,0,0,7,2,9,0,0,0,9
10/27/2012,MFD,OH,AGL,CE,Combined TRACON& Tower with Radar,0,0,5,0,5,0,0,0,0,0,0,0,5,0,5,0,0,0,5
10/28/2012,MFD,OH,AGL,CE,Combined TRACON& Tower with Radar,0,1,7,1,9,0,0,0,0,0,0,1,7,1,9,0,0,0,9
10/29/2012,MFD,OH,AGL,CE,Combined TRACON& Tower with Radar,0,3,8,0,11,0,0,0,0,0,0,3,8,0,11,0,0,0,11
10/30/2012,MFD,OH,AGL,CE,Combined TRACON& Tower with Radar,0,0,3,1,4,0,0,0,0,0,0,0,3,1,4,0,0,0,4
10/31/2012,MFD,OH,AGL,CE,Combined TRACON& Tower with Radar,0,2,13,0,15,0,0,0,0,0,0,2,13,0,15,0,0,0,15
11/01/2012,MFD,OH,AGL,CE,Combined TRACON& Tower with Radar,0,0,4,2,6,0,0,0,0,0,0,0,4,2,6,0,0,0,6
11/02/2012,MFD,OH,AGL,CE,Combined TRACON& Tower with Radar,0,0,5,8,13,0,0,3,0,3,0,0,8,8,16,6,0,6,22
11/03/2012,MFD,OH,AGL,CE,Combined TRACON& Tower with Radar,0,1,12,2,15,0,0,10,0,10,0,1,22,2,25,0,0,0,25
11/04/2012,MFD,OH,AGL,CE,Combined TRACON& Tower with Radar,0,1,12,6,19,0,0,11,7,18,0,1,23,13,37,26,14,40,77
11/05/2012,MFD,OH,AGL,CE,Combined TRACON& Tower with Radar,0,0,14,3,17,0,0,9,1,10,0,0,23,4,27,0,0,0,27
11/06/2012,MFD,OH,AGL,CE,Combined TRACON& Tower with Radar,0,0,22,10,32,0,0,14,12,26,0,0,36,22,58,8,3,11,69
11/07/2012,MFD,OH,AGL,CE,Combined TRACON& Tower with Radar,0,4,22,8,34,0,0,10,0,10,0,4,32,8,44,14,0,14,58
11/08/2012,MFD,OH,AGL,CE,Combined TRACON& Tower with Radar,0,2,27,8,37,0,0,15,2,17,0,2,42,10,54,30,0,30,84
11/09/2012,MFD,OH,AGL,CE,Combined TRACON& Tower with Radar,0,0,5,12,17,0,0,28,4,32,0,0,33,16,49,32,0,32,81
11/10/2012,MFD,OH,AGL,CE,Combined TRACON& Tower with Radar,0,0,21,0,21,0,0,34,0,34,0,0,55,0,55,56,0,56,111
11/11/2012,MFD,OH,AGL,CE,Combined TRACON& Tower with Radar,0,0,0,2,2,0,0,10,0,10,0,0,10,2,12,0,6,6,18
11/12/2012,MFD,OH,AGL,CE,Combined TRACON& Tower with Radar,0,0,2,0,2,0,0,0,0,0,0,0,2,0,2,0,0,0,2
11/13/2012,MFD,OH,AGL,CE,Combined TRACON& Tower with Radar,0,2,21,3,26,0,0,5,11,16,0,2,26,14,42,8,0,8,50
11/14/2012,MFD,OH,AGL,CE,Combined TRACON& Tower with Radar,0,0,24,7,31,0,0,13,0,13,0,0,37,7,44,28,2,30,74
11/15/2012,MFD,OH,AGL,CE,Combined TRACON& Tower with Radar,0,10,15,7,32,0,0,22,0,22,0,10,37,7,54,6,0,6,60
11/16/2012,MFD,OH,AGL,CE,Combined TRACON& Tower with Radar,0,0,11,0,11,0,0,11,0,11,0,0,22,0,22,10,0,10,32
11/17/2012,MFD,OH,AGL,CE,Combined TRACON& Tower with Radar,0,0,47,0,47,0,0,42,0,42,0,0,89,0,89,26,0,26,115
11/18/2012,MFD,OH,AGL,CE,Combined TRACON& Tower with Radar,0,0,26,0,26,0,0,33,1,34,0,0,59,1,60,18,0,18,78
11/19/2012,MFD,OH,AGL,CE,Combined TRACON& Tower with Radar,0,0,15,0,15,0,0,17,0,17,0,0,32,0,32,4,0,4,36
11/20/2012,MFD,OH,AGL,CE,Combined TRACON& Tower with Radar,0,0,18,4,22,0,0,17,11,28,0,0,35,15,50,0,12,12,62
11/21/2012,MFD,OH,AGL,CE,Combined TRACON& Tower with Radar,0,1,14,1,16,0,2,13,3,18,0,3,27,4,34,20,2,22,56
11/22/2012,MFD,OH,AGL,CE,Combined TRACON& Tower with Radar,0,0,7,0,7,0,0,3,0,3,0,0,10,0,10,0,0,0,10
11/23/2012,MFD,OH,AGL,CE,Combined TRACON& Tower with Radar,0,0,2,0,2,0,0,0,0,0,0,0,2,0,2,0,0,0,2
11/24/2012,MFD,OH,AGL,CE,Combined TRACON& Tower with Radar,0,0,2,0,2,0,0,1,0,1,0,0,3,0,3,0,0,0,3
11/25/2012,MFD,OH,AGL,CE,Combined TRACON& Tower with Radar,0,0,10,0,10,0,0,10,0,10,0,0,20,0,20,10,0,10,30
11/26/2012,MFD,OH,AGL,CE,Combined TRACON& Tower with Radar,0,7,20,0,27,0,1,13,0,14,0,8,33,0,41,6,0,6,47
11/27/2012,MFD,OH,AGL,CE,Combined TRACON& Tower with Radar,0,2,12,4,18,0,0,6,10,16,0,2,18,14,34,40,6,46,80
11/28/2012,MFD,OH,AGL,CE,Combined TRACON& Tower with Radar,0,2,15,6,23,0,0,11,0,11,0,2,26,6,34,24,0,24,58
11/29/2012,MFD,OH,AGL,CE,Combined TRACON& Tower with Radar,0,0,32,4,36,0,0,20,12,32,0,0,52,16,68,46,26,72,140
11/30/2012,MFD,OH,AGL,CE,Combined TRACON& Tower with Radar,0,0,10,4,14,0,0,16,0,16,0,0,26,4,30,16,0,16,46
12/01/2012,MFD,OH,AGL,CE,Combined TRACON& Tower with Radar,0,4,26,0,30,0,3,23,0,26,0,7,49,0,56,10,0,10,66
12/02/2012,MFD,OH,AGL,CE,Combined TRACON& Tower with Radar,0,0,2,1,3,0,0,3,0,3,0,0,5,1,6,0,0,0,6
12/03/2012,MFD,OH,AGL,CE,Combined TRACON& Tower with Radar,0,6,11,0,17,0,0,3,0,3,0,6,14,0,20,0,0,0,20
12/04/2012,MFD,OH,AGL,CE,Combined TRACON& Tower with Radar,0,0,12,1,13,0,0,2,0,2,0,0,14,1,15,0,0,0,15
12/05/2012,MFD,OH,AGL,CE,Combined TRACON& Tower with Radar,0,0,11,2,13,0,0,3,0,3,0,0,14,2,16,8,0,8,24
12/06/2012,MFD,OH,AGL,CE,Combined TRACON& Tower with Radar,0,0,16,10,26,0,0,14,0,14,0,0,30,10,40,30,0,30,70
12/07/2012,MFD,OH,AGL,CE,Combined TRACON& Tower with Radar,0,0,4,2,6,0,0,0,0,0,0,0,4,2,6,0,0,0,6
12/08/2012,MFD,OH,AGL,CE,Combined TRACON& Tower with Radar,0,2,8,0,10,0,0,0,0,0,0,2,8,0,10,20,0,20,30
12/09/2012,MFD,OH,AGL,CE,Combined TRACON& Tower with Radar,0,14,17,0,31,0,0,0,0,0,0,14,17,0,31,0,0,0,31
12/10/2012,MFD,OH,AGL,CE,Combined TRACON& Tower with Radar,0,0,15,4,19,0,0,0,0,0,0,0,15,4,19,0,0,0,19
12/11/2012,MFD,OH,AGL,CE,Combined TRACON& Tower with Radar,0,6,13,6,25,0,0,2,0,2,0,6,15,6,27,0,0,0,27
12/12/2012,MFD,OH,AGL,CE,Combined TRACON& Tower with Radar,0,0,45,8,53,0,2,31,5,38,0,2,76,13,91,26,20,46,137
12/13/2012,MFD,OH,AGL,CE,Combined TRACON& Tower with Radar,0,2,32,2,36,0,0,17,10,27,0,2,49,12,63,10,18,28,91
12/14/2012,MFD,OH,AGL,CE,Combined TRACON& Tower with Radar,0,4,23,4,31,0,0,25,2,27,0,4,48,6,58,4,0,4,62
12/15/2012,MFD,OH,AGL,CE,Combined TRACON& Tower with Radar,0,0,15,2,17,0,0,10,8,18,0,0,25,10,35,0,0,0,35
12/16/2012,MFD,OH,AGL,CE,Combined TRACON& Tower with Radar,0,0,8,0,8,0,0,1,0,1,0,0,9,0,9,16,0,16,25
12/17/2012,MFD,OH,AGL,CE,Combined TRACON& Tower with Radar,0,0,8,0,8,0,0,0,0,0,0,0,8,0,8,2,0,2,10
12/18/2012,MFD,OH,AGL,CE,Combined TRACON& Tower with Radar,0,2,6,6,14,0,0,2,8,10,0,2,8,14,24,4,10,14,38
12/19/2012,MFD,OH,AGL,CE,Combined TRACON& Tower with Radar,0,0,18,2,20,0,2,0,0,2,0,2,18,2,22,8,0,8,30
12/20/2012,MFD,OH,AGL,CE,Combined TRACON& Tower with Radar,0,0,0,2,2,0,0,0,0,0,0,0,0,2,2,0,4,4,6
12/21/2012,MFD,OH,AGL,CE,Combined TRACON& Tower with Radar,0,3,1,0,4,0,0,0,0,0,0,3,1,0,4,0,0,0,4
12/22/2012,MFD,OH,AGL,CE,Combined TRACON& Tower with Radar,0,1,3,0,4,0,0,0,0,0,0,1,3,0,4,0,0,0,4
12/23/2012,MFD,OH,AGL,CE,Combined TRACON& Tower with Radar,0,1,11,0,12,0,10,11,0,21,0,11,22,0,33,10,0,10,43
12/24/2012,MFD,OH,AGL,CE,Combined TRACON& Tower with Radar,0,0,7,0,7,0,0,2,0,2,0,0,9,0,9,10,0,10,19
12/25/2012,MFD,OH,AGL,CE,Combined TRACON& Tower with Radar,0,0,4,0,4,0,0,1,0,1,0,0,5,0,5,0,0,0,5
12/26/2012,MFD,OH,AGL,CE,Combined TRACON& Tower with Radar,0,0,0,0,0,0,0,0,0,0,0,0,0,0,0,0,0,0,0
12/27/2012,MFD,OH,AGL,CE,Combined TRACON& Tower with Radar,0,2,1,0,3,0,0,0,0,0,0,2,1,0,3,0,0,0,3
12/28/2012,MFD,OH,AGL,CE,Combined TRACON& Tower with Radar,0,0,18,0,18,0,0,1,0,1,0,0,19,0,19,0,0,0,19
12/29/2012,MFD,OH,AGL,CE,Combined TRACON& Tower with Radar,0,0,0,0,0,0,0,0,0,0,0,0,0,0,0,0,0,0,0
12/30/2012,MFD,OH,AGL,CE,Combined TRACON& Tower with Radar,0,0,0,0,0,0,0,0,0,0,0,0,0,0,0,0,0,0,0
12/31/2012,MFD,OH,AGL,CE,Combined TRACON& Tower with Radar,0,0,12,0,12,0,0,4,0,4,0,0,16,0,16,0,0,0,16
01/01/2013,MFD,OH,AGL,CE,Combined TRACON& Tower with Radar,0,0,2,0,2,0,0,3,0,3,0,0,5,0,5,0,0,0,5
01/02/2013,MFD,OH,AGL,CE,Combined TRACON& Tower with Radar,0,0,23,0,23,0,1,9,0,10,0,1,32,0,33,6,0,6,39
01/03/2013,MFD,OH,AGL,CE,Combined TRACON& Tower with Radar,0,0,15,6,21,0,0,12,6,18,0,0,27,12,39,6,2,8,47
01/04/2013,MFD,OH,AGL,CE,Combined TRACON& Tower with Radar,0,2,13,0,15,0,0,3,0,3,0,2,16,0,18,0,0,0,18
01/05/2013,MFD,OH,AGL,CE,Combined TRACON& Tower with Radar,0,1,34,0,35,0,0,24,0,24,0,1,58,0,59,6,0,6,65
01/06/2013,MFD,OH,AGL,CE,Combined TRACON& Tower with Radar,0,0,8,0,8,0,0,0,0,0,0,0,8,0,8,0,0,0,8
01/07/2013,MFD,OH,AGL,CE,Combined TRACON& Tower with Radar,2,0,17,20,39,0,0,10,0,10,2,0,27,20,49,0,0,0,49
01/08/2013,MFD,OH,AGL,CE,Combined TRACON& Tower with Radar,0,0,46,3,49,0,0,15,18,33,0,0,61,21,82,0,0,0,82
01/09/2013,MFD,OH,AGL,CE,Combined TRACON& Tower with Radar,0,2,9,5,16,0,0,5,1,6,0,2,14,6,22,0,30,30,52
01/10/2013,MFD,OH,AGL,CE,Combined TRACON& Tower with Radar,0,0,18,2,20,0,1,9,4,14,0,1,27,6,34,16,0,16,50
01/11/2013,MFD,OH,AGL,CE,Combined TRACON& Tower with Radar,0,0,0,0,0,0,0,0,0,0,0,0,0,0,0,0,0,0,0
01/12/2013,MFD,OH,AGL,CE,Combined TRACON& Tower with Radar,0,0,14,1,15,0,0,10,1,11,0,0,24,2,26,0,0,0,26
01/13/2013,MFD,OH,AGL,CE,Combined TRACON& Tower with Radar,0,0,1,6,7,0,0,2,3,5,0,0,3,9,12,0,0,0,12
01/14/2013,MFD,OH,AGL,CE,Combined TRACON& Tower with Radar,0,0,11,3,14,0,0,5,0,5,0,0,16,3,19,22,0,22,41
01/15/2013,MFD,OH,AGL,CE,Combined TRACON& Tower with Radar,0,0,16,3,19,0,0,8,0,8,0,0,24,3,27,0,0,0,27
01/16/2013,MFD,OH,AGL,CE,Combined TRACON& Tower with Radar,0,0,16,9,25,0,0,6,6,12,0,0,22,15,37,8,10,18,55
01/17/2013,MFD,OH,AGL,CE,Combined TRACON& Tower with Radar,0,2,7,6,15,0,2,2,4,8,0,4,9,10,23,3,11,14,37
01/18/2013,MFD,OH,AGL,CE,Combined TRACON& Tower with Radar,0,0,19,0,19,0,0,11,0,11,0,0,30,0,30,52,0,52,82
01/19/2013,MFD,OH,AGL,CE,Combined TRACON& Tower with Radar,0,1,4,2,7,0,0,4,0,4,0,1,8,2,11,0,0,0,11
01/20/2013,MFD,OH,AGL,CE,Combined TRACON& Tower with Radar,0,0,9,0,9,0,0,8,0,8,0,0,17,0,17,0,0,0,17
01/21/2013,MFD,OH,AGL,CE,Combined TRACON& Tower with Radar,0,0,9,0,9,0,0,0,0,0,0,0,9,0,9,0,0,0,9
01/22/2013,MFD,OH,AGL,CE,Combined TRACON& Tower with Radar,0,0,7,14,21,0,0,0,4,4,0,0,7,18,25,0,0,0,25
01/23/2013,MFD,OH,AGL,CE,Combined TRACON& Tower with Radar,0,0,4,4,8,0,0,1,0,1,0,0,5,4,9,0,0,0,9
01/24/2013,MFD,OH,AGL,CE,Combined TRACON& Tower with Radar,0,1,17,7,25,0,0,5,4,9,0,1,22,11,34,0,0,0,34
01/25/2013,MFD,OH,AGL,CE,Combined TRACON& Tower with Radar,0,0,3,2,5,0,0,0,0,0,0,0,3,2,5,0,0,0,5
01/26/2013,MFD,OH,AGL,CE,Combined TRACON& Tower with Radar,0,2,5,0,7,0,0,6,0,6,0,2,11,0,13,0,0,0,13
01/27/2013,MFD,OH,AGL,CE,Combined TRACON& Tower with Radar,0,0,22,0,22,0,0,19,0,19,0,0,41,0,41,6,0,6,47
01/28/2013,MFD,OH,AGL,CE,Combined TRACON& Tower with Radar,0,0,5,0,5,0,0,0,0,0,0,0,5,0,5,0,0,0,5
01/29/2013,MFD,OH,AGL,CE,Combined TRACON& Tower with Radar,0,0,8,9,17,0,0,1,9,10,0,0,9,18,27,0,0,0,27
01/30/2013,MFD,OH,AGL,CE,Combined TRACON& Tower with Radar,0,6,3,5,14,0,0,0,0,0,0,6,3,5,14,0,0,0,14
01/31/2013,MFD,OH,AGL,CE,Combined TRACON& Tower with Radar,0,0,6,0,6,0,0,0,0,0,0,0,6,0,6,0,0,0,6
02/01/2013,MFD,OH,AGL,CE,Combined TRACON& Tower with Radar,0,0,5,3,8,0,0,0,1,1,0,0,5,4,9,0,0,0,9
02/02/2013,MFD,OH,AGL,CE,Combined TRACON& Tower with Radar,0,0,0,0,0,0,0,0,0,0,0,0,0,0,0,0,0,0,0
02/03/2013,MFD,OH,AGL,CE,Combined TRACON& Tower with Radar,0,0,5,0,5,0,0,0,0,0,0,0,5,0,5,0,0,0,5
02/04/2013,MFD,OH,AGL,CE,Combined TRACON& Tower with Radar,0,0,2,0,2,0,0,0,0,0,0,0,2,0,2,0,0,0,2
02/05/2013,MFD,OH,AGL,CE,Combined TRACON& Tower with Radar,0,0,5,11,16,0,0,0,1,1,0,0,5,12,17,0,0,0,17
02/06/2013,MFD,OH,AGL,CE,Combined TRACON& Tower with Radar,0,0,33,0,33,0,0,13,8,21,0,0,46,8,54,0,0,0,54
02/07/2013,MFD,OH,AGL,CE,Combined TRACON& Tower with Radar,0,1,34,8,43,0,0,16,2,18,0,1,50,10,61,0,0,0,61
02/08/2013,MFD,OH,AGL,CE,Combined TRACON& Tower with Radar,4,0,6,0,10,0,0,0,0,0,4,0,6,0,10,0,0,0,10
02/09/2013,MFD,OH,AGL,CE,Combined TRACON& Tower with Radar,0,0,36,0,36,0,0,19,0,19,0,0,55,0,55,0,0,0,55
02/10/2013,MFD,OH,AGL,CE,Combined TRACON& Tower with Radar,0,0,21,5,26,0,1,11,7,19,0,1,32,12,45,0,0,0,45
02/11/2013,MFD,OH,AGL,CE,Combined TRACON& Tower with Radar,0,0,7,4,11,0,0,1,2,3,0,0,8,6,14,0,6,6,20
02/12/2013,MFD,OH,AGL,CE,Combined TRACON& Tower with Radar,0,0,23,10,33,0,0,2,0,2,0,0,25,10,35,0,0,0,35
02/13/2013,MFD,OH,AGL,CE,Combined TRACON& Tower with Radar,0,0,16,14,30,0,0,3,2,5,0,0,19,16,35,0,0,0,35
02/14/2013,MFD,OH,AGL,CE,Combined TRACON& Tower with Radar,0,0,12,4,16,0,0,0,0,0,0,0,12,4,16,0,0,0,16
02/15/2013,MFD,OH,AGL,CE,Combined TRACON& Tower with Radar,0,0,10,0,10,0,0,4,0,4,0,0,14,0,14,0,0,0,14
02/16/2013,MFD,OH,AGL,CE,Combined TRACON& Tower with Radar,0,0,14,0,14,0,0,5,0,5,0,0,19,0,19,2,0,2,21
02/17/2013,MFD,OH,AGL,CE,Combined TRACON& Tower with Radar,0,0,17,0,17,0,0,5,0,5,0,0,22,0,22,0,0,0,22
02/18/2013,MFD,OH,AGL,CE,Combined TRACON& Tower with Radar,0,0,24,1,25,0,0,11,0,11,0,0,35,1,36,2,0,2,38
02/19/2013,MFD,OH,AGL,CE,Combined TRACON& Tower with Radar,0,0,7,0,7,0,0,0,0,0,0,0,7,0,7,0,0,0,7
02/20/2013,MFD,OH,AGL,CE,Combined TRACON& Tower with Radar,0,0,14,0,14,0,0,0,0,0,0,0,14,0,14,0,0,0,14
02/21/2013,MFD,OH,AGL,CE,Combined TRACON& Tower with Radar,0,1,14,3,18,0,0,1,7,8,0,1,15,10,26,0,0,0,26
02/22/2013,MFD,OH,AGL,CE,Combined TRACON& Tower with Radar,0,0,3,3,6,0,0,0,0,0,0,0,3,3,6,0,0,0,6
02/23/2013,MFD,OH,AGL,CE,Combined TRACON& Tower with Radar,0,2,5,0,7,0,0,6,0,6,0,2,11,0,13,0,0,0,13
02/24/2013,MFD,OH,AGL,CE,Combined TRACON& Tower with Radar,0,4,10,0,14,0,0,6,0,6,0,4,16,0,20,6,0,6,26
02/25/2013,MFD,OH,AGL,CE,Combined TRACON& Tower with Radar,0,0,48,0,48,0,0,31,0,31,0,0,79,0,79,0,0,0,79
02/26/2013,MFD,OH,AGL,CE,Combined TRACON& Tower with Radar,0,1,5,0,6,0,0,1,0,1,0,1,6,0,7,0,0,0,7
02/27/2013,MFD,OH,AGL,CE,Combined TRACON& Tower with Radar,0,0,5,8,13,0,0,0,0,0,0,0,5,8,13,0,0,0,13
02/28/2013,MFD,OH,AGL,CE,Combined TRACON& Tower with Radar,0,0,1,0,1,0,0,0,0,0,0,0,1,0,1,0,0,0,1
03/01/2013,MFD,OH,AGL,CE,Combined TRACON& Tower with Radar,0,0,1,0,1,0,0,2,0,2,0,0,3,0,3,0,0,0,3
03/02/2013,MFD,OH,AGL,CE,Combined TRACON& Tower with Radar,0,0,0,0,0,0,0,0,0,0,0,0,0,0,0,0,0,0,0
03/03/2013,MFD,OH,AGL,CE,Combined TRACON& Tower with Radar,0,0,11,0,11,0,0,3,0,3,0,0,14,0,14,0,0,0,14
03/04/2013,MFD,OH,AGL,CE,Combined TRACON& Tower with Radar,0,0,17,2,19,0,0,28,0,28,0,0,45,2,47,20,0,20,67
03/05/2013,MFD,OH,AGL,CE,Combined TRACON& Tower with Radar,0,0,8,8,16,0,0,4,0,4,0,0,12,8,20,0,6,6,26
03/06/2013,MFD,OH,AGL,CE,Combined TRACON& Tower with Radar,0,0,1,4,5,0,0,0,0,0,0,0,1,4,5,0,0,0,5
03/07/2013,MFD,OH,AGL,CE,Combined TRACON& Tower with Radar,0,2,9,2,13,0,0,0,0,0,0,2,9,2,13,20,0,20,33
03/08/2013,MFD,OH,AGL,CE,Combined TRACON& Tower with Radar,0,2,12,1,15,0,0,9,1,10,0,2,21,2,25,14,0,14,39
03/09/2013,MFD,OH,AGL,CE,Combined TRACON& Tower with Radar,0,0,45,8,53,0,0,39,1,40,0,0,84,9,93,66,10,76,169
03/10/2013,MFD,OH,AGL,CE,Combined TRACON& Tower with Radar,0,1,7,2,10,0,0,6,0,6,0,1,13,2,16,4,0,4,20
03/11/2013,MFD,OH,AGL,CE,Combined TRACON& Tower with Radar,0,1,10,2,13,0,0,1,0,1,0,1,11,2,14,0,0,0,14
03/12/2013,MFD,OH,AGL,CE,Combined TRACON& Tower with Radar,0,0,9,10,19,0,0,0,2,2,0,0,9,12,21,0,12,12,33
03/13/2013,MFD,OH,AGL,CE,Combined TRACON& Tower with Radar,0,0,6,5,11,0,0,1,0,1,0,0,7,5,12,0,0,0,12
03/14/2013,MFD,OH,AGL,CE,Combined TRACON& Tower with Radar,0,0,17,19,36,0,0,13,2,15,0,0,30,21,51,10,2,12,63
03/15/2013,MFD,OH,AGL,CE,Combined TRACON& Tower with Radar,2,4,16,4,26,0,2,9,0,11,2,6,25,4,37,0,0,0,37
03/16/2013,MFD,OH,AGL,CE,Combined TRACON& Tower with Radar,0,0,7,0,7,0,0,0,0,0,0,0,7,0,7,0,0,0,7
03/17/2013,MFD,OH,AGL,CE,Combined TRACON& Tower with Radar,0,0,7,0,7,0,0,7,0,7,0,0,14,0,14,0,0,0,14
03/18/2013,MFD,OH,AGL,CE,Combined TRACON& Tower with Radar,0,0,0,2,2,0,0,0,0,0,0,0,0,2,2,0,0,0,2
03/19/2013,MFD,OH,AGL,CE,Combined TRACON& Tower with Radar,0,0,10,1,11,0,1,2,0,3,0,1,12,1,14,6,0,6,20
03/20/2013,MFD,OH,AGL,CE,Combined TRACON& Tower with Radar,0,0,20,2,22,0,0,7,5,12,0,0,27,7,34,0,12,12,46
03/21/2013,MFD,OH,AGL,CE,Combined TRACON& Tower with Radar,0,0,3,8,11,0,0,1,0,1,0,0,4,8,12,0,0,0,12
03/22/2013,MFD,OH,AGL,CE,Combined TRACON& Tower with Radar,0,2,15,2,19,0,1,9,0,10,0,3,24,2,29,16,0,16,45
03/23/2013,MFD,OH,AGL,CE,Combined TRACON& Tower with Radar,0,0,26,0,26,0,0,33,0,33,0,0,59,0,59,24,0,24,83
03/24/2013,MFD,OH,AGL,CE,Combined TRACON& Tower with Radar,0,0,6,0,6,0,0,6,0,6,0,0,12,0,12,0,0,0,12
03/25/2013,MFD,OH,AGL,CE,Combined TRACON& Tower with Radar,0,0,1,0,1,0,0,0,0,0,0,0,1,0,1,0,0,0,1
03/26/2013,MFD,OH,AGL,CE,Combined TRACON& Tower with Radar,0,5,16,4,25,0,0,1,1,2,0,5,17,5,27,2,0,2,29
03/27/2013,MFD,OH,AGL,CE,Combined TRACON& Tower with Radar,0,4,30,10,44,0,2,14,2,18,0,6,44,12,62,4,18,22,84
03/28/2013,MFD,OH,AGL,CE,Combined TRACON& Tower with Radar,0,2,24,6,32,0,0,20,8,28,0,2,44,14,60,20,10,30,90
03/29/2013,MFD,OH,AGL,CE,Combined TRACON& Tower with Radar,0,0,31,2,33,0,0,34,0,34,0,0,65,2,67,28,0,28,95
03/30/2013,MFD,OH,AGL,CE,Combined TRACON& Tower with Radar,0,0,26,0,26,0,0,41,0,41,0,0,67,0,67,26,0,26,93
03/31/2013,MFD,OH,AGL,CE,Combined TRACON& Tower with Radar,0,0,4,0,4,0,0,1,0,1,0,0,5,0,5,0,0,0,5
04/01/2013,MFD,OH,AGL,CE,Combined TRACON& Tower with Radar,0,0,6,1,7,0,0,4,0,4,0,0,10,1,11,0,0,0,11
04/02/2013,MFD,OH,AGL,CE,Combined TRACON& Tower with Radar,0,0,15,4,19,0,0,6,9,15,0,0,21,13,34,0,10,10,44
04/03/2013,MFD,OH,AGL,CE,Combined TRACON& Tower with Radar,0,1,12,4,17,0,0,12,1,13,0,1,24,5,30,18,0,18,48
04/04/2013,MFD,OH,AGL,CE,Combined TRACON& Tower with Radar,0,0,17,1,18,0,0,23,1,24,0,0,40,2,42,20,2,22,64
04/05/2013,MFD,OH,AGL,CE,Combined TRACON& Tower with Radar,0,4,11,1,16,0,3,13,0,16,0,7,24,1,32,16,0,16,48
04/06/2013,MFD,OH,AGL,CE,Combined TRACON& Tower with Radar,0,0,29,8,37,0,1,13,0,14,0,1,42,8,51,28,0,28,79
04/07/2013,MFD,OH,AGL,CE,Combined TRACON& Tower with Radar,0,0,5,0,5,0,1,1,0,2,0,1,6,0,7,0,0,0,7
04/08/2013,MFD,OH,AGL,CE,Combined TRACON& Tower with Radar,0,6,6,0,12,0,0,5,0,5,0,6,11,0,17,20,0,20,37
04/09/2013,MFD,OH,AGL,CE,Combined TRACON& Tower with Radar,0,0,15,9,24,0,0,3,0,3,0,0,18,9,27,2,0,2,29
04/10/2013,MFD,OH,AGL,CE,Combined TRACON& Tower with Radar,0,0,6,0,6,0,0,0,0,0,0,0,6,0,6,0,0,0,6
04/11/2013,MFD,OH,AGL,CE,Combined TRACON& Tower with Radar,0,0,3,0,3,0,0,0,0,0,0,0,3,0,3,0,0,0,3
04/12/2013,MFD,OH,AGL,CE,Combined TRACON& Tower with Radar,0,0,18,4,22,0,2,11,0,13,0,2,29,4,35,6,0,6,41
04/13/2013,MFD,OH,AGL,CE,Combined TRACON& Tower with Radar,0,0,7,3,10,0,0,4,0,4,0,0,11,3,14,0,0,0,14
04/14/2013,MFD,OH,AGL,CE,Combined TRACON& Tower with Radar,0,0,14,2,16,0,0,26,0,26,0,0,40,2,42,26,2,28,70
04/15/2013,MFD,OH,AGL,CE,Combined TRACON& Tower with Radar,0,0,33,1,34,0,0,17,0,17,0,0,50,1,51,0,0,0,51
04/16/2013,MFD,OH,AGL,CE,Combined TRACON& Tower with Radar,0,0,9,14,23,0,0,0,21,21,0,0,9,35,44,20,6,26,70
04/17/2013,MFD,OH,AGL,CE,Combined TRACON& Tower with Radar,0,0,26,5,31,0,0,5,1,6,0,0,31,6,37,0,4,4,41
04/18/2013,MFD,OH,AGL,CE,Combined TRACON& Tower with Radar,0,0,9,2,11,0,0,2,0,2,0,0,11,2,13,8,0,8,21
04/19/2013,MFD,OH,AGL,CE,Combined TRACON& Tower with Radar,0,0,2,3,5,0,0,0,0,0,0,0,2,3,5,0,0,0,5
04/20/2013,MFD,OH,AGL,CE,Combined TRACON& Tower with Radar,0,0,5,7,12,0,0,2,0,2,0,0,7,7,14,0,0,0,14
04/21/2013,MFD,OH,AGL,CE,Combined TRACON& Tower with Radar,0,0,34,0,34,0,0,36,0,36,0,0,70,0,70,16,0,16,86
04/22/2013,MFD,OH,AGL,CE,Combined TRACON& Tower with Radar,0,0,17,0,17,0,0,18,0,18,0,0,35,0,35,10,0,10,45
04/23/2013,MFD,OH,AGL,CE,Combined TRACON& Tower with Radar,0,0,20,1,21,0,0,11,0,11,0,0,31,1,32,24,0,24,56
04/24/2013,MFD,OH,AGL,CE,Combined TRACON& Tower with Radar,0,0,5,1,6,0,0,0,0,0,0,0,5,1,6,0,0,0,6
04/25/2013,MFD,OH,AGL,CE,Combined TRACON& Tower with Radar,0,0,18,12,30,0,0,5,6,11,0,0,23,18,41,10,24,34,75
04/26/2013,MFD,OH,AGL,CE,Combined TRACON& Tower with Radar,0,1,31,0,32,0,1,35,0,36,0,2,66,0,68,4,0,4,72
04/27/2013,MFD,OH,AGL,CE,Combined TRACON& Tower with Radar,0,0,16,0,16,0,0,44,0,44,0,0,60,0,60,100,0,100,160
04/28/2013,MFD,OH,AGL,CE,Combined TRACON& Tower with Radar,0,0,8,2,10,0,0,0,0,0,0,0,8,2,10,0,0,0,10
04/29/2013,MFD,OH,AGL,CE,Combined TRACON& Tower with Radar,0,2,16,4,22,0,0,3,0,3,0,2,19,4,25,0,0,0,25
04/30/2013,MFD,OH,AGL,CE,Combined TRACON& Tower with Radar,0,0,33,4,37,0,0,21,0,21,0,0,54,4,58,30,0,30,88
05/01/2013,MFD,OH,AGL,CE,Combined TRACON& Tower with Radar,0,4,31,10,45,0,2,25,0,27,0,6,56,10,72,32,12,44,116
05/02/2013,MFD,OH,AGL,CE,Combined TRACON& Tower with Radar,0,0,30,13,43,0,0,21,1,22,0,0,51,14,65,22,0,22,87
05/03/2013,MFD,OH,AGL,CE,Combined TRACON& Tower with Radar,0,0,18,2,20,0,0,17,0,17,0,0,35,2,37,16,0,16,53
05/04/2013,MFD,OH,AGL,CE,Combined TRACON& Tower with Radar,0,0,105,0,105,0,0,9,0,9,0,0,114,0,114,4,0,4,118
05/05/2013,MFD,OH,AGL,CE,Combined TRACON& Tower with Radar,0,1,18,1,20,0,0,15,1,16,0,1,33,2,36,14,0,14,50
05/06/2013,MFD,OH,AGL,CE,Combined TRACON& Tower with Radar,0,1,8,0,9,0,3,10,0,13,0,4,18,0,22,36,0,36,58
05/07/2013,MFD,OH,AGL,CE,Combined TRACON& Tower with Radar,0,0,25,6,31,0,1,7,0,8,0,1,32,6,39,0,26,26,65
05/08/2013,MFD,OH,AGL,CE,Combined TRACON& Tower with Radar,0,1,20,0,21,0,0,6,0,6,0,1,26,0,27,2,0,2,29
05/09/2013,MFD,OH,AGL,CE,Combined TRACON& Tower with Radar,0,1,19,7,27,0,0,32,7,39,0,1,51,14,66,44,4,48,114
05/10/2013,MFD,OH,AGL,CE,Combined TRACON& Tower with Radar,0,1,18,0,19,0,0,3,0,3,0,1,21,0,22,6,0,6,28
05/11/2013,MFD,OH,AGL,CE,Combined TRACON& Tower with Radar,0,0,10,0,10,0,0,0,0,0,0,0,10,0,10,0,0,0,10
05/12/2013,MFD,OH,AGL,CE,Combined TRACON& Tower with Radar,0,0,12,0,12,0,0,3,0,3,0,0,15,0,15,0,0,0,15
05/13/2013,MFD,OH,AGL,CE,Combined TRACON& Tower with Radar,0,0,17,0,17,0,2,13,0,15,0,2,30,0,32,10,0,10,42
05/14/2013,MFD,OH,AGL,CE,Combined TRACON& Tower with Radar,0,0,17,0,17,0,1,10,0,11,0,1,27,0,28,22,0,22,50
05/15/2013,MFD,OH,AGL,CE,Combined TRACON& Tower with Radar,0,0,13,10,23,0,0,8,0,8,0,0,21,10,31,0,10,10,41
05/16/2013,MFD,OH,AGL,CE,Combined TRACON& Tower with Radar,0,0,27,1,28,0,0,21,1,22,0,0,48,2,50,0,0,0,50
05/17/2013,MFD,OH,AGL,CE,Combined TRACON& Tower with Radar,0,2,8,3,13,0,0,10,0,10,0,2,18,3,23,32,0,32,55
05/18/2013,MFD,OH,AGL,CE,Combined TRACON& Tower with Radar,0,0,8,7,15,0,0,13,0,13,0,0,21,7,28,0,0,0,28
05/19/2013,MFD,OH,AGL,CE,Combined TRACON& Tower with Radar,0,0,6,3,9,0,0,10,5,15,0,0,16,8,24,0,0,0,24
05/20/2013,MFD,OH,AGL,CE,Combined TRACON& Tower with Radar,0,3,8,2,13,0,0,3,0,3,0,3,11,2,16,24,0,24,40
05/21/2013,MFD,OH,AGL,CE,Combined TRACON& Tower with Radar,0,0,27,6,33,0,0,17,3,20,0,0,44,9,53,36,0,36,89
05/22/2013,MFD,OH,AGL,CE,Combined TRACON& Tower with Radar,0,2,6,5,13,0,0,10,1,11,0,2,16,6,24,2,0,2,26
05/23/2013,MFD,OH,AGL,CE,Combined TRACON& Tower with Radar,0,3,8,21,32,0,2,3,3,8,0,5,11,24,40,16,10,26,66
05/24/2013,MFD,OH,AGL,CE,Combined TRACON& Tower with Radar,0,1,10,9,20,0,0,8,0,8,0,1,18,9,28,16,0,16,44
05/25/2013,MFD,OH,AGL,CE,Combined TRACON& Tower with Radar,0,0,17,0,17,0,0,38,0,38,0,0,55,0,55,0,0,0,55
05/26/2013,MFD,OH,AGL,CE,Combined TRACON& Tower with Radar,0,0,20,0,20,0,0,30,0,30,0,0,50,0,50,32,0,32,82
05/27/2013,MFD,OH,AGL,CE,Combined TRACON& Tower with Radar,0,0,7,0,7,0,0,5,0,5,0,0,12,0,12,0,0,0,12
05/28/2013,MFD,OH,AGL,CE,Combined TRACON& Tower with Radar,0,0,10,15,25,0,4,3,1,8,0,4,13,16,33,0,12,12,45
05/29/2013,MFD,OH,AGL,CE,Combined TRACON& Tower with Radar,0,2,18,1,21,0,0,12,3,15,0,2,30,4,36,4,18,22,58
05/30/2013,MFD,OH,AGL,CE,Combined TRACON& Tower with Radar,0,4,25,1,30,0,2,36,4,42,0,6,61,5,72,12,26,38,110
05/31/2013,MFD,OH,AGL,CE,Combined TRACON& Tower with Radar,0,3,6,2,11,0,0,6,0,6,0,3,12,2,17,14,2,16,33
06/01/2013,MFD,OH,AGL,CE,Combined TRACON& Tower with Radar,0,0,6,2,8,0,0,8,0,8,0,0,14,2,16,28,0,28,44
06/02/2013,MFD,OH,AGL,CE,Combined TRACON& Tower with Radar,0,4,11,0,15,0,0,5,0,5,0,4,16,0,20,4,0,4,24
06/03/2013,MFD,OH,AGL,CE,Combined TRACON& Tower with Radar,0,0,39,4,43,0,0,7,0,7,0,0,46,4,50,10,0,10,60
06/04/2013,MFD,OH,AGL,CE,Combined TRACON& Tower with Radar,0,1,20,1,22,0,4,27,0,31,0,5,47,1,53,28,18,46,99
06/05/2013,MFD,OH,AGL,CE,Combined TRACON& Tower with Radar,0,0,31,9,40,0,0,31,1,32,0,0,62,10,72,16,0,16,88
06/06/2013,MFD,OH,AGL,CE,Combined TRACON& Tower with Radar,0,0,5,8,13,0,0,0,0,0,0,0,5,8,13,0,0,0,13
06/07/2013,MFD,OH,AGL,CE,Combined TRACON& Tower with Radar,0,0,17,6,23,0,0,3,0,3,0,0,20,6,26,0,0,0,26
06/08/2013,MFD,OH,AGL,CE,Combined TRACON& Tower with Radar,0,0,16,0,16,0,0,22,0,22,0,0,38,0,38,18,0,18,56
06/09/2013,MFD,OH,AGL,CE,Combined TRACON& Tower with Radar,0,1,8,14,23,0,0,12,0,12,0,1,20,14,35,8,0,8,43
06/10/2013,MFD,OH,AGL,CE,Combined TRACON& Tower with Radar,0,1,14,0,15,0,0,0,0,0,0,1,14,0,15,0,0,0,15
06/11/2013,MFD,OH,AGL,CE,Combined TRACON& Tower with Radar,0,0,15,11,26,0,0,6,0,6,0,0,21,11,32,34,26,60,92
06/12/2013,MFD,OH,AGL,CE,Combined TRACON& Tower with Radar,0,0,21,2,23,0,0,13,2,15,0,0,34,4,38,8,0,8,46
06/13/2013,MFD,OH,AGL,CE,Combined TRACON& Tower with Radar,0,0,21,3,24,0,0,3,3,6,0,0,24,6,30,0,6,6,36
06/14/2013,MFD,OH,AGL,CE,Combined TRACON& Tower with Radar,0,0,29,11,40,0,0,23,0,23,0,0,52,11,63,10,0,10,73
06/15/2013,MFD,OH,AGL,CE,Combined TRACON& Tower with Radar,0,1,34,0,35,0,0,43,0,43,0,1,77,0,78,60,0,60,138
06/16/2013,MFD,OH,AGL,CE,Combined TRACON& Tower with Radar,0,0,13,0,13,0,0,2,0,2,0,0,15,0,15,0,0,0,15
06/17/2013,MFD,OH,AGL,CE,Combined TRACON& Tower with Radar,0,0,8,6,14,0,0,5,4,9,0,0,13,10,23,26,22,48,71
06/18/2013,MFD,OH,AGL,CE,Combined TRACON& Tower with Radar,0,1,34,19,54,0,0,7,7,14,0,1,41,26,68,0,0,0,68
06/19/2013,MFD,OH,AGL,CE,Combined TRACON& Tower with Radar,0,1,34,4,39,0,0,31,0,31,0,1,65,4,70,42,0,42,112
06/20/2013,MFD,OH,AGL,CE,Combined TRACON& Tower with Radar,0,0,23,1,24,0,0,27,4,31,0,0,50,5,55,6,0,6,61
06/21/2013,MFD,OH,AGL,CE,Combined TRACON& Tower with Radar,0,0,41,0,41,0,1,17,0,18,0,1,58,0,59,20,0,20,79
06/22/2013,MFD,OH,AGL,CE,Combined TRACON& Tower with Radar,0,0,29,0,29,0,0,23,0,23,0,0,52,0,52,14,0,14,66
06/23/2013,MFD,OH,AGL,CE,Combined TRACON& Tower with Radar,0,0,10,0,10,0,0,7,0,7,0,0,17,0,17,0,0,0,17
06/24/2013,MFD,OH,AGL,CE,Combined TRACON& Tower with Radar,0,2,4,0,6,0,0,14,0,14,0,2,18,0,20,20,0,20,40
06/25/2013,MFD,OH,AGL,CE,Combined TRACON& Tower with Radar,0,0,13,14,27,0,0,13,10,23,0,0,26,24,50,18,2,20,70
06/26/2013,MFD,OH,AGL,CE,Combined TRACON& Tower with Radar,0,2,24,8,34,0,0,6,14,20,0,2,30,22,54,6,18,24,78
06/27/2013,MFD,OH,AGL,CE,Combined TRACON& Tower with Radar,0,0,9,12,21,0,0,3,2,5,0,0,12,14,26,4,10,14,40
06/28/2013,MFD,OH,AGL,CE,Combined TRACON& Tower with Radar,0,0,13,4,17,0,0,4,0,4,0,0,17,4,21,12,0,12,33
06/29/2013,MFD,OH,AGL,CE,Combined TRACON& Tower with Radar,0,0,12,1,13,0,0,7,0,7,0,0,19,1,20,0,0,0,20
06/30/2013,MFD,OH,AGL,CE,Combined TRACON& Tower with Radar,0,0,9,2,11,0,0,0,0,0,0,0,9,2,11,0,0,0,11
07/01/2013,MFD,OH,AGL,CE,Combined TRACON& Tower with Radar,0,0,9,28,37,0,0,0,1,1,0,0,9,29,38,0,0,0,38
07/02/2013,MFD,OH,AGL,CE,Combined TRACON& Tower with Radar,0,0,30,6,36,0,0,8,4,12,0,0,38,10,48,0,34,34,82
07/03/2013,MFD,OH,AGL,CE,Combined TRACON& Tower with Radar,0,0,22,6,28,0,0,6,0,6,0,0,28,6,34,10,4,14,48
07/04/2013,MFD,OH,AGL,CE,Combined TRACON& Tower with Radar,0,2,6,0,8,0,2,3,0,5,0,4,9,0,13,0,0,0,13
07/05/2013,MFD,OH,AGL,CE,Combined TRACON& Tower with Radar,0,1,11,0,12,0,0,2,0,2,0,1,13,0,14,0,0,0,14
07/06/2013,MFD,OH,AGL,CE,Combined TRACON& Tower with Radar,0,0,10,0,10,0,0,8,0,8,0,0,18,0,18,18,0,18,36
07/07/2013,MFD,OH,AGL,CE,Combined TRACON& Tower with Radar,0,2,5,0,7,0,0,3,0,3,0,2,8,0,10,0,0,0,10
07/08/2013,MFD,OH,AGL,CE,Combined TRACON& Tower with Radar,0,0,6,0,6,0,0,6,0,6,0,0,12,0,12,12,0,12,24
07/09/2013,MFD,OH,AGL,CE,Combined TRACON& Tower with Radar,0,0,20,2,22,0,0,4,0,4,0,0,24,2,26,46,0,46,72
07/10/2013,MFD,OH,AGL,CE,Combined TRACON& Tower with Radar,0,0,8,2,10,0,0,7,2,9,0,0,15,4,19,6,0,6,25
07/11/2013,MFD,OH,AGL,CE,Combined TRACON& Tower with Radar,0,5,9,2,16,0,1,23,1,25,0,6,32,3,41,24,0,24,65
07/12/2013,MFD,OH,AGL,CE,Combined TRACON& Tower with Radar,0,14,14,1,29,0,0,25,1,26,0,14,39,2,55,4,2,6,61
07/13/2013,MFD,OH,AGL,CE,Combined TRACON& Tower with Radar,0,0,29,6,35,0,0,49,0,49,0,0,78,6,84,0,0,0,84
07/14/2013,MFD,OH,AGL,CE,Combined TRACON& Tower with Radar,0,2,27,0,29,0,0,33,0,33,0,2,60,0,62,0,0,0,62
07/15/2013,MFD,OH,AGL,CE,Combined TRACON& Tower with Radar,0,0,18,2,20,0,0,18,3,21,0,0,36,5,41,30,0,30,71
07/16/2013,MFD,OH,AGL,CE,Combined TRACON& Tower with Radar,0,0,23,1,24,0,1,14,0,15,0,1,37,1,39,4,0,4,43
07/17/2013,MFD,OH,AGL,CE,Combined TRACON& Tower with Radar,0,0,8,9,17,0,0,16,2,18,0,0,24,11,35,28,10,38,73
07/18/2013,MFD,OH,AGL,CE,Combined TRACON& Tower with Radar,0,0,17,5,22,0,1,15,2,18,0,1,32,7,40,24,14,38,78
07/19/2013,MFD,OH,AGL,CE,Combined TRACON& Tower with Radar,0,0,21,0,21,0,0,12,0,12,0,0,33,0,33,16,0,16,49
07/20/2013,MFD,OH,AGL,CE,Combined TRACON& Tower with Radar,0,0,8,0,8,0,0,1,0,1,0,0,9,0,9,26,0,26,35
07/21/2013,MFD,OH,AGL,CE,Combined TRACON& Tower with Radar,0,0,13,0,13,0,0,14,0,14,0,0,27,0,27,4,0,4,31
07/22/2013,MFD,OH,AGL,CE,Combined TRACON& Tower with Radar,0,2,7,0,9,0,0,1,0,1,0,2,8,0,10,0,0,0,10
07/23/2013,MFD,OH,AGL,CE,Combined TRACON& Tower with Radar,0,0,18,2,20,0,1,11,1,13,0,1,29,3,33,0,0,0,33
07/24/2013,MFD,OH,AGL,CE,Combined TRACON& Tower with Radar,0,0,36,3,39,0,0,25,3,28,0,0,61,6,67,62,0,62,129
07/25/2013,MFD,OH,AGL,CE,Combined TRACON& Tower with Radar,0,2,24,4,30,0,0,18,0,18,0,2,42,4,48,26,0,26,74
07/26/2013,MFD,OH,AGL,CE,Combined TRACON& Tower with Radar,0,0,21,6,27,0,0,21,0,21,0,0,42,6,48,36,0,36,84
07/27/2013,MFD,OH,AGL,CE,Combined TRACON& Tower with Radar,0,2,14,0,16,0,0,0,0,0,0,2,14,0,16,0,0,0,16
07/28/2013,MFD,OH,AGL,CE,Combined TRACON& Tower with Radar,0,4,22,0,26,0,0,17,0,17,0,4,39,0,43,15,0,15,58
07/29/2013,MFD,OH,AGL,CE,Combined TRACON& Tower with Radar,0,0,15,0,15,0,0,13,0,13,0,0,28,0,28,28,0,28,56
07/30/2013,MFD,OH,AGL,CE,Combined TRACON& Tower with Radar,0,0,48,6,54,0,0,30,3,33,0,0,78,9,87,36,2,38,125
07/31/2013,MFD,OH,AGL,CE,Combined TRACON& Tower with Radar,0,6,24,4,34,0,0,5,3,8,0,6,29,7,42,26,10,36,78
08/01/2013,MFD,OH,AGL,CE,Combined TRACON& Tower with Radar,0,2,38,11,51,0,0,21,5,26,0,2,59,16,77,20,16,36,113
08/02/2013,MFD,OH,AGL,CE,Combined TRACON& Tower with Radar,0,2,28,1,31,0,0,17,2,19,0,2,45,3,50,0,0,0,50
08/03/2013,MFD,OH,AGL,CE,Combined TRACON& Tower with Radar,0,2,25,2,29,0,0,12,0,12,0,2,37,2,41,8,0,8,49
08/04/2013,MFD,OH,AGL,CE,Combined TRACON& Tower with Radar,0,7,62,2,71,0,1,27,0,28,0,8,89,2,99,3,0,3,102
08/05/2013,MFD,OH,AGL,CE,Combined TRACON& Tower with Radar,0,1,21,5,27,0,0,26,0,26,0,1,47,5,53,42,0,42,95
08/06/2013,MFD,OH,AGL,CE,Combined TRACON& Tower with Radar,0,0,20,3,23,0,0,16,1,17,0,0,36,4,40,6,0,6,46
08/07/2013,MFD,OH,AGL,CE,Combined TRACON& Tower with Radar,0,0,11,13,24,0,0,0,2,2,0,0,11,15,26,0,0,0,26
08/08/2013,MFD,OH,AGL,CE,Combined TRACON& Tower with Radar,0,0,6,0,6,0,0,0,0,0,0,0,6,0,6,0,0,0,6
08/09/2013,MFD,OH,AGL,CE,Combined TRACON& Tower with Radar,0,4,24,0,28,0,2,19,0,21,0,6,43,0,49,12,0,12,61
08/10/2013,MFD,OH,AGL,CE,Combined TRACON& Tower with Radar,0,1,27,0,28,0,0,38,0,38,0,1,65,0,66,24,0,24,90
08/11/2013,MFD,OH,AGL,CE,Combined TRACON& Tower with Radar,0,3,21,5,29,0,0,33,0,33,0,3,54,5,62,4,0,4,66
08/12/2013,MFD,OH,AGL,CE,Combined TRACON& Tower with Radar,0,0,13,1,14,0,2,12,0,14,0,2,25,1,28,0,0,0,28
08/13/2013,MFD,OH,AGL,CE,Combined TRACON& Tower with Radar,0,1,21,0,22,0,1,13,0,14,0,2,34,0,36,0,0,0,36
08/14/2013,MFD,OH,AGL,CE,Combined TRACON& Tower with Radar,0,4,35,1,40,0,1,30,0,31,0,5,65,1,71,56,0,56,127
08/15/2013,MFD,OH,AGL,CE,Combined TRACON& Tower with Radar,0,2,30,0,32,0,1,39,0,40,0,3,69,0,72,22,0,22,94
08/16/2013,MFD,OH,AGL,CE,Combined TRACON& Tower with Radar,0,0,20,0,20,0,0,31,0,31,0,0,51,0,51,0,0,0,51
08/17/2013,MFD,OH,AGL,CE,Combined TRACON& Tower with Radar,0,0,32,0,32,0,0,30,0,30,0,0,62,0,62,20,0,20,82
08/18/2013,MFD,OH,AGL,CE,Combined TRACON& Tower with Radar,0,1,14,0,15,0,0,18,0,18,0,1,32,0,33,0,0,0,33
08/19/2013,MFD,OH,AGL,CE,Combined TRACON& Tower with Radar,0,1,17,3,21,0,0,20,1,21,0,1,37,4,42,14,0,14,56
08/20/2013,MFD,OH,AGL,CE,Combined TRACON& Tower with Radar,0,2,19,0,21,0,0,11,0,11,0,2,30,0,32,14,0,14,46
08/21/2013,MFD,OH,AGL,CE,Combined TRACON& Tower with Radar,0,0,17,0,17,0,0,15,0,15,0,0,32,0,32,0,0,0,32
08/22/2013,MFD,OH,AGL,CE,Combined TRACON& Tower with Radar,0,0,27,2,29,0,0,6,0,6,0,0,33,2,35,12,0,12,47
08/23/2013,MFD,OH,AGL,CE,Combined TRACON& Tower with Radar,0,0,14,0,14,0,0,8,0,8,0,0,22,0,22,18,0,18,40
08/24/2013,MFD,OH,AGL,CE,Combined TRACON& Tower with Radar,0,0,22,0,22,0,0,36,0,36,0,0,58,0,58,4,0,4,62
08/25/2013,MFD,OH,AGL,CE,Combined TRACON& Tower with Radar,0,0,25,0,25,0,0,35,0,35,0,0,60,0,60,2,0,2,62
08/26/2013,MFD,OH,AGL,CE,Combined TRACON& Tower with Radar,0,0,16,0,16,0,0,21,0,21,0,0,37,0,37,16,0,16,53
08/27/2013,MFD,OH,AGL,CE,Combined TRACON& Tower with Radar,0,2,15,0,17,0,0,2,0,2,0,2,17,0,19,10,0,10,29
08/28/2013,MFD,OH,AGL,CE,Combined TRACON& Tower with Radar,0,10,21,15,46,0,0,3,3,6,0,10,24,18,52,0,22,22,74
08/29/2013,MFD,OH,AGL,CE,Combined TRACON& Tower with Radar,0,0,13,0,13,0,0,11,0,11,0,0,24,0,24,22,0,22,46
08/30/2013,MFD,OH,AGL,CE,Combined TRACON& Tower with Radar,0,0,21,0,21,0,0,14,0,14,0,0,35,0,35,0,0,0,35
08/31/2013,MFD,OH,AGL,CE,Combined TRACON& Tower with Radar,0,0,15,0,15,0,1,12,0,13,0,1,27,0,28,4,0,4,32
09/01/2013,MFD,OH,AGL,CE,Combined TRACON& Tower with Radar,0,0,4,0,4,0,0,6,0,6,0,0,10,0,10,2,0,2,12
09/02/2013,MFD,OH,AGL,CE,Combined TRACON& Tower with Radar,0,0,6,0,6,0,1,9,0,10,0,1,15,0,16,12,0,12,28
09/03/2013,MFD,OH,AGL,CE,Combined TRACON& Tower with Radar,0,0,9,5,14,0,0,14,0,14,0,0,23,5,28,0,0,0,28
09/04/2013,MFD,OH,AGL,CE,Combined TRACON& Tower with Radar,0,2,26,0,28,0,0,23,1,24,0,2,49,1,52,54,0,54,106
09/05/2013,MFD,OH,AGL,CE,Combined TRACON& Tower with Radar,0,0,12,0,12,0,0,12,0,12,0,0,24,0,24,20,0,20,44
09/06/2013,MFD,OH,AGL,CE,Combined TRACON& Tower with Radar,0,0,27,0,27,0,0,19,0,19,0,0,46,0,46,46,0,46,92
09/07/2013,MFD,OH,AGL,CE,Combined TRACON& Tower with Radar,0,0,28,0,28,0,0,25,0,25,0,0,53,0,53,6,0,6,59
09/08/2013,MFD,OH,AGL,CE,Combined TRACON& Tower with Radar,0,0,13,0,13,0,0,8,0,8,0,0,21,0,21,40,0,40,61
09/09/2013,MFD,OH,AGL,CE,Combined TRACON& Tower with Radar,0,0,27,6,33,0,2,17,0,19,0,2,44,6,52,20,0,20,72
09/10/2013,MFD,OH,AGL,CE,Combined TRACON& Tower with Radar,0,0,47,0,47,0,0,26,0,26,0,0,73,0,73,24,0,24,97
09/11/2013,MFD,OH,AGL,CE,Combined TRACON& Tower with Radar,0,0,20,6,26,0,3,21,0,24,0,3,41,6,50,18,0,18,68
09/12/2013,MFD,OH,AGL,CE,Combined TRACON& Tower with Radar,0,0,14,2,16,0,0,3,4,7,0,0,17,6,23,0,0,0,23
09/13/2013,MFD,OH,AGL,CE,Combined TRACON& Tower with Radar,0,2,17,0,19,0,0,13,2,15,0,2,30,2,34,18,0,18,52
09/14/2013,MFD,OH,AGL,CE,Combined TRACON& Tower with Radar,0,0,11,0,11,0,0,32,0,32,0,0,43,0,43,20,0,20,63
09/15/2013,MFD,OH,AGL,CE,Combined TRACON& Tower with Radar,0,0,18,0,18,0,0,14,0,14,0,0,32,0,32,6,0,6,38
09/16/2013,MFD,OH,AGL,CE,Combined TRACON& Tower with Radar,0,6,8,0,14,0,0,6,0,6,0,6,14,0,20,16,0,16,36
09/17/2013,MFD,OH,AGL,CE,Combined TRACON& Tower with Radar,0,0,21,0,21,0,0,18,0,18,0,0,39,0,39,18,0,18,57
09/18/2013,MFD,OH,AGL,CE,Combined TRACON& Tower with Radar,0,0,26,0,26,0,2,28,0,30,0,2,54,0,56,34,0,34,90
09/19/2013,MFD,OH,AGL,CE,Combined TRACON& Tower with Radar,0,0,12,4,16,0,0,0,0,0,0,0,12,4,16,8,0,8,24
09/20/2013,MFD,OH,AGL,CE,Combined TRACON& Tower with Radar,0,0,14,2,16,0,0,5,0,5,0,0,19,2,21,12,0,12,33
09/21/2013,MFD,OH,AGL,CE,Combined TRACON& Tower with Radar,0,0,13,0,13,0,0,4,1,5,0,0,17,1,18,0,0,0,18
09/22/2013,MFD,OH,AGL,CE,Combined TRACON& Tower with Radar,0,0,23,0,23,0,0,19,0,19,0,0,42,0,42,8,0,8,50
09/23/2013,MFD,OH,AGL,CE,Combined TRACON& Tower with Radar,0,0,37,0,37,0,0,14,0,14,0,0,51,0,51,42,0,42,93
09/24/2013,MFD,OH,AGL,CE,Combined TRACON& Tower with Radar,0,1,29,0,30,0,1,26,0,27,0,2,55,0,57,6,0,6,63
09/25/2013,MFD,OH,AGL,CE,Combined TRACON& Tower with Radar,0,1,25,23,49,0,0,22,3,25,0,1,47,26,74,46,4,50,124
09/26/2013,MFD,OH,AGL,CE,Combined TRACON& Tower with Radar,0,2,23,2,27,0,0,40,0,40,0,2,63,2,67,40,0,40,107
09/27/2013,MFD,OH,AGL,CE,Combined TRACON& Tower with Radar,0,2,5,5,12,0,0,15,0,15,0,2,20,5,27,2,2,4,31
09/28/2013,MFD,OH,AGL,CE,Combined TRACON& Tower with Radar,0,0,24,0,24,0,0,31,0,31,0,0,55,0,55,12,0,12,67
09/29/2013,MFD,OH,AGL,CE,Combined TRACON& Tower with Radar,0,0,16,0,16,0,0,11,0,11,0,0,27,0,27,0,0,0,27
09/30/2013,MFD,OH,AGL,CE,Combined TRACON& Tower with Radar,0,2,16,0,18,0,0,0,0,0,0,2,16,0,18,22,0,22,40
10/01/2013,MFD,OH,AGL,CE,Combined TRACON& Tower with Radar,0,4,10,0,14,0,0,8,0,8,0,4,18,0,22,0,0,0,22
10/02/2013,MFD,OH,AGL,CE,Combined TRACON& Tower with Radar,0,0,33,0,33,0,0,18,0,18,0,0,51,0,51,8,0,8,59
10/03/2013,MFD,OH,AGL,CE,Combined TRACON& Tower with Radar,0,0,5,0,5,0,0,0,0,0,0,0,5,0,5,0,0,0,5
10/04/2013,MFD,OH,AGL,CE,Combined TRACON& Tower with Radar,0,4,9,0,13,0,0,7,0,7,0,4,16,0,20,0,0,0,20
10/05/2013,MFD,OH,AGL,CE,Combined TRACON& Tower with Radar,0,2,0,0,2,0,0,16,0,16,0,2,16,0,18,0,0,0,18
10/06/2013,MFD,OH,AGL,CE,Combined TRACON& Tower with Radar,0,0,3,0,3,0,0,2,0,2,0,0,5,0,5,0,0,0,5
10/07/2013,MFD,OH,AGL,CE,Combined TRACON& Tower with Radar,0,0,25,0,25,0,0,9,0,9,0,0,34,0,34,6,0,6,40
10/08/2013,MFD,OH,AGL,CE,Combined TRACON& Tower with Radar,0,0,30,0,30,0,0,23,0,23,0,0,53,0,53,10,0,10,63
10/09/2013,MFD,OH,AGL,CE,Combined TRACON& Tower with Radar,0,1,34,0,35,0,0,17,0,17,0,1,51,0,52,14,0,14,66
10/10/2013,MFD,OH,AGL,CE,Combined TRACON& Tower with Radar,0,2,19,0,21,0,1,17,0,18,0,3,36,0,39,10,0,10,49
10/11/2013,MFD,OH,AGL,CE,Combined TRACON& Tower with Radar,0,4,19,0,23,0,0,16,0,16,0,4,35,0,39,10,0,10,49
10/12/2013,MFD,OH,AGL,CE,Combined TRACON& Tower with Radar,0,0,19,0,19,0,0,29,0,29,0,0,48,0,48,14,0,14,62
10/13/2013,MFD,OH,AGL,CE,Combined TRACON& Tower with Radar,0,0,4,0,4,0,0,1,0,1,0,0,5,0,5,0,0,0,5
10/14/2013,MFD,OH,AGL,CE,Combined TRACON& Tower with Radar,0,0,29,0,29,0,1,26,0,27,0,1,55,0,56,28,0,28,84
10/15/2013,MFD,OH,AGL,CE,Combined TRACON& Tower with Radar,0,1,12,0,13,0,0,0,0,0,0,1,12,0,13,18,0,18,31
10/16/2013,MFD,OH,AGL,CE,Combined TRACON& Tower with Radar,0,1,17,0,18,0,0,4,0,4,0,1,21,0,22,0,0,0,22
10/17/2013,MFD,OH,AGL,CE,Combined TRACON& Tower with Radar,0,5,13,2,20,0,0,3,0,3,0,5,16,2,23,18,0,18,41
10/18/2013,MFD,OH,AGL,CE,Combined TRACON& Tower with Radar,0,1,27,0,28,0,0,10,0,10,0,1,37,0,38,10,0,10,48
10/19/2013,MFD,OH,AGL,CE,Combined TRACON& Tower with Radar,0,3,4,0,7,0,0,5,0,5,0,3,9,0,12,10,0,10,22
10/20/2013,MFD,OH,AGL,CE,Combined TRACON& Tower with Radar,0,0,6,0,6,0,0,12,0,12,0,0,18,0,18,20,0,20,38
10/21/2013,MFD,OH,AGL,CE,Combined TRACON& Tower with Radar,0,0,11,0,11,0,0,12,0,12,0,0,23,0,23,0,0,0,23
10/22/2013,MFD,OH,AGL,CE,Combined TRACON& Tower with Radar,0,0,30,2,32,0,0,29,0,29,0,0,59,2,61,16,0,16,77
10/23/2013,MFD,OH,AGL,CE,Combined TRACON& Tower with Radar,0,0,4,0,4,0,0,0,0,0,0,0,4,0,4,0,0,0,4
10/24/2013,MFD,OH,AGL,CE,Combined TRACON& Tower with Radar,0,0,15,4,19,0,0,2,4,6,0,0,17,8,25,14,0,14,39
10/25/2013,MFD,OH,AGL,CE,Combined TRACON& Tower with Radar,0,1,3,2,6,0,0,4,0,4,0,1,7,2,10,16,0,16,26
10/26/2013,MFD,OH,AGL,CE,Combined TRACON& Tower with Radar,0,0,3,0,3,0,0,3,0,3,0,0,6,0,6,4,0,4,10
10/27/2013,MFD,OH,AGL,CE,Combined TRACON& Tower with Radar,0,0,19,0,19,0,0,16,0,16,0,0,35,0,35,16,0,16,51
10/28/2013,MFD,OH,AGL,CE,Combined TRACON& Tower with Radar,0,1,23,0,24,0,1,29,0,30,0,2,52,0,54,36,0,36,90
10/29/2013,MFD,OH,AGL,CE,Combined TRACON& Tower with Radar,0,1,22,4,27,0,1,20,0,21,0,2,42,4,48,10,0,10,58
10/30/2013,MFD,OH,AGL,CE,Combined TRACON& Tower with Radar,0,0,26,0,26,0,0,20,0,20,0,0,46,0,46,2,0,2,48
10/31/2013,MFD,OH,AGL,CE,Combined TRACON& Tower with Radar,0,2,6,2,10,0,0,0,0,0,0,2,6,2,10,0,0,0,10
11/01/2013,MFD,OH,AGL,CE,Combined TRACON& Tower with Radar,0,0,6,2,8,0,0,0,0,0,0,0,6,2,8,0,0,0,8
11/02/2013,MFD,OH,AGL,CE,Combined TRACON& Tower with Radar,0,0,3,0,3,0,0,0,0,0,0,0,3,0,3,0,0,0,3
11/03/2013,MFD,OH,AGL,CE,Combined TRACON& Tower with Radar,0,0,16,0,16,0,0,17,0,17,0,0,33,0,33,8,0,8,41
11/04/2013,MFD,OH,AGL,CE,Combined TRACON& Tower with Radar,0,0,5,0,5,0,3,18,1,22,0,3,23,1,27,4,0,4,31
11/05/2013,MFD,OH,AGL,CE,Combined TRACON& Tower with Radar,0,9,14,12,35,0,4,13,3,20,0,13,27,15,55,18,26,44,99
11/06/2013,MFD,OH,AGL,CE,Combined TRACON& Tower with Radar,0,4,6,10,20,0,0,3,0,3,0,4,9,10,23,0,2,2,25
11/07/2013,MFD,OH,AGL,CE,Combined TRACON& Tower with Radar,0,4,16,6,26,0,0,2,0,2,0,4,18,6,28,6,2,8,36
11/08/2013,MFD,OH,AGL,CE,Combined TRACON& Tower with Radar,0,2,14,6,22,0,1,15,0,16,0,3,29,6,38,0,0,0,38
11/09/2013,MFD,OH,AGL,CE,Combined TRACON& Tower with Radar,0,0,9,0,9,0,0,4,0,4,0,0,13,0,13,0,0,0,13
11/10/2013,MFD,OH,AGL,CE,Combined TRACON& Tower with Radar,0,4,15,0,19,0,0,18,0,18,0,4,33,0,37,0,0,0,37
11/11/2013,MFD,OH,AGL,CE,Combined TRACON& Tower with Radar,0,0,6,0,6,0,0,0,0,0,0,0,6,0,6,0,0,0,6
11/12/2013,MFD,OH,AGL,CE,Combined TRACON& Tower with Radar,0,0,5,5,10,0,0,2,10,12,0,0,7,15,22,4,22,26,48
11/13/2013,MFD,OH,AGL,CE,Combined TRACON& Tower with Radar,0,0,18,6,24,0,0,10,2,12,0,0,28,8,36,48,20,68,104
11/14/2013,MFD,OH,AGL,CE,Combined TRACON& Tower with Radar,0,4,18,7,29,0,0,5,6,11,0,4,23,13,40,0,26,26,66
11/15/2013,MFD,OH,AGL,CE,Combined TRACON& Tower with Radar,0,0,10,0,10,0,0,21,0,21,0,0,31,0,31,12,0,12,43
11/16/2013,MFD,OH,AGL,CE,Combined TRACON& Tower with Radar,0,0,17,0,17,0,0,14,0,14,0,0,31,0,31,32,0,32,63
11/17/2013,MFD,OH,AGL,CE,Combined TRACON& Tower with Radar,0,0,0,0,0,0,0,0,0,0,0,0,0,0,0,0,0,0,0
11/18/2013,MFD,OH,AGL,CE,Combined TRACON& Tower with Radar,0,1,10,12,23,0,0,0,5,5,0,1,10,17,28,0,12,12,40
11/19/2013,MFD,OH,AGL,CE,Combined TRACON& Tower with Radar,0,4,29,13,46,0,0,13,3,16,0,4,42,16,62,0,36,36,98
11/20/2013,MFD,OH,AGL,CE,Combined TRACON& Tower with Radar,0,2,23,5,30,0,1,27,0,28,0,3,50,5,58,10,0,10,68
11/21/2013,MFD,OH,AGL,CE,Combined TRACON& Tower with Radar,0,2,10,6,18,0,0,1,0,1,0,2,11,6,19,26,6,32,51
11/22/2013,MFD,OH,AGL,CE,Combined TRACON& Tower with Radar,0,0,2,3,5,0,0,0,0,0,0,0,2,3,5,0,0,0,5
11/23/2013,MFD,OH,AGL,CE,Combined TRACON& Tower with Radar,0,0,9,0,9,0,0,6,0,6,0,0,15,0,15,34,0,34,49
11/24/2013,MFD,OH,AGL,CE,Combined TRACON& Tower with Radar,0,0,3,0,3,0,0,8,0,8,0,0,11,0,11,0,0,0,11
11/25/2013,MFD,OH,AGL,CE,Combined TRACON& Tower with Radar,0,2,18,0,20,0,0,12,0,12,0,2,30,0,32,6,0,6,38
11/26/2013,MFD,OH,AGL,CE,Combined TRACON& Tower with Radar,0,0,19,1,20,0,0,1,1,2,0,0,20,2,22,18,0,18,40
11/27/2013,MFD,OH,AGL,CE,Combined TRACON& Tower with Radar,0,0,4,6,10,0,0,4,2,6,0,0,8,8,16,0,0,0,16
11/28/2013,MFD,OH,AGL,CE,Combined TRACON& Tower with Radar,0,0,6,0,6,0,0,4,0,4,0,0,10,0,10,0,0,0,10
11/29/2013,MFD,OH,AGL,CE,Combined TRACON& Tower with Radar,0,0,8,0,8,0,0,25,0,25,0,0,33,0,33,2,0,2,35
11/30/2013,MFD,OH,AGL,CE,Combined TRACON& Tower with Radar,0,0,10,0,10,0,0,24,0,24,0,0,34,0,34,12,0,12,46
12/01/2013,MFD,OH,AGL,CE,Combined TRACON& Tower with Radar,0,0,10,0,10,0,0,11,0,11,0,0,21,0,21,2,0,2,23
12/02/2013,MFD,OH,AGL,CE,Combined TRACON& Tower with Radar,0,2,4,0,6,0,0,3,0,3,0,2,7,0,9,0,0,0,9
12/03/2013,MFD,OH,AGL,CE,Combined TRACON& Tower with Radar,0,2,7,8,17,0,0,13,2,15,0,2,20,10,32,0,22,22,54
12/04/2013,MFD,OH,AGL,CE,Combined TRACON& Tower with Radar,0,0,10,9,19,0,0,4,3,7,0,0,14,12,26,30,32,62,88
12/05/2013,MFD,OH,AGL,CE,Combined TRACON& Tower with Radar,0,2,13,10,25,0,0,2,0,2,0,2,15,10,27,36,9,45,72
12/06/2013,MFD,OH,AGL,CE,Combined TRACON& Tower with Radar,0,0,1,0,1,0,0,0,8,8,0,0,1,8,9,0,4,4,13
12/07/2013,MFD,OH,AGL,CE,Combined TRACON& Tower with Radar,0,0,10,0,10,0,0,13,0,13,0,0,23,0,23,2,0,2,25
12/08/2013,MFD,OH,AGL,CE,Combined TRACON& Tower with Radar,0,0,8,4,12,0,0,0,2,2,0,0,8,6,14,0,12,12,26
12/09/2013,MFD,OH,AGL,CE,Combined TRACON& Tower with Radar,0,0,6,0,6,0,0,0,0,0,0,0,6,0,6,0,0,0,6
12/10/2013,MFD,OH,AGL,CE,Combined TRACON& Tower with Radar,0,2,8,2,12,0,0,8,10,18,0,2,16,12,30,4,12,16,46
12/11/2013,MFD,OH,AGL,CE,Combined TRACON& Tower with Radar,0,1,4,5,10,0,1,2,1,4,0,2,6,6,14,0,0,0,14
12/12/2013,MFD,OH,AGL,CE,Combined TRACON& Tower with Radar,0,1,15,6,22,0,2,7,13,22,0,3,22,19,44,0,40,40,84
12/13/2013,MFD,OH,AGL,CE,Combined TRACON& Tower with Radar,0,0,24,0,24,0,0,25,0,25,0,0,49,0,49,4,0,4,53
12/14/2013,MFD,OH,AGL,CE,Combined TRACON& Tower with Radar,0,0,0,0,0,0,0,0,0,0,0,0,0,0,0,0,0,0,0
12/15/2013,MFD,OH,AGL,CE,Combined TRACON& Tower with Radar,0,0,2,4,6,0,0,0,0,0,0,0,2,4,6,0,0,0,6
12/16/2013,MFD,OH,AGL,CE,Combined TRACON& Tower with Radar,0,0,28,0,28,0,0,8,0,8,0,0,36,0,36,2,0,2,38
12/17/2013,MFD,OH,AGL,CE,Combined TRACON& Tower with Radar,0,0,4,6,10,0,0,1,0,1,0,0,5,6,11,0,0,0,11
12/18/2013,MFD,OH,AGL,CE,Combined TRACON& Tower with Radar,0,1,19,1,21,0,1,13,4,18,0,2,32,5,39,28,10,38,77
12/19/2013,MFD,OH,AGL,CE,Combined TRACON& Tower with Radar,0,5,23,2,30,0,0,11,0,11,0,5,34,2,41,6,0,6,47
12/20/2013,MFD,OH,AGL,CE,Combined TRACON& Tower with Radar,0,0,6,8,14,0,0,0,0,0,0,0,6,8,14,0,0,0,14
12/21/2013,MFD,OH,AGL,CE,Combined TRACON& Tower with Radar,0,0,4,2,6,0,0,0,0,0,0,0,4,2,6,0,0,0,6
12/22/2013,MFD,OH,AGL,CE,Combined TRACON& Tower with Radar,0,2,10,0,12,0,0,0,0,0,0,2,10,0,12,0,0,0,12
12/23/2013,MFD,OH,AGL,CE,Combined TRACON& Tower with Radar,0,2,3,0,5,0,0,0,0,0,0,2,3,0,5,0,0,0,5
12/24/2013,MFD,OH,AGL,CE,Combined TRACON& Tower with Radar,0,0,0,0,0,0,0,0,0,0,0,0,0,0,0,0,0,0,0
12/25/2013,MFD,OH,AGL,CE,Combined TRACON& Tower with Radar,0,2,0,0,2,0,0,0,0,0,0,2,0,0,2,0,0,0,2
12/26/2013,MFD,OH,AGL,CE,Combined TRACON& Tower with Radar,0,3,11,2,16,0,1,3,0,4,0,4,14,2,20,16,0,16,36
12/27/2013,MFD,OH,AGL,CE,Combined TRACON& Tower with Radar,0,0,30,9,39,0,0,15,3,18,0,0,45,12,57,4,6,10,67
12/28/2013,MFD,OH,AGL,CE,Combined TRACON& Tower with Radar,0,4,31,0,35,0,0,37,0,37,0,4,68,0,72,2,0,2,74
12/29/2013,MFD,OH,AGL,CE,Combined TRACON& Tower with Radar,0,0,4,0,4,0,0,0,0,0,0,0,4,0,4,0,0,0,4
12/30/2013,MFD,OH,AGL,CE,Combined TRACON& Tower with Radar,0,0,10,0,10,0,0,1,0,1,0,0,11,0,11,14,0,14,25
12/31/2013,MFD,OH,AGL,CE,Combined TRACON& Tower with Radar,0,0,4,8,12,0,0,0,0,0,0,0,4,8,12,0,0,0,12
01/01/2014,MFD,OH,AGL,CE,Combined TRACON& Tower with Radar,0,0,1,0,1,0,0,1,0,1,0,0,2,0,2,0,0,0,2
01/02/2014,MFD,OH,AGL,CE,Combined TRACON& Tower with Radar,0,1,0,0,1,0,0,0,0,0,0,1,0,0,1,0,0,0,1
01/03/2014,MFD,OH,AGL,CE,Combined TRACON& Tower with Radar,0,5,9,0,14,0,4,5,0,9,0,9,14,0,23,0,0,0,23
01/04/2014,MFD,OH,AGL,CE,Combined TRACON& Tower with Radar,0,0,11,0,11,0,0,6,0,6,0,0,17,0,17,6,0,6,23
01/05/2014,MFD,OH,AGL,CE,Combined TRACON& Tower with Radar,0,2,2,0,4,0,0,6,0,6,0,2,8,0,10,0,0,0,10
01/06/2014,MFD,OH,AGL,CE,Combined TRACON& Tower with Radar,0,0,1,0,1,0,0,0,0,0,0,0,1,0,1,0,0,0,1
01/07/2014,MFD,OH,AGL,CE,Combined TRACON& Tower with Radar,0,2,3,0,5,0,0,0,1,1,0,2,3,1,6,0,0,0,6
01/08/2014,MFD,OH,AGL,CE,Combined TRACON& Tower with Radar,0,0,8,0,8,0,0,4,1,5,0,0,12,1,13,4,0,4,17
01/09/2014,MFD,OH,AGL,CE,Combined TRACON& Tower with Radar,0,2,4,5,11,0,0,2,1,3,0,2,6,6,14,2,0,2,16
01/10/2014,MFD,OH,AGL,CE,Combined TRACON& Tower with Radar,0,0,3,2,5,0,0,0,0,0,0,0,3,2,5,0,0,0,5
01/11/2014,MFD,OH,AGL,CE,Combined TRACON& Tower with Radar,0,0,0,3,3,0,0,0,0,0,0,0,0,3,3,0,0,0,3
01/12/2014,MFD,OH,AGL,CE,Combined TRACON& Tower with Radar,0,0,16,4,20,0,0,6,0,6,0,0,22,4,26,0,0,0,26
01/13/2014,MFD,OH,AGL,CE,Combined TRACON& Tower with Radar,0,2,9,0,11,0,0,10,0,10,0,2,19,0,21,0,0,0,21
01/14/2014,MFD,OH,AGL,CE,Combined TRACON& Tower with Radar,0,0,31,6,37,0,0,13,0,13,0,0,44,6,50,20,0,20,70
01/15/2014,MFD,OH,AGL,CE,Combined TRACON& Tower with Radar,0,0,6,2,8,0,0,1,1,2,0,0,7,3,10,0,0,0,10
01/16/2014,MFD,OH,AGL,CE,Combined TRACON& Tower with Radar,0,0,6,1,7,0,0,2,0,2,0,0,8,1,9,0,0,0,9
01/17/2014,MFD,OH,AGL,CE,Combined TRACON& Tower with Radar,0,0,7,0,7,0,0,0,0,0,0,0,7,0,7,0,0,0,7
01/18/2014,MFD,OH,AGL,CE,Combined TRACON& Tower with Radar,0,0,12,0,12,0,0,6,0,6,0,0,18,0,18,0,0,0,18
01/19/2014,MFD,OH,AGL,CE,Combined TRACON& Tower with Radar,0,4,6,0,10,0,0,1,0,1,0,4,7,0,11,0,0,0,11
01/20/2014,MFD,OH,AGL,CE,Combined TRACON& Tower with Radar,0,0,2,0,2,0,0,1,1,2,0,0,3,1,4,0,0,0,4
01/21/2014,MFD,OH,AGL,CE,Combined TRACON& Tower with Radar,0,0,8,4,12,0,0,0,10,10,0,0,8,14,22,0,14,14,36
01/22/2014,MFD,OH,AGL,CE,Combined TRACON& Tower with Radar,0,0,29,8,37,0,0,6,0,6,0,0,35,8,43,0,0,0,43
01/23/2014,MFD,OH,AGL,CE,Combined TRACON& Tower with Radar,0,0,18,12,30,0,0,5,0,5,0,0,23,12,35,0,6,6,41
01/24/2014,MFD,OH,AGL,CE,Combined TRACON& Tower with Radar,0,2,3,4,9,0,0,2,0,2,0,2,5,4,11,0,0,0,11
01/25/2014,MFD,OH,AGL,CE,Combined TRACON& Tower with Radar,0,0,1,0,1,0,0,0,0,0,0,0,1,0,1,0,0,0,1
01/26/2014,MFD,OH,AGL,CE,Combined TRACON& Tower with Radar,0,0,1,0,1,0,0,0,0,0,0,0,1,0,1,0,0,0,1
01/27/2014,MFD,OH,AGL,CE,Combined TRACON& Tower with Radar,0,0,4,2,6,0,0,0,0,0,0,0,4,2,6,0,0,0,6
01/28/2014,MFD,OH,AGL,CE,Combined TRACON& Tower with Radar,0,0,12,0,12,0,0,9,0,9,0,0,21,0,21,0,0,0,21
01/29/2014,MFD,OH,AGL,CE,Combined TRACON& Tower with Radar,0,3,15,4,22,0,0,8,0,8,0,3,23,4,30,0,0,0,30
01/30/2014,MFD,OH,AGL,CE,Combined TRACON& Tower with Radar,0,0,29,0,29,0,0,8,0,8,0,0,37,0,37,0,0,0,37
01/31/2014,MFD,OH,AGL,CE,Combined TRACON& Tower with Radar,0,4,16,2,22,0,0,7,0,7,0,4,23,2,29,10,0,10,39
02/01/2014,MFD,OH,AGL,CE,Combined TRACON& Tower with Radar,0,0,0,0,0,0,0,0,0,0,0,0,0,0,0,0,0,0,0
02/02/2014,MFD,OH,AGL,CE,Combined TRACON& Tower with Radar,0,0,0,0,0,0,0,0,0,0,0,0,0,0,0,0,0,0,0
02/03/2014,MFD,OH,AGL,CE,Combined TRACON& Tower with Radar,0,0,12,6,18,0,2,7,0,9,0,2,19,6,27,10,4,14,41
02/04/2014,MFD,OH,AGL,CE,Combined TRACON& Tower with Radar,0,0,30,4,34,0,1,9,0,10,0,1,39,4,44,0,0,0,44
02/05/2014,MFD,OH,AGL,CE,Combined TRACON& Tower with Radar,0,0,1,0,1,0,0,0,0,0,0,0,1,0,1,0,0,0,1
02/06/2014,MFD,OH,AGL,CE,Combined TRACON& Tower with Radar,0,0,20,0,20,0,0,1,2,3,0,0,21,2,23,0,0,0,23
02/07/2014,MFD,OH,AGL,CE,Combined TRACON& Tower with Radar,0,3,16,0,19,0,4,2,0,6,0,7,18,0,25,0,0,0,25
02/08/2014,MFD,OH,AGL,CE,Combined TRACON& Tower with Radar,0,0,5,2,7,0,1,7,0,8,0,1,12,2,15,8,0,8,23
02/09/2014,MFD,OH,AGL,CE,Combined TRACON& Tower with Radar,0,0,0,0,0,0,0,0,0,0,0,0,0,0,0,0,0,0,0
02/10/2014,MFD,OH,AGL,CE,Combined TRACON& Tower with Radar,0,2,17,0,19,0,0,9,0,9,0,2,26,0,28,18,0,18,46
02/11/2014,MFD,OH,AGL,CE,Combined TRACON& Tower with Radar,0,0,10,5,15,0,0,5,0,5,0,0,15,5,20,10,0,10,30
02/12/2014,MFD,OH,AGL,CE,Combined TRACON& Tower with Radar,0,0,13,2,15,0,2,24,0,26,0,2,37,2,41,12,0,12,53
02/13/2014,MFD,OH,AGL,CE,Combined TRACON& Tower with Radar,0,0,28,0,28,0,0,28,0,28,0,0,56,0,56,24,0,24,80
02/14/2014,MFD,OH,AGL,CE,Combined TRACON& Tower with Radar,0,0,2,0,2,0,0,1,0,1,0,0,3,0,3,0,0,0,3
02/15/2014,MFD,OH,AGL,CE,Combined TRACON& Tower with Radar,0,2,4,0,6,0,0,6,0,6,0,2,10,0,12,10,0,10,22
02/16/2014,MFD,OH,AGL,CE,Combined TRACON& Tower with Radar,0,0,2,0,2,0,0,0,0,0,0,0,2,0,2,0,0,0,2
02/17/2014,MFD,OH,AGL,CE,Combined TRACON& Tower with Radar,0,0,5,0,5,0,0,4,0,4,0,0,9,0,9,14,0,14,23
02/18/2014,MFD,OH,AGL,CE,Combined TRACON& Tower with Radar,0,0,6,2,8,0,0,18,0,18,0,0,24,2,26,0,0,0,26
02/19/2014,MFD,OH,AGL,CE,Combined TRACON& Tower with Radar,0,0,16,10,26,0,2,14,2,18,0,2,30,12,44,16,30,46,90
02/20/2014,MFD,OH,AGL,CE,Combined TRACON& Tower with Radar,0,0,2,0,2,0,0,0,0,0,0,0,2,0,2,0,0,0,2
02/21/2014,MFD,OH,AGL,CE,Combined TRACON& Tower with Radar,0,0,0,10,10,0,0,0,4,4,0,0,0,14,14,0,10,10,24
02/22/2014,MFD,OH,AGL,CE,Combined TRACON& Tower with Radar,0,0,9,0,9,0,0,6,0,6,0,0,15,0,15,0,0,0,15
02/23/2014,MFD,OH,AGL,CE,Combined TRACON& Tower with Radar,0,2,10,0,12,0,1,3,0,4,0,3,13,0,16,0,0,0,16
02/24/2014,MFD,OH,AGL,CE,Combined TRACON& Tower with Radar,0,2,22,4,28,0,0,0,0,0,0,2,22,4,28,0,0,0,28
02/25/2014,MFD,OH,AGL,CE,Combined TRACON& Tower with Radar,0,0,12,18,30,0,0,2,2,4,0,0,14,20,34,0,0,0,34
02/26/2014,MFD,OH,AGL,CE,Combined TRACON& Tower with Radar,0,2,11,9,22,0,2,0,1,3,0,4,11,10,25,0,4,4,29
02/27/2014,MFD,OH,AGL,CE,Combined TRACON& Tower with Radar,0,0,6,3,9,0,0,6,1,7,0,0,12,4,16,0,0,0,16
02/28/2014,MFD,OH,AGL,CE,Combined TRACON& Tower with Radar,0,12,21,12,45,0,6,18,1,25,0,18,39,13,70,4,18,22,92
03/01/2014,MFD,OH,AGL,CE,Combined TRACON& Tower with Radar,0,0,12,0,12,0,0,14,0,14,0,0,26,0,26,6,0,6,32
03/02/2014,MFD,OH,AGL,CE,Combined TRACON& Tower with Radar,0,1,1,0,2,0,0,0,0,0,0,1,1,0,2,0,0,0,2
03/03/2014,MFD,OH,AGL,CE,Combined TRACON& Tower with Radar,0,0,4,4,8,0,0,5,0,5,0,0,9,4,13,10,0,10,23
03/04/2014,MFD,OH,AGL,CE,Combined TRACON& Tower with Radar,0,1,17,5,23,0,1,6,12,19,0,2,23,17,42,0,0,0,42
03/05/2014,MFD,OH,AGL,CE,Combined TRACON& Tower with Radar,0,0,10,1,11,0,0,2,7,9,0,0,12,8,20,0,6,6,26
03/06/2014,MFD,OH,AGL,CE,Combined TRACON& Tower with Radar,0,0,22,0,22,0,0,22,8,30,0,0,44,8,52,8,0,8,60
03/07/2014,MFD,OH,AGL,CE,Combined TRACON& Tower with Radar,0,0,38,1,39,0,1,39,1,41,0,1,77,2,80,28,6,34,114
03/08/2014,MFD,OH,AGL,CE,Combined TRACON& Tower with Radar,0,0,10,0,10,0,1,0,0,1,0,1,10,0,11,38,0,38,49
03/09/2014,MFD,OH,AGL,CE,Combined TRACON& Tower with Radar,0,0,11,2,13,0,0,12,0,12,0,0,23,2,25,6,0,6,31
03/10/2014,MFD,OH,AGL,CE,Combined TRACON& Tower with Radar,0,2,6,7,15,0,0,6,0,6,0,2,12,7,21,12,0,12,33
03/11/2014,MFD,OH,AGL,CE,Combined TRACON& Tower with Radar,0,0,18,4,22,0,0,22,16,38,0,0,40,20,60,4,8,12,72
03/12/2014,MFD,OH,AGL,CE,Combined TRACON& Tower with Radar,0,0,2,1,3,0,0,0,0,0,0,0,2,1,3,0,0,0,3
03/13/2014,MFD,OH,AGL,CE,Combined TRACON& Tower with Radar,0,2,6,2,10,0,0,5,8,13,0,2,11,10,23,8,12,20,43
03/14/2014,MFD,OH,AGL,CE,Combined TRACON& Tower with Radar,0,0,8,23,31,0,0,3,2,5,0,0,11,25,36,0,0,0,36
03/15/2014,MFD,OH,AGL,CE,Combined TRACON& Tower with Radar,0,1,3,6,10,0,0,1,0,1,0,1,4,6,11,0,0,0,11
03/16/2014,MFD,OH,AGL,CE,Combined TRACON& Tower with Radar,0,2,16,0,18,0,0,1,0,1,0,2,17,0,19,0,0,0,19
03/17/2014,MFD,OH,AGL,CE,Combined TRACON& Tower with Radar,0,2,10,0,12,0,0,21,0,21,0,2,31,0,33,16,0,16,49
03/18/2014,MFD,OH,AGL,CE,Combined TRACON& Tower with Radar,0,0,26,12,38,0,2,25,12,39,0,2,51,24,77,0,22,22,99
03/19/2014,MFD,OH,AGL,CE,Combined TRACON& Tower with Radar,0,2,5,4,11,0,0,1,0,1,0,2,6,4,12,0,0,0,12
03/20/2014,MFD,OH,AGL,CE,Combined TRACON& Tower with Radar,0,0,3,2,5,0,0,3,8,11,0,0,6,10,16,16,2,18,34
03/21/2014,MFD,OH,AGL,CE,Combined TRACON& Tower with Radar,0,1,7,3,11,0,1,10,1,12,0,2,17,4,23,12,0,12,35
03/22/2014,MFD,OH,AGL,CE,Combined TRACON& Tower with Radar,0,0,12,0,12,0,0,12,0,12,0,0,24,0,24,0,0,0,24
03/23/2014,MFD,OH,AGL,CE,Combined TRACON& Tower with Radar,0,0,6,0,6,0,0,7,0,7,0,0,13,0,13,6,0,6,19
03/24/2014,MFD,OH,AGL,CE,Combined TRACON& Tower with Radar,0,1,5,0,6,0,0,7,0,7,0,1,12,0,13,24,0,24,37
03/25/2014,MFD,OH,AGL,CE,Combined TRACON& Tower with Radar,0,0,14,8,22,0,0,5,6,11,0,0,19,14,33,4,6,10,43
03/26/2014,MFD,OH,AGL,CE,Combined TRACON& Tower with Radar,0,2,23,13,38,0,0,15,15,30,0,2,38,28,68,8,8,16,84
03/27/2014,MFD,OH,AGL,CE,Combined TRACON& Tower with Radar,0,0,6,6,12,0,1,3,0,4,0,1,9,6,16,16,0,16,32
03/28/2014,MFD,OH,AGL,CE,Combined TRACON& Tower with Radar,0,1,7,3,11,0,0,0,1,1,0,1,7,4,12,0,2,2,14
03/29/2014,MFD,OH,AGL,CE,Combined TRACON& Tower with Radar,0,0,0,11,11,0,0,0,0,0,0,0,0,11,11,0,0,0,11
03/30/2014,MFD,OH,AGL,CE,Combined TRACON& Tower with Radar,0,0,19,3,22,0,0,20,0,20,0,0,39,3,42,0,0,0,42
03/31/2014,MFD,OH,AGL,CE,Combined TRACON& Tower with Radar,0,0,22,2,24,0,2,35,0,37,0,2,57,2,61,14,0,14,75
04/01/2014,MFD,OH,AGL,CE,Combined TRACON& Tower with Radar,0,0,12,3,15,0,1,0,14,15,0,1,12,17,30,0,2,2,32
04/02/2014,MFD,OH,AGL,CE,Combined TRACON& Tower with Radar,0,0,16,8,24,0,0,15,12,27,0,0,31,20,51,14,12,26,77
04/03/2014,MFD,OH,AGL,CE,Combined TRACON& Tower with Radar,0,2,1,2,5,0,0,0,0,0,0,2,1,2,5,0,0,0,5
04/04/2014,MFD,OH,AGL,CE,Combined TRACON& Tower with Radar,0,0,13,0,13,0,0,0,0,0,0,0,13,0,13,0,0,0,13
04/05/2014,MFD,OH,AGL,CE,Combined TRACON& Tower with Radar,0,2,22,6,30,0,1,13,0,14,0,3,35,6,44,12,2,14,58
04/06/2014,MFD,OH,AGL,CE,Combined TRACON& Tower with Radar,0,0,59,0,59,0,0,47,8,55,0,0,106,8,114,68,8,76,190
04/07/2014,MFD,OH,AGL,CE,Combined TRACON& Tower with Radar,0,0,11,0,11,0,0,2,0,2,0,0,13,0,13,0,0,0,13
04/08/2014,MFD,OH,AGL,CE,Combined TRACON& Tower with Radar,0,0,18,13,31,0,0,6,10,16,0,0,24,23,47,10,30,40,87
04/09/2014,MFD,OH,AGL,CE,Combined TRACON& Tower with Radar,0,2,32,3,37,0,1,14,12,27,0,3,46,15,64,12,16,28,92
04/10/2014,MFD,OH,AGL,CE,Combined TRACON& Tower with Radar,0,0,18,5,23,0,0,3,3,6,0,0,21,8,29,0,6,6,35
04/11/2014,MFD,OH,AGL,CE,Combined TRACON& Tower with Radar,0,0,36,4,40,0,0,25,2,27,0,0,61,6,67,26,0,26,93
04/12/2014,MFD,OH,AGL,CE,Combined TRACON& Tower with Radar,0,0,32,0,32,0,0,50,0,50,0,0,82,0,82,12,0,12,94
04/13/2014,MFD,OH,AGL,CE,Combined TRACON& Tower with Radar,0,0,2,0,2,0,0,9,0,9,0,0,11,0,11,0,0,0,11
04/14/2014,MFD,OH,AGL,CE,Combined TRACON& Tower with Radar,0,0,7,2,9,0,0,0,0,0,0,0,7,2,9,0,0,0,9
04/15/2014,MFD,OH,AGL,CE,Combined TRACON& Tower with Radar,0,0,4,6,10,0,0,2,0,2,0,0,6,6,12,0,2,2,14
04/16/2014,MFD,OH,AGL,CE,Combined TRACON& Tower with Radar,0,2,29,3,34,0,1,31,17,49,0,3,60,20,83,26,14,40,123
04/17/2014,MFD,OH,AGL,CE,Combined TRACON& Tower with Radar,0,8,31,14,53,0,1,26,3,30,0,9,57,17,83,44,8,52,135
04/18/2014,MFD,OH,AGL,CE,Combined TRACON& Tower with Radar,0,2,11,5,18,0,2,2,2,6,0,4,13,7,24,0,22,22,46
04/19/2014,MFD,OH,AGL,CE,Combined TRACON& Tower with Radar,0,0,20,0,20,0,0,28,0,28,0,0,48,0,48,14,0,14,62
04/20/2014,MFD,OH,AGL,CE,Combined TRACON& Tower with Radar,0,0,7,0,7,0,0,14,0,14,0,0,21,0,21,22,0,22,43
04/21/2014,MFD,OH,AGL,CE,Combined TRACON& Tower with Radar,0,3,24,4,31,0,1,15,1,17,0,4,39,5,48,0,0,0,48
04/22/2014,MFD,OH,AGL,CE,Combined TRACON& Tower with Radar,0,2,8,2,12,0,0,2,0,2,0,2,10,2,14,0,0,0,14
04/23/2014,MFD,OH,AGL,CE,Combined TRACON& Tower with Radar,0,0,21,20,41,0,0,19,0,19,0,0,40,20,60,30,0,30,90
04/24/2014,MFD,OH,AGL,CE,Combined TRACON& Tower with Radar,0,0,14,2,16,0,3,14,5,22,0,3,28,7,38,14,8,22,60
04/25/2014,MFD,OH,AGL,CE,Combined TRACON& Tower with Radar,0,0,10,8,18,0,0,0,0,0,0,0,10,8,18,0,0,0,18
04/26/2014,MFD,OH,AGL,CE,Combined TRACON& Tower with Radar,0,0,11,0,11,0,1,14,0,15,0,1,25,0,26,0,0,0,26
04/27/2014,MFD,OH,AGL,CE,Combined TRACON& Tower with Radar,0,2,40,4,46,0,2,13,0,15,0,4,53,4,61,42,0,42,103
04/28/2014,MFD,OH,AGL,CE,Combined TRACON& Tower with Radar,0,0,3,10,13,0,0,6,0,6,0,0,9,10,19,0,0,0,19
04/29/2014,MFD,OH,AGL,CE,Combined TRACON& Tower with Radar,0,0,12,9,21,0,0,3,1,4,0,0,15,10,25,0,8,8,33
04/30/2014,MFD,OH,AGL,CE,Combined TRACON& Tower with Radar,0,0,10,2,12,0,0,1,0,1,0,0,11,2,13,0,0,0,13
05/01/2014,MFD,OH,AGL,CE,Combined TRACON& Tower with Radar,0,0,13,3,16,0,3,3,2,8,0,3,16,5,24,12,0,12,36
05/02/2014,MFD,OH,AGL,CE,Combined TRACON& Tower with Radar,0,0,21,1,22,0,2,4,0,6,0,2,25,1,28,0,0,0,28
05/03/2014,MFD,OH,AGL,CE,Combined TRACON& Tower with Radar,0,0,14,4,18,0,0,5,0,5,0,0,19,4,23,6,0,6,29
05/04/2014,MFD,OH,AGL,CE,Combined TRACON& Tower with Radar,0,2,7,0,9,0,0,6,2,8,0,2,13,2,17,0,0,0,17
05/05/2014,MFD,OH,AGL,CE,Combined TRACON& Tower with Radar,0,0,4,0,4,0,0,11,0,11,0,0,15,0,15,14,0,14,29
05/06/2014,MFD,OH,AGL,CE,Combined TRACON& Tower with Radar,0,0,18,2,20,0,0,37,0,37,0,0,55,2,57,36,16,52,109
05/07/2014,MFD,OH,AGL,CE,Combined TRACON& Tower with Radar,0,0,13,12,25,0,1,17,10,28,0,1,30,22,53,10,0,10,63
05/08/2014,MFD,OH,AGL,CE,Combined TRACON& Tower with Radar,0,0,10,0,10,0,2,14,0,16,0,2,24,0,26,20,0,20,46
05/09/2014,MFD,OH,AGL,CE,Combined TRACON& Tower with Radar,0,0,10,3,13,0,0,3,1,4,0,0,13,4,17,0,8,8,25
05/10/2014,MFD,OH,AGL,CE,Combined TRACON& Tower with Radar,0,0,21,0,21,0,0,14,0,14,0,0,35,0,35,16,0,16,51
05/11/2014,MFD,OH,AGL,CE,Combined TRACON& Tower with Radar,0,0,3,0,3,0,0,5,0,5,0,0,8,0,8,10,0,10,18
05/12/2014,MFD,OH,AGL,CE,Combined TRACON& Tower with Radar,0,0,7,2,9,0,0,5,0,5,0,0,12,2,14,10,50,60,74
05/13/2014,MFD,OH,AGL,CE,Combined TRACON& Tower with Radar,0,2,8,7,17,0,1,4,12,17,0,3,12,19,34,0,0,0,34
05/14/2014,MFD,OH,AGL,CE,Combined TRACON& Tower with Radar,0,1,7,0,8,0,0,0,0,0,0,1,7,0,8,0,0,0,8
05/15/2014,MFD,OH,AGL,CE,Combined TRACON& Tower with Radar,0,4,16,4,24,0,0,2,0,2,0,4,18,4,26,0,0,0,26
05/16/2014,MFD,OH,AGL,CE,Combined TRACON& Tower with Radar,0,4,24,0,28,0,0,17,2,19,0,4,41,2,47,26,0,26,73
05/17/2014,MFD,OH,AGL,CE,Combined TRACON& Tower with Radar,0,0,9,0,9,0,0,1,2,3,0,0,10,2,12,0,0,0,12
05/18/2014,MFD,OH,AGL,CE,Combined TRACON& Tower with Radar,0,0,34,0,34,0,1,40,0,41,0,1,74,0,75,6,0,6,81
05/19/2014,MFD,OH,AGL,CE,Combined TRACON& Tower with Radar,0,2,19,3,24,0,1,31,0,32,0,3,50,3,56,38,0,38,94
05/20/2014,MFD,OH,AGL,CE,Combined TRACON& Tower with Radar,0,0,18,8,26,0,0,2,17,19,0,0,20,25,45,0,0,0,45
05/21/2014,MFD,OH,AGL,CE,Combined TRACON& Tower with Radar,0,6,3,9,18,0,0,0,7,7,0,6,3,16,25,0,26,26,51
05/22/2014,MFD,OH,AGL,CE,Combined TRACON& Tower with Radar,0,3,15,10,28,0,3,19,3,25,0,6,34,13,53,2,8,10,63
05/23/2014,MFD,OH,AGL,CE,Combined TRACON& Tower with Radar,0,2,23,1,26,0,0,17,0,17,0,2,40,1,43,16,0,16,59
05/24/2014,MFD,OH,AGL,CE,Combined TRACON& Tower with Radar,0,0,17,0,17,0,0,35,0,35,0,0,52,0,52,4,0,4,56
05/25/2014,MFD,OH,AGL,CE,Combined TRACON& Tower with Radar,0,0,10,0,10,0,0,22,0,22,0,0,32,0,32,2,0,2,34
05/26/2014,MFD,OH,AGL,CE,Combined TRACON& Tower with Radar,0,2,24,0,26,0,1,20,0,21,0,3,44,0,47,0,0,0,47
05/27/2014,MFD,OH,AGL,CE,Combined TRACON& Tower with Radar,0,2,18,16,36,0,0,3,16,19,0,2,21,32,55,26,52,78,133
05/28/2014,MFD,OH,AGL,CE,Combined TRACON& Tower with Radar,0,2,18,1,21,0,2,2,2,6,0,4,20,3,27,22,20,42,69
05/29/2014,MFD,OH,AGL,CE,Combined TRACON& Tower with Radar,0,3,34,6,43,0,1,19,3,23,0,4,53,9,66,76,2,78,144
05/30/2014,MFD,OH,AGL,CE,Combined TRACON& Tower with Radar,0,4,21,9,34,0,1,10,0,11,0,5,31,9,45,38,14,52,97
05/31/2014,MFD,OH,AGL,CE,Combined TRACON& Tower with Radar,0,2,20,0,22,0,0,48,0,48,0,2,68,0,70,78,0,78,148
06/01/2014,MFD,OH,AGL,CE,Combined TRACON& Tower with Radar,0,4,9,0,13,0,0,16,0,16,0,4,25,0,29,84,0,84,113
06/02/2014,MFD,OH,AGL,CE,Combined TRACON& Tower with Radar,0,4,10,3,17,0,0,0,1,1,0,4,10,4,18,0,0,0,18
06/03/2014,MFD,OH,AGL,CE,Combined TRACON& Tower with Radar,0,0,19,13,32,0,2,5,1,8,0,2,24,14,40,0,22,22,62
06/04/2014,MFD,OH,AGL,CE,Combined TRACON& Tower with Radar,0,0,5,7,12,0,1,1,4,6,0,1,6,11,18,0,40,40,58
06/05/2014,MFD,OH,AGL,CE,Combined TRACON& Tower with Radar,0,0,44,5,49,0,0,32,7,39,0,0,76,12,88,38,0,38,126
06/06/2014,MFD,OH,AGL,CE,Combined TRACON& Tower with Radar,0,3,18,12,33,0,1,20,2,23,0,4,38,14,56,6,34,40,96
06/07/2014,MFD,OH,AGL,CE,Combined TRACON& Tower with Radar,0,0,15,0,15,0,1,28,0,29,0,1,43,0,44,38,0,38,82
06/08/2014,MFD,OH,AGL,CE,Combined TRACON& Tower with Radar,0,0,8,2,10,0,0,2,0,2,0,0,10,2,12,0,0,0,12
06/09/2014,MFD,OH,AGL,CE,Combined TRACON& Tower with Radar,0,1,2,3,6,0,1,16,1,18,0,2,18,4,24,24,0,24,48
06/10/2014,MFD,OH,AGL,CE,Combined TRACON& Tower with Radar,0,0,12,13,25,0,0,3,4,7,0,0,15,17,32,8,26,34,66
06/11/2014,MFD,OH,AGL,CE,Combined TRACON& Tower with Radar,0,0,8,11,19,0,0,1,3,4,0,0,9,14,23,0,14,14,37
06/12/2014,MFD,OH,AGL,CE,Combined TRACON& Tower with Radar,0,0,16,14,30,0,0,5,3,8,0,0,21,17,38,12,12,24,62
06/13/2014,MFD,OH,AGL,CE,Combined TRACON& Tower with Radar,0,0,24,2,26,0,0,6,0,6,0,0,30,2,32,0,0,0,32
06/14/2014,MFD,OH,AGL,CE,Combined TRACON& Tower with Radar,0,0,29,0,29,0,1,17,0,18,0,1,46,0,47,4,0,4,51
06/15/2014,MFD,OH,AGL,CE,Combined TRACON& Tower with Radar,0,0,11,0,11,0,0,19,0,19,0,0,30,0,30,6,0,6,36
06/16/2014,MFD,OH,AGL,CE,Combined TRACON& Tower with Radar,0,0,5,6,11,0,0,10,0,10,0,0,15,6,21,30,0,30,51
06/17/2014,MFD,OH,AGL,CE,Combined TRACON& Tower with Radar,0,3,27,12,42,0,1,11,12,24,0,4,38,24,66,6,20,26,92
06/18/2014,MFD,OH,AGL,CE,Combined TRACON& Tower with Radar,0,0,20,4,24,0,0,10,6,16,0,0,30,10,40,0,0,0,40
06/19/2014,MFD,OH,AGL,CE,Combined TRACON& Tower with Radar,0,4,32,2,38,0,0,7,10,17,0,4,39,12,55,2,14,16,71
06/20/2014,MFD,OH,AGL,CE,Combined TRACON& Tower with Radar,0,0,22,2,24,0,0,8,0,8,0,0,30,2,32,46,0,46,78
06/21/2014,MFD,OH,AGL,CE,Combined TRACON& Tower with Radar,0,4,53,0,57,0,0,1,0,1,0,4,54,0,58,0,0,0,58
06/22/2014,MFD,OH,AGL,CE,Combined TRACON& Tower with Radar,0,2,6,2,10,0,0,27,0,27,0,2,33,2,37,16,0,16,53
06/23/2014,MFD,OH,AGL,CE,Combined TRACON& Tower with Radar,0,0,14,6,20,0,0,8,2,10,0,0,22,8,30,20,18,38,68
06/24/2014,MFD,OH,AGL,CE,Combined TRACON& Tower with Radar,0,0,14,6,20,0,0,7,4,11,0,0,21,10,31,0,10,10,41
06/25/2014,MFD,OH,AGL,CE,Combined TRACON& Tower with Radar,0,1,13,21,35,0,0,3,5,8,0,1,16,26,43,16,62,78,121
06/26/2014,MFD,OH,AGL,CE,Combined TRACON& Tower with Radar,0,4,37,9,50,0,0,9,9,18,0,4,46,18,68,46,2,48,116
06/27/2014,MFD,OH,AGL,CE,Combined TRACON& Tower with Radar,0,3,17,7,27,0,1,19,1,21,0,4,36,8,48,22,0,22,70
06/28/2014,MFD,OH,AGL,CE,Combined TRACON& Tower with Radar,0,0,8,0,8,0,1,28,0,29,0,1,36,0,37,20,0,20,57
06/29/2014,MFD,OH,AGL,CE,Combined TRACON& Tower with Radar,0,5,6,0,11,0,0,2,0,2,0,5,8,0,13,0,0,0,13
06/30/2014,MFD,OH,AGL,CE,Combined TRACON& Tower with Radar,0,2,7,10,19,0,0,11,0,11,0,2,18,10,30,0,0,0,30
07/01/2014,MFD,OH,AGL,CE,Combined TRACON& Tower with Radar,0,2,10,8,20,0,0,6,10,16,0,2,16,18,36,0,20,20,56
07/02/2014,MFD,OH,AGL,CE,Combined TRACON& Tower with Radar,0,4,14,12,30,0,0,11,2,13,0,4,25,14,43,20,2,22,65
07/03/2014,MFD,OH,AGL,CE,Combined TRACON& Tower with Radar,0,7,23,4,34,0,0,9,0,9,0,7,32,4,43,12,0,12,55
07/04/2014,MFD,OH,AGL,CE,Combined TRACON& Tower with Radar,0,0,13,0,13,0,0,13,0,13,0,0,26,0,26,4,0,4,30
07/05/2014,MFD,OH,AGL,CE,Combined TRACON& Tower with Radar,0,3,25,0,28,0,1,213,0,214,0,4,238,0,242,8,0,8,250
07/06/2014,MFD,OH,AGL,CE,Combined TRACON& Tower with Radar,0,3,11,0,14,0,0,8,0,8,0,3,19,0,22,8,0,8,30
07/07/2014,MFD,OH,AGL,CE,Combined TRACON& Tower with Radar,0,2,8,0,10,0,0,4,0,4,0,2,12,0,14,0,0,0,14
07/08/2014,MFD,OH,AGL,CE,Combined TRACON& Tower with Radar,0,0,17,4,21,0,0,3,2,5,0,0,20,6,26,6,0,6,32
07/09/2014,MFD,OH,AGL,CE,Combined TRACON& Tower with Radar,0,2,31,7,40,0,1,21,8,30,0,3,52,15,70,26,16,42,112
07/10/2014,MFD,OH,AGL,CE,Combined TRACON& Tower with Radar,0,0,29,8,37,0,0,30,7,37,0,0,59,15,74,46,0,46,120
07/11/2014,MFD,OH,AGL,CE,Combined TRACON& Tower with Radar,0,0,18,4,22,0,0,21,0,21,0,0,39,4,43,6,2,8,51
07/12/2014,MFD,OH,AGL,CE,Combined TRACON& Tower with Radar,0,0,24,10,34,0,0,27,0,27,0,0,51,10,61,36,0,36,97
07/13/2014,MFD,OH,AGL,CE,Combined TRACON& Tower with Radar,0,1,17,3,21,0,0,7,7,14,0,1,24,10,35,0,8,8,43
07/14/2014,MFD,OH,AGL,CE,Combined TRACON& Tower with Radar,0,1,16,3,20,0,0,6,0,6,0,1,22,3,26,0,0,0,26
07/15/2014,MFD,OH,AGL,CE,Combined TRACON& Tower with Radar,0,3,31,8,42,0,2,8,0,10,0,5,39,8,52,0,32,32,84
07/16/2014,MFD,OH,AGL,CE,Combined TRACON& Tower with Radar,0,4,16,10,30,0,0,17,12,29,0,4,33,22,59,44,0,44,103
07/17/2014,MFD,OH,AGL,CE,Combined TRACON& Tower with Radar,0,0,25,6,31,0,0,25,3,28,0,0,50,9,59,12,14,26,85
07/18/2014,MFD,OH,AGL,CE,Combined TRACON& Tower with Radar,0,0,23,1,24,0,0,28,1,29,0,0,51,2,53,10,2,12,65
07/19/2014,MFD,OH,AGL,CE,Combined TRACON& Tower with Radar,0,0,12,0,12,0,0,0,0,0,0,0,12,0,12,0,0,0,12
07/20/2014,MFD,OH,AGL,CE,Combined TRACON& Tower with Radar,0,0,17,6,23,0,0,9,0,9,0,0,26,6,32,0,0,0,32
07/21/2014,MFD,OH,AGL,CE,Combined TRACON& Tower with Radar,0,0,10,3,13,0,0,16,1,17,0,0,26,4,30,0,2,2,32
07/22/2014,MFD,OH,AGL,CE,Combined TRACON& Tower with Radar,0,0,25,12,37,0,0,16,9,25,0,0,41,21,62,24,42,66,128
07/23/2014,MFD,OH,AGL,CE,Combined TRACON& Tower with Radar,0,2,14,8,24,0,0,0,0,0,0,2,14,8,24,0,0,0,24
07/24/2014,MFD,OH,AGL,CE,Combined TRACON& Tower with Radar,0,5,29,3,37,0,0,15,7,22,0,5,44,10,59,8,16,24,83
07/25/2014,MFD,OH,AGL,CE,Combined TRACON& Tower with Radar,0,0,27,1,28,0,0,36,0,36,0,0,63,1,64,48,0,48,112
07/26/2014,MFD,OH,AGL,CE,Combined TRACON& Tower with Radar,0,2,12,6,20,0,1,22,0,23,0,3,34,6,43,14,0,14,57
07/27/2014,MFD,OH,AGL,CE,Combined TRACON& Tower with Radar,0,0,11,1,12,0,0,2,0,2,0,0,13,1,14,0,0,0,14
07/28/2014,MFD,OH,AGL,CE,Combined TRACON& Tower with Radar,0,0,29,0,29,0,0,1,0,1,0,0,30,0,30,0,0,0,30
07/29/2014,MFD,OH,AGL,CE,Combined TRACON& Tower with Radar,0,1,22,8,31,0,0,18,1,19,0,1,40,9,50,18,0,18,68
07/30/2014,MFD,OH,AGL,CE,Combined TRACON& Tower with Radar,0,5,19,3,27,0,0,6,7,13,0,5,25,10,40,4,0,4,44
07/31/2014,MFD,OH,AGL,CE,Combined TRACON& Tower with Radar,0,2,38,3,43,0,0,25,0,25,0,2,63,3,68,24,0,24,92
08/01/2014,MFD,OH,AGL,CE,Combined TRACON& Tower with Radar,0,3,22,1,26,0,1,21,4,26,0,4,43,5,52,0,4,4,56
08/02/2014,MFD,OH,AGL,CE,Combined TRACON& Tower with Radar,0,8,12,0,20,0,0,10,0,10,0,8,22,0,30,2,0,2,32
08/03/2014,MFD,OH,AGL,CE,Combined TRACON& Tower with Radar,0,7,53,1,61,0,0,38,3,41,0,7,91,4,102,6,16,22,124
08/04/2014,MFD,OH,AGL,CE,Combined TRACON& Tower with Radar,0,0,13,0,13,0,0,33,0,33,0,0,46,0,46,24,0,24,70
08/05/2014,MFD,OH,AGL,CE,Combined TRACON& Tower with Radar,0,4,7,7,18,0,0,11,9,20,0,4,18,16,38,0,10,10,48
08/06/2014,MFD,OH,AGL,CE,Combined TRACON& Tower with Radar,0,0,16,5,21,0,0,10,3,13,0,0,26,8,34,24,0,24,58
08/07/2014,MFD,OH,AGL,CE,Combined TRACON& Tower with Radar,0,0,22,6,28,0,2,33,10,45,0,2,55,16,73,0,18,18,91
08/08/2014,MFD,OH,AGL,CE,Combined TRACON& Tower with Radar,0,2,25,0,27,0,1,19,0,20,0,3,44,0,47,14,0,14,61
08/09/2014,MFD,OH,AGL,CE,Combined TRACON& Tower with Radar,0,1,8,2,11,0,0,27,0,27,0,1,35,2,38,12,0,12,50
08/10/2014,MFD,OH,AGL,CE,Combined TRACON& Tower with Radar,0,0,1,0,1,0,0,8,0,8,0,0,9,0,9,0,0,0,9
08/11/2014,MFD,OH,AGL,CE,Combined TRACON& Tower with Radar,0,4,11,2,17,0,0,0,0,0,0,4,11,2,17,0,0,0,17
08/12/2014,MFD,OH,AGL,CE,Combined TRACON& Tower with Radar,0,2,10,8,20,0,0,0,2,2,0,2,10,10,22,0,4,4,26
08/13/2014,MFD,OH,AGL,CE,Combined TRACON& Tower with Radar,0,0,6,3,9,0,0,16,1,17,0,0,22,4,26,24,2,26,52
08/14/2014,MFD,OH,AGL,CE,Combined TRACON& Tower with Radar,0,2,21,18,41,0,0,13,2,15,0,2,34,20,56,30,32,62,118
08/15/2014,MFD,OH,AGL,CE,Combined TRACON& Tower with Radar,0,1,14,5,20,0,1,25,0,26,0,2,39,5,46,54,0,54,100
08/16/2014,MFD,OH,AGL,CE,Combined TRACON& Tower with Radar,0,2,37,1,40,0,0,31,0,31,0,2,68,1,71,20,0,20,91
08/17/2014,MFD,OH,AGL,CE,Combined TRACON& Tower with Radar,0,1,11,1,13,0,0,3,0,3,0,1,14,1,16,42,0,42,58
08/18/2014,MFD,OH,AGL,CE,Combined TRACON& Tower with Radar,0,1,6,0,7,0,0,11,0,11,0,1,17,0,18,0,0,0,18
08/19/2014,MFD,OH,AGL,CE,Combined TRACON& Tower with Radar,0,0,29,7,36,0,0,12,1,13,0,0,41,8,49,30,0,30,79
08/20/2014,MFD,OH,AGL,CE,Combined TRACON& Tower with Radar,0,2,1,3,6,0,0,7,7,14,0,2,8,10,20,0,20,20,40
08/21/2014,MFD,OH,AGL,CE,Combined TRACON& Tower with Radar,0,0,7,3,10,0,0,6,9,15,0,0,13,12,25,0,0,0,25
08/22/2014,MFD,OH,AGL,CE,Combined TRACON& Tower with Radar,0,4,10,6,20,0,0,4,4,8,0,4,14,10,28,8,8,16,44
08/23/2014,MFD,OH,AGL,CE,Combined TRACON& Tower with Radar,0,1,8,2,11,0,0,12,0,12,0,1,20,2,23,28,0,28,51
08/24/2014,MFD,OH,AGL,CE,Combined TRACON& Tower with Radar,0,4,4,8,16,0,0,13,0,13,0,4,17,8,29,2,0,2,31
08/25/2014,MFD,OH,AGL,CE,Combined TRACON& Tower with Radar,0,0,10,0,10,0,0,14,0,14,0,0,24,0,24,8,0,8,32
08/26/2014,MFD,OH,AGL,CE,Combined TRACON& Tower with Radar,0,2,14,0,16,0,0,14,11,25,0,2,28,11,41,20,8,28,69
08/27/2014,MFD,OH,AGL,CE,Combined TRACON& Tower with Radar,0,2,18,6,26,0,0,8,1,9,0,2,26,7,35,20,4,24,59
08/28/2014,MFD,OH,AGL,CE,Combined TRACON& Tower with Radar,0,2,17,3,22,0,0,21,3,24,0,2,38,6,46,22,10,32,78
08/29/2014,MFD,OH,AGL,CE,Combined TRACON& Tower with Radar,0,0,14,1,15,0,1,16,0,17,0,1,30,1,32,22,0,22,54
08/30/2014,MFD,OH,AGL,CE,Combined TRACON& Tower with Radar,0,2,1,1,4,0,0,9,1,10,0,2,10,2,14,0,0,0,14
08/31/2014,MFD,OH,AGL,CE,Combined TRACON& Tower with Radar,0,0,8,0,8,0,0,2,0,2,0,0,10,0,10,0,0,0,10
09/01/2014,MFD,OH,AGL,CE,Combined TRACON& Tower with Radar,0,0,4,0,4,0,0,5,0,5,0,0,9,0,9,0,0,0,9
09/02/2014,MFD,OH,AGL,CE,Combined TRACON& Tower with Radar,0,0,2,3,5,0,0,0,7,7,0,0,2,10,12,0,0,0,12
09/03/2014,MFD,OH,AGL,CE,Combined TRACON& Tower with Radar,0,2,21,0,23,0,0,30,8,38,0,2,51,8,61,16,12,28,89
09/04/2014,MFD,OH,AGL,CE,Combined TRACON& Tower with Radar,0,4,25,7,36,0,0,34,19,53,0,4,59,26,89,20,20,40,129
09/05/2014,MFD,OH,AGL,CE,Combined TRACON& Tower with Radar,0,2,9,3,14,0,0,7,0,7,0,2,16,3,21,14,0,14,35
09/06/2014,MFD,OH,AGL,CE,Combined TRACON& Tower with Radar,0,0,0,4,4,0,0,1,0,1,0,0,1,4,5,0,0,0,5
09/07/2014,MFD,OH,AGL,CE,Combined TRACON& Tower with Radar,0,2,10,0,12,0,0,25,1,26,0,2,35,1,38,16,0,16,54
09/08/2014,MFD,OH,AGL,CE,Combined TRACON& Tower with Radar,0,2,16,2,20,0,0,18,0,18,0,2,34,2,38,28,0,28,66
09/09/2014,MFD,OH,AGL,CE,Combined TRACON& Tower with Radar,0,5,31,1,37,0,1,9,17,27,0,6,40,18,64,16,24,40,104
09/10/2014,MFD,OH,AGL,CE,Combined TRACON& Tower with Radar,0,0,5,2,7,0,0,0,8,8,0,0,5,10,15,10,0,10,25
09/11/2014,MFD,OH,AGL,CE,Combined TRACON& Tower with Radar,0,0,12,10,22,0,0,2,0,2,0,0,14,10,24,0,0,0,24
09/12/2014,MFD,OH,AGL,CE,Combined TRACON& Tower with Radar,0,0,15,3,18,0,1,9,0,10,0,1,24,3,28,24,0,24,52
09/13/2014,MFD,OH,AGL,CE,Combined TRACON& Tower with Radar,0,0,3,1,4,0,0,4,0,4,0,0,7,1,8,2,0,2,10
09/14/2014,MFD,OH,AGL,CE,Combined TRACON& Tower with Radar,0,0,35,11,46,0,0,38,11,49,0,0,73,22,95,14,8,22,117
09/15/2014,MFD,OH,AGL,CE,Combined TRACON& Tower with Radar,0,2,24,3,29,0,0,15,2,17,0,2,39,5,46,12,10,22,68
09/16/2014,MFD,OH,AGL,CE,Combined TRACON& Tower with Radar,0,1,49,4,54,0,0,14,0,14,0,1,63,4,68,12,0,12,80
09/17/2014,MFD,OH,AGL,CE,Combined TRACON& Tower with Radar,0,4,27,9,40,0,2,19,9,30,0,6,46,18,70,8,10,18,88
09/18/2014,MFD,OH,AGL,CE,Combined TRACON& Tower with Radar,0,0,32,6,38,0,0,28,8,36,0,0,60,14,74,22,0,22,96
09/19/2014,MFD,OH,AGL,CE,Combined TRACON& Tower with Radar,0,0,13,2,15,0,0,30,0,30,0,0,43,2,45,26,0,26,71
09/20/2014,MFD,OH,AGL,CE,Combined TRACON& Tower with Radar,0,0,2,1,3,0,0,9,1,10,0,0,11,2,13,0,0,0,13
09/21/2014,MFD,OH,AGL,CE,Combined TRACON& Tower with Radar,0,0,7,0,7,0,0,2,2,4,0,0,9,2,11,0,0,0,11
09/22/2014,MFD,OH,AGL,CE,Combined TRACON& Tower with Radar,0,0,29,2,31,0,0,21,0,21,0,0,50,2,52,18,0,18,70
09/23/2014,MFD,OH,AGL,CE,Combined TRACON& Tower with Radar,0,3,19,3,25,0,1,36,3,40,0,4,55,6,65,38,4,42,107
09/24/2014,MFD,OH,AGL,CE,Combined TRACON& Tower with Radar,0,2,33,19,54,0,0,26,1,27,0,2,59,20,81,26,4,30,111
09/25/2014,MFD,OH,AGL,CE,Combined TRACON& Tower with Radar,0,1,27,1,29,0,3,36,11,50,0,4,63,12,79,20,0,20,99
09/26/2014,MFD,OH,AGL,CE,Combined TRACON& Tower with Radar,0,0,22,1,23,0,0,18,7,25,0,0,40,8,48,34,0,34,82
09/27/2014,MFD,OH,AGL,CE,Combined TRACON& Tower with Radar,0,0,15,2,17,0,0,19,0,19,0,0,34,2,36,14,0,14,50
09/28/2014,MFD,OH,AGL,CE,Combined TRACON& Tower with Radar,0,0,12,3,15,0,0,26,1,27,0,0,38,4,42,18,0,18,60
09/29/2014,MFD,OH,AGL,CE,Combined TRACON& Tower with Radar,0,2,15,2,19,0,0,24,1,25,0,2,39,3,44,10,4,14,58
09/30/2014,MFD,OH,AGL,CE,Combined TRACON& Tower with Radar,0,4,14,4,22,0,0,2,2,4,0,4,16,6,26,0,4,4,30
10/01/2014,MFD,OH,AGL,CE,Combined TRACON& Tower with Radar,0,0,16,14,30,0,0,13,11,24,0,0,29,25,54,10,10,20,74
10/02/2014,MFD,OH,AGL,CE,Combined TRACON& Tower with Radar,0,3,9,5,17,0,1,16,3,20,0,4,25,8,37,14,4,18,55
10/03/2014,MFD,OH,AGL,CE,Combined TRACON& Tower with Radar,0,0,9,8,17,0,0,1,0,1,0,0,10,8,18,0,0,0,18
10/04/2014,MFD,OH,AGL,CE,Combined TRACON& Tower with Radar,0,0,6,0,6,0,0,0,0,0,0,0,6,0,6,4,0,4,10
10/05/2014,MFD,OH,AGL,CE,Combined TRACON& Tower with Radar,0,0,5,0,5,0,0,4,10,14,0,0,9,10,19,0,6,6,25
10/06/2014,MFD,OH,AGL,CE,Combined TRACON& Tower with Radar,0,0,7,6,13,0,0,5,0,5,0,0,12,6,18,0,0,0,18
10/07/2014,MFD,OH,AGL,CE,Combined TRACON& Tower with Radar,0,0,11,6,17,0,0,2,2,4,0,0,13,8,21,0,2,2,23
10/08/2014,MFD,OH,AGL,CE,Combined TRACON& Tower with Radar,0,0,15,9,24,0,4,10,2,16,0,4,25,11,40,0,0,0,40
10/09/2014,MFD,OH,AGL,CE,Combined TRACON& Tower with Radar,0,1,21,11,33,0,3,18,3,24,0,4,39,14,57,24,0,24,81
10/10/2014,MFD,OH,AGL,CE,Combined TRACON& Tower with Radar,0,0,20,0,20,0,0,11,0,11,0,0,31,0,31,10,0,10,41
10/11/2014,MFD,OH,AGL,CE,Combined TRACON& Tower with Radar,0,0,22,0,22,0,1,27,0,28,0,1,49,0,50,108,0,108,158
10/12/2014,MFD,OH,AGL,CE,Combined TRACON& Tower with Radar,0,0,17,0,17,0,0,27,0,27,0,0,44,0,44,4,0,4,48
10/13/2014,MFD,OH,AGL,CE,Combined TRACON& Tower with Radar,0,0,11,0,11,0,0,7,0,7,0,0,18,0,18,0,4,4,22
10/14/2014,MFD,OH,AGL,CE,Combined TRACON& Tower with Radar,0,2,10,5,17,0,0,0,0,0,0,2,10,5,17,4,18,22,39
10/15/2014,MFD,OH,AGL,CE,Combined TRACON& Tower with Radar,0,0,5,7,12,0,0,6,10,16,0,0,11,17,28,0,0,0,28
10/16/2014,MFD,OH,AGL,CE,Combined TRACON& Tower with Radar,0,0,14,15,29,0,0,3,7,10,0,0,17,22,39,0,16,16,55
10/17/2014,MFD,OH,AGL,CE,Combined TRACON& Tower with Radar,0,2,8,2,12,0,0,13,3,16,0,2,21,5,28,2,2,4,32
10/18/2014,MFD,OH,AGL,CE,Combined TRACON& Tower with Radar,0,3,10,1,14,0,0,6,0,6,0,3,16,1,20,8,0,8,28
10/19/2014,MFD,OH,AGL,CE,Combined TRACON& Tower with Radar,0,1,8,1,10,0,0,29,0,29,0,1,37,1,39,26,0,26,65
10/20/2014,MFD,OH,AGL,CE,Combined TRACON& Tower with Radar,0,2,18,5,25,0,0,1,1,2,0,2,19,6,27,0,0,0,27
10/21/2014,MFD,OH,AGL,CE,Combined TRACON& Tower with Radar,2,0,14,4,20,0,0,1,0,1,2,0,15,4,21,0,0,0,21
10/22/2014,MFD,OH,AGL,CE,Combined TRACON& Tower with Radar,0,0,27,9,36,0,0,3,4,7,0,0,30,13,43,0,0,0,43
10/23/2014,MFD,OH,AGL,CE,Combined TRACON& Tower with Radar,0,5,29,3,37,0,1,21,9,31,0,6,50,12,68,20,12,32,100
10/24/2014,MFD,OH,AGL,CE,Combined TRACON& Tower with Radar,0,3,24,2,29,0,0,32,0,32,0,3,56,2,61,28,0,28,89
10/25/2014,MFD,OH,AGL,CE,Combined TRACON& Tower with Radar,0,0,15,0,15,0,0,17,0,17,0,0,32,0,32,26,0,26,58
10/26/2014,MFD,OH,AGL,CE,Combined TRACON& Tower with Radar,0,0,15,0,15,0,1,18,0,19,0,1,33,0,34,16,0,16,50
10/27/2014,MFD,OH,AGL,CE,Combined TRACON& Tower with Radar,0,2,14,2,18,0,0,12,0,12,0,2,26,2,30,6,0,6,36
10/28/2014,MFD,OH,AGL,CE,Combined TRACON& Tower with Radar,1,0,6,4,11,0,0,5,4,9,1,0,11,8,20,0,0,0,20
10/29/2014,MFD,OH,AGL,CE,Combined TRACON& Tower with Radar,0,4,24,18,46,0,2,6,15,23,0,6,30,33,69,10,0,10,79
10/30/2014,MFD,OH,AGL,CE,Combined TRACON& Tower with Radar,0,2,18,2,22,0,5,11,11,27,0,7,29,13,49,28,6,34,83
10/31/2014,MFD,OH,AGL,CE,Combined TRACON& Tower with Radar,0,0,9,0,9,0,0,3,0,3,0,0,12,0,12,0,0,0,12
11/01/2014,MFD,OH,AGL,CE,Combined TRACON& Tower with Radar,0,0,0,1,1,0,0,0,0,0,0,0,0,1,1,0,0,0,1
11/02/2014,MFD,OH,AGL,CE,Combined TRACON& Tower with Radar,0,4,14,9,27,0,0,18,5,23,0,4,32,14,50,12,6,18,68
11/03/2014,MFD,OH,AGL,CE,Combined TRACON& Tower with Radar,0,2,9,0,11,0,0,10,0,10,0,2,19,0,21,0,0,0,21
11/04/2014,MFD,OH,AGL,CE,Combined TRACON& Tower with Radar,0,0,22,3,25,0,0,4,3,7,0,0,26,6,32,8,0,8,40
11/05/2014,MFD,OH,AGL,CE,Combined TRACON& Tower with Radar,0,1,24,4,29,0,1,24,13,38,0,2,48,17,67,10,8,18,85
11/06/2014,MFD,OH,AGL,CE,Combined TRACON& Tower with Radar,0,4,7,2,13,0,0,1,0,1,0,4,8,2,14,0,0,0,14
11/07/2014,MFD,OH,AGL,CE,Combined TRACON& Tower with Radar,2,0,11,0,13,0,0,9,8,17,2,0,20,8,30,18,10,28,58
11/08/2014,MFD,OH,AGL,CE,Combined TRACON& Tower with Radar,2,0,7,0,9,0,0,3,0,3,2,0,10,0,12,0,0,0,12
11/09/2014,MFD,OH,AGL,CE,Combined TRACON& Tower with Radar,0,0,15,0,15,0,0,18,0,18,0,0,33,0,33,0,0,0,33
11/10/2014,MFD,OH,AGL,CE,Combined TRACON& Tower with Radar,0,0,18,0,18,0,0,16,0,16,0,0,34,0,34,12,0,12,46
11/11/2014,MFD,OH,AGL,CE,Combined TRACON& Tower with Radar,0,1,9,0,10,0,0,4,0,4,0,1,13,0,14,4,0,4,18
11/12/2014,MFD,OH,AGL,CE,Combined TRACON& Tower with Radar,0,2,9,14,25,0,0,9,8,17,0,2,18,22,42,14,0,14,56
11/13/2014,MFD,OH,AGL,CE,Combined TRACON& Tower with Radar,0,0,1,10,11,0,0,4,0,4,0,0,5,10,15,0,0,0,15
11/14/2014,MFD,OH,AGL,CE,Combined TRACON& Tower with Radar,0,0,25,2,27,0,0,7,2,9,0,0,32,4,36,10,0,10,46
11/15/2014,MFD,OH,AGL,CE,Combined TRACON& Tower with Radar,0,2,29,0,31,0,1,26,0,27,0,3,55,0,58,10,0,10,68
11/16/2014,MFD,OH,AGL,CE,Combined TRACON& Tower with Radar,0,0,6,0,6,0,0,2,0,2,0,0,8,0,8,0,0,0,8
11/17/2014,MFD,OH,AGL,CE,Combined TRACON& Tower with Radar,0,0,5,2,7,0,0,1,0,1,0,0,6,2,8,0,0,0,8
11/18/2014,MFD,OH,AGL,CE,Combined TRACON& Tower with Radar,0,2,9,5,16,0,0,0,1,1,0,2,9,6,17,0,0,0,17
11/19/2014,MFD,OH,AGL,CE,Combined TRACON& Tower with Radar,0,2,7,5,14,0,1,1,4,6,0,3,8,9,20,0,4,4,24
11/20/2014,MFD,OH,AGL,CE,Combined TRACON& Tower with Radar,0,3,3,6,12,0,0,3,8,11,0,3,6,14,23,0,8,8,31
11/21/2014,MFD,OH,AGL,CE,Combined TRACON& Tower with Radar,0,0,29,8,37,0,0,15,6,21,0,0,44,14,58,8,0,8,66
11/22/2014,MFD,OH,AGL,CE,Combined TRACON& Tower with Radar,0,0,0,0,0,0,0,4,0,4,0,0,4,0,4,2,0,2,6
11/23/2014,MFD,OH,AGL,CE,Combined TRACON& Tower with Radar,0,1,12,0,13,0,1,13,0,14,0,2,25,0,27,36,0,36,63
11/24/2014,MFD,OH,AGL,CE,Combined TRACON& Tower with Radar,0,1,0,0,1,0,0,0,0,0,0,1,0,0,1,0,0,0,1
11/25/2014,MFD,OH,AGL,CE,Combined TRACON& Tower with Radar,0,0,3,9,12,0,0,2,18,20,0,0,5,27,32,0,0,0,32
11/26/2014,MFD,OH,AGL,CE,Combined TRACON& Tower with Radar,0,4,14,7,25,0,0,2,3,5,0,4,16,10,30,0,0,0,30
11/27/2014,MFD,OH,AGL,CE,Combined TRACON& Tower with Radar,0,0,0,0,0,0,0,0,0,0,0,0,0,0,0,0,0,0,0
11/28/2014,MFD,OH,AGL,CE,Combined TRACON& Tower with Radar,0,0,14,0,14,0,0,3,0,3,0,0,17,0,17,0,0,0,17
11/29/2014,MFD,OH,AGL,CE,Combined TRACON& Tower with Radar,0,0,6,0,6,0,0,5,0,5,0,0,11,0,11,0,0,0,11
11/30/2014,MFD,OH,AGL,CE,Combined TRACON& Tower with Radar,0,0,7,0,7,0,0,0,0,0,0,0,7,0,7,0,0,0,7
12/01/2014,MFD,OH,AGL,CE,Combined TRACON& Tower with Radar,0,0,20,2,22,0,0,14,0,14,0,0,34,2,36,0,0,0,36
12/02/2014,MFD,OH,AGL,CE,Combined TRACON& Tower with Radar,0,0,5,4,9,0,0,0,0,0,0,0,5,4,9,0,0,0,9
12/03/2014,MFD,OH,AGL,CE,Combined TRACON& Tower with Radar,0,3,9,8,20,0,1,6,10,17,0,4,15,18,37,2,14,16,53
12/04/2014,MFD,OH,AGL,CE,Combined TRACON& Tower with Radar,0,5,26,12,43,0,5,18,16,39,0,10,44,28,82,34,22,56,138
12/05/2014,MFD,OH,AGL,CE,Combined TRACON& Tower with Radar,0,0,12,1,13,0,0,1,0,1,0,0,13,1,14,14,0,14,28
12/06/2014,MFD,OH,AGL,CE,Combined TRACON& Tower with Radar,0,0,1,11,12,0,0,0,1,1,0,0,1,12,13,0,4,4,17
12/07/2014,MFD,OH,AGL,CE,Combined TRACON& Tower with Radar,0,0,46,1,47,0,3,36,0,39,0,3,82,1,86,18,0,18,104
12/08/2014,MFD,OH,AGL,CE,Combined TRACON& Tower with Radar,0,2,21,8,31,0,1,6,2,9,0,3,27,10,40,2,6,8,48
12/09/2014,MFD,OH,AGL,CE,Combined TRACON& Tower with Radar,0,0,1,0,1,0,0,0,0,0,0,0,1,0,1,0,0,0,1
12/10/2014,MFD,OH,AGL,CE,Combined TRACON& Tower with Radar,0,2,4,0,6,0,0,2,0,2,0,2,6,0,8,0,0,0,8
12/11/2014,MFD,OH,AGL,CE,Combined TRACON& Tower with Radar,0,3,10,9,22,0,1,7,5,13,0,4,17,14,35,0,6,6,41
12/12/2014,MFD,OH,AGL,CE,Combined TRACON& Tower with Radar,0,0,15,2,17,0,0,1,0,1,0,0,16,2,18,0,0,0,18
12/13/2014,MFD,OH,AGL,CE,Combined TRACON& Tower with Radar,0,0,4,0,4,0,0,0,0,0,0,0,4,0,4,0,0,0,4
12/14/2014,MFD,OH,AGL,CE,Combined TRACON& Tower with Radar,0,2,8,2,12,0,0,2,3,5,0,2,10,5,17,10,0,10,27
12/15/2014,MFD,OH,AGL,CE,Combined TRACON& Tower with Radar,0,4,29,7,40,0,2,10,1,13,0,6,39,8,53,4,8,12,65
12/16/2014,MFD,OH,AGL,CE,Combined TRACON& Tower with Radar,0,0,4,10,14,0,0,1,0,1,0,0,5,10,15,0,0,0,15
12/17/2014,MFD,OH,AGL,CE,Combined TRACON& Tower with Radar,0,0,4,13,17,0,0,4,1,5,0,0,8,14,22,0,0,0,22
12/18/2014,MFD,OH,AGL,CE,Combined TRACON& Tower with Radar,0,0,11,12,23,0,0,2,0,2,0,0,13,12,25,14,0,14,39
12/19/2014,MFD,OH,AGL,CE,Combined TRACON& Tower with Radar,0,0,9,2,11,0,0,0,0,0,0,0,9,2,11,0,0,0,11
12/20/2014,MFD,OH,AGL,CE,Combined TRACON& Tower with Radar,0,0,11,0,11,0,0,0,0,0,0,0,11,0,11,0,0,0,11
12/21/2014,MFD,OH,AGL,CE,Combined TRACON& Tower with Radar,0,2,19,0,21,0,0,32,0,32,0,2,51,0,53,0,0,0,53
12/22/2014,MFD,OH,AGL,CE,Combined TRACON& Tower with Radar,0,4,7,8,19,0,0,31,0,31,0,4,38,8,50,0,0,0,50
12/23/2014,MFD,OH,AGL,CE,Combined TRACON& Tower with Radar,0,0,2,10,12,0,0,0,0,0,0,0,2,10,12,0,0,0,12
12/24/2014,MFD,OH,AGL,CE,Combined TRACON& Tower with Radar,0,2,0,0,2,0,0,0,0,0,0,2,0,0,2,0,0,0,2
12/25/2014,MFD,OH,AGL,CE,Combined TRACON& Tower with Radar,0,0,0,0,0,0,0,1,0,1,0,0,1,0,1,0,0,0,1
12/26/2014,MFD,OH,AGL,CE,Combined TRACON& Tower with Radar,0,2,20,0,22,0,0,21,0,21,0,2,41,0,43,0,10,10,53
12/27/2014,MFD,OH,AGL,CE,Combined TRACON& Tower with Radar,0,0,16,0,16,0,0,9,0,9,0,0,25,0,25,0,0,0,25
12/28/2014,MFD,OH,AGL,CE,Combined TRACON& Tower with Radar,0,1,2,0,3,0,1,0,0,1,0,2,2,0,4,0,0,0,4
12/29/2014,MFD,OH,AGL,CE,Combined TRACON& Tower with Radar,0,4,12,2,18,0,1,17,0,18,0,5,29,2,36,10,0,10,46
12/30/2014,MFD,OH,AGL,CE,Combined TRACON& Tower with Radar,0,0,25,8,33,0,2,7,0,9,0,2,32,8,42,28,0,28,70
12/31/2014,MFD,OH,AGL,CE,Combined TRACON& Tower with Radar,0,0,11,0,11,0,0,12,0,12,0,0,23,0,23,6,0,6,29
01/01/2015,MFD,OH,AGL,CE,Combined TRACON& Tower with Radar,0,1,7,0,8,0,0,2,0,2,0,1,9,0,10,0,0,0,10
01/02/2015,MFD,OH,AGL,CE,Combined TRACON& Tower with Radar,0,1,13,0,14,0,0,21,0,21,0,1,34,0,35,4,0,4,39
01/03/2015,MFD,OH,AGL,CE,Combined TRACON& Tower with Radar,0,4,1,0,5,0,0,0,0,0,0,4,1,0,5,0,0,0,5
01/04/2015,MFD,OH,AGL,CE,Combined TRACON& Tower with Radar,0,2,1,0,3,0,0,0,0,0,0,2,1,0,3,0,0,0,3
01/05/2015,MFD,OH,AGL,CE,Combined TRACON& Tower with Radar,0,0,0,2,2,0,0,0,0,0,0,0,0,2,2,0,0,0,2
01/06/2015,MFD,OH,AGL,CE,Combined TRACON& Tower with Radar,0,2,2,0,4,0,0,1,0,1,0,2,3,0,5,18,0,18,23
01/07/2015,MFD,OH,AGL,CE,Combined TRACON& Tower with Radar,0,2,5,0,7,0,0,0,1,1,0,2,5,1,8,0,4,4,12
01/08/2015,MFD,OH,AGL,CE,Combined TRACON& Tower with Radar,0,0,2,1,3,0,0,1,0,1,0,0,3,1,4,0,0,0,4
01/09/2015,MFD,OH,AGL,CE,Combined TRACON& Tower with Radar,0,0,0,0,0,0,0,3,0,3,0,0,3,0,3,0,0,0,3
01/10/2015,MFD,OH,AGL,CE,Combined TRACON& Tower with Radar,0,2,6,1,9,0,0,5,0,5,0,2,11,1,14,10,0,10,24
01/11/2015,MFD,OH,AGL,CE,Combined TRACON& Tower with Radar,0,4,8,3,15,0,0,2,7,9,0,4,10,10,24,0,0,0,24
01/12/2015,MFD,OH,AGL,CE,Combined TRACON& Tower with Radar,0,2,1,0,3,0,0,0,0,0,0,2,1,0,3,0,0,0,3
01/13/2015,MFD,OH,AGL,CE,Combined TRACON& Tower with Radar,0,2,6,3,11,0,0,4,3,7,0,2,10,6,18,0,0,0,18
01/14/2015,MFD,OH,AGL,CE,Combined TRACON& Tower with Radar,0,0,10,0,10,0,0,6,0,6,0,0,16,0,16,0,0,0,16
01/15/2015,MFD,OH,AGL,CE,Combined TRACON& Tower with Radar,0,2,9,0,11,0,4,3,0,7,0,6,12,0,18,2,0,2,20
01/16/2015,MFD,OH,AGL,CE,Combined TRACON& Tower with Radar,0,0,4,0,4,0,0,2,0,2,0,0,6,0,6,0,0,0,6
01/17/2015,MFD,OH,AGL,CE,Combined TRACON& Tower with Radar,0,0,8,0,8,0,0,8,0,8,0,0,16,0,16,0,0,0,16
01/18/2015,MFD,OH,AGL,CE,Combined TRACON& Tower with Radar,0,0,2,0,2,0,0,0,0,0,0,0,2,0,2,0,0,0,2
01/19/2015,MFD,OH,AGL,CE,Combined TRACON& Tower with Radar,0,0,23,0,23,0,2,11,0,13,0,2,34,0,36,2,0,2,38
01/20/2015,MFD,OH,AGL,CE,Combined TRACON& Tower with Radar,0,2,6,1,9,0,0,0,0,0,0,2,6,1,9,0,0,0,9
01/21/2015,MFD,OH,AGL,CE,Combined TRACON& Tower with Radar,0,0,1,1,2,0,0,0,0,0,0,0,1,1,2,0,0,0,2
01/22/2015,MFD,OH,AGL,CE,Combined TRACON& Tower with Radar,0,0,8,1,9,0,0,2,0,2,0,0,10,1,11,0,0,0,11
01/23/2015,MFD,OH,AGL,CE,Combined TRACON& Tower with Radar,0,0,7,2,9,0,0,6,4,10,0,0,13,6,19,12,10,22,41
01/24/2015,MFD,OH,AGL,CE,Combined TRACON& Tower with Radar,0,0,2,0,2,0,0,0,0,0,0,0,2,0,2,0,0,0,2
01/25/2015,MFD,OH,AGL,CE,Combined TRACON& Tower with Radar,0,0,1,0,1,0,0,1,0,1,0,0,2,0,2,0,0,0,2
01/26/2015,MFD,OH,AGL,CE,Combined TRACON& Tower with Radar,0,4,2,1,7,0,0,0,0,0,0,4,2,1,7,0,0,0,7
01/27/2015,MFD,OH,AGL,CE,Combined TRACON& Tower with Radar,0,2,4,4,10,0,0,0,0,0,0,2,4,4,10,0,0,0,10
01/28/2015,MFD,OH,AGL,CE,Combined TRACON& Tower with Radar,0,3,23,5,31,0,0,28,7,35,0,3,51,12,66,48,8,56,122
01/29/2015,MFD,OH,AGL,CE,Combined TRACON& Tower with Radar,0,0,9,6,15,0,0,3,0,3,0,0,12,6,18,0,0,0,18
01/30/2015,MFD,OH,AGL,CE,Combined TRACON& Tower with Radar,0,0,2,6,8,0,1,2,1,4,0,1,4,7,12,0,8,8,20
01/31/2015,MFD,OH,AGL,CE,Combined TRACON& Tower with Radar,0,2,16,0,18,0,0,14,0,14,0,2,30,0,32,0,0,0,32
02/01/2015,MFD,OH,AGL,CE,Combined TRACON& Tower with Radar,0,0,0,0,0,0,0,0,0,0,0,0,0,0,0,0,0,0,0
02/02/2015,MFD,OH,AGL,CE,Combined TRACON& Tower with Radar,0,0,0,0,0,0,0,0,0,0,0,0,0,0,0,0,0,0,0
02/03/2015,MFD,OH,AGL,CE,Combined TRACON& Tower with Radar,0,0,5,5,10,0,1,4,0,5,0,1,9,5,15,8,0,8,23
02/04/2015,MFD,OH,AGL,CE,Combined TRACON& Tower with Radar,0,0,0,3,3,0,0,2,0,2,0,0,2,3,5,0,0,0,5
02/05/2015,MFD,OH,AGL,CE,Combined TRACON& Tower with Radar,0,0,17,6,23,0,0,11,6,17,0,0,28,12,40,0,12,12,52
02/06/2015,MFD,OH,AGL,CE,Combined TRACON& Tower with Radar,0,0,13,6,19,0,0,4,10,14,0,0,17,16,33,16,10,26,59
02/07/2015,MFD,OH,AGL,CE,Combined TRACON& Tower with Radar,0,0,8,0,8,0,0,6,0,6,0,0,14,0,14,0,0,0,14
02/08/2015,MFD,OH,AGL,CE,Combined TRACON& Tower with Radar,0,0,1,1,2,0,0,3,0,3,0,0,4,1,5,0,0,0,5
02/09/2015,MFD,OH,AGL,CE,Combined TRACON& Tower with Radar,0,0,0,1,1,0,0,0,0,0,0,0,0,1,1,0,0,0,1
02/10/2015,MFD,OH,AGL,CE,Combined TRACON& Tower with Radar,0,0,6,5,11,0,0,8,0,8,0,0,14,5,19,22,0,22,41
02/11/2015,MFD,OH,AGL,CE,Combined TRACON& Tower with Radar,0,0,4,8,12,0,1,7,0,8,0,1,11,8,20,0,0,0,20
02/12/2015,MFD,OH,AGL,CE,Combined TRACON& Tower with Radar,0,2,6,6,14,0,1,4,0,5,0,3,10,6,19,0,0,0,19
02/13/2015,MFD,OH,AGL,CE,Combined TRACON& Tower with Radar,0,2,17,0,19,0,4,19,1,24,0,6,36,1,43,18,0,18,61
02/14/2015,MFD,OH,AGL,CE,Combined TRACON& Tower with Radar,0,0,0,0,0,0,0,2,0,2,0,0,2,0,2,0,0,0,2
02/15/2015,MFD,OH,AGL,CE,Combined TRACON& Tower with Radar,0,0,6,0,6,0,0,4,0,4,0,0,10,0,10,0,0,0,10
02/16/2015,MFD,OH,AGL,CE,Combined TRACON& Tower with Radar,0,0,6,0,6,0,0,1,0,1,0,0,7,0,7,6,0,6,13
02/17/2015,MFD,OH,AGL,CE,Combined TRACON& Tower with Radar,0,2,8,8,18,0,3,8,3,14,0,5,16,11,32,2,6,8,40
02/18/2015,MFD,OH,AGL,CE,Combined TRACON& Tower with Radar,0,0,8,5,13,0,0,0,1,1,0,0,8,6,14,0,0,0,14
02/19/2015,MFD,OH,AGL,CE,Combined TRACON& Tower with Radar,0,0,4,9,13,0,0,0,0,0,0,0,4,9,13,0,0,0,13
02/20/2015,MFD,OH,AGL,CE,Combined TRACON& Tower with Radar,0,1,5,0,6,0,1,4,0,5,0,2,9,0,11,0,0,0,11
02/21/2015,MFD,OH,AGL,CE,Combined TRACON& Tower with Radar,0,0,3,0,3,0,0,1,0,1,0,0,4,0,4,0,0,0,4
02/22/2015,MFD,OH,AGL,CE,Combined TRACON& Tower with Radar,0,2,4,0,6,0,0,2,0,2,0,2,6,0,8,0,0,0,8
02/23/2015,MFD,OH,AGL,CE,Combined TRACON& Tower with Radar,0,2,3,7,12,0,0,14,0,14,0,2,17,7,26,0,12,12,38
02/24/2015,MFD,OH,AGL,CE,Combined TRACON& Tower with Radar,0,0,7,3,10,0,0,5,6,11,0,0,12,9,21,2,6,8,29
02/25/2015,MFD,OH,AGL,CE,Combined TRACON& Tower with Radar,0,1,21,1,23,0,1,21,5,27,0,2,42,6,50,2,18,20,70
02/26/2015,MFD,OH,AGL,CE,Combined TRACON& Tower with Radar,0,0,5,13,18,0,1,2,7,10,0,1,7,20,28,0,8,8,36
02/27/2015,MFD,OH,AGL,CE,Combined TRACON& Tower with Radar,0,0,16,4,20,0,2,7,1,10,0,2,23,5,30,22,0,22,52
02/28/2015,MFD,OH,AGL,CE,Combined TRACON& Tower with Radar,0,0,17,0,17,0,0,9,0,9,0,0,26,0,26,0,0,0,26
03/01/2015,MFD,OH,AGL,CE,Combined TRACON& Tower with Radar,0,0,1,0,1,0,0,0,0,0,0,0,1,0,1,0,0,0,1
03/02/2015,MFD,OH,AGL,CE,Combined TRACON& Tower with Radar,0,2,6,9,17,0,2,12,1,15,0,4,18,10,32,2,6,8,40
03/03/2015,MFD,OH,AGL,CE,Combined TRACON& Tower with Radar,0,0,1,0,1,0,0,0,0,0,0,0,1,0,1,0,0,0,1
03/04/2015,MFD,OH,AGL,CE,Combined TRACON& Tower with Radar,0,2,7,15,24,0,0,1,7,8,0,2,8,22,32,0,12,12,44
03/05/2015,MFD,OH,AGL,CE,Combined TRACON& Tower with Radar,0,0,6,5,11,0,2,11,1,14,0,2,17,6,25,0,2,2,27
03/06/2015,MFD,OH,AGL,CE,Combined TRACON& Tower with Radar,0,0,19,2,21,0,0,8,0,8,0,0,27,2,29,8,0,8,37
03/07/2015,MFD,OH,AGL,CE,Combined TRACON& Tower with Radar,0,0,3,0,3,0,0,6,0,6,0,0,9,0,9,6,0,6,15
03/08/2015,MFD,OH,AGL,CE,Combined TRACON& Tower with Radar,0,1,14,0,15,0,0,8,2,10,0,1,22,2,25,0,0,0,25
03/09/2015,MFD,OH,AGL,CE,Combined TRACON& Tower with Radar,0,6,13,0,19,0,2,24,0,26,0,8,37,0,45,18,0,18,63
03/10/2015,MFD,OH,AGL,CE,Combined TRACON& Tower with Radar,0,3,13,4,20,0,0,0,0,0,0,3,13,4,20,0,0,0,20
03/11/2015,MFD,OH,AGL,CE,Combined TRACON& Tower with Radar,0,0,9,1,10,0,0,1,1,2,0,0,10,2,12,14,0,14,26
03/12/2015,MFD,OH,AGL,CE,Combined TRACON& Tower with Radar,0,2,24,11,37,0,0,30,5,35,0,2,54,16,72,28,0,28,100
03/13/2015,MFD,OH,AGL,CE,Combined TRACON& Tower with Radar,0,2,7,5,14,0,0,0,3,3,0,2,7,8,17,0,0,0,17
03/14/2015,MFD,OH,AGL,CE,Combined TRACON& Tower with Radar,0,2,4,0,6,0,0,3,0,3,0,2,7,0,9,0,0,0,9
03/15/2015,MFD,OH,AGL,CE,Combined TRACON& Tower with Radar,0,4,17,0,21,0,0,29,0,29,0,4,46,0,50,16,0,16,66
03/16/2015,MFD,OH,AGL,CE,Combined TRACON& Tower with Radar,0,2,12,2,16,0,0,11,0,11,0,2,23,2,27,4,0,4,31
03/17/2015,MFD,OH,AGL,CE,Combined TRACON& Tower with Radar,0,0,9,2,11,0,0,4,6,10,0,0,13,8,21,12,0,12,33
03/18/2015,MFD,OH,AGL,CE,Combined TRACON& Tower with Radar,0,0,6,8,14,0,0,25,0,25,0,0,31,8,39,18,0,18,57
03/19/2015,MFD,OH,AGL,CE,Combined TRACON& Tower with Radar,0,1,16,11,28,0,4,14,7,25,0,5,30,18,53,10,6,16,69
03/20/2015,MFD,OH,AGL,CE,Combined TRACON& Tower with Radar,0,0,11,4,15,0,0,5,0,5,0,0,16,4,20,16,2,18,38
03/21/2015,MFD,OH,AGL,CE,Combined TRACON& Tower with Radar,0,0,18,0,18,0,0,6,0,6,0,0,24,0,24,12,0,12,36
03/22/2015,MFD,OH,AGL,CE,Combined TRACON& Tower with Radar,0,0,25,0,25,0,0,27,0,27,0,0,52,0,52,20,0,20,72
03/23/2015,MFD,OH,AGL,CE,Combined TRACON& Tower with Radar,0,0,9,2,11,0,1,4,0,5,0,1,13,2,16,0,0,0,16
03/24/2015,MFD,OH,AGL,CE,Combined TRACON& Tower with Radar,0,2,22,2,26,0,4,18,10,32,0,6,40,12,58,6,10,16,74
03/25/2015,MFD,OH,AGL,CE,Combined TRACON& Tower with Radar,0,0,5,4,9,0,1,1,0,2,0,1,6,4,11,0,0,0,11
03/26/2015,MFD,OH,AGL,CE,Combined TRACON& Tower with Radar,0,0,10,1,11,0,0,1,1,2,0,0,11,2,13,0,4,4,17
03/27/2015,MFD,OH,AGL,CE,Combined TRACON& Tower with Radar,0,1,3,1,5,0,0,0,0,0,0,1,3,1,5,22,0,22,27
03/28/2015,MFD,OH,AGL,CE,Combined TRACON& Tower with Radar,0,0,9,0,9,0,2,7,0,9,0,2,16,0,18,0,0,0,18
03/29/2015,MFD,OH,AGL,CE,Combined TRACON& Tower with Radar,0,3,11,0,14,0,4,7,0,11,0,7,18,0,25,0,0,0,25
03/30/2015,MFD,OH,AGL,CE,Combined TRACON& Tower with Radar,0,0,2,1,3,0,0,1,0,1,0,0,3,1,4,2,0,2,6
03/31/2015,MFD,OH,AGL,CE,Combined TRACON& Tower with Radar,0,0,13,2,15,0,0,3,0,3,0,0,16,2,18,0,0,0,18
04/01/2015,MFD,OH,AGL,CE,Combined TRACON& Tower with Radar,0,2,42,6,50,0,0,36,1,37,0,2,78,7,87,26,0,26,113
04/02/2015,MFD,OH,AGL,CE,Combined TRACON& Tower with Radar,0,0,4,2,6,0,0,1,0,1,0,0,5,2,7,0,0,0,7
04/03/2015,MFD,OH,AGL,CE,Combined TRACON& Tower with Radar,0,0,7,0,7,0,0,0,0,0,0,0,7,0,7,0,0,0,7
04/04/2015,MFD,OH,AGL,CE,Combined TRACON& Tower with Radar,0,0,28,0,28,0,1,26,0,27,0,1,54,0,55,0,0,0,55
04/05/2015,MFD,OH,AGL,CE,Combined TRACON& Tower with Radar,0,0,5,0,5,0,0,2,0,2,0,0,7,0,7,0,0,0,7
04/06/2015,MFD,OH,AGL,CE,Combined TRACON& Tower with Radar,0,6,6,0,12,0,1,4,0,5,0,7,10,0,17,0,0,0,17
04/07/2015,MFD,OH,AGL,CE,Combined TRACON& Tower with Radar,0,0,11,2,13,0,0,0,0,0,0,0,11,2,13,0,0,0,13
04/08/2015,MFD,OH,AGL,CE,Combined TRACON& Tower with Radar,0,3,3,2,8,0,0,0,0,0,0,3,3,2,8,0,0,0,8
04/09/2015,MFD,OH,AGL,CE,Combined TRACON& Tower with Radar,0,5,2,2,9,0,0,0,0,0,0,5,2,2,9,0,0,0,9
04/10/2015,MFD,OH,AGL,CE,Combined TRACON& Tower with Radar,0,1,4,10,15,0,0,1,6,7,0,1,5,16,22,0,0,0,22
04/11/2015,MFD,OH,AGL,CE,Combined TRACON& Tower with Radar,0,1,17,5,23,0,0,35,0,35,0,1,52,5,58,10,0,10,68
04/12/2015,MFD,OH,AGL,CE,Combined TRACON& Tower with Radar,0,1,25,3,29,0,0,14,8,22,0,1,39,11,51,0,4,4,55
04/13/2015,MFD,OH,AGL,CE,Combined TRACON& Tower with Radar,0,0,16,6,22,0,2,4,1,7,0,2,20,7,29,0,16,16,45
04/14/2015,MFD,OH,AGL,CE,Combined TRACON& Tower with Radar,0,1,12,4,17,0,2,17,14,33,0,3,29,18,50,20,20,40,90
04/15/2015,MFD,OH,AGL,CE,Combined TRACON& Tower with Radar,0,2,26,2,30,0,0,17,0,17,0,2,43,2,47,0,0,0,47
04/16/2015,MFD,OH,AGL,CE,Combined TRACON& Tower with Radar,0,0,7,20,27,0,0,3,2,5,0,0,10,22,32,0,14,14,46
04/17/2015,MFD,OH,AGL,CE,Combined TRACON& Tower with Radar,0,0,12,0,12,0,0,19,0,19,0,0,31,0,31,6,0,6,37
04/18/2015,MFD,OH,AGL,CE,Combined TRACON& Tower with Radar,0,1,36,0,37,0,0,37,0,37,0,1,73,0,74,8,0,8,82
04/19/2015,MFD,OH,AGL,CE,Combined TRACON& Tower with Radar,0,3,7,0,10,0,0,2,0,2,0,3,9,0,12,0,0,0,12
04/20/2015,MFD,OH,AGL,CE,Combined TRACON& Tower with Radar,0,0,6,1,7,0,0,0,0,0,0,0,6,1,7,0,0,0,7
04/21/2015,MFD,OH,AGL,CE,Combined TRACON& Tower with Radar,0,0,16,6,22,0,0,0,1,1,0,0,16,7,23,0,0,0,23
04/22/2015,MFD,OH,AGL,CE,Combined TRACON& Tower with Radar,0,0,3,3,6,0,0,3,7,10,0,0,6,10,16,0,2,2,18
04/23/2015,MFD,OH,AGL,CE,Combined TRACON& Tower with Radar,0,1,18,5,24,0,0,8,7,15,0,1,26,12,39,2,8,10,49
04/24/2015,MFD,OH,AGL,CE,Combined TRACON& Tower with Radar,0,4,25,3,32,0,1,46,0,47,0,5,71,3,79,14,4,18,97
04/25/2015,MFD,OH,AGL,CE,Combined TRACON& Tower with Radar,0,0,9,0,9,0,0,13,0,13,0,0,22,0,22,8,0,8,30
04/26/2015,MFD,OH,AGL,CE,Combined TRACON& Tower with Radar,0,1,24,0,25,0,0,28,0,28,0,1,52,0,53,6,0,6,59
04/27/2015,MFD,OH,AGL,CE,Combined TRACON& Tower with Radar,0,0,16,2,18,0,2,1,0,3,0,2,17,2,21,0,0,0,21
04/28/2015,MFD,OH,AGL,CE,Combined TRACON& Tower with Radar,0,3,29,8,40,0,2,19,4,25,0,5,48,12,65,0,6,6,71
04/29/2015,MFD,OH,AGL,CE,Combined TRACON& Tower with Radar,0,0,23,3,26,0,0,34,0,34,0,0,57,3,60,12,0,12,72
04/30/2015,MFD,OH,AGL,CE,Combined TRACON& Tower with Radar,0,0,20,12,32,0,0,0,0,0,0,0,20,12,32,6,0,6,38
05/01/2015,MFD,OH,AGL,CE,Combined TRACON& Tower with Radar,0,2,18,5,25,0,1,10,1,12,0,3,28,6,37,14,2,16,53
05/02/2015,MFD,OH,AGL,CE,Combined TRACON& Tower with Radar,0,1,26,0,27,0,0,36,4,40,0,1,62,4,67,16,0,16,83
05/03/2015,MFD,OH,AGL,CE,Combined TRACON& Tower with Radar,0,0,11,0,11,0,0,25,0,25,0,0,36,0,36,36,0,36,72
05/04/2015,MFD,OH,AGL,CE,Combined TRACON& Tower with Radar,0,0,6,0,6,0,0,4,0,4,0,0,10,0,10,0,0,0,10
05/05/2015,MFD,OH,AGL,CE,Combined TRACON& Tower with Radar,0,2,9,7,18,0,0,2,5,7,0,2,11,12,25,0,4,4,29
05/06/2015,MFD,OH,AGL,CE,Combined TRACON& Tower with Radar,3,7,31,4,45,0,6,18,6,30,3,13,49,10,75,10,10,20,95
05/07/2015,MFD,OH,AGL,CE,Combined TRACON& Tower with Radar,0,0,13,4,17,0,0,40,8,48,0,0,53,12,65,32,8,40,105
05/08/2015,MFD,OH,AGL,CE,Combined TRACON& Tower with Radar,0,2,15,16,33,0,1,18,0,19,0,3,33,16,52,4,8,12,64
05/09/2015,MFD,OH,AGL,CE,Combined TRACON& Tower with Radar,0,1,5,0,6,0,0,5,0,5,0,1,10,0,11,6,0,6,17
05/10/2015,MFD,OH,AGL,CE,Combined TRACON& Tower with Radar,0,2,4,0,6,0,0,4,0,4,0,2,8,0,10,2,0,2,12
05/11/2015,MFD,OH,AGL,CE,Combined TRACON& Tower with Radar,0,0,6,2,8,0,0,2,4,6,0,0,8,6,14,0,0,0,14
05/12/2015,MFD,OH,AGL,CE,Combined TRACON& Tower with Radar,0,4,15,5,24,0,0,5,9,14,0,4,20,14,38,0,4,4,42
05/13/2015,MFD,OH,AGL,CE,Combined TRACON& Tower with Radar,0,2,12,0,14,0,0,7,0,7,0,2,19,0,21,14,0,14,35
05/14/2015,MFD,OH,AGL,CE,Combined TRACON& Tower with Radar,0,0,11,6,17,0,0,21,0,21,0,0,32,6,38,28,0,28,66
05/15/2015,MFD,OH,AGL,CE,Combined TRACON& Tower with Radar,0,0,19,0,19,0,0,13,0,13,0,0,32,0,32,0,0,0,32
05/16/2015,MFD,OH,AGL,CE,Combined TRACON& Tower with Radar,0,0,10,1,11,0,0,2,0,2,0,0,12,1,13,0,0,0,13
05/17/2015,MFD,OH,AGL,CE,Combined TRACON& Tower with Radar,0,1,15,4,20,0,0,5,1,6,0,1,20,5,26,6,0,6,32
05/18/2015,MFD,OH,AGL,CE,Combined TRACON& Tower with Radar,0,2,24,2,28,0,1,5,0,6,0,3,29,2,34,0,0,0,34
05/19/2015,MFD,OH,AGL,CE,Combined TRACON& Tower with Radar,0,0,10,2,12,0,0,3,14,17,0,0,13,16,29,0,0,0,29
05/20/2015,MFD,OH,AGL,CE,Combined TRACON& Tower with Radar,0,3,26,12,41,0,1,23,8,32,0,4,49,20,73,0,0,0,73
05/21/2015,MFD,OH,AGL,CE,Combined TRACON& Tower with Radar,0,2,8,8,18,0,2,13,2,17,0,4,21,10,35,0,2,2,37
05/22/2015,MFD,OH,AGL,CE,Combined TRACON& Tower with Radar,0,1,11,1,13,0,3,10,0,13,0,4,21,1,26,0,0,0,26
05/23/2015,MFD,OH,AGL,CE,Combined TRACON& Tower with Radar,0,2,9,1,12,0,0,29,0,29,0,2,38,1,41,4,0,4,45
05/24/2015,MFD,OH,AGL,CE,Combined TRACON& Tower with Radar,0,3,4,0,7,0,2,11,2,15,0,5,15,2,22,14,0,14,36
05/25/2015,MFD,OH,AGL,CE,Combined TRACON& Tower with Radar,0,2,3,0,5,0,0,5,0,5,0,2,8,0,10,4,0,4,14
05/26/2015,MFD,OH,AGL,CE,Combined TRACON& Tower with Radar,0,2,6,9,17,0,0,1,3,4,0,2,7,12,21,0,4,4,25
05/27/2015,MFD,OH,AGL,CE,Combined TRACON& Tower with Radar,0,0,11,6,17,0,0,1,0,1,0,0,12,6,18,0,0,0,18
05/28/2015,MFD,OH,AGL,CE,Combined TRACON& Tower with Radar,0,4,18,7,29,0,3,33,5,41,0,7,51,12,70,0,0,0,70
05/29/2015,MFD,OH,AGL,CE,Combined TRACON& Tower with Radar,0,0,8,2,10,0,1,8,0,9,0,1,16,2,19,0,0,0,19
05/30/2015,MFD,OH,AGL,CE,Combined TRACON& Tower with Radar,0,4,5,0,9,0,0,6,0,6,0,4,11,0,15,0,0,0,15
05/31/2015,MFD,OH,AGL,CE,Combined TRACON& Tower with Radar,0,0,7,0,7,0,0,0,0,0,0,0,7,0,7,0,0,0,7
06/01/2015,MFD,OH,AGL,CE,Combined TRACON& Tower with Radar,0,0,25,6,31,0,0,1,0,1,0,0,26,6,32,0,0,0,32
06/02/2015,MFD,OH,AGL,CE,Combined TRACON& Tower with Radar,0,2,10,0,12,0,4,4,6,14,0,6,14,6,26,4,10,14,40
06/03/2015,MFD,OH,AGL,CE,Combined TRACON& Tower with Radar,0,3,28,7,38,0,0,19,8,27,0,3,47,15,65,16,0,16,81
06/04/2015,MFD,OH,AGL,CE,Combined TRACON& Tower with Radar,0,2,10,4,16,0,3,20,4,27,0,5,30,8,43,6,0,6,49
06/05/2015,MFD,OH,AGL,CE,Combined TRACON& Tower with Radar,0,0,10,0,10,0,0,8,0,8,0,0,18,0,18,16,0,16,34
06/06/2015,MFD,OH,AGL,CE,Combined TRACON& Tower with Radar,0,0,16,1,17,0,0,17,0,17,0,0,33,1,34,8,0,8,42
06/07/2015,MFD,OH,AGL,CE,Combined TRACON& Tower with Radar,0,1,12,7,20,0,1,5,8,14,0,2,17,15,34,0,0,0,34
06/08/2015,MFD,OH,AGL,CE,Combined TRACON& Tower with Radar,0,0,5,1,6,0,0,2,0,2,0,0,7,1,8,0,0,0,8
06/09/2015,MFD,OH,AGL,CE,Combined TRACON& Tower with Radar,0,4,23,6,33,0,2,13,11,26,0,6,36,17,59,14,8,22,81
06/10/2015,MFD,OH,AGL,CE,Combined TRACON& Tower with Radar,0,0,13,13,26,0,0,8,4,12,0,0,21,17,38,0,10,10,48
06/11/2015,MFD,OH,AGL,CE,Combined TRACON& Tower with Radar,0,0,37,3,40,0,2,23,0,25,0,2,60,3,65,2,0,2,67
06/12/2015,MFD,OH,AGL,CE,Combined TRACON& Tower with Radar,0,0,2,0,2,0,1,2,0,3,0,1,4,0,5,0,2,2,7
06/13/2015,MFD,OH,AGL,CE,Combined TRACON& Tower with Radar,0,0,6,0,6,0,0,6,0,6,0,0,12,0,12,8,0,8,20
06/14/2015,MFD,OH,AGL,CE,Combined TRACON& Tower with Radar,0,0,9,0,9,0,0,8,0,8,0,0,17,0,17,0,0,0,17
06/15/2015,MFD,OH,AGL,CE,Combined TRACON& Tower with Radar,0,1,0,4,5,0,0,0,0,0,0,1,0,4,5,0,0,0,5
06/16/2015,MFD,OH,AGL,CE,Combined TRACON& Tower with Radar,0,0,12,5,17,0,0,8,0,8,0,0,20,5,25,0,0,0,25
06/17/2015,MFD,OH,AGL,CE,Combined TRACON& Tower with Radar,0,0,15,13,28,0,0,2,1,3,0,0,17,14,31,10,22,32,63
06/18/2015,MFD,OH,AGL,CE,Combined TRACON& Tower with Radar,0,0,10,6,16,0,0,0,0,0,0,0,10,6,16,0,0,0,16
06/19/2015,MFD,OH,AGL,CE,Combined TRACON& Tower with Radar,0,0,22,4,26,0,1,14,0,15,0,1,36,4,41,20,0,20,61
06/20/2015,MFD,OH,AGL,CE,Combined TRACON& Tower with Radar,0,0,9,3,12,0,0,2,0,2,0,0,11,3,14,0,0,0,14
06/21/2015,MFD,OH,AGL,CE,Combined TRACON& Tower with Radar,0,0,9,1,10,0,0,9,0,9,0,0,18,1,19,4,0,4,23
06/22/2015,MFD,OH,AGL,CE,Combined TRACON& Tower with Radar,0,0,16,0,16,0,0,19,0,19,0,0,35,0,35,0,0,0,35
06/23/2015,MFD,OH,AGL,CE,Combined TRACON& Tower with Radar,0,2,17,7,26,0,0,11,5,16,0,2,28,12,42,14,10,24,66
06/24/2015,MFD,OH,AGL,CE,Combined TRACON& Tower with Radar,0,5,29,5,39,0,2,65,9,76,0,7,94,14,115,22,12,34,149
06/25/2015,MFD,OH,AGL,CE,Combined TRACON& Tower with Radar,0,1,3,2,6,0,0,5,0,5,0,1,8,2,11,0,0,0,11
06/26/2015,MFD,OH,AGL,CE,Combined TRACON& Tower with Radar,0,2,13,8,23,0,0,21,5,26,0,2,34,13,49,30,0,30,79
06/27/2015,MFD,OH,AGL,CE,Combined TRACON& Tower with Radar,0,0,4,0,4,0,0,8,0,8,0,0,12,0,12,0,0,0,12
06/28/2015,MFD,OH,AGL,CE,Combined TRACON& Tower with Radar,0,4,15,0,19,0,0,11,0,11,0,4,26,0,30,12,0,12,42
06/29/2015,MFD,OH,AGL,CE,Combined TRACON& Tower with Radar,0,1,11,2,14,0,0,3,0,3,0,1,14,2,17,0,0,0,17
06/30/2015,MFD,OH,AGL,CE,Combined TRACON& Tower with Radar,0,11,19,3,33,0,0,0,1,1,0,11,19,4,34,6,10,16,50
07/01/2015,MFD,OH,AGL,CE,Combined TRACON& Tower with Radar,0,7,21,7,35,0,0,23,5,28,0,7,44,12,63,0,0,0,63
07/02/2015,MFD,OH,AGL,CE,Combined TRACON& Tower with Radar,0,4,19,1,24,0,0,21,1,22,0,4,40,2,46,12,4,16,62
07/03/2015,MFD,OH,AGL,CE,Combined TRACON& Tower with Radar,0,0,14,0,14,0,0,32,0,32,0,0,46,0,46,50,0,50,96
07/04/2015,MFD,OH,AGL,CE,Combined TRACON& Tower with Radar,0,0,15,0,15,0,1,192,0,193,0,1,207,0,208,92,0,92,300
07/05/2015,MFD,OH,AGL,CE,Combined TRACON& Tower with Radar,0,5,12,0,17,0,2,21,0,23,0,7,33,0,40,2,0,2,42
07/06/2015,MFD,OH,AGL,CE,Combined TRACON& Tower with Radar,0,6,15,0,21,0,2,20,0,22,0,8,35,0,43,24,0,24,67
07/07/2015,MFD,OH,AGL,CE,Combined TRACON& Tower with Radar,0,4,11,4,19,0,0,2,24,26,0,4,13,28,45,0,18,18,63
07/08/2015,MFD,OH,AGL,CE,Combined TRACON& Tower with Radar,0,2,20,7,29,0,0,12,5,17,0,2,32,12,46,0,54,54,100
07/09/2015,MFD,OH,AGL,CE,Combined TRACON& Tower with Radar,0,0,10,8,18,0,0,0,0,0,0,0,10,8,18,0,0,0,18
07/10/2015,MFD,OH,AGL,CE,Combined TRACON& Tower with Radar,0,1,24,6,31,0,0,10,0,10,0,1,34,6,41,18,0,18,59
07/11/2015,MFD,OH,AGL,CE,Combined TRACON& Tower with Radar,0,0,22,2,24,0,0,27,1,28,0,0,49,3,52,2,2,4,56
07/12/2015,MFD,OH,AGL,CE,Combined TRACON& Tower with Radar,0,0,6,11,17,0,0,0,0,0,0,0,6,11,17,0,0,0,17
07/13/2015,MFD,OH,AGL,CE,Combined TRACON& Tower with Radar,0,0,4,5,9,0,0,6,0,6,0,0,10,5,15,0,0,0,15
07/14/2015,MFD,OH,AGL,CE,Combined TRACON& Tower with Radar,1,0,10,2,13,0,0,4,6,10,1,0,14,8,23,0,6,6,29
07/15/2015,MFD,OH,AGL,CE,Combined TRACON& Tower with Radar,0,0,10,8,18,0,0,11,0,11,0,0,21,8,29,10,0,10,39
07/16/2015,MFD,OH,AGL,CE,Combined TRACON& Tower with Radar,0,1,27,1,29,0,2,41,0,43,0,3,68,1,72,34,0,34,106
07/17/2015,MFD,OH,AGL,CE,Combined TRACON& Tower with Radar,0,0,8,3,11,0,0,1,0,1,0,0,9,3,12,0,0,0,12
07/18/2015,MFD,OH,AGL,CE,Combined TRACON& Tower with Radar,0,0,11,0,11,0,0,12,0,12,0,0,23,0,23,0,0,0,23
07/19/2015,MFD,OH,AGL,CE,Combined TRACON& Tower with Radar,0,0,6,2,8,0,0,9,0,9,0,0,15,2,17,0,0,0,17
07/20/2015,MFD,OH,AGL,CE,Combined TRACON& Tower with Radar,0,0,22,0,22,0,2,17,0,19,0,2,39,0,41,6,0,6,47
07/21/2015,MFD,OH,AGL,CE,Combined TRACON& Tower with Radar,0,3,6,2,11,0,1,18,0,19,0,4,24,2,30,8,0,8,38
07/22/2015,MFD,OH,AGL,CE,Combined TRACON& Tower with Radar,0,0,24,0,24,0,2,18,0,20,0,2,42,0,44,2,0,2,46
07/23/2015,MFD,OH,AGL,CE,Combined TRACON& Tower with Radar,0,0,24,2,26,0,4,22,2,28,0,4,46,4,54,14,0,14,68
07/24/2015,MFD,OH,AGL,CE,Combined TRACON& Tower with Radar,0,0,19,2,21,0,0,30,1,31,0,0,49,3,52,6,2,8,60
07/25/2015,MFD,OH,AGL,CE,Combined TRACON& Tower with Radar,0,2,13,2,17,0,0,23,0,23,0,2,36,2,40,0,0,0,40
07/26/2015,MFD,OH,AGL,CE,Combined TRACON& Tower with Radar,0,0,13,0,13,0,0,10,0,10,0,0,23,0,23,0,0,0,23
07/27/2015,MFD,OH,AGL,CE,Combined TRACON& Tower with Radar,0,1,19,2,22,0,0,18,0,18,0,1,37,2,40,16,0,16,56
07/28/2015,MFD,OH,AGL,CE,Combined TRACON& Tower with Radar,0,5,19,3,27,0,4,23,1,28,0,9,42,4,55,2,4,6,61
07/29/2015,MFD,OH,AGL,CE,Combined TRACON& Tower with Radar,0,2,17,0,19,0,1,10,14,25,0,3,27,14,44,0,18,18,62
07/30/2015,MFD,OH,AGL,CE,Combined TRACON& Tower with Radar,0,3,26,1,30,0,2,25,0,27,0,5,51,1,57,18,0,18,75
07/31/2015,MFD,OH,AGL,CE,Combined TRACON& Tower with Radar,0,3,17,2,22,0,5,27,0,32,0,8,44,2,54,0,0,0,54
08/01/2015,MFD,OH,AGL,CE,Combined TRACON& Tower with Radar,0,1,11,3,15,0,0,17,0,17,0,1,28,3,32,14,0,14,46
08/02/2015,MFD,OH,AGL,CE,Combined TRACON& Tower with Radar,0,6,19,3,28,0,0,16,4,20,0,6,35,7,48,0,0,0,48
08/03/2015,MFD,OH,AGL,CE,Combined TRACON& Tower with Radar,0,0,7,0,7,0,0,4,0,4,0,0,11,0,11,10,0,10,21
08/04/2015,MFD,OH,AGL,CE,Combined TRACON& Tower with Radar,0,0,29,2,31,0,0,9,4,13,0,0,38,6,44,6,0,6,50
08/05/2015,MFD,OH,AGL,CE,Combined TRACON& Tower with Radar,0,0,13,5,18,0,0,27,2,29,0,0,40,7,47,0,12,12,59
08/06/2015,MFD,OH,AGL,CE,Combined TRACON& Tower with Radar,0,0,23,12,35,0,0,19,12,31,0,0,42,24,66,0,30,30,96
08/07/2015,MFD,OH,AGL,CE,Combined TRACON& Tower with Radar,0,7,10,6,23,0,3,10,0,13,0,10,20,6,36,6,0,6,42
08/08/2015,MFD,OH,AGL,CE,Combined TRACON& Tower with Radar,0,0,23,1,24,0,0,37,0,37,0,0,60,1,61,6,0,6,67
08/09/2015,MFD,OH,AGL,CE,Combined TRACON& Tower with Radar,0,0,5,0,5,0,0,8,0,8,0,0,13,0,13,0,0,0,13
08/10/2015,MFD,OH,AGL,CE,Combined TRACON& Tower with Radar,0,0,8,0,8,0,0,0,0,0,0,0,8,0,8,0,0,0,8
08/11/2015,MFD,OH,AGL,CE,Combined TRACON& Tower with Radar,0,4,13,9,26,0,0,4,13,17,0,4,17,22,43,0,18,18,61
08/12/2015,MFD,OH,AGL,CE,Combined TRACON& Tower with Radar,0,4,19,6,29,0,0,13,0,13,0,4,32,6,42,6,2,8,50
08/13/2015,MFD,OH,AGL,CE,Combined TRACON& Tower with Radar,0,0,26,2,28,0,0,28,0,28,0,0,54,2,56,2,0,2,58
08/14/2015,MFD,OH,AGL,CE,Combined TRACON& Tower with Radar,0,0,20,2,22,0,0,14,0,14,0,0,34,2,36,20,0,20,56
08/15/2015,MFD,OH,AGL,CE,Combined TRACON& Tower with Radar,0,0,46,0,46,0,1,13,0,14,0,1,59,0,60,0,0,0,60
08/16/2015,MFD,OH,AGL,CE,Combined TRACON& Tower with Radar,0,0,11,0,11,0,0,25,0,25,0,0,36,0,36,16,0,16,52
08/17/2015,MFD,OH,AGL,CE,Combined TRACON& Tower with Radar,0,0,9,0,9,0,0,10,0,10,0,0,19,0,19,4,0,4,23
08/18/2015,MFD,OH,AGL,CE,Combined TRACON& Tower with Radar,0,0,10,5,15,0,0,8,13,21,0,0,18,18,36,6,10,16,52
08/19/2015,MFD,OH,AGL,CE,Combined TRACON& Tower with Radar,0,3,28,5,36,0,0,7,6,13,0,3,35,11,49,0,2,2,51
08/20/2015,MFD,OH,AGL,CE,Combined TRACON& Tower with Radar,1,5,13,5,24,0,4,4,5,13,1,9,17,10,37,10,2,12,49
08/21/2015,MFD,OH,AGL,CE,Combined TRACON& Tower with Radar,0,0,15,1,16,0,1,26,1,28,0,1,41,2,44,24,0,24,68
08/22/2015,MFD,OH,AGL,CE,Combined TRACON& Tower with Radar,0,2,20,1,23,0,0,20,0,20,0,2,40,1,43,0,0,0,43
08/23/2015,MFD,OH,AGL,CE,Combined TRACON& Tower with Radar,0,0,11,0,11,0,0,14,1,15,0,0,25,1,26,28,0,28,54
08/24/2015,MFD,OH,AGL,CE,Combined TRACON& Tower with Radar,0,0,12,6,18,0,0,16,3,19,0,0,28,9,37,2,0,2,39
08/25/2015,MFD,OH,AGL,CE,Combined TRACON& Tower with Radar,0,4,11,9,24,0,0,12,5,17,0,4,23,14,41,0,0,0,41
08/26/2015,MFD,OH,AGL,CE,Combined TRACON& Tower with Radar,0,4,6,7,17,0,0,3,2,5,0,4,9,9,22,0,0,0,22
08/27/2015,MFD,OH,AGL,CE,Combined TRACON& Tower with Radar,0,2,14,9,25,0,0,7,1,8,0,2,21,10,33,12,8,20,53
08/28/2015,MFD,OH,AGL,CE,Combined TRACON& Tower with Radar,0,2,16,2,20,0,0,13,0,13,0,2,29,2,33,8,0,8,41
08/29/2015,MFD,OH,AGL,CE,Combined TRACON& Tower with Radar,0,0,24,0,24,0,0,21,0,21,0,0,45,0,45,0,0,0,45
08/30/2015,MFD,OH,AGL,CE,Combined TRACON& Tower with Radar,0,1,4,0,5,0,0,7,0,7,0,1,11,0,12,0,0,0,12
08/31/2015,MFD,OH,AGL,CE,Combined TRACON& Tower with Radar,0,0,19,0,19,0,0,17,0,17,0,0,36,0,36,12,0,12,48
09/01/2015,MFD,OH,AGL,CE,Combined TRACON& Tower with Radar,0,1,14,3,18,0,0,4,1,5,0,1,18,4,23,0,0,0,23
09/02/2015,MFD,OH,AGL,CE,Combined TRACON& Tower with Radar,0,1,16,4,21,0,0,15,9,24,0,1,31,13,45,12,2,14,59
09/03/2015,MFD,OH,AGL,CE,Combined TRACON& Tower with Radar,0,2,9,11,22,0,0,8,5,13,0,2,17,16,35,6,24,30,65
09/04/2015,MFD,OH,AGL,CE,Combined TRACON& Tower with Radar,0,2,6,0,8,0,1,6,0,7,0,3,12,0,15,0,0,0,15
09/05/2015,MFD,OH,AGL,CE,Combined TRACON& Tower with Radar,0,1,10,0,11,0,0,7,0,7,0,1,17,0,18,0,0,0,18
09/06/2015,MFD,OH,AGL,CE,Combined TRACON& Tower with Radar,0,2,7,0,9,0,0,15,0,15,0,2,22,0,24,0,0,0,24
09/07/2015,MFD,OH,AGL,CE,Combined TRACON& Tower with Radar,0,2,6,0,8,0,0,16,0,16,0,2,22,0,24,16,0,16,40
09/08/2015,MFD,OH,AGL,CE,Combined TRACON& Tower with Radar,0,0,16,2,18,0,0,8,7,15,0,0,24,9,33,0,0,0,33
09/09/2015,MFD,OH,AGL,CE,Combined TRACON& Tower with Radar,0,2,11,15,28,0,0,4,4,8,0,2,15,19,36,0,0,0,36
09/10/2015,MFD,OH,AGL,CE,Combined TRACON& Tower with Radar,0,0,19,1,20,0,0,10,4,14,0,0,29,5,34,38,2,40,74
09/11/2015,MFD,OH,AGL,CE,Combined TRACON& Tower with Radar,0,0,5,3,8,0,0,20,0,20,0,0,25,3,28,2,0,2,30
09/12/2015,MFD,OH,AGL,CE,Combined TRACON& Tower with Radar,0,0,19,0,19,0,0,2,0,2,0,0,21,0,21,0,0,0,21
09/13/2015,MFD,OH,AGL,CE,Combined TRACON& Tower with Radar,0,0,8,5,13,0,0,14,4,18,0,0,22,9,31,6,4,10,41
09/14/2015,MFD,OH,AGL,CE,Combined TRACON& Tower with Radar,0,0,0,0,0,0,2,1,0,3,0,2,1,0,3,0,0,0,3
09/15/2015,MFD,OH,AGL,CE,Combined TRACON& Tower with Radar,0,0,3,0,3,0,0,3,0,3,0,0,6,0,6,0,0,0,6
09/16/2015,MFD,OH,AGL,CE,Combined TRACON& Tower with Radar,0,0,2,0,2,0,1,2,0,3,0,1,4,0,5,0,0,0,5
09/17/2015,MFD,OH,AGL,CE,Combined TRACON& Tower with Radar,0,0,3,4,7,0,0,1,0,1,0,0,4,4,8,0,0,0,8
09/18/2015,MFD,OH,AGL,CE,Combined TRACON& Tower with Radar,0,0,4,0,4,0,0,4,0,4,0,0,8,0,8,0,0,0,8
09/19/2015,MFD,OH,AGL,CE,Combined TRACON& Tower with Radar,0,0,0,0,0,0,0,0,0,0,0,0,0,0,0,0,0,0,0
09/20/2015,MFD,OH,AGL,CE,Combined TRACON& Tower with Radar,0,0,0,0,0,0,0,1,0,1,0,0,1,0,1,0,0,0,1
09/21/2015,MFD,OH,AGL,CE,Combined TRACON& Tower with Radar,0,0,2,0,2,0,0,2,0,2,0,0,4,0,4,0,0,0,4
09/22/2015,MFD,OH,AGL,CE,Combined TRACON& Tower with Radar,0,0,5,0,5,0,0,11,0,11,0,0,16,0,16,2,0,2,18
09/23/2015,MFD,OH,AGL,CE,Combined TRACON& Tower with Radar,0,2,11,11,24,0,0,11,1,12,0,2,22,12,36,12,22,34,70
09/24/2015,MFD,OH,AGL,CE,Combined TRACON& Tower with Radar,0,2,9,3,14,0,2,15,11,28,0,4,24,14,42,6,8,14,56
09/25/2015,MFD,OH,AGL,CE,Combined TRACON& Tower with Radar,0,1,13,4,18,0,3,32,0,35,0,4,45,4,53,2,4,6,59
09/26/2015,MFD,OH,AGL,CE,Combined TRACON& Tower with Radar,0,4,12,0,16,0,0,16,0,16,0,4,28,0,32,0,0,0,32
09/27/2015,MFD,OH,AGL,CE,Combined TRACON& Tower with Radar,0,1,9,1,11,0,0,9,0,9,0,1,18,1,20,0,0,0,20
09/28/2015,MFD,OH,AGL,CE,Combined TRACON& Tower with Radar,0,2,17,1,20,0,0,4,0,4,0,2,21,1,24,20,0,20,44
09/29/2015,MFD,OH,AGL,CE,Combined TRACON& Tower with Radar,0,5,9,9,23,0,0,0,2,2,0,5,9,11,25,0,0,0,25
09/30/2015,MFD,OH,AGL,CE,Combined TRACON& Tower with Radar,0,0,5,10,15,0,0,2,0,2,0,0,7,10,17,0,10,10,27
10/01/2015,MFD,OH,AGL,CE,Combined TRACON& Tower with Radar,0,0,11,12,23,0,0,0,0,0,0,0,11,12,23,0,0,0,23
10/02/2015,MFD,OH,AGL,CE,Combined TRACON& Tower with Radar,0,3,0,6,9,0,0,0,2,2,0,3,0,8,11,0,16,16,27
10/03/2015,MFD,OH,AGL,CE,Combined TRACON& Tower with Radar,0,0,0,0,0,0,1,1,0,2,0,1,1,0,2,0,0,0,2
10/04/2015,MFD,OH,AGL,CE,Combined TRACON& Tower with Radar,0,2,14,23,39,0,1,14,17,32,0,3,28,40,71,10,12,22,93
10/05/2015,MFD,OH,AGL,CE,Combined TRACON& Tower with Radar,0,6,20,0,26,0,1,17,0,18,0,7,37,0,44,8,0,8,52
10/06/2015,MFD,OH,AGL,CE,Combined TRACON& Tower with Radar,0,1,13,4,18,0,0,9,17,26,0,1,22,21,44,10,12,22,66
10/07/2015,MFD,OH,AGL,CE,Combined TRACON& Tower with Radar,1,1,27,5,34,0,0,11,23,34,1,1,38,28,68,0,20,20,88
10/08/2015,MFD,OH,AGL,CE,Combined TRACON& Tower with Radar,1,1,15,7,24,0,1,16,7,24,1,2,31,14,48,10,0,10,58
10/09/2015,MFD,OH,AGL,CE,Combined TRACON& Tower with Radar,0,1,14,0,15,0,0,0,0,0,0,1,14,0,15,0,0,0,15
10/10/2015,MFD,OH,AGL,CE,Combined TRACON& Tower with Radar,0,3,11,0,14,0,1,21,0,22,0,4,32,0,36,4,6,10,46
10/11/2015,MFD,OH,AGL,CE,Combined TRACON& Tower with Radar,0,0,21,0,21,0,0,18,0,18,0,0,39,0,39,2,0,2,41
10/12/2015,MFD,OH,AGL,CE,Combined TRACON& Tower with Radar,0,1,7,0,8,0,3,8,0,11,0,4,15,0,19,0,0,0,19
10/13/2015,MFD,OH,AGL,CE,Combined TRACON& Tower with Radar,0,2,17,2,21,0,0,6,14,20,0,2,23,16,41,4,0,4,45
10/14/2015,MFD,OH,AGL,CE,Combined TRACON& Tower with Radar,0,0,19,4,23,0,2,27,4,33,0,2,46,8,56,30,0,30,86
10/15/2015,MFD,OH,AGL,CE,Combined TRACON& Tower with Radar,0,0,16,8,24,0,0,11,8,19,0,0,27,16,43,4,8,12,55
10/16/2015,MFD,OH,AGL,CE,Combined TRACON& Tower with Radar,0,0,23,3,26,0,0,26,3,29,0,0,49,6,55,10,6,16,71
10/17/2015,MFD,OH,AGL,CE,Combined TRACON& Tower with Radar,0,0,7,3,10,0,0,17,1,18,0,0,24,4,28,8,0,8,36
10/18/2015,MFD,OH,AGL,CE,Combined TRACON& Tower with Radar,0,2,9,0,11,0,0,7,0,7,0,2,16,0,18,0,0,0,18
10/19/2015,MFD,OH,AGL,CE,Combined TRACON& Tower with Radar,0,0,9,9,18,0,1,14,6,21,0,1,23,15,39,10,8,18,57
10/20/2015,MFD,OH,AGL,CE,Combined TRACON& Tower with Radar,0,0,10,5,15,0,1,9,13,23,0,1,19,18,38,8,28,36,74
10/21/2015,MFD,OH,AGL,CE,Combined TRACON& Tower with Radar,0,0,19,7,26,0,0,18,9,27,0,0,37,16,53,16,4,20,73
10/22/2015,MFD,OH,AGL,CE,Combined TRACON& Tower with Radar,1,2,9,3,15,0,1,15,15,31,1,3,24,18,46,8,4,12,58
10/23/2015,MFD,OH,AGL,CE,Combined TRACON& Tower with Radar,1,2,17,0,20,0,1,24,0,25,1,3,41,0,45,30,0,30,75
10/24/2015,MFD,OH,AGL,CE,Combined TRACON& Tower with Radar,2,2,14,0,18,0,0,4,0,4,2,2,18,0,22,0,0,0,22
10/25/2015,MFD,OH,AGL,CE,Combined TRACON& Tower with Radar,0,2,10,0,12,0,2,17,0,19,0,4,27,0,31,0,0,0,31
10/26/2015,MFD,OH,AGL,CE,Combined TRACON& Tower with Radar,0,2,15,2,19,0,3,21,6,30,0,5,36,8,49,10,4,14,63
10/27/2015,MFD,OH,AGL,CE,Combined TRACON& Tower with Radar,0,2,6,11,19,0,0,6,3,9,0,2,12,14,28,4,4,8,36
10/28/2015,MFD,OH,AGL,CE,Combined TRACON& Tower with Radar,0,0,6,15,21,0,0,0,1,1,0,0,6,16,22,0,26,26,48
10/29/2015,MFD,OH,AGL,CE,Combined TRACON& Tower with Radar,0,2,5,4,11,0,0,4,5,9,0,2,9,9,20,0,10,10,30
10/30/2015,MFD,OH,AGL,CE,Combined TRACON& Tower with Radar,0,4,12,0,16,0,0,7,0,7,0,4,19,0,23,0,0,0,23
10/31/2015,MFD,OH,AGL,CE,Combined TRACON& Tower with Radar,0,1,8,0,9,0,0,13,0,13,0,1,21,0,22,12,0,12,34
11/01/2015,MFD,OH,AGL,CE,Combined TRACON& Tower with Radar,0,0,1,0,1,0,0,5,0,5,0,0,6,0,6,8,0,8,14
11/02/2015,MFD,OH,AGL,CE,Combined TRACON& Tower with Radar,0,4,15,3,22,0,4,33,0,37,0,8,48,3,59,6,0,6,65
11/03/2015,MFD,OH,AGL,CE,Combined TRACON& Tower with Radar,0,5,31,10,46,0,0,30,8,38,0,5,61,18,84,6,20,26,110
11/04/2015,MFD,OH,AGL,CE,Combined TRACON& Tower with Radar,0,3,15,5,23,0,1,19,4,24,0,4,34,9,47,12,0,12,59
11/05/2015,MFD,OH,AGL,CE,Combined TRACON& Tower with Radar,0,3,3,5,11,0,2,15,3,20,0,5,18,8,31,0,4,4,35
11/06/2015,MFD,OH,AGL,CE,Combined TRACON& Tower with Radar,0,4,3,4,11,0,1,2,11,14,0,5,5,15,25,0,12,12,37
11/07/2015,MFD,OH,AGL,CE,Combined TRACON& Tower with Radar,0,0,7,2,9,0,1,14,0,15,0,1,21,2,24,0,0,0,24
11/08/2015,MFD,OH,AGL,CE,Combined TRACON& Tower with Radar,0,4,21,6,31,0,0,21,23,44,0,4,42,29,75,6,0,6,81
11/09/2015,MFD,OH,AGL,CE,Combined TRACON& Tower with Radar,0,6,25,0,31,0,0,12,0,12,0,6,37,0,43,0,0,0,43
11/10/2015,MFD,OH,AGL,CE,Combined TRACON& Tower with Radar,1,4,14,9,28,0,0,0,0,0,1,4,14,9,28,0,0,0,28
11/11/2015,MFD,OH,AGL,CE,Combined TRACON& Tower with Radar,0,5,15,0,20,0,0,11,0,11,0,5,26,0,31,0,0,0,31
11/12/2015,MFD,OH,AGL,CE,Combined TRACON& Tower with Radar,0,3,5,0,8,0,0,0,0,0,0,3,5,0,8,0,0,0,8
11/13/2015,MFD,OH,AGL,CE,Combined TRACON& Tower with Radar,0,8,1,3,12,0,0,1,1,2,0,8,2,4,14,0,0,0,14
11/14/2015,MFD,OH,AGL,CE,Combined TRACON& Tower with Radar,0,2,4,0,6,0,0,12,0,12,0,2,16,0,18,0,0,0,18
11/15/2015,MFD,OH,AGL,CE,Combined TRACON& Tower with Radar,0,0,8,0,8,0,0,21,0,21,0,0,29,0,29,4,0,4,33
11/16/2015,MFD,OH,AGL,CE,Combined TRACON& Tower with Radar,0,2,9,2,13,0,1,24,0,25,0,3,33,2,38,14,0,14,52
11/17/2015,MFD,OH,AGL,CE,Combined TRACON& Tower with Radar,0,0,9,4,13,0,0,9,10,19,0,0,18,14,32,8,6,14,46
11/18/2015,MFD,OH,AGL,CE,Combined TRACON& Tower with Radar,0,0,2,0,2,0,0,0,0,0,0,0,2,0,2,0,0,0,2
11/19/2015,MFD,OH,AGL,CE,Combined TRACON& Tower with Radar,0,4,14,16,34,0,0,2,4,6,0,4,16,20,40,0,0,0,40
11/20/2015,MFD,OH,AGL,CE,Combined TRACON& Tower with Radar,0,2,15,4,21,0,2,19,0,21,0,4,34,4,42,0,0,0,42
11/21/2015,MFD,OH,AGL,CE,Combined TRACON& Tower with Radar,0,2,5,0,7,0,0,2,0,2,0,2,7,0,9,10,0,10,19
11/22/2015,MFD,OH,AGL,CE,Combined TRACON& Tower with Radar,0,0,5,0,5,0,0,7,0,7,0,0,12,0,12,20,0,20,32
11/23/2015,MFD,OH,AGL,CE,Combined TRACON& Tower with Radar,0,1,7,0,8,0,0,6,0,6,0,1,13,0,14,0,0,0,14
11/24/2015,MFD,OH,AGL,CE,Combined TRACON& Tower with Radar,0,5,18,5,28,0,2,27,6,35,0,7,45,11,63,50,2,52,115
11/25/2015,MFD,OH,AGL,CE,Combined TRACON& Tower with Radar,0,3,23,2,28,0,1,27,0,28,0,4,50,2,56,16,0,16,72
11/26/2015,MFD,OH,AGL,CE,Combined TRACON& Tower with Radar,0,0,3,0,3,0,0,3,0,3,0,0,6,0,6,2,0,2,8
11/27/2015,MFD,OH,AGL,CE,Combined TRACON& Tower with Radar,0,2,1,0,3,0,0,1,0,1,0,2,2,0,4,0,0,0,4
11/28/2015,MFD,OH,AGL,CE,Combined TRACON& Tower with Radar,0,0,4,0,4,0,0,0,0,0,0,0,4,0,4,0,0,0,4
11/29/2015,MFD,OH,AGL,CE,Combined TRACON& Tower with Radar,0,2,29,0,31,0,0,16,0,16,0,2,45,0,47,4,0,4,51
11/30/2015,MFD,OH,AGL,CE,Combined TRACON& Tower with Radar,0,0,11,6,17,0,0,3,0,3,0,0,14,6,20,0,0,0,20
12/01/2015,MFD,OH,AGL,CE,Combined TRACON& Tower with Radar,0,0,4,6,10,0,0,0,0,0,0,0,4,6,10,0,0,0,10
12/02/2015,MFD,OH,AGL,CE,Combined TRACON& Tower with Radar,0,0,11,16,27,0,0,2,4,6,0,0,13,20,33,0,38,38,71
12/03/2015,MFD,OH,AGL,CE,Combined TRACON& Tower with Radar,0,2,8,6,16,0,0,2,0,2,0,2,10,6,18,0,0,0,18
12/04/2015,MFD,OH,AGL,CE,Combined TRACON& Tower with Radar,0,0,11,3,14,0,0,0,0,0,0,0,11,3,14,0,0,0,14
12/05/2015,MFD,OH,AGL,CE,Combined TRACON& Tower with Radar,0,0,1,0,1,0,0,2,14,16,0,0,3,14,17,42,0,42,59
12/06/2015,MFD,OH,AGL,CE,Combined TRACON& Tower with Radar,0,0,16,2,18,0,0,25,0,25,0,0,41,2,43,10,0,10,53
12/07/2015,MFD,OH,AGL,CE,Combined TRACON& Tower with Radar,0,6,31,0,37,0,1,15,0,16,0,7,46,0,53,10,0,10,63
12/08/2015,MFD,OH,AGL,CE,Combined TRACON& Tower with Radar,0,2,22,5,29,0,1,4,16,21,0,3,26,21,50,0,18,18,68
12/09/2015,MFD,OH,AGL,CE,Combined TRACON& Tower with Radar,0,2,21,2,25,0,0,7,0,7,0,2,28,2,32,0,0,0,32
12/10/2015,MFD,OH,AGL,CE,Combined TRACON& Tower with Radar,0,0,5,3,8,0,0,6,14,20,0,0,11,17,28,0,28,28,56
12/11/2015,MFD,OH,AGL,CE,Combined TRACON& Tower with Radar,0,0,20,13,33,0,0,17,0,17,0,0,37,13,50,0,0,0,50
12/12/2015,MFD,OH,AGL,CE,Combined TRACON& Tower with Radar,0,0,15,0,15,0,0,1,0,1,0,0,16,0,16,0,0,0,16
12/13/2015,MFD,OH,AGL,CE,Combined TRACON& Tower with Radar,0,0,7,0,7,0,0,12,1,13,0,0,19,1,20,0,0,0,20
12/14/2015,MFD,OH,AGL,CE,Combined TRACON& Tower with Radar,0,0,6,2,8,0,0,0,0,0,0,0,6,2,8,0,4,4,12
12/15/2015,MFD,OH,AGL,CE,Combined TRACON& Tower with Radar,0,6,7,7,20,0,0,1,0,1,0,6,8,7,21,0,0,0,21
12/16/2015,MFD,OH,AGL,CE,Combined TRACON& Tower with Radar,0,6,30,15,51,0,0,20,23,43,0,6,50,38,94,12,28,40,134
12/17/2015,MFD,OH,AGL,CE,Combined TRACON& Tower with Radar,0,3,19,5,27,0,0,13,1,14,0,3,32,6,41,14,0,14,55
12/18/2015,MFD,OH,AGL,CE,Combined TRACON& Tower with Radar,0,0,10,5,15,0,0,5,9,14,0,0,15,14,29,0,22,22,51
12/19/2015,MFD,OH,AGL,CE,Combined TRACON& Tower with Radar,0,2,2,0,4,0,0,2,0,2,0,2,4,0,6,0,0,0,6
12/20/2015,MFD,OH,AGL,CE,Combined TRACON& Tower with Radar,0,2,11,0,13,0,0,15,0,15,0,2,26,0,28,0,0,0,28
12/21/2015,MFD,OH,AGL,CE,Combined TRACON& Tower with Radar,0,3,3,0,6,0,0,0,0,0,0,3,3,0,6,0,0,0,6
12/22/2015,MFD,OH,AGL,CE,Combined TRACON& Tower with Radar,0,2,16,14,32,0,0,7,6,13,0,2,23,20,45,8,20,28,73
12/23/2015,MFD,OH,AGL,CE,Combined TRACON& Tower with Radar,0,0,5,4,9,0,0,0,8,8,0,0,5,12,17,0,0,0,17
12/24/2015,MFD,OH,AGL,CE,Combined TRACON& Tower with Radar,0,0,2,0,2,0,0,13,0,13,0,0,15,0,15,2,0,2,17
12/25/2015,MFD,OH,AGL,CE,Combined TRACON& Tower with Radar,0,2,4,0,6,0,0,3,0,3,0,2,7,0,9,0,0,0,9
12/26/2015,MFD,OH,AGL,CE,Combined TRACON& Tower with Radar,0,0,19,0,19,0,0,0,0,0,0,0,19,0,19,0,0,0,19
12/27/2015,MFD,OH,AGL,CE,Combined TRACON& Tower with Radar,0,0,0,0,0,0,0,0,0,0,0,0,0,0,0,0,0,0,0
12/28/2015,MFD,OH,AGL,CE,Combined TRACON& Tower with Radar,0,0,0,0,0,0,0,0,0,0,0,0,0,0,0,0,0,0,0
12/29/2015,MFD,OH,AGL,CE,Combined TRACON& Tower with Radar,0,2,3,12,17,0,0,3,8,11,0,2,6,20,28,20,10,30,58
12/30/2015,MFD,OH,AGL,CE,Combined TRACON& Tower with Radar,0,0,8,5,13,0,0,15,1,16,0,0,23,6,29,0,14,14,43
12/31/2015,MFD,OH,AGL,CE,Combined TRACON& Tower with Radar,0,0,3,0,3,0,0,1,0,1,0,0,4,0,4,0,0,0,4
01/01/2016,MFD,OH,AGL,CE,Combined TRACON& Tower with Radar,0,1,4,0,5,0,1,6,0,7,0,2,10,0,12,0,0,0,12
01/02/2016,MFD,OH,AGL,CE,Combined TRACON& Tower with Radar,0,0,3,1,4,0,1,4,0,5,0,1,7,1,9,0,0,0,9
01/03/2016,MFD,OH,AGL,CE,Combined TRACON& Tower with Radar,0,1,1,0,2,0,0,0,0,0,0,1,1,0,2,0,0,0,2
01/04/2016,MFD,OH,AGL,CE,Combined TRACON& Tower with Radar,0,2,6,0,8,0,0,2,0,2,0,2,8,0,10,20,0,20,30
01/05/2016,MFD,OH,AGL,CE,Combined TRACON& Tower with Radar,0,0,23,4,27,0,1,15,14,30,0,1,38,18,57,22,4,26,83
01/06/2016,MFD,OH,AGL,CE,Combined TRACON& Tower with Radar,0,0,18,4,22,0,0,25,22,47,0,0,43,26,69,6,9,15,84
01/07/2016,MFD,OH,AGL,CE,Combined TRACON& Tower with Radar,0,6,20,5,31,0,0,19,11,30,0,6,39,16,61,48,0,48,109
01/08/2016,MFD,OH,AGL,CE,Combined TRACON& Tower with Radar,0,0,0,5,5,0,0,1,2,3,0,0,1,7,8,0,0,0,8
01/09/2016,MFD,OH,AGL,CE,Combined TRACON& Tower with Radar,0,0,14,0,14,0,0,2,0,2,0,0,16,0,16,0,0,0,16
01/10/2016,MFD,OH,AGL,CE,Combined TRACON& Tower with Radar,0,0,0,0,0,0,0,0,0,0,0,0,0,0,0,0,0,0,0
01/11/2016,MFD,OH,AGL,CE,Combined TRACON& Tower with Radar,0,0,2,0,2,0,0,2,0,2,0,0,4,0,4,0,0,0,4
01/12/2016,MFD,OH,AGL,CE,Combined TRACON& Tower with Radar,0,0,0,0,0,0,0,0,0,0,0,0,0,0,0,0,0,0,0
01/13/2016,MFD,OH,AGL,CE,Combined TRACON& Tower with Radar,0,2,2,0,4,0,2,1,0,3,0,4,3,0,7,0,0,0,7
01/14/2016,MFD,OH,AGL,CE,Combined TRACON& Tower with Radar,0,1,10,11,22,0,1,8,12,21,0,2,18,23,43,8,0,8,51
01/15/2016,MFD,OH,AGL,CE,Combined TRACON& Tower with Radar,0,1,4,0,5,0,1,4,0,5,0,2,8,0,10,0,0,0,10
01/16/2016,MFD,OH,AGL,CE,Combined TRACON& Tower with Radar,0,0,0,0,0,0,0,2,0,2,0,0,2,0,2,0,0,0,2
01/17/2016,MFD,OH,AGL,CE,Combined TRACON& Tower with Radar,0,0,1,0,1,0,0,0,0,0,0,0,1,0,1,0,0,0,1
01/18/2016,MFD,OH,AGL,CE,Combined TRACON& Tower with Radar,0,0,9,0,9,0,0,2,0,2,0,0,11,0,11,0,0,0,11
01/19/2016,MFD,OH,AGL,CE,Combined TRACON& Tower with Radar,0,2,8,7,17,0,0,8,13,21,0,2,16,20,38,0,0,0,38
01/20/2016,MFD,OH,AGL,CE,Combined TRACON& Tower with Radar,0,0,0,0,0,0,0,0,0,0,0,0,0,0,0,0,0,0,0
01/21/2016,MFD,OH,AGL,CE,Combined TRACON& Tower with Radar,0,1,8,8,17,0,3,10,11,24,0,4,18,19,41,16,10,26,67
01/22/2016,MFD,OH,AGL,CE,Combined TRACON& Tower with Radar,0,1,22,0,23,0,2,10,0,12,0,3,32,0,35,24,0,24,59
01/23/2016,MFD,OH,AGL,CE,Combined TRACON& Tower with Radar,0,0,3,0,3,0,0,2,0,2,0,0,5,0,5,10,0,10,15
01/24/2016,MFD,OH,AGL,CE,Combined TRACON& Tower with Radar,0,3,20,0,23,0,0,26,0,26,0,3,46,0,49,18,0,18,67
01/25/2016,MFD,OH,AGL,CE,Combined TRACON& Tower with Radar,0,2,8,5,15,0,0,10,3,13,0,2,18,8,28,2,0,2,30
01/26/2016,MFD,OH,AGL,CE,Combined TRACON& Tower with Radar,0,0,7,2,9,0,0,0,10,10,0,0,7,12,19,0,6,6,25
01/27/2016,MFD,OH,AGL,CE,Combined TRACON& Tower with Radar,0,0,11,5,16,0,2,4,8,14,0,2,15,13,30,0,22,22,52
01/28/2016,MFD,OH,AGL,CE,Combined TRACON& Tower with Radar,0,2,5,8,15,0,0,3,8,11,0,2,8,16,26,10,0,10,36
01/29/2016,MFD,OH,AGL,CE,Combined TRACON& Tower with Radar,0,0,4,0,4,0,1,6,0,7,0,1,10,0,11,8,0,8,19
01/30/2016,MFD,OH,AGL,CE,Combined TRACON& Tower with Radar,0,4,5,0,9,0,0,6,0,6,0,4,11,0,15,0,0,0,15
01/31/2016,MFD,OH,AGL,CE,Combined TRACON& Tower with Radar,0,0,2,0,2,0,0,0,0,0,0,0,2,0,2,0,0,0,2
02/01/2016,MFD,OH,AGL,CE,Combined TRACON& Tower with Radar,0,2,16,0,18,0,0,14,0,14,0,2,30,0,32,20,0,20,52
02/02/2016,MFD,OH,AGL,CE,Combined TRACON& Tower with Radar,0,0,9,4,13,0,0,5,7,12,0,0,14,11,25,10,2,12,37
02/03/2016,MFD,OH,AGL,CE,Combined TRACON& Tower with Radar,0,0,7,0,7,0,0,1,0,1,0,0,8,0,8,4,0,4,12
02/04/2016,MFD,OH,AGL,CE,Combined TRACON& Tower with Radar,0,0,11,19,30,0,0,0,0,0,0,0,11,19,30,0,0,0,30
02/05/2016,MFD,OH,AGL,CE,Combined TRACON& Tower with Radar,0,1,37,5,43,0,2,37,11,50,0,3,74,16,93,40,2,42,135
02/06/2016,MFD,OH,AGL,CE,Combined TRACON& Tower with Radar,0,3,21,0,24,0,1,34,0,35,0,4,55,0,59,8,0,8,67
02/07/2016,MFD,OH,AGL,CE,Combined TRACON& Tower with Radar,0,0,17,0,17,0,0,18,12,30,0,0,35,12,47,0,0,0,47
02/08/2016,MFD,OH,AGL,CE,Combined TRACON& Tower with Radar,0,0,6,0,6,0,0,0,0,0,0,0,6,0,6,0,0,0,6
02/09/2016,MFD,OH,AGL,CE,Combined TRACON& Tower with Radar,0,0,5,12,17,0,0,1,0,1,0,0,6,12,18,0,0,0,18
02/10/2016,MFD,OH,AGL,CE,Combined TRACON& Tower with Radar,0,0,3,0,3,0,0,0,0,0,0,0,3,0,3,0,0,0,3
02/11/2016,MFD,OH,AGL,CE,Combined TRACON& Tower with Radar,0,3,3,4,10,0,0,4,6,10,0,3,7,10,20,0,0,0,20
02/12/2016,MFD,OH,AGL,CE,Combined TRACON& Tower with Radar,0,1,12,2,15,0,2,6,0,8,0,3,18,2,23,8,0,8,31
02/13/2016,MFD,OH,AGL,CE,Combined TRACON& Tower with Radar,0,0,4,0,4,0,1,3,0,4,0,1,7,0,8,0,0,0,8
02/14/2016,MFD,OH,AGL,CE,Combined TRACON& Tower with Radar,0,2,6,0,8,0,0,7,0,7,0,2,13,0,15,0,0,0,15
02/15/2016,MFD,OH,AGL,CE,Combined TRACON& Tower with Radar,0,0,0,0,0,0,0,0,0,0,0,0,0,0,0,0,0,0,0
02/16/2016,MFD,OH,AGL,CE,Combined TRACON& Tower with Radar,0,0,4,0,4,0,0,0,0,0,0,0,4,0,4,0,0,0,4
02/17/2016,MFD,OH,AGL,CE,Combined TRACON& Tower with Radar,0,0,13,6,19,0,2,3,3,8,0,2,16,9,27,0,0,0,27
02/18/2016,MFD,OH,AGL,CE,Combined TRACON& Tower with Radar,0,5,31,3,39,0,3,16,9,28,0,8,47,12,67,30,48,78,145
02/19/2016,MFD,OH,AGL,CE,Combined TRACON& Tower with Radar,0,1,3,2,6,0,1,2,0,3,0,2,5,2,9,0,0,0,9
02/20/2016,MFD,OH,AGL,CE,Combined TRACON& Tower with Radar,0,2,4,2,8,0,0,5,0,5,0,2,9,2,13,0,0,0,13
02/21/2016,MFD,OH,AGL,CE,Combined TRACON& Tower with Radar,0,2,22,0,24,0,0,25,0,25,0,2,47,0,49,18,0,18,67
02/22/2016,MFD,OH,AGL,CE,Combined TRACON& Tower with Radar,0,0,9,0,9,0,0,8,0,8,0,0,17,0,17,0,0,0,17
02/23/2016,MFD,OH,AGL,CE,Combined TRACON& Tower with Radar,0,2,4,1,7,0,0,2,1,3,0,2,6,2,10,14,6,20,30
02/24/2016,MFD,OH,AGL,CE,Combined TRACON& Tower with Radar,0,0,2,0,2,0,0,1,0,1,0,0,3,0,3,0,0,0,3
02/25/2016,MFD,OH,AGL,CE,Combined TRACON& Tower with Radar,0,0,0,2,2,0,0,0,0,0,0,0,0,2,2,0,0,0,2
02/26/2016,MFD,OH,AGL,CE,Combined TRACON& Tower with Radar,0,0,3,2,5,0,0,4,0,4,0,0,7,2,9,0,0,0,9
02/27/2016,MFD,OH,AGL,CE,Combined TRACON& Tower with Radar,0,0,13,4,17,0,0,17,0,17,0,0,30,4,34,46,0,46,80
02/28/2016,MFD,OH,AGL,CE,Combined TRACON& Tower with Radar,0,2,4,1,7,0,0,4,0,4,0,2,8,1,11,2,0,2,13
02/29/2016,MFD,OH,AGL,CE,Combined TRACON& Tower with Radar,0,2,6,1,9,0,0,2,0,2,0,2,8,1,11,0,0,0,11
03/01/2016,MFD,OH,AGL,CE,Combined TRACON& Tower with Radar,0,2,1,2,5,0,0,2,0,2,0,2,3,2,7,0,0,0,7
03/02/2016,MFD,OH,AGL,CE,Combined TRACON& Tower with Radar,0,0,6,4,10,0,0,0,1,1,0,0,6,5,11,0,0,0,11
03/03/2016,MFD,OH,AGL,CE,Combined TRACON& Tower with Radar,0,1,5,4,10,0,0,2,0,2,0,1,7,4,12,0,0,0,12
03/04/2016,MFD,OH,AGL,CE,Combined TRACON& Tower with Radar,0,3,5,0,8,0,0,1,0,1,0,3,6,0,9,0,0,0,9
03/05/2016,MFD,OH,AGL,CE,Combined TRACON& Tower with Radar,0,0,1,0,1,0,0,0,0,0,0,0,1,0,1,0,0,0,1
03/06/2016,MFD,OH,AGL,CE,Combined TRACON& Tower with Radar,0,0,9,4,13,0,0,1,0,1,0,0,10,4,14,6,0,6,20
03/07/2016,MFD,OH,AGL,CE,Combined TRACON& Tower with Radar,0,0,15,0,15,0,0,16,2,18,0,0,31,2,33,0,0,0,33
03/08/2016,MFD,OH,AGL,CE,Combined TRACON& Tower with Radar,0,0,19,6,25,0,0,12,2,14,0,0,31,8,39,14,2,16,55
03/09/2016,MFD,OH,AGL,CE,Combined TRACON& Tower with Radar,0,2,13,4,19,0,0,5,4,9,0,2,18,8,28,8,10,18,46
03/10/2016,MFD,OH,AGL,CE,Combined TRACON& Tower with Radar,0,2,4,0,6,0,0,0,0,0,0,2,4,0,6,0,0,0,6
03/11/2016,MFD,OH,AGL,CE,Combined TRACON& Tower with Radar,0,0,12,0,12,0,0,7,0,7,0,0,19,0,19,14,0,14,33
03/12/2016,MFD,OH,AGL,CE,Combined TRACON& Tower with Radar,0,0,35,0,35,0,0,41,0,41,0,0,76,0,76,8,0,8,84
03/13/2016,MFD,OH,AGL,CE,Combined TRACON& Tower with Radar,0,2,0,0,2,0,0,0,0,0,0,2,0,0,2,0,0,0,2
03/14/2016,MFD,OH,AGL,CE,Combined TRACON& Tower with Radar,0,0,12,0,12,0,0,3,0,3,0,0,15,0,15,0,0,0,15
03/15/2016,MFD,OH,AGL,CE,Combined TRACON& Tower with Radar,0,4,24,5,33,0,0,0,7,7,0,4,24,12,40,0,14,14,54
03/16/2016,MFD,OH,AGL,CE,Combined TRACON& Tower with Radar,0,0,9,5,14,0,0,1,6,7,0,0,10,11,21,0,2,2,23
03/17/2016,MFD,OH,AGL,CE,Combined TRACON& Tower with Radar,0,0,8,8,16,0,0,3,0,3,0,0,11,8,19,0,4,4,23
03/18/2016,MFD,OH,AGL,CE,Combined TRACON& Tower with Radar,0,0,16,2,18,0,1,4,2,7,0,1,20,4,25,8,0,8,33
03/19/2016,MFD,OH,AGL,CE,Combined TRACON& Tower with Radar,0,0,14,0,14,0,0,15,0,15,0,0,29,0,29,22,0,22,51
03/20/2016,MFD,OH,AGL,CE,Combined TRACON& Tower with Radar,0,0,8,0,8,0,0,5,0,5,0,0,13,0,13,0,0,0,13
03/21/2016,MFD,OH,AGL,CE,Combined TRACON& Tower with Radar,0,3,28,0,31,0,4,15,0,19,0,7,43,0,50,0,0,0,50
03/22/2016,MFD,OH,AGL,CE,Combined TRACON& Tower with Radar,0,4,10,0,14,0,0,6,4,10,0,4,16,4,24,0,8,8,32
03/23/2016,MFD,OH,AGL,CE,Combined TRACON& Tower with Radar,0,4,14,3,21,0,0,8,1,9,0,4,22,4,30,0,6,6,36
03/24/2016,MFD,OH,AGL,CE,Combined TRACON& Tower with Radar,0,0,0,5,5,0,0,0,1,1,0,0,0,6,6,0,0,0,6
03/25/2016,MFD,OH,AGL,CE,Combined TRACON& Tower with Radar,0,0,18,2,20,0,0,0,0,0,0,0,18,2,20,0,0,0,20
03/26/2016,MFD,OH,AGL,CE,Combined TRACON& Tower with Radar,0,0,16,0,16,0,1,48,0,49,0,1,64,0,65,34,0,34,99
03/27/2016,MFD,OH,AGL,CE,Combined TRACON& Tower with Radar,0,0,4,0,4,0,0,8,1,9,0,0,12,1,13,0,0,0,13
03/28/2016,MFD,OH,AGL,CE,Combined TRACON& Tower with Radar,0,0,6,0,6,0,0,0,0,0,0,0,6,0,6,0,0,0,6
03/29/2016,MFD,OH,AGL,CE,Combined TRACON& Tower with Radar,0,0,36,2,38,0,0,29,2,31,0,0,65,4,69,20,6,26,95
03/30/2016,MFD,OH,AGL,CE,Combined TRACON& Tower with Radar,0,5,20,6,31,0,8,8,8,24,0,13,28,14,55,14,20,34,89
03/31/2016,MFD,OH,AGL,CE,Combined TRACON& Tower with Radar,0,0,7,7,14,0,0,0,3,3,0,0,7,10,17,0,12,12,29
04/01/2016,MFD,OH,AGL,CE,Combined TRACON& Tower with Radar,0,0,18,0,18,0,0,6,0,6,0,0,24,0,24,4,0,4,28
04/02/2016,MFD,OH,AGL,CE,Combined TRACON& Tower with Radar,0,0,14,0,14,0,0,7,0,7,0,0,21,0,21,2,0,2,23
04/03/2016,MFD,OH,AGL,CE,Combined TRACON& Tower with Radar,0,1,8,0,9,0,0,3,0,3,0,1,11,0,12,0,0,0,12
04/04/2016,MFD,OH,AGL,CE,Combined TRACON& Tower with Radar,0,2,0,0,2,0,0,0,0,0,0,2,0,0,2,0,0,0,2
04/05/2016,MFD,OH,AGL,CE,Combined TRACON& Tower with Radar,0,2,34,0,36,0,2,23,8,33,0,4,57,8,69,6,0,6,75
04/06/2016,MFD,OH,AGL,CE,Combined TRACON& Tower with Radar,0,0,2,0,2,0,0,7,0,7,0,0,9,0,9,0,0,0,9
04/07/2016,MFD,OH,AGL,CE,Combined TRACON& Tower with Radar,0,0,1,11,12,0,0,1,1,2,0,0,2,12,14,0,12,12,26
04/08/2016,MFD,OH,AGL,CE,Combined TRACON& Tower with Radar,0,6,17,0,23,0,0,4,0,4,0,6,21,0,27,2,0,2,29
04/09/2016,MFD,OH,AGL,CE,Combined TRACON& Tower with Radar,0,0,6,0,6,0,0,0,0,0,0,0,6,0,6,0,0,0,6
04/10/2016,MFD,OH,AGL,CE,Combined TRACON& Tower with Radar,0,0,9,0,9,0,0,0,6,6,0,0,9,6,15,0,0,0,15
04/11/2016,MFD,OH,AGL,CE,Combined TRACON& Tower with Radar,0,0,7,0,7,0,0,0,0,0,0,0,7,0,7,0,0,0,7
04/12/2016,MFD,OH,AGL,CE,Combined TRACON& Tower with Radar,0,1,14,6,21,0,2,15,8,25,0,3,29,14,46,4,2,6,52
04/13/2016,MFD,OH,AGL,CE,Combined TRACON& Tower with Radar,0,3,43,4,50,0,1,33,0,34,0,4,76,4,84,36,4,40,124
04/14/2016,MFD,OH,AGL,CE,Combined TRACON& Tower with Radar,0,2,34,5,41,0,2,23,2,27,0,4,57,7,68,50,4,54,122
04/15/2016,MFD,OH,AGL,CE,Combined TRACON& Tower with Radar,0,0,31,2,33,0,0,25,2,27,0,0,56,4,60,38,0,38,98
04/16/2016,MFD,OH,AGL,CE,Combined TRACON& Tower with Radar,0,0,27,0,27,0,0,54,0,54,0,0,81,0,81,26,0,26,107
04/17/2016,MFD,OH,AGL,CE,Combined TRACON& Tower with Radar,0,0,28,0,28,0,0,31,0,31,0,0,59,0,59,6,0,6,65
04/18/2016,MFD,OH,AGL,CE,Combined TRACON& Tower with Radar,0,0,27,0,27,0,2,25,0,27,0,2,52,0,54,24,0,24,78
04/19/2016,MFD,OH,AGL,CE,Combined TRACON& Tower with Radar,0,2,8,4,14,0,4,14,0,18,0,6,22,4,32,0,0,0,32
04/20/2016,MFD,OH,AGL,CE,Combined TRACON& Tower with Radar,0,2,26,3,31,0,0,24,1,25,0,2,50,4,56,14,4,18,74
04/21/2016,MFD,OH,AGL,CE,Combined TRACON& Tower with Radar,0,0,2,4,6,0,0,5,3,8,0,0,7,7,14,0,6,6,20
04/22/2016,MFD,OH,AGL,CE,Combined TRACON& Tower with Radar,0,5,15,0,20,0,0,3,0,3,0,5,18,0,23,0,0,0,23
04/23/2016,MFD,OH,AGL,CE,Combined TRACON& Tower with Radar,0,0,11,0,11,0,0,10,0,10,0,0,21,0,21,26,0,26,47
04/24/2016,MFD,OH,AGL,CE,Combined TRACON& Tower with Radar,0,0,30,0,30,0,0,22,0,22,0,0,52,0,52,30,0,30,82
04/25/2016,MFD,OH,AGL,CE,Combined TRACON& Tower with Radar,0,2,9,5,16,0,0,6,1,7,0,2,15,6,23,6,0,6,29
04/26/2016,MFD,OH,AGL,CE,Combined TRACON& Tower with Radar,0,2,10,0,12,0,0,3,0,3,0,2,13,0,15,0,0,0,15
04/27/2016,MFD,OH,AGL,CE,Combined TRACON& Tower with Radar,0,2,37,5,44,0,0,22,0,22,0,2,59,5,66,0,0,0,66
04/28/2016,MFD,OH,AGL,CE,Combined TRACON& Tower with Radar,0,4,24,7,35,0,0,0,0,0,0,4,24,7,35,0,0,0,35
04/29/2016,MFD,OH,AGL,CE,Combined TRACON& Tower with Radar,0,0,14,0,14,0,0,0,0,0,0,0,14,0,14,2,0,2,16
04/30/2016,MFD,OH,AGL,CE,Combined TRACON& Tower with Radar,0,0,7,0,7,0,0,1,0,1,0,0,8,0,8,0,0,0,8
05/01/2016,MFD,OH,AGL,CE,Combined TRACON& Tower with Radar,0,0,6,0,6,0,0,0,0,0,0,0,6,0,6,0,0,0,6
05/02/2016,MFD,OH,AGL,CE,Combined TRACON& Tower with Radar,0,0,4,0,4,0,0,0,0,0,0,0,4,0,4,2,0,2,6
05/03/2016,MFD,OH,AGL,CE,Combined TRACON& Tower with Radar,0,4,22,0,26,0,0,18,0,18,0,4,40,0,44,4,0,4,48
05/04/2016,MFD,OH,AGL,CE,Combined TRACON& Tower with Radar,0,0,12,0,12,0,0,1,2,3,0,0,13,2,15,6,0,6,21
05/05/2016,MFD,OH,AGL,CE,Combined TRACON& Tower with Radar,0,4,14,0,18,0,0,1,0,1,0,4,15,0,19,0,0,0,19
05/06/2016,MFD,OH,AGL,CE,Combined TRACON& Tower with Radar,0,4,23,0,27,0,0,29,0,29,0,4,52,0,56,46,0,46,102
05/07/2016,MFD,OH,AGL,CE,Combined TRACON& Tower with Radar,0,0,15,0,15,0,0,15,0,15,0,0,30,0,30,14,0,14,44
05/08/2016,MFD,OH,AGL,CE,Combined TRACON& Tower with Radar,0,1,11,0,12,0,0,16,0,16,0,1,27,0,28,0,0,0,28
05/09/2016,MFD,OH,AGL,CE,Combined TRACON& Tower with Radar,0,7,12,0,19,0,0,10,0,10,0,7,22,0,29,8,0,8,37
05/10/2016,MFD,OH,AGL,CE,Combined TRACON& Tower with Radar,0,2,10,2,14,0,0,7,0,7,0,2,17,2,21,2,0,2,23
05/11/2016,MFD,OH,AGL,CE,Combined TRACON& Tower with Radar,0,4,6,1,11,0,0,5,2,7,0,4,11,3,18,0,0,0,18
05/12/2016,MFD,OH,AGL,CE,Combined TRACON& Tower with Radar,0,0,7,2,9,0,0,10,0,10,0,0,17,2,19,0,0,0,19
05/13/2016,MFD,OH,AGL,CE,Combined TRACON& Tower with Radar,0,4,18,0,22,0,3,14,1,18,0,7,32,1,40,12,0,12,52
05/14/2016,MFD,OH,AGL,CE,Combined TRACON& Tower with Radar,0,0,2,0,2,0,0,0,0,0,0,0,2,0,2,0,0,0,2
05/15/2016,MFD,OH,AGL,CE,Combined TRACON& Tower with Radar,0,0,5,0,5,0,0,4,0,4,0,0,9,0,9,0,0,0,9
05/16/2016,MFD,OH,AGL,CE,Combined TRACON& Tower with Radar,0,2,34,1,37,0,0,24,0,24,0,2,58,1,61,22,0,22,83
05/17/2016,MFD,OH,AGL,CE,Combined TRACON& Tower with Radar,0,0,16,4,20,0,1,3,0,4,0,1,19,4,24,6,0,6,30
05/18/2016,MFD,OH,AGL,CE,Combined TRACON& Tower with Radar,0,0,20,5,25,0,0,17,1,18,0,0,37,6,43,20,2,22,65
05/19/2016,MFD,OH,AGL,CE,Combined TRACON& Tower with Radar,0,0,25,0,25,0,3,28,5,36,0,3,53,5,61,58,0,58,119
05/20/2016,MFD,OH,AGL,CE,Combined TRACON& Tower with Radar,0,0,25,1,26,0,0,24,1,25,0,0,49,2,51,22,14,36,87
05/21/2016,MFD,OH,AGL,CE,Combined TRACON& Tower with Radar,0,0,14,0,14,0,0,0,0,0,0,0,14,0,14,0,0,0,14
05/22/2016,MFD,OH,AGL,CE,Combined TRACON& Tower with Radar,0,0,15,0,15,0,0,21,0,21,0,0,36,0,36,12,0,12,48
05/23/2016,MFD,OH,AGL,CE,Combined TRACON& Tower with Radar,0,2,29,5,36,0,0,24,0,24,0,2,53,5,60,2,0,2,62
05/24/2016,MFD,OH,AGL,CE,Combined TRACON& Tower with Radar,0,2,21,8,31,0,2,22,0,24,0,4,43,8,55,0,4,4,59
05/25/2016,MFD,OH,AGL,CE,Combined TRACON& Tower with Radar,0,2,18,0,20,0,0,24,0,24,0,2,42,0,44,26,0,26,70
05/26/2016,MFD,OH,AGL,CE,Combined TRACON& Tower with Radar,0,0,13,1,14,0,0,18,0,18,0,0,31,1,32,2,0,2,34
05/27/2016,MFD,OH,AGL,CE,Combined TRACON& Tower with Radar,0,0,6,0,6,0,0,20,0,20,0,0,26,0,26,18,0,18,44
05/28/2016,MFD,OH,AGL,CE,Combined TRACON& Tower with Radar,0,2,10,0,12,0,0,8,0,8,0,2,18,0,20,6,0,6,26
05/29/2016,MFD,OH,AGL,CE,Combined TRACON& Tower with Radar,0,0,10,0,10,0,0,25,0,25,0,0,35,0,35,0,0,0,35
05/30/2016,MFD,OH,AGL,CE,Combined TRACON& Tower with Radar,0,0,14,0,14,0,0,23,2,25,0,0,37,2,39,28,0,28,67
05/31/2016,MFD,OH,AGL,CE,Combined TRACON& Tower with Radar,0,0,17,3,20,0,0,25,1,26,0,0,42,4,46,28,0,28,74
06/01/2016,MFD,OH,AGL,CE,Combined TRACON& Tower with Radar,0,4,25,3,32,0,2,19,2,23,0,6,44,5,55,14,4,18,73
06/02/2016,MFD,OH,AGL,CE,Combined TRACON& Tower with Radar,0,6,20,0,26,0,3,11,0,14,0,9,31,0,40,18,0,18,58
06/03/2016,MFD,OH,AGL,CE,Combined TRACON& Tower with Radar,0,3,13,6,22,0,1,12,6,19,0,4,25,12,41,6,36,42,83
06/04/2016,MFD,OH,AGL,CE,Combined TRACON& Tower with Radar,0,2,10,0,12,0,0,9,0,9,0,2,19,0,21,24,0,24,45
06/05/2016,MFD,OH,AGL,CE,Combined TRACON& Tower with Radar,0,2,5,0,7,0,1,2,6,9,0,3,7,6,16,0,4,4,20
06/06/2016,MFD,OH,AGL,CE,Combined TRACON& Tower with Radar,0,0,11,0,11,0,0,14,0,14,0,0,25,0,25,0,0,0,25
06/07/2016,MFD,OH,AGL,CE,Combined TRACON& Tower with Radar,0,2,6,5,13,0,1,3,3,7,0,3,9,8,20,4,0,4,24
06/08/2016,MFD,OH,AGL,CE,Combined TRACON& Tower with Radar,0,2,17,21,40,0,0,23,9,32,0,2,40,30,72,10,0,10,82
06/09/2016,MFD,OH,AGL,CE,Combined TRACON& Tower with Radar,0,2,26,0,28,0,0,41,0,41,0,2,67,0,69,38,0,38,107
06/10/2016,MFD,OH,AGL,CE,Combined TRACON& Tower with Radar,0,0,8,1,9,0,0,14,0,14,0,0,22,1,23,8,28,36,59
06/11/2016,MFD,OH,AGL,CE,Combined TRACON& Tower with Radar,0,0,12,0,12,0,2,13,0,15,0,2,25,0,27,12,0,12,39
06/12/2016,MFD,OH,AGL,CE,Combined TRACON& Tower with Radar,0,0,8,0,8,0,0,13,0,13,0,0,21,0,21,4,0,4,25
06/13/2016,MFD,OH,AGL,CE,Combined TRACON& Tower with Radar,0,0,8,0,8,0,0,23,0,23,0,0,31,0,31,4,0,4,35
06/14/2016,MFD,OH,AGL,CE,Combined TRACON& Tower with Radar,0,0,14,6,20,0,0,13,5,18,0,0,27,11,38,8,26,34,72
06/15/2016,MFD,OH,AGL,CE,Combined TRACON& Tower with Radar,0,0,4,9,13,0,0,5,4,9,0,0,9,13,22,0,10,10,32
06/16/2016,MFD,OH,AGL,CE,Combined TRACON& Tower with Radar,0,0,0,6,6,0,0,3,0,3,0,0,3,6,9,0,0,0,9
06/17/2016,MFD,OH,AGL,CE,Combined TRACON& Tower with Radar,0,2,17,0,19,0,2,11,0,13,0,4,28,0,32,14,0,14,46
06/18/2016,MFD,OH,AGL,CE,Combined TRACON& Tower with Radar,0,0,11,0,11,0,0,18,0,18,0,0,29,0,29,2,0,2,31
06/19/2016,MFD,OH,AGL,CE,Combined TRACON& Tower with Radar,0,0,8,0,8,0,0,15,0,15,0,0,23,0,23,0,0,0,23
06/20/2016,MFD,OH,AGL,CE,Combined TRACON& Tower with Radar,0,2,11,0,13,0,0,4,0,4,0,2,15,0,17,0,0,0,17
06/21/2016,MFD,OH,AGL,CE,Combined TRACON& Tower with Radar,0,4,6,3,13,0,0,19,0,19,0,4,25,3,32,2,40,42,74
06/22/2016,MFD,OH,AGL,CE,Combined TRACON& Tower with Radar,0,1,21,4,26,0,0,8,0,8,0,1,29,4,34,8,0,8,42
06/23/2016,MFD,OH,AGL,CE,Combined TRACON& Tower with Radar,0,1,9,11,21,0,0,0,0,0,0,1,9,11,21,0,0,0,21
06/24/2016,MFD,OH,AGL,CE,Combined TRACON& Tower with Radar,0,3,11,6,20,0,0,21,4,25,0,3,32,10,45,12,12,24,69
06/25/2016,MFD,OH,AGL,CE,Combined TRACON& Tower with Radar,0,0,18,1,19,0,0,26,0,26,0,0,44,1,45,32,0,32,77
06/26/2016,MFD,OH,AGL,CE,Combined TRACON& Tower with Radar,0,2,14,0,16,0,0,8,1,9,0,2,22,1,25,0,0,0,25
06/27/2016,MFD,OH,AGL,CE,Combined TRACON& Tower with Radar,0,3,13,1,17,0,0,9,2,11,0,3,22,3,28,0,0,0,28
06/28/2016,MFD,OH,AGL,CE,Combined TRACON& Tower with Radar,0,1,17,3,21,0,2,16,8,26,0,3,33,11,47,12,6,18,65
06/29/2016,MFD,OH,AGL,CE,Combined TRACON& Tower with Radar,0,0,12,3,15,0,0,32,6,38,0,0,44,9,53,24,8,32,85
06/30/2016,MFD,OH,AGL,CE,Combined TRACON& Tower with Radar,0,6,18,1,25,0,2,13,0,15,0,8,31,1,40,12,0,12,52
07/01/2016,MFD,OH,AGL,CE,Combined TRACON& Tower with Radar,0,1,5,1,7,0,0,12,0,12,0,1,17,1,19,4,0,4,23
07/02/2016,MFD,OH,AGL,CE,Combined TRACON& Tower with Radar,0,0,9,0,9,0,2,202,9,213,0,2,211,9,222,46,0,46,268
07/03/2016,MFD,OH,AGL,CE,Combined TRACON& Tower with Radar,0,2,8,0,10,0,0,21,0,21,0,2,29,0,31,22,0,22,53
07/04/2016,MFD,OH,AGL,CE,Combined TRACON& Tower with Radar,0,4,5,2,11,0,0,4,0,4,0,4,9,2,15,8,0,8,23
07/05/2016,MFD,OH,AGL,CE,Combined TRACON& Tower with Radar,0,0,17,0,17,0,0,16,0,16,0,0,33,0,33,10,0,10,43
07/06/2016,MFD,OH,AGL,CE,Combined TRACON& Tower with Radar,0,2,22,4,28,0,0,14,0,14,0,2,36,4,42,8,0,8,50
07/07/2016,MFD,OH,AGL,CE,Combined TRACON& Tower with Radar,0,2,7,4,13,0,0,11,0,11,0,2,18,4,24,22,24,46,70
07/08/2016,MFD,OH,AGL,CE,Combined TRACON& Tower with Radar,0,0,3,4,7,0,1,9,0,10,0,1,12,4,17,0,0,0,17
07/09/2016,MFD,OH,AGL,CE,Combined TRACON& Tower with Radar,0,2,13,0,15,0,2,19,0,21,0,4,32,0,36,14,0,14,50
07/10/2016,MFD,OH,AGL,CE,Combined TRACON& Tower with Radar,0,4,24,0,28,0,0,22,1,23,0,4,46,1,51,0,0,0,51
07/11/2016,MFD,OH,AGL,CE,Combined TRACON& Tower with Radar,0,3,31,0,34,0,1,31,0,32,0,4,62,0,66,8,0,8,74
07/12/2016,MFD,OH,AGL,CE,Combined TRACON& Tower with Radar,0,6,15,9,30,0,0,18,1,19,0,6,33,10,49,0,16,16,65
07/13/2016,MFD,OH,AGL,CE,Combined TRACON& Tower with Radar,0,0,15,2,17,0,0,2,0,2,0,0,17,2,19,0,0,0,19
07/14/2016,MFD,OH,AGL,CE,Combined TRACON& Tower with Radar,0,2,6,0,8,0,0,15,3,18,0,2,21,3,26,0,0,0,26
07/15/2016,MFD,OH,AGL,CE,Combined TRACON& Tower with Radar,0,0,19,6,25,0,0,23,2,25,0,0,42,8,50,14,0,14,64
07/16/2016,MFD,OH,AGL,CE,Combined TRACON& Tower with Radar,0,4,27,5,36,0,0,22,2,24,0,4,49,7,60,6,2,8,68
07/17/2016,MFD,OH,AGL,CE,Combined TRACON& Tower with Radar,0,0,16,1,17,0,0,21,0,21,0,0,37,1,38,3,0,3,41
07/18/2016,MFD,OH,AGL,CE,Combined TRACON& Tower with Radar,0,0,16,0,16,0,0,8,0,8,0,0,24,0,24,0,0,0,24
07/19/2016,MFD,OH,AGL,CE,Combined TRACON& Tower with Radar,0,0,11,1,12,0,0,16,4,20,0,0,27,5,32,0,0,0,32
07/20/2016,MFD,OH,AGL,CE,Combined TRACON& Tower with Radar,0,0,19,3,22,0,2,14,1,17,0,2,33,4,39,8,2,10,49
07/21/2016,MFD,OH,AGL,CE,Combined TRACON& Tower with Radar,0,0,14,5,19,0,6,8,11,25,0,6,22,16,44,2,8,10,54
07/22/2016,MFD,OH,AGL,CE,Combined TRACON& Tower with Radar,0,0,20,5,25,0,0,15,0,15,0,0,35,5,40,2,0,2,42
07/23/2016,MFD,OH,AGL,CE,Combined TRACON& Tower with Radar,0,1,23,0,24,0,0,16,0,16,0,1,39,0,40,2,0,2,42
07/24/2016,MFD,OH,AGL,CE,Combined TRACON& Tower with Radar,0,1,10,0,11,0,0,3,0,3,0,1,13,0,14,2,0,2,16
07/25/2016,MFD,OH,AGL,CE,Combined TRACON& Tower with Radar,0,0,17,3,20,0,0,11,1,12,0,0,28,4,32,0,46,46,78
07/26/2016,MFD,OH,AGL,CE,Combined TRACON& Tower with Radar,0,0,17,6,23,0,2,22,2,26,0,2,39,8,49,4,30,34,83
07/27/2016,MFD,OH,AGL,CE,Combined TRACON& Tower with Radar,0,6,18,2,26,0,4,17,5,26,0,10,35,7,52,14,16,30,82
07/28/2016,MFD,OH,AGL,CE,Combined TRACON& Tower with Radar,0,2,16,2,20,0,0,7,16,23,0,2,23,18,43,0,16,16,59
07/29/2016,MFD,OH,AGL,CE,Combined TRACON& Tower with Radar,0,4,13,0,17,0,0,7,0,7,0,4,20,0,24,6,0,6,30
07/30/2016,MFD,OH,AGL,CE,Combined TRACON& Tower with Radar,0,4,8,4,16,0,0,9,0,9,0,4,17,4,25,0,0,0,25
07/31/2016,MFD,OH,AGL,CE,Combined TRACON& Tower with Radar,0,17,31,0,48,0,1,19,2,22,0,18,50,2,70,0,0,0,70
08/01/2016,MFD,OH,AGL,CE,Combined TRACON& Tower with Radar,0,0,13,2,15,0,0,9,0,9,0,0,22,2,24,2,0,2,26
08/02/2016,MFD,OH,AGL,CE,Combined TRACON& Tower with Radar,0,0,16,3,19,0,2,25,0,27,0,2,41,3,46,24,4,28,74
08/03/2016,MFD,OH,AGL,CE,Combined TRACON& Tower with Radar,0,2,27,0,29,0,2,21,2,25,0,4,48,2,54,0,0,0,54
08/04/2016,MFD,OH,AGL,CE,Combined TRACON& Tower with Radar,0,0,32,5,37,0,1,22,0,23,0,1,54,5,60,2,0,2,62
08/05/2016,MFD,OH,AGL,CE,Combined TRACON& Tower with Radar,0,2,13,1,16,0,1,9,3,13,0,3,22,4,29,4,6,10,39
08/06/2016,MFD,OH,AGL,CE,Combined TRACON& Tower with Radar,0,2,20,2,24,0,0,14,0,14,0,2,34,2,38,12,0,12,50
08/07/2016,MFD,OH,AGL,CE,Combined TRACON& Tower with Radar,0,4,15,1,20,0,0,17,10,27,0,4,32,11,47,24,12,36,83
08/08/2016,MFD,OH,AGL,CE,Combined TRACON& Tower with Radar,2,1,17,0,20,0,0,11,0,11,2,1,28,0,31,0,0,0,31
08/09/2016,MFD,OH,AGL,CE,Combined TRACON& Tower with Radar,0,5,15,2,22,0,0,8,10,18,0,5,23,12,40,0,0,0,40
08/10/2016,MFD,OH,AGL,CE,Combined TRACON& Tower with Radar,0,11,8,6,25,0,0,5,0,5,0,11,13,6,30,6,0,6,36
08/11/2016,MFD,OH,AGL,CE,Combined TRACON& Tower with Radar,0,0,23,2,25,0,0,9,0,9,0,0,32,2,34,0,0,0,34
08/12/2016,MFD,OH,AGL,CE,Combined TRACON& Tower with Radar,0,0,7,2,9,0,0,9,0,9,0,0,16,2,18,10,0,10,28
08/13/2016,MFD,OH,AGL,CE,Combined TRACON& Tower with Radar,0,4,26,0,30,0,0,8,0,8,0,4,34,0,38,0,0,0,38
08/14/2016,MFD,OH,AGL,CE,Combined TRACON& Tower with Radar,0,0,7,0,7,0,0,1,0,1,0,0,8,0,8,2,0,2,10
08/15/2016,MFD,OH,AGL,CE,Combined TRACON& Tower with Radar,0,0,3,2,5,0,0,0,0,0,0,0,3,2,5,0,0,0,5
08/16/2016,MFD,OH,AGL,CE,Combined TRACON& Tower with Radar,0,2,2,0,4,0,0,7,0,7,0,2,9,0,11,0,0,0,11
08/17/2016,MFD,OH,AGL,CE,Combined TRACON& Tower with Radar,0,4,19,7,30,0,0,3,8,11,0,4,22,15,41,2,12,14,55
08/18/2016,MFD,OH,AGL,CE,Combined TRACON& Tower with Radar,0,14,18,10,42,0,0,27,0,27,0,14,45,10,69,10,0,10,79
08/19/2016,MFD,OH,AGL,CE,Combined TRACON& Tower with Radar,0,2,11,7,20,0,0,19,8,27,0,2,30,15,47,14,0,14,61
08/20/2016,MFD,OH,AGL,CE,Combined TRACON& Tower with Radar,2,0,10,0,12,0,0,2,0,2,2,0,12,0,14,0,0,0,14
08/21/2016,MFD,OH,AGL,CE,Combined TRACON& Tower with Radar,0,0,14,0,14,0,0,13,0,13,0,0,27,0,27,6,0,6,33
08/22/2016,MFD,OH,AGL,CE,Combined TRACON& Tower with Radar,0,1,13,3,17,0,1,13,0,14,0,2,26,3,31,26,0,26,57
08/23/2016,MFD,OH,AGL,CE,Combined TRACON& Tower with Radar,0,4,17,7,28,0,0,24,5,29,0,4,41,12,57,20,0,20,77
08/24/2016,MFD,OH,AGL,CE,Combined TRACON& Tower with Radar,0,4,11,2,17,0,0,14,6,20,0,4,25,8,37,6,20,26,63
08/25/2016,MFD,OH,AGL,CE,Combined TRACON& Tower with Radar,0,0,6,12,18,0,2,5,5,12,0,2,11,17,30,0,2,2,32
08/26/2016,MFD,OH,AGL,CE,Combined TRACON& Tower with Radar,0,0,11,1,12,0,0,14,3,17,0,0,25,4,29,8,20,28,57
08/27/2016,MFD,OH,AGL,CE,Combined TRACON& Tower with Radar,0,0,18,0,18,0,0,24,0,24,0,0,42,0,42,10,0,10,52
08/28/2016,MFD,OH,AGL,CE,Combined TRACON& Tower with Radar,0,0,19,1,20,0,1,22,0,23,0,1,41,1,43,10,0,10,53
08/29/2016,MFD,OH,AGL,CE,Combined TRACON& Tower with Radar,0,2,15,0,17,0,0,15,0,15,0,2,30,0,32,20,0,20,52
08/30/2016,MFD,OH,AGL,CE,Combined TRACON& Tower with Radar,0,2,15,13,30,0,1,20,9,30,0,3,35,22,60,4,18,22,82
08/31/2016,MFD,OH,AGL,CE,Combined TRACON& Tower with Radar,0,1,13,2,16,0,0,5,2,7,0,1,18,4,23,4,14,18,41
09/01/2016,MFD,OH,AGL,CE,Combined TRACON& Tower with Radar,0,2,14,3,19,0,0,16,25,41,0,2,30,28,60,40,0,40,100
09/02/2016,MFD,OH,AGL,CE,Combined TRACON& Tower with Radar,0,0,25,3,28,0,0,19,2,21,0,0,44,5,49,0,6,6,55
09/03/2016,MFD,OH,AGL,CE,Combined TRACON& Tower with Radar,0,0,17,0,17,0,1,24,0,25,0,1,41,0,42,2,0,2,44
09/04/2016,MFD,OH,AGL,CE,Combined TRACON& Tower with Radar,0,0,11,0,11,0,0,22,0,22,0,0,33,0,33,34,0,34,67
09/05/2016,MFD,OH,AGL,CE,Combined TRACON& Tower with Radar,0,0,16,0,16,0,0,12,0,12,0,0,28,0,28,6,0,6,34
09/06/2016,MFD,OH,AGL,CE,Combined TRACON& Tower with Radar,0,1,11,6,18,0,5,15,11,31,0,6,26,17,49,0,22,22,71
09/07/2016,MFD,OH,AGL,CE,Combined TRACON& Tower with Radar,0,7,7,5,19,0,2,8,8,18,0,9,15,13,37,4,6,10,47
09/08/2016,MFD,OH,AGL,CE,Combined TRACON& Tower with Radar,0,0,7,3,10,0,0,2,7,9,0,0,9,10,19,0,12,12,31
09/09/2016,MFD,OH,AGL,CE,Combined TRACON& Tower with Radar,0,0,26,6,32,0,0,5,2,7,0,0,31,8,39,4,8,12,51
09/10/2016,MFD,OH,AGL,CE,Combined TRACON& Tower with Radar,0,0,6,0,6,0,0,2,0,2,0,0,8,0,8,2,0,2,10
09/11/2016,MFD,OH,AGL,CE,Combined TRACON& Tower with Radar,0,2,21,5,28,0,0,24,5,29,0,2,45,10,57,0,0,0,57
09/12/2016,MFD,OH,AGL,CE,Combined TRACON& Tower with Radar,0,4,11,0,15,0,4,17,0,21,0,8,28,0,36,0,0,0,36
09/13/2016,MFD,OH,AGL,CE,Combined TRACON& Tower with Radar,0,1,17,3,21,0,0,19,13,32,0,1,36,16,53,38,4,42,95
09/14/2016,MFD,OH,AGL,CE,Combined TRACON& Tower with Radar,0,4,11,2,17,0,0,2,0,2,0,4,13,2,19,0,8,8,27
09/15/2016,MFD,OH,AGL,CE,Combined TRACON& Tower with Radar,0,0,16,5,21,0,2,24,3,29,0,2,40,8,50,6,4,10,60
09/16/2016,MFD,OH,AGL,CE,Combined TRACON& Tower with Radar,0,1,15,5,21,0,1,48,0,49,0,2,63,5,70,2,0,2,72
09/17/2016,MFD,OH,AGL,CE,Combined TRACON& Tower with Radar,0,0,0,0,0,0,0,2,0,2,0,0,2,0,2,0,0,0,2
09/18/2016,MFD,OH,AGL,CE,Combined TRACON& Tower with Radar,0,0,13,2,15,0,0,5,0,5,0,0,18,2,20,0,0,0,20
09/19/2016,MFD,OH,AGL,CE,Combined TRACON& Tower with Radar,0,0,10,0,10,0,0,25,0,25,0,0,35,0,35,6,0,6,41
09/20/2016,MFD,OH,AGL,CE,Combined TRACON& Tower with Radar,0,0,9,7,16,0,2,13,6,21,0,2,22,13,37,6,8,14,51
09/21/2016,MFD,OH,AGL,CE,Combined TRACON& Tower with Radar,0,1,8,6,15,0,1,34,3,38,0,2,42,9,53,10,0,10,63
09/22/2016,MFD,OH,AGL,CE,Combined TRACON& Tower with Radar,0,0,13,4,17,0,0,15,4,19,0,0,28,8,36,10,4,14,50
09/23/2016,MFD,OH,AGL,CE,Combined TRACON& Tower with Radar,0,3,15,8,26,0,1,26,4,31,0,4,41,12,57,20,2,22,79
09/24/2016,MFD,OH,AGL,CE,Combined TRACON& Tower with Radar,0,0,25,0,25,0,0,15,0,15,0,0,40,0,40,16,0,16,56
09/25/2016,MFD,OH,AGL,CE,Combined TRACON& Tower with Radar,0,4,21,0,25,0,0,32,0,32,0,4,53,0,57,0,0,0,57
09/26/2016,MFD,OH,AGL,CE,Combined TRACON& Tower with Radar,0,2,4,4,10,0,0,5,0,5,0,2,9,4,15,0,0,0,15
09/27/2016,MFD,OH,AGL,CE,Combined TRACON& Tower with Radar,0,0,5,13,18,0,1,8,14,23,0,1,13,27,41,2,24,26,67
09/28/2016,MFD,OH,AGL,CE,Combined TRACON& Tower with Radar,0,0,6,2,8,0,0,3,0,3,0,0,9,2,11,0,0,0,11
09/29/2016,MFD,OH,AGL,CE,Combined TRACON& Tower with Radar,2,0,1,3,6,0,1,0,0,1,2,1,1,3,7,0,0,0,7
09/30/2016,MFD,OH,AGL,CE,Combined TRACON& Tower with Radar,0,0,7,12,19,0,0,1,8,9,0,0,8,20,28,0,0,0,28
10/01/2016,MFD,OH,AGL,CE,Combined TRACON& Tower with Radar,0,0,7,1,8,0,0,6,0,6,0,0,13,1,14,0,0,0,14
10/02/2016,MFD,OH,AGL,CE,Combined TRACON& Tower with Radar,0,0,11,0,11,0,0,9,0,9,0,0,20,0,20,0,0,0,20
10/03/2016,MFD,OH,AGL,CE,Combined TRACON& Tower with Radar,0,2,8,2,12,0,0,11,0,11,0,2,19,2,23,0,0,0,23
10/04/2016,MFD,OH,AGL,CE,Combined TRACON& Tower with Radar,0,4,5,7,16,0,0,21,6,27,0,4,26,13,43,22,2,24,67
10/05/2016,MFD,OH,AGL,CE,Combined TRACON& Tower with Radar,0,0,4,3,7,0,2,35,1,38,0,2,39,4,45,10,14,24,69
10/06/2016,MFD,OH,AGL,CE,Combined TRACON& Tower with Radar,0,2,20,5,27,0,1,28,17,46,0,3,48,22,73,6,0,6,79
10/07/2016,MFD,OH,AGL,CE,Combined TRACON& Tower with Radar,0,1,23,0,24,0,1,85,0,86,0,2,108,0,110,10,20,30,140
10/08/2016,MFD,OH,AGL,CE,Combined TRACON& Tower with Radar,0,0,27,2,29,0,0,88,0,88,0,0,115,2,117,16,0,16,133
10/09/2016,MFD,OH,AGL,CE,Combined TRACON& Tower with Radar,0,0,12,0,12,0,0,37,0,37,0,0,49,0,49,26,0,26,75
10/10/2016,MFD,OH,AGL,CE,Combined TRACON& Tower with Radar,0,0,2,1,3,0,0,18,0,18,0,0,20,1,21,8,0,8,29
10/11/2016,MFD,OH,AGL,CE,Combined TRACON& Tower with Radar,0,3,4,9,16,0,1,22,1,24,0,4,26,10,40,12,32,44,84
10/12/2016,MFD,OH,AGL,CE,Combined TRACON& Tower with Radar,0,0,16,2,18,0,0,10,0,10,0,0,26,2,28,6,0,6,34
10/13/2016,MFD,OH,AGL,CE,Combined TRACON& Tower with Radar,0,0,8,7,15,0,2,4,5,11,0,2,12,12,26,6,14,20,46
10/14/2016,MFD,OH,AGL,CE,Combined TRACON& Tower with Radar,0,1,17,4,22,0,2,31,5,38,0,3,48,9,60,0,0,0,60
10/15/2016,MFD,OH,AGL,CE,Combined TRACON& Tower with Radar,0,0,9,0,9,0,0,23,0,23,0,0,32,0,32,8,0,8,40
10/16/2016,MFD,OH,AGL,CE,Combined TRACON& Tower with Radar,0,0,7,0,7,0,0,14,0,14,0,0,21,0,21,0,0,0,21
10/17/2016,MFD,OH,AGL,CE,Combined TRACON& Tower with Radar,0,0,4,12,16,0,0,2,2,4,0,0,6,14,20,0,0,0,20
10/18/2016,MFD,OH,AGL,CE,Combined TRACON& Tower with Radar,0,2,6,0,8,0,0,3,0,3,0,2,9,0,11,0,0,0,11
10/19/2016,MFD,OH,AGL,CE,Combined TRACON& Tower with Radar,0,0,16,4,20,0,2,31,7,40,0,2,47,11,60,16,12,28,88
10/20/2016,MFD,OH,AGL,CE,Combined TRACON& Tower with Radar,0,0,7,5,12,0,0,0,0,0,0,0,7,5,12,0,0,0,12
10/21/2016,MFD,OH,AGL,CE,Combined TRACON& Tower with Radar,0,0,3,10,13,0,0,0,12,12,0,0,3,22,25,0,0,0,25
10/22/2016,MFD,OH,AGL,CE,Combined TRACON& Tower with Radar,0,0,12,0,12,0,1,5,4,10,0,1,17,4,22,0,0,0,22
10/23/2016,MFD,OH,AGL,CE,Combined TRACON& Tower with Radar,0,0,24,8,32,0,0,14,14,28,0,0,38,22,60,0,0,0,60
10/24/2016,MFD,OH,AGL,CE,Combined TRACON& Tower with Radar,0,0,9,2,11,0,3,7,0,10,0,3,16,2,21,0,0,0,21
10/25/2016,MFD,OH,AGL,CE,Combined TRACON& Tower with Radar,2,1,15,9,27,0,0,43,11,54,2,1,58,20,81,12,0,12,93
10/26/2016,MFD,OH,AGL,CE,Combined TRACON& Tower with Radar,0,3,20,6,29,0,0,8,1,9,0,3,28,7,38,0,0,0,38
10/27/2016,MFD,OH,AGL,CE,Combined TRACON& Tower with Radar,0,3,17,16,36,0,0,0,2,2,0,3,17,18,38,0,18,18,56
10/28/2016,MFD,OH,AGL,CE,Combined TRACON& Tower with Radar,2,1,10,5,18,0,1,21,0,22,2,2,31,5,40,32,0,32,72
10/29/2016,MFD,OH,AGL,CE,Combined TRACON& Tower with Radar,2,0,9,0,11,0,0,6,0,6,2,0,15,0,17,0,0,0,17
10/30/2016,MFD,OH,AGL,CE,Combined TRACON& Tower with Radar,0,0,3,0,3,0,0,0,0,0,0,0,3,0,3,0,0,0,3
10/31/2016,MFD,OH,AGL,CE,Combined TRACON& Tower with Radar,0,2,6,2,10,0,0,18,0,18,0,2,24,2,28,8,0,8,36
11/01/2016,MFD,OH,AGL,CE,Combined TRACON& Tower with Radar,0,1,8,5,14,0,0,17,7,24,0,1,25,12,38,0,8,8,46
11/02/2016,MFD,OH,AGL,CE,Combined TRACON& Tower with Radar,0,0,13,7,20,0,0,22,14,36,0,0,35,21,56,7,8,15,71
11/03/2016,MFD,OH,AGL,CE,Combined TRACON& Tower with Radar,0,0,18,4,22,0,0,0,2,2,0,0,18,6,24,0,0,0,24
11/04/2016,MFD,OH,AGL,CE,Combined TRACON& Tower with Radar,0,0,19,3,22,0,0,9,6,15,0,0,28,9,37,0,28,28,65
11/05/2016,MFD,OH,AGL,CE,Combined TRACON& Tower with Radar,0,0,3,10,13,0,1,17,6,24,0,1,20,16,37,10,0,10,47
11/06/2016,MFD,OH,AGL,CE,Combined TRACON& Tower with Radar,0,0,10,4,14,0,0,37,0,37,0,0,47,4,51,8,2,10,61
11/07/2016,MFD,OH,AGL,CE,Combined TRACON& Tower with Radar,0,0,12,0,12,0,1,18,0,19,0,1,30,0,31,18,0,18,49
11/08/2016,MFD,OH,AGL,CE,Combined TRACON& Tower with Radar,0,1,4,22,27,0,1,10,10,21,0,2,14,32,48,10,16,26,74
11/09/2016,MFD,OH,AGL,CE,Combined TRACON& Tower with Radar,0,2,6,12,20,0,0,1,14,15,0,2,7,26,35,2,18,20,55
11/10/2016,MFD,OH,AGL,CE,Combined TRACON& Tower with Radar,0,2,9,4,15,0,1,19,24,44,0,3,28,28,59,0,28,28,87
11/11/2016,MFD,OH,AGL,CE,Combined TRACON& Tower with Radar,0,0,13,0,13,0,0,3,0,3,0,0,16,0,16,0,0,0,16
11/12/2016,MFD,OH,AGL,CE,Combined TRACON& Tower with Radar,0,0,8,0,8,0,4,29,0,33,0,4,37,0,41,12,0,12,53
11/13/2016,MFD,OH,AGL,CE,Combined TRACON& Tower with Radar,0,2,18,1,21,0,0,37,0,37,0,2,55,1,58,12,0,12,70
11/14/2016,MFD,OH,AGL,CE,Combined TRACON& Tower with Radar,0,0,16,2,18,0,1,23,1,25,0,1,39,3,43,22,0,22,65
11/15/2016,MFD,OH,AGL,CE,Combined TRACON& Tower with Radar,0,2,12,4,18,0,0,19,16,35,0,2,31,20,53,2,10,12,65
11/16/2016,MFD,OH,AGL,CE,Combined TRACON& Tower with Radar,0,0,18,9,27,0,0,0,1,1,0,0,18,10,28,0,0,0,28
11/17/2016,MFD,OH,AGL,CE,Combined TRACON& Tower with Radar,0,0,8,10,18,0,0,19,0,19,0,0,27,10,37,4,0,4,41
11/18/2016,MFD,OH,AGL,CE,Combined TRACON& Tower with Radar,0,2,8,5,15,0,0,21,2,23,0,2,29,7,38,8,0,8,46
11/19/2016,MFD,OH,AGL,CE,Combined TRACON& Tower with Radar,0,0,2,0,2,0,0,0,0,0,0,0,2,0,2,0,0,0,2
11/20/2016,MFD,OH,AGL,CE,Combined TRACON& Tower with Radar,0,0,8,0,8,0,0,1,0,1,0,0,9,0,9,0,0,0,9
11/21/2016,MFD,OH,AGL,CE,Combined TRACON& Tower with Radar,0,2,12,1,15,0,0,7,0,7,0,2,19,1,22,4,0,4,26
11/22/2016,MFD,OH,AGL,CE,Combined TRACON& Tower with Radar,0,3,18,18,39,0,0,33,11,44,0,3,51,29,83,14,10,24,107
11/23/2016,MFD,OH,AGL,CE,Combined TRACON& Tower with Radar,0,0,1,10,11,0,0,0,4,4,0,0,1,14,15,0,0,0,15
11/24/2016,MFD,OH,AGL,CE,Combined TRACON& Tower with Radar,0,0,2,0,2,0,0,0,0,0,0,0,2,0,2,0,0,0,2
11/25/2016,MFD,OH,AGL,CE,Combined TRACON& Tower with Radar,0,0,7,0,7,0,0,0,0,0,0,0,7,0,7,0,0,0,7
11/26/2016,MFD,OH,AGL,CE,Combined TRACON& Tower with Radar,0,0,4,0,4,0,0,0,0,0,0,0,4,0,4,0,0,0,4
11/27/2016,MFD,OH,AGL,CE,Combined TRACON& Tower with Radar,0,0,4,0,4,0,0,15,0,15,0,0,19,0,19,0,0,0,19
11/28/2016,MFD,OH,AGL,CE,Combined TRACON& Tower with Radar,0,0,7,0,7,0,4,3,0,7,0,4,10,0,14,0,0,0,14
11/29/2016,MFD,OH,AGL,CE,Combined TRACON& Tower with Radar,0,0,16,17,33,0,0,7,8,15,0,0,23,25,48,6,8,14,62
11/30/2016,MFD,OH,AGL,CE,Combined TRACON& Tower with Radar,0,2,3,7,12,0,0,0,0,0,0,2,3,7,12,0,10,10,22
12/01/2016,MFD,OH,AGL,CE,Combined TRACON& Tower with Radar,0,0,4,11,15,0,0,0,1,1,0,0,4,12,16,0,10,10,26
12/02/2016,MFD,OH,AGL,CE,Combined TRACON& Tower with Radar,0,0,0,14,14,0,1,2,5,8,0,1,2,19,22,0,18,18,40
12/03/2016,MFD,OH,AGL,CE,Combined TRACON& Tower with Radar,0,0,14,7,21,0,0,21,5,26,0,0,35,12,47,0,0,0,47
12/04/2016,MFD,OH,AGL,CE,Combined TRACON& Tower with Radar,0,0,10,0,10,0,0,26,0,26,0,0,36,0,36,0,0,0,36
12/05/2016,MFD,OH,AGL,CE,Combined TRACON& Tower with Radar,0,3,9,1,13,0,0,4,0,4,0,3,13,1,17,0,0,0,17
12/06/2016,MFD,OH,AGL,CE,Combined TRACON& Tower with Radar,0,3,5,12,20,0,0,0,0,0,0,3,5,12,20,0,0,0,20
12/07/2016,MFD,OH,AGL,CE,Combined TRACON& Tower with Radar,0,0,15,17,32,0,0,23,12,35,0,0,38,29,67,4,36,40,107
12/08/2016,MFD,OH,AGL,CE,Combined TRACON& Tower with Radar,0,0,5,7,12,0,0,0,0,0,0,0,5,7,12,0,0,0,12
12/09/2016,MFD,OH,AGL,CE,Combined TRACON& Tower with Radar,0,0,2,6,8,0,0,0,0,0,0,0,2,6,8,0,0,0,8
12/10/2016,MFD,OH,AGL,CE,Combined TRACON& Tower with Radar,0,0,4,0,4,0,0,2,0,2,0,0,6,0,6,0,0,0,6
12/11/2016,MFD,OH,AGL,CE,Combined TRACON& Tower with Radar,0,0,0,0,0,0,0,0,0,0,0,0,0,0,0,0,0,0,0
12/12/2016,MFD,OH,AGL,CE,Combined TRACON& Tower with Radar,0,0,15,3,18,0,0,2,0,2,0,0,17,3,20,0,0,0,20
12/13/2016,MFD,OH,AGL,CE,Combined TRACON& Tower with Radar,0,0,5,2,7,0,0,0,0,0,0,0,5,2,7,0,0,0,7
12/14/2016,MFD,OH,AGL,CE,Combined TRACON& Tower with Radar,0,2,18,12,32,0,0,7,8,15,0,2,25,20,47,0,18,18,65
12/15/2016,MFD,OH,AGL,CE,Combined TRACON& Tower with Radar,0,3,13,4,20,0,1,5,11,17,0,4,18,15,37,0,2,2,39
12/16/2016,MFD,OH,AGL,CE,Combined TRACON& Tower with Radar,0,4,1,2,7,0,0,4,0,4,0,4,5,2,11,0,0,0,11
12/17/2016,MFD,OH,AGL,CE,Combined TRACON& Tower with Radar,0,0,0,0,0,0,0,0,0,0,0,0,0,0,0,0,0,0,0
12/18/2016,MFD,OH,AGL,CE,Combined TRACON& Tower with Radar,0,0,3,0,3,0,0,0,0,0,0,0,3,0,3,0,0,0,3
12/19/2016,MFD,OH,AGL,CE,Combined TRACON& Tower with Radar,0,0,1,0,1,0,0,2,0,2,0,0,3,0,3,0,0,0,3
12/20/2016,MFD,OH,AGL,CE,Combined TRACON& Tower with Radar,0,1,9,6,16,0,0,18,14,32,0,1,27,20,48,0,2,2,50
12/21/2016,MFD,OH,AGL,CE,Combined TRACON& Tower with Radar,0,5,15,11,31,0,0,9,3,12,0,5,24,14,43,8,4,12,55
12/22/2016,MFD,OH,AGL,CE,Combined TRACON& Tower with Radar,0,0,12,5,17,0,0,11,5,16,0,0,23,10,33,0,0,0,33
12/23/2016,MFD,OH,AGL,CE,Combined TRACON& Tower with Radar,0,0,8,0,8,0,0,22,0,22,0,0,30,0,30,4,0,4,34
12/24/2016,MFD,OH,AGL,CE,Combined TRACON& Tower with Radar,0,0,0,0,0,0,0,0,0,0,0,0,0,0,0,0,0,0,0
12/25/2016,MFD,OH,AGL,CE,Combined TRACON& Tower with Radar,0,8,0,0,8,0,0,0,0,0,0,8,0,0,8,0,0,0,8
12/26/2016,MFD,OH,AGL,CE,Combined TRACON& Tower with Radar,0,0,1,0,1,0,0,0,0,0,0,0,1,0,1,0,0,0,1
12/27/2016,MFD,OH,AGL,CE,Combined TRACON& Tower with Radar,0,0,3,2,5,0,0,10,3,13,0,0,13,5,18,0,8,8,26
12/28/2016,MFD,OH,AGL,CE,Combined TRACON& Tower with Radar,0,0,20,4,24,0,0,28,3,31,0,0,48,7,55,4,0,4,59
12/29/2016,MFD,OH,AGL,CE,Combined TRACON& Tower with Radar,0,0,0,3,3,0,1,2,7,10,0,1,2,10,13,0,10,10,23
12/30/2016,MFD,OH,AGL,CE,Combined TRACON& Tower with Radar,0,2,4,0,6,0,0,2,0,2,0,2,6,0,8,4,0,4,12
12/31/2016,MFD,OH,AGL,CE,Combined TRACON& Tower with Radar,0,0,0,0,0,0,0,0,0,0,0,0,0,0,0,0,0,0,0
01/01/2017,MFD,OH,AGL,CE,Combined TRACON& Tower with Radar,0,0,13,0,13,0,0,35,0,35,0,0,48,0,48,48,0,48,96
01/02/2017,MFD,OH,AGL,CE,Combined TRACON& Tower with Radar,0,0,3,0,3,0,0,0,0,0,0,0,3,0,3,0,0,0,3
01/03/2017,MFD,OH,AGL,CE,Combined TRACON& Tower with Radar,0,0,0,0,0,0,0,0,0,0,0,0,0,0,0,0,12,12,12
01/04/2017,MFD,OH,AGL,CE,Combined TRACON& Tower with Radar,0,0,11,17,28,0,0,2,11,13,0,0,13,28,41,0,10,10,51
01/05/2017,MFD,OH,AGL,CE,Combined TRACON& Tower with Radar,0,0,4,2,6,0,0,0,0,0,0,0,4,2,6,2,0,2,8
01/06/2017,MFD,OH,AGL,CE,Combined TRACON& Tower with Radar,0,0,7,3,10,0,0,0,12,12,0,0,7,15,22,0,18,18,40
01/07/2017,MFD,OH,AGL,CE,Combined TRACON& Tower with Radar,0,2,7,0,9,0,0,13,0,13,0,2,20,0,22,6,0,6,28
01/08/2017,MFD,OH,AGL,CE,Combined TRACON& Tower with Radar,0,0,3,8,11,0,0,1,10,11,0,0,4,18,22,0,0,0,22
01/09/2017,MFD,OH,AGL,CE,Combined TRACON& Tower with Radar,0,0,2,0,2,0,0,4,0,4,0,0,6,0,6,0,0,0,6
01/10/2017,MFD,OH,AGL,CE,Combined TRACON& Tower with Radar,0,0,0,0,0,0,0,0,0,0,0,0,0,0,0,0,0,0,0
01/11/2017,MFD,OH,AGL,CE,Combined TRACON& Tower with Radar,0,0,8,9,17,0,0,4,7,11,0,0,12,16,28,0,0,0,28
01/12/2017,MFD,OH,AGL,CE,Combined TRACON& Tower with Radar,0,1,4,1,6,0,0,0,0,0,0,1,4,1,6,0,0,0,6
01/13/2017,MFD,OH,AGL,CE,Combined TRACON& Tower with Radar,0,2,5,4,11,0,0,21,0,21,0,2,26,4,32,14,0,14,46
01/14/2017,MFD,OH,AGL,CE,Combined TRACON& Tower with Radar,0,0,2,0,2,0,0,5,0,5,0,0,7,0,7,0,0,0,7
01/15/2017,MFD,OH,AGL,CE,Combined TRACON& Tower with Radar,0,0,13,0,13,0,0,20,0,20,0,0,33,0,33,12,0,12,45
01/16/2017,MFD,OH,AGL,CE,Combined TRACON& Tower with Radar,0,0,14,0,14,0,0,1,0,1,0,0,15,0,15,0,0,0,15
01/17/2017,MFD,OH,AGL,CE,Combined TRACON& Tower with Radar,0,0,6,12,18,0,0,0,2,2,0,0,6,14,20,0,0,0,20
01/18/2017,MFD,OH,AGL,CE,Combined TRACON& Tower with Radar,0,0,3,2,5,0,0,0,0,0,0,0,3,2,5,0,0,0,5
01/19/2017,MFD,OH,AGL,CE,Combined TRACON& Tower with Radar,0,4,9,7,20,0,0,2,1,3,0,4,11,8,23,0,0,0,23
01/20/2017,MFD,OH,AGL,CE,Combined TRACON& Tower with Radar,0,0,2,0,2,0,0,0,0,0,0,0,2,0,2,0,0,0,2
01/21/2017,MFD,OH,AGL,CE,Combined TRACON& Tower with Radar,0,2,22,0,24,0,0,37,0,37,0,2,59,0,61,16,0,16,77
01/22/2017,MFD,OH,AGL,CE,Combined TRACON& Tower with Radar,0,0,8,0,8,0,0,27,0,27,0,0,35,0,35,0,0,0,35
01/23/2017,MFD,OH,AGL,CE,Combined TRACON& Tower with Radar,0,0,5,0,5,0,0,0,0,0,0,0,5,0,5,0,0,0,5
01/24/2017,MFD,OH,AGL,CE,Combined TRACON& Tower with Radar,0,0,0,4,4,0,0,0,0,0,0,0,0,4,4,6,0,6,10
01/25/2017,MFD,OH,AGL,CE,Combined TRACON& Tower with Radar,0,0,1,23,24,0,0,5,8,13,0,0,6,31,37,0,0,0,37
01/26/2017,MFD,OH,AGL,CE,Combined TRACON& Tower with Radar,0,0,9,0,9,0,0,0,0,0,0,0,9,0,9,0,0,0,9
01/27/2017,MFD,OH,AGL,CE,Combined TRACON& Tower with Radar,0,0,3,10,13,0,0,0,2,2,0,0,3,12,15,0,0,0,15
01/28/2017,MFD,OH,AGL,CE,Combined TRACON& Tower with Radar,0,0,4,1,5,0,0,1,0,1,0,0,5,1,6,4,0,4,10
01/29/2017,MFD,OH,AGL,CE,Combined TRACON& Tower with Radar,0,2,0,1,3,0,0,1,0,1,0,2,1,1,4,0,0,0,4
01/30/2017,MFD,OH,AGL,CE,Combined TRACON& Tower with Radar,0,0,11,0,11,0,2,1,0,3,0,2,12,0,14,0,0,0,14
01/31/2017,MFD,OH,AGL,CE,Combined TRACON& Tower with Radar,0,0,2,18,20,0,0,0,0,0,0,0,2,18,20,0,6,6,26
02/01/2017,MFD,OH,AGL,CE,Combined TRACON& Tower with Radar,0,0,10,3,13,0,0,12,10,22,0,0,22,13,35,0,10,10,45
02/02/2017,MFD,OH,AGL,CE,Combined TRACON& Tower with Radar,0,4,17,11,32,0,2,6,12,20,0,6,23,23,52,6,6,12,64
02/03/2017,MFD,OH,AGL,CE,Combined TRACON& Tower with Radar,0,0,10,12,22,0,0,13,8,21,0,0,23,20,43,8,10,18,61
02/04/2017,MFD,OH,AGL,CE,Combined TRACON& Tower with Radar,0,0,24,9,33,0,0,38,5,43,0,0,62,14,76,8,0,8,84
02/05/2017,MFD,OH,AGL,CE,Combined TRACON& Tower with Radar,0,0,3,0,3,0,0,7,0,7,0,0,10,0,10,0,0,0,10
02/06/2017,MFD,OH,AGL,CE,Combined TRACON& Tower with Radar,0,0,27,1,28,0,0,29,0,29,0,0,56,1,57,12,0,12,69
02/07/2017,MFD,OH,AGL,CE,Combined TRACON& Tower with Radar,0,1,10,9,20,0,0,0,0,0,0,1,10,9,20,0,0,0,20
02/08/2017,MFD,OH,AGL,CE,Combined TRACON& Tower with Radar,0,1,11,5,17,0,0,0,0,0,0,1,11,5,17,0,0,0,17
02/09/2017,MFD,OH,AGL,CE,Combined TRACON& Tower with Radar,0,0,6,3,9,0,0,5,0,5,0,0,11,3,14,12,0,12,26
02/10/2017,MFD,OH,AGL,CE,Combined TRACON& Tower with Radar,0,1,12,4,17,0,1,20,0,21,0,2,32,4,38,0,0,0,38
02/11/2017,MFD,OH,AGL,CE,Combined TRACON& Tower with Radar,0,1,14,0,15,0,0,26,0,26,0,1,40,0,41,4,0,4,45
02/12/2017,MFD,OH,AGL,CE,Combined TRACON& Tower with Radar,0,1,6,0,7,0,0,0,0,0,0,1,6,0,7,0,0,0,7
02/13/2017,MFD,OH,AGL,CE,Combined TRACON& Tower with Radar,0,2,27,2,31,0,0,16,0,16,0,2,43,2,47,6,0,6,53
02/14/2017,MFD,OH,AGL,CE,Combined TRACON& Tower with Radar,0,0,16,6,22,0,0,21,9,30,0,0,37,15,52,0,4,4,56
02/15/2017,MFD,OH,AGL,CE,Combined TRACON& Tower with Radar,0,0,3,19,22,0,0,7,22,29,0,0,10,41,51,0,46,46,97
02/16/2017,MFD,OH,AGL,CE,Combined TRACON& Tower with Radar,0,0,11,0,11,0,0,13,0,13,0,0,24,0,24,0,0,0,24
02/17/2017,MFD,OH,AGL,CE,Combined TRACON& Tower with Radar,0,0,14,0,14,0,0,30,0,30,0,0,44,0,44,0,0,0,44
02/18/2017,MFD,OH,AGL,CE,Combined TRACON& Tower with Radar,0,0,9,0,9,0,0,25,0,25,0,0,34,0,34,0,0,0,34
02/19/2017,MFD,OH,AGL,CE,Combined TRACON& Tower with Radar,0,1,19,0,20,0,0,44,4,48,0,1,63,4,68,12,0,12,80
02/20/2017,MFD,OH,AGL,CE,Combined TRACON& Tower with Radar,0,1,16,2,19,0,1,27,3,31,0,2,43,5,50,24,0,24,74
02/21/2017,MFD,OH,AGL,CE,Combined TRACON& Tower with Radar,0,3,11,5,19,0,3,18,0,21,0,6,29,5,40,12,4,16,56
02/22/2017,MFD,OH,AGL,CE,Combined TRACON& Tower with Radar,0,1,10,8,19,0,0,0,0,0,0,1,10,8,19,0,0,0,19
02/23/2017,MFD,OH,AGL,CE,Combined TRACON& Tower with Radar,0,2,8,0,10,0,0,16,0,16,0,2,24,0,26,0,0,0,26
02/24/2017,MFD,OH,AGL,CE,Combined TRACON& Tower with Radar,0,0,5,2,7,0,0,4,2,6,0,0,9,4,13,0,0,0,13
02/25/2017,MFD,OH,AGL,CE,Combined TRACON& Tower with Radar,0,2,0,1,3,0,0,0,0,0,0,2,0,1,3,4,0,4,7
02/26/2017,MFD,OH,AGL,CE,Combined TRACON& Tower with Radar,0,1,11,1,13,0,0,12,0,12,0,1,23,1,25,0,0,0,25
02/27/2017,MFD,OH,AGL,CE,Combined TRACON& Tower with Radar,0,1,6,1,8,0,0,6,0,6,0,1,12,1,14,0,0,0,14
02/28/2017,MFD,OH,AGL,CE,Combined TRACON& Tower with Radar,0,2,10,5,17,0,0,0,3,3,0,2,10,8,20,0,0,0,20
03/01/2017,MFD,OH,AGL,CE,Combined TRACON& Tower with Radar,0,1,1,4,6,0,0,0,0,0,0,1,1,4,6,0,0,0,6
03/02/2017,MFD,OH,AGL,CE,Combined TRACON& Tower with Radar,0,2,13,8,23,0,1,2,0,3,0,3,15,8,26,2,0,2,28
03/03/2017,MFD,OH,AGL,CE,Combined TRACON& Tower with Radar,0,0,4,2,6,0,0,3,0,3,0,0,7,2,9,4,0,4,13
03/04/2017,MFD,OH,AGL,CE,Combined TRACON& Tower with Radar,0,1,10,12,23,0,2,35,7,44,0,3,45,19,67,40,6,46,113
03/05/2017,MFD,OH,AGL,CE,Combined TRACON& Tower with Radar,0,3,18,0,21,0,2,20,0,22,0,5,38,0,43,4,0,4,47
03/06/2017,MFD,OH,AGL,CE,Combined TRACON& Tower with Radar,0,0,9,2,11,0,0,4,1,5,0,0,13,3,16,0,0,0,16
03/07/2017,MFD,OH,AGL,CE,Combined TRACON& Tower with Radar,0,0,1,3,4,0,0,0,0,0,0,0,1,3,4,0,0,0,4
03/08/2017,MFD,OH,AGL,CE,Combined TRACON& Tower with Radar,0,2,1,0,3,0,0,0,0,0,0,2,1,0,3,0,0,0,3
03/09/2017,MFD,OH,AGL,CE,Combined TRACON& Tower with Radar,3,3,31,12,49,0,1,37,14,52,3,4,68,26,101,8,34,42,143
03/10/2017,MFD,OH,AGL,CE,Combined TRACON& Tower with Radar,0,0,2,20,22,0,0,0,0,0,0,0,2,20,22,0,20,20,42
03/11/2017,MFD,OH,AGL,CE,Combined TRACON& Tower with Radar,0,0,15,0,15,0,0,18,0,18,0,0,33,0,33,16,0,16,49
03/12/2017,MFD,OH,AGL,CE,Combined TRACON& Tower with Radar,0,2,10,0,12,0,0,20,0,20,0,2,30,0,32,14,0,14,46
03/13/2017,MFD,OH,AGL,CE,Combined TRACON& Tower with Radar,0,0,3,0,3,0,0,3,0,3,0,0,6,0,6,0,0,0,6
03/14/2017,MFD,OH,AGL,CE,Combined TRACON& Tower with Radar,0,0,4,0,4,0,0,0,0,0,0,0,4,0,4,0,0,0,4
03/15/2017,MFD,OH,AGL,CE,Combined TRACON& Tower with Radar,0,2,9,6,17,0,0,5,0,5,0,2,14,6,22,0,6,6,28
03/16/2017,MFD,OH,AGL,CE,Combined TRACON& Tower with Radar,0,2,14,23,39,0,4,29,2,35,0,6,43,25,74,18,20,38,112
03/17/2017,MFD,OH,AGL,CE,Combined TRACON& Tower with Radar,0,0,2,5,7,0,0,3,1,4,0,0,5,6,11,0,0,0,11
03/18/2017,MFD,OH,AGL,CE,Combined TRACON& Tower with Radar,0,0,0,0,0,0,0,0,0,0,0,0,0,0,0,0,0,0,0
03/19/2017,MFD,OH,AGL,CE,Combined TRACON& Tower with Radar,0,1,1,0,2,0,1,0,1,2,0,2,1,1,4,0,0,0,4
03/20/2017,MFD,OH,AGL,CE,Combined TRACON& Tower with Radar,1,0,18,7,26,0,0,11,1,12,1,0,29,8,38,30,0,30,68
03/21/2017,MFD,OH,AGL,CE,Combined TRACON& Tower with Radar,0,3,11,6,20,0,0,17,0,17,0,3,28,6,37,0,0,0,37
03/22/2017,MFD,OH,AGL,CE,Combined TRACON& Tower with Radar,0,6,35,8,49,0,2,13,0,15,0,8,48,8,64,0,0,0,64
03/23/2017,MFD,OH,AGL,CE,Combined TRACON& Tower with Radar,0,5,16,2,23,0,2,16,10,28,0,7,32,12,51,10,16,26,77
03/24/2017,MFD,OH,AGL,CE,Combined TRACON& Tower with Radar,0,1,23,1,25,0,0,4,0,4,0,1,27,1,29,0,0,0,29
03/25/2017,MFD,OH,AGL,CE,Combined TRACON& Tower with Radar,0,0,10,1,11,0,1,10,0,11,0,1,20,1,22,4,0,4,26
03/26/2017,MFD,OH,AGL,CE,Combined TRACON& Tower with Radar,0,0,9,1,10,0,0,5,0,5,0,0,14,1,15,0,0,0,15
03/27/2017,MFD,OH,AGL,CE,Combined TRACON& Tower with Radar,0,2,7,0,9,0,0,4,0,4,0,2,11,0,13,0,0,0,13
03/28/2017,MFD,OH,AGL,CE,Combined TRACON& Tower with Radar,0,1,9,2,12,0,0,0,0,0,0,1,9,2,12,0,0,0,12
03/29/2017,MFD,OH,AGL,CE,Combined TRACON& Tower with Radar,0,2,11,2,15,0,0,20,3,23,0,2,31,5,38,10,24,34,72
03/30/2017,MFD,OH,AGL,CE,Combined TRACON& Tower with Radar,0,7,9,6,22,0,0,1,6,7,0,7,10,12,29,0,8,8,37
03/31/2017,MFD,OH,AGL,CE,Combined TRACON& Tower with Radar,0,0,10,10,20,0,0,0,2,2,0,0,10,12,22,0,2,2,24
04/01/2017,MFD,OH,AGL,CE,Combined TRACON& Tower with Radar,0,1,20,15,36,0,0,2,0,2,0,1,22,15,38,0,0,0,38
04/02/2017,MFD,OH,AGL,CE,Combined TRACON& Tower with Radar,0,2,26,4,32,0,0,70,1,71,0,2,96,5,103,16,0,16,119
04/03/2017,MFD,OH,AGL,CE,Combined TRACON& Tower with Radar,0,2,6,3,11,0,1,3,0,4,0,3,9,3,15,4,0,4,19
04/04/2017,MFD,OH,AGL,CE,Combined TRACON& Tower with Radar,0,3,9,0,12,0,0,2,12,14,0,3,11,12,26,0,14,14,40
04/05/2017,MFD,OH,AGL,CE,Combined TRACON& Tower with Radar,0,0,7,2,9,0,0,10,0,10,0,0,17,2,19,0,0,0,19
04/06/2017,MFD,OH,AGL,CE,Combined TRACON& Tower with Radar,0,0,7,2,9,0,0,0,0,0,0,0,7,2,9,0,0,0,9
04/07/2017,MFD,OH,AGL,CE,Combined TRACON& Tower with Radar,0,0,11,4,15,0,0,0,0,0,0,0,11,4,15,0,0,0,15
04/08/2017,MFD,OH,AGL,CE,Combined TRACON& Tower with Radar,0,4,22,0,26,0,1,62,0,63,0,5,84,0,89,20,0,20,109
04/09/2017,MFD,OH,AGL,CE,Combined TRACON& Tower with Radar,0,0,4,0,4,0,2,19,0,21,0,2,23,0,25,0,12,12,37
04/10/2017,MFD,OH,AGL,CE,Combined TRACON& Tower with Radar,0,2,4,1,7,0,0,6,0,6,0,2,10,1,13,0,0,0,13
04/11/2017,MFD,OH,AGL,CE,Combined TRACON& Tower with Radar,0,2,10,12,24,0,0,1,8,9,0,2,11,20,33,0,0,0,33
04/12/2017,MFD,OH,AGL,CE,Combined TRACON& Tower with Radar,0,2,16,11,29,0,3,40,7,50,0,5,56,18,79,50,0,50,129
04/13/2017,MFD,OH,AGL,CE,Combined TRACON& Tower with Radar,0,3,17,6,26,0,3,43,6,52,0,6,60,12,78,44,0,44,122
04/14/2017,MFD,OH,AGL,CE,Combined TRACON& Tower with Radar,0,2,12,0,14,0,2,32,0,34,0,4,44,0,48,26,0,26,74
04/15/2017,MFD,OH,AGL,CE,Combined TRACON& Tower with Radar,0,0,2,0,2,0,0,8,0,8,0,0,10,0,10,10,0,10,20
04/16/2017,MFD,OH,AGL,CE,Combined TRACON& Tower with Radar,0,0,0,0,0,0,0,4,0,4,0,0,4,0,4,20,0,20,24
04/17/2017,MFD,OH,AGL,CE,Combined TRACON& Tower with Radar,0,5,20,1,26,0,1,34,0,35,0,6,54,1,61,14,0,14,75
04/18/2017,MFD,OH,AGL,CE,Combined TRACON& Tower with Radar,0,1,19,7,27,0,3,37,6,46,0,4,56,13,73,52,0,52,125
04/19/2017,MFD,OH,AGL,CE,Combined TRACON& Tower with Radar,0,0,6,7,13,0,0,8,0,8,0,0,14,7,21,0,2,2,23
04/20/2017,MFD,OH,AGL,CE,Combined TRACON& Tower with Radar,0,4,12,15,31,0,0,3,10,13,0,4,15,25,44,0,0,0,44
04/21/2017,MFD,OH,AGL,CE,Combined TRACON& Tower with Radar,0,0,11,5,16,0,0,3,0,3,0,0,14,5,19,2,0,2,21
04/22/2017,MFD,OH,AGL,CE,Combined TRACON& Tower with Radar,0,2,15,0,17,0,0,17,0,17,0,2,32,0,34,22,0,22,56
04/23/2017,MFD,OH,AGL,CE,Combined TRACON& Tower with Radar,0,1,10,0,11,0,1,14,0,15,0,2,24,0,26,52,0,52,78
04/24/2017,MFD,OH,AGL,CE,Combined TRACON& Tower with Radar,0,0,7,3,10,0,0,16,1,17,0,0,23,4,27,8,8,16,43
04/25/2017,MFD,OH,AGL,CE,Combined TRACON& Tower with Radar,0,4,19,18,41,0,2,46,11,59,0,6,65,29,100,42,10,52,152
04/26/2017,MFD,OH,AGL,CE,Combined TRACON& Tower with Radar,0,0,17,7,24,0,4,42,10,56,0,4,59,17,80,2,16,18,98
04/27/2017,MFD,OH,AGL,CE,Combined TRACON& Tower with Radar,0,0,13,3,16,0,0,4,5,9,0,0,17,8,25,2,4,6,31
04/28/2017,MFD,OH,AGL,CE,Combined TRACON& Tower with Radar,0,0,17,1,18,0,1,15,0,16,0,1,32,1,34,6,0,6,40
04/29/2017,MFD,OH,AGL,CE,Combined TRACON& Tower with Radar,1,0,6,0,7,0,0,1,0,1,1,0,7,0,8,0,0,0,8
04/30/2017,MFD,OH,AGL,CE,Combined TRACON& Tower with Radar,0,0,5,1,6,0,0,2,0,2,0,0,7,1,8,0,0,0,8
05/01/2017,MFD,OH,AGL,CE,Combined TRACON& Tower with Radar,0,0,0,0,0,0,1,2,0,3,0,1,2,0,3,0,0,0,3
05/02/2017,MFD,OH,AGL,CE,Combined TRACON& Tower with Radar,0,0,11,2,13,0,0,1,2,3,0,0,12,4,16,2,0,2,18
05/03/2017,MFD,OH,AGL,CE,Combined TRACON& Tower with Radar,0,0,18,2,20,0,1,13,0,14,0,1,31,2,34,78,12,90,124
05/04/2017,MFD,OH,AGL,CE,Combined TRACON& Tower with Radar,0,2,3,4,9,0,0,2,0,2,0,2,5,4,11,0,0,0,11
05/05/2017,MFD,OH,AGL,CE,Combined TRACON& Tower with Radar,0,0,12,0,12,0,0,0,0,0,0,0,12,0,12,0,0,0,12
05/06/2017,MFD,OH,AGL,CE,Combined TRACON& Tower with Radar,0,0,3,1,4,0,0,0,0,0,0,0,3,1,4,0,0,0,4
05/07/2017,MFD,OH,AGL,CE,Combined TRACON& Tower with Radar,0,2,16,1,19,0,0,33,0,33,0,2,49,1,52,2,0,2,54
05/08/2017,MFD,OH,AGL,CE,Combined TRACON& Tower with Radar,0,0,9,1,10,0,3,32,0,35,0,3,41,1,45,18,0,18,63
05/09/2017,MFD,OH,AGL,CE,Combined TRACON& Tower with Radar,0,2,21,9,32,0,2,29,2,33,0,4,50,11,65,22,0,22,87
05/10/2017,MFD,OH,AGL,CE,Combined TRACON& Tower with Radar,0,0,12,4,16,0,1,37,13,51,0,1,49,17,67,32,18,50,117
05/11/2017,MFD,OH,AGL,CE,Combined TRACON& Tower with Radar,0,0,10,3,13,0,0,8,1,9,0,0,18,4,22,6,0,6,28
05/12/2017,MFD,OH,AGL,CE,Combined TRACON& Tower with Radar,0,2,18,0,20,0,0,12,0,12,0,2,30,0,32,14,0,14,46
05/13/2017,MFD,OH,AGL,CE,Combined TRACON& Tower with Radar,0,0,3,0,3,0,0,24,2,26,0,0,27,2,29,8,0,8,37
05/14/2017,MFD,OH,AGL,CE,Combined TRACON& Tower with Radar,0,2,4,0,6,0,0,15,0,15,0,2,19,0,21,4,0,4,25
05/15/2017,MFD,OH,AGL,CE,Combined TRACON& Tower with Radar,0,0,12,5,17,0,0,46,0,46,0,0,58,5,63,16,0,16,79
05/16/2017,MFD,OH,AGL,CE,Combined TRACON& Tower with Radar,0,0,10,7,17,0,0,19,14,33,0,0,29,21,50,12,24,36,86
05/17/2017,MFD,OH,AGL,CE,Combined TRACON& Tower with Radar,0,3,4,6,13,0,3,4,8,15,0,6,8,14,28,2,0,2,30
05/18/2017,MFD,OH,AGL,CE,Combined TRACON& Tower with Radar,0,0,8,8,16,0,0,2,6,8,0,0,10,14,24,0,2,2,26
05/19/2017,MFD,OH,AGL,CE,Combined TRACON& Tower with Radar,0,2,3,6,11,0,0,0,2,2,0,2,3,8,13,0,0,0,13
05/20/2017,MFD,OH,AGL,CE,Combined TRACON& Tower with Radar,0,2,12,7,21,0,0,5,5,10,0,2,17,12,31,20,0,20,51
05/21/2017,MFD,OH,AGL,CE,Combined TRACON& Tower with Radar,0,0,4,2,6,0,0,0,0,0,0,0,4,2,6,2,2,4,10
05/22/2017,MFD,OH,AGL,CE,Combined TRACON& Tower with Radar,0,1,9,3,13,0,3,28,0,31,0,4,37,3,44,24,0,24,68
05/23/2017,MFD,OH,AGL,CE,Combined TRACON& Tower with Radar,0,2,9,3,14,0,0,49,1,50,0,2,58,4,64,0,2,2,66
05/24/2017,MFD,OH,AGL,CE,Combined TRACON& Tower with Radar,1,2,7,8,18,0,0,6,0,6,1,2,13,8,24,0,0,0,24
05/25/2017,MFD,OH,AGL,CE,Combined TRACON& Tower with Radar,0,0,1,8,9,0,0,4,1,5,0,0,5,9,14,0,4,4,18
05/26/2017,MFD,OH,AGL,CE,Combined TRACON& Tower with Radar,0,0,8,2,10,0,0,7,0,7,0,0,15,2,17,2,0,2,19
05/27/2017,MFD,OH,AGL,CE,Combined TRACON& Tower with Radar,0,0,13,0,13,0,0,9,0,9,0,0,22,0,22,16,0,16,38
05/28/2017,MFD,OH,AGL,CE,Combined TRACON& Tower with Radar,0,0,1,0,1,0,0,0,0,0,0,0,1,0,1,0,0,0,1
05/29/2017,MFD,OH,AGL,CE,Combined TRACON& Tower with Radar,0,0,7,0,7,0,0,26,0,26,0,0,33,0,33,26,0,26,59
05/30/2017,MFD,OH,AGL,CE,Combined TRACON& Tower with Radar,0,2,13,9,24,0,0,32,12,44,0,2,45,21,68,14,4,18,86
05/31/2017,MFD,OH,AGL,CE,Combined TRACON& Tower with Radar,0,2,10,10,22,0,1,14,5,20,0,3,24,15,42,10,10,20,62
06/01/2017,MFD,OH,AGL,CE,Combined TRACON& Tower with Radar,0,3,8,3,14,0,1,36,0,37,0,4,44,3,51,74,8,82,133
06/02/2017,MFD,OH,AGL,CE,Combined TRACON& Tower with Radar,0,3,4,4,11,0,1,36,0,37,0,4,40,4,48,8,8,16,64
06/03/2017,MFD,OH,AGL,CE,Combined TRACON& Tower with Radar,0,0,10,1,11,0,0,36,0,36,0,0,46,1,47,0,0,0,47
06/04/2017,MFD,OH,AGL,CE,Combined TRACON& Tower with Radar,0,0,4,0,4,0,0,9,0,9,0,0,13,0,13,0,0,0,13
06/05/2017,MFD,OH,AGL,CE,Combined TRACON& Tower with Radar,0,0,6,0,6,0,0,2,0,2,0,0,8,0,8,2,0,2,10
06/06/2017,MFD,OH,AGL,CE,Combined TRACON& Tower with Radar,0,2,8,11,21,0,4,7,18,29,0,6,15,29,50,14,42,56,106
06/07/2017,MFD,OH,AGL,CE,Combined TRACON& Tower with Radar,0,2,8,4,14,0,0,10,2,12,0,2,18,6,26,8,0,8,34
06/08/2017,MFD,OH,AGL,CE,Combined TRACON& Tower with Radar,0,0,13,13,26,0,2,48,9,59,0,2,61,22,85,8,28,36,121
06/09/2017,MFD,OH,AGL,CE,Combined TRACON& Tower with Radar,0,0,8,3,11,0,0,19,12,31,0,0,27,15,42,18,16,34,76
06/10/2017,MFD,OH,AGL,CE,Combined TRACON& Tower with Radar,0,4,14,0,18,0,2,29,0,31,0,6,43,0,49,0,0,0,49
06/11/2017,MFD,OH,AGL,CE,Combined TRACON& Tower with Radar,0,1,9,0,10,0,0,25,0,25,0,1,34,0,35,22,0,22,57
06/12/2017,MFD,OH,AGL,CE,Combined TRACON& Tower with Radar,0,0,8,4,12,0,0,35,0,35,0,0,43,4,47,22,0,22,69
06/13/2017,MFD,OH,AGL,CE,Combined TRACON& Tower with Radar,0,1,5,6,12,0,1,24,9,34,0,2,29,15,46,8,16,24,70
06/14/2017,MFD,OH,AGL,CE,Combined TRACON& Tower with Radar,0,4,11,4,19,0,0,15,12,27,0,4,26,16,46,24,14,38,84
06/15/2017,MFD,OH,AGL,CE,Combined TRACON& Tower with Radar,0,2,20,9,31,0,1,17,13,31,0,3,37,22,62,32,18,50,112
06/16/2017,MFD,OH,AGL,CE,Combined TRACON& Tower with Radar,0,2,19,22,43,0,1,39,5,45,0,3,58,27,88,34,34,68,156
06/17/2017,MFD,OH,AGL,CE,Combined TRACON& Tower with Radar,0,0,5,6,11,0,2,35,7,44,0,2,40,13,55,28,2,30,85
06/18/2017,MFD,OH,AGL,CE,Combined TRACON& Tower with Radar,0,0,6,3,9,0,0,1,0,1,0,0,7,3,10,0,4,4,14
06/19/2017,MFD,OH,AGL,CE,Combined TRACON& Tower with Radar,0,0,9,5,14,0,0,14,3,17,0,0,23,8,31,6,0,6,37
06/20/2017,MFD,OH,AGL,CE,Combined TRACON& Tower with Radar,0,2,11,5,18,0,0,24,5,29,0,2,35,10,47,34,12,46,93
06/21/2017,MFD,OH,AGL,CE,Combined TRACON& Tower with Radar,0,6,15,3,24,0,0,27,3,30,0,6,42,6,54,26,0,26,80
06/22/2017,MFD,OH,AGL,CE,Combined TRACON& Tower with Radar,0,2,16,9,27,0,5,25,2,32,0,7,41,11,59,36,6,42,101
06/23/2017,MFD,OH,AGL,CE,Combined TRACON& Tower with Radar,0,0,12,0,12,0,0,1,0,1,0,0,13,0,13,0,0,0,13
06/24/2017,MFD,OH,AGL,CE,Combined TRACON& Tower with Radar,0,4,13,0,17,0,0,27,0,27,0,4,40,0,44,6,0,6,50
06/25/2017,MFD,OH,AGL,CE,Combined TRACON& Tower with Radar,0,1,11,0,12,0,0,13,0,13,0,1,24,0,25,10,0,10,35
06/26/2017,MFD,OH,AGL,CE,Combined TRACON& Tower with Radar,0,0,4,9,13,0,0,13,3,16,0,0,17,12,29,26,10,36,65
06/27/2017,MFD,OH,AGL,CE,Combined TRACON& Tower with Radar,0,4,20,18,42,0,1,41,12,54,0,5,61,30,96,60,14,74,170
06/28/2017,MFD,OH,AGL,CE,Combined TRACON& Tower with Radar,0,2,11,4,17,0,1,58,2,61,0,3,69,6,78,16,0,16,94
06/29/2017,MFD,OH,AGL,CE,Combined TRACON& Tower with Radar,0,0,12,10,22,0,0,3,1,4,0,0,15,11,26,4,2,6,32
06/30/2017,MFD,OH,AGL,CE,Combined TRACON& Tower with Radar,0,0,6,2,8,0,0,7,0,7,0,0,13,2,15,0,0,0,15
07/01/2017,MFD,OH,AGL,CE,Combined TRACON& Tower with Radar,0,0,9,0,9,0,0,112,0,112,0,0,121,0,121,100,0,100,221
07/02/2017,MFD,OH,AGL,CE,Combined TRACON& Tower with Radar,0,4,2,0,6,0,4,24,0,28,0,8,26,0,34,8,0,8,42
07/03/2017,MFD,OH,AGL,CE,Combined TRACON& Tower with Radar,0,0,6,1,7,0,0,19,0,19,0,0,25,1,26,20,0,20,46
07/04/2017,MFD,OH,AGL,CE,Combined TRACON& Tower with Radar,0,2,7,1,10,0,0,42,0,42,0,2,49,1,52,10,0,10,62
07/05/2017,MFD,OH,AGL,CE,Combined TRACON& Tower with Radar,0,2,9,11,22,0,1,31,8,40,0,3,40,19,62,46,8,54,116
07/06/2017,MFD,OH,AGL,CE,Combined TRACON& Tower with Radar,0,0,5,24,29,0,0,19,6,25,0,0,24,30,54,4,14,18,72
07/07/2017,MFD,OH,AGL,CE,Combined TRACON& Tower with Radar,0,0,10,4,14,0,0,5,0,5,0,0,15,4,19,18,0,18,37
07/08/2017,MFD,OH,AGL,CE,Combined TRACON& Tower with Radar,0,0,22,0,22,0,0,38,0,38,0,0,60,0,60,36,0,36,96
07/09/2017,MFD,OH,AGL,CE,Combined TRACON& Tower with Radar,0,0,10,1,11,0,1,52,0,53,0,1,62,1,64,10,0,10,74
07/10/2017,MFD,OH,AGL,CE,Combined TRACON& Tower with Radar,0,0,5,0,5,0,0,3,0,3,0,0,8,0,8,0,0,0,8
07/11/2017,MFD,OH,AGL,CE,Combined TRACON& Tower with Radar,0,4,19,5,28,0,0,11,15,26,0,4,30,20,54,4,12,16,70
07/12/2017,MFD,OH,AGL,CE,Combined TRACON& Tower with Radar,0,1,12,12,25,0,1,17,5,23,0,2,29,17,48,6,18,24,72
07/13/2017,MFD,OH,AGL,CE,Combined TRACON& Tower with Radar,0,0,8,1,9,0,0,2,0,2,0,0,10,1,11,0,0,0,11
07/14/2017,MFD,OH,AGL,CE,Combined TRACON& Tower with Radar,0,0,19,4,23,0,1,19,0,20,0,1,38,4,43,6,2,8,51
07/15/2017,MFD,OH,AGL,CE,Combined TRACON& Tower with Radar,0,0,33,2,35,0,2,30,0,32,0,2,63,2,67,24,0,24,91
07/16/2017,MFD,OH,AGL,CE,Combined TRACON& Tower with Radar,0,1,12,1,14,0,1,29,0,30,0,2,41,1,44,6,0,6,50
07/17/2017,MFD,OH,AGL,CE,Combined TRACON& Tower with Radar,0,2,16,0,18,0,1,24,0,25,0,3,40,0,43,20,0,20,63
07/18/2017,MFD,OH,AGL,CE,Combined TRACON& Tower with Radar,0,1,12,2,15,0,1,33,22,56,0,2,45,24,71,34,18,52,123
07/19/2017,MFD,OH,AGL,CE,Combined TRACON& Tower with Radar,0,2,13,10,25,0,1,43,4,48,0,3,56,14,73,42,4,46,119
07/20/2017,MFD,OH,AGL,CE,Combined TRACON& Tower with Radar,0,2,16,5,23,0,0,15,0,15,0,2,31,5,38,8,6,14,52
07/21/2017,MFD,OH,AGL,CE,Combined TRACON& Tower with Radar,0,0,21,4,25,0,0,20,0,20,0,0,41,4,45,44,0,44,89
07/22/2017,MFD,OH,AGL,CE,Combined TRACON& Tower with Radar,0,0,8,2,10,0,0,4,0,4,0,0,12,2,14,0,0,0,14
07/23/2017,MFD,OH,AGL,CE,Combined TRACON& Tower with Radar,0,0,20,0,20,0,0,0,0,0,0,0,20,0,20,0,0,0,20
07/24/2017,MFD,OH,AGL,CE,Combined TRACON& Tower with Radar,0,1,16,2,19,0,0,20,0,20,0,1,36,2,39,6,0,6,45
07/25/2017,MFD,OH,AGL,CE,Combined TRACON& Tower with Radar,0,0,26,6,32,0,1,24,11,36,0,1,50,17,68,28,16,44,112
07/26/2017,MFD,OH,AGL,CE,Combined TRACON& Tower with Radar,0,5,40,2,47,0,0,54,8,62,0,5,94,10,109,24,0,24,133
07/27/2017,MFD,OH,AGL,CE,Combined TRACON& Tower with Radar,1,4,33,2,40,0,1,13,4,18,1,5,46,6,58,6,6,12,70
07/28/2017,MFD,OH,AGL,CE,Combined TRACON& Tower with Radar,1,4,14,0,19,0,0,2,0,2,1,4,16,0,21,0,0,0,21
07/29/2017,MFD,OH,AGL,CE,Combined TRACON& Tower with Radar,0,0,6,1,7,0,0,7,0,7,0,0,13,1,14,0,0,0,14
07/30/2017,MFD,OH,AGL,CE,Combined TRACON& Tower with Radar,0,12,40,0,52,0,2,47,0,49,0,14,87,0,101,16,0,16,117
07/31/2017,MFD,OH,AGL,CE,Combined TRACON& Tower with Radar,0,2,15,0,17,0,0,41,0,41,0,2,56,0,58,42,0,42,100
08/01/2017,MFD,OH,AGL,CE,Combined TRACON& Tower with Radar,0,2,12,5,19,0,0,22,5,27,0,2,34,10,46,34,4,38,84
08/02/2017,MFD,OH,AGL,CE,Combined TRACON& Tower with Radar,0,4,13,6,23,0,0,20,16,36,0,4,33,22,59,8,16,24,83
08/03/2017,MFD,OH,AGL,CE,Combined TRACON& Tower with Radar,0,0,10,3,13,0,0,23,0,23,0,0,33,3,36,4,0,4,40
08/04/2017,MFD,OH,AGL,CE,Combined TRACON& Tower with Radar,0,2,11,0,13,0,0,1,0,1,0,2,12,0,14,0,0,0,14
08/05/2017,MFD,OH,AGL,CE,Combined TRACON& Tower with Radar,0,4,10,0,14,0,0,35,0,35,0,4,45,0,49,16,0,16,65
08/06/2017,MFD,OH,AGL,CE,Combined TRACON& Tower with Radar,0,0,12,0,12,0,0,19,0,19,0,0,31,0,31,0,0,0,31
08/07/2017,MFD,OH,AGL,CE,Combined TRACON& Tower with Radar,0,0,10,4,14,0,0,13,0,13,0,0,23,4,27,12,0,12,39
08/08/2017,MFD,OH,AGL,CE,Combined TRACON& Tower with Radar,0,4,28,8,40,0,3,47,12,62,0,7,75,20,102,14,10,24,126
08/09/2017,MFD,OH,AGL,CE,Combined TRACON& Tower with Radar,0,8,18,1,27,0,2,24,5,31,0,10,42,6,58,44,0,44,102
08/10/2017,MFD,OH,AGL,CE,Combined TRACON& Tower with Radar,0,0,19,1,20,0,0,18,0,18,0,0,37,1,38,16,0,16,54
08/11/2017,MFD,OH,AGL,CE,Combined TRACON& Tower with Radar,0,2,21,3,26,0,0,0,2,2,0,2,21,5,28,0,0,0,28
08/12/2017,MFD,OH,AGL,CE,Combined TRACON& Tower with Radar,0,2,46,5,53,0,0,21,14,35,0,2,67,19,88,0,0,0,88
08/13/2017,MFD,OH,AGL,CE,Combined TRACON& Tower with Radar,0,2,3,0,5,0,2,35,0,37,0,4,38,0,42,6,0,6,48
08/14/2017,MFD,OH,AGL,CE,Combined TRACON& Tower with Radar,0,4,6,8,18,0,0,38,0,38,0,4,44,8,56,20,4,24,80
08/15/2017,MFD,OH,AGL,CE,Combined TRACON& Tower with Radar,0,3,13,12,28,0,1,15,5,21,0,4,28,17,49,12,0,12,61
08/16/2017,MFD,OH,AGL,CE,Combined TRACON& Tower with Radar,0,0,12,2,14,0,0,34,5,39,0,0,46,7,53,28,6,34,87
08/17/2017,MFD,OH,AGL,CE,Combined TRACON& Tower with Radar,0,0,10,4,14,0,0,2,0,2,0,0,12,4,16,0,0,0,16
08/18/2017,MFD,OH,AGL,CE,Combined TRACON& Tower with Radar,0,0,11,2,13,0,0,30,0,30,0,0,41,2,43,6,0,6,49
08/19/2017,MFD,OH,AGL,CE,Combined TRACON& Tower with Radar,0,0,8,0,8,0,0,11,0,11,0,0,19,0,19,6,0,6,25
08/20/2017,MFD,OH,AGL,CE,Combined TRACON& Tower with Radar,0,0,6,0,6,0,2,28,1,31,0,2,34,1,37,18,0,18,55
08/21/2017,MFD,OH,AGL,CE,Combined TRACON& Tower with Radar,0,3,7,3,13,0,1,18,0,19,0,4,25,3,32,10,0,10,42
08/22/2017,MFD,OH,AGL,CE,Combined TRACON& Tower with Radar,0,0,7,13,20,0,0,6,5,11,0,0,13,18,31,2,12,14,45
08/23/2017,MFD,OH,AGL,CE,Combined TRACON& Tower with Radar,0,4,23,14,41,0,0,33,11,44,0,4,56,25,85,12,20,32,117
08/24/2017,MFD,OH,AGL,CE,Combined TRACON& Tower with Radar,0,0,5,4,9,0,1,20,0,21,0,1,25,4,30,10,10,20,50
08/25/2017,MFD,OH,AGL,CE,Combined TRACON& Tower with Radar,0,0,11,2,13,0,0,26,0,26,0,0,37,2,39,14,0,14,53
08/26/2017,MFD,OH,AGL,CE,Combined TRACON& Tower with Radar,0,0,8,0,8,0,0,31,0,31,0,0,39,0,39,6,0,6,45
08/27/2017,MFD,OH,AGL,CE,Combined TRACON& Tower with Radar,0,0,13,0,13,0,0,32,0,32,0,0,45,0,45,8,0,8,53
08/28/2017,MFD,OH,AGL,CE,Combined TRACON& Tower with Radar,0,1,2,8,11,0,1,1,0,2,0,2,3,8,13,8,0,8,21
08/29/2017,MFD,OH,AGL,CE,Combined TRACON& Tower with Radar,0,2,12,6,20,0,0,12,0,12,0,2,24,6,32,0,14,14,46
08/30/2017,MFD,OH,AGL,CE,Combined TRACON& Tower with Radar,0,1,16,7,24,0,0,11,1,12,0,1,27,8,36,6,0,6,42
08/31/2017,MFD,OH,AGL,CE,Combined TRACON& Tower with Radar,0,2,7,2,11,0,0,15,0,15,0,2,22,2,26,0,16,16,42
09/01/2017,MFD,OH,AGL,CE,Combined TRACON& Tower with Radar,0,0,21,0,21,0,0,7,0,7,0,0,28,0,28,4,0,4,32
09/02/2017,MFD,OH,AGL,CE,Combined TRACON& Tower with Radar,0,2,15,0,17,0,0,7,0,7,0,2,22,0,24,6,0,6,30
09/03/2017,MFD,OH,AGL,CE,Combined TRACON& Tower with Radar,0,0,6,0,6,0,1,20,0,21,0,1,26,0,27,0,0,0,27
09/04/2017,MFD,OH,AGL,CE,Combined TRACON& Tower with Radar,0,1,2,0,3,0,0,15,0,15,0,1,17,0,18,6,0,6,24
09/05/2017,MFD,OH,AGL,CE,Combined TRACON& Tower with Radar,0,1,5,0,6,0,0,8,0,8,0,1,13,0,14,6,0,6,20
09/06/2017,MFD,OH,AGL,CE,Combined TRACON& Tower with Radar,0,0,9,0,9,0,0,17,0,17,0,0,26,0,26,40,0,40,66
09/07/2017,MFD,OH,AGL,CE,Combined TRACON& Tower with Radar,0,2,8,8,18,0,1,4,0,5,0,3,12,8,23,2,0,2,25
09/08/2017,MFD,OH,AGL,CE,Combined TRACON& Tower with Radar,0,2,16,1,19,0,4,30,2,36,0,6,46,3,55,22,0,22,77
09/09/2017,MFD,OH,AGL,CE,Combined TRACON& Tower with Radar,0,1,9,1,11,0,0,43,0,43,0,1,52,1,54,6,0,6,60
09/10/2017,MFD,OH,AGL,CE,Combined TRACON& Tower with Radar,0,1,7,0,8,0,2,41,0,43,0,3,48,0,51,16,0,16,67
09/11/2017,MFD,OH,AGL,CE,Combined TRACON& Tower with Radar,0,2,20,2,24,0,0,15,0,15,0,2,35,2,39,50,0,50,89
09/12/2017,MFD,OH,AGL,CE,Combined TRACON& Tower with Radar,0,0,5,4,9,0,0,19,1,20,0,0,24,5,29,34,0,34,63
09/13/2017,MFD,OH,AGL,CE,Combined TRACON& Tower with Radar,0,0,16,6,22,0,0,3,0,3,0,0,19,6,25,18,0,18,43
09/14/2017,MFD,OH,AGL,CE,Combined TRACON& Tower with Radar,0,0,7,4,11,0,0,3,0,3,0,0,10,4,14,0,0,0,14
09/15/2017,MFD,OH,AGL,CE,Combined TRACON& Tower with Radar,0,1,15,8,24,0,2,27,0,29,0,3,42,8,53,4,2,6,59
09/16/2017,MFD,OH,AGL,CE,Combined TRACON& Tower with Radar,0,0,9,0,9,0,4,34,6,44,0,4,43,6,53,0,0,0,53
09/17/2017,MFD,OH,AGL,CE,Combined TRACON& Tower with Radar,0,0,12,1,13,0,0,14,0,14,0,0,26,1,27,26,0,26,53
09/18/2017,MFD,OH,AGL,CE,Combined TRACON& Tower with Radar,0,1,14,0,15,0,0,25,0,25,0,1,39,0,40,2,0,2,42
09/19/2017,MFD,OH,AGL,CE,Combined TRACON& Tower with Radar,0,1,9,2,12,0,2,5,4,11,0,3,14,6,23,18,0,18,41
09/20/2017,MFD,OH,AGL,CE,Combined TRACON& Tower with Radar,0,6,14,8,28,0,0,14,6,20,0,6,28,14,48,0,12,12,60
09/21/2017,MFD,OH,AGL,CE,Combined TRACON& Tower with Radar,0,0,24,5,29,0,0,26,4,30,0,0,50,9,59,10,18,28,87
09/22/2017,MFD,OH,AGL,CE,Combined TRACON& Tower with Radar,0,1,19,13,33,0,0,32,1,33,0,1,51,14,66,16,6,22,88
09/23/2017,MFD,OH,AGL,CE,Combined TRACON& Tower with Radar,0,1,7,2,10,0,0,49,0,49,0,1,56,2,59,6,0,6,65
09/24/2017,MFD,OH,AGL,CE,Combined TRACON& Tower with Radar,0,1,14,3,18,0,2,40,2,44,0,3,54,5,62,0,0,0,62
09/25/2017,MFD,OH,AGL,CE,Combined TRACON& Tower with Radar,0,3,11,4,18,0,1,17,0,18,0,4,28,4,36,6,8,14,50
09/26/2017,MFD,OH,AGL,CE,Combined TRACON& Tower with Radar,0,1,15,10,26,0,0,32,10,42,0,1,47,20,68,12,10,22,90
09/27/2017,MFD,OH,AGL,CE,Combined TRACON& Tower with Radar,0,2,14,16,32,0,0,12,0,12,0,2,26,16,44,0,18,18,62
09/28/2017,MFD,OH,AGL,CE,Combined TRACON& Tower with Radar,0,4,9,4,17,0,1,24,0,25,0,5,33,4,42,16,10,26,68
09/29/2017,MFD,OH,AGL,CE,Combined TRACON& Tower with Radar,0,4,13,3,20,0,0,10,0,10,0,4,23,3,30,4,0,4,34
09/30/2017,MFD,OH,AGL,CE,Combined TRACON& Tower with Radar,0,0,10,0,10,0,0,34,0,34,0,0,44,0,44,6,0,6,50
10/01/2017,MFD,OH,AGL,CE,Combined TRACON& Tower with Radar,0,0,8,0,8,0,0,22,0,22,0,0,30,0,30,0,0,0,30
10/02/2017,MFD,OH,AGL,CE,Combined TRACON& Tower with Radar,0,8,12,2,22,0,0,11,0,11,0,8,23,2,33,0,0,0,33
10/03/2017,MFD,OH,AGL,CE,Combined TRACON& Tower with Radar,0,2,19,1,22,0,0,30,2,32,0,2,49,3,54,0,0,0,54
10/04/2017,MFD,OH,AGL,CE,Combined TRACON& Tower with Radar,0,2,22,2,26,0,0,19,0,19,0,2,41,2,45,6,0,6,51
10/05/2017,MFD,OH,AGL,CE,Combined TRACON& Tower with Radar,0,0,12,3,15,0,0,4,0,4,0,0,16,3,19,0,0,0,19
10/06/2017,MFD,OH,AGL,CE,Combined TRACON& Tower with Radar,0,2,9,1,12,0,0,2,0,2,0,2,11,1,14,0,0,0,14
10/07/2017,MFD,OH,AGL,CE,Combined TRACON& Tower with Radar,0,0,4,2,6,0,0,30,0,30,0,0,34,2,36,0,0,0,36
10/08/2017,MFD,OH,AGL,CE,Combined TRACON& Tower with Radar,0,2,5,0,7,0,0,19,0,19,0,2,24,0,26,0,0,0,26
10/09/2017,MFD,OH,AGL,CE,Combined TRACON& Tower with Radar,0,2,12,4,18,0,0,1,0,1,0,2,13,4,19,0,0,0,19
10/10/2017,MFD,OH,AGL,CE,Combined TRACON& Tower with Radar,0,2,14,11,27,0,0,22,6,28,0,2,36,17,55,16,12,28,83
10/11/2017,MFD,OH,AGL,CE,Combined TRACON& Tower with Radar,0,2,9,8,19,0,0,0,0,0,0,2,9,8,19,0,0,0,19
10/12/2017,MFD,OH,AGL,CE,Combined TRACON& Tower with Radar,0,4,11,4,19,0,2,2,0,4,0,6,13,4,23,0,0,0,23
10/13/2017,MFD,OH,AGL,CE,Combined TRACON& Tower with Radar,0,0,24,2,26,0,1,25,0,26,0,1,49,2,52,26,0,26,78
10/14/2017,MFD,OH,AGL,CE,Combined TRACON& Tower with Radar,0,2,15,4,21,0,2,25,0,27,0,4,40,4,48,2,0,2,50
10/15/2017,MFD,OH,AGL,CE,Combined TRACON& Tower with Radar,0,0,8,0,8,0,0,4,0,4,0,0,12,0,12,24,0,24,36
10/16/2017,MFD,OH,AGL,CE,Combined TRACON& Tower with Radar,0,1,14,2,17,0,1,9,0,10,0,2,23,2,27,0,0,0,27
10/17/2017,MFD,OH,AGL,CE,Combined TRACON& Tower with Radar,0,4,21,0,25,0,0,38,0,38,0,4,59,0,63,18,0,18,81
10/18/2017,MFD,OH,AGL,CE,Combined TRACON& Tower with Radar,0,0,23,1,24,0,5,33,0,38,0,5,56,1,62,2,8,10,72
10/19/2017,MFD,OH,AGL,CE,Combined TRACON& Tower with Radar,0,0,12,0,12,0,2,20,0,22,0,2,32,0,34,4,0,4,38
10/20/2017,MFD,OH,AGL,CE,Combined TRACON& Tower with Radar,0,2,20,5,27,0,0,34,0,34,0,2,54,5,61,22,0,22,83
10/21/2017,MFD,OH,AGL,CE,Combined TRACON& Tower with Radar,0,0,6,15,21,0,0,37,6,43,0,0,43,21,64,4,40,44,108
10/22/2017,MFD,OH,AGL,CE,Combined TRACON& Tower with Radar,0,0,10,0,10,0,0,25,0,25,0,0,35,0,35,0,0,0,35
10/23/2017,MFD,OH,AGL,CE,Combined TRACON& Tower with Radar,0,0,13,0,13,0,0,5,0,5,0,0,18,0,18,0,0,0,18
10/24/2017,MFD,OH,AGL,CE,Combined TRACON& Tower with Radar,0,0,8,3,11,0,0,0,0,0,0,0,8,3,11,0,0,0,11
10/25/2017,MFD,OH,AGL,CE,Combined TRACON& Tower with Radar,2,4,4,1,11,0,3,7,0,10,2,7,11,1,21,0,0,0,21
10/26/2017,MFD,OH,AGL,CE,Combined TRACON& Tower with Radar,0,6,20,8,34,0,0,35,0,35,0,6,55,8,69,6,0,6,75
10/27/2017,MFD,OH,AGL,CE,Combined TRACON& Tower with Radar,0,2,6,4,12,0,0,4,0,4,0,2,10,4,16,0,0,0,16
10/28/2017,MFD,OH,AGL,CE,Combined TRACON& Tower with Radar,0,0,4,0,4,0,0,0,0,0,0,0,4,0,4,0,0,0,4
10/29/2017,MFD,OH,AGL,CE,Combined TRACON& Tower with Radar,0,4,5,0,9,0,0,9,0,9,0,4,14,0,18,4,0,4,22
10/30/2017,MFD,OH,AGL,CE,Combined TRACON& Tower with Radar,0,0,15,2,17,0,0,2,1,3,0,0,17,3,20,0,0,0,20
10/31/2017,MFD,OH,AGL,CE,Combined TRACON& Tower with Radar,0,0,5,1,6,0,2,4,10,16,0,2,9,11,22,0,2,2,24
11/01/2017,MFD,OH,AGL,CE,Combined TRACON& Tower with Radar,0,0,8,10,18,0,0,0,0,0,0,0,8,10,18,0,0,0,18
11/02/2017,MFD,OH,AGL,CE,Combined TRACON& Tower with Radar,0,0,22,2,24,0,0,4,6,10,0,0,26,8,34,2,6,8,42
11/03/2017,MFD,OH,AGL,CE,Combined TRACON& Tower with Radar,0,1,11,5,17,0,0,14,0,14,0,1,25,5,31,4,0,4,35
11/04/2017,MFD,OH,AGL,CE,Combined TRACON& Tower with Radar,0,0,11,5,16,0,0,31,5,36,0,0,42,10,52,22,4,26,78
11/05/2017,MFD,OH,AGL,CE,Combined TRACON& Tower with Radar,0,0,5,2,7,0,0,0,0,0,0,0,5,2,7,0,0,0,7
11/06/2017,MFD,OH,AGL,CE,Combined TRACON& Tower with Radar,0,0,4,7,11,0,0,0,0,0,0,0,4,7,11,0,0,0,11
11/07/2017,MFD,OH,AGL,CE,Combined TRACON& Tower with Radar,0,0,6,10,16,0,2,9,7,18,0,2,15,17,34,0,12,12,46
11/08/2017,MFD,OH,AGL,CE,Combined TRACON& Tower with Radar,0,2,28,11,41,0,0,20,5,25,0,2,48,16,66,32,4,36,102
11/09/2017,MFD,OH,AGL,CE,Combined TRACON& Tower with Radar,0,0,13,4,17,0,0,23,0,23,0,0,36,4,40,0,0,0,40
11/10/2017,MFD,OH,AGL,CE,Combined TRACON& Tower with Radar,0,0,6,0,6,0,0,10,0,10,0,0,16,0,16,8,0,8,24
11/11/2017,MFD,OH,AGL,CE,Combined TRACON& Tower with Radar,0,0,4,0,4,0,0,15,0,15,0,0,19,0,19,4,0,4,23
11/12/2017,MFD,OH,AGL,CE,Combined TRACON& Tower with Radar,0,0,6,0,6,0,0,11,0,11,0,0,17,0,17,4,0,4,21
11/13/2017,MFD,OH,AGL,CE,Combined TRACON& Tower with Radar,0,0,3,2,5,0,0,0,0,0,0,0,3,2,5,0,0,0,5
11/14/2017,MFD,OH,AGL,CE,Combined TRACON& Tower with Radar,0,1,13,10,24,0,0,26,7,33,0,1,39,17,57,40,4,44,101
11/15/2017,MFD,OH,AGL,CE,Combined TRACON& Tower with Radar,0,4,14,4,22,0,0,4,0,4,0,4,18,4,26,0,0,0,26
11/16/2017,MFD,OH,AGL,CE,Combined TRACON& Tower with Radar,0,2,3,2,7,0,0,4,0,4,0,2,7,2,11,0,0,0,11
11/17/2017,MFD,OH,AGL,CE,Combined TRACON& Tower with Radar,0,0,13,2,15,0,0,25,0,25,0,0,38,2,40,22,0,22,62
11/18/2017,MFD,OH,AGL,CE,Combined TRACON& Tower with Radar,0,0,1,0,1,0,0,0,0,0,0,0,1,0,1,0,0,0,1
11/19/2017,MFD,OH,AGL,CE,Combined TRACON& Tower with Radar,0,1,13,1,15,0,0,0,0,0,0,1,13,1,15,2,0,2,17
11/20/2017,MFD,OH,AGL,CE,Combined TRACON& Tower with Radar,0,5,12,11,28,0,1,17,0,18,0,6,29,11,46,8,0,8,54
11/21/2017,MFD,OH,AGL,CE,Combined TRACON& Tower with Radar,0,1,7,3,11,0,0,3,4,7,0,1,10,7,18,0,0,0,18
11/22/2017,MFD,OH,AGL,CE,Combined TRACON& Tower with Radar,0,4,14,1,19,0,0,28,0,28,0,4,42,1,47,22,0,22,69
11/23/2017,MFD,OH,AGL,CE,Combined TRACON& Tower with Radar,0,0,1,0,1,0,0,20,0,20,0,0,21,0,21,0,0,0,21
11/24/2017,MFD,OH,AGL,CE,Combined TRACON& Tower with Radar,0,0,5,0,5,0,2,14,0,16,0,2,19,0,21,0,0,0,21
11/25/2017,MFD,OH,AGL,CE,Combined TRACON& Tower with Radar,0,2,8,0,10,0,0,5,0,5,0,2,13,0,15,0,0,0,15
11/26/2017,MFD,OH,AGL,CE,Combined TRACON& Tower with Radar,0,0,19,0,19,0,2,31,0,33,0,2,50,0,52,0,0,0,52
11/27/2017,MFD,OH,AGL,CE,Combined TRACON& Tower with Radar,0,1,22,7,30,0,3,37,1,41,0,4,59,8,71,32,0,32,103
11/28/2017,MFD,OH,AGL,CE,Combined TRACON& Tower with Radar,0,1,3,8,12,0,4,7,0,11,0,5,10,8,23,10,2,12,35
11/29/2017,MFD,OH,AGL,CE,Combined TRACON& Tower with Radar,0,4,30,10,44,0,1,37,10,48,0,5,67,20,92,52,6,58,150
11/30/2017,MFD,OH,AGL,CE,Combined TRACON& Tower with Radar,0,4,18,9,31,0,0,1,0,1,0,4,19,9,32,0,0,0,32
12/01/2017,MFD,OH,AGL,CE,Combined TRACON& Tower with Radar,0,0,30,2,32,0,1,47,0,48,0,1,77,2,80,22,0,22,102
12/02/2017,MFD,OH,AGL,CE,Combined TRACON& Tower with Radar,0,0,18,8,26,0,2,30,0,32,0,2,48,8,58,24,0,24,82
12/03/2017,MFD,OH,AGL,CE,Combined TRACON& Tower with Radar,0,1,14,1,16,0,1,32,0,33,0,2,46,1,49,34,0,34,83
12/04/2017,MFD,OH,AGL,CE,Combined TRACON& Tower with Radar,0,0,1,6,7,0,1,4,1,6,0,1,5,7,13,0,0,0,13
12/05/2017,MFD,OH,AGL,CE,Combined TRACON& Tower with Radar,0,0,9,8,17,0,1,5,16,22,0,1,14,24,39,0,8,8,47
12/06/2017,MFD,OH,AGL,CE,Combined TRACON& Tower with Radar,0,0,10,0,10,0,0,5,0,5,0,0,15,0,15,0,0,0,15
12/07/2017,MFD,OH,AGL,CE,Combined TRACON& Tower with Radar,0,0,7,3,10,0,0,7,0,7,0,0,14,3,17,0,0,0,17
12/08/2017,MFD,OH,AGL,CE,Combined TRACON& Tower with Radar,0,4,10,0,14,0,0,30,0,30,0,4,40,0,44,4,0,4,48
12/09/2017,MFD,OH,AGL,CE,Combined TRACON& Tower with Radar,0,2,1,0,3,0,0,6,0,6,0,2,7,0,9,0,0,0,9
12/10/2017,MFD,OH,AGL,CE,Combined TRACON& Tower with Radar,0,0,6,0,6,0,0,6,0,6,0,0,12,0,12,0,0,0,12
12/11/2017,MFD,OH,AGL,CE,Combined TRACON& Tower with Radar,0,4,7,0,11,0,0,4,0,4,0,4,11,0,15,4,0,4,19
12/12/2017,MFD,OH,AGL,CE,Combined TRACON& Tower with Radar,0,0,4,8,12,0,0,2,4,6,0,0,6,12,18,0,0,0,18
12/13/2017,MFD,OH,AGL,CE,Combined TRACON& Tower with Radar,0,2,8,0,10,0,0,1,0,1,0,2,9,0,11,0,0,0,11
12/14/2017,MFD,OH,AGL,CE,Combined TRACON& Tower with Radar,0,0,8,10,18,0,1,4,5,10,0,1,12,15,28,6,6,12,40
12/15/2017,MFD,OH,AGL,CE,Combined TRACON& Tower with Radar,0,2,4,3,9,0,0,1,0,1,0,2,5,3,10,0,0,0,10
12/16/2017,MFD,OH,AGL,CE,Combined TRACON& Tower with Radar,0,0,1,0,1,0,0,4,0,4,0,0,5,0,5,0,0,0,5
12/17/2017,MFD,OH,AGL,CE,Combined TRACON& Tower with Radar,0,0,5,0,5,0,2,15,1,18,0,2,20,1,23,2,0,2,25
12/18/2017,MFD,OH,AGL,CE,Combined TRACON& Tower with Radar,0,0,3,2,5,0,0,0,0,0,0,0,3,2,5,0,0,0,5
12/19/2017,MFD,OH,AGL,CE,Combined TRACON& Tower with Radar,0,0,11,7,18,0,0,2,13,15,0,0,13,20,33,0,12,12,45
12/20/2017,MFD,OH,AGL,CE,Combined TRACON& Tower with Radar,0,4,12,13,29,0,1,24,6,31,0,5,36,19,60,34,22,56,116
12/21/2017,MFD,OH,AGL,CE,Combined TRACON& Tower with Radar,0,5,15,7,27,0,1,23,17,41,0,6,38,24,68,6,2,8,76
12/22/2017,MFD,OH,AGL,CE,Combined TRACON& Tower with Radar,0,2,9,0,11,0,0,0,0,0,0,2,9,0,11,0,0,0,11
12/23/2017,MFD,OH,AGL,CE,Combined TRACON& Tower with Radar,0,0,0,0,0,0,0,0,0,0,0,0,0,0,0,0,0,0,0
12/24/2017,MFD,OH,AGL,CE,Combined TRACON& Tower with Radar,0,1,2,0,3,0,0,2,0,2,0,1,4,0,5,0,0,0,5
12/25/2017,MFD,OH,AGL,CE,Combined TRACON& Tower with Radar,0,1,0,0,1,0,0,0,0,0,0,1,0,0,1,0,0,0,1
12/26/2017,MFD,OH,AGL,CE,Combined TRACON& Tower with Radar,0,2,2,2,6,0,0,7,0,7,0,2,9,2,13,0,0,0,13
12/27/2017,MFD,OH,AGL,CE,Combined TRACON& Tower with Radar,0,0,6,5,11,0,2,8,9,19,0,2,14,14,30,0,24,24,54
12/28/2017,MFD,OH,AGL,CE,Combined TRACON& Tower with Radar,0,0,9,2,11,0,2,16,2,20,0,2,25,4,31,4,0,4,35
12/29/2017,MFD,OH,AGL,CE,Combined TRACON& Tower with Radar,0,2,0,0,2,0,0,0,0,0,0,2,0,0,2,0,0,0,2
12/30/2017,MFD,OH,AGL,CE,Combined TRACON& Tower with Radar,0,0,1,0,1,0,0,0,0,0,0,0,1,0,1,0,0,0,1
12/31/2017,MFD,OH,AGL,CE,Combined TRACON& Tower with Radar,0,0,5,0,5,0,0,2,0,2,0,0,7,0,7,0,0,0,7
01/01/2018,MFD,OH,AGL,CE,Combined TRACON& Tower with Radar,0,0,1,0,1,0,0,0,0,0,0,0,1,0,1,0,0,0,1
01/02/2018,MFD,OH,AGL,CE,Combined TRACON& Tower with Radar,0,0,3,0,3,0,0,3,0,3,0,0,6,0,6,10,0,10,16
01/03/2018,MFD,OH,AGL,CE,Combined TRACON& Tower with Radar,0,0,32,5,37,0,1,12,3,16,0,1,44,8,53,24,2,26,79
01/04/2018,MFD,OH,AGL,CE,Combined TRACON& Tower with Radar,0,0,8,4,12,0,0,7,8,15,0,0,15,12,27,0,0,0,27
01/05/2018,MFD,OH,AGL,CE,Combined TRACON& Tower with Radar,0,2,0,2,4,0,0,3,0,3,0,2,3,2,7,0,18,18,25
01/06/2018,MFD,OH,AGL,CE,Combined TRACON& Tower with Radar,0,0,2,0,2,0,0,3,0,3,0,0,5,0,5,0,0,0,5
01/07/2018,MFD,OH,AGL,CE,Combined TRACON& Tower with Radar,0,0,9,0,9,0,0,14,0,14,0,0,23,0,23,6,0,6,29
01/08/2018,MFD,OH,AGL,CE,Combined TRACON& Tower with Radar,0,0,2,2,4,0,0,0,0,0,0,0,2,2,4,0,0,0,4
01/09/2018,MFD,OH,AGL,CE,Combined TRACON& Tower with Radar,0,0,8,3,11,0,0,0,0,0,0,0,8,3,11,0,0,0,11
01/10/2018,MFD,OH,AGL,CE,Combined TRACON& Tower with Radar,0,0,9,0,9,0,0,8,0,8,0,0,17,0,17,6,0,6,23
01/11/2018,MFD,OH,AGL,CE,Combined TRACON& Tower with Radar,0,0,11,6,17,0,0,1,0,1,0,0,12,6,18,0,0,0,18
01/12/2018,MFD,OH,AGL,CE,Combined TRACON& Tower with Radar,0,0,0,0,0,0,0,0,0,0,0,0,0,0,0,0,0,0,0
01/13/2018,MFD,OH,AGL,CE,Combined TRACON& Tower with Radar,0,0,1,0,1,0,0,0,0,0,0,0,1,0,1,8,0,8,9
01/14/2018,MFD,OH,AGL,CE,Combined TRACON& Tower with Radar,0,0,6,0,6,0,1,4,0,5,0,1,10,0,11,0,0,0,11
01/15/2018,MFD,OH,AGL,CE,Combined TRACON& Tower with Radar,0,0,1,0,1,0,0,0,0,0,0,0,1,0,1,0,0,0,1
01/16/2018,MFD,OH,AGL,CE,Combined TRACON& Tower with Radar,0,0,7,5,12,0,0,2,1,3,0,0,9,6,15,0,0,0,15
01/17/2018,MFD,OH,AGL,CE,Combined TRACON& Tower with Radar,0,0,7,8,15,0,1,3,6,10,0,1,10,14,25,0,10,10,35
01/18/2018,MFD,OH,AGL,CE,Combined TRACON& Tower with Radar,0,0,10,5,15,0,1,1,1,3,0,1,11,6,18,2,0,2,20
01/19/2018,MFD,OH,AGL,CE,Combined TRACON& Tower with Radar,0,0,11,1,12,0,0,20,0,20,0,0,31,1,32,12,0,12,44
01/20/2018,MFD,OH,AGL,CE,Combined TRACON& Tower with Radar,0,0,20,1,21,0,1,36,0,37,0,1,56,1,58,10,0,10,68
01/21/2018,MFD,OH,AGL,CE,Combined TRACON& Tower with Radar,0,0,0,0,0,0,0,0,0,0,0,0,0,0,0,0,0,0,0
01/22/2018,MFD,OH,AGL,CE,Combined TRACON& Tower with Radar,0,0,14,0,14,0,0,1,0,1,0,0,15,0,15,0,0,0,15
01/23/2018,MFD,OH,AGL,CE,Combined TRACON& Tower with Radar,0,0,2,1,3,0,0,0,0,0,0,0,2,1,3,0,0,0,3
01/24/2018,MFD,OH,AGL,CE,Combined TRACON& Tower with Radar,0,4,4,3,11,0,0,0,0,0,0,4,4,3,11,0,0,0,11
01/25/2018,MFD,OH,AGL,CE,Combined TRACON& Tower with Radar,0,1,17,7,25,0,1,29,8,38,0,2,46,15,63,8,8,16,79
01/26/2018,MFD,OH,AGL,CE,Combined TRACON& Tower with Radar,0,0,9,3,12,0,0,30,0,30,0,0,39,3,42,34,0,34,76
01/27/2018,MFD,OH,AGL,CE,Combined TRACON& Tower with Radar,0,2,2,0,4,0,0,0,0,0,0,2,2,0,4,0,0,0,4
01/28/2018,MFD,OH,AGL,CE,Combined TRACON& Tower with Radar,0,0,24,0,24,0,1,58,0,59,0,1,82,0,83,40,0,40,123
01/29/2018,MFD,OH,AGL,CE,Combined TRACON& Tower with Radar,0,0,4,1,5,0,0,0,0,0,0,0,4,1,5,0,0,0,5
01/30/2018,MFD,OH,AGL,CE,Combined TRACON& Tower with Radar,0,0,12,0,12,0,0,4,2,6,0,0,16,2,18,0,0,0,18
01/31/2018,MFD,OH,AGL,CE,Combined TRACON& Tower with Radar,0,2,4,0,6,0,0,9,0,9,0,2,13,0,15,0,0,0,15
02/01/2018,MFD,OH,AGL,CE,Combined TRACON& Tower with Radar,0,1,10,3,14,0,0,18,0,18,0,1,28,3,32,12,2,14,46
02/02/2018,MFD,OH,AGL,CE,Combined TRACON& Tower with Radar,0,0,8,7,15,0,0,5,0,5,0,0,13,7,20,0,4,4,24
02/03/2018,MFD,OH,AGL,CE,Combined TRACON& Tower with Radar,0,0,13,0,13,0,1,6,0,7,0,1,19,0,20,12,0,12,32
02/04/2018,MFD,OH,AGL,CE,Combined TRACON& Tower with Radar,0,0,2,1,3,0,0,0,0,0,0,0,2,1,3,0,0,0,3
02/05/2018,MFD,OH,AGL,CE,Combined TRACON& Tower with Radar,0,0,3,1,4,0,0,10,0,10,0,0,13,1,14,0,0,0,14
02/06/2018,MFD,OH,AGL,CE,Combined TRACON& Tower with Radar,0,0,3,2,5,0,0,4,2,6,0,0,7,4,11,2,0,2,13
02/07/2018,MFD,OH,AGL,CE,Combined TRACON& Tower with Radar,0,0,3,1,4,0,0,0,0,0,0,0,3,1,4,0,0,0,4
02/08/2018,MFD,OH,AGL,CE,Combined TRACON& Tower with Radar,0,0,11,2,13,0,2,4,0,6,0,2,15,2,19,8,0,8,27
02/09/2018,MFD,OH,AGL,CE,Combined TRACON& Tower with Radar,0,0,11,0,11,0,0,5,0,5,0,0,16,0,16,0,0,0,16
02/10/2018,MFD,OH,AGL,CE,Combined TRACON& Tower with Radar,0,0,2,0,2,0,0,0,0,0,0,0,2,0,2,0,0,0,2
02/11/2018,MFD,OH,AGL,CE,Combined TRACON& Tower with Radar,0,0,0,0,0,0,0,0,0,0,0,0,0,0,0,0,0,0,0
02/12/2018,MFD,OH,AGL,CE,Combined TRACON& Tower with Radar,0,1,41,4,46,0,1,28,2,31,0,2,69,6,77,34,6,40,117
02/13/2018,MFD,OH,AGL,CE,Combined TRACON& Tower with Radar,0,2,21,2,25,0,0,26,4,30,0,2,47,6,55,0,0,0,55
02/14/2018,MFD,OH,AGL,CE,Combined TRACON& Tower with Radar,0,2,13,2,17,0,0,10,4,14,0,2,23,6,31,8,2,10,41
02/15/2018,MFD,OH,AGL,CE,Combined TRACON& Tower with Radar,0,0,7,3,10,0,1,1,4,6,0,1,8,7,16,0,0,0,16
02/16/2018,MFD,OH,AGL,CE,Combined TRACON& Tower with Radar,0,0,8,0,8,0,0,0,0,0,0,0,8,0,8,0,0,0,8
02/17/2018,MFD,OH,AGL,CE,Combined TRACON& Tower with Radar,0,0,7,0,7,0,0,8,0,8,0,0,15,0,15,12,0,12,27
02/18/2018,MFD,OH,AGL,CE,Combined TRACON& Tower with Radar,0,0,23,0,23,0,2,32,0,34,0,2,55,0,57,12,0,12,69
02/19/2018,MFD,OH,AGL,CE,Combined TRACON& Tower with Radar,0,2,10,0,12,0,0,1,0,1,0,2,11,0,13,0,0,0,13
02/20/2018,MFD,OH,AGL,CE,Combined TRACON& Tower with Radar,0,0,13,7,20,0,0,3,0,3,0,0,16,7,23,0,0,0,23
02/21/2018,MFD,OH,AGL,CE,Combined TRACON& Tower with Radar,0,0,10,8,18,0,0,0,0,0,0,0,10,8,18,0,0,0,18
02/22/2018,MFD,OH,AGL,CE,Combined TRACON& Tower with Radar,0,0,9,16,25,0,0,0,0,0,0,0,9,16,25,0,0,0,25
02/23/2018,MFD,OH,AGL,CE,Combined TRACON& Tower with Radar,0,4,5,1,10,0,0,0,0,0,0,4,5,1,10,0,0,0,10
02/24/2018,MFD,OH,AGL,CE,Combined TRACON& Tower with Radar,0,1,1,0,2,0,0,0,0,0,0,1,1,0,2,0,0,0,2
02/25/2018,MFD,OH,AGL,CE,Combined TRACON& Tower with Radar,0,0,4,4,8,0,0,5,0,5,0,0,9,4,13,0,0,0,13
02/26/2018,MFD,OH,AGL,CE,Combined TRACON& Tower with Radar,0,0,30,1,31,0,2,57,8,67,0,2,87,9,98,4,0,4,102
02/27/2018,MFD,OH,AGL,CE,Combined TRACON& Tower with Radar,0,1,23,10,34,0,1,26,2,29,0,2,49,12,63,8,0,8,71
02/28/2018,MFD,OH,AGL,CE,Combined TRACON& Tower with Radar,0,0,7,4,11,0,0,10,16,26,0,0,17,20,37,8,28,36,73
03/01/2018,MFD,OH,AGL,CE,Combined TRACON& Tower with Radar,0,0,1,0,1,0,0,0,0,0,0,0,1,0,1,0,0,0,1
03/02/2018,MFD,OH,AGL,CE,Combined TRACON& Tower with Radar,0,0,5,0,5,0,0,1,0,1,0,0,6,0,6,0,0,0,6
03/03/2018,MFD,OH,AGL,CE,Combined TRACON& Tower with Radar,0,3,20,5,28,0,1,16,5,22,0,4,36,10,50,4,0,4,54
03/04/2018,MFD,OH,AGL,CE,Combined TRACON& Tower with Radar,0,2,12,3,17,0,0,45,0,45,0,2,57,3,62,2,0,2,64
03/05/2018,MFD,OH,AGL,CE,Combined TRACON& Tower with Radar,0,1,12,4,17,0,1,22,3,26,0,2,34,7,43,12,0,12,55
03/06/2018,MFD,OH,AGL,CE,Combined TRACON& Tower with Radar,0,2,7,3,12,0,1,21,1,23,0,3,28,4,35,2,4,6,41
03/07/2018,MFD,OH,AGL,CE,Combined TRACON& Tower with Radar,0,2,7,6,15,0,0,0,0,0,0,2,7,6,15,0,0,0,15
03/08/2018,MFD,OH,AGL,CE,Combined TRACON& Tower with Radar,0,0,9,5,14,0,0,10,0,10,0,0,19,5,24,0,10,10,34
03/09/2018,MFD,OH,AGL,CE,Combined TRACON& Tower with Radar,0,0,7,0,7,0,0,7,0,7,0,0,14,0,14,5,0,5,19
03/10/2018,MFD,OH,AGL,CE,Combined TRACON& Tower with Radar,0,3,20,5,28,0,1,26,5,32,0,4,46,10,60,6,0,6,66
03/11/2018,MFD,OH,AGL,CE,Combined TRACON& Tower with Radar,0,2,12,3,17,0,0,45,0,45,0,2,57,3,62,0,0,0,62
03/12/2018,MFD,OH,AGL,CE,Combined TRACON& Tower with Radar,0,2,10,3,15,0,0,25,1,26,0,2,35,4,41,6,0,6,47
03/13/2018,MFD,OH,AGL,CE,Combined TRACON& Tower with Radar,0,0,9,1,10,0,0,0,0,0,0,0,9,1,10,0,0,0,10
03/14/2018,MFD,OH,AGL,CE,Combined TRACON& Tower with Radar,0,0,18,8,26,0,0,4,10,14,0,0,22,18,40,4,6,10,50
03/15/2018,MFD,OH,AGL,CE,Combined TRACON& Tower with Radar,0,0,10,1,11,0,1,6,4,11,0,1,16,5,22,0,0,0,22
03/16/2018,MFD,OH,AGL,CE,Combined TRACON& Tower with Radar,0,0,22,1,23,0,2,17,0,19,0,2,39,1,42,38,0,38,80
03/17/2018,MFD,OH,AGL,CE,Combined TRACON& Tower with Radar,0,0,5,0,5,0,0,3,0,3,0,0,8,0,8,12,0,12,20
03/18/2018,MFD,OH,AGL,CE,Combined TRACON& Tower with Radar,0,0,13,0,13,0,0,34,0,34,0,0,47,0,47,8,0,8,55
03/19/2018,MFD,OH,AGL,CE,Combined TRACON& Tower with Radar,0,3,10,0,13,0,1,15,0,16,0,4,25,0,29,0,0,0,29
03/20/2018,MFD,OH,AGL,CE,Combined TRACON& Tower with Radar,0,0,4,12,16,0,0,0,6,6,0,0,4,18,22,0,14,14,36
03/21/2018,MFD,OH,AGL,CE,Combined TRACON& Tower with Radar,0,0,4,15,19,0,0,3,8,11,0,0,7,23,30,0,22,22,52
03/22/2018,MFD,OH,AGL,CE,Combined TRACON& Tower with Radar,0,1,24,6,31,0,1,31,0,32,0,2,55,6,63,24,0,24,87
03/23/2018,MFD,OH,AGL,CE,Combined TRACON& Tower with Radar,0,0,18,10,28,0,0,20,3,23,0,0,38,13,51,6,6,12,63
03/24/2018,MFD,OH,AGL,CE,Combined TRACON& Tower with Radar,0,0,7,0,7,0,2,10,0,12,0,2,17,0,19,34,0,34,53
03/25/2018,MFD,OH,AGL,CE,Combined TRACON& Tower with Radar,0,0,5,4,9,0,0,22,2,24,0,0,27,6,33,6,0,6,39
03/26/2018,MFD,OH,AGL,CE,Combined TRACON& Tower with Radar,0,0,9,2,11,0,0,6,0,6,0,0,15,2,17,0,0,0,17
03/27/2018,MFD,OH,AGL,CE,Combined TRACON& Tower with Radar,0,0,4,8,12,0,0,0,4,4,0,0,4,12,16,0,0,0,16
03/28/2018,MFD,OH,AGL,CE,Combined TRACON& Tower with Radar,0,0,9,0,9,0,0,0,0,0,0,0,9,0,9,0,0,0,9
03/29/2018,MFD,OH,AGL,CE,Combined TRACON& Tower with Radar,0,0,11,2,13,0,0,0,0,0,0,0,11,2,13,0,0,0,13
03/30/2018,MFD,OH,AGL,CE,Combined TRACON& Tower with Radar,0,2,15,5,22,0,0,13,0,13,0,2,28,5,35,0,0,0,35
03/31/2018,MFD,OH,AGL,CE,Combined TRACON& Tower with Radar,0,0,4,0,4,0,0,5,0,5,0,0,9,0,9,0,0,0,9
04/01/2018,MFD,OH,AGL,CE,Combined TRACON& Tower with Radar,0,0,12,0,12,0,0,14,0,14,0,0,26,0,26,10,0,10,36
04/02/2018,MFD,OH,AGL,CE,Combined TRACON& Tower with Radar,0,0,14,2,16,0,2,28,2,32,0,2,42,4,48,24,0,24,72
04/03/2018,MFD,OH,AGL,CE,Combined TRACON& Tower with Radar,0,0,9,0,9,0,0,0,0,0,0,0,9,0,9,0,0,0,9
04/04/2018,MFD,OH,AGL,CE,Combined TRACON& Tower with Radar,0,0,4,9,13,0,0,4,5,9,0,0,8,14,22,0,20,20,42
04/05/2018,MFD,OH,AGL,CE,Combined TRACON& Tower with Radar,0,3,21,7,31,0,0,12,6,18,0,3,33,13,49,0,0,0,49
04/06/2018,MFD,OH,AGL,CE,Combined TRACON& Tower with Radar,0,0,12,0,12,0,0,1,0,1,0,0,13,0,13,0,0,0,13
04/07/2018,MFD,OH,AGL,CE,Combined TRACON& Tower with Radar,0,4,19,2,25,0,0,30,0,30,0,4,49,2,55,12,0,12,67
04/08/2018,MFD,OH,AGL,CE,Combined TRACON& Tower with Radar,0,0,27,0,27,0,2,30,0,32,0,2,57,0,59,14,0,14,73
04/09/2018,MFD,OH,AGL,CE,Combined TRACON& Tower with Radar,0,0,11,1,12,0,0,2,0,2,0,0,13,1,14,0,0,0,14
04/10/2018,MFD,OH,AGL,CE,Combined TRACON& Tower with Radar,0,2,15,7,24,0,0,8,0,8,0,2,23,7,32,4,0,4,36
04/11/2018,MFD,OH,AGL,CE,Combined TRACON& Tower with Radar,0,0,8,9,17,0,0,5,7,12,0,0,13,16,29,0,14,14,43
04/12/2018,MFD,OH,AGL,CE,Combined TRACON& Tower with Radar,0,0,4,16,20,0,1,0,0,1,0,1,4,16,21,0,14,14,35
04/13/2018,MFD,OH,AGL,CE,Combined TRACON& Tower with Radar,0,0,13,1,14,0,0,6,0,6,0,0,19,1,20,14,0,14,34
04/14/2018,MFD,OH,AGL,CE,Combined TRACON& Tower with Radar,0,0,0,1,1,0,0,5,0,5,0,0,5,1,6,18,0,18,24
04/15/2018,MFD,OH,AGL,CE,Combined TRACON& Tower with Radar,0,0,1,0,1,0,0,0,0,0,0,0,1,0,1,0,0,0,1
04/16/2018,MFD,OH,AGL,CE,Combined TRACON& Tower with Radar,0,0,6,0,6,0,0,0,0,0,0,0,6,0,6,0,0,0,6
04/17/2018,MFD,OH,AGL,CE,Combined TRACON& Tower with Radar,0,2,2,6,10,0,0,3,2,5,0,2,5,8,15,0,8,8,23
04/18/2018,MFD,OH,AGL,CE,Combined TRACON& Tower with Radar,0,0,10,4,14,0,4,15,8,27,0,4,25,12,41,28,0,28,69
04/19/2018,MFD,OH,AGL,CE,Combined TRACON& Tower with Radar,0,0,5,0,5,0,1,6,11,18,0,1,11,11,23,0,4,4,27
04/20/2018,MFD,OH,AGL,CE,Combined TRACON& Tower with Radar,0,1,21,4,26,0,2,45,0,47,0,3,66,4,73,14,4,18,91
04/21/2018,MFD,OH,AGL,CE,Combined TRACON& Tower with Radar,0,1,15,0,16,0,1,57,0,58,0,2,72,0,74,40,0,40,114
04/22/2018,MFD,OH,AGL,CE,Combined TRACON& Tower with Radar,0,2,15,0,17,0,0,29,0,29,0,2,44,0,46,0,0,0,46
04/23/2018,MFD,OH,AGL,CE,Combined TRACON& Tower with Radar,0,2,12,0,14,0,0,10,1,11,0,2,22,1,25,24,0,24,49
04/24/2018,MFD,OH,AGL,CE,Combined TRACON& Tower with Radar,0,0,5,6,11,0,0,0,0,0,0,0,5,6,11,0,0,0,11
04/25/2018,MFD,OH,AGL,CE,Combined TRACON& Tower with Radar,0,2,17,0,19,0,0,2,0,2,0,2,19,0,21,0,0,0,21
04/26/2018,MFD,OH,AGL,CE,Combined TRACON& Tower with Radar,0,2,27,1,30,0,0,46,9,55,0,2,73,10,85,26,0,26,111
04/27/2018,MFD,OH,AGL,CE,Combined TRACON& Tower with Radar,0,0,19,2,21,0,2,10,0,12,0,2,29,2,33,18,0,18,51
04/28/2018,MFD,OH,AGL,CE,Combined TRACON& Tower with Radar,0,0,1,0,1,0,0,4,0,4,0,0,5,0,5,10,0,10,15
04/29/2018,MFD,OH,AGL,CE,Combined TRACON& Tower with Radar,0,0,20,1,21,0,1,37,0,38,0,1,57,1,59,16,0,16,75
04/30/2018,MFD,OH,AGL,CE,Combined TRACON& Tower with Radar,0,2,11,4,17,0,0,19,0,19,0,2,30,4,36,0,4,4,40
05/01/2018,MFD,OH,AGL,CE,Combined TRACON& Tower with Radar,0,0,18,13,31,0,1,19,13,33,0,1,37,26,64,6,4,10,74
05/02/2018,MFD,OH,AGL,CE,Combined TRACON& Tower with Radar,0,2,24,3,29,0,0,6,10,16,0,2,30,13,45,0,8,8,53
05/03/2018,MFD,OH,AGL,CE,Combined TRACON& Tower with Radar,0,1,27,3,31,0,0,1,11,12,0,1,28,14,43,0,2,2,45
05/04/2018,MFD,OH,AGL,CE,Combined TRACON& Tower with Radar,0,0,5,4,9,0,2,0,0,2,0,2,5,4,11,0,0,0,11
05/05/2018,MFD,OH,AGL,CE,Combined TRACON& Tower with Radar,0,1,29,4,34,0,5,35,6,46,0,6,64,10,80,20,44,64,144
05/06/2018,MFD,OH,AGL,CE,Combined TRACON& Tower with Radar,0,5,41,1,47,0,1,18,1,20,0,6,59,2,67,4,0,4,71
05/07/2018,MFD,OH,AGL,CE,Combined TRACON& Tower with Radar,0,0,14,0,14,0,0,17,0,17,0,0,31,0,31,8,0,8,39
05/08/2018,MFD,OH,AGL,CE,Combined TRACON& Tower with Radar,0,2,31,14,47,0,0,32,9,41,0,2,63,23,88,22,12,34,122
05/09/2018,MFD,OH,AGL,CE,Combined TRACON& Tower with Radar,0,0,19,10,29,0,3,22,6,31,0,3,41,16,60,12,26,38,98
05/10/2018,MFD,OH,AGL,CE,Combined TRACON& Tower with Radar,0,2,9,8,19,0,3,4,12,19,0,5,13,20,38,10,24,34,72
05/11/2018,MFD,OH,AGL,CE,Combined TRACON& Tower with Radar,0,2,16,6,24,0,0,9,3,12,0,2,25,9,36,6,16,22,58
05/12/2018,MFD,OH,AGL,CE,Combined TRACON& Tower with Radar,0,2,9,0,11,0,0,8,0,8,0,2,17,0,19,42,0,42,61
05/13/2018,MFD,OH,AGL,CE,Combined TRACON& Tower with Radar,0,0,0,0,0,0,0,3,0,3,0,0,3,0,3,0,0,0,3
05/14/2018,MFD,OH,AGL,CE,Combined TRACON& Tower with Radar,0,3,8,2,13,0,1,17,0,18,0,4,25,2,31,12,0,12,43
05/15/2018,MFD,OH,AGL,CE,Combined TRACON& Tower with Radar,0,0,9,6,15,0,4,3,7,14,0,4,12,13,29,2,30,32,61
05/16/2018,MFD,OH,AGL,CE,Combined TRACON& Tower with Radar,0,0,12,2,14,0,0,10,15,25,0,0,22,17,39,10,6,16,55
05/17/2018,MFD,OH,AGL,CE,Combined TRACON& Tower with Radar,0,0,33,4,37,0,4,30,3,37,0,4,63,7,74,12,0,12,86
05/18/2018,MFD,OH,AGL,CE,Combined TRACON& Tower with Radar,0,0,3,0,3,0,0,1,0,1,0,0,4,0,4,0,0,0,4
05/19/2018,MFD,OH,AGL,CE,Combined TRACON& Tower with Radar,0,0,11,0,11,0,0,5,0,5,0,0,16,0,16,0,0,0,16
05/20/2018,MFD,OH,AGL,CE,Combined TRACON& Tower with Radar,0,0,27,1,28,0,0,3,0,3,0,0,30,1,31,0,0,0,31
05/21/2018,MFD,OH,AGL,CE,Combined TRACON& Tower with Radar,0,0,16,3,19,0,4,21,1,26,0,4,37,4,45,26,0,26,71
05/22/2018,MFD,OH,AGL,CE,Combined TRACON& Tower with Radar,0,0,10,14,24,0,0,1,6,7,0,0,11,20,31,0,0,0,31
05/23/2018,MFD,OH,AGL,CE,Combined TRACON& Tower with Radar,0,0,16,4,20,0,0,27,16,43,0,0,43,20,63,18,18,36,99
05/24/2018,MFD,OH,AGL,CE,Combined TRACON& Tower with Radar,2,2,26,15,45,0,0,42,1,43,2,2,68,16,88,0,0,0,88
05/25/2018,MFD,OH,AGL,CE,Combined TRACON& Tower with Radar,0,1,33,0,34,0,3,37,0,40,0,4,70,0,74,38,0,38,112
05/26/2018,MFD,OH,AGL,CE,Combined TRACON& Tower with Radar,0,0,9,0,9,0,1,12,0,13,0,1,21,0,22,6,0,6,28
05/27/2018,MFD,OH,AGL,CE,Combined TRACON& Tower with Radar,0,0,20,0,20,0,0,18,0,18,0,0,38,0,38,12,0,12,50
05/28/2018,MFD,OH,AGL,CE,Combined TRACON& Tower with Radar,0,0,13,0,13,0,0,24,0,24,0,0,37,0,37,0,0,0,37
05/29/2018,MFD,OH,AGL,CE,Combined TRACON& Tower with Radar,0,2,24,9,35,0,2,17,7,26,0,4,41,16,61,2,16,18,79
05/30/2018,MFD,OH,AGL,CE,Combined TRACON& Tower with Radar,0,0,12,14,26,0,0,4,0,4,0,0,16,14,30,2,18,20,50
05/31/2018,MFD,OH,AGL,CE,Combined TRACON& Tower with Radar,0,0,27,4,31,0,0,2,0,2,0,0,29,4,33,8,0,8,41
06/01/2018,MFD,OH,AGL,CE,Combined TRACON& Tower with Radar,0,0,4,6,10,0,0,4,0,4,0,0,8,6,14,6,0,6,20
06/02/2018,MFD,OH,AGL,CE,Combined TRACON& Tower with Radar,0,1,20,8,29,0,0,8,0,8,0,1,28,8,37,8,0,8,45
06/03/2018,MFD,OH,AGL,CE,Combined TRACON& Tower with Radar,0,2,11,5,18,0,0,5,6,11,0,2,16,11,29,6,6,12,41
06/04/2018,MFD,OH,AGL,CE,Combined TRACON& Tower with Radar,2,1,5,2,10,0,1,9,2,12,2,2,14,4,22,0,2,2,24
06/05/2018,MFD,OH,AGL,CE,Combined TRACON& Tower with Radar,0,0,13,2,15,0,0,3,8,11,0,0,16,10,26,0,6,6,32
06/06/2018,MFD,OH,AGL,CE,Combined TRACON& Tower with Radar,0,1,22,0,23,0,1,34,0,35,0,2,56,0,58,14,0,14,72
06/07/2018,MFD,OH,AGL,CE,Combined TRACON& Tower with Radar,0,5,14,18,37,0,1,29,0,30,0,6,43,18,67,0,10,10,77
06/08/2018,MFD,OH,AGL,CE,Combined TRACON& Tower with Radar,0,0,6,9,15,0,2,11,2,15,0,2,17,11,30,6,8,14,44
06/09/2018,MFD,OH,AGL,CE,Combined TRACON& Tower with Radar,0,0,1,0,1,0,0,1,0,1,0,0,2,0,2,2,0,2,4
06/10/2018,MFD,OH,AGL,CE,Combined TRACON& Tower with Radar,0,0,14,0,14,0,0,2,0,2,0,0,16,0,16,0,0,0,16
06/11/2018,MFD,OH,AGL,CE,Combined TRACON& Tower with Radar,0,0,17,0,17,0,0,3,0,3,0,0,20,0,20,0,0,0,20
06/12/2018,MFD,OH,AGL,CE,Combined TRACON& Tower with Radar,0,0,16,18,34,0,0,0,11,11,0,0,16,29,45,0,0,0,45
06/13/2018,MFD,OH,AGL,CE,Combined TRACON& Tower with Radar,0,0,13,14,27,0,0,8,11,19,0,0,21,25,46,6,8,14,60
06/14/2018,MFD,OH,AGL,CE,Combined TRACON& Tower with Radar,0,1,30,14,45,0,5,24,14,43,0,6,54,28,88,0,12,12,100
06/15/2018,MFD,OH,AGL,CE,Combined TRACON& Tower with Radar,0,0,16,3,19,0,2,29,1,32,0,2,45,4,51,18,0,18,69
06/16/2018,MFD,OH,AGL,CE,Combined TRACON& Tower with Radar,0,2,7,1,10,0,2,9,0,11,0,4,16,1,21,4,0,4,25
06/17/2018,MFD,OH,AGL,CE,Combined TRACON& Tower with Radar,0,2,3,0,5,0,1,5,0,6,0,3,8,0,11,4,0,4,15
06/18/2018,MFD,OH,AGL,CE,Combined TRACON& Tower with Radar,0,2,5,1,8,0,2,6,0,8,0,4,11,1,16,4,0,4,20
06/19/2018,MFD,OH,AGL,CE,Combined TRACON& Tower with Radar,0,0,11,23,34,0,0,0,10,10,0,0,11,33,44,0,22,22,66
06/20/2018,MFD,OH,AGL,CE,Combined TRACON& Tower with Radar,0,0,13,14,27,0,1,0,2,3,0,1,13,16,30,0,18,18,48
06/21/2018,MFD,OH,AGL,CE,Combined TRACON& Tower with Radar,0,0,24,3,27,0,0,29,7,36,0,0,53,10,63,0,8,8,71
06/22/2018,MFD,OH,AGL,CE,Combined TRACON& Tower with Radar,0,1,22,1,24,0,0,0,0,0,0,1,22,1,24,2,0,2,26
06/23/2018,MFD,OH,AGL,CE,Combined TRACON& Tower with Radar,0,0,5,2,7,0,0,3,0,3,0,0,8,2,10,10,0,10,20
06/24/2018,MFD,OH,AGL,CE,Combined TRACON& Tower with Radar,0,1,9,1,11,0,0,6,0,6,0,1,15,1,17,0,12,12,29
06/25/2018,MFD,OH,AGL,CE,Combined TRACON& Tower with Radar,0,0,18,0,18,0,4,27,0,31,0,4,45,0,49,12,0,12,61
06/26/2018,MFD,OH,AGL,CE,Combined TRACON& Tower with Radar,0,0,21,2,23,0,0,22,0,22,0,0,43,2,45,22,0,22,67
06/27/2018,MFD,OH,AGL,CE,Combined TRACON& Tower with Radar,0,1,10,3,14,0,0,3,0,3,0,1,13,3,17,6,0,6,23
06/28/2018,MFD,OH,AGL,CE,Combined TRACON& Tower with Radar,0,6,21,7,34,0,0,28,0,28,0,6,49,7,62,18,0,18,80
06/29/2018,MFD,OH,AGL,CE,Combined TRACON& Tower with Radar,0,4,19,8,31,0,4,22,5,31,0,8,41,13,62,18,0,18,80
06/30/2018,MFD,OH,AGL,CE,Combined TRACON& Tower with Radar,0,0,17,1,18,0,4,31,0,35,0,4,48,1,53,0,0,0,53
07/01/2018,MFD,OH,AGL,CE,Combined TRACON& Tower with Radar,0,2,14,3,19,0,0,3,1,4,0,2,17,4,23,0,0,0,23
07/02/2018,MFD,OH,AGL,CE,Combined TRACON& Tower with Radar,0,4,17,1,22,0,3,9,0,12,0,7,26,1,34,5,1,6,40
07/03/2018,MFD,OH,AGL,CE,Combined TRACON& Tower with Radar,0,2,11,0,13,0,0,12,8,20,0,2,23,8,33,10,0,10,43
07/04/2018,MFD,OH,AGL,CE,Combined TRACON& Tower with Radar,0,0,11,0,11,0,0,15,1,16,0,0,26,1,27,0,0,0,27
07/05/2018,MFD,OH,AGL,CE,Combined TRACON& Tower with Radar,0,5,7,2,14,0,0,12,0,12,0,5,19,2,26,20,0,20,46
07/06/2018,MFD,OH,AGL,CE,Combined TRACON& Tower with Radar,0,0,9,2,11,0,1,32,0,33,0,1,41,2,44,8,0,8,52
07/07/2018,MFD,OH,AGL,CE,Combined TRACON& Tower with Radar,0,4,14,1,19,0,3,250,0,253,0,7,264,1,272,28,0,28,300
07/08/2018,MFD,OH,AGL,CE,Combined TRACON& Tower with Radar,0,0,7,0,7,0,2,26,0,28,0,2,33,0,35,0,0,0,35
07/09/2018,MFD,OH,AGL,CE,Combined TRACON& Tower with Radar,0,1,9,3,13,0,0,25,2,27,0,1,34,5,40,8,0,8,48
07/10/2018,MFD,OH,AGL,CE,Combined TRACON& Tower with Radar,0,2,7,9,18,0,0,16,14,30,0,2,23,23,48,8,8,16,64
07/11/2018,MFD,OH,AGL,CE,Combined TRACON& Tower with Radar,0,4,28,19,51,0,0,32,6,38,0,4,60,25,89,36,0,36,125
07/12/2018,MFD,OH,AGL,CE,Combined TRACON& Tower with Radar,0,3,27,12,42,0,1,29,10,40,0,4,56,22,82,8,0,8,90
07/13/2018,MFD,OH,AGL,CE,Combined TRACON& Tower with Radar,0,1,26,1,28,0,7,40,0,47,0,8,66,1,75,28,0,28,103
07/14/2018,MFD,OH,AGL,CE,Combined TRACON& Tower with Radar,0,0,9,1,10,0,0,21,0,21,0,0,30,1,31,0,0,0,31
07/15/2018,MFD,OH,AGL,CE,Combined TRACON& Tower with Radar,0,0,31,0,31,0,0,22,0,22,0,0,53,0,53,8,0,8,61
07/16/2018,MFD,OH,AGL,CE,Combined TRACON& Tower with Radar,0,0,16,1,17,0,2,11,0,13,0,2,27,1,30,6,0,6,36
07/17/2018,MFD,OH,AGL,CE,Combined TRACON& Tower with Radar,0,2,15,1,18,0,0,15,19,34,0,2,30,20,52,40,14,54,106
07/18/2018,MFD,OH,AGL,CE,Combined TRACON& Tower with Radar,0,0,15,13,28,0,0,22,13,35,0,0,37,26,63,8,20,28,91
07/19/2018,MFD,OH,AGL,CE,Combined TRACON& Tower with Radar,0,2,22,4,28,0,2,28,10,40,0,4,50,14,68,18,0,18,86
07/20/2018,MFD,OH,AGL,CE,Combined TRACON& Tower with Radar,0,0,13,10,23,0,0,3,0,3,0,0,16,10,26,8,0,8,34
07/21/2018,MFD,OH,AGL,CE,Combined TRACON& Tower with Radar,0,0,17,0,17,0,2,3,2,7,0,2,20,2,24,0,0,0,24
07/22/2018,MFD,OH,AGL,CE,Combined TRACON& Tower with Radar,0,0,7,0,7,0,2,22,0,24,0,2,29,0,31,0,0,0,31
07/23/2018,MFD,OH,AGL,CE,Combined TRACON& Tower with Radar,0,0,8,3,11,0,0,17,2,19,0,0,25,5,30,0,0,0,30
07/24/2018,MFD,OH,AGL,CE,Combined TRACON& Tower with Radar,0,2,7,1,10,0,2,0,1,3,0,4,7,2,13,0,0,0,13
07/25/2018,MFD,OH,AGL,CE,Combined TRACON& Tower with Radar,0,0,20,9,29,0,5,17,17,39,0,5,37,26,68,0,2,2,70
07/26/2018,MFD,OH,AGL,CE,Combined TRACON& Tower with Radar,0,3,19,8,30,0,1,16,8,25,0,4,35,16,55,8,16,24,79
07/27/2018,MFD,OH,AGL,CE,Combined TRACON& Tower with Radar,0,5,17,2,24,0,0,16,0,16,0,5,33,2,40,38,0,38,78
07/28/2018,MFD,OH,AGL,CE,Combined TRACON& Tower with Radar,2,2,26,1,31,0,0,46,0,46,2,2,72,1,77,12,0,12,89
07/29/2018,MFD,OH,AGL,CE,Combined TRACON& Tower with Radar,0,11,27,0,38,0,1,17,1,19,0,12,44,1,57,0,0,0,57
07/30/2018,MFD,OH,AGL,CE,Combined TRACON& Tower with Radar,0,6,5,4,15,0,1,10,0,11,0,7,15,4,26,0,0,0,26
07/31/2018,MFD,OH,AGL,CE,Combined TRACON& Tower with Radar,0,0,12,9,21,0,0,3,5,8,0,0,15,14,29,0,0,0,29
08/01/2018,MFD,OH,AGL,CE,Combined TRACON& Tower with Radar,0,0,25,15,40,0,0,7,11,18,0,0,32,26,58,0,28,28,86
08/02/2018,MFD,OH,AGL,CE,Combined TRACON& Tower with Radar,0,3,22,11,36,0,0,11,5,16,0,3,33,16,52,20,12,32,84
08/03/2018,MFD,OH,AGL,CE,Combined TRACON& Tower with Radar,0,3,12,2,17,0,0,7,1,8,0,3,19,3,25,12,2,14,39
08/04/2018,MFD,OH,AGL,CE,Combined TRACON& Tower with Radar,0,2,12,6,20,0,6,30,1,37,0,8,42,7,57,8,0,8,65
08/05/2018,MFD,OH,AGL,CE,Combined TRACON& Tower with Radar,0,2,7,0,9,0,2,14,0,16,0,4,21,0,25,14,0,14,39
08/06/2018,MFD,OH,AGL,CE,Combined TRACON& Tower with Radar,0,2,3,5,10,0,0,8,0,8,0,2,11,5,18,2,0,2,20
08/07/2018,MFD,OH,AGL,CE,Combined TRACON& Tower with Radar,0,4,9,9,22,0,0,10,17,27,0,4,19,26,49,12,28,40,89
08/08/2018,MFD,OH,AGL,CE,Combined TRACON& Tower with Radar,0,2,9,9,20,0,0,5,13,18,0,2,14,22,38,20,12,32,70
08/09/2018,MFD,OH,AGL,CE,Combined TRACON& Tower with Radar,0,2,25,9,36,0,0,22,2,24,0,2,47,11,60,0,28,28,88
08/10/2018,MFD,OH,AGL,CE,Combined TRACON& Tower with Radar,0,2,18,2,22,0,0,1,1,2,0,2,19,3,24,0,0,0,24
08/11/2018,MFD,OH,AGL,CE,Combined TRACON& Tower with Radar,0,4,33,0,37,0,0,26,0,26,0,4,59,0,63,8,0,8,71
08/12/2018,MFD,OH,AGL,CE,Combined TRACON& Tower with Radar,0,0,12,1,13,0,0,18,0,18,0,0,30,1,31,2,0,2,33
08/13/2018,MFD,OH,AGL,CE,Combined TRACON& Tower with Radar,0,2,13,1,16,0,0,11,0,11,0,2,24,1,27,0,0,0,27
08/14/2018,MFD,OH,AGL,CE,Combined TRACON& Tower with Radar,0,2,15,15,32,0,4,30,8,42,0,6,45,23,74,0,0,0,74
08/15/2018,MFD,OH,AGL,CE,Combined TRACON& Tower with Radar,0,0,7,13,20,0,2,8,8,18,0,2,15,21,38,0,20,20,58
08/16/2018,MFD,OH,AGL,CE,Combined TRACON& Tower with Radar,0,0,6,15,21,0,0,0,10,10,0,0,6,25,31,0,0,0,31
08/17/2018,MFD,OH,AGL,CE,Combined TRACON& Tower with Radar,0,0,5,4,9,0,0,0,0,0,0,0,5,4,9,0,0,0,9
08/18/2018,MFD,OH,AGL,CE,Combined TRACON& Tower with Radar,0,0,13,3,16,0,0,2,0,2,0,0,15,3,18,8,0,8,26
08/19/2018,MFD,OH,AGL,CE,Combined TRACON& Tower with Radar,0,0,11,1,12,0,0,33,0,33,0,0,44,1,45,2,0,2,47
08/20/2018,MFD,OH,AGL,CE,Combined TRACON& Tower with Radar,0,0,21,5,26,0,0,23,0,23,0,0,44,5,49,34,0,34,83
08/21/2018,MFD,OH,AGL,CE,Combined TRACON& Tower with Radar,0,2,18,7,27,0,0,0,1,1,0,2,18,8,28,0,0,0,28
08/22/2018,MFD,OH,AGL,CE,Combined TRACON& Tower with Radar,0,0,11,21,32,0,0,8,7,15,0,0,19,28,47,10,14,24,71
08/23/2018,MFD,OH,AGL,CE,Combined TRACON& Tower with Radar,0,5,22,4,31,0,3,27,5,35,0,8,49,9,66,40,0,40,106
08/24/2018,MFD,OH,AGL,CE,Combined TRACON& Tower with Radar,0,0,21,1,22,0,2,20,0,22,0,2,41,1,44,8,0,8,52
08/25/2018,MFD,OH,AGL,CE,Combined TRACON& Tower with Radar,0,0,3,0,3,0,0,3,0,3,0,0,6,0,6,8,0,8,14
08/26/2018,MFD,OH,AGL,CE,Combined TRACON& Tower with Radar,0,0,17,0,17,0,0,2,0,2,0,0,19,0,19,0,0,0,19
08/27/2018,MFD,OH,AGL,CE,Combined TRACON& Tower with Radar,0,2,9,3,14,0,1,19,2,22,0,3,28,5,36,0,10,10,46
08/28/2018,MFD,OH,AGL,CE,Combined TRACON& Tower with Radar,0,6,10,9,25,0,2,15,12,29,0,8,25,21,54,14,40,54,108
08/29/2018,MFD,OH,AGL,CE,Combined TRACON& Tower with Radar,0,0,9,8,17,0,0,6,10,16,0,0,15,18,33,0,12,12,45
08/30/2018,MFD,OH,AGL,CE,Combined TRACON& Tower with Radar,0,2,11,2,15,0,0,7,10,17,0,2,18,12,32,0,0,0,32
08/31/2018,MFD,OH,AGL,CE,Combined TRACON& Tower with Radar,0,2,17,1,20,0,0,22,0,22,0,2,39,1,42,0,0,0,42
09/01/2018,MFD,OH,AGL,CE,Combined TRACON& Tower with Radar,0,0,8,0,8,0,2,15,1,18,0,2,23,1,26,46,0,46,72
09/02/2018,MFD,OH,AGL,CE,Combined TRACON& Tower with Radar,0,0,12,0,12,0,6,19,0,25,0,6,31,0,37,0,0,0,37
09/03/2018,MFD,OH,AGL,CE,Combined TRACON& Tower with Radar,0,0,13,0,13,0,0,22,0,22,0,0,35,0,35,0,0,0,35
09/04/2018,MFD,OH,AGL,CE,Combined TRACON& Tower with Radar,0,0,5,5,10,0,0,11,6,17,0,0,16,11,27,2,10,12,39
09/05/2018,MFD,OH,AGL,CE,Combined TRACON& Tower with Radar,0,0,15,7,22,0,0,7,4,11,0,0,22,11,33,0,0,0,33
09/06/2018,MFD,OH,AGL,CE,Combined TRACON& Tower with Radar,0,0,6,0,6,0,0,2,6,8,0,0,8,6,14,0,0,0,14
09/07/2018,MFD,OH,AGL,CE,Combined TRACON& Tower with Radar,0,4,11,4,19,0,0,4,0,4,0,4,15,4,23,0,0,0,23
09/08/2018,MFD,OH,AGL,CE,Combined TRACON& Tower with Radar,0,0,4,1,5,0,0,0,0,0,0,0,4,1,5,0,0,0,5
09/09/2018,MFD,OH,AGL,CE,Combined TRACON& Tower with Radar,0,0,3,1,4,0,0,0,0,0,0,0,3,1,4,0,0,0,4
09/10/2018,MFD,OH,AGL,CE,Combined TRACON& Tower with Radar,0,0,11,4,15,0,0,0,0,0,0,0,11,4,15,0,0,0,15
09/11/2018,MFD,OH,AGL,CE,Combined TRACON& Tower with Radar,0,0,14,8,22,0,0,3,0,3,0,0,17,8,25,0,0,0,25
09/12/2018,MFD,OH,AGL,CE,Combined TRACON& Tower with Radar,0,1,21,3,25,0,2,19,12,33,0,3,40,15,58,4,20,24,82
09/13/2018,MFD,OH,AGL,CE,Combined TRACON& Tower with Radar,0,5,22,8,35,0,2,9,6,17,0,7,31,14,52,8,10,18,70
09/14/2018,MFD,OH,AGL,CE,Combined TRACON& Tower with Radar,0,0,16,3,19,0,0,12,0,12,0,0,28,3,31,6,0,6,37
09/15/2018,MFD,OH,AGL,CE,Combined TRACON& Tower with Radar,0,0,11,0,11,0,0,20,0,20,0,0,31,0,31,6,0,6,37
09/16/2018,MFD,OH,AGL,CE,Combined TRACON& Tower with Radar,0,1,8,0,9,0,1,19,4,24,0,2,27,4,33,10,18,28,61
09/17/2018,MFD,OH,AGL,CE,Combined TRACON& Tower with Radar,0,0,6,0,6,0,0,5,0,5,0,0,11,0,11,2,12,14,25
09/18/2018,MFD,OH,AGL,CE,Combined TRACON& Tower with Radar,0,2,17,7,26,0,0,32,21,53,0,2,49,28,79,22,4,26,105
09/19/2018,MFD,OH,AGL,CE,Combined TRACON& Tower with Radar,0,3,15,9,27,0,4,28,8,40,0,7,43,17,67,4,4,8,75
09/20/2018,MFD,OH,AGL,CE,Combined TRACON& Tower with Radar,0,0,25,2,27,0,2,22,8,32,0,2,47,10,59,11,0,11,70
09/21/2018,MFD,OH,AGL,CE,Combined TRACON& Tower with Radar,0,1,7,3,11,0,1,11,4,16,0,2,18,7,27,4,8,12,39
09/22/2018,MFD,OH,AGL,CE,Combined TRACON& Tower with Radar,0,4,13,0,17,0,0,23,0,23,0,4,36,0,40,16,0,16,56
09/23/2018,MFD,OH,AGL,CE,Combined TRACON& Tower with Radar,0,5,16,1,22,0,3,40,1,44,0,8,56,2,66,4,0,4,70
09/24/2018,MFD,OH,AGL,CE,Combined TRACON& Tower with Radar,0,2,8,2,12,0,0,0,0,0,0,2,8,2,12,0,0,0,12
09/25/2018,MFD,OH,AGL,CE,Combined TRACON& Tower with Radar,0,0,13,5,18,0,0,0,1,1,0,0,13,6,19,0,0,0,19
09/26/2018,MFD,OH,AGL,CE,Combined TRACON& Tower with Radar,0,3,17,3,23,0,0,10,11,21,0,3,27,14,44,4,6,10,54
09/27/2018,MFD,OH,AGL,CE,Combined TRACON& Tower with Radar,0,4,18,6,28,0,2,16,8,26,0,6,34,14,54,14,12,26,80
09/28/2018,MFD,OH,AGL,CE,Combined TRACON& Tower with Radar,0,6,23,4,33,0,10,32,1,43,0,16,55,5,76,32,0,32,108
09/29/2018,MFD,OH,AGL,CE,Combined TRACON& Tower with Radar,0,4,12,0,16,0,4,25,0,29,0,8,37,0,45,30,0,30,75
09/30/2018,MFD,OH,AGL,CE,Combined TRACON& Tower with Radar,0,0,14,0,14,0,1,32,0,33,0,1,46,0,47,0,0,0,47
10/01/2018,MFD,OH,AGL,CE,Combined TRACON& Tower with Radar,0,0,6,12,18,0,4,14,0,18,0,4,20,12,36,0,26,26,62
10/02/2018,MFD,OH,AGL,CE,Combined TRACON& Tower with Radar,0,2,4,6,12,0,0,3,10,13,0,2,7,16,25,0,20,20,45
10/03/2018,MFD,OH,AGL,CE,Combined TRACON& Tower with Radar,0,2,16,20,38,0,4,15,4,23,0,6,31,24,61,6,2,8,69
10/04/2018,MFD,OH,AGL,CE,Combined TRACON& Tower with Radar,0,0,11,2,13,0,0,0,0,0,0,0,11,2,13,0,0,0,13
10/05/2018,MFD,OH,AGL,CE,Combined TRACON& Tower with Radar,2,0,17,2,21,0,0,5,0,5,2,0,22,2,26,0,0,0,26
10/06/2018,MFD,OH,AGL,CE,Combined TRACON& Tower with Radar,0,0,6,0,6,0,1,5,0,6,0,1,11,0,12,6,0,6,18
10/07/2018,MFD,OH,AGL,CE,Combined TRACON& Tower with Radar,0,2,13,0,15,0,2,14,0,16,0,4,27,0,31,6,0,6,37
10/08/2018,MFD,OH,AGL,CE,Combined TRACON& Tower with Radar,0,6,6,0,12,0,4,9,0,13,0,10,15,0,25,10,0,10,35
10/09/2018,MFD,OH,AGL,CE,Combined TRACON& Tower with Radar,0,2,21,4,27,0,4,20,18,42,0,6,41,22,69,6,0,6,75
10/10/2018,MFD,OH,AGL,CE,Combined TRACON& Tower with Radar,0,3,9,4,16,0,5,7,0,12,0,8,16,4,28,0,0,0,28
10/11/2018,MFD,OH,AGL,CE,Combined TRACON& Tower with Radar,0,2,10,1,13,0,0,4,14,18,0,2,14,15,31,8,0,8,39
10/12/2018,MFD,OH,AGL,CE,Combined TRACON& Tower with Radar,0,1,11,4,16,0,3,14,0,17,0,4,25,4,33,10,0,10,43
10/13/2018,MFD,OH,AGL,CE,Combined TRACON& Tower with Radar,0,2,17,0,19,0,0,15,0,15,0,2,32,0,34,18,0,18,52
10/14/2018,MFD,OH,AGL,CE,Combined TRACON& Tower with Radar,0,2,20,5,27,0,4,33,12,49,0,6,53,17,76,0,0,0,76
10/15/2018,MFD,OH,AGL,CE,Combined TRACON& Tower with Radar,0,0,9,0,9,0,1,1,0,2,0,1,10,0,11,6,0,6,17
10/16/2018,MFD,OH,AGL,CE,Combined TRACON& Tower with Radar,0,3,16,5,24,0,6,10,12,28,0,9,26,17,52,6,8,14,66
10/17/2018,MFD,OH,AGL,CE,Combined TRACON& Tower with Radar,0,0,10,6,16,0,0,7,8,15,0,0,17,14,31,6,10,16,47
10/18/2018,MFD,OH,AGL,CE,Combined TRACON& Tower with Radar,0,5,18,3,26,0,1,39,7,47,0,6,57,10,73,12,0,12,85
10/19/2018,MFD,OH,AGL,CE,Combined TRACON& Tower with Radar,0,3,15,0,18,0,6,15,0,21,0,9,30,0,39,22,0,22,61
10/20/2018,MFD,OH,AGL,CE,Combined TRACON& Tower with Radar,0,1,9,0,10,0,0,0,0,0,0,1,9,0,10,0,0,0,10
10/21/2018,MFD,OH,AGL,CE,Combined TRACON& Tower with Radar,0,7,5,0,12,0,0,14,0,14,0,7,19,0,26,12,0,12,38
10/22/2018,MFD,OH,AGL,CE,Combined TRACON& Tower with Radar,0,5,10,0,15,0,3,16,0,19,0,8,26,0,34,32,0,32,66
10/23/2018,MFD,OH,AGL,CE,Combined TRACON& Tower with Radar,0,0,12,14,26,0,2,9,2,13,0,2,21,16,39,8,0,8,47
10/24/2018,MFD,OH,AGL,CE,Combined TRACON& Tower with Radar,0,2,30,4,36,0,2,36,0,38,0,4,66,4,74,20,0,20,94
10/25/2018,MFD,OH,AGL,CE,Combined TRACON& Tower with Radar,0,1,25,2,28,0,1,35,0,36,0,2,60,2,64,0,0,0,64
10/26/2018,MFD,OH,AGL,CE,Combined TRACON& Tower with Radar,0,0,19,4,23,0,2,7,0,9,0,2,26,4,32,4,0,4,36
10/27/2018,MFD,OH,AGL,CE,Combined TRACON& Tower with Radar,0,0,3,2,5,0,0,0,0,0,0,0,3,2,5,0,0,0,5
10/28/2018,MFD,OH,AGL,CE,Combined TRACON& Tower with Radar,0,0,11,0,11,0,0,8,0,8,0,0,19,0,19,12,0,12,31
10/29/2018,MFD,OH,AGL,CE,Combined TRACON& Tower with Radar,0,2,14,0,16,0,0,7,0,7,0,2,21,0,23,8,0,8,31
10/30/2018,MFD,OH,AGL,CE,Combined TRACON& Tower with Radar,0,9,11,5,25,0,3,28,0,31,0,12,39,5,56,18,4,22,78
10/31/2018,MFD,OH,AGL,CE,Combined TRACON& Tower with Radar,0,0,2,2,4,0,0,4,0,4,0,0,6,2,8,0,0,0,8
11/01/2018,MFD,OH,AGL,CE,Combined TRACON& Tower with Radar,0,0,1,3,4,0,0,0,0,0,0,0,1,3,4,0,0,0,4
11/02/2018,MFD,OH,AGL,CE,Combined TRACON& Tower with Radar,0,4,7,0,11,0,0,0,0,0,0,4,7,0,11,0,0,0,11
11/03/2018,MFD,OH,AGL,CE,Combined TRACON& Tower with Radar,0,2,11,0,13,0,4,14,0,18,0,6,25,0,31,0,0,0,31
11/04/2018,MFD,OH,AGL,CE,Combined TRACON& Tower with Radar,0,4,5,5,14,0,3,18,6,27,0,7,23,11,41,0,0,0,41
11/05/2018,MFD,OH,AGL,CE,Combined TRACON& Tower with Radar,0,2,14,0,16,0,0,5,0,5,0,2,19,0,21,8,0,8,29
11/06/2018,MFD,OH,AGL,CE,Combined TRACON& Tower with Radar,0,0,5,6,11,0,0,2,0,2,0,0,7,6,13,0,0,0,13
11/07/2018,MFD,OH,AGL,CE,Combined TRACON& Tower with Radar,0,1,18,5,24,0,1,15,4,20,0,2,33,9,44,12,0,12,56
11/08/2018,MFD,OH,AGL,CE,Combined TRACON& Tower with Radar,0,2,18,1,21,0,2,30,8,40,0,4,48,9,61,6,0,6,67
11/09/2018,MFD,OH,AGL,CE,Combined TRACON& Tower with Radar,0,0,5,0,5,0,0,0,0,0,0,0,5,0,5,0,0,0,5
11/10/2018,MFD,OH,AGL,CE,Combined TRACON& Tower with Radar,0,4,7,0,11,0,0,3,0,3,0,4,10,0,14,10,0,10,24
11/11/2018,MFD,OH,AGL,CE,Combined TRACON& Tower with Radar,0,0,18,0,18,0,0,41,0,41,0,0,59,0,59,6,0,6,65
11/12/2018,MFD,OH,AGL,CE,Combined TRACON& Tower with Radar,0,0,21,0,21,0,0,18,0,18,0,0,39,0,39,38,0,38,77
11/13/2018,MFD,OH,AGL,CE,Combined TRACON& Tower with Radar,0,0,6,5,11,0,0,5,1,6,0,0,11,6,17,2,0,2,19
11/14/2018,MFD,OH,AGL,CE,Combined TRACON& Tower with Radar,0,3,16,2,21,0,0,33,6,39,0,3,49,8,60,10,6,16,76
11/15/2018,MFD,OH,AGL,CE,Combined TRACON& Tower with Radar,0,0,0,0,0,0,0,0,0,0,0,0,0,0,0,0,0,0,0
11/16/2018,MFD,OH,AGL,CE,Combined TRACON& Tower with Radar,0,1,1,0,2,0,0,0,0,0,0,1,1,0,2,0,0,0,2
11/17/2018,MFD,OH,AGL,CE,Combined TRACON& Tower with Radar,0,0,6,0,6,0,0,2,0,2,0,0,8,0,8,0,0,0,8
11/18/2018,MFD,OH,AGL,CE,Combined TRACON& Tower with Radar,0,0,7,0,7,0,0,0,0,0,0,0,7,0,7,0,0,0,7
11/19/2018,MFD,OH,AGL,CE,Combined TRACON& Tower with Radar,0,0,4,0,4,0,0,0,0,0,0,0,4,0,4,0,0,0,4
11/20/2018,MFD,OH,AGL,CE,Combined TRACON& Tower with Radar,0,0,2,6,8,0,0,0,0,0,0,0,2,6,8,0,0,0,8
11/21/2018,MFD,OH,AGL,CE,Combined TRACON& Tower with Radar,0,0,1,0,1,0,0,1,0,1,0,0,2,0,2,4,0,4,6
11/22/2018,MFD,OH,AGL,CE,Combined TRACON& Tower with Radar,0,0,7,0,7,0,0,16,0,16,0,0,23,0,23,0,0,0,23
11/23/2018,MFD,OH,AGL,CE,Combined TRACON& Tower with Radar,0,0,12,0,12,0,0,31,0,31,0,0,43,0,43,12,0,12,55
11/24/2018,MFD,OH,AGL,CE,Combined TRACON& Tower with Radar,0,0,2,0,2,0,0,0,0,0,0,0,2,0,2,0,0,0,2
11/25/2018,MFD,OH,AGL,CE,Combined TRACON& Tower with Radar,0,0,17,0,17,0,0,10,0,10,0,0,27,0,27,6,0,6,33
11/26/2018,MFD,OH,AGL,CE,Combined TRACON& Tower with Radar,0,0,0,0,0,0,0,0,0,0,0,0,0,0,0,0,0,0,0
11/27/2018,MFD,OH,AGL,CE,Combined TRACON& Tower with Radar,0,0,7,0,7,0,0,0,0,0,0,0,7,0,7,0,0,0,7
11/28/2018,MFD,OH,AGL,CE,Combined TRACON& Tower with Radar,0,4,7,0,11,0,0,3,0,3,0,4,10,0,14,0,0,0,14
11/29/2018,MFD,OH,AGL,CE,Combined TRACON& Tower with Radar,0,0,2,0,2,0,2,4,0,6,0,2,6,0,8,0,0,0,8
11/30/2018,MFD,OH,AGL,CE,Combined TRACON& Tower with Radar,0,2,2,0,4,0,0,0,0,0,0,2,2,0,4,0,0,0,4
12/01/2018,MFD,OH,AGL,CE,Combined TRACON& Tower with Radar,0,0,1,0,1,0,0,0,0,0,0,0,1,0,1,0,0,0,1
12/02/2018,MFD,OH,AGL,CE,Combined TRACON& Tower with Radar,0,0,7,0,7,0,2,14,0,16,0,2,21,0,23,0,0,0,23
12/03/2018,MFD,OH,AGL,CE,Combined TRACON& Tower with Radar,0,0,4,0,4,0,0,0,0,0,0,0,4,0,4,0,0,0,4
12/04/2018,MFD,OH,AGL,CE,Combined TRACON& Tower with Radar,0,0,7,2,9,0,0,0,0,0,0,0,7,2,9,0,0,0,9
12/05/2018,MFD,OH,AGL,CE,Combined TRACON& Tower with Radar,0,0,2,0,2,0,0,8,0,8,0,0,10,0,10,0,0,0,10
12/06/2018,MFD,OH,AGL,CE,Combined TRACON& Tower with Radar,0,2,5,8,15,0,2,0,0,2,0,4,5,8,17,0,0,0,17
12/07/2018,MFD,OH,AGL,CE,Combined TRACON& Tower with Radar,0,5,19,3,27,0,1,23,9,33,0,6,42,12,60,30,0,30,90
12/08/2018,MFD,OH,AGL,CE,Combined TRACON& Tower with Radar,0,2,22,1,25,0,2,20,1,23,0,4,42,2,48,10,2,12,60
12/09/2018,MFD,OH,AGL,CE,Combined TRACON& Tower with Radar,0,1,15,0,16,0,2,24,0,26,0,3,39,0,42,12,0,12,54
12/10/2018,MFD,OH,AGL,CE,Combined TRACON& Tower with Radar,0,0,4,0,4,0,0,2,0,2,0,0,6,0,6,0,0,0,6
12/11/2018,MFD,OH,AGL,CE,Combined TRACON& Tower with Radar,0,2,10,15,27,0,0,8,1,9,0,2,18,16,36,12,10,22,58
12/12/2018,MFD,OH,AGL,CE,Combined TRACON& Tower with Radar,0,0,19,4,23,0,6,29,1,36,0,6,48,5,59,12,0,12,71
12/13/2018,MFD,OH,AGL,CE,Combined TRACON& Tower with Radar,0,4,15,17,36,0,0,20,1,21,0,4,35,18,57,8,14,22,79
12/14/2018,MFD,OH,AGL,CE,Combined TRACON& Tower with Radar,0,3,23,2,28,0,3,17,0,20,0,6,40,2,48,23,0,23,71
12/15/2018,MFD,OH,AGL,CE,Combined TRACON& Tower with Radar,0,0,7,0,7,0,0,2,0,2,0,0,9,0,9,0,0,0,9
12/16/2018,MFD,OH,AGL,CE,Combined TRACON& Tower with Radar,0,0,2,0,2,0,0,0,0,0,0,0,2,0,2,0,0,0,2
12/17/2018,MFD,OH,AGL,CE,Combined TRACON& Tower with Radar,0,0,18,0,18,0,0,11,2,13,0,0,29,2,31,0,0,0,31
12/18/2018,MFD,OH,AGL,CE,Combined TRACON& Tower with Radar,0,4,30,7,41,0,2,38,3,43,0,6,68,10,84,6,8,14,98
12/19/2018,MFD,OH,AGL,CE,Combined TRACON& Tower with Radar,0,6,14,10,30,0,3,17,6,26,0,9,31,16,56,28,8,36,92
12/20/2018,MFD,OH,AGL,CE,Combined TRACON& Tower with Radar,0,0,6,2,8,0,0,3,12,15,0,0,9,14,23,6,24,30,53
12/21/2018,MFD,OH,AGL,CE,Combined TRACON& Tower with Radar,0,0,2,0,2,0,0,0,0,0,0,0,2,0,2,0,0,0,2
12/22/2018,MFD,OH,AGL,CE,Combined TRACON& Tower with Radar,0,0,0,0,0,0,0,0,0,0,0,0,0,0,0,0,0,0,0
12/23/2018,MFD,OH,AGL,CE,Combined TRACON& Tower with Radar,0,0,5,0,5,0,0,3,0,3,0,0,8,0,8,0,6,6,14
12/24/2018,MFD,OH,AGL,CE,Combined TRACON& Tower with Radar,0,0,0,0,0,0,0,0,0,0,0,0,0,0,0,0,0,0,0
12/25/2018,MFD,OH,AGL,CE,Combined TRACON& Tower with Radar,0,2,2,0,4,0,0,1,0,1,0,2,3,0,5,0,0,0,5
12/26/2018,MFD,OH,AGL,CE,Combined TRACON& Tower with Radar,0,2,19,0,21,0,2,23,0,25,0,4,42,0,46,12,0,12,58
12/27/2018,MFD,OH,AGL,CE,Combined TRACON& Tower with Radar,0,0,5,1,6,0,0,5,0,5,0,0,10,1,11,2,0,2,13
12/28/2018,MFD,OH,AGL,CE,Combined TRACON& Tower with Radar,0,0,3,2,5,0,0,1,0,1,0,0,4,2,6,0,0,0,6
12/29/2018,MFD,OH,AGL,CE,Combined TRACON& Tower with Radar,0,0,6,0,6,0,0,2,0,2,0,0,8,0,8,0,0,0,8
12/30/2018,MFD,OH,AGL,CE,Combined TRACON& Tower with Radar,0,0,20,0,20,0,0,26,0,26,0,0,46,0,46,7,0,7,53
12/31/2018,MFD,OH,AGL,CE,Combined TRACON& Tower with Radar,0,0,2,0,2,0,0,1,0,1,0,0,3,0,3,16,0,16,19
01/01/2019,MFD,OH,AGL,CE,Combined TRACON& Tower with Radar,0,0,9,0,9,0,0,0,0,0,0,0,9,0,9,0,0,0,9
01/02/2019,MFD,OH,AGL,CE,Combined TRACON& Tower with Radar,0,0,4,0,4,0,2,0,0,2,0,2,4,0,6,0,0,0,6
01/03/2019,MFD,OH,AGL,CE,Combined TRACON& Tower with Radar,0,2,9,9,20,0,0,3,3,6,0,2,12,12,26,10,0,10,36
01/04/2019,MFD,OH,AGL,CE,Combined TRACON& Tower with Radar,0,3,8,0,11,0,1,15,0,16,0,4,23,0,27,0,0,0,27
01/05/2019,MFD,OH,AGL,CE,Combined TRACON& Tower with Radar,0,1,22,0,23,0,3,51,0,54,0,4,73,0,77,22,0,22,99
01/06/2019,MFD,OH,AGL,CE,Combined TRACON& Tower with Radar,0,1,11,0,12,0,1,22,0,23,0,2,33,0,35,4,2,6,41
01/07/2019,MFD,OH,AGL,CE,Combined TRACON& Tower with Radar,0,0,1,1,2,0,0,5,0,5,0,0,6,1,7,0,0,0,7
01/08/2019,MFD,OH,AGL,CE,Combined TRACON& Tower with Radar,0,0,19,1,20,0,0,5,1,6,0,0,24,2,26,0,0,0,26
01/09/2019,MFD,OH,AGL,CE,Combined TRACON& Tower with Radar,0,0,2,0,2,0,0,0,0,0,0,0,2,0,2,0,0,0,2
01/10/2019,MFD,OH,AGL,CE,Combined TRACON& Tower with Radar,0,0,12,10,22,0,0,3,0,3,0,0,15,10,25,22,34,56,81
01/11/2019,MFD,OH,AGL,CE,Combined TRACON& Tower with Radar,0,3,12,0,15,0,1,27,0,28,0,4,39,0,43,30,0,30,73
01/12/2019,MFD,OH,AGL,CE,Combined TRACON& Tower with Radar,0,0,4,4,8,0,0,0,0,0,0,0,4,4,8,0,0,0,8
01/13/2019,MFD,OH,AGL,CE,Combined TRACON& Tower with Radar,0,1,0,2,3,0,0,0,0,0,0,1,0,2,3,0,0,0,3
01/14/2019,MFD,OH,AGL,CE,Combined TRACON& Tower with Radar,0,1,7,0,8,0,0,0,0,0,0,1,7,0,8,0,0,0,8
01/15/2019,MFD,OH,AGL,CE,Combined TRACON& Tower with Radar,0,0,4,2,6,0,0,0,0,0,0,0,4,2,6,0,0,0,6
01/16/2019,MFD,OH,AGL,CE,Combined TRACON& Tower with Radar,0,0,5,0,5,0,0,4,0,4,0,0,9,0,9,0,0,0,9
01/17/2019,MFD,OH,AGL,CE,Combined TRACON& Tower with Radar,0,0,2,0,2,0,0,1,0,1,0,0,3,0,3,0,0,0,3
01/18/2019,MFD,OH,AGL,CE,Combined TRACON& Tower with Radar,0,2,1,0,3,0,0,2,0,2,0,2,3,0,5,0,0,0,5
01/19/2019,MFD,OH,AGL,CE,Combined TRACON& Tower with Radar,0,0,0,0,0,0,0,0,0,0,0,0,0,0,0,0,0,0,0
01/20/2019,MFD,OH,AGL,CE,Combined TRACON& Tower with Radar,0,0,2,0,2,0,0,0,0,0,0,0,2,0,2,0,0,0,2
01/21/2019,MFD,OH,AGL,CE,Combined TRACON& Tower with Radar,0,0,7,0,7,0,0,4,3,7,0,0,11,3,14,2,0,2,16
01/22/2019,MFD,OH,AGL,CE,Combined TRACON& Tower with Radar,0,2,4,2,8,0,1,0,0,1,0,3,4,2,9,8,0,8,17
01/23/2019,MFD,OH,AGL,CE,Combined TRACON& Tower with Radar,0,2,6,1,9,0,0,2,0,2,0,2,8,1,11,0,0,0,11
01/24/2019,MFD,OH,AGL,CE,Combined TRACON& Tower with Radar,0,2,3,2,7,0,0,0,0,0,0,2,3,2,7,0,0,0,7
01/25/2019,MFD,OH,AGL,CE,Combined TRACON& Tower with Radar,0,2,9,1,12,0,2,6,1,9,0,4,15,2,21,2,0,2,23
01/26/2019,MFD,OH,AGL,CE,Combined TRACON& Tower with Radar,0,5,0,1,6,0,0,0,0,0,0,5,0,1,6,0,0,0,6
01/27/2019,MFD,OH,AGL,CE,Combined TRACON& Tower with Radar,0,0,2,0,2,0,0,1,0,1,0,0,3,0,3,0,0,0,3
01/28/2019,MFD,OH,AGL,CE,Combined TRACON& Tower with Radar,0,1,5,3,9,0,0,0,0,0,0,1,5,3,9,0,0,0,9
01/29/2019,MFD,OH,AGL,CE,Combined TRACON& Tower with Radar,0,2,7,0,9,0,0,0,0,0,0,2,7,0,9,0,0,0,9
01/30/2019,MFD,OH,AGL,CE,Combined TRACON& Tower with Radar,0,4,0,1,5,0,0,1,0,1,0,4,1,1,6,6,0,6,12
01/31/2019,MFD,OH,AGL,CE,Combined TRACON& Tower with Radar,0,0,5,0,5,0,0,4,0,4,0,0,9,0,9,0,0,0,9
02/01/2019,MFD,OH,AGL,CE,Combined TRACON& Tower with Radar,0,0,5,0,5,0,0,2,0,2,0,0,7,0,7,0,0,0,7
02/02/2019,MFD,OH,AGL,CE,Combined TRACON& Tower with Radar,0,0,6,0,6,0,2,7,0,9,0,2,13,0,15,0,0,0,15
02/03/2019,MFD,OH,AGL,CE,Combined TRACON& Tower with Radar,0,1,20,0,21,0,3,26,0,29,0,4,46,0,50,4,0,4,54
02/04/2019,MFD,OH,AGL,CE,Combined TRACON& Tower with Radar,0,0,9,0,9,0,0,3,0,3,0,0,12,0,12,0,0,0,12
02/05/2019,MFD,OH,AGL,CE,Combined TRACON& Tower with Radar,0,0,7,3,10,0,0,0,0,0,0,0,7,3,10,0,0,0,10
02/06/2019,MFD,OH,AGL,CE,Combined TRACON& Tower with Radar,0,0,7,11,18,0,0,0,5,5,0,0,7,16,23,0,0,0,23
02/07/2019,MFD,OH,AGL,CE,Combined TRACON& Tower with Radar,0,2,9,0,11,0,0,1,0,1,0,2,10,0,12,0,0,0,12
02/08/2019,MFD,OH,AGL,CE,Combined TRACON& Tower with Radar,0,0,7,2,9,0,1,1,0,2,0,1,8,2,11,0,0,0,11
02/09/2019,MFD,OH,AGL,CE,Combined TRACON& Tower with Radar,0,1,12,0,13,0,3,29,0,32,0,4,41,0,45,10,0,10,55
02/10/2019,MFD,OH,AGL,CE,Combined TRACON& Tower with Radar,0,0,5,1,6,0,0,8,0,8,0,0,13,1,14,2,0,2,16
02/11/2019,MFD,OH,AGL,CE,Combined TRACON& Tower with Radar,0,4,7,0,11,0,0,0,0,0,0,4,7,0,11,0,0,0,11
02/12/2019,MFD,OH,AGL,CE,Combined TRACON& Tower with Radar,0,2,8,0,10,0,0,0,0,0,0,2,8,0,10,0,0,0,10
02/13/2019,MFD,OH,AGL,CE,Combined TRACON& Tower with Radar,0,0,5,8,13,0,0,1,1,2,0,0,6,9,15,16,1,17,32
02/14/2019,MFD,OH,AGL,CE,Combined TRACON& Tower with Radar,0,4,10,18,32,0,2,5,8,15,0,6,15,26,47,6,16,22,69
02/15/2019,MFD,OH,AGL,CE,Combined TRACON& Tower with Radar,0,0,9,0,9,0,0,7,0,7,0,0,16,0,16,0,0,0,16
02/16/2019,MFD,OH,AGL,CE,Combined TRACON& Tower with Radar,0,0,5,0,5,0,1,6,0,7,0,1,11,0,12,0,0,0,12
02/17/2019,MFD,OH,AGL,CE,Combined TRACON& Tower with Radar,0,0,0,0,0,0,0,2,0,2,0,0,2,0,2,9,0,9,11
02/18/2019,MFD,OH,AGL,CE,Combined TRACON& Tower with Radar,0,0,6,0,6,0,0,0,0,0,0,0,6,0,6,0,0,0,6
02/19/2019,MFD,OH,AGL,CE,Combined TRACON& Tower with Radar,0,1,12,6,19,0,1,18,0,19,0,2,30,6,38,0,0,0,38
02/20/2019,MFD,OH,AGL,CE,Combined TRACON& Tower with Radar,0,0,0,0,0,0,0,0,0,0,0,0,0,0,0,0,0,0,0
02/21/2019,MFD,OH,AGL,CE,Combined TRACON& Tower with Radar,0,5,7,8,20,0,3,18,10,31,0,8,25,18,51,6,14,20,71
02/22/2019,MFD,OH,AGL,CE,Combined TRACON& Tower with Radar,0,4,25,1,30,0,4,30,0,34,0,8,55,1,64,10,0,10,74
02/23/2019,MFD,OH,AGL,CE,Combined TRACON& Tower with Radar,0,3,16,0,19,0,3,18,0,21,0,6,34,0,40,0,0,0,40
02/24/2019,MFD,OH,AGL,CE,Combined TRACON& Tower with Radar,0,0,0,0,0,0,0,0,0,0,0,0,0,0,0,0,0,0,0
02/25/2019,MFD,OH,AGL,CE,Combined TRACON& Tower with Radar,0,5,13,2,20,0,2,5,0,7,0,7,18,2,27,0,0,0,27
02/26/2019,MFD,OH,AGL,CE,Combined TRACON& Tower with Radar,0,2,15,4,21,0,1,2,0,3,0,3,17,4,24,2,4,6,30
02/27/2019,MFD,OH,AGL,CE,Combined TRACON& Tower with Radar,0,0,12,2,14,0,0,8,1,9,0,0,20,3,23,0,0,0,23
02/28/2019,MFD,OH,AGL,CE,Combined TRACON& Tower with Radar,0,3,7,6,16,0,7,23,10,40,0,10,30,16,56,0,6,6,62
03/01/2019,MFD,OH,AGL,CE,Combined TRACON& Tower with Radar,0,4,10,4,18,0,8,22,0,30,0,12,32,4,48,24,0,24,72
03/02/2019,MFD,OH,AGL,CE,Combined TRACON& Tower with Radar,0,6,12,0,18,0,0,15,1,16,0,6,27,1,34,0,0,0,34
03/03/2019,MFD,OH,AGL,CE,Combined TRACON& Tower with Radar,0,1,1,0,2,0,0,0,0,0,0,1,1,0,2,0,0,0,2
03/04/2019,MFD,OH,AGL,CE,Combined TRACON& Tower with Radar,0,0,6,0,6,0,0,8,0,8,0,0,14,0,14,4,0,4,18
03/05/2019,MFD,OH,AGL,CE,Combined TRACON& Tower with Radar,0,0,10,1,11,0,0,1,0,1,0,0,11,1,12,0,0,0,12
03/06/2019,MFD,OH,AGL,CE,Combined TRACON& Tower with Radar,0,0,7,5,12,0,0,7,8,15,0,0,14,13,27,0,4,4,31
03/07/2019,MFD,OH,AGL,CE,Combined TRACON& Tower with Radar,0,0,7,3,10,0,0,5,0,5,0,0,12,3,15,0,0,0,15
03/08/2019,MFD,OH,AGL,CE,Combined TRACON& Tower with Radar,0,1,21,0,22,0,1,19,1,21,0,2,40,1,43,0,0,0,43
03/09/2019,MFD,OH,AGL,CE,Combined TRACON& Tower with Radar,0,0,7,15,22,0,0,5,5,10,0,0,12,20,32,2,0,2,34
03/10/2019,MFD,OH,AGL,CE,Combined TRACON& Tower with Radar,0,0,1,0,1,0,0,1,0,1,0,0,2,0,2,0,0,0,2
03/11/2019,MFD,OH,AGL,CE,Combined TRACON& Tower with Radar,0,1,13,0,14,0,1,6,0,7,0,2,19,0,21,0,0,0,21
03/12/2019,MFD,OH,AGL,CE,Combined TRACON& Tower with Radar,0,6,8,2,16,0,2,29,0,31,0,8,37,2,47,38,0,38,85
03/13/2019,MFD,OH,AGL,CE,Combined TRACON& Tower with Radar,0,4,26,11,41,0,2,18,12,32,0,6,44,23,73,14,0,14,87
03/14/2019,MFD,OH,AGL,CE,Combined TRACON& Tower with Radar,0,0,2,2,4,0,0,0,0,0,0,0,2,2,4,0,4,4,8
03/15/2019,MFD,OH,AGL,CE,Combined TRACON& Tower with Radar,0,2,1,0,3,0,0,0,0,0,0,2,1,0,3,0,0,0,3
03/16/2019,MFD,OH,AGL,CE,Combined TRACON& Tower with Radar,0,0,14,0,14,0,0,2,0,2,0,0,16,0,16,0,0,0,16
03/17/2019,MFD,OH,AGL,CE,Combined TRACON& Tower with Radar,0,0,10,0,10,0,0,8,0,8,0,0,18,0,18,0,0,0,18
03/18/2019,MFD,OH,AGL,CE,Combined TRACON& Tower with Radar,0,1,14,0,15,0,1,17,0,18,0,2,31,0,33,6,0,6,39
03/19/2019,MFD,OH,AGL,CE,Combined TRACON& Tower with Radar,0,1,8,2,11,0,4,10,0,14,0,5,18,2,25,0,0,0,25
03/20/2019,MFD,OH,AGL,CE,Combined TRACON& Tower with Radar,0,1,5,5,11,0,0,5,2,7,0,1,10,7,18,0,0,0,18
03/21/2019,MFD,OH,AGL,CE,Combined TRACON& Tower with Radar,0,0,7,17,24,0,0,0,0,0,0,0,7,17,24,0,16,16,40
03/22/2019,MFD,OH,AGL,CE,Combined TRACON& Tower with Radar,0,1,4,0,5,0,0,4,0,4,0,1,8,0,9,2,0,2,11
03/23/2019,MFD,OH,AGL,CE,Combined TRACON& Tower with Radar,0,6,23,0,29,0,6,39,0,45,0,12,62,0,74,22,0,22,96
03/24/2019,MFD,OH,AGL,CE,Combined TRACON& Tower with Radar,0,5,18,0,23,0,5,16,0,21,0,10,34,0,44,32,0,32,76
03/25/2019,MFD,OH,AGL,CE,Combined TRACON& Tower with Radar,0,1,14,0,15,0,3,2,0,5,0,4,16,0,20,10,0,10,30
03/26/2019,MFD,OH,AGL,CE,Combined TRACON& Tower with Radar,0,3,19,4,26,0,7,31,0,38,0,10,50,4,64,24,0,24,88
03/27/2019,MFD,OH,AGL,CE,Combined TRACON& Tower with Radar,0,3,29,6,38,0,1,34,2,37,0,4,63,8,75,38,4,42,117
03/28/2019,MFD,OH,AGL,CE,Combined TRACON& Tower with Radar,0,5,7,8,20,0,3,5,7,15,0,8,12,15,35,18,0,18,53
03/29/2019,MFD,OH,AGL,CE,Combined TRACON& Tower with Radar,0,0,5,0,5,0,0,0,0,0,0,0,5,0,5,0,0,0,5
03/30/2019,MFD,OH,AGL,CE,Combined TRACON& Tower with Radar,0,0,1,0,1,0,0,0,0,0,0,0,1,0,1,0,0,0,1
03/31/2019,MFD,OH,AGL,CE,Combined TRACON& Tower with Radar,0,2,2,0,4,0,0,0,0,0,0,2,2,0,4,0,0,0,4
04/01/2019,MFD,OH,AGL,CE,Combined TRACON& Tower with Radar,0,10,13,0,23,0,9,28,0,37,0,19,41,0,60,58,0,58,118
04/02/2019,MFD,OH,AGL,CE,Combined TRACON& Tower with Radar,0,2,13,14,29,0,6,14,6,26,0,8,27,20,55,4,10,14,69
04/03/2019,MFD,OH,AGL,CE,Combined TRACON& Tower with Radar,0,7,8,4,19,0,2,13,2,17,0,9,21,6,36,8,0,8,44
04/04/2019,MFD,OH,AGL,CE,Combined TRACON& Tower with Radar,0,4,7,11,22,0,1,7,6,14,0,5,14,17,36,0,0,0,36
04/05/2019,MFD,OH,AGL,CE,Combined TRACON& Tower with Radar,0,6,9,1,16,0,0,10,0,10,0,6,19,1,26,2,0,2,28
04/06/2019,MFD,OH,AGL,CE,Combined TRACON& Tower with Radar,0,0,20,0,20,0,2,39,0,41,0,2,59,0,61,14,0,14,75
04/07/2019,MFD,OH,AGL,CE,Combined TRACON& Tower with Radar,0,2,19,1,22,0,2,18,0,20,0,4,37,1,42,14,0,14,56
04/08/2019,MFD,OH,AGL,CE,Combined TRACON& Tower with Radar,0,2,15,2,19,0,0,12,0,12,0,2,27,2,31,20,0,20,51
04/09/2019,MFD,OH,AGL,CE,Combined TRACON& Tower with Radar,0,5,15,16,36,0,2,21,5,28,0,7,36,21,64,10,4,14,78
04/10/2019,MFD,OH,AGL,CE,Combined TRACON& Tower with Radar,0,2,13,4,19,0,0,11,2,13,0,2,24,6,32,12,8,20,52
04/11/2019,MFD,OH,AGL,CE,Combined TRACON& Tower with Radar,0,1,13,5,19,0,0,5,5,10,0,1,18,10,29,0,0,0,29
04/12/2019,MFD,OH,AGL,CE,Combined TRACON& Tower with Radar,0,4,2,1,7,0,0,3,0,3,0,4,5,1,10,8,0,8,18
04/13/2019,MFD,OH,AGL,CE,Combined TRACON& Tower with Radar,0,5,33,1,39,0,3,38,6,47,0,8,71,7,86,0,0,0,86
04/14/2019,MFD,OH,AGL,CE,Combined TRACON& Tower with Radar,0,3,0,0,3,0,0,0,0,0,0,3,0,0,3,0,10,10,13
04/15/2019,MFD,OH,AGL,CE,Combined TRACON& Tower with Radar,0,7,9,0,16,0,2,8,0,10,0,9,17,0,26,6,0,6,32
04/16/2019,MFD,OH,AGL,CE,Combined TRACON& Tower with Radar,0,2,14,18,34,0,0,14,5,19,0,2,28,23,53,28,8,36,89
04/17/2019,MFD,OH,AGL,CE,Combined TRACON& Tower with Radar,0,7,21,4,32,0,1,21,4,26,0,8,42,8,58,10,26,36,94
04/18/2019,MFD,OH,AGL,CE,Combined TRACON& Tower with Radar,0,0,5,5,10,0,0,0,6,6,0,0,5,11,16,0,0,0,16
04/19/2019,MFD,OH,AGL,CE,Combined TRACON& Tower with Radar,0,0,8,0,8,0,0,0,0,0,0,0,8,0,8,0,0,0,8
04/20/2019,MFD,OH,AGL,CE,Combined TRACON& Tower with Radar,0,0,6,0,6,0,0,0,0,0,0,0,6,0,6,0,0,0,6
04/21/2019,MFD,OH,AGL,CE,Combined TRACON& Tower with Radar,0,0,1,0,1,0,0,0,0,0,0,0,1,0,1,0,0,0,1
04/22/2019,MFD,OH,AGL,CE,Combined TRACON& Tower with Radar,0,4,28,0,32,0,6,56,0,62,0,10,84,0,94,10,0,10,104
04/23/2019,MFD,OH,AGL,CE,Combined TRACON& Tower with Radar,0,3,0,1,4,0,0,5,2,7,0,3,5,3,11,0,0,0,11
04/24/2019,MFD,OH,AGL,CE,Combined TRACON& Tower with Radar,0,7,30,14,51,0,5,34,2,41,0,12,64,16,92,38,0,38,130
04/25/2019,MFD,OH,AGL,CE,Combined TRACON& Tower with Radar,0,3,10,3,16,0,0,2,1,3,0,3,12,4,19,0,0,0,19
04/26/2019,MFD,OH,AGL,CE,Combined TRACON& Tower with Radar,0,5,12,1,18,0,0,1,0,1,0,5,13,1,19,0,0,0,19
04/27/2019,MFD,OH,AGL,CE,Combined TRACON& Tower with Radar,0,1,14,0,15,0,3,16,0,19,0,4,30,0,34,2,0,2,36
04/28/2019,MFD,OH,AGL,CE,Combined TRACON& Tower with Radar,0,5,12,0,17,0,0,6,0,6,0,5,18,0,23,0,0,0,23
04/29/2019,MFD,OH,AGL,CE,Combined TRACON& Tower with Radar,0,1,6,5,12,0,0,14,0,14,0,1,20,5,26,10,0,10,36
04/30/2019,MFD,OH,AGL,CE,Combined TRACON& Tower with Radar,0,2,5,14,21,0,0,0,1,1,0,2,5,15,22,0,0,0,22
05/01/2019,MFD,OH,AGL,CE,Combined TRACON& Tower with Radar,0,11,18,6,35,0,0,3,4,7,0,11,21,10,42,6,6,12,54
05/02/2019,MFD,OH,AGL,CE,Combined TRACON& Tower with Radar,0,9,21,8,38,0,1,2,4,7,0,10,23,12,45,0,0,0,45
05/03/2019,MFD,OH,AGL,CE,Combined TRACON& Tower with Radar,0,15,19,1,35,0,0,0,0,0,0,15,19,1,35,0,0,0,35
05/04/2019,MFD,OH,AGL,CE,Combined TRACON& Tower with Radar,0,5,10,0,15,0,0,0,0,0,0,5,10,0,15,0,0,0,15
05/05/2019,MFD,OH,AGL,CE,Combined TRACON& Tower with Radar,0,15,63,0,78,0,2,15,0,17,0,17,78,0,95,8,0,8,103
05/06/2019,MFD,OH,AGL,CE,Combined TRACON& Tower with Radar,0,5,13,1,19,0,7,43,0,50,0,12,56,1,69,50,0,50,119
05/07/2019,MFD,OH,AGL,CE,Combined TRACON& Tower with Radar,0,7,10,11,28,0,1,12,10,23,0,8,22,21,51,0,0,0,51
05/08/2019,MFD,OH,AGL,CE,Combined TRACON& Tower with Radar,0,3,6,3,12,0,3,12,1,16,0,6,18,4,28,0,0,0,28
05/09/2019,MFD,OH,AGL,CE,Combined TRACON& Tower with Radar,0,0,10,4,14,0,0,1,1,2,0,0,11,5,16,0,0,0,16
05/10/2019,MFD,OH,AGL,CE,Combined TRACON& Tower with Radar,0,0,10,3,13,0,0,3,3,6,0,0,13,6,19,6,0,6,25
05/11/2019,MFD,OH,AGL,CE,Combined TRACON& Tower with Radar,0,9,18,0,27,0,1,17,0,18,0,10,35,0,45,2,0,2,47
05/12/2019,MFD,OH,AGL,CE,Combined TRACON& Tower with Radar,0,2,0,0,2,0,0,0,0,0,0,2,0,0,2,0,0,0,2
05/13/2019,MFD,OH,AGL,CE,Combined TRACON& Tower with Radar,0,0,9,0,9,0,0,2,0,2,0,0,11,0,11,0,0,0,11
05/14/2019,MFD,OH,AGL,CE,Combined TRACON& Tower with Radar,0,2,22,15,39,0,4,33,7,44,0,6,55,22,83,38,2,40,123
05/15/2019,MFD,OH,AGL,CE,Combined TRACON& Tower with Radar,0,4,27,3,34,0,1,21,9,31,0,5,48,12,65,12,8,20,85
05/16/2019,MFD,OH,AGL,CE,Combined TRACON& Tower with Radar,0,1,18,13,32,0,2,15,5,22,0,3,33,18,54,0,10,10,64
05/17/2019,MFD,OH,AGL,CE,Combined TRACON& Tower with Radar,0,0,9,0,9,0,2,9,0,11,0,2,18,0,20,4,0,4,24
05/18/2019,MFD,OH,AGL,CE,Combined TRACON& Tower with Radar,0,2,11,11,24,0,0,29,8,37,0,2,40,19,61,8,0,8,69
05/19/2019,MFD,OH,AGL,CE,Combined TRACON& Tower with Radar,0,0,5,4,9,0,0,10,0,10,0,0,15,4,19,0,0,0,19
05/20/2019,MFD,OH,AGL,CE,Combined TRACON& Tower with Radar,0,3,9,2,14,0,1,4,1,6,0,4,13,3,20,0,0,0,20
05/21/2019,MFD,OH,AGL,CE,Combined TRACON& Tower with Radar,0,6,23,12,41,0,6,15,14,35,0,12,38,26,76,14,6,20,96
05/22/2019,MFD,OH,AGL,CE,Combined TRACON& Tower with Radar,0,1,11,0,12,0,1,8,8,17,0,2,19,8,29,44,10,54,83
05/23/2019,MFD,OH,AGL,CE,Combined TRACON& Tower with Radar,0,0,12,12,24,0,0,5,3,8,0,0,17,15,32,18,0,18,50
05/24/2019,MFD,OH,AGL,CE,Combined TRACON& Tower with Radar,0,1,32,1,34,0,9,38,0,47,0,10,70,1,81,14,0,14,95
05/25/2019,MFD,OH,AGL,CE,Combined TRACON& Tower with Radar,0,0,7,0,7,0,0,4,0,4,0,0,11,0,11,20,0,20,31
05/26/2019,MFD,OH,AGL,CE,Combined TRACON& Tower with Radar,0,0,0,0,0,0,0,7,0,7,0,0,7,0,7,0,0,0,7
05/27/2019,MFD,OH,AGL,CE,Combined TRACON& Tower with Radar,0,2,15,0,17,0,1,25,0,26,0,3,40,0,43,10,0,10,53
05/28/2019,MFD,OH,AGL,CE,Combined TRACON& Tower with Radar,0,1,8,4,13,0,0,3,6,9,0,1,11,10,22,0,0,0,22
05/29/2019,MFD,OH,AGL,CE,Combined TRACON& Tower with Radar,0,0,11,0,11,0,1,2,3,6,0,1,13,3,17,10,1,11,28
05/30/2019,MFD,OH,AGL,CE,Combined TRACON& Tower with Radar,0,6,21,18,45,0,4,12,12,28,0,10,33,30,73,2,6,8,81
05/31/2019,MFD,OH,AGL,CE,Combined TRACON& Tower with Radar,0,3,23,0,26,0,5,49,0,54,0,8,72,0,80,18,0,18,98
06/01/2019,MFD,OH,AGL,CE,Combined TRACON& Tower with Radar,0,1,26,2,29,0,1,33,0,34,0,2,59,2,63,6,0,6,69
06/02/2019,MFD,OH,AGL,CE,Combined TRACON& Tower with Radar,0,0,15,1,16,0,2,5,0,7,0,2,20,1,23,0,0,0,23
06/03/2019,MFD,OH,AGL,CE,Combined TRACON& Tower with Radar,0,1,4,2,7,0,2,26,0,28,0,3,30,2,35,10,0,10,45
06/04/2019,MFD,OH,AGL,CE,Combined TRACON& Tower with Radar,0,1,12,9,22,0,3,17,15,35,0,4,29,24,57,38,6,44,101
06/05/2019,MFD,OH,AGL,CE,Combined TRACON& Tower with Radar,0,0,2,9,11,0,6,2,2,10,0,6,4,11,21,0,10,10,31
06/06/2019,MFD,OH,AGL,CE,Combined TRACON& Tower with Radar,0,4,6,8,18,0,0,2,0,2,0,4,8,8,20,0,0,0,20
06/07/2019,MFD,OH,AGL,CE,Combined TRACON& Tower with Radar,0,1,9,1,11,0,5,9,0,14,0,6,18,1,25,6,0,6,31
06/08/2019,MFD,OH,AGL,CE,Combined TRACON& Tower with Radar,0,0,11,0,11,8,4,6,0,18,8,4,17,0,29,30,0,30,59
06/09/2019,MFD,OH,AGL,CE,Combined TRACON& Tower with Radar,0,0,13,1,14,0,2,5,8,15,0,2,18,9,29,0,0,0,29
06/10/2019,MFD,OH,AGL,CE,Combined TRACON& Tower with Radar,0,0,16,0,16,0,0,3,0,3,0,0,19,0,19,2,0,2,21
06/11/2019,MFD,OH,AGL,CE,Combined TRACON& Tower with Radar,0,0,12,10,22,0,9,24,19,52,0,9,36,29,74,9,8,17,91
06/12/2019,MFD,OH,AGL,CE,Combined TRACON& Tower with Radar,0,4,6,1,11,0,0,8,0,8,0,4,14,1,19,14,0,14,33
06/13/2019,MFD,OH,AGL,CE,Combined TRACON& Tower with Radar,0,0,15,8,23,0,0,0,3,3,0,0,15,11,26,0,2,2,28
06/14/2019,MFD,OH,AGL,CE,Combined TRACON& Tower with Radar,0,2,18,4,24,0,2,13,2,17,0,4,31,6,41,0,0,0,41
06/15/2019,MFD,OH,AGL,CE,Combined TRACON& Tower with Radar,0,6,9,0,15,0,1,8,0,9,0,7,17,0,24,24,0,24,48
06/16/2019,MFD,OH,AGL,CE,Combined TRACON& Tower with Radar,0,3,6,0,9,0,0,0,0,0,0,3,6,0,9,0,0,0,9
06/17/2019,MFD,OH,AGL,CE,Combined TRACON& Tower with Radar,0,5,8,0,13,0,0,0,0,0,0,5,8,0,13,0,0,0,13
06/18/2019,MFD,OH,AGL,CE,Combined TRACON& Tower with Radar,0,0,20,10,30,0,0,1,0,1,0,0,21,10,31,12,0,12,43
06/19/2019,MFD,OH,AGL,CE,Combined TRACON& Tower with Radar,0,2,12,7,21,0,0,6,3,9,0,2,18,10,30,0,0,0,30
06/20/2019,MFD,OH,AGL,CE,Combined TRACON& Tower with Radar,0,0,17,9,26,0,0,0,2,2,0,0,17,11,28,2,12,14,42
06/21/2019,MFD,OH,AGL,CE,Combined TRACON& Tower with Radar,0,4,20,6,30,0,7,36,7,50,0,11,56,13,80,30,10,40,120
06/22/2019,MFD,OH,AGL,CE,Combined TRACON& Tower with Radar,0,5,14,1,20,0,0,25,3,28,0,5,39,4,48,25,2,27,75
06/23/2019,MFD,OH,AGL,CE,Combined TRACON& Tower with Radar,0,2,20,0,22,0,0,15,0,15,0,2,35,0,37,8,0,8,45
06/24/2019,MFD,OH,AGL,CE,Combined TRACON& Tower with Radar,0,0,11,3,14,0,2,3,0,5,0,2,14,3,19,10,4,14,33
06/25/2019,MFD,OH,AGL,CE,Combined TRACON& Tower with Radar,0,2,16,6,24,0,4,31,18,53,0,6,47,24,77,2,30,32,109
06/26/2019,MFD,OH,AGL,CE,Combined TRACON& Tower with Radar,0,5,32,5,42,0,3,35,0,38,0,8,67,5,80,0,0,0,80
06/27/2019,MFD,OH,AGL,CE,Combined TRACON& Tower with Radar,0,3,15,6,24,0,3,8,9,20,0,6,23,15,44,22,6,28,72
06/28/2019,MFD,OH,AGL,CE,Combined TRACON& Tower with Radar,0,2,24,0,26,0,2,25,0,27,0,4,49,0,53,18,4,22,75
06/29/2019,MFD,OH,AGL,CE,Combined TRACON& Tower with Radar,0,0,12,0,12,0,1,19,0,20,0,1,31,0,32,6,0,6,38
06/30/2019,MFD,OH,AGL,CE,Combined TRACON& Tower with Radar,0,2,5,1,8,0,5,14,0,19,0,7,19,1,27,10,0,10,37
07/01/2019,MFD,OH,AGL,CE,Combined TRACON& Tower with Radar,0,1,10,4,15,0,1,21,0,22,0,2,31,4,37,60,0,60,97
07/02/2019,MFD,OH,AGL,CE,Combined TRACON& Tower with Radar,0,9,9,0,18,0,2,13,1,16,0,11,22,1,34,26,0,26,60
07/03/2019,MFD,OH,AGL,CE,Combined TRACON& Tower with Radar,0,2,12,0,14,0,2,10,0,12,0,4,22,0,26,2,0,2,28
07/04/2019,MFD,OH,AGL,CE,Combined TRACON& Tower with Radar,0,1,5,2,8,0,0,14,2,16,0,1,19,4,24,4,6,10,34
07/05/2019,MFD,OH,AGL,CE,Combined TRACON& Tower with Radar,0,4,2,0,6,0,0,2,0,2,0,4,4,0,8,0,0,0,8
07/06/2019,MFD,OH,AGL,CE,Combined TRACON& Tower with Radar,0,0,27,0,27,0,0,26,0,26,0,0,53,0,53,0,0,0,53
07/07/2019,MFD,OH,AGL,CE,Combined TRACON& Tower with Radar,0,2,4,0,6,0,0,1,0,1,0,2,5,0,7,4,0,4,11
07/08/2019,MFD,OH,AGL,CE,Combined TRACON& Tower with Radar,0,2,27,0,29,0,2,34,0,36,0,4,61,0,65,10,0,10,75
07/09/2019,MFD,OH,AGL,CE,Combined TRACON& Tower with Radar,0,7,19,13,39,0,7,28,13,48,0,14,47,26,87,24,8,32,119
07/10/2019,MFD,OH,AGL,CE,Combined TRACON& Tower with Radar,0,4,12,4,20,0,2,22,6,30,0,6,34,10,50,14,0,14,64
07/11/2019,MFD,OH,AGL,CE,Combined TRACON& Tower with Radar,0,6,19,7,32,0,5,31,11,47,0,11,50,18,79,28,0,28,107
07/12/2019,MFD,OH,AGL,CE,Combined TRACON& Tower with Radar,0,7,17,0,24,0,1,24,1,26,0,8,41,1,50,32,0,32,82
07/13/2019,MFD,OH,AGL,CE,Combined TRACON& Tower with Radar,0,0,6,0,6,0,0,13,0,13,0,0,19,0,19,13,0,13,32
07/14/2019,MFD,OH,AGL,CE,Combined TRACON& Tower with Radar,0,2,7,0,9,0,0,25,1,26,0,2,32,1,35,10,0,10,45
07/15/2019,MFD,OH,AGL,CE,Combined TRACON& Tower with Radar,0,0,4,1,5,0,0,6,0,6,0,0,10,1,11,16,0,16,27
07/16/2019,MFD,OH,AGL,CE,Combined TRACON& Tower with Radar,0,2,12,6,20,0,2,7,4,13,0,4,19,10,33,0,0,0,33
07/17/2019,MFD,OH,AGL,CE,Combined TRACON& Tower with Radar,0,0,10,7,17,0,0,0,10,10,0,0,10,17,27,0,18,18,45
07/18/2019,MFD,OH,AGL,CE,Combined TRACON& Tower with Radar,0,4,16,17,37,0,6,22,13,41,0,10,38,30,78,14,48,62,140
07/19/2019,MFD,OH,AGL,CE,Combined TRACON& Tower with Radar,0,2,11,2,15,0,0,9,0,9,0,2,20,2,24,4,0,4,28
07/20/2019,MFD,OH,AGL,CE,Combined TRACON& Tower with Radar,0,1,14,0,15,0,3,16,0,19,0,4,30,0,34,0,0,0,34
07/21/2019,MFD,OH,AGL,CE,Combined TRACON& Tower with Radar,0,0,9,1,10,0,0,3,0,3,0,0,12,1,13,0,0,0,13
07/22/2019,MFD,OH,AGL,CE,Combined TRACON& Tower with Radar,0,4,15,2,21,0,4,5,0,9,0,8,20,2,30,6,0,6,36
07/23/2019,MFD,OH,AGL,CE,Combined TRACON& Tower with Radar,0,2,20,14,36,0,6,26,15,47,0,8,46,29,83,32,16,48,131
07/24/2019,MFD,OH,AGL,CE,Combined TRACON& Tower with Radar,0,5,19,2,26,0,5,9,6,20,0,10,28,8,46,10,6,16,62
07/25/2019,MFD,OH,AGL,CE,Combined TRACON& Tower with Radar,0,4,19,9,32,0,6,26,10,42,0,10,45,19,74,25,4,29,103
07/26/2019,MFD,OH,AGL,CE,Combined TRACON& Tower with Radar,0,2,13,0,15,0,6,19,0,25,0,8,32,0,40,26,0,26,66
07/27/2019,MFD,OH,AGL,CE,Combined TRACON& Tower with Radar,0,6,9,0,15,0,0,32,0,32,0,6,41,0,47,4,0,4,51
07/28/2019,MFD,OH,AGL,CE,Combined TRACON& Tower with Radar,0,17,33,1,51,0,2,14,1,17,0,19,47,2,68,3,0,3,71
07/29/2019,MFD,OH,AGL,CE,Combined TRACON& Tower with Radar,0,0,9,0,9,0,2,6,0,8,0,2,15,0,17,12,0,12,29
07/30/2019,MFD,OH,AGL,CE,Combined TRACON& Tower with Radar,0,0,11,21,32,0,0,11,5,16,0,0,22,26,48,4,40,44,92
07/31/2019,MFD,OH,AGL,CE,Combined TRACON& Tower with Radar,0,0,12,7,19,0,0,14,11,25,0,0,26,18,44,42,32,74,118
08/01/2019,MFD,OH,AGL,CE,Combined TRACON& Tower with Radar,0,3,21,1,25,0,5,33,25,63,0,8,54,26,88,44,38,82,170
08/02/2019,MFD,OH,AGL,CE,Combined TRACON& Tower with Radar,0,5,27,1,33,0,3,32,1,36,0,8,59,2,69,24,10,34,103
08/03/2019,MFD,OH,AGL,CE,Combined TRACON& Tower with Radar,0,2,19,3,24,0,4,23,5,32,0,6,42,8,56,6,8,14,70
08/04/2019,MFD,OH,AGL,CE,Combined TRACON& Tower with Radar,0,0,15,0,15,0,0,16,0,16,0,0,31,0,31,2,0,2,33
08/05/2019,MFD,OH,AGL,CE,Combined TRACON& Tower with Radar,0,2,7,1,10,0,4,12,0,16,0,6,19,1,26,10,0,10,36
08/06/2019,MFD,OH,AGL,CE,Combined TRACON& Tower with Radar,0,0,15,16,31,0,0,8,7,15,0,0,23,23,46,0,2,2,48
08/07/2019,MFD,OH,AGL,CE,Combined TRACON& Tower with Radar,0,3,18,9,30,0,0,21,0,21,0,3,39,9,51,38,6,44,95
08/08/2019,MFD,OH,AGL,CE,Combined TRACON& Tower with Radar,0,3,12,3,18,0,3,8,4,15,0,6,20,7,33,25,1,26,59
08/09/2019,MFD,OH,AGL,CE,Combined TRACON& Tower with Radar,0,1,21,1,23,0,0,22,0,22,0,1,43,1,45,0,0,0,45
08/10/2019,MFD,OH,AGL,CE,Combined TRACON& Tower with Radar,0,3,30,0,33,0,0,38,0,38,0,3,68,0,71,10,0,10,81
08/11/2019,MFD,OH,AGL,CE,Combined TRACON& Tower with Radar,0,0,15,0,15,0,0,22,0,22,0,0,37,0,37,16,0,16,53
08/12/2019,MFD,OH,AGL,CE,Combined TRACON& Tower with Radar,0,6,11,0,17,0,2,11,0,13,0,8,22,0,30,20,0,20,50
08/13/2019,MFD,OH,AGL,CE,Combined TRACON& Tower with Radar,0,8,4,20,32,0,0,2,0,2,0,8,6,20,34,0,0,0,34
08/14/2019,MFD,OH,AGL,CE,Combined TRACON& Tower with Radar,0,7,17,5,29,0,3,21,7,31,0,10,38,12,60,58,22,80,140
08/15/2019,MFD,OH,AGL,CE,Combined TRACON& Tower with Radar,0,2,8,12,22,0,5,5,19,29,0,7,13,31,51,30,24,54,105
08/16/2019,MFD,OH,AGL,CE,Combined TRACON& Tower with Radar,0,2,18,0,20,0,2,15,0,17,0,4,33,0,37,8,0,8,45
08/17/2019,MFD,OH,AGL,CE,Combined TRACON& Tower with Radar,0,0,2,2,4,0,1,3,2,6,0,1,5,4,10,0,0,0,10
08/18/2019,MFD,OH,AGL,CE,Combined TRACON& Tower with Radar,0,0,9,0,9,0,0,11,0,11,0,0,20,0,20,0,0,0,20
08/19/2019,MFD,OH,AGL,CE,Combined TRACON& Tower with Radar,0,4,11,0,15,0,0,19,0,19,0,4,30,0,34,16,0,16,50
08/20/2019,MFD,OH,AGL,CE,Combined TRACON& Tower with Radar,0,2,9,6,17,0,0,15,16,31,0,2,24,22,48,24,42,66,114
08/21/2019,MFD,OH,AGL,CE,Combined TRACON& Tower with Radar,0,4,16,5,25,0,1,9,12,22,0,5,25,17,47,32,30,62,109
08/22/2019,MFD,OH,AGL,CE,Combined TRACON& Tower with Radar,0,5,12,9,26,0,1,0,0,1,0,6,12,9,27,2,2,4,31
08/23/2019,MFD,OH,AGL,CE,Combined TRACON& Tower with Radar,0,0,19,1,20,0,2,21,0,23,0,2,40,1,43,32,3,35,78
08/24/2019,MFD,OH,AGL,CE,Combined TRACON& Tower with Radar,0,3,13,0,16,0,6,28,0,34,0,9,41,0,50,8,0,8,58
08/25/2019,MFD,OH,AGL,CE,Combined TRACON& Tower with Radar,0,3,16,4,23,0,2,25,0,27,0,5,41,4,50,22,3,25,75
08/26/2019,MFD,OH,AGL,CE,Combined TRACON& Tower with Radar,0,1,12,0,13,0,0,7,0,7,0,1,19,0,20,0,0,0,20
08/27/2019,MFD,OH,AGL,CE,Combined TRACON& Tower with Radar,0,2,16,4,22,0,0,2,0,2,0,2,18,4,24,0,0,0,24
08/28/2019,MFD,OH,AGL,CE,Combined TRACON& Tower with Radar,0,3,15,2,20,0,11,21,2,34,0,14,36,4,54,27,0,27,81
08/29/2019,MFD,OH,AGL,CE,Combined TRACON& Tower with Radar,0,1,20,1,22,0,3,36,0,39,0,4,56,1,61,33,6,39,100
08/30/2019,MFD,OH,AGL,CE,Combined TRACON& Tower with Radar,0,4,17,0,21,0,0,14,2,16,0,4,31,2,37,13,0,13,50
08/31/2019,MFD,OH,AGL,CE,Combined TRACON& Tower with Radar,0,1,5,0,6,0,1,14,0,15,0,2,19,0,21,8,6,14,35
09/01/2019,MFD,OH,AGL,CE,Combined TRACON& Tower with Radar,0,0,0,0,0,0,0,2,0,2,0,0,2,0,2,0,0,0,2
09/02/2019,MFD,OH,AGL,CE,Combined TRACON& Tower with Radar,0,0,0,0,0,0,0,7,0,7,0,0,7,0,7,26,0,26,33
09/03/2019,MFD,OH,AGL,CE,Combined TRACON& Tower with Radar,0,0,0,0,0,0,0,6,0,6,0,0,6,0,6,34,0,34,40
09/04/2019,MFD,OH,AGL,CE,Combined TRACON& Tower with Radar,0,0,0,0,0,0,0,3,1,4,0,0,3,1,4,26,4,30,34
09/05/2019,MFD,OH,AGL,CE,Combined TRACON& Tower with Radar,0,0,0,0,0,0,0,4,6,10,0,0,4,6,10,54,12,66,76
09/06/2019,MFD,OH,AGL,CE,Combined TRACON& Tower with Radar,0,0,0,0,0,0,0,2,0,2,0,0,2,0,2,18,4,22,24
09/07/2019,MFD,OH,AGL,CE,Combined TRACON& Tower with Radar,0,0,0,0,0,0,0,2,0,2,0,0,2,0,2,0,0,0,2
09/08/2019,MFD,OH,AGL,CE,Combined TRACON& Tower with Radar,0,0,0,0,0,0,0,1,0,1,0,0,1,0,1,0,0,0,1
09/09/2019,MFD,OH,AGL,CE,Combined TRACON& Tower with Radar,0,0,0,0,0,0,0,1,0,1,0,0,1,0,1,24,0,24,25
09/10/2019,MFD,OH,AGL,CE,Combined TRACON& Tower with Radar,0,0,0,0,0,0,0,1,0,1,0,0,1,0,1,48,0,48,49
09/11/2019,MFD,OH,AGL,CE,Combined TRACON& Tower with Radar,0,0,0,0,0,0,0,3,0,3,0,0,3,0,3,26,32,58,61
09/12/2019,MFD,OH,AGL,CE,Combined TRACON& Tower with Radar,0,0,0,0,0,0,0,4,0,4,0,0,4,0,4,32,0,32,36
09/13/2019,MFD,OH,AGL,CE,Combined TRACON& Tower with Radar,0,0,0,0,0,0,0,3,0,3,0,0,3,0,3,0,0,0,3
09/14/2019,MFD,OH,AGL,CE,Combined TRACON& Tower with Radar,0,0,0,0,0,0,0,15,0,15,0,0,15,0,15,10,0,10,25
09/15/2019,MFD,OH,AGL,CE,Combined TRACON& Tower with Radar,0,0,0,0,0,0,0,7,0,7,0,0,7,0,7,2,0,2,9
09/16/2019,MFD,OH,AGL,CE,Combined TRACON& Tower with Radar,0,0,0,0,0,0,0,0,0,0,0,0,0,0,0,8,0,8,8
09/17/2019,MFD,OH,AGL,CE,Combined TRACON& Tower with Radar,0,0,0,0,0,0,0,0,0,0,0,0,0,0,0,4,18,22,22
09/18/2019,MFD,OH,AGL,CE,Combined TRACON& Tower with Radar,0,0,0,0,0,0,0,5,0,5,0,0,5,0,5,54,28,82,87
09/19/2019,MFD,OH,AGL,CE,Combined TRACON& Tower with Radar,0,0,0,0,0,0,0,1,0,1,0,0,1,0,1,30,12,42,43
09/20/2019,MFD,OH,AGL,CE,Combined TRACON& Tower with Radar,0,0,0,0,0,0,0,3,0,3,0,0,3,0,3,4,0,4,7
09/21/2019,MFD,OH,AGL,CE,Combined TRACON& Tower with Radar,0,0,0,0,0,0,0,1,0,1,0,0,1,0,1,4,0,4,5
09/22/2019,MFD,OH,AGL,CE,Combined TRACON& Tower with Radar,0,0,2,0,2,0,0,0,0,0,0,0,2,0,2,0,0,0,2
09/23/2019,MFD,OH,AGL,CE,Combined TRACON& Tower with Radar,0,0,10,0,10,0,0,8,0,8,0,0,18,0,18,0,0,0,18
09/24/2019,MFD,OH,AGL,CE,Combined TRACON& Tower with Radar,0,1,8,5,14,0,3,25,13,41,0,4,33,18,55,6,22,28,83
09/25/2019,MFD,OH,AGL,CE,Combined TRACON& Tower with Radar,0,0,13,6,19,0,0,12,1,13,0,0,25,7,32,0,4,4,36
09/26/2019,MFD,OH,AGL,CE,Combined TRACON& Tower with Radar,0,2,8,13,23,0,0,19,6,25,0,2,27,19,48,12,14,26,74
09/27/2019,MFD,OH,AGL,CE,Combined TRACON& Tower with Radar,0,4,2,1,7,0,6,8,1,15,0,10,10,2,22,0,0,0,22
09/28/2019,MFD,OH,AGL,CE,Combined TRACON& Tower with Radar,0,0,0,0,0,0,0,27,0,27,0,0,27,0,27,4,0,4,31
09/29/2019,MFD,OH,AGL,CE,Combined TRACON& Tower with Radar,0,2,7,0,9,0,0,2,0,2,0,2,9,0,11,12,0,12,23
09/30/2019,MFD,OH,AGL,CE,Combined TRACON& Tower with Radar,0,8,5,2,15,0,4,15,0,19,0,12,20,2,34,26,0,26,60
10/01/2019,MFD,OH,AGL,CE,Towers with Radar,0,2,8,6,16,0,5,19,7,31,0,7,27,13,47,4,26,30,77
10/02/2019,MFD,OH,AGL,CE,Towers with Radar,0,4,17,6,27,0,4,22,16,42,0,8,39,22,69,4,20,24,93
10/03/2019,MFD,OH,AGL,CE,Towers with Radar,0,3,10,6,19,0,0,11,8,19,0,3,21,14,38,8,20,28,66
10/04/2019,MFD,OH,AGL,CE,Towers with Radar,0,6,5,2,13,0,0,11,0,11,0,6,16,2,24,16,0,16,40
10/05/2019,MFD,OH,AGL,CE,Towers with Radar,0,2,6,0,8,0,0,27,10,37,0,2,33,10,45,8,4,12,57
10/06/2019,MFD,OH,AGL,CE,Towers with Radar,0,2,6,0,8,0,2,1,3,6,0,4,7,3,14,6,6,12,26
10/07/2019,MFD,OH,AGL,CE,Towers with Radar,0,4,2,0,6,0,0,15,0,15,0,4,17,0,21,2,0,2,23
10/08/2019,MFD,OH,AGL,CE,Towers with Radar,0,0,16,8,24,0,4,18,10,32,0,4,34,18,56,26,14,40,96
10/09/2019,MFD,OH,AGL,CE,Towers with Radar,0,2,7,6,15,0,2,30,5,37,0,4,37,11,52,22,6,28,80
10/10/2019,MFD,OH,AGL,CE,Towers with Radar,0,8,11,10,29,0,6,29,6,41,0,14,40,16,70,18,24,42,112
10/11/2019,MFD,OH,AGL,CE,Towers with Radar,0,5,5,0,10,0,2,15,0,17,0,7,20,0,27,2,0,2,29
10/12/2019,MFD,OH,AGL,CE,Towers with Radar,0,4,6,0,10,0,0,10,0,10,0,4,16,0,20,0,0,0,20
10/13/2019,MFD,OH,AGL,CE,Towers with Radar,0,1,2,0,3,0,0,21,0,21,0,1,23,0,24,0,0,0,24
10/14/2019,MFD,OH,AGL,CE,Towers with Radar,0,2,0,0,2,0,2,21,0,23,0,4,21,0,25,0,0,0,25
10/15/2019,MFD,OH,AGL,CE,Towers with Radar,0,2,7,9,18,0,1,16,6,23,0,3,23,15,41,0,34,34,75
10/16/2019,MFD,OH,AGL,CE,Towers with Radar,0,0,6,8,14,0,0,1,0,1,0,0,7,8,15,0,14,14,29
10/17/2019,MFD,OH,AGL,CE,Towers with Radar,0,0,4,9,13,0,0,2,3,5,0,0,6,12,18,0,2,2,20
10/18/2019,MFD,OH,AGL,CE,Towers with Radar,0,1,11,0,12,0,12,37,0,49,0,13,48,0,61,30,0,30,91
10/19/2019,MFD,OH,AGL,CE,Towers with Radar,0,2,11,0,13,0,4,33,0,37,0,6,44,0,50,2,0,2,52
10/20/2019,MFD,OH,AGL,CE,Towers with Radar,0,3,7,0,10,0,0,16,1,17,0,3,23,1,27,12,0,12,39
10/21/2019,MFD,OH,AGL,CE,Towers with Radar,0,0,1,1,2,0,0,1,0,1,0,0,2,1,3,0,0,0,3
10/22/2019,MFD,OH,AGL,CE,Towers with Radar,0,2,18,14,34,0,0,8,5,13,0,2,26,19,47,22,16,38,85
10/23/2019,MFD,OH,AGL,CE,Towers with Radar,0,3,8,13,24,0,3,10,5,18,0,6,18,18,42,6,34,40,82
10/24/2019,MFD,OH,AGL,CE,Towers with Radar,0,9,14,7,30,0,4,16,7,27,0,13,30,14,57,4,0,4,61
10/25/2019,MFD,OH,AGL,CE,Towers with Radar,0,4,7,0,11,0,2,21,0,23,0,6,28,0,34,6,0,6,40
10/26/2019,MFD,OH,AGL,CE,Towers with Radar,0,2,10,0,12,0,2,2,0,4,0,4,12,0,16,4,0,4,20
10/27/2019,MFD,OH,AGL,CE,Towers with Radar,0,0,14,0,14,0,0,0,0,0,0,0,14,0,14,0,0,0,14
10/28/2019,MFD,OH,AGL,CE,Towers with Radar,0,2,9,1,12,0,4,10,1,15,0,6,19,2,27,10,0,10,37
10/29/2019,MFD,OH,AGL,CE,Towers with Radar,0,4,16,10,30,0,0,6,9,15,0,4,22,19,45,0,2,2,47
10/30/2019,MFD,OH,AGL,CE,Towers with Radar,0,0,4,3,7,0,0,0,0,0,0,0,4,3,7,0,0,0,7
10/31/2019,MFD,OH,AGL,CE,Towers with Radar,0,0,2,8,10,0,0,0,0,0,0,0,2,8,10,0,0,0,10
11/01/2019,MFD,OH,AGL,CE,Towers with Radar,0,0,5,14,19,0,0,9,1,10,0,0,14,15,29,0,14,14,43
11/02/2019,MFD,OH,AGL,CE,Towers with Radar,0,0,14,1,15,0,0,18,1,19,0,0,32,2,34,16,0,16,50
11/03/2019,MFD,OH,AGL,CE,Towers with Radar,0,4,3,2,9,0,6,19,0,25,0,10,22,2,34,0,0,0,34
11/04/2019,MFD,OH,AGL,CE,Towers with Radar,0,0,4,0,4,0,0,4,0,4,0,0,8,0,8,0,0,0,8
11/05/2019,MFD,OH,AGL,CE,Towers with Radar,0,0,8,7,15,0,4,11,8,23,0,4,19,15,38,0,16,16,54
11/06/2019,MFD,OH,AGL,CE,Towers with Radar,0,4,25,4,33,0,6,23,6,35,0,10,48,10,68,12,2,14,82
11/07/2019,MFD,OH,AGL,CE,Towers with Radar,0,0,3,0,3,0,0,0,4,4,0,0,3,4,7,0,4,4,11
11/08/2019,MFD,OH,AGL,CE,Towers with Radar,0,0,20,3,23,0,2,26,1,29,0,2,46,4,52,6,0,6,58
11/09/2019,MFD,OH,AGL,CE,Towers with Radar,0,0,1,0,1,0,4,21,0,25,0,4,22,0,26,8,0,8,34
11/10/2019,MFD,OH,AGL,CE,Towers with Radar,0,0,22,0,22,0,1,29,0,30,0,1,51,0,52,4,0,4,56
11/11/2019,MFD,OH,AGL,CE,Towers with Radar,0,0,7,0,7,0,0,0,0,0,0,0,7,0,7,0,0,0,7
11/12/2019,MFD,OH,AGL,CE,Towers with Radar,0,0,9,4,13,0,5,1,4,10,0,5,10,8,23,0,0,0,23
11/13/2019,MFD,OH,AGL,CE,Towers with Radar,0,2,18,2,22,0,0,16,0,16,0,2,34,2,38,12,28,40,78
11/14/2019,MFD,OH,AGL,CE,Towers with Radar,0,0,7,0,7,0,2,9,2,13,0,2,16,2,20,22,0,22,42
11/15/2019,MFD,OH,AGL,CE,Towers with Radar,0,0,13,8,21,0,0,7,0,7,0,0,20,8,28,0,14,14,42
11/16/2019,MFD,OH,AGL,CE,Towers with Radar,0,2,17,0,19,0,0,23,0,23,0,2,40,0,42,2,0,2,44
11/17/2019,MFD,OH,AGL,CE,Towers with Radar,0,2,22,0,24,0,2,40,0,42,0,4,62,0,66,8,0,8,74
11/18/2019,MFD,OH,AGL,CE,Towers with Radar,0,3,11,1,15,0,0,31,0,31,0,3,42,1,46,8,0,8,54
11/19/2019,MFD,OH,AGL,CE,Towers with Radar,0,6,7,11,24,0,0,0,10,10,0,6,7,21,34,0,0,0,34
11/20/2019,MFD,OH,AGL,CE,Towers with Radar,0,4,12,6,22,0,0,9,16,25,0,4,21,22,47,10,12,22,69
11/21/2019,MFD,OH,AGL,CE,Towers with Radar,0,4,3,20,27,0,0,11,0,11,0,4,14,20,38,6,6,12,50
11/22/2019,MFD,OH,AGL,CE,Towers with Radar,0,2,18,1,21,0,2,5,0,7,0,4,23,1,28,14,0,14,42
11/23/2019,MFD,OH,AGL,CE,Towers with Radar,0,0,6,2,8,0,0,12,0,12,0,0,18,2,20,0,0,0,20
11/24/2019,MFD,OH,AGL,CE,Towers with Radar,0,1,9,1,11,0,0,2,0,2,0,1,11,1,13,0,0,0,13
11/25/2019,MFD,OH,AGL,CE,Towers with Radar,0,0,19,5,24,0,0,25,0,25,0,0,44,5,49,34,4,38,87
11/26/2019,MFD,OH,AGL,CE,Towers with Radar,0,4,29,5,38,0,6,24,2,32,0,10,53,7,70,16,8,24,94
11/27/2019,MFD,OH,AGL,CE,Towers with Radar,0,1,6,2,9,0,2,6,4,12,0,3,12,6,21,0,22,22,43
11/28/2019,MFD,OH,AGL,CE,Towers with Radar,0,0,1,0,1,0,0,1,0,1,0,0,2,0,2,1,0,1,3
11/29/2019,MFD,OH,AGL,CE,Towers with Radar,0,0,5,0,5,0,0,3,0,3,0,0,8,0,8,0,0,0,8
11/30/2019,MFD,OH,AGL,CE,Towers with Radar,0,0,4,0,4,0,2,0,0,2,0,2,4,0,6,0,0,0,6
12/01/2019,MFD,OH,AGL,CE,Towers with Radar,0,0,7,0,7,0,0,3,0,3,0,0,10,0,10,0,0,0,10
12/02/2019,MFD,OH,AGL,CE,Towers with Radar,0,2,2,0,4,0,0,0,0,0,0,2,2,0,4,0,0,0,4
12/03/2019,MFD,OH,AGL,CE,Towers with Radar,0,2,9,11,22,0,0,0,0,0,0,2,9,11,22,0,0,0,22
12/04/2019,MFD,OH,AGL,CE,Towers with Radar,0,0,11,2,13,0,0,1,0,1,0,0,12,2,14,0,0,0,14
12/05/2019,MFD,OH,AGL,CE,Towers with Radar,0,2,12,10,24,0,0,15,7,22,0,2,27,17,46,2,12,14,60
12/06/2019,MFD,OH,AGL,CE,Towers with Radar,0,0,10,11,21,0,2,5,0,7,0,2,15,11,28,0,8,8,36
12/07/2019,MFD,OH,AGL,CE,Towers with Radar,0,3,9,0,12,0,3,29,0,32,0,6,38,0,44,2,0,2,46
12/08/2019,MFD,OH,AGL,CE,Towers with Radar,0,1,9,6,16,0,1,6,7,14,0,2,15,13,30,0,4,4,34
12/09/2019,MFD,OH,AGL,CE,Towers with Radar,0,0,4,2,6,0,0,0,0,0,0,0,4,2,6,0,0,0,6
12/10/2019,MFD,OH,AGL,CE,Towers with Radar,0,0,14,23,37,0,0,0,1,1,0,0,14,24,38,0,14,14,52
12/11/2019,MFD,OH,AGL,CE,Towers with Radar,0,6,11,12,29,0,2,6,0,8,0,8,17,12,37,0,0,0,37
12/12/2019,MFD,OH,AGL,CE,Towers with Radar,0,7,11,1,19,0,4,17,10,31,0,11,28,11,50,2,12,14,64
12/13/2019,MFD,OH,AGL,CE,Towers with Radar,0,0,9,0,9,0,0,7,0,7,0,0,16,0,16,4,0,4,20
12/14/2019,MFD,OH,AGL,CE,Towers with Radar,0,0,1,0,1,0,0,0,0,0,0,0,1,0,1,0,0,0,1
12/15/2019,MFD,OH,AGL,CE,Towers with Radar,0,0,3,0,3,0,0,2,0,2,0,0,5,0,5,0,0,0,5
12/16/2019,MFD,OH,AGL,CE,Towers with Radar,0,0,3,3,6,0,0,5,0,5,0,0,8,3,11,0,0,0,11
12/17/2019,MFD,OH,AGL,CE,Towers with Radar,0,0,3,0,3,0,0,0,0,0,0,0,3,0,3,0,0,0,3
12/18/2019,MFD,OH,AGL,CE,Towers with Radar,0,0,5,7,12,0,0,5,1,6,0,0,10,8,18,4,10,14,32
12/19/2019,MFD,OH,AGL,CE,Towers with Radar,0,1,13,5,19,0,1,24,7,32,0,2,37,12,51,8,8,16,67
12/20/2019,MFD,OH,AGL,CE,Towers with Radar,0,0,11,3,14,0,0,9,0,9,0,0,20,3,23,2,0,2,25
12/21/2019,MFD,OH,AGL,CE,Towers with Radar,0,2,21,0,23,0,0,29,0,29,0,2,50,0,52,10,0,10,62
12/22/2019,MFD,OH,AGL,CE,Towers with Radar,0,2,20,0,22,0,4,34,0,38,0,6,54,0,60,16,0,16,76
12/23/2019,MFD,OH,AGL,CE,Towers with Radar,0,2,8,0,10,0,1,25,0,26,0,3,33,0,36,8,0,8,44
12/24/2019,MFD,OH,AGL,CE,Towers with Radar,0,0,0,0,0,0,0,0,0,0,0,0,0,0,0,0,0,0,0
12/25/2019,MFD,OH,AGL,CE,Towers with Radar,0,0,8,0,8,0,0,14,0,14,0,0,22,0,22,2,0,2,24
12/26/2019,MFD,OH,AGL,CE,Towers with Radar,0,2,8,0,10,0,0,20,0,20,0,2,28,0,30,0,0,0,30
12/27/2019,MFD,OH,AGL,CE,Towers with Radar,0,0,14,0,14,0,0,4,0,4,0,0,18,0,18,0,0,0,18
12/28/2019,MFD,OH,AGL,CE,Towers with Radar,0,0,14,0,14,0,0,8,0,8,0,0,22,0,22,8,0,8,30
12/29/2019,MFD,OH,AGL,CE,Towers with Radar,0,0,4,0,4,0,0,0,0,0,0,0,4,0,4,0,0,0,4
12/30/2019,MFD,OH,AGL,CE,Towers with Radar,0,0,2,0,2,0,0,1,0,1,0,0,3,0,3,0,0,0,3
12/31/2019,MFD,OH,AGL,CE,Towers with Radar,0,2,0,0,2,0,0,0,0,0,0,2,0,0,2,0,0,0,2
01/01/2020,MFD,OH,AGL,CE,Towers with Radar,0,0,4,0,4,0,0,4,0,4,0,0,8,0,8,10,0,10,18
01/02/2020,MFD,OH,AGL,CE,Towers with Radar,0,4,4,7,15,0,2,6,7,15,0,6,10,14,30,0,12,12,42
01/03/2020,MFD,OH,AGL,CE,Towers with Radar,0,0,5,3,8,0,0,0,0,0,0,0,5,3,8,0,0,0,8
01/04/2020,MFD,OH,AGL,CE,Towers with Radar,0,0,1,0,1,0,0,0,0,0,0,0,1,0,1,0,0,0,1
01/05/2020,MFD,OH,AGL,CE,Towers with Radar,0,0,1,0,1,0,0,4,0,4,0,0,5,0,5,0,0,0,5
01/06/2020,MFD,OH,AGL,CE,Towers with Radar,0,0,10,3,13,0,0,18,0,18,0,0,28,3,31,0,0,0,31
01/07/2020,MFD,OH,AGL,CE,Towers with Radar,0,0,5,3,8,0,2,13,1,16,0,2,18,4,24,0,2,2,26
01/08/2020,MFD,OH,AGL,CE,Towers with Radar,0,0,10,3,13,0,2,4,0,6,0,2,14,3,19,4,2,6,25
01/09/2020,MFD,OH,AGL,CE,Towers with Radar,0,0,2,0,2,0,0,3,8,11,0,0,5,8,13,0,20,20,33
01/10/2020,MFD,OH,AGL,CE,Towers with Radar,0,0,5,0,5,0,0,0,0,0,0,0,5,0,5,0,0,0,5
01/11/2020,MFD,OH,AGL,CE,Towers with Radar,0,0,0,0,0,0,0,0,0,0,0,0,0,0,0,0,0,0,0
01/12/2020,MFD,OH,AGL,CE,Towers with Radar,0,0,10,6,16,0,0,1,0,1,0,0,11,6,17,0,0,0,17
01/13/2020,MFD,OH,AGL,CE,Towers with Radar,0,0,17,0,17,0,0,1,0,1,0,0,18,0,18,6,0,6,24
01/14/2020,MFD,OH,AGL,CE,Towers with Radar,0,2,6,1,9,0,0,1,1,2,0,2,7,2,11,0,0,0,11
01/15/2020,MFD,OH,AGL,CE,Towers with Radar,0,8,4,0,12,0,0,0,0,0,0,8,4,0,12,0,0,0,12
01/16/2020,MFD,OH,AGL,CE,Towers with Radar,0,4,14,21,39,0,0,5,0,5,0,4,19,21,44,0,10,10,54
01/17/2020,MFD,OH,AGL,CE,Towers with Radar,0,0,18,1,19,0,8,29,1,38,0,8,47,2,57,2,0,2,59
01/18/2020,MFD,OH,AGL,CE,Towers with Radar,0,0,2,0,2,0,0,2,0,2,0,0,4,0,4,0,32,32,36
01/19/2020,MFD,OH,AGL,CE,Towers with Radar,0,0,4,0,4,0,0,0,0,0,0,0,4,0,4,0,0,0,4
01/20/2020,MFD,OH,AGL,CE,Towers with Radar,0,0,8,0,8,0,0,2,0,2,0,0,10,0,10,0,0,0,10
01/21/2020,MFD,OH,AGL,CE,Towers with Radar,0,2,5,8,15,0,4,11,14,29,0,6,16,22,44,0,0,0,44
01/22/2020,MFD,OH,AGL,CE,Towers with Radar,0,4,19,4,27,0,0,17,0,17,0,4,36,4,44,0,4,4,48
01/23/2020,MFD,OH,AGL,CE,Towers with Radar,0,2,6,7,15,0,8,14,0,22,0,10,20,7,37,4,0,4,41
01/24/2020,MFD,OH,AGL,CE,Towers with Radar,0,2,2,0,4,0,0,0,0,0,0,2,2,0,4,0,0,0,4
01/25/2020,MFD,OH,AGL,CE,Towers with Radar,0,0,0,0,0,0,0,0,0,0,0,0,0,0,0,0,0,0,0
01/26/2020,MFD,OH,AGL,CE,Towers with Radar,0,0,1,0,1,0,0,0,0,0,0,0,1,0,1,0,0,0,1
01/27/2020,MFD,OH,AGL,CE,Towers with Radar,0,0,6,2,8,0,1,2,0,3,0,1,8,2,11,0,2,2,13
01/28/2020,MFD,OH,AGL,CE,Towers with Radar,0,6,6,2,14,0,0,0,0,0,0,6,6,2,14,0,0,0,14
01/29/2020,MFD,OH,AGL,CE,Towers with Radar,0,0,2,6,8,0,0,4,4,8,0,0,6,10,16,0,0,0,16
01/30/2020,MFD,OH,AGL,CE,Towers with Radar,0,3,7,12,22,0,0,1,5,6,0,3,8,17,28,0,38,38,66
01/31/2020,MFD,OH,AGL,CE,Towers with Radar,0,0,6,10,16,0,0,2,0,2,0,0,8,10,18,10,12,22,40
02/01/2020,MFD,OH,AGL,CE,Towers with Radar,0,0,6,0,6,0,0,0,0,0,0,0,6,0,6,0,0,0,6
02/02/2020,MFD,OH,AGL,CE,Towers with Radar,0,0,2,4,6,0,0,6,4,10,0,0,8,8,16,2,2,4,20
02/03/2020,MFD,OH,AGL,CE,Towers with Radar,0,4,21,0,25,0,2,21,0,23,0,6,42,0,48,0,0,0,48
02/04/2020,MFD,OH,AGL,CE,Towers with Radar,0,2,2,10,14,0,0,1,0,1,0,2,3,10,15,0,0,0,15
02/05/2020,MFD,OH,AGL,CE,Towers with Radar,0,2,6,4,12,0,0,2,0,2,0,2,8,4,14,6,4,10,24
02/06/2020,MFD,OH,AGL,CE,Towers with Radar,0,0,0,0,0,0,0,0,0,0,0,0,0,0,0,0,0,0,0
02/07/2020,MFD,OH,AGL,CE,Towers with Radar,0,0,2,1,3,0,0,0,0,0,0,0,2,1,3,0,0,0,3
02/08/2020,MFD,OH,AGL,CE,Towers with Radar,0,0,4,0,4,0,0,0,0,0,0,0,4,0,4,0,0,0,4
02/09/2020,MFD,OH,AGL,CE,Towers with Radar,0,1,10,0,11,0,1,3,1,5,0,2,13,1,16,0,0,0,16
02/10/2020,MFD,OH,AGL,CE,Towers with Radar,0,0,0,3,3,0,0,0,0,0,0,0,0,3,3,0,0,0,3
02/11/2020,MFD,OH,AGL,CE,Towers with Radar,0,0,6,16,22,0,2,12,14,28,0,2,18,30,50,6,16,22,72
02/12/2020,MFD,OH,AGL,CE,Towers with Radar,0,0,16,12,28,0,5,17,0,22,0,5,33,12,50,0,26,26,76
02/13/2020,MFD,OH,AGL,CE,Towers with Radar,0,0,3,1,4,0,0,0,0,0,0,0,3,1,4,0,0,0,4
02/14/2020,MFD,OH,AGL,CE,Towers with Radar,0,2,15,0,17,0,4,28,0,32,0,6,43,0,49,0,0,0,49
02/15/2020,MFD,OH,AGL,CE,Towers with Radar,0,4,9,0,13,0,0,7,0,7,0,4,16,0,20,6,0,6,26
02/16/2020,MFD,OH,AGL,CE,Towers with Radar,0,0,14,0,14,0,0,9,0,9,0,0,23,0,23,2,8,10,33
02/17/2020,MFD,OH,AGL,CE,Towers with Radar,0,4,13,0,17,0,4,16,0,20,0,8,29,0,37,0,0,0,37
02/18/2020,MFD,OH,AGL,CE,Towers with Radar,0,1,3,12,16,0,0,2,10,12,0,1,5,22,28,14,2,16,44
02/19/2020,MFD,OH,AGL,CE,Towers with Radar,0,2,19,1,22,0,6,15,0,21,0,8,34,1,43,0,0,0,43
02/20/2020,MFD,OH,AGL,CE,Towers with Radar,0,2,8,2,12,0,0,9,0,9,0,2,17,2,21,16,0,16,37
02/21/2020,MFD,OH,AGL,CE,Towers with Radar,0,3,15,0,18,0,11,19,1,31,0,14,34,1,49,6,0,6,55
02/22/2020,MFD,OH,AGL,CE,Towers with Radar,0,0,11,0,11,0,7,22,0,29,0,7,33,0,40,4,0,4,44
02/23/2020,MFD,OH,AGL,CE,Towers with Radar,0,3,14,0,17,0,3,31,0,34,0,6,45,0,51,0,0,0,51
02/24/2020,MFD,OH,AGL,CE,Towers with Radar,0,2,4,5,11,0,0,5,0,5,0,2,9,5,16,4,0,4,20
02/25/2020,MFD,OH,AGL,CE,Towers with Radar,0,0,2,9,11,0,0,0,0,0,0,0,2,9,11,0,0,0,11
02/26/2020,MFD,OH,AGL,CE,Towers with Radar,0,2,2,0,4,0,0,0,0,0,0,2,2,0,4,0,0,0,4
02/27/2020,MFD,OH,AGL,CE,Towers with Radar,0,0,2,3,5,0,0,0,5,5,0,0,2,8,10,0,24,24,34
02/28/2020,MFD,OH,AGL,CE,Towers with Radar,0,0,4,2,6,0,0,4,0,4,0,0,8,2,10,0,0,0,10
02/29/2020,MFD,OH,AGL,CE,Towers with Radar,0,2,2,2,6,0,2,8,0,10,0,4,10,2,16,0,0,0,16
03/01/2020,MFD,OH,AGL,CE,Towers with Radar,0,0,12,0,12,0,0,22,0,22,0,0,34,0,34,22,0,22,56
03/02/2020,MFD,OH,AGL,CE,Towers with Radar,0,4,6,1,11,0,0,0,0,0,0,4,6,1,11,0,0,0,11
03/03/2020,MFD,OH,AGL,CE,Towers with Radar,0,4,8,5,17,0,0,4,3,7,0,4,12,8,24,0,2,2,26
03/04/2020,MFD,OH,AGL,CE,Towers with Radar,0,0,22,5,27,0,0,15,7,22,0,0,37,12,49,26,10,36,85
03/05/2020,MFD,OH,AGL,CE,Towers with Radar,0,3,14,7,24,0,9,29,4,42,0,12,43,11,66,4,0,4,70
03/06/2020,MFD,OH,AGL,CE,Towers with Radar,0,0,9,0,9,0,0,0,0,0,0,0,9,0,9,0,0,0,9
03/07/2020,MFD,OH,AGL,CE,Towers with Radar,0,3,13,2,18,0,10,29,0,39,0,13,42,2,57,4,0,4,61
03/08/2020,MFD,OH,AGL,CE,Towers with Radar,0,0,2,2,4,0,0,15,0,15,0,0,17,2,19,2,0,2,21
03/09/2020,MFD,OH,AGL,CE,Towers with Radar,0,0,7,1,8,0,0,9,0,9,0,0,16,1,17,0,0,0,17
03/10/2020,MFD,OH,AGL,CE,Towers with Radar,0,2,7,6,15,0,0,0,0,0,0,2,7,6,15,0,0,0,15
03/11/2020,MFD,OH,AGL,CE,Towers with Radar,0,4,4,1,9,0,0,4,7,11,0,4,8,8,20,0,0,0,20
03/12/2020,MFD,OH,AGL,CE,Towers with Radar,0,0,2,7,9,0,0,11,11,22,0,0,13,18,31,4,4,8,39
03/13/2020,MFD,OH,AGL,CE,Towers with Radar,0,2,3,0,5,0,2,6,0,8,0,4,9,0,13,4,0,4,17
03/14/2020,MFD,OH,AGL,CE,Towers with Radar,0,1,17,0,18,0,0,22,0,22,0,1,39,0,40,14,0,14,54
03/15/2020,MFD,OH,AGL,CE,Towers with Radar,0,1,5,1,7,0,0,9,0,9,0,1,14,1,16,0,0,0,16
03/16/2020,MFD,OH,AGL,CE,Towers with Radar,0,3,7,1,11,0,3,11,0,14,0,6,18,1,25,9,0,9,34
03/17/2020,MFD,OH,AGL,CE,Towers with Radar,1,0,0,1,2,0,0,2,0,2,1,0,2,1,4,0,0,0,4
03/18/2020,MFD,OH,AGL,CE,Towers with Radar,1,0,6,4,11,0,0,4,0,4,1,0,10,4,15,4,0,4,19
03/19/2020,MFD,OH,AGL,CE,Towers with Radar,0,2,9,10,21,0,0,0,0,0,0,2,9,10,21,0,0,0,21
03/20/2020,MFD,OH,AGL,CE,Towers with Radar,0,2,8,2,12,0,0,2,0,2,0,2,10,2,14,0,0,0,14
03/21/2020,MFD,OH,AGL,CE,Towers with Radar,0,0,4,0,4,0,0,5,0,5,0,0,9,0,9,8,0,8,17
03/22/2020,MFD,OH,AGL,CE,Towers with Radar,0,0,15,0,15,0,0,35,0,35,0,0,50,0,50,6,0,6,56
03/23/2020,MFD,OH,AGL,CE,Towers with Radar,0,0,4,0,4,0,0,0,0,0,0,0,4,0,4,0,0,0,4
03/24/2020,MFD,OH,AGL,CE,Towers with Radar,0,0,1,4,5,0,0,9,0,9,0,0,10,4,14,0,0,0,14
03/25/2020,MFD,OH,AGL,CE,Towers with Radar,0,0,3,2,5,0,0,18,0,18,0,0,21,2,23,12,0,12,35
03/26/2020,MFD,OH,AGL,CE,Towers with Radar,0,0,1,0,1,0,0,2,0,2,0,0,3,0,3,0,0,0,3
03/27/2020,MFD,OH,AGL,CE,Towers with Radar,0,0,0,0,0,0,0,0,0,0,0,0,0,0,0,0,0,0,0
03/28/2020,MFD,OH,AGL,CE,Towers with Radar,0,0,4,1,5,0,0,0,0,0,0,0,4,1,5,0,0,0,5
03/29/2020,MFD,OH,AGL,CE,Towers with Radar,0,0,0,0,0,0,0,1,0,1,0,0,1,0,1,4,0,4,5
03/30/2020,MFD,OH,AGL,CE,Towers with Radar,0,0,3,0,3,0,0,0,0,0,0,0,3,0,3,0,0,0,3
03/31/2020,MFD,OH,AGL,CE,Towers with Radar,0,0,4,0,4,0,0,0,0,0,0,0,4,0,4,0,0,0,4
04/01/2020,MFD,OH,AGL,CE,Towers with Radar,0,0,2,2,4,0,0,4,0,4,0,0,6,2,8,0,0,0,8
04/02/2020,MFD,OH,AGL,CE,Towers with Radar,0,2,7,0,9,0,0,13,0,13,0,2,20,0,22,8,0,8,30
04/03/2020,MFD,OH,AGL,CE,Towers with Radar,0,0,4,2,6,0,0,19,0,19,0,0,23,2,25,10,0,10,35
04/04/2020,MFD,OH,AGL,CE,Towers with Radar,0,0,14,0,14,0,0,36,0,36,0,0,50,0,50,0,0,0,50
04/05/2020,MFD,OH,AGL,CE,Towers with Radar,0,0,5,0,5,0,0,1,0,1,0,0,6,0,6,0,0,0,6
04/06/2020,MFD,OH,AGL,CE,Towers with Radar,0,0,7,0,7,0,0,21,0,21,0,0,28,0,28,6,0,6,34
04/07/2020,MFD,OH,AGL,CE,Towers with Radar,0,0,2,0,2,0,0,0,0,0,0,0,2,0,2,0,0,0,2
04/08/2020,MFD,OH,AGL,CE,Towers with Radar,0,2,4,0,6,0,0,9,0,9,0,2,13,0,15,14,0,14,29
04/09/2020,MFD,OH,AGL,CE,Towers with Radar,0,0,2,0,2,0,0,2,0,2,0,0,4,0,4,0,0,0,4
04/10/2020,MFD,OH,AGL,CE,Towers with Radar,0,0,1,0,1,0,0,1,0,1,0,0,2,0,2,0,0,0,2
04/11/2020,MFD,OH,AGL,CE,Towers with Radar,0,0,22,0,22,0,0,17,0,17,0,0,39,0,39,2,0,2,41
04/12/2020,MFD,OH,AGL,CE,Towers with Radar,0,0,0,0,0,0,0,3,0,3,0,0,3,0,3,0,0,0,3
04/13/2020,MFD,OH,AGL,CE,Towers with Radar,0,0,2,0,2,0,0,0,0,0,0,0,2,0,2,0,0,0,2
04/14/2020,MFD,OH,AGL,CE,Towers with Radar,0,0,4,0,4,0,2,4,0,6,0,2,8,0,10,0,0,0,10
04/15/2020,MFD,OH,AGL,CE,Towers with Radar,0,0,2,0,2,0,0,3,0,3,0,0,5,0,5,0,0,0,5
04/16/2020,MFD,OH,AGL,CE,Towers with Radar,0,2,14,0,16,0,0,4,0,4,0,2,18,0,20,0,0,0,20
04/17/2020,MFD,OH,AGL,CE,Towers with Radar,0,0,0,0,0,0,0,0,0,0,0,0,0,0,0,0,0,0,0
04/18/2020,MFD,OH,AGL,CE,Towers with Radar,0,0,5,0,5,0,0,5,0,5,0,0,10,0,10,0,0,0,10
04/19/2020,MFD,OH,AGL,CE,Towers with Radar,0,0,0,0,0,0,1,5,0,6,0,1,5,0,6,2,0,2,8
04/20/2020,MFD,OH,AGL,CE,Towers with Radar,0,0,8,0,8,0,0,26,0,26,0,0,34,0,34,20,0,20,54
04/21/2020,MFD,OH,AGL,CE,Towers with Radar,0,0,4,14,18,0,0,5,11,16,0,0,9,25,34,0,28,28,62
04/22/2020,MFD,OH,AGL,CE,Towers with Radar,0,2,8,23,33,0,0,13,0,13,0,2,21,23,46,2,34,36,82
04/23/2020,MFD,OH,AGL,CE,Towers with Radar,0,0,3,0,3,0,0,4,0,4,0,0,7,0,7,0,0,0,7
04/24/2020,MFD,OH,AGL,CE,Towers with Radar,0,0,28,0,28,0,0,5,0,5,0,0,33,0,33,0,0,0,33
04/25/2020,MFD,OH,AGL,CE,Towers with Radar,0,0,5,0,5,0,0,6,0,6,0,0,11,0,11,0,0,0,11
04/26/2020,MFD,OH,AGL,CE,Towers with Radar,0,2,0,0,2,0,0,0,0,0,0,2,0,0,2,0,0,0,2
04/27/2020,MFD,OH,AGL,CE,Towers with Radar,0,0,13,0,13,0,0,14,0,14,0,0,27,0,27,4,0,4,31
04/28/2020,MFD,OH,AGL,CE,Towers with Radar,0,0,10,24,34,0,0,5,0,5,0,0,15,24,39,0,0,0,39
04/29/2020,MFD,OH,AGL,CE,Towers with Radar,0,0,0,0,0,0,0,2,0,2,0,0,2,0,2,0,0,0,2
04/30/2020,MFD,OH,AGL,CE,Towers with Radar,0,3,16,18,37,0,0,0,0,0,0,3,16,18,37,0,0,0,37
05/01/2020,MFD,OH,AGL,CE,Towers with Radar,0,0,5,0,5,0,0,0,0,0,0,0,5,0,5,0,0,0,5
05/02/2020,MFD,OH,AGL,CE,Towers with Radar,0,2,7,0,9,0,0,1,0,1,0,2,8,0,10,2,0,2,12
05/03/2020,MFD,OH,AGL,CE,Towers with Radar,0,0,7,0,7,0,0,16,0,16,0,0,23,0,23,14,0,14,37
05/04/2020,MFD,OH,AGL,CE,Towers with Radar,0,0,4,2,6,0,0,5,0,5,0,0,9,2,11,4,0,4,15
05/05/2020,MFD,OH,AGL,CE,Towers with Radar,0,0,11,5,16,0,0,6,0,6,0,0,17,5,22,10,0,10,32
05/06/2020,MFD,OH,AGL,CE,Towers with Radar,0,1,2,4,7,0,0,4,1,5,0,1,6,5,12,4,2,6,18
05/07/2020,MFD,OH,AGL,CE,Towers with Radar,0,0,4,4,8,0,0,1,0,1,0,0,5,4,9,0,4,4,13
05/08/2020,MFD,OH,AGL,CE,Towers with Radar,0,2,4,0,6,0,0,4,0,4,0,2,8,0,10,0,0,0,10
05/09/2020,MFD,OH,AGL,CE,Towers with Radar,0,0,1,0,1,0,0,3,0,3,0,0,4,0,4,0,0,0,4
05/10/2020,MFD,OH,AGL,CE,Towers with Radar,0,0,2,0,2,0,0,0,0,0,0,0,2,0,2,0,0,0,2
05/11/2020,MFD,OH,AGL,CE,Towers with Radar,1,1,2,1,5,0,0,1,2,3,1,1,3,3,8,0,0,0,8
05/12/2020,MFD,OH,AGL,CE,Towers with Radar,0,2,11,0,13,0,0,13,0,13,0,2,24,0,26,6,0,6,32
05/13/2020,MFD,OH,AGL,CE,Towers with Radar,0,0,5,6,11,0,0,15,1,16,0,0,20,7,27,34,0,34,61
05/14/2020,MFD,OH,AGL,CE,Towers with Radar,0,0,5,4,9,0,0,0,1,1,0,0,5,5,10,0,0,0,10
05/15/2020,MFD,OH,AGL,CE,Towers with Radar,0,4,3,0,7,0,2,0,3,5,0,6,3,3,12,0,0,0,12
05/16/2020,MFD,OH,AGL,CE,Towers with Radar,0,0,28,0,28,0,0,8,0,8,0,0,36,0,36,0,0,0,36
05/17/2020,MFD,OH,AGL,CE,Towers with Radar,0,0,4,0,4,0,0,2,0,2,0,0,6,0,6,0,0,0,6
05/18/2020,MFD,OH,AGL,CE,Towers with Radar,0,0,2,4,6,0,0,0,0,0,0,0,2,4,6,4,0,4,10
05/19/2020,MFD,OH,AGL,CE,Towers with Radar,0,3,1,7,11,0,0,0,0,0,0,3,1,7,11,0,0,0,11
05/20/2020,MFD,OH,AGL,CE,Towers with Radar,0,0,17,6,23,0,0,7,2,9,0,0,24,8,32,0,16,16,48
05/21/2020,MFD,OH,AGL,CE,Towers with Radar,0,4,15,14,33,0,0,10,0,10,0,4,25,14,43,0,0,0,43
05/22/2020,MFD,OH,AGL,CE,Towers with Radar,0,0,19,0,19,0,0,0,0,0,0,0,19,0,19,0,0,0,19
05/23/2020,MFD,OH,AGL,CE,Towers with Radar,0,2,10,0,12,0,0,19,0,19,0,2,29,0,31,6,0,6,37
05/24/2020,MFD,OH,AGL,CE,Towers with Radar,0,0,11,0,11,0,0,14,0,14,0,0,25,0,25,6,0,6,31
05/25/2020,MFD,OH,AGL,CE,Towers with Radar,0,0,8,0,8,0,0,10,0,10,0,0,18,0,18,10,0,10,28
05/26/2020,MFD,OH,AGL,CE,Towers with Radar,0,2,10,4,16,0,1,10,0,11,0,3,20,4,27,4,0,4,31
05/27/2020,MFD,OH,AGL,CE,Towers with Radar,0,0,10,2,12,0,0,7,4,11,0,0,17,6,23,12,0,12,35
05/28/2020,MFD,OH,AGL,CE,Towers with Radar,0,0,20,5,25,0,0,4,0,4,0,0,24,5,29,0,0,0,29
05/29/2020,MFD,OH,AGL,CE,Towers with Radar,0,0,5,5,10,0,0,0,0,0,0,0,5,5,10,0,0,0,10
05/30/2020,MFD,OH,AGL,CE,Towers with Radar,0,2,12,0,14,0,1,12,0,13,0,3,24,0,27,20,0,20,47
05/31/2020,MFD,OH,AGL,CE,Towers with Radar,0,3,11,0,14,0,2,8,0,10,0,5,19,0,24,2,0,2,26
06/01/2020,MFD,OH,AGL,CE,Combined TRACON& Tower with Radar,0,0,8,11,19,0,6,34,3,43,0,6,42,14,62,20,0,20,82
06/02/2020,MFD,OH,AGL,CE,Combined TRACON& Tower with Radar,0,6,10,1,17,0,0,11,0,11,0,6,21,1,28,8,0,8,36
06/03/2020,MFD,OH,AGL,CE,Combined TRACON& Tower with Radar,0,0,3,5,8,0,0,6,10,16,0,0,9,15,24,0,20,20,44
06/04/2020,MFD,OH,AGL,CE,Combined TRACON& Tower with Radar,0,6,13,2,21,0,0,9,2,11,0,6,22,4,32,12,2,14,46
06/05/2020,MFD,OH,AGL,CE,Combined TRACON& Tower with Radar,0,0,14,8,22,0,0,22,1,23,0,0,36,9,45,6,16,22,67
06/06/2020,MFD,OH,AGL,CE,Combined TRACON& Tower with Radar,0,0,25,3,28,0,0,37,5,42,0,0,62,8,70,24,10,34,104
06/07/2020,MFD,OH,AGL,CE,Combined TRACON& Tower with Radar,0,1,5,0,6,0,0,18,0,18,0,1,23,0,24,28,0,28,52
06/08/2020,MFD,OH,AGL,CE,Combined TRACON& Tower with Radar,0,4,8,6,18,0,6,21,2,29,0,10,29,8,47,28,0,28,75
06/09/2020,MFD,OH,AGL,CE,Combined TRACON& Tower with Radar,0,1,8,0,9,0,2,22,3,27,0,3,30,3,36,22,0,22,58
06/10/2020,MFD,OH,AGL,CE,Combined TRACON& Tower with Radar,0,2,0,5,7,1,0,0,0,1,1,2,0,5,8,18,12,30,38
06/11/2020,MFD,OH,AGL,CE,Combined TRACON& Tower with Radar,0,2,17,0,19,0,0,6,0,6,0,2,23,0,25,0,0,0,25
06/12/2020,MFD,OH,AGL,CE,Combined TRACON& Tower with Radar,0,0,8,1,9,0,2,14,0,16,0,2,22,1,25,32,0,32,57
06/13/2020,MFD,OH,AGL,CE,Combined TRACON& Tower with Radar,0,2,14,0,16,0,0,13,0,13,0,2,27,0,29,18,0,18,47
06/14/2020,MFD,OH,AGL,CE,Combined TRACON& Tower with Radar,0,0,8,0,8,0,2,20,0,22,0,2,28,0,30,16,0,16,46
06/15/2020,MFD,OH,AGL,CE,Combined TRACON& Tower with Radar,0,2,1,6,9,0,0,18,6,24,0,2,19,12,33,20,14,34,67
06/16/2020,MFD,OH,AGL,CE,Combined TRACON& Tower with Radar,0,0,10,9,19,0,3,24,5,32,0,3,34,14,51,32,4,36,87
06/17/2020,MFD,OH,AGL,CE,Combined TRACON& Tower with Radar,0,1,10,3,14,0,2,22,5,29,0,3,32,8,43,24,0,24,67
06/18/2020,MFD,OH,AGL,CE,Combined TRACON& Tower with Radar,0,1,4,3,8,0,0,17,10,27,0,1,21,13,35,32,0,32,67
06/19/2020,MFD,OH,AGL,CE,Combined TRACON& Tower with Radar,0,0,1,0,1,0,0,9,0,9,0,0,10,0,10,18,0,18,28
06/20/2020,MFD,OH,AGL,CE,Combined TRACON& Tower with Radar,0,2,20,0,22,0,2,22,0,24,0,4,42,0,46,32,0,32,78
06/21/2020,MFD,OH,AGL,CE,Combined TRACON& Tower with Radar,0,0,5,0,5,0,0,9,0,9,0,0,14,0,14,36,0,36,50
06/22/2020,MFD,OH,AGL,CE,Combined TRACON& Tower with Radar,0,2,9,0,11,0,0,1,0,1,0,2,10,0,12,0,0,0,12
06/23/2020,MFD,OH,AGL,CE,Combined TRACON& Tower with Radar,0,0,3,8,11,0,0,1,6,7,0,0,4,14,18,0,4,4,22
06/24/2020,MFD,OH,AGL,CE,Combined TRACON& Tower with Radar,0,2,11,12,25,0,4,15,8,27,0,6,26,20,52,26,30,56,108
06/25/2020,MFD,OH,AGL,CE,Combined TRACON& Tower with Radar,0,4,5,0,9,0,2,6,3,11,0,6,11,3,20,18,4,22,42
06/26/2020,MFD,OH,AGL,CE,Combined TRACON& Tower with Radar,0,2,12,3,17,0,0,21,0,21,0,2,33,3,38,22,2,24,62
06/27/2020,MFD,OH,AGL,CE,Combined TRACON& Tower with Radar,0,6,6,0,12,0,0,3,0,3,0,6,9,0,15,0,0,0,15
06/28/2020,MFD,OH,AGL,CE,Combined TRACON& Tower with Radar,0,1,14,2,17,0,2,3,0,5,0,3,17,2,22,0,2,2,24
06/29/2020,MFD,OH,AGL,CE,Combined TRACON& Tower with Radar,0,5,11,2,18,0,2,21,0,23,0,7,32,2,41,4,0,4,45
06/30/2020,MFD,OH,AGL,CE,Combined TRACON& Tower with Radar,0,3,4,6,13,0,2,20,2,24,0,5,24,8,37,52,2,54,91
07/01/2020,MFD,OH,AGL,CE,Towers with Radar,0,5,7,4,16,0,7,3,4,14,0,12,10,8,30,16,4,20,50
07/02/2020,MFD,OH,AGL,CE,Towers with Radar,0,0,10,3,13,0,5,19,19,43,0,5,29,22,56,20,0,20,76
07/03/2020,MFD,OH,AGL,CE,Towers with Radar,0,1,19,0,20,0,0,26,0,26,0,1,45,0,46,48,0,48,94
07/04/2020,MFD,OH,AGL,CE,Towers with Radar,0,0,14,0,14,0,0,13,0,13,0,0,27,0,27,36,0,36,63
07/05/2020,MFD,OH,AGL,CE,Towers with Radar,0,0,6,0,6,0,0,5,0,5,0,0,11,0,11,18,0,18,29
07/06/2020,MFD,OH,AGL,CE,Towers with Radar,0,0,7,0,7,0,0,23,0,23,0,0,30,0,30,20,0,20,50
07/07/2020,MFD,OH,AGL,CE,Towers with Radar,0,2,4,6,12,0,4,11,0,15,0,6,15,6,27,64,2,66,93
07/08/2020,MFD,OH,AGL,CE,Towers with Radar,0,0,9,3,12,0,2,4,3,9,0,2,13,6,21,22,8,30,51
07/09/2020,MFD,OH,AGL,CE,Towers with Radar,0,4,5,11,20,0,2,11,7,20,0,6,16,18,40,30,4,34,74
07/10/2020,MFD,OH,AGL,CE,Towers with Radar,0,0,5,2,7,0,0,6,1,7,0,0,11,3,14,6,8,14,28
07/11/2020,MFD,OH,AGL,CE,Towers with Radar,0,0,6,0,6,0,0,6,0,6,0,0,12,0,12,0,0,0,12
07/12/2020,MFD,OH,AGL,CE,Towers with Radar,0,1,1,0,2,0,0,9,1,10,0,1,10,1,12,2,0,2,14
07/13/2020,MFD,OH,AGL,CE,Towers with Radar,0,1,16,1,18,0,4,16,0,20,0,5,32,1,38,20,0,20,58
07/14/2020,MFD,OH,AGL,CE,Towers with Radar,0,0,5,8,13,0,7,17,6,30,0,7,22,14,43,20,0,20,63
07/15/2020,MFD,OH,AGL,CE,Towers with Radar,0,2,6,5,13,0,4,19,0,23,0,6,25,5,36,24,4,28,64
07/16/2020,MFD,OH,AGL,CE,Towers with Radar,0,3,7,8,18,0,0,5,0,5,0,3,12,8,23,22,6,28,51
07/17/2020,MFD,OH,AGL,CE,Towers with Radar,0,1,11,3,15,0,1,13,0,14,0,2,24,3,29,16,0,16,45
07/18/2020,MFD,OH,AGL,CE,Towers with Radar,0,2,7,0,9,0,0,29,0,29,0,2,36,0,38,26,0,26,64
07/19/2020,MFD,OH,AGL,CE,Towers with Radar,0,0,4,1,5,0,0,5,0,5,0,0,9,1,10,20,0,20,30
07/20/2020,MFD,OH,AGL,CE,Towers with Radar,0,2,15,4,21,0,2,17,3,22,0,4,32,7,43,10,0,10,53
07/21/2020,MFD,OH,AGL,CE,Towers with Radar,0,0,10,3,13,0,2,16,6,24,0,2,26,9,37,12,2,14,51
07/22/2020,MFD,OH,AGL,CE,Towers with Radar,0,2,2,12,16,0,0,0,0,0,0,2,2,12,16,6,16,22,38
07/23/2020,MFD,OH,AGL,CE,Towers with Radar,0,1,8,2,11,0,0,2,4,6,0,1,10,6,17,0,4,4,21
07/24/2020,MFD,OH,AGL,CE,Towers with Radar,0,2,12,0,14,0,0,17,0,17,0,2,29,0,31,4,0,4,35
07/25/2020,MFD,OH,AGL,CE,Towers with Radar,0,0,6,0,6,0,0,22,0,22,0,0,28,0,28,36,0,36,64
07/26/2020,MFD,OH,AGL,CE,Towers with Radar,0,0,12,0,12,0,1,24,1,26,0,1,36,1,38,58,0,58,96
07/27/2020,MFD,OH,AGL,CE,Towers with Radar,0,0,5,3,8,0,0,3,0,3,0,0,8,3,11,14,0,14,25
07/28/2020,MFD,OH,AGL,CE,Towers with Radar,0,2,11,10,23,0,3,17,1,21,0,5,28,11,44,8,12,20,64
07/29/2020,MFD,OH,AGL,CE,Towers with Radar,0,0,8,0,8,0,0,21,2,23,0,0,29,2,31,18,0,18,49
07/30/2020,MFD,OH,AGL,CE,Towers with Radar,0,7,12,0,19,0,2,15,4,21,0,9,27,4,40,20,0,20,60
07/31/2020,MFD,OH,AGL,CE,Towers with Radar,0,2,19,0,21,0,1,20,0,21,0,3,39,0,42,12,0,12,54
08/01/2020,MFD,OH,AGL,CE,Towers with Radar,0,0,5,2,7,0,0,0,0,0,0,0,5,2,7,0,0,0,7
08/02/2020,MFD,OH,AGL,CE,Towers with Radar,0,0,9,0,9,0,0,0,0,0,0,0,9,0,9,0,0,0,9
08/03/2020,MFD,OH,AGL,CE,Towers with Radar,0,0,4,0,4,1,0,10,0,11,1,0,14,0,15,8,0,8,23
08/04/2020,MFD,OH,AGL,CE,Towers with Radar,0,0,13,10,23,0,0,1,3,4,0,0,14,13,27,0,8,8,35
08/05/2020,MFD,OH,AGL,CE,Towers with Radar,0,1,7,2,10,0,6,20,0,26,0,7,27,2,36,16,10,26,62
08/06/2020,MFD,OH,AGL,CE,Towers with Radar,0,4,13,0,17,0,0,11,2,13,0,4,24,2,30,8,22,30,60
08/07/2020,MFD,OH,AGL,CE,Towers with Radar,0,0,10,0,10,0,3,17,0,20,0,3,27,0,30,24,0,24,54
08/08/2020,MFD,OH,AGL,CE,Towers with Radar,0,0,6,0,6,0,0,24,0,24,0,0,30,0,30,8,0,8,38
08/09/2020,MFD,OH,AGL,CE,Towers with Radar,0,3,3,0,6,0,0,10,0,10,0,3,13,0,16,6,0,6,22
08/10/2020,MFD,OH,AGL,CE,Towers with Radar,0,5,6,0,11,0,0,16,0,16,0,5,22,0,27,4,0,4,31
08/11/2020,MFD,OH,AGL,CE,Towers with Radar,0,5,27,2,34,0,0,9,0,9,0,5,36,2,43,0,0,0,43
08/12/2020,MFD,OH,AGL,CE,Towers with Radar,0,2,3,4,9,0,0,16,0,16,0,2,19,4,25,38,0,38,63
08/13/2020,MFD,OH,AGL,CE,Towers with Radar,0,1,13,5,19,0,16,21,2,39,0,17,34,7,58,32,6,38,96
08/14/2020,MFD,OH,AGL,CE,Towers with Radar,0,5,10,2,17,0,3,22,0,25,0,8,32,2,42,16,0,16,58
08/15/2020,MFD,OH,AGL,CE,Towers with Radar,0,0,11,4,15,0,2,9,0,11,0,2,20,4,26,16,0,16,42
08/16/2020,MFD,OH,AGL,CE,Towers with Radar,0,0,11,1,12,0,0,5,0,5,0,0,16,1,17,0,0,0,17
08/17/2020,MFD,OH,AGL,CE,Towers with Radar,0,0,6,1,7,0,3,5,0,8,0,3,11,1,15,10,0,10,25
08/18/2020,MFD,OH,AGL,CE,Towers with Radar,0,2,6,5,13,0,0,12,2,14,0,2,18,7,27,2,2,4,31
08/19/2020,MFD,OH,AGL,CE,Towers with Radar,0,0,14,7,21,0,6,32,7,45,0,6,46,14,66,20,18,38,104
08/20/2020,MFD,OH,AGL,CE,Towers with Radar,0,0,11,12,23,0,4,12,5,21,0,4,23,17,44,36,4,40,84
08/21/2020,MFD,OH,AGL,CE,Towers with Radar,0,2,6,0,8,0,4,21,0,25,0,6,27,0,33,28,0,28,61
08/22/2020,MFD,OH,AGL,CE,Towers with Radar,0,2,3,3,8,0,2,21,0,23,0,4,24,3,31,24,0,24,55
08/23/2020,MFD,OH,AGL,CE,Towers with Radar,0,2,8,3,13,0,0,22,0,22,0,2,30,3,35,32,0,32,67
08/24/2020,MFD,OH,AGL,CE,Towers with Radar,0,3,7,5,15,0,3,6,0,9,0,6,13,5,24,24,0,24,48
08/25/2020,MFD,OH,AGL,CE,Towers with Radar,0,4,12,5,21,0,0,6,1,7,0,4,18,6,28,12,0,12,40
08/26/2020,MFD,OH,AGL,CE,Towers with Radar,0,0,9,6,15,0,0,6,4,10,0,0,15,10,25,36,4,40,65
08/27/2020,MFD,OH,AGL,CE,Towers with Radar,0,2,4,11,17,0,0,1,0,1,0,2,5,11,18,0,0,0,18
08/28/2020,MFD,OH,AGL,CE,Towers with Radar,0,0,2,3,5,0,0,5,0,5,0,0,7,3,10,22,0,22,32
08/29/2020,MFD,OH,AGL,CE,Towers with Radar,0,0,1,0,1,0,0,2,0,2,0,0,3,0,3,0,0,0,3
08/30/2020,MFD,OH,AGL,CE,Towers with Radar,0,2,10,0,12,0,6,41,0,47,0,8,51,0,59,14,0,14,73
08/31/2020,MFD,OH,AGL,CE,Towers with Radar,0,0,6,4,10,0,4,25,2,31,0,4,31,6,41,12,0,12,53
09/01/2020,MFD,OH,AGL,CE,Towers with Radar,0,0,11,7,18,0,2,5,3,10,0,2,16,10,28,0,0,0,28
09/02/2020,MFD,OH,AGL,CE,Towers with Radar,0,2,12,4,18,0,0,1,0,1,0,2,13,4,19,0,0,0,19
09/03/2020,MFD,OH,AGL,CE,Towers with Radar,0,2,9,10,21,0,5,7,1,13,0,7,16,11,34,14,0,14,48
09/04/2020,MFD,OH,AGL,CE,Towers with Radar,0,4,6,0,10,0,0,14,0,14,0,4,20,0,24,8,0,8,32
09/05/2020,MFD,OH,AGL,CE,Towers with Radar,0,2,5,0,7,0,2,19,0,21,0,4,24,0,28,12,0,12,40
09/06/2020,MFD,OH,AGL,CE,Towers with Radar,0,0,3,0,3,0,6,8,0,14,0,6,11,0,17,10,0,10,27
09/07/2020,MFD,OH,AGL,CE,Towers with Radar,0,0,3,0,3,0,0,1,0,1,0,0,4,0,4,0,0,0,4
09/08/2020,MFD,OH,AGL,CE,Towers with Radar,0,2,11,5,18,0,0,7,7,14,0,2,18,12,32,0,14,14,46
09/09/2020,MFD,OH,AGL,CE,Towers with Radar,0,2,16,0,18,0,2,16,0,18,0,4,32,0,36,32,0,32,68
09/10/2020,MFD,OH,AGL,CE,Towers with Radar,0,2,13,9,24,0,0,2,0,2,0,2,15,9,26,0,0,0,26
09/11/2020,MFD,OH,AGL,CE,Towers with Radar,0,2,32,21,55,0,1,1,0,2,0,3,33,21,57,0,0,0,57
09/12/2020,MFD,OH,AGL,CE,Towers with Radar,0,7,11,3,21,0,2,13,0,15,0,9,24,3,36,10,12,22,58
09/13/2020,MFD,OH,AGL,CE,Towers with Radar,0,14,14,0,28,0,0,8,4,12,0,14,22,4,40,4,0,4,44
09/14/2020,MFD,OH,AGL,CE,Towers with Radar,0,6,21,1,28,0,0,19,0,19,0,6,40,1,47,2,0,2,49
09/15/2020,MFD,OH,AGL,CE,Towers with Radar,0,8,12,0,20,0,3,21,1,25,0,11,33,1,45,16,0,16,61
09/16/2020,MFD,OH,AGL,CE,Towers with Radar,0,2,8,0,10,0,3,22,0,25,0,5,30,0,35,10,0,10,45
09/17/2020,MFD,OH,AGL,CE,Towers with Radar,0,2,3,0,5,0,2,12,0,14,0,4,15,0,19,0,0,0,19
09/18/2020,MFD,OH,AGL,CE,Towers with Radar,0,2,12,7,21,0,2,14,0,16,0,4,26,7,37,16,0,16,53
09/19/2020,MFD,OH,AGL,CE,Towers with Radar,0,0,4,0,4,0,0,14,0,14,0,0,18,0,18,14,0,14,32
09/20/2020,MFD,OH,AGL,CE,Towers with Radar,0,1,8,0,9,0,1,14,0,15,0,2,22,0,24,4,0,4,28
09/21/2020,MFD,OH,AGL,CE,Towers with Radar,0,2,5,2,9,0,5,12,0,17,0,7,17,2,26,0,0,0,26
09/22/2020,MFD,OH,AGL,CE,Towers with Radar,0,0,19,3,22,0,7,13,1,21,0,7,32,4,43,2,0,2,45
09/23/2020,MFD,OH,AGL,CE,Towers with Radar,0,8,13,0,21,0,5,18,0,23,0,13,31,0,44,4,0,4,48
09/24/2020,MFD,OH,AGL,CE,Towers with Radar,0,5,26,0,31,0,0,10,2,12,0,5,36,2,43,16,0,16,59
09/25/2020,MFD,OH,AGL,CE,Towers with Radar,0,3,11,1,15,0,5,14,0,19,0,8,25,1,34,6,0,6,40
09/26/2020,MFD,OH,AGL,CE,Towers with Radar,0,4,14,1,19,0,0,17,1,18,0,4,31,2,37,10,0,10,47
09/27/2020,MFD,OH,AGL,CE,Towers with Radar,0,8,25,0,33,0,2,13,2,17,0,10,38,2,50,0,6,6,56
09/28/2020,MFD,OH,AGL,CE,Towers with Radar,0,6,6,19,31,0,0,0,2,2,0,6,6,21,33,18,38,56,89
09/29/2020,MFD,OH,AGL,CE,Towers with Radar,0,1,16,9,26,0,0,9,0,9,0,1,25,9,35,0,0,0,35
09/30/2020,MFD,OH,AGL,CE,Towers with Radar,0,13,8,7,28,0,0,3,1,4,0,13,11,8,32,0,8,8,40
10/01/2020,MFD,OH,AGL,CE,Towers with Radar,0,2,6,8,16,0,0,6,3,9,0,2,12,11,25,4,0,4,29
10/02/2020,MFD,OH,AGL,CE,Towers with Radar,0,0,11,2,13,0,2,16,2,20,0,2,27,4,33,22,8,30,63
10/03/2020,MFD,OH,AGL,CE,Towers with Radar,0,3,6,0,9,0,7,19,0,26,0,10,25,0,35,16,0,16,51
10/04/2020,MFD,OH,AGL,CE,Towers with Radar,0,1,13,0,14,0,1,4,0,5,0,2,17,0,19,0,0,0,19
10/05/2020,MFD,OH,AGL,CE,Towers with Radar,0,4,13,1,18,0,4,5,1,10,0,8,18,2,28,6,0,6,34
10/06/2020,MFD,OH,AGL,CE,Towers with Radar,0,2,12,5,19,0,0,18,5,23,0,2,30,10,42,0,12,12,54
10/07/2020,MFD,OH,AGL,CE,Towers with Radar,0,0,7,3,10,0,0,10,1,11,0,0,17,4,21,2,16,18,39
10/08/2020,MFD,OH,AGL,CE,Towers with Radar,0,4,6,8,18,0,10,6,3,19,0,14,12,11,37,6,12,18,55
10/09/2020,MFD,OH,AGL,CE,Towers with Radar,0,3,7,0,10,0,7,20,0,27,0,10,27,0,37,20,0,20,57
10/10/2020,MFD,OH,AGL,CE,Towers with Radar,0,0,6,0,6,0,0,16,0,16,0,0,22,0,22,2,0,2,24
10/11/2020,MFD,OH,AGL,CE,Towers with Radar,0,0,15,0,15,0,0,2,0,2,0,0,17,0,17,0,0,0,17
10/12/2020,MFD,OH,AGL,CE,Towers with Radar,0,0,10,0,10,0,0,2,0,2,0,0,12,0,12,0,0,0,12
10/13/2020,MFD,OH,AGL,CE,Towers with Radar,0,2,11,5,18,0,10,18,1,29,0,12,29,6,47,8,0,8,55
10/14/2020,MFD,OH,AGL,CE,Towers with Radar,0,0,10,3,13,0,2,23,22,47,0,2,33,25,60,4,26,30,90
10/15/2020,MFD,OH,AGL,CE,Towers with Radar,0,4,7,4,15,0,0,3,0,3,0,4,10,4,18,0,0,0,18
10/16/2020,MFD,OH,AGL,CE,Towers with Radar,0,4,1,1,6,0,8,20,1,29,0,12,21,2,35,4,0,4,39
10/17/2020,MFD,OH,AGL,CE,Towers with Radar,0,0,6,1,7,0,2,27,1,30,0,2,33,2,37,14,2,16,53
10/18/2020,MFD,OH,AGL,CE,Towers with Radar,0,2,9,3,14,0,0,6,1,7,0,2,15,4,21,0,0,0,21
10/19/2020,MFD,OH,AGL,CE,Towers with Radar,0,0,14,2,16,0,0,0,0,0,0,0,14,2,16,0,0,0,16
10/20/2020,MFD,OH,AGL,CE,Towers with Radar,0,0,12,10,22,0,0,0,1,1,0,0,12,11,23,0,0,0,23
10/21/2020,MFD,OH,AGL,CE,Towers with Radar,0,4,24,6,34,0,0,1,0,1,0,4,25,6,35,0,0,0,35
10/22/2020,MFD,OH,AGL,CE,Towers with Radar,0,0,13,6,19,0,1,18,0,19,0,1,31,6,38,0,0,0,38
10/23/2020,MFD,OH,AGL,CE,Towers with Radar,0,0,4,8,12,0,0,9,1,10,0,0,13,9,22,18,6,24,46
10/24/2020,MFD,OH,AGL,CE,Towers with Radar,0,0,6,0,6,0,0,3,0,3,0,0,9,0,9,0,0,0,9
10/25/2020,MFD,OH,AGL,CE,Towers with Radar,0,0,6,2,8,0,2,27,1,30,0,2,33,3,38,6,0,6,44
10/26/2020,MFD,OH,AGL,CE,Towers with Radar,0,4,16,2,22,0,0,0,0,0,0,4,16,2,22,0,0,0,22
10/27/2020,MFD,OH,AGL,CE,Towers with Radar,0,8,9,9,26,0,0,0,0,0,0,8,9,9,26,0,0,0,26
10/28/2020,MFD,OH,AGL,CE,Towers with Radar,0,3,9,4,16,0,0,2,0,2,0,3,11,4,18,4,0,4,22
10/29/2020,MFD,OH,AGL,CE,Towers with Radar,0,2,8,0,10,0,0,0,0,0,0,2,8,0,10,0,0,0,10
10/30/2020,MFD,OH,AGL,CE,Towers with Radar,0,0,1,5,6,0,0,0,2,2,0,0,1,7,8,0,0,0,8
10/31/2020,MFD,OH,AGL,CE,Towers with Radar,0,4,12,1,17,0,6,41,0,47,0,10,53,1,64,14,0,14,78
11/01/2020,MFD,OH,AGL,CE,Towers with Radar,0,0,2,0,2,0,0,1,0,1,0,0,3,0,3,0,0,0,3
11/02/2020,MFD,OH,AGL,CE,Towers with Radar,0,2,2,0,4,0,2,9,0,11,0,4,11,0,15,0,0,0,15
11/03/2020,MFD,OH,AGL,CE,Towers with Radar,0,2,4,15,21,0,13,22,5,40,0,15,26,20,61,26,2,28,89
11/04/2020,MFD,OH,AGL,CE,Towers with Radar,0,5,9,10,24,0,8,11,3,22,0,13,20,13,46,0,16,16,62
11/05/2020,MFD,OH,AGL,CE,Towers with Radar,0,0,9,8,17,0,0,27,5,32,0,0,36,13,49,6,22,28,77
11/06/2020,MFD,OH,AGL,CE,Towers with Radar,0,0,19,4,23,0,2,29,1,32,0,2,48,5,55,16,0,16,71
11/07/2020,MFD,OH,AGL,CE,Towers with Radar,0,2,10,2,14,0,4,34,0,38,0,6,44,2,52,4,0,4,56
11/08/2020,MFD,OH,AGL,CE,Towers with Radar,0,2,7,3,12,0,2,27,2,31,0,4,34,5,43,16,2,18,61
11/09/2020,MFD,OH,AGL,CE,Towers with Radar,0,5,6,0,11,0,3,39,1,43,0,8,45,1,54,16,0,16,70
11/10/2020,MFD,OH,AGL,CE,Towers with Radar,0,0,4,8,12,0,0,11,0,11,0,0,15,8,23,54,0,54,77
11/11/2020,MFD,OH,AGL,CE,Towers with Radar,0,5,14,0,19,0,1,14,0,15,0,6,28,0,34,18,0,18,52
11/12/2020,MFD,OH,AGL,CE,Towers with Radar,0,0,10,2,12,0,1,29,8,38,0,1,39,10,50,14,8,22,72
11/13/2020,MFD,OH,AGL,CE,Towers with Radar,0,2,13,4,19,0,2,31,0,33,0,4,44,4,52,22,2,24,76
11/14/2020,MFD,OH,AGL,CE,Towers with Radar,0,4,6,4,14,0,3,21,0,24,0,7,27,4,38,6,14,20,58
11/15/2020,MFD,OH,AGL,CE,Towers with Radar,0,1,1,0,2,0,0,1,0,1,0,1,2,0,3,0,0,0,3
11/16/2020,MFD,OH,AGL,CE,Towers with Radar,0,4,5,2,11,0,0,13,0,13,0,4,18,2,24,0,0,0,24
11/17/2020,MFD,OH,AGL,CE,Towers with Radar,0,0,4,12,16,0,0,2,0,2,0,0,6,12,18,12,0,12,30
11/18/2020,MFD,OH,AGL,CE,Towers with Radar,0,4,17,1,22,0,5,44,7,56,0,9,61,8,78,28,0,28,106
11/19/2020,MFD,OH,AGL,CE,Towers with Radar,0,0,3,8,11,0,0,0,3,3,0,0,3,11,14,0,4,4,18
11/20/2020,MFD,OH,AGL,CE,Towers with Radar,0,0,19,1,20,0,0,9,0,9,0,0,28,1,29,6,0,6,35
11/21/2020,MFD,OH,AGL,CE,Towers with Radar,0,0,18,0,18,0,0,9,0,9,0,0,27,0,27,0,0,0,27
11/22/2020,MFD,OH,AGL,CE,Towers with Radar,0,0,7,0,7,0,0,0,0,0,0,0,7,0,7,0,0,0,7
11/23/2020,MFD,OH,AGL,CE,Towers with Radar,0,0,3,2,5,0,1,4,0,5,0,1,7,2,10,12,0,12,22
11/24/2020,MFD,OH,AGL,CE,Towers with Radar,0,1,10,1,12,0,4,10,2,16,0,5,20,3,28,6,0,6,34
11/25/2020,MFD,OH,AGL,CE,Towers with Radar,0,0,0,0,0,0,0,0,0,0,0,0,0,0,0,0,0,0,0
11/26/2020,MFD,OH,AGL,CE,Towers with Radar,0,0,4,0,4,0,0,0,0,0,0,0,4,0,4,0,0,0,4
11/27/2020,MFD,OH,AGL,CE,Towers with Radar,0,0,8,0,8,0,0,6,0,6,0,0,14,0,14,0,0,0,14
11/28/2020,MFD,OH,AGL,CE,Towers with Radar,0,0,15,0,15,0,3,26,0,29,0,3,41,0,44,22,0,22,66
11/29/2020,MFD,OH,AGL,CE,Towers with Radar,0,4,14,0,18,0,0,28,0,28,0,4,42,0,46,16,0,16,62
11/30/2020,MFD,OH,AGL,CE,Towers with Radar,0,0,1,0,1,0,0,0,0,0,0,0,1,0,1,0,0,0,1
12/01/2020,MFD,OH,AGL,CE,Towers with Radar,0,0,4,5,9,0,0,0,0,0,0,0,4,5,9,0,0,0,9
12/02/2020,MFD,OH,AGL,CE,Towers with Radar,0,0,6,0,6,0,3,20,0,23,0,3,26,0,29,2,0,2,31
12/03/2020,MFD,OH,AGL,CE,Towers with Radar,0,1,8,3,12,0,1,12,1,14,0,2,20,4,26,14,2,16,42
12/04/2020,MFD,OH,AGL,CE,Towers with Radar,0,0,14,0,14,0,2,8,0,10,0,2,22,0,24,8,0,8,32
12/05/2020,MFD,OH,AGL,CE,Towers with Radar,0,0,6,0,6,0,0,12,0,12,0,0,18,0,18,2,0,2,20
12/06/2020,MFD,OH,AGL,CE,Towers with Radar,0,0,1,0,1,0,0,3,0,3,0,0,4,0,4,0,0,0,4
12/07/2020,MFD,OH,AGL,CE,Towers with Radar,0,0,4,1,5,0,0,3,0,3,0,0,7,1,8,0,0,0,8
12/08/2020,MFD,OH,AGL,CE,Towers with Radar,0,0,18,3,21,0,0,9,2,11,0,0,27,5,32,10,0,10,42
12/09/2020,MFD,OH,AGL,CE,Towers with Radar,0,0,0,4,4,0,0,7,0,7,0,0,7,4,11,0,0,0,11
12/10/2020,MFD,OH,AGL,CE,Towers with Radar,0,2,12,11,25,0,6,30,8,44,0,8,42,19,69,22,20,42,111
12/11/2020,MFD,OH,AGL,CE,Towers with Radar,0,2,18,2,22,0,3,28,0,31,0,5,46,2,53,2,0,2,55
12/12/2020,MFD,OH,AGL,CE,Towers with Radar,0,0,2,0,2,0,0,0,0,0,0,0,2,0,2,0,0,0,2
12/13/2020,MFD,OH,AGL,CE,Towers with Radar,0,0,0,0,0,0,0,0,0,0,0,0,0,0,0,0,0,0,0
12/14/2020,MFD,OH,AGL,CE,Towers with Radar,0,0,13,3,16,0,0,4,0,4,0,0,17,3,20,8,0,8,28
12/15/2020,MFD,OH,AGL,CE,Towers with Radar,0,0,10,9,19,0,6,5,0,11,0,6,15,9,30,0,0,0,30
12/16/2020,MFD,OH,AGL,CE,Towers with Radar,0,0,0,0,0,0,0,0,0,0,0,0,0,0,0,0,0,0,0
12/17/2020,MFD,OH,AGL,CE,Towers with Radar,0,0,0,0,0,0,0,0,0,0,0,0,0,0,0,0,0,0,0
12/18/2020,MFD,OH,AGL,CE,Towers with Radar,0,0,5,0,5,0,1,14,0,15,0,1,19,0,20,2,0,2,22
12/19/2020,MFD,OH,AGL,CE,Towers with Radar,0,0,11,0,11,0,2,17,0,19,0,2,28,0,30,2,0,2,32
12/20/2020,MFD,OH,AGL,CE,Towers with Radar,0,0,0,0,0,0,0,0,0,0,0,0,0,0,0,0,0,0,0
12/21/2020,MFD,OH,AGL,CE,Towers with Radar,0,0,2,10,12,0,0,0,0,0,0,0,2,10,12,0,0,0,12
12/22/2020,MFD,OH,AGL,CE,Towers with Radar,0,4,22,1,27,0,0,7,5,12,0,4,29,6,39,0,0,0,39
12/23/2020,MFD,OH,AGL,CE,Towers with Radar,0,4,11,0,15,0,0,6,0,6,0,4,17,0,21,0,0,0,21
12/24/2020,MFD,OH,AGL,CE,Towers with Radar,0,0,0,0,0,0,0,0,0,0,0,0,0,0,0,0,0,0,0
12/25/2020,MFD,OH,AGL,CE,Towers with Radar,0,0,0,0,0,0,0,0,0,0,0,0,0,0,0,0,0,0,0
12/26/2020,MFD,OH,AGL,CE,Towers with Radar,0,0,6,0,6,0,0,3,0,3,0,0,9,0,9,0,0,0,9
12/27/2020,MFD,OH,AGL,CE,Towers with Radar,0,0,7,0,7,0,0,10,0,10,0,0,17,0,17,0,0,0,17
12/28/2020,MFD,OH,AGL,CE,Towers with Radar,0,0,4,0,4,0,0,2,0,2,0,0,6,0,6,4,0,4,10
12/29/2020,MFD,OH,AGL,CE,Towers with Radar,0,1,7,9,17,0,1,25,5,31,0,2,32,14,48,20,6,26,74
12/30/2020,MFD,OH,AGL,CE,Towers with Radar,0,0,4,2,6,0,0,0,0,0,0,0,4,2,6,0,0,0,6
12/31/2020,MFD,OH,AGL,CE,Towers with Radar,0,0,4,0,4,0,1,0,0,1,0,1,4,0,5,0,0,0,5
01/01/2021,MFD,OH,AGL,CE,Towers with Radar,0,0,0,0,0,0,0,0,0,0,0,0,0,0,0,0,0,0,0
01/02/2021,MFD,OH,AGL,CE,Towers with Radar,0,0,9,0,9,0,0,0,0,0,0,0,9,0,9,0,0,0,9
01/03/2021,MFD,OH,AGL,CE,Towers with Radar,0,0,2,0,2,0,0,0,0,0,0,0,2,0,2,0,0,0,2
01/04/2021,MFD,OH,AGL,CE,Towers with Radar,0,2,5,0,7,0,0,0,0,0,0,2,5,0,7,0,0,0,7
01/05/2021,MFD,OH,AGL,CE,Towers with Radar,0,1,9,10,20,0,0,0,0,0,0,1,9,10,20,0,0,0,20
01/06/2021,MFD,OH,AGL,CE,Towers with Radar,0,0,4,4,8,0,0,0,0,0,0,0,4,4,8,0,0,0,8
01/07/2021,MFD,OH,AGL,CE,Towers with Radar,0,0,13,8,21,0,0,10,2,12,0,0,23,10,33,0,6,6,39
01/08/2021,MFD,OH,AGL,CE,Towers with Radar,0,0,7,6,13,0,0,1,0,1,0,0,8,6,14,0,0,0,14
01/09/2021,MFD,OH,AGL,CE,Towers with Radar,0,0,19,5,24,0,4,27,0,31,0,4,46,5,55,8,2,10,65
01/10/2021,MFD,OH,AGL,CE,Towers with Radar,0,2,7,10,19,0,4,27,10,41,0,6,34,20,60,12,20,32,92
01/11/2021,MFD,OH,AGL,CE,Towers with Radar,0,0,3,8,11,0,0,4,0,4,0,0,7,8,15,0,0,0,15
01/12/2021,MFD,OH,AGL,CE,Towers with Radar,0,0,9,12,21,0,0,1,0,1,0,0,10,12,22,0,0,0,22
01/13/2021,MFD,OH,AGL,CE,Towers with Radar,0,3,8,6,17,0,7,20,0,27,0,10,28,6,44,6,0,6,50
01/14/2021,MFD,OH,AGL,CE,Towers with Radar,0,0,15,14,29,0,2,28,8,38,0,2,43,22,67,16,38,54,121
01/15/2021,MFD,OH,AGL,CE,Towers with Radar,0,0,5,0,5,0,0,0,0,0,0,0,5,0,5,0,0,0,5
01/16/2021,MFD,OH,AGL,CE,Towers with Radar,0,2,2,0,4,0,0,0,0,0,0,2,2,0,4,0,0,0,4
01/17/2021,MFD,OH,AGL,CE,Towers with Radar,0,2,3,0,5,0,0,0,0,0,0,2,3,0,5,0,0,0,5
01/18/2021,MFD,OH,AGL,CE,Towers with Radar,0,0,1,1,2,0,0,0,0,0,0,0,1,1,2,0,0,0,2
01/19/2021,MFD,OH,AGL,CE,Towers with Radar,0,0,2,4,6,0,1,7,8,16,0,1,9,12,22,2,4,6,28
01/20/2021,MFD,OH,AGL,CE,Towers with Radar,0,0,6,15,21,0,0,2,2,4,0,0,8,17,25,0,24,24,49
01/21/2021,MFD,OH,AGL,CE,Towers with Radar,1,2,13,3,19,0,1,13,7,21,1,3,26,10,40,12,38,50,90
01/22/2021,MFD,OH,AGL,CE,Towers with Radar,0,0,8,5,13,0,0,5,0,5,0,0,13,5,18,0,0,0,18
01/23/2021,MFD,OH,AGL,CE,Towers with Radar,0,2,16,2,20,0,2,52,0,54,0,4,68,2,74,46,0,46,120
01/24/2021,MFD,OH,AGL,CE,Towers with Radar,0,0,3,0,3,0,2,12,0,14,0,2,15,0,17,0,0,0,17
01/25/2021,MFD,OH,AGL,CE,Towers with Radar,0,0,2,4,6,0,0,0,0,0,0,0,2,4,6,0,0,0,6
01/26/2021,MFD,OH,AGL,CE,Towers with Radar,0,0,4,0,4,0,0,0,0,0,0,0,4,0,4,0,0,0,4
01/27/2021,MFD,OH,AGL,CE,Towers with Radar,0,2,4,9,15,0,0,1,0,1,0,2,5,9,16,0,0,0,16
01/28/2021,MFD,OH,AGL,CE,Towers with Radar,0,4,10,10,24,0,3,3,0,6,0,7,13,10,30,0,30,30,60
01/29/2021,MFD,OH,AGL,CE,Towers with Radar,0,2,23,4,29,0,2,39,1,42,0,4,62,5,71,24,0,24,95
01/30/2021,MFD,OH,AGL,CE,Towers with Radar,0,0,14,1,15,0,0,31,0,31,0,0,45,1,46,16,0,16,62
01/31/2021,MFD,OH,AGL,CE,Towers with Radar,0,0,0,0,0,0,0,0,0,0,0,0,0,0,0,0,0,0,0
02/01/2021,MFD,OH,AGL,CE,Towers with Radar,0,0,2,0,2,0,0,0,0,0,0,0,2,0,2,0,0,0,2
02/02/2021,MFD,OH,AGL,CE,Towers with Radar,0,0,2,0,2,0,0,4,0,4,0,0,6,0,6,0,0,0,6
02/03/2021,MFD,OH,AGL,CE,Towers with Radar,2,7,7,3,19,0,5,11,9,25,2,12,18,12,44,4,30,34,78
02/04/2021,MFD,OH,AGL,CE,Towers with Radar,0,2,10,1,13,0,2,8,3,13,0,4,18,4,26,0,20,20,46
02/05/2021,MFD,OH,AGL,CE,Towers with Radar,0,0,2,0,2,0,0,0,0,0,0,0,2,0,2,0,0,0,2
02/06/2021,MFD,OH,AGL,CE,Towers with Radar,0,5,6,1,12,0,5,11,0,16,0,10,17,1,28,16,0,16,44
02/07/2021,MFD,OH,AGL,CE,Towers with Radar,0,0,4,0,4,0,1,4,0,5,0,1,8,0,9,4,0,4,13
02/08/2021,MFD,OH,AGL,CE,Towers with Radar,0,0,3,0,3,0,0,5,0,5,0,0,8,0,8,12,0,12,20
02/09/2021,MFD,OH,AGL,CE,Towers with Radar,0,2,6,0,8,0,0,2,0,2,0,2,8,0,10,2,0,2,12
02/10/2021,MFD,OH,AGL,CE,Towers with Radar,0,0,6,1,7,0,0,3,0,3,0,0,9,1,10,0,0,0,10
02/11/2021,MFD,OH,AGL,CE,Towers with Radar,0,0,8,2,10,0,1,13,0,14,0,1,21,2,24,2,0,2,26
02/12/2021,MFD,OH,AGL,CE,Towers with Radar,0,3,9,0,12,0,5,14,0,19,0,8,23,0,31,8,0,8,39
02/13/2021,MFD,OH,AGL,CE,Towers with Radar,0,0,0,0,0,0,0,0,0,0,0,0,0,0,0,0,0,0,0
02/14/2021,MFD,OH,AGL,CE,Towers with Radar,0,2,2,0,4,0,0,0,0,0,0,2,2,0,4,0,0,0,4
02/15/2021,MFD,OH,AGL,CE,Towers with Radar,0,0,1,0,1,0,0,0,0,0,0,0,1,0,1,0,0,0,1
02/16/2021,MFD,OH,AGL,CE,Towers with Radar,0,0,2,0,2,0,0,0,0,0,0,0,2,0,2,0,0,0,2
02/17/2021,MFD,OH,AGL,CE,Towers with Radar,0,2,4,5,11,0,1,4,0,5,0,3,8,5,16,0,0,0,16
02/18/2021,MFD,OH,AGL,CE,Towers with Radar,0,0,0,0,0,0,0,0,0,0,0,0,0,0,0,0,0,0,0
02/19/2021,MFD,OH,AGL,CE,Towers with Radar,0,0,9,1,10,0,0,2,0,2,0,0,11,1,12,0,0,0,12
02/20/2021,MFD,OH,AGL,CE,Towers with Radar,0,3,2,2,7,0,1,12,0,13,0,4,14,2,20,12,0,12,32
02/21/2021,MFD,OH,AGL,CE,Towers with Radar,0,2,4,3,9,0,8,14,0,22,0,10,18,3,31,8,0,8,39
02/22/2021,MFD,OH,AGL,CE,Towers with Radar,0,3,2,3,8,0,0,1,0,1,0,3,3,3,9,0,0,0,9
02/23/2021,MFD,OH,AGL,CE,Towers with Radar,0,1,13,1,15,0,1,14,2,17,0,2,27,3,32,8,0,8,40
02/24/2021,MFD,OH,AGL,CE,Towers with Radar,0,2,8,2,12,0,0,1,0,1,0,2,9,2,13,0,0,0,13
02/25/2021,MFD,OH,AGL,CE,Towers with Radar,0,6,16,0,22,0,6,29,2,37,0,12,45,2,59,12,0,12,71
02/26/2021,MFD,OH,AGL,CE,Towers with Radar,2,2,15,0,19,0,7,28,0,35,2,9,43,0,54,40,0,40,94
02/27/2021,MFD,OH,AGL,CE,Towers with Radar,0,4,9,0,13,0,0,0,0,0,0,4,9,0,13,0,0,0,13
02/28/2021,MFD,OH,AGL,CE,Towers with Radar,0,1,2,0,3,0,0,0,0,0,0,1,2,0,3,0,0,0,3
03/01/2021,MFD,OH,AGL,CE,Towers with Radar,0,1,15,0,16,0,0,4,0,4,0,1,19,0,20,0,0,0,20
03/02/2021,MFD,OH,AGL,CE,Towers with Radar,0,5,6,1,12,0,3,21,0,24,0,8,27,1,36,34,0,34,70
03/03/2021,MFD,OH,AGL,CE,Towers with Radar,0,3,10,0,13,0,7,24,2,33,0,10,34,2,46,22,0,22,68
03/04/2021,MFD,OH,AGL,CE,Towers with Radar,0,0,19,0,19,0,0,5,0,5,0,0,24,0,24,0,0,0,24
03/05/2021,MFD,OH,AGL,CE,Towers with Radar,0,2,8,2,12,0,14,35,0,49,0,16,43,2,61,10,0,10,71
03/06/2021,MFD,OH,AGL,CE,Towers with Radar,0,3,26,3,32,0,1,29,9,39,0,4,55,12,71,34,0,34,105
03/07/2021,MFD,OH,AGL,CE,Towers with Radar,0,2,19,0,21,0,3,32,0,35,0,5,51,0,56,4,0,4,60
03/08/2021,MFD,OH,AGL,CE,Towers with Radar,0,3,18,0,21,0,3,11,0,14,0,6,29,0,35,12,0,12,47
03/09/2021,MFD,OH,AGL,CE,Towers with Radar,0,1,10,4,15,0,4,14,0,18,0,5,24,4,33,36,22,58,91
03/10/2021,MFD,OH,AGL,CE,Towers with Radar,0,5,14,1,20,0,0,11,14,25,0,5,25,15,45,0,12,12,57
03/11/2021,MFD,OH,AGL,CE,Towers with Radar,0,0,9,4,13,0,2,0,2,4,0,2,9,6,17,0,6,6,23
03/12/2021,MFD,OH,AGL,CE,Towers with Radar,0,3,13,2,18,0,7,12,1,20,0,10,25,3,38,8,0,8,46
03/13/2021,MFD,OH,AGL,CE,Towers with Radar,0,5,16,0,21,0,3,33,0,36,0,8,49,0,57,16,0,16,73
03/14/2021,MFD,OH,AGL,CE,Towers with Radar,0,0,6,0,6,0,0,17,0,17,0,0,23,0,23,4,0,4,27
03/15/2021,MFD,OH,AGL,CE,Towers with Radar,0,2,7,0,9,0,1,1,0,2,0,3,8,0,11,0,0,0,11
03/16/2021,MFD,OH,AGL,CE,Towers with Radar,0,3,15,1,19,0,0,2,0,2,0,3,17,1,21,4,0,4,25
03/17/2021,MFD,OH,AGL,CE,Towers with Radar,0,1,14,4,19,0,1,19,0,20,0,2,33,4,39,24,0,24,63
03/18/2021,MFD,OH,AGL,CE,Towers with Radar,0,0,5,0,5,0,0,0,0,0,0,0,5,0,5,0,0,0,5
03/19/2021,MFD,OH,AGL,CE,Towers with Radar,0,4,3,0,7,0,0,6,0,6,0,4,9,0,13,10,0,10,23
03/20/2021,MFD,OH,AGL,CE,Towers with Radar,0,3,14,0,17,0,11,36,0,47,0,14,50,0,64,28,0,28,92
03/21/2021,MFD,OH,AGL,CE,Towers with Radar,0,4,22,0,26,0,6,41,0,47,0,10,63,0,73,22,0,22,95
03/22/2021,MFD,OH,AGL,CE,Towers with Radar,0,0,6,0,6,0,2,13,0,15,0,2,19,0,21,12,0,12,33
03/23/2021,MFD,OH,AGL,CE,Towers with Radar,0,2,5,10,17,0,4,9,1,14,0,6,14,11,31,22,42,64,95
03/24/2021,MFD,OH,AGL,CE,Towers with Radar,0,5,14,0,19,0,1,6,1,8,0,6,20,1,27,8,4,12,39
03/25/2021,MFD,OH,AGL,CE,Towers with Radar,0,1,9,11,21,0,0,10,3,13,0,1,19,14,34,12,14,26,60
03/26/2021,MFD,OH,AGL,CE,Towers with Radar,0,2,8,0,10,0,0,3,0,3,0,2,11,0,13,8,0,8,21
03/27/2021,MFD,OH,AGL,CE,Towers with Radar,0,2,5,0,7,0,0,13,0,13,0,2,18,0,20,18,0,18,38
03/28/2021,MFD,OH,AGL,CE,Towers with Radar,0,0,8,0,8,0,0,1,0,1,0,0,9,0,9,0,0,0,9
03/29/2021,MFD,OH,AGL,CE,Towers with Radar,0,9,13,5,27,0,3,29,0,32,0,12,42,5,59,18,0,18,77
03/30/2021,MFD,OH,AGL,CE,Towers with Radar,0,2,4,7,13,0,2,1,6,9,0,4,5,13,22,10,6,16,38
03/31/2021,MFD,OH,AGL,CE,Towers with Radar,0,4,12,8,24,0,0,4,0,4,0,4,16,8,28,12,6,18,46
04/01/2021,MFD,OH,AGL,CE,Towers with Radar,0,0,3,18,21,0,0,2,0,2,0,0,5,18,23,0,2,2,25
04/02/2021,MFD,OH,AGL,CE,Towers with Radar,0,1,19,3,23,0,5,23,4,32,0,6,42,7,55,14,6,20,75
04/03/2021,MFD,OH,AGL,CE,Towers with Radar,0,0,9,0,9,0,0,14,0,14,0,0,23,0,23,0,0,0,23
04/04/2021,MFD,OH,AGL,CE,Towers with Radar,0,2,5,0,7,0,0,16,0,16,0,2,21,0,23,4,0,4,27
04/05/2021,MFD,OH,AGL,CE,Towers with Radar,0,0,4,0,4,0,2,5,0,7,0,2,9,0,11,0,0,0,11
04/06/2021,MFD,OH,AGL,CE,Towers with Radar,0,1,14,1,16,0,0,15,11,26,0,1,29,12,42,8,28,36,78
04/07/2021,MFD,OH,AGL,CE,Towers with Radar,0,4,17,0,21,0,4,12,0,16,0,8,29,0,37,10,0,10,47
04/08/2021,MFD,OH,AGL,CE,Towers with Radar,0,0,7,2,9,0,0,0,1,1,0,0,7,3,10,0,6,6,16
04/09/2021,MFD,OH,AGL,CE,Towers with Radar,0,0,14,0,14,0,2,3,0,5,0,2,17,0,19,0,0,0,19
04/10/2021,MFD,OH,AGL,CE,Towers with Radar,0,0,7,4,11,0,5,13,0,18,0,5,20,4,29,6,4,10,39
04/11/2021,MFD,OH,AGL,CE,Towers with Radar,0,2,8,0,10,0,0,3,0,3,0,2,11,0,13,0,0,0,13
04/12/2021,MFD,OH,AGL,CE,Towers with Radar,0,0,8,0,8,0,0,5,0,5,0,0,13,0,13,8,0,8,21
04/13/2021,MFD,OH,AGL,CE,Towers with Radar,0,0,11,0,11,0,3,41,4,48,0,3,52,4,59,48,14,62,121
04/14/2021,MFD,OH,AGL,CE,Towers with Radar,0,3,12,2,17,0,5,18,2,25,0,8,30,4,42,26,0,26,68
04/15/2021,MFD,OH,AGL,CE,Towers with Radar,0,6,10,1,17,0,0,4,1,5,0,6,14,2,22,0,0,0,22
04/16/2021,MFD,OH,AGL,CE,Towers with Radar,0,2,5,0,7,0,0,11,0,11,0,2,16,0,18,0,0,0,18
04/17/2021,MFD,OH,AGL,CE,Towers with Radar,0,2,11,0,13,0,0,18,0,18,0,2,29,0,31,4,0,4,35
04/18/2021,MFD,OH,AGL,CE,Towers with Radar,0,0,5,0,5,0,2,16,0,18,0,2,21,0,23,18,2,20,43
04/19/2021,MFD,OH,AGL,CE,Towers with Radar,0,5,18,1,24,0,2,23,1,26,0,7,41,2,50,4,0,4,54
04/20/2021,MFD,OH,AGL,CE,Towers with Radar,0,4,5,2,11,0,0,6,2,8,0,4,11,4,19,6,20,26,45
04/21/2021,MFD,OH,AGL,CE,Towers with Radar,0,4,8,0,12,0,0,0,0,0,0,4,8,0,12,0,0,0,12
04/22/2021,MFD,OH,AGL,CE,Towers with Radar,0,2,3,1,6,0,5,9,0,14,0,7,12,1,20,20,0,20,40
04/23/2021,MFD,OH,AGL,CE,Towers with Radar,0,3,14,1,18,0,7,18,1,26,0,10,32,2,44,10,0,10,54
04/24/2021,MFD,OH,AGL,CE,Towers with Radar,0,0,11,1,12,0,0,28,0,28,0,0,39,1,40,10,0,10,50
04/25/2021,MFD,OH,AGL,CE,Towers with Radar,0,1,12,0,13,0,0,3,0,3,0,1,15,0,16,0,0,0,16
04/26/2021,MFD,OH,AGL,CE,Towers with Radar,0,4,13,0,17,0,9,33,2,44,0,13,46,2,61,28,10,38,99
04/27/2021,MFD,OH,AGL,CE,Towers with Radar,0,6,5,2,13,0,2,10,0,12,0,8,15,2,25,6,10,16,41
04/28/2021,MFD,OH,AGL,CE,Towers with Radar,0,5,4,0,9,0,2,2,0,4,0,7,6,0,13,4,0,4,17
04/29/2021,MFD,OH,AGL,CE,Towers with Radar,0,1,6,0,7,0,0,0,0,0,0,1,6,0,7,0,0,0,7
04/30/2021,MFD,OH,AGL,CE,Towers with Radar,0,2,13,2,17,0,2,3,0,5,0,4,16,2,22,2,0,2,24
05/01/2021,MFD,OH,AGL,CE,Towers with Radar,0,0,7,0,7,0,6,20,2,28,0,6,27,2,35,8,0,8,43
05/02/2021,MFD,OH,AGL,CE,Towers with Radar,0,0,8,0,8,0,2,7,0,9,0,2,15,0,17,2,0,2,19
05/03/2021,MFD,OH,AGL,CE,Towers with Radar,0,0,8,0,8,0,0,0,0,0,0,0,8,0,8,0,0,0,8
05/04/2021,MFD,OH,AGL,CE,Towers with Radar,0,11,4,2,17,0,0,1,0,1,0,11,5,2,18,0,0,0,18
05/05/2021,MFD,OH,AGL,CE,Towers with Radar,0,7,22,2,31,0,1,8,1,10,0,8,30,3,41,0,0,0,41
05/06/2021,MFD,OH,AGL,CE,Towers with Radar,0,5,25,3,33,0,4,35,0,39,0,9,60,3,72,8,2,10,82
05/07/2021,MFD,OH,AGL,CE,Towers with Radar,0,2,4,0,6,0,0,6,0,6,0,2,10,0,12,0,0,0,12
05/08/2021,MFD,OH,AGL,CE,Towers with Radar,0,0,35,0,35,0,0,21,0,21,0,0,56,0,56,20,0,20,76
05/09/2021,MFD,OH,AGL,CE,Towers with Radar,0,0,2,0,2,0,0,0,0,0,0,0,2,0,2,0,0,0,2
05/10/2021,MFD,OH,AGL,CE,Towers with Radar,0,4,12,2,18,0,2,29,0,31,0,6,41,2,49,28,0,28,77
05/11/2021,MFD,OH,AGL,CE,Towers with Radar,0,0,16,11,27,0,10,23,2,35,0,10,39,13,62,12,0,12,74
05/12/2021,MFD,OH,AGL,CE,Towers with Radar,0,2,7,4,13,0,0,31,0,31,0,2,38,4,44,21,0,21,65
05/13/2021,MFD,OH,AGL,CE,Towers with Radar,0,7,30,2,39,0,9,42,0,51,0,16,72,2,90,44,0,44,134
05/14/2021,MFD,OH,AGL,CE,Towers with Radar,0,6,24,1,31,0,6,40,0,46,0,12,64,1,77,10,0,10,87
05/15/2021,MFD,OH,AGL,CE,Towers with Radar,0,1,19,0,20,0,3,31,0,34,0,4,50,0,54,36,0,36,90
05/16/2021,MFD,OH,AGL,CE,Towers with Radar,0,14,29,1,44,0,0,26,0,26,0,14,55,1,70,12,0,12,82
05/17/2021,MFD,OH,AGL,CE,Towers with Radar,0,3,18,0,21,0,5,19,0,24,0,8,37,0,45,28,0,28,73
05/18/2021,MFD,OH,AGL,CE,Towers with Radar,0,5,15,10,30,0,2,19,0,21,0,7,34,10,51,10,2,12,63
05/19/2021,MFD,OH,AGL,CE,Towers with Radar,0,8,8,2,18,0,2,10,0,12,0,10,18,2,30,32,0,32,62
05/20/2021,MFD,OH,AGL,CE,Towers with Radar,0,4,12,0,16,0,1,11,10,22,0,5,23,10,38,34,12,46,84
05/21/2021,MFD,OH,AGL,CE,Towers with Radar,0,0,24,0,24,0,4,21,0,25,0,4,45,0,49,40,0,40,89
05/22/2021,MFD,OH,AGL,CE,Towers with Radar,0,4,6,0,10,0,0,22,1,23,0,4,28,1,33,46,0,46,79
05/23/2021,MFD,OH,AGL,CE,Towers with Radar,0,4,6,1,11,0,2,11,0,13,0,6,17,1,24,18,0,18,42
05/24/2021,MFD,OH,AGL,CE,Towers with Radar,0,0,18,0,18,0,0,4,0,4,0,0,22,0,22,24,0,24,46
05/25/2021,MFD,OH,AGL,CE,Towers with Radar,0,0,17,1,18,0,4,26,0,30,0,4,43,1,48,16,0,16,64
05/26/2021,MFD,OH,AGL,CE,Towers with Radar,0,0,3,0,3,0,0,3,0,3,0,0,6,0,6,44,0,44,50
05/27/2021,MFD,OH,AGL,CE,Towers with Radar,0,4,8,6,18,0,3,28,3,34,0,7,36,9,52,38,8,46,98
05/28/2021,MFD,OH,AGL,CE,Towers with Radar,0,2,0,0,2,0,0,0,0,0,0,2,0,0,2,0,0,0,2
05/29/2021,MFD,OH,AGL,CE,Towers with Radar,0,0,20,0,20,0,0,0,0,0,0,0,20,0,20,0,0,0,20
05/30/2021,MFD,OH,AGL,CE,Towers with Radar,0,0,8,0,8,0,1,12,0,13,0,1,20,0,21,8,0,8,29
05/31/2021,MFD,OH,AGL,CE,Towers with Radar,0,0,11,0,11,0,0,34,0,34,0,0,45,0,45,26,0,26,71
06/01/2021,MFD,OH,AGL,CE,Towers with Radar,0,0,20,0,20,0,6,31,4,41,0,6,51,4,61,50,8,58,119
06/02/2021,MFD,OH,AGL,CE,Towers with Radar,0,0,8,0,8,0,0,0,0,0,0,0,8,0,8,0,0,0,8
06/03/2021,MFD,OH,AGL,CE,Towers with Radar,0,0,5,2,7,0,0,1,0,1,0,0,6,2,8,0,0,0,8
06/04/2021,MFD,OH,AGL,CE,Towers with Radar,0,0,22,2,24,0,4,18,0,22,0,4,40,2,46,30,0,30,76
06/05/2021,MFD,OH,AGL,CE,Towers with Radar,0,0,26,0,26,0,4,36,3,43,0,4,62,3,69,22,20,42,111
06/06/2021,MFD,OH,AGL,CE,Towers with Radar,0,0,11,1,12,0,4,38,0,42,0,4,49,1,54,10,0,10,64
06/07/2021,MFD,OH,AGL,CE,Towers with Radar,0,6,3,0,9,0,0,5,0,5,0,6,8,0,14,18,0,18,32
06/08/2021,MFD,OH,AGL,CE,Towers with Radar,0,4,12,1,17,0,0,6,0,6,0,4,18,1,23,12,0,12,35
06/09/2021,MFD,OH,AGL,CE,Towers with Radar,0,4,4,0,8,0,2,7,0,9,0,6,11,0,17,18,0,18,35
06/10/2021,MFD,OH,AGL,CE,Towers with Radar,0,7,9,0,16,0,3,7,5,15,0,10,16,5,31,26,20,46,77
06/11/2021,MFD,OH,AGL,CE,Towers with Radar,0,5,24,0,29,0,0,1,1,2,0,5,25,1,31,12,0,12,43
06/12/2021,MFD,OH,AGL,CE,Towers with Radar,0,8,9,0,17,0,6,38,0,44,0,14,47,0,61,62,0,62,123
06/13/2021,MFD,OH,AGL,CE,Towers with Radar,0,1,10,0,11,0,0,20,0,20,0,1,30,0,31,38,0,38,69
06/14/2021,MFD,OH,AGL,CE,Towers with Radar,0,0,20,4,24,0,0,15,0,15,0,0,35,4,39,20,0,20,59
06/15/2021,MFD,OH,AGL,CE,Towers with Radar,0,6,8,8,22,0,0,25,0,25,0,6,33,8,47,22,26,48,95
06/16/2021,MFD,OH,AGL,CE,Towers with Radar,0,0,3,3,6,0,6,26,2,34,0,6,29,5,40,40,0,40,80
06/17/2021,MFD,OH,AGL,CE,Towers with Radar,1,0,11,0,12,0,9,28,0,37,1,9,39,0,49,26,0,26,75
06/18/2021,MFD,OH,AGL,CE,Towers with Radar,0,8,8,0,16,0,0,3,0,3,0,8,11,0,19,16,0,16,35
06/19/2021,MFD,OH,AGL,CE,Towers with Radar,0,0,2,0,2,0,0,7,0,7,0,0,9,0,9,8,0,8,17
06/20/2021,MFD,OH,AGL,CE,Towers with Radar,0,0,11,0,11,0,0,10,0,10,0,0,21,0,21,0,0,0,21
06/21/2021,MFD,OH,AGL,CE,Towers with Radar,0,2,3,0,5,0,0,7,0,7,0,2,10,0,12,4,0,4,16
06/22/2021,MFD,OH,AGL,CE,Towers with Radar,0,5,11,19,35,0,8,29,1,38,0,13,40,20,73,44,8,52,125
06/23/2021,MFD,OH,AGL,CE,Towers with Radar,0,5,20,4,29,0,5,46,0,51,0,10,66,4,80,22,0,22,102
06/24/2021,MFD,OH,AGL,CE,Towers with Radar,0,1,11,5,17,0,4,15,3,22,0,5,26,8,39,18,22,40,79
06/25/2021,MFD,OH,AGL,CE,Towers with Radar,0,2,25,0,27,0,0,12,0,12,0,2,37,0,39,12,0,12,51
06/26/2021,MFD,OH,AGL,CE,Towers with Radar,0,3,9,0,12,0,0,7,0,7,0,3,16,0,19,14,0,14,33
06/27/2021,MFD,OH,AGL,CE,Towers with Radar,0,2,21,2,25,0,1,20,0,21,0,3,41,2,46,14,0,14,60
06/28/2021,MFD,OH,AGL,CE,Towers with Radar,0,2,9,0,11,0,4,10,0,14,0,6,19,0,25,6,0,6,31
06/29/2021,MFD,OH,AGL,CE,Towers with Radar,0,0,2,2,4,0,0,15,4,19,0,0,17,6,23,10,6,16,39
06/30/2021,MFD,OH,AGL,CE,Towers with Radar,0,4,10,4,18,0,0,10,0,10,0,4,20,4,28,8,26,34,62
07/01/2021,MFD,OH,AGL,CE,Towers with Radar,0,0,9,0,9,0,0,0,0,0,0,0,9,0,9,0,0,0,9
07/02/2021,MFD,OH,AGL,CE,Towers with Radar,0,9,18,0,27,0,5,7,0,12,0,14,25,0,39,0,0,0,39
07/03/2021,MFD,OH,AGL,CE,Towers with Radar,0,7,10,0,17,0,5,31,3,39,0,12,41,3,56,34,0,34,90
07/04/2021,MFD,OH,AGL,CE,Towers with Radar,0,17,24,0,41,0,0,13,0,13,0,17,37,0,54,24,0,24,78
07/05/2021,MFD,OH,AGL,CE,Towers with Radar,0,1,13,0,14,0,0,21,2,23,0,1,34,2,37,12,0,12,49
07/06/2021,MFD,OH,AGL,CE,Towers with Radar,0,10,12,6,28,0,19,32,2,53,0,29,44,8,81,32,28,60,141
07/07/2021,MFD,OH,AGL,CE,Towers with Radar,0,1,4,3,8,0,0,7,2,9,0,1,11,5,17,14,2,16,33
07/08/2021,MFD,OH,AGL,CE,Towers with Radar,0,0,2,5,7,0,2,4,1,7,0,2,6,6,14,18,24,42,56
07/09/2021,MFD,OH,AGL,CE,Towers with Radar,0,2,21,2,25,0,1,18,0,19,0,3,39,2,44,0,0,0,44
07/10/2021,MFD,OH,AGL,CE,Towers with Radar,0,3,14,0,17,0,1,53,0,54,0,4,67,0,71,14,0,14,85
07/11/2021,MFD,OH,AGL,CE,Towers with Radar,0,0,17,0,17,0,0,0,0,0,0,0,17,0,17,0,0,0,17
07/12/2021,MFD,OH,AGL,CE,Towers with Radar,0,2,18,3,23,0,0,2,0,2,0,2,20,3,25,0,0,0,25
07/13/2021,MFD,OH,AGL,CE,Towers with Radar,0,0,9,0,9,0,0,3,0,3,0,0,12,0,12,0,0,0,12
07/14/2021,MFD,OH,AGL,CE,Towers with Radar,0,0,25,0,25,0,6,19,4,29,0,6,44,4,54,6,30,36,90
07/15/2021,MFD,OH,AGL,CE,Towers with Radar,0,9,10,4,23,0,6,19,0,25,0,15,29,4,48,22,0,22,70
07/16/2021,MFD,OH,AGL,CE,Towers with Radar,0,0,9,3,12,0,2,10,0,12,0,2,19,3,24,12,0,12,36
07/17/2021,MFD,OH,AGL,CE,Towers with Radar,0,2,9,0,11,0,0,0,0,0,0,2,9,0,11,0,0,0,11
07/18/2021,MFD,OH,AGL,CE,Towers with Radar,0,2,18,4,24,0,0,45,0,45,0,2,63,4,69,26,0,26,95
07/19/2021,MFD,OH,AGL,CE,Towers with Radar,0,11,19,0,30,0,12,14,0,26,0,23,33,0,56,12,0,12,68
07/20/2021,MFD,OH,AGL,CE,Towers with Radar,0,3,27,8,38,0,0,23,11,34,0,3,50,19,72,16,20,36,108
07/21/2021,MFD,OH,AGL,CE,Towers with Radar,0,4,18,2,24,0,2,9,0,11,0,6,27,2,35,18,0,18,53
07/22/2021,MFD,OH,AGL,CE,Towers with Radar,0,1,9,0,10,0,13,37,9,59,0,14,46,9,69,22,12,34,103
07/23/2021,MFD,OH,AGL,CE,Towers with Radar,0,0,20,1,21,0,6,36,0,42,0,6,56,1,63,8,0,8,71
07/24/2021,MFD,OH,AGL,CE,Towers with Radar,0,0,4,0,4,0,4,19,0,23,0,4,23,0,27,24,0,24,51
07/25/2021,MFD,OH,AGL,CE,Towers with Radar,0,0,12,1,13,0,0,11,0,11,0,0,23,1,24,2,0,2,26
07/26/2021,MFD,OH,AGL,CE,Towers with Radar,0,0,11,0,11,0,10,19,0,29,0,10,30,0,40,14,0,14,54
07/27/2021,MFD,OH,AGL,CE,Towers with Radar,0,1,17,5,23,0,8,13,0,21,0,9,30,5,44,26,22,48,92
07/28/2021,MFD,OH,AGL,CE,Towers with Radar,0,0,10,9,19,0,7,22,3,32,0,7,32,12,51,46,28,74,125
07/29/2021,MFD,OH,AGL,CE,Towers with Radar,0,0,11,1,12,0,1,5,4,10,0,1,16,5,22,20,14,34,56
07/30/2021,MFD,OH,AGL,CE,Towers with Radar,0,2,9,0,11,0,0,12,1,13,0,2,21,1,24,18,0,18,42
07/31/2021,MFD,OH,AGL,CE,Towers with Radar,0,1,17,0,18,0,3,40,0,43,0,4,57,0,61,32,0,32,93
08/01/2021,MFD,OH,AGL,CE,Towers with Radar,0,0,5,0,5,0,0,6,0,6,0,0,11,0,11,12,0,12,23
08/02/2021,MFD,OH,AGL,CE,Towers with Radar,0,2,4,2,8,0,4,38,1,43,0,6,42,3,51,42,0,42,93
08/03/2021,MFD,OH,AGL,CE,Towers with Radar,0,0,22,10,32,0,2,23,4,29,0,2,45,14,61,22,18,40,101
08/04/2021,MFD,OH,AGL,CE,Towers with Radar,0,4,17,1,22,0,4,30,1,35,0,8,47,2,57,0,0,0,57
08/05/2021,MFD,OH,AGL,CE,Towers with Radar,0,1,12,0,13,0,4,31,0,35,0,5,43,0,48,10,0,10,58
08/06/2021,MFD,OH,AGL,CE,Towers with Radar,0,6,10,1,17,0,1,15,0,16,0,7,25,1,33,4,0,4,37
08/07/2021,MFD,OH,AGL,CE,Towers with Radar,0,0,7,1,8,0,0,4,0,4,0,0,11,1,12,8,0,8,20
08/08/2021,MFD,OH,AGL,CE,Towers with Radar,0,0,6,0,6,0,0,18,1,19,0,0,24,1,25,2,2,4,29
08/09/2021,MFD,OH,AGL,CE,Towers with Radar,0,0,10,0,10,0,1,18,1,20,0,1,28,1,30,10,0,10,40
08/10/2021,MFD,OH,AGL,CE,Towers with Radar,0,1,10,0,11,0,0,8,3,11,0,1,18,3,22,12,4,16,38
08/11/2021,MFD,OH,AGL,CE,Towers with Radar,0,1,9,5,15,0,0,6,2,8,0,1,15,7,23,6,24,30,53
08/12/2021,MFD,OH,AGL,CE,Towers with Radar,0,0,15,1,16,0,0,10,3,13,0,0,25,4,29,10,22,32,61
08/13/2021,MFD,OH,AGL,CE,Towers with Radar,0,3,10,2,15,0,0,10,0,10,0,3,20,2,25,28,0,28,53
08/14/2021,MFD,OH,AGL,CE,Towers with Radar,0,2,1,0,3,0,0,18,0,18,0,2,19,0,21,30,0,30,51
08/15/2021,MFD,OH,AGL,CE,Towers with Radar,0,1,5,0,6,0,6,31,0,37,0,7,36,0,43,24,0,24,67
08/16/2021,MFD,OH,AGL,CE,Towers with Radar,0,8,12,0,20,0,0,0,0,0,0,8,12,0,20,0,0,0,20
08/17/2021,MFD,OH,AGL,CE,Towers with Radar,0,12,13,6,31,0,0,5,1,6,0,12,18,7,37,8,26,34,71
08/18/2021,MFD,OH,AGL,CE,Towers with Radar,0,12,8,7,27,0,1,12,10,23,0,13,20,17,50,14,14,28,78
08/19/2021,MFD,OH,AGL,CE,Towers with Radar,0,2,14,4,20,0,8,31,2,41,0,10,45,6,61,42,0,42,103
08/20/2021,MFD,OH,AGL,CE,Towers with Radar,0,2,5,1,8,0,3,37,0,40,0,5,42,1,48,26,0,26,74
08/21/2021,MFD,OH,AGL,CE,Towers with Radar,0,2,19,2,23,0,0,24,0,24,0,2,43,2,47,22,0,22,69
08/22/2021,MFD,OH,AGL,CE,Towers with Radar,0,0,2,0,2,0,3,9,0,12,0,3,11,0,14,40,0,40,54
08/23/2021,MFD,OH,AGL,CE,Towers with Radar,2,0,7,2,11,0,4,8,0,12,2,4,15,2,23,8,0,8,31
08/24/2021,MFD,OH,AGL,CE,Towers with Radar,0,2,11,11,24,0,2,26,1,29,0,4,37,12,53,28,16,44,97
08/25/2021,MFD,OH,AGL,CE,Towers with Radar,0,2,10,0,12,0,0,6,0,6,0,2,16,0,18,32,0,32,50
08/26/2021,MFD,OH,AGL,CE,Towers with Radar,0,2,8,4,14,0,0,5,0,5,0,2,13,4,19,0,0,0,19
08/27/2021,MFD,OH,AGL,CE,Towers with Radar,0,1,10,2,13,0,2,25,0,27,0,3,35,2,40,30,0,30,70
08/28/2021,MFD,OH,AGL,CE,Towers with Radar,0,1,5,0,6,0,7,16,0,23,0,8,21,0,29,38,0,38,67
08/29/2021,MFD,OH,AGL,CE,Towers with Radar,0,0,8,0,8,0,0,17,0,17,0,0,25,0,25,20,0,20,45
08/30/2021,MFD,OH,AGL,CE,Towers with Radar,0,0,16,4,20,0,2,6,0,8,0,2,22,4,28,68,0,68,96
08/31/2021,MFD,OH,AGL,CE,Towers with Radar,0,2,15,2,19,0,4,5,6,15,0,6,20,8,34,42,10,52,86
09/01/2021,MFD,OH,AGL,CE,Towers with Radar,0,5,19,2,26,2,1,13,1,17,2,6,32,3,43,18,30,48,91
09/02/2021,MFD,OH,AGL,CE,Towers with Radar,0,2,18,2,22,0,4,31,1,36,0,6,49,3,58,44,2,46,104
09/03/2021,MFD,OH,AGL,CE,Towers with Radar,0,2,14,0,16,0,1,37,1,39,0,3,51,1,55,56,0,56,111
09/04/2021,MFD,OH,AGL,CE,Towers with Radar,0,1,6,0,7,0,1,28,0,29,0,2,34,0,36,48,0,48,84
09/05/2021,MFD,OH,AGL,CE,Towers with Radar,0,1,13,0,14,0,1,13,0,14,0,2,26,0,28,22,0,22,50
09/06/2021,MFD,OH,AGL,CE,Towers with Radar,0,2,17,0,19,0,1,38,0,39,0,3,55,0,58,28,0,28,86
09/07/2021,MFD,OH,AGL,CE,Towers with Radar,0,2,11,6,19,0,7,14,1,22,0,9,25,7,41,28,4,32,73
09/08/2021,MFD,OH,AGL,CE,Towers with Radar,0,2,9,3,14,0,4,11,0,15,0,6,20,3,29,24,0,24,53
09/09/2021,MFD,OH,AGL,CE,Towers with Radar,0,5,17,30,52,0,7,25,2,34,0,12,42,32,86,12,28,40,126
09/10/2021,MFD,OH,AGL,CE,Towers with Radar,0,0,9,0,9,0,5,46,4,55,0,5,55,4,64,16,0,16,80
09/11/2021,MFD,OH,AGL,CE,Towers with Radar,0,0,7,6,13,0,0,26,2,28,0,0,33,8,41,10,0,10,51
09/12/2021,MFD,OH,AGL,CE,Towers with Radar,0,0,7,0,7,0,4,10,0,14,0,4,17,0,21,34,0,34,55
09/13/2021,MFD,OH,AGL,CE,Towers with Radar,2,5,13,4,24,0,3,25,5,33,2,8,38,9,57,66,10,76,133
09/14/2021,MFD,OH,AGL,CE,Towers with Radar,0,4,7,6,17,0,0,14,10,24,0,4,21,16,41,38,32,70,111
09/15/2021,MFD,OH,AGL,CE,Towers with Radar,0,2,13,6,21,0,2,11,0,13,0,4,24,6,34,0,0,0,34
09/16/2021,MFD,OH,AGL,CE,Towers with Radar,0,8,17,5,30,0,0,28,3,31,0,8,45,8,61,14,6,20,81
09/17/2021,MFD,OH,AGL,CE,Towers with Radar,0,9,13,11,33,0,3,30,0,33,0,12,43,11,66,28,2,30,96
09/18/2021,MFD,OH,AGL,CE,Towers with Radar,0,6,18,0,24,0,0,28,2,30,0,6,46,2,54,52,0,52,106
09/19/2021,MFD,OH,AGL,CE,Towers with Radar,0,2,8,0,10,0,6,24,0,30,0,8,32,0,40,32,0,32,72
09/20/2021,MFD,OH,AGL,CE,Towers with Radar,0,2,1,2,5,0,2,8,2,12,0,4,9,4,17,34,4,38,55
09/21/2021,MFD,OH,AGL,CE,Towers with Radar,0,2,18,0,20,0,0,0,0,0,0,2,18,0,20,2,0,2,22
09/22/2021,MFD,OH,AGL,CE,Towers with Radar,0,2,3,0,5,0,0,0,0,0,0,2,3,0,5,0,0,0,5
09/23/2021,MFD,OH,AGL,CE,Towers with Radar,0,3,7,0,10,0,0,3,0,3,0,3,10,0,13,14,0,14,27
09/24/2021,MFD,OH,AGL,CE,Towers with Radar,0,6,14,2,22,0,3,29,2,34,0,9,43,4,56,64,2,66,122
09/25/2021,MFD,OH,AGL,CE,Towers with Radar,0,3,3,0,6,0,3,15,0,18,0,6,18,0,24,12,0,12,36
09/26/2021,MFD,OH,AGL,CE,Towers with Radar,0,2,8,0,10,0,4,25,0,29,0,6,33,0,39,16,0,16,55
09/27/2021,MFD,OH,AGL,CE,Towers with Radar,0,0,10,0,10,0,0,14,0,14,0,0,24,0,24,24,0,24,48
09/28/2021,MFD,OH,AGL,CE,Towers with Radar,0,4,17,0,21,0,6,15,0,21,0,10,32,0,42,16,0,16,58
09/29/2021,MFD,OH,AGL,CE,Towers with Radar,0,6,10,3,19,0,0,47,4,51,0,6,57,7,70,34,2,36,106
09/30/2021,MFD,OH,AGL,CE,Towers with Radar,0,0,16,4,20,0,2,25,0,27,0,2,41,4,47,14,0,14,61
10/01/2021,MFD,OH,AGL,CE,Towers with Radar,0,8,15,3,26,0,1,37,0,38,0,9,52,3,64,18,0,18,82
10/02/2021,MFD,OH,AGL,CE,Towers with Radar,0,1,9,0,10,0,1,31,0,32,0,2,40,0,42,12,0,12,54
10/03/2021,MFD,OH,AGL,CE,Towers with Radar,0,0,14,1,15,0,0,3,0,3,0,0,17,1,18,8,0,8,26
10/04/2021,MFD,OH,AGL,CE,Towers with Radar,0,0,16,2,18,0,0,0,0,0,0,0,16,2,18,0,0,0,18
10/05/2021,MFD,OH,AGL,CE,Towers with Radar,0,4,5,6,15,0,0,7,4,11,0,4,12,10,26,16,8,24,50
10/06/2021,MFD,OH,AGL,CE,Towers with Radar,0,6,8,6,20,0,0,2,2,4,0,6,10,8,24,6,8,14,38
10/07/2021,MFD,OH,AGL,CE,Towers with Radar,0,2,13,4,19,0,0,8,4,12,0,2,21,8,31,6,40,46,77
10/08/2021,MFD,OH,AGL,CE,Towers with Radar,0,4,4,1,9,0,0,12,0,12,0,4,16,1,21,24,0,24,45
10/09/2021,MFD,OH,AGL,CE,Towers with Radar,0,0,22,0,22,0,0,17,0,17,0,0,39,0,39,4,0,4,43
10/10/2021,MFD,OH,AGL,CE,Towers with Radar,0,1,2,0,3,0,0,18,0,18,0,1,20,0,21,24,0,24,45
10/11/2021,MFD,OH,AGL,CE,Towers with Radar,0,5,8,0,13,0,4,26,0,30,0,9,34,0,43,16,0,16,59
10/12/2021,MFD,OH,AGL,CE,Towers with Radar,0,0,11,2,13,0,0,17,7,24,0,0,28,9,37,8,30,38,75
10/13/2021,MFD,OH,AGL,CE,Towers with Radar,0,0,16,11,27,0,2,43,7,52,0,2,59,18,79,20,44,64,143
10/14/2021,MFD,OH,AGL,CE,Towers with Radar,0,2,10,8,20,0,2,24,14,40,0,4,34,22,60,10,40,50,110
10/15/2021,MFD,OH,AGL,CE,Towers with Radar,0,2,7,9,18,0,0,0,1,1,0,2,7,10,19,14,6,20,39
10/16/2021,MFD,OH,AGL,CE,Towers with Radar,0,0,7,4,11,0,0,5,7,12,0,0,12,11,23,0,4,4,27
10/17/2021,MFD,OH,AGL,CE,Towers with Radar,0,3,2,1,6,0,0,12,0,12,0,3,14,1,18,0,0,0,18
10/18/2021,MFD,OH,AGL,CE,Towers with Radar,0,2,8,0,10,0,2,32,2,36,0,4,40,2,46,18,0,18,64
10/19/2021,MFD,OH,AGL,CE,Towers with Radar,0,6,8,0,14,0,5,33,12,50,0,11,41,12,64,24,14,38,102
10/20/2021,MFD,OH,AGL,CE,Towers with Radar,0,4,8,4,16,0,4,18,10,32,0,8,26,14,48,22,26,48,96
10/21/2021,MFD,OH,AGL,CE,Towers with Radar,0,0,5,1,6,0,1,2,0,3,0,1,7,1,9,0,0,0,9
10/22/2021,MFD,OH,AGL,CE,Towers with Radar,0,0,14,7,21,0,0,5,2,7,0,0,19,9,28,28,0,28,56
10/23/2021,MFD,OH,AGL,CE,Towers with Radar,0,0,21,0,21,0,2,11,0,13,0,2,32,0,34,0,0,0,34
10/24/2021,MFD,OH,AGL,CE,Towers with Radar,0,2,3,1,6,0,0,3,0,3,0,2,6,1,9,8,0,8,17
10/25/2021,MFD,OH,AGL,CE,Towers with Radar,0,0,15,6,21,0,1,8,1,10,0,1,23,7,31,0,2,2,33
10/26/2021,MFD,OH,AGL,CE,Towers with Radar,0,4,5,9,18,0,0,6,6,12,0,4,11,15,30,2,22,24,54
10/27/2021,MFD,OH,AGL,CE,Towers with Radar,0,2,11,2,15,0,0,0,0,0,0,2,11,2,15,0,0,0,15
10/28/2021,MFD,OH,AGL,CE,Towers with Radar,0,2,24,15,41,0,2,23,13,38,0,4,47,28,79,6,4,10,89
10/29/2021,MFD,OH,AGL,CE,Towers with Radar,0,0,5,3,8,0,0,0,0,0,0,0,5,3,8,0,0,0,8
10/30/2021,MFD,OH,AGL,CE,Towers with Radar,0,0,7,0,7,0,0,0,0,0,0,0,7,0,7,0,0,0,7
10/31/2021,MFD,OH,AGL,CE,Towers with Radar,0,0,3,1,4,0,0,8,0,8,0,0,11,1,12,0,0,0,12
11/01/2021,MFD,OH,AGL,CE,Towers with Radar,0,2,14,0,16,0,6,23,0,29,0,8,37,0,45,2,0,2,47
11/02/2021,MFD,OH,AGL,CE,Towers with Radar,0,2,9,4,15,0,4,18,12,34,0,6,27,16,49,4,34,38,87
11/03/2021,MFD,OH,AGL,CE,Towers with Radar,0,4,6,7,17,0,7,20,6,33,0,11,26,13,50,10,6,16,66
11/04/2021,MFD,OH,AGL,CE,Towers with Radar,0,2,23,6,31,0,10,42,1,53,0,12,65,7,84,20,10,30,114
11/05/2021,MFD,OH,AGL,CE,Towers with Radar,0,1,26,8,35,0,1,49,2,52,0,2,75,10,87,60,2,62,149
11/06/2021,MFD,OH,AGL,CE,Towers with Radar,0,2,19,5,26,0,0,52,7,59,0,2,71,12,85,24,12,36,121
11/07/2021,MFD,OH,AGL,CE,Towers with Radar,0,0,9,0,9,0,6,43,0,49,0,6,52,0,58,14,0,14,72
11/08/2021,MFD,OH,AGL,CE,Towers with Radar,0,0,8,1,9,0,0,30,1,31,0,0,38,2,40,36,0,36,76
11/09/2021,MFD,OH,AGL,CE,Towers with Radar,0,4,8,13,25,0,3,35,6,44,0,7,43,19,69,20,6,26,95
11/10/2021,MFD,OH,AGL,CE,Towers with Radar,0,1,8,10,19,0,5,25,5,35,0,6,33,15,54,20,6,26,80
11/11/2021,MFD,OH,AGL,CE,Towers with Radar,0,0,7,0,7,0,0,3,0,3,0,0,10,0,10,12,0,12,22
11/12/2021,MFD,OH,AGL,CE,Towers with Radar,0,0,7,0,7,0,2,7,0,9,0,2,14,0,16,0,0,0,16
11/13/2021,MFD,OH,AGL,CE,Towers with Radar,0,0,5,0,5,0,0,0,0,0,0,0,5,0,5,0,0,0,5
11/14/2021,MFD,OH,AGL,CE,Towers with Radar,0,0,9,1,10,0,0,0,0,0,0,0,9,1,10,0,0,0,10
11/15/2021,MFD,OH,AGL,CE,Towers with Radar,0,3,23,0,26,0,0,7,0,7,0,3,30,0,33,0,0,0,33
11/16/2021,MFD,OH,AGL,CE,Towers with Radar,0,4,11,19,34,0,7,8,9,24,0,11,19,28,58,2,32,34,92
11/17/2021,MFD,OH,AGL,CE,Towers with Radar,0,5,4,9,18,0,0,0,2,2,0,5,4,11,20,0,14,14,34
11/18/2021,MFD,OH,AGL,CE,Towers with Radar,0,5,4,3,12,0,0,2,0,2,0,5,6,3,14,0,8,8,22
11/19/2021,MFD,OH,AGL,CE,Towers with Radar,0,2,11,3,16,0,5,34,0,39,0,7,45,3,55,34,0,34,89
11/20/2021,MFD,OH,AGL,CE,Towers with Radar,0,0,13,0,13,0,8,22,0,30,0,8,35,0,43,26,0,26,69
11/21/2021,MFD,OH,AGL,CE,Towers with Radar,0,0,2,3,5,0,0,0,0,0,0,0,2,3,5,0,0,0,5
11/22/2021,MFD,OH,AGL,CE,Towers with Radar,0,2,5,6,13,0,2,20,4,26,0,4,25,10,39,20,6,26,65
11/23/2021,MFD,OH,AGL,CE,Towers with Radar,0,6,21,3,30,0,3,37,6,46,0,9,58,9,76,16,8,24,100
11/24/2021,MFD,OH,AGL,CE,Towers with Radar,0,0,17,0,17,0,2,24,0,26,0,2,41,0,43,6,0,6,49
11/25/2021,MFD,OH,AGL,CE,Towers with Radar,0,2,0,0,2,0,0,0,0,0,0,2,0,0,2,0,0,0,2
11/26/2021,MFD,OH,AGL,CE,Towers with Radar,0,0,5,0,5,0,0,4,0,4,0,0,9,0,9,0,0,0,9
11/27/2021,MFD,OH,AGL,CE,Towers with Radar,0,0,14,0,14,0,0,26,0,26,0,0,40,0,40,2,0,2,42
11/28/2021,MFD,OH,AGL,CE,Towers with Radar,0,0,7,0,7,0,0,0,0,0,0,0,7,0,7,0,0,0,7
11/29/2021,MFD,OH,AGL,CE,Towers with Radar,0,2,4,0,6,0,4,22,0,26,0,6,26,0,32,8,0,8,40
11/30/2021,MFD,OH,AGL,CE,Towers with Radar,0,2,10,2,14,0,2,9,10,21,0,4,19,12,35,4,20,24,59
12/01/2021,MFD,OH,AGL,CE,Towers with Radar,0,2,14,2,18,0,4,11,7,22,0,6,25,9,40,2,16,18,58
12/02/2021,MFD,OH,AGL,CE,Towers with Radar,0,0,7,4,11,0,1,7,3,11,0,1,14,7,22,12,8,20,42
12/03/2021,MFD,OH,AGL,CE,Towers with Radar,0,0,12,2,14,0,2,11,0,13,0,2,23,2,27,18,0,18,45
12/04/2021,MFD,OH,AGL,CE,Towers with Radar,0,2,22,0,24,0,3,43,0,46,0,5,65,0,70,26,0,26,96
12/05/2021,MFD,OH,AGL,CE,Towers with Radar,0,0,4,0,4,0,0,3,0,3,0,0,7,0,7,2,0,2,9
12/06/2021,MFD,OH,AGL,CE,Towers with Radar,0,0,9,0,9,0,0,3,0,3,0,0,12,0,12,0,0,0,12
12/07/2021,MFD,OH,AGL,CE,Towers with Radar,0,0,6,1,7,0,6,28,0,34,0,6,34,1,41,30,0,30,71
12/08/2021,MFD,OH,AGL,CE,Towers with Radar,0,0,6,7,13,0,0,2,6,8,0,0,8,13,21,0,16,16,37
12/09/2021,MFD,OH,AGL,CE,Towers with Radar,0,0,11,3,14,0,2,23,5,30,0,2,34,8,44,8,2,10,54
12/10/2021,MFD,OH,AGL,CE,Towers with Radar,0,0,13,2,15,0,0,3,0,3,0,0,16,2,18,0,0,0,18
12/11/2021,MFD,OH,AGL,CE,Towers with Radar,0,2,0,0,2,0,0,0,2,2,0,2,0,2,4,0,0,0,4
12/12/2021,MFD,OH,AGL,CE,Towers with Radar,0,2,13,0,15,0,6,49,0,55,0,8,62,0,70,8,0,8,78
12/13/2021,MFD,OH,AGL,CE,Towers with Radar,0,0,6,4,10,0,2,25,0,27,0,2,31,4,37,8,16,24,61
12/14/2021,MFD,OH,AGL,CE,Towers with Radar,0,0,11,4,15,0,0,26,5,31,0,0,37,9,46,28,52,80,126
12/15/2021,MFD,OH,AGL,CE,Towers with Radar,0,0,14,3,17,0,4,18,1,23,0,4,32,4,40,4,6,10,50
12/16/2021,MFD,OH,AGL,CE,Towers with Radar,0,0,5,6,11,0,0,0,4,4,0,0,5,10,15,0,30,30,45
12/17/2021,MFD,OH,AGL,CE,Towers with Radar,0,2,10,4,16,0,0,27,2,29,0,2,37,6,45,26,32,58,103
12/18/2021,MFD,OH,AGL,CE,Towers with Radar,0,0,2,0,2,0,0,0,0,0,0,0,2,0,2,0,0,0,2
12/19/2021,MFD,OH,AGL,CE,Towers with Radar,0,0,14,0,14,0,0,0,0,0,0,0,14,0,14,44,0,44,58
12/20/2021,MFD,OH,AGL,CE,Towers with Radar,0,8,9,8,25,0,0,17,2,19,0,8,26,10,44,10,8,18,62
12/21/2021,MFD,OH,AGL,CE,Towers with Radar,0,2,5,9,16,0,2,11,11,24,0,4,16,20,40,24,56,80,120
12/22/2021,MFD,OH,AGL,CE,Towers with Radar,0,2,14,0,16,0,0,18,0,18,0,2,32,0,34,0,0,0,34
12/23/2021,MFD,OH,AGL,CE,Towers with Radar,0,0,5,0,5,0,0,25,0,25,0,0,30,0,30,12,0,12,42
12/24/2021,MFD,OH,AGL,CE,Towers with Radar,0,0,10,0,10,0,0,18,0,18,0,0,28,0,28,30,0,30,58
12/25/2021,MFD,OH,AGL,CE,Towers with Radar,0,0,0,0,0,0,0,0,0,0,0,0,0,0,0,0,0,0,0
12/26/2021,MFD,OH,AGL,CE,Towers with Radar,0,0,5,0,5,0,0,7,0,7,0,0,12,0,12,28,0,28,40
12/27/2021,MFD,OH,AGL,CE,Towers with Radar,0,0,5,0,5,0,0,0,0,0,0,0,5,0,5,0,0,0,5
12/28/2021,MFD,OH,AGL,CE,Towers with Radar,0,2,3,0,5,0,0,2,0,2,0,2,5,0,7,0,0,0,7
12/29/2021,MFD,OH,AGL,CE,Towers with Radar,0,0,4,0,4,0,0,0,0,0,0,0,4,0,4,0,0,0,4
12/30/2021,MFD,OH,AGL,CE,Towers with Radar,0,2,0,0,2,0,0,0,0,0,0,2,0,0,2,0,0,0,2
12/31/2021,MFD,OH,AGL,CE,Towers with Radar,0,1,4,0,5,0,0,0,0,0,0,1,4,0,5,0,0,0,5
01/01/2022,MFD,OH,AGL,CE,Towers with Radar,0,1,0,0,1,0,0,0,0,0,0,1,0,0,1,0,0,0,1
01/02/2022,MFD,OH,AGL,CE,Towers with Radar,0,1,4,0,5,0,0,0,0,0,0,1,4,0,5,0,0,0,5
01/03/2022,MFD,OH,AGL,CE,Towers with Radar,0,1,10,0,11,0,0,16,0,16,0,1,26,0,27,6,0,6,33
01/04/2022,MFD,OH,AGL,CE,Towers with Radar,0,0,11,13,24,0,9,51,5,65,0,9,62,18,89,20,36,56,145
01/05/2022,MFD,OH,AGL,CE,Towers with Radar,0,0,4,4,8,0,1,1,6,8,0,1,5,10,16,0,12,12,28
01/06/2022,MFD,OH,AGL,CE,Towers with Radar,0,0,7,9,16,0,0,6,5,11,0,0,13,14,27,8,4,12,39
01/07/2022,MFD,OH,AGL,CE,Towers with Radar,0,6,5,1,12,0,0,8,0,8,0,6,13,1,20,34,2,36,56
01/08/2022,MFD,OH,AGL,CE,Towers with Radar,0,12,3,3,18,0,0,16,1,17,0,12,19,4,35,4,2,6,41
01/09/2022,MFD,OH,AGL,CE,Towers with Radar,0,0,1,1,2,0,0,0,0,0,0,0,1,1,2,0,0,0,2
01/10/2022,MFD,OH,AGL,CE,Towers with Radar,0,8,2,0,10,0,0,2,0,2,0,8,4,0,12,0,0,0,12
01/11/2022,MFD,OH,AGL,CE,Towers with Radar,0,0,9,9,18,0,0,18,12,30,0,0,27,21,48,0,0,0,48
01/12/2022,MFD,OH,AGL,CE,Towers with Radar,0,0,11,3,14,4,2,20,7,33,4,2,31,10,47,20,16,36,83
01/13/2022,MFD,OH,AGL,CE,Towers with Radar,0,0,10,13,23,0,0,19,5,24,0,0,29,18,47,10,28,38,85
01/14/2022,MFD,OH,AGL,CE,Towers with Radar,0,4,8,0,12,0,0,0,0,0,0,4,8,0,12,0,0,0,12
01/15/2022,MFD,OH,AGL,CE,Towers with Radar,0,0,5,0,5,0,0,10,0,10,0,0,15,0,15,4,0,4,19
01/16/2022,MFD,OH,AGL,CE,Towers with Radar,0,0,5,0,5,0,2,34,0,36,0,2,39,0,41,30,0,30,71
01/17/2022,MFD,OH,AGL,CE,Towers with Radar,0,0,0,1,1,0,0,0,0,0,0,0,0,1,1,0,0,0,1
01/18/2022,MFD,OH,AGL,CE,Towers with Radar,0,0,6,2,8,0,0,6,15,21,0,0,12,17,29,2,26,28,57
01/19/2022,MFD,OH,AGL,CE,Towers with Radar,0,2,1,4,7,0,0,6,0,6,0,2,7,4,13,28,0,28,41
01/20/2022,MFD,OH,AGL,CE,Towers with Radar,0,0,2,0,2,0,0,6,8,14,0,0,8,8,16,4,26,30,46
01/21/2022,MFD,OH,AGL,CE,Towers with Radar,0,0,8,3,11,0,4,15,0,19,0,4,23,3,30,46,0,46,76
01/22/2022,MFD,OH,AGL,CE,Towers with Radar,0,0,7,0,7,0,7,17,0,24,0,7,24,0,31,24,0,24,55
01/23/2022,MFD,OH,AGL,CE,Towers with Radar,0,0,6,1,7,0,0,0,0,0,0,0,6,1,7,0,0,0,7
01/24/2022,MFD,OH,AGL,CE,Towers with Radar,0,0,9,0,9,0,0,2,0,2,0,0,11,0,11,0,0,0,11
01/25/2022,MFD,OH,AGL,CE,Towers with Radar,0,0,5,4,9,0,0,9,0,9,0,0,14,4,18,4,0,4,22
01/26/2022,MFD,OH,AGL,CE,Towers with Radar,0,0,6,1,7,0,2,35,2,39,0,2,41,3,46,22,4,26,72
01/27/2022,MFD,OH,AGL,CE,Towers with Radar,0,0,8,2,10,0,1,10,0,11,0,1,18,2,21,2,0,2,23
01/28/2022,MFD,OH,AGL,CE,Towers with Radar,0,0,3,1,4,0,0,12,0,12,0,0,15,1,16,18,0,18,34
01/29/2022,MFD,OH,AGL,CE,Towers with Radar,0,0,14,0,14,0,0,41,0,41,0,0,55,0,55,34,0,34,89
01/30/2022,MFD,OH,AGL,CE,Towers with Radar,0,0,6,0,6,0,0,11,0,11,0,0,17,0,17,20,0,20,37
01/31/2022,MFD,OH,AGL,CE,Towers with Radar,0,5,6,4,15,0,2,13,0,15,0,7,19,4,30,0,0,0,30
02/01/2022,MFD,OH,AGL,CE,Towers with Radar,3,2,9,4,18,0,2,32,0,34,3,4,41,4,52,22,2,24,76
02/02/2022,MFD,OH,AGL,CE,Towers with Radar,0,2,0,4,6,0,0,0,0,0,0,2,0,4,6,0,0,0,6
02/03/2022,MFD,OH,AGL,CE,Towers with Radar,0,0,0,0,0,0,0,0,0,0,0,0,0,0,0,0,0,0,0
02/04/2022,MFD,OH,AGL,CE,Towers with Radar,0,0,2,0,2,0,0,0,0,0,0,0,2,0,2,0,0,0,2
02/05/2022,MFD,OH,AGL,CE,Towers with Radar,0,0,2,6,8,0,0,4,1,5,0,0,6,7,13,10,0,10,23
02/06/2022,MFD,OH,AGL,CE,Towers with Radar,0,0,6,0,6,0,0,18,0,18,0,0,24,0,24,32,0,32,56
02/07/2022,MFD,OH,AGL,CE,Towers with Radar,0,0,11,2,13,0,0,12,1,13,0,0,23,3,26,16,0,16,42
02/08/2022,MFD,OH,AGL,CE,Towers with Radar,0,2,6,4,12,0,3,10,12,25,0,5,16,16,37,2,4,6,43
02/09/2022,MFD,OH,AGL,CE,Towers with Radar,0,5,7,4,16,0,11,5,6,22,0,16,12,10,38,0,22,22,60
02/10/2022,MFD,OH,AGL,CE,Towers with Radar,0,5,10,9,24,0,0,1,4,5,0,5,11,13,29,0,8,8,37
02/11/2022,MFD,OH,AGL,CE,Towers with Radar,0,0,4,0,4,0,0,3,0,3,0,0,7,0,7,0,0,0,7
02/12/2022,MFD,OH,AGL,CE,Towers with Radar,0,2,1,0,3,0,0,11,0,11,0,2,12,0,14,74,0,74,88
02/13/2022,MFD,OH,AGL,CE,Towers with Radar,0,0,8,0,8,0,0,5,0,5,0,0,13,0,13,6,0,6,19
02/14/2022,MFD,OH,AGL,CE,Towers with Radar,0,4,7,0,11,0,0,21,0,21,0,4,28,0,32,66,0,66,98
02/15/2022,MFD,OH,AGL,CE,Towers with Radar,0,4,15,3,22,0,0,59,5,64,0,4,74,8,86,20,2,22,108
02/16/2022,MFD,OH,AGL,CE,Towers with Radar,0,0,2,2,4,0,2,2,0,4,0,2,4,2,8,0,0,0,8
02/17/2022,MFD,OH,AGL,CE,Towers with Radar,0,0,5,3,8,0,0,0,0,0,0,0,5,3,8,0,0,0,8
02/18/2022,MFD,OH,AGL,CE,Towers with Radar,0,0,5,0,5,0,0,2,0,2,0,0,7,0,7,0,0,0,7
02/19/2022,MFD,OH,AGL,CE,Towers with Radar,0,0,1,0,1,0,0,4,0,4,0,0,5,0,5,4,0,4,9
02/20/2022,MFD,OH,AGL,CE,Towers with Radar,0,0,3,0,3,0,10,13,0,23,0,10,16,0,26,2,0,2,28
02/21/2022,MFD,OH,AGL,CE,Towers with Radar,0,5,22,0,27,0,6,71,0,77,0,11,93,0,104,16,0,16,120
02/22/2022,MFD,OH,AGL,CE,Towers with Radar,0,4,6,6,16,0,0,0,0,0,0,4,6,6,16,0,0,0,16
02/23/2022,MFD,OH,AGL,CE,Towers with Radar,0,0,10,1,11,0,0,5,0,5,0,0,15,1,16,2,0,2,18
02/24/2022,MFD,OH,AGL,CE,Towers with Radar,0,0,4,6,10,0,2,17,3,22,0,2,21,9,32,0,12,12,44
02/25/2022,MFD,OH,AGL,CE,Towers with Radar,0,0,8,0,8,0,0,0,0,0,0,0,8,0,8,0,0,0,8
02/26/2022,MFD,OH,AGL,CE,Towers with Radar,0,4,0,1,5,0,2,29,0,31,0,6,29,1,36,8,0,8,44
02/27/2022,MFD,OH,AGL,CE,Towers with Radar,0,2,1,0,3,0,0,35,1,36,0,2,36,1,39,12,0,12,51
02/28/2022,MFD,OH,AGL,CE,Towers with Radar,0,4,22,0,26,0,6,48,0,54,0,10,70,0,80,10,0,10,90
03/01/2022,MFD,OH,AGL,CE,Towers with Radar,0,1,4,0,5,0,2,15,1,18,0,3,19,1,23,8,8,16,39
03/02/2022,MFD,OH,AGL,CE,Towers with Radar,0,3,8,1,12,0,6,23,3,32,0,9,31,4,44,32,0,32,76
03/03/2022,MFD,OH,AGL,CE,Towers with Radar,0,1,17,1,19,0,3,30,1,34,0,4,47,2,53,28,0,28,81
03/04/2022,MFD,OH,AGL,CE,Towers with Radar,0,5,25,2,32,0,6,47,0,53,0,11,72,2,85,40,0,40,125
03/05/2022,MFD,OH,AGL,CE,Towers with Radar,0,0,5,0,5,0,3,22,3,28,0,3,27,3,33,6,16,22,55
03/06/2022,MFD,OH,AGL,CE,Towers with Radar,0,0,4,1,5,0,0,1,0,1,0,0,5,1,6,0,0,0,6
03/07/2022,MFD,OH,AGL,CE,Towers with Radar,0,0,1,0,1,0,0,0,0,0,0,0,1,0,1,0,0,0,1
03/08/2022,MFD,OH,AGL,CE,Towers with Radar,0,0,14,2,16,0,0,22,1,23,0,0,36,3,39,32,10,42,81
03/09/2022,MFD,OH,AGL,CE,Towers with Radar,0,4,6,4,14,0,0,13,7,20,0,4,19,11,34,14,26,40,74
03/10/2022,MFD,OH,AGL,CE,Towers with Radar,0,2,9,10,21,0,2,24,1,27,0,4,33,11,48,44,18,62,110
03/11/2022,MFD,OH,AGL,CE,Towers with Radar,0,2,16,1,19,0,0,7,0,7,0,2,23,1,26,12,0,12,38
03/12/2022,MFD,OH,AGL,CE,Towers with Radar,0,0,0,0,0,0,2,2,0,4,0,2,2,0,4,18,0,18,22
03/13/2022,MFD,OH,AGL,CE,Towers with Radar,0,0,4,1,5,0,0,1,0,1,0,0,5,1,6,6,0,6,12
03/14/2022,MFD,OH,AGL,CE,Towers with Radar,0,4,18,1,23,0,6,38,1,45,0,10,56,2,68,50,0,50,118
03/15/2022,MFD,OH,AGL,CE,Towers with Radar,0,0,39,6,45,0,3,26,0,29,0,3,65,6,74,26,16,42,116
03/16/2022,MFD,OH,AGL,CE,Towers with Radar,0,6,7,3,16,0,5,37,1,43,0,11,44,4,59,10,0,10,69
03/17/2022,MFD,OH,AGL,CE,Towers with Radar,0,3,17,0,20,0,3,55,1,59,0,6,72,1,79,26,0,26,105
03/18/2022,MFD,OH,AGL,CE,Towers with Radar,0,2,4,0,6,0,0,25,0,25,0,2,29,0,31,28,0,28,59
03/19/2022,MFD,OH,AGL,CE,Towers with Radar,0,0,27,0,27,0,0,1,0,1,0,0,28,0,28,2,0,2,30
03/20/2022,MFD,OH,AGL,CE,Towers with Radar,0,0,19,0,19,0,0,23,1,24,0,0,42,1,43,36,0,36,79
03/21/2022,MFD,OH,AGL,CE,Towers with Radar,0,2,9,0,11,0,4,36,0,40,0,6,45,0,51,28,0,28,79
03/22/2022,MFD,OH,AGL,CE,Towers with Radar,0,2,5,4,11,0,0,9,12,21,0,2,14,16,32,16,24,40,72
03/23/2022,MFD,OH,AGL,CE,Towers with Radar,0,0,5,6,11,0,0,0,3,3,0,0,5,9,14,0,16,16,30
03/24/2022,MFD,OH,AGL,CE,Towers with Radar,0,0,5,1,6,0,0,3,8,11,0,0,8,9,17,0,30,30,47
03/25/2022,MFD,OH,AGL,CE,Towers with Radar,0,0,10,0,10,0,0,2,0,2,0,0,12,0,12,0,0,0,12
03/26/2022,MFD,OH,AGL,CE,Towers with Radar,0,0,0,0,0,0,0,0,0,0,0,0,0,0,0,0,0,0,0
03/27/2022,MFD,OH,AGL,CE,Towers with Radar,0,2,1,0,3,0,0,7,0,7,0,2,8,0,10,10,0,10,20
03/28/2022,MFD,OH,AGL,CE,Towers with Radar,0,0,6,0,6,0,0,4,0,4,0,0,10,0,10,0,0,0,10
03/29/2022,MFD,OH,AGL,CE,Towers with Radar,0,4,8,10,22,0,4,33,2,39,0,8,41,12,61,6,2,8,69
03/30/2022,MFD,OH,AGL,CE,Towers with Radar,0,2,1,0,3,0,0,2,0,2,0,2,3,0,5,0,0,0,5
03/31/2022,MFD,OH,AGL,CE,Towers with Radar,0,4,4,1,9,0,3,4,0,7,0,7,8,1,16,4,30,34,50
04/01/2022,MFD,OH,AGL,CE,Towers with Radar,0,0,8,0,8,0,0,0,0,0,0,0,8,0,8,0,0,0,8
04/02/2022,MFD,OH,AGL,CE,Towers with Radar,0,0,17,0,17,0,6,44,0,50,0,6,61,0,67,20,0,20,87
04/03/2022,MFD,OH,AGL,CE,Towers with Radar,0,2,1,0,3,0,3,1,0,4,0,5,2,0,7,14,0,14,21
04/04/2022,MFD,OH,AGL,CE,Towers with Radar,0,2,1,0,3,0,0,5,0,5,0,2,6,0,8,0,0,0,8
04/05/2022,MFD,OH,AGL,CE,Towers with Radar,0,2,12,12,26,0,4,16,4,24,0,6,28,16,50,8,20,28,78
04/06/2022,MFD,OH,AGL,CE,Towers with Radar,0,0,9,2,11,0,0,0,0,0,0,0,9,2,11,28,0,28,39
04/07/2022,MFD,OH,AGL,CE,Towers with Radar,0,0,19,0,19,0,0,7,0,7,0,0,26,0,26,6,0,6,32
04/08/2022,MFD,OH,AGL,CE,Towers with Radar,0,4,5,2,11,0,2,1,0,3,0,6,6,2,14,0,0,0,14
04/09/2022,MFD,OH,AGL,CE,Towers with Radar,0,0,5,5,10,0,0,2,0,2,0,0,7,5,12,0,0,0,12
04/10/2022,MFD,OH,AGL,CE,Towers with Radar,0,8,14,0,22,0,6,55,0,61,0,14,69,0,83,40,0,40,123
04/11/2022,MFD,OH,AGL,CE,Towers with Radar,0,0,4,0,4,0,0,1,0,1,0,0,5,0,5,0,0,0,5
04/12/2022,MFD,OH,AGL,CE,Towers with Radar,0,4,19,3,26,0,2,37,0,39,0,6,56,3,65,48,0,48,113
04/13/2022,MFD,OH,AGL,CE,Towers with Radar,0,0,5,4,9,0,0,3,1,4,0,0,8,5,13,12,8,20,33
04/14/2022,MFD,OH,AGL,CE,Towers with Radar,0,1,10,15,26,0,2,6,0,8,0,3,16,15,34,0,36,36,70
04/15/2022,MFD,OH,AGL,CE,Towers with Radar,0,4,4,0,8,0,1,8,0,9,0,5,12,0,17,0,0,0,17
04/16/2022,MFD,OH,AGL,CE,Towers with Radar,0,0,13,0,13,0,0,5,1,6,0,0,18,1,19,4,0,4,23
04/17/2022,MFD,OH,AGL,CE,Towers with Radar,0,0,9,0,9,0,0,30,0,30,0,0,39,0,39,6,0,6,45
04/18/2022,MFD,OH,AGL,CE,Towers with Radar,0,2,8,0,10,0,0,0,0,0,0,2,8,0,10,0,0,0,10
04/19/2022,MFD,OH,AGL,CE,Towers with Radar,0,2,6,4,12,0,2,8,4,14,0,4,14,8,26,0,22,22,48
04/20/2022,MFD,OH,AGL,CE,Towers with Radar,0,8,18,2,28,0,7,30,7,44,0,15,48,9,72,22,6,28,100
04/21/2022,MFD,OH,AGL,CE,Towers with Radar,0,1,15,1,17,0,2,9,2,13,0,3,24,3,30,0,0,0,30
04/22/2022,MFD,OH,AGL,CE,Towers with Radar,0,5,18,6,29,0,4,24,1,29,0,9,42,7,58,8,0,8,66
04/23/2022,MFD,OH,AGL,CE,Towers with Radar,0,2,9,2,13,0,4,58,4,66,0,6,67,6,79,42,0,42,121
04/24/2022,MFD,OH,AGL,CE,Towers with Radar,0,0,3,0,3,0,0,17,0,17,0,0,20,0,20,4,0,4,24
04/25/2022,MFD,OH,AGL,CE,Towers with Radar,0,0,7,1,8,0,1,4,0,5,0,1,11,1,13,8,0,8,21
04/26/2022,MFD,OH,AGL,CE,Towers with Radar,0,6,17,4,27,0,0,16,0,16,0,6,33,4,43,0,0,0,43
04/27/2022,MFD,OH,AGL,CE,Towers with Radar,0,2,17,4,23,0,1,22,0,23,0,3,39,4,46,0,0,0,46
04/28/2022,MFD,OH,AGL,CE,Towers with Radar,0,0,10,2,12,0,8,50,5,63,0,8,60,7,75,32,4,36,111
04/29/2022,MFD,OH,AGL,CE,Towers with Radar,0,4,7,0,11,0,6,40,0,46,0,10,47,0,57,10,0,10,67
04/30/2022,MFD,OH,AGL,CE,Towers with Radar,0,3,3,0,6,0,5,11,0,16,0,8,14,0,22,24,0,24,46
05/01/2022,MFD,OH,AGL,CE,Towers with Radar,0,1,6,0,7,0,0,5,0,5,0,1,11,0,12,0,0,0,12
05/02/2022,MFD,OH,AGL,CE,Towers with Radar,0,6,19,1,26,0,2,10,0,12,0,8,29,1,38,0,0,0,38
05/03/2022,MFD,OH,AGL,CE,Towers with Radar,0,2,8,1,11,0,0,0,0,0,0,2,8,1,11,0,0,0,11
05/04/2022,MFD,OH,AGL,CE,Towers with Radar,0,9,15,0,24,0,0,0,0,0,0,9,15,0,24,0,0,0,24
05/05/2022,MFD,OH,AGL,CE,Towers with Radar,0,3,13,0,16,0,1,21,0,22,0,4,34,0,38,16,0,16,54
05/06/2022,MFD,OH,AGL,CE,Towers with Radar,0,0,20,1,21,0,0,0,0,0,0,0,20,1,21,0,0,0,21
05/07/2022,MFD,OH,AGL,CE,Towers with Radar,0,0,1,0,1,0,0,4,0,4,0,0,5,0,5,0,0,0,5
05/08/2022,MFD,OH,AGL,CE,Towers with Radar,0,0,10,14,24,0,0,32,14,46,0,0,42,28,70,10,22,32,102
05/09/2022,MFD,OH,AGL,CE,Towers with Radar,0,1,6,1,8,0,5,29,0,34,0,6,35,1,42,38,2,40,82
05/10/2022,MFD,OH,AGL,CE,Towers with Radar,0,0,13,7,20,0,4,34,6,44,0,4,47,13,64,8,10,18,82
05/11/2022,MFD,OH,AGL,CE,Towers with Radar,0,2,16,6,24,0,0,33,0,33,0,2,49,6,57,28,14,42,99
05/12/2022,MFD,OH,AGL,CE,Towers with Radar,0,5,19,0,24,0,2,53,0,55,0,7,72,0,79,52,0,52,131
05/13/2022,MFD,OH,AGL,CE,Towers with Radar,0,4,9,2,15,0,2,21,0,23,0,6,30,2,38,28,0,28,66
05/14/2022,MFD,OH,AGL,CE,Towers with Radar,0,10,14,0,24,0,0,14,0,14,0,10,28,0,38,2,0,2,40
05/15/2022,MFD,OH,AGL,CE,Towers with Radar,0,10,36,5,51,0,2,41,2,45,0,12,77,7,96,12,2,14,110
05/16/2022,MFD,OH,AGL,CE,Towers with Radar,0,0,12,2,14,0,0,13,0,13,0,0,25,2,27,8,0,8,35
05/17/2022,MFD,OH,AGL,CE,Towers with Radar,0,2,23,2,27,0,6,23,7,36,0,8,46,9,63,26,22,48,111
05/18/2022,MFD,OH,AGL,CE,Towers with Radar,0,4,22,4,30,0,0,10,2,12,0,4,32,6,42,0,2,2,44
05/19/2022,MFD,OH,AGL,CE,Towers with Radar,0,4,23,1,28,0,0,18,1,19,0,4,41,2,47,0,2,2,49
05/20/2022,MFD,OH,AGL,CE,Towers with Radar,0,2,7,0,9,0,0,4,0,4,0,2,11,0,13,0,0,0,13
05/21/2022,MFD,OH,AGL,CE,Towers with Radar,0,1,1,0,2,0,3,10,0,13,0,4,11,0,15,6,0,6,21
05/22/2022,MFD,OH,AGL,CE,Towers with Radar,0,0,23,1,24,0,2,7,0,9,0,2,30,1,33,14,0,14,47
05/23/2022,MFD,OH,AGL,CE,Towers with Radar,0,6,26,0,32,0,2,21,0,23,0,8,47,0,55,0,0,0,55
05/24/2022,MFD,OH,AGL,CE,Towers with Radar,0,0,27,2,29,0,10,45,8,63,0,10,72,10,92,34,10,44,136
05/25/2022,MFD,OH,AGL,CE,Towers with Radar,0,0,17,1,18,0,2,16,3,21,0,2,33,4,39,18,12,30,69
05/26/2022,MFD,OH,AGL,CE,Towers with Radar,0,4,11,1,16,0,2,6,0,8,0,6,17,1,24,6,0,6,30
05/27/2022,MFD,OH,AGL,CE,Towers with Radar,0,2,13,0,15,0,0,7,0,7,0,2,20,0,22,4,0,4,26
05/28/2022,MFD,OH,AGL,CE,Towers with Radar,0,0,18,1,19,0,0,26,0,26,0,0,44,1,45,24,0,24,69
05/29/2022,MFD,OH,AGL,CE,Towers with Radar,0,1,8,0,9,0,1,27,0,28,0,2,35,0,37,34,0,34,71
05/30/2022,MFD,OH,AGL,CE,Towers with Radar,0,1,10,0,11,0,2,18,0,20,0,3,28,0,31,10,0,10,41
05/31/2022,MFD,OH,AGL,CE,Towers with Radar,2,10,10,0,22,0,4,16,0,20,2,14,26,0,42,0,0,0,42
06/01/2022,MFD,OH,AGL,CE,Towers with Radar,0,4,10,0,14,0,2,19,0,21,0,6,29,0,35,18,0,18,53
06/02/2022,MFD,OH,AGL,CE,Towers with Radar,0,4,4,5,13,0,0,6,2,8,0,4,10,7,21,0,0,0,21
06/03/2022,MFD,OH,AGL,CE,Towers with Radar,6,0,4,0,10,0,5,22,0,27,6,5,26,0,37,26,0,26,63
06/04/2022,MFD,OH,AGL,CE,Towers with Radar,0,0,8,1,9,0,0,41,0,41,0,0,49,1,50,68,0,68,118
06/05/2022,MFD,OH,AGL,CE,Towers with Radar,1,2,13,1,17,0,3,22,1,26,1,5,35,2,43,4,0,4,47
06/06/2022,MFD,OH,AGL,CE,Towers with Radar,2,4,6,0,12,0,0,7,0,7,2,4,13,0,19,0,0,0,19
06/07/2022,MFD,OH,AGL,CE,Towers with Radar,0,11,19,3,33,0,0,0,5,5,0,11,19,8,38,0,10,10,48
06/08/2022,MFD,OH,AGL,CE,Towers with Radar,2,16,15,0,33,0,1,12,0,13,2,17,27,0,46,6,2,8,54
06/09/2022,MFD,OH,AGL,CE,Towers with Radar,6,4,13,8,31,0,2,21,4,27,6,6,34,12,58,26,16,42,100
06/10/2022,MFD,OH,AGL,CE,Towers with Radar,6,2,11,8,27,0,8,37,2,47,6,10,48,10,74,54,2,56,130
06/11/2022,MFD,OH,AGL,CE,Towers with Radar,0,2,13,1,16,0,0,25,1,26,0,2,38,2,42,28,12,40,82
06/12/2022,MFD,OH,AGL,CE,Towers with Radar,0,0,7,0,7,0,0,1,0,1,0,0,8,0,8,8,0,8,16
06/13/2022,MFD,OH,AGL,CE,Towers with Radar,2,0,14,0,16,0,2,8,0,10,2,2,22,0,26,12,8,20,46
06/14/2022,MFD,OH,AGL,CE,Towers with Radar,5,3,13,4,25,0,1,14,3,18,5,4,27,7,43,0,6,6,49
06/15/2022,MFD,OH,AGL,CE,Towers with Radar,4,6,12,0,22,0,5,44,4,53,4,11,56,4,75,22,10,32,107
06/16/2022,MFD,OH,AGL,CE,Towers with Radar,3,7,7,0,17,0,0,14,2,16,3,7,21,2,33,0,22,22,55
06/17/2022,MFD,OH,AGL,CE,Towers with Radar,2,4,7,0,13,0,2,19,0,21,2,6,26,0,34,8,0,8,42
06/18/2022,MFD,OH,AGL,CE,Towers with Radar,0,1,8,0,9,0,0,5,0,5,0,1,13,0,14,4,0,4,18
06/19/2022,MFD,OH,AGL,CE,Towers with Radar,0,0,5,0,5,0,1,27,1,29,0,1,32,1,34,36,0,36,70
06/20/2022,MFD,OH,AGL,CE,Towers with Radar,0,2,7,0,9,0,0,27,0,27,0,2,34,0,36,28,0,28,64
06/21/2022,MFD,OH,AGL,CE,Towers with Radar,0,8,6,0,14,0,4,15,0,19,0,12,21,0,33,4,0,4,37
06/22/2022,MFD,OH,AGL,CE,Towers with Radar,4,6,17,1,28,0,4,22,0,26,4,10,39,1,54,10,0,10,64
06/23/2022,MFD,OH,AGL,CE,Towers with Radar,2,3,14,6,25,0,4,19,0,23,2,7,33,6,48,50,0,50,98
06/24/2022,MFD,OH,AGL,CE,Towers with Radar,0,14,15,0,29,0,4,36,0,40,0,18,51,0,69,24,0,24,93
06/25/2022,MFD,OH,AGL,CE,Towers with Radar,2,2,7,0,11,0,2,43,0,45,2,4,50,0,56,32,0,32,88
06/26/2022,MFD,OH,AGL,CE,Towers with Radar,0,6,17,0,23,0,0,4,0,4,0,6,21,0,27,0,0,0,27
06/27/2022,MFD,OH,AGL,CE,Towers with Radar,0,12,6,1,19,0,2,24,0,26,0,14,30,1,45,16,0,16,61
06/28/2022,MFD,OH,AGL,CE,Towers with Radar,0,7,10,9,26,0,6,40,1,47,0,13,50,10,73,70,0,70,143
06/29/2022,MFD,OH,AGL,CE,Towers with Radar,0,3,9,3,15,0,2,31,2,35,0,5,40,5,50,12,0,12,62
06/30/2022,MFD,OH,AGL,CE,Towers with Radar,0,3,11,0,14,0,2,32,0,34,0,5,43,0,48,34,0,34,82
07/01/2022,MFD,OH,AGL,CE,Towers with Radar,0,0,11,0,11,0,0,20,0,20,0,0,31,0,31,20,0,20,51
07/02/2022,MFD,OH,AGL,CE,Towers with Radar,0,2,18,0,20,0,0,30,0,30,0,2,48,0,50,36,0,36,86
07/03/2022,MFD,OH,AGL,CE,Towers with Radar,0,12,13,0,25,0,0,27,0,27,0,12,40,0,52,12,0,12,64
07/04/2022,MFD,OH,AGL,CE,Towers with Radar,0,0,8,0,8,0,0,17,0,17,0,0,25,0,25,14,0,14,39
07/05/2022,MFD,OH,AGL,CE,Towers with Radar,0,1,6,0,7,0,2,7,0,9,0,3,13,0,16,12,0,12,28
07/06/2022,MFD,OH,AGL,CE,Towers with Radar,0,7,15,0,22,0,0,2,0,2,0,7,17,0,24,8,0,8,32
07/07/2022,MFD,OH,AGL,CE,Towers with Radar,0,9,22,3,34,0,3,27,11,41,0,12,49,14,75,38,8,46,121
07/08/2022,MFD,OH,AGL,CE,Towers with Radar,0,4,21,2,27,0,2,13,0,15,0,6,34,2,42,0,0,0,42
07/09/2022,MFD,OH,AGL,CE,Towers with Radar,0,9,30,1,40,0,3,24,0,27,0,12,54,1,67,16,0,16,83
07/10/2022,MFD,OH,AGL,CE,Towers with Radar,0,6,7,1,14,0,2,25,0,27,0,8,32,1,41,30,0,30,71
07/11/2022,MFD,OH,AGL,CE,Towers with Radar,0,2,7,4,13,0,0,16,0,16,0,2,23,4,29,10,0,10,39
07/12/2022,MFD,OH,AGL,CE,Towers with Radar,0,4,8,0,12,0,0,9,0,9,0,4,17,0,21,18,0,18,39
07/13/2022,MFD,OH,AGL,CE,Towers with Radar,0,0,5,0,5,0,2,19,2,23,0,2,24,2,28,22,0,22,50
07/14/2022,MFD,OH,AGL,CE,Towers with Radar,0,2,13,1,16,0,3,45,0,48,0,5,58,1,64,36,0,36,100
07/15/2022,MFD,OH,AGL,CE,Towers with Radar,0,4,9,0,13,0,6,38,0,44,0,10,47,0,57,52,0,52,109
07/16/2022,MFD,OH,AGL,CE,Towers with Radar,0,2,8,0,10,0,0,8,0,8,0,2,16,0,18,0,0,0,18
07/17/2022,MFD,OH,AGL,CE,Towers with Radar,0,2,12,0,14,0,0,0,0,0,0,2,12,0,14,0,0,0,14
07/18/2022,MFD,OH,AGL,CE,Towers with Radar,0,2,28,1,31,0,0,23,0,23,0,2,51,1,54,26,0,26,80
07/19/2022,MFD,OH,AGL,CE,Towers with Radar,0,4,16,0,20,0,8,40,0,48,0,12,56,0,68,24,0,24,92
07/20/2022,MFD,OH,AGL,CE,Towers with Radar,0,5,11,0,16,0,3,18,0,21,0,8,29,0,37,28,0,28,65
07/21/2022,MFD,OH,AGL,CE,Towers with Radar,0,11,18,1,30,0,1,22,0,23,0,12,40,1,53,18,0,18,71
07/22/2022,MFD,OH,AGL,CE,Towers with Radar,0,6,11,0,17,0,0,40,0,40,0,6,51,0,57,52,0,52,109
07/23/2022,MFD,OH,AGL,CE,Towers with Radar,0,0,4,3,7,0,0,9,0,9,0,0,13,3,16,46,0,46,62
07/24/2022,MFD,OH,AGL,CE,Towers with Radar,0,0,8,0,8,0,0,15,0,15,0,0,23,0,23,44,0,44,67
07/25/2022,MFD,OH,AGL,CE,Towers with Radar,0,0,12,5,17,0,2,24,0,26,0,2,36,5,43,24,0,24,67
07/26/2022,MFD,OH,AGL,CE,Towers with Radar,0,1,15,0,16,0,1,25,1,27,0,2,40,1,43,30,0,30,73
07/27/2022,MFD,OH,AGL,CE,Towers with Radar,0,6,6,7,19,0,0,0,3,3,0,6,6,10,22,0,10,10,32
07/28/2022,MFD,OH,AGL,CE,Towers with Radar,0,2,17,2,21,0,2,26,0,28,0,4,43,2,49,20,0,20,69
07/29/2022,MFD,OH,AGL,CE,Towers with Radar,0,6,14,0,20,0,2,37,0,39,0,8,51,0,59,24,0,24,83
07/30/2022,MFD,OH,AGL,CE,Towers with Radar,2,0,16,0,18,0,2,36,0,38,2,2,52,0,56,62,0,62,118
07/31/2022,MFD,OH,AGL,CE,Towers with Radar,0,0,8,0,8,0,0,23,0,23,0,0,31,0,31,36,0,36,67
08/01/2022,MFD,OH,AGL,CE,Towers with Radar,0,2,7,0,9,0,0,6,0,6,0,2,13,0,15,0,0,0,15
08/02/2022,MFD,OH,AGL,CE,Towers with Radar,1,10,22,1,34,0,0,27,1,28,1,10,49,2,62,48,0,48,110
08/03/2022,MFD,OH,AGL,CE,Towers with Radar,0,2,16,2,20,0,7,12,0,19,0,9,28,2,39,18,0,18,57
08/04/2022,MFD,OH,AGL,CE,Towers with Radar,0,4,11,0,15,0,0,8,0,8,0,4,19,0,23,20,0,20,43
08/05/2022,MFD,OH,AGL,CE,Towers with Radar,0,0,11,0,11,1,0,15,0,16,1,0,26,0,27,16,0,16,43
08/06/2022,MFD,OH,AGL,CE,Towers with Radar,0,0,6,0,6,0,0,6,0,6,0,0,12,0,12,2,0,2,14
08/07/2022,MFD,OH,AGL,CE,Towers with Radar,0,2,1,0,3,0,0,10,0,10,0,2,11,0,13,12,0,12,25
08/08/2022,MFD,OH,AGL,CE,Towers with Radar,0,3,11,0,14,0,0,8,0,8,0,3,19,0,22,0,0,0,22
08/09/2022,MFD,OH,AGL,CE,Towers with Radar,0,2,19,2,23,0,1,0,0,1,0,3,19,2,24,0,0,0,24
08/10/2022,MFD,OH,AGL,CE,Towers with Radar,0,2,9,4,15,0,0,16,0,16,0,2,25,4,31,50,0,50,81
08/11/2022,MFD,OH,AGL,CE,Towers with Radar,0,4,9,2,15,0,2,37,0,39,0,6,46,2,54,54,0,54,108
08/12/2022,MFD,OH,AGL,CE,Towers with Radar,0,0,16,0,16,0,1,27,0,28,0,1,43,0,44,80,0,80,124
08/13/2022,MFD,OH,AGL,CE,Towers with Radar,0,2,10,0,12,0,4,37,0,41,0,6,47,0,53,58,0,58,111
08/14/2022,MFD,OH,AGL,CE,Towers with Radar,0,0,6,0,6,0,0,10,0,10,0,0,16,0,16,6,0,6,22
08/15/2022,MFD,OH,AGL,CE,Towers with Radar,0,2,15,0,17,0,2,38,0,40,0,4,53,0,57,12,0,12,69
08/16/2022,MFD,OH,AGL,CE,Towers with Radar,0,2,26,0,28,0,0,18,0,18,0,2,44,0,46,4,0,4,50
08/17/2022,MFD,OH,AGL,CE,Towers with Radar,0,2,14,0,16,0,1,13,0,14,0,3,27,0,30,10,0,10,40
08/18/2022,MFD,OH,AGL,CE,Towers with Radar,0,4,30,0,34,0,0,39,0,39,0,4,69,0,73,12,0,12,85
08/19/2022,MFD,OH,AGL,CE,Towers with Radar,0,0,9,1,10,0,6,27,0,33,0,6,36,1,43,32,0,32,75
08/20/2022,MFD,OH,AGL,CE,Towers with Radar,0,0,7,0,7,0,0,16,0,16,0,0,23,0,23,24,0,24,47
08/21/2022,MFD,OH,AGL,CE,Towers with Radar,0,2,0,0,2,0,0,3,0,3,0,2,3,0,5,0,0,0,5
08/22/2022,MFD,OH,AGL,CE,Towers with Radar,0,4,13,0,17,0,0,8,0,8,0,4,21,0,25,28,0,28,53
08/23/2022,MFD,OH,AGL,CE,Towers with Radar,0,10,7,2,19,0,3,32,0,35,0,13,39,2,54,68,0,68,122
08/24/2022,MFD,OH,AGL,CE,Towers with Radar,0,0,19,2,21,5,0,52,0,57,5,0,71,2,78,62,2,64,142
08/25/2022,MFD,OH,AGL,CE,Towers with Radar,0,5,4,1,10,0,1,56,0,57,0,6,60,1,67,34,0,34,101
08/26/2022,MFD,OH,AGL,CE,Towers with Radar,0,3,3,3,9,0,0,60,0,60,0,3,63,3,69,18,0,18,87
08/27/2022,MFD,OH,AGL,CE,Towers with Radar,0,1,2,0,3,0,2,143,0,145,0,3,145,0,148,32,0,32,180
08/28/2022,MFD,OH,AGL,CE,Towers with Radar,0,0,13,0,13,2,2,82,1,87,2,2,95,1,100,16,0,16,116
08/29/2022,MFD,OH,AGL,CE,Towers with Radar,0,2,12,0,14,0,0,9,0,9,0,2,21,0,23,38,0,38,61
08/30/2022,MFD,OH,AGL,CE,Towers with Radar,0,2,12,2,16,0,0,9,0,9,0,2,21,2,25,14,26,40,65
08/31/2022,MFD,OH,AGL,CE,Towers with Radar,0,2,7,11,20,0,2,43,3,48,0,4,50,14,68,58,14,72,140
09/01/2022,MFD,OH,AGL,CE,Towers with Radar,0,0,19,1,20,0,0,28,1,29,0,0,47,2,49,26,0,26,75
09/02/2022,MFD,OH,AGL,CE,Towers with Radar,0,4,19,1,24,0,2,47,1,50,0,6,66,2,74,34,0,34,108
09/03/2022,MFD,OH,AGL,CE,Towers with Radar,0,0,11,0,11,0,2,29,0,31,0,2,40,0,42,50,0,50,92
09/04/2022,MFD,OH,AGL,CE,Towers with Radar,0,2,5,0,7,0,0,0,0,0,0,2,5,0,7,6,0,6,13
09/05/2022,MFD,OH,AGL,CE,Towers with Radar,0,0,4,0,4,0,0,0,0,0,0,0,4,0,4,0,0,0,4
09/06/2022,MFD,OH,AGL,CE,Towers with Radar,0,2,23,0,25,0,0,3,0,3,0,2,26,0,28,0,0,0,28
09/07/2022,MFD,OH,AGL,CE,Towers with Radar,0,4,9,2,15,0,0,14,0,14,0,4,23,2,29,8,0,8,37
09/08/2022,MFD,OH,AGL,CE,Towers with Radar,0,1,26,0,27,0,0,28,0,28,0,1,54,0,55,24,0,24,79
09/09/2022,MFD,OH,AGL,CE,Towers with Radar,0,5,10,4,19,0,0,35,0,35,0,5,45,4,54,72,0,72,126
09/10/2022,MFD,OH,AGL,CE,Towers with Radar,0,1,13,1,15,0,0,35,0,35,0,1,48,1,50,32,0,32,82
09/11/2022,MFD,OH,AGL,CE,Towers with Radar,0,1,7,1,9,0,0,0,0,0,0,1,7,1,9,0,0,0,9
09/12/2022,MFD,OH,AGL,CE,Towers with Radar,0,6,13,0,19,0,0,4,0,4,0,6,17,0,23,10,0,10,33
09/13/2022,MFD,OH,AGL,CE,Towers with Radar,0,4,7,0,11,0,2,6,0,8,0,6,13,0,19,40,0,40,59
09/14/2022,MFD,OH,AGL,CE,Towers with Radar,0,0,24,4,28,0,0,19,0,19,0,0,43,4,47,24,0,24,71
09/15/2022,MFD,OH,AGL,CE,Towers with Radar,0,0,10,0,10,0,5,30,0,35,0,5,40,0,45,26,0,26,71
09/16/2022,MFD,OH,AGL,CE,Towers with Radar,0,2,4,0,6,0,5,41,0,46,0,7,45,0,52,40,0,40,92
09/17/2022,MFD,OH,AGL,CE,Towers with Radar,0,0,6,0,6,0,8,33,0,41,0,8,39,0,47,44,0,44,91
09/18/2022,MFD,OH,AGL,CE,Towers with Radar,0,0,11,0,11,0,0,24,0,24,0,0,35,0,35,92,0,92,127
09/19/2022,MFD,OH,AGL,CE,Towers with Radar,0,2,18,2,22,0,0,13,0,13,0,2,31,2,35,4,0,4,39
09/20/2022,MFD,OH,AGL,CE,Towers with Radar,0,6,11,0,17,0,4,41,0,45,0,10,52,0,62,42,0,42,104
09/21/2022,MFD,OH,AGL,CE,Towers with Radar,0,0,5,0,5,0,0,15,0,15,0,0,20,0,20,30,0,30,50
09/22/2022,MFD,OH,AGL,CE,Towers with Radar,0,4,22,0,26,0,0,11,0,11,0,4,33,0,37,8,0,8,45
09/23/2022,MFD,OH,AGL,CE,Towers with Radar,0,5,6,0,11,0,6,33,0,39,0,11,39,0,50,26,0,26,76
09/24/2022,MFD,OH,AGL,CE,Towers with Radar,0,2,11,7,20,0,0,31,2,33,0,2,42,9,53,4,0,4,57
09/25/2022,MFD,OH,AGL,CE,Towers with Radar,0,0,11,0,11,0,0,4,0,4,0,0,15,0,15,0,0,0,15
09/26/2022,MFD,OH,AGL,CE,Towers with Radar,0,4,2,0,6,0,0,10,0,10,0,4,12,0,16,8,0,8,24
09/27/2022,MFD,OH,AGL,CE,Towers with Radar,0,0,8,0,8,0,0,17,0,17,0,0,25,0,25,2,0,2,27
09/28/2022,MFD,OH,AGL,CE,Towers with Radar,0,2,10,0,12,0,0,6,0,6,0,2,16,0,18,18,0,18,36
09/29/2022,MFD,OH,AGL,CE,Towers with Radar,0,9,18,0,27,0,7,19,0,26,0,16,37,0,53,58,0,58,111
09/30/2022,MFD,OH,AGL,CE,Towers with Radar,0,3,14,2,19,0,6,37,0,43,0,9,51,2,62,24,0,24,86
10/01/2022,MFD,OH,AGL,CE,Towers with Radar,0,2,3,0,5,0,0,11,0,11,0,2,14,0,16,0,0,0,16
10/02/2022,MFD,OH,AGL,CE,Towers with Radar,0,0,8,0,8,0,0,7,0,7,0,0,15,0,15,12,0,12,27
10/03/2022,MFD,OH,AGL,CE,Towers with Radar,0,2,4,4,10,0,2,19,0,21,0,4,23,4,31,26,0,26,57
10/04/2022,MFD,OH,AGL,CE,Towers with Radar,0,4,8,2,14,0,2,27,0,29,0,6,35,2,43,52,0,52,95
10/05/2022,MFD,OH,AGL,CE,Towers with Radar,0,4,6,0,10,0,1,32,0,33,0,5,38,0,43,32,0,32,75
10/06/2022,MFD,OH,AGL,CE,Towers with Radar,0,11,9,0,20,0,5,24,0,29,0,16,33,0,49,40,0,40,89
10/07/2022,MFD,OH,AGL,CE,Towers with Radar,0,8,23,0,31,0,2,10,0,12,0,10,33,0,43,16,0,16,59
10/08/2022,MFD,OH,AGL,CE,Towers with Radar,0,4,6,0,10,0,0,22,0,22,0,4,28,0,32,6,0,6,38
10/09/2022,MFD,OH,AGL,CE,Towers with Radar,0,4,10,0,14,0,0,25,0,25,0,4,35,0,39,16,0,16,55
10/10/2022,MFD,OH,AGL,CE,Towers with Radar,0,0,18,0,18,0,2,35,0,37,0,2,53,0,55,46,0,46,101
10/11/2022,MFD,OH,AGL,CE,Towers with Radar,0,0,6,2,8,0,0,13,0,13,0,0,19,2,21,8,0,8,29
10/12/2022,MFD,OH,AGL,CE,Towers with Radar,0,0,12,0,12,0,2,30,0,32,0,2,42,0,44,28,0,28,72
10/13/2022,MFD,OH,AGL,CE,Towers with Radar,0,1,9,1,11,0,0,4,1,5,0,1,13,2,16,0,0,0,16
10/14/2022,MFD,OH,AGL,CE,Towers with Radar,0,1,10,0,11,0,0,16,0,16,0,1,26,0,27,12,0,12,39
10/15/2022,MFD,OH,AGL,CE,Towers with Radar,0,2,6,0,8,0,0,14,0,14,0,2,20,0,22,2,0,2,24
10/16/2022,MFD,OH,AGL,CE,Towers with Radar,0,1,6,0,7,0,2,33,0,35,0,3,39,0,42,4,0,4,46
10/17/2022,MFD,OH,AGL,CE,Towers with Radar,0,0,9,0,9,0,1,1,0,2,0,1,10,0,11,0,0,0,11
10/18/2022,MFD,OH,AGL,CE,Towers with Radar,0,0,8,0,8,0,0,0,0,0,0,0,8,0,8,0,0,0,8
10/19/2022,MFD,OH,AGL,CE,Towers with Radar,0,4,3,0,7,0,0,1,0,1,0,4,4,0,8,0,0,0,8
10/20/2022,MFD,OH,AGL,CE,Towers with Radar,0,4,15,0,19,0,0,13,0,13,0,4,28,0,32,6,0,6,38
10/21/2022,MFD,OH,AGL,CE,Towers with Radar,0,3,8,0,11,0,0,20,0,20,0,3,28,0,31,12,0,12,43
10/22/2022,MFD,OH,AGL,CE,Towers with Radar,0,3,3,0,6,0,4,18,0,22,0,7,21,0,28,40,0,40,68
10/23/2022,MFD,OH,AGL,CE,Towers with Radar,0,1,22,0,23,0,1,59,0,60,0,2,81,0,83,56,0,56,139
10/24/2022,MFD,OH,AGL,CE,Towers with Radar,0,4,16,0,20,0,2,40,0,42,0,6,56,0,62,20,0,20,82
10/25/2022,MFD,OH,AGL,CE,Towers with Radar,0,3,8,6,17,0,0,20,0,20,0,3,28,6,37,18,0,18,55
10/26/2022,MFD,OH,AGL,CE,Towers with Radar,0,6,5,0,11,0,0,0,0,0,0,6,5,0,11,0,0,0,11
10/27/2022,MFD,OH,AGL,CE,Towers with Radar,0,2,23,0,25,0,4,39,0,43,0,6,62,0,68,50,0,50,118
10/28/2022,MFD,OH,AGL,CE,Towers with Radar,0,6,14,0,20,0,0,29,0,29,0,6,43,0,49,20,0,20,69
10/29/2022,MFD,OH,AGL,CE,Towers with Radar,0,0,13,0,13,0,2,35,0,37,0,2,48,0,50,30,0,30,80
10/30/2022,MFD,OH,AGL,CE,Towers with Radar,0,0,25,0,25,0,0,16,0,16,0,0,41,0,41,12,0,12,53
10/31/2022,MFD,OH,AGL,CE,Towers with Radar,0,8,2,0,10,0,0,0,0,0,0,8,2,0,10,0,0,0,10
11/01/2022,MFD,OH,AGL,CE,Towers with Radar,0,10,9,0,19,0,0,3,0,3,0,10,12,0,22,14,0,14,36
11/02/2022,MFD,OH,AGL,CE,Towers with Radar,0,9,12,0,21,0,1,23,0,24,0,10,35,0,45,24,0,24,69
11/03/2022,MFD,OH,AGL,CE,Towers with Radar,0,8,8,0,16,0,4,23,0,27,0,12,31,0,43,58,0,58,101
11/04/2022,MFD,OH,AGL,CE,Towers with Radar,0,0,10,0,10,0,0,25,0,25,0,0,35,0,35,0,0,0,35
11/05/2022,MFD,OH,AGL,CE,Towers with Radar,0,0,0,0,0,0,0,0,0,0,0,0,0,0,0,0,0,0,0
11/06/2022,MFD,OH,AGL,CE,Towers with Radar,0,0,4,0,4,0,0,22,0,22,0,0,26,0,26,8,0,8,34
11/07/2022,MFD,OH,AGL,CE,Towers with Radar,0,2,13,0,15,0,0,32,0,32,0,2,45,0,47,42,0,42,89
11/08/2022,MFD,OH,AGL,CE,Towers with Radar,0,1,14,0,15,0,4,31,0,35,0,5,45,0,50,18,0,18,68
11/09/2022,MFD,OH,AGL,CE,Towers with Radar,0,5,15,0,20,0,3,35,0,38,0,8,50,0,58,30,0,30,88
11/10/2022,MFD,OH,AGL,CE,Towers with Radar,0,0,20,2,22,0,4,22,0,26,0,4,42,2,48,14,0,14,62
11/11/2022,MFD,OH,AGL,CE,Towers with Radar,0,0,10,0,10,0,0,0,0,0,0,0,10,0,10,0,0,0,10
11/12/2022,MFD,OH,AGL,CE,Towers with Radar,0,0,0,0,0,0,0,0,0,0,0,0,0,0,0,0,0,0,0
11/13/2022,MFD,OH,AGL,CE,Towers with Radar,0,0,5,0,5,0,1,17,0,18,0,1,22,0,23,0,0,0,23
11/14/2022,MFD,OH,AGL,CE,Towers with Radar,0,5,18,0,23,0,5,28,0,33,0,10,46,0,56,8,0,8,64
11/15/2022,MFD,OH,AGL,CE,Towers with Radar,0,1,13,0,14,0,0,1,0,1,0,1,14,0,15,0,0,0,15
11/16/2022,MFD,OH,AGL,CE,Towers with Radar,0,2,3,0,5,0,0,6,0,6,0,2,9,0,11,2,0,2,13
11/17/2022,MFD,OH,AGL,CE,Towers with Radar,0,0,11,3,14,0,0,1,0,1,0,0,12,3,15,0,0,0,15
11/18/2022,MFD,OH,AGL,CE,Towers with Radar,0,0,3,0,3,0,0,2,0,2,0,0,5,0,5,0,0,0,5
11/19/2022,MFD,OH,AGL,CE,Towers with Radar,0,0,2,0,2,0,0,10,0,10,0,0,12,0,12,0,0,0,12
11/20/2022,MFD,OH,AGL,CE,Towers with Radar,0,2,10,0,12,0,0,11,0,11,0,2,21,0,23,4,0,4,27
11/21/2022,MFD,OH,AGL,CE,Towers with Radar,0,0,4,0,4,0,2,11,0,13,0,2,15,0,17,0,0,0,17
11/22/2022,MFD,OH,AGL,CE,Towers with Radar,0,2,12,0,14,0,7,47,0,54,0,9,59,0,68,34,0,34,102
11/23/2022,MFD,OH,AGL,CE,Towers with Radar,0,1,13,0,14,0,3,50,0,53,0,4,63,0,67,48,0,48,115
11/24/2022,MFD,OH,AGL,CE,Towers with Radar,0,2,3,0,5,0,0,12,0,12,0,2,15,0,17,0,0,0,17
11/25/2022,MFD,OH,AGL,CE,Towers with Radar,0,3,1,0,4,0,0,4,0,4,0,3,5,0,8,2,0,2,10
11/26/2022,MFD,OH,AGL,CE,Towers with Radar,0,1,13,0,14,0,0,23,0,23,0,1,36,0,37,12,0,12,49
11/27/2022,MFD,OH,AGL,CE,Towers with Radar,0,1,1,0,2,0,0,0,0,0,0,1,1,0,2,2,0,2,4
11/28/2022,MFD,OH,AGL,CE,Towers with Radar,0,0,7,0,7,0,0,1,0,1,0,0,8,0,8,6,0,6,14
11/29/2022,MFD,OH,AGL,CE,Towers with Radar,0,1,12,0,13,0,1,10,0,11,0,2,22,0,24,0,0,0,24
11/30/2022,MFD,OH,AGL,CE,Towers with Radar,0,0,7,0,7,0,2,0,0,2,0,2,7,0,9,0,0,0,9
12/01/2022,MFD,OH,AGL,CE,Towers with Radar,0,3,6,0,9,0,5,16,0,21,0,8,22,0,30,20,0,20,50
12/02/2022,MFD,OH,AGL,CE,Towers with Radar,0,4,4,0,8,0,0,11,0,11,0,4,15,0,19,0,0,0,19
12/03/2022,MFD,OH,AGL,CE,Towers with Radar,0,0,0,0,0,0,0,2,0,2,0,0,2,0,2,0,0,0,2
12/04/2022,MFD,OH,AGL,CE,Towers with Radar,0,2,17,0,19,0,2,33,0,35,0,4,50,0,54,18,0,18,72
12/05/2022,MFD,OH,AGL,CE,Towers with Radar,0,3,13,0,16,0,1,20,0,21,0,4,33,0,37,24,0,24,61
12/06/2022,MFD,OH,AGL,CE,Towers with Radar,0,3,5,0,8,0,0,0,0,0,0,3,5,0,8,0,0,0,8
12/07/2022,MFD,OH,AGL,CE,Towers with Radar,0,0,7,0,7,0,0,0,0,0,0,0,7,0,7,0,0,0,7
12/08/2022,MFD,OH,AGL,CE,Towers with Radar,0,2,23,0,25,0,0,0,0,0,0,2,23,0,25,0,0,0,25
12/09/2022,MFD,OH,AGL,CE,Towers with Radar,0,1,11,0,12,0,2,22,0,24,0,3,33,0,36,0,0,0,36
12/10/2022,MFD,OH,AGL,CE,Towers with Radar,0,2,1,0,3,0,0,0,0,0,0,2,1,0,3,0,0,0,3
12/11/2022,MFD,OH,AGL,CE,Towers with Radar,0,1,2,0,3,0,0,1,0,1,0,1,3,0,4,0,0,0,4
12/12/2022,MFD,OH,AGL,CE,Towers with Radar,0,5,4,1,10,0,0,0,0,0,0,5,4,1,10,0,0,0,10
12/13/2022,MFD,OH,AGL,CE,Towers with Radar,0,2,17,0,19,0,2,25,0,27,0,4,42,0,46,10,0,10,56
12/14/2022,MFD,OH,AGL,CE,Towers with Radar,0,0,14,2,16,0,2,19,0,21,0,2,33,2,37,4,0,4,41
12/15/2022,MFD,OH,AGL,CE,Towers with Radar,0,0,4,0,4,0,0,2,0,2,0,0,6,0,6,0,0,0,6
12/16/2022,MFD,OH,AGL,CE,Towers with Radar,0,0,2,0,2,0,0,3,0,3,0,0,5,0,5,0,0,0,5
12/17/2022,MFD,OH,AGL,CE,Towers with Radar,0,2,7,0,9,0,0,8,0,8,0,2,15,0,17,0,0,0,17
12/18/2022,MFD,OH,AGL,CE,Towers with Radar,0,0,1,0,1,0,0,1,0,1,0,0,2,0,2,0,0,0,2
12/19/2022,MFD,OH,AGL,CE,Towers with Radar,0,0,12,0,12,0,0,0,0,0,0,0,12,0,12,0,0,0,12
12/20/2022,MFD,OH,AGL,CE,Towers with Radar,0,0,19,2,21,0,4,47,0,51,0,4,66,2,72,44,0,44,116
12/21/2022,MFD,OH,AGL,CE,Towers with Radar,0,0,9,0,9,0,0,12,0,12,0,0,21,0,21,2,0,2,23
12/22/2022,MFD,OH,AGL,CE,Towers with Radar,0,2,1,0,3,0,0,5,0,5,0,2,6,0,8,12,0,12,20
12/23/2022,MFD,OH,AGL,CE,Towers with Radar,0,0,0,0,0,0,0,0,0,0,0,0,0,0,0,0,0,0,0
12/24/2022,MFD,OH,AGL,CE,Towers with Radar,0,0,0,0,0,0,0,0,0,0,0,0,0,0,0,0,0,0,0
12/25/2022,MFD,OH,AGL,CE,Towers with Radar,0,0,0,0,0,0,0,0,0,0,0,0,0,0,0,0,0,0,0
12/26/2022,MFD,OH,AGL,CE,Towers with Radar,0,0,6,0,6,0,0,2,0,2,0,0,8,0,8,0,0,0,8
12/27/2022,MFD,OH,AGL,CE,Towers with Radar,0,1,3,0,4,0,0,0,0,0,0,1,3,0,4,0,0,0,4
12/28/2022,MFD,OH,AGL,CE,Towers with Radar,0,0,6,0,6,0,0,4,0,4,0,0,10,0,10,0,0,0,10
12/29/2022,MFD,OH,AGL,CE,Towers with Radar,0,0,0,0,0,0,0,3,0,3,0,0,3,0,3,0,0,0,3
12/30/2022,MFD,OH,AGL,CE,Towers with Radar,0,0,2,0,2,0,0,7,0,7,0,0,9,0,9,2,0,2,11
12/31/2022,MFD,OH,AGL,CE,Towers with Radar,0,1,3,0,4,0,0,0,0,0,0,1,3,0,4,0,0,0,4
01/01/2023,MFD,OH,AGL,CE,Towers with Radar,0,0,1,0,1,0,0,0,0,0,0,0,1,0,1,0,0,0,1
01/02/2023,MFD,OH,AGL,CE,Towers with Radar,0,0,8,0,8,0,0,0,0,0,0,0,8,0,8,0,0,0,8
01/03/2023,MFD,OH,AGL,CE,Towers with Radar,0,0,1,4,5,0,0,0,0,0,0,0,1,4,5,0,0,0,5
01/04/2023,MFD,OH,AGL,CE,Towers with Radar,0,0,6,2,8,0,0,1,0,1,0,0,7,2,9,2,0,2,11
01/05/2023,MFD,OH,AGL,CE,Towers with Radar,0,2,8,0,10,0,1,25,0,26,0,3,33,0,36,12,0,12,48
01/06/2023,MFD,OH,AGL,CE,Towers with Radar,0,0,6,0,6,0,0,0,0,0,0,0,6,0,6,0,0,0,6
01/07/2023,MFD,OH,AGL,CE,Towers with Radar,0,0,4,0,4,0,0,17,0,17,0,0,21,0,21,0,0,0,21
01/08/2023,MFD,OH,AGL,CE,Towers with Radar,0,0,4,0,4,0,0,22,0,22,0,0,26,0,26,18,0,18,44
01/09/2023,MFD,OH,AGL,CE,Towers with Radar,0,4,12,0,16,0,2,8,0,10,0,6,20,0,26,12,0,12,38
01/10/2023,MFD,OH,AGL,CE,Towers with Radar,0,2,6,0,8,0,0,21,0,21,0,2,27,0,29,14,0,14,43
01/11/2023,MFD,OH,AGL,CE,Towers with Radar,0,0,9,0,9,0,2,31,0,33,0,2,40,0,42,44,0,44,86
01/12/2023,MFD,OH,AGL,CE,Towers with Radar,0,2,4,0,6,0,0,0,0,0,0,2,4,0,6,0,0,0,6
01/13/2023,MFD,OH,AGL,CE,Towers with Radar,0,0,4,0,4,0,0,0,0,0,0,0,4,0,4,0,0,0,4
01/14/2023,MFD,OH,AGL,CE,Towers with Radar,0,0,2,0,2,0,14,4,0,18,0,14,6,0,20,40,0,40,60
01/15/2023,MFD,OH,AGL,CE,Towers with Radar,0,2,3,0,5,0,2,31,0,33,0,4,34,0,38,40,0,40,78
01/16/2023,MFD,OH,AGL,CE,Towers with Radar,0,8,10,0,18,0,0,32,0,32,0,8,42,0,50,16,0,16,66
01/17/2023,MFD,OH,AGL,CE,Towers with Radar,0,8,12,4,24,0,0,2,0,2,0,8,14,4,26,0,0,0,26
01/18/2023,MFD,OH,AGL,CE,Towers with Radar,0,0,4,0,4,0,0,2,0,2,0,0,6,0,6,0,0,0,6
01/19/2023,MFD,OH,AGL,CE,Towers with Radar,0,4,9,0,13,0,0,2,0,2,0,4,11,0,15,6,0,6,21
01/20/2023,MFD,OH,AGL,CE,Towers with Radar,0,6,7,0,13,0,0,2,0,2,0,6,9,0,15,0,0,0,15
01/21/2023,MFD,OH,AGL,CE,Towers with Radar,0,0,0,0,0,0,0,10,0,10,0,0,10,0,10,16,0,16,26
01/22/2023,MFD,OH,AGL,CE,Towers with Radar,0,0,0,0,0,0,0,0,0,0,0,0,0,0,0,0,0,0,0
01/23/2023,MFD,OH,AGL,CE,Towers with Radar,0,2,4,0,6,0,0,0,0,0,0,2,4,0,6,0,0,0,6
01/24/2023,MFD,OH,AGL,CE,Towers with Radar,0,0,11,0,11,0,0,2,0,2,0,0,13,0,13,0,0,0,13
01/25/2023,MFD,OH,AGL,CE,Towers with Radar,0,0,0,0,0,0,0,0,0,0,0,0,0,0,0,0,0,0,0
01/26/2023,MFD,OH,AGL,CE,Towers with Radar,0,0,2,0,2,0,0,0,0,0,0,0,2,0,2,0,0,0,2
01/27/2023,MFD,OH,AGL,CE,Towers with Radar,0,0,11,0,11,0,0,18,0,18,0,0,29,0,29,6,0,6,35
01/28/2023,MFD,OH,AGL,CE,Towers with Radar,0,0,16,0,16,0,0,29,0,29,0,0,45,0,45,8,0,8,53
01/29/2023,MFD,OH,AGL,CE,Towers with Radar,0,0,0,0,0,0,0,0,0,0,0,0,0,0,0,0,0,0,0
01/30/2023,MFD,OH,AGL,CE,Towers with Radar,0,0,3,0,3,0,0,0,0,0,0,0,3,0,3,0,0,0,3
01/31/2023,MFD,OH,AGL,CE,Towers with Radar,0,4,21,1,26,0,0,27,1,28,0,4,48,2,54,22,0,22,76
02/01/2023,MFD,OH,AGL,CE,Towers with Radar,0,4,19,4,27,0,2,42,4,48,0,6,61,8,75,76,0,76,151
02/02/2023,MFD,OH,AGL,CE,Towers with Radar,0,2,11,0,13,0,2,32,2,36,0,4,43,2,49,2,0,2,51
02/03/2023,MFD,OH,AGL,CE,Towers with Radar,0,2,6,5,13,0,1,19,2,22,0,3,25,7,35,20,0,20,55
02/04/2023,MFD,OH,AGL,CE,Towers with Radar,0,2,6,0,8,0,0,16,0,16,0,2,22,0,24,0,0,0,24
02/05/2023,MFD,OH,AGL,CE,Towers with Radar,0,0,4,0,4,0,0,4,0,4,0,0,8,0,8,0,0,0,8
02/06/2023,MFD,OH,AGL,CE,Towers with Radar,0,2,4,0,6,0,0,1,0,1,0,2,5,0,7,0,0,0,7
02/07/2023,MFD,OH,AGL,CE,Towers with Radar,0,2,0,1,3,0,0,4,1,5,0,2,4,2,8,2,0,2,10
02/08/2023,MFD,OH,AGL,CE,Towers with Radar,0,3,18,0,21,0,0,24,0,24,0,3,42,0,45,48,0,48,93
02/09/2023,MFD,OH,AGL,CE,Towers with Radar,0,0,1,0,1,0,0,0,0,0,0,0,1,0,1,0,0,0,1
02/10/2023,MFD,OH,AGL,CE,Towers with Radar,0,2,7,0,9,0,0,4,0,4,0,2,11,0,13,0,0,0,13
02/11/2023,MFD,OH,AGL,CE,Towers with Radar,0,0,21,0,21,0,2,45,0,47,0,2,66,0,68,0,0,0,68
02/12/2023,MFD,OH,AGL,CE,Towers with Radar,0,7,16,0,23,0,2,47,0,49,0,9,63,0,72,26,0,26,98
02/13/2023,MFD,OH,AGL,CE,Towers with Radar,0,0,9,0,9,0,0,22,0,22,0,0,31,0,31,4,0,4,35
02/14/2023,MFD,OH,AGL,CE,Towers with Radar,0,9,4,1,14,0,0,27,0,27,0,9,31,1,41,32,0,32,73
02/15/2023,MFD,OH,AGL,CE,Towers with Radar,0,3,7,0,10,0,0,4,0,4,0,3,11,0,14,0,0,0,14
02/16/2023,MFD,OH,AGL,CE,Towers with Radar,0,0,5,0,5,0,0,0,0,0,0,0,5,0,5,0,0,0,5
02/17/2023,MFD,OH,AGL,CE,Towers with Radar,0,0,7,0,7,0,0,1,0,1,0,0,8,0,8,0,0,0,8
02/18/2023,MFD,OH,AGL,CE,Towers with Radar,0,2,6,0,8,0,0,25,0,25,0,2,31,0,33,32,0,32,65
02/19/2023,MFD,OH,AGL,CE,Towers with Radar,0,1,1,0,2,0,3,8,0,11,0,4,9,0,13,0,0,0,13
02/20/2023,MFD,OH,AGL,CE,Towers with Radar,0,2,15,0,17,0,0,38,0,38,0,2,53,0,55,50,0,50,105
02/21/2023,MFD,OH,AGL,CE,Towers with Radar,0,2,15,0,17,0,0,8,0,8,0,2,23,0,25,2,0,2,27
02/22/2023,MFD,OH,AGL,CE,Towers with Radar,0,2,3,0,5,0,0,0,0,0,0,2,3,0,5,0,0,0,5
02/23/2023,MFD,OH,AGL,CE,Towers with Radar,0,2,7,0,9,0,0,3,0,3,0,2,10,0,12,0,0,0,12
02/24/2023,MFD,OH,AGL,CE,Towers with Radar,0,8,7,0,15,0,2,38,0,40,0,10,45,0,55,44,0,44,99
02/25/2023,MFD,OH,AGL,CE,Towers with Radar,0,3,8,0,11,0,5,35,0,40,0,8,43,0,51,76,0,76,127
02/26/2023,MFD,OH,AGL,CE,Towers with Radar,0,0,11,0,11,0,0,11,0,11,0,0,22,0,22,20,0,20,42
02/27/2023,MFD,OH,AGL,CE,Towers with Radar,0,0,5,0,5,0,0,4,0,4,0,0,9,0,9,0,2,2,11
02/28/2023,MFD,OH,AGL,CE,Towers with Radar,0,2,11,3,16,0,0,4,0,4,0,2,15,3,20,0,0,0,20
03/01/2023,MFD,OH,AGL,CE,Towers with Radar,0,1,23,0,24,0,3,43,0,46,0,4,66,0,70,8,0,8,78
03/02/2023,MFD,OH,AGL,CE,Towers with Radar,0,2,6,0,8,0,0,31,0,31,0,2,37,0,39,32,0,32,71
03/03/2023,MFD,OH,AGL,CE,Towers with Radar,0,0,0,0,0,0,0,0,0,0,0,0,0,0,0,0,0,0,0
03/04/2023,MFD,OH,AGL,CE,Towers with Radar,0,4,6,0,10,0,0,29,0,29,0,4,35,0,39,48,0,48,87
03/05/2023,MFD,OH,AGL,CE,Towers with Radar,0,0,13,0,13,0,2,29,0,31,0,2,42,0,44,2,0,2,46
03/06/2023,MFD,OH,AGL,CE,Towers with Radar,0,2,12,1,15,0,0,23,1,24,0,2,35,2,39,26,8,34,73
03/07/2023,MFD,OH,AGL,CE,Towers with Radar,0,2,9,0,11,0,0,23,0,23,0,2,32,0,34,12,0,12,46
03/08/2023,MFD,OH,AGL,CE,Towers with Radar,0,4,8,1,13,0,7,45,0,52,0,11,53,1,65,28,0,28,93
03/09/2023,MFD,OH,AGL,CE,Towers with Radar,0,0,31,4,35,0,2,46,0,48,0,2,77,4,83,42,0,42,125
03/10/2023,MFD,OH,AGL,CE,Towers with Radar,0,0,4,0,4,0,0,0,0,0,0,0,4,0,4,0,0,0,4
03/11/2023,MFD,OH,AGL,CE,Towers with Radar,0,0,3,0,3,0,0,0,0,0,0,0,3,0,3,0,0,0,3
03/12/2023,MFD,OH,AGL,CE,Towers with Radar,0,0,0,0,0,0,0,2,0,2,0,0,2,0,2,0,0,0,2
03/13/2023,MFD,OH,AGL,CE,Towers with Radar,0,0,4,0,4,0,0,0,0,0,0,0,4,0,4,0,0,0,4
03/14/2023,MFD,OH,AGL,CE,Towers with Radar,0,1,2,2,5,0,0,2,0,2,0,1,4,2,7,0,0,0,7
03/15/2023,MFD,OH,AGL,CE,Towers with Radar,0,5,17,0,22,0,6,32,0,38,0,11,49,0,60,20,0,20,80
03/16/2023,MFD,OH,AGL,CE,Towers with Radar,0,1,16,2,19,0,1,28,0,29,0,2,44,2,48,8,0,8,56
03/17/2023,MFD,OH,AGL,CE,Towers with Radar,0,3,9,0,12,0,0,0,0,0,0,3,9,0,12,0,0,0,12
03/18/2023,MFD,OH,AGL,CE,Towers with Radar,0,0,2,0,2,0,0,0,0,0,0,0,2,0,2,0,0,0,2
03/19/2023,MFD,OH,AGL,CE,Towers with Radar,0,0,6,0,6,0,0,5,0,5,0,0,11,0,11,0,0,0,11
03/20/2023,MFD,OH,AGL,CE,Towers with Radar,0,5,16,0,21,0,2,29,0,31,0,7,45,0,52,22,0,22,74
03/21/2023,MFD,OH,AGL,CE,Towers with Radar,0,1,15,0,16,0,1,53,0,54,0,2,68,0,70,22,0,22,92
03/22/2023,MFD,OH,AGL,CE,Towers with Radar,0,0,12,0,12,0,0,3,0,3,0,0,15,0,15,0,0,0,15
03/23/2023,MFD,OH,AGL,CE,Towers with Radar,0,0,3,0,3,0,0,0,0,0,0,0,3,0,3,0,0,0,3
03/24/2023,MFD,OH,AGL,CE,Towers with Radar,0,4,16,0,20,0,0,9,0,9,0,4,25,0,29,8,0,8,37
03/25/2023,MFD,OH,AGL,CE,Towers with Radar,0,0,1,0,1,0,0,0,0,0,0,0,1,0,1,0,0,0,1
03/26/2023,MFD,OH,AGL,CE,Towers with Radar,0,0,15,0,15,0,2,55,0,57,0,2,70,0,72,10,0,10,82
03/27/2023,MFD,OH,AGL,CE,Towers with Radar,0,2,5,0,7,0,0,2,0,2,0,2,7,0,9,0,0,0,9
03/28/2023,MFD,OH,AGL,CE,Towers with Radar,0,1,22,0,23,0,2,17,0,19,0,3,39,0,42,22,0,22,64
03/29/2023,MFD,OH,AGL,CE,Towers with Radar,0,4,6,0,10,0,2,5,0,7,0,6,11,0,17,0,0,0,17
03/30/2023,MFD,OH,AGL,CE,Towers with Radar,0,3,20,0,23,0,2,49,0,51,0,5,69,0,74,28,0,28,102
03/31/2023,MFD,OH,AGL,CE,Towers with Radar,0,0,3,0,3,0,0,0,0,0,0,0,3,0,3,0,0,0,3
04/01/2023,MFD,OH,AGL,CE,Towers with Radar,0,0,2,1,3,0,0,0,0,0,0,0,2,1,3,0,0,0,3
04/02/2023,MFD,OH,AGL,CE,Towers with Radar,0,0,2,3,5,0,2,33,0,35,0,2,35,3,40,4,0,4,44
04/03/2023,MFD,OH,AGL,CE,Towers with Radar,0,2,6,0,8,0,1,25,0,26,0,3,31,0,34,8,0,8,42
04/04/2023,MFD,OH,AGL,CE,Towers with Radar,0,0,11,0,11,0,0,8,0,8,0,0,19,0,19,20,0,20,39
04/05/2023,MFD,OH,AGL,CE,Towers with Radar,0,6,0,0,6,0,0,1,0,1,0,6,1,0,7,0,0,0,7
04/06/2023,MFD,OH,AGL,CE,Towers with Radar,0,4,19,1,24,0,7,27,0,34,0,11,46,1,58,14,0,14,72
04/07/2023,MFD,OH,AGL,CE,Towers with Radar,0,3,24,1,28,0,3,24,0,27,0,6,48,1,55,14,0,14,69
04/08/2023,MFD,OH,AGL,CE,Towers with Radar,0,0,13,0,13,0,5,18,0,23,0,5,31,0,36,6,0,6,42
04/09/2023,MFD,OH,AGL,CE,Towers with Radar,0,1,5,0,6,0,0,16,0,16,0,1,21,0,22,0,0,0,22
04/10/2023,MFD,OH,AGL,CE,Towers with Radar,0,1,11,1,13,0,3,25,0,28,0,4,36,1,41,6,2,8,49
04/11/2023,MFD,OH,AGL,CE,Towers with Radar,0,4,9,0,13,0,0,35,0,35,0,4,44,0,48,18,0,18,66
04/12/2023,MFD,OH,AGL,CE,Towers with Radar,0,2,10,1,13,0,0,25,0,25,0,2,35,1,38,8,0,8,46
04/13/2023,MFD,OH,AGL,CE,Towers with Radar,0,0,19,0,19,0,0,44,0,44,0,0,63,0,63,22,0,22,85
04/14/2023,MFD,OH,AGL,CE,Towers with Radar,0,0,8,0,8,0,0,51,0,51,0,0,59,0,59,62,0,62,121
04/15/2023,MFD,OH,AGL,CE,Towers with Radar,0,5,13,0,18,0,1,29,0,30,0,6,42,0,48,30,0,30,78
04/16/2023,MFD,OH,AGL,CE,Towers with Radar,0,1,5,0,6,0,0,6,0,6,0,1,11,0,12,0,0,0,12
04/17/2023,MFD,OH,AGL,CE,Towers with Radar,0,5,1,3,9,0,0,2,0,2,0,5,3,3,11,0,0,0,11
04/18/2023,MFD,OH,AGL,CE,Towers with Radar,0,0,6,0,6,0,2,4,0,6,0,2,10,0,12,0,0,0,12
04/19/2023,MFD,OH,AGL,CE,Towers with Radar,0,3,16,3,22,0,3,42,2,47,0,6,58,5,69,58,0,58,127
04/20/2023,MFD,OH,AGL,CE,Towers with Radar,0,2,8,2,12,0,1,20,0,21,0,3,28,2,33,26,0,26,59
04/21/2023,MFD,OH,AGL,CE,Towers with Radar,0,0,4,2,6,0,0,4,2,6,0,0,8,4,12,14,0,14,26
04/22/2023,MFD,OH,AGL,CE,Towers with Radar,0,0,9,0,9,0,0,8,0,8,0,0,17,0,17,0,0,0,17
04/23/2023,MFD,OH,AGL,CE,Towers with Radar,0,0,6,0,6,0,0,17,0,17,0,0,23,0,23,12,0,12,35
04/24/2023,MFD,OH,AGL,CE,Towers with Radar,0,3,6,0,9,0,0,3,0,3,0,3,9,0,12,0,0,0,12
04/25/2023,MFD,OH,AGL,CE,Towers with Radar,2,0,29,1,32,0,0,12,0,12,2,0,41,1,44,36,0,36,80
04/26/2023,MFD,OH,AGL,CE,Towers with Radar,0,0,12,0,12,0,8,23,0,31,0,8,35,0,43,26,0,26,69
04/27/2023,MFD,OH,AGL,CE,Towers with Radar,0,2,33,0,35,0,6,36,0,42,0,8,69,0,77,28,0,28,105
04/28/2023,MFD,OH,AGL,CE,Towers with Radar,0,2,12,0,14,0,0,0,0,0,0,2,12,0,14,0,0,0,14
04/29/2023,MFD,OH,AGL,CE,Towers with Radar,0,6,17,0,23,0,0,4,0,4,0,6,21,0,27,0,0,0,27
04/30/2023,MFD,OH,AGL,CE,Towers with Radar,0,2,7,0,9,0,0,0,0,0,0,2,7,0,9,0,0,0,9
05/01/2023,MFD,OH,AGL,CE,Towers with Radar,0,2,6,0,8,0,0,0,0,0,0,2,6,0,8,0,0,0,8
05/02/2023,MFD,OH,AGL,CE,Towers with Radar,0,0,3,0,3,0,0,1,0,1,0,0,4,0,4,0,0,0,4
05/03/2023,MFD,OH,AGL,CE,Towers with Radar,0,4,13,3,20,0,0,3,0,3,0,4,16,3,23,0,8,8,31
05/04/2023,MFD,OH,AGL,CE,Towers with Radar,0,5,30,0,35,0,0,43,0,43,0,5,73,0,78,26,0,26,104
05/05/2023,MFD,OH,AGL,CE,Towers with Radar,0,0,10,0,10,0,2,39,0,41,0,2,49,0,51,18,0,18,69
05/06/2023,MFD,OH,AGL,CE,Towers with Radar,0,1,2,0,3,0,1,25,0,26,0,2,27,0,29,0,0,0,29
05/07/2023,MFD,OH,AGL,CE,Towers with Radar,0,1,6,0,7,0,0,0,0,0,0,1,6,0,7,0,0,0,7
05/08/2023,MFD,OH,AGL,CE,Towers with Radar,0,1,11,0,12,0,0,1,0,1,0,1,12,0,13,4,0,4,17
05/09/2023,MFD,OH,AGL,CE,Towers with Radar,0,5,22,0,27,0,3,31,0,34,0,8,53,0,61,22,0,22,83
05/10/2023,MFD,OH,AGL,CE,Towers with Radar,0,0,13,0,13,0,0,31,0,31,0,0,44,0,44,20,0,20,64
05/11/2023,MFD,OH,AGL,CE,Towers with Radar,0,2,27,0,29,0,0,44,0,44,0,2,71,0,73,40,0,40,113
05/12/2023,MFD,OH,AGL,CE,Towers with Radar,0,6,16,2,24,0,0,25,0,25,0,6,41,2,49,18,0,18,67
05/13/2023,MFD,OH,AGL,CE,Towers with Radar,0,0,6,0,6,0,0,8,0,8,0,0,14,0,14,28,0,28,42
05/14/2023,MFD,OH,AGL,CE,Towers with Radar,0,0,10,0,10,0,0,7,0,7,0,0,17,0,17,4,0,4,21
05/15/2023,MFD,OH,AGL,CE,Towers with Radar,0,0,4,0,4,0,1,30,0,31,0,1,34,0,35,12,0,12,47
05/16/2023,MFD,OH,AGL,CE,Towers with Radar,0,0,11,0,11,0,2,29,0,31,0,2,40,0,42,10,0,10,52
05/17/2023,MFD,OH,AGL,CE,Towers with Radar,0,6,8,12,26,0,4,26,0,30,0,10,34,12,56,10,4,14,70
05/18/2023,MFD,OH,AGL,CE,Towers with Radar,0,0,9,0,9,0,4,36,0,40,0,4,45,0,49,22,0,22,71
05/19/2023,MFD,OH,AGL,CE,Towers with Radar,0,0,15,0,15,0,0,17,0,17,0,0,32,0,32,2,0,2,34
05/20/2023,MFD,OH,AGL,CE,Towers with Radar,0,6,9,0,15,0,0,4,0,4,0,6,13,0,19,0,0,0,19
05/21/2023,MFD,OH,AGL,CE,Towers with Radar,0,2,10,0,12,0,0,29,0,29,0,2,39,0,41,12,0,12,53
05/22/2023,MFD,OH,AGL,CE,Towers with Radar,0,2,4,0,6,0,2,32,0,34,0,4,36,0,40,12,0,12,52
05/23/2023,MFD,OH,AGL,CE,Towers with Radar,0,6,12,0,18,0,0,30,0,30,0,6,42,0,48,24,0,24,72
05/24/2023,MFD,OH,AGL,CE,Towers with Radar,0,2,21,10,33,0,4,26,0,30,0,6,47,10,63,8,0,8,71
05/25/2023,MFD,OH,AGL,CE,Towers with Radar,0,2,8,0,10,0,0,28,0,28,0,2,36,0,38,12,0,12,50
05/26/2023,MFD,OH,AGL,CE,Towers with Radar,0,7,6,0,13,0,3,31,0,34,0,10,37,0,47,42,0,42,89
05/27/2023,MFD,OH,AGL,CE,Towers with Radar,0,2,8,0,10,0,0,39,0,39,0,2,47,0,49,46,0,46,95
05/28/2023,MFD,OH,AGL,CE,Towers with Radar,0,0,2,0,2,0,0,16,0,16,0,0,18,0,18,8,0,8,26
05/29/2023,MFD,OH,AGL,CE,Towers with Radar,0,0,7,0,7,0,0,20,0,20,0,0,27,0,27,22,0,22,49
05/30/2023,MFD,OH,AGL,CE,Towers with Radar,0,6,15,0,21,0,2,30,0,32,0,8,45,0,53,18,0,18,71
05/31/2023,MFD,OH,AGL,CE,Towers with Radar,0,2,6,0,8,0,3,16,0,19,0,5,22,0,27,16,0,16,43
06/01/2023,MFD,OH,AGL,CE,Towers with Radar,0,2,11,0,13,0,2,29,0,31,0,4,40,0,44,40,0,40,84
06/02/2023,MFD,OH,AGL,CE,Towers with Radar,0,1,5,0,6,0,0,27,0,27,0,1,32,0,33,30,0,30,63
06/03/2023,MFD,OH,AGL,CE,Towers with Radar,0,2,6,0,8,0,0,15,0,15,0,2,21,0,23,16,0,16,39
06/04/2023,MFD,OH,AGL,CE,Towers with Radar,0,3,12,0,15,0,0,17,0,17,0,3,29,0,32,10,0,10,42
06/05/2023,MFD,OH,AGL,CE,Towers with Radar,0,0,10,0,10,0,2,24,0,26,0,2,34,0,36,26,0,26,62
06/06/2023,MFD,OH,AGL,CE,Towers with Radar,0,2,7,3,12,0,0,8,2,10,0,2,15,5,22,0,0,0,22
06/07/2023,MFD,OH,AGL,CE,Towers with Radar,0,5,8,0,13,0,1,12,0,13,0,6,20,0,26,0,0,0,26
06/08/2023,MFD,OH,AGL,CE,Towers with Radar,0,11,7,2,20,0,3,20,0,23,0,14,27,2,43,0,0,0,43
06/09/2023,MFD,OH,AGL,CE,Towers with Radar,0,0,25,0,25,0,1,21,0,22,0,1,46,0,47,0,0,0,47
06/10/2023,MFD,OH,AGL,CE,Towers with Radar,0,4,10,0,14,0,2,11,0,13,0,6,21,0,27,0,0,0,27
06/11/2023,MFD,OH,AGL,CE,Towers with Radar,0,0,1,0,1,0,2,0,0,2,0,2,1,0,3,0,0,0,3
06/12/2023,MFD,OH,AGL,CE,Towers with Radar,0,4,4,6,14,0,0,0,0,0,0,4,4,6,14,0,0,0,14
06/13/2023,MFD,OH,AGL,CE,Towers with Radar,0,4,5,0,9,0,0,2,0,2,0,4,7,0,11,0,0,0,11
06/14/2023,MFD,OH,AGL,CE,Towers with Radar,0,4,11,1,16,0,0,7,1,8,0,4,18,2,24,0,0,0,24
06/15/2023,MFD,OH,AGL,CE,Towers with Radar,0,4,13,0,17,0,0,15,0,15,0,4,28,0,32,0,0,0,32
06/16/2023,MFD,OH,AGL,CE,Towers with Radar,0,2,13,6,21,0,0,1,0,1,0,2,14,6,22,0,0,0,22
06/17/2023,MFD,OH,AGL,CE,Towers with Radar,0,2,11,0,13,0,5,14,0,19,0,7,25,0,32,0,0,0,32
06/18/2023,MFD,OH,AGL,CE,Towers with Radar,0,2,11,0,13,0,0,7,0,7,0,2,18,0,20,0,0,0,20
06/19/2023,MFD,OH,AGL,CE,Towers with Radar,0,0,11,0,11,0,3,16,0,19,0,3,27,0,30,0,0,0,30
06/20/2023,MFD,OH,AGL,CE,Towers with Radar,0,0,4,0,4,0,0,10,0,10,0,0,14,0,14,0,0,0,14
06/21/2023,MFD,OH,AGL,CE,Towers with Radar,0,4,14,0,18,0,6,17,0,23,0,10,31,0,41,0,0,0,41
06/22/2023,MFD,OH,AGL,CE,Towers with Radar,0,5,19,4,28,0,2,4,0,6,0,7,23,4,34,0,0,0,34
06/23/2023,MFD,OH,AGL,CE,Towers with Radar,0,1,20,0,21,0,0,0,0,0,0,1,20,0,21,0,0,0,21
06/24/2023,MFD,OH,AGL,CE,Towers with Radar,0,4,11,0,15,0,0,2,0,2,0,4,13,0,17,0,0,0,17
06/25/2023,MFD,OH,AGL,CE,Towers with Radar,0,6,12,0,18,0,2,2,0,4,0,8,14,0,22,0,0,0,22
06/26/2023,MFD,OH,AGL,CE,Towers with Radar,1,7,4,4,16,0,0,1,0,1,1,7,5,4,17,0,0,0,17
06/27/2023,MFD,OH,AGL,CE,Towers with Radar,0,0,13,2,15,0,0,0,0,0,0,0,13,2,15,0,0,0,15
06/28/2023,MFD,OH,AGL,CE,Towers with Radar,0,10,11,0,21,0,0,0,0,0,0,10,11,0,21,0,0,0,21
06/29/2023,MFD,OH,AGL,CE,Towers with Radar,0,6,32,0,38,0,0,2,0,2,0,6,34,0,40,0,0,0,40
06/30/2023,MFD,OH,AGL,CE,Towers with Radar,0,3,24,0,27,0,0,9,0,9,0,3,33,0,36,0,0,0,36
07/01/2023,MFD,OH,AGL,CE,Towers with Radar,0,7,6,0,13,0,0,5,0,5,0,7,11,0,18,8,0,8,26
07/02/2023,MFD,OH,AGL,CE,Towers with Radar,0,22,14,0,36,0,0,0,0,0,0,22,14,0,36,0,0,0,36
07/03/2023,MFD,OH,AGL,CE,Towers with Radar,0,2,8,0,10,0,0,3,0,3,0,2,11,0,13,0,0,0,13
07/04/2023,MFD,OH,AGL,CE,Towers with Radar,0,6,11,0,17,0,1,25,0,26,0,7,36,0,43,12,0,12,55
07/05/2023,MFD,OH,AGL,CE,Towers with Radar,0,2,23,0,25,0,1,40,0,41,0,3,63,0,66,18,0,18,84
07/06/2023,MFD,OH,AGL,CE,Towers with Radar,0,2,14,2,18,0,0,15,0,15,0,2,29,2,33,54,0,54,87
07/07/2023,MFD,OH,AGL,CE,Towers with Radar,0,10,21,0,31,0,3,32,0,35,0,13,53,0,66,38,0,38,104
07/08/2023,MFD,OH,AGL,CE,Towers with Radar,0,13,14,0,27,0,2,5,0,7,0,15,19,0,34,20,0,20,54
07/09/2023,MFD,OH,AGL,CE,Towers with Radar,0,0,20,0,20,0,0,22,0,22,0,0,42,0,42,26,0,26,68
07/10/2023,MFD,OH,AGL,CE,Towers with Radar,0,6,3,6,15,0,4,49,0,53,0,10,52,6,68,38,2,40,108
07/11/2023,MFD,OH,AGL,CE,Towers with Radar,0,5,19,2,26,0,3,48,0,51,0,8,67,2,77,58,0,58,135
07/12/2023,MFD,OH,AGL,CE,Towers with Radar,0,3,6,0,9,0,0,15,0,15,0,3,21,0,24,12,0,12,36
07/13/2023,MFD,OH,AGL,CE,Towers with Radar,0,1,13,0,14,0,1,24,0,25,0,2,37,0,39,32,0,32,71
07/14/2023,MFD,OH,AGL,CE,Towers with Radar,0,8,7,2,17,0,3,43,0,46,0,11,50,2,63,92,0,92,155
07/15/2023,MFD,OH,AGL,CE,Towers with Radar,0,0,6,0,6,0,0,4,0,4,0,0,10,0,10,26,0,26,36
07/16/2023,MFD,OH,AGL,CE,Towers with Radar,0,2,14,0,16,0,0,6,0,6,0,2,20,0,22,4,0,4,26
07/17/2023,MFD,OH,AGL,CE,Towers with Radar,0,6,11,0,17,0,0,13,0,13,0,6,24,0,30,2,0,2,32
07/18/2023,MFD,OH,AGL,CE,Towers with Radar,0,7,9,2,18,1,0,38,0,39,1,7,47,2,57,40,8,48,105
07/19/2023,MFD,OH,AGL,CE,Towers with Radar,0,7,9,0,16,0,3,35,0,38,0,10,44,0,54,56,0,56,110
07/20/2023,MFD,OH,AGL,CE,Towers with Radar,0,4,16,0,20,0,0,5,2,7,0,4,21,2,27,0,0,0,27
07/21/2023,MFD,OH,AGL,CE,Towers with Radar,0,5,9,2,16,0,0,29,0,29,0,5,38,2,45,50,0,50,95
07/22/2023,MFD,OH,AGL,CE,Towers with Radar,0,4,13,0,17,0,4,46,0,50,0,8,59,0,67,4,0,4,71
07/23/2023,MFD,OH,AGL,CE,Towers with Radar,0,4,16,1,21,0,0,13,0,13,0,4,29,1,34,20,0,20,54
07/24/2023,MFD,OH,AGL,CE,Towers with Radar,0,1,9,1,11,0,5,24,0,29,0,6,33,1,40,8,0,8,48
07/25/2023,MFD,OH,AGL,CE,Towers with Radar,1,4,17,0,22,0,1,15,0,16,1,5,32,0,38,2,0,2,40
07/26/2023,MFD,OH,AGL,CE,Towers with Radar,0,9,13,0,22,0,3,18,0,21,0,12,31,0,43,6,0,6,49
07/27/2023,MFD,OH,AGL,CE,Towers with Radar,0,2,20,0,22,0,1,32,0,33,0,3,52,0,55,22,0,22,77
07/28/2023,MFD,OH,AGL,CE,Towers with Radar,0,2,16,0,18,0,0,20,0,20,0,2,36,0,38,40,0,40,78
07/29/2023,MFD,OH,AGL,CE,Towers with Radar,0,2,2,0,4,0,0,7,0,7,0,2,9,0,11,12,0,12,23
07/30/2023,MFD,OH,AGL,CE,Towers with Radar,0,0,7,0,7,0,3,27,0,30,0,3,34,0,37,0,0,0,37
07/31/2023,MFD,OH,AGL,CE,Towers with Radar,0,6,18,0,24,0,0,35,0,35,0,6,53,0,59,32,0,32,91
08/01/2023,MFD,OH,AGL,CE,Towers with Radar,0,0,12,0,12,0,2,25,0,27,0,2,37,0,39,32,0,32,71
08/02/2023,MFD,OH,AGL,CE,Towers with Radar,0,0,15,0,15,0,2,48,0,50,0,2,63,0,65,64,0,64,129
08/03/2023,MFD,OH,AGL,CE,Towers with Radar,0,8,20,0,28,0,0,35,0,35,0,8,55,0,63,28,0,28,91
08/04/2023,MFD,OH,AGL,CE,Towers with Radar,0,1,12,0,13,0,1,44,0,45,0,2,56,0,58,38,0,38,96
08/05/2023,MFD,OH,AGL,CE,Towers with Radar,0,2,11,0,13,0,2,139,0,141,0,4,150,0,154,230,0,230,384
08/06/2023,MFD,OH,AGL,CE,Towers with Radar,0,3,3,0,6,0,0,17,0,17,0,3,20,0,23,16,0,16,39
08/07/2023,MFD,OH,AGL,CE,Towers with Radar,0,3,6,0,9,0,0,0,0,0,0,3,6,0,9,0,0,0,9
08/08/2023,MFD,OH,AGL,CE,Towers with Radar,0,3,18,0,21,0,3,35,0,38,0,6,53,0,59,18,0,18,77
08/09/2023,MFD,OH,AGL,CE,Towers with Radar,0,4,19,0,23,0,0,25,0,25,0,4,44,0,48,16,0,16,64
08/10/2023,MFD,OH,AGL,CE,Towers with Radar,0,2,13,0,15,0,0,13,0,13,0,2,26,0,28,24,0,24,52
08/11/2023,MFD,OH,AGL,CE,Towers with Radar,0,0,7,0,7,0,3,24,0,27,0,3,31,0,34,22,0,22,56
08/12/2023,MFD,OH,AGL,CE,Towers with Radar,0,0,2,0,2,0,2,11,0,13,0,2,13,0,15,16,0,16,31
08/13/2023,MFD,OH,AGL,CE,Towers with Radar,0,0,12,0,12,0,2,25,0,27,0,2,37,0,39,10,0,10,49
08/14/2023,MFD,OH,AGL,CE,Towers with Radar,0,0,2,0,2,0,0,15,0,15,0,0,17,0,17,16,0,16,33
08/15/2023,MFD,OH,AGL,CE,Towers with Radar,0,2,24,0,26,0,0,0,0,0,0,2,24,0,26,0,0,0,26
08/16/2023,MFD,OH,AGL,CE,Towers with Radar,0,0,33,0,33,0,2,17,0,19,0,2,50,0,52,0,0,0,52
08/17/2023,MFD,OH,AGL,CE,Towers with Radar,0,2,16,0,18,0,3,10,0,13,0,5,26,0,31,2,0,2,33
08/18/2023,MFD,OH,AGL,CE,Towers with Radar,0,3,12,0,15,0,0,29,0,29,0,3,41,0,44,14,0,14,58
08/19/2023,MFD,OH,AGL,CE,Towers with Radar,0,4,11,0,15,0,0,54,0,54,0,4,65,0,69,50,0,50,119
08/20/2023,MFD,OH,AGL,CE,Towers with Radar,0,4,2,0,6,0,2,23,0,25,0,6,25,0,31,12,0,12,43
08/21/2023,MFD,OH,AGL,CE,Towers with Radar,0,4,14,0,18,0,1,10,0,11,0,5,24,0,29,20,0,20,49
08/22/2023,MFD,OH,AGL,CE,Towers with Radar,0,4,15,0,19,0,0,14,0,14,0,4,29,0,33,26,0,26,59
08/23/2023,MFD,OH,AGL,CE,Towers with Radar,0,21,20,0,41,0,2,15,0,17,0,23,35,0,58,32,0,32,90
08/24/2023,MFD,OH,AGL,CE,Towers with Radar,0,0,13,0,13,0,0,8,0,8,0,0,21,0,21,0,0,0,21
08/25/2023,MFD,OH,AGL,CE,Towers with Radar,0,0,27,0,27,0,0,4,0,4,0,0,31,0,31,2,0,2,33
08/26/2023,MFD,OH,AGL,CE,Towers with Radar,0,5,24,0,29,0,0,18,0,18,0,5,42,0,47,18,0,18,65
08/27/2023,MFD,OH,AGL,CE,Towers with Radar,0,4,13,0,17,0,0,5,0,5,0,4,18,0,22,4,0,4,26
08/28/2023,MFD,OH,AGL,CE,Towers with Radar,0,6,12,0,18,0,0,35,0,35,0,6,47,0,53,32,0,32,85
08/29/2023,MFD,OH,AGL,CE,Towers with Radar,0,1,10,4,15,0,8,34,1,43,0,9,44,5,58,40,0,40,98
08/30/2023,MFD,OH,AGL,CE,Towers with Radar,0,0,26,0,26,0,0,15,0,15,0,0,41,0,41,8,0,8,49
08/31/2023,MFD,OH,AGL,CE,Towers with Radar,0,0,11,0,11,0,8,18,0,26,0,8,29,0,37,30,0,30,67
