01/01/2000,MFE,TX,ASW,CE,Federal Contract Tower,6,0,9,0,15,11,0,15,0,26,17,0,24,0,41,0,0,0,41
01/02/2000,MFE,TX,ASW,CE,Federal Contract Tower,11,3,17,0,31,5,0,34,0,39,16,3,51,0,70,26,0,26,96
01/03/2000,MFE,TX,ASW,CE,Federal Contract Tower,14,1,22,8,45,6,0,67,0,73,20,1,89,8,118,10,0,10,128
01/04/2000,MFE,TX,ASW,CE,Federal Contract Tower,9,0,14,2,25,10,0,63,0,73,19,0,77,2,98,38,0,38,136
01/05/2000,MFE,TX,ASW,CE,Federal Contract Tower,18,4,24,4,50,2,1,131,0,134,20,5,155,4,184,68,0,68,252
01/06/2000,MFE,TX,ASW,CE,Federal Contract Tower,20,3,30,16,69,0,0,98,2,100,20,3,128,18,169,88,0,88,257
01/07/2000,MFE,TX,ASW,CE,Federal Contract Tower,19,2,29,15,65,0,0,37,5,42,19,2,66,20,107,70,0,70,177
01/08/2000,MFE,TX,ASW,CE,Federal Contract Tower,16,4,21,4,45,1,0,86,0,87,17,4,107,4,132,54,0,54,186
01/09/2000,MFE,TX,ASW,CE,Federal Contract Tower,15,2,18,2,37,1,0,59,0,60,16,2,77,2,97,48,0,48,145
01/10/2000,MFE,TX,ASW,CE,Federal Contract Tower,19,5,29,12,65,0,3,70,0,73,19,8,99,12,138,32,0,32,170
01/11/2000,MFE,TX,ASW,CE,Federal Contract Tower,20,5,31,15,71,0,1,69,0,70,20,6,100,15,141,50,0,50,191
01/12/2000,MFE,TX,ASW,CE,Federal Contract Tower,20,7,48,24,99,0,2,67,12,81,20,9,115,36,180,16,0,16,196
01/13/2000,MFE,TX,ASW,CE,Federal Contract Tower,21,5,37,19,82,0,2,63,0,65,21,7,100,19,147,38,0,38,185
01/14/2000,MFE,TX,ASW,CE,Federal Contract Tower,20,4,35,10,69,0,0,27,0,27,20,4,62,10,96,0,0,0,96
01/15/2000,MFE,TX,ASW,CE,Federal Contract Tower,11,2,15,0,28,6,3,95,0,104,17,5,110,0,132,74,0,74,206
01/16/2000,MFE,TX,ASW,CE,Federal Contract Tower,10,2,13,0,25,7,0,59,0,66,17,2,72,0,91,12,0,12,103
01/17/2000,MFE,TX,ASW,CE,Federal Contract Tower,19,3,26,12,60,1,1,71,0,73,20,4,97,12,133,4,0,4,137
01/18/2000,MFE,TX,ASW,CE,Federal Contract Tower,20,5,35,16,76,0,0,121,16,137,20,5,156,32,213,46,0,46,259
01/19/2000,MFE,TX,ASW,CE,Federal Contract Tower,20,1,34,16,71,0,0,116,26,142,20,1,150,42,213,138,0,138,351
01/20/2000,MFE,TX,ASW,CE,Federal Contract Tower,20,4,31,14,69,0,1,93,9,103,20,5,124,23,172,86,0,86,258
01/21/2000,MFE,TX,ASW,CE,Federal Contract Tower,20,0,30,14,64,0,0,109,8,117,20,0,139,22,181,4,0,4,185
01/22/2000,MFE,TX,ASW,CE,Federal Contract Tower,11,2,16,0,29,8,1,67,0,76,19,3,83,0,105,74,0,74,179
01/23/2000,MFE,TX,ASW,CE,Federal Contract Tower,12,2,17,0,31,6,0,55,0,61,18,2,72,0,92,72,0,72,164
01/24/2000,MFE,TX,ASW,CE,Federal Contract Tower,21,4,29,14,68,0,1,70,12,83,21,5,99,26,151,28,0,28,179
01/25/2000,MFE,TX,ASW,CE,Federal Contract Tower,20,4,30,14,68,0,1,92,12,105,20,5,122,26,173,42,0,42,215
01/26/2000,MFE,TX,ASW,CE,Federal Contract Tower,20,3,41,19,83,0,0,90,5,95,20,3,131,24,178,48,0,48,226
01/27/2000,MFE,TX,ASW,CE,Federal Contract Tower,20,5,39,14,78,0,5,76,0,81,20,10,115,14,159,64,0,64,223
01/28/2000,MFE,TX,ASW,CE,Federal Contract Tower,20,5,34,16,75,0,4,41,4,49,20,9,75,20,124,56,0,56,180
01/29/2000,MFE,TX,ASW,CE,Federal Contract Tower,12,2,17,0,31,5,2,42,0,49,17,4,59,0,80,56,0,56,136
01/30/2000,MFE,TX,ASW,CE,Federal Contract Tower,14,0,20,4,38,5,0,35,0,40,19,0,55,4,78,2,0,2,80
01/31/2000,MFE,TX,ASW,CE,Federal Contract Tower,22,4,31,10,67,0,2,49,0,51,22,6,80,10,118,58,0,58,176
02/01/2000,MFE,TX,ASW,CE,Federal Contract Tower,20,8,52,23,103,0,1,38,0,39,20,9,90,23,142,62,0,62,204
02/02/2000,MFE,TX,ASW,CE,Federal Contract Tower,18,5,32,6,61,3,2,10,0,15,21,7,42,6,76,0,0,0,76
02/03/2000,MFE,TX,ASW,CE,Federal Contract Tower,19,8,48,22,97,0,0,115,20,135,19,8,163,42,232,62,0,62,294
02/04/2000,MFE,TX,ASW,CE,Federal Contract Tower,17,5,31,13,66,3,0,105,0,108,20,5,136,13,174,82,0,82,256
02/05/2000,MFE,TX,ASW,CE,Federal Contract Tower,15,3,27,12,57,2,0,80,3,85,17,3,107,15,142,28,0,28,170
02/06/2000,MFE,TX,ASW,CE,Federal Contract Tower,12,2,22,10,46,5,0,63,0,68,17,2,85,10,114,12,0,12,126
02/07/2000,MFE,TX,ASW,CE,Federal Contract Tower,18,5,33,15,71,3,0,64,1,68,21,5,97,16,139,94,0,94,233
02/08/2000,MFE,TX,ASW,CE,Federal Contract Tower,20,4,40,18,82,0,0,91,7,98,20,4,131,25,180,52,0,52,232
02/09/2000,MFE,TX,ASW,CE,Federal Contract Tower,21,6,40,15,82,0,0,86,0,86,21,6,126,15,168,30,0,30,198
02/10/2000,MFE,TX,ASW,CE,Federal Contract Tower,20,6,37,17,80,0,3,74,5,82,20,9,111,22,162,40,0,40,202
02/11/2000,MFE,TX,ASW,CE,Federal Contract Tower,18,5,33,15,71,2,0,82,20,104,20,5,115,35,175,54,6,60,235
02/12/2000,MFE,TX,ASW,CE,Federal Contract Tower,13,4,23,0,40,5,3,51,0,59,18,7,74,0,99,48,0,48,147
02/13/2000,MFE,TX,ASW,CE,Federal Contract Tower,12,2,21,9,44,5,0,58,5,68,17,2,79,14,112,54,0,54,166
02/14/2000,MFE,TX,ASW,CE,Federal Contract Tower,19,4,33,8,64,0,0,61,0,61,19,4,94,8,125,62,0,62,187
02/15/2000,MFE,TX,ASW,CE,Federal Contract Tower,20,2,35,16,73,0,0,88,1,89,20,2,123,17,162,74,0,74,236
02/16/2000,MFE,TX,ASW,CE,Federal Contract Tower,19,8,48,23,98,0,0,75,15,90,19,8,123,38,188,94,0,94,282
02/17/2000,MFE,TX,ASW,CE,Federal Contract Tower,20,4,33,10,67,0,4,67,0,71,20,8,100,10,138,122,0,122,260
02/18/2000,MFE,TX,ASW,CE,Federal Contract Tower,18,4,33,7,62,0,4,97,0,101,18,8,130,7,163,58,0,58,221
02/19/2000,MFE,TX,ASW,CE,Federal Contract Tower,12,3,20,0,35,5,5,63,0,73,17,8,83,0,108,58,0,58,166
02/20/2000,MFE,TX,ASW,CE,Federal Contract Tower,16,2,28,0,46,1,0,73,0,74,17,2,101,0,120,18,0,18,138
02/21/2000,MFE,TX,ASW,CE,Federal Contract Tower,20,3,42,13,78,0,0,85,0,85,20,3,127,13,163,52,0,52,215
02/22/2000,MFE,TX,ASW,CE,Federal Contract Tower,19,5,35,12,71,0,1,66,0,67,19,6,101,12,138,26,0,26,164
02/23/2000,MFE,TX,ASW,CE,Federal Contract Tower,20,6,52,25,103,0,0,87,1,88,20,6,139,26,191,50,2,52,243
02/24/2000,MFE,TX,ASW,CE,Federal Contract Tower,20,4,46,23,93,0,0,68,3,71,20,4,114,26,164,0,0,0,164
02/25/2000,MFE,TX,ASW,CE,Federal Contract Tower,16,2,28,14,60,4,0,61,3,68,20,2,89,17,128,0,0,0,128
02/26/2000,MFE,TX,ASW,CE,Federal Contract Tower,12,2,19,4,37,5,1,57,0,63,17,3,76,4,100,80,0,80,180
02/27/2000,MFE,TX,ASW,CE,Federal Contract Tower,8,1,12,2,23,10,0,91,0,101,18,1,103,2,124,20,0,20,144
02/28/2000,MFE,TX,ASW,CE,Federal Contract Tower,20,3,36,17,76,0,0,78,11,89,20,3,114,28,165,64,0,64,229
02/29/2000,MFE,TX,ASW,CE,Federal Contract Tower,19,3,33,15,70,5,0,63,1,69,24,3,96,16,139,62,0,62,201
03/01/2000,MFE,TX,ASW,CE,Federal Contract Tower,20,5,46,20,91,0,0,62,18,80,20,5,108,38,171,94,0,94,265
03/02/2000,MFE,TX,ASW,CE,Federal Contract Tower,16,2,31,6,55,2,0,68,0,70,18,2,99,6,125,26,0,26,151
03/03/2000,MFE,TX,ASW,CE,Federal Contract Tower,15,4,30,13,62,4,0,80,3,87,19,4,110,16,149,24,0,24,173
03/04/2000,MFE,TX,ASW,CE,Federal Contract Tower,10,4,20,0,34,7,2,60,0,69,17,6,80,0,103,40,0,40,143
03/05/2000,MFE,TX,ASW,CE,Federal Contract Tower,7,3,15,6,31,10,0,63,0,73,17,3,78,6,104,2,0,2,106
03/06/2000,MFE,TX,ASW,CE,Federal Contract Tower,17,4,32,14,67,3,0,68,0,71,20,4,100,14,138,6,0,6,144
03/07/2000,MFE,TX,ASW,CE,Federal Contract Tower,18,6,36,14,74,2,3,69,0,74,20,9,105,14,148,70,6,76,224
03/08/2000,MFE,TX,ASW,CE,Federal Contract Tower,20,8,56,25,109,0,0,99,21,120,20,8,155,46,229,34,0,34,263
03/09/2000,MFE,TX,ASW,CE,Federal Contract Tower,20,5,45,20,90,0,0,88,12,100,20,5,133,32,190,22,4,26,216
03/10/2000,MFE,TX,ASW,CE,Federal Contract Tower,12,4,23,4,43,5,1,54,0,60,17,5,77,4,103,10,0,10,113
03/11/2000,MFE,TX,ASW,CE,Federal Contract Tower,10,3,18,0,31,8,2,58,0,68,18,5,76,0,99,10,0,10,109
03/12/2000,MFE,TX,ASW,CE,Federal Contract Tower,11,4,20,0,35,5,0,91,0,96,16,4,111,0,131,28,0,28,159
03/13/2000,MFE,TX,ASW,CE,Federal Contract Tower,20,1,46,16,83,0,0,58,0,58,20,1,104,16,141,128,0,128,269
03/14/2000,MFE,TX,ASW,CE,Federal Contract Tower,16,5,28,8,57,2,1,31,0,34,18,6,59,8,91,228,0,228,319
03/15/2000,MFE,TX,ASW,CE,Federal Contract Tower,20,4,46,21,91,0,0,60,3,63,20,4,106,24,154,60,0,60,214
03/16/2000,MFE,TX,ASW,CE,Federal Contract Tower,20,8,45,20,93,0,2,108,2,112,20,10,153,22,205,66,4,70,275
03/17/2000,MFE,TX,ASW,CE,Federal Contract Tower,19,4,34,17,74,2,0,51,1,54,21,4,85,18,128,4,32,36,164
03/18/2000,MFE,TX,ASW,CE,Federal Contract Tower,12,3,22,2,39,7,0,35,0,42,19,3,57,2,81,22,0,22,103
03/19/2000,MFE,TX,ASW,CE,Federal Contract Tower,11,2,19,0,32,6,0,59,0,65,17,2,78,0,97,30,0,30,127
03/20/2000,MFE,TX,ASW,CE,Federal Contract Tower,19,1,34,12,66,1,0,67,0,68,20,1,101,12,134,8,0,8,142
03/21/2000,MFE,TX,ASW,CE,Federal Contract Tower,20,8,50,24,102,0,3,59,4,66,20,11,109,28,168,14,0,14,182
03/22/2000,MFE,TX,ASW,CE,Federal Contract Tower,19,6,50,24,99,0,0,45,17,62,19,6,95,41,161,20,0,20,181
03/23/2000,MFE,TX,ASW,CE,Federal Contract Tower,19,8,51,24,102,0,2,79,12,93,19,10,130,36,195,84,0,84,279
03/24/2000,MFE,TX,ASW,CE,Federal Contract Tower,19,5,43,21,88,0,0,77,4,81,19,5,120,25,169,30,0,30,199
03/25/2000,MFE,TX,ASW,CE,Federal Contract Tower,10,2,17,0,29,6,2,63,0,71,16,4,80,0,100,16,0,16,116
03/26/2000,MFE,TX,ASW,CE,Federal Contract Tower,13,3,23,0,39,6,5,51,0,62,19,8,74,0,101,54,0,54,155
03/27/2000,MFE,TX,ASW,CE,Federal Contract Tower,17,3,30,10,60,3,0,87,0,90,20,3,117,10,150,24,10,34,184
03/28/2000,MFE,TX,ASW,CE,Federal Contract Tower,21,7,46,22,96,0,3,90,1,94,21,10,136,23,190,18,0,18,208
03/29/2000,MFE,TX,ASW,CE,Federal Contract Tower,20,7,47,22,96,0,5,83,4,92,20,12,130,26,188,74,0,74,262
03/30/2000,MFE,TX,ASW,CE,Federal Contract Tower,21,6,42,19,88,0,5,90,5,100,21,11,132,24,188,36,0,36,224
03/31/2000,MFE,TX,ASW,CE,Federal Contract Tower,20,6,42,8,76,0,0,83,0,83,20,6,125,8,159,24,0,24,183
04/01/2000,MFE,TX,ASW,CE,Federal Contract Tower,18,6,29,0,53,1,3,50,0,54,19,9,79,0,107,44,0,44,151
04/02/2000,MFE,TX,ASW,CE,Federal Contract Tower,16,6,27,0,49,4,4,47,0,55,20,10,74,0,104,180,0,180,284
04/03/2000,MFE,TX,ASW,CE,Federal Contract Tower,20,1,50,25,96,0,0,73,9,82,20,1,123,34,178,76,32,108,286
04/04/2000,MFE,TX,ASW,CE,Federal Contract Tower,16,6,27,13,62,4,5,115,1,125,20,11,142,14,187,28,12,40,227
04/05/2000,MFE,TX,ASW,CE,Federal Contract Tower,20,7,34,10,71,0,2,113,0,115,20,9,147,10,186,52,0,52,238
04/06/2000,MFE,TX,ASW,CE,Federal Contract Tower,19,8,37,17,81,0,2,132,0,134,19,10,169,17,215,66,0,66,281
04/07/2000,MFE,TX,ASW,CE,Federal Contract Tower,18,4,30,8,60,5,0,80,0,85,23,4,110,8,145,32,0,32,177
04/08/2000,MFE,TX,ASW,CE,Federal Contract Tower,12,4,20,0,36,5,3,53,0,61,17,7,73,0,97,8,0,8,105
04/09/2000,MFE,TX,ASW,CE,Federal Contract Tower,11,4,19,4,38,6,2,57,0,65,17,6,76,4,103,28,0,28,131
04/10/2000,MFE,TX,ASW,CE,Federal Contract Tower,18,6,29,12,65,2,2,53,0,57,20,8,82,12,122,24,0,24,146
04/11/2000,MFE,TX,ASW,CE,Federal Contract Tower,17,7,37,19,80,0,0,40,12,52,17,7,77,31,132,54,0,54,186
04/12/2000,MFE,TX,ASW,CE,Federal Contract Tower,19,5,28,0,52,0,0,44,0,44,19,5,72,0,96,6,0,6,102
04/13/2000,MFE,TX,ASW,CE,Federal Contract Tower,20,6,41,16,83,0,0,112,0,112,20,6,153,16,195,36,0,36,231
04/14/2000,MFE,TX,ASW,CE,Federal Contract Tower,16,5,24,2,47,4,5,71,0,80,20,10,95,2,127,42,0,42,169
04/15/2000,MFE,TX,ASW,CE,Federal Contract Tower,10,3,14,0,27,7,1,32,0,40,17,4,46,0,67,0,0,0,67
04/16/2000,MFE,TX,ASW,CE,Federal Contract Tower,13,2,19,6,40,6,0,51,0,57,19,2,70,6,97,138,4,142,239
04/17/2000,MFE,TX,ASW,CE,Federal Contract Tower,20,4,38,21,83,0,0,63,3,66,20,4,101,24,149,90,0,90,239
04/18/2000,MFE,TX,ASW,CE,Federal Contract Tower,20,6,39,22,87,0,0,68,12,80,20,6,107,34,167,32,0,32,199
04/19/2000,MFE,TX,ASW,CE,Federal Contract Tower,20,7,38,20,85,0,4,61,20,85,20,11,99,40,170,4,0,4,174
04/20/2000,MFE,TX,ASW,CE,Federal Contract Tower,19,7,37,20,83,0,2,97,7,106,19,9,134,27,189,92,0,92,281
04/21/2000,MFE,TX,ASW,CE,Federal Contract Tower,12,0,17,10,39,8,0,76,12,96,20,0,93,22,135,92,0,92,227
04/22/2000,MFE,TX,ASW,CE,Federal Contract Tower,11,2,16,0,29,6,0,43,0,49,17,2,59,0,78,94,0,94,172
04/23/2000,MFE,TX,ASW,CE,Federal Contract Tower,10,2,14,0,26,7,0,44,0,51,17,2,58,0,77,20,0,20,97
04/24/2000,MFE,TX,ASW,CE,Federal Contract Tower,20,1,30,17,68,0,0,58,2,60,20,1,88,19,128,44,0,44,172
04/25/2000,MFE,TX,ASW,CE,Federal Contract Tower,22,1,41,22,86,0,0,91,20,111,22,1,132,42,197,104,0,104,301
04/26/2000,MFE,TX,ASW,CE,Federal Contract Tower,19,7,39,21,86,0,1,125,2,128,19,8,164,23,214,44,2,46,260
04/27/2000,MFE,TX,ASW,CE,Federal Contract Tower,21,6,48,24,99,0,0,80,25,105,21,6,128,49,204,10,6,16,220
04/28/2000,MFE,TX,ASW,CE,Federal Contract Tower,19,5,30,15,69,0,1,86,15,102,19,6,116,30,171,60,2,62,233
04/29/2000,MFE,TX,ASW,CE,Federal Contract Tower,16,4,25,13,58,1,1,64,7,73,17,5,89,20,131,72,8,80,211
04/30/2000,MFE,TX,ASW,CE,Federal Contract Tower,10,2,15,2,29,7,3,38,0,48,17,5,53,2,77,0,0,0,77
05/01/2000,MFE,TX,ASW,CE,Federal Contract Tower,20,1,48,29,98,0,0,38,36,74,20,1,86,65,172,18,2,20,192
05/02/2000,MFE,TX,ASW,CE,Federal Contract Tower,15,4,27,0,46,5,1,43,0,49,20,5,70,0,95,28,0,28,123
05/03/2000,MFE,TX,ASW,CE,Federal Contract Tower,21,5,36,21,83,0,1,85,17,103,21,6,121,38,186,44,4,48,234
05/04/2000,MFE,TX,ASW,CE,Federal Contract Tower,20,4,45,24,93,0,0,74,0,74,20,4,119,24,167,34,0,34,201
05/05/2000,MFE,TX,ASW,CE,Federal Contract Tower,18,2,30,16,66,2,0,56,0,58,20,2,86,16,124,30,0,30,154
05/06/2000,MFE,TX,ASW,CE,Federal Contract Tower,10,2,17,0,29,9,0,40,0,49,19,2,57,0,78,10,0,10,88
05/07/2000,MFE,TX,ASW,CE,Federal Contract Tower,10,2,18,0,30,7,0,35,0,42,17,2,53,0,72,4,0,4,76
05/08/2000,MFE,TX,ASW,CE,Federal Contract Tower,20,2,40,24,86,0,0,65,2,67,20,2,105,26,153,62,2,64,217
05/09/2000,MFE,TX,ASW,CE,Federal Contract Tower,20,1,35,17,73,2,0,62,0,64,22,1,97,17,137,28,4,32,169
05/10/2000,MFE,TX,ASW,CE,Federal Contract Tower,22,5,40,21,88,0,2,62,0,64,22,7,102,21,152,70,0,70,222
05/11/2000,MFE,TX,ASW,CE,Federal Contract Tower,22,4,36,0,62,3,0,83,0,86,25,4,119,0,148,46,0,46,194
05/12/2000,MFE,TX,ASW,CE,Federal Contract Tower,20,2,32,12,66,0,0,70,0,70,20,2,102,12,136,22,0,22,158
05/13/2000,MFE,TX,ASW,CE,Federal Contract Tower,13,3,20,0,36,7,0,36,0,43,20,3,56,0,79,10,0,10,89
05/14/2000,MFE,TX,ASW,CE,Federal Contract Tower,11,2,16,4,33,6,0,30,0,36,17,2,46,4,69,8,0,8,77
05/15/2000,MFE,TX,ASW,CE,Federal Contract Tower,20,3,47,28,98,0,0,74,3,77,20,3,121,31,175,32,0,32,207
05/16/2000,MFE,TX,ASW,CE,Federal Contract Tower,22,5,42,25,94,0,0,59,9,68,22,5,101,34,162,52,0,52,214
05/17/2000,MFE,TX,ASW,CE,Federal Contract Tower,19,2,29,14,64,3,0,56,0,59,22,2,85,14,123,22,0,22,145
05/18/2000,MFE,TX,ASW,CE,Federal Contract Tower,19,3,29,17,68,0,0,48,11,59,19,3,77,28,127,4,6,10,137
05/19/2000,MFE,TX,ASW,CE,Federal Contract Tower,26,4,55,34,119,0,0,58,6,64,26,4,113,40,183,10,0,10,193
05/20/2000,MFE,TX,ASW,CE,Federal Contract Tower,14,2,21,0,37,3,4,55,0,62,17,6,76,0,99,30,0,30,129
05/21/2000,MFE,TX,ASW,CE,Federal Contract Tower,10,1,15,4,30,7,1,59,0,67,17,2,74,4,97,58,4,62,159
05/22/2000,MFE,TX,ASW,CE,Federal Contract Tower,20,4,40,25,89,0,2,63,11,76,20,6,103,36,165,24,0,24,189
05/23/2000,MFE,TX,ASW,CE,Federal Contract Tower,20,4,39,24,87,0,6,77,4,87,20,10,116,28,174,6,2,8,182
05/24/2000,MFE,TX,ASW,CE,Federal Contract Tower,21,5,48,30,104,0,5,114,0,119,21,10,162,30,223,18,10,28,251
05/25/2000,MFE,TX,ASW,CE,Federal Contract Tower,24,1,42,25,92,0,0,73,5,78,24,1,115,30,170,28,0,28,198
05/26/2000,MFE,TX,ASW,CE,Federal Contract Tower,21,3,33,16,73,0,0,59,0,59,21,3,92,16,132,16,2,18,150
05/27/2000,MFE,TX,ASW,CE,Federal Contract Tower,10,1,16,0,27,9,5,37,0,51,19,6,53,0,78,14,0,14,92
05/28/2000,MFE,TX,ASW,CE,Federal Contract Tower,8,1,12,0,21,7,3,56,0,66,15,4,68,0,87,48,0,48,135
05/29/2000,MFE,TX,ASW,CE,Federal Contract Tower,10,0,15,0,25,8,0,49,0,57,18,0,64,0,82,8,0,8,90
05/30/2000,MFE,TX,ASW,CE,Federal Contract Tower,20,4,37,22,83,0,2,79,19,100,20,6,116,41,183,24,0,24,207
05/31/2000,MFE,TX,ASW,CE,Federal Contract Tower,20,4,40,23,87,0,1,114,14,129,20,5,154,37,216,44,0,44,260
06/01/2000,MFE,TX,ASW,CE,Federal Contract Tower,18,4,32,10,64,2,0,94,0,96,20,4,126,10,160,36,0,36,196
06/02/2000,MFE,TX,ASW,CE,Federal Contract Tower,13,3,23,8,47,7,0,51,4,62,20,3,74,12,109,46,0,46,155
06/03/2000,MFE,TX,ASW,CE,Federal Contract Tower,14,3,23,2,42,5,1,63,0,69,19,4,86,2,111,76,0,76,187
06/04/2000,MFE,TX,ASW,CE,Federal Contract Tower,9,2,17,0,28,8,0,42,0,50,17,2,59,0,78,8,0,8,86
06/05/2000,MFE,TX,ASW,CE,Federal Contract Tower,15,0,25,0,40,6,0,28,0,34,21,0,53,0,74,30,0,30,104
06/06/2000,MFE,TX,ASW,CE,Federal Contract Tower,18,2,31,2,53,2,0,92,0,94,20,2,123,2,147,56,0,56,203
06/07/2000,MFE,TX,ASW,CE,Federal Contract Tower,20,4,33,4,61,0,1,68,0,69,20,5,101,4,130,18,0,18,148
06/08/2000,MFE,TX,ASW,CE,Federal Contract Tower,19,3,32,6,60,1,0,85,0,86,20,3,117,6,146,44,0,44,190
06/09/2000,MFE,TX,ASW,CE,Federal Contract Tower,14,3,24,0,41,4,0,34,0,38,18,3,58,0,79,68,0,68,147
06/10/2000,MFE,TX,ASW,CE,Federal Contract Tower,11,2,17,0,30,9,1,8,0,18,20,3,25,0,48,8,0,8,56
06/11/2000,MFE,TX,ASW,CE,Federal Contract Tower,12,2,17,0,31,5,0,30,0,35,17,2,47,0,66,34,0,34,100
06/12/2000,MFE,TX,ASW,CE,Federal Contract Tower,20,0,36,6,62,0,0,78,0,78,20,0,114,6,140,46,2,48,188
06/13/2000,MFE,TX,ASW,CE,Federal Contract Tower,20,4,40,15,79,0,0,76,9,85,20,4,116,24,164,22,0,22,186
06/14/2000,MFE,TX,ASW,CE,Federal Contract Tower,18,7,65,25,115,0,0,96,23,119,18,7,161,48,234,54,10,64,298
06/15/2000,MFE,TX,ASW,CE,Federal Contract Tower,18,1,34,13,66,0,0,76,2,78,18,1,110,15,144,64,0,64,208
06/16/2000,MFE,TX,ASW,CE,Federal Contract Tower,21,2,44,18,85,0,0,58,8,66,21,2,102,26,151,36,0,36,187
06/17/2000,MFE,TX,ASW,CE,Federal Contract Tower,15,2,22,0,39,0,3,56,0,59,15,5,78,0,98,70,0,70,168
06/18/2000,MFE,TX,ASW,CE,Federal Contract Tower,10,0,15,0,25,6,0,38,0,44,16,0,53,0,69,36,0,36,105
06/19/2000,MFE,TX,ASW,CE,Federal Contract Tower,18,2,27,6,53,0,0,60,0,60,18,2,87,6,113,12,0,12,125
06/20/2000,MFE,TX,ASW,CE,Federal Contract Tower,20,2,37,15,74,0,0,69,10,79,20,2,106,25,153,60,4,64,217
06/21/2000,MFE,TX,ASW,CE,Federal Contract Tower,19,3,37,8,67,0,0,122,0,122,19,3,159,8,189,30,0,30,219
06/22/2000,MFE,TX,ASW,CE,Federal Contract Tower,19,3,31,6,59,0,4,63,0,67,19,7,94,6,126,34,0,34,160
06/23/2000,MFE,TX,ASW,CE,Federal Contract Tower,19,3,30,12,64,0,0,45,16,61,19,3,75,28,125,8,0,8,133
06/24/2000,MFE,TX,ASW,CE,Federal Contract Tower,10,1,16,0,27,7,2,75,0,84,17,3,91,0,111,50,0,50,161
06/25/2000,MFE,TX,ASW,CE,Federal Contract Tower,13,1,20,2,36,4,5,45,0,54,17,6,65,2,90,24,0,24,114
06/26/2000,MFE,TX,ASW,CE,Federal Contract Tower,20,4,49,19,92,0,0,49,17,66,20,4,98,36,158,30,0,30,188
06/27/2000,MFE,TX,ASW,CE,Federal Contract Tower,20,3,39,15,77,0,2,71,11,84,20,5,110,26,161,42,0,42,203
06/28/2000,MFE,TX,ASW,CE,Federal Contract Tower,18,2,29,11,60,1,2,104,3,110,19,4,133,14,170,38,0,38,208
06/29/2000,MFE,TX,ASW,CE,Federal Contract Tower,15,2,25,9,51,4,0,85,1,90,19,2,110,10,141,22,0,22,163
06/30/2000,MFE,TX,ASW,CE,Federal Contract Tower,20,0,36,13,69,0,0,51,21,72,20,0,87,34,141,40,0,40,181
07/01/2000,MFE,TX,ASW,CE,Federal Contract Tower,9,2,9,0,20,8,0,48,0,56,17,2,57,0,76,22,0,22,98
07/02/2000,MFE,TX,ASW,CE,Federal Contract Tower,7,0,8,0,15,9,0,41,0,50,16,0,49,0,65,2,0,2,67
07/03/2000,MFE,TX,ASW,CE,Federal Contract Tower,9,0,11,0,20,8,0,42,0,50,17,0,53,0,70,10,0,10,80
07/04/2000,MFE,TX,ASW,CE,Federal Contract Tower,10,2,11,2,25,9,0,37,0,46,19,2,48,2,71,10,0,10,81
07/05/2000,MFE,TX,ASW,CE,Federal Contract Tower,20,2,31,30,83,0,0,82,12,94,20,2,113,42,177,74,0,74,251
07/06/2000,MFE,TX,ASW,CE,Federal Contract Tower,19,4,24,23,70,0,0,74,4,78,19,4,98,27,148,16,0,16,164
07/07/2000,MFE,TX,ASW,CE,Federal Contract Tower,17,2,18,16,53,3,0,53,0,56,20,2,71,16,109,24,8,32,141
07/08/2000,MFE,TX,ASW,CE,Federal Contract Tower,9,2,10,0,21,8,3,61,0,72,17,5,71,0,93,36,0,36,129
07/09/2000,MFE,TX,ASW,CE,Federal Contract Tower,11,2,12,0,25,6,0,54,0,60,17,2,66,0,85,28,0,28,113
07/10/2000,MFE,TX,ASW,CE,Federal Contract Tower,20,1,25,25,71,0,0,50,4,54,20,1,75,29,125,20,4,24,149
07/11/2000,MFE,TX,ASW,CE,Federal Contract Tower,18,2,17,10,47,2,1,70,0,73,20,3,87,10,120,52,0,52,172
07/12/2000,MFE,TX,ASW,CE,Federal Contract Tower,20,2,20,22,64,0,3,73,6,82,20,5,93,28,146,118,0,118,264
07/13/2000,MFE,TX,ASW,CE,Federal Contract Tower,19,2,28,29,78,0,0,86,19,105,19,2,114,48,183,44,0,44,227
07/14/2000,MFE,TX,ASW,CE,Federal Contract Tower,19,0,17,18,54,1,0,71,0,72,20,0,88,18,126,38,0,38,164
07/15/2000,MFE,TX,ASW,CE,Federal Contract Tower,11,1,9,0,21,7,7,45,0,59,18,8,54,0,80,20,0,20,100
07/16/2000,MFE,TX,ASW,CE,Federal Contract Tower,13,1,12,4,30,3,1,47,0,51,16,2,59,4,81,8,0,8,89
07/17/2000,MFE,TX,ASW,CE,Federal Contract Tower,20,3,21,22,66,0,0,57,4,61,20,3,78,26,127,48,0,48,175
07/18/2000,MFE,TX,ASW,CE,Federal Contract Tower,16,2,14,8,40,3,1,61,0,65,19,3,75,8,105,6,0,6,111
07/19/2000,MFE,TX,ASW,CE,Federal Contract Tower,20,3,36,35,94,0,0,64,25,89,20,3,100,60,183,50,0,50,233
07/20/2000,MFE,TX,ASW,CE,Federal Contract Tower,20,2,21,20,63,0,2,69,3,74,20,4,90,23,137,62,0,62,199
07/21/2000,MFE,TX,ASW,CE,Federal Contract Tower,20,2,21,21,64,0,1,56,11,68,20,3,77,32,132,40,2,42,174
07/22/2000,MFE,TX,ASW,CE,Federal Contract Tower,9,1,8,0,18,7,1,57,0,65,16,2,65,0,83,34,0,34,117
07/23/2000,MFE,TX,ASW,CE,Federal Contract Tower,16,2,16,10,44,1,1,46,0,48,17,3,62,10,92,12,0,12,104
07/24/2000,MFE,TX,ASW,CE,Federal Contract Tower,20,2,25,25,72,0,0,54,5,59,20,2,79,30,131,6,0,6,137
07/25/2000,MFE,TX,ASW,CE,Federal Contract Tower,20,3,28,28,79,0,4,59,5,68,20,7,87,33,147,12,0,12,159
07/26/2000,MFE,TX,ASW,CE,Federal Contract Tower,21,3,22,21,67,0,0,80,5,85,21,3,102,26,152,26,4,30,182
07/27/2000,MFE,TX,ASW,CE,Federal Contract Tower,20,1,21,18,60,0,0,68,0,68,20,1,89,18,128,0,4,4,132
07/28/2000,MFE,TX,ASW,CE,Federal Contract Tower,18,0,21,21,60,0,0,49,19,68,18,0,70,40,128,18,0,18,146
07/29/2000,MFE,TX,ASW,CE,Federal Contract Tower,12,1,11,0,24,4,1,64,0,69,16,2,75,0,93,26,0,26,119
07/30/2000,MFE,TX,ASW,CE,Federal Contract Tower,12,1,12,0,25,5,1,44,0,50,17,2,56,0,75,16,0,16,91
07/31/2000,MFE,TX,ASW,CE,Federal Contract Tower,20,2,32,31,85,0,0,60,10,70,20,2,92,41,155,0,0,0,155
08/01/2000,MFE,TX,ASW,CE,Federal Contract Tower,19,5,32,25,81,0,0,73,11,84,19,5,105,36,165,44,0,44,209
08/02/2000,MFE,TX,ASW,CE,Federal Contract Tower,20,4,26,12,62,0,0,68,0,68,20,4,94,12,130,28,0,28,158
08/03/2000,MFE,TX,ASW,CE,Federal Contract Tower,20,5,28,18,71,0,1,78,0,79,20,6,106,18,150,28,0,28,178
08/04/2000,MFE,TX,ASW,CE,Federal Contract Tower,16,4,20,4,44,5,0,52,0,57,21,4,72,4,101,28,0,28,129
08/05/2000,MFE,TX,ASW,CE,Federal Contract Tower,10,3,13,0,26,8,2,41,0,51,18,5,54,0,77,4,0,4,81
08/06/2000,MFE,TX,ASW,CE,Federal Contract Tower,10,2,13,0,25,8,0,37,0,45,18,2,50,0,70,0,0,0,70
08/07/2000,MFE,TX,ASW,CE,Federal Contract Tower,20,2,26,20,68,0,0,60,10,70,20,2,86,30,138,12,0,12,150
08/08/2000,MFE,TX,ASW,CE,Federal Contract Tower,15,4,19,4,42,5,0,45,0,50,20,4,64,4,92,30,0,30,122
08/09/2000,MFE,TX,ASW,CE,Federal Contract Tower,19,5,25,19,68,0,4,58,3,65,19,9,83,22,133,64,0,64,197
08/10/2000,MFE,TX,ASW,CE,Federal Contract Tower,20,1,27,22,70,0,0,55,10,65,20,1,82,32,135,0,0,0,135
08/11/2000,MFE,TX,ASW,CE,Federal Contract Tower,20,5,23,16,64,2,3,74,0,79,22,8,97,16,143,8,0,8,151
08/12/2000,MFE,TX,ASW,CE,Federal Contract Tower,10,3,12,0,25,8,2,63,0,73,18,5,75,0,98,50,0,50,148
08/13/2000,MFE,TX,ASW,CE,Federal Contract Tower,13,3,14,0,30,5,4,37,0,46,18,7,51,0,76,2,0,2,78
08/14/2000,MFE,TX,ASW,CE,Federal Contract Tower,28,4,36,29,97,0,0,47,9,56,28,4,83,38,153,30,0,30,183
08/15/2000,MFE,TX,ASW,CE,Federal Contract Tower,12,3,14,2,31,10,0,25,0,35,22,3,39,2,66,16,0,16,82
08/16/2000,MFE,TX,ASW,CE,Federal Contract Tower,21,1,27,20,69,0,0,66,0,66,21,1,93,20,135,76,0,76,211
08/17/2000,MFE,TX,ASW,CE,Federal Contract Tower,20,3,26,19,68,0,0,97,0,97,20,3,123,19,165,48,0,48,213
08/18/2000,MFE,TX,ASW,CE,Federal Contract Tower,19,3,22,18,62,1,3,78,0,82,20,6,100,18,144,64,0,64,208
08/19/2000,MFE,TX,ASW,CE,Federal Contract Tower,12,2,13,0,27,6,0,52,0,58,18,2,65,0,85,72,0,72,157
08/20/2000,MFE,TX,ASW,CE,Federal Contract Tower,11,2,12,6,31,8,2,40,0,50,19,4,52,6,81,4,0,4,85
08/21/2000,MFE,TX,ASW,CE,Federal Contract Tower,17,0,20,17,54,3,0,70,1,74,20,0,90,18,128,24,0,24,152
08/22/2000,MFE,TX,ASW,CE,Federal Contract Tower,17,1,19,6,43,3,0,64,0,67,20,1,83,6,110,6,0,6,116
08/23/2000,MFE,TX,ASW,CE,Federal Contract Tower,20,1,48,39,108,0,0,50,45,95,20,1,98,84,203,12,4,16,219
08/24/2000,MFE,TX,ASW,CE,Federal Contract Tower,20,5,33,28,86,0,3,93,10,106,20,8,126,38,192,6,0,6,198
08/25/2000,MFE,TX,ASW,CE,Federal Contract Tower,19,3,21,16,59,1,1,81,0,83,20,4,102,16,142,36,0,36,178
08/26/2000,MFE,TX,ASW,CE,Federal Contract Tower,14,2,15,0,31,4,0,78,0,82,18,2,93,0,113,62,0,62,175
08/27/2000,MFE,TX,ASW,CE,Federal Contract Tower,11,0,12,0,23,10,0,53,0,63,21,0,65,0,86,0,0,0,86
08/28/2000,MFE,TX,ASW,CE,Federal Contract Tower,20,1,35,27,83,0,0,53,27,80,20,1,88,54,163,30,0,30,193
08/29/2000,MFE,TX,ASW,CE,Federal Contract Tower,20,4,37,29,90,0,0,72,4,76,20,4,109,33,166,14,0,14,180
08/30/2000,MFE,TX,ASW,CE,Federal Contract Tower,20,5,29,22,76,0,12,109,0,121,20,17,138,22,197,56,0,56,253
08/31/2000,MFE,TX,ASW,CE,Federal Contract Tower,20,5,31,24,80,0,1,107,16,124,20,6,138,40,204,52,0,52,256
09/01/2000,MFE,TX,ASW,CE,Federal Contract Tower,19,3,24,19,65,0,0,86,6,92,19,3,110,25,157,30,0,30,187
09/02/2000,MFE,TX,ASW,CE,Federal Contract Tower,11,2,14,0,27,7,3,53,0,63,18,5,67,0,90,36,0,36,126
09/03/2000,MFE,TX,ASW,CE,Federal Contract Tower,8,1,8,0,17,10,0,53,0,63,18,1,61,0,80,0,0,0,80
09/04/2000,MFE,TX,ASW,CE,Federal Contract Tower,10,1,12,0,23,9,2,47,0,58,19,3,59,0,81,32,0,32,113
09/05/2000,MFE,TX,ASW,CE,Federal Contract Tower,20,4,28,23,75,0,0,65,5,70,20,4,93,28,145,26,0,26,171
09/06/2000,MFE,TX,ASW,CE,Federal Contract Tower,20,5,36,29,90,0,5,77,16,98,20,10,113,45,188,30,57,87,275
09/07/2000,MFE,TX,ASW,CE,Federal Contract Tower,19,0,29,24,72,0,0,66,8,74,19,0,95,32,146,44,0,44,190
09/08/2000,MFE,TX,ASW,CE,Federal Contract Tower,16,4,21,2,43,4,4,72,0,80,20,8,93,2,123,52,0,52,175
09/09/2000,MFE,TX,ASW,CE,Federal Contract Tower,10,3,14,0,27,7,0,75,0,82,17,3,89,0,109,54,0,54,163
09/10/2000,MFE,TX,ASW,CE,Federal Contract Tower,9,2,11,0,22,8,3,50,0,61,17,5,61,0,83,18,0,18,101
09/11/2000,MFE,TX,ASW,CE,Federal Contract Tower,20,5,27,20,72,0,0,65,0,65,20,5,92,20,137,14,0,14,151
09/12/2000,MFE,TX,ASW,CE,Federal Contract Tower,18,0,25,20,63,0,0,78,8,86,18,0,103,28,149,58,0,58,207
09/13/2000,MFE,TX,ASW,CE,Federal Contract Tower,20,5,28,22,75,0,1,61,0,62,20,6,89,22,137,46,0,46,183
09/14/2000,MFE,TX,ASW,CE,Federal Contract Tower,19,6,32,26,83,0,0,64,12,76,19,6,96,38,159,38,2,40,199
09/15/2000,MFE,TX,ASW,CE,Federal Contract Tower,21,6,33,23,83,0,0,51,0,51,21,6,84,23,134,30,0,30,164
09/16/2000,MFE,TX,ASW,CE,Federal Contract Tower,9,2,14,0,25,8,0,69,0,77,17,2,83,0,102,62,0,62,164
09/17/2000,MFE,TX,ASW,CE,Federal Contract Tower,14,2,18,0,34,3,0,70,0,73,17,2,88,0,107,18,0,18,125
09/18/2000,MFE,TX,ASW,CE,Federal Contract Tower,17,3,24,17,61,3,0,63,5,71,20,3,87,22,132,2,0,2,134
09/19/2000,MFE,TX,ASW,CE,Federal Contract Tower,20,3,31,23,77,0,0,70,13,83,20,3,101,36,160,8,0,8,168
09/20/2000,MFE,TX,ASW,CE,Federal Contract Tower,22,4,39,29,94,0,0,67,7,74,22,4,106,36,168,46,2,48,216
09/21/2000,MFE,TX,ASW,CE,Federal Contract Tower,20,7,45,33,105,0,1,78,17,96,20,8,123,50,201,28,2,30,231
09/22/2000,MFE,TX,ASW,CE,Federal Contract Tower,20,5,31,8,64,0,0,80,0,80,20,5,111,8,144,30,0,30,174
09/23/2000,MFE,TX,ASW,CE,Federal Contract Tower,10,3,15,0,28,7,0,70,0,77,17,3,85,0,105,14,0,14,119
09/24/2000,MFE,TX,ASW,CE,Federal Contract Tower,13,2,17,4,36,4,0,69,0,73,17,2,86,4,109,32,0,32,141
09/25/2000,MFE,TX,ASW,CE,Federal Contract Tower,20,2,33,25,80,0,0,30,6,36,20,2,63,31,116,20,0,20,136
09/26/2000,MFE,TX,ASW,CE,Federal Contract Tower,20,4,29,23,76,0,0,78,1,79,20,4,107,24,155,40,0,40,195
09/27/2000,MFE,TX,ASW,CE,Federal Contract Tower,20,1,39,30,90,0,0,53,28,81,20,1,92,58,171,28,4,32,203
09/28/2000,MFE,TX,ASW,CE,Federal Contract Tower,20,6,42,32,100,0,0,68,4,72,20,6,110,36,172,48,4,52,224
09/29/2000,MFE,TX,ASW,CE,Federal Contract Tower,20,3,26,16,65,0,4,73,0,77,20,7,99,16,142,6,0,6,148
09/30/2000,MFE,TX,ASW,CE,Federal Contract Tower,10,1,13,0,24,7,1,76,0,84,17,2,89,0,108,48,0,48,156
10/01/2000,MFE,TX,ASW,CE,Federal Contract Tower,8,3,16,0,27,9,2,50,0,61,17,5,66,0,88,58,0,58,146
10/02/2000,MFE,TX,ASW,CE,Federal Contract Tower,12,4,26,4,46,8,0,73,0,81,20,4,99,4,127,16,0,16,143
10/03/2000,MFE,TX,ASW,CE,Federal Contract Tower,19,7,59,26,111,0,0,61,27,88,19,7,120,53,199,32,0,32,231
10/04/2000,MFE,TX,ASW,CE,Federal Contract Tower,19,8,42,17,86,0,1,79,0,80,19,9,121,17,166,24,6,30,196
10/05/2000,MFE,TX,ASW,CE,Federal Contract Tower,18,6,35,0,59,2,1,69,0,72,20,7,104,0,131,44,0,44,175
10/06/2000,MFE,TX,ASW,CE,Federal Contract Tower,12,4,24,2,42,8,1,30,0,39,20,5,54,2,81,54,0,54,135
10/07/2000,MFE,TX,ASW,CE,Federal Contract Tower,10,3,17,0,30,7,4,0,0,11,17,7,17,0,41,0,0,0,41
10/08/2000,MFE,TX,ASW,CE,Federal Contract Tower,7,2,11,0,20,10,0,0,0,10,17,2,11,0,30,0,0,0,30
10/09/2000,MFE,TX,ASW,CE,Federal Contract Tower,16,4,32,0,52,4,0,34,0,38,20,4,66,0,90,0,0,0,90
10/10/2000,MFE,TX,ASW,CE,Federal Contract Tower,17,3,30,6,56,3,0,10,0,13,20,3,40,6,69,0,0,0,69
10/11/2000,MFE,TX,ASW,CE,Federal Contract Tower,18,5,42,3,68,0,0,62,0,62,18,5,104,3,130,36,0,36,166
10/12/2000,MFE,TX,ASW,CE,Federal Contract Tower,19,6,33,11,69,4,2,54,0,60,23,8,87,11,129,42,0,42,171
10/13/2000,MFE,TX,ASW,CE,Federal Contract Tower,16,5,28,8,57,4,5,73,0,82,20,10,101,8,139,34,0,34,173
10/14/2000,MFE,TX,ASW,CE,Federal Contract Tower,17,2,32,5,56,0,0,74,0,74,17,2,106,5,130,78,0,78,208
10/15/2000,MFE,TX,ASW,CE,Federal Contract Tower,11,3,18,0,32,4,1,48,0,53,15,4,66,0,85,18,0,18,103
10/16/2000,MFE,TX,ASW,CE,Federal Contract Tower,18,4,31,15,68,2,0,58,1,61,20,4,89,16,129,0,0,0,129
10/17/2000,MFE,TX,ASW,CE,Federal Contract Tower,19,5,36,17,77,0,0,74,5,79,19,5,110,22,156,144,0,144,300
10/18/2000,MFE,TX,ASW,CE,Federal Contract Tower,20,8,54,25,107,0,0,56,11,67,20,8,110,36,174,70,0,70,244
10/19/2000,MFE,TX,ASW,CE,Federal Contract Tower,20,7,49,23,99,0,1,54,20,75,20,8,103,43,174,38,2,40,214
10/20/2000,MFE,TX,ASW,CE,Federal Contract Tower,20,5,34,4,63,0,0,79,0,79,20,5,113,4,142,16,0,16,158
10/21/2000,MFE,TX,ASW,CE,Federal Contract Tower,17,5,37,0,59,0,1,67,0,68,17,6,104,0,127,56,0,56,183
10/22/2000,MFE,TX,ASW,CE,Federal Contract Tower,11,2,19,0,32,5,4,20,0,29,16,6,39,0,61,22,0,22,83
10/23/2000,MFE,TX,ASW,CE,Federal Contract Tower,20,7,46,22,95,0,2,32,24,58,20,9,78,46,153,66,0,66,219
10/24/2000,MFE,TX,ASW,CE,Federal Contract Tower,19,4,34,16,73,1,0,32,13,46,20,4,66,29,119,28,0,28,147
10/25/2000,MFE,TX,ASW,CE,Federal Contract Tower,21,6,59,28,114,0,0,55,26,81,21,6,114,54,195,76,0,76,271
10/26/2000,MFE,TX,ASW,CE,Federal Contract Tower,19,4,43,19,85,0,0,103,0,103,19,4,146,19,188,54,0,54,242
10/27/2000,MFE,TX,ASW,CE,Federal Contract Tower,22,7,52,23,104,0,0,80,5,85,22,7,132,28,189,90,0,90,279
10/28/2000,MFE,TX,ASW,CE,Federal Contract Tower,15,4,28,0,47,2,1,77,0,80,17,5,105,0,127,102,0,102,229
10/29/2000,MFE,TX,ASW,CE,Federal Contract Tower,13,3,24,0,40,4,0,42,0,46,17,3,66,0,86,40,0,40,126
10/30/2000,MFE,TX,ASW,CE,Federal Contract Tower,20,6,42,18,86,0,0,44,25,69,20,6,86,43,155,18,14,32,187
10/31/2000,MFE,TX,ASW,CE,Federal Contract Tower,21,2,39,17,79,0,0,51,20,71,21,2,90,37,150,10,0,10,160
11/01/2000,MFE,TX,ASW,CE,Federal Contract Tower,20,8,51,21,100,0,3,84,0,87,20,11,135,21,187,20,0,20,207
11/02/2000,MFE,TX,ASW,CE,Federal Contract Tower,21,7,49,21,98,0,0,64,13,77,21,7,113,34,175,46,0,46,221
11/03/2000,MFE,TX,ASW,CE,Federal Contract Tower,21,7,46,19,93,0,2,57,3,62,21,9,103,22,155,38,0,38,193
11/04/2000,MFE,TX,ASW,CE,Federal Contract Tower,12,4,24,0,40,5,4,91,0,100,17,8,115,0,140,36,0,36,176
11/05/2000,MFE,TX,ASW,CE,Federal Contract Tower,11,2,21,0,34,5,0,40,0,45,16,2,61,0,79,24,0,24,103
11/06/2000,MFE,TX,ASW,CE,Federal Contract Tower,15,4,28,11,58,4,0,76,3,83,19,4,104,14,141,36,0,36,177
11/07/2000,MFE,TX,ASW,CE,Federal Contract Tower,20,1,37,16,74,1,0,51,4,56,21,1,88,20,130,44,0,44,174
11/08/2000,MFE,TX,ASW,CE,Federal Contract Tower,14,2,26,0,42,6,0,59,0,65,20,2,85,0,107,36,0,36,143
11/09/2000,MFE,TX,ASW,CE,Federal Contract Tower,19,6,36,15,76,1,0,85,5,91,20,6,121,20,167,70,0,70,237
11/10/2000,MFE,TX,ASW,CE,Federal Contract Tower,13,4,24,0,41,7,0,76,0,83,20,4,100,0,124,46,0,46,170
11/11/2000,MFE,TX,ASW,CE,Federal Contract Tower,11,3,20,0,34,6,2,54,0,62,17,5,74,0,96,92,0,92,188
11/12/2000,MFE,TX,ASW,CE,Federal Contract Tower,8,3,15,0,26,10,0,15,0,25,18,3,30,0,51,2,0,2,53
11/13/2000,MFE,TX,ASW,CE,Federal Contract Tower,18,3,32,13,66,0,0,38,5,43,18,3,70,18,109,18,0,18,127
11/14/2000,MFE,TX,ASW,CE,Federal Contract Tower,22,7,40,17,86,0,0,74,9,83,22,7,114,26,169,24,8,32,201
11/15/2000,MFE,TX,ASW,CE,Federal Contract Tower,21,8,50,22,101,0,0,70,4,74,21,8,120,26,175,32,2,34,209
11/16/2000,MFE,TX,ASW,CE,Federal Contract Tower,22,7,60,27,116,0,0,49,31,80,22,7,109,58,196,28,0,28,224
11/17/2000,MFE,TX,ASW,CE,Federal Contract Tower,24,7,47,6,84,0,3,18,0,21,24,10,65,6,105,0,0,0,105
11/18/2000,MFE,TX,ASW,CE,Federal Contract Tower,16,3,26,0,45,1,4,7,0,12,17,7,33,0,57,0,0,0,57
11/19/2000,MFE,TX,ASW,CE,Federal Contract Tower,16,3,26,4,49,1,0,45,0,46,17,3,71,4,95,26,0,26,121
11/20/2000,MFE,TX,ASW,CE,Federal Contract Tower,20,2,40,19,81,0,0,76,0,76,20,2,116,19,157,28,0,28,185
11/21/2000,MFE,TX,ASW,CE,Federal Contract Tower,20,2,51,23,96,0,0,64,30,94,20,2,115,53,190,30,0,30,220
11/22/2000,MFE,TX,ASW,CE,Federal Contract Tower,19,4,32,14,69,1,1,54,0,56,20,5,86,14,125,22,60,82,207
11/23/2000,MFE,TX,ASW,CE,Federal Contract Tower,7,0,11,0,18,9,0,22,0,31,16,0,33,0,49,16,0,16,65
11/24/2000,MFE,TX,ASW,CE,Federal Contract Tower,11,1,18,0,30,7,0,49,0,56,18,1,67,0,86,30,0,30,116
11/25/2000,MFE,TX,ASW,CE,Federal Contract Tower,9,2,15,0,26,7,2,79,0,88,16,4,94,0,114,124,0,124,238
11/26/2000,MFE,TX,ASW,CE,Federal Contract Tower,11,2,17,0,30,5,1,64,0,70,16,3,81,0,100,50,0,50,150
11/27/2000,MFE,TX,ASW,CE,Federal Contract Tower,20,5,35,15,75,0,2,36,3,41,20,7,71,18,116,10,0,10,126
11/28/2000,MFE,TX,ASW,CE,Federal Contract Tower,20,4,34,14,72,0,2,68,5,75,20,6,102,19,147,34,0,34,181
11/29/2000,MFE,TX,ASW,CE,Federal Contract Tower,19,6,45,19,89,0,3,70,3,76,19,9,115,22,165,64,0,64,229
11/30/2000,MFE,TX,ASW,CE,Federal Contract Tower,20,3,56,24,103,0,0,49,4,53,20,3,105,28,156,18,2,20,176
12/01/2000,MFE,TX,ASW,CE,Federal Contract Tower,18,3,31,4,56,0,0,62,0,62,18,3,93,4,118,20,0,20,138
12/02/2000,MFE,TX,ASW,CE,Federal Contract Tower,17,3,30,0,50,0,0,70,0,70,17,3,100,0,120,102,0,102,222
12/03/2000,MFE,TX,ASW,CE,Federal Contract Tower,10,2,16,0,28,9,0,14,0,23,19,2,30,0,51,8,0,8,59
12/04/2000,MFE,TX,ASW,CE,Federal Contract Tower,22,7,38,0,67,0,30,0,0,30,22,37,38,0,97,0,0,0,97
12/05/2000,MFE,TX,ASW,CE,Federal Contract Tower,20,1,41,12,74,0,0,55,4,59,20,1,96,16,133,40,0,40,173
12/06/2000,MFE,TX,ASW,CE,Federal Contract Tower,19,1,46,13,79,0,0,56,14,70,19,1,102,27,149,58,0,58,207
12/07/2000,MFE,TX,ASW,CE,Federal Contract Tower,19,4,31,4,58,1,0,71,0,72,20,4,102,4,130,38,0,38,168
12/08/2000,MFE,TX,ASW,CE,Federal Contract Tower,15,4,23,6,48,5,0,93,0,98,20,4,116,6,146,30,0,30,176
12/09/2000,MFE,TX,ASW,CE,Federal Contract Tower,17,0,28,0,45,0,0,75,0,75,17,0,103,0,120,90,0,90,210
12/10/2000,MFE,TX,ASW,CE,Federal Contract Tower,14,3,22,0,39,3,0,60,0,63,17,3,82,0,102,36,0,36,138
12/11/2000,MFE,TX,ASW,CE,Federal Contract Tower,21,5,32,10,68,0,3,42,16,61,21,8,74,26,129,18,0,18,147
12/12/2000,MFE,TX,ASW,CE,Federal Contract Tower,16,3,40,12,71,0,0,12,21,33,16,3,52,33,104,26,0,26,130
12/13/2000,MFE,TX,ASW,CE,Federal Contract Tower,19,4,34,4,61,0,1,15,0,16,19,5,49,4,77,0,0,0,77
12/14/2000,MFE,TX,ASW,CE,Federal Contract Tower,21,7,55,12,95,0,1,21,0,22,21,8,76,12,117,0,0,0,117
12/15/2000,MFE,TX,ASW,CE,Federal Contract Tower,21,6,47,0,74,0,1,25,0,26,21,7,72,0,100,0,0,0,100
12/16/2000,MFE,TX,ASW,CE,Federal Contract Tower,16,2,22,0,40,3,0,36,0,39,19,2,58,0,79,18,0,18,97
12/17/2000,MFE,TX,ASW,CE,Federal Contract Tower,18,3,25,4,50,1,5,85,0,91,19,8,110,4,141,18,0,18,159
12/18/2000,MFE,TX,ASW,CE,Federal Contract Tower,20,1,30,9,60,2,0,43,10,55,22,1,73,19,115,0,6,6,121
12/19/2000,MFE,TX,ASW,CE,Federal Contract Tower,19,3,28,10,60,2,4,93,5,104,21,7,121,15,164,42,12,54,218
12/20/2000,MFE,TX,ASW,CE,Federal Contract Tower,20,4,30,9,63,2,5,50,5,62,22,9,80,14,125,0,0,0,125
12/21/2000,MFE,TX,ASW,CE,Federal Contract Tower,20,4,29,9,62,2,5,90,2,99,22,9,119,11,161,6,6,12,173
12/22/2000,MFE,TX,ASW,CE,Federal Contract Tower,24,6,44,14,88,0,12,33,0,45,24,18,77,14,133,26,0,26,159
12/23/2000,MFE,TX,ASW,CE,Federal Contract Tower,18,2,25,0,45,0,0,38,0,38,18,2,63,0,83,12,0,12,95
12/24/2000,MFE,TX,ASW,CE,Federal Contract Tower,10,0,14,0,24,8,0,8,0,16,18,0,22,0,40,0,0,0,40
12/25/2000,MFE,TX,ASW,CE,Federal Contract Tower,10,0,15,0,25,7,0,14,0,21,17,0,29,0,46,4,0,4,50
12/26/2000,MFE,TX,ASW,CE,Federal Contract Tower,15,3,22,0,40,0,4,31,0,35,15,7,53,0,75,12,0,12,87
12/27/2000,MFE,TX,ASW,CE,Federal Contract Tower,19,3,29,8,59,2,2,37,2,43,21,5,66,10,102,10,10,20,122
12/28/2000,MFE,TX,ASW,CE,Federal Contract Tower,14,2,21,7,44,10,0,55,1,66,24,2,76,8,110,66,0,66,176
12/29/2000,MFE,TX,ASW,CE,Federal Contract Tower,16,1,23,4,44,6,0,61,0,67,22,1,84,4,111,52,0,52,163
12/30/2000,MFE,TX,ASW,CE,Federal Contract Tower,11,2,16,0,29,8,0,66,0,74,19,2,82,0,103,66,0,66,169
12/31/2000,MFE,TX,ASW,CE,Federal Contract Tower,10,2,16,0,28,5,0,11,0,16,15,2,27,0,44,38,0,38,82
01/01/2001,MFE,TX,ASW,CE,Federal Contract Tower,11,2,17,0,30,8,1,0,0,9,19,3,17,0,39,0,0,0,39
01/02/2001,MFE,TX,ASW,CE,Federal Contract Tower,18,3,26,0,47,6,2,6,0,14,24,5,32,0,61,0,0,0,61
01/03/2001,MFE,TX,ASW,CE,Federal Contract Tower,17,3,25,8,53,5,2,59,0,66,22,5,84,8,119,60,0,60,179
01/04/2001,MFE,TX,ASW,CE,Federal Contract Tower,17,3,24,10,54,4,1,85,0,90,21,4,109,10,144,64,0,64,208
01/05/2001,MFE,TX,ASW,CE,Federal Contract Tower,20,2,30,14,66,2,0,99,0,101,22,2,129,14,167,60,0,60,227
01/06/2001,MFE,TX,ASW,CE,Federal Contract Tower,13,3,19,0,35,6,2,77,0,85,19,5,96,0,120,92,0,92,212
01/07/2001,MFE,TX,ASW,CE,Federal Contract Tower,13,0,19,0,32,7,0,38,0,45,20,0,57,0,77,24,0,24,101
01/08/2001,MFE,TX,ASW,CE,Federal Contract Tower,21,0,30,15,66,2,0,46,5,53,23,0,76,20,119,60,0,60,179
01/09/2001,MFE,TX,ASW,CE,Federal Contract Tower,23,4,37,20,84,0,0,66,13,79,23,4,103,33,163,59,0,59,222
01/10/2001,MFE,TX,ASW,CE,Federal Contract Tower,22,4,40,20,86,0,0,20,10,30,22,4,60,30,116,34,26,60,176
01/11/2001,MFE,TX,ASW,CE,Federal Contract Tower,22,5,39,18,84,0,4,89,0,93,22,9,128,18,177,48,0,48,225
01/12/2001,MFE,TX,ASW,CE,Federal Contract Tower,21,4,36,20,81,0,4,54,8,66,21,8,90,28,147,22,0,22,169
01/13/2001,MFE,TX,ASW,CE,Federal Contract Tower,12,2,16,0,30,7,1,28,0,36,19,3,44,0,66,44,0,44,110
01/14/2001,MFE,TX,ASW,CE,Federal Contract Tower,18,3,23,2,46,3,1,26,0,30,21,4,49,2,76,26,0,26,102
01/15/2001,MFE,TX,ASW,CE,Federal Contract Tower,20,3,26,0,49,2,1,35,0,38,22,4,61,0,87,0,0,0,87
01/16/2001,MFE,TX,ASW,CE,Federal Contract Tower,22,0,41,22,85,0,0,26,10,36,22,0,67,32,121,8,0,8,129
01/17/2001,MFE,TX,ASW,CE,Federal Contract Tower,24,3,34,14,75,0,4,23,0,27,24,7,57,14,102,14,0,14,116
01/18/2001,MFE,TX,ASW,CE,Federal Contract Tower,18,2,28,10,58,0,0,14,0,14,18,2,42,10,72,6,0,6,78
01/19/2001,MFE,TX,ASW,CE,Federal Contract Tower,21,3,48,27,99,0,0,48,54,102,21,3,96,81,201,42,12,54,255
01/20/2001,MFE,TX,ASW,CE,Federal Contract Tower,16,2,21,12,51,2,3,84,7,96,18,5,105,19,147,70,2,72,219
01/21/2001,MFE,TX,ASW,CE,Federal Contract Tower,18,0,24,14,56,3,0,53,0,56,21,0,77,14,112,44,0,44,156
01/22/2001,MFE,TX,ASW,CE,Federal Contract Tower,19,1,25,14,59,3,0,69,13,85,22,1,94,27,144,36,8,44,188
01/23/2001,MFE,TX,ASW,CE,Federal Contract Tower,22,3,32,16,73,0,0,74,0,74,22,3,106,16,147,120,0,120,267
01/24/2001,MFE,TX,ASW,CE,Federal Contract Tower,22,4,41,22,89,0,0,68,4,72,22,4,109,26,161,96,0,96,257
01/25/2001,MFE,TX,ASW,CE,Federal Contract Tower,23,1,35,10,69,0,0,80,0,80,23,1,115,10,149,48,0,48,197
01/26/2001,MFE,TX,ASW,CE,Federal Contract Tower,22,3,32,16,73,0,1,74,2,77,22,4,106,18,150,62,4,66,216
01/27/2001,MFE,TX,ASW,CE,Federal Contract Tower,13,1,18,0,32,5,2,38,0,45,18,3,56,0,77,12,0,12,89
01/28/2001,MFE,TX,ASW,CE,Federal Contract Tower,13,0,17,0,30,8,0,40,0,48,21,0,57,0,78,40,0,40,118
01/29/2001,MFE,TX,ASW,CE,Federal Contract Tower,21,0,29,14,64,0,0,71,1,72,21,0,100,15,136,12,0,12,148
01/30/2001,MFE,TX,ASW,CE,Federal Contract Tower,22,2,30,15,69,0,0,76,3,79,22,2,106,18,148,82,0,82,230
01/31/2001,MFE,TX,ASW,CE,Federal Contract Tower,20,2,30,8,60,0,0,98,0,98,20,2,128,8,158,100,0,100,258
02/01/2001,MFE,TX,ASW,CE,Federal Contract Tower,22,3,51,28,104,0,0,56,6,62,22,3,107,34,166,68,0,68,234
02/02/2001,MFE,TX,ASW,CE,Federal Contract Tower,23,3,43,16,85,0,3,36,0,39,23,6,79,16,124,38,0,38,162
02/03/2001,MFE,TX,ASW,CE,Federal Contract Tower,9,2,16,0,27,9,2,71,0,82,18,4,87,0,109,80,0,80,189
02/04/2001,MFE,TX,ASW,CE,Federal Contract Tower,10,1,18,6,35,11,0,86,0,97,21,1,104,6,132,52,0,52,184
02/05/2001,MFE,TX,ASW,CE,Federal Contract Tower,21,0,40,22,83,0,0,74,18,92,21,0,114,40,175,34,2,36,211
02/06/2001,MFE,TX,ASW,CE,Federal Contract Tower,19,3,33,18,73,4,0,75,16,95,23,3,108,34,168,30,0,30,198
02/07/2001,MFE,TX,ASW,CE,Federal Contract Tower,22,0,41,20,83,0,0,49,0,49,22,0,90,20,132,22,0,22,154
02/08/2001,MFE,TX,ASW,CE,Federal Contract Tower,22,3,34,13,72,0,1,48,0,49,22,4,82,13,121,8,0,8,129
02/09/2001,MFE,TX,ASW,CE,Federal Contract Tower,18,3,29,8,58,6,1,60,0,67,24,4,89,8,125,72,0,72,197
02/10/2001,MFE,TX,ASW,CE,Federal Contract Tower,10,2,16,2,30,9,2,47,0,58,19,4,63,2,88,42,0,42,130
02/11/2001,MFE,TX,ASW,CE,Federal Contract Tower,14,0,21,4,39,9,0,1,0,10,23,0,22,4,49,0,0,0,49
02/12/2001,MFE,TX,ASW,CE,Federal Contract Tower,18,3,29,0,50,4,1,22,0,27,22,4,51,0,77,12,0,12,89
02/13/2001,MFE,TX,ASW,CE,Federal Contract Tower,23,2,39,23,87,0,0,39,7,46,23,2,78,30,133,10,0,10,143
02/14/2001,MFE,TX,ASW,CE,Federal Contract Tower,22,1,44,18,85,0,0,73,0,73,22,1,117,18,158,40,0,40,198
02/15/2001,MFE,TX,ASW,CE,Federal Contract Tower,21,2,61,35,119,0,0,73,16,89,21,2,134,51,208,104,6,110,318
02/16/2001,MFE,TX,ASW,CE,Federal Contract Tower,18,0,29,17,64,4,0,80,0,84,22,0,109,17,148,46,0,46,194
02/17/2001,MFE,TX,ASW,CE,Federal Contract Tower,14,1,21,2,38,5,1,83,0,89,19,2,104,2,127,86,0,86,213
02/18/2001,MFE,TX,ASW,CE,Federal Contract Tower,12,0,19,2,33,8,0,78,0,86,20,0,97,2,119,64,0,64,183
02/19/2001,MFE,TX,ASW,CE,Federal Contract Tower,12,1,19,0,32,9,1,65,0,75,21,2,84,0,107,68,0,68,175
02/20/2001,MFE,TX,ASW,CE,Federal Contract Tower,22,0,48,28,98,0,0,88,3,91,22,0,136,31,189,106,6,112,301
02/21/2001,MFE,TX,ASW,CE,Federal Contract Tower,22,0,50,23,95,0,0,110,0,110,22,0,160,23,205,84,0,84,289
02/22/2001,MFE,TX,ASW,CE,Federal Contract Tower,22,3,47,18,90,0,2,82,0,84,22,5,129,18,174,80,0,80,254
02/23/2001,MFE,TX,ASW,CE,Federal Contract Tower,22,3,48,26,99,0,4,18,12,34,22,7,66,38,133,40,2,42,175
02/24/2001,MFE,TX,ASW,CE,Federal Contract Tower,12,1,20,2,35,7,2,68,0,77,19,3,88,2,112,94,0,94,206
02/25/2001,MFE,TX,ASW,CE,Federal Contract Tower,15,1,26,1,43,6,0,68,0,74,21,1,94,1,117,52,0,52,169
02/26/2001,MFE,TX,ASW,CE,Federal Contract Tower,24,2,43,23,92,0,0,52,3,55,24,2,95,26,147,44,0,44,191
02/27/2001,MFE,TX,ASW,CE,Federal Contract Tower,21,2,49,27,99,0,0,47,27,74,21,2,96,54,173,30,0,30,203
02/28/2001,MFE,TX,ASW,CE,Federal Contract Tower,20,3,55,30,108,0,4,0,34,38,20,7,55,64,146,8,8,16,162
03/01/2001,MFE,TX,ASW,CE,Federal Contract Tower,20,2,68,23,113,0,0,9,0,9,20,2,77,23,122,22,0,22,144
03/02/2001,MFE,TX,ASW,CE,Federal Contract Tower,22,1,54,25,102,0,0,44,0,44,22,1,98,25,146,46,0,46,192
03/03/2001,MFE,TX,ASW,CE,Federal Contract Tower,19,2,33,4,58,1,0,83,0,84,20,2,116,4,142,90,0,90,232
03/04/2001,MFE,TX,ASW,CE,Federal Contract Tower,13,0,23,4,40,10,0,72,0,82,23,0,95,4,122,48,0,48,170
03/05/2001,MFE,TX,ASW,CE,Federal Contract Tower,15,0,26,12,53,6,0,67,8,81,21,0,93,20,134,100,0,100,234
03/06/2001,MFE,TX,ASW,CE,Federal Contract Tower,22,0,43,20,85,0,0,49,25,74,22,0,92,45,159,12,10,22,181
03/07/2001,MFE,TX,ASW,CE,Federal Contract Tower,22,2,44,21,89,0,0,55,14,69,22,2,99,35,158,120,12,132,290
03/08/2001,MFE,TX,ASW,CE,Federal Contract Tower,22,0,51,24,97,0,0,58,27,85,22,0,109,51,182,58,18,76,258
03/09/2001,MFE,TX,ASW,CE,Federal Contract Tower,22,0,46,21,89,0,0,90,15,105,22,0,136,36,194,70,0,70,264
03/10/2001,MFE,TX,ASW,CE,Federal Contract Tower,9,1,16,0,26,9,1,55,0,65,18,2,71,0,91,16,0,16,107
03/11/2001,MFE,TX,ASW,CE,Federal Contract Tower,14,0,23,11,48,7,0,25,11,43,21,0,48,22,91,26,0,26,117
03/12/2001,MFE,TX,ASW,CE,Federal Contract Tower,22,0,44,21,87,0,0,48,9,57,22,0,92,30,144,34,4,38,182
03/13/2001,MFE,TX,ASW,CE,Federal Contract Tower,23,3,39,19,84,0,0,104,8,112,23,3,143,27,196,114,26,140,336
03/14/2001,MFE,TX,ASW,CE,Federal Contract Tower,28,2,68,33,131,0,0,31,38,69,28,2,99,71,200,58,66,124,324
03/15/2001,MFE,TX,ASW,CE,Federal Contract Tower,22,2,45,19,88,0,1,116,0,117,22,3,161,19,205,54,2,56,261
03/16/2001,MFE,TX,ASW,CE,Federal Contract Tower,22,2,39,9,72,0,4,99,0,103,22,6,138,9,175,52,0,52,227
03/17/2001,MFE,TX,ASW,CE,Federal Contract Tower,12,1,21,0,34,7,2,60,0,69,19,3,81,0,103,90,0,90,193
03/18/2001,MFE,TX,ASW,CE,Federal Contract Tower,15,0,24,4,43,6,0,23,0,29,21,0,47,4,72,40,0,40,112
03/19/2001,MFE,TX,ASW,CE,Federal Contract Tower,16,0,26,8,50,6,0,66,0,72,22,0,92,8,122,26,20,46,168
03/20/2001,MFE,TX,ASW,CE,Federal Contract Tower,14,0,22,2,38,8,0,86,0,94,22,0,108,2,132,74,0,74,206
03/21/2001,MFE,TX,ASW,CE,Federal Contract Tower,18,0,28,14,60,4,0,111,4,119,22,0,139,18,179,64,0,64,243
03/22/2001,MFE,TX,ASW,CE,Federal Contract Tower,22,1,38,14,75,0,0,96,0,96,22,1,134,14,171,74,2,76,247
03/23/2001,MFE,TX,ASW,CE,Federal Contract Tower,15,1,24,10,50,7,0,57,0,64,22,1,81,10,114,34,0,34,148
03/24/2001,MFE,TX,ASW,CE,Federal Contract Tower,10,0,16,0,26,9,2,58,0,69,19,2,74,0,95,96,0,96,191
03/25/2001,MFE,TX,ASW,CE,Federal Contract Tower,12,0,20,2,34,9,0,71,0,80,21,0,91,2,114,76,0,76,190
03/26/2001,MFE,TX,ASW,CE,Federal Contract Tower,22,1,37,4,64,0,0,37,0,37,22,1,74,4,101,6,0,6,107
03/27/2001,MFE,TX,ASW,CE,Federal Contract Tower,22,1,36,9,68,1,4,25,0,30,23,5,61,9,98,48,0,48,146
03/28/2001,MFE,TX,ASW,CE,Federal Contract Tower,23,2,52,16,93,0,3,32,0,35,23,5,84,16,128,40,4,44,172
03/29/2001,MFE,TX,ASW,CE,Federal Contract Tower,22,2,41,14,79,0,0,80,0,80,22,2,121,14,159,68,0,68,227
03/30/2001,MFE,TX,ASW,CE,Federal Contract Tower,22,2,48,12,84,0,9,69,0,78,22,11,117,12,162,50,0,50,212
03/31/2001,MFE,TX,ASW,CE,Federal Contract Tower,16,1,27,8,52,3,1,57,0,61,19,2,84,8,113,48,0,48,161
04/01/2001,MFE,TX,ASW,CE,Federal Contract Tower,20,0,15,0,35,1,0,60,0,61,21,0,75,0,96,22,0,22,118
04/02/2001,MFE,TX,ASW,CE,Federal Contract Tower,23,0,33,33,89,0,0,34,0,34,23,0,67,33,123,42,2,44,167
04/03/2001,MFE,TX,ASW,CE,Federal Contract Tower,21,6,44,24,95,0,0,41,0,41,21,6,85,24,136,74,0,74,210
04/04/2001,MFE,TX,ASW,CE,Federal Contract Tower,20,3,42,17,82,0,1,60,0,61,20,4,102,17,143,106,2,108,251
04/05/2001,MFE,TX,ASW,CE,Federal Contract Tower,21,2,52,25,100,0,0,54,20,74,21,2,106,45,174,60,0,60,234
04/06/2001,MFE,TX,ASW,CE,Federal Contract Tower,22,2,38,18,80,0,0,33,8,41,22,2,71,26,121,22,6,28,149
04/07/2001,MFE,TX,ASW,CE,Federal Contract Tower,10,1,17,0,28,9,1,45,0,55,19,2,62,0,83,32,0,32,115
04/08/2001,MFE,TX,ASW,CE,Federal Contract Tower,12,1,20,6,39,9,1,25,0,35,21,2,45,6,74,44,0,44,118
04/09/2001,MFE,TX,ASW,CE,Federal Contract Tower,22,0,32,44,98,0,0,65,0,65,22,0,97,44,163,14,8,22,185
04/10/2001,MFE,TX,ASW,CE,Federal Contract Tower,21,9,42,27,99,0,0,73,0,73,21,9,115,27,172,10,8,18,190
04/11/2001,MFE,TX,ASW,CE,Federal Contract Tower,22,2,43,32,99,0,0,66,0,66,22,2,109,32,165,44,4,48,213
04/12/2001,MFE,TX,ASW,CE,Federal Contract Tower,22,0,54,14,90,0,0,75,0,75,22,0,129,14,165,72,0,72,237
04/13/2001,MFE,TX,ASW,CE,Federal Contract Tower,22,1,29,14,66,0,0,48,0,48,22,1,77,14,114,66,0,66,180
04/14/2001,MFE,TX,ASW,CE,Federal Contract Tower,18,2,25,0,45,0,0,44,0,44,18,2,69,0,89,6,0,6,95
04/15/2001,MFE,TX,ASW,CE,Federal Contract Tower,21,0,15,0,36,0,0,51,0,51,21,0,66,0,87,92,0,92,179
04/16/2001,MFE,TX,ASW,CE,Federal Contract Tower,22,4,41,37,104,0,0,60,0,60,22,4,101,37,164,24,10,34,198
04/17/2001,MFE,TX,ASW,CE,Federal Contract Tower,23,2,55,16,96,0,0,52,0,52,23,2,107,16,148,96,0,96,244
04/18/2001,MFE,TX,ASW,CE,Federal Contract Tower,22,3,50,25,100,0,0,64,0,64,22,3,114,25,164,166,8,174,338
04/19/2001,MFE,TX,ASW,CE,Federal Contract Tower,22,12,80,4,118,0,0,60,0,60,22,12,140,4,178,58,0,58,236
04/20/2001,MFE,TX,ASW,CE,Federal Contract Tower,22,8,63,12,105,0,0,57,0,57,22,8,120,12,162,88,4,92,254
04/21/2001,MFE,TX,ASW,CE,Federal Contract Tower,19,4,37,0,60,0,0,36,0,36,19,4,73,0,96,4,0,4,100
04/22/2001,MFE,TX,ASW,CE,Federal Contract Tower,20,0,27,0,47,0,0,33,0,33,20,0,60,0,80,64,0,64,144
04/23/2001,MFE,TX,ASW,CE,Federal Contract Tower,22,9,37,52,120,0,0,54,0,54,22,9,91,52,174,132,10,142,316
04/24/2001,MFE,TX,ASW,CE,Federal Contract Tower,22,6,60,4,92,0,0,42,0,42,22,6,102,4,134,70,0,70,204
04/25/2001,MFE,TX,ASW,CE,Federal Contract Tower,22,3,40,19,84,0,0,60,15,75,22,3,100,34,159,62,0,62,221
04/26/2001,MFE,TX,ASW,CE,Federal Contract Tower,22,10,31,12,75,0,0,91,0,91,22,10,122,12,166,104,0,104,270
04/27/2001,MFE,TX,ASW,CE,Federal Contract Tower,21,0,37,4,62,0,0,66,0,66,21,0,103,4,128,44,0,44,172
04/28/2001,MFE,TX,ASW,CE,Federal Contract Tower,19,2,15,6,42,0,0,69,0,69,19,2,84,6,111,16,0,16,127
04/29/2001,MFE,TX,ASW,CE,Federal Contract Tower,21,0,18,0,39,0,0,53,0,53,21,0,71,0,92,0,0,0,92
04/30/2001,MFE,TX,ASW,CE,Federal Contract Tower,22,0,20,28,70,0,0,60,0,60,22,0,80,28,130,10,0,10,140
05/01/2001,MFE,TX,ASW,CE,Federal Contract Tower,20,0,34,29,83,1,0,47,0,48,21,0,81,29,131,78,0,78,209
05/02/2001,MFE,TX,ASW,CE,Federal Contract Tower,21,3,36,40,100,1,0,70,0,71,22,3,106,40,171,58,0,58,229
05/03/2001,MFE,TX,ASW,CE,Federal Contract Tower,23,4,41,14,82,1,0,61,0,62,24,4,102,14,144,66,0,66,210
05/04/2001,MFE,TX,ASW,CE,Federal Contract Tower,20,1,27,13,61,1,0,49,0,50,21,1,76,13,111,90,18,108,219
05/05/2001,MFE,TX,ASW,CE,Federal Contract Tower,17,3,15,0,35,1,0,21,0,22,18,3,36,0,57,20,0,20,77
05/06/2001,MFE,TX,ASW,CE,Federal Contract Tower,17,0,13,6,36,1,0,19,0,20,18,0,32,6,56,2,0,2,58
05/07/2001,MFE,TX,ASW,CE,Federal Contract Tower,21,0,20,35,76,1,0,34,0,35,22,0,54,35,111,20,0,20,131
05/08/2001,MFE,TX,ASW,CE,Federal Contract Tower,21,0,24,11,56,1,0,53,0,54,22,0,77,11,110,18,0,18,128
05/09/2001,MFE,TX,ASW,CE,Federal Contract Tower,21,2,29,18,70,1,0,84,0,85,22,2,113,18,155,58,2,60,215
05/10/2001,MFE,TX,ASW,CE,Federal Contract Tower,21,0,35,6,62,1,0,75,0,76,22,0,110,6,138,2,10,12,150
05/11/2001,MFE,TX,ASW,CE,Federal Contract Tower,21,2,29,4,56,1,0,78,0,79,22,2,107,4,135,30,0,30,165
05/12/2001,MFE,TX,ASW,CE,Federal Contract Tower,18,3,12,0,33,1,0,53,0,54,19,3,65,0,87,36,0,36,123
05/13/2001,MFE,TX,ASW,CE,Federal Contract Tower,20,0,5,0,25,1,0,56,0,57,21,0,61,0,82,48,0,48,130
05/14/2001,MFE,TX,ASW,CE,Federal Contract Tower,21,0,25,24,70,1,0,62,0,63,22,0,87,24,133,40,0,40,173
05/15/2001,MFE,TX,ASW,CE,Federal Contract Tower,21,1,27,22,71,1,0,86,0,87,22,1,113,22,158,56,0,56,214
05/16/2001,MFE,TX,ASW,CE,Federal Contract Tower,22,2,31,28,83,0,0,89,0,89,22,2,120,28,172,58,0,58,230
05/17/2001,MFE,TX,ASW,CE,Federal Contract Tower,22,2,35,30,89,0,0,75,0,75,22,2,110,30,164,106,0,106,270
05/18/2001,MFE,TX,ASW,CE,Federal Contract Tower,22,1,21,0,44,0,0,50,0,50,22,1,71,0,94,20,0,20,114
05/19/2001,MFE,TX,ASW,CE,Federal Contract Tower,18,1,4,4,27,0,0,30,0,30,18,1,34,4,57,34,0,34,91
05/20/2001,MFE,TX,ASW,CE,Federal Contract Tower,21,0,16,0,37,0,0,48,0,48,21,0,64,0,85,10,0,10,95
05/21/2001,MFE,TX,ASW,CE,Federal Contract Tower,21,0,33,12,66,0,0,36,0,36,21,0,69,12,102,38,0,38,140
05/22/2001,MFE,TX,ASW,CE,Federal Contract Tower,23,3,36,27,89,0,1,64,23,88,23,4,100,50,177,38,0,38,215
05/23/2001,MFE,TX,ASW,CE,Federal Contract Tower,25,4,7,34,70,0,0,91,0,91,25,4,98,34,161,30,0,30,191
05/24/2001,MFE,TX,ASW,CE,Federal Contract Tower,24,4,32,33,93,0,0,94,0,94,24,4,126,33,187,108,0,108,295
05/25/2001,MFE,TX,ASW,CE,Federal Contract Tower,22,2,32,24,80,0,2,72,14,88,22,4,104,38,168,66,0,66,234
05/26/2001,MFE,TX,ASW,CE,Federal Contract Tower,16,2,12,0,30,0,0,52,0,52,16,2,64,0,82,56,0,56,138
05/27/2001,MFE,TX,ASW,CE,Federal Contract Tower,17,0,8,0,25,0,0,49,0,49,17,0,57,0,74,22,0,22,96
05/28/2001,MFE,TX,ASW,CE,Federal Contract Tower,19,5,23,0,47,0,0,42,0,42,19,5,65,0,89,10,0,10,99
05/29/2001,MFE,TX,ASW,CE,Federal Contract Tower,21,14,41,31,107,0,0,46,0,46,21,14,87,31,153,14,4,18,171
05/30/2001,MFE,TX,ASW,CE,Federal Contract Tower,20,0,32,48,100,0,0,71,0,71,20,0,103,48,171,72,0,72,243
05/31/2001,MFE,TX,ASW,CE,Federal Contract Tower,18,2,30,36,86,0,0,58,0,58,18,2,88,36,144,22,0,22,166
06/01/2001,MFE,TX,ASW,CE,Federal Contract Tower,16,5,31,22,74,0,1,73,0,74,16,6,104,22,148,68,0,68,216
06/02/2001,MFE,TX,ASW,CE,Federal Contract Tower,15,1,6,0,22,0,1,58,0,59,15,2,64,0,81,12,0,12,93
06/03/2001,MFE,TX,ASW,CE,Federal Contract Tower,17,0,17,0,34,0,0,50,0,50,17,0,67,0,84,42,0,42,126
06/04/2001,MFE,TX,ASW,CE,Federal Contract Tower,19,0,18,53,90,0,0,60,0,60,19,0,78,53,150,20,0,20,170
06/05/2001,MFE,TX,ASW,CE,Federal Contract Tower,19,6,34,49,108,0,0,61,0,61,19,6,95,49,169,34,0,34,203
06/06/2001,MFE,TX,ASW,CE,Federal Contract Tower,16,8,36,28,88,2,0,77,0,79,18,8,113,28,167,62,0,62,229
06/07/2001,MFE,TX,ASW,CE,Federal Contract Tower,18,6,21,40,85,0,0,68,0,68,18,6,89,40,153,28,0,28,181
06/08/2001,MFE,TX,ASW,CE,Federal Contract Tower,19,3,33,14,69,0,0,69,0,69,19,3,102,14,138,64,0,64,202
06/09/2001,MFE,TX,ASW,CE,Federal Contract Tower,6,4,15,0,25,0,0,51,0,51,6,4,66,0,76,32,0,32,108
06/10/2001,MFE,TX,ASW,CE,Federal Contract Tower,18,1,9,0,28,0,0,38,0,38,18,1,47,0,66,20,0,20,86
06/11/2001,MFE,TX,ASW,CE,Federal Contract Tower,20,0,22,28,70,0,0,63,0,63,20,0,85,28,133,34,0,34,167
06/12/2001,MFE,TX,ASW,CE,Federal Contract Tower,17,5,14,36,72,0,0,64,0,64,17,5,78,36,136,68,0,68,204
06/13/2001,MFE,TX,ASW,CE,Federal Contract Tower,19,5,23,38,85,0,0,56,0,56,19,5,79,38,141,8,0,8,149
06/14/2001,MFE,TX,ASW,CE,Federal Contract Tower,19,5,22,22,68,0,0,50,0,50,19,5,72,22,118,6,0,6,124
06/15/2001,MFE,TX,ASW,CE,Federal Contract Tower,17,4,18,4,43,0,0,28,0,28,17,4,46,4,71,4,0,4,75
06/16/2001,MFE,TX,ASW,CE,Federal Contract Tower,16,2,18,0,36,0,0,51,0,51,16,2,69,0,87,76,0,76,163
06/17/2001,MFE,TX,ASW,CE,Federal Contract Tower,16,1,22,0,39,2,0,34,0,36,18,1,56,0,75,12,0,12,87
06/18/2001,MFE,TX,ASW,CE,Federal Contract Tower,18,3,19,28,68,0,0,66,0,66,18,3,85,28,134,30,0,30,164
06/19/2001,MFE,TX,ASW,CE,Federal Contract Tower,18,6,23,47,94,0,0,62,0,62,18,6,85,47,156,14,4,18,174
06/20/2001,MFE,TX,ASW,CE,Federal Contract Tower,21,14,23,40,98,0,0,102,0,102,21,14,125,40,200,18,0,18,218
06/21/2001,MFE,TX,ASW,CE,Federal Contract Tower,17,10,21,24,72,0,0,84,0,84,17,10,105,24,156,28,2,30,186
06/22/2001,MFE,TX,ASW,CE,Federal Contract Tower,16,9,32,8,65,0,0,91,0,91,16,9,123,8,156,10,0,10,166
06/23/2001,MFE,TX,ASW,CE,Federal Contract Tower,16,3,21,2,42,0,0,57,0,57,16,3,78,2,99,8,0,8,107
06/24/2001,MFE,TX,ASW,CE,Federal Contract Tower,19,1,24,0,44,0,0,49,8,57,19,1,73,8,101,24,0,24,125
06/25/2001,MFE,TX,ASW,CE,Federal Contract Tower,19,4,23,14,60,0,0,70,0,70,19,4,93,14,130,24,0,24,154
06/26/2001,MFE,TX,ASW,CE,Federal Contract Tower,20,4,44,46,114,0,0,65,0,65,20,4,109,46,179,16,0,16,195
06/27/2001,MFE,TX,ASW,CE,Federal Contract Tower,21,3,36,12,72,0,0,70,0,70,21,3,106,12,142,12,0,12,154
06/28/2001,MFE,TX,ASW,CE,Federal Contract Tower,20,6,41,10,77,0,0,98,0,98,20,6,139,10,175,2,0,2,177
06/29/2001,MFE,TX,ASW,CE,Federal Contract Tower,19,2,22,20,63,0,0,72,0,72,19,2,94,20,135,2,0,2,137
06/30/2001,MFE,TX,ASW,CE,Federal Contract Tower,14,0,18,4,36,0,0,69,0,69,14,0,87,4,105,30,0,30,135
07/01/2001,MFE,TX,ASW,CE,Federal Contract Tower,17,0,7,0,24,1,0,49,0,50,18,0,56,0,74,28,0,28,102
07/02/2001,MFE,TX,ASW,CE,Federal Contract Tower,18,0,32,0,50,0,0,34,0,34,18,0,66,0,84,14,0,14,98
07/03/2001,MFE,TX,ASW,CE,Federal Contract Tower,16,0,17,6,39,0,0,50,0,50,16,0,67,6,89,22,0,22,111
07/04/2001,MFE,TX,ASW,CE,Federal Contract Tower,12,0,10,0,22,1,2,49,0,52,13,2,59,0,74,38,0,38,112
07/05/2001,MFE,TX,ASW,CE,Federal Contract Tower,17,5,23,10,55,0,0,49,0,49,17,5,72,10,104,14,0,14,118
07/06/2001,MFE,TX,ASW,CE,Federal Contract Tower,18,2,21,20,61,0,0,75,0,75,18,2,96,20,136,14,0,14,150
07/07/2001,MFE,TX,ASW,CE,Federal Contract Tower,16,1,17,0,34,0,0,64,0,64,16,1,81,0,98,32,0,32,130
07/08/2001,MFE,TX,ASW,CE,Federal Contract Tower,20,3,13,0,36,0,0,60,0,60,20,3,73,0,96,6,0,6,102
07/09/2001,MFE,TX,ASW,CE,Federal Contract Tower,19,2,4,30,55,0,0,58,0,58,19,2,62,30,113,0,0,0,113
07/10/2001,MFE,TX,ASW,CE,Federal Contract Tower,18,3,15,15,51,0,0,68,0,68,18,3,83,15,119,0,0,0,119
07/11/2001,MFE,TX,ASW,CE,Federal Contract Tower,23,1,25,48,97,0,0,77,0,77,23,1,102,48,174,10,2,12,186
07/12/2001,MFE,TX,ASW,CE,Federal Contract Tower,17,1,27,36,81,0,0,69,0,69,17,1,96,36,150,26,0,26,176
07/13/2001,MFE,TX,ASW,CE,Federal Contract Tower,20,2,25,19,66,0,0,77,0,77,20,2,102,19,143,52,0,52,195
07/14/2001,MFE,TX,ASW,CE,Federal Contract Tower,18,2,17,8,45,0,0,71,0,71,18,2,88,8,116,30,0,30,146
07/15/2001,MFE,TX,ASW,CE,Federal Contract Tower,18,1,20,11,50,0,0,46,0,46,18,1,66,11,96,32,0,32,128
07/16/2001,MFE,TX,ASW,CE,Federal Contract Tower,19,0,19,15,53,0,0,64,0,64,19,0,83,15,117,42,0,42,159
07/17/2001,MFE,TX,ASW,CE,Federal Contract Tower,19,0,37,32,88,0,0,70,4,74,19,0,107,36,162,0,0,0,162
07/18/2001,MFE,TX,ASW,CE,Federal Contract Tower,20,4,23,46,93,0,0,90,0,90,20,4,113,46,183,112,0,112,295
07/19/2001,MFE,TX,ASW,CE,Federal Contract Tower,19,2,31,34,86,0,0,89,0,89,19,2,120,34,175,74,6,80,255
07/20/2001,MFE,TX,ASW,CE,Federal Contract Tower,19,2,32,34,87,0,0,57,0,57,19,2,89,34,144,72,0,72,216
07/21/2001,MFE,TX,ASW,CE,Federal Contract Tower,14,0,15,0,29,0,0,55,0,55,14,0,70,0,84,20,0,20,104
07/22/2001,MFE,TX,ASW,CE,Federal Contract Tower,18,0,17,0,35,0,0,34,0,34,18,0,51,0,69,2,0,2,71
07/23/2001,MFE,TX,ASW,CE,Federal Contract Tower,18,1,23,22,64,0,1,75,0,76,18,2,98,22,140,52,0,52,192
07/24/2001,MFE,TX,ASW,CE,Federal Contract Tower,19,2,35,26,82,0,1,80,0,81,19,3,115,26,163,76,0,76,239
07/25/2001,MFE,TX,ASW,CE,Federal Contract Tower,19,1,41,24,85,0,0,57,0,57,19,1,98,24,142,48,0,48,190
07/26/2001,MFE,TX,ASW,CE,Federal Contract Tower,20,0,38,12,70,0,0,103,0,103,20,0,141,12,173,112,0,112,285
07/27/2001,MFE,TX,ASW,CE,Federal Contract Tower,19,0,37,2,58,0,0,74,0,74,19,0,111,2,132,70,0,70,202
07/28/2001,MFE,TX,ASW,CE,Federal Contract Tower,17,2,20,0,39,0,0,70,0,70,17,2,90,0,109,84,0,84,193
07/29/2001,MFE,TX,ASW,CE,Federal Contract Tower,18,0,23,0,41,0,0,43,0,43,18,0,66,0,84,14,0,14,98
07/30/2001,MFE,TX,ASW,CE,Federal Contract Tower,19,0,32,26,77,0,0,59,14,73,19,0,91,40,150,0,0,0,150
07/31/2001,MFE,TX,ASW,CE,Federal Contract Tower,20,5,24,41,90,0,0,80,0,80,20,5,104,41,170,34,0,34,204
08/01/2001,MFE,TX,ASW,CE,Federal Contract Tower,19,3,31,55,108,1,0,73,0,74,20,3,104,55,182,12,0,12,194
08/02/2001,MFE,TX,ASW,CE,Federal Contract Tower,16,4,38,5,63,1,0,66,0,67,17,4,104,5,130,60,0,60,190
08/03/2001,MFE,TX,ASW,CE,Federal Contract Tower,18,0,28,0,46,1,0,78,0,79,19,0,106,0,125,22,0,22,147
08/04/2001,MFE,TX,ASW,CE,Federal Contract Tower,15,0,19,0,34,1,0,60,0,61,16,0,79,0,95,26,0,26,121
08/05/2001,MFE,TX,ASW,CE,Federal Contract Tower,17,1,19,0,37,1,0,36,0,37,18,1,55,0,74,42,0,42,116
08/06/2001,MFE,TX,ASW,CE,Federal Contract Tower,15,6,23,20,64,1,0,84,0,85,16,6,107,20,149,0,0,0,149
08/07/2001,MFE,TX,ASW,CE,Federal Contract Tower,20,4,34,21,79,1,0,84,0,85,21,4,118,21,164,12,0,12,176
08/08/2001,MFE,TX,ASW,CE,Federal Contract Tower,21,0,31,40,92,1,0,74,0,75,22,0,105,40,167,10,0,10,177
08/09/2001,MFE,TX,ASW,CE,Federal Contract Tower,18,2,37,26,83,1,0,76,0,77,19,2,113,26,160,42,0,42,202
08/10/2001,MFE,TX,ASW,CE,Federal Contract Tower,18,1,27,12,58,1,0,91,0,92,19,1,118,12,150,76,8,84,234
08/11/2001,MFE,TX,ASW,CE,Federal Contract Tower,13,0,9,2,24,1,0,65,0,66,14,0,74,2,90,24,0,24,114
08/12/2001,MFE,TX,ASW,CE,Federal Contract Tower,19,0,16,0,35,1,0,58,0,59,20,0,74,0,94,58,0,58,152
08/13/2001,MFE,TX,ASW,CE,Federal Contract Tower,18,2,24,22,66,0,0,69,0,69,18,2,93,22,135,12,0,12,147
08/14/2001,MFE,TX,ASW,CE,Federal Contract Tower,19,3,13,41,76,0,0,69,0,69,19,3,82,41,145,4,0,4,149
08/15/2001,MFE,TX,ASW,CE,Federal Contract Tower,18,2,28,38,86,0,0,90,0,90,18,2,118,38,176,4,0,4,180
08/16/2001,MFE,TX,ASW,CE,Federal Contract Tower,17,2,36,27,82,0,4,88,19,111,17,6,124,46,193,20,0,20,213
08/17/2001,MFE,TX,ASW,CE,Federal Contract Tower,20,2,23,4,49,0,0,86,0,86,20,2,109,4,135,26,0,26,161
08/18/2001,MFE,TX,ASW,CE,Federal Contract Tower,12,1,18,0,31,4,2,70,0,76,16,3,88,0,107,34,0,34,141
08/19/2001,MFE,TX,ASW,CE,Federal Contract Tower,11,0,17,6,34,5,0,55,0,60,16,0,72,6,94,4,0,4,98
08/20/2001,MFE,TX,ASW,CE,Federal Contract Tower,18,2,23,10,53,0,0,43,0,43,18,2,66,10,96,24,0,24,120
08/21/2001,MFE,TX,ASW,CE,Federal Contract Tower,18,0,31,22,71,0,0,88,0,88,18,0,119,22,159,10,0,10,169
08/22/2001,MFE,TX,ASW,CE,Federal Contract Tower,19,2,46,34,101,0,0,52,26,78,19,2,98,60,179,26,12,38,217
08/23/2001,MFE,TX,ASW,CE,Federal Contract Tower,20,1,29,38,88,0,0,91,0,91,20,1,120,38,179,14,0,14,193
08/24/2001,MFE,TX,ASW,CE,Federal Contract Tower,18,0,37,26,81,0,0,104,0,104,18,0,141,26,185,34,2,36,221
08/25/2001,MFE,TX,ASW,CE,Federal Contract Tower,16,1,14,0,31,0,0,63,0,63,16,1,77,0,94,28,0,28,122
08/26/2001,MFE,TX,ASW,CE,Federal Contract Tower,18,2,14,0,34,0,0,66,0,66,18,2,80,0,100,66,0,66,166
08/27/2001,MFE,TX,ASW,CE,Federal Contract Tower,17,0,24,20,61,0,0,63,0,63,17,0,87,20,124,30,0,30,154
08/28/2001,MFE,TX,ASW,CE,Federal Contract Tower,19,3,33,27,82,0,0,27,0,27,19,3,60,27,109,40,8,48,157
08/29/2001,MFE,TX,ASW,CE,Federal Contract Tower,18,8,31,21,78,0,0,39,0,39,18,8,70,21,117,42,0,42,159
08/30/2001,MFE,TX,ASW,CE,Federal Contract Tower,17,3,40,21,81,0,0,53,0,53,17,3,93,21,134,42,0,42,176
08/31/2001,MFE,TX,ASW,CE,Federal Contract Tower,17,1,45,2,65,0,0,38,0,38,17,1,83,2,103,42,0,42,145
09/01/2001,MFE,TX,ASW,CE,Federal Contract Tower,13,0,23,1,37,1,0,44,0,45,14,0,67,1,82,36,0,36,118
09/02/2001,MFE,TX,ASW,CE,Federal Contract Tower,14,4,5,0,23,0,0,45,0,45,14,4,50,0,68,30,0,30,98
09/03/2001,MFE,TX,ASW,CE,Federal Contract Tower,18,6,22,2,48,0,0,53,0,53,18,6,75,2,101,0,0,0,101
09/04/2001,MFE,TX,ASW,CE,Federal Contract Tower,20,11,39,10,80,0,0,62,0,62,20,11,101,10,142,6,4,10,152
09/05/2001,MFE,TX,ASW,CE,Federal Contract Tower,18,6,34,38,96,0,0,60,0,60,18,6,94,38,156,40,0,40,196
09/06/2001,MFE,TX,ASW,CE,Federal Contract Tower,18,15,46,25,104,0,1,71,5,77,18,16,117,30,181,66,0,66,247
09/07/2001,MFE,TX,ASW,CE,Federal Contract Tower,12,3,24,15,54,6,0,85,12,103,18,3,109,27,157,38,0,38,195
09/08/2001,MFE,TX,ASW,CE,Federal Contract Tower,15,5,19,2,41,1,0,62,0,63,16,5,81,2,104,42,0,42,146
09/09/2001,MFE,TX,ASW,CE,Federal Contract Tower,18,3,21,0,42,1,0,31,0,32,19,3,52,0,74,30,0,30,104
09/10/2001,MFE,TX,ASW,CE,Federal Contract Tower,16,6,37,8,67,1,0,22,0,23,17,6,59,8,90,0,0,0,90
09/11/2001,MFE,TX,ASW,CE,Federal Contract Tower,1,1,3,1,6,1,0,6,0,7,2,1,9,1,13,0,0,0,13
09/12/2001,MFE,TX,ASW,CE,Federal Contract Tower,1,0,0,0,1,1,0,0,0,1,2,0,0,0,2,0,0,0,2
09/13/2001,MFE,TX,ASW,CE,Federal Contract Tower,3,9,8,25,45,1,0,5,0,6,4,9,13,25,51,0,0,0,51
09/14/2001,MFE,TX,ASW,CE,Federal Contract Tower,6,14,7,20,47,0,13,0,34,47,6,27,7,54,94,0,0,0,94
09/15/2001,MFE,TX,ASW,CE,Federal Contract Tower,8,8,21,0,37,0,0,10,0,10,8,8,31,0,47,0,0,0,47
09/16/2001,MFE,TX,ASW,CE,Federal Contract Tower,11,3,23,8,45,0,0,4,0,4,11,3,27,8,49,0,0,0,49
09/17/2001,MFE,TX,ASW,CE,Federal Contract Tower,14,12,31,32,89,0,0,21,0,21,14,12,52,32,110,0,0,0,110
09/18/2001,MFE,TX,ASW,CE,Federal Contract Tower,13,8,40,16,77,0,0,13,0,13,13,8,53,16,90,0,0,0,90
09/19/2001,MFE,TX,ASW,CE,Federal Contract Tower,17,9,46,14,86,0,0,18,0,18,17,9,64,14,104,0,0,0,104
09/20/2001,MFE,TX,ASW,CE,Federal Contract Tower,14,12,32,14,72,0,0,33,0,33,14,12,65,14,105,0,0,0,105
09/21/2001,MFE,TX,ASW,CE,Federal Contract Tower,12,11,52,8,83,0,0,42,0,42,12,11,94,8,125,0,0,0,125
09/22/2001,MFE,TX,ASW,CE,Federal Contract Tower,13,9,11,0,33,0,0,32,0,32,13,9,43,0,65,18,0,18,83
09/23/2001,MFE,TX,ASW,CE,Federal Contract Tower,6,1,7,6,20,11,0,33,0,44,17,1,40,6,64,14,0,14,78
09/24/2001,MFE,TX,ASW,CE,Federal Contract Tower,16,9,30,10,65,0,0,49,0,49,16,9,79,10,114,22,6,28,142
09/25/2001,MFE,TX,ASW,CE,Federal Contract Tower,16,10,34,17,77,0,0,73,0,73,16,10,107,17,150,30,0,30,180
09/26/2001,MFE,TX,ASW,CE,Federal Contract Tower,15,6,51,18,90,0,0,60,0,60,15,6,111,18,150,58,12,70,220
09/27/2001,MFE,TX,ASW,CE,Federal Contract Tower,17,10,43,26,96,0,0,66,0,66,17,10,109,26,162,42,0,42,204
09/28/2001,MFE,TX,ASW,CE,Federal Contract Tower,15,3,45,6,69,0,0,75,0,75,15,3,120,6,144,12,0,12,156
09/29/2001,MFE,TX,ASW,CE,Federal Contract Tower,15,3,29,0,47,0,0,69,0,69,15,3,98,0,116,106,0,106,222
09/30/2001,MFE,TX,ASW,CE,Federal Contract Tower,16,0,17,2,35,0,0,44,0,44,16,0,61,2,79,62,0,62,141
10/01/2001,MFE,TX,ASW,CE,Federal Contract Tower,15,2,34,16,67,0,0,51,0,51,15,2,85,16,118,46,0,46,164
10/02/2001,MFE,TX,ASW,CE,Federal Contract Tower,14,6,28,37,85,0,0,69,0,69,14,6,97,37,154,46,0,46,200
10/03/2001,MFE,TX,ASW,CE,Federal Contract Tower,17,6,48,36,107,0,0,73,0,73,17,6,121,36,180,56,0,56,236
10/04/2001,MFE,TX,ASW,CE,Federal Contract Tower,15,8,51,35,109,0,0,65,0,65,15,8,116,35,174,130,0,130,304
10/05/2001,MFE,TX,ASW,CE,Federal Contract Tower,15,7,38,10,70,0,0,52,0,52,15,7,90,10,122,42,0,42,164
10/06/2001,MFE,TX,ASW,CE,Federal Contract Tower,13,2,22,0,37,0,0,34,0,34,13,2,56,0,71,12,0,12,83
10/07/2001,MFE,TX,ASW,CE,Federal Contract Tower,13,3,8,0,24,0,0,34,0,34,13,3,42,0,58,22,0,22,80
10/08/2001,MFE,TX,ASW,CE,Federal Contract Tower,15,3,29,0,47,0,0,36,0,36,15,3,65,0,83,0,0,0,83
10/09/2001,MFE,TX,ASW,CE,Federal Contract Tower,17,4,43,14,78,0,0,56,0,56,17,4,99,14,134,26,0,26,160
10/10/2001,MFE,TX,ASW,CE,Federal Contract Tower,16,5,42,18,81,0,0,66,0,66,16,5,108,18,147,48,0,48,195
10/11/2001,MFE,TX,ASW,CE,Federal Contract Tower,18,9,26,8,61,0,0,57,0,57,18,9,83,8,118,48,0,48,166
10/12/2001,MFE,TX,ASW,CE,Federal Contract Tower,13,11,38,10,72,0,0,47,0,47,13,11,85,10,119,60,0,60,179
10/13/2001,MFE,TX,ASW,CE,Federal Contract Tower,14,2,16,0,32,0,0,42,0,42,14,2,58,0,74,20,0,20,94
10/14/2001,MFE,TX,ASW,CE,Federal Contract Tower,15,4,17,2,38,0,0,50,0,50,15,4,67,2,88,18,0,18,106
10/15/2001,MFE,TX,ASW,CE,Federal Contract Tower,16,4,36,35,91,0,0,52,0,52,16,4,88,35,143,14,4,18,161
10/16/2001,MFE,TX,ASW,CE,Federal Contract Tower,15,4,31,16,66,0,0,61,0,61,15,4,92,16,127,64,0,64,191
10/17/2001,MFE,TX,ASW,CE,Federal Contract Tower,16,1,42,30,89,0,0,81,0,81,16,1,123,30,170,50,0,50,220
10/18/2001,MFE,TX,ASW,CE,Federal Contract Tower,18,5,44,48,115,0,0,84,0,84,18,5,128,48,199,102,0,102,301
10/19/2001,MFE,TX,ASW,CE,Federal Contract Tower,15,3,38,8,64,0,0,60,0,60,15,3,98,8,124,70,0,70,194
10/20/2001,MFE,TX,ASW,CE,Federal Contract Tower,15,5,38,0,58,0,0,48,0,48,15,5,86,0,106,72,0,72,178
10/21/2001,MFE,TX,ASW,CE,Federal Contract Tower,15,1,7,0,23,0,0,50,0,50,15,1,57,0,73,30,0,30,103
10/22/2001,MFE,TX,ASW,CE,Federal Contract Tower,15,4,23,26,68,0,0,46,0,46,15,4,69,26,114,52,0,52,166
10/23/2001,MFE,TX,ASW,CE,Federal Contract Tower,16,4,42,30,92,0,0,56,0,56,16,4,98,30,148,0,0,0,148
10/24/2001,MFE,TX,ASW,CE,Federal Contract Tower,16,7,28,22,73,0,0,75,0,75,16,7,103,22,148,34,0,34,182
10/25/2001,MFE,TX,ASW,CE,Federal Contract Tower,16,6,47,27,96,0,0,63,0,63,16,6,110,27,159,26,0,26,185
10/26/2001,MFE,TX,ASW,CE,Federal Contract Tower,16,7,26,24,73,0,0,74,0,74,16,7,100,24,147,40,0,40,187
10/27/2001,MFE,TX,ASW,CE,Federal Contract Tower,13,2,17,0,32,0,0,40,0,40,13,2,57,0,72,24,0,24,96
10/28/2001,MFE,TX,ASW,CE,Federal Contract Tower,14,0,19,0,33,0,0,38,0,38,14,0,57,0,71,20,0,20,91
10/29/2001,MFE,TX,ASW,CE,Federal Contract Tower,15,4,25,24,68,0,0,57,0,57,15,4,82,24,125,82,0,82,207
10/30/2001,MFE,TX,ASW,CE,Federal Contract Tower,16,3,24,23,66,0,0,68,0,68,16,3,92,23,134,0,0,0,134
10/31/2001,MFE,TX,ASW,CE,Federal Contract Tower,16,6,54,14,90,0,0,64,0,64,16,6,118,14,154,52,0,52,206
11/01/2001,MFE,TX,ASW,CE,Federal Contract Tower,15,8,51,22,96,1,0,62,0,63,16,8,113,22,159,54,0,54,213
11/02/2001,MFE,TX,ASW,CE,Federal Contract Tower,14,4,47,16,81,1,0,71,0,72,15,4,118,16,153,24,0,24,177
11/03/2001,MFE,TX,ASW,CE,Federal Contract Tower,13,2,21,6,42,1,0,31,0,32,14,2,52,6,74,90,0,90,164
11/04/2001,MFE,TX,ASW,CE,Federal Contract Tower,14,1,20,2,37,0,0,40,0,40,14,1,60,2,77,56,0,56,133
11/05/2001,MFE,TX,ASW,CE,Federal Contract Tower,15,8,49,22,94,0,0,65,0,65,15,8,114,22,159,76,0,76,235
11/06/2001,MFE,TX,ASW,CE,Federal Contract Tower,16,10,20,47,93,0,0,114,0,114,16,10,134,47,207,192,0,192,399
11/07/2001,MFE,TX,ASW,CE,Federal Contract Tower,18,6,31,13,68,0,0,72,0,72,18,6,103,13,140,68,4,72,212
11/08/2001,MFE,TX,ASW,CE,Federal Contract Tower,16,11,40,30,97,0,0,88,0,88,16,11,128,30,185,128,4,132,317
11/09/2001,MFE,TX,ASW,CE,Federal Contract Tower,15,7,32,10,64,0,0,44,0,44,15,7,76,10,108,82,0,82,190
11/10/2001,MFE,TX,ASW,CE,Federal Contract Tower,14,4,17,0,35,0,0,34,0,34,14,4,51,0,69,14,0,14,83
11/11/2001,MFE,TX,ASW,CE,Federal Contract Tower,14,2,17,0,33,0,0,31,0,31,14,2,48,0,64,6,0,6,70
11/12/2001,MFE,TX,ASW,CE,Federal Contract Tower,15,2,25,0,42,0,0,41,0,41,15,2,66,0,83,32,0,32,115
11/13/2001,MFE,TX,ASW,CE,Federal Contract Tower,16,3,56,26,101,0,0,74,0,74,16,3,130,26,175,62,0,62,237
11/14/2001,MFE,TX,ASW,CE,Federal Contract Tower,16,4,32,18,70,0,0,40,0,40,16,4,72,18,110,34,0,34,144
11/15/2001,MFE,TX,ASW,CE,Federal Contract Tower,17,4,24,18,63,0,0,68,0,68,17,4,92,18,131,56,2,58,189
11/16/2001,MFE,TX,ASW,CE,Federal Contract Tower,16,0,27,0,43,0,0,24,0,24,16,0,51,0,67,68,0,68,135
11/17/2001,MFE,TX,ASW,CE,Federal Contract Tower,14,3,34,0,51,0,0,31,0,31,14,3,65,0,82,56,0,56,138
11/18/2001,MFE,TX,ASW,CE,Federal Contract Tower,14,1,11,0,26,0,0,44,0,44,14,1,55,0,70,102,0,102,172
11/19/2001,MFE,TX,ASW,CE,Federal Contract Tower,16,8,34,37,95,0,0,58,0,58,16,8,92,37,153,46,0,46,199
11/20/2001,MFE,TX,ASW,CE,Federal Contract Tower,16,8,42,6,72,0,0,53,0,53,16,8,95,6,125,120,0,120,245
11/21/2001,MFE,TX,ASW,CE,Federal Contract Tower,16,3,31,0,50,0,0,56,0,56,16,3,87,0,106,54,0,54,160
11/22/2001,MFE,TX,ASW,CE,Federal Contract Tower,12,1,4,0,17,0,0,33,0,33,12,1,37,0,50,2,0,2,52
11/23/2001,MFE,TX,ASW,CE,Federal Contract Tower,10,2,23,0,35,0,0,49,0,49,10,2,72,0,84,40,0,40,124
11/24/2001,MFE,TX,ASW,CE,Federal Contract Tower,13,4,20,0,37,0,0,47,0,47,13,4,67,0,84,44,0,44,128
11/25/2001,MFE,TX,ASW,CE,Federal Contract Tower,14,2,24,0,40,0,0,73,0,73,14,2,97,0,113,32,0,32,145
11/26/2001,MFE,TX,ASW,CE,Federal Contract Tower,15,5,37,16,73,0,0,58,11,69,15,5,95,27,142,12,6,18,160
11/27/2001,MFE,TX,ASW,CE,Federal Contract Tower,16,3,46,43,108,0,0,44,0,44,16,3,90,43,152,50,4,54,206
11/28/2001,MFE,TX,ASW,CE,Federal Contract Tower,12,7,15,25,59,0,0,24,0,24,12,7,39,25,83,64,10,74,157
11/29/2001,MFE,TX,ASW,CE,Federal Contract Tower,16,12,29,24,81,0,0,64,0,64,16,12,93,24,145,78,2,80,225
11/30/2001,MFE,TX,ASW,CE,Federal Contract Tower,15,2,30,2,49,0,0,58,0,58,15,2,88,2,107,40,0,40,147
12/01/2001,MFE,TX,ASW,CE,Federal Contract Tower,12,4,25,0,41,1,0,0,0,1,13,4,25,0,42,0,0,0,42
12/02/2001,MFE,TX,ASW,CE,Federal Contract Tower,13,0,33,0,46,1,0,0,0,1,14,0,33,0,47,0,0,0,47
12/03/2001,MFE,TX,ASW,CE,Federal Contract Tower,16,1,31,21,69,0,0,17,1,18,16,1,48,22,87,10,0,10,97
12/04/2001,MFE,TX,ASW,CE,Federal Contract Tower,15,4,42,40,101,0,0,57,1,58,15,4,99,41,159,88,0,88,247
12/05/2001,MFE,TX,ASW,CE,Federal Contract Tower,16,1,36,11,64,0,0,83,1,84,16,1,119,12,148,18,0,18,166
12/06/2001,MFE,TX,ASW,CE,Federal Contract Tower,12,3,58,27,100,0,0,71,1,72,12,3,129,28,172,50,6,56,228
12/07/2001,MFE,TX,ASW,CE,Federal Contract Tower,16,4,50,19,89,0,0,37,1,38,16,4,87,20,127,8,0,8,135
12/08/2001,MFE,TX,ASW,CE,Federal Contract Tower,14,2,23,0,39,0,0,22,0,22,14,2,45,0,61,0,0,0,61
12/09/2001,MFE,TX,ASW,CE,Federal Contract Tower,14,0,27,0,41,0,0,30,0,30,14,0,57,0,71,0,0,0,71
12/10/2001,MFE,TX,ASW,CE,Federal Contract Tower,15,3,30,28,76,0,0,77,1,78,15,3,107,29,154,80,0,80,234
12/11/2001,MFE,TX,ASW,CE,Federal Contract Tower,17,4,38,38,97,0,0,21,1,22,17,4,59,39,119,0,0,0,119
12/12/2001,MFE,TX,ASW,CE,Federal Contract Tower,18,4,32,37,91,0,0,49,1,50,18,4,81,38,141,84,4,88,229
12/13/2001,MFE,TX,ASW,CE,Federal Contract Tower,16,16,49,62,143,0,0,64,0,64,16,16,113,62,207,50,0,50,257
12/14/2001,MFE,TX,ASW,CE,Federal Contract Tower,16,0,39,16,71,0,0,61,0,61,16,0,100,16,132,72,0,72,204
12/15/2001,MFE,TX,ASW,CE,Federal Contract Tower,12,2,25,2,41,0,0,44,0,44,12,2,69,2,85,26,0,26,111
12/16/2001,MFE,TX,ASW,CE,Federal Contract Tower,12,2,19,0,33,0,0,22,0,22,12,2,41,0,55,8,0,8,63
12/17/2001,MFE,TX,ASW,CE,Federal Contract Tower,13,5,20,8,46,0,0,82,0,82,13,5,102,8,128,14,0,14,142
12/18/2001,MFE,TX,ASW,CE,Federal Contract Tower,16,3,42,57,118,0,0,121,0,121,16,3,163,57,239,52,0,52,291
12/19/2001,MFE,TX,ASW,CE,Federal Contract Tower,14,4,40,12,70,0,0,78,0,78,14,4,118,12,148,100,0,100,248
12/20/2001,MFE,TX,ASW,CE,Federal Contract Tower,13,5,28,26,72,0,0,91,0,91,13,5,119,26,163,104,0,104,267
12/21/2001,MFE,TX,ASW,CE,Federal Contract Tower,8,1,15,8,32,4,13,103,10,130,12,14,118,18,162,110,4,114,276
12/22/2001,MFE,TX,ASW,CE,Federal Contract Tower,12,6,14,0,32,0,0,72,0,72,12,6,86,0,104,74,0,74,178
12/23/2001,MFE,TX,ASW,CE,Federal Contract Tower,12,1,5,0,18,0,0,48,0,48,12,1,53,0,66,22,0,22,88
12/24/2001,MFE,TX,ASW,CE,Federal Contract Tower,12,5,6,0,23,0,0,34,0,34,12,5,40,0,57,0,0,0,57
12/25/2001,MFE,TX,ASW,CE,Federal Contract Tower,12,0,5,0,17,0,0,18,0,18,12,0,23,0,35,4,0,4,39
12/26/2001,MFE,TX,ASW,CE,Federal Contract Tower,14,2,19,4,39,0,0,65,0,65,14,2,84,4,104,50,0,50,154
12/27/2001,MFE,TX,ASW,CE,Federal Contract Tower,16,0,18,16,50,0,0,83,0,83,16,0,101,16,133,82,0,82,215
12/28/2001,MFE,TX,ASW,CE,Federal Contract Tower,14,0,8,8,30,0,0,65,0,65,14,0,73,8,95,88,0,88,183
12/29/2001,MFE,TX,ASW,CE,Federal Contract Tower,14,3,16,0,33,0,0,76,0,76,14,3,92,0,109,96,0,96,205
12/30/2001,MFE,TX,ASW,CE,Federal Contract Tower,12,0,22,0,34,0,0,53,0,53,12,0,75,0,87,46,0,46,133
12/31/2001,MFE,TX,ASW,CE,Federal Contract Tower,14,1,35,0,50,0,0,15,0,15,14,1,50,0,65,0,0,0,65
01/01/2002,MFE,TX,ASW,CE,Federal Contract Tower,11,0,23,0,34,1,0,9,0,10,12,0,32,0,44,0,0,0,44
01/02/2002,MFE,TX,ASW,CE,Federal Contract Tower,11,4,18,4,37,3,4,52,0,59,14,8,70,4,96,34,0,34,130
01/03/2002,MFE,TX,ASW,CE,Federal Contract Tower,13,3,8,6,30,1,0,64,0,65,14,3,72,6,95,86,0,86,181
01/04/2002,MFE,TX,ASW,CE,Federal Contract Tower,12,4,30,8,54,1,0,71,0,72,13,4,101,8,126,124,0,124,250
01/05/2002,MFE,TX,ASW,CE,Federal Contract Tower,11,3,15,0,29,1,0,45,0,46,12,3,60,0,75,58,0,58,133
01/06/2002,MFE,TX,ASW,CE,Federal Contract Tower,11,0,9,0,20,1,0,51,0,52,12,0,60,0,72,50,0,50,122
01/07/2002,MFE,TX,ASW,CE,Federal Contract Tower,11,3,22,11,47,2,0,58,10,70,13,3,80,21,117,12,0,12,129
01/08/2002,MFE,TX,ASW,CE,Federal Contract Tower,13,1,21,50,85,1,0,108,0,109,14,1,129,50,194,70,44,114,308
01/09/2002,MFE,TX,ASW,CE,Federal Contract Tower,15,2,23,12,52,1,0,85,0,86,16,2,108,12,138,2,0,2,140
01/10/2002,MFE,TX,ASW,CE,Federal Contract Tower,15,13,36,28,92,1,0,80,0,81,16,13,116,28,173,72,0,72,245
01/11/2002,MFE,TX,ASW,CE,Federal Contract Tower,15,1,44,21,81,0,0,46,13,59,15,1,90,34,140,32,22,54,194
01/12/2002,MFE,TX,ASW,CE,Federal Contract Tower,12,3,11,0,26,1,0,56,0,57,13,3,67,0,83,86,0,86,169
01/13/2002,MFE,TX,ASW,CE,Federal Contract Tower,15,0,16,2,33,0,0,46,0,46,15,0,62,2,79,20,0,20,99
01/14/2002,MFE,TX,ASW,CE,Federal Contract Tower,14,1,20,20,55,0,0,78,0,78,14,1,98,20,133,40,4,44,177
01/15/2002,MFE,TX,ASW,CE,Federal Contract Tower,14,5,21,2,42,0,0,80,0,80,14,5,101,2,122,88,0,88,210
01/16/2002,MFE,TX,ASW,CE,Federal Contract Tower,18,2,34,18,72,0,0,44,0,44,18,2,78,18,116,22,0,22,138
01/17/2002,MFE,TX,ASW,CE,Federal Contract Tower,16,5,33,0,54,0,0,64,0,64,16,5,97,0,118,16,0,16,134
01/18/2002,MFE,TX,ASW,CE,Federal Contract Tower,14,7,41,0,62,0,0,50,0,50,14,7,91,0,112,4,0,4,116
01/19/2002,MFE,TX,ASW,CE,Federal Contract Tower,13,2,18,4,37,0,0,55,0,55,13,2,73,4,92,70,0,70,162
01/20/2002,MFE,TX,ASW,CE,Federal Contract Tower,14,3,21,0,38,0,0,55,0,55,14,3,76,0,93,56,0,56,149
01/21/2002,MFE,TX,ASW,CE,Federal Contract Tower,16,7,54,2,79,0,0,0,0,0,16,7,54,2,79,6,0,6,85
01/22/2002,MFE,TX,ASW,CE,Federal Contract Tower,15,4,31,22,72,0,0,41,0,41,15,4,72,22,113,0,0,0,113
01/23/2002,MFE,TX,ASW,CE,Federal Contract Tower,16,13,24,30,83,0,0,76,0,76,16,13,100,30,159,12,0,12,171
01/24/2002,MFE,TX,ASW,CE,Federal Contract Tower,13,11,43,30,97,0,0,41,0,41,13,11,84,30,138,16,0,16,154
01/25/2002,MFE,TX,ASW,CE,Federal Contract Tower,16,4,39,27,86,0,0,70,0,70,16,4,109,27,156,26,46,72,228
01/26/2002,MFE,TX,ASW,CE,Federal Contract Tower,13,2,24,0,39,0,0,92,0,92,13,2,116,0,131,98,0,98,229
01/27/2002,MFE,TX,ASW,CE,Federal Contract Tower,14,0,14,0,28,0,0,62,0,62,14,0,76,0,90,20,0,20,110
01/28/2002,MFE,TX,ASW,CE,Federal Contract Tower,16,2,36,23,77,0,0,39,0,39,16,2,75,23,116,34,0,34,150
01/29/2002,MFE,TX,ASW,CE,Federal Contract Tower,15,7,41,38,101,0,0,54,0,54,15,7,95,38,155,44,0,44,199
01/30/2002,MFE,TX,ASW,CE,Federal Contract Tower,15,6,34,9,64,0,12,48,0,60,15,18,82,9,124,0,0,0,124
01/31/2002,MFE,TX,ASW,CE,Federal Contract Tower,16,5,34,4,59,0,6,58,0,64,16,11,92,4,123,0,0,0,123
02/01/2002,MFE,TX,ASW,CE,Federal Contract Tower,14,6,32,0,52,1,0,66,0,67,15,6,98,0,119,20,0,20,139
02/02/2002,MFE,TX,ASW,CE,Federal Contract Tower,8,2,19,0,29,5,0,68,0,73,13,2,87,0,102,82,0,82,184
02/03/2002,MFE,TX,ASW,CE,Federal Contract Tower,13,2,29,0,44,1,0,44,0,45,14,2,73,0,89,40,0,40,129
02/04/2002,MFE,TX,ASW,CE,Federal Contract Tower,15,3,36,15,69,0,0,17,1,18,15,3,53,16,87,10,0,10,97
02/05/2002,MFE,TX,ASW,CE,Federal Contract Tower,12,7,52,23,94,0,0,3,1,4,12,7,55,24,98,0,0,0,98
02/06/2002,MFE,TX,ASW,CE,Federal Contract Tower,15,3,48,11,77,0,0,36,1,37,15,3,84,12,114,74,0,74,188
02/07/2002,MFE,TX,ASW,CE,Federal Contract Tower,16,9,36,27,88,0,0,97,1,98,16,9,133,28,186,108,0,108,294
02/08/2002,MFE,TX,ASW,CE,Federal Contract Tower,15,7,19,13,54,0,1,78,1,80,15,8,97,14,134,2,0,2,136
02/09/2002,MFE,TX,ASW,CE,Federal Contract Tower,14,2,9,0,25,0,0,65,0,65,14,2,74,0,90,76,0,76,166
02/10/2002,MFE,TX,ASW,CE,Federal Contract Tower,14,0,21,8,43,0,0,20,1,21,14,0,41,9,64,0,0,0,64
02/11/2002,MFE,TX,ASW,CE,Federal Contract Tower,15,11,27,13,66,0,0,66,1,67,15,11,93,14,133,26,0,26,159
02/12/2002,MFE,TX,ASW,CE,Federal Contract Tower,14,15,12,37,78,0,0,88,1,89,14,15,100,38,167,52,0,52,219
02/13/2002,MFE,TX,ASW,CE,Federal Contract Tower,16,10,39,21,86,0,0,73,1,74,16,10,112,22,160,22,0,22,182
02/14/2002,MFE,TX,ASW,CE,Federal Contract Tower,16,10,27,22,75,0,0,66,1,67,16,10,93,23,142,44,0,44,186
02/15/2002,MFE,TX,ASW,CE,Federal Contract Tower,15,1,36,25,77,0,0,75,1,76,15,1,111,26,153,32,0,32,185
02/16/2002,MFE,TX,ASW,CE,Federal Contract Tower,13,4,8,8,33,0,0,66,0,66,13,4,74,8,99,192,0,192,291
02/17/2002,MFE,TX,ASW,CE,Federal Contract Tower,15,7,11,0,33,0,0,71,0,71,15,7,82,0,104,10,0,10,114
02/18/2002,MFE,TX,ASW,CE,Federal Contract Tower,16,4,18,8,46,0,0,33,0,33,16,4,51,8,79,4,0,4,83
02/19/2002,MFE,TX,ASW,CE,Federal Contract Tower,16,8,26,47,97,0,0,70,0,70,16,8,96,47,167,84,4,88,255
02/20/2002,MFE,TX,ASW,CE,Federal Contract Tower,16,9,40,14,79,0,0,112,0,112,16,9,152,14,191,92,0,92,283
02/21/2002,MFE,TX,ASW,CE,Federal Contract Tower,16,10,33,22,81,0,0,93,0,93,16,10,126,22,174,58,0,58,232
02/22/2002,MFE,TX,ASW,CE,Federal Contract Tower,15,6,23,27,71,0,0,75,0,75,15,6,98,27,146,12,0,12,158
02/23/2002,MFE,TX,ASW,CE,Federal Contract Tower,13,8,16,0,37,0,0,80,0,80,13,8,96,0,117,76,0,76,193
02/24/2002,MFE,TX,ASW,CE,Federal Contract Tower,16,4,14,0,34,0,0,38,0,38,16,4,52,0,72,50,0,50,122
02/25/2002,MFE,TX,ASW,CE,Federal Contract Tower,14,3,24,70,111,0,0,49,0,49,14,3,73,70,160,24,0,24,184
02/26/2002,MFE,TX,ASW,CE,Federal Contract Tower,16,8,38,26,88,0,0,33,0,33,16,8,71,26,121,26,0,26,147
02/27/2002,MFE,TX,ASW,CE,Federal Contract Tower,16,7,19,40,82,0,0,70,0,70,16,7,89,40,152,82,0,82,234
02/28/2002,MFE,TX,ASW,CE,Federal Contract Tower,16,11,78,28,133,0,0,14,0,14,16,11,92,28,147,4,0,4,151
03/01/2002,MFE,TX,ASW,CE,Federal Contract Tower,17,6,29,14,66,0,0,59,0,59,17,6,88,14,125,66,0,66,191
03/02/2002,MFE,TX,ASW,CE,Federal Contract Tower,14,4,24,0,42,0,0,29,0,29,14,4,53,0,71,22,0,22,93
03/03/2002,MFE,TX,ASW,CE,Federal Contract Tower,16,4,27,6,53,0,0,27,0,27,16,4,54,6,80,18,0,18,98
03/04/2002,MFE,TX,ASW,CE,Federal Contract Tower,15,1,40,32,88,0,0,85,0,85,15,1,125,32,173,8,12,20,193
03/05/2002,MFE,TX,ASW,CE,Federal Contract Tower,15,11,43,33,102,0,0,58,0,58,15,11,101,33,160,36,0,36,196
03/06/2002,MFE,TX,ASW,CE,Federal Contract Tower,15,11,46,25,97,0,0,36,0,36,15,11,82,25,133,20,0,20,153
03/07/2002,MFE,TX,ASW,CE,Federal Contract Tower,16,10,40,24,90,0,0,55,0,55,16,10,95,24,145,52,0,52,197
03/08/2002,MFE,TX,ASW,CE,Federal Contract Tower,16,3,47,18,84,0,0,38,0,38,16,3,85,18,122,22,2,24,146
03/09/2002,MFE,TX,ASW,CE,Federal Contract Tower,16,2,23,0,41,0,0,27,0,27,16,2,50,0,68,46,0,46,114
03/10/2002,MFE,TX,ASW,CE,Federal Contract Tower,16,0,18,0,34,0,0,48,0,48,16,0,66,0,82,42,0,42,124
03/11/2002,MFE,TX,ASW,CE,Federal Contract Tower,15,4,30,22,71,0,0,52,0,52,15,4,82,22,123,84,0,84,207
03/12/2002,MFE,TX,ASW,CE,Federal Contract Tower,15,6,39,54,114,0,0,103,0,103,15,6,142,54,217,14,0,14,231
03/13/2002,MFE,TX,ASW,CE,Federal Contract Tower,15,8,24,62,109,0,0,63,0,63,15,8,87,62,172,24,0,24,196
03/14/2002,MFE,TX,ASW,CE,Federal Contract Tower,15,10,34,36,95,0,0,74,0,74,15,10,108,36,169,16,0,16,185
03/15/2002,MFE,TX,ASW,CE,Federal Contract Tower,16,9,30,10,65,0,0,86,0,86,16,9,116,10,151,0,0,0,151
03/16/2002,MFE,TX,ASW,CE,Federal Contract Tower,15,8,19,0,42,0,0,47,0,47,15,8,66,0,89,66,0,66,155
03/17/2002,MFE,TX,ASW,CE,Federal Contract Tower,19,0,30,14,63,0,0,59,0,59,19,0,89,14,122,200,10,210,332
03/18/2002,MFE,TX,ASW,CE,Federal Contract Tower,15,6,44,38,103,0,0,50,0,50,15,6,94,38,153,12,0,12,165
03/19/2002,MFE,TX,ASW,CE,Federal Contract Tower,15,8,38,50,111,0,0,36,0,36,15,8,74,50,147,0,0,0,147
03/20/2002,MFE,TX,ASW,CE,Federal Contract Tower,19,12,34,38,103,0,0,59,0,59,19,12,93,38,162,0,0,0,162
03/21/2002,MFE,TX,ASW,CE,Federal Contract Tower,16,5,24,27,72,0,0,93,0,93,16,5,117,27,165,78,0,78,243
03/22/2002,MFE,TX,ASW,CE,Federal Contract Tower,16,12,17,15,60,0,0,98,0,98,16,12,115,15,158,50,0,50,208
03/23/2002,MFE,TX,ASW,CE,Federal Contract Tower,15,6,43,0,64,0,0,61,0,61,15,6,104,0,125,56,0,56,181
03/24/2002,MFE,TX,ASW,CE,Federal Contract Tower,16,2,16,0,34,0,0,35,0,35,16,2,51,0,69,0,0,0,69
03/25/2002,MFE,TX,ASW,CE,Federal Contract Tower,16,10,37,32,95,0,0,47,0,47,16,10,84,32,142,24,0,24,166
03/26/2002,MFE,TX,ASW,CE,Federal Contract Tower,16,9,45,17,87,0,0,56,0,56,16,9,101,17,143,74,4,78,221
03/27/2002,MFE,TX,ASW,CE,Federal Contract Tower,17,10,51,28,106,0,0,65,0,65,17,10,116,28,171,34,0,34,205
03/28/2002,MFE,TX,ASW,CE,Federal Contract Tower,15,5,28,36,84,0,0,82,0,82,15,5,110,36,166,42,0,42,208
03/29/2002,MFE,TX,ASW,CE,Federal Contract Tower,15,3,28,10,56,0,0,50,0,50,15,3,78,10,106,58,0,58,164
03/30/2002,MFE,TX,ASW,CE,Federal Contract Tower,15,2,16,0,33,0,0,43,0,43,15,2,59,0,76,36,0,36,112
03/31/2002,MFE,TX,ASW,CE,Federal Contract Tower,16,0,13,6,35,0,0,54,0,54,16,0,67,6,89,2,0,2,91
04/01/2002,MFE,TX,ASW,CE,Federal Contract Tower,15,4,43,30,92,0,0,82,2,84,15,4,125,32,176,38,16,54,230
04/02/2002,MFE,TX,ASW,CE,Federal Contract Tower,16,4,60,24,104,0,0,77,2,79,16,4,137,26,183,66,0,66,249
04/03/2002,MFE,TX,ASW,CE,Federal Contract Tower,16,6,56,15,93,0,0,24,1,25,16,6,80,16,118,30,0,30,148
04/04/2002,MFE,TX,ASW,CE,Federal Contract Tower,20,7,69,13,109,0,0,18,1,19,20,7,87,14,128,44,0,44,172
04/05/2002,MFE,TX,ASW,CE,Federal Contract Tower,16,7,46,1,70,0,0,0,1,1,16,7,46,2,71,0,0,0,71
04/06/2002,MFE,TX,ASW,CE,Federal Contract Tower,16,2,16,0,34,0,0,34,0,34,16,2,50,0,68,46,0,46,114
04/07/2002,MFE,TX,ASW,CE,Federal Contract Tower,13,0,19,0,32,0,0,24,0,24,13,0,43,0,56,20,0,20,76
04/08/2002,MFE,TX,ASW,CE,Federal Contract Tower,13,6,47,13,79,0,0,61,1,62,13,6,108,14,141,16,10,26,167
04/09/2002,MFE,TX,ASW,CE,Federal Contract Tower,17,10,31,34,92,0,0,54,1,55,17,10,85,35,147,54,0,54,201
04/10/2002,MFE,TX,ASW,CE,Federal Contract Tower,16,14,44,33,107,0,0,50,1,51,16,14,94,34,158,86,0,86,244
04/11/2002,MFE,TX,ASW,CE,Federal Contract Tower,15,12,51,19,97,0,0,65,1,66,15,12,116,20,163,14,0,14,177
04/12/2002,MFE,TX,ASW,CE,Federal Contract Tower,16,14,30,29,89,0,0,75,1,76,16,14,105,30,165,40,0,40,205
04/13/2002,MFE,TX,ASW,CE,Federal Contract Tower,16,2,24,0,42,0,0,59,0,59,16,2,83,0,101,60,0,60,161
04/14/2002,MFE,TX,ASW,CE,Federal Contract Tower,16,2,12,0,30,0,0,38,0,38,16,2,50,0,68,22,0,22,90
04/15/2002,MFE,TX,ASW,CE,Federal Contract Tower,16,11,39,43,109,0,0,36,1,37,16,11,75,44,146,30,0,30,176
04/16/2002,MFE,TX,ASW,CE,Federal Contract Tower,16,12,30,45,103,0,0,67,1,68,16,12,97,46,171,36,0,36,207
04/17/2002,MFE,TX,ASW,CE,Federal Contract Tower,16,7,50,13,86,0,0,61,1,62,16,7,111,14,148,36,14,50,198
04/18/2002,MFE,TX,ASW,CE,Federal Contract Tower,15,8,43,35,101,0,0,83,1,84,15,8,126,36,185,78,0,78,263
04/19/2002,MFE,TX,ASW,CE,Federal Contract Tower,18,14,38,0,70,0,0,53,0,53,18,14,91,0,123,26,0,26,149
04/20/2002,MFE,TX,ASW,CE,Federal Contract Tower,16,2,7,1,26,0,0,32,1,33,16,2,39,2,59,16,0,16,75
04/21/2002,MFE,TX,ASW,CE,Federal Contract Tower,16,1,17,0,34,0,0,61,0,61,16,1,78,0,95,40,0,40,135
04/22/2002,MFE,TX,ASW,CE,Federal Contract Tower,13,5,28,11,57,5,2,53,5,65,18,7,81,16,122,24,0,24,146
04/23/2002,MFE,TX,ASW,CE,Federal Contract Tower,16,7,37,3,63,0,5,55,0,60,16,12,92,3,123,64,0,64,187
04/24/2002,MFE,TX,ASW,CE,Federal Contract Tower,14,7,46,33,100,0,0,72,1,73,14,7,118,34,173,14,4,18,191
04/25/2002,MFE,TX,ASW,CE,Federal Contract Tower,15,16,52,9,92,0,0,66,1,67,15,16,118,10,159,90,0,90,249
04/26/2002,MFE,TX,ASW,CE,Federal Contract Tower,16,5,37,23,81,0,0,74,1,75,16,5,111,24,156,70,0,70,226
04/27/2002,MFE,TX,ASW,CE,Federal Contract Tower,16,4,21,0,41,0,0,43,1,44,16,4,64,1,85,30,0,30,115
04/28/2002,MFE,TX,ASW,CE,Federal Contract Tower,16,0,8,0,24,0,0,32,0,32,16,0,40,0,56,28,0,28,84
04/29/2002,MFE,TX,ASW,CE,Federal Contract Tower,17,9,18,26,70,0,0,46,1,47,17,9,64,27,117,10,0,10,127
04/30/2002,MFE,TX,ASW,CE,Federal Contract Tower,16,11,21,9,57,0,0,73,1,74,16,11,94,10,131,54,0,54,185
05/01/2002,MFE,TX,ASW,CE,Federal Contract Tower,14,9,38,26,87,1,0,84,0,85,15,9,122,26,172,26,0,26,198
05/02/2002,MFE,TX,ASW,CE,Federal Contract Tower,14,7,41,10,72,1,0,76,0,77,15,7,117,10,149,110,0,110,259
05/03/2002,MFE,TX,ASW,CE,Federal Contract Tower,16,7,27,6,56,0,4,84,0,88,16,11,111,6,144,104,0,104,248
05/04/2002,MFE,TX,ASW,CE,Federal Contract Tower,15,4,16,2,37,1,0,47,0,48,16,4,63,2,85,72,0,72,157
05/05/2002,MFE,TX,ASW,CE,Federal Contract Tower,14,2,14,0,30,1,0,47,0,48,15,2,61,0,78,12,0,12,90
05/06/2002,MFE,TX,ASW,CE,Federal Contract Tower,15,8,22,11,56,1,0,49,0,50,16,8,71,11,106,100,2,102,208
05/07/2002,MFE,TX,ASW,CE,Federal Contract Tower,19,4,20,12,55,1,0,79,0,80,20,4,99,12,135,36,0,36,171
05/08/2002,MFE,TX,ASW,CE,Federal Contract Tower,15,4,39,6,64,1,0,83,0,84,16,4,122,6,148,10,0,10,158
05/09/2002,MFE,TX,ASW,CE,Federal Contract Tower,18,8,28,22,76,1,0,56,0,57,19,8,84,22,133,90,0,90,223
05/10/2002,MFE,TX,ASW,CE,Federal Contract Tower,14,11,29,2,56,1,0,66,0,67,15,11,95,2,123,186,0,186,309
05/11/2002,MFE,TX,ASW,CE,Federal Contract Tower,15,5,14,2,36,1,0,38,0,39,16,5,52,2,75,56,0,56,131
05/12/2002,MFE,TX,ASW,CE,Federal Contract Tower,13,1,7,4,25,1,0,35,0,36,14,1,42,4,61,30,0,30,91
05/13/2002,MFE,TX,ASW,CE,Federal Contract Tower,16,8,28,6,58,1,0,35,0,36,17,8,63,6,94,44,0,44,138
05/14/2002,MFE,TX,ASW,CE,Federal Contract Tower,16,13,24,60,113,0,0,106,0,106,16,13,130,60,219,106,0,106,325
05/15/2002,MFE,TX,ASW,CE,Federal Contract Tower,15,12,20,18,65,0,0,71,0,71,15,12,91,18,136,112,0,112,248
05/16/2002,MFE,TX,ASW,CE,Federal Contract Tower,17,9,36,22,84,0,0,56,0,56,17,9,92,22,140,92,0,92,232
05/17/2002,MFE,TX,ASW,CE,Federal Contract Tower,16,7,20,20,63,0,0,56,0,56,16,7,76,20,119,56,0,56,175
05/18/2002,MFE,TX,ASW,CE,Federal Contract Tower,15,5,16,1,37,0,0,41,0,41,15,5,57,1,78,46,0,46,124
05/19/2002,MFE,TX,ASW,CE,Federal Contract Tower,16,0,13,6,35,0,0,55,0,55,16,0,68,6,90,48,0,48,138
05/20/2002,MFE,TX,ASW,CE,Federal Contract Tower,16,5,22,16,59,0,0,57,0,57,16,5,79,16,116,34,0,34,150
05/21/2002,MFE,TX,ASW,CE,Federal Contract Tower,18,4,30,42,94,0,0,77,0,77,18,4,107,42,171,42,0,42,213
05/22/2002,MFE,TX,ASW,CE,Federal Contract Tower,15,2,39,20,76,0,0,80,0,80,15,2,119,20,156,98,0,98,254
05/23/2002,MFE,TX,ASW,CE,Federal Contract Tower,18,14,31,18,81,0,0,63,0,63,18,14,94,18,144,72,0,72,216
05/24/2002,MFE,TX,ASW,CE,Federal Contract Tower,15,16,30,0,61,0,0,61,0,61,15,16,91,0,122,84,0,84,206
05/25/2002,MFE,TX,ASW,CE,Federal Contract Tower,14,2,10,0,26,0,0,42,0,42,14,2,52,0,68,0,0,0,68
05/26/2002,MFE,TX,ASW,CE,Federal Contract Tower,13,3,19,0,35,0,0,33,0,33,13,3,52,0,68,8,0,8,76
05/27/2002,MFE,TX,ASW,CE,Federal Contract Tower,14,3,11,0,28,0,0,57,0,57,14,3,68,0,85,62,0,62,147
05/28/2002,MFE,TX,ASW,CE,Federal Contract Tower,16,5,19,28,68,0,0,51,0,51,16,5,70,28,119,34,0,34,153
05/29/2002,MFE,TX,ASW,CE,Federal Contract Tower,16,13,22,10,61,0,0,72,0,72,16,13,94,10,133,20,16,36,169
05/30/2002,MFE,TX,ASW,CE,Federal Contract Tower,15,8,38,23,84,0,0,45,35,80,15,8,83,58,164,24,2,26,190
05/31/2002,MFE,TX,ASW,CE,Federal Contract Tower,16,7,13,20,56,0,0,59,0,59,16,7,72,20,115,94,0,94,209
06/01/2002,MFE,TX,ASW,CE,Federal Contract Tower,15,8,29,0,52,0,1,63,0,64,15,9,92,0,116,70,2,72,188
06/02/2002,MFE,TX,ASW,CE,Federal Contract Tower,16,0,12,0,28,0,1,45,0,46,16,1,57,0,74,54,0,54,128
06/03/2002,MFE,TX,ASW,CE,Federal Contract Tower,16,1,20,20,57,0,1,54,1,56,16,2,74,21,113,82,0,82,195
06/04/2002,MFE,TX,ASW,CE,Federal Contract Tower,16,3,49,24,92,0,0,55,0,55,16,3,104,24,147,64,10,74,221
06/05/2002,MFE,TX,ASW,CE,Federal Contract Tower,15,9,45,40,109,0,0,73,0,73,15,9,118,40,182,38,0,38,220
06/06/2002,MFE,TX,ASW,CE,Federal Contract Tower,16,4,32,36,88,0,0,47,0,47,16,4,79,36,135,54,0,54,189
06/07/2002,MFE,TX,ASW,CE,Federal Contract Tower,16,13,31,12,72,0,0,55,0,55,16,13,86,12,127,52,0,52,179
06/08/2002,MFE,TX,ASW,CE,Federal Contract Tower,15,7,23,6,51,0,0,55,0,55,15,7,78,6,106,66,8,74,180
06/09/2002,MFE,TX,ASW,CE,Federal Contract Tower,16,2,15,0,33,0,0,50,0,50,16,2,65,0,83,26,0,26,109
06/10/2002,MFE,TX,ASW,CE,Federal Contract Tower,15,8,16,43,82,0,0,57,0,57,15,8,73,43,139,92,0,92,231
06/11/2002,MFE,TX,ASW,CE,Federal Contract Tower,17,6,45,32,100,0,0,75,0,75,17,6,120,32,175,104,0,104,279
06/12/2002,MFE,TX,ASW,CE,Federal Contract Tower,17,12,28,32,89,0,0,100,0,100,17,12,128,32,189,56,0,56,245
06/13/2002,MFE,TX,ASW,CE,Federal Contract Tower,14,7,42,34,97,0,0,81,0,81,14,7,123,34,178,70,4,74,252
06/14/2002,MFE,TX,ASW,CE,Federal Contract Tower,16,10,28,36,90,0,0,72,0,72,16,10,100,36,162,132,2,134,296
06/15/2002,MFE,TX,ASW,CE,Federal Contract Tower,21,3,21,0,45,0,0,59,0,59,21,3,80,0,104,50,0,50,154
06/16/2002,MFE,TX,ASW,CE,Federal Contract Tower,15,1,12,2,30,0,0,43,0,43,15,1,55,2,73,10,0,10,83
06/17/2002,MFE,TX,ASW,CE,Federal Contract Tower,16,8,35,20,79,0,0,61,0,61,16,8,96,20,140,116,0,116,256
06/18/2002,MFE,TX,ASW,CE,Federal Contract Tower,15,10,31,34,90,0,0,68,0,68,15,10,99,34,158,30,4,34,192
06/19/2002,MFE,TX,ASW,CE,Federal Contract Tower,16,8,43,27,94,0,0,98,0,98,16,8,141,27,192,54,0,54,246
06/20/2002,MFE,TX,ASW,CE,Federal Contract Tower,16,20,26,32,94,0,0,76,0,76,16,20,102,32,170,12,14,26,196
06/21/2002,MFE,TX,ASW,CE,Federal Contract Tower,17,6,32,24,79,0,0,77,0,77,17,6,109,24,156,38,0,38,194
06/22/2002,MFE,TX,ASW,CE,Federal Contract Tower,16,8,9,0,33,0,0,50,0,50,16,8,59,0,83,50,0,50,133
06/23/2002,MFE,TX,ASW,CE,Federal Contract Tower,16,1,4,0,21,0,0,51,0,51,16,1,55,0,72,32,0,32,104
06/24/2002,MFE,TX,ASW,CE,Federal Contract Tower,16,4,24,4,48,0,0,81,0,81,16,4,105,4,129,24,0,24,153
06/25/2002,MFE,TX,ASW,CE,Federal Contract Tower,18,4,44,42,108,0,0,100,0,100,18,4,144,42,208,74,0,74,282
06/26/2002,MFE,TX,ASW,CE,Federal Contract Tower,17,3,29,18,67,1,0,80,0,81,18,3,109,18,148,50,0,50,198
06/27/2002,MFE,TX,ASW,CE,Federal Contract Tower,16,4,26,18,64,0,0,82,0,82,16,4,108,18,146,106,0,106,252
06/28/2002,MFE,TX,ASW,CE,Federal Contract Tower,17,5,25,2,49,0,0,50,0,50,17,5,75,2,99,50,0,50,149
06/29/2002,MFE,TX,ASW,CE,Federal Contract Tower,16,6,18,0,40,0,0,28,0,28,16,6,46,0,68,36,0,36,104
06/30/2002,MFE,TX,ASW,CE,Federal Contract Tower,16,1,11,0,28,0,0,19,0,19,16,1,30,0,47,0,0,0,47
07/01/2002,MFE,TX,ASW,CE,Federal Contract Tower,16,6,28,30,80,0,0,41,0,41,16,6,69,30,121,74,0,74,195
07/02/2002,MFE,TX,ASW,CE,Federal Contract Tower,18,6,27,39,90,0,0,76,0,76,18,6,103,39,166,58,8,66,232
07/03/2002,MFE,TX,ASW,CE,Federal Contract Tower,16,14,14,50,94,0,0,70,0,70,16,14,84,50,164,84,0,84,248
07/04/2002,MFE,TX,ASW,CE,Federal Contract Tower,15,1,9,0,25,0,0,42,0,42,15,1,51,0,67,82,0,82,149
07/05/2002,MFE,TX,ASW,CE,Federal Contract Tower,16,1,13,0,30,0,0,58,0,58,16,1,71,0,88,124,0,124,212
07/06/2002,MFE,TX,ASW,CE,Federal Contract Tower,16,4,14,0,34,0,0,46,0,46,16,4,60,0,80,28,0,28,108
07/07/2002,MFE,TX,ASW,CE,Federal Contract Tower,15,0,9,0,24,0,0,37,0,37,15,0,46,0,61,32,0,32,93
07/08/2002,MFE,TX,ASW,CE,Federal Contract Tower,14,4,19,36,73,0,0,49,0,49,14,4,68,36,122,68,0,68,190
07/09/2002,MFE,TX,ASW,CE,Federal Contract Tower,17,2,30,0,49,0,0,34,0,34,17,2,64,0,83,94,0,94,177
07/10/2002,MFE,TX,ASW,CE,Federal Contract Tower,16,4,32,42,94,0,0,58,0,58,16,4,90,42,152,58,0,58,210
07/11/2002,MFE,TX,ASW,CE,Federal Contract Tower,15,0,22,75,112,0,0,80,0,80,15,0,102,75,192,128,4,132,324
07/12/2002,MFE,TX,ASW,CE,Federal Contract Tower,16,4,16,16,52,0,0,73,0,73,16,4,89,16,125,48,0,48,173
07/13/2002,MFE,TX,ASW,CE,Federal Contract Tower,25,5,22,5,57,0,0,55,0,55,25,5,77,5,112,122,0,122,234
07/14/2002,MFE,TX,ASW,CE,Federal Contract Tower,14,3,15,9,41,0,0,50,0,50,14,3,65,9,91,74,0,74,165
07/15/2002,MFE,TX,ASW,CE,Federal Contract Tower,21,15,24,2,62,0,0,34,0,34,21,15,58,2,96,48,0,48,144
07/16/2002,MFE,TX,ASW,CE,Federal Contract Tower,18,6,39,18,81,0,0,52,0,52,18,6,91,18,133,100,0,100,233
07/17/2002,MFE,TX,ASW,CE,Federal Contract Tower,18,14,17,48,97,0,0,92,0,92,18,14,109,48,189,92,4,96,285
07/18/2002,MFE,TX,ASW,CE,Federal Contract Tower,20,5,35,28,88,0,0,83,0,83,20,5,118,28,171,94,0,94,265
07/19/2002,MFE,TX,ASW,CE,Federal Contract Tower,18,6,23,22,69,0,0,55,0,55,18,6,78,22,124,136,0,136,260
07/20/2002,MFE,TX,ASW,CE,Federal Contract Tower,16,5,6,0,27,0,0,76,0,76,16,5,82,0,103,90,0,90,193
07/21/2002,MFE,TX,ASW,CE,Federal Contract Tower,18,6,9,2,35,0,0,49,0,49,18,6,58,2,84,40,0,40,124
07/22/2002,MFE,TX,ASW,CE,Federal Contract Tower,16,9,27,40,92,0,0,53,0,53,16,9,80,40,145,42,0,42,187
07/23/2002,MFE,TX,ASW,CE,Federal Contract Tower,16,2,33,36,87,0,0,64,0,64,16,2,97,36,151,80,0,80,231
07/24/2002,MFE,TX,ASW,CE,Federal Contract Tower,16,6,37,28,87,0,0,69,0,69,16,6,106,28,156,148,0,148,304
07/25/2002,MFE,TX,ASW,CE,Federal Contract Tower,15,7,38,60,120,0,0,97,0,97,15,7,135,60,217,146,8,154,371
07/26/2002,MFE,TX,ASW,CE,Federal Contract Tower,16,9,29,24,78,0,0,82,0,82,16,9,111,24,160,20,4,24,184
07/27/2002,MFE,TX,ASW,CE,Federal Contract Tower,16,5,19,0,40,0,0,45,0,45,16,5,64,0,85,4,0,4,89
07/28/2002,MFE,TX,ASW,CE,Federal Contract Tower,16,4,7,0,27,0,0,23,0,23,16,4,30,0,50,14,0,14,64
07/29/2002,MFE,TX,ASW,CE,Federal Contract Tower,18,12,15,24,69,0,0,52,0,52,18,12,67,24,121,88,2,90,211
07/30/2002,MFE,TX,ASW,CE,Federal Contract Tower,16,12,37,30,95,0,0,99,0,99,16,12,136,30,194,142,0,142,336
07/31/2002,MFE,TX,ASW,CE,Federal Contract Tower,16,1,30,18,65,0,0,74,0,74,16,1,104,18,139,86,0,86,225
08/01/2002,MFE,TX,ASW,CE,Federal Contract Tower,15,6,27,60,108,1,0,85,2,88,16,6,112,62,196,36,0,36,232
08/02/2002,MFE,TX,ASW,CE,Federal Contract Tower,13,12,33,9,67,2,0,62,1,65,15,12,95,10,132,30,0,30,162
08/03/2002,MFE,TX,ASW,CE,Federal Contract Tower,14,4,9,0,27,2,0,44,0,46,16,4,53,0,73,42,0,42,115
08/04/2002,MFE,TX,ASW,CE,Federal Contract Tower,14,7,7,0,28,2,0,43,0,45,16,7,50,0,73,66,0,66,139
08/05/2002,MFE,TX,ASW,CE,Federal Contract Tower,14,17,16,15,62,2,0,79,1,82,16,17,95,16,144,46,0,46,190
08/06/2002,MFE,TX,ASW,CE,Federal Contract Tower,14,4,23,31,72,2,0,58,1,61,16,4,81,32,133,150,0,150,283
08/07/2002,MFE,TX,ASW,CE,Federal Contract Tower,14,11,30,45,100,2,0,88,1,91,16,11,118,46,191,76,0,76,267
08/08/2002,MFE,TX,ASW,CE,Federal Contract Tower,14,6,46,15,81,2,0,81,1,84,16,6,127,16,165,96,0,96,261
08/09/2002,MFE,TX,ASW,CE,Federal Contract Tower,14,7,35,16,72,2,0,59,1,62,16,7,94,17,134,138,12,150,284
08/10/2002,MFE,TX,ASW,CE,Federal Contract Tower,14,6,14,0,34,2,0,43,0,45,16,6,57,0,79,66,0,66,145
08/11/2002,MFE,TX,ASW,CE,Federal Contract Tower,14,1,16,0,31,2,0,41,0,43,16,1,57,0,74,40,0,40,114
08/12/2002,MFE,TX,ASW,CE,Federal Contract Tower,16,8,55,22,101,0,0,27,0,27,16,8,82,22,128,0,0,0,128
08/13/2002,MFE,TX,ASW,CE,Federal Contract Tower,16,9,75,40,140,0,0,39,0,39,16,9,114,40,179,62,0,62,241
08/14/2002,MFE,TX,ASW,CE,Federal Contract Tower,18,9,44,28,99,0,0,61,2,63,18,9,105,30,162,54,0,54,216
08/15/2002,MFE,TX,ASW,CE,Federal Contract Tower,17,17,25,49,108,2,0,74,1,77,19,17,99,50,185,22,0,22,207
08/16/2002,MFE,TX,ASW,CE,Federal Contract Tower,16,6,29,3,54,2,0,68,1,71,18,6,97,4,125,126,0,126,251
08/17/2002,MFE,TX,ASW,CE,Federal Contract Tower,14,4,19,0,37,1,1,47,0,49,15,5,66,0,86,32,0,32,118
08/18/2002,MFE,TX,ASW,CE,Federal Contract Tower,15,0,14,2,31,1,0,45,2,48,16,0,59,4,79,18,0,18,97
08/19/2002,MFE,TX,ASW,CE,Federal Contract Tower,15,1,19,21,56,1,1,67,1,70,16,2,86,22,126,54,0,54,180
08/20/2002,MFE,TX,ASW,CE,Federal Contract Tower,19,3,35,32,89,1,1,94,0,96,20,4,129,32,185,72,0,72,257
08/21/2002,MFE,TX,ASW,CE,Federal Contract Tower,15,11,50,57,133,1,1,87,1,90,16,12,137,58,223,96,0,96,319
08/22/2002,MFE,TX,ASW,CE,Federal Contract Tower,15,16,46,39,116,1,1,87,1,90,16,17,133,40,206,100,0,100,306
08/23/2002,MFE,TX,ASW,CE,Federal Contract Tower,17,7,43,15,82,1,1,69,1,72,18,8,112,16,154,138,0,138,292
08/24/2002,MFE,TX,ASW,CE,Federal Contract Tower,16,2,15,0,33,0,1,45,0,46,16,3,60,0,79,40,14,54,133
08/25/2002,MFE,TX,ASW,CE,Federal Contract Tower,15,0,21,5,41,0,0,57,2,59,15,0,78,7,100,72,0,72,172
08/26/2002,MFE,TX,ASW,CE,Federal Contract Tower,17,12,30,12,71,0,1,67,2,70,17,13,97,14,141,64,0,64,205
08/27/2002,MFE,TX,ASW,CE,Federal Contract Tower,13,9,33,40,95,0,1,100,2,103,13,10,133,42,198,100,0,100,298
08/28/2002,MFE,TX,ASW,CE,Federal Contract Tower,16,8,22,26,72,0,1,90,2,93,16,9,112,28,165,78,0,78,243
08/29/2002,MFE,TX,ASW,CE,Federal Contract Tower,16,5,41,26,88,0,1,78,2,81,16,6,119,28,169,116,0,116,285
08/30/2002,MFE,TX,ASW,CE,Federal Contract Tower,16,2,51,20,89,0,1,66,2,69,16,3,117,22,158,124,0,124,282
08/31/2002,MFE,TX,ASW,CE,Federal Contract Tower,16,10,18,4,48,0,1,63,2,66,16,11,81,6,114,142,0,142,256
09/01/2002,MFE,TX,ASW,CE,Federal Contract Tower,14,0,12,0,26,0,0,48,0,48,14,0,60,0,74,30,0,30,104
09/02/2002,MFE,TX,ASW,CE,Federal Contract Tower,16,3,15,0,34,0,0,37,0,37,16,3,52,0,71,22,0,22,93
09/03/2002,MFE,TX,ASW,CE,Federal Contract Tower,16,6,29,21,72,0,0,56,0,56,16,6,85,21,128,74,0,74,202
09/04/2002,MFE,TX,ASW,CE,Federal Contract Tower,16,10,37,59,122,0,0,61,0,61,16,10,98,59,183,26,0,26,209
09/05/2002,MFE,TX,ASW,CE,Federal Contract Tower,16,10,23,26,75,0,0,60,0,60,16,10,83,26,135,84,10,94,229
09/06/2002,MFE,TX,ASW,CE,Federal Contract Tower,16,1,29,10,56,0,0,85,0,85,16,1,114,10,141,104,0,104,245
09/07/2002,MFE,TX,ASW,CE,Federal Contract Tower,16,4,24,0,44,0,0,71,0,71,16,4,95,0,115,80,0,80,195
09/08/2002,MFE,TX,ASW,CE,Federal Contract Tower,15,0,31,0,46,0,0,49,0,49,15,0,80,0,95,46,0,46,141
09/09/2002,MFE,TX,ASW,CE,Federal Contract Tower,16,5,38,6,65,0,0,29,0,29,16,5,67,6,94,20,0,20,114
09/10/2002,MFE,TX,ASW,CE,Federal Contract Tower,16,18,24,40,98,0,0,56,0,56,16,18,80,40,154,78,0,78,232
09/11/2002,MFE,TX,ASW,CE,Federal Contract Tower,16,13,41,0,70,0,0,30,0,30,16,13,71,0,100,18,0,18,118
09/12/2002,MFE,TX,ASW,CE,Federal Contract Tower,15,6,40,37,98,0,0,81,0,81,15,6,121,37,179,56,18,74,253
09/13/2002,MFE,TX,ASW,CE,Federal Contract Tower,16,10,33,20,79,0,0,71,0,71,16,10,104,20,150,58,0,58,208
09/14/2002,MFE,TX,ASW,CE,Federal Contract Tower,16,8,15,0,39,0,0,29,0,29,16,8,44,0,68,10,0,10,78
09/15/2002,MFE,TX,ASW,CE,Federal Contract Tower,16,4,27,0,47,0,0,30,0,30,16,4,57,0,77,34,0,34,111
09/16/2002,MFE,TX,ASW,CE,Federal Contract Tower,16,8,40,0,64,0,0,26,0,26,16,8,66,0,90,38,0,38,128
09/17/2002,MFE,TX,ASW,CE,Federal Contract Tower,15,11,43,33,102,0,0,61,0,61,15,11,104,33,163,80,0,80,243
09/18/2002,MFE,TX,ASW,CE,Federal Contract Tower,16,16,32,43,107,0,0,75,0,75,16,16,107,43,182,98,0,98,280
09/19/2002,MFE,TX,ASW,CE,Federal Contract Tower,19,9,46,28,102,0,0,70,0,70,19,9,116,28,172,108,2,110,282
09/20/2002,MFE,TX,ASW,CE,Federal Contract Tower,17,7,38,32,94,0,0,81,0,81,17,7,119,32,175,108,14,122,297
09/21/2002,MFE,TX,ASW,CE,Federal Contract Tower,14,9,13,2,38,0,0,75,0,75,14,9,88,2,113,84,0,84,197
09/22/2002,MFE,TX,ASW,CE,Federal Contract Tower,16,6,18,0,40,0,0,75,0,75,16,6,93,0,115,46,0,46,161
09/23/2002,MFE,TX,ASW,CE,Federal Contract Tower,16,7,47,2,72,0,0,18,0,18,16,7,65,2,90,0,0,0,90
09/24/2002,MFE,TX,ASW,CE,Federal Contract Tower,16,21,34,18,89,0,0,83,0,83,16,21,117,18,172,64,0,64,236
09/25/2002,MFE,TX,ASW,CE,Federal Contract Tower,16,28,15,18,77,0,0,70,0,70,16,28,85,18,147,38,0,38,185
09/26/2002,MFE,TX,ASW,CE,Federal Contract Tower,18,24,16,30,88,0,0,80,0,80,18,24,96,30,168,50,4,54,222
09/27/2002,MFE,TX,ASW,CE,Federal Contract Tower,16,18,23,12,69,0,0,101,0,101,16,18,124,12,170,92,0,92,262
09/28/2002,MFE,TX,ASW,CE,Federal Contract Tower,16,13,10,0,39,0,0,61,0,61,16,13,71,0,100,50,0,50,150
09/29/2002,MFE,TX,ASW,CE,Federal Contract Tower,16,6,17,0,39,0,0,37,0,37,16,6,54,0,76,16,0,16,92
09/30/2002,MFE,TX,ASW,CE,Federal Contract Tower,16,13,47,14,90,0,0,54,0,54,16,13,101,14,144,72,0,72,216
10/01/2002,MFE,TX,ASW,CE,Federal Contract Tower,18,6,31,19,74,0,7,53,6,66,18,13,84,25,140,130,52,182,322
10/02/2002,MFE,TX,ASW,CE,Federal Contract Tower,14,8,38,45,105,0,0,61,0,61,14,8,99,45,166,78,0,78,244
10/03/2002,MFE,TX,ASW,CE,Federal Contract Tower,15,13,30,24,82,0,0,61,0,61,15,13,91,24,143,18,0,18,161
10/04/2002,MFE,TX,ASW,CE,Federal Contract Tower,18,11,26,12,67,0,0,79,0,79,18,11,105,12,146,86,0,86,232
10/05/2002,MFE,TX,ASW,CE,Federal Contract Tower,16,6,12,0,34,0,0,37,0,37,16,6,49,0,71,56,0,56,127
10/06/2002,MFE,TX,ASW,CE,Federal Contract Tower,17,1,17,0,35,0,0,51,0,51,17,1,68,0,86,6,0,6,92
10/07/2002,MFE,TX,ASW,CE,Federal Contract Tower,16,7,35,12,70,0,0,57,0,57,16,7,92,12,127,66,6,72,199
10/08/2002,MFE,TX,ASW,CE,Federal Contract Tower,16,8,31,30,85,0,0,50,0,50,16,8,81,30,135,4,0,4,139
10/09/2002,MFE,TX,ASW,CE,Federal Contract Tower,16,8,31,52,107,0,0,47,0,47,16,8,78,52,154,88,2,90,244
10/10/2002,MFE,TX,ASW,CE,Federal Contract Tower,15,6,35,36,92,0,0,69,0,69,15,6,104,36,161,88,0,88,249
10/11/2002,MFE,TX,ASW,CE,Federal Contract Tower,16,11,27,16,70,0,0,80,0,80,16,11,107,16,150,20,0,20,170
10/12/2002,MFE,TX,ASW,CE,Federal Contract Tower,16,5,15,0,36,0,0,51,0,51,16,5,66,0,87,28,0,28,115
10/13/2002,MFE,TX,ASW,CE,Federal Contract Tower,17,1,23,0,41,0,0,30,0,30,17,1,53,0,71,12,0,12,83
10/14/2002,MFE,TX,ASW,CE,Federal Contract Tower,16,2,25,0,43,0,0,55,0,55,16,2,80,0,98,90,0,90,188
10/15/2002,MFE,TX,ASW,CE,Federal Contract Tower,16,11,48,10,85,0,0,59,0,59,16,11,107,10,144,90,0,90,234
10/16/2002,MFE,TX,ASW,CE,Federal Contract Tower,18,6,31,50,105,0,0,99,0,99,18,6,130,50,204,86,2,88,292
10/17/2002,MFE,TX,ASW,CE,Federal Contract Tower,17,10,25,34,86,0,0,81,0,81,17,10,106,34,167,40,0,40,207
10/18/2002,MFE,TX,ASW,CE,Federal Contract Tower,16,2,38,24,80,0,0,43,0,43,16,2,81,24,123,14,0,14,137
10/19/2002,MFE,TX,ASW,CE,Federal Contract Tower,16,3,15,0,34,0,0,51,0,51,16,3,66,0,85,58,0,58,143
10/20/2002,MFE,TX,ASW,CE,Federal Contract Tower,16,1,13,0,30,0,0,46,0,46,16,1,59,0,76,56,0,56,132
10/21/2002,MFE,TX,ASW,CE,Federal Contract Tower,16,3,35,22,76,0,0,46,0,46,16,3,81,22,122,24,0,24,146
10/22/2002,MFE,TX,ASW,CE,Federal Contract Tower,15,6,44,40,105,0,0,42,5,47,15,6,86,45,152,12,20,32,184
10/23/2002,MFE,TX,ASW,CE,Federal Contract Tower,16,12,48,6,82,0,0,55,0,55,16,12,103,6,137,54,0,54,191
10/24/2002,MFE,TX,ASW,CE,Federal Contract Tower,18,3,25,8,54,0,0,26,0,26,18,3,51,8,80,70,6,76,156
10/25/2002,MFE,TX,ASW,CE,Federal Contract Tower,16,5,35,0,56,0,0,23,0,23,16,5,58,0,79,38,0,38,117
10/26/2002,MFE,TX,ASW,CE,Federal Contract Tower,15,2,12,0,29,0,0,1,0,1,15,2,13,0,30,0,0,0,30
10/27/2002,MFE,TX,ASW,CE,Federal Contract Tower,18,0,24,4,46,0,0,9,0,9,18,0,33,4,55,0,0,0,55
10/28/2002,MFE,TX,ASW,CE,Federal Contract Tower,15,5,25,18,63,0,0,19,0,19,15,5,44,18,82,0,0,0,82
10/29/2002,MFE,TX,ASW,CE,Federal Contract Tower,7,2,12,8,29,8,4,85,0,97,15,6,97,8,126,8,0,8,134
10/30/2002,MFE,TX,ASW,CE,Federal Contract Tower,16,7,31,18,72,0,0,58,0,58,16,7,89,18,130,48,0,48,178
10/31/2002,MFE,TX,ASW,CE,Federal Contract Tower,18,3,53,4,78,0,0,1,0,1,18,3,54,4,79,0,0,0,79
11/01/2002,MFE,TX,ASW,CE,Federal Contract Tower,18,11,42,10,81,1,0,12,0,13,19,11,54,10,94,46,0,46,140
11/02/2002,MFE,TX,ASW,CE,Federal Contract Tower,16,2,22,0,40,1,0,10,0,11,17,2,32,0,51,38,0,38,89
11/03/2002,MFE,TX,ASW,CE,Federal Contract Tower,20,3,43,0,66,1,0,5,0,6,21,3,48,0,72,0,0,0,72
11/04/2002,MFE,TX,ASW,CE,Federal Contract Tower,15,9,36,0,60,1,0,7,0,8,16,9,43,0,68,24,0,24,92
11/05/2002,MFE,TX,ASW,CE,Federal Contract Tower,16,5,31,43,95,0,0,81,1,82,16,5,112,44,177,78,0,78,255
11/06/2002,MFE,TX,ASW,CE,Federal Contract Tower,17,1,39,22,79,0,0,126,2,128,17,1,165,24,207,68,2,70,277
11/07/2002,MFE,TX,ASW,CE,Federal Contract Tower,18,2,35,46,101,0,0,102,2,104,18,2,137,48,205,56,0,56,261
11/08/2002,MFE,TX,ASW,CE,Federal Contract Tower,16,2,30,6,54,0,0,94,2,96,16,2,124,8,150,84,0,84,234
11/09/2002,MFE,TX,ASW,CE,Federal Contract Tower,18,1,6,10,35,0,0,56,2,58,18,1,62,12,93,58,8,66,159
11/10/2002,MFE,TX,ASW,CE,Federal Contract Tower,16,1,17,0,34,0,0,38,0,38,16,1,55,0,72,2,0,2,74
11/11/2002,MFE,TX,ASW,CE,Federal Contract Tower,16,4,31,2,53,0,3,22,0,25,16,7,53,2,78,0,0,0,78
11/12/2002,MFE,TX,ASW,CE,Federal Contract Tower,15,10,28,25,78,0,0,83,1,84,15,10,111,26,162,4,0,4,166
11/13/2002,MFE,TX,ASW,CE,Federal Contract Tower,17,10,25,29,81,0,0,100,1,101,17,10,125,30,182,56,10,66,248
11/14/2002,MFE,TX,ASW,CE,Federal Contract Tower,15,2,37,23,77,0,0,89,1,90,15,2,126,24,167,88,4,92,259
11/15/2002,MFE,TX,ASW,CE,Federal Contract Tower,16,5,50,10,81,0,0,31,1,32,16,5,81,11,113,10,0,10,123
11/16/2002,MFE,TX,ASW,CE,Federal Contract Tower,15,4,20,1,40,0,0,43,1,44,15,4,63,2,84,42,0,42,126
11/17/2002,MFE,TX,ASW,CE,Federal Contract Tower,18,0,19,0,37,0,0,70,0,70,18,0,89,0,107,42,0,42,149
11/18/2002,MFE,TX,ASW,CE,Federal Contract Tower,16,3,35,24,78,0,0,51,0,51,16,3,86,24,129,34,0,34,163
11/19/2002,MFE,TX,ASW,CE,Federal Contract Tower,18,6,23,26,73,0,0,92,0,92,18,6,115,26,165,38,0,38,203
11/20/2002,MFE,TX,ASW,CE,Federal Contract Tower,15,3,55,22,95,0,0,62,0,62,15,3,117,22,157,18,0,18,175
11/21/2002,MFE,TX,ASW,CE,Federal Contract Tower,17,8,43,54,122,0,0,90,0,90,17,8,133,54,212,54,0,54,266
11/22/2002,MFE,TX,ASW,CE,Federal Contract Tower,16,1,20,32,69,0,0,89,0,89,16,1,109,32,158,72,0,72,230
11/23/2002,MFE,TX,ASW,CE,Federal Contract Tower,16,2,5,0,23,0,0,75,0,75,16,2,80,0,98,54,0,54,152
11/24/2002,MFE,TX,ASW,CE,Federal Contract Tower,16,0,7,8,31,0,0,74,0,74,16,0,81,8,105,54,0,54,159
11/25/2002,MFE,TX,ASW,CE,Federal Contract Tower,14,4,55,107,180,0,0,43,0,43,14,4,98,107,223,54,24,78,301
11/26/2002,MFE,TX,ASW,CE,Federal Contract Tower,17,9,59,17,102,0,0,1,0,1,17,9,60,17,103,0,0,0,103
11/27/2002,MFE,TX,ASW,CE,Federal Contract Tower,18,6,37,0,61,0,0,36,0,36,18,6,73,0,97,32,0,32,129
11/28/2002,MFE,TX,ASW,CE,Federal Contract Tower,11,0,7,0,18,0,0,11,0,11,11,0,18,0,29,20,0,20,49
11/29/2002,MFE,TX,ASW,CE,Federal Contract Tower,11,4,12,0,27,0,0,50,0,50,11,4,62,0,77,28,0,28,105
11/30/2002,MFE,TX,ASW,CE,Federal Contract Tower,17,3,5,0,25,0,0,80,0,80,17,3,85,0,105,28,0,28,133
12/01/2002,MFE,TX,ASW,CE,Federal Contract Tower,18,2,22,0,42,0,1,34,0,35,18,3,56,0,77,46,0,46,123
12/02/2002,MFE,TX,ASW,CE,Federal Contract Tower,16,1,33,20,70,0,0,62,0,62,16,1,95,20,132,38,0,38,170
12/03/2002,MFE,TX,ASW,CE,Federal Contract Tower,14,4,41,24,83,0,0,54,0,54,14,4,95,24,137,44,6,50,187
12/04/2002,MFE,TX,ASW,CE,Federal Contract Tower,16,1,48,30,95,0,0,22,0,22,16,1,70,30,117,4,0,4,121
12/05/2002,MFE,TX,ASW,CE,Federal Contract Tower,16,5,58,32,111,0,0,55,0,55,16,5,113,32,166,8,0,8,174
12/06/2002,MFE,TX,ASW,CE,Federal Contract Tower,16,0,41,14,71,0,0,74,0,74,16,0,115,14,145,20,0,20,165
12/07/2002,MFE,TX,ASW,CE,Federal Contract Tower,16,4,15,0,35,0,0,66,0,66,16,4,81,0,101,90,0,90,191
12/08/2002,MFE,TX,ASW,CE,Federal Contract Tower,15,6,27,0,48,0,0,40,0,40,15,6,67,0,88,128,0,128,216
12/09/2002,MFE,TX,ASW,CE,Federal Contract Tower,16,2,46,12,76,0,0,6,0,6,16,2,52,12,82,0,0,0,82
12/10/2002,MFE,TX,ASW,CE,Federal Contract Tower,15,0,42,28,85,0,0,72,0,72,15,0,114,28,157,46,0,46,203
12/11/2002,MFE,TX,ASW,CE,Federal Contract Tower,17,2,49,29,97,0,0,65,0,65,17,2,114,29,162,12,0,12,174
12/12/2002,MFE,TX,ASW,CE,Federal Contract Tower,16,6,55,44,121,0,0,62,0,62,16,6,117,44,183,0,0,0,183
12/13/2002,MFE,TX,ASW,CE,Federal Contract Tower,15,15,37,0,67,0,0,99,0,99,15,15,136,0,166,68,0,68,234
12/14/2002,MFE,TX,ASW,CE,Federal Contract Tower,14,2,15,0,31,0,0,72,0,72,14,2,87,0,103,38,0,38,141
12/15/2002,MFE,TX,ASW,CE,Federal Contract Tower,18,0,24,4,46,0,0,77,0,77,18,0,101,4,123,68,0,68,191
12/16/2002,MFE,TX,ASW,CE,Federal Contract Tower,18,6,33,23,80,0,0,79,0,79,18,6,112,23,159,74,0,74,233
12/17/2002,MFE,TX,ASW,CE,Federal Contract Tower,14,12,55,35,116,0,0,108,0,108,14,12,163,35,224,52,0,52,276
12/18/2002,MFE,TX,ASW,CE,Federal Contract Tower,22,4,33,32,91,0,0,60,0,60,22,4,93,32,151,0,0,0,151
12/19/2002,MFE,TX,ASW,CE,Federal Contract Tower,19,8,19,19,65,0,0,74,0,74,19,8,93,19,139,22,2,24,163
12/20/2002,MFE,TX,ASW,CE,Federal Contract Tower,20,6,28,6,60,0,0,68,0,68,20,6,96,6,128,14,0,14,142
12/21/2002,MFE,TX,ASW,CE,Federal Contract Tower,20,4,20,0,44,0,0,51,0,51,20,4,71,0,95,34,0,34,129
12/22/2002,MFE,TX,ASW,CE,Federal Contract Tower,20,0,5,0,25,0,0,43,0,43,20,0,48,0,68,46,0,46,114
12/23/2002,MFE,TX,ASW,CE,Federal Contract Tower,17,1,26,12,56,0,0,30,0,30,17,1,56,12,86,66,0,66,152
12/24/2002,MFE,TX,ASW,CE,Federal Contract Tower,16,2,12,0,30,0,0,34,0,34,16,2,46,0,64,8,0,8,72
12/25/2002,MFE,TX,ASW,CE,Federal Contract Tower,15,1,3,0,19,0,0,10,0,10,15,1,13,0,29,0,0,0,29
12/26/2002,MFE,TX,ASW,CE,Federal Contract Tower,20,3,49,0,72,0,0,0,0,0,20,3,49,0,72,0,0,0,72
12/27/2002,MFE,TX,ASW,CE,Federal Contract Tower,18,4,25,0,47,0,0,47,0,47,18,4,72,0,94,26,0,26,120
12/28/2002,MFE,TX,ASW,CE,Federal Contract Tower,18,8,13,0,39,0,0,77,0,77,18,8,90,0,116,104,0,104,220
12/29/2002,MFE,TX,ASW,CE,Federal Contract Tower,20,1,13,0,34,0,0,33,0,33,20,1,46,0,67,14,0,14,81
12/30/2002,MFE,TX,ASW,CE,Federal Contract Tower,20,3,25,0,48,0,0,18,0,18,20,3,43,0,66,40,0,40,106
12/31/2002,MFE,TX,ASW,CE,Federal Contract Tower,6,0,11,4,21,12,0,74,0,86,18,0,85,4,107,70,0,70,177
01/01/2003,MFE,TX,ASW,CE,Federal Contract Tower,17,1,12,0,30,1,0,34,0,35,18,1,46,0,65,0,0,0,65
01/02/2003,MFE,TX,ASW,CE,Federal Contract Tower,18,10,48,8,84,0,1,59,0,60,18,11,107,8,144,18,0,18,162
01/03/2003,MFE,TX,ASW,CE,Federal Contract Tower,18,1,17,19,55,0,0,91,1,92,18,1,108,20,147,42,0,42,189
01/04/2003,MFE,TX,ASW,CE,Federal Contract Tower,17,3,10,0,30,1,0,58,0,59,18,3,68,0,89,18,0,18,107
01/05/2003,MFE,TX,ASW,CE,Federal Contract Tower,19,2,23,0,44,1,0,63,0,64,20,2,86,0,108,14,0,14,122
01/06/2003,MFE,TX,ASW,CE,Federal Contract Tower,15,5,44,10,74,1,0,60,0,61,16,5,104,10,135,62,0,62,197
01/07/2003,MFE,TX,ASW,CE,Federal Contract Tower,16,7,42,2,67,0,1,75,0,76,16,8,117,2,143,118,0,118,261
01/08/2003,MFE,TX,ASW,CE,Federal Contract Tower,16,9,38,48,111,0,0,71,0,71,16,9,109,48,182,26,0,26,208
01/09/2003,MFE,TX,ASW,CE,Federal Contract Tower,20,1,45,28,94,0,0,88,0,88,20,1,133,28,182,8,0,8,190
01/10/2003,MFE,TX,ASW,CE,Federal Contract Tower,17,7,34,24,82,0,0,79,0,79,17,7,113,24,161,58,0,58,219
01/11/2003,MFE,TX,ASW,CE,Federal Contract Tower,28,3,27,2,60,0,0,5,0,5,28,3,32,2,65,4,0,4,69
01/12/2003,MFE,TX,ASW,CE,Federal Contract Tower,24,1,32,0,57,0,0,0,0,0,24,1,32,0,57,0,0,0,57
01/13/2003,MFE,TX,ASW,CE,Federal Contract Tower,18,7,46,26,97,0,0,24,0,24,18,7,70,26,121,10,0,10,131
01/14/2003,MFE,TX,ASW,CE,Federal Contract Tower,16,7,38,20,81,0,0,54,0,54,16,7,92,20,135,46,0,46,181
01/15/2003,MFE,TX,ASW,CE,Federal Contract Tower,20,4,27,46,97,0,0,70,0,70,20,4,97,46,167,18,20,38,205
01/16/2003,MFE,TX,ASW,CE,Federal Contract Tower,19,11,50,14,94,0,0,38,0,38,19,11,88,14,132,36,0,36,168
01/17/2003,MFE,TX,ASW,CE,Federal Contract Tower,21,2,28,6,57,0,0,79,0,79,21,2,107,6,136,72,0,72,208
01/18/2003,MFE,TX,ASW,CE,Federal Contract Tower,18,3,21,0,42,0,0,98,0,98,18,3,119,0,140,108,0,108,248
01/19/2003,MFE,TX,ASW,CE,Federal Contract Tower,23,4,7,8,42,0,0,59,0,59,23,4,66,8,101,40,0,40,141
01/20/2003,MFE,TX,ASW,CE,Federal Contract Tower,18,0,35,10,63,0,0,50,0,50,18,0,85,10,113,48,0,48,161
01/21/2003,MFE,TX,ASW,CE,Federal Contract Tower,16,5,28,34,83,0,0,86,0,86,16,5,114,34,169,64,8,72,241
01/22/2003,MFE,TX,ASW,CE,Federal Contract Tower,16,4,71,20,111,0,0,9,0,9,16,4,80,20,120,20,0,20,140
01/23/2003,MFE,TX,ASW,CE,Federal Contract Tower,19,9,52,28,108,0,0,73,0,73,19,9,125,28,181,50,0,50,231
01/24/2003,MFE,TX,ASW,CE,Federal Contract Tower,18,0,61,14,93,0,0,31,0,31,18,0,92,14,124,24,0,24,148
01/25/2003,MFE,TX,ASW,CE,Federal Contract Tower,19,3,32,0,54,0,0,0,0,0,19,3,32,0,54,0,0,0,54
01/26/2003,MFE,TX,ASW,CE,Federal Contract Tower,23,7,20,2,52,0,0,0,0,0,23,7,20,2,52,0,0,0,52
01/27/2003,MFE,TX,ASW,CE,Federal Contract Tower,18,2,42,14,76,0,0,10,0,10,18,2,52,14,86,0,0,0,86
01/28/2003,MFE,TX,ASW,CE,Federal Contract Tower,16,5,49,4,74,0,0,34,0,34,16,5,83,4,108,6,0,6,114
01/29/2003,MFE,TX,ASW,CE,Federal Contract Tower,17,1,46,6,70,0,0,62,0,62,17,1,108,6,132,10,0,10,142
01/30/2003,MFE,TX,ASW,CE,Federal Contract Tower,17,1,43,12,73,0,0,39,0,39,17,1,82,12,112,20,0,20,132
01/31/2003,MFE,TX,ASW,CE,Federal Contract Tower,18,5,47,2,72,0,0,52,0,52,18,5,99,2,124,12,0,12,136
02/01/2003,MFE,TX,ASW,CE,Federal Contract Tower,14,5,26,0,45,1,0,39,0,40,15,5,65,0,85,26,0,26,111
02/02/2003,MFE,TX,ASW,CE,Federal Contract Tower,18,0,22,0,40,1,0,44,0,45,19,0,66,0,85,14,0,14,99
02/03/2003,MFE,TX,ASW,CE,Federal Contract Tower,20,0,26,13,59,0,0,49,1,50,20,0,75,14,109,56,0,56,165
02/04/2003,MFE,TX,ASW,CE,Federal Contract Tower,16,5,49,9,79,0,0,75,1,76,16,5,124,10,155,78,10,88,243
02/05/2003,MFE,TX,ASW,CE,Federal Contract Tower,22,6,59,11,98,0,0,21,1,22,22,6,80,12,120,48,0,48,168
02/06/2003,MFE,TX,ASW,CE,Federal Contract Tower,17,2,52,9,80,0,0,32,1,33,17,2,84,10,113,26,0,26,139
02/07/2003,MFE,TX,ASW,CE,Federal Contract Tower,18,4,42,8,72,0,4,18,0,22,18,8,60,8,94,20,0,20,114
02/08/2003,MFE,TX,ASW,CE,Federal Contract Tower,19,2,18,0,39,1,0,0,0,1,20,2,18,0,40,0,0,0,40
02/09/2003,MFE,TX,ASW,CE,Federal Contract Tower,19,3,18,0,40,1,0,13,0,14,20,3,31,0,54,20,0,20,74
02/10/2003,MFE,TX,ASW,CE,Federal Contract Tower,19,1,40,41,101,0,0,64,1,65,19,1,104,42,166,24,0,24,190
02/11/2003,MFE,TX,ASW,CE,Federal Contract Tower,16,3,41,68,128,0,0,59,1,60,16,3,100,69,188,54,0,54,242
02/12/2003,MFE,TX,ASW,CE,Federal Contract Tower,18,12,64,15,109,0,0,40,1,41,18,12,104,16,150,36,0,36,186
02/13/2003,MFE,TX,ASW,CE,Federal Contract Tower,18,7,46,59,130,0,0,35,1,36,18,7,81,60,166,0,0,0,166
02/14/2003,MFE,TX,ASW,CE,Federal Contract Tower,17,1,40,17,75,0,0,51,1,52,17,1,91,18,127,62,0,62,189
02/15/2003,MFE,TX,ASW,CE,Federal Contract Tower,18,2,26,0,46,0,0,45,0,45,18,2,71,0,91,36,0,36,127
02/16/2003,MFE,TX,ASW,CE,Federal Contract Tower,20,0,25,0,45,0,0,47,0,47,20,0,72,0,92,18,0,18,110
02/17/2003,MFE,TX,ASW,CE,Federal Contract Tower,18,6,27,1,52,0,0,57,1,58,18,6,84,2,110,20,0,20,130
02/18/2003,MFE,TX,ASW,CE,Federal Contract Tower,16,3,61,28,108,0,0,73,0,73,16,3,134,28,181,24,0,24,205
02/19/2003,MFE,TX,ASW,CE,Federal Contract Tower,20,2,55,40,117,0,0,32,0,32,20,2,87,40,149,16,8,24,173
02/20/2003,MFE,TX,ASW,CE,Federal Contract Tower,17,6,38,42,103,0,0,25,0,25,17,6,63,42,128,4,2,6,134
02/21/2003,MFE,TX,ASW,CE,Federal Contract Tower,21,3,43,14,81,0,0,25,0,25,21,3,68,14,106,20,0,20,126
02/22/2003,MFE,TX,ASW,CE,Federal Contract Tower,34,2,19,4,59,0,0,56,0,56,34,2,75,4,115,70,0,70,185
02/23/2003,MFE,TX,ASW,CE,Federal Contract Tower,19,2,9,8,38,0,0,58,0,58,19,2,67,8,96,6,0,6,102
02/24/2003,MFE,TX,ASW,CE,Federal Contract Tower,15,5,50,58,128,0,0,30,1,31,15,5,80,59,159,36,0,36,195
02/25/2003,MFE,TX,ASW,CE,Federal Contract Tower,12,4,35,0,51,0,0,11,0,11,12,4,46,0,62,0,0,0,62
02/26/2003,MFE,TX,ASW,CE,Federal Contract Tower,14,17,54,32,117,0,0,17,0,17,14,17,71,32,134,8,0,8,142
02/27/2003,MFE,TX,ASW,CE,Federal Contract Tower,20,8,49,28,105,0,0,64,0,64,20,8,113,28,169,90,0,90,259
02/28/2003,MFE,TX,ASW,CE,Federal Contract Tower,20,9,68,15,112,0,0,5,0,5,20,9,73,15,117,0,0,0,117
03/01/2003,MFE,TX,ASW,CE,Federal Contract Tower,17,2,34,2,55,1,0,22,0,23,18,2,56,2,78,34,20,54,132
03/02/2003,MFE,TX,ASW,CE,Federal Contract Tower,12,3,30,1,46,0,0,0,1,1,12,3,30,2,47,0,0,0,47
03/03/2003,MFE,TX,ASW,CE,Federal Contract Tower,18,1,53,23,95,0,0,3,1,4,18,1,56,24,99,0,0,0,99
03/04/2003,MFE,TX,ASW,CE,Federal Contract Tower,16,4,54,21,95,0,0,33,1,34,16,4,87,22,129,18,116,134,263
03/05/2003,MFE,TX,ASW,CE,Federal Contract Tower,17,2,41,0,60,1,0,20,0,21,18,2,61,0,81,24,0,24,105
03/06/2003,MFE,TX,ASW,CE,Federal Contract Tower,20,3,47,13,83,0,0,20,1,21,20,3,67,14,104,8,0,8,112
03/07/2003,MFE,TX,ASW,CE,Federal Contract Tower,17,2,32,16,67,1,2,113,0,116,18,4,145,16,183,14,0,14,197
03/08/2003,MFE,TX,ASW,CE,Federal Contract Tower,18,3,25,19,65,0,0,32,1,33,18,3,57,20,98,10,0,10,108
03/09/2003,MFE,TX,ASW,CE,Federal Contract Tower,18,0,19,11,48,0,0,36,1,37,18,0,55,12,85,34,0,34,119
03/10/2003,MFE,TX,ASW,CE,Federal Contract Tower,18,1,41,17,77,0,0,22,1,23,18,1,63,18,100,0,0,0,100
03/11/2003,MFE,TX,ASW,CE,Federal Contract Tower,16,3,56,37,112,0,0,14,1,15,16,3,70,38,127,0,8,8,135
03/12/2003,MFE,TX,ASW,CE,Federal Contract Tower,18,2,36,25,81,0,0,46,1,47,18,2,82,26,128,30,0,30,158
03/13/2003,MFE,TX,ASW,CE,Federal Contract Tower,19,0,32,13,64,0,0,40,1,41,19,0,72,14,105,34,0,34,139
03/14/2003,MFE,TX,ASW,CE,Federal Contract Tower,18,0,40,13,71,0,0,38,1,39,18,0,78,14,110,18,0,18,128
03/15/2003,MFE,TX,ASW,CE,Federal Contract Tower,20,3,21,0,44,0,0,22,0,22,20,3,43,0,66,0,0,0,66
03/16/2003,MFE,TX,ASW,CE,Federal Contract Tower,18,0,25,0,43,0,0,52,0,52,18,0,77,0,95,46,0,46,141
03/17/2003,MFE,TX,ASW,CE,Federal Contract Tower,17,5,31,26,79,0,0,50,1,51,17,5,81,27,130,16,24,40,170
03/18/2003,MFE,TX,ASW,CE,Federal Contract Tower,18,3,27,33,81,0,0,80,1,81,18,3,107,34,162,0,0,0,162
03/19/2003,MFE,TX,ASW,CE,Federal Contract Tower,17,2,21,53,93,0,0,99,0,99,17,2,120,53,192,6,10,16,208
03/20/2003,MFE,TX,ASW,CE,Federal Contract Tower,18,5,50,28,101,0,0,62,0,62,18,5,112,28,163,0,0,0,163
03/21/2003,MFE,TX,ASW,CE,Federal Contract Tower,18,2,26,13,59,0,0,86,0,86,18,2,112,13,145,72,0,72,217
03/22/2003,MFE,TX,ASW,CE,Federal Contract Tower,20,4,19,0,43,0,0,30,0,30,20,4,49,0,73,58,0,58,131
03/23/2003,MFE,TX,ASW,CE,Federal Contract Tower,18,0,11,0,29,0,0,73,4,77,18,0,84,4,106,44,0,44,150
03/24/2003,MFE,TX,ASW,CE,Federal Contract Tower,17,0,24,46,87,0,0,56,0,56,17,0,80,46,143,20,6,26,169
03/25/2003,MFE,TX,ASW,CE,Federal Contract Tower,17,0,23,41,81,0,0,48,0,48,17,0,71,41,129,70,0,70,199
03/26/2003,MFE,TX,ASW,CE,Federal Contract Tower,18,4,23,48,93,0,0,74,0,74,18,4,97,48,167,0,2,2,169
03/27/2003,MFE,TX,ASW,CE,Federal Contract Tower,19,6,35,30,90,0,0,79,0,79,19,6,114,30,169,2,0,2,171
03/28/2003,MFE,TX,ASW,CE,Federal Contract Tower,16,0,29,48,93,0,0,52,0,52,16,0,81,48,145,30,8,38,183
03/29/2003,MFE,TX,ASW,CE,Federal Contract Tower,19,2,12,9,42,0,0,47,0,47,19,2,59,9,89,44,0,44,133
03/30/2003,MFE,TX,ASW,CE,Federal Contract Tower,18,2,38,10,68,0,0,18,0,18,18,2,56,10,86,26,0,26,112
03/31/2003,MFE,TX,ASW,CE,Federal Contract Tower,18,2,21,28,69,0,0,50,0,50,18,2,71,28,119,0,0,0,119
04/01/2003,MFE,TX,ASW,CE,Federal Contract Tower,18,3,21,38,80,0,0,43,0,43,18,3,64,38,123,2,0,2,125
04/02/2003,MFE,TX,ASW,CE,Federal Contract Tower,21,0,35,40,96,0,0,74,0,74,21,0,109,40,170,0,0,0,170
04/03/2003,MFE,TX,ASW,CE,Federal Contract Tower,21,1,32,30,84,0,0,63,0,63,21,1,95,30,147,6,0,6,153
04/04/2003,MFE,TX,ASW,CE,Federal Contract Tower,18,3,42,2,65,0,0,48,0,48,18,3,90,2,113,36,0,36,149
04/05/2003,MFE,TX,ASW,CE,Federal Contract Tower,19,2,12,4,37,0,0,33,0,33,19,2,45,4,70,26,0,26,96
04/06/2003,MFE,TX,ASW,CE,Federal Contract Tower,13,0,10,8,31,0,0,49,0,49,13,0,59,8,80,34,0,34,114
04/07/2003,MFE,TX,ASW,CE,Federal Contract Tower,16,0,48,30,94,0,0,31,0,31,16,0,79,30,125,2,0,2,127
04/08/2003,MFE,TX,ASW,CE,Federal Contract Tower,16,4,47,48,115,0,0,40,0,40,16,4,87,48,155,30,0,30,185
04/09/2003,MFE,TX,ASW,CE,Federal Contract Tower,18,5,38,24,85,0,0,76,0,76,18,5,114,24,161,16,0,16,177
04/10/2003,MFE,TX,ASW,CE,Federal Contract Tower,19,3,40,40,102,0,0,84,0,84,19,3,124,40,186,8,0,8,194
04/11/2003,MFE,TX,ASW,CE,Federal Contract Tower,18,1,59,14,92,0,0,76,0,76,18,1,135,14,168,10,2,12,180
04/12/2003,MFE,TX,ASW,CE,Federal Contract Tower,16,4,22,0,42,0,0,47,0,47,16,4,69,0,89,60,0,60,149
04/13/2003,MFE,TX,ASW,CE,Federal Contract Tower,20,0,6,3,29,0,0,67,0,67,20,0,73,3,96,32,0,32,128
04/14/2003,MFE,TX,ASW,CE,Federal Contract Tower,19,1,20,34,74,0,0,79,0,79,19,1,99,34,153,6,0,6,159
04/15/2003,MFE,TX,ASW,CE,Federal Contract Tower,16,2,39,26,83,0,0,62,0,62,16,2,101,26,145,32,0,32,177
04/16/2003,MFE,TX,ASW,CE,Federal Contract Tower,16,6,54,50,126,0,0,91,0,91,16,6,145,50,217,44,0,44,261
04/17/2003,MFE,TX,ASW,CE,Federal Contract Tower,17,2,42,40,101,0,0,70,0,70,17,2,112,40,171,92,4,96,267
04/18/2003,MFE,TX,ASW,CE,Federal Contract Tower,16,0,25,10,51,0,0,58,0,58,16,0,83,10,109,118,0,118,227
04/19/2003,MFE,TX,ASW,CE,Federal Contract Tower,17,2,12,2,33,0,0,38,0,38,17,2,50,2,71,30,0,30,101
04/20/2003,MFE,TX,ASW,CE,Federal Contract Tower,19,0,17,0,36,0,0,6,0,6,19,0,23,0,42,0,0,0,42
04/21/2003,MFE,TX,ASW,CE,Federal Contract Tower,18,1,49,22,90,0,0,2,0,2,18,1,51,22,92,0,0,0,92
04/22/2003,MFE,TX,ASW,CE,Federal Contract Tower,16,5,54,24,99,0,0,51,0,51,16,5,105,24,150,26,0,26,176
04/23/2003,MFE,TX,ASW,CE,Federal Contract Tower,14,6,50,36,106,0,0,55,0,55,14,6,105,36,161,44,2,46,207
04/24/2003,MFE,TX,ASW,CE,Federal Contract Tower,17,4,48,32,101,0,0,53,0,53,17,4,101,32,154,26,0,26,180
04/25/2003,MFE,TX,ASW,CE,Federal Contract Tower,17,5,31,19,72,0,0,81,0,81,17,5,112,19,153,24,2,26,179
04/26/2003,MFE,TX,ASW,CE,Federal Contract Tower,16,2,24,2,44,0,0,66,0,66,16,2,90,2,110,40,0,40,150
04/27/2003,MFE,TX,ASW,CE,Federal Contract Tower,16,1,15,0,32,0,0,47,0,47,16,1,62,0,79,28,0,28,107
04/28/2003,MFE,TX,ASW,CE,Federal Contract Tower,18,4,36,60,118,0,0,50,0,50,18,4,86,60,168,20,0,20,188
04/29/2003,MFE,TX,ASW,CE,Federal Contract Tower,17,1,69,62,149,0,0,56,0,56,17,1,125,62,205,6,6,12,217
04/30/2003,MFE,TX,ASW,CE,Federal Contract Tower,16,1,44,40,101,0,0,53,0,53,16,1,97,40,154,8,0,8,162
05/01/2003,MFE,TX,ASW,CE,Federal Contract Tower,17,0,64,36,117,0,0,57,0,57,17,0,121,36,174,90,0,90,264
05/02/2003,MFE,TX,ASW,CE,Federal Contract Tower,18,1,35,14,68,0,0,55,0,55,18,1,90,14,123,112,0,112,235
05/03/2003,MFE,TX,ASW,CE,Federal Contract Tower,16,2,28,4,50,0,0,32,0,32,16,2,60,4,82,20,0,20,102
05/04/2003,MFE,TX,ASW,CE,Federal Contract Tower,17,0,15,6,38,0,0,49,0,49,17,0,64,6,87,14,0,14,101
05/05/2003,MFE,TX,ASW,CE,Federal Contract Tower,17,0,45,42,104,0,0,46,0,46,17,0,91,42,150,40,0,40,190
05/06/2003,MFE,TX,ASW,CE,Federal Contract Tower,16,1,45,16,78,0,0,66,0,66,16,1,111,16,144,108,0,108,252
05/07/2003,MFE,TX,ASW,CE,Federal Contract Tower,18,0,47,14,79,0,0,64,0,64,18,0,111,14,143,40,0,40,183
05/08/2003,MFE,TX,ASW,CE,Federal Contract Tower,20,1,58,18,97,0,0,53,0,53,20,1,111,18,150,56,14,70,220
05/09/2003,MFE,TX,ASW,CE,Federal Contract Tower,18,0,40,21,79,0,0,55,0,55,18,0,95,21,134,40,0,40,174
05/10/2003,MFE,TX,ASW,CE,Federal Contract Tower,16,3,11,0,30,0,0,51,0,51,16,3,62,0,81,44,0,44,125
05/11/2003,MFE,TX,ASW,CE,Federal Contract Tower,18,0,14,0,32,0,0,35,0,35,18,0,49,0,67,58,0,58,125
05/12/2003,MFE,TX,ASW,CE,Federal Contract Tower,18,4,57,33,112,0,0,49,0,49,18,4,106,33,161,44,0,44,205
05/13/2003,MFE,TX,ASW,CE,Federal Contract Tower,15,1,47,20,83,0,0,69,0,69,15,1,116,20,152,102,0,102,254
05/14/2003,MFE,TX,ASW,CE,Federal Contract Tower,21,7,39,50,117,0,0,72,0,72,21,7,111,50,189,2,0,2,191
05/15/2003,MFE,TX,ASW,CE,Federal Contract Tower,19,3,35,22,79,0,0,89,0,89,19,3,124,22,168,38,0,38,206
05/16/2003,MFE,TX,ASW,CE,Federal Contract Tower,18,2,23,16,59,0,0,59,0,59,18,2,82,16,118,28,0,28,146
05/17/2003,MFE,TX,ASW,CE,Federal Contract Tower,18,4,18,2,42,0,0,43,0,43,18,4,61,2,85,82,0,82,167
05/18/2003,MFE,TX,ASW,CE,Federal Contract Tower,20,1,16,2,39,0,0,68,0,68,20,1,84,2,107,32,0,32,139
05/19/2003,MFE,TX,ASW,CE,Federal Contract Tower,18,0,24,48,90,0,0,65,0,65,18,0,89,48,155,44,6,50,205
05/20/2003,MFE,TX,ASW,CE,Federal Contract Tower,18,2,52,30,102,0,0,65,0,65,18,2,117,30,167,46,0,46,213
05/21/2003,MFE,TX,ASW,CE,Federal Contract Tower,18,2,114,56,190,0,0,0,0,0,18,2,114,56,190,4,0,4,194
05/22/2003,MFE,TX,ASW,CE,Federal Contract Tower,18,0,46,30,94,0,0,47,0,47,18,0,93,30,141,39,0,39,180
05/23/2003,MFE,TX,ASW,CE,Federal Contract Tower,18,1,42,17,78,0,0,70,0,70,18,1,112,17,148,26,0,26,174
05/24/2003,MFE,TX,ASW,CE,Federal Contract Tower,15,4,12,0,31,0,0,50,0,50,15,4,62,0,81,112,0,112,193
05/25/2003,MFE,TX,ASW,CE,Federal Contract Tower,14,0,15,0,29,0,0,40,0,40,14,0,55,0,69,24,0,24,93
05/26/2003,MFE,TX,ASW,CE,Federal Contract Tower,15,0,16,2,33,0,0,23,0,23,15,0,39,2,56,28,0,28,84
05/27/2003,MFE,TX,ASW,CE,Federal Contract Tower,17,2,37,42,98,0,0,49,0,49,17,2,86,42,147,64,0,64,211
05/28/2003,MFE,TX,ASW,CE,Federal Contract Tower,18,21,35,36,110,0,0,47,0,47,18,21,82,36,157,40,0,40,197
05/29/2003,MFE,TX,ASW,CE,Federal Contract Tower,20,5,39,66,130,0,0,79,0,79,20,5,118,66,209,56,4,60,269
05/30/2003,MFE,TX,ASW,CE,Federal Contract Tower,18,7,47,16,88,0,0,91,0,91,18,7,138,16,179,46,0,46,225
05/31/2003,MFE,TX,ASW,CE,Federal Contract Tower,15,11,11,0,37,0,0,64,0,64,15,11,75,0,101,70,0,70,171
06/01/2003,MFE,TX,ASW,CE,Federal Contract Tower,18,0,10,12,40,0,0,51,0,51,18,0,61,12,91,82,0,82,173
06/02/2003,MFE,TX,ASW,CE,Federal Contract Tower,18,0,18,62,98,0,0,35,0,35,18,0,53,62,133,20,0,20,153
06/03/2003,MFE,TX,ASW,CE,Federal Contract Tower,17,4,35,62,118,0,0,60,0,60,17,4,95,62,178,96,0,96,274
06/04/2003,MFE,TX,ASW,CE,Federal Contract Tower,18,1,22,72,113,0,0,62,0,62,18,1,84,72,175,68,0,68,243
06/05/2003,MFE,TX,ASW,CE,Federal Contract Tower,17,2,64,2,85,0,0,43,0,43,17,2,107,2,128,64,0,64,192
06/06/2003,MFE,TX,ASW,CE,Federal Contract Tower,17,3,39,16,75,0,0,76,0,76,17,3,115,16,151,112,8,120,271
06/07/2003,MFE,TX,ASW,CE,Federal Contract Tower,17,1,6,0,24,0,0,59,0,59,17,1,65,0,83,70,0,70,153
06/08/2003,MFE,TX,ASW,CE,Federal Contract Tower,19,2,14,2,37,0,0,45,0,45,19,2,59,2,82,72,0,72,154
06/09/2003,MFE,TX,ASW,CE,Federal Contract Tower,18,3,27,46,94,0,0,87,0,87,18,3,114,46,181,36,0,36,217
06/10/2003,MFE,TX,ASW,CE,Federal Contract Tower,19,9,48,22,98,0,0,42,0,42,19,9,90,22,140,34,0,34,174
06/11/2003,MFE,TX,ASW,CE,Federal Contract Tower,18,0,46,66,130,0,0,62,0,62,18,0,108,66,192,14,0,14,206
06/12/2003,MFE,TX,ASW,CE,Federal Contract Tower,13,3,47,49,112,0,0,64,0,64,13,3,111,49,176,36,0,36,212
06/13/2003,MFE,TX,ASW,CE,Federal Contract Tower,17,1,27,68,113,0,0,64,0,64,17,1,91,68,177,40,0,40,217
06/14/2003,MFE,TX,ASW,CE,Federal Contract Tower,17,3,20,0,40,0,0,41,0,41,17,3,61,0,81,22,0,22,103
06/15/2003,MFE,TX,ASW,CE,Federal Contract Tower,17,0,14,4,35,0,0,25,0,25,17,0,39,4,60,12,0,12,72
06/16/2003,MFE,TX,ASW,CE,Federal Contract Tower,16,3,34,72,125,0,0,55,0,55,16,3,89,72,180,34,0,34,214
06/17/2003,MFE,TX,ASW,CE,Federal Contract Tower,16,1,39,42,98,0,0,81,0,81,16,1,120,42,179,54,0,54,233
06/18/2003,MFE,TX,ASW,CE,Federal Contract Tower,19,2,33,58,112,0,0,100,0,100,19,2,133,58,212,68,0,68,280
06/19/2003,MFE,TX,ASW,CE,Federal Contract Tower,16,3,33,46,98,0,0,84,0,84,16,3,117,46,182,134,0,134,316
06/20/2003,MFE,TX,ASW,CE,Federal Contract Tower,17,1,60,30,108,0,0,90,0,90,17,1,150,30,198,94,0,94,292
06/21/2003,MFE,TX,ASW,CE,Federal Contract Tower,16,1,7,0,24,0,0,58,0,58,16,1,65,0,82,64,0,64,146
06/22/2003,MFE,TX,ASW,CE,Federal Contract Tower,17,1,8,8,34,0,0,37,0,37,17,1,45,8,71,68,10,78,149
06/23/2003,MFE,TX,ASW,CE,Federal Contract Tower,15,3,24,42,84,0,0,62,0,62,15,3,86,42,146,52,0,52,198
06/24/2003,MFE,TX,ASW,CE,Federal Contract Tower,17,3,39,76,135,0,0,63,0,63,17,3,102,76,198,40,0,40,238
06/25/2003,MFE,TX,ASW,CE,Federal Contract Tower,21,8,30,48,107,0,0,67,0,67,21,8,97,48,174,52,6,58,232
06/26/2003,MFE,TX,ASW,CE,Federal Contract Tower,16,10,39,42,107,0,0,72,0,72,16,10,111,42,179,52,0,52,231
06/27/2003,MFE,TX,ASW,CE,Federal Contract Tower,16,1,29,10,56,0,0,68,0,68,16,1,97,10,124,170,0,170,294
06/28/2003,MFE,TX,ASW,CE,Federal Contract Tower,16,5,10,0,31,0,0,51,0,51,16,5,61,0,82,116,0,116,198
06/29/2003,MFE,TX,ASW,CE,Federal Contract Tower,16,0,8,0,24,0,0,43,0,43,16,0,51,0,67,30,0,30,97
06/30/2003,MFE,TX,ASW,CE,Federal Contract Tower,15,3,24,80,122,0,0,62,0,62,15,3,86,80,184,72,0,72,256
07/01/2003,MFE,TX,ASW,CE,Federal Contract Tower,16,1,32,52,101,0,0,63,0,63,16,1,95,52,164,160,6,166,330
07/02/2003,MFE,TX,ASW,CE,Federal Contract Tower,16,0,38,48,102,0,0,83,0,83,16,0,121,48,185,92,2,94,279
07/03/2003,MFE,TX,ASW,CE,Federal Contract Tower,18,7,25,4,54,0,0,40,0,40,18,7,65,4,94,102,0,102,196
07/04/2003,MFE,TX,ASW,CE,Federal Contract Tower,14,0,17,0,31,0,0,22,0,22,14,0,39,0,53,2,0,2,55
07/05/2003,MFE,TX,ASW,CE,Federal Contract Tower,15,4,10,0,29,0,0,25,0,25,15,4,35,0,54,34,0,34,88
07/06/2003,MFE,TX,ASW,CE,Federal Contract Tower,13,0,6,0,19,0,0,29,0,29,13,0,35,0,48,10,0,10,58
07/07/2003,MFE,TX,ASW,CE,Federal Contract Tower,17,4,26,59,106,0,0,57,0,57,17,4,83,59,163,78,0,78,241
07/08/2003,MFE,TX,ASW,CE,Federal Contract Tower,16,8,36,0,60,0,0,48,0,48,16,8,84,0,108,84,0,84,192
07/09/2003,MFE,TX,ASW,CE,Federal Contract Tower,16,5,40,32,93,0,0,69,0,69,16,5,109,32,162,126,0,126,288
07/10/2003,MFE,TX,ASW,CE,Federal Contract Tower,17,2,40,30,89,0,0,99,0,99,17,2,139,30,188,122,2,124,312
07/11/2003,MFE,TX,ASW,CE,Federal Contract Tower,15,3,35,0,53,0,0,70,0,70,15,3,105,0,123,94,0,94,217
07/12/2003,MFE,TX,ASW,CE,Federal Contract Tower,16,4,18,0,38,0,0,63,0,63,16,4,81,0,101,100,0,100,201
07/13/2003,MFE,TX,ASW,CE,Federal Contract Tower,16,0,14,0,30,0,0,55,0,55,16,0,69,0,85,62,0,62,147
07/14/2003,MFE,TX,ASW,CE,Federal Contract Tower,16,0,19,8,43,0,0,47,0,47,16,0,66,8,90,114,0,114,204
07/15/2003,MFE,TX,ASW,CE,Federal Contract Tower,15,1,9,0,25,0,0,63,0,63,15,1,72,0,88,114,0,114,202
07/16/2003,MFE,TX,ASW,CE,Federal Contract Tower,15,0,12,0,27,0,0,43,0,43,15,0,55,0,70,96,0,96,166
07/17/2003,MFE,TX,ASW,CE,Federal Contract Tower,17,5,31,8,61,0,0,61,0,61,17,5,92,8,122,60,0,60,182
07/18/2003,MFE,TX,ASW,CE,Federal Contract Tower,15,0,23,36,74,0,0,80,0,80,15,0,103,36,154,70,0,70,224
07/19/2003,MFE,TX,ASW,CE,Federal Contract Tower,17,4,10,0,31,0,0,62,0,62,17,4,72,0,93,94,0,94,187
07/20/2003,MFE,TX,ASW,CE,Federal Contract Tower,17,0,13,0,30,0,0,58,0,58,17,0,71,0,88,30,0,30,118
07/21/2003,MFE,TX,ASW,CE,Federal Contract Tower,15,0,35,32,82,0,0,88,0,88,15,0,123,32,170,132,0,132,302
07/22/2003,MFE,TX,ASW,CE,Federal Contract Tower,15,0,30,44,89,0,0,80,0,80,15,0,110,44,169,96,8,104,273
07/23/2003,MFE,TX,ASW,CE,Federal Contract Tower,17,1,31,82,131,0,0,85,0,85,17,1,116,82,216,24,2,26,242
07/24/2003,MFE,TX,ASW,CE,Federal Contract Tower,14,6,39,52,111,0,0,95,0,95,14,6,134,52,206,144,0,144,350
07/25/2003,MFE,TX,ASW,CE,Federal Contract Tower,16,1,25,12,54,0,0,95,0,95,16,1,120,12,149,84,0,84,233
07/26/2003,MFE,TX,ASW,CE,Federal Contract Tower,16,6,25,6,53,0,0,55,0,55,16,6,80,6,108,56,0,56,164
07/27/2003,MFE,TX,ASW,CE,Federal Contract Tower,16,0,9,2,27,0,0,46,0,46,16,0,55,2,73,56,0,56,129
07/28/2003,MFE,TX,ASW,CE,Federal Contract Tower,17,0,33,38,88,0,0,42,0,42,17,0,75,38,130,20,0,20,150
07/29/2003,MFE,TX,ASW,CE,Federal Contract Tower,15,4,29,50,98,0,0,61,0,61,15,4,90,50,159,104,26,130,289
07/30/2003,MFE,TX,ASW,CE,Federal Contract Tower,18,4,37,80,139,0,0,73,0,73,18,4,110,80,212,66,16,82,294
07/31/2003,MFE,TX,ASW,CE,Federal Contract Tower,18,2,48,38,106,0,0,98,0,98,18,2,146,38,204,82,0,82,286
08/01/2003,MFE,TX,ASW,CE,Federal Contract Tower,16,2,26,41,85,0,0,73,0,73,16,2,99,41,158,104,0,104,262
08/02/2003,MFE,TX,ASW,CE,Federal Contract Tower,15,7,27,5,54,0,0,66,0,66,15,7,93,5,120,28,0,28,148
08/03/2003,MFE,TX,ASW,CE,Federal Contract Tower,16,1,7,0,24,0,0,42,0,42,16,1,49,0,66,2,0,2,68
08/04/2003,MFE,TX,ASW,CE,Federal Contract Tower,16,1,30,64,111,0,0,53,0,53,16,1,83,64,164,66,0,66,230
08/05/2003,MFE,TX,ASW,CE,Federal Contract Tower,14,2,42,72,130,0,0,75,0,75,14,2,117,72,205,70,0,70,275
08/06/2003,MFE,TX,ASW,CE,Federal Contract Tower,17,2,52,70,141,0,0,82,0,82,17,2,134,70,223,48,16,64,287
08/07/2003,MFE,TX,ASW,CE,Federal Contract Tower,17,0,28,28,73,0,0,102,0,102,17,0,130,28,175,50,0,50,225
08/08/2003,MFE,TX,ASW,CE,Federal Contract Tower,16,0,32,15,63,0,0,82,0,82,16,0,114,15,145,42,0,42,187
08/09/2003,MFE,TX,ASW,CE,Federal Contract Tower,16,7,11,0,34,0,0,80,0,80,16,7,91,0,114,20,0,20,134
08/10/2003,MFE,TX,ASW,CE,Federal Contract Tower,16,1,13,0,30,0,0,36,0,36,16,1,49,0,66,30,0,30,96
08/11/2003,MFE,TX,ASW,CE,Federal Contract Tower,18,8,24,80,130,0,0,81,0,81,18,8,105,80,211,54,14,68,279
08/12/2003,MFE,TX,ASW,CE,Federal Contract Tower,13,2,39,50,104,0,0,70,0,70,13,2,109,50,174,86,0,86,260
08/13/2003,MFE,TX,ASW,CE,Federal Contract Tower,18,3,22,24,67,0,0,90,0,90,18,3,112,24,157,50,0,50,207
08/14/2003,MFE,TX,ASW,CE,Federal Contract Tower,16,4,47,18,85,0,0,43,0,43,16,4,90,18,128,32,0,32,160
08/15/2003,MFE,TX,ASW,CE,Federal Contract Tower,15,0,27,0,42,0,0,62,0,62,15,0,89,0,104,78,0,78,182
08/16/2003,MFE,TX,ASW,CE,Federal Contract Tower,14,3,5,0,22,0,0,9,0,9,14,3,14,0,31,20,0,20,51
08/17/2003,MFE,TX,ASW,CE,Federal Contract Tower,22,0,16,0,38,0,0,39,0,39,22,0,55,0,77,14,0,14,91
08/18/2003,MFE,TX,ASW,CE,Federal Contract Tower,18,1,26,30,75,0,0,56,0,56,18,1,82,30,131,40,0,40,171
08/19/2003,MFE,TX,ASW,CE,Federal Contract Tower,16,6,17,60,99,0,0,88,0,88,16,6,105,60,187,118,17,135,322
08/20/2003,MFE,TX,ASW,CE,Federal Contract Tower,15,6,20,20,61,0,0,69,0,69,15,6,89,20,130,58,8,66,196
08/21/2003,MFE,TX,ASW,CE,Federal Contract Tower,16,9,34,46,105,0,0,73,0,73,16,9,107,46,178,114,0,114,292
08/22/2003,MFE,TX,ASW,CE,Federal Contract Tower,18,4,15,14,51,0,0,69,0,69,18,4,84,14,120,62,0,62,182
08/23/2003,MFE,TX,ASW,CE,Federal Contract Tower,16,5,17,4,42,0,0,53,0,53,16,5,70,4,95,118,0,118,213
08/24/2003,MFE,TX,ASW,CE,Federal Contract Tower,17,3,15,8,43,0,0,43,0,43,17,3,58,8,86,80,0,80,166
08/25/2003,MFE,TX,ASW,CE,Federal Contract Tower,18,0,31,40,89,0,0,52,0,52,18,0,83,40,141,72,10,82,223
08/26/2003,MFE,TX,ASW,CE,Federal Contract Tower,12,8,34,76,130,0,0,77,0,77,12,8,111,76,207,70,0,70,277
08/27/2003,MFE,TX,ASW,CE,Federal Contract Tower,14,6,20,58,98,0,0,96,0,96,14,6,116,58,194,116,0,116,310
08/28/2003,MFE,TX,ASW,CE,Federal Contract Tower,32,9,49,30,120,0,0,92,0,92,32,9,141,30,212,114,0,114,326
08/29/2003,MFE,TX,ASW,CE,Federal Contract Tower,15,0,29,12,56,0,0,93,0,93,15,0,122,12,149,180,0,180,329
08/30/2003,MFE,TX,ASW,CE,Federal Contract Tower,16,4,21,3,44,0,0,55,0,55,16,4,76,3,99,70,0,70,169
08/31/2003,MFE,TX,ASW,CE,Federal Contract Tower,14,1,11,2,28,0,0,32,0,32,14,1,43,2,60,38,0,38,98
09/01/2003,MFE,TX,ASW,CE,Federal Contract Tower,14,5,11,3,33,0,0,19,0,19,14,5,30,3,52,0,0,0,52
09/02/2003,MFE,TX,ASW,CE,Federal Contract Tower,17,14,14,71,116,0,0,36,0,36,17,14,50,71,152,44,28,72,224
09/03/2003,MFE,TX,ASW,CE,Federal Contract Tower,14,9,40,40,103,0,0,53,0,53,14,9,93,40,156,102,0,102,258
09/04/2003,MFE,TX,ASW,CE,Federal Contract Tower,17,4,29,12,62,0,0,66,0,66,17,4,95,12,128,128,0,128,256
09/05/2003,MFE,TX,ASW,CE,Federal Contract Tower,18,4,32,10,64,0,0,63,0,63,18,4,95,10,127,60,0,60,187
09/06/2003,MFE,TX,ASW,CE,Federal Contract Tower,15,7,6,8,36,0,0,58,0,58,15,7,64,8,94,24,0,24,118
09/07/2003,MFE,TX,ASW,CE,Federal Contract Tower,15,3,32,8,58,0,0,72,0,72,15,3,104,8,130,66,0,66,196
09/08/2003,MFE,TX,ASW,CE,Federal Contract Tower,16,0,34,30,80,0,0,86,0,86,16,0,120,30,166,40,0,40,206
09/09/2003,MFE,TX,ASW,CE,Federal Contract Tower,13,3,59,32,107,0,0,68,0,68,13,3,127,32,175,84,0,84,259
09/10/2003,MFE,TX,ASW,CE,Federal Contract Tower,14,1,31,38,84,0,0,79,0,79,14,1,110,38,163,50,2,52,215
09/11/2003,MFE,TX,ASW,CE,Federal Contract Tower,14,4,37,56,111,0,0,60,0,60,14,4,97,56,171,38,14,52,223
09/12/2003,MFE,TX,ASW,CE,Federal Contract Tower,16,2,39,5,62,0,0,19,0,19,16,2,58,5,81,40,0,40,121
09/13/2003,MFE,TX,ASW,CE,Federal Contract Tower,16,3,20,1,40,0,0,72,0,72,16,3,92,1,112,66,0,66,178
09/14/2003,MFE,TX,ASW,CE,Federal Contract Tower,16,0,18,2,36,0,0,36,0,36,16,0,54,2,72,54,0,54,126
09/15/2003,MFE,TX,ASW,CE,Federal Contract Tower,18,0,37,14,69,0,0,25,0,25,18,0,62,14,94,0,0,0,94
09/16/2003,MFE,TX,ASW,CE,Federal Contract Tower,13,1,41,30,85,0,0,65,0,65,13,1,106,30,150,52,20,72,222
09/17/2003,MFE,TX,ASW,CE,Federal Contract Tower,14,4,48,14,80,0,0,48,0,48,14,4,96,14,128,38,2,40,168
09/18/2003,MFE,TX,ASW,CE,Federal Contract Tower,16,0,46,28,90,0,0,47,0,47,16,0,93,28,137,18,0,18,155
09/19/2003,MFE,TX,ASW,CE,Federal Contract Tower,16,2,45,0,63,0,0,8,0,8,16,2,53,0,71,0,0,0,71
09/20/2003,MFE,TX,ASW,CE,Federal Contract Tower,16,4,15,0,35,0,0,26,0,26,16,4,41,0,61,26,0,26,87
09/21/2003,MFE,TX,ASW,CE,Federal Contract Tower,16,0,23,0,39,0,0,13,0,13,16,0,36,0,52,0,0,0,52
09/22/2003,MFE,TX,ASW,CE,Federal Contract Tower,17,0,61,40,118,0,0,38,0,38,17,0,99,40,156,12,4,16,172
09/23/2003,MFE,TX,ASW,CE,Federal Contract Tower,14,6,53,90,163,0,0,58,0,58,14,6,111,90,221,40,0,40,261
09/24/2003,MFE,TX,ASW,CE,Federal Contract Tower,16,5,71,24,116,0,0,82,0,82,16,5,153,24,198,80,0,80,278
09/25/2003,MFE,TX,ASW,CE,Federal Contract Tower,18,6,20,48,92,0,0,82,0,82,18,6,102,48,174,86,2,88,262
09/26/2003,MFE,TX,ASW,CE,Federal Contract Tower,17,4,51,10,82,0,0,54,0,54,17,4,105,10,136,56,0,56,192
09/27/2003,MFE,TX,ASW,CE,Federal Contract Tower,15,2,38,0,55,0,0,59,0,59,15,2,97,0,114,186,0,186,300
09/28/2003,MFE,TX,ASW,CE,Federal Contract Tower,21,0,30,0,51,0,0,52,0,52,21,0,82,0,103,102,0,102,205
09/29/2003,MFE,TX,ASW,CE,Federal Contract Tower,16,8,26,32,82,0,0,37,0,37,16,8,63,32,119,0,10,10,129
09/30/2003,MFE,TX,ASW,CE,Federal Contract Tower,14,5,34,2,55,0,0,74,0,74,14,5,108,2,129,68,0,68,197
10/01/2003,MFE,TX,ASW,CE,Federal Contract Tower,16,4,34,24,78,0,0,98,0,98,16,4,132,24,176,48,0,48,224
10/02/2003,MFE,TX,ASW,CE,Federal Contract Tower,19,7,26,32,84,0,0,92,0,92,19,7,118,32,176,16,2,18,194
10/03/2003,MFE,TX,ASW,CE,Federal Contract Tower,16,0,23,16,55,0,0,91,0,91,16,0,114,16,146,102,0,102,248
10/04/2003,MFE,TX,ASW,CE,Federal Contract Tower,16,2,12,4,34,0,0,38,0,38,16,2,50,4,72,0,0,0,72
10/05/2003,MFE,TX,ASW,CE,Federal Contract Tower,18,0,17,4,39,0,0,34,0,34,18,0,51,4,73,64,20,84,157
10/06/2003,MFE,TX,ASW,CE,Federal Contract Tower,17,2,34,54,107,0,0,48,0,48,17,2,82,54,155,10,0,10,165
10/07/2003,MFE,TX,ASW,CE,Federal Contract Tower,14,1,47,31,93,0,0,45,0,45,14,1,92,31,138,44,0,44,182
10/08/2003,MFE,TX,ASW,CE,Federal Contract Tower,15,1,46,20,82,0,0,54,0,54,15,1,100,20,136,10,0,10,146
10/09/2003,MFE,TX,ASW,CE,Federal Contract Tower,18,1,55,58,132,0,0,58,0,58,18,1,113,58,190,58,0,58,248
10/10/2003,MFE,TX,ASW,CE,Federal Contract Tower,18,0,67,11,96,0,0,72,0,72,18,0,139,11,168,116,0,116,284
10/11/2003,MFE,TX,ASW,CE,Federal Contract Tower,16,2,20,0,38,0,0,42,0,42,16,2,62,0,80,0,0,0,80
10/12/2003,MFE,TX,ASW,CE,Federal Contract Tower,14,2,29,0,45,0,0,10,0,10,14,2,39,0,55,46,0,46,101
10/13/2003,MFE,TX,ASW,CE,Federal Contract Tower,17,4,33,4,58,0,0,34,0,34,17,4,67,4,92,6,0,6,98
10/14/2003,MFE,TX,ASW,CE,Federal Contract Tower,14,2,53,30,99,0,0,33,0,33,14,2,86,30,132,42,0,42,174
10/15/2003,MFE,TX,ASW,CE,Federal Contract Tower,14,0,27,30,71,0,0,86,0,86,14,0,113,30,157,24,0,24,181
10/16/2003,MFE,TX,ASW,CE,Federal Contract Tower,19,3,47,32,101,0,0,72,0,72,19,3,119,32,173,88,4,92,265
10/17/2003,MFE,TX,ASW,CE,Federal Contract Tower,19,4,43,14,80,0,0,47,0,47,19,4,90,14,127,16,0,16,143
10/18/2003,MFE,TX,ASW,CE,Federal Contract Tower,17,4,13,8,42,0,0,61,0,61,17,4,74,8,103,46,0,46,149
10/19/2003,MFE,TX,ASW,CE,Federal Contract Tower,17,1,23,10,51,0,0,62,0,62,17,1,85,10,113,20,0,20,133
10/20/2003,MFE,TX,ASW,CE,Federal Contract Tower,16,1,30,39,86,0,0,70,0,70,16,1,100,39,156,30,0,30,186
10/21/2003,MFE,TX,ASW,CE,Federal Contract Tower,16,1,46,24,87,0,0,93,0,93,16,1,139,24,180,122,0,122,302
10/22/2003,MFE,TX,ASW,CE,Federal Contract Tower,14,1,44,62,121,0,0,98,0,98,14,1,142,62,219,70,0,70,289
10/23/2003,MFE,TX,ASW,CE,Federal Contract Tower,19,3,48,32,102,0,0,93,0,93,19,3,141,32,195,54,12,66,261
10/24/2003,MFE,TX,ASW,CE,Federal Contract Tower,18,1,36,14,69,0,0,85,0,85,18,1,121,14,154,24,0,24,178
10/25/2003,MFE,TX,ASW,CE,Federal Contract Tower,16,4,26,6,52,0,0,44,0,44,16,4,70,6,96,38,0,38,134
10/26/2003,MFE,TX,ASW,CE,Federal Contract Tower,15,1,32,1,49,0,0,11,0,11,15,1,43,1,60,0,0,0,60
10/27/2003,MFE,TX,ASW,CE,Federal Contract Tower,16,6,35,12,69,0,0,50,0,50,16,6,85,12,119,4,0,4,123
10/28/2003,MFE,TX,ASW,CE,Federal Contract Tower,14,4,33,32,83,0,0,87,0,87,14,4,120,32,170,52,16,68,238
10/29/2003,MFE,TX,ASW,CE,Federal Contract Tower,15,11,41,34,101,0,0,107,0,107,15,11,148,34,208,42,0,42,250
10/30/2003,MFE,TX,ASW,CE,Federal Contract Tower,18,5,66,36,125,0,0,43,0,43,18,5,109,36,168,20,0,20,188
10/31/2003,MFE,TX,ASW,CE,Federal Contract Tower,15,8,39,23,85,0,0,37,0,37,15,8,76,23,122,10,0,10,132
11/01/2003,MFE,TX,ASW,CE,Federal Contract Tower,16,5,20,0,41,0,0,36,0,36,16,5,56,0,77,50,0,50,127
11/02/2003,MFE,TX,ASW,CE,Federal Contract Tower,17,0,18,12,47,0,0,45,0,45,17,0,63,12,92,72,0,72,164
11/03/2003,MFE,TX,ASW,CE,Federal Contract Tower,18,1,27,23,69,0,0,51,0,51,18,1,78,23,120,0,0,0,120
11/04/2003,MFE,TX,ASW,CE,Federal Contract Tower,17,3,44,50,114,0,0,40,0,40,17,3,84,50,154,36,0,36,190
11/05/2003,MFE,TX,ASW,CE,Federal Contract Tower,17,4,52,36,109,0,0,55,0,55,17,4,107,36,164,0,0,0,164
11/06/2003,MFE,TX,ASW,CE,Federal Contract Tower,20,4,65,52,141,0,0,57,0,57,20,4,122,52,198,30,18,48,246
11/07/2003,MFE,TX,ASW,CE,Federal Contract Tower,19,0,63,16,98,0,0,44,0,44,19,0,107,16,142,50,0,50,192
11/08/2003,MFE,TX,ASW,CE,Federal Contract Tower,18,4,32,0,54,0,0,15,0,15,18,4,47,0,69,28,0,28,97
11/09/2003,MFE,TX,ASW,CE,Federal Contract Tower,18,0,26,3,47,0,0,19,0,19,18,0,45,3,66,102,0,102,168
11/10/2003,MFE,TX,ASW,CE,Federal Contract Tower,18,5,58,17,98,0,0,31,0,31,18,5,89,17,129,0,0,0,129
11/11/2003,MFE,TX,ASW,CE,Federal Contract Tower,16,8,54,2,80,0,0,48,0,48,16,8,102,2,128,20,0,20,148
11/12/2003,MFE,TX,ASW,CE,Federal Contract Tower,16,5,64,32,117,0,0,72,0,72,16,5,136,32,189,36,0,36,225
11/13/2003,MFE,TX,ASW,CE,Federal Contract Tower,18,1,66,20,105,0,0,27,0,27,18,1,93,20,132,20,46,66,198
11/14/2003,MFE,TX,ASW,CE,Federal Contract Tower,18,3,73,24,118,0,0,62,0,62,18,3,135,24,180,76,0,76,256
11/15/2003,MFE,TX,ASW,CE,Federal Contract Tower,16,4,24,4,48,0,0,46,0,46,16,4,70,4,94,32,0,32,126
11/16/2003,MFE,TX,ASW,CE,Federal Contract Tower,18,3,38,2,61,0,0,38,0,38,18,3,76,2,99,32,0,32,131
11/17/2003,MFE,TX,ASW,CE,Federal Contract Tower,18,2,16,54,90,0,0,44,0,44,18,2,60,54,134,74,6,80,214
11/18/2003,MFE,TX,ASW,CE,Federal Contract Tower,16,14,26,14,70,0,0,86,0,86,16,14,112,14,156,86,0,86,242
11/19/2003,MFE,TX,ASW,CE,Federal Contract Tower,17,11,45,36,109,0,0,120,0,120,17,11,165,36,229,58,0,58,287
11/20/2003,MFE,TX,ASW,CE,Federal Contract Tower,17,5,39,38,99,0,0,92,0,92,17,5,131,38,191,60,0,60,251
11/21/2003,MFE,TX,ASW,CE,Federal Contract Tower,18,6,26,4,54,0,0,82,0,82,18,6,108,4,136,22,0,22,158
11/22/2003,MFE,TX,ASW,CE,Federal Contract Tower,15,2,8,4,29,0,0,46,0,46,15,2,54,4,75,0,0,0,75
11/23/2003,MFE,TX,ASW,CE,Federal Contract Tower,18,1,19,12,50,0,0,53,0,53,18,1,72,12,103,20,0,20,123
11/24/2003,MFE,TX,ASW,CE,Federal Contract Tower,12,0,23,26,61,0,0,50,0,50,12,0,73,26,111,18,0,18,129
11/25/2003,MFE,TX,ASW,CE,Federal Contract Tower,22,8,42,56,128,0,0,73,0,73,22,8,115,56,201,20,0,20,221
11/26/2003,MFE,TX,ASW,CE,Federal Contract Tower,18,13,28,36,95,0,0,63,0,63,18,13,91,36,158,64,0,64,222
11/27/2003,MFE,TX,ASW,CE,Federal Contract Tower,13,2,16,0,31,0,0,18,0,18,13,2,34,0,49,10,0,10,59
11/28/2003,MFE,TX,ASW,CE,Federal Contract Tower,15,1,14,0,30,0,0,69,0,69,15,1,83,0,99,22,0,22,121
11/29/2003,MFE,TX,ASW,CE,Federal Contract Tower,16,4,22,0,42,0,0,85,0,85,16,4,107,0,127,18,0,18,145
11/30/2003,MFE,TX,ASW,CE,Federal Contract Tower,18,4,18,0,40,0,0,36,0,36,18,4,54,0,76,28,0,28,104
12/01/2003,MFE,TX,ASW,CE,Federal Contract Tower,18,1,46,30,95,0,0,39,0,39,18,1,85,30,134,80,0,80,214
12/02/2003,MFE,TX,ASW,CE,Federal Contract Tower,18,1,68,46,133,0,0,62,0,62,18,1,130,46,195,108,0,108,303
12/03/2003,MFE,TX,ASW,CE,Federal Contract Tower,19,7,57,66,149,0,0,61,0,61,19,7,118,66,210,34,6,40,250
12/04/2003,MFE,TX,ASW,CE,Federal Contract Tower,18,6,74,22,120,0,0,44,0,44,18,6,118,22,164,40,0,40,204
12/05/2003,MFE,TX,ASW,CE,Federal Contract Tower,18,3,49,22,92,0,0,45,0,45,18,3,94,22,137,38,0,38,175
12/06/2003,MFE,TX,ASW,CE,Federal Contract Tower,16,3,15,2,36,0,0,55,0,55,16,3,70,2,91,16,0,16,107
12/07/2003,MFE,TX,ASW,CE,Federal Contract Tower,18,1,20,0,39,0,0,58,0,58,18,1,78,0,97,40,0,40,137
12/08/2003,MFE,TX,ASW,CE,Federal Contract Tower,17,3,32,56,108,0,0,45,0,45,17,3,77,56,153,0,0,0,153
12/09/2003,MFE,TX,ASW,CE,Federal Contract Tower,14,4,58,32,108,0,0,79,0,79,14,4,137,32,187,104,0,104,291
12/10/2003,MFE,TX,ASW,CE,Federal Contract Tower,16,5,34,16,71,0,0,86,0,86,16,5,120,16,157,2,0,2,159
12/11/2003,MFE,TX,ASW,CE,Federal Contract Tower,19,14,41,34,108,0,0,94,0,94,19,14,135,34,202,4,12,16,218
12/12/2003,MFE,TX,ASW,CE,Federal Contract Tower,17,5,52,20,94,0,0,62,0,62,17,5,114,20,156,12,0,12,168
12/13/2003,MFE,TX,ASW,CE,Federal Contract Tower,16,5,16,0,37,0,0,55,0,55,16,5,71,0,92,54,0,54,146
12/14/2003,MFE,TX,ASW,CE,Federal Contract Tower,18,3,16,0,37,0,0,45,0,45,18,3,61,0,82,30,0,30,112
12/15/2003,MFE,TX,ASW,CE,Federal Contract Tower,18,5,33,32,88,0,0,53,0,53,18,5,86,32,141,34,0,34,175
12/16/2003,MFE,TX,ASW,CE,Federal Contract Tower,17,3,32,32,84,0,0,59,0,59,17,3,91,32,143,56,0,56,199
12/17/2003,MFE,TX,ASW,CE,Federal Contract Tower,18,2,29,30,79,0,0,102,0,102,18,2,131,30,181,46,0,46,227
12/18/2003,MFE,TX,ASW,CE,Federal Contract Tower,19,8,26,14,67,0,0,110,0,110,19,8,136,14,177,40,0,40,217
12/19/2003,MFE,TX,ASW,CE,Federal Contract Tower,18,4,43,20,85,0,0,106,0,106,18,4,149,20,191,36,0,36,227
12/20/2003,MFE,TX,ASW,CE,Federal Contract Tower,18,5,28,7,58,0,0,61,0,61,18,5,89,7,119,0,0,0,119
12/21/2003,MFE,TX,ASW,CE,Federal Contract Tower,18,1,13,7,39,0,0,54,0,54,18,1,67,7,93,18,0,18,111
12/22/2003,MFE,TX,ASW,CE,Federal Contract Tower,18,4,25,16,63,0,0,45,0,45,18,4,70,16,108,16,0,16,124
12/23/2003,MFE,TX,ASW,CE,Federal Contract Tower,18,3,24,20,65,0,0,82,0,82,18,3,106,20,147,34,0,34,181
12/24/2003,MFE,TX,ASW,CE,Federal Contract Tower,16,1,8,0,25,0,0,73,0,73,16,1,81,0,98,20,0,20,118
12/25/2003,MFE,TX,ASW,CE,Federal Contract Tower,16,0,3,0,19,0,0,22,0,22,16,0,25,0,41,0,0,0,41
12/26/2003,MFE,TX,ASW,CE,Federal Contract Tower,17,0,20,0,37,0,0,53,0,53,17,0,73,0,90,46,0,46,136
12/27/2003,MFE,TX,ASW,CE,Federal Contract Tower,18,2,22,0,42,0,0,34,0,34,18,2,56,0,76,34,0,34,110
12/28/2003,MFE,TX,ASW,CE,Federal Contract Tower,18,0,18,0,36,0,0,34,0,34,18,0,52,0,70,40,0,40,110
12/29/2003,MFE,TX,ASW,CE,Federal Contract Tower,18,1,43,8,70,0,0,89,0,89,18,1,132,8,159,28,0,28,187
12/30/2003,MFE,TX,ASW,CE,Federal Contract Tower,18,2,20,14,54,0,0,98,0,98,18,2,118,14,152,42,0,42,194
12/31/2003,MFE,TX,ASW,CE,Federal Contract Tower,18,0,47,2,67,0,0,47,0,47,18,0,94,2,114,52,0,52,166
01/01/2004,MFE,TX,ASW,CE,Federal Contract Tower,16,0,15,0,31,0,0,23,0,23,16,0,38,0,54,30,0,30,84
01/02/2004,MFE,TX,ASW,CE,Federal Contract Tower,18,0,33,6,57,0,0,44,0,44,18,0,77,6,101,30,0,30,131
01/03/2004,MFE,TX,ASW,CE,Federal Contract Tower,18,2,11,0,31,0,0,21,0,21,18,2,32,0,52,32,0,32,84
01/04/2004,MFE,TX,ASW,CE,Federal Contract Tower,19,2,37,0,58,0,0,41,0,41,19,2,78,0,99,0,0,0,99
01/05/2004,MFE,TX,ASW,CE,Federal Contract Tower,18,6,38,2,64,0,0,38,0,38,18,6,76,2,102,56,8,64,166
01/06/2004,MFE,TX,ASW,CE,Federal Contract Tower,18,3,34,26,81,0,0,58,0,58,18,3,92,26,139,60,6,66,205
01/07/2004,MFE,TX,ASW,CE,Federal Contract Tower,22,6,51,28,107,0,0,23,0,23,22,6,74,28,130,10,0,10,140
01/08/2004,MFE,TX,ASW,CE,Federal Contract Tower,20,2,105,22,149,0,0,0,0,0,20,2,105,22,149,0,0,0,149
01/09/2004,MFE,TX,ASW,CE,Federal Contract Tower,22,5,44,18,89,0,0,57,0,57,22,5,101,18,146,30,0,30,176
01/10/2004,MFE,TX,ASW,CE,Federal Contract Tower,14,5,23,10,52,0,0,107,0,107,14,5,130,10,159,20,0,20,179
01/11/2004,MFE,TX,ASW,CE,Federal Contract Tower,21,6,22,2,51,0,0,61,0,61,21,6,83,2,112,40,0,40,152
01/12/2004,MFE,TX,ASW,CE,Federal Contract Tower,18,5,31,32,86,0,0,80,0,80,18,5,111,32,166,116,0,116,282
01/13/2004,MFE,TX,ASW,CE,Federal Contract Tower,19,6,42,28,95,0,0,56,0,56,19,6,98,28,151,20,0,20,171
01/14/2004,MFE,TX,ASW,CE,Federal Contract Tower,16,6,55,40,117,0,0,42,0,42,16,6,97,40,159,6,0,6,165
01/15/2004,MFE,TX,ASW,CE,Federal Contract Tower,18,1,57,50,126,0,0,39,0,39,18,1,96,50,165,10,0,10,175
01/16/2004,MFE,TX,ASW,CE,Federal Contract Tower,19,3,41,4,67,0,0,12,0,12,19,3,53,4,79,0,0,0,79
01/17/2004,MFE,TX,ASW,CE,Federal Contract Tower,16,4,7,0,27,0,0,48,0,48,16,4,55,0,75,72,0,72,147
01/18/2004,MFE,TX,ASW,CE,Federal Contract Tower,18,1,21,4,44,0,0,50,0,50,18,1,71,4,94,24,0,24,118
01/19/2004,MFE,TX,ASW,CE,Federal Contract Tower,18,3,44,0,65,0,0,58,0,58,18,3,102,0,123,34,0,34,157
01/20/2004,MFE,TX,ASW,CE,Federal Contract Tower,16,7,26,20,69,0,0,90,0,90,16,7,116,20,159,54,0,54,213
01/21/2004,MFE,TX,ASW,CE,Federal Contract Tower,16,1,74,36,127,0,0,38,0,38,16,1,112,36,165,50,0,50,215
01/22/2004,MFE,TX,ASW,CE,Federal Contract Tower,19,5,61,24,109,0,0,0,0,0,19,5,61,24,109,0,0,0,109
01/23/2004,MFE,TX,ASW,CE,Federal Contract Tower,17,9,69,12,107,0,0,2,0,2,17,9,71,12,109,0,0,0,109
01/24/2004,MFE,TX,ASW,CE,Federal Contract Tower,16,2,30,2,50,0,0,18,0,18,16,2,48,2,68,26,0,26,94
01/25/2004,MFE,TX,ASW,CE,Federal Contract Tower,18,0,22,2,42,0,0,72,0,72,18,0,94,2,114,74,0,74,188
01/26/2004,MFE,TX,ASW,CE,Federal Contract Tower,20,2,49,34,105,0,0,45,0,45,20,2,94,34,150,50,0,50,200
01/27/2004,MFE,TX,ASW,CE,Federal Contract Tower,16,2,30,38,86,0,0,86,0,86,16,2,116,38,172,20,0,20,192
01/28/2004,MFE,TX,ASW,CE,Federal Contract Tower,17,6,45,28,96,0,0,62,0,62,17,6,107,28,158,6,0,6,164
01/29/2004,MFE,TX,ASW,CE,Federal Contract Tower,18,4,46,34,102,0,0,41,0,41,18,4,87,34,143,8,0,8,151
01/30/2004,MFE,TX,ASW,CE,Federal Contract Tower,18,10,69,8,105,0,0,30,0,30,18,10,99,8,135,28,0,28,163
01/31/2004,MFE,TX,ASW,CE,Federal Contract Tower,18,2,24,4,48,0,0,47,0,47,18,2,71,4,95,60,0,60,155
02/01/2004,MFE,TX,ASW,CE,Federal Contract Tower,18,1,24,10,53,0,0,39,0,39,18,1,63,10,92,22,0,22,114
02/02/2004,MFE,TX,ASW,CE,Federal Contract Tower,18,1,47,24,90,0,0,56,0,56,18,1,103,24,146,30,0,30,176
02/03/2004,MFE,TX,ASW,CE,Federal Contract Tower,16,4,33,34,87,0,0,65,0,65,16,4,98,34,152,52,0,52,204
02/04/2004,MFE,TX,ASW,CE,Federal Contract Tower,15,1,50,38,104,0,0,42,0,42,15,1,92,38,146,24,0,24,170
02/05/2004,MFE,TX,ASW,CE,Federal Contract Tower,18,4,58,50,130,0,0,97,0,97,18,4,155,50,227,52,0,52,279
02/06/2004,MFE,TX,ASW,CE,Federal Contract Tower,18,2,29,12,61,0,0,74,0,74,18,2,103,12,135,40,0,40,175
02/07/2004,MFE,TX,ASW,CE,Federal Contract Tower,17,3,13,3,36,0,0,60,0,60,17,3,73,3,96,2,0,2,98
02/08/2004,MFE,TX,ASW,CE,Federal Contract Tower,17,0,10,0,27,0,0,47,0,47,17,0,57,0,74,40,0,40,114
02/09/2004,MFE,TX,ASW,CE,Federal Contract Tower,18,1,43,30,92,0,0,44,0,44,18,1,87,30,136,28,0,28,164
02/10/2004,MFE,TX,ASW,CE,Federal Contract Tower,16,8,41,0,65,0,0,29,0,29,16,8,70,0,94,0,0,0,94
02/11/2004,MFE,TX,ASW,CE,Federal Contract Tower,18,11,81,36,146,0,0,12,0,12,18,11,93,36,158,22,0,22,180
02/12/2004,MFE,TX,ASW,CE,Federal Contract Tower,19,3,48,40,110,0,0,55,0,55,19,3,103,40,165,0,0,0,165
02/13/2004,MFE,TX,ASW,CE,Federal Contract Tower,18,15,46,6,85,0,0,0,0,0,18,15,46,6,85,0,0,0,85
02/14/2004,MFE,TX,ASW,CE,Federal Contract Tower,16,6,15,0,37,0,0,54,0,54,16,6,69,0,91,38,0,38,129
02/15/2004,MFE,TX,ASW,CE,Federal Contract Tower,17,3,22,0,42,0,0,56,0,56,17,3,78,0,98,34,0,34,132
02/16/2004,MFE,TX,ASW,CE,Federal Contract Tower,18,0,25,0,43,0,0,61,0,61,18,0,86,0,104,102,0,102,206
02/17/2004,MFE,TX,ASW,CE,Federal Contract Tower,20,2,29,16,67,0,0,91,0,91,20,2,120,16,158,42,0,42,200
02/18/2004,MFE,TX,ASW,CE,Federal Contract Tower,17,1,56,48,122,0,0,97,0,97,17,1,153,48,219,78,0,78,297
02/19/2004,MFE,TX,ASW,CE,Federal Contract Tower,18,6,35,30,89,0,0,91,0,91,18,6,126,30,180,12,0,12,192
02/20/2004,MFE,TX,ASW,CE,Federal Contract Tower,21,0,47,20,88,0,0,100,0,100,21,0,147,20,188,64,0,64,252
02/21/2004,MFE,TX,ASW,CE,Federal Contract Tower,16,1,15,8,40,0,0,58,0,58,16,1,73,8,98,56,0,56,154
02/22/2004,MFE,TX,ASW,CE,Federal Contract Tower,18,0,17,4,39,0,0,37,0,37,18,0,54,4,76,0,0,0,76
02/23/2004,MFE,TX,ASW,CE,Federal Contract Tower,18,11,38,46,113,0,0,35,0,35,18,11,73,46,148,14,0,14,162
02/24/2004,MFE,TX,ASW,CE,Federal Contract Tower,17,5,70,24,116,0,0,47,0,47,17,5,117,24,163,16,0,16,179
02/25/2004,MFE,TX,ASW,CE,Federal Contract Tower,18,6,42,20,86,0,0,57,0,57,18,6,99,20,143,14,0,14,157
02/26/2004,MFE,TX,ASW,CE,Federal Contract Tower,18,6,38,28,90,0,0,94,0,94,18,6,132,28,184,16,0,16,200
02/27/2004,MFE,TX,ASW,CE,Federal Contract Tower,18,4,37,6,65,0,0,95,0,95,18,4,132,6,160,90,0,90,250
02/28/2004,MFE,TX,ASW,CE,Federal Contract Tower,16,2,24,0,42,0,0,31,0,31,16,2,55,0,73,0,0,0,73
02/29/2004,MFE,TX,ASW,CE,Federal Contract Tower,18,0,14,0,32,0,0,48,0,48,18,0,62,0,80,78,0,78,158
03/01/2004,MFE,TX,ASW,CE,Federal Contract Tower,17,0,55,2,74,0,0,32,0,32,17,0,87,2,106,18,0,18,124
03/02/2004,MFE,TX,ASW,CE,Federal Contract Tower,16,5,54,12,87,0,0,46,0,46,16,5,100,12,133,16,28,44,177
03/03/2004,MFE,TX,ASW,CE,Federal Contract Tower,18,6,63,16,103,0,0,42,0,42,18,6,105,16,145,88,0,88,233
03/04/2004,MFE,TX,ASW,CE,Federal Contract Tower,15,4,59,16,94,0,0,35,0,35,15,4,94,16,129,0,0,0,129
03/05/2004,MFE,TX,ASW,CE,Federal Contract Tower,17,2,66,14,99,0,0,70,0,70,17,2,136,14,169,58,0,58,227
03/06/2004,MFE,TX,ASW,CE,Federal Contract Tower,16,4,13,12,45,0,0,82,0,82,16,4,95,12,127,46,0,46,173
03/07/2004,MFE,TX,ASW,CE,Federal Contract Tower,18,2,21,2,43,0,0,52,0,52,18,2,73,2,95,54,0,54,149
03/08/2004,MFE,TX,ASW,CE,Federal Contract Tower,18,4,60,11,93,0,0,42,21,63,18,4,102,32,156,108,0,108,264
03/09/2004,MFE,TX,ASW,CE,Federal Contract Tower,16,6,42,8,72,0,0,94,0,94,16,6,136,8,166,108,0,108,274
03/10/2004,MFE,TX,ASW,CE,Federal Contract Tower,18,8,47,24,97,0,0,82,0,82,18,8,129,24,179,128,0,128,307
03/11/2004,MFE,TX,ASW,CE,Federal Contract Tower,18,6,42,14,80,0,0,48,0,48,18,6,90,14,128,32,0,32,160
03/12/2004,MFE,TX,ASW,CE,Federal Contract Tower,19,2,39,2,62,0,0,56,0,56,19,2,95,2,118,82,0,82,200
03/13/2004,MFE,TX,ASW,CE,Federal Contract Tower,19,4,21,0,44,0,0,22,0,22,19,4,43,0,66,18,0,18,84
03/14/2004,MFE,TX,ASW,CE,Federal Contract Tower,20,1,31,0,52,0,0,14,0,14,20,1,45,0,66,0,0,0,66
03/15/2004,MFE,TX,ASW,CE,Federal Contract Tower,18,7,32,2,59,0,0,14,0,14,18,7,46,2,73,6,0,6,79
03/16/2004,MFE,TX,ASW,CE,Federal Contract Tower,18,3,35,46,102,0,0,55,0,55,18,3,90,46,157,18,0,18,175
03/17/2004,MFE,TX,ASW,CE,Federal Contract Tower,18,6,64,24,112,0,0,79,0,79,18,6,143,24,191,60,0,60,251
03/18/2004,MFE,TX,ASW,CE,Federal Contract Tower,18,8,47,30,103,0,0,53,0,53,18,8,100,30,156,46,0,46,202
03/19/2004,MFE,TX,ASW,CE,Federal Contract Tower,19,6,47,18,90,0,0,39,0,39,19,6,86,18,129,34,0,34,163
03/20/2004,MFE,TX,ASW,CE,Federal Contract Tower,17,4,28,14,63,0,0,32,0,32,17,4,60,14,95,18,0,18,113
03/21/2004,MFE,TX,ASW,CE,Federal Contract Tower,18,0,31,4,53,0,0,37,0,37,18,0,68,4,90,20,0,20,110
03/22/2004,MFE,TX,ASW,CE,Federal Contract Tower,19,4,50,38,111,0,0,52,0,52,19,4,102,38,163,64,0,64,227
03/23/2004,MFE,TX,ASW,CE,Federal Contract Tower,18,7,43,40,108,0,0,45,0,45,18,7,88,40,153,14,0,14,167
03/24/2004,MFE,TX,ASW,CE,Federal Contract Tower,20,5,40,38,103,0,0,65,0,65,20,5,105,38,168,86,0,86,254
03/25/2004,MFE,TX,ASW,CE,Federal Contract Tower,18,13,54,50,135,0,0,46,0,46,18,13,100,50,181,28,0,28,209
03/26/2004,MFE,TX,ASW,CE,Federal Contract Tower,18,7,47,12,84,0,0,48,0,48,18,7,95,12,132,46,0,46,178
03/27/2004,MFE,TX,ASW,CE,Federal Contract Tower,19,4,12,23,58,0,0,47,0,47,19,4,59,23,105,32,0,32,137
03/28/2004,MFE,TX,ASW,CE,Federal Contract Tower,18,9,20,8,55,0,0,42,0,42,18,9,62,8,97,70,0,70,167
03/29/2004,MFE,TX,ASW,CE,Federal Contract Tower,20,8,60,16,104,0,0,24,0,24,20,8,84,16,128,88,0,88,216
03/30/2004,MFE,TX,ASW,CE,Federal Contract Tower,18,13,44,36,111,0,0,93,0,93,18,13,137,36,204,86,0,86,290
03/31/2004,MFE,TX,ASW,CE,Federal Contract Tower,19,5,52,48,124,0,0,103,0,103,19,5,155,48,227,30,0,30,257
04/01/2004,MFE,TX,ASW,CE,Federal Contract Tower,18,11,45,30,104,0,0,65,0,65,18,11,110,30,169,102,0,102,271
04/02/2004,MFE,TX,ASW,CE,Federal Contract Tower,20,9,62,38,129,0,0,54,0,54,20,9,116,38,183,92,0,92,275
04/03/2004,MFE,TX,ASW,CE,Federal Contract Tower,18,6,24,0,48,0,0,27,0,27,18,6,51,0,75,32,0,32,107
04/04/2004,MFE,TX,ASW,CE,Federal Contract Tower,20,0,18,0,38,0,0,35,0,35,20,0,53,0,73,26,0,26,99
04/05/2004,MFE,TX,ASW,CE,Federal Contract Tower,20,3,47,32,102,0,0,33,0,33,20,3,80,32,135,26,0,26,161
04/06/2004,MFE,TX,ASW,CE,Federal Contract Tower,16,7,43,42,108,0,0,35,0,35,16,7,78,42,143,12,0,12,155
04/07/2004,MFE,TX,ASW,CE,Federal Contract Tower,19,9,60,48,136,0,0,57,0,57,19,9,117,48,193,32,2,34,227
04/08/2004,MFE,TX,ASW,CE,Federal Contract Tower,19,7,41,36,103,0,0,44,0,44,19,7,85,36,147,38,0,38,185
04/09/2004,MFE,TX,ASW,CE,Federal Contract Tower,17,9,37,0,63,0,0,40,0,40,17,9,77,0,103,66,0,66,169
04/10/2004,MFE,TX,ASW,CE,Federal Contract Tower,17,7,14,0,38,0,0,22,0,22,17,7,36,0,60,24,0,24,84
04/11/2004,MFE,TX,ASW,CE,Federal Contract Tower,18,5,23,2,48,0,0,12,0,12,18,5,35,2,60,6,0,6,66
04/12/2004,MFE,TX,ASW,CE,Federal Contract Tower,20,6,27,48,101,0,0,41,0,41,20,6,68,48,142,0,0,0,142
04/13/2004,MFE,TX,ASW,CE,Federal Contract Tower,18,7,27,34,86,0,0,96,0,96,18,7,123,34,182,24,0,24,206
04/14/2004,MFE,TX,ASW,CE,Federal Contract Tower,19,4,54,50,127,0,0,82,0,82,19,4,136,50,209,94,0,94,303
04/15/2004,MFE,TX,ASW,CE,Federal Contract Tower,19,10,51,46,126,0,0,70,0,70,19,10,121,46,196,40,0,40,236
04/16/2004,MFE,TX,ASW,CE,Federal Contract Tower,20,7,46,0,73,0,0,55,0,55,20,7,101,0,128,16,0,16,144
04/17/2004,MFE,TX,ASW,CE,Federal Contract Tower,17,11,35,2,65,0,0,29,0,29,17,11,64,2,94,26,0,26,120
04/18/2004,MFE,TX,ASW,CE,Federal Contract Tower,18,5,23,0,46,0,0,38,0,38,18,5,61,0,84,0,0,0,84
04/19/2004,MFE,TX,ASW,CE,Federal Contract Tower,21,5,46,14,86,0,0,55,0,55,21,5,101,14,141,20,0,20,161
04/20/2004,MFE,TX,ASW,CE,Federal Contract Tower,19,7,38,26,90,0,0,73,0,73,19,7,111,26,163,18,0,18,181
04/21/2004,MFE,TX,ASW,CE,Federal Contract Tower,18,8,41,36,103,0,0,69,0,69,18,8,110,36,172,32,0,32,204
04/22/2004,MFE,TX,ASW,CE,Federal Contract Tower,18,13,57,28,116,0,0,55,0,55,18,13,112,28,171,8,0,8,179
04/23/2004,MFE,TX,ASW,CE,Federal Contract Tower,20,3,50,16,89,0,0,38,0,38,20,3,88,16,127,24,0,24,151
04/24/2004,MFE,TX,ASW,CE,Federal Contract Tower,19,8,16,2,45,0,0,19,0,19,19,8,35,2,64,0,0,0,64
04/25/2004,MFE,TX,ASW,CE,Federal Contract Tower,21,4,21,0,46,0,0,18,0,18,21,4,39,0,64,24,0,24,88
04/26/2004,MFE,TX,ASW,CE,Federal Contract Tower,20,10,40,8,78,0,0,17,0,17,20,10,57,8,95,14,0,14,109
04/27/2004,MFE,TX,ASW,CE,Federal Contract Tower,19,11,37,40,107,0,0,67,0,67,19,11,104,40,174,16,0,16,190
04/28/2004,MFE,TX,ASW,CE,Federal Contract Tower,20,7,35,16,78,0,0,65,0,65,20,7,100,16,143,18,0,18,161
04/29/2004,MFE,TX,ASW,CE,Federal Contract Tower,20,9,34,36,99,0,0,69,0,69,20,9,103,36,168,0,0,0,168
04/30/2004,MFE,TX,ASW,CE,Federal Contract Tower,19,9,45,10,83,0,0,53,0,53,19,9,98,10,136,6,0,6,142
05/01/2004,MFE,TX,ASW,CE,Federal Contract Tower,15,10,8,0,33,0,0,11,0,11,15,10,19,0,44,8,0,8,52
05/02/2004,MFE,TX,ASW,CE,Federal Contract Tower,19,9,19,0,47,0,0,47,0,47,19,9,66,0,94,0,0,0,94
05/03/2004,MFE,TX,ASW,CE,Federal Contract Tower,21,13,24,24,82,0,0,67,0,67,21,13,91,24,149,80,0,80,229
05/04/2004,MFE,TX,ASW,CE,Federal Contract Tower,16,19,30,26,91,0,0,93,0,93,16,19,123,26,184,8,0,8,192
05/05/2004,MFE,TX,ASW,CE,Federal Contract Tower,18,19,45,12,94,0,0,70,0,70,18,19,115,12,164,78,0,78,242
05/06/2004,MFE,TX,ASW,CE,Federal Contract Tower,17,19,44,7,87,0,0,63,0,63,17,19,107,7,150,6,0,6,156
05/07/2004,MFE,TX,ASW,CE,Federal Contract Tower,18,17,37,3,75,0,0,35,0,35,18,17,72,3,110,8,0,8,118
05/08/2004,MFE,TX,ASW,CE,Federal Contract Tower,14,13,26,0,53,0,0,26,0,26,14,13,52,0,79,0,0,0,79
05/09/2004,MFE,TX,ASW,CE,Federal Contract Tower,16,10,25,0,51,0,0,28,0,28,16,10,53,0,79,0,0,0,79
05/10/2004,MFE,TX,ASW,CE,Federal Contract Tower,16,14,33,42,105,0,0,29,0,29,16,14,62,42,134,0,10,10,144
05/11/2004,MFE,TX,ASW,CE,Federal Contract Tower,15,22,33,24,94,0,0,40,0,40,15,22,73,24,134,0,0,0,134
05/12/2004,MFE,TX,ASW,CE,Federal Contract Tower,15,14,64,20,113,0,0,53,0,53,15,14,117,20,166,48,0,48,214
05/13/2004,MFE,TX,ASW,CE,Federal Contract Tower,15,16,46,60,137,0,0,22,0,22,15,16,68,60,159,36,12,48,207
05/14/2004,MFE,TX,ASW,CE,Federal Contract Tower,18,9,46,8,81,0,0,34,0,34,18,9,80,8,115,52,0,52,167
05/15/2004,MFE,TX,ASW,CE,Federal Contract Tower,15,13,13,4,45,0,0,43,0,43,15,13,56,4,88,0,0,0,88
05/16/2004,MFE,TX,ASW,CE,Federal Contract Tower,18,7,15,0,40,0,0,35,0,35,18,7,50,0,75,12,0,12,87
05/17/2004,MFE,TX,ASW,CE,Federal Contract Tower,20,10,30,40,100,0,0,56,0,56,20,10,86,40,156,40,0,40,196
05/18/2004,MFE,TX,ASW,CE,Federal Contract Tower,15,17,48,18,98,0,0,79,0,79,15,17,127,18,177,48,0,48,225
05/19/2004,MFE,TX,ASW,CE,Federal Contract Tower,17,13,36,28,94,0,0,79,0,79,17,13,115,28,173,0,0,0,173
05/20/2004,MFE,TX,ASW,CE,Federal Contract Tower,19,19,51,10,99,0,0,75,0,75,19,19,126,10,174,0,0,0,174
05/21/2004,MFE,TX,ASW,CE,Federal Contract Tower,15,18,33,0,66,0,0,70,0,70,15,18,103,0,136,56,0,56,192
05/22/2004,MFE,TX,ASW,CE,Federal Contract Tower,15,16,10,0,41,0,0,61,0,61,15,16,71,0,102,0,0,0,102
05/23/2004,MFE,TX,ASW,CE,Federal Contract Tower,16,10,5,2,33,0,0,31,0,31,16,10,36,2,64,18,0,18,82
05/24/2004,MFE,TX,ASW,CE,Federal Contract Tower,16,12,31,24,83,0,0,43,0,43,16,12,74,24,126,32,0,32,158
05/25/2004,MFE,TX,ASW,CE,Federal Contract Tower,14,15,58,12,99,0,0,99,0,99,14,15,157,12,198,28,0,28,226
05/26/2004,MFE,TX,ASW,CE,Federal Contract Tower,16,10,58,42,126,0,0,81,0,81,16,10,139,42,207,82,0,82,289
05/27/2004,MFE,TX,ASW,CE,Federal Contract Tower,16,14,54,18,102,0,0,71,0,71,16,14,125,18,173,12,0,12,185
05/28/2004,MFE,TX,ASW,CE,Federal Contract Tower,16,17,30,10,73,0,0,77,0,77,16,17,107,10,150,40,0,40,190
05/29/2004,MFE,TX,ASW,CE,Federal Contract Tower,16,10,20,6,52,0,0,32,0,32,16,10,52,6,84,16,0,16,100
05/30/2004,MFE,TX,ASW,CE,Federal Contract Tower,14,7,5,2,28,0,0,28,0,28,14,7,33,2,56,44,0,44,100
05/31/2004,MFE,TX,ASW,CE,Federal Contract Tower,17,11,8,0,36,0,0,53,0,53,17,11,61,0,89,20,0,20,109
06/01/2004,MFE,TX,ASW,CE,Federal Contract Tower,14,17,43,18,92,0,0,79,0,79,14,17,122,18,171,0,0,0,171
06/02/2004,MFE,TX,ASW,CE,Federal Contract Tower,11,17,51,24,103,0,0,55,32,87,11,17,106,56,190,10,0,10,200
06/03/2004,MFE,TX,ASW,CE,Federal Contract Tower,18,11,43,21,93,0,0,91,9,100,18,11,134,30,193,68,0,68,261
06/04/2004,MFE,TX,ASW,CE,Federal Contract Tower,13,11,26,4,54,3,3,48,0,54,16,14,74,4,108,32,0,32,140
06/05/2004,MFE,TX,ASW,CE,Federal Contract Tower,7,6,14,0,27,6,6,44,0,56,13,12,58,0,83,16,0,16,99
06/06/2004,MFE,TX,ASW,CE,Federal Contract Tower,9,8,19,2,38,7,3,45,0,55,16,11,64,2,93,0,0,0,93
06/07/2004,MFE,TX,ASW,CE,Federal Contract Tower,15,17,47,23,102,0,0,48,15,63,15,17,95,38,165,74,0,74,239
06/08/2004,MFE,TX,ASW,CE,Federal Contract Tower,13,9,42,20,84,0,0,69,6,75,13,9,111,26,159,76,0,76,235
06/09/2004,MFE,TX,ASW,CE,Federal Contract Tower,14,13,31,15,73,0,1,43,3,47,14,14,74,18,120,68,0,68,188
06/10/2004,MFE,TX,ASW,CE,Federal Contract Tower,14,13,33,12,72,3,0,66,0,69,17,13,99,12,141,28,0,28,169
06/11/2004,MFE,TX,ASW,CE,Federal Contract Tower,16,9,36,0,61,1,0,84,0,85,17,9,120,0,146,46,0,46,192
06/12/2004,MFE,TX,ASW,CE,Federal Contract Tower,8,8,18,0,34,6,7,46,0,59,14,15,64,0,93,48,0,48,141
06/13/2004,MFE,TX,ASW,CE,Federal Contract Tower,9,9,20,2,40,9,4,43,0,56,18,13,63,2,96,30,0,30,126
06/14/2004,MFE,TX,ASW,CE,Federal Contract Tower,16,17,39,17,89,0,2,62,3,67,16,19,101,20,156,94,0,94,250
06/15/2004,MFE,TX,ASW,CE,Federal Contract Tower,15,15,36,16,82,0,2,55,0,57,15,17,91,16,139,72,0,72,211
06/16/2004,MFE,TX,ASW,CE,Federal Contract Tower,17,19,58,26,120,0,0,81,12,93,17,19,139,38,213,76,0,76,289
06/17/2004,MFE,TX,ASW,CE,Federal Contract Tower,16,16,36,16,84,0,4,93,4,101,16,20,129,20,185,62,0,62,247
06/18/2004,MFE,TX,ASW,CE,Federal Contract Tower,15,15,36,8,74,1,5,73,0,79,16,20,109,8,153,68,0,68,221
06/19/2004,MFE,TX,ASW,CE,Federal Contract Tower,7,8,17,0,32,10,4,51,0,65,17,12,68,0,97,20,0,20,117
06/20/2004,MFE,TX,ASW,CE,Federal Contract Tower,6,7,15,0,28,10,1,58,0,69,16,8,73,0,97,28,0,28,125
06/21/2004,MFE,TX,ASW,CE,Federal Contract Tower,15,16,38,12,81,0,0,58,0,58,15,16,96,12,139,38,0,38,177
06/22/2004,MFE,TX,ASW,CE,Federal Contract Tower,15,14,33,4,66,3,3,32,0,38,18,17,65,4,104,28,0,28,132
06/23/2004,MFE,TX,ASW,CE,Federal Contract Tower,13,18,43,19,93,0,2,76,1,79,13,20,119,20,172,22,0,22,194
06/24/2004,MFE,TX,ASW,CE,Federal Contract Tower,15,19,50,24,108,0,0,95,4,99,15,19,145,28,207,66,0,66,273
06/25/2004,MFE,TX,ASW,CE,Federal Contract Tower,14,13,33,7,67,0,2,65,0,67,14,15,98,7,134,80,0,80,214
06/26/2004,MFE,TX,ASW,CE,Federal Contract Tower,7,6,16,1,30,7,6,34,0,47,14,12,50,1,77,14,0,14,91
06/27/2004,MFE,TX,ASW,CE,Federal Contract Tower,11,10,27,0,48,5,0,35,0,40,16,10,62,0,88,28,0,28,116
06/28/2004,MFE,TX,ASW,CE,Federal Contract Tower,16,14,41,19,90,0,0,44,13,57,16,14,85,32,147,36,0,36,183
06/29/2004,MFE,TX,ASW,CE,Federal Contract Tower,15,18,47,23,103,0,0,41,21,62,15,18,88,44,165,58,0,58,223
06/30/2004,MFE,TX,ASW,CE,Federal Contract Tower,14,8,37,17,76,0,0,50,17,67,14,8,87,34,143,56,0,56,199
07/01/2004,MFE,TX,ASW,CE,Federal Contract Tower,15,11,50,28,104,0,0,84,6,90,15,11,134,34,194,56,2,58,252
07/02/2004,MFE,TX,ASW,CE,Federal Contract Tower,13,9,24,0,46,2,1,57,0,60,15,10,81,0,106,54,0,54,160
07/03/2004,MFE,TX,ASW,CE,Federal Contract Tower,9,6,16,0,31,5,8,39,0,52,14,14,55,0,83,40,0,40,123
07/04/2004,MFE,TX,ASW,CE,Federal Contract Tower,7,4,11,0,22,9,3,31,0,43,16,7,42,0,65,0,0,0,65
07/05/2004,MFE,TX,ASW,CE,Federal Contract Tower,9,5,15,0,29,7,6,33,0,46,16,11,48,0,75,70,0,70,145
07/06/2004,MFE,TX,ASW,CE,Federal Contract Tower,17,12,33,14,76,0,0,73,0,73,17,12,106,14,149,124,0,124,273
07/07/2004,MFE,TX,ASW,CE,Federal Contract Tower,15,8,39,22,84,0,0,57,26,83,15,8,96,48,167,62,0,62,229
07/08/2004,MFE,TX,ASW,CE,Federal Contract Tower,16,12,31,17,76,0,2,88,7,97,16,14,119,24,173,66,10,76,249
07/09/2004,MFE,TX,ASW,CE,Federal Contract Tower,16,10,35,19,80,0,0,79,5,84,16,10,114,24,164,78,0,78,242
07/10/2004,MFE,TX,ASW,CE,Federal Contract Tower,7,6,13,0,26,6,4,48,0,58,13,10,61,0,84,42,0,42,126
07/11/2004,MFE,TX,ASW,CE,Federal Contract Tower,8,7,17,0,32,8,1,45,0,54,16,8,62,0,86,56,0,56,142
07/12/2004,MFE,TX,ASW,CE,Federal Contract Tower,13,9,26,15,63,5,0,38,1,44,18,9,64,16,107,52,0,52,159
07/13/2004,MFE,TX,ASW,CE,Federal Contract Tower,13,9,32,10,64,0,0,106,0,106,13,9,138,10,170,140,0,140,310
07/14/2004,MFE,TX,ASW,CE,Federal Contract Tower,14,7,39,22,82,0,0,114,0,114,14,7,153,22,196,50,0,50,246
07/15/2004,MFE,TX,ASW,CE,Federal Contract Tower,16,11,37,21,85,0,0,97,9,106,16,11,134,30,191,40,0,40,231
07/16/2004,MFE,TX,ASW,CE,Federal Contract Tower,13,8,27,12,60,3,0,91,0,94,16,8,118,12,154,52,0,52,206
07/17/2004,MFE,TX,ASW,CE,Federal Contract Tower,6,5,13,0,24,8,6,37,0,51,14,11,50,0,75,50,0,50,125
07/18/2004,MFE,TX,ASW,CE,Federal Contract Tower,12,9,23,0,44,4,1,36,0,41,16,10,59,0,85,0,0,0,85
07/19/2004,MFE,TX,ASW,CE,Federal Contract Tower,12,9,23,12,56,2,2,66,4,74,14,11,89,16,130,18,0,18,148
07/20/2004,MFE,TX,ASW,CE,Federal Contract Tower,11,10,26,8,55,0,7,73,0,80,11,17,99,8,135,32,0,32,167
07/21/2004,MFE,TX,ASW,CE,Federal Contract Tower,14,10,40,21,85,0,0,105,9,114,14,10,145,30,199,4,0,4,203
07/22/2004,MFE,TX,ASW,CE,Federal Contract Tower,16,14,47,25,102,0,0,87,3,90,16,14,134,28,192,42,0,42,234
07/23/2004,MFE,TX,ASW,CE,Federal Contract Tower,14,10,29,4,57,0,0,86,0,86,14,10,115,4,143,12,0,12,155
07/24/2004,MFE,TX,ASW,CE,Federal Contract Tower,10,6,18,0,34,6,4,59,0,69,16,10,77,0,103,44,0,44,147
07/25/2004,MFE,TX,ASW,CE,Federal Contract Tower,8,6,16,0,30,8,2,31,0,41,16,8,47,0,71,12,0,12,83
07/26/2004,MFE,TX,ASW,CE,Federal Contract Tower,16,12,39,21,88,0,0,58,2,60,16,12,97,23,148,14,0,14,162
07/27/2004,MFE,TX,ASW,CE,Federal Contract Tower,14,11,30,16,71,0,5,66,2,73,14,16,96,18,144,40,0,40,184
07/28/2004,MFE,TX,ASW,CE,Federal Contract Tower,11,14,37,20,82,0,0,69,10,79,11,14,106,30,161,16,10,26,187
07/29/2004,MFE,TX,ASW,CE,Federal Contract Tower,14,14,47,26,101,0,0,83,30,113,14,14,130,56,214,18,0,18,232
07/30/2004,MFE,TX,ASW,CE,Federal Contract Tower,15,11,30,16,72,1,1,77,2,81,16,12,107,18,153,24,0,24,177
07/31/2004,MFE,TX,ASW,CE,Federal Contract Tower,12,9,24,4,49,2,4,55,0,61,14,13,79,4,110,22,0,22,132
08/01/2004,MFE,TX,ASW,CE,Federal Contract Tower,1,7,15,6,29,0,1,33,0,34,1,8,48,6,63,100,0,100,163
08/02/2004,MFE,TX,ASW,CE,Federal Contract Tower,12,10,20,14,56,3,0,68,2,73,15,10,88,16,129,30,0,30,159
08/03/2004,MFE,TX,ASW,CE,Federal Contract Tower,13,12,33,20,78,0,0,76,8,84,13,12,109,28,162,8,6,14,176
08/04/2004,MFE,TX,ASW,CE,Federal Contract Tower,14,12,40,24,90,0,0,113,8,121,14,12,153,32,211,40,0,40,251
08/05/2004,MFE,TX,ASW,CE,Federal Contract Tower,19,11,40,24,94,0,0,108,3,111,19,11,148,27,205,52,0,52,257
08/06/2004,MFE,TX,ASW,CE,Federal Contract Tower,15,11,29,8,63,3,0,97,0,100,18,11,126,8,163,18,0,18,181
08/07/2004,MFE,TX,ASW,CE,Federal Contract Tower,9,7,17,0,33,5,2,58,0,65,14,9,75,0,98,50,0,50,148
08/08/2004,MFE,TX,ASW,CE,Federal Contract Tower,9,7,16,0,32,7,1,47,0,55,16,8,63,0,87,24,0,24,111
08/09/2004,MFE,TX,ASW,CE,Federal Contract Tower,18,9,37,22,86,2,0,61,8,71,20,9,98,30,157,14,0,14,171
08/10/2004,MFE,TX,ASW,CE,Federal Contract Tower,15,13,40,24,92,0,0,87,8,95,15,13,127,32,187,42,0,42,229
08/11/2004,MFE,TX,ASW,CE,Federal Contract Tower,15,13,32,6,66,0,0,96,0,96,15,13,128,6,162,62,0,62,224
08/12/2004,MFE,TX,ASW,CE,Federal Contract Tower,20,18,42,26,106,0,0,95,6,101,20,18,137,32,207,52,22,74,281
08/13/2004,MFE,TX,ASW,CE,Federal Contract Tower,12,12,24,6,54,3,3,86,0,92,15,15,110,6,146,24,0,24,170
08/14/2004,MFE,TX,ASW,CE,Federal Contract Tower,6,7,13,0,26,8,4,59,0,71,14,11,72,0,97,16,0,16,113
08/15/2004,MFE,TX,ASW,CE,Federal Contract Tower,7,7,14,0,28,9,1,43,0,53,16,8,57,0,81,32,0,32,113
08/16/2004,MFE,TX,ASW,CE,Federal Contract Tower,15,16,39,24,94,0,0,60,14,74,15,16,99,38,168,32,0,32,200
08/17/2004,MFE,TX,ASW,CE,Federal Contract Tower,14,17,44,22,97,0,0,74,0,74,14,17,118,22,171,24,0,24,195
08/18/2004,MFE,TX,ASW,CE,Federal Contract Tower,14,13,40,23,90,0,0,77,13,90,14,13,117,36,180,18,0,18,198
08/19/2004,MFE,TX,ASW,CE,Federal Contract Tower,13,21,45,27,106,0,4,65,13,82,13,25,110,40,188,18,0,18,206
08/20/2004,MFE,TX,ASW,CE,Federal Contract Tower,13,13,27,6,59,3,10,60,0,73,16,23,87,6,132,14,0,14,146
08/21/2004,MFE,TX,ASW,CE,Federal Contract Tower,8,8,16,2,34,4,9,44,0,57,12,17,60,2,91,52,0,52,143
08/22/2004,MFE,TX,ASW,CE,Federal Contract Tower,14,10,28,2,54,1,0,13,0,14,15,10,41,2,68,2,0,2,70
08/23/2004,MFE,TX,ASW,CE,Federal Contract Tower,16,13,43,25,97,0,0,50,15,65,16,13,93,40,162,4,0,4,166
08/24/2004,MFE,TX,ASW,CE,Federal Contract Tower,14,13,41,23,91,0,0,71,17,88,14,13,112,40,179,0,0,0,179
08/25/2004,MFE,TX,ASW,CE,Federal Contract Tower,14,18,41,24,97,0,2,91,0,93,14,20,132,24,190,46,0,46,236
08/26/2004,MFE,TX,ASW,CE,Federal Contract Tower,18,16,37,16,87,1,6,92,0,99,19,22,129,16,186,48,0,48,234
08/27/2004,MFE,TX,ASW,CE,Federal Contract Tower,16,14,33,4,67,0,11,76,0,87,16,25,109,4,154,68,0,68,222
08/28/2004,MFE,TX,ASW,CE,Federal Contract Tower,9,8,19,0,36,3,7,51,0,61,12,15,70,0,97,28,0,28,125
08/29/2004,MFE,TX,ASW,CE,Federal Contract Tower,12,10,23,0,45,5,0,16,0,21,17,10,39,0,66,28,0,28,94
08/30/2004,MFE,TX,ASW,CE,Federal Contract Tower,15,10,31,16,72,1,0,59,0,60,16,10,90,16,132,10,52,62,194
08/31/2004,MFE,TX,ASW,CE,Federal Contract Tower,12,13,31,10,66,0,9,53,0,62,12,22,84,10,128,42,0,42,170
09/01/2004,MFE,TX,ASW,CE,Federal Contract Tower,14,12,39,6,71,0,0,66,0,66,14,12,105,6,137,26,0,26,163
09/02/2004,MFE,TX,ASW,CE,Federal Contract Tower,17,14,44,12,87,0,0,43,0,43,17,14,87,12,130,36,0,36,166
09/03/2004,MFE,TX,ASW,CE,Federal Contract Tower,16,12,42,0,70,0,0,57,0,57,16,12,99,0,127,8,0,8,135
09/04/2004,MFE,TX,ASW,CE,Federal Contract Tower,7,6,16,0,29,5,5,36,0,46,12,11,52,0,75,58,0,58,133
09/05/2004,MFE,TX,ASW,CE,Federal Contract Tower,6,4,12,0,22,5,2,25,0,32,11,6,37,0,54,4,0,4,58
09/06/2004,MFE,TX,ASW,CE,Federal Contract Tower,10,9,23,0,42,4,1,64,0,69,14,10,87,0,111,4,0,4,115
09/07/2004,MFE,TX,ASW,CE,Federal Contract Tower,15,16,40,17,88,0,3,31,9,43,15,19,71,26,131,20,0,20,151
09/08/2004,MFE,TX,ASW,CE,Federal Contract Tower,15,18,51,21,105,0,0,84,19,103,15,18,135,40,208,38,0,38,246
09/09/2004,MFE,TX,ASW,CE,Federal Contract Tower,16,21,48,21,106,0,0,52,15,67,16,21,100,36,173,24,0,24,197
09/10/2004,MFE,TX,ASW,CE,Federal Contract Tower,16,15,36,15,82,0,10,56,6,72,16,25,92,21,154,0,0,0,154
09/11/2004,MFE,TX,ASW,CE,Federal Contract Tower,8,8,18,0,34,6,2,55,0,63,14,10,73,0,97,28,0,28,125
09/12/2004,MFE,TX,ASW,CE,Federal Contract Tower,9,9,20,8,46,7,2,51,6,66,16,11,71,14,112,0,0,0,112
09/13/2004,MFE,TX,ASW,CE,Federal Contract Tower,15,15,34,10,74,1,1,61,0,63,16,16,95,10,137,28,0,28,165
09/14/2004,MFE,TX,ASW,CE,Federal Contract Tower,14,21,58,24,117,0,0,74,30,104,14,21,132,54,221,16,0,16,237
09/15/2004,MFE,TX,ASW,CE,Federal Contract Tower,14,20,49,21,104,0,0,74,23,97,14,20,123,44,201,50,6,56,257
09/16/2004,MFE,TX,ASW,CE,Federal Contract Tower,14,13,34,14,75,2,0,79,0,81,16,13,113,14,156,10,2,12,168
09/17/2004,MFE,TX,ASW,CE,Federal Contract Tower,17,12,40,18,87,0,0,64,0,64,17,12,104,18,151,22,6,28,179
09/18/2004,MFE,TX,ASW,CE,Federal Contract Tower,6,7,15,0,28,8,3,31,0,42,14,10,46,0,70,16,0,16,86
09/19/2004,MFE,TX,ASW,CE,Federal Contract Tower,9,10,23,0,42,7,3,42,0,52,16,13,65,0,94,10,0,10,104
09/20/2004,MFE,TX,ASW,CE,Federal Contract Tower,15,11,42,18,86,0,0,88,2,90,15,11,130,20,176,18,0,18,194
09/21/2004,MFE,TX,ASW,CE,Federal Contract Tower,14,21,51,21,107,0,3,65,15,83,14,24,116,36,190,48,0,48,238
09/22/2004,MFE,TX,ASW,CE,Federal Contract Tower,15,17,39,8,79,0,0,103,0,103,15,17,142,8,182,60,0,60,242
09/23/2004,MFE,TX,ASW,CE,Federal Contract Tower,15,12,38,14,79,1,0,84,0,85,16,12,122,14,164,28,4,32,196
09/24/2004,MFE,TX,ASW,CE,Federal Contract Tower,13,15,34,13,75,2,4,49,1,56,15,19,83,14,131,38,0,38,169
09/25/2004,MFE,TX,ASW,CE,Federal Contract Tower,11,11,27,10,59,3,0,27,0,30,14,11,54,10,89,4,0,4,93
09/26/2004,MFE,TX,ASW,CE,Federal Contract Tower,8,9,21,0,38,8,4,38,0,50,16,13,59,0,88,6,0,6,94
09/27/2004,MFE,TX,ASW,CE,Federal Contract Tower,16,18,42,16,92,0,3,25,0,28,16,21,67,16,120,28,0,28,148
09/28/2004,MFE,TX,ASW,CE,Federal Contract Tower,14,14,42,14,84,0,0,65,0,65,14,14,107,14,149,38,0,38,187
09/29/2004,MFE,TX,ASW,CE,Federal Contract Tower,12,20,46,10,88,0,1,89,0,90,12,21,135,10,178,48,0,48,226
09/30/2004,MFE,TX,ASW,CE,Federal Contract Tower,15,16,37,10,78,1,1,63,0,65,16,17,100,10,143,34,0,34,177
10/01/2004,MFE,TX,ASW,CE,Federal Contract Tower,15,17,44,2,78,0,0,71,0,71,15,17,115,2,149,24,0,24,173
10/02/2004,MFE,TX,ASW,CE,Federal Contract Tower,14,13,15,0,42,0,0,39,0,39,14,13,54,0,81,30,0,30,111
10/03/2004,MFE,TX,ASW,CE,Federal Contract Tower,16,13,27,0,56,0,0,23,0,23,16,13,50,0,79,16,0,16,95
10/04/2004,MFE,TX,ASW,CE,Federal Contract Tower,15,19,34,14,82,0,0,58,0,58,15,19,92,14,140,100,0,100,240
10/05/2004,MFE,TX,ASW,CE,Federal Contract Tower,14,22,35,0,71,0,0,51,0,51,14,22,86,0,122,50,0,50,172
10/06/2004,MFE,TX,ASW,CE,Federal Contract Tower,15,18,35,22,90,0,0,62,0,62,15,18,97,22,152,102,0,102,254
10/07/2004,MFE,TX,ASW,CE,Federal Contract Tower,16,20,51,66,153,0,0,65,0,65,16,20,116,66,218,18,0,18,236
10/08/2004,MFE,TX,ASW,CE,Federal Contract Tower,16,19,39,0,74,0,0,66,0,66,16,19,105,0,140,78,0,78,218
10/09/2004,MFE,TX,ASW,CE,Federal Contract Tower,14,11,24,0,49,0,0,59,0,59,14,11,83,0,108,42,0,42,150
10/10/2004,MFE,TX,ASW,CE,Federal Contract Tower,16,8,26,0,50,0,0,54,0,54,16,8,80,0,104,50,0,50,154
10/11/2004,MFE,TX,ASW,CE,Federal Contract Tower,15,15,25,0,55,0,0,64,0,64,15,15,89,0,119,52,0,52,171
10/12/2004,MFE,TX,ASW,CE,Federal Contract Tower,14,16,45,38,113,0,0,92,0,92,14,16,137,38,205,18,0,18,223
10/13/2004,MFE,TX,ASW,CE,Federal Contract Tower,14,14,53,62,143,0,0,84,0,84,14,14,137,62,227,116,10,126,353
10/14/2004,MFE,TX,ASW,CE,Federal Contract Tower,16,17,40,20,93,0,0,55,0,55,16,17,95,20,148,26,0,26,174
10/15/2004,MFE,TX,ASW,CE,Federal Contract Tower,16,8,24,22,70,0,0,86,0,86,16,8,110,22,156,8,0,8,164
10/16/2004,MFE,TX,ASW,CE,Federal Contract Tower,14,10,27,0,51,0,0,73,0,73,14,10,100,0,124,10,0,10,134
10/17/2004,MFE,TX,ASW,CE,Federal Contract Tower,16,12,25,0,53,0,0,40,0,40,16,12,65,0,93,10,0,10,103
10/18/2004,MFE,TX,ASW,CE,Federal Contract Tower,17,12,33,30,92,0,0,66,0,66,17,12,99,30,158,52,0,52,210
10/19/2004,MFE,TX,ASW,CE,Federal Contract Tower,13,16,37,8,74,0,0,57,20,77,13,16,94,28,151,16,0,16,167
10/20/2004,MFE,TX,ASW,CE,Federal Contract Tower,17,14,52,14,97,0,0,77,0,77,17,14,129,14,174,94,0,94,268
10/21/2004,MFE,TX,ASW,CE,Federal Contract Tower,18,12,56,18,104,0,0,49,0,49,18,12,105,18,153,2,0,2,155
10/22/2004,MFE,TX,ASW,CE,Federal Contract Tower,16,12,36,14,78,0,0,59,0,59,16,12,95,14,137,8,0,8,145
10/23/2004,MFE,TX,ASW,CE,Federal Contract Tower,15,7,12,0,34,0,0,61,0,61,15,7,73,0,95,32,0,32,127
10/24/2004,MFE,TX,ASW,CE,Federal Contract Tower,15,10,23,0,48,0,0,43,0,43,15,10,66,0,91,4,0,4,95
10/25/2004,MFE,TX,ASW,CE,Federal Contract Tower,16,14,37,22,89,0,0,64,0,64,16,14,101,22,153,42,0,42,195
10/26/2004,MFE,TX,ASW,CE,Federal Contract Tower,14,15,30,20,79,0,0,68,0,68,14,15,98,20,147,50,0,50,197
10/27/2004,MFE,TX,ASW,CE,Federal Contract Tower,14,11,39,36,100,0,0,76,0,76,14,11,115,36,176,38,0,38,214
10/28/2004,MFE,TX,ASW,CE,Federal Contract Tower,18,15,43,10,86,0,0,66,0,66,18,15,109,10,152,32,0,32,184
10/29/2004,MFE,TX,ASW,CE,Federal Contract Tower,15,11,42,6,74,0,0,84,0,84,15,11,126,6,158,28,4,32,190
10/30/2004,MFE,TX,ASW,CE,Federal Contract Tower,14,8,15,0,37,0,0,48,0,48,14,8,63,0,85,26,0,26,111
10/31/2004,MFE,TX,ASW,CE,Federal Contract Tower,16,9,14,8,47,0,0,48,0,48,16,9,62,8,95,20,0,20,115
11/01/2004,MFE,TX,ASW,CE,Federal Contract Tower,16,14,36,30,96,0,0,41,0,41,16,14,77,30,137,122,0,122,259
11/02/2004,MFE,TX,ASW,CE,Federal Contract Tower,14,15,29,38,96,0,0,66,0,66,14,15,95,38,162,62,2,64,226
11/03/2004,MFE,TX,ASW,CE,Federal Contract Tower,14,11,39,20,84,0,0,84,0,84,14,11,123,20,168,78,6,84,252
11/04/2004,MFE,TX,ASW,CE,Federal Contract Tower,19,14,29,36,98,0,0,97,0,97,19,14,126,36,195,20,0,20,215
11/05/2004,MFE,TX,ASW,CE,Federal Contract Tower,15,19,30,14,78,0,0,88,0,88,15,19,118,14,166,46,0,46,212
11/06/2004,MFE,TX,ASW,CE,Federal Contract Tower,15,11,28,0,54,0,0,71,0,71,15,11,99,0,125,6,0,6,131
11/07/2004,MFE,TX,ASW,CE,Federal Contract Tower,15,14,23,2,54,0,0,70,0,70,15,14,93,2,124,36,0,36,160
11/08/2004,MFE,TX,ASW,CE,Federal Contract Tower,15,12,17,36,80,0,0,91,0,91,15,12,108,36,171,68,0,68,239
11/09/2004,MFE,TX,ASW,CE,Federal Contract Tower,15,20,25,19,79,0,0,61,0,61,15,20,86,19,140,34,0,34,174
11/10/2004,MFE,TX,ASW,CE,Federal Contract Tower,15,9,43,44,111,0,0,69,0,69,15,9,112,44,180,4,0,4,184
11/11/2004,MFE,TX,ASW,CE,Federal Contract Tower,18,11,33,2,64,0,0,62,0,62,18,11,95,2,126,6,0,6,132
11/12/2004,MFE,TX,ASW,CE,Federal Contract Tower,18,17,45,4,84,0,0,71,0,71,18,17,116,4,155,86,0,86,241
11/13/2004,MFE,TX,ASW,CE,Federal Contract Tower,15,16,57,1,89,0,0,0,0,0,15,16,57,1,89,0,0,0,89
11/14/2004,MFE,TX,ASW,CE,Federal Contract Tower,17,11,36,0,64,0,0,24,0,24,17,11,60,0,88,78,0,78,166
11/15/2004,MFE,TX,ASW,CE,Federal Contract Tower,17,16,59,14,106,0,0,34,0,34,17,16,93,14,140,46,12,58,198
11/16/2004,MFE,TX,ASW,CE,Federal Contract Tower,15,23,29,60,127,0,0,56,0,56,15,23,85,60,183,24,0,24,207
11/17/2004,MFE,TX,ASW,CE,Federal Contract Tower,15,12,81,40,148,0,0,56,0,56,15,12,137,40,204,58,0,58,262
11/18/2004,MFE,TX,ASW,CE,Federal Contract Tower,19,12,58,26,115,0,0,85,0,85,19,12,143,26,200,78,0,78,278
11/19/2004,MFE,TX,ASW,CE,Federal Contract Tower,16,26,66,14,122,0,0,72,0,72,16,26,138,14,194,76,0,76,270
11/20/2004,MFE,TX,ASW,CE,Federal Contract Tower,14,11,32,22,79,0,0,48,0,48,14,11,80,22,127,62,0,62,189
11/21/2004,MFE,TX,ASW,CE,Federal Contract Tower,16,9,27,4,56,0,0,27,0,27,16,9,54,4,83,8,0,8,91
11/22/2004,MFE,TX,ASW,CE,Federal Contract Tower,16,21,20,42,99,0,0,62,0,62,16,21,82,42,161,88,0,88,249
11/23/2004,MFE,TX,ASW,CE,Federal Contract Tower,14,16,33,32,95,0,0,56,0,56,14,16,89,32,151,34,0,34,185
11/24/2004,MFE,TX,ASW,CE,Federal Contract Tower,17,14,32,10,73,0,0,71,0,71,17,14,103,10,144,72,0,72,216
11/25/2004,MFE,TX,ASW,CE,Federal Contract Tower,13,10,9,0,32,0,0,29,0,29,13,10,38,0,61,50,0,50,111
11/26/2004,MFE,TX,ASW,CE,Federal Contract Tower,12,10,21,0,43,0,0,49,0,49,12,10,70,0,92,42,0,42,134
11/27/2004,MFE,TX,ASW,CE,Federal Contract Tower,15,14,23,0,52,0,0,68,0,68,15,14,91,0,120,70,0,70,190
11/28/2004,MFE,TX,ASW,CE,Federal Contract Tower,16,9,20,0,45,0,0,48,0,48,16,9,68,0,93,32,0,32,125
11/29/2004,MFE,TX,ASW,CE,Federal Contract Tower,16,12,42,34,104,0,0,37,0,37,16,12,79,34,141,0,0,0,141
11/30/2004,MFE,TX,ASW,CE,Federal Contract Tower,16,13,41,28,98,0,0,51,0,51,16,13,92,28,149,36,0,36,185
12/01/2004,MFE,TX,ASW,CE,Federal Contract Tower,18,19,35,50,122,0,0,90,0,90,18,19,125,50,212,66,10,76,288
12/02/2004,MFE,TX,ASW,CE,Federal Contract Tower,15,18,49,30,112,0,0,52,0,52,15,18,101,30,164,38,0,38,202
12/03/2004,MFE,TX,ASW,CE,Federal Contract Tower,20,19,73,12,124,0,0,3,0,3,20,19,76,12,127,0,0,0,127
12/04/2004,MFE,TX,ASW,CE,Federal Contract Tower,13,14,36,0,63,0,0,0,0,0,13,14,36,0,63,0,0,0,63
12/05/2004,MFE,TX,ASW,CE,Federal Contract Tower,16,11,20,0,47,0,0,31,0,31,16,11,51,0,78,112,0,112,190
12/06/2004,MFE,TX,ASW,CE,Federal Contract Tower,15,12,37,20,84,0,0,40,0,40,15,12,77,20,124,24,10,34,158
12/07/2004,MFE,TX,ASW,CE,Federal Contract Tower,14,19,62,48,143,0,0,79,0,79,14,19,141,48,222,32,8,40,262
12/08/2004,MFE,TX,ASW,CE,Federal Contract Tower,14,14,43,19,90,0,0,67,0,67,14,14,110,19,157,80,0,80,237
12/09/2004,MFE,TX,ASW,CE,Federal Contract Tower,16,14,52,29,111,0,0,89,0,89,16,14,141,29,200,32,0,32,232
12/10/2004,MFE,TX,ASW,CE,Federal Contract Tower,16,19,51,2,88,0,0,90,0,90,16,19,141,2,178,26,0,26,204
12/11/2004,MFE,TX,ASW,CE,Federal Contract Tower,11,15,15,8,49,0,0,85,0,85,11,15,100,8,134,78,0,78,212
12/12/2004,MFE,TX,ASW,CE,Federal Contract Tower,15,9,43,0,67,0,0,55,0,55,15,9,98,0,122,12,0,12,134
12/13/2004,MFE,TX,ASW,CE,Federal Contract Tower,16,13,55,16,100,0,0,23,0,23,16,13,78,16,123,0,0,0,123
12/14/2004,MFE,TX,ASW,CE,Federal Contract Tower,14,14,38,22,88,0,0,83,0,83,14,14,121,22,171,36,0,36,207
12/15/2004,MFE,TX,ASW,CE,Federal Contract Tower,13,11,42,28,94,0,0,80,0,80,13,11,122,28,174,66,0,66,240
12/16/2004,MFE,TX,ASW,CE,Federal Contract Tower,18,16,68,20,122,0,0,46,0,46,18,16,114,20,168,78,0,78,246
12/17/2004,MFE,TX,ASW,CE,Federal Contract Tower,18,17,31,12,78,0,0,43,0,43,18,17,74,12,121,46,0,46,167
12/18/2004,MFE,TX,ASW,CE,Federal Contract Tower,18,10,30,0,58,0,0,66,0,66,18,10,96,0,124,42,0,42,166
12/19/2004,MFE,TX,ASW,CE,Federal Contract Tower,16,12,13,0,41,0,0,58,0,58,16,12,71,0,99,34,0,34,133
12/20/2004,MFE,TX,ASW,CE,Federal Contract Tower,18,16,15,14,63,0,0,67,0,67,18,16,82,14,130,74,0,74,204
12/21/2004,MFE,TX,ASW,CE,Federal Contract Tower,18,9,45,0,72,0,0,105,0,105,18,9,150,0,177,36,0,36,213
12/22/2004,MFE,TX,ASW,CE,Federal Contract Tower,14,11,38,6,69,0,0,67,0,67,14,11,105,6,136,6,0,6,142
12/23/2004,MFE,TX,ASW,CE,Federal Contract Tower,18,14,25,2,59,0,0,29,0,29,18,14,54,2,88,22,0,22,110
12/24/2004,MFE,TX,ASW,CE,Federal Contract Tower,9,6,4,0,19,0,0,5,0,5,9,6,9,0,24,0,0,0,24
12/25/2004,MFE,TX,ASW,CE,Federal Contract Tower,18,4,4,0,26,0,0,17,0,17,18,4,21,0,43,0,0,0,43
12/26/2004,MFE,TX,ASW,CE,Federal Contract Tower,16,12,13,0,41,0,0,52,0,52,16,12,65,0,93,0,0,0,93
12/27/2004,MFE,TX,ASW,CE,Federal Contract Tower,20,11,18,4,53,0,0,56,0,56,20,11,74,4,109,48,0,48,157
12/28/2004,MFE,TX,ASW,CE,Federal Contract Tower,15,14,23,10,62,0,0,69,0,69,15,14,92,10,131,44,0,44,175
12/29/2004,MFE,TX,ASW,CE,Federal Contract Tower,18,14,28,22,82,0,0,71,0,71,18,14,99,22,153,36,0,36,189
12/30/2004,MFE,TX,ASW,CE,Federal Contract Tower,18,16,27,6,67,0,0,65,0,65,18,16,92,6,132,18,0,18,150
12/31/2004,MFE,TX,ASW,CE,Federal Contract Tower,15,10,20,0,45,0,0,40,0,40,15,10,60,0,85,24,0,24,109
01/01/2005,MFE,TX,ASW,CE,Federal Contract Tower,16,10,20,0,46,0,0,20,0,20,16,10,40,0,66,0,0,0,66
01/02/2005,MFE,TX,ASW,CE,Federal Contract Tower,16,11,36,0,63,0,0,12,0,12,16,11,48,0,75,0,0,0,75
01/03/2005,MFE,TX,ASW,CE,Federal Contract Tower,18,15,46,0,79,0,0,52,0,52,18,15,98,0,131,18,0,18,149
01/04/2005,MFE,TX,ASW,CE,Federal Contract Tower,18,12,43,18,91,0,0,40,0,40,18,12,83,18,131,26,0,26,157
01/05/2005,MFE,TX,ASW,CE,Federal Contract Tower,16,12,26,22,76,0,0,63,0,63,16,12,89,22,139,40,0,40,179
01/06/2005,MFE,TX,ASW,CE,Federal Contract Tower,20,20,43,12,95,0,0,1,0,1,20,20,44,12,96,0,0,0,96
01/07/2005,MFE,TX,ASW,CE,Federal Contract Tower,16,9,62,8,95,0,0,5,0,5,16,9,67,8,100,22,0,22,122
01/08/2005,MFE,TX,ASW,CE,Federal Contract Tower,18,11,41,0,70,0,0,0,0,0,18,11,41,0,70,0,0,0,70
01/09/2005,MFE,TX,ASW,CE,Federal Contract Tower,19,4,46,0,69,0,0,28,0,28,19,4,74,0,97,34,0,34,131
01/10/2005,MFE,TX,ASW,CE,Federal Contract Tower,17,11,68,14,110,0,0,83,0,83,17,11,151,14,193,60,0,60,253
01/11/2005,MFE,TX,ASW,CE,Federal Contract Tower,14,8,34,38,94,0,0,91,0,91,14,8,125,38,185,40,0,40,225
01/12/2005,MFE,TX,ASW,CE,Federal Contract Tower,14,9,53,20,96,0,0,51,0,51,14,9,104,20,147,0,0,0,147
01/13/2005,MFE,TX,ASW,CE,Federal Contract Tower,18,18,33,40,109,0,0,77,0,77,18,18,110,40,186,12,0,12,198
01/14/2005,MFE,TX,ASW,CE,Federal Contract Tower,17,14,32,18,81,0,0,119,0,119,17,14,151,18,200,56,0,56,256
01/15/2005,MFE,TX,ASW,CE,Federal Contract Tower,17,6,15,0,38,0,0,57,0,57,17,6,72,0,95,28,0,28,123
01/16/2005,MFE,TX,ASW,CE,Federal Contract Tower,16,7,20,0,43,0,0,65,0,65,16,7,85,0,108,42,0,42,150
01/17/2005,MFE,TX,ASW,CE,Federal Contract Tower,18,9,32,0,59,0,0,58,0,58,18,9,90,0,117,28,0,28,145
01/18/2005,MFE,TX,ASW,CE,Federal Contract Tower,15,10,48,16,89,0,0,42,0,42,15,10,90,16,131,52,0,52,183
01/19/2005,MFE,TX,ASW,CE,Federal Contract Tower,15,13,61,20,109,0,0,57,0,57,15,13,118,20,166,38,0,38,204
01/20/2005,MFE,TX,ASW,CE,Federal Contract Tower,16,14,42,8,80,0,0,73,0,73,16,14,115,8,153,32,0,32,185
01/21/2005,MFE,TX,ASW,CE,Federal Contract Tower,18,24,58,16,116,0,0,84,0,84,18,24,142,16,200,40,0,40,240
01/22/2005,MFE,TX,ASW,CE,Federal Contract Tower,18,5,16,0,39,0,0,56,0,56,18,5,72,0,95,30,0,30,125
01/23/2005,MFE,TX,ASW,CE,Federal Contract Tower,18,6,17,0,41,0,0,43,0,43,18,6,60,0,84,18,0,18,102
01/24/2005,MFE,TX,ASW,CE,Federal Contract Tower,20,10,18,11,59,0,0,66,0,66,20,10,84,11,125,52,0,52,177
01/25/2005,MFE,TX,ASW,CE,Federal Contract Tower,14,9,16,22,61,0,0,93,0,93,14,9,109,22,154,44,0,44,198
01/26/2005,MFE,TX,ASW,CE,Federal Contract Tower,15,10,62,32,119,0,0,78,0,78,15,10,140,32,197,76,0,76,273
01/27/2005,MFE,TX,ASW,CE,Federal Contract Tower,18,19,69,24,130,0,0,29,0,29,18,19,98,24,159,24,0,24,183
01/28/2005,MFE,TX,ASW,CE,Federal Contract Tower,18,11,67,4,100,0,0,38,0,38,18,11,105,4,138,38,0,38,176
01/29/2005,MFE,TX,ASW,CE,Federal Contract Tower,18,9,39,0,66,0,0,11,0,11,18,9,50,0,77,28,0,28,105
01/30/2005,MFE,TX,ASW,CE,Federal Contract Tower,18,11,36,0,65,0,0,34,0,34,18,11,70,0,99,60,0,60,159
01/31/2005,MFE,TX,ASW,CE,Federal Contract Tower,17,10,43,16,86,0,0,0,0,0,17,10,43,16,86,0,0,0,86
02/01/2005,MFE,TX,ASW,CE,Federal Contract Tower,16,9,35,24,84,0,0,18,0,18,16,9,53,24,102,28,0,28,130
02/02/2005,MFE,TX,ASW,CE,Federal Contract Tower,16,11,53,24,104,0,0,52,0,52,16,11,105,24,156,100,0,100,256
02/03/2005,MFE,TX,ASW,CE,Federal Contract Tower,18,14,28,22,82,0,0,75,0,75,18,14,103,22,157,54,0,54,211
02/04/2005,MFE,TX,ASW,CE,Federal Contract Tower,17,8,36,20,81,0,0,79,0,79,17,8,115,20,160,72,0,72,232
02/05/2005,MFE,TX,ASW,CE,Federal Contract Tower,18,8,17,0,43,0,0,43,0,43,18,8,60,0,86,24,0,24,110
02/06/2005,MFE,TX,ASW,CE,Federal Contract Tower,18,7,13,0,38,0,0,43,0,43,18,7,56,0,81,14,0,14,95
02/07/2005,MFE,TX,ASW,CE,Federal Contract Tower,16,11,52,32,111,0,0,47,0,47,16,11,99,32,158,10,0,10,168
02/08/2005,MFE,TX,ASW,CE,Federal Contract Tower,14,15,55,0,84,0,0,37,0,37,14,15,92,0,121,2,0,2,123
02/09/2005,MFE,TX,ASW,CE,Federal Contract Tower,16,13,67,20,116,0,0,23,0,23,16,13,90,20,139,30,0,30,169
02/10/2005,MFE,TX,ASW,CE,Federal Contract Tower,18,11,40,46,115,0,0,42,0,42,18,11,82,46,157,24,0,24,181
02/11/2005,MFE,TX,ASW,CE,Federal Contract Tower,15,10,48,0,73,0,0,63,0,63,15,10,111,0,136,30,0,30,166
02/12/2005,MFE,TX,ASW,CE,Federal Contract Tower,18,6,20,0,44,0,0,46,0,46,18,6,66,0,90,26,0,26,116
02/13/2005,MFE,TX,ASW,CE,Federal Contract Tower,18,4,15,6,43,0,0,66,0,66,18,4,81,6,109,18,0,18,127
02/14/2005,MFE,TX,ASW,CE,Federal Contract Tower,20,6,45,20,91,0,0,85,0,85,20,6,130,20,176,22,0,22,198
02/15/2005,MFE,TX,ASW,CE,Federal Contract Tower,14,9,48,35,106,0,0,101,0,101,14,9,149,35,207,34,0,34,241
02/16/2005,MFE,TX,ASW,CE,Federal Contract Tower,18,7,82,22,129,0,0,75,0,75,18,7,157,22,204,68,0,68,272
02/17/2005,MFE,TX,ASW,CE,Federal Contract Tower,18,11,73,16,118,0,0,31,0,31,18,11,104,16,149,12,0,12,161
02/18/2005,MFE,TX,ASW,CE,Federal Contract Tower,22,10,76,14,122,0,0,0,0,0,22,10,76,14,122,0,0,0,122
02/19/2005,MFE,TX,ASW,CE,Federal Contract Tower,16,10,37,0,63,0,0,22,0,22,16,10,59,0,85,14,0,14,99
02/20/2005,MFE,TX,ASW,CE,Federal Contract Tower,16,5,21,0,42,0,0,41,0,41,16,5,62,0,83,0,0,0,83
02/21/2005,MFE,TX,ASW,CE,Federal Contract Tower,19,7,59,20,105,0,0,50,0,50,19,7,109,20,155,26,0,26,181
02/22/2005,MFE,TX,ASW,CE,Federal Contract Tower,17,7,65,25,114,0,0,35,0,35,17,7,100,25,149,32,12,44,193
02/23/2005,MFE,TX,ASW,CE,Federal Contract Tower,17,16,53,52,138,0,0,64,0,64,17,16,117,52,202,46,10,56,258
02/24/2005,MFE,TX,ASW,CE,Federal Contract Tower,20,7,50,12,89,0,0,29,0,29,20,7,79,12,118,6,2,8,126
02/25/2005,MFE,TX,ASW,CE,Federal Contract Tower,20,9,82,35,146,0,0,14,0,14,20,9,96,35,160,0,0,0,160
02/26/2005,MFE,TX,ASW,CE,Federal Contract Tower,29,8,15,0,52,0,0,0,0,0,29,8,15,0,52,0,0,0,52
02/27/2005,MFE,TX,ASW,CE,Federal Contract Tower,18,6,13,6,43,0,0,53,0,53,18,6,66,6,96,24,0,24,120
02/28/2005,MFE,TX,ASW,CE,Federal Contract Tower,17,7,47,23,94,0,0,76,0,76,17,7,123,23,170,64,0,64,234
03/01/2005,MFE,TX,ASW,CE,Federal Contract Tower,15,5,60,8,88,0,0,74,0,74,15,5,134,8,162,76,0,76,238
03/02/2005,MFE,TX,ASW,CE,Federal Contract Tower,17,15,59,16,107,0,0,56,0,56,17,15,115,16,163,60,0,60,223
03/03/2005,MFE,TX,ASW,CE,Federal Contract Tower,19,10,61,4,94,0,0,45,0,45,19,10,106,4,139,0,0,0,139
03/04/2005,MFE,TX,ASW,CE,Federal Contract Tower,18,11,44,14,87,0,0,76,0,76,18,11,120,14,163,42,6,48,211
03/05/2005,MFE,TX,ASW,CE,Federal Contract Tower,18,5,18,15,56,0,0,32,0,32,18,5,50,15,88,48,2,50,138
03/06/2005,MFE,TX,ASW,CE,Federal Contract Tower,16,10,26,0,52,0,0,17,0,17,16,10,43,0,69,16,0,16,85
03/07/2005,MFE,TX,ASW,CE,Federal Contract Tower,17,10,55,25,107,0,0,51,0,51,17,10,106,25,158,44,0,44,202
03/08/2005,MFE,TX,ASW,CE,Federal Contract Tower,14,5,46,22,87,0,0,47,0,47,14,5,93,22,134,70,0,70,204
03/09/2005,MFE,TX,ASW,CE,Federal Contract Tower,17,8,34,44,103,0,0,92,0,92,17,8,126,44,195,134,0,134,329
03/10/2005,MFE,TX,ASW,CE,Federal Contract Tower,19,13,50,28,110,0,0,83,0,83,19,13,133,28,193,0,0,0,193
03/11/2005,MFE,TX,ASW,CE,Federal Contract Tower,18,8,33,19,78,0,0,61,0,61,18,8,94,19,139,32,0,32,171
03/12/2005,MFE,TX,ASW,CE,Federal Contract Tower,17,8,23,14,62,0,0,55,0,55,17,8,78,14,117,12,0,12,129
03/13/2005,MFE,TX,ASW,CE,Federal Contract Tower,16,8,18,2,44,0,0,51,0,51,16,8,69,2,95,6,0,6,101
03/14/2005,MFE,TX,ASW,CE,Federal Contract Tower,16,5,42,38,101,0,0,52,0,52,16,5,94,38,153,54,0,54,207
03/15/2005,MFE,TX,ASW,CE,Federal Contract Tower,17,6,43,22,88,0,0,24,0,24,17,6,67,22,112,36,0,36,148
03/16/2005,MFE,TX,ASW,CE,Federal Contract Tower,18,6,44,10,78,0,0,35,0,35,18,6,79,10,113,44,0,44,157
03/17/2005,MFE,TX,ASW,CE,Federal Contract Tower,20,9,29,24,82,0,0,98,0,98,20,9,127,24,180,28,12,40,220
03/18/2005,MFE,TX,ASW,CE,Federal Contract Tower,19,14,30,26,89,0,0,84,0,84,19,14,114,26,173,62,0,62,235
03/19/2005,MFE,TX,ASW,CE,Federal Contract Tower,17,5,19,2,43,0,0,30,0,30,17,5,49,2,73,22,0,22,95
03/20/2005,MFE,TX,ASW,CE,Federal Contract Tower,16,8,17,5,46,0,0,43,0,43,16,8,60,5,89,38,0,38,127
03/21/2005,MFE,TX,ASW,CE,Federal Contract Tower,17,8,13,60,98,0,0,61,0,61,17,8,74,60,159,102,0,102,261
03/22/2005,MFE,TX,ASW,CE,Federal Contract Tower,18,4,32,27,81,0,0,115,0,115,18,4,147,27,196,46,0,46,242
03/23/2005,MFE,TX,ASW,CE,Federal Contract Tower,18,13,30,24,85,0,0,100,0,100,18,13,130,24,185,90,0,90,275
03/24/2005,MFE,TX,ASW,CE,Federal Contract Tower,18,11,28,32,89,0,0,101,0,101,18,11,129,32,190,18,0,18,208
03/25/2005,MFE,TX,ASW,CE,Federal Contract Tower,17,9,41,5,72,0,0,53,0,53,17,9,94,5,125,66,42,108,233
03/26/2005,MFE,TX,ASW,CE,Federal Contract Tower,18,5,20,0,43,0,0,41,0,41,18,5,61,0,84,78,0,78,162
03/27/2005,MFE,TX,ASW,CE,Federal Contract Tower,18,5,16,0,39,0,0,35,0,35,18,5,51,0,74,10,0,10,84
03/28/2005,MFE,TX,ASW,CE,Federal Contract Tower,18,7,24,14,63,0,0,61,0,61,18,7,85,14,124,0,0,0,124
03/29/2005,MFE,TX,ASW,CE,Federal Contract Tower,17,3,38,34,92,0,0,85,0,85,17,3,123,34,177,32,0,32,209
03/30/2005,MFE,TX,ASW,CE,Federal Contract Tower,19,7,29,34,89,0,0,87,0,87,19,7,116,34,176,72,0,72,248
03/31/2005,MFE,TX,ASW,CE,Federal Contract Tower,20,5,27,24,76,0,0,105,0,105,20,5,132,24,181,72,0,72,253
04/01/2005,MFE,TX,ASW,CE,Federal Contract Tower,18,12,27,12,69,0,0,54,0,54,18,12,81,12,123,0,10,10,133
04/02/2005,MFE,TX,ASW,CE,Federal Contract Tower,19,11,22,2,54,0,0,99,0,99,19,11,121,2,153,64,0,64,217
04/03/2005,MFE,TX,ASW,CE,Federal Contract Tower,17,9,14,0,40,0,0,52,0,52,17,9,66,0,92,16,0,16,108
04/04/2005,MFE,TX,ASW,CE,Federal Contract Tower,16,6,15,46,83,0,0,78,0,78,16,6,93,46,161,38,0,38,199
04/05/2005,MFE,TX,ASW,CE,Federal Contract Tower,13,6,34,62,115,0,0,68,0,68,13,6,102,62,183,40,0,40,223
04/06/2005,MFE,TX,ASW,CE,Federal Contract Tower,18,6,29,1,54,0,0,81,0,81,18,6,110,1,135,40,8,48,183
04/07/2005,MFE,TX,ASW,CE,Federal Contract Tower,18,12,30,15,75,0,0,111,0,111,18,12,141,15,186,56,0,56,242
04/08/2005,MFE,TX,ASW,CE,Federal Contract Tower,18,7,22,2,49,0,0,107,0,107,18,7,129,2,156,90,0,90,246
04/09/2005,MFE,TX,ASW,CE,Federal Contract Tower,18,6,10,0,34,0,0,50,0,50,18,6,60,0,84,46,0,46,130
04/10/2005,MFE,TX,ASW,CE,Federal Contract Tower,16,9,23,0,48,0,0,24,0,24,16,9,47,0,72,20,0,20,92
04/11/2005,MFE,TX,ASW,CE,Federal Contract Tower,21,14,34,0,69,0,0,61,0,61,21,14,95,0,130,36,0,36,166
04/12/2005,MFE,TX,ASW,CE,Federal Contract Tower,14,6,22,19,61,0,0,78,0,78,14,6,100,19,139,24,0,24,163
04/13/2005,MFE,TX,ASW,CE,Federal Contract Tower,18,6,34,18,76,0,0,96,0,96,18,6,130,18,172,84,0,84,256
04/14/2005,MFE,TX,ASW,CE,Federal Contract Tower,17,12,24,48,101,0,0,93,0,93,17,12,117,48,194,52,0,52,246
04/15/2005,MFE,TX,ASW,CE,Federal Contract Tower,18,6,22,24,70,0,0,65,0,65,18,6,87,24,135,22,0,22,157
04/16/2005,MFE,TX,ASW,CE,Federal Contract Tower,17,10,18,0,45,0,0,36,0,36,17,10,54,0,81,12,0,12,93
04/17/2005,MFE,TX,ASW,CE,Federal Contract Tower,16,11,27,0,54,0,0,31,0,31,16,11,58,0,85,16,0,16,101
04/18/2005,MFE,TX,ASW,CE,Federal Contract Tower,15,13,33,16,77,0,0,49,0,49,15,13,82,16,126,48,0,48,174
04/19/2005,MFE,TX,ASW,CE,Federal Contract Tower,14,8,50,38,110,0,0,59,0,59,14,8,109,38,169,94,0,94,263
04/20/2005,MFE,TX,ASW,CE,Federal Contract Tower,18,5,48,40,111,0,0,80,0,80,18,5,128,40,191,108,0,108,299
04/21/2005,MFE,TX,ASW,CE,Federal Contract Tower,19,12,67,22,120,0,0,75,0,75,19,12,142,22,195,102,0,102,297
04/22/2005,MFE,TX,ASW,CE,Federal Contract Tower,17,7,72,24,120,0,0,68,0,68,17,7,140,24,188,36,0,36,224
04/23/2005,MFE,TX,ASW,CE,Federal Contract Tower,18,5,27,2,52,0,0,41,0,41,18,5,68,2,93,50,0,50,143
04/24/2005,MFE,TX,ASW,CE,Federal Contract Tower,16,15,18,2,51,0,0,40,0,40,16,15,58,2,91,26,0,26,117
04/25/2005,MFE,TX,ASW,CE,Federal Contract Tower,17,8,46,34,105,0,0,35,0,35,17,8,81,34,140,66,0,66,206
04/26/2005,MFE,TX,ASW,CE,Federal Contract Tower,14,12,52,26,104,0,0,66,0,66,14,12,118,26,170,26,0,26,196
04/27/2005,MFE,TX,ASW,CE,Federal Contract Tower,18,9,35,20,82,0,0,81,0,81,18,9,116,20,163,36,0,36,199
04/28/2005,MFE,TX,ASW,CE,Federal Contract Tower,18,5,38,28,89,0,0,49,0,49,18,5,87,28,138,48,0,48,186
04/29/2005,MFE,TX,ASW,CE,Federal Contract Tower,18,9,38,8,73,0,0,51,0,51,18,9,89,8,124,20,0,20,144
04/30/2005,MFE,TX,ASW,CE,Federal Contract Tower,18,7,25,0,50,0,0,24,0,24,18,7,49,0,74,0,0,0,74
05/01/2005,MFE,TX,ASW,CE,Federal Contract Tower,17,7,25,0,49,0,0,39,0,39,17,7,64,0,88,38,0,38,126
05/02/2005,MFE,TX,ASW,CE,Federal Contract Tower,18,6,41,32,97,0,0,73,0,73,18,6,114,32,170,38,0,38,208
05/03/2005,MFE,TX,ASW,CE,Federal Contract Tower,15,5,30,4,54,0,0,31,0,31,15,5,61,4,85,16,0,16,101
05/04/2005,MFE,TX,ASW,CE,Federal Contract Tower,18,8,79,14,119,0,0,41,0,41,18,8,120,14,160,28,0,28,188
05/05/2005,MFE,TX,ASW,CE,Federal Contract Tower,18,6,50,2,76,0,0,69,0,69,18,6,119,2,145,76,0,76,221
05/06/2005,MFE,TX,ASW,CE,Federal Contract Tower,18,5,42,0,65,0,0,53,0,53,18,5,95,0,118,56,0,56,174
05/07/2005,MFE,TX,ASW,CE,Federal Contract Tower,18,8,14,0,40,0,0,31,0,31,18,8,45,0,71,22,0,22,93
05/08/2005,MFE,TX,ASW,CE,Federal Contract Tower,21,4,16,0,41,0,0,28,0,28,21,4,44,0,69,22,0,22,91
05/09/2005,MFE,TX,ASW,CE,Federal Contract Tower,18,8,30,30,86,0,0,48,0,48,18,8,78,30,134,6,0,6,140
05/10/2005,MFE,TX,ASW,CE,Federal Contract Tower,17,7,70,24,118,0,0,61,0,61,17,7,131,24,179,18,0,18,197
05/11/2005,MFE,TX,ASW,CE,Federal Contract Tower,18,8,52,2,80,0,0,53,0,53,18,8,105,2,133,32,0,32,165
05/12/2005,MFE,TX,ASW,CE,Federal Contract Tower,18,7,38,46,109,0,0,41,0,41,18,7,79,46,150,40,6,46,196
05/13/2005,MFE,TX,ASW,CE,Federal Contract Tower,18,9,43,4,74,0,0,38,0,38,18,9,81,4,112,34,0,34,146
05/14/2005,MFE,TX,ASW,CE,Federal Contract Tower,16,4,22,0,42,0,0,40,0,40,16,4,62,0,82,22,0,22,104
05/15/2005,MFE,TX,ASW,CE,Federal Contract Tower,17,5,16,0,38,0,0,44,0,44,17,5,60,0,82,28,0,28,110
05/16/2005,MFE,TX,ASW,CE,Federal Contract Tower,17,11,38,2,68,0,0,40,0,40,17,11,78,2,108,24,0,24,132
05/17/2005,MFE,TX,ASW,CE,Federal Contract Tower,15,8,53,26,102,0,0,96,0,96,15,8,149,26,198,44,0,44,242
05/18/2005,MFE,TX,ASW,CE,Federal Contract Tower,19,10,8,36,73,0,0,0,0,0,19,10,8,36,73,28,0,28,101
05/19/2005,MFE,TX,ASW,CE,Federal Contract Tower,18,10,35,36,99,0,0,55,0,55,18,10,90,36,154,40,0,40,194
05/20/2005,MFE,TX,ASW,CE,Federal Contract Tower,18,10,37,14,79,0,0,41,0,41,18,10,78,14,120,10,0,10,130
05/21/2005,MFE,TX,ASW,CE,Federal Contract Tower,18,8,6,2,34,0,0,38,0,38,18,8,44,2,72,14,0,14,86
05/22/2005,MFE,TX,ASW,CE,Federal Contract Tower,18,8,10,0,36,0,0,40,0,40,18,8,50,0,76,40,0,40,116
05/23/2005,MFE,TX,ASW,CE,Federal Contract Tower,17,10,48,50,125,0,0,42,0,42,17,10,90,50,167,34,0,34,201
05/24/2005,MFE,TX,ASW,CE,Federal Contract Tower,17,9,38,26,90,0,0,85,0,85,17,9,123,26,175,52,0,52,227
05/25/2005,MFE,TX,ASW,CE,Federal Contract Tower,20,7,36,24,87,0,0,75,0,75,20,7,111,24,162,48,0,48,210
05/26/2005,MFE,TX,ASW,CE,Federal Contract Tower,18,9,49,46,122,0,0,82,0,82,18,9,131,46,204,114,0,114,318
05/27/2005,MFE,TX,ASW,CE,Federal Contract Tower,16,5,38,0,59,0,0,76,0,76,16,5,114,0,135,50,0,50,185
05/28/2005,MFE,TX,ASW,CE,Federal Contract Tower,18,5,17,0,40,0,0,45,0,45,18,5,62,0,85,24,0,24,109
05/29/2005,MFE,TX,ASW,CE,Federal Contract Tower,14,4,19,0,37,0,0,40,0,40,14,4,59,0,77,54,0,54,131
05/30/2005,MFE,TX,ASW,CE,Federal Contract Tower,16,5,18,0,39,0,0,29,0,29,16,5,47,0,68,38,0,38,106
05/31/2005,MFE,TX,ASW,CE,Federal Contract Tower,17,9,26,11,63,0,0,63,0,63,17,9,89,11,126,0,0,0,126
06/01/2005,MFE,TX,ASW,CE,Federal Contract Tower,21,10,35,36,102,0,0,37,0,37,21,10,72,36,139,0,10,10,149
06/02/2005,MFE,TX,ASW,CE,Federal Contract Tower,18,8,36,24,86,0,0,78,0,78,18,8,114,24,164,142,0,142,306
06/03/2005,MFE,TX,ASW,CE,Federal Contract Tower,17,11,52,9,89,0,0,37,0,37,17,11,89,9,126,24,0,24,150
06/04/2005,MFE,TX,ASW,CE,Federal Contract Tower,17,5,24,6,52,0,0,46,0,46,17,5,70,6,98,38,0,38,136
06/05/2005,MFE,TX,ASW,CE,Federal Contract Tower,20,4,19,4,47,0,0,26,0,26,20,4,45,4,73,0,0,0,73
06/06/2005,MFE,TX,ASW,CE,Federal Contract Tower,16,10,42,16,84,0,0,56,0,56,16,10,98,16,140,26,0,26,166
06/07/2005,MFE,TX,ASW,CE,Federal Contract Tower,15,11,45,26,97,0,0,54,0,54,15,11,99,26,151,6,0,6,157
06/08/2005,MFE,TX,ASW,CE,Federal Contract Tower,16,7,30,24,77,0,0,68,0,68,16,7,98,24,145,2,0,2,147
06/09/2005,MFE,TX,ASW,CE,Federal Contract Tower,18,15,28,37,98,0,0,82,0,82,18,15,110,37,180,38,2,40,220
06/10/2005,MFE,TX,ASW,CE,Federal Contract Tower,17,13,38,12,80,0,0,49,0,49,17,13,87,12,129,26,0,26,155
06/11/2005,MFE,TX,ASW,CE,Federal Contract Tower,18,14,16,0,48,0,0,46,0,46,18,14,62,0,94,40,0,40,134
06/12/2005,MFE,TX,ASW,CE,Federal Contract Tower,18,9,35,0,62,0,0,39,0,39,18,9,74,0,101,0,0,0,101
06/13/2005,MFE,TX,ASW,CE,Federal Contract Tower,17,15,40,16,88,0,0,54,0,54,17,15,94,16,142,6,0,6,148
06/14/2005,MFE,TX,ASW,CE,Federal Contract Tower,17,8,41,51,117,0,0,67,0,67,17,8,108,51,184,16,0,16,200
06/15/2005,MFE,TX,ASW,CE,Federal Contract Tower,20,13,34,30,97,0,0,62,0,62,20,13,96,30,159,0,0,0,159
06/16/2005,MFE,TX,ASW,CE,Federal Contract Tower,16,7,35,58,116,0,0,66,0,66,16,7,101,58,182,22,0,22,204
06/17/2005,MFE,TX,ASW,CE,Federal Contract Tower,18,6,29,8,61,0,0,57,0,57,18,6,86,8,118,30,0,30,148
06/18/2005,MFE,TX,ASW,CE,Federal Contract Tower,19,10,19,4,52,0,0,39,0,39,19,10,58,4,91,36,0,36,127
06/19/2005,MFE,TX,ASW,CE,Federal Contract Tower,18,5,26,0,49,0,0,36,0,36,18,5,62,0,85,0,0,0,85
06/20/2005,MFE,TX,ASW,CE,Federal Contract Tower,17,8,35,54,114,0,0,47,0,47,17,8,82,54,161,6,0,6,167
06/21/2005,MFE,TX,ASW,CE,Federal Contract Tower,16,13,32,28,89,0,0,75,0,75,16,13,107,28,164,42,0,42,206
06/22/2005,MFE,TX,ASW,CE,Federal Contract Tower,20,11,48,40,119,0,0,88,0,88,20,11,136,40,207,42,20,62,269
06/23/2005,MFE,TX,ASW,CE,Federal Contract Tower,19,16,31,22,88,0,0,102,0,102,19,16,133,22,190,30,0,30,220
06/24/2005,MFE,TX,ASW,CE,Federal Contract Tower,18,23,46,0,87,0,0,77,0,77,18,23,123,0,164,24,0,24,188
06/25/2005,MFE,TX,ASW,CE,Federal Contract Tower,18,15,41,0,74,0,0,0,0,0,18,15,41,0,74,4,0,4,78
06/26/2005,MFE,TX,ASW,CE,Federal Contract Tower,18,9,20,0,47,0,0,31,0,31,18,9,51,0,78,20,0,20,98
06/27/2005,MFE,TX,ASW,CE,Federal Contract Tower,19,17,39,32,107,0,0,74,0,74,19,17,113,32,181,24,8,32,213
06/28/2005,MFE,TX,ASW,CE,Federal Contract Tower,20,13,63,16,112,0,0,72,0,72,20,13,135,16,184,46,0,46,230
06/29/2005,MFE,TX,ASW,CE,Federal Contract Tower,18,11,39,26,94,0,0,85,0,85,18,11,124,26,179,6,0,6,185
06/30/2005,MFE,TX,ASW,CE,Federal Contract Tower,18,11,27,30,86,0,0,83,0,83,18,11,110,30,169,12,0,12,181
07/01/2005,MFE,TX,ASW,CE,Federal Contract Tower,18,8,35,12,73,0,0,83,0,83,18,8,118,12,156,6,0,6,162
07/02/2005,MFE,TX,ASW,CE,Federal Contract Tower,15,11,13,0,39,0,0,32,0,32,15,11,45,0,71,0,0,0,71
07/03/2005,MFE,TX,ASW,CE,Federal Contract Tower,17,7,5,0,29,0,0,34,0,34,17,7,39,0,63,12,0,12,75
07/04/2005,MFE,TX,ASW,CE,Federal Contract Tower,17,10,17,4,48,0,0,28,0,28,17,10,45,4,76,0,0,0,76
07/05/2005,MFE,TX,ASW,CE,Federal Contract Tower,19,11,45,54,129,0,0,75,0,75,19,11,120,54,204,46,0,46,250
07/06/2005,MFE,TX,ASW,CE,Federal Contract Tower,18,11,50,40,119,0,0,76,0,76,18,11,126,40,195,40,0,40,235
07/07/2005,MFE,TX,ASW,CE,Federal Contract Tower,19,11,33,64,127,0,0,87,0,87,19,11,120,64,214,60,2,62,276
07/08/2005,MFE,TX,ASW,CE,Federal Contract Tower,16,12,39,40,107,0,0,59,0,59,16,12,98,40,166,36,0,36,202
07/09/2005,MFE,TX,ASW,CE,Federal Contract Tower,16,12,26,0,54,0,0,44,0,44,16,12,70,0,98,50,0,50,148
07/10/2005,MFE,TX,ASW,CE,Federal Contract Tower,18,7,27,0,52,0,0,17,0,17,18,7,44,0,69,10,0,10,79
07/11/2005,MFE,TX,ASW,CE,Federal Contract Tower,17,12,25,54,108,0,0,53,0,53,17,12,78,54,161,12,0,12,173
07/12/2005,MFE,TX,ASW,CE,Federal Contract Tower,17,10,59,74,160,0,0,78,0,78,17,10,137,74,238,10,0,10,248
07/13/2005,MFE,TX,ASW,CE,Federal Contract Tower,16,8,30,46,100,0,0,68,0,68,16,8,98,46,168,28,0,28,196
07/14/2005,MFE,TX,ASW,CE,Federal Contract Tower,12,14,42,60,128,0,0,90,0,90,12,14,132,60,218,32,6,38,256
07/15/2005,MFE,TX,ASW,CE,Federal Contract Tower,19,11,31,1,62,0,0,48,0,48,19,11,79,1,110,2,0,2,112
07/16/2005,MFE,TX,ASW,CE,Federal Contract Tower,16,11,14,8,49,0,0,18,0,18,16,11,32,8,67,0,0,0,67
07/17/2005,MFE,TX,ASW,CE,Federal Contract Tower,18,6,20,0,44,0,0,26,0,26,18,6,46,0,70,12,0,12,82
07/18/2005,MFE,TX,ASW,CE,Federal Contract Tower,16,11,29,8,64,0,0,54,0,54,16,11,83,8,118,6,0,6,124
07/19/2005,MFE,TX,ASW,CE,Federal Contract Tower,14,3,31,0,48,0,0,35,0,35,14,3,66,0,83,0,0,0,83
07/20/2005,MFE,TX,ASW,CE,Federal Contract Tower,12,2,0,0,14,0,0,0,0,0,12,2,0,0,14,0,0,0,14
07/21/2005,MFE,TX,ASW,CE,Federal Contract Tower,20,14,41,6,81,0,0,45,0,45,20,14,86,6,126,16,0,16,142
07/22/2005,MFE,TX,ASW,CE,Federal Contract Tower,17,11,51,40,119,0,0,57,0,57,17,11,108,40,176,6,0,6,182
07/23/2005,MFE,TX,ASW,CE,Federal Contract Tower,16,17,22,18,73,0,0,40,0,40,16,17,62,18,113,40,0,40,153
07/24/2005,MFE,TX,ASW,CE,Federal Contract Tower,19,5,22,4,50,0,0,19,0,19,19,5,41,4,69,0,0,0,69
07/25/2005,MFE,TX,ASW,CE,Federal Contract Tower,17,10,40,14,81,0,0,40,0,40,17,10,80,14,121,0,0,0,121
07/26/2005,MFE,TX,ASW,CE,Federal Contract Tower,17,9,39,48,113,0,0,69,0,69,17,9,108,48,182,28,0,28,210
07/27/2005,MFE,TX,ASW,CE,Federal Contract Tower,17,16,61,60,154,0,0,77,0,77,17,16,138,60,231,0,0,0,231
07/28/2005,MFE,TX,ASW,CE,Federal Contract Tower,17,16,44,32,109,0,0,53,0,53,17,16,97,32,162,26,0,26,188
07/29/2005,MFE,TX,ASW,CE,Federal Contract Tower,18,16,34,30,98,0,0,64,0,64,18,16,98,30,162,4,2,6,168
07/30/2005,MFE,TX,ASW,CE,Federal Contract Tower,12,14,18,0,44,0,0,55,0,55,12,14,73,0,99,18,0,18,117
07/31/2005,MFE,TX,ASW,CE,Federal Contract Tower,18,11,20,0,49,0,0,49,0,49,18,11,69,0,98,10,0,10,108
08/01/2005,MFE,TX,ASW,CE,Federal Contract Tower,17,7,25,46,95,0,0,73,0,73,17,7,98,46,168,28,8,36,204
08/02/2005,MFE,TX,ASW,CE,Federal Contract Tower,18,8,27,16,69,0,0,88,0,88,18,8,115,16,157,58,0,58,215
08/03/2005,MFE,TX,ASW,CE,Federal Contract Tower,18,15,59,28,120,0,0,79,0,79,18,15,138,28,199,52,0,52,251
08/04/2005,MFE,TX,ASW,CE,Federal Contract Tower,20,13,43,24,100,0,0,67,0,67,20,13,110,24,167,64,0,64,231
08/05/2005,MFE,TX,ASW,CE,Federal Contract Tower,18,7,45,22,92,0,0,66,0,66,18,7,111,22,158,10,4,14,172
08/06/2005,MFE,TX,ASW,CE,Federal Contract Tower,16,17,20,28,81,0,0,45,0,45,16,17,65,28,126,26,0,26,152
08/07/2005,MFE,TX,ASW,CE,Federal Contract Tower,20,4,26,0,50,0,0,45,0,45,20,4,71,0,95,18,0,18,113
08/08/2005,MFE,TX,ASW,CE,Federal Contract Tower,17,11,24,46,98,0,0,90,0,90,17,11,114,46,188,38,0,38,226
08/09/2005,MFE,TX,ASW,CE,Federal Contract Tower,17,13,35,53,118,0,0,65,0,65,17,13,100,53,183,70,0,70,253
08/10/2005,MFE,TX,ASW,CE,Federal Contract Tower,21,10,45,48,124,0,0,86,0,86,21,10,131,48,210,14,6,20,230
08/11/2005,MFE,TX,ASW,CE,Federal Contract Tower,20,10,49,36,115,0,0,96,0,96,20,10,145,36,211,6,0,6,217
08/12/2005,MFE,TX,ASW,CE,Federal Contract Tower,17,10,43,12,82,0,0,70,0,70,17,10,113,12,152,34,0,34,186
08/13/2005,MFE,TX,ASW,CE,Federal Contract Tower,16,17,24,0,57,0,0,49,0,49,16,17,73,0,106,22,0,22,128
08/14/2005,MFE,TX,ASW,CE,Federal Contract Tower,18,5,18,0,41,0,0,32,0,32,18,5,50,0,73,10,0,10,83
08/15/2005,MFE,TX,ASW,CE,Federal Contract Tower,16,14,42,50,122,0,0,63,0,63,16,14,105,50,185,30,0,30,215
08/16/2005,MFE,TX,ASW,CE,Federal Contract Tower,14,12,32,44,102,0,0,83,0,83,14,12,115,44,185,36,0,36,221
08/17/2005,MFE,TX,ASW,CE,Federal Contract Tower,19,21,36,86,162,0,0,84,0,84,19,21,120,86,246,40,0,40,286
08/18/2005,MFE,TX,ASW,CE,Federal Contract Tower,20,12,72,24,128,0,0,74,0,74,20,12,146,24,202,2,0,2,204
08/19/2005,MFE,TX,ASW,CE,Federal Contract Tower,18,15,57,8,98,0,0,69,0,69,18,15,126,8,167,34,0,34,201
08/20/2005,MFE,TX,ASW,CE,Federal Contract Tower,16,15,17,4,52,0,0,41,0,41,16,15,58,4,93,10,0,10,103
08/21/2005,MFE,TX,ASW,CE,Federal Contract Tower,20,6,30,6,62,0,0,33,0,33,20,6,63,6,95,28,0,28,123
08/22/2005,MFE,TX,ASW,CE,Federal Contract Tower,17,17,19,30,83,0,0,49,0,49,17,17,68,30,132,12,0,12,144
08/23/2005,MFE,TX,ASW,CE,Federal Contract Tower,15,11,48,34,108,0,0,61,0,61,15,11,109,34,169,32,8,40,209
08/24/2005,MFE,TX,ASW,CE,Federal Contract Tower,17,10,52,60,139,0,0,83,6,89,17,10,135,66,228,24,0,24,252
08/25/2005,MFE,TX,ASW,CE,Federal Contract Tower,19,17,61,50,147,0,0,63,0,63,19,17,124,50,210,16,2,18,228
08/26/2005,MFE,TX,ASW,CE,Federal Contract Tower,16,14,63,24,117,0,0,84,0,84,16,14,147,24,201,48,0,48,249
08/27/2005,MFE,TX,ASW,CE,Federal Contract Tower,16,20,24,2,62,0,0,62,0,62,16,20,86,2,124,14,0,14,138
08/28/2005,MFE,TX,ASW,CE,Federal Contract Tower,21,3,13,4,41,0,0,42,0,42,21,3,55,4,83,22,0,22,105
08/29/2005,MFE,TX,ASW,CE,Federal Contract Tower,17,14,48,42,121,0,0,38,0,38,17,14,86,42,159,30,0,30,189
08/30/2005,MFE,TX,ASW,CE,Federal Contract Tower,15,15,52,22,104,0,0,72,0,72,15,15,124,22,176,32,0,32,208
08/31/2005,MFE,TX,ASW,CE,Federal Contract Tower,16,10,51,2,79,0,0,60,0,60,16,10,111,2,139,12,0,12,151
09/01/2005,MFE,TX,ASW,CE,Federal Contract Tower,22,11,54,16,103,0,0,42,0,42,22,11,96,16,145,22,0,22,167
09/02/2005,MFE,TX,ASW,CE,Federal Contract Tower,18,13,26,0,57,0,0,54,0,54,18,13,80,0,111,46,0,46,157
09/03/2005,MFE,TX,ASW,CE,Federal Contract Tower,14,13,11,0,38,0,0,37,0,37,14,13,48,0,75,22,0,22,97
09/04/2005,MFE,TX,ASW,CE,Federal Contract Tower,13,7,13,0,33,0,0,16,0,16,13,7,29,0,49,24,0,24,73
09/05/2005,MFE,TX,ASW,CE,Federal Contract Tower,16,9,35,4,64,0,0,34,0,34,16,9,69,4,98,0,0,0,98
09/06/2005,MFE,TX,ASW,CE,Federal Contract Tower,16,14,31,40,101,0,0,51,0,51,16,14,82,40,152,36,20,56,208
09/07/2005,MFE,TX,ASW,CE,Federal Contract Tower,16,7,34,20,77,0,0,43,0,43,16,7,77,20,120,42,0,42,162
09/08/2005,MFE,TX,ASW,CE,Federal Contract Tower,22,11,43,2,78,0,0,47,0,47,22,11,90,2,125,12,0,12,137
09/09/2005,MFE,TX,ASW,CE,Federal Contract Tower,16,10,47,33,106,0,0,41,0,41,16,10,88,33,147,62,0,62,209
09/10/2005,MFE,TX,ASW,CE,Federal Contract Tower,16,6,24,0,46,0,0,39,0,39,16,6,63,0,85,44,0,44,129
09/11/2005,MFE,TX,ASW,CE,Federal Contract Tower,18,5,20,0,43,0,0,27,0,27,18,5,47,0,70,0,0,0,70
09/12/2005,MFE,TX,ASW,CE,Federal Contract Tower,20,10,47,14,91,0,0,41,0,41,20,10,88,14,132,24,0,24,156
09/13/2005,MFE,TX,ASW,CE,Federal Contract Tower,15,15,45,16,91,0,0,59,0,59,15,15,104,16,150,44,0,44,194
09/14/2005,MFE,TX,ASW,CE,Federal Contract Tower,18,7,31,42,98,0,0,65,0,65,18,7,96,42,163,46,0,46,209
09/15/2005,MFE,TX,ASW,CE,Federal Contract Tower,20,10,50,34,114,0,0,51,0,51,20,10,101,34,165,38,0,38,203
09/16/2005,MFE,TX,ASW,CE,Federal Contract Tower,17,15,33,38,103,0,0,68,0,68,17,15,101,38,171,6,0,6,177
09/17/2005,MFE,TX,ASW,CE,Federal Contract Tower,15,8,19,4,46,0,0,34,0,34,15,8,53,4,80,10,0,10,90
09/18/2005,MFE,TX,ASW,CE,Federal Contract Tower,20,4,25,26,75,0,0,39,0,39,20,4,64,26,114,6,0,6,120
09/19/2005,MFE,TX,ASW,CE,Federal Contract Tower,21,12,36,48,117,0,0,50,0,50,21,12,86,48,167,56,0,56,223
09/20/2005,MFE,TX,ASW,CE,Federal Contract Tower,16,9,50,22,97,0,0,99,0,99,16,9,149,22,196,22,0,22,218
09/21/2005,MFE,TX,ASW,CE,Federal Contract Tower,15,7,44,0,66,0,0,65,0,65,15,7,109,0,131,32,0,32,163
09/22/2005,MFE,TX,ASW,CE,Federal Contract Tower,20,13,71,0,104,0,0,97,0,97,20,13,168,0,201,20,0,20,221
09/23/2005,MFE,TX,ASW,CE,Federal Contract Tower,0,0,0,0,0,9,13,76,0,98,9,13,76,0,98,28,0,28,126
09/24/2005,MFE,TX,ASW,CE,Federal Contract Tower,0,0,0,0,0,8,8,50,0,66,8,8,50,0,66,2,0,2,68
09/25/2005,MFE,TX,ASW,CE,Federal Contract Tower,0,0,0,0,0,19,4,47,0,70,19,4,47,0,70,22,0,22,92
09/26/2005,MFE,TX,ASW,CE,Federal Contract Tower,21,8,17,38,84,0,0,49,0,49,21,8,66,38,133,0,0,0,133
09/27/2005,MFE,TX,ASW,CE,Federal Contract Tower,16,5,30,18,69,0,0,78,0,78,16,5,108,18,147,0,0,0,147
09/28/2005,MFE,TX,ASW,CE,Federal Contract Tower,16,11,25,46,98,0,0,66,0,66,16,11,91,46,164,4,12,16,180
09/29/2005,MFE,TX,ASW,CE,Federal Contract Tower,20,14,42,56,132,0,0,65,0,65,20,14,107,56,197,0,0,0,197
09/30/2005,MFE,TX,ASW,CE,Federal Contract Tower,18,11,42,14,85,0,0,71,0,71,18,11,113,14,156,38,0,38,194
10/01/2005,MFE,TX,ASW,CE,Federal Contract Tower,16,7,25,0,48,0,0,44,0,44,16,7,69,0,92,0,0,0,92
10/02/2005,MFE,TX,ASW,CE,Federal Contract Tower,20,7,27,0,54,0,0,31,0,31,20,7,58,0,85,0,0,0,85
10/03/2005,MFE,TX,ASW,CE,Federal Contract Tower,19,6,18,48,91,0,0,53,0,53,19,6,71,48,144,10,0,10,154
10/04/2005,MFE,TX,ASW,CE,Federal Contract Tower,15,16,33,34,98,0,0,30,0,30,15,16,63,34,128,4,0,4,132
10/05/2005,MFE,TX,ASW,CE,Federal Contract Tower,19,9,42,42,112,0,0,60,0,60,19,9,102,42,172,32,0,32,204
10/06/2005,MFE,TX,ASW,CE,Federal Contract Tower,21,16,45,44,126,0,0,58,0,58,21,16,103,44,184,54,0,54,238
10/07/2005,MFE,TX,ASW,CE,Federal Contract Tower,17,17,42,16,92,0,0,53,0,53,17,17,95,16,145,34,0,34,179
10/08/2005,MFE,TX,ASW,CE,Federal Contract Tower,15,6,21,0,42,0,0,60,0,60,15,6,81,0,102,12,0,12,114
10/09/2005,MFE,TX,ASW,CE,Federal Contract Tower,16,9,22,0,47,0,0,57,0,57,16,9,79,0,104,26,0,26,130
10/10/2005,MFE,TX,ASW,CE,Federal Contract Tower,19,11,32,4,66,0,0,58,0,58,19,11,90,4,124,40,0,40,164
10/11/2005,MFE,TX,ASW,CE,Federal Contract Tower,14,11,57,0,82,0,0,52,0,52,14,11,109,0,134,20,0,20,154
10/12/2005,MFE,TX,ASW,CE,Federal Contract Tower,17,9,62,44,132,0,0,60,0,60,17,9,122,44,192,2,0,2,194
10/13/2005,MFE,TX,ASW,CE,Federal Contract Tower,19,22,71,40,152,0,0,75,0,75,19,22,146,40,227,62,0,62,289
10/14/2005,MFE,TX,ASW,CE,Federal Contract Tower,18,7,43,46,114,0,0,59,0,59,18,7,102,46,173,24,0,24,197
10/15/2005,MFE,TX,ASW,CE,Federal Contract Tower,18,5,12,0,35,0,0,42,0,42,18,5,54,0,77,26,0,26,103
10/16/2005,MFE,TX,ASW,CE,Federal Contract Tower,20,4,15,10,49,0,0,46,0,46,20,4,61,10,95,24,0,24,119
10/17/2005,MFE,TX,ASW,CE,Federal Contract Tower,19,10,40,30,99,0,0,61,0,61,19,10,101,30,160,4,0,4,164
10/18/2005,MFE,TX,ASW,CE,Federal Contract Tower,16,9,38,54,117,0,0,67,0,67,16,9,105,54,184,34,0,34,218
10/19/2005,MFE,TX,ASW,CE,Federal Contract Tower,18,11,38,42,109,0,0,69,0,69,18,11,107,42,178,24,0,24,202
10/20/2005,MFE,TX,ASW,CE,Federal Contract Tower,28,6,37,44,115,0,0,85,0,85,28,6,122,44,200,40,0,40,240
10/21/2005,MFE,TX,ASW,CE,Federal Contract Tower,18,10,31,0,59,0,0,81,0,81,18,10,112,0,140,86,0,86,226
10/22/2005,MFE,TX,ASW,CE,Federal Contract Tower,15,5,17,0,37,0,0,73,0,73,15,5,90,0,110,16,0,16,126
10/23/2005,MFE,TX,ASW,CE,Federal Contract Tower,21,6,31,2,60,0,0,35,0,35,21,6,66,2,95,10,0,10,105
10/24/2005,MFE,TX,ASW,CE,Federal Contract Tower,21,9,33,42,105,0,0,40,0,40,21,9,73,42,145,38,0,38,183
10/25/2005,MFE,TX,ASW,CE,Federal Contract Tower,14,15,29,68,126,0,0,72,0,72,14,15,101,68,198,36,20,56,254
10/26/2005,MFE,TX,ASW,CE,Federal Contract Tower,22,17,42,20,101,0,0,74,0,74,22,17,116,20,175,8,0,8,183
10/27/2005,MFE,TX,ASW,CE,Federal Contract Tower,20,8,44,6,78,0,0,56,0,56,20,8,100,6,134,20,0,20,154
10/28/2005,MFE,TX,ASW,CE,Federal Contract Tower,18,12,55,32,117,0,0,46,0,46,18,12,101,32,163,26,0,26,189
10/29/2005,MFE,TX,ASW,CE,Federal Contract Tower,16,4,31,0,51,0,0,42,0,42,16,4,73,0,93,6,0,6,99
10/30/2005,MFE,TX,ASW,CE,Federal Contract Tower,20,5,11,20,56,0,0,64,0,64,20,5,75,20,120,42,0,42,162
10/31/2005,MFE,TX,ASW,CE,Federal Contract Tower,20,5,11,20,56,0,0,64,0,64,20,5,75,20,120,42,0,42,162
11/01/2005,MFE,TX,ASW,CE,Federal Contract Tower,17,15,27,76,135,0,0,87,0,87,17,15,114,76,222,80,4,84,306
11/02/2005,MFE,TX,ASW,CE,Federal Contract Tower,17,11,64,42,134,0,0,90,0,90,17,11,154,42,224,42,0,42,266
11/03/2005,MFE,TX,ASW,CE,Federal Contract Tower,18,10,42,28,98,0,0,64,0,64,18,10,106,28,162,30,0,30,192
11/04/2005,MFE,TX,ASW,CE,Federal Contract Tower,17,6,41,8,72,0,0,86,0,86,17,6,127,8,158,30,0,30,188
11/05/2005,MFE,TX,ASW,CE,Federal Contract Tower,18,6,19,0,43,0,0,33,0,33,18,6,52,0,76,4,0,4,80
11/06/2005,MFE,TX,ASW,CE,Federal Contract Tower,20,4,14,0,38,0,0,52,0,52,20,4,66,0,90,58,0,58,148
11/07/2005,MFE,TX,ASW,CE,Federal Contract Tower,18,8,35,38,99,0,0,35,0,35,18,8,70,38,134,0,22,22,156
11/08/2005,MFE,TX,ASW,CE,Federal Contract Tower,15,10,49,31,105,0,0,57,0,57,15,10,106,31,162,16,0,16,178
11/09/2005,MFE,TX,ASW,CE,Federal Contract Tower,18,23,38,30,109,0,0,65,0,65,18,23,103,30,174,28,0,28,202
11/10/2005,MFE,TX,ASW,CE,Federal Contract Tower,20,8,55,45,128,0,0,85,0,85,20,8,140,45,213,46,0,46,259
11/11/2005,MFE,TX,ASW,CE,Federal Contract Tower,17,13,46,0,76,0,0,65,0,65,17,13,111,0,141,108,0,108,249
11/12/2005,MFE,TX,ASW,CE,Federal Contract Tower,19,5,21,0,45,0,0,52,0,52,19,5,73,0,97,0,0,0,97
11/13/2005,MFE,TX,ASW,CE,Federal Contract Tower,20,6,23,4,53,0,0,38,0,38,20,6,61,4,91,16,0,16,107
11/14/2005,MFE,TX,ASW,CE,Federal Contract Tower,17,7,51,36,111,0,0,47,0,47,17,7,98,36,158,12,4,16,174
11/15/2005,MFE,TX,ASW,CE,Federal Contract Tower,15,8,42,20,85,0,0,64,0,64,15,8,106,20,149,12,0,12,161
11/16/2005,MFE,TX,ASW,CE,Federal Contract Tower,22,12,33,36,103,0,0,80,0,80,22,12,113,36,183,54,0,54,237
11/17/2005,MFE,TX,ASW,CE,Federal Contract Tower,19,12,64,18,113,0,0,58,0,58,19,12,122,18,171,38,0,38,209
11/18/2005,MFE,TX,ASW,CE,Federal Contract Tower,17,15,56,12,100,0,0,27,0,27,17,15,83,12,127,0,0,0,127
11/19/2005,MFE,TX,ASW,CE,Federal Contract Tower,17,8,30,4,59,0,0,4,0,4,17,8,34,4,63,0,0,0,63
11/20/2005,MFE,TX,ASW,CE,Federal Contract Tower,20,7,26,0,53,0,0,30,0,30,20,7,56,0,83,0,0,0,83
11/21/2005,MFE,TX,ASW,CE,Federal Contract Tower,17,10,46,22,95,0,0,61,0,61,17,10,107,22,156,0,0,0,156
11/22/2005,MFE,TX,ASW,CE,Federal Contract Tower,17,8,33,24,82,0,0,102,0,102,17,8,135,24,184,22,0,22,206
11/23/2005,MFE,TX,ASW,CE,Federal Contract Tower,20,8,37,12,77,0,0,89,0,89,20,8,126,12,166,34,0,34,200
11/24/2005,MFE,TX,ASW,CE,Federal Contract Tower,12,8,28,0,48,0,0,22,0,22,12,8,50,0,70,0,0,0,70
11/25/2005,MFE,TX,ASW,CE,Federal Contract Tower,15,7,18,0,40,0,0,53,0,53,15,7,71,0,93,10,0,10,103
11/26/2005,MFE,TX,ASW,CE,Federal Contract Tower,16,5,22,0,43,0,0,34,0,34,16,5,56,0,77,12,0,12,89
11/27/2005,MFE,TX,ASW,CE,Federal Contract Tower,21,4,33,0,58,0,0,41,0,41,21,4,74,0,99,0,0,0,99
11/28/2005,MFE,TX,ASW,CE,Federal Contract Tower,20,10,45,24,99,0,0,64,0,64,20,10,109,24,163,14,0,14,177
11/29/2005,MFE,TX,ASW,CE,Federal Contract Tower,17,14,27,43,101,0,0,111,0,111,17,14,138,43,212,50,0,50,262
11/30/2005,MFE,TX,ASW,CE,Federal Contract Tower,15,16,63,30,124,0,0,73,0,73,15,16,136,30,197,48,4,52,249
12/01/2005,MFE,TX,ASW,CE,Federal Contract Tower,19,7,65,48,139,0,0,54,0,54,19,7,119,48,193,28,0,28,221
12/02/2005,MFE,TX,ASW,CE,Federal Contract Tower,18,13,46,6,83,0,0,55,0,55,18,13,101,6,138,48,0,48,186
12/03/2005,MFE,TX,ASW,CE,Federal Contract Tower,15,8,50,2,75,0,0,32,0,32,15,8,82,2,107,12,0,12,119
12/04/2005,MFE,TX,ASW,CE,Federal Contract Tower,18,6,32,0,56,0,0,30,0,30,18,6,62,0,86,32,0,32,118
12/05/2005,MFE,TX,ASW,CE,Federal Contract Tower,19,5,51,34,109,0,0,46,0,46,19,5,97,34,155,14,0,14,169
12/06/2005,MFE,TX,ASW,CE,Federal Contract Tower,16,9,50,6,81,0,0,88,0,88,16,9,138,6,169,64,0,64,233
12/07/2005,MFE,TX,ASW,CE,Federal Contract Tower,17,14,41,34,106,0,0,60,0,60,17,14,101,34,166,50,34,84,250
12/08/2005,MFE,TX,ASW,CE,Federal Contract Tower,21,10,43,2,76,0,0,18,0,18,21,10,61,2,94,0,0,0,94
12/09/2005,MFE,TX,ASW,CE,Federal Contract Tower,17,8,44,17,86,0,0,42,0,42,17,8,86,17,128,40,0,40,168
12/10/2005,MFE,TX,ASW,CE,Federal Contract Tower,14,12,30,0,56,0,0,2,0,2,14,12,32,0,58,0,0,0,58
12/11/2005,MFE,TX,ASW,CE,Federal Contract Tower,21,4,30,0,55,0,0,38,0,38,21,4,68,0,93,46,0,46,139
12/12/2005,MFE,TX,ASW,CE,Federal Contract Tower,18,10,61,62,151,0,0,64,0,64,18,10,125,62,215,0,34,34,249
12/13/2005,MFE,TX,ASW,CE,Federal Contract Tower,14,11,60,58,143,1,0,50,0,51,15,11,110,58,194,14,0,14,208
12/14/2005,MFE,TX,ASW,CE,Federal Contract Tower,20,5,40,28,93,0,0,52,0,52,20,5,92,28,145,38,0,38,183
12/15/2005,MFE,TX,ASW,CE,Federal Contract Tower,19,10,62,32,123,0,0,109,0,109,19,10,171,32,232,24,10,34,266
12/16/2005,MFE,TX,ASW,CE,Federal Contract Tower,17,15,56,19,107,0,0,29,0,29,17,15,85,19,136,30,0,30,166
12/17/2005,MFE,TX,ASW,CE,Federal Contract Tower,17,12,38,0,67,0,0,0,0,0,17,12,38,0,67,0,0,0,67
12/18/2005,MFE,TX,ASW,CE,Federal Contract Tower,19,7,32,0,58,0,0,11,0,11,19,7,43,0,69,16,0,16,85
12/19/2005,MFE,TX,ASW,CE,Federal Contract Tower,17,11,49,44,121,0,0,33,0,33,17,11,82,44,154,0,0,0,154
12/20/2005,MFE,TX,ASW,CE,Federal Contract Tower,17,11,70,27,125,0,0,51,0,51,17,11,121,27,176,52,0,52,228
12/21/2005,MFE,TX,ASW,CE,Federal Contract Tower,20,8,41,18,87,0,0,83,0,83,20,8,124,18,170,40,0,40,210
12/22/2005,MFE,TX,ASW,CE,Federal Contract Tower,20,13,41,6,80,0,0,79,0,79,20,13,120,6,159,50,0,50,209
12/23/2005,MFE,TX,ASW,CE,Federal Contract Tower,17,17,17,10,61,0,0,77,0,77,17,17,94,10,138,40,0,40,178
12/24/2005,MFE,TX,ASW,CE,Federal Contract Tower,15,5,9,0,29,0,0,26,0,26,15,5,35,0,55,18,0,18,73
12/25/2005,MFE,TX,ASW,CE,Federal Contract Tower,18,7,6,0,31,0,0,14,0,14,18,7,20,0,45,0,0,0,45
12/26/2005,MFE,TX,ASW,CE,Federal Contract Tower,18,9,32,0,59,0,0,35,0,35,18,9,67,0,94,4,0,4,98
12/27/2005,MFE,TX,ASW,CE,Federal Contract Tower,19,17,21,2,59,0,0,84,0,84,19,17,105,2,143,84,0,84,227
12/28/2005,MFE,TX,ASW,CE,Federal Contract Tower,20,15,29,30,94,0,0,62,0,62,20,15,91,30,156,22,0,22,178
12/29/2005,MFE,TX,ASW,CE,Federal Contract Tower,20,8,29,6,63,0,0,38,0,38,20,8,67,6,101,26,0,26,127
12/30/2005,MFE,TX,ASW,CE,Federal Contract Tower,17,7,34,12,70,0,0,46,0,46,17,7,80,12,116,38,0,38,154
12/31/2005,MFE,TX,ASW,CE,Federal Contract Tower,16,5,16,0,37,0,0,15,0,15,16,5,31,0,52,0,0,0,52
01/01/2006,MFE,TX,ASW,CE,Federal Contract Tower,19,7,20,0,46,0,0,19,0,19,19,7,39,0,65,18,0,18,83
01/02/2006,MFE,TX,ASW,CE,Federal Contract Tower,20,11,22,0,53,0,0,44,0,44,20,11,66,0,97,0,0,0,97
01/03/2006,MFE,TX,ASW,CE,Federal Contract Tower,19,12,42,8,81,0,0,44,0,44,19,12,86,8,125,18,0,18,143
01/04/2006,MFE,TX,ASW,CE,Federal Contract Tower,20,20,41,18,99,0,0,60,0,60,20,20,101,18,159,42,0,42,201
01/05/2006,MFE,TX,ASW,CE,Federal Contract Tower,22,14,40,22,98,0,0,76,0,76,22,14,116,22,174,34,0,34,208
01/06/2006,MFE,TX,ASW,CE,Federal Contract Tower,17,13,37,6,73,0,0,65,0,65,17,13,102,6,138,24,0,24,162
01/07/2006,MFE,TX,ASW,CE,Federal Contract Tower,13,9,27,0,49,0,0,46,0,46,13,9,73,0,95,12,0,12,107
01/08/2006,MFE,TX,ASW,CE,Federal Contract Tower,19,7,20,0,46,0,0,31,0,31,19,7,51,0,77,20,0,20,97
01/09/2006,MFE,TX,ASW,CE,Federal Contract Tower,19,13,34,44,110,0,0,47,0,47,19,13,81,44,157,0,16,16,173
01/10/2006,MFE,TX,ASW,CE,Federal Contract Tower,15,16,35,32,98,0,0,48,0,48,15,16,83,32,146,18,0,18,164
01/11/2006,MFE,TX,ASW,CE,Federal Contract Tower,20,18,29,26,93,0,0,64,0,64,20,18,93,26,157,30,0,30,187
01/12/2006,MFE,TX,ASW,CE,Federal Contract Tower,19,13,36,38,106,0,0,51,0,51,19,13,87,38,157,14,0,14,171
01/13/2006,MFE,TX,ASW,CE,Federal Contract Tower,17,12,27,4,60,0,0,66,0,66,17,12,93,4,126,12,0,12,138
01/14/2006,MFE,TX,ASW,CE,Federal Contract Tower,14,9,10,2,35,0,0,74,0,74,14,9,84,2,109,38,0,38,147
01/15/2006,MFE,TX,ASW,CE,Federal Contract Tower,19,9,18,0,46,0,0,39,0,39,19,9,57,0,85,56,0,56,141
01/16/2006,MFE,TX,ASW,CE,Federal Contract Tower,18,9,53,22,102,0,0,36,0,36,18,9,89,22,138,12,0,12,150
01/17/2006,MFE,TX,ASW,CE,Federal Contract Tower,17,5,45,44,111,0,0,59,0,59,17,5,104,44,170,16,0,16,186
01/18/2006,MFE,TX,ASW,CE,Federal Contract Tower,20,9,38,30,97,0,0,67,0,67,20,9,105,30,164,26,0,26,190
01/19/2006,MFE,TX,ASW,CE,Federal Contract Tower,19,10,37,28,94,0,0,46,0,46,19,10,83,28,140,22,0,22,162
01/20/2006,MFE,TX,ASW,CE,Federal Contract Tower,20,17,45,12,94,0,0,82,0,82,20,17,127,12,176,4,0,4,180
01/21/2006,MFE,TX,ASW,CE,Federal Contract Tower,15,6,48,0,69,0,0,19,0,19,15,6,67,0,88,56,0,56,144
01/22/2006,MFE,TX,ASW,CE,Federal Contract Tower,18,9,27,10,64,0,0,23,0,23,18,9,50,10,87,46,0,46,133
01/23/2006,MFE,TX,ASW,CE,Federal Contract Tower,19,9,48,30,106,0,0,40,0,40,19,9,88,30,146,20,0,20,166
01/24/2006,MFE,TX,ASW,CE,Federal Contract Tower,16,7,31,28,82,0,0,58,0,58,16,7,89,28,140,46,0,46,186
01/25/2006,MFE,TX,ASW,CE,Federal Contract Tower,16,7,40,38,101,0,0,68,0,68,16,7,108,38,169,56,0,56,225
01/26/2006,MFE,TX,ASW,CE,Federal Contract Tower,19,15,67,38,139,0,0,60,0,60,19,15,127,38,199,26,0,26,225
01/27/2006,MFE,TX,ASW,CE,Federal Contract Tower,17,15,45,0,77,0,0,66,0,66,17,15,111,0,143,62,0,62,205
01/28/2006,MFE,TX,ASW,CE,Federal Contract Tower,14,4,36,0,54,0,0,35,0,35,14,4,71,0,89,18,0,18,107
01/29/2006,MFE,TX,ASW,CE,Federal Contract Tower,18,8,14,0,40,0,0,53,0,53,18,8,67,0,93,32,0,32,125
01/30/2006,MFE,TX,ASW,CE,Federal Contract Tower,18,8,33,2,61,0,0,53,0,53,18,8,86,2,114,4,0,4,118
01/31/2006,MFE,TX,ASW,CE,Federal Contract Tower,15,11,41,32,99,0,0,74,0,74,15,11,115,32,173,40,0,40,213
02/01/2006,MFE,TX,ASW,CE,Federal Contract Tower,18,14,62,54,148,0,0,65,0,65,18,14,127,54,213,42,6,48,261
02/02/2006,MFE,TX,ASW,CE,Federal Contract Tower,20,15,42,39,116,0,0,93,0,93,20,15,135,39,209,66,0,66,275
02/03/2006,MFE,TX,ASW,CE,Federal Contract Tower,17,13,33,7,70,0,0,51,0,51,17,13,84,7,121,4,0,4,125
02/04/2006,MFE,TX,ASW,CE,Federal Contract Tower,14,4,15,0,33,0,0,62,0,62,14,4,77,0,95,44,0,44,139
02/05/2006,MFE,TX,ASW,CE,Federal Contract Tower,18,6,17,6,47,0,0,31,0,31,18,6,48,6,78,0,0,0,78
02/06/2006,MFE,TX,ASW,CE,Federal Contract Tower,15,8,35,22,80,0,0,68,0,68,15,8,103,22,148,18,0,18,166
02/07/2006,MFE,TX,ASW,CE,Federal Contract Tower,20,13,18,45,96,0,0,90,0,90,20,13,108,45,186,54,8,62,248
02/08/2006,MFE,TX,ASW,CE,Federal Contract Tower,16,14,26,44,100,0,0,60,0,60,16,14,86,44,160,26,0,26,186
02/09/2006,MFE,TX,ASW,CE,Federal Contract Tower,20,18,66,44,148,0,0,79,0,79,20,18,145,44,227,46,0,46,273
02/10/2006,MFE,TX,ASW,CE,Federal Contract Tower,17,14,32,46,109,0,0,64,0,64,17,14,96,46,173,16,0,16,189
02/11/2006,MFE,TX,ASW,CE,Federal Contract Tower,14,4,13,20,51,0,0,32,0,32,14,4,45,20,83,14,0,14,97
02/12/2006,MFE,TX,ASW,CE,Federal Contract Tower,19,7,28,0,54,0,0,67,0,67,19,7,95,0,121,34,0,34,155
02/13/2006,MFE,TX,ASW,CE,Federal Contract Tower,19,16,26,0,61,0,0,66,0,66,19,16,92,0,127,24,0,24,151
02/14/2006,MFE,TX,ASW,CE,Federal Contract Tower,15,14,41,63,133,0,0,73,0,73,15,14,114,63,206,14,14,28,234
02/15/2006,MFE,TX,ASW,CE,Federal Contract Tower,18,17,58,40,133,0,0,91,0,91,18,17,149,40,224,14,6,20,244
02/16/2006,MFE,TX,ASW,CE,Federal Contract Tower,19,20,37,40,116,0,0,69,0,69,19,20,106,40,185,50,0,50,235
02/17/2006,MFE,TX,ASW,CE,Federal Contract Tower,15,21,44,22,102,0,0,56,0,56,15,21,100,22,158,32,10,42,200
02/18/2006,MFE,TX,ASW,CE,Federal Contract Tower,17,12,47,0,76,0,0,0,0,0,17,12,47,0,76,0,0,0,76
02/19/2006,MFE,TX,ASW,CE,Federal Contract Tower,22,21,32,0,75,0,0,1,0,1,22,21,33,0,76,0,0,0,76
02/20/2006,MFE,TX,ASW,CE,Federal Contract Tower,17,19,51,0,87,0,0,1,0,1,17,19,52,0,88,0,0,0,88
02/21/2006,MFE,TX,ASW,CE,Federal Contract Tower,18,19,73,19,129,0,0,41,0,41,18,19,114,19,170,30,0,30,200
02/22/2006,MFE,TX,ASW,CE,Federal Contract Tower,18,25,39,40,122,0,0,60,0,60,18,25,99,40,182,28,0,28,210
02/23/2006,MFE,TX,ASW,CE,Federal Contract Tower,23,25,69,0,117,0,0,3,0,3,23,25,72,0,120,0,0,0,120
02/24/2006,MFE,TX,ASW,CE,Federal Contract Tower,19,23,35,8,85,0,0,48,0,48,19,23,83,8,133,84,0,84,217
02/25/2006,MFE,TX,ASW,CE,Federal Contract Tower,21,14,25,0,60,0,0,28,0,28,21,14,53,0,88,12,0,12,100
02/26/2006,MFE,TX,ASW,CE,Federal Contract Tower,21,15,20,0,56,0,0,31,0,31,21,15,51,0,87,20,0,20,107
02/27/2006,MFE,TX,ASW,CE,Federal Contract Tower,22,17,41,36,116,0,0,62,0,62,22,17,103,36,178,46,0,46,224
02/28/2006,MFE,TX,ASW,CE,Federal Contract Tower,15,23,26,26,90,0,0,92,0,92,15,23,118,26,182,86,12,98,280
03/01/2006,MFE,TX,ASW,CE,Federal Contract Tower,17,22,37,19,95,0,0,58,0,58,17,22,95,19,153,30,0,30,183
03/02/2006,MFE,TX,ASW,CE,Federal Contract Tower,19,20,53,25,117,0,0,75,0,75,19,20,128,25,192,86,6,92,284
03/03/2006,MFE,TX,ASW,CE,Federal Contract Tower,19,21,49,16,105,0,0,62,0,62,19,21,111,16,167,54,0,54,221
03/04/2006,MFE,TX,ASW,CE,Federal Contract Tower,17,14,28,2,61,0,0,35,0,35,17,14,63,2,96,78,0,78,174
03/05/2006,MFE,TX,ASW,CE,Federal Contract Tower,20,13,23,2,58,0,0,46,0,46,20,13,69,2,104,20,0,20,124
03/06/2006,MFE,TX,ASW,CE,Federal Contract Tower,21,17,42,28,108,0,0,55,0,55,21,17,97,28,163,46,0,46,209
03/07/2006,MFE,TX,ASW,CE,Federal Contract Tower,15,15,51,42,123,0,0,77,0,77,15,15,128,42,200,80,0,80,280
03/08/2006,MFE,TX,ASW,CE,Federal Contract Tower,19,17,30,40,106,0,0,41,0,41,19,17,71,40,147,0,0,0,147
03/09/2006,MFE,TX,ASW,CE,Federal Contract Tower,21,16,49,29,115,0,0,92,0,92,21,16,141,29,207,48,0,48,255
03/10/2006,MFE,TX,ASW,CE,Federal Contract Tower,18,18,44,13,93,0,0,65,0,65,18,18,109,13,158,96,0,96,254
03/11/2006,MFE,TX,ASW,CE,Federal Contract Tower,17,8,33,2,60,0,0,65,0,65,17,8,98,2,125,38,0,38,163
03/12/2006,MFE,TX,ASW,CE,Federal Contract Tower,21,12,28,10,71,0,0,41,0,41,21,12,69,10,112,46,0,46,158
03/13/2006,MFE,TX,ASW,CE,Federal Contract Tower,22,18,35,56,131,0,0,40,0,40,22,18,75,56,171,46,0,46,217
03/14/2006,MFE,TX,ASW,CE,Federal Contract Tower,14,19,42,44,119,0,0,70,0,70,14,19,112,44,189,36,0,36,225
03/15/2006,MFE,TX,ASW,CE,Federal Contract Tower,18,18,32,48,116,0,0,45,0,45,18,18,77,48,161,36,0,36,197
03/16/2006,MFE,TX,ASW,CE,Federal Contract Tower,18,18,42,29,107,0,0,0,0,0,18,18,42,29,107,90,0,90,197
03/17/2006,MFE,TX,ASW,CE,Federal Contract Tower,18,21,42,10,91,0,0,42,0,42,18,21,84,10,133,28,0,28,161
03/18/2006,MFE,TX,ASW,CE,Federal Contract Tower,20,9,25,12,66,0,0,25,0,25,20,9,50,12,91,36,0,36,127
03/19/2006,MFE,TX,ASW,CE,Federal Contract Tower,20,20,13,4,57,0,0,20,0,20,20,20,33,4,77,8,0,8,85
03/20/2006,MFE,TX,ASW,CE,Federal Contract Tower,16,18,24,46,104,0,0,61,0,61,16,18,85,46,165,0,2,2,167
03/21/2006,MFE,TX,ASW,CE,Federal Contract Tower,21,26,24,38,109,0,0,121,0,121,21,26,145,38,230,64,6,70,300
03/22/2006,MFE,TX,ASW,CE,Federal Contract Tower,17,20,36,54,127,0,0,55,0,55,17,20,91,54,182,66,2,68,250
03/23/2006,MFE,TX,ASW,CE,Federal Contract Tower,19,18,41,33,111,0,0,42,0,42,19,18,83,33,153,46,0,46,199
03/24/2006,MFE,TX,ASW,CE,Federal Contract Tower,16,25,40,36,117,0,0,104,0,104,16,25,144,36,221,82,0,82,303
03/25/2006,MFE,TX,ASW,CE,Federal Contract Tower,16,9,16,24,65,0,0,56,0,56,16,9,72,24,121,102,0,102,223
03/26/2006,MFE,TX,ASW,CE,Federal Contract Tower,18,14,32,10,74,0,0,31,0,31,18,14,63,10,105,14,0,14,119
03/27/2006,MFE,TX,ASW,CE,Federal Contract Tower,20,21,46,32,119,0,0,34,0,34,20,21,80,32,153,44,0,44,197
03/28/2006,MFE,TX,ASW,CE,Federal Contract Tower,17,17,42,20,96,0,0,48,0,48,17,17,90,20,144,116,0,116,260
03/29/2006,MFE,TX,ASW,CE,Federal Contract Tower,18,16,28,26,88,0,0,60,0,60,18,16,88,26,148,78,0,78,226
03/30/2006,MFE,TX,ASW,CE,Federal Contract Tower,19,17,51,16,103,0,0,61,0,61,19,17,112,16,164,86,0,86,250
03/31/2006,MFE,TX,ASW,CE,Federal Contract Tower,17,24,43,10,94,0,0,55,0,55,17,24,98,10,149,62,0,62,211
04/01/2006,MFE,TX,ASW,CE,Federal Contract Tower,20,8,25,0,53,0,0,41,0,41,20,8,66,0,94,26,0,26,120
04/02/2006,MFE,TX,ASW,CE,Federal Contract Tower,21,13,24,0,58,0,0,27,0,27,21,13,51,0,85,62,0,62,147
04/03/2006,MFE,TX,ASW,CE,Federal Contract Tower,19,24,44,26,113,0,0,65,0,65,19,24,109,26,178,34,14,48,226
04/04/2006,MFE,TX,ASW,CE,Federal Contract Tower,14,26,26,42,108,0,0,73,0,73,14,26,99,42,181,12,0,12,193
04/05/2006,MFE,TX,ASW,CE,Federal Contract Tower,18,20,47,24,109,0,0,95,0,95,18,20,142,24,204,56,0,56,260
04/06/2006,MFE,TX,ASW,CE,Federal Contract Tower,20,23,53,49,145,0,0,61,0,61,20,23,114,49,206,0,0,0,206
04/07/2006,MFE,TX,ASW,CE,Federal Contract Tower,20,18,46,6,90,0,0,65,0,65,20,18,111,6,155,52,0,52,207
04/08/2006,MFE,TX,ASW,CE,Federal Contract Tower,16,11,18,0,45,0,0,54,0,54,16,11,72,0,99,28,0,28,127
04/09/2006,MFE,TX,ASW,CE,Federal Contract Tower,19,14,25,12,70,0,0,39,0,39,19,14,64,12,109,28,0,28,137
04/10/2006,MFE,TX,ASW,CE,Federal Contract Tower,18,18,33,17,86,0,0,49,0,49,18,18,82,17,135,26,0,26,161
04/11/2006,MFE,TX,ASW,CE,Federal Contract Tower,15,21,31,16,83,0,0,75,0,75,15,21,106,16,158,36,0,36,194
04/12/2006,MFE,TX,ASW,CE,Federal Contract Tower,18,24,50,39,131,0,0,83,0,83,18,24,133,39,214,46,0,46,260
04/13/2006,MFE,TX,ASW,CE,Federal Contract Tower,20,14,35,25,94,0,0,98,0,98,20,14,133,25,192,96,0,96,288
04/14/2006,MFE,TX,ASW,CE,Federal Contract Tower,19,22,30,2,73,0,0,86,0,86,19,22,116,2,159,68,0,68,227
04/15/2006,MFE,TX,ASW,CE,Federal Contract Tower,15,8,20,0,43,0,0,35,0,35,15,8,55,0,78,36,0,36,114
04/16/2006,MFE,TX,ASW,CE,Federal Contract Tower,20,13,12,6,51,0,0,34,0,34,20,13,46,6,85,0,0,0,85
04/17/2006,MFE,TX,ASW,CE,Federal Contract Tower,19,21,34,24,98,0,0,76,0,76,19,21,110,24,174,34,0,34,208
04/18/2006,MFE,TX,ASW,CE,Federal Contract Tower,16,17,35,38,106,0,0,96,0,96,16,17,131,38,202,6,0,6,208
04/19/2006,MFE,TX,ASW,CE,Federal Contract Tower,17,27,52,36,132,0,0,60,0,60,17,27,112,36,192,38,0,38,230
04/20/2006,MFE,TX,ASW,CE,Federal Contract Tower,22,21,69,18,130,0,0,69,0,69,22,21,138,18,199,92,0,92,291
04/21/2006,MFE,TX,ASW,CE,Federal Contract Tower,20,21,45,4,90,0,0,58,0,58,20,21,103,4,148,122,0,122,270
04/22/2006,MFE,TX,ASW,CE,Federal Contract Tower,16,11,15,0,42,0,0,36,0,36,16,11,51,0,78,10,0,10,88
04/23/2006,MFE,TX,ASW,CE,Federal Contract Tower,19,14,28,0,61,0,0,51,0,51,19,14,79,0,112,24,0,24,136
04/24/2006,MFE,TX,ASW,CE,Federal Contract Tower,18,16,49,42,125,0,0,29,0,29,18,16,78,42,154,0,26,26,180
04/25/2006,MFE,TX,ASW,CE,Federal Contract Tower,13,17,48,12,90,0,0,53,0,53,13,17,101,12,143,34,0,34,177
04/26/2006,MFE,TX,ASW,CE,Federal Contract Tower,20,24,48,27,119,0,0,47,0,47,20,24,95,27,166,42,0,42,208
04/27/2006,MFE,TX,ASW,CE,Federal Contract Tower,21,19,55,36,131,0,0,70,0,70,21,19,125,36,201,84,0,84,285
04/28/2006,MFE,TX,ASW,CE,Federal Contract Tower,20,15,50,8,93,0,0,31,0,31,20,15,81,8,124,12,0,12,136
04/29/2006,MFE,TX,ASW,CE,Federal Contract Tower,18,11,23,0,52,0,0,34,0,34,18,11,57,0,86,12,0,12,98
04/30/2006,MFE,TX,ASW,CE,Federal Contract Tower,19,17,17,6,59,0,0,48,0,48,19,17,65,6,107,38,0,38,145
05/01/2006,MFE,TX,ASW,CE,Federal Contract Tower,19,15,49,44,127,0,0,64,0,64,19,15,113,44,191,16,0,16,207
05/02/2006,MFE,TX,ASW,CE,Federal Contract Tower,14,19,32,44,109,0,0,57,0,57,14,19,89,44,166,48,6,54,220
05/03/2006,MFE,TX,ASW,CE,Federal Contract Tower,16,31,35,30,112,0,0,44,0,44,16,31,79,30,156,62,0,62,218
05/04/2006,MFE,TX,ASW,CE,Federal Contract Tower,23,27,41,28,119,0,0,71,0,71,23,27,112,28,190,38,0,38,228
05/05/2006,MFE,TX,ASW,CE,Federal Contract Tower,18,37,35,6,96,0,0,57,0,57,18,37,92,6,153,22,0,22,175
05/06/2006,MFE,TX,ASW,CE,Federal Contract Tower,16,16,14,0,46,0,0,40,0,40,16,16,54,0,86,56,0,56,142
05/07/2006,MFE,TX,ASW,CE,Federal Contract Tower,19,31,23,18,91,0,0,29,0,29,19,31,52,18,120,0,0,0,120
05/08/2006,MFE,TX,ASW,CE,Federal Contract Tower,20,18,28,30,96,0,0,36,0,36,20,18,64,30,132,30,0,30,162
05/09/2006,MFE,TX,ASW,CE,Federal Contract Tower,16,30,34,32,112,0,0,59,0,59,16,30,93,32,171,44,0,44,215
05/10/2006,MFE,TX,ASW,CE,Federal Contract Tower,15,19,44,20,98,0,0,48,0,48,15,19,92,20,146,4,0,4,150
05/11/2006,MFE,TX,ASW,CE,Federal Contract Tower,27,22,32,14,95,0,0,63,0,63,27,22,95,14,158,32,0,32,190
05/12/2006,MFE,TX,ASW,CE,Federal Contract Tower,16,28,39,19,102,0,0,85,0,85,16,28,124,19,187,26,0,26,213
05/13/2006,MFE,TX,ASW,CE,Federal Contract Tower,16,15,19,0,50,0,0,36,0,36,16,15,55,0,86,4,0,4,90
05/14/2006,MFE,TX,ASW,CE,Federal Contract Tower,25,12,27,6,70,0,0,38,0,38,25,12,65,6,108,0,0,0,108
05/15/2006,MFE,TX,ASW,CE,Federal Contract Tower,18,19,24,34,95,0,0,51,0,51,18,19,75,34,146,18,0,18,164
05/16/2006,MFE,TX,ASW,CE,Federal Contract Tower,15,18,17,56,106,0,0,78,0,78,15,18,95,56,184,30,0,30,214
05/17/2006,MFE,TX,ASW,CE,Federal Contract Tower,19,22,57,48,146,0,0,76,0,76,19,22,133,48,222,40,0,40,262
05/18/2006,MFE,TX,ASW,CE,Federal Contract Tower,20,16,39,14,89,0,0,66,0,66,20,16,105,14,155,46,0,46,201
05/19/2006,MFE,TX,ASW,CE,Federal Contract Tower,18,23,25,2,68,0,0,57,0,57,18,23,82,2,125,22,0,22,147
05/20/2006,MFE,TX,ASW,CE,Federal Contract Tower,14,13,8,0,35,0,0,56,0,56,14,13,64,0,91,44,0,44,135
05/21/2006,MFE,TX,ASW,CE,Federal Contract Tower,16,17,23,4,60,0,0,40,0,40,16,17,63,4,100,22,0,22,122
05/22/2006,MFE,TX,ASW,CE,Federal Contract Tower,18,17,65,22,122,0,0,54,0,54,18,17,119,22,176,28,0,28,204
05/23/2006,MFE,TX,ASW,CE,Federal Contract Tower,13,21,43,22,99,0,0,79,0,79,13,21,122,22,178,80,0,80,258
05/24/2006,MFE,TX,ASW,CE,Federal Contract Tower,16,25,31,28,100,0,0,81,0,81,16,25,112,28,181,50,0,50,231
05/25/2006,MFE,TX,ASW,CE,Federal Contract Tower,23,25,37,20,105,0,0,47,0,47,23,25,84,20,152,38,0,38,190
05/26/2006,MFE,TX,ASW,CE,Federal Contract Tower,19,23,37,6,85,0,0,43,0,43,19,23,80,6,128,8,0,8,136
05/27/2006,MFE,TX,ASW,CE,Federal Contract Tower,13,10,9,0,32,0,0,44,0,44,13,10,53,0,76,44,0,44,120
05/28/2006,MFE,TX,ASW,CE,Federal Contract Tower,15,12,12,0,39,0,0,15,0,15,15,12,27,0,54,0,0,0,54
05/29/2006,MFE,TX,ASW,CE,Federal Contract Tower,15,24,30,12,81,0,0,41,0,41,15,24,71,12,122,40,0,40,162
05/30/2006,MFE,TX,ASW,CE,Federal Contract Tower,16,24,30,42,112,0,0,52,0,52,16,24,82,42,164,24,4,28,192
05/31/2006,MFE,TX,ASW,CE,Federal Contract Tower,15,22,28,52,117,0,0,41,0,41,15,22,69,52,158,14,0,14,172
06/01/2006,MFE,TX,ASW,CE,Federal Contract Tower,19,20,31,9,79,0,0,36,0,36,19,20,67,9,115,10,0,10,125
06/02/2006,MFE,TX,ASW,CE,Federal Contract Tower,17,16,36,0,69,0,0,21,0,21,17,16,57,0,90,20,0,20,110
06/03/2006,MFE,TX,ASW,CE,Federal Contract Tower,14,14,15,0,43,0,0,38,0,38,14,14,53,0,81,16,0,16,97
06/04/2006,MFE,TX,ASW,CE,Federal Contract Tower,19,17,16,10,62,0,0,29,0,29,19,17,45,10,91,14,0,14,105
06/05/2006,MFE,TX,ASW,CE,Federal Contract Tower,18,23,22,12,75,0,0,64,0,64,18,23,86,12,139,6,0,6,145
06/06/2006,MFE,TX,ASW,CE,Federal Contract Tower,17,23,31,52,123,0,0,68,0,68,17,23,99,52,191,24,4,28,219
06/07/2006,MFE,TX,ASW,CE,Federal Contract Tower,17,25,29,40,111,0,0,65,0,65,17,25,94,40,176,44,0,44,220
06/08/2006,MFE,TX,ASW,CE,Federal Contract Tower,20,23,41,24,108,0,0,80,0,80,20,23,121,24,188,28,0,28,216
06/09/2006,MFE,TX,ASW,CE,Federal Contract Tower,19,22,19,0,60,0,0,62,0,62,19,22,81,0,122,4,0,4,126
06/10/2006,MFE,TX,ASW,CE,Federal Contract Tower,18,16,12,0,46,0,0,49,0,49,18,16,61,0,95,10,0,10,105
06/11/2006,MFE,TX,ASW,CE,Federal Contract Tower,19,21,18,8,66,0,0,29,0,29,19,21,47,8,95,0,0,0,95
06/12/2006,MFE,TX,ASW,CE,Federal Contract Tower,19,18,30,12,79,0,0,66,0,66,19,18,96,12,145,2,0,2,147
06/13/2006,MFE,TX,ASW,CE,Federal Contract Tower,17,22,33,50,122,0,0,76,0,76,17,22,109,50,198,32,0,32,230
06/14/2006,MFE,TX,ASW,CE,Federal Contract Tower,19,24,48,36,127,0,0,74,0,74,19,24,122,36,201,48,8,56,257
06/15/2006,MFE,TX,ASW,CE,Federal Contract Tower,21,25,37,46,129,0,0,58,0,58,21,25,95,46,187,4,10,14,201
06/16/2006,MFE,TX,ASW,CE,Federal Contract Tower,20,18,25,36,99,0,0,54,0,54,20,18,79,36,153,12,0,12,165
06/17/2006,MFE,TX,ASW,CE,Federal Contract Tower,23,15,20,4,62,0,0,29,0,29,23,15,49,4,91,14,0,14,105
06/18/2006,MFE,TX,ASW,CE,Federal Contract Tower,20,21,12,2,55,0,0,22,0,22,20,21,34,2,77,0,0,0,77
06/19/2006,MFE,TX,ASW,CE,Federal Contract Tower,21,19,38,30,108,0,0,53,0,53,21,19,91,30,161,2,0,2,163
06/20/2006,MFE,TX,ASW,CE,Federal Contract Tower,18,28,22,18,86,0,0,56,0,56,18,28,78,18,142,18,0,18,160
06/21/2006,MFE,TX,ASW,CE,Federal Contract Tower,19,29,34,16,98,0,0,53,0,53,19,29,87,16,151,20,0,20,171
06/22/2006,MFE,TX,ASW,CE,Federal Contract Tower,19,19,60,20,118,0,0,56,0,56,19,19,116,20,174,2,0,2,176
06/23/2006,MFE,TX,ASW,CE,Federal Contract Tower,22,25,39,2,88,0,0,61,0,61,22,25,100,2,149,24,0,24,173
06/24/2006,MFE,TX,ASW,CE,Federal Contract Tower,19,16,12,18,65,0,0,49,0,49,19,16,61,18,114,42,0,42,156
06/25/2006,MFE,TX,ASW,CE,Federal Contract Tower,21,13,18,6,58,0,0,22,0,22,21,13,40,6,80,0,0,0,80
06/26/2006,MFE,TX,ASW,CE,Federal Contract Tower,22,28,35,8,93,0,0,50,0,50,22,28,85,8,143,0,0,0,143
06/27/2006,MFE,TX,ASW,CE,Federal Contract Tower,19,20,34,10,83,0,0,79,0,79,19,20,113,10,162,18,0,18,180
06/28/2006,MFE,TX,ASW,CE,Federal Contract Tower,20,23,46,34,123,0,0,73,0,73,20,23,119,34,196,42,0,42,238
06/29/2006,MFE,TX,ASW,CE,Federal Contract Tower,21,24,26,14,85,0,0,90,0,90,21,24,116,14,175,70,0,70,245
06/30/2006,MFE,TX,ASW,CE,Federal Contract Tower,22,16,20,8,66,0,0,79,0,79,22,16,99,8,145,64,0,64,209
07/01/2006,MFE,TX,ASW,CE,Federal Contract Tower,17,19,18,0,54,0,0,29,0,29,17,19,47,0,83,4,0,4,87
07/02/2006,MFE,TX,ASW,CE,Federal Contract Tower,19,12,13,0,44,0,0,19,0,19,19,12,32,0,63,12,0,12,75
07/03/2006,MFE,TX,ASW,CE,Federal Contract Tower,17,12,17,10,56,0,0,19,0,19,17,12,36,10,75,8,0,8,83
07/04/2006,MFE,TX,ASW,CE,Federal Contract Tower,14,13,12,0,39,0,0,12,0,12,14,13,24,0,51,12,0,12,63
07/05/2006,MFE,TX,ASW,CE,Federal Contract Tower,18,12,22,12,64,0,0,42,0,42,18,12,64,12,106,18,0,18,124
07/06/2006,MFE,TX,ASW,CE,Federal Contract Tower,19,13,25,2,59,0,0,49,0,49,19,13,74,2,108,20,0,20,128
07/07/2006,MFE,TX,ASW,CE,Federal Contract Tower,17,19,30,24,90,0,0,41,0,41,17,19,71,24,131,10,0,10,141
07/08/2006,MFE,TX,ASW,CE,Federal Contract Tower,17,14,13,2,46,0,0,33,0,33,17,14,46,2,79,28,0,28,107
07/09/2006,MFE,TX,ASW,CE,Federal Contract Tower,19,14,16,0,49,0,0,27,0,27,19,14,43,0,76,18,0,18,94
07/10/2006,MFE,TX,ASW,CE,Federal Contract Tower,19,16,26,44,105,0,0,66,0,66,19,16,92,44,171,28,10,38,209
07/11/2006,MFE,TX,ASW,CE,Federal Contract Tower,18,13,50,26,107,0,0,80,0,80,18,13,130,26,187,2,0,2,189
07/12/2006,MFE,TX,ASW,CE,Federal Contract Tower,17,20,25,12,74,0,0,85,0,85,17,20,110,12,159,22,0,22,181
07/13/2006,MFE,TX,ASW,CE,Federal Contract Tower,21,15,43,40,119,0,0,93,0,93,21,15,136,40,212,36,2,38,250
07/14/2006,MFE,TX,ASW,CE,Federal Contract Tower,21,19,43,14,97,0,0,73,0,73,21,19,116,14,170,20,0,20,190
07/15/2006,MFE,TX,ASW,CE,Federal Contract Tower,17,16,15,0,48,0,0,38,0,38,17,16,53,0,86,14,0,14,100
07/16/2006,MFE,TX,ASW,CE,Federal Contract Tower,19,16,15,12,62,0,0,39,0,39,19,16,54,12,101,12,0,12,113
07/17/2006,MFE,TX,ASW,CE,Federal Contract Tower,20,19,29,64,132,0,0,66,0,66,20,19,95,64,198,38,0,38,236
07/18/2006,MFE,TX,ASW,CE,Federal Contract Tower,18,15,33,42,108,0,0,74,0,74,18,15,107,42,182,14,0,14,196
07/19/2006,MFE,TX,ASW,CE,Federal Contract Tower,19,19,31,58,127,0,0,75,0,75,19,19,106,58,202,12,4,16,218
07/20/2006,MFE,TX,ASW,CE,Federal Contract Tower,18,17,29,12,76,0,0,84,0,84,18,17,113,12,160,28,0,28,188
07/21/2006,MFE,TX,ASW,CE,Federal Contract Tower,19,17,18,29,83,0,0,69,0,69,19,17,87,29,152,42,6,48,200
07/22/2006,MFE,TX,ASW,CE,Federal Contract Tower,17,18,7,2,44,0,0,50,0,50,17,18,57,2,94,2,0,2,96
07/23/2006,MFE,TX,ASW,CE,Federal Contract Tower,19,15,6,2,42,0,0,35,0,35,19,15,41,2,77,10,0,10,87
07/24/2006,MFE,TX,ASW,CE,Federal Contract Tower,20,23,10,29,82,0,0,51,0,51,20,23,61,29,133,32,0,32,165
07/25/2006,MFE,TX,ASW,CE,Federal Contract Tower,17,23,52,42,134,0,0,38,0,38,17,23,90,42,172,24,0,24,196
07/26/2006,MFE,TX,ASW,CE,Federal Contract Tower,18,26,46,23,113,0,0,38,0,38,18,26,84,23,151,30,0,30,181
07/27/2006,MFE,TX,ASW,CE,Federal Contract Tower,21,25,46,19,111,0,0,36,0,36,21,25,82,19,147,32,0,32,179
07/28/2006,MFE,TX,ASW,CE,Federal Contract Tower,19,21,24,17,81,0,0,57,0,57,19,21,81,17,138,0,0,0,138
07/29/2006,MFE,TX,ASW,CE,Federal Contract Tower,16,16,20,0,52,0,0,41,2,43,16,16,61,2,95,14,0,14,109
07/30/2006,MFE,TX,ASW,CE,Federal Contract Tower,19,15,12,0,46,0,0,48,6,54,19,15,60,6,100,0,0,0,100
07/31/2006,MFE,TX,ASW,CE,Federal Contract Tower,19,21,36,48,124,0,0,45,0,45,19,21,81,48,169,16,0,16,185
08/01/2006,MFE,TX,ASW,CE,Federal Contract Tower,16,17,28,28,89,0,0,56,0,56,16,17,84,28,145,36,0,36,181
08/02/2006,MFE,TX,ASW,CE,Federal Contract Tower,18,20,54,50,142,0,0,54,0,54,18,20,108,50,196,30,0,30,226
08/03/2006,MFE,TX,ASW,CE,Federal Contract Tower,21,18,32,30,101,0,0,34,0,34,21,18,66,30,135,0,0,0,135
08/04/2006,MFE,TX,ASW,CE,Federal Contract Tower,19,18,32,6,75,0,0,50,0,50,19,18,82,6,125,20,0,20,145
08/05/2006,MFE,TX,ASW,CE,Federal Contract Tower,17,19,4,0,40,0,0,58,0,58,17,19,62,0,98,16,0,16,114
08/06/2006,MFE,TX,ASW,CE,Federal Contract Tower,20,14,17,4,55,0,0,29,0,29,20,14,46,4,84,0,0,0,84
08/07/2006,MFE,TX,ASW,CE,Federal Contract Tower,22,18,31,44,115,0,0,42,0,42,22,18,73,44,157,8,0,8,165
08/08/2006,MFE,TX,ASW,CE,Federal Contract Tower,17,19,36,36,108,0,0,55,0,55,17,19,91,36,163,36,0,36,199
08/09/2006,MFE,TX,ASW,CE,Federal Contract Tower,19,22,47,20,108,0,0,69,0,69,19,22,116,20,177,66,0,66,243
08/10/2006,MFE,TX,ASW,CE,Federal Contract Tower,21,18,34,48,121,0,0,69,0,69,21,18,103,48,190,36,0,36,226
08/11/2006,MFE,TX,ASW,CE,Federal Contract Tower,17,16,40,22,95,0,0,49,0,49,17,16,89,22,144,18,0,18,162
08/12/2006,MFE,TX,ASW,CE,Federal Contract Tower,18,13,17,4,52,0,0,36,0,36,18,13,53,4,88,12,0,12,100
08/13/2006,MFE,TX,ASW,CE,Federal Contract Tower,20,21,22,4,67,0,0,32,0,32,20,21,54,4,99,32,0,32,131
08/14/2006,MFE,TX,ASW,CE,Federal Contract Tower,17,25,45,52,139,0,0,37,0,37,17,25,82,52,176,0,0,0,176
08/15/2006,MFE,TX,ASW,CE,Federal Contract Tower,16,30,40,50,136,0,0,60,0,60,16,30,100,50,196,18,0,18,214
08/16/2006,MFE,TX,ASW,CE,Federal Contract Tower,15,26,44,34,119,0,0,77,0,77,15,26,121,34,196,40,0,40,236
08/17/2006,MFE,TX,ASW,CE,Federal Contract Tower,18,22,23,36,99,0,0,85,0,85,18,22,108,36,184,58,4,62,246
08/18/2006,MFE,TX,ASW,CE,Federal Contract Tower,19,22,40,22,103,0,0,66,0,66,19,22,106,22,169,22,0,22,191
08/19/2006,MFE,TX,ASW,CE,Federal Contract Tower,17,16,11,0,44,0,0,43,0,43,17,16,54,0,87,6,0,6,93
08/20/2006,MFE,TX,ASW,CE,Federal Contract Tower,18,14,14,0,46,0,0,45,0,45,18,14,59,0,91,20,0,20,111
08/21/2006,MFE,TX,ASW,CE,Federal Contract Tower,20,17,27,34,98,0,0,43,0,43,20,17,70,34,141,12,0,12,153
08/22/2006,MFE,TX,ASW,CE,Federal Contract Tower,14,20,48,38,120,0,0,67,0,67,14,20,115,38,187,34,0,34,221
08/23/2006,MFE,TX,ASW,CE,Federal Contract Tower,15,29,38,50,132,0,0,86,0,86,15,29,124,50,218,18,0,18,236
08/24/2006,MFE,TX,ASW,CE,Federal Contract Tower,19,30,39,40,128,0,0,74,0,74,19,30,113,40,202,34,0,34,236
08/25/2006,MFE,TX,ASW,CE,Federal Contract Tower,22,31,45,12,110,0,0,69,0,69,22,31,114,12,179,26,0,26,205
08/26/2006,MFE,TX,ASW,CE,Federal Contract Tower,16,17,9,0,42,0,0,57,0,57,16,17,66,0,99,20,0,20,119
08/27/2006,MFE,TX,ASW,CE,Federal Contract Tower,19,14,16,14,63,0,0,46,0,46,19,14,62,14,109,22,0,22,131
08/28/2006,MFE,TX,ASW,CE,Federal Contract Tower,17,18,21,40,96,0,0,66,0,66,17,18,87,40,162,16,0,16,178
08/29/2006,MFE,TX,ASW,CE,Federal Contract Tower,15,22,36,28,101,0,0,73,0,73,15,22,109,28,174,26,0,26,200
08/30/2006,MFE,TX,ASW,CE,Federal Contract Tower,17,23,35,34,109,0,0,56,0,56,17,23,91,34,165,34,0,34,199
08/31/2006,MFE,TX,ASW,CE,Federal Contract Tower,18,21,40,64,143,0,0,70,0,70,18,21,110,64,213,32,0,32,245
09/01/2006,MFE,TX,ASW,CE,Federal Contract Tower,19,18,35,6,78,0,0,74,0,74,19,18,109,6,152,66,0,66,218
09/02/2006,MFE,TX,ASW,CE,Federal Contract Tower,14,18,7,4,43,0,0,52,0,52,14,18,59,4,95,8,0,8,103
09/03/2006,MFE,TX,ASW,CE,Federal Contract Tower,19,9,18,0,46,0,0,32,0,32,19,9,50,0,78,18,0,18,96
09/04/2006,MFE,TX,ASW,CE,Federal Contract Tower,23,12,25,4,64,0,0,47,0,47,23,12,72,4,111,50,0,50,161
09/05/2006,MFE,TX,ASW,CE,Federal Contract Tower,18,31,32,24,105,0,0,55,0,55,18,31,87,24,160,8,0,8,168
09/06/2006,MFE,TX,ASW,CE,Federal Contract Tower,17,16,33,40,106,0,0,46,0,46,17,16,79,40,152,64,0,64,216
09/07/2006,MFE,TX,ASW,CE,Federal Contract Tower,19,24,27,36,106,0,0,68,0,68,19,24,95,36,174,66,0,66,240
09/08/2006,MFE,TX,ASW,CE,Federal Contract Tower,21,22,40,26,109,0,0,39,0,39,21,22,79,26,148,0,0,0,148
09/09/2006,MFE,TX,ASW,CE,Federal Contract Tower,16,13,12,1,42,0,0,25,0,25,16,13,37,1,67,0,0,0,67
09/10/2006,MFE,TX,ASW,CE,Federal Contract Tower,19,20,15,5,59,0,0,33,0,33,19,20,48,5,92,20,0,20,112
09/11/2006,MFE,TX,ASW,CE,Federal Contract Tower,21,20,43,32,116,0,0,25,0,25,21,20,68,32,141,2,0,2,143
09/12/2006,MFE,TX,ASW,CE,Federal Contract Tower,16,26,31,4,77,0,0,16,0,16,16,26,47,4,93,10,0,10,103
09/13/2006,MFE,TX,ASW,CE,Federal Contract Tower,16,17,41,16,90,0,0,41,0,41,16,17,82,16,131,86,0,86,217
09/14/2006,MFE,TX,ASW,CE,Federal Contract Tower,20,24,65,34,143,0,0,65,0,65,20,24,130,34,208,22,0,22,230
09/15/2006,MFE,TX,ASW,CE,Federal Contract Tower,21,21,46,16,104,0,0,70,0,70,21,21,116,16,174,62,4,66,240
09/16/2006,MFE,TX,ASW,CE,Federal Contract Tower,18,9,18,6,51,0,0,58,0,58,18,9,76,6,109,90,0,90,199
09/17/2006,MFE,TX,ASW,CE,Federal Contract Tower,18,16,21,12,67,0,0,39,0,39,18,16,60,12,106,10,0,10,116
09/18/2006,MFE,TX,ASW,CE,Federal Contract Tower,19,17,48,22,106,0,0,22,0,22,19,17,70,22,128,22,0,22,150
09/19/2006,MFE,TX,ASW,CE,Federal Contract Tower,17,25,27,20,89,0,0,73,0,73,17,25,100,20,162,4,12,16,178
09/20/2006,MFE,TX,ASW,CE,Federal Contract Tower,15,27,41,20,103,0,0,95,0,95,15,27,136,20,198,42,18,60,258
09/21/2006,MFE,TX,ASW,CE,Federal Contract Tower,18,16,34,2,70,0,0,75,0,75,18,16,109,2,145,0,0,0,145
09/22/2006,MFE,TX,ASW,CE,Federal Contract Tower,19,17,40,20,96,0,0,60,0,60,19,17,100,20,156,44,12,56,212
09/23/2006,MFE,TX,ASW,CE,Federal Contract Tower,14,5,20,0,39,0,0,37,0,37,14,5,57,0,76,28,0,28,104
09/24/2006,MFE,TX,ASW,CE,Federal Contract Tower,19,14,20,0,53,0,0,16,0,16,19,14,36,0,69,18,0,18,87
09/25/2006,MFE,TX,ASW,CE,Federal Contract Tower,20,18,45,66,149,0,0,60,0,60,20,18,105,66,209,32,0,32,241
09/26/2006,MFE,TX,ASW,CE,Federal Contract Tower,15,19,41,29,104,0,0,64,0,64,15,19,105,29,168,14,2,16,184
09/27/2006,MFE,TX,ASW,CE,Federal Contract Tower,15,15,42,31,103,0,0,64,0,64,15,15,106,31,167,64,0,64,231
09/28/2006,MFE,TX,ASW,CE,Federal Contract Tower,19,26,34,38,117,0,0,74,0,74,19,26,108,38,191,12,0,12,203
09/29/2006,MFE,TX,ASW,CE,Federal Contract Tower,20,14,20,10,64,0,0,74,0,74,20,14,94,10,138,16,0,16,154
09/30/2006,MFE,TX,ASW,CE,Federal Contract Tower,16,6,19,0,41,0,0,40,0,40,16,6,59,0,81,42,0,42,123
10/01/2006,MFE,TX,ASW,CE,Federal Contract Tower,19,12,25,2,58,0,0,46,0,46,19,12,71,2,104,24,0,24,128
10/02/2006,MFE,TX,ASW,CE,Federal Contract Tower,19,24,30,24,97,0,0,28,0,28,19,24,58,24,125,10,0,10,135
10/03/2006,MFE,TX,ASW,CE,Federal Contract Tower,16,21,22,20,79,0,0,62,0,62,16,21,84,20,141,2,0,2,143
10/04/2006,MFE,TX,ASW,CE,Federal Contract Tower,19,25,41,8,93,0,0,44,0,44,19,25,85,8,137,20,0,20,157
10/05/2006,MFE,TX,ASW,CE,Federal Contract Tower,21,20,49,12,102,0,0,51,0,51,21,20,100,12,153,8,0,8,161
10/06/2006,MFE,TX,ASW,CE,Federal Contract Tower,20,14,42,10,86,0,0,47,0,47,20,14,89,10,133,32,0,32,165
10/07/2006,MFE,TX,ASW,CE,Federal Contract Tower,21,9,16,0,46,0,0,53,0,53,21,9,69,0,99,80,0,80,179
10/08/2006,MFE,TX,ASW,CE,Federal Contract Tower,19,14,20,0,53,0,0,30,0,30,19,14,50,0,83,0,0,0,83
10/09/2006,MFE,TX,ASW,CE,Federal Contract Tower,21,19,40,0,80,0,0,29,0,29,21,19,69,0,109,22,0,22,131
10/10/2006,MFE,TX,ASW,CE,Federal Contract Tower,17,16,42,27,102,0,0,71,0,71,17,16,113,27,173,72,0,72,245
10/11/2006,MFE,TX,ASW,CE,Federal Contract Tower,18,16,41,30,105,0,0,43,0,43,18,16,84,30,148,48,0,48,196
10/12/2006,MFE,TX,ASW,CE,Federal Contract Tower,19,27,33,52,131,0,0,72,0,72,19,27,105,52,203,70,0,70,273
10/13/2006,MFE,TX,ASW,CE,Federal Contract Tower,19,19,43,17,98,0,0,37,0,37,19,19,80,17,135,40,0,40,175
10/14/2006,MFE,TX,ASW,CE,Federal Contract Tower,16,10,14,0,40,0,0,12,0,12,16,10,26,0,52,18,0,18,70
10/15/2006,MFE,TX,ASW,CE,Federal Contract Tower,19,17,18,0,54,0,0,15,0,15,19,17,33,0,69,44,0,44,113
10/16/2006,MFE,TX,ASW,CE,Federal Contract Tower,17,21,33,24,95,0,0,53,0,53,17,21,86,24,148,26,0,26,174
10/17/2006,MFE,TX,ASW,CE,Federal Contract Tower,15,17,55,27,114,0,0,75,0,75,15,17,130,27,189,52,0,52,241
10/18/2006,MFE,TX,ASW,CE,Federal Contract Tower,16,17,56,57,146,0,0,49,0,49,16,17,105,57,195,6,0,6,201
10/19/2006,MFE,TX,ASW,CE,Federal Contract Tower,21,22,51,15,109,0,0,32,0,32,21,22,83,15,141,18,0,18,159
10/20/2006,MFE,TX,ASW,CE,Federal Contract Tower,17,26,45,6,94,0,0,55,0,55,17,26,100,6,149,38,0,38,187
10/21/2006,MFE,TX,ASW,CE,Federal Contract Tower,16,5,16,0,37,0,0,54,0,54,16,5,70,0,91,98,0,98,189
10/22/2006,MFE,TX,ASW,CE,Federal Contract Tower,19,11,26,8,64,0,0,7,0,7,19,11,33,8,71,0,0,0,71
10/23/2006,MFE,TX,ASW,CE,Federal Contract Tower,20,20,51,34,125,0,0,36,0,36,20,20,87,34,161,58,0,58,219
10/24/2006,MFE,TX,ASW,CE,Federal Contract Tower,16,18,28,26,88,0,0,61,0,61,16,18,89,26,149,58,36,94,243
10/25/2006,MFE,TX,ASW,CE,Federal Contract Tower,19,17,38,25,99,0,0,64,0,64,19,17,102,25,163,68,30,98,261
10/26/2006,MFE,TX,ASW,CE,Federal Contract Tower,19,21,49,38,127,0,0,68,0,68,19,21,117,38,195,42,0,42,237
10/27/2006,MFE,TX,ASW,CE,Federal Contract Tower,21,23,38,6,88,0,0,75,0,75,21,23,113,6,163,24,0,24,187
10/28/2006,MFE,TX,ASW,CE,Federal Contract Tower,16,8,16,0,40,0,0,105,0,105,16,8,121,0,145,28,0,28,173
10/29/2006,MFE,TX,ASW,CE,Federal Contract Tower,19,13,15,6,53,0,0,58,0,58,19,13,73,6,111,24,0,24,135
10/30/2006,MFE,TX,ASW,CE,Federal Contract Tower,20,20,41,36,117,0,0,51,0,51,20,20,92,36,168,0,0,0,168
10/31/2006,MFE,TX,ASW,CE,Federal Contract Tower,16,14,25,7,62,0,0,83,0,83,16,14,108,7,145,70,0,70,215
11/01/2006,MFE,TX,ASW,CE,Federal Contract Tower,18,24,37,68,147,0,0,88,0,88,18,24,125,68,235,42,8,50,285
11/02/2006,MFE,TX,ASW,CE,Federal Contract Tower,19,22,64,40,145,0,0,66,0,66,19,22,130,40,211,78,0,78,289
11/03/2006,MFE,TX,ASW,CE,Federal Contract Tower,19,22,13,26,80,0,0,79,0,79,19,22,92,26,159,64,0,64,223
11/04/2006,MFE,TX,ASW,CE,Federal Contract Tower,14,11,20,15,60,0,0,56,0,56,14,11,76,15,116,82,0,82,198
11/05/2006,MFE,TX,ASW,CE,Federal Contract Tower,17,15,21,6,59,0,0,44,0,44,17,15,65,6,103,82,0,82,185
11/06/2006,MFE,TX,ASW,CE,Federal Contract Tower,20,16,37,88,161,0,0,43,0,43,20,16,80,88,204,50,0,50,254
11/07/2006,MFE,TX,ASW,CE,Federal Contract Tower,17,31,34,30,112,0,0,74,0,74,17,31,108,30,186,62,0,62,248
11/08/2006,MFE,TX,ASW,CE,Federal Contract Tower,17,25,43,27,112,0,0,76,0,76,17,25,119,27,188,26,0,26,214
11/09/2006,MFE,TX,ASW,CE,Federal Contract Tower,17,22,35,20,94,0,0,72,0,72,17,22,107,20,166,36,0,36,202
11/10/2006,MFE,TX,ASW,CE,Federal Contract Tower,19,30,37,2,88,0,0,66,0,66,19,30,103,2,154,56,0,56,210
11/11/2006,MFE,TX,ASW,CE,Federal Contract Tower,15,13,19,2,49,0,0,53,0,53,15,13,72,2,102,56,0,56,158
11/12/2006,MFE,TX,ASW,CE,Federal Contract Tower,19,12,35,0,66,0,0,47,0,47,19,12,82,0,113,20,0,20,133
11/13/2006,MFE,TX,ASW,CE,Federal Contract Tower,18,20,39,46,123,0,0,69,0,69,18,20,108,46,192,16,36,52,244
11/14/2006,MFE,TX,ASW,CE,Federal Contract Tower,13,18,48,22,101,0,0,52,0,52,13,18,100,22,153,10,0,10,163
11/15/2006,MFE,TX,ASW,CE,Federal Contract Tower,14,18,31,51,114,0,0,58,0,58,14,18,89,51,172,14,0,14,186
11/16/2006,MFE,TX,ASW,CE,Federal Contract Tower,18,25,53,36,132,0,0,78,0,78,18,25,131,36,210,50,36,86,296
11/17/2006,MFE,TX,ASW,CE,Federal Contract Tower,19,15,57,2,93,0,0,75,0,75,19,15,132,2,168,58,0,58,226
11/18/2006,MFE,TX,ASW,CE,Federal Contract Tower,14,11,32,0,57,0,0,63,0,63,14,11,95,0,120,100,0,100,220
11/19/2006,MFE,TX,ASW,CE,Federal Contract Tower,19,12,22,8,61,0,0,44,0,44,19,12,66,8,105,24,0,24,129
11/20/2006,MFE,TX,ASW,CE,Federal Contract Tower,19,14,30,30,93,0,0,72,0,72,19,14,102,30,165,2,0,2,167
11/21/2006,MFE,TX,ASW,CE,Federal Contract Tower,20,18,44,38,120,0,0,76,0,76,20,18,120,38,196,52,0,52,248
11/22/2006,MFE,TX,ASW,CE,Federal Contract Tower,17,21,40,8,86,0,0,61,0,61,17,21,101,8,147,72,0,72,219
11/23/2006,MFE,TX,ASW,CE,Federal Contract Tower,13,11,17,2,43,0,0,22,0,22,13,11,39,2,65,0,0,0,65
11/24/2006,MFE,TX,ASW,CE,Federal Contract Tower,14,10,18,0,42,0,0,56,0,56,14,10,74,0,98,50,0,50,148
11/25/2006,MFE,TX,ASW,CE,Federal Contract Tower,18,14,18,0,50,0,0,56,0,56,18,14,74,0,106,54,0,54,160
11/26/2006,MFE,TX,ASW,CE,Federal Contract Tower,20,16,39,0,75,0,0,50,0,50,20,16,89,0,125,24,0,24,149
11/27/2006,MFE,TX,ASW,CE,Federal Contract Tower,22,23,60,40,145,0,0,32,0,32,22,23,92,40,177,18,0,18,195
11/28/2006,MFE,TX,ASW,CE,Federal Contract Tower,19,20,22,44,105,0,0,94,0,94,19,20,116,44,199,34,0,34,233
11/29/2006,MFE,TX,ASW,CE,Federal Contract Tower,12,22,50,31,115,0,0,34,0,34,12,22,84,31,149,30,0,30,179
11/30/2006,MFE,TX,ASW,CE,Federal Contract Tower,16,19,60,3,98,0,0,23,0,23,16,19,83,3,121,12,0,12,133
12/01/2006,MFE,TX,ASW,CE,Federal Contract Tower,21,19,50,18,108,0,0,70,0,70,21,19,120,18,178,40,0,40,218
12/02/2006,MFE,TX,ASW,CE,Federal Contract Tower,14,10,34,0,58,0,0,30,2,32,14,10,64,2,90,30,0,30,120
12/03/2006,MFE,TX,ASW,CE,Federal Contract Tower,19,14,31,0,64,0,0,11,0,11,19,14,42,0,75,0,0,0,75
12/04/2006,MFE,TX,ASW,CE,Federal Contract Tower,19,19,55,9,102,0,0,48,0,48,19,19,103,9,150,0,0,0,150
12/05/2006,MFE,TX,ASW,CE,Federal Contract Tower,14,28,56,37,135,0,0,51,0,51,14,28,107,37,186,50,8,58,244
12/06/2006,MFE,TX,ASW,CE,Federal Contract Tower,15,20,38,46,119,0,0,66,0,66,15,20,104,46,185,60,0,60,245
12/07/2006,MFE,TX,ASW,CE,Federal Contract Tower,20,31,65,22,138,0,0,8,0,8,20,31,73,22,146,2,0,2,148
12/08/2006,MFE,TX,ASW,CE,Federal Contract Tower,21,19,42,30,112,0,0,44,0,44,21,19,86,30,156,96,0,96,252
12/09/2006,MFE,TX,ASW,CE,Federal Contract Tower,14,9,42,2,67,0,0,7,0,7,14,9,49,2,74,32,0,32,106
12/10/2006,MFE,TX,ASW,CE,Federal Contract Tower,19,14,26,0,59,0,0,30,0,30,19,14,56,0,89,2,0,2,91
12/11/2006,MFE,TX,ASW,CE,Federal Contract Tower,20,26,51,42,139,0,0,18,0,18,20,26,69,42,157,12,0,12,169
12/12/2006,MFE,TX,ASW,CE,Federal Contract Tower,16,14,60,24,114,0,0,49,0,49,16,14,109,24,163,74,0,74,237
12/13/2006,MFE,TX,ASW,CE,Federal Contract Tower,16,24,68,10,118,0,0,68,0,68,16,24,136,10,186,10,0,10,196
12/14/2006,MFE,TX,ASW,CE,Federal Contract Tower,18,28,56,30,132,0,0,45,0,45,18,28,101,30,177,40,0,40,217
12/15/2006,MFE,TX,ASW,CE,Federal Contract Tower,19,29,44,7,99,0,0,64,0,64,19,29,108,7,163,70,0,70,233
12/16/2006,MFE,TX,ASW,CE,Federal Contract Tower,15,10,47,0,72,0,0,40,0,40,15,10,87,0,112,44,0,44,156
12/17/2006,MFE,TX,ASW,CE,Federal Contract Tower,17,14,32,0,63,0,0,29,0,29,17,14,61,0,92,24,0,24,116
12/18/2006,MFE,TX,ASW,CE,Federal Contract Tower,21,24,58,14,117,0,0,55,0,55,21,24,113,14,172,2,0,2,174
12/19/2006,MFE,TX,ASW,CE,Federal Contract Tower,17,31,59,12,119,0,0,30,0,30,17,31,89,12,149,2,0,2,151
12/20/2006,MFE,TX,ASW,CE,Federal Contract Tower,17,23,50,17,107,0,0,61,0,61,17,23,111,17,168,10,0,10,178
12/21/2006,MFE,TX,ASW,CE,Federal Contract Tower,18,23,95,14,150,0,0,48,0,48,18,23,143,14,198,38,0,38,236
12/22/2006,MFE,TX,ASW,CE,Federal Contract Tower,18,14,83,0,115,0,0,59,0,59,18,14,142,0,174,14,0,14,188
12/23/2006,MFE,TX,ASW,CE,Federal Contract Tower,15,14,23,0,52,0,0,3,0,3,15,14,26,0,55,0,0,0,55
12/24/2006,MFE,TX,ASW,CE,Federal Contract Tower,18,12,10,0,40,0,0,0,0,0,18,12,10,0,40,0,0,0,40
12/25/2006,MFE,TX,ASW,CE,Federal Contract Tower,19,12,10,0,41,0,0,12,0,12,19,12,22,0,53,0,0,0,53
12/26/2006,MFE,TX,ASW,CE,Federal Contract Tower,17,14,24,3,58,0,0,83,0,83,17,14,107,3,141,50,0,50,191
12/27/2006,MFE,TX,ASW,CE,Federal Contract Tower,17,16,33,18,84,0,0,62,0,62,17,16,95,18,146,42,0,42,188
12/28/2006,MFE,TX,ASW,CE,Federal Contract Tower,19,15,29,8,71,0,0,38,0,38,19,15,67,8,109,0,0,0,109
12/29/2006,MFE,TX,ASW,CE,Federal Contract Tower,14,16,25,6,61,0,0,34,0,34,14,16,59,6,95,4,0,4,99
12/30/2006,MFE,TX,ASW,CE,Federal Contract Tower,13,11,37,0,61,0,0,28,0,28,13,11,65,0,89,4,0,4,93
12/31/2006,MFE,TX,ASW,CE,Federal Contract Tower,19,12,7,0,38,0,0,21,0,21,19,12,28,0,59,6,0,6,65
01/01/2007,MFE,TX,ASW,CE,Federal Contract Tower,19,13,9,0,41,0,0,40,0,40,19,13,49,0,81,0,0,0,81
01/02/2007,MFE,TX,ASW,CE,Federal Contract Tower,18,20,24,0,62,0,0,37,0,37,18,20,61,0,99,22,0,22,121
01/03/2007,MFE,TX,ASW,CE,Federal Contract Tower,20,30,47,0,97,0,0,6,0,6,20,30,53,0,103,0,0,0,103
01/04/2007,MFE,TX,ASW,CE,Federal Contract Tower,18,21,43,2,84,0,0,51,0,51,18,21,94,2,135,34,0,34,169
01/05/2007,MFE,TX,ASW,CE,Federal Contract Tower,18,30,43,20,111,0,0,76,1,77,18,30,119,21,188,32,0,32,220
01/06/2007,MFE,TX,ASW,CE,Federal Contract Tower,15,17,27,6,65,0,0,20,0,20,15,17,47,6,85,14,0,14,99
01/07/2007,MFE,TX,ASW,CE,Federal Contract Tower,18,15,21,12,66,0,0,31,0,31,18,15,52,12,97,22,0,22,119
01/08/2007,MFE,TX,ASW,CE,Federal Contract Tower,20,19,34,22,95,0,0,64,0,64,20,19,98,22,159,0,54,54,213
01/09/2007,MFE,TX,ASW,CE,Federal Contract Tower,14,19,32,56,121,0,0,80,0,80,14,19,112,56,201,20,0,20,221
01/10/2007,MFE,TX,ASW,CE,Federal Contract Tower,14,20,35,36,105,0,0,82,0,82,14,20,117,36,187,70,0,70,257
01/11/2007,MFE,TX,ASW,CE,Federal Contract Tower,19,17,42,18,96,0,0,53,0,53,19,17,95,18,149,40,0,40,189
01/12/2007,MFE,TX,ASW,CE,Federal Contract Tower,19,12,45,12,88,0,0,30,0,30,19,12,75,12,118,14,0,14,132
01/13/2007,MFE,TX,ASW,CE,Federal Contract Tower,16,8,19,0,43,0,0,24,0,24,16,8,43,0,67,20,0,20,87
01/14/2007,MFE,TX,ASW,CE,Federal Contract Tower,17,14,29,0,60,0,0,16,0,16,17,14,45,0,76,4,0,4,80
01/15/2007,MFE,TX,ASW,CE,Federal Contract Tower,16,12,46,0,74,0,10,4,0,14,16,22,50,0,88,0,0,0,88
01/16/2007,MFE,TX,ASW,CE,Federal Contract Tower,13,18,23,4,58,0,0,25,0,25,13,18,48,4,83,30,0,30,113
01/17/2007,MFE,TX,ASW,CE,Federal Contract Tower,11,18,46,10,85,0,0,18,0,18,11,18,64,10,103,28,0,28,131
01/18/2007,MFE,TX,ASW,CE,Federal Contract Tower,19,19,64,28,130,0,0,4,0,4,19,19,68,28,134,2,0,2,136
01/19/2007,MFE,TX,ASW,CE,Federal Contract Tower,19,20,45,14,98,0,0,2,0,2,19,20,47,14,100,10,0,10,110
01/20/2007,MFE,TX,ASW,CE,Federal Contract Tower,17,5,23,0,45,0,0,11,0,11,17,5,34,0,56,32,0,32,88
01/21/2007,MFE,TX,ASW,CE,Federal Contract Tower,18,19,37,8,82,0,0,26,0,26,18,19,63,8,108,2,0,2,110
01/22/2007,MFE,TX,ASW,CE,Federal Contract Tower,20,21,45,10,96,0,0,2,0,2,20,21,47,10,98,0,0,0,98
01/23/2007,MFE,TX,ASW,CE,Federal Contract Tower,17,16,53,10,96,0,0,0,0,0,17,16,53,10,96,0,0,0,96
01/24/2007,MFE,TX,ASW,CE,Federal Contract Tower,16,19,64,0,99,0,0,0,0,0,16,19,64,0,99,0,0,0,99
01/25/2007,MFE,TX,ASW,CE,Federal Contract Tower,19,17,45,46,127,0,0,82,0,82,19,17,127,46,209,90,0,90,299
01/26/2007,MFE,TX,ASW,CE,Federal Contract Tower,19,21,30,23,93,0,0,55,0,55,19,21,85,23,148,46,0,46,194
01/27/2007,MFE,TX,ASW,CE,Federal Contract Tower,17,9,16,6,48,0,0,47,0,47,17,9,63,6,95,82,0,82,177
01/28/2007,MFE,TX,ASW,CE,Federal Contract Tower,19,20,23,10,72,0,0,59,0,59,19,20,82,10,131,22,0,22,153
01/29/2007,MFE,TX,ASW,CE,Federal Contract Tower,20,24,34,24,102,0,0,44,0,44,20,24,78,24,146,26,0,26,172
01/30/2007,MFE,TX,ASW,CE,Federal Contract Tower,15,19,59,17,110,0,0,13,0,13,15,19,72,17,123,20,0,20,143
01/31/2007,MFE,TX,ASW,CE,Federal Contract Tower,15,23,40,20,98,0,0,7,0,7,15,23,47,20,105,0,0,0,105
02/01/2007,MFE,TX,ASW,CE,Federal Contract Tower,17,26,70,17,130,0,0,37,0,37,17,26,107,17,167,28,0,28,195
02/02/2007,MFE,TX,ASW,CE,Federal Contract Tower,17,22,70,10,119,0,0,15,0,15,17,22,85,10,134,0,0,0,134
02/03/2007,MFE,TX,ASW,CE,Federal Contract Tower,17,9,19,18,63,0,0,60,0,60,17,9,79,18,123,46,0,46,169
02/04/2007,MFE,TX,ASW,CE,Federal Contract Tower,18,14,24,2,58,0,0,20,0,20,18,14,44,2,78,8,0,8,86
02/05/2007,MFE,TX,ASW,CE,Federal Contract Tower,17,18,37,34,106,0,0,44,0,44,17,18,81,34,150,0,0,0,150
02/06/2007,MFE,TX,ASW,CE,Federal Contract Tower,15,17,52,59,143,0,0,72,0,72,15,17,124,59,215,66,0,66,281
02/07/2007,MFE,TX,ASW,CE,Federal Contract Tower,15,28,54,40,137,0,0,87,0,87,15,28,141,40,224,46,0,46,270
02/08/2007,MFE,TX,ASW,CE,Federal Contract Tower,20,21,59,27,127,0,0,49,0,49,20,21,108,27,176,20,0,20,196
02/09/2007,MFE,TX,ASW,CE,Federal Contract Tower,19,20,47,14,100,0,0,48,0,48,19,20,95,14,148,86,0,86,234
02/10/2007,MFE,TX,ASW,CE,Federal Contract Tower,28,10,23,0,61,0,0,0,0,0,28,10,23,0,61,0,0,0,61
02/11/2007,MFE,TX,ASW,CE,Federal Contract Tower,19,14,26,8,67,0,0,0,0,0,19,14,26,8,67,0,0,0,67
02/12/2007,MFE,TX,ASW,CE,Federal Contract Tower,18,22,57,26,123,0,0,49,0,49,18,22,106,26,172,6,0,6,178
02/13/2007,MFE,TX,ASW,CE,Federal Contract Tower,16,20,55,8,99,0,0,67,0,67,16,20,122,8,166,4,0,4,170
02/14/2007,MFE,TX,ASW,CE,Federal Contract Tower,19,27,33,48,127,0,0,65,0,65,19,27,98,48,192,42,62,104,296
02/15/2007,MFE,TX,ASW,CE,Federal Contract Tower,18,20,48,49,135,0,0,66,0,66,18,20,114,49,201,20,0,20,221
02/16/2007,MFE,TX,ASW,CE,Federal Contract Tower,18,22,31,26,97,0,0,73,0,73,18,22,104,26,170,88,70,158,328
02/17/2007,MFE,TX,ASW,CE,Federal Contract Tower,15,13,25,0,53,0,0,51,4,55,15,13,76,4,108,22,0,22,130
02/18/2007,MFE,TX,ASW,CE,Federal Contract Tower,19,14,21,0,54,0,0,58,0,58,19,14,79,0,112,18,0,18,130
02/19/2007,MFE,TX,ASW,CE,Federal Contract Tower,19,29,19,0,67,0,0,33,0,33,19,29,52,0,100,2,0,2,102
02/20/2007,MFE,TX,ASW,CE,Federal Contract Tower,17,19,36,18,90,0,0,86,0,86,17,19,122,18,176,0,0,0,176
02/21/2007,MFE,TX,ASW,CE,Federal Contract Tower,18,23,26,16,83,0,0,97,0,97,18,23,123,16,180,6,0,6,186
02/22/2007,MFE,TX,ASW,CE,Federal Contract Tower,18,33,45,25,121,0,0,51,0,51,18,33,96,25,172,46,0,46,218
02/23/2007,MFE,TX,ASW,CE,Federal Contract Tower,19,23,48,10,100,0,0,48,0,48,19,23,96,10,148,44,16,60,208
02/24/2007,MFE,TX,ASW,CE,Federal Contract Tower,13,12,14,18,57,0,0,41,0,41,13,12,55,18,98,32,0,32,130
02/25/2007,MFE,TX,ASW,CE,Federal Contract Tower,19,20,26,0,65,0,0,46,0,46,19,20,72,0,111,0,0,0,111
02/26/2007,MFE,TX,ASW,CE,Federal Contract Tower,20,24,36,32,112,0,0,76,0,76,20,24,112,32,188,0,0,0,188
02/27/2007,MFE,TX,ASW,CE,Federal Contract Tower,18,23,43,14,98,0,0,68,0,68,18,23,111,14,166,26,0,26,192
02/28/2007,MFE,TX,ASW,CE,Federal Contract Tower,19,28,42,21,110,0,0,67,0,67,19,28,109,21,177,12,0,12,189
03/01/2007,MFE,TX,ASW,CE,Federal Contract Tower,19,21,33,22,95,0,0,73,0,73,19,21,106,22,168,44,16,60,228
03/02/2007,MFE,TX,ASW,CE,Federal Contract Tower,18,15,42,9,84,0,0,90,0,90,18,15,132,9,174,68,0,68,242
03/03/2007,MFE,TX,ASW,CE,Federal Contract Tower,15,16,24,13,68,0,0,67,0,67,15,16,91,13,135,70,0,70,205
03/04/2007,MFE,TX,ASW,CE,Federal Contract Tower,21,14,25,8,68,0,0,61,0,61,21,14,86,8,129,66,0,66,195
03/05/2007,MFE,TX,ASW,CE,Federal Contract Tower,19,25,14,15,73,0,0,71,0,71,19,25,85,15,144,28,0,28,172
03/06/2007,MFE,TX,ASW,CE,Federal Contract Tower,17,24,32,44,117,0,0,74,0,74,17,24,106,44,191,56,2,58,249
03/07/2007,MFE,TX,ASW,CE,Federal Contract Tower,19,15,31,52,117,0,0,91,0,91,19,15,122,52,208,12,0,12,220
03/08/2007,MFE,TX,ASW,CE,Federal Contract Tower,18,21,42,25,106,0,0,87,0,87,18,21,129,25,193,78,0,78,271
03/09/2007,MFE,TX,ASW,CE,Federal Contract Tower,19,17,37,16,89,0,0,76,0,76,19,17,113,16,165,52,0,52,217
03/10/2007,MFE,TX,ASW,CE,Federal Contract Tower,15,19,16,6,56,0,0,55,0,55,15,19,71,6,111,44,0,44,155
03/11/2007,MFE,TX,ASW,CE,Federal Contract Tower,19,13,29,4,65,0,0,29,0,29,19,13,58,4,94,18,0,18,112
03/12/2007,MFE,TX,ASW,CE,Federal Contract Tower,21,25,35,26,107,0,0,10,0,10,21,25,45,26,117,2,0,2,119
03/13/2007,MFE,TX,ASW,CE,Federal Contract Tower,16,18,41,41,116,0,0,30,0,30,16,18,71,41,146,26,0,26,172
03/14/2007,MFE,TX,ASW,CE,Federal Contract Tower,19,22,38,52,131,0,0,62,0,62,19,22,100,52,193,30,18,48,241
03/15/2007,MFE,TX,ASW,CE,Federal Contract Tower,21,28,46,34,129,0,0,57,0,57,21,28,103,34,186,50,0,50,236
03/16/2007,MFE,TX,ASW,CE,Federal Contract Tower,20,21,33,16,90,0,0,53,0,53,20,21,86,16,143,10,0,10,153
03/17/2007,MFE,TX,ASW,CE,Federal Contract Tower,15,13,22,0,50,0,0,49,0,49,15,13,71,0,99,30,0,30,129
03/18/2007,MFE,TX,ASW,CE,Federal Contract Tower,19,21,32,4,76,0,0,31,0,31,19,21,63,4,107,16,2,18,125
03/19/2007,MFE,TX,ASW,CE,Federal Contract Tower,20,26,21,44,111,0,0,56,0,56,20,26,77,44,167,10,0,10,177
03/20/2007,MFE,TX,ASW,CE,Federal Contract Tower,17,20,43,48,128,0,0,58,0,58,17,20,101,48,186,46,16,62,248
03/21/2007,MFE,TX,ASW,CE,Federal Contract Tower,18,30,64,35,147,0,0,61,0,61,18,30,125,35,208,32,0,32,240
03/22/2007,MFE,TX,ASW,CE,Federal Contract Tower,20,29,52,47,148,0,0,39,0,39,20,29,91,47,187,14,0,14,201
03/23/2007,MFE,TX,ASW,CE,Federal Contract Tower,19,18,63,12,112,0,0,61,0,61,19,18,124,12,173,34,0,34,207
03/24/2007,MFE,TX,ASW,CE,Federal Contract Tower,15,10,24,14,63,0,0,45,0,45,15,10,69,14,108,24,0,24,132
03/25/2007,MFE,TX,ASW,CE,Federal Contract Tower,18,15,26,0,59,0,0,37,0,37,18,15,63,0,96,10,0,10,106
03/26/2007,MFE,TX,ASW,CE,Federal Contract Tower,20,23,46,42,131,0,0,24,0,24,20,23,70,42,155,16,0,16,171
03/27/2007,MFE,TX,ASW,CE,Federal Contract Tower,17,16,31,44,108,0,0,58,0,58,17,16,89,44,166,22,2,24,190
03/28/2007,MFE,TX,ASW,CE,Federal Contract Tower,22,21,38,31,112,0,0,54,0,54,22,21,92,31,166,40,0,40,206
03/29/2007,MFE,TX,ASW,CE,Federal Contract Tower,17,24,55,47,143,0,0,47,0,47,17,24,102,47,190,50,0,50,240
03/30/2007,MFE,TX,ASW,CE,Federal Contract Tower,19,26,47,10,102,0,0,34,0,34,19,26,81,10,136,14,0,14,150
03/31/2007,MFE,TX,ASW,CE,Federal Contract Tower,19,11,19,0,49,0,0,18,0,18,19,11,37,0,67,6,0,6,73
04/01/2007,MFE,TX,ASW,CE,Federal Contract Tower,22,22,25,18,87,0,0,23,0,23,22,22,48,18,110,46,0,46,156
04/02/2007,MFE,TX,ASW,CE,Federal Contract Tower,20,23,46,18,107,0,0,45,0,45,20,23,91,18,152,16,0,16,168
04/03/2007,MFE,TX,ASW,CE,Federal Contract Tower,16,22,39,36,113,0,0,59,0,59,16,22,98,36,172,42,0,42,214
04/04/2007,MFE,TX,ASW,CE,Federal Contract Tower,20,25,36,17,98,0,0,49,0,49,20,25,85,17,147,56,0,56,203
04/05/2007,MFE,TX,ASW,CE,Federal Contract Tower,22,21,44,70,157,0,0,79,0,79,22,21,123,70,236,52,0,52,288
04/06/2007,MFE,TX,ASW,CE,Federal Contract Tower,20,17,19,6,62,0,0,61,0,61,20,17,80,6,123,90,0,90,213
04/07/2007,MFE,TX,ASW,CE,Federal Contract Tower,15,13,20,0,48,0,0,14,0,14,15,13,34,0,62,52,0,52,114
04/08/2007,MFE,TX,ASW,CE,Federal Contract Tower,18,15,33,2,68,0,0,7,0,7,18,15,40,2,75,2,0,2,77
04/09/2007,MFE,TX,ASW,CE,Federal Contract Tower,21,25,81,10,137,0,0,8,0,8,21,25,89,10,145,0,0,0,145
04/10/2007,MFE,TX,ASW,CE,Federal Contract Tower,17,15,58,12,102,0,0,73,0,73,17,15,131,12,175,96,0,96,271
04/11/2007,MFE,TX,ASW,CE,Federal Contract Tower,19,16,46,30,111,0,0,85,0,85,19,16,131,30,196,42,6,48,244
04/12/2007,MFE,TX,ASW,CE,Federal Contract Tower,18,16,69,32,135,0,0,73,0,73,18,16,142,32,208,8,8,16,224
04/13/2007,MFE,TX,ASW,CE,Federal Contract Tower,18,25,39,17,99,0,0,74,0,74,18,25,113,17,173,16,0,16,189
04/14/2007,MFE,TX,ASW,CE,Federal Contract Tower,16,11,26,0,53,0,0,45,0,45,16,11,71,0,98,30,0,30,128
04/15/2007,MFE,TX,ASW,CE,Federal Contract Tower,18,16,22,0,56,0,0,64,0,64,18,16,86,0,120,60,0,60,180
04/16/2007,MFE,TX,ASW,CE,Federal Contract Tower,17,30,32,8,87,0,0,40,0,40,17,30,72,8,127,22,0,22,149
04/17/2007,MFE,TX,ASW,CE,Federal Contract Tower,17,14,32,26,89,0,0,47,0,47,17,14,79,26,136,98,0,98,234
04/18/2007,MFE,TX,ASW,CE,Federal Contract Tower,18,16,41,32,107,0,0,90,0,90,18,16,131,32,197,106,0,106,303
04/19/2007,MFE,TX,ASW,CE,Federal Contract Tower,21,17,52,69,159,0,0,81,0,81,21,17,133,69,240,10,0,10,250
04/20/2007,MFE,TX,ASW,CE,Federal Contract Tower,19,20,33,14,86,0,0,63,0,63,19,20,96,14,149,62,0,62,211
04/21/2007,MFE,TX,ASW,CE,Federal Contract Tower,16,10,18,0,44,0,0,31,0,31,16,10,49,0,75,36,0,36,111
04/22/2007,MFE,TX,ASW,CE,Federal Contract Tower,19,14,47,4,84,0,0,13,0,13,19,14,60,4,97,44,0,44,141
04/23/2007,MFE,TX,ASW,CE,Federal Contract Tower,21,23,47,20,111,0,0,49,0,49,21,23,96,20,160,10,0,10,170
04/24/2007,MFE,TX,ASW,CE,Federal Contract Tower,13,20,36,18,87,0,0,35,0,35,13,20,71,18,122,30,16,46,168
04/25/2007,MFE,TX,ASW,CE,Federal Contract Tower,16,20,64,28,128,0,0,68,0,68,16,20,132,28,196,32,0,32,228
04/26/2007,MFE,TX,ASW,CE,Federal Contract Tower,19,18,48,10,95,0,0,72,0,72,19,18,120,10,167,30,0,30,197
04/27/2007,MFE,TX,ASW,CE,Federal Contract Tower,19,21,59,12,111,0,0,60,0,60,19,21,119,12,171,24,0,24,195
04/28/2007,MFE,TX,ASW,CE,Federal Contract Tower,16,10,27,4,57,0,0,41,0,41,16,10,68,4,98,88,8,96,194
04/29/2007,MFE,TX,ASW,CE,Federal Contract Tower,19,21,31,0,71,0,0,29,0,29,19,21,60,0,100,38,0,38,138
04/30/2007,MFE,TX,ASW,CE,Federal Contract Tower,22,22,41,8,93,0,0,41,0,41,22,22,82,8,134,0,6,6,140
05/01/2007,MFE,TX,ASW,CE,Federal Contract Tower,17,30,37,44,128,0,0,70,0,70,17,30,107,44,198,38,10,48,246
05/02/2007,MFE,TX,ASW,CE,Federal Contract Tower,16,27,56,12,111,0,0,43,0,43,16,27,99,12,154,28,0,28,182
05/03/2007,MFE,TX,ASW,CE,Federal Contract Tower,19,28,51,24,122,0,0,59,0,59,19,28,110,24,181,54,0,54,235
05/04/2007,MFE,TX,ASW,CE,Federal Contract Tower,18,19,52,16,105,0,0,47,0,47,18,19,99,16,152,40,0,40,192
05/05/2007,MFE,TX,ASW,CE,Federal Contract Tower,16,12,19,0,47,0,0,30,0,30,16,12,49,0,77,12,0,12,89
05/06/2007,MFE,TX,ASW,CE,Federal Contract Tower,19,20,22,2,63,0,0,26,0,26,19,20,48,2,89,6,0,6,95
05/07/2007,MFE,TX,ASW,CE,Federal Contract Tower,19,25,27,28,99,0,0,55,0,55,19,25,82,28,154,6,30,36,190
05/08/2007,MFE,TX,ASW,CE,Federal Contract Tower,18,22,44,22,106,0,0,62,0,62,18,22,106,22,168,6,20,26,194
05/09/2007,MFE,TX,ASW,CE,Federal Contract Tower,17,29,40,28,114,0,0,59,0,59,17,29,99,28,173,30,0,30,203
05/10/2007,MFE,TX,ASW,CE,Federal Contract Tower,17,21,47,49,134,0,0,58,0,58,17,21,105,49,192,22,0,22,214
05/11/2007,MFE,TX,ASW,CE,Federal Contract Tower,21,22,31,21,95,0,0,62,0,62,21,22,93,21,157,14,0,14,171
05/12/2007,MFE,TX,ASW,CE,Federal Contract Tower,16,11,20,14,61,0,0,45,0,45,16,11,65,14,106,14,0,14,120
05/13/2007,MFE,TX,ASW,CE,Federal Contract Tower,20,15,16,8,59,0,0,37,0,37,20,15,53,8,96,6,0,6,102
05/14/2007,MFE,TX,ASW,CE,Federal Contract Tower,20,20,39,40,119,0,0,62,0,62,20,20,101,40,181,8,0,8,189
05/15/2007,MFE,TX,ASW,CE,Federal Contract Tower,18,21,35,23,97,0,0,68,0,68,18,21,103,23,165,100,0,100,265
05/16/2007,MFE,TX,ASW,CE,Federal Contract Tower,20,22,35,45,122,0,0,73,0,73,20,22,108,45,195,88,0,88,283
05/17/2007,MFE,TX,ASW,CE,Federal Contract Tower,20,20,52,32,124,0,0,59,1,60,20,20,111,33,184,40,0,40,224
05/18/2007,MFE,TX,ASW,CE,Federal Contract Tower,19,25,48,0,92,0,0,65,0,65,19,25,113,0,157,40,0,40,197
05/19/2007,MFE,TX,ASW,CE,Federal Contract Tower,16,6,13,12,47,0,0,37,0,37,16,6,50,12,84,54,0,54,138
05/20/2007,MFE,TX,ASW,CE,Federal Contract Tower,16,14,25,0,55,0,0,18,0,18,16,14,43,0,73,20,0,20,93
05/21/2007,MFE,TX,ASW,CE,Federal Contract Tower,19,20,40,30,109,0,0,47,0,47,19,20,87,30,156,4,0,4,160
05/22/2007,MFE,TX,ASW,CE,Federal Contract Tower,18,25,37,40,120,0,0,50,0,50,18,25,87,40,170,36,0,36,206
05/23/2007,MFE,TX,ASW,CE,Federal Contract Tower,17,16,44,24,101,0,0,52,1,53,17,16,96,25,154,52,0,52,206
05/24/2007,MFE,TX,ASW,CE,Federal Contract Tower,19,21,60,30,130,0,0,44,1,45,19,21,104,31,175,24,6,30,205
05/25/2007,MFE,TX,ASW,CE,Federal Contract Tower,21,18,44,0,83,0,0,26,0,26,21,18,70,0,109,42,0,42,151
05/26/2007,MFE,TX,ASW,CE,Federal Contract Tower,18,12,12,0,42,0,0,43,0,43,18,12,55,0,85,40,0,40,125
05/27/2007,MFE,TX,ASW,CE,Federal Contract Tower,16,10,13,0,39,0,0,17,0,17,16,10,30,0,56,48,0,48,104
05/28/2007,MFE,TX,ASW,CE,Federal Contract Tower,17,11,14,10,52,0,0,43,0,43,17,11,57,10,95,14,0,14,109
05/29/2007,MFE,TX,ASW,CE,Federal Contract Tower,19,18,24,43,104,0,0,64,0,64,19,18,88,43,168,12,0,12,180
05/30/2007,MFE,TX,ASW,CE,Federal Contract Tower,18,18,27,58,121,0,0,68,0,68,18,18,95,58,189,22,10,32,221
05/31/2007,MFE,TX,ASW,CE,Federal Contract Tower,19,20,44,46,129,0,0,78,0,78,19,20,122,46,207,36,0,36,243
06/01/2007,MFE,TX,ASW,CE,Federal Contract Tower,19,14,35,16,84,0,0,74,0,74,19,14,109,16,158,4,0,4,162
06/02/2007,MFE,TX,ASW,CE,Federal Contract Tower,17,10,20,0,47,0,0,54,0,54,17,10,74,0,101,70,0,70,171
06/03/2007,MFE,TX,ASW,CE,Federal Contract Tower,17,13,17,6,53,0,0,30,0,30,17,13,47,6,83,30,0,30,113
06/04/2007,MFE,TX,ASW,CE,Federal Contract Tower,17,19,30,42,108,0,0,45,0,45,17,19,75,42,153,0,0,0,153
06/05/2007,MFE,TX,ASW,CE,Federal Contract Tower,17,20,34,34,105,0,0,88,0,88,17,20,122,34,193,66,0,66,259
06/06/2007,MFE,TX,ASW,CE,Federal Contract Tower,18,21,41,50,130,0,0,59,0,59,18,21,100,50,189,20,0,20,209
06/07/2007,MFE,TX,ASW,CE,Federal Contract Tower,21,22,36,24,103,0,0,30,0,30,21,22,66,24,133,0,0,0,133
06/08/2007,MFE,TX,ASW,CE,Federal Contract Tower,20,20,30,2,72,0,0,65,0,65,20,20,95,2,137,56,0,56,193
06/09/2007,MFE,TX,ASW,CE,Federal Contract Tower,17,22,10,2,51,0,0,39,0,39,17,22,49,2,90,58,0,58,148
06/10/2007,MFE,TX,ASW,CE,Federal Contract Tower,17,19,21,8,65,0,0,41,0,41,17,19,62,8,106,24,0,24,130
06/11/2007,MFE,TX,ASW,CE,Federal Contract Tower,19,26,36,40,121,0,0,61,0,61,19,26,97,40,182,2,34,36,218
06/12/2007,MFE,TX,ASW,CE,Federal Contract Tower,17,25,64,54,160,0,0,68,0,68,17,25,132,54,228,20,0,20,248
06/13/2007,MFE,TX,ASW,CE,Federal Contract Tower,20,19,43,59,141,0,0,80,0,80,20,19,123,59,221,18,0,18,239
06/14/2007,MFE,TX,ASW,CE,Federal Contract Tower,21,23,42,20,106,0,0,67,0,67,21,23,109,20,173,24,0,24,197
06/15/2007,MFE,TX,ASW,CE,Federal Contract Tower,19,18,24,4,65,0,0,83,0,83,19,18,107,4,148,4,0,4,152
06/16/2007,MFE,TX,ASW,CE,Federal Contract Tower,17,18,29,16,80,0,0,50,0,50,17,18,79,16,130,54,0,54,184
06/17/2007,MFE,TX,ASW,CE,Federal Contract Tower,15,22,18,0,55,0,0,27,0,27,15,22,45,0,82,10,0,10,92
06/18/2007,MFE,TX,ASW,CE,Federal Contract Tower,20,22,22,28,92,0,0,50,0,50,20,22,72,28,142,42,6,48,190
06/19/2007,MFE,TX,ASW,CE,Federal Contract Tower,16,21,27,18,82,0,0,74,0,74,16,21,101,18,156,44,24,68,224
06/20/2007,MFE,TX,ASW,CE,Federal Contract Tower,21,20,51,30,122,0,0,56,0,56,21,20,107,30,178,22,0,22,200
06/21/2007,MFE,TX,ASW,CE,Federal Contract Tower,19,29,57,4,109,0,0,44,0,44,19,29,101,4,153,14,0,14,167
06/22/2007,MFE,TX,ASW,CE,Federal Contract Tower,19,21,47,6,93,0,0,54,0,54,19,21,101,6,147,42,0,42,189
06/23/2007,MFE,TX,ASW,CE,Federal Contract Tower,19,23,29,4,75,0,0,13,0,13,19,23,42,4,88,20,0,20,108
06/24/2007,MFE,TX,ASW,CE,Federal Contract Tower,17,22,20,0,59,0,0,24,0,24,17,22,44,0,83,16,0,16,99
06/25/2007,MFE,TX,ASW,CE,Federal Contract Tower,16,22,32,24,94,0,0,36,0,36,16,22,68,24,130,4,24,28,158
06/26/2007,MFE,TX,ASW,CE,Federal Contract Tower,16,26,36,36,114,0,0,58,0,58,16,26,94,36,172,82,0,82,254
06/27/2007,MFE,TX,ASW,CE,Federal Contract Tower,18,30,46,28,122,0,0,54,0,54,18,30,100,28,176,66,0,66,242
06/28/2007,MFE,TX,ASW,CE,Federal Contract Tower,17,20,45,20,102,0,0,52,0,52,17,20,97,20,154,44,0,44,198
06/29/2007,MFE,TX,ASW,CE,Federal Contract Tower,20,20,29,15,84,0,0,73,0,73,20,20,102,15,157,70,0,70,227
06/30/2007,MFE,TX,ASW,CE,Federal Contract Tower,20,19,11,8,58,0,0,31,0,31,20,19,42,8,89,60,0,60,149
07/01/2007,MFE,TX,ASW,CE,Federal Contract Tower,18,15,18,12,63,0,0,32,0,32,18,15,50,12,95,46,0,46,141
07/02/2007,MFE,TX,ASW,CE,Federal Contract Tower,17,14,24,2,57,0,0,31,0,31,17,14,55,2,88,22,0,22,110
07/03/2007,MFE,TX,ASW,CE,Federal Contract Tower,13,12,41,4,70,0,0,26,0,26,13,12,67,4,96,20,0,20,116
07/04/2007,MFE,TX,ASW,CE,Federal Contract Tower,19,9,12,0,40,0,0,29,0,29,19,9,41,0,69,30,0,30,99
07/05/2007,MFE,TX,ASW,CE,Federal Contract Tower,18,14,18,6,56,0,0,47,0,47,18,14,65,6,103,78,0,78,181
07/06/2007,MFE,TX,ASW,CE,Federal Contract Tower,18,13,34,65,130,0,0,52,0,52,18,13,86,65,182,44,24,68,250
07/07/2007,MFE,TX,ASW,CE,Federal Contract Tower,20,22,20,10,72,0,0,42,0,42,20,22,62,10,114,68,0,68,182
07/08/2007,MFE,TX,ASW,CE,Federal Contract Tower,17,22,13,24,76,0,0,33,0,33,17,22,46,24,109,2,0,2,111
07/09/2007,MFE,TX,ASW,CE,Federal Contract Tower,19,18,33,17,87,0,0,38,0,38,19,18,71,17,125,14,0,14,139
07/10/2007,MFE,TX,ASW,CE,Federal Contract Tower,16,18,22,33,89,0,0,69,0,69,16,18,91,33,158,52,10,62,220
07/11/2007,MFE,TX,ASW,CE,Federal Contract Tower,21,26,36,20,103,0,0,79,0,79,21,26,115,20,182,58,0,58,240
07/12/2007,MFE,TX,ASW,CE,Federal Contract Tower,19,19,37,39,114,0,0,72,0,72,19,19,109,39,186,44,0,44,230
07/13/2007,MFE,TX,ASW,CE,Federal Contract Tower,19,15,34,4,72,0,0,97,0,97,19,15,131,4,169,40,0,40,209
07/14/2007,MFE,TX,ASW,CE,Federal Contract Tower,19,22,12,0,53,0,0,57,0,57,19,22,69,0,110,26,0,26,136
07/15/2007,MFE,TX,ASW,CE,Federal Contract Tower,17,19,15,2,53,0,0,29,0,29,17,19,44,2,82,10,0,10,92
07/16/2007,MFE,TX,ASW,CE,Federal Contract Tower,18,18,26,26,88,0,0,34,0,34,18,18,60,26,122,18,0,18,140
07/17/2007,MFE,TX,ASW,CE,Federal Contract Tower,16,19,43,12,90,0,0,37,0,37,16,19,80,12,127,6,0,6,133
07/18/2007,MFE,TX,ASW,CE,Federal Contract Tower,20,20,26,4,70,0,0,11,0,11,20,20,37,4,81,4,0,4,85
07/19/2007,MFE,TX,ASW,CE,Federal Contract Tower,21,16,45,20,102,0,0,43,0,43,21,16,88,20,145,40,0,40,185
07/20/2007,MFE,TX,ASW,CE,Federal Contract Tower,21,13,28,42,104,0,0,49,0,49,21,13,77,42,153,24,0,24,177
07/21/2007,MFE,TX,ASW,CE,Federal Contract Tower,19,24,13,0,56,0,0,35,0,35,19,24,48,0,91,72,0,72,163
07/22/2007,MFE,TX,ASW,CE,Federal Contract Tower,17,23,27,0,67,0,0,37,0,37,17,23,64,0,104,50,0,50,154
07/23/2007,MFE,TX,ASW,CE,Federal Contract Tower,20,19,37,42,118,0,0,42,0,42,20,19,79,42,160,12,0,12,172
07/24/2007,MFE,TX,ASW,CE,Federal Contract Tower,16,28,25,49,118,0,0,74,0,74,16,28,99,49,192,94,0,94,286
07/25/2007,MFE,TX,ASW,CE,Federal Contract Tower,21,22,56,21,120,0,0,52,0,52,21,22,108,21,172,48,0,48,220
07/26/2007,MFE,TX,ASW,CE,Federal Contract Tower,21,24,47,2,94,0,0,50,0,50,21,24,97,2,144,54,0,54,198
07/27/2007,MFE,TX,ASW,CE,Federal Contract Tower,24,26,40,13,103,0,0,56,0,56,24,26,96,13,159,16,12,28,187
07/28/2007,MFE,TX,ASW,CE,Federal Contract Tower,19,21,15,0,55,0,0,55,0,55,19,21,70,0,110,76,0,76,186
07/29/2007,MFE,TX,ASW,CE,Federal Contract Tower,15,18,20,2,55,0,0,37,2,39,15,18,57,4,94,70,0,70,164
07/30/2007,MFE,TX,ASW,CE,Federal Contract Tower,20,18,64,32,134,0,0,20,0,20,20,18,84,32,154,58,0,58,212
07/31/2007,MFE,TX,ASW,CE,Federal Contract Tower,16,22,57,36,131,0,0,61,0,61,16,22,118,36,192,58,0,58,250
08/01/2007,MFE,TX,ASW,CE,Federal Contract Tower,18,20,66,30,134,0,0,82,0,82,18,20,148,30,216,20,0,20,236
08/02/2007,MFE,TX,ASW,CE,Federal Contract Tower,20,25,32,32,109,0,0,74,0,74,20,25,106,32,183,70,0,70,253
08/03/2007,MFE,TX,ASW,CE,Federal Contract Tower,19,21,42,38,120,0,0,69,0,69,19,21,111,38,189,40,0,40,229
08/04/2007,MFE,TX,ASW,CE,Federal Contract Tower,21,16,24,10,71,0,0,37,0,37,21,16,61,10,108,10,0,10,118
08/05/2007,MFE,TX,ASW,CE,Federal Contract Tower,17,18,17,8,60,0,0,41,0,41,17,18,58,8,101,20,0,20,121
08/06/2007,MFE,TX,ASW,CE,Federal Contract Tower,19,22,29,50,120,0,0,36,0,36,19,22,65,50,156,10,0,10,166
08/07/2007,MFE,TX,ASW,CE,Federal Contract Tower,18,23,41,26,108,0,0,95,0,95,18,23,136,26,203,70,0,70,273
08/08/2007,MFE,TX,ASW,CE,Federal Contract Tower,21,25,46,42,134,0,0,81,0,81,21,25,127,42,215,42,0,42,257
08/09/2007,MFE,TX,ASW,CE,Federal Contract Tower,20,21,33,34,108,0,0,83,0,83,20,21,116,34,191,72,0,72,263
08/10/2007,MFE,TX,ASW,CE,Federal Contract Tower,19,27,31,16,93,0,0,66,0,66,19,27,97,16,159,30,0,30,189
08/11/2007,MFE,TX,ASW,CE,Federal Contract Tower,17,18,25,4,64,0,0,58,0,58,17,18,83,4,122,52,0,52,174
08/12/2007,MFE,TX,ASW,CE,Federal Contract Tower,16,20,31,0,67,0,0,45,0,45,16,20,76,0,112,14,0,14,126
08/13/2007,MFE,TX,ASW,CE,Federal Contract Tower,19,24,33,44,120,0,0,42,0,42,19,24,75,44,162,0,0,0,162
08/14/2007,MFE,TX,ASW,CE,Federal Contract Tower,17,22,36,36,111,0,0,59,0,59,17,22,95,36,170,26,0,26,196
08/15/2007,MFE,TX,ASW,CE,Federal Contract Tower,19,21,42,3,85,0,0,44,0,44,19,21,86,3,129,16,0,16,145
08/16/2007,MFE,TX,ASW,CE,Federal Contract Tower,16,16,33,10,75,0,0,29,0,29,16,16,62,10,104,48,0,48,152
08/17/2007,MFE,TX,ASW,CE,Federal Contract Tower,18,16,33,4,71,0,0,31,0,31,18,16,64,4,102,8,0,8,110
08/18/2007,MFE,TX,ASW,CE,Federal Contract Tower,16,18,17,0,51,0,0,37,0,37,16,18,54,0,88,18,0,18,106
08/19/2007,MFE,TX,ASW,CE,Federal Contract Tower,17,18,18,8,61,0,0,49,0,49,17,18,67,8,110,46,0,46,156
08/20/2007,MFE,TX,ASW,CE,Federal Contract Tower,20,23,40,12,95,0,0,38,0,38,20,23,78,12,133,16,0,16,149
08/21/2007,MFE,TX,ASW,CE,Federal Contract Tower,18,21,32,38,109,0,0,66,0,66,18,21,98,38,175,16,0,16,191
08/22/2007,MFE,TX,ASW,CE,Federal Contract Tower,15,20,26,14,75,0,0,19,0,19,15,20,45,14,94,8,0,8,102
08/23/2007,MFE,TX,ASW,CE,Federal Contract Tower,21,24,31,21,97,0,0,30,0,30,21,24,61,21,127,10,0,10,137
08/24/2007,MFE,TX,ASW,CE,Federal Contract Tower,19,21,31,28,99,0,0,62,0,62,19,21,93,28,161,54,0,54,215
08/25/2007,MFE,TX,ASW,CE,Federal Contract Tower,17,17,27,10,71,0,0,55,0,55,17,17,82,10,126,58,0,58,184
08/26/2007,MFE,TX,ASW,CE,Federal Contract Tower,18,20,22,12,72,0,0,51,0,51,18,20,73,12,123,24,0,24,147
08/27/2007,MFE,TX,ASW,CE,Federal Contract Tower,21,14,31,14,80,0,0,29,0,29,21,14,60,14,109,28,8,36,145
08/28/2007,MFE,TX,ASW,CE,Federal Contract Tower,17,22,75,8,122,0,0,0,0,0,17,22,75,8,122,28,12,40,162
08/29/2007,MFE,TX,ASW,CE,Federal Contract Tower,17,21,34,32,104,0,0,33,0,33,17,21,67,32,137,22,10,32,169
08/30/2007,MFE,TX,ASW,CE,Federal Contract Tower,16,15,33,9,73,0,0,40,0,40,16,15,73,9,113,26,0,26,139
08/31/2007,MFE,TX,ASW,CE,Federal Contract Tower,20,21,34,20,95,0,0,35,0,35,20,21,69,20,130,20,0,20,150
09/01/2007,MFE,TX,ASW,CE,Federal Contract Tower,18,17,19,0,54,0,0,37,0,37,18,17,56,0,91,18,0,18,109
09/02/2007,MFE,TX,ASW,CE,Federal Contract Tower,15,13,21,0,49,0,0,16,0,16,15,13,37,0,65,4,0,4,69
09/03/2007,MFE,TX,ASW,CE,Federal Contract Tower,18,18,25,0,61,0,0,8,0,8,18,18,33,0,69,28,0,28,97
09/04/2007,MFE,TX,ASW,CE,Federal Contract Tower,19,20,36,81,156,0,0,70,0,70,19,20,106,81,226,24,28,52,278
09/05/2007,MFE,TX,ASW,CE,Federal Contract Tower,16,17,44,34,111,0,0,39,0,39,16,17,83,34,150,26,34,60,210
09/06/2007,MFE,TX,ASW,CE,Federal Contract Tower,19,19,36,36,110,0,0,75,0,75,19,19,111,36,185,0,0,0,185
09/07/2007,MFE,TX,ASW,CE,Federal Contract Tower,20,21,48,10,99,0,0,69,0,69,20,21,117,10,168,48,0,48,216
09/08/2007,MFE,TX,ASW,CE,Federal Contract Tower,16,4,19,2,41,0,0,47,0,47,16,4,66,2,88,28,0,28,116
09/09/2007,MFE,TX,ASW,CE,Federal Contract Tower,17,14,17,2,50,0,0,31,0,31,17,14,48,2,81,4,0,4,85
09/10/2007,MFE,TX,ASW,CE,Federal Contract Tower,16,20,20,26,82,0,0,44,0,44,16,20,64,26,126,20,0,20,146
09/11/2007,MFE,TX,ASW,CE,Federal Contract Tower,16,14,42,20,92,0,0,57,0,57,16,14,99,20,149,34,0,34,183
09/12/2007,MFE,TX,ASW,CE,Federal Contract Tower,16,19,31,24,90,0,0,50,0,50,16,19,81,24,140,60,4,64,204
09/13/2007,MFE,TX,ASW,CE,Federal Contract Tower,20,22,31,22,95,0,0,47,0,47,20,22,78,22,142,46,0,46,188
09/14/2007,MFE,TX,ASW,CE,Federal Contract Tower,20,19,40,32,111,0,0,60,0,60,20,19,100,32,171,24,4,28,199
09/15/2007,MFE,TX,ASW,CE,Federal Contract Tower,16,7,20,0,43,0,0,34,0,34,16,7,54,0,77,6,0,6,83
09/16/2007,MFE,TX,ASW,CE,Federal Contract Tower,15,13,27,10,65,0,0,30,0,30,15,13,57,10,95,22,0,22,117
09/17/2007,MFE,TX,ASW,CE,Federal Contract Tower,19,17,45,39,120,0,0,39,0,39,19,17,84,39,159,0,0,0,159
09/18/2007,MFE,TX,ASW,CE,Federal Contract Tower,16,14,42,34,106,0,0,69,0,69,16,14,111,34,175,34,0,34,209
09/19/2007,MFE,TX,ASW,CE,Federal Contract Tower,21,15,27,16,79,0,0,62,0,62,21,15,89,16,141,36,0,36,177
09/20/2007,MFE,TX,ASW,CE,Federal Contract Tower,22,27,37,18,104,0,0,60,0,60,22,27,97,18,164,2,0,2,166
09/21/2007,MFE,TX,ASW,CE,Federal Contract Tower,20,24,33,8,85,0,0,76,0,76,20,24,109,8,161,24,0,24,185
09/22/2007,MFE,TX,ASW,CE,Federal Contract Tower,16,3,20,0,39,0,0,48,0,48,16,3,68,0,87,12,0,12,99
09/23/2007,MFE,TX,ASW,CE,Federal Contract Tower,18,12,20,2,52,0,0,45,0,45,18,12,65,2,97,12,0,12,109
09/24/2007,MFE,TX,ASW,CE,Federal Contract Tower,20,22,22,36,100,0,0,49,0,49,20,22,71,36,149,22,0,22,171
09/25/2007,MFE,TX,ASW,CE,Federal Contract Tower,15,17,35,50,117,0,0,65,0,65,15,17,100,50,182,4,4,8,190
09/26/2007,MFE,TX,ASW,CE,Federal Contract Tower,15,14,36,24,89,0,0,54,0,54,15,14,90,24,143,14,0,14,157
09/27/2007,MFE,TX,ASW,CE,Federal Contract Tower,20,13,39,30,102,0,0,72,0,72,20,13,111,30,174,30,32,62,236
09/28/2007,MFE,TX,ASW,CE,Federal Contract Tower,21,16,28,12,77,0,0,65,0,65,21,16,93,12,142,20,0,20,162
09/29/2007,MFE,TX,ASW,CE,Federal Contract Tower,16,7,19,0,42,0,0,30,0,30,16,7,49,0,72,22,0,22,94
09/30/2007,MFE,TX,ASW,CE,Federal Contract Tower,19,11,31,5,66,0,0,22,0,22,19,11,53,5,88,6,0,6,94
10/01/2007,MFE,TX,ASW,CE,Federal Contract Tower,20,12,55,18,105,1,0,18,0,19,21,12,73,18,124,72,0,72,196
10/02/2007,MFE,TX,ASW,CE,Federal Contract Tower,17,19,38,18,92,0,0,56,0,56,17,19,94,18,148,14,0,14,162
10/03/2007,MFE,TX,ASW,CE,Federal Contract Tower,18,18,35,20,91,0,0,91,0,91,18,18,126,20,182,52,0,52,234
10/04/2007,MFE,TX,ASW,CE,Federal Contract Tower,20,16,40,22,98,0,0,66,0,66,20,16,106,22,164,14,0,14,178
10/05/2007,MFE,TX,ASW,CE,Federal Contract Tower,19,15,30,4,68,0,0,52,0,52,19,15,82,4,120,30,0,30,150
10/06/2007,MFE,TX,ASW,CE,Federal Contract Tower,15,8,15,2,40,0,0,54,0,54,15,8,69,2,94,8,0,8,102
10/07/2007,MFE,TX,ASW,CE,Federal Contract Tower,18,14,20,0,52,0,0,40,0,40,18,14,60,0,92,0,0,0,92
10/08/2007,MFE,TX,ASW,CE,Federal Contract Tower,19,15,26,0,60,0,0,32,0,32,19,15,58,0,92,0,0,0,92
10/09/2007,MFE,TX,ASW,CE,Federal Contract Tower,17,18,31,18,84,0,0,30,0,30,17,18,61,18,114,20,0,20,134
10/10/2007,MFE,TX,ASW,CE,Federal Contract Tower,17,15,29,24,85,0,0,58,0,58,17,15,87,24,143,22,0,22,165
10/11/2007,MFE,TX,ASW,CE,Federal Contract Tower,19,13,37,30,99,0,0,60,0,60,19,13,97,30,159,52,0,52,211
10/12/2007,MFE,TX,ASW,CE,Federal Contract Tower,19,18,37,10,84,0,0,62,0,62,19,18,99,10,146,50,0,50,196
10/13/2007,MFE,TX,ASW,CE,Federal Contract Tower,15,4,27,0,46,0,0,40,0,40,15,4,67,0,86,14,0,14,100
10/14/2007,MFE,TX,ASW,CE,Federal Contract Tower,18,10,28,0,56,0,0,46,0,46,18,10,74,0,102,12,0,12,114
10/15/2007,MFE,TX,ASW,CE,Federal Contract Tower,20,13,42,39,114,0,0,62,0,62,20,13,104,39,176,14,0,14,190
10/16/2007,MFE,TX,ASW,CE,Federal Contract Tower,16,13,57,47,133,0,0,40,7,47,16,13,97,54,180,18,0,18,198
10/17/2007,MFE,TX,ASW,CE,Federal Contract Tower,18,17,30,32,97,0,0,65,0,65,18,17,95,32,162,20,8,28,190
10/18/2007,MFE,TX,ASW,CE,Federal Contract Tower,19,14,32,38,103,0,0,73,0,73,19,14,105,38,176,24,0,24,200
10/19/2007,MFE,TX,ASW,CE,Federal Contract Tower,17,19,30,30,96,0,0,58,0,58,17,19,88,30,154,28,0,28,182
10/20/2007,MFE,TX,ASW,CE,Federal Contract Tower,17,4,13,2,36,0,0,48,0,48,17,4,61,2,84,22,0,22,106
10/21/2007,MFE,TX,ASW,CE,Federal Contract Tower,19,15,17,0,51,0,0,43,0,43,19,15,60,0,94,32,0,32,126
10/22/2007,MFE,TX,ASW,CE,Federal Contract Tower,19,16,29,1,65,0,0,17,1,18,19,16,46,2,83,6,0,6,89
10/23/2007,MFE,TX,ASW,CE,Federal Contract Tower,17,13,22,20,72,0,0,69,0,69,17,13,91,20,141,0,8,8,149
10/24/2007,MFE,TX,ASW,CE,Federal Contract Tower,15,18,67,16,116,0,0,62,0,62,15,18,129,16,178,40,8,48,226
10/25/2007,MFE,TX,ASW,CE,Federal Contract Tower,19,20,44,32,115,0,0,92,0,92,19,20,136,32,207,22,0,22,229
10/26/2007,MFE,TX,ASW,CE,Federal Contract Tower,17,18,47,8,90,0,0,78,0,78,17,18,125,8,168,38,0,38,206
10/27/2007,MFE,TX,ASW,CE,Federal Contract Tower,16,5,13,0,34,0,0,66,0,66,16,5,79,0,100,30,0,30,130
10/28/2007,MFE,TX,ASW,CE,Federal Contract Tower,18,12,17,5,52,0,0,43,1,44,18,12,60,6,96,18,0,18,114
10/29/2007,MFE,TX,ASW,CE,Federal Contract Tower,22,16,28,51,117,0,0,54,0,54,22,16,82,51,171,12,0,12,183
10/30/2007,MFE,TX,ASW,CE,Federal Contract Tower,17,13,49,24,103,0,1,63,0,64,17,14,112,24,167,26,10,36,203
10/31/2007,MFE,TX,ASW,CE,Federal Contract Tower,17,11,54,34,116,0,0,90,0,90,17,11,144,34,206,44,0,44,250
11/01/2007,MFE,TX,ASW,CE,Federal Contract Tower,18,15,52,4,89,0,0,65,0,65,18,15,117,4,154,24,0,24,178
11/02/2007,MFE,TX,ASW,CE,Federal Contract Tower,20,16,50,9,95,0,1,73,1,75,20,17,123,10,170,62,0,62,232
11/03/2007,MFE,TX,ASW,CE,Federal Contract Tower,15,6,15,0,36,1,0,52,0,53,16,6,67,0,89,38,0,38,127
11/04/2007,MFE,TX,ASW,CE,Federal Contract Tower,18,12,22,0,52,0,0,36,0,36,18,12,58,0,88,4,0,4,92
11/05/2007,MFE,TX,ASW,CE,Federal Contract Tower,19,14,31,19,83,0,1,71,4,76,19,15,102,23,159,16,0,16,175
11/06/2007,MFE,TX,ASW,CE,Federal Contract Tower,15,12,39,22,88,0,1,69,1,71,15,13,108,23,159,38,8,46,205
11/07/2007,MFE,TX,ASW,CE,Federal Contract Tower,19,17,38,10,84,0,0,71,0,71,19,17,109,10,155,40,0,40,195
11/08/2007,MFE,TX,ASW,CE,Federal Contract Tower,21,13,39,22,95,0,0,57,0,57,21,13,96,22,152,20,0,20,172
11/09/2007,MFE,TX,ASW,CE,Federal Contract Tower,20,16,25,8,69,0,1,49,2,52,20,17,74,10,121,36,0,36,157
11/10/2007,MFE,TX,ASW,CE,Federal Contract Tower,16,5,26,0,47,0,0,48,0,48,16,5,74,0,95,38,0,38,133
11/11/2007,MFE,TX,ASW,CE,Federal Contract Tower,13,9,24,0,46,1,3,44,0,48,14,12,68,0,94,32,0,32,126
11/12/2007,MFE,TX,ASW,CE,Federal Contract Tower,17,17,25,4,63,0,0,44,0,44,17,17,69,4,107,0,0,0,107
11/13/2007,MFE,TX,ASW,CE,Federal Contract Tower,17,19,37,13,86,0,1,66,1,68,17,20,103,14,154,32,0,32,186
11/14/2007,MFE,TX,ASW,CE,Federal Contract Tower,19,16,42,46,123,0,0,72,8,80,19,16,114,54,203,32,0,32,235
11/15/2007,MFE,TX,ASW,CE,Federal Contract Tower,19,16,38,11,84,0,0,60,3,63,19,16,98,14,147,26,0,26,173
11/16/2007,MFE,TX,ASW,CE,Federal Contract Tower,18,17,46,26,107,0,0,67,0,67,18,17,113,26,174,58,0,58,232
11/17/2007,MFE,TX,ASW,CE,Federal Contract Tower,15,6,18,0,39,0,0,41,0,41,15,6,59,0,80,50,0,50,130
11/18/2007,MFE,TX,ASW,CE,Federal Contract Tower,18,11,26,0,55,0,0,49,10,59,18,11,75,10,114,32,0,32,146
11/19/2007,MFE,TX,ASW,CE,Federal Contract Tower,16,12,47,4,79,0,0,56,0,56,16,12,103,4,135,12,0,12,147
11/20/2007,MFE,TX,ASW,CE,Federal Contract Tower,17,24,37,21,99,0,1,66,3,70,17,25,103,24,169,26,0,26,195
11/21/2007,MFE,TX,ASW,CE,Federal Contract Tower,19,12,39,20,90,0,2,84,4,90,19,14,123,24,180,72,0,72,252
11/22/2007,MFE,TX,ASW,CE,Federal Contract Tower,16,6,21,0,43,0,0,14,0,14,16,6,35,0,57,0,0,0,57
11/23/2007,MFE,TX,ASW,CE,Federal Contract Tower,14,11,41,0,66,0,0,10,0,10,14,11,51,0,76,0,0,0,76
11/24/2007,MFE,TX,ASW,CE,Federal Contract Tower,14,10,37,0,61,0,0,0,0,0,14,10,37,0,61,0,0,0,61
11/25/2007,MFE,TX,ASW,CE,Federal Contract Tower,18,13,33,4,68,0,0,23,1,24,18,13,56,5,92,0,0,0,92
11/26/2007,MFE,TX,ASW,CE,Federal Contract Tower,20,24,27,34,105,0,1,63,0,64,20,25,90,34,169,20,0,20,189
11/27/2007,MFE,TX,ASW,CE,Federal Contract Tower,17,17,27,36,97,0,0,69,7,76,17,17,96,43,173,48,8,56,229
11/28/2007,MFE,TX,ASW,CE,Federal Contract Tower,17,27,58,32,134,0,3,79,4,86,17,30,137,36,220,46,0,46,266
11/29/2007,MFE,TX,ASW,CE,Federal Contract Tower,21,19,49,9,98,0,0,55,5,60,21,19,104,14,158,42,0,42,200
11/30/2007,MFE,TX,ASW,CE,Federal Contract Tower,17,15,43,31,106,1,1,34,3,39,18,16,77,34,145,14,0,14,159
12/01/2007,MFE,TX,ASW,CE,Federal Contract Tower,16,4,30,1,51,0,0,42,3,45,16,4,72,4,96,38,0,38,134
12/02/2007,MFE,TX,ASW,CE,Federal Contract Tower,17,12,12,1,42,0,0,44,0,44,17,12,56,1,86,32,0,32,118
12/03/2007,MFE,TX,ASW,CE,Federal Contract Tower,19,13,32,30,94,0,1,52,0,53,19,14,84,30,147,4,0,4,151
12/04/2007,MFE,TX,ASW,CE,Federal Contract Tower,16,14,38,28,96,0,1,61,3,65,16,15,99,31,161,26,0,26,187
12/05/2007,MFE,TX,ASW,CE,Federal Contract Tower,17,10,37,20,84,2,0,93,2,97,19,10,130,22,181,68,0,68,249
12/06/2007,MFE,TX,ASW,CE,Federal Contract Tower,18,14,57,54,143,0,0,68,4,72,18,14,125,58,215,44,6,50,265
12/07/2007,MFE,TX,ASW,CE,Federal Contract Tower,19,19,53,33,124,0,0,57,0,57,19,19,110,33,181,20,0,20,201
12/08/2007,MFE,TX,ASW,CE,Federal Contract Tower,18,4,25,5,52,0,0,53,1,54,18,4,78,6,106,30,0,30,136
12/09/2007,MFE,TX,ASW,CE,Federal Contract Tower,18,9,26,0,53,0,0,40,5,45,18,9,66,5,98,42,0,42,140
12/10/2007,MFE,TX,ASW,CE,Federal Contract Tower,19,15,47,40,121,0,0,17,2,19,19,15,64,42,140,10,2,12,152
12/11/2007,MFE,TX,ASW,CE,Federal Contract Tower,15,15,44,22,96,0,0,45,0,45,15,15,89,22,141,10,0,10,151
12/12/2007,MFE,TX,ASW,CE,Federal Contract Tower,20,19,79,35,153,0,0,49,2,51,20,19,128,37,204,78,0,78,282
12/13/2007,MFE,TX,ASW,CE,Federal Contract Tower,20,18,81,14,133,0,0,20,4,24,20,18,101,18,157,14,8,22,179
12/14/2007,MFE,TX,ASW,CE,Federal Contract Tower,21,18,48,30,117,0,0,10,0,10,21,18,58,30,127,10,0,10,137
12/15/2007,MFE,TX,ASW,CE,Federal Contract Tower,18,8,33,8,67,0,0,42,0,42,18,8,75,8,109,54,0,54,163
12/16/2007,MFE,TX,ASW,CE,Federal Contract Tower,17,13,24,7,61,0,0,61,7,68,17,13,85,14,129,26,0,26,155
12/17/2007,MFE,TX,ASW,CE,Federal Contract Tower,20,16,31,8,75,9,0,80,0,89,29,16,111,8,164,48,0,48,212
12/18/2007,MFE,TX,ASW,CE,Federal Contract Tower,17,19,29,12,77,0,0,105,6,111,17,19,134,18,188,44,0,44,232
12/19/2007,MFE,TX,ASW,CE,Federal Contract Tower,21,17,47,27,112,0,0,89,12,101,21,17,136,39,213,30,0,30,243
12/20/2007,MFE,TX,ASW,CE,Federal Contract Tower,21,19,46,10,96,0,1,103,0,104,21,20,149,10,200,98,0,98,298
12/21/2007,MFE,TX,ASW,CE,Federal Contract Tower,20,28,31,5,84,0,0,82,1,83,20,28,113,6,167,30,0,30,197
12/22/2007,MFE,TX,ASW,CE,Federal Contract Tower,20,12,22,0,54,0,0,68,0,68,20,12,90,0,122,22,0,22,144
12/23/2007,MFE,TX,ASW,CE,Federal Contract Tower,19,13,20,0,52,0,0,41,0,41,19,13,61,0,93,4,0,4,97
12/24/2007,MFE,TX,ASW,CE,Federal Contract Tower,18,9,9,0,36,0,0,37,0,37,18,9,46,0,73,20,0,20,93
12/25/2007,MFE,TX,ASW,CE,Federal Contract Tower,16,10,14,0,40,0,1,15,0,16,16,11,29,0,56,0,0,0,56
12/26/2007,MFE,TX,ASW,CE,Federal Contract Tower,21,13,35,2,71,0,1,71,0,72,21,14,106,2,143,52,0,52,195
12/27/2007,MFE,TX,ASW,CE,Federal Contract Tower,21,14,23,2,60,0,0,73,0,73,21,14,96,2,133,36,0,36,169
12/28/2007,MFE,TX,ASW,CE,Federal Contract Tower,19,16,15,21,71,0,0,57,0,57,19,16,72,21,128,26,0,26,154
12/29/2007,MFE,TX,ASW,CE,Federal Contract Tower,21,13,11,0,45,0,0,53,0,53,21,13,64,0,98,76,0,76,174
12/30/2007,MFE,TX,ASW,CE,Federal Contract Tower,21,13,17,0,51,10,0,46,0,56,31,13,63,0,107,22,0,22,129
12/31/2007,MFE,TX,ASW,CE,Federal Contract Tower,18,9,21,0,48,0,0,56,0,56,18,9,77,0,104,0,0,0,104
01/01/2008,MFE,TX,ASW,CE,Federal Contract Tower,17,10,13,0,40,0,0,30,0,30,17,10,43,0,70,0,0,0,70
01/02/2008,MFE,TX,ASW,CE,Federal Contract Tower,20,13,36,0,69,0,0,63,0,63,20,13,99,0,132,26,0,26,158
01/03/2008,MFE,TX,ASW,CE,Federal Contract Tower,20,19,29,10,78,0,0,79,2,81,20,19,108,12,159,58,0,58,217
01/04/2008,MFE,TX,ASW,CE,Federal Contract Tower,18,11,20,34,83,0,0,78,0,78,18,11,98,34,161,38,0,38,199
01/05/2008,MFE,TX,ASW,CE,Federal Contract Tower,21,9,23,0,53,0,2,53,0,55,21,11,76,0,108,12,0,12,120
01/06/2008,MFE,TX,ASW,CE,Federal Contract Tower,20,11,18,0,49,1,0,33,0,34,21,11,51,0,83,0,0,0,83
01/07/2008,MFE,TX,ASW,CE,Federal Contract Tower,20,9,41,17,87,0,1,55,3,59,20,10,96,20,146,16,0,16,162
01/08/2008,MFE,TX,ASW,CE,Federal Contract Tower,17,6,32,20,75,0,0,68,2,70,17,6,100,22,145,48,0,48,193
01/09/2008,MFE,TX,ASW,CE,Federal Contract Tower,17,7,47,26,97,0,0,88,1,89,17,7,135,27,186,62,0,62,248
01/10/2008,MFE,TX,ASW,CE,Federal Contract Tower,19,14,51,30,114,0,0,64,0,64,19,14,115,30,178,84,0,84,262
01/11/2008,MFE,TX,ASW,CE,Federal Contract Tower,21,12,42,20,95,0,0,94,6,100,21,12,136,26,195,24,0,24,219
01/12/2008,MFE,TX,ASW,CE,Federal Contract Tower,17,5,32,0,54,0,1,72,0,73,17,6,104,0,127,56,0,56,183
01/13/2008,MFE,TX,ASW,CE,Federal Contract Tower,20,6,30,9,65,0,0,66,1,67,20,6,96,10,132,42,0,42,174
01/14/2008,MFE,TX,ASW,CE,Federal Contract Tower,20,6,31,32,89,1,0,31,1,33,21,6,62,33,122,6,0,6,128
01/15/2008,MFE,TX,ASW,CE,Federal Contract Tower,16,7,57,30,110,0,0,10,1,11,16,7,67,31,121,0,4,4,125
01/16/2008,MFE,TX,ASW,CE,Federal Contract Tower,16,6,40,32,94,0,0,58,2,60,16,6,98,34,154,36,0,36,190
01/17/2008,MFE,TX,ASW,CE,Federal Contract Tower,21,7,48,2,78,0,0,7,0,7,21,7,55,2,85,10,0,10,95
01/18/2008,MFE,TX,ASW,CE,Federal Contract Tower,21,7,52,18,98,0,0,1,0,1,21,7,53,18,99,0,0,0,99
01/19/2008,MFE,TX,ASW,CE,Federal Contract Tower,19,3,27,0,49,0,0,58,2,60,19,3,85,2,109,54,0,54,163
01/20/2008,MFE,TX,ASW,CE,Federal Contract Tower,21,4,14,0,39,0,1,38,0,39,21,5,52,0,78,62,0,62,140
01/21/2008,MFE,TX,ASW,CE,Federal Contract Tower,21,5,38,0,64,0,2,51,4,57,21,7,89,4,121,8,0,8,129
01/22/2008,MFE,TX,ASW,CE,Federal Contract Tower,19,4,48,14,85,0,0,68,4,72,19,4,116,18,157,22,0,22,179
01/23/2008,MFE,TX,ASW,CE,Federal Contract Tower,9,4,47,0,60,0,0,0,0,0,9,4,47,0,60,0,0,0,60
01/24/2008,MFE,TX,ASW,CE,Federal Contract Tower,24,11,64,4,103,0,0,0,0,0,24,11,64,4,103,0,0,0,103
01/25/2008,MFE,TX,ASW,CE,Federal Contract Tower,19,10,41,9,79,0,0,20,1,21,19,10,61,10,100,0,52,52,152
01/26/2008,MFE,TX,ASW,CE,Federal Contract Tower,19,7,18,4,48,0,0,27,1,28,19,7,45,5,76,66,0,66,142
01/27/2008,MFE,TX,ASW,CE,Federal Contract Tower,21,4,42,0,67,0,0,17,0,17,21,4,59,0,84,0,0,0,84
01/28/2008,MFE,TX,ASW,CE,Federal Contract Tower,23,8,37,16,84,0,0,43,0,43,23,8,80,16,127,14,0,14,141
01/29/2008,MFE,TX,ASW,CE,Federal Contract Tower,14,12,42,20,88,0,0,51,2,53,14,12,93,22,141,56,0,56,197
01/30/2008,MFE,TX,ASW,CE,Federal Contract Tower,15,6,54,20,95,1,1,79,0,81,16,7,133,20,176,22,0,22,198
01/31/2008,MFE,TX,ASW,CE,Federal Contract Tower,22,9,41,19,91,0,0,41,1,42,22,9,82,20,133,4,8,12,145
02/01/2008,MFE,TX,ASW,CE,Federal Contract Tower,20,8,43,26,97,0,0,93,1,94,20,8,136,27,191,154,0,154,345
02/02/2008,MFE,TX,ASW,CE,Federal Contract Tower,18,3,13,0,34,0,5,47,1,53,18,8,60,1,87,30,0,30,117
02/03/2008,MFE,TX,ASW,CE,Federal Contract Tower,20,6,10,0,36,0,0,30,2,32,20,6,40,2,68,42,0,42,110
02/04/2008,MFE,TX,ASW,CE,Federal Contract Tower,21,10,49,39,119,0,0,56,0,56,21,10,105,39,175,12,0,12,187
02/05/2008,MFE,TX,ASW,CE,Federal Contract Tower,20,11,47,33,111,0,0,44,8,52,20,11,91,41,163,12,6,18,181
02/06/2008,MFE,TX,ASW,CE,Federal Contract Tower,17,10,50,19,96,0,0,84,12,96,17,10,134,31,192,50,0,50,242
02/07/2008,MFE,TX,ASW,CE,Federal Contract Tower,19,8,55,35,117,0,0,68,3,71,19,8,123,38,188,28,0,28,216
02/08/2008,MFE,TX,ASW,CE,Federal Contract Tower,21,11,44,30,106,0,0,79,3,82,21,11,123,33,188,14,0,14,202
02/09/2008,MFE,TX,ASW,CE,Federal Contract Tower,14,9,25,6,54,0,1,49,3,53,14,10,74,9,107,82,0,82,189
02/10/2008,MFE,TX,ASW,CE,Federal Contract Tower,21,10,26,16,73,0,1,37,0,38,21,11,63,16,111,62,0,62,173
02/11/2008,MFE,TX,ASW,CE,Federal Contract Tower,22,16,34,52,124,0,1,30,4,35,22,17,64,56,159,14,0,14,173
02/12/2008,MFE,TX,ASW,CE,Federal Contract Tower,15,9,39,24,87,0,0,59,5,64,15,9,98,29,151,22,12,34,185
02/13/2008,MFE,TX,ASW,CE,Federal Contract Tower,16,14,52,42,124,0,0,72,4,76,16,14,124,46,200,12,0,12,212
02/14/2008,MFE,TX,ASW,CE,Federal Contract Tower,18,17,33,53,121,0,0,51,3,54,18,17,84,56,175,6,0,6,181
02/15/2008,MFE,TX,ASW,CE,Federal Contract Tower,19,12,45,20,96,0,0,27,2,29,19,12,72,22,125,14,0,14,139
02/16/2008,MFE,TX,ASW,CE,Federal Contract Tower,18,10,16,0,44,0,0,16,0,16,18,10,32,0,60,0,0,0,60
02/17/2008,MFE,TX,ASW,CE,Federal Contract Tower,17,17,26,12,72,0,2,32,2,36,17,19,58,14,108,2,0,2,110
02/18/2008,MFE,TX,ASW,CE,Federal Contract Tower,19,19,29,0,67,0,0,30,0,30,19,19,59,0,97,0,0,0,97
02/19/2008,MFE,TX,ASW,CE,Federal Contract Tower,17,13,68,24,122,0,0,45,2,47,17,13,113,26,169,30,0,30,199
02/20/2008,MFE,TX,ASW,CE,Federal Contract Tower,19,12,66,16,113,0,0,24,2,26,19,12,90,18,139,38,0,38,177
02/21/2008,MFE,TX,ASW,CE,Federal Contract Tower,19,10,53,40,122,0,0,45,2,47,19,10,98,42,169,44,2,46,215
02/22/2008,MFE,TX,ASW,CE,Federal Contract Tower,19,17,54,37,127,0,0,74,0,74,19,17,128,37,201,34,0,34,235
02/23/2008,MFE,TX,ASW,CE,Federal Contract Tower,15,6,14,2,37,0,0,62,0,62,15,6,76,2,99,20,0,20,119
02/24/2008,MFE,TX,ASW,CE,Federal Contract Tower,17,13,22,2,54,0,0,32,0,32,17,13,54,2,86,4,0,4,90
02/25/2008,MFE,TX,ASW,CE,Federal Contract Tower,19,12,34,33,98,0,0,34,0,34,19,12,68,33,132,0,0,0,132
02/26/2008,MFE,TX,ASW,CE,Federal Contract Tower,18,10,43,43,114,1,0,49,3,53,19,10,92,46,167,0,12,12,179
02/27/2008,MFE,TX,ASW,CE,Federal Contract Tower,17,13,21,36,87,0,0,87,0,87,17,13,108,36,174,40,0,40,214
02/28/2008,MFE,TX,ASW,CE,Federal Contract Tower,18,15,48,30,111,1,0,70,0,71,19,15,118,30,182,8,2,10,192
02/29/2008,MFE,TX,ASW,CE,Federal Contract Tower,19,12,36,15,82,0,0,57,4,61,19,12,93,19,143,14,0,14,157
03/01/2008,MFE,TX,ASW,CE,Federal Contract Tower,16,8,9,8,41,0,0,41,4,45,16,8,50,12,86,30,0,30,116
03/02/2008,MFE,TX,ASW,CE,Federal Contract Tower,17,8,25,2,52,0,0,11,0,11,17,8,36,2,63,8,0,8,71
03/03/2008,MFE,TX,ASW,CE,Federal Contract Tower,17,17,24,12,70,0,0,13,6,19,17,17,37,18,89,0,0,0,89
03/04/2008,MFE,TX,ASW,CE,Federal Contract Tower,16,12,35,25,88,0,0,94,1,95,16,12,129,26,183,82,0,82,265
03/05/2008,MFE,TX,ASW,CE,Federal Contract Tower,17,13,51,4,85,0,0,61,0,61,17,13,112,4,146,22,0,22,168
03/06/2008,MFE,TX,ASW,CE,Federal Contract Tower,13,18,47,1,79,0,0,49,7,56,13,18,96,8,135,10,0,10,145
03/07/2008,MFE,TX,ASW,CE,Federal Contract Tower,18,12,25,4,59,0,0,43,3,46,18,12,68,7,105,20,0,20,125
03/08/2008,MFE,TX,ASW,CE,Federal Contract Tower,13,13,28,6,60,0,1,72,1,74,13,14,100,7,134,50,0,50,184
03/09/2008,MFE,TX,ASW,CE,Federal Contract Tower,17,10,20,6,53,0,0,19,0,19,17,10,39,6,72,0,0,0,72
03/10/2008,MFE,TX,ASW,CE,Federal Contract Tower,21,13,36,15,85,0,0,51,5,56,21,13,87,20,141,38,0,38,179
03/11/2008,MFE,TX,ASW,CE,Federal Contract Tower,18,13,38,37,106,0,0,82,12,94,18,13,120,49,200,66,0,66,266
03/12/2008,MFE,TX,ASW,CE,Federal Contract Tower,20,12,39,36,107,0,0,69,6,75,20,12,108,42,182,54,0,54,236
03/13/2008,MFE,TX,ASW,CE,Federal Contract Tower,18,8,42,19,87,0,2,61,4,67,18,10,103,23,154,62,0,62,216
03/14/2008,MFE,TX,ASW,CE,Federal Contract Tower,19,14,42,15,90,0,0,57,2,59,19,14,99,17,149,38,0,38,187
03/15/2008,MFE,TX,ASW,CE,Federal Contract Tower,20,9,25,0,54,0,0,51,2,53,20,9,76,2,107,72,0,72,179
03/16/2008,MFE,TX,ASW,CE,Federal Contract Tower,17,10,22,0,49,0,0,38,0,38,17,10,60,0,87,14,0,14,101
03/17/2008,MFE,TX,ASW,CE,Federal Contract Tower,19,16,46,0,81,0,0,24,0,24,19,16,70,0,105,0,0,0,105
03/18/2008,MFE,TX,ASW,CE,Federal Contract Tower,5,10,27,22,64,0,0,14,0,14,5,10,41,22,78,0,0,0,78
03/19/2008,MFE,TX,ASW,CE,Federal Contract Tower,19,13,39,14,85,0,0,61,4,65,19,13,100,18,150,20,6,26,176
03/20/2008,MFE,TX,ASW,CE,Federal Contract Tower,19,12,36,8,75,0,0,87,0,87,19,12,123,8,162,48,0,48,210
03/21/2008,MFE,TX,ASW,CE,Federal Contract Tower,19,10,17,16,62,0,1,84,2,87,19,11,101,18,149,40,0,40,189
03/22/2008,MFE,TX,ASW,CE,Federal Contract Tower,16,9,8,0,33,0,1,68,5,74,16,10,76,5,107,102,10,112,219
03/23/2008,MFE,TX,ASW,CE,Federal Contract Tower,17,9,11,0,37,0,0,29,2,31,17,9,40,2,68,16,0,16,84
03/24/2008,MFE,TX,ASW,CE,Federal Contract Tower,20,10,28,30,88,0,0,63,0,63,20,10,91,30,151,24,0,24,175
03/25/2008,MFE,TX,ASW,CE,Federal Contract Tower,17,25,34,14,90,0,0,44,0,44,17,25,78,14,134,6,0,6,140
03/26/2008,MFE,TX,ASW,CE,Federal Contract Tower,17,16,35,18,86,0,1,54,2,57,17,17,89,20,143,2,24,26,169
03/27/2008,MFE,TX,ASW,CE,Federal Contract Tower,16,19,45,18,98,0,0,61,0,61,16,19,106,18,159,14,0,14,173
03/28/2008,MFE,TX,ASW,CE,Federal Contract Tower,19,10,59,10,98,0,0,46,2,48,19,10,105,12,146,72,0,72,218
03/29/2008,MFE,TX,ASW,CE,Federal Contract Tower,13,9,27,0,49,0,0,28,2,30,13,9,55,2,79,24,0,24,103
03/30/2008,MFE,TX,ASW,CE,Federal Contract Tower,17,10,22,0,49,0,0,33,0,33,17,10,55,0,82,14,0,14,96
03/31/2008,MFE,TX,ASW,CE,Federal Contract Tower,18,11,38,31,98,0,0,40,0,40,18,11,78,31,138,32,0,32,170
04/01/2008,MFE,TX,ASW,CE,Federal Contract Tower,16,13,52,18,99,0,0,67,2,69,16,13,119,20,168,40,2,42,210
04/02/2008,MFE,TX,ASW,CE,Federal Contract Tower,19,13,37,24,93,0,0,56,0,56,19,13,93,24,149,50,0,50,199
04/03/2008,MFE,TX,ASW,CE,Federal Contract Tower,17,11,49,23,100,0,2,31,1,34,17,13,80,24,134,4,0,4,138
04/04/2008,MFE,TX,ASW,CE,Federal Contract Tower,16,13,42,8,79,0,0,59,11,70,16,13,101,19,149,30,0,30,179
04/05/2008,MFE,TX,ASW,CE,Federal Contract Tower,15,8,36,0,59,0,0,70,3,73,15,8,106,3,132,42,0,42,174
04/06/2008,MFE,TX,ASW,CE,Federal Contract Tower,17,8,18,0,43,0,0,40,0,40,17,8,58,0,83,20,0,20,103
04/07/2008,MFE,TX,ASW,CE,Federal Contract Tower,18,6,41,24,89,1,0,55,1,57,19,6,96,25,146,32,0,32,178
04/08/2008,MFE,TX,ASW,CE,Federal Contract Tower,14,14,33,36,97,0,0,52,0,52,14,14,85,36,149,14,44,58,207
04/09/2008,MFE,TX,ASW,CE,Federal Contract Tower,9,10,51,26,96,0,0,58,0,58,9,10,109,26,154,16,0,16,170
04/10/2008,MFE,TX,ASW,CE,Federal Contract Tower,10,9,16,4,39,0,0,88,0,88,10,9,104,4,127,54,0,54,181
04/11/2008,MFE,TX,ASW,CE,Federal Contract Tower,13,11,36,27,87,0,0,46,4,50,13,11,82,31,137,22,0,22,159
04/12/2008,MFE,TX,ASW,CE,Federal Contract Tower,10,12,20,6,48,0,1,38,4,43,10,13,58,10,91,76,0,76,167
04/13/2008,MFE,TX,ASW,CE,Federal Contract Tower,18,8,13,8,47,0,0,51,0,51,18,8,64,8,98,26,0,26,124
04/14/2008,MFE,TX,ASW,CE,Federal Contract Tower,19,10,31,26,86,0,0,57,0,57,19,10,88,26,143,36,0,36,179
04/15/2008,MFE,TX,ASW,CE,Federal Contract Tower,18,10,23,36,87,0,0,76,1,77,18,10,99,37,164,34,22,56,220
04/16/2008,MFE,TX,ASW,CE,Federal Contract Tower,17,14,26,24,81,0,1,60,0,61,17,15,86,24,142,28,0,28,170
04/17/2008,MFE,TX,ASW,CE,Federal Contract Tower,18,13,34,2,67,0,0,47,0,47,18,13,81,2,114,10,0,10,124
04/18/2008,MFE,TX,ASW,CE,Federal Contract Tower,19,10,30,14,73,0,1,42,4,47,19,11,72,18,120,54,0,54,174
04/19/2008,MFE,TX,ASW,CE,Federal Contract Tower,13,7,23,0,43,0,1,68,7,76,13,8,91,7,119,80,0,80,199
04/20/2008,MFE,TX,ASW,CE,Federal Contract Tower,18,7,20,0,45,0,0,34,0,34,18,7,54,0,79,30,0,30,109
04/21/2008,MFE,TX,ASW,CE,Federal Contract Tower,18,10,30,38,96,0,1,49,0,50,18,11,79,38,146,54,0,54,200
04/22/2008,MFE,TX,ASW,CE,Federal Contract Tower,18,10,44,34,106,0,1,65,4,70,18,11,109,38,176,22,0,22,198
04/23/2008,MFE,TX,ASW,CE,Federal Contract Tower,18,7,42,29,96,0,0,50,1,51,18,7,92,30,147,20,38,58,205
04/24/2008,MFE,TX,ASW,CE,Federal Contract Tower,19,8,45,22,94,0,0,46,0,46,19,8,91,22,140,14,0,14,154
04/25/2008,MFE,TX,ASW,CE,Federal Contract Tower,17,13,51,26,107,0,0,55,0,55,17,13,106,26,162,42,0,42,204
04/26/2008,MFE,TX,ASW,CE,Federal Contract Tower,13,7,18,2,40,0,0,30,3,33,13,7,48,5,73,14,0,14,87
04/27/2008,MFE,TX,ASW,CE,Federal Contract Tower,16,8,16,0,40,0,1,16,0,17,16,9,32,0,57,24,0,24,81
04/28/2008,MFE,TX,ASW,CE,Federal Contract Tower,18,10,31,38,97,0,2,65,0,67,18,12,96,38,164,32,2,34,198
04/29/2008,MFE,TX,ASW,CE,Federal Contract Tower,17,10,30,22,79,0,0,87,0,87,17,10,117,22,166,56,0,56,222
04/30/2008,MFE,TX,ASW,CE,Federal Contract Tower,17,10,37,56,120,0,0,68,2,70,17,10,105,58,190,52,0,52,242
05/01/2008,MFE,TX,ASW,CE,Federal Contract Tower,19,11,45,57,132,0,0,86,1,87,19,11,131,58,219,56,0,56,275
05/02/2008,MFE,TX,ASW,CE,Federal Contract Tower,16,9,24,25,74,0,0,63,3,66,16,9,87,28,140,72,0,72,212
05/03/2008,MFE,TX,ASW,CE,Federal Contract Tower,11,8,22,6,47,0,0,35,3,38,11,8,57,9,85,28,0,28,113
05/04/2008,MFE,TX,ASW,CE,Federal Contract Tower,17,10,22,0,49,0,0,39,1,40,17,10,61,1,89,78,0,78,167
05/05/2008,MFE,TX,ASW,CE,Federal Contract Tower,19,7,39,24,89,0,0,41,0,41,19,7,80,24,130,30,0,30,160
05/06/2008,MFE,TX,ASW,CE,Federal Contract Tower,17,10,49,48,124,0,0,53,0,53,17,10,102,48,177,76,0,76,253
05/07/2008,MFE,TX,ASW,CE,Federal Contract Tower,15,13,44,36,108,0,0,65,3,68,15,13,109,39,176,44,0,44,220
05/08/2008,MFE,TX,ASW,CE,Federal Contract Tower,21,10,42,56,129,0,0,71,0,71,21,10,113,56,200,22,6,28,228
05/09/2008,MFE,TX,ASW,CE,Federal Contract Tower,19,11,30,13,73,0,0,57,1,58,19,11,87,14,131,8,0,8,139
05/10/2008,MFE,TX,ASW,CE,Federal Contract Tower,16,10,9,0,35,0,0,44,2,46,16,10,53,2,81,44,0,44,125
05/11/2008,MFE,TX,ASW,CE,Federal Contract Tower,23,5,18,0,46,0,0,15,1,16,23,5,33,1,62,10,0,10,72
05/12/2008,MFE,TX,ASW,CE,Federal Contract Tower,18,13,47,51,129,0,0,47,0,47,18,13,94,51,176,14,0,14,190
05/13/2008,MFE,TX,ASW,CE,Federal Contract Tower,17,16,27,34,94,0,0,53,2,55,17,16,80,36,149,66,0,66,215
05/14/2008,MFE,TX,ASW,CE,Federal Contract Tower,15,14,30,55,114,0,0,63,1,64,15,14,93,56,178,70,0,70,248
05/15/2008,MFE,TX,ASW,CE,Federal Contract Tower,18,14,50,42,124,0,0,62,7,69,18,14,112,49,193,66,0,66,259
05/16/2008,MFE,TX,ASW,CE,Federal Contract Tower,17,9,39,2,67,0,0,46,4,50,17,9,85,6,117,32,0,32,149
05/17/2008,MFE,TX,ASW,CE,Federal Contract Tower,15,7,28,0,50,0,0,45,0,45,15,7,73,0,95,84,0,84,179
05/18/2008,MFE,TX,ASW,CE,Federal Contract Tower,17,3,9,0,29,0,1,55,0,56,17,4,64,0,85,88,0,88,173
05/19/2008,MFE,TX,ASW,CE,Federal Contract Tower,21,8,31,34,94,0,0,75,0,75,21,8,106,34,169,10,0,10,179
05/20/2008,MFE,TX,ASW,CE,Federal Contract Tower,19,13,32,39,103,0,0,91,4,95,19,13,123,43,198,54,0,54,252
05/21/2008,MFE,TX,ASW,CE,Federal Contract Tower,17,8,34,30,89,0,0,63,0,63,17,8,97,30,152,18,0,18,170
05/22/2008,MFE,TX,ASW,CE,Federal Contract Tower,21,8,49,36,114,0,0,66,0,66,21,8,115,36,180,42,0,42,222
05/23/2008,MFE,TX,ASW,CE,Federal Contract Tower,18,8,21,18,65,0,0,65,0,65,18,8,86,18,130,66,0,66,196
05/24/2008,MFE,TX,ASW,CE,Federal Contract Tower,15,5,17,4,41,0,0,43,0,43,15,5,60,4,84,28,0,28,112
05/25/2008,MFE,TX,ASW,CE,Federal Contract Tower,17,7,22,0,46,0,0,30,0,30,17,7,52,0,76,0,0,0,76
05/26/2008,MFE,TX,ASW,CE,Federal Contract Tower,19,6,20,0,45,0,0,36,0,36,19,6,56,0,81,0,0,0,81
05/27/2008,MFE,TX,ASW,CE,Federal Contract Tower,15,8,32,43,98,0,0,68,2,70,15,8,100,45,168,50,0,50,218
05/28/2008,MFE,TX,ASW,CE,Federal Contract Tower,19,9,25,22,75,1,2,75,0,78,20,11,100,22,153,80,0,80,233
05/29/2008,MFE,TX,ASW,CE,Federal Contract Tower,19,15,41,28,103,0,0,87,0,87,19,15,128,28,190,56,0,56,246
05/30/2008,MFE,TX,ASW,CE,Federal Contract Tower,20,12,29,9,70,0,1,57,1,59,20,13,86,10,129,34,0,34,163
05/31/2008,MFE,TX,ASW,CE,Federal Contract Tower,15,8,19,0,42,0,0,66,0,66,15,8,85,0,108,18,0,18,126
06/01/2008,MFE,TX,ASW,CE,Federal Contract Tower,20,5,23,0,48,0,0,52,0,52,20,5,75,0,100,36,0,36,136
06/02/2008,MFE,TX,ASW,CE,Federal Contract Tower,15,13,28,16,72,0,0,54,0,54,15,13,82,16,126,14,0,14,140
06/03/2008,MFE,TX,ASW,CE,Federal Contract Tower,19,12,22,39,92,0,5,69,0,74,19,17,91,39,166,20,0,20,186
06/04/2008,MFE,TX,ASW,CE,Federal Contract Tower,19,9,26,58,112,0,0,63,0,63,19,9,89,58,175,18,0,18,193
06/05/2008,MFE,TX,ASW,CE,Federal Contract Tower,19,20,38,12,89,0,0,68,0,68,19,20,106,12,157,4,0,4,161
06/06/2008,MFE,TX,ASW,CE,Federal Contract Tower,19,11,47,19,96,0,0,53,0,53,19,11,100,19,149,38,0,38,187
06/07/2008,MFE,TX,ASW,CE,Federal Contract Tower,18,6,12,0,36,0,1,43,0,44,18,7,55,0,80,48,0,48,128
06/08/2008,MFE,TX,ASW,CE,Federal Contract Tower,20,5,13,0,38,0,0,18,0,18,20,5,31,0,56,10,0,10,66
06/09/2008,MFE,TX,ASW,CE,Federal Contract Tower,16,7,34,31,88,0,1,45,2,48,16,8,79,33,136,46,0,46,182
06/10/2008,MFE,TX,ASW,CE,Federal Contract Tower,18,12,42,35,107,1,0,51,2,54,19,12,93,37,161,40,0,40,201
06/11/2008,MFE,TX,ASW,CE,Federal Contract Tower,23,16,41,18,98,0,0,68,0,68,23,16,109,18,166,18,0,18,184
06/12/2008,MFE,TX,ASW,CE,Federal Contract Tower,19,15,47,26,107,0,1,75,0,76,19,16,122,26,183,92,0,92,275
06/13/2008,MFE,TX,ASW,CE,Federal Contract Tower,17,14,32,18,81,0,0,78,0,78,17,14,110,18,159,58,0,58,217
06/14/2008,MFE,TX,ASW,CE,Federal Contract Tower,17,10,27,8,62,0,0,42,0,42,17,10,69,8,104,122,0,122,226
06/15/2008,MFE,TX,ASW,CE,Federal Contract Tower,19,7,20,0,46,0,0,66,0,66,19,7,86,0,112,22,0,22,134
06/16/2008,MFE,TX,ASW,CE,Federal Contract Tower,17,8,24,19,68,0,0,46,1,47,17,8,70,20,115,36,0,36,151
06/17/2008,MFE,TX,ASW,CE,Federal Contract Tower,13,10,33,17,73,0,0,79,0,79,13,10,112,17,152,64,0,64,216
06/18/2008,MFE,TX,ASW,CE,Federal Contract Tower,20,11,30,7,68,0,1,68,1,70,20,12,98,8,138,68,0,68,206
06/19/2008,MFE,TX,ASW,CE,Federal Contract Tower,14,14,47,26,101,0,2,74,0,76,14,16,121,26,177,74,0,74,251
06/20/2008,MFE,TX,ASW,CE,Federal Contract Tower,15,9,31,14,69,0,0,74,0,74,15,9,105,14,143,58,0,58,201
06/21/2008,MFE,TX,ASW,CE,Federal Contract Tower,17,12,16,0,45,0,0,60,0,60,17,12,76,0,105,52,0,52,157
06/22/2008,MFE,TX,ASW,CE,Federal Contract Tower,16,8,9,0,33,0,0,62,0,62,16,8,71,0,95,20,0,20,115
06/23/2008,MFE,TX,ASW,CE,Federal Contract Tower,17,10,32,6,65,0,0,50,2,52,17,10,82,8,117,48,0,48,165
06/24/2008,MFE,TX,ASW,CE,Federal Contract Tower,17,14,26,12,69,0,0,47,0,47,17,14,73,12,116,48,16,64,180
06/25/2008,MFE,TX,ASW,CE,Federal Contract Tower,18,16,40,25,99,0,1,57,3,61,18,17,97,28,160,24,0,24,184
06/26/2008,MFE,TX,ASW,CE,Federal Contract Tower,16,19,39,28,102,0,0,90,0,90,16,19,129,28,192,20,0,20,212
06/27/2008,MFE,TX,ASW,CE,Federal Contract Tower,16,13,28,10,67,0,0,49,6,55,16,13,77,16,122,2,0,2,124
06/28/2008,MFE,TX,ASW,CE,Federal Contract Tower,16,12,19,0,47,0,1,67,0,68,16,13,86,0,115,22,0,22,137
06/29/2008,MFE,TX,ASW,CE,Federal Contract Tower,19,6,17,15,57,0,0,39,0,39,19,6,56,15,96,16,0,16,112
06/30/2008,MFE,TX,ASW,CE,Federal Contract Tower,17,21,31,9,78,0,0,49,3,52,17,21,80,12,130,8,0,8,138
07/01/2008,MFE,TX,ASW,CE,Federal Contract Tower,17,26,25,16,84,0,1,42,0,43,17,27,67,16,127,8,0,8,135
07/02/2008,MFE,TX,ASW,CE,Federal Contract Tower,21,12,30,30,93,0,1,42,0,43,21,13,72,30,136,28,0,28,164
07/03/2008,MFE,TX,ASW,CE,Federal Contract Tower,21,10,23,4,58,0,0,45,0,45,21,10,68,4,103,4,0,4,107
07/04/2008,MFE,TX,ASW,CE,Federal Contract Tower,16,8,11,0,35,0,0,13,0,13,16,8,24,0,48,0,0,0,48
07/05/2008,MFE,TX,ASW,CE,Federal Contract Tower,19,7,14,0,40,0,0,6,0,6,19,7,20,0,46,30,0,30,76
07/06/2008,MFE,TX,ASW,CE,Federal Contract Tower,15,12,22,0,49,0,0,0,0,0,15,12,22,0,49,0,0,0,49
07/07/2008,MFE,TX,ASW,CE,Federal Contract Tower,19,8,33,0,60,0,1,14,0,15,19,9,47,0,75,14,0,14,89
07/08/2008,MFE,TX,ASW,CE,Federal Contract Tower,18,9,31,15,73,0,0,24,0,24,18,9,55,15,97,6,2,8,105
07/09/2008,MFE,TX,ASW,CE,Federal Contract Tower,20,13,39,10,82,0,1,37,0,38,20,14,76,10,120,24,2,26,146
07/10/2008,MFE,TX,ASW,CE,Federal Contract Tower,20,9,40,20,89,0,0,60,0,60,20,9,100,20,149,52,0,52,201
07/11/2008,MFE,TX,ASW,CE,Federal Contract Tower,19,8,42,2,71,0,0,48,0,48,19,8,90,2,119,32,0,32,151
07/12/2008,MFE,TX,ASW,CE,Federal Contract Tower,19,11,15,9,54,0,0,42,0,42,19,11,57,9,96,12,0,12,108
07/13/2008,MFE,TX,ASW,CE,Federal Contract Tower,18,11,21,2,52,0,0,40,0,40,18,11,61,2,92,8,0,8,100
07/14/2008,MFE,TX,ASW,CE,Federal Contract Tower,19,8,20,8,55,55,0,0,2,57,74,8,20,10,112,10,0,10,122
07/15/2008,MFE,TX,ASW,CE,Federal Contract Tower,18,14,21,17,70,0,0,69,0,69,18,14,90,17,139,26,2,28,167
07/16/2008,MFE,TX,ASW,CE,Federal Contract Tower,23,8,28,24,83,0,1,70,8,79,23,9,98,32,162,36,0,36,198
07/17/2008,MFE,TX,ASW,CE,Federal Contract Tower,17,9,42,26,94,0,1,64,0,65,17,10,106,26,159,30,8,38,197
07/18/2008,MFE,TX,ASW,CE,Federal Contract Tower,20,6,24,18,68,0,2,56,2,60,20,8,80,20,128,20,0,20,148
07/19/2008,MFE,TX,ASW,CE,Federal Contract Tower,20,10,23,0,53,54,0,0,0,54,74,10,23,0,107,76,0,76,183
07/20/2008,MFE,TX,ASW,CE,Federal Contract Tower,17,10,20,0,47,36,0,0,0,36,53,10,20,0,83,0,0,0,83
07/21/2008,MFE,TX,ASW,CE,Federal Contract Tower,18,14,36,2,70,0,0,45,0,45,18,14,81,2,115,32,0,32,147
07/22/2008,MFE,TX,ASW,CE,Federal Contract Tower,22,11,22,2,57,0,0,33,0,33,22,11,55,2,90,4,0,4,94
07/23/2008,MFE,TX,ASW,CE,Federal Contract Tower,1,0,1,0,2,0,0,0,0,0,1,0,1,0,2,0,0,0,2
07/24/2008,MFE,TX,ASW,CE,Federal Contract Tower,15,9,15,4,43,0,0,26,0,26,15,9,41,4,69,0,0,0,69
07/25/2008,MFE,TX,ASW,CE,Federal Contract Tower,20,19,41,4,84,0,0,87,2,89,20,19,128,6,173,82,0,82,255
07/26/2008,MFE,TX,ASW,CE,Federal Contract Tower,19,19,33,0,71,0,0,51,4,55,19,19,84,4,126,50,12,62,188
07/27/2008,MFE,TX,ASW,CE,Federal Contract Tower,17,11,15,0,43,0,0,39,0,39,17,11,54,0,82,0,0,0,82
07/28/2008,MFE,TX,ASW,CE,Federal Contract Tower,19,12,33,7,71,0,0,56,1,57,19,12,89,8,128,6,0,6,134
07/29/2008,MFE,TX,ASW,CE,Federal Contract Tower,19,9,30,5,63,0,0,88,5,93,19,9,118,10,156,28,0,28,184
07/30/2008,MFE,TX,ASW,CE,Federal Contract Tower,20,15,45,12,92,0,1,54,0,55,20,16,99,12,147,0,0,0,147
07/31/2008,MFE,TX,ASW,CE,Federal Contract Tower,19,12,45,30,106,0,0,64,1,65,19,12,109,31,171,2,8,10,181
08/01/2008,MFE,TX,ASW,CE,Federal Contract Tower,19,18,23,12,72,0,0,74,0,74,19,18,97,12,146,26,0,26,172
08/02/2008,MFE,TX,ASW,CE,Federal Contract Tower,18,10,14,6,48,0,0,54,0,54,18,10,68,6,102,2,0,2,104
08/03/2008,MFE,TX,ASW,CE,Federal Contract Tower,17,8,23,4,52,0,0,65,0,65,17,8,88,4,117,12,0,12,129
08/04/2008,MFE,TX,ASW,CE,Federal Contract Tower,19,12,33,14,78,0,0,67,2,69,19,12,100,16,147,18,0,18,165
08/05/2008,MFE,TX,ASW,CE,Federal Contract Tower,17,7,23,17,64,0,0,75,0,75,17,7,98,17,139,64,0,64,203
08/06/2008,MFE,TX,ASW,CE,Federal Contract Tower,21,15,46,10,92,0,1,63,2,66,21,16,109,12,158,42,10,52,210
08/07/2008,MFE,TX,ASW,CE,Federal Contract Tower,19,11,34,34,98,0,1,68,2,71,19,12,102,36,169,54,0,54,223
08/08/2008,MFE,TX,ASW,CE,Federal Contract Tower,20,14,33,14,81,0,1,64,0,65,20,15,97,14,146,24,0,24,170
08/09/2008,MFE,TX,ASW,CE,Federal Contract Tower,19,16,21,6,62,0,0,59,0,59,19,16,80,6,121,12,0,12,133
08/10/2008,MFE,TX,ASW,CE,Federal Contract Tower,16,8,19,4,47,0,0,33,0,33,16,8,52,4,80,0,0,0,80
08/11/2008,MFE,TX,ASW,CE,Federal Contract Tower,19,12,20,5,56,0,0,34,0,34,19,12,54,5,90,18,0,18,108
08/12/2008,MFE,TX,ASW,CE,Federal Contract Tower,17,8,42,36,103,0,0,57,0,57,17,8,99,36,160,40,0,40,200
08/13/2008,MFE,TX,ASW,CE,Federal Contract Tower,24,11,30,18,83,0,0,39,0,39,24,11,69,18,122,48,0,48,170
08/14/2008,MFE,TX,ASW,CE,Federal Contract Tower,22,16,31,6,75,0,0,47,0,47,22,16,78,6,122,24,0,24,146
08/15/2008,MFE,TX,ASW,CE,Federal Contract Tower,15,11,29,0,55,0,0,58,0,58,15,11,87,0,113,60,0,60,173
08/16/2008,MFE,TX,ASW,CE,Federal Contract Tower,15,7,18,2,42,0,1,46,0,47,15,8,64,2,89,38,0,38,127
08/17/2008,MFE,TX,ASW,CE,Federal Contract Tower,15,11,17,0,43,0,0,23,0,23,15,11,40,0,66,0,0,0,66
08/18/2008,MFE,TX,ASW,CE,Federal Contract Tower,19,12,42,3,76,0,0,19,0,19,19,12,61,3,95,20,0,20,115
08/19/2008,MFE,TX,ASW,CE,Federal Contract Tower,15,17,42,20,94,0,0,57,2,59,15,17,99,22,153,8,0,8,161
08/20/2008,MFE,TX,ASW,CE,Federal Contract Tower,17,13,56,22,108,0,0,71,2,73,17,13,127,24,181,28,0,28,209
08/21/2008,MFE,TX,ASW,CE,Federal Contract Tower,20,9,43,10,82,0,0,52,10,62,20,9,95,20,144,48,0,48,192
08/22/2008,MFE,TX,ASW,CE,Federal Contract Tower,19,11,43,1,74,0,0,29,0,29,19,11,72,1,103,10,0,10,113
08/23/2008,MFE,TX,ASW,CE,Federal Contract Tower,14,14,21,2,51,0,0,29,0,29,14,14,50,2,80,18,0,18,98
08/24/2008,MFE,TX,ASW,CE,Federal Contract Tower,17,9,24,0,50,0,0,18,0,18,17,9,42,0,68,0,0,0,68
08/25/2008,MFE,TX,ASW,CE,Federal Contract Tower,20,15,51,18,104,0,0,41,1,42,20,15,92,19,146,10,0,10,156
08/26/2008,MFE,TX,ASW,CE,Federal Contract Tower,16,11,33,13,73,0,1,57,6,64,16,12,90,19,137,46,14,60,197
08/27/2008,MFE,TX,ASW,CE,Federal Contract Tower,18,12,27,8,65,0,0,64,0,64,18,12,91,8,129,34,0,34,163
08/28/2008,MFE,TX,ASW,CE,Federal Contract Tower,21,14,40,12,87,0,0,65,0,65,21,14,105,12,152,50,0,50,202
08/29/2008,MFE,TX,ASW,CE,Federal Contract Tower,18,10,39,2,69,0,0,37,0,37,18,10,76,2,106,38,2,40,146
08/30/2008,MFE,TX,ASW,CE,Federal Contract Tower,14,8,16,0,38,0,0,45,0,45,14,8,61,0,83,126,0,126,209
08/31/2008,MFE,TX,ASW,CE,Federal Contract Tower,14,7,13,0,34,0,0,17,0,17,14,7,30,0,51,6,0,6,57
09/01/2008,MFE,TX,ASW,CE,Federal Contract Tower,17,10,25,4,56,0,0,54,0,54,17,10,79,4,110,6,0,6,116
09/02/2008,MFE,TX,ASW,CE,Federal Contract Tower,17,6,24,12,59,0,0,68,2,70,17,6,92,14,129,20,0,20,149
09/03/2008,MFE,TX,ASW,CE,Federal Contract Tower,17,5,37,18,77,0,0,83,0,83,17,5,120,18,160,50,0,50,210
09/04/2008,MFE,TX,ASW,CE,Federal Contract Tower,19,8,22,8,57,0,0,78,6,84,19,8,100,14,141,50,0,50,191
09/05/2008,MFE,TX,ASW,CE,Federal Contract Tower,17,9,30,0,56,0,0,57,0,57,17,9,87,0,113,34,0,34,147
09/06/2008,MFE,TX,ASW,CE,Federal Contract Tower,15,7,21,0,43,0,0,60,0,60,15,7,81,0,103,56,0,56,159
09/07/2008,MFE,TX,ASW,CE,Federal Contract Tower,16,10,16,0,42,0,0,45,0,45,16,10,61,0,87,20,0,20,107
09/08/2008,MFE,TX,ASW,CE,Federal Contract Tower,19,12,37,2,70,0,0,32,0,32,19,12,69,2,102,32,0,32,134
09/09/2008,MFE,TX,ASW,CE,Federal Contract Tower,14,5,30,6,55,0,0,62,0,62,14,5,92,6,117,8,0,8,125
09/10/2008,MFE,TX,ASW,CE,Federal Contract Tower,20,15,30,6,71,0,1,49,0,50,20,16,79,6,121,2,0,2,123
09/11/2008,MFE,TX,ASW,CE,Federal Contract Tower,19,9,31,5,64,0,1,66,0,67,19,10,97,5,131,32,0,32,163
09/12/2008,MFE,TX,ASW,CE,Federal Contract Tower,13,9,20,0,42,0,1,46,0,47,13,10,66,0,89,62,0,62,151
09/13/2008,MFE,TX,ASW,CE,Federal Contract Tower,7,2,22,0,31,0,0,39,0,39,7,2,61,0,70,46,0,46,116
09/14/2008,MFE,TX,ASW,CE,Federal Contract Tower,10,1,14,1,26,0,0,20,0,20,10,1,34,1,46,0,0,0,46
09/15/2008,MFE,TX,ASW,CE,Federal Contract Tower,19,5,25,0,49,0,0,10,0,10,19,5,35,0,59,0,0,0,59
09/16/2008,MFE,TX,ASW,CE,Federal Contract Tower,15,7,36,15,73,0,0,65,0,65,15,7,101,15,138,12,0,12,150
09/17/2008,MFE,TX,ASW,CE,Federal Contract Tower,15,10,35,7,67,0,0,71,5,76,15,10,106,12,143,36,0,36,179
09/18/2008,MFE,TX,ASW,CE,Federal Contract Tower,19,18,31,6,74,0,0,63,0,63,19,18,94,6,137,36,0,36,173
09/19/2008,MFE,TX,ASW,CE,Federal Contract Tower,19,15,30,8,72,0,1,77,0,78,19,16,107,8,150,44,0,44,194
09/20/2008,MFE,TX,ASW,CE,Federal Contract Tower,14,5,18,6,43,0,0,56,0,56,14,5,74,6,99,68,0,68,167
09/21/2008,MFE,TX,ASW,CE,Federal Contract Tower,18,11,26,0,55,0,0,40,0,40,18,11,66,0,95,2,0,2,97
09/22/2008,MFE,TX,ASW,CE,Federal Contract Tower,19,12,29,4,64,0,0,36,0,36,19,12,65,4,100,0,0,0,100
09/23/2008,MFE,TX,ASW,CE,Federal Contract Tower,15,12,32,2,61,0,0,35,0,35,15,12,67,2,96,48,0,48,144
09/24/2008,MFE,TX,ASW,CE,Federal Contract Tower,15,14,35,4,68,0,0,28,0,28,15,14,63,4,96,14,0,14,110
09/25/2008,MFE,TX,ASW,CE,Federal Contract Tower,19,13,46,20,98,0,0,93,0,93,19,13,139,20,191,56,0,56,247
09/26/2008,MFE,TX,ASW,CE,Federal Contract Tower,19,11,25,12,67,0,1,62,0,63,19,12,87,12,130,94,0,94,224
09/27/2008,MFE,TX,ASW,CE,Federal Contract Tower,17,3,13,0,33,0,0,40,0,40,17,3,53,0,73,14,0,14,87
09/28/2008,MFE,TX,ASW,CE,Federal Contract Tower,16,8,13,7,44,0,0,42,0,42,16,8,55,7,86,0,0,0,86
09/29/2008,MFE,TX,ASW,CE,Federal Contract Tower,19,15,43,36,113,0,0,53,0,53,19,15,96,36,166,4,0,4,170
09/30/2008,MFE,TX,ASW,CE,Federal Contract Tower,15,12,32,10,69,0,0,54,0,54,15,12,86,10,123,48,0,48,171
10/01/2008,MFE,TX,ASW,CE,Federal Contract Tower,15,14,49,20,98,0,0,61,0,61,15,14,110,20,159,60,0,60,219
10/02/2008,MFE,TX,ASW,CE,Federal Contract Tower,17,13,31,10,71,0,0,84,0,84,17,13,115,10,155,26,0,26,181
10/03/2008,MFE,TX,ASW,CE,Federal Contract Tower,17,11,32,2,62,0,0,55,0,55,17,11,87,2,117,38,0,38,155
10/04/2008,MFE,TX,ASW,CE,Federal Contract Tower,15,6,21,0,42,0,3,52,0,55,15,9,73,0,97,26,0,26,123
10/05/2008,MFE,TX,ASW,CE,Federal Contract Tower,13,11,22,8,54,0,0,24,0,24,13,11,46,8,78,8,0,8,86
10/06/2008,MFE,TX,ASW,CE,Federal Contract Tower,19,8,21,5,53,0,1,44,3,48,19,9,65,8,101,36,0,36,137
10/07/2008,MFE,TX,ASW,CE,Federal Contract Tower,17,12,35,6,70,0,0,25,2,27,17,12,60,8,97,20,0,20,117
10/08/2008,MFE,TX,ASW,CE,Federal Contract Tower,15,8,24,10,57,0,0,98,0,98,15,8,122,10,155,42,0,42,197
10/09/2008,MFE,TX,ASW,CE,Federal Contract Tower,16,13,43,12,84,0,1,76,2,79,16,14,119,14,163,34,0,34,197
10/10/2008,MFE,TX,ASW,CE,Federal Contract Tower,17,9,46,6,78,0,0,64,0,64,17,9,110,6,142,0,0,0,142
10/11/2008,MFE,TX,ASW,CE,Federal Contract Tower,13,7,23,1,44,0,0,45,1,46,13,7,68,2,90,22,14,36,126
10/12/2008,MFE,TX,ASW,CE,Federal Contract Tower,13,14,16,0,43,0,0,29,0,29,13,14,45,0,72,12,0,12,84
10/13/2008,MFE,TX,ASW,CE,Federal Contract Tower,17,9,50,0,76,0,41,0,0,41,17,50,50,0,117,28,0,28,145
10/14/2008,MFE,TX,ASW,CE,Federal Contract Tower,15,13,29,22,79,0,0,47,6,53,15,13,76,28,132,12,0,12,144
10/15/2008,MFE,TX,ASW,CE,Federal Contract Tower,14,10,43,26,93,0,0,22,0,22,14,10,65,26,115,22,0,22,137
10/16/2008,MFE,TX,ASW,CE,Federal Contract Tower,18,11,40,10,79,0,0,11,0,11,18,11,51,10,90,10,0,10,100
10/17/2008,MFE,TX,ASW,CE,Federal Contract Tower,19,10,36,8,73,0,0,54,0,54,19,10,90,8,127,10,0,10,137
10/18/2008,MFE,TX,ASW,CE,Federal Contract Tower,14,4,22,0,40,0,0,61,0,61,14,4,83,0,101,30,0,30,131
10/19/2008,MFE,TX,ASW,CE,Federal Contract Tower,15,10,10,0,35,0,1,52,0,53,15,11,62,0,88,18,0,18,106
10/20/2008,MFE,TX,ASW,CE,Federal Contract Tower,16,11,25,51,103,0,0,67,0,67,16,11,92,51,170,20,0,20,190
10/21/2008,MFE,TX,ASW,CE,Federal Contract Tower,15,6,32,12,65,0,0,67,0,67,15,6,99,12,132,16,0,16,148
10/22/2008,MFE,TX,ASW,CE,Federal Contract Tower,16,4,23,16,59,0,0,66,0,66,16,4,89,16,125,28,0,28,153
10/23/2008,MFE,TX,ASW,CE,Federal Contract Tower,18,9,46,4,77,0,0,89,0,89,18,9,135,4,166,32,0,32,198
10/24/2008,MFE,TX,ASW,CE,Federal Contract Tower,19,4,23,12,58,0,1,82,0,83,19,5,105,12,141,22,4,26,167
10/25/2008,MFE,TX,ASW,CE,Federal Contract Tower,15,6,23,12,56,0,0,70,0,70,15,6,93,12,126,50,0,50,176
10/26/2008,MFE,TX,ASW,CE,Federal Contract Tower,16,9,33,12,70,0,0,41,0,41,16,9,74,12,111,6,0,6,117
10/27/2008,MFE,TX,ASW,CE,Federal Contract Tower,20,5,28,24,77,0,0,42,2,44,20,5,70,26,121,10,0,10,131
10/28/2008,MFE,TX,ASW,CE,Federal Contract Tower,15,7,44,6,72,0,2,79,0,81,15,9,123,6,153,16,10,26,179
10/29/2008,MFE,TX,ASW,CE,Federal Contract Tower,15,8,28,11,62,0,0,67,0,67,15,8,95,11,129,26,0,26,155
10/30/2008,MFE,TX,ASW,CE,Federal Contract Tower,17,8,48,18,91,0,0,79,2,81,17,8,127,20,172,10,6,16,188
10/31/2008,MFE,TX,ASW,CE,Federal Contract Tower,19,8,32,0,59,0,0,77,0,77,19,8,109,0,136,46,0,46,182
11/01/2008,MFE,TX,ASW,CE,Federal Contract Tower,14,4,23,0,41,0,0,0,0,0,14,4,23,0,41,74,0,74,115
11/02/2008,MFE,TX,ASW,CE,Federal Contract Tower,18,6,21,0,45,0,0,43,0,43,18,6,64,0,88,4,0,4,92
11/03/2008,MFE,TX,ASW,CE,Federal Contract Tower,19,5,27,22,73,0,0,64,2,66,19,5,91,24,139,24,6,30,169
11/04/2008,MFE,TX,ASW,CE,Federal Contract Tower,18,4,27,12,61,0,0,58,0,58,18,4,85,12,119,18,0,18,137
11/05/2008,MFE,TX,ASW,CE,Federal Contract Tower,17,8,32,6,63,0,0,54,0,54,17,8,86,6,117,10,0,10,127
11/06/2008,MFE,TX,ASW,CE,Federal Contract Tower,23,7,42,10,82,0,0,56,0,56,23,7,98,10,138,8,0,8,146
11/07/2008,MFE,TX,ASW,CE,Federal Contract Tower,20,10,66,11,107,0,0,47,0,47,20,10,113,11,154,16,0,16,170
11/08/2008,MFE,TX,ASW,CE,Federal Contract Tower,13,3,24,10,50,0,0,67,0,67,13,3,91,10,117,28,0,28,145
11/09/2008,MFE,TX,ASW,CE,Federal Contract Tower,19,10,24,0,53,0,0,30,0,30,19,10,54,0,83,12,0,12,95
11/10/2008,MFE,TX,ASW,CE,Federal Contract Tower,16,7,31,20,74,0,0,44,0,44,16,7,75,20,118,6,0,6,124
11/11/2008,MFE,TX,ASW,CE,Federal Contract Tower,13,4,40,16,73,0,0,45,2,47,13,4,85,18,120,0,0,0,120
11/12/2008,MFE,TX,ASW,CE,Federal Contract Tower,15,6,41,4,66,0,0,36,0,36,15,6,77,4,102,16,0,16,118
11/13/2008,MFE,TX,ASW,CE,Federal Contract Tower,19,9,46,4,78,0,0,18,0,18,19,9,64,4,96,12,0,12,108
11/14/2008,MFE,TX,ASW,CE,Federal Contract Tower,18,6,32,15,71,0,0,83,0,83,18,6,115,15,154,32,0,32,186
11/15/2008,MFE,TX,ASW,CE,Federal Contract Tower,14,2,27,6,49,0,0,56,0,56,14,2,83,6,105,88,0,88,193
11/16/2008,MFE,TX,ASW,CE,Federal Contract Tower,19,6,24,0,49,0,0,44,0,44,19,6,68,0,93,20,0,20,113
11/17/2008,MFE,TX,ASW,CE,Federal Contract Tower,19,8,27,26,80,0,0,76,0,76,19,8,103,26,156,22,2,24,180
11/18/2008,MFE,TX,ASW,CE,Federal Contract Tower,17,5,30,12,64,0,0,62,4,66,17,5,92,16,130,56,0,56,186
11/19/2008,MFE,TX,ASW,CE,Federal Contract Tower,15,10,43,6,74,0,1,66,0,67,15,11,109,6,141,42,0,42,183
11/20/2008,MFE,TX,ASW,CE,Federal Contract Tower,22,7,28,24,81,0,0,67,0,67,22,7,95,24,148,56,0,56,204
11/21/2008,MFE,TX,ASW,CE,Federal Contract Tower,19,7,43,6,75,0,0,28,0,28,19,7,71,6,103,14,0,14,117
11/22/2008,MFE,TX,ASW,CE,Federal Contract Tower,14,5,26,4,49,0,0,34,0,34,14,5,60,4,83,50,0,50,133
11/23/2008,MFE,TX,ASW,CE,Federal Contract Tower,21,6,33,8,68,0,0,29,0,29,21,6,62,8,97,0,0,0,97
11/24/2008,MFE,TX,ASW,CE,Federal Contract Tower,16,8,27,20,71,0,0,53,4,57,16,8,80,24,128,56,2,58,186
11/25/2008,MFE,TX,ASW,CE,Federal Contract Tower,17,9,35,18,79,0,0,54,0,54,17,9,89,18,133,14,0,14,147
11/26/2008,MFE,TX,ASW,CE,Federal Contract Tower,19,7,35,0,61,0,0,76,0,76,19,7,111,0,137,38,0,38,175
11/27/2008,MFE,TX,ASW,CE,Federal Contract Tower,13,6,21,0,40,0,0,34,0,34,13,6,55,0,74,2,0,2,76
11/28/2008,MFE,TX,ASW,CE,Federal Contract Tower,12,7,14,0,33,0,0,38,0,38,12,7,52,0,71,22,0,22,93
11/29/2008,MFE,TX,ASW,CE,Federal Contract Tower,15,6,17,0,38,0,0,20,0,20,15,6,37,0,58,2,0,2,60
11/30/2008,MFE,TX,ASW,CE,Federal Contract Tower,25,8,28,0,61,0,0,36,0,36,25,8,64,0,97,4,0,4,101
12/01/2008,MFE,TX,ASW,CE,Federal Contract Tower,17,6,30,14,67,0,1,67,0,68,17,7,97,14,135,20,0,20,155
12/02/2008,MFE,TX,ASW,CE,Federal Contract Tower,14,8,25,4,51,0,0,56,4,60,14,8,81,8,111,42,0,42,153
12/03/2008,MFE,TX,ASW,CE,Federal Contract Tower,16,5,31,6,58,0,0,47,0,47,16,5,78,6,105,16,0,16,121
12/04/2008,MFE,TX,ASW,CE,Federal Contract Tower,21,10,33,18,82,0,0,82,0,82,21,10,115,18,164,52,0,52,216
12/05/2008,MFE,TX,ASW,CE,Federal Contract Tower,19,8,43,4,74,0,0,33,0,33,19,8,76,4,107,26,0,26,133
12/06/2008,MFE,TX,ASW,CE,Federal Contract Tower,11,6,15,2,34,0,0,58,0,58,11,6,73,2,92,38,0,38,130
12/07/2008,MFE,TX,ASW,CE,Federal Contract Tower,20,11,15,0,46,0,0,42,0,42,20,11,57,0,88,0,0,0,88
12/08/2008,MFE,TX,ASW,CE,Federal Contract Tower,19,10,44,33,106,0,0,27,0,27,19,10,71,33,133,14,0,14,147
12/09/2008,MFE,TX,ASW,CE,Federal Contract Tower,18,5,40,21,84,0,0,48,3,51,18,5,88,24,135,10,2,12,147
12/10/2008,MFE,TX,ASW,CE,Federal Contract Tower,13,7,39,6,65,0,0,22,2,24,13,7,61,8,89,0,0,0,89
12/11/2008,MFE,TX,ASW,CE,Federal Contract Tower,20,13,43,19,95,0,0,68,0,68,20,13,111,19,163,20,0,20,183
12/12/2008,MFE,TX,ASW,CE,Federal Contract Tower,19,10,33,8,70,0,0,83,0,83,19,10,116,8,153,82,0,82,235
12/13/2008,MFE,TX,ASW,CE,Federal Contract Tower,14,2,25,0,41,0,0,49,4,53,14,2,74,4,94,0,8,8,102
12/14/2008,MFE,TX,ASW,CE,Federal Contract Tower,18,8,21,4,51,0,0,15,0,15,18,8,36,4,66,0,0,0,66
12/15/2008,MFE,TX,ASW,CE,Federal Contract Tower,18,8,21,4,51,0,0,15,0,15,18,8,36,4,66,10,0,10,76
12/16/2008,MFE,TX,ASW,CE,Federal Contract Tower,14,6,40,8,68,0,0,0,0,0,14,6,40,8,68,0,0,0,68
12/17/2008,MFE,TX,ASW,CE,Federal Contract Tower,16,11,48,0,75,0,0,0,0,0,16,11,48,0,75,0,0,0,75
12/18/2008,MFE,TX,ASW,CE,Federal Contract Tower,20,8,59,24,111,0,0,14,0,14,20,8,73,24,125,10,0,10,135
12/19/2008,MFE,TX,ASW,CE,Federal Contract Tower,16,15,63,10,104,0,0,72,0,72,16,15,135,10,176,30,0,30,206
12/20/2008,MFE,TX,ASW,CE,Federal Contract Tower,14,11,53,0,78,0,0,52,0,52,14,11,105,0,130,6,0,6,136
12/21/2008,MFE,TX,ASW,CE,Federal Contract Tower,17,12,36,0,65,0,0,10,0,10,17,12,46,0,75,14,0,14,89
12/22/2008,MFE,TX,ASW,CE,Federal Contract Tower,19,12,42,10,83,0,0,45,0,45,19,12,87,10,128,12,0,12,140
12/23/2008,MFE,TX,ASW,CE,Federal Contract Tower,19,9,32,14,74,0,0,32,0,32,19,9,64,14,106,30,0,30,136
12/24/2008,MFE,TX,ASW,CE,Federal Contract Tower,14,14,31,4,63,0,0,16,0,16,14,14,47,4,79,0,0,0,79
12/25/2008,MFE,TX,ASW,CE,Federal Contract Tower,18,10,6,0,34,0,0,4,0,4,18,10,10,0,38,0,0,0,38
12/26/2008,MFE,TX,ASW,CE,Federal Contract Tower,19,8,20,0,47,0,0,40,0,40,19,8,60,0,87,26,0,26,113
12/27/2008,MFE,TX,ASW,CE,Federal Contract Tower,13,6,15,0,34,0,0,50,0,50,13,6,65,0,84,22,0,22,106
12/28/2008,MFE,TX,ASW,CE,Federal Contract Tower,18,12,19,0,49,0,0,15,0,15,18,12,34,0,64,10,0,10,74
12/29/2008,MFE,TX,ASW,CE,Federal Contract Tower,20,9,23,5,57,0,0,59,0,59,20,9,82,5,116,30,0,30,146
12/30/2008,MFE,TX,ASW,CE,Federal Contract Tower,18,13,37,8,76,0,0,51,0,51,18,13,88,8,127,40,0,40,167
12/31/2008,MFE,TX,ASW,CE,Federal Contract Tower,18,7,33,0,58,0,0,20,0,20,18,7,53,0,78,20,0,20,98
01/01/2009,MFE,TX,ASW,CE,Federal Contract Tower,20,7,17,0,44,0,0,19,0,19,20,7,36,0,63,10,0,10,73
01/02/2009,MFE,TX,ASW,CE,Federal Contract Tower,18,7,22,6,53,0,0,46,0,46,18,7,68,6,99,36,0,36,135
01/03/2009,MFE,TX,ASW,CE,Federal Contract Tower,13,7,17,0,37,0,0,23,0,23,13,7,40,0,60,10,0,10,70
01/04/2009,MFE,TX,ASW,CE,Federal Contract Tower,18,15,22,2,57,0,0,31,0,31,18,15,53,2,88,18,0,18,106
01/05/2009,MFE,TX,ASW,CE,Federal Contract Tower,18,10,25,0,53,0,0,33,0,33,18,10,58,0,86,28,0,28,114
01/06/2009,MFE,TX,ASW,CE,Federal Contract Tower,15,6,34,9,64,0,0,0,0,0,15,6,34,9,64,70,0,70,134
01/07/2009,MFE,TX,ASW,CE,Federal Contract Tower,17,9,33,20,79,0,0,89,0,89,17,9,122,20,168,52,0,52,220
01/08/2009,MFE,TX,ASW,CE,Federal Contract Tower,20,12,44,22,98,0,0,93,0,93,20,12,137,22,191,34,0,34,225
01/09/2009,MFE,TX,ASW,CE,Federal Contract Tower,17,10,27,5,59,0,0,46,0,46,17,10,73,5,105,4,0,4,109
01/10/2009,MFE,TX,ASW,CE,Federal Contract Tower,11,6,26,4,47,0,0,17,0,17,11,6,43,4,64,0,0,0,64
01/11/2009,MFE,TX,ASW,CE,Federal Contract Tower,19,7,31,0,57,0,2,29,0,31,19,9,60,0,88,22,0,22,110
01/12/2009,MFE,TX,ASW,CE,Federal Contract Tower,19,10,31,28,88,0,0,57,1,58,19,10,88,29,146,14,0,14,160
01/13/2009,MFE,TX,ASW,CE,Federal Contract Tower,15,8,32,12,67,0,0,70,0,70,15,8,102,12,137,22,0,22,159
01/14/2009,MFE,TX,ASW,CE,Federal Contract Tower,15,5,40,16,76,0,1,75,0,76,15,6,115,16,152,26,0,26,178
01/15/2009,MFE,TX,ASW,CE,Federal Contract Tower,21,7,51,36,115,0,0,52,2,54,21,7,103,38,169,38,0,38,207
01/16/2009,MFE,TX,ASW,CE,Federal Contract Tower,19,8,43,14,84,0,1,41,0,42,19,9,84,14,126,4,0,4,130
01/17/2009,MFE,TX,ASW,CE,Federal Contract Tower,13,4,22,0,39,0,0,53,0,53,13,4,75,0,92,46,0,46,138
01/18/2009,MFE,TX,ASW,CE,Federal Contract Tower,21,8,28,0,57,0,0,40,0,40,21,8,68,0,97,30,0,30,127
01/19/2009,MFE,TX,ASW,CE,Federal Contract Tower,21,9,30,4,64,0,0,51,4,55,21,9,81,8,119,48,0,48,167
01/20/2009,MFE,TX,ASW,CE,Federal Contract Tower,14,7,17,36,74,0,0,56,4,60,14,7,73,40,134,22,0,22,156
01/21/2009,MFE,TX,ASW,CE,Federal Contract Tower,16,10,27,26,79,0,0,53,0,53,16,10,80,26,132,16,0,16,148
01/22/2009,MFE,TX,ASW,CE,Federal Contract Tower,21,9,30,32,92,0,0,64,4,68,21,9,94,36,160,24,0,24,184
01/23/2009,MFE,TX,ASW,CE,Federal Contract Tower,18,7,33,9,67,0,0,73,0,73,18,7,106,9,140,50,6,56,196
01/24/2009,MFE,TX,ASW,CE,Federal Contract Tower,13,4,23,0,40,0,0,47,0,47,13,4,70,0,87,64,0,64,151
01/25/2009,MFE,TX,ASW,CE,Federal Contract Tower,23,8,20,0,51,0,0,27,0,27,23,8,47,0,78,28,0,28,106
01/26/2009,MFE,TX,ASW,CE,Federal Contract Tower,18,9,32,14,73,0,0,39,0,39,18,9,71,14,112,12,0,12,124
01/27/2009,MFE,TX,ASW,CE,Federal Contract Tower,12,10,28,16,66,0,0,29,2,31,12,10,57,18,97,22,0,22,119
01/28/2009,MFE,TX,ASW,CE,Federal Contract Tower,13,9,35,50,107,0,0,55,0,55,13,9,90,50,162,48,0,48,210
01/29/2009,MFE,TX,ASW,CE,Federal Contract Tower,21,11,57,28,117,0,1,72,0,73,21,12,129,28,190,112,0,112,302
01/30/2009,MFE,TX,ASW,CE,Federal Contract Tower,18,11,33,10,72,0,0,83,0,83,18,11,116,10,155,118,0,118,273
01/31/2009,MFE,TX,ASW,CE,Federal Contract Tower,15,7,21,0,43,0,0,66,0,66,15,7,87,0,109,104,0,104,213
02/01/2009,MFE,TX,ASW,CE,Federal Contract Tower,21,12,23,0,56,0,0,45,0,45,21,12,68,0,101,22,0,22,123
02/02/2009,MFE,TX,ASW,CE,Federal Contract Tower,19,8,22,21,70,0,1,45,0,46,19,9,67,21,116,10,0,10,126
02/03/2009,MFE,TX,ASW,CE,Federal Contract Tower,15,7,46,22,90,0,0,63,0,63,15,7,109,22,153,64,0,64,217
02/04/2009,MFE,TX,ASW,CE,Federal Contract Tower,15,4,35,24,78,0,0,66,0,66,15,4,101,24,144,50,0,50,194
02/05/2009,MFE,TX,ASW,CE,Federal Contract Tower,20,9,27,77,133,0,0,57,1,58,20,9,84,78,191,26,8,34,225
02/06/2009,MFE,TX,ASW,CE,Federal Contract Tower,20,18,30,20,88,0,0,42,0,42,20,18,72,20,130,32,0,32,162
02/07/2009,MFE,TX,ASW,CE,Federal Contract Tower,13,7,12,6,38,0,0,47,0,47,13,7,59,6,85,28,0,28,113
02/08/2009,MFE,TX,ASW,CE,Federal Contract Tower,19,8,12,9,48,0,0,12,0,12,19,8,24,9,60,2,0,2,62
02/09/2009,MFE,TX,ASW,CE,Federal Contract Tower,19,8,34,18,79,0,0,39,1,40,19,8,73,19,119,28,0,28,147
02/10/2009,MFE,TX,ASW,CE,Federal Contract Tower,14,10,33,18,75,0,0,36,1,37,14,10,69,19,112,0,0,0,112
02/11/2009,MFE,TX,ASW,CE,Federal Contract Tower,15,4,31,32,82,0,0,96,0,96,15,4,127,32,178,70,0,70,248
02/12/2009,MFE,TX,ASW,CE,Federal Contract Tower,21,8,33,28,90,0,0,68,0,68,21,8,101,28,158,0,0,0,158
02/13/2009,MFE,TX,ASW,CE,Federal Contract Tower,17,10,28,20,75,0,0,36,0,36,17,10,64,20,111,46,0,46,157
02/14/2009,MFE,TX,ASW,CE,Federal Contract Tower,10,13,29,2,54,0,0,48,2,50,10,13,77,4,104,52,0,52,156
02/15/2009,MFE,TX,ASW,CE,Federal Contract Tower,16,11,22,2,51,0,0,11,0,11,16,11,33,2,62,6,0,6,68
02/16/2009,MFE,TX,ASW,CE,Federal Contract Tower,19,12,31,0,62,0,0,6,0,6,19,12,37,0,68,0,0,0,68
02/17/2009,MFE,TX,ASW,CE,Federal Contract Tower,15,7,42,24,88,0,0,22,0,22,15,7,64,24,110,12,0,12,122
02/18/2009,MFE,TX,ASW,CE,Federal Contract Tower,18,8,41,21,88,0,0,48,1,49,18,8,89,22,137,32,0,32,169
02/19/2009,MFE,TX,ASW,CE,Federal Contract Tower,20,11,37,23,91,0,0,42,0,42,20,11,79,23,133,24,0,24,157
02/20/2009,MFE,TX,ASW,CE,Federal Contract Tower,20,15,40,8,83,0,0,52,6,58,20,15,92,14,141,52,0,52,193
02/21/2009,MFE,TX,ASW,CE,Federal Contract Tower,12,17,29,0,58,0,0,15,0,15,12,17,44,0,73,0,0,0,73
02/22/2009,MFE,TX,ASW,CE,Federal Contract Tower,15,12,23,0,50,0,0,58,4,62,15,12,81,4,112,28,0,28,140
02/23/2009,MFE,TX,ASW,CE,Federal Contract Tower,19,11,39,24,93,0,0,68,2,70,19,11,107,26,163,34,0,34,197
02/24/2009,MFE,TX,ASW,CE,Federal Contract Tower,15,12,44,11,82,0,0,62,0,62,15,12,106,11,144,30,0,30,174
02/25/2009,MFE,TX,ASW,CE,Federal Contract Tower,15,7,38,24,84,0,0,69,2,71,15,7,107,26,155,12,0,12,167
02/26/2009,MFE,TX,ASW,CE,Federal Contract Tower,21,12,32,25,90,0,0,54,0,54,21,12,86,25,144,2,0,2,146
02/27/2009,MFE,TX,ASW,CE,Federal Contract Tower,21,12,40,4,77,0,0,75,0,75,21,12,115,4,152,64,0,64,216
02/28/2009,MFE,TX,ASW,CE,Federal Contract Tower,12,10,16,0,38,0,0,25,0,25,12,10,41,0,63,0,0,0,63
03/01/2009,MFE,TX,ASW,CE,Federal Contract Tower,17,11,16,4,48,0,0,49,0,49,17,11,65,4,97,26,0,26,123
03/02/2009,MFE,TX,ASW,CE,Federal Contract Tower,19,9,35,32,95,0,0,64,0,64,19,9,99,32,159,34,0,34,193
03/03/2009,MFE,TX,ASW,CE,Federal Contract Tower,14,9,31,7,61,0,0,81,0,81,14,9,112,7,142,24,0,24,166
03/04/2009,MFE,TX,ASW,CE,Federal Contract Tower,15,11,34,36,96,0,0,51,0,51,15,11,85,36,147,14,0,14,161
03/05/2009,MFE,TX,ASW,CE,Federal Contract Tower,31,15,26,48,120,0,0,38,0,38,31,15,64,48,158,8,0,8,166
03/06/2009,MFE,TX,ASW,CE,Federal Contract Tower,19,13,30,14,76,0,0,36,6,42,19,13,66,20,118,0,6,6,124
03/07/2009,MFE,TX,ASW,CE,Federal Contract Tower,12,13,6,2,33,0,0,24,0,24,12,13,30,2,57,18,0,18,75
03/08/2009,MFE,TX,ASW,CE,Federal Contract Tower,15,16,20,4,55,0,0,30,0,30,15,16,50,4,85,22,0,22,107
03/09/2009,MFE,TX,ASW,CE,Federal Contract Tower,17,13,41,20,91,0,0,39,2,41,17,13,80,22,132,6,0,6,138
03/10/2009,MFE,TX,ASW,CE,Federal Contract Tower,13,19,39,30,101,0,0,38,0,38,13,19,77,30,139,0,0,0,139
03/11/2009,MFE,TX,ASW,CE,Federal Contract Tower,19,21,49,22,111,0,0,46,1,47,19,21,95,23,158,28,12,40,198
03/12/2009,MFE,TX,ASW,CE,Federal Contract Tower,18,17,53,45,133,0,0,6,0,6,18,17,59,45,139,0,0,0,139
03/13/2009,MFE,TX,ASW,CE,Federal Contract Tower,17,23,52,2,94,0,0,0,0,0,17,23,52,2,94,0,0,0,94
03/14/2009,MFE,TX,ASW,CE,Federal Contract Tower,14,15,42,0,71,0,0,25,0,25,14,15,67,0,96,0,0,0,96
03/15/2009,MFE,TX,ASW,CE,Federal Contract Tower,17,18,17,0,52,0,0,16,0,16,17,18,33,0,68,0,0,0,68
03/16/2009,MFE,TX,ASW,CE,Federal Contract Tower,17,13,30,20,80,0,0,98,0,98,17,13,128,20,178,2,0,2,180
03/17/2009,MFE,TX,ASW,CE,Federal Contract Tower,17,19,22,26,84,0,0,46,0,46,17,19,68,26,130,64,0,64,194
03/18/2009,MFE,TX,ASW,CE,Federal Contract Tower,18,15,32,27,92,0,0,84,0,84,18,15,116,27,176,0,0,0,176
03/19/2009,MFE,TX,ASW,CE,Federal Contract Tower,19,20,33,45,117,0,0,64,3,67,19,20,97,48,184,32,0,32,216
03/20/2009,MFE,TX,ASW,CE,Federal Contract Tower,17,18,27,12,74,0,1,63,2,66,17,19,90,14,140,0,0,0,140
03/21/2009,MFE,TX,ASW,CE,Federal Contract Tower,14,17,13,8,52,0,0,48,0,48,14,17,61,8,100,48,0,48,148
03/22/2009,MFE,TX,ASW,CE,Federal Contract Tower,15,17,26,4,62,0,0,36,0,36,15,17,62,4,98,0,0,0,98
03/23/2009,MFE,TX,ASW,CE,Federal Contract Tower,20,17,37,34,108,0,0,28,2,30,20,17,65,36,138,0,0,0,138
03/24/2009,MFE,TX,ASW,CE,Federal Contract Tower,17,15,40,2,74,0,0,33,0,33,17,15,73,2,107,0,0,0,107
03/25/2009,MFE,TX,ASW,CE,Federal Contract Tower,13,14,38,38,103,0,0,60,1,61,13,14,98,39,164,4,26,30,194
03/26/2009,MFE,TX,ASW,CE,Federal Contract Tower,17,18,41,44,120,0,0,52,3,55,17,18,93,47,175,34,60,94,269
03/27/2009,MFE,TX,ASW,CE,Federal Contract Tower,15,13,41,10,79,0,0,47,0,47,15,13,88,10,126,24,0,24,150
03/28/2009,MFE,TX,ASW,CE,Federal Contract Tower,10,12,23,0,45,0,0,55,0,55,10,12,78,0,100,52,0,52,152
03/29/2009,MFE,TX,ASW,CE,Federal Contract Tower,18,21,26,1,66,0,0,49,1,50,18,21,75,2,116,26,0,26,142
03/30/2009,MFE,TX,ASW,CE,Federal Contract Tower,18,11,26,18,73,0,0,46,8,54,18,11,72,26,127,18,0,18,145
03/31/2009,MFE,TX,ASW,CE,Federal Contract Tower,10,17,36,53,116,0,0,41,3,44,10,17,77,56,160,0,0,0,160
04/01/2009,MFE,TX,ASW,CE,Federal Contract Tower,13,9,29,14,65,0,0,86,3,89,13,9,115,17,154,14,0,14,168
04/02/2009,MFE,TX,ASW,CE,Federal Contract Tower,13,13,27,42,95,0,1,53,0,54,13,14,80,42,149,6,0,6,155
04/03/2009,MFE,TX,ASW,CE,Federal Contract Tower,12,14,27,10,63,0,0,83,0,83,12,14,110,10,146,6,0,6,152
04/04/2009,MFE,TX,ASW,CE,Federal Contract Tower,11,14,26,0,51,0,0,60,0,60,11,14,86,0,111,22,0,22,133
04/05/2009,MFE,TX,ASW,CE,Federal Contract Tower,17,20,27,0,64,0,0,52,0,52,17,20,79,0,116,16,0,16,132
04/06/2009,MFE,TX,ASW,CE,Federal Contract Tower,13,13,26,23,75,0,0,51,0,51,13,13,77,23,126,60,2,62,188
04/07/2009,MFE,TX,ASW,CE,Federal Contract Tower,13,22,34,20,89,0,0,94,0,94,13,22,128,20,183,16,0,16,199
04/08/2009,MFE,TX,ASW,CE,Federal Contract Tower,10,18,42,34,104,0,0,71,0,71,10,18,113,34,175,50,0,50,225
04/09/2009,MFE,TX,ASW,CE,Federal Contract Tower,18,13,27,18,76,0,0,66,6,72,18,13,93,24,148,18,0,18,166
04/10/2009,MFE,TX,ASW,CE,Federal Contract Tower,15,20,35,0,70,0,0,33,0,33,15,20,68,0,103,0,0,0,103
04/11/2009,MFE,TX,ASW,CE,Federal Contract Tower,10,10,23,3,46,0,0,13,0,13,10,10,36,3,59,0,0,0,59
04/12/2009,MFE,TX,ASW,CE,Federal Contract Tower,13,15,11,6,45,0,0,31,0,31,13,15,42,6,76,0,0,0,76
04/13/2009,MFE,TX,ASW,CE,Federal Contract Tower,20,11,28,38,97,0,0,51,0,51,20,11,79,38,148,0,0,0,148
04/14/2009,MFE,TX,ASW,CE,Federal Contract Tower,18,4,32,26,80,0,1,69,0,70,18,5,101,26,150,26,10,36,186
04/15/2009,MFE,TX,ASW,CE,Federal Contract Tower,11,14,29,19,73,0,0,70,1,71,11,14,99,20,144,8,0,8,152
04/16/2009,MFE,TX,ASW,CE,Federal Contract Tower,19,13,31,20,83,0,0,38,0,38,19,13,69,20,121,28,0,28,149
04/17/2009,MFE,TX,ASW,CE,Federal Contract Tower,23,11,32,9,75,0,0,39,0,39,23,11,71,9,114,6,0,6,120
04/18/2009,MFE,TX,ASW,CE,Federal Contract Tower,14,5,28,6,53,0,0,16,0,16,14,5,44,6,69,10,0,10,79
04/19/2009,MFE,TX,ASW,CE,Federal Contract Tower,15,14,16,0,45,0,0,40,0,40,15,14,56,0,85,12,0,12,97
04/20/2009,MFE,TX,ASW,CE,Federal Contract Tower,17,10,44,22,93,0,0,57,0,57,17,10,101,22,150,10,0,10,160
04/21/2009,MFE,TX,ASW,CE,Federal Contract Tower,11,16,29,28,84,0,0,60,0,60,11,16,89,28,144,8,0,8,152
04/22/2009,MFE,TX,ASW,CE,Federal Contract Tower,10,17,28,35,90,0,0,62,1,63,10,17,90,36,153,2,0,2,155
04/23/2009,MFE,TX,ASW,CE,Federal Contract Tower,18,19,42,51,130,0,0,40,0,40,18,19,82,51,170,18,0,18,188
04/24/2009,MFE,TX,ASW,CE,Federal Contract Tower,17,11,32,8,68,0,0,31,0,31,17,11,63,8,99,0,0,0,99
04/25/2009,MFE,TX,ASW,CE,Federal Contract Tower,10,9,23,4,46,0,0,39,0,39,10,9,62,4,85,32,0,32,117
04/26/2009,MFE,TX,ASW,CE,Federal Contract Tower,15,17,10,0,42,0,0,35,0,35,15,17,45,0,77,0,0,0,77
04/27/2009,MFE,TX,ASW,CE,Federal Contract Tower,18,13,27,50,108,0,0,20,0,20,18,13,47,50,128,0,4,4,132
04/28/2009,MFE,TX,ASW,CE,Federal Contract Tower,11,15,43,27,96,0,0,32,1,33,11,15,75,28,129,36,0,36,165
04/29/2009,MFE,TX,ASW,CE,Federal Contract Tower,16,11,31,28,86,0,0,46,0,46,16,11,77,28,132,36,4,40,172
04/30/2009,MFE,TX,ASW,CE,Federal Contract Tower,21,14,29,26,90,0,0,47,0,47,21,14,76,26,137,24,0,24,161
05/01/2009,MFE,TX,ASW,CE,Federal Contract Tower,18,17,22,3,60,0,0,45,0,45,18,17,67,3,105,10,0,10,115
05/02/2009,MFE,TX,ASW,CE,Federal Contract Tower,10,11,9,6,36,0,0,19,2,21,10,11,28,8,57,4,0,4,61
05/03/2009,MFE,TX,ASW,CE,Federal Contract Tower,16,15,19,0,50,0,0,29,0,29,16,15,48,0,79,8,0,8,87
05/04/2009,MFE,TX,ASW,CE,Federal Contract Tower,17,9,24,22,72,0,0,41,0,41,17,9,65,22,113,32,0,32,145
05/05/2009,MFE,TX,ASW,CE,Federal Contract Tower,12,16,36,43,107,0,0,44,1,45,12,16,80,44,152,30,0,30,182
05/06/2009,MFE,TX,ASW,CE,Federal Contract Tower,13,12,36,23,84,0,1,51,0,52,13,13,87,23,136,32,0,32,168
05/07/2009,MFE,TX,ASW,CE,Federal Contract Tower,19,14,52,28,113,0,0,57,0,57,19,14,109,28,170,38,0,38,208
05/08/2009,MFE,TX,ASW,CE,Federal Contract Tower,17,19,44,10,90,0,0,63,1,64,17,19,107,11,154,26,0,26,180
05/09/2009,MFE,TX,ASW,CE,Federal Contract Tower,11,10,11,2,34,0,0,45,0,45,11,10,56,2,79,36,0,36,115
05/10/2009,MFE,TX,ASW,CE,Federal Contract Tower,18,16,41,20,95,0,0,36,0,36,18,16,77,20,131,10,0,10,141
05/11/2009,MFE,TX,ASW,CE,Federal Contract Tower,15,17,23,30,85,0,0,54,1,55,15,17,77,31,140,4,0,4,144
05/12/2009,MFE,TX,ASW,CE,Federal Contract Tower,13,13,29,26,81,0,0,49,0,49,13,13,78,26,130,26,0,26,156
05/13/2009,MFE,TX,ASW,CE,Federal Contract Tower,14,15,34,20,83,0,0,55,0,55,14,15,89,20,138,12,0,12,150
05/14/2009,MFE,TX,ASW,CE,Federal Contract Tower,16,13,24,38,91,0,0,71,0,71,16,13,95,38,162,22,0,22,184
05/15/2009,MFE,TX,ASW,CE,Federal Contract Tower,17,15,32,6,70,0,0,57,1,58,17,15,89,7,128,8,0,8,136
05/16/2009,MFE,TX,ASW,CE,Federal Contract Tower,11,7,22,0,40,0,0,30,0,30,11,7,52,0,70,48,0,48,118
05/17/2009,MFE,TX,ASW,CE,Federal Contract Tower,18,15,16,10,59,0,0,22,0,22,18,15,38,10,81,16,0,16,97
05/18/2009,MFE,TX,ASW,CE,Federal Contract Tower,17,9,30,36,92,0,0,62,0,62,17,9,92,36,154,52,0,52,206
05/19/2009,MFE,TX,ASW,CE,Federal Contract Tower,13,13,36,16,78,0,0,77,4,81,13,13,113,20,159,72,0,72,231
05/20/2009,MFE,TX,ASW,CE,Federal Contract Tower,13,13,31,30,87,0,0,74,3,77,13,13,105,33,164,16,0,16,180
05/21/2009,MFE,TX,ASW,CE,Federal Contract Tower,18,18,35,32,103,0,2,63,4,69,18,20,98,36,172,30,0,30,202
05/22/2009,MFE,TX,ASW,CE,Federal Contract Tower,17,16,40,13,86,0,0,51,4,55,17,16,91,17,141,12,0,12,153
05/23/2009,MFE,TX,ASW,CE,Federal Contract Tower,12,6,14,4,36,0,0,53,0,53,12,6,67,4,89,60,0,60,149
05/24/2009,MFE,TX,ASW,CE,Federal Contract Tower,14,9,9,2,34,0,0,27,0,27,14,9,36,2,61,10,0,10,71
05/25/2009,MFE,TX,ASW,CE,Federal Contract Tower,14,14,20,3,51,0,0,43,0,43,14,14,63,3,94,26,0,26,120
05/26/2009,MFE,TX,ASW,CE,Federal Contract Tower,15,10,23,43,91,0,0,23,0,23,15,10,46,43,114,8,0,8,122
05/27/2009,MFE,TX,ASW,CE,Federal Contract Tower,17,12,41,41,111,0,0,30,1,31,17,12,71,42,142,22,0,22,164
05/28/2009,MFE,TX,ASW,CE,Federal Contract Tower,19,18,27,25,89,0,0,74,0,74,19,18,101,25,163,40,0,40,203
05/29/2009,MFE,TX,ASW,CE,Federal Contract Tower,17,13,31,26,87,0,0,62,2,64,17,13,93,28,151,44,0,44,195
05/30/2009,MFE,TX,ASW,CE,Federal Contract Tower,11,7,15,8,41,0,0,46,0,46,11,7,61,8,87,46,0,46,133
05/31/2009,MFE,TX,ASW,CE,Federal Contract Tower,20,11,14,2,47,0,0,16,0,16,20,11,30,2,63,0,0,0,63
06/01/2009,MFE,TX,ASW,CE,Federal Contract Tower,16,12,26,15,69,0,0,34,1,35,16,12,60,16,104,0,0,0,104
06/02/2009,MFE,TX,ASW,CE,Federal Contract Tower,13,9,36,24,82,0,0,53,6,59,13,9,89,30,141,12,0,12,153
06/03/2009,MFE,TX,ASW,CE,Federal Contract Tower,17,13,43,27,100,0,0,70,1,71,17,13,113,28,171,10,0,10,181
06/04/2009,MFE,TX,ASW,CE,Federal Contract Tower,21,18,41,39,119,0,0,75,0,75,21,18,116,39,194,10,2,12,206
06/05/2009,MFE,TX,ASW,CE,Federal Contract Tower,18,13,33,4,68,0,0,92,1,93,18,13,125,5,161,16,0,16,177
06/06/2009,MFE,TX,ASW,CE,Federal Contract Tower,10,9,9,2,30,0,0,53,0,53,10,9,62,2,83,78,0,78,161
06/07/2009,MFE,TX,ASW,CE,Federal Contract Tower,20,13,8,0,41,0,45,0,0,45,20,58,8,0,86,58,0,58,144
06/08/2009,MFE,TX,ASW,CE,Federal Contract Tower,17,12,42,18,89,0,0,45,0,45,17,12,87,18,134,32,0,32,166
06/09/2009,MFE,TX,ASW,CE,Federal Contract Tower,13,22,16,10,61,0,0,70,2,72,13,22,86,12,133,12,0,12,145
06/10/2009,MFE,TX,ASW,CE,Federal Contract Tower,14,17,30,10,71,0,0,63,2,65,14,17,93,12,136,16,0,16,152
06/11/2009,MFE,TX,ASW,CE,Federal Contract Tower,15,20,43,28,106,0,0,68,0,68,15,20,111,28,174,30,0,30,204
06/12/2009,MFE,TX,ASW,CE,Federal Contract Tower,15,19,32,15,81,0,0,70,0,70,15,19,102,15,151,0,0,0,151
06/13/2009,MFE,TX,ASW,CE,Federal Contract Tower,15,15,22,0,52,0,0,73,0,73,15,15,95,0,125,38,0,38,163
06/14/2009,MFE,TX,ASW,CE,Federal Contract Tower,20,17,20,2,59,0,0,36,0,36,20,17,56,2,95,10,0,10,105
06/15/2009,MFE,TX,ASW,CE,Federal Contract Tower,17,22,33,20,92,0,0,51,0,51,17,22,84,20,143,2,0,2,145
06/16/2009,MFE,TX,ASW,CE,Federal Contract Tower,17,11,34,19,81,0,1,59,0,60,17,12,93,19,141,88,0,88,229
06/17/2009,MFE,TX,ASW,CE,Federal Contract Tower,13,13,29,24,79,0,0,61,0,61,13,13,90,24,140,56,0,56,196
06/18/2009,MFE,TX,ASW,CE,Federal Contract Tower,22,15,30,24,91,0,0,59,5,64,22,15,89,29,155,20,0,20,175
06/19/2009,MFE,TX,ASW,CE,Federal Contract Tower,17,18,24,10,69,0,0,68,3,71,17,18,92,13,140,10,44,54,194
06/20/2009,MFE,TX,ASW,CE,Federal Contract Tower,17,14,9,0,40,0,0,54,0,54,17,14,63,0,94,58,0,58,152
06/21/2009,MFE,TX,ASW,CE,Federal Contract Tower,17,16,18,0,51,0,0,35,0,35,17,16,53,0,86,36,0,36,122
06/22/2009,MFE,TX,ASW,CE,Federal Contract Tower,16,17,32,28,93,0,2,41,4,47,16,19,73,32,140,16,0,16,156
06/23/2009,MFE,TX,ASW,CE,Federal Contract Tower,16,12,20,8,56,0,0,53,0,53,16,12,73,8,109,50,0,50,159
06/24/2009,MFE,TX,ASW,CE,Federal Contract Tower,17,16,39,26,98,0,0,48,2,50,17,16,87,28,148,8,2,10,158
06/25/2009,MFE,TX,ASW,CE,Federal Contract Tower,19,18,26,23,86,0,0,43,1,44,19,18,69,24,130,14,6,20,150
06/26/2009,MFE,TX,ASW,CE,Federal Contract Tower,18,15,32,5,70,0,0,59,1,60,18,15,91,6,130,22,0,22,152
06/27/2009,MFE,TX,ASW,CE,Federal Contract Tower,15,14,15,12,56,0,0,43,0,43,15,14,58,12,99,28,0,28,127
06/28/2009,MFE,TX,ASW,CE,Federal Contract Tower,18,16,23,8,65,0,0,28,0,28,18,16,51,8,93,8,0,8,101
06/29/2009,MFE,TX,ASW,CE,Federal Contract Tower,16,14,40,24,94,0,1,63,0,64,16,15,103,24,158,50,0,50,208
06/30/2009,MFE,TX,ASW,CE,Federal Contract Tower,17,15,22,38,92,0,0,49,4,53,17,15,71,42,145,78,18,96,241
07/01/2009,MFE,TX,ASW,CE,Federal Contract Tower,16,12,33,53,114,0,0,44,0,44,16,12,77,53,158,20,0,20,178
07/02/2009,MFE,TX,ASW,CE,Federal Contract Tower,28,10,37,1,76,0,0,51,1,52,28,10,88,2,128,2,0,2,130
07/03/2009,MFE,TX,ASW,CE,Federal Contract Tower,14,13,16,0,43,0,0,38,0,38,14,13,54,0,81,24,0,24,105
07/04/2009,MFE,TX,ASW,CE,Federal Contract Tower,15,13,9,0,37,0,0,15,0,15,15,13,24,0,52,12,0,12,64
07/05/2009,MFE,TX,ASW,CE,Federal Contract Tower,18,17,21,8,64,0,1,21,0,22,18,18,42,8,86,24,0,24,110
07/06/2009,MFE,TX,ASW,CE,Federal Contract Tower,21,16,27,54,118,0,0,44,0,44,21,16,71,54,162,54,0,54,216
07/07/2009,MFE,TX,ASW,CE,Federal Contract Tower,17,10,25,33,85,0,0,45,1,46,17,10,70,34,131,34,0,34,165
07/08/2009,MFE,TX,ASW,CE,Federal Contract Tower,23,10,27,41,101,0,0,65,0,65,23,10,92,41,166,22,0,22,188
07/09/2009,MFE,TX,ASW,CE,Federal Contract Tower,24,17,30,20,91,0,0,54,0,54,24,17,84,20,145,24,0,24,169
07/10/2009,MFE,TX,ASW,CE,Federal Contract Tower,14,15,43,16,88,0,0,54,0,54,14,15,97,16,142,20,0,20,162
07/11/2009,MFE,TX,ASW,CE,Federal Contract Tower,15,17,27,0,59,0,0,34,0,34,15,17,61,0,93,6,0,6,99
07/12/2009,MFE,TX,ASW,CE,Federal Contract Tower,18,19,16,8,61,0,0,28,0,28,18,19,44,8,89,18,0,18,107
07/13/2009,MFE,TX,ASW,CE,Federal Contract Tower,14,14,25,23,76,0,0,56,0,56,14,14,81,23,132,30,0,30,162
07/14/2009,MFE,TX,ASW,CE,Federal Contract Tower,17,15,25,26,83,0,0,54,2,56,17,15,79,28,139,38,16,54,193
07/15/2009,MFE,TX,ASW,CE,Federal Contract Tower,18,12,39,15,84,0,0,57,0,57,18,12,96,15,141,18,0,18,159
07/16/2009,MFE,TX,ASW,CE,Federal Contract Tower,21,18,21,10,70,0,0,57,0,57,21,18,78,10,127,6,0,6,133
07/17/2009,MFE,TX,ASW,CE,Federal Contract Tower,15,13,42,4,74,0,0,59,0,59,15,13,101,4,133,3,0,3,136
07/18/2009,MFE,TX,ASW,CE,Federal Contract Tower,17,14,8,4,43,0,0,42,0,42,17,14,50,4,85,18,0,18,103
07/19/2009,MFE,TX,ASW,CE,Federal Contract Tower,14,14,11,2,41,0,0,26,2,28,14,14,37,4,69,22,0,22,91
07/20/2009,MFE,TX,ASW,CE,Federal Contract Tower,16,12,11,17,56,0,0,47,5,52,16,12,58,22,108,10,0,10,118
07/21/2009,MFE,TX,ASW,CE,Federal Contract Tower,17,16,28,14,75,0,3,29,0,32,17,19,57,14,107,20,0,20,127
07/22/2009,MFE,TX,ASW,CE,Federal Contract Tower,17,18,27,25,87,0,0,68,0,68,17,18,95,25,155,14,0,14,169
07/23/2009,MFE,TX,ASW,CE,Federal Contract Tower,20,18,23,12,73,0,0,78,1,79,20,18,101,13,152,34,6,40,192
07/24/2009,MFE,TX,ASW,CE,Federal Contract Tower,17,20,27,15,79,0,2,71,0,73,17,22,98,15,152,20,8,28,180
07/25/2009,MFE,TX,ASW,CE,Federal Contract Tower,14,12,23,0,49,0,0,54,0,54,14,12,77,0,103,24,0,24,127
07/26/2009,MFE,TX,ASW,CE,Federal Contract Tower,16,19,17,2,54,0,2,40,0,42,16,21,57,2,96,22,0,22,118
07/27/2009,MFE,TX,ASW,CE,Federal Contract Tower,16,18,24,24,82,0,1,54,0,55,16,19,78,24,137,0,0,0,137
07/28/2009,MFE,TX,ASW,CE,Federal Contract Tower,19,18,33,26,96,0,0,34,0,34,19,18,67,26,130,0,0,0,130
07/29/2009,MFE,TX,ASW,CE,Federal Contract Tower,18,17,30,36,101,0,0,30,0,30,18,17,60,36,131,0,0,0,131
07/30/2009,MFE,TX,ASW,CE,Federal Contract Tower,21,32,26,27,106,0,0,34,3,37,21,32,60,30,143,0,0,0,143
07/31/2009,MFE,TX,ASW,CE,Federal Contract Tower,15,20,21,8,64,0,0,37,4,41,15,20,58,12,105,14,0,14,119
08/01/2009,MFE,TX,ASW,CE,Federal Contract Tower,15,15,18,2,50,0,0,43,4,47,15,15,61,6,97,4,0,4,101
08/02/2009,MFE,TX,ASW,CE,Federal Contract Tower,18,16,14,2,50,0,0,35,0,35,18,16,49,2,85,18,0,18,103
08/03/2009,MFE,TX,ASW,CE,Federal Contract Tower,16,20,21,15,72,0,0,48,1,49,16,20,69,16,121,14,0,14,135
08/04/2009,MFE,TX,ASW,CE,Federal Contract Tower,16,12,30,8,66,0,1,55,0,56,16,13,85,8,122,20,0,20,142
08/05/2009,MFE,TX,ASW,CE,Federal Contract Tower,17,20,34,24,95,0,0,65,0,65,17,20,99,24,160,24,0,24,184
08/06/2009,MFE,TX,ASW,CE,Federal Contract Tower,20,17,23,8,68,0,0,50,0,50,20,17,73,8,118,24,0,24,142
08/07/2009,MFE,TX,ASW,CE,Federal Contract Tower,16,17,34,24,91,0,0,46,2,48,16,17,80,26,139,4,0,4,143
08/08/2009,MFE,TX,ASW,CE,Federal Contract Tower,15,15,12,4,46,0,0,18,0,18,15,15,30,4,64,18,0,18,82
08/09/2009,MFE,TX,ASW,CE,Federal Contract Tower,19,14,24,6,63,0,0,36,0,36,19,14,60,6,99,2,0,2,101
08/10/2009,MFE,TX,ASW,CE,Federal Contract Tower,21,21,24,27,93,0,0,51,1,52,21,21,75,28,145,62,0,62,207
08/11/2009,MFE,TX,ASW,CE,Federal Contract Tower,18,14,26,33,91,0,0,40,0,40,18,14,66,33,131,14,0,14,145
08/12/2009,MFE,TX,ASW,CE,Federal Contract Tower,17,14,21,30,82,0,0,45,0,45,17,14,66,30,127,18,0,18,145
08/13/2009,MFE,TX,ASW,CE,Federal Contract Tower,21,22,40,22,105,0,0,67,0,67,21,22,107,22,172,16,0,16,188
08/14/2009,MFE,TX,ASW,CE,Federal Contract Tower,17,17,28,0,62,0,0,56,0,56,17,17,84,0,118,18,0,18,136
08/15/2009,MFE,TX,ASW,CE,Federal Contract Tower,13,14,17,0,44,0,0,37,0,37,13,14,54,0,81,16,0,16,97
08/16/2009,MFE,TX,ASW,CE,Federal Contract Tower,19,18,23,4,64,0,0,34,2,36,19,18,57,6,100,14,0,14,114
08/17/2009,MFE,TX,ASW,CE,Federal Contract Tower,16,17,31,27,91,0,0,40,0,40,16,17,71,27,131,32,6,38,169
08/18/2009,MFE,TX,ASW,CE,Federal Contract Tower,15,14,21,36,86,0,0,47,0,47,15,14,68,36,133,32,10,42,175
08/19/2009,MFE,TX,ASW,CE,Federal Contract Tower,17,12,50,18,97,0,0,54,2,56,17,12,104,20,153,20,0,20,173
08/20/2009,MFE,TX,ASW,CE,Federal Contract Tower,20,19,25,18,82,0,0,60,0,60,20,19,85,18,142,32,0,32,174
08/21/2009,MFE,TX,ASW,CE,Federal Contract Tower,17,19,38,0,74,0,0,50,0,50,17,19,88,0,124,6,0,6,130
08/22/2009,MFE,TX,ASW,CE,Federal Contract Tower,11,14,22,5,52,0,0,34,0,34,11,14,56,5,86,14,0,14,100
08/23/2009,MFE,TX,ASW,CE,Federal Contract Tower,19,13,13,4,49,0,0,33,0,33,19,13,46,4,82,6,0,6,88
08/24/2009,MFE,TX,ASW,CE,Federal Contract Tower,15,16,27,18,76,0,0,44,0,44,15,16,71,18,120,2,16,18,138
08/25/2009,MFE,TX,ASW,CE,Federal Contract Tower,16,13,34,29,92,0,2,47,0,49,16,15,81,29,141,38,0,38,179
08/26/2009,MFE,TX,ASW,CE,Federal Contract Tower,17,13,38,9,77,0,1,57,1,59,17,14,95,10,136,10,0,10,146
08/27/2009,MFE,TX,ASW,CE,Federal Contract Tower,19,15,21,40,95,0,0,50,0,50,19,15,71,40,145,20,0,20,165
08/28/2009,MFE,TX,ASW,CE,Federal Contract Tower,17,15,39,20,91,0,0,40,0,40,17,15,79,20,131,18,0,18,149
08/29/2009,MFE,TX,ASW,CE,Federal Contract Tower,12,14,8,0,34,0,0,38,0,38,12,14,46,0,72,26,0,26,98
08/30/2009,MFE,TX,ASW,CE,Federal Contract Tower,18,13,22,0,53,0,0,29,0,29,18,13,51,0,82,0,0,0,82
08/31/2009,MFE,TX,ASW,CE,Federal Contract Tower,15,13,24,2,54,0,2,32,0,34,15,15,56,2,88,34,0,34,122
09/01/2009,MFE,TX,ASW,CE,Federal Contract Tower,14,9,10,26,59,0,0,36,0,36,14,9,46,26,95,8,0,8,103
09/02/2009,MFE,TX,ASW,CE,Federal Contract Tower,17,11,38,12,78,0,1,43,0,44,17,12,81,12,122,20,0,20,142
09/03/2009,MFE,TX,ASW,CE,Federal Contract Tower,18,12,32,33,95,0,0,37,3,40,18,12,69,36,135,0,0,0,135
09/04/2009,MFE,TX,ASW,CE,Federal Contract Tower,16,11,24,2,53,0,0,48,0,48,16,11,72,2,101,22,0,22,123
09/05/2009,MFE,TX,ASW,CE,Federal Contract Tower,15,7,16,0,38,0,0,39,2,41,15,7,55,2,79,0,0,0,79
09/06/2009,MFE,TX,ASW,CE,Federal Contract Tower,17,11,17,0,45,0,0,40,0,40,17,11,57,0,85,10,0,10,95
09/07/2009,MFE,TX,ASW,CE,Federal Contract Tower,14,8,33,0,55,0,0,39,0,39,14,8,72,0,94,10,0,10,104
09/08/2009,MFE,TX,ASW,CE,Federal Contract Tower,15,9,23,7,54,0,0,62,0,62,15,9,85,7,116,10,0,10,126
09/09/2009,MFE,TX,ASW,CE,Federal Contract Tower,13,14,28,19,74,0,4,56,2,62,13,18,84,21,136,52,0,52,188
09/10/2009,MFE,TX,ASW,CE,Federal Contract Tower,18,13,40,4,75,0,1,54,0,55,18,14,94,4,130,22,0,22,152
09/11/2009,MFE,TX,ASW,CE,Federal Contract Tower,17,17,33,0,67,0,9,39,0,48,17,26,72,0,115,52,0,52,167
09/12/2009,MFE,TX,ASW,CE,Federal Contract Tower,15,12,27,3,57,0,0,69,0,69,15,12,96,3,126,4,0,4,130
09/13/2009,MFE,TX,ASW,CE,Federal Contract Tower,19,8,34,6,67,0,0,40,0,40,19,8,74,6,107,20,0,20,127
09/14/2009,MFE,TX,ASW,CE,Federal Contract Tower,14,9,19,23,65,0,0,66,2,68,14,9,85,25,133,42,0,42,175
09/15/2009,MFE,TX,ASW,CE,Federal Contract Tower,15,11,18,15,59,0,0,73,4,77,15,11,91,19,136,24,22,46,182
09/16/2009,MFE,TX,ASW,CE,Federal Contract Tower,18,16,33,17,84,0,0,59,2,61,18,16,92,19,145,16,0,16,161
09/17/2009,MFE,TX,ASW,CE,Federal Contract Tower,17,19,35,34,105,0,0,70,2,72,17,19,105,36,177,32,0,32,209
09/18/2009,MFE,TX,ASW,CE,Federal Contract Tower,14,15,30,16,75,0,0,60,0,60,14,15,90,16,135,20,4,24,159
09/19/2009,MFE,TX,ASW,CE,Federal Contract Tower,15,3,12,0,30,0,0,35,4,39,15,3,47,4,69,0,0,0,69
09/20/2009,MFE,TX,ASW,CE,Federal Contract Tower,19,9,29,12,69,0,0,49,0,49,19,9,78,12,118,14,0,14,132
09/21/2009,MFE,TX,ASW,CE,Federal Contract Tower,17,16,24,36,93,0,0,33,0,33,17,16,57,36,126,12,0,12,138
09/22/2009,MFE,TX,ASW,CE,Federal Contract Tower,17,12,33,6,68,0,0,36,0,36,17,12,69,6,104,12,0,12,116
09/23/2009,MFE,TX,ASW,CE,Federal Contract Tower,17,13,31,50,111,0,0,4,0,4,17,13,35,50,115,0,0,0,115
09/24/2009,MFE,TX,ASW,CE,Federal Contract Tower,15,16,40,36,107,0,0,3,0,3,15,16,43,36,110,0,0,0,110
09/25/2009,MFE,TX,ASW,CE,Federal Contract Tower,17,15,38,12,82,0,0,43,0,43,17,15,81,12,125,34,0,34,159
09/26/2009,MFE,TX,ASW,CE,Federal Contract Tower,16,10,23,0,49,0,0,15,0,15,16,10,38,0,64,10,0,10,74
09/27/2009,MFE,TX,ASW,CE,Federal Contract Tower,18,8,18,7,51,0,0,44,1,45,18,8,62,8,96,0,0,0,96
09/28/2009,MFE,TX,ASW,CE,Federal Contract Tower,18,27,34,41,120,0,0,46,0,46,18,27,80,41,166,44,0,44,210
09/29/2009,MFE,TX,ASW,CE,Federal Contract Tower,17,10,31,22,80,0,0,36,3,39,17,10,67,25,119,0,60,60,179
09/30/2009,MFE,TX,ASW,CE,Federal Contract Tower,13,10,37,22,82,0,0,45,0,45,13,10,82,22,127,58,0,58,185
10/01/2009,MFE,TX,ASW,CE,Federal Contract Tower,19,16,32,16,83,0,0,41,2,43,19,16,73,18,126,18,0,18,144
10/02/2009,MFE,TX,ASW,CE,Federal Contract Tower,17,12,49,12,90,0,0,59,0,59,17,12,108,12,149,14,0,14,163
10/03/2009,MFE,TX,ASW,CE,Federal Contract Tower,12,10,23,4,49,0,0,30,4,34,12,10,53,8,83,14,0,14,97
10/04/2009,MFE,TX,ASW,CE,Federal Contract Tower,18,9,20,5,52,0,0,24,5,29,18,9,44,10,81,16,0,16,97
10/05/2009,MFE,TX,ASW,CE,Federal Contract Tower,17,9,23,37,86,0,0,29,11,40,17,9,52,48,126,0,0,0,126
10/06/2009,MFE,TX,ASW,CE,Federal Contract Tower,19,18,39,28,104,0,0,37,0,37,19,18,76,28,141,2,0,2,143
10/07/2009,MFE,TX,ASW,CE,Federal Contract Tower,15,16,47,22,100,0,0,55,1,56,15,16,102,23,156,0,0,0,156
10/08/2009,MFE,TX,ASW,CE,Federal Contract Tower,16,21,32,15,84,0,0,29,0,29,16,21,61,15,113,36,0,36,149
10/09/2009,MFE,TX,ASW,CE,Federal Contract Tower,13,24,37,20,94,0,0,29,0,29,13,24,66,20,123,0,0,0,123
10/10/2009,MFE,TX,ASW,CE,Federal Contract Tower,14,6,30,2,52,0,0,32,0,32,14,6,62,2,84,0,0,0,84
10/11/2009,MFE,TX,ASW,CE,Federal Contract Tower,18,8,20,0,46,0,0,1,0,1,18,8,21,0,47,0,0,0,47
10/12/2009,MFE,TX,ASW,CE,Federal Contract Tower,17,15,31,2,65,0,0,18,0,18,17,15,49,2,83,0,0,0,83
10/13/2009,MFE,TX,ASW,CE,Federal Contract Tower,15,17,35,17,84,0,0,30,2,32,15,17,65,19,116,10,0,10,126
10/14/2009,MFE,TX,ASW,CE,Federal Contract Tower,15,15,26,12,68,0,0,66,1,67,15,15,92,13,135,16,14,30,165
10/15/2009,MFE,TX,ASW,CE,Federal Contract Tower,17,15,32,25,89,0,0,65,0,65,17,15,97,25,154,30,0,30,184
10/16/2009,MFE,TX,ASW,CE,Federal Contract Tower,15,22,30,16,83,0,0,17,0,17,15,22,47,16,100,2,0,2,102
10/17/2009,MFE,TX,ASW,CE,Federal Contract Tower,12,7,23,0,42,0,0,54,0,54,12,7,77,0,96,110,0,110,206
10/18/2009,MFE,TX,ASW,CE,Federal Contract Tower,17,7,17,2,43,0,0,59,0,59,17,7,76,2,102,14,0,14,116
10/19/2009,MFE,TX,ASW,CE,Federal Contract Tower,16,14,42,22,94,0,0,46,0,46,16,14,88,22,140,28,0,28,168
10/20/2009,MFE,TX,ASW,CE,Federal Contract Tower,15,12,38,13,78,0,0,51,1,52,15,12,89,14,130,30,0,30,160
10/21/2009,MFE,TX,ASW,CE,Federal Contract Tower,14,11,39,26,90,0,0,38,0,38,14,11,77,26,128,0,0,0,128
10/22/2009,MFE,TX,ASW,CE,Federal Contract Tower,17,27,52,16,112,0,1,49,0,50,17,28,101,16,162,42,0,42,204
10/23/2009,MFE,TX,ASW,CE,Federal Contract Tower,13,19,45,12,89,0,0,73,2,75,13,19,118,14,164,16,0,16,180
10/24/2009,MFE,TX,ASW,CE,Federal Contract Tower,13,9,14,6,42,0,0,37,0,37,13,9,51,6,79,12,0,12,91
10/25/2009,MFE,TX,ASW,CE,Federal Contract Tower,16,16,39,0,71,0,0,34,0,34,16,16,73,0,105,4,0,4,109
10/26/2009,MFE,TX,ASW,CE,Federal Contract Tower,16,21,31,10,78,0,0,11,0,11,16,21,42,10,89,34,0,34,123
10/27/2009,MFE,TX,ASW,CE,Federal Contract Tower,15,27,35,31,108,0,0,73,0,73,15,27,108,31,181,126,0,126,307
10/28/2009,MFE,TX,ASW,CE,Federal Contract Tower,15,20,30,2,67,0,0,40,0,40,15,20,70,2,107,4,0,4,111
10/29/2009,MFE,TX,ASW,CE,Federal Contract Tower,14,22,45,0,81,0,0,27,0,27,14,22,72,0,108,0,0,0,108
10/30/2009,MFE,TX,ASW,CE,Federal Contract Tower,16,22,36,4,78,0,0,63,0,63,16,22,99,4,141,30,0,30,171
10/31/2009,MFE,TX,ASW,CE,Federal Contract Tower,13,6,17,0,36,0,0,40,0,40,13,6,57,0,76,16,0,16,92
11/01/2009,MFE,TX,ASW,CE,Federal Contract Tower,14,13,24,0,51,0,0,51,0,51,14,13,75,0,102,24,0,24,126
11/02/2009,MFE,TX,ASW,CE,Federal Contract Tower,15,10,27,15,67,0,0,65,2,67,15,10,92,17,134,32,0,32,166
11/03/2009,MFE,TX,ASW,CE,Federal Contract Tower,14,20,31,43,108,0,0,45,0,45,14,20,76,43,153,48,0,48,201
11/04/2009,MFE,TX,ASW,CE,Federal Contract Tower,14,10,32,14,70,0,0,55,1,56,14,10,87,15,126,26,0,26,152
11/05/2009,MFE,TX,ASW,CE,Federal Contract Tower,15,15,29,34,93,0,0,50,0,50,15,15,79,34,143,6,0,6,149
11/06/2009,MFE,TX,ASW,CE,Federal Contract Tower,17,15,37,25,94,0,0,54,1,55,17,15,91,26,149,30,10,40,189
11/07/2009,MFE,TX,ASW,CE,Federal Contract Tower,11,8,32,4,55,0,0,43,0,43,11,8,75,4,98,18,0,18,116
11/08/2009,MFE,TX,ASW,CE,Federal Contract Tower,15,9,23,2,49,0,0,24,0,24,15,9,47,2,73,0,0,0,73
11/09/2009,MFE,TX,ASW,CE,Federal Contract Tower,17,15,41,32,105,0,0,35,0,35,17,15,76,32,140,34,0,34,174
11/10/2009,MFE,TX,ASW,CE,Federal Contract Tower,14,13,45,30,102,0,0,65,0,65,14,13,110,30,167,30,0,30,197
11/11/2009,MFE,TX,ASW,CE,Federal Contract Tower,16,10,28,2,56,0,0,45,0,45,16,10,73,2,101,18,0,18,119
11/12/2009,MFE,TX,ASW,CE,Federal Contract Tower,18,11,37,6,72,0,0,75,0,75,18,11,112,6,147,12,0,12,159
11/13/2009,MFE,TX,ASW,CE,Federal Contract Tower,14,13,30,27,84,0,0,61,1,62,14,13,91,28,146,48,0,48,194
11/14/2009,MFE,TX,ASW,CE,Federal Contract Tower,13,7,18,4,42,0,0,54,0,54,13,7,72,4,96,50,0,50,146
11/15/2009,MFE,TX,ASW,CE,Federal Contract Tower,15,10,32,9,66,0,0,33,0,33,15,10,65,9,99,34,0,34,133
11/16/2009,MFE,TX,ASW,CE,Federal Contract Tower,14,15,36,40,105,0,0,46,0,46,14,15,82,40,151,42,0,42,193
11/17/2009,MFE,TX,ASW,CE,Federal Contract Tower,15,10,34,42,101,0,1,58,7,66,15,11,92,49,167,78,0,78,245
11/18/2009,MFE,TX,ASW,CE,Federal Contract Tower,15,7,39,28,89,0,1,64,0,65,15,8,103,28,154,124,0,124,278
11/19/2009,MFE,TX,ASW,CE,Federal Contract Tower,20,10,46,26,102,0,0,60,1,61,20,10,106,27,163,94,0,94,257
11/20/2009,MFE,TX,ASW,CE,Federal Contract Tower,17,13,30,9,69,0,0,48,0,48,17,13,78,9,117,68,0,68,185
11/21/2009,MFE,TX,ASW,CE,Federal Contract Tower,11,7,25,4,47,0,0,68,0,68,11,7,93,4,115,26,0,26,141
11/22/2009,MFE,TX,ASW,CE,Federal Contract Tower,16,12,25,14,67,0,0,49,2,51,16,12,74,16,118,22,0,22,140
11/23/2009,MFE,TX,ASW,CE,Federal Contract Tower,16,6,24,18,64,0,0,46,0,46,16,6,70,18,110,32,0,32,142
11/24/2009,MFE,TX,ASW,CE,Federal Contract Tower,14,15,58,0,87,0,0,12,0,12,14,15,70,0,99,0,0,0,99
11/25/2009,MFE,TX,ASW,CE,Federal Contract Tower,19,9,32,4,64,0,1,68,0,69,19,10,100,4,133,48,0,48,181
11/26/2009,MFE,TX,ASW,CE,Federal Contract Tower,12,4,35,7,58,0,0,19,0,19,12,4,54,7,77,8,0,8,85
11/27/2009,MFE,TX,ASW,CE,Federal Contract Tower,11,8,14,0,33,0,0,45,0,45,11,8,59,0,78,10,0,10,88
11/28/2009,MFE,TX,ASW,CE,Federal Contract Tower,11,10,20,0,41,0,0,40,0,40,11,10,60,0,81,16,0,16,97
11/29/2009,MFE,TX,ASW,CE,Federal Contract Tower,19,10,51,0,80,0,0,48,0,48,19,10,99,0,128,36,0,36,164
11/30/2009,MFE,TX,ASW,CE,Federal Contract Tower,14,14,53,8,89,0,0,2,0,2,14,14,55,8,91,0,0,0,91
12/01/2009,MFE,TX,ASW,CE,Federal Contract Tower,15,18,41,4,78,0,0,1,0,1,15,18,42,4,79,0,0,0,79
12/02/2009,MFE,TX,ASW,CE,Federal Contract Tower,12,10,33,15,70,0,0,58,1,59,12,10,91,16,129,22,18,40,169
12/03/2009,MFE,TX,ASW,CE,Federal Contract Tower,19,10,33,22,84,0,0,38,0,38,19,10,71,22,122,18,0,18,140
12/04/2009,MFE,TX,ASW,CE,Federal Contract Tower,11,11,18,5,45,0,0,10,0,10,11,11,28,5,55,0,0,0,55
12/05/2009,MFE,TX,ASW,CE,Federal Contract Tower,11,6,26,14,57,0,0,44,0,44,11,6,70,14,101,8,0,8,109
12/06/2009,MFE,TX,ASW,CE,Federal Contract Tower,18,9,26,6,59,0,0,27,0,27,18,9,53,6,86,20,0,20,106
12/07/2009,MFE,TX,ASW,CE,Federal Contract Tower,19,28,54,15,116,0,0,26,0,26,19,28,80,15,142,24,0,24,166
12/08/2009,MFE,TX,ASW,CE,Federal Contract Tower,16,21,38,51,126,0,0,41,0,41,16,21,79,51,167,0,0,0,167
12/09/2009,MFE,TX,ASW,CE,Federal Contract Tower,15,18,56,20,109,0,0,59,0,59,15,18,115,20,168,30,6,36,204
12/10/2009,MFE,TX,ASW,CE,Federal Contract Tower,19,14,49,23,105,0,0,26,0,26,19,14,75,23,131,54,0,54,185
12/11/2009,MFE,TX,ASW,CE,Federal Contract Tower,19,20,58,2,99,0,0,5,0,5,19,20,63,2,104,0,0,0,104
12/12/2009,MFE,TX,ASW,CE,Federal Contract Tower,11,8,39,5,63,0,1,24,0,25,11,9,63,5,88,2,0,2,90
12/13/2009,MFE,TX,ASW,CE,Federal Contract Tower,22,12,37,10,81,0,0,13,0,13,22,12,50,10,94,4,0,4,98
12/14/2009,MFE,TX,ASW,CE,Federal Contract Tower,18,12,49,8,87,0,0,15,0,15,18,12,64,8,102,36,0,36,138
12/15/2009,MFE,TX,ASW,CE,Federal Contract Tower,13,11,41,5,70,0,0,0,0,0,13,11,41,5,70,0,0,0,70
12/16/2009,MFE,TX,ASW,CE,Federal Contract Tower,15,13,25,1,54,0,0,1,0,1,15,13,26,1,55,10,0,10,65
12/17/2009,MFE,TX,ASW,CE,Federal Contract Tower,16,30,59,55,160,0,0,26,1,27,16,30,85,56,187,18,14,32,219
12/18/2009,MFE,TX,ASW,CE,Federal Contract Tower,13,20,42,16,91,0,0,53,0,53,13,20,95,16,144,18,0,18,162
12/19/2009,MFE,TX,ASW,CE,Federal Contract Tower,11,12,29,9,61,0,0,49,0,49,11,12,78,9,110,92,0,92,202
12/20/2009,MFE,TX,ASW,CE,Federal Contract Tower,16,15,13,6,50,0,0,41,0,41,16,15,54,6,91,2,0,2,93
12/21/2009,MFE,TX,ASW,CE,Federal Contract Tower,16,13,29,34,92,0,0,44,0,44,16,13,73,34,136,26,0,26,162
12/22/2009,MFE,TX,ASW,CE,Federal Contract Tower,13,14,31,10,68,0,0,49,5,54,13,14,80,15,122,0,0,0,122
12/23/2009,MFE,TX,ASW,CE,Federal Contract Tower,17,21,33,2,73,0,0,40,0,40,17,21,73,2,113,2,0,2,115
12/24/2009,MFE,TX,ASW,CE,Federal Contract Tower,11,10,7,0,28,0,1,17,0,18,11,11,24,0,46,2,0,2,48
12/25/2009,MFE,TX,ASW,CE,Federal Contract Tower,11,12,8,0,31,0,0,14,0,14,11,12,22,0,45,0,0,0,45
12/26/2009,MFE,TX,ASW,CE,Federal Contract Tower,11,15,32,0,58,0,0,2,0,2,11,15,34,0,60,0,0,0,60
12/27/2009,MFE,TX,ASW,CE,Federal Contract Tower,14,15,24,0,53,0,0,17,0,17,14,15,41,0,70,0,0,0,70
12/28/2009,MFE,TX,ASW,CE,Federal Contract Tower,15,13,31,17,76,0,0,44,0,44,15,13,75,17,120,28,0,28,148
12/29/2009,MFE,TX,ASW,CE,Federal Contract Tower,9,14,19,4,46,0,0,4,0,4,9,14,23,4,50,0,0,0,50
12/30/2009,MFE,TX,ASW,CE,Federal Contract Tower,14,16,20,16,66,0,0,33,0,33,14,16,53,16,99,20,0,20,119
12/31/2009,MFE,TX,ASW,CE,Federal Contract Tower,11,12,11,0,34,0,0,53,0,53,11,12,64,0,87,30,0,30,117
01/01/2010,MFE,TX,ASW,CE,Federal Contract Tower,8,13,12,1,34,0,0,22,0,22,8,13,34,1,56,0,0,0,56
01/02/2010,MFE,TX,ASW,CE,Federal Contract Tower,7,11,7,0,25,0,0,58,0,58,7,11,65,0,83,8,0,8,91
01/03/2010,MFE,TX,ASW,CE,Federal Contract Tower,14,12,50,0,76,0,0,22,0,22,14,12,72,0,98,46,0,46,144
01/04/2010,MFE,TX,ASW,CE,Federal Contract Tower,14,14,26,8,62,0,0,44,0,44,14,14,70,8,106,50,0,50,156
01/05/2010,MFE,TX,ASW,CE,Federal Contract Tower,13,15,35,22,85,0,0,54,0,54,13,15,89,22,139,0,0,0,139
01/06/2010,MFE,TX,ASW,CE,Federal Contract Tower,12,16,27,25,80,0,0,35,0,35,12,16,62,25,115,56,0,56,171
01/07/2010,MFE,TX,ASW,CE,Federal Contract Tower,21,15,29,14,79,0,0,5,0,5,21,15,34,14,84,0,0,0,84
01/08/2010,MFE,TX,ASW,CE,Federal Contract Tower,14,11,18,10,53,0,0,29,0,29,14,11,47,10,82,42,0,42,124
01/09/2010,MFE,TX,ASW,CE,Federal Contract Tower,9,5,25,6,45,0,0,61,0,61,9,5,86,6,106,6,0,6,112
01/10/2010,MFE,TX,ASW,CE,Federal Contract Tower,18,10,10,0,38,0,0,34,0,34,18,10,44,0,72,24,0,24,96
01/11/2010,MFE,TX,ASW,CE,Federal Contract Tower,15,9,25,8,57,0,0,38,0,38,15,9,63,8,95,58,0,58,153
01/12/2010,MFE,TX,ASW,CE,Federal Contract Tower,12,11,46,20,89,0,0,12,0,12,12,11,58,20,101,4,0,4,105
01/13/2010,MFE,TX,ASW,CE,Federal Contract Tower,12,13,34,8,67,0,0,34,0,34,12,13,68,8,101,8,0,8,109
01/14/2010,MFE,TX,ASW,CE,Federal Contract Tower,14,15,43,24,96,0,0,36,0,36,14,15,79,24,132,10,0,10,142
01/15/2010,MFE,TX,ASW,CE,Federal Contract Tower,16,12,42,16,86,0,0,25,0,25,16,12,67,16,111,10,0,10,121
01/16/2010,MFE,TX,ASW,CE,Federal Contract Tower,11,5,22,11,49,0,0,32,0,32,11,5,54,11,81,0,0,0,81
01/17/2010,MFE,TX,ASW,CE,Federal Contract Tower,17,8,13,4,42,0,0,54,0,54,17,8,67,4,96,0,0,0,96
01/18/2010,MFE,TX,ASW,CE,Federal Contract Tower,15,10,31,8,64,0,0,40,0,40,15,10,71,8,104,30,0,30,134
01/19/2010,MFE,TX,ASW,CE,Federal Contract Tower,13,10,29,2,54,0,0,57,0,57,13,10,86,2,111,0,0,0,111
01/20/2010,MFE,TX,ASW,CE,Federal Contract Tower,12,12,55,18,97,0,0,50,0,50,12,12,105,18,147,0,0,0,147
01/21/2010,MFE,TX,ASW,CE,Federal Contract Tower,13,13,53,26,105,0,0,46,0,46,13,13,99,26,151,40,0,40,191
01/22/2010,MFE,TX,ASW,CE,Federal Contract Tower,17,12,44,32,105,0,0,60,0,60,17,12,104,32,165,4,0,4,169
01/23/2010,MFE,TX,ASW,CE,Federal Contract Tower,10,7,31,7,55,0,0,34,4,38,10,7,65,11,93,38,0,38,131
01/24/2010,MFE,TX,ASW,CE,Federal Contract Tower,16,5,18,8,47,0,0,22,0,22,16,5,40,8,69,0,0,0,69
01/25/2010,MFE,TX,ASW,CE,Federal Contract Tower,19,11,34,40,104,0,2,69,0,71,19,13,103,40,175,10,0,10,185
01/26/2010,MFE,TX,ASW,CE,Federal Contract Tower,13,10,40,8,71,0,0,67,3,70,13,10,107,11,141,32,22,54,195
01/27/2010,MFE,TX,ASW,CE,Federal Contract Tower,12,12,48,14,86,0,0,41,0,41,12,12,89,14,127,14,0,14,141
01/28/2010,MFE,TX,ASW,CE,Federal Contract Tower,16,11,36,34,97,0,0,26,0,26,16,11,62,34,123,0,110,110,233
01/29/2010,MFE,TX,ASW,CE,Federal Contract Tower,17,123,41,24,205,0,0,52,2,54,17,123,93,26,259,0,0,0,259
01/30/2010,MFE,TX,ASW,CE,Federal Contract Tower,11,7,32,19,69,0,0,58,0,58,11,7,90,19,127,40,8,48,175
01/31/2010,MFE,TX,ASW,CE,Federal Contract Tower,15,11,21,37,84,0,0,42,0,42,15,11,63,37,126,100,30,130,256
02/01/2010,MFE,TX,ASW,CE,Federal Contract Tower,16,14,34,14,78,0,0,20,0,20,16,14,54,14,98,4,0,4,102
02/02/2010,MFE,TX,ASW,CE,Federal Contract Tower,13,24,29,11,77,0,0,13,0,13,13,24,42,11,90,12,0,12,102
02/03/2010,MFE,TX,ASW,CE,Federal Contract Tower,17,16,40,2,75,0,0,7,0,7,17,16,47,2,82,0,0,0,82
02/04/2010,MFE,TX,ASW,CE,Federal Contract Tower,16,14,27,54,111,0,0,23,0,23,16,14,50,54,134,0,0,0,134
02/05/2010,MFE,TX,ASW,CE,Federal Contract Tower,19,14,29,7,69,0,0,61,0,61,19,14,90,7,130,50,0,50,180
02/06/2010,MFE,TX,ASW,CE,Federal Contract Tower,9,10,35,18,72,0,0,37,1,38,9,10,72,19,110,2,0,2,112
02/07/2010,MFE,TX,ASW,CE,Federal Contract Tower,14,14,19,2,49,0,0,18,3,21,14,14,37,5,70,2,30,32,102
02/08/2010,MFE,TX,ASW,CE,Federal Contract Tower,14,14,25,42,95,0,0,37,7,44,14,14,62,49,139,12,30,42,181
02/09/2010,MFE,TX,ASW,CE,Federal Contract Tower,13,15,34,22,84,0,2,45,2,49,13,17,79,24,133,8,0,8,141
02/10/2010,MFE,TX,ASW,CE,Federal Contract Tower,15,18,23,17,73,0,1,44,0,45,15,19,67,17,118,42,0,42,160
02/11/2010,MFE,TX,ASW,CE,Federal Contract Tower,9,17,45,18,89,0,0,2,0,2,9,17,47,18,91,0,0,0,91
02/12/2010,MFE,TX,ASW,CE,Federal Contract Tower,13,20,35,27,95,0,0,68,1,69,13,20,103,28,164,20,0,20,184
02/13/2010,MFE,TX,ASW,CE,Federal Contract Tower,8,11,30,29,78,0,0,57,2,59,8,11,87,31,137,44,0,44,181
02/14/2010,MFE,TX,ASW,CE,Federal Contract Tower,14,10,18,8,50,0,0,46,0,46,14,10,64,8,96,6,0,6,102
02/15/2010,MFE,TX,ASW,CE,Federal Contract Tower,11,17,27,23,78,0,0,38,1,39,11,17,65,24,117,8,0,8,125
02/16/2010,MFE,TX,ASW,CE,Federal Contract Tower,13,13,29,22,77,0,1,91,1,93,13,14,120,23,170,22,0,22,192
02/17/2010,MFE,TX,ASW,CE,Federal Contract Tower,15,15,35,14,79,0,0,70,4,74,15,15,105,18,153,48,0,48,201
02/18/2010,MFE,TX,ASW,CE,Federal Contract Tower,15,15,46,32,108,0,0,20,0,20,15,15,66,32,128,20,6,26,154
02/19/2010,MFE,TX,ASW,CE,Federal Contract Tower,14,13,60,7,94,0,0,11,0,11,14,13,71,7,105,0,0,0,105
02/20/2010,MFE,TX,ASW,CE,Federal Contract Tower,11,11,27,6,55,0,0,31,0,31,11,11,58,6,86,20,0,20,106
02/21/2010,MFE,TX,ASW,CE,Federal Contract Tower,12,14,38,12,76,0,0,28,0,28,12,14,66,12,104,0,0,0,104
02/22/2010,MFE,TX,ASW,CE,Federal Contract Tower,11,25,51,4,91,0,0,38,0,38,11,25,89,4,129,6,0,6,135
02/23/2010,MFE,TX,ASW,CE,Federal Contract Tower,9,11,46,34,100,0,0,9,1,10,9,11,55,35,110,0,0,0,110
02/24/2010,MFE,TX,ASW,CE,Federal Contract Tower,12,22,32,42,108,0,0,57,1,58,12,22,89,43,166,36,0,36,202
02/25/2010,MFE,TX,ASW,CE,Federal Contract Tower,17,11,32,21,81,0,1,76,2,79,17,12,108,23,160,8,50,58,218
02/26/2010,MFE,TX,ASW,CE,Federal Contract Tower,15,11,27,28,81,0,0,83,0,83,15,11,110,28,164,44,0,44,208
02/27/2010,MFE,TX,ASW,CE,Federal Contract Tower,8,11,26,8,53,0,0,102,0,102,8,11,128,8,155,64,0,64,219
02/28/2010,MFE,TX,ASW,CE,Federal Contract Tower,13,12,27,8,60,0,0,26,0,26,13,12,53,8,86,16,0,16,102
03/01/2010,MFE,TX,ASW,CE,Federal Contract Tower,11,17,28,36,92,0,0,68,0,68,11,17,96,36,160,12,20,32,192
03/02/2010,MFE,TX,ASW,CE,Federal Contract Tower,9,27,51,36,123,0,0,48,0,48,9,27,99,36,171,0,0,0,171
03/03/2010,MFE,TX,ASW,CE,Federal Contract Tower,12,20,55,28,115,0,1,89,0,90,12,21,144,28,205,8,0,8,213
03/04/2010,MFE,TX,ASW,CE,Federal Contract Tower,14,13,32,7,66,0,0,55,0,55,14,13,87,7,121,28,72,100,221
03/05/2010,MFE,TX,ASW,CE,Federal Contract Tower,14,15,52,6,87,0,0,36,0,36,14,15,88,6,123,25,28,53,176
03/06/2010,MFE,TX,ASW,CE,Federal Contract Tower,8,11,25,16,60,0,0,49,0,49,8,11,74,16,109,52,0,52,161
03/07/2010,MFE,TX,ASW,CE,Federal Contract Tower,12,14,34,14,74,0,0,17,2,19,12,14,51,16,93,0,0,0,93
03/08/2010,MFE,TX,ASW,CE,Federal Contract Tower,14,14,28,32,88,0,0,32,3,35,14,14,60,35,123,12,0,12,135
03/09/2010,MFE,TX,ASW,CE,Federal Contract Tower,13,11,40,26,90,0,0,60,1,61,13,11,100,27,151,18,10,28,179
03/10/2010,MFE,TX,ASW,CE,Federal Contract Tower,15,14,62,26,117,0,0,65,0,65,15,14,127,26,182,14,4,18,200
03/11/2010,MFE,TX,ASW,CE,Federal Contract Tower,15,15,21,22,73,0,0,76,0,76,15,15,97,22,149,6,0,6,155
03/12/2010,MFE,TX,ASW,CE,Federal Contract Tower,12,20,43,12,87,0,0,105,1,106,12,20,148,13,193,68,0,68,261
03/13/2010,MFE,TX,ASW,CE,Federal Contract Tower,9,10,17,6,42,0,0,70,0,70,9,10,87,6,112,40,0,40,152
03/14/2010,MFE,TX,ASW,CE,Federal Contract Tower,15,11,20,4,50,0,0,50,0,50,15,11,70,4,100,0,0,0,100
03/15/2010,MFE,TX,ASW,CE,Federal Contract Tower,15,13,41,19,88,0,0,64,0,64,15,13,105,19,152,4,0,4,156
03/16/2010,MFE,TX,ASW,CE,Federal Contract Tower,15,13,47,41,116,0,0,18,0,18,15,13,65,41,134,0,0,0,134
03/17/2010,MFE,TX,ASW,CE,Federal Contract Tower,15,16,29,34,94,0,0,65,0,65,15,16,94,34,159,42,0,42,201
03/18/2010,MFE,TX,ASW,CE,Federal Contract Tower,12,10,28,30,80,0,2,71,0,73,12,12,99,30,153,64,0,64,217
03/19/2010,MFE,TX,ASW,CE,Federal Contract Tower,12,15,33,12,72,0,0,78,0,78,12,15,111,12,150,16,0,16,166
03/20/2010,MFE,TX,ASW,CE,Federal Contract Tower,8,14,26,3,51,0,0,43,0,43,8,14,69,3,94,14,0,14,108
03/21/2010,MFE,TX,ASW,CE,Federal Contract Tower,12,14,15,0,41,0,0,42,0,42,12,14,57,0,83,0,0,0,83
03/22/2010,MFE,TX,ASW,CE,Federal Contract Tower,13,14,15,14,56,0,1,58,5,64,13,15,73,19,120,4,4,8,128
03/23/2010,MFE,TX,ASW,CE,Federal Contract Tower,13,17,30,12,72,0,0,46,0,46,13,17,76,12,118,7,0,7,125
03/24/2010,MFE,TX,ASW,CE,Federal Contract Tower,17,15,47,26,105,0,0,48,3,51,17,15,95,29,156,18,8,26,182
03/25/2010,MFE,TX,ASW,CE,Federal Contract Tower,15,11,45,32,103,0,0,63,0,63,15,11,108,32,166,10,0,10,176
03/26/2010,MFE,TX,ASW,CE,Federal Contract Tower,12,18,32,2,64,0,1,73,0,74,12,19,105,2,138,46,0,46,184
03/27/2010,MFE,TX,ASW,CE,Federal Contract Tower,8,16,28,5,57,0,0,62,0,62,8,16,90,5,119,38,0,38,157
03/28/2010,MFE,TX,ASW,CE,Federal Contract Tower,11,14,19,0,44,0,0,67,1,68,11,14,86,1,112,12,0,12,124
03/29/2010,MFE,TX,ASW,CE,Federal Contract Tower,15,16,37,34,102,0,0,87,0,87,15,16,124,34,189,66,0,66,255
03/30/2010,MFE,TX,ASW,CE,Federal Contract Tower,13,17,46,19,95,0,0,81,1,82,13,17,127,20,177,0,0,0,177
03/31/2010,MFE,TX,ASW,CE,Federal Contract Tower,14,17,36,26,93,0,0,69,1,70,14,17,105,27,163,0,10,10,173
04/01/2010,MFE,TX,ASW,CE,Federal Contract Tower,14,18,36,10,78,0,8,72,0,80,14,26,108,10,158,0,0,0,158
04/02/2010,MFE,TX,ASW,CE,Federal Contract Tower,13,27,30,7,77,0,0,63,0,63,13,27,93,7,140,10,16,26,166
04/03/2010,MFE,TX,ASW,CE,Federal Contract Tower,8,9,17,0,34,0,0,34,0,34,8,9,51,0,68,0,0,0,68
04/04/2010,MFE,TX,ASW,CE,Federal Contract Tower,11,14,31,1,57,0,0,45,0,45,11,14,76,1,102,6,0,6,108
04/05/2010,MFE,TX,ASW,CE,Federal Contract Tower,18,16,45,13,92,0,0,47,0,47,18,16,92,13,139,0,0,0,139
04/06/2010,MFE,TX,ASW,CE,Federal Contract Tower,11,20,37,23,91,0,0,42,3,45,11,20,79,26,136,6,20,26,162
04/07/2010,MFE,TX,ASW,CE,Federal Contract Tower,10,19,53,24,106,0,0,44,0,44,10,19,97,24,150,24,8,32,182
04/08/2010,MFE,TX,ASW,CE,Federal Contract Tower,15,19,42,34,110,0,0,83,2,85,15,19,125,36,195,52,0,52,247
04/09/2010,MFE,TX,ASW,CE,Federal Contract Tower,12,16,49,7,84,0,2,70,0,72,12,18,119,7,156,62,0,62,218
04/10/2010,MFE,TX,ASW,CE,Federal Contract Tower,11,10,29,5,55,0,0,59,0,59,11,10,88,5,114,24,0,24,138
04/11/2010,MFE,TX,ASW,CE,Federal Contract Tower,10,17,29,4,60,0,0,9,0,9,10,17,38,4,69,32,0,32,101
04/12/2010,MFE,TX,ASW,CE,Federal Contract Tower,13,16,33,4,66,0,0,9,0,9,13,16,42,4,75,10,42,52,127
04/13/2010,MFE,TX,ASW,CE,Federal Contract Tower,10,21,40,4,75,0,0,8,0,8,10,21,48,4,83,0,0,0,83
04/14/2010,MFE,TX,ASW,CE,Federal Contract Tower,15,14,45,5,79,0,0,19,0,19,15,14,64,5,98,39,0,39,137
04/15/2010,MFE,TX,ASW,CE,Federal Contract Tower,13,17,54,25,109,0,0,41,2,43,13,17,95,27,152,8,0,8,160
04/16/2010,MFE,TX,ASW,CE,Federal Contract Tower,12,22,33,0,67,0,0,36,0,36,12,22,69,0,103,20,0,20,123
04/17/2010,MFE,TX,ASW,CE,Federal Contract Tower,10,8,34,0,52,0,0,28,0,28,10,8,62,0,80,10,0,10,90
04/18/2010,MFE,TX,ASW,CE,Federal Contract Tower,12,16,32,5,65,0,0,51,1,52,12,16,83,6,117,12,0,12,129
04/19/2010,MFE,TX,ASW,CE,Federal Contract Tower,12,19,29,29,89,0,0,50,4,54,12,19,79,33,143,28,0,28,171
04/20/2010,MFE,TX,ASW,CE,Federal Contract Tower,10,18,46,14,88,0,0,46,0,46,10,18,92,14,134,0,0,0,134
04/21/2010,MFE,TX,ASW,CE,Federal Contract Tower,12,22,49,18,101,0,0,45,0,45,12,22,94,18,146,34,0,34,180
04/22/2010,MFE,TX,ASW,CE,Federal Contract Tower,12,14,54,10,90,0,0,62,0,62,12,14,116,10,152,32,0,32,184
04/23/2010,MFE,TX,ASW,CE,Federal Contract Tower,14,21,70,2,107,0,0,30,0,30,14,21,100,2,137,0,0,0,137
04/24/2010,MFE,TX,ASW,CE,Federal Contract Tower,9,10,30,0,49,0,0,68,0,68,9,10,98,0,117,30,0,30,147
04/25/2010,MFE,TX,ASW,CE,Federal Contract Tower,10,13,18,0,41,0,0,64,2,66,10,13,82,2,107,8,0,8,115
04/26/2010,MFE,TX,ASW,CE,Federal Contract Tower,11,26,26,7,70,0,0,41,1,42,11,26,67,8,112,6,0,6,118
04/27/2010,MFE,TX,ASW,CE,Federal Contract Tower,14,13,46,31,104,0,0,67,2,69,14,13,113,33,173,29,0,29,202
04/28/2010,MFE,TX,ASW,CE,Federal Contract Tower,10,16,35,16,77,0,1,71,0,72,10,17,106,16,149,16,0,16,165
04/29/2010,MFE,TX,ASW,CE,Federal Contract Tower,13,19,40,18,90,0,0,79,0,79,13,19,119,18,169,22,0,22,191
04/30/2010,MFE,TX,ASW,CE,Federal Contract Tower,11,26,36,6,79,0,0,58,0,58,11,26,94,6,137,18,0,18,155
05/01/2010,MFE,TX,ASW,CE,Federal Contract Tower,9,10,25,3,47,0,0,60,0,60,9,10,85,3,107,4,0,4,111
05/02/2010,MFE,TX,ASW,CE,Federal Contract Tower,16,10,24,3,53,0,0,58,0,58,16,10,82,3,111,10,0,10,121
05/03/2010,MFE,TX,ASW,CE,Federal Contract Tower,15,17,32,24,88,0,0,50,0,50,15,17,82,24,138,12,0,12,150
05/04/2010,MFE,TX,ASW,CE,Federal Contract Tower,12,9,39,13,73,0,0,57,0,57,12,9,96,13,130,12,0,12,142
05/05/2010,MFE,TX,ASW,CE,Federal Contract Tower,17,11,39,8,75,0,0,78,0,78,17,11,117,8,153,70,0,70,223
05/06/2010,MFE,TX,ASW,CE,Federal Contract Tower,15,9,37,16,77,0,0,62,0,62,15,9,99,16,139,36,0,36,175
05/07/2010,MFE,TX,ASW,CE,Federal Contract Tower,16,13,29,12,70,0,0,66,0,66,16,13,95,12,136,4,0,4,140
05/08/2010,MFE,TX,ASW,CE,Federal Contract Tower,10,9,22,2,43,0,0,62,0,62,10,9,84,2,105,22,0,22,127
05/09/2010,MFE,TX,ASW,CE,Federal Contract Tower,16,9,24,15,64,0,0,38,1,39,16,9,62,16,103,0,0,0,103
05/10/2010,MFE,TX,ASW,CE,Federal Contract Tower,17,11,31,16,75,0,0,42,0,42,17,11,73,16,117,16,0,16,133
05/11/2010,MFE,TX,ASW,CE,Federal Contract Tower,16,10,41,5,72,0,0,58,1,59,16,10,99,6,131,12,8,20,151
05/12/2010,MFE,TX,ASW,CE,Federal Contract Tower,17,7,40,16,80,0,0,78,0,78,17,7,118,16,158,0,0,0,158
05/13/2010,MFE,TX,ASW,CE,Federal Contract Tower,17,11,50,18,96,0,0,62,0,62,17,11,112,18,158,8,0,8,166
05/14/2010,MFE,TX,ASW,CE,Federal Contract Tower,15,11,42,8,76,0,0,64,0,64,15,11,106,8,140,52,0,52,192
05/15/2010,MFE,TX,ASW,CE,Federal Contract Tower,10,8,22,0,40,0,0,49,0,49,10,8,71,0,89,24,0,24,113
05/16/2010,MFE,TX,ASW,CE,Federal Contract Tower,16,11,29,0,56,0,0,26,0,26,16,11,55,0,82,0,0,0,82
05/17/2010,MFE,TX,ASW,CE,Federal Contract Tower,15,19,35,10,79,0,0,68,0,68,15,19,103,10,147,16,0,16,163
05/18/2010,MFE,TX,ASW,CE,Federal Contract Tower,15,13,33,3,64,0,0,48,0,48,15,13,81,3,112,0,54,54,166
05/19/2010,MFE,TX,ASW,CE,Federal Contract Tower,16,22,48,22,108,0,0,83,0,83,16,22,131,22,191,12,0,12,203
05/20/2010,MFE,TX,ASW,CE,Federal Contract Tower,17,14,55,12,98,0,0,67,0,67,17,14,122,12,165,62,0,62,227
05/21/2010,MFE,TX,ASW,CE,Federal Contract Tower,13,15,42,3,73,0,0,64,0,64,13,15,106,3,137,22,0,22,159
05/22/2010,MFE,TX,ASW,CE,Federal Contract Tower,10,8,28,0,46,0,0,40,0,40,10,8,68,0,86,10,0,10,96
05/23/2010,MFE,TX,ASW,CE,Federal Contract Tower,16,14,13,0,43,0,0,25,0,25,16,14,38,0,68,4,0,4,72
05/24/2010,MFE,TX,ASW,CE,Federal Contract Tower,16,10,27,4,57,0,0,49,0,49,16,10,76,4,106,0,0,0,106
05/25/2010,MFE,TX,ASW,CE,Federal Contract Tower,15,8,48,3,74,0,0,39,0,39,15,8,87,3,113,0,0,0,113
05/26/2010,MFE,TX,ASW,CE,Federal Contract Tower,16,15,34,14,79,0,0,36,0,36,16,15,70,14,115,0,0,0,115
05/27/2010,MFE,TX,ASW,CE,Federal Contract Tower,18,21,36,16,91,0,0,71,0,71,18,21,107,16,162,46,0,46,208
05/28/2010,MFE,TX,ASW,CE,Federal Contract Tower,16,9,34,0,59,0,0,66,0,66,16,9,100,0,125,21,0,21,146
05/29/2010,MFE,TX,ASW,CE,Federal Contract Tower,8,11,33,0,52,0,0,67,0,67,8,11,100,0,119,40,0,40,159
05/30/2010,MFE,TX,ASW,CE,Federal Contract Tower,12,7,11,5,35,0,0,51,1,52,12,7,62,6,87,0,0,0,87
05/31/2010,MFE,TX,ASW,CE,Federal Contract Tower,19,7,21,12,59,0,0,0,0,0,19,7,21,12,59,34,34,68,127
06/01/2010,MFE,TX,ASW,CE,Federal Contract Tower,17,10,30,11,68,0,0,52,0,52,17,10,82,11,120,26,0,26,146
06/02/2010,MFE,TX,ASW,CE,Federal Contract Tower,18,12,39,11,80,0,0,69,0,69,18,12,108,11,149,14,0,14,163
06/03/2010,MFE,TX,ASW,CE,Federal Contract Tower,19,11,31,6,67,0,1,71,0,72,19,12,102,6,139,10,0,10,149
06/04/2010,MFE,TX,ASW,CE,Federal Contract Tower,17,11,30,4,62,0,0,70,0,70,17,11,100,4,132,44,0,44,176
06/05/2010,MFE,TX,ASW,CE,Federal Contract Tower,11,9,25,8,53,0,0,42,0,42,11,9,67,8,95,20,0,20,115
06/06/2010,MFE,TX,ASW,CE,Federal Contract Tower,18,8,20,12,58,0,0,56,0,56,18,8,76,12,114,2,0,2,116
06/07/2010,MFE,TX,ASW,CE,Federal Contract Tower,14,11,26,6,57,0,0,26,0,26,14,11,52,6,83,4,0,4,87
06/08/2010,MFE,TX,ASW,CE,Federal Contract Tower,19,13,29,16,77,0,0,51,2,53,19,13,80,18,130,6,0,6,136
06/09/2010,MFE,TX,ASW,CE,Federal Contract Tower,17,7,42,11,77,0,0,68,1,69,17,7,110,12,146,24,0,24,170
06/10/2010,MFE,TX,ASW,CE,Federal Contract Tower,15,15,48,16,94,0,0,60,0,60,15,15,108,16,154,16,0,16,170
06/11/2010,MFE,TX,ASW,CE,Federal Contract Tower,14,22,41,4,81,0,0,45,0,45,14,22,86,4,126,0,0,0,126
06/12/2010,MFE,TX,ASW,CE,Federal Contract Tower,12,15,31,7,65,0,0,45,0,45,12,15,76,7,110,0,0,0,110
06/13/2010,MFE,TX,ASW,CE,Federal Contract Tower,14,19,24,0,57,0,0,24,0,24,14,19,48,0,81,0,0,0,81
06/14/2010,MFE,TX,ASW,CE,Federal Contract Tower,19,16,45,23,103,0,0,45,0,45,19,16,90,23,148,24,0,24,172
06/15/2010,MFE,TX,ASW,CE,Federal Contract Tower,15,19,48,14,96,0,0,55,1,56,15,19,103,15,152,16,0,16,168
06/16/2010,MFE,TX,ASW,CE,Federal Contract Tower,12,19,30,8,69,0,0,52,0,52,12,19,82,8,121,32,0,32,153
06/17/2010,MFE,TX,ASW,CE,Federal Contract Tower,17,24,60,18,119,0,0,60,0,60,17,24,120,18,179,0,0,0,179
06/18/2010,MFE,TX,ASW,CE,Federal Contract Tower,12,19,36,3,70,0,0,75,0,75,12,19,111,3,145,62,0,62,207
06/19/2010,MFE,TX,ASW,CE,Federal Contract Tower,14,15,42,2,73,0,0,51,0,51,14,15,93,2,124,32,0,32,156
06/20/2010,MFE,TX,ASW,CE,Federal Contract Tower,14,14,24,0,52,0,0,40,0,40,14,14,64,0,92,40,0,40,132
06/21/2010,MFE,TX,ASW,CE,Federal Contract Tower,16,17,33,8,74,0,0,55,4,59,16,17,88,12,133,0,0,0,133
06/22/2010,MFE,TX,ASW,CE,Federal Contract Tower,15,19,35,16,85,0,0,65,1,66,15,19,100,17,151,22,2,24,175
06/23/2010,MFE,TX,ASW,CE,Federal Contract Tower,15,16,17,52,100,0,1,85,1,87,15,17,102,53,187,6,0,6,193
06/24/2010,MFE,TX,ASW,CE,Federal Contract Tower,14,15,34,26,89,0,0,53,0,53,14,15,87,26,142,36,0,36,178
06/25/2010,MFE,TX,ASW,CE,Federal Contract Tower,15,16,52,10,93,0,0,88,0,88,15,16,140,10,181,6,0,6,187
06/26/2010,MFE,TX,ASW,CE,Federal Contract Tower,14,17,18,0,49,0,0,59,0,59,14,17,77,0,108,20,0,20,128
06/27/2010,MFE,TX,ASW,CE,Federal Contract Tower,14,16,7,4,41,0,0,42,0,42,14,16,49,4,83,0,0,0,83
06/28/2010,MFE,TX,ASW,CE,Federal Contract Tower,11,19,40,32,102,0,0,50,0,50,11,19,90,32,152,0,0,0,152
06/29/2010,MFE,TX,ASW,CE,Federal Contract Tower,15,21,43,2,81,0,0,31,0,31,15,21,74,2,112,6,0,6,118
06/30/2010,MFE,TX,ASW,CE,Federal Contract Tower,9,14,5,0,28,0,0,1,0,1,9,14,6,0,29,0,0,0,29
07/01/2010,MFE,TX,ASW,CE,Federal Contract Tower,17,10,5,0,32,0,0,14,0,14,17,10,19,0,46,0,0,0,46
07/02/2010,MFE,TX,ASW,CE,Federal Contract Tower,19,6,28,15,68,0,0,32,0,32,19,6,60,15,100,2,0,2,102
07/03/2010,MFE,TX,ASW,CE,Federal Contract Tower,15,16,22,2,55,0,0,35,0,35,15,16,57,2,90,0,0,0,90
07/04/2010,MFE,TX,ASW,CE,Federal Contract Tower,11,14,18,4,47,0,0,27,0,27,11,14,45,4,74,0,0,0,74
07/05/2010,MFE,TX,ASW,CE,Federal Contract Tower,13,15,23,0,51,0,0,33,0,33,13,15,56,0,84,24,0,24,108
07/06/2010,MFE,TX,ASW,CE,Federal Contract Tower,11,23,28,10,72,0,0,49,0,49,11,23,77,10,121,36,0,36,157
07/07/2010,MFE,TX,ASW,CE,Federal Contract Tower,15,23,40,16,94,0,0,52,0,52,15,23,92,16,146,4,0,4,150
07/08/2010,MFE,TX,ASW,CE,Federal Contract Tower,14,23,30,4,71,0,0,16,0,16,14,23,46,4,87,0,0,0,87
07/09/2010,MFE,TX,ASW,CE,Federal Contract Tower,12,26,40,18,96,0,0,34,0,34,12,26,74,18,130,34,0,34,164
07/10/2010,MFE,TX,ASW,CE,Federal Contract Tower,12,18,31,19,80,0,0,62,0,62,12,18,93,19,142,88,0,88,230
07/11/2010,MFE,TX,ASW,CE,Federal Contract Tower,12,16,38,0,66,0,0,53,0,53,12,16,91,0,119,92,0,92,211
07/12/2010,MFE,TX,ASW,CE,Federal Contract Tower,13,16,41,8,78,0,0,57,0,57,13,16,98,8,135,12,0,12,147
07/13/2010,MFE,TX,ASW,CE,Federal Contract Tower,16,21,31,33,101,0,0,53,0,53,16,21,84,33,154,4,0,4,158
07/14/2010,MFE,TX,ASW,CE,Federal Contract Tower,14,25,48,14,101,0,0,71,0,71,14,25,119,14,172,10,0,10,182
07/15/2010,MFE,TX,ASW,CE,Federal Contract Tower,14,31,41,12,98,0,0,76,0,76,14,31,117,12,174,30,2,32,206
07/16/2010,MFE,TX,ASW,CE,Federal Contract Tower,11,23,33,20,87,0,1,78,0,79,11,24,111,20,166,16,0,16,182
07/17/2010,MFE,TX,ASW,CE,Federal Contract Tower,12,18,18,9,57,0,0,68,0,68,12,18,86,9,125,46,0,46,171
07/18/2010,MFE,TX,ASW,CE,Federal Contract Tower,12,14,18,4,48,0,0,59,0,59,12,14,77,4,107,26,0,26,133
07/19/2010,MFE,TX,ASW,CE,Federal Contract Tower,13,16,42,23,94,0,0,85,5,90,13,16,127,28,184,5,14,19,203
07/20/2010,MFE,TX,ASW,CE,Federal Contract Tower,15,17,24,22,78,0,0,61,1,62,15,17,85,23,140,8,0,8,148
07/21/2010,MFE,TX,ASW,CE,Federal Contract Tower,15,19,35,8,77,0,0,75,1,76,15,19,110,9,153,36,0,36,189
07/22/2010,MFE,TX,ASW,CE,Federal Contract Tower,17,16,40,18,91,0,0,61,0,61,17,16,101,18,152,68,0,68,220
07/23/2010,MFE,TX,ASW,CE,Federal Contract Tower,12,19,31,6,68,0,0,32,0,32,12,19,63,6,100,36,0,36,136
07/24/2010,MFE,TX,ASW,CE,Federal Contract Tower,11,15,17,6,49,0,0,54,0,54,11,15,71,6,103,48,0,48,151
07/25/2010,MFE,TX,ASW,CE,Federal Contract Tower,13,12,30,0,55,0,0,41,3,44,13,12,71,3,99,38,4,42,141
07/26/2010,MFE,TX,ASW,CE,Federal Contract Tower,13,18,32,5,68,0,0,24,0,24,13,18,56,5,92,0,0,0,92
07/27/2010,MFE,TX,ASW,CE,Federal Contract Tower,15,20,22,16,73,0,0,55,0,55,15,20,77,16,128,24,62,86,214
07/28/2010,MFE,TX,ASW,CE,Federal Contract Tower,16,18,34,20,88,0,0,36,0,36,16,18,70,20,124,10,0,10,134
07/29/2010,MFE,TX,ASW,CE,Federal Contract Tower,14,21,47,12,94,0,0,72,0,72,14,21,119,12,166,12,0,12,178
07/30/2010,MFE,TX,ASW,CE,Federal Contract Tower,15,20,39,14,88,0,0,71,0,71,15,20,110,14,159,0,0,0,159
07/31/2010,MFE,TX,ASW,CE,Federal Contract Tower,8,17,23,8,56,0,0,72,0,72,8,17,95,8,128,44,0,44,172
08/01/2010,MFE,TX,ASW,CE,Federal Contract Tower,15,13,33,4,65,0,0,56,0,56,15,13,89,4,121,60,0,60,181
08/02/2010,MFE,TX,ASW,CE,Federal Contract Tower,12,20,35,30,97,0,0,66,0,66,12,20,101,30,163,20,0,20,183
08/03/2010,MFE,TX,ASW,CE,Federal Contract Tower,15,22,43,19,99,0,0,74,0,74,15,22,117,19,173,4,0,4,177
08/04/2010,MFE,TX,ASW,CE,Federal Contract Tower,11,19,38,16,84,0,0,67,0,67,11,19,105,16,151,4,0,4,155
08/05/2010,MFE,TX,ASW,CE,Federal Contract Tower,16,20,49,10,95,0,0,78,1,79,16,20,127,11,174,10,0,10,184
08/06/2010,MFE,TX,ASW,CE,Federal Contract Tower,10,21,38,14,83,0,0,87,0,87,10,21,125,14,170,30,0,30,200
08/07/2010,MFE,TX,ASW,CE,Federal Contract Tower,9,16,21,0,46,0,0,68,0,68,9,16,89,0,114,24,0,24,138
08/08/2010,MFE,TX,ASW,CE,Federal Contract Tower,12,14,21,4,51,0,7,36,1,44,12,21,57,5,95,0,0,0,95
08/09/2010,MFE,TX,ASW,CE,Federal Contract Tower,14,20,36,10,80,0,0,80,0,80,14,20,116,10,160,8,0,8,168
08/10/2010,MFE,TX,ASW,CE,Federal Contract Tower,13,19,42,20,94,0,0,62,0,62,13,19,104,20,156,12,58,70,226
08/11/2010,MFE,TX,ASW,CE,Federal Contract Tower,12,22,48,11,93,0,1,70,0,71,12,23,118,11,164,0,0,0,164
08/12/2010,MFE,TX,ASW,CE,Federal Contract Tower,15,16,49,30,110,0,1,75,2,78,15,17,124,32,188,8,0,8,196
08/13/2010,MFE,TX,ASW,CE,Federal Contract Tower,13,18,46,14,91,0,0,101,0,101,13,18,147,14,192,50,0,50,242
08/14/2010,MFE,TX,ASW,CE,Federal Contract Tower,9,18,24,0,51,0,0,65,0,65,9,18,89,0,116,28,0,28,144
08/15/2010,MFE,TX,ASW,CE,Federal Contract Tower,13,15,35,0,63,0,0,42,0,42,13,15,77,0,105,0,0,0,105
08/16/2010,MFE,TX,ASW,CE,Federal Contract Tower,15,19,36,42,112,0,0,61,0,61,15,19,97,42,173,0,22,22,195
08/17/2010,MFE,TX,ASW,CE,Federal Contract Tower,2,16,49,22,89,0,0,60,0,60,2,16,109,22,149,28,30,58,207
08/18/2010,MFE,TX,ASW,CE,Federal Contract Tower,19,15,36,18,88,0,0,78,2,80,19,15,114,20,168,18,26,44,212
08/19/2010,MFE,TX,ASW,CE,Federal Contract Tower,16,18,51,14,99,0,69,0,0,69,16,87,51,14,168,25,0,25,193
08/20/2010,MFE,TX,ASW,CE,Federal Contract Tower,14,19,55,2,90,0,1,86,0,87,14,20,141,2,177,58,0,58,235
08/21/2010,MFE,TX,ASW,CE,Federal Contract Tower,11,14,33,0,58,0,0,63,0,63,11,14,96,0,121,38,0,38,159
08/22/2010,MFE,TX,ASW,CE,Federal Contract Tower,16,13,13,6,48,0,0,42,0,42,16,13,55,6,90,0,0,0,90
08/23/2010,MFE,TX,ASW,CE,Federal Contract Tower,14,15,48,10,87,0,1,65,0,66,14,16,113,10,153,22,0,22,175
08/24/2010,MFE,TX,ASW,CE,Federal Contract Tower,11,14,34,31,90,0,0,60,0,60,11,14,94,31,150,52,0,52,202
08/25/2010,MFE,TX,ASW,CE,Federal Contract Tower,16,20,57,11,104,0,0,91,0,91,16,20,148,11,195,12,0,12,207
08/26/2010,MFE,TX,ASW,CE,Federal Contract Tower,13,17,42,24,96,0,0,77,0,77,13,17,119,24,173,18,0,18,191
08/27/2010,MFE,TX,ASW,CE,Federal Contract Tower,14,17,39,18,88,0,0,59,0,59,14,17,98,18,147,10,0,10,157
08/28/2010,MFE,TX,ASW,CE,Federal Contract Tower,9,16,12,0,37,0,0,55,0,55,9,16,67,0,92,62,0,62,154
08/29/2010,MFE,TX,ASW,CE,Federal Contract Tower,12,12,12,4,40,0,0,32,0,32,12,12,44,4,72,0,0,0,72
08/30/2010,MFE,TX,ASW,CE,Federal Contract Tower,15,14,30,19,78,0,0,66,0,66,15,14,96,19,144,34,0,34,178
08/31/2010,MFE,TX,ASW,CE,Federal Contract Tower,5,20,41,15,81,0,0,54,1,55,5,20,95,16,136,6,44,50,186
09/01/2010,MFE,TX,ASW,CE,Federal Contract Tower,17,11,44,26,98,0,0,98,0,98,17,11,142,26,196,38,0,38,234
09/02/2010,MFE,TX,ASW,CE,Federal Contract Tower,16,21,43,22,102,0,1,103,0,104,16,22,146,22,206,50,0,50,256
09/03/2010,MFE,TX,ASW,CE,Federal Contract Tower,18,11,31,4,64,0,0,60,0,60,18,11,91,4,124,22,0,22,146
09/04/2010,MFE,TX,ASW,CE,Federal Contract Tower,14,6,6,0,26,0,0,39,0,39,14,6,45,0,65,76,0,76,141
09/05/2010,MFE,TX,ASW,CE,Federal Contract Tower,16,4,22,0,42,0,0,37,0,37,16,4,59,0,79,6,0,6,85
09/06/2010,MFE,TX,ASW,CE,Federal Contract Tower,13,11,24,0,48,0,0,37,0,37,13,11,61,0,85,18,0,18,103
09/07/2010,MFE,TX,ASW,CE,Federal Contract Tower,16,16,22,13,67,0,0,47,0,47,16,16,69,13,114,56,0,56,170
09/08/2010,MFE,TX,ASW,CE,Federal Contract Tower,15,16,45,30,106,0,0,62,4,66,15,16,107,34,172,4,0,4,176
09/09/2010,MFE,TX,ASW,CE,Federal Contract Tower,25,11,43,11,90,0,0,89,0,89,25,11,132,11,179,16,0,16,195
09/10/2010,MFE,TX,ASW,CE,Federal Contract Tower,23,8,47,12,90,0,0,73,0,73,23,8,120,12,163,14,0,14,177
09/11/2010,MFE,TX,ASW,CE,Federal Contract Tower,15,5,18,8,46,0,0,66,0,66,15,5,84,8,112,4,0,4,116
09/12/2010,MFE,TX,ASW,CE,Federal Contract Tower,22,4,31,8,65,0,0,47,0,47,22,4,78,8,112,8,0,8,120
09/13/2010,MFE,TX,ASW,CE,Federal Contract Tower,23,8,56,19,106,0,1,50,0,51,23,9,106,19,157,16,0,16,173
09/14/2010,MFE,TX,ASW,CE,Federal Contract Tower,20,11,36,14,81,0,0,66,0,66,20,11,102,14,147,8,0,8,155
09/15/2010,MFE,TX,ASW,CE,Federal Contract Tower,24,12,61,24,121,0,0,78,0,78,24,12,139,24,199,22,0,22,221
09/16/2010,MFE,TX,ASW,CE,Federal Contract Tower,23,8,32,20,83,0,1,79,0,80,23,9,111,20,163,8,0,8,171
09/17/2010,MFE,TX,ASW,CE,Federal Contract Tower,23,8,27,2,60,0,0,37,0,37,23,8,64,2,97,24,0,24,121
09/18/2010,MFE,TX,ASW,CE,Federal Contract Tower,19,7,9,0,35,0,0,18,0,18,19,7,27,0,53,0,0,0,53
09/19/2010,MFE,TX,ASW,CE,Federal Contract Tower,20,4,44,0,68,0,0,18,0,18,20,4,62,0,86,2,0,2,88
09/20/2010,MFE,TX,ASW,CE,Federal Contract Tower,23,10,56,3,92,0,0,40,0,40,23,10,96,3,132,0,0,0,132
09/21/2010,MFE,TX,ASW,CE,Federal Contract Tower,20,12,30,7,69,0,0,33,0,33,20,12,63,7,102,32,0,32,134
09/22/2010,MFE,TX,ASW,CE,Federal Contract Tower,21,20,38,20,99,0,0,38,1,39,21,20,76,21,138,18,0,18,156
09/23/2010,MFE,TX,ASW,CE,Federal Contract Tower,24,8,35,28,95,0,0,65,2,67,24,8,100,30,162,30,0,30,192
09/24/2010,MFE,TX,ASW,CE,Federal Contract Tower,24,9,39,2,74,0,0,48,0,48,24,9,87,2,122,14,0,14,136
09/25/2010,MFE,TX,ASW,CE,Federal Contract Tower,17,11,35,8,71,0,0,36,0,36,17,11,71,8,107,22,0,22,129
09/26/2010,MFE,TX,ASW,CE,Federal Contract Tower,18,7,32,0,57,0,0,31,0,31,18,7,63,0,88,6,0,6,94
09/27/2010,MFE,TX,ASW,CE,Federal Contract Tower,23,13,35,10,81,0,0,56,0,56,23,13,91,10,137,6,0,6,143
09/28/2010,MFE,TX,ASW,CE,Federal Contract Tower,19,16,42,8,85,0,0,63,0,63,19,16,105,8,148,18,0,18,166
09/29/2010,MFE,TX,ASW,CE,Federal Contract Tower,20,13,44,10,87,0,2,71,0,73,20,15,115,10,160,26,50,76,236
09/30/2010,MFE,TX,ASW,CE,Federal Contract Tower,22,9,26,14,71,0,0,97,2,99,22,9,123,16,170,6,0,6,176
10/01/2010,MFE,TX,ASW,CE,Federal Contract Tower,21,7,33,12,73,0,0,74,0,74,21,7,107,12,147,38,0,38,185
10/02/2010,MFE,TX,ASW,CE,Federal Contract Tower,18,3,21,4,46,0,0,55,2,57,18,3,76,6,103,16,0,16,119
10/03/2010,MFE,TX,ASW,CE,Federal Contract Tower,22,6,32,11,71,0,0,45,0,45,22,6,77,11,116,10,0,10,126
10/04/2010,MFE,TX,ASW,CE,Federal Contract Tower,23,8,26,22,79,0,1,57,0,58,23,9,83,22,137,26,66,92,229
10/05/2010,MFE,TX,ASW,CE,Federal Contract Tower,21,8,35,12,76,0,0,79,0,79,21,8,114,12,155,50,0,50,205
10/06/2010,MFE,TX,ASW,CE,Federal Contract Tower,20,10,45,8,83,0,1,57,0,58,20,11,102,8,141,18,0,18,159
10/07/2010,MFE,TX,ASW,CE,Federal Contract Tower,23,15,38,6,82,0,0,93,0,93,23,15,131,6,175,12,0,12,187
10/08/2010,MFE,TX,ASW,CE,Federal Contract Tower,22,12,53,5,92,0,0,66,0,66,22,12,119,5,158,28,0,28,186
10/09/2010,MFE,TX,ASW,CE,Federal Contract Tower,18,7,28,0,53,0,0,62,0,62,18,7,90,0,115,4,0,4,119
10/10/2010,MFE,TX,ASW,CE,Federal Contract Tower,17,8,34,2,61,0,0,33,0,33,17,8,67,2,94,0,0,0,94
10/11/2010,MFE,TX,ASW,CE,Federal Contract Tower,19,8,27,2,56,0,0,43,0,43,19,8,70,2,99,0,0,0,99
10/12/2010,MFE,TX,ASW,CE,Federal Contract Tower,17,10,52,19,98,0,0,57,0,57,17,10,109,19,155,16,0,16,171
10/13/2010,MFE,TX,ASW,CE,Federal Contract Tower,19,10,43,20,92,0,0,82,0,82,19,10,125,20,174,20,0,20,194
10/14/2010,MFE,TX,ASW,CE,Federal Contract Tower,23,7,30,8,68,0,1,99,0,100,23,8,129,8,168,26,0,26,194
10/15/2010,MFE,TX,ASW,CE,Federal Contract Tower,22,8,29,22,81,0,1,72,0,73,22,9,101,22,154,40,0,40,194
10/16/2010,MFE,TX,ASW,CE,Federal Contract Tower,17,2,22,4,45,0,0,76,0,76,17,2,98,4,121,32,0,32,153
10/17/2010,MFE,TX,ASW,CE,Federal Contract Tower,19,7,21,1,48,0,0,55,4,59,19,7,76,5,107,0,0,0,107
10/18/2010,MFE,TX,ASW,CE,Federal Contract Tower,23,15,41,12,91,0,1,60,0,61,23,16,101,12,152,38,10,48,200
10/19/2010,MFE,TX,ASW,CE,Federal Contract Tower,18,11,30,15,74,0,1,60,1,62,18,12,90,16,136,16,0,16,152
10/20/2010,MFE,TX,ASW,CE,Federal Contract Tower,21,11,32,12,76,0,0,66,1,67,21,11,98,13,143,10,2,12,155
10/21/2010,MFE,TX,ASW,CE,Federal Contract Tower,22,15,34,22,93,0,0,58,2,60,22,15,92,24,153,26,6,32,185
10/22/2010,MFE,TX,ASW,CE,Federal Contract Tower,21,8,44,19,92,0,1,58,0,59,21,9,102,19,151,4,0,4,155
10/23/2010,MFE,TX,ASW,CE,Federal Contract Tower,15,3,33,10,61,0,0,54,0,54,15,3,87,10,115,18,0,18,133
10/24/2010,MFE,TX,ASW,CE,Federal Contract Tower,21,8,21,0,50,0,0,53,0,53,21,8,74,0,103,0,0,0,103
10/25/2010,MFE,TX,ASW,CE,Federal Contract Tower,20,14,33,28,95,0,0,55,0,55,20,14,88,28,150,4,0,4,154
10/26/2010,MFE,TX,ASW,CE,Federal Contract Tower,21,9,30,6,66,0,0,80,0,80,21,9,110,6,146,20,0,20,166
10/27/2010,MFE,TX,ASW,CE,Federal Contract Tower,17,7,59,12,95,0,0,73,0,73,17,7,132,12,168,54,0,54,222
10/28/2010,MFE,TX,ASW,CE,Federal Contract Tower,24,17,45,12,98,0,0,74,1,75,24,17,119,13,173,10,0,10,183
10/29/2010,MFE,TX,ASW,CE,Federal Contract Tower,21,9,54,18,102,0,1,78,0,79,21,10,132,18,181,0,0,0,181
10/30/2010,MFE,TX,ASW,CE,Federal Contract Tower,17,9,27,0,53,0,0,65,0,65,17,9,92,0,118,32,0,32,150
10/31/2010,MFE,TX,ASW,CE,Federal Contract Tower,17,10,37,2,66,0,0,53,0,53,17,10,90,2,119,0,0,0,119
11/01/2010,MFE,TX,ASW,CE,Federal Contract Tower,24,11,36,16,87,0,0,67,5,72,24,11,103,21,159,6,6,12,171
11/02/2010,MFE,TX,ASW,CE,Federal Contract Tower,19,5,35,18,77,0,0,71,0,71,19,5,106,18,148,0,0,0,148
11/03/2010,MFE,TX,ASW,CE,Federal Contract Tower,15,7,37,12,71,0,0,74,0,74,15,7,111,12,145,32,0,32,177
11/04/2010,MFE,TX,ASW,CE,Federal Contract Tower,24,14,27,22,87,0,0,72,0,72,24,14,99,22,159,0,0,0,159
11/05/2010,MFE,TX,ASW,CE,Federal Contract Tower,20,12,30,3,65,0,0,75,0,75,20,12,105,3,140,76,0,76,216
11/06/2010,MFE,TX,ASW,CE,Federal Contract Tower,15,4,12,2,33,0,0,63,0,63,15,4,75,2,96,46,0,46,142
11/07/2010,MFE,TX,ASW,CE,Federal Contract Tower,17,14,23,7,61,0,0,45,0,45,17,14,68,7,106,10,0,10,116
11/08/2010,MFE,TX,ASW,CE,Federal Contract Tower,23,10,34,10,77,0,2,70,2,74,23,12,104,12,151,0,0,0,151
11/09/2010,MFE,TX,ASW,CE,Federal Contract Tower,20,13,40,20,93,0,1,63,0,64,20,14,103,20,157,24,0,24,181
11/10/2010,MFE,TX,ASW,CE,Federal Contract Tower,21,14,36,12,83,0,0,69,0,69,21,14,105,12,152,2,0,2,154
11/11/2010,MFE,TX,ASW,CE,Federal Contract Tower,24,15,50,3,92,0,0,82,0,82,24,15,132,3,174,62,0,62,236
11/12/2010,MFE,TX,ASW,CE,Federal Contract Tower,26,3,33,8,70,0,0,59,2,61,26,3,92,10,131,24,0,24,155
11/13/2010,MFE,TX,ASW,CE,Federal Contract Tower,15,5,41,0,61,0,0,42,0,42,15,5,83,0,103,50,0,50,153
11/14/2010,MFE,TX,ASW,CE,Federal Contract Tower,18,12,40,2,72,0,0,26,0,26,18,12,66,2,98,0,0,0,98
11/15/2010,MFE,TX,ASW,CE,Federal Contract Tower,25,10,51,20,106,0,1,78,0,79,25,11,129,20,185,28,18,46,231
11/16/2010,MFE,TX,ASW,CE,Federal Contract Tower,0,15,30,23,68,0,0,71,0,71,0,15,101,23,139,56,0,56,195
11/17/2010,MFE,TX,ASW,CE,Federal Contract Tower,22,13,32,6,73,0,2,75,0,77,22,15,107,6,150,8,0,8,158
11/18/2010,MFE,TX,ASW,CE,Federal Contract Tower,30,11,35,18,94,0,2,92,0,94,30,13,127,18,188,24,0,24,212
11/19/2010,MFE,TX,ASW,CE,Federal Contract Tower,22,6,36,6,70,0,2,92,0,94,22,8,128,6,164,84,0,84,248
11/20/2010,MFE,TX,ASW,CE,Federal Contract Tower,14,9,31,6,60,0,0,76,0,76,14,9,107,6,136,34,8,42,178
11/21/2010,MFE,TX,ASW,CE,Federal Contract Tower,18,12,36,6,72,0,0,50,0,50,18,12,86,6,122,0,0,0,122
11/22/2010,MFE,TX,ASW,CE,Federal Contract Tower,21,9,31,14,75,0,0,46,0,46,21,9,77,14,121,0,40,40,161
11/23/2010,MFE,TX,ASW,CE,Federal Contract Tower,18,9,47,2,76,0,0,58,0,58,18,9,105,2,134,10,0,10,144
11/24/2010,MFE,TX,ASW,CE,Federal Contract Tower,26,12,57,3,98,0,0,51,0,51,26,12,108,3,149,18,0,18,167
11/25/2010,MFE,TX,ASW,CE,Federal Contract Tower,17,3,21,0,41,0,0,30,0,30,17,3,51,0,71,0,0,0,71
11/26/2010,MFE,TX,ASW,CE,Federal Contract Tower,15,4,22,0,41,0,1,32,0,33,15,5,54,0,74,2,0,2,76
11/27/2010,MFE,TX,ASW,CE,Federal Contract Tower,19,10,22,0,51,0,0,74,0,74,19,10,96,0,125,78,0,78,203
11/28/2010,MFE,TX,ASW,CE,Federal Contract Tower,23,8,53,0,84,0,0,52,0,52,23,8,105,0,136,0,0,0,136
11/29/2010,MFE,TX,ASW,CE,Federal Contract Tower,25,15,37,7,84,0,0,51,0,51,25,15,88,7,135,0,0,0,135
11/30/2010,MFE,TX,ASW,CE,Federal Contract Tower,21,9,37,60,127,0,1,77,1,79,21,10,114,61,206,28,0,28,234
12/01/2010,MFE,TX,ASW,CE,Federal Contract Tower,21,10,42,10,83,0,0,68,0,68,21,10,110,10,151,58,0,58,209
12/02/2010,MFE,TX,ASW,CE,Federal Contract Tower,24,13,47,20,104,0,1,80,6,87,24,14,127,26,191,34,0,34,225
12/03/2010,MFE,TX,ASW,CE,Federal Contract Tower,24,18,48,6,96,0,0,101,1,102,24,18,149,7,198,46,0,46,244
12/04/2010,MFE,TX,ASW,CE,Federal Contract Tower,14,8,27,0,49,0,0,42,0,42,14,8,69,0,91,32,0,32,123
12/05/2010,MFE,TX,ASW,CE,Federal Contract Tower,21,11,32,0,64,0,0,40,0,40,21,11,72,0,104,12,0,12,116
12/06/2010,MFE,TX,ASW,CE,Federal Contract Tower,24,7,43,20,94,0,1,40,0,41,24,8,83,20,135,2,0,2,137
12/07/2010,MFE,TX,ASW,CE,Federal Contract Tower,21,11,65,26,123,0,0,76,0,76,21,11,141,26,199,40,0,40,239
12/08/2010,MFE,TX,ASW,CE,Federal Contract Tower,22,8,41,27,98,0,0,48,0,48,22,8,89,27,146,24,0,24,170
12/09/2010,MFE,TX,ASW,CE,Federal Contract Tower,23,10,44,19,96,0,0,84,0,84,23,10,128,19,180,68,0,68,248
12/10/2010,MFE,TX,ASW,CE,Federal Contract Tower,24,8,47,20,99,0,1,94,0,95,24,9,141,20,194,24,0,24,218
12/11/2010,MFE,TX,ASW,CE,Federal Contract Tower,15,6,26,2,49,0,0,76,0,76,15,6,102,2,125,74,0,74,199
12/12/2010,MFE,TX,ASW,CE,Federal Contract Tower,18,10,28,4,60,0,0,43,1,44,18,10,71,5,104,36,0,36,140
12/13/2010,MFE,TX,ASW,CE,Federal Contract Tower,21,8,45,32,106,0,1,87,1,89,21,9,132,33,195,74,62,136,331
12/14/2010,MFE,TX,ASW,CE,Federal Contract Tower,18,12,51,42,123,0,1,84,0,85,18,13,135,42,208,4,0,4,212
12/15/2010,MFE,TX,ASW,CE,Federal Contract Tower,22,11,44,31,108,0,2,63,1,66,22,13,107,32,174,12,10,22,196
12/16/2010,MFE,TX,ASW,CE,Federal Contract Tower,23,8,54,50,135,0,2,101,0,103,23,10,155,50,238,56,0,56,294
12/17/2010,MFE,TX,ASW,CE,Federal Contract Tower,19,15,52,4,90,0,0,69,0,69,19,15,121,4,159,28,0,28,187
12/18/2010,MFE,TX,ASW,CE,Federal Contract Tower,13,9,28,0,50,0,0,80,0,80,13,9,108,0,130,46,0,46,176
12/19/2010,MFE,TX,ASW,CE,Federal Contract Tower,23,7,29,2,61,0,0,58,1,59,23,7,87,3,120,80,8,88,208
12/20/2010,MFE,TX,ASW,CE,Federal Contract Tower,17,12,39,14,82,0,0,51,0,51,17,12,90,14,133,30,0,30,163
12/21/2010,MFE,TX,ASW,CE,Federal Contract Tower,20,9,73,7,109,0,0,45,0,45,20,9,118,7,154,38,0,38,192
12/22/2010,MFE,TX,ASW,CE,Federal Contract Tower,21,16,53,18,108,0,0,78,0,78,21,16,131,18,186,38,0,38,224
12/23/2010,MFE,TX,ASW,CE,Federal Contract Tower,19,10,60,0,89,0,0,61,0,61,19,10,121,0,150,16,0,16,166
12/24/2010,MFE,TX,ASW,CE,Federal Contract Tower,8,7,18,0,33,0,0,29,0,29,8,7,47,0,62,0,0,0,62
12/25/2010,MFE,TX,ASW,CE,Federal Contract Tower,16,4,15,0,35,0,0,15,0,15,16,4,30,0,50,0,0,0,50
12/26/2010,MFE,TX,ASW,CE,Federal Contract Tower,20,13,33,0,66,0,0,51,0,51,20,13,84,0,117,26,0,26,143
12/27/2010,MFE,TX,ASW,CE,Federal Contract Tower,16,9,46,2,73,0,0,63,0,63,16,9,109,2,136,60,0,60,196
12/28/2010,MFE,TX,ASW,CE,Federal Contract Tower,20,9,43,3,75,0,0,21,0,21,20,9,64,3,96,10,0,10,106
12/29/2010,MFE,TX,ASW,CE,Federal Contract Tower,17,13,34,4,68,0,0,78,0,78,17,13,112,4,146,82,0,82,228
12/30/2010,MFE,TX,ASW,CE,Federal Contract Tower,19,12,46,0,77,0,0,64,0,64,19,12,110,0,141,40,0,40,181
12/31/2010,MFE,TX,ASW,CE,Federal Contract Tower,15,6,33,0,54,0,3,39,0,42,15,9,72,0,96,10,0,10,106
01/01/2011,MFE,TX,ASW,CE,Federal Contract Tower,13,6,33,0,52,0,0,54,0,54,13,6,87,0,106,6,0,6,112
01/02/2011,MFE,TX,ASW,CE,Federal Contract Tower,22,4,34,2,62,0,0,62,0,62,22,4,96,2,124,0,0,0,124
01/03/2011,MFE,TX,ASW,CE,Federal Contract Tower,19,11,33,2,65,0,0,32,0,32,19,11,65,2,97,28,0,28,125
01/04/2011,MFE,TX,ASW,CE,Federal Contract Tower,18,12,42,14,86,0,0,39,0,39,18,12,81,14,125,46,0,46,171
01/05/2011,MFE,TX,ASW,CE,Federal Contract Tower,19,8,39,35,101,0,0,75,0,75,19,8,114,35,176,40,60,100,276
01/06/2011,MFE,TX,ASW,CE,Federal Contract Tower,23,7,46,30,106,0,0,66,2,68,23,7,112,32,174,30,0,30,204
01/07/2011,MFE,TX,ASW,CE,Federal Contract Tower,18,14,48,20,100,0,0,71,1,72,18,14,119,21,172,0,0,0,172
01/08/2011,MFE,TX,ASW,CE,Federal Contract Tower,16,6,26,11,59,0,0,30,0,30,16,6,56,11,89,4,0,4,93
01/09/2011,MFE,TX,ASW,CE,Federal Contract Tower,20,10,30,2,62,0,0,50,0,50,20,10,80,2,112,14,0,14,126
01/10/2011,MFE,TX,ASW,CE,Federal Contract Tower,21,10,37,54,122,0,0,50,3,53,21,10,87,57,175,16,22,38,213
01/11/2011,MFE,TX,ASW,CE,Federal Contract Tower,13,11,31,10,65,0,0,30,0,30,13,11,61,10,95,0,0,0,95
01/12/2011,MFE,TX,ASW,CE,Federal Contract Tower,16,8,28,26,78,0,0,12,0,12,16,8,40,26,90,42,0,42,132
01/13/2011,MFE,TX,ASW,CE,Federal Contract Tower,19,12,45,15,91,0,0,9,0,9,19,12,54,15,100,0,0,0,100
01/14/2011,MFE,TX,ASW,CE,Federal Contract Tower,20,10,47,4,81,0,0,7,0,7,20,10,54,4,88,0,0,0,88
01/15/2011,MFE,TX,ASW,CE,Federal Contract Tower,13,12,17,0,42,0,0,0,0,0,13,12,17,0,42,0,0,0,42
01/16/2011,MFE,TX,ASW,CE,Federal Contract Tower,16,7,27,0,50,0,0,26,1,27,16,7,53,1,77,40,0,40,117
01/17/2011,MFE,TX,ASW,CE,Federal Contract Tower,21,9,37,0,67,0,0,24,0,24,21,9,61,0,91,0,0,0,91
01/18/2011,MFE,TX,ASW,CE,Federal Contract Tower,15,6,43,21,85,0,1,86,3,90,15,7,129,24,175,14,0,14,189
01/19/2011,MFE,TX,ASW,CE,Federal Contract Tower,17,9,58,24,108,0,0,70,0,70,17,9,128,24,178,18,0,18,196
01/20/2011,MFE,TX,ASW,CE,Federal Contract Tower,21,8,45,42,116,0,0,54,0,54,21,8,99,42,170,10,0,10,180
01/21/2011,MFE,TX,ASW,CE,Federal Contract Tower,20,8,38,26,92,0,0,99,2,101,20,8,137,28,193,0,0,0,193
01/22/2011,MFE,TX,ASW,CE,Federal Contract Tower,15,7,33,12,67,0,0,80,2,82,15,7,113,14,149,50,0,50,199
01/23/2011,MFE,TX,ASW,CE,Federal Contract Tower,15,8,36,2,61,0,0,43,0,43,15,8,79,2,104,12,0,12,116
01/24/2011,MFE,TX,ASW,CE,Federal Contract Tower,22,10,41,27,100,0,0,29,0,29,22,10,70,27,129,10,0,10,139
01/25/2011,MFE,TX,ASW,CE,Federal Contract Tower,16,13,47,29,105,0,0,60,0,60,16,13,107,29,165,32,0,32,197
01/26/2011,MFE,TX,ASW,CE,Federal Contract Tower,18,7,33,46,104,0,0,75,0,75,18,7,108,46,179,16,0,16,195
01/27/2011,MFE,TX,ASW,CE,Federal Contract Tower,20,9,59,22,110,0,0,86,1,87,20,9,145,23,197,34,0,34,231
01/28/2011,MFE,TX,ASW,CE,Federal Contract Tower,20,9,35,4,68,0,0,53,0,53,20,9,88,4,121,24,0,24,145
01/29/2011,MFE,TX,ASW,CE,Federal Contract Tower,14,4,16,4,38,0,0,42,0,42,14,4,58,4,80,58,0,58,138
01/30/2011,MFE,TX,ASW,CE,Federal Contract Tower,18,5,18,17,58,0,0,55,4,59,18,5,73,21,117,34,0,34,151
01/31/2011,MFE,TX,ASW,CE,Federal Contract Tower,19,9,43,23,94,0,0,49,0,49,19,9,92,23,143,10,10,20,163
02/01/2011,MFE,TX,ASW,CE,Federal Contract Tower,11,8,39,22,80,0,0,63,0,63,11,8,102,22,143,0,0,0,143
02/02/2011,MFE,TX,ASW,CE,Federal Contract Tower,15,4,29,12,60,0,0,47,0,47,15,4,76,12,107,40,0,40,147
02/03/2011,MFE,TX,ASW,CE,Federal Contract Tower,4,4,12,0,20,0,0,10,0,10,4,4,22,0,30,4,0,4,34
02/04/2011,MFE,TX,ASW,CE,Federal Contract Tower,14,10,42,0,66,0,0,35,0,35,14,10,77,0,101,20,0,20,121
02/05/2011,MFE,TX,ASW,CE,Federal Contract Tower,15,6,21,18,60,0,0,80,0,80,15,6,101,18,140,32,0,32,172
02/06/2011,MFE,TX,ASW,CE,Federal Contract Tower,16,12,22,0,50,0,0,48,0,48,16,12,70,0,98,12,0,12,110
02/07/2011,MFE,TX,ASW,CE,Federal Contract Tower,15,9,59,39,122,0,0,78,5,83,15,9,137,44,205,34,0,34,239
02/08/2011,MFE,TX,ASW,CE,Federal Contract Tower,13,9,27,16,65,0,0,80,0,80,13,9,107,16,145,18,6,24,169
02/09/2011,MFE,TX,ASW,CE,Federal Contract Tower,12,8,41,28,89,0,0,19,0,19,12,8,60,28,108,8,0,8,116
02/10/2011,MFE,TX,ASW,CE,Federal Contract Tower,16,31,36,25,108,0,0,80,1,81,16,31,116,26,189,58,0,58,247
02/11/2011,MFE,TX,ASW,CE,Federal Contract Tower,17,10,52,21,100,0,0,87,0,87,17,10,139,21,187,30,0,30,217
02/12/2011,MFE,TX,ASW,CE,Federal Contract Tower,14,7,28,6,55,0,0,68,0,68,14,7,96,6,123,50,0,50,173
02/13/2011,MFE,TX,ASW,CE,Federal Contract Tower,16,7,25,0,48,0,0,67,0,67,16,7,92,0,115,0,0,0,115
02/14/2011,MFE,TX,ASW,CE,Federal Contract Tower,18,8,37,44,107,0,0,65,0,65,18,8,102,44,172,0,0,0,172
02/15/2011,MFE,TX,ASW,CE,Federal Contract Tower,17,9,65,15,106,0,0,45,0,45,17,9,110,15,151,2,0,2,153
02/16/2011,MFE,TX,ASW,CE,Federal Contract Tower,12,11,59,16,98,0,0,59,0,59,12,11,118,16,157,6,0,6,163
02/17/2011,MFE,TX,ASW,CE,Federal Contract Tower,20,10,58,26,114,0,0,51,0,51,20,10,109,26,165,0,0,0,165
02/18/2011,MFE,TX,ASW,CE,Federal Contract Tower,22,12,64,11,109,0,0,84,0,84,22,12,148,11,193,30,0,30,223
02/19/2011,MFE,TX,ASW,CE,Federal Contract Tower,16,2,31,6,55,0,0,34,0,34,16,2,65,6,89,2,0,2,91
02/20/2011,MFE,TX,ASW,CE,Federal Contract Tower,15,11,29,0,55,0,0,47,0,47,15,11,76,0,102,0,0,0,102
02/21/2011,MFE,TX,ASW,CE,Federal Contract Tower,23,9,47,6,85,0,0,82,0,82,23,9,129,6,167,0,0,0,167
02/22/2011,MFE,TX,ASW,CE,Federal Contract Tower,19,7,70,24,120,0,0,54,0,54,19,7,124,24,174,42,0,42,216
02/23/2011,MFE,TX,ASW,CE,Federal Contract Tower,21,10,70,24,125,0,0,69,0,69,21,10,139,24,194,8,0,8,202
02/24/2011,MFE,TX,ASW,CE,Federal Contract Tower,23,6,48,18,95,0,0,81,0,81,23,6,129,18,176,22,2,24,200
02/25/2011,MFE,TX,ASW,CE,Federal Contract Tower,22,7,61,16,106,0,0,109,2,111,22,7,170,18,217,24,0,24,241
02/26/2011,MFE,TX,ASW,CE,Federal Contract Tower,15,2,30,2,49,0,0,56,0,56,15,2,86,2,105,88,0,88,193
02/27/2011,MFE,TX,ASW,CE,Federal Contract Tower,20,4,19,10,53,0,0,50,0,50,20,4,69,10,103,0,0,0,103
02/28/2011,MFE,TX,ASW,CE,Federal Contract Tower,17,9,39,37,102,0,0,86,3,89,17,9,125,40,191,40,0,40,231
03/01/2011,MFE,TX,ASW,CE,Federal Contract Tower,16,4,30,16,66,0,0,118,1,119,16,4,148,17,185,36,6,42,227
03/02/2011,MFE,TX,ASW,CE,Federal Contract Tower,18,11,43,28,100,0,0,81,0,81,18,11,124,28,181,32,0,32,213
03/03/2011,MFE,TX,ASW,CE,Federal Contract Tower,20,17,47,22,106,0,0,84,2,86,20,17,131,24,192,22,0,22,214
03/04/2011,MFE,TX,ASW,CE,Federal Contract Tower,19,12,51,8,90,0,0,77,0,77,19,12,128,8,167,60,0,60,227
03/05/2011,MFE,TX,ASW,CE,Federal Contract Tower,18,3,18,0,39,0,0,36,2,38,18,3,54,2,77,2,0,2,79
03/06/2011,MFE,TX,ASW,CE,Federal Contract Tower,24,11,22,11,68,0,0,78,1,79,24,11,100,12,147,86,28,114,261
03/07/2011,MFE,TX,ASW,CE,Federal Contract Tower,24,15,35,34,108,0,0,67,4,71,24,15,102,38,179,20,12,32,211
03/08/2011,MFE,TX,ASW,CE,Federal Contract Tower,20,14,82,12,128,0,0,80,1,81,20,14,162,13,209,68,0,68,277
03/09/2011,MFE,TX,ASW,CE,Federal Contract Tower,24,4,48,28,104,0,0,78,0,78,24,4,126,28,182,2,0,2,184
03/10/2011,MFE,TX,ASW,CE,Federal Contract Tower,22,7,41,30,100,0,0,99,0,99,22,7,140,30,199,0,0,0,199
03/11/2011,MFE,TX,ASW,CE,Federal Contract Tower,24,8,57,23,112,0,0,118,0,118,24,8,175,23,230,10,0,10,240
03/12/2011,MFE,TX,ASW,CE,Federal Contract Tower,19,4,18,3,44,0,0,45,0,45,19,4,63,3,89,30,0,30,119
03/13/2011,MFE,TX,ASW,CE,Federal Contract Tower,23,3,36,3,65,0,0,67,1,68,23,3,103,4,133,0,0,0,133
03/14/2011,MFE,TX,ASW,CE,Federal Contract Tower,20,8,58,55,141,0,0,79,0,79,20,8,137,55,220,40,8,48,268
03/15/2011,MFE,TX,ASW,CE,Federal Contract Tower,19,8,62,18,107,9,0,49,0,58,28,8,111,18,165,24,0,24,189
03/16/2011,MFE,TX,ASW,CE,Federal Contract Tower,22,10,63,12,107,0,0,86,0,86,22,10,149,12,193,38,0,38,231
03/17/2011,MFE,TX,ASW,CE,Federal Contract Tower,25,6,66,24,121,0,0,83,4,87,25,6,149,28,208,26,0,26,234
03/18/2011,MFE,TX,ASW,CE,Federal Contract Tower,24,6,75,14,119,0,0,81,2,83,24,6,156,16,202,22,6,28,230
03/19/2011,MFE,TX,ASW,CE,Federal Contract Tower,19,6,24,1,50,0,0,43,1,44,19,6,67,2,94,42,0,42,136
03/20/2011,MFE,TX,ASW,CE,Federal Contract Tower,20,0,45,0,65,0,0,41,0,41,20,0,86,0,106,50,0,50,156
03/21/2011,MFE,TX,ASW,CE,Federal Contract Tower,26,3,92,18,139,2,0,100,0,102,28,3,192,18,241,6,0,6,247
03/22/2011,MFE,TX,ASW,CE,Federal Contract Tower,23,6,51,18,98,0,0,70,0,70,23,6,121,18,168,32,0,32,200
03/23/2011,MFE,TX,ASW,CE,Federal Contract Tower,20,2,55,34,111,0,0,89,3,92,20,2,144,37,203,40,40,80,283
03/24/2011,MFE,TX,ASW,CE,Federal Contract Tower,17,7,56,44,124,0,0,95,2,97,17,7,151,46,221,22,30,52,273
03/25/2011,MFE,TX,ASW,CE,Federal Contract Tower,22,6,43,11,82,0,0,87,0,87,22,6,130,11,169,4,0,4,173
03/26/2011,MFE,TX,ASW,CE,Federal Contract Tower,20,2,23,20,65,0,0,83,0,83,20,2,106,20,148,82,0,82,230
03/27/2011,MFE,TX,ASW,CE,Federal Contract Tower,14,7,29,4,54,0,0,75,0,75,14,7,104,4,129,26,0,26,155
03/28/2011,MFE,TX,ASW,CE,Federal Contract Tower,24,5,49,20,98,0,0,47,0,47,24,5,96,20,145,22,0,22,167
03/29/2011,MFE,TX,ASW,CE,Federal Contract Tower,21,8,61,9,99,0,0,56,0,56,21,8,117,9,155,30,0,30,185
03/30/2011,MFE,TX,ASW,CE,Federal Contract Tower,24,5,52,18,99,0,0,54,2,56,24,5,106,20,155,6,0,6,161
03/31/2011,MFE,TX,ASW,CE,Federal Contract Tower,19,12,66,8,105,0,0,87,0,87,19,12,153,8,192,40,0,40,232
04/01/2011,MFE,TX,ASW,CE,Federal Contract Tower,22,9,49,12,92,0,0,54,0,54,22,9,103,12,146,22,0,22,168
04/02/2011,MFE,TX,ASW,CE,Federal Contract Tower,17,3,29,4,53,0,0,55,2,57,17,3,84,6,110,94,0,94,204
04/03/2011,MFE,TX,ASW,CE,Federal Contract Tower,23,1,24,7,55,0,0,29,0,29,23,1,53,7,84,0,0,0,84
04/04/2011,MFE,TX,ASW,CE,Federal Contract Tower,17,5,35,28,85,0,0,40,0,40,17,5,75,28,125,0,0,0,125
04/05/2011,MFE,TX,ASW,CE,Federal Contract Tower,23,3,31,34,91,0,0,97,0,97,23,3,128,34,188,24,8,32,220
04/06/2011,MFE,TX,ASW,CE,Federal Contract Tower,21,4,37,19,81,0,0,81,0,81,21,4,118,19,162,44,0,44,206
04/07/2011,MFE,TX,ASW,CE,Federal Contract Tower,24,5,57,4,90,0,0,72,0,72,24,5,129,4,162,62,0,62,224
04/08/2011,MFE,TX,ASW,CE,Federal Contract Tower,25,3,40,4,72,0,0,65,0,65,25,3,105,4,137,4,0,4,141
04/09/2011,MFE,TX,ASW,CE,Federal Contract Tower,18,4,28,2,52,0,0,38,0,38,18,4,66,2,90,16,0,16,106
04/10/2011,MFE,TX,ASW,CE,Federal Contract Tower,23,0,27,0,50,0,0,50,0,50,23,0,77,0,100,0,0,0,100
04/11/2011,MFE,TX,ASW,CE,Federal Contract Tower,24,4,46,48,122,0,0,75,0,75,24,4,121,48,197,6,0,6,203
04/12/2011,MFE,TX,ASW,CE,Federal Contract Tower,18,5,61,13,97,0,0,94,0,94,18,5,155,13,191,36,0,36,227
04/13/2011,MFE,TX,ASW,CE,Federal Contract Tower,18,10,36,14,78,0,0,81,0,81,18,10,117,14,159,84,0,84,243
04/14/2011,MFE,TX,ASW,CE,Federal Contract Tower,19,6,62,34,121,0,0,97,0,97,19,6,159,34,218,122,0,122,340
04/15/2011,MFE,TX,ASW,CE,Federal Contract Tower,22,8,74,10,114,0,0,89,0,89,22,8,163,10,203,14,0,14,217
04/16/2011,MFE,TX,ASW,CE,Federal Contract Tower,16,0,46,2,64,0,0,85,0,85,16,0,131,2,149,40,0,40,189
04/17/2011,MFE,TX,ASW,CE,Federal Contract Tower,23,0,32,16,71,0,0,63,0,63,23,0,95,16,134,26,0,26,160
04/18/2011,MFE,TX,ASW,CE,Federal Contract Tower,20,8,36,29,93,0,0,79,0,79,20,8,115,29,172,40,0,40,212
04/19/2011,MFE,TX,ASW,CE,Federal Contract Tower,21,6,47,16,90,0,0,65,0,65,21,6,112,16,155,49,0,49,204
04/20/2011,MFE,TX,ASW,CE,Federal Contract Tower,18,10,82,21,131,0,0,90,1,91,18,10,172,22,222,16,46,62,284
04/21/2011,MFE,TX,ASW,CE,Federal Contract Tower,19,11,68,28,126,0,0,86,0,86,19,11,154,28,212,22,0,22,234
04/22/2011,MFE,TX,ASW,CE,Federal Contract Tower,22,4,32,22,80,0,0,52,5,57,22,4,84,27,137,50,0,50,187
04/23/2011,MFE,TX,ASW,CE,Federal Contract Tower,16,1,21,0,38,0,0,48,0,48,16,1,69,0,86,14,0,14,100
04/24/2011,MFE,TX,ASW,CE,Federal Contract Tower,19,5,49,0,73,0,0,47,0,47,19,5,96,0,120,14,0,14,134
04/25/2011,MFE,TX,ASW,CE,Federal Contract Tower,18,12,80,21,131,0,0,88,0,88,18,12,168,21,219,52,76,128,347
04/26/2011,MFE,TX,ASW,CE,Federal Contract Tower,16,11,53,23,103,0,0,60,0,60,16,11,113,23,163,28,26,54,217
04/27/2011,MFE,TX,ASW,CE,Federal Contract Tower,21,11,38,36,106,0,0,51,0,51,21,11,89,36,157,16,0,16,173
04/28/2011,MFE,TX,ASW,CE,Federal Contract Tower,21,12,43,28,104,0,0,87,4,91,21,12,130,32,195,16,0,16,211
04/29/2011,MFE,TX,ASW,CE,Federal Contract Tower,23,4,50,11,88,0,0,73,0,73,23,4,123,11,161,18,0,18,179
04/30/2011,MFE,TX,ASW,CE,Federal Contract Tower,16,4,41,12,73,0,0,54,0,54,16,4,95,12,127,58,0,58,185
05/01/2011,MFE,TX,ASW,CE,Federal Contract Tower,24,2,44,10,80,0,0,58,0,58,24,2,102,10,138,0,0,0,138
05/02/2011,MFE,TX,ASW,CE,Federal Contract Tower,20,7,35,35,97,0,0,41,2,43,20,7,76,37,140,0,34,34,174
05/03/2011,MFE,TX,ASW,CE,Federal Contract Tower,18,9,40,37,104,0,0,86,4,90,18,9,126,41,194,52,0,52,246
05/04/2011,MFE,TX,ASW,CE,Federal Contract Tower,17,15,34,68,134,0,0,95,8,103,17,15,129,76,237,104,26,130,367
05/05/2011,MFE,TX,ASW,CE,Federal Contract Tower,23,11,36,16,86,0,0,110,2,112,23,11,146,18,198,128,0,128,326
05/06/2011,MFE,TX,ASW,CE,Federal Contract Tower,26,10,33,8,77,0,0,66,6,72,26,10,99,14,149,42,0,42,191
05/07/2011,MFE,TX,ASW,CE,Federal Contract Tower,17,5,18,4,44,0,0,57,0,57,17,5,75,4,101,100,0,100,201
05/08/2011,MFE,TX,ASW,CE,Federal Contract Tower,16,8,26,6,56,0,0,40,0,40,16,8,66,6,96,10,0,10,106
05/09/2011,MFE,TX,ASW,CE,Federal Contract Tower,20,13,34,15,82,0,0,53,2,55,20,13,87,17,137,4,0,4,141
05/10/2011,MFE,TX,ASW,CE,Federal Contract Tower,17,13,61,21,112,0,0,59,0,59,17,13,120,21,171,46,0,46,217
05/11/2011,MFE,TX,ASW,CE,Federal Contract Tower,15,12,53,62,142,0,0,65,2,67,15,12,118,64,209,78,0,78,287
05/12/2011,MFE,TX,ASW,CE,Federal Contract Tower,20,7,45,14,86,0,0,57,0,57,20,7,102,14,143,82,0,82,225
05/13/2011,MFE,TX,ASW,CE,Federal Contract Tower,24,8,47,11,90,0,0,87,0,87,24,8,134,11,177,54,0,54,231
05/14/2011,MFE,TX,ASW,CE,Federal Contract Tower,15,10,23,12,60,0,0,36,0,36,15,10,59,12,96,30,0,30,126
05/15/2011,MFE,TX,ASW,CE,Federal Contract Tower,20,6,19,4,49,0,0,38,0,38,20,6,57,4,87,6,0,6,93
05/16/2011,MFE,TX,ASW,CE,Federal Contract Tower,19,11,32,35,97,0,0,70,1,71,19,11,102,36,168,32,0,32,200
05/17/2011,MFE,TX,ASW,CE,Federal Contract Tower,20,9,44,26,99,0,0,74,0,74,20,9,118,26,173,94,0,94,267
05/18/2011,MFE,TX,ASW,CE,Federal Contract Tower,18,11,51,30,110,0,0,52,0,52,18,11,103,30,162,80,16,96,258
05/19/2011,MFE,TX,ASW,CE,Federal Contract Tower,25,12,65,29,131,0,0,50,0,50,25,12,115,29,181,54,30,84,265
05/20/2011,MFE,TX,ASW,CE,Federal Contract Tower,20,9,49,26,104,0,0,40,2,42,20,9,89,28,146,8,0,8,154
05/21/2011,MFE,TX,ASW,CE,Federal Contract Tower,14,9,33,6,62,0,0,34,4,38,14,9,67,10,100,54,26,80,180
05/22/2011,MFE,TX,ASW,CE,Federal Contract Tower,18,6,29,0,53,0,0,38,0,38,18,6,67,0,91,30,0,30,121
05/23/2011,MFE,TX,ASW,CE,Federal Contract Tower,21,8,36,6,71,0,0,45,2,47,21,8,81,8,118,0,0,0,118
05/24/2011,MFE,TX,ASW,CE,Federal Contract Tower,17,12,45,47,121,0,0,62,0,62,17,12,107,47,183,62,2,64,247
05/25/2011,MFE,TX,ASW,CE,Federal Contract Tower,17,11,46,47,121,0,0,79,1,80,17,11,125,48,201,58,0,58,259
05/26/2011,MFE,TX,ASW,CE,Federal Contract Tower,25,10,28,2,65,0,0,48,0,48,25,10,76,2,113,46,0,46,159
05/27/2011,MFE,TX,ASW,CE,Federal Contract Tower,24,12,47,0,83,0,0,75,0,75,24,12,122,0,158,20,0,20,178
05/28/2011,MFE,TX,ASW,CE,Federal Contract Tower,12,4,10,0,26,0,0,43,0,43,12,4,53,0,69,24,0,24,93
05/29/2011,MFE,TX,ASW,CE,Federal Contract Tower,16,7,8,0,31,0,0,31,0,31,16,7,39,0,62,4,0,4,66
05/30/2011,MFE,TX,ASW,CE,Federal Contract Tower,19,3,30,0,52,0,0,45,0,45,19,3,75,0,97,0,0,0,97
05/31/2011,MFE,TX,ASW,CE,Federal Contract Tower,22,7,46,27,102,0,0,77,2,79,22,7,123,29,181,14,62,76,257
06/01/2011,MFE,TX,ASW,CE,Federal Contract Tower,23,10,26,48,107,0,0,85,0,85,23,10,111,48,192,68,4,72,264
06/02/2011,MFE,TX,ASW,CE,Federal Contract Tower,25,8,30,40,103,0,0,85,2,87,25,8,115,42,190,32,0,32,222
06/03/2011,MFE,TX,ASW,CE,Federal Contract Tower,23,9,58,8,98,0,0,64,0,64,23,9,122,8,162,74,0,74,236
06/04/2011,MFE,TX,ASW,CE,Federal Contract Tower,17,4,22,8,51,0,0,67,0,67,17,4,89,8,118,52,0,52,170
06/05/2011,MFE,TX,ASW,CE,Federal Contract Tower,19,2,18,3,42,0,0,52,1,53,19,2,70,4,95,14,0,14,109
06/06/2011,MFE,TX,ASW,CE,Federal Contract Tower,24,8,31,36,99,0,0,89,1,90,24,8,120,37,189,34,0,34,223
06/07/2011,MFE,TX,ASW,CE,Federal Contract Tower,22,12,52,44,130,0,1,75,2,78,22,13,127,46,208,46,4,50,258
06/08/2011,MFE,TX,ASW,CE,Federal Contract Tower,21,9,37,26,93,0,0,80,2,82,21,9,117,28,175,54,52,106,281
06/09/2011,MFE,TX,ASW,CE,Federal Contract Tower,23,11,60,34,128,0,0,102,1,103,23,11,162,35,231,42,4,46,277
06/10/2011,MFE,TX,ASW,CE,Federal Contract Tower,24,10,46,7,87,0,0,70,4,74,24,10,116,11,161,78,0,78,239
06/11/2011,MFE,TX,ASW,CE,Federal Contract Tower,24,2,28,10,64,0,0,57,0,57,24,2,85,10,121,0,0,0,121
06/12/2011,MFE,TX,ASW,CE,Federal Contract Tower,22,6,38,0,66,0,0,44,0,44,22,6,82,0,110,0,0,0,110
06/13/2011,MFE,TX,ASW,CE,Federal Contract Tower,20,14,36,36,106,0,0,69,0,69,20,14,105,36,175,44,0,44,219
06/14/2011,MFE,TX,ASW,CE,Federal Contract Tower,20,14,39,26,99,0,0,87,1,88,20,14,126,27,187,52,0,52,239
06/15/2011,MFE,TX,ASW,CE,Federal Contract Tower,20,7,33,13,73,0,0,78,0,78,20,7,111,13,151,30,0,30,181
06/16/2011,MFE,TX,ASW,CE,Federal Contract Tower,20,9,35,18,82,0,0,73,2,75,20,9,108,20,157,20,0,20,177
06/17/2011,MFE,TX,ASW,CE,Federal Contract Tower,20,21,38,16,95,0,0,60,0,60,20,21,98,16,155,0,0,0,155
06/18/2011,MFE,TX,ASW,CE,Federal Contract Tower,22,4,14,4,44,0,0,58,0,58,22,4,72,4,102,0,0,0,102
06/19/2011,MFE,TX,ASW,CE,Federal Contract Tower,24,5,19,3,51,0,0,34,0,34,24,5,53,3,85,0,0,0,85
06/20/2011,MFE,TX,ASW,CE,Federal Contract Tower,18,5,35,12,70,0,0,83,0,83,18,5,118,12,153,14,0,14,167
06/21/2011,MFE,TX,ASW,CE,Federal Contract Tower,22,7,34,13,76,0,0,81,0,81,22,7,115,13,157,64,0,64,221
06/22/2011,MFE,TX,ASW,CE,Federal Contract Tower,21,12,38,0,71,0,0,38,0,38,21,12,76,0,109,26,0,26,135
06/23/2011,MFE,TX,ASW,CE,Federal Contract Tower,23,10,49,0,82,0,0,20,0,20,23,10,69,0,102,0,0,0,102
06/24/2011,MFE,TX,ASW,CE,Federal Contract Tower,28,11,49,4,92,0,0,56,0,56,28,11,105,4,148,48,0,48,196
06/25/2011,MFE,TX,ASW,CE,Federal Contract Tower,23,3,29,5,60,0,0,52,0,52,23,3,81,5,112,44,0,44,156
06/26/2011,MFE,TX,ASW,CE,Federal Contract Tower,25,5,31,0,61,0,0,41,0,41,25,5,72,0,102,0,0,0,102
06/27/2011,MFE,TX,ASW,CE,Federal Contract Tower,19,11,55,33,118,0,0,58,0,58,19,11,113,33,176,30,0,30,206
06/28/2011,MFE,TX,ASW,CE,Federal Contract Tower,28,14,37,20,99,0,0,94,0,94,28,14,131,20,193,50,12,62,255
06/29/2011,MFE,TX,ASW,CE,Federal Contract Tower,20,10,35,6,71,0,0,62,0,62,20,10,97,6,133,0,0,0,133
06/30/2011,MFE,TX,ASW,CE,Federal Contract Tower,21,10,23,0,54,0,0,5,0,5,21,10,28,0,59,0,0,0,59
07/01/2011,MFE,TX,ASW,CE,Federal Contract Tower,24,13,36,4,77,0,0,35,0,35,24,13,71,4,112,84,0,84,196
07/02/2011,MFE,TX,ASW,CE,Federal Contract Tower,17,11,26,0,54,0,0,35,0,35,17,11,61,0,89,14,0,14,103
07/03/2011,MFE,TX,ASW,CE,Federal Contract Tower,19,2,19,0,40,0,0,34,0,34,19,2,53,0,74,2,0,2,76
07/04/2011,MFE,TX,ASW,CE,Federal Contract Tower,19,6,18,0,43,0,0,59,0,59,19,6,77,0,102,0,0,0,102
07/05/2011,MFE,TX,ASW,CE,Federal Contract Tower,25,10,38,38,111,0,0,94,0,94,25,10,132,38,205,24,0,24,229
07/06/2011,MFE,TX,ASW,CE,Federal Contract Tower,22,10,42,34,108,0,0,81,0,81,22,10,123,34,189,42,0,42,231
07/07/2011,MFE,TX,ASW,CE,Federal Contract Tower,25,13,50,6,94,0,0,81,0,81,25,13,131,6,175,46,0,46,221
07/08/2011,MFE,TX,ASW,CE,Federal Contract Tower,25,11,39,22,97,0,0,67,2,69,25,11,106,24,166,32,0,32,198
07/09/2011,MFE,TX,ASW,CE,Federal Contract Tower,18,8,26,10,62,0,0,65,0,65,18,8,91,10,127,88,0,88,215
07/10/2011,MFE,TX,ASW,CE,Federal Contract Tower,20,7,21,2,50,0,0,39,0,39,20,7,60,2,89,6,0,6,95
07/11/2011,MFE,TX,ASW,CE,Federal Contract Tower,23,7,33,21,84,0,0,74,2,76,23,7,107,23,160,82,0,82,242
07/12/2011,MFE,TX,ASW,CE,Federal Contract Tower,25,6,47,22,100,0,1,89,0,90,25,7,136,22,190,68,0,68,258
07/13/2011,MFE,TX,ASW,CE,Federal Contract Tower,26,11,36,27,100,0,0,83,0,83,26,11,119,27,183,106,0,106,289
07/14/2011,MFE,TX,ASW,CE,Federal Contract Tower,27,7,46,22,102,0,0,76,4,80,27,7,122,26,182,42,0,42,224
07/15/2011,MFE,TX,ASW,CE,Federal Contract Tower,25,7,37,14,83,0,0,90,0,90,25,7,127,14,173,30,0,30,203
07/16/2011,MFE,TX,ASW,CE,Federal Contract Tower,21,5,51,0,77,0,0,49,0,49,21,5,100,0,126,0,0,0,126
07/17/2011,MFE,TX,ASW,CE,Federal Contract Tower,24,4,26,2,56,0,0,53,0,53,24,4,79,2,109,10,0,10,119
07/18/2011,MFE,TX,ASW,CE,Federal Contract Tower,21,12,45,18,96,0,0,51,0,51,21,12,96,18,147,48,0,48,195
07/19/2011,MFE,TX,ASW,CE,Federal Contract Tower,28,6,50,24,108,0,0,69,0,69,28,6,119,24,177,32,0,32,209
07/20/2011,MFE,TX,ASW,CE,Federal Contract Tower,25,8,37,4,74,0,0,72,0,72,25,8,109,4,146,53,0,53,199
07/21/2011,MFE,TX,ASW,CE,Federal Contract Tower,28,12,54,8,102,0,0,80,0,80,28,12,134,8,182,38,0,38,220
07/22/2011,MFE,TX,ASW,CE,Federal Contract Tower,26,8,52,12,98,0,0,60,0,60,26,8,112,12,158,16,0,16,174
07/23/2011,MFE,TX,ASW,CE,Federal Contract Tower,19,8,29,10,66,0,0,59,0,59,19,8,88,10,125,20,0,20,145
07/24/2011,MFE,TX,ASW,CE,Federal Contract Tower,28,2,29,12,71,0,0,52,0,52,28,2,81,12,123,4,0,4,127
07/25/2011,MFE,TX,ASW,CE,Federal Contract Tower,22,6,42,21,91,0,0,66,0,66,22,6,108,21,157,16,0,16,173
07/26/2011,MFE,TX,ASW,CE,Federal Contract Tower,22,9,28,26,85,0,0,71,0,71,22,9,99,26,156,18,0,18,174
07/27/2011,MFE,TX,ASW,CE,Federal Contract Tower,19,10,32,30,91,0,0,90,0,90,19,10,122,30,181,62,0,62,243
07/28/2011,MFE,TX,ASW,CE,Federal Contract Tower,23,8,44,25,100,0,0,93,0,93,23,8,137,25,193,64,0,64,257
07/29/2011,MFE,TX,ASW,CE,Federal Contract Tower,21,9,27,4,61,0,0,75,0,75,21,9,102,4,136,34,0,34,170
07/30/2011,MFE,TX,ASW,CE,Federal Contract Tower,21,10,22,0,53,0,0,34,0,34,21,10,56,0,87,40,0,40,127
07/31/2011,MFE,TX,ASW,CE,Federal Contract Tower,24,3,31,0,58,0,0,50,0,50,24,3,81,0,108,4,0,4,112
08/01/2011,MFE,TX,ASW,CE,Federal Contract Tower,21,9,35,29,94,0,0,98,0,98,21,9,133,29,192,14,0,14,206
08/02/2011,MFE,TX,ASW,CE,Federal Contract Tower,24,10,36,16,86,0,0,71,2,73,24,10,107,18,159,0,106,106,265
08/03/2011,MFE,TX,ASW,CE,Federal Contract Tower,22,8,25,41,96,0,0,78,0,78,22,8,103,41,174,76,0,76,250
08/04/2011,MFE,TX,ASW,CE,Federal Contract Tower,23,11,29,44,107,0,0,84,0,84,23,11,113,44,191,72,0,72,263
08/05/2011,MFE,TX,ASW,CE,Federal Contract Tower,23,12,41,6,82,0,0,71,4,75,23,12,112,10,157,70,0,70,227
08/06/2011,MFE,TX,ASW,CE,Federal Contract Tower,18,6,18,0,42,0,0,44,0,44,18,6,62,0,86,26,0,26,112
08/07/2011,MFE,TX,ASW,CE,Federal Contract Tower,18,10,19,1,48,0,0,35,5,40,18,10,54,6,88,6,34,40,128
08/08/2011,MFE,TX,ASW,CE,Federal Contract Tower,21,12,65,53,151,0,0,54,2,56,21,12,119,55,207,12,0,12,219
08/09/2011,MFE,TX,ASW,CE,Federal Contract Tower,20,12,44,29,105,0,0,73,0,73,20,12,117,29,178,4,1,5,183
08/10/2011,MFE,TX,ASW,CE,Federal Contract Tower,23,10,37,23,93,0,0,60,1,61,23,10,97,24,154,34,10,44,198
08/11/2011,MFE,TX,ASW,CE,Federal Contract Tower,24,13,35,32,104,0,0,61,1,62,24,13,96,33,166,10,0,10,176
08/12/2011,MFE,TX,ASW,CE,Federal Contract Tower,29,8,49,2,88,0,0,58,0,58,29,8,107,2,146,24,0,24,170
08/13/2011,MFE,TX,ASW,CE,Federal Contract Tower,16,10,27,16,69,0,0,58,0,58,16,10,85,16,127,40,0,40,167
08/14/2011,MFE,TX,ASW,CE,Federal Contract Tower,16,7,17,2,42,0,0,64,0,64,16,7,81,2,106,0,0,0,106
08/15/2011,MFE,TX,ASW,CE,Federal Contract Tower,22,9,23,40,94,0,0,68,0,68,22,9,91,40,162,20,0,20,182
08/16/2011,MFE,TX,ASW,CE,Federal Contract Tower,24,5,28,48,105,0,0,69,0,69,24,5,97,48,174,38,0,38,212
08/17/2011,MFE,TX,ASW,CE,Federal Contract Tower,23,9,51,19,102,0,0,74,0,74,23,9,125,19,176,62,0,62,238
08/18/2011,MFE,TX,ASW,CE,Federal Contract Tower,24,4,57,43,128,0,0,93,1,94,24,4,150,44,222,82,62,144,366
08/19/2011,MFE,TX,ASW,CE,Federal Contract Tower,24,5,48,7,84,0,1,68,0,69,24,6,116,7,153,24,0,24,177
08/20/2011,MFE,TX,ASW,CE,Federal Contract Tower,16,8,25,0,49,0,0,73,0,73,16,8,98,0,122,30,0,30,152
08/21/2011,MFE,TX,ASW,CE,Federal Contract Tower,25,1,20,4,50,0,0,38,0,38,25,1,58,4,88,2,0,2,90
08/22/2011,MFE,TX,ASW,CE,Federal Contract Tower,27,12,35,28,102,0,0,49,0,49,27,12,84,28,151,66,0,66,217
08/23/2011,MFE,TX,ASW,CE,Federal Contract Tower,24,7,35,18,84,0,0,50,0,50,24,7,85,18,134,84,0,84,218
08/24/2011,MFE,TX,ASW,CE,Federal Contract Tower,23,6,32,10,71,0,0,64,0,64,23,6,96,10,135,48,8,56,191
08/25/2011,MFE,TX,ASW,CE,Federal Contract Tower,24,9,25,1,59,0,0,59,0,59,24,9,84,1,118,60,0,60,178
08/26/2011,MFE,TX,ASW,CE,Federal Contract Tower,32,5,32,14,83,0,0,56,0,56,32,5,88,14,139,14,0,14,153
08/27/2011,MFE,TX,ASW,CE,Federal Contract Tower,18,4,15,0,37,0,0,52,1,53,18,4,67,1,90,20,0,20,110
08/28/2011,MFE,TX,ASW,CE,Federal Contract Tower,23,2,29,12,66,0,0,35,0,35,23,2,64,12,101,0,0,0,101
08/29/2011,MFE,TX,ASW,CE,Federal Contract Tower,22,4,34,38,98,0,0,66,0,66,22,4,100,38,164,16,14,30,194
08/30/2011,MFE,TX,ASW,CE,Federal Contract Tower,23,6,40,26,95,0,0,73,0,73,23,6,113,26,168,70,0,70,238
08/31/2011,MFE,TX,ASW,CE,Federal Contract Tower,21,7,29,14,71,0,0,47,0,47,21,7,76,14,118,60,0,60,178
09/01/2011,MFE,TX,ASW,CE,Federal Contract Tower,23,4,46,6,79,0,0,64,0,64,23,4,110,6,143,46,0,46,189
09/02/2011,MFE,TX,ASW,CE,Federal Contract Tower,28,10,35,4,77,0,0,46,0,46,28,10,81,4,123,0,0,0,123
09/03/2011,MFE,TX,ASW,CE,Federal Contract Tower,17,2,17,0,36,0,0,64,0,64,17,2,81,0,100,8,0,8,108
09/04/2011,MFE,TX,ASW,CE,Federal Contract Tower,16,4,23,0,43,0,0,59,0,59,16,4,82,0,102,0,0,0,102
09/05/2011,MFE,TX,ASW,CE,Federal Contract Tower,25,6,32,0,63,0,0,60,0,60,25,6,92,0,123,28,0,28,151
09/06/2011,MFE,TX,ASW,CE,Federal Contract Tower,26,5,32,28,91,0,0,64,0,64,26,5,96,28,155,48,0,48,203
09/07/2011,MFE,TX,ASW,CE,Federal Contract Tower,18,11,36,29,94,0,0,92,0,92,18,11,128,29,186,10,0,10,196
09/08/2011,MFE,TX,ASW,CE,Federal Contract Tower,20,13,40,36,109,0,0,75,2,77,20,13,115,38,186,40,0,40,226
09/09/2011,MFE,TX,ASW,CE,Federal Contract Tower,24,8,46,16,94,0,0,59,0,59,24,8,105,16,153,22,0,22,175
09/10/2011,MFE,TX,ASW,CE,Federal Contract Tower,20,4,22,2,48,0,0,80,0,80,20,4,102,2,128,12,0,12,140
09/11/2011,MFE,TX,ASW,CE,Federal Contract Tower,25,6,21,12,64,0,1,38,2,41,25,7,59,14,105,0,0,0,105
09/12/2011,MFE,TX,ASW,CE,Federal Contract Tower,26,8,31,26,91,0,0,74,0,74,26,8,105,26,165,16,0,16,181
09/13/2011,MFE,TX,ASW,CE,Federal Contract Tower,20,18,35,17,90,0,0,40,0,40,20,18,75,17,130,48,0,48,178
09/14/2011,MFE,TX,ASW,CE,Federal Contract Tower,17,7,32,13,69,0,0,68,0,68,17,7,100,13,137,12,0,12,149
09/15/2011,MFE,TX,ASW,CE,Federal Contract Tower,29,5,42,19,95,0,0,89,0,89,29,5,131,19,184,58,4,62,246
09/16/2011,MFE,TX,ASW,CE,Federal Contract Tower,25,7,44,6,82,0,0,62,0,62,25,7,106,6,144,4,0,4,148
09/17/2011,MFE,TX,ASW,CE,Federal Contract Tower,16,1,15,4,36,0,0,48,0,48,16,1,63,4,84,44,0,44,128
09/18/2011,MFE,TX,ASW,CE,Federal Contract Tower,24,2,31,4,61,0,0,48,0,48,24,2,79,4,109,6,0,6,115
09/19/2011,MFE,TX,ASW,CE,Federal Contract Tower,24,11,41,30,106,0,0,72,0,72,24,11,113,30,178,38,0,38,216
09/20/2011,MFE,TX,ASW,CE,Federal Contract Tower,21,14,39,8,82,0,0,97,0,97,21,14,136,8,179,44,0,44,223
09/21/2011,MFE,TX,ASW,CE,Federal Contract Tower,21,6,29,20,76,0,0,79,0,79,21,6,108,20,155,82,0,82,237
09/22/2011,MFE,TX,ASW,CE,Federal Contract Tower,24,8,40,26,98,0,0,77,1,78,24,8,117,27,176,54,8,62,238
09/23/2011,MFE,TX,ASW,CE,Federal Contract Tower,27,7,37,0,71,0,1,75,0,76,27,8,112,0,147,38,0,38,185
09/24/2011,MFE,TX,ASW,CE,Federal Contract Tower,19,6,12,2,39,0,0,63,0,63,19,6,75,2,102,20,0,20,122
09/25/2011,MFE,TX,ASW,CE,Federal Contract Tower,20,4,26,4,54,0,0,36,0,36,20,4,62,4,90,0,0,0,90
09/26/2011,MFE,TX,ASW,CE,Federal Contract Tower,25,8,42,26,101,0,0,52,0,52,25,8,94,26,153,20,0,20,173
09/27/2011,MFE,TX,ASW,CE,Federal Contract Tower,23,8,38,57,126,0,0,57,0,57,23,8,95,57,183,72,0,72,255
09/28/2011,MFE,TX,ASW,CE,Federal Contract Tower,20,9,41,46,116,0,0,67,0,67,20,9,108,46,183,46,0,46,229
09/29/2011,MFE,TX,ASW,CE,Federal Contract Tower,26,6,49,2,83,0,0,60,0,60,26,6,109,2,143,60,0,60,203
09/30/2011,MFE,TX,ASW,CE,Federal Contract Tower,28,5,45,2,80,0,0,79,0,79,28,5,124,2,159,28,0,28,187
10/01/2011,MFE,TX,ASW,CE,Federal Contract Tower,17,4,16,0,37,4,0,39,0,43,21,4,55,0,80,120,0,120,200
10/02/2011,MFE,TX,ASW,CE,Federal Contract Tower,23,7,31,5,66,0,0,50,1,51,23,7,81,6,117,0,0,0,117
10/03/2011,MFE,TX,ASW,CE,Federal Contract Tower,24,10,32,32,98,0,0,42,0,42,24,10,74,32,140,16,8,24,164
10/04/2011,MFE,TX,ASW,CE,Federal Contract Tower,23,5,26,52,106,0,0,69,0,69,23,5,95,52,175,40,0,40,215
10/05/2011,MFE,TX,ASW,CE,Federal Contract Tower,23,3,43,28,97,0,0,62,3,65,23,3,105,31,162,22,0,22,184
10/06/2011,MFE,TX,ASW,CE,Federal Contract Tower,27,6,38,20,91,0,0,67,0,67,27,6,105,20,158,64,0,64,222
10/07/2011,MFE,TX,ASW,CE,Federal Contract Tower,28,11,31,0,70,0,1,66,0,67,28,12,97,0,137,22,0,22,159
10/08/2011,MFE,TX,ASW,CE,Federal Contract Tower,20,2,16,0,38,0,0,47,0,47,20,2,63,0,85,56,0,56,141
10/09/2011,MFE,TX,ASW,CE,Federal Contract Tower,19,10,24,0,53,0,0,33,0,33,19,10,57,0,86,2,0,2,88
10/10/2011,MFE,TX,ASW,CE,Federal Contract Tower,26,11,65,0,102,0,0,23,0,23,26,11,88,0,125,34,0,34,159
10/11/2011,MFE,TX,ASW,CE,Federal Contract Tower,23,6,42,6,77,0,0,60,0,60,23,6,102,6,137,54,0,54,191
10/12/2011,MFE,TX,ASW,CE,Federal Contract Tower,20,9,40,24,93,0,0,67,0,67,20,9,107,24,160,40,0,40,200
10/13/2011,MFE,TX,ASW,CE,Federal Contract Tower,25,8,63,28,124,0,0,78,0,78,25,8,141,28,202,52,0,52,254
10/14/2011,MFE,TX,ASW,CE,Federal Contract Tower,25,16,50,29,120,0,0,86,0,86,25,16,136,29,206,8,0,8,214
10/15/2011,MFE,TX,ASW,CE,Federal Contract Tower,20,4,20,10,54,0,0,70,0,70,20,4,90,10,124,48,0,48,172
10/16/2011,MFE,TX,ASW,CE,Federal Contract Tower,23,6,27,6,62,0,0,67,0,67,23,6,94,6,129,0,0,0,129
10/17/2011,MFE,TX,ASW,CE,Federal Contract Tower,23,8,40,26,97,0,0,57,0,57,23,8,97,26,154,6,0,6,160
10/18/2011,MFE,TX,ASW,CE,Federal Contract Tower,22,12,40,16,90,0,0,49,0,49,22,12,89,16,139,42,0,42,181
10/19/2011,MFE,TX,ASW,CE,Federal Contract Tower,23,11,39,18,91,0,0,82,0,82,23,11,121,18,173,26,0,26,199
10/20/2011,MFE,TX,ASW,CE,Federal Contract Tower,24,9,57,15,105,0,0,85,0,85,24,9,142,15,190,48,0,48,238
10/21/2011,MFE,TX,ASW,CE,Federal Contract Tower,25,16,44,2,87,0,0,68,2,70,25,16,112,4,157,0,0,0,157
10/22/2011,MFE,TX,ASW,CE,Federal Contract Tower,20,5,24,0,49,0,0,71,0,71,20,5,95,0,120,46,0,46,166
10/23/2011,MFE,TX,ASW,CE,Federal Contract Tower,20,3,36,0,59,0,0,52,0,52,20,3,88,0,111,0,0,0,111
10/24/2011,MFE,TX,ASW,CE,Federal Contract Tower,24,3,37,22,86,0,0,69,0,69,24,3,106,22,155,46,8,54,209
10/25/2011,MFE,TX,ASW,CE,Federal Contract Tower,23,4,42,13,82,0,3,84,0,87,23,7,126,13,169,80,0,80,249
10/26/2011,MFE,TX,ASW,CE,Federal Contract Tower,23,8,41,14,86,0,0,67,0,67,23,8,108,14,153,14,0,14,167
10/27/2011,MFE,TX,ASW,CE,Federal Contract Tower,27,5,32,18,82,0,0,89,4,93,27,5,121,22,175,48,0,48,223
10/28/2011,MFE,TX,ASW,CE,Federal Contract Tower,27,6,65,0,98,0,0,58,0,58,27,6,123,0,156,20,0,20,176
10/29/2011,MFE,TX,ASW,CE,Federal Contract Tower,20,2,26,0,48,0,0,52,0,52,20,2,78,0,100,6,0,6,106
10/30/2011,MFE,TX,ASW,CE,Federal Contract Tower,23,11,31,0,65,0,0,42,0,42,23,11,73,0,107,0,0,0,107
10/31/2011,MFE,TX,ASW,CE,Federal Contract Tower,24,6,45,23,98,0,0,79,0,79,24,6,124,23,177,52,0,52,229
11/01/2011,MFE,TX,ASW,CE,Federal Contract Tower,18,12,27,15,72,0,0,77,0,77,18,12,104,15,149,56,0,56,205
11/02/2011,MFE,TX,ASW,CE,Federal Contract Tower,21,10,48,6,85,0,0,84,0,84,21,10,132,6,169,58,0,58,227
11/03/2011,MFE,TX,ASW,CE,Federal Contract Tower,24,5,36,20,85,0,0,67,0,67,24,5,103,20,152,38,0,38,190
11/04/2011,MFE,TX,ASW,CE,Federal Contract Tower,26,7,34,2,69,0,0,97,0,97,26,7,131,2,166,22,0,22,188
11/05/2011,MFE,TX,ASW,CE,Federal Contract Tower,20,4,18,3,45,0,0,64,0,64,20,4,82,3,109,54,0,54,163
11/06/2011,MFE,TX,ASW,CE,Federal Contract Tower,26,0,17,6,49,0,3,29,0,32,26,3,46,6,81,0,0,0,81
11/07/2011,MFE,TX,ASW,CE,Federal Contract Tower,26,7,41,30,104,0,1,67,0,68,26,8,108,30,172,0,0,0,172
11/08/2011,MFE,TX,ASW,CE,Federal Contract Tower,22,9,36,25,92,0,4,75,1,80,22,13,111,26,172,40,0,40,212
11/09/2011,MFE,TX,ASW,CE,Federal Contract Tower,23,13,36,38,110,0,0,61,0,61,23,13,97,38,171,28,40,68,239
11/10/2011,MFE,TX,ASW,CE,Federal Contract Tower,27,8,47,28,110,0,0,80,0,80,27,8,127,28,190,40,0,40,230
11/11/2011,MFE,TX,ASW,CE,Federal Contract Tower,26,4,51,0,81,0,0,93,0,93,26,4,144,0,174,38,0,38,212
11/12/2011,MFE,TX,ASW,CE,Federal Contract Tower,20,2,15,0,37,0,0,45,0,45,20,2,60,0,82,44,0,44,126
11/13/2011,MFE,TX,ASW,CE,Federal Contract Tower,24,0,33,0,57,0,0,50,0,50,24,0,83,0,107,0,0,0,107
11/14/2011,MFE,TX,ASW,CE,Federal Contract Tower,27,3,66,22,118,0,0,49,0,49,27,3,115,22,167,4,0,4,171
11/15/2011,MFE,TX,ASW,CE,Federal Contract Tower,16,9,33,44,102,0,0,75,0,75,16,9,108,44,177,0,8,8,185
11/16/2011,MFE,TX,ASW,CE,Federal Contract Tower,23,10,48,37,118,0,0,95,1,96,23,10,143,38,214,66,0,66,280
11/17/2011,MFE,TX,ASW,CE,Federal Contract Tower,24,7,39,22,92,0,0,87,2,89,24,7,126,24,181,60,0,60,241
11/18/2011,MFE,TX,ASW,CE,Federal Contract Tower,24,14,64,0,102,0,0,80,0,80,24,14,144,0,182,46,0,46,228
11/19/2011,MFE,TX,ASW,CE,Federal Contract Tower,18,4,33,2,57,0,0,61,0,61,18,4,94,2,118,50,0,50,168
11/20/2011,MFE,TX,ASW,CE,Federal Contract Tower,14,12,25,0,51,0,0,25,0,25,14,12,50,0,76,0,0,0,76
11/21/2011,MFE,TX,ASW,CE,Federal Contract Tower,21,11,51,17,100,0,0,59,0,59,21,11,110,17,159,0,0,0,159
11/22/2011,MFE,TX,ASW,CE,Federal Contract Tower,18,11,36,40,105,0,0,68,0,68,18,11,104,40,173,68,0,68,241
11/23/2011,MFE,TX,ASW,CE,Federal Contract Tower,24,18,48,2,92,0,0,65,0,65,24,18,113,2,157,58,0,58,215
11/24/2011,MFE,TX,ASW,CE,Federal Contract Tower,12,2,25,0,39,0,0,39,1,40,12,2,64,1,79,24,0,24,103
11/25/2011,MFE,TX,ASW,CE,Federal Contract Tower,18,3,35,0,56,0,0,41,0,41,18,3,76,0,97,12,0,12,109
11/26/2011,MFE,TX,ASW,CE,Federal Contract Tower,22,3,31,0,56,0,0,43,0,43,22,3,74,0,99,44,0,44,143
11/27/2011,MFE,TX,ASW,CE,Federal Contract Tower,20,7,46,0,73,0,0,50,0,50,20,7,96,0,123,0,0,0,123
11/28/2011,MFE,TX,ASW,CE,Federal Contract Tower,23,8,45,30,106,0,0,67,0,67,23,8,112,30,173,54,4,58,231
11/29/2011,MFE,TX,ASW,CE,Federal Contract Tower,17,16,40,36,109,0,0,78,0,78,17,16,118,36,187,74,2,76,263
11/30/2011,MFE,TX,ASW,CE,Federal Contract Tower,20,5,36,25,86,0,0,77,0,77,20,5,113,25,163,62,0,62,225
12/01/2011,MFE,TX,ASW,CE,Federal Contract Tower,24,3,57,47,131,0,0,48,1,49,24,3,105,48,180,22,0,22,202
12/02/2011,MFE,TX,ASW,CE,Federal Contract Tower,27,13,43,13,96,0,0,53,0,53,27,13,96,13,149,12,8,20,169
12/03/2011,MFE,TX,ASW,CE,Federal Contract Tower,14,4,16,0,34,0,0,33,0,33,14,4,49,0,67,0,0,0,67
12/04/2011,MFE,TX,ASW,CE,Federal Contract Tower,20,11,19,8,58,0,0,29,3,32,20,11,48,11,90,0,0,0,90
12/05/2011,MFE,TX,ASW,CE,Federal Contract Tower,23,15,52,58,148,0,0,47,0,47,23,15,99,58,195,28,0,28,223
12/06/2011,MFE,TX,ASW,CE,Federal Contract Tower,19,8,45,37,109,0,0,45,0,45,19,8,90,37,154,80,0,80,234
12/07/2011,MFE,TX,ASW,CE,Federal Contract Tower,20,11,41,34,106,0,0,75,1,76,20,11,116,35,182,74,10,84,266
12/08/2011,MFE,TX,ASW,CE,Federal Contract Tower,24,5,62,28,119,0,0,98,0,98,24,5,160,28,217,32,0,32,249
12/09/2011,MFE,TX,ASW,CE,Federal Contract Tower,27,8,52,10,97,0,0,85,0,85,27,8,137,10,182,34,14,48,230
12/10/2011,MFE,TX,ASW,CE,Federal Contract Tower,15,5,31,0,51,0,0,0,0,0,15,5,31,0,51,6,0,6,57
12/11/2011,MFE,TX,ASW,CE,Federal Contract Tower,21,5,29,0,55,0,0,0,0,0,21,5,29,0,55,0,0,0,55
12/12/2011,MFE,TX,ASW,CE,Federal Contract Tower,22,16,61,18,117,0,0,8,0,8,22,16,69,18,125,0,0,0,125
12/13/2011,MFE,TX,ASW,CE,Federal Contract Tower,22,15,76,80,193,0,0,36,2,38,22,15,112,82,231,62,0,62,293
12/14/2011,MFE,TX,ASW,CE,Federal Contract Tower,18,19,49,39,125,0,0,59,9,68,18,19,108,48,193,40,0,40,233
12/15/2011,MFE,TX,ASW,CE,Federal Contract Tower,24,9,67,30,130,0,0,40,0,40,24,9,107,30,170,6,0,6,176
12/16/2011,MFE,TX,ASW,CE,Federal Contract Tower,30,11,85,6,132,0,0,1,0,1,30,11,86,6,133,0,0,0,133
12/17/2011,MFE,TX,ASW,CE,Federal Contract Tower,19,2,44,12,77,0,0,0,0,0,19,2,44,12,77,0,0,0,77
12/18/2011,MFE,TX,ASW,CE,Federal Contract Tower,18,11,61,2,92,0,0,16,0,16,18,11,77,2,108,24,0,24,132
12/19/2011,MFE,TX,ASW,CE,Federal Contract Tower,22,9,48,18,97,0,0,52,0,52,22,9,100,18,149,0,0,0,149
12/20/2011,MFE,TX,ASW,CE,Federal Contract Tower,16,13,55,42,126,0,0,69,0,69,16,13,124,42,195,30,0,30,225
12/21/2011,MFE,TX,ASW,CE,Federal Contract Tower,26,12,55,13,106,0,1,56,0,57,26,13,111,13,163,58,0,58,221
12/22/2011,MFE,TX,ASW,CE,Federal Contract Tower,27,8,71,7,113,0,0,77,0,77,27,8,148,7,190,48,0,48,238
12/23/2011,MFE,TX,ASW,CE,Federal Contract Tower,27,12,52,4,95,0,0,28,0,28,27,12,80,4,123,26,0,26,149
12/24/2011,MFE,TX,ASW,CE,Federal Contract Tower,14,3,11,0,28,0,0,0,0,0,14,3,11,0,28,0,0,0,28
12/25/2011,MFE,TX,ASW,CE,Federal Contract Tower,12,8,14,0,34,0,0,20,0,20,12,8,34,0,54,0,0,0,54
12/26/2011,MFE,TX,ASW,CE,Federal Contract Tower,17,15,34,0,66,0,1,58,0,59,17,16,92,0,125,36,0,36,161
12/27/2011,MFE,TX,ASW,CE,Federal Contract Tower,23,6,61,0,90,0,0,87,0,87,23,6,148,0,177,52,0,52,229
12/28/2011,MFE,TX,ASW,CE,Federal Contract Tower,26,5,45,4,80,0,6,87,0,93,26,11,132,4,173,68,0,68,241
12/29/2011,MFE,TX,ASW,CE,Federal Contract Tower,24,2,37,0,63,0,3,77,0,80,24,5,114,0,143,62,0,62,205
12/30/2011,MFE,TX,ASW,CE,Federal Contract Tower,28,9,37,0,74,0,0,75,0,75,28,9,112,0,149,46,0,46,195
12/31/2011,MFE,TX,ASW,CE,Federal Contract Tower,16,8,16,0,40,0,0,27,0,27,16,8,43,0,67,2,0,2,69
01/01/2012,MFE,TX,ASW,CE,Federal Contract Tower,13,7,16,0,36,0,0,12,0,12,13,7,28,0,48,2,0,2,50
01/02/2012,MFE,TX,ASW,CE,Federal Contract Tower,20,11,28,0,59,0,0,59,0,59,20,11,87,0,118,50,0,50,168
01/03/2012,MFE,TX,ASW,CE,Federal Contract Tower,20,8,52,7,87,0,1,66,0,67,20,9,118,7,154,42,0,42,196
01/04/2012,MFE,TX,ASW,CE,Federal Contract Tower,19,2,39,22,82,0,0,52,0,52,19,2,91,22,134,88,0,88,222
01/05/2012,MFE,TX,ASW,CE,Federal Contract Tower,24,6,52,37,119,0,0,59,0,59,24,6,111,37,178,38,0,38,216
01/06/2012,MFE,TX,ASW,CE,Federal Contract Tower,26,9,41,24,100,0,0,65,0,65,26,9,106,24,165,16,0,16,181
01/07/2012,MFE,TX,ASW,CE,Federal Contract Tower,19,5,29,17,70,0,0,74,0,74,19,5,103,17,144,24,1,25,169
01/08/2012,MFE,TX,ASW,CE,Federal Contract Tower,21,3,27,2,53,0,0,43,0,43,21,3,70,2,96,0,0,0,96
01/09/2012,MFE,TX,ASW,CE,Federal Contract Tower,23,12,35,78,148,0,0,50,2,52,23,12,85,80,200,12,10,22,222
01/10/2012,MFE,TX,ASW,CE,Federal Contract Tower,15,6,45,14,80,0,2,69,0,71,15,8,114,14,151,34,0,34,185
01/11/2012,MFE,TX,ASW,CE,Federal Contract Tower,20,4,36,3,63,0,0,104,0,104,20,4,140,3,167,88,0,88,255
01/12/2012,MFE,TX,ASW,CE,Federal Contract Tower,24,7,47,28,106,0,0,68,0,68,24,7,115,28,174,12,0,12,186
01/13/2012,MFE,TX,ASW,CE,Federal Contract Tower,22,8,49,16,95,0,0,81,0,81,22,8,130,16,176,12,0,12,188
01/14/2012,MFE,TX,ASW,CE,Federal Contract Tower,18,5,27,4,54,0,0,71,0,71,18,5,98,4,125,42,0,42,167
01/15/2012,MFE,TX,ASW,CE,Federal Contract Tower,20,5,33,0,58,0,0,23,0,23,20,5,56,0,81,6,0,6,87
01/16/2012,MFE,TX,ASW,CE,Federal Contract Tower,20,13,40,0,73,0,0,75,0,75,20,13,115,0,148,6,0,6,154
01/17/2012,MFE,TX,ASW,CE,Federal Contract Tower,19,8,36,18,81,0,0,75,0,75,19,8,111,18,156,55,0,55,211
01/18/2012,MFE,TX,ASW,CE,Federal Contract Tower,22,2,44,24,92,0,0,62,0,62,22,2,106,24,154,68,8,76,230
01/19/2012,MFE,TX,ASW,CE,Federal Contract Tower,24,3,64,44,135,0,0,69,0,69,24,3,133,44,204,4,0,4,208
01/20/2012,MFE,TX,ASW,CE,Federal Contract Tower,23,15,51,6,95,0,2,44,0,46,23,17,95,6,141,30,0,30,171
01/21/2012,MFE,TX,ASW,CE,Federal Contract Tower,18,3,25,1,47,0,0,45,0,45,18,3,70,1,92,60,0,60,152
01/22/2012,MFE,TX,ASW,CE,Federal Contract Tower,18,14,27,0,59,0,0,37,0,37,18,14,64,0,96,0,2,2,98
01/23/2012,MFE,TX,ASW,CE,Federal Contract Tower,21,14,49,46,130,0,0,40,0,40,21,14,89,46,170,0,0,0,170
01/24/2012,MFE,TX,ASW,CE,Federal Contract Tower,19,9,55,35,118,0,0,31,0,31,19,9,86,35,149,12,0,12,161
01/25/2012,MFE,TX,ASW,CE,Federal Contract Tower,16,3,46,27,92,0,1,71,1,73,16,4,117,28,165,14,0,14,179
01/26/2012,MFE,TX,ASW,CE,Federal Contract Tower,26,9,36,16,87,0,0,88,0,88,26,9,124,16,175,48,0,48,223
01/27/2012,MFE,TX,ASW,CE,Federal Contract Tower,23,8,38,14,83,0,3,94,1,98,23,11,132,15,181,34,10,44,225
01/28/2012,MFE,TX,ASW,CE,Federal Contract Tower,19,5,11,18,53,0,0,54,0,54,19,5,65,18,107,14,0,14,121
01/29/2012,MFE,TX,ASW,CE,Federal Contract Tower,18,6,30,4,58,0,0,32,0,32,18,6,62,4,90,40,0,40,130
01/30/2012,MFE,TX,ASW,CE,Federal Contract Tower,21,13,40,25,99,0,0,53,0,53,21,13,93,25,152,20,1,21,173
01/31/2012,MFE,TX,ASW,CE,Federal Contract Tower,20,8,49,10,87,0,0,35,0,35,20,8,84,10,122,44,0,44,166
02/01/2012,MFE,TX,ASW,CE,Federal Contract Tower,17,3,51,23,94,0,0,51,0,51,17,3,102,23,145,72,0,72,217
02/02/2012,MFE,TX,ASW,CE,Federal Contract Tower,25,5,47,18,95,0,0,56,0,56,25,5,103,18,151,46,0,46,197
02/03/2012,MFE,TX,ASW,CE,Federal Contract Tower,22,4,67,20,113,0,0,51,0,51,22,4,118,20,164,38,0,38,202
02/04/2012,MFE,TX,ASW,CE,Federal Contract Tower,22,7,42,0,71,0,0,38,0,38,22,7,80,0,109,32,0,32,141
02/05/2012,MFE,TX,ASW,CE,Federal Contract Tower,21,4,25,0,50,0,1,5,0,6,21,5,30,0,56,10,0,10,66
02/06/2012,MFE,TX,ASW,CE,Federal Contract Tower,21,12,45,42,120,0,0,50,0,50,21,12,95,42,170,28,0,28,198
02/07/2012,MFE,TX,ASW,CE,Federal Contract Tower,19,11,67,32,129,0,0,48,0,48,19,11,115,32,177,32,0,32,209
02/08/2012,MFE,TX,ASW,CE,Federal Contract Tower,19,15,37,8,79,0,0,21,0,21,19,15,58,8,100,0,0,0,100
02/09/2012,MFE,TX,ASW,CE,Federal Contract Tower,24,10,42,13,89,0,0,11,0,11,24,10,53,13,100,4,0,4,104
02/10/2012,MFE,TX,ASW,CE,Federal Contract Tower,27,12,63,13,115,0,0,24,0,24,27,12,87,13,139,10,0,10,149
02/11/2012,MFE,TX,ASW,CE,Federal Contract Tower,21,2,14,0,37,0,0,55,0,55,21,2,69,0,92,18,0,18,110
02/12/2012,MFE,TX,ASW,CE,Federal Contract Tower,26,8,21,2,57,0,0,8,0,8,26,8,29,2,65,0,0,0,65
02/13/2012,MFE,TX,ASW,CE,Federal Contract Tower,23,17,38,16,94,0,0,41,0,41,23,17,79,16,135,26,0,26,161
02/14/2012,MFE,TX,ASW,CE,Federal Contract Tower,21,10,61,18,110,0,0,62,0,62,21,10,123,18,172,14,0,14,186
02/15/2012,MFE,TX,ASW,CE,Federal Contract Tower,20,3,52,64,139,0,0,66,1,67,20,3,118,65,206,100,0,100,306
02/16/2012,MFE,TX,ASW,CE,Federal Contract Tower,20,12,41,13,86,0,0,30,0,30,20,12,71,13,116,0,0,0,116
02/17/2012,MFE,TX,ASW,CE,Federal Contract Tower,25,13,66,4,108,0,0,3,0,3,25,13,69,4,111,0,0,0,111
02/18/2012,MFE,TX,ASW,CE,Federal Contract Tower,20,4,23,2,49,0,0,31,0,31,20,4,54,2,80,0,0,0,80
02/19/2012,MFE,TX,ASW,CE,Federal Contract Tower,22,4,29,0,55,0,0,57,0,57,22,4,86,0,112,34,0,34,146
02/20/2012,MFE,TX,ASW,CE,Federal Contract Tower,22,12,30,1,65,0,1,54,0,55,22,13,84,1,120,44,0,44,164
02/21/2012,MFE,TX,ASW,CE,Federal Contract Tower,22,8,48,18,96,0,0,90,5,95,22,8,138,23,191,64,0,64,255
02/22/2012,MFE,TX,ASW,CE,Federal Contract Tower,20,4,50,21,95,0,0,66,2,68,20,4,116,23,163,76,0,76,239
02/23/2012,MFE,TX,ASW,CE,Federal Contract Tower,24,8,60,14,106,0,0,48,0,48,24,8,108,14,154,44,0,44,198
02/24/2012,MFE,TX,ASW,CE,Federal Contract Tower,25,8,41,6,80,0,0,38,0,38,25,8,79,6,118,0,0,0,118
02/25/2012,MFE,TX,ASW,CE,Federal Contract Tower,21,0,19,0,40,0,0,49,0,49,21,0,68,0,89,20,0,20,109
02/26/2012,MFE,TX,ASW,CE,Federal Contract Tower,24,3,29,4,60,0,0,46,1,47,24,3,75,5,107,14,0,14,121
02/27/2012,MFE,TX,ASW,CE,Federal Contract Tower,22,8,59,8,97,0,0,29,0,29,22,8,88,8,126,30,0,30,156
02/28/2012,MFE,TX,ASW,CE,Federal Contract Tower,22,6,46,24,98,0,2,52,0,54,22,8,98,24,152,6,30,36,188
02/29/2012,MFE,TX,ASW,CE,Federal Contract Tower,18,6,47,32,103,0,1,61,0,62,18,7,108,32,165,80,0,80,245
03/01/2012,MFE,TX,ASW,CE,Federal Contract Tower,26,3,55,39,123,0,0,72,4,76,26,3,127,43,199,32,2,34,233
03/02/2012,MFE,TX,ASW,CE,Federal Contract Tower,26,4,71,0,101,0,0,78,0,78,26,4,149,0,179,12,0,12,191
03/03/2012,MFE,TX,ASW,CE,Federal Contract Tower,20,2,35,4,61,0,0,52,0,52,20,2,87,4,113,12,0,12,125
03/04/2012,MFE,TX,ASW,CE,Federal Contract Tower,16,7,30,4,57,0,2,66,0,68,16,9,96,4,125,26,0,26,151
03/05/2012,MFE,TX,ASW,CE,Federal Contract Tower,20,12,36,18,86,0,0,63,0,63,20,12,99,18,149,62,0,62,211
03/06/2012,MFE,TX,ASW,CE,Federal Contract Tower,20,10,42,11,83,0,0,58,4,62,20,10,100,15,145,38,0,38,183
03/07/2012,MFE,TX,ASW,CE,Federal Contract Tower,18,9,55,21,103,0,0,37,0,37,18,9,92,21,140,18,0,18,158
03/08/2012,MFE,TX,ASW,CE,Federal Contract Tower,24,6,52,23,105,0,0,55,5,60,24,6,107,28,165,12,0,12,177
03/09/2012,MFE,TX,ASW,CE,Federal Contract Tower,25,8,52,26,111,0,0,6,0,6,25,8,58,26,117,0,4,4,121
03/10/2012,MFE,TX,ASW,CE,Federal Contract Tower,24,7,21,4,56,0,0,27,2,29,24,7,48,6,85,44,0,44,129
03/11/2012,MFE,TX,ASW,CE,Federal Contract Tower,20,2,25,10,57,0,0,41,0,41,20,2,66,10,98,14,0,14,112
03/12/2012,MFE,TX,ASW,CE,Federal Contract Tower,23,8,40,20,91,0,0,53,2,55,23,8,93,22,146,0,2,2,148
03/13/2012,MFE,TX,ASW,CE,Federal Contract Tower,18,11,53,23,105,0,0,64,1,65,18,11,117,24,170,18,32,50,220
03/14/2012,MFE,TX,ASW,CE,Federal Contract Tower,24,5,47,14,90,0,0,51,4,55,24,5,98,18,145,62,10,72,217
03/15/2012,MFE,TX,ASW,CE,Federal Contract Tower,22,12,71,35,140,0,1,81,7,89,22,13,152,42,229,56,0,56,285
03/16/2012,MFE,TX,ASW,CE,Federal Contract Tower,26,22,53,16,117,0,0,77,3,80,26,22,130,19,197,40,0,40,237
03/17/2012,MFE,TX,ASW,CE,Federal Contract Tower,24,5,27,4,60,0,0,45,0,45,24,5,72,4,105,2,0,2,107
03/18/2012,MFE,TX,ASW,CE,Federal Contract Tower,22,5,21,3,51,0,0,29,0,29,22,5,50,3,80,6,0,6,86
03/19/2012,MFE,TX,ASW,CE,Federal Contract Tower,20,8,37,24,89,0,0,64,8,72,20,8,101,32,161,16,10,26,187
03/20/2012,MFE,TX,ASW,CE,Federal Contract Tower,22,9,44,24,99,0,0,51,0,51,22,9,95,24,150,16,0,16,166
03/21/2012,MFE,TX,ASW,CE,Federal Contract Tower,20,10,58,23,111,0,1,92,2,95,20,11,150,25,206,28,0,28,234
03/22/2012,MFE,TX,ASW,CE,Federal Contract Tower,24,4,43,13,84,0,0,86,3,89,24,4,129,16,173,46,0,46,219
03/23/2012,MFE,TX,ASW,CE,Federal Contract Tower,25,9,50,6,90,0,3,90,4,97,25,12,140,10,187,18,0,18,205
03/24/2012,MFE,TX,ASW,CE,Federal Contract Tower,23,2,32,17,74,0,0,40,4,44,23,2,72,21,118,0,0,0,118
03/25/2012,MFE,TX,ASW,CE,Federal Contract Tower,16,13,25,2,56,0,2,41,3,46,16,15,66,5,102,0,0,0,102
03/26/2012,MFE,TX,ASW,CE,Federal Contract Tower,24,13,48,28,113,0,2,50,0,52,24,15,98,28,165,28,0,28,193
03/27/2012,MFE,TX,ASW,CE,Federal Contract Tower,19,10,48,18,95,0,1,66,1,68,19,11,114,19,163,46,0,46,209
03/28/2012,MFE,TX,ASW,CE,Federal Contract Tower,20,12,44,24,100,0,0,60,3,63,20,12,104,27,163,42,10,52,215
03/29/2012,MFE,TX,ASW,CE,Federal Contract Tower,16,11,29,22,78,0,0,62,2,64,16,11,91,24,142,20,0,20,162
03/30/2012,MFE,TX,ASW,CE,Federal Contract Tower,26,13,45,10,94,0,0,59,0,59,26,13,104,10,153,8,0,8,161
03/31/2012,MFE,TX,ASW,CE,Federal Contract Tower,22,3,22,1,48,0,0,92,1,93,22,3,114,2,141,10,0,10,151
04/01/2012,MFE,TX,ASW,CE,Federal Contract Tower,19,12,30,1,62,0,0,44,0,44,19,12,74,1,106,2,0,2,108
04/02/2012,MFE,TX,ASW,CE,Federal Contract Tower,24,12,30,9,75,0,0,76,3,79,24,12,106,12,154,40,0,40,194
04/03/2012,MFE,TX,ASW,CE,Federal Contract Tower,16,10,33,25,84,0,1,77,1,79,16,11,110,26,163,64,0,64,227
04/04/2012,MFE,TX,ASW,CE,Federal Contract Tower,20,8,58,7,93,0,2,76,2,80,20,10,134,9,173,30,0,30,203
04/05/2012,MFE,TX,ASW,CE,Federal Contract Tower,22,12,51,31,116,0,0,70,1,71,22,12,121,32,187,18,0,18,205
04/06/2012,MFE,TX,ASW,CE,Federal Contract Tower,23,4,33,19,79,0,0,55,2,57,23,4,88,21,136,26,0,26,162
04/07/2012,MFE,TX,ASW,CE,Federal Contract Tower,24,2,30,0,56,0,0,48,0,48,24,2,78,0,104,0,0,0,104
04/08/2012,MFE,TX,ASW,CE,Federal Contract Tower,14,9,55,0,78,0,0,52,3,55,14,9,107,3,133,0,0,0,133
04/09/2012,MFE,TX,ASW,CE,Federal Contract Tower,24,11,49,2,86,0,0,89,1,90,24,11,138,3,176,16,0,16,192
04/10/2012,MFE,TX,ASW,CE,Federal Contract Tower,21,6,59,11,97,0,0,72,0,72,21,6,131,11,169,42,0,42,211
04/11/2012,MFE,TX,ASW,CE,Federal Contract Tower,24,7,56,13,100,0,0,97,4,101,24,7,153,17,201,42,0,42,243
04/12/2012,MFE,TX,ASW,CE,Federal Contract Tower,28,6,58,9,101,0,0,52,3,55,28,6,110,12,156,8,0,8,164
04/13/2012,MFE,TX,ASW,CE,Federal Contract Tower,26,6,53,0,85,0,0,50,2,52,26,6,103,2,137,36,0,36,173
04/14/2012,MFE,TX,ASW,CE,Federal Contract Tower,23,4,23,4,54,0,0,37,1,38,23,4,60,5,92,0,0,0,92
04/15/2012,MFE,TX,ASW,CE,Federal Contract Tower,24,5,25,0,54,0,0,52,0,52,24,5,77,0,106,0,0,0,106
04/16/2012,MFE,TX,ASW,CE,Federal Contract Tower,27,12,26,0,65,0,0,33,0,33,27,12,59,0,98,36,0,36,134
04/17/2012,MFE,TX,ASW,CE,Federal Contract Tower,24,26,29,20,99,0,1,64,0,65,24,27,93,20,164,86,0,86,250
04/18/2012,MFE,TX,ASW,CE,Federal Contract Tower,25,12,62,22,121,0,0,63,6,69,25,12,125,28,190,76,0,76,266
04/19/2012,MFE,TX,ASW,CE,Federal Contract Tower,28,7,50,16,101,0,0,87,11,98,28,7,137,27,199,36,0,36,235
04/20/2012,MFE,TX,ASW,CE,Federal Contract Tower,32,17,53,6,108,0,0,40,0,40,32,17,93,6,148,30,0,30,178
04/21/2012,MFE,TX,ASW,CE,Federal Contract Tower,23,3,15,3,44,0,0,46,3,49,23,3,61,6,93,28,0,28,121
04/22/2012,MFE,TX,ASW,CE,Federal Contract Tower,19,8,9,4,40,0,0,51,0,51,19,8,60,4,91,24,0,24,115
04/23/2012,MFE,TX,ASW,CE,Federal Contract Tower,25,13,41,17,96,0,1,66,2,69,25,14,107,19,165,46,0,46,211
04/24/2012,MFE,TX,ASW,CE,Federal Contract Tower,23,7,26,27,83,0,0,93,0,93,23,7,119,27,176,40,0,40,216
04/25/2012,MFE,TX,ASW,CE,Federal Contract Tower,25,6,42,8,81,0,0,56,0,56,25,6,98,8,137,2,0,2,139
04/26/2012,MFE,TX,ASW,CE,Federal Contract Tower,28,7,45,10,90,0,0,72,0,72,28,7,117,10,162,0,0,0,162
04/27/2012,MFE,TX,ASW,CE,Federal Contract Tower,25,7,38,4,74,0,0,61,2,63,25,7,99,6,137,6,0,6,143
04/28/2012,MFE,TX,ASW,CE,Federal Contract Tower,26,2,32,8,68,0,0,42,3,45,26,2,74,11,113,0,0,0,113
04/29/2012,MFE,TX,ASW,CE,Federal Contract Tower,21,3,22,12,58,0,0,37,2,39,21,3,59,14,97,0,0,0,97
04/30/2012,MFE,TX,ASW,CE,Federal Contract Tower,27,9,43,29,108,0,0,41,5,46,27,9,84,34,154,32,0,32,186
05/01/2012,MFE,TX,ASW,CE,Federal Contract Tower,17,4,54,28,103,0,0,56,2,58,17,4,110,30,161,2,0,2,163
05/02/2012,MFE,TX,ASW,CE,Federal Contract Tower,22,5,61,17,105,0,0,80,0,80,22,5,141,17,185,6,0,6,191
05/03/2012,MFE,TX,ASW,CE,Federal Contract Tower,25,10,48,6,89,0,0,63,0,63,25,10,111,6,152,14,0,14,166
05/04/2012,MFE,TX,ASW,CE,Federal Contract Tower,20,9,39,11,79,0,0,80,2,82,20,9,119,13,161,28,0,28,189
05/05/2012,MFE,TX,ASW,CE,Federal Contract Tower,17,4,25,0,46,0,0,47,0,47,17,4,72,0,93,24,0,24,117
05/06/2012,MFE,TX,ASW,CE,Federal Contract Tower,22,4,25,10,61,0,1,59,2,62,22,5,84,12,123,6,0,6,129
05/07/2012,MFE,TX,ASW,CE,Federal Contract Tower,22,6,38,13,79,0,0,61,3,64,22,6,99,16,143,44,0,44,187
05/08/2012,MFE,TX,ASW,CE,Federal Contract Tower,19,10,39,12,80,0,2,37,5,44,19,12,76,17,124,0,0,0,124
05/09/2012,MFE,TX,ASW,CE,Federal Contract Tower,21,9,50,10,90,0,0,36,0,36,21,9,86,10,126,18,0,18,144
05/10/2012,MFE,TX,ASW,CE,Federal Contract Tower,24,14,47,6,91,0,0,40,0,40,24,14,87,6,131,40,0,40,171
05/11/2012,MFE,TX,ASW,CE,Federal Contract Tower,21,11,50,0,82,0,0,39,2,41,21,11,89,2,123,0,0,0,123
05/12/2012,MFE,TX,ASW,CE,Federal Contract Tower,18,6,21,2,47,0,0,50,0,50,18,6,71,2,97,26,0,26,123
05/13/2012,MFE,TX,ASW,CE,Federal Contract Tower,25,0,22,3,50,0,0,46,2,48,25,0,68,5,98,4,0,4,102
05/14/2012,MFE,TX,ASW,CE,Federal Contract Tower,24,4,55,24,107,0,0,72,4,76,24,4,127,28,183,50,0,50,233
05/15/2012,MFE,TX,ASW,CE,Federal Contract Tower,17,11,33,30,91,0,0,64,0,64,17,11,97,30,155,66,0,66,221
05/16/2012,MFE,TX,ASW,CE,Federal Contract Tower,21,13,41,12,87,0,0,83,0,83,21,13,124,12,170,66,0,66,236
05/17/2012,MFE,TX,ASW,CE,Federal Contract Tower,24,5,63,28,120,0,0,61,0,61,24,5,124,28,181,61,0,61,242
05/18/2012,MFE,TX,ASW,CE,Federal Contract Tower,23,8,50,5,86,0,0,73,2,75,23,8,123,7,161,40,0,40,201
05/19/2012,MFE,TX,ASW,CE,Federal Contract Tower,17,3,23,4,47,0,0,90,3,93,17,3,113,7,140,28,0,28,168
05/20/2012,MFE,TX,ASW,CE,Federal Contract Tower,22,1,23,8,54,0,0,40,0,40,22,1,63,8,94,6,0,6,100
05/21/2012,MFE,TX,ASW,CE,Federal Contract Tower,24,8,53,13,98,0,0,83,1,84,24,8,136,14,182,94,0,94,276
05/22/2012,MFE,TX,ASW,CE,Federal Contract Tower,19,7,41,27,94,0,0,79,1,80,19,7,120,28,174,42,0,42,216
05/23/2012,MFE,TX,ASW,CE,Federal Contract Tower,22,5,49,8,84,0,0,75,0,75,22,5,124,8,159,66,0,66,225
05/24/2012,MFE,TX,ASW,CE,Federal Contract Tower,24,13,52,6,95,0,0,72,0,72,24,13,124,6,167,50,0,50,217
05/25/2012,MFE,TX,ASW,CE,Federal Contract Tower,25,5,49,2,81,0,0,66,1,67,25,5,115,3,148,24,0,24,172
05/26/2012,MFE,TX,ASW,CE,Federal Contract Tower,17,2,18,0,37,0,0,49,2,51,17,2,67,2,88,38,0,38,126
05/27/2012,MFE,TX,ASW,CE,Federal Contract Tower,19,2,18,0,39,0,0,50,2,52,19,2,68,2,91,0,0,0,91
05/28/2012,MFE,TX,ASW,CE,Federal Contract Tower,23,3,37,0,63,0,0,60,2,62,23,3,97,2,125,42,0,42,167
05/29/2012,MFE,TX,ASW,CE,Federal Contract Tower,20,6,36,24,86,0,0,67,0,67,20,6,103,24,153,6,0,6,159
05/30/2012,MFE,TX,ASW,CE,Federal Contract Tower,25,6,36,6,73,0,0,55,2,57,25,6,91,8,130,14,0,14,144
05/31/2012,MFE,TX,ASW,CE,Federal Contract Tower,24,15,40,24,103,0,0,74,0,74,24,15,114,24,177,26,0,26,203
06/01/2012,MFE,TX,ASW,CE,Federal Contract Tower,25,11,36,11,83,0,0,57,1,58,25,11,93,12,141,0,0,0,141
06/02/2012,MFE,TX,ASW,CE,Federal Contract Tower,21,5,16,8,50,0,0,55,2,57,21,5,71,10,107,14,0,14,121
06/03/2012,MFE,TX,ASW,CE,Federal Contract Tower,20,6,29,23,78,0,0,30,1,31,20,6,59,24,109,2,0,2,111
06/04/2012,MFE,TX,ASW,CE,Federal Contract Tower,24,12,30,28,94,0,0,54,1,55,24,12,84,29,149,20,0,20,169
06/05/2012,MFE,TX,ASW,CE,Federal Contract Tower,19,10,37,6,72,0,0,65,2,67,19,10,102,8,139,4,0,4,143
06/06/2012,MFE,TX,ASW,CE,Federal Contract Tower,18,12,44,25,99,0,0,64,4,68,18,12,108,29,167,24,0,24,191
06/07/2012,MFE,TX,ASW,CE,Federal Contract Tower,29,5,39,18,91,0,0,52,0,52,29,5,91,18,143,20,0,20,163
06/08/2012,MFE,TX,ASW,CE,Federal Contract Tower,18,16,34,3,71,0,0,65,1,66,18,16,99,4,137,6,0,6,143
06/09/2012,MFE,TX,ASW,CE,Federal Contract Tower,13,12,24,0,49,0,0,59,2,61,13,12,83,2,110,36,0,36,146
06/10/2012,MFE,TX,ASW,CE,Federal Contract Tower,13,6,24,0,43,0,0,48,2,50,13,6,72,2,93,4,0,4,97
06/11/2012,MFE,TX,ASW,CE,Federal Contract Tower,18,17,36,16,87,0,0,49,5,54,18,17,85,21,141,54,0,54,195
06/12/2012,MFE,TX,ASW,CE,Federal Contract Tower,12,16,54,18,100,0,0,59,2,61,12,16,113,20,161,32,0,32,193
06/13/2012,MFE,TX,ASW,CE,Federal Contract Tower,20,13,58,20,111,0,0,75,2,77,20,13,133,22,188,50,0,50,238
06/14/2012,MFE,TX,ASW,CE,Federal Contract Tower,21,13,26,4,64,0,0,71,4,75,21,13,97,8,139,28,0,28,167
06/15/2012,MFE,TX,ASW,CE,Federal Contract Tower,18,15,57,19,109,0,0,57,0,57,18,15,114,19,166,18,0,18,184
06/16/2012,MFE,TX,ASW,CE,Federal Contract Tower,12,11,19,6,48,0,0,58,0,58,12,11,77,6,106,40,0,40,146
06/17/2012,MFE,TX,ASW,CE,Federal Contract Tower,17,3,25,0,45,0,0,25,0,25,17,3,50,0,70,16,0,16,86
06/18/2012,MFE,TX,ASW,CE,Federal Contract Tower,19,11,47,2,79,0,0,58,0,58,19,11,105,2,137,126,0,126,263
06/19/2012,MFE,TX,ASW,CE,Federal Contract Tower,12,20,33,22,87,0,0,65,0,65,12,20,98,22,152,48,0,48,200
06/20/2012,MFE,TX,ASW,CE,Federal Contract Tower,21,4,36,6,67,0,0,55,0,55,21,4,91,6,122,44,0,44,166
06/21/2012,MFE,TX,ASW,CE,Federal Contract Tower,27,12,35,6,80,0,0,56,0,56,27,12,91,6,136,86,0,86,222
06/22/2012,MFE,TX,ASW,CE,Federal Contract Tower,16,22,37,13,88,0,0,55,4,59,16,22,92,17,147,0,14,14,161
06/23/2012,MFE,TX,ASW,CE,Federal Contract Tower,14,10,12,2,38,0,0,55,0,55,14,10,67,2,93,18,0,18,111
06/24/2012,MFE,TX,ASW,CE,Federal Contract Tower,16,6,11,0,33,0,0,47,2,49,16,6,58,2,82,0,0,0,82
06/25/2012,MFE,TX,ASW,CE,Federal Contract Tower,19,13,39,21,92,0,0,44,2,46,19,13,83,23,138,62,0,62,200
06/26/2012,MFE,TX,ASW,CE,Federal Contract Tower,14,11,34,14,73,0,0,65,1,66,14,11,99,15,139,0,0,0,139
06/27/2012,MFE,TX,ASW,CE,Federal Contract Tower,25,11,44,30,110,0,0,84,0,84,25,11,128,30,194,32,0,32,226
06/28/2012,MFE,TX,ASW,CE,Federal Contract Tower,23,7,47,23,100,0,0,60,3,63,23,7,107,26,163,32,0,32,195
06/29/2012,MFE,TX,ASW,CE,Federal Contract Tower,20,9,37,27,93,0,0,56,1,57,20,9,93,28,150,22,0,22,172
06/30/2012,MFE,TX,ASW,CE,Federal Contract Tower,13,14,24,0,51,0,0,30,0,30,13,14,54,0,81,14,0,14,95
07/01/2012,MFE,TX,ASW,CE,Federal Contract Tower,20,6,21,6,53,0,0,23,0,23,20,6,44,6,76,2,0,2,78
07/02/2012,MFE,TX,ASW,CE,Federal Contract Tower,19,16,40,24,99,0,0,41,1,42,19,16,81,25,141,38,0,38,179
07/03/2012,MFE,TX,ASW,CE,Federal Contract Tower,19,9,41,15,84,0,0,58,4,62,19,9,99,19,146,54,0,54,200
07/04/2012,MFE,TX,ASW,CE,Federal Contract Tower,16,4,11,0,31,0,0,52,0,52,16,4,63,0,83,0,0,0,83
07/05/2012,MFE,TX,ASW,CE,Federal Contract Tower,21,4,35,25,85,0,0,68,0,68,21,4,103,25,153,30,0,30,183
07/06/2012,MFE,TX,ASW,CE,Federal Contract Tower,17,10,40,21,88,0,0,57,1,58,17,10,97,22,146,56,4,60,206
07/07/2012,MFE,TX,ASW,CE,Federal Contract Tower,18,3,20,1,42,0,0,70,1,71,18,3,90,2,113,54,0,54,167
07/08/2012,MFE,TX,ASW,CE,Federal Contract Tower,23,0,24,0,47,0,0,42,0,42,23,0,66,0,89,6,0,6,95
07/09/2012,MFE,TX,ASW,CE,Federal Contract Tower,18,14,42,35,109,0,0,59,0,59,18,14,101,35,168,48,0,48,216
07/10/2012,MFE,TX,ASW,CE,Federal Contract Tower,23,12,45,46,126,0,0,49,1,50,23,12,94,47,176,54,0,54,230
07/11/2012,MFE,TX,ASW,CE,Federal Contract Tower,25,21,37,30,113,0,0,56,0,56,25,21,93,30,169,10,0,10,179
07/12/2012,MFE,TX,ASW,CE,Federal Contract Tower,22,9,29,16,76,0,0,46,0,46,22,9,75,16,122,30,0,30,152
07/13/2012,MFE,TX,ASW,CE,Federal Contract Tower,14,13,43,23,93,0,0,78,0,78,14,13,121,23,171,30,0,30,201
07/14/2012,MFE,TX,ASW,CE,Federal Contract Tower,12,13,24,6,55,0,0,45,0,45,12,13,69,6,100,26,0,26,126
07/15/2012,MFE,TX,ASW,CE,Federal Contract Tower,17,9,22,2,50,0,0,45,0,45,17,9,67,2,95,0,0,0,95
07/16/2012,MFE,TX,ASW,CE,Federal Contract Tower,20,15,35,34,104,0,0,59,3,62,20,15,94,37,166,32,0,32,198
07/17/2012,MFE,TX,ASW,CE,Federal Contract Tower,16,14,24,56,110,0,0,90,0,90,16,14,114,56,200,104,12,116,316
07/18/2012,MFE,TX,ASW,CE,Federal Contract Tower,21,14,45,22,102,0,0,51,0,51,21,14,96,22,153,30,8,38,191
07/19/2012,MFE,TX,ASW,CE,Federal Contract Tower,22,12,37,24,95,0,0,62,0,62,22,12,99,24,157,132,0,132,289
07/20/2012,MFE,TX,ASW,CE,Federal Contract Tower,17,16,59,0,92,0,0,86,2,88,17,16,145,2,180,48,0,48,228
07/21/2012,MFE,TX,ASW,CE,Federal Contract Tower,13,16,22,8,59,0,0,54,0,54,13,16,76,8,113,20,0,20,133
07/22/2012,MFE,TX,ASW,CE,Federal Contract Tower,24,0,20,0,44,0,0,37,0,37,24,0,57,0,81,6,0,6,87
07/23/2012,MFE,TX,ASW,CE,Federal Contract Tower,18,10,50,9,87,0,0,56,0,56,18,10,106,9,143,46,0,46,189
07/24/2012,MFE,TX,ASW,CE,Federal Contract Tower,14,22,33,12,81,0,0,89,2,91,14,22,122,14,172,52,0,52,224
07/25/2012,MFE,TX,ASW,CE,Federal Contract Tower,22,11,35,34,102,0,0,66,0,66,22,11,101,34,168,78,6,84,252
07/26/2012,MFE,TX,ASW,CE,Federal Contract Tower,23,11,40,42,116,0,0,68,1,69,23,11,108,43,185,30,0,30,215
07/27/2012,MFE,TX,ASW,CE,Federal Contract Tower,18,16,29,12,75,0,0,75,0,75,18,16,104,12,150,54,0,54,204
07/28/2012,MFE,TX,ASW,CE,Federal Contract Tower,10,24,25,0,59,0,0,40,0,40,10,24,65,0,99,16,0,16,115
07/29/2012,MFE,TX,ASW,CE,Federal Contract Tower,17,9,19,2,47,0,0,52,0,52,17,9,71,2,99,22,9,31,130
07/30/2012,MFE,TX,ASW,CE,Federal Contract Tower,18,9,36,21,84,0,0,64,0,64,18,9,100,21,148,28,0,28,176
07/31/2012,MFE,TX,ASW,CE,Federal Contract Tower,16,19,32,14,81,0,0,54,2,56,16,19,86,16,137,44,0,44,181
08/01/2012,MFE,TX,ASW,CE,Federal Contract Tower,18,10,37,26,91,0,0,68,0,68,18,10,105,26,159,48,0,48,207
08/02/2012,MFE,TX,ASW,CE,Federal Contract Tower,23,17,25,29,94,0,0,71,0,71,23,17,96,29,165,82,0,82,247
08/03/2012,MFE,TX,ASW,CE,Federal Contract Tower,15,15,36,0,66,0,0,64,0,64,15,15,100,0,130,66,0,66,196
08/04/2012,MFE,TX,ASW,CE,Federal Contract Tower,10,14,19,0,43,0,0,52,0,52,10,14,71,0,95,12,0,12,107
08/05/2012,MFE,TX,ASW,CE,Federal Contract Tower,14,10,21,0,45,0,0,59,2,61,14,10,80,2,106,0,0,0,106
08/06/2012,MFE,TX,ASW,CE,Federal Contract Tower,11,18,43,8,80,0,0,66,0,66,11,18,109,8,146,90,0,90,236
08/07/2012,MFE,TX,ASW,CE,Federal Contract Tower,16,18,49,18,101,0,0,64,0,64,16,18,113,18,165,70,0,70,235
08/08/2012,MFE,TX,ASW,CE,Federal Contract Tower,23,15,41,33,112,0,0,65,2,67,23,15,106,35,179,44,10,54,233
08/09/2012,MFE,TX,ASW,CE,Federal Contract Tower,26,6,32,25,89,0,0,53,5,58,26,6,85,30,147,66,0,66,213
08/10/2012,MFE,TX,ASW,CE,Federal Contract Tower,15,15,34,4,68,0,0,51,1,52,15,15,85,5,120,38,0,38,158
08/11/2012,MFE,TX,ASW,CE,Federal Contract Tower,10,13,15,7,45,0,0,45,3,48,10,13,60,10,93,36,4,40,133
08/12/2012,MFE,TX,ASW,CE,Federal Contract Tower,16,10,24,1,51,0,0,46,0,46,16,10,70,1,97,14,0,14,111
08/13/2012,MFE,TX,ASW,CE,Federal Contract Tower,19,9,37,19,84,0,0,61,0,61,19,9,98,19,145,4,8,12,157
08/14/2012,MFE,TX,ASW,CE,Federal Contract Tower,13,20,35,14,82,0,1,45,9,55,13,21,80,23,137,0,0,0,137
08/15/2012,MFE,TX,ASW,CE,Federal Contract Tower,18,10,33,10,71,0,0,52,1,53,18,10,85,11,124,6,0,6,130
08/16/2012,MFE,TX,ASW,CE,Federal Contract Tower,19,11,44,22,96,2,0,57,0,59,21,11,101,22,155,48,0,48,203
08/17/2012,MFE,TX,ASW,CE,Federal Contract Tower,18,13,46,12,89,0,0,72,0,72,18,13,118,12,161,10,0,10,171
08/18/2012,MFE,TX,ASW,CE,Federal Contract Tower,15,2,25,0,42,0,0,54,0,54,15,2,79,0,96,0,0,0,96
08/19/2012,MFE,TX,ASW,CE,Federal Contract Tower,16,7,26,0,49,0,0,33,0,33,16,7,59,0,82,0,0,0,82
08/20/2012,MFE,TX,ASW,CE,Federal Contract Tower,20,11,35,21,87,0,0,50,0,50,20,11,85,21,137,34,0,34,171
08/21/2012,MFE,TX,ASW,CE,Federal Contract Tower,13,17,39,12,81,0,0,64,0,64,13,17,103,12,145,48,0,48,193
08/22/2012,MFE,TX,ASW,CE,Federal Contract Tower,30,8,44,14,96,0,0,57,0,57,30,8,101,14,153,60,0,60,213
08/23/2012,MFE,TX,ASW,CE,Federal Contract Tower,20,15,49,16,100,0,0,63,3,66,20,15,112,19,166,60,0,60,226
08/24/2012,MFE,TX,ASW,CE,Federal Contract Tower,11,15,32,9,67,0,0,70,0,70,11,15,102,9,137,16,0,16,153
08/25/2012,MFE,TX,ASW,CE,Federal Contract Tower,10,11,27,1,49,0,0,53,0,53,10,11,80,1,102,10,0,10,112
08/26/2012,MFE,TX,ASW,CE,Federal Contract Tower,18,6,24,6,54,0,0,41,0,41,18,6,65,6,95,6,0,6,101
08/27/2012,MFE,TX,ASW,CE,Federal Contract Tower,19,11,34,33,97,0,0,60,1,61,19,11,94,34,158,24,0,24,182
08/28/2012,MFE,TX,ASW,CE,Federal Contract Tower,18,11,25,20,74,0,0,78,0,78,18,11,103,20,152,38,0,38,190
08/29/2012,MFE,TX,ASW,CE,Federal Contract Tower,16,14,40,18,88,0,0,57,2,59,16,14,97,20,147,26,0,26,173
08/30/2012,MFE,TX,ASW,CE,Federal Contract Tower,26,9,33,4,72,0,0,52,0,52,26,9,85,4,124,10,0,10,134
08/31/2012,MFE,TX,ASW,CE,Federal Contract Tower,12,16,58,0,86,0,0,64,0,64,12,16,122,0,150,30,0,30,180
09/01/2012,MFE,TX,ASW,CE,Federal Contract Tower,9,9,32,0,50,0,0,47,0,47,9,9,79,0,97,38,0,38,135
09/02/2012,MFE,TX,ASW,CE,Federal Contract Tower,13,3,25,0,41,0,0,45,0,45,13,3,70,0,86,2,0,2,88
09/03/2012,MFE,TX,ASW,CE,Federal Contract Tower,24,3,23,0,50,0,0,38,0,38,24,3,61,0,88,4,0,4,92
09/04/2012,MFE,TX,ASW,CE,Federal Contract Tower,15,11,26,10,62,0,0,57,0,57,15,11,83,10,119,58,0,58,177
09/05/2012,MFE,TX,ASW,CE,Federal Contract Tower,21,5,37,31,94,0,0,72,0,72,21,5,109,31,166,34,0,34,200
09/06/2012,MFE,TX,ASW,CE,Federal Contract Tower,24,7,32,22,85,0,0,61,0,61,24,7,93,22,146,18,0,18,164
09/07/2012,MFE,TX,ASW,CE,Federal Contract Tower,17,20,31,23,91,0,0,61,4,65,17,20,92,27,156,0,0,0,156
09/08/2012,MFE,TX,ASW,CE,Federal Contract Tower,10,6,24,0,40,0,0,46,2,48,10,6,70,2,88,0,0,0,88
09/09/2012,MFE,TX,ASW,CE,Federal Contract Tower,13,14,26,4,57,0,0,36,0,36,13,14,62,4,93,0,0,0,93
09/10/2012,MFE,TX,ASW,CE,Federal Contract Tower,19,13,34,21,87,0,0,62,1,63,19,13,96,22,150,6,0,6,156
09/11/2012,MFE,TX,ASW,CE,Federal Contract Tower,13,12,32,21,78,0,1,65,4,70,13,13,97,25,148,26,0,26,174
09/12/2012,MFE,TX,ASW,CE,Federal Contract Tower,16,12,54,22,104,0,1,97,2,100,16,13,151,24,204,20,0,20,224
09/13/2012,MFE,TX,ASW,CE,Federal Contract Tower,27,10,53,26,116,0,0,49,1,50,27,10,102,27,166,46,2,48,214
09/14/2012,MFE,TX,ASW,CE,Federal Contract Tower,26,7,52,4,89,0,0,44,0,44,26,7,96,4,133,22,0,22,155
09/15/2012,MFE,TX,ASW,CE,Federal Contract Tower,9,6,27,1,43,0,0,23,0,23,9,6,50,1,66,32,0,32,98
09/16/2012,MFE,TX,ASW,CE,Federal Contract Tower,16,8,35,2,61,0,0,21,0,21,16,8,56,2,82,4,0,4,86
09/17/2012,MFE,TX,ASW,CE,Federal Contract Tower,22,15,36,22,95,0,0,72,0,72,22,15,108,22,167,16,0,16,183
09/18/2012,MFE,TX,ASW,CE,Federal Contract Tower,16,11,50,40,117,0,0,80,2,82,16,11,130,42,199,56,12,68,267
09/19/2012,MFE,TX,ASW,CE,Federal Contract Tower,14,22,50,40,126,0,0,54,11,65,14,22,104,51,191,42,0,42,233
09/20/2012,MFE,TX,ASW,CE,Federal Contract Tower,20,10,44,38,112,0,0,75,2,77,20,10,119,40,189,56,0,56,245
09/21/2012,MFE,TX,ASW,CE,Federal Contract Tower,24,9,35,29,97,0,0,58,1,59,24,9,93,30,156,8,0,8,164
09/22/2012,MFE,TX,ASW,CE,Federal Contract Tower,10,4,22,8,44,0,0,62,0,62,10,4,84,8,106,10,0,10,116
09/23/2012,MFE,TX,ASW,CE,Federal Contract Tower,22,6,26,3,57,0,0,34,1,35,22,6,60,4,92,4,2,6,98
09/24/2012,MFE,TX,ASW,CE,Federal Contract Tower,19,13,39,25,96,0,0,58,3,61,19,13,97,28,157,28,0,28,185
09/25/2012,MFE,TX,ASW,CE,Federal Contract Tower,17,9,36,32,94,0,0,51,5,56,17,9,87,37,150,38,0,38,188
09/26/2012,MFE,TX,ASW,CE,Federal Contract Tower,17,6,52,15,90,0,0,68,3,71,17,6,120,18,161,18,6,24,185
09/27/2012,MFE,TX,ASW,CE,Federal Contract Tower,12,16,49,21,98,0,1,62,1,64,12,17,111,22,162,28,0,28,190
09/28/2012,MFE,TX,ASW,CE,Federal Contract Tower,20,10,39,4,73,0,0,46,0,46,20,10,85,4,119,90,0,90,209
09/29/2012,MFE,TX,ASW,CE,Federal Contract Tower,11,7,14,0,32,0,0,32,0,32,11,7,46,0,64,20,0,20,84
09/30/2012,MFE,TX,ASW,CE,Federal Contract Tower,16,11,22,4,53,0,0,47,2,49,16,11,69,6,102,10,0,10,112
10/01/2012,MFE,TX,ASW,CE,Federal Contract Tower,17,17,34,16,84,0,0,44,0,44,17,17,78,16,128,34,0,34,162
10/02/2012,MFE,TX,ASW,CE,Federal Contract Tower,12,16,50,19,97,0,0,70,0,70,12,16,120,19,167,34,0,34,201
10/03/2012,MFE,TX,ASW,CE,Federal Contract Tower,20,8,45,18,91,0,0,75,5,80,20,8,120,23,171,16,0,16,187
10/04/2012,MFE,TX,ASW,CE,Federal Contract Tower,18,9,49,30,106,0,0,92,5,97,18,9,141,35,203,44,0,44,247
10/05/2012,MFE,TX,ASW,CE,Federal Contract Tower,13,14,34,4,65,0,0,93,1,94,13,14,127,5,159,42,0,42,201
10/06/2012,MFE,TX,ASW,CE,Federal Contract Tower,11,7,24,4,46,0,0,59,0,59,11,7,83,4,105,22,0,22,127
10/07/2012,MFE,TX,ASW,CE,Federal Contract Tower,17,11,47,4,79,0,0,23,0,23,17,11,70,4,102,0,0,0,102
10/08/2012,MFE,TX,ASW,CE,Federal Contract Tower,28,6,33,0,67,0,0,32,0,32,28,6,65,0,99,4,0,4,103
10/09/2012,MFE,TX,ASW,CE,Federal Contract Tower,12,12,35,42,101,0,0,62,3,65,12,12,97,45,166,4,0,4,170
10/10/2012,MFE,TX,ASW,CE,Federal Contract Tower,13,17,44,24,98,0,0,58,0,58,13,17,102,24,156,42,0,42,198
10/11/2012,MFE,TX,ASW,CE,Federal Contract Tower,13,21,52,16,102,0,0,66,0,66,13,21,118,16,168,0,0,0,168
10/12/2012,MFE,TX,ASW,CE,Federal Contract Tower,12,18,53,10,93,0,0,71,0,71,12,18,124,10,164,2,0,2,166
10/13/2012,MFE,TX,ASW,CE,Federal Contract Tower,10,10,27,8,55,0,1,47,1,49,10,11,74,9,104,2,0,2,106
10/14/2012,MFE,TX,ASW,CE,Federal Contract Tower,15,10,24,0,49,0,0,26,0,26,15,10,50,0,75,2,0,2,77
10/15/2012,MFE,TX,ASW,CE,Federal Contract Tower,15,16,27,24,82,0,0,55,0,55,15,16,82,24,137,28,0,28,165
10/16/2012,MFE,TX,ASW,CE,Federal Contract Tower,11,11,40,16,78,0,0,63,0,63,11,11,103,16,141,32,0,32,173
10/17/2012,MFE,TX,ASW,CE,Federal Contract Tower,16,13,41,18,88,0,0,60,2,62,16,13,101,20,150,22,0,22,172
10/18/2012,MFE,TX,ASW,CE,Federal Contract Tower,14,14,39,23,90,0,0,58,1,59,14,14,97,24,149,34,0,34,183
10/19/2012,MFE,TX,ASW,CE,Federal Contract Tower,13,19,32,24,88,0,0,60,0,60,13,19,92,24,148,6,0,6,154
10/20/2012,MFE,TX,ASW,CE,Federal Contract Tower,9,11,14,0,34,0,0,52,0,52,9,11,66,0,86,16,0,16,102
10/21/2012,MFE,TX,ASW,CE,Federal Contract Tower,14,15,39,0,68,0,0,53,0,53,14,15,92,0,121,10,0,10,131
10/22/2012,MFE,TX,ASW,CE,Federal Contract Tower,16,15,31,24,86,0,0,64,0,64,16,15,95,24,150,10,0,10,160
10/23/2012,MFE,TX,ASW,CE,Federal Contract Tower,13,10,33,8,64,0,0,59,0,59,13,10,92,8,123,64,0,64,187
10/24/2012,MFE,TX,ASW,CE,Federal Contract Tower,12,11,42,16,81,0,0,79,2,81,12,11,121,18,162,16,0,16,178
10/25/2012,MFE,TX,ASW,CE,Federal Contract Tower,19,11,30,23,83,0,0,86,1,87,19,11,116,24,170,32,0,32,202
10/26/2012,MFE,TX,ASW,CE,Federal Contract Tower,11,22,43,15,91,0,0,39,0,39,11,22,82,15,130,24,0,24,154
10/27/2012,MFE,TX,ASW,CE,Federal Contract Tower,12,7,18,10,47,0,0,40,0,40,12,7,58,10,87,18,0,18,105
10/28/2012,MFE,TX,ASW,CE,Federal Contract Tower,18,11,42,15,86,0,0,47,0,47,18,11,89,15,133,0,0,0,133
10/29/2012,MFE,TX,ASW,CE,Federal Contract Tower,17,13,27,19,76,0,0,65,0,65,17,13,92,19,141,0,0,0,141
10/30/2012,MFE,TX,ASW,CE,Federal Contract Tower,11,13,34,13,71,0,0,57,2,59,11,13,91,15,130,0,0,0,130
10/31/2012,MFE,TX,ASW,CE,Federal Contract Tower,14,9,47,10,80,0,0,96,0,96,14,9,143,10,176,32,0,32,208
11/01/2012,MFE,TX,ASW,CE,Federal Contract Tower,15,11,71,42,139,0,0,76,0,76,15,11,147,42,215,42,0,42,257
11/02/2012,MFE,TX,ASW,CE,Federal Contract Tower,12,19,32,0,63,0,0,69,0,69,12,19,101,0,132,32,0,32,164
11/03/2012,MFE,TX,ASW,CE,Federal Contract Tower,12,2,25,0,39,0,0,60,0,60,12,2,85,0,99,0,0,0,99
11/04/2012,MFE,TX,ASW,CE,Federal Contract Tower,21,8,40,1,70,0,0,40,0,40,21,8,80,1,110,12,0,12,122
11/05/2012,MFE,TX,ASW,CE,Federal Contract Tower,18,20,32,44,114,0,0,46,1,47,18,20,78,45,161,16,16,32,193
11/06/2012,MFE,TX,ASW,CE,Federal Contract Tower,17,11,43,32,103,0,0,65,4,69,17,11,108,36,172,40,0,40,212
11/07/2012,MFE,TX,ASW,CE,Federal Contract Tower,15,9,42,14,80,0,0,58,4,62,15,9,100,18,142,44,0,44,186
11/08/2012,MFE,TX,ASW,CE,Federal Contract Tower,18,15,55,16,104,0,3,75,0,78,18,18,130,16,182,64,0,64,246
11/09/2012,MFE,TX,ASW,CE,Federal Contract Tower,14,18,46,4,82,0,0,68,0,68,14,18,114,4,150,0,0,0,150
11/10/2012,MFE,TX,ASW,CE,Federal Contract Tower,10,9,25,0,44,0,0,39,0,39,10,9,64,0,83,2,0,2,85
11/11/2012,MFE,TX,ASW,CE,Federal Contract Tower,20,10,29,2,61,0,0,33,0,33,20,10,62,2,94,10,0,10,104
11/12/2012,MFE,TX,ASW,CE,Federal Contract Tower,21,10,41,3,75,0,0,54,0,54,21,10,95,3,129,12,0,12,141
11/13/2012,MFE,TX,ASW,CE,Federal Contract Tower,11,19,55,28,113,0,0,65,2,67,11,19,120,30,180,28,0,28,208
11/14/2012,MFE,TX,ASW,CE,Federal Contract Tower,15,15,38,39,107,0,0,54,0,54,15,15,92,39,161,10,0,10,171
11/15/2012,MFE,TX,ASW,CE,Federal Contract Tower,22,14,64,24,124,0,0,29,0,29,22,14,93,24,153,28,0,28,181
11/16/2012,MFE,TX,ASW,CE,Federal Contract Tower,17,19,74,14,124,0,0,56,0,56,17,19,130,14,180,0,0,0,180
11/17/2012,MFE,TX,ASW,CE,Federal Contract Tower,9,9,40,2,60,0,0,31,0,31,9,9,71,2,91,0,0,0,91
11/18/2012,MFE,TX,ASW,CE,Federal Contract Tower,14,16,30,2,62,0,0,27,0,27,14,16,57,2,89,0,0,0,89
11/19/2012,MFE,TX,ASW,CE,Federal Contract Tower,19,11,47,48,125,0,0,32,2,34,19,11,79,50,159,6,0,6,165
11/20/2012,MFE,TX,ASW,CE,Federal Contract Tower,18,16,32,24,90,0,0,54,0,54,18,16,86,24,144,12,0,12,156
11/21/2012,MFE,TX,ASW,CE,Federal Contract Tower,19,14,31,0,64,0,0,52,0,52,19,14,83,0,116,30,0,30,146
11/22/2012,MFE,TX,ASW,CE,Federal Contract Tower,9,2,12,0,23,0,1,28,0,29,9,3,40,0,52,18,0,18,70
11/23/2012,MFE,TX,ASW,CE,Federal Contract Tower,9,7,25,0,41,0,0,18,0,18,9,7,43,0,59,52,0,52,111
11/24/2012,MFE,TX,ASW,CE,Federal Contract Tower,13,14,25,0,52,0,0,44,0,44,13,14,69,0,96,26,0,26,122
11/25/2012,MFE,TX,ASW,CE,Federal Contract Tower,16,13,49,2,80,0,0,45,0,45,16,13,94,2,125,0,0,0,125
11/26/2012,MFE,TX,ASW,CE,Federal Contract Tower,12,18,38,28,96,0,0,72,4,76,12,18,110,32,172,48,0,48,220
11/27/2012,MFE,TX,ASW,CE,Federal Contract Tower,14,23,49,35,121,0,0,82,2,84,14,23,131,37,205,52,0,52,257
11/28/2012,MFE,TX,ASW,CE,Federal Contract Tower,13,24,53,18,108,0,0,94,0,94,13,24,147,18,202,34,0,34,236
11/29/2012,MFE,TX,ASW,CE,Federal Contract Tower,16,15,58,8,97,0,0,61,0,61,16,15,119,8,158,36,0,36,194
11/30/2012,MFE,TX,ASW,CE,Federal Contract Tower,16,20,80,12,128,0,0,55,0,55,16,20,135,12,183,18,0,18,201
12/01/2012,MFE,TX,ASW,CE,Federal Contract Tower,9,5,33,2,49,0,0,43,0,43,9,5,76,2,92,42,0,42,134
12/02/2012,MFE,TX,ASW,CE,Federal Contract Tower,12,15,46,2,75,0,0,38,0,38,12,15,84,2,113,0,0,0,113
12/03/2012,MFE,TX,ASW,CE,Federal Contract Tower,17,20,47,23,107,0,59,0,0,59,17,79,47,23,166,26,0,26,192
12/04/2012,MFE,TX,ASW,CE,Federal Contract Tower,13,12,46,16,87,0,0,69,5,74,13,12,115,21,161,40,0,40,201
12/05/2012,MFE,TX,ASW,CE,Federal Contract Tower,14,11,53,23,101,0,0,74,2,76,14,11,127,25,177,28,8,36,213
12/06/2012,MFE,TX,ASW,CE,Federal Contract Tower,12,23,50,16,101,0,0,91,0,91,12,23,141,16,192,32,10,42,234
12/07/2012,MFE,TX,ASW,CE,Federal Contract Tower,16,16,57,8,97,0,0,70,0,70,16,16,127,8,167,32,0,32,199
12/08/2012,MFE,TX,ASW,CE,Federal Contract Tower,10,8,32,4,54,0,0,70,0,70,10,8,102,4,124,6,0,6,130
12/09/2012,MFE,TX,ASW,CE,Federal Contract Tower,12,11,56,3,82,0,0,39,1,40,12,11,95,4,122,4,0,4,126
12/10/2012,MFE,TX,ASW,CE,Federal Contract Tower,14,18,45,16,93,0,0,25,0,25,14,18,70,16,118,12,0,12,130
12/11/2012,MFE,TX,ASW,CE,Federal Contract Tower,12,15,48,18,93,0,0,61,0,61,12,15,109,18,154,28,0,28,182
12/12/2012,MFE,TX,ASW,CE,Federal Contract Tower,12,19,42,19,92,0,0,102,1,103,12,19,144,20,195,52,0,52,247
12/13/2012,MFE,TX,ASW,CE,Federal Contract Tower,13,21,60,20,114,0,0,58,0,58,13,21,118,20,172,50,0,50,222
12/14/2012,MFE,TX,ASW,CE,Federal Contract Tower,16,19,52,4,91,0,0,45,0,45,16,19,97,4,136,52,0,52,188
12/15/2012,MFE,TX,ASW,CE,Federal Contract Tower,10,7,32,10,59,0,0,55,0,55,10,7,87,10,114,34,0,34,148
12/16/2012,MFE,TX,ASW,CE,Federal Contract Tower,12,14,59,10,95,0,0,29,0,29,12,14,88,10,124,6,0,6,130
12/17/2012,MFE,TX,ASW,CE,Federal Contract Tower,17,24,59,34,134,0,0,35,0,35,17,24,94,34,169,44,0,44,213
12/18/2012,MFE,TX,ASW,CE,Federal Contract Tower,11,20,43,28,102,0,0,90,2,92,11,20,133,30,194,36,0,36,230
12/19/2012,MFE,TX,ASW,CE,Federal Contract Tower,16,20,81,21,138,0,0,79,0,79,16,20,160,21,217,2,0,2,219
12/20/2012,MFE,TX,ASW,CE,Federal Contract Tower,16,26,61,18,121,0,0,43,0,43,16,26,104,18,164,0,0,0,164
12/21/2012,MFE,TX,ASW,CE,Federal Contract Tower,15,24,63,8,110,0,0,79,0,79,15,24,142,8,189,6,0,6,195
12/22/2012,MFE,TX,ASW,CE,Federal Contract Tower,7,14,40,2,63,0,0,76,0,76,7,14,116,2,139,8,0,8,147
12/23/2012,MFE,TX,ASW,CE,Federal Contract Tower,8,18,31,0,57,0,0,33,0,33,8,18,64,0,90,4,0,4,94
12/24/2012,MFE,TX,ASW,CE,Federal Contract Tower,8,13,11,0,32,0,0,29,0,29,8,13,40,0,61,6,0,6,67
12/25/2012,MFE,TX,ASW,CE,Federal Contract Tower,8,11,18,0,37,0,0,22,0,22,8,11,40,0,59,20,0,20,79
12/26/2012,MFE,TX,ASW,CE,Federal Contract Tower,20,16,53,0,89,0,0,77,0,77,20,16,130,0,166,28,0,28,194
12/27/2012,MFE,TX,ASW,CE,Federal Contract Tower,14,19,47,2,82,0,0,44,0,44,14,19,91,2,126,22,0,22,148
12/28/2012,MFE,TX,ASW,CE,Federal Contract Tower,14,23,53,0,90,0,0,67,0,67,14,23,120,0,157,6,0,6,163
12/29/2012,MFE,TX,ASW,CE,Federal Contract Tower,10,12,16,0,38,0,0,65,0,65,10,12,81,0,103,0,0,0,103
12/30/2012,MFE,TX,ASW,CE,Federal Contract Tower,15,12,27,0,54,0,0,41,0,41,15,12,68,0,95,6,0,6,101
12/31/2012,MFE,TX,ASW,CE,Federal Contract Tower,13,16,19,0,48,0,0,23,0,23,13,16,42,0,71,0,0,0,71
01/01/2013,MFE,TX,ASW,CE,Federal Contract Tower,19,2,22,0,43,0,1,1,0,2,19,3,23,0,45,0,0,0,45
01/02/2013,MFE,TX,ASW,CE,Federal Contract Tower,14,17,32,24,87,0,0,5,0,5,14,17,37,24,92,0,0,0,92
01/03/2013,MFE,TX,ASW,CE,Federal Contract Tower,19,13,37,27,96,0,0,23,0,23,19,13,60,27,119,4,0,4,123
01/04/2013,MFE,TX,ASW,CE,Federal Contract Tower,16,24,38,20,98,0,0,0,0,0,16,24,38,20,98,0,0,0,98
01/05/2013,MFE,TX,ASW,CE,Federal Contract Tower,10,9,39,0,58,0,0,4,0,4,10,9,43,0,62,0,0,0,62
01/06/2013,MFE,TX,ASW,CE,Federal Contract Tower,12,13,32,2,59,0,0,56,2,58,12,13,88,4,117,2,0,2,119
01/07/2013,MFE,TX,ASW,CE,Federal Contract Tower,19,16,29,12,76,0,0,53,0,53,19,16,82,12,129,8,0,8,137
01/08/2013,MFE,TX,ASW,CE,Federal Contract Tower,12,15,21,8,56,0,0,11,0,11,12,15,32,8,67,18,0,18,85
01/09/2013,MFE,TX,ASW,CE,Federal Contract Tower,14,13,29,18,74,0,0,30,0,30,14,13,59,18,104,12,16,28,132
01/10/2013,MFE,TX,ASW,CE,Federal Contract Tower,15,21,43,40,119,0,0,84,0,84,15,21,127,40,203,20,0,20,223
01/11/2013,MFE,TX,ASW,CE,Federal Contract Tower,15,17,43,10,85,0,0,69,0,69,15,17,112,10,154,6,0,6,160
01/12/2013,MFE,TX,ASW,CE,Federal Contract Tower,9,12,21,0,42,0,0,27,0,27,9,12,48,0,69,0,0,0,69
01/13/2013,MFE,TX,ASW,CE,Federal Contract Tower,15,16,17,19,67,0,0,17,1,18,15,16,34,20,85,0,0,0,85
01/14/2013,MFE,TX,ASW,CE,Federal Contract Tower,16,17,35,31,99,0,0,31,2,33,16,17,66,33,132,14,12,26,158
01/15/2013,MFE,TX,ASW,CE,Federal Contract Tower,14,9,44,22,89,0,0,12,0,12,14,9,56,22,101,0,0,0,101
01/16/2013,MFE,TX,ASW,CE,Federal Contract Tower,14,12,30,32,88,0,0,64,2,66,14,12,94,34,154,14,0,14,168
01/17/2013,MFE,TX,ASW,CE,Federal Contract Tower,16,18,37,18,89,0,0,86,1,87,16,18,123,19,176,58,0,58,234
01/18/2013,MFE,TX,ASW,CE,Federal Contract Tower,12,21,30,11,74,0,0,72,0,72,12,21,102,11,146,18,0,18,164
01/19/2013,MFE,TX,ASW,CE,Federal Contract Tower,10,13,20,0,43,0,0,60,0,60,10,13,80,0,103,4,0,4,107
01/20/2013,MFE,TX,ASW,CE,Federal Contract Tower,19,5,32,0,56,0,0,39,0,39,19,5,71,0,95,2,0,2,97
01/21/2013,MFE,TX,ASW,CE,Federal Contract Tower,11,19,36,1,67,0,0,48,3,51,11,19,84,4,118,20,0,20,138
01/22/2013,MFE,TX,ASW,CE,Federal Contract Tower,15,8,37,14,74,0,0,64,0,64,15,8,101,14,138,48,0,48,186
01/23/2013,MFE,TX,ASW,CE,Federal Contract Tower,10,18,41,8,77,0,0,50,0,50,10,18,91,8,127,18,0,18,145
01/24/2013,MFE,TX,ASW,CE,Federal Contract Tower,21,12,46,22,101,0,0,60,2,62,21,12,106,24,163,6,0,6,169
01/25/2013,MFE,TX,ASW,CE,Federal Contract Tower,13,21,50,8,92,0,0,59,0,59,13,21,109,8,151,54,0,54,205
01/26/2013,MFE,TX,ASW,CE,Federal Contract Tower,7,8,18,6,39,0,0,42,0,42,7,8,60,6,81,24,0,24,105
01/27/2013,MFE,TX,ASW,CE,Federal Contract Tower,13,13,33,6,65,0,0,28,2,30,13,13,61,8,95,0,0,0,95
01/28/2013,MFE,TX,ASW,CE,Federal Contract Tower,14,18,49,12,93,0,1,37,2,40,14,19,86,14,133,4,0,4,137
01/29/2013,MFE,TX,ASW,CE,Federal Contract Tower,13,13,46,12,84,0,0,33,0,33,13,13,79,12,117,8,0,8,125
01/30/2013,MFE,TX,ASW,CE,Federal Contract Tower,13,18,41,16,88,0,0,49,4,53,13,18,90,20,141,0,0,0,141
01/31/2013,MFE,TX,ASW,CE,Federal Contract Tower,14,24,37,18,93,0,0,93,0,93,14,24,130,18,186,34,0,34,220
02/01/2013,MFE,TX,ASW,CE,Federal Contract Tower,12,21,50,6,89,0,0,85,0,85,12,21,135,6,174,4,0,4,178
02/02/2013,MFE,TX,ASW,CE,Federal Contract Tower,8,15,34,12,69,0,0,61,2,63,8,15,95,14,132,6,0,6,138
02/03/2013,MFE,TX,ASW,CE,Federal Contract Tower,12,13,21,6,52,0,0,26,0,26,12,13,47,6,78,8,0,8,86
02/04/2013,MFE,TX,ASW,CE,Federal Contract Tower,15,15,52,12,94,0,2,79,4,85,15,17,131,16,179,10,0,10,189
02/05/2013,MFE,TX,ASW,CE,Federal Contract Tower,12,19,46,20,97,0,0,61,4,65,12,19,107,24,162,16,0,16,178
02/06/2013,MFE,TX,ASW,CE,Federal Contract Tower,14,17,26,19,76,0,0,35,0,35,14,17,61,19,111,26,0,26,137
02/07/2013,MFE,TX,ASW,CE,Federal Contract Tower,21,12,70,34,137,0,0,41,0,41,21,12,111,34,178,26,0,26,204
02/08/2013,MFE,TX,ASW,CE,Federal Contract Tower,12,19,42,0,73,0,0,63,0,63,12,19,105,0,136,2,0,2,138
02/09/2013,MFE,TX,ASW,CE,Federal Contract Tower,9,10,45,0,64,0,0,36,0,36,9,10,81,0,100,0,0,0,100
02/10/2013,MFE,TX,ASW,CE,Federal Contract Tower,20,9,22,11,62,0,0,36,0,36,20,9,58,11,98,0,0,0,98
02/11/2013,MFE,TX,ASW,CE,Federal Contract Tower,15,21,43,6,85,0,0,58,0,58,15,21,101,6,143,0,0,0,143
02/12/2013,MFE,TX,ASW,CE,Federal Contract Tower,12,16,43,36,107,0,0,51,5,56,12,16,94,41,163,42,0,42,205
02/13/2013,MFE,TX,ASW,CE,Federal Contract Tower,13,12,55,29,109,0,0,76,1,77,13,12,131,30,186,10,0,10,196
02/14/2013,MFE,TX,ASW,CE,Federal Contract Tower,12,21,37,21,91,0,0,73,0,73,12,21,110,21,164,22,0,22,186
02/15/2013,MFE,TX,ASW,CE,Federal Contract Tower,12,19,28,2,61,0,0,64,1,65,12,19,92,3,126,12,0,12,138
02/16/2013,MFE,TX,ASW,CE,Federal Contract Tower,9,15,15,8,47,0,0,53,0,53,9,15,68,8,100,6,0,6,106
02/17/2013,MFE,TX,ASW,CE,Federal Contract Tower,13,12,33,8,66,0,0,28,0,28,13,12,61,8,94,0,0,0,94
02/18/2013,MFE,TX,ASW,CE,Federal Contract Tower,13,21,36,0,70,0,0,41,0,41,13,21,77,0,111,10,0,10,121
02/19/2013,MFE,TX,ASW,CE,Federal Contract Tower,16,21,40,9,86,0,0,52,0,52,16,21,92,9,138,16,0,16,154
02/20/2013,MFE,TX,ASW,CE,Federal Contract Tower,11,20,44,24,99,0,0,31,0,31,11,20,75,24,130,4,0,4,134
02/21/2013,MFE,TX,ASW,CE,Federal Contract Tower,18,14,31,21,84,0,0,64,0,64,18,14,95,21,148,10,18,28,176
02/22/2013,MFE,TX,ASW,CE,Federal Contract Tower,14,20,49,14,97,0,0,52,1,53,14,20,101,15,150,30,0,30,180
02/23/2013,MFE,TX,ASW,CE,Federal Contract Tower,8,14,16,2,40,0,0,45,0,45,8,14,61,2,85,22,0,22,107
02/24/2013,MFE,TX,ASW,CE,Federal Contract Tower,13,18,18,6,55,0,0,21,0,21,13,18,39,6,76,0,0,0,76
02/25/2013,MFE,TX,ASW,CE,Federal Contract Tower,16,17,32,0,65,0,0,29,0,29,16,17,61,0,94,0,0,0,94
02/26/2013,MFE,TX,ASW,CE,Federal Contract Tower,18,12,41,28,99,0,0,72,0,72,18,12,113,28,171,36,0,36,207
02/27/2013,MFE,TX,ASW,CE,Federal Contract Tower,18,19,38,19,94,0,0,51,1,52,18,19,89,20,146,18,0,18,164
02/28/2013,MFE,TX,ASW,CE,Federal Contract Tower,15,23,51,32,121,0,0,73,2,75,15,23,124,34,196,48,0,48,244
03/01/2013,MFE,TX,ASW,CE,Federal Contract Tower,19,16,28,10,73,0,0,68,0,68,19,16,96,10,141,10,0,10,151
03/02/2013,MFE,TX,ASW,CE,Federal Contract Tower,11,11,15,8,45,0,0,47,0,47,11,11,62,8,92,56,0,56,148
03/03/2013,MFE,TX,ASW,CE,Federal Contract Tower,21,5,21,4,51,0,0,54,0,54,21,5,75,4,105,24,0,24,129
03/04/2013,MFE,TX,ASW,CE,Federal Contract Tower,20,12,46,14,92,0,2,54,2,58,20,14,100,16,150,40,0,40,190
03/05/2013,MFE,TX,ASW,CE,Federal Contract Tower,17,8,32,20,77,0,0,49,0,49,17,8,81,20,126,12,18,30,156
03/06/2013,MFE,TX,ASW,CE,Federal Contract Tower,22,10,52,17,101,0,0,87,0,87,22,10,139,17,188,32,0,32,220
03/07/2013,MFE,TX,ASW,CE,Federal Contract Tower,18,12,36,11,77,0,0,77,1,78,18,12,113,12,155,36,0,36,191
03/08/2013,MFE,TX,ASW,CE,Federal Contract Tower,19,18,51,8,96,0,0,40,0,40,19,18,91,8,136,0,0,0,136
03/09/2013,MFE,TX,ASW,CE,Federal Contract Tower,14,11,33,0,58,0,0,31,0,31,14,11,64,0,89,0,0,0,89
03/10/2013,MFE,TX,ASW,CE,Federal Contract Tower,18,6,21,4,49,0,0,27,0,27,18,6,48,4,76,0,0,0,76
03/11/2013,MFE,TX,ASW,CE,Federal Contract Tower,20,13,23,14,70,0,0,58,8,66,20,13,81,22,136,30,0,30,166
03/12/2013,MFE,TX,ASW,CE,Federal Contract Tower,17,12,32,4,65,0,0,55,0,55,17,12,87,4,120,30,0,30,150
03/13/2013,MFE,TX,ASW,CE,Federal Contract Tower,18,10,30,14,72,0,0,68,0,68,18,10,98,14,140,30,0,30,170
03/14/2013,MFE,TX,ASW,CE,Federal Contract Tower,21,15,47,25,108,0,0,59,1,60,21,15,106,26,168,44,0,44,212
03/15/2013,MFE,TX,ASW,CE,Federal Contract Tower,19,17,40,6,82,0,0,89,0,89,19,17,129,6,171,62,0,62,233
03/16/2013,MFE,TX,ASW,CE,Federal Contract Tower,14,9,39,0,62,0,0,52,0,52,14,9,91,0,114,8,0,8,122
03/17/2013,MFE,TX,ASW,CE,Federal Contract Tower,14,10,35,2,61,0,0,38,0,38,14,10,73,2,99,0,0,0,99
03/18/2013,MFE,TX,ASW,CE,Federal Contract Tower,16,19,52,16,103,0,0,68,0,68,16,19,120,16,171,54,0,54,225
03/19/2013,MFE,TX,ASW,CE,Federal Contract Tower,17,19,48,22,106,0,0,63,0,63,17,19,111,22,169,16,0,16,185
03/20/2013,MFE,TX,ASW,CE,Federal Contract Tower,20,15,53,16,104,0,0,42,0,42,20,15,95,16,146,0,0,0,146
03/21/2013,MFE,TX,ASW,CE,Federal Contract Tower,15,22,52,28,117,0,0,59,0,59,15,22,111,28,176,70,0,70,246
03/22/2013,MFE,TX,ASW,CE,Federal Contract Tower,19,12,67,13,111,0,0,70,3,73,19,12,137,16,184,56,0,56,240
03/23/2013,MFE,TX,ASW,CE,Federal Contract Tower,14,9,32,2,57,0,0,45,0,45,14,9,77,2,102,12,0,12,114
03/24/2013,MFE,TX,ASW,CE,Federal Contract Tower,14,10,43,4,71,0,0,22,0,22,14,10,65,4,93,0,0,0,93
03/25/2013,MFE,TX,ASW,CE,Federal Contract Tower,19,24,46,19,108,0,0,88,0,88,19,24,134,19,196,10,0,10,206
03/26/2013,MFE,TX,ASW,CE,Federal Contract Tower,16,12,36,26,90,0,0,53,0,53,16,12,89,26,143,42,0,42,185
03/27/2013,MFE,TX,ASW,CE,Federal Contract Tower,17,11,54,18,100,0,0,62,0,62,17,11,116,18,162,92,0,92,254
03/28/2013,MFE,TX,ASW,CE,Federal Contract Tower,20,15,51,6,92,0,0,38,0,38,20,15,89,6,130,48,0,48,178
03/29/2013,MFE,TX,ASW,CE,Federal Contract Tower,19,9,52,10,90,0,0,53,0,53,19,9,105,10,143,14,0,14,157
03/30/2013,MFE,TX,ASW,CE,Federal Contract Tower,15,10,28,2,55,0,0,42,0,42,15,10,70,2,97,14,0,14,111
03/31/2013,MFE,TX,ASW,CE,Federal Contract Tower,14,13,24,0,51,0,0,48,0,48,14,13,72,0,99,8,0,8,107
04/01/2013,MFE,TX,ASW,CE,Federal Contract Tower,15,18,50,10,93,0,0,70,0,70,15,18,120,10,163,32,0,32,195
04/02/2013,MFE,TX,ASW,CE,Federal Contract Tower,18,11,58,12,99,0,0,48,0,48,18,11,106,12,147,44,0,44,191
04/03/2013,MFE,TX,ASW,CE,Federal Contract Tower,20,14,42,22,98,0,0,49,0,49,20,14,91,22,147,2,0,2,149
04/04/2013,MFE,TX,ASW,CE,Federal Contract Tower,20,14,44,14,92,0,0,57,0,57,20,14,101,14,149,34,0,34,183
04/05/2013,MFE,TX,ASW,CE,Federal Contract Tower,18,13,44,1,76,0,0,114,0,114,18,13,158,1,190,32,0,32,222
04/06/2013,MFE,TX,ASW,CE,Federal Contract Tower,18,9,34,5,66,0,0,38,1,39,18,9,72,6,105,0,0,0,105
04/07/2013,MFE,TX,ASW,CE,Federal Contract Tower,16,10,30,0,56,0,0,43,2,45,16,10,73,2,101,10,0,10,111
04/08/2013,MFE,TX,ASW,CE,Federal Contract Tower,16,18,52,16,102,0,0,36,0,36,16,18,88,16,138,10,0,10,148
04/09/2013,MFE,TX,ASW,CE,Federal Contract Tower,19,8,37,22,86,0,0,38,2,40,19,8,75,24,126,14,0,14,140
04/10/2013,MFE,TX,ASW,CE,Federal Contract Tower,20,13,46,4,83,0,0,39,0,39,20,13,85,4,122,16,0,16,138
04/11/2013,MFE,TX,ASW,CE,Federal Contract Tower,20,12,32,24,88,0,0,76,0,76,20,12,108,24,164,50,0,50,214
04/12/2013,MFE,TX,ASW,CE,Federal Contract Tower,17,16,29,8,70,0,0,75,0,75,17,16,104,8,145,94,0,94,239
04/13/2013,MFE,TX,ASW,CE,Federal Contract Tower,15,7,15,0,37,0,0,38,0,38,15,7,53,0,75,18,0,18,93
04/14/2013,MFE,TX,ASW,CE,Federal Contract Tower,13,16,39,0,68,0,0,44,2,46,13,16,83,2,114,0,0,0,114
04/15/2013,MFE,TX,ASW,CE,Federal Contract Tower,15,13,32,13,73,0,1,44,1,46,15,14,76,14,119,56,0,56,175
04/16/2013,MFE,TX,ASW,CE,Federal Contract Tower,12,14,35,13,74,0,0,61,0,61,12,14,96,13,135,22,0,22,157
04/17/2013,MFE,TX,ASW,CE,Federal Contract Tower,20,13,33,3,69,0,0,65,0,65,20,13,98,3,134,48,0,48,182
04/18/2013,MFE,TX,ASW,CE,Federal Contract Tower,18,23,43,18,102,0,0,64,0,64,18,23,107,18,166,24,0,24,190
04/19/2013,MFE,TX,ASW,CE,Federal Contract Tower,18,23,52,18,111,0,0,58,0,58,18,23,110,18,169,16,0,16,185
04/20/2013,MFE,TX,ASW,CE,Federal Contract Tower,14,6,16,5,41,0,0,60,0,60,14,6,76,5,101,22,0,22,123
04/21/2013,MFE,TX,ASW,CE,Federal Contract Tower,14,14,33,12,73,0,0,39,0,39,14,14,72,12,112,12,0,12,124
04/22/2013,MFE,TX,ASW,CE,Federal Contract Tower,19,14,39,4,76,0,0,48,0,48,19,14,87,4,124,48,0,48,172
04/23/2013,MFE,TX,ASW,CE,Federal Contract Tower,15,9,46,11,81,0,0,44,1,45,15,9,90,12,126,14,10,24,150
04/24/2013,MFE,TX,ASW,CE,Federal Contract Tower,20,18,49,22,109,0,0,2,0,2,20,18,51,22,111,0,0,0,111
04/25/2013,MFE,TX,ASW,CE,Federal Contract Tower,19,19,53,8,99,0,0,8,0,8,19,19,61,8,107,0,0,0,107
04/26/2013,MFE,TX,ASW,CE,Federal Contract Tower,26,16,62,3,107,0,0,40,0,40,26,16,102,3,147,24,20,44,191
04/27/2013,MFE,TX,ASW,CE,Federal Contract Tower,13,7,34,9,63,0,0,47,0,47,13,7,81,9,110,20,0,20,130
04/28/2013,MFE,TX,ASW,CE,Federal Contract Tower,13,16,22,0,51,0,0,22,0,22,13,16,44,0,73,0,0,0,73
04/29/2013,MFE,TX,ASW,CE,Federal Contract Tower,21,20,50,19,110,0,0,49,3,52,21,20,99,22,162,26,0,26,188
04/30/2013,MFE,TX,ASW,CE,Federal Contract Tower,18,7,38,32,95,0,0,71,0,71,18,7,109,32,166,34,0,34,200
05/01/2013,MFE,TX,ASW,CE,Federal Contract Tower,18,14,45,16,93,0,0,66,0,66,18,14,111,16,159,80,0,80,239
05/02/2013,MFE,TX,ASW,CE,Federal Contract Tower,21,14,42,27,104,0,0,62,1,63,21,14,104,28,167,18,0,18,185
05/03/2013,MFE,TX,ASW,CE,Federal Contract Tower,22,15,25,12,74,0,0,90,0,90,22,15,115,12,164,0,0,0,164
05/04/2013,MFE,TX,ASW,CE,Federal Contract Tower,17,5,28,2,52,0,0,88,0,88,17,5,116,2,140,22,0,22,162
05/05/2013,MFE,TX,ASW,CE,Federal Contract Tower,14,12,14,0,40,0,0,38,0,38,14,12,52,0,78,22,0,22,100
05/06/2013,MFE,TX,ASW,CE,Federal Contract Tower,21,16,28,26,91,0,0,72,0,72,21,16,100,26,163,52,0,52,215
05/07/2013,MFE,TX,ASW,CE,Federal Contract Tower,17,10,52,15,94,0,0,55,0,55,17,10,107,15,149,58,0,58,207
05/08/2013,MFE,TX,ASW,CE,Federal Contract Tower,18,16,55,18,107,0,0,71,0,71,18,16,126,18,178,28,0,28,206
05/09/2013,MFE,TX,ASW,CE,Federal Contract Tower,20,17,40,16,93,0,0,43,2,45,20,17,83,18,138,16,10,26,164
05/10/2013,MFE,TX,ASW,CE,Federal Contract Tower,19,14,43,7,83,0,0,49,0,49,19,14,92,7,132,18,0,18,150
05/11/2013,MFE,TX,ASW,CE,Federal Contract Tower,17,6,22,0,45,0,0,37,0,37,17,6,59,0,82,14,0,14,96
05/12/2013,MFE,TX,ASW,CE,Federal Contract Tower,15,11,24,0,50,0,0,23,0,23,15,11,47,0,73,0,0,0,73
05/13/2013,MFE,TX,ASW,CE,Federal Contract Tower,22,14,41,10,87,0,0,50,0,50,22,14,91,10,137,22,0,22,159
05/14/2013,MFE,TX,ASW,CE,Federal Contract Tower,18,8,45,9,80,0,0,43,0,43,18,8,88,9,123,28,0,28,151
05/15/2013,MFE,TX,ASW,CE,Federal Contract Tower,14,17,54,12,97,0,0,55,0,55,14,17,109,12,152,18,0,18,170
05/16/2013,MFE,TX,ASW,CE,Federal Contract Tower,18,19,46,20,103,0,0,71,0,71,18,19,117,20,174,18,0,18,192
05/17/2013,MFE,TX,ASW,CE,Federal Contract Tower,20,17,40,17,94,0,0,70,2,72,20,17,110,19,166,10,0,10,176
05/18/2013,MFE,TX,ASW,CE,Federal Contract Tower,16,3,15,9,43,0,0,57,0,57,16,3,72,9,100,2,22,24,124
05/19/2013,MFE,TX,ASW,CE,Federal Contract Tower,17,12,23,2,54,0,0,39,0,39,17,12,62,2,93,0,0,0,93
05/20/2013,MFE,TX,ASW,CE,Federal Contract Tower,23,10,39,16,88,0,0,50,3,53,23,10,89,19,141,0,0,0,141
05/21/2013,MFE,TX,ASW,CE,Federal Contract Tower,12,8,36,23,79,0,0,41,0,41,12,8,77,23,120,4,40,44,164
05/22/2013,MFE,TX,ASW,CE,Federal Contract Tower,21,17,35,22,95,0,0,53,0,53,21,17,88,22,148,18,0,18,166
05/23/2013,MFE,TX,ASW,CE,Federal Contract Tower,22,17,45,4,88,0,0,83,0,83,22,17,128,4,171,20,0,20,191
05/24/2013,MFE,TX,ASW,CE,Federal Contract Tower,22,16,39,0,77,0,0,49,0,49,22,16,88,0,126,10,0,10,136
05/25/2013,MFE,TX,ASW,CE,Federal Contract Tower,25,7,13,14,59,0,0,36,1,37,25,7,49,15,96,38,0,38,134
05/26/2013,MFE,TX,ASW,CE,Federal Contract Tower,16,7,28,0,51,0,0,33,0,33,16,7,61,0,84,18,0,18,102
05/27/2013,MFE,TX,ASW,CE,Federal Contract Tower,19,14,34,2,69,0,0,40,2,42,19,14,74,4,111,0,0,0,111
05/28/2013,MFE,TX,ASW,CE,Federal Contract Tower,21,17,38,4,80,0,0,63,0,63,21,17,101,4,143,14,0,14,157
05/29/2013,MFE,TX,ASW,CE,Federal Contract Tower,19,20,48,2,89,0,0,54,1,55,19,20,102,3,144,6,0,6,150
05/30/2013,MFE,TX,ASW,CE,Federal Contract Tower,20,15,41,4,80,0,0,62,0,62,20,15,103,4,142,16,0,16,158
05/31/2013,MFE,TX,ASW,CE,Federal Contract Tower,23,14,46,10,93,0,0,70,0,70,23,14,116,10,163,38,0,38,201
06/01/2013,MFE,TX,ASW,CE,Federal Contract Tower,18,3,14,14,49,0,0,44,0,44,18,3,58,14,93,4,0,4,97
06/02/2013,MFE,TX,ASW,CE,Federal Contract Tower,18,12,25,0,55,0,0,57,0,57,18,12,82,0,112,0,0,0,112
06/03/2013,MFE,TX,ASW,CE,Federal Contract Tower,25,14,39,15,93,0,0,66,3,69,25,14,105,18,162,10,0,10,172
06/04/2013,MFE,TX,ASW,CE,Federal Contract Tower,19,11,35,0,65,0,0,71,0,71,19,11,106,0,136,36,0,36,172
06/05/2013,MFE,TX,ASW,CE,Federal Contract Tower,22,14,49,8,93,0,0,56,2,58,22,14,105,10,151,42,0,42,193
06/06/2013,MFE,TX,ASW,CE,Federal Contract Tower,11,12,31,16,70,0,0,76,0,76,11,12,107,16,146,30,0,30,176
06/07/2013,MFE,TX,ASW,CE,Federal Contract Tower,18,19,26,4,67,0,0,50,0,50,18,19,76,4,117,30,0,30,147
06/08/2013,MFE,TX,ASW,CE,Federal Contract Tower,17,16,17,8,58,0,0,43,0,43,17,16,60,8,101,4,0,4,105
06/09/2013,MFE,TX,ASW,CE,Federal Contract Tower,11,16,13,14,54,0,0,49,8,57,11,16,62,22,111,22,0,22,133
06/10/2013,MFE,TX,ASW,CE,Federal Contract Tower,19,15,30,4,68,0,0,30,0,30,19,15,60,4,98,2,0,2,100
06/11/2013,MFE,TX,ASW,CE,Federal Contract Tower,17,15,43,26,101,0,0,45,2,47,17,15,88,28,148,22,0,22,170
06/12/2013,MFE,TX,ASW,CE,Federal Contract Tower,19,20,39,8,86,0,0,64,0,64,19,20,103,8,150,36,0,36,186
06/13/2013,MFE,TX,ASW,CE,Federal Contract Tower,18,20,51,22,111,0,0,39,0,39,18,20,90,22,150,42,0,42,192
06/14/2013,MFE,TX,ASW,CE,Federal Contract Tower,19,19,32,2,72,0,0,45,0,45,19,19,77,2,117,4,0,4,121
06/15/2013,MFE,TX,ASW,CE,Federal Contract Tower,17,14,18,2,51,0,0,55,0,55,17,14,73,2,106,20,0,20,126
06/16/2013,MFE,TX,ASW,CE,Federal Contract Tower,15,16,32,2,65,0,0,35,0,35,15,16,67,2,100,0,0,0,100
06/17/2013,MFE,TX,ASW,CE,Federal Contract Tower,20,12,45,9,86,0,0,75,0,75,20,12,120,9,161,26,0,26,187
06/18/2013,MFE,TX,ASW,CE,Federal Contract Tower,16,13,30,24,83,0,0,70,0,70,16,13,100,24,153,18,0,18,171
06/19/2013,MFE,TX,ASW,CE,Federal Contract Tower,19,20,33,18,90,0,0,75,0,75,19,20,108,18,165,22,0,22,187
06/20/2013,MFE,TX,ASW,CE,Federal Contract Tower,19,17,36,18,90,0,0,75,2,77,19,17,111,20,167,28,0,28,195
06/21/2013,MFE,TX,ASW,CE,Federal Contract Tower,18,18,29,4,69,0,0,69,0,69,18,18,98,4,138,10,0,10,148
06/22/2013,MFE,TX,ASW,CE,Federal Contract Tower,19,9,13,6,47,0,0,69,0,69,19,9,82,6,116,0,0,0,116
06/23/2013,MFE,TX,ASW,CE,Federal Contract Tower,17,15,25,0,57,0,0,31,0,31,17,15,56,0,88,10,0,10,98
06/24/2013,MFE,TX,ASW,CE,Federal Contract Tower,18,15,37,10,80,0,0,86,0,86,18,15,123,10,166,14,0,14,180
06/25/2013,MFE,TX,ASW,CE,Federal Contract Tower,19,10,42,23,94,0,0,72,0,72,19,10,114,23,166,6,0,6,172
06/26/2013,MFE,TX,ASW,CE,Federal Contract Tower,21,20,38,8,87,0,0,60,0,60,21,20,98,8,147,52,0,52,199
06/27/2013,MFE,TX,ASW,CE,Federal Contract Tower,19,20,28,30,97,0,0,99,1,100,19,20,127,31,197,24,0,24,221
06/28/2013,MFE,TX,ASW,CE,Federal Contract Tower,18,14,32,14,78,0,1,71,0,72,18,15,103,14,150,0,0,0,150
06/29/2013,MFE,TX,ASW,CE,Federal Contract Tower,21,14,22,0,57,0,0,70,0,70,21,14,92,0,127,10,0,10,137
06/30/2013,MFE,TX,ASW,CE,Federal Contract Tower,17,13,13,0,43,0,0,53,0,53,17,13,66,0,96,0,0,0,96
07/01/2013,MFE,TX,ASW,CE,Federal Contract Tower,19,19,39,25,102,0,0,76,3,79,19,19,115,28,181,90,0,90,271
07/02/2013,MFE,TX,ASW,CE,Federal Contract Tower,15,11,31,22,79,0,0,61,1,62,15,11,92,23,141,64,0,64,205
07/03/2013,MFE,TX,ASW,CE,Federal Contract Tower,14,21,29,8,72,0,0,95,0,95,14,21,124,8,167,26,0,26,193
07/04/2013,MFE,TX,ASW,CE,Federal Contract Tower,12,12,16,0,40,0,0,35,0,35,12,12,51,0,75,0,0,0,75
07/05/2013,MFE,TX,ASW,CE,Federal Contract Tower,13,19,22,0,54,0,0,74,0,74,13,19,96,0,128,86,0,86,214
07/06/2013,MFE,TX,ASW,CE,Federal Contract Tower,12,13,16,0,41,0,0,64,0,64,12,13,80,0,105,8,0,8,113
07/07/2013,MFE,TX,ASW,CE,Federal Contract Tower,15,13,23,0,51,0,0,33,0,33,15,13,56,0,84,0,0,0,84
07/08/2013,MFE,TX,ASW,CE,Federal Contract Tower,15,18,25,2,60,0,0,43,0,43,15,18,68,2,103,40,0,40,143
07/09/2013,MFE,TX,ASW,CE,Federal Contract Tower,16,15,40,16,87,0,0,56,0,56,16,15,96,16,143,40,0,40,183
07/10/2013,MFE,TX,ASW,CE,Federal Contract Tower,15,17,42,4,78,0,0,61,2,63,15,17,103,6,141,14,0,14,155
07/11/2013,MFE,TX,ASW,CE,Federal Contract Tower,11,26,24,22,83,0,2,86,2,90,11,28,110,24,173,6,0,6,179
07/12/2013,MFE,TX,ASW,CE,Federal Contract Tower,19,21,26,12,78,0,1,81,0,82,19,22,107,12,160,0,0,0,160
07/13/2013,MFE,TX,ASW,CE,Federal Contract Tower,15,14,26,4,59,0,0,64,0,64,15,14,90,4,123,0,0,0,123
07/14/2013,MFE,TX,ASW,CE,Federal Contract Tower,14,13,21,2,50,0,0,60,0,60,14,13,81,2,110,0,0,0,110
07/15/2013,MFE,TX,ASW,CE,Federal Contract Tower,16,18,30,49,113,0,0,88,3,91,16,18,118,52,204,30,2,32,236
07/16/2013,MFE,TX,ASW,CE,Federal Contract Tower,16,17,50,14,97,0,0,71,1,72,16,17,121,15,169,14,0,14,183
07/17/2013,MFE,TX,ASW,CE,Federal Contract Tower,15,23,32,6,76,0,0,69,0,69,15,23,101,6,145,68,0,68,213
07/18/2013,MFE,TX,ASW,CE,Federal Contract Tower,13,25,24,12,74,0,0,66,0,66,13,25,90,12,140,36,0,36,176
07/19/2013,MFE,TX,ASW,CE,Federal Contract Tower,16,19,47,4,86,0,0,84,1,85,16,19,131,5,171,20,0,20,191
07/20/2013,MFE,TX,ASW,CE,Federal Contract Tower,12,13,30,2,57,0,0,59,0,59,12,13,89,2,116,24,0,24,140
07/21/2013,MFE,TX,ASW,CE,Federal Contract Tower,15,13,28,13,69,0,0,40,14,54,15,13,68,27,123,16,0,16,139
07/22/2013,MFE,TX,ASW,CE,Federal Contract Tower,15,17,31,13,76,0,0,76,0,76,15,17,107,13,152,16,0,16,168
07/23/2013,MFE,TX,ASW,CE,Federal Contract Tower,16,16,32,24,88,0,0,79,1,80,16,16,111,25,168,2,0,2,170
07/24/2013,MFE,TX,ASW,CE,Federal Contract Tower,14,27,41,8,90,0,0,74,2,76,14,27,115,10,166,60,0,60,226
07/25/2013,MFE,TX,ASW,CE,Federal Contract Tower,19,27,26,16,88,0,0,79,0,79,19,27,105,16,167,84,0,84,251
07/26/2013,MFE,TX,ASW,CE,Federal Contract Tower,16,24,25,6,71,0,0,73,0,73,16,24,98,6,144,18,0,18,162
07/27/2013,MFE,TX,ASW,CE,Federal Contract Tower,11,16,14,4,45,0,0,63,0,63,11,16,77,4,108,0,0,0,108
07/28/2013,MFE,TX,ASW,CE,Federal Contract Tower,11,15,20,0,46,0,0,24,0,24,11,15,44,0,70,0,0,0,70
07/29/2013,MFE,TX,ASW,CE,Federal Contract Tower,15,19,47,14,95,0,0,63,0,63,15,19,110,14,158,12,0,12,170
07/30/2013,MFE,TX,ASW,CE,Federal Contract Tower,16,15,43,21,95,0,0,71,0,71,16,15,114,21,166,20,0,20,186
07/31/2013,MFE,TX,ASW,CE,Federal Contract Tower,16,17,21,14,68,0,0,69,0,69,16,17,90,14,137,34,0,34,171
08/01/2013,MFE,TX,ASW,CE,Federal Contract Tower,14,22,38,36,110,0,0,76,0,76,14,22,114,36,186,12,0,12,198
08/02/2013,MFE,TX,ASW,CE,Federal Contract Tower,16,22,38,10,86,0,0,81,0,81,16,22,119,10,167,28,0,28,195
08/03/2013,MFE,TX,ASW,CE,Federal Contract Tower,15,17,16,16,64,0,2,63,0,65,15,19,79,16,129,0,0,0,129
08/04/2013,MFE,TX,ASW,CE,Federal Contract Tower,15,15,32,4,66,0,0,61,0,61,15,15,93,4,127,0,0,0,127
08/05/2013,MFE,TX,ASW,CE,Federal Contract Tower,14,21,23,25,83,0,0,70,0,70,14,21,93,25,153,24,0,24,177
08/06/2013,MFE,TX,ASW,CE,Federal Contract Tower,15,18,41,15,89,0,0,83,2,85,15,18,124,17,174,14,0,14,188
08/07/2013,MFE,TX,ASW,CE,Federal Contract Tower,15,23,26,29,93,0,0,62,1,63,15,23,88,30,156,6,0,6,162
08/08/2013,MFE,TX,ASW,CE,Federal Contract Tower,16,35,38,21,110,0,1,84,4,89,16,36,122,25,199,16,0,16,215
08/09/2013,MFE,TX,ASW,CE,Federal Contract Tower,14,27,33,15,89,0,0,85,0,85,14,27,118,15,174,22,0,22,196
08/10/2013,MFE,TX,ASW,CE,Federal Contract Tower,14,19,21,0,54,0,0,64,0,64,14,19,85,0,118,8,0,8,126
08/11/2013,MFE,TX,ASW,CE,Federal Contract Tower,14,18,20,6,58,0,0,43,2,45,14,18,63,8,103,0,0,0,103
08/12/2013,MFE,TX,ASW,CE,Federal Contract Tower,18,18,35,29,100,0,0,73,0,73,18,18,108,29,173,34,0,34,207
08/13/2013,MFE,TX,ASW,CE,Federal Contract Tower,11,17,42,23,93,0,0,100,0,100,11,17,142,23,193,34,0,34,227
08/14/2013,MFE,TX,ASW,CE,Federal Contract Tower,12,20,48,4,84,0,0,76,2,78,12,20,124,6,162,24,0,24,186
08/15/2013,MFE,TX,ASW,CE,Federal Contract Tower,16,24,49,40,129,0,1,74,0,75,16,25,123,40,204,46,0,46,250
08/16/2013,MFE,TX,ASW,CE,Federal Contract Tower,14,22,27,6,69,0,1,79,0,80,14,23,106,6,149,36,0,36,185
08/17/2013,MFE,TX,ASW,CE,Federal Contract Tower,10,15,20,0,45,0,0,69,0,69,10,15,89,0,114,12,0,12,126
08/18/2013,MFE,TX,ASW,CE,Federal Contract Tower,14,15,18,3,50,0,0,59,2,61,14,15,77,5,111,0,0,0,111
08/19/2013,MFE,TX,ASW,CE,Federal Contract Tower,13,20,40,21,94,0,0,68,0,68,13,20,108,21,162,42,0,42,204
08/20/2013,MFE,TX,ASW,CE,Federal Contract Tower,11,14,53,2,80,0,0,73,0,73,11,14,126,2,153,76,0,76,229
08/21/2013,MFE,TX,ASW,CE,Federal Contract Tower,11,20,38,24,93,0,0,66,0,66,11,20,104,24,159,38,0,38,197
08/22/2013,MFE,TX,ASW,CE,Federal Contract Tower,16,23,37,14,90,0,0,76,0,76,16,23,113,14,166,24,0,24,190
08/23/2013,MFE,TX,ASW,CE,Federal Contract Tower,14,23,39,2,78,0,0,70,0,70,14,23,109,2,148,12,0,12,160
08/24/2013,MFE,TX,ASW,CE,Federal Contract Tower,10,9,22,4,45,0,0,78,0,78,10,9,100,4,123,6,0,6,129
08/25/2013,MFE,TX,ASW,CE,Federal Contract Tower,12,14,41,0,67,0,0,55,0,55,12,14,96,0,122,0,0,0,122
08/26/2013,MFE,TX,ASW,CE,Federal Contract Tower,13,16,37,16,82,0,0,75,0,75,13,16,112,16,157,64,0,64,221
08/27/2013,MFE,TX,ASW,CE,Federal Contract Tower,17,9,35,37,98,0,0,58,3,61,17,9,93,40,159,36,0,36,195
08/28/2013,MFE,TX,ASW,CE,Federal Contract Tower,12,20,45,37,114,0,0,89,0,89,12,20,134,37,203,50,0,50,253
08/29/2013,MFE,TX,ASW,CE,Federal Contract Tower,17,27,38,20,102,0,0,71,2,73,17,27,109,22,175,40,0,40,215
08/30/2013,MFE,TX,ASW,CE,Federal Contract Tower,17,15,40,0,72,0,0,78,0,78,17,15,118,0,150,56,0,56,206
08/31/2013,MFE,TX,ASW,CE,Federal Contract Tower,10,8,20,2,40,0,0,92,0,92,10,8,112,2,132,38,0,38,170
09/01/2013,MFE,TX,ASW,CE,Federal Contract Tower,12,9,17,0,38,0,0,45,0,45,12,9,62,0,83,0,0,0,83
09/02/2013,MFE,TX,ASW,CE,Federal Contract Tower,16,14,25,0,55,0,0,51,0,51,16,14,76,0,106,4,0,4,110
09/03/2013,MFE,TX,ASW,CE,Federal Contract Tower,11,16,40,26,93,0,0,66,0,66,11,16,106,26,159,82,0,82,241
09/04/2013,MFE,TX,ASW,CE,Federal Contract Tower,13,20,38,40,111,0,0,89,0,89,13,20,127,40,200,56,0,56,256
09/05/2013,MFE,TX,ASW,CE,Federal Contract Tower,20,20,45,7,92,0,0,66,0,66,20,20,111,7,158,24,0,24,182
09/06/2013,MFE,TX,ASW,CE,Federal Contract Tower,16,17,36,4,73,0,0,71,0,71,16,17,107,4,144,10,0,10,154
09/07/2013,MFE,TX,ASW,CE,Federal Contract Tower,11,9,11,8,39,0,0,64,0,64,11,9,75,8,103,32,0,32,135
09/08/2013,MFE,TX,ASW,CE,Federal Contract Tower,16,13,45,2,76,0,0,47,0,47,16,13,92,2,123,0,0,0,123
09/09/2013,MFE,TX,ASW,CE,Federal Contract Tower,16,18,40,3,77,0,0,57,1,58,16,18,97,4,135,20,0,20,155
09/10/2013,MFE,TX,ASW,CE,Federal Contract Tower,15,14,42,6,77,0,0,61,0,61,15,14,103,6,138,28,0,28,166
09/11/2013,MFE,TX,ASW,CE,Federal Contract Tower,12,25,54,24,115,0,0,80,2,82,12,25,134,26,197,44,0,44,241
09/12/2013,MFE,TX,ASW,CE,Federal Contract Tower,20,26,50,9,105,0,0,68,1,69,20,26,118,10,174,54,0,54,228
09/13/2013,MFE,TX,ASW,CE,Federal Contract Tower,19,23,77,2,121,0,0,74,0,74,19,23,151,2,195,10,0,10,205
09/14/2013,MFE,TX,ASW,CE,Federal Contract Tower,8,11,11,0,30,0,0,43,0,43,8,11,54,0,73,0,0,0,73
09/15/2013,MFE,TX,ASW,CE,Federal Contract Tower,15,13,20,0,48,0,0,20,0,20,15,13,40,0,68,0,0,0,68
09/16/2013,MFE,TX,ASW,CE,Federal Contract Tower,19,17,32,1,69,0,0,23,0,23,19,17,55,1,92,0,0,0,92
09/17/2013,MFE,TX,ASW,CE,Federal Contract Tower,17,11,41,18,87,0,0,55,2,57,17,11,96,20,144,24,0,24,168
09/18/2013,MFE,TX,ASW,CE,Federal Contract Tower,13,12,51,7,83,0,0,70,0,70,13,12,121,7,153,14,12,26,179
09/19/2013,MFE,TX,ASW,CE,Federal Contract Tower,12,19,34,33,98,0,0,72,4,76,12,19,106,37,174,32,0,32,206
09/20/2013,MFE,TX,ASW,CE,Federal Contract Tower,13,21,40,8,82,0,0,80,8,88,13,21,120,16,170,42,48,90,260
09/21/2013,MFE,TX,ASW,CE,Federal Contract Tower,11,11,26,2,50,0,0,47,0,47,11,11,73,2,97,62,0,62,159
09/22/2013,MFE,TX,ASW,CE,Federal Contract Tower,13,16,20,2,51,0,0,59,2,61,13,16,79,4,112,12,0,12,124
09/23/2013,MFE,TX,ASW,CE,Federal Contract Tower,17,12,27,19,75,0,0,76,0,76,17,12,103,19,151,42,4,46,197
09/24/2013,MFE,TX,ASW,CE,Federal Contract Tower,15,12,48,43,118,0,0,119,1,120,15,12,167,44,238,28,0,28,266
09/25/2013,MFE,TX,ASW,CE,Federal Contract Tower,13,22,39,20,94,0,0,93,1,94,13,22,132,21,188,6,0,6,194
09/26/2013,MFE,TX,ASW,CE,Federal Contract Tower,16,25,42,25,108,0,0,81,2,83,16,25,123,27,191,16,0,16,207
09/27/2013,MFE,TX,ASW,CE,Federal Contract Tower,17,18,46,6,87,0,0,82,0,82,17,18,128,6,169,26,0,26,195
09/28/2013,MFE,TX,ASW,CE,Federal Contract Tower,13,7,21,4,45,0,0,51,0,51,13,7,72,4,96,4,0,4,100
09/29/2013,MFE,TX,ASW,CE,Federal Contract Tower,16,12,22,0,50,0,0,47,0,47,16,12,69,0,97,0,0,0,97
09/30/2013,MFE,TX,ASW,CE,Federal Contract Tower,17,14,43,30,104,0,0,80,0,80,17,14,123,30,184,26,0,26,210
10/01/2013,MFE,TX,ASW,CE,Federal Contract Tower,14,19,42,0,75,0,1,69,0,70,14,20,111,0,145,18,0,18,163
10/02/2013,MFE,TX,ASW,CE,Federal Contract Tower,13,19,32,24,88,0,0,92,0,92,13,19,124,24,180,18,0,18,198
10/03/2013,MFE,TX,ASW,CE,Federal Contract Tower,15,17,30,18,80,0,0,79,0,79,15,17,109,18,159,22,0,22,181
10/04/2013,MFE,TX,ASW,CE,Federal Contract Tower,17,18,30,10,75,0,0,88,0,88,17,18,118,10,163,30,0,30,193
10/05/2013,MFE,TX,ASW,CE,Federal Contract Tower,10,8,32,0,50,0,0,68,0,68,10,8,100,0,118,24,0,24,142
10/06/2013,MFE,TX,ASW,CE,Federal Contract Tower,13,13,27,0,53,0,0,38,0,38,13,13,65,0,91,0,0,0,91
10/07/2013,MFE,TX,ASW,CE,Federal Contract Tower,15,15,39,8,77,0,0,77,0,77,15,15,116,8,154,2,4,6,160
10/08/2013,MFE,TX,ASW,CE,Federal Contract Tower,13,19,33,2,67,0,0,57,3,60,13,19,90,5,127,20,0,20,147
10/09/2013,MFE,TX,ASW,CE,Federal Contract Tower,14,22,31,1,68,0,0,96,1,97,14,22,127,2,165,4,0,4,169
10/10/2013,MFE,TX,ASW,CE,Federal Contract Tower,17,26,39,0,82,0,0,76,0,76,17,26,115,0,158,2,0,2,160
10/11/2013,MFE,TX,ASW,CE,Federal Contract Tower,16,22,28,0,66,0,0,97,0,97,16,22,125,0,163,10,0,10,173
10/12/2013,MFE,TX,ASW,CE,Federal Contract Tower,9,9,8,0,26,0,0,46,2,48,9,9,54,2,74,0,0,0,74
10/13/2013,MFE,TX,ASW,CE,Federal Contract Tower,16,16,17,0,49,0,0,61,0,61,16,16,78,0,110,0,0,0,110
10/14/2013,MFE,TX,ASW,CE,Federal Contract Tower,16,24,47,0,87,0,0,84,0,84,16,24,131,0,171,10,0,10,181
10/15/2013,MFE,TX,ASW,CE,Federal Contract Tower,14,11,34,2,61,0,0,60,0,60,14,11,94,2,121,24,0,24,145
10/16/2013,MFE,TX,ASW,CE,Federal Contract Tower,16,17,24,2,59,0,0,70,0,70,16,17,94,2,129,40,0,40,169
10/17/2013,MFE,TX,ASW,CE,Federal Contract Tower,15,22,55,6,98,0,0,32,0,32,15,22,87,6,130,30,0,30,160
10/18/2013,MFE,TX,ASW,CE,Federal Contract Tower,14,18,33,7,72,0,0,75,0,75,14,18,108,7,147,30,0,30,177
10/19/2013,MFE,TX,ASW,CE,Federal Contract Tower,11,6,19,0,36,0,0,44,0,44,11,6,63,0,80,2,0,2,82
10/20/2013,MFE,TX,ASW,CE,Federal Contract Tower,13,13,35,0,61,0,0,68,0,68,13,13,103,0,129,6,0,6,135
10/21/2013,MFE,TX,ASW,CE,Federal Contract Tower,15,17,47,18,97,0,0,37,0,37,15,17,84,18,134,34,0,34,168
10/22/2013,MFE,TX,ASW,CE,Federal Contract Tower,15,12,40,20,87,0,0,47,0,47,15,12,87,20,134,2,0,2,136
10/23/2013,MFE,TX,ASW,CE,Federal Contract Tower,14,13,50,41,118,0,0,69,1,70,14,13,119,42,188,4,0,4,192
10/24/2013,MFE,TX,ASW,CE,Federal Contract Tower,17,18,41,14,90,0,0,90,0,90,17,18,131,14,180,28,0,28,208
10/25/2013,MFE,TX,ASW,CE,Federal Contract Tower,16,22,38,9,85,0,0,74,1,75,16,22,112,10,160,12,0,12,172
10/26/2013,MFE,TX,ASW,CE,Federal Contract Tower,10,7,20,0,37,0,0,54,0,54,10,7,74,0,91,2,0,2,93
10/27/2013,MFE,TX,ASW,CE,Federal Contract Tower,12,15,30,6,63,0,0,70,3,73,12,15,100,9,136,0,0,0,136
10/28/2013,MFE,TX,ASW,CE,Federal Contract Tower,17,12,43,34,106,0,1,68,0,69,17,13,111,34,175,4,0,4,179
10/29/2013,MFE,TX,ASW,CE,Federal Contract Tower,14,15,38,23,90,0,0,74,0,74,14,15,112,23,164,24,0,24,188
10/30/2013,MFE,TX,ASW,CE,Federal Contract Tower,13,21,27,16,77,0,0,58,3,61,13,21,85,19,138,6,6,12,150
10/31/2013,MFE,TX,ASW,CE,Federal Contract Tower,15,25,29,16,85,0,0,83,0,83,15,25,112,16,168,18,0,18,186
11/01/2013,MFE,TX,ASW,CE,Federal Contract Tower,16,21,54,8,99,0,0,69,0,69,16,21,123,8,168,18,0,18,186
11/02/2013,MFE,TX,ASW,CE,Federal Contract Tower,11,13,14,6,44,0,0,78,0,78,11,13,92,6,122,0,0,0,122
11/03/2013,MFE,TX,ASW,CE,Federal Contract Tower,14,20,26,0,60,0,0,78,0,78,14,20,104,0,138,4,0,4,142
11/04/2013,MFE,TX,ASW,CE,Federal Contract Tower,14,18,34,14,80,0,0,54,0,54,14,18,88,14,134,26,0,26,160
11/05/2013,MFE,TX,ASW,CE,Federal Contract Tower,16,15,36,55,122,0,1,56,2,59,16,16,92,57,181,30,0,30,211
11/06/2013,MFE,TX,ASW,CE,Federal Contract Tower,10,12,30,26,78,0,0,49,0,49,10,12,79,26,127,24,0,24,151
11/07/2013,MFE,TX,ASW,CE,Federal Contract Tower,15,24,53,20,112,0,4,67,0,71,15,28,120,20,183,8,0,8,191
11/08/2013,MFE,TX,ASW,CE,Federal Contract Tower,13,25,42,13,93,0,0,82,0,82,13,25,124,13,175,10,0,10,185
11/09/2013,MFE,TX,ASW,CE,Federal Contract Tower,9,14,28,4,55,0,0,81,0,81,9,14,109,4,136,14,0,14,150
11/10/2013,MFE,TX,ASW,CE,Federal Contract Tower,17,9,17,8,51,0,0,57,0,57,17,9,74,8,108,0,0,0,108
11/11/2013,MFE,TX,ASW,CE,Federal Contract Tower,16,14,47,0,77,0,0,42,0,42,16,14,89,0,119,4,0,4,123
11/12/2013,MFE,TX,ASW,CE,Federal Contract Tower,13,18,43,55,129,0,2,41,3,46,13,20,84,58,175,4,0,4,179
11/13/2013,MFE,TX,ASW,CE,Federal Contract Tower,14,12,64,40,130,0,0,60,0,60,14,12,124,40,190,2,0,2,192
11/14/2013,MFE,TX,ASW,CE,Federal Contract Tower,19,14,62,38,133,0,0,66,0,66,19,14,128,38,199,16,0,16,215
11/15/2013,MFE,TX,ASW,CE,Federal Contract Tower,20,20,62,12,114,0,0,100,0,100,20,20,162,12,214,8,0,8,222
11/16/2013,MFE,TX,ASW,CE,Federal Contract Tower,10,11,34,6,61,0,0,69,0,69,10,11,103,6,130,6,0,6,136
11/17/2013,MFE,TX,ASW,CE,Federal Contract Tower,14,18,36,9,77,0,0,54,0,54,14,18,90,9,131,0,0,0,131
11/18/2013,MFE,TX,ASW,CE,Federal Contract Tower,14,22,51,16,103,0,0,41,0,41,14,22,92,16,144,16,0,16,160
11/19/2013,MFE,TX,ASW,CE,Federal Contract Tower,12,18,28,21,79,0,0,43,0,43,12,18,71,21,122,16,0,16,138
11/20/2013,MFE,TX,ASW,CE,Federal Contract Tower,12,25,45,34,116,0,0,56,0,56,12,25,101,34,172,54,0,54,226
11/21/2013,MFE,TX,ASW,CE,Federal Contract Tower,16,37,43,28,124,0,0,68,0,68,16,37,111,28,192,18,0,18,210
11/22/2013,MFE,TX,ASW,CE,Federal Contract Tower,10,17,46,0,73,0,0,32,0,32,10,17,78,0,105,2,0,2,107
11/23/2013,MFE,TX,ASW,CE,Federal Contract Tower,9,13,18,2,42,0,0,16,0,16,9,13,34,2,58,0,0,0,58
11/24/2013,MFE,TX,ASW,CE,Federal Contract Tower,10,18,41,8,77,0,1,23,0,24,10,19,64,8,101,6,0,6,107
11/25/2013,MFE,TX,ASW,CE,Federal Contract Tower,12,14,46,10,82,0,0,9,0,9,12,14,55,10,91,2,0,2,93
11/26/2013,MFE,TX,ASW,CE,Federal Contract Tower,13,18,37,34,102,0,0,69,4,73,13,18,106,38,175,10,0,10,185
11/27/2013,MFE,TX,ASW,CE,Federal Contract Tower,13,23,37,6,79,0,0,82,0,82,13,23,119,6,161,12,0,12,173
11/28/2013,MFE,TX,ASW,CE,Federal Contract Tower,4,18,16,0,38,0,0,27,0,27,4,18,43,0,65,0,0,0,65
11/29/2013,MFE,TX,ASW,CE,Federal Contract Tower,11,17,27,0,55,0,1,65,0,66,11,18,92,0,121,0,0,0,121
11/30/2013,MFE,TX,ASW,CE,Federal Contract Tower,8,16,22,0,46,0,0,62,0,62,8,16,84,0,108,12,0,12,120
12/01/2013,MFE,TX,ASW,CE,Federal Contract Tower,13,18,19,0,50,0,0,62,0,62,13,18,81,0,112,0,0,0,112
12/02/2013,MFE,TX,ASW,CE,Federal Contract Tower,15,15,37,18,85,0,0,67,0,67,15,15,104,18,152,26,0,26,178
12/03/2013,MFE,TX,ASW,CE,Federal Contract Tower,10,21,53,30,114,0,1,50,6,57,10,22,103,36,171,74,6,80,251
12/04/2013,MFE,TX,ASW,CE,Federal Contract Tower,13,22,61,36,132,0,0,41,0,41,13,22,102,36,173,8,0,8,181
12/05/2013,MFE,TX,ASW,CE,Federal Contract Tower,16,19,46,20,101,0,0,46,0,46,16,19,92,20,147,34,0,34,181
12/06/2013,MFE,TX,ASW,CE,Federal Contract Tower,6,20,25,26,77,0,0,36,0,36,6,20,61,26,113,24,2,26,139
12/07/2013,MFE,TX,ASW,CE,Federal Contract Tower,3,11,14,10,38,0,0,37,0,37,3,11,51,10,75,14,0,14,89
12/08/2013,MFE,TX,ASW,CE,Federal Contract Tower,11,9,37,23,80,0,0,22,0,22,11,9,59,23,102,24,0,24,126
12/09/2013,MFE,TX,ASW,CE,Federal Contract Tower,11,13,55,2,81,0,0,11,0,11,11,13,66,2,92,26,0,26,118
12/10/2013,MFE,TX,ASW,CE,Federal Contract Tower,15,18,55,43,131,0,0,68,0,68,15,18,123,43,199,52,0,52,251
12/11/2013,MFE,TX,ASW,CE,Federal Contract Tower,13,16,60,22,111,0,0,23,0,23,13,16,83,22,134,22,0,22,156
12/12/2013,MFE,TX,ASW,CE,Federal Contract Tower,20,21,47,28,116,0,0,58,0,58,20,21,105,28,174,36,0,36,210
12/13/2013,MFE,TX,ASW,CE,Federal Contract Tower,17,22,35,17,91,0,0,52,0,52,17,22,87,17,143,56,10,66,209
12/14/2013,MFE,TX,ASW,CE,Federal Contract Tower,13,9,34,8,64,0,0,50,0,50,13,9,84,8,114,52,0,52,166
12/15/2013,MFE,TX,ASW,CE,Federal Contract Tower,13,15,27,6,61,0,0,68,0,68,13,15,95,6,129,6,0,6,135
12/16/2013,MFE,TX,ASW,CE,Federal Contract Tower,15,15,67,14,111,0,0,71,1,72,15,15,138,15,183,58,0,58,241
12/17/2013,MFE,TX,ASW,CE,Federal Contract Tower,17,13,56,25,111,0,3,71,15,89,17,16,127,40,200,30,26,56,256
12/18/2013,MFE,TX,ASW,CE,Federal Contract Tower,14,19,42,16,91,0,1,78,10,89,14,20,120,26,180,42,0,42,222
12/19/2013,MFE,TX,ASW,CE,Federal Contract Tower,15,26,53,4,98,0,1,59,0,60,15,27,112,4,158,2,0,2,160
12/20/2013,MFE,TX,ASW,CE,Federal Contract Tower,13,39,49,16,117,0,1,55,0,56,13,40,104,16,173,0,0,0,173
12/21/2013,MFE,TX,ASW,CE,Federal Contract Tower,6,13,30,0,49,0,0,59,4,63,6,13,89,4,112,36,0,36,148
12/22/2013,MFE,TX,ASW,CE,Federal Contract Tower,13,15,34,0,62,0,0,36,0,36,13,15,70,0,98,0,0,0,98
12/23/2013,MFE,TX,ASW,CE,Federal Contract Tower,10,19,19,1,49,2,0,69,0,71,12,19,88,1,120,60,0,60,180
12/24/2013,MFE,TX,ASW,CE,Federal Contract Tower,7,16,9,0,32,0,0,24,0,24,7,16,33,0,56,0,0,0,56
12/25/2013,MFE,TX,ASW,CE,Federal Contract Tower,10,13,14,0,37,0,0,31,0,31,10,13,45,0,68,0,0,0,68
12/26/2013,MFE,TX,ASW,CE,Federal Contract Tower,17,22,37,0,76,0,0,0,0,0,17,22,37,0,76,0,0,0,76
12/27/2013,MFE,TX,ASW,CE,Federal Contract Tower,17,19,35,0,71,0,0,6,0,6,17,19,41,0,77,0,0,0,77
12/28/2013,MFE,TX,ASW,CE,Federal Contract Tower,9,13,20,0,42,0,0,39,0,39,9,13,59,0,81,28,0,28,109
12/29/2013,MFE,TX,ASW,CE,Federal Contract Tower,18,16,27,0,61,0,0,40,0,40,18,16,67,0,101,0,0,0,101
12/30/2013,MFE,TX,ASW,CE,Federal Contract Tower,19,16,29,0,64,0,0,1,0,1,19,16,30,0,65,0,0,0,65
12/31/2013,MFE,TX,ASW,CE,Federal Contract Tower,16,17,14,4,51,0,0,0,0,0,16,17,14,4,51,0,0,0,51
01/01/2014,MFE,TX,ASW,CE,Federal Contract Tower,14,14,21,0,49,0,0,0,0,0,14,14,21,0,49,0,0,0,49
01/02/2014,MFE,TX,ASW,CE,Federal Contract Tower,19,16,32,24,91,0,0,44,0,44,19,16,76,24,135,6,0,6,141
01/03/2014,MFE,TX,ASW,CE,Federal Contract Tower,14,21,21,10,66,0,0,82,0,82,14,21,103,10,148,42,0,42,190
01/04/2014,MFE,TX,ASW,CE,Federal Contract Tower,10,9,29,0,48,0,0,66,0,66,10,9,95,0,114,10,0,10,124
01/05/2014,MFE,TX,ASW,CE,Federal Contract Tower,17,12,23,2,54,0,0,35,0,35,17,12,58,2,89,0,0,0,89
01/06/2014,MFE,TX,ASW,CE,Federal Contract Tower,14,16,38,8,76,0,0,52,2,54,14,16,90,10,130,32,0,32,162
01/07/2014,MFE,TX,ASW,CE,Federal Contract Tower,12,17,34,30,93,0,0,53,0,53,12,17,87,30,146,20,0,20,166
01/08/2014,MFE,TX,ASW,CE,Federal Contract Tower,10,27,45,10,92,0,0,55,0,55,10,27,100,10,147,50,0,50,197
01/09/2014,MFE,TX,ASW,CE,Federal Contract Tower,17,20,51,17,105,0,0,40,3,43,17,20,91,20,148,42,0,42,190
01/10/2014,MFE,TX,ASW,CE,Federal Contract Tower,12,24,36,26,98,0,0,58,0,58,12,24,94,26,156,42,0,42,198
01/11/2014,MFE,TX,ASW,CE,Federal Contract Tower,8,11,25,12,56,0,0,50,0,50,8,11,75,12,106,24,0,24,130
01/12/2014,MFE,TX,ASW,CE,Federal Contract Tower,11,13,29,4,57,0,0,43,0,43,11,13,72,4,100,2,0,2,102
01/13/2014,MFE,TX,ASW,CE,Federal Contract Tower,13,15,26,28,82,0,0,45,0,45,13,15,71,28,127,38,0,38,165
01/14/2014,MFE,TX,ASW,CE,Federal Contract Tower,10,15,40,41,106,0,0,76,0,76,10,15,116,41,182,26,0,26,208
01/15/2014,MFE,TX,ASW,CE,Federal Contract Tower,7,20,27,10,64,0,0,87,1,88,7,20,114,11,152,42,0,42,194
01/16/2014,MFE,TX,ASW,CE,Federal Contract Tower,12,23,33,21,89,0,0,69,1,70,12,23,102,22,159,26,0,26,185
01/17/2014,MFE,TX,ASW,CE,Federal Contract Tower,17,24,49,16,106,0,0,57,0,57,17,24,106,16,163,0,0,0,163
01/18/2014,MFE,TX,ASW,CE,Federal Contract Tower,6,12,15,0,33,0,0,66,0,66,6,12,81,0,99,24,0,24,123
01/19/2014,MFE,TX,ASW,CE,Federal Contract Tower,12,21,15,0,48,0,0,47,0,47,12,21,62,0,95,0,0,0,95
01/20/2014,MFE,TX,ASW,CE,Federal Contract Tower,13,21,51,0,85,0,0,53,0,53,13,21,104,0,138,32,0,32,170
01/21/2014,MFE,TX,ASW,CE,Federal Contract Tower,8,17,36,38,99,0,0,64,2,66,8,17,100,40,165,4,0,4,169
01/22/2014,MFE,TX,ASW,CE,Federal Contract Tower,9,19,59,22,109,0,0,87,1,88,9,19,146,23,197,46,0,46,243
01/23/2014,MFE,TX,ASW,CE,Federal Contract Tower,11,16,50,8,85,0,0,50,0,50,11,16,100,8,135,32,0,32,167
01/24/2014,MFE,TX,ASW,CE,Federal Contract Tower,12,15,26,0,53,0,0,22,0,22,12,15,48,0,75,32,0,32,107
01/25/2014,MFE,TX,ASW,CE,Federal Contract Tower,10,9,14,12,45,0,0,50,1,51,10,9,64,13,96,24,0,24,120
01/26/2014,MFE,TX,ASW,CE,Federal Contract Tower,10,16,29,5,60,0,0,62,0,62,10,16,91,5,122,0,0,0,122
01/27/2014,MFE,TX,ASW,CE,Federal Contract Tower,11,16,50,26,103,0,0,46,0,46,11,16,96,26,149,20,0,20,169
01/28/2014,MFE,TX,ASW,CE,Federal Contract Tower,9,5,28,40,82,0,0,16,1,17,9,5,44,41,99,22,18,40,139
01/29/2014,MFE,TX,ASW,CE,Federal Contract Tower,9,17,35,14,75,0,0,44,0,44,9,17,79,14,119,14,0,14,133
01/30/2014,MFE,TX,ASW,CE,Federal Contract Tower,12,23,51,6,92,0,0,78,3,81,12,23,129,9,173,24,0,24,197
01/31/2014,MFE,TX,ASW,CE,Federal Contract Tower,12,25,49,20,106,0,0,78,0,78,12,25,127,20,184,6,0,6,190
02/01/2014,MFE,TX,ASW,CE,Federal Contract Tower,8,13,34,6,61,0,0,49,0,49,8,13,83,6,110,14,0,14,124
02/02/2014,MFE,TX,ASW,CE,Federal Contract Tower,7,22,19,20,68,0,0,31,0,31,7,22,50,20,99,0,14,14,113
02/03/2014,MFE,TX,ASW,CE,Federal Contract Tower,13,16,62,26,117,0,1,50,0,51,13,17,112,26,168,40,0,40,208
02/04/2014,MFE,TX,ASW,CE,Federal Contract Tower,9,18,40,50,117,0,0,32,0,32,9,18,72,50,149,44,0,44,193
02/05/2014,MFE,TX,ASW,CE,Federal Contract Tower,9,25,65,22,121,0,0,52,0,52,9,25,117,22,173,20,0,20,193
02/06/2014,MFE,TX,ASW,CE,Federal Contract Tower,9,17,16,6,48,0,0,4,0,4,9,17,20,6,52,0,0,0,52
02/07/2014,MFE,TX,ASW,CE,Federal Contract Tower,12,24,22,2,60,0,0,0,0,0,12,24,22,2,60,0,0,0,60
02/08/2014,MFE,TX,ASW,CE,Federal Contract Tower,7,13,23,10,53,0,0,22,0,22,7,13,45,10,75,0,44,44,119
02/09/2014,MFE,TX,ASW,CE,Federal Contract Tower,11,16,22,8,57,0,0,30,0,30,11,16,52,8,87,22,0,22,109
02/10/2014,MFE,TX,ASW,CE,Federal Contract Tower,11,15,44,44,114,0,0,74,0,74,11,15,118,44,188,40,0,40,228
02/11/2014,MFE,TX,ASW,CE,Federal Contract Tower,7,18,27,16,68,0,0,7,0,7,7,18,34,16,75,0,0,0,75
02/12/2014,MFE,TX,ASW,CE,Federal Contract Tower,10,23,45,46,124,0,1,82,0,83,10,24,127,46,207,38,0,38,245
02/13/2014,MFE,TX,ASW,CE,Federal Contract Tower,10,25,52,62,149,0,0,102,2,104,10,25,154,64,253,48,2,50,303
02/14/2014,MFE,TX,ASW,CE,Federal Contract Tower,11,20,37,15,83,0,1,81,0,82,11,21,118,15,165,34,0,34,199
02/15/2014,MFE,TX,ASW,CE,Federal Contract Tower,10,9,13,4,36,0,0,43,0,43,10,9,56,4,79,2,0,2,81
02/16/2014,MFE,TX,ASW,CE,Federal Contract Tower,11,16,41,0,68,0,0,40,0,40,11,16,81,0,108,12,0,12,120
02/17/2014,MFE,TX,ASW,CE,Federal Contract Tower,12,16,53,6,87,0,0,60,0,60,12,16,113,6,147,64,0,64,211
02/18/2014,MFE,TX,ASW,CE,Federal Contract Tower,10,21,48,23,102,0,0,56,0,56,10,21,104,23,158,14,0,14,172
02/19/2014,MFE,TX,ASW,CE,Federal Contract Tower,9,20,34,36,99,0,0,67,3,70,9,20,101,39,169,52,0,52,221
02/20/2014,MFE,TX,ASW,CE,Federal Contract Tower,10,19,27,27,83,0,0,61,0,61,10,19,88,27,144,20,0,20,164
02/21/2014,MFE,TX,ASW,CE,Federal Contract Tower,11,18,23,8,60,0,4,105,2,111,11,22,128,10,171,52,0,52,223
02/22/2014,MFE,TX,ASW,CE,Federal Contract Tower,8,10,20,13,51,0,0,50,0,50,8,10,70,13,101,52,0,52,153
02/23/2014,MFE,TX,ASW,CE,Federal Contract Tower,9,18,26,8,61,0,0,63,0,63,9,18,89,8,124,6,0,6,130
02/24/2014,MFE,TX,ASW,CE,Federal Contract Tower,14,19,46,6,85,0,0,14,0,14,14,19,60,6,99,0,0,0,99
02/25/2014,MFE,TX,ASW,CE,Federal Contract Tower,11,16,32,12,71,0,0,34,0,34,11,16,66,12,105,46,0,46,151
02/26/2014,MFE,TX,ASW,CE,Federal Contract Tower,9,20,56,34,119,0,0,9,0,9,9,20,65,34,128,0,0,0,128
02/27/2014,MFE,TX,ASW,CE,Federal Contract Tower,11,25,33,14,83,0,0,73,3,76,11,25,106,17,159,30,0,30,189
02/28/2014,MFE,TX,ASW,CE,Federal Contract Tower,14,20,36,20,90,0,0,79,2,81,14,20,115,22,171,30,0,30,201
03/01/2014,MFE,TX,ASW,CE,Federal Contract Tower,9,14,17,4,44,0,0,53,0,53,9,14,70,4,97,0,0,0,97
03/02/2014,MFE,TX,ASW,CE,Federal Contract Tower,8,16,13,11,48,0,0,29,0,29,8,16,42,11,77,16,0,16,93
03/03/2014,MFE,TX,ASW,CE,Federal Contract Tower,11,20,50,12,93,0,0,8,0,8,11,20,58,12,101,0,0,0,101
03/04/2014,MFE,TX,ASW,CE,Federal Contract Tower,12,16,38,32,98,0,0,9,0,9,12,16,47,32,107,0,0,0,107
03/05/2014,MFE,TX,ASW,CE,Federal Contract Tower,10,32,75,12,129,0,0,5,0,5,10,32,80,12,134,0,12,12,146
03/06/2014,MFE,TX,ASW,CE,Federal Contract Tower,14,20,69,30,133,0,0,91,4,95,14,20,160,34,228,60,0,60,288
03/07/2014,MFE,TX,ASW,CE,Federal Contract Tower,12,32,51,5,100,0,0,89,2,91,12,32,140,7,191,38,0,38,229
03/08/2014,MFE,TX,ASW,CE,Federal Contract Tower,9,20,21,1,51,0,0,37,0,37,9,20,58,1,88,22,0,22,110
03/09/2014,MFE,TX,ASW,CE,Federal Contract Tower,12,19,20,18,69,0,0,5,0,5,12,19,25,18,74,0,0,0,74
03/10/2014,MFE,TX,ASW,CE,Federal Contract Tower,13,22,34,2,71,0,0,0,0,0,13,22,34,2,71,0,0,0,71
03/11/2014,MFE,TX,ASW,CE,Federal Contract Tower,12,22,46,16,96,0,0,65,0,65,12,22,111,16,161,0,0,0,161
03/12/2014,MFE,TX,ASW,CE,Federal Contract Tower,14,22,50,18,104,0,0,51,2,53,14,22,101,20,157,0,0,0,157
03/13/2014,MFE,TX,ASW,CE,Federal Contract Tower,12,27,47,12,98,0,1,95,6,102,12,28,142,18,200,28,0,28,228
03/14/2014,MFE,TX,ASW,CE,Federal Contract Tower,15,20,48,4,87,0,0,81,0,81,15,20,129,4,168,0,0,0,168
03/15/2014,MFE,TX,ASW,CE,Federal Contract Tower,9,20,17,4,50,0,0,52,0,52,9,20,69,4,102,10,0,10,112
03/16/2014,MFE,TX,ASW,CE,Federal Contract Tower,13,15,22,10,60,0,0,28,0,28,13,15,50,10,88,10,0,10,98
03/17/2014,MFE,TX,ASW,CE,Federal Contract Tower,15,18,35,28,96,0,2,94,4,100,15,20,129,32,196,20,0,20,216
03/18/2014,MFE,TX,ASW,CE,Federal Contract Tower,11,24,32,38,105,0,0,65,4,69,11,24,97,42,174,14,58,72,246
03/19/2014,MFE,TX,ASW,CE,Federal Contract Tower,11,20,40,13,84,0,0,73,0,73,11,20,113,13,157,30,0,30,187
03/20/2014,MFE,TX,ASW,CE,Federal Contract Tower,12,23,42,20,97,0,0,65,0,65,12,23,107,20,162,0,0,0,162
03/21/2014,MFE,TX,ASW,CE,Federal Contract Tower,13,20,35,14,82,0,0,55,0,55,13,20,90,14,137,50,0,50,187
03/22/2014,MFE,TX,ASW,CE,Federal Contract Tower,11,14,29,0,54,0,0,42,0,42,11,14,71,0,96,0,0,0,96
03/23/2014,MFE,TX,ASW,CE,Federal Contract Tower,13,20,21,8,62,0,0,2,0,2,13,20,23,8,64,0,0,0,64
03/24/2014,MFE,TX,ASW,CE,Federal Contract Tower,14,26,42,31,113,0,0,16,0,16,14,26,58,31,129,0,0,0,129
03/25/2014,MFE,TX,ASW,CE,Federal Contract Tower,12,21,42,30,105,0,0,47,0,47,12,21,89,30,152,28,0,28,180
03/26/2014,MFE,TX,ASW,CE,Federal Contract Tower,12,26,50,23,111,0,0,38,0,38,12,26,88,23,149,16,0,16,165
03/27/2014,MFE,TX,ASW,CE,Federal Contract Tower,13,37,39,10,99,0,0,65,0,65,13,37,104,10,164,16,0,16,180
03/28/2014,MFE,TX,ASW,CE,Federal Contract Tower,12,19,44,11,86,0,0,58,0,58,12,19,102,11,144,10,0,10,154
03/29/2014,MFE,TX,ASW,CE,Federal Contract Tower,10,16,22,0,48,0,0,71,0,71,10,16,93,0,119,38,0,38,157
03/30/2014,MFE,TX,ASW,CE,Federal Contract Tower,13,20,13,0,46,0,0,77,0,77,13,20,90,0,123,0,0,0,123
03/31/2014,MFE,TX,ASW,CE,Federal Contract Tower,13,18,32,10,73,0,1,56,7,64,13,19,88,17,137,0,0,0,137
04/01/2014,MFE,TX,ASW,CE,Federal Contract Tower,11,14,38,48,111,0,0,45,0,45,11,14,83,48,156,30,0,30,186
04/02/2014,MFE,TX,ASW,CE,Federal Contract Tower,14,17,46,7,84,0,0,28,5,33,14,17,74,12,117,0,0,0,117
04/03/2014,MFE,TX,ASW,CE,Federal Contract Tower,12,20,48,26,106,0,0,68,0,68,12,20,116,26,174,42,0,42,216
04/04/2014,MFE,TX,ASW,CE,Federal Contract Tower,11,23,31,16,81,0,0,44,4,48,11,23,75,20,129,20,36,56,185
04/05/2014,MFE,TX,ASW,CE,Federal Contract Tower,12,13,20,10,55,0,0,17,0,17,12,13,37,10,72,26,0,26,98
04/06/2014,MFE,TX,ASW,CE,Federal Contract Tower,14,14,31,6,65,0,0,16,0,16,14,14,47,6,81,0,0,0,81
04/07/2014,MFE,TX,ASW,CE,Federal Contract Tower,14,19,34,26,93,0,0,68,1,69,14,19,102,27,162,0,0,0,162
04/08/2014,MFE,TX,ASW,CE,Federal Contract Tower,12,13,34,32,91,0,0,88,0,88,12,13,122,32,179,18,0,18,197
04/09/2014,MFE,TX,ASW,CE,Federal Contract Tower,15,16,32,19,82,0,0,89,3,92,15,16,121,22,174,10,12,22,196
04/10/2014,MFE,TX,ASW,CE,Federal Contract Tower,13,25,56,13,107,0,0,61,1,62,13,25,117,14,169,0,0,0,169
04/11/2014,MFE,TX,ASW,CE,Federal Contract Tower,13,21,33,10,77,0,0,88,0,88,13,21,121,10,165,34,0,34,199
04/12/2014,MFE,TX,ASW,CE,Federal Contract Tower,12,16,42,0,70,0,0,55,0,55,12,16,97,0,125,38,0,38,163
04/13/2014,MFE,TX,ASW,CE,Federal Contract Tower,15,14,30,2,61,0,0,50,0,50,15,14,80,2,111,0,0,0,111
04/14/2014,MFE,TX,ASW,CE,Federal Contract Tower,15,17,47,32,111,0,0,46,2,48,15,17,93,34,159,20,4,24,183
04/15/2014,MFE,TX,ASW,CE,Federal Contract Tower,13,25,49,7,94,0,0,89,3,92,13,25,138,10,186,38,0,38,224
04/16/2014,MFE,TX,ASW,CE,Federal Contract Tower,12,16,46,22,96,0,0,76,5,81,12,16,122,27,177,10,0,10,187
04/17/2014,MFE,TX,ASW,CE,Federal Contract Tower,14,22,55,12,103,0,0,71,0,71,14,22,126,12,174,0,0,0,174
04/18/2014,MFE,TX,ASW,CE,Federal Contract Tower,14,20,27,18,79,0,0,37,0,37,14,20,64,18,116,8,0,8,124
04/19/2014,MFE,TX,ASW,CE,Federal Contract Tower,12,18,15,0,45,0,0,47,0,47,12,18,62,0,92,18,0,18,110
04/20/2014,MFE,TX,ASW,CE,Federal Contract Tower,13,12,36,2,63,0,0,37,0,37,13,12,73,2,100,0,0,0,100
04/21/2014,MFE,TX,ASW,CE,Federal Contract Tower,15,19,35,26,95,0,0,47,0,47,15,19,82,26,142,16,0,16,158
04/22/2014,MFE,TX,ASW,CE,Federal Contract Tower,11,16,39,25,91,0,0,64,1,65,11,16,103,26,156,0,0,0,156
04/23/2014,MFE,TX,ASW,CE,Federal Contract Tower,15,25,29,20,89,0,1,70,8,79,15,26,99,28,168,8,0,8,176
04/24/2014,MFE,TX,ASW,CE,Federal Contract Tower,12,32,48,16,108,0,0,63,4,67,12,32,111,20,175,38,0,38,213
04/25/2014,MFE,TX,ASW,CE,Federal Contract Tower,13,18,46,3,80,0,0,77,0,77,13,18,123,3,157,38,0,38,195
04/26/2014,MFE,TX,ASW,CE,Federal Contract Tower,14,11,25,10,60,0,1,59,0,60,14,12,84,10,120,10,0,10,130
04/27/2014,MFE,TX,ASW,CE,Federal Contract Tower,12,15,26,22,75,0,0,59,0,59,12,15,85,22,134,6,0,6,140
04/28/2014,MFE,TX,ASW,CE,Federal Contract Tower,15,18,34,39,106,0,0,66,0,66,15,18,100,39,172,36,0,36,208
04/29/2014,MFE,TX,ASW,CE,Federal Contract Tower,12,15,39,37,103,0,1,67,0,68,12,16,106,37,171,16,0,16,187
04/30/2014,MFE,TX,ASW,CE,Federal Contract Tower,14,17,47,7,85,0,0,96,7,103,14,17,143,14,188,0,0,0,188
05/01/2014,MFE,TX,ASW,CE,Federal Contract Tower,14,19,52,14,99,0,0,94,0,94,14,19,146,14,193,50,0,50,243
05/02/2014,MFE,TX,ASW,CE,Federal Contract Tower,13,18,44,7,82,0,0,71,0,71,13,18,115,7,153,6,0,6,159
05/03/2014,MFE,TX,ASW,CE,Federal Contract Tower,13,13,23,14,63,0,0,87,0,87,13,13,110,14,150,6,0,6,156
05/04/2014,MFE,TX,ASW,CE,Federal Contract Tower,15,10,28,2,55,0,0,53,0,53,15,10,81,2,108,0,0,0,108
05/05/2014,MFE,TX,ASW,CE,Federal Contract Tower,13,26,33,20,92,0,0,66,1,67,13,26,99,21,159,14,0,14,173
05/06/2014,MFE,TX,ASW,CE,Federal Contract Tower,10,27,26,16,79,0,0,55,6,61,10,27,81,22,140,30,0,30,170
05/07/2014,MFE,TX,ASW,CE,Federal Contract Tower,13,28,43,10,94,0,0,57,0,57,13,28,100,10,151,0,0,0,151
05/08/2014,MFE,TX,ASW,CE,Federal Contract Tower,8,26,52,24,110,0,0,48,0,48,8,26,100,24,158,18,0,18,176
05/09/2014,MFE,TX,ASW,CE,Federal Contract Tower,16,19,36,18,89,0,0,57,0,57,16,19,93,18,146,12,0,12,158
05/10/2014,MFE,TX,ASW,CE,Federal Contract Tower,12,14,14,10,50,0,0,53,0,53,12,14,67,10,103,20,0,20,123
05/11/2014,MFE,TX,ASW,CE,Federal Contract Tower,13,21,22,5,61,0,0,28,1,29,13,21,50,6,90,0,0,0,90
05/12/2014,MFE,TX,ASW,CE,Federal Contract Tower,8,21,60,9,98,0,0,50,0,50,8,21,110,9,148,30,0,30,178
05/13/2014,MFE,TX,ASW,CE,Federal Contract Tower,13,17,36,12,78,0,0,10,0,10,13,17,46,12,88,0,0,0,88
05/14/2014,MFE,TX,ASW,CE,Federal Contract Tower,13,24,35,20,92,0,0,58,0,58,13,24,93,20,150,4,0,4,154
05/15/2014,MFE,TX,ASW,CE,Federal Contract Tower,13,27,51,18,109,0,0,78,1,79,13,27,129,19,188,12,0,12,200
05/16/2014,MFE,TX,ASW,CE,Federal Contract Tower,13,28,42,3,86,0,0,81,0,81,13,28,123,3,167,12,0,12,179
05/17/2014,MFE,TX,ASW,CE,Federal Contract Tower,12,17,12,10,51,0,0,60,0,60,12,17,72,10,111,0,0,0,111
05/18/2014,MFE,TX,ASW,CE,Federal Contract Tower,12,18,30,2,62,0,1,63,0,64,12,19,93,2,126,16,0,16,142
05/19/2014,MFE,TX,ASW,CE,Federal Contract Tower,13,22,47,38,120,0,0,96,0,96,13,22,143,38,216,22,0,22,238
05/20/2014,MFE,TX,ASW,CE,Federal Contract Tower,11,20,34,34,99,0,0,123,11,134,11,20,157,45,233,0,0,0,233
05/21/2014,MFE,TX,ASW,CE,Federal Contract Tower,15,26,44,6,91,0,0,71,0,71,15,26,115,6,162,4,0,4,166
05/22/2014,MFE,TX,ASW,CE,Federal Contract Tower,15,19,41,12,87,0,0,54,0,54,15,19,95,12,141,0,0,0,141
05/23/2014,MFE,TX,ASW,CE,Federal Contract Tower,13,24,57,9,103,0,0,64,0,64,13,24,121,9,167,12,0,12,179
05/24/2014,MFE,TX,ASW,CE,Federal Contract Tower,15,17,18,0,50,0,0,50,0,50,15,17,68,0,100,26,0,26,126
05/25/2014,MFE,TX,ASW,CE,Federal Contract Tower,8,14,11,0,33,0,0,28,0,28,8,14,39,0,61,0,0,0,61
05/26/2014,MFE,TX,ASW,CE,Federal Contract Tower,16,17,21,0,54,0,0,57,0,57,16,17,78,0,111,26,0,26,137
05/27/2014,MFE,TX,ASW,CE,Federal Contract Tower,12,15,54,35,116,0,0,57,3,60,12,15,111,38,176,0,0,0,176
05/28/2014,MFE,TX,ASW,CE,Federal Contract Tower,13,24,36,10,83,0,0,44,1,45,13,24,80,11,128,0,0,0,128
05/29/2014,MFE,TX,ASW,CE,Federal Contract Tower,14,23,43,20,100,0,0,80,0,80,14,23,123,20,180,14,10,24,204
05/30/2014,MFE,TX,ASW,CE,Federal Contract Tower,15,26,34,2,77,0,0,69,0,69,15,26,103,2,146,14,0,14,160
05/31/2014,MFE,TX,ASW,CE,Federal Contract Tower,15,19,19,13,66,0,0,75,0,75,15,19,94,13,141,18,30,48,189
06/01/2014,MFE,TX,ASW,CE,Federal Contract Tower,12,15,26,6,59,0,0,61,3,64,12,15,87,9,123,0,0,0,123
06/02/2014,MFE,TX,ASW,CE,Federal Contract Tower,16,22,38,40,116,0,0,82,10,92,16,22,120,50,208,0,0,0,208
06/03/2014,MFE,TX,ASW,CE,Federal Contract Tower,12,13,31,31,87,0,0,72,3,75,12,13,103,34,162,30,0,30,192
06/04/2014,MFE,TX,ASW,CE,Federal Contract Tower,16,16,53,32,117,0,0,68,2,70,16,16,121,34,187,26,0,26,213
06/05/2014,MFE,TX,ASW,CE,Federal Contract Tower,20,20,39,31,110,0,0,66,0,66,20,20,105,31,176,0,0,0,176
06/06/2014,MFE,TX,ASW,CE,Federal Contract Tower,16,13,30,14,73,0,0,80,1,81,16,13,110,15,154,4,0,4,158
06/07/2014,MFE,TX,ASW,CE,Federal Contract Tower,16,18,10,8,52,0,0,77,0,77,16,18,87,8,129,20,0,20,149
06/08/2014,MFE,TX,ASW,CE,Federal Contract Tower,16,17,24,19,76,0,0,48,2,50,16,17,72,21,126,36,0,36,162
06/09/2014,MFE,TX,ASW,CE,Federal Contract Tower,19,20,24,49,112,0,0,80,1,81,19,20,104,50,193,0,0,0,193
06/10/2014,MFE,TX,ASW,CE,Federal Contract Tower,12,17,42,22,93,0,0,77,5,82,12,17,119,27,175,2,0,2,177
06/11/2014,MFE,TX,ASW,CE,Federal Contract Tower,16,17,34,11,78,0,0,81,0,81,16,17,115,11,159,48,0,48,207
06/12/2014,MFE,TX,ASW,CE,Federal Contract Tower,19,26,39,23,107,0,0,110,0,110,19,26,149,23,217,18,0,18,235
06/13/2014,MFE,TX,ASW,CE,Federal Contract Tower,19,20,31,4,74,0,0,93,0,93,19,20,124,4,167,38,0,38,205
06/14/2014,MFE,TX,ASW,CE,Federal Contract Tower,15,14,22,4,55,0,0,76,0,76,15,14,98,4,131,6,0,6,137
06/15/2014,MFE,TX,ASW,CE,Federal Contract Tower,16,13,15,0,44,0,0,63,0,63,16,13,78,0,107,0,0,0,107
06/16/2014,MFE,TX,ASW,CE,Federal Contract Tower,18,13,57,36,124,0,0,79,1,80,18,13,136,37,204,4,0,4,208
06/17/2014,MFE,TX,ASW,CE,Federal Contract Tower,13,24,45,19,101,0,0,73,1,74,13,24,118,20,175,18,0,18,193
06/18/2014,MFE,TX,ASW,CE,Federal Contract Tower,18,20,43,22,103,0,0,103,1,104,18,20,146,23,207,4,0,4,211
06/19/2014,MFE,TX,ASW,CE,Federal Contract Tower,20,25,42,26,113,0,0,69,0,69,20,25,111,26,182,32,0,32,214
06/20/2014,MFE,TX,ASW,CE,Federal Contract Tower,17,20,36,8,81,0,0,71,1,72,17,20,107,9,153,50,0,50,203
06/21/2014,MFE,TX,ASW,CE,Federal Contract Tower,15,16,21,2,54,0,0,67,0,67,15,16,88,2,121,36,0,36,157
06/22/2014,MFE,TX,ASW,CE,Federal Contract Tower,18,18,22,0,58,0,0,45,0,45,18,18,67,0,103,0,0,0,103
06/23/2014,MFE,TX,ASW,CE,Federal Contract Tower,17,15,48,18,98,0,0,74,0,74,17,15,122,18,172,32,0,32,204
06/24/2014,MFE,TX,ASW,CE,Federal Contract Tower,13,21,39,36,109,0,0,40,0,40,13,21,79,36,149,22,0,22,171
06/25/2014,MFE,TX,ASW,CE,Federal Contract Tower,18,25,50,36,129,0,0,62,0,62,18,25,112,36,191,2,0,2,193
06/26/2014,MFE,TX,ASW,CE,Federal Contract Tower,18,17,36,19,90,0,0,65,2,67,18,17,101,21,157,62,44,106,263
06/27/2014,MFE,TX,ASW,CE,Federal Contract Tower,14,15,30,12,71,0,0,74,0,74,14,15,104,12,145,34,0,34,179
06/28/2014,MFE,TX,ASW,CE,Federal Contract Tower,18,18,22,1,59,0,0,54,0,54,18,18,76,1,113,10,0,10,123
06/29/2014,MFE,TX,ASW,CE,Federal Contract Tower,20,21,18,1,60,0,0,28,1,29,20,21,46,2,89,16,4,20,109
06/30/2014,MFE,TX,ASW,CE,Federal Contract Tower,21,16,26,44,107,0,0,45,8,53,21,16,71,52,160,0,0,0,160
07/01/2014,MFE,TX,ASW,CE,Federal Contract Tower,13,19,44,46,122,0,0,58,4,62,13,19,102,50,184,56,0,56,240
07/02/2014,MFE,TX,ASW,CE,Federal Contract Tower,14,32,31,28,105,0,0,72,0,72,14,32,103,28,177,18,0,18,195
07/03/2014,MFE,TX,ASW,CE,Federal Contract Tower,17,29,43,1,90,0,0,81,0,81,17,29,124,1,171,24,0,24,195
07/04/2014,MFE,TX,ASW,CE,Federal Contract Tower,13,17,11,0,41,0,0,57,0,57,13,17,68,0,98,18,0,18,116
07/05/2014,MFE,TX,ASW,CE,Federal Contract Tower,14,18,6,0,38,0,0,47,0,47,14,18,53,0,85,42,0,42,127
07/06/2014,MFE,TX,ASW,CE,Federal Contract Tower,14,15,24,0,53,0,0,62,0,62,14,15,86,0,115,16,0,16,131
07/07/2014,MFE,TX,ASW,CE,Federal Contract Tower,15,21,43,28,107,0,0,75,1,76,15,21,118,29,183,40,0,40,223
07/08/2014,MFE,TX,ASW,CE,Federal Contract Tower,12,19,38,18,87,0,0,71,0,71,12,19,109,18,158,0,0,0,158
07/09/2014,MFE,TX,ASW,CE,Federal Contract Tower,14,26,54,9,103,0,0,83,0,83,14,26,137,9,186,60,0,60,246
07/10/2014,MFE,TX,ASW,CE,Federal Contract Tower,16,28,34,17,95,0,0,42,0,42,16,28,76,17,137,4,0,4,141
07/11/2014,MFE,TX,ASW,CE,Federal Contract Tower,17,34,46,29,126,0,0,68,0,68,17,34,114,29,194,80,0,80,274
07/12/2014,MFE,TX,ASW,CE,Federal Contract Tower,15,19,22,9,65,0,0,59,1,60,15,19,81,10,125,0,0,0,125
07/13/2014,MFE,TX,ASW,CE,Federal Contract Tower,15,15,20,24,74,0,0,52,2,54,15,15,72,26,128,12,0,12,140
07/14/2014,MFE,TX,ASW,CE,Federal Contract Tower,14,19,40,23,96,0,0,88,3,91,14,19,128,26,187,56,0,56,243
07/15/2014,MFE,TX,ASW,CE,Federal Contract Tower,16,19,30,29,94,0,0,83,1,84,16,19,113,30,178,70,0,70,248
07/16/2014,MFE,TX,ASW,CE,Federal Contract Tower,19,25,40,8,92,0,0,92,1,93,19,25,132,9,185,0,0,0,185
07/17/2014,MFE,TX,ASW,CE,Federal Contract Tower,15,29,29,35,108,0,0,86,13,99,15,29,115,48,207,26,0,26,233
07/18/2014,MFE,TX,ASW,CE,Federal Contract Tower,15,28,42,4,89,0,0,70,0,70,15,28,112,4,159,18,0,18,177
07/19/2014,MFE,TX,ASW,CE,Federal Contract Tower,15,29,13,0,57,0,0,57,2,59,15,29,70,2,116,0,0,0,116
07/20/2014,MFE,TX,ASW,CE,Federal Contract Tower,24,20,16,4,64,0,0,59,0,59,24,20,75,4,123,0,0,0,123
07/21/2014,MFE,TX,ASW,CE,Federal Contract Tower,15,24,31,24,94,0,0,53,0,53,15,24,84,24,147,0,0,0,147
07/22/2014,MFE,TX,ASW,CE,Federal Contract Tower,17,24,35,29,105,0,0,53,2,55,17,24,88,31,160,42,0,42,202
07/23/2014,MFE,TX,ASW,CE,Federal Contract Tower,14,23,39,40,116,0,0,88,2,90,14,23,127,42,206,48,0,48,254
07/24/2014,MFE,TX,ASW,CE,Federal Contract Tower,17,23,39,15,94,0,0,62,0,62,17,23,101,15,156,52,0,52,208
07/25/2014,MFE,TX,ASW,CE,Federal Contract Tower,17,21,28,16,82,0,0,85,0,85,17,21,113,16,167,26,0,26,193
07/26/2014,MFE,TX,ASW,CE,Federal Contract Tower,12,20,22,0,54,0,0,73,0,73,12,20,95,0,127,6,0,6,133
07/27/2014,MFE,TX,ASW,CE,Federal Contract Tower,13,12,17,1,43,0,0,72,0,72,13,12,89,1,115,20,0,20,135
07/28/2014,MFE,TX,ASW,CE,Federal Contract Tower,18,24,37,18,97,0,0,73,0,73,18,24,110,18,170,32,0,32,202
07/29/2014,MFE,TX,ASW,CE,Federal Contract Tower,11,24,29,16,80,0,0,75,0,75,11,24,104,16,155,0,80,80,235
07/30/2014,MFE,TX,ASW,CE,Federal Contract Tower,18,25,35,36,114,0,0,94,11,105,18,25,129,47,219,28,0,28,247
07/31/2014,MFE,TX,ASW,CE,Federal Contract Tower,15,23,16,35,89,0,0,66,0,66,15,23,82,35,155,50,2,52,207
08/01/2014,MFE,TX,ASW,CE,Federal Contract Tower,16,25,41,13,95,0,0,68,1,69,16,25,109,14,164,74,0,74,238
08/02/2014,MFE,TX,ASW,CE,Federal Contract Tower,15,23,11,6,55,0,0,43,0,43,15,23,54,6,98,0,0,0,98
08/03/2014,MFE,TX,ASW,CE,Federal Contract Tower,12,14,19,6,51,0,0,40,0,40,12,14,59,6,91,24,0,24,115
08/04/2014,MFE,TX,ASW,CE,Federal Contract Tower,15,23,34,19,91,0,0,72,2,74,15,23,106,21,165,44,0,44,209
08/05/2014,MFE,TX,ASW,CE,Federal Contract Tower,9,23,34,39,105,0,0,92,17,109,9,23,126,56,214,28,20,48,262
08/06/2014,MFE,TX,ASW,CE,Federal Contract Tower,12,20,47,16,95,0,0,98,1,99,12,20,145,17,194,64,0,64,258
08/07/2014,MFE,TX,ASW,CE,Federal Contract Tower,17,26,36,18,97,0,0,99,0,99,17,26,135,18,196,50,0,50,246
08/08/2014,MFE,TX,ASW,CE,Federal Contract Tower,14,20,41,24,99,0,0,78,0,78,14,20,119,24,177,20,0,20,197
08/09/2014,MFE,TX,ASW,CE,Federal Contract Tower,11,20,18,2,51,0,0,53,0,53,11,20,71,2,104,10,0,10,114
08/10/2014,MFE,TX,ASW,CE,Federal Contract Tower,13,21,24,18,76,0,0,63,0,63,13,21,87,18,139,6,0,6,145
08/11/2014,MFE,TX,ASW,CE,Federal Contract Tower,14,25,32,44,115,0,2,58,2,62,14,27,90,46,177,28,0,28,205
08/12/2014,MFE,TX,ASW,CE,Federal Contract Tower,12,23,38,21,94,0,0,83,0,83,12,23,121,21,177,0,0,0,177
08/13/2014,MFE,TX,ASW,CE,Federal Contract Tower,12,22,49,10,93,0,0,78,2,80,12,22,127,12,173,14,0,14,187
08/14/2014,MFE,TX,ASW,CE,Federal Contract Tower,14,23,39,12,88,0,0,85,0,85,14,23,124,12,173,90,0,90,263
08/15/2014,MFE,TX,ASW,CE,Federal Contract Tower,14,24,41,4,83,0,0,90,0,90,14,24,131,4,173,48,0,48,221
08/16/2014,MFE,TX,ASW,CE,Federal Contract Tower,8,23,14,4,49,0,0,55,2,57,8,23,69,6,106,30,0,30,136
08/17/2014,MFE,TX,ASW,CE,Federal Contract Tower,12,18,18,4,52,0,0,47,2,49,12,18,65,6,101,0,0,0,101
08/18/2014,MFE,TX,ASW,CE,Federal Contract Tower,15,17,28,11,71,0,0,50,2,52,15,17,78,13,123,20,0,20,143
08/19/2014,MFE,TX,ASW,CE,Federal Contract Tower,10,15,38,40,103,0,0,55,4,59,10,15,93,44,162,50,0,50,212
08/20/2014,MFE,TX,ASW,CE,Federal Contract Tower,12,22,24,12,70,0,0,86,0,86,12,22,110,12,156,16,0,16,172
08/21/2014,MFE,TX,ASW,CE,Federal Contract Tower,16,21,36,18,91,0,0,70,3,73,16,21,106,21,164,2,0,2,166
08/22/2014,MFE,TX,ASW,CE,Federal Contract Tower,12,22,51,10,95,0,0,45,1,46,12,22,96,11,141,12,0,12,153
08/23/2014,MFE,TX,ASW,CE,Federal Contract Tower,9,11,13,9,42,0,0,61,0,61,9,11,74,9,103,26,0,26,129
08/24/2014,MFE,TX,ASW,CE,Federal Contract Tower,14,18,29,0,61,0,0,46,0,46,14,18,75,0,107,0,0,0,107
08/25/2014,MFE,TX,ASW,CE,Federal Contract Tower,13,22,36,24,95,0,0,64,0,64,13,22,100,24,159,28,0,28,187
08/26/2014,MFE,TX,ASW,CE,Federal Contract Tower,11,15,43,27,96,0,0,63,1,64,11,15,106,28,160,8,0,8,168
08/27/2014,MFE,TX,ASW,CE,Federal Contract Tower,11,15,41,35,102,0,0,66,0,66,11,15,107,35,168,0,0,0,168
08/28/2014,MFE,TX,ASW,CE,Federal Contract Tower,15,22,46,12,95,0,57,0,0,57,15,79,46,12,152,0,0,0,152
08/29/2014,MFE,TX,ASW,CE,Federal Contract Tower,16,18,39,9,82,0,0,43,0,43,16,18,82,9,125,18,0,18,143
08/30/2014,MFE,TX,ASW,CE,Federal Contract Tower,10,17,21,0,48,0,0,34,0,34,10,17,55,0,82,0,0,0,82
08/31/2014,MFE,TX,ASW,CE,Federal Contract Tower,9,13,15,0,37,0,0,31,0,31,9,13,46,0,68,0,0,0,68
09/01/2014,MFE,TX,ASW,CE,Federal Contract Tower,12,17,28,0,57,0,0,51,0,51,12,17,79,0,108,28,0,28,136
09/02/2014,MFE,TX,ASW,CE,Federal Contract Tower,12,25,42,22,101,0,0,59,0,59,12,25,101,22,160,68,0,68,228
09/03/2014,MFE,TX,ASW,CE,Federal Contract Tower,11,21,18,19,69,0,0,12,0,12,11,21,30,19,81,0,0,0,81
09/04/2014,MFE,TX,ASW,CE,Federal Contract Tower,15,23,39,66,143,0,0,47,0,47,15,23,86,66,190,48,0,48,238
09/05/2014,MFE,TX,ASW,CE,Federal Contract Tower,14,18,49,26,107,0,0,73,1,74,14,18,122,27,181,100,0,100,281
09/06/2014,MFE,TX,ASW,CE,Federal Contract Tower,9,15,16,0,40,0,0,68,0,68,9,15,84,0,108,14,0,14,122
09/07/2014,MFE,TX,ASW,CE,Federal Contract Tower,12,15,24,5,56,0,0,45,0,45,12,15,69,5,101,0,0,0,101
09/08/2014,MFE,TX,ASW,CE,Federal Contract Tower,13,16,42,40,111,0,0,83,2,85,13,16,125,42,196,48,6,54,250
09/09/2014,MFE,TX,ASW,CE,Federal Contract Tower,11,18,38,6,73,0,0,58,0,58,11,18,96,6,131,0,0,0,131
09/10/2014,MFE,TX,ASW,CE,Federal Contract Tower,12,16,33,0,61,0,0,82,3,85,12,16,115,3,146,41,0,41,187
09/11/2014,MFE,TX,ASW,CE,Federal Contract Tower,15,23,29,0,67,0,1,56,0,57,15,24,85,0,124,14,0,14,138
09/12/2014,MFE,TX,ASW,CE,Federal Contract Tower,16,24,40,0,80,0,0,37,0,37,16,24,77,0,117,14,0,14,131
09/13/2014,MFE,TX,ASW,CE,Federal Contract Tower,9,9,9,0,27,0,0,2,0,2,9,9,11,0,29,0,0,0,29
09/14/2014,MFE,TX,ASW,CE,Federal Contract Tower,15,15,21,0,51,0,0,7,0,7,15,15,28,0,58,0,0,0,58
09/15/2014,MFE,TX,ASW,CE,Federal Contract Tower,12,21,31,0,64,0,0,60,0,60,12,21,91,0,124,18,0,18,142
09/16/2014,MFE,TX,ASW,CE,Federal Contract Tower,14,27,48,0,89,0,0,43,2,45,14,27,91,2,134,0,20,20,154
09/17/2014,MFE,TX,ASW,CE,Federal Contract Tower,10,21,30,0,61,0,1,71,2,74,10,22,101,2,135,68,0,68,203
09/18/2014,MFE,TX,ASW,CE,Federal Contract Tower,15,17,40,0,72,0,0,79,3,82,15,17,119,3,154,28,0,28,182
09/19/2014,MFE,TX,ASW,CE,Federal Contract Tower,15,25,47,21,108,0,0,64,0,64,15,25,111,21,172,97,0,97,269
09/20/2014,MFE,TX,ASW,CE,Federal Contract Tower,8,14,12,0,34,0,0,50,0,50,8,14,62,0,84,26,0,26,110
09/21/2014,MFE,TX,ASW,CE,Federal Contract Tower,12,15,27,2,56,0,0,28,1,29,12,15,55,3,85,0,0,0,85
09/22/2014,MFE,TX,ASW,CE,Federal Contract Tower,14,17,41,28,100,0,0,49,2,51,14,17,90,30,151,34,0,34,185
09/23/2014,MFE,TX,ASW,CE,Federal Contract Tower,9,16,43,10,78,0,0,65,0,65,9,16,108,10,143,66,0,66,209
09/24/2014,MFE,TX,ASW,CE,Federal Contract Tower,11,18,27,12,68,0,0,62,0,62,11,18,89,12,130,34,0,34,164
09/25/2014,MFE,TX,ASW,CE,Federal Contract Tower,13,20,45,4,82,0,0,67,0,67,13,20,112,4,149,40,0,40,189
09/26/2014,MFE,TX,ASW,CE,Federal Contract Tower,16,22,35,0,73,0,0,55,0,55,16,22,90,0,128,30,0,30,158
09/27/2014,MFE,TX,ASW,CE,Federal Contract Tower,9,11,41,0,61,0,0,24,0,24,9,11,65,0,85,8,0,8,93
09/28/2014,MFE,TX,ASW,CE,Federal Contract Tower,14,14,30,2,60,0,0,54,0,54,14,14,84,2,114,0,0,0,114
09/29/2014,MFE,TX,ASW,CE,Federal Contract Tower,15,25,37,53,130,0,0,58,1,59,15,25,95,54,189,84,0,84,273
09/30/2014,MFE,TX,ASW,CE,Federal Contract Tower,11,20,45,14,90,0,0,34,0,34,11,20,79,14,124,20,0,20,144
10/01/2014,MFE,TX,ASW,CE,Federal Contract Tower,10,22,41,19,92,0,0,65,0,65,10,22,106,19,157,10,0,10,167
10/02/2014,MFE,TX,ASW,CE,Federal Contract Tower,10,23,53,43,129,0,0,70,0,70,10,23,123,43,199,28,0,28,227
10/03/2014,MFE,TX,ASW,CE,Federal Contract Tower,12,19,57,10,98,0,0,48,0,48,12,19,105,10,146,16,0,16,162
10/04/2014,MFE,TX,ASW,CE,Federal Contract Tower,9,11,24,6,50,0,0,53,0,53,9,11,77,6,103,16,0,16,119
10/05/2014,MFE,TX,ASW,CE,Federal Contract Tower,11,14,36,6,67,0,0,64,0,64,11,14,100,6,131,16,0,16,147
10/06/2014,MFE,TX,ASW,CE,Federal Contract Tower,13,17,38,14,82,0,0,69,1,70,13,17,107,15,152,12,2,14,166
10/07/2014,MFE,TX,ASW,CE,Federal Contract Tower,10,19,49,17,95,0,0,50,0,50,10,19,99,17,145,10,0,10,155
10/08/2014,MFE,TX,ASW,CE,Federal Contract Tower,11,18,43,4,76,0,0,68,0,68,11,18,111,4,144,36,0,36,180
10/09/2014,MFE,TX,ASW,CE,Federal Contract Tower,18,30,47,19,114,0,0,73,0,73,18,30,120,19,187,54,0,54,241
10/10/2014,MFE,TX,ASW,CE,Federal Contract Tower,16,17,34,19,86,0,0,61,0,61,16,17,95,19,147,12,0,12,159
10/11/2014,MFE,TX,ASW,CE,Federal Contract Tower,9,15,26,0,50,0,0,44,2,46,9,15,70,2,96,36,0,36,132
10/12/2014,MFE,TX,ASW,CE,Federal Contract Tower,11,15,42,1,69,0,0,61,0,61,11,15,103,1,130,0,0,0,130
10/13/2014,MFE,TX,ASW,CE,Federal Contract Tower,10,17,35,6,68,0,0,69,0,69,10,17,104,6,137,12,0,12,149
10/14/2014,MFE,TX,ASW,CE,Federal Contract Tower,14,20,26,34,94,0,0,88,0,88,14,20,114,34,182,26,0,26,208
10/15/2014,MFE,TX,ASW,CE,Federal Contract Tower,12,17,43,27,99,0,0,78,0,78,12,17,121,27,177,28,0,28,205
10/16/2014,MFE,TX,ASW,CE,Federal Contract Tower,18,23,49,17,107,0,0,71,0,71,18,23,120,17,178,18,0,18,196
10/17/2014,MFE,TX,ASW,CE,Federal Contract Tower,13,21,57,13,104,0,0,61,0,61,13,21,118,13,165,24,0,24,189
10/18/2014,MFE,TX,ASW,CE,Federal Contract Tower,10,15,18,0,43,0,0,38,0,38,10,15,56,0,81,14,0,14,95
10/19/2014,MFE,TX,ASW,CE,Federal Contract Tower,13,20,12,13,58,0,0,58,0,58,13,20,70,13,116,0,0,0,116
10/20/2014,MFE,TX,ASW,CE,Federal Contract Tower,13,23,44,15,95,0,0,80,0,80,13,23,124,15,175,58,0,58,233
10/21/2014,MFE,TX,ASW,CE,Federal Contract Tower,13,18,31,16,78,0,0,47,0,47,13,18,78,16,125,42,0,42,167
10/22/2014,MFE,TX,ASW,CE,Federal Contract Tower,12,26,37,29,104,0,0,56,0,56,12,26,93,29,160,58,0,58,218
10/23/2014,MFE,TX,ASW,CE,Federal Contract Tower,14,22,31,12,79,0,0,95,0,95,14,22,126,12,174,86,16,102,276
10/24/2014,MFE,TX,ASW,CE,Federal Contract Tower,16,17,38,17,88,0,0,65,7,72,16,17,103,24,160,42,0,42,202
10/25/2014,MFE,TX,ASW,CE,Federal Contract Tower,10,14,21,1,46,0,0,87,0,87,10,14,108,1,133,62,0,62,195
10/26/2014,MFE,TX,ASW,CE,Federal Contract Tower,12,18,29,1,60,0,0,49,1,50,12,18,78,2,110,6,0,6,116
10/27/2014,MFE,TX,ASW,CE,Federal Contract Tower,13,18,48,33,112,0,0,70,0,70,13,18,118,33,182,22,0,22,204
10/28/2014,MFE,TX,ASW,CE,Federal Contract Tower,12,18,24,31,85,0,0,71,1,72,12,18,95,32,157,78,0,78,235
10/29/2014,MFE,TX,ASW,CE,Federal Contract Tower,13,22,46,21,102,0,0,61,3,64,13,22,107,24,166,50,0,50,216
10/30/2014,MFE,TX,ASW,CE,Federal Contract Tower,15,22,41,38,116,0,0,74,0,74,15,22,115,38,190,36,0,36,226
10/31/2014,MFE,TX,ASW,CE,Federal Contract Tower,13,15,37,0,65,0,0,60,0,60,13,15,97,0,125,14,0,14,139
11/01/2014,MFE,TX,ASW,CE,Federal Contract Tower,9,14,26,0,49,0,0,69,0,69,9,14,95,0,118,24,0,24,142
11/02/2014,MFE,TX,ASW,CE,Federal Contract Tower,13,13,23,1,50,0,0,39,0,39,13,13,62,1,89,10,0,10,99
11/03/2014,MFE,TX,ASW,CE,Federal Contract Tower,19,14,54,34,121,0,0,37,0,37,19,14,91,34,158,32,0,32,190
11/04/2014,MFE,TX,ASW,CE,Federal Contract Tower,13,20,39,34,106,0,0,76,1,77,13,20,115,35,183,38,0,38,221
11/05/2014,MFE,TX,ASW,CE,Federal Contract Tower,13,18,35,63,129,0,0,32,0,32,13,18,67,63,161,16,0,16,177
11/06/2014,MFE,TX,ASW,CE,Federal Contract Tower,18,20,38,3,79,0,0,2,0,2,18,20,40,3,81,0,0,0,81
11/07/2014,MFE,TX,ASW,CE,Federal Contract Tower,14,20,42,6,82,0,0,20,0,20,14,20,62,6,102,10,0,10,112
11/08/2014,MFE,TX,ASW,CE,Federal Contract Tower,10,15,25,3,53,0,0,88,1,89,10,15,113,4,142,64,0,64,206
11/09/2014,MFE,TX,ASW,CE,Federal Contract Tower,14,16,27,11,68,0,0,54,0,54,14,16,81,11,122,18,0,18,140
11/10/2014,MFE,TX,ASW,CE,Federal Contract Tower,16,13,53,34,116,0,1,71,4,76,16,14,124,38,192,42,0,42,234
11/11/2014,MFE,TX,ASW,CE,Federal Contract Tower,14,12,20,2,48,0,0,63,0,63,14,12,83,2,111,28,0,28,139
11/12/2014,MFE,TX,ASW,CE,Federal Contract Tower,14,21,31,18,84,0,0,34,0,34,14,21,65,18,118,24,0,24,142
11/13/2014,MFE,TX,ASW,CE,Federal Contract Tower,15,24,57,16,112,0,0,67,0,67,15,24,124,16,179,42,0,42,221
11/14/2014,MFE,TX,ASW,CE,Federal Contract Tower,17,14,46,10,87,0,0,63,0,63,17,14,109,10,150,56,0,56,206
11/15/2014,MFE,TX,ASW,CE,Federal Contract Tower,10,15,35,12,72,0,0,33,0,33,10,15,68,12,105,44,0,44,149
11/16/2014,MFE,TX,ASW,CE,Federal Contract Tower,19,11,35,0,65,0,0,35,1,36,19,11,70,1,101,16,0,16,117
11/17/2014,MFE,TX,ASW,CE,Federal Contract Tower,17,15,58,34,124,0,0,78,0,78,17,15,136,34,202,20,0,20,222
11/18/2014,MFE,TX,ASW,CE,Federal Contract Tower,15,15,43,37,110,0,0,62,1,63,15,15,105,38,173,38,0,38,211
11/19/2014,MFE,TX,ASW,CE,Federal Contract Tower,14,28,40,7,89,0,0,66,0,66,14,28,106,7,155,54,0,54,209
11/20/2014,MFE,TX,ASW,CE,Federal Contract Tower,16,25,59,8,108,0,0,44,0,44,16,25,103,8,152,20,0,20,172
11/21/2014,MFE,TX,ASW,CE,Federal Contract Tower,15,11,64,5,95,0,0,22,0,22,15,11,86,5,117,14,0,14,131
11/22/2014,MFE,TX,ASW,CE,Federal Contract Tower,10,16,26,4,56,0,0,45,0,45,10,16,71,4,101,28,0,28,129
11/23/2014,MFE,TX,ASW,CE,Federal Contract Tower,10,15,19,4,48,0,0,62,0,62,10,15,81,4,110,26,0,26,136
11/24/2014,MFE,TX,ASW,CE,Federal Contract Tower,16,11,46,31,104,0,0,62,2,64,16,11,108,33,168,46,0,46,214
11/25/2014,MFE,TX,ASW,CE,Federal Contract Tower,17,23,38,18,96,0,0,86,1,87,17,23,124,19,183,48,0,48,231
11/26/2014,MFE,TX,ASW,CE,Federal Contract Tower,16,22,34,8,80,0,0,83,0,83,16,22,117,8,163,24,0,24,187
11/27/2014,MFE,TX,ASW,CE,Federal Contract Tower,6,14,10,0,30,0,0,40,0,40,6,14,50,0,70,16,0,16,86
11/28/2014,MFE,TX,ASW,CE,Federal Contract Tower,13,13,22,0,48,0,0,48,1,49,13,13,70,1,97,14,0,14,111
11/29/2014,MFE,TX,ASW,CE,Federal Contract Tower,12,17,10,0,39,0,0,66,0,66,12,17,76,0,105,0,0,0,105
11/30/2014,MFE,TX,ASW,CE,Federal Contract Tower,14,18,27,1,60,0,0,48,0,48,14,18,75,1,108,0,0,0,108
12/01/2014,MFE,TX,ASW,CE,Federal Contract Tower,18,13,51,19,101,0,0,67,1,68,18,13,118,20,169,26,0,26,195
12/02/2014,MFE,TX,ASW,CE,Federal Contract Tower,17,12,51,42,122,0,19,0,0,19,17,31,51,42,141,20,0,20,161
12/03/2014,MFE,TX,ASW,CE,Federal Contract Tower,15,28,48,8,99,0,0,26,0,26,15,28,74,8,125,0,0,0,125
12/04/2014,MFE,TX,ASW,CE,Federal Contract Tower,23,22,58,28,131,0,0,63,0,63,23,22,121,28,194,32,0,32,226
12/05/2014,MFE,TX,ASW,CE,Federal Contract Tower,20,14,47,7,88,0,0,54,0,54,20,14,101,7,142,14,0,14,156
12/06/2014,MFE,TX,ASW,CE,Federal Contract Tower,9,12,17,5,43,0,0,36,0,36,9,12,53,5,79,18,0,18,97
12/07/2014,MFE,TX,ASW,CE,Federal Contract Tower,14,14,27,1,56,0,0,0,0,0,14,14,27,1,56,0,0,0,56
12/08/2014,MFE,TX,ASW,CE,Federal Contract Tower,21,10,52,36,119,0,0,13,0,13,21,10,65,36,132,0,0,0,132
12/09/2014,MFE,TX,ASW,CE,Federal Contract Tower,16,7,45,18,86,0,0,81,3,84,16,7,126,21,170,54,14,68,238
12/10/2014,MFE,TX,ASW,CE,Federal Contract Tower,13,18,49,6,86,0,0,67,0,67,13,18,116,6,153,26,0,26,179
12/11/2014,MFE,TX,ASW,CE,Federal Contract Tower,19,19,53,2,93,0,0,48,0,48,19,19,101,2,141,30,0,30,171
12/12/2014,MFE,TX,ASW,CE,Federal Contract Tower,21,16,40,0,77,0,0,70,0,70,21,16,110,0,147,22,0,22,169
12/13/2014,MFE,TX,ASW,CE,Federal Contract Tower,8,14,26,0,48,0,0,53,0,53,8,14,79,0,101,16,0,16,117
12/14/2014,MFE,TX,ASW,CE,Federal Contract Tower,13,16,24,0,53,0,0,48,1,49,13,16,72,1,102,0,0,0,102
12/15/2014,MFE,TX,ASW,CE,Federal Contract Tower,19,19,49,17,104,0,0,62,0,62,19,19,111,17,166,24,0,24,190
12/16/2014,MFE,TX,ASW,CE,Federal Contract Tower,19,16,61,25,121,0,0,53,0,53,19,16,114,25,174,22,0,22,196
12/17/2014,MFE,TX,ASW,CE,Federal Contract Tower,16,23,54,37,130,0,0,53,0,53,16,23,107,37,183,26,0,26,209
12/18/2014,MFE,TX,ASW,CE,Federal Contract Tower,16,23,53,19,111,0,0,31,0,31,16,23,84,19,142,14,0,14,156
12/19/2014,MFE,TX,ASW,CE,Federal Contract Tower,14,20,68,10,112,0,0,36,0,36,14,20,104,10,148,0,0,0,148
12/20/2014,MFE,TX,ASW,CE,Federal Contract Tower,13,20,34,2,69,0,0,23,0,23,13,20,57,2,92,14,0,14,106
12/21/2014,MFE,TX,ASW,CE,Federal Contract Tower,13,20,33,4,70,0,0,15,0,15,13,20,48,4,85,0,0,0,85
12/22/2014,MFE,TX,ASW,CE,Federal Contract Tower,14,18,56,6,94,0,0,53,0,53,14,18,109,6,147,14,0,14,161
12/23/2014,MFE,TX,ASW,CE,Federal Contract Tower,15,27,38,2,82,0,0,43,0,43,15,27,81,2,125,2,0,2,127
12/24/2014,MFE,TX,ASW,CE,Federal Contract Tower,14,14,17,0,45,0,1,36,0,37,14,15,53,0,82,2,0,2,84
12/25/2014,MFE,TX,ASW,CE,Federal Contract Tower,12,17,18,0,47,0,0,37,0,37,12,17,55,0,84,0,0,0,84
12/26/2014,MFE,TX,ASW,CE,Federal Contract Tower,16,21,28,0,65,0,0,69,0,69,16,21,97,0,134,0,0,0,134
12/27/2014,MFE,TX,ASW,CE,Federal Contract Tower,16,12,34,2,64,0,0,50,0,50,16,12,84,2,114,24,0,24,138
12/28/2014,MFE,TX,ASW,CE,Federal Contract Tower,15,16,32,0,63,0,0,20,8,28,15,16,52,8,91,0,0,0,91
12/29/2014,MFE,TX,ASW,CE,Federal Contract Tower,13,20,49,12,94,0,0,61,2,63,13,20,110,14,157,12,0,12,169
12/30/2014,MFE,TX,ASW,CE,Federal Contract Tower,13,19,36,4,72,0,0,25,0,25,13,19,61,4,97,24,0,24,121
12/31/2014,MFE,TX,ASW,CE,Federal Contract Tower,15,15,17,0,47,0,0,0,0,0,15,15,17,0,47,0,0,0,47
01/01/2015,MFE,TX,ASW,CE,Federal Contract Tower,8,20,5,0,33,0,0,0,0,0,8,20,5,0,33,0,0,0,33
01/02/2015,MFE,TX,ASW,CE,Federal Contract Tower,18,19,26,0,63,0,0,1,0,1,18,19,27,0,64,0,0,0,64
01/03/2015,MFE,TX,ASW,CE,Federal Contract Tower,14,17,28,1,60,0,0,50,3,53,14,17,78,4,113,34,0,34,147
01/04/2015,MFE,TX,ASW,CE,Federal Contract Tower,16,18,29,0,63,0,0,69,0,69,16,18,98,0,132,18,0,18,150
01/05/2015,MFE,TX,ASW,CE,Federal Contract Tower,17,14,42,2,75,0,0,84,2,86,17,14,126,4,161,30,0,30,191
01/06/2015,MFE,TX,ASW,CE,Federal Contract Tower,12,20,34,21,87,0,0,71,0,71,12,20,105,21,158,12,0,12,170
01/07/2015,MFE,TX,ASW,CE,Federal Contract Tower,12,17,47,14,90,0,0,39,0,39,12,17,86,14,129,0,0,0,129
01/08/2015,MFE,TX,ASW,CE,Federal Contract Tower,20,15,29,14,78,0,0,41,0,41,20,15,70,14,119,50,0,50,169
01/09/2015,MFE,TX,ASW,CE,Federal Contract Tower,18,18,37,2,75,0,0,0,0,0,18,18,37,2,75,0,0,0,75
01/10/2015,MFE,TX,ASW,CE,Federal Contract Tower,11,13,16,2,42,0,0,0,0,0,11,13,16,2,42,0,0,0,42
01/11/2015,MFE,TX,ASW,CE,Federal Contract Tower,15,13,20,8,56,0,0,37,0,37,15,13,57,8,93,0,0,0,93
01/12/2015,MFE,TX,ASW,CE,Federal Contract Tower,15,19,50,6,90,0,0,64,0,64,15,19,114,6,154,44,0,44,198
01/13/2015,MFE,TX,ASW,CE,Federal Contract Tower,12,20,26,44,102,0,0,26,0,26,12,20,52,44,128,16,14,30,158
01/14/2015,MFE,TX,ASW,CE,Federal Contract Tower,13,19,30,6,68,0,0,0,0,0,13,19,30,6,68,0,0,0,68
01/15/2015,MFE,TX,ASW,CE,Federal Contract Tower,17,20,42,34,113,0,0,67,0,67,17,20,109,34,180,6,0,6,186
01/16/2015,MFE,TX,ASW,CE,Federal Contract Tower,15,19,33,29,96,0,0,74,4,78,15,19,107,33,174,44,0,44,218
01/17/2015,MFE,TX,ASW,CE,Federal Contract Tower,12,8,21,4,45,0,0,72,0,72,12,8,93,4,117,40,0,40,157
01/18/2015,MFE,TX,ASW,CE,Federal Contract Tower,16,12,14,10,52,0,0,56,0,56,16,12,70,10,108,0,0,0,108
01/19/2015,MFE,TX,ASW,CE,Federal Contract Tower,16,12,38,6,72,0,0,47,1,48,16,12,85,7,120,34,2,36,156
01/20/2015,MFE,TX,ASW,CE,Federal Contract Tower,11,19,36,20,86,0,0,71,2,73,11,19,107,22,159,58,0,58,217
01/21/2015,MFE,TX,ASW,CE,Federal Contract Tower,11,23,59,4,97,0,0,43,0,43,11,23,102,4,140,0,0,0,140
01/22/2015,MFE,TX,ASW,CE,Federal Contract Tower,14,20,34,25,93,0,0,24,0,24,14,20,58,25,117,0,10,10,127
01/23/2015,MFE,TX,ASW,CE,Federal Contract Tower,15,20,30,36,101,2,0,43,2,47,17,20,73,38,148,40,0,40,188
01/24/2015,MFE,TX,ASW,CE,Federal Contract Tower,11,7,27,5,50,0,0,87,2,89,11,7,114,7,139,18,4,22,161
01/25/2015,MFE,TX,ASW,CE,Federal Contract Tower,12,13,21,3,49,0,3,76,0,79,12,16,97,3,128,0,0,0,128
01/26/2015,MFE,TX,ASW,CE,Federal Contract Tower,19,11,51,28,109,0,0,82,2,84,19,11,133,30,193,8,0,8,201
01/27/2015,MFE,TX,ASW,CE,Federal Contract Tower,11,11,32,18,72,0,0,81,0,81,11,11,113,18,153,52,0,52,205
01/28/2015,MFE,TX,ASW,CE,Federal Contract Tower,14,19,39,6,78,0,0,101,0,101,14,19,140,6,179,40,0,40,219
01/29/2015,MFE,TX,ASW,CE,Federal Contract Tower,17,18,56,15,106,0,0,89,0,89,17,18,145,15,195,30,0,30,225
01/30/2015,MFE,TX,ASW,CE,Federal Contract Tower,19,10,82,2,113,0,0,61,0,61,19,10,143,2,174,8,0,8,182
01/31/2015,MFE,TX,ASW,CE,Federal Contract Tower,7,15,17,0,39,0,0,55,0,55,7,15,72,0,94,0,0,0,94
02/01/2015,MFE,TX,ASW,CE,Federal Contract Tower,14,14,14,0,42,0,0,30,0,30,14,14,44,0,72,14,0,14,86
02/02/2015,MFE,TX,ASW,CE,Federal Contract Tower,19,16,59,35,129,0,0,44,0,44,19,16,103,35,173,4,0,4,177
02/03/2015,MFE,TX,ASW,CE,Federal Contract Tower,14,13,35,29,91,0,0,7,0,7,14,13,42,29,98,18,0,18,116
02/04/2015,MFE,TX,ASW,CE,Federal Contract Tower,15,21,59,15,110,0,0,30,0,30,15,21,89,15,140,0,20,20,160
02/05/2015,MFE,TX,ASW,CE,Federal Contract Tower,22,15,34,22,93,0,0,48,0,48,22,15,82,22,141,18,0,18,159
02/06/2015,MFE,TX,ASW,CE,Federal Contract Tower,16,11,33,8,68,0,0,69,0,69,16,11,102,8,137,4,0,4,141
02/07/2015,MFE,TX,ASW,CE,Federal Contract Tower,11,9,18,2,40,0,0,86,0,86,11,9,104,2,126,16,0,16,142
02/08/2015,MFE,TX,ASW,CE,Federal Contract Tower,13,15,22,3,53,0,0,47,0,47,13,15,69,3,100,0,0,0,100
02/09/2015,MFE,TX,ASW,CE,Federal Contract Tower,15,14,31,5,65,0,1,79,1,81,15,15,110,6,146,2,18,20,166
02/10/2015,MFE,TX,ASW,CE,Federal Contract Tower,13,16,35,3,67,0,0,63,0,63,13,16,98,3,130,0,0,0,130
02/11/2015,MFE,TX,ASW,CE,Federal Contract Tower,12,19,51,14,96,0,0,72,0,72,12,19,123,14,168,6,0,6,174
02/12/2015,MFE,TX,ASW,CE,Federal Contract Tower,15,17,35,16,83,0,1,69,0,70,15,18,104,16,153,22,0,22,175
02/13/2015,MFE,TX,ASW,CE,Federal Contract Tower,12,14,38,7,71,0,0,64,10,74,12,14,102,17,145,14,0,14,159
02/14/2015,MFE,TX,ASW,CE,Federal Contract Tower,13,10,20,2,45,0,0,56,0,56,13,10,76,2,101,26,0,26,127
02/15/2015,MFE,TX,ASW,CE,Federal Contract Tower,15,15,29,0,59,0,0,28,0,28,15,15,57,0,87,0,0,0,87
02/16/2015,MFE,TX,ASW,CE,Federal Contract Tower,18,12,36,1,67,0,0,47,5,52,18,12,83,6,119,4,0,4,123
02/17/2015,MFE,TX,ASW,CE,Federal Contract Tower,13,15,52,30,110,0,0,57,1,58,13,15,109,31,168,58,0,58,226
02/18/2015,MFE,TX,ASW,CE,Federal Contract Tower,15,15,52,8,90,0,0,88,3,91,15,15,140,11,181,42,0,42,223
02/19/2015,MFE,TX,ASW,CE,Federal Contract Tower,15,14,40,30,99,0,2,60,2,64,15,16,100,32,163,22,0,22,185
02/20/2015,MFE,TX,ASW,CE,Federal Contract Tower,18,24,52,8,102,0,1,52,0,53,18,25,104,8,155,0,0,0,155
02/21/2015,MFE,TX,ASW,CE,Federal Contract Tower,13,15,29,7,64,0,0,50,0,50,13,15,79,7,114,24,0,24,138
02/22/2015,MFE,TX,ASW,CE,Federal Contract Tower,10,18,31,2,61,0,0,41,0,41,10,18,72,2,102,0,0,0,102
02/23/2015,MFE,TX,ASW,CE,Federal Contract Tower,6,15,39,32,92,0,0,0,0,0,6,15,39,32,92,0,0,0,92
02/24/2015,MFE,TX,ASW,CE,Federal Contract Tower,15,12,36,38,101,0,0,27,0,27,15,12,63,38,128,26,0,26,154
02/25/2015,MFE,TX,ASW,CE,Federal Contract Tower,16,27,46,11,100,0,0,62,0,62,16,27,108,11,162,12,0,12,174
02/26/2015,MFE,TX,ASW,CE,Federal Contract Tower,15,19,47,19,100,0,0,85,0,85,15,19,132,19,185,38,0,38,223
02/27/2015,MFE,TX,ASW,CE,Federal Contract Tower,7,18,43,14,82,0,0,48,0,48,7,18,91,14,130,40,0,40,170
02/28/2015,MFE,TX,ASW,CE,Federal Contract Tower,6,12,23,2,43,0,0,0,0,0,6,12,23,2,43,0,0,0,43
03/01/2015,MFE,TX,ASW,CE,Federal Contract Tower,9,12,36,2,59,0,0,18,1,19,9,12,54,3,78,4,0,4,82
03/02/2015,MFE,TX,ASW,CE,Federal Contract Tower,9,20,31,0,60,0,0,0,0,0,9,20,31,0,60,0,0,0,60
03/03/2015,MFE,TX,ASW,CE,Federal Contract Tower,20,16,39,8,83,0,0,36,0,36,20,16,75,8,119,0,0,0,119
03/04/2015,MFE,TX,ASW,CE,Federal Contract Tower,9,20,45,10,84,0,0,57,0,57,9,20,102,10,141,30,0,30,171
03/05/2015,MFE,TX,ASW,CE,Federal Contract Tower,13,23,34,8,78,0,0,33,0,33,13,23,67,8,111,0,0,0,111
03/06/2015,MFE,TX,ASW,CE,Federal Contract Tower,13,31,51,18,113,0,0,69,0,69,13,31,120,18,182,22,0,22,204
03/07/2015,MFE,TX,ASW,CE,Federal Contract Tower,12,12,14,4,42,0,0,84,0,84,12,12,98,4,126,8,0,8,134
03/08/2015,MFE,TX,ASW,CE,Federal Contract Tower,16,16,20,0,52,0,0,0,0,0,16,16,20,0,52,0,0,0,52
03/09/2015,MFE,TX,ASW,CE,Federal Contract Tower,19,22,37,16,94,0,0,13,0,13,19,22,50,16,107,0,0,0,107
03/10/2015,MFE,TX,ASW,CE,Federal Contract Tower,13,13,42,6,74,0,0,24,0,24,13,13,66,6,98,0,0,0,98
03/11/2015,MFE,TX,ASW,CE,Federal Contract Tower,13,18,33,23,87,0,0,18,2,20,13,18,51,25,107,0,46,46,153
03/12/2015,MFE,TX,ASW,CE,Federal Contract Tower,15,19,58,15,107,0,0,121,0,121,15,19,179,15,228,30,0,30,258
03/13/2015,MFE,TX,ASW,CE,Federal Contract Tower,15,14,40,16,85,0,0,60,0,60,15,14,100,16,145,14,0,14,159
03/14/2015,MFE,TX,ASW,CE,Federal Contract Tower,15,12,14,0,41,0,0,51,0,51,15,12,65,0,92,6,0,6,98
03/15/2015,MFE,TX,ASW,CE,Federal Contract Tower,12,16,21,0,49,0,0,42,0,42,12,16,63,0,91,0,0,0,91
03/16/2015,MFE,TX,ASW,CE,Federal Contract Tower,14,16,55,18,103,0,0,41,0,41,14,16,96,18,144,20,0,20,164
03/17/2015,MFE,TX,ASW,CE,Federal Contract Tower,17,18,42,18,95,0,0,17,0,17,17,18,59,18,112,2,16,18,130
03/18/2015,MFE,TX,ASW,CE,Federal Contract Tower,12,22,38,44,116,0,0,20,0,20,12,22,58,44,136,20,0,20,156
03/19/2015,MFE,TX,ASW,CE,Federal Contract Tower,15,12,64,27,118,0,0,78,0,78,15,12,142,27,196,10,0,10,206
03/20/2015,MFE,TX,ASW,CE,Federal Contract Tower,13,24,39,13,89,0,0,40,0,40,13,24,79,13,129,16,0,16,145
03/21/2015,MFE,TX,ASW,CE,Federal Contract Tower,12,12,20,6,50,0,0,7,0,7,12,12,27,6,57,0,0,0,57
03/22/2015,MFE,TX,ASW,CE,Federal Contract Tower,11,15,34,0,60,0,0,49,0,49,11,15,83,0,109,32,0,32,141
03/23/2015,MFE,TX,ASW,CE,Federal Contract Tower,14,15,48,8,85,0,0,98,3,101,14,15,146,11,186,36,0,36,222
03/24/2015,MFE,TX,ASW,CE,Federal Contract Tower,14,12,46,14,86,0,0,82,0,82,14,12,128,14,168,22,0,22,190
03/25/2015,MFE,TX,ASW,CE,Federal Contract Tower,14,21,50,19,104,0,0,20,0,20,14,21,70,19,124,0,0,0,124
03/26/2015,MFE,TX,ASW,CE,Federal Contract Tower,13,22,35,10,80,0,0,32,0,32,13,22,67,10,112,14,0,14,126
03/27/2015,MFE,TX,ASW,CE,Federal Contract Tower,15,19,52,18,104,0,0,127,0,127,15,19,179,18,231,66,0,66,297
03/28/2015,MFE,TX,ASW,CE,Federal Contract Tower,12,19,19,4,54,0,0,111,0,111,12,19,130,4,165,58,0,58,223
03/29/2015,MFE,TX,ASW,CE,Federal Contract Tower,13,15,25,4,57,0,0,64,1,65,13,15,89,5,122,10,0,10,132
03/30/2015,MFE,TX,ASW,CE,Federal Contract Tower,16,20,37,17,90,0,0,77,0,77,16,20,114,17,167,20,0,20,187
03/31/2015,MFE,TX,ASW,CE,Federal Contract Tower,16,15,40,20,91,0,68,2,0,70,16,83,42,20,161,26,0,26,187
04/01/2015,MFE,TX,ASW,CE,Federal Contract Tower,16,19,40,14,89,0,0,63,0,63,16,19,103,14,152,26,0,26,178
04/02/2015,MFE,TX,ASW,CE,Federal Contract Tower,18,19,49,13,99,0,0,74,5,79,18,19,123,18,178,48,30,78,256
04/03/2015,MFE,TX,ASW,CE,Federal Contract Tower,17,20,23,6,66,0,0,66,0,66,17,20,89,6,132,8,0,8,140
04/04/2015,MFE,TX,ASW,CE,Federal Contract Tower,16,12,9,0,37,0,0,1,0,1,16,12,10,0,38,0,0,0,38
04/05/2015,MFE,TX,ASW,CE,Federal Contract Tower,14,15,25,2,56,0,0,50,0,50,14,15,75,2,106,0,0,0,106
04/06/2015,MFE,TX,ASW,CE,Federal Contract Tower,16,15,53,11,95,0,1,69,1,71,16,16,122,12,166,14,0,14,180
04/07/2015,MFE,TX,ASW,CE,Federal Contract Tower,15,12,30,22,79,0,0,55,1,56,15,12,85,23,135,26,0,26,161
04/08/2015,MFE,TX,ASW,CE,Federal Contract Tower,16,19,49,9,93,6,0,58,0,64,22,19,107,9,157,28,0,28,185
04/09/2015,MFE,TX,ASW,CE,Federal Contract Tower,16,19,44,20,99,0,0,87,0,87,16,19,131,20,186,34,0,34,220
04/10/2015,MFE,TX,ASW,CE,Federal Contract Tower,18,16,50,4,88,0,0,36,0,36,18,16,86,4,124,16,0,16,140
04/11/2015,MFE,TX,ASW,CE,Federal Contract Tower,17,9,11,0,37,0,0,37,0,37,17,9,48,0,74,10,0,10,84
04/12/2015,MFE,TX,ASW,CE,Federal Contract Tower,13,9,26,8,56,0,0,47,1,48,13,9,73,9,104,0,0,0,104
04/13/2015,MFE,TX,ASW,CE,Federal Contract Tower,13,16,28,26,83,0,0,60,1,61,13,16,88,27,144,6,0,6,150
04/14/2015,MFE,TX,ASW,CE,Federal Contract Tower,16,10,26,2,54,0,0,50,0,50,16,10,76,2,104,34,0,34,138
04/15/2015,MFE,TX,ASW,CE,Federal Contract Tower,14,23,47,4,88,0,0,60,0,60,14,23,107,4,148,16,0,16,164
04/16/2015,MFE,TX,ASW,CE,Federal Contract Tower,16,24,53,48,141,0,0,30,0,30,16,24,83,48,171,0,0,0,171
04/17/2015,MFE,TX,ASW,CE,Federal Contract Tower,15,13,54,7,89,0,0,33,0,33,15,13,87,7,122,58,0,58,180
04/18/2015,MFE,TX,ASW,CE,Federal Contract Tower,11,10,16,7,44,0,0,48,0,48,11,10,64,7,92,28,0,28,120
04/19/2015,MFE,TX,ASW,CE,Federal Contract Tower,13,16,22,1,52,0,0,52,0,52,13,16,74,1,104,0,0,0,104
04/20/2015,MFE,TX,ASW,CE,Federal Contract Tower,18,17,42,6,83,0,0,43,0,43,18,17,85,6,126,44,0,44,170
04/21/2015,MFE,TX,ASW,CE,Federal Contract Tower,18,17,60,8,103,0,0,25,0,25,18,17,85,8,128,24,0,24,152
04/22/2015,MFE,TX,ASW,CE,Federal Contract Tower,14,23,52,14,103,0,0,61,0,61,14,23,113,14,164,70,6,76,240
04/23/2015,MFE,TX,ASW,CE,Federal Contract Tower,18,21,54,20,113,0,0,49,0,49,18,21,103,20,162,46,0,46,208
04/24/2015,MFE,TX,ASW,CE,Federal Contract Tower,10,22,40,10,82,0,0,79,0,79,10,22,119,10,161,64,0,64,225
04/25/2015,MFE,TX,ASW,CE,Federal Contract Tower,11,16,13,6,46,0,0,43,0,43,11,16,56,6,89,0,0,0,89
04/26/2015,MFE,TX,ASW,CE,Federal Contract Tower,12,20,44,8,84,0,0,39,0,39,12,20,83,8,123,0,0,0,123
04/27/2015,MFE,TX,ASW,CE,Federal Contract Tower,14,22,50,25,111,0,0,70,20,90,14,22,120,45,201,42,94,136,337
04/28/2015,MFE,TX,ASW,CE,Federal Contract Tower,16,16,39,25,96,0,0,65,0,65,16,16,104,25,161,36,0,36,197
04/29/2015,MFE,TX,ASW,CE,Federal Contract Tower,16,16,38,6,76,0,2,100,2,104,16,18,138,8,180,26,10,36,216
04/30/2015,MFE,TX,ASW,CE,Federal Contract Tower,19,15,47,35,116,0,0,111,0,111,19,15,158,35,227,38,0,38,265
05/01/2015,MFE,TX,ASW,CE,Federal Contract Tower,18,15,37,21,91,0,0,115,2,117,18,15,152,23,208,32,0,32,240
05/02/2015,MFE,TX,ASW,CE,Federal Contract Tower,14,15,25,2,56,0,0,59,0,59,14,15,84,2,115,10,0,10,125
05/03/2015,MFE,TX,ASW,CE,Federal Contract Tower,13,20,18,14,65,0,0,53,0,53,13,20,71,14,118,0,0,0,118
05/04/2015,MFE,TX,ASW,CE,Federal Contract Tower,17,11,42,35,105,0,0,57,0,57,17,11,99,35,162,32,0,32,194
05/05/2015,MFE,TX,ASW,CE,Federal Contract Tower,16,14,33,49,112,0,0,55,6,61,16,14,88,55,173,44,2,46,219
05/06/2015,MFE,TX,ASW,CE,Federal Contract Tower,15,21,48,15,99,0,0,64,0,64,15,21,112,15,163,52,0,52,215
05/07/2015,MFE,TX,ASW,CE,Federal Contract Tower,19,17,71,20,127,0,0,44,0,44,19,17,115,20,171,0,10,10,181
05/08/2015,MFE,TX,ASW,CE,Federal Contract Tower,21,14,54,4,93,0,0,46,0,46,21,14,100,4,139,38,0,38,177
05/09/2015,MFE,TX,ASW,CE,Federal Contract Tower,15,17,34,1,67,0,0,39,0,39,15,17,73,1,106,0,0,0,106
05/10/2015,MFE,TX,ASW,CE,Federal Contract Tower,6,13,25,2,46,0,0,39,0,39,6,13,64,2,85,0,0,0,85
05/11/2015,MFE,TX,ASW,CE,Federal Contract Tower,18,8,49,36,111,0,0,38,0,38,18,8,87,36,149,8,0,8,157
05/12/2015,MFE,TX,ASW,CE,Federal Contract Tower,20,17,53,19,109,0,0,24,4,28,20,17,77,23,137,10,0,10,147
05/13/2015,MFE,TX,ASW,CE,Federal Contract Tower,20,12,52,3,87,0,0,58,0,58,20,12,110,3,145,6,0,6,151
05/14/2015,MFE,TX,ASW,CE,Federal Contract Tower,25,19,52,40,136,0,0,43,1,44,25,19,95,41,180,14,6,20,200
05/15/2015,MFE,TX,ASW,CE,Federal Contract Tower,22,20,52,1,95,1,0,23,0,24,23,20,75,1,119,0,0,0,119
05/16/2015,MFE,TX,ASW,CE,Federal Contract Tower,13,11,29,0,53,0,0,53,0,53,13,11,82,0,106,4,0,4,110
05/17/2015,MFE,TX,ASW,CE,Federal Contract Tower,17,17,26,12,72,0,0,38,0,38,17,17,64,12,110,0,0,0,110
05/18/2015,MFE,TX,ASW,CE,Federal Contract Tower,23,18,70,8,119,0,0,46,1,47,23,18,116,9,166,38,12,50,216
05/19/2015,MFE,TX,ASW,CE,Federal Contract Tower,17,24,30,18,89,0,0,50,0,50,17,24,80,18,139,32,0,32,171
05/20/2015,MFE,TX,ASW,CE,Federal Contract Tower,24,11,40,26,101,0,0,68,4,72,24,11,108,30,173,26,28,54,227
05/21/2015,MFE,TX,ASW,CE,Federal Contract Tower,17,19,49,5,90,0,0,25,0,25,17,19,74,5,115,0,0,0,115
05/22/2015,MFE,TX,ASW,CE,Federal Contract Tower,22,18,46,7,93,0,0,51,0,51,22,18,97,7,144,36,0,36,180
05/23/2015,MFE,TX,ASW,CE,Federal Contract Tower,9,12,34,0,55,0,0,40,0,40,9,12,74,0,95,0,0,0,95
05/24/2015,MFE,TX,ASW,CE,Federal Contract Tower,14,10,14,0,38,0,0,32,0,32,14,10,46,0,70,10,0,10,80
05/25/2015,MFE,TX,ASW,CE,Federal Contract Tower,16,9,23,0,48,0,0,37,0,37,16,9,60,0,85,4,0,4,89
05/26/2015,MFE,TX,ASW,CE,Federal Contract Tower,15,9,44,22,90,0,0,59,1,60,15,9,103,23,150,22,0,22,172
05/27/2015,MFE,TX,ASW,CE,Federal Contract Tower,15,21,38,30,104,0,0,72,0,72,15,21,110,30,176,60,0,60,236
05/28/2015,MFE,TX,ASW,CE,Federal Contract Tower,22,25,36,30,113,0,0,63,2,65,22,25,99,32,178,72,0,72,250
05/29/2015,MFE,TX,ASW,CE,Federal Contract Tower,24,14,34,6,78,0,0,52,0,52,24,14,86,6,130,20,0,20,150
05/30/2015,MFE,TX,ASW,CE,Federal Contract Tower,16,11,10,5,42,0,0,32,0,32,16,11,42,5,74,10,0,10,84
05/31/2015,MFE,TX,ASW,CE,Federal Contract Tower,11,19,24,0,54,0,0,38,0,38,11,19,62,0,92,16,0,16,108
06/01/2015,MFE,TX,ASW,CE,Federal Contract Tower,20,19,27,24,90,0,2,57,2,61,20,21,84,26,151,22,0,22,173
06/02/2015,MFE,TX,ASW,CE,Federal Contract Tower,18,21,33,24,96,0,0,70,1,71,18,21,103,25,167,0,0,0,167
06/03/2015,MFE,TX,ASW,CE,Federal Contract Tower,20,14,48,15,97,0,0,83,1,84,20,14,131,16,181,2,0,2,183
06/04/2015,MFE,TX,ASW,CE,Federal Contract Tower,20,12,35,16,83,0,0,94,4,98,20,12,129,20,181,22,0,22,203
06/05/2015,MFE,TX,ASW,CE,Federal Contract Tower,21,13,35,32,101,0,0,85,0,85,21,13,120,32,186,12,0,12,198
06/06/2015,MFE,TX,ASW,CE,Federal Contract Tower,20,9,17,8,54,0,0,54,0,54,20,9,71,8,108,18,0,18,126
06/07/2015,MFE,TX,ASW,CE,Federal Contract Tower,17,11,20,0,48,0,0,54,0,54,17,11,74,0,102,6,0,6,108
06/08/2015,MFE,TX,ASW,CE,Federal Contract Tower,27,4,36,2,69,0,0,49,2,51,27,4,85,4,120,0,0,0,120
06/09/2015,MFE,TX,ASW,CE,Federal Contract Tower,19,4,34,35,92,0,0,70,0,70,19,4,104,35,162,16,0,16,178
06/10/2015,MFE,TX,ASW,CE,Federal Contract Tower,20,18,42,41,121,0,0,62,0,62,20,18,104,41,183,20,0,20,203
06/11/2015,MFE,TX,ASW,CE,Federal Contract Tower,25,9,31,24,89,0,0,97,2,99,25,9,128,26,188,34,0,34,222
06/12/2015,MFE,TX,ASW,CE,Federal Contract Tower,24,10,56,15,105,0,0,85,0,85,24,10,141,15,190,36,0,36,226
06/13/2015,MFE,TX,ASW,CE,Federal Contract Tower,19,11,25,22,77,0,0,58,0,58,19,11,83,22,135,0,0,0,135
06/14/2015,MFE,TX,ASW,CE,Federal Contract Tower,22,15,25,16,78,0,0,27,2,29,22,15,52,18,107,0,34,34,141
06/15/2015,MFE,TX,ASW,CE,Federal Contract Tower,28,4,50,2,84,0,0,67,0,67,28,4,117,2,151,6,0,6,157
06/16/2015,MFE,TX,ASW,CE,Federal Contract Tower,16,6,38,1,61,0,0,48,0,48,16,6,86,1,109,26,0,26,135
06/17/2015,MFE,TX,ASW,CE,Federal Contract Tower,20,8,36,1,65,0,0,60,0,60,20,8,96,1,125,4,0,4,129
06/18/2015,MFE,TX,ASW,CE,Federal Contract Tower,24,4,47,13,88,0,0,32,0,32,24,4,79,13,120,0,0,0,120
06/19/2015,MFE,TX,ASW,CE,Federal Contract Tower,25,5,41,7,78,0,0,41,0,41,25,5,82,7,119,0,0,0,119
06/20/2015,MFE,TX,ASW,CE,Federal Contract Tower,18,8,21,10,57,0,0,46,0,46,18,8,67,10,103,14,0,14,117
06/21/2015,MFE,TX,ASW,CE,Federal Contract Tower,26,8,16,0,50,0,0,15,0,15,26,8,31,0,65,0,0,0,65
06/22/2015,MFE,TX,ASW,CE,Federal Contract Tower,25,7,63,10,105,0,0,49,0,49,25,7,112,10,154,26,0,26,180
06/23/2015,MFE,TX,ASW,CE,Federal Contract Tower,16,11,46,19,92,0,0,44,0,44,16,11,90,19,136,34,0,34,170
06/24/2015,MFE,TX,ASW,CE,Federal Contract Tower,21,16,51,13,101,0,1,82,1,84,21,17,133,14,185,24,0,24,209
06/25/2015,MFE,TX,ASW,CE,Federal Contract Tower,23,8,41,20,92,0,0,58,2,60,23,8,99,22,152,40,0,40,192
06/26/2015,MFE,TX,ASW,CE,Federal Contract Tower,20,7,38,17,82,0,1,86,0,87,20,8,124,17,169,14,0,14,183
06/27/2015,MFE,TX,ASW,CE,Federal Contract Tower,21,7,35,25,88,0,0,55,0,55,21,7,90,25,143,2,0,2,145
06/28/2015,MFE,TX,ASW,CE,Federal Contract Tower,20,14,20,2,56,0,0,41,1,42,20,14,61,3,98,0,0,0,98
06/29/2015,MFE,TX,ASW,CE,Federal Contract Tower,24,8,28,19,79,0,0,54,0,54,24,8,82,19,133,34,0,34,167
06/30/2015,MFE,TX,ASW,CE,Federal Contract Tower,17,8,35,8,68,0,0,49,0,49,17,8,84,8,117,24,0,24,141
07/01/2015,MFE,TX,ASW,CE,Federal Contract Tower,24,8,27,6,65,0,0,31,0,31,24,8,58,6,96,18,0,18,114
07/02/2015,MFE,TX,ASW,CE,Federal Contract Tower,19,12,38,10,79,0,0,70,0,70,19,12,108,10,149,18,0,18,167
07/03/2015,MFE,TX,ASW,CE,Federal Contract Tower,19,7,41,0,67,0,0,57,0,57,19,7,98,0,124,30,0,30,154
07/04/2015,MFE,TX,ASW,CE,Federal Contract Tower,20,4,8,0,32,0,0,44,0,44,20,4,52,0,76,5,0,5,81
07/05/2015,MFE,TX,ASW,CE,Federal Contract Tower,15,12,33,0,60,0,0,46,1,47,15,12,79,1,107,0,0,0,107
07/06/2015,MFE,TX,ASW,CE,Federal Contract Tower,27,4,22,16,69,0,0,57,0,57,27,4,79,16,126,0,0,0,126
07/07/2015,MFE,TX,ASW,CE,Federal Contract Tower,18,8,27,44,97,0,0,74,0,74,18,8,101,44,171,26,0,26,197
07/08/2015,MFE,TX,ASW,CE,Federal Contract Tower,26,7,43,24,100,0,0,61,0,61,26,7,104,24,161,44,0,44,205
07/09/2015,MFE,TX,ASW,CE,Federal Contract Tower,25,10,47,18,100,0,0,102,0,102,25,10,149,18,202,18,0,18,220
07/10/2015,MFE,TX,ASW,CE,Federal Contract Tower,24,9,48,4,85,0,0,85,0,85,24,9,133,4,170,6,0,6,176
07/11/2015,MFE,TX,ASW,CE,Federal Contract Tower,16,21,16,0,53,0,0,53,0,53,16,21,69,0,106,44,0,44,150
07/12/2015,MFE,TX,ASW,CE,Federal Contract Tower,16,14,27,8,65,0,0,51,0,51,16,14,78,8,116,0,0,0,116
07/13/2015,MFE,TX,ASW,CE,Federal Contract Tower,22,8,41,26,97,0,0,54,1,55,22,8,95,27,152,0,0,0,152
07/14/2015,MFE,TX,ASW,CE,Federal Contract Tower,15,16,39,10,80,0,0,42,0,42,15,16,81,10,122,2,0,2,124
07/15/2015,MFE,TX,ASW,CE,Federal Contract Tower,25,13,46,10,94,0,0,63,0,63,25,13,109,10,157,0,0,0,157
07/16/2015,MFE,TX,ASW,CE,Federal Contract Tower,26,12,43,10,91,0,0,55,6,61,26,12,98,16,152,0,0,0,152
07/17/2015,MFE,TX,ASW,CE,Federal Contract Tower,26,4,31,4,65,0,0,64,0,64,26,4,95,4,129,10,0,10,139
07/18/2015,MFE,TX,ASW,CE,Federal Contract Tower,22,9,22,2,55,0,0,71,0,71,22,9,93,2,126,6,0,6,132
07/19/2015,MFE,TX,ASW,CE,Federal Contract Tower,23,12,17,6,58,0,0,48,0,48,23,12,65,6,106,18,0,18,124
07/20/2015,MFE,TX,ASW,CE,Federal Contract Tower,28,5,21,14,68,0,1,37,0,38,28,6,58,14,106,0,0,0,106
07/21/2015,MFE,TX,ASW,CE,Federal Contract Tower,20,12,43,8,83,0,0,58,0,58,20,12,101,8,141,24,0,24,165
07/22/2015,MFE,TX,ASW,CE,Federal Contract Tower,21,8,36,25,90,0,0,85,0,85,21,8,121,25,175,47,0,47,222
07/23/2015,MFE,TX,ASW,CE,Federal Contract Tower,27,14,43,16,100,0,0,68,0,68,27,14,111,16,168,6,0,6,174
07/24/2015,MFE,TX,ASW,CE,Federal Contract Tower,25,5,42,6,78,0,0,72,0,72,25,5,114,6,150,16,0,16,166
07/25/2015,MFE,TX,ASW,CE,Federal Contract Tower,25,9,14,12,60,0,0,0,60,60,25,9,14,72,120,0,0,0,120
07/26/2015,MFE,TX,ASW,CE,Federal Contract Tower,23,4,17,4,48,0,0,46,0,46,23,4,63,4,94,16,0,16,110
07/27/2015,MFE,TX,ASW,CE,Federal Contract Tower,25,5,25,20,75,0,0,78,0,78,25,5,103,20,153,31,0,31,184
07/28/2015,MFE,TX,ASW,CE,Federal Contract Tower,18,13,42,15,88,0,1,67,0,68,18,14,109,15,156,26,0,26,182
07/29/2015,MFE,TX,ASW,CE,Federal Contract Tower,23,10,29,6,68,0,0,69,0,69,23,10,98,6,137,46,0,46,183
07/30/2015,MFE,TX,ASW,CE,Federal Contract Tower,26,14,33,9,82,0,0,65,2,67,26,14,98,11,149,6,0,6,155
07/31/2015,MFE,TX,ASW,CE,Federal Contract Tower,21,14,41,0,76,0,1,81,0,82,21,15,122,0,158,12,0,12,170
08/01/2015,MFE,TX,ASW,CE,Federal Contract Tower,24,10,12,0,46,0,0,66,0,66,24,10,78,0,112,46,0,46,158
08/02/2015,MFE,TX,ASW,CE,Federal Contract Tower,21,6,26,2,55,0,0,49,0,49,21,6,75,2,104,0,0,0,104
08/03/2015,MFE,TX,ASW,CE,Federal Contract Tower,24,11,21,10,66,0,0,62,0,62,24,11,83,10,128,20,0,20,148
08/04/2015,MFE,TX,ASW,CE,Federal Contract Tower,20,8,24,24,76,0,0,56,0,56,20,8,80,24,132,0,0,0,132
08/05/2015,MFE,TX,ASW,CE,Federal Contract Tower,19,15,41,8,83,0,0,72,0,72,19,15,113,8,155,30,0,30,185
08/06/2015,MFE,TX,ASW,CE,Federal Contract Tower,23,12,26,17,78,0,0,73,2,75,23,12,99,19,153,0,0,0,153
08/07/2015,MFE,TX,ASW,CE,Federal Contract Tower,24,17,29,4,74,0,0,59,0,59,24,17,88,4,133,10,0,10,143
08/08/2015,MFE,TX,ASW,CE,Federal Contract Tower,19,16,16,5,56,0,0,54,0,54,19,16,70,5,110,6,0,6,116
08/09/2015,MFE,TX,ASW,CE,Federal Contract Tower,23,3,29,0,55,0,0,48,0,48,23,3,77,0,103,12,0,12,115
08/10/2015,MFE,TX,ASW,CE,Federal Contract Tower,23,9,24,16,72,0,0,63,1,64,23,9,87,17,136,34,6,40,176
08/11/2015,MFE,TX,ASW,CE,Federal Contract Tower,18,12,16,28,74,0,0,65,0,65,18,12,81,28,139,32,0,32,171
08/12/2015,MFE,TX,ASW,CE,Federal Contract Tower,18,16,34,24,92,0,0,78,0,78,18,16,112,24,170,8,0,8,178
08/13/2015,MFE,TX,ASW,CE,Federal Contract Tower,25,8,34,32,99,0,0,80,0,80,25,8,114,32,179,40,6,46,225
08/14/2015,MFE,TX,ASW,CE,Federal Contract Tower,22,4,35,16,77,0,0,76,0,76,22,4,111,16,153,14,0,14,167
08/15/2015,MFE,TX,ASW,CE,Federal Contract Tower,25,12,8,5,50,0,0,60,0,60,25,12,68,5,110,36,0,36,146
08/16/2015,MFE,TX,ASW,CE,Federal Contract Tower,23,6,15,6,50,0,0,43,0,43,23,6,58,6,93,10,0,10,103
08/17/2015,MFE,TX,ASW,CE,Federal Contract Tower,22,10,27,6,65,0,0,59,0,59,22,10,86,6,124,28,0,28,152
08/18/2015,MFE,TX,ASW,CE,Federal Contract Tower,19,16,28,20,83,0,0,61,0,61,19,16,89,20,144,38,0,38,182
08/19/2015,MFE,TX,ASW,CE,Federal Contract Tower,18,16,55,24,113,0,0,57,8,65,18,16,112,32,178,38,0,38,216
08/20/2015,MFE,TX,ASW,CE,Federal Contract Tower,26,5,39,2,72,0,0,28,0,28,26,5,67,2,100,42,0,42,142
08/21/2015,MFE,TX,ASW,CE,Federal Contract Tower,21,16,37,14,88,0,0,76,0,76,21,16,113,14,164,22,0,22,186
08/22/2015,MFE,TX,ASW,CE,Federal Contract Tower,19,3,20,2,44,0,0,59,0,59,19,3,79,2,103,0,0,0,103
08/23/2015,MFE,TX,ASW,CE,Federal Contract Tower,22,11,27,2,62,0,0,32,1,33,22,11,59,3,95,14,0,14,109
08/24/2015,MFE,TX,ASW,CE,Federal Contract Tower,25,7,45,10,87,0,0,52,0,52,25,7,97,10,139,0,0,0,139
08/25/2015,MFE,TX,ASW,CE,Federal Contract Tower,21,7,47,41,116,0,0,62,0,62,21,7,109,41,178,10,0,10,188
08/26/2015,MFE,TX,ASW,CE,Federal Contract Tower,24,8,50,1,83,0,0,81,0,81,24,8,131,1,164,34,0,34,198
08/27/2015,MFE,TX,ASW,CE,Federal Contract Tower,23,6,48,9,86,0,0,76,3,79,23,6,124,12,165,26,8,34,199
08/28/2015,MFE,TX,ASW,CE,Federal Contract Tower,22,9,43,5,79,0,0,64,2,66,22,9,107,7,145,30,0,30,175
08/29/2015,MFE,TX,ASW,CE,Federal Contract Tower,18,4,18,2,42,0,0,70,0,70,18,4,88,2,112,40,0,40,152
08/30/2015,MFE,TX,ASW,CE,Federal Contract Tower,20,6,16,4,46,0,0,50,0,50,20,6,66,4,96,32,0,32,128
08/31/2015,MFE,TX,ASW,CE,Federal Contract Tower,23,6,28,10,67,0,0,28,0,28,23,6,56,10,95,24,0,24,119
09/01/2015,MFE,TX,ASW,CE,Federal Contract Tower,21,9,20,12,62,0,0,47,1,48,21,9,67,13,110,12,0,12,122
09/02/2015,MFE,TX,ASW,CE,Federal Contract Tower,22,12,34,4,72,0,0,58,6,64,22,12,92,10,136,14,12,26,162
09/03/2015,MFE,TX,ASW,CE,Federal Contract Tower,24,7,40,7,78,0,0,69,3,72,24,7,109,10,150,22,0,22,172
09/04/2015,MFE,TX,ASW,CE,Federal Contract Tower,23,6,50,14,93,0,0,71,0,71,23,6,121,14,164,54,0,54,218
09/05/2015,MFE,TX,ASW,CE,Federal Contract Tower,19,6,13,0,38,0,0,64,0,64,19,6,77,0,102,44,0,44,146
09/06/2015,MFE,TX,ASW,CE,Federal Contract Tower,16,4,23,0,43,0,0,36,0,36,16,4,59,0,79,4,0,4,83
09/07/2015,MFE,TX,ASW,CE,Federal Contract Tower,19,7,19,0,45,0,0,51,0,51,19,7,70,0,96,50,0,50,146
09/08/2015,MFE,TX,ASW,CE,Federal Contract Tower,18,15,22,21,76,0,0,75,0,75,18,15,97,21,151,28,0,28,179
09/09/2015,MFE,TX,ASW,CE,Federal Contract Tower,20,8,44,54,126,0,0,75,4,79,20,8,119,58,205,46,10,56,261
09/10/2015,MFE,TX,ASW,CE,Federal Contract Tower,20,8,29,13,70,0,0,66,2,68,20,8,95,15,138,42,4,46,184
09/11/2015,MFE,TX,ASW,CE,Federal Contract Tower,16,14,39,12,81,0,0,41,1,42,16,14,80,13,123,30,0,30,153
09/12/2015,MFE,TX,ASW,CE,Federal Contract Tower,16,2,19,4,41,0,0,16,0,16,16,2,35,4,57,0,0,0,57
09/13/2015,MFE,TX,ASW,CE,Federal Contract Tower,14,7,20,4,45,0,1,33,2,36,14,8,53,6,81,6,0,6,87
09/14/2015,MFE,TX,ASW,CE,Federal Contract Tower,25,8,31,14,78,0,1,49,2,52,25,9,80,16,130,38,0,38,168
09/15/2015,MFE,TX,ASW,CE,Federal Contract Tower,20,11,30,14,75,0,2,48,0,50,20,13,78,14,125,14,0,14,139
09/16/2015,MFE,TX,ASW,CE,Federal Contract Tower,17,13,36,10,76,0,0,27,3,30,17,13,63,13,106,2,0,2,108
09/17/2015,MFE,TX,ASW,CE,Federal Contract Tower,23,16,55,34,128,0,0,68,3,71,23,16,123,37,199,4,24,28,227
09/18/2015,MFE,TX,ASW,CE,Federal Contract Tower,22,15,36,8,81,0,0,64,0,64,22,15,100,8,145,60,0,60,205
09/19/2015,MFE,TX,ASW,CE,Federal Contract Tower,14,5,14,0,33,0,0,62,0,62,14,5,76,0,95,10,0,10,105
09/20/2015,MFE,TX,ASW,CE,Federal Contract Tower,17,8,14,0,39,0,0,51,0,51,17,8,65,0,90,4,0,4,94
09/21/2015,MFE,TX,ASW,CE,Federal Contract Tower,21,9,43,7,80,0,0,67,3,70,21,9,110,10,150,14,0,14,164
09/22/2015,MFE,TX,ASW,CE,Federal Contract Tower,21,9,27,21,78,0,0,76,0,76,21,9,103,21,154,92,0,92,246
09/23/2015,MFE,TX,ASW,CE,Federal Contract Tower,19,20,36,7,82,0,0,74,0,74,19,20,110,7,156,34,0,34,190
09/24/2015,MFE,TX,ASW,CE,Federal Contract Tower,17,11,45,2,75,0,0,91,2,93,17,11,136,4,168,50,0,50,218
09/25/2015,MFE,TX,ASW,CE,Federal Contract Tower,19,9,32,0,60,0,0,43,0,43,19,9,75,0,103,44,0,44,147
09/26/2015,MFE,TX,ASW,CE,Federal Contract Tower,16,7,12,0,35,0,0,40,2,42,16,7,52,2,77,32,0,32,109
09/27/2015,MFE,TX,ASW,CE,Federal Contract Tower,20,8,27,4,59,0,0,32,0,32,20,8,59,4,91,10,0,10,101
09/28/2015,MFE,TX,ASW,CE,Federal Contract Tower,24,5,36,35,100,0,0,39,0,39,24,5,75,35,139,18,0,18,157
09/29/2015,MFE,TX,ASW,CE,Federal Contract Tower,18,11,18,39,86,0,0,75,2,77,18,11,93,41,163,52,0,52,215
09/30/2015,MFE,TX,ASW,CE,Federal Contract Tower,22,15,28,17,82,0,0,67,0,67,22,15,95,17,149,42,0,42,191
10/01/2015,MFE,TX,ASW,CE,Federal Contract Tower,22,17,45,7,91,0,0,84,0,84,22,17,129,7,175,52,0,52,227
10/02/2015,MFE,TX,ASW,CE,Federal Contract Tower,19,13,47,3,82,0,0,72,4,76,19,13,119,7,158,22,0,22,180
10/03/2015,MFE,TX,ASW,CE,Federal Contract Tower,21,0,13,0,34,0,0,55,2,57,21,0,68,2,91,10,0,10,101
10/04/2015,MFE,TX,ASW,CE,Federal Contract Tower,21,6,25,0,52,0,0,57,0,57,21,6,82,0,109,12,0,12,121
10/05/2015,MFE,TX,ASW,CE,Federal Contract Tower,22,10,27,22,81,0,0,69,0,69,22,10,96,22,150,2,0,2,152
10/06/2015,MFE,TX,ASW,CE,Federal Contract Tower,19,9,35,8,71,0,0,64,4,68,19,9,99,12,139,56,0,56,195
10/07/2015,MFE,TX,ASW,CE,Federal Contract Tower,25,12,26,4,67,0,0,72,0,72,25,12,98,4,139,38,0,38,177
10/08/2015,MFE,TX,ASW,CE,Federal Contract Tower,26,8,32,6,72,0,0,62,0,62,26,8,94,6,134,8,0,8,142
10/09/2015,MFE,TX,ASW,CE,Federal Contract Tower,21,11,41,0,73,0,0,36,1,37,21,11,77,1,110,32,0,32,142
10/10/2015,MFE,TX,ASW,CE,Federal Contract Tower,15,8,14,0,37,0,0,40,0,40,15,8,54,0,77,16,0,16,93
10/11/2015,MFE,TX,ASW,CE,Federal Contract Tower,29,5,32,5,71,0,0,39,0,39,29,5,71,5,110,34,0,34,144
10/12/2015,MFE,TX,ASW,CE,Federal Contract Tower,27,3,32,0,62,0,0,42,0,42,27,3,74,0,104,0,0,0,104
10/13/2015,MFE,TX,ASW,CE,Federal Contract Tower,21,8,35,2,66,0,0,44,0,44,21,8,79,2,110,54,0,54,164
10/14/2015,MFE,TX,ASW,CE,Federal Contract Tower,26,7,41,20,94,0,0,78,0,78,26,7,119,20,172,0,0,0,172
10/15/2015,MFE,TX,ASW,CE,Federal Contract Tower,26,12,41,29,108,0,0,82,0,82,26,12,123,29,190,16,0,16,206
10/16/2015,MFE,TX,ASW,CE,Federal Contract Tower,24,5,46,15,90,0,0,58,0,58,24,5,104,15,148,16,0,16,164
10/17/2015,MFE,TX,ASW,CE,Federal Contract Tower,14,5,20,0,39,0,0,56,0,56,14,5,76,0,95,8,0,8,103
10/18/2015,MFE,TX,ASW,CE,Federal Contract Tower,16,17,33,0,66,0,0,50,0,50,16,17,83,0,116,6,0,6,122
10/19/2015,MFE,TX,ASW,CE,Federal Contract Tower,24,7,51,20,102,0,0,63,0,63,24,7,114,20,165,0,0,0,165
10/20/2015,MFE,TX,ASW,CE,Federal Contract Tower,22,18,36,5,81,0,0,102,0,102,22,18,138,5,183,76,0,76,259
10/21/2015,MFE,TX,ASW,CE,Federal Contract Tower,21,11,40,16,88,0,0,42,0,42,21,11,82,16,130,34,0,34,164
10/22/2015,MFE,TX,ASW,CE,Federal Contract Tower,27,9,38,12,86,0,0,32,0,32,27,9,70,12,118,4,0,4,122
10/23/2015,MFE,TX,ASW,CE,Federal Contract Tower,17,7,20,2,46,0,0,45,0,45,17,7,65,2,91,20,0,20,111
10/24/2015,MFE,TX,ASW,CE,Federal Contract Tower,15,1,5,0,21,0,0,4,0,4,15,1,9,0,25,0,0,0,25
10/25/2015,MFE,TX,ASW,CE,Federal Contract Tower,25,1,22,0,48,0,0,32,0,32,25,1,54,0,80,0,0,0,80
10/26/2015,MFE,TX,ASW,CE,Federal Contract Tower,29,0,20,14,63,0,0,62,0,62,29,0,82,14,125,4,0,4,129
10/27/2015,MFE,TX,ASW,CE,Federal Contract Tower,21,11,28,14,74,0,0,79,0,79,21,11,107,14,153,68,0,68,221
10/28/2015,MFE,TX,ASW,CE,Federal Contract Tower,26,8,48,27,109,0,0,67,0,67,26,8,115,27,176,12,0,12,188
10/29/2015,MFE,TX,ASW,CE,Federal Contract Tower,34,6,44,28,112,0,0,48,0,48,34,6,92,28,160,0,0,0,160
10/30/2015,MFE,TX,ASW,CE,Federal Contract Tower,26,6,31,0,63,0,0,26,0,26,26,6,57,0,89,0,0,0,89
10/31/2015,MFE,TX,ASW,CE,Federal Contract Tower,18,9,17,0,44,0,0,27,0,27,18,9,44,0,71,10,0,10,81
11/01/2015,MFE,TX,ASW,CE,Federal Contract Tower,28,3,19,10,60,0,0,43,0,43,28,3,62,10,103,10,0,10,113
11/02/2015,MFE,TX,ASW,CE,Federal Contract Tower,23,9,29,16,77,0,0,83,0,83,23,9,112,16,160,34,2,36,196
11/03/2015,MFE,TX,ASW,CE,Federal Contract Tower,26,4,19,13,62,0,1,62,1,64,26,5,81,14,126,24,0,24,150
11/04/2015,MFE,TX,ASW,CE,Federal Contract Tower,29,5,49,8,91,0,0,41,0,41,29,5,90,8,132,18,0,18,150
11/05/2015,MFE,TX,ASW,CE,Federal Contract Tower,29,9,43,30,111,0,1,43,2,46,29,10,86,32,157,46,16,62,219
11/06/2015,MFE,TX,ASW,CE,Federal Contract Tower,24,2,36,14,76,0,0,48,0,48,24,2,84,14,124,0,0,0,124
11/07/2015,MFE,TX,ASW,CE,Federal Contract Tower,21,1,22,4,48,0,0,10,0,10,21,1,32,4,58,16,0,16,74
11/08/2015,MFE,TX,ASW,CE,Federal Contract Tower,20,7,25,0,52,0,0,44,0,44,20,7,69,0,96,2,0,2,98
11/09/2015,MFE,TX,ASW,CE,Federal Contract Tower,26,2,25,12,65,0,0,55,0,55,26,2,80,12,120,2,0,2,122
11/10/2015,MFE,TX,ASW,CE,Federal Contract Tower,21,7,55,22,105,0,0,41,0,41,21,7,96,22,146,40,0,40,186
11/11/2015,MFE,TX,ASW,CE,Federal Contract Tower,26,6,41,2,75,0,0,53,1,54,26,6,94,3,129,6,0,6,135
11/12/2015,MFE,TX,ASW,CE,Federal Contract Tower,29,14,52,2,97,0,0,50,0,50,29,14,102,2,147,28,0,28,175
11/13/2015,MFE,TX,ASW,CE,Federal Contract Tower,31,6,57,10,104,0,0,48,0,48,31,6,105,10,152,8,0,8,160
11/14/2015,MFE,TX,ASW,CE,Federal Contract Tower,18,4,26,8,56,0,0,47,0,47,18,4,73,8,103,18,0,18,121
11/15/2015,MFE,TX,ASW,CE,Federal Contract Tower,22,4,42,6,74,0,0,44,0,44,22,4,86,6,118,0,0,0,118
11/16/2015,MFE,TX,ASW,CE,Federal Contract Tower,32,2,51,36,121,0,0,44,6,50,32,2,95,42,171,0,0,0,171
11/17/2015,MFE,TX,ASW,CE,Federal Contract Tower,19,5,52,53,129,0,0,48,2,50,19,5,100,55,179,30,4,34,213
11/18/2015,MFE,TX,ASW,CE,Federal Contract Tower,30,2,34,30,96,0,0,74,2,76,30,2,108,32,172,36,0,36,208
11/19/2015,MFE,TX,ASW,CE,Federal Contract Tower,29,9,31,8,77,0,0,73,2,75,29,9,104,10,152,52,0,52,204
11/20/2015,MFE,TX,ASW,CE,Federal Contract Tower,26,9,73,2,110,0,0,9,2,11,26,9,82,4,121,6,0,6,127
11/21/2015,MFE,TX,ASW,CE,Federal Contract Tower,20,5,18,1,44,0,0,32,0,32,20,5,50,1,76,14,0,14,90
11/22/2015,MFE,TX,ASW,CE,Federal Contract Tower,26,8,21,7,62,0,0,49,3,52,26,8,70,10,114,44,0,44,158
11/23/2015,MFE,TX,ASW,CE,Federal Contract Tower,24,2,35,10,71,0,0,48,2,50,24,2,83,12,121,8,0,8,129
11/24/2015,MFE,TX,ASW,CE,Federal Contract Tower,23,4,37,28,92,0,0,55,9,64,23,4,92,37,156,32,0,32,188
11/25/2015,MFE,TX,ASW,CE,Federal Contract Tower,31,2,52,15,100,0,0,40,6,46,31,2,92,21,146,32,0,32,178
11/26/2015,MFE,TX,ASW,CE,Federal Contract Tower,13,4,24,0,41,0,0,36,0,36,13,4,60,0,77,24,0,24,101
11/27/2015,MFE,TX,ASW,CE,Federal Contract Tower,23,4,27,1,55,0,0,34,3,37,23,4,61,4,92,20,0,20,112
11/28/2015,MFE,TX,ASW,CE,Federal Contract Tower,24,7,27,0,58,0,0,7,0,7,24,7,34,0,65,0,0,0,65
11/29/2015,MFE,TX,ASW,CE,Federal Contract Tower,24,9,41,1,75,0,0,17,0,17,24,9,58,1,92,0,0,0,92
11/30/2015,MFE,TX,ASW,CE,Federal Contract Tower,31,2,37,8,78,0,0,0,0,0,31,2,37,8,78,0,0,0,78
12/01/2015,MFE,TX,ASW,CE,Federal Contract Tower,20,5,47,12,84,0,0,14,0,14,20,5,61,12,98,0,0,0,98
12/02/2015,MFE,TX,ASW,CE,Federal Contract Tower,22,14,33,18,87,0,0,64,1,65,22,14,97,19,152,14,0,14,166
12/03/2015,MFE,TX,ASW,CE,Federal Contract Tower,25,7,39,4,75,0,0,87,1,88,25,7,126,5,163,6,0,6,169
12/04/2015,MFE,TX,ASW,CE,Federal Contract Tower,27,9,32,0,68,0,0,86,0,86,27,9,118,0,154,38,12,50,204
12/05/2015,MFE,TX,ASW,CE,Federal Contract Tower,18,6,30,2,56,0,0,68,0,68,18,6,98,2,124,80,0,80,204
12/06/2015,MFE,TX,ASW,CE,Federal Contract Tower,24,2,17,0,43,0,0,42,0,42,24,2,59,0,85,8,0,8,93
12/07/2015,MFE,TX,ASW,CE,Federal Contract Tower,28,4,35,18,85,0,0,61,4,65,28,4,96,22,150,12,6,18,168
12/08/2015,MFE,TX,ASW,CE,Federal Contract Tower,19,4,44,17,84,0,0,65,5,70,19,4,109,22,154,40,0,40,194
12/09/2015,MFE,TX,ASW,CE,Federal Contract Tower,25,10,36,8,79,0,0,41,0,41,25,10,77,8,120,0,0,0,120
12/10/2015,MFE,TX,ASW,CE,Federal Contract Tower,27,10,39,8,84,0,0,72,13,85,27,10,111,21,169,2,0,2,171
12/11/2015,MFE,TX,ASW,CE,Federal Contract Tower,28,7,48,11,94,0,0,38,0,38,28,7,86,11,132,22,0,22,154
12/12/2015,MFE,TX,ASW,CE,Federal Contract Tower,17,2,28,0,47,0,0,20,2,22,17,2,48,2,69,14,0,14,83
12/13/2015,MFE,TX,ASW,CE,Federal Contract Tower,28,7,27,4,66,0,0,26,0,26,28,7,53,4,92,2,0,2,94
12/14/2015,MFE,TX,ASW,CE,Federal Contract Tower,29,5,37,2,73,0,0,72,8,80,29,5,109,10,153,68,14,82,235
12/15/2015,MFE,TX,ASW,CE,Federal Contract Tower,26,13,32,4,75,0,0,71,0,71,26,13,103,4,146,74,0,74,220
12/16/2015,MFE,TX,ASW,CE,Federal Contract Tower,26,4,37,6,73,0,0,61,0,61,26,4,98,6,134,30,0,30,164
12/17/2015,MFE,TX,ASW,CE,Federal Contract Tower,27,7,50,37,121,0,0,58,8,66,27,7,108,45,187,34,4,38,225
12/18/2015,MFE,TX,ASW,CE,Federal Contract Tower,18,10,54,8,90,0,0,87,0,87,18,10,141,8,177,30,0,30,207
12/19/2015,MFE,TX,ASW,CE,Federal Contract Tower,20,11,14,0,45,0,0,81,0,81,20,11,95,0,126,18,0,18,144
12/20/2015,MFE,TX,ASW,CE,Federal Contract Tower,21,12,20,4,57,0,0,40,0,40,21,12,60,4,97,12,0,12,109
12/21/2015,MFE,TX,ASW,CE,Federal Contract Tower,21,6,46,18,91,0,6,63,1,70,21,12,109,19,161,30,0,30,191
12/22/2015,MFE,TX,ASW,CE,Federal Contract Tower,21,15,34,4,74,0,0,59,0,59,21,15,93,4,133,32,10,42,175
12/23/2015,MFE,TX,ASW,CE,Federal Contract Tower,25,9,29,4,67,0,0,73,0,73,25,9,102,4,140,12,0,12,152
12/24/2015,MFE,TX,ASW,CE,Federal Contract Tower,24,10,19,0,53,0,0,18,0,18,24,10,37,0,71,0,0,0,71
12/25/2015,MFE,TX,ASW,CE,Federal Contract Tower,19,8,10,0,37,0,0,25,0,25,19,8,35,0,62,0,0,0,62
12/26/2015,MFE,TX,ASW,CE,Federal Contract Tower,22,4,19,1,46,0,0,10,1,11,22,4,29,2,57,0,0,0,57
12/27/2015,MFE,TX,ASW,CE,Federal Contract Tower,21,9,26,0,56,0,0,14,0,14,21,9,40,0,70,0,0,0,70
12/28/2015,MFE,TX,ASW,CE,Federal Contract Tower,16,6,35,0,57,0,0,65,0,65,16,6,100,0,122,52,0,52,174
12/29/2015,MFE,TX,ASW,CE,Federal Contract Tower,18,9,41,15,83,0,0,49,0,49,18,9,90,15,132,22,0,22,154
12/30/2015,MFE,TX,ASW,CE,Federal Contract Tower,19,13,40,4,76,0,0,0,0,0,19,13,40,4,76,0,0,0,76
12/31/2015,MFE,TX,ASW,CE,Federal Contract Tower,22,15,24,0,61,0,0,0,0,0,22,15,24,0,61,0,0,0,61
01/01/2016,MFE,TX,ASW,CE,Federal Contract Tower,20,9,17,0,46,0,0,4,0,4,20,9,21,0,50,0,0,0,50
01/02/2016,MFE,TX,ASW,CE,Federal Contract Tower,18,13,13,0,44,0,0,0,0,0,18,13,13,0,44,0,0,0,44
01/03/2016,MFE,TX,ASW,CE,Federal Contract Tower,23,8,47,0,78,0,0,30,0,30,23,8,77,0,108,14,0,14,122
01/04/2016,MFE,TX,ASW,CE,Federal Contract Tower,19,10,49,7,85,0,0,76,0,76,19,10,125,7,161,20,0,20,181
01/05/2016,MFE,TX,ASW,CE,Federal Contract Tower,22,7,24,18,71,0,0,50,0,50,22,7,74,18,121,0,0,0,121
01/06/2016,MFE,TX,ASW,CE,Federal Contract Tower,17,10,33,30,90,0,0,33,2,35,17,10,66,32,125,52,0,52,177
01/07/2016,MFE,TX,ASW,CE,Federal Contract Tower,24,9,28,18,79,0,0,53,0,53,24,9,81,18,132,24,0,24,156
01/08/2016,MFE,TX,ASW,CE,Federal Contract Tower,26,6,51,1,84,0,0,57,0,57,26,6,108,1,141,10,0,10,151
01/09/2016,MFE,TX,ASW,CE,Federal Contract Tower,11,8,29,15,63,0,0,54,1,55,11,8,83,16,118,26,0,26,144
01/11/2016,MFE,TX,ASW,CE,Federal Contract Tower,24,8,46,11,89,0,0,41,0,41,24,8,87,11,130,36,0,36,166
01/12/2016,MFE,TX,ASW,CE,Federal Contract Tower,16,6,37,48,107,0,0,67,0,67,16,6,104,48,174,10,0,10,184
01/13/2016,MFE,TX,ASW,CE,Federal Contract Tower,17,8,40,31,96,0,0,46,0,46,17,8,86,31,142,30,0,30,172
01/14/2016,MFE,TX,ASW,CE,Federal Contract Tower,24,10,55,21,110,0,0,50,0,50,24,10,105,21,160,6,0,6,166
01/15/2016,MFE,TX,ASW,CE,Federal Contract Tower,24,8,28,14,74,0,0,84,1,85,24,8,112,15,159,36,0,36,195
01/16/2016,MFE,TX,ASW,CE,Federal Contract Tower,13,7,11,0,31,0,0,25,1,26,13,7,36,1,57,12,0,12,69
01/17/2016,MFE,TX,ASW,CE,Federal Contract Tower,20,5,31,13,69,0,0,49,0,49,20,5,80,13,118,0,0,0,118
01/18/2016,MFE,TX,ASW,CE,Federal Contract Tower,27,10,28,13,78,0,0,63,0,63,27,10,91,13,141,72,0,72,213
01/19/2016,MFE,TX,ASW,CE,Federal Contract Tower,18,16,40,29,103,0,0,59,0,59,18,16,99,29,162,24,0,24,186
01/20/2016,MFE,TX,ASW,CE,Federal Contract Tower,18,12,38,16,84,0,0,45,0,45,18,12,83,16,129,18,0,18,147
01/21/2016,MFE,TX,ASW,CE,Federal Contract Tower,23,9,26,32,90,0,0,32,0,32,23,9,58,32,122,4,4,8,130
01/22/2016,MFE,TX,ASW,CE,Federal Contract Tower,20,10,46,26,102,0,0,54,0,54,20,10,100,26,156,16,0,16,172
01/23/2016,MFE,TX,ASW,CE,Federal Contract Tower,14,6,10,2,32,0,0,75,0,75,14,6,85,2,107,48,0,48,155
01/24/2016,MFE,TX,ASW,CE,Federal Contract Tower,19,9,22,4,54,0,0,42,0,42,19,9,64,4,96,0,0,0,96
01/25/2016,MFE,TX,ASW,CE,Federal Contract Tower,22,3,40,28,93,0,0,74,1,75,22,3,114,29,168,4,0,4,172
01/26/2016,MFE,TX,ASW,CE,Federal Contract Tower,16,18,31,8,73,0,0,37,0,37,16,18,68,8,110,32,0,32,142
01/27/2016,MFE,TX,ASW,CE,Federal Contract Tower,17,8,38,15,78,0,0,71,0,71,17,8,109,15,149,46,0,46,195
01/28/2016,MFE,TX,ASW,CE,Federal Contract Tower,22,12,50,31,115,0,0,79,0,79,22,12,129,31,194,58,0,58,252
01/29/2016,MFE,TX,ASW,CE,Federal Contract Tower,23,9,41,16,89,0,0,87,0,87,23,9,128,16,176,28,0,28,204
01/30/2016,MFE,TX,ASW,CE,Federal Contract Tower,12,3,20,9,44,0,0,68,0,68,12,3,88,9,112,8,0,8,120
01/31/2016,MFE,TX,ASW,CE,Federal Contract Tower,24,3,19,4,50,0,0,48,0,48,24,3,67,4,98,6,0,6,104
02/01/2016,MFE,TX,ASW,CE,Federal Contract Tower,20,6,41,37,104,0,0,52,0,52,20,6,93,37,156,10,0,10,166
02/02/2016,MFE,TX,ASW,CE,Federal Contract Tower,16,12,44,34,106,0,0,52,4,56,16,12,96,38,162,40,32,72,234
02/03/2016,MFE,TX,ASW,CE,Federal Contract Tower,18,9,26,24,77,0,0,60,0,60,18,9,86,24,137,34,0,34,171
02/04/2016,MFE,TX,ASW,CE,Federal Contract Tower,20,7,34,19,80,0,0,74,4,78,20,7,108,23,158,34,2,36,194
02/05/2016,MFE,TX,ASW,CE,Federal Contract Tower,22,9,27,5,63,0,0,50,0,50,22,9,77,5,113,34,0,34,147
02/06/2016,MFE,TX,ASW,CE,Federal Contract Tower,13,7,13,11,44,0,0,51,0,51,13,7,64,11,95,20,0,20,115
02/07/2016,MFE,TX,ASW,CE,Federal Contract Tower,23,2,20,10,55,0,0,61,0,61,23,2,81,10,116,0,0,0,116
02/08/2016,MFE,TX,ASW,CE,Federal Contract Tower,21,7,28,28,84,0,0,48,0,48,21,7,76,28,132,2,0,2,134
02/09/2016,MFE,TX,ASW,CE,Federal Contract Tower,17,12,18,4,51,0,0,57,4,61,17,12,75,8,112,28,0,28,140
02/10/2016,MFE,TX,ASW,CE,Federal Contract Tower,18,9,27,10,64,0,0,61,3,64,18,9,88,13,128,24,0,24,152
02/11/2016,MFE,TX,ASW,CE,Federal Contract Tower,20,12,24,15,71,0,0,60,2,62,20,12,84,17,133,8,24,32,165
02/12/2016,MFE,TX,ASW,CE,Federal Contract Tower,22,6,34,14,76,0,0,93,4,97,22,6,127,18,173,20,0,20,193
02/13/2016,MFE,TX,ASW,CE,Federal Contract Tower,14,8,19,4,45,0,0,55,0,55,14,8,74,4,100,10,0,10,110
02/14/2016,MFE,TX,ASW,CE,Federal Contract Tower,19,6,15,0,40,0,0,50,0,50,19,6,65,0,90,2,0,2,92
02/15/2016,MFE,TX,ASW,CE,Federal Contract Tower,21,11,30,4,66,0,0,57,0,57,21,11,87,4,123,42,0,42,165
02/16/2016,MFE,TX,ASW,CE,Federal Contract Tower,18,5,22,41,86,0,0,64,0,64,18,5,86,41,150,14,0,14,164
02/17/2016,MFE,TX,ASW,CE,Federal Contract Tower,17,12,28,28,85,0,0,67,1,68,17,12,95,29,153,38,0,38,191
02/18/2016,MFE,TX,ASW,CE,Federal Contract Tower,19,12,38,22,91,0,0,55,0,55,19,12,93,22,146,0,0,0,146
02/19/2016,MFE,TX,ASW,CE,Federal Contract Tower,22,12,38,15,87,0,0,41,0,41,22,12,79,15,128,6,0,6,134
02/20/2016,MFE,TX,ASW,CE,Federal Contract Tower,13,9,23,11,56,0,0,48,0,48,13,9,71,11,104,8,0,8,112
02/21/2016,MFE,TX,ASW,CE,Federal Contract Tower,15,5,30,28,78,0,0,27,0,27,15,5,57,28,105,0,0,0,105
02/22/2016,MFE,TX,ASW,CE,Federal Contract Tower,21,6,51,29,107,0,0,51,0,51,21,6,102,29,158,30,0,30,188
02/23/2016,MFE,TX,ASW,CE,Federal Contract Tower,21,7,35,67,130,0,0,50,2,52,21,7,85,69,182,12,16,28,210
02/24/2016,MFE,TX,ASW,CE,Federal Contract Tower,12,13,32,25,82,0,0,64,1,65,12,13,96,26,147,40,0,40,187
02/25/2016,MFE,TX,ASW,CE,Federal Contract Tower,22,7,39,36,104,0,0,90,2,92,22,7,129,38,196,14,0,14,210
02/26/2016,MFE,TX,ASW,CE,Federal Contract Tower,20,6,42,21,89,0,0,85,0,85,20,6,127,21,174,14,0,14,188
02/27/2016,MFE,TX,ASW,CE,Federal Contract Tower,14,8,18,2,42,0,0,78,1,79,14,8,96,3,121,12,0,12,133
02/28/2016,MFE,TX,ASW,CE,Federal Contract Tower,22,6,22,4,54,0,0,51,0,51,22,6,73,4,105,0,0,0,105
02/29/2016,MFE,TX,ASW,CE,Federal Contract Tower,20,8,39,12,79,0,0,42,0,42,20,8,81,12,121,0,0,0,121
03/01/2016,MFE,TX,ASW,CE,Federal Contract Tower,18,9,23,29,79,0,0,72,2,74,18,9,95,31,153,12,0,12,165
03/02/2016,MFE,TX,ASW,CE,Federal Contract Tower,20,12,33,18,83,0,0,59,0,59,20,12,92,18,142,30,4,34,176
03/03/2016,MFE,TX,ASW,CE,Federal Contract Tower,25,13,35,8,81,0,0,58,4,62,25,13,93,12,143,20,0,20,163
03/04/2016,MFE,TX,ASW,CE,Federal Contract Tower,24,8,38,0,70,0,0,77,0,77,24,8,115,0,147,22,0,22,169
03/05/2016,MFE,TX,ASW,CE,Federal Contract Tower,18,1,17,0,36,0,0,49,0,49,18,1,66,0,85,30,0,30,115
03/06/2016,MFE,TX,ASW,CE,Federal Contract Tower,24,2,22,3,51,0,0,32,0,32,24,2,54,3,83,6,0,6,89
03/07/2016,MFE,TX,ASW,CE,Federal Contract Tower,23,12,34,24,93,0,0,20,0,20,23,12,54,24,113,0,0,0,113
03/08/2016,MFE,TX,ASW,CE,Federal Contract Tower,17,9,18,30,74,0,0,39,1,40,17,9,57,31,114,14,0,14,128
03/09/2016,MFE,TX,ASW,CE,Federal Contract Tower,23,13,14,0,50,0,0,7,0,7,23,13,21,0,57,0,0,0,57
03/10/2016,MFE,TX,ASW,CE,Federal Contract Tower,26,14,45,30,115,0,0,38,4,42,26,14,83,34,157,38,0,38,195
03/11/2016,MFE,TX,ASW,CE,Federal Contract Tower,25,8,46,26,105,0,1,76,0,77,25,9,122,26,182,14,0,14,196
03/12/2016,MFE,TX,ASW,CE,Federal Contract Tower,18,6,12,7,43,0,0,70,1,71,18,6,82,8,114,22,0,22,136
03/13/2016,MFE,TX,ASW,CE,Federal Contract Tower,23,8,27,4,62,0,0,53,0,53,23,8,80,4,115,4,0,4,119
03/14/2016,MFE,TX,ASW,CE,Federal Contract Tower,22,8,33,25,88,0,0,58,2,60,22,8,91,27,148,12,0,12,160
03/15/2016,MFE,TX,ASW,CE,Federal Contract Tower,20,12,46,41,119,0,0,47,0,47,20,12,93,41,166,50,0,50,216
03/16/2016,MFE,TX,ASW,CE,Federal Contract Tower,23,9,45,21,98,0,0,30,0,30,23,9,75,21,128,26,6,32,160
03/17/2016,MFE,TX,ASW,CE,Federal Contract Tower,24,5,48,32,109,0,0,35,0,35,24,5,83,32,144,34,0,34,178
03/18/2016,MFE,TX,ASW,CE,Federal Contract Tower,25,4,31,10,70,0,0,55,0,55,25,4,86,10,125,44,0,44,169
03/19/2016,MFE,TX,ASW,CE,Federal Contract Tower,17,3,27,2,49,0,0,45,0,45,17,3,72,2,94,18,0,18,112
03/20/2016,MFE,TX,ASW,CE,Federal Contract Tower,23,11,23,0,57,0,0,53,0,53,23,11,76,0,110,0,0,0,110
03/21/2016,MFE,TX,ASW,CE,Federal Contract Tower,23,3,47,14,87,0,0,77,0,77,23,3,124,14,164,42,0,42,206
03/22/2016,MFE,TX,ASW,CE,Federal Contract Tower,19,10,45,12,86,0,0,80,0,80,19,10,125,12,166,34,0,34,200
03/23/2016,MFE,TX,ASW,CE,Federal Contract Tower,22,9,33,26,90,0,0,84,1,85,22,9,117,27,175,52,22,74,249
03/24/2016,MFE,TX,ASW,CE,Federal Contract Tower,23,7,39,28,97,0,0,55,0,55,23,7,94,28,152,18,4,22,174
03/25/2016,MFE,TX,ASW,CE,Federal Contract Tower,30,2,40,11,83,0,0,62,0,62,30,2,102,11,145,10,0,10,155
03/26/2016,MFE,TX,ASW,CE,Federal Contract Tower,18,0,24,0,42,0,0,38,0,38,18,0,62,0,80,38,0,38,118
03/27/2016,MFE,TX,ASW,CE,Federal Contract Tower,25,3,37,0,65,0,0,38,0,38,25,3,75,0,103,12,0,12,115
03/28/2016,MFE,TX,ASW,CE,Federal Contract Tower,23,3,35,8,69,0,0,47,3,50,23,3,82,11,119,22,0,22,141
03/29/2016,MFE,TX,ASW,CE,Federal Contract Tower,21,15,40,34,110,0,0,43,1,44,21,15,83,35,154,16,0,16,170
03/30/2016,MFE,TX,ASW,CE,Federal Contract Tower,21,15,61,17,114,0,0,68,0,68,21,15,129,17,182,60,0,60,242
03/31/2016,MFE,TX,ASW,CE,Federal Contract Tower,23,18,56,28,125,0,0,60,6,66,23,18,116,34,191,28,0,28,219
04/01/2016,MFE,TX,ASW,CE,Federal Contract Tower,28,5,31,44,108,0,0,42,0,42,28,5,73,44,150,34,0,34,184
04/02/2016,MFE,TX,ASW,CE,Federal Contract Tower,14,7,16,12,49,0,0,44,0,44,14,7,60,12,93,40,0,40,133
04/03/2016,MFE,TX,ASW,CE,Federal Contract Tower,22,6,10,8,46,0,0,51,0,51,22,6,61,8,97,22,0,22,119
04/04/2016,MFE,TX,ASW,CE,Federal Contract Tower,24,7,30,26,87,0,0,56,0,56,24,7,86,26,143,34,0,34,177
04/05/2016,MFE,TX,ASW,CE,Federal Contract Tower,19,6,29,18,72,0,0,75,4,79,19,6,104,22,151,58,20,78,229
04/06/2016,MFE,TX,ASW,CE,Federal Contract Tower,19,14,34,30,97,0,0,54,2,56,19,14,88,32,153,66,16,82,235
04/07/2016,MFE,TX,ASW,CE,Federal Contract Tower,21,16,38,39,114,0,0,81,0,81,21,16,119,39,195,66,0,66,261
04/08/2016,MFE,TX,ASW,CE,Federal Contract Tower,22,8,38,20,88,0,0,50,2,52,22,8,88,22,140,14,0,14,154
04/09/2016,MFE,TX,ASW,CE,Federal Contract Tower,19,4,15,6,44,2,0,44,0,46,21,4,59,6,90,22,0,22,112
04/10/2016,MFE,TX,ASW,CE,Federal Contract Tower,19,6,25,0,50,0,0,33,0,33,19,6,58,0,83,2,0,2,85
04/11/2016,MFE,TX,ASW,CE,Federal Contract Tower,25,4,32,53,114,0,0,44,2,46,25,4,76,55,160,44,12,56,216
04/12/2016,MFE,TX,ASW,CE,Federal Contract Tower,20,3,51,86,160,0,0,31,1,32,20,3,82,87,192,20,10,30,222
04/13/2016,MFE,TX,ASW,CE,Federal Contract Tower,22,16,44,21,103,0,0,20,0,20,22,16,64,21,123,0,0,0,123
04/14/2016,MFE,TX,ASW,CE,Federal Contract Tower,20,11,36,40,107,0,0,63,0,63,20,11,99,40,170,30,0,30,200
04/15/2016,MFE,TX,ASW,CE,Federal Contract Tower,20,11,40,9,80,0,0,58,2,60,20,11,98,11,140,88,0,88,228
04/16/2016,MFE,TX,ASW,CE,Federal Contract Tower,16,5,17,2,40,0,0,60,0,60,16,5,77,2,100,48,0,48,148
04/17/2016,MFE,TX,ASW,CE,Federal Contract Tower,14,3,13,0,30,0,0,27,0,27,14,3,40,0,57,0,0,0,57
04/18/2016,MFE,TX,ASW,CE,Federal Contract Tower,18,1,27,26,72,0,0,46,2,48,18,1,73,28,120,36,0,36,156
04/19/2016,MFE,TX,ASW,CE,Federal Contract Tower,19,6,38,61,124,0,0,65,0,65,19,6,103,61,189,42,0,42,231
04/20/2016,MFE,TX,ASW,CE,Federal Contract Tower,20,9,32,32,93,0,0,38,0,38,20,9,70,32,131,40,0,40,171
04/21/2016,MFE,TX,ASW,CE,Federal Contract Tower,24,17,57,19,117,0,0,49,4,53,24,17,106,23,170,0,0,0,170
04/23/2016,MFE,TX,ASW,CE,Federal Contract Tower,19,3,17,12,51,0,0,44,0,44,19,3,61,12,95,32,0,32,127
04/24/2016,MFE,TX,ASW,CE,Federal Contract Tower,22,9,18,4,53,0,0,46,0,46,22,9,64,4,99,0,0,0,99
04/26/2016,MFE,TX,ASW,CE,Federal Contract Tower,15,3,28,54,100,0,0,25,1,26,15,3,53,55,126,0,12,12,138
04/27/2016,MFE,TX,ASW,CE,Federal Contract Tower,21,12,49,25,107,0,0,56,0,56,21,12,105,25,163,10,0,10,173
04/28/2016,MFE,TX,ASW,CE,Federal Contract Tower,17,15,49,53,134,0,0,54,2,56,17,15,103,55,190,58,0,58,248
04/29/2016,MFE,TX,ASW,CE,Federal Contract Tower,20,10,44,26,100,0,0,52,0,52,20,10,96,26,152,18,0,18,170
04/30/2016,MFE,TX,ASW,CE,Federal Contract Tower,15,4,21,9,49,0,0,26,0,26,15,4,47,9,75,0,0,0,75
05/01/2016,MFE,TX,ASW,CE,Federal Contract Tower,19,9,25,8,61,0,0,34,0,34,19,9,59,8,95,0,0,0,95
05/02/2016,MFE,TX,ASW,CE,Federal Contract Tower,27,7,40,36,110,0,0,36,0,36,27,7,76,36,146,16,0,16,162
05/03/2016,MFE,TX,ASW,CE,Federal Contract Tower,19,6,39,33,97,0,0,49,2,51,19,6,88,35,148,26,10,36,184
05/04/2016,MFE,TX,ASW,CE,Federal Contract Tower,24,14,20,25,83,0,0,65,5,70,24,14,85,30,153,28,20,48,201
05/05/2016,MFE,TX,ASW,CE,Federal Contract Tower,20,28,32,18,98,0,0,81,0,81,20,28,113,18,179,10,0,10,189
05/06/2016,MFE,TX,ASW,CE,Federal Contract Tower,20,12,36,21,89,0,1,76,0,77,20,13,112,21,166,58,0,58,224
05/07/2016,MFE,TX,ASW,CE,Federal Contract Tower,15,5,18,12,50,0,0,56,0,56,15,5,74,12,106,7,0,7,113
05/08/2016,MFE,TX,ASW,CE,Federal Contract Tower,22,5,18,6,51,0,0,32,0,32,22,5,50,6,83,0,0,0,83
05/09/2016,MFE,TX,ASW,CE,Federal Contract Tower,20,11,38,16,85,0,0,44,0,44,20,11,82,16,129,6,0,6,135
05/10/2016,MFE,TX,ASW,CE,Federal Contract Tower,17,14,18,31,80,0,0,44,0,44,17,14,62,31,124,14,0,14,138
05/11/2016,MFE,TX,ASW,CE,Federal Contract Tower,19,12,38,59,128,0,0,61,2,63,19,12,99,61,191,28,0,28,219
05/12/2016,MFE,TX,ASW,CE,Federal Contract Tower,21,10,43,52,126,0,0,61,2,63,21,10,104,54,189,52,24,76,265
05/13/2016,MFE,TX,ASW,CE,Federal Contract Tower,23,7,38,8,76,0,0,53,2,55,23,7,91,10,131,28,22,50,181
05/14/2016,MFE,TX,ASW,CE,Federal Contract Tower,15,7,16,8,46,0,0,40,0,40,15,7,56,8,86,38,0,38,124
05/15/2016,MFE,TX,ASW,CE,Federal Contract Tower,19,6,23,0,48,0,0,23,0,23,19,6,46,0,71,0,0,0,71
05/16/2016,MFE,TX,ASW,CE,Federal Contract Tower,20,5,43,30,98,0,0,52,1,53,20,5,95,31,151,52,32,84,235
05/17/2016,MFE,TX,ASW,CE,Federal Contract Tower,21,7,38,63,129,0,0,45,0,45,21,7,83,63,174,32,12,44,218
05/18/2016,MFE,TX,ASW,CE,Federal Contract Tower,27,10,41,28,106,0,0,35,2,37,27,10,76,30,143,2,0,2,145
05/19/2016,MFE,TX,ASW,CE,Federal Contract Tower,25,11,36,10,82,0,0,25,0,25,25,11,61,10,107,24,0,24,131
05/20/2016,MFE,TX,ASW,CE,Federal Contract Tower,22,8,55,14,99,0,0,17,0,17,22,8,72,14,116,6,0,6,122
05/21/2016,MFE,TX,ASW,CE,Federal Contract Tower,19,5,14,21,59,0,0,44,1,45,19,5,58,22,104,10,0,10,114
05/22/2016,MFE,TX,ASW,CE,Federal Contract Tower,20,6,17,13,56,0,0,42,0,42,20,6,59,13,98,6,0,6,104
05/23/2016,MFE,TX,ASW,CE,Federal Contract Tower,21,7,34,25,87,0,0,54,0,54,21,7,88,25,141,42,8,50,191
05/24/2016,MFE,TX,ASW,CE,Federal Contract Tower,23,17,40,0,80,0,0,53,1,54,23,17,93,1,134,0,0,0,134
05/25/2016,MFE,TX,ASW,CE,Federal Contract Tower,27,11,44,12,94,0,0,47,0,47,27,11,91,12,141,6,0,6,147
05/26/2016,MFE,TX,ASW,CE,Federal Contract Tower,23,4,40,53,120,0,0,43,0,43,23,4,83,53,163,32,2,34,197
05/27/2016,MFE,TX,ASW,CE,Federal Contract Tower,21,5,39,22,87,0,0,61,3,64,21,5,100,25,151,54,0,54,205
05/28/2016,MFE,TX,ASW,CE,Federal Contract Tower,16,1,18,2,37,0,0,34,0,34,16,1,52,2,71,22,0,22,93
05/29/2016,MFE,TX,ASW,CE,Federal Contract Tower,16,2,15,0,33,0,0,24,0,24,16,2,39,0,57,0,0,0,57
05/30/2016,MFE,TX,ASW,CE,Federal Contract Tower,21,4,28,0,53,0,0,35,0,35,21,4,63,0,88,22,0,22,110
05/31/2016,MFE,TX,ASW,CE,Federal Contract Tower,19,8,17,24,68,0,0,36,0,36,19,8,53,24,104,8,0,8,112
06/01/2016,MFE,TX,ASW,CE,Federal Contract Tower,28,11,34,48,121,0,0,36,2,38,28,11,70,50,159,14,8,22,181
06/02/2016,MFE,TX,ASW,CE,Federal Contract Tower,23,6,24,0,53,0,1,37,0,38,23,7,61,0,91,18,0,18,109
06/03/2016,MFE,TX,ASW,CE,Federal Contract Tower,21,5,19,5,50,0,0,50,1,51,21,5,69,6,101,0,0,0,101
06/04/2016,MFE,TX,ASW,CE,Federal Contract Tower,19,8,17,0,44,0,0,19,0,19,19,8,36,0,63,4,0,4,67
06/05/2016,MFE,TX,ASW,CE,Federal Contract Tower,23,8,19,0,50,0,0,47,0,47,23,8,66,0,97,2,0,2,99
06/06/2016,MFE,TX,ASW,CE,Federal Contract Tower,24,13,35,30,102,0,0,59,1,60,24,13,94,31,162,26,0,26,188
06/07/2016,MFE,TX,ASW,CE,Federal Contract Tower,19,16,25,9,69,0,0,55,0,55,19,16,80,9,124,14,0,14,138
06/08/2016,MFE,TX,ASW,CE,Federal Contract Tower,24,9,42,4,79,0,0,58,1,59,24,9,100,5,138,62,10,72,210
06/09/2016,MFE,TX,ASW,CE,Federal Contract Tower,24,9,31,22,86,0,0,59,0,59,24,9,90,22,145,74,0,74,219
06/10/2016,MFE,TX,ASW,CE,Federal Contract Tower,28,5,29,4,66,0,0,44,0,44,28,5,73,4,110,6,0,6,116
06/11/2016,MFE,TX,ASW,CE,Federal Contract Tower,22,11,18,2,53,0,0,26,0,26,22,11,44,2,79,4,0,4,83
06/12/2016,MFE,TX,ASW,CE,Federal Contract Tower,15,7,18,37,77,0,0,36,3,39,15,7,54,40,116,10,0,10,126
06/13/2016,MFE,TX,ASW,CE,Federal Contract Tower,26,3,46,43,118,0,0,57,9,66,26,3,103,52,184,0,0,0,184
06/14/2016,MFE,TX,ASW,CE,Federal Contract Tower,25,13,28,30,96,0,0,66,1,67,25,13,94,31,163,28,0,28,191
06/15/2016,MFE,TX,ASW,CE,Federal Contract Tower,26,8,39,34,107,0,0,56,10,66,26,8,95,44,173,36,4,40,213
06/16/2016,MFE,TX,ASW,CE,Federal Contract Tower,25,5,41,28,99,0,0,67,0,67,25,5,108,28,166,28,0,28,194
06/17/2016,MFE,TX,ASW,CE,Federal Contract Tower,24,3,29,10,66,0,0,73,0,73,24,3,102,10,139,44,0,44,183
06/18/2016,MFE,TX,ASW,CE,Federal Contract Tower,21,8,22,2,53,0,0,64,0,64,21,8,86,2,117,18,0,18,135
06/19/2016,MFE,TX,ASW,CE,Federal Contract Tower,24,3,11,6,44,0,0,33,2,35,24,3,44,8,79,0,0,0,79
06/20/2016,MFE,TX,ASW,CE,Federal Contract Tower,25,3,20,11,59,0,0,35,0,35,25,3,55,11,94,40,0,40,134
06/21/2016,MFE,TX,ASW,CE,Federal Contract Tower,25,6,27,24,82,0,0,45,2,47,25,6,72,26,129,50,0,50,179
06/22/2016,MFE,TX,ASW,CE,Federal Contract Tower,26,13,38,13,90,0,0,58,10,68,26,13,96,23,158,42,0,42,200
06/23/2016,MFE,TX,ASW,CE,Federal Contract Tower,27,4,34,6,71,0,0,69,0,69,27,4,103,6,140,22,0,22,162
06/24/2016,MFE,TX,ASW,CE,Federal Contract Tower,27,9,25,18,79,0,0,81,0,81,27,9,106,18,160,90,0,90,250
06/25/2016,MFE,TX,ASW,CE,Federal Contract Tower,18,6,23,6,53,0,0,33,0,33,18,6,56,6,86,20,0,20,106
06/26/2016,MFE,TX,ASW,CE,Federal Contract Tower,25,5,21,13,64,0,0,35,11,46,25,5,56,24,110,0,0,0,110
06/27/2016,MFE,TX,ASW,CE,Federal Contract Tower,26,5,39,32,102,0,0,49,1,50,26,5,88,33,152,35,20,55,207
06/28/2016,MFE,TX,ASW,CE,Federal Contract Tower,17,3,39,42,101,0,0,67,6,73,17,3,106,48,174,20,12,32,206
06/29/2016,MFE,TX,ASW,CE,Federal Contract Tower,26,7,39,16,88,0,0,73,4,77,26,7,112,20,165,35,2,37,202
06/30/2016,MFE,TX,ASW,CE,Federal Contract Tower,30,9,31,41,111,0,0,47,2,49,30,9,78,43,160,6,2,8,168
07/01/2016,MFE,TX,ASW,CE,Federal Contract Tower,27,9,32,8,76,0,0,57,2,59,27,9,89,10,135,18,0,18,153
07/02/2016,MFE,TX,ASW,CE,Federal Contract Tower,15,7,8,4,34,0,0,46,4,50,15,7,54,8,84,8,0,8,92
07/03/2016,MFE,TX,ASW,CE,Federal Contract Tower,20,7,7,0,34,0,0,29,0,29,20,7,36,0,63,0,0,0,63
07/04/2016,MFE,TX,ASW,CE,Federal Contract Tower,20,4,16,0,40,0,0,31,1,32,20,4,47,1,72,0,0,0,72
07/05/2016,MFE,TX,ASW,CE,Federal Contract Tower,21,6,25,2,54,0,0,50,0,50,21,6,75,2,104,2,0,2,106
07/06/2016,MFE,TX,ASW,CE,Federal Contract Tower,24,11,26,50,111,0,0,39,5,44,24,11,65,55,155,0,8,8,163
07/07/2016,MFE,TX,ASW,CE,Federal Contract Tower,25,3,29,8,65,0,0,60,0,60,25,3,89,8,125,0,0,0,125
07/08/2016,MFE,TX,ASW,CE,Federal Contract Tower,25,6,34,1,66,0,0,69,0,69,25,6,103,1,135,36,0,36,171
07/09/2016,MFE,TX,ASW,CE,Federal Contract Tower,18,7,8,0,33,0,0,51,0,51,18,7,59,0,84,34,0,34,118
07/10/2016,MFE,TX,ASW,CE,Federal Contract Tower,21,4,21,6,52,0,0,37,0,37,21,4,58,6,89,20,0,20,109
07/11/2016,MFE,TX,ASW,CE,Federal Contract Tower,20,6,44,22,92,0,0,54,0,54,20,6,98,22,146,16,0,16,162
07/12/2016,MFE,TX,ASW,CE,Federal Contract Tower,25,6,34,33,98,0,0,53,0,53,25,6,87,33,151,28,0,28,179
07/13/2016,MFE,TX,ASW,CE,Federal Contract Tower,27,6,25,10,68,0,0,72,0,72,27,6,97,10,140,18,0,18,158
07/14/2016,MFE,TX,ASW,CE,Federal Contract Tower,27,13,45,22,107,0,0,47,6,53,27,13,92,28,160,22,0,22,182
07/15/2016,MFE,TX,ASW,CE,Federal Contract Tower,21,12,43,9,85,0,0,46,0,46,21,12,89,9,131,12,0,12,143
07/16/2016,MFE,TX,ASW,CE,Federal Contract Tower,19,4,29,6,58,0,0,54,0,54,19,4,83,6,112,66,0,66,178
07/17/2016,MFE,TX,ASW,CE,Federal Contract Tower,21,11,22,16,70,0,1,39,1,41,21,12,61,17,111,32,14,46,157
07/18/2016,MFE,TX,ASW,CE,Federal Contract Tower,23,7,30,30,90,0,0,50,1,51,23,7,80,31,141,56,8,64,205
07/19/2016,MFE,TX,ASW,CE,Federal Contract Tower,22,13,26,30,91,0,0,49,0,49,22,13,75,30,140,22,0,22,162
07/20/2016,MFE,TX,ASW,CE,Federal Contract Tower,23,24,41,11,99,0,0,78,0,78,23,24,119,11,177,146,24,170,347
07/21/2016,MFE,TX,ASW,CE,Federal Contract Tower,20,32,24,13,89,0,0,61,4,65,20,32,85,17,154,22,0,22,176
07/22/2016,MFE,TX,ASW,CE,Federal Contract Tower,24,14,29,9,76,0,0,54,0,54,24,14,83,9,130,20,0,20,150
07/23/2016,MFE,TX,ASW,CE,Federal Contract Tower,19,7,22,0,48,0,0,40,0,40,19,7,62,0,88,40,0,40,128
07/24/2016,MFE,TX,ASW,CE,Federal Contract Tower,29,4,27,0,60,0,0,35,4,39,29,4,62,4,99,0,0,0,99
07/25/2016,MFE,TX,ASW,CE,Federal Contract Tower,23,12,23,57,115,0,0,43,0,43,23,12,66,57,158,28,4,32,190
07/26/2016,MFE,TX,ASW,CE,Federal Contract Tower,24,20,30,30,104,0,0,63,0,63,24,20,93,30,167,20,0,20,187
07/27/2016,MFE,TX,ASW,CE,Federal Contract Tower,24,17,37,24,102,0,0,62,0,62,24,17,99,24,164,24,0,24,188
07/28/2016,MFE,TX,ASW,CE,Federal Contract Tower,25,10,49,37,121,0,0,56,1,57,25,10,105,38,178,2,0,2,180
07/29/2016,MFE,TX,ASW,CE,Federal Contract Tower,24,12,34,14,84,0,0,69,0,69,24,12,103,14,153,40,0,40,193
07/30/2016,MFE,TX,ASW,CE,Federal Contract Tower,15,8,18,0,41,0,0,53,0,53,15,8,71,0,94,16,0,16,110
07/31/2016,MFE,TX,ASW,CE,Federal Contract Tower,25,5,18,4,52,0,0,41,0,41,25,5,59,4,93,4,0,4,97
08/01/2016,MFE,TX,ASW,CE,Federal Contract Tower,27,4,26,23,80,0,0,47,1,48,27,4,73,24,128,0,0,0,128
08/02/2016,MFE,TX,ASW,CE,Federal Contract Tower,27,9,30,44,110,0,0,67,0,67,27,9,97,44,177,24,0,24,201
08/03/2016,MFE,TX,ASW,CE,Federal Contract Tower,26,10,34,18,88,0,0,63,4,67,26,10,97,22,155,40,34,74,229
08/05/2016,MFE,TX,ASW,CE,Federal Contract Tower,27,9,30,7,73,0,0,84,0,84,27,9,114,7,157,112,0,112,269
08/06/2016,MFE,TX,ASW,CE,Federal Contract Tower,15,12,16,0,43,0,0,52,0,52,15,12,68,0,95,56,0,56,151
08/07/2016,MFE,TX,ASW,CE,Federal Contract Tower,23,7,19,0,49,0,0,39,0,39,23,7,58,0,88,12,0,12,100
08/08/2016,MFE,TX,ASW,CE,Federal Contract Tower,24,15,35,28,102,0,0,67,3,70,24,15,102,31,172,74,0,74,246
08/09/2016,MFE,TX,ASW,CE,Federal Contract Tower,23,15,26,37,101,0,0,65,5,70,23,15,91,42,171,86,0,86,257
08/10/2016,MFE,TX,ASW,CE,Federal Contract Tower,26,16,32,25,99,0,0,63,2,65,26,16,95,27,164,40,6,46,210
08/11/2016,MFE,TX,ASW,CE,Federal Contract Tower,25,17,24,22,88,0,0,66,1,67,25,17,90,23,155,12,0,12,167
08/12/2016,MFE,TX,ASW,CE,Federal Contract Tower,33,6,26,8,73,0,0,57,0,57,33,6,83,8,130,42,0,42,172
08/13/2016,MFE,TX,ASW,CE,Federal Contract Tower,23,10,21,15,69,0,0,42,0,42,23,10,63,15,111,24,0,24,135
08/14/2016,MFE,TX,ASW,CE,Federal Contract Tower,22,5,21,2,50,0,0,30,0,30,22,5,51,2,80,12,0,12,92
08/15/2016,MFE,TX,ASW,CE,Federal Contract Tower,23,4,25,30,82,0,0,25,0,25,23,4,50,30,107,10,0,10,117
08/16/2016,MFE,TX,ASW,CE,Federal Contract Tower,20,11,24,36,91,0,0,18,6,24,20,11,42,42,115,0,38,38,153
08/17/2016,MFE,TX,ASW,CE,Federal Contract Tower,22,10,39,15,86,0,0,50,0,50,22,10,89,15,136,66,0,66,202
08/18/2016,MFE,TX,ASW,CE,Federal Contract Tower,26,2,31,51,110,0,0,60,2,62,26,2,91,53,172,54,0,54,226
08/19/2016,MFE,TX,ASW,CE,Federal Contract Tower,24,5,31,10,70,0,0,57,0,57,24,5,88,10,127,18,0,18,145
08/20/2016,MFE,TX,ASW,CE,Federal Contract Tower,13,5,21,38,77,0,0,35,1,36,13,5,56,39,113,32,0,32,145
08/21/2016,MFE,TX,ASW,CE,Federal Contract Tower,20,6,19,0,45,0,0,24,0,24,20,6,43,0,69,6,0,6,75
08/22/2016,MFE,TX,ASW,CE,Federal Contract Tower,26,6,29,46,107,0,0,45,2,47,26,6,74,48,154,6,8,14,168
08/23/2016,MFE,TX,ASW,CE,Federal Contract Tower,21,5,30,20,76,0,0,69,0,69,21,5,99,20,145,34,0,34,179
08/24/2016,MFE,TX,ASW,CE,Federal Contract Tower,22,15,19,20,76,0,0,56,1,57,22,15,75,21,133,24,0,24,157
08/25/2016,MFE,TX,ASW,CE,Federal Contract Tower,28,16,30,53,127,0,0,68,4,72,28,16,98,57,199,42,0,42,241
08/27/2016,MFE,TX,ASW,CE,Federal Contract Tower,16,4,21,4,45,0,0,55,0,55,16,4,76,4,100,44,0,44,144
08/28/2016,MFE,TX,ASW,CE,Federal Contract Tower,23,4,14,10,51,0,0,43,2,45,23,4,57,12,96,14,0,14,110
08/29/2016,MFE,TX,ASW,CE,Federal Contract Tower,29,12,26,46,113,0,0,30,6,36,29,12,56,52,149,40,16,56,205
08/30/2016,MFE,TX,ASW,CE,Federal Contract Tower,24,11,28,14,77,0,0,27,0,27,24,11,55,14,104,6,0,6,110
08/31/2016,MFE,TX,ASW,CE,Federal Contract Tower,28,10,26,44,108,0,0,47,4,51,28,10,73,48,159,40,0,40,199
09/01/2016,MFE,TX,ASW,CE,Federal Contract Tower,25,12,22,12,71,0,0,72,4,76,25,12,94,16,147,58,0,58,205
09/02/2016,MFE,TX,ASW,CE,Federal Contract Tower,23,13,39,36,111,0,0,74,2,76,23,13,113,38,187,16,0,16,203
09/03/2016,MFE,TX,ASW,CE,Federal Contract Tower,14,2,14,0,30,0,0,49,0,49,14,2,63,0,79,34,0,34,113
09/04/2016,MFE,TX,ASW,CE,Federal Contract Tower,13,4,14,0,31,0,0,35,0,35,13,4,49,0,66,4,0,4,70
09/05/2016,MFE,TX,ASW,CE,Federal Contract Tower,24,4,31,0,59,0,0,52,0,52,24,4,83,0,111,0,0,0,111
09/06/2016,MFE,TX,ASW,CE,Federal Contract Tower,20,5,18,33,76,0,0,48,0,48,20,5,66,33,124,24,0,24,148
09/07/2016,MFE,TX,ASW,CE,Federal Contract Tower,20,11,15,43,89,0,0,45,4,49,20,11,60,47,138,74,0,74,212
09/08/2016,MFE,TX,ASW,CE,Federal Contract Tower,21,9,34,21,85,0,0,75,6,81,21,9,109,27,166,42,0,42,208
09/09/2016,MFE,TX,ASW,CE,Federal Contract Tower,24,5,26,16,71,0,0,53,0,53,24,5,79,16,124,30,0,30,154
09/10/2016,MFE,TX,ASW,CE,Federal Contract Tower,17,4,5,6,32,0,0,64,0,64,17,4,69,6,96,30,0,30,126
09/11/2016,MFE,TX,ASW,CE,Federal Contract Tower,24,1,20,14,59,0,0,50,0,50,24,1,70,14,109,48,0,48,157
09/12/2016,MFE,TX,ASW,CE,Federal Contract Tower,24,5,40,13,82,0,0,60,0,60,24,5,100,13,142,8,0,8,150
09/13/2016,MFE,TX,ASW,CE,Federal Contract Tower,21,8,38,39,106,0,0,61,2,63,21,8,99,41,169,38,0,38,207
09/14/2016,MFE,TX,ASW,CE,Federal Contract Tower,18,15,38,26,97,0,0,62,4,66,18,15,100,30,163,64,6,70,233
09/15/2016,MFE,TX,ASW,CE,Federal Contract Tower,28,0,42,33,103,0,0,44,0,44,28,0,86,33,147,0,0,0,147
09/16/2016,MFE,TX,ASW,CE,Federal Contract Tower,26,2,25,37,90,0,0,79,3,82,26,2,104,40,172,78,0,78,250
09/17/2016,MFE,TX,ASW,CE,Federal Contract Tower,13,6,15,2,36,0,0,50,0,50,13,6,65,2,86,36,0,36,122
09/18/2016,MFE,TX,ASW,CE,Federal Contract Tower,20,9,26,30,85,0,0,52,0,52,20,9,78,30,137,42,0,42,179
09/19/2016,MFE,TX,ASW,CE,Federal Contract Tower,23,3,40,48,114,0,0,55,0,55,23,3,95,48,169,86,0,86,255
09/20/2016,MFE,TX,ASW,CE,Federal Contract Tower,17,6,19,39,81,0,0,46,11,57,17,6,65,50,138,52,0,52,190
09/21/2016,MFE,TX,ASW,CE,Federal Contract Tower,19,12,26,21,78,0,0,63,7,70,19,12,89,28,148,44,0,44,192
09/22/2016,MFE,TX,ASW,CE,Federal Contract Tower,27,12,31,61,131,0,0,61,1,62,27,12,92,62,193,34,18,52,245
09/23/2016,MFE,TX,ASW,CE,Federal Contract Tower,22,7,38,21,88,0,0,68,0,68,22,7,106,21,156,14,0,14,170
09/24/2016,MFE,TX,ASW,CE,Federal Contract Tower,19,2,9,6,36,0,0,54,0,54,19,2,63,6,90,36,0,36,126
09/25/2016,MFE,TX,ASW,CE,Federal Contract Tower,14,8,29,5,56,0,0,36,1,37,14,8,65,6,93,50,0,50,143
09/26/2016,MFE,TX,ASW,CE,Federal Contract Tower,26,5,30,16,77,0,0,28,0,28,26,5,58,16,105,6,0,6,111
09/27/2016,MFE,TX,ASW,CE,Federal Contract Tower,22,11,43,31,107,0,0,6,0,6,22,11,49,31,113,28,0,28,141
09/28/2016,MFE,TX,ASW,CE,Federal Contract Tower,23,13,28,16,80,0,0,68,1,69,23,13,96,17,149,4,10,14,163
09/29/2016,MFE,TX,ASW,CE,Federal Contract Tower,30,11,34,12,87,0,0,71,1,72,30,11,105,13,159,76,0,76,235
09/30/2016,MFE,TX,ASW,CE,Federal Contract Tower,27,13,61,6,107,0,0,78,0,78,27,13,139,6,185,98,0,98,283
10/01/2016,MFE,TX,ASW,CE,Federal Contract Tower,15,3,27,4,49,0,0,57,0,57,15,3,84,4,106,24,0,24,130
10/02/2016,MFE,TX,ASW,CE,Federal Contract Tower,22,3,28,0,53,0,0,48,0,48,22,3,76,0,101,36,0,36,137
10/03/2016,MFE,TX,ASW,CE,Federal Contract Tower,24,8,22,34,88,0,0,50,5,55,24,8,72,39,143,40,18,58,201
10/04/2016,MFE,TX,ASW,CE,Federal Contract Tower,17,7,32,43,99,0,0,57,3,60,17,7,89,46,159,20,0,20,179
10/05/2016,MFE,TX,ASW,CE,Federal Contract Tower,21,5,28,14,68,1,0,76,4,81,22,5,104,18,149,24,0,24,173
10/06/2016,MFE,TX,ASW,CE,Federal Contract Tower,25,10,24,39,98,0,0,67,1,68,25,10,91,40,166,52,0,52,218
10/07/2016,MFE,TX,ASW,CE,Federal Contract Tower,21,9,39,10,79,0,0,58,0,58,21,9,97,10,137,38,0,38,175
10/09/2016,MFE,TX,ASW,CE,Federal Contract Tower,21,0,18,0,39,0,0,50,0,50,21,0,68,0,89,52,0,52,141
10/10/2016,MFE,TX,ASW,CE,Federal Contract Tower,25,14,20,0,59,0,0,47,0,47,25,14,67,0,106,16,0,16,122
10/11/2016,MFE,TX,ASW,CE,Federal Contract Tower,19,9,27,27,82,0,0,58,0,58,19,9,85,27,140,26,0,26,166
10/12/2016,MFE,TX,ASW,CE,Federal Contract Tower,23,11,37,45,116,0,0,70,2,72,23,11,107,47,188,43,36,79,267
10/13/2016,MFE,TX,ASW,CE,Federal Contract Tower,30,12,46,16,104,0,0,76,5,81,30,12,122,21,185,16,0,16,201
10/14/2016,MFE,TX,ASW,CE,Federal Contract Tower,22,8,38,26,94,0,0,50,0,50,22,8,88,26,144,46,2,48,192
10/15/2016,MFE,TX,ASW,CE,Federal Contract Tower,18,2,18,2,40,0,0,49,0,49,18,2,67,2,89,42,0,42,131
10/16/2016,MFE,TX,ASW,CE,Federal Contract Tower,22,9,23,4,58,0,0,49,0,49,22,9,72,4,107,60,0,60,167
10/17/2016,MFE,TX,ASW,CE,Federal Contract Tower,25,9,29,30,93,0,0,54,21,75,25,9,83,51,168,12,16,28,196
10/18/2016,MFE,TX,ASW,CE,Federal Contract Tower,20,6,45,14,85,0,0,82,1,83,20,6,127,15,168,20,0,20,188
10/19/2016,MFE,TX,ASW,CE,Federal Contract Tower,22,10,25,31,88,0,0,75,2,77,22,10,100,33,165,36,0,36,201
10/20/2016,MFE,TX,ASW,CE,Federal Contract Tower,24,10,34,4,72,0,0,48,0,48,24,10,82,4,120,8,0,8,128
10/21/2016,MFE,TX,ASW,CE,Federal Contract Tower,26,3,49,14,92,0,0,65,2,67,26,3,114,16,159,24,0,24,183
10/22/2016,MFE,TX,ASW,CE,Federal Contract Tower,19,2,8,11,40,0,0,52,0,52,19,2,60,11,92,30,0,30,122
10/23/2016,MFE,TX,ASW,CE,Federal Contract Tower,23,3,23,16,65,0,0,41,0,41,23,3,64,16,106,8,0,8,114
10/24/2016,MFE,TX,ASW,CE,Federal Contract Tower,23,3,37,22,85,0,0,58,0,58,23,3,95,22,143,51,0,51,194
10/25/2016,MFE,TX,ASW,CE,Federal Contract Tower,19,4,27,61,111,0,0,62,1,63,19,4,89,62,174,16,0,16,190
10/26/2016,MFE,TX,ASW,CE,Federal Contract Tower,22,14,28,26,90,0,0,96,5,101,22,14,124,31,191,40,14,54,245
10/27/2016,MFE,TX,ASW,CE,Federal Contract Tower,27,2,38,22,89,0,0,74,0,74,27,2,112,22,163,36,6,42,205
10/28/2016,MFE,TX,ASW,CE,Federal Contract Tower,29,0,41,5,75,0,0,68,0,68,29,0,109,5,143,30,0,30,173
10/29/2016,MFE,TX,ASW,CE,Federal Contract Tower,18,4,11,0,33,0,0,47,0,47,18,4,58,0,80,56,0,56,136
10/30/2016,MFE,TX,ASW,CE,Federal Contract Tower,20,5,27,6,58,0,0,36,0,36,20,5,63,6,94,38,0,38,132
10/31/2016,MFE,TX,ASW,CE,Federal Contract Tower,24,1,28,46,99,0,0,41,2,43,24,1,69,48,142,0,22,22,164
11/01/2016,MFE,TX,ASW,CE,Federal Contract Tower,20,5,24,36,85,0,3,69,3,75,20,8,93,39,160,44,92,136,296
11/02/2016,MFE,TX,ASW,CE,Federal Contract Tower,21,13,31,16,81,0,0,64,1,65,21,13,95,17,146,25,2,27,173
11/03/2016,MFE,TX,ASW,CE,Federal Contract Tower,21,15,22,74,132,0,0,43,4,47,21,15,65,78,179,14,20,34,213
11/04/2016,MFE,TX,ASW,CE,Federal Contract Tower,27,2,38,3,70,0,0,65,0,65,27,2,103,3,135,78,0,78,213
11/05/2016,MFE,TX,ASW,CE,Federal Contract Tower,15,2,11,5,33,0,0,37,0,37,15,2,48,5,70,20,0,20,90
11/06/2016,MFE,TX,ASW,CE,Federal Contract Tower,20,11,16,45,92,0,0,40,0,40,20,11,56,45,132,48,0,48,180
11/07/2016,MFE,TX,ASW,CE,Federal Contract Tower,24,5,37,18,84,0,0,31,2,33,24,5,68,20,117,56,0,56,173
11/08/2016,MFE,TX,ASW,CE,Federal Contract Tower,18,9,27,10,64,0,0,10,0,10,18,9,37,10,74,52,0,52,126
11/09/2016,MFE,TX,ASW,CE,Federal Contract Tower,22,17,36,28,103,0,0,32,0,32,22,17,68,28,135,4,0,4,139
11/11/2016,MFE,TX,ASW,CE,Federal Contract Tower,23,11,37,0,71,0,0,61,0,61,23,11,98,0,132,70,0,70,202
11/12/2016,MFE,TX,ASW,CE,Federal Contract Tower,19,3,14,8,44,0,0,32,0,32,19,3,46,8,76,24,0,24,100
11/13/2016,MFE,TX,ASW,CE,Federal Contract Tower,25,1,14,8,48,0,0,13,0,13,25,1,27,8,61,10,0,10,71
11/14/2016,MFE,TX,ASW,CE,Federal Contract Tower,27,5,38,38,108,0,0,62,2,64,27,5,100,40,172,68,2,70,242
11/15/2016,MFE,TX,ASW,CE,Federal Contract Tower,19,1,34,28,82,0,0,62,0,62,19,1,96,28,144,30,0,30,174
11/16/2016,MFE,TX,ASW,CE,Federal Contract Tower,18,8,36,35,97,0,0,76,0,76,18,8,112,35,173,70,0,70,243
11/17/2016,MFE,TX,ASW,CE,Federal Contract Tower,24,9,36,16,85,0,0,56,0,56,24,9,92,16,141,37,0,37,178
11/18/2016,MFE,TX,ASW,CE,Federal Contract Tower,24,7,43,30,104,0,0,68,5,73,24,7,111,35,177,74,0,74,251
11/19/2016,MFE,TX,ASW,CE,Federal Contract Tower,13,9,22,2,46,0,0,40,0,40,13,9,62,2,86,30,0,30,116
11/20/2016,MFE,TX,ASW,CE,Federal Contract Tower,23,3,24,7,57,0,0,69,1,70,23,3,93,8,127,14,8,22,149
11/21/2016,MFE,TX,ASW,CE,Federal Contract Tower,25,5,28,56,114,0,0,68,2,70,25,5,96,58,184,23,2,25,209
11/22/2016,MFE,TX,ASW,CE,Federal Contract Tower,26,4,25,25,80,0,0,50,1,51,26,4,75,26,131,2,0,2,133
11/23/2016,MFE,TX,ASW,CE,Federal Contract Tower,19,3,32,19,73,0,0,72,0,72,19,3,104,19,145,62,0,62,207
11/24/2016,MFE,TX,ASW,CE,Federal Contract Tower,13,3,22,0,38,0,0,35,0,35,13,3,57,0,73,0,0,0,73
11/25/2016,MFE,TX,ASW,CE,Federal Contract Tower,21,8,20,0,49,0,0,57,0,57,21,8,77,0,106,26,0,26,132
11/26/2016,MFE,TX,ASW,CE,Federal Contract Tower,22,5,33,0,60,0,0,28,0,28,22,5,61,0,88,6,0,6,94
11/27/2016,MFE,TX,ASW,CE,Federal Contract Tower,33,2,38,0,73,0,0,67,0,67,33,2,105,0,140,6,0,6,146
11/28/2016,MFE,TX,ASW,CE,Federal Contract Tower,25,4,49,32,110,0,0,59,0,59,25,4,108,32,169,32,22,54,223
11/29/2016,MFE,TX,ASW,CE,Federal Contract Tower,20,9,29,46,104,0,0,63,4,67,20,9,92,50,171,22,0,22,193
11/30/2016,MFE,TX,ASW,CE,Federal Contract Tower,19,10,33,28,90,0,0,90,2,92,19,10,123,30,182,20,0,20,202
12/01/2016,MFE,TX,ASW,CE,Federal Contract Tower,26,9,36,8,79,0,0,47,0,47,26,9,83,8,126,36,0,36,162
12/02/2016,MFE,TX,ASW,CE,Federal Contract Tower,25,11,29,20,85,0,0,45,0,45,25,11,74,20,130,104,0,104,234
12/03/2016,MFE,TX,ASW,CE,Federal Contract Tower,18,3,16,18,55,0,0,29,0,29,18,3,45,18,84,21,0,21,105
12/04/2016,MFE,TX,ASW,CE,Federal Contract Tower,25,11,22,2,60,0,0,0,0,0,25,11,22,2,60,0,0,0,60
12/05/2016,MFE,TX,ASW,CE,Federal Contract Tower,31,1,43,73,148,0,0,43,2,45,31,1,86,75,193,100,0,100,293
12/06/2016,MFE,TX,ASW,CE,Federal Contract Tower,19,5,29,18,71,0,0,72,4,76,19,5,101,22,147,78,4,82,229
12/07/2016,MFE,TX,ASW,CE,Federal Contract Tower,23,5,37,28,93,0,0,30,0,30,23,5,67,28,123,6,0,6,129
12/08/2016,MFE,TX,ASW,CE,Federal Contract Tower,27,5,40,13,85,0,0,1,0,1,27,5,41,13,86,0,0,0,86
12/09/2016,MFE,TX,ASW,CE,Federal Contract Tower,26,6,50,7,89,0,0,38,0,38,26,6,88,7,127,24,0,24,151
12/10/2016,MFE,TX,ASW,CE,Federal Contract Tower,20,7,12,22,61,0,0,33,0,33,20,7,45,22,94,24,0,24,118
12/11/2016,MFE,TX,ASW,CE,Federal Contract Tower,16,8,22,16,62,0,0,17,0,17,16,8,39,16,79,0,0,0,79
12/12/2016,MFE,TX,ASW,CE,Federal Contract Tower,32,2,47,6,87,0,0,3,0,3,32,2,50,6,90,0,0,0,90
12/13/2016,MFE,TX,ASW,CE,Federal Contract Tower,22,5,48,61,136,0,0,40,1,41,22,5,88,62,177,30,0,30,207
12/14/2016,MFE,TX,ASW,CE,Federal Contract Tower,18,9,43,19,89,0,0,16,0,16,18,9,59,19,105,0,0,0,105
12/15/2016,MFE,TX,ASW,CE,Federal Contract Tower,30,12,52,22,116,0,0,8,0,8,30,12,60,22,124,0,0,0,124
12/16/2016,MFE,TX,ASW,CE,Federal Contract Tower,25,12,44,14,95,0,0,10,0,10,25,12,54,14,105,0,0,0,105
12/17/2016,MFE,TX,ASW,CE,Federal Contract Tower,19,3,32,9,63,0,0,48,0,48,19,3,80,9,111,12,0,12,123
12/18/2016,MFE,TX,ASW,CE,Federal Contract Tower,15,11,32,23,81,0,0,22,0,22,15,11,54,23,103,0,0,0,103
12/19/2016,MFE,TX,ASW,CE,Federal Contract Tower,22,15,33,32,102,0,0,39,3,42,22,15,72,35,144,30,0,30,174
12/20/2016,MFE,TX,ASW,CE,Federal Contract Tower,28,12,44,8,92,0,0,86,0,86,28,12,130,8,178,58,0,58,236
12/21/2016,MFE,TX,ASW,CE,Federal Contract Tower,30,9,49,44,132,0,0,44,0,44,30,9,93,44,176,40,0,40,216
12/22/2016,MFE,TX,ASW,CE,Federal Contract Tower,26,13,22,18,79,0,0,37,0,37,26,13,59,18,116,10,0,10,126
12/23/2016,MFE,TX,ASW,CE,Federal Contract Tower,28,1,39,2,70,0,0,42,0,42,28,1,81,2,112,6,0,6,118
12/24/2016,MFE,TX,ASW,CE,Federal Contract Tower,26,0,9,0,35,0,0,33,0,33,26,0,42,0,68,18,0,18,86
12/25/2016,MFE,TX,ASW,CE,Federal Contract Tower,29,2,7,0,38,0,0,25,0,25,29,2,32,0,63,0,0,0,63
12/26/2016,MFE,TX,ASW,CE,Federal Contract Tower,25,4,19,0,48,0,0,29,0,29,25,4,48,0,77,10,0,10,87
12/27/2016,MFE,TX,ASW,CE,Federal Contract Tower,25,10,21,0,56,0,0,33,0,33,25,10,54,0,89,12,0,12,101
12/28/2016,MFE,TX,ASW,CE,Federal Contract Tower,20,7,32,0,59,0,0,54,0,54,20,7,86,0,113,38,0,38,151
12/29/2016,MFE,TX,ASW,CE,Federal Contract Tower,22,13,27,6,68,0,0,22,0,22,22,13,49,6,90,2,0,2,92
12/30/2016,MFE,TX,ASW,CE,Federal Contract Tower,25,3,24,2,54,0,0,62,4,66,25,3,86,6,120,70,0,70,190
12/31/2016,MFE,TX,ASW,CE,Federal Contract Tower,22,4,22,0,48,0,0,11,0,11,22,4,33,0,59,10,0,10,69
01/01/2017,MFE,TX,ASW,CE,Federal Contract Tower,28,2,6,0,36,0,0,22,0,22,28,2,28,0,58,0,0,0,58
01/02/2017,MFE,TX,ASW,CE,Federal Contract Tower,20,6,27,0,53,0,0,67,0,67,20,6,94,0,120,22,0,22,142
01/03/2017,MFE,TX,ASW,CE,Federal Contract Tower,21,10,26,31,88,0,0,41,5,46,21,10,67,36,134,2,34,36,170
01/04/2017,MFE,TX,ASW,CE,Federal Contract Tower,21,7,31,24,83,0,0,34,0,34,21,7,65,24,117,28,0,28,145
01/05/2017,MFE,TX,ASW,CE,Federal Contract Tower,24,13,39,65,141,0,0,54,0,54,24,13,93,65,195,40,0,40,235
01/06/2017,MFE,TX,ASW,CE,Federal Contract Tower,30,5,28,8,71,0,0,5,0,5,30,5,33,8,76,0,0,0,76
01/07/2017,MFE,TX,ASW,CE,Federal Contract Tower,17,2,21,14,54,0,0,32,0,32,17,2,53,14,86,22,0,22,108
01/08/2017,MFE,TX,ASW,CE,Federal Contract Tower,25,4,25,8,62,0,0,46,0,46,25,4,71,8,108,12,0,12,120
01/09/2017,MFE,TX,ASW,CE,Federal Contract Tower,25,6,25,26,82,0,0,48,2,50,25,6,73,28,132,24,0,24,156
01/10/2017,MFE,TX,ASW,CE,Federal Contract Tower,19,2,18,28,67,0,0,35,3,38,19,2,53,31,105,0,26,26,131
01/11/2017,MFE,TX,ASW,CE,Federal Contract Tower,22,2,28,45,97,0,0,42,0,42,22,2,70,45,139,0,10,10,149
01/13/2017,MFE,TX,ASW,CE,Federal Contract Tower,25,10,34,61,130,0,1,54,2,57,25,11,88,63,187,58,0,58,245
01/14/2017,MFE,TX,ASW,CE,Federal Contract Tower,11,4,13,3,31,0,0,22,0,22,11,4,35,3,53,76,0,76,129
01/15/2017,MFE,TX,ASW,CE,Federal Contract Tower,22,2,19,16,59,0,0,27,1,28,22,2,46,17,87,14,0,14,101
01/16/2017,MFE,TX,ASW,CE,Federal Contract Tower,30,7,39,6,82,0,0,47,0,47,30,7,86,6,129,36,0,36,165
01/17/2017,MFE,TX,ASW,CE,Federal Contract Tower,20,2,27,55,104,0,0,38,5,43,20,2,65,60,147,8,12,20,167
01/18/2017,MFE,TX,ASW,CE,Federal Contract Tower,25,7,39,62,133,0,0,32,1,33,25,7,71,63,166,26,0,26,192
01/19/2017,MFE,TX,ASW,CE,Federal Contract Tower,23,18,47,26,114,0,0,35,1,36,23,18,82,27,150,62,86,148,298
01/20/2017,MFE,TX,ASW,CE,Federal Contract Tower,19,10,54,5,88,0,0,33,0,33,19,10,87,5,121,16,0,16,137
01/21/2017,MFE,TX,ASW,CE,Federal Contract Tower,22,2,9,11,44,0,0,43,0,43,22,2,52,11,87,68,0,68,155
01/22/2017,MFE,TX,ASW,CE,Federal Contract Tower,19,0,24,6,49,0,0,20,0,20,19,0,44,6,69,0,0,0,69
01/23/2017,MFE,TX,ASW,CE,Federal Contract Tower,23,7,30,38,98,0,0,63,1,64,23,7,93,39,162,54,0,54,216
01/24/2017,MFE,TX,ASW,CE,Federal Contract Tower,22,12,25,35,94,1,0,65,0,66,23,12,90,35,160,0,0,0,160
01/25/2017,MFE,TX,ASW,CE,Federal Contract Tower,23,7,58,39,127,0,0,55,4,59,23,7,113,43,186,8,0,8,194
01/26/2017,MFE,TX,ASW,CE,Federal Contract Tower,22,6,35,24,87,0,0,63,6,69,22,6,98,30,156,80,0,80,236
01/27/2017,MFE,TX,ASW,CE,Federal Contract Tower,27,4,22,23,76,0,0,51,0,51,27,4,73,23,127,32,0,32,159
01/28/2017,MFE,TX,ASW,CE,Federal Contract Tower,19,6,16,16,57,0,0,20,0,20,19,6,36,16,77,50,0,50,127
01/29/2017,MFE,TX,ASW,CE,Federal Contract Tower,21,4,11,11,47,0,0,47,0,47,21,4,58,11,94,22,0,22,116
01/30/2017,MFE,TX,ASW,CE,Federal Contract Tower,25,6,27,29,87,0,0,42,2,44,25,6,69,31,131,10,12,22,153
01/31/2017,MFE,TX,ASW,CE,Federal Contract Tower,20,2,20,38,80,0,0,57,4,61,20,2,77,42,141,20,16,36,177
02/01/2017,MFE,TX,ASW,CE,Federal Contract Tower,21,13,19,49,102,0,0,71,7,78,21,13,90,56,180,44,16,60,240
02/02/2017,MFE,TX,ASW,CE,Federal Contract Tower,23,12,39,40,114,0,0,64,1,65,23,12,103,41,179,50,0,50,229
02/03/2017,MFE,TX,ASW,CE,Federal Contract Tower,23,6,53,20,102,0,0,29,0,29,23,6,82,20,131,36,0,36,167
02/04/2017,MFE,TX,ASW,CE,Federal Contract Tower,17,3,23,24,67,0,0,10,0,10,17,3,33,24,77,0,0,0,77
02/05/2017,MFE,TX,ASW,CE,Federal Contract Tower,22,7,16,8,53,0,0,23,0,23,22,7,39,8,76,30,0,30,106
02/06/2017,MFE,TX,ASW,CE,Federal Contract Tower,21,12,34,32,99,0,0,55,0,55,21,12,89,32,154,16,0,16,170
02/07/2017,MFE,TX,ASW,CE,Federal Contract Tower,20,7,32,29,88,0,0,58,3,61,20,7,90,32,149,55,0,55,204
02/08/2017,MFE,TX,ASW,CE,Federal Contract Tower,20,18,32,37,107,0,0,52,0,52,20,18,84,37,159,36,0,36,195
02/09/2017,MFE,TX,ASW,CE,Federal Contract Tower,24,7,20,20,71,0,0,43,3,46,24,7,63,23,117,8,4,12,129
02/10/2017,MFE,TX,ASW,CE,Federal Contract Tower,20,8,24,20,72,0,0,36,0,36,20,8,60,20,108,42,0,42,150
02/11/2017,MFE,TX,ASW,CE,Federal Contract Tower,16,3,6,9,34,0,0,39,0,39,16,3,45,9,73,22,0,22,95
02/12/2017,MFE,TX,ASW,CE,Federal Contract Tower,21,1,15,0,37,0,0,36,0,36,21,1,51,0,73,0,0,0,73
02/13/2017,MFE,TX,ASW,CE,Federal Contract Tower,24,5,30,34,93,0,0,31,0,31,24,5,61,34,124,16,0,16,140
02/14/2017,MFE,TX,ASW,CE,Federal Contract Tower,23,4,26,24,77,0,0,32,8,40,23,4,58,32,117,22,4,26,143
02/15/2017,MFE,TX,ASW,CE,Federal Contract Tower,21,8,42,14,85,0,0,86,0,86,21,8,128,14,171,10,0,10,181
02/16/2017,MFE,TX,ASW,CE,Federal Contract Tower,20,11,28,15,74,0,0,57,2,59,20,11,85,17,133,16,0,16,149
02/17/2017,MFE,TX,ASW,CE,Federal Contract Tower,21,14,27,16,78,0,0,74,0,74,21,14,101,16,152,52,0,52,204
02/18/2017,MFE,TX,ASW,CE,Federal Contract Tower,14,5,13,2,34,0,0,54,0,54,14,5,67,2,88,44,0,44,132
02/19/2017,MFE,TX,ASW,CE,Federal Contract Tower,23,1,13,0,37,0,0,25,0,25,23,1,38,0,62,10,0,10,72
02/20/2017,MFE,TX,ASW,CE,Federal Contract Tower,18,7,35,0,60,0,0,30,0,30,18,7,65,0,90,4,0,4,94
02/21/2017,MFE,TX,ASW,CE,Federal Contract Tower,20,11,28,27,86,0,0,50,3,53,20,11,78,30,139,16,6,22,161
02/22/2017,MFE,TX,ASW,CE,Federal Contract Tower,20,11,29,28,88,0,0,64,1,65,20,11,93,29,153,30,0,30,183
02/23/2017,MFE,TX,ASW,CE,Federal Contract Tower,23,14,25,12,74,0,0,70,0,70,23,14,95,12,144,48,0,48,192
02/24/2017,MFE,TX,ASW,CE,Federal Contract Tower,22,6,40,4,72,0,0,39,0,39,22,6,79,4,111,12,0,12,123
02/25/2017,MFE,TX,ASW,CE,Federal Contract Tower,20,4,19,12,55,0,0,36,0,36,20,4,55,12,91,74,0,74,165
02/26/2017,MFE,TX,ASW,CE,Federal Contract Tower,24,3,25,6,58,0,0,35,0,35,24,3,60,6,93,22,0,22,115
02/27/2017,MFE,TX,ASW,CE,Federal Contract Tower,23,5,21,21,70,0,0,59,2,61,23,5,80,23,131,32,24,56,187
02/28/2017,MFE,TX,ASW,CE,Federal Contract Tower,22,7,20,49,98,0,0,50,6,56,22,7,70,55,154,26,0,26,180
03/01/2017,MFE,TX,ASW,CE,Federal Contract Tower,18,12,44,34,108,0,0,50,0,50,18,12,94,34,158,28,0,28,186
03/02/2017,MFE,TX,ASW,CE,Federal Contract Tower,22,7,46,29,104,0,0,60,4,64,22,7,106,33,168,14,0,14,182
03/03/2017,MFE,TX,ASW,CE,Federal Contract Tower,20,18,27,19,84,0,0,78,0,78,20,18,105,19,162,40,0,40,202
03/04/2017,MFE,TX,ASW,CE,Federal Contract Tower,15,3,11,0,29,0,0,13,0,13,15,3,24,0,42,10,0,10,52
03/05/2017,MFE,TX,ASW,CE,Federal Contract Tower,22,2,18,12,54,0,0,32,1,33,22,2,50,13,87,6,0,6,93
03/06/2017,MFE,TX,ASW,CE,Federal Contract Tower,21,10,39,38,108,0,0,53,2,55,21,10,92,40,163,0,0,0,163
03/07/2017,MFE,TX,ASW,CE,Federal Contract Tower,21,9,43,30,103,0,0,55,1,56,21,9,98,31,159,42,0,42,201
03/08/2017,MFE,TX,ASW,CE,Federal Contract Tower,20,20,40,13,93,0,0,31,0,31,20,20,71,13,124,46,0,46,170
03/09/2017,MFE,TX,ASW,CE,Federal Contract Tower,22,16,41,2,81,0,0,29,0,29,22,16,70,2,110,38,0,38,148
03/10/2017,MFE,TX,ASW,CE,Federal Contract Tower,23,7,34,0,64,0,0,40,0,40,23,7,74,0,104,44,0,44,148
03/11/2017,MFE,TX,ASW,CE,Federal Contract Tower,21,3,22,4,50,0,0,30,0,30,21,3,52,4,80,70,0,70,150
03/12/2017,MFE,TX,ASW,CE,Federal Contract Tower,21,12,13,0,46,0,0,6,0,6,21,12,19,0,52,0,0,0,52
03/13/2017,MFE,TX,ASW,CE,Federal Contract Tower,23,6,61,15,105,0,0,6,0,6,23,6,67,15,111,16,0,16,127
03/14/2017,MFE,TX,ASW,CE,Federal Contract Tower,20,4,23,53,100,0,0,65,4,69,20,4,88,57,169,0,0,0,169
03/15/2017,MFE,TX,ASW,CE,Federal Contract Tower,18,12,26,18,74,0,0,73,0,73,18,12,99,18,147,72,0,72,219
03/16/2017,MFE,TX,ASW,CE,Federal Contract Tower,22,9,26,35,92,0,0,55,0,55,22,9,81,35,147,44,0,44,191
03/17/2017,MFE,TX,ASW,CE,Federal Contract Tower,21,5,38,8,72,0,0,52,0,52,21,5,90,8,124,54,0,54,178
03/18/2017,MFE,TX,ASW,CE,Federal Contract Tower,15,6,19,19,59,0,0,33,2,35,15,6,52,21,94,14,0,14,108
03/19/2017,MFE,TX,ASW,CE,Federal Contract Tower,23,5,28,4,60,0,0,36,0,36,23,5,64,4,96,14,0,14,110
03/20/2017,MFE,TX,ASW,CE,Federal Contract Tower,23,7,34,13,77,0,0,63,0,63,23,7,97,13,140,26,0,26,166
03/21/2017,MFE,TX,ASW,CE,Federal Contract Tower,22,13,16,16,67,0,0,42,0,42,22,13,58,16,109,32,0,32,141
03/22/2017,MFE,TX,ASW,CE,Federal Contract Tower,21,18,50,32,121,0,0,64,0,64,21,18,114,32,185,64,0,64,249
03/23/2017,MFE,TX,ASW,CE,Federal Contract Tower,23,14,10,30,77,0,0,46,5,51,23,14,56,35,128,20,0,20,148
03/24/2017,MFE,TX,ASW,CE,Federal Contract Tower,25,10,33,26,94,0,0,57,1,58,25,10,90,27,152,34,6,40,192
03/25/2017,MFE,TX,ASW,CE,Federal Contract Tower,16,4,12,10,42,0,0,42,0,42,16,4,54,10,84,90,0,90,174
03/26/2017,MFE,TX,ASW,CE,Federal Contract Tower,22,6,14,16,58,0,0,31,0,31,22,6,45,16,89,0,0,0,89
03/27/2017,MFE,TX,ASW,CE,Federal Contract Tower,20,8,51,22,101,0,0,51,2,53,20,8,102,24,154,18,0,18,172
03/28/2017,MFE,TX,ASW,CE,Federal Contract Tower,18,5,28,41,92,0,0,52,3,55,18,5,80,44,147,0,0,0,147
03/29/2017,MFE,TX,ASW,CE,Federal Contract Tower,19,5,34,32,90,0,0,75,0,75,19,5,109,32,165,52,0,52,217
03/30/2017,MFE,TX,ASW,CE,Federal Contract Tower,22,18,29,38,107,0,0,72,0,72,22,18,101,38,179,80,22,102,281
03/31/2017,MFE,TX,ASW,CE,Federal Contract Tower,23,7,36,8,74,0,0,70,0,70,23,7,106,8,144,6,0,6,150
04/01/2017,MFE,TX,ASW,CE,Federal Contract Tower,15,6,11,0,32,0,0,58,0,58,15,6,69,0,90,32,0,32,122
04/02/2017,MFE,TX,ASW,CE,Federal Contract Tower,23,6,13,6,48,0,0,34,0,34,23,6,47,6,82,28,0,28,110
04/03/2017,MFE,TX,ASW,CE,Federal Contract Tower,22,8,13,23,66,0,0,61,0,61,22,8,74,23,127,38,0,38,165
04/04/2017,MFE,TX,ASW,CE,Federal Contract Tower,15,11,24,30,80,0,0,62,1,63,15,11,86,31,143,32,4,36,179
04/05/2017,MFE,TX,ASW,CE,Federal Contract Tower,20,8,41,14,83,0,0,40,1,41,20,8,81,15,124,10,0,10,134
04/06/2017,MFE,TX,ASW,CE,Federal Contract Tower,20,12,39,22,93,0,0,72,0,72,20,12,111,22,165,30,0,30,195
04/07/2017,MFE,TX,ASW,CE,Federal Contract Tower,18,12,31,6,67,0,0,61,1,62,18,12,92,7,129,20,1,21,150
04/08/2017,MFE,TX,ASW,CE,Federal Contract Tower,20,4,27,8,59,0,0,46,0,46,20,4,73,8,105,92,0,92,197
04/09/2017,MFE,TX,ASW,CE,Federal Contract Tower,25,6,22,0,53,0,0,28,0,28,25,6,50,0,81,26,0,26,107
04/10/2017,MFE,TX,ASW,CE,Federal Contract Tower,23,5,44,25,97,0,0,43,0,43,23,5,87,25,140,34,0,34,174
04/11/2017,MFE,TX,ASW,CE,Federal Contract Tower,27,5,28,28,88,0,0,35,0,35,27,5,63,28,123,8,0,8,131
04/12/2017,MFE,TX,ASW,CE,Federal Contract Tower,23,8,41,25,97,0,0,35,0,35,23,8,76,25,132,28,0,28,160
04/13/2017,MFE,TX,ASW,CE,Federal Contract Tower,21,7,45,11,84,0,0,42,0,42,21,7,87,11,126,18,52,70,196
04/14/2017,MFE,TX,ASW,CE,Federal Contract Tower,25,7,15,11,58,0,0,50,0,50,25,7,65,11,108,50,0,50,158
04/16/2017,MFE,TX,ASW,CE,Federal Contract Tower,25,5,16,0,46,0,0,36,0,36,25,5,52,0,82,0,0,0,82
04/17/2017,MFE,TX,ASW,CE,Federal Contract Tower,23,10,41,52,126,0,0,43,6,49,23,10,84,58,175,22,48,70,245
04/18/2017,MFE,TX,ASW,CE,Federal Contract Tower,21,8,23,41,93,0,0,48,4,52,21,8,71,45,145,44,0,44,189
04/19/2017,MFE,TX,ASW,CE,Federal Contract Tower,21,5,36,20,82,0,0,64,0,64,21,5,100,20,146,10,0,10,156
04/20/2017,MFE,TX,ASW,CE,Federal Contract Tower,20,13,46,20,99,0,0,65,12,77,20,13,111,32,176,62,0,62,238
04/21/2017,MFE,TX,ASW,CE,Federal Contract Tower,24,9,55,0,88,0,0,71,0,71,24,9,126,0,159,16,0,16,175
04/22/2017,MFE,TX,ASW,CE,Federal Contract Tower,13,10,18,18,59,0,0,61,0,61,13,10,79,18,120,34,0,34,154
04/23/2017,MFE,TX,ASW,CE,Federal Contract Tower,24,4,21,6,55,0,0,40,0,40,24,4,61,6,95,10,0,10,105
04/24/2017,MFE,TX,ASW,CE,Federal Contract Tower,23,5,28,16,72,0,0,56,0,56,23,5,84,16,128,26,6,32,160
04/25/2017,MFE,TX,ASW,CE,Federal Contract Tower,26,7,23,9,65,0,0,86,0,86,26,7,109,9,151,50,0,50,201
04/26/2017,MFE,TX,ASW,CE,Federal Contract Tower,23,4,45,14,86,0,0,32,2,34,23,4,77,16,120,26,0,26,146
04/27/2017,MFE,TX,ASW,CE,Federal Contract Tower,24,11,32,18,85,0,0,62,0,62,24,11,94,18,147,22,0,22,169
04/28/2017,MFE,TX,ASW,CE,Federal Contract Tower,22,9,40,5,76,0,0,39,1,40,22,9,79,6,116,4,4,8,124
04/29/2017,MFE,TX,ASW,CE,Federal Contract Tower,18,1,14,0,33,0,0,48,0,48,18,1,62,0,81,10,0,10,91
04/30/2017,MFE,TX,ASW,CE,Federal Contract Tower,13,13,21,8,55,0,0,40,0,40,13,13,61,8,95,24,0,24,119
05/01/2017,MFE,TX,ASW,CE,Federal Contract Tower,26,9,35,22,92,0,0,71,1,72,26,9,106,23,164,16,0,16,180
05/02/2017,MFE,TX,ASW,CE,Federal Contract Tower,24,7,36,23,90,0,0,58,1,59,24,7,94,24,149,62,0,62,211
05/03/2017,MFE,TX,ASW,CE,Federal Contract Tower,23,8,36,17,84,0,0,33,0,33,23,8,69,17,117,0,0,0,117
05/04/2017,MFE,TX,ASW,CE,Federal Contract Tower,37,10,39,0,86,0,0,60,0,60,37,10,99,0,146,16,0,16,162
05/05/2017,MFE,TX,ASW,CE,Federal Contract Tower,21,5,38,12,76,0,0,68,9,77,21,5,106,21,153,54,0,54,207
05/06/2017,MFE,TX,ASW,CE,Federal Contract Tower,11,4,6,13,34,0,0,58,0,58,11,4,64,13,92,26,0,26,118
05/07/2017,MFE,TX,ASW,CE,Federal Contract Tower,25,1,21,2,49,0,0,37,0,37,25,1,58,2,86,34,0,34,120
05/08/2017,MFE,TX,ASW,CE,Federal Contract Tower,23,5,21,12,61,0,0,27,0,27,23,5,48,12,88,54,0,54,142
05/09/2017,MFE,TX,ASW,CE,Federal Contract Tower,24,6,33,27,90,0,0,33,1,34,24,6,66,28,124,30,56,86,210
05/10/2017,MFE,TX,ASW,CE,Federal Contract Tower,22,4,31,14,71,0,0,38,0,38,22,4,69,14,109,24,0,24,133
05/11/2017,MFE,TX,ASW,CE,Federal Contract Tower,29,11,32,16,88,0,0,44,0,44,29,11,76,16,132,66,0,66,198
05/12/2017,MFE,TX,ASW,CE,Federal Contract Tower,22,13,29,0,64,0,0,52,0,52,22,13,81,0,116,46,0,46,162
05/13/2017,MFE,TX,ASW,CE,Federal Contract Tower,15,5,11,12,43,0,0,38,0,38,15,5,49,12,81,20,0,20,101
05/14/2017,MFE,TX,ASW,CE,Federal Contract Tower,21,15,28,4,68,0,0,30,0,30,21,15,58,4,98,0,0,0,98
05/15/2017,MFE,TX,ASW,CE,Federal Contract Tower,25,5,49,7,86,0,0,46,0,46,25,5,95,7,132,6,0,6,138
05/16/2017,MFE,TX,ASW,CE,Federal Contract Tower,23,14,40,7,84,0,0,47,0,47,23,14,87,7,131,14,0,14,145
05/17/2017,MFE,TX,ASW,CE,Federal Contract Tower,29,20,37,21,107,0,0,64,0,64,29,20,101,21,171,34,0,34,205
05/18/2017,MFE,TX,ASW,CE,Federal Contract Tower,22,12,38,9,81,0,0,38,0,38,22,12,76,9,119,8,0,8,127
05/19/2017,MFE,TX,ASW,CE,Federal Contract Tower,27,11,43,2,83,0,0,58,2,60,27,11,101,4,143,0,0,0,143
05/20/2017,MFE,TX,ASW,CE,Federal Contract Tower,17,6,17,3,43,0,0,32,0,32,17,6,49,3,75,42,0,42,117
05/21/2017,MFE,TX,ASW,CE,Federal Contract Tower,22,10,24,11,67,0,0,29,1,30,22,10,53,12,97,0,10,10,107
05/22/2017,MFE,TX,ASW,CE,Federal Contract Tower,31,11,29,0,71,0,0,38,0,38,31,11,67,0,109,36,0,36,145
05/23/2017,MFE,TX,ASW,CE,Federal Contract Tower,24,18,21,8,71,0,0,38,0,38,24,18,59,8,109,10,10,20,129
05/24/2017,MFE,TX,ASW,CE,Federal Contract Tower,34,10,26,20,90,0,0,70,0,70,34,10,96,20,160,32,0,32,192
05/25/2017,MFE,TX,ASW,CE,Federal Contract Tower,28,9,38,6,81,0,0,49,0,49,28,9,87,6,130,28,0,28,158
05/26/2017,MFE,TX,ASW,CE,Federal Contract Tower,24,8,29,6,67,0,0,45,0,45,24,8,74,6,112,26,0,26,138
05/27/2017,MFE,TX,ASW,CE,Federal Contract Tower,21,3,20,7,51,0,0,35,0,35,21,3,55,7,86,20,0,20,106
05/28/2017,MFE,TX,ASW,CE,Federal Contract Tower,20,6,22,0,48,0,0,42,0,42,20,6,64,0,90,24,0,24,114
05/29/2017,MFE,TX,ASW,CE,Federal Contract Tower,28,3,13,0,44,0,0,28,0,28,28,3,41,0,72,46,0,46,118
05/30/2017,MFE,TX,ASW,CE,Federal Contract Tower,24,9,24,19,76,0,0,52,3,55,24,9,76,22,131,48,4,52,183
05/31/2017,MFE,TX,ASW,CE,Federal Contract Tower,28,6,26,4,64,0,0,52,0,52,28,6,78,4,116,50,0,50,166
06/01/2017,MFE,TX,ASW,CE,Federal Contract Tower,22,8,42,7,79,0,0,48,1,49,22,8,90,8,128,24,0,24,152
06/02/2017,MFE,TX,ASW,CE,Federal Contract Tower,24,10,33,8,75,0,0,49,0,49,24,10,82,8,124,76,0,76,200
06/03/2017,MFE,TX,ASW,CE,Federal Contract Tower,20,5,12,2,39,0,0,36,0,36,20,5,48,2,75,36,0,36,111
06/04/2017,MFE,TX,ASW,CE,Federal Contract Tower,29,2,16,10,57,0,0,24,1,25,29,2,40,11,82,0,0,0,82
06/05/2017,MFE,TX,ASW,CE,Federal Contract Tower,35,4,29,5,73,0,0,48,0,48,35,4,77,5,121,14,0,14,135
06/06/2017,MFE,TX,ASW,CE,Federal Contract Tower,22,3,25,22,72,0,0,34,2,36,22,3,59,24,108,4,2,6,114
06/07/2017,MFE,TX,ASW,CE,Federal Contract Tower,33,7,34,27,101,0,0,52,0,52,33,7,86,27,153,24,14,38,191
06/08/2017,MFE,TX,ASW,CE,Federal Contract Tower,26,7,32,15,80,0,0,56,0,56,26,7,88,15,136,22,0,22,158
06/09/2017,MFE,TX,ASW,CE,Federal Contract Tower,30,10,27,7,74,0,0,65,4,69,30,10,92,11,143,90,31,121,264
06/10/2017,MFE,TX,ASW,CE,Federal Contract Tower,18,4,16,5,43,0,0,49,0,49,18,4,65,5,92,60,0,60,152
06/11/2017,MFE,TX,ASW,CE,Federal Contract Tower,23,10,13,11,57,0,0,37,0,37,23,10,50,11,94,28,0,28,122
06/12/2017,MFE,TX,ASW,CE,Federal Contract Tower,37,10,35,18,100,0,0,49,1,50,37,10,84,19,150,82,12,94,244
06/13/2017,MFE,TX,ASW,CE,Federal Contract Tower,27,3,29,6,65,0,0,54,0,54,27,3,83,6,119,62,0,62,181
06/14/2017,MFE,TX,ASW,CE,Federal Contract Tower,29,6,22,5,62,0,0,58,3,61,29,6,80,8,123,18,0,18,141
06/15/2017,MFE,TX,ASW,CE,Federal Contract Tower,29,12,24,14,79,0,0,55,1,56,29,12,79,15,135,52,0,52,187
06/16/2017,MFE,TX,ASW,CE,Federal Contract Tower,30,9,37,0,76,0,0,45,0,45,30,9,82,0,121,52,0,52,173
06/17/2017,MFE,TX,ASW,CE,Federal Contract Tower,15,5,6,0,26,0,0,39,0,39,15,5,45,0,65,20,0,20,85
06/18/2017,MFE,TX,ASW,CE,Federal Contract Tower,23,1,9,0,33,0,0,22,0,22,23,1,31,0,55,20,0,20,75
06/19/2017,MFE,TX,ASW,CE,Federal Contract Tower,25,4,28,24,81,0,0,46,0,46,25,4,74,24,127,16,0,16,143
06/20/2017,MFE,TX,ASW,CE,Federal Contract Tower,26,6,20,7,59,0,0,61,1,62,26,6,81,8,121,30,0,30,151
06/21/2017,MFE,TX,ASW,CE,Federal Contract Tower,27,10,27,37,101,0,0,54,1,55,27,10,81,38,156,52,0,52,208
06/22/2017,MFE,TX,ASW,CE,Federal Contract Tower,23,13,33,11,80,0,0,50,0,50,23,13,83,11,130,20,0,20,150
06/23/2017,MFE,TX,ASW,CE,Federal Contract Tower,31,10,29,10,80,0,0,29,0,29,31,10,58,10,109,0,0,0,109
06/24/2017,MFE,TX,ASW,CE,Federal Contract Tower,16,3,4,5,28,0,0,32,0,32,16,3,36,5,60,18,0,18,78
06/25/2017,MFE,TX,ASW,CE,Federal Contract Tower,23,5,14,1,43,0,0,15,0,15,23,5,29,1,58,0,0,0,58
06/26/2017,MFE,TX,ASW,CE,Federal Contract Tower,25,8,25,51,109,0,0,47,3,50,25,8,72,54,159,36,46,82,241
06/27/2017,MFE,TX,ASW,CE,Federal Contract Tower,23,3,23,16,65,0,0,57,7,64,23,3,80,23,129,42,48,90,219
06/28/2017,MFE,TX,ASW,CE,Federal Contract Tower,27,14,36,12,89,0,0,60,1,61,27,14,96,13,150,40,16,56,206
06/29/2017,MFE,TX,ASW,CE,Federal Contract Tower,30,13,46,16,105,0,2,64,3,69,30,15,110,19,174,32,18,50,224
06/30/2017,MFE,TX,ASW,CE,Federal Contract Tower,30,8,32,5,75,0,0,52,7,59,30,8,84,12,134,42,0,42,176
07/01/2017,MFE,TX,ASW,CE,Federal Contract Tower,19,7,24,0,50,0,0,41,0,41,19,7,65,0,91,86,0,86,177
07/02/2017,MFE,TX,ASW,CE,Federal Contract Tower,18,9,14,0,41,0,0,30,0,30,18,9,44,0,71,20,0,20,91
07/03/2017,MFE,TX,ASW,CE,Federal Contract Tower,25,5,13,0,43,0,0,52,0,52,25,5,65,0,95,0,0,0,95
07/04/2017,MFE,TX,ASW,CE,Federal Contract Tower,18,3,14,0,35,0,0,23,0,23,18,3,37,0,58,38,0,38,96
07/05/2017,MFE,TX,ASW,CE,Federal Contract Tower,24,12,41,14,91,0,0,57,0,57,24,12,98,14,148,6,0,6,154
07/06/2017,MFE,TX,ASW,CE,Federal Contract Tower,20,17,32,11,80,0,0,52,6,58,20,17,84,17,138,36,44,80,218
07/07/2017,MFE,TX,ASW,CE,Federal Contract Tower,26,7,41,4,78,0,0,50,0,50,26,7,91,4,128,28,0,28,156
07/08/2017,MFE,TX,ASW,CE,Federal Contract Tower,18,3,14,2,37,0,0,45,0,45,18,3,59,2,82,116,0,116,198
07/09/2017,MFE,TX,ASW,CE,Federal Contract Tower,21,3,17,2,43,0,0,44,0,44,21,3,61,2,87,12,2,14,101
07/10/2017,MFE,TX,ASW,CE,Federal Contract Tower,23,5,28,7,63,0,0,53,0,53,23,5,81,7,116,24,0,24,140
07/11/2017,MFE,TX,ASW,CE,Federal Contract Tower,19,7,26,16,68,0,0,67,1,68,19,7,93,17,136,34,0,34,170
07/12/2017,MFE,TX,ASW,CE,Federal Contract Tower,19,7,36,10,72,0,0,52,0,52,19,7,88,10,124,69,0,69,193
07/13/2017,MFE,TX,ASW,CE,Federal Contract Tower,23,9,43,10,85,0,0,44,0,44,23,9,87,10,129,94,0,94,223
07/14/2017,MFE,TX,ASW,CE,Federal Contract Tower,23,15,19,4,61,0,0,48,0,48,23,15,67,4,109,22,0,22,131
07/15/2017,MFE,TX,ASW,CE,Federal Contract Tower,20,1,13,8,42,0,0,47,0,47,20,1,60,8,89,42,0,42,131
07/16/2017,MFE,TX,ASW,CE,Federal Contract Tower,21,4,13,0,38,0,0,31,0,31,21,4,44,0,69,18,0,18,87
07/17/2017,MFE,TX,ASW,CE,Federal Contract Tower,25,6,18,13,62,0,0,37,1,38,25,6,55,14,100,0,14,14,114
07/18/2017,MFE,TX,ASW,CE,Federal Contract Tower,18,6,35,21,80,0,0,48,0,48,18,6,83,21,128,66,0,66,194
07/19/2017,MFE,TX,ASW,CE,Federal Contract Tower,23,12,39,14,88,0,0,54,0,54,23,12,93,14,142,60,0,60,202
07/20/2017,MFE,TX,ASW,CE,Federal Contract Tower,23,11,27,5,66,0,0,48,2,50,23,11,75,7,116,48,8,56,172
07/21/2017,MFE,TX,ASW,CE,Federal Contract Tower,28,9,23,6,66,0,0,48,0,48,28,9,71,6,114,22,0,22,136
07/22/2017,MFE,TX,ASW,CE,Federal Contract Tower,19,5,10,7,41,0,0,27,0,27,19,5,37,7,68,16,0,16,84
07/23/2017,MFE,TX,ASW,CE,Federal Contract Tower,25,2,14,0,41,0,0,28,0,28,25,2,42,0,69,0,0,0,69
07/24/2017,MFE,TX,ASW,CE,Federal Contract Tower,24,11,31,19,85,0,0,42,1,43,24,11,73,20,128,52,10,62,190
07/25/2017,MFE,TX,ASW,CE,Federal Contract Tower,20,14,30,8,72,0,0,40,1,41,20,14,70,9,113,18,0,18,131
07/26/2017,MFE,TX,ASW,CE,Federal Contract Tower,25,10,44,11,90,0,0,38,2,40,25,10,82,13,130,99,0,99,229
07/27/2017,MFE,TX,ASW,CE,Federal Contract Tower,19,8,35,34,96,0,0,68,3,71,19,8,103,37,167,98,0,98,265
07/28/2017,MFE,TX,ASW,CE,Federal Contract Tower,26,8,35,24,93,0,0,79,0,79,26,8,114,24,172,90,0,90,262
07/29/2017,MFE,TX,ASW,CE,Federal Contract Tower,17,9,22,9,57,0,0,46,0,46,17,9,68,9,103,94,0,94,197
07/30/2017,MFE,TX,ASW,CE,Federal Contract Tower,22,5,26,14,67,0,0,51,0,51,22,5,77,14,118,12,0,12,130
07/31/2017,MFE,TX,ASW,CE,Federal Contract Tower,25,5,26,14,70,0,0,53,0,53,25,5,79,14,123,30,0,30,153
08/01/2017,MFE,TX,ASW,CE,Federal Contract Tower,15,17,30,36,98,0,0,44,1,45,15,17,74,37,143,93,2,95,238
08/02/2017,MFE,TX,ASW,CE,Federal Contract Tower,23,8,37,34,102,0,0,56,2,58,23,8,93,36,160,18,0,18,178
08/03/2017,MFE,TX,ASW,CE,Federal Contract Tower,23,10,31,0,64,0,0,50,0,50,23,10,81,0,114,40,0,40,154
08/04/2017,MFE,TX,ASW,CE,Federal Contract Tower,23,12,26,14,75,0,0,52,0,52,23,12,78,14,127,26,0,26,153
08/05/2017,MFE,TX,ASW,CE,Federal Contract Tower,20,9,16,10,55,0,0,42,0,42,20,9,58,10,97,38,0,38,135
08/06/2017,MFE,TX,ASW,CE,Federal Contract Tower,22,1,20,0,43,0,0,38,0,38,22,1,58,0,81,0,0,0,81
08/07/2017,MFE,TX,ASW,CE,Federal Contract Tower,23,15,22,66,126,0,0,30,3,33,23,15,52,69,159,16,6,22,181
08/08/2017,MFE,TX,ASW,CE,Federal Contract Tower,17,11,20,70,118,0,1,55,1,57,17,12,75,71,175,84,10,94,269
08/09/2017,MFE,TX,ASW,CE,Federal Contract Tower,23,12,27,31,93,0,0,46,4,50,23,12,73,35,143,44,0,44,187
08/10/2017,MFE,TX,ASW,CE,Federal Contract Tower,25,6,30,10,71,0,0,33,0,33,25,6,63,10,104,58,0,58,162
08/11/2017,MFE,TX,ASW,CE,Federal Contract Tower,29,7,31,10,77,0,0,55,0,55,29,7,86,10,132,52,0,52,184
08/12/2017,MFE,TX,ASW,CE,Federal Contract Tower,14,9,14,0,37,0,0,41,0,41,14,9,55,0,78,30,0,30,108
08/13/2017,MFE,TX,ASW,CE,Federal Contract Tower,19,13,24,0,56,0,0,21,0,21,19,13,45,0,77,14,0,14,91
08/14/2017,MFE,TX,ASW,CE,Federal Contract Tower,30,6,27,35,98,0,0,46,0,46,30,6,73,35,144,0,2,2,146
08/15/2017,MFE,TX,ASW,CE,Federal Contract Tower,21,6,30,52,109,0,0,36,0,36,21,6,66,52,145,24,20,44,189
08/16/2017,MFE,TX,ASW,CE,Federal Contract Tower,19,8,27,21,75,0,0,68,0,68,19,8,95,21,143,60,0,60,203
08/17/2017,MFE,TX,ASW,CE,Federal Contract Tower,23,15,33,35,106,0,0,55,4,59,23,15,88,39,165,36,8,44,209
08/18/2017,MFE,TX,ASW,CE,Federal Contract Tower,25,8,34,8,75,0,0,69,0,69,25,8,103,8,144,30,0,30,174
08/19/2017,MFE,TX,ASW,CE,Federal Contract Tower,14,6,23,19,62,0,0,68,0,68,14,6,91,19,130,70,28,98,228
08/20/2017,MFE,TX,ASW,CE,Federal Contract Tower,21,6,20,21,68,0,0,53,1,54,21,6,73,22,122,24,0,24,146
08/21/2017,MFE,TX,ASW,CE,Federal Contract Tower,31,9,29,24,93,0,0,43,1,44,31,9,72,25,137,32,0,32,169
08/22/2017,MFE,TX,ASW,CE,Federal Contract Tower,25,14,24,35,98,0,0,47,10,57,25,14,71,45,155,14,0,14,169
08/23/2017,MFE,TX,ASW,CE,Federal Contract Tower,22,10,31,16,79,0,0,63,3,66,22,10,94,19,145,34,0,34,179
08/24/2017,MFE,TX,ASW,CE,Federal Contract Tower,26,14,41,2,83,0,0,41,0,41,26,14,82,2,124,40,0,40,164
08/25/2017,MFE,TX,ASW,CE,Federal Contract Tower,19,10,8,2,39,0,0,15,0,15,19,10,23,2,54,20,0,20,74
08/26/2017,MFE,TX,ASW,CE,Federal Contract Tower,12,3,13,0,28,0,0,36,2,38,12,3,49,2,66,18,0,18,84
08/27/2017,MFE,TX,ASW,CE,Federal Contract Tower,12,2,11,0,25,0,0,19,1,20,12,2,30,1,45,0,0,0,45
08/28/2017,MFE,TX,ASW,CE,Federal Contract Tower,23,11,17,0,51,0,0,30,0,30,23,11,47,0,81,30,0,30,111
08/29/2017,MFE,TX,ASW,CE,Federal Contract Tower,14,10,19,0,43,0,1,69,0,70,14,11,88,0,113,72,0,72,185
08/30/2017,MFE,TX,ASW,CE,Federal Contract Tower,15,7,44,2,68,0,0,76,0,76,15,7,120,2,144,56,0,56,200
08/31/2017,MFE,TX,ASW,CE,Federal Contract Tower,18,11,35,5,69,0,0,42,1,43,18,11,77,6,112,38,0,38,150
09/01/2017,MFE,TX,ASW,CE,Federal Contract Tower,17,10,37,12,76,0,0,63,0,63,17,10,100,12,139,68,0,68,207
09/02/2017,MFE,TX,ASW,CE,Federal Contract Tower,12,2,15,0,29,0,0,47,0,47,12,2,62,0,76,108,0,108,184
09/03/2017,MFE,TX,ASW,CE,Federal Contract Tower,12,4,6,0,22,0,0,52,0,52,12,4,58,0,74,0,0,0,74
09/04/2017,MFE,TX,ASW,CE,Federal Contract Tower,20,6,24,0,50,0,0,20,0,20,20,6,44,0,70,30,0,30,100
09/05/2017,MFE,TX,ASW,CE,Federal Contract Tower,15,6,27,20,68,0,0,30,0,30,15,6,57,20,98,20,0,20,118
09/06/2017,MFE,TX,ASW,CE,Federal Contract Tower,16,8,27,41,92,0,0,34,2,36,16,8,61,43,128,29,18,47,175
09/07/2017,MFE,TX,ASW,CE,Federal Contract Tower,19,11,44,29,103,0,0,45,8,53,19,11,89,37,156,42,30,72,228
09/08/2017,MFE,TX,ASW,CE,Federal Contract Tower,19,14,25,10,68,0,0,28,0,28,19,14,53,10,96,16,0,16,112
09/09/2017,MFE,TX,ASW,CE,Federal Contract Tower,16,3,11,21,51,0,0,41,2,43,16,3,52,23,94,50,0,50,144
09/10/2017,MFE,TX,ASW,CE,Federal Contract Tower,25,2,9,13,49,0,0,48,0,48,25,2,57,13,97,36,0,36,133
09/11/2017,MFE,TX,ASW,CE,Federal Contract Tower,23,7,21,59,110,0,0,47,0,47,23,7,68,59,157,4,8,12,169
09/12/2017,MFE,TX,ASW,CE,Federal Contract Tower,17,11,31,80,139,0,0,62,2,64,17,11,93,82,203,22,8,30,233
09/13/2017,MFE,TX,ASW,CE,Federal Contract Tower,20,11,42,25,98,0,0,66,3,69,20,11,108,28,167,28,0,28,195
09/14/2017,MFE,TX,ASW,CE,Federal Contract Tower,21,14,36,41,112,0,0,53,0,53,21,14,89,41,165,20,10,30,195
09/15/2017,MFE,TX,ASW,CE,Federal Contract Tower,23,8,37,27,95,0,0,66,0,66,23,8,103,27,161,0,0,0,161
09/16/2017,MFE,TX,ASW,CE,Federal Contract Tower,18,5,12,19,54,0,0,35,0,35,18,5,47,19,89,74,0,74,163
09/17/2017,MFE,TX,ASW,CE,Federal Contract Tower,25,3,14,18,60,0,0,45,2,47,25,3,59,20,107,16,12,28,135
09/18/2017,MFE,TX,ASW,CE,Federal Contract Tower,25,7,22,62,116,0,0,42,4,46,25,7,64,66,162,14,68,82,244
09/19/2017,MFE,TX,ASW,CE,Federal Contract Tower,19,11,30,32,92,0,1,55,3,59,19,12,85,35,151,22,30,52,203
09/20/2017,MFE,TX,ASW,CE,Federal Contract Tower,25,18,27,14,84,0,0,72,0,72,25,18,99,14,156,2,0,2,158
09/21/2017,MFE,TX,ASW,CE,Federal Contract Tower,23,17,43,7,90,0,0,59,0,59,23,17,102,7,149,28,0,28,177
09/22/2017,MFE,TX,ASW,CE,Federal Contract Tower,18,9,32,6,65,0,0,41,0,41,18,9,73,6,106,30,0,30,136
09/23/2017,MFE,TX,ASW,CE,Federal Contract Tower,15,6,17,5,43,0,0,34,1,35,15,6,51,6,78,22,0,22,100
09/24/2017,MFE,TX,ASW,CE,Federal Contract Tower,25,1,12,20,58,0,0,42,5,47,25,1,54,25,105,14,18,32,137
09/25/2017,MFE,TX,ASW,CE,Federal Contract Tower,23,4,20,29,76,0,0,64,7,71,23,4,84,36,147,24,0,24,171
09/26/2017,MFE,TX,ASW,CE,Federal Contract Tower,18,11,22,33,84,0,0,38,0,38,18,11,60,33,122,12,0,12,134
09/27/2017,MFE,TX,ASW,CE,Federal Contract Tower,19,8,21,8,56,0,0,25,1,26,19,8,46,9,82,4,0,4,86
09/28/2017,MFE,TX,ASW,CE,Federal Contract Tower,21,14,18,21,74,0,0,16,1,17,21,14,34,22,91,4,0,4,95
09/29/2017,MFE,TX,ASW,CE,Federal Contract Tower,20,11,39,2,72,0,0,51,0,51,20,11,90,2,123,68,0,68,191
09/30/2017,MFE,TX,ASW,CE,Federal Contract Tower,18,4,7,8,37,0,0,38,0,38,18,4,45,8,75,48,0,48,123
10/01/2017,MFE,TX,ASW,CE,Federal Contract Tower,24,3,14,12,53,0,0,27,0,27,24,3,41,12,80,12,0,12,92
10/02/2017,MFE,TX,ASW,CE,Federal Contract Tower,21,8,29,21,79,0,0,35,0,35,21,8,64,21,114,0,0,0,114
10/03/2017,MFE,TX,ASW,CE,Federal Contract Tower,18,14,32,2,66,0,0,41,0,41,18,14,73,2,107,68,0,68,175
10/04/2017,MFE,TX,ASW,CE,Federal Contract Tower,18,16,28,14,76,0,0,32,0,32,18,16,60,14,108,10,0,10,118
10/05/2017,MFE,TX,ASW,CE,Federal Contract Tower,28,17,41,20,106,0,0,38,0,38,28,17,79,20,144,23,0,23,167
10/06/2017,MFE,TX,ASW,CE,Federal Contract Tower,22,14,30,21,87,0,0,78,1,79,22,14,108,22,166,44,0,44,210
10/07/2017,MFE,TX,ASW,CE,Federal Contract Tower,16,7,16,10,49,0,0,51,0,51,16,7,67,10,100,22,0,22,122
10/08/2017,MFE,TX,ASW,CE,Federal Contract Tower,26,3,20,4,53,0,0,35,0,35,26,3,55,4,88,18,0,18,106
10/09/2017,MFE,TX,ASW,CE,Federal Contract Tower,22,8,20,0,50,0,0,49,0,49,22,8,69,0,99,54,0,54,153
10/10/2017,MFE,TX,ASW,CE,Federal Contract Tower,15,11,28,0,54,0,0,7,0,7,15,11,35,0,61,6,0,6,67
10/11/2017,MFE,TX,ASW,CE,Federal Contract Tower,20,13,28,0,61,0,0,28,0,28,20,13,56,0,89,2,0,2,91
10/12/2017,MFE,TX,ASW,CE,Federal Contract Tower,20,11,38,16,85,0,0,61,0,61,20,11,99,16,146,56,0,56,202
10/13/2017,MFE,TX,ASW,CE,Federal Contract Tower,21,11,30,4,66,0,0,51,0,51,21,11,81,4,117,32,0,32,149
10/14/2017,MFE,TX,ASW,CE,Federal Contract Tower,19,4,17,14,54,0,0,38,1,39,19,4,55,15,93,30,10,40,133
10/15/2017,MFE,TX,ASW,CE,Federal Contract Tower,21,3,22,22,68,0,0,52,2,54,21,3,74,24,122,4,4,8,130
10/16/2017,MFE,TX,ASW,CE,Federal Contract Tower,19,12,40,29,100,0,1,39,0,40,19,13,79,29,140,82,0,82,222
10/17/2017,MFE,TX,ASW,CE,Federal Contract Tower,14,13,25,17,69,0,0,60,3,63,14,13,85,20,132,22,0,22,154
10/18/2017,MFE,TX,ASW,CE,Federal Contract Tower,20,10,30,34,94,0,0,75,6,81,20,10,105,40,175,58,46,104,279
10/19/2017,MFE,TX,ASW,CE,Federal Contract Tower,23,13,38,23,97,0,0,83,0,83,23,13,121,23,180,22,0,22,202
10/20/2017,MFE,TX,ASW,CE,Federal Contract Tower,21,15,27,8,71,0,0,75,0,75,21,15,102,8,146,76,0,76,222
10/21/2017,MFE,TX,ASW,CE,Federal Contract Tower,20,4,11,5,40,0,0,53,1,54,20,4,64,6,94,0,0,0,94
10/22/2017,MFE,TX,ASW,CE,Federal Contract Tower,21,8,23,0,52,0,0,23,0,23,21,8,46,0,75,0,0,0,75
10/23/2017,MFE,TX,ASW,CE,Federal Contract Tower,19,13,38,36,106,0,0,76,4,80,19,13,114,40,186,62,0,62,248
10/24/2017,MFE,TX,ASW,CE,Federal Contract Tower,18,14,34,18,84,0,0,50,2,52,18,14,84,20,136,8,0,8,144
10/25/2017,MFE,TX,ASW,CE,Federal Contract Tower,24,11,36,20,91,0,0,65,0,65,24,11,101,20,156,26,0,26,182
10/26/2017,MFE,TX,ASW,CE,Federal Contract Tower,23,12,25,12,72,0,0,59,0,59,23,12,84,12,131,12,0,12,143
10/27/2017,MFE,TX,ASW,CE,Federal Contract Tower,22,19,20,15,76,0,0,47,4,51,22,19,67,19,127,14,0,14,141
10/28/2017,MFE,TX,ASW,CE,Federal Contract Tower,14,3,13,5,35,0,0,49,2,51,14,3,62,7,86,2,12,14,100
10/29/2017,MFE,TX,ASW,CE,Federal Contract Tower,25,7,20,8,60,0,0,45,0,45,25,7,65,8,105,32,0,32,137
10/30/2017,MFE,TX,ASW,CE,Federal Contract Tower,24,7,35,33,99,0,0,55,1,56,24,7,90,34,155,10,0,10,165
10/31/2017,MFE,TX,ASW,CE,Federal Contract Tower,18,10,23,43,94,0,0,21,2,23,18,10,44,45,117,20,18,38,155
11/01/2017,MFE,TX,ASW,CE,Federal Contract Tower,26,17,38,48,129,0,1,71,7,79,26,18,109,55,208,60,32,92,300
11/02/2017,MFE,TX,ASW,CE,Federal Contract Tower,25,13,38,28,104,0,0,73,1,74,25,13,111,29,178,38,0,38,216
11/03/2017,MFE,TX,ASW,CE,Federal Contract Tower,25,10,26,25,86,0,0,51,7,58,25,10,77,32,144,32,6,38,182
11/04/2017,MFE,TX,ASW,CE,Federal Contract Tower,20,2,14,20,56,0,0,47,6,53,20,2,61,26,109,24,14,38,147
11/05/2017,MFE,TX,ASW,CE,Federal Contract Tower,23,8,18,0,49,0,0,53,0,53,23,8,71,0,102,26,0,26,128
11/06/2017,MFE,TX,ASW,CE,Federal Contract Tower,25,12,45,37,119,0,0,57,5,62,25,12,102,42,181,16,8,24,205
11/07/2017,MFE,TX,ASW,CE,Federal Contract Tower,28,7,23,36,94,0,0,66,1,67,28,7,89,37,161,16,30,46,207
11/08/2017,MFE,TX,ASW,CE,Federal Contract Tower,21,11,54,17,103,0,0,34,1,35,21,11,88,18,138,24,0,24,162
11/09/2017,MFE,TX,ASW,CE,Federal Contract Tower,30,11,46,52,139,0,0,12,0,12,30,11,58,52,151,18,0,18,169
11/10/2017,MFE,TX,ASW,CE,Federal Contract Tower,23,16,40,6,85,0,0,1,0,1,23,16,41,6,86,0,0,0,86
11/11/2017,MFE,TX,ASW,CE,Federal Contract Tower,18,3,24,0,45,0,0,13,0,13,18,3,37,0,58,16,0,16,74
11/12/2017,MFE,TX,ASW,CE,Federal Contract Tower,25,2,22,0,49,0,0,30,0,30,25,2,52,0,79,0,0,0,79
11/13/2017,MFE,TX,ASW,CE,Federal Contract Tower,19,5,37,24,85,9,0,27,0,36,28,5,64,24,121,0,0,0,121
11/14/2017,MFE,TX,ASW,CE,Federal Contract Tower,23,18,28,39,108,0,0,63,3,66,23,18,91,42,174,72,16,88,262
11/15/2017,MFE,TX,ASW,CE,Federal Contract Tower,22,12,51,18,103,0,0,64,2,66,22,12,115,20,169,28,18,46,215
11/16/2017,MFE,TX,ASW,CE,Federal Contract Tower,30,14,37,16,97,0,0,39,2,41,30,14,76,18,138,8,0,8,146
11/17/2017,MFE,TX,ASW,CE,Federal Contract Tower,27,9,45,2,83,0,0,67,0,67,27,9,112,2,150,6,0,6,156
11/18/2017,MFE,TX,ASW,CE,Federal Contract Tower,21,3,13,1,38,0,0,66,2,68,21,3,79,3,106,12,8,20,126
11/19/2017,MFE,TX,ASW,CE,Federal Contract Tower,23,4,22,4,53,0,0,39,0,39,23,4,61,4,92,20,0,20,112
11/20/2017,MFE,TX,ASW,CE,Federal Contract Tower,26,7,36,14,83,0,0,42,0,42,26,7,78,14,125,34,8,42,167
11/21/2017,MFE,TX,ASW,CE,Federal Contract Tower,24,10,24,33,91,0,0,74,0,74,24,10,98,33,165,10,0,10,175
11/22/2017,MFE,TX,ASW,CE,Federal Contract Tower,25,11,36,18,90,0,0,50,0,50,25,11,86,18,140,24,0,24,164
11/23/2017,MFE,TX,ASW,CE,Federal Contract Tower,15,7,17,0,39,0,0,41,0,41,15,7,58,0,80,0,0,0,80
11/24/2017,MFE,TX,ASW,CE,Federal Contract Tower,18,11,17,0,46,0,0,37,0,37,18,11,54,0,83,20,0,20,103
11/25/2017,MFE,TX,ASW,CE,Federal Contract Tower,24,3,17,0,44,0,0,48,0,48,24,3,65,0,92,22,0,22,114
11/26/2017,MFE,TX,ASW,CE,Federal Contract Tower,26,5,24,0,55,0,0,32,0,32,26,5,56,0,87,0,0,0,87
11/27/2017,MFE,TX,ASW,CE,Federal Contract Tower,21,9,31,21,82,0,0,55,0,55,21,9,86,21,137,16,0,16,153
11/28/2017,MFE,TX,ASW,CE,Federal Contract Tower,20,7,39,38,104,0,0,52,2,54,20,7,91,40,158,12,6,18,176
11/29/2017,MFE,TX,ASW,CE,Federal Contract Tower,24,17,29,16,86,0,0,48,2,50,24,17,77,18,136,46,0,46,182
11/30/2017,MFE,TX,ASW,CE,Federal Contract Tower,26,13,42,20,101,0,0,55,4,59,26,13,97,24,160,40,0,40,200
12/01/2017,MFE,TX,ASW,CE,Federal Contract Tower,22,9,41,23,95,0,0,56,0,56,22,9,97,23,151,30,10,40,191
12/02/2017,MFE,TX,ASW,CE,Federal Contract Tower,19,4,18,8,49,0,0,64,0,64,19,4,82,8,113,22,0,22,135
12/03/2017,MFE,TX,ASW,CE,Federal Contract Tower,27,4,25,2,58,0,0,26,2,28,27,4,51,4,86,0,20,20,106
12/04/2017,MFE,TX,ASW,CE,Federal Contract Tower,21,8,37,14,80,0,0,41,1,42,21,8,78,15,122,8,0,8,130
12/05/2017,MFE,TX,ASW,CE,Federal Contract Tower,17,13,24,41,95,0,0,39,2,41,17,13,63,43,136,0,0,0,136
12/06/2017,MFE,TX,ASW,CE,Federal Contract Tower,21,16,47,39,123,0,0,0,0,0,21,16,47,39,123,0,0,0,123
12/07/2017,MFE,TX,ASW,CE,Federal Contract Tower,24,17,25,0,66,0,0,0,0,0,24,17,25,0,66,0,0,0,66
12/08/2017,MFE,TX,ASW,CE,Federal Contract Tower,22,13,28,0,63,0,0,21,0,21,22,13,49,0,84,0,0,0,84
12/09/2017,MFE,TX,ASW,CE,Federal Contract Tower,20,0,19,4,43,0,0,53,0,53,20,0,72,4,96,18,0,18,114
12/10/2017,MFE,TX,ASW,CE,Federal Contract Tower,28,2,17,4,51,0,0,56,0,56,28,2,73,4,107,0,0,0,107
12/11/2017,MFE,TX,ASW,CE,Federal Contract Tower,19,17,37,23,96,0,0,86,0,86,19,17,123,23,182,36,0,36,218
12/12/2017,MFE,TX,ASW,CE,Federal Contract Tower,21,11,23,12,67,0,0,86,0,86,21,11,109,12,153,42,0,42,195
12/13/2017,MFE,TX,ASW,CE,Federal Contract Tower,27,11,39,44,121,0,1,80,1,82,27,12,119,45,203,24,0,24,227
12/14/2017,MFE,TX,ASW,CE,Federal Contract Tower,28,15,38,6,87,0,0,59,0,59,28,15,97,6,146,12,0,12,158
12/15/2017,MFE,TX,ASW,CE,Federal Contract Tower,20,14,32,3,69,0,0,29,0,29,20,14,61,3,98,0,0,0,98
12/16/2017,MFE,TX,ASW,CE,Federal Contract Tower,21,12,13,7,53,0,0,6,0,6,21,12,19,7,59,0,0,0,59
12/17/2017,MFE,TX,ASW,CE,Federal Contract Tower,21,9,31,2,63,0,0,7,0,7,21,9,38,2,70,0,0,0,70
12/18/2017,MFE,TX,ASW,CE,Federal Contract Tower,22,18,51,16,107,0,0,0,0,0,22,18,51,16,107,0,0,0,107
12/19/2017,MFE,TX,ASW,CE,Federal Contract Tower,26,27,30,2,85,0,0,49,0,49,26,27,79,2,134,18,0,18,152
12/20/2017,MFE,TX,ASW,CE,Federal Contract Tower,22,24,62,22,130,0,0,75,0,75,22,24,137,22,205,42,0,42,247
12/21/2017,MFE,TX,ASW,CE,Federal Contract Tower,24,26,48,14,112,0,0,43,3,46,24,26,91,17,158,38,0,38,196
12/22/2017,MFE,TX,ASW,CE,Federal Contract Tower,19,12,44,18,93,0,0,38,2,40,19,12,82,20,133,26,0,26,159
12/23/2017,MFE,TX,ASW,CE,Federal Contract Tower,18,16,24,0,58,0,0,45,0,45,18,16,69,0,103,22,0,22,125
12/24/2017,MFE,TX,ASW,CE,Federal Contract Tower,19,5,4,0,28,0,0,35,0,35,19,5,39,0,63,0,0,0,63
12/25/2017,MFE,TX,ASW,CE,Federal Contract Tower,15,6,9,0,30,0,0,12,0,12,15,6,21,0,42,0,0,0,42
12/26/2017,MFE,TX,ASW,CE,Federal Contract Tower,18,19,22,0,59,0,0,13,0,13,18,19,35,0,72,0,0,0,72
12/27/2017,MFE,TX,ASW,CE,Federal Contract Tower,20,7,33,0,60,0,0,0,0,0,20,7,33,0,60,0,0,0,60
12/28/2017,MFE,TX,ASW,CE,Federal Contract Tower,24,8,34,4,70,0,0,0,0,0,24,8,34,4,70,0,0,0,70
12/29/2017,MFE,TX,ASW,CE,Federal Contract Tower,19,8,37,4,68,0,0,0,0,0,19,8,37,4,68,0,0,0,68
12/30/2017,MFE,TX,ASW,CE,Federal Contract Tower,22,7,28,0,57,0,0,10,0,10,22,7,38,0,67,14,0,14,81
12/31/2017,MFE,TX,ASW,CE,Federal Contract Tower,12,6,10,0,28,0,0,1,0,1,12,6,11,0,29,0,0,0,29
01/01/2018,MFE,TX,ASW,CE,Federal Contract Tower,18,3,12,0,33,0,0,13,0,13,18,3,25,0,46,0,0,0,46
01/02/2018,MFE,TX,ASW,CE,Federal Contract Tower,16,14,28,0,58,0,0,11,0,11,16,14,39,0,69,14,0,14,83
01/03/2018,MFE,TX,ASW,CE,Federal Contract Tower,20,9,28,0,57,0,0,61,0,61,20,9,89,0,118,22,0,22,140
01/04/2018,MFE,TX,ASW,CE,Federal Contract Tower,22,17,30,14,83,0,0,63,7,70,22,17,93,21,153,18,0,18,171
01/05/2018,MFE,TX,ASW,CE,Federal Contract Tower,16,10,20,30,76,0,0,44,10,54,16,10,64,40,130,0,0,0,130
01/06/2018,MFE,TX,ASW,CE,Federal Contract Tower,15,3,19,20,57,0,0,48,3,51,15,3,67,23,108,18,0,18,126
01/07/2018,MFE,TX,ASW,CE,Federal Contract Tower,20,5,25,14,64,0,0,32,7,39,20,5,57,21,103,10,0,10,113
01/08/2018,MFE,TX,ASW,CE,Federal Contract Tower,22,13,26,16,77,0,0,47,2,49,22,13,73,18,126,14,6,20,146
01/09/2018,MFE,TX,ASW,CE,Federal Contract Tower,17,12,32,38,99,0,0,48,0,48,17,12,80,38,147,10,0,10,157
01/10/2018,MFE,TX,ASW,CE,Federal Contract Tower,20,19,27,36,102,0,0,31,2,33,20,19,58,38,135,28,10,38,173
01/11/2018,MFE,TX,ASW,CE,Federal Contract Tower,23,15,29,40,107,0,0,38,6,44,23,15,67,46,151,0,0,0,151
01/12/2018,MFE,TX,ASW,CE,Federal Contract Tower,23,12,39,10,84,0,0,50,3,53,23,12,89,13,137,8,0,8,145
01/13/2018,MFE,TX,ASW,CE,Federal Contract Tower,15,8,13,14,50,0,0,41,0,41,15,8,54,14,91,12,0,12,103
01/14/2018,MFE,TX,ASW,CE,Federal Contract Tower,22,8,12,8,50,0,0,31,4,35,22,8,43,12,85,14,0,14,99
01/15/2018,MFE,TX,ASW,CE,Federal Contract Tower,24,13,28,0,65,0,0,45,0,45,24,13,73,0,110,0,0,0,110
01/16/2018,MFE,TX,ASW,CE,Federal Contract Tower,10,4,8,0,22,0,0,2,0,2,10,4,10,0,24,0,0,0,24
01/17/2018,MFE,TX,ASW,CE,Federal Contract Tower,16,16,23,1,56,0,0,32,2,34,16,16,55,3,90,8,0,8,98
01/18/2018,MFE,TX,ASW,CE,Federal Contract Tower,23,8,30,17,78,0,0,5,0,5,23,8,35,17,83,0,0,0,83
01/19/2018,MFE,TX,ASW,CE,Federal Contract Tower,21,10,29,18,78,0,0,13,0,13,21,10,42,18,91,16,0,16,107
01/20/2018,MFE,TX,ASW,CE,Federal Contract Tower,15,2,20,2,39,0,0,44,0,44,15,2,64,2,83,16,0,16,99
01/21/2018,MFE,TX,ASW,CE,Federal Contract Tower,18,9,14,1,42,0,0,13,1,14,18,9,27,2,56,2,0,2,58
01/22/2018,MFE,TX,ASW,CE,Federal Contract Tower,23,9,26,20,78,0,0,61,0,61,23,9,87,20,139,74,0,74,213
01/23/2018,MFE,TX,ASW,CE,Federal Contract Tower,19,15,32,14,80,0,0,54,0,54,19,15,86,14,134,12,0,12,146
01/24/2018,MFE,TX,ASW,CE,Federal Contract Tower,18,11,32,10,71,0,0,47,0,47,18,11,79,10,118,60,0,60,178
01/25/2018,MFE,TX,ASW,CE,Federal Contract Tower,22,15,38,12,87,0,0,62,0,62,22,15,100,12,149,14,0,14,163
01/26/2018,MFE,TX,ASW,CE,Federal Contract Tower,22,13,40,1,76,0,0,28,0,28,22,13,68,1,104,22,0,22,126
01/27/2018,MFE,TX,ASW,CE,Federal Contract Tower,13,10,12,7,42,0,0,7,0,7,13,10,19,7,49,26,0,26,75
01/28/2018,MFE,TX,ASW,CE,Federal Contract Tower,19,8,21,2,50,0,0,4,0,4,19,8,25,2,54,6,0,6,60
01/29/2018,MFE,TX,ASW,CE,Federal Contract Tower,23,6,31,9,69,0,0,66,1,67,23,6,97,10,136,38,8,46,182
01/30/2018,MFE,TX,ASW,CE,Federal Contract Tower,17,4,31,4,56,0,0,81,0,81,17,4,112,4,137,32,0,32,169
01/31/2018,MFE,TX,ASW,CE,Federal Contract Tower,19,17,42,25,103,0,0,75,1,76,19,17,117,26,179,34,0,34,213
02/01/2018,MFE,TX,ASW,CE,Federal Contract Tower,21,12,49,7,89,0,0,72,1,73,21,12,121,8,162,0,4,4,166
02/02/2018,MFE,TX,ASW,CE,Federal Contract Tower,21,16,27,25,89,0,0,43,0,43,21,16,70,25,132,54,0,54,186
02/03/2018,MFE,TX,ASW,CE,Federal Contract Tower,15,9,22,5,51,0,0,26,0,26,15,9,48,5,77,36,0,36,113
02/04/2018,MFE,TX,ASW,CE,Federal Contract Tower,15,12,10,2,39,0,1,47,0,48,15,13,57,2,87,24,0,24,111
02/05/2018,MFE,TX,ASW,CE,Federal Contract Tower,23,9,31,0,63,0,0,3,0,3,23,9,34,0,66,0,0,0,66
02/06/2018,MFE,TX,ASW,CE,Federal Contract Tower,18,8,25,43,94,0,0,41,5,46,18,8,66,48,140,16,86,102,242
02/07/2018,MFE,TX,ASW,CE,Federal Contract Tower,15,20,19,28,82,0,0,0,0,0,15,20,19,28,82,0,0,0,82
02/08/2018,MFE,TX,ASW,CE,Federal Contract Tower,18,22,45,24,109,0,0,38,0,38,18,22,83,24,147,16,0,16,163
02/09/2018,MFE,TX,ASW,CE,Federal Contract Tower,23,9,39,4,75,0,0,3,0,3,23,9,42,4,78,0,0,0,78
02/10/2018,MFE,TX,ASW,CE,Federal Contract Tower,13,6,20,6,45,0,0,45,0,45,13,6,65,6,90,36,0,36,126
02/11/2018,MFE,TX,ASW,CE,Federal Contract Tower,18,7,26,27,78,0,0,2,0,2,18,7,28,27,80,0,0,0,80
02/12/2018,MFE,TX,ASW,CE,Federal Contract Tower,19,8,33,36,96,0,0,31,1,32,19,8,64,37,128,10,36,46,174
02/13/2018,MFE,TX,ASW,CE,Federal Contract Tower,17,16,24,22,79,0,0,0,0,0,17,16,24,22,79,0,0,0,79
02/14/2018,MFE,TX,ASW,CE,Federal Contract Tower,25,16,35,14,90,0,0,26,1,27,25,16,61,15,117,18,0,18,135
02/15/2018,MFE,TX,ASW,CE,Federal Contract Tower,17,18,44,37,116,0,0,43,3,46,17,18,87,40,162,32,8,40,202
02/16/2018,MFE,TX,ASW,CE,Federal Contract Tower,21,13,53,5,92,0,0,45,0,45,21,13,98,5,137,42,0,42,179
02/17/2018,MFE,TX,ASW,CE,Federal Contract Tower,21,4,14,6,45,0,0,41,0,41,21,4,55,6,86,20,0,20,106
02/18/2018,MFE,TX,ASW,CE,Federal Contract Tower,24,7,16,7,54,0,0,22,0,22,24,7,38,7,76,0,4,4,80
02/19/2018,MFE,TX,ASW,CE,Federal Contract Tower,15,15,21,6,57,0,0,22,0,22,15,15,43,6,79,0,0,0,79
02/20/2018,MFE,TX,ASW,CE,Federal Contract Tower,12,10,30,20,72,0,0,25,1,26,12,10,55,21,98,8,2,10,108
02/21/2018,MFE,TX,ASW,CE,Federal Contract Tower,21,16,48,18,103,0,0,35,0,35,21,16,83,18,138,52,18,70,208
02/22/2018,MFE,TX,ASW,CE,Federal Contract Tower,18,17,38,16,89,0,0,0,0,0,18,17,38,16,89,0,0,0,89
02/23/2018,MFE,TX,ASW,CE,Federal Contract Tower,20,14,39,22,95,0,0,33,0,33,20,14,72,22,128,12,0,12,140
02/24/2018,MFE,TX,ASW,CE,Federal Contract Tower,13,7,10,21,51,0,0,35,0,35,13,7,45,21,86,10,0,10,96
02/25/2018,MFE,TX,ASW,CE,Federal Contract Tower,19,11,27,26,83,0,0,26,3,29,19,11,53,29,112,44,0,44,156
02/26/2018,MFE,TX,ASW,CE,Federal Contract Tower,20,16,34,6,76,0,0,0,0,0,20,16,34,6,76,0,0,0,76
02/27/2018,MFE,TX,ASW,CE,Federal Contract Tower,18,15,22,42,97,0,0,48,1,49,18,15,70,43,146,23,22,45,191
02/28/2018,MFE,TX,ASW,CE,Federal Contract Tower,16,16,37,10,79,0,0,67,12,79,16,16,104,22,158,2,12,14,172
03/01/2018,MFE,TX,ASW,CE,Federal Contract Tower,17,23,32,31,103,0,0,70,4,74,17,23,102,35,177,20,0,20,197
03/02/2018,MFE,TX,ASW,CE,Federal Contract Tower,24,10,31,17,82,0,0,66,0,66,24,10,97,17,148,36,8,44,192
03/03/2018,MFE,TX,ASW,CE,Federal Contract Tower,20,2,13,14,49,0,0,26,0,26,20,2,39,14,75,38,0,38,113
03/04/2018,MFE,TX,ASW,CE,Federal Contract Tower,19,4,12,31,66,0,0,41,9,50,19,4,53,40,116,12,8,20,136
03/05/2018,MFE,TX,ASW,CE,Federal Contract Tower,22,8,20,32,82,0,0,46,4,50,22,8,66,36,132,42,26,68,200
03/06/2018,MFE,TX,ASW,CE,Federal Contract Tower,21,9,29,29,88,0,0,28,0,28,21,9,57,29,116,0,0,0,116
03/07/2018,MFE,TX,ASW,CE,Federal Contract Tower,19,9,36,24,88,0,0,67,2,69,19,9,103,26,157,34,0,34,191
03/08/2018,MFE,TX,ASW,CE,Federal Contract Tower,21,14,42,24,101,0,0,60,0,60,21,14,102,24,161,42,0,42,203
03/09/2018,MFE,TX,ASW,CE,Federal Contract Tower,21,17,49,14,101,0,0,27,2,29,21,17,76,16,130,12,10,22,152
03/10/2018,MFE,TX,ASW,CE,Federal Contract Tower,13,9,11,4,37,0,0,62,0,62,13,9,73,4,99,36,0,36,135
03/11/2018,MFE,TX,ASW,CE,Federal Contract Tower,15,9,20,12,56,0,0,45,0,45,15,9,65,12,101,8,0,8,109
03/12/2018,MFE,TX,ASW,CE,Federal Contract Tower,20,12,24,16,72,0,0,62,0,62,20,12,86,16,134,30,0,30,164
03/13/2018,MFE,TX,ASW,CE,Federal Contract Tower,18,12,25,13,68,0,0,54,0,54,18,12,79,13,122,16,0,16,138
03/14/2018,MFE,TX,ASW,CE,Federal Contract Tower,19,14,31,24,88,0,0,70,5,75,19,14,101,29,163,40,0,40,203
03/15/2018,MFE,TX,ASW,CE,Federal Contract Tower,21,13,42,13,89,0,0,41,0,41,21,13,83,13,130,20,0,20,150
03/16/2018,MFE,TX,ASW,CE,Federal Contract Tower,23,9,36,4,72,0,0,62,2,64,23,9,98,6,136,2,0,2,138
03/17/2018,MFE,TX,ASW,CE,Federal Contract Tower,12,8,16,2,38,0,0,48,0,48,12,8,64,2,86,70,0,70,156
03/19/2018,MFE,TX,ASW,CE,Federal Contract Tower,21,21,34,13,89,0,0,35,1,36,21,21,69,14,125,18,0,18,143
03/20/2018,MFE,TX,ASW,CE,Federal Contract Tower,18,12,34,28,92,0,0,49,0,49,18,12,83,28,141,80,0,80,221
03/21/2018,MFE,TX,ASW,CE,Federal Contract Tower,18,14,34,29,95,0,0,77,3,80,18,14,111,32,175,64,0,64,239
03/22/2018,MFE,TX,ASW,CE,Federal Contract Tower,22,13,38,41,114,0,0,40,0,40,22,13,78,41,154,48,0,48,202
03/23/2018,MFE,TX,ASW,CE,Federal Contract Tower,21,15,37,12,85,0,0,39,1,40,21,15,76,13,125,26,0,26,151
03/24/2018,MFE,TX,ASW,CE,Federal Contract Tower,11,8,27,17,63,0,0,54,12,66,11,8,81,29,129,64,0,64,193
03/25/2018,MFE,TX,ASW,CE,Federal Contract Tower,20,12,14,3,49,0,0,41,4,45,20,12,55,7,94,12,0,12,106
03/26/2018,MFE,TX,ASW,CE,Federal Contract Tower,21,15,27,19,82,0,0,45,4,49,21,15,72,23,131,40,0,40,171
03/27/2018,MFE,TX,ASW,CE,Federal Contract Tower,21,16,29,20,86,0,0,50,1,51,21,16,79,21,137,10,0,10,147
03/28/2018,MFE,TX,ASW,CE,Federal Contract Tower,17,12,45,24,98,0,0,46,2,48,17,12,91,26,146,100,0,100,246
03/29/2018,MFE,TX,ASW,CE,Federal Contract Tower,23,8,45,20,96,0,0,66,2,68,23,8,111,22,164,66,0,66,230
03/30/2018,MFE,TX,ASW,CE,Federal Contract Tower,18,13,15,16,62,0,0,60,0,60,18,13,75,16,122,56,0,56,178
03/31/2018,MFE,TX,ASW,CE,Federal Contract Tower,12,14,22,2,50,0,0,61,0,61,12,14,83,2,111,48,0,48,159
04/01/2018,MFE,TX,ASW,CE,Federal Contract Tower,17,6,23,0,46,0,0,32,0,32,17,6,55,0,78,8,0,8,86
04/02/2018,MFE,TX,ASW,CE,Federal Contract Tower,17,13,35,35,100,0,0,31,10,41,17,13,66,45,141,0,18,18,159
04/03/2018,MFE,TX,ASW,CE,Federal Contract Tower,21,8,33,63,125,0,0,57,6,63,21,8,90,69,188,28,6,34,222
04/04/2018,MFE,TX,ASW,CE,Federal Contract Tower,23,14,36,34,107,0,0,37,1,38,23,14,73,35,145,12,4,16,161
04/05/2018,MFE,TX,ASW,CE,Federal Contract Tower,24,13,61,18,116,0,0,34,0,34,24,13,95,18,150,20,0,20,170
04/06/2018,MFE,TX,ASW,CE,Federal Contract Tower,23,12,24,34,93,0,0,42,5,47,23,12,66,39,140,0,0,0,140
04/07/2018,MFE,TX,ASW,CE,Federal Contract Tower,14,6,18,6,44,0,0,10,0,10,14,6,28,6,54,14,0,14,68
04/08/2018,MFE,TX,ASW,CE,Federal Contract Tower,20,4,18,9,51,0,0,47,5,52,20,4,65,14,103,24,0,24,127
04/09/2018,MFE,TX,ASW,CE,Federal Contract Tower,17,15,21,10,63,0,0,35,0,35,17,15,56,10,98,42,0,42,140
04/10/2018,MFE,TX,ASW,CE,Federal Contract Tower,20,6,25,22,73,0,0,19,0,19,20,6,44,22,92,0,0,0,92
04/11/2018,MFE,TX,ASW,CE,Federal Contract Tower,21,9,23,19,72,0,0,83,0,83,21,9,106,19,155,62,0,62,217
04/12/2018,MFE,TX,ASW,CE,Federal Contract Tower,26,11,42,28,107,0,0,48,2,50,26,11,90,30,157,14,6,20,177
04/13/2018,MFE,TX,ASW,CE,Federal Contract Tower,17,13,37,9,76,0,0,60,0,60,17,13,97,9,136,6,0,6,142
04/14/2018,MFE,TX,ASW,CE,Federal Contract Tower,13,5,13,24,55,0,0,48,5,53,13,5,61,29,108,6,0,6,114
04/15/2018,MFE,TX,ASW,CE,Federal Contract Tower,19,4,16,2,41,0,0,49,2,51,19,4,65,4,92,2,32,34,126
04/16/2018,MFE,TX,ASW,CE,Federal Contract Tower,24,9,26,35,94,0,0,62,9,71,24,9,88,44,165,62,8,70,235
04/17/2018,MFE,TX,ASW,CE,Federal Contract Tower,22,6,20,20,68,0,0,58,4,62,22,6,78,24,130,10,0,10,140
04/18/2018,MFE,TX,ASW,CE,Federal Contract Tower,19,13,29,22,83,0,0,68,1,69,19,13,97,23,152,8,4,12,164
04/19/2018,MFE,TX,ASW,CE,Federal Contract Tower,22,6,53,47,128,0,0,43,1,44,22,6,96,48,172,4,0,4,176
04/20/2018,MFE,TX,ASW,CE,Federal Contract Tower,25,12,28,14,79,0,0,57,0,57,25,12,85,14,136,64,8,72,208
04/21/2018,MFE,TX,ASW,CE,Federal Contract Tower,16,6,27,24,73,0,0,42,0,42,16,6,69,24,115,66,0,66,181
04/22/2018,MFE,TX,ASW,CE,Federal Contract Tower,18,10,16,32,76,0,0,30,0,30,18,10,46,32,106,12,0,12,118
04/23/2018,MFE,TX,ASW,CE,Federal Contract Tower,23,17,27,29,96,0,0,39,1,40,23,17,66,30,136,0,10,10,146
04/24/2018,MFE,TX,ASW,CE,Federal Contract Tower,19,9,32,34,94,0,0,63,8,71,19,9,95,42,165,14,0,14,179
04/25/2018,MFE,TX,ASW,CE,Federal Contract Tower,21,16,37,24,98,0,0,61,2,63,21,16,98,26,161,28,0,28,189
04/26/2018,MFE,TX,ASW,CE,Federal Contract Tower,23,18,26,16,83,0,0,36,4,40,23,18,62,20,123,42,0,42,165
04/27/2018,MFE,TX,ASW,CE,Federal Contract Tower,25,11,33,4,73,0,0,45,3,48,25,11,78,7,121,12,0,12,133
04/28/2018,MFE,TX,ASW,CE,Federal Contract Tower,17,9,11,8,45,0,0,40,2,42,17,9,51,10,87,0,0,0,87
04/29/2018,MFE,TX,ASW,CE,Federal Contract Tower,19,5,13,10,47,0,0,23,6,29,19,5,36,16,76,0,14,14,90
04/30/2018,MFE,TX,ASW,CE,Federal Contract Tower,20,12,25,26,83,0,0,0,0,0,20,12,25,26,83,16,0,16,99
05/01/2018,MFE,TX,ASW,CE,Federal Contract Tower,19,8,37,56,120,0,0,45,0,45,19,8,82,56,165,72,4,76,241
05/02/2018,MFE,TX,ASW,CE,Federal Contract Tower,22,9,40,29,100,0,0,37,2,39,22,9,77,31,139,6,12,18,157
05/03/2018,MFE,TX,ASW,CE,Federal Contract Tower,18,15,21,17,71,0,0,41,1,42,18,15,62,18,113,0,0,0,113
05/04/2018,MFE,TX,ASW,CE,Federal Contract Tower,22,14,43,19,98,0,0,45,1,46,22,14,88,20,144,38,0,38,182
05/05/2018,MFE,TX,ASW,CE,Federal Contract Tower,17,6,9,6,38,0,0,33,1,34,17,6,42,7,72,54,0,54,126
05/06/2018,MFE,TX,ASW,CE,Federal Contract Tower,18,9,15,10,52,0,0,43,1,44,18,9,58,11,96,38,0,38,134
05/07/2018,MFE,TX,ASW,CE,Federal Contract Tower,22,7,29,17,75,0,0,52,1,53,22,7,81,18,128,6,10,16,144
05/08/2018,MFE,TX,ASW,CE,Federal Contract Tower,19,4,31,16,70,0,0,51,13,64,19,4,82,29,134,10,4,14,148
05/09/2018,MFE,TX,ASW,CE,Federal Contract Tower,21,10,35,18,84,0,1,64,4,69,21,11,99,22,153,18,0,18,171
05/10/2018,MFE,TX,ASW,CE,Federal Contract Tower,22,14,37,22,95,0,0,69,1,70,22,14,106,23,165,32,0,32,197
05/11/2018,MFE,TX,ASW,CE,Federal Contract Tower,21,13,25,11,70,0,0,62,4,66,21,13,87,15,136,28,0,28,164
05/12/2018,MFE,TX,ASW,CE,Federal Contract Tower,12,11,10,18,51,0,0,40,0,40,12,11,50,18,91,44,0,44,135
05/13/2018,MFE,TX,ASW,CE,Federal Contract Tower,20,3,25,6,54,0,1,22,3,26,20,4,47,9,80,12,0,12,92
05/14/2018,MFE,TX,ASW,CE,Federal Contract Tower,24,9,30,49,112,0,0,58,6,64,24,9,88,55,176,10,10,20,196
05/15/2018,MFE,TX,ASW,CE,Federal Contract Tower,19,9,34,43,105,0,0,79,10,89,19,9,113,53,194,42,10,52,246
05/16/2018,MFE,TX,ASW,CE,Federal Contract Tower,22,10,55,16,103,0,0,77,3,80,22,10,132,19,183,104,12,116,299
05/17/2018,MFE,TX,ASW,CE,Federal Contract Tower,30,7,35,17,89,0,0,67,4,71,30,7,102,21,160,20,14,34,194
05/18/2018,MFE,TX,ASW,CE,Federal Contract Tower,23,4,26,9,62,0,0,50,0,50,23,4,76,9,112,18,0,18,130
05/19/2018,MFE,TX,ASW,CE,Federal Contract Tower,20,5,25,0,50,0,0,36,1,37,20,5,61,1,87,18,0,18,105
05/20/2018,MFE,TX,ASW,CE,Federal Contract Tower,21,2,23,22,68,0,0,31,7,38,21,2,54,29,106,8,0,8,114
05/21/2018,MFE,TX,ASW,CE,Federal Contract Tower,25,9,19,35,88,0,0,37,2,39,25,9,56,37,127,22,0,22,149
05/22/2018,MFE,TX,ASW,CE,Federal Contract Tower,18,7,28,40,93,0,0,47,6,53,18,7,75,46,146,32,60,92,238
05/23/2018,MFE,TX,ASW,CE,Federal Contract Tower,22,6,30,54,112,0,0,73,6,79,22,6,103,60,191,84,6,90,281
05/24/2018,MFE,TX,ASW,CE,Federal Contract Tower,26,7,50,31,114,0,0,54,4,58,26,7,104,35,172,6,28,34,206
05/25/2018,MFE,TX,ASW,CE,Federal Contract Tower,27,7,37,7,78,0,68,1,0,69,27,75,38,7,147,0,0,0,147
05/26/2018,MFE,TX,ASW,CE,Federal Contract Tower,21,3,10,0,34,0,0,49,0,49,21,3,59,0,83,48,0,48,131
05/27/2018,MFE,TX,ASW,CE,Federal Contract Tower,20,4,15,7,46,0,0,36,2,38,20,4,51,9,84,12,0,12,96
05/28/2018,MFE,TX,ASW,CE,Federal Contract Tower,22,2,22,0,46,0,0,43,0,43,22,2,65,0,89,42,0,42,131
05/29/2018,MFE,TX,ASW,CE,Federal Contract Tower,25,5,20,24,74,0,1,51,6,58,25,6,71,30,132,66,4,70,202
05/30/2018,MFE,TX,ASW,CE,Federal Contract Tower,21,19,36,54,130,0,0,74,3,77,21,19,110,57,207,44,0,44,251
05/31/2018,MFE,TX,ASW,CE,Federal Contract Tower,30,10,32,26,98,0,0,67,11,78,30,10,99,37,176,50,0,50,226
06/01/2018,MFE,TX,ASW,CE,Federal Contract Tower,20,11,35,12,78,0,0,51,3,54,20,11,86,15,132,18,0,18,150
06/02/2018,MFE,TX,ASW,CE,Federal Contract Tower,19,10,17,8,54,0,0,51,2,53,19,10,68,10,107,30,0,30,137
06/03/2018,MFE,TX,ASW,CE,Federal Contract Tower,26,12,14,25,77,0,0,52,9,61,26,12,66,34,138,20,0,20,158
06/04/2018,MFE,TX,ASW,CE,Federal Contract Tower,18,8,34,3,63,0,0,67,16,83,18,8,101,19,146,30,0,30,176
06/05/2018,MFE,TX,ASW,CE,Federal Contract Tower,23,6,32,39,100,0,0,73,1,74,23,6,105,40,174,14,2,16,190
06/06/2018,MFE,TX,ASW,CE,Federal Contract Tower,20,8,35,30,93,0,0,61,7,68,20,8,96,37,161,30,20,50,211
06/07/2018,MFE,TX,ASW,CE,Federal Contract Tower,30,5,25,34,94,0,0,60,10,70,30,5,85,44,164,48,0,48,212
06/08/2018,MFE,TX,ASW,CE,Federal Contract Tower,22,8,26,26,82,0,0,47,5,52,22,8,73,31,134,76,0,76,210
06/09/2018,MFE,TX,ASW,CE,Federal Contract Tower,23,9,12,0,44,0,0,42,3,45,23,9,54,3,89,4,0,4,93
06/10/2018,MFE,TX,ASW,CE,Federal Contract Tower,24,11,10,3,48,0,0,46,6,52,24,11,56,9,100,16,0,16,116
06/11/2018,MFE,TX,ASW,CE,Federal Contract Tower,30,19,31,38,118,0,0,68,9,77,30,19,99,47,195,10,6,16,211
06/12/2018,MFE,TX,ASW,CE,Federal Contract Tower,26,15,19,34,94,0,0,68,9,77,26,15,87,43,171,62,14,76,247
06/13/2018,MFE,TX,ASW,CE,Federal Contract Tower,26,11,20,18,75,0,0,32,7,39,26,11,52,25,114,42,0,42,156
06/14/2018,MFE,TX,ASW,CE,Federal Contract Tower,34,11,32,14,91,0,0,58,11,69,34,11,90,25,160,38,12,50,210
06/15/2018,MFE,TX,ASW,CE,Federal Contract Tower,27,8,31,0,66,0,0,49,6,55,27,8,80,6,121,50,0,50,171
06/16/2018,MFE,TX,ASW,CE,Federal Contract Tower,16,9,18,40,83,0,0,44,3,47,16,9,62,43,130,10,0,10,140
06/17/2018,MFE,TX,ASW,CE,Federal Contract Tower,24,7,8,22,61,0,0,41,8,49,24,7,49,30,110,46,0,46,156
06/18/2018,MFE,TX,ASW,CE,Federal Contract Tower,28,9,26,0,63,0,0,29,0,29,28,9,55,0,92,12,0,12,104
06/19/2018,MFE,TX,ASW,CE,Federal Contract Tower,33,3,16,7,59,0,0,15,0,15,33,3,31,7,74,28,6,34,108
06/20/2018,MFE,TX,ASW,CE,Federal Contract Tower,27,9,21,4,61,0,0,8,0,8,27,9,29,4,69,0,0,0,69
06/21/2018,MFE,TX,ASW,CE,Federal Contract Tower,23,14,16,2,55,0,0,8,0,8,23,14,24,2,63,0,0,0,63
06/22/2018,MFE,TX,ASW,CE,Federal Contract Tower,27,13,24,12,76,0,0,78,10,88,27,13,102,22,164,56,0,56,220
06/23/2018,MFE,TX,ASW,CE,Federal Contract Tower,21,4,18,6,49,0,0,51,7,58,21,4,69,13,107,36,0,36,143
06/24/2018,MFE,TX,ASW,CE,Federal Contract Tower,24,5,15,13,57,0,0,42,4,46,24,5,57,17,103,26,4,30,133
06/25/2018,MFE,TX,ASW,CE,Federal Contract Tower,28,11,29,9,77,0,0,48,5,53,28,11,77,14,130,2,82,84,214
06/26/2018,MFE,TX,ASW,CE,Federal Contract Tower,27,14,15,41,97,0,0,84,10,94,27,14,99,51,191,78,0,78,269
06/27/2018,MFE,TX,ASW,CE,Federal Contract Tower,26,11,28,28,93,0,0,59,8,67,26,11,87,36,160,54,0,54,214
06/28/2018,MFE,TX,ASW,CE,Federal Contract Tower,30,13,32,17,92,0,0,63,8,71,30,13,95,25,163,34,0,34,197
06/29/2018,MFE,TX,ASW,CE,Federal Contract Tower,27,8,31,8,74,0,1,63,9,73,27,9,94,17,147,32,0,32,179
06/30/2018,MFE,TX,ASW,CE,Federal Contract Tower,22,11,15,0,48,0,0,35,7,42,22,11,50,7,90,8,0,8,98
07/01/2018,MFE,TX,ASW,CE,Federal Contract Tower,25,6,8,9,48,0,0,33,3,36,25,6,41,12,84,42,0,42,126
07/02/2018,MFE,TX,ASW,CE,Federal Contract Tower,25,12,22,23,82,0,0,46,6,52,25,12,68,29,134,48,0,48,182
07/03/2018,MFE,TX,ASW,CE,Federal Contract Tower,25,2,26,14,67,0,0,55,10,65,25,2,81,24,132,60,14,74,206
07/04/2018,MFE,TX,ASW,CE,Federal Contract Tower,19,5,15,1,40,0,0,47,2,49,19,5,62,3,89,98,0,98,187
07/05/2018,MFE,TX,ASW,CE,Federal Contract Tower,30,7,18,66,121,0,0,55,3,58,30,7,73,69,179,38,0,38,217
07/06/2018,MFE,TX,ASW,CE,Federal Contract Tower,25,5,25,3,58,0,0,35,6,41,25,5,60,9,99,0,0,0,99
07/07/2018,MFE,TX,ASW,CE,Federal Contract Tower,23,8,9,16,56,0,0,35,2,37,23,8,44,18,93,34,0,34,127
07/08/2018,MFE,TX,ASW,CE,Federal Contract Tower,26,6,29,1,62,0,0,40,6,46,26,6,69,7,108,14,0,14,122
07/09/2018,MFE,TX,ASW,CE,Federal Contract Tower,23,16,28,46,113,0,0,53,8,61,23,16,81,54,174,38,12,50,224
07/10/2018,MFE,TX,ASW,CE,Federal Contract Tower,23,16,29,10,78,0,1,65,12,78,23,17,94,22,156,92,0,92,248
07/11/2018,MFE,TX,ASW,CE,Federal Contract Tower,26,10,28,50,114,0,2,45,4,51,26,12,73,54,165,74,30,104,269
07/12/2018,MFE,TX,ASW,CE,Federal Contract Tower,27,6,32,25,90,0,2,64,10,76,27,8,96,35,166,70,0,70,236
07/13/2018,MFE,TX,ASW,CE,Federal Contract Tower,27,7,29,16,79,0,2,33,7,42,27,9,62,23,121,8,0,8,129
07/14/2018,MFE,TX,ASW,CE,Federal Contract Tower,23,4,9,20,56,0,0,38,5,43,23,4,47,25,99,20,0,20,119
07/15/2018,MFE,TX,ASW,CE,Federal Contract Tower,25,5,11,14,55,0,0,27,7,34,25,5,38,21,89,22,32,54,143
07/16/2018,MFE,TX,ASW,CE,Federal Contract Tower,27,14,31,15,87,0,0,52,7,59,27,14,83,22,146,46,0,46,192
07/17/2018,MFE,TX,ASW,CE,Federal Contract Tower,28,6,18,40,92,0,0,60,9,69,28,6,78,49,161,0,0,0,161
07/18/2018,MFE,TX,ASW,CE,Federal Contract Tower,24,12,31,19,86,0,2,80,13,95,24,14,111,32,181,22,0,22,203
07/19/2018,MFE,TX,ASW,CE,Federal Contract Tower,26,10,32,21,89,0,0,69,7,76,26,10,101,28,165,24,0,24,189
07/20/2018,MFE,TX,ASW,CE,Federal Contract Tower,28,7,30,2,67,0,0,63,12,75,28,7,93,14,142,14,0,14,156
07/21/2018,MFE,TX,ASW,CE,Federal Contract Tower,24,9,12,35,80,0,0,45,7,52,24,9,57,42,132,6,14,20,152
07/22/2018,MFE,TX,ASW,CE,Federal Contract Tower,25,5,23,14,67,0,0,33,5,38,25,5,56,19,105,14,0,14,119
07/23/2018,MFE,TX,ASW,CE,Federal Contract Tower,28,13,14,16,71,0,0,45,9,54,28,13,59,25,125,68,0,68,193
07/24/2018,MFE,TX,ASW,CE,Federal Contract Tower,28,7,19,49,103,0,0,66,7,73,28,7,85,56,176,34,0,34,210
07/25/2018,MFE,TX,ASW,CE,Federal Contract Tower,25,14,23,16,78,0,1,50,14,65,25,15,73,30,143,64,12,76,219
07/26/2018,MFE,TX,ASW,CE,Federal Contract Tower,36,9,24,19,88,0,0,66,11,77,36,9,90,30,165,56,0,56,221
07/27/2018,MFE,TX,ASW,CE,Federal Contract Tower,25,14,41,18,98,0,0,57,4,61,25,14,98,22,159,40,0,40,199
07/28/2018,MFE,TX,ASW,CE,Federal Contract Tower,23,8,14,0,45,0,0,45,4,49,23,8,59,4,94,20,0,20,114
07/29/2018,MFE,TX,ASW,CE,Federal Contract Tower,29,8,18,5,60,0,0,28,2,30,29,8,46,7,90,6,0,6,96
07/30/2018,MFE,TX,ASW,CE,Federal Contract Tower,27,10,20,21,78,0,0,46,18,64,27,10,66,39,142,54,10,64,206
07/31/2018,MFE,TX,ASW,CE,Federal Contract Tower,25,9,27,28,89,0,0,47,14,61,25,9,74,42,150,22,3,25,175
08/01/2018,MFE,TX,ASW,CE,Federal Contract Tower,28,9,27,44,108,0,0,70,12,82,28,9,97,56,190,76,0,76,266
08/02/2018,MFE,TX,ASW,CE,Federal Contract Tower,30,9,23,23,85,0,0,80,9,89,30,9,103,32,174,26,0,26,200
08/03/2018,MFE,TX,ASW,CE,Federal Contract Tower,27,5,29,8,69,0,0,51,7,58,27,5,80,15,127,54,0,54,181
08/04/2018,MFE,TX,ASW,CE,Federal Contract Tower,22,1,8,11,42,0,0,49,3,52,22,1,57,14,94,18,0,18,112
08/05/2018,MFE,TX,ASW,CE,Federal Contract Tower,27,4,29,0,60,0,0,20,0,20,27,4,49,0,80,0,0,0,80
08/06/2018,MFE,TX,ASW,CE,Federal Contract Tower,28,16,40,38,122,0,0,59,12,71,28,16,99,50,193,6,54,60,253
08/07/2018,MFE,TX,ASW,CE,Federal Contract Tower,29,6,29,16,80,0,0,65,7,72,29,6,94,23,152,30,0,30,182
08/08/2018,MFE,TX,ASW,CE,Federal Contract Tower,32,7,24,38,101,0,0,55,6,61,32,7,79,44,162,48,22,70,232
08/09/2018,MFE,TX,ASW,CE,Federal Contract Tower,32,15,29,36,112,0,0,66,7,73,32,15,95,43,185,24,4,28,213
08/10/2018,MFE,TX,ASW,CE,Federal Contract Tower,32,7,26,16,81,0,0,45,8,53,32,7,71,24,134,18,0,18,152
08/11/2018,MFE,TX,ASW,CE,Federal Contract Tower,24,6,8,10,48,0,0,37,5,42,24,6,45,15,90,24,0,24,114
08/12/2018,MFE,TX,ASW,CE,Federal Contract Tower,28,9,18,35,90,0,1,38,2,41,28,10,56,37,131,26,0,26,157
08/13/2018,MFE,TX,ASW,CE,Federal Contract Tower,29,9,27,30,95,0,0,38,10,48,29,9,65,40,143,4,0,4,147
08/14/2018,MFE,TX,ASW,CE,Federal Contract Tower,28,6,27,56,117,0,0,56,9,65,28,6,83,65,182,54,8,62,244
08/15/2018,MFE,TX,ASW,CE,Federal Contract Tower,27,7,24,47,105,0,2,46,19,67,27,9,70,66,172,43,0,43,215
08/16/2018,MFE,TX,ASW,CE,Federal Contract Tower,31,14,28,41,114,0,0,67,8,75,31,14,95,49,189,30,4,34,223
08/17/2018,MFE,TX,ASW,CE,Federal Contract Tower,27,5,34,20,86,0,0,60,4,64,27,5,94,24,150,4,8,12,162
08/18/2018,MFE,TX,ASW,CE,Federal Contract Tower,21,6,8,11,46,0,0,47,3,50,21,6,55,14,96,48,0,48,144
08/19/2018,MFE,TX,ASW,CE,Federal Contract Tower,24,3,14,17,58,0,0,40,2,42,24,3,54,19,100,16,0,16,116
08/20/2018,MFE,TX,ASW,CE,Federal Contract Tower,26,13,29,27,95,0,0,49,9,58,26,13,78,36,153,74,0,74,227
08/21/2018,MFE,TX,ASW,CE,Federal Contract Tower,26,7,32,43,108,0,0,57,7,64,26,7,89,50,172,56,12,68,240
08/22/2018,MFE,TX,ASW,CE,Federal Contract Tower,29,11,35,18,93,0,0,56,10,66,29,11,91,28,159,60,6,66,225
08/23/2018,MFE,TX,ASW,CE,Federal Contract Tower,26,14,29,15,84,0,0,79,17,96,26,14,108,32,180,48,0,48,228
08/24/2018,MFE,TX,ASW,CE,Federal Contract Tower,26,7,36,23,92,0,0,58,9,67,26,7,94,32,159,32,0,32,191
08/25/2018,MFE,TX,ASW,CE,Federal Contract Tower,23,1,11,3,38,0,2,55,7,64,23,3,66,10,102,62,4,66,168
08/26/2018,MFE,TX,ASW,CE,Federal Contract Tower,26,4,11,5,46,0,0,42,5,47,26,4,53,10,93,20,0,20,113
08/27/2018,MFE,TX,ASW,CE,Federal Contract Tower,26,14,36,20,96,0,1,53,6,60,26,15,89,26,156,24,0,24,180
08/28/2018,MFE,TX,ASW,CE,Federal Contract Tower,23,8,24,44,99,0,0,57,15,72,23,8,81,59,171,12,0,12,183
08/29/2018,MFE,TX,ASW,CE,Federal Contract Tower,28,11,15,105,159,0,0,76,6,82,28,11,91,111,241,56,0,56,297
08/30/2018,MFE,TX,ASW,CE,Federal Contract Tower,28,12,23,38,101,0,0,62,6,68,28,12,85,44,169,4,0,4,173
08/31/2018,MFE,TX,ASW,CE,Federal Contract Tower,28,12,33,6,79,0,0,51,7,58,28,12,84,13,137,10,2,12,149
09/01/2018,MFE,TX,ASW,CE,Federal Contract Tower,19,3,11,10,43,0,0,28,5,33,19,3,39,15,76,46,0,46,122
09/02/2018,MFE,TX,ASW,CE,Federal Contract Tower,27,4,10,0,41,0,0,38,2,40,27,4,48,2,81,34,0,34,115
09/03/2018,MFE,TX,ASW,CE,Federal Contract Tower,29,8,26,0,63,0,0,36,0,36,29,8,62,0,99,10,0,10,109
09/04/2018,MFE,TX,ASW,CE,Federal Contract Tower,28,5,21,45,99,0,0,39,12,51,28,5,60,57,150,26,0,26,176
09/05/2018,MFE,TX,ASW,CE,Federal Contract Tower,27,11,32,29,99,0,0,52,8,60,27,11,84,37,159,16,4,20,179
09/06/2018,MFE,TX,ASW,CE,Federal Contract Tower,22,10,32,38,102,0,0,47,3,50,22,10,79,41,152,24,6,30,182
09/07/2018,MFE,TX,ASW,CE,Federal Contract Tower,27,7,34,26,94,0,0,45,3,48,27,7,79,29,142,54,0,54,196
09/08/2018,MFE,TX,ASW,CE,Federal Contract Tower,19,2,8,10,39,0,0,34,6,40,19,2,42,16,79,46,6,52,131
09/09/2018,MFE,TX,ASW,CE,Federal Contract Tower,19,2,8,10,39,0,0,34,6,40,19,2,42,16,79,46,6,52,131
09/10/2018,MFE,TX,ASW,CE,Federal Contract Tower,31,5,15,28,79,0,0,24,0,24,31,5,39,28,103,26,0,26,129
09/11/2018,MFE,TX,ASW,CE,Federal Contract Tower,22,7,31,44,104,0,0,36,2,38,22,7,67,46,142,26,10,36,178
09/12/2018,MFE,TX,ASW,CE,Federal Contract Tower,30,6,18,11,65,0,0,35,3,38,30,6,53,14,103,54,0,54,157
09/13/2018,MFE,TX,ASW,CE,Federal Contract Tower,30,7,31,15,83,0,0,27,8,35,30,7,58,23,118,10,8,18,136
09/14/2018,MFE,TX,ASW,CE,Federal Contract Tower,22,7,29,0,58,0,0,11,5,16,22,7,40,5,74,0,0,0,74
09/15/2018,MFE,TX,ASW,CE,Federal Contract Tower,19,6,10,2,37,0,0,13,4,17,19,6,23,6,54,40,22,62,116
09/16/2018,MFE,TX,ASW,CE,Federal Contract Tower,24,5,7,13,49,0,0,31,5,36,24,5,38,18,85,18,0,18,103
09/17/2018,MFE,TX,ASW,CE,Federal Contract Tower,29,17,17,17,80,0,0,42,9,51,29,17,59,26,131,36,14,50,181
09/18/2018,MFE,TX,ASW,CE,Federal Contract Tower,24,8,18,40,90,0,3,42,11,56,24,11,60,51,146,36,0,36,182
09/19/2018,MFE,TX,ASW,CE,Federal Contract Tower,26,10,25,10,71,0,2,51,5,58,26,12,76,15,129,60,0,60,189
09/20/2018,MFE,TX,ASW,CE,Federal Contract Tower,28,12,40,57,137,0,0,56,14,70,28,12,96,71,207,16,0,16,223
09/21/2018,MFE,TX,ASW,CE,Federal Contract Tower,25,10,31,24,90,0,0,71,11,82,25,10,102,35,172,62,8,70,242
09/22/2018,MFE,TX,ASW,CE,Federal Contract Tower,18,6,8,16,48,0,0,29,0,29,18,6,37,16,77,34,0,34,111
09/23/2018,MFE,TX,ASW,CE,Federal Contract Tower,20,4,13,6,43,0,0,41,10,51,20,4,54,16,94,40,0,40,134
09/24/2018,MFE,TX,ASW,CE,Federal Contract Tower,32,12,39,26,109,0,0,56,7,63,32,12,95,33,172,42,8,50,222
09/25/2018,MFE,TX,ASW,CE,Federal Contract Tower,22,12,25,42,101,0,0,82,13,95,22,12,107,55,196,86,18,104,300
09/26/2018,MFE,TX,ASW,CE,Federal Contract Tower,29,8,45,31,113,0,0,59,2,61,29,8,104,33,174,0,4,4,178
09/27/2018,MFE,TX,ASW,CE,Federal Contract Tower,36,8,31,13,88,0,0,35,5,40,36,8,66,18,128,34,4,38,166
09/28/2018,MFE,TX,ASW,CE,Federal Contract Tower,30,6,31,4,71,0,0,39,2,41,30,6,70,6,112,6,0,6,118
09/29/2018,MFE,TX,ASW,CE,Federal Contract Tower,21,6,14,0,41,0,0,32,4,36,21,6,46,4,77,22,0,22,99
09/30/2018,MFE,TX,ASW,CE,Federal Contract Tower,24,2,14,0,40,0,0,40,4,44,24,2,54,4,84,56,0,56,140
10/01/2018,MFE,TX,ASW,CE,Federal Contract Tower,28,11,19,17,75,0,0,26,22,48,28,11,45,39,123,6,0,6,129
10/02/2018,MFE,TX,ASW,CE,Federal Contract Tower,27,12,28,41,108,0,0,46,28,74,27,12,74,69,182,6,0,6,188
10/03/2018,MFE,TX,ASW,CE,Federal Contract Tower,26,17,19,38,100,0,0,52,6,58,26,17,71,44,158,2,8,10,168
10/04/2018,MFE,TX,ASW,CE,Federal Contract Tower,26,17,26,34,103,0,0,62,6,68,26,17,88,40,171,30,18,48,219
10/05/2018,MFE,TX,ASW,CE,Federal Contract Tower,30,11,32,7,80,0,4,50,6,60,30,15,82,13,140,0,0,0,140
10/06/2018,MFE,TX,ASW,CE,Federal Contract Tower,25,1,10,0,36,0,10,52,4,66,25,11,62,4,102,20,0,20,122
10/07/2018,MFE,TX,ASW,CE,Federal Contract Tower,22,9,25,0,56,0,0,32,5,37,22,9,57,5,93,10,4,14,107
10/08/2018,MFE,TX,ASW,CE,Federal Contract Tower,24,7,22,2,55,0,0,40,2,42,24,7,62,4,97,12,0,12,109
10/09/2018,MFE,TX,ASW,CE,Federal Contract Tower,25,12,22,33,92,0,0,42,12,54,25,12,64,45,146,80,28,108,254
10/10/2018,MFE,TX,ASW,CE,Federal Contract Tower,26,19,29,29,103,0,0,34,8,42,26,19,63,37,145,36,14,50,195
10/11/2018,MFE,TX,ASW,CE,Federal Contract Tower,24,14,39,6,83,0,0,39,2,41,24,14,78,8,124,8,0,8,132
10/12/2018,MFE,TX,ASW,CE,Federal Contract Tower,26,6,35,10,77,0,0,52,6,58,26,6,87,16,135,48,8,56,191
10/13/2018,MFE,TX,ASW,CE,Federal Contract Tower,19,2,6,7,34,0,0,33,7,40,19,2,39,14,74,26,2,28,102
10/14/2018,MFE,TX,ASW,CE,Federal Contract Tower,21,12,21,21,75,0,0,24,3,27,21,12,45,24,102,0,0,0,102
10/15/2018,MFE,TX,ASW,CE,Federal Contract Tower,27,10,22,0,59,0,0,26,2,28,27,10,48,2,87,8,0,8,95
10/16/2018,MFE,TX,ASW,CE,Federal Contract Tower,26,13,26,70,135,0,0,22,6,28,26,13,48,76,163,22,0,22,185
10/17/2018,MFE,TX,ASW,CE,Federal Contract Tower,25,15,39,61,140,0,0,36,12,48,25,15,75,73,188,38,64,102,290
10/18/2018,MFE,TX,ASW,CE,Federal Contract Tower,29,13,36,21,99,0,0,0,0,0,29,13,36,21,99,0,0,0,99
10/19/2018,MFE,TX,ASW,CE,Federal Contract Tower,27,8,37,24,96,0,0,13,3,16,27,8,50,27,112,0,2,2,114
10/20/2018,MFE,TX,ASW,CE,Federal Contract Tower,22,1,27,7,57,0,0,5,3,8,22,1,32,10,65,0,10,10,75
10/21/2018,MFE,TX,ASW,CE,Federal Contract Tower,24,5,24,0,53,0,0,5,0,5,24,5,29,0,58,20,0,20,78
10/22/2018,MFE,TX,ASW,CE,Federal Contract Tower,26,11,39,32,108,0,0,16,1,17,26,11,55,33,125,0,0,0,125
10/23/2018,MFE,TX,ASW,CE,Federal Contract Tower,23,19,34,51,127,0,0,23,3,26,23,19,57,54,153,26,0,26,179
10/24/2018,MFE,TX,ASW,CE,Federal Contract Tower,31,10,25,50,116,0,0,0,0,0,31,10,25,50,116,0,0,0,116
10/25/2018,MFE,TX,ASW,CE,Federal Contract Tower,28,16,49,27,120,0,0,32,2,34,28,16,81,29,154,48,0,48,202
10/26/2018,MFE,TX,ASW,CE,Federal Contract Tower,26,12,26,7,71,0,1,52,3,56,26,13,78,10,127,26,0,26,153
10/27/2018,MFE,TX,ASW,CE,Federal Contract Tower,25,2,19,26,72,0,0,60,10,70,25,2,79,36,142,46,8,54,196
10/28/2018,MFE,TX,ASW,CE,Federal Contract Tower,22,13,21,9,65,0,0,51,1,52,22,13,72,10,117,30,0,30,147
10/29/2018,MFE,TX,ASW,CE,Federal Contract Tower,27,22,21,21,91,0,0,65,1,66,27,22,86,22,157,28,0,28,185
10/30/2018,MFE,TX,ASW,CE,Federal Contract Tower,21,14,40,24,99,0,0,48,8,56,21,14,88,32,155,24,0,24,179
10/31/2018,MFE,TX,ASW,CE,Federal Contract Tower,19,17,28,7,71,0,0,63,4,67,19,17,91,11,138,16,40,56,194
11/01/2018,MFE,TX,ASW,CE,Federal Contract Tower,21,22,35,8,86,0,0,62,1,63,21,22,97,9,149,62,0,62,211
11/02/2018,MFE,TX,ASW,CE,Federal Contract Tower,22,12,21,14,69,0,0,53,12,65,22,12,74,26,134,26,2,28,162
11/03/2018,MFE,TX,ASW,CE,Federal Contract Tower,15,11,15,8,49,0,0,57,6,63,15,11,72,14,112,48,0,48,160
11/04/2018,MFE,TX,ASW,CE,Federal Contract Tower,18,12,19,3,52,0,0,47,7,54,18,12,66,10,106,20,0,20,126
11/05/2018,MFE,TX,ASW,CE,Federal Contract Tower,23,10,28,8,69,0,0,48,6,54,23,10,76,14,123,18,0,18,141
11/06/2018,MFE,TX,ASW,CE,Federal Contract Tower,26,17,31,6,80,0,0,59,5,64,26,17,90,11,144,24,8,32,176
11/07/2018,MFE,TX,ASW,CE,Federal Contract Tower,28,14,30,31,103,0,0,54,5,59,28,14,84,36,162,30,4,34,196
11/08/2018,MFE,TX,ASW,CE,Federal Contract Tower,25,18,37,26,106,0,0,54,18,72,25,18,91,44,178,58,14,72,250
11/09/2018,MFE,TX,ASW,CE,Federal Contract Tower,25,19,39,37,120,0,0,4,0,4,25,19,43,37,124,0,0,0,124
11/10/2018,MFE,TX,ASW,CE,Federal Contract Tower,19,9,21,0,49,0,0,9,0,9,19,9,30,0,58,0,0,0,58
11/11/2018,MFE,TX,ASW,CE,Federal Contract Tower,25,9,16,0,50,0,0,0,0,0,25,9,16,0,50,0,0,0,50
11/12/2018,MFE,TX,ASW,CE,Federal Contract Tower,21,12,45,2,80,0,0,16,4,20,21,12,61,6,100,2,0,2,102
11/13/2018,MFE,TX,ASW,CE,Federal Contract Tower,23,9,23,41,96,0,0,41,17,58,23,9,64,58,154,14,0,14,168
11/14/2018,MFE,TX,ASW,CE,Federal Contract Tower,18,16,37,26,97,0,0,76,12,88,18,16,113,38,185,20,22,42,227
11/15/2018,MFE,TX,ASW,CE,Federal Contract Tower,25,14,39,11,89,0,0,82,19,101,25,14,121,30,190,30,18,48,238
11/16/2018,MFE,TX,ASW,CE,Federal Contract Tower,24,9,18,17,68,0,0,78,14,92,24,9,96,31,160,46,0,46,206
11/17/2018,MFE,TX,ASW,CE,Federal Contract Tower,16,7,29,8,60,0,0,42,13,55,16,7,71,21,115,58,6,64,179
11/18/2018,MFE,TX,ASW,CE,Federal Contract Tower,26,13,19,15,73,0,0,28,13,41,26,13,47,28,114,36,0,36,150
11/19/2018,MFE,TX,ASW,CE,Federal Contract Tower,23,23,40,37,123,0,0,2,0,2,23,23,42,37,125,0,0,0,125
11/20/2018,MFE,TX,ASW,CE,Federal Contract Tower,25,12,17,22,76,0,0,45,18,63,25,12,62,40,139,36,0,36,175
11/21/2018,MFE,TX,ASW,CE,Federal Contract Tower,24,7,44,5,80,0,0,0,0,0,24,7,44,5,80,0,0,0,80
11/22/2018,MFE,TX,ASW,CE,Federal Contract Tower,17,6,13,2,38,0,0,3,0,3,17,6,16,2,41,0,0,0,41
11/23/2018,MFE,TX,ASW,CE,Federal Contract Tower,21,8,13,0,42,0,0,2,0,2,21,8,15,0,44,0,0,0,44
11/24/2018,MFE,TX,ASW,CE,Federal Contract Tower,22,10,20,7,59,0,0,33,10,43,22,10,53,17,102,44,0,44,146
11/25/2018,MFE,TX,ASW,CE,Federal Contract Tower,24,10,23,0,57,0,0,26,8,34,24,10,49,8,91,36,0,36,127
11/26/2018,MFE,TX,ASW,CE,Federal Contract Tower,26,13,27,26,92,0,2,69,6,77,26,15,96,32,169,30,0,30,199
11/27/2018,MFE,TX,ASW,CE,Federal Contract Tower,18,8,17,28,71,0,1,76,12,89,18,9,93,40,160,80,16,96,256
11/28/2018,MFE,TX,ASW,CE,Federal Contract Tower,20,9,17,34,80,0,0,85,8,93,20,9,102,42,173,54,0,54,227
11/29/2018,MFE,TX,ASW,CE,Federal Contract Tower,24,15,33,43,115,0,0,51,16,67,24,15,84,59,182,42,0,42,224
11/30/2018,MFE,TX,ASW,CE,Federal Contract Tower,23,17,20,24,84,0,0,55,14,69,23,17,75,38,153,10,6,16,169
12/01/2018,MFE,TX,ASW,CE,Federal Contract Tower,15,18,22,2,57,0,0,47,4,51,15,18,69,6,108,28,0,28,136
12/02/2018,MFE,TX,ASW,CE,Federal Contract Tower,21,8,17,4,50,0,0,35,8,43,21,8,52,12,93,28,0,28,121
12/03/2018,MFE,TX,ASW,CE,Federal Contract Tower,19,17,26,43,105,0,0,49,10,59,19,17,75,53,164,0,0,0,164
12/04/2018,MFE,TX,ASW,CE,Federal Contract Tower,16,20,15,37,88,0,0,46,8,54,16,20,61,45,142,44,16,60,202
12/05/2018,MFE,TX,ASW,CE,Federal Contract Tower,19,12,25,23,79,0,0,53,7,60,19,12,78,30,139,46,0,46,185
12/06/2018,MFE,TX,ASW,CE,Federal Contract Tower,26,16,30,24,96,0,0,42,12,54,26,16,72,36,150,54,0,54,204
12/07/2018,MFE,TX,ASW,CE,Federal Contract Tower,23,18,22,29,92,0,0,17,5,22,23,18,39,34,114,0,0,0,114
12/08/2018,MFE,TX,ASW,CE,Federal Contract Tower,19,7,21,26,73,0,0,21,3,24,19,7,42,29,97,32,0,32,129
12/09/2018,MFE,TX,ASW,CE,Federal Contract Tower,26,6,14,2,48,0,1,46,13,60,26,7,60,15,108,40,0,40,148
12/10/2018,MFE,TX,ASW,CE,Federal Contract Tower,22,11,41,39,113,0,0,56,14,70,22,11,97,53,183,16,0,16,199
12/11/2018,MFE,TX,ASW,CE,Federal Contract Tower,21,23,30,15,89,0,0,92,2,94,21,23,122,17,183,34,0,34,217
12/12/2018,MFE,TX,ASW,CE,Federal Contract Tower,22,10,35,4,71,0,0,77,6,83,22,10,112,10,154,58,0,58,212
12/13/2018,MFE,TX,ASW,CE,Federal Contract Tower,26,16,20,21,83,0,0,35,0,35,26,16,55,21,118,6,0,6,124
12/14/2018,MFE,TX,ASW,CE,Federal Contract Tower,20,24,24,30,98,0,0,28,0,28,20,24,52,30,126,6,0,6,132
12/15/2018,MFE,TX,ASW,CE,Federal Contract Tower,22,8,20,14,64,0,0,69,0,69,22,8,89,14,133,50,0,50,183
12/16/2018,MFE,TX,ASW,CE,Federal Contract Tower,26,7,20,8,61,0,2,52,0,54,26,9,72,8,115,10,0,10,125
12/17/2018,MFE,TX,ASW,CE,Federal Contract Tower,22,16,33,29,100,0,0,66,2,68,22,16,99,31,168,12,0,12,180
12/18/2018,MFE,TX,ASW,CE,Federal Contract Tower,20,15,18,29,82,0,1,68,0,69,20,16,86,29,151,40,12,52,203
12/19/2018,MFE,TX,ASW,CE,Federal Contract Tower,22,23,26,60,131,0,0,65,11,76,22,23,91,71,207,36,6,42,249
12/20/2018,MFE,TX,ASW,CE,Federal Contract Tower,26,15,36,73,150,0,2,60,8,70,26,17,96,81,220,28,20,48,268
12/21/2018,MFE,TX,ASW,CE,Federal Contract Tower,22,16,41,19,98,0,0,82,2,84,22,16,123,21,182,12,0,12,194
12/22/2018,MFE,TX,ASW,CE,Federal Contract Tower,23,7,23,0,53,0,0,69,0,69,23,7,92,0,122,56,0,56,178
12/23/2018,MFE,TX,ASW,CE,Federal Contract Tower,29,7,19,0,55,0,0,35,3,38,29,7,54,3,93,0,0,0,93
12/24/2018,MFE,TX,ASW,CE,Federal Contract Tower,20,15,19,0,54,0,0,26,0,26,20,15,45,0,80,0,0,0,80
12/25/2018,MFE,TX,ASW,CE,Federal Contract Tower,18,3,17,0,38,0,2,16,0,18,18,5,33,0,56,26,0,26,82
12/26/2018,MFE,TX,ASW,CE,Federal Contract Tower,22,8,34,10,74,0,0,7,0,7,22,8,41,10,81,0,0,0,81
12/27/2018,MFE,TX,ASW,CE,Federal Contract Tower,22,12,14,12,60,0,0,51,0,51,22,12,65,12,111,78,0,78,189
12/28/2018,MFE,TX,ASW,CE,Federal Contract Tower,20,13,28,6,67,0,0,49,0,49,20,13,77,6,116,38,0,38,154
12/29/2018,MFE,TX,ASW,CE,Federal Contract Tower,25,8,13,0,46,0,0,26,0,26,25,8,39,0,72,32,0,32,104
12/30/2018,MFE,TX,ASW,CE,Federal Contract Tower,23,8,13,2,46,0,0,12,0,12,23,8,25,2,58,0,0,0,58
12/31/2018,MFE,TX,ASW,CE,Federal Contract Tower,23,10,9,1,43,0,2,27,0,29,23,12,36,1,72,4,0,4,76
01/01/2019,MFE,TX,ASW,CE,Federal Contract Tower,18,8,14,3,43,0,0,21,0,21,18,8,35,3,64,0,0,0,64
01/02/2019,MFE,TX,ASW,CE,Federal Contract Tower,26,12,30,21,89,0,0,0,0,0,26,12,30,21,89,0,0,0,89
01/03/2019,MFE,TX,ASW,CE,Federal Contract Tower,27,12,22,25,86,0,0,51,3,54,27,12,73,28,140,26,38,64,204
01/04/2019,MFE,TX,ASW,CE,Federal Contract Tower,22,9,31,11,73,0,0,87,0,87,22,9,118,11,160,62,0,62,222
01/05/2019,MFE,TX,ASW,CE,Federal Contract Tower,21,19,7,6,53,0,0,62,0,62,21,19,69,6,115,34,0,34,149
01/06/2019,MFE,TX,ASW,CE,Federal Contract Tower,29,6,18,11,64,0,0,46,6,52,29,6,64,17,116,0,0,0,116
01/07/2019,MFE,TX,ASW,CE,Federal Contract Tower,27,12,26,49,114,0,0,41,5,46,27,12,67,54,160,14,0,14,174
01/08/2019,MFE,TX,ASW,CE,Federal Contract Tower,23,18,27,26,94,0,59,0,1,60,23,77,27,27,154,18,0,18,172
01/09/2019,MFE,TX,ASW,CE,Federal Contract Tower,22,17,44,38,121,0,1,40,1,42,22,18,84,39,163,8,0,8,171
01/10/2019,MFE,TX,ASW,CE,Federal Contract Tower,26,9,34,18,87,0,0,43,0,43,26,9,77,18,130,2,0,2,132
01/11/2019,MFE,TX,ASW,CE,Federal Contract Tower,27,15,35,10,87,0,0,49,2,51,27,15,84,12,138,70,4,74,212
01/12/2019,MFE,TX,ASW,CE,Federal Contract Tower,21,10,18,12,61,0,0,63,0,63,21,10,81,12,124,62,0,62,186
01/13/2019,MFE,TX,ASW,CE,Federal Contract Tower,23,6,11,20,60,0,0,34,5,39,23,6,45,25,99,34,0,34,133
01/14/2019,MFE,TX,ASW,CE,Federal Contract Tower,24,14,38,35,111,0,0,25,1,26,24,14,63,36,137,26,0,26,163
01/15/2019,MFE,TX,ASW,CE,Federal Contract Tower,23,8,23,18,72,0,0,0,0,0,23,8,23,18,72,0,0,0,72
01/16/2019,MFE,TX,ASW,CE,Federal Contract Tower,24,12,40,30,106,0,0,20,1,21,24,12,60,31,127,0,0,0,127
01/17/2019,MFE,TX,ASW,CE,Federal Contract Tower,26,20,52,28,126,0,0,12,2,14,26,20,64,30,140,12,0,12,152
01/18/2019,MFE,TX,ASW,CE,Federal Contract Tower,27,8,47,13,95,0,0,45,0,45,27,8,92,13,140,62,0,62,202
01/19/2019,MFE,TX,ASW,CE,Federal Contract Tower,16,7,15,16,54,0,0,29,2,31,16,7,44,18,85,0,0,0,85
01/20/2019,MFE,TX,ASW,CE,Federal Contract Tower,24,7,15,0,46,0,0,60,2,62,24,7,75,2,108,80,0,80,188
01/21/2019,MFE,TX,ASW,CE,Federal Contract Tower,27,9,23,3,62,0,0,57,3,60,27,9,80,6,122,40,0,40,162
01/22/2019,MFE,TX,ASW,CE,Federal Contract Tower,21,11,24,26,82,0,0,33,0,33,21,11,57,26,115,0,0,0,115
01/23/2019,MFE,TX,ASW,CE,Federal Contract Tower,25,9,20,24,78,0,0,67,4,71,25,9,87,28,149,54,0,54,203
01/24/2019,MFE,TX,ASW,CE,Federal Contract Tower,29,9,40,34,112,0,0,75,5,80,29,9,115,39,192,28,10,38,230
01/25/2019,MFE,TX,ASW,CE,Federal Contract Tower,28,12,30,16,86,0,0,50,6,56,28,12,80,22,142,0,8,8,150
01/26/2019,MFE,TX,ASW,CE,Federal Contract Tower,17,5,8,2,32,0,0,6,0,6,17,5,14,2,38,0,0,0,38
01/27/2019,MFE,TX,ASW,CE,Federal Contract Tower,24,7,11,0,42,0,0,47,2,49,24,7,58,2,91,42,0,42,133
01/28/2019,MFE,TX,ASW,CE,Federal Contract Tower,24,11,19,41,95,0,0,55,8,63,24,11,74,49,158,34,18,52,210
01/29/2019,MFE,TX,ASW,CE,Federal Contract Tower,23,11,46,6,86,0,0,71,4,75,23,11,117,10,161,40,0,40,201
01/30/2019,MFE,TX,ASW,CE,Federal Contract Tower,20,14,35,5,74,0,0,25,1,26,20,14,60,6,100,42,0,42,142
01/31/2019,MFE,TX,ASW,CE,Federal Contract Tower,27,15,42,29,113,0,0,0,0,0,27,15,42,29,113,0,0,0,113
02/01/2019,MFE,TX,ASW,CE,Federal Contract Tower,24,8,48,26,106,0,0,27,0,27,24,8,75,26,133,38,0,38,171
02/02/2019,MFE,TX,ASW,CE,Federal Contract Tower,19,6,13,6,44,0,0,13,0,13,19,6,26,6,57,50,0,50,107
02/03/2019,MFE,TX,ASW,CE,Federal Contract Tower,22,12,22,4,60,0,0,21,2,23,22,12,43,6,83,40,0,40,123
02/04/2019,MFE,TX,ASW,CE,Federal Contract Tower,22,9,30,45,106,0,0,38,2,40,22,9,68,47,146,18,0,18,164
02/05/2019,MFE,TX,ASW,CE,Federal Contract Tower,22,9,30,26,87,0,0,35,8,43,22,9,65,34,130,26,0,26,156
02/06/2019,MFE,TX,ASW,CE,Federal Contract Tower,22,14,43,43,122,0,0,56,10,66,22,14,99,53,188,68,0,68,256
02/07/2019,MFE,TX,ASW,CE,Federal Contract Tower,27,16,37,31,111,0,0,39,8,47,27,16,76,39,158,50,0,50,208
02/08/2019,MFE,TX,ASW,CE,Federal Contract Tower,28,16,17,41,102,0,0,25,0,25,28,16,42,41,127,0,0,0,127
02/09/2019,MFE,TX,ASW,CE,Federal Contract Tower,22,9,10,0,41,0,0,0,0,0,22,9,10,0,41,0,0,0,41
02/10/2019,MFE,TX,ASW,CE,Federal Contract Tower,25,3,20,11,59,0,0,28,11,39,25,3,48,22,98,24,10,34,132
02/11/2019,MFE,TX,ASW,CE,Federal Contract Tower,26,11,42,43,122,0,0,20,4,24,26,11,62,47,146,2,0,2,148
02/12/2019,MFE,TX,ASW,CE,Federal Contract Tower,23,6,14,64,107,0,0,61,5,66,23,6,75,69,173,36,0,36,209
02/13/2019,MFE,TX,ASW,CE,Federal Contract Tower,26,13,23,14,76,0,0,90,15,105,26,13,113,29,181,42,0,42,223
02/14/2019,MFE,TX,ASW,CE,Federal Contract Tower,24,18,22,28,92,0,0,62,2,64,24,18,84,30,156,44,2,46,202
02/15/2019,MFE,TX,ASW,CE,Federal Contract Tower,31,9,28,26,94,0,0,59,1,60,31,9,87,27,154,88,6,94,248
02/16/2019,MFE,TX,ASW,CE,Federal Contract Tower,21,3,12,8,44,0,0,22,2,24,21,3,34,10,68,6,0,6,74
02/17/2019,MFE,TX,ASW,CE,Federal Contract Tower,20,15,30,21,86,0,0,13,4,17,20,15,43,25,103,14,0,14,117
02/18/2019,MFE,TX,ASW,CE,Federal Contract Tower,29,10,24,0,63,0,0,23,7,30,29,10,47,7,93,0,0,0,93
02/19/2019,MFE,TX,ASW,CE,Federal Contract Tower,31,9,41,28,109,0,0,0,0,0,31,9,41,28,109,0,0,0,109
02/20/2019,MFE,TX,ASW,CE,Federal Contract Tower,27,15,23,2,67,0,0,71,5,76,27,15,94,7,143,16,2,18,161
02/21/2019,MFE,TX,ASW,CE,Federal Contract Tower,32,12,46,4,94,0,0,32,7,39,32,12,78,11,133,52,0,52,185
02/22/2019,MFE,TX,ASW,CE,Federal Contract Tower,27,19,26,0,72,0,0,0,0,0,27,19,26,0,72,0,0,0,72
02/23/2019,MFE,TX,ASW,CE,Federal Contract Tower,18,6,20,0,44,0,0,33,2,35,18,6,53,2,79,16,0,16,95
02/24/2019,MFE,TX,ASW,CE,Federal Contract Tower,33,11,27,10,81,0,0,44,4,48,33,11,71,14,129,0,0,0,129
02/25/2019,MFE,TX,ASW,CE,Federal Contract Tower,34,11,18,58,121,0,0,74,14,88,34,11,92,72,209,4,0,4,213
02/26/2019,MFE,TX,ASW,CE,Federal Contract Tower,25,17,18,1,61,0,0,32,8,40,25,17,50,9,101,68,0,68,169
02/27/2019,MFE,TX,ASW,CE,Federal Contract Tower,26,11,38,13,88,0,0,48,13,61,26,11,86,26,149,24,88,112,261
02/28/2019,MFE,TX,ASW,CE,Federal Contract Tower,30,13,40,49,132,0,0,42,10,52,30,13,82,59,184,30,32,62,246
03/01/2019,MFE,TX,ASW,CE,Federal Contract Tower,31,22,27,15,95,0,0,19,0,19,31,22,46,15,114,6,0,6,120
03/02/2019,MFE,TX,ASW,CE,Federal Contract Tower,22,9,13,6,50,0,0,40,0,40,22,9,53,6,90,22,0,22,112
03/03/2019,MFE,TX,ASW,CE,Federal Contract Tower,36,6,17,11,70,0,0,14,0,14,36,6,31,11,84,0,0,0,84
03/04/2019,MFE,TX,ASW,CE,Federal Contract Tower,36,8,31,8,83,0,0,7,0,7,36,8,38,8,90,0,0,0,90
03/05/2019,MFE,TX,ASW,CE,Federal Contract Tower,31,8,44,16,99,0,1,73,5,79,31,9,117,21,178,32,0,32,210
03/06/2019,MFE,TX,ASW,CE,Federal Contract Tower,32,12,32,25,101,0,0,52,15,67,32,12,84,40,168,68,4,72,240
03/07/2019,MFE,TX,ASW,CE,Federal Contract Tower,27,26,33,47,133,0,0,49,6,55,27,26,82,53,188,46,0,46,234
03/08/2019,MFE,TX,ASW,CE,Federal Contract Tower,29,15,39,15,98,0,0,42,0,42,29,15,81,15,140,18,0,18,158
03/09/2019,MFE,TX,ASW,CE,Federal Contract Tower,21,3,7,12,43,0,0,44,0,44,21,3,51,12,87,60,0,60,147
03/10/2019,MFE,TX,ASW,CE,Federal Contract Tower,26,4,24,3,57,0,0,22,1,23,26,4,46,4,80,4,0,4,84
03/11/2019,MFE,TX,ASW,CE,Federal Contract Tower,33,8,21,36,98,0,0,39,10,49,33,8,60,46,147,12,6,18,165
03/12/2019,MFE,TX,ASW,CE,Federal Contract Tower,27,17,26,36,106,0,0,36,5,41,27,17,62,41,147,18,0,18,165
03/13/2019,MFE,TX,ASW,CE,Federal Contract Tower,30,15,23,33,101,0,0,66,5,71,30,15,89,38,172,14,0,14,186
03/14/2019,MFE,TX,ASW,CE,Federal Contract Tower,33,17,38,10,98,0,0,37,7,44,33,17,75,17,142,16,0,16,158
03/15/2019,MFE,TX,ASW,CE,Federal Contract Tower,33,8,23,2,66,0,0,54,0,54,33,8,77,2,120,32,0,32,152
03/16/2019,MFE,TX,ASW,CE,Federal Contract Tower,22,4,15,2,43,0,0,37,2,39,22,4,52,4,82,20,0,20,102
03/17/2019,MFE,TX,ASW,CE,Federal Contract Tower,29,15,17,2,63,0,0,32,4,36,29,15,49,6,99,18,0,18,117
03/18/2019,MFE,TX,ASW,CE,Federal Contract Tower,26,17,29,18,90,0,0,54,6,60,26,17,83,24,150,12,0,12,162
03/19/2019,MFE,TX,ASW,CE,Federal Contract Tower,28,12,36,10,86,0,0,26,3,29,28,12,62,13,115,28,0,28,143
03/20/2019,MFE,TX,ASW,CE,Federal Contract Tower,35,17,41,4,97,0,0,13,0,13,35,17,54,4,110,0,0,0,110
03/21/2019,MFE,TX,ASW,CE,Federal Contract Tower,29,13,27,30,99,0,0,66,3,69,29,13,93,33,168,58,0,58,226
03/22/2019,MFE,TX,ASW,CE,Federal Contract Tower,30,18,28,15,91,0,0,63,9,72,30,18,91,24,163,42,0,42,205
03/23/2019,MFE,TX,ASW,CE,Federal Contract Tower,24,7,17,14,62,0,0,39,0,39,24,7,56,14,101,34,0,34,135
03/24/2019,MFE,TX,ASW,CE,Federal Contract Tower,28,3,23,30,84,0,0,25,6,31,28,3,48,36,115,22,14,36,151
03/25/2019,MFE,TX,ASW,CE,Federal Contract Tower,30,13,37,29,109,0,0,60,7,67,30,13,97,36,176,66,0,66,242
03/26/2019,MFE,TX,ASW,CE,Federal Contract Tower,31,10,25,20,86,0,0,42,8,50,31,10,67,28,136,42,0,42,178
03/27/2019,MFE,TX,ASW,CE,Federal Contract Tower,26,15,34,20,95,0,0,75,5,80,26,15,109,25,175,46,0,46,221
03/28/2019,MFE,TX,ASW,CE,Federal Contract Tower,33,18,32,18,101,0,0,78,4,82,33,18,110,22,183,45,0,45,228
03/29/2019,MFE,TX,ASW,CE,Federal Contract Tower,30,14,40,5,89,0,0,61,4,65,30,14,101,9,154,16,0,16,170
03/30/2019,MFE,TX,ASW,CE,Federal Contract Tower,24,7,13,3,47,0,0,41,1,42,24,7,54,4,89,18,0,18,107
03/31/2019,MFE,TX,ASW,CE,Federal Contract Tower,30,8,17,5,60,0,0,18,0,18,30,8,35,5,78,10,0,10,88
04/01/2019,MFE,TX,ASW,CE,Federal Contract Tower,29,14,30,21,94,0,0,8,4,12,29,14,38,25,106,0,0,0,106
04/02/2019,MFE,TX,ASW,CE,Federal Contract Tower,27,9,40,20,96,0,0,49,9,58,27,9,89,29,154,46,0,46,200
04/03/2019,MFE,TX,ASW,CE,Federal Contract Tower,27,13,32,30,102,0,0,24,0,24,27,13,56,30,126,0,0,0,126
04/04/2019,MFE,TX,ASW,CE,Federal Contract Tower,25,12,30,24,91,0,0,53,13,66,25,12,83,37,157,66,96,162,319
04/05/2019,MFE,TX,ASW,CE,Federal Contract Tower,28,9,44,8,89,0,0,54,0,54,28,9,98,8,143,58,0,58,201
04/06/2019,MFE,TX,ASW,CE,Federal Contract Tower,25,8,12,8,53,0,1,55,0,56,25,9,67,8,109,80,0,80,189
04/07/2019,MFE,TX,ASW,CE,Federal Contract Tower,20,5,19,22,66,0,0,49,6,55,20,5,68,28,121,32,12,44,165
04/08/2019,MFE,TX,ASW,CE,Federal Contract Tower,26,8,21,9,64,0,0,76,8,84,26,8,97,17,148,38,0,38,186
04/09/2019,MFE,TX,ASW,CE,Federal Contract Tower,23,13,28,24,88,0,0,85,4,89,23,13,113,28,177,54,0,54,231
04/10/2019,MFE,TX,ASW,CE,Federal Contract Tower,25,13,33,18,89,0,0,79,3,82,25,13,112,21,171,76,0,76,247
04/11/2019,MFE,TX,ASW,CE,Federal Contract Tower,24,16,29,12,81,0,0,77,8,85,24,16,106,20,166,46,0,46,212
04/12/2019,MFE,TX,ASW,CE,Federal Contract Tower,22,12,43,8,85,0,0,51,7,58,22,12,94,15,143,78,4,82,225
04/13/2019,MFE,TX,ASW,CE,Federal Contract Tower,14,8,14,8,44,0,0,43,4,47,14,8,57,12,91,8,0,8,99
04/14/2019,MFE,TX,ASW,CE,Federal Contract Tower,25,7,12,11,55,0,1,52,8,61,25,8,64,19,116,38,0,38,154
04/15/2019,MFE,TX,ASW,CE,Federal Contract Tower,30,9,23,4,66,0,0,83,15,98,30,9,106,19,164,46,8,54,218
04/16/2019,MFE,TX,ASW,CE,Federal Contract Tower,26,6,31,5,68,0,0,67,7,74,26,6,98,12,142,62,10,72,214
04/17/2019,MFE,TX,ASW,CE,Federal Contract Tower,24,12,31,1,68,0,0,74,11,85,24,12,105,12,153,96,0,96,249
04/18/2019,MFE,TX,ASW,CE,Federal Contract Tower,31,7,32,0,70,0,2,74,11,87,31,9,106,11,157,80,0,80,237
04/19/2019,MFE,TX,ASW,CE,Federal Contract Tower,30,15,25,0,70,0,0,84,3,87,30,15,109,3,157,98,0,98,255
04/20/2019,MFE,TX,ASW,CE,Federal Contract Tower,23,4,9,0,36,0,0,50,4,54,23,4,59,4,90,142,0,142,232
04/21/2019,MFE,TX,ASW,CE,Federal Contract Tower,26,6,8,0,40,0,0,34,13,47,26,6,42,13,87,12,0,12,99
04/22/2019,MFE,TX,ASW,CE,Federal Contract Tower,28,12,29,21,90,0,0,63,12,75,28,12,92,33,165,56,0,56,221
04/23/2019,MFE,TX,ASW,CE,Federal Contract Tower,22,6,27,39,94,0,0,52,10,62,22,6,79,49,156,94,0,94,250
04/24/2019,MFE,TX,ASW,CE,Federal Contract Tower,26,8,39,33,106,0,0,63,12,75,26,8,102,45,181,54,0,54,235
04/25/2019,MFE,TX,ASW,CE,Federal Contract Tower,35,7,48,2,92,0,1,85,19,105,35,8,133,21,197,68,0,68,265
04/26/2019,MFE,TX,ASW,CE,Federal Contract Tower,26,10,35,4,75,0,0,74,4,78,26,10,109,8,153,64,0,64,217
04/27/2019,MFE,TX,ASW,CE,Federal Contract Tower,22,2,25,6,55,0,3,67,7,77,22,5,92,13,132,84,8,92,224
04/28/2019,MFE,TX,ASW,CE,Federal Contract Tower,27,8,13,19,67,0,2,41,10,53,27,10,54,29,120,30,0,30,150
04/29/2019,MFE,TX,ASW,CE,Federal Contract Tower,32,5,32,26,95,0,0,44,9,53,32,5,76,35,148,64,8,72,220
04/30/2019,MFE,TX,ASW,CE,Federal Contract Tower,29,8,46,50,133,0,0,51,7,58,29,8,97,57,191,8,0,8,199
05/01/2019,MFE,TX,ASW,CE,Federal Contract Tower,32,10,31,60,133,0,0,57,7,64,32,10,88,67,197,10,0,10,207
05/02/2019,MFE,TX,ASW,CE,Federal Contract Tower,29,13,29,64,135,0,0,59,13,72,29,13,88,77,207,28,10,38,245
05/03/2019,MFE,TX,ASW,CE,Federal Contract Tower,31,16,25,0,72,0,0,44,9,53,31,16,69,9,125,34,0,34,159
05/04/2019,MFE,TX,ASW,CE,Federal Contract Tower,24,1,9,20,54,0,0,31,4,35,24,1,40,24,89,54,0,54,143
05/05/2019,MFE,TX,ASW,CE,Federal Contract Tower,27,7,10,4,48,0,0,43,13,56,27,7,53,17,104,44,0,44,148
05/06/2019,MFE,TX,ASW,CE,Federal Contract Tower,25,14,20,64,123,0,0,35,9,44,25,14,55,73,167,68,0,68,235
05/07/2019,MFE,TX,ASW,CE,Federal Contract Tower,29,7,35,82,153,0,0,66,14,80,29,7,101,96,233,62,10,72,305
05/08/2019,MFE,TX,ASW,CE,Federal Contract Tower,25,19,28,60,132,0,0,54,12,66,25,19,82,72,198,56,4,60,258
05/09/2019,MFE,TX,ASW,CE,Federal Contract Tower,29,11,43,54,137,0,0,35,8,43,29,11,78,62,180,34,0,34,214
05/10/2019,MFE,TX,ASW,CE,Federal Contract Tower,30,3,29,23,85,0,0,31,0,31,30,3,60,23,116,22,0,22,138
05/11/2019,MFE,TX,ASW,CE,Federal Contract Tower,20,3,17,21,61,0,0,15,2,17,20,3,32,23,78,30,0,30,108
05/12/2019,MFE,TX,ASW,CE,Federal Contract Tower,21,11,17,10,59,0,0,42,2,44,21,11,59,12,103,92,0,92,195
05/13/2019,MFE,TX,ASW,CE,Federal Contract Tower,26,9,48,10,93,0,0,57,8,65,26,9,105,18,158,70,0,70,228
05/14/2019,MFE,TX,ASW,CE,Federal Contract Tower,28,14,37,13,92,0,0,24,5,29,28,14,61,18,121,0,0,0,121
05/15/2019,MFE,TX,ASW,CE,Federal Contract Tower,28,13,30,24,95,0,0,64,12,76,28,13,94,36,171,94,0,94,265
05/16/2019,MFE,TX,ASW,CE,Federal Contract Tower,26,6,42,4,78,0,0,58,6,64,26,6,100,10,142,102,0,102,244
05/17/2019,MFE,TX,ASW,CE,Federal Contract Tower,32,11,31,0,74,0,0,67,0,67,32,11,98,0,141,84,0,84,225
05/18/2019,MFE,TX,ASW,CE,Federal Contract Tower,16,4,9,25,54,0,0,40,7,47,16,4,49,32,101,84,0,84,185
05/19/2019,MFE,TX,ASW,CE,Federal Contract Tower,30,11,14,6,61,0,0,45,9,54,30,11,59,15,115,80,0,80,195
05/20/2019,MFE,TX,ASW,CE,Federal Contract Tower,28,15,34,20,97,0,0,24,11,35,28,15,58,31,132,20,0,20,152
05/21/2019,MFE,TX,ASW,CE,Federal Contract Tower,23,13,22,20,78,0,0,66,8,74,23,13,88,28,152,48,0,48,200
05/22/2019,MFE,TX,ASW,CE,Federal Contract Tower,28,16,36,27,107,0,0,55,8,63,28,16,91,35,170,54,0,54,224
05/23/2019,MFE,TX,ASW,CE,Federal Contract Tower,35,15,39,18,107,0,1,33,2,36,35,16,72,20,143,20,0,20,163
05/24/2019,MFE,TX,ASW,CE,Federal Contract Tower,31,14,37,13,95,0,0,67,7,74,31,14,104,20,169,72,0,72,241
05/25/2019,MFE,TX,ASW,CE,Federal Contract Tower,26,2,11,0,39,0,0,36,6,42,26,2,47,6,81,30,0,30,111
05/26/2019,MFE,TX,ASW,CE,Federal Contract Tower,25,8,16,3,52,0,0,34,7,41,25,8,50,10,93,0,0,0,93
05/27/2019,MFE,TX,ASW,CE,Federal Contract Tower,26,6,29,2,63,0,0,66,9,75,26,6,95,11,138,68,0,68,206
05/28/2019,MFE,TX,ASW,CE,Federal Contract Tower,26,12,26,14,78,0,0,40,9,49,26,12,66,23,127,12,0,12,139
05/29/2019,MFE,TX,ASW,CE,Federal Contract Tower,24,18,32,16,90,0,0,61,10,71,24,18,93,26,161,54,16,70,231
05/30/2019,MFE,TX,ASW,CE,Federal Contract Tower,29,14,29,34,106,0,0,79,21,100,29,14,108,55,206,96,6,102,308
05/31/2019,MFE,TX,ASW,CE,Federal Contract Tower,28,11,28,8,75,0,0,67,7,74,28,11,95,15,149,118,0,118,267
06/01/2019,MFE,TX,ASW,CE,Federal Contract Tower,28,5,16,0,49,0,0,34,2,36,28,5,50,2,85,80,0,80,165
06/02/2019,MFE,TX,ASW,CE,Federal Contract Tower,28,14,12,0,54,0,0,32,9,41,28,14,44,9,95,0,0,0,95
06/03/2019,MFE,TX,ASW,CE,Federal Contract Tower,31,15,29,27,102,0,0,38,9,47,31,15,67,36,149,22,10,32,181
06/04/2019,MFE,TX,ASW,CE,Federal Contract Tower,35,13,17,12,77,0,0,46,10,56,35,13,63,22,133,2,0,2,135
06/05/2019,MFE,TX,ASW,CE,Federal Contract Tower,27,17,32,30,106,0,0,57,16,73,27,17,89,46,179,90,20,110,289
06/06/2019,MFE,TX,ASW,CE,Federal Contract Tower,35,18,24,13,90,0,0,67,13,80,35,18,91,26,170,78,16,94,264
06/07/2019,MFE,TX,ASW,CE,Federal Contract Tower,31,15,18,11,75,0,0,62,5,67,31,15,80,16,142,56,0,56,198
06/08/2019,MFE,TX,ASW,CE,Federal Contract Tower,27,8,10,13,58,0,0,45,7,52,27,8,55,20,110,22,0,22,132
06/09/2019,MFE,TX,ASW,CE,Federal Contract Tower,24,8,8,13,53,0,0,53,9,62,24,8,61,22,115,84,0,84,199
06/10/2019,MFE,TX,ASW,CE,Federal Contract Tower,27,11,24,4,66,0,0,39,4,43,27,11,63,8,109,36,0,36,145
06/11/2019,MFE,TX,ASW,CE,Federal Contract Tower,28,14,21,10,73,0,0,35,9,44,28,14,56,19,117,14,0,14,131
06/12/2019,MFE,TX,ASW,CE,Federal Contract Tower,25,14,46,26,111,0,0,65,5,70,25,14,111,31,181,54,14,68,249
06/13/2019,MFE,TX,ASW,CE,Federal Contract Tower,37,11,33,18,99,0,0,89,9,98,37,11,122,27,197,90,2,92,289
06/14/2019,MFE,TX,ASW,CE,Federal Contract Tower,30,13,35,18,96,0,0,77,6,83,30,13,112,24,179,104,0,104,283
06/15/2019,MFE,TX,ASW,CE,Federal Contract Tower,21,11,13,0,45,0,0,57,4,61,21,11,70,4,106,158,0,158,264
06/16/2019,MFE,TX,ASW,CE,Federal Contract Tower,24,14,8,13,59,0,0,62,6,68,24,14,70,19,127,34,2,36,163
06/17/2019,MFE,TX,ASW,CE,Federal Contract Tower,26,14,30,16,86,0,0,45,4,49,26,14,75,20,135,22,0,22,157
06/18/2019,MFE,TX,ASW,CE,Federal Contract Tower,28,18,32,22,100,0,0,73,5,78,28,18,105,27,178,44,0,44,222
06/19/2019,MFE,TX,ASW,CE,Federal Contract Tower,22,18,46,18,104,0,0,81,11,92,22,18,127,29,196,10,0,10,206
06/20/2019,MFE,TX,ASW,CE,Federal Contract Tower,31,20,40,20,111,0,0,78,11,89,31,20,118,31,200,70,4,74,274
06/21/2019,MFE,TX,ASW,CE,Federal Contract Tower,30,19,36,10,95,0,0,53,0,53,30,19,89,10,148,0,0,0,148
06/22/2019,MFE,TX,ASW,CE,Federal Contract Tower,23,10,18,1,52,0,0,42,0,42,23,10,60,1,94,60,0,60,154
06/23/2019,MFE,TX,ASW,CE,Federal Contract Tower,31,11,31,35,108,0,0,57,8,65,31,11,88,43,173,52,0,52,225
06/24/2019,MFE,TX,ASW,CE,Federal Contract Tower,26,14,25,4,69,0,0,39,7,46,26,14,64,11,115,48,0,48,163
06/25/2019,MFE,TX,ASW,CE,Federal Contract Tower,28,23,37,47,135,0,0,30,8,38,28,23,67,55,173,36,0,36,209
06/26/2019,MFE,TX,ASW,CE,Federal Contract Tower,26,15,26,10,77,0,0,56,7,63,26,15,82,17,140,16,0,16,156
06/27/2019,MFE,TX,ASW,CE,Federal Contract Tower,34,12,33,47,126,0,0,59,9,68,34,12,92,56,194,28,0,28,222
06/28/2019,MFE,TX,ASW,CE,Federal Contract Tower,27,8,19,20,74,0,0,59,5,64,27,8,78,25,138,96,0,96,234
06/29/2019,MFE,TX,ASW,CE,Federal Contract Tower,21,10,20,8,59,0,0,68,3,71,21,10,88,11,130,86,0,86,216
06/30/2019,MFE,TX,ASW,CE,Federal Contract Tower,34,6,26,3,69,0,0,49,9,58,34,6,75,12,127,52,0,52,179
07/01/2019,MFE,TX,ASW,CE,Federal Contract Tower,24,13,21,24,82,0,0,73,15,88,24,13,94,39,170,62,0,62,232
07/02/2019,MFE,TX,ASW,CE,Federal Contract Tower,27,12,25,24,88,0,0,65,9,74,27,12,90,33,162,22,0,22,184
07/03/2019,MFE,TX,ASW,CE,Federal Contract Tower,32,19,17,32,100,0,0,69,15,84,32,19,86,47,184,68,2,70,254
07/04/2019,MFE,TX,ASW,CE,Federal Contract Tower,23,12,12,0,47,0,0,45,4,49,23,12,57,4,96,62,0,62,158
07/05/2019,MFE,TX,ASW,CE,Federal Contract Tower,27,7,10,1,45,0,0,44,3,47,27,7,54,4,92,30,0,30,122
07/06/2019,MFE,TX,ASW,CE,Federal Contract Tower,22,6,14,6,48,0,0,53,3,56,22,6,67,9,104,136,0,136,240
07/07/2019,MFE,TX,ASW,CE,Federal Contract Tower,33,3,16,8,60,0,0,50,10,60,33,3,66,18,120,90,0,90,210
07/08/2019,MFE,TX,ASW,CE,Federal Contract Tower,26,10,18,33,87,0,0,50,15,65,26,10,68,48,152,42,24,66,218
07/09/2019,MFE,TX,ASW,CE,Federal Contract Tower,37,16,34,24,111,0,0,98,14,112,37,16,132,38,223,92,0,92,315
07/10/2019,MFE,TX,ASW,CE,Federal Contract Tower,22,15,19,23,79,0,0,78,11,89,22,15,97,34,168,94,0,94,262
07/11/2019,MFE,TX,ASW,CE,Federal Contract Tower,27,12,27,9,75,0,0,81,11,92,27,12,108,20,167,88,2,90,257
07/12/2019,MFE,TX,ASW,CE,Federal Contract Tower,34,7,16,26,83,0,0,79,2,81,34,7,95,28,164,58,0,58,222
07/13/2019,MFE,TX,ASW,CE,Federal Contract Tower,24,9,16,2,51,0,0,40,0,40,24,9,56,2,91,12,0,12,103
07/14/2019,MFE,TX,ASW,CE,Federal Contract Tower,28,5,18,0,51,0,0,69,7,76,28,5,87,7,127,142,0,142,269
07/15/2019,MFE,TX,ASW,CE,Federal Contract Tower,27,8,63,27,125,0,0,80,12,92,27,8,143,39,217,74,4,78,295
07/16/2019,MFE,TX,ASW,CE,Federal Contract Tower,29,9,20,49,107,0,0,56,14,70,29,9,76,63,177,60,0,60,237
07/17/2019,MFE,TX,ASW,CE,Federal Contract Tower,32,13,31,15,91,0,0,75,5,80,32,13,106,20,171,16,0,16,187
07/18/2019,MFE,TX,ASW,CE,Federal Contract Tower,35,16,29,22,102,0,2,71,15,88,35,18,100,37,190,64,4,68,258
07/19/2019,MFE,TX,ASW,CE,Federal Contract Tower,33,9,38,19,99,0,0,58,2,60,33,9,96,21,159,10,0,10,169
07/20/2019,MFE,TX,ASW,CE,Federal Contract Tower,24,11,12,21,68,0,0,42,0,42,24,11,54,21,110,22,0,22,132
07/21/2019,MFE,TX,ASW,CE,Federal Contract Tower,33,12,26,5,76,0,0,52,0,52,33,12,78,5,128,48,0,48,176
07/22/2019,MFE,TX,ASW,CE,Federal Contract Tower,28,11,28,24,91,0,0,68,13,81,28,11,96,37,172,70,20,90,262
07/23/2019,MFE,TX,ASW,CE,Federal Contract Tower,28,13,21,10,72,0,0,52,19,71,28,13,73,29,143,20,6,26,169
07/24/2019,MFE,TX,ASW,CE,Federal Contract Tower,31,11,31,16,89,0,0,66,12,78,31,11,97,28,167,30,0,30,197
07/25/2019,MFE,TX,ASW,CE,Federal Contract Tower,33,12,43,35,123,0,0,78,11,89,33,12,121,46,212,42,6,48,260
07/26/2019,MFE,TX,ASW,CE,Federal Contract Tower,31,10,12,14,67,0,0,81,4,85,31,10,93,18,152,52,18,70,222
07/27/2019,MFE,TX,ASW,CE,Federal Contract Tower,28,9,20,15,72,0,0,48,4,52,28,9,68,19,124,50,0,50,174
07/28/2019,MFE,TX,ASW,CE,Federal Contract Tower,32,12,9,32,85,0,0,43,8,51,32,12,52,40,136,18,0,18,154
07/29/2019,MFE,TX,ASW,CE,Federal Contract Tower,23,15,27,13,78,0,0,49,7,56,23,15,76,20,134,0,0,0,134
07/30/2019,MFE,TX,ASW,CE,Federal Contract Tower,30,12,25,74,141,0,0,90,13,103,30,12,115,87,244,62,6,68,312
07/31/2019,MFE,TX,ASW,CE,Federal Contract Tower,28,14,32,39,113,0,0,98,20,118,28,14,130,59,231,112,16,128,359
08/01/2019,MFE,TX,ASW,CE,Federal Contract Tower,34,14,19,12,79,0,0,77,8,85,34,14,96,20,164,64,0,64,228
08/02/2019,MFE,TX,ASW,CE,Federal Contract Tower,22,13,18,10,63,0,0,63,5,68,22,13,81,15,131,30,0,30,161
08/03/2019,MFE,TX,ASW,CE,Federal Contract Tower,24,10,3,11,48,0,0,60,3,63,24,10,63,14,111,68,0,68,179
08/04/2019,MFE,TX,ASW,CE,Federal Contract Tower,33,6,12,25,76,0,0,41,15,56,33,6,53,40,132,54,0,54,186
08/05/2019,MFE,TX,ASW,CE,Federal Contract Tower,21,18,13,13,65,0,0,51,11,62,21,18,64,24,127,36,0,36,163
08/06/2019,MFE,TX,ASW,CE,Federal Contract Tower,32,12,19,32,95,0,0,57,8,65,32,12,76,40,160,74,2,76,236
08/07/2019,MFE,TX,ASW,CE,Federal Contract Tower,31,11,40,14,96,0,0,59,18,77,31,11,99,32,173,14,26,40,213
08/08/2019,MFE,TX,ASW,CE,Federal Contract Tower,36,8,29,24,97,0,0,41,11,52,36,8,70,35,149,0,0,0,149
08/09/2019,MFE,TX,ASW,CE,Federal Contract Tower,34,9,25,16,84,0,0,42,6,48,34,9,67,22,132,18,0,18,150
08/10/2019,MFE,TX,ASW,CE,Federal Contract Tower,30,7,7,16,60,0,0,46,4,50,30,7,53,20,110,80,0,80,190
08/11/2019,MFE,TX,ASW,CE,Federal Contract Tower,38,4,9,13,64,0,0,36,9,45,38,4,45,22,109,4,0,4,113
08/12/2019,MFE,TX,ASW,CE,Federal Contract Tower,30,6,22,10,68,0,0,85,11,96,30,6,107,21,164,32,0,32,196
08/13/2019,MFE,TX,ASW,CE,Federal Contract Tower,26,11,23,30,90,0,0,62,15,77,26,11,85,45,167,14,12,26,193
08/14/2019,MFE,TX,ASW,CE,Federal Contract Tower,23,11,27,41,102,0,0,52,7,59,23,11,79,48,161,18,0,18,179
08/15/2019,MFE,TX,ASW,CE,Federal Contract Tower,30,15,36,12,93,0,0,64,11,75,30,15,100,23,168,42,0,42,210
08/16/2019,MFE,TX,ASW,CE,Federal Contract Tower,29,9,25,21,84,0,0,57,12,69,29,9,82,33,153,24,4,28,181
08/17/2019,MFE,TX,ASW,CE,Federal Contract Tower,21,9,10,9,49,0,0,52,4,56,21,9,62,13,105,76,0,76,181
08/18/2019,MFE,TX,ASW,CE,Federal Contract Tower,31,6,16,15,68,0,0,36,13,49,31,6,52,28,117,22,0,22,139
08/19/2019,MFE,TX,ASW,CE,Federal Contract Tower,31,10,17,41,99,0,0,38,13,51,31,10,55,54,150,58,0,58,208
08/20/2019,MFE,TX,ASW,CE,Federal Contract Tower,25,4,29,35,93,0,0,61,5,66,25,4,90,40,159,32,0,32,191
08/21/2019,MFE,TX,ASW,CE,Federal Contract Tower,28,9,37,9,83,0,0,42,11,53,28,9,79,20,136,16,0,16,152
08/22/2019,MFE,TX,ASW,CE,Federal Contract Tower,34,10,31,10,85,0,0,58,9,67,34,10,89,19,152,6,0,6,158
08/23/2019,MFE,TX,ASW,CE,Federal Contract Tower,31,10,19,11,71,0,0,46,1,47,31,10,65,12,118,48,0,48,166
08/24/2019,MFE,TX,ASW,CE,Federal Contract Tower,21,7,5,8,41,0,0,38,4,42,21,7,43,12,83,52,0,52,135
08/25/2019,MFE,TX,ASW,CE,Federal Contract Tower,28,13,17,0,58,0,0,23,9,32,28,13,40,9,90,16,0,16,106
08/26/2019,MFE,TX,ASW,CE,Federal Contract Tower,34,3,32,34,103,0,0,42,9,51,34,3,74,43,154,0,8,8,162
08/27/2019,MFE,TX,ASW,CE,Federal Contract Tower,24,7,20,50,101,0,0,61,14,75,24,7,81,64,176,40,24,64,240
08/28/2019,MFE,TX,ASW,CE,Federal Contract Tower,23,8,30,34,95,0,0,60,6,66,23,8,90,40,161,14,0,14,175
08/29/2019,MFE,TX,ASW,CE,Federal Contract Tower,36,12,39,34,121,0,0,51,10,61,36,12,90,44,182,20,0,20,202
08/30/2019,MFE,TX,ASW,CE,Federal Contract Tower,27,3,25,20,75,0,0,71,2,73,27,3,96,22,148,42,0,42,190
08/31/2019,MFE,TX,ASW,CE,Federal Contract Tower,22,3,10,4,39,0,0,51,0,51,22,3,61,4,90,56,0,56,146
09/01/2019,MFE,TX,ASW,CE,Federal Contract Tower,28,3,20,10,61,0,0,41,3,44,28,3,61,13,105,10,0,10,115
09/02/2019,MFE,TX,ASW,CE,Federal Contract Tower,26,6,20,0,52,0,0,42,5,47,26,6,62,5,99,20,0,20,119
09/03/2019,MFE,TX,ASW,CE,Federal Contract Tower,29,6,24,0,59,0,0,10,4,14,29,6,34,4,73,18,0,18,91
09/04/2019,MFE,TX,ASW,CE,Federal Contract Tower,30,3,12,0,45,0,0,11,0,11,30,3,23,0,56,10,0,10,66
09/05/2019,MFE,TX,ASW,CE,Federal Contract Tower,36,4,25,2,67,0,2,36,5,43,36,6,61,7,110,26,0,26,136
09/06/2019,MFE,TX,ASW,CE,Federal Contract Tower,33,7,19,20,79,0,0,41,3,44,33,7,60,23,123,20,16,36,159
09/07/2019,MFE,TX,ASW,CE,Federal Contract Tower,18,7,9,5,39,0,0,36,3,39,18,7,45,8,78,10,2,12,90
09/08/2019,MFE,TX,ASW,CE,Federal Contract Tower,34,14,12,27,87,0,0,29,4,33,34,14,41,31,120,0,0,0,120
09/09/2019,MFE,TX,ASW,CE,Federal Contract Tower,32,8,24,6,70,0,0,49,4,53,32,8,73,10,123,34,0,34,157
09/10/2019,MFE,TX,ASW,CE,Federal Contract Tower,29,4,24,36,93,0,0,72,2,74,29,4,96,38,167,50,0,50,217
09/11/2019,MFE,TX,ASW,CE,Federal Contract Tower,33,13,26,22,94,0,0,52,5,57,33,13,78,27,151,4,10,14,165
09/12/2019,MFE,TX,ASW,CE,Federal Contract Tower,34,9,38,7,88,0,0,67,0,67,34,9,105,7,155,6,0,6,161
09/13/2019,MFE,TX,ASW,CE,Federal Contract Tower,32,12,23,6,73,0,0,47,0,47,32,12,70,6,120,26,0,26,146
09/14/2019,MFE,TX,ASW,CE,Federal Contract Tower,19,6,10,2,37,0,0,41,4,45,19,6,51,6,82,40,6,46,128
09/15/2019,MFE,TX,ASW,CE,Federal Contract Tower,35,4,9,4,52,0,0,45,0,45,35,4,54,4,97,12,0,12,109
09/16/2019,MFE,TX,ASW,CE,Federal Contract Tower,39,8,31,9,87,0,0,61,1,62,39,8,92,10,149,54,0,54,203
09/17/2019,MFE,TX,ASW,CE,Federal Contract Tower,25,10,17,57,109,0,0,82,1,83,25,10,99,58,192,48,10,58,250
09/18/2019,MFE,TX,ASW,CE,Federal Contract Tower,27,7,28,59,121,0,0,72,5,77,27,7,100,64,198,26,4,30,228
09/19/2019,MFE,TX,ASW,CE,Federal Contract Tower,21,10,21,60,112,0,0,65,10,75,21,10,86,70,187,32,0,32,219
09/20/2019,MFE,TX,ASW,CE,Federal Contract Tower,24,18,36,36,114,0,0,73,1,74,24,18,109,37,188,10,0,10,198
09/21/2019,MFE,TX,ASW,CE,Federal Contract Tower,20,4,12,6,42,0,0,38,0,38,20,4,50,6,80,8,0,8,88
09/22/2019,MFE,TX,ASW,CE,Federal Contract Tower,29,6,16,15,66,0,0,41,2,43,29,6,57,17,109,20,0,20,129
09/23/2019,MFE,TX,ASW,CE,Federal Contract Tower,29,12,22,30,93,0,0,36,6,42,29,12,58,36,135,26,0,26,161
09/24/2019,MFE,TX,ASW,CE,Federal Contract Tower,24,9,26,56,115,0,0,54,1,55,24,9,80,57,170,0,0,0,170
09/25/2019,MFE,TX,ASW,CE,Federal Contract Tower,26,12,37,45,120,0,2,66,5,73,26,14,103,50,193,34,0,34,227
09/26/2019,MFE,TX,ASW,CE,Federal Contract Tower,34,14,43,11,102,0,0,66,0,66,34,14,109,11,168,18,12,30,198
09/27/2019,MFE,TX,ASW,CE,Federal Contract Tower,27,20,36,23,106,0,0,115,5,120,27,20,151,28,226,34,0,34,260
09/28/2019,MFE,TX,ASW,CE,Federal Contract Tower,21,9,18,0,48,0,0,49,0,49,21,9,67,0,97,26,0,26,123
09/29/2019,MFE,TX,ASW,CE,Federal Contract Tower,27,12,20,4,63,0,0,31,0,31,27,12,51,4,94,12,0,12,106
09/30/2019,MFE,TX,ASW,CE,Federal Contract Tower,29,8,33,8,78,0,0,33,2,35,29,8,66,10,113,30,0,30,143
10/01/2019,MFE,TX,ASW,CE,Federal Contract Tower,28,8,30,39,105,0,0,59,5,64,28,8,89,44,169,36,2,38,207
10/02/2019,MFE,TX,ASW,CE,Federal Contract Tower,31,11,37,32,111,0,0,80,3,83,31,11,117,35,194,38,10,48,242
10/03/2019,MFE,TX,ASW,CE,Federal Contract Tower,37,9,28,8,82,0,0,76,2,78,37,9,104,10,160,26,0,26,186
10/04/2019,MFE,TX,ASW,CE,Federal Contract Tower,30,5,25,6,66,0,0,59,0,59,30,5,84,6,125,34,0,34,159
10/05/2019,MFE,TX,ASW,CE,Federal Contract Tower,21,2,21,18,62,0,0,44,0,44,21,2,65,18,106,16,0,16,122
10/06/2019,MFE,TX,ASW,CE,Federal Contract Tower,30,2,10,4,46,0,0,41,0,41,30,2,51,4,87,22,0,22,109
10/07/2019,MFE,TX,ASW,CE,Federal Contract Tower,32,11,18,37,98,0,0,57,6,63,32,11,75,43,161,22,0,22,183
10/08/2019,MFE,TX,ASW,CE,Federal Contract Tower,23,13,26,24,86,0,1,63,3,67,23,14,89,27,153,22,0,22,175
10/09/2019,MFE,TX,ASW,CE,Federal Contract Tower,26,15,19,32,92,0,1,72,2,75,26,16,91,34,167,20,0,20,187
10/10/2019,MFE,TX,ASW,CE,Federal Contract Tower,32,12,39,18,101,0,0,75,0,75,32,12,114,18,176,72,0,72,248
10/11/2019,MFE,TX,ASW,CE,Federal Contract Tower,34,8,35,17,94,0,0,45,1,46,34,8,80,18,140,18,0,18,158
10/12/2019,MFE,TX,ASW,CE,Federal Contract Tower,19,4,16,4,43,0,0,52,0,52,19,4,68,4,95,122,0,122,217
10/13/2019,MFE,TX,ASW,CE,Federal Contract Tower,33,7,37,0,77,0,0,31,2,33,33,7,68,2,110,50,0,50,160
10/14/2019,MFE,TX,ASW,CE,Federal Contract Tower,30,8,27,11,76,0,0,50,4,54,30,8,77,15,130,36,10,46,176
10/15/2019,MFE,TX,ASW,CE,Federal Contract Tower,21,12,17,30,80,0,0,41,1,42,21,12,58,31,122,42,0,42,164
10/16/2019,MFE,TX,ASW,CE,Federal Contract Tower,25,18,30,75,148,0,0,46,1,47,25,18,76,76,195,22,0,22,217
10/17/2019,MFE,TX,ASW,CE,Federal Contract Tower,30,13,42,51,136,0,0,63,1,64,30,13,105,52,200,46,12,58,258
10/18/2019,MFE,TX,ASW,CE,Federal Contract Tower,32,10,27,28,97,0,1,73,0,74,32,11,100,28,171,24,0,24,195
10/19/2019,MFE,TX,ASW,CE,Federal Contract Tower,18,4,15,11,48,0,0,54,1,55,18,4,69,12,103,20,0,20,123
10/20/2019,MFE,TX,ASW,CE,Federal Contract Tower,33,7,36,10,86,0,0,15,0,15,33,7,51,10,101,0,0,0,101
10/21/2019,MFE,TX,ASW,CE,Federal Contract Tower,26,16,45,26,113,0,0,35,1,36,26,16,80,27,149,26,0,26,175
10/22/2019,MFE,TX,ASW,CE,Federal Contract Tower,23,13,30,29,95,0,0,69,2,71,23,13,99,31,166,44,0,44,210
10/23/2019,MFE,TX,ASW,CE,Federal Contract Tower,23,18,37,15,93,0,0,78,6,84,23,18,115,21,177,48,2,50,227
10/24/2019,MFE,TX,ASW,CE,Federal Contract Tower,32,14,30,16,92,0,0,50,0,50,32,14,80,16,142,94,0,94,236
10/25/2019,MFE,TX,ASW,CE,Federal Contract Tower,32,9,18,9,68,0,0,44,0,44,32,9,62,9,112,0,0,0,112
10/26/2019,MFE,TX,ASW,CE,Federal Contract Tower,18,3,13,20,54,0,0,53,2,55,18,3,66,22,109,80,12,92,201
10/27/2019,MFE,TX,ASW,CE,Federal Contract Tower,31,8,18,17,74,0,0,53,0,53,31,8,71,17,127,18,0,18,145
10/28/2019,MFE,TX,ASW,CE,Federal Contract Tower,28,6,26,41,101,0,0,80,8,88,28,6,106,49,189,40,0,40,229
10/29/2019,MFE,TX,ASW,CE,Federal Contract Tower,20,11,27,76,134,0,0,46,8,54,20,11,73,84,188,26,6,32,220
10/30/2019,MFE,TX,ASW,CE,Federal Contract Tower,35,7,27,25,94,0,0,41,6,47,35,7,68,31,141,22,0,22,163
10/31/2019,MFE,TX,ASW,CE,Federal Contract Tower,27,12,30,49,118,0,0,66,0,66,27,12,96,49,184,24,0,24,208
11/01/2019,MFE,TX,ASW,CE,Federal Contract Tower,31,10,21,26,88,0,0,89,0,89,31,10,110,26,177,54,0,54,231
11/02/2019,MFE,TX,ASW,CE,Federal Contract Tower,24,6,16,9,55,0,0,59,0,59,24,6,75,9,114,76,0,76,190
11/03/2019,MFE,TX,ASW,CE,Federal Contract Tower,31,6,25,0,62,0,0,45,0,45,31,6,70,0,107,0,0,0,107
11/04/2019,MFE,TX,ASW,CE,Federal Contract Tower,29,10,23,26,88,0,0,57,0,57,29,10,80,26,145,10,0,10,155
11/05/2019,MFE,TX,ASW,CE,Federal Contract Tower,23,15,26,26,90,0,0,60,8,68,23,15,86,34,158,16,0,16,174
11/06/2019,MFE,TX,ASW,CE,Federal Contract Tower,24,15,26,21,86,0,0,66,0,66,24,15,92,21,152,26,0,26,178
11/07/2019,MFE,TX,ASW,CE,Federal Contract Tower,34,13,41,16,104,0,0,53,6,59,34,13,94,22,163,48,8,56,219
11/08/2019,MFE,TX,ASW,CE,Federal Contract Tower,29,10,32,57,128,0,0,14,0,14,29,10,46,57,142,0,0,0,142
11/09/2019,MFE,TX,ASW,CE,Federal Contract Tower,18,5,14,4,41,0,0,55,0,55,18,5,69,4,96,70,0,70,166
11/10/2019,MFE,TX,ASW,CE,Federal Contract Tower,36,10,17,5,68,0,0,47,0,47,36,10,64,5,115,28,0,28,143
11/11/2019,MFE,TX,ASW,CE,Federal Contract Tower,34,10,27,14,85,0,0,35,0,35,34,10,62,14,120,64,0,64,184
11/12/2019,MFE,TX,ASW,CE,Federal Contract Tower,19,19,25,0,63,0,0,14,0,14,19,19,39,0,77,6,0,6,83
11/13/2019,MFE,TX,ASW,CE,Federal Contract Tower,29,33,26,0,88,0,0,23,2,25,29,33,49,2,113,16,0,16,129
11/14/2019,MFE,TX,ASW,CE,Federal Contract Tower,45,37,34,5,121,0,0,19,0,19,45,37,53,5,140,0,22,22,162
11/15/2019,MFE,TX,ASW,CE,Federal Contract Tower,35,31,24,0,90,0,0,91,1,92,35,31,115,1,182,66,0,66,248
11/16/2019,MFE,TX,ASW,CE,Federal Contract Tower,20,4,14,0,38,0,0,78,0,78,20,4,92,0,116,92,0,92,208
11/17/2019,MFE,TX,ASW,CE,Federal Contract Tower,32,2,13,0,47,0,0,28,0,28,32,2,41,0,75,20,0,20,95
11/18/2019,MFE,TX,ASW,CE,Federal Contract Tower,32,12,40,22,106,0,0,66,22,88,32,12,106,44,194,36,0,36,230
11/19/2019,MFE,TX,ASW,CE,Federal Contract Tower,24,23,33,22,102,0,0,64,11,75,24,23,97,33,177,2,0,2,179
11/20/2019,MFE,TX,ASW,CE,Federal Contract Tower,28,31,31,19,109,0,0,56,5,61,28,31,87,24,170,24,0,24,194
11/21/2019,MFE,TX,ASW,CE,Federal Contract Tower,36,34,38,13,121,0,0,72,9,81,36,34,110,22,202,8,0,8,210
11/22/2019,MFE,TX,ASW,CE,Federal Contract Tower,32,29,47,2,110,0,0,72,0,72,32,29,119,2,182,52,0,52,234
11/23/2019,MFE,TX,ASW,CE,Federal Contract Tower,21,5,32,15,73,0,0,62,0,62,21,5,94,15,135,28,0,28,163
11/24/2019,MFE,TX,ASW,CE,Federal Contract Tower,36,8,18,0,62,0,0,72,0,72,36,8,90,0,134,18,0,18,152
11/25/2019,MFE,TX,ASW,CE,Federal Contract Tower,36,21,25,30,112,0,0,49,0,49,36,21,74,30,161,6,0,6,167
11/26/2019,MFE,TX,ASW,CE,Federal Contract Tower,31,23,26,30,110,0,0,66,3,69,31,23,92,33,179,0,32,32,211
11/27/2019,MFE,TX,ASW,CE,Federal Contract Tower,37,18,36,0,91,0,0,38,0,38,37,18,74,0,129,4,0,4,133
11/28/2019,MFE,TX,ASW,CE,Federal Contract Tower,25,9,24,0,58,0,0,35,1,36,25,9,59,1,94,0,0,0,94
11/29/2019,MFE,TX,ASW,CE,Federal Contract Tower,26,10,17,0,53,0,0,29,0,29,26,10,46,0,82,20,0,20,102
11/30/2019,MFE,TX,ASW,CE,Federal Contract Tower,28,9,17,4,58,0,0,49,2,51,28,9,66,6,109,18,26,44,153
12/01/2019,MFE,TX,ASW,CE,Federal Contract Tower,36,9,31,2,78,0,0,72,4,76,36,9,103,6,154,18,0,18,172
12/02/2019,MFE,TX,ASW,CE,Federal Contract Tower,31,15,23,21,90,0,0,58,6,64,31,15,81,27,154,28,0,28,182
12/03/2019,MFE,TX,ASW,CE,Federal Contract Tower,25,9,29,43,106,0,0,75,0,75,25,9,104,43,181,6,0,6,187
12/04/2019,MFE,TX,ASW,CE,Federal Contract Tower,30,28,30,31,119,0,0,76,1,77,30,28,106,32,196,24,1,25,221
12/05/2019,MFE,TX,ASW,CE,Federal Contract Tower,30,33,26,33,122,0,0,54,0,54,30,33,80,33,176,32,0,32,208
12/06/2019,MFE,TX,ASW,CE,Federal Contract Tower,32,12,38,0,82,0,0,55,0,55,32,12,93,0,137,62,0,62,199
12/07/2019,MFE,TX,ASW,CE,Federal Contract Tower,19,5,17,0,41,0,0,98,0,98,19,5,115,0,139,60,0,60,199
12/08/2019,MFE,TX,ASW,CE,Federal Contract Tower,30,12,26,9,77,0,0,50,1,51,30,12,76,10,128,24,0,24,152
12/09/2019,MFE,TX,ASW,CE,Federal Contract Tower,29,9,30,38,106,0,0,66,2,68,29,9,96,40,174,34,0,34,208
12/10/2019,MFE,TX,ASW,CE,Federal Contract Tower,19,19,22,39,99,0,0,12,1,13,19,19,34,40,112,0,0,0,112
12/11/2019,MFE,TX,ASW,CE,Federal Contract Tower,27,19,48,18,112,0,0,45,5,50,27,19,93,23,162,38,0,38,200
12/12/2019,MFE,TX,ASW,CE,Federal Contract Tower,33,19,38,34,124,0,0,90,0,90,33,19,128,34,214,62,0,62,276
12/13/2019,MFE,TX,ASW,CE,Federal Contract Tower,28,11,35,5,79,0,0,117,8,125,28,11,152,13,204,46,0,46,250
12/14/2019,MFE,TX,ASW,CE,Federal Contract Tower,24,3,20,8,55,0,0,78,0,78,24,3,98,8,133,80,0,80,213
12/15/2019,MFE,TX,ASW,CE,Federal Contract Tower,30,9,17,0,56,0,0,52,0,52,30,9,69,0,108,8,0,8,116
12/16/2019,MFE,TX,ASW,CE,Federal Contract Tower,25,19,32,50,126,0,0,56,15,71,25,19,88,65,197,12,32,44,241
12/17/2019,MFE,TX,ASW,CE,Federal Contract Tower,22,12,30,30,94,0,0,69,4,73,22,12,99,34,167,86,0,86,253
12/18/2019,MFE,TX,ASW,CE,Federal Contract Tower,21,13,33,29,96,0,0,77,3,80,21,13,110,32,176,40,0,40,216
12/19/2019,MFE,TX,ASW,CE,Federal Contract Tower,33,19,69,16,137,0,0,76,0,76,33,19,145,16,213,56,0,56,269
12/20/2019,MFE,TX,ASW,CE,Federal Contract Tower,30,15,49,4,98,0,0,0,0,0,30,15,49,4,98,0,0,0,98
12/21/2019,MFE,TX,ASW,CE,Federal Contract Tower,22,10,28,0,60,0,0,9,0,9,22,10,37,0,69,0,0,0,69
12/22/2019,MFE,TX,ASW,CE,Federal Contract Tower,28,10,20,12,70,0,0,40,0,40,28,10,60,12,110,2,0,2,112
12/23/2019,MFE,TX,ASW,CE,Federal Contract Tower,24,11,39,18,92,0,0,66,2,68,24,11,105,20,160,0,10,10,170
12/24/2019,MFE,TX,ASW,CE,Federal Contract Tower,18,14,11,0,43,0,0,41,0,41,18,14,52,0,84,6,0,6,90
12/25/2019,MFE,TX,ASW,CE,Federal Contract Tower,27,4,10,0,41,0,0,34,0,34,27,4,44,0,75,10,0,10,85
12/26/2019,MFE,TX,ASW,CE,Federal Contract Tower,37,7,23,14,81,0,0,61,0,61,37,7,84,14,142,28,0,28,170
12/27/2019,MFE,TX,ASW,CE,Federal Contract Tower,20,17,27,4,68,0,0,49,8,57,20,17,76,12,125,70,4,74,199
12/28/2019,MFE,TX,ASW,CE,Federal Contract Tower,15,13,21,1,50,0,0,20,1,21,15,13,41,2,71,0,0,0,71
12/29/2019,MFE,TX,ASW,CE,Federal Contract Tower,28,9,14,0,51,0,0,35,0,35,28,9,49,0,86,0,0,0,86
12/30/2019,MFE,TX,ASW,CE,Federal Contract Tower,21,13,25,35,94,0,0,58,0,58,21,13,83,35,152,34,0,34,186
12/31/2019,MFE,TX,ASW,CE,Federal Contract Tower,20,12,13,6,51,0,0,25,0,25,20,12,38,6,76,0,0,0,76
01/01/2020,MFE,TX,ASW,CE,Federal Contract Tower,24,7,9,0,40,0,0,0,0,0,24,7,9,0,40,0,0,0,40
01/02/2020,MFE,TX,ASW,CE,Federal Contract Tower,31,9,19,16,75,0,0,50,0,50,31,9,69,16,125,26,0,26,151
01/03/2020,MFE,TX,ASW,CE,Federal Contract Tower,28,12,21,4,65,0,0,41,1,42,28,12,62,5,107,6,8,14,121
01/04/2020,MFE,TX,ASW,CE,Federal Contract Tower,17,13,26,8,64,0,0,56,0,56,17,13,82,8,120,44,0,44,164
01/05/2020,MFE,TX,ASW,CE,Federal Contract Tower,31,15,24,4,74,0,0,34,0,34,31,15,58,4,108,22,0,22,130
01/06/2020,MFE,TX,ASW,CE,Federal Contract Tower,23,17,20,23,83,0,0,59,0,59,23,17,79,23,142,36,0,36,178
01/07/2020,MFE,TX,ASW,CE,Federal Contract Tower,18,19,19,40,96,0,0,60,1,61,18,19,79,41,157,60,0,60,217
01/08/2020,MFE,TX,ASW,CE,Federal Contract Tower,23,13,29,4,69,0,0,57,4,61,23,13,86,8,130,40,8,48,178
01/09/2020,MFE,TX,ASW,CE,Federal Contract Tower,28,13,26,9,76,0,0,46,3,49,28,13,72,12,125,14,30,44,169
01/10/2020,MFE,TX,ASW,CE,Federal Contract Tower,22,12,13,10,57,0,0,17,0,17,22,12,30,10,74,0,0,0,74
01/11/2020,MFE,TX,ASW,CE,Federal Contract Tower,12,15,9,10,46,0,0,32,0,32,12,15,41,10,78,14,0,14,92
01/12/2020,MFE,TX,ASW,CE,Federal Contract Tower,24,10,20,18,72,0,0,38,2,40,24,10,58,20,112,28,10,38,150
01/13/2020,MFE,TX,ASW,CE,Federal Contract Tower,20,14,37,4,75,0,0,27,0,27,20,14,64,4,102,4,0,4,106
01/14/2020,MFE,TX,ASW,CE,Federal Contract Tower,22,10,33,36,101,0,0,64,2,66,22,10,97,38,167,44,12,56,223
01/15/2020,MFE,TX,ASW,CE,Federal Contract Tower,23,14,32,18,87,0,0,52,8,60,23,14,84,26,147,26,14,40,187
01/16/2020,MFE,TX,ASW,CE,Federal Contract Tower,30,14,44,58,146,0,0,38,6,44,30,14,82,64,190,26,8,34,224
01/17/2020,MFE,TX,ASW,CE,Federal Contract Tower,25,20,29,12,86,0,0,59,5,64,25,20,88,17,150,34,0,34,184
01/18/2020,MFE,TX,ASW,CE,Federal Contract Tower,18,5,5,7,35,0,0,27,1,28,18,5,32,8,63,112,0,112,175
01/19/2020,MFE,TX,ASW,CE,Federal Contract Tower,30,6,13,1,50,0,0,26,0,26,30,6,39,1,76,40,16,56,132
01/20/2020,MFE,TX,ASW,CE,Federal Contract Tower,23,10,17,2,52,0,0,61,0,61,23,10,78,2,113,54,0,54,167
01/21/2020,MFE,TX,ASW,CE,Federal Contract Tower,19,18,21,20,78,0,0,46,3,49,19,18,67,23,127,30,0,30,157
01/22/2020,MFE,TX,ASW,CE,Federal Contract Tower,24,10,38,55,127,0,0,46,11,57,24,10,84,66,184,28,96,124,308
01/23/2020,MFE,TX,ASW,CE,Federal Contract Tower,31,15,22,34,102,0,0,57,4,61,31,15,79,38,163,26,0,26,189
01/24/2020,MFE,TX,ASW,CE,Federal Contract Tower,27,11,37,9,84,0,0,92,2,94,27,11,129,11,178,66,0,66,244
01/25/2020,MFE,TX,ASW,CE,Federal Contract Tower,21,6,15,7,49,0,0,54,0,54,21,6,69,7,103,68,0,68,171
01/26/2020,MFE,TX,ASW,CE,Federal Contract Tower,27,7,19,20,73,0,0,44,4,48,27,7,63,24,121,12,0,12,133
01/27/2020,MFE,TX,ASW,CE,Federal Contract Tower,18,16,35,17,86,0,0,64,5,69,18,16,99,22,155,26,2,28,183
01/28/2020,MFE,TX,ASW,CE,Federal Contract Tower,23,8,16,34,81,0,0,57,2,59,23,8,73,36,140,42,70,112,252
01/29/2020,MFE,TX,ASW,CE,Federal Contract Tower,22,16,26,46,110,0,0,82,4,86,22,16,108,50,196,66,0,66,262
01/30/2020,MFE,TX,ASW,CE,Federal Contract Tower,30,9,23,30,92,0,0,55,1,56,30,9,78,31,148,40,20,60,208
01/31/2020,MFE,TX,ASW,CE,Federal Contract Tower,29,8,35,12,84,0,0,54,0,54,29,8,89,12,138,34,0,34,172
02/01/2020,MFE,TX,ASW,CE,Federal Contract Tower,15,11,15,0,41,0,0,58,0,58,15,11,73,0,99,30,0,30,129
02/02/2020,MFE,TX,ASW,CE,Federal Contract Tower,30,6,3,8,47,0,0,41,0,41,30,6,44,8,88,8,0,8,96
02/03/2020,MFE,TX,ASW,CE,Federal Contract Tower,25,8,21,30,84,0,0,53,4,57,25,8,74,34,141,12,0,12,153
02/04/2020,MFE,TX,ASW,CE,Federal Contract Tower,20,14,32,55,121,0,0,70,10,80,20,14,102,65,201,26,6,32,233
02/05/2020,MFE,TX,ASW,CE,Federal Contract Tower,21,19,21,50,111,0,0,28,6,34,21,19,49,56,145,50,20,70,215
02/06/2020,MFE,TX,ASW,CE,Federal Contract Tower,29,16,39,50,134,0,0,67,6,73,29,16,106,56,207,62,0,62,269
02/07/2020,MFE,TX,ASW,CE,Federal Contract Tower,25,10,12,20,67,0,0,57,4,61,25,10,69,24,128,8,6,14,142
02/08/2020,MFE,TX,ASW,CE,Federal Contract Tower,17,7,11,9,44,0,0,39,5,44,17,7,50,14,88,42,0,42,130
02/09/2020,MFE,TX,ASW,CE,Federal Contract Tower,27,6,9,10,52,0,0,12,0,12,27,6,21,10,64,6,0,6,70
02/10/2020,MFE,TX,ASW,CE,Federal Contract Tower,28,6,26,27,87,0,0,38,1,39,28,6,64,28,126,18,16,34,160
02/11/2020,MFE,TX,ASW,CE,Federal Contract Tower,16,21,26,10,73,0,0,2,0,2,16,21,28,10,75,0,0,0,75
02/12/2020,MFE,TX,ASW,CE,Federal Contract Tower,20,20,35,66,141,0,0,40,9,49,20,20,75,75,190,95,0,95,285
02/13/2020,MFE,TX,ASW,CE,Federal Contract Tower,30,16,49,31,126,0,0,82,9,91,30,16,131,40,217,50,22,72,289
02/14/2020,MFE,TX,ASW,CE,Federal Contract Tower,28,9,17,35,89,0,0,70,8,78,28,9,87,43,167,60,2,62,229
02/15/2020,MFE,TX,ASW,CE,Federal Contract Tower,16,16,6,1,39,0,0,49,4,53,16,16,55,5,92,66,16,82,174
02/16/2020,MFE,TX,ASW,CE,Federal Contract Tower,25,12,26,1,64,0,0,33,0,33,25,12,59,1,97,34,0,34,131
02/17/2020,MFE,TX,ASW,CE,Federal Contract Tower,23,17,26,10,76,0,0,35,0,35,23,17,61,10,111,14,0,14,125
02/18/2020,MFE,TX,ASW,CE,Federal Contract Tower,23,12,20,37,92,0,0,44,16,60,23,12,64,53,152,32,26,58,210
02/19/2020,MFE,TX,ASW,CE,Federal Contract Tower,22,18,44,9,93,0,0,7,0,7,22,18,51,9,100,10,0,10,110
02/20/2020,MFE,TX,ASW,CE,Federal Contract Tower,31,9,34,38,112,0,0,0,0,0,31,9,34,38,112,0,0,0,112
02/21/2020,MFE,TX,ASW,CE,Federal Contract Tower,25,9,34,24,92,0,0,65,4,69,25,9,99,28,161,26,0,26,187
02/22/2020,MFE,TX,ASW,CE,Federal Contract Tower,16,11,15,2,44,0,0,60,3,63,16,11,75,5,107,46,0,46,153
02/23/2020,MFE,TX,ASW,CE,Federal Contract Tower,26,11,32,14,83,0,0,38,0,38,26,11,70,14,121,12,0,12,133
02/24/2020,MFE,TX,ASW,CE,Federal Contract Tower,23,16,20,63,122,0,0,51,0,51,23,16,71,63,173,32,0,32,205
02/25/2020,MFE,TX,ASW,CE,Federal Contract Tower,22,15,40,29,106,0,0,48,2,50,22,15,88,31,156,22,0,22,178
02/26/2020,MFE,TX,ASW,CE,Federal Contract Tower,26,14,28,20,88,0,0,41,0,41,26,14,69,20,129,24,0,24,153
02/27/2020,MFE,TX,ASW,CE,Federal Contract Tower,31,13,26,28,98,0,0,72,2,74,31,13,98,30,172,114,0,114,286
02/28/2020,MFE,TX,ASW,CE,Federal Contract Tower,24,11,29,8,72,0,0,87,3,90,24,11,116,11,162,62,10,72,234
02/29/2020,MFE,TX,ASW,CE,Federal Contract Tower,15,11,19,0,45,0,1,47,5,53,15,12,66,5,98,30,0,30,128
03/01/2020,MFE,TX,ASW,CE,Federal Contract Tower,28,7,17,10,62,0,0,44,0,44,28,7,61,10,106,0,0,0,106
03/02/2020,MFE,TX,ASW,CE,Federal Contract Tower,22,13,33,70,138,0,0,48,7,55,22,13,81,77,193,46,0,46,239
03/03/2020,MFE,TX,ASW,CE,Federal Contract Tower,22,16,28,35,101,0,0,29,14,43,22,16,57,49,144,20,106,126,270
03/04/2020,MFE,TX,ASW,CE,Federal Contract Tower,26,13,25,49,113,0,0,46,5,51,26,13,71,54,164,34,0,34,198
03/05/2020,MFE,TX,ASW,CE,Federal Contract Tower,29,17,16,36,98,0,0,71,8,79,29,17,87,44,177,30,4,34,211
03/06/2020,MFE,TX,ASW,CE,Federal Contract Tower,28,10,25,31,94,0,0,61,4,65,28,10,86,35,159,38,0,38,197
03/07/2020,MFE,TX,ASW,CE,Federal Contract Tower,15,9,23,0,47,0,0,45,8,53,15,9,68,8,100,34,0,34,134
03/08/2020,MFE,TX,ASW,CE,Federal Contract Tower,30,7,20,12,69,0,0,42,13,55,30,7,62,25,124,34,0,34,158
03/09/2020,MFE,TX,ASW,CE,Federal Contract Tower,30,13,31,33,107,0,0,44,5,49,30,13,75,38,156,28,14,42,198
03/10/2020,MFE,TX,ASW,CE,Federal Contract Tower,23,18,27,25,93,0,0,18,1,19,23,18,45,26,112,24,0,24,136
03/11/2020,MFE,TX,ASW,CE,Federal Contract Tower,24,12,19,16,71,0,0,58,8,66,24,12,77,24,137,50,0,50,187
03/12/2020,MFE,TX,ASW,CE,Federal Contract Tower,34,10,28,25,97,0,0,64,6,70,34,10,92,31,167,52,30,82,249
03/13/2020,MFE,TX,ASW,CE,Federal Contract Tower,26,12,14,18,70,0,0,45,1,46,26,12,59,19,116,50,0,50,166
03/14/2020,MFE,TX,ASW,CE,Federal Contract Tower,17,9,18,6,50,0,0,51,0,51,17,9,69,6,101,120,0,120,221
03/15/2020,MFE,TX,ASW,CE,Federal Contract Tower,32,7,8,11,58,0,0,38,0,38,32,7,46,11,96,120,0,120,216
03/16/2020,MFE,TX,ASW,CE,Federal Contract Tower,24,12,17,50,103,0,0,47,8,55,24,12,64,58,158,68,40,108,266
03/17/2020,MFE,TX,ASW,CE,Federal Contract Tower,21,11,16,36,84,0,0,45,3,48,21,11,61,39,132,34,24,58,190
03/18/2020,MFE,TX,ASW,CE,Federal Contract Tower,23,11,16,23,73,0,0,68,2,70,23,11,84,25,143,0,0,0,143
03/19/2020,MFE,TX,ASW,CE,Federal Contract Tower,22,13,26,8,69,0,0,59,3,62,22,13,85,11,131,20,0,20,151
03/20/2020,MFE,TX,ASW,CE,Federal Contract Tower,25,10,18,38,91,0,0,54,4,58,25,10,72,42,149,54,38,92,241
03/21/2020,MFE,TX,ASW,CE,Federal Contract Tower,15,7,6,0,28,0,0,0,0,0,15,7,6,0,28,0,0,0,28
03/22/2020,MFE,TX,ASW,CE,Federal Contract Tower,16,5,7,29,57,0,0,16,1,17,16,5,23,30,74,2,0,2,76
03/23/2020,MFE,TX,ASW,CE,Federal Contract Tower,13,8,8,40,69,0,0,39,5,44,13,8,47,45,113,30,8,38,151
03/24/2020,MFE,TX,ASW,CE,Federal Contract Tower,15,5,10,29,59,0,0,58,1,59,15,5,68,30,118,24,0,24,142
03/25/2020,MFE,TX,ASW,CE,Federal Contract Tower,10,3,16,26,55,0,0,54,0,54,10,3,70,26,109,18,0,18,127
03/26/2020,MFE,TX,ASW,CE,Federal Contract Tower,15,5,16,26,62,0,0,48,4,52,15,5,64,30,114,12,24,36,150
03/27/2020,MFE,TX,ASW,CE,Federal Contract Tower,8,2,11,25,46,0,0,35,5,40,8,2,46,30,86,0,40,40,126
03/28/2020,MFE,TX,ASW,CE,Federal Contract Tower,6,6,3,13,28,0,0,25,5,30,6,6,28,18,58,0,80,80,138
03/29/2020,MFE,TX,ASW,CE,Federal Contract Tower,10,2,2,2,16,0,0,9,7,16,10,2,11,9,32,0,0,0,32
03/30/2020,MFE,TX,ASW,CE,Federal Contract Tower,5,5,3,33,46,0,0,26,4,30,5,5,29,37,76,2,12,14,90
03/31/2020,MFE,TX,ASW,CE,Federal Contract Tower,10,3,9,38,60,0,0,25,1,26,10,3,34,39,86,0,10,10,96
04/01/2020,MFE,TX,ASW,CE,Federal Contract Tower,13,10,5,57,85,0,0,42,5,47,13,10,47,62,132,0,6,6,138
04/02/2020,MFE,TX,ASW,CE,Federal Contract Tower,10,4,19,71,104,0,0,45,1,46,10,4,64,72,150,0,0,0,150
04/03/2020,MFE,TX,ASW,CE,Federal Contract Tower,9,7,13,26,55,0,0,36,2,38,9,7,49,28,93,0,0,0,93
04/04/2020,MFE,TX,ASW,CE,Federal Contract Tower,4,2,6,10,22,0,0,7,0,7,4,2,13,10,29,0,0,0,29
04/05/2020,MFE,TX,ASW,CE,Federal Contract Tower,6,2,4,4,16,0,0,7,0,7,6,2,11,4,23,0,0,0,23
04/06/2020,MFE,TX,ASW,CE,Federal Contract Tower,9,2,3,31,45,0,0,21,2,23,9,2,24,33,68,0,0,0,68
04/07/2020,MFE,TX,ASW,CE,Federal Contract Tower,10,2,16,53,81,0,0,34,1,35,10,2,50,54,116,18,0,18,134
04/08/2020,MFE,TX,ASW,CE,Federal Contract Tower,13,3,14,34,64,0,0,40,0,40,13,3,54,34,104,0,0,0,104
04/09/2020,MFE,TX,ASW,CE,Federal Contract Tower,9,2,6,18,35,0,0,37,2,39,9,2,43,20,74,6,0,6,80
04/10/2020,MFE,TX,ASW,CE,Federal Contract Tower,12,2,5,39,58,0,0,22,0,22,12,2,27,39,80,0,0,0,80
04/11/2020,MFE,TX,ASW,CE,Federal Contract Tower,7,2,2,41,52,0,0,31,0,31,7,2,33,41,83,8,0,8,91
04/12/2020,MFE,TX,ASW,CE,Federal Contract Tower,9,2,3,26,40,0,0,27,0,27,9,2,30,26,67,0,0,0,67
04/13/2020,MFE,TX,ASW,CE,Federal Contract Tower,11,5,2,73,91,0,0,43,1,44,11,5,45,74,135,32,0,32,167
04/14/2020,MFE,TX,ASW,CE,Federal Contract Tower,8,2,5,72,87,0,0,26,4,30,8,2,31,76,117,24,12,36,153
04/15/2020,MFE,TX,ASW,CE,Federal Contract Tower,11,4,7,41,63,0,0,54,1,55,11,4,61,42,118,2,10,12,130
04/16/2020,MFE,TX,ASW,CE,Federal Contract Tower,9,2,9,82,102,0,0,49,3,52,9,2,58,85,154,38,14,52,206
04/17/2020,MFE,TX,ASW,CE,Federal Contract Tower,5,6,11,50,72,0,0,23,2,25,5,6,34,52,97,6,10,16,113
04/18/2020,MFE,TX,ASW,CE,Federal Contract Tower,7,1,10,20,38,0,0,22,1,23,7,1,32,21,61,34,14,48,109
04/19/2020,MFE,TX,ASW,CE,Federal Contract Tower,6,1,2,44,53,0,4,19,1,24,6,5,21,45,77,0,22,22,99
04/20/2020,MFE,TX,ASW,CE,Federal Contract Tower,8,5,6,45,64,0,0,37,0,37,8,5,43,45,101,8,0,8,109
04/21/2020,MFE,TX,ASW,CE,Federal Contract Tower,6,4,12,18,40,0,0,28,3,31,6,4,40,21,71,46,20,66,137
04/22/2020,MFE,TX,ASW,CE,Federal Contract Tower,11,3,8,59,81,0,0,37,0,37,11,3,45,59,118,20,0,20,138
04/23/2020,MFE,TX,ASW,CE,Federal Contract Tower,9,4,9,51,73,0,0,69,0,69,9,4,78,51,142,44,0,44,186
04/24/2020,MFE,TX,ASW,CE,Federal Contract Tower,6,8,10,37,61,0,0,40,2,42,6,8,50,39,103,44,0,44,147
04/25/2020,MFE,TX,ASW,CE,Federal Contract Tower,7,0,8,21,36,0,0,34,2,36,7,0,42,23,72,12,0,12,84
04/26/2020,MFE,TX,ASW,CE,Federal Contract Tower,6,2,6,26,40,0,0,35,0,35,6,2,41,26,75,0,0,0,75
04/27/2020,MFE,TX,ASW,CE,Federal Contract Tower,11,3,10,20,44,0,0,48,0,48,11,3,58,20,92,50,0,50,142
04/28/2020,MFE,TX,ASW,CE,Federal Contract Tower,10,6,11,60,87,0,0,50,3,53,10,6,61,63,140,58,0,58,198
04/29/2020,MFE,TX,ASW,CE,Federal Contract Tower,13,2,11,30,56,0,0,41,1,42,13,2,52,31,98,18,6,24,122
04/30/2020,MFE,TX,ASW,CE,Federal Contract Tower,7,5,16,27,55,0,0,56,1,57,7,5,72,28,112,14,0,14,126
05/01/2020,MFE,TX,ASW,CE,Federal Contract Tower,9,3,12,14,38,0,0,60,1,61,9,3,72,15,99,84,0,84,183
05/02/2020,MFE,TX,ASW,CE,Federal Contract Tower,10,1,12,12,35,0,0,33,0,33,10,1,45,12,68,24,0,24,92
05/03/2020,MFE,TX,ASW,CE,Federal Contract Tower,7,3,3,18,31,0,0,27,0,27,7,3,30,18,58,0,0,0,58
05/04/2020,MFE,TX,ASW,CE,Federal Contract Tower,7,2,9,14,32,0,0,38,5,43,7,2,47,19,75,40,14,54,129
05/05/2020,MFE,TX,ASW,CE,Federal Contract Tower,13,3,8,59,83,0,0,51,2,53,13,3,59,61,136,70,8,78,214
05/06/2020,MFE,TX,ASW,CE,Federal Contract Tower,16,6,18,22,62,0,0,49,1,50,16,6,67,23,112,40,8,48,160
05/07/2020,MFE,TX,ASW,CE,Federal Contract Tower,12,3,29,20,64,0,0,51,1,52,12,3,80,21,116,30,0,30,146
05/08/2020,MFE,TX,ASW,CE,Federal Contract Tower,11,3,18,42,74,0,0,43,1,44,11,3,61,43,118,28,8,36,154
05/09/2020,MFE,TX,ASW,CE,Federal Contract Tower,12,0,2,2,16,0,0,21,0,21,12,0,23,2,37,16,0,16,53
05/10/2020,MFE,TX,ASW,CE,Federal Contract Tower,9,0,3,20,32,0,0,23,0,23,9,0,26,20,55,0,0,0,55
05/11/2020,MFE,TX,ASW,CE,Federal Contract Tower,10,3,14,36,63,0,0,64,1,65,10,3,78,37,128,24,0,24,152
05/12/2020,MFE,TX,ASW,CE,Federal Contract Tower,10,3,10,52,75,0,0,61,2,63,10,3,71,54,138,52,0,52,190
05/13/2020,MFE,TX,ASW,CE,Federal Contract Tower,14,8,20,18,60,0,0,65,1,66,14,8,85,19,126,90,0,90,216
05/14/2020,MFE,TX,ASW,CE,Federal Contract Tower,14,6,22,37,79,0,0,59,1,60,14,6,81,38,139,38,12,50,189
05/15/2020,MFE,TX,ASW,CE,Federal Contract Tower,10,4,28,36,78,0,0,46,1,47,10,4,74,37,125,66,0,66,191
05/16/2020,MFE,TX,ASW,CE,Federal Contract Tower,9,1,0,14,24,0,0,31,1,32,9,1,31,15,56,30,0,30,86
05/17/2020,MFE,TX,ASW,CE,Federal Contract Tower,13,1,3,23,40,0,0,36,0,36,13,1,39,23,76,20,0,20,96
05/18/2020,MFE,TX,ASW,CE,Federal Contract Tower,11,2,13,42,68,0,0,56,2,58,11,2,69,44,126,48,0,48,174
05/19/2020,MFE,TX,ASW,CE,Federal Contract Tower,12,4,16,59,91,0,0,74,2,76,12,4,90,61,167,52,0,52,219
05/20/2020,MFE,TX,ASW,CE,Federal Contract Tower,14,0,19,45,78,0,0,71,4,75,14,0,90,49,153,19,28,47,200
05/21/2020,MFE,TX,ASW,CE,Federal Contract Tower,12,3,24,15,54,0,0,48,1,49,12,3,72,16,103,46,0,46,149
05/22/2020,MFE,TX,ASW,CE,Federal Contract Tower,12,2,20,4,38,0,0,74,0,74,12,2,94,4,112,42,0,42,154
05/23/2020,MFE,TX,ASW,CE,Federal Contract Tower,14,0,6,26,46,0,0,59,0,59,14,0,65,26,105,50,0,50,155
05/24/2020,MFE,TX,ASW,CE,Federal Contract Tower,14,2,9,18,43,0,0,35,1,36,14,2,44,19,79,48,0,48,127
05/25/2020,MFE,TX,ASW,CE,Federal Contract Tower,10,1,10,5,26,0,0,42,1,43,10,1,52,6,69,54,0,54,123
05/26/2020,MFE,TX,ASW,CE,Federal Contract Tower,12,2,5,14,33,0,0,60,1,61,12,2,65,15,94,76,0,76,170
05/27/2020,MFE,TX,ASW,CE,Federal Contract Tower,14,4,19,30,67,0,0,92,2,94,14,4,111,32,161,48,0,48,209
05/28/2020,MFE,TX,ASW,CE,Federal Contract Tower,14,6,21,46,87,0,0,75,1,76,14,6,96,47,163,90,0,90,253
05/29/2020,MFE,TX,ASW,CE,Federal Contract Tower,12,3,21,2,38,0,0,45,1,46,12,3,66,3,84,76,0,76,160
05/30/2020,MFE,TX,ASW,CE,Federal Contract Tower,11,1,10,0,22,0,0,50,0,50,11,1,60,0,72,42,0,42,114
05/31/2020,MFE,TX,ASW,CE,Federal Contract Tower,14,1,6,4,25,0,0,13,0,13,14,1,19,4,38,0,0,0,38
06/01/2020,MFE,TX,ASW,CE,Federal Contract Tower,9,6,9,0,24,0,0,23,0,23,9,6,32,0,47,14,0,14,61
06/02/2020,MFE,TX,ASW,CE,Federal Contract Tower,9,5,19,30,63,0,0,46,1,47,9,5,65,31,110,30,0,30,140
06/03/2020,MFE,TX,ASW,CE,Federal Contract Tower,13,8,20,52,93,0,0,104,1,105,13,8,124,53,198,52,0,52,250
06/04/2020,MFE,TX,ASW,CE,Federal Contract Tower,15,4,24,55,98,0,0,104,3,107,15,4,128,58,205,48,0,48,253
06/05/2020,MFE,TX,ASW,CE,Federal Contract Tower,14,7,23,18,62,0,0,71,3,74,14,7,94,21,136,78,0,78,214
06/06/2020,MFE,TX,ASW,CE,Federal Contract Tower,9,3,17,10,39,0,0,56,0,56,9,3,73,10,95,20,0,20,115
06/07/2020,MFE,TX,ASW,CE,Federal Contract Tower,8,4,15,16,43,0,0,51,0,51,8,4,66,16,94,66,0,66,160
06/08/2020,MFE,TX,ASW,CE,Federal Contract Tower,9,9,27,43,88,0,0,80,1,81,9,9,107,44,169,47,0,47,216
06/09/2020,MFE,TX,ASW,CE,Federal Contract Tower,9,5,28,39,81,0,0,95,1,96,9,5,123,40,177,119,0,119,296
06/10/2020,MFE,TX,ASW,CE,Federal Contract Tower,11,5,22,30,68,0,0,63,2,65,11,5,85,32,133,116,0,116,249
06/11/2020,MFE,TX,ASW,CE,Federal Contract Tower,14,2,22,49,87,0,0,104,1,105,14,2,126,50,192,148,0,148,340
06/12/2020,MFE,TX,ASW,CE,Federal Contract Tower,12,3,28,14,57,0,0,93,1,94,12,3,121,15,151,178,0,178,329
06/13/2020,MFE,TX,ASW,CE,Federal Contract Tower,9,6,17,8,40,0,0,74,0,74,9,6,91,8,114,98,0,98,212
06/14/2020,MFE,TX,ASW,CE,Federal Contract Tower,9,3,10,32,54,0,0,52,0,52,9,3,62,32,106,36,0,36,142
06/15/2020,MFE,TX,ASW,CE,Federal Contract Tower,11,7,22,6,46,0,0,63,1,64,11,7,85,7,110,112,0,112,222
06/16/2020,MFE,TX,ASW,CE,Federal Contract Tower,8,3,19,18,48,0,0,63,1,64,8,3,82,19,112,82,0,82,194
06/17/2020,MFE,TX,ASW,CE,Federal Contract Tower,10,11,30,18,69,0,0,88,1,89,10,11,118,19,158,146,0,146,304
06/18/2020,MFE,TX,ASW,CE,Federal Contract Tower,16,8,26,8,58,0,0,68,0,68,16,8,94,8,126,114,0,114,240
06/19/2020,MFE,TX,ASW,CE,Federal Contract Tower,12,8,22,0,42,0,0,55,4,59,12,8,77,4,101,46,0,46,147
06/20/2020,MFE,TX,ASW,CE,Federal Contract Tower,15,1,13,2,31,0,0,59,0,59,15,1,72,2,90,46,0,46,136
06/21/2020,MFE,TX,ASW,CE,Federal Contract Tower,16,1,10,6,33,0,0,42,0,42,16,1,52,6,75,62,0,62,137
06/22/2020,MFE,TX,ASW,CE,Federal Contract Tower,9,9,31,40,89,0,0,94,3,97,9,9,125,43,186,96,0,96,282
06/23/2020,MFE,TX,ASW,CE,Federal Contract Tower,8,7,16,31,62,0,0,72,0,72,8,7,88,31,134,144,0,144,278
06/24/2020,MFE,TX,ASW,CE,Federal Contract Tower,9,7,19,20,55,0,0,67,0,67,9,7,86,20,122,75,0,75,197
06/25/2020,MFE,TX,ASW,CE,Federal Contract Tower,17,9,19,2,47,0,0,46,5,51,17,9,65,7,98,60,10,70,168
06/26/2020,MFE,TX,ASW,CE,Federal Contract Tower,11,2,25,0,38,0,0,23,4,27,11,2,48,4,65,22,0,22,87
06/27/2020,MFE,TX,ASW,CE,Federal Contract Tower,12,7,14,35,68,0,0,43,0,43,12,7,57,35,111,16,4,20,131
06/28/2020,MFE,TX,ASW,CE,Federal Contract Tower,10,4,12,69,95,0,0,18,1,19,10,4,30,70,114,0,0,0,114
06/29/2020,MFE,TX,ASW,CE,Federal Contract Tower,9,5,11,35,60,0,0,33,1,34,9,5,44,36,94,28,0,28,122
06/30/2020,MFE,TX,ASW,CE,Federal Contract Tower,7,4,20,39,70,0,0,54,9,63,7,4,74,48,133,87,0,87,220
07/01/2020,MFE,TX,ASW,CE,Federal Contract Tower,10,2,23,37,72,0,0,87,1,88,10,2,110,38,160,42,0,42,202
07/02/2020,MFE,TX,ASW,CE,Federal Contract Tower,17,3,21,10,51,0,0,77,0,77,17,3,98,10,128,68,0,68,196
07/03/2020,MFE,TX,ASW,CE,Federal Contract Tower,11,5,16,4,36,0,0,81,0,81,11,5,97,4,117,94,0,94,211
07/04/2020,MFE,TX,ASW,CE,Federal Contract Tower,8,2,6,0,16,0,0,39,0,39,8,2,45,0,55,10,0,10,65
07/05/2020,MFE,TX,ASW,CE,Federal Contract Tower,13,0,5,2,20,0,0,32,0,32,13,0,37,2,52,18,0,18,70
07/06/2020,MFE,TX,ASW,CE,Federal Contract Tower,8,6,22,0,36,0,0,69,3,72,8,6,91,3,108,100,0,100,208
07/07/2020,MFE,TX,ASW,CE,Federal Contract Tower,15,8,20,4,47,0,0,76,1,77,15,8,96,5,124,56,0,56,180
07/08/2020,MFE,TX,ASW,CE,Federal Contract Tower,17,7,16,20,60,0,0,69,2,71,17,7,85,22,131,82,0,82,213
07/09/2020,MFE,TX,ASW,CE,Federal Contract Tower,19,10,21,31,81,0,0,66,10,76,19,10,87,41,157,50,0,50,207
07/10/2020,MFE,TX,ASW,CE,Federal Contract Tower,11,17,26,24,78,0,0,64,0,64,11,17,90,24,142,64,0,64,206
07/11/2020,MFE,TX,ASW,CE,Federal Contract Tower,13,15,6,5,39,0,0,62,2,64,13,15,68,7,103,48,0,48,151
07/12/2020,MFE,TX,ASW,CE,Federal Contract Tower,18,11,13,13,55,0,0,34,0,34,18,11,47,13,89,18,0,18,107
07/13/2020,MFE,TX,ASW,CE,Federal Contract Tower,16,11,13,6,46,0,0,76,0,76,16,11,89,6,122,108,0,108,230
07/14/2020,MFE,TX,ASW,CE,Federal Contract Tower,7,17,26,18,68,0,0,59,0,59,7,17,85,18,127,52,0,52,179
07/15/2020,MFE,TX,ASW,CE,Federal Contract Tower,13,8,17,13,51,0,0,77,3,80,13,8,94,16,131,104,16,120,251
07/16/2020,MFE,TX,ASW,CE,Federal Contract Tower,24,12,26,30,92,0,0,77,5,82,24,12,103,35,174,58,0,58,232
07/17/2020,MFE,TX,ASW,CE,Federal Contract Tower,16,17,20,4,57,0,0,65,0,65,16,17,85,4,122,64,0,64,186
07/18/2020,MFE,TX,ASW,CE,Federal Contract Tower,10,12,16,16,54,0,0,47,2,49,10,12,63,18,103,30,22,52,155
07/19/2020,MFE,TX,ASW,CE,Federal Contract Tower,15,17,17,24,73,0,0,42,0,42,15,17,59,24,115,8,0,8,123
07/20/2020,MFE,TX,ASW,CE,Federal Contract Tower,15,10,14,50,89,0,0,61,1,62,15,10,75,51,151,78,0,78,229
07/21/2020,MFE,TX,ASW,CE,Federal Contract Tower,10,11,13,83,117,0,0,61,4,65,10,11,74,87,182,18,14,32,214
07/22/2020,MFE,TX,ASW,CE,Federal Contract Tower,14,9,16,24,63,0,0,95,1,96,14,9,111,25,159,108,0,108,267
07/23/2020,MFE,TX,ASW,CE,Federal Contract Tower,27,10,30,32,99,0,0,73,1,74,27,10,103,33,173,44,0,44,217
07/24/2020,MFE,TX,ASW,CE,Federal Contract Tower,14,19,22,2,57,0,0,82,2,84,14,19,104,4,141,80,0,80,221
07/25/2020,MFE,TX,ASW,CE,Federal Contract Tower,8,6,6,0,20,0,0,7,0,7,8,6,13,0,27,0,0,0,27
07/26/2020,MFE,TX,ASW,CE,Federal Contract Tower,10,7,0,0,17,0,0,0,0,0,10,7,0,0,17,0,0,0,17
07/27/2020,MFE,TX,ASW,CE,Federal Contract Tower,12,13,12,2,39,0,0,24,1,25,12,13,36,3,64,38,0,38,102
07/28/2020,MFE,TX,ASW,CE,Federal Contract Tower,13,7,22,18,60,0,0,54,5,59,13,7,76,23,119,34,0,34,153
07/29/2020,MFE,TX,ASW,CE,Federal Contract Tower,14,5,19,16,54,0,0,53,7,60,14,5,72,23,114,78,0,78,192
07/30/2020,MFE,TX,ASW,CE,Federal Contract Tower,22,17,29,52,120,0,0,69,2,71,22,17,98,54,191,44,0,44,235
07/31/2020,MFE,TX,ASW,CE,Federal Contract Tower,9,22,28,44,103,0,0,64,3,67,9,22,92,47,170,128,0,128,298
08/01/2020,MFE,TX,ASW,CE,Federal Contract Tower,12,5,5,7,29,0,0,54,0,54,12,5,59,7,83,28,0,28,111
08/02/2020,MFE,TX,ASW,CE,Federal Contract Tower,15,9,8,16,48,0,0,45,2,47,15,9,53,18,95,18,0,18,113
08/03/2020,MFE,TX,ASW,CE,Federal Contract Tower,14,12,21,30,77,0,0,74,2,76,14,12,95,32,153,74,0,74,227
08/04/2020,MFE,TX,ASW,CE,Federal Contract Tower,10,19,21,62,112,0,0,93,1,94,10,19,114,63,206,42,0,42,248
08/05/2020,MFE,TX,ASW,CE,Federal Contract Tower,15,10,19,36,80,0,0,92,4,96,15,10,111,40,176,60,4,64,240
08/06/2020,MFE,TX,ASW,CE,Federal Contract Tower,14,13,23,35,85,0,0,61,5,66,14,13,84,40,151,56,0,56,207
08/07/2020,MFE,TX,ASW,CE,Federal Contract Tower,17,10,18,19,64,0,0,78,2,80,17,10,96,21,144,26,0,26,170
08/08/2020,MFE,TX,ASW,CE,Federal Contract Tower,12,12,15,10,49,0,0,37,3,40,12,12,52,13,89,18,14,32,121
08/09/2020,MFE,TX,ASW,CE,Federal Contract Tower,14,4,23,24,65,0,0,33,1,34,14,4,56,25,99,20,0,20,119
08/10/2020,MFE,TX,ASW,CE,Federal Contract Tower,19,14,20,18,71,0,0,72,1,73,19,14,92,19,144,94,0,94,238
08/11/2020,MFE,TX,ASW,CE,Federal Contract Tower,9,12,18,44,83,0,0,84,1,85,9,12,102,45,168,22,0,22,190
08/12/2020,MFE,TX,ASW,CE,Federal Contract Tower,11,17,22,24,74,0,0,94,3,97,11,17,116,27,171,88,0,88,259
08/13/2020,MFE,TX,ASW,CE,Federal Contract Tower,19,10,26,32,87,0,0,68,4,72,19,10,94,36,159,12,0,12,171
08/14/2020,MFE,TX,ASW,CE,Federal Contract Tower,16,13,19,22,70,0,0,68,2,70,16,13,87,24,140,84,0,84,224
08/15/2020,MFE,TX,ASW,CE,Federal Contract Tower,13,4,12,5,34,0,0,38,4,42,13,4,50,9,76,18,0,18,94
08/16/2020,MFE,TX,ASW,CE,Federal Contract Tower,15,9,19,21,64,0,0,36,3,39,15,9,55,24,103,16,12,28,131
08/17/2020,MFE,TX,ASW,CE,Federal Contract Tower,13,8,20,55,96,0,0,68,6,74,13,8,88,61,170,52,2,54,224
08/18/2020,MFE,TX,ASW,CE,Federal Contract Tower,12,9,14,20,55,0,0,78,2,80,12,9,92,22,135,28,0,28,163
08/19/2020,MFE,TX,ASW,CE,Federal Contract Tower,12,11,18,11,52,0,0,74,1,75,12,11,92,12,127,74,0,74,201
08/20/2020,MFE,TX,ASW,CE,Federal Contract Tower,16,11,20,61,108,0,0,72,7,79,16,11,92,68,187,80,0,80,267
08/21/2020,MFE,TX,ASW,CE,Federal Contract Tower,15,10,38,30,93,0,0,77,0,77,15,10,115,30,170,66,0,66,236
08/22/2020,MFE,TX,ASW,CE,Federal Contract Tower,11,12,6,22,51,0,0,49,2,51,11,12,55,24,102,38,0,38,140
08/23/2020,MFE,TX,ASW,CE,Federal Contract Tower,10,15,9,0,34,0,0,37,0,37,10,15,46,0,71,10,0,10,81
08/24/2020,MFE,TX,ASW,CE,Federal Contract Tower,18,9,13,45,85,0,0,52,1,53,18,9,65,46,138,6,1,7,145
08/25/2020,MFE,TX,ASW,CE,Federal Contract Tower,10,9,29,25,73,0,0,45,0,45,10,9,74,25,118,18,0,18,136
08/26/2020,MFE,TX,ASW,CE,Federal Contract Tower,12,7,10,90,119,0,0,73,2,75,12,7,83,92,194,64,0,64,258
08/27/2020,MFE,TX,ASW,CE,Federal Contract Tower,13,9,22,60,104,0,0,62,2,64,13,9,84,62,168,26,0,26,194
08/28/2020,MFE,TX,ASW,CE,Federal Contract Tower,16,13,20,15,64,0,0,56,3,59,16,13,76,18,123,50,0,50,173
08/29/2020,MFE,TX,ASW,CE,Federal Contract Tower,15,10,5,13,43,0,0,52,3,55,15,10,57,16,98,26,0,26,124
08/30/2020,MFE,TX,ASW,CE,Federal Contract Tower,10,7,17,20,54,0,0,28,5,33,10,7,45,25,87,0,0,0,87
08/31/2020,MFE,TX,ASW,CE,Federal Contract Tower,16,12,22,68,118,0,0,49,3,52,16,12,71,71,170,66,0,66,236
09/01/2020,MFE,TX,ASW,CE,Federal Contract Tower,10,5,21,50,86,0,0,59,1,60,10,5,80,51,146,10,0,10,156
09/02/2020,MFE,TX,ASW,CE,Federal Contract Tower,11,13,27,74,125,0,0,51,0,51,11,13,78,74,176,80,0,80,256
09/03/2020,MFE,TX,ASW,CE,Federal Contract Tower,16,9,23,36,84,0,0,60,1,61,16,9,83,37,145,50,0,50,195
09/04/2020,MFE,TX,ASW,CE,Federal Contract Tower,16,7,29,0,52,0,0,40,1,41,16,7,69,1,93,42,0,42,135
09/05/2020,MFE,TX,ASW,CE,Federal Contract Tower,9,7,11,5,32,0,0,10,1,11,9,7,21,6,43,0,0,0,43
09/06/2020,MFE,TX,ASW,CE,Federal Contract Tower,10,6,9,0,25,0,0,20,1,21,10,6,29,1,46,2,0,2,48
09/07/2020,MFE,TX,ASW,CE,Federal Contract Tower,9,15,10,4,38,0,0,53,0,53,9,15,63,4,91,8,0,8,99
09/08/2020,MFE,TX,ASW,CE,Federal Contract Tower,11,11,35,34,91,0,0,37,0,37,11,11,72,34,128,0,0,0,128
09/09/2020,MFE,TX,ASW,CE,Federal Contract Tower,16,7,33,54,110,0,0,54,3,57,16,7,87,57,167,14,0,14,181
09/10/2020,MFE,TX,ASW,CE,Federal Contract Tower,14,13,33,39,99,0,0,32,2,34,14,13,65,41,133,34,0,34,167
09/11/2020,MFE,TX,ASW,CE,Federal Contract Tower,11,13,29,16,69,0,0,26,2,28,11,13,55,18,97,26,0,26,123
09/12/2020,MFE,TX,ASW,CE,Federal Contract Tower,9,10,7,15,41,0,0,57,0,57,9,10,64,15,98,34,0,34,132
09/13/2020,MFE,TX,ASW,CE,Federal Contract Tower,8,17,8,21,54,0,0,28,0,28,8,17,36,21,82,24,0,24,106
09/14/2020,MFE,TX,ASW,CE,Federal Contract Tower,13,11,21,2,47,0,0,40,4,44,13,11,61,6,91,98,0,98,189
09/15/2020,MFE,TX,ASW,CE,Federal Contract Tower,8,11,21,6,46,0,0,38,0,38,8,11,59,6,84,24,0,24,108
09/16/2020,MFE,TX,ASW,CE,Federal Contract Tower,13,8,36,12,69,0,0,81,5,86,13,8,117,17,155,118,0,118,273
09/17/2020,MFE,TX,ASW,CE,Federal Contract Tower,15,9,20,24,68,0,0,30,2,32,15,9,50,26,100,42,0,42,142
09/18/2020,MFE,TX,ASW,CE,Federal Contract Tower,9,15,21,19,64,0,0,51,2,53,9,15,72,21,117,54,0,54,171
09/19/2020,MFE,TX,ASW,CE,Federal Contract Tower,10,7,9,2,28,0,0,44,5,49,10,7,53,7,77,26,0,26,103
09/20/2020,MFE,TX,ASW,CE,Federal Contract Tower,11,12,15,3,41,0,0,22,1,23,11,12,37,4,64,0,0,0,64
09/21/2020,MFE,TX,ASW,CE,Federal Contract Tower,13,10,27,18,68,0,0,42,0,42,13,10,69,18,110,62,0,62,172
09/22/2020,MFE,TX,ASW,CE,Federal Contract Tower,8,13,27,101,149,0,0,63,3,66,8,13,90,104,215,94,0,94,309
09/23/2020,MFE,TX,ASW,CE,Federal Contract Tower,13,10,24,51,98,0,0,75,4,79,13,10,99,55,177,78,0,78,255
09/24/2020,MFE,TX,ASW,CE,Federal Contract Tower,17,6,33,74,130,0,0,81,5,86,17,6,114,79,216,60,2,62,278
09/25/2020,MFE,TX,ASW,CE,Federal Contract Tower,11,17,24,16,68,0,0,73,2,75,11,17,97,18,143,90,0,90,233
09/26/2020,MFE,TX,ASW,CE,Federal Contract Tower,12,8,30,22,72,0,0,63,4,67,12,8,93,26,139,4,0,4,143
09/27/2020,MFE,TX,ASW,CE,Federal Contract Tower,12,6,14,32,64,0,0,48,1,49,12,6,62,33,113,0,10,10,123
09/28/2020,MFE,TX,ASW,CE,Federal Contract Tower,12,9,26,56,103,0,0,43,2,45,12,9,69,58,148,40,0,40,188
09/29/2020,MFE,TX,ASW,CE,Federal Contract Tower,10,9,17,56,92,0,0,72,5,77,10,9,89,61,169,76,16,92,261
09/30/2020,MFE,TX,ASW,CE,Federal Contract Tower,16,6,33,30,85,0,0,88,4,92,16,6,121,34,177,32,0,32,209
10/01/2020,MFE,TX,ASW,CE,Federal Contract Tower,14,8,28,14,64,0,0,93,7,100,14,8,121,21,164,24,14,38,202
10/02/2020,MFE,TX,ASW,CE,Federal Contract Tower,15,14,21,10,60,0,0,77,4,81,15,14,98,14,141,46,0,46,187
10/03/2020,MFE,TX,ASW,CE,Federal Contract Tower,12,8,19,2,41,0,0,65,2,67,12,8,84,4,108,30,0,30,138
10/04/2020,MFE,TX,ASW,CE,Federal Contract Tower,19,2,14,5,40,0,0,47,0,47,19,2,61,5,87,4,0,4,91
10/05/2020,MFE,TX,ASW,CE,Federal Contract Tower,20,5,26,31,82,0,0,69,0,69,20,5,95,31,151,58,0,58,209
10/06/2020,MFE,TX,ASW,CE,Federal Contract Tower,9,5,16,33,63,0,0,102,9,111,9,5,118,42,174,54,4,58,232
10/07/2020,MFE,TX,ASW,CE,Federal Contract Tower,17,14,23,34,88,0,0,78,5,83,17,14,101,39,171,74,0,74,245
10/08/2020,MFE,TX,ASW,CE,Federal Contract Tower,16,9,47,38,110,0,0,62,13,75,16,9,109,51,185,30,18,48,233
10/09/2020,MFE,TX,ASW,CE,Federal Contract Tower,18,9,22,47,96,0,0,87,4,91,18,9,109,51,187,106,0,106,293
10/10/2020,MFE,TX,ASW,CE,Federal Contract Tower,19,5,12,19,55,0,0,49,2,51,19,5,61,21,106,0,0,0,106
10/11/2020,MFE,TX,ASW,CE,Federal Contract Tower,18,6,21,8,53,0,0,35,0,35,18,6,56,8,88,30,0,30,118
10/12/2020,MFE,TX,ASW,CE,Federal Contract Tower,15,14,25,16,70,0,0,38,0,38,15,14,63,16,108,6,0,6,114
10/13/2020,MFE,TX,ASW,CE,Federal Contract Tower,15,10,21,30,76,0,0,41,2,43,15,10,62,32,119,42,0,42,161
10/14/2020,MFE,TX,ASW,CE,Federal Contract Tower,15,16,35,27,93,0,0,60,9,69,15,16,95,36,162,66,0,66,228
10/15/2020,MFE,TX,ASW,CE,Federal Contract Tower,19,15,36,46,116,0,0,102,6,108,19,15,138,52,224,62,14,76,300
10/16/2020,MFE,TX,ASW,CE,Federal Contract Tower,15,17,48,19,99,0,0,0,0,0,15,17,48,19,99,0,0,0,99
10/17/2020,MFE,TX,ASW,CE,Federal Contract Tower,13,10,19,14,56,0,0,19,0,19,13,10,38,14,75,0,0,0,75
10/18/2020,MFE,TX,ASW,CE,Federal Contract Tower,16,9,11,2,38,0,0,45,0,45,16,9,56,2,83,0,0,0,83
10/19/2020,MFE,TX,ASW,CE,Federal Contract Tower,12,17,33,30,92,0,0,44,1,45,12,17,77,31,137,14,14,28,165
10/20/2020,MFE,TX,ASW,CE,Federal Contract Tower,11,7,40,36,94,0,0,60,6,66,11,7,100,42,160,36,6,42,202
10/21/2020,MFE,TX,ASW,CE,Federal Contract Tower,14,18,32,41,105,0,0,82,1,83,14,18,114,42,188,38,10,48,236
10/22/2020,MFE,TX,ASW,CE,Federal Contract Tower,18,6,35,37,96,0,0,78,5,83,18,6,113,42,179,80,0,80,259
10/23/2020,MFE,TX,ASW,CE,Federal Contract Tower,14,16,23,32,85,0,0,72,0,72,14,16,95,32,157,50,0,50,207
10/24/2020,MFE,TX,ASW,CE,Federal Contract Tower,14,5,31,14,64,0,0,46,0,46,14,5,77,14,110,58,0,58,168
10/25/2020,MFE,TX,ASW,CE,Federal Contract Tower,14,8,16,15,53,0,0,34,15,49,14,8,50,30,102,34,0,34,136
10/26/2020,MFE,TX,ASW,CE,Federal Contract Tower,12,9,30,2,53,0,0,67,3,70,12,9,97,5,123,48,0,48,171
10/27/2020,MFE,TX,ASW,CE,Federal Contract Tower,20,6,30,66,122,0,0,37,2,39,20,6,67,68,161,54,8,62,223
10/28/2020,MFE,TX,ASW,CE,Federal Contract Tower,17,12,34,51,114,0,0,62,0,62,17,12,96,51,176,60,0,60,236
10/29/2020,MFE,TX,ASW,CE,Federal Contract Tower,18,11,29,19,77,0,0,82,0,82,18,11,111,19,159,46,0,46,205
10/30/2020,MFE,TX,ASW,CE,Federal Contract Tower,19,20,39,23,101,0,0,93,4,97,19,20,132,27,198,78,0,78,276
10/31/2020,MFE,TX,ASW,CE,Federal Contract Tower,11,1,15,4,31,0,0,63,5,68,11,1,78,9,99,26,0,26,125
11/01/2020,MFE,TX,ASW,CE,Federal Contract Tower,16,5,15,6,42,0,0,43,9,52,16,5,58,15,94,16,0,16,110
11/02/2020,MFE,TX,ASW,CE,Federal Contract Tower,18,8,15,46,87,0,0,78,2,80,18,8,93,48,167,58,0,58,225
11/03/2020,MFE,TX,ASW,CE,Federal Contract Tower,15,15,17,24,71,0,0,62,0,62,15,15,79,24,133,82,0,82,215
11/04/2020,MFE,TX,ASW,CE,Federal Contract Tower,15,14,33,40,102,0,0,89,0,89,15,14,122,40,191,88,0,88,279
11/05/2020,MFE,TX,ASW,CE,Federal Contract Tower,20,15,28,18,81,0,0,65,0,65,20,15,93,18,146,50,0,50,196
11/06/2020,MFE,TX,ASW,CE,Federal Contract Tower,19,6,34,24,83,0,0,81,6,87,19,6,115,30,170,82,0,82,252
11/07/2020,MFE,TX,ASW,CE,Federal Contract Tower,11,9,17,10,47,0,0,58,6,64,11,9,75,16,111,106,0,106,217
11/08/2020,MFE,TX,ASW,CE,Federal Contract Tower,16,11,21,18,66,0,0,32,6,38,16,11,53,24,104,52,0,52,156
11/09/2020,MFE,TX,ASW,CE,Federal Contract Tower,20,9,24,29,82,0,0,75,10,85,20,9,99,39,167,100,0,100,267
11/10/2020,MFE,TX,ASW,CE,Federal Contract Tower,17,8,21,43,89,0,0,77,0,77,17,8,98,43,166,116,0,116,282
11/11/2020,MFE,TX,ASW,CE,Federal Contract Tower,18,12,26,6,62,0,0,67,0,67,18,12,93,6,129,40,0,40,169
11/12/2020,MFE,TX,ASW,CE,Federal Contract Tower,18,10,34,10,72,0,0,53,0,53,18,10,87,10,125,64,10,74,199
11/13/2020,MFE,TX,ASW,CE,Federal Contract Tower,20,10,39,18,87,0,0,72,6,78,20,10,111,24,165,50,0,50,215
11/14/2020,MFE,TX,ASW,CE,Federal Contract Tower,14,7,14,6,41,0,0,61,6,67,14,7,75,12,108,50,0,50,158
11/15/2020,MFE,TX,ASW,CE,Federal Contract Tower,19,13,22,7,61,0,0,37,5,42,19,13,59,12,103,28,0,28,131
11/16/2020,MFE,TX,ASW,CE,Federal Contract Tower,24,9,33,22,88,0,0,82,6,88,24,9,115,28,176,66,0,66,242
11/17/2020,MFE,TX,ASW,CE,Federal Contract Tower,13,13,31,30,87,0,0,79,0,79,13,13,110,30,166,68,12,80,246
11/18/2020,MFE,TX,ASW,CE,Federal Contract Tower,15,12,36,20,83,0,0,87,2,89,15,12,123,22,172,66,6,72,244
11/19/2020,MFE,TX,ASW,CE,Federal Contract Tower,21,17,41,17,96,0,0,95,0,95,21,17,136,17,191,28,0,28,219
11/20/2020,MFE,TX,ASW,CE,Federal Contract Tower,19,11,22,25,77,0,0,85,7,92,19,11,107,32,169,122,0,122,291
11/21/2020,MFE,TX,ASW,CE,Federal Contract Tower,16,6,21,22,65,0,0,60,6,66,16,6,81,28,131,74,0,74,205
11/22/2020,MFE,TX,ASW,CE,Federal Contract Tower,23,7,27,11,68,0,1,66,6,73,23,8,93,17,141,48,0,48,189
11/23/2020,MFE,TX,ASW,CE,Federal Contract Tower,19,16,46,34,115,0,0,67,8,75,19,16,113,42,190,54,0,54,244
11/24/2020,MFE,TX,ASW,CE,Federal Contract Tower,19,7,32,46,104,0,0,63,2,65,19,7,95,48,169,24,0,24,193
11/25/2020,MFE,TX,ASW,CE,Federal Contract Tower,20,7,35,27,89,0,0,102,0,102,20,7,137,27,191,48,0,48,239
11/26/2020,MFE,TX,ASW,CE,Federal Contract Tower,8,2,11,0,21,0,0,40,0,40,8,2,51,0,61,0,0,0,61
11/27/2020,MFE,TX,ASW,CE,Federal Contract Tower,14,4,16,20,54,0,0,57,3,60,14,4,73,23,114,26,0,26,140
11/28/2020,MFE,TX,ASW,CE,Federal Contract Tower,14,11,11,0,36,0,0,33,4,37,14,11,44,4,73,50,0,50,123
11/29/2020,MFE,TX,ASW,CE,Federal Contract Tower,22,9,30,10,71,0,0,41,2,43,22,9,71,12,114,44,0,44,158
11/30/2020,MFE,TX,ASW,CE,Federal Contract Tower,21,9,31,46,107,0,0,87,10,97,21,9,118,56,204,46,0,46,250
12/01/2020,MFE,TX,ASW,CE,Federal Contract Tower,15,4,26,45,90,0,0,74,0,74,15,4,100,45,164,26,0,26,190
12/02/2020,MFE,TX,ASW,CE,Federal Contract Tower,14,11,28,42,95,0,0,80,4,84,14,11,108,46,179,74,0,74,253
12/03/2020,MFE,TX,ASW,CE,Federal Contract Tower,21,7,33,39,100,0,0,92,4,96,21,7,125,43,196,56,0,56,252
12/04/2020,MFE,TX,ASW,CE,Federal Contract Tower,16,12,30,14,72,0,0,70,4,74,16,12,100,18,146,116,0,116,262
12/05/2020,MFE,TX,ASW,CE,Federal Contract Tower,15,3,10,6,34,0,0,20,0,20,15,3,30,6,54,10,0,10,64
12/06/2020,MFE,TX,ASW,CE,Federal Contract Tower,24,8,18,8,58,0,0,53,4,57,24,8,71,12,115,38,0,38,153
12/07/2020,MFE,TX,ASW,CE,Federal Contract Tower,23,15,23,30,91,0,0,62,8,70,23,15,85,38,161,44,0,44,205
12/08/2020,MFE,TX,ASW,CE,Federal Contract Tower,12,12,18,24,66,0,0,80,4,84,12,12,98,28,150,88,0,88,238
12/09/2020,MFE,TX,ASW,CE,Federal Contract Tower,18,6,28,22,74,0,1,102,6,109,18,7,130,28,183,34,0,34,217
12/10/2020,MFE,TX,ASW,CE,Federal Contract Tower,22,8,18,20,68,0,0,103,7,110,22,8,121,27,178,76,0,76,254
12/11/2020,MFE,TX,ASW,CE,Federal Contract Tower,21,6,31,14,72,0,0,65,4,69,21,6,96,18,141,92,0,92,233
12/12/2020,MFE,TX,ASW,CE,Federal Contract Tower,15,7,12,16,50,0,0,37,2,39,15,7,49,18,89,28,0,28,117
12/13/2020,MFE,TX,ASW,CE,Federal Contract Tower,23,7,10,30,70,0,0,47,6,53,23,7,57,36,123,38,0,38,161
12/14/2020,MFE,TX,ASW,CE,Federal Contract Tower,22,8,32,42,104,0,0,86,4,90,22,8,118,46,194,44,0,44,238
12/15/2020,MFE,TX,ASW,CE,Federal Contract Tower,15,13,27,50,105,0,0,75,1,76,15,13,102,51,181,72,0,72,253
12/16/2020,MFE,TX,ASW,CE,Federal Contract Tower,16,15,43,21,95,0,0,74,3,77,16,15,117,24,172,92,4,96,268
12/17/2020,MFE,TX,ASW,CE,Federal Contract Tower,20,14,35,28,97,0,0,82,5,87,20,14,117,33,184,152,0,152,336
12/18/2020,MFE,TX,ASW,CE,Federal Contract Tower,21,10,35,6,72,0,0,67,8,75,21,10,102,14,147,94,0,94,241
12/19/2020,MFE,TX,ASW,CE,Federal Contract Tower,21,4,20,6,51,0,0,79,5,84,21,4,99,11,135,40,0,40,175
12/20/2020,MFE,TX,ASW,CE,Federal Contract Tower,22,8,24,1,55,0,0,70,4,74,22,8,94,5,129,26,0,26,155
12/21/2020,MFE,TX,ASW,CE,Federal Contract Tower,23,9,25,12,69,0,0,77,6,83,23,9,102,18,152,36,0,36,188
12/22/2020,MFE,TX,ASW,CE,Federal Contract Tower,26,6,42,14,88,0,0,75,0,75,26,6,117,14,163,64,0,64,227
12/23/2020,MFE,TX,ASW,CE,Federal Contract Tower,25,5,34,0,64,0,0,51,0,51,25,5,85,0,115,10,0,10,125
12/24/2020,MFE,TX,ASW,CE,Federal Contract Tower,23,2,10,0,35,0,0,31,6,37,23,2,41,6,72,0,4,4,76
12/25/2020,MFE,TX,ASW,CE,Federal Contract Tower,13,5,15,0,33,0,0,24,7,31,13,5,39,7,64,6,0,6,70
12/26/2020,MFE,TX,ASW,CE,Federal Contract Tower,18,7,19,4,48,0,0,73,4,77,18,7,92,8,125,50,0,50,175
12/27/2020,MFE,TX,ASW,CE,Federal Contract Tower,18,7,19,0,44,0,0,59,8,67,18,7,78,8,111,40,0,40,151
12/28/2020,MFE,TX,ASW,CE,Federal Contract Tower,21,11,33,4,69,0,0,60,12,72,21,11,93,16,141,26,0,26,167
12/29/2020,MFE,TX,ASW,CE,Federal Contract Tower,19,8,37,4,68,0,0,64,1,65,19,8,101,5,133,16,0,16,149
12/30/2020,MFE,TX,ASW,CE,Federal Contract Tower,22,8,23,11,64,0,0,40,0,40,22,8,63,11,104,6,0,6,110
12/31/2020,MFE,TX,ASW,CE,Federal Contract Tower,13,11,14,0,38,0,0,25,7,32,13,11,39,7,70,16,0,16,86
01/01/2021,MFE,TX,ASW,CE,Federal Contract Tower,12,9,9,0,30,0,0,45,4,49,12,9,54,4,79,26,0,26,105
01/02/2021,MFE,TX,ASW,CE,Federal Contract Tower,18,10,18,0,46,0,0,60,4,64,18,10,78,4,110,46,0,46,156
01/03/2021,MFE,TX,ASW,CE,Federal Contract Tower,20,7,14,0,41,0,0,41,4,45,20,7,55,4,86,0,0,0,86
01/04/2021,MFE,TX,ASW,CE,Federal Contract Tower,21,13,28,0,62,0,0,68,4,72,21,13,96,4,134,44,0,44,178
01/05/2021,MFE,TX,ASW,CE,Federal Contract Tower,14,16,41,4,75,0,1,57,0,58,14,17,98,4,133,38,0,38,171
01/06/2021,MFE,TX,ASW,CE,Federal Contract Tower,18,13,17,53,101,0,0,75,0,75,18,13,92,53,176,44,0,44,220
01/07/2021,MFE,TX,ASW,CE,Federal Contract Tower,14,12,26,26,78,0,0,83,6,89,14,12,109,32,167,92,0,92,259
01/08/2021,MFE,TX,ASW,CE,Federal Contract Tower,18,10,17,38,83,0,0,85,6,91,18,10,102,44,174,68,0,68,242
01/09/2021,MFE,TX,ASW,CE,Federal Contract Tower,11,6,19,0,36,0,3,26,2,31,11,9,45,2,67,0,0,0,67
01/10/2021,MFE,TX,ASW,CE,Federal Contract Tower,17,5,15,3,40,0,0,8,0,8,17,5,23,3,48,0,0,0,48
01/11/2021,MFE,TX,ASW,CE,Federal Contract Tower,40,17,25,24,106,0,0,56,18,74,40,17,81,42,180,40,0,40,220
01/12/2021,MFE,TX,ASW,CE,Federal Contract Tower,18,10,16,6,50,0,0,26,8,34,18,10,42,14,84,0,0,0,84
01/13/2021,MFE,TX,ASW,CE,Federal Contract Tower,19,5,27,13,64,0,0,76,0,76,19,5,103,13,140,62,0,62,202
01/14/2021,MFE,TX,ASW,CE,Federal Contract Tower,17,17,29,38,101,0,0,95,6,101,17,17,124,44,202,74,0,74,276
01/15/2021,MFE,TX,ASW,CE,Federal Contract Tower,19,11,34,10,74,0,0,74,6,80,19,11,108,16,154,68,0,68,222
01/16/2021,MFE,TX,ASW,CE,Federal Contract Tower,9,13,15,16,53,0,0,71,6,77,9,13,86,22,130,30,0,30,160
01/17/2021,MFE,TX,ASW,CE,Federal Contract Tower,16,8,14,0,38,0,0,45,5,50,16,8,59,5,88,38,0,38,126
01/18/2021,MFE,TX,ASW,CE,Federal Contract Tower,20,9,24,6,59,0,0,67,4,71,20,9,91,10,130,80,0,80,210
01/19/2021,MFE,TX,ASW,CE,Federal Contract Tower,13,12,28,26,79,0,0,51,0,51,13,12,79,26,130,46,0,46,176
01/20/2021,MFE,TX,ASW,CE,Federal Contract Tower,15,14,31,22,82,0,0,0,0,0,15,14,31,22,82,0,0,0,82
01/21/2021,MFE,TX,ASW,CE,Federal Contract Tower,24,3,47,20,94,0,0,1,0,1,24,3,48,20,95,0,0,0,95
01/22/2021,MFE,TX,ASW,CE,Federal Contract Tower,21,9,57,23,110,0,0,77,4,81,21,9,134,27,191,48,0,48,239
01/23/2021,MFE,TX,ASW,CE,Federal Contract Tower,11,7,52,4,74,0,0,22,0,22,11,7,74,4,96,26,0,26,122
01/24/2021,MFE,TX,ASW,CE,Federal Contract Tower,18,13,40,26,97,0,0,63,4,67,18,13,103,30,164,6,0,6,170
01/25/2021,MFE,TX,ASW,CE,Federal Contract Tower,17,14,83,29,143,0,0,132,10,142,17,14,215,39,285,52,0,52,337
01/26/2021,MFE,TX,ASW,CE,Federal Contract Tower,17,13,49,64,143,0,0,96,1,97,17,13,145,65,240,122,26,148,388
01/27/2021,MFE,TX,ASW,CE,Federal Contract Tower,15,10,39,48,112,0,0,84,1,85,15,10,123,49,197,38,0,38,235
01/28/2021,MFE,TX,ASW,CE,Federal Contract Tower,20,10,39,72,141,0,0,88,9,97,20,10,127,81,238,66,0,66,304
01/29/2021,MFE,TX,ASW,CE,Federal Contract Tower,17,8,46,40,111,0,0,82,8,90,17,8,128,48,201,32,0,32,233
01/30/2021,MFE,TX,ASW,CE,Federal Contract Tower,12,10,33,28,83,0,0,55,2,57,12,10,88,30,140,34,0,34,174
01/31/2021,MFE,TX,ASW,CE,Federal Contract Tower,15,9,38,7,69,0,0,59,9,68,15,9,97,16,137,22,0,22,159
02/01/2021,MFE,TX,ASW,CE,Federal Contract Tower,15,16,32,52,115,0,0,67,6,73,15,16,99,58,188,34,0,34,222
02/02/2021,MFE,TX,ASW,CE,Federal Contract Tower,17,9,36,34,96,0,0,83,4,87,17,9,119,38,183,70,0,70,253
02/03/2021,MFE,TX,ASW,CE,Federal Contract Tower,15,12,42,29,98,0,0,83,0,83,15,12,125,29,181,34,0,34,215
02/04/2021,MFE,TX,ASW,CE,Federal Contract Tower,19,12,42,28,101,0,0,90,6,96,19,12,132,34,197,46,0,46,243
02/05/2021,MFE,TX,ASW,CE,Federal Contract Tower,22,7,42,42,113,0,0,33,3,36,22,7,75,45,149,42,0,42,191
02/06/2021,MFE,TX,ASW,CE,Federal Contract Tower,9,9,15,8,41,0,0,32,2,34,9,9,47,10,75,14,0,14,89
02/07/2021,MFE,TX,ASW,CE,Federal Contract Tower,17,7,15,12,51,0,0,64,4,68,17,7,79,16,119,14,0,14,133
02/08/2021,MFE,TX,ASW,CE,Federal Contract Tower,14,16,29,6,65,0,0,65,8,73,14,16,94,14,138,60,0,60,198
02/09/2021,MFE,TX,ASW,CE,Federal Contract Tower,11,12,52,47,122,0,0,62,1,63,11,12,114,48,185,70,0,70,255
02/10/2021,MFE,TX,ASW,CE,Federal Contract Tower,19,14,41,39,113,0,0,68,7,75,19,14,109,46,188,42,10,52,240
02/11/2021,MFE,TX,ASW,CE,Federal Contract Tower,15,13,38,2,68,0,0,0,0,0,15,13,38,2,68,0,0,0,68
02/12/2021,MFE,TX,ASW,CE,Federal Contract Tower,21,18,39,14,92,0,0,0,0,0,21,18,39,14,92,0,0,0,92
02/13/2021,MFE,TX,ASW,CE,Federal Contract Tower,15,8,18,6,47,0,0,1,0,1,15,8,19,6,48,0,0,0,48
02/14/2021,MFE,TX,ASW,CE,Federal Contract Tower,5,5,34,0,44,0,0,0,0,0,5,5,34,0,44,0,0,0,44
02/15/2021,MFE,TX,ASW,CE,Federal Contract Tower,2,9,34,0,45,0,0,17,2,19,2,9,51,2,64,6,0,6,70
02/16/2021,MFE,TX,ASW,CE,Federal Contract Tower,0,4,39,0,43,0,0,20,0,20,0,4,59,0,63,4,0,4,67
02/17/2021,MFE,TX,ASW,CE,Federal Contract Tower,6,0,27,0,33,0,0,54,0,54,6,0,81,0,87,20,0,20,107
02/18/2021,MFE,TX,ASW,CE,Federal Contract Tower,11,6,43,2,62,0,0,13,0,13,11,6,56,2,75,0,0,0,75
02/19/2021,MFE,TX,ASW,CE,Federal Contract Tower,15,22,56,6,99,0,0,85,6,91,15,22,141,12,190,60,6,66,256
02/20/2021,MFE,TX,ASW,CE,Federal Contract Tower,12,15,30,21,78,0,0,73,5,78,12,15,103,26,156,24,0,24,180
02/21/2021,MFE,TX,ASW,CE,Federal Contract Tower,12,18,32,25,87,0,0,54,13,67,12,18,86,38,154,26,0,26,180
02/22/2021,MFE,TX,ASW,CE,Federal Contract Tower,17,21,43,31,112,0,0,80,3,83,17,21,123,34,195,64,0,64,259
02/23/2021,MFE,TX,ASW,CE,Federal Contract Tower,18,15,42,20,95,0,0,83,0,83,18,15,125,20,178,36,0,36,214
02/24/2021,MFE,TX,ASW,CE,Federal Contract Tower,18,15,56,22,111,0,0,98,0,98,18,15,154,22,209,46,0,46,255
02/25/2021,MFE,TX,ASW,CE,Federal Contract Tower,15,16,59,44,134,0,0,89,8,97,15,16,148,52,231,26,0,26,257
02/26/2021,MFE,TX,ASW,CE,Federal Contract Tower,21,14,48,48,131,0,0,69,4,73,21,14,117,52,204,62,0,62,266
02/27/2021,MFE,TX,ASW,CE,Federal Contract Tower,17,7,27,34,85,0,0,53,4,57,17,7,80,38,142,40,12,52,194
02/28/2021,MFE,TX,ASW,CE,Federal Contract Tower,15,20,22,0,57,0,0,37,5,42,15,20,59,5,99,20,0,20,119
03/01/2021,MFE,TX,ASW,CE,Federal Contract Tower,21,13,44,58,136,0,0,24,4,28,21,13,68,62,164,8,0,8,172
03/02/2021,MFE,TX,ASW,CE,Federal Contract Tower,14,15,50,23,102,0,0,115,3,118,14,15,165,26,220,86,2,88,308
03/03/2021,MFE,TX,ASW,CE,Federal Contract Tower,24,17,36,11,88,0,1,125,5,131,24,18,161,16,219,50,0,50,269
03/04/2021,MFE,TX,ASW,CE,Federal Contract Tower,25,27,62,4,118,0,0,99,14,113,25,27,161,18,231,34,0,34,265
03/05/2021,MFE,TX,ASW,CE,Federal Contract Tower,22,19,51,1,93,0,0,83,7,90,22,19,134,8,183,94,0,94,277
03/06/2021,MFE,TX,ASW,CE,Federal Contract Tower,16,11,18,4,49,0,0,70,6,76,16,11,88,10,125,24,0,24,149
03/07/2021,MFE,TX,ASW,CE,Federal Contract Tower,22,8,16,4,50,0,0,44,4,48,22,8,60,8,98,10,0,10,108
03/08/2021,MFE,TX,ASW,CE,Federal Contract Tower,27,15,34,27,103,0,0,74,8,82,27,15,108,35,185,60,10,70,255
03/09/2021,MFE,TX,ASW,CE,Federal Contract Tower,24,14,49,33,120,0,0,55,4,59,24,14,104,37,179,34,0,34,213
03/10/2021,MFE,TX,ASW,CE,Federal Contract Tower,23,13,42,10,88,0,0,71,0,71,23,13,113,10,159,0,0,0,159
03/11/2021,MFE,TX,ASW,CE,Federal Contract Tower,25,16,57,28,126,0,0,72,2,74,25,16,129,30,200,0,0,0,200
03/12/2021,MFE,TX,ASW,CE,Federal Contract Tower,23,15,58,6,102,0,1,56,4,61,23,16,114,10,163,30,0,30,193
03/13/2021,MFE,TX,ASW,CE,Federal Contract Tower,15,13,32,4,64,0,0,63,4,67,15,13,95,8,131,26,0,26,157
03/14/2021,MFE,TX,ASW,CE,Federal Contract Tower,18,12,36,18,84,0,0,65,6,71,18,12,101,24,155,46,0,46,201
03/15/2021,MFE,TX,ASW,CE,Federal Contract Tower,22,21,38,18,99,0,0,63,4,67,22,21,101,22,166,8,0,8,174
03/16/2021,MFE,TX,ASW,CE,Federal Contract Tower,14,11,49,21,95,0,0,50,0,50,14,11,99,21,145,30,0,30,175
03/17/2021,MFE,TX,ASW,CE,Federal Contract Tower,29,11,51,31,122,0,0,67,1,68,29,11,118,32,190,52,8,60,250
03/18/2021,MFE,TX,ASW,CE,Federal Contract Tower,25,9,39,12,85,0,0,103,6,109,25,9,142,18,194,54,0,54,248
03/19/2021,MFE,TX,ASW,CE,Federal Contract Tower,25,16,43,0,84,0,0,115,6,121,25,16,158,6,205,48,0,48,253
03/20/2021,MFE,TX,ASW,CE,Federal Contract Tower,14,12,28,18,72,0,0,89,6,95,14,12,117,24,167,82,0,82,249
03/21/2021,MFE,TX,ASW,CE,Federal Contract Tower,21,12,31,9,73,0,0,82,8,90,21,12,113,17,163,14,0,14,177
03/22/2021,MFE,TX,ASW,CE,Federal Contract Tower,18,10,21,44,93,0,0,62,7,69,18,10,83,51,162,12,0,12,174
03/23/2021,MFE,TX,ASW,CE,Federal Contract Tower,18,12,78,30,138,0,0,78,1,79,18,12,156,31,217,42,0,42,259
03/24/2021,MFE,TX,ASW,CE,Federal Contract Tower,23,16,47,23,109,0,0,89,3,92,23,16,136,26,201,92,0,92,293
03/25/2021,MFE,TX,ASW,CE,Federal Contract Tower,23,16,59,30,128,0,0,120,12,132,23,16,179,42,260,68,14,82,342
03/26/2021,MFE,TX,ASW,CE,Federal Contract Tower,25,17,48,18,108,0,0,118,8,126,25,17,166,26,234,118,0,118,352
03/27/2021,MFE,TX,ASW,CE,Federal Contract Tower,19,14,42,18,93,0,0,72,6,78,19,14,114,24,171,14,0,14,185
03/28/2021,MFE,TX,ASW,CE,Federal Contract Tower,20,14,27,10,71,0,0,25,4,29,20,14,52,14,100,0,0,0,100
03/29/2021,MFE,TX,ASW,CE,Federal Contract Tower,27,17,51,19,114,0,0,132,9,141,27,17,183,28,255,106,0,106,361
03/30/2021,MFE,TX,ASW,CE,Federal Contract Tower,23,12,70,38,143,0,0,102,2,104,23,12,172,40,247,40,0,40,287
03/31/2021,MFE,TX,ASW,CE,Federal Contract Tower,24,13,58,18,113,0,0,92,1,93,24,13,150,19,206,94,0,94,300
04/01/2021,MFE,TX,ASW,CE,Federal Contract Tower,21,15,48,34,118,0,0,90,6,96,21,15,138,40,214,88,0,88,302
04/02/2021,MFE,TX,ASW,CE,Federal Contract Tower,25,17,22,14,78,0,0,127,6,133,25,17,149,20,211,144,0,144,355
04/03/2021,MFE,TX,ASW,CE,Federal Contract Tower,20,8,21,8,57,0,0,55,6,61,20,8,76,14,118,76,0,76,194
04/04/2021,MFE,TX,ASW,CE,Federal Contract Tower,26,12,32,1,71,0,0,56,5,61,26,12,88,6,132,2,0,2,134
04/05/2021,MFE,TX,ASW,CE,Federal Contract Tower,26,12,50,37,125,0,0,91,6,97,26,12,141,43,222,56,0,56,278
04/06/2021,MFE,TX,ASW,CE,Federal Contract Tower,20,11,44,29,104,0,0,83,4,87,20,11,127,33,191,0,58,58,249
04/07/2021,MFE,TX,ASW,CE,Federal Contract Tower,25,10,70,38,143,0,0,105,0,105,25,10,175,38,248,60,0,60,308
04/08/2021,MFE,TX,ASW,CE,Federal Contract Tower,37,10,46,27,120,0,2,115,8,125,37,12,161,35,245,106,0,106,351
04/09/2021,MFE,TX,ASW,CE,Federal Contract Tower,23,14,41,30,108,0,0,107,4,111,23,14,148,34,219,14,0,14,233
04/10/2021,MFE,TX,ASW,CE,Federal Contract Tower,16,10,18,10,54,0,0,59,4,63,16,10,77,14,117,30,0,30,147
04/11/2021,MFE,TX,ASW,CE,Federal Contract Tower,23,13,30,0,66,0,0,85,8,93,23,13,115,8,159,16,0,16,175
04/12/2021,MFE,TX,ASW,CE,Federal Contract Tower,27,15,63,23,128,0,0,82,7,89,27,15,145,30,217,76,0,76,293
04/13/2021,MFE,TX,ASW,CE,Federal Contract Tower,28,6,75,16,125,0,1,67,0,68,28,7,142,16,193,82,0,82,275
04/14/2021,MFE,TX,ASW,CE,Federal Contract Tower,26,14,87,17,144,0,0,72,0,72,26,14,159,17,216,58,0,58,274
04/15/2021,MFE,TX,ASW,CE,Federal Contract Tower,27,11,65,34,137,0,0,83,4,87,27,11,148,38,224,14,34,48,272
04/16/2021,MFE,TX,ASW,CE,Federal Contract Tower,19,15,49,44,127,0,0,63,8,71,19,15,112,52,198,36,0,36,234
04/17/2021,MFE,TX,ASW,CE,Federal Contract Tower,22,10,22,0,54,0,0,18,2,20,22,10,40,2,74,4,0,4,78
04/18/2021,MFE,TX,ASW,CE,Federal Contract Tower,25,17,24,4,70,0,0,92,6,98,25,17,116,10,168,58,0,58,226
04/19/2021,MFE,TX,ASW,CE,Federal Contract Tower,26,10,40,18,94,0,0,131,3,134,26,10,171,21,228,78,10,88,316
04/20/2021,MFE,TX,ASW,CE,Federal Contract Tower,19,7,41,47,114,0,0,141,1,142,19,7,182,48,256,86,0,86,342
04/21/2021,MFE,TX,ASW,CE,Federal Contract Tower,29,13,33,40,115,0,0,112,0,112,29,13,145,40,227,56,0,56,283
04/22/2021,MFE,TX,ASW,CE,Federal Contract Tower,33,17,65,18,133,0,0,90,2,92,33,17,155,20,225,84,0,84,309
04/23/2021,MFE,TX,ASW,CE,Federal Contract Tower,20,12,54,18,104,0,0,93,4,97,20,12,147,22,201,42,0,42,243
04/24/2021,MFE,TX,ASW,CE,Federal Contract Tower,21,11,25,24,81,0,0,93,6,99,21,11,118,30,180,122,12,134,314
04/25/2021,MFE,TX,ASW,CE,Federal Contract Tower,26,10,26,8,70,0,0,85,8,93,26,10,111,16,163,44,0,44,207
04/26/2021,MFE,TX,ASW,CE,Federal Contract Tower,28,20,29,48,125,0,1,78,5,84,28,21,107,53,209,74,0,74,283
04/27/2021,MFE,TX,ASW,CE,Federal Contract Tower,20,4,39,70,133,0,0,99,0,99,20,4,138,70,232,50,0,50,282
04/28/2021,MFE,TX,ASW,CE,Federal Contract Tower,25,14,40,26,105,0,0,66,0,66,25,14,106,26,171,0,0,0,171
04/29/2021,MFE,TX,ASW,CE,Federal Contract Tower,29,15,49,78,171,0,0,87,11,98,29,15,136,89,269,52,10,62,331
04/30/2021,MFE,TX,ASW,CE,Federal Contract Tower,24,14,26,14,78,0,0,64,3,67,24,14,90,17,145,92,0,92,237
05/01/2021,MFE,TX,ASW,CE,Federal Contract Tower,27,10,38,6,81,0,0,24,0,24,27,10,62,6,105,0,0,0,105
05/02/2021,MFE,TX,ASW,CE,Federal Contract Tower,20,17,8,5,50,0,0,62,4,66,20,17,70,9,116,6,0,6,122
05/03/2021,MFE,TX,ASW,CE,Federal Contract Tower,27,16,28,60,131,0,0,99,2,101,27,16,127,62,232,44,0,44,276
05/04/2021,MFE,TX,ASW,CE,Federal Contract Tower,20,10,45,45,120,0,0,88,3,91,20,10,133,48,211,82,0,82,293
05/05/2021,MFE,TX,ASW,CE,Federal Contract Tower,31,7,43,38,119,0,0,115,1,116,31,7,158,39,235,48,0,48,283
05/06/2021,MFE,TX,ASW,CE,Federal Contract Tower,29,11,50,48,138,0,0,84,4,88,29,11,134,52,226,94,0,94,320
05/07/2021,MFE,TX,ASW,CE,Federal Contract Tower,24,10,31,14,79,0,0,85,8,93,24,10,116,22,172,66,0,66,238
05/08/2021,MFE,TX,ASW,CE,Federal Contract Tower,25,11,21,0,57,0,0,46,7,53,25,11,67,7,110,48,0,48,158
05/09/2021,MFE,TX,ASW,CE,Federal Contract Tower,22,21,23,10,76,0,0,51,9,60,22,21,74,19,136,4,0,4,140
05/10/2021,MFE,TX,ASW,CE,Federal Contract Tower,18,12,36,28,94,0,0,89,4,93,18,12,125,32,187,50,0,50,237
05/11/2021,MFE,TX,ASW,CE,Federal Contract Tower,15,14,53,37,119,0,0,88,0,88,15,14,141,37,207,60,0,60,267
05/12/2021,MFE,TX,ASW,CE,Federal Contract Tower,24,14,33,30,101,0,0,23,0,23,24,14,56,30,124,8,0,8,132
05/13/2021,MFE,TX,ASW,CE,Federal Contract Tower,26,12,47,60,145,0,1,79,8,88,26,13,126,68,233,72,8,80,313
05/14/2021,MFE,TX,ASW,CE,Federal Contract Tower,32,11,58,4,105,0,0,90,6,96,32,11,148,10,201,80,8,88,289
05/15/2021,MFE,TX,ASW,CE,Federal Contract Tower,25,12,16,0,53,0,0,31,0,31,25,12,47,0,84,16,0,16,100
05/16/2021,MFE,TX,ASW,CE,Federal Contract Tower,28,13,29,14,84,0,0,36,7,43,28,13,65,21,127,2,0,2,129
05/17/2021,MFE,TX,ASW,CE,Federal Contract Tower,36,18,43,67,164,0,0,81,4,85,36,18,124,71,249,36,0,36,285
05/18/2021,MFE,TX,ASW,CE,Federal Contract Tower,25,10,44,30,109,0,0,74,1,75,25,10,118,31,184,44,0,44,228
05/19/2021,MFE,TX,ASW,CE,Federal Contract Tower,32,17,13,0,62,0,0,30,0,30,32,17,43,0,92,4,0,4,96
05/20/2021,MFE,TX,ASW,CE,Federal Contract Tower,30,13,50,36,129,0,0,84,7,91,30,13,134,43,220,114,0,114,334
05/21/2021,MFE,TX,ASW,CE,Federal Contract Tower,31,14,50,40,135,0,0,103,4,107,31,14,153,44,242,78,0,78,320
05/22/2021,MFE,TX,ASW,CE,Federal Contract Tower,21,18,33,16,88,0,0,51,3,54,21,18,84,19,142,28,0,28,170
05/23/2021,MFE,TX,ASW,CE,Federal Contract Tower,25,12,25,10,72,0,0,49,5,54,25,12,74,15,126,12,0,12,138
05/24/2021,MFE,TX,ASW,CE,Federal Contract Tower,26,11,33,9,79,0,0,75,4,79,26,11,108,13,158,28,0,28,186
05/25/2021,MFE,TX,ASW,CE,Federal Contract Tower,33,11,46,59,149,0,0,78,0,78,33,11,124,59,227,40,0,40,267
05/26/2021,MFE,TX,ASW,CE,Federal Contract Tower,25,16,43,33,117,0,0,89,2,91,25,16,132,35,208,38,0,38,246
05/27/2021,MFE,TX,ASW,CE,Federal Contract Tower,32,16,38,16,102,0,0,83,10,93,32,16,121,26,195,50,0,50,245
05/28/2021,MFE,TX,ASW,CE,Federal Contract Tower,25,20,27,6,78,0,0,73,8,81,25,20,100,14,159,56,0,56,215
05/29/2021,MFE,TX,ASW,CE,Federal Contract Tower,26,12,24,0,62,0,0,52,0,52,26,12,76,0,114,60,0,60,174
05/30/2021,MFE,TX,ASW,CE,Federal Contract Tower,31,13,22,0,66,0,0,50,6,56,31,13,72,6,122,16,0,16,138
05/31/2021,MFE,TX,ASW,CE,Federal Contract Tower,20,10,21,0,51,0,0,67,10,77,20,10,88,10,128,42,0,42,170
06/01/2021,MFE,TX,ASW,CE,Federal Contract Tower,32,15,26,4,77,0,0,32,0,32,32,15,58,4,109,30,0,30,139
06/02/2021,MFE,TX,ASW,CE,Federal Contract Tower,26,15,23,14,78,0,0,79,4,83,26,15,102,18,161,50,0,50,211
06/03/2021,MFE,TX,ASW,CE,Federal Contract Tower,37,11,44,0,92,0,0,57,2,59,37,11,101,2,151,8,0,8,159
06/04/2021,MFE,TX,ASW,CE,Federal Contract Tower,28,15,46,25,114,0,0,72,8,80,28,15,118,33,194,32,0,32,226
06/05/2021,MFE,TX,ASW,CE,Federal Contract Tower,28,12,17,8,65,0,0,71,7,78,28,12,88,15,143,72,0,72,215
06/06/2021,MFE,TX,ASW,CE,Federal Contract Tower,28,18,19,8,73,0,0,59,6,65,28,18,78,14,138,34,0,34,172
06/07/2021,MFE,TX,ASW,CE,Federal Contract Tower,22,18,37,44,121,0,0,74,9,83,22,18,111,53,204,8,0,8,212
06/08/2021,MFE,TX,ASW,CE,Federal Contract Tower,25,16,33,28,102,0,0,73,0,73,25,16,106,28,175,54,0,54,229
06/09/2021,MFE,TX,ASW,CE,Federal Contract Tower,30,11,22,11,74,0,0,77,1,78,30,11,99,12,152,42,0,42,194
06/10/2021,MFE,TX,ASW,CE,Federal Contract Tower,37,10,42,28,117,0,0,86,6,92,37,10,128,34,209,118,0,118,327
06/11/2021,MFE,TX,ASW,CE,Federal Contract Tower,26,15,38,18,97,0,0,94,6,100,26,15,132,24,197,64,0,64,261
06/12/2021,MFE,TX,ASW,CE,Federal Contract Tower,27,14,24,6,71,0,0,70,6,76,27,14,94,12,147,56,0,56,203
06/13/2021,MFE,TX,ASW,CE,Federal Contract Tower,32,12,14,0,58,0,0,54,6,60,32,12,68,6,118,22,0,22,140
06/14/2021,MFE,TX,ASW,CE,Federal Contract Tower,30,20,31,32,113,0,0,86,6,92,30,20,117,38,205,52,6,58,263
06/15/2021,MFE,TX,ASW,CE,Federal Contract Tower,28,12,32,52,124,0,0,96,5,101,28,12,128,57,225,52,8,60,285
06/16/2021,MFE,TX,ASW,CE,Federal Contract Tower,36,12,36,5,89,0,0,74,0,74,36,12,110,5,163,60,0,60,223
06/17/2021,MFE,TX,ASW,CE,Federal Contract Tower,38,13,51,12,114,0,0,89,7,96,38,13,140,19,210,44,0,44,254
06/18/2021,MFE,TX,ASW,CE,Federal Contract Tower,31,19,35,9,94,0,0,79,10,89,31,19,114,19,183,98,0,98,281
06/19/2021,MFE,TX,ASW,CE,Federal Contract Tower,28,11,16,2,57,0,0,65,12,77,28,11,81,14,134,40,0,40,174
06/20/2021,MFE,TX,ASW,CE,Federal Contract Tower,32,16,24,6,78,0,0,35,6,41,32,16,59,12,119,0,0,0,119
06/21/2021,MFE,TX,ASW,CE,Federal Contract Tower,19,23,36,38,116,0,0,73,6,79,19,23,109,44,195,42,0,42,237
06/22/2021,MFE,TX,ASW,CE,Federal Contract Tower,32,9,23,2,66,0,0,48,0,48,32,9,71,2,114,20,0,20,134
06/23/2021,MFE,TX,ASW,CE,Federal Contract Tower,33,11,34,2,80,0,0,97,0,97,33,11,131,2,177,50,0,50,227
06/24/2021,MFE,TX,ASW,CE,Federal Contract Tower,33,17,34,54,138,0,0,97,7,104,33,17,131,61,242,38,0,38,280
06/25/2021,MFE,TX,ASW,CE,Federal Contract Tower,23,28,49,16,116,0,2,101,7,110,23,30,150,23,226,100,2,102,328
06/26/2021,MFE,TX,ASW,CE,Federal Contract Tower,31,15,14,20,80,0,0,66,6,72,31,15,80,26,152,60,0,60,212
06/27/2021,MFE,TX,ASW,CE,Federal Contract Tower,33,17,19,20,89,0,0,53,8,61,33,17,72,28,150,52,0,52,202
06/28/2021,MFE,TX,ASW,CE,Federal Contract Tower,30,18,24,19,91,0,0,64,5,69,30,18,88,24,160,68,16,84,244
06/29/2021,MFE,TX,ASW,CE,Federal Contract Tower,28,19,22,16,85,0,0,85,0,85,28,19,107,16,170,48,0,48,218
06/30/2021,MFE,TX,ASW,CE,Federal Contract Tower,31,18,35,37,121,0,0,55,2,57,31,18,90,39,178,32,0,32,210
07/01/2021,MFE,TX,ASW,CE,Federal Contract Tower,39,10,21,11,81,0,0,72,8,80,39,10,93,19,161,36,0,36,197
07/02/2021,MFE,TX,ASW,CE,Federal Contract Tower,30,15,19,6,70,0,0,74,8,82,30,15,93,14,152,74,0,74,226
07/03/2021,MFE,TX,ASW,CE,Federal Contract Tower,30,15,17,4,66,0,0,44,6,50,30,15,61,10,116,50,0,50,166
07/04/2021,MFE,TX,ASW,CE,Federal Contract Tower,34,11,9,0,54,0,0,40,6,46,34,11,49,6,100,0,0,0,100
07/05/2021,MFE,TX,ASW,CE,Federal Contract Tower,36,11,25,0,72,0,0,51,4,55,36,11,76,4,127,6,0,6,133
07/06/2021,MFE,TX,ASW,CE,Federal Contract Tower,32,9,25,0,66,0,0,2,0,2,32,9,27,0,68,0,0,0,68
07/07/2021,MFE,TX,ASW,CE,Federal Contract Tower,29,12,20,10,71,0,0,21,0,21,29,12,41,10,92,0,0,0,92
07/08/2021,MFE,TX,ASW,CE,Federal Contract Tower,32,15,35,64,146,0,0,64,10,74,32,15,99,74,220,156,62,218,438
07/09/2021,MFE,TX,ASW,CE,Federal Contract Tower,24,16,27,13,80,0,0,45,2,47,24,16,72,15,127,78,0,78,205
07/10/2021,MFE,TX,ASW,CE,Federal Contract Tower,28,19,23,8,78,0,0,56,2,58,28,19,79,10,136,60,0,60,196
07/11/2021,MFE,TX,ASW,CE,Federal Contract Tower,28,13,19,2,62,0,0,32,8,40,28,13,51,10,102,4,0,4,106
07/12/2021,MFE,TX,ASW,CE,Federal Contract Tower,31,15,33,38,117,0,0,85,9,94,31,15,118,47,211,52,10,62,273
07/13/2021,MFE,TX,ASW,CE,Federal Contract Tower,37,10,32,6,85,0,0,64,0,64,37,10,96,6,149,32,26,58,207
07/14/2021,MFE,TX,ASW,CE,Federal Contract Tower,34,17,36,33,120,0,0,70,5,75,34,17,106,38,195,36,4,40,235
07/15/2021,MFE,TX,ASW,CE,Federal Contract Tower,32,10,25,36,103,0,0,87,4,91,32,10,112,40,194,56,0,56,250
07/16/2021,MFE,TX,ASW,CE,Federal Contract Tower,33,15,32,23,103,0,0,80,8,88,33,15,112,31,191,66,0,66,257
07/17/2021,MFE,TX,ASW,CE,Federal Contract Tower,30,19,18,4,71,0,0,71,6,77,30,19,89,10,148,102,0,102,250
07/18/2021,MFE,TX,ASW,CE,Federal Contract Tower,33,9,21,8,71,0,0,52,4,56,33,9,73,12,127,58,0,58,185
07/19/2021,MFE,TX,ASW,CE,Federal Contract Tower,29,13,26,53,121,0,1,91,8,100,29,14,117,61,221,116,4,120,341
07/20/2021,MFE,TX,ASW,CE,Federal Contract Tower,37,8,24,24,93,0,0,90,2,92,37,8,114,26,185,130,0,130,315
07/21/2021,MFE,TX,ASW,CE,Federal Contract Tower,35,13,21,5,74,0,0,62,1,63,35,13,83,6,137,52,0,52,189
07/22/2021,MFE,TX,ASW,CE,Federal Contract Tower,36,16,39,43,134,0,0,79,2,81,36,16,118,45,215,66,0,66,281
07/23/2021,MFE,TX,ASW,CE,Federal Contract Tower,27,16,34,6,83,0,0,93,6,99,27,16,127,12,182,94,0,94,276
07/24/2021,MFE,TX,ASW,CE,Federal Contract Tower,27,16,22,12,77,0,0,69,6,75,27,16,91,18,152,16,0,16,168
07/25/2021,MFE,TX,ASW,CE,Federal Contract Tower,28,12,17,3,60,0,0,73,5,78,28,12,90,8,138,46,0,46,184
07/26/2021,MFE,TX,ASW,CE,Federal Contract Tower,29,16,35,19,99,0,0,88,4,92,29,16,123,23,191,42,0,42,233
07/27/2021,MFE,TX,ASW,CE,Federal Contract Tower,35,13,50,36,134,0,0,105,2,107,35,13,155,38,241,96,0,96,337
07/28/2021,MFE,TX,ASW,CE,Federal Contract Tower,34,20,44,7,105,0,0,75,2,77,34,20,119,9,182,48,0,48,230
07/29/2021,MFE,TX,ASW,CE,Federal Contract Tower,45,18,44,46,153,0,0,104,4,108,45,18,148,50,261,72,2,74,335
07/30/2021,MFE,TX,ASW,CE,Federal Contract Tower,26,20,23,7,76,0,2,92,10,104,26,22,115,17,180,92,0,92,272
07/31/2021,MFE,TX,ASW,CE,Federal Contract Tower,26,17,20,0,63,0,0,81,6,87,26,17,101,6,150,74,0,74,224
08/01/2021,MFE,TX,ASW,CE,Federal Contract Tower,32,10,17,4,63,0,0,53,6,59,32,10,70,10,122,0,0,0,122
08/02/2021,MFE,TX,ASW,CE,Federal Contract Tower,21,18,21,69,129,0,0,71,7,78,21,18,92,76,207,74,0,74,281
08/03/2021,MFE,TX,ASW,CE,Federal Contract Tower,38,16,26,10,90,0,0,55,2,57,38,16,81,12,147,30,0,30,177
08/04/2021,MFE,TX,ASW,CE,Federal Contract Tower,35,15,24,55,129,0,0,90,5,95,35,15,114,60,224,60,0,60,284
08/05/2021,MFE,TX,ASW,CE,Federal Contract Tower,42,14,33,12,101,0,0,88,8,96,42,14,121,20,197,36,0,36,233
08/06/2021,MFE,TX,ASW,CE,Federal Contract Tower,31,14,28,18,91,0,0,77,6,83,31,14,105,24,174,94,0,94,268
08/07/2021,MFE,TX,ASW,CE,Federal Contract Tower,29,16,21,2,68,0,0,72,4,76,29,16,93,6,144,50,0,50,194
08/08/2021,MFE,TX,ASW,CE,Federal Contract Tower,36,19,36,27,118,0,0,51,8,59,36,19,87,35,177,0,0,0,177
08/09/2021,MFE,TX,ASW,CE,Federal Contract Tower,28,15,44,37,124,0,0,78,6,84,28,15,122,43,208,32,10,42,250
08/10/2021,MFE,TX,ASW,CE,Federal Contract Tower,37,11,37,43,128,0,0,116,0,116,37,11,153,43,244,48,0,48,292
08/11/2021,MFE,TX,ASW,CE,Federal Contract Tower,38,15,27,22,102,0,0,120,0,120,38,15,147,22,222,84,0,84,306
08/12/2021,MFE,TX,ASW,CE,Federal Contract Tower,43,14,31,33,121,0,0,86,12,98,43,14,117,45,219,100,28,128,347
08/13/2021,MFE,TX,ASW,CE,Federal Contract Tower,35,16,18,22,91,0,0,77,2,79,35,16,95,24,170,98,0,98,268
08/14/2021,MFE,TX,ASW,CE,Federal Contract Tower,27,15,17,4,63,0,1,49,6,56,27,16,66,10,119,36,0,36,155
08/15/2021,MFE,TX,ASW,CE,Federal Contract Tower,35,11,17,14,77,0,0,58,6,64,35,11,75,20,141,14,0,14,155
08/16/2021,MFE,TX,ASW,CE,Federal Contract Tower,34,12,20,48,114,0,0,84,7,91,34,12,104,55,205,34,4,38,243
08/17/2021,MFE,TX,ASW,CE,Federal Contract Tower,25,8,37,90,160,0,0,73,9,82,25,8,110,99,242,40,14,54,296
08/18/2021,MFE,TX,ASW,CE,Federal Contract Tower,27,15,39,58,139,0,1,62,0,63,27,16,101,58,202,44,0,44,246
08/19/2021,MFE,TX,ASW,CE,Federal Contract Tower,38,13,41,29,121,0,0,77,9,86,38,13,118,38,207,56,0,56,263
08/20/2021,MFE,TX,ASW,CE,Federal Contract Tower,29,17,21,48,115,0,0,68,11,79,29,17,89,59,194,48,0,48,242
08/21/2021,MFE,TX,ASW,CE,Federal Contract Tower,28,16,15,2,61,0,0,46,2,48,28,16,61,4,109,48,0,48,157
08/22/2021,MFE,TX,ASW,CE,Federal Contract Tower,29,14,12,0,55,0,0,43,8,51,29,14,55,8,106,30,0,30,136
08/23/2021,MFE,TX,ASW,CE,Federal Contract Tower,41,10,25,28,104,0,0,78,10,88,41,10,103,38,192,22,0,22,214
08/24/2021,MFE,TX,ASW,CE,Federal Contract Tower,30,17,30,33,110,0,0,94,1,95,30,17,124,34,205,102,0,102,307
08/25/2021,MFE,TX,ASW,CE,Federal Contract Tower,34,17,25,25,101,0,0,74,3,77,34,17,99,28,178,38,8,46,224
08/26/2021,MFE,TX,ASW,CE,Federal Contract Tower,41,19,53,46,159,0,0,78,9,87,41,19,131,55,246,30,0,30,276
08/27/2021,MFE,TX,ASW,CE,Federal Contract Tower,39,14,35,37,125,0,0,76,6,82,39,14,111,43,207,60,0,60,267
08/28/2021,MFE,TX,ASW,CE,Federal Contract Tower,26,15,27,43,111,0,0,78,7,85,26,15,105,50,196,72,0,72,268
08/29/2021,MFE,TX,ASW,CE,Federal Contract Tower,32,12,23,20,87,0,0,67,6,73,32,12,90,26,160,46,0,46,206
08/30/2021,MFE,TX,ASW,CE,Federal Contract Tower,35,15,34,46,130,0,0,62,4,66,35,15,96,50,196,54,0,54,250
08/31/2021,MFE,TX,ASW,CE,Federal Contract Tower,37,13,25,43,118,0,0,80,0,80,37,13,105,43,198,32,0,32,230
09/01/2021,MFE,TX,ASW,CE,Federal Contract Tower,33,19,33,44,129,0,0,83,1,84,33,19,116,45,213,146,0,146,359
09/02/2021,MFE,TX,ASW,CE,Federal Contract Tower,43,14,22,41,120,2,0,78,5,85,45,14,100,46,205,92,18,110,315
09/03/2021,MFE,TX,ASW,CE,Federal Contract Tower,40,15,38,6,99,0,0,80,5,85,40,15,118,11,184,132,0,132,316
09/04/2021,MFE,TX,ASW,CE,Federal Contract Tower,23,11,21,12,67,0,0,77,8,85,23,11,98,20,152,52,0,52,204
09/05/2021,MFE,TX,ASW,CE,Federal Contract Tower,24,8,14,0,46,0,0,47,4,51,24,8,61,4,97,10,0,10,107
09/06/2021,MFE,TX,ASW,CE,Federal Contract Tower,33,9,24,18,84,0,0,64,8,72,33,9,88,26,156,38,0,38,194
09/07/2021,MFE,TX,ASW,CE,Federal Contract Tower,32,15,50,10,107,0,0,82,0,82,32,15,132,10,189,28,0,28,217
09/08/2021,MFE,TX,ASW,CE,Federal Contract Tower,35,11,35,43,124,0,0,95,1,96,35,11,130,44,220,72,0,72,292
09/09/2021,MFE,TX,ASW,CE,Federal Contract Tower,39,17,47,18,121,0,0,105,11,116,39,17,152,29,237,38,0,38,275
09/10/2021,MFE,TX,ASW,CE,Federal Contract Tower,35,15,41,10,101,0,1,85,13,99,35,16,126,23,200,74,0,74,274
09/11/2021,MFE,TX,ASW,CE,Federal Contract Tower,29,7,9,0,45,0,0,74,4,78,29,7,83,4,123,48,0,48,171
09/12/2021,MFE,TX,ASW,CE,Federal Contract Tower,28,13,19,6,66,0,0,26,0,26,28,13,45,6,92,14,0,14,106
09/13/2021,MFE,TX,ASW,CE,Federal Contract Tower,36,14,21,0,71,0,0,19,2,21,36,14,40,2,92,26,0,26,118
09/14/2021,MFE,TX,ASW,CE,Federal Contract Tower,29,12,25,52,118,0,0,79,4,83,29,12,104,56,201,78,0,78,279
09/15/2021,MFE,TX,ASW,CE,Federal Contract Tower,37,17,30,51,135,0,0,76,10,86,37,17,106,61,221,84,0,84,305
09/16/2021,MFE,TX,ASW,CE,Federal Contract Tower,41,16,30,48,135,0,0,97,6,103,41,16,127,54,238,80,0,80,318
09/17/2021,MFE,TX,ASW,CE,Federal Contract Tower,46,12,29,14,101,0,0,81,6,87,46,12,110,20,188,74,0,74,262
09/18/2021,MFE,TX,ASW,CE,Federal Contract Tower,35,10,20,11,76,0,0,75,3,78,35,10,95,14,154,60,0,60,214
09/19/2021,MFE,TX,ASW,CE,Federal Contract Tower,31,12,11,0,54,0,0,57,4,61,31,12,68,4,115,32,0,32,147
09/20/2021,MFE,TX,ASW,CE,Federal Contract Tower,36,20,22,5,83,0,0,76,3,79,36,20,98,8,162,42,0,42,204
09/21/2021,MFE,TX,ASW,CE,Federal Contract Tower,34,11,30,0,75,0,0,82,0,82,34,11,112,0,157,54,0,54,211
09/22/2021,MFE,TX,ASW,CE,Federal Contract Tower,39,9,28,1,77,0,0,54,8,62,39,9,82,9,139,6,0,6,145
09/23/2021,MFE,TX,ASW,CE,Federal Contract Tower,41,17,51,8,117,0,0,105,4,109,41,17,156,12,226,64,0,64,290
09/24/2021,MFE,TX,ASW,CE,Federal Contract Tower,34,18,31,1,84,0,0,84,5,89,34,18,115,6,173,106,0,106,279
09/25/2021,MFE,TX,ASW,CE,Federal Contract Tower,27,11,20,0,58,0,0,86,4,90,27,11,106,4,148,62,0,62,210
09/26/2021,MFE,TX,ASW,CE,Federal Contract Tower,25,12,19,0,56,0,0,52,2,54,25,12,71,2,110,12,0,12,122
09/27/2021,MFE,TX,ASW,CE,Federal Contract Tower,34,15,23,28,100,0,0,74,5,79,34,15,97,33,179,108,0,108,287
09/28/2021,MFE,TX,ASW,CE,Federal Contract Tower,31,8,31,52,122,0,0,81,0,81,31,8,112,52,203,34,0,34,237
09/29/2021,MFE,TX,ASW,CE,Federal Contract Tower,39,18,36,0,93,0,0,64,0,64,39,18,100,0,157,30,0,30,187
09/30/2021,MFE,TX,ASW,CE,Federal Contract Tower,34,15,24,16,89,0,0,76,5,81,34,15,100,21,170,48,0,48,218
10/01/2021,MFE,TX,ASW,CE,Federal Contract Tower,33,15,34,8,90,0,0,47,0,47,33,15,81,8,137,26,0,26,163
10/02/2021,MFE,TX,ASW,CE,Federal Contract Tower,26,8,17,4,55,0,0,44,2,46,26,8,61,6,101,58,0,58,159
10/03/2021,MFE,TX,ASW,CE,Federal Contract Tower,32,7,16,2,57,0,0,29,4,33,32,7,45,6,90,0,0,0,90
10/04/2021,MFE,TX,ASW,CE,Federal Contract Tower,31,21,25,15,92,0,1,57,5,63,31,22,82,20,155,34,0,34,189
10/05/2021,MFE,TX,ASW,CE,Federal Contract Tower,32,9,46,26,113,0,0,94,2,96,32,9,140,28,209,48,0,48,257
10/06/2021,MFE,TX,ASW,CE,Federal Contract Tower,34,20,37,29,120,0,0,104,3,107,34,20,141,32,227,56,0,56,283
10/07/2021,MFE,TX,ASW,CE,Federal Contract Tower,36,16,40,32,124,0,0,90,2,92,36,16,130,34,216,54,0,54,270
10/08/2021,MFE,TX,ASW,CE,Federal Contract Tower,30,15,43,36,124,0,0,78,8,86,30,15,121,44,210,26,0,26,236
10/09/2021,MFE,TX,ASW,CE,Federal Contract Tower,26,13,29,8,76,0,0,68,8,76,26,13,97,16,152,80,0,80,232
10/10/2021,MFE,TX,ASW,CE,Federal Contract Tower,27,11,21,8,67,0,0,37,4,41,27,11,58,12,108,0,0,0,108
10/11/2021,MFE,TX,ASW,CE,Federal Contract Tower,33,13,28,0,74,0,0,63,4,67,33,13,91,4,141,54,0,54,195
10/12/2021,MFE,TX,ASW,CE,Federal Contract Tower,29,17,43,15,104,0,0,62,7,69,29,17,105,22,173,32,0,32,205
10/13/2021,MFE,TX,ASW,CE,Federal Contract Tower,34,14,59,7,114,0,0,45,4,49,34,14,104,11,163,0,0,0,163
10/14/2021,MFE,TX,ASW,CE,Federal Contract Tower,31,21,41,14,107,0,0,53,3,56,31,21,94,17,163,52,0,52,215
10/15/2021,MFE,TX,ASW,CE,Federal Contract Tower,31,17,28,10,86,0,0,46,4,50,31,17,74,14,136,84,0,84,220
10/16/2021,MFE,TX,ASW,CE,Federal Contract Tower,25,9,14,10,58,0,0,39,6,45,25,9,53,16,103,52,8,60,163
10/17/2021,MFE,TX,ASW,CE,Federal Contract Tower,27,16,26,4,73,0,1,42,6,49,27,17,68,10,122,60,0,60,182
10/18/2021,MFE,TX,ASW,CE,Federal Contract Tower,32,13,32,38,115,0,0,77,8,85,32,13,109,46,200,40,0,40,240
10/19/2021,MFE,TX,ASW,CE,Federal Contract Tower,27,15,36,31,109,0,0,76,0,76,27,15,112,31,185,0,0,0,185
10/20/2021,MFE,TX,ASW,CE,Federal Contract Tower,42,20,29,10,101,0,0,79,2,81,42,20,108,12,182,88,0,88,270
10/21/2021,MFE,TX,ASW,CE,Federal Contract Tower,40,14,51,26,131,0,0,65,14,79,40,14,116,40,210,16,0,16,226
10/22/2021,MFE,TX,ASW,CE,Federal Contract Tower,33,13,18,20,84,0,0,37,8,45,33,13,55,28,129,14,0,14,143
10/23/2021,MFE,TX,ASW,CE,Federal Contract Tower,27,12,25,22,86,0,0,73,6,79,27,12,98,28,165,92,0,92,257
10/24/2021,MFE,TX,ASW,CE,Federal Contract Tower,30,18,17,4,69,0,0,59,6,65,30,18,76,10,134,28,0,28,162
10/25/2021,MFE,TX,ASW,CE,Federal Contract Tower,32,16,25,3,76,0,0,72,8,80,32,16,97,11,156,26,0,26,182
10/26/2021,MFE,TX,ASW,CE,Federal Contract Tower,38,16,21,25,100,0,0,82,6,88,38,16,103,31,188,78,4,82,270
10/27/2021,MFE,TX,ASW,CE,Federal Contract Tower,25,16,52,13,106,0,0,63,13,76,25,16,115,26,182,8,42,50,232
10/28/2021,MFE,TX,ASW,CE,Federal Contract Tower,24,24,48,48,144,0,0,99,8,107,24,24,147,56,251,38,2,40,291
10/29/2021,MFE,TX,ASW,CE,Federal Contract Tower,28,21,30,11,90,0,0,85,7,92,28,21,115,18,182,34,4,38,220
10/30/2021,MFE,TX,ASW,CE,Federal Contract Tower,26,12,18,0,56,0,0,90,6,96,26,12,108,6,152,48,0,48,200
10/31/2021,MFE,TX,ASW,CE,Federal Contract Tower,23,13,14,6,56,0,0,61,6,67,23,13,75,12,123,30,0,30,153
11/01/2021,MFE,TX,ASW,CE,Federal Contract Tower,18,9,38,27,92,0,0,86,10,96,18,9,124,37,188,0,10,10,198
11/02/2021,MFE,TX,ASW,CE,Federal Contract Tower,17,8,49,20,94,0,0,81,5,86,17,8,130,25,180,34,0,34,214
11/03/2021,MFE,TX,ASW,CE,Federal Contract Tower,24,23,45,36,128,0,0,113,0,113,24,23,158,36,241,86,0,86,327
11/04/2021,MFE,TX,ASW,CE,Federal Contract Tower,29,14,68,56,167,0,0,23,5,28,29,14,91,61,195,0,0,0,195
11/05/2021,MFE,TX,ASW,CE,Federal Contract Tower,33,20,37,29,119,0,0,100,6,106,33,20,137,35,225,138,4,142,367
11/06/2021,MFE,TX,ASW,CE,Federal Contract Tower,23,5,13,4,45,0,1,74,4,79,23,6,87,8,124,84,0,84,208
11/07/2021,MFE,TX,ASW,CE,Federal Contract Tower,24,15,21,6,66,0,0,72,6,78,24,15,93,12,144,68,0,68,212
11/08/2021,MFE,TX,ASW,CE,Federal Contract Tower,34,15,49,42,140,0,0,82,7,89,34,15,131,49,229,28,0,28,257
11/09/2021,MFE,TX,ASW,CE,Federal Contract Tower,23,14,41,31,109,0,0,64,2,66,23,14,105,33,175,72,0,72,247
11/10/2021,MFE,TX,ASW,CE,Federal Contract Tower,27,11,34,31,103,0,0,71,2,73,27,11,105,33,176,20,0,20,196
11/11/2021,MFE,TX,ASW,CE,Federal Contract Tower,28,13,29,11,81,0,2,66,6,74,28,15,95,17,155,10,0,10,165
11/12/2021,MFE,TX,ASW,CE,Federal Contract Tower,36,13,45,8,102,0,0,62,9,71,36,13,107,17,173,32,0,32,205
11/13/2021,MFE,TX,ASW,CE,Federal Contract Tower,29,9,23,10,71,0,0,50,6,56,29,9,73,16,127,20,0,20,147
11/14/2021,MFE,TX,ASW,CE,Federal Contract Tower,26,9,15,17,67,0,0,70,7,77,26,9,85,24,144,140,8,148,292
11/15/2021,MFE,TX,ASW,CE,Federal Contract Tower,26,5,46,14,91,0,2,106,6,114,26,7,152,20,205,76,0,76,281
11/16/2021,MFE,TX,ASW,CE,Federal Contract Tower,29,18,31,23,101,0,0,38,2,40,29,18,69,25,141,26,0,26,167
11/17/2021,MFE,TX,ASW,CE,Federal Contract Tower,25,7,36,34,102,0,0,62,3,65,25,7,98,37,167,54,12,66,233
11/18/2021,MFE,TX,ASW,CE,Federal Contract Tower,27,14,32,10,83,0,0,19,6,25,27,14,51,16,108,8,0,8,116
11/19/2021,MFE,TX,ASW,CE,Federal Contract Tower,19,11,47,40,117,0,0,81,4,85,19,11,128,44,202,24,0,24,226
11/20/2021,MFE,TX,ASW,CE,Federal Contract Tower,19,12,25,23,79,0,0,55,6,61,19,12,80,29,140,28,0,28,168
11/21/2021,MFE,TX,ASW,CE,Federal Contract Tower,28,8,14,7,57,0,0,45,8,53,28,8,59,15,110,10,0,10,120
11/22/2021,MFE,TX,ASW,CE,Federal Contract Tower,21,15,34,6,76,0,0,58,6,64,21,15,92,12,140,80,0,80,220
11/23/2021,MFE,TX,ASW,CE,Federal Contract Tower,23,16,35,25,99,0,0,94,0,94,23,16,129,25,193,80,0,80,273
11/24/2021,MFE,TX,ASW,CE,Federal Contract Tower,30,18,36,1,85,0,0,54,0,54,30,18,90,1,139,32,0,32,171
11/25/2021,MFE,TX,ASW,CE,Federal Contract Tower,17,16,9,0,42,0,0,24,2,26,17,16,33,2,68,0,0,0,68
11/26/2021,MFE,TX,ASW,CE,Federal Contract Tower,18,13,22,6,59,0,0,48,4,52,18,13,70,10,111,38,0,38,149
11/27/2021,MFE,TX,ASW,CE,Federal Contract Tower,23,11,19,0,53,0,0,19,4,23,23,11,38,4,76,64,0,64,140
11/28/2021,MFE,TX,ASW,CE,Federal Contract Tower,36,11,22,4,73,0,0,41,7,48,36,11,63,11,121,26,0,26,147
11/29/2021,MFE,TX,ASW,CE,Federal Contract Tower,20,20,44,39,123,0,0,65,6,71,20,20,109,45,194,16,0,16,210
11/30/2021,MFE,TX,ASW,CE,Federal Contract Tower,12,19,48,20,99,0,0,85,2,87,12,19,133,22,186,38,0,38,224
12/01/2021,MFE,TX,ASW,CE,Federal Contract Tower,27,23,42,39,131,0,0,95,0,95,27,23,137,39,226,100,0,100,326
12/02/2021,MFE,TX,ASW,CE,Federal Contract Tower,27,21,49,13,110,0,0,51,10,61,27,21,100,23,171,56,14,70,241
12/03/2021,MFE,TX,ASW,CE,Federal Contract Tower,24,18,38,28,108,0,0,58,7,65,24,18,96,35,173,38,0,38,211
12/04/2021,MFE,TX,ASW,CE,Federal Contract Tower,17,10,23,18,68,0,0,59,8,67,17,10,82,26,135,12,0,12,147
12/05/2021,MFE,TX,ASW,CE,Federal Contract Tower,24,11,17,4,56,0,0,38,6,44,24,11,55,10,100,0,0,0,100
12/06/2021,MFE,TX,ASW,CE,Federal Contract Tower,24,15,44,39,122,0,0,54,4,58,24,15,98,43,180,56,0,56,236
12/07/2021,MFE,TX,ASW,CE,Federal Contract Tower,15,11,63,22,111,0,0,63,3,66,15,11,126,25,177,74,0,74,251
12/08/2021,MFE,TX,ASW,CE,Federal Contract Tower,23,24,72,10,129,0,0,42,2,44,23,24,114,12,173,22,0,22,195
12/09/2021,MFE,TX,ASW,CE,Federal Contract Tower,23,22,55,31,131,0,0,102,10,112,23,22,157,41,243,34,0,34,277
12/10/2021,MFE,TX,ASW,CE,Federal Contract Tower,14,21,35,31,101,0,0,62,6,68,14,21,97,37,169,0,8,8,177
12/11/2021,MFE,TX,ASW,CE,Federal Contract Tower,15,11,17,10,53,0,0,25,0,25,15,11,42,10,78,6,0,6,84
12/12/2021,MFE,TX,ASW,CE,Federal Contract Tower,27,12,20,4,63,0,0,62,6,68,27,12,82,10,131,58,0,58,189
12/13/2021,MFE,TX,ASW,CE,Federal Contract Tower,22,20,48,17,107,0,0,59,9,68,22,20,107,26,175,96,0,96,271
12/14/2021,MFE,TX,ASW,CE,Federal Contract Tower,15,20,54,30,119,0,0,51,2,53,15,20,105,32,172,34,0,34,206
12/15/2021,MFE,TX,ASW,CE,Federal Contract Tower,13,15,51,5,84,0,2,72,2,76,13,17,123,7,160,46,16,62,222
12/16/2021,MFE,TX,ASW,CE,Federal Contract Tower,31,24,48,2,105,0,1,70,9,80,31,25,118,11,185,38,16,54,239
12/17/2021,MFE,TX,ASW,CE,Federal Contract Tower,21,25,41,30,117,0,0,64,8,72,21,25,105,38,189,74,0,74,263
12/18/2021,MFE,TX,ASW,CE,Federal Contract Tower,16,18,28,17,79,0,0,32,10,42,16,18,60,27,121,56,0,56,177
12/19/2021,MFE,TX,ASW,CE,Federal Contract Tower,26,14,24,0,64,0,0,11,8,19,26,14,35,8,83,0,0,0,83
12/20/2021,MFE,TX,ASW,CE,Federal Contract Tower,23,23,38,33,117,0,0,73,6,79,23,23,111,39,196,86,8,94,290
12/21/2021,MFE,TX,ASW,CE,Federal Contract Tower,12,22,41,10,85,0,0,84,0,84,12,22,125,10,169,76,0,76,245
12/22/2021,MFE,TX,ASW,CE,Federal Contract Tower,20,21,37,15,93,0,0,81,0,81,20,21,118,15,174,128,0,128,302
12/23/2021,MFE,TX,ASW,CE,Federal Contract Tower,31,16,28,4,79,0,0,78,6,84,31,16,106,10,163,44,0,44,207
12/24/2021,MFE,TX,ASW,CE,Federal Contract Tower,13,17,17,0,47,0,0,25,8,33,13,17,42,8,80,6,0,6,86
12/25/2021,MFE,TX,ASW,CE,Federal Contract Tower,17,9,2,0,28,0,0,26,8,34,17,9,28,8,62,0,0,0,62
12/26/2021,MFE,TX,ASW,CE,Federal Contract Tower,23,16,22,1,62,0,0,42,7,49,23,16,64,8,111,8,0,8,119
12/27/2021,MFE,TX,ASW,CE,Federal Contract Tower,24,11,27,12,74,0,0,52,7,59,24,11,79,19,133,10,0,10,143
12/28/2021,MFE,TX,ASW,CE,Federal Contract Tower,18,15,32,20,85,0,0,63,1,64,18,15,95,21,149,62,0,62,211
12/29/2021,MFE,TX,ASW,CE,Federal Contract Tower,22,21,27,27,97,0,0,62,1,63,22,21,89,28,160,74,0,74,234
12/30/2021,MFE,TX,ASW,CE,Federal Contract Tower,25,10,30,0,65,0,0,60,6,66,25,10,90,6,131,18,0,18,149
12/31/2021,MFE,TX,ASW,CE,Federal Contract Tower,13,9,23,0,45,0,0,37,6,43,13,9,60,6,88,18,0,18,106
01/01/2022,MFE,TX,ASW,CE,Federal Contract Tower,13,8,14,0,35,0,0,29,8,37,13,8,43,8,72,6,0,6,78
01/02/2022,MFE,TX,ASW,CE,Federal Contract Tower,23,7,22,0,52,0,0,21,2,23,23,7,43,2,75,0,0,0,75
01/03/2022,MFE,TX,ASW,CE,Federal Contract Tower,27,8,23,2,60,0,0,93,4,97,27,8,116,6,157,138,0,138,295
01/04/2022,MFE,TX,ASW,CE,Federal Contract Tower,24,13,31,8,76,0,0,68,0,68,24,13,99,8,144,136,0,136,280
01/05/2022,MFE,TX,ASW,CE,Federal Contract Tower,27,18,20,11,76,0,0,97,1,98,27,18,117,12,174,68,0,68,242
01/06/2022,MFE,TX,ASW,CE,Federal Contract Tower,35,13,36,20,104,0,0,64,6,70,35,13,100,26,174,78,0,78,252
01/07/2022,MFE,TX,ASW,CE,Federal Contract Tower,22,17,20,15,74,0,0,43,9,52,22,17,63,24,126,92,20,112,238
01/08/2022,MFE,TX,ASW,CE,Federal Contract Tower,19,10,34,14,77,0,0,9,2,11,19,10,43,16,88,0,0,0,88
01/09/2022,MFE,TX,ASW,CE,Federal Contract Tower,28,3,18,0,49,0,0,39,5,44,28,3,57,5,93,44,0,44,137
01/10/2022,MFE,TX,ASW,CE,Federal Contract Tower,24,13,31,27,95,0,0,54,6,60,24,13,85,33,155,38,0,38,193
01/11/2022,MFE,TX,ASW,CE,Federal Contract Tower,17,12,26,47,102,0,0,72,4,76,17,12,98,51,178,90,0,90,268
01/12/2022,MFE,TX,ASW,CE,Federal Contract Tower,22,17,54,12,105,0,0,11,0,11,22,17,65,12,116,0,0,0,116
01/13/2022,MFE,TX,ASW,CE,Federal Contract Tower,24,13,45,12,94,0,0,64,10,74,24,13,109,22,168,42,0,42,210
01/14/2022,MFE,TX,ASW,CE,Federal Contract Tower,20,12,26,4,62,0,0,72,12,84,20,12,98,16,146,74,0,74,220
01/15/2022,MFE,TX,ASW,CE,Federal Contract Tower,19,7,9,0,35,0,0,15,4,19,19,7,24,4,54,0,0,0,54
01/16/2022,MFE,TX,ASW,CE,Federal Contract Tower,18,10,13,0,41,0,0,41,9,50,18,10,54,9,91,30,0,30,121
01/17/2022,MFE,TX,ASW,CE,Federal Contract Tower,17,16,24,0,57,0,0,70,7,77,17,16,94,7,134,68,0,68,202
01/18/2022,MFE,TX,ASW,CE,Federal Contract Tower,17,13,26,16,72,0,0,57,8,65,17,13,83,24,137,56,0,56,193
01/19/2022,MFE,TX,ASW,CE,Federal Contract Tower,24,18,17,25,84,0,0,76,3,79,24,18,93,28,163,70,0,70,233
01/20/2022,MFE,TX,ASW,CE,Federal Contract Tower,27,15,33,0,75,0,0,25,4,29,27,15,58,4,104,12,0,12,116
01/21/2022,MFE,TX,ASW,CE,Federal Contract Tower,25,9,17,2,53,0,0,11,4,15,25,9,28,6,68,0,0,0,68
01/22/2022,MFE,TX,ASW,CE,Federal Contract Tower,15,6,10,17,48,0,0,4,0,4,15,6,14,17,52,8,0,8,60
01/23/2022,MFE,TX,ASW,CE,Federal Contract Tower,24,11,13,8,56,0,0,4,0,4,24,11,17,8,60,0,0,0,60
01/24/2022,MFE,TX,ASW,CE,Federal Contract Tower,20,21,18,20,79,0,0,5,0,5,20,21,23,20,84,0,0,0,84
01/25/2022,MFE,TX,ASW,CE,Federal Contract Tower,23,14,31,53,121,0,0,86,4,90,23,14,117,57,211,102,0,102,313
01/26/2022,MFE,TX,ASW,CE,Federal Contract Tower,25,9,31,66,131,0,0,47,2,49,25,9,78,68,180,70,0,70,250
01/27/2022,MFE,TX,ASW,CE,Federal Contract Tower,27,9,42,33,111,0,0,16,4,20,27,9,58,37,131,26,0,26,157
01/28/2022,MFE,TX,ASW,CE,Federal Contract Tower,25,10,15,10,60,0,0,14,3,17,25,10,29,13,77,0,0,0,77
01/29/2022,MFE,TX,ASW,CE,Federal Contract Tower,13,12,14,2,41,0,0,65,5,70,13,12,79,7,111,76,0,76,187
01/30/2022,MFE,TX,ASW,CE,Federal Contract Tower,22,7,19,10,58,0,0,43,8,51,22,7,62,18,109,64,0,64,173
01/31/2022,MFE,TX,ASW,CE,Federal Contract Tower,19,20,35,47,121,0,0,45,10,55,19,20,80,57,176,44,0,44,220
02/01/2022,MFE,TX,ASW,CE,Federal Contract Tower,22,14,43,39,118,0,0,66,0,66,22,14,109,39,184,150,0,150,334
02/02/2022,MFE,TX,ASW,CE,Federal Contract Tower,24,17,22,43,106,0,0,43,1,44,24,17,65,44,150,16,0,16,166
02/03/2022,MFE,TX,ASW,CE,Federal Contract Tower,21,13,11,10,55,0,0,11,4,15,21,13,22,14,70,2,0,2,72
02/04/2022,MFE,TX,ASW,CE,Federal Contract Tower,18,15,28,34,95,0,0,40,6,46,18,15,68,40,141,56,0,56,197
02/05/2022,MFE,TX,ASW,CE,Federal Contract Tower,14,6,13,13,46,0,0,67,4,71,14,6,80,17,117,76,0,76,193
02/06/2022,MFE,TX,ASW,CE,Federal Contract Tower,22,6,17,29,74,0,0,37,8,45,22,6,54,37,119,40,0,40,159
02/07/2022,MFE,TX,ASW,CE,Federal Contract Tower,22,19,30,39,110,0,0,37,8,45,22,19,67,47,155,16,0,16,171
02/08/2022,MFE,TX,ASW,CE,Federal Contract Tower,24,12,21,32,89,0,0,89,3,92,24,12,110,35,181,128,0,128,309
02/09/2022,MFE,TX,ASW,CE,Federal Contract Tower,25,15,29,49,118,0,0,97,0,97,25,15,126,49,215,122,0,122,337
02/10/2022,MFE,TX,ASW,CE,Federal Contract Tower,29,15,42,57,143,0,0,79,6,85,29,15,121,63,228,98,0,98,326
02/11/2022,MFE,TX,ASW,CE,Federal Contract Tower,23,15,28,44,110,0,0,70,12,82,23,15,98,56,192,72,2,74,266
02/12/2022,MFE,TX,ASW,CE,Federal Contract Tower,19,8,15,24,66,0,0,29,8,37,19,8,44,32,103,0,0,0,103
02/13/2022,MFE,TX,ASW,CE,Federal Contract Tower,25,11,15,22,73,0,0,46,8,54,25,11,61,30,127,58,0,58,185
02/14/2022,MFE,TX,ASW,CE,Federal Contract Tower,19,22,27,21,89,0,0,67,8,75,19,22,94,29,164,22,0,22,186
02/15/2022,MFE,TX,ASW,CE,Federal Contract Tower,26,14,34,19,93,0,0,78,0,78,26,14,112,19,171,24,0,24,195
02/16/2022,MFE,TX,ASW,CE,Federal Contract Tower,31,15,36,18,100,0,0,34,0,34,31,15,70,18,134,8,0,8,142
02/17/2022,MFE,TX,ASW,CE,Federal Contract Tower,27,14,44,50,135,0,0,82,10,92,27,14,126,60,227,32,0,32,259
02/18/2022,MFE,TX,ASW,CE,Federal Contract Tower,25,21,21,26,93,0,0,80,8,88,25,21,101,34,181,24,0,24,205
02/19/2022,MFE,TX,ASW,CE,Federal Contract Tower,17,9,17,14,57,0,0,62,6,68,17,9,79,20,125,70,0,70,195
02/20/2022,MFE,TX,ASW,CE,Federal Contract Tower,25,6,25,1,57,0,0,34,8,42,25,6,59,9,99,12,0,12,111
02/21/2022,MFE,TX,ASW,CE,Federal Contract Tower,24,16,19,6,65,0,0,29,4,33,24,16,48,10,98,0,0,0,98
02/22/2022,MFE,TX,ASW,CE,Federal Contract Tower,20,18,18,43,99,0,1,59,4,64,20,19,77,47,163,62,56,118,281
02/23/2022,MFE,TX,ASW,CE,Federal Contract Tower,17,15,35,30,97,0,0,32,2,34,17,15,67,32,131,26,0,26,157
02/24/2022,MFE,TX,ASW,CE,Federal Contract Tower,20,20,39,48,127,0,0,5,4,9,20,20,44,52,136,8,0,8,144
02/25/2022,MFE,TX,ASW,CE,Federal Contract Tower,23,20,33,0,76,0,0,0,0,0,23,20,33,0,76,0,0,0,76
02/26/2022,MFE,TX,ASW,CE,Federal Contract Tower,18,11,10,4,43,0,0,0,0,0,18,11,10,4,43,0,0,0,43
02/27/2022,MFE,TX,ASW,CE,Federal Contract Tower,26,11,15,4,56,0,0,23,8,31,26,11,38,12,87,0,0,0,87
02/28/2022,MFE,TX,ASW,CE,Federal Contract Tower,23,18,24,69,134,0,0,67,10,77,23,18,91,79,211,46,2,48,259
03/01/2022,MFE,TX,ASW,CE,Federal Contract Tower,26,12,18,32,88,0,0,71,0,71,26,12,89,32,159,138,0,138,297
03/02/2022,MFE,TX,ASW,CE,Federal Contract Tower,24,16,50,27,117,0,0,97,6,103,24,16,147,33,220,134,0,134,354
03/03/2022,MFE,TX,ASW,CE,Federal Contract Tower,31,17,30,32,110,0,0,56,10,66,31,17,86,42,176,38,0,38,214
03/04/2022,MFE,TX,ASW,CE,Federal Contract Tower,23,16,34,45,118,0,0,66,6,72,23,16,100,51,190,54,0,54,244
03/05/2022,MFE,TX,ASW,CE,Federal Contract Tower,19,6,21,14,60,0,0,43,7,50,19,6,64,21,110,12,0,12,122
03/06/2022,MFE,TX,ASW,CE,Federal Contract Tower,21,4,28,1,54,0,0,39,7,46,21,4,67,8,100,8,0,8,108
03/07/2022,MFE,TX,ASW,CE,Federal Contract Tower,22,18,27,14,81,0,0,17,0,17,22,18,44,14,98,0,0,0,98
03/08/2022,MFE,TX,ASW,CE,Federal Contract Tower,20,13,32,42,107,0,0,12,0,12,20,13,44,42,119,0,0,0,119
03/09/2022,MFE,TX,ASW,CE,Federal Contract Tower,21,12,36,40,109,0,0,76,1,77,21,12,112,41,186,92,10,102,288
03/10/2022,MFE,TX,ASW,CE,Federal Contract Tower,28,23,51,21,123,0,0,1,0,1,28,23,52,21,124,0,0,0,124
03/11/2022,MFE,TX,ASW,CE,Federal Contract Tower,23,11,38,9,81,0,0,29,7,36,23,11,67,16,117,22,0,22,139
03/12/2022,MFE,TX,ASW,CE,Federal Contract Tower,21,8,25,18,72,0,0,68,6,74,21,8,93,24,146,18,0,18,164
03/13/2022,MFE,TX,ASW,CE,Federal Contract Tower,21,9,21,7,58,0,0,46,6,52,21,9,67,13,110,10,0,10,120
03/14/2022,MFE,TX,ASW,CE,Federal Contract Tower,24,3,28,46,101,0,0,84,10,94,24,3,112,56,195,74,12,86,281
03/15/2022,MFE,TX,ASW,CE,Federal Contract Tower,21,8,13,41,83,0,0,63,1,64,21,8,76,42,147,86,0,86,233
03/16/2022,MFE,TX,ASW,CE,Federal Contract Tower,23,12,26,22,83,0,0,69,2,71,23,12,95,24,154,112,0,112,266
03/17/2022,MFE,TX,ASW,CE,Federal Contract Tower,26,9,36,26,97,0,0,59,11,70,26,9,95,37,167,42,0,42,209
03/18/2022,MFE,TX,ASW,CE,Federal Contract Tower,26,13,25,24,88,0,0,49,6,55,26,13,74,30,143,54,0,54,197
03/19/2022,MFE,TX,ASW,CE,Federal Contract Tower,20,6,20,0,46,0,0,73,5,78,20,6,93,5,124,46,0,46,170
03/20/2022,MFE,TX,ASW,CE,Federal Contract Tower,24,7,30,4,65,0,0,44,4,48,24,7,74,8,113,6,0,6,119
03/21/2022,MFE,TX,ASW,CE,Federal Contract Tower,29,9,24,22,84,0,0,18,0,18,29,9,42,22,102,0,0,0,102
03/22/2022,MFE,TX,ASW,CE,Federal Contract Tower,22,10,18,20,70,0,0,70,2,72,22,10,88,22,142,40,0,40,182
03/23/2022,MFE,TX,ASW,CE,Federal Contract Tower,23,11,33,27,94,0,0,101,3,104,23,11,134,30,198,96,0,96,294
03/24/2022,MFE,TX,ASW,CE,Federal Contract Tower,28,14,44,37,123,0,0,74,9,83,28,14,118,46,206,104,0,104,310
03/25/2022,MFE,TX,ASW,CE,Federal Contract Tower,30,11,15,19,75,0,1,83,6,90,30,12,98,25,165,126,0,126,291
03/26/2022,MFE,TX,ASW,CE,Federal Contract Tower,20,10,18,10,58,0,0,55,6,61,20,10,73,16,119,48,0,48,167
03/27/2022,MFE,TX,ASW,CE,Federal Contract Tower,22,4,23,0,49,0,0,39,9,48,22,4,62,9,97,16,0,16,113
03/28/2022,MFE,TX,ASW,CE,Federal Contract Tower,23,10,32,26,91,0,0,47,1,48,23,10,79,27,139,32,0,32,171
03/29/2022,MFE,TX,ASW,CE,Federal Contract Tower,19,8,23,13,63,0,0,28,0,28,19,8,51,13,91,2,2,4,95
03/30/2022,MFE,TX,ASW,CE,Federal Contract Tower,23,6,25,12,66,0,0,36,10,46,23,6,61,22,112,6,0,6,118
03/31/2022,MFE,TX,ASW,CE,Federal Contract Tower,28,12,32,18,90,0,0,65,7,72,28,12,97,25,162,84,0,84,246
04/01/2022,MFE,TX,ASW,CE,Federal Contract Tower,32,10,29,26,97,0,0,73,6,79,32,10,102,32,176,64,0,64,240
04/02/2022,MFE,TX,ASW,CE,Federal Contract Tower,17,9,15,14,55,0,0,44,6,50,17,9,59,20,105,34,0,34,139
04/03/2022,MFE,TX,ASW,CE,Federal Contract Tower,20,11,32,10,73,0,0,39,6,45,20,11,71,16,118,18,0,18,136
04/04/2022,MFE,TX,ASW,CE,Federal Contract Tower,21,13,36,43,113,0,0,60,5,65,21,13,96,48,178,80,0,80,258
04/05/2022,MFE,TX,ASW,CE,Federal Contract Tower,25,11,17,26,79,0,0,76,0,76,25,11,93,26,155,152,0,152,307
04/06/2022,MFE,TX,ASW,CE,Federal Contract Tower,24,17,19,21,81,0,0,83,1,84,24,17,102,22,165,34,0,34,199
04/07/2022,MFE,TX,ASW,CE,Federal Contract Tower,26,16,36,31,109,0,0,75,11,86,26,16,111,42,195,82,2,84,279
04/08/2022,MFE,TX,ASW,CE,Federal Contract Tower,24,14,33,18,89,0,0,78,8,86,24,14,111,26,175,70,0,70,245
04/09/2022,MFE,TX,ASW,CE,Federal Contract Tower,22,15,16,8,61,0,0,48,6,54,22,15,64,14,115,30,0,30,145
04/10/2022,MFE,TX,ASW,CE,Federal Contract Tower,21,13,36,3,73,0,0,21,5,26,21,13,57,8,99,0,0,0,99
04/11/2022,MFE,TX,ASW,CE,Federal Contract Tower,31,10,26,39,106,0,0,62,6,68,31,10,88,45,174,20,0,20,194
04/12/2022,MFE,TX,ASW,CE,Federal Contract Tower,18,12,31,26,87,0,0,59,4,63,18,12,90,30,150,94,0,94,244
04/13/2022,MFE,TX,ASW,CE,Federal Contract Tower,23,15,34,39,111,0,0,87,0,87,23,15,121,39,198,128,0,128,326
04/14/2022,MFE,TX,ASW,CE,Federal Contract Tower,22,12,42,14,90,0,0,45,2,47,22,12,87,16,137,26,0,26,163
04/15/2022,MFE,TX,ASW,CE,Federal Contract Tower,23,12,18,10,63,0,0,46,3,49,23,12,64,13,112,80,0,80,192
04/16/2022,MFE,TX,ASW,CE,Federal Contract Tower,19,8,14,0,41,0,0,66,8,74,19,8,80,8,115,60,0,60,175
04/17/2022,MFE,TX,ASW,CE,Federal Contract Tower,24,10,24,4,62,0,0,33,6,39,24,10,57,10,101,30,0,30,131
04/18/2022,MFE,TX,ASW,CE,Federal Contract Tower,23,11,37,52,123,0,0,63,8,71,23,11,100,60,194,90,0,90,284
04/19/2022,MFE,TX,ASW,CE,Federal Contract Tower,23,11,27,15,76,0,0,51,0,51,23,11,78,15,127,54,0,54,181
04/20/2022,MFE,TX,ASW,CE,Federal Contract Tower,23,10,30,18,81,0,0,47,0,47,23,10,77,18,128,58,0,58,186
04/21/2022,MFE,TX,ASW,CE,Federal Contract Tower,26,17,41,24,108,0,0,59,8,67,26,17,100,32,175,124,0,124,299
04/22/2022,MFE,TX,ASW,CE,Federal Contract Tower,28,8,23,22,81,0,0,73,5,78,28,8,96,27,159,86,0,86,245
04/23/2022,MFE,TX,ASW,CE,Federal Contract Tower,19,8,19,4,50,0,0,30,5,35,19,8,49,9,85,30,0,30,115
04/24/2022,MFE,TX,ASW,CE,Federal Contract Tower,20,12,30,2,64,0,0,34,6,40,20,12,64,8,104,0,0,0,104
04/25/2022,MFE,TX,ASW,CE,Federal Contract Tower,25,13,20,23,81,0,0,49,4,53,25,13,69,27,134,34,0,34,168
04/26/2022,MFE,TX,ASW,CE,Federal Contract Tower,26,7,30,14,77,0,0,12,0,12,26,7,42,14,89,0,0,0,89
04/27/2022,MFE,TX,ASW,CE,Federal Contract Tower,25,13,22,4,64,0,0,47,1,48,25,13,69,5,112,38,0,38,150
04/28/2022,MFE,TX,ASW,CE,Federal Contract Tower,27,12,51,17,107,0,0,75,10,85,27,12,126,27,192,116,36,152,344
04/29/2022,MFE,TX,ASW,CE,Federal Contract Tower,27,11,23,18,79,0,0,82,12,94,27,11,105,30,173,48,2,50,223
04/30/2022,MFE,TX,ASW,CE,Federal Contract Tower,19,10,13,0,42,0,0,52,8,60,19,10,65,8,102,56,0,56,158
05/01/2022,MFE,TX,ASW,CE,Federal Contract Tower,17,10,14,0,41,0,0,39,6,45,17,10,53,6,86,80,0,80,166
05/02/2022,MFE,TX,ASW,CE,Federal Contract Tower,28,12,48,11,99,0,0,69,6,75,28,12,117,17,174,68,8,76,250
05/03/2022,MFE,TX,ASW,CE,Federal Contract Tower,25,12,26,40,103,0,0,45,4,49,25,12,71,44,152,84,0,84,236
05/04/2022,MFE,TX,ASW,CE,Federal Contract Tower,19,16,45,40,120,0,0,59,0,59,19,16,104,40,179,68,0,68,247
05/05/2022,MFE,TX,ASW,CE,Federal Contract Tower,22,11,32,30,95,0,0,62,0,62,22,11,94,30,157,48,0,48,205
05/06/2022,MFE,TX,ASW,CE,Federal Contract Tower,27,12,41,17,97,0,0,76,8,84,27,12,117,25,181,86,0,86,267
05/07/2022,MFE,TX,ASW,CE,Federal Contract Tower,21,7,15,0,43,0,0,62,8,70,21,7,77,8,113,102,0,102,215
05/08/2022,MFE,TX,ASW,CE,Federal Contract Tower,21,12,15,10,58,0,0,41,0,41,21,12,56,10,99,38,0,38,137
05/09/2022,MFE,TX,ASW,CE,Federal Contract Tower,20,18,41,32,111,0,0,49,1,50,20,18,90,33,161,72,40,112,273
05/10/2022,MFE,TX,ASW,CE,Federal Contract Tower,20,8,29,14,71,0,0,61,0,61,20,8,90,14,132,134,0,134,266
05/11/2022,MFE,TX,ASW,CE,Federal Contract Tower,22,12,36,68,138,0,0,88,1,89,22,12,124,69,227,58,14,72,299
05/12/2022,MFE,TX,ASW,CE,Federal Contract Tower,29,11,51,56,147,0,0,64,0,64,29,11,115,56,211,76,10,86,297
05/13/2022,MFE,TX,ASW,CE,Federal Contract Tower,29,9,29,8,75,0,0,83,0,83,29,9,112,8,158,92,0,92,250
05/14/2022,MFE,TX,ASW,CE,Federal Contract Tower,22,10,6,0,38,0,0,64,0,64,22,10,70,0,102,32,0,32,134
05/15/2022,MFE,TX,ASW,CE,Federal Contract Tower,22,11,16,24,73,0,0,56,2,58,22,11,72,26,131,26,2,28,159
05/16/2022,MFE,TX,ASW,CE,Federal Contract Tower,22,18,34,35,109,0,0,54,0,54,22,18,88,35,163,66,0,66,229
05/17/2022,MFE,TX,ASW,CE,Federal Contract Tower,19,12,17,36,84,0,0,59,1,60,19,12,76,37,144,42,0,42,186
05/18/2022,MFE,TX,ASW,CE,Federal Contract Tower,26,18,32,12,88,0,0,66,0,66,26,18,98,12,154,76,0,76,230
05/19/2022,MFE,TX,ASW,CE,Federal Contract Tower,25,9,39,16,89,0,0,54,12,66,25,9,93,28,155,80,0,80,235
05/20/2022,MFE,TX,ASW,CE,Federal Contract Tower,24,13,29,4,70,0,0,35,6,41,24,13,64,10,111,58,0,58,169
05/21/2022,MFE,TX,ASW,CE,Federal Contract Tower,22,8,26,18,74,0,0,41,5,46,22,8,67,23,120,74,0,74,194
05/22/2022,MFE,TX,ASW,CE,Federal Contract Tower,25,6,12,0,43,0,0,15,2,17,25,6,27,2,60,0,0,0,60
05/23/2022,MFE,TX,ASW,CE,Federal Contract Tower,25,10,22,36,93,0,0,49,2,51,25,10,71,38,144,54,0,54,198
05/24/2022,MFE,TX,ASW,CE,Federal Contract Tower,24,18,41,25,108,0,0,45,1,46,24,18,86,26,154,52,16,68,222
05/25/2022,MFE,TX,ASW,CE,Federal Contract Tower,28,10,39,38,115,0,0,52,0,52,28,10,91,38,167,54,0,54,221
05/26/2022,MFE,TX,ASW,CE,Federal Contract Tower,25,13,38,14,90,0,0,75,6,81,25,13,113,20,171,110,0,110,281
05/27/2022,MFE,TX,ASW,CE,Federal Contract Tower,28,12,22,1,63,0,0,52,7,59,28,12,74,8,122,46,0,46,168
05/28/2022,MFE,TX,ASW,CE,Federal Contract Tower,25,6,10,0,41,0,0,52,6,58,25,6,62,6,99,102,0,102,201
05/29/2022,MFE,TX,ASW,CE,Federal Contract Tower,22,6,10,0,38,0,0,29,8,37,22,6,39,8,75,0,0,0,75
05/30/2022,MFE,TX,ASW,CE,Federal Contract Tower,28,14,19,0,61,0,0,42,6,48,28,14,61,6,109,0,0,0,109
05/31/2022,MFE,TX,ASW,CE,Federal Contract Tower,29,14,24,46,113,0,0,58,0,58,29,14,82,46,171,34,0,34,205
06/01/2022,MFE,TX,ASW,CE,Federal Contract Tower,27,11,26,40,104,0,0,63,2,65,27,11,89,42,169,32,0,32,201
06/02/2022,MFE,TX,ASW,CE,Federal Contract Tower,29,16,21,36,102,0,0,64,6,70,29,16,85,42,172,108,0,108,280
06/03/2022,MFE,TX,ASW,CE,Federal Contract Tower,26,11,16,19,72,0,0,56,9,65,26,11,72,28,137,52,0,52,189
06/04/2022,MFE,TX,ASW,CE,Federal Contract Tower,24,14,12,14,64,0,0,71,6,77,24,14,83,20,141,90,0,90,231
06/05/2022,MFE,TX,ASW,CE,Federal Contract Tower,21,10,14,12,57,0,0,42,6,48,21,10,56,18,105,0,0,0,105
06/06/2022,MFE,TX,ASW,CE,Federal Contract Tower,27,14,12,26,79,0,0,38,8,46,27,14,50,34,125,10,0,10,135
06/07/2022,MFE,TX,ASW,CE,Federal Contract Tower,29,10,28,54,121,0,0,51,0,51,29,10,79,54,172,14,0,14,186
06/08/2022,MFE,TX,ASW,CE,Federal Contract Tower,27,12,32,30,101,0,0,52,0,52,27,12,84,30,153,28,0,28,181
06/09/2022,MFE,TX,ASW,CE,Federal Contract Tower,24,21,29,36,110,0,0,71,10,81,24,21,100,46,191,120,0,120,311
06/10/2022,MFE,TX,ASW,CE,Federal Contract Tower,25,10,30,45,110,0,0,77,8,85,25,10,107,53,195,40,0,40,235
06/11/2022,MFE,TX,ASW,CE,Federal Contract Tower,23,9,32,0,64,0,0,48,7,55,23,9,80,7,119,26,0,26,145
06/12/2022,MFE,TX,ASW,CE,Federal Contract Tower,21,7,17,2,47,0,0,39,6,45,21,7,56,8,92,14,0,14,106
06/13/2022,MFE,TX,ASW,CE,Federal Contract Tower,27,10,34,0,71,0,0,43,6,49,27,10,77,6,120,10,0,10,130
06/14/2022,MFE,TX,ASW,CE,Federal Contract Tower,24,18,22,51,115,0,0,58,6,64,24,18,80,57,179,60,0,60,239
06/15/2022,MFE,TX,ASW,CE,Federal Contract Tower,21,11,33,48,113,0,0,65,0,65,21,11,98,48,178,68,0,68,246
06/16/2022,MFE,TX,ASW,CE,Federal Contract Tower,27,20,33,24,104,0,0,69,6,75,27,20,102,30,179,86,0,86,265
06/17/2022,MFE,TX,ASW,CE,Federal Contract Tower,31,10,42,29,112,0,0,74,4,78,31,10,116,33,190,42,0,42,232
06/18/2022,MFE,TX,ASW,CE,Federal Contract Tower,28,7,14,4,53,0,0,48,6,54,28,7,62,10,107,56,0,56,163
06/19/2022,MFE,TX,ASW,CE,Federal Contract Tower,26,11,18,4,59,0,0,40,6,46,26,11,58,10,105,2,0,2,107
06/20/2022,MFE,TX,ASW,CE,Federal Contract Tower,29,13,27,4,73,0,0,50,6,56,29,13,77,10,129,44,0,44,173
06/21/2022,MFE,TX,ASW,CE,Federal Contract Tower,27,18,26,21,92,0,0,55,2,57,27,18,81,23,149,72,8,80,229
06/22/2022,MFE,TX,ASW,CE,Federal Contract Tower,26,10,27,37,100,0,0,56,0,56,26,10,83,37,156,80,0,80,236
06/23/2022,MFE,TX,ASW,CE,Federal Contract Tower,27,12,24,41,104,0,0,90,3,93,27,12,114,44,197,128,0,128,325
06/24/2022,MFE,TX,ASW,CE,Federal Contract Tower,28,10,18,14,70,0,0,60,8,68,28,10,78,22,138,57,0,57,195
06/25/2022,MFE,TX,ASW,CE,Federal Contract Tower,23,6,13,24,66,0,0,69,6,75,23,6,82,30,141,48,0,48,189
06/26/2022,MFE,TX,ASW,CE,Federal Contract Tower,25,9,10,4,48,0,0,43,5,48,25,9,53,9,96,0,0,0,96
06/27/2022,MFE,TX,ASW,CE,Federal Contract Tower,28,9,24,44,105,0,0,45,7,52,28,9,69,51,157,50,4,54,211
06/28/2022,MFE,TX,ASW,CE,Federal Contract Tower,28,9,20,27,84,0,0,59,0,59,28,9,79,27,143,130,0,130,273
06/29/2022,MFE,TX,ASW,CE,Federal Contract Tower,26,13,19,40,98,0,0,55,0,55,26,13,74,40,153,50,0,50,203
06/30/2022,MFE,TX,ASW,CE,Federal Contract Tower,29,15,38,12,94,0,0,70,5,75,29,15,108,17,169,114,0,114,283
07/01/2022,MFE,TX,ASW,CE,Federal Contract Tower,32,11,15,9,67,0,0,63,7,70,32,11,78,16,137,86,0,86,223
07/02/2022,MFE,TX,ASW,CE,Federal Contract Tower,29,3,18,5,55,0,0,42,8,50,29,3,60,13,105,14,0,14,119
07/03/2022,MFE,TX,ASW,CE,Federal Contract Tower,24,3,14,0,41,0,0,28,7,35,24,3,42,7,76,0,0,0,76
07/04/2022,MFE,TX,ASW,CE,Federal Contract Tower,29,4,10,0,43,0,0,26,0,26,29,4,36,0,69,20,0,20,89
07/05/2022,MFE,TX,ASW,CE,Federal Contract Tower,29,7,20,13,69,0,2,64,0,66,29,9,84,13,135,0,54,54,189
07/06/2022,MFE,TX,ASW,CE,Federal Contract Tower,23,6,26,24,79,0,3,54,6,63,23,9,80,30,142,72,2,74,216
07/07/2022,MFE,TX,ASW,CE,Federal Contract Tower,30,10,33,12,85,0,0,64,8,72,30,10,97,20,157,80,0,80,237
07/08/2022,MFE,TX,ASW,CE,Federal Contract Tower,33,6,30,26,95,0,0,63,6,69,33,6,93,32,164,60,0,60,224
07/09/2022,MFE,TX,ASW,CE,Federal Contract Tower,26,3,8,4,41,0,0,42,6,48,26,3,50,10,89,68,0,68,157
07/10/2022,MFE,TX,ASW,CE,Federal Contract Tower,27,7,17,0,51,0,0,24,6,30,27,7,41,6,81,38,0,38,119
07/11/2022,MFE,TX,ASW,CE,Federal Contract Tower,34,20,21,26,101,0,0,50,8,58,34,20,71,34,159,34,4,38,197
07/12/2022,MFE,TX,ASW,CE,Federal Contract Tower,27,26,12,25,90,0,0,60,2,62,27,26,72,27,152,60,0,60,212
07/13/2022,MFE,TX,ASW,CE,Federal Contract Tower,33,15,34,4,86,0,1,71,5,77,33,16,105,9,163,0,0,0,163
07/14/2022,MFE,TX,ASW,CE,Federal Contract Tower,38,19,27,37,121,0,0,68,11,79,38,19,95,48,200,54,6,60,260
07/15/2022,MFE,TX,ASW,CE,Federal Contract Tower,33,12,12,17,74,0,0,59,6,65,33,12,71,23,139,32,0,32,171
07/16/2022,MFE,TX,ASW,CE,Federal Contract Tower,28,7,13,2,50,0,0,57,7,64,28,7,70,9,114,68,0,68,182
07/17/2022,MFE,TX,ASW,CE,Federal Contract Tower,24,7,20,10,61,0,0,38,8,46,24,7,58,18,107,0,0,0,107
07/18/2022,MFE,TX,ASW,CE,Federal Contract Tower,30,20,25,38,113,0,0,57,7,64,30,20,82,45,177,50,0,50,227
07/19/2022,MFE,TX,ASW,CE,Federal Contract Tower,25,10,31,45,111,0,0,62,0,62,25,10,93,45,173,48,0,48,221
07/20/2022,MFE,TX,ASW,CE,Federal Contract Tower,28,9,27,36,100,0,0,69,1,70,28,9,96,37,170,50,0,50,220
07/21/2022,MFE,TX,ASW,CE,Federal Contract Tower,32,9,30,34,105,0,2,59,10,71,32,11,89,44,176,36,0,36,212
07/22/2022,MFE,TX,ASW,CE,Federal Contract Tower,32,14,12,18,76,0,0,89,7,96,32,14,101,25,172,76,0,76,248
07/23/2022,MFE,TX,ASW,CE,Federal Contract Tower,26,4,17,12,59,0,0,37,6,43,26,4,54,18,102,24,0,24,126
07/24/2022,MFE,TX,ASW,CE,Federal Contract Tower,26,6,15,2,49,0,0,31,8,39,26,6,46,10,88,0,0,0,88
07/25/2022,MFE,TX,ASW,CE,Federal Contract Tower,30,14,16,37,97,0,0,66,6,72,30,14,82,43,169,46,0,46,215
07/26/2022,MFE,TX,ASW,CE,Federal Contract Tower,25,10,19,11,65,0,0,76,1,77,25,10,95,12,142,126,0,126,268
07/27/2022,MFE,TX,ASW,CE,Federal Contract Tower,23,9,21,3,56,0,0,53,1,54,23,9,74,4,110,92,0,92,202
07/28/2022,MFE,TX,ASW,CE,Federal Contract Tower,26,12,21,27,86,0,0,52,6,58,26,12,73,33,144,50,0,50,194
07/29/2022,MFE,TX,ASW,CE,Federal Contract Tower,28,8,14,0,50,0,0,64,6,70,28,8,78,6,120,54,0,54,174
07/30/2022,MFE,TX,ASW,CE,Federal Contract Tower,26,10,12,2,50,0,0,35,6,41,26,10,47,8,91,58,0,58,149
07/31/2022,MFE,TX,ASW,CE,Federal Contract Tower,24,9,20,0,53,0,0,23,6,29,24,9,43,6,82,0,0,0,82
08/01/2022,MFE,TX,ASW,CE,Federal Contract Tower,27,13,30,29,99,0,0,47,9,56,27,13,77,38,155,38,0,38,193
08/02/2022,MFE,TX,ASW,CE,Federal Contract Tower,21,18,24,43,106,0,0,61,4,65,21,18,85,47,171,68,0,68,239
08/03/2022,MFE,TX,ASW,CE,Federal Contract Tower,20,16,23,46,105,0,0,46,8,54,20,16,69,54,159,0,0,0,159
08/04/2022,MFE,TX,ASW,CE,Federal Contract Tower,28,15,25,28,96,0,2,37,9,48,28,17,62,37,144,0,0,0,144
08/05/2022,MFE,TX,ASW,CE,Federal Contract Tower,27,12,13,28,80,0,1,58,7,66,27,13,71,35,146,100,0,100,246
08/06/2022,MFE,TX,ASW,CE,Federal Contract Tower,22,13,13,14,62,0,0,53,6,59,22,13,66,20,121,58,0,58,179
08/07/2022,MFE,TX,ASW,CE,Federal Contract Tower,19,11,13,2,45,0,0,32,5,37,19,11,45,7,82,64,0,64,146
08/08/2022,MFE,TX,ASW,CE,Federal Contract Tower,25,16,26,14,81,0,0,48,4,52,25,16,74,18,133,70,0,70,203
08/09/2022,MFE,TX,ASW,CE,Federal Contract Tower,21,8,18,10,57,0,0,73,0,73,21,8,91,10,130,96,0,96,226
08/10/2022,MFE,TX,ASW,CE,Federal Contract Tower,20,18,25,25,88,0,0,79,4,83,20,18,104,29,171,122,0,122,293
08/11/2022,MFE,TX,ASW,CE,Federal Contract Tower,23,19,45,32,119,0,0,57,6,63,23,19,102,38,182,98,0,98,280
08/12/2022,MFE,TX,ASW,CE,Federal Contract Tower,34,11,29,2,76,0,0,66,4,70,34,11,95,6,146,108,0,108,254
08/13/2022,MFE,TX,ASW,CE,Federal Contract Tower,20,8,14,0,42,0,0,29,2,31,20,8,43,2,73,16,0,16,89
08/14/2022,MFE,TX,ASW,CE,Federal Contract Tower,21,5,15,0,41,0,0,3,0,3,21,5,18,0,44,0,0,0,44
08/15/2022,MFE,TX,ASW,CE,Federal Contract Tower,27,14,20,4,65,0,0,50,7,57,27,14,70,11,122,32,0,32,154
08/16/2022,MFE,TX,ASW,CE,Federal Contract Tower,21,13,31,6,71,0,0,73,2,75,21,13,104,8,146,66,0,66,212
08/17/2022,MFE,TX,ASW,CE,Federal Contract Tower,25,12,34,17,88,0,1,71,0,72,25,13,105,17,160,92,0,92,252
08/18/2022,MFE,TX,ASW,CE,Federal Contract Tower,35,17,53,45,150,0,0,71,6,77,35,17,124,51,227,84,0,84,311
08/19/2022,MFE,TX,ASW,CE,Federal Contract Tower,28,14,17,20,79,0,0,85,6,91,28,14,102,26,170,72,0,72,242
08/20/2022,MFE,TX,ASW,CE,Federal Contract Tower,17,9,8,10,44,0,0,39,4,43,17,9,47,14,87,24,0,24,111
08/21/2022,MFE,TX,ASW,CE,Federal Contract Tower,20,7,12,19,58,0,0,26,7,33,20,7,38,26,91,0,0,0,91
08/22/2022,MFE,TX,ASW,CE,Federal Contract Tower,20,11,22,31,84,0,0,71,9,80,20,11,93,40,164,32,50,82,246
08/23/2022,MFE,TX,ASW,CE,Federal Contract Tower,22,6,14,44,86,0,0,82,2,84,22,6,96,46,170,130,0,130,300
08/24/2022,MFE,TX,ASW,CE,Federal Contract Tower,24,17,27,35,103,0,0,63,11,74,24,17,90,46,177,98,0,98,275
08/25/2022,MFE,TX,ASW,CE,Federal Contract Tower,27,14,32,34,107,0,0,93,6,99,27,14,125,40,206,148,0,148,354
08/26/2022,MFE,TX,ASW,CE,Federal Contract Tower,30,16,33,8,87,0,0,51,2,53,30,16,84,10,140,84,0,84,224
08/27/2022,MFE,TX,ASW,CE,Federal Contract Tower,19,12,10,14,55,0,0,40,8,48,19,12,50,22,103,44,0,44,147
08/28/2022,MFE,TX,ASW,CE,Federal Contract Tower,21,11,26,15,73,0,0,32,7,39,21,11,58,22,112,0,0,0,112
08/29/2022,MFE,TX,ASW,CE,Federal Contract Tower,23,24,20,35,102,0,0,68,8,76,23,24,88,43,178,56,0,56,234
08/30/2022,MFE,TX,ASW,CE,Federal Contract Tower,15,19,33,38,105,0,0,68,5,73,15,19,101,43,178,84,10,94,272
08/31/2022,MFE,TX,ASW,CE,Federal Contract Tower,24,24,32,26,106,0,0,60,0,60,24,24,92,26,166,66,0,66,232
09/01/2022,MFE,TX,ASW,CE,Federal Contract Tower,22,10,43,35,110,0,0,77,6,83,22,10,120,41,193,66,0,66,259
09/02/2022,MFE,TX,ASW,CE,Federal Contract Tower,24,14,28,0,66,0,0,55,4,59,24,14,83,4,125,27,0,27,152
09/03/2022,MFE,TX,ASW,CE,Federal Contract Tower,15,11,10,0,36,0,0,18,0,18,15,11,28,0,54,16,0,16,70
09/04/2022,MFE,TX,ASW,CE,Federal Contract Tower,17,12,11,0,40,0,0,17,2,19,17,12,28,2,59,10,0,10,69
09/05/2022,MFE,TX,ASW,CE,Federal Contract Tower,26,15,15,0,56,0,0,4,0,4,26,15,19,0,60,0,0,0,60
09/06/2022,MFE,TX,ASW,CE,Federal Contract Tower,26,16,20,8,70,0,0,28,2,30,26,16,48,10,100,68,0,68,168
09/07/2022,MFE,TX,ASW,CE,Federal Contract Tower,27,19,43,25,114,0,0,27,0,27,27,19,70,25,141,24,0,24,165
09/08/2022,MFE,TX,ASW,CE,Federal Contract Tower,30,24,31,61,146,0,0,70,8,78,30,24,101,69,224,68,0,68,292
09/09/2022,MFE,TX,ASW,CE,Federal Contract Tower,29,20,37,24,110,0,0,83,6,89,29,20,120,30,199,106,0,106,305
09/10/2022,MFE,TX,ASW,CE,Federal Contract Tower,19,10,18,7,54,0,0,70,7,77,19,10,88,14,131,40,0,40,171
09/11/2022,MFE,TX,ASW,CE,Federal Contract Tower,28,6,37,0,71,0,0,29,6,35,28,6,66,6,106,34,0,34,140
09/12/2022,MFE,TX,ASW,CE,Federal Contract Tower,25,13,34,18,90,0,0,93,8,101,25,13,127,26,191,74,0,74,265
09/13/2022,MFE,TX,ASW,CE,Federal Contract Tower,21,9,32,101,163,0,0,80,4,84,21,9,112,105,247,104,0,104,351
09/14/2022,MFE,TX,ASW,CE,Federal Contract Tower,29,16,33,5,83,0,1,85,4,90,29,17,118,9,173,50,0,50,223
09/15/2022,MFE,TX,ASW,CE,Federal Contract Tower,31,15,32,2,80,0,0,55,6,61,31,15,87,8,141,14,12,26,167
09/16/2022,MFE,TX,ASW,CE,Federal Contract Tower,35,10,21,23,89,0,0,66,9,75,35,10,87,32,164,38,0,38,202
09/17/2022,MFE,TX,ASW,CE,Federal Contract Tower,25,4,6,12,47,0,0,35,5,40,25,4,41,17,87,24,0,24,111
09/18/2022,MFE,TX,ASW,CE,Federal Contract Tower,29,11,5,0,45,0,0,27,4,31,29,11,32,4,76,4,0,4,80
09/19/2022,MFE,TX,ASW,CE,Federal Contract Tower,29,17,24,2,72,0,0,53,6,59,29,17,77,8,131,52,0,52,183
09/20/2022,MFE,TX,ASW,CE,Federal Contract Tower,25,23,29,17,94,0,0,54,2,56,25,23,83,19,150,80,0,80,230
09/21/2022,MFE,TX,ASW,CE,Federal Contract Tower,27,20,30,30,107,0,0,64,0,64,27,20,94,30,171,50,0,50,221
09/22/2022,MFE,TX,ASW,CE,Federal Contract Tower,32,28,28,35,123,0,0,77,7,84,32,28,105,42,207,44,20,64,271
09/23/2022,MFE,TX,ASW,CE,Federal Contract Tower,27,23,36,20,106,0,0,50,6,56,27,23,86,26,162,56,0,56,218
09/24/2022,MFE,TX,ASW,CE,Federal Contract Tower,22,15,8,0,45,0,0,56,6,62,22,15,64,6,107,66,0,66,173
09/25/2022,MFE,TX,ASW,CE,Federal Contract Tower,28,6,22,0,56,0,0,35,2,37,28,6,57,2,93,28,0,28,121
09/26/2022,MFE,TX,ASW,CE,Federal Contract Tower,28,22,18,12,80,0,0,59,6,65,28,22,77,18,145,26,0,26,171
09/27/2022,MFE,TX,ASW,CE,Federal Contract Tower,21,27,25,27,100,0,0,60,1,61,21,27,85,28,161,30,0,30,191
09/28/2022,MFE,TX,ASW,CE,Federal Contract Tower,27,11,19,48,105,0,0,98,1,99,27,11,117,49,204,64,0,64,268
09/29/2022,MFE,TX,ASW,CE,Federal Contract Tower,35,15,28,9,87,0,0,97,7,104,35,15,125,16,191,56,0,56,247
09/30/2022,MFE,TX,ASW,CE,Federal Contract Tower,41,14,35,16,106,0,0,76,7,83,41,14,111,23,189,34,0,34,223
10/01/2022,MFE,TX,ASW,CE,Federal Contract Tower,24,7,17,6,54,0,0,67,6,73,24,7,84,12,127,52,0,52,179
10/02/2022,MFE,TX,ASW,CE,Federal Contract Tower,26,14,25,6,71,0,0,43,6,49,26,14,68,12,120,12,0,12,132
10/03/2022,MFE,TX,ASW,CE,Federal Contract Tower,28,12,41,19,100,0,0,56,5,61,28,12,97,24,161,0,0,0,161
10/04/2022,MFE,TX,ASW,CE,Federal Contract Tower,28,14,30,44,116,0,0,65,0,65,28,14,95,44,181,40,0,40,221
10/05/2022,MFE,TX,ASW,CE,Federal Contract Tower,23,13,32,24,92,0,0,95,3,98,23,13,127,27,190,30,0,30,220
10/06/2022,MFE,TX,ASW,CE,Federal Contract Tower,34,12,23,26,95,0,0,89,7,96,34,12,112,33,191,60,0,60,251
10/07/2022,MFE,TX,ASW,CE,Federal Contract Tower,31,7,23,21,82,0,0,79,8,87,31,7,102,29,169,54,0,54,223
10/08/2022,MFE,TX,ASW,CE,Federal Contract Tower,24,12,15,2,53,0,0,51,7,58,24,12,66,9,111,28,0,28,139
10/09/2022,MFE,TX,ASW,CE,Federal Contract Tower,28,0,25,0,53,0,0,47,0,47,28,0,72,0,100,6,0,6,106
10/10/2022,MFE,TX,ASW,CE,Federal Contract Tower,27,9,8,0,44,0,0,50,0,50,27,9,58,0,94,46,0,46,140
10/11/2022,MFE,TX,ASW,CE,Federal Contract Tower,25,4,28,24,81,0,0,73,0,73,25,4,101,24,154,62,0,62,216
10/12/2022,MFE,TX,ASW,CE,Federal Contract Tower,25,8,30,28,91,0,0,85,6,91,25,8,115,34,182,78,44,122,304
10/13/2022,MFE,TX,ASW,CE,Federal Contract Tower,29,8,44,32,113,0,0,69,4,73,29,8,113,36,186,24,0,24,210
10/14/2022,MFE,TX,ASW,CE,Federal Contract Tower,32,9,40,11,92,0,0,78,12,90,32,9,118,23,182,62,0,62,244
10/15/2022,MFE,TX,ASW,CE,Federal Contract Tower,29,0,9,0,38,0,0,52,0,52,29,0,61,0,90,34,0,34,124
10/16/2022,MFE,TX,ASW,CE,Federal Contract Tower,26,3,14,4,47,0,0,56,9,65,26,3,70,13,112,0,0,0,112
10/17/2022,MFE,TX,ASW,CE,Federal Contract Tower,29,7,24,14,74,0,0,30,0,30,29,7,54,14,104,0,0,0,104
10/18/2022,MFE,TX,ASW,CE,Federal Contract Tower,25,11,30,20,86,0,0,37,8,45,25,11,67,28,131,0,0,0,131
10/19/2022,MFE,TX,ASW,CE,Federal Contract Tower,30,15,28,13,86,0,2,97,1,100,30,17,125,14,186,64,0,64,250
10/20/2022,MFE,TX,ASW,CE,Federal Contract Tower,28,10,29,5,72,0,0,118,4,122,28,10,147,9,194,40,0,40,234
10/21/2022,MFE,TX,ASW,CE,Federal Contract Tower,29,10,33,2,74,0,0,92,7,99,29,10,125,9,173,88,0,88,261
10/22/2022,MFE,TX,ASW,CE,Federal Contract Tower,22,8,17,9,56,0,0,51,7,58,22,8,68,16,114,56,0,56,170
10/23/2022,MFE,TX,ASW,CE,Federal Contract Tower,28,7,27,2,64,0,0,47,6,53,28,7,74,8,117,0,0,0,117
10/25/2022,MFE,TX,ASW,CE,Federal Contract Tower,20,9,25,15,69,0,0,97,0,97,20,9,122,15,166,42,0,42,208
10/26/2022,MFE,TX,ASW,CE,Federal Contract Tower,25,6,42,30,103,0,0,93,2,95,25,6,135,32,198,54,0,54,252
10/27/2022,MFE,TX,ASW,CE,Federal Contract Tower,34,10,48,10,102,0,0,63,6,69,34,10,111,16,171,62,0,62,233
10/28/2022,MFE,TX,ASW,CE,Federal Contract Tower,33,12,18,18,81,0,0,49,8,57,33,12,67,26,138,50,26,76,214
10/29/2022,MFE,TX,ASW,CE,Federal Contract Tower,22,2,24,2,50,0,0,60,7,67,22,2,84,9,117,102,0,102,219
10/30/2022,MFE,TX,ASW,CE,Federal Contract Tower,27,1,21,6,55,0,0,66,7,73,27,1,87,13,128,30,6,36,164
10/31/2022,MFE,TX,ASW,CE,Federal Contract Tower,24,9,30,22,85,0,0,37,0,37,24,9,67,22,122,60,0,60,182
11/01/2022,MFE,TX,ASW,CE,Federal Contract Tower,22,8,19,6,55,0,0,12,0,12,22,8,31,6,67,0,0,0,67
11/02/2022,MFE,TX,ASW,CE,Federal Contract Tower,28,8,36,18,90,1,0,35,0,36,29,8,71,18,126,104,0,104,230
11/03/2022,MFE,TX,ASW,CE,Federal Contract Tower,24,12,24,18,78,0,0,67,4,71,24,12,91,22,149,88,0,88,237
11/04/2022,MFE,TX,ASW,CE,Federal Contract Tower,23,8,27,14,72,0,0,39,4,43,23,8,66,18,115,28,6,34,149
11/05/2022,MFE,TX,ASW,CE,Federal Contract Tower,18,1,13,0,32,0,0,83,8,91,18,1,96,8,123,48,0,48,171
11/06/2022,MFE,TX,ASW,CE,Federal Contract Tower,21,6,17,18,62,0,0,67,8,75,21,6,84,26,137,32,0,32,169
11/07/2022,MFE,TX,ASW,CE,Federal Contract Tower,25,6,33,8,72,0,0,50,0,50,25,6,83,8,122,56,0,56,178
11/08/2022,MFE,TX,ASW,CE,Federal Contract Tower,21,10,28,0,59,0,0,71,0,71,21,10,99,0,130,108,0,108,238
11/09/2022,MFE,TX,ASW,CE,Federal Contract Tower,20,9,31,0,60,0,1,72,6,79,20,10,103,6,139,116,0,116,255
11/10/2022,MFE,TX,ASW,CE,Federal Contract Tower,24,10,33,8,75,0,0,67,6,73,24,10,100,14,148,86,0,86,234
11/11/2022,MFE,TX,ASW,CE,Federal Contract Tower,24,8,38,0,70,0,0,54,9,63,24,8,92,9,133,42,0,42,175
11/12/2022,MFE,TX,ASW,CE,Federal Contract Tower,21,2,16,12,51,0,0,39,4,43,21,2,55,16,94,30,0,30,124
11/13/2022,MFE,TX,ASW,CE,Federal Contract Tower,22,3,23,7,55,0,0,56,5,61,22,3,79,12,116,32,6,38,154
11/14/2022,MFE,TX,ASW,CE,Federal Contract Tower,23,4,31,12,70,0,0,52,0,52,23,4,83,12,122,94,0,94,216
11/15/2022,MFE,TX,ASW,CE,Federal Contract Tower,18,4,37,59,118,0,0,75,4,79,18,4,112,63,197,48,6,54,251
11/16/2022,MFE,TX,ASW,CE,Federal Contract Tower,21,9,24,38,92,0,0,59,0,59,21,9,83,38,151,82,0,82,233
11/17/2022,MFE,TX,ASW,CE,Federal Contract Tower,23,5,40,24,92,0,0,40,4,44,23,5,80,28,136,62,0,62,198
11/18/2022,MFE,TX,ASW,CE,Federal Contract Tower,23,10,33,6,72,0,0,0,0,0,23,10,33,6,72,0,0,0,72
11/19/2022,MFE,TX,ASW,CE,Federal Contract Tower,22,4,13,2,41,0,0,0,0,0,22,4,13,2,41,0,0,0,41
11/20/2022,MFE,TX,ASW,CE,Federal Contract Tower,23,7,26,6,62,0,0,11,3,14,23,7,37,9,76,32,0,32,108
11/21/2022,MFE,TX,ASW,CE,Federal Contract Tower,25,15,16,24,80,0,0,0,0,0,25,15,16,24,80,0,0,0,80
11/22/2022,MFE,TX,ASW,CE,Federal Contract Tower,24,10,23,26,83,0,0,0,0,0,24,10,23,26,83,0,0,0,83
11/23/2022,MFE,TX,ASW,CE,Federal Contract Tower,27,12,39,0,78,0,0,0,0,0,27,12,39,0,78,0,0,0,78
11/24/2022,MFE,TX,ASW,CE,Federal Contract Tower,21,3,17,0,41,0,0,9,0,9,21,3,26,0,50,0,0,0,50
11/25/2022,MFE,TX,ASW,CE,Federal Contract Tower,32,4,9,0,45,0,0,0,0,0,32,4,9,0,45,0,0,0,45
11/26/2022,MFE,TX,ASW,CE,Federal Contract Tower,21,2,19,0,42,0,0,69,10,79,21,2,88,10,121,48,0,48,169
11/27/2022,MFE,TX,ASW,CE,Federal Contract Tower,22,5,28,0,55,0,0,74,8,82,22,5,102,8,137,74,0,74,211
11/28/2022,MFE,TX,ASW,CE,Federal Contract Tower,26,12,38,9,85,0,0,26,0,26,26,12,64,9,111,86,0,86,197
11/29/2022,MFE,TX,ASW,CE,Federal Contract Tower,18,13,32,28,91,0,0,79,2,81,18,13,111,30,172,136,20,156,328
11/30/2022,MFE,TX,ASW,CE,Federal Contract Tower,21,12,29,22,84,0,0,20,6,26,21,12,49,28,110,0,0,0,110
12/01/2022,MFE,TX,ASW,CE,Federal Contract Tower,29,22,58,29,138,0,0,36,4,40,29,22,94,33,178,62,0,62,240
12/02/2022,MFE,TX,ASW,CE,Federal Contract Tower,27,15,32,16,90,0,0,5,4,9,27,15,37,20,99,0,0,0,99
12/03/2022,MFE,TX,ASW,CE,Federal Contract Tower,19,7,29,0,55,0,0,3,4,7,19,7,32,4,62,0,0,0,62
12/04/2022,MFE,TX,ASW,CE,Federal Contract Tower,29,8,30,4,71,0,0,14,0,14,29,8,44,4,85,14,0,14,99
12/05/2022,MFE,TX,ASW,CE,Federal Contract Tower,31,20,42,63,156,0,0,62,5,67,31,20,104,68,223,58,36,94,317
12/06/2022,MFE,TX,ASW,CE,Federal Contract Tower,21,15,32,41,109,0,0,76,1,77,21,15,108,42,186,36,0,36,222
12/07/2022,MFE,TX,ASW,CE,Federal Contract Tower,23,14,38,23,98,0,0,54,0,54,23,14,92,23,152,98,0,98,250
12/08/2022,MFE,TX,ASW,CE,Federal Contract Tower,26,23,44,0,93,0,0,75,8,83,26,23,119,8,176,84,0,84,260
12/09/2022,MFE,TX,ASW,CE,Federal Contract Tower,26,6,40,24,96,0,0,58,6,64,26,6,98,30,160,72,0,72,232
12/10/2022,MFE,TX,ASW,CE,Federal Contract Tower,18,5,18,18,59,0,0,45,6,51,18,5,63,24,110,36,0,36,146
12/11/2022,MFE,TX,ASW,CE,Federal Contract Tower,27,5,33,6,71,0,0,49,8,57,27,5,82,14,128,0,0,0,128
12/12/2022,MFE,TX,ASW,CE,Federal Contract Tower,24,13,33,22,92,0,0,49,2,51,24,13,82,24,143,54,0,54,197
12/13/2022,MFE,TX,ASW,CE,Federal Contract Tower,18,11,21,26,76,0,0,72,4,76,18,11,93,30,152,68,0,68,220
12/14/2022,MFE,TX,ASW,CE,Federal Contract Tower,18,12,21,26,77,0,0,72,0,72,18,12,93,26,149,52,0,52,201
12/15/2022,MFE,TX,ASW,CE,Federal Contract Tower,22,11,36,47,116,0,0,93,6,99,22,11,129,53,215,38,0,38,253
12/16/2022,MFE,TX,ASW,CE,Federal Contract Tower,30,16,33,22,101,0,0,76,8,84,30,16,109,30,185,62,0,62,247
12/17/2022,MFE,TX,ASW,CE,Federal Contract Tower,21,4,18,0,43,0,0,65,5,70,21,4,83,5,113,36,0,36,149
12/18/2022,MFE,TX,ASW,CE,Federal Contract Tower,22,5,19,17,63,0,0,33,3,36,22,5,52,20,99,34,0,34,133
12/19/2022,MFE,TX,ASW,CE,Federal Contract Tower,25,9,25,55,114,0,0,16,0,16,25,9,41,55,130,32,8,40,170
12/20/2022,MFE,TX,ASW,CE,Federal Contract Tower,17,19,40,30,106,0,0,57,3,60,17,19,97,33,166,118,30,148,314
12/21/2022,MFE,TX,ASW,CE,Federal Contract Tower,25,23,40,34,122,0,0,64,0,64,25,23,104,34,186,62,0,62,248
12/22/2022,MFE,TX,ASW,CE,Federal Contract Tower,26,15,34,11,86,0,0,52,8,60,26,15,86,19,146,0,0,0,146
12/23/2022,MFE,TX,ASW,CE,Federal Contract Tower,16,7,16,0,39,0,0,49,9,58,16,7,65,9,97,16,2,18,115
12/24/2022,MFE,TX,ASW,CE,Federal Contract Tower,15,6,10,0,31,0,0,27,8,35,15,6,37,8,66,20,0,20,86
12/25/2022,MFE,TX,ASW,CE,Federal Contract Tower,17,4,3,0,24,0,0,26,6,32,17,4,29,6,56,6,0,6,62
12/26/2022,MFE,TX,ASW,CE,Federal Contract Tower,28,8,33,0,69,0,0,52,0,52,28,8,85,0,121,22,0,22,143
12/27/2022,MFE,TX,ASW,CE,Federal Contract Tower,22,11,26,0,59,0,0,77,0,77,22,11,103,0,136,52,0,52,188
12/28/2022,MFE,TX,ASW,CE,Federal Contract Tower,26,7,30,0,63,0,0,76,0,76,26,7,106,0,139,20,0,20,159
12/29/2022,MFE,TX,ASW,CE,Federal Contract Tower,19,8,33,10,70,0,0,71,8,79,19,8,104,18,149,80,6,86,235
12/30/2022,MFE,TX,ASW,CE,Federal Contract Tower,24,6,23,2,55,0,0,84,0,84,24,6,107,2,139,124,0,124,263
12/31/2022,MFE,TX,ASW,CE,Federal Contract Tower,14,3,13,0,30,0,0,68,0,68,14,3,81,0,98,54,0,54,152
01/01/2023,MFE,TX,ASW,CE,Federal Contract Tower,20,2,21,0,43,0,0,27,0,27,20,2,48,0,70,60,0,60,130
01/02/2023,MFE,TX,ASW,CE,Federal Contract Tower,21,4,18,0,43,0,0,33,0,33,21,4,51,0,76,24,0,24,100
01/03/2023,MFE,TX,ASW,CE,Federal Contract Tower,20,5,32,14,71,0,1,60,0,61,20,6,92,14,132,72,0,72,204
01/04/2023,MFE,TX,ASW,CE,Federal Contract Tower,30,7,23,12,72,0,0,76,0,76,30,7,99,12,148,96,0,96,244
01/05/2023,MFE,TX,ASW,CE,Federal Contract Tower,21,6,23,18,68,0,0,86,5,91,21,6,109,23,159,142,0,142,301
01/06/2023,MFE,TX,ASW,CE,Federal Contract Tower,28,4,27,17,76,0,0,64,8,72,28,4,91,25,148,72,0,72,220
01/07/2023,MFE,TX,ASW,CE,Federal Contract Tower,17,3,15,10,45,0,0,55,6,61,17,3,70,16,106,32,0,32,138
01/08/2023,MFE,TX,ASW,CE,Federal Contract Tower,25,4,25,1,55,0,0,29,6,35,25,4,54,7,90,22,0,22,112
01/09/2023,MFE,TX,ASW,CE,Federal Contract Tower,21,5,24,16,66,0,0,59,0,59,21,5,83,16,125,62,0,62,187
01/10/2023,MFE,TX,ASW,CE,Federal Contract Tower,17,6,19,29,71,0,0,70,0,70,17,6,89,29,141,26,0,26,167
01/11/2023,MFE,TX,ASW,CE,Federal Contract Tower,26,12,36,16,90,0,0,56,0,56,26,12,92,16,146,26,0,26,172
01/12/2023,MFE,TX,ASW,CE,Federal Contract Tower,26,8,33,23,90,0,0,76,6,82,26,8,109,29,172,44,0,44,216
01/13/2023,MFE,TX,ASW,CE,Federal Contract Tower,24,4,29,6,63,0,0,83,7,90,24,4,112,13,153,102,0,102,255
01/14/2023,MFE,TX,ASW,CE,Federal Contract Tower,14,10,20,6,50,0,0,99,6,105,14,10,119,12,155,132,0,132,287
01/15/2023,MFE,TX,ASW,CE,Federal Contract Tower,20,3,14,0,37,0,0,30,8,38,20,3,44,8,75,30,0,30,105
01/16/2023,MFE,TX,ASW,CE,Federal Contract Tower,21,4,13,0,38,0,2,43,0,45,21,6,56,0,83,100,0,100,183
01/17/2023,MFE,TX,ASW,CE,Federal Contract Tower,19,6,26,14,65,0,0,52,0,52,19,6,78,14,117,88,0,88,205
01/18/2023,MFE,TX,ASW,CE,Federal Contract Tower,25,9,35,49,118,0,0,57,7,64,25,9,92,56,182,126,26,152,334
01/19/2023,MFE,TX,ASW,CE,Federal Contract Tower,28,18,38,37,121,0,0,75,4,79,28,18,113,41,200,32,0,32,232
01/20/2023,MFE,TX,ASW,CE,Federal Contract Tower,33,6,31,31,101,0,0,51,3,54,33,6,82,34,155,96,0,96,251
01/21/2023,MFE,TX,ASW,CE,Federal Contract Tower,15,5,21,20,61,0,0,21,6,27,15,5,42,26,88,48,0,48,136
01/22/2023,MFE,TX,ASW,CE,Federal Contract Tower,23,4,15,8,50,0,0,73,6,79,23,4,88,14,129,56,0,56,185
01/23/2023,MFE,TX,ASW,CE,Federal Contract Tower,24,6,46,56,132,0,0,44,0,44,24,6,90,56,176,18,0,18,194
01/24/2023,MFE,TX,ASW,CE,Federal Contract Tower,20,8,27,71,126,0,0,31,1,32,20,8,58,72,158,34,0,34,192
01/25/2023,MFE,TX,ASW,CE,Federal Contract Tower,20,4,28,61,113,0,0,95,2,97,20,4,123,63,210,118,10,128,338
01/26/2023,MFE,TX,ASW,CE,Federal Contract Tower,26,4,54,8,92,0,0,85,6,91,26,4,139,14,183,112,0,112,295
01/27/2023,MFE,TX,ASW,CE,Federal Contract Tower,26,3,35,10,74,0,0,13,0,13,26,3,48,10,87,12,0,12,99
01/28/2023,MFE,TX,ASW,CE,Federal Contract Tower,17,4,22,16,59,0,0,51,8,59,17,4,73,24,118,82,0,82,200
01/29/2023,MFE,TX,ASW,CE,Federal Contract Tower,29,1,22,31,83,0,0,58,9,67,29,1,80,40,150,74,0,74,224
01/30/2023,MFE,TX,ASW,CE,Federal Contract Tower,16,4,33,6,59,0,0,25,0,25,16,4,58,6,84,0,18,18,102
01/31/2023,MFE,TX,ASW,CE,Federal Contract Tower,18,10,15,9,52,0,0,0,0,0,18,10,15,9,52,0,0,0,52
02/01/2023,MFE,TX,ASW,CE,Federal Contract Tower,18,0,36,51,105,0,0,0,0,0,18,0,36,51,105,0,0,0,105
02/02/2023,MFE,TX,ASW,CE,Federal Contract Tower,25,4,52,77,158,0,0,48,6,54,25,4,100,83,212,84,48,132,344
02/03/2023,MFE,TX,ASW,CE,Federal Contract Tower,24,6,38,40,108,0,0,102,6,108,24,6,140,46,216,98,0,98,314
02/04/2023,MFE,TX,ASW,CE,Federal Contract Tower,14,4,8,4,30,0,0,83,6,89,14,4,91,10,119,110,0,110,229
02/05/2023,MFE,TX,ASW,CE,Federal Contract Tower,20,2,19,7,48,0,0,51,7,58,20,2,70,14,106,42,0,42,148
02/06/2023,MFE,TX,ASW,CE,Federal Contract Tower,25,2,40,15,82,0,0,28,0,28,25,2,68,15,110,0,0,0,110
02/07/2023,MFE,TX,ASW,CE,Federal Contract Tower,17,9,30,46,102,0,0,28,2,30,17,9,58,48,132,0,12,12,144
02/08/2023,MFE,TX,ASW,CE,Federal Contract Tower,23,2,35,64,124,0,0,46,1,47,23,2,81,65,171,32,0,32,203
02/09/2023,MFE,TX,ASW,CE,Federal Contract Tower,23,3,48,11,85,0,0,76,6,82,23,3,124,17,167,36,28,64,231
02/10/2023,MFE,TX,ASW,CE,Federal Contract Tower,22,0,30,12,64,0,0,40,3,43,22,0,70,15,107,14,0,14,121
02/11/2023,MFE,TX,ASW,CE,Federal Contract Tower,16,0,15,4,35,0,0,64,7,71,16,0,79,11,106,118,0,118,224
02/12/2023,MFE,TX,ASW,CE,Federal Contract Tower,25,2,16,0,43,0,0,57,4,61,25,2,73,4,104,46,0,46,150
02/13/2023,MFE,TX,ASW,CE,Federal Contract Tower,20,10,21,22,73,0,0,35,2,37,20,10,56,24,110,22,6,28,138
02/14/2023,MFE,TX,ASW,CE,Federal Contract Tower,17,8,14,25,64,0,0,72,0,72,17,8,86,25,136,88,0,88,224
02/15/2023,MFE,TX,ASW,CE,Federal Contract Tower,23,5,43,32,103,0,0,44,2,46,23,5,87,34,149,20,0,20,169
02/16/2023,MFE,TX,ASW,CE,Federal Contract Tower,26,6,44,28,104,0,0,36,5,41,26,6,80,33,145,0,0,0,145
02/17/2023,MFE,TX,ASW,CE,Federal Contract Tower,24,9,30,17,80,0,0,69,6,75,24,9,99,23,155,92,0,92,247
02/18/2023,MFE,TX,ASW,CE,Federal Contract Tower,16,0,18,12,46,0,0,65,8,73,16,0,83,20,119,54,0,54,173
02/19/2023,MFE,TX,ASW,CE,Federal Contract Tower,21,0,9,0,30,0,0,43,8,51,21,0,52,8,81,58,0,58,139
02/20/2023,MFE,TX,ASW,CE,Federal Contract Tower,24,4,24,6,58,0,0,38,0,38,24,4,62,6,96,12,0,12,108
02/21/2023,MFE,TX,ASW,CE,Federal Contract Tower,21,6,25,18,70,0,0,37,0,37,21,6,62,18,107,26,0,26,133
02/22/2023,MFE,TX,ASW,CE,Federal Contract Tower,22,12,28,14,76,0,0,81,0,81,22,12,109,14,157,144,0,144,301
02/23/2023,MFE,TX,ASW,CE,Federal Contract Tower,25,0,54,24,103,0,0,74,6,80,25,0,128,30,183,54,0,54,237
02/24/2023,MFE,TX,ASW,CE,Federal Contract Tower,23,0,40,16,79,0,0,69,6,75,23,0,109,22,154,114,0,114,268
02/25/2023,MFE,TX,ASW,CE,Federal Contract Tower,24,0,16,22,62,0,0,57,10,67,24,0,73,32,129,82,0,82,211
02/26/2023,MFE,TX,ASW,CE,Federal Contract Tower,20,0,43,20,83,0,0,48,5,53,20,0,91,25,136,14,0,14,150
02/27/2023,MFE,TX,ASW,CE,Federal Contract Tower,22,11,28,26,87,0,0,62,0,62,22,11,90,26,149,28,0,28,177
02/28/2023,MFE,TX,ASW,CE,Federal Contract Tower,20,2,29,12,63,0,0,71,0,71,20,2,100,12,134,70,0,70,204
03/01/2023,MFE,TX,ASW,CE,Federal Contract Tower,18,0,29,38,85,0,0,73,0,73,18,0,102,38,158,78,0,78,236
03/02/2023,MFE,TX,ASW,CE,Federal Contract Tower,27,2,41,33,103,0,0,97,1,98,27,2,138,34,201,130,10,140,341
03/03/2023,MFE,TX,ASW,CE,Federal Contract Tower,20,1,32,29,82,0,0,73,8,81,20,1,105,37,163,74,0,74,237
03/04/2023,MFE,TX,ASW,CE,Federal Contract Tower,19,1,14,8,42,0,0,69,8,77,19,1,83,16,119,58,0,58,177
03/05/2023,MFE,TX,ASW,CE,Federal Contract Tower,24,1,17,4,46,0,0,63,8,71,24,1,80,12,117,48,0,48,165
03/06/2023,MFE,TX,ASW,CE,Federal Contract Tower,19,6,24,30,79,0,0,49,1,50,19,6,73,31,129,24,18,42,171
03/07/2023,MFE,TX,ASW,CE,Federal Contract Tower,18,7,37,33,95,0,0,48,0,48,18,7,85,33,143,14,0,14,157
03/08/2023,MFE,TX,ASW,CE,Federal Contract Tower,19,3,37,12,71,0,0,71,0,71,19,3,108,12,142,76,0,76,218
03/09/2023,MFE,TX,ASW,CE,Federal Contract Tower,30,1,37,16,84,0,0,68,0,68,30,1,105,16,152,68,0,68,220
03/10/2023,MFE,TX,ASW,CE,Federal Contract Tower,26,7,50,20,103,0,0,48,10,58,26,7,98,30,161,68,0,68,229
03/11/2023,MFE,TX,ASW,CE,Federal Contract Tower,23,3,20,2,48,0,0,53,10,63,23,3,73,12,111,114,0,114,225
03/12/2023,MFE,TX,ASW,CE,Federal Contract Tower,26,2,12,11,51,0,0,44,3,47,26,2,56,14,98,22,18,40,138
03/13/2023,MFE,TX,ASW,CE,Federal Contract Tower,24,6,30,24,84,0,0,47,0,47,24,6,77,24,131,72,0,72,203
03/14/2023,MFE,TX,ASW,CE,Federal Contract Tower,19,7,19,18,63,0,0,25,0,25,19,7,44,18,88,10,0,10,98
03/15/2023,MFE,TX,ASW,CE,Federal Contract Tower,20,14,37,37,108,0,0,42,0,42,20,14,79,37,150,58,0,58,208
03/16/2023,MFE,TX,ASW,CE,Federal Contract Tower,25,7,33,14,79,0,0,37,0,37,25,7,70,14,116,14,2,16,132
03/17/2023,MFE,TX,ASW,CE,Federal Contract Tower,28,1,28,33,90,0,0,34,4,38,28,1,62,37,128,8,0,8,136
03/18/2023,MFE,TX,ASW,CE,Federal Contract Tower,18,1,25,2,46,0,0,55,4,59,18,1,80,6,105,34,0,34,139
03/19/2023,MFE,TX,ASW,CE,Federal Contract Tower,24,4,13,4,45,0,0,25,4,29,24,4,38,8,74,56,0,56,130
03/20/2023,MFE,TX,ASW,CE,Federal Contract Tower,25,7,30,72,134,0,0,50,0,50,25,7,80,72,184,78,0,78,262
03/21/2023,MFE,TX,ASW,CE,Federal Contract Tower,17,8,36,44,105,0,0,69,1,70,17,8,105,45,175,18,12,30,205
03/22/2023,MFE,TX,ASW,CE,Federal Contract Tower,17,6,35,36,94,0,0,63,1,64,17,6,98,37,158,86,0,86,244
03/23/2023,MFE,TX,ASW,CE,Federal Contract Tower,26,7,36,14,83,0,0,41,0,41,26,7,77,14,124,24,0,24,148
03/24/2023,MFE,TX,ASW,CE,Federal Contract Tower,26,2,27,8,63,0,0,72,15,87,26,2,99,23,150,74,0,74,224
03/25/2023,MFE,TX,ASW,CE,Federal Contract Tower,17,3,21,12,53,0,0,63,6,69,17,3,84,18,122,146,0,146,268
03/26/2023,MFE,TX,ASW,CE,Federal Contract Tower,23,3,16,12,54,0,0,26,8,34,23,3,42,20,88,18,0,18,106
03/27/2023,MFE,TX,ASW,CE,Federal Contract Tower,26,8,32,18,84,0,0,46,0,46,26,8,78,18,130,14,0,14,144
03/28/2023,MFE,TX,ASW,CE,Federal Contract Tower,18,7,16,8,49,0,0,0,0,0,18,7,16,8,49,0,0,0,49
03/29/2023,MFE,TX,ASW,CE,Federal Contract Tower,18,6,30,44,98,0,0,72,0,72,18,6,102,44,170,134,0,134,304
03/30/2023,MFE,TX,ASW,CE,Federal Contract Tower,21,13,35,17,86,0,0,58,0,58,21,13,93,17,144,60,0,60,204
03/31/2023,MFE,TX,ASW,CE,Federal Contract Tower,22,2,18,20,62,0,0,62,6,68,22,2,80,26,130,74,0,74,204
04/01/2023,MFE,TX,ASW,CE,Federal Contract Tower,19,1,21,0,41,0,0,53,8,61,19,1,74,8,102,44,0,44,146
04/02/2023,MFE,TX,ASW,CE,Federal Contract Tower,18,4,27,8,57,0,0,50,8,58,18,4,77,16,115,22,0,22,137
04/03/2023,MFE,TX,ASW,CE,Federal Contract Tower,17,8,28,0,53,0,0,76,0,76,17,8,104,0,129,96,0,96,225
04/04/2023,MFE,TX,ASW,CE,Federal Contract Tower,17,3,28,73,121,0,0,44,1,45,17,3,72,74,166,70,6,76,242
04/05/2023,MFE,TX,ASW,CE,Federal Contract Tower,12,5,41,18,76,0,0,62,0,62,12,5,103,18,138,126,0,126,264
04/06/2023,MFE,TX,ASW,CE,Federal Contract Tower,21,4,29,0,54,0,0,11,0,11,21,4,40,0,65,10,0,10,75
04/07/2023,MFE,TX,ASW,CE,Federal Contract Tower,28,2,17,0,47,0,0,1,0,1,28,2,18,0,48,0,0,0,48
04/08/2023,MFE,TX,ASW,CE,Federal Contract Tower,20,0,17,0,37,0,0,28,0,28,20,0,45,0,65,84,0,84,149
04/09/2023,MFE,TX,ASW,CE,Federal Contract Tower,21,1,23,9,54,0,0,35,7,42,21,1,58,16,96,56,12,68,164
04/10/2023,MFE,TX,ASW,CE,Federal Contract Tower,23,3,34,17,77,0,0,45,0,45,23,3,79,17,122,44,0,44,166
04/11/2023,MFE,TX,ASW,CE,Federal Contract Tower,22,6,32,40,100,0,0,78,0,78,22,6,110,40,178,52,0,52,230
04/12/2023,MFE,TX,ASW,CE,Federal Contract Tower,24,7,36,17,84,0,1,96,0,97,24,8,132,17,181,176,0,176,357
04/13/2023,MFE,TX,ASW,CE,Federal Contract Tower,26,3,46,44,119,0,0,90,4,94,26,3,136,48,213,108,0,108,321
04/14/2023,MFE,TX,ASW,CE,Federal Contract Tower,25,0,30,20,75,0,0,63,6,69,25,0,93,26,144,168,0,168,312
04/15/2023,MFE,TX,ASW,CE,Federal Contract Tower,21,2,16,0,39,0,0,69,4,73,21,2,85,4,112,116,0,116,228
04/16/2023,MFE,TX,ASW,CE,Federal Contract Tower,26,3,25,9,63,0,0,55,6,61,26,3,80,15,124,16,0,16,140
04/17/2023,MFE,TX,ASW,CE,Federal Contract Tower,27,3,42,38,110,0,0,66,4,70,27,3,108,42,180,74,0,74,254
04/18/2023,MFE,TX,ASW,CE,Federal Contract Tower,22,3,22,10,57,0,0,49,0,49,22,3,71,10,106,58,0,58,164
04/19/2023,MFE,TX,ASW,CE,Federal Contract Tower,23,3,33,16,75,0,0,44,7,51,23,3,77,23,126,76,0,76,202
04/20/2023,MFE,TX,ASW,CE,Federal Contract Tower,21,1,58,40,120,0,0,63,5,68,21,1,121,45,188,88,40,128,316
04/21/2023,MFE,TX,ASW,CE,Federal Contract Tower,23,2,32,8,65,0,0,70,6,76,23,2,102,14,141,148,4,152,293
04/22/2023,MFE,TX,ASW,CE,Federal Contract Tower,20,0,13,12,45,0,0,68,6,74,20,0,81,18,119,180,0,180,299
04/23/2023,MFE,TX,ASW,CE,Federal Contract Tower,25,0,7,0,32,0,0,14,4,18,25,0,21,4,50,30,0,30,80
04/24/2023,MFE,TX,ASW,CE,Federal Contract Tower,26,4,34,36,100,0,0,40,0,40,26,4,74,36,140,40,0,40,180
04/25/2023,MFE,TX,ASW,CE,Federal Contract Tower,24,6,41,34,105,0,0,50,0,50,24,6,91,34,155,106,0,106,261
04/26/2023,MFE,TX,ASW,CE,Federal Contract Tower,20,5,33,23,81,0,0,80,0,80,20,5,113,23,161,162,0,162,323
04/27/2023,MFE,TX,ASW,CE,Federal Contract Tower,33,7,40,8,88,0,0,39,5,44,33,7,79,13,132,24,0,24,156
04/28/2023,MFE,TX,ASW,CE,Federal Contract Tower,28,6,35,13,82,0,0,74,7,81,28,6,109,20,163,96,0,96,259
04/29/2023,MFE,TX,ASW,CE,Federal Contract Tower,21,0,16,0,37,0,0,33,6,39,21,0,49,6,76,8,0,8,84
04/30/2023,MFE,TX,ASW,CE,Federal Contract Tower,27,0,14,4,45,0,0,85,6,91,27,0,99,10,136,18,0,18,154
05/01/2023,MFE,TX,ASW,CE,Federal Contract Tower,30,1,32,0,63,0,0,67,0,67,30,1,99,0,130,4,0,4,134
05/02/2023,MFE,TX,ASW,CE,Federal Contract Tower,20,4,30,10,64,0,0,73,0,73,20,4,103,10,137,2,0,2,139
05/03/2023,MFE,TX,ASW,CE,Federal Contract Tower,22,13,45,11,91,0,0,67,4,71,22,13,112,15,162,104,0,104,266
05/04/2023,MFE,TX,ASW,CE,Federal Contract Tower,22,7,32,1,62,0,0,61,2,63,22,7,93,3,125,182,0,182,307
05/05/2023,MFE,TX,ASW,CE,Federal Contract Tower,26,5,37,1,69,0,0,45,4,49,26,5,82,5,118,88,0,88,206
05/06/2023,MFE,TX,ASW,CE,Federal Contract Tower,21,0,12,0,33,0,0,53,6,59,21,0,65,6,92,68,0,68,160
05/07/2023,MFE,TX,ASW,CE,Federal Contract Tower,20,1,22,2,45,0,0,44,2,46,20,1,66,4,91,58,0,58,149
05/08/2023,MFE,TX,ASW,CE,Federal Contract Tower,18,3,21,22,64,0,0,58,0,58,18,3,79,22,122,106,0,106,228
05/09/2023,MFE,TX,ASW,CE,Federal Contract Tower,17,4,32,42,95,0,0,67,4,71,17,4,99,46,166,112,0,112,278
05/10/2023,MFE,TX,ASW,CE,Federal Contract Tower,25,5,35,24,89,0,0,78,0,78,25,5,113,24,167,112,0,112,279
05/11/2023,MFE,TX,ASW,CE,Federal Contract Tower,21,9,48,14,92,0,0,64,5,69,21,9,112,19,161,80,0,80,241
05/12/2023,MFE,TX,ASW,CE,Federal Contract Tower,23,1,34,8,66,0,0,79,4,83,23,1,113,12,149,78,0,78,227
05/13/2023,MFE,TX,ASW,CE,Federal Contract Tower,17,0,8,0,25,0,0,13,6,19,17,0,21,6,44,0,0,0,44
05/14/2023,MFE,TX,ASW,CE,Federal Contract Tower,23,0,18,8,49,0,0,33,6,39,23,0,51,14,88,2,0,2,90
05/15/2023,MFE,TX,ASW,CE,Federal Contract Tower,25,7,36,22,90,0,0,70,2,72,25,7,106,24,162,44,0,44,206
05/16/2023,MFE,TX,ASW,CE,Federal Contract Tower,23,14,28,16,81,0,0,58,0,58,23,14,86,16,139,98,0,98,237
05/17/2023,MFE,TX,ASW,CE,Federal Contract Tower,22,14,23,0,59,0,0,89,2,91,22,14,112,2,150,78,0,78,228
05/18/2023,MFE,TX,ASW,CE,Federal Contract Tower,30,17,34,33,114,0,0,104,4,108,30,17,138,37,222,118,0,118,340
05/19/2023,MFE,TX,ASW,CE,Federal Contract Tower,17,7,33,24,81,0,0,93,6,99,17,7,126,30,180,178,0,178,358
05/20/2023,MFE,TX,ASW,CE,Federal Contract Tower,20,2,16,0,38,0,0,57,4,61,20,2,73,4,99,68,0,68,167
05/21/2023,MFE,TX,ASW,CE,Federal Contract Tower,27,1,13,8,49,0,0,68,6,74,27,1,81,14,123,84,0,84,207
05/22/2023,MFE,TX,ASW,CE,Federal Contract Tower,26,6,23,23,78,0,0,61,1,62,26,6,84,24,140,80,0,80,220
05/23/2023,MFE,TX,ASW,CE,Federal Contract Tower,21,8,25,27,81,0,0,72,4,76,21,8,97,31,157,160,0,160,317
05/24/2023,MFE,TX,ASW,CE,Federal Contract Tower,26,9,36,14,85,0,0,75,8,83,26,9,111,22,168,132,12,144,312
05/25/2023,MFE,TX,ASW,CE,Federal Contract Tower,19,5,34,20,78,0,0,100,5,105,19,5,134,25,183,120,0,120,303
05/26/2023,MFE,TX,ASW,CE,Federal Contract Tower,23,4,30,4,61,0,0,85,4,89,23,4,115,8,150,110,0,110,260
05/27/2023,MFE,TX,ASW,CE,Federal Contract Tower,20,1,18,0,39,0,0,69,6,75,20,1,87,6,114,110,0,110,224
05/28/2023,MFE,TX,ASW,CE,Federal Contract Tower,20,2,31,0,53,0,0,30,8,38,20,2,61,8,91,18,0,18,109
05/29/2023,MFE,TX,ASW,CE,Federal Contract Tower,21,4,21,0,46,0,0,37,0,37,21,4,58,0,83,62,0,62,145
05/30/2023,MFE,TX,ASW,CE,Federal Contract Tower,22,11,43,18,94,0,0,98,2,100,22,11,141,20,194,184,0,184,378
05/31/2023,MFE,TX,ASW,CE,Federal Contract Tower,22,5,22,30,79,0,0,122,6,128,22,5,144,36,207,178,0,178,385
06/01/2023,MFE,TX,ASW,CE,Federal Contract Tower,25,6,26,4,61,0,0,93,6,99,25,6,119,10,160,160,0,160,320
06/02/2023,MFE,TX,ASW,CE,Federal Contract Tower,24,5,21,20,70,0,0,72,6,78,24,5,93,26,148,60,0,60,208
06/03/2023,MFE,TX,ASW,CE,Federal Contract Tower,20,1,7,20,48,0,0,59,4,63,20,1,66,24,111,68,0,68,179
06/04/2023,MFE,TX,ASW,CE,Federal Contract Tower,23,4,18,9,54,0,0,38,5,43,23,4,56,14,97,98,0,98,195
06/05/2023,MFE,TX,ASW,CE,Federal Contract Tower,20,9,35,8,72,0,0,42,0,42,20,9,77,8,114,40,0,40,154
06/06/2023,MFE,TX,ASW,CE,Federal Contract Tower,19,11,26,25,81,0,0,86,0,86,19,11,112,25,167,86,0,86,253
06/07/2023,MFE,TX,ASW,CE,Federal Contract Tower,20,5,14,51,90,0,0,101,9,110,20,5,115,60,200,64,16,80,280
06/08/2023,MFE,TX,ASW,CE,Federal Contract Tower,24,13,31,27,95,0,0,86,6,92,24,13,117,33,187,130,28,158,345
06/09/2023,MFE,TX,ASW,CE,Federal Contract Tower,25,4,27,22,78,0,0,81,6,87,25,4,108,28,165,110,4,114,279
06/10/2023,MFE,TX,ASW,CE,Federal Contract Tower,25,0,15,4,44,0,0,43,8,51,25,0,58,12,95,38,0,38,133
06/11/2023,MFE,TX,ASW,CE,Federal Contract Tower,20,6,20,0,46,0,0,40,8,48,20,6,60,8,94,78,0,78,172
06/12/2023,MFE,TX,ASW,CE,Federal Contract Tower,27,6,32,29,94,0,0,51,0,51,27,6,83,29,145,48,0,48,193
06/13/2023,MFE,TX,ASW,CE,Federal Contract Tower,22,6,35,56,119,0,0,49,0,49,22,6,84,56,168,10,0,10,178
06/14/2023,MFE,TX,ASW,CE,Federal Contract Tower,22,8,34,30,94,0,0,79,1,80,22,8,113,31,174,52,0,52,226
06/15/2023,MFE,TX,ASW,CE,Federal Contract Tower,24,7,36,24,91,0,0,75,0,75,24,7,111,24,166,0,0,0,166
06/16/2023,MFE,TX,ASW,CE,Federal Contract Tower,27,7,33,16,83,0,0,66,0,66,27,7,99,16,149,124,0,124,273
06/17/2023,MFE,TX,ASW,CE,Federal Contract Tower,24,6,11,6,47,0,0,50,9,59,24,6,61,15,106,88,6,94,200
06/18/2023,MFE,TX,ASW,CE,Federal Contract Tower,33,4,15,0,52,0,0,33,7,40,33,4,48,7,92,16,0,16,108
06/19/2023,MFE,TX,ASW,CE,Federal Contract Tower,23,10,46,0,79,0,0,52,0,52,23,10,98,0,131,90,0,90,221
06/20/2023,MFE,TX,ASW,CE,Federal Contract Tower,24,7,20,36,87,0,0,61,2,63,24,7,81,38,150,104,0,104,254
06/21/2023,MFE,TX,ASW,CE,Federal Contract Tower,19,7,34,17,77,0,0,78,0,78,19,7,112,17,155,144,0,144,299
06/22/2023,MFE,TX,ASW,CE,Federal Contract Tower,25,8,36,16,85,0,0,101,2,103,25,8,137,18,188,106,0,106,294
06/23/2023,MFE,TX,ASW,CE,Federal Contract Tower,24,8,26,4,62,0,0,66,6,72,24,8,92,10,134,104,0,104,238
06/24/2023,MFE,TX,ASW,CE,Federal Contract Tower,20,3,16,9,48,0,0,62,7,69,20,3,78,16,117,74,0,74,191
06/25/2023,MFE,TX,ASW,CE,Federal Contract Tower,24,0,17,2,43,0,0,43,8,51,24,0,60,10,94,86,0,86,180
06/26/2023,MFE,TX,ASW,CE,Federal Contract Tower,27,8,26,2,63,0,0,62,0,62,27,8,88,2,125,64,0,64,189
06/27/2023,MFE,TX,ASW,CE,Federal Contract Tower,24,5,25,4,58,0,0,82,0,82,24,5,107,4,140,116,0,116,256
06/28/2023,MFE,TX,ASW,CE,Federal Contract Tower,20,8,17,0,45,0,0,75,0,75,20,8,92,0,120,40,0,40,160
06/29/2023,MFE,TX,ASW,CE,Federal Contract Tower,23,10,31,14,78,0,0,72,4,76,23,10,103,18,154,62,0,62,216
06/30/2023,MFE,TX,ASW,CE,Federal Contract Tower,22,7,28,6,63,0,0,69,6,75,22,7,97,12,138,84,0,84,222
07/01/2023,MFE,TX,ASW,CE,Federal Contract Tower,20,5,11,1,37,0,0,65,6,71,20,5,76,7,108,38,0,38,146
07/02/2023,MFE,TX,ASW,CE,Federal Contract Tower,22,5,14,0,41,0,0,38,0,38,22,5,52,0,79,69,0,69,148
07/03/2023,MFE,TX,ASW,CE,Federal Contract Tower,22,4,11,0,37,0,0,50,0,50,22,4,61,0,87,42,0,42,129
07/04/2023,MFE,TX,ASW,CE,Federal Contract Tower,20,2,17,0,39,0,0,49,0,49,20,2,66,0,88,66,0,66,154
07/05/2023,MFE,TX,ASW,CE,Federal Contract Tower,22,7,24,10,63,0,0,68,8,76,22,7,92,18,139,102,0,102,241
07/06/2023,MFE,TX,ASW,CE,Federal Contract Tower,21,12,33,2,68,0,0,28,0,28,21,12,61,2,96,20,0,20,116
07/07/2023,MFE,TX,ASW,CE,Federal Contract Tower,27,7,24,4,62,0,0,60,2,62,27,7,84,6,124,110,0,110,234
07/08/2023,MFE,TX,ASW,CE,Federal Contract Tower,20,6,22,4,52,0,45,2,0,47,20,51,24,4,99,102,0,102,201
07/09/2023,MFE,TX,ASW,CE,Federal Contract Tower,26,1,24,0,51,0,0,52,11,63,26,1,76,11,114,36,0,36,150
07/10/2023,MFE,TX,ASW,CE,Federal Contract Tower,26,10,18,20,74,0,0,66,1,67,26,10,84,21,141,144,12,156,297
07/11/2023,MFE,TX,ASW,CE,Federal Contract Tower,22,14,26,39,101,0,0,76,0,76,22,14,102,39,177,134,0,134,311
07/12/2023,MFE,TX,ASW,CE,Federal Contract Tower,23,8,20,33,84,0,0,66,3,69,23,8,86,36,153,60,0,60,213
07/13/2023,MFE,TX,ASW,CE,Federal Contract Tower,25,9,42,20,96,0,0,88,2,90,25,9,130,22,186,126,0,126,312
07/14/2023,MFE,TX,ASW,CE,Federal Contract Tower,21,7,16,6,50,0,0,68,2,70,21,7,84,8,120,118,0,118,238
07/15/2023,MFE,TX,ASW,CE,Federal Contract Tower,22,4,10,4,40,0,0,55,2,57,22,4,65,6,97,28,0,28,125
07/16/2023,MFE,TX,ASW,CE,Federal Contract Tower,25,6,19,2,52,0,0,48,2,50,25,6,67,4,102,28,0,28,130
07/17/2023,MFE,TX,ASW,CE,Federal Contract Tower,24,5,27,24,80,0,0,68,0,68,24,5,95,24,148,42,0,42,190
07/18/2023,MFE,TX,ASW,CE,Federal Contract Tower,26,13,24,34,97,0,0,43,6,49,26,13,67,40,146,78,0,78,224
07/19/2023,MFE,TX,ASW,CE,Federal Contract Tower,24,9,38,12,83,0,0,61,3,64,24,9,99,15,147,56,0,56,203
07/20/2023,MFE,TX,ASW,CE,Federal Contract Tower,21,13,44,8,86,0,0,83,2,85,21,13,127,10,171,48,0,48,219
07/21/2023,MFE,TX,ASW,CE,Federal Contract Tower,20,12,32,10,74,0,0,94,2,96,20,12,126,12,170,96,0,96,266
07/22/2023,MFE,TX,ASW,CE,Federal Contract Tower,20,7,15,2,44,0,0,50,0,50,20,7,65,2,94,22,0,22,116
07/23/2023,MFE,TX,ASW,CE,Federal Contract Tower,18,3,29,14,64,0,0,32,1,33,18,3,61,15,97,6,8,14,111
07/24/2023,MFE,TX,ASW,CE,Federal Contract Tower,29,2,25,8,64,0,0,40,2,42,29,2,65,10,106,86,0,86,192
07/25/2023,MFE,TX,ASW,CE,Federal Contract Tower,23,5,19,38,85,0,0,63,0,63,23,5,82,38,148,52,8,60,208
07/26/2023,MFE,TX,ASW,CE,Federal Contract Tower,31,8,26,32,97,0,0,68,2,70,31,8,94,34,167,58,0,58,225
07/27/2023,MFE,TX,ASW,CE,Federal Contract Tower,21,11,35,15,82,0,0,70,2,72,21,11,105,17,154,80,0,80,234
07/28/2023,MFE,TX,ASW,CE,Federal Contract Tower,19,9,15,6,49,0,0,57,2,59,19,9,72,8,108,98,0,98,206
07/29/2023,MFE,TX,ASW,CE,Federal Contract Tower,17,8,14,10,49,0,0,67,2,69,17,8,81,12,118,84,0,84,202
07/30/2023,MFE,TX,ASW,CE,Federal Contract Tower,25,3,20,10,58,0,0,51,0,51,25,3,71,10,109,30,0,30,139
07/31/2023,MFE,TX,ASW,CE,Federal Contract Tower,29,11,22,20,82,0,0,64,0,64,29,11,86,20,146,40,0,40,186
08/01/2023,MFE,TX,ASW,CE,Federal Contract Tower,28,12,20,33,93,0,0,53,3,56,28,12,73,36,149,66,0,66,215
08/02/2023,MFE,TX,ASW,CE,Federal Contract Tower,25,7,24,24,80,0,0,71,2,73,25,7,95,26,153,84,14,98,251
08/03/2023,MFE,TX,ASW,CE,Federal Contract Tower,28,4,28,20,80,0,0,76,2,78,28,4,104,22,158,62,0,62,220
08/04/2023,MFE,TX,ASW,CE,Federal Contract Tower,25,5,23,17,70,0,0,58,4,62,25,5,81,21,132,62,22,84,216
08/05/2023,MFE,TX,ASW,CE,Federal Contract Tower,18,4,16,5,43,0,0,47,1,48,18,4,63,6,91,32,24,56,147
08/06/2023,MFE,TX,ASW,CE,Federal Contract Tower,22,5,19,5,51,0,0,34,3,37,22,5,53,8,88,36,22,58,146
08/07/2023,MFE,TX,ASW,CE,Federal Contract Tower,24,4,30,26,84,0,0,47,0,47,24,4,77,26,131,66,0,66,197
08/08/2023,MFE,TX,ASW,CE,Federal Contract Tower,27,5,22,28,82,0,0,53,1,54,27,5,75,29,136,18,2,20,156
08/09/2023,MFE,TX,ASW,CE,Federal Contract Tower,17,11,40,16,84,0,0,72,0,72,17,11,112,16,156,62,0,62,218
08/10/2023,MFE,TX,ASW,CE,Federal Contract Tower,23,5,31,30,89,0,1,56,3,60,23,6,87,33,149,30,0,30,179
08/11/2023,MFE,TX,ASW,CE,Federal Contract Tower,25,9,26,25,85,0,0,64,2,66,25,9,90,27,151,110,0,110,261
08/12/2023,MFE,TX,ASW,CE,Federal Contract Tower,21,3,9,12,45,0,0,48,3,51,21,3,57,15,96,74,0,74,170
08/13/2023,MFE,TX,ASW,CE,Federal Contract Tower,23,2,15,12,52,0,0,33,2,35,23,2,48,14,87,90,0,90,177
08/14/2023,MFE,TX,ASW,CE,Federal Contract Tower,26,6,27,20,79,0,0,44,2,46,26,6,71,22,125,26,0,26,151
08/15/2023,MFE,TX,ASW,CE,Federal Contract Tower,24,8,19,8,59,0,0,53,0,53,24,8,72,8,112,54,0,54,166
08/16/2023,MFE,TX,ASW,CE,Federal Contract Tower,21,3,24,18,66,0,0,85,2,87,21,3,109,20,153,58,0,58,211
08/17/2023,MFE,TX,ASW,CE,Federal Contract Tower,22,4,35,18,79,0,0,83,4,87,22,4,118,22,166,128,0,128,294
08/18/2023,MFE,TX,ASW,CE,Federal Contract Tower,26,4,28,10,68,0,0,60,0,60,26,4,88,10,128,32,0,32,160
08/19/2023,MFE,TX,ASW,CE,Federal Contract Tower,22,4,19,0,45,0,0,59,1,60,22,4,78,1,105,50,0,50,155
08/20/2023,MFE,TX,ASW,CE,Federal Contract Tower,19,3,18,8,48,0,0,44,0,44,19,3,62,8,92,18,0,18,110
08/21/2023,MFE,TX,ASW,CE,Federal Contract Tower,24,8,29,1,62,0,0,33,0,33,24,8,62,1,95,64,0,64,159
08/22/2023,MFE,TX,ASW,CE,Federal Contract Tower,20,5,6,2,33,0,0,9,0,9,20,5,15,2,42,12,0,12,54
08/23/2023,MFE,TX,ASW,CE,Federal Contract Tower,22,6,26,14,68,0,0,43,0,43,22,6,69,14,111,52,0,52,163
08/24/2023,MFE,TX,ASW,CE,Federal Contract Tower,21,4,54,12,91,0,0,78,2,80,21,4,132,14,171,84,0,84,255
08/25/2023,MFE,TX,ASW,CE,Federal Contract Tower,26,7,26,23,82,0,0,71,1,72,26,7,97,24,154,108,0,108,262
08/26/2023,MFE,TX,ASW,CE,Federal Contract Tower,18,4,20,4,46,0,0,50,2,52,18,4,70,6,98,66,0,66,164
08/27/2023,MFE,TX,ASW,CE,Federal Contract Tower,17,2,18,4,41,0,0,54,0,54,17,2,72,4,95,46,0,46,141
08/28/2023,MFE,TX,ASW,CE,Federal Contract Tower,24,9,21,25,79,0,0,75,0,75,24,9,96,25,154,40,0,40,194
08/29/2023,MFE,TX,ASW,CE,Federal Contract Tower,25,5,22,2,54,0,0,52,0,52,25,5,74,2,106,34,0,34,140
08/30/2023,MFE,TX,ASW,CE,Federal Contract Tower,19,7,35,50,111,0,0,104,4,108,19,7,139,54,219,78,8,86,305
08/31/2023,MFE,TX,ASW,CE,Federal Contract Tower,22,7,33,20,82,0,0,82,3,85,22,7,115,23,167,86,0,86,253
