01/01/2000,MFR,OR,ANM,WE,Federal Contract Tower,4,27,10,0,41,1,0,20,0,21,5,27,30,0,62,8,0,8,70
01/02/2000,MFR,OR,ANM,WE,Federal Contract Tower,5,33,10,0,48,1,0,7,0,8,6,33,17,0,56,4,0,4,60
01/03/2000,MFR,OR,ANM,WE,Federal Contract Tower,6,44,13,0,63,0,12,0,0,12,6,56,13,0,75,6,0,6,81
01/04/2000,MFR,OR,ANM,WE,Federal Contract Tower,6,51,16,0,73,0,11,11,0,22,6,62,27,0,95,22,0,22,117
01/05/2000,MFR,OR,ANM,WE,Federal Contract Tower,6,60,18,0,84,0,3,71,0,74,6,63,89,0,158,58,0,58,216
01/06/2000,MFR,OR,ANM,WE,Federal Contract Tower,6,52,16,0,74,0,0,12,0,12,6,52,28,0,86,14,0,14,100
01/07/2000,MFR,OR,ANM,WE,Federal Contract Tower,6,62,20,0,88,0,0,28,2,30,6,62,48,2,118,56,0,56,174
01/08/2000,MFR,OR,ANM,WE,Federal Contract Tower,5,32,9,0,46,1,2,15,0,18,6,34,24,0,64,32,0,32,96
01/09/2000,MFR,OR,ANM,WE,Federal Contract Tower,5,32,10,0,47,1,0,26,4,31,6,32,36,4,78,28,0,28,106
01/10/2000,MFR,OR,ANM,WE,Federal Contract Tower,6,46,12,0,64,0,6,0,2,8,6,52,12,2,72,0,0,0,72
01/11/2000,MFR,OR,ANM,WE,Federal Contract Tower,6,49,15,0,70,0,10,11,4,25,6,59,26,4,95,30,0,30,125
01/12/2000,MFR,OR,ANM,WE,Federal Contract Tower,5,57,18,0,80,0,8,28,0,36,5,65,46,0,116,56,0,56,172
01/13/2000,MFR,OR,ANM,WE,Federal Contract Tower,6,51,9,0,66,0,7,0,0,7,6,58,9,0,73,2,0,2,75
01/14/2000,MFR,OR,ANM,WE,Federal Contract Tower,6,58,18,0,82,0,6,3,0,9,6,64,21,0,91,10,0,10,101
01/15/2000,MFR,OR,ANM,WE,Federal Contract Tower,6,40,12,0,58,0,0,16,0,16,6,40,28,0,74,68,0,68,142
01/16/2000,MFR,OR,ANM,WE,Federal Contract Tower,3,30,9,0,42,3,1,23,0,27,6,31,32,0,69,52,0,52,121
01/17/2000,MFR,OR,ANM,WE,Federal Contract Tower,7,47,16,0,70,0,0,9,0,9,7,47,25,0,79,6,0,6,85
01/18/2000,MFR,OR,ANM,WE,Federal Contract Tower,6,49,13,0,68,0,6,8,0,14,6,55,21,0,82,16,0,16,98
01/19/2000,MFR,OR,ANM,WE,Federal Contract Tower,6,57,18,1,82,0,0,11,1,12,6,57,29,2,94,14,0,14,108
01/20/2000,MFR,OR,ANM,WE,Federal Contract Tower,6,62,18,0,86,0,8,26,0,34,6,70,44,0,120,12,0,12,132
01/21/2000,MFR,OR,ANM,WE,Federal Contract Tower,5,47,13,0,65,1,0,21,0,22,6,47,34,0,87,42,0,42,129
01/22/2000,MFR,OR,ANM,WE,Federal Contract Tower,5,37,12,0,54,1,0,7,0,8,6,37,19,0,62,0,0,0,62
01/23/2000,MFR,OR,ANM,WE,Federal Contract Tower,4,29,9,0,42,4,0,12,0,16,8,29,21,0,58,12,0,12,70
01/24/2000,MFR,OR,ANM,WE,Federal Contract Tower,5,46,12,1,64,1,10,0,1,12,6,56,12,2,76,8,0,8,84
01/25/2000,MFR,OR,ANM,WE,Federal Contract Tower,7,60,17,1,85,0,1,17,3,21,7,61,34,4,106,66,0,66,172
01/26/2000,MFR,OR,ANM,WE,Federal Contract Tower,6,62,20,0,88,0,0,46,0,46,6,62,66,0,134,94,0,94,228
01/27/2000,MFR,OR,ANM,WE,Federal Contract Tower,6,58,18,0,82,0,0,21,0,21,6,58,39,0,103,38,0,38,141
01/28/2000,MFR,OR,ANM,WE,Federal Contract Tower,5,42,13,0,60,1,3,62,0,66,6,45,75,0,126,78,0,78,204
01/29/2000,MFR,OR,ANM,WE,Federal Contract Tower,4,35,11,0,50,2,5,67,0,74,6,40,78,0,124,58,0,58,182
01/30/2000,MFR,OR,ANM,WE,Federal Contract Tower,3,28,8,0,39,3,2,7,0,12,6,30,15,0,51,6,0,6,57
01/31/2000,MFR,OR,ANM,WE,Federal Contract Tower,6,49,15,0,70,1,1,15,2,19,7,50,30,2,89,16,0,16,105
02/01/2000,MFR,OR,ANM,WE,Federal Contract Tower,6,54,18,0,78,0,6,16,0,22,6,60,34,0,100,82,0,82,182
02/02/2000,MFR,OR,ANM,WE,Federal Contract Tower,6,54,18,0,78,0,7,52,0,59,6,61,70,0,137,46,0,46,183
02/03/2000,MFR,OR,ANM,WE,Federal Contract Tower,7,53,18,0,78,0,5,36,0,41,7,58,54,0,119,78,0,78,197
02/04/2000,MFR,OR,ANM,WE,Federal Contract Tower,6,57,19,0,82,0,0,27,0,27,6,57,46,0,109,98,0,98,207
02/05/2000,MFR,OR,ANM,WE,Federal Contract Tower,5,30,10,0,45,1,3,3,2,9,6,33,13,2,54,14,0,14,68
02/06/2000,MFR,OR,ANM,WE,Federal Contract Tower,4,31,11,0,46,2,0,41,0,43,6,31,52,0,89,84,0,84,173
02/07/2000,MFR,OR,ANM,WE,Federal Contract Tower,6,41,14,0,61,0,6,42,0,48,6,47,56,0,109,58,0,58,167
02/08/2000,MFR,OR,ANM,WE,Federal Contract Tower,6,51,17,0,74,0,10,24,2,36,6,61,41,2,110,48,0,48,158
02/09/2000,MFR,OR,ANM,WE,Federal Contract Tower,6,51,17,0,74,0,6,35,0,41,6,57,52,0,115,62,0,62,177
02/10/2000,MFR,OR,ANM,WE,Federal Contract Tower,6,59,20,0,85,0,0,30,0,30,6,59,50,0,115,80,0,80,195
02/11/2000,MFR,OR,ANM,WE,Federal Contract Tower,6,59,21,1,87,0,0,6,7,13,6,59,27,8,100,0,0,0,100
02/12/2000,MFR,OR,ANM,WE,Federal Contract Tower,4,34,11,0,49,2,1,34,0,37,6,35,45,0,86,92,0,92,178
02/13/2000,MFR,OR,ANM,WE,Federal Contract Tower,4,27,12,1,44,2,0,13,13,28,6,27,25,14,72,48,0,48,120
02/14/2000,MFR,OR,ANM,WE,Federal Contract Tower,6,48,16,0,70,0,6,0,0,6,6,54,16,0,76,8,0,8,84
02/15/2000,MFR,OR,ANM,WE,Federal Contract Tower,6,53,16,2,77,0,6,29,0,35,6,59,45,2,112,44,0,44,156
02/16/2000,MFR,OR,ANM,WE,Federal Contract Tower,6,61,19,0,86,0,0,47,0,47,6,61,66,0,133,64,0,64,197
02/17/2000,MFR,OR,ANM,WE,Federal Contract Tower,7,64,20,2,93,0,0,47,0,47,7,64,67,2,140,88,0,88,228
02/18/2000,MFR,OR,ANM,WE,Federal Contract Tower,7,57,17,0,81,0,1,83,0,84,7,58,100,0,165,114,0,114,279
02/19/2000,MFR,OR,ANM,WE,Federal Contract Tower,5,41,13,0,59,2,1,96,0,99,7,42,109,0,158,126,0,126,284
02/20/2000,MFR,OR,ANM,WE,Federal Contract Tower,5,45,14,0,64,1,6,24,0,31,6,51,38,0,95,72,0,72,167
02/21/2000,MFR,OR,ANM,WE,Federal Contract Tower,5,33,11,0,49,1,0,27,0,28,6,33,38,0,77,44,0,44,121
02/22/2000,MFR,OR,ANM,WE,Federal Contract Tower,6,56,17,0,79,0,2,5,0,7,6,58,22,0,86,0,0,0,86
02/23/2000,MFR,OR,ANM,WE,Federal Contract Tower,7,62,20,0,89,0,13,19,0,32,7,75,39,0,121,86,0,86,207
02/24/2000,MFR,OR,ANM,WE,Federal Contract Tower,6,61,21,0,88,0,0,18,0,18,6,61,39,0,106,36,0,36,142
02/25/2000,MFR,OR,ANM,WE,Federal Contract Tower,7,66,22,1,96,0,0,36,3,39,7,66,58,4,135,90,0,90,225
02/26/2000,MFR,OR,ANM,WE,Federal Contract Tower,5,37,12,0,54,2,3,1,0,6,7,40,13,0,60,14,0,14,74
02/27/2000,MFR,OR,ANM,WE,Federal Contract Tower,4,36,12,0,52,3,0,24,0,27,7,36,36,0,79,38,0,38,117
02/28/2000,MFR,OR,ANM,WE,Federal Contract Tower,7,60,20,0,87,0,6,26,0,32,7,66,46,0,119,68,0,68,187
02/29/2000,MFR,OR,ANM,WE,Federal Contract Tower,7,60,20,0,87,0,2,16,0,18,7,62,36,0,105,38,0,38,143
03/01/2000,MFR,OR,ANM,WE,Federal Contract Tower,7,65,21,0,93,0,0,29,0,29,7,65,50,0,122,42,0,42,164
03/02/2000,MFR,OR,ANM,WE,Federal Contract Tower,7,61,19,0,87,0,0,28,0,28,7,61,47,0,115,30,0,30,145
03/03/2000,MFR,OR,ANM,WE,Federal Contract Tower,7,60,18,0,85,0,0,55,2,57,7,60,73,2,142,110,0,110,252
03/04/2000,MFR,OR,ANM,WE,Federal Contract Tower,6,43,12,0,61,1,1,0,2,4,7,44,12,2,65,4,0,4,69
03/05/2000,MFR,OR,ANM,WE,Federal Contract Tower,5,33,6,0,44,3,0,0,6,9,8,33,6,6,53,4,4,8,61
03/06/2000,MFR,OR,ANM,WE,Federal Contract Tower,7,51,16,0,74,0,0,29,0,29,7,51,45,0,103,44,0,44,147
03/07/2000,MFR,OR,ANM,WE,Federal Contract Tower,8,53,16,0,77,1,3,26,0,30,9,56,42,0,107,94,0,94,201
03/08/2000,MFR,OR,ANM,WE,Federal Contract Tower,6,55,16,0,77,0,3,47,0,50,6,58,63,0,127,102,0,102,229
03/09/2000,MFR,OR,ANM,WE,Federal Contract Tower,6,55,16,0,77,0,7,22,0,29,6,62,38,0,106,80,0,80,186
03/10/2000,MFR,OR,ANM,WE,Federal Contract Tower,7,57,19,0,83,0,0,29,0,29,7,57,48,0,112,80,0,80,192
03/11/2000,MFR,OR,ANM,WE,Federal Contract Tower,5,35,11,0,51,2,6,69,0,77,7,41,80,0,128,52,0,52,180
03/12/2000,MFR,OR,ANM,WE,Federal Contract Tower,5,36,11,0,52,2,2,94,0,98,7,38,105,0,150,74,0,74,224
03/13/2000,MFR,OR,ANM,WE,Federal Contract Tower,7,50,16,0,73,0,0,30,0,30,7,50,46,0,103,28,0,28,131
03/14/2000,MFR,OR,ANM,WE,Federal Contract Tower,6,58,17,0,81,0,8,32,0,40,6,66,49,0,121,58,0,58,179
03/15/2000,MFR,OR,ANM,WE,Federal Contract Tower,7,62,17,0,86,0,2,54,0,56,7,64,71,0,142,90,0,90,232
03/16/2000,MFR,OR,ANM,WE,Federal Contract Tower,7,64,18,0,89,0,0,19,0,19,7,64,37,0,108,52,0,52,160
03/17/2000,MFR,OR,ANM,WE,Federal Contract Tower,7,61,19,1,88,0,0,51,3,54,7,61,70,4,142,84,0,84,226
03/18/2000,MFR,OR,ANM,WE,Federal Contract Tower,5,43,11,0,59,2,1,4,0,7,7,44,15,0,66,22,0,22,88
03/19/2000,MFR,OR,ANM,WE,Federal Contract Tower,5,39,10,1,55,2,1,32,1,36,7,40,42,2,91,44,0,44,135
03/20/2000,MFR,OR,ANM,WE,Federal Contract Tower,6,52,14,0,72,1,1,45,0,47,7,53,59,0,119,78,0,78,197
03/21/2000,MFR,OR,ANM,WE,Federal Contract Tower,6,53,15,1,75,0,6,74,2,82,6,59,89,3,157,122,0,122,279
03/22/2000,MFR,OR,ANM,WE,Federal Contract Tower,7,64,18,0,89,0,0,61,0,61,7,64,79,0,150,40,0,40,190
03/23/2000,MFR,OR,ANM,WE,Federal Contract Tower,7,64,17,0,88,0,1,73,0,74,7,65,90,0,162,70,0,70,232
03/24/2000,MFR,OR,ANM,WE,Federal Contract Tower,6,53,15,0,74,1,8,67,0,76,7,61,82,0,150,56,0,56,206
03/25/2000,MFR,OR,ANM,WE,Federal Contract Tower,6,47,13,1,67,1,0,65,1,67,7,47,78,2,134,72,0,72,206
03/26/2000,MFR,OR,ANM,WE,Federal Contract Tower,4,37,10,0,51,3,5,105,0,113,7,42,115,0,164,96,0,96,260
03/27/2000,MFR,OR,ANM,WE,Federal Contract Tower,5,45,13,0,63,0,6,11,0,17,5,51,24,0,80,24,0,24,104
03/28/2000,MFR,OR,ANM,WE,Federal Contract Tower,7,60,18,0,85,0,1,30,0,31,7,61,48,0,116,58,0,58,174
03/29/2000,MFR,OR,ANM,WE,Federal Contract Tower,6,50,15,0,71,1,5,55,0,61,7,55,70,0,132,68,0,68,200
03/30/2000,MFR,OR,ANM,WE,Federal Contract Tower,7,60,18,0,85,0,2,79,0,81,7,62,97,0,166,72,0,72,238
03/31/2000,MFR,OR,ANM,WE,Federal Contract Tower,6,50,15,0,71,1,8,97,0,106,7,58,112,0,177,78,0,78,255
04/01/2000,MFR,OR,ANM,WE,Federal Contract Tower,6,40,14,0,60,1,5,70,0,76,7,45,84,0,136,56,0,56,192
04/02/2000,MFR,OR,ANM,WE,Federal Contract Tower,5,36,13,0,54,2,4,84,0,90,7,40,97,0,144,86,0,86,230
04/03/2000,MFR,OR,ANM,WE,Federal Contract Tower,6,45,17,0,68,1,7,54,2,64,7,52,71,2,132,56,0,56,188
04/04/2000,MFR,OR,ANM,WE,Federal Contract Tower,7,50,18,0,75,0,4,42,0,46,7,54,60,0,121,78,0,78,199
04/05/2000,MFR,OR,ANM,WE,Federal Contract Tower,7,50,19,0,76,0,9,52,0,61,7,59,71,0,137,64,0,64,201
04/06/2000,MFR,OR,ANM,WE,Federal Contract Tower,7,55,20,0,82,0,5,41,0,46,7,60,61,0,128,76,0,76,204
04/07/2000,MFR,OR,ANM,WE,Federal Contract Tower,6,51,19,0,76,0,7,86,0,93,6,58,105,0,169,98,0,98,267
04/08/2000,MFR,OR,ANM,WE,Federal Contract Tower,5,33,12,0,50,2,7,50,0,59,7,40,62,0,109,50,0,50,159
04/09/2000,MFR,OR,ANM,WE,Federal Contract Tower,7,41,19,0,67,0,0,58,0,58,7,41,77,0,125,54,0,54,179
04/10/2000,MFR,OR,ANM,WE,Federal Contract Tower,7,48,18,0,73,0,8,50,0,58,7,56,68,0,131,12,0,12,143
04/11/2000,MFR,OR,ANM,WE,Federal Contract Tower,7,48,17,0,72,0,8,42,0,50,7,56,59,0,122,52,0,52,174
04/12/2000,MFR,OR,ANM,WE,Federal Contract Tower,6,56,20,0,82,0,8,29,0,37,6,64,49,0,119,58,0,58,177
04/13/2000,MFR,OR,ANM,WE,Federal Contract Tower,6,66,26,0,98,0,0,20,1,21,6,66,46,1,119,46,0,46,165
04/14/2000,MFR,OR,ANM,WE,Federal Contract Tower,6,60,23,0,89,0,0,21,1,22,6,60,44,1,111,88,0,88,199
04/15/2000,MFR,OR,ANM,WE,Federal Contract Tower,5,45,16,0,66,2,0,9,0,11,7,45,25,0,77,38,0,38,115
04/16/2000,MFR,OR,ANM,WE,Federal Contract Tower,4,38,13,0,55,2,0,19,0,21,6,38,32,0,76,8,0,8,84
04/17/2000,MFR,OR,ANM,WE,Federal Contract Tower,6,55,19,0,80,0,2,20,0,22,6,57,39,0,102,72,0,72,174
04/18/2000,MFR,OR,ANM,WE,Federal Contract Tower,6,62,23,0,91,0,0,5,0,5,6,62,28,0,96,2,0,2,98
04/19/2000,MFR,OR,ANM,WE,Federal Contract Tower,7,56,20,0,83,0,0,26,0,26,7,56,46,0,109,110,0,110,219
04/20/2000,MFR,OR,ANM,WE,Federal Contract Tower,6,56,21,1,84,0,0,43,1,44,6,56,64,2,128,70,4,74,202
04/21/2000,MFR,OR,ANM,WE,Federal Contract Tower,3,54,19,0,76,0,6,72,0,78,3,60,91,0,154,96,0,96,250
04/22/2000,MFR,OR,ANM,WE,Federal Contract Tower,5,41,15,0,61,2,1,19,2,24,7,42,34,2,85,22,0,22,107
04/23/2000,MFR,OR,ANM,WE,Federal Contract Tower,6,39,20,0,65,0,0,22,0,22,6,39,42,0,87,40,0,40,127
04/24/2000,MFR,OR,ANM,WE,Federal Contract Tower,4,40,15,0,59,3,16,56,0,75,7,56,71,0,134,48,0,48,182
04/25/2000,MFR,OR,ANM,WE,Federal Contract Tower,7,61,23,0,91,0,0,23,0,23,7,61,46,0,114,80,0,80,194
04/26/2000,MFR,OR,ANM,WE,Federal Contract Tower,8,60,23,0,91,0,0,70,2,72,8,60,93,2,163,94,0,94,257
04/27/2000,MFR,OR,ANM,WE,Federal Contract Tower,6,56,23,0,85,0,0,37,0,37,6,56,60,0,122,62,0,62,184
04/28/2000,MFR,OR,ANM,WE,Federal Contract Tower,6,59,21,0,86,0,0,27,0,27,6,59,48,0,113,76,0,76,189
04/29/2000,MFR,OR,ANM,WE,Federal Contract Tower,4,38,14,0,56,2,9,70,0,81,6,47,84,0,137,120,0,120,257
04/30/2000,MFR,OR,ANM,WE,Federal Contract Tower,4,40,15,0,59,3,1,88,0,92,7,41,103,0,151,66,0,66,217
05/01/2000,MFR,OR,ANM,WE,Federal Contract Tower,7,52,23,0,82,0,0,49,0,49,7,52,72,0,131,34,0,34,165
05/02/2000,MFR,OR,ANM,WE,Federal Contract Tower,7,55,23,0,85,0,0,38,2,40,7,55,61,2,125,72,0,72,197
05/03/2000,MFR,OR,ANM,WE,Federal Contract Tower,7,52,21,0,80,0,7,42,0,49,7,59,63,0,129,90,0,90,219
05/04/2000,MFR,OR,ANM,WE,Federal Contract Tower,7,58,23,0,88,0,3,62,0,65,7,61,85,0,153,92,0,92,245
05/05/2000,MFR,OR,ANM,WE,Federal Contract Tower,7,63,30,0,100,0,0,14,0,14,7,63,44,0,114,74,0,74,188
05/06/2000,MFR,OR,ANM,WE,Federal Contract Tower,5,36,15,0,56,0,8,53,0,61,5,44,68,0,117,86,0,86,203
05/07/2000,MFR,OR,ANM,WE,Federal Contract Tower,5,35,15,0,55,0,4,49,2,55,5,39,64,2,110,78,0,78,188
05/08/2000,MFR,OR,ANM,WE,Federal Contract Tower,5,52,24,0,81,0,0,29,0,29,5,52,53,0,110,58,0,58,168
05/09/2000,MFR,OR,ANM,WE,Federal Contract Tower,5,57,23,0,85,0,6,11,0,17,5,63,34,0,102,10,0,10,112
05/10/2000,MFR,OR,ANM,WE,Federal Contract Tower,5,58,23,0,86,0,5,7,0,12,5,63,30,0,98,44,0,44,142
05/11/2000,MFR,OR,ANM,WE,Federal Contract Tower,6,61,25,0,92,0,4,33,0,37,6,65,58,0,129,26,0,26,155
05/12/2000,MFR,OR,ANM,WE,Federal Contract Tower,6,59,24,0,89,0,3,55,0,58,6,62,79,0,147,54,0,54,201
05/13/2000,MFR,OR,ANM,WE,Federal Contract Tower,5,49,20,0,74,1,0,47,0,48,6,49,67,0,122,86,0,86,208
05/14/2000,MFR,OR,ANM,WE,Federal Contract Tower,3,32,13,0,48,4,2,34,0,40,7,34,47,0,88,42,0,42,130
05/15/2000,MFR,OR,ANM,WE,Federal Contract Tower,6,52,21,0,79,1,7,17,0,25,7,59,38,0,104,12,0,12,116
05/16/2000,MFR,OR,ANM,WE,Federal Contract Tower,7,60,23,0,90,0,0,32,0,32,7,60,55,0,122,40,0,40,162
05/17/2000,MFR,OR,ANM,WE,Federal Contract Tower,6,56,22,0,84,1,6,53,0,60,7,62,75,0,144,96,0,96,240
05/18/2000,MFR,OR,ANM,WE,Federal Contract Tower,6,59,22,0,87,0,5,90,0,95,6,64,112,0,182,86,0,86,268
05/19/2000,MFR,OR,ANM,WE,Federal Contract Tower,6,54,21,1,82,1,9,77,0,87,7,63,98,1,169,92,0,92,261
05/20/2000,MFR,OR,ANM,WE,Federal Contract Tower,4,39,15,0,58,1,7,85,0,93,5,46,100,0,151,76,0,76,227
05/21/2000,MFR,OR,ANM,WE,Federal Contract Tower,4,40,15,1,60,3,0,103,1,107,7,40,118,2,167,62,0,62,229
05/22/2000,MFR,OR,ANM,WE,Federal Contract Tower,6,50,19,0,75,1,4,39,0,44,7,54,58,0,119,72,0,72,191
05/23/2000,MFR,OR,ANM,WE,Federal Contract Tower,5,56,24,0,85,0,0,68,0,68,5,56,92,0,153,50,0,50,203
05/24/2000,MFR,OR,ANM,WE,Federal Contract Tower,7,60,24,0,91,0,8,72,2,82,7,68,96,2,173,58,0,58,231
05/25/2000,MFR,OR,ANM,WE,Federal Contract Tower,6,64,27,0,97,0,0,68,0,68,6,64,95,0,165,40,0,40,205
05/26/2000,MFR,OR,ANM,WE,Federal Contract Tower,6,57,23,0,86,0,4,82,0,86,6,61,105,0,172,70,0,70,242
05/27/2000,MFR,OR,ANM,WE,Federal Contract Tower,5,43,17,0,65,2,4,43,0,49,7,47,60,0,114,36,0,36,150
05/28/2000,MFR,OR,ANM,WE,Federal Contract Tower,4,37,15,0,56,3,3,52,0,58,7,40,67,0,114,94,0,94,208
05/29/2000,MFR,OR,ANM,WE,Federal Contract Tower,4,38,16,0,58,4,4,64,0,72,8,42,80,0,130,58,0,58,188
05/30/2000,MFR,OR,ANM,WE,Federal Contract Tower,6,53,22,0,81,1,2,24,0,27,7,55,46,0,108,44,0,44,152
05/31/2000,MFR,OR,ANM,WE,Federal Contract Tower,6,54,22,0,82,1,0,67,0,68,7,54,89,0,150,88,0,88,238
06/01/2000,MFR,OR,ANM,WE,Federal Contract Tower,7,52,17,0,76,0,7,71,0,78,7,59,88,0,154,76,0,76,230
06/02/2000,MFR,OR,ANM,WE,Federal Contract Tower,6,52,17,0,75,0,7,84,0,91,6,59,101,0,166,80,0,80,246
06/03/2000,MFR,OR,ANM,WE,Federal Contract Tower,7,41,14,0,62,0,3,104,4,111,7,44,118,4,173,54,0,54,227
06/04/2000,MFR,OR,ANM,WE,Federal Contract Tower,7,38,15,0,60,0,0,91,0,91,7,38,106,0,151,96,0,96,247
06/05/2000,MFR,OR,ANM,WE,Federal Contract Tower,6,49,17,0,72,0,7,51,0,58,6,56,68,0,130,64,0,64,194
06/06/2000,MFR,OR,ANM,WE,Federal Contract Tower,7,48,16,0,71,0,9,29,0,38,7,57,45,0,109,32,0,32,141
06/07/2000,MFR,OR,ANM,WE,Federal Contract Tower,7,62,21,0,90,0,8,44,1,53,7,70,65,1,143,68,0,68,211
06/08/2000,MFR,OR,ANM,WE,Federal Contract Tower,7,57,19,0,83,0,1,20,0,21,7,58,39,0,104,46,0,46,150
06/09/2000,MFR,OR,ANM,WE,Federal Contract Tower,6,61,20,1,88,0,3,37,0,40,6,64,57,1,128,50,2,52,180
06/10/2000,MFR,OR,ANM,WE,Federal Contract Tower,5,37,13,1,56,1,2,92,5,100,6,39,105,6,156,82,0,82,238
06/11/2000,MFR,OR,ANM,WE,Federal Contract Tower,7,42,15,0,64,2,0,62,0,64,9,42,77,0,128,72,0,72,200
06/12/2000,MFR,OR,ANM,WE,Federal Contract Tower,9,53,18,0,80,0,0,37,0,37,9,53,55,0,117,48,0,48,165
06/13/2000,MFR,OR,ANM,WE,Federal Contract Tower,8,51,16,0,75,1,6,68,0,75,9,57,84,0,150,100,0,100,250
06/14/2000,MFR,OR,ANM,WE,Federal Contract Tower,9,57,18,0,84,0,5,91,0,96,9,62,109,0,180,66,0,66,246
06/15/2000,MFR,OR,ANM,WE,Federal Contract Tower,9,59,18,0,86,0,0,94,0,94,9,59,112,0,180,78,0,78,258
06/16/2000,MFR,OR,ANM,WE,Federal Contract Tower,8,59,19,0,86,0,3,108,0,111,8,62,127,0,197,66,0,66,263
06/17/2000,MFR,OR,ANM,WE,Federal Contract Tower,6,41,12,0,59,3,2,85,0,90,9,43,97,0,149,108,0,108,257
06/18/2000,MFR,OR,ANM,WE,Federal Contract Tower,7,45,15,0,67,2,0,89,0,91,9,45,104,0,158,26,0,26,184
06/19/2000,MFR,OR,ANM,WE,Federal Contract Tower,8,54,17,0,79,0,4,44,0,48,8,58,61,0,127,40,0,40,167
06/20/2000,MFR,OR,ANM,WE,Federal Contract Tower,7,50,16,0,73,2,11,65,0,78,9,61,81,0,151,62,0,62,213
06/21/2000,MFR,OR,ANM,WE,Federal Contract Tower,8,53,17,0,78,1,9,68,0,78,9,62,85,0,156,68,0,68,224
06/22/2000,MFR,OR,ANM,WE,Federal Contract Tower,7,5,16,1,29,2,0,78,1,81,9,5,94,2,110,84,0,84,194
06/23/2000,MFR,OR,ANM,WE,Federal Contract Tower,9,63,20,1,93,0,2,106,3,111,9,65,126,4,204,34,0,34,238
06/24/2000,MFR,OR,ANM,WE,Federal Contract Tower,5,38,12,0,55,1,6,82,0,89,6,44,94,0,144,38,0,38,182
06/25/2000,MFR,OR,ANM,WE,Federal Contract Tower,6,37,11,0,54,3,0,85,0,88,9,37,96,0,142,58,0,58,200
06/26/2000,MFR,OR,ANM,WE,Federal Contract Tower,7,49,15,1,72,2,1,34,3,40,9,50,49,4,112,40,0,40,152
06/27/2000,MFR,OR,ANM,WE,Federal Contract Tower,7,47,15,0,69,2,6,60,0,68,9,53,75,0,137,78,0,78,215
06/28/2000,MFR,OR,ANM,WE,Federal Contract Tower,9,55,18,0,82,0,8,60,4,72,9,63,78,4,154,62,0,62,216
06/29/2000,MFR,OR,ANM,WE,Federal Contract Tower,8,54,18,0,80,0,5,85,0,90,8,59,103,0,170,62,0,62,232
06/30/2000,MFR,OR,ANM,WE,Federal Contract Tower,8,55,19,0,82,0,0,100,0,100,8,55,119,0,182,94,0,94,276
07/01/2000,MFR,OR,ANM,WE,Federal Contract Tower,8,43,16,0,67,0,1,90,0,91,8,44,106,0,158,46,0,46,204
07/02/2000,MFR,OR,ANM,WE,Federal Contract Tower,6,33,13,0,52,1,3,54,0,58,7,36,67,0,110,36,0,36,146
07/03/2000,MFR,OR,ANM,WE,Federal Contract Tower,6,45,18,0,69,0,9,55,2,66,6,54,73,2,135,70,0,70,205
07/04/2000,MFR,OR,ANM,WE,Federal Contract Tower,7,37,14,0,58,0,0,56,1,57,7,37,70,1,115,66,0,66,181
07/05/2000,MFR,OR,ANM,WE,Federal Contract Tower,9,52,21,0,82,0,0,59,0,59,9,52,80,0,141,80,0,80,221
07/06/2000,MFR,OR,ANM,WE,Federal Contract Tower,9,60,24,0,93,0,0,90,0,90,9,60,114,0,183,96,0,96,279
07/07/2000,MFR,OR,ANM,WE,Federal Contract Tower,9,50,19,0,78,0,8,76,0,84,9,58,95,0,162,62,0,62,224
07/08/2000,MFR,OR,ANM,WE,Federal Contract Tower,8,43,17,0,68,1,3,67,0,71,9,46,84,0,139,54,0,54,193
07/09/2000,MFR,OR,ANM,WE,Federal Contract Tower,6,34,14,0,54,2,0,89,0,91,8,34,103,0,145,82,0,82,227
07/10/2000,MFR,OR,ANM,WE,Federal Contract Tower,9,51,20,0,80,0,4,83,0,87,9,55,103,0,167,70,0,70,237
07/11/2000,MFR,OR,ANM,WE,Federal Contract Tower,9,57,22,0,88,0,0,86,0,86,9,57,108,0,174,69,0,69,243
07/12/2000,MFR,OR,ANM,WE,Federal Contract Tower,9,55,21,0,85,0,9,65,0,74,9,64,86,0,159,46,0,46,205
07/13/2000,MFR,OR,ANM,WE,Federal Contract Tower,9,57,22,0,88,0,3,95,0,98,9,60,117,0,186,82,0,82,268
07/14/2000,MFR,OR,ANM,WE,Federal Contract Tower,11,63,24,0,98,0,8,60,0,68,11,71,84,0,166,52,0,52,218
07/15/2000,MFR,OR,ANM,WE,Federal Contract Tower,8,46,18,0,72,1,0,99,0,100,9,46,117,0,172,104,0,104,276
07/16/2000,MFR,OR,ANM,WE,Federal Contract Tower,6,39,14,1,60,3,0,75,5,83,9,39,89,6,143,78,4,82,225
07/17/2000,MFR,OR,ANM,WE,Federal Contract Tower,7,43,15,0,65,1,7,62,0,70,8,50,77,0,135,64,0,64,199
07/18/2000,MFR,OR,ANM,WE,Federal Contract Tower,9,55,20,1,85,0,5,64,1,70,9,60,84,2,155,102,0,102,257
07/19/2000,MFR,OR,ANM,WE,Federal Contract Tower,9,58,21,0,88,0,2,70,0,72,9,60,91,0,160,84,0,84,244
07/20/2000,MFR,OR,ANM,WE,Federal Contract Tower,8,59,21,0,88,0,11,78,0,89,8,70,99,0,177,68,0,68,245
07/21/2000,MFR,OR,ANM,WE,Federal Contract Tower,9,57,21,0,87,0,3,151,0,154,9,60,172,0,241,82,0,82,323
07/22/2000,MFR,OR,ANM,WE,Federal Contract Tower,7,44,16,0,67,2,3,81,0,86,9,47,97,0,153,72,0,72,225
07/23/2000,MFR,OR,ANM,WE,Federal Contract Tower,6,38,13,0,57,2,5,87,0,94,8,43,100,0,151,84,0,84,235
07/24/2000,MFR,OR,ANM,WE,Federal Contract Tower,9,55,19,0,83,0,4,63,0,67,9,59,82,0,150,58,0,58,208
07/25/2000,MFR,OR,ANM,WE,Federal Contract Tower,8,52,20,0,80,1,4,109,0,114,9,56,129,0,194,94,0,94,288
07/26/2000,MFR,OR,ANM,WE,Federal Contract Tower,8,54,20,0,82,0,6,53,0,59,8,60,73,0,141,48,0,48,189
07/27/2000,MFR,OR,ANM,WE,Federal Contract Tower,6,66,24,0,96,0,1,81,0,82,6,67,105,0,178,96,0,96,274
07/28/2000,MFR,OR,ANM,WE,Federal Contract Tower,9,57,22,0,88,0,4,90,2,96,9,61,112,2,184,52,0,52,236
07/29/2000,MFR,OR,ANM,WE,Federal Contract Tower,7,44,16,0,67,2,3,83,4,92,9,47,99,4,159,68,0,68,227
07/30/2000,MFR,OR,ANM,WE,Federal Contract Tower,6,41,15,0,62,3,1,98,9,111,9,42,113,9,173,74,2,76,249
07/31/2000,MFR,OR,ANM,WE,Federal Contract Tower,9,58,22,0,89,0,6,91,2,99,9,64,113,2,188,88,0,88,276
08/01/2000,MFR,OR,ANM,WE,Federal Contract Tower,8,45,15,0,68,0,14,78,0,92,8,59,93,0,160,58,0,58,218
08/02/2000,MFR,OR,ANM,WE,Federal Contract Tower,9,55,18,0,82,0,8,55,0,63,9,63,73,0,145,72,0,72,217
08/03/2000,MFR,OR,ANM,WE,Federal Contract Tower,9,52,17,0,78,0,8,72,2,82,9,60,89,2,160,54,0,54,214
08/04/2000,MFR,OR,ANM,WE,Federal Contract Tower,8,57,19,0,84,0,5,102,2,109,8,62,121,2,193,84,0,84,277
08/05/2000,MFR,OR,ANM,WE,Federal Contract Tower,9,48,16,0,73,0,1,94,0,95,9,49,110,0,168,108,0,108,276
08/06/2000,MFR,OR,ANM,WE,Federal Contract Tower,6,33,12,0,51,2,2,89,0,93,8,35,101,0,144,92,0,92,236
08/07/2000,MFR,OR,ANM,WE,Federal Contract Tower,8,49,17,0,74,0,4,98,0,102,8,53,115,0,176,64,0,64,240
08/08/2000,MFR,OR,ANM,WE,Federal Contract Tower,8,55,19,0,82,0,4,110,0,114,8,59,129,0,196,42,0,42,238
08/09/2000,MFR,OR,ANM,WE,Federal Contract Tower,9,53,17,0,79,0,1,86,0,87,9,54,103,0,166,70,0,70,236
08/10/2000,MFR,OR,ANM,WE,Federal Contract Tower,8,59,20,0,87,0,3,87,0,90,8,62,107,0,177,106,0,106,283
08/11/2000,MFR,OR,ANM,WE,Federal Contract Tower,9,57,19,0,85,0,4,106,0,110,9,61,125,0,195,70,0,70,265
08/12/2000,MFR,OR,ANM,WE,Federal Contract Tower,8,40,13,0,61,1,5,74,2,82,9,45,87,2,143,64,0,64,207
08/13/2000,MFR,OR,ANM,WE,Federal Contract Tower,7,38,13,0,58,2,0,79,0,81,9,38,92,0,139,74,0,74,213
08/14/2000,MFR,OR,ANM,WE,Federal Contract Tower,8,50,17,0,75,2,4,83,0,89,10,54,100,0,164,50,0,50,214
08/15/2000,MFR,OR,ANM,WE,Federal Contract Tower,6,38,12,0,56,3,0,80,0,83,9,38,92,0,139,74,0,74,213
08/16/2000,MFR,OR,ANM,WE,Federal Contract Tower,8,52,16,0,76,0,10,52,0,62,8,62,68,0,138,82,0,82,220
08/17/2000,MFR,OR,ANM,WE,Federal Contract Tower,8,57,18,0,83,0,3,83,0,86,8,60,101,0,169,96,0,96,265
08/18/2000,MFR,OR,ANM,WE,Federal Contract Tower,9,60,18,0,87,0,4,109,0,113,9,64,127,0,200,94,0,94,294
08/19/2000,MFR,OR,ANM,WE,Federal Contract Tower,7,42,12,1,62,2,0,81,1,84,9,42,93,2,146,72,0,72,218
08/20/2000,MFR,OR,ANM,WE,Federal Contract Tower,8,45,15,0,68,1,0,137,0,138,9,45,152,0,206,116,0,116,322
08/21/2000,MFR,OR,ANM,WE,Federal Contract Tower,7,44,15,0,66,1,9,57,1,68,8,53,72,1,134,80,0,80,214
08/22/2000,MFR,OR,ANM,WE,Federal Contract Tower,8,48,15,0,71,1,9,64,0,74,9,57,79,0,145,110,0,110,255
08/23/2000,MFR,OR,ANM,WE,Federal Contract Tower,9,54,17,0,80,0,6,83,0,89,9,60,100,0,169,52,0,52,221
08/24/2000,MFR,OR,ANM,WE,Federal Contract Tower,9,64,21,0,94,0,2,92,0,94,9,66,113,0,188,88,0,88,276
08/25/2000,MFR,OR,ANM,WE,Federal Contract Tower,8,56,19,0,83,0,6,105,1,112,8,62,124,1,195,82,2,84,279
08/26/2000,MFR,OR,ANM,WE,Federal Contract Tower,7,42,13,0,62,3,3,92,0,98,10,45,105,0,160,92,0,92,252
08/27/2000,MFR,OR,ANM,WE,Federal Contract Tower,6,36,14,0,56,3,0,55,1,59,9,36,69,1,115,72,0,72,187
08/28/2000,MFR,OR,ANM,WE,Federal Contract Tower,9,52,17,0,78,0,2,78,0,80,9,54,95,0,158,58,0,58,216
08/29/2000,MFR,OR,ANM,WE,Federal Contract Tower,8,50,16,0,74,0,5,77,0,82,8,55,93,0,156,66,0,66,222
08/30/2000,MFR,OR,ANM,WE,Federal Contract Tower,9,56,18,0,83,0,5,57,0,62,9,61,75,0,145,58,0,58,203
08/31/2000,MFR,OR,ANM,WE,Federal Contract Tower,9,64,22,0,95,0,0,69,0,69,9,64,91,0,164,118,0,118,282
09/01/2000,MFR,OR,ANM,WE,Federal Contract Tower,9,61,22,0,92,0,0,43,0,43,9,61,65,0,135,66,0,66,201
09/02/2000,MFR,OR,ANM,WE,Federal Contract Tower,6,42,15,0,63,3,3,38,0,44,9,45,53,0,107,86,0,86,193
09/03/2000,MFR,OR,ANM,WE,Federal Contract Tower,6,35,12,1,54,3,2,44,0,49,9,37,56,1,103,106,4,110,213
09/04/2000,MFR,OR,ANM,WE,Federal Contract Tower,8,41,17,0,66,1,0,60,0,61,9,41,77,0,127,96,0,96,223
09/05/2000,MFR,OR,ANM,WE,Federal Contract Tower,7,47,16,1,71,2,7,48,1,58,9,54,64,2,129,52,0,52,181
09/06/2000,MFR,OR,ANM,WE,Federal Contract Tower,7,53,18,1,79,0,9,84,0,93,7,62,102,1,172,86,0,86,258
09/07/2000,MFR,OR,ANM,WE,Federal Contract Tower,8,56,19,1,84,0,4,104,4,112,8,60,123,5,196,88,0,88,284
09/08/2000,MFR,OR,ANM,WE,Federal Contract Tower,8,60,20,2,90,0,5,68,7,80,8,65,88,9,170,0,42,42,212
09/09/2000,MFR,OR,ANM,WE,Federal Contract Tower,5,37,13,1,56,4,6,84,8,102,9,43,97,9,158,92,0,92,250
09/10/2000,MFR,OR,ANM,WE,Federal Contract Tower,7,40,15,1,63,2,0,79,7,88,9,40,94,8,151,72,0,72,223
09/11/2000,MFR,OR,ANM,WE,Federal Contract Tower,7,46,16,1,70,1,8,60,6,75,8,54,76,7,145,36,4,40,185
09/12/2000,MFR,OR,ANM,WE,Federal Contract Tower,9,50,17,1,77,1,7,81,5,94,10,57,98,6,171,60,0,60,231
09/13/2000,MFR,OR,ANM,WE,Federal Contract Tower,8,53,18,1,80,0,8,72,5,85,8,61,90,6,165,80,0,80,245
09/14/2000,MFR,OR,ANM,WE,Federal Contract Tower,7,61,20,2,90,0,0,93,7,100,7,61,113,9,190,24,0,24,214
09/15/2000,MFR,OR,ANM,WE,Federal Contract Tower,8,68,23,2,101,0,0,56,10,66,8,68,79,12,167,62,12,74,241
09/16/2000,MFR,OR,ANM,WE,Federal Contract Tower,7,41,14,0,62,1,0,51,0,52,8,41,65,0,114,76,0,76,190
09/17/2000,MFR,OR,ANM,WE,Federal Contract Tower,6,35,12,1,54,2,0,62,5,69,8,35,74,6,123,78,0,78,201
09/18/2000,MFR,OR,ANM,WE,Federal Contract Tower,8,51,16,1,76,0,4,71,6,81,8,55,87,7,157,26,0,26,183
09/19/2000,MFR,OR,ANM,WE,Federal Contract Tower,7,52,17,1,77,0,5,84,4,93,7,57,101,5,170,56,0,56,226
09/20/2000,MFR,OR,ANM,WE,Federal Contract Tower,8,52,19,1,80,0,0,68,10,78,8,52,87,11,158,48,0,48,206
09/21/2000,MFR,OR,ANM,WE,Federal Contract Tower,8,57,18,1,84,0,9,87,7,103,8,66,105,8,187,88,0,88,275
09/22/2000,MFR,OR,ANM,WE,Federal Contract Tower,7,53,17,1,78,0,3,88,12,103,7,56,105,13,181,32,0,32,213
09/23/2000,MFR,OR,ANM,WE,Federal Contract Tower,5,32,11,0,48,3,7,76,12,98,8,39,87,12,146,92,0,92,238
09/24/2000,MFR,OR,ANM,WE,Federal Contract Tower,5,34,11,0,50,3,5,129,16,153,8,39,140,16,203,96,8,104,307
09/25/2000,MFR,OR,ANM,WE,Federal Contract Tower,8,51,17,0,76,0,2,47,10,59,8,53,64,10,135,44,0,44,179
09/26/2000,MFR,OR,ANM,WE,Federal Contract Tower,7,49,17,0,73,1,13,68,6,88,8,62,85,6,161,98,0,98,259
09/27/2000,MFR,OR,ANM,WE,Federal Contract Tower,5,53,18,0,76,0,9,87,5,101,5,62,105,5,177,52,2,54,231
09/28/2000,MFR,OR,ANM,WE,Federal Contract Tower,6,48,16,0,70,0,13,66,3,82,6,61,82,3,152,72,0,72,224
09/29/2000,MFR,OR,ANM,WE,Federal Contract Tower,7,56,19,0,82,0,8,88,4,100,7,64,107,4,182,92,0,92,274
09/30/2000,MFR,OR,ANM,WE,Federal Contract Tower,6,39,13,0,58,2,1,84,0,87,8,40,97,0,145,140,0,140,285
10/01/2000,MFR,OR,ANM,WE,Federal Contract Tower,6,35,11,0,52,1,1,83,0,85,7,36,94,0,137,64,0,64,201
10/02/2000,MFR,OR,ANM,WE,Federal Contract Tower,7,45,15,0,67,1,4,47,0,52,8,49,62,0,119,88,0,88,207
10/03/2000,MFR,OR,ANM,WE,Federal Contract Tower,7,50,17,0,74,0,9,54,0,63,7,59,71,0,137,42,0,42,179
10/04/2000,MFR,OR,ANM,WE,Federal Contract Tower,8,51,17,0,76,0,13,82,0,95,8,64,99,0,171,70,0,70,241
10/05/2000,MFR,OR,ANM,WE,Federal Contract Tower,8,54,18,0,80,0,10,73,0,83,8,64,91,0,163,76,0,76,239
10/06/2000,MFR,OR,ANM,WE,Federal Contract Tower,7,56,19,0,82,0,3,70,0,73,7,59,89,0,155,38,0,38,193
10/07/2000,MFR,OR,ANM,WE,Federal Contract Tower,6,35,13,0,54,2,0,86,0,88,8,35,99,0,142,80,0,80,222
10/08/2000,MFR,OR,ANM,WE,Federal Contract Tower,6,36,14,0,56,2,0,81,0,83,8,36,95,0,139,40,0,40,179
10/09/2000,MFR,OR,ANM,WE,Federal Contract Tower,8,51,17,0,76,0,0,15,0,15,8,51,32,0,91,46,0,46,137
10/10/2000,MFR,OR,ANM,WE,Federal Contract Tower,7,52,17,0,76,0,0,12,0,12,7,52,29,0,88,38,0,38,126
10/11/2000,MFR,OR,ANM,WE,Federal Contract Tower,7,65,22,0,94,0,0,33,0,33,7,65,55,0,127,28,0,28,155
10/12/2000,MFR,OR,ANM,WE,Federal Contract Tower,7,60,20,0,87,0,2,32,0,34,7,62,52,0,121,66,0,66,187
10/13/2000,MFR,OR,ANM,WE,Federal Contract Tower,8,62,24,0,94,0,0,58,0,58,8,62,82,0,152,48,0,48,200
10/14/2000,MFR,OR,ANM,WE,Federal Contract Tower,6,34,11,0,51,1,7,75,0,83,7,41,86,0,134,48,0,48,182
10/15/2000,MFR,OR,ANM,WE,Federal Contract Tower,6,34,13,0,53,2,0,34,0,36,8,34,47,0,89,64,0,64,153
10/16/2000,MFR,OR,ANM,WE,Federal Contract Tower,7,41,13,0,61,1,7,38,2,48,8,48,51,2,109,26,0,26,135
10/17/2000,MFR,OR,ANM,WE,Federal Contract Tower,8,56,19,0,83,0,9,54,0,63,8,65,73,0,146,56,0,56,202
10/18/2000,MFR,OR,ANM,WE,Federal Contract Tower,8,57,17,0,82,0,3,45,0,48,8,60,62,0,130,104,0,104,234
10/19/2000,MFR,OR,ANM,WE,Federal Contract Tower,7,57,18,0,82,0,6,51,0,57,7,63,69,0,139,38,0,38,177
10/20/2000,MFR,OR,ANM,WE,Federal Contract Tower,7,63,20,0,90,0,1,15,0,16,7,64,35,0,106,22,0,22,128
10/21/2000,MFR,OR,ANM,WE,Federal Contract Tower,5,38,13,0,56,3,5,36,0,44,8,43,49,0,100,54,0,54,154
10/22/2000,MFR,OR,ANM,WE,Federal Contract Tower,4,27,10,0,41,1,0,58,0,59,5,27,68,0,100,34,0,34,134
10/23/2000,MFR,OR,ANM,WE,Federal Contract Tower,6,46,15,0,67,2,1,62,0,65,8,47,77,0,132,86,0,86,218
10/24/2000,MFR,OR,ANM,WE,Federal Contract Tower,7,51,17,0,75,0,7,43,0,50,7,58,60,0,125,14,0,14,139
10/25/2000,MFR,OR,ANM,WE,Federal Contract Tower,7,60,20,0,87,0,0,39,0,39,7,60,59,0,126,40,0,40,166
10/26/2000,MFR,OR,ANM,WE,Federal Contract Tower,5,48,15,0,68,0,6,28,0,34,5,54,43,0,102,68,0,68,170
10/27/2000,MFR,OR,ANM,WE,Federal Contract Tower,9,65,21,0,95,1,1,41,2,45,10,66,62,2,140,74,0,74,214
10/28/2000,MFR,OR,ANM,WE,Federal Contract Tower,4,30,10,0,44,2,2,31,0,35,6,32,41,0,79,32,0,32,111
10/29/2000,MFR,OR,ANM,WE,Federal Contract Tower,4,29,9,0,42,2,5,20,0,27,6,34,29,0,69,46,0,46,115
10/30/2000,MFR,OR,ANM,WE,Federal Contract Tower,6,46,16,0,68,2,8,49,0,59,8,54,65,0,127,100,0,100,227
10/31/2000,MFR,OR,ANM,WE,Federal Contract Tower,4,59,19,0,82,0,9,40,0,49,4,68,59,0,131,40,0,40,171
11/01/2000,MFR,OR,ANM,WE,Federal Contract Tower,5,52,21,0,78,0,4,36,0,40,5,56,57,0,118,82,0,82,200
11/02/2000,MFR,OR,ANM,WE,Federal Contract Tower,7,62,27,0,96,0,0,15,11,26,7,62,42,11,122,16,6,22,144
11/03/2000,MFR,OR,ANM,WE,Federal Contract Tower,5,53,22,0,80,0,9,45,0,54,5,62,67,0,134,50,0,50,184
11/04/2000,MFR,OR,ANM,WE,Federal Contract Tower,4,37,15,0,56,4,0,23,0,27,8,37,38,0,83,82,0,82,165
11/05/2000,MFR,OR,ANM,WE,Federal Contract Tower,4,37,16,0,57,0,2,30,1,33,4,39,46,1,90,78,0,78,168
11/06/2000,MFR,OR,ANM,WE,Federal Contract Tower,4,44,18,0,66,0,10,24,1,35,4,54,42,1,101,24,0,24,125
11/07/2000,MFR,OR,ANM,WE,Federal Contract Tower,5,52,21,0,78,0,11,28,1,40,5,63,49,1,118,82,0,82,200
11/08/2000,MFR,OR,ANM,WE,Federal Contract Tower,5,63,27,0,95,0,0,28,0,28,5,63,55,0,123,28,0,28,151
11/09/2000,MFR,OR,ANM,WE,Federal Contract Tower,5,59,24,0,88,0,0,25,0,25,5,59,49,0,113,36,0,36,149
11/10/2000,MFR,OR,ANM,WE,Federal Contract Tower,6,56,23,0,85,1,6,53,0,60,7,62,76,0,145,46,0,46,191
11/11/2000,MFR,OR,ANM,WE,Federal Contract Tower,4,35,14,0,53,1,8,44,2,55,5,43,58,2,108,78,0,78,186
11/12/2000,MFR,OR,ANM,WE,Federal Contract Tower,4,35,14,0,53,1,2,50,0,53,5,37,64,0,106,92,0,92,198
11/13/2000,MFR,OR,ANM,WE,Federal Contract Tower,5,46,22,0,73,0,0,19,0,19,5,46,41,0,92,36,0,36,128
11/14/2000,MFR,OR,ANM,WE,Federal Contract Tower,5,55,23,0,83,0,0,7,0,7,5,55,30,0,90,0,0,0,90
11/15/2000,MFR,OR,ANM,WE,Federal Contract Tower,4,57,23,0,84,0,0,18,0,18,4,57,41,0,102,24,0,24,126
11/16/2000,MFR,OR,ANM,WE,Federal Contract Tower,5,58,23,0,86,0,7,34,0,41,5,65,57,0,127,12,0,12,139
11/17/2000,MFR,OR,ANM,WE,Federal Contract Tower,7,56,25,0,88,0,0,47,0,47,7,56,72,0,135,56,0,56,191
11/18/2000,MFR,OR,ANM,WE,Federal Contract Tower,4,37,16,0,57,4,1,26,0,31,8,38,42,0,88,68,0,68,156
11/19/2000,MFR,OR,ANM,WE,Federal Contract Tower,3,32,14,0,49,2,0,41,0,43,5,32,55,0,92,74,0,74,166
11/20/2000,MFR,OR,ANM,WE,Federal Contract Tower,4,40,14,0,58,2,6,43,0,51,6,46,57,0,109,32,0,32,141
11/21/2000,MFR,OR,ANM,WE,Federal Contract Tower,5,58,22,0,85,0,3,41,0,44,5,61,63,0,129,90,0,90,219
11/22/2000,MFR,OR,ANM,WE,Federal Contract Tower,5,56,23,0,84,0,6,51,0,57,5,62,74,0,141,48,0,48,189
11/23/2000,MFR,OR,ANM,WE,Federal Contract Tower,2,24,10,0,36,0,3,7,0,10,2,27,17,0,46,10,0,10,56
11/24/2000,MFR,OR,ANM,WE,Federal Contract Tower,4,54,22,0,80,0,0,3,0,3,4,54,25,0,83,12,0,12,95
11/25/2000,MFR,OR,ANM,WE,Federal Contract Tower,5,41,20,0,66,1,0,20,0,21,6,41,40,0,87,0,0,0,87
11/26/2000,MFR,OR,ANM,WE,Federal Contract Tower,3,35,16,0,54,2,0,6,0,8,5,35,22,0,62,0,0,0,62
11/27/2000,MFR,OR,ANM,WE,Federal Contract Tower,4,42,17,0,63,1,8,6,0,15,5,50,23,0,78,60,0,60,138
11/28/2000,MFR,OR,ANM,WE,Federal Contract Tower,5,60,23,0,88,0,7,46,0,53,5,67,69,0,141,40,0,40,181
11/29/2000,MFR,OR,ANM,WE,Federal Contract Tower,5,57,23,0,85,1,3,6,0,10,6,60,29,0,95,30,0,30,125
11/30/2000,MFR,OR,ANM,WE,Federal Contract Tower,4,53,19,0,76,0,3,0,0,3,4,56,19,0,79,16,0,16,95
12/01/2000,MFR,OR,ANM,WE,Federal Contract Tower,6,71,23,0,100,0,0,8,0,8,6,71,31,0,108,0,0,0,108
12/02/2000,MFR,OR,ANM,WE,Federal Contract Tower,4,40,13,0,57,4,3,24,0,31,8,43,37,0,88,36,0,36,124
12/03/2000,MFR,OR,ANM,WE,Federal Contract Tower,4,20,10,0,34,1,0,10,0,11,5,20,20,0,45,0,0,0,45
12/04/2000,MFR,OR,ANM,WE,Federal Contract Tower,1,37,11,0,49,0,4,0,0,4,1,41,11,0,53,0,0,0,53
12/05/2000,MFR,OR,ANM,WE,Federal Contract Tower,0,31,11,0,42,0,0,8,0,8,0,31,19,0,50,30,0,30,80
12/06/2000,MFR,OR,ANM,WE,Federal Contract Tower,0,29,12,0,41,0,0,11,0,11,0,29,23,0,52,20,0,20,72
12/07/2000,MFR,OR,ANM,WE,Federal Contract Tower,0,26,8,0,34,0,3,0,0,3,0,29,8,0,37,22,0,22,59
12/08/2000,MFR,OR,ANM,WE,Federal Contract Tower,0,38,12,0,50,0,5,12,0,17,0,43,24,0,67,28,0,28,95
12/09/2000,MFR,OR,ANM,WE,Federal Contract Tower,4,36,11,0,51,1,4,2,0,7,5,40,13,0,58,8,0,8,66
12/10/2000,MFR,OR,ANM,WE,Federal Contract Tower,4,36,13,0,53,2,0,58,4,64,6,36,71,4,117,58,0,58,175
12/11/2000,MFR,OR,ANM,WE,Federal Contract Tower,4,48,16,0,68,0,4,2,0,6,4,52,18,0,74,12,0,12,86
12/12/2000,MFR,OR,ANM,WE,Federal Contract Tower,6,61,21,0,88,0,0,14,2,16,6,61,35,2,104,8,0,8,112
12/13/2000,MFR,OR,ANM,WE,Federal Contract Tower,5,43,11,0,59,0,5,0,0,5,5,48,11,0,64,0,0,0,64
12/14/2000,MFR,OR,ANM,WE,Federal Contract Tower,5,59,19,0,83,0,2,7,0,9,5,61,26,0,92,2,0,2,94
12/15/2000,MFR,OR,ANM,WE,Federal Contract Tower,5,62,20,0,87,0,1,14,0,15,5,63,34,0,102,36,0,36,138
12/16/2000,MFR,OR,ANM,WE,Federal Contract Tower,3,26,9,0,38,4,2,8,0,14,7,28,17,0,52,46,0,46,98
12/17/2000,MFR,OR,ANM,WE,Federal Contract Tower,2,31,9,0,42,0,0,16,0,16,2,31,25,0,58,26,0,26,84
12/18/2000,MFR,OR,ANM,WE,Federal Contract Tower,4,52,16,0,72,2,7,44,0,53,6,59,60,0,125,20,0,20,145
12/19/2000,MFR,OR,ANM,WE,Federal Contract Tower,4,57,17,0,78,0,4,52,0,56,4,61,69,0,134,40,0,40,174
12/20/2000,MFR,OR,ANM,WE,Federal Contract Tower,5,62,19,0,86,0,0,30,0,30,5,62,49,0,116,20,0,20,136
12/21/2000,MFR,OR,ANM,WE,Federal Contract Tower,5,61,19,0,85,0,0,20,0,20,5,61,39,0,105,8,0,8,113
12/22/2000,MFR,OR,ANM,WE,Federal Contract Tower,5,60,18,0,83,0,8,14,0,22,5,68,32,0,105,34,0,34,139
12/23/2000,MFR,OR,ANM,WE,Federal Contract Tower,4,48,15,0,67,0,3,5,0,8,4,51,20,0,75,22,0,22,97
12/24/2000,MFR,OR,ANM,WE,Federal Contract Tower,3,37,12,0,52,2,0,4,0,6,5,37,16,0,58,16,0,16,74
12/25/2000,MFR,OR,ANM,WE,Federal Contract Tower,2,32,10,0,44,4,3,4,0,11,6,35,14,0,55,4,0,4,59
12/26/2000,MFR,OR,ANM,WE,Federal Contract Tower,5,53,18,0,76,0,0,56,0,56,5,53,74,0,132,56,0,56,188
12/27/2000,MFR,OR,ANM,WE,Federal Contract Tower,4,50,16,0,70,0,7,39,0,46,4,57,55,0,116,30,0,30,146
12/28/2000,MFR,OR,ANM,WE,Federal Contract Tower,3,39,13,0,55,3,12,33,0,48,6,51,46,0,103,48,0,48,151
12/29/2000,MFR,OR,ANM,WE,Federal Contract Tower,4,53,17,0,74,1,4,27,0,32,5,57,44,0,106,86,0,86,192
12/30/2000,MFR,OR,ANM,WE,Federal Contract Tower,4,39,16,0,59,1,0,24,0,25,5,39,40,0,84,106,0,106,190
12/31/2000,MFR,OR,ANM,WE,Federal Contract Tower,2,28,9,0,39,2,3,55,0,60,4,31,64,0,99,76,0,76,175
01/01/2001,MFR,OR,ANM,WE,Federal Contract Tower,5,31,10,0,46,0,1,52,0,53,5,32,62,0,99,32,0,32,131
01/02/2001,MFR,OR,ANM,WE,Federal Contract Tower,4,52,17,0,73,0,7,79,0,86,4,59,96,0,159,124,0,124,283
01/03/2001,MFR,OR,ANM,WE,Federal Contract Tower,4,53,17,0,74,0,4,33,0,37,4,57,50,0,111,82,0,82,193
01/04/2001,MFR,OR,ANM,WE,Federal Contract Tower,5,50,16,0,71,0,9,33,0,42,5,59,49,0,113,56,0,56,169
01/05/2001,MFR,OR,ANM,WE,Federal Contract Tower,5,58,19,0,82,0,7,33,0,40,5,65,52,0,122,44,0,44,166
01/06/2001,MFR,OR,ANM,WE,Federal Contract Tower,5,35,11,0,51,0,6,70,0,76,5,41,81,0,127,60,0,60,187
01/07/2001,MFR,OR,ANM,WE,Federal Contract Tower,5,32,11,0,48,1,0,20,0,21,6,32,31,0,69,16,0,16,85
01/08/2001,MFR,OR,ANM,WE,Federal Contract Tower,7,50,16,0,73,0,3,9,0,12,7,53,25,0,85,10,0,10,95
01/09/2001,MFR,OR,ANM,WE,Federal Contract Tower,6,46,15,0,67,0,10,4,0,14,6,56,19,0,81,0,0,0,81
01/10/2001,MFR,OR,ANM,WE,Federal Contract Tower,4,45,17,0,66,0,0,16,0,16,4,45,33,0,82,12,0,12,94
01/11/2001,MFR,OR,ANM,WE,Federal Contract Tower,2,51,16,0,69,0,6,21,0,27,2,57,37,0,96,52,0,52,148
01/12/2001,MFR,OR,ANM,WE,Federal Contract Tower,6,55,17,0,78,0,6,37,0,43,6,61,54,0,121,20,0,20,141
01/13/2001,MFR,OR,ANM,WE,Federal Contract Tower,6,39,12,0,57,1,0,9,0,10,7,39,21,0,67,16,0,16,83
01/14/2001,MFR,OR,ANM,WE,Federal Contract Tower,4,34,12,0,50,3,0,16,0,19,7,34,28,0,69,38,0,38,107
01/15/2001,MFR,OR,ANM,WE,Federal Contract Tower,6,47,15,1,69,1,1,9,1,12,7,48,24,2,81,10,18,28,109
01/16/2001,MFR,OR,ANM,WE,Federal Contract Tower,6,48,16,0,70,1,0,33,0,34,7,48,49,0,104,42,0,42,146
01/17/2001,MFR,OR,ANM,WE,Federal Contract Tower,7,55,17,1,80,0,0,73,1,74,7,55,90,2,154,18,0,18,172
01/18/2001,MFR,OR,ANM,WE,Federal Contract Tower,7,61,18,1,87,0,1,38,1,40,7,62,56,2,127,54,0,54,181
01/19/2001,MFR,OR,ANM,WE,Federal Contract Tower,7,59,18,0,84,0,4,40,0,44,7,63,58,0,128,34,0,34,162
01/20/2001,MFR,OR,ANM,WE,Federal Contract Tower,4,34,10,0,48,2,5,35,0,42,6,39,45,0,90,54,0,54,144
01/21/2001,MFR,OR,ANM,WE,Federal Contract Tower,4,35,11,1,51,3,0,35,1,39,7,35,46,2,90,94,14,108,198
01/22/2001,MFR,OR,ANM,WE,Federal Contract Tower,6,50,14,0,70,0,0,46,0,46,6,50,60,0,116,72,0,72,188
01/23/2001,MFR,OR,ANM,WE,Federal Contract Tower,6,52,17,0,75,0,0,25,0,25,6,52,42,0,100,12,0,12,112
01/24/2001,MFR,OR,ANM,WE,Federal Contract Tower,7,55,17,0,79,0,0,25,0,25,7,55,42,0,104,28,0,28,132
01/25/2001,MFR,OR,ANM,WE,Federal Contract Tower,6,50,16,0,72,0,2,20,0,22,6,52,36,0,94,38,0,38,132
01/26/2001,MFR,OR,ANM,WE,Federal Contract Tower,6,53,17,0,76,1,2,46,2,51,7,55,63,2,127,48,0,48,175
01/27/2001,MFR,OR,ANM,WE,Federal Contract Tower,4,39,13,0,56,4,4,67,0,75,8,43,80,0,131,58,0,58,189
01/28/2001,MFR,OR,ANM,WE,Federal Contract Tower,4,31,10,0,45,3,0,31,0,34,7,31,41,0,79,32,0,32,111
01/29/2001,MFR,OR,ANM,WE,Federal Contract Tower,6,49,15,0,70,3,0,7,0,10,9,49,22,0,80,28,0,28,108
01/30/2001,MFR,OR,ANM,WE,Federal Contract Tower,7,52,18,0,77,0,0,53,2,55,7,52,71,2,132,74,0,74,206
01/31/2001,MFR,OR,ANM,WE,Federal Contract Tower,6,53,17,0,76,1,6,57,0,64,7,59,74,0,140,22,0,22,162
02/01/2001,MFR,OR,ANM,WE,Federal Contract Tower,8,55,16,0,79,0,6,36,0,42,8,61,52,0,121,58,0,58,179
02/02/2001,MFR,OR,ANM,WE,Federal Contract Tower,7,61,18,0,86,0,0,20,0,20,7,61,38,0,106,42,0,42,148
02/03/2001,MFR,OR,ANM,WE,Federal Contract Tower,6,40,12,0,58,0,0,1,0,1,6,40,13,0,59,2,0,2,61
02/04/2001,MFR,OR,ANM,WE,Federal Contract Tower,7,37,9,0,53,0,0,0,4,4,7,37,9,4,57,0,0,0,57
02/05/2001,MFR,OR,ANM,WE,Federal Contract Tower,7,63,29,0,99,0,0,48,2,50,7,63,77,2,149,118,0,118,267
02/06/2001,MFR,OR,ANM,WE,Federal Contract Tower,7,53,16,0,76,0,8,2,0,10,7,61,18,0,86,28,0,28,114
02/07/2001,MFR,OR,ANM,WE,Federal Contract Tower,7,57,18,0,82,0,6,49,0,55,7,63,67,0,137,28,0,28,165
02/08/2001,MFR,OR,ANM,WE,Federal Contract Tower,7,46,14,0,67,0,9,16,0,25,7,55,30,0,92,24,0,24,116
02/09/2001,MFR,OR,ANM,WE,Federal Contract Tower,6,51,17,0,74,0,0,21,0,21,6,51,38,0,95,36,0,36,131
02/10/2001,MFR,OR,ANM,WE,Federal Contract Tower,6,37,11,0,54,0,2,17,0,19,6,39,28,0,73,76,0,76,149
02/11/2001,MFR,OR,ANM,WE,Federal Contract Tower,5,32,10,0,47,0,7,9,0,16,5,39,19,0,63,30,0,30,93
02/12/2001,MFR,OR,ANM,WE,Federal Contract Tower,6,45,13,0,64,0,3,45,0,48,6,48,58,0,112,34,0,34,146
02/13/2001,MFR,OR,ANM,WE,Federal Contract Tower,7,55,17,0,79,0,6,56,0,62,7,61,73,0,141,66,0,66,207
02/14/2001,MFR,OR,ANM,WE,Federal Contract Tower,7,56,17,1,81,0,3,66,1,70,7,59,83,2,151,84,0,84,235
02/15/2001,MFR,OR,ANM,WE,Federal Contract Tower,6,54,17,1,78,0,4,48,1,53,6,58,65,2,131,80,0,80,211
02/16/2001,MFR,OR,ANM,WE,Federal Contract Tower,4,57,17,0,78,0,5,30,0,35,4,62,47,0,113,22,0,22,135
02/17/2001,MFR,OR,ANM,WE,Federal Contract Tower,5,37,10,0,52,1,5,10,0,16,6,42,20,0,68,14,0,14,82
02/18/2001,MFR,OR,ANM,WE,Federal Contract Tower,5,33,9,0,47,1,1,37,0,39,6,34,46,0,86,52,0,52,138
02/19/2001,MFR,OR,ANM,WE,Federal Contract Tower,3,48,13,0,64,0,1,16,0,17,3,49,29,0,81,14,0,14,95
02/20/2001,MFR,OR,ANM,WE,Federal Contract Tower,6,50,14,0,70,0,3,10,0,13,6,53,24,0,83,28,0,28,111
02/21/2001,MFR,OR,ANM,WE,Federal Contract Tower,5,50,16,0,71,0,0,20,0,20,5,50,36,0,91,26,4,30,121
02/22/2001,MFR,OR,ANM,WE,Federal Contract Tower,6,55,16,1,78,0,0,16,2,18,6,55,32,3,96,16,2,18,114
02/23/2001,MFR,OR,ANM,WE,Federal Contract Tower,6,68,21,0,95,0,0,55,0,55,6,68,76,0,150,70,0,70,220
02/24/2001,MFR,OR,ANM,WE,Federal Contract Tower,5,36,10,0,51,1,4,10,0,15,6,40,20,0,66,32,0,32,98
02/25/2001,MFR,OR,ANM,WE,Federal Contract Tower,4,36,10,0,50,0,0,78,0,78,4,36,88,0,128,122,0,122,250
02/26/2001,MFR,OR,ANM,WE,Federal Contract Tower,6,50,13,0,69,0,0,75,0,75,6,50,88,0,144,74,0,74,218
02/27/2001,MFR,OR,ANM,WE,Federal Contract Tower,6,46,13,0,65,0,12,69,0,81,6,58,82,0,146,56,0,56,202
02/28/2001,MFR,OR,ANM,WE,Federal Contract Tower,5,54,16,0,75,0,2,82,0,84,5,56,98,0,159,44,0,44,203
03/01/2001,MFR,OR,ANM,WE,Federal Contract Tower,6,52,17,0,75,0,8,15,0,23,6,60,32,0,98,28,0,28,126
03/02/2001,MFR,OR,ANM,WE,Federal Contract Tower,7,55,17,0,79,0,5,15,0,20,7,60,32,0,99,34,0,34,133
03/03/2001,MFR,OR,ANM,WE,Federal Contract Tower,5,35,14,0,54,1,0,21,2,24,6,35,35,2,78,40,14,54,132
03/04/2001,MFR,OR,ANM,WE,Federal Contract Tower,4,29,9,0,42,1,1,9,0,11,5,30,18,0,53,0,0,0,53
03/05/2001,MFR,OR,ANM,WE,Federal Contract Tower,3,49,16,0,68,0,3,31,0,34,3,52,47,0,102,42,0,42,144
03/06/2001,MFR,OR,ANM,WE,Federal Contract Tower,6,52,17,0,75,0,0,61,0,61,6,52,78,0,136,74,0,74,210
03/07/2001,MFR,OR,ANM,WE,Federal Contract Tower,6,53,17,0,76,0,3,78,0,81,6,56,95,0,157,88,0,88,245
03/08/2001,MFR,OR,ANM,WE,Federal Contract Tower,5,53,16,0,74,0,0,15,0,15,5,53,31,0,89,48,0,48,137
03/09/2001,MFR,OR,ANM,WE,Federal Contract Tower,5,45,14,0,64,0,11,43,0,54,5,56,57,0,118,88,0,88,206
03/10/2001,MFR,OR,ANM,WE,Federal Contract Tower,5,35,11,0,51,0,8,74,0,82,5,43,85,0,133,74,0,74,207
03/11/2001,MFR,OR,ANM,WE,Federal Contract Tower,5,36,12,0,53,0,0,73,0,73,5,36,85,0,126,94,0,94,220
03/12/2001,MFR,OR,ANM,WE,Federal Contract Tower,5,37,11,0,53,0,12,28,0,40,5,49,39,0,93,62,0,62,155
03/13/2001,MFR,OR,ANM,WE,Federal Contract Tower,6,61,20,0,87,0,0,54,2,56,6,61,74,2,143,96,0,96,239
03/14/2001,MFR,OR,ANM,WE,Federal Contract Tower,5,56,17,1,79,0,5,56,1,62,5,61,73,2,141,44,0,44,185
03/15/2001,MFR,OR,ANM,WE,Federal Contract Tower,5,53,18,0,76,0,0,7,0,7,5,53,25,0,83,18,0,18,101
03/16/2001,MFR,OR,ANM,WE,Federal Contract Tower,6,57,19,0,82,0,0,25,0,25,6,57,44,0,107,38,0,38,145
03/17/2001,MFR,OR,ANM,WE,Federal Contract Tower,4,37,10,0,51,1,4,0,0,5,5,41,10,0,56,12,0,12,68
03/18/2001,MFR,OR,ANM,WE,Federal Contract Tower,3,30,10,0,43,2,0,20,0,22,5,30,30,0,65,30,0,30,95
03/19/2001,MFR,OR,ANM,WE,Federal Contract Tower,5,52,15,0,72,0,0,29,0,29,5,52,44,0,101,20,0,20,121
03/20/2001,MFR,OR,ANM,WE,Federal Contract Tower,5,52,15,1,73,0,3,52,1,56,5,55,67,2,129,96,0,96,225
03/21/2001,MFR,OR,ANM,WE,Federal Contract Tower,6,54,15,0,75,0,6,74,0,80,6,60,89,0,155,68,0,68,223
03/22/2001,MFR,OR,ANM,WE,Federal Contract Tower,5,52,15,0,72,1,2,45,0,48,6,54,60,0,120,58,0,58,178
03/23/2001,MFR,OR,ANM,WE,Federal Contract Tower,6,55,16,1,78,0,2,60,0,62,6,57,76,1,140,40,0,40,180
03/24/2001,MFR,OR,ANM,WE,Federal Contract Tower,4,38,11,0,53,2,3,18,0,23,6,41,29,0,76,48,0,48,124
03/25/2001,MFR,OR,ANM,WE,Federal Contract Tower,4,29,11,0,44,2,0,36,1,39,6,29,47,1,83,36,0,36,119
03/26/2001,MFR,OR,ANM,WE,Federal Contract Tower,5,47,14,0,66,0,6,33,0,39,5,53,47,0,105,42,0,42,147
03/27/2001,MFR,OR,ANM,WE,Federal Contract Tower,5,57,18,0,80,0,0,24,0,24,5,57,42,0,104,24,0,24,128
03/28/2001,MFR,OR,ANM,WE,Federal Contract Tower,5,50,16,0,71,0,11,14,0,25,5,61,30,0,96,44,0,44,140
03/29/2001,MFR,OR,ANM,WE,Federal Contract Tower,5,50,15,0,70,0,8,57,0,65,5,58,72,0,135,46,0,46,181
03/30/2001,MFR,OR,ANM,WE,Federal Contract Tower,5,50,15,0,70,1,7,84,0,92,6,57,99,0,162,66,0,66,228
03/31/2001,MFR,OR,ANM,WE,Federal Contract Tower,4,40,12,0,56,2,1,67,0,70,6,41,79,0,126,54,0,54,180
04/01/2001,MFR,OR,ANM,WE,Federal Contract Tower,3,33,8,0,44,1,0,37,0,38,4,33,45,0,82,78,0,78,160
04/02/2001,MFR,OR,ANM,WE,Federal Contract Tower,5,48,6,0,59,0,2,6,0,8,5,50,12,0,67,8,0,8,75
04/03/2001,MFR,OR,ANM,WE,Federal Contract Tower,6,52,12,0,70,0,3,31,0,34,6,55,43,0,104,34,0,34,138
04/04/2001,MFR,OR,ANM,WE,Federal Contract Tower,5,55,12,2,74,0,4,35,0,39,5,59,47,2,113,56,0,56,169
04/05/2001,MFR,OR,ANM,WE,Federal Contract Tower,6,52,19,0,77,0,2,56,0,58,6,54,75,0,135,50,0,50,185
04/06/2001,MFR,OR,ANM,WE,Federal Contract Tower,5,53,26,0,84,0,3,8,0,11,5,56,34,0,95,0,0,0,95
04/07/2001,MFR,OR,ANM,WE,Federal Contract Tower,5,40,11,0,56,0,0,29,0,29,5,40,40,0,85,38,0,38,123
04/08/2001,MFR,OR,ANM,WE,Federal Contract Tower,4,34,17,0,55,0,0,16,0,16,4,34,33,0,71,12,0,12,83
04/09/2001,MFR,OR,ANM,WE,Federal Contract Tower,6,46,16,0,68,0,2,58,0,60,6,48,74,0,128,58,0,58,186
04/10/2001,MFR,OR,ANM,WE,Federal Contract Tower,5,57,21,0,83,0,1,17,0,18,5,58,38,0,101,22,0,22,123
04/11/2001,MFR,OR,ANM,WE,Federal Contract Tower,5,52,21,0,78,0,1,15,0,16,5,53,36,0,94,46,0,46,140
04/12/2001,MFR,OR,ANM,WE,Federal Contract Tower,5,61,21,0,87,0,0,35,0,35,5,61,56,0,122,68,0,68,190
04/13/2001,MFR,OR,ANM,WE,Federal Contract Tower,3,57,19,0,79,0,4,51,0,55,3,61,70,0,134,40,0,40,174
04/14/2001,MFR,OR,ANM,WE,Federal Contract Tower,4,38,6,0,48,0,1,86,0,87,4,39,92,0,135,54,0,54,189
04/15/2001,MFR,OR,ANM,WE,Federal Contract Tower,5,34,9,0,48,0,0,49,0,49,5,34,58,0,97,84,0,84,181
04/16/2001,MFR,OR,ANM,WE,Federal Contract Tower,5,51,14,0,70,0,3,27,0,30,5,54,41,0,100,28,0,28,128
04/17/2001,MFR,OR,ANM,WE,Federal Contract Tower,6,52,13,0,71,0,3,44,0,47,6,55,57,0,118,38,0,38,156
04/18/2001,MFR,OR,ANM,WE,Federal Contract Tower,5,62,23,0,90,0,2,18,0,20,5,64,41,0,110,44,0,44,154
04/19/2001,MFR,OR,ANM,WE,Federal Contract Tower,6,57,24,0,87,0,0,16,0,16,6,57,40,0,103,22,0,22,125
04/20/2001,MFR,OR,ANM,WE,Federal Contract Tower,5,54,14,0,73,0,4,16,0,20,5,58,30,0,93,36,0,36,129
04/21/2001,MFR,OR,ANM,WE,Federal Contract Tower,4,42,12,0,58,0,1,57,0,58,4,43,69,0,116,68,0,68,184
04/22/2001,MFR,OR,ANM,WE,Federal Contract Tower,4,36,13,1,54,0,0,71,1,72,4,36,84,2,126,110,4,114,240
04/23/2001,MFR,OR,ANM,WE,Federal Contract Tower,6,48,23,0,77,0,4,43,3,50,6,52,66,3,127,42,0,42,169
04/24/2001,MFR,OR,ANM,WE,Federal Contract Tower,6,61,15,0,82,0,5,74,5,84,6,66,89,5,166,96,2,98,264
04/25/2001,MFR,OR,ANM,WE,Federal Contract Tower,5,58,29,1,93,0,4,95,7,106,5,62,124,8,199,116,4,120,319
04/26/2001,MFR,OR,ANM,WE,Federal Contract Tower,7,55,22,4,88,0,6,50,4,60,7,61,72,8,148,40,7,47,195
04/27/2001,MFR,OR,ANM,WE,Federal Contract Tower,6,57,20,0,83,0,3,57,0,60,6,60,77,0,143,32,0,32,175
04/28/2001,MFR,OR,ANM,WE,Federal Contract Tower,4,42,11,0,57,0,2,13,0,15,4,44,24,0,72,26,0,26,98
04/29/2001,MFR,OR,ANM,WE,Federal Contract Tower,4,32,17,2,55,0,0,26,0,26,4,32,43,2,81,44,0,44,125
04/30/2001,MFR,OR,ANM,WE,Federal Contract Tower,6,52,22,0,80,0,0,23,0,23,6,52,45,0,103,84,0,84,187
05/01/2001,MFR,OR,ANM,WE,Federal Contract Tower,4,58,13,0,75,1,1,33,0,35,5,59,46,0,110,38,0,38,148
05/02/2001,MFR,OR,ANM,WE,Federal Contract Tower,5,55,14,0,74,0,6,71,2,79,5,61,85,2,153,36,0,36,189
05/03/2001,MFR,OR,ANM,WE,Federal Contract Tower,6,54,14,0,74,0,5,79,0,84,6,59,93,0,158,70,0,70,228
05/04/2001,MFR,OR,ANM,WE,Federal Contract Tower,6,53,17,4,80,0,9,81,2,92,6,62,98,6,172,22,0,22,194
05/05/2001,MFR,OR,ANM,WE,Federal Contract Tower,4,40,7,0,51,0,3,84,0,87,4,43,91,0,138,70,0,70,208
05/06/2001,MFR,OR,ANM,WE,Federal Contract Tower,4,31,7,4,46,0,0,91,0,91,4,31,98,4,137,88,0,88,225
05/07/2001,MFR,OR,ANM,WE,Federal Contract Tower,5,47,12,0,64,0,4,54,0,58,5,51,66,0,122,60,0,60,182
05/08/2001,MFR,OR,ANM,WE,Federal Contract Tower,6,55,13,4,78,0,2,58,0,60,6,57,71,4,138,62,6,68,206
05/09/2001,MFR,OR,ANM,WE,Federal Contract Tower,6,54,12,2,74,0,3,74,2,79,6,57,86,4,153,56,0,56,209
05/10/2001,MFR,OR,ANM,WE,Federal Contract Tower,6,57,14,0,77,0,4,51,0,55,6,61,65,0,132,42,0,42,174
05/11/2001,MFR,OR,ANM,WE,Federal Contract Tower,6,56,9,0,71,0,7,90,0,97,6,63,99,0,168,74,0,74,242
05/12/2001,MFR,OR,ANM,WE,Federal Contract Tower,4,39,9,0,52,0,2,95,0,97,4,41,104,0,149,72,0,72,221
05/13/2001,MFR,OR,ANM,WE,Federal Contract Tower,4,35,6,0,45,0,2,82,0,84,4,37,88,0,129,36,0,36,165
05/14/2001,MFR,OR,ANM,WE,Federal Contract Tower,5,60,19,3,87,0,2,25,3,30,5,62,44,6,117,32,32,64,181
05/15/2001,MFR,OR,ANM,WE,Federal Contract Tower,5,57,23,0,85,0,0,9,0,9,5,57,32,0,94,22,0,22,116
05/16/2001,MFR,OR,ANM,WE,Federal Contract Tower,6,58,19,0,83,0,4,54,4,62,6,62,73,4,145,64,0,64,209
05/17/2001,MFR,OR,ANM,WE,Federal Contract Tower,6,59,9,0,74,0,4,65,2,71,6,63,74,2,145,40,0,40,185
05/18/2001,MFR,OR,ANM,WE,Federal Contract Tower,6,55,8,0,69,0,8,64,2,74,6,63,72,2,143,66,0,66,209
05/19/2001,MFR,OR,ANM,WE,Federal Contract Tower,4,39,9,0,52,0,2,84,0,86,4,41,93,0,138,92,0,92,230
05/20/2001,MFR,OR,ANM,WE,Federal Contract Tower,4,38,7,4,53,0,2,122,0,124,4,40,129,4,177,82,0,82,259
05/21/2001,MFR,OR,ANM,WE,Federal Contract Tower,6,44,19,0,69,0,2,60,0,62,6,46,79,0,131,48,0,48,179
05/22/2001,MFR,OR,ANM,WE,Federal Contract Tower,6,54,14,0,74,0,3,58,0,61,6,57,72,0,135,46,0,46,181
05/23/2001,MFR,OR,ANM,WE,Federal Contract Tower,6,54,20,0,80,0,3,55,0,58,6,57,75,0,138,62,0,62,200
05/24/2001,MFR,OR,ANM,WE,Federal Contract Tower,6,57,14,0,77,0,4,87,0,91,6,61,101,0,168,80,0,80,248
05/25/2001,MFR,OR,ANM,WE,Federal Contract Tower,7,55,11,0,73,0,4,86,1,91,7,59,97,1,164,94,2,96,260
05/26/2001,MFR,OR,ANM,WE,Federal Contract Tower,2,44,16,0,62,0,2,122,0,124,2,46,138,0,186,66,0,66,252
05/27/2001,MFR,OR,ANM,WE,Federal Contract Tower,2,30,10,0,42,0,0,130,0,130,2,30,140,0,172,58,0,58,230
05/28/2001,MFR,OR,ANM,WE,Federal Contract Tower,6,40,12,0,58,0,2,100,4,106,6,42,112,4,164,74,0,74,238
05/29/2001,MFR,OR,ANM,WE,Federal Contract Tower,6,49,8,0,63,0,6,75,3,84,6,55,83,3,147,86,0,86,233
05/30/2001,MFR,OR,ANM,WE,Federal Contract Tower,6,52,10,3,71,0,6,63,1,70,6,58,73,4,141,76,0,76,217
05/31/2001,MFR,OR,ANM,WE,Federal Contract Tower,7,50,9,0,66,0,6,102,0,108,7,56,111,0,174,92,0,92,266
06/01/2001,MFR,OR,ANM,WE,Federal Contract Tower,6,59,12,0,77,0,2,49,0,51,6,61,61,0,128,42,0,42,170
06/02/2001,MFR,OR,ANM,WE,Federal Contract Tower,4,39,15,0,58,0,2,62,0,64,4,41,77,0,122,70,0,70,192
06/03/2001,MFR,OR,ANM,WE,Federal Contract Tower,4,38,24,0,66,0,1,68,0,69,4,39,92,0,135,78,0,78,213
06/04/2001,MFR,OR,ANM,WE,Federal Contract Tower,6,54,11,2,73,0,3,55,0,58,6,57,66,2,131,48,0,48,179
06/05/2001,MFR,OR,ANM,WE,Federal Contract Tower,6,58,31,0,95,0,2,31,0,33,6,60,62,0,128,28,0,28,156
06/06/2001,MFR,OR,ANM,WE,Federal Contract Tower,6,53,15,0,74,0,4,55,0,59,6,57,70,0,133,40,0,40,173
06/07/2001,MFR,OR,ANM,WE,Federal Contract Tower,7,49,14,0,70,0,9,71,0,80,7,58,85,0,150,48,0,48,198
06/08/2001,MFR,OR,ANM,WE,Federal Contract Tower,6,55,18,0,79,0,3,85,0,88,6,58,103,0,167,36,0,36,203
06/09/2001,MFR,OR,ANM,WE,Federal Contract Tower,6,37,14,0,57,0,2,63,0,65,6,39,77,0,122,36,0,36,158
06/10/2001,MFR,OR,ANM,WE,Federal Contract Tower,6,35,9,0,50,0,2,63,0,65,6,37,72,0,115,76,0,76,191
06/11/2001,MFR,OR,ANM,WE,Federal Contract Tower,5,52,16,4,77,0,0,48,0,48,5,52,64,4,125,32,0,32,157
06/12/2001,MFR,OR,ANM,WE,Federal Contract Tower,6,53,6,0,65,0,3,64,0,67,6,56,70,0,132,94,0,94,226
06/13/2001,MFR,OR,ANM,WE,Federal Contract Tower,6,49,7,0,62,0,4,72,0,76,6,53,79,0,138,40,0,40,178
06/14/2001,MFR,OR,ANM,WE,Federal Contract Tower,6,58,16,0,80,0,4,107,2,113,6,62,123,2,193,20,2,22,215
06/15/2001,MFR,OR,ANM,WE,Federal Contract Tower,6,56,19,0,81,0,4,83,0,87,6,60,102,0,168,36,0,36,204
06/16/2001,MFR,OR,ANM,WE,Federal Contract Tower,6,43,10,0,59,0,0,67,0,67,6,43,77,0,126,24,0,24,150
06/17/2001,MFR,OR,ANM,WE,Federal Contract Tower,5,34,14,0,53,0,0,60,0,60,5,34,74,0,113,56,0,56,169
06/18/2001,MFR,OR,ANM,WE,Federal Contract Tower,6,50,9,0,65,0,5,59,0,64,6,55,68,0,129,66,0,66,195
06/19/2001,MFR,OR,ANM,WE,Federal Contract Tower,6,53,12,0,71,0,6,74,0,80,6,59,86,0,151,72,0,72,223
06/20/2001,MFR,OR,ANM,WE,Federal Contract Tower,6,55,12,0,73,0,5,67,0,72,6,60,79,0,145,66,0,66,211
06/21/2001,MFR,OR,ANM,WE,Federal Contract Tower,6,54,21,2,83,0,5,78,0,83,6,59,99,2,166,68,4,72,238
06/22/2001,MFR,OR,ANM,WE,Federal Contract Tower,6,52,9,0,67,0,8,96,4,108,6,60,105,4,175,52,0,52,227
06/23/2001,MFR,OR,ANM,WE,Federal Contract Tower,5,40,9,0,54,0,3,115,5,123,5,43,124,5,177,48,2,50,227
06/24/2001,MFR,OR,ANM,WE,Federal Contract Tower,6,36,13,0,55,0,1,82,10,93,6,37,95,10,148,64,2,66,214
06/25/2001,MFR,OR,ANM,WE,Federal Contract Tower,8,58,16,0,82,0,3,61,0,64,8,61,77,0,146,38,0,38,184
06/26/2001,MFR,OR,ANM,WE,Federal Contract Tower,6,56,28,0,90,0,2,8,0,10,6,58,36,0,100,30,0,30,130
06/27/2001,MFR,OR,ANM,WE,Federal Contract Tower,4,64,19,0,87,0,1,4,0,5,4,65,23,0,92,10,0,10,102
06/28/2001,MFR,OR,ANM,WE,Federal Contract Tower,7,60,34,2,103,0,1,32,2,35,7,61,66,4,138,32,0,32,170
06/29/2001,MFR,OR,ANM,WE,Federal Contract Tower,6,56,26,0,88,0,5,67,0,72,6,61,93,0,160,60,0,60,220
06/30/2001,MFR,OR,ANM,WE,Federal Contract Tower,6,39,10,0,55,0,1,100,2,103,6,40,110,2,158,46,0,46,204
07/01/2001,MFR,OR,ANM,WE,Federal Contract Tower,6,40,8,0,54,0,1,75,0,76,6,41,83,0,130,66,0,66,196
07/02/2001,MFR,OR,ANM,WE,Federal Contract Tower,6,52,12,0,70,0,2,55,6,63,6,54,67,6,133,22,0,22,155
07/03/2001,MFR,OR,ANM,WE,Federal Contract Tower,6,53,11,2,72,0,3,98,0,101,6,56,109,2,173,44,0,44,217
07/04/2001,MFR,OR,ANM,WE,Federal Contract Tower,5,37,8,0,50,0,1,83,1,85,5,38,91,1,135,54,2,56,191
07/05/2001,MFR,OR,ANM,WE,Federal Contract Tower,6,51,18,0,75,0,4,76,0,80,6,55,94,0,155,56,0,56,211
07/06/2001,MFR,OR,ANM,WE,Federal Contract Tower,6,52,7,0,65,0,6,90,4,100,6,58,97,4,165,38,0,38,203
07/07/2001,MFR,OR,ANM,WE,Federal Contract Tower,6,41,3,0,50,0,2,86,0,88,6,43,89,0,138,68,0,68,206
07/08/2001,MFR,OR,ANM,WE,Federal Contract Tower,8,34,9,0,51,0,3,97,0,100,8,37,106,0,151,96,10,106,257
07/09/2001,MFR,OR,ANM,WE,Federal Contract Tower,6,55,18,2,81,0,2,65,0,67,6,57,83,2,148,52,0,52,200
07/10/2001,MFR,OR,ANM,WE,Federal Contract Tower,5,60,19,0,84,0,2,60,0,62,5,62,79,0,146,30,0,30,176
07/11/2001,MFR,OR,ANM,WE,Federal Contract Tower,5,56,14,0,75,0,2,77,0,79,5,58,91,0,154,26,0,26,180
07/12/2001,MFR,OR,ANM,WE,Federal Contract Tower,7,53,13,0,73,0,2,76,2,80,7,55,89,2,153,68,4,72,225
07/13/2001,MFR,OR,ANM,WE,Federal Contract Tower,5,58,9,0,72,0,2,94,0,96,5,60,103,0,168,34,0,34,202
07/14/2001,MFR,OR,ANM,WE,Federal Contract Tower,5,37,13,0,55,0,4,105,0,109,5,41,118,0,164,106,0,106,270
07/15/2001,MFR,OR,ANM,WE,Federal Contract Tower,5,41,14,0,60,0,1,77,0,78,5,42,91,0,138,84,0,84,222
07/16/2001,MFR,OR,ANM,WE,Federal Contract Tower,5,50,16,0,71,0,2,71,0,73,5,52,87,0,144,94,0,94,238
07/17/2001,MFR,OR,ANM,WE,Federal Contract Tower,7,56,11,0,74,0,2,70,0,72,7,58,81,0,146,70,0,70,216
07/18/2001,MFR,OR,ANM,WE,Federal Contract Tower,7,60,20,0,87,0,3,66,0,69,7,63,86,0,156,84,0,84,240
07/19/2001,MFR,OR,ANM,WE,Federal Contract Tower,7,53,16,0,76,0,2,77,0,79,7,55,93,0,155,68,0,68,223
07/20/2001,MFR,OR,ANM,WE,Federal Contract Tower,9,58,11,0,78,0,0,80,3,83,9,58,91,3,161,34,2,36,197
07/21/2001,MFR,OR,ANM,WE,Federal Contract Tower,4,38,9,0,51,0,2,116,0,118,4,40,125,0,169,50,0,50,219
07/22/2001,MFR,OR,ANM,WE,Federal Contract Tower,8,38,9,0,55,0,3,100,0,103,8,41,109,0,158,32,0,32,190
07/23/2001,MFR,OR,ANM,WE,Federal Contract Tower,6,50,12,0,68,0,4,104,0,108,6,54,116,0,176,92,0,92,268
07/24/2001,MFR,OR,ANM,WE,Federal Contract Tower,6,57,22,3,88,0,4,87,0,91,6,61,109,3,179,86,0,86,265
07/25/2001,MFR,OR,ANM,WE,Federal Contract Tower,6,50,12,0,68,0,4,91,1,96,6,54,103,1,164,50,0,50,214
07/26/2001,MFR,OR,ANM,WE,Federal Contract Tower,6,59,6,0,71,0,2,116,5,123,6,61,122,5,194,88,0,88,282
07/27/2001,MFR,OR,ANM,WE,Federal Contract Tower,6,51,16,0,73,0,5,92,5,102,6,56,108,5,175,32,0,32,207
07/28/2001,MFR,OR,ANM,WE,Federal Contract Tower,5,44,11,0,60,0,4,92,0,96,5,48,103,0,156,38,0,38,194
07/29/2001,MFR,OR,ANM,WE,Federal Contract Tower,6,37,21,1,65,0,3,74,1,78,6,40,95,2,143,76,0,76,219
07/30/2001,MFR,OR,ANM,WE,Federal Contract Tower,5,56,24,0,85,0,5,50,2,57,5,61,74,2,142,32,0,32,174
07/31/2001,MFR,OR,ANM,WE,Federal Contract Tower,9,55,14,0,78,0,4,62,0,66,9,59,76,0,144,50,0,50,194
08/01/2001,MFR,OR,ANM,WE,Federal Contract Tower,5,48,16,0,69,1,5,61,0,67,6,53,77,0,136,50,0,50,186
08/02/2001,MFR,OR,ANM,WE,Federal Contract Tower,5,45,13,0,63,0,8,68,0,76,5,53,81,0,139,66,0,66,205
08/03/2001,MFR,OR,ANM,WE,Federal Contract Tower,5,54,26,0,85,0,5,67,1,73,5,59,93,1,158,38,2,40,198
08/04/2001,MFR,OR,ANM,WE,Federal Contract Tower,4,37,7,0,48,0,2,89,0,91,4,39,96,0,139,66,0,66,205
08/05/2001,MFR,OR,ANM,WE,Federal Contract Tower,5,37,8,0,50,0,5,97,2,104,5,42,105,2,154,108,0,108,262
08/06/2001,MFR,OR,ANM,WE,Federal Contract Tower,5,48,8,1,62,0,5,71,1,77,5,53,79,2,139,56,0,56,195
08/07/2001,MFR,OR,ANM,WE,Federal Contract Tower,7,54,16,0,77,0,4,63,11,78,7,58,79,11,155,36,0,36,191
08/08/2001,MFR,OR,ANM,WE,Federal Contract Tower,6,58,10,2,76,0,5,75,0,80,6,63,85,2,156,48,0,48,204
08/09/2001,MFR,OR,ANM,WE,Federal Contract Tower,5,53,16,0,74,0,9,59,0,68,5,62,75,0,142,100,4,104,246
08/10/2001,MFR,OR,ANM,WE,Federal Contract Tower,6,62,21,1,90,0,4,134,0,138,6,66,155,1,228,20,4,24,252
08/11/2001,MFR,OR,ANM,WE,Federal Contract Tower,5,42,14,2,63,0,5,126,0,131,5,47,140,2,194,56,2,58,252
08/12/2001,MFR,OR,ANM,WE,Federal Contract Tower,6,35,15,1,57,0,6,131,2,139,6,41,146,3,196,78,2,80,276
08/13/2001,MFR,OR,ANM,WE,Federal Contract Tower,5,53,22,0,80,0,2,164,0,166,5,55,186,0,246,66,0,66,312
08/14/2001,MFR,OR,ANM,WE,Federal Contract Tower,6,52,23,0,81,0,3,111,0,114,6,55,134,0,195,50,0,50,245
08/15/2001,MFR,OR,ANM,WE,Federal Contract Tower,5,53,20,0,78,0,5,106,0,111,5,58,126,0,189,54,0,54,243
08/16/2001,MFR,OR,ANM,WE,Federal Contract Tower,6,49,25,0,80,0,5,139,0,144,6,54,164,0,224,46,0,46,270
08/17/2001,MFR,OR,ANM,WE,Federal Contract Tower,6,57,18,0,81,0,4,116,2,122,6,61,134,2,203,110,0,110,313
08/18/2001,MFR,OR,ANM,WE,Federal Contract Tower,5,45,17,0,67,0,0,86,2,88,5,45,103,2,155,60,0,60,215
08/19/2001,MFR,OR,ANM,WE,Federal Contract Tower,6,37,7,0,50,0,0,116,4,120,6,37,123,4,170,54,0,54,224
08/20/2001,MFR,OR,ANM,WE,Federal Contract Tower,7,48,17,0,72,0,3,69,0,72,7,51,86,0,144,44,0,44,188
08/21/2001,MFR,OR,ANM,WE,Federal Contract Tower,7,55,14,0,76,0,6,72,0,78,7,61,86,0,154,70,0,70,224
08/22/2001,MFR,OR,ANM,WE,Federal Contract Tower,7,55,18,0,80,0,7,47,0,54,7,62,65,0,134,34,0,34,168
08/23/2001,MFR,OR,ANM,WE,Federal Contract Tower,5,61,19,0,85,0,1,35,0,36,5,62,54,0,121,76,0,76,197
08/24/2001,MFR,OR,ANM,WE,Federal Contract Tower,6,55,16,0,77,0,4,135,2,141,6,59,151,2,218,68,0,68,286
08/25/2001,MFR,OR,ANM,WE,Federal Contract Tower,6,39,10,0,55,0,4,119,0,123,6,43,129,0,178,66,0,66,244
08/26/2001,MFR,OR,ANM,WE,Federal Contract Tower,6,39,17,0,62,0,0,110,0,110,6,39,127,0,172,106,0,106,278
08/27/2001,MFR,OR,ANM,WE,Federal Contract Tower,6,50,8,0,64,0,2,65,0,67,6,52,73,0,131,36,0,36,167
08/28/2001,MFR,OR,ANM,WE,Federal Contract Tower,6,53,20,0,79,0,2,70,0,72,6,55,90,0,151,82,0,82,233
08/29/2001,MFR,OR,ANM,WE,Federal Contract Tower,5,57,24,0,86,0,4,83,0,87,5,61,107,0,173,72,0,72,245
08/30/2001,MFR,OR,ANM,WE,Federal Contract Tower,5,62,4,0,71,0,5,64,0,69,5,67,68,0,140,68,0,68,208
08/31/2001,MFR,OR,ANM,WE,Federal Contract Tower,5,56,7,1,69,0,2,84,1,87,5,58,91,2,156,42,0,42,198
09/01/2001,MFR,OR,ANM,WE,Federal Contract Tower,4,44,7,0,55,0,3,88,2,93,4,47,95,2,148,68,0,68,216
09/02/2001,MFR,OR,ANM,WE,Federal Contract Tower,4,35,5,0,44,0,4,99,0,103,4,39,104,0,147,108,0,108,255
09/03/2001,MFR,OR,ANM,WE,Federal Contract Tower,5,39,13,0,57,0,2,101,0,103,5,41,114,0,160,86,0,86,246
09/04/2001,MFR,OR,ANM,WE,Federal Contract Tower,6,52,15,1,74,0,3,71,1,75,6,55,86,2,149,30,0,30,179
09/05/2001,MFR,OR,ANM,WE,Federal Contract Tower,6,56,8,1,71,0,3,47,7,57,6,59,55,8,128,2,22,24,152
09/06/2001,MFR,OR,ANM,WE,Federal Contract Tower,6,49,15,0,70,0,4,77,5,86,6,53,92,5,156,68,0,68,224
09/07/2001,MFR,OR,ANM,WE,Federal Contract Tower,6,49,13,2,70,0,5,79,0,84,6,54,92,2,154,60,0,60,214
09/08/2001,MFR,OR,ANM,WE,Federal Contract Tower,6,37,9,0,52,0,3,92,0,95,6,40,101,0,147,114,0,114,261
09/09/2001,MFR,OR,ANM,WE,Federal Contract Tower,8,34,13,0,55,0,1,82,4,87,8,35,95,4,142,72,0,72,214
09/10/2001,MFR,OR,ANM,WE,Federal Contract Tower,7,47,13,0,67,0,6,30,0,36,7,53,43,0,103,54,0,54,157
09/11/2001,MFR,OR,ANM,WE,Federal Contract Tower,3,6,0,0,9,0,2,28,0,30,3,8,28,0,39,0,0,0,39
09/12/2001,MFR,OR,ANM,WE,Federal Contract Tower,0,8,0,0,8,0,0,7,0,7,0,8,7,0,15,0,0,0,15
09/13/2001,MFR,OR,ANM,WE,Federal Contract Tower,3,29,1,0,33,0,2,13,0,15,3,31,14,0,48,0,0,0,48
09/14/2001,MFR,OR,ANM,WE,Federal Contract Tower,0,61,10,0,71,0,2,5,0,7,0,63,15,0,78,0,0,0,78
09/15/2001,MFR,OR,ANM,WE,Federal Contract Tower,1,46,15,0,62,0,0,35,0,35,1,46,50,0,97,0,0,0,97
09/16/2001,MFR,OR,ANM,WE,Federal Contract Tower,1,34,31,0,66,0,9,65,0,74,1,43,96,0,140,0,0,0,140
09/17/2001,MFR,OR,ANM,WE,Federal Contract Tower,2,50,19,0,71,0,2,105,0,107,2,52,124,0,178,4,0,4,182
09/18/2001,MFR,OR,ANM,WE,Federal Contract Tower,2,56,35,0,93,0,0,71,0,71,2,56,106,0,164,0,0,0,164
09/19/2001,MFR,OR,ANM,WE,Federal Contract Tower,7,61,27,0,95,0,3,57,0,60,7,64,84,0,155,0,0,0,155
09/20/2001,MFR,OR,ANM,WE,Federal Contract Tower,8,58,27,0,93,0,2,48,0,50,8,60,75,0,143,0,0,0,143
09/21/2001,MFR,OR,ANM,WE,Federal Contract Tower,7,54,23,0,84,0,5,45,0,50,7,59,68,0,134,0,0,0,134
09/22/2001,MFR,OR,ANM,WE,Federal Contract Tower,6,27,13,0,46,0,4,89,0,93,6,31,102,0,139,28,0,28,167
09/23/2001,MFR,OR,ANM,WE,Federal Contract Tower,6,32,18,0,56,0,1,58,0,59,6,33,76,0,115,52,0,52,167
09/24/2001,MFR,OR,ANM,WE,Federal Contract Tower,7,45,14,0,66,0,4,45,0,49,7,49,59,0,115,32,0,32,147
09/25/2001,MFR,OR,ANM,WE,Federal Contract Tower,7,52,15,0,74,0,0,16,0,16,7,52,31,0,90,22,0,22,112
09/26/2001,MFR,OR,ANM,WE,Federal Contract Tower,7,54,16,0,77,0,5,21,0,26,7,59,37,0,103,62,0,62,165
09/27/2001,MFR,OR,ANM,WE,Federal Contract Tower,7,50,21,0,78,0,3,41,0,44,7,53,62,0,122,40,0,40,162
09/28/2001,MFR,OR,ANM,WE,Federal Contract Tower,7,49,21,0,77,0,7,74,0,81,7,56,95,0,158,74,0,74,232
09/29/2001,MFR,OR,ANM,WE,Federal Contract Tower,7,32,10,0,49,0,1,119,0,120,7,33,129,0,169,102,0,102,271
09/30/2001,MFR,OR,ANM,WE,Federal Contract Tower,7,26,6,0,39,0,1,69,0,70,7,27,75,0,109,128,0,128,237
10/01/2001,MFR,OR,ANM,WE,Federal Contract Tower,7,47,18,0,72,0,4,72,0,76,7,51,90,0,148,94,0,94,242
10/02/2001,MFR,OR,ANM,WE,Federal Contract Tower,7,52,17,0,76,0,2,60,0,62,7,54,77,0,138,60,0,60,198
10/03/2001,MFR,OR,ANM,WE,Federal Contract Tower,7,49,7,2,65,0,3,65,0,68,7,52,72,2,133,30,0,30,163
10/04/2001,MFR,OR,ANM,WE,Federal Contract Tower,7,50,17,0,74,0,4,55,0,59,7,54,72,0,133,54,0,54,187
10/05/2001,MFR,OR,ANM,WE,Federal Contract Tower,7,52,22,2,83,0,3,72,0,75,7,55,94,2,158,84,0,84,242
10/06/2001,MFR,OR,ANM,WE,Federal Contract Tower,7,32,14,1,54,0,2,70,1,73,7,34,84,2,127,86,0,86,213
10/07/2001,MFR,OR,ANM,WE,Federal Contract Tower,5,29,7,0,41,0,2,65,0,67,5,31,72,0,108,52,0,52,160
10/08/2001,MFR,OR,ANM,WE,Federal Contract Tower,6,42,17,0,65,0,0,48,0,48,6,42,65,0,113,36,0,36,149
10/09/2001,MFR,OR,ANM,WE,Federal Contract Tower,6,49,16,0,71,0,3,57,4,64,6,52,73,4,135,36,0,36,171
10/10/2001,MFR,OR,ANM,WE,Federal Contract Tower,5,47,24,0,76,0,3,38,0,41,5,50,62,0,117,64,0,64,181
10/11/2001,MFR,OR,ANM,WE,Federal Contract Tower,5,49,12,0,66,0,2,36,0,38,5,51,48,0,104,40,0,40,144
10/12/2001,MFR,OR,ANM,WE,Federal Contract Tower,6,47,17,0,70,0,2,55,0,57,6,49,72,0,127,74,0,74,201
10/13/2001,MFR,OR,ANM,WE,Federal Contract Tower,6,35,8,0,49,0,2,78,0,80,6,37,86,0,129,56,0,56,185
10/14/2001,MFR,OR,ANM,WE,Federal Contract Tower,7,24,11,0,42,0,1,92,0,93,7,25,103,0,135,102,0,102,237
10/15/2001,MFR,OR,ANM,WE,Federal Contract Tower,5,45,11,0,61,0,1,62,0,63,5,46,73,0,124,76,0,76,200
10/16/2001,MFR,OR,ANM,WE,Federal Contract Tower,5,46,6,0,57,0,1,55,0,56,5,47,61,0,113,44,0,44,157
10/17/2001,MFR,OR,ANM,WE,Federal Contract Tower,7,43,11,2,63,0,6,54,0,60,7,49,65,2,123,24,0,24,147
10/18/2001,MFR,OR,ANM,WE,Federal Contract Tower,6,50,14,0,70,0,5,66,0,71,6,55,80,0,141,60,0,60,201
10/19/2001,MFR,OR,ANM,WE,Federal Contract Tower,5,51,16,2,74,0,1,73,0,74,5,52,89,2,148,66,0,66,214
10/20/2001,MFR,OR,ANM,WE,Federal Contract Tower,6,29,12,0,47,0,3,92,0,95,6,32,104,0,142,46,0,46,188
10/21/2001,MFR,OR,ANM,WE,Federal Contract Tower,6,26,13,2,47,0,0,56,0,56,6,26,69,2,103,46,0,46,149
10/22/2001,MFR,OR,ANM,WE,Federal Contract Tower,6,48,17,0,71,0,0,27,0,27,6,48,44,0,98,58,0,58,156
10/23/2001,MFR,OR,ANM,WE,Federal Contract Tower,6,50,10,0,66,0,1,11,0,12,6,51,21,0,78,22,0,22,100
10/24/2001,MFR,OR,ANM,WE,Federal Contract Tower,6,51,15,0,72,0,3,32,0,35,6,54,47,0,107,42,0,42,149
10/25/2001,MFR,OR,ANM,WE,Federal Contract Tower,6,52,19,1,78,0,3,47,1,51,6,55,66,2,129,48,0,48,177
10/26/2001,MFR,OR,ANM,WE,Federal Contract Tower,6,55,18,0,79,0,3,59,0,62,6,58,77,0,141,60,0,60,201
10/27/2001,MFR,OR,ANM,WE,Federal Contract Tower,7,33,10,0,50,0,0,36,0,36,7,33,46,0,86,54,0,54,140
10/28/2001,MFR,OR,ANM,WE,Federal Contract Tower,8,26,11,0,45,0,2,28,0,30,8,28,39,0,75,54,0,54,129
10/29/2001,MFR,OR,ANM,WE,Federal Contract Tower,6,48,9,0,63,0,1,28,0,29,6,49,37,0,92,24,0,24,116
10/30/2001,MFR,OR,ANM,WE,Federal Contract Tower,6,47,7,0,60,0,3,10,0,13,6,50,17,0,73,16,0,16,89
10/31/2001,MFR,OR,ANM,WE,Federal Contract Tower,6,55,10,0,71,0,4,17,0,21,6,59,27,0,92,0,0,0,92
11/01/2001,MFR,OR,ANM,WE,Federal Contract Tower,4,51,20,0,75,1,2,31,0,34,5,53,51,0,109,36,0,36,145
11/02/2001,MFR,OR,ANM,WE,Federal Contract Tower,5,57,21,0,83,0,0,64,0,64,5,57,85,0,147,98,0,98,245
11/03/2001,MFR,OR,ANM,WE,Federal Contract Tower,5,30,8,0,43,1,2,104,0,107,6,32,112,0,150,126,0,126,276
11/04/2001,MFR,OR,ANM,WE,Federal Contract Tower,6,24,6,0,36,0,4,71,0,75,6,28,77,0,111,50,0,50,161
11/05/2001,MFR,OR,ANM,WE,Federal Contract Tower,7,42,24,0,73,0,1,12,0,13,7,43,36,0,86,24,0,24,110
11/06/2001,MFR,OR,ANM,WE,Federal Contract Tower,5,49,17,0,71,0,3,50,0,53,5,52,67,0,124,68,0,68,192
11/07/2001,MFR,OR,ANM,WE,Federal Contract Tower,6,54,15,0,75,0,4,52,0,56,6,58,67,0,131,48,0,48,179
11/08/2001,MFR,OR,ANM,WE,Federal Contract Tower,5,49,13,0,67,0,1,53,0,54,5,50,66,0,121,42,0,42,163
11/09/2001,MFR,OR,ANM,WE,Federal Contract Tower,5,49,16,0,70,0,4,71,0,75,5,53,87,0,145,132,0,132,277
11/10/2001,MFR,OR,ANM,WE,Federal Contract Tower,6,30,5,0,41,0,4,60,0,64,6,34,65,0,105,124,0,124,229
11/11/2001,MFR,OR,ANM,WE,Federal Contract Tower,4,24,7,1,36,0,1,11,1,13,4,25,18,2,49,4,2,6,55
11/12/2001,MFR,OR,ANM,WE,Federal Contract Tower,7,41,13,0,61,0,0,5,0,5,7,41,18,0,66,8,0,8,74
11/13/2001,MFR,OR,ANM,WE,Federal Contract Tower,5,48,11,0,64,0,0,6,0,6,5,48,17,0,70,14,0,14,84
11/14/2001,MFR,OR,ANM,WE,Federal Contract Tower,5,55,22,0,82,0,1,24,0,25,5,56,46,0,107,30,0,30,137
11/15/2001,MFR,OR,ANM,WE,Federal Contract Tower,5,53,11,0,69,0,3,9,0,12,5,56,20,0,81,12,0,12,93
11/16/2001,MFR,OR,ANM,WE,Federal Contract Tower,5,56,33,2,96,0,0,2,0,2,5,56,35,2,98,12,6,18,116
11/17/2001,MFR,OR,ANM,WE,Federal Contract Tower,5,32,14,0,51,0,0,31,0,31,5,32,45,0,82,68,0,68,150
11/18/2001,MFR,OR,ANM,WE,Federal Contract Tower,5,24,4,0,33,0,1,50,0,51,5,25,54,0,84,20,0,20,104
11/19/2001,MFR,OR,ANM,WE,Federal Contract Tower,6,45,18,0,69,0,1,2,0,3,6,46,20,0,72,0,0,0,72
11/20/2001,MFR,OR,ANM,WE,Federal Contract Tower,7,54,15,0,76,0,1,11,0,12,7,55,26,0,88,10,0,10,98
11/21/2001,MFR,OR,ANM,WE,Federal Contract Tower,9,55,15,0,79,0,0,2,0,2,9,55,17,0,81,0,2,2,83
11/22/2001,MFR,OR,ANM,WE,Federal Contract Tower,5,30,4,0,39,0,0,14,0,14,5,30,18,0,53,8,0,8,61
11/23/2001,MFR,OR,ANM,WE,Federal Contract Tower,11,42,12,0,65,0,0,48,0,48,11,42,60,0,113,56,0,56,169
11/24/2001,MFR,OR,ANM,WE,Federal Contract Tower,11,34,8,0,53,0,0,6,0,6,11,34,14,0,59,18,0,18,77
11/25/2001,MFR,OR,ANM,WE,Federal Contract Tower,8,31,8,0,47,0,0,6,0,6,8,31,14,0,53,44,0,44,97
11/26/2001,MFR,OR,ANM,WE,Federal Contract Tower,7,52,15,0,74,0,4,20,0,24,7,56,35,0,98,38,0,38,136
11/27/2001,MFR,OR,ANM,WE,Federal Contract Tower,8,55,13,0,76,0,2,20,0,22,8,57,33,0,98,10,0,10,108
11/28/2001,MFR,OR,ANM,WE,Federal Contract Tower,7,52,13,0,72,0,0,3,0,3,7,52,16,0,75,0,0,0,75
11/29/2001,MFR,OR,ANM,WE,Federal Contract Tower,7,50,30,0,87,0,0,22,0,22,7,50,52,0,109,50,0,50,159
11/30/2001,MFR,OR,ANM,WE,Federal Contract Tower,6,53,15,0,74,0,1,9,0,10,6,54,24,0,84,6,0,6,90
12/01/2001,MFR,OR,ANM,WE,Federal Contract Tower,6,42,11,0,59,0,0,4,0,4,6,42,15,0,63,0,0,0,63
12/02/2001,MFR,OR,ANM,WE,Federal Contract Tower,6,29,7,0,42,0,0,10,0,10,6,29,17,0,52,30,0,30,82
12/03/2001,MFR,OR,ANM,WE,Federal Contract Tower,6,48,20,0,74,0,3,16,1,20,6,51,36,1,94,52,0,52,146
12/04/2001,MFR,OR,ANM,WE,Federal Contract Tower,6,59,20,0,85,0,0,6,0,6,6,59,26,0,91,4,0,4,95
12/05/2001,MFR,OR,ANM,WE,Federal Contract Tower,6,54,13,0,73,0,0,0,0,0,6,54,13,0,73,0,0,0,73
12/06/2001,MFR,OR,ANM,WE,Federal Contract Tower,6,50,17,0,73,0,2,25,0,27,6,52,42,0,100,12,0,12,112
12/07/2001,MFR,OR,ANM,WE,Federal Contract Tower,7,34,25,0,66,0,0,17,0,17,7,34,42,0,83,30,0,30,113
12/08/2001,MFR,OR,ANM,WE,Federal Contract Tower,8,37,17,0,62,0,0,11,0,11,8,37,28,0,73,12,0,12,85
12/09/2001,MFR,OR,ANM,WE,Federal Contract Tower,6,27,11,2,46,0,4,52,0,56,6,31,63,2,102,62,0,62,164
12/10/2001,MFR,OR,ANM,WE,Federal Contract Tower,7,58,18,0,83,0,0,1,0,1,7,58,19,0,84,8,0,8,92
12/11/2001,MFR,OR,ANM,WE,Federal Contract Tower,6,55,25,2,88,0,0,3,2,5,6,55,28,4,93,4,0,4,97
12/12/2001,MFR,OR,ANM,WE,Federal Contract Tower,6,60,26,0,92,0,0,2,0,2,6,60,28,0,94,0,0,0,94
12/13/2001,MFR,OR,ANM,WE,Federal Contract Tower,6,53,20,2,81,0,0,3,0,3,6,53,23,2,84,6,0,6,90
12/14/2001,MFR,OR,ANM,WE,Federal Contract Tower,6,58,20,2,86,0,3,20,0,23,6,61,40,2,109,20,0,20,129
12/15/2001,MFR,OR,ANM,WE,Federal Contract Tower,7,33,14,0,54,0,0,28,0,28,7,33,42,0,82,64,0,64,146
12/16/2001,MFR,OR,ANM,WE,Federal Contract Tower,6,26,5,0,37,0,0,8,2,10,6,26,13,2,47,6,0,6,53
12/17/2001,MFR,OR,ANM,WE,Federal Contract Tower,6,52,10,0,68,0,2,33,0,35,6,54,43,0,103,76,0,76,179
12/18/2001,MFR,OR,ANM,WE,Federal Contract Tower,6,60,12,0,78,0,1,8,0,9,6,61,20,0,87,0,0,0,87
12/19/2001,MFR,OR,ANM,WE,Federal Contract Tower,7,61,16,4,88,0,0,9,0,9,7,61,25,4,97,8,0,8,105
12/20/2001,MFR,OR,ANM,WE,Federal Contract Tower,8,73,21,0,102,0,0,7,0,7,8,73,28,0,109,12,0,12,121
12/21/2001,MFR,OR,ANM,WE,Federal Contract Tower,6,64,14,0,84,0,2,15,0,17,6,66,29,0,101,20,0,20,121
12/22/2001,MFR,OR,ANM,WE,Federal Contract Tower,9,41,9,0,59,0,2,22,0,24,9,43,31,0,83,4,0,4,87
12/23/2001,MFR,OR,ANM,WE,Federal Contract Tower,7,28,13,0,48,0,1,54,0,55,7,29,67,0,103,82,0,82,185
12/24/2001,MFR,OR,ANM,WE,Federal Contract Tower,4,42,2,0,48,0,2,41,0,43,4,44,43,0,91,42,0,42,133
12/25/2001,MFR,OR,ANM,WE,Federal Contract Tower,5,25,1,0,31,0,0,22,0,22,5,25,23,0,53,16,0,16,69
12/26/2001,MFR,OR,ANM,WE,Federal Contract Tower,6,49,18,0,73,0,1,26,0,27,6,50,44,0,100,32,0,32,132
12/27/2001,MFR,OR,ANM,WE,Federal Contract Tower,7,56,13,0,76,0,1,25,0,26,7,57,38,0,102,22,0,22,124
12/28/2001,MFR,OR,ANM,WE,Federal Contract Tower,7,54,11,0,72,0,1,38,0,39,7,55,49,0,111,52,0,52,163
12/29/2001,MFR,OR,ANM,WE,Federal Contract Tower,8,33,7,0,48,0,0,14,0,14,8,33,21,0,62,36,0,36,98
12/30/2001,MFR,OR,ANM,WE,Federal Contract Tower,6,25,11,0,42,0,2,6,0,8,6,27,17,0,50,6,0,6,56
12/31/2001,MFR,OR,ANM,WE,Federal Contract Tower,6,43,13,0,62,0,0,1,0,1,6,43,14,0,63,2,0,2,65
01/01/2002,MFR,OR,ANM,WE,Federal Contract Tower,6,21,12,0,39,1,0,8,0,9,7,21,20,0,48,4,0,4,52
01/02/2002,MFR,OR,ANM,WE,Federal Contract Tower,5,50,10,0,65,1,1,25,0,27,6,51,35,0,92,32,0,32,124
01/03/2002,MFR,OR,ANM,WE,Federal Contract Tower,7,55,17,0,79,1,2,15,0,18,8,57,32,0,97,0,0,0,97
01/04/2002,MFR,OR,ANM,WE,Federal Contract Tower,6,50,12,2,70,1,0,32,0,33,7,50,44,2,103,52,0,52,155
01/05/2002,MFR,OR,ANM,WE,Federal Contract Tower,8,32,13,4,57,0,1,31,0,32,8,33,44,4,89,44,0,44,133
01/06/2002,MFR,OR,ANM,WE,Federal Contract Tower,6,25,17,2,50,0,1,6,0,7,6,26,23,2,57,6,0,6,63
01/07/2002,MFR,OR,ANM,WE,Federal Contract Tower,4,50,12,2,68,0,1,1,16,18,4,51,13,18,86,10,20,30,116
01/08/2002,MFR,OR,ANM,WE,Federal Contract Tower,7,50,16,3,76,0,1,10,0,11,7,51,26,3,87,14,0,14,101
01/09/2002,MFR,OR,ANM,WE,Federal Contract Tower,6,52,20,0,78,0,1,26,0,27,6,53,46,0,105,10,0,10,115
01/10/2002,MFR,OR,ANM,WE,Federal Contract Tower,6,60,18,0,84,0,1,42,0,43,6,61,60,0,127,34,0,34,161
01/11/2002,MFR,OR,ANM,WE,Federal Contract Tower,8,55,17,0,80,0,1,28,0,29,8,56,45,0,109,32,0,32,141
01/12/2002,MFR,OR,ANM,WE,Federal Contract Tower,8,30,7,0,45,0,1,52,0,53,8,31,59,0,98,68,0,68,166
01/13/2002,MFR,OR,ANM,WE,Federal Contract Tower,6,25,14,0,45,0,1,46,0,47,6,26,60,0,92,40,0,40,132
01/14/2002,MFR,OR,ANM,WE,Federal Contract Tower,6,49,7,0,62,0,1,15,0,16,6,50,22,0,78,44,0,44,122
01/15/2002,MFR,OR,ANM,WE,Federal Contract Tower,6,48,14,0,68,0,3,33,0,36,6,51,47,0,104,26,0,26,130
01/16/2002,MFR,OR,ANM,WE,Federal Contract Tower,6,49,16,0,71,0,6,41,0,47,6,55,57,0,118,26,0,26,144
01/17/2002,MFR,OR,ANM,WE,Federal Contract Tower,6,55,22,0,83,0,1,1,0,2,6,56,23,0,85,0,0,0,85
01/18/2002,MFR,OR,ANM,WE,Federal Contract Tower,6,53,15,0,74,0,2,29,0,31,6,55,44,0,105,58,0,58,163
01/19/2002,MFR,OR,ANM,WE,Federal Contract Tower,8,32,7,0,47,0,1,19,0,20,8,33,26,0,67,72,0,72,139
01/20/2002,MFR,OR,ANM,WE,Federal Contract Tower,6,32,8,0,46,0,1,4,0,5,6,33,12,0,51,16,0,16,67
01/21/2002,MFR,OR,ANM,WE,Federal Contract Tower,6,38,4,0,48,0,2,0,0,2,6,40,4,0,50,0,0,0,50
01/22/2002,MFR,OR,ANM,WE,Federal Contract Tower,7,48,19,0,74,0,1,6,0,7,7,49,25,0,81,16,0,16,97
01/23/2002,MFR,OR,ANM,WE,Federal Contract Tower,6,50,15,0,71,0,1,27,0,28,6,51,42,0,99,34,0,34,133
01/24/2002,MFR,OR,ANM,WE,Federal Contract Tower,5,47,7,0,59,0,2,35,0,37,5,49,42,0,96,30,0,30,126
01/25/2002,MFR,OR,ANM,WE,Federal Contract Tower,6,51,8,0,65,0,0,9,0,9,6,51,17,0,74,18,0,18,92
01/26/2002,MFR,OR,ANM,WE,Federal Contract Tower,8,34,5,0,47,0,1,11,0,12,8,35,16,0,59,16,0,16,75
01/27/2002,MFR,OR,ANM,WE,Federal Contract Tower,6,27,10,0,43,0,0,30,0,30,6,27,40,0,73,24,0,24,97
01/28/2002,MFR,OR,ANM,WE,Federal Contract Tower,6,45,11,0,62,0,1,31,0,32,6,46,42,0,94,68,0,68,162
01/29/2002,MFR,OR,ANM,WE,Federal Contract Tower,6,52,16,0,74,0,0,53,2,55,6,52,69,2,129,54,0,54,183
01/30/2002,MFR,OR,ANM,WE,Federal Contract Tower,6,48,10,0,64,0,1,31,0,32,6,49,41,0,96,22,0,22,118
01/31/2002,MFR,OR,ANM,WE,Federal Contract Tower,6,56,20,0,82,0,0,13,2,15,6,56,33,2,97,20,0,20,117
02/01/2002,MFR,OR,ANM,WE,Federal Contract Tower,6,51,14,0,71,0,1,19,0,20,6,52,33,0,91,18,0,18,109
02/02/2002,MFR,OR,ANM,WE,Federal Contract Tower,7,32,8,0,47,0,1,35,0,36,7,33,43,0,83,64,0,64,147
02/03/2002,MFR,OR,ANM,WE,Federal Contract Tower,6,26,9,2,43,0,0,42,0,42,6,26,51,2,85,42,0,42,127
02/04/2002,MFR,OR,ANM,WE,Federal Contract Tower,6,43,9,0,58,0,2,38,0,40,6,45,47,0,98,16,0,16,114
02/05/2002,MFR,OR,ANM,WE,Federal Contract Tower,7,45,4,1,57,0,3,29,1,33,7,48,33,2,90,46,0,46,136
02/06/2002,MFR,OR,ANM,WE,Federal Contract Tower,6,49,11,2,68,0,2,31,0,33,6,51,42,2,101,4,0,4,105
02/07/2002,MFR,OR,ANM,WE,Federal Contract Tower,7,49,6,0,62,0,0,15,0,15,7,49,21,0,77,0,0,0,77
02/08/2002,MFR,OR,ANM,WE,Federal Contract Tower,6,57,9,0,72,0,4,27,0,31,6,61,36,0,103,48,0,48,151
02/09/2002,MFR,OR,ANM,WE,Federal Contract Tower,6,34,2,0,42,0,2,68,2,72,6,36,70,2,114,72,0,72,186
02/10/2002,MFR,OR,ANM,WE,Federal Contract Tower,6,24,5,0,35,0,0,59,0,59,6,24,64,0,94,104,0,104,198
02/11/2002,MFR,OR,ANM,WE,Federal Contract Tower,6,39,17,1,63,0,8,22,1,31,6,47,39,2,94,38,0,38,132
02/12/2002,MFR,OR,ANM,WE,Federal Contract Tower,6,52,17,0,75,0,2,46,0,48,6,54,63,0,123,24,0,24,147
02/13/2002,MFR,OR,ANM,WE,Federal Contract Tower,6,55,26,0,87,0,3,62,3,68,6,58,88,3,155,72,0,72,227
02/14/2002,MFR,OR,ANM,WE,Federal Contract Tower,6,55,6,0,67,0,3,57,4,64,6,58,63,4,131,72,0,72,203
02/15/2002,MFR,OR,ANM,WE,Federal Contract Tower,6,46,19,0,71,0,3,48,0,51,6,49,67,0,122,56,0,56,178
02/16/2002,MFR,OR,ANM,WE,Federal Contract Tower,7,31,3,0,41,0,4,52,0,56,7,35,55,0,97,62,0,62,159
02/17/2002,MFR,OR,ANM,WE,Federal Contract Tower,6,25,2,0,33,0,0,13,0,13,6,25,15,0,46,32,0,32,78
02/18/2002,MFR,OR,ANM,WE,Federal Contract Tower,6,43,13,0,62,0,0,18,0,18,6,43,31,0,80,28,0,28,108
02/19/2002,MFR,OR,ANM,WE,Federal Contract Tower,6,48,12,0,66,0,0,10,0,10,6,48,22,0,76,28,0,28,104
02/20/2002,MFR,OR,ANM,WE,Federal Contract Tower,6,53,29,0,88,0,0,11,0,11,6,53,40,0,99,14,0,14,113
02/21/2002,MFR,OR,ANM,WE,Federal Contract Tower,7,47,13,0,67,0,0,14,0,14,7,47,27,0,81,18,0,18,99
02/22/2002,MFR,OR,ANM,WE,Federal Contract Tower,6,56,23,4,89,0,0,29,0,29,6,56,52,4,118,38,0,38,156
02/23/2002,MFR,OR,ANM,WE,Federal Contract Tower,7,33,11,0,51,0,0,11,0,11,7,33,22,0,62,42,0,42,104
02/24/2002,MFR,OR,ANM,WE,Federal Contract Tower,8,30,11,0,49,0,0,52,0,52,8,30,63,0,101,66,0,66,167
02/25/2002,MFR,OR,ANM,WE,Federal Contract Tower,6,46,8,0,60,0,2,28,0,30,6,48,36,0,90,40,0,40,130
02/26/2002,MFR,OR,ANM,WE,Federal Contract Tower,8,50,10,2,70,0,2,69,0,71,8,52,79,2,141,24,0,24,165
02/27/2002,MFR,OR,ANM,WE,Federal Contract Tower,6,50,13,0,69,0,2,49,0,51,6,52,62,0,120,48,0,48,168
02/28/2002,MFR,OR,ANM,WE,Federal Contract Tower,6,55,17,0,78,0,2,34,0,36,6,57,51,0,114,14,0,14,128
03/01/2002,MFR,OR,ANM,WE,Federal Contract Tower,6,46,10,0,62,0,3,87,0,90,6,49,97,0,152,108,0,108,260
03/02/2002,MFR,OR,ANM,WE,Federal Contract Tower,7,33,6,0,46,0,1,72,0,73,7,34,78,0,119,74,0,74,193
03/03/2002,MFR,OR,ANM,WE,Federal Contract Tower,5,31,6,0,42,0,0,76,0,76,5,31,82,0,118,98,0,98,216
03/04/2002,MFR,OR,ANM,WE,Federal Contract Tower,6,44,13,0,63,0,2,66,0,68,6,46,79,0,131,106,0,106,237
03/05/2002,MFR,OR,ANM,WE,Federal Contract Tower,6,53,23,0,82,0,0,18,0,18,6,53,41,0,100,122,0,122,222
03/06/2002,MFR,OR,ANM,WE,Federal Contract Tower,6,46,13,0,65,0,0,22,0,22,6,46,35,0,87,110,0,110,197
03/07/2002,MFR,OR,ANM,WE,Federal Contract Tower,6,54,17,0,77,0,2,14,0,16,6,56,31,0,93,96,0,96,189
03/08/2002,MFR,OR,ANM,WE,Federal Contract Tower,6,49,21,0,76,0,5,51,0,56,6,54,72,0,132,94,0,94,226
03/09/2002,MFR,OR,ANM,WE,Federal Contract Tower,7,33,4,0,44,0,0,11,0,11,7,33,15,0,55,14,0,14,69
03/10/2002,MFR,OR,ANM,WE,Federal Contract Tower,6,29,9,0,44,0,0,16,0,16,6,29,25,0,60,30,0,30,90
03/11/2002,MFR,OR,ANM,WE,Federal Contract Tower,5,43,7,0,55,0,1,14,0,15,5,44,21,0,70,38,0,38,108
03/12/2002,MFR,OR,ANM,WE,Federal Contract Tower,6,50,8,0,64,0,2,10,1,13,6,52,18,1,77,20,0,20,97
03/13/2002,MFR,OR,ANM,WE,Federal Contract Tower,8,52,16,0,76,0,2,9,1,12,8,54,25,1,88,42,0,42,130
03/14/2002,MFR,OR,ANM,WE,Federal Contract Tower,5,51,14,0,70,0,2,25,0,27,5,53,39,0,97,94,0,94,191
03/15/2002,MFR,OR,ANM,WE,Federal Contract Tower,5,52,14,0,71,0,0,15,0,15,5,52,29,0,86,38,0,38,124
03/16/2002,MFR,OR,ANM,WE,Federal Contract Tower,6,33,9,2,50,0,2,20,0,22,6,35,29,2,72,32,2,34,106
03/17/2002,MFR,OR,ANM,WE,Federal Contract Tower,6,24,8,0,38,0,0,18,0,18,6,24,26,0,56,20,0,20,76
03/18/2002,MFR,OR,ANM,WE,Federal Contract Tower,5,44,21,0,70,0,2,33,0,35,5,46,54,0,105,86,0,86,191
03/19/2002,MFR,OR,ANM,WE,Federal Contract Tower,8,50,14,0,72,0,2,70,0,72,8,52,84,0,144,108,0,108,252
03/20/2002,MFR,OR,ANM,WE,Federal Contract Tower,6,41,15,0,62,0,3,56,0,59,6,44,71,0,121,72,0,72,193
03/21/2002,MFR,OR,ANM,WE,Federal Contract Tower,7,51,14,1,73,0,2,54,1,57,7,53,68,2,130,106,2,108,238
03/22/2002,MFR,OR,ANM,WE,Federal Contract Tower,6,53,17,0,76,0,4,34,0,38,6,57,51,0,114,68,0,68,182
03/23/2002,MFR,OR,ANM,WE,Federal Contract Tower,7,32,11,0,50,0,0,17,0,17,7,32,28,0,67,40,0,40,107
03/24/2002,MFR,OR,ANM,WE,Federal Contract Tower,7,29,13,0,49,0,1,40,0,41,7,30,53,0,90,50,0,50,140
03/25/2002,MFR,OR,ANM,WE,Federal Contract Tower,6,41,10,0,57,0,3,75,0,78,6,44,85,0,135,76,0,76,211
03/26/2002,MFR,OR,ANM,WE,Federal Contract Tower,5,50,5,0,60,0,3,41,0,44,5,53,46,0,104,98,0,98,202
03/27/2002,MFR,OR,ANM,WE,Federal Contract Tower,5,49,11,2,67,0,4,54,0,58,5,53,65,2,125,58,4,62,187
03/28/2002,MFR,OR,ANM,WE,Federal Contract Tower,5,62,14,3,84,0,3,73,0,76,5,65,87,3,160,114,4,118,278
03/29/2002,MFR,OR,ANM,WE,Federal Contract Tower,5,49,12,2,68,0,4,60,0,64,5,53,72,2,132,62,0,62,194
03/30/2002,MFR,OR,ANM,WE,Federal Contract Tower,6,31,3,0,40,0,4,102,0,106,6,35,105,0,146,104,0,104,250
03/31/2002,MFR,OR,ANM,WE,Federal Contract Tower,6,31,5,0,42,0,0,58,0,58,6,31,63,0,100,54,0,54,154
04/01/2002,MFR,OR,ANM,WE,Federal Contract Tower,5,47,9,0,61,0,6,48,0,54,5,53,57,0,115,62,0,62,177
04/02/2002,MFR,OR,ANM,WE,Federal Contract Tower,5,49,14,0,68,0,2,63,0,65,5,51,77,0,133,52,0,52,185
04/03/2002,MFR,OR,ANM,WE,Federal Contract Tower,5,45,8,0,58,0,0,74,0,74,5,45,82,0,132,30,0,30,162
04/04/2002,MFR,OR,ANM,WE,Federal Contract Tower,4,47,22,2,75,0,4,61,0,65,4,51,83,2,140,48,0,48,188
04/05/2002,MFR,OR,ANM,WE,Federal Contract Tower,5,53,26,0,84,0,3,35,0,38,5,56,61,0,122,64,0,64,186
04/06/2002,MFR,OR,ANM,WE,Federal Contract Tower,6,30,16,0,52,0,1,103,0,104,6,31,119,0,156,108,0,108,264
04/07/2002,MFR,OR,ANM,WE,Federal Contract Tower,6,26,6,2,40,0,0,68,0,68,6,26,74,2,108,56,0,56,164
04/08/2002,MFR,OR,ANM,WE,Federal Contract Tower,6,42,15,0,63,0,6,57,0,63,6,48,72,0,126,68,0,68,194
04/09/2002,MFR,OR,ANM,WE,Federal Contract Tower,5,50,19,1,75,0,3,14,1,18,5,53,33,2,93,28,0,28,121
04/10/2002,MFR,OR,ANM,WE,Federal Contract Tower,7,48,14,0,69,0,1,23,0,24,7,49,37,0,93,52,0,52,145
04/11/2002,MFR,OR,ANM,WE,Federal Contract Tower,5,61,13,4,83,0,3,31,0,34,5,64,44,4,117,0,18,18,135
04/12/2002,MFR,OR,ANM,WE,Federal Contract Tower,6,55,15,1,77,0,2,67,0,69,6,57,82,1,146,58,0,58,204
04/13/2002,MFR,OR,ANM,WE,Federal Contract Tower,8,31,13,3,55,0,3,22,0,25,8,34,35,3,80,46,0,46,126
04/14/2002,MFR,OR,ANM,WE,Federal Contract Tower,6,29,11,0,46,0,0,20,0,20,6,29,31,0,66,58,0,58,124
04/15/2002,MFR,OR,ANM,WE,Federal Contract Tower,5,48,12,0,65,0,3,24,2,29,5,51,36,2,94,42,0,42,136
04/16/2002,MFR,OR,ANM,WE,Federal Contract Tower,6,51,17,0,74,0,0,19,0,19,6,51,36,0,93,32,0,32,125
04/17/2002,MFR,OR,ANM,WE,Federal Contract Tower,6,49,20,0,75,0,3,12,0,15,6,52,32,0,90,48,0,48,138
04/18/2002,MFR,OR,ANM,WE,Federal Contract Tower,7,57,18,0,82,0,3,33,0,36,7,60,51,0,118,62,0,62,180
04/19/2002,MFR,OR,ANM,WE,Federal Contract Tower,5,53,21,2,81,0,3,66,0,69,5,56,87,2,150,74,0,74,224
04/20/2002,MFR,OR,ANM,WE,Federal Contract Tower,6,33,2,0,41,0,2,88,0,90,6,35,90,0,131,96,0,96,227
04/21/2002,MFR,OR,ANM,WE,Federal Contract Tower,6,29,12,0,47,0,0,88,0,88,6,29,100,0,135,78,0,78,213
04/22/2002,MFR,OR,ANM,WE,Federal Contract Tower,5,42,11,1,59,0,5,62,1,68,5,47,73,2,127,44,0,44,171
04/23/2002,MFR,OR,ANM,WE,Federal Contract Tower,5,42,16,0,63,0,4,80,0,84,5,46,96,0,147,104,0,104,251
04/24/2002,MFR,OR,ANM,WE,Federal Contract Tower,5,49,9,0,63,0,5,79,0,84,5,54,88,0,147,88,0,88,235
04/25/2002,MFR,OR,ANM,WE,Federal Contract Tower,5,51,11,0,67,0,6,65,0,71,5,57,76,0,138,54,0,54,192
04/26/2002,MFR,OR,ANM,WE,Federal Contract Tower,5,51,12,0,68,0,4,32,0,36,5,55,44,0,104,56,0,56,160
04/27/2002,MFR,OR,ANM,WE,Federal Contract Tower,7,31,5,0,43,0,5,20,0,25,7,36,25,0,68,44,0,44,112
04/28/2002,MFR,OR,ANM,WE,Federal Contract Tower,6,28,10,0,44,0,6,49,0,55,6,34,59,0,99,16,0,16,115
04/29/2002,MFR,OR,ANM,WE,Federal Contract Tower,5,48,8,0,61,0,4,38,0,42,5,52,46,0,103,60,0,60,163
04/30/2002,MFR,OR,ANM,WE,Federal Contract Tower,6,52,21,0,79,0,0,14,0,14,6,52,35,0,93,72,0,72,165
05/01/2002,MFR,OR,ANM,WE,Federal Contract Tower,8,47,24,0,79,1,9,31,0,41,9,56,55,0,120,92,0,92,212
05/02/2002,MFR,OR,ANM,WE,Federal Contract Tower,4,53,13,0,70,1,4,61,0,66,5,57,74,0,136,62,0,62,198
05/03/2002,MFR,OR,ANM,WE,Federal Contract Tower,5,51,21,0,77,0,6,90,0,96,5,57,111,0,173,74,0,74,247
05/04/2002,MFR,OR,ANM,WE,Federal Contract Tower,7,34,8,0,49,0,5,97,0,102,7,39,105,0,151,120,0,120,271
05/05/2002,MFR,OR,ANM,WE,Federal Contract Tower,6,26,13,0,45,0,3,12,0,15,6,29,25,0,60,32,0,32,92
05/06/2002,MFR,OR,ANM,WE,Federal Contract Tower,7,43,15,6,71,0,2,28,0,30,7,45,43,6,101,32,0,32,133
05/07/2002,MFR,OR,ANM,WE,Federal Contract Tower,5,51,13,0,69,0,3,57,2,62,5,54,70,2,131,104,0,104,235
05/08/2002,MFR,OR,ANM,WE,Federal Contract Tower,5,53,8,0,66,0,3,68,0,71,5,56,76,0,137,96,0,96,233
05/09/2002,MFR,OR,ANM,WE,Federal Contract Tower,8,58,24,0,90,0,3,39,0,42,8,61,63,0,132,74,0,74,206
05/10/2002,MFR,OR,ANM,WE,Federal Contract Tower,7,65,19,0,91,0,5,63,0,68,7,70,82,0,159,114,0,114,273
05/11/2002,MFR,OR,ANM,WE,Federal Contract Tower,6,34,5,0,45,0,3,114,0,117,6,37,119,0,162,176,0,176,338
05/12/2002,MFR,OR,ANM,WE,Federal Contract Tower,6,23,9,0,38,0,5,87,0,92,6,28,96,0,130,92,0,92,222
05/13/2002,MFR,OR,ANM,WE,Federal Contract Tower,5,42,17,0,64,0,4,38,0,42,5,46,55,0,106,64,0,64,170
05/14/2002,MFR,OR,ANM,WE,Federal Contract Tower,8,48,19,0,75,0,9,83,0,92,8,57,102,0,167,92,0,92,259
05/15/2002,MFR,OR,ANM,WE,Federal Contract Tower,5,50,10,0,65,0,8,71,2,81,5,58,81,2,146,68,0,68,214
05/16/2002,MFR,OR,ANM,WE,Federal Contract Tower,5,49,14,0,68,0,5,68,0,73,5,54,82,0,141,68,2,70,211
05/17/2002,MFR,OR,ANM,WE,Federal Contract Tower,5,53,20,0,78,0,0,72,0,72,5,53,92,0,150,110,0,110,260
05/18/2002,MFR,OR,ANM,WE,Federal Contract Tower,6,34,8,0,48,0,0,67,0,67,6,34,75,0,115,80,0,80,195
05/19/2002,MFR,OR,ANM,WE,Federal Contract Tower,6,26,13,0,45,0,2,50,0,52,6,28,63,0,97,54,0,54,151
05/20/2002,MFR,OR,ANM,WE,Federal Contract Tower,5,49,20,0,74,0,5,32,0,37,5,54,52,0,111,74,0,74,185
05/21/2002,MFR,OR,ANM,WE,Federal Contract Tower,5,54,20,0,79,0,3,17,1,21,5,57,37,1,100,70,10,80,180
05/22/2002,MFR,OR,ANM,WE,Federal Contract Tower,5,47,14,0,66,0,6,63,0,69,5,53,77,0,135,50,0,50,185
05/23/2002,MFR,OR,ANM,WE,Federal Contract Tower,5,50,11,0,66,0,3,81,0,84,5,53,92,0,150,68,0,68,218
05/24/2002,MFR,OR,ANM,WE,Federal Contract Tower,5,50,9,0,64,0,7,73,0,80,5,57,82,0,144,40,0,40,184
05/25/2002,MFR,OR,ANM,WE,Federal Contract Tower,5,33,5,0,43,0,3,70,2,75,5,36,75,2,118,44,0,44,162
05/26/2002,MFR,OR,ANM,WE,Federal Contract Tower,3,21,10,0,34,0,0,39,0,39,3,21,49,0,73,68,0,68,141
05/27/2002,MFR,OR,ANM,WE,Federal Contract Tower,5,31,12,0,48,0,0,43,0,43,5,31,55,0,91,42,0,42,133
05/28/2002,MFR,OR,ANM,WE,Federal Contract Tower,5,50,19,0,74,0,2,39,0,41,5,52,58,0,115,78,0,78,193
05/29/2002,MFR,OR,ANM,WE,Federal Contract Tower,6,48,23,0,77,0,3,50,0,53,6,51,73,0,130,74,0,74,204
05/30/2002,MFR,OR,ANM,WE,Federal Contract Tower,5,47,15,0,67,0,5,68,0,73,5,52,83,0,140,76,0,76,216
05/31/2002,MFR,OR,ANM,WE,Federal Contract Tower,6,49,8,0,63,0,1,78,0,79,6,50,86,0,142,82,0,82,224
06/01/2002,MFR,OR,ANM,WE,Federal Contract Tower,6,35,8,0,49,0,0,68,0,68,6,35,76,0,117,78,0,78,195
06/02/2002,MFR,OR,ANM,WE,Federal Contract Tower,6,27,10,0,43,0,2,77,0,79,6,29,87,0,122,58,0,58,180
06/03/2002,MFR,OR,ANM,WE,Federal Contract Tower,5,45,15,0,65,0,3,51,2,56,5,48,66,2,121,90,0,90,211
06/04/2002,MFR,OR,ANM,WE,Federal Contract Tower,5,58,11,0,74,0,5,84,0,89,5,63,95,0,163,88,0,88,251
06/05/2002,MFR,OR,ANM,WE,Federal Contract Tower,5,54,13,0,72,0,3,75,0,78,5,57,88,0,150,96,0,96,246
06/06/2002,MFR,OR,ANM,WE,Federal Contract Tower,5,52,17,0,74,0,3,65,0,68,5,55,82,0,142,62,0,62,204
06/07/2002,MFR,OR,ANM,WE,Federal Contract Tower,7,45,13,0,65,0,4,64,0,68,7,49,77,0,133,58,0,58,191
06/08/2002,MFR,OR,ANM,WE,Federal Contract Tower,8,34,2,2,46,0,2,38,0,40,8,36,40,2,86,54,0,54,140
06/09/2002,MFR,OR,ANM,WE,Federal Contract Tower,8,26,12,0,46,0,3,76,0,79,8,29,88,0,125,72,0,72,197
06/10/2002,MFR,OR,ANM,WE,Federal Contract Tower,7,39,12,0,58,0,2,49,0,51,7,41,61,0,109,70,0,70,179
06/11/2002,MFR,OR,ANM,WE,Federal Contract Tower,5,46,15,2,68,0,6,92,0,98,5,52,107,2,166,114,0,114,280
06/12/2002,MFR,OR,ANM,WE,Federal Contract Tower,7,53,23,0,83,0,5,70,0,75,7,58,93,0,158,108,0,108,266
06/13/2002,MFR,OR,ANM,WE,Federal Contract Tower,4,54,25,0,83,0,8,67,0,75,4,62,92,0,158,40,0,40,198
06/14/2002,MFR,OR,ANM,WE,Federal Contract Tower,6,52,16,2,76,0,12,72,0,84,6,64,88,2,160,38,0,38,198
06/15/2002,MFR,OR,ANM,WE,Federal Contract Tower,6,28,11,0,45,0,0,77,0,77,6,28,88,0,122,50,0,50,172
06/16/2002,MFR,OR,ANM,WE,Federal Contract Tower,7,25,22,0,54,0,0,62,0,62,7,25,84,0,116,66,0,66,182
06/17/2002,MFR,OR,ANM,WE,Federal Contract Tower,5,45,12,0,62,0,2,50,0,52,5,47,62,0,114,88,0,88,202
06/18/2002,MFR,OR,ANM,WE,Federal Contract Tower,4,51,9,0,64,0,3,38,0,41,4,54,47,0,105,34,0,34,139
06/19/2002,MFR,OR,ANM,WE,Federal Contract Tower,6,61,16,3,86,0,3,96,1,100,6,64,112,4,186,96,0,96,282
06/20/2002,MFR,OR,ANM,WE,Federal Contract Tower,5,47,12,0,64,0,3,65,2,70,5,50,77,2,134,40,0,40,174
06/21/2002,MFR,OR,ANM,WE,Federal Contract Tower,6,52,13,4,75,0,5,82,0,87,6,57,95,4,162,72,0,72,234
06/22/2002,MFR,OR,ANM,WE,Federal Contract Tower,10,31,15,0,56,0,0,78,0,78,10,31,93,0,134,48,0,48,182
06/23/2002,MFR,OR,ANM,WE,Federal Contract Tower,8,31,19,0,58,0,0,97,0,97,8,31,116,0,155,60,0,60,215
06/24/2002,MFR,OR,ANM,WE,Federal Contract Tower,8,48,14,0,70,0,4,78,0,82,8,52,92,0,152,58,0,58,210
06/25/2002,MFR,OR,ANM,WE,Federal Contract Tower,9,54,11,0,74,0,7,64,0,71,9,61,75,0,145,56,0,56,201
06/26/2002,MFR,OR,ANM,WE,Federal Contract Tower,5,52,20,0,77,0,8,76,0,84,5,60,96,0,161,62,0,62,223
06/27/2002,MFR,OR,ANM,WE,Federal Contract Tower,9,52,9,0,70,0,5,77,0,82,9,57,86,0,152,62,0,62,214
06/28/2002,MFR,OR,ANM,WE,Federal Contract Tower,5,51,20,0,76,0,4,40,0,44,5,55,60,0,120,58,0,58,178
06/29/2002,MFR,OR,ANM,WE,Federal Contract Tower,8,33,13,0,54,0,6,69,0,75,8,39,82,0,129,82,0,82,211
06/30/2002,MFR,OR,ANM,WE,Federal Contract Tower,9,29,16,0,54,0,0,92,0,92,9,29,108,0,146,56,0,56,202
07/01/2002,MFR,OR,ANM,WE,Federal Contract Tower,7,44,13,0,64,0,2,75,0,77,7,46,88,0,141,80,0,80,221
07/02/2002,MFR,OR,ANM,WE,Federal Contract Tower,5,48,13,0,66,0,2,36,0,38,5,50,49,0,104,34,0,34,138
07/03/2002,MFR,OR,ANM,WE,Federal Contract Tower,5,54,14,0,73,0,1,76,0,77,5,55,90,0,150,34,0,34,184
07/04/2002,MFR,OR,ANM,WE,Federal Contract Tower,5,26,5,0,36,0,2,56,0,58,5,28,61,0,94,34,4,38,132
07/05/2002,MFR,OR,ANM,WE,Federal Contract Tower,5,39,13,0,57,0,3,75,0,78,5,42,88,0,135,34,0,34,169
07/06/2002,MFR,OR,ANM,WE,Federal Contract Tower,7,29,10,0,46,0,1,76,0,77,7,30,86,0,123,28,0,28,151
07/07/2002,MFR,OR,ANM,WE,Federal Contract Tower,7,32,17,0,56,0,3,74,0,77,7,35,91,0,133,34,0,34,167
07/08/2002,MFR,OR,ANM,WE,Federal Contract Tower,7,46,8,0,61,0,2,65,0,67,7,48,73,0,128,12,0,12,140
07/09/2002,MFR,OR,ANM,WE,Federal Contract Tower,8,49,14,0,71,0,7,70,0,77,8,56,84,0,148,68,0,68,216
07/10/2002,MFR,OR,ANM,WE,Federal Contract Tower,7,52,17,0,76,0,6,75,0,81,7,58,92,0,157,72,0,72,229
07/11/2002,MFR,OR,ANM,WE,Federal Contract Tower,7,52,22,0,81,0,7,58,0,65,7,59,80,0,146,62,0,62,208
07/12/2002,MFR,OR,ANM,WE,Federal Contract Tower,7,44,13,0,64,0,7,82,0,89,7,51,95,0,153,42,0,42,195
07/13/2002,MFR,OR,ANM,WE,Federal Contract Tower,7,34,18,0,59,0,5,109,0,114,7,39,127,0,173,56,0,56,229
07/14/2002,MFR,OR,ANM,WE,Federal Contract Tower,7,29,11,0,47,0,6,134,0,140,7,35,145,0,187,60,0,60,247
07/15/2002,MFR,OR,ANM,WE,Federal Contract Tower,8,41,16,0,65,0,0,111,0,111,8,41,127,0,176,44,0,44,220
07/16/2002,MFR,OR,ANM,WE,Federal Contract Tower,7,46,18,0,71,0,6,99,0,105,7,52,117,0,176,68,0,68,244
07/17/2002,MFR,OR,ANM,WE,Federal Contract Tower,7,49,11,0,67,0,5,87,2,94,7,54,98,2,161,74,0,74,235
07/18/2002,MFR,OR,ANM,WE,Federal Contract Tower,8,49,13,0,70,0,9,96,0,105,8,58,109,0,175,50,0,50,225
07/19/2002,MFR,OR,ANM,WE,Federal Contract Tower,7,50,24,4,85,0,6,100,0,106,7,56,124,4,191,48,0,48,239
07/20/2002,MFR,OR,ANM,WE,Federal Contract Tower,7,35,6,0,48,0,6,82,0,88,7,41,88,0,136,46,0,46,182
07/21/2002,MFR,OR,ANM,WE,Federal Contract Tower,7,29,12,1,49,0,2,89,1,92,7,31,101,2,141,94,0,94,235
07/22/2002,MFR,OR,ANM,WE,Federal Contract Tower,6,50,15,1,72,0,5,59,5,69,6,55,74,6,141,56,0,56,197
07/23/2002,MFR,OR,ANM,WE,Federal Contract Tower,7,49,12,0,68,0,4,104,2,110,7,53,116,2,178,94,0,94,272
07/24/2002,MFR,OR,ANM,WE,Federal Contract Tower,7,49,11,3,70,0,3,82,4,89,7,52,93,7,159,108,0,108,267
07/25/2002,MFR,OR,ANM,WE,Federal Contract Tower,7,56,15,1,79,0,3,96,1,100,7,59,111,2,179,126,0,126,305
07/26/2002,MFR,OR,ANM,WE,Federal Contract Tower,13,46,16,2,77,0,3,61,0,64,13,49,77,2,141,48,0,48,189
07/27/2002,MFR,OR,ANM,WE,Federal Contract Tower,8,32,10,0,50,0,5,76,0,81,8,37,86,0,131,42,0,42,173
07/28/2002,MFR,OR,ANM,WE,Federal Contract Tower,7,35,26,4,72,0,3,18,0,21,7,38,44,4,93,22,0,22,115
07/29/2002,MFR,OR,ANM,WE,Federal Contract Tower,7,44,20,7,78,0,0,11,4,15,7,44,31,11,93,26,0,26,119
07/30/2002,MFR,OR,ANM,WE,Federal Contract Tower,8,49,26,3,86,0,2,42,12,56,8,51,68,15,142,54,0,54,196
07/31/2002,MFR,OR,ANM,WE,Federal Contract Tower,7,66,27,0,100,0,6,29,6,41,7,72,56,6,141,32,0,32,173
08/01/2002,MFR,OR,ANM,WE,Federal Contract Tower,11,56,34,4,105,0,2,30,2,34,11,58,64,6,139,22,0,22,161
08/02/2002,MFR,OR,ANM,WE,Federal Contract Tower,9,50,24,0,83,0,2,33,1,36,9,52,57,1,119,42,0,42,161
08/03/2002,MFR,OR,ANM,WE,Federal Contract Tower,7,32,21,2,62,0,0,33,0,33,7,32,54,2,95,44,0,44,139
08/04/2002,MFR,OR,ANM,WE,Federal Contract Tower,11,34,24,2,71,0,0,46,4,50,11,34,70,6,121,38,0,38,159
08/05/2002,MFR,OR,ANM,WE,Federal Contract Tower,7,43,15,4,69,0,1,40,0,41,7,44,55,4,110,64,0,64,174
08/06/2002,MFR,OR,ANM,WE,Federal Contract Tower,7,52,21,3,83,0,4,101,0,105,7,56,122,3,188,74,0,74,262
08/07/2002,MFR,OR,ANM,WE,Federal Contract Tower,7,51,25,1,84,0,4,67,0,71,7,55,92,1,155,34,0,34,189
08/08/2002,MFR,OR,ANM,WE,Federal Contract Tower,10,50,20,0,80,0,3,53,0,56,10,53,73,0,136,26,0,26,162
08/09/2002,MFR,OR,ANM,WE,Federal Contract Tower,11,51,21,0,83,0,4,49,0,53,11,55,70,0,136,38,0,38,174
08/10/2002,MFR,OR,ANM,WE,Federal Contract Tower,12,33,12,0,57,0,2,37,0,39,12,35,49,0,96,8,0,8,104
08/11/2002,MFR,OR,ANM,WE,Federal Contract Tower,12,28,18,0,58,0,0,32,0,32,12,28,50,0,90,14,0,14,104
08/12/2002,MFR,OR,ANM,WE,Federal Contract Tower,9,53,19,0,81,0,5,39,0,44,9,58,58,0,125,58,0,58,183
08/13/2002,MFR,OR,ANM,WE,Federal Contract Tower,7,59,15,0,81,0,4,73,2,79,7,63,88,2,160,18,0,18,178
08/14/2002,MFR,OR,ANM,WE,Federal Contract Tower,8,55,34,0,97,0,5,57,0,62,8,60,91,0,159,24,0,24,183
08/15/2002,MFR,OR,ANM,WE,Federal Contract Tower,9,60,20,0,89,0,3,84,0,87,9,63,104,0,176,50,0,50,226
08/16/2002,MFR,OR,ANM,WE,Federal Contract Tower,13,48,29,0,90,0,11,54,0,65,13,59,83,0,155,80,0,80,235
08/17/2002,MFR,OR,ANM,WE,Federal Contract Tower,19,35,12,0,66,0,3,67,0,70,19,38,79,0,136,38,0,38,174
08/18/2002,MFR,OR,ANM,WE,Federal Contract Tower,11,32,23,2,68,0,5,64,0,69,11,37,87,2,137,86,0,86,223
08/19/2002,MFR,OR,ANM,WE,Federal Contract Tower,9,50,23,1,83,0,6,55,0,61,9,56,78,1,144,36,0,36,180
08/20/2002,MFR,OR,ANM,WE,Federal Contract Tower,8,55,29,3,95,0,0,62,3,65,8,55,91,6,160,92,0,92,252
08/21/2002,MFR,OR,ANM,WE,Federal Contract Tower,5,63,28,0,96,0,4,83,3,90,5,67,111,3,186,6,86,92,278
08/22/2002,MFR,OR,ANM,WE,Federal Contract Tower,9,58,17,6,90,0,2,34,2,38,9,60,51,8,128,2,40,42,170
08/23/2002,MFR,OR,ANM,WE,Federal Contract Tower,9,55,17,2,83,0,5,61,0,66,9,60,78,2,149,42,0,42,191
08/24/2002,MFR,OR,ANM,WE,Federal Contract Tower,10,33,11,0,54,0,2,75,0,77,10,35,86,0,131,44,0,44,175
08/25/2002,MFR,OR,ANM,WE,Federal Contract Tower,7,34,12,5,58,0,3,76,0,79,7,37,88,5,137,32,0,32,169
08/26/2002,MFR,OR,ANM,WE,Federal Contract Tower,7,46,17,1,71,0,0,60,0,60,7,46,77,1,131,42,0,42,173
08/27/2002,MFR,OR,ANM,WE,Federal Contract Tower,11,49,13,0,73,0,5,85,0,90,11,54,98,0,163,64,0,64,227
08/28/2002,MFR,OR,ANM,WE,Federal Contract Tower,7,61,17,0,85,0,3,79,0,82,7,64,96,0,167,124,0,124,291
08/29/2002,MFR,OR,ANM,WE,Federal Contract Tower,7,58,12,0,77,0,7,59,0,66,7,65,71,0,143,30,0,30,173
08/30/2002,MFR,OR,ANM,WE,Federal Contract Tower,9,58,28,0,95,0,2,68,0,70,9,60,96,0,165,36,0,36,201
08/31/2002,MFR,OR,ANM,WE,Federal Contract Tower,8,38,15,0,61,0,6,63,0,69,8,44,78,0,130,50,0,50,180
09/01/2002,MFR,OR,ANM,WE,Federal Contract Tower,9,16,7,0,32,0,1,75,0,76,9,17,82,0,108,38,0,38,146
09/02/2002,MFR,OR,ANM,WE,Federal Contract Tower,12,32,19,0,63,0,2,80,0,82,12,34,99,0,145,54,0,54,199
09/03/2002,MFR,OR,ANM,WE,Federal Contract Tower,6,47,12,0,65,0,4,56,0,60,6,51,68,0,125,38,0,38,163
09/04/2002,MFR,OR,ANM,WE,Federal Contract Tower,5,52,15,0,72,0,5,82,0,87,5,57,97,0,159,88,0,88,247
09/05/2002,MFR,OR,ANM,WE,Federal Contract Tower,7,50,17,0,74,0,8,74,6,88,7,58,91,6,162,44,0,44,206
09/06/2002,MFR,OR,ANM,WE,Federal Contract Tower,5,52,9,0,66,0,9,51,0,60,5,61,60,0,126,58,0,58,184
09/07/2002,MFR,OR,ANM,WE,Federal Contract Tower,8,30,7,0,45,0,1,52,0,53,8,31,59,0,98,30,0,30,128
09/08/2002,MFR,OR,ANM,WE,Federal Contract Tower,7,33,12,0,52,0,6,83,0,89,7,39,95,0,141,66,0,66,207
09/09/2002,MFR,OR,ANM,WE,Federal Contract Tower,5,49,15,0,69,0,4,54,0,58,5,53,69,0,127,66,0,66,193
09/10/2002,MFR,OR,ANM,WE,Federal Contract Tower,6,53,8,0,67,0,2,79,0,81,6,55,87,0,148,82,0,82,230
09/11/2002,MFR,OR,ANM,WE,Federal Contract Tower,6,52,23,0,81,0,3,90,0,93,6,55,113,0,174,110,0,110,284
09/12/2002,MFR,OR,ANM,WE,Federal Contract Tower,7,52,21,0,80,0,3,87,0,90,7,55,108,0,170,98,0,98,268
09/13/2002,MFR,OR,ANM,WE,Federal Contract Tower,5,49,22,0,76,0,9,88,0,97,5,58,110,0,173,140,0,140,313
09/14/2002,MFR,OR,ANM,WE,Federal Contract Tower,8,27,7,1,43,0,5,81,0,86,8,32,88,1,129,70,2,72,201
09/15/2002,MFR,OR,ANM,WE,Federal Contract Tower,5,27,17,0,49,0,0,65,0,65,5,27,82,0,114,40,0,40,154
09/16/2002,MFR,OR,ANM,WE,Federal Contract Tower,5,49,7,1,62,0,2,69,1,72,5,51,76,2,134,42,0,42,176
09/17/2002,MFR,OR,ANM,WE,Federal Contract Tower,5,48,12,3,68,0,2,25,0,27,5,50,37,3,95,46,2,48,143
09/18/2002,MFR,OR,ANM,WE,Federal Contract Tower,5,48,17,0,70,0,0,46,4,50,5,48,63,4,120,64,0,64,184
09/19/2002,MFR,OR,ANM,WE,Federal Contract Tower,5,49,16,4,74,0,5,85,0,90,5,54,101,4,164,76,0,76,240
09/20/2002,MFR,OR,ANM,WE,Federal Contract Tower,5,51,14,1,71,0,8,98,1,107,5,59,112,2,178,98,2,100,278
09/21/2002,MFR,OR,ANM,WE,Federal Contract Tower,6,29,10,2,47,0,7,106,0,113,6,36,116,2,160,86,0,86,246
09/22/2002,MFR,OR,ANM,WE,Federal Contract Tower,5,28,17,0,50,0,4,65,0,69,5,32,82,0,119,42,0,42,161
09/23/2002,MFR,OR,ANM,WE,Federal Contract Tower,5,46,7,0,58,0,9,85,0,94,5,55,92,0,152,56,2,58,210
09/24/2002,MFR,OR,ANM,WE,Federal Contract Tower,6,43,16,0,65,0,6,55,0,61,6,49,71,0,126,106,0,106,232
09/25/2002,MFR,OR,ANM,WE,Federal Contract Tower,5,57,14,0,76,0,3,68,1,72,5,60,82,1,148,36,0,36,184
09/26/2002,MFR,OR,ANM,WE,Federal Contract Tower,5,55,19,1,80,0,6,57,1,64,5,61,76,2,144,42,0,42,186
09/27/2002,MFR,OR,ANM,WE,Federal Contract Tower,5,55,20,0,80,0,4,54,0,58,5,59,74,0,138,32,0,32,170
09/28/2002,MFR,OR,ANM,WE,Federal Contract Tower,7,36,16,0,59,0,2,91,0,93,7,38,107,0,152,66,0,66,218
09/29/2002,MFR,OR,ANM,WE,Federal Contract Tower,5,32,20,2,59,0,0,39,0,39,5,32,59,2,98,36,0,36,134
09/30/2002,MFR,OR,ANM,WE,Federal Contract Tower,6,47,15,0,68,0,2,23,3,28,6,49,38,3,96,20,0,20,116
10/01/2002,MFR,OR,ANM,WE,Federal Contract Tower,5,54,12,2,73,0,4,24,1,29,5,58,36,3,102,48,0,48,150
10/02/2002,MFR,OR,ANM,WE,Federal Contract Tower,5,52,11,0,68,0,3,49,0,52,5,55,60,0,120,34,0,34,154
10/03/2002,MFR,OR,ANM,WE,Federal Contract Tower,5,55,16,0,76,0,0,36,0,36,5,55,52,0,112,56,0,56,168
10/04/2002,MFR,OR,ANM,WE,Federal Contract Tower,5,58,42,0,105,0,2,26,0,28,5,60,68,0,133,42,0,42,175
10/05/2002,MFR,OR,ANM,WE,Federal Contract Tower,8,38,12,2,60,0,0,65,0,65,8,38,77,2,125,118,0,118,243
10/06/2002,MFR,OR,ANM,WE,Federal Contract Tower,7,30,17,0,54,0,0,55,0,55,7,30,72,0,109,34,0,34,143
10/07/2002,MFR,OR,ANM,WE,Federal Contract Tower,4,57,19,0,80,0,5,63,0,68,4,62,82,0,148,36,0,36,184
10/08/2002,MFR,OR,ANM,WE,Federal Contract Tower,5,55,11,0,71,0,4,67,0,71,5,59,78,0,142,62,0,62,204
10/09/2002,MFR,OR,ANM,WE,Federal Contract Tower,5,50,14,0,69,0,7,71,0,78,5,57,85,0,147,52,0,52,199
10/10/2002,MFR,OR,ANM,WE,Federal Contract Tower,6,55,11,0,72,0,1,22,1,24,6,56,33,1,96,26,0,26,122
10/11/2002,MFR,OR,ANM,WE,Federal Contract Tower,9,53,20,0,82,0,6,67,0,73,9,59,87,0,155,42,0,42,197
10/12/2002,MFR,OR,ANM,WE,Federal Contract Tower,9,29,7,0,45,0,2,74,0,76,9,31,81,0,121,56,0,56,177
10/13/2002,MFR,OR,ANM,WE,Federal Contract Tower,7,30,8,0,45,0,0,109,0,109,7,30,117,0,154,78,0,78,232
10/14/2002,MFR,OR,ANM,WE,Federal Contract Tower,5,47,21,0,73,0,2,57,0,59,5,49,78,0,132,62,0,62,194
10/15/2002,MFR,OR,ANM,WE,Federal Contract Tower,6,51,11,0,68,0,3,74,0,77,6,54,85,0,145,68,0,68,213
10/16/2002,MFR,OR,ANM,WE,Federal Contract Tower,5,52,9,0,66,0,6,63,0,69,5,58,72,0,135,36,0,36,171
10/17/2002,MFR,OR,ANM,WE,Federal Contract Tower,6,48,13,2,69,0,12,73,0,85,6,60,86,2,154,50,0,50,204
10/18/2002,MFR,OR,ANM,WE,Federal Contract Tower,6,57,21,0,84,0,5,83,0,88,6,62,104,0,172,60,0,60,232
10/19/2002,MFR,OR,ANM,WE,Federal Contract Tower,6,35,5,0,46,0,4,66,0,70,6,39,71,0,116,42,0,42,158
10/20/2002,MFR,OR,ANM,WE,Federal Contract Tower,5,31,7,2,45,0,2,57,0,59,5,33,64,2,104,42,0,42,146
10/21/2002,MFR,OR,ANM,WE,Federal Contract Tower,5,54,14,0,73,0,3,48,0,51,5,57,62,0,124,42,0,42,166
10/22/2002,MFR,OR,ANM,WE,Federal Contract Tower,5,52,18,0,75,0,5,38,0,43,5,57,56,0,118,38,0,38,156
10/23/2002,MFR,OR,ANM,WE,Federal Contract Tower,5,54,9,0,68,0,4,68,0,72,5,58,77,0,140,88,0,88,228
10/24/2002,MFR,OR,ANM,WE,Federal Contract Tower,6,48,15,0,69,0,3,32,0,35,6,51,47,0,104,24,0,24,128
10/25/2002,MFR,OR,ANM,WE,Federal Contract Tower,5,55,12,0,72,0,0,75,0,75,5,55,87,0,147,74,0,74,221
10/26/2002,MFR,OR,ANM,WE,Federal Contract Tower,6,31,3,0,40,0,1,56,0,57,6,32,59,0,97,88,0,88,185
10/27/2002,MFR,OR,ANM,WE,Federal Contract Tower,7,28,11,0,46,0,0,54,0,54,7,28,65,0,100,68,0,68,168
10/28/2002,MFR,OR,ANM,WE,Federal Contract Tower,5,58,19,0,82,0,3,48,0,51,5,61,67,0,133,74,0,74,207
10/29/2002,MFR,OR,ANM,WE,Federal Contract Tower,13,44,14,0,71,0,3,41,0,44,13,47,55,0,115,52,0,52,167
10/30/2002,MFR,OR,ANM,WE,Federal Contract Tower,7,50,8,0,65,0,4,27,0,31,7,54,35,0,96,60,0,60,156
10/31/2002,MFR,OR,ANM,WE,Federal Contract Tower,6,49,15,0,70,0,4,43,0,47,6,53,58,0,117,58,0,58,175
11/01/2002,MFR,OR,ANM,WE,Federal Contract Tower,7,48,15,0,70,0,3,57,0,60,7,51,72,0,130,24,0,24,154
11/02/2002,MFR,OR,ANM,WE,Federal Contract Tower,6,32,4,0,42,0,3,78,0,81,6,35,82,0,123,54,0,54,177
11/03/2002,MFR,OR,ANM,WE,Federal Contract Tower,7,30,18,0,55,0,3,90,0,93,7,33,108,0,148,96,0,96,244
11/04/2002,MFR,OR,ANM,WE,Federal Contract Tower,8,58,12,0,78,0,4,62,0,66,8,62,74,0,144,84,0,84,228
11/05/2002,MFR,OR,ANM,WE,Federal Contract Tower,8,51,13,0,72,0,2,58,1,61,8,53,71,1,133,62,0,62,195
11/06/2002,MFR,OR,ANM,WE,Federal Contract Tower,7,52,14,0,73,0,3,23,0,26,7,55,37,0,99,16,0,16,115
11/07/2002,MFR,OR,ANM,WE,Federal Contract Tower,4,49,13,0,66,0,1,0,0,1,4,50,13,0,67,0,0,0,67
11/08/2002,MFR,OR,ANM,WE,Federal Contract Tower,6,52,18,0,76,0,3,6,0,9,6,55,24,0,85,2,0,2,87
11/09/2002,MFR,OR,ANM,WE,Federal Contract Tower,6,34,3,0,43,0,0,5,0,5,6,34,8,0,48,0,0,0,48
11/10/2002,MFR,OR,ANM,WE,Federal Contract Tower,7,27,7,0,41,0,0,6,0,6,7,27,13,0,47,0,0,0,47
11/11/2002,MFR,OR,ANM,WE,Federal Contract Tower,7,49,12,0,68,0,0,22,0,22,7,49,34,0,90,22,0,22,112
11/12/2002,MFR,OR,ANM,WE,Federal Contract Tower,8,55,16,0,79,0,0,2,0,2,8,55,18,0,81,2,0,2,83
11/13/2002,MFR,OR,ANM,WE,Federal Contract Tower,7,56,28,0,91,0,2,13,0,15,7,58,41,0,106,4,0,4,110
11/14/2002,MFR,OR,ANM,WE,Federal Contract Tower,8,54,16,0,78,0,2,34,0,36,8,56,50,0,114,74,0,74,188
11/15/2002,MFR,OR,ANM,WE,Federal Contract Tower,7,55,11,0,73,0,0,31,0,31,7,55,42,0,104,44,0,44,148
11/16/2002,MFR,OR,ANM,WE,Federal Contract Tower,6,36,7,0,49,0,0,11,0,11,6,36,18,0,60,20,0,20,80
11/17/2002,MFR,OR,ANM,WE,Federal Contract Tower,7,31,5,0,43,0,0,44,0,44,7,31,49,0,87,58,0,58,145
11/18/2002,MFR,OR,ANM,WE,Federal Contract Tower,8,52,12,0,72,0,0,22,2,24,8,52,34,2,96,0,34,34,130
11/19/2002,MFR,OR,ANM,WE,Federal Contract Tower,7,49,9,2,67,0,4,52,0,56,7,53,61,2,123,80,0,80,203
11/20/2002,MFR,OR,ANM,WE,Federal Contract Tower,8,48,19,0,75,0,7,38,0,45,8,55,57,0,120,20,0,20,140
11/21/2002,MFR,OR,ANM,WE,Federal Contract Tower,8,63,13,0,84,0,0,39,0,39,8,63,52,0,123,92,0,92,215
11/22/2002,MFR,OR,ANM,WE,Federal Contract Tower,9,49,18,0,76,0,0,7,0,7,9,49,25,0,83,6,0,6,89
11/23/2002,MFR,OR,ANM,WE,Federal Contract Tower,6,35,11,0,52,0,0,0,0,0,6,35,11,0,52,0,0,0,52
11/24/2002,MFR,OR,ANM,WE,Federal Contract Tower,7,33,17,2,59,0,0,11,0,11,7,33,28,2,70,26,6,32,102
11/25/2002,MFR,OR,ANM,WE,Federal Contract Tower,7,52,21,0,80,0,1,71,1,73,7,53,92,1,153,68,0,68,221
11/26/2002,MFR,OR,ANM,WE,Federal Contract Tower,7,59,16,2,84,0,6,59,0,65,7,65,75,2,149,16,0,16,165
11/27/2002,MFR,OR,ANM,WE,Federal Contract Tower,7,55,12,1,75,0,5,65,2,72,7,60,77,3,147,32,0,32,179
11/28/2002,MFR,OR,ANM,WE,Federal Contract Tower,4,28,1,0,33,0,0,30,0,30,4,28,31,0,63,20,0,20,83
11/29/2002,MFR,OR,ANM,WE,Federal Contract Tower,12,36,5,0,53,0,6,58,0,64,12,42,63,0,117,24,0,24,141
11/30/2002,MFR,OR,ANM,WE,Federal Contract Tower,9,39,7,0,55,0,0,29,0,29,9,39,36,0,84,54,0,54,138
12/01/2002,MFR,OR,ANM,WE,Federal Contract Tower,4,28,26,0,58,0,1,22,0,23,4,29,48,0,81,32,0,32,113
12/02/2002,MFR,OR,ANM,WE,Federal Contract Tower,6,31,19,0,56,0,0,14,0,14,6,31,33,0,70,10,0,10,80
12/03/2002,MFR,OR,ANM,WE,Federal Contract Tower,6,47,17,0,70,0,0,0,0,0,6,47,17,0,70,8,0,8,78
12/04/2002,MFR,OR,ANM,WE,Federal Contract Tower,9,55,12,0,76,0,0,23,0,23,9,55,35,0,99,30,0,30,129
12/05/2002,MFR,OR,ANM,WE,Federal Contract Tower,8,38,12,0,58,0,3,27,0,30,8,41,39,0,88,8,0,8,96
12/06/2002,MFR,OR,ANM,WE,Federal Contract Tower,4,28,24,0,56,0,3,0,0,3,4,31,24,0,59,0,0,0,59
12/07/2002,MFR,OR,ANM,WE,Federal Contract Tower,5,21,4,0,30,0,0,0,0,0,5,21,4,0,30,14,0,14,44
12/08/2002,MFR,OR,ANM,WE,Federal Contract Tower,5,23,18,0,46,0,0,0,0,0,5,23,18,0,46,6,0,6,52
12/09/2002,MFR,OR,ANM,WE,Federal Contract Tower,7,49,14,0,70,0,2,43,0,45,7,51,57,0,115,44,0,44,159
12/10/2002,MFR,OR,ANM,WE,Federal Contract Tower,7,51,28,0,86,0,0,5,0,5,7,51,33,0,91,18,0,18,109
12/11/2002,MFR,OR,ANM,WE,Federal Contract Tower,7,61,10,0,78,0,2,2,0,4,7,63,12,0,82,4,0,4,86
12/12/2002,MFR,OR,ANM,WE,Federal Contract Tower,7,42,16,0,65,0,3,5,0,8,7,45,21,0,73,8,0,8,81
12/13/2002,MFR,OR,ANM,WE,Federal Contract Tower,7,51,21,0,79,0,0,5,0,5,7,51,26,0,84,8,0,8,92
12/14/2002,MFR,OR,ANM,WE,Federal Contract Tower,6,37,10,0,53,0,0,7,0,7,6,37,17,0,60,2,0,2,62
12/15/2002,MFR,OR,ANM,WE,Federal Contract Tower,7,26,4,0,37,0,0,0,0,0,7,26,4,0,37,0,0,0,37
12/16/2002,MFR,OR,ANM,WE,Federal Contract Tower,7,52,8,0,67,0,0,8,0,8,7,52,16,0,75,36,0,36,111
12/17/2002,MFR,OR,ANM,WE,Federal Contract Tower,5,56,10,0,71,0,0,28,0,28,5,56,38,0,99,20,0,20,119
12/18/2002,MFR,OR,ANM,WE,Federal Contract Tower,7,59,19,0,85,0,0,8,0,8,7,59,27,0,93,2,0,2,95
12/19/2002,MFR,OR,ANM,WE,Federal Contract Tower,6,58,11,0,75,0,1,1,0,2,6,59,12,0,77,0,0,0,77
12/20/2002,MFR,OR,ANM,WE,Federal Contract Tower,7,56,17,0,80,0,0,11,0,11,7,56,28,0,91,4,0,4,95
12/21/2002,MFR,OR,ANM,WE,Federal Contract Tower,7,41,8,0,56,0,0,28,0,28,7,41,36,0,84,20,0,20,104
12/22/2002,MFR,OR,ANM,WE,Federal Contract Tower,7,31,12,0,50,0,0,27,0,27,7,31,39,0,77,42,0,42,119
12/23/2002,MFR,OR,ANM,WE,Federal Contract Tower,7,53,21,0,81,0,5,31,0,36,7,58,52,0,117,6,0,6,123
12/24/2002,MFR,OR,ANM,WE,Federal Contract Tower,4,53,1,0,58,0,2,9,0,11,4,55,10,0,69,0,0,0,69
12/25/2002,MFR,OR,ANM,WE,Federal Contract Tower,4,25,3,0,32,0,0,6,0,6,4,25,9,0,38,0,0,0,38
12/26/2002,MFR,OR,ANM,WE,Federal Contract Tower,6,53,9,0,68,0,0,1,0,1,6,53,10,0,69,0,0,0,69
12/27/2002,MFR,OR,ANM,WE,Federal Contract Tower,7,48,6,0,61,0,0,0,0,0,7,48,6,0,61,4,0,4,65
12/28/2002,MFR,OR,ANM,WE,Federal Contract Tower,7,33,6,0,46,0,0,0,0,0,7,33,6,0,46,0,0,0,46
12/29/2002,MFR,OR,ANM,WE,Federal Contract Tower,7,30,7,0,44,0,0,10,0,10,7,30,17,0,54,22,0,22,76
12/30/2002,MFR,OR,ANM,WE,Federal Contract Tower,7,48,14,0,69,0,1,2,0,3,7,49,16,0,72,8,0,8,80
12/31/2002,MFR,OR,ANM,WE,Federal Contract Tower,4,46,6,0,56,0,3,20,0,23,4,49,26,0,79,52,0,52,131
01/01/2003,MFR,OR,ANM,WE,Federal Contract Tower,7,27,9,0,43,0,0,13,0,13,7,27,22,0,56,46,0,46,102
01/02/2003,MFR,OR,ANM,WE,Federal Contract Tower,7,49,7,0,63,0,0,22,0,22,7,49,29,0,85,40,0,40,125
01/03/2003,MFR,OR,ANM,WE,Federal Contract Tower,3,41,11,0,55,4,0,22,0,26,7,41,33,0,81,48,0,48,129
01/04/2003,MFR,OR,ANM,WE,Federal Contract Tower,7,34,17,0,58,0,0,16,0,16,7,34,33,0,74,36,0,36,110
01/05/2003,MFR,OR,ANM,WE,Federal Contract Tower,7,34,19,0,60,0,2,80,0,82,7,36,99,0,142,108,0,108,250
01/06/2003,MFR,OR,ANM,WE,Federal Contract Tower,7,48,10,0,65,0,5,58,0,63,7,53,68,0,128,34,0,34,162
01/07/2003,MFR,OR,ANM,WE,Federal Contract Tower,2,58,12,0,72,0,6,59,0,65,2,64,71,0,137,76,0,76,213
01/08/2003,MFR,OR,ANM,WE,Federal Contract Tower,2,59,13,0,74,0,4,65,0,69,2,63,78,0,143,26,0,26,169
01/09/2003,MFR,OR,ANM,WE,Federal Contract Tower,2,60,25,0,87,0,5,33,0,38,2,65,58,0,125,38,0,38,163
01/10/2003,MFR,OR,ANM,WE,Federal Contract Tower,2,64,18,0,84,0,1,18,0,19,2,65,36,0,103,28,0,28,131
01/11/2003,MFR,OR,ANM,WE,Federal Contract Tower,1,45,12,0,58,0,0,31,0,31,1,45,43,0,89,56,0,56,145
01/12/2003,MFR,OR,ANM,WE,Federal Contract Tower,3,40,9,0,52,0,0,2,0,2,3,40,11,0,54,8,0,8,62
01/13/2003,MFR,OR,ANM,WE,Federal Contract Tower,2,62,12,0,76,0,0,3,0,3,2,62,15,0,79,26,0,26,105
01/14/2003,MFR,OR,ANM,WE,Federal Contract Tower,2,58,18,0,78,0,4,4,0,8,2,62,22,0,86,16,0,16,102
01/15/2003,MFR,OR,ANM,WE,Federal Contract Tower,4,63,16,2,85,0,2,16,0,18,4,65,32,2,103,36,0,36,139
01/16/2003,MFR,OR,ANM,WE,Federal Contract Tower,2,57,19,0,78,0,0,18,0,18,2,57,37,0,96,8,0,8,104
01/17/2003,MFR,OR,ANM,WE,Federal Contract Tower,4,59,18,2,83,0,2,24,0,26,4,61,42,2,109,24,0,24,133
01/18/2003,MFR,OR,ANM,WE,Federal Contract Tower,2,39,7,0,48,0,0,67,0,67,2,39,74,0,115,56,0,56,171
01/19/2003,MFR,OR,ANM,WE,Federal Contract Tower,2,34,9,0,45,0,0,24,0,24,2,34,33,0,69,66,0,66,135
01/20/2003,MFR,OR,ANM,WE,Federal Contract Tower,0,36,13,0,49,0,0,1,0,1,0,36,14,0,50,0,0,0,50
01/21/2003,MFR,OR,ANM,WE,Federal Contract Tower,2,60,19,0,81,0,0,39,2,41,2,60,58,2,122,76,0,76,198
01/22/2003,MFR,OR,ANM,WE,Federal Contract Tower,2,61,20,0,83,0,0,1,0,1,2,61,21,0,84,0,0,0,84
01/23/2003,MFR,OR,ANM,WE,Federal Contract Tower,2,6,17,0,25,0,0,16,1,17,2,6,33,1,42,30,0,30,72
01/24/2003,MFR,OR,ANM,WE,Federal Contract Tower,8,66,18,2,94,0,0,23,0,23,8,66,41,2,117,12,0,12,129
01/25/2003,MFR,OR,ANM,WE,Federal Contract Tower,0,46,21,0,67,0,0,22,0,22,0,46,43,0,89,48,0,48,137
01/26/2003,MFR,OR,ANM,WE,Federal Contract Tower,4,39,17,0,60,0,0,6,0,6,4,39,23,0,66,10,0,10,76
01/27/2003,MFR,OR,ANM,WE,Federal Contract Tower,2,64,19,0,85,0,0,26,0,26,2,64,45,0,111,32,0,32,143
01/28/2003,MFR,OR,ANM,WE,Federal Contract Tower,2,68,16,0,86,0,1,25,0,26,2,69,41,0,112,0,0,0,112
01/29/2003,MFR,OR,ANM,WE,Federal Contract Tower,2,65,23,0,90,0,1,14,0,15,2,66,37,0,105,34,0,34,139
01/30/2003,MFR,OR,ANM,WE,Federal Contract Tower,2,63,18,1,84,0,3,3,0,6,2,66,21,1,90,0,2,2,92
01/31/2003,MFR,OR,ANM,WE,Federal Contract Tower,2,62,20,0,84,0,0,6,0,6,2,62,26,0,90,12,0,12,102
02/01/2003,MFR,OR,ANM,WE,Federal Contract Tower,0,46,11,0,57,0,0,23,0,23,0,46,34,0,80,106,0,106,186
02/02/2003,MFR,OR,ANM,WE,Federal Contract Tower,2,40,5,0,47,0,1,46,0,47,2,41,51,0,94,82,0,82,176
02/03/2003,MFR,OR,ANM,WE,Federal Contract Tower,0,65,13,0,78,0,2,54,0,56,0,67,67,0,134,38,0,38,172
02/04/2003,MFR,OR,ANM,WE,Federal Contract Tower,2,59,6,0,67,0,3,70,0,73,2,62,76,0,140,54,0,54,194
02/05/2003,MFR,OR,ANM,WE,Federal Contract Tower,3,56,20,0,79,0,1,73,0,74,3,57,93,0,153,62,0,62,215
02/06/2003,MFR,OR,ANM,WE,Federal Contract Tower,2,54,11,0,67,0,0,49,2,51,2,54,60,2,118,86,0,86,204
02/07/2003,MFR,OR,ANM,WE,Federal Contract Tower,3,63,19,0,85,4,2,94,0,100,7,65,113,0,185,96,0,96,281
02/08/2003,MFR,OR,ANM,WE,Federal Contract Tower,1,47,9,0,57,0,3,94,0,97,1,50,103,0,154,86,0,86,240
02/09/2003,MFR,OR,ANM,WE,Federal Contract Tower,3,36,8,0,47,0,0,108,0,108,3,36,116,0,155,66,0,66,221
02/10/2003,MFR,OR,ANM,WE,Federal Contract Tower,2,58,7,0,67,0,4,54,0,58,2,62,61,0,125,58,0,58,183
02/11/2003,MFR,OR,ANM,WE,Federal Contract Tower,2,65,9,0,76,0,4,50,0,54,2,69,59,0,130,80,0,80,210
02/12/2003,MFR,OR,ANM,WE,Federal Contract Tower,1,53,13,0,67,1,17,52,0,70,2,70,65,0,137,34,0,34,171
02/13/2003,MFR,OR,ANM,WE,Federal Contract Tower,0,62,21,0,83,0,1,10,0,11,0,63,31,0,94,34,0,34,128
02/14/2003,MFR,OR,ANM,WE,Federal Contract Tower,2,61,21,0,84,0,2,51,0,53,2,63,72,0,137,126,0,126,263
02/15/2003,MFR,OR,ANM,WE,Federal Contract Tower,0,45,4,0,49,0,0,7,0,7,0,45,11,0,56,42,0,42,98
02/16/2003,MFR,OR,ANM,WE,Federal Contract Tower,2,38,4,0,44,0,0,12,0,12,2,38,16,0,56,12,0,12,68
02/17/2003,MFR,OR,ANM,WE,Federal Contract Tower,4,56,10,0,70,0,0,14,0,14,4,56,24,0,84,52,0,52,136
02/18/2003,MFR,OR,ANM,WE,Federal Contract Tower,2,66,21,0,89,0,0,16,0,16,2,66,37,0,105,30,0,30,135
02/19/2003,MFR,OR,ANM,WE,Federal Contract Tower,3,62,11,0,76,0,1,7,0,8,3,63,18,0,84,34,0,34,118
02/20/2003,MFR,OR,ANM,WE,Federal Contract Tower,2,62,13,0,77,0,0,23,0,23,2,62,36,0,100,86,0,86,186
02/21/2003,MFR,OR,ANM,WE,Federal Contract Tower,2,64,11,0,77,0,0,31,0,31,2,64,42,0,108,64,10,74,182
02/22/2003,MFR,OR,ANM,WE,Federal Contract Tower,0,45,12,2,59,0,1,66,2,69,0,46,78,4,128,84,0,84,212
02/23/2003,MFR,OR,ANM,WE,Federal Contract Tower,0,33,12,0,45,0,0,87,0,87,0,33,99,0,132,92,0,92,224
02/24/2003,MFR,OR,ANM,WE,Federal Contract Tower,2,55,19,0,76,0,9,52,0,61,2,64,71,0,137,42,0,42,179
02/25/2003,MFR,OR,ANM,WE,Federal Contract Tower,2,55,15,0,72,0,4,86,0,90,2,59,101,0,162,66,0,66,228
02/26/2003,MFR,OR,ANM,WE,Federal Contract Tower,2,61,19,0,82,0,1,32,2,35,2,62,51,2,117,48,0,48,165
02/27/2003,MFR,OR,ANM,WE,Federal Contract Tower,2,61,15,0,78,0,3,29,0,32,2,64,44,0,110,56,0,56,166
02/28/2003,MFR,OR,ANM,WE,Federal Contract Tower,2,61,16,0,79,0,4,29,0,33,2,65,45,0,112,48,0,48,160
03/01/2003,MFR,OR,ANM,WE,Federal Contract Tower,0,42,13,0,55,0,2,28,0,30,0,44,41,0,85,46,0,46,131
03/02/2003,MFR,OR,ANM,WE,Federal Contract Tower,3,35,16,0,54,0,0,40,3,43,3,35,56,3,97,0,28,28,125
03/03/2003,MFR,OR,ANM,WE,Federal Contract Tower,2,60,11,0,73,0,1,19,1,21,2,61,30,1,94,0,14,14,108
03/04/2003,MFR,OR,ANM,WE,Federal Contract Tower,2,66,17,0,85,0,0,34,0,34,2,66,51,0,119,0,28,28,147
03/05/2003,MFR,OR,ANM,WE,Federal Contract Tower,2,63,7,2,74,0,4,43,0,47,2,67,50,2,121,36,0,36,157
03/06/2003,MFR,OR,ANM,WE,Federal Contract Tower,2,63,9,0,74,0,0,2,0,2,2,63,11,0,76,20,0,20,96
03/07/2003,MFR,OR,ANM,WE,Federal Contract Tower,2,63,28,0,93,0,1,25,0,26,2,64,53,0,119,58,0,58,177
03/08/2003,MFR,OR,ANM,WE,Federal Contract Tower,0,47,12,0,59,0,0,71,0,71,0,47,83,0,130,74,0,74,204
03/09/2003,MFR,OR,ANM,WE,Federal Contract Tower,3,35,13,0,51,0,0,6,0,6,3,35,19,0,57,6,0,6,63
03/10/2003,MFR,OR,ANM,WE,Federal Contract Tower,2,66,16,2,86,0,1,23,0,24,2,67,39,2,110,16,0,16,126
03/11/2003,MFR,OR,ANM,WE,Federal Contract Tower,2,68,10,0,80,0,0,22,0,22,2,68,32,0,102,40,0,40,142
03/12/2003,MFR,OR,ANM,WE,Federal Contract Tower,2,59,23,0,84,0,2,19,0,21,2,61,42,0,105,34,0,34,139
03/13/2003,MFR,OR,ANM,WE,Federal Contract Tower,2,67,18,0,87,0,1,12,0,13,2,68,30,0,100,14,0,14,114
03/14/2003,MFR,OR,ANM,WE,Federal Contract Tower,0,61,9,0,70,0,0,24,0,24,0,61,33,0,94,30,0,30,124
03/15/2003,MFR,OR,ANM,WE,Federal Contract Tower,0,42,6,0,48,0,0,5,0,5,0,42,11,0,53,32,0,32,85
03/16/2003,MFR,OR,ANM,WE,Federal Contract Tower,2,37,6,0,45,0,0,11,0,11,2,37,17,0,56,12,0,12,68
03/17/2003,MFR,OR,ANM,WE,Federal Contract Tower,2,57,12,0,71,0,5,20,0,25,2,62,32,0,96,24,0,24,120
03/18/2003,MFR,OR,ANM,WE,Federal Contract Tower,2,54,33,0,89,0,3,63,0,66,2,57,96,0,155,40,0,40,195
03/19/2003,MFR,OR,ANM,WE,Federal Contract Tower,2,59,29,0,90,0,1,8,0,9,2,60,37,0,99,12,0,12,111
03/20/2003,MFR,OR,ANM,WE,Federal Contract Tower,2,70,21,0,93,0,2,23,0,25,2,72,44,0,118,80,0,80,198
03/21/2003,MFR,OR,ANM,WE,Federal Contract Tower,4,66,26,0,96,0,5,8,0,13,4,71,34,0,109,22,0,22,131
03/22/2003,MFR,OR,ANM,WE,Federal Contract Tower,0,46,13,0,59,0,0,2,0,2,0,46,15,0,61,4,0,4,65
03/23/2003,MFR,OR,ANM,WE,Federal Contract Tower,2,39,5,0,46,0,2,37,0,39,2,41,42,0,85,52,0,52,137
03/24/2003,MFR,OR,ANM,WE,Federal Contract Tower,2,56,9,0,67,0,0,54,0,54,2,56,63,0,121,44,0,44,165
03/25/2003,MFR,OR,ANM,WE,Federal Contract Tower,2,69,9,0,80,0,0,3,0,3,2,69,12,0,83,4,0,4,87
03/26/2003,MFR,OR,ANM,WE,Federal Contract Tower,2,66,13,0,81,0,0,11,0,11,2,66,24,0,92,10,0,10,102
03/27/2003,MFR,OR,ANM,WE,Federal Contract Tower,2,67,13,0,82,0,0,50,0,50,2,67,63,0,132,46,0,46,178
03/28/2003,MFR,OR,ANM,WE,Federal Contract Tower,5,67,17,0,89,0,6,80,0,86,5,73,97,0,175,56,0,56,231
03/29/2003,MFR,OR,ANM,WE,Federal Contract Tower,4,43,13,0,60,0,1,92,0,93,4,44,105,0,153,86,0,86,239
03/30/2003,MFR,OR,ANM,WE,Federal Contract Tower,2,34,14,0,50,0,0,78,0,78,2,34,92,0,128,84,0,84,212
03/31/2003,MFR,OR,ANM,WE,Federal Contract Tower,4,63,11,0,78,0,2,36,0,38,4,65,47,0,116,36,0,36,152
04/01/2003,MFR,OR,ANM,WE,Federal Contract Tower,3,62,16,0,81,0,1,22,0,23,3,63,38,0,104,36,0,36,140
04/02/2003,MFR,OR,ANM,WE,Federal Contract Tower,2,65,15,2,84,0,1,4,0,5,2,66,19,2,89,8,0,8,97
04/03/2003,MFR,OR,ANM,WE,Federal Contract Tower,4,64,23,0,91,0,2,7,0,9,4,66,30,0,100,32,0,32,132
04/04/2003,MFR,OR,ANM,WE,Federal Contract Tower,2,62,23,0,87,0,0,25,0,25,2,62,48,0,112,54,0,54,166
04/05/2003,MFR,OR,ANM,WE,Federal Contract Tower,4,50,9,0,63,0,1,18,0,19,4,51,27,0,82,56,0,56,138
04/06/2003,MFR,OR,ANM,WE,Federal Contract Tower,2,33,7,0,42,0,0,4,0,4,2,33,11,0,46,0,0,0,46
04/07/2003,MFR,OR,ANM,WE,Federal Contract Tower,7,49,7,0,63,0,3,50,0,53,7,52,57,0,116,56,0,56,172
04/08/2003,MFR,OR,ANM,WE,Federal Contract Tower,5,59,10,0,74,0,3,63,0,66,5,62,73,0,140,88,0,88,228
04/09/2003,MFR,OR,ANM,WE,Federal Contract Tower,5,62,14,0,81,0,6,33,0,39,5,68,47,0,120,46,0,46,166
04/10/2003,MFR,OR,ANM,WE,Federal Contract Tower,5,53,15,0,73,0,7,20,0,27,5,60,35,0,100,38,0,38,138
04/11/2003,MFR,OR,ANM,WE,Federal Contract Tower,10,61,12,0,83,0,3,35,0,38,10,64,47,0,121,44,0,44,165
04/12/2003,MFR,OR,ANM,WE,Federal Contract Tower,4,43,9,0,56,0,0,13,0,13,4,43,22,0,69,18,0,18,87
04/13/2003,MFR,OR,ANM,WE,Federal Contract Tower,5,34,10,0,49,0,1,13,0,14,5,35,23,0,63,16,0,16,79
04/14/2003,MFR,OR,ANM,WE,Federal Contract Tower,5,56,12,0,73,0,3,12,0,15,5,59,24,0,88,26,0,26,114
04/15/2003,MFR,OR,ANM,WE,Federal Contract Tower,5,58,9,0,72,0,3,37,0,40,5,61,46,0,112,64,0,64,176
04/16/2003,MFR,OR,ANM,WE,Federal Contract Tower,5,55,8,0,68,0,2,22,0,24,5,57,30,0,92,4,0,4,96
04/17/2003,MFR,OR,ANM,WE,Federal Contract Tower,5,62,24,2,93,0,1,20,0,21,5,63,44,2,114,36,0,36,150
04/18/2003,MFR,OR,ANM,WE,Federal Contract Tower,3,68,22,0,93,0,1,49,0,50,3,69,71,0,143,74,0,74,217
04/19/2003,MFR,OR,ANM,WE,Federal Contract Tower,5,44,14,0,63,0,5,138,0,143,5,49,152,0,206,92,0,92,298
04/20/2003,MFR,OR,ANM,WE,Federal Contract Tower,6,33,8,0,47,0,0,26,0,26,6,33,34,0,73,22,0,22,95
04/21/2003,MFR,OR,ANM,WE,Federal Contract Tower,7,59,25,0,91,0,1,11,0,12,7,60,36,0,103,34,0,34,137
04/22/2003,MFR,OR,ANM,WE,Federal Contract Tower,7,59,17,0,83,0,0,36,0,36,7,59,53,0,119,56,0,56,175
04/23/2003,MFR,OR,ANM,WE,Federal Contract Tower,5,59,8,0,72,0,3,11,0,14,5,62,19,0,86,10,0,10,96
04/24/2003,MFR,OR,ANM,WE,Federal Contract Tower,5,65,14,0,84,0,1,9,0,10,5,66,23,0,94,6,0,6,100
04/25/2003,MFR,OR,ANM,WE,Federal Contract Tower,5,64,18,2,89,0,0,14,0,14,5,64,32,2,103,12,0,12,115
04/26/2003,MFR,OR,ANM,WE,Federal Contract Tower,6,44,5,0,55,0,0,36,0,36,6,44,41,0,91,62,0,62,153
04/27/2003,MFR,OR,ANM,WE,Federal Contract Tower,3,36,17,0,56,0,0,57,0,57,3,36,74,0,113,60,0,60,173
04/28/2003,MFR,OR,ANM,WE,Federal Contract Tower,5,58,13,0,76,0,1,21,0,22,5,59,34,0,98,8,0,8,106
04/29/2003,MFR,OR,ANM,WE,Federal Contract Tower,5,63,25,0,93,0,4,12,0,16,5,67,37,0,109,8,0,8,117
04/30/2003,MFR,OR,ANM,WE,Federal Contract Tower,4,61,20,0,85,0,0,46,0,46,4,61,66,0,131,62,0,62,193
05/01/2003,MFR,OR,ANM,WE,Federal Contract Tower,5,60,23,0,88,0,3,56,0,59,5,63,79,0,147,64,0,64,211
05/02/2003,MFR,OR,ANM,WE,Federal Contract Tower,7,54,17,0,78,0,4,42,0,46,7,58,59,0,124,42,0,42,166
05/03/2003,MFR,OR,ANM,WE,Federal Contract Tower,4,42,12,0,58,0,0,13,0,13,4,42,25,0,71,46,0,46,117
05/04/2003,MFR,OR,ANM,WE,Federal Contract Tower,2,34,18,0,54,0,0,25,0,25,2,34,43,0,79,78,0,78,157
05/05/2003,MFR,OR,ANM,WE,Federal Contract Tower,5,56,14,0,75,0,2,61,0,63,5,58,75,0,138,62,0,62,200
05/06/2003,MFR,OR,ANM,WE,Federal Contract Tower,5,65,15,0,85,0,4,40,0,44,5,69,55,0,129,80,0,80,209
05/07/2003,MFR,OR,ANM,WE,Federal Contract Tower,5,65,22,0,92,0,2,27,0,29,5,67,49,0,121,44,0,44,165
05/08/2003,MFR,OR,ANM,WE,Federal Contract Tower,4,67,13,0,84,0,0,22,0,22,4,67,35,0,106,22,0,22,128
05/09/2003,MFR,OR,ANM,WE,Federal Contract Tower,5,65,27,0,97,0,3,19,0,22,5,68,46,0,119,28,0,28,147
05/10/2003,MFR,OR,ANM,WE,Federal Contract Tower,5,45,6,0,56,0,3,53,0,56,5,48,59,0,112,76,0,76,188
05/11/2003,MFR,OR,ANM,WE,Federal Contract Tower,4,32,4,0,40,0,0,13,0,13,4,32,17,0,53,26,0,26,79
05/12/2003,MFR,OR,ANM,WE,Federal Contract Tower,5,58,32,0,95,0,1,44,0,45,5,59,76,0,140,22,0,22,162
05/13/2003,MFR,OR,ANM,WE,Federal Contract Tower,5,59,21,0,85,0,4,75,0,79,5,63,96,0,164,106,0,106,270
05/14/2003,MFR,OR,ANM,WE,Federal Contract Tower,5,60,16,0,81,0,1,50,0,51,5,61,66,0,132,44,0,44,176
05/15/2003,MFR,OR,ANM,WE,Federal Contract Tower,5,67,23,0,95,0,2,40,0,42,5,69,63,0,137,46,0,46,183
05/16/2003,MFR,OR,ANM,WE,Federal Contract Tower,4,64,15,0,83,0,2,58,0,60,4,66,73,0,143,86,0,86,229
05/17/2003,MFR,OR,ANM,WE,Federal Contract Tower,7,39,4,0,50,0,3,64,0,67,7,42,68,0,117,68,0,68,185
05/18/2003,MFR,OR,ANM,WE,Federal Contract Tower,3,32,7,2,44,0,1,107,0,108,3,33,114,2,152,98,2,100,252
05/19/2003,MFR,OR,ANM,WE,Federal Contract Tower,7,51,14,0,72,0,4,59,0,63,7,55,73,0,135,52,0,52,187
05/20/2003,MFR,OR,ANM,WE,Federal Contract Tower,4,47,13,0,64,0,17,57,0,74,4,64,70,0,138,72,0,72,210
05/21/2003,MFR,OR,ANM,WE,Federal Contract Tower,4,61,13,0,78,0,2,67,0,69,4,63,80,0,147,50,0,50,197
05/22/2003,MFR,OR,ANM,WE,Federal Contract Tower,4,67,12,0,83,0,6,114,0,120,4,73,126,0,203,74,0,74,277
05/23/2003,MFR,OR,ANM,WE,Federal Contract Tower,5,55,22,0,82,0,12,99,2,113,5,67,121,2,195,82,0,82,277
05/24/2003,MFR,OR,ANM,WE,Federal Contract Tower,5,44,10,0,59,0,3,64,0,67,5,47,74,0,126,72,0,72,198
05/25/2003,MFR,OR,ANM,WE,Federal Contract Tower,4,32,16,0,52,0,2,36,0,38,4,34,52,0,90,76,0,76,166
05/26/2003,MFR,OR,ANM,WE,Federal Contract Tower,5,41,12,0,58,0,0,100,0,100,5,41,112,0,158,44,0,44,202
05/27/2003,MFR,OR,ANM,WE,Federal Contract Tower,5,51,18,0,74,0,4,84,0,88,5,55,102,0,162,76,0,76,238
05/28/2003,MFR,OR,ANM,WE,Federal Contract Tower,5,58,14,2,79,0,5,58,0,63,5,63,72,2,142,94,4,98,240
05/29/2003,MFR,OR,ANM,WE,Federal Contract Tower,5,54,17,0,76,0,5,70,0,75,5,59,87,0,151,56,0,56,207
05/30/2003,MFR,OR,ANM,WE,Federal Contract Tower,3,61,23,0,87,0,2,53,0,55,3,63,76,0,142,62,0,62,204
05/31/2003,MFR,OR,ANM,WE,Federal Contract Tower,4,41,2,0,47,0,4,101,0,105,4,45,103,0,152,122,0,122,274
06/01/2003,MFR,OR,ANM,WE,Federal Contract Tower,2,32,10,2,46,0,2,99,2,103,2,34,109,4,149,152,22,174,323
06/02/2003,MFR,OR,ANM,WE,Federal Contract Tower,5,51,9,0,65,0,5,61,0,66,5,56,70,0,131,66,0,66,197
06/03/2003,MFR,OR,ANM,WE,Federal Contract Tower,4,53,24,3,84,0,8,78,3,89,4,61,102,6,173,90,8,98,271
06/04/2003,MFR,OR,ANM,WE,Federal Contract Tower,4,57,25,0,86,0,3,56,0,59,4,60,81,0,145,42,0,42,187
06/05/2003,MFR,OR,ANM,WE,Federal Contract Tower,5,51,10,0,66,0,6,74,0,80,5,57,84,0,146,74,0,74,220
06/06/2003,MFR,OR,ANM,WE,Federal Contract Tower,5,61,16,0,82,0,7,99,0,106,5,68,115,0,188,98,0,98,286
06/07/2003,MFR,OR,ANM,WE,Federal Contract Tower,6,42,11,0,59,0,6,70,0,76,6,48,81,0,135,40,0,40,175
06/08/2003,MFR,OR,ANM,WE,Federal Contract Tower,6,42,17,1,66,0,2,90,1,93,6,44,107,2,159,68,0,68,227
06/09/2003,MFR,OR,ANM,WE,Federal Contract Tower,5,57,16,0,78,0,3,47,0,50,5,60,63,0,128,64,0,64,192
06/10/2003,MFR,OR,ANM,WE,Federal Contract Tower,5,60,16,1,82,0,2,78,1,81,5,62,94,2,163,96,0,96,259
06/11/2003,MFR,OR,ANM,WE,Federal Contract Tower,4,63,23,0,90,0,3,61,0,64,4,66,84,0,154,96,0,96,250
06/12/2003,MFR,OR,ANM,WE,Federal Contract Tower,5,68,29,2,104,0,4,50,2,56,5,72,79,4,160,108,0,108,268
06/13/2003,MFR,OR,ANM,WE,Federal Contract Tower,5,69,29,0,103,0,2,72,0,74,5,71,101,0,177,62,0,62,239
06/14/2003,MFR,OR,ANM,WE,Federal Contract Tower,5,47,14,0,66,0,4,137,0,141,5,51,151,0,207,48,0,48,255
06/15/2003,MFR,OR,ANM,WE,Federal Contract Tower,5,43,17,0,65,0,0,92,0,92,5,43,109,0,157,70,0,70,227
06/16/2003,MFR,OR,ANM,WE,Federal Contract Tower,5,53,14,0,72,0,9,76,0,85,5,62,90,0,157,86,0,86,243
06/17/2003,MFR,OR,ANM,WE,Federal Contract Tower,7,63,27,0,97,0,3,74,0,77,7,66,101,0,174,120,6,126,300
06/18/2003,MFR,OR,ANM,WE,Federal Contract Tower,5,67,18,0,90,0,1,37,0,38,5,68,55,0,128,104,0,104,232
06/19/2003,MFR,OR,ANM,WE,Federal Contract Tower,5,63,21,0,89,2,0,64,0,66,7,63,85,0,155,64,0,64,219
06/20/2003,MFR,OR,ANM,WE,Federal Contract Tower,4,70,30,0,104,0,1,69,0,70,4,71,99,0,174,40,0,40,214
06/21/2003,MFR,OR,ANM,WE,Federal Contract Tower,5,50,19,0,74,0,3,71,0,74,5,53,90,0,148,68,0,68,216
06/22/2003,MFR,OR,ANM,WE,Federal Contract Tower,5,45,9,0,59,0,0,77,0,77,5,45,86,0,136,56,0,56,192
06/23/2003,MFR,OR,ANM,WE,Federal Contract Tower,4,66,16,0,86,0,6,48,0,54,4,72,64,0,140,66,0,66,206
06/24/2003,MFR,OR,ANM,WE,Federal Contract Tower,4,60,16,0,80,0,7,93,0,100,4,67,109,0,180,116,0,116,296
06/25/2003,MFR,OR,ANM,WE,Federal Contract Tower,5,65,13,0,83,0,6,97,2,105,5,71,110,2,188,80,0,80,268
06/26/2003,MFR,OR,ANM,WE,Federal Contract Tower,6,70,28,0,104,0,5,53,0,58,6,75,81,0,162,52,0,52,214
06/27/2003,MFR,OR,ANM,WE,Federal Contract Tower,5,59,23,0,87,0,8,98,0,106,5,67,121,0,193,88,0,88,281
06/28/2003,MFR,OR,ANM,WE,Federal Contract Tower,3,43,14,0,60,0,6,99,0,105,3,49,113,0,165,70,0,70,235
06/29/2003,MFR,OR,ANM,WE,Federal Contract Tower,4,44,15,0,63,0,0,75,0,75,4,44,90,0,138,40,0,40,178
06/30/2003,MFR,OR,ANM,WE,Federal Contract Tower,8,55,18,0,81,0,3,74,0,77,8,58,92,0,158,36,0,36,194
07/01/2003,MFR,OR,ANM,WE,Federal Contract Tower,6,57,17,0,80,0,5,72,2,79,6,62,89,2,159,114,0,114,273
07/02/2003,MFR,OR,ANM,WE,Federal Contract Tower,7,59,18,0,84,0,3,94,0,97,7,62,112,0,181,116,0,116,297
07/03/2003,MFR,OR,ANM,WE,Federal Contract Tower,8,54,21,0,83,0,7,131,0,138,8,61,152,0,221,94,0,94,315
07/04/2003,MFR,OR,ANM,WE,Federal Contract Tower,8,39,9,0,56,0,3,79,0,82,8,42,88,0,138,18,8,26,164
07/05/2003,MFR,OR,ANM,WE,Federal Contract Tower,7,42,6,0,55,0,4,88,0,92,7,46,94,0,147,40,0,40,187
07/06/2003,MFR,OR,ANM,WE,Federal Contract Tower,7,44,17,4,72,0,0,96,0,96,7,44,113,4,168,46,26,72,240
07/07/2003,MFR,OR,ANM,WE,Federal Contract Tower,7,52,16,0,75,0,9,76,0,85,7,61,92,0,160,70,0,70,230
07/08/2003,MFR,OR,ANM,WE,Federal Contract Tower,7,59,27,0,93,0,4,74,0,78,7,63,101,0,171,92,0,92,263
07/09/2003,MFR,OR,ANM,WE,Federal Contract Tower,7,69,26,0,102,0,3,79,0,82,7,72,105,0,184,92,0,92,276
07/10/2003,MFR,OR,ANM,WE,Federal Contract Tower,7,63,24,0,94,0,3,104,0,107,7,66,128,0,201,112,0,112,313
07/11/2003,MFR,OR,ANM,WE,Federal Contract Tower,8,66,11,0,85,0,9,102,2,113,8,75,113,2,198,130,0,130,328
07/12/2003,MFR,OR,ANM,WE,Federal Contract Tower,7,42,11,0,60,0,1,106,0,107,7,43,117,0,167,88,0,88,255
07/13/2003,MFR,OR,ANM,WE,Federal Contract Tower,9,38,13,2,62,0,1,84,0,85,9,39,97,2,147,56,0,56,203
07/14/2003,MFR,OR,ANM,WE,Federal Contract Tower,7,47,9,0,63,0,4,66,0,70,7,51,75,0,133,74,0,74,207
07/15/2003,MFR,OR,ANM,WE,Federal Contract Tower,6,59,19,0,84,0,9,78,0,87,6,68,97,0,171,110,0,110,281
07/16/2003,MFR,OR,ANM,WE,Federal Contract Tower,7,62,9,0,78,0,3,110,0,113,7,65,119,0,191,84,0,84,275
07/17/2003,MFR,OR,ANM,WE,Federal Contract Tower,7,58,18,0,83,0,11,71,0,82,7,69,89,0,165,96,0,96,261
07/18/2003,MFR,OR,ANM,WE,Federal Contract Tower,7,59,20,3,89,0,11,103,0,114,7,70,123,3,203,84,6,90,293
07/19/2003,MFR,OR,ANM,WE,Federal Contract Tower,8,43,9,0,60,0,2,83,0,85,8,45,92,0,145,60,0,60,205
07/20/2003,MFR,OR,ANM,WE,Federal Contract Tower,7,43,16,0,66,0,5,124,0,129,7,48,140,0,195,42,0,42,237
07/21/2003,MFR,OR,ANM,WE,Federal Contract Tower,7,52,13,0,72,0,10,68,0,78,7,62,81,0,150,90,0,90,240
07/22/2003,MFR,OR,ANM,WE,Federal Contract Tower,8,59,23,0,90,0,14,70,0,84,8,73,93,0,174,98,0,98,272
07/23/2003,MFR,OR,ANM,WE,Federal Contract Tower,7,67,25,0,99,0,9,62,0,71,7,76,87,0,170,66,8,74,244
07/24/2003,MFR,OR,ANM,WE,Federal Contract Tower,7,63,17,0,87,0,5,66,0,71,7,68,83,0,158,96,0,96,254
07/25/2003,MFR,OR,ANM,WE,Federal Contract Tower,7,59,16,2,84,0,9,91,4,104,7,68,107,6,188,80,2,82,270
07/26/2003,MFR,OR,ANM,WE,Federal Contract Tower,7,45,5,0,57,0,3,101,0,104,7,48,106,0,161,62,0,62,223
07/27/2003,MFR,OR,ANM,WE,Federal Contract Tower,4,35,7,0,46,0,3,100,0,103,4,38,107,0,149,44,0,44,193
07/28/2003,MFR,OR,ANM,WE,Federal Contract Tower,8,53,8,0,69,0,5,88,0,93,8,58,96,0,162,40,0,40,202
07/29/2003,MFR,OR,ANM,WE,Federal Contract Tower,7,61,18,0,86,0,9,45,0,54,7,70,63,0,140,86,0,86,226
07/30/2003,MFR,OR,ANM,WE,Federal Contract Tower,6,61,15,0,82,0,5,54,0,59,6,66,69,0,141,58,0,58,199
07/31/2003,MFR,OR,ANM,WE,Federal Contract Tower,7,64,22,0,93,0,9,80,0,89,7,73,102,0,182,76,0,76,258
08/01/2003,MFR,OR,ANM,WE,Federal Contract Tower,6,60,15,0,81,0,4,89,0,93,6,64,104,0,174,88,0,88,262
08/02/2003,MFR,OR,ANM,WE,Federal Contract Tower,6,45,14,0,65,0,0,47,0,47,6,45,61,0,112,68,0,68,180
08/03/2003,MFR,OR,ANM,WE,Federal Contract Tower,7,51,25,0,83,0,2,48,0,50,7,53,73,0,133,38,0,38,171
08/04/2003,MFR,OR,ANM,WE,Federal Contract Tower,7,55,20,0,82,0,2,47,0,49,7,57,67,0,131,52,0,52,183
08/05/2003,MFR,OR,ANM,WE,Federal Contract Tower,8,60,17,0,85,0,6,47,0,53,8,66,64,0,138,84,0,84,222
08/06/2003,MFR,OR,ANM,WE,Federal Contract Tower,7,63,21,2,93,0,6,47,0,53,7,69,68,2,146,64,0,64,210
08/07/2003,MFR,OR,ANM,WE,Federal Contract Tower,7,59,22,0,88,0,3,73,0,76,7,62,95,0,164,22,0,22,186
08/08/2003,MFR,OR,ANM,WE,Federal Contract Tower,10,58,19,0,87,0,6,84,0,90,10,64,103,0,177,90,0,90,267
08/09/2003,MFR,OR,ANM,WE,Federal Contract Tower,7,41,9,0,57,0,0,78,0,78,7,41,87,0,135,66,0,66,201
08/10/2003,MFR,OR,ANM,WE,Federal Contract Tower,7,39,16,0,62,0,0,108,0,108,7,39,124,0,170,72,0,72,242
08/11/2003,MFR,OR,ANM,WE,Federal Contract Tower,9,51,15,0,75,0,9,86,0,95,9,60,101,0,170,106,0,106,276
08/12/2003,MFR,OR,ANM,WE,Federal Contract Tower,11,59,18,0,88,0,8,60,0,68,11,67,78,0,156,90,0,90,246
08/13/2003,MFR,OR,ANM,WE,Federal Contract Tower,8,69,13,0,90,0,4,40,0,44,8,73,53,0,134,38,0,38,172
08/14/2003,MFR,OR,ANM,WE,Federal Contract Tower,8,66,19,0,93,0,10,56,0,66,8,76,75,0,159,38,0,38,197
08/15/2003,MFR,OR,ANM,WE,Federal Contract Tower,12,66,22,0,100,0,4,99,0,103,12,70,121,0,203,70,0,70,273
08/16/2003,MFR,OR,ANM,WE,Federal Contract Tower,11,47,16,0,74,0,1,90,0,91,11,48,106,0,165,102,0,102,267
08/17/2003,MFR,OR,ANM,WE,Federal Contract Tower,7,45,20,0,72,0,0,103,0,103,7,45,123,0,175,110,0,110,285
08/18/2003,MFR,OR,ANM,WE,Federal Contract Tower,7,59,14,0,80,0,4,77,0,81,7,63,91,0,161,64,0,64,225
08/19/2003,MFR,OR,ANM,WE,Federal Contract Tower,6,61,21,0,88,0,9,63,0,72,6,70,84,0,160,108,0,108,268
08/20/2003,MFR,OR,ANM,WE,Federal Contract Tower,6,61,24,0,91,0,10,78,0,88,6,71,102,0,179,84,0,84,263
08/21/2003,MFR,OR,ANM,WE,Federal Contract Tower,5,65,27,0,97,0,6,63,0,69,5,71,90,0,166,46,0,46,212
08/22/2003,MFR,OR,ANM,WE,Federal Contract Tower,5,59,20,0,84,0,10,58,2,70,5,69,78,2,154,82,4,86,240
08/23/2003,MFR,OR,ANM,WE,Federal Contract Tower,6,42,7,1,56,0,6,105,0,111,6,48,112,1,167,30,0,30,197
08/24/2003,MFR,OR,ANM,WE,Federal Contract Tower,6,39,16,0,61,0,0,83,1,84,6,39,99,1,145,48,0,48,193
08/25/2003,MFR,OR,ANM,WE,Federal Contract Tower,7,56,13,0,76,0,2,64,0,66,7,58,77,0,142,76,0,76,218
08/26/2003,MFR,OR,ANM,WE,Federal Contract Tower,6,57,18,0,81,0,7,78,0,85,6,64,96,0,166,88,0,88,254
08/27/2003,MFR,OR,ANM,WE,Federal Contract Tower,7,65,14,0,86,0,5,78,0,83,7,70,92,0,169,54,0,54,223
08/28/2003,MFR,OR,ANM,WE,Federal Contract Tower,4,62,23,0,89,0,6,62,0,68,4,68,85,0,157,50,0,50,207
08/29/2003,MFR,OR,ANM,WE,Federal Contract Tower,11,61,10,0,82,0,9,77,0,86,11,70,87,0,168,52,0,52,220
08/30/2003,MFR,OR,ANM,WE,Federal Contract Tower,4,43,7,0,54,0,2,88,0,90,4,45,95,0,144,34,0,34,178
08/31/2003,MFR,OR,ANM,WE,Federal Contract Tower,8,34,3,2,47,0,0,84,0,84,8,34,87,2,131,42,0,42,173
09/01/2003,MFR,OR,ANM,WE,Federal Contract Tower,6,41,9,0,56,0,2,95,0,97,6,43,104,0,153,38,0,38,191
09/02/2003,MFR,OR,ANM,WE,Federal Contract Tower,7,62,11,0,80,0,2,74,0,76,7,64,85,0,156,54,0,54,210
09/03/2003,MFR,OR,ANM,WE,Federal Contract Tower,6,72,13,0,91,0,7,40,0,47,6,79,53,0,138,36,0,36,174
09/04/2003,MFR,OR,ANM,WE,Federal Contract Tower,5,66,12,0,83,0,12,55,0,67,5,78,67,0,150,4,4,8,158
09/05/2003,MFR,OR,ANM,WE,Federal Contract Tower,5,59,18,2,84,0,11,109,2,122,5,70,127,4,206,34,0,34,240
09/06/2003,MFR,OR,ANM,WE,Federal Contract Tower,5,39,15,0,59,0,2,132,0,134,5,41,147,0,193,68,0,68,261
09/07/2003,MFR,OR,ANM,WE,Federal Contract Tower,1,36,11,1,49,0,2,55,2,59,1,38,66,3,108,62,0,62,170
09/08/2003,MFR,OR,ANM,WE,Federal Contract Tower,3,60,16,0,79,0,2,54,5,61,3,62,70,5,140,48,0,48,188
09/09/2003,MFR,OR,ANM,WE,Federal Contract Tower,3,66,25,0,94,0,2,34,0,36,3,68,59,0,130,2,0,2,132
09/10/2003,MFR,OR,ANM,WE,Federal Contract Tower,3,69,11,0,83,0,4,50,4,58,3,73,61,4,141,60,0,60,201
09/11/2003,MFR,OR,ANM,WE,Federal Contract Tower,5,64,24,0,93,0,2,59,4,65,5,66,83,4,158,34,0,34,192
09/12/2003,MFR,OR,ANM,WE,Federal Contract Tower,4,61,18,2,85,0,11,67,3,81,4,72,85,5,166,22,2,24,190
09/13/2003,MFR,OR,ANM,WE,Federal Contract Tower,5,38,6,0,49,0,5,97,0,102,5,43,103,0,151,72,0,72,223
09/14/2003,MFR,OR,ANM,WE,Federal Contract Tower,2,36,9,1,48,0,3,114,0,117,2,39,123,1,165,38,0,38,203
09/15/2003,MFR,OR,ANM,WE,Federal Contract Tower,4,52,14,1,71,0,4,43,0,47,4,56,57,1,118,20,0,20,138
09/16/2003,MFR,OR,ANM,WE,Federal Contract Tower,5,60,23,0,88,0,5,23,0,28,5,65,46,0,116,40,0,40,156
09/17/2003,MFR,OR,ANM,WE,Federal Contract Tower,5,64,25,0,94,0,8,54,0,62,5,72,79,0,156,76,0,76,232
09/18/2003,MFR,OR,ANM,WE,Federal Contract Tower,5,62,28,0,95,0,6,46,0,52,5,68,74,0,147,78,0,78,225
09/19/2003,MFR,OR,ANM,WE,Federal Contract Tower,6,57,29,0,92,0,5,70,3,78,6,62,99,3,170,38,0,38,208
09/20/2003,MFR,OR,ANM,WE,Federal Contract Tower,8,40,12,0,60,0,2,102,0,104,8,42,114,0,164,20,0,20,184
09/21/2003,MFR,OR,ANM,WE,Federal Contract Tower,3,38,18,2,61,0,3,75,0,78,3,41,93,2,139,16,2,18,157
09/22/2003,MFR,OR,ANM,WE,Federal Contract Tower,5,48,21,0,74,0,4,48,0,52,5,52,69,0,126,14,0,14,140
09/23/2003,MFR,OR,ANM,WE,Federal Contract Tower,5,57,11,0,73,0,16,73,0,89,5,73,84,0,162,44,0,44,206
09/24/2003,MFR,OR,ANM,WE,Federal Contract Tower,4,60,14,0,78,0,8,59,0,67,4,68,73,0,145,38,0,38,183
09/25/2003,MFR,OR,ANM,WE,Federal Contract Tower,6,63,21,0,90,0,4,61,0,65,6,67,82,0,155,56,0,56,211
09/26/2003,MFR,OR,ANM,WE,Federal Contract Tower,5,59,19,0,83,0,9,52,0,61,5,68,71,0,144,34,0,34,178
09/27/2003,MFR,OR,ANM,WE,Federal Contract Tower,7,39,8,0,54,0,5,84,0,89,7,44,92,0,143,24,0,24,167
09/28/2003,MFR,OR,ANM,WE,Federal Contract Tower,3,33,12,0,48,0,0,84,0,84,3,33,96,0,132,44,0,44,176
09/29/2003,MFR,OR,ANM,WE,Federal Contract Tower,3,57,21,0,81,0,1,39,0,40,3,58,60,0,121,24,0,24,145
09/30/2003,MFR,OR,ANM,WE,Federal Contract Tower,4,57,15,0,76,0,6,62,0,68,4,63,77,0,144,46,0,46,190
10/01/2003,MFR,OR,ANM,WE,Federal Contract Tower,5,68,19,0,92,0,0,64,0,64,5,68,83,0,156,34,0,34,190
10/02/2003,MFR,OR,ANM,WE,Federal Contract Tower,5,54,15,0,74,0,10,54,0,64,5,64,69,0,138,38,0,38,176
10/03/2003,MFR,OR,ANM,WE,Federal Contract Tower,5,67,19,0,91,0,1,59,0,60,5,68,78,0,151,20,0,20,171
10/04/2003,MFR,OR,ANM,WE,Federal Contract Tower,4,40,12,0,56,4,0,54,0,58,8,40,66,0,114,30,0,30,144
10/05/2003,MFR,OR,ANM,WE,Federal Contract Tower,4,35,10,0,49,1,1,71,0,73,5,36,81,0,122,24,0,24,146
10/06/2003,MFR,OR,ANM,WE,Federal Contract Tower,5,58,17,0,80,0,0,29,2,31,5,58,46,2,111,34,0,34,145
10/07/2003,MFR,OR,ANM,WE,Federal Contract Tower,5,66,19,0,90,0,3,54,0,57,5,69,73,0,147,12,0,12,159
10/08/2003,MFR,OR,ANM,WE,Federal Contract Tower,5,58,17,0,80,0,7,58,0,65,5,65,75,0,145,32,0,32,177
10/09/2003,MFR,OR,ANM,WE,Federal Contract Tower,5,61,18,0,84,0,0,49,0,49,5,61,67,0,133,24,0,24,157
10/10/2003,MFR,OR,ANM,WE,Federal Contract Tower,4,55,16,0,75,0,11,49,0,60,4,66,65,0,135,14,0,14,149
10/11/2003,MFR,OR,ANM,WE,Federal Contract Tower,4,37,11,0,52,3,0,36,0,39,7,37,47,0,91,22,0,22,113
10/12/2003,MFR,OR,ANM,WE,Federal Contract Tower,3,35,12,0,50,0,0,45,0,45,3,35,57,0,95,14,0,14,109
10/13/2003,MFR,OR,ANM,WE,Federal Contract Tower,5,50,14,0,69,0,8,56,0,64,5,58,70,0,133,46,0,46,179
10/14/2003,MFR,OR,ANM,WE,Federal Contract Tower,5,58,17,0,80,0,6,40,2,48,5,64,57,2,128,42,0,42,170
10/15/2003,MFR,OR,ANM,WE,Federal Contract Tower,5,59,15,1,80,2,2,24,0,28,7,61,39,1,108,26,2,28,136
10/16/2003,MFR,OR,ANM,WE,Federal Contract Tower,5,56,15,0,76,0,9,48,0,57,5,65,63,0,133,14,0,14,147
10/17/2003,MFR,OR,ANM,WE,Federal Contract Tower,4,52,14,0,70,2,12,63,0,77,6,64,77,0,147,42,0,42,189
10/18/2003,MFR,OR,ANM,WE,Federal Contract Tower,3,37,9,0,49,4,3,70,0,77,7,40,79,0,126,48,0,48,174
10/19/2003,MFR,OR,ANM,WE,Federal Contract Tower,3,31,9,0,43,1,0,34,0,35,4,31,43,0,78,18,0,18,96
10/20/2003,MFR,OR,ANM,WE,Federal Contract Tower,4,53,15,0,72,0,3,29,0,32,4,56,44,0,104,36,0,36,140
10/21/2003,MFR,OR,ANM,WE,Federal Contract Tower,4,54,15,0,73,1,14,62,0,77,5,68,77,0,150,32,0,32,182
10/22/2003,MFR,OR,ANM,WE,Federal Contract Tower,4,65,18,0,87,0,7,28,0,35,4,72,46,0,122,16,0,16,138
10/23/2003,MFR,OR,ANM,WE,Federal Contract Tower,5,56,15,0,76,0,8,68,0,76,5,64,83,0,152,52,0,52,204
10/24/2003,MFR,OR,ANM,WE,Federal Contract Tower,5,54,15,0,74,2,1,64,2,69,7,55,79,2,143,48,0,48,191
10/25/2003,MFR,OR,ANM,WE,Federal Contract Tower,3,35,9,0,47,4,1,75,0,80,7,36,84,0,127,38,0,38,165
10/26/2003,MFR,OR,ANM,WE,Federal Contract Tower,1,32,9,0,42,0,1,96,0,97,1,33,105,0,139,70,0,70,209
10/27/2003,MFR,OR,ANM,WE,Federal Contract Tower,3,53,15,0,71,0,0,55,0,55,3,53,70,0,126,72,0,72,198
10/28/2003,MFR,OR,ANM,WE,Federal Contract Tower,3,53,15,0,71,0,11,59,1,71,3,64,74,1,142,48,0,48,190
10/29/2003,MFR,OR,ANM,WE,Federal Contract Tower,3,62,18,0,83,0,6,41,3,50,3,68,59,3,133,32,0,32,165
10/30/2003,MFR,OR,ANM,WE,Federal Contract Tower,3,56,16,0,75,0,5,26,2,33,3,61,42,2,108,24,0,24,132
10/31/2003,MFR,OR,ANM,WE,Federal Contract Tower,4,49,14,0,67,1,9,47,0,57,5,58,61,0,124,24,0,24,148
11/01/2003,MFR,OR,ANM,WE,Federal Contract Tower,3,33,10,0,46,2,11,39,0,52,5,44,49,0,98,48,0,48,146
11/02/2003,MFR,OR,ANM,WE,Federal Contract Tower,1,31,9,0,41,0,2,3,0,5,1,33,12,0,46,6,0,6,52
11/03/2003,MFR,OR,ANM,WE,Federal Contract Tower,3,59,17,0,79,0,0,11,4,15,3,59,28,4,94,16,0,16,110
11/04/2003,MFR,OR,ANM,WE,Federal Contract Tower,3,66,19,0,88,0,4,12,0,16,3,70,31,0,104,16,0,16,120
11/05/2003,MFR,OR,ANM,WE,Federal Contract Tower,3,67,20,0,90,0,0,18,0,18,3,67,38,0,108,12,0,12,120
11/06/2003,MFR,OR,ANM,WE,Federal Contract Tower,3,61,18,0,82,0,3,2,0,5,3,64,20,0,87,8,0,8,95
11/07/2003,MFR,OR,ANM,WE,Federal Contract Tower,3,62,18,0,83,0,7,13,0,20,3,69,31,0,103,10,0,10,113
11/08/2003,MFR,OR,ANM,WE,Federal Contract Tower,3,38,12,0,53,2,0,7,0,9,5,38,19,0,62,0,0,0,62
11/09/2003,MFR,OR,ANM,WE,Federal Contract Tower,0,38,11,0,49,0,0,23,0,23,0,38,34,0,72,44,0,44,116
11/10/2003,MFR,OR,ANM,WE,Federal Contract Tower,3,61,20,0,84,0,0,32,0,32,3,61,52,0,116,60,0,60,176
11/11/2003,MFR,OR,ANM,WE,Federal Contract Tower,3,58,17,0,78,0,6,29,0,35,3,64,46,0,113,62,0,62,175
11/12/2003,MFR,OR,ANM,WE,Federal Contract Tower,3,63,18,0,84,0,2,55,0,57,3,65,73,0,141,42,0,42,183
11/13/2003,MFR,OR,ANM,WE,Federal Contract Tower,4,64,19,0,87,0,0,64,0,64,4,64,83,0,151,28,0,28,179
11/14/2003,MFR,OR,ANM,WE,Federal Contract Tower,3,64,20,0,87,0,0,39,0,39,3,64,59,0,126,28,0,28,154
11/15/2003,MFR,OR,ANM,WE,Federal Contract Tower,2,37,11,0,50,1,3,11,0,15,3,40,22,0,65,24,0,24,89
11/16/2003,MFR,OR,ANM,WE,Federal Contract Tower,0,32,9,0,41,0,0,10,0,10,0,32,19,0,51,0,0,0,51
11/17/2003,MFR,OR,ANM,WE,Federal Contract Tower,3,64,17,0,84,0,1,14,0,15,3,65,31,0,99,36,0,36,135
11/18/2003,MFR,OR,ANM,WE,Federal Contract Tower,3,58,15,1,77,0,13,49,0,62,3,71,64,1,139,36,0,36,175
11/19/2003,MFR,OR,ANM,WE,Federal Contract Tower,4,62,14,0,80,0,7,0,0,7,4,69,14,0,87,18,0,18,105
11/20/2003,MFR,OR,ANM,WE,Federal Contract Tower,3,71,19,0,93,0,3,5,0,8,3,74,24,0,101,8,0,8,109
11/21/2003,MFR,OR,ANM,WE,Federal Contract Tower,4,61,17,0,82,3,9,3,0,15,7,70,20,0,97,14,0,14,111
11/22/2003,MFR,OR,ANM,WE,Federal Contract Tower,2,40,12,0,54,3,0,66,2,71,5,40,78,2,125,20,20,40,165
11/23/2003,MFR,OR,ANM,WE,Federal Contract Tower,2,38,11,0,51,0,2,58,0,60,2,40,69,0,111,72,0,72,183
11/24/2003,MFR,OR,ANM,WE,Federal Contract Tower,3,49,14,0,66,2,6,8,0,16,5,55,22,0,82,30,0,30,112
11/25/2003,MFR,OR,ANM,WE,Federal Contract Tower,4,62,11,0,77,2,6,0,0,8,6,68,11,0,85,4,0,4,89
11/26/2003,MFR,OR,ANM,WE,Federal Contract Tower,4,68,20,0,92,4,3,5,0,12,8,71,25,0,104,38,0,38,142
11/27/2003,MFR,OR,ANM,WE,Federal Contract Tower,2,29,8,0,39,5,0,1,0,6,7,29,9,0,45,2,0,2,47
11/28/2003,MFR,OR,ANM,WE,Federal Contract Tower,3,51,14,0,68,1,8,14,2,25,4,59,28,2,93,8,0,8,101
11/29/2003,MFR,OR,ANM,WE,Federal Contract Tower,3,47,10,0,60,5,0,0,1,6,8,47,10,1,66,0,0,0,66
11/30/2003,MFR,OR,ANM,WE,Federal Contract Tower,3,34,12,0,49,4,0,24,0,28,7,34,36,0,77,40,0,40,117
12/01/2003,MFR,OR,ANM,WE,Federal Contract Tower,7,55,15,0,77,0,0,13,0,13,7,55,28,0,90,12,0,12,102
12/02/2003,MFR,OR,ANM,WE,Federal Contract Tower,7,60,17,0,84,0,0,46,0,46,7,60,63,0,130,52,0,52,182
12/03/2003,MFR,OR,ANM,WE,Federal Contract Tower,6,63,16,0,85,0,2,13,0,15,6,65,29,0,100,22,0,22,122
12/04/2003,MFR,OR,ANM,WE,Federal Contract Tower,3,70,19,0,92,0,0,7,0,7,3,70,26,0,99,0,0,0,99
12/05/2003,MFR,OR,ANM,WE,Federal Contract Tower,3,55,15,0,73,0,4,6,0,10,3,59,21,0,83,10,0,10,93
12/06/2003,MFR,OR,ANM,WE,Federal Contract Tower,5,35,9,0,49,0,2,5,0,7,5,37,14,0,56,16,0,16,72
12/07/2003,MFR,OR,ANM,WE,Federal Contract Tower,1,31,9,0,41,0,0,9,0,9,1,31,18,0,50,12,0,12,62
12/08/2003,MFR,OR,ANM,WE,Federal Contract Tower,3,55,14,0,72,0,7,29,4,40,3,62,43,4,112,22,0,22,134
12/09/2003,MFR,OR,ANM,WE,Federal Contract Tower,3,65,17,0,85,0,6,9,0,15,3,71,26,0,100,20,0,20,120
12/10/2003,MFR,OR,ANM,WE,Federal Contract Tower,3,55,14,0,72,0,7,32,0,39,3,62,46,0,111,48,0,48,159
12/11/2003,MFR,OR,ANM,WE,Federal Contract Tower,3,54,14,0,71,0,6,18,0,24,3,60,32,0,95,28,0,28,123
12/12/2003,MFR,OR,ANM,WE,Federal Contract Tower,3,53,14,0,70,0,5,1,1,7,3,58,15,1,77,8,0,8,85
12/13/2003,MFR,OR,ANM,WE,Federal Contract Tower,3,34,9,1,47,2,3,0,0,5,5,37,9,1,52,8,0,8,60
12/14/2003,MFR,OR,ANM,WE,Federal Contract Tower,3,30,10,0,43,3,0,7,0,10,6,30,17,0,53,12,0,12,65
12/15/2003,MFR,OR,ANM,WE,Federal Contract Tower,6,49,14,0,69,2,0,47,0,49,8,49,61,0,118,36,0,36,154
12/16/2003,MFR,OR,ANM,WE,Federal Contract Tower,6,53,17,0,76,1,0,18,0,19,7,53,35,0,95,28,0,28,123
12/17/2003,MFR,OR,ANM,WE,Federal Contract Tower,6,60,15,0,81,1,8,77,0,86,7,68,92,0,167,68,0,68,235
12/18/2003,MFR,OR,ANM,WE,Federal Contract Tower,8,62,17,0,87,0,0,62,0,62,8,62,79,0,149,48,0,48,197
12/19/2003,MFR,OR,ANM,WE,Federal Contract Tower,6,55,13,0,74,1,10,15,0,26,7,65,28,0,100,10,0,10,110
12/20/2003,MFR,OR,ANM,WE,Federal Contract Tower,4,41,12,0,57,3,0,4,0,7,7,41,16,0,64,0,0,0,64
12/21/2003,MFR,OR,ANM,WE,Federal Contract Tower,4,35,10,0,49,2,0,29,0,31,6,35,39,0,80,74,0,74,154
12/22/2003,MFR,OR,ANM,WE,Federal Contract Tower,8,82,22,0,112,0,2,34,0,36,8,84,56,0,148,24,0,24,172
12/23/2003,MFR,OR,ANM,WE,Federal Contract Tower,7,66,17,0,90,0,0,7,0,7,7,66,24,0,97,0,0,0,97
12/24/2003,MFR,OR,ANM,WE,Federal Contract Tower,6,55,14,0,75,1,3,1,0,5,7,58,15,0,80,0,0,0,80
12/25/2003,MFR,OR,ANM,WE,Federal Contract Tower,3,30,5,0,38,3,2,0,0,5,6,32,5,0,43,0,0,0,43
12/26/2003,MFR,OR,ANM,WE,Federal Contract Tower,6,55,14,0,75,4,6,4,0,14,10,61,18,0,89,14,0,14,103
12/27/2003,MFR,OR,ANM,WE,Federal Contract Tower,4,39,10,0,53,3,0,9,0,12,7,39,19,0,65,4,0,4,69
12/28/2003,MFR,OR,ANM,WE,Federal Contract Tower,4,36,10,0,50,3,0,0,0,3,7,36,10,0,53,0,0,0,53
12/29/2003,MFR,OR,ANM,WE,Federal Contract Tower,6,59,11,0,76,1,5,0,0,6,7,64,11,0,82,0,0,0,82
12/30/2003,MFR,OR,ANM,WE,Federal Contract Tower,6,60,16,0,82,3,3,7,0,13,9,63,23,0,95,22,0,22,117
12/31/2003,MFR,OR,ANM,WE,Federal Contract Tower,6,54,8,0,68,2,4,0,0,6,8,58,8,0,74,0,0,0,74
01/01/2004,MFR,OR,ANM,WE,Federal Contract Tower,2,21,2,0,25,0,5,0,0,5,2,26,2,0,30,2,0,2,32
01/02/2004,MFR,OR,ANM,WE,Federal Contract Tower,4,56,7,0,67,4,7,0,0,11,8,63,7,0,78,0,0,0,78
01/03/2004,MFR,OR,ANM,WE,Federal Contract Tower,3,42,10,0,55,2,1,5,0,8,5,43,15,0,63,8,0,8,71
01/04/2004,MFR,OR,ANM,WE,Federal Contract Tower,3,32,4,0,39,3,1,0,0,4,6,33,4,0,43,0,0,0,43
01/05/2004,MFR,OR,ANM,WE,Federal Contract Tower,2,50,11,0,63,0,11,10,0,21,2,61,21,0,84,22,0,22,106
01/06/2004,MFR,OR,ANM,WE,Federal Contract Tower,0,39,9,0,48,0,0,9,0,9,0,39,18,0,57,0,0,0,57
01/07/2004,MFR,OR,ANM,WE,Federal Contract Tower,2,33,8,0,43,0,0,21,0,21,2,33,29,0,64,8,0,8,72
01/08/2004,MFR,OR,ANM,WE,Federal Contract Tower,3,46,11,0,60,0,0,22,0,22,3,46,33,0,82,12,0,12,94
01/09/2004,MFR,OR,ANM,WE,Federal Contract Tower,3,52,13,0,68,0,0,26,0,26,3,52,39,0,94,12,0,12,106
01/10/2004,MFR,OR,ANM,WE,Federal Contract Tower,4,47,11,0,62,1,0,102,0,103,5,47,113,0,165,60,0,60,225
01/11/2004,MFR,OR,ANM,WE,Federal Contract Tower,2,30,8,0,40,0,7,54,0,61,2,37,62,0,101,84,0,84,185
01/12/2004,MFR,OR,ANM,WE,Federal Contract Tower,3,56,15,0,74,0,0,32,0,32,3,56,47,0,106,24,0,24,130
01/13/2004,MFR,OR,ANM,WE,Federal Contract Tower,3,50,11,0,64,0,3,34,0,37,3,53,45,0,101,32,0,32,133
01/14/2004,MFR,OR,ANM,WE,Federal Contract Tower,4,60,12,0,76,1,5,0,0,6,5,65,12,0,82,0,0,0,82
01/15/2004,MFR,OR,ANM,WE,Federal Contract Tower,4,61,15,0,80,0,0,17,2,19,4,61,32,2,99,42,0,42,141
01/16/2004,MFR,OR,ANM,WE,Federal Contract Tower,4,73,17,0,94,1,0,33,0,34,5,73,50,0,128,34,0,34,162
01/17/2004,MFR,OR,ANM,WE,Federal Contract Tower,3,42,11,0,56,2,0,31,0,33,5,42,42,0,89,40,0,40,129
01/18/2004,MFR,OR,ANM,WE,Federal Contract Tower,1,37,9,0,47,0,0,12,0,12,1,37,21,0,59,14,0,14,73
01/19/2004,MFR,OR,ANM,WE,Federal Contract Tower,3,54,12,0,69,0,7,20,0,27,3,61,32,0,96,76,0,76,172
01/20/2004,MFR,OR,ANM,WE,Federal Contract Tower,3,55,12,0,70,0,6,29,0,35,3,61,41,0,105,30,0,30,135
01/21/2004,MFR,OR,ANM,WE,Federal Contract Tower,3,58,13,0,74,0,5,48,0,53,3,63,61,0,127,46,0,46,173
01/22/2004,MFR,OR,ANM,WE,Federal Contract Tower,2,54,11,0,67,0,4,71,0,75,2,58,82,0,142,84,0,84,226
01/23/2004,MFR,OR,ANM,WE,Federal Contract Tower,3,71,17,0,91,0,2,7,0,9,3,73,24,0,100,10,0,10,110
01/24/2004,MFR,OR,ANM,WE,Federal Contract Tower,2,44,11,0,57,2,0,11,0,13,4,44,22,0,70,42,0,42,112
01/25/2004,MFR,OR,ANM,WE,Federal Contract Tower,0,41,9,0,50,0,1,36,1,38,0,42,45,1,88,44,0,44,132
01/26/2004,MFR,OR,ANM,WE,Federal Contract Tower,2,57,13,0,72,0,4,2,1,7,2,61,15,1,79,2,0,2,81
01/27/2004,MFR,OR,ANM,WE,Federal Contract Tower,3,56,13,0,72,0,7,15,4,26,3,63,28,4,98,46,0,46,144
01/28/2004,MFR,OR,ANM,WE,Federal Contract Tower,3,59,14,0,76,0,7,7,0,14,3,66,21,0,90,18,0,18,108
01/29/2004,MFR,OR,ANM,WE,Federal Contract Tower,3,61,14,0,78,0,4,8,0,12,3,65,22,0,90,20,0,20,110
01/30/2004,MFR,OR,ANM,WE,Federal Contract Tower,3,61,14,0,78,0,3,9,0,12,3,64,23,0,90,36,0,36,126
01/31/2004,MFR,OR,ANM,WE,Federal Contract Tower,2,43,10,0,55,3,0,26,0,29,5,43,36,0,84,32,0,32,116
02/01/2004,MFR,OR,ANM,WE,Federal Contract Tower,2,32,9,0,43,0,4,23,0,27,2,36,32,0,70,16,0,16,86
02/02/2004,MFR,OR,ANM,WE,Federal Contract Tower,3,53,13,0,69,0,9,11,0,20,3,62,24,0,89,32,0,32,121
02/03/2004,MFR,OR,ANM,WE,Federal Contract Tower,3,56,15,0,74,0,7,29,0,36,3,63,44,0,110,40,0,40,150
02/04/2004,MFR,OR,ANM,WE,Federal Contract Tower,3,61,16,0,80,0,5,41,4,50,3,66,57,4,130,62,0,62,192
02/05/2004,MFR,OR,ANM,WE,Federal Contract Tower,3,52,13,0,68,0,9,52,0,61,3,61,65,0,129,28,0,28,157
02/06/2004,MFR,OR,ANM,WE,Federal Contract Tower,3,61,14,0,78,0,13,0,0,13,3,74,14,0,91,16,0,16,107
02/07/2004,MFR,OR,ANM,WE,Federal Contract Tower,4,38,9,0,51,0,4,29,0,33,4,42,38,0,84,14,0,14,98
02/08/2004,MFR,OR,ANM,WE,Federal Contract Tower,2,36,10,0,48,0,0,61,0,61,2,36,71,0,109,76,2,78,187
02/09/2004,MFR,OR,ANM,WE,Federal Contract Tower,5,54,14,0,73,2,2,70,0,74,7,56,84,0,147,46,0,46,193
02/10/2004,MFR,OR,ANM,WE,Federal Contract Tower,5,54,14,0,73,0,11,67,0,78,5,65,81,0,151,40,0,40,191
02/11/2004,MFR,OR,ANM,WE,Federal Contract Tower,5,53,14,0,72,1,26,66,0,93,6,79,80,0,165,86,0,86,251
02/12/2004,MFR,OR,ANM,WE,Federal Contract Tower,2,62,16,0,80,0,5,70,2,77,2,67,86,2,157,36,0,36,193
02/13/2004,MFR,OR,ANM,WE,Federal Contract Tower,6,69,18,0,93,0,1,21,0,22,6,70,39,0,115,86,0,86,201
02/14/2004,MFR,OR,ANM,WE,Federal Contract Tower,3,42,11,0,56,2,0,29,0,31,5,42,40,0,87,14,0,14,101
02/15/2004,MFR,OR,ANM,WE,Federal Contract Tower,2,34,8,0,44,3,0,15,0,18,5,34,23,0,62,34,0,34,96
02/16/2004,MFR,OR,ANM,WE,Federal Contract Tower,3,59,15,0,77,0,0,9,0,9,3,59,24,0,86,14,0,14,100
02/17/2004,MFR,OR,ANM,WE,Federal Contract Tower,5,64,9,0,78,0,11,0,0,11,5,75,9,0,89,2,0,2,91
02/18/2004,MFR,OR,ANM,WE,Federal Contract Tower,3,82,21,0,106,0,0,33,0,33,3,82,54,0,139,66,0,66,205
02/19/2004,MFR,OR,ANM,WE,Federal Contract Tower,4,60,14,0,78,2,3,55,0,60,6,63,69,0,138,16,0,16,154
02/20/2004,MFR,OR,ANM,WE,Federal Contract Tower,4,57,14,0,75,1,2,43,0,46,5,59,57,0,121,60,0,60,181
02/21/2004,MFR,OR,ANM,WE,Federal Contract Tower,3,37,11,0,51,2,0,44,0,46,5,37,55,0,97,24,0,24,121
02/22/2004,MFR,OR,ANM,WE,Federal Contract Tower,3,37,11,0,51,3,0,23,0,26,6,37,34,0,77,12,0,12,89
02/23/2004,MFR,OR,ANM,WE,Federal Contract Tower,5,63,16,0,84,0,2,56,2,60,5,65,72,2,144,82,2,84,228
02/24/2004,MFR,OR,ANM,WE,Federal Contract Tower,5,65,16,0,86,0,4,20,0,24,5,69,36,0,110,20,0,20,130
02/25/2004,MFR,OR,ANM,WE,Federal Contract Tower,5,69,19,0,93,0,0,9,0,9,5,69,28,0,102,26,0,26,128
02/26/2004,MFR,OR,ANM,WE,Federal Contract Tower,5,70,18,0,93,3,0,5,0,8,8,70,23,0,101,14,0,14,115
02/27/2004,MFR,OR,ANM,WE,Federal Contract Tower,1,62,16,0,79,0,0,26,2,28,1,62,42,2,107,10,0,10,117
02/28/2004,MFR,OR,ANM,WE,Federal Contract Tower,4,44,15,0,63,3,0,65,0,68,7,44,80,0,131,68,0,68,199
02/29/2004,MFR,OR,ANM,WE,Federal Contract Tower,2,38,10,0,50,2,0,26,0,28,4,38,36,0,78,24,0,24,102
03/01/2004,MFR,OR,ANM,WE,Federal Contract Tower,1,55,13,0,69,0,7,6,0,13,1,62,19,0,82,34,0,34,116
03/02/2004,MFR,OR,ANM,WE,Federal Contract Tower,5,55,13,0,73,0,5,54,0,59,5,60,67,0,132,52,0,52,184
03/03/2004,MFR,OR,ANM,WE,Federal Contract Tower,5,66,16,0,87,0,4,9,2,15,5,70,25,2,102,32,0,32,134
03/04/2004,MFR,OR,ANM,WE,Federal Contract Tower,3,59,14,0,76,0,8,23,0,31,3,67,37,0,107,26,2,28,135
03/05/2004,MFR,OR,ANM,WE,Federal Contract Tower,4,61,15,0,80,0,3,5,0,8,4,64,20,0,88,8,0,8,96
03/06/2004,MFR,OR,ANM,WE,Federal Contract Tower,4,44,11,0,59,1,0,57,2,60,5,44,68,2,119,42,0,42,161
03/07/2004,MFR,OR,ANM,WE,Federal Contract Tower,3,45,12,0,60,0,0,84,3,87,3,45,96,3,147,68,10,78,225
03/08/2004,MFR,OR,ANM,WE,Federal Contract Tower,6,59,14,0,79,0,8,64,0,72,6,67,78,0,151,74,2,76,227
03/09/2004,MFR,OR,ANM,WE,Federal Contract Tower,5,67,16,0,88,0,7,75,0,82,5,74,91,0,170,118,0,118,288
03/10/2004,MFR,OR,ANM,WE,Federal Contract Tower,5,60,15,0,80,0,12,59,0,71,5,72,74,0,151,46,0,46,197
03/11/2004,MFR,OR,ANM,WE,Federal Contract Tower,3,68,16,0,87,0,4,70,4,78,3,72,86,4,165,90,0,90,255
03/12/2004,MFR,OR,ANM,WE,Federal Contract Tower,4,59,14,1,78,1,11,68,2,82,5,70,82,3,160,138,0,138,298
03/13/2004,MFR,OR,ANM,WE,Federal Contract Tower,3,41,10,0,54,1,4,108,0,113,4,45,118,0,167,110,0,110,277
03/14/2004,MFR,OR,ANM,WE,Federal Contract Tower,2,38,10,0,50,1,0,66,0,67,3,38,76,0,117,30,0,30,147
03/15/2004,MFR,OR,ANM,WE,Federal Contract Tower,4,64,15,0,83,1,0,62,0,63,5,64,77,0,146,48,0,48,194
03/16/2004,MFR,OR,ANM,WE,Federal Contract Tower,4,63,14,0,81,1,7,53,0,61,5,70,67,0,142,62,0,62,204
03/17/2004,MFR,OR,ANM,WE,Federal Contract Tower,4,63,14,1,82,1,7,50,0,58,5,70,64,1,140,28,0,28,168
03/18/2004,MFR,OR,ANM,WE,Federal Contract Tower,3,67,14,1,85,0,5,39,3,47,3,72,53,4,132,22,0,22,154
03/19/2004,MFR,OR,ANM,WE,Federal Contract Tower,4,65,15,0,84,3,6,64,0,73,7,71,79,0,157,56,0,56,213
03/20/2004,MFR,OR,ANM,WE,Federal Contract Tower,3,45,11,1,60,1,0,68,1,70,4,45,79,2,130,56,0,56,186
03/21/2004,MFR,OR,ANM,WE,Federal Contract Tower,2,41,9,0,52,0,1,83,0,84,2,42,92,0,136,26,0,26,162
03/22/2004,MFR,OR,ANM,WE,Federal Contract Tower,3,52,12,0,67,2,6,55,0,63,5,58,67,0,130,42,0,42,172
03/23/2004,MFR,OR,ANM,WE,Federal Contract Tower,4,62,14,0,80,4,1,62,0,67,8,63,76,0,147,68,0,68,215
03/24/2004,MFR,OR,ANM,WE,Federal Contract Tower,5,73,16,1,95,0,6,19,0,25,5,79,35,1,120,42,0,42,162
03/25/2004,MFR,OR,ANM,WE,Federal Contract Tower,5,69,17,0,91,0,0,21,0,21,5,69,38,0,112,12,0,12,124
03/26/2004,MFR,OR,ANM,WE,Federal Contract Tower,4,69,15,0,88,0,3,7,0,10,4,72,22,0,98,20,0,20,118
03/27/2004,MFR,OR,ANM,WE,Federal Contract Tower,3,48,11,1,63,1,1,36,0,38,4,49,47,1,101,58,0,58,159
03/28/2004,MFR,OR,ANM,WE,Federal Contract Tower,3,45,11,0,59,0,0,93,2,95,3,45,104,2,154,28,0,28,182
03/29/2004,MFR,OR,ANM,WE,Federal Contract Tower,4,58,14,0,76,1,5,56,2,64,5,63,70,2,140,48,0,48,188
03/30/2004,MFR,OR,ANM,WE,Federal Contract Tower,5,60,14,0,79,0,5,2,0,7,5,65,16,0,86,22,0,22,108
03/31/2004,MFR,OR,ANM,WE,Federal Contract Tower,5,60,14,0,79,0,7,35,0,42,5,67,49,0,121,38,0,38,159
04/01/2004,MFR,OR,ANM,WE,Federal Contract Tower,4,59,15,0,78,0,5,71,0,76,4,64,86,0,154,52,0,52,206
04/02/2004,MFR,OR,ANM,WE,Federal Contract Tower,5,63,17,0,85,0,10,65,0,75,5,73,82,0,160,66,0,66,226
04/03/2004,MFR,OR,ANM,WE,Federal Contract Tower,4,47,12,0,63,0,1,77,0,78,4,48,89,0,141,66,0,66,207
04/04/2004,MFR,OR,ANM,WE,Federal Contract Tower,4,44,12,0,60,0,3,90,0,93,4,47,102,0,153,40,0,40,193
04/05/2004,MFR,OR,ANM,WE,Federal Contract Tower,4,60,16,0,80,0,2,26,0,28,4,62,42,0,108,52,0,52,160
04/06/2004,MFR,OR,ANM,WE,Federal Contract Tower,5,62,19,0,86,0,0,47,0,47,5,62,66,0,133,42,0,42,175
04/07/2004,MFR,OR,ANM,WE,Federal Contract Tower,6,65,18,0,89,0,0,70,2,72,6,65,88,2,161,30,0,30,191
04/08/2004,MFR,OR,ANM,WE,Federal Contract Tower,5,55,15,0,75,0,16,41,0,57,5,71,56,0,132,32,0,32,164
04/09/2004,MFR,OR,ANM,WE,Federal Contract Tower,6,61,16,0,83,0,10,61,5,76,6,71,77,5,159,54,8,62,221
04/10/2004,MFR,OR,ANM,WE,Federal Contract Tower,4,39,11,0,54,0,9,75,1,85,4,48,86,1,139,84,0,84,223
04/11/2004,MFR,OR,ANM,WE,Federal Contract Tower,4,42,11,0,57,1,2,68,0,71,5,44,79,0,128,34,0,34,162
04/12/2004,MFR,OR,ANM,WE,Federal Contract Tower,5,60,16,0,81,0,6,64,0,70,5,66,80,0,151,52,0,52,203
04/13/2004,MFR,OR,ANM,WE,Federal Contract Tower,5,71,19,0,95,0,0,28,0,28,5,71,47,0,123,26,0,26,149
04/14/2004,MFR,OR,ANM,WE,Federal Contract Tower,5,66,18,0,89,0,7,4,0,11,5,73,22,0,100,10,0,10,110
04/15/2004,MFR,OR,ANM,WE,Federal Contract Tower,5,61,16,0,82,0,9,6,0,15,5,70,22,0,97,50,0,50,147
04/16/2004,MFR,OR,ANM,WE,Federal Contract Tower,5,71,19,1,96,0,0,25,1,26,5,71,44,2,122,94,0,94,216
04/17/2004,MFR,OR,ANM,WE,Federal Contract Tower,4,49,13,0,66,1,0,31,0,32,5,49,44,0,98,32,0,32,130
04/18/2004,MFR,OR,ANM,WE,Federal Contract Tower,3,37,12,1,53,1,0,27,1,29,4,37,39,2,82,46,0,46,128
04/19/2004,MFR,OR,ANM,WE,Federal Contract Tower,5,63,15,1,84,2,1,13,1,17,7,64,28,2,101,24,0,24,125
04/20/2004,MFR,OR,ANM,WE,Federal Contract Tower,5,62,15,1,83,0,4,2,1,7,5,66,17,2,90,8,0,8,98
04/21/2004,MFR,OR,ANM,WE,Federal Contract Tower,5,72,18,0,95,0,0,17,0,17,5,72,35,0,112,34,0,34,146
04/22/2004,MFR,OR,ANM,WE,Federal Contract Tower,5,63,16,1,85,2,2,50,1,55,7,65,66,2,140,40,0,40,180
04/23/2004,MFR,OR,ANM,WE,Federal Contract Tower,4,63,17,0,84,0,4,73,0,77,4,67,90,0,161,94,0,94,255
04/24/2004,MFR,OR,ANM,WE,Federal Contract Tower,3,44,12,0,59,2,8,91,0,101,5,52,103,0,160,74,0,74,234
04/25/2004,MFR,OR,ANM,WE,Federal Contract Tower,3,40,10,0,53,1,3,107,0,111,4,43,117,0,164,82,0,82,246
04/26/2004,MFR,OR,ANM,WE,Federal Contract Tower,4,56,15,0,75,1,9,92,0,102,5,65,107,0,177,62,0,62,239
04/27/2004,MFR,OR,ANM,WE,Federal Contract Tower,4,59,16,0,79,1,6,74,2,83,5,65,90,2,162,64,0,64,226
04/28/2004,MFR,OR,ANM,WE,Federal Contract Tower,4,54,14,0,72,0,13,74,0,87,4,67,88,0,159,78,0,78,237
04/29/2004,MFR,OR,ANM,WE,Federal Contract Tower,4,51,13,0,68,1,15,62,0,78,5,66,75,0,146,38,0,38,184
04/30/2004,MFR,OR,ANM,WE,Federal Contract Tower,5,64,17,0,86,0,3,70,0,73,5,67,87,0,159,46,0,46,205
05/01/2004,MFR,OR,ANM,WE,Federal Contract Tower,5,47,11,0,63,0,4,82,0,86,5,51,93,0,149,84,0,84,233
05/02/2004,MFR,OR,ANM,WE,Federal Contract Tower,4,43,11,0,58,1,1,89,0,91,5,44,100,0,149,32,0,32,181
05/03/2004,MFR,OR,ANM,WE,Federal Contract Tower,4,59,14,0,77,0,4,75,0,79,4,63,89,0,156,50,0,50,206
05/04/2004,MFR,OR,ANM,WE,Federal Contract Tower,5,57,15,0,77,1,14,50,0,65,6,71,65,0,142,28,0,28,170
05/05/2004,MFR,OR,ANM,WE,Federal Contract Tower,5,68,17,0,90,0,10,42,0,52,5,78,59,0,142,46,0,46,188
05/06/2004,MFR,OR,ANM,WE,Federal Contract Tower,5,65,16,0,86,0,4,56,0,60,5,69,72,0,146,36,0,36,182
05/07/2004,MFR,OR,ANM,WE,Federal Contract Tower,4,76,19,0,99,0,4,54,4,62,4,80,73,4,161,46,0,46,207
05/08/2004,MFR,OR,ANM,WE,Federal Contract Tower,4,41,10,0,55,1,7,16,0,24,5,48,26,0,79,58,0,58,137
05/09/2004,MFR,OR,ANM,WE,Federal Contract Tower,4,40,11,0,55,1,0,35,0,36,5,40,46,0,91,18,0,18,109
05/10/2004,MFR,OR,ANM,WE,Federal Contract Tower,6,62,15,0,83,1,0,12,0,13,7,62,27,0,96,26,0,26,122
05/11/2004,MFR,OR,ANM,WE,Federal Contract Tower,5,64,16,0,85,0,1,26,0,27,5,65,42,0,112,14,0,14,126
05/12/2004,MFR,OR,ANM,WE,Federal Contract Tower,5,53,14,0,72,0,13,54,0,67,5,66,68,0,139,14,0,14,153
05/13/2004,MFR,OR,ANM,WE,Federal Contract Tower,5,59,15,0,79,0,12,66,0,78,5,71,81,0,157,52,0,52,209
05/14/2004,MFR,OR,ANM,WE,Federal Contract Tower,5,64,16,0,85,0,3,78,0,81,5,67,94,0,166,34,0,34,200
05/15/2004,MFR,OR,ANM,WE,Federal Contract Tower,4,49,12,0,65,0,0,60,0,60,4,49,72,0,125,96,0,96,221
05/16/2004,MFR,OR,ANM,WE,Federal Contract Tower,4,41,11,0,56,1,0,74,0,75,5,41,85,0,131,72,0,72,203
05/17/2004,MFR,OR,ANM,WE,Federal Contract Tower,4,57,15,1,77,1,5,14,1,21,5,62,29,2,98,26,0,26,124
05/18/2004,MFR,OR,ANM,WE,Federal Contract Tower,5,70,17,0,92,0,0,8,0,8,5,70,25,0,100,0,0,0,100
05/19/2004,MFR,OR,ANM,WE,Federal Contract Tower,5,63,15,1,84,0,0,31,3,34,5,63,46,4,118,50,0,50,168
05/20/2004,MFR,OR,ANM,WE,Federal Contract Tower,5,65,15,0,85,0,2,63,0,65,5,67,78,0,150,24,0,24,174
05/21/2004,MFR,OR,ANM,WE,Federal Contract Tower,5,70,17,0,92,0,2,66,0,68,5,72,83,0,160,54,0,54,214
05/22/2004,MFR,OR,ANM,WE,Federal Contract Tower,3,43,10,0,56,1,8,35,0,44,4,51,45,0,100,48,0,48,148
05/23/2004,MFR,OR,ANM,WE,Federal Contract Tower,3,38,9,1,51,1,0,74,1,76,4,38,83,2,127,46,4,50,177
05/24/2004,MFR,OR,ANM,WE,Federal Contract Tower,4,57,14,1,76,1,8,76,1,86,5,65,90,2,162,56,0,56,218
05/25/2004,MFR,OR,ANM,WE,Federal Contract Tower,4,60,15,0,79,0,8,79,0,87,4,68,94,0,166,56,0,56,222
05/26/2004,MFR,OR,ANM,WE,Federal Contract Tower,5,67,17,0,89,0,8,47,0,55,5,75,64,0,144,74,0,74,218
05/27/2004,MFR,OR,ANM,WE,Federal Contract Tower,4,65,16,0,85,0,1,20,0,21,4,66,36,0,106,16,0,16,122
05/28/2004,MFR,OR,ANM,WE,Federal Contract Tower,4,66,17,0,87,0,2,24,0,26,4,68,41,0,113,56,0,56,169
05/29/2004,MFR,OR,ANM,WE,Federal Contract Tower,4,48,11,0,63,1,0,57,0,58,5,48,68,0,121,74,0,74,195
05/30/2004,MFR,OR,ANM,WE,Federal Contract Tower,3,36,9,0,48,2,2,60,0,64,5,38,69,0,112,52,0,52,164
05/31/2004,MFR,OR,ANM,WE,Federal Contract Tower,3,42,11,0,56,2,3,100,0,105,5,45,111,0,161,44,0,44,205
06/01/2004,MFR,OR,ANM,WE,Federal Contract Tower,5,55,14,0,74,0,11,62,0,73,5,66,76,0,147,32,0,32,179
06/02/2004,MFR,OR,ANM,WE,Federal Contract Tower,5,60,15,0,80,0,9,51,2,62,5,69,66,2,142,16,0,16,158
06/03/2004,MFR,OR,ANM,WE,Federal Contract Tower,4,57,15,0,76,0,12,55,0,67,4,69,70,0,143,8,0,8,151
06/04/2004,MFR,OR,ANM,WE,Federal Contract Tower,5,62,15,0,82,0,9,61,0,70,5,71,76,0,152,26,0,26,178
06/05/2004,MFR,OR,ANM,WE,Federal Contract Tower,5,47,12,0,64,0,0,47,0,47,5,47,59,0,111,66,0,66,177
06/06/2004,MFR,OR,ANM,WE,Federal Contract Tower,4,38,10,0,52,0,0,33,0,33,4,38,43,0,85,30,0,30,115
06/07/2004,MFR,OR,ANM,WE,Federal Contract Tower,5,67,17,0,89,0,1,34,4,39,5,68,51,4,128,16,0,16,144
06/08/2004,MFR,OR,ANM,WE,Federal Contract Tower,5,66,17,0,88,0,0,32,0,32,5,66,49,0,120,28,0,28,148
06/09/2004,MFR,OR,ANM,WE,Federal Contract Tower,6,65,16,0,87,0,1,23,0,24,6,66,39,0,111,20,0,20,131
06/10/2004,MFR,OR,ANM,WE,Federal Contract Tower,7,74,18,0,99,0,5,50,0,55,7,79,68,0,154,62,0,62,216
06/11/2004,MFR,OR,ANM,WE,Federal Contract Tower,5,72,18,0,95,0,0,67,2,69,5,72,85,2,164,28,0,28,192
06/12/2004,MFR,OR,ANM,WE,Federal Contract Tower,4,42,11,0,57,1,6,62,2,71,5,48,73,2,128,46,0,46,174
06/13/2004,MFR,OR,ANM,WE,Federal Contract Tower,5,47,11,0,63,0,0,66,0,66,5,47,77,0,129,44,0,44,173
06/14/2004,MFR,OR,ANM,WE,Federal Contract Tower,4,53,14,1,72,1,11,47,1,60,5,64,61,2,132,12,0,12,144
06/15/2004,MFR,OR,ANM,WE,Federal Contract Tower,4,50,13,0,67,2,12,60,0,74,6,62,73,0,141,22,0,22,163
06/16/2004,MFR,OR,ANM,WE,Federal Contract Tower,5,60,15,1,81,0,12,67,2,81,5,72,82,3,162,72,0,72,234
06/17/2004,MFR,OR,ANM,WE,Federal Contract Tower,5,69,16,0,90,0,2,74,0,76,5,71,90,0,166,20,0,20,186
06/18/2004,MFR,OR,ANM,WE,Federal Contract Tower,5,72,17,1,95,0,0,80,1,81,5,72,97,2,176,14,10,24,200
06/19/2004,MFR,OR,ANM,WE,Federal Contract Tower,3,42,10,0,55,3,5,64,0,72,6,47,74,0,127,38,0,38,165
06/20/2004,MFR,OR,ANM,WE,Federal Contract Tower,4,49,11,0,64,0,1,76,0,77,4,50,87,0,141,24,0,24,165
06/21/2004,MFR,OR,ANM,WE,Federal Contract Tower,4,57,13,1,75,1,13,52,0,66,5,70,65,1,141,44,2,46,187
06/22/2004,MFR,OR,ANM,WE,Federal Contract Tower,5,66,15,1,87,0,5,44,2,51,5,71,59,3,138,22,2,24,162
06/23/2004,MFR,OR,ANM,WE,Federal Contract Tower,5,77,18,1,101,0,6,55,0,61,5,83,73,1,162,38,2,40,202
06/24/2004,MFR,OR,ANM,WE,Federal Contract Tower,4,58,14,0,76,0,18,77,0,95,4,76,91,0,171,14,0,14,185
06/25/2004,MFR,OR,ANM,WE,Federal Contract Tower,5,69,16,0,90,0,1,77,0,78,5,70,93,0,168,18,0,18,186
06/26/2004,MFR,OR,ANM,WE,Federal Contract Tower,3,43,11,0,57,1,2,78,0,81,4,45,89,0,138,24,0,24,162
06/27/2004,MFR,OR,ANM,WE,Federal Contract Tower,4,48,11,0,63,0,0,70,0,70,4,48,81,0,133,28,0,28,161
06/28/2004,MFR,OR,ANM,WE,Federal Contract Tower,4,51,13,0,68,1,10,49,0,60,5,61,62,0,128,50,0,50,178
06/29/2004,MFR,OR,ANM,WE,Federal Contract Tower,4,59,15,0,78,1,10,60,4,75,5,69,75,4,153,10,0,10,163
06/30/2004,MFR,OR,ANM,WE,Federal Contract Tower,4,62,15,0,81,0,9,45,2,56,4,71,60,2,137,48,0,48,185
07/01/2004,MFR,OR,ANM,WE,Federal Contract Tower,5,60,15,0,80,0,13,64,2,79,5,73,79,2,159,52,0,52,211
07/02/2004,MFR,OR,ANM,WE,Federal Contract Tower,4,63,16,0,83,0,10,96,0,106,4,73,112,0,189,42,0,42,231
07/03/2004,MFR,OR,ANM,WE,Federal Contract Tower,4,51,14,0,69,0,0,72,0,72,4,51,86,0,141,44,0,44,185
07/04/2004,MFR,OR,ANM,WE,Federal Contract Tower,3,30,8,0,41,2,7,39,2,50,5,37,47,2,91,46,2,48,139
07/05/2004,MFR,OR,ANM,WE,Federal Contract Tower,4,41,11,0,56,1,4,78,0,83,5,45,89,0,139,20,0,20,159
07/06/2004,MFR,OR,ANM,WE,Federal Contract Tower,5,53,14,0,72,0,10,59,0,69,5,63,73,0,141,54,0,54,195
07/07/2004,MFR,OR,ANM,WE,Federal Contract Tower,5,65,17,0,87,0,4,62,2,68,5,69,79,2,155,44,0,44,199
07/08/2004,MFR,OR,ANM,WE,Federal Contract Tower,5,67,17,0,89,0,2,115,0,117,5,69,132,0,206,66,0,66,272
07/09/2004,MFR,OR,ANM,WE,Federal Contract Tower,6,60,15,0,81,0,5,53,0,58,6,65,68,0,139,24,0,24,163
07/10/2004,MFR,OR,ANM,WE,Federal Contract Tower,4,45,12,0,61,0,0,80,2,82,4,45,92,2,143,24,0,24,167
07/11/2004,MFR,OR,ANM,WE,Federal Contract Tower,4,44,12,0,60,1,6,89,0,96,5,50,101,0,156,48,0,48,204
07/12/2004,MFR,OR,ANM,WE,Federal Contract Tower,5,57,15,0,77,0,10,83,2,95,5,67,98,2,172,72,0,72,244
07/13/2004,MFR,OR,ANM,WE,Federal Contract Tower,4,54,14,0,72,0,17,56,0,73,4,71,70,0,145,50,0,50,195
07/14/2004,MFR,OR,ANM,WE,Federal Contract Tower,5,70,18,0,93,0,12,82,2,96,5,82,100,2,189,48,0,48,237
07/15/2004,MFR,OR,ANM,WE,Federal Contract Tower,4,60,16,0,80,0,13,88,0,101,4,73,104,0,181,60,0,60,241
07/16/2004,MFR,OR,ANM,WE,Federal Contract Tower,5,68,17,0,90,0,10,77,0,87,5,78,94,0,177,28,0,28,205
07/17/2004,MFR,OR,ANM,WE,Federal Contract Tower,3,41,11,0,55,2,6,66,0,74,5,47,77,0,129,46,0,46,175
07/18/2004,MFR,OR,ANM,WE,Federal Contract Tower,4,42,10,0,56,1,0,76,0,77,5,42,86,0,133,64,0,64,197
07/19/2004,MFR,OR,ANM,WE,Federal Contract Tower,5,64,16,1,86,0,0,61,2,63,5,64,77,3,149,34,0,34,183
07/20/2004,MFR,OR,ANM,WE,Federal Contract Tower,5,65,16,1,87,0,0,63,2,65,5,65,79,3,152,30,0,30,182
07/21/2004,MFR,OR,ANM,WE,Federal Contract Tower,5,66,16,1,88,0,8,77,4,89,5,74,93,5,177,30,0,30,207
07/22/2004,MFR,OR,ANM,WE,Federal Contract Tower,5,64,15,1,85,0,6,91,3,100,5,70,106,4,185,42,0,42,227
07/23/2004,MFR,OR,ANM,WE,Federal Contract Tower,5,60,14,0,79,0,10,71,0,81,5,70,85,0,160,32,0,32,192
07/24/2004,MFR,OR,ANM,WE,Federal Contract Tower,3,41,10,0,54,1,5,73,0,79,4,46,83,0,133,28,0,28,161
07/25/2004,MFR,OR,ANM,WE,Federal Contract Tower,3,39,9,0,51,2,3,87,0,92,5,42,96,0,143,32,0,32,175
07/26/2004,MFR,OR,ANM,WE,Federal Contract Tower,5,64,17,0,86,0,3,54,2,59,5,67,71,2,145,38,0,38,183
07/27/2004,MFR,OR,ANM,WE,Federal Contract Tower,5,64,17,0,86,1,1,68,17,87,6,65,85,17,173,48,0,48,221
07/28/2004,MFR,OR,ANM,WE,Federal Contract Tower,5,61,16,0,82,0,10,78,12,100,5,71,94,12,182,26,0,26,208
07/29/2004,MFR,OR,ANM,WE,Federal Contract Tower,6,70,18,0,94,0,0,84,1,85,6,70,102,1,179,26,0,26,205
07/30/2004,MFR,OR,ANM,WE,Federal Contract Tower,6,68,17,0,91,3,0,68,3,74,9,68,85,3,165,40,0,40,205
07/31/2004,MFR,OR,ANM,WE,Federal Contract Tower,3,41,11,0,55,3,0,75,0,78,6,41,86,0,133,30,0,30,163
08/01/2004,MFR,OR,ANM,WE,Federal Contract Tower,4,37,11,0,52,1,4,75,0,80,5,41,86,0,132,32,0,32,164
08/02/2004,MFR,OR,ANM,WE,Federal Contract Tower,5,56,15,0,76,0,10,39,0,49,5,66,54,0,125,6,0,6,131
08/03/2004,MFR,OR,ANM,WE,Federal Contract Tower,5,55,15,0,75,0,11,71,0,82,5,66,86,0,157,50,0,50,207
08/04/2004,MFR,OR,ANM,WE,Federal Contract Tower,5,67,19,0,91,0,8,60,0,68,5,75,79,0,159,22,0,22,181
08/05/2004,MFR,OR,ANM,WE,Federal Contract Tower,6,59,17,0,82,0,8,64,0,72,6,67,81,0,154,54,0,54,208
08/06/2004,MFR,OR,ANM,WE,Federal Contract Tower,6,70,20,0,96,0,0,67,0,67,6,70,87,0,163,64,0,64,227
08/07/2004,MFR,OR,ANM,WE,Federal Contract Tower,7,43,20,0,70,0,0,79,0,79,7,43,99,0,149,52,0,52,201
08/08/2004,MFR,OR,ANM,WE,Federal Contract Tower,4,37,11,0,52,1,6,85,0,92,5,43,96,0,144,28,0,28,172
08/09/2004,MFR,OR,ANM,WE,Federal Contract Tower,5,46,13,0,64,0,16,53,0,69,5,62,66,0,133,46,0,46,179
08/10/2004,MFR,OR,ANM,WE,Federal Contract Tower,4,48,14,0,66,0,14,45,0,59,4,62,59,0,125,24,0,24,149
08/11/2004,MFR,OR,ANM,WE,Federal Contract Tower,5,59,16,0,80,0,12,47,0,59,5,71,63,0,139,26,0,26,165
08/12/2004,MFR,OR,ANM,WE,Federal Contract Tower,6,58,16,0,80,3,7,67,2,79,9,65,83,2,159,34,0,34,193
08/13/2004,MFR,OR,ANM,WE,Federal Contract Tower,5,67,18,0,90,0,4,73,0,77,5,71,91,0,167,28,0,28,195
08/14/2004,MFR,OR,ANM,WE,Federal Contract Tower,3,40,12,0,55,2,6,69,0,77,5,46,81,0,132,56,2,58,190
08/15/2004,MFR,OR,ANM,WE,Federal Contract Tower,3,35,9,0,47,2,7,66,0,75,5,42,75,0,122,30,0,30,152
08/16/2004,MFR,OR,ANM,WE,Federal Contract Tower,4,52,13,0,69,1,13,47,0,61,5,65,60,0,130,32,0,32,162
08/17/2004,MFR,OR,ANM,WE,Federal Contract Tower,5,60,15,0,80,0,2,60,0,62,5,62,75,0,142,34,0,34,176
08/18/2004,MFR,OR,ANM,WE,Federal Contract Tower,5,64,18,0,87,0,5,71,0,76,5,69,89,0,163,36,0,36,199
08/19/2004,MFR,OR,ANM,WE,Federal Contract Tower,4,70,19,0,93,0,5,74,3,82,4,75,93,3,175,46,0,46,221
08/20/2004,MFR,OR,ANM,WE,Federal Contract Tower,6,65,17,0,88,3,0,108,0,111,9,65,125,0,199,40,0,40,239
08/21/2004,MFR,OR,ANM,WE,Federal Contract Tower,4,44,12,0,60,1,0,91,2,94,5,44,103,2,154,52,0,52,206
08/22/2004,MFR,OR,ANM,WE,Federal Contract Tower,5,49,16,0,70,2,0,21,0,23,7,49,37,0,93,6,0,6,99
08/23/2004,MFR,OR,ANM,WE,Federal Contract Tower,5,64,19,0,88,0,0,47,2,49,5,64,66,2,137,40,0,40,177
08/24/2004,MFR,OR,ANM,WE,Federal Contract Tower,5,68,18,0,91,0,3,34,2,39,5,71,52,2,130,52,0,52,182
08/25/2004,MFR,OR,ANM,WE,Federal Contract Tower,5,70,20,0,95,0,0,21,0,21,5,70,41,0,116,28,0,28,144
08/26/2004,MFR,OR,ANM,WE,Federal Contract Tower,4,72,20,0,96,0,1,37,0,38,4,73,57,0,134,4,0,4,138
08/27/2004,MFR,OR,ANM,WE,Federal Contract Tower,5,64,18,0,87,0,4,71,0,75,5,68,89,0,162,40,0,40,202
08/28/2004,MFR,OR,ANM,WE,Federal Contract Tower,3,41,12,0,56,2,1,97,0,100,5,42,109,0,156,24,0,24,180
08/29/2004,MFR,OR,ANM,WE,Federal Contract Tower,4,42,12,0,58,1,0,90,0,91,5,42,102,0,149,26,0,26,175
08/30/2004,MFR,OR,ANM,WE,Federal Contract Tower,5,57,15,0,77,0,8,56,3,67,5,65,71,3,144,34,0,34,178
08/31/2004,MFR,OR,ANM,WE,Federal Contract Tower,4,55,14,0,73,0,9,67,8,84,4,64,81,8,157,36,8,44,201
09/01/2004,MFR,OR,ANM,WE,Federal Contract Tower,6,62,20,0,88,0,7,38,2,47,6,69,58,2,135,40,0,40,175
09/02/2004,MFR,OR,ANM,WE,Federal Contract Tower,4,62,20,0,86,0,9,62,5,76,4,71,82,5,162,26,0,26,188
09/03/2004,MFR,OR,ANM,WE,Federal Contract Tower,4,60,19,0,83,0,7,120,5,132,4,67,139,5,215,72,0,72,287
09/04/2004,MFR,OR,ANM,WE,Federal Contract Tower,4,42,13,0,59,0,5,84,0,89,4,47,97,0,148,54,0,54,202
09/05/2004,MFR,OR,ANM,WE,Federal Contract Tower,3,32,10,0,45,2,8,81,0,91,5,40,91,0,136,40,0,40,176
09/06/2004,MFR,OR,ANM,WE,Federal Contract Tower,4,39,12,0,55,1,4,94,0,99,5,43,106,0,154,68,0,68,222
09/07/2004,MFR,OR,ANM,WE,Federal Contract Tower,4,57,18,0,79,0,14,61,3,78,4,71,79,3,157,50,0,50,207
09/08/2004,MFR,OR,ANM,WE,Federal Contract Tower,4,59,18,0,81,0,8,53,7,68,4,67,71,7,149,14,0,14,163
09/09/2004,MFR,OR,ANM,WE,Federal Contract Tower,5,69,21,0,95,0,2,71,7,80,5,71,92,7,175,46,2,48,223
09/10/2004,MFR,OR,ANM,WE,Federal Contract Tower,4,59,18,0,81,0,10,68,3,81,4,69,86,3,162,56,0,56,218
09/11/2004,MFR,OR,ANM,WE,Federal Contract Tower,4,47,15,0,66,0,2,56,0,58,4,49,71,0,124,52,0,52,176
09/12/2004,MFR,OR,ANM,WE,Federal Contract Tower,3,38,14,1,56,2,0,38,1,41,5,38,52,2,97,26,0,26,123
09/13/2004,MFR,OR,ANM,WE,Federal Contract Tower,5,62,20,1,88,0,2,23,1,26,5,64,43,2,114,0,0,0,114
09/14/2004,MFR,OR,ANM,WE,Federal Contract Tower,5,55,17,0,77,0,16,42,0,58,5,71,59,0,135,48,0,48,183
09/15/2004,MFR,OR,ANM,WE,Federal Contract Tower,5,67,21,0,93,0,2,31,0,33,5,69,52,0,126,24,0,24,150
09/16/2004,MFR,OR,ANM,WE,Federal Contract Tower,5,66,21,0,92,0,2,55,0,57,5,68,76,0,149,42,0,42,191
09/17/2004,MFR,OR,ANM,WE,Federal Contract Tower,6,69,21,0,96,3,0,16,0,19,9,69,37,0,115,4,0,4,119
09/18/2004,MFR,OR,ANM,WE,Federal Contract Tower,4,46,13,0,63,1,1,22,0,24,5,47,35,0,87,36,0,36,123
09/19/2004,MFR,OR,ANM,WE,Federal Contract Tower,4,42,12,0,58,1,0,13,0,14,5,42,25,0,72,26,0,26,98
09/20/2004,MFR,OR,ANM,WE,Federal Contract Tower,6,65,20,1,92,1,0,45,1,47,7,65,65,2,139,18,0,18,157
09/21/2004,MFR,OR,ANM,WE,Federal Contract Tower,5,60,18,1,84,0,0,75,1,76,5,60,93,2,160,28,0,28,188
09/22/2004,MFR,OR,ANM,WE,Federal Contract Tower,5,56,16,0,77,0,10,44,0,54,5,66,60,0,131,24,0,24,155
09/23/2004,MFR,OR,ANM,WE,Federal Contract Tower,5,64,19,1,89,0,0,90,4,94,5,64,109,5,183,56,0,56,239
09/24/2004,MFR,OR,ANM,WE,Federal Contract Tower,5,65,19,0,89,0,2,100,0,102,5,67,119,0,191,20,0,20,211
09/25/2004,MFR,OR,ANM,WE,Federal Contract Tower,3,46,13,0,62,2,6,133,0,141,5,52,146,0,203,38,0,38,241
09/26/2004,MFR,OR,ANM,WE,Federal Contract Tower,4,48,14,0,66,1,0,75,0,76,5,48,89,0,142,40,0,40,182
09/27/2004,MFR,OR,ANM,WE,Federal Contract Tower,5,61,18,0,84,0,2,69,6,77,5,63,87,6,161,48,0,48,209
09/28/2004,MFR,OR,ANM,WE,Federal Contract Tower,5,61,18,0,84,0,9,44,2,55,5,70,62,2,139,22,0,22,161
09/29/2004,MFR,OR,ANM,WE,Federal Contract Tower,4,64,20,0,88,0,2,27,5,34,4,66,47,5,122,22,2,24,146
09/30/2004,MFR,OR,ANM,WE,Federal Contract Tower,5,68,21,0,94,0,3,82,3,88,5,71,103,3,182,64,0,64,246
10/01/2004,MFR,OR,ANM,WE,Federal Contract Tower,5,63,21,0,89,0,3,70,0,73,5,66,91,0,162,46,0,46,208
10/02/2004,MFR,OR,ANM,WE,Federal Contract Tower,7,38,11,0,56,0,3,81,0,84,7,41,92,0,140,30,0,30,170
10/03/2004,MFR,OR,ANM,WE,Federal Contract Tower,5,40,19,0,64,0,0,69,0,69,5,40,88,0,133,10,0,10,143
10/04/2004,MFR,OR,ANM,WE,Federal Contract Tower,4,53,10,1,68,0,6,86,0,92,4,59,96,1,160,38,2,40,200
10/05/2004,MFR,OR,ANM,WE,Federal Contract Tower,5,61,15,0,81,0,5,58,0,63,5,66,73,0,144,10,0,10,154
10/06/2004,MFR,OR,ANM,WE,Federal Contract Tower,6,69,9,0,84,0,0,35,0,35,6,69,44,0,119,40,0,40,159
10/07/2004,MFR,OR,ANM,WE,Federal Contract Tower,6,69,22,0,97,0,3,54,1,58,6,72,76,1,155,18,0,18,173
10/08/2004,MFR,OR,ANM,WE,Federal Contract Tower,5,67,20,0,92,0,3,29,0,32,5,70,49,0,124,6,0,6,130
10/09/2004,MFR,OR,ANM,WE,Federal Contract Tower,5,45,9,0,59,0,4,42,0,46,5,49,51,0,105,30,0,30,135
10/10/2004,MFR,OR,ANM,WE,Federal Contract Tower,6,44,8,0,58,0,0,75,0,75,6,44,83,0,133,32,0,32,165
10/11/2004,MFR,OR,ANM,WE,Federal Contract Tower,4,54,19,0,77,0,4,51,0,55,4,58,70,0,132,56,0,56,188
10/12/2004,MFR,OR,ANM,WE,Federal Contract Tower,5,68,13,2,88,0,5,63,1,69,5,73,76,3,157,50,0,50,207
10/13/2004,MFR,OR,ANM,WE,Federal Contract Tower,6,66,7,4,83,0,4,87,0,91,6,70,94,4,174,28,0,28,202
10/14/2004,MFR,OR,ANM,WE,Federal Contract Tower,8,67,11,3,89,0,2,40,6,48,8,69,51,9,137,0,0,0,137
10/15/2004,MFR,OR,ANM,WE,Federal Contract Tower,7,64,16,8,95,0,3,86,0,89,7,67,102,8,184,22,0,22,206
10/16/2004,MFR,OR,ANM,WE,Federal Contract Tower,5,40,14,0,59,0,6,57,0,63,5,46,71,0,122,84,0,84,206
10/17/2004,MFR,OR,ANM,WE,Federal Contract Tower,4,44,13,0,61,0,0,7,0,7,4,44,20,0,68,2,0,2,70
10/18/2004,MFR,OR,ANM,WE,Federal Contract Tower,5,62,11,0,78,0,1,19,0,20,5,63,30,0,98,8,0,8,106
10/19/2004,MFR,OR,ANM,WE,Federal Contract Tower,5,71,13,2,91,0,4,1,0,5,5,75,14,2,96,0,0,0,96
10/20/2004,MFR,OR,ANM,WE,Federal Contract Tower,5,65,18,3,91,0,1,13,3,17,5,66,31,6,108,18,0,18,126
10/21/2004,MFR,OR,ANM,WE,Federal Contract Tower,6,68,15,0,89,0,5,26,0,31,6,73,41,0,120,54,0,54,174
10/22/2004,MFR,OR,ANM,WE,Federal Contract Tower,5,62,24,0,91,0,0,2,0,2,5,62,26,0,93,4,0,4,97
10/23/2004,MFR,OR,ANM,WE,Federal Contract Tower,5,43,7,1,56,0,1,26,7,34,5,44,33,8,90,78,0,78,168
10/24/2004,MFR,OR,ANM,WE,Federal Contract Tower,5,42,14,0,61,0,2,34,0,36,5,44,48,0,97,58,0,58,155
10/25/2004,MFR,OR,ANM,WE,Federal Contract Tower,5,69,6,0,80,0,1,14,0,15,5,70,20,0,95,12,0,12,107
10/26/2004,MFR,OR,ANM,WE,Federal Contract Tower,5,69,11,0,85,0,1,14,0,15,5,70,25,0,100,24,0,24,124
10/27/2004,MFR,OR,ANM,WE,Federal Contract Tower,4,81,23,0,108,0,2,19,0,21,4,83,42,0,129,48,0,48,177
10/28/2004,MFR,OR,ANM,WE,Federal Contract Tower,5,70,18,0,93,0,3,31,4,38,5,73,49,4,131,42,0,42,173
10/29/2004,MFR,OR,ANM,WE,Federal Contract Tower,6,66,11,1,84,0,2,39,1,42,6,68,50,2,126,38,0,38,164
10/30/2004,MFR,OR,ANM,WE,Federal Contract Tower,5,41,8,0,54,0,0,9,0,9,5,41,17,0,63,16,0,16,79
10/31/2004,MFR,OR,ANM,WE,Federal Contract Tower,5,40,11,0,56,0,0,43,2,45,5,40,54,2,101,20,0,20,121
11/01/2004,MFR,OR,ANM,WE,Federal Contract Tower,5,68,10,0,83,0,6,42,0,48,5,74,52,0,131,50,0,50,181
11/02/2004,MFR,OR,ANM,WE,Federal Contract Tower,5,67,15,0,87,0,3,10,0,13,5,70,25,0,100,20,0,20,120
11/03/2004,MFR,OR,ANM,WE,Federal Contract Tower,5,74,22,0,101,0,0,18,2,20,5,74,40,2,121,38,0,38,159
11/04/2004,MFR,OR,ANM,WE,Federal Contract Tower,5,71,16,2,94,0,6,69,2,77,5,77,85,4,171,48,4,52,223
11/05/2004,MFR,OR,ANM,WE,Federal Contract Tower,5,69,16,0,90,0,3,55,0,58,5,72,71,0,148,34,0,34,182
11/06/2004,MFR,OR,ANM,WE,Federal Contract Tower,4,47,10,0,61,0,3,78,0,81,4,50,88,0,142,58,0,58,200
11/07/2004,MFR,OR,ANM,WE,Federal Contract Tower,5,37,7,0,49,0,0,54,0,54,5,37,61,0,103,20,0,20,123
11/08/2004,MFR,OR,ANM,WE,Federal Contract Tower,7,58,6,1,72,0,6,18,0,24,7,64,24,1,96,26,0,26,122
11/09/2004,MFR,OR,ANM,WE,Federal Contract Tower,5,66,16,2,89,0,1,19,0,20,5,67,35,2,109,24,0,24,133
11/10/2004,MFR,OR,ANM,WE,Federal Contract Tower,3,64,21,2,90,0,1,8,1,10,3,65,29,3,100,0,0,0,100
11/11/2004,MFR,OR,ANM,WE,Federal Contract Tower,5,67,25,0,97,0,4,12,0,16,5,71,37,0,113,18,0,18,131
11/12/2004,MFR,OR,ANM,WE,Federal Contract Tower,5,69,20,0,94,0,0,4,0,4,5,69,24,0,98,4,0,4,102
11/13/2004,MFR,OR,ANM,WE,Federal Contract Tower,5,42,11,0,58,0,0,15,0,15,5,42,26,0,73,12,0,12,85
11/14/2004,MFR,OR,ANM,WE,Federal Contract Tower,5,43,16,0,64,0,0,40,0,40,5,43,56,0,104,30,0,30,134
11/15/2004,MFR,OR,ANM,WE,Federal Contract Tower,5,57,15,0,77,0,0,14,0,14,5,57,29,0,91,22,0,22,113
11/16/2004,MFR,OR,ANM,WE,Federal Contract Tower,5,65,11,0,81,0,1,26,0,27,5,66,37,0,108,32,0,32,140
11/17/2004,MFR,OR,ANM,WE,Federal Contract Tower,4,68,26,0,98,0,4,25,0,29,4,72,51,0,127,12,0,12,139
11/18/2004,MFR,OR,ANM,WE,Federal Contract Tower,5,73,16,0,94,0,1,2,0,3,5,74,18,0,97,0,0,0,97
11/19/2004,MFR,OR,ANM,WE,Federal Contract Tower,5,57,16,0,78,0,4,37,0,41,5,61,53,0,119,14,0,14,133
11/20/2004,MFR,OR,ANM,WE,Federal Contract Tower,4,44,10,0,58,0,1,29,0,30,4,45,39,0,88,32,0,32,120
11/21/2004,MFR,OR,ANM,WE,Federal Contract Tower,5,39,16,0,60,0,1,24,0,25,5,40,40,0,85,40,0,40,125
11/22/2004,MFR,OR,ANM,WE,Federal Contract Tower,4,62,14,0,80,0,2,27,0,29,4,64,41,0,109,26,0,26,135
11/23/2004,MFR,OR,ANM,WE,Federal Contract Tower,5,70,12,0,87,0,1,22,0,23,5,71,34,0,110,26,0,26,136
11/24/2004,MFR,OR,ANM,WE,Federal Contract Tower,4,68,13,0,85,0,3,40,0,43,4,71,53,0,128,44,0,44,172
11/25/2004,MFR,OR,ANM,WE,Federal Contract Tower,5,36,2,0,43,0,0,2,0,2,5,36,4,0,45,0,0,0,45
11/26/2004,MFR,OR,ANM,WE,Federal Contract Tower,4,59,11,0,74,0,0,1,0,1,4,59,12,0,75,0,0,0,75
11/27/2004,MFR,OR,ANM,WE,Federal Contract Tower,5,49,7,0,61,0,0,23,0,23,5,49,30,0,84,22,0,22,106
11/28/2004,MFR,OR,ANM,WE,Federal Contract Tower,4,46,21,0,71,0,0,32,0,32,4,46,53,0,103,24,0,24,127
11/29/2004,MFR,OR,ANM,WE,Federal Contract Tower,7,56,8,0,71,0,3,25,0,28,7,59,33,0,99,34,0,34,133
11/30/2004,MFR,OR,ANM,WE,Federal Contract Tower,5,66,15,2,88,0,1,7,0,8,5,67,22,2,96,0,0,0,96
12/01/2004,MFR,OR,ANM,WE,Federal Contract Tower,5,74,16,0,95,0,0,5,0,5,5,74,21,0,100,22,0,22,122
12/02/2004,MFR,OR,ANM,WE,Federal Contract Tower,5,70,16,0,91,0,1,35,0,36,5,71,51,0,127,28,0,28,155
12/03/2004,MFR,OR,ANM,WE,Federal Contract Tower,4,65,13,0,82,0,6,33,0,39,4,71,46,0,121,32,0,32,153
12/04/2004,MFR,OR,ANM,WE,Federal Contract Tower,5,52,8,0,65,0,1,8,0,9,5,53,16,0,74,30,0,30,104
12/05/2004,MFR,OR,ANM,WE,Federal Contract Tower,7,41,14,0,62,0,0,2,0,2,7,41,16,0,64,0,0,0,64
12/06/2004,MFR,OR,ANM,WE,Federal Contract Tower,5,66,16,0,87,0,0,8,0,8,5,66,24,0,95,6,0,6,101
12/07/2004,MFR,OR,ANM,WE,Federal Contract Tower,4,70,22,0,96,0,1,6,0,7,4,71,28,0,103,0,0,0,103
12/08/2004,MFR,OR,ANM,WE,Federal Contract Tower,5,74,13,0,92,0,0,6,0,6,5,74,19,0,98,14,0,14,112
12/09/2004,MFR,OR,ANM,WE,Federal Contract Tower,5,82,18,0,105,0,0,4,0,4,5,82,22,0,109,0,0,0,109
12/10/2004,MFR,OR,ANM,WE,Federal Contract Tower,5,67,29,0,101,0,1,4,0,5,5,68,33,0,106,8,0,8,114
12/11/2004,MFR,OR,ANM,WE,Federal Contract Tower,5,46,7,7,65,0,0,0,0,0,5,46,7,7,65,0,2,2,67
12/12/2004,MFR,OR,ANM,WE,Federal Contract Tower,5,39,21,0,65,0,0,28,0,28,5,39,49,0,93,54,0,54,147
12/13/2004,MFR,OR,ANM,WE,Federal Contract Tower,5,65,18,0,88,0,1,28,0,29,5,66,46,0,117,40,0,40,157
12/14/2004,MFR,OR,ANM,WE,Federal Contract Tower,5,77,18,2,102,0,1,51,0,52,5,78,69,2,154,44,0,44,198
12/15/2004,MFR,OR,ANM,WE,Federal Contract Tower,6,74,25,0,105,0,1,8,0,9,6,75,33,0,114,8,0,8,122
12/16/2004,MFR,OR,ANM,WE,Federal Contract Tower,5,73,22,0,100,0,1,10,0,11,5,74,32,0,111,0,0,0,111
12/17/2004,MFR,OR,ANM,WE,Federal Contract Tower,7,58,20,0,85,0,3,36,0,39,7,61,56,0,124,20,0,20,144
12/18/2004,MFR,OR,ANM,WE,Federal Contract Tower,6,31,16,0,53,0,3,46,0,49,6,34,62,0,102,44,0,44,146
12/19/2004,MFR,OR,ANM,WE,Federal Contract Tower,4,44,16,0,64,0,1,27,0,28,4,45,43,0,92,40,0,40,132
12/20/2004,MFR,OR,ANM,WE,Federal Contract Tower,5,67,11,0,83,0,5,31,2,38,5,72,42,2,121,12,0,12,133
12/21/2004,MFR,OR,ANM,WE,Federal Contract Tower,5,73,8,2,88,0,1,16,0,17,5,74,24,2,105,22,0,22,127
12/22/2004,MFR,OR,ANM,WE,Federal Contract Tower,5,79,12,0,96,0,3,16,0,19,5,82,28,0,115,18,0,18,133
12/23/2004,MFR,OR,ANM,WE,Federal Contract Tower,4,66,22,0,92,0,3,2,0,5,4,69,24,0,97,38,0,38,135
12/24/2004,MFR,OR,ANM,WE,Federal Contract Tower,7,51,9,0,67,0,1,12,0,13,7,52,21,0,80,14,0,14,94
12/25/2004,MFR,OR,ANM,WE,Federal Contract Tower,5,30,6,0,41,0,0,3,0,3,5,30,9,0,44,0,0,0,44
12/26/2004,MFR,OR,ANM,WE,Federal Contract Tower,7,38,9,0,54,0,0,1,0,1,7,38,10,0,55,0,0,0,55
12/27/2004,MFR,OR,ANM,WE,Federal Contract Tower,5,64,15,0,84,0,1,15,0,16,5,65,30,0,100,4,0,4,104
12/28/2004,MFR,OR,ANM,WE,Federal Contract Tower,7,65,5,0,77,0,0,36,0,36,7,65,41,0,113,6,0,6,119
12/29/2004,MFR,OR,ANM,WE,Federal Contract Tower,5,78,14,0,97,0,0,13,0,13,5,78,27,0,110,24,0,24,134
12/30/2004,MFR,OR,ANM,WE,Federal Contract Tower,5,69,7,0,81,0,4,17,0,21,5,73,24,0,102,40,0,40,142
12/31/2004,MFR,OR,ANM,WE,Federal Contract Tower,5,56,8,0,69,0,0,19,0,19,5,56,27,0,88,18,0,18,106
01/01/2005,MFR,OR,ANM,WE,Federal Contract Tower,4,35,8,0,47,0,0,0,0,0,4,35,8,0,47,4,0,4,51
01/02/2005,MFR,OR,ANM,WE,Federal Contract Tower,7,39,20,0,66,0,1,1,0,2,7,40,21,0,68,8,0,8,76
01/03/2005,MFR,OR,ANM,WE,Federal Contract Tower,5,52,9,0,66,0,1,15,0,16,5,53,24,0,82,28,0,28,110
01/04/2005,MFR,OR,ANM,WE,Federal Contract Tower,7,63,3,0,73,0,2,45,0,47,7,65,48,0,120,44,0,44,164
01/05/2005,MFR,OR,ANM,WE,Federal Contract Tower,7,71,15,0,93,0,2,39,0,41,7,73,54,0,134,28,0,28,162
01/06/2005,MFR,OR,ANM,WE,Federal Contract Tower,5,66,9,0,80,0,2,17,0,19,5,68,26,0,99,24,0,24,123
01/07/2005,MFR,OR,ANM,WE,Federal Contract Tower,5,61,14,0,80,0,0,0,0,0,5,61,14,0,80,0,0,0,80
01/08/2005,MFR,OR,ANM,WE,Federal Contract Tower,5,34,3,0,42,0,0,0,0,0,5,34,3,0,42,0,0,0,42
01/09/2005,MFR,OR,ANM,WE,Federal Contract Tower,6,38,15,2,61,0,0,0,0,0,6,38,15,2,61,2,2,4,65
01/10/2005,MFR,OR,ANM,WE,Federal Contract Tower,1,53,13,0,67,0,0,0,0,0,1,53,13,0,67,0,0,0,67
01/11/2005,MFR,OR,ANM,WE,Federal Contract Tower,6,73,25,0,104,0,1,32,0,33,6,74,57,0,137,28,0,28,165
01/12/2005,MFR,OR,ANM,WE,Federal Contract Tower,5,69,5,0,79,0,0,46,0,46,5,69,51,0,125,34,0,34,159
01/13/2005,MFR,OR,ANM,WE,Federal Contract Tower,5,67,20,0,92,0,0,25,0,25,5,67,45,0,117,46,0,46,163
01/14/2005,MFR,OR,ANM,WE,Federal Contract Tower,5,62,19,0,86,0,2,32,0,34,5,64,51,0,120,20,0,20,140
01/15/2005,MFR,OR,ANM,WE,Federal Contract Tower,4,24,11,0,39,0,0,8,0,8,4,24,19,0,47,4,0,4,51
01/16/2005,MFR,OR,ANM,WE,Federal Contract Tower,7,31,9,0,47,0,0,20,0,20,7,31,29,0,67,44,0,44,111
01/17/2005,MFR,OR,ANM,WE,Federal Contract Tower,5,56,13,0,74,0,2,7,0,9,5,58,20,0,83,10,0,10,93
01/18/2005,MFR,OR,ANM,WE,Federal Contract Tower,3,36,11,0,50,0,2,14,0,16,3,38,25,0,66,18,0,18,84
01/19/2005,MFR,OR,ANM,WE,Federal Contract Tower,5,55,22,0,82,0,0,2,0,2,5,55,24,0,84,6,0,6,90
01/20/2005,MFR,OR,ANM,WE,Federal Contract Tower,7,59,16,0,82,0,0,3,0,3,7,59,19,0,85,20,0,20,105
01/21/2005,MFR,OR,ANM,WE,Federal Contract Tower,5,47,17,0,69,0,0,6,0,6,5,47,23,0,75,12,0,12,87
01/22/2005,MFR,OR,ANM,WE,Federal Contract Tower,6,37,6,4,53,0,1,37,0,38,6,38,43,4,91,22,6,28,119
01/23/2005,MFR,OR,ANM,WE,Federal Contract Tower,4,32,3,0,39,0,0,38,0,38,4,32,41,0,77,40,0,40,117
01/24/2005,MFR,OR,ANM,WE,Federal Contract Tower,4,58,15,0,77,0,2,32,0,34,4,60,47,0,111,34,0,34,145
01/25/2005,MFR,OR,ANM,WE,Federal Contract Tower,5,66,8,0,79,0,2,13,0,15,5,68,21,0,94,10,0,10,104
01/26/2005,MFR,OR,ANM,WE,Federal Contract Tower,4,68,21,0,93,0,0,13,0,13,4,68,34,0,106,12,0,12,118
01/27/2005,MFR,OR,ANM,WE,Federal Contract Tower,5,66,16,0,87,0,3,25,0,28,5,69,41,0,115,60,0,60,175
01/28/2005,MFR,OR,ANM,WE,Federal Contract Tower,4,62,27,1,94,0,1,6,1,8,4,63,33,2,102,16,0,16,118
01/29/2005,MFR,OR,ANM,WE,Federal Contract Tower,5,36,6,0,47,0,2,82,0,84,5,38,88,0,131,68,0,68,199
01/30/2005,MFR,OR,ANM,WE,Federal Contract Tower,5,38,13,0,56,0,0,96,0,96,5,38,109,0,152,74,0,74,226
01/31/2005,MFR,OR,ANM,WE,Federal Contract Tower,5,57,11,0,73,0,4,56,0,60,5,61,67,0,133,40,0,40,173
02/01/2005,MFR,OR,ANM,WE,Federal Contract Tower,6,65,11,0,82,0,2,66,2,70,6,67,77,2,152,52,0,52,204
02/02/2005,MFR,OR,ANM,WE,Federal Contract Tower,5,65,9,0,79,0,4,75,0,79,5,69,84,0,158,64,2,66,224
02/03/2005,MFR,OR,ANM,WE,Federal Contract Tower,6,65,18,0,89,0,3,88,0,91,6,68,106,0,180,62,0,62,242
02/04/2005,MFR,OR,ANM,WE,Federal Contract Tower,5,62,12,2,81,0,1,40,0,41,5,63,52,2,122,34,4,38,160
02/05/2005,MFR,OR,ANM,WE,Federal Contract Tower,5,36,8,0,49,0,3,24,0,27,5,39,32,0,76,28,0,28,104
02/06/2005,MFR,OR,ANM,WE,Federal Contract Tower,5,34,11,0,50,0,0,3,0,3,5,34,14,0,53,0,0,0,53
02/07/2005,MFR,OR,ANM,WE,Federal Contract Tower,5,57,15,0,77,0,3,24,0,27,5,60,39,0,104,50,0,50,154
02/08/2005,MFR,OR,ANM,WE,Federal Contract Tower,7,71,11,2,91,0,2,30,0,32,7,73,41,2,123,34,0,34,157
02/09/2005,MFR,OR,ANM,WE,Federal Contract Tower,7,67,9,0,83,0,4,47,0,51,7,71,56,0,134,44,0,44,178
02/10/2005,MFR,OR,ANM,WE,Federal Contract Tower,7,69,9,0,85,0,4,46,0,50,7,73,55,0,135,30,0,30,165
02/11/2005,MFR,OR,ANM,WE,Federal Contract Tower,5,63,10,0,78,0,12,56,0,68,5,75,66,0,146,70,0,70,216
02/12/2005,MFR,OR,ANM,WE,Federal Contract Tower,5,42,5,0,52,0,7,29,0,36,5,49,34,0,88,28,0,28,116
02/13/2005,MFR,OR,ANM,WE,Federal Contract Tower,7,35,16,2,60,0,2,11,0,13,7,37,27,2,73,36,0,36,109
02/14/2005,MFR,OR,ANM,WE,Federal Contract Tower,5,55,3,0,63,0,3,20,0,23,5,58,23,0,86,16,0,16,102
02/15/2005,MFR,OR,ANM,WE,Federal Contract Tower,6,67,9,0,82,0,1,44,0,45,6,68,53,0,127,24,4,28,155
02/16/2005,MFR,OR,ANM,WE,Federal Contract Tower,5,62,8,0,75,0,3,36,0,39,5,65,44,0,114,24,0,24,138
02/17/2005,MFR,OR,ANM,WE,Federal Contract Tower,5,58,17,0,80,0,2,44,0,46,5,60,61,0,126,12,0,12,138
02/18/2005,MFR,OR,ANM,WE,Federal Contract Tower,2,69,18,0,89,0,6,54,0,60,2,75,72,0,149,32,0,32,181
02/19/2005,MFR,OR,ANM,WE,Federal Contract Tower,4,40,11,2,57,0,1,9,0,10,4,41,20,2,67,34,24,58,125
02/20/2005,MFR,OR,ANM,WE,Federal Contract Tower,5,44,14,0,63,0,0,19,0,19,5,44,33,0,82,20,0,20,102
02/21/2005,MFR,OR,ANM,WE,Federal Contract Tower,5,51,10,0,66,0,3,37,0,40,5,54,47,0,106,44,0,44,150
02/22/2005,MFR,OR,ANM,WE,Federal Contract Tower,5,59,14,0,78,0,2,65,0,67,5,61,79,0,145,54,0,54,199
02/23/2005,MFR,OR,ANM,WE,Federal Contract Tower,5,65,11,0,81,0,2,57,0,59,5,67,68,0,140,42,0,42,182
02/24/2005,MFR,OR,ANM,WE,Federal Contract Tower,5,64,17,0,86,0,6,92,0,98,5,70,109,0,184,60,0,60,244
02/25/2005,MFR,OR,ANM,WE,Federal Contract Tower,5,62,11,0,78,0,5,67,0,72,5,67,78,0,150,42,0,42,192
02/26/2005,MFR,OR,ANM,WE,Federal Contract Tower,5,39,10,2,56,0,2,69,0,71,5,41,79,2,127,44,2,46,173
02/27/2005,MFR,OR,ANM,WE,Federal Contract Tower,5,42,7,0,54,0,1,10,0,11,5,43,17,0,65,0,0,0,65
02/28/2005,MFR,OR,ANM,WE,Federal Contract Tower,5,66,8,0,79,0,3,17,0,20,5,69,25,0,99,28,0,28,127
03/01/2005,MFR,OR,ANM,WE,Federal Contract Tower,5,67,8,0,80,0,3,15,0,18,5,70,23,0,98,24,0,24,122
03/02/2005,MFR,OR,ANM,WE,Federal Contract Tower,5,67,10,0,82,0,4,27,0,31,5,71,37,0,113,30,0,30,143
03/03/2005,MFR,OR,ANM,WE,Federal Contract Tower,5,63,9,0,77,0,6,38,0,44,5,69,47,0,121,42,0,42,163
03/04/2005,MFR,OR,ANM,WE,Federal Contract Tower,6,67,13,0,86,0,1,25,0,26,6,68,38,0,112,28,0,28,140
03/05/2005,MFR,OR,ANM,WE,Federal Contract Tower,5,48,8,2,63,0,0,70,0,70,5,48,78,2,133,26,10,36,169
03/06/2005,MFR,OR,ANM,WE,Federal Contract Tower,5,39,10,0,54,0,2,87,0,89,5,41,97,0,143,72,0,72,215
03/07/2005,MFR,OR,ANM,WE,Federal Contract Tower,5,60,11,0,76,0,4,56,0,60,5,64,67,0,136,94,0,94,230
03/08/2005,MFR,OR,ANM,WE,Federal Contract Tower,5,70,11,0,86,0,4,44,2,50,5,74,55,2,136,32,4,36,172
03/09/2005,MFR,OR,ANM,WE,Federal Contract Tower,5,67,7,0,79,0,2,40,0,42,5,69,47,0,121,42,0,42,163
03/10/2005,MFR,OR,ANM,WE,Federal Contract Tower,5,69,13,0,87,0,9,61,0,70,5,78,74,0,157,34,0,34,191
03/11/2005,MFR,OR,ANM,WE,Federal Contract Tower,5,63,14,2,84,0,8,71,0,79,5,71,85,2,163,16,0,16,179
03/12/2005,MFR,OR,ANM,WE,Federal Contract Tower,4,45,7,0,56,0,4,101,0,105,4,49,108,0,161,40,0,40,201
03/13/2005,MFR,OR,ANM,WE,Federal Contract Tower,4,43,7,2,56,0,3,78,0,81,4,46,85,2,137,38,0,38,175
03/14/2005,MFR,OR,ANM,WE,Federal Contract Tower,3,62,17,0,82,0,2,55,0,57,3,64,72,0,139,56,0,56,195
03/15/2005,MFR,OR,ANM,WE,Federal Contract Tower,5,72,17,2,96,0,5,64,0,69,5,77,81,2,165,60,14,74,239
03/16/2005,MFR,OR,ANM,WE,Federal Contract Tower,5,66,11,0,82,0,5,20,0,25,5,71,31,0,107,38,0,38,145
03/17/2005,MFR,OR,ANM,WE,Federal Contract Tower,5,78,20,0,103,0,2,30,0,32,5,80,50,0,135,18,0,18,153
03/18/2005,MFR,OR,ANM,WE,Federal Contract Tower,5,61,25,4,95,0,7,48,1,56,5,68,73,5,151,40,0,40,191
03/19/2005,MFR,OR,ANM,WE,Federal Contract Tower,5,43,11,0,59,0,2,13,0,15,5,45,24,0,74,4,0,4,78
03/20/2005,MFR,OR,ANM,WE,Federal Contract Tower,4,44,11,0,59,0,0,7,0,7,4,44,18,0,66,14,0,14,80
03/21/2005,MFR,OR,ANM,WE,Federal Contract Tower,6,59,16,2,83,0,2,19,0,21,6,61,35,2,104,12,2,14,118
03/22/2005,MFR,OR,ANM,WE,Federal Contract Tower,5,68,11,2,86,0,2,17,0,19,5,70,28,2,105,18,4,22,127
03/23/2005,MFR,OR,ANM,WE,Federal Contract Tower,5,72,25,0,102,0,2,14,0,16,5,74,39,0,118,16,0,16,134
03/24/2005,MFR,OR,ANM,WE,Federal Contract Tower,5,69,16,0,90,0,3,35,0,38,5,72,51,0,128,36,0,36,164
03/25/2005,MFR,OR,ANM,WE,Federal Contract Tower,4,69,21,0,94,0,8,59,0,67,4,77,80,0,161,32,0,32,193
03/26/2005,MFR,OR,ANM,WE,Federal Contract Tower,4,41,12,0,57,0,1,17,0,18,4,42,29,0,75,22,0,22,97
03/27/2005,MFR,OR,ANM,WE,Federal Contract Tower,4,36,10,0,50,0,0,3,0,3,4,36,13,0,53,4,0,4,57
03/28/2005,MFR,OR,ANM,WE,Federal Contract Tower,7,66,17,2,92,0,2,4,0,6,7,68,21,2,98,0,0,0,98
03/29/2005,MFR,OR,ANM,WE,Federal Contract Tower,5,68,30,0,103,0,2,11,0,13,5,70,41,0,116,16,0,16,132
03/30/2005,MFR,OR,ANM,WE,Federal Contract Tower,3,71,10,0,84,0,4,61,0,65,3,75,71,0,149,36,0,36,185
03/31/2005,MFR,OR,ANM,WE,Federal Contract Tower,5,59,15,0,79,0,8,67,0,75,5,67,82,0,154,48,0,48,202
04/01/2005,MFR,OR,ANM,WE,Federal Contract Tower,5,71,8,0,84,0,1,24,0,25,5,72,32,0,109,64,0,64,173
04/02/2005,MFR,OR,ANM,WE,Federal Contract Tower,6,46,8,0,60,0,3,31,0,34,6,49,39,0,94,64,0,64,158
04/03/2005,MFR,OR,ANM,WE,Federal Contract Tower,7,38,3,0,48,0,0,8,0,8,7,38,11,0,56,0,0,0,56
04/04/2005,MFR,OR,ANM,WE,Federal Contract Tower,7,64,14,0,85,0,1,31,0,32,7,65,45,0,117,48,0,48,165
04/05/2005,MFR,OR,ANM,WE,Federal Contract Tower,9,63,6,0,78,0,5,47,0,52,9,68,53,0,130,24,0,24,154
04/06/2005,MFR,OR,ANM,WE,Federal Contract Tower,8,60,10,2,80,0,12,51,2,65,8,72,61,4,145,48,0,48,193
04/07/2005,MFR,OR,ANM,WE,Federal Contract Tower,7,73,25,2,107,0,1,8,0,9,7,74,33,2,116,12,10,22,138
04/08/2005,MFR,OR,ANM,WE,Federal Contract Tower,7,66,18,0,91,0,1,4,0,5,7,67,22,0,96,10,0,10,106
04/09/2005,MFR,OR,ANM,WE,Federal Contract Tower,7,40,8,0,55,0,3,26,0,29,7,43,34,0,84,18,0,18,102
04/10/2005,MFR,OR,ANM,WE,Federal Contract Tower,8,37,14,0,59,0,0,67,0,67,8,37,81,0,126,54,0,54,180
04/11/2005,MFR,OR,ANM,WE,Federal Contract Tower,7,61,12,0,80,0,1,11,0,12,7,62,23,0,92,28,0,28,120
04/12/2005,MFR,OR,ANM,WE,Federal Contract Tower,7,69,13,0,89,0,4,8,0,12,7,73,21,0,101,10,0,10,111
04/13/2005,MFR,OR,ANM,WE,Federal Contract Tower,7,69,7,0,83,0,5,10,0,15,7,74,17,0,98,18,0,18,116
04/14/2005,MFR,OR,ANM,WE,Federal Contract Tower,7,67,21,1,96,0,3,56,1,60,7,70,77,2,156,46,20,66,222
04/15/2005,MFR,OR,ANM,WE,Federal Contract Tower,7,65,8,0,80,0,4,60,2,66,7,69,68,2,146,68,0,68,214
04/16/2005,MFR,OR,ANM,WE,Federal Contract Tower,7,42,10,0,59,0,2,20,0,22,7,44,30,0,81,42,0,42,123
04/17/2005,MFR,OR,ANM,WE,Federal Contract Tower,6,44,12,0,62,0,2,30,4,36,6,46,42,4,98,22,0,22,120
04/18/2005,MFR,OR,ANM,WE,Federal Contract Tower,7,64,9,0,80,0,0,36,0,36,7,64,45,0,116,38,0,38,154
04/19/2005,MFR,OR,ANM,WE,Federal Contract Tower,9,62,13,2,86,0,4,58,0,62,9,66,71,2,148,66,0,66,214
04/20/2005,MFR,OR,ANM,WE,Federal Contract Tower,7,64,23,0,94,0,8,58,0,66,7,72,81,0,160,30,0,30,190
04/21/2005,MFR,OR,ANM,WE,Federal Contract Tower,7,62,26,0,95,0,6,70,0,76,7,68,96,0,171,64,0,64,235
04/22/2005,MFR,OR,ANM,WE,Federal Contract Tower,7,59,23,3,92,0,10,62,0,72,7,69,85,3,164,60,34,94,258
04/23/2005,MFR,OR,ANM,WE,Federal Contract Tower,7,49,10,0,66,0,0,13,0,13,7,49,23,0,79,0,0,0,79
04/24/2005,MFR,OR,ANM,WE,Federal Contract Tower,8,41,14,0,63,0,0,39,0,39,8,41,53,0,102,48,0,48,150
04/25/2005,MFR,OR,ANM,WE,Federal Contract Tower,7,62,7,0,76,0,1,47,0,48,7,63,54,0,124,68,0,68,192
04/26/2005,MFR,OR,ANM,WE,Federal Contract Tower,7,64,16,0,87,0,9,50,0,59,7,73,66,0,146,60,0,60,206
04/27/2005,MFR,OR,ANM,WE,Federal Contract Tower,7,57,20,2,86,0,8,31,0,39,7,65,51,2,125,38,6,44,169
04/28/2005,MFR,OR,ANM,WE,Federal Contract Tower,7,67,22,1,97,0,2,15,3,20,7,69,37,4,117,16,2,18,135
04/29/2005,MFR,OR,ANM,WE,Federal Contract Tower,7,67,20,2,96,0,3,49,1,53,7,70,69,3,149,50,8,58,207
04/30/2005,MFR,OR,ANM,WE,Federal Contract Tower,6,44,9,0,59,0,3,50,0,53,6,47,59,0,112,36,0,36,148
05/01/2005,MFR,OR,ANM,WE,Federal Contract Tower,6,41,9,0,56,0,0,44,0,44,6,41,53,0,100,64,0,64,164
05/02/2005,MFR,OR,ANM,WE,Federal Contract Tower,7,68,18,0,93,0,3,29,0,32,7,71,47,0,125,38,0,38,163
05/03/2005,MFR,OR,ANM,WE,Federal Contract Tower,7,73,12,11,103,0,2,44,0,46,7,75,56,11,149,42,12,54,203
05/04/2005,MFR,OR,ANM,WE,Federal Contract Tower,7,73,10,2,92,0,1,17,2,20,7,74,27,4,112,4,2,6,118
05/05/2005,MFR,OR,ANM,WE,Federal Contract Tower,7,81,18,0,106,0,1,17,4,22,7,82,35,4,128,58,0,58,186
05/06/2005,MFR,OR,ANM,WE,Federal Contract Tower,9,74,19,2,104,0,1,2,0,3,9,75,21,2,107,6,0,6,113
05/07/2005,MFR,OR,ANM,WE,Federal Contract Tower,9,43,17,0,69,0,5,63,4,72,9,48,80,4,141,82,0,82,223
05/08/2005,MFR,OR,ANM,WE,Federal Contract Tower,9,37,10,0,56,0,0,6,0,6,9,37,16,0,62,6,0,6,68
05/09/2005,MFR,OR,ANM,WE,Federal Contract Tower,7,62,13,0,82,0,1,10,0,11,7,63,23,0,93,48,0,48,141
05/10/2005,MFR,OR,ANM,WE,Federal Contract Tower,9,63,37,0,109,0,2,14,0,16,9,65,51,0,125,66,0,66,191
05/11/2005,MFR,OR,ANM,WE,Federal Contract Tower,9,69,22,4,104,0,3,51,2,56,9,72,73,6,160,40,0,40,200
05/12/2005,MFR,OR,ANM,WE,Federal Contract Tower,9,57,19,0,85,0,7,68,0,75,9,64,87,0,160,94,0,94,254
05/13/2005,MFR,OR,ANM,WE,Federal Contract Tower,7,63,20,0,90,0,10,54,2,66,7,73,74,2,156,60,0,60,216
05/14/2005,MFR,OR,ANM,WE,Federal Contract Tower,9,38,10,0,57,0,1,40,0,41,9,39,50,0,98,64,0,64,162
05/15/2005,MFR,OR,ANM,WE,Federal Contract Tower,9,38,16,0,63,0,0,19,0,19,9,38,35,0,82,52,0,52,134
05/16/2005,MFR,OR,ANM,WE,Federal Contract Tower,9,67,13,0,89,0,1,31,0,32,9,68,44,0,121,28,0,28,149
05/17/2005,MFR,OR,ANM,WE,Federal Contract Tower,9,66,11,1,87,0,2,15,0,17,9,68,26,1,104,34,10,44,148
05/18/2005,MFR,OR,ANM,WE,Federal Contract Tower,9,69,9,0,87,0,5,10,0,15,9,74,19,0,102,20,0,20,122
05/19/2005,MFR,OR,ANM,WE,Federal Contract Tower,10,69,24,0,103,0,5,20,0,25,10,74,44,0,128,44,0,44,172
05/20/2005,MFR,OR,ANM,WE,Federal Contract Tower,10,65,25,0,100,0,9,36,2,47,10,74,61,2,147,66,0,66,213
05/21/2005,MFR,OR,ANM,WE,Federal Contract Tower,9,42,12,0,63,0,3,51,0,54,9,45,63,0,117,36,0,36,153
05/22/2005,MFR,OR,ANM,WE,Federal Contract Tower,9,41,16,0,66,0,2,63,0,65,9,43,79,0,131,54,0,54,185
05/23/2005,MFR,OR,ANM,WE,Federal Contract Tower,12,62,15,0,89,0,5,82,0,87,12,67,97,0,176,66,0,66,242
05/24/2005,MFR,OR,ANM,WE,Federal Contract Tower,10,61,22,0,93,0,8,75,0,83,10,69,97,0,176,24,0,24,200
05/25/2005,MFR,OR,ANM,WE,Federal Contract Tower,9,50,8,0,67,0,13,77,0,90,9,63,85,0,157,46,0,46,203
05/26/2005,MFR,OR,ANM,WE,Federal Contract Tower,10,58,20,0,88,0,10,60,0,70,10,68,80,0,158,34,0,34,192
05/27/2005,MFR,OR,ANM,WE,Federal Contract Tower,9,63,20,0,92,0,13,97,0,110,9,76,117,0,202,64,0,64,266
05/28/2005,MFR,OR,ANM,WE,Federal Contract Tower,9,37,12,0,58,0,1,11,0,12,9,38,23,0,70,16,0,16,86
05/29/2005,MFR,OR,ANM,WE,Federal Contract Tower,7,27,9,0,43,0,1,17,0,18,7,28,26,0,61,22,0,22,83
05/30/2005,MFR,OR,ANM,WE,Federal Contract Tower,10,38,24,0,72,0,0,39,0,39,10,38,63,0,111,48,0,48,159
05/31/2005,MFR,OR,ANM,WE,Federal Contract Tower,9,58,24,0,91,0,5,39,0,44,9,63,63,0,135,46,0,46,181
06/01/2005,MFR,OR,ANM,WE,Federal Contract Tower,7,62,15,2,86,0,5,48,4,57,7,67,63,6,143,44,0,44,187
06/02/2005,MFR,OR,ANM,WE,Federal Contract Tower,9,63,20,0,92,0,6,47,2,55,9,69,67,2,147,84,0,84,231
06/03/2005,MFR,OR,ANM,WE,Federal Contract Tower,10,64,13,0,87,0,4,86,4,94,10,68,99,4,181,68,0,68,249
06/04/2005,MFR,OR,ANM,WE,Federal Contract Tower,9,41,14,0,64,0,3,80,0,83,9,44,94,0,147,54,0,54,201
06/05/2005,MFR,OR,ANM,WE,Federal Contract Tower,10,39,10,2,61,0,2,44,0,46,10,41,54,2,107,46,24,70,177
06/06/2005,MFR,OR,ANM,WE,Federal Contract Tower,11,63,19,0,93,0,1,14,0,15,11,64,33,0,108,18,0,18,126
06/07/2005,MFR,OR,ANM,WE,Federal Contract Tower,9,62,24,0,95,0,5,26,0,31,9,67,50,0,126,18,0,18,144
06/08/2005,MFR,OR,ANM,WE,Federal Contract Tower,9,61,24,0,94,0,9,41,0,50,9,70,65,0,144,48,0,48,192
06/09/2005,MFR,OR,ANM,WE,Federal Contract Tower,9,61,21,0,91,0,15,58,0,73,9,76,79,0,164,54,0,54,218
06/10/2005,MFR,OR,ANM,WE,Federal Contract Tower,9,55,33,0,97,0,7,52,0,59,9,62,85,0,156,30,0,30,186
06/11/2005,MFR,OR,ANM,WE,Federal Contract Tower,9,40,12,0,61,0,4,211,0,215,9,44,223,0,276,50,0,50,326
06/12/2005,MFR,OR,ANM,WE,Federal Contract Tower,9,39,10,0,58,0,2,239,0,241,9,41,249,0,299,36,0,36,335
06/13/2005,MFR,OR,ANM,WE,Federal Contract Tower,9,59,15,2,85,0,5,92,0,97,9,64,107,2,182,18,0,18,200
06/14/2005,MFR,OR,ANM,WE,Federal Contract Tower,9,60,14,2,85,0,4,58,0,62,9,64,72,2,147,30,0,30,177
06/15/2005,MFR,OR,ANM,WE,Federal Contract Tower,9,69,13,0,91,0,7,62,0,69,9,76,75,0,160,28,0,28,188
06/16/2005,MFR,OR,ANM,WE,Federal Contract Tower,9,73,13,0,95,0,3,14,0,17,9,76,27,0,112,64,0,64,176
06/17/2005,MFR,OR,ANM,WE,Federal Contract Tower,9,70,20,0,99,0,4,27,0,31,9,74,47,0,130,12,0,12,142
06/18/2005,MFR,OR,ANM,WE,Federal Contract Tower,9,50,15,0,74,0,1,25,0,26,9,51,40,0,100,38,0,38,138
06/19/2005,MFR,OR,ANM,WE,Federal Contract Tower,9,40,14,0,63,0,0,32,0,32,9,40,46,0,95,28,0,28,123
06/20/2005,MFR,OR,ANM,WE,Federal Contract Tower,7,65,14,0,86,0,2,64,0,66,7,67,78,0,152,62,4,66,218
06/21/2005,MFR,OR,ANM,WE,Federal Contract Tower,9,72,23,2,106,0,9,46,0,55,9,81,69,2,161,50,0,50,211
06/22/2005,MFR,OR,ANM,WE,Federal Contract Tower,7,71,22,2,102,0,10,61,0,71,7,81,83,2,173,42,0,42,215
06/23/2005,MFR,OR,ANM,WE,Federal Contract Tower,9,58,9,2,78,0,15,56,0,71,9,73,65,2,149,62,0,62,211
06/24/2005,MFR,OR,ANM,WE,Federal Contract Tower,8,62,12,1,83,0,6,97,0,103,8,68,109,1,186,46,2,48,234
06/25/2005,MFR,OR,ANM,WE,Federal Contract Tower,7,47,21,6,81,0,4,176,6,186,7,51,197,12,267,18,12,30,297
06/26/2005,MFR,OR,ANM,WE,Federal Contract Tower,7,49,23,2,81,0,2,182,0,184,7,51,205,2,265,56,10,66,331
06/27/2005,MFR,OR,ANM,WE,Federal Contract Tower,7,67,29,1,104,0,4,30,0,34,7,71,59,1,138,24,0,24,162
06/28/2005,MFR,OR,ANM,WE,Federal Contract Tower,7,69,29,4,109,0,2,73,0,75,7,71,102,4,184,64,8,72,256
06/29/2005,MFR,OR,ANM,WE,Federal Contract Tower,7,72,19,2,100,0,3,77,0,80,7,75,96,2,180,44,4,48,228
06/30/2005,MFR,OR,ANM,WE,Federal Contract Tower,8,61,18,0,87,0,10,53,0,63,8,71,71,0,150,30,0,30,180
07/01/2005,MFR,OR,ANM,WE,Federal Contract Tower,10,66,2,2,80,0,5,108,0,113,10,71,110,2,193,52,0,52,245
07/02/2005,MFR,OR,ANM,WE,Federal Contract Tower,6,49,20,0,75,0,0,77,0,77,6,49,97,0,152,4,0,4,156
07/03/2005,MFR,OR,ANM,WE,Federal Contract Tower,8,44,12,0,64,0,4,79,0,83,8,48,91,0,147,32,0,32,179
07/04/2005,MFR,OR,ANM,WE,Federal Contract Tower,6,39,6,0,51,0,2,55,0,57,6,41,61,0,108,20,0,20,128
07/05/2005,MFR,OR,ANM,WE,Federal Contract Tower,9,61,23,1,94,0,4,65,1,70,9,65,88,2,164,14,0,14,178
07/06/2005,MFR,OR,ANM,WE,Federal Contract Tower,9,65,10,0,84,0,8,60,0,68,9,73,70,0,152,38,0,38,190
07/07/2005,MFR,OR,ANM,WE,Federal Contract Tower,9,70,18,0,97,0,7,55,2,64,9,77,73,2,161,32,0,32,193
07/08/2005,MFR,OR,ANM,WE,Federal Contract Tower,9,74,30,0,113,0,1,64,0,65,9,75,94,0,178,88,0,88,266
07/09/2005,MFR,OR,ANM,WE,Federal Contract Tower,7,45,13,0,65,0,2,27,0,29,7,47,40,0,94,30,0,30,124
07/10/2005,MFR,OR,ANM,WE,Federal Contract Tower,9,41,22,0,72,0,9,59,0,68,9,50,81,0,140,34,0,34,174
07/11/2005,MFR,OR,ANM,WE,Federal Contract Tower,11,58,10,0,79,0,9,62,0,71,11,67,72,0,150,20,0,20,170
07/12/2005,MFR,OR,ANM,WE,Federal Contract Tower,9,72,20,0,101,0,7,102,0,109,9,79,122,0,210,56,0,56,266
07/13/2005,MFR,OR,ANM,WE,Federal Contract Tower,8,67,18,0,93,0,9,59,0,68,8,76,77,0,161,40,0,40,201
07/14/2005,MFR,OR,ANM,WE,Federal Contract Tower,9,64,18,0,91,0,9,83,0,92,9,73,101,0,183,16,0,16,199
07/15/2005,MFR,OR,ANM,WE,Federal Contract Tower,9,70,19,0,98,0,5,86,0,91,9,75,105,0,189,68,0,68,257
07/16/2005,MFR,OR,ANM,WE,Federal Contract Tower,9,51,5,0,65,0,2,74,0,76,9,53,79,0,141,84,0,84,225
07/17/2005,MFR,OR,ANM,WE,Federal Contract Tower,7,45,13,0,65,0,9,79,0,88,7,54,92,0,153,34,0,34,187
07/18/2005,MFR,OR,ANM,WE,Federal Contract Tower,9,57,10,0,76,0,12,57,0,69,9,69,67,0,145,20,0,20,165
07/19/2005,MFR,OR,ANM,WE,Federal Contract Tower,9,68,15,0,92,0,11,64,0,75,9,79,79,0,167,50,0,50,217
07/20/2005,MFR,OR,ANM,WE,Federal Contract Tower,9,70,15,0,94,0,13,58,0,71,9,83,73,0,165,44,0,44,209
07/21/2005,MFR,OR,ANM,WE,Federal Contract Tower,9,75,26,4,114,0,2,98,0,100,9,77,124,4,214,60,20,80,294
07/22/2005,MFR,OR,ANM,WE,Federal Contract Tower,7,70,15,0,92,0,8,116,0,124,7,78,131,0,216,78,0,78,294
07/23/2005,MFR,OR,ANM,WE,Federal Contract Tower,10,49,13,0,72,0,5,135,0,140,10,54,148,0,212,84,0,84,296
07/24/2005,MFR,OR,ANM,WE,Federal Contract Tower,11,46,7,0,64,0,0,115,0,115,11,46,122,0,179,38,0,38,217
07/25/2005,MFR,OR,ANM,WE,Federal Contract Tower,9,67,15,0,91,0,12,94,0,106,9,79,109,0,197,52,0,52,249
07/26/2005,MFR,OR,ANM,WE,Federal Contract Tower,8,68,11,1,88,0,10,116,0,126,8,78,127,1,214,58,2,60,274
07/27/2005,MFR,OR,ANM,WE,Federal Contract Tower,9,66,11,0,86,0,20,160,0,180,9,86,171,0,266,54,0,54,320
07/28/2005,MFR,OR,ANM,WE,Federal Contract Tower,9,65,18,0,92,0,8,58,0,66,9,73,76,0,158,22,0,22,180
07/29/2005,MFR,OR,ANM,WE,Federal Contract Tower,9,67,7,2,85,0,6,106,1,113,9,73,113,3,198,36,4,40,238
07/30/2005,MFR,OR,ANM,WE,Federal Contract Tower,8,49,12,0,69,0,2,91,0,93,8,51,103,0,162,36,0,36,198
07/31/2005,MFR,OR,ANM,WE,Federal Contract Tower,9,48,6,0,63,0,5,105,0,110,9,53,111,0,173,34,0,34,207
08/01/2005,MFR,OR,ANM,WE,Federal Contract Tower,9,60,15,0,84,0,12,77,0,89,9,72,92,0,173,38,0,38,211
08/02/2005,MFR,OR,ANM,WE,Federal Contract Tower,9,61,13,2,85,0,9,140,0,149,9,70,153,2,234,46,0,46,280
08/03/2005,MFR,OR,ANM,WE,Federal Contract Tower,9,70,12,0,91,0,14,114,0,128,9,84,126,0,219,28,0,28,247
08/04/2005,MFR,OR,ANM,WE,Federal Contract Tower,8,60,10,0,78,0,14,132,0,146,8,74,142,0,224,48,0,48,272
08/05/2005,MFR,OR,ANM,WE,Federal Contract Tower,9,62,15,2,88,0,9,79,0,88,9,71,94,2,176,46,0,46,222
08/06/2005,MFR,OR,ANM,WE,Federal Contract Tower,8,49,9,0,66,0,1,64,0,65,8,50,73,0,131,64,0,64,195
08/07/2005,MFR,OR,ANM,WE,Federal Contract Tower,9,42,9,2,62,0,0,87,0,87,9,42,96,2,149,32,0,32,181
08/08/2005,MFR,OR,ANM,WE,Federal Contract Tower,9,60,6,0,75,0,8,86,0,94,9,68,92,0,169,54,0,54,223
08/09/2005,MFR,OR,ANM,WE,Federal Contract Tower,9,61,12,0,82,0,12,58,0,70,9,73,70,0,152,48,0,48,200
08/10/2005,MFR,OR,ANM,WE,Federal Contract Tower,7,69,27,0,103,0,12,97,3,112,7,81,124,3,215,74,0,74,289
08/11/2005,MFR,OR,ANM,WE,Federal Contract Tower,9,59,18,0,86,0,13,72,2,87,9,72,90,2,173,38,0,38,211
08/12/2005,MFR,OR,ANM,WE,Federal Contract Tower,8,61,14,0,83,0,4,79,0,83,8,65,93,0,166,46,0,46,212
08/13/2005,MFR,OR,ANM,WE,Federal Contract Tower,6,51,8,0,65,0,1,85,0,86,6,52,93,0,151,54,0,54,205
08/14/2005,MFR,OR,ANM,WE,Federal Contract Tower,7,47,14,0,68,0,2,97,0,99,7,49,111,0,167,48,0,48,215
08/15/2005,MFR,OR,ANM,WE,Federal Contract Tower,7,59,8,0,74,0,7,71,0,78,7,66,79,0,152,60,0,60,212
08/16/2005,MFR,OR,ANM,WE,Federal Contract Tower,7,68,23,2,100,0,9,79,0,88,7,77,102,2,188,116,0,116,304
08/17/2005,MFR,OR,ANM,WE,Federal Contract Tower,7,69,18,2,96,0,12,49,0,61,7,81,67,2,157,58,20,78,235
08/18/2005,MFR,OR,ANM,WE,Federal Contract Tower,7,63,25,2,97,0,9,120,0,129,7,72,145,2,226,62,6,68,294
08/19/2005,MFR,OR,ANM,WE,Federal Contract Tower,7,67,21,0,95,0,6,124,0,130,7,73,145,0,225,78,0,78,303
08/20/2005,MFR,OR,ANM,WE,Federal Contract Tower,6,55,16,0,77,0,3,79,0,82,6,58,95,0,159,68,0,68,227
08/21/2005,MFR,OR,ANM,WE,Federal Contract Tower,7,42,7,0,56,0,2,102,0,104,7,44,109,0,160,30,0,30,190
08/22/2005,MFR,OR,ANM,WE,Federal Contract Tower,7,64,11,0,82,0,7,80,0,87,7,71,91,0,169,18,0,18,187
08/23/2005,MFR,OR,ANM,WE,Federal Contract Tower,6,63,16,2,87,0,11,69,0,80,6,74,85,2,167,60,2,62,229
08/24/2005,MFR,OR,ANM,WE,Federal Contract Tower,7,64,7,0,78,0,10,72,0,82,7,74,79,0,160,82,0,82,242
08/25/2005,MFR,OR,ANM,WE,Federal Contract Tower,7,59,24,0,90,0,11,109,0,120,7,70,133,0,210,50,0,50,260
08/26/2005,MFR,OR,ANM,WE,Federal Contract Tower,7,73,22,0,102,0,6,121,0,127,7,79,143,0,229,38,0,38,267
08/27/2005,MFR,OR,ANM,WE,Federal Contract Tower,7,55,11,2,75,0,2,113,1,116,7,57,124,3,191,56,0,56,247
08/28/2005,MFR,OR,ANM,WE,Federal Contract Tower,6,50,10,0,66,0,5,71,0,76,6,55,81,0,142,50,0,50,192
08/29/2005,MFR,OR,ANM,WE,Federal Contract Tower,7,63,16,0,86,0,2,60,0,62,7,65,76,0,148,42,0,42,190
08/30/2005,MFR,OR,ANM,WE,Federal Contract Tower,7,64,13,0,84,0,12,89,0,101,7,76,102,0,185,64,0,64,249
08/31/2005,MFR,OR,ANM,WE,Federal Contract Tower,7,65,10,1,83,0,6,64,1,71,7,71,74,2,154,50,4,54,208
09/01/2005,MFR,OR,ANM,WE,Federal Contract Tower,7,61,12,0,80,0,5,75,1,81,7,66,87,1,161,54,0,54,215
09/02/2005,MFR,OR,ANM,WE,Federal Contract Tower,7,62,11,0,80,0,7,80,1,88,7,69,91,1,168,54,0,54,222
09/03/2005,MFR,OR,ANM,WE,Federal Contract Tower,7,59,16,0,82,0,2,90,0,92,7,61,106,0,174,68,10,78,252
09/04/2005,MFR,OR,ANM,WE,Federal Contract Tower,4,36,1,0,41,0,0,50,0,50,4,36,51,0,91,26,0,26,117
09/05/2005,MFR,OR,ANM,WE,Federal Contract Tower,7,42,7,0,56,0,1,100,0,101,7,43,107,0,157,40,0,40,197
09/06/2005,MFR,OR,ANM,WE,Federal Contract Tower,7,57,10,0,74,0,6,62,0,68,7,63,72,0,142,52,0,52,194
09/07/2005,MFR,OR,ANM,WE,Federal Contract Tower,5,61,11,0,77,0,6,60,0,66,5,67,71,0,143,60,0,60,203
09/08/2005,MFR,OR,ANM,WE,Federal Contract Tower,7,68,17,0,92,0,6,66,0,72,7,74,83,0,164,16,0,16,180
09/09/2005,MFR,OR,ANM,WE,Federal Contract Tower,7,68,22,1,98,0,3,57,1,61,7,71,79,2,159,64,0,64,223
09/10/2005,MFR,OR,ANM,WE,Federal Contract Tower,5,48,11,0,64,0,4,36,0,40,5,52,47,0,104,46,0,46,150
09/11/2005,MFR,OR,ANM,WE,Federal Contract Tower,7,43,13,2,65,0,2,44,0,46,7,45,57,2,111,42,20,62,173
09/12/2005,MFR,OR,ANM,WE,Federal Contract Tower,7,61,23,0,91,0,5,61,1,67,7,66,84,1,158,28,2,30,188
09/13/2005,MFR,OR,ANM,WE,Federal Contract Tower,7,64,24,0,95,0,3,70,0,73,7,67,94,0,168,60,0,60,228
09/14/2005,MFR,OR,ANM,WE,Federal Contract Tower,7,65,26,0,98,0,11,74,0,85,7,76,100,0,183,46,0,46,229
09/15/2005,MFR,OR,ANM,WE,Federal Contract Tower,7,62,10,0,79,0,2,70,0,72,7,64,80,0,151,122,0,122,273
09/16/2005,MFR,OR,ANM,WE,Federal Contract Tower,7,65,25,0,97,0,3,51,0,54,7,68,76,0,151,24,0,24,175
09/17/2005,MFR,OR,ANM,WE,Federal Contract Tower,7,49,14,0,70,0,0,39,0,39,7,49,53,0,109,12,0,12,121
09/18/2005,MFR,OR,ANM,WE,Federal Contract Tower,7,41,16,0,64,0,1,87,0,88,7,42,103,0,152,50,0,50,202
09/19/2005,MFR,OR,ANM,WE,Federal Contract Tower,7,67,15,0,89,0,5,62,5,72,7,72,77,5,161,70,0,70,231
09/20/2005,MFR,OR,ANM,WE,Federal Contract Tower,7,59,14,0,80,0,5,74,4,83,7,64,88,4,163,52,0,52,215
09/21/2005,MFR,OR,ANM,WE,Federal Contract Tower,7,57,12,0,76,0,10,86,4,100,7,67,98,4,176,70,0,70,246
09/22/2005,MFR,OR,ANM,WE,Federal Contract Tower,7,64,26,5,102,0,8,63,2,73,7,72,89,7,175,58,8,66,241
09/23/2005,MFR,OR,ANM,WE,Federal Contract Tower,7,64,16,4,91,0,4,76,0,80,7,68,92,4,171,48,18,66,237
09/24/2005,MFR,OR,ANM,WE,Federal Contract Tower,7,51,15,0,73,0,2,79,0,81,7,53,94,0,154,44,0,44,198
09/25/2005,MFR,OR,ANM,WE,Federal Contract Tower,8,45,12,0,65,0,1,101,0,102,8,46,113,0,167,32,0,32,199
09/26/2005,MFR,OR,ANM,WE,Federal Contract Tower,7,60,10,0,77,0,5,61,0,66,7,65,71,0,143,70,0,70,213
09/27/2005,MFR,OR,ANM,WE,Federal Contract Tower,7,62,16,0,85,0,11,65,0,76,7,73,81,0,161,56,0,56,217
09/28/2005,MFR,OR,ANM,WE,Federal Contract Tower,7,63,21,0,91,0,10,67,0,77,7,73,88,0,168,52,0,52,220
09/29/2005,MFR,OR,ANM,WE,Federal Contract Tower,7,59,14,0,80,0,10,71,0,81,7,69,85,0,161,70,0,70,231
09/30/2005,MFR,OR,ANM,WE,Federal Contract Tower,9,67,26,0,102,1,7,49,0,57,10,74,75,0,159,66,0,66,225
10/01/2005,MFR,OR,ANM,WE,Federal Contract Tower,5,52,15,0,72,0,0,18,0,18,5,52,33,0,90,14,0,14,104
10/02/2005,MFR,OR,ANM,WE,Federal Contract Tower,5,51,18,0,74,0,0,9,0,9,5,51,27,0,83,6,0,6,89
10/03/2005,MFR,OR,ANM,WE,Federal Contract Tower,5,63,14,0,82,0,3,24,0,27,5,66,38,0,109,38,0,38,147
10/04/2005,MFR,OR,ANM,WE,Federal Contract Tower,5,72,13,0,90,0,6,54,0,60,5,78,67,0,150,40,0,40,190
10/05/2005,MFR,OR,ANM,WE,Federal Contract Tower,5,64,14,0,83,0,6,54,0,60,5,70,68,0,143,40,0,40,183
10/06/2005,MFR,OR,ANM,WE,Federal Contract Tower,5,63,26,0,94,0,8,54,0,62,5,71,80,0,156,30,0,30,186
10/07/2005,MFR,OR,ANM,WE,Federal Contract Tower,5,67,16,0,88,0,5,40,0,45,5,72,56,0,133,78,0,78,211
10/08/2005,MFR,OR,ANM,WE,Federal Contract Tower,5,49,8,0,62,0,2,56,0,58,5,51,64,0,120,16,0,16,136
10/09/2005,MFR,OR,ANM,WE,Federal Contract Tower,5,49,8,0,62,0,3,58,0,61,5,52,66,0,123,28,0,28,151
10/10/2005,MFR,OR,ANM,WE,Federal Contract Tower,5,57,3,0,65,0,5,50,0,55,5,62,53,0,120,16,0,16,136
10/11/2005,MFR,OR,ANM,WE,Federal Contract Tower,5,65,13,0,83,0,2,59,0,61,5,67,72,0,144,40,0,40,184
10/12/2005,MFR,OR,ANM,WE,Federal Contract Tower,5,69,25,0,99,0,5,66,0,71,5,74,91,0,170,16,0,16,186
10/13/2005,MFR,OR,ANM,WE,Federal Contract Tower,5,69,10,0,84,0,5,64,0,69,5,74,74,0,153,26,0,26,179
10/14/2005,MFR,OR,ANM,WE,Federal Contract Tower,5,66,17,2,90,0,9,59,0,68,5,75,76,2,158,54,0,54,212
10/15/2005,MFR,OR,ANM,WE,Federal Contract Tower,3,46,3,0,52,0,0,18,0,18,3,46,21,0,70,14,0,14,84
10/16/2005,MFR,OR,ANM,WE,Federal Contract Tower,5,42,23,0,70,0,3,46,0,49,5,45,69,0,119,32,0,32,151
10/17/2005,MFR,OR,ANM,WE,Federal Contract Tower,5,63,18,0,86,0,5,66,0,71,5,68,84,0,157,42,0,42,199
10/18/2005,MFR,OR,ANM,WE,Federal Contract Tower,4,67,15,0,86,0,5,54,0,59,4,72,69,0,145,66,0,66,211
10/19/2005,MFR,OR,ANM,WE,Federal Contract Tower,5,71,19,0,95,0,8,48,0,56,5,79,67,0,151,48,0,48,199
10/20/2005,MFR,OR,ANM,WE,Federal Contract Tower,4,67,13,4,88,0,4,73,0,77,4,71,86,4,165,36,0,36,201
10/21/2005,MFR,OR,ANM,WE,Federal Contract Tower,7,67,14,0,88,0,13,71,0,84,7,80,85,0,172,36,0,36,208
10/22/2005,MFR,OR,ANM,WE,Federal Contract Tower,4,39,6,0,49,0,6,65,0,71,4,45,71,0,120,48,0,48,168
10/23/2005,MFR,OR,ANM,WE,Federal Contract Tower,6,47,17,0,70,0,2,55,0,57,6,49,72,0,127,50,0,50,177
10/24/2005,MFR,OR,ANM,WE,Federal Contract Tower,5,60,9,0,74,0,4,58,0,62,5,64,67,0,136,104,0,104,240
10/25/2005,MFR,OR,ANM,WE,Federal Contract Tower,5,67,13,1,86,0,4,35,1,40,5,71,48,2,126,26,2,28,154
10/26/2005,MFR,OR,ANM,WE,Federal Contract Tower,5,71,19,0,95,0,2,25,2,29,5,73,44,2,124,32,0,32,156
10/27/2005,MFR,OR,ANM,WE,Federal Contract Tower,5,63,28,0,96,0,8,34,0,42,5,71,62,0,138,18,0,18,156
10/28/2005,MFR,OR,ANM,WE,Federal Contract Tower,5,72,9,0,86,0,3,20,0,23,5,75,29,0,109,38,0,38,147
10/29/2005,MFR,OR,ANM,WE,Federal Contract Tower,4,43,5,1,53,0,1,26,0,27,4,44,31,1,80,12,2,14,94
10/30/2005,MFR,OR,ANM,WE,Federal Contract Tower,4,46,15,0,65,0,1,41,0,42,4,47,56,0,107,36,0,36,143
10/31/2005,MFR,OR,ANM,WE,Federal Contract Tower,3,59,4,0,66,0,4,49,0,53,3,63,53,0,119,56,0,56,175
11/01/2005,MFR,OR,ANM,WE,Federal Contract Tower,5,67,15,0,87,0,3,16,0,19,5,70,31,0,106,20,0,20,126
11/02/2005,MFR,OR,ANM,WE,Federal Contract Tower,5,65,21,0,91,0,2,17,0,19,5,67,38,0,110,26,0,26,136
11/03/2005,MFR,OR,ANM,WE,Federal Contract Tower,5,66,21,0,92,0,1,4,0,5,5,67,25,0,97,0,0,0,97
11/04/2005,MFR,OR,ANM,WE,Federal Contract Tower,5,64,14,0,83,0,1,14,0,15,5,65,28,0,98,22,0,22,120
11/05/2005,MFR,OR,ANM,WE,Federal Contract Tower,5,40,4,0,49,0,1,8,0,9,5,41,12,0,58,30,0,30,88
11/06/2005,MFR,OR,ANM,WE,Federal Contract Tower,5,43,7,0,55,0,0,0,0,0,5,43,7,0,55,0,0,0,55
11/07/2005,MFR,OR,ANM,WE,Federal Contract Tower,4,66,17,0,87,0,2,0,0,2,4,68,17,0,89,6,0,6,95
11/08/2005,MFR,OR,ANM,WE,Federal Contract Tower,7,62,13,2,84,0,2,19,0,21,7,64,32,2,105,36,4,40,145
11/09/2005,MFR,OR,ANM,WE,Federal Contract Tower,8,58,16,0,82,0,4,55,0,59,8,62,71,0,141,54,0,54,195
11/10/2005,MFR,OR,ANM,WE,Federal Contract Tower,5,62,8,0,75,0,2,56,0,58,5,64,64,0,133,48,0,48,181
11/11/2005,MFR,OR,ANM,WE,Federal Contract Tower,5,65,11,1,82,0,3,13,1,17,5,68,24,2,99,18,0,18,117
11/12/2005,MFR,OR,ANM,WE,Federal Contract Tower,5,42,8,0,55,0,3,36,0,39,5,45,44,0,94,72,0,72,166
11/13/2005,MFR,OR,ANM,WE,Federal Contract Tower,5,41,12,0,58,0,0,0,0,0,5,41,12,0,58,0,0,0,58
11/14/2005,MFR,OR,ANM,WE,Federal Contract Tower,4,64,21,0,89,0,2,38,0,40,4,66,59,0,129,38,0,38,167
11/15/2005,MFR,OR,ANM,WE,Federal Contract Tower,5,66,21,0,92,0,2,33,0,35,5,68,54,0,127,30,0,30,157
11/16/2005,MFR,OR,ANM,WE,Federal Contract Tower,6,58,14,1,79,0,3,40,1,44,6,61,54,2,123,16,0,16,139
11/17/2005,MFR,OR,ANM,WE,Federal Contract Tower,6,59,11,2,78,0,2,34,2,38,6,61,45,4,116,38,0,38,154
11/18/2005,MFR,OR,ANM,WE,Federal Contract Tower,4,60,21,0,85,0,4,50,0,54,4,64,71,0,139,44,0,44,183
11/19/2005,MFR,OR,ANM,WE,Federal Contract Tower,6,36,12,0,54,0,0,42,0,42,6,36,54,0,96,46,0,46,142
11/20/2005,MFR,OR,ANM,WE,Federal Contract Tower,6,41,13,0,60,0,0,48,0,48,6,41,61,0,108,96,0,96,204
11/21/2005,MFR,OR,ANM,WE,Federal Contract Tower,6,47,12,0,65,0,0,29,0,29,6,47,41,0,94,18,0,18,112
11/22/2005,MFR,OR,ANM,WE,Federal Contract Tower,3,40,39,0,82,0,2,8,0,10,3,42,47,0,92,16,0,16,108
11/23/2005,MFR,OR,ANM,WE,Federal Contract Tower,0,34,16,0,50,0,0,0,0,0,0,34,16,0,50,2,0,2,52
11/24/2005,MFR,OR,ANM,WE,Federal Contract Tower,2,32,7,0,41,0,0,7,0,7,2,32,14,0,48,18,0,18,66
11/25/2005,MFR,OR,ANM,WE,Federal Contract Tower,3,60,14,0,77,0,0,17,0,17,3,60,31,0,94,6,0,6,100
11/26/2005,MFR,OR,ANM,WE,Federal Contract Tower,4,48,5,0,57,0,7,38,0,45,4,55,43,0,102,34,0,34,136
11/27/2005,MFR,OR,ANM,WE,Federal Contract Tower,6,41,19,0,66,0,0,39,0,39,6,41,58,0,105,22,0,22,127
11/28/2005,MFR,OR,ANM,WE,Federal Contract Tower,5,61,10,0,76,0,0,1,0,1,5,61,11,0,77,0,0,0,77
11/29/2005,MFR,OR,ANM,WE,Federal Contract Tower,5,67,18,0,90,0,0,12,0,12,5,67,30,0,102,10,0,10,112
11/30/2005,MFR,OR,ANM,WE,Federal Contract Tower,5,74,20,6,105,0,0,18,0,18,5,74,38,6,123,20,0,20,143
12/01/2005,MFR,OR,ANM,WE,Federal Contract Tower,6,68,9,2,85,0,1,5,3,9,6,69,14,5,94,24,0,24,118
12/02/2005,MFR,OR,ANM,WE,Federal Contract Tower,6,63,20,1,90,0,2,5,1,8,6,65,25,2,98,54,0,54,152
12/03/2005,MFR,OR,ANM,WE,Federal Contract Tower,5,44,15,0,64,0,0,30,1,31,5,44,45,1,95,58,0,58,153
12/04/2005,MFR,OR,ANM,WE,Federal Contract Tower,5,40,16,0,61,0,0,44,0,44,5,40,60,0,105,22,0,22,127
12/05/2005,MFR,OR,ANM,WE,Federal Contract Tower,7,58,24,0,89,0,0,0,0,0,7,58,24,0,89,0,0,0,89
12/06/2005,MFR,OR,ANM,WE,Federal Contract Tower,5,68,23,2,98,0,0,0,0,0,5,68,23,2,98,0,0,0,98
12/07/2005,MFR,OR,ANM,WE,Federal Contract Tower,5,67,22,0,94,0,0,4,0,4,5,67,26,0,98,10,0,10,108
12/08/2005,MFR,OR,ANM,WE,Federal Contract Tower,5,75,14,0,94,0,0,28,0,28,5,75,42,0,122,42,0,42,164
12/09/2005,MFR,OR,ANM,WE,Federal Contract Tower,8,53,17,0,78,0,6,44,0,50,8,59,61,0,128,34,0,34,162
12/10/2005,MFR,OR,ANM,WE,Federal Contract Tower,5,36,13,0,54,0,2,50,0,52,5,38,63,0,106,48,0,48,154
12/11/2005,MFR,OR,ANM,WE,Federal Contract Tower,6,38,7,2,53,0,0,73,0,73,6,38,80,2,126,42,0,42,168
12/12/2005,MFR,OR,ANM,WE,Federal Contract Tower,4,52,13,0,69,0,0,7,0,7,4,52,20,0,76,48,0,48,124
12/13/2005,MFR,OR,ANM,WE,Federal Contract Tower,7,74,21,0,102,0,1,5,0,6,7,75,26,0,108,0,0,0,108
12/14/2005,MFR,OR,ANM,WE,Federal Contract Tower,5,65,20,1,91,0,0,35,1,36,5,65,55,2,127,24,0,24,151
12/15/2005,MFR,OR,ANM,WE,Federal Contract Tower,5,65,11,0,81,0,4,57,0,61,5,69,68,0,142,44,0,44,186
12/16/2005,MFR,OR,ANM,WE,Federal Contract Tower,5,71,14,0,90,0,3,57,2,62,5,74,71,2,152,24,0,24,176
12/17/2005,MFR,OR,ANM,WE,Federal Contract Tower,5,50,4,2,61,0,1,33,0,34,5,51,37,2,95,30,46,76,171
12/18/2005,MFR,OR,ANM,WE,Federal Contract Tower,4,33,8,0,45,0,0,6,0,6,4,33,14,0,51,8,0,8,59
12/19/2005,MFR,OR,ANM,WE,Federal Contract Tower,12,61,19,0,92,0,0,4,0,4,12,61,23,0,96,8,0,8,104
12/20/2005,MFR,OR,ANM,WE,Federal Contract Tower,9,66,20,0,95,0,2,11,0,13,9,68,31,0,108,10,0,10,118
12/21/2005,MFR,OR,ANM,WE,Federal Contract Tower,9,77,15,0,101,0,0,4,0,4,9,77,19,0,105,0,0,0,105
12/22/2005,MFR,OR,ANM,WE,Federal Contract Tower,11,67,12,0,90,0,0,6,0,6,11,67,18,0,96,28,0,28,124
12/23/2005,MFR,OR,ANM,WE,Federal Contract Tower,7,62,10,0,79,0,0,2,0,2,7,62,12,0,81,6,0,6,87
12/24/2005,MFR,OR,ANM,WE,Federal Contract Tower,4,32,3,0,39,0,0,2,0,2,4,32,5,0,41,2,0,2,43
12/25/2005,MFR,OR,ANM,WE,Federal Contract Tower,4,39,2,0,45,0,0,6,0,6,4,39,8,0,51,8,0,8,59
12/26/2005,MFR,OR,ANM,WE,Federal Contract Tower,5,41,16,0,62,0,0,32,0,32,5,41,48,0,94,36,0,36,130
12/27/2005,MFR,OR,ANM,WE,Federal Contract Tower,7,71,11,0,89,0,0,0,0,0,7,71,11,0,89,2,0,2,91
12/28/2005,MFR,OR,ANM,WE,Federal Contract Tower,4,72,13,0,89,0,2,3,0,5,4,74,16,0,94,12,0,12,106
12/29/2005,MFR,OR,ANM,WE,Federal Contract Tower,5,66,21,0,92,0,2,20,0,22,5,68,41,0,114,24,0,24,138
12/30/2005,MFR,OR,ANM,WE,Federal Contract Tower,5,70,8,0,83,0,3,2,0,5,5,73,10,0,88,0,0,0,88
12/31/2005,MFR,OR,ANM,WE,Federal Contract Tower,4,40,6,0,50,0,0,7,0,7,4,40,13,0,57,14,0,14,71
01/01/2006,MFR,OR,ANM,WE,Federal Contract Tower,2,39,3,0,44,0,0,0,0,0,2,39,3,0,44,0,0,0,44
01/02/2006,MFR,OR,ANM,WE,Federal Contract Tower,5,43,15,0,63,0,0,8,0,8,5,43,23,0,71,0,0,0,71
01/03/2006,MFR,OR,ANM,WE,Federal Contract Tower,5,60,12,0,77,0,1,9,0,10,5,61,21,0,87,12,0,12,99
01/04/2006,MFR,OR,ANM,WE,Federal Contract Tower,5,60,9,0,74,0,1,45,0,46,5,61,54,0,120,28,0,28,148
01/05/2006,MFR,OR,ANM,WE,Federal Contract Tower,4,63,8,2,77,0,2,60,0,62,4,65,68,2,139,34,0,34,173
01/06/2006,MFR,OR,ANM,WE,Federal Contract Tower,5,71,10,0,86,0,1,15,0,16,5,72,25,0,102,44,0,44,146
01/07/2006,MFR,OR,ANM,WE,Federal Contract Tower,5,45,7,0,57,0,0,10,0,10,5,45,17,0,67,30,0,30,97
01/08/2006,MFR,OR,ANM,WE,Federal Contract Tower,5,41,7,0,53,0,0,25,0,25,5,41,32,0,78,54,0,54,132
01/09/2006,MFR,OR,ANM,WE,Federal Contract Tower,6,64,12,0,82,0,0,0,0,0,6,64,12,0,82,0,0,0,82
01/10/2006,MFR,OR,ANM,WE,Federal Contract Tower,5,67,14,0,86,0,3,6,0,9,5,70,20,0,95,10,0,10,105
01/11/2006,MFR,OR,ANM,WE,Federal Contract Tower,4,58,18,0,80,0,0,11,0,11,4,58,29,0,91,16,0,16,107
01/12/2006,MFR,OR,ANM,WE,Federal Contract Tower,5,68,18,0,91,0,1,5,0,6,5,69,23,0,97,10,0,10,107
01/13/2006,MFR,OR,ANM,WE,Federal Contract Tower,5,59,18,0,82,0,3,3,0,6,5,62,21,0,88,6,0,6,94
01/14/2006,MFR,OR,ANM,WE,Federal Contract Tower,4,40,20,0,64,0,0,13,0,13,4,40,33,0,77,6,0,6,83
01/15/2006,MFR,OR,ANM,WE,Federal Contract Tower,7,36,16,0,59,0,0,81,0,81,7,36,97,0,140,50,0,50,190
01/16/2006,MFR,OR,ANM,WE,Federal Contract Tower,5,56,13,0,74,0,1,8,0,9,5,57,21,0,83,12,0,12,95
01/17/2006,MFR,OR,ANM,WE,Federal Contract Tower,5,60,16,5,86,0,0,2,0,2,5,60,18,5,88,0,2,2,90
01/18/2006,MFR,OR,ANM,WE,Federal Contract Tower,7,60,9,1,77,0,0,1,0,1,7,60,10,1,78,0,0,0,78
01/19/2006,MFR,OR,ANM,WE,Federal Contract Tower,5,73,21,1,100,0,1,17,0,18,5,74,38,1,118,4,0,4,122
01/20/2006,MFR,OR,ANM,WE,Federal Contract Tower,5,68,20,0,93,0,2,6,0,8,5,70,26,0,101,14,0,14,115
01/21/2006,MFR,OR,ANM,WE,Federal Contract Tower,6,43,18,0,67,0,2,13,0,15,6,45,31,0,82,30,0,30,112
01/22/2006,MFR,OR,ANM,WE,Federal Contract Tower,4,33,12,0,49,0,0,69,0,69,4,33,81,0,118,28,0,28,146
01/23/2006,MFR,OR,ANM,WE,Federal Contract Tower,5,51,17,0,73,0,2,5,0,7,5,53,22,0,80,8,0,8,88
01/24/2006,MFR,OR,ANM,WE,Federal Contract Tower,5,55,15,0,75,0,2,85,0,87,5,57,100,0,162,52,0,52,214
01/25/2006,MFR,OR,ANM,WE,Federal Contract Tower,5,63,21,0,89,0,0,20,0,20,5,63,41,0,109,4,0,4,113
01/26/2006,MFR,OR,ANM,WE,Federal Contract Tower,6,63,13,0,82,0,1,9,0,10,6,64,22,0,92,12,0,12,104
01/27/2006,MFR,OR,ANM,WE,Federal Contract Tower,5,65,10,0,80,0,2,16,0,18,5,67,26,0,98,22,0,22,120
01/28/2006,MFR,OR,ANM,WE,Federal Contract Tower,5,41,6,3,55,0,0,10,1,11,5,41,16,4,66,14,0,14,80
01/29/2006,MFR,OR,ANM,WE,Federal Contract Tower,3,36,10,0,49,0,0,5,0,5,3,36,15,0,54,38,0,38,92
01/30/2006,MFR,OR,ANM,WE,Federal Contract Tower,5,58,11,2,76,0,1,11,0,12,5,59,22,2,88,20,12,32,120
01/31/2006,MFR,OR,ANM,WE,Federal Contract Tower,5,57,23,3,88,0,0,4,0,4,5,57,27,3,92,0,2,2,94
02/01/2006,MFR,OR,ANM,WE,Federal Contract Tower,5,61,14,4,84,0,0,2,0,2,5,61,16,4,86,4,6,10,96
02/02/2006,MFR,OR,ANM,WE,Federal Contract Tower,5,67,21,0,93,0,5,24,0,29,5,72,45,0,122,32,0,32,154
02/03/2006,MFR,OR,ANM,WE,Federal Contract Tower,6,60,14,0,80,0,5,21,0,26,6,65,35,0,106,52,0,52,158
02/04/2006,MFR,OR,ANM,WE,Federal Contract Tower,5,44,9,0,58,0,0,5,0,5,5,44,14,0,63,14,0,14,77
02/05/2006,MFR,OR,ANM,WE,Federal Contract Tower,6,40,10,0,56,0,3,39,0,42,6,43,49,0,98,0,0,0,98
02/06/2006,MFR,OR,ANM,WE,Federal Contract Tower,7,47,12,0,66,0,4,46,0,50,7,51,58,0,116,84,0,84,200
02/07/2006,MFR,OR,ANM,WE,Federal Contract Tower,5,61,10,0,76,0,3,92,0,95,5,64,102,0,171,64,0,64,235
02/08/2006,MFR,OR,ANM,WE,Federal Contract Tower,5,63,11,0,79,0,3,61,0,64,5,66,72,0,143,38,0,38,181
02/09/2006,MFR,OR,ANM,WE,Federal Contract Tower,5,61,16,0,82,0,6,71,33,110,5,67,87,33,192,20,0,20,212
02/10/2006,MFR,OR,ANM,WE,Federal Contract Tower,5,65,18,0,88,0,4,92,0,96,5,69,110,0,184,86,0,86,270
02/11/2006,MFR,OR,ANM,WE,Federal Contract Tower,5,43,1,0,49,0,1,68,0,69,5,44,69,0,118,58,0,58,176
02/12/2006,MFR,OR,ANM,WE,Federal Contract Tower,5,38,9,0,52,0,4,58,0,62,5,42,67,0,114,64,0,64,178
02/13/2006,MFR,OR,ANM,WE,Federal Contract Tower,5,55,11,0,71,0,6,31,0,37,5,61,42,0,108,50,0,50,158
02/14/2006,MFR,OR,ANM,WE,Federal Contract Tower,5,60,6,5,76,0,3,51,3,57,5,63,57,8,133,48,0,48,181
02/15/2006,MFR,OR,ANM,WE,Federal Contract Tower,5,59,19,0,83,0,5,49,1,55,5,64,68,1,138,28,0,28,166
02/16/2006,MFR,OR,ANM,WE,Federal Contract Tower,5,57,17,0,79,0,6,46,0,52,5,63,63,0,131,38,0,38,169
02/17/2006,MFR,OR,ANM,WE,Federal Contract Tower,5,64,13,2,84,0,1,20,0,21,5,65,33,2,105,22,0,22,127
02/18/2006,MFR,OR,ANM,WE,Federal Contract Tower,5,38,8,0,51,0,0,48,0,48,5,38,56,0,99,40,0,40,139
02/19/2006,MFR,OR,ANM,WE,Federal Contract Tower,5,39,6,0,50,0,0,55,0,55,5,39,61,0,105,22,0,22,127
02/20/2006,MFR,OR,ANM,WE,Federal Contract Tower,5,54,11,0,70,0,6,58,0,64,5,60,69,0,134,40,0,40,174
02/21/2006,MFR,OR,ANM,WE,Federal Contract Tower,7,58,19,0,84,0,1,47,0,48,7,59,66,0,132,56,0,56,188
02/22/2006,MFR,OR,ANM,WE,Federal Contract Tower,6,58,12,0,76,0,6,55,0,61,6,64,67,0,137,82,0,82,219
02/23/2006,MFR,OR,ANM,WE,Federal Contract Tower,5,70,13,0,88,0,2,62,0,64,5,72,75,0,152,56,0,56,208
02/24/2006,MFR,OR,ANM,WE,Federal Contract Tower,5,61,15,3,84,0,4,99,1,104,5,65,114,4,188,78,0,78,266
02/25/2006,MFR,OR,ANM,WE,Federal Contract Tower,5,39,11,0,55,0,4,70,0,74,5,43,81,0,129,74,0,74,203
02/26/2006,MFR,OR,ANM,WE,Federal Contract Tower,5,41,17,4,67,0,0,10,0,10,5,41,27,4,77,0,34,34,111
02/27/2006,MFR,OR,ANM,WE,Federal Contract Tower,5,60,12,0,77,0,2,3,0,5,5,62,15,0,82,10,0,10,92
02/28/2006,MFR,OR,ANM,WE,Federal Contract Tower,5,57,9,0,71,0,5,14,0,19,5,62,23,0,90,32,0,32,122
03/01/2006,MFR,OR,ANM,WE,Federal Contract Tower,5,59,11,0,75,0,3,8,0,11,5,62,19,0,86,2,0,2,88
03/02/2006,MFR,OR,ANM,WE,Federal Contract Tower,7,65,9,0,81,0,2,22,0,24,7,67,31,0,105,36,0,36,141
03/03/2006,MFR,OR,ANM,WE,Federal Contract Tower,5,65,12,11,93,0,2,16,1,19,5,67,28,12,112,30,4,34,146
03/04/2006,MFR,OR,ANM,WE,Federal Contract Tower,7,42,3,0,52,0,1,39,1,41,7,43,42,1,93,48,0,48,141
03/05/2006,MFR,OR,ANM,WE,Federal Contract Tower,4,39,11,0,54,0,0,5,0,5,4,39,16,0,59,8,0,8,67
03/06/2006,MFR,OR,ANM,WE,Federal Contract Tower,5,67,14,0,86,0,0,18,0,18,5,67,32,0,104,32,0,32,136
03/07/2006,MFR,OR,ANM,WE,Federal Contract Tower,5,58,19,4,86,0,1,26,30,57,5,59,45,34,143,12,0,12,155
03/08/2006,MFR,OR,ANM,WE,Federal Contract Tower,2,67,15,0,84,0,2,18,0,20,2,69,33,0,104,34,0,34,138
03/09/2006,MFR,OR,ANM,WE,Federal Contract Tower,6,66,14,0,86,0,2,5,0,7,6,68,19,0,93,0,0,0,93
03/10/2006,MFR,OR,ANM,WE,Federal Contract Tower,4,61,14,3,82,0,1,2,0,3,4,62,16,3,85,8,2,10,95
03/11/2006,MFR,OR,ANM,WE,Federal Contract Tower,5,45,5,0,55,0,1,27,0,28,5,46,32,0,83,42,0,42,125
03/12/2006,MFR,OR,ANM,WE,Federal Contract Tower,5,35,12,0,52,0,2,38,0,40,5,37,50,0,92,38,0,38,130
03/13/2006,MFR,OR,ANM,WE,Federal Contract Tower,5,57,20,0,82,0,5,16,0,21,5,62,36,0,103,24,0,24,127
03/14/2006,MFR,OR,ANM,WE,Federal Contract Tower,5,70,9,0,84,0,1,25,0,26,5,71,34,0,110,88,0,88,198
03/15/2006,MFR,OR,ANM,WE,Federal Contract Tower,4,66,9,0,79,0,3,29,0,32,4,69,38,0,111,56,0,56,167
03/16/2006,MFR,OR,ANM,WE,Federal Contract Tower,7,65,13,0,85,0,2,14,0,16,7,67,27,0,101,48,0,48,149
03/17/2006,MFR,OR,ANM,WE,Federal Contract Tower,4,61,15,0,80,0,2,21,0,23,4,63,36,0,103,56,0,56,159
03/18/2006,MFR,OR,ANM,WE,Federal Contract Tower,7,46,18,2,73,0,4,44,0,48,7,50,62,2,121,50,0,50,171
03/19/2006,MFR,OR,ANM,WE,Federal Contract Tower,5,38,8,0,51,0,0,84,0,84,5,38,92,0,135,58,0,58,193
03/20/2006,MFR,OR,ANM,WE,Federal Contract Tower,5,59,15,1,80,0,3,28,1,32,5,62,43,2,112,56,0,56,168
03/21/2006,MFR,OR,ANM,WE,Federal Contract Tower,4,63,13,0,80,0,1,31,0,32,4,64,44,0,112,26,0,26,138
03/22/2006,MFR,OR,ANM,WE,Federal Contract Tower,5,68,13,0,86,0,4,40,0,44,5,72,53,0,130,72,0,72,202
03/23/2006,MFR,OR,ANM,WE,Federal Contract Tower,5,63,26,3,97,0,4,25,0,29,5,67,51,3,126,10,4,14,140
03/24/2006,MFR,OR,ANM,WE,Federal Contract Tower,6,62,10,1,79,0,3,50,1,54,6,65,60,2,133,20,2,22,155
03/25/2006,MFR,OR,ANM,WE,Federal Contract Tower,6,43,17,0,66,0,0,9,0,9,6,43,26,0,75,42,0,42,117
03/26/2006,MFR,OR,ANM,WE,Federal Contract Tower,5,42,13,0,60,0,3,58,0,61,5,45,71,0,121,48,0,48,169
03/27/2006,MFR,OR,ANM,WE,Federal Contract Tower,5,61,15,0,81,0,5,18,0,23,5,66,33,0,104,22,0,22,126
03/28/2006,MFR,OR,ANM,WE,Federal Contract Tower,5,63,9,0,77,0,3,22,0,25,5,66,31,0,102,24,0,24,126
03/29/2006,MFR,OR,ANM,WE,Federal Contract Tower,7,64,10,0,81,0,3,42,0,45,7,67,52,0,126,62,0,62,188
03/30/2006,MFR,OR,ANM,WE,Federal Contract Tower,5,66,21,0,92,0,4,25,0,29,5,70,46,0,121,74,0,74,195
03/31/2006,MFR,OR,ANM,WE,Federal Contract Tower,4,65,5,0,74,0,3,13,0,16,4,68,18,0,90,26,0,26,116
04/01/2006,MFR,OR,ANM,WE,Federal Contract Tower,6,45,10,0,61,0,1,18,0,19,6,46,28,0,80,34,0,34,114
04/02/2006,MFR,OR,ANM,WE,Federal Contract Tower,6,44,8,0,58,0,0,4,0,4,6,44,12,0,62,10,0,10,72
04/03/2006,MFR,OR,ANM,WE,Federal Contract Tower,5,65,16,0,86,0,6,10,0,16,5,71,26,0,102,10,0,10,112
04/04/2006,MFR,OR,ANM,WE,Federal Contract Tower,5,64,23,0,92,0,2,36,0,38,5,66,59,0,130,42,0,42,172
04/05/2006,MFR,OR,ANM,WE,Federal Contract Tower,5,68,14,0,87,0,3,5,0,8,5,71,19,0,95,16,0,16,111
04/06/2006,MFR,OR,ANM,WE,Federal Contract Tower,5,67,17,0,89,0,5,44,0,49,5,72,61,0,138,42,0,42,180
04/07/2006,MFR,OR,ANM,WE,Federal Contract Tower,4,68,18,0,90,0,3,37,0,40,4,71,55,0,130,66,0,66,196
04/08/2006,MFR,OR,ANM,WE,Federal Contract Tower,6,40,18,0,64,0,4,22,0,26,6,44,40,0,90,54,0,54,144
04/09/2006,MFR,OR,ANM,WE,Federal Contract Tower,4,46,11,0,61,0,0,10,0,10,4,46,21,0,71,6,0,6,77
04/10/2006,MFR,OR,ANM,WE,Federal Contract Tower,5,61,14,0,80,0,4,15,0,19,5,65,29,0,99,8,0,8,107
04/11/2006,MFR,OR,ANM,WE,Federal Contract Tower,5,67,11,0,83,0,1,21,0,22,5,68,32,0,105,24,0,24,129
04/12/2006,MFR,OR,ANM,WE,Federal Contract Tower,5,71,25,0,101,0,3,26,0,29,5,74,51,0,130,26,0,26,156
04/13/2006,MFR,OR,ANM,WE,Federal Contract Tower,4,73,14,0,91,0,4,61,0,65,4,77,75,0,156,34,0,34,190
04/14/2006,MFR,OR,ANM,WE,Federal Contract Tower,5,67,17,0,89,0,1,41,0,42,5,68,58,0,131,42,0,42,173
04/15/2006,MFR,OR,ANM,WE,Federal Contract Tower,5,39,10,0,54,0,0,6,0,6,5,39,16,0,60,2,0,2,62
04/16/2006,MFR,OR,ANM,WE,Federal Contract Tower,3,38,6,0,47,0,0,9,0,9,3,38,15,0,56,4,0,4,60
04/17/2006,MFR,OR,ANM,WE,Federal Contract Tower,7,60,20,0,87,0,5,26,2,33,7,65,46,2,120,40,0,40,160
04/18/2006,MFR,OR,ANM,WE,Federal Contract Tower,5,61,19,0,85,0,4,66,2,72,5,65,85,2,157,82,0,82,239
04/19/2006,MFR,OR,ANM,WE,Federal Contract Tower,5,66,19,0,90,0,5,77,0,82,5,71,96,0,172,72,4,76,248
04/20/2006,MFR,OR,ANM,WE,Federal Contract Tower,5,68,14,2,89,0,3,67,2,72,5,71,81,4,161,46,0,46,207
04/21/2006,MFR,OR,ANM,WE,Federal Contract Tower,5,69,19,0,93,0,2,22,0,24,5,71,41,0,117,60,0,60,177
04/22/2006,MFR,OR,ANM,WE,Federal Contract Tower,5,44,19,0,68,0,5,100,0,105,5,49,119,0,173,40,0,40,213
04/23/2006,MFR,OR,ANM,WE,Federal Contract Tower,5,48,11,1,65,0,2,73,1,76,5,50,84,2,141,28,0,28,169
04/24/2006,MFR,OR,ANM,WE,Federal Contract Tower,4,61,12,3,80,0,3,45,1,49,4,64,57,4,129,40,2,42,171
04/25/2006,MFR,OR,ANM,WE,Federal Contract Tower,5,59,14,0,78,0,2,49,0,51,5,61,63,0,129,58,0,58,187
04/26/2006,MFR,OR,ANM,WE,Federal Contract Tower,5,72,11,0,88,0,3,52,0,55,5,75,63,0,143,54,0,54,197
04/27/2006,MFR,OR,ANM,WE,Federal Contract Tower,5,65,18,0,88,0,3,89,0,92,5,68,107,0,180,50,0,50,230
04/28/2006,MFR,OR,ANM,WE,Federal Contract Tower,4,66,12,0,82,0,1,105,0,106,4,67,117,0,188,34,0,34,222
04/29/2006,MFR,OR,ANM,WE,Federal Contract Tower,5,39,8,0,52,0,2,65,0,67,5,41,73,0,119,42,0,42,161
04/30/2006,MFR,OR,ANM,WE,Federal Contract Tower,5,44,9,0,58,0,1,73,0,74,5,45,82,0,132,6,0,6,138
05/01/2006,MFR,OR,ANM,WE,Federal Contract Tower,5,57,13,0,75,0,4,39,0,43,5,61,52,0,118,34,2,36,154
05/02/2006,MFR,OR,ANM,WE,Federal Contract Tower,3,65,8,0,76,0,4,70,0,74,3,69,78,0,150,68,2,70,220
05/03/2006,MFR,OR,ANM,WE,Federal Contract Tower,7,58,9,2,76,0,12,74,0,86,7,70,83,2,162,46,0,46,208
05/04/2006,MFR,OR,ANM,WE,Federal Contract Tower,4,63,24,0,91,0,3,57,1,61,4,66,81,1,152,80,0,80,232
05/05/2006,MFR,OR,ANM,WE,Federal Contract Tower,5,62,16,0,83,0,12,65,0,77,5,74,81,0,160,40,0,40,200
05/06/2006,MFR,OR,ANM,WE,Federal Contract Tower,5,40,11,0,56,0,4,60,0,64,5,44,71,0,120,38,0,38,158
05/07/2006,MFR,OR,ANM,WE,Federal Contract Tower,4,44,8,0,56,0,5,50,0,55,4,49,58,0,111,12,0,12,123
05/08/2006,MFR,OR,ANM,WE,Federal Contract Tower,4,60,18,0,82,0,6,37,0,43,4,66,55,0,125,24,0,24,149
05/09/2006,MFR,OR,ANM,WE,Federal Contract Tower,5,62,24,2,93,0,3,63,0,66,5,65,87,2,159,62,0,62,221
05/10/2006,MFR,OR,ANM,WE,Federal Contract Tower,5,70,15,0,90,0,5,68,1,74,5,75,83,1,164,48,0,48,212
05/11/2006,MFR,OR,ANM,WE,Federal Contract Tower,7,72,16,1,96,0,8,71,0,79,7,80,87,1,175,36,0,36,211
05/12/2006,MFR,OR,ANM,WE,Federal Contract Tower,6,76,16,0,98,0,7,84,0,91,6,83,100,0,189,90,0,90,279
05/13/2006,MFR,OR,ANM,WE,Federal Contract Tower,5,40,7,0,52,0,4,74,0,78,5,44,81,0,130,64,0,64,194
05/14/2006,MFR,OR,ANM,WE,Federal Contract Tower,6,39,7,0,52,0,0,55,0,55,6,39,62,0,107,8,0,8,115
05/15/2006,MFR,OR,ANM,WE,Federal Contract Tower,5,55,18,0,78,0,13,71,0,84,5,68,89,0,162,50,0,50,212
05/16/2006,MFR,OR,ANM,WE,Federal Contract Tower,5,63,21,0,89,0,5,64,0,69,5,68,85,0,158,46,0,46,204
05/17/2006,MFR,OR,ANM,WE,Federal Contract Tower,4,64,6,0,74,1,4,65,0,70,5,68,71,0,144,56,0,56,200
05/18/2006,MFR,OR,ANM,WE,Federal Contract Tower,4,61,14,0,79,0,8,65,0,73,4,69,79,0,152,44,0,44,196
05/19/2006,MFR,OR,ANM,WE,Federal Contract Tower,5,68,26,1,100,0,6,26,1,33,5,74,52,2,133,28,0,28,161
05/20/2006,MFR,OR,ANM,WE,Federal Contract Tower,5,45,13,0,63,0,2,24,0,26,5,47,37,0,89,36,0,36,125
05/21/2006,MFR,OR,ANM,WE,Federal Contract Tower,5,41,13,0,59,0,2,25,0,27,5,43,38,0,86,28,0,28,114
05/22/2006,MFR,OR,ANM,WE,Federal Contract Tower,7,63,18,0,88,0,2,23,0,25,7,65,41,0,113,24,0,24,137
05/23/2006,MFR,OR,ANM,WE,Federal Contract Tower,4,67,9,0,80,0,5,20,0,25,4,72,29,0,105,16,0,16,121
05/24/2006,MFR,OR,ANM,WE,Federal Contract Tower,5,70,14,0,89,0,5,13,0,18,5,75,27,0,107,14,0,14,121
05/25/2006,MFR,OR,ANM,WE,Federal Contract Tower,8,67,24,2,101,0,0,42,0,42,8,67,66,2,143,32,0,32,175
05/26/2006,MFR,OR,ANM,WE,Federal Contract Tower,5,68,24,0,97,0,1,18,0,19,5,69,42,0,116,26,0,26,142
05/27/2006,MFR,OR,ANM,WE,Federal Contract Tower,5,42,10,0,57,0,2,27,0,29,5,44,37,0,86,52,0,52,138
05/28/2006,MFR,OR,ANM,WE,Federal Contract Tower,4,33,10,0,47,0,0,26,0,26,4,33,36,0,73,28,0,28,101
05/29/2006,MFR,OR,ANM,WE,Federal Contract Tower,6,43,13,0,62,0,4,99,1,104,6,47,112,1,166,48,4,52,218
05/30/2006,MFR,OR,ANM,WE,Federal Contract Tower,5,65,10,0,80,0,12,92,2,106,5,77,102,2,186,74,0,74,260
05/31/2006,MFR,OR,ANM,WE,Federal Contract Tower,5,65,21,0,91,0,10,48,0,58,5,75,69,0,149,18,0,18,167
06/01/2006,MFR,OR,ANM,WE,Federal Contract Tower,5,67,23,2,97,0,1,26,0,27,5,68,49,2,124,54,0,54,178
06/02/2006,MFR,OR,ANM,WE,Federal Contract Tower,7,68,16,0,91,0,3,12,0,15,7,71,28,0,106,0,0,0,106
06/03/2006,MFR,OR,ANM,WE,Federal Contract Tower,6,43,12,0,61,0,1,62,0,63,6,44,74,0,124,42,0,42,166
06/04/2006,MFR,OR,ANM,WE,Federal Contract Tower,5,41,17,0,63,0,0,35,0,35,5,41,52,0,98,22,0,22,120
06/05/2006,MFR,OR,ANM,WE,Federal Contract Tower,5,67,22,0,94,0,3,41,0,44,5,70,63,0,138,18,0,18,156
06/06/2006,MFR,OR,ANM,WE,Federal Contract Tower,5,64,17,0,86,0,4,54,6,64,5,68,71,6,150,40,0,40,190
06/07/2006,MFR,OR,ANM,WE,Federal Contract Tower,5,65,15,0,85,0,5,66,1,72,5,70,81,1,157,48,0,48,205
06/08/2006,MFR,OR,ANM,WE,Federal Contract Tower,5,70,20,0,95,0,5,59,0,64,5,75,79,0,159,54,0,54,213
06/09/2006,MFR,OR,ANM,WE,Federal Contract Tower,5,62,24,0,91,0,11,95,2,108,5,73,119,2,199,40,2,42,241
06/10/2006,MFR,OR,ANM,WE,Federal Contract Tower,5,45,11,2,63,0,4,220,4,228,5,49,231,6,291,150,14,164,455
06/11/2006,MFR,OR,ANM,WE,Federal Contract Tower,5,47,7,1,60,0,4,182,4,190,5,51,189,5,250,126,20,146,396
06/12/2006,MFR,OR,ANM,WE,Federal Contract Tower,5,68,21,1,95,0,2,31,0,33,5,70,52,1,128,26,0,26,154
06/13/2006,MFR,OR,ANM,WE,Federal Contract Tower,5,71,34,0,110,0,0,22,1,23,5,71,56,1,133,20,0,20,153
06/14/2006,MFR,OR,ANM,WE,Federal Contract Tower,5,72,22,0,99,0,4,29,0,33,5,76,51,0,132,14,0,14,146
06/15/2006,MFR,OR,ANM,WE,Federal Contract Tower,5,69,17,0,91,0,2,56,0,58,5,71,73,0,149,48,0,48,197
06/16/2006,MFR,OR,ANM,WE,Federal Contract Tower,5,67,28,0,100,0,5,91,0,96,5,72,119,0,196,32,0,32,228
06/17/2006,MFR,OR,ANM,WE,Federal Contract Tower,5,48,8,0,61,0,6,63,0,69,5,54,71,0,130,36,0,36,166
06/18/2006,MFR,OR,ANM,WE,Federal Contract Tower,5,51,16,0,72,0,4,77,0,81,5,55,93,0,153,46,0,46,199
06/19/2006,MFR,OR,ANM,WE,Federal Contract Tower,6,66,17,0,89,0,5,88,0,93,6,71,105,0,182,62,0,62,244
06/20/2006,MFR,OR,ANM,WE,Federal Contract Tower,7,69,25,0,101,0,6,86,0,92,7,75,111,0,193,38,0,38,231
06/21/2006,MFR,OR,ANM,WE,Federal Contract Tower,5,65,22,0,92,0,9,72,0,81,5,74,94,0,173,42,0,42,215
06/22/2006,MFR,OR,ANM,WE,Federal Contract Tower,5,61,14,0,80,0,10,90,0,100,5,71,104,0,180,52,0,52,232
06/23/2006,MFR,OR,ANM,WE,Federal Contract Tower,4,62,11,7,84,0,17,120,4,141,4,79,131,11,225,74,6,80,305
06/24/2006,MFR,OR,ANM,WE,Federal Contract Tower,5,47,8,1,61,1,2,291,3,297,6,49,299,4,358,118,14,132,490
06/25/2006,MFR,OR,ANM,WE,Federal Contract Tower,5,45,11,0,61,0,0,175,3,178,5,45,186,3,239,74,6,80,319
06/26/2006,MFR,OR,ANM,WE,Federal Contract Tower,5,64,23,1,93,0,7,44,1,52,5,71,67,2,145,24,0,24,169
06/27/2006,MFR,OR,ANM,WE,Federal Contract Tower,5,62,25,0,92,0,8,51,0,59,5,70,76,0,151,30,0,30,181
06/28/2006,MFR,OR,ANM,WE,Federal Contract Tower,5,68,23,0,96,0,5,54,0,59,5,73,77,0,155,4,0,4,159
06/29/2006,MFR,OR,ANM,WE,Federal Contract Tower,5,64,20,2,91,0,5,64,0,69,5,69,84,2,160,38,0,38,198
06/30/2006,MFR,OR,ANM,WE,Federal Contract Tower,5,61,21,2,89,0,13,110,0,123,5,74,131,2,212,28,0,28,240
07/01/2006,MFR,OR,ANM,WE,Federal Contract Tower,6,42,11,0,59,0,4,111,0,115,6,46,122,0,174,50,0,50,224
07/02/2006,MFR,OR,ANM,WE,Federal Contract Tower,4,44,13,0,61,0,0,99,0,99,4,44,112,0,160,26,0,26,186
07/03/2006,MFR,OR,ANM,WE,Federal Contract Tower,5,62,17,0,84,0,5,60,0,65,5,67,77,0,149,22,0,22,171
07/04/2006,MFR,OR,ANM,WE,Federal Contract Tower,3,31,14,0,48,0,5,67,2,74,3,36,81,2,122,22,2,24,146
07/05/2006,MFR,OR,ANM,WE,Federal Contract Tower,3,67,24,2,96,0,3,57,0,60,3,70,81,2,156,24,0,24,180
07/06/2006,MFR,OR,ANM,WE,Federal Contract Tower,5,70,16,0,91,0,3,54,0,57,5,73,70,0,148,56,0,56,204
07/07/2006,MFR,OR,ANM,WE,Federal Contract Tower,5,64,13,0,82,0,5,102,0,107,5,69,115,0,189,16,0,16,205
07/08/2006,MFR,OR,ANM,WE,Federal Contract Tower,5,48,6,0,59,0,2,104,0,106,5,50,110,0,165,26,0,26,191
07/09/2006,MFR,OR,ANM,WE,Federal Contract Tower,5,54,11,0,70,0,3,106,0,109,5,57,117,0,179,86,0,86,265
07/10/2006,MFR,OR,ANM,WE,Federal Contract Tower,5,65,12,0,82,0,2,79,0,81,5,67,91,0,163,44,2,46,209
07/11/2006,MFR,OR,ANM,WE,Federal Contract Tower,5,63,16,0,84,0,4,55,0,59,5,67,71,0,143,54,0,54,197
07/12/2006,MFR,OR,ANM,WE,Federal Contract Tower,5,68,24,0,97,0,4,68,0,72,5,72,92,0,169,60,0,60,229
07/13/2006,MFR,OR,ANM,WE,Federal Contract Tower,5,64,13,0,82,0,11,99,0,110,5,75,112,0,192,60,0,60,252
07/14/2006,MFR,OR,ANM,WE,Federal Contract Tower,5,66,15,0,86,0,5,97,0,102,5,71,112,0,188,62,0,62,250
07/15/2006,MFR,OR,ANM,WE,Federal Contract Tower,4,44,19,0,67,0,2,103,0,105,4,46,122,0,172,26,0,26,198
07/16/2006,MFR,OR,ANM,WE,Federal Contract Tower,6,43,12,0,61,0,2,93,0,95,6,45,105,0,156,74,0,74,230
07/17/2006,MFR,OR,ANM,WE,Federal Contract Tower,5,63,17,0,85,0,5,72,0,77,5,68,89,0,162,32,0,32,194
07/18/2006,MFR,OR,ANM,WE,Federal Contract Tower,5,63,20,0,88,0,6,66,0,72,5,69,86,0,160,16,0,16,176
07/19/2006,MFR,OR,ANM,WE,Federal Contract Tower,5,65,11,0,81,0,13,62,0,75,5,78,73,0,156,28,0,28,184
07/20/2006,MFR,OR,ANM,WE,Federal Contract Tower,7,56,12,0,75,0,15,79,0,94,7,71,91,0,169,20,0,20,189
07/21/2006,MFR,OR,ANM,WE,Federal Contract Tower,5,62,20,7,94,0,3,69,3,75,5,65,89,10,169,28,0,28,197
07/22/2006,MFR,OR,ANM,WE,Federal Contract Tower,5,41,14,0,60,0,2,64,0,66,5,43,78,0,126,12,0,12,138
07/23/2006,MFR,OR,ANM,WE,Federal Contract Tower,5,42,6,0,53,0,0,68,2,70,5,42,74,2,123,46,0,46,169
07/24/2006,MFR,OR,ANM,WE,Federal Contract Tower,5,66,18,0,89,0,3,84,0,87,5,69,102,0,176,34,0,34,210
07/25/2006,MFR,OR,ANM,WE,Federal Contract Tower,5,65,17,0,87,0,15,91,0,106,5,80,108,0,193,48,0,48,241
07/26/2006,MFR,OR,ANM,WE,Federal Contract Tower,5,60,17,0,82,0,11,92,0,103,5,71,109,0,185,44,0,44,229
07/27/2006,MFR,OR,ANM,WE,Federal Contract Tower,5,65,21,0,91,0,11,81,0,92,5,76,102,0,183,12,0,12,195
07/28/2006,MFR,OR,ANM,WE,Federal Contract Tower,5,60,11,0,76,0,13,68,0,81,5,73,79,0,157,22,0,22,179
07/29/2006,MFR,OR,ANM,WE,Federal Contract Tower,5,41,10,0,56,0,13,98,0,111,5,54,108,0,167,26,0,26,193
07/30/2006,MFR,OR,ANM,WE,Federal Contract Tower,5,49,14,0,68,0,5,90,0,95,5,54,104,0,163,26,0,26,189
07/31/2006,MFR,OR,ANM,WE,Federal Contract Tower,5,64,11,0,80,0,7,68,0,75,5,71,79,0,155,52,0,52,207
08/01/2006,MFR,OR,ANM,WE,Federal Contract Tower,5,66,13,0,84,0,11,61,0,72,5,77,74,0,156,56,0,56,212
08/02/2006,MFR,OR,ANM,WE,Federal Contract Tower,5,68,15,0,88,0,9,55,0,64,5,77,70,0,152,40,0,40,192
08/03/2006,MFR,OR,ANM,WE,Federal Contract Tower,5,60,15,0,80,0,8,69,0,77,5,68,84,0,157,44,0,44,201
08/04/2006,MFR,OR,ANM,WE,Federal Contract Tower,6,68,17,0,91,0,7,86,0,93,6,75,103,0,184,70,0,70,254
08/05/2006,MFR,OR,ANM,WE,Federal Contract Tower,6,43,11,0,60,0,11,91,3,105,6,54,102,3,165,16,0,16,181
08/06/2006,MFR,OR,ANM,WE,Federal Contract Tower,5,47,11,0,63,0,0,80,0,80,5,47,91,0,143,28,0,28,171
08/07/2006,MFR,OR,ANM,WE,Federal Contract Tower,5,62,22,0,89,0,9,102,3,114,5,71,124,3,203,32,0,32,235
08/08/2006,MFR,OR,ANM,WE,Federal Contract Tower,5,64,20,0,89,0,11,91,3,105,5,75,111,3,194,52,0,52,246
08/09/2006,MFR,OR,ANM,WE,Federal Contract Tower,5,66,16,0,87,0,8,89,0,97,5,74,105,0,184,64,0,64,248
08/10/2006,MFR,OR,ANM,WE,Federal Contract Tower,5,63,19,0,87,0,10,75,0,85,5,73,94,0,172,62,0,62,234
08/11/2006,MFR,OR,ANM,WE,Federal Contract Tower,5,62,19,0,86,2,10,123,0,135,7,72,142,0,221,62,0,62,283
08/12/2006,MFR,OR,ANM,WE,Federal Contract Tower,5,42,4,0,51,0,4,84,0,88,5,46,88,0,139,52,0,52,191
08/13/2006,MFR,OR,ANM,WE,Federal Contract Tower,4,43,8,2,57,0,0,81,0,81,4,43,89,2,138,36,0,36,174
08/14/2006,MFR,OR,ANM,WE,Federal Contract Tower,5,64,14,0,83,0,5,72,6,83,5,69,86,6,166,28,0,28,194
08/15/2006,MFR,OR,ANM,WE,Federal Contract Tower,5,66,16,1,88,0,6,77,5,88,5,72,93,6,176,50,2,52,228
08/16/2006,MFR,OR,ANM,WE,Federal Contract Tower,5,72,19,1,97,0,4,54,14,72,5,76,73,15,169,50,0,50,219
08/17/2006,MFR,OR,ANM,WE,Federal Contract Tower,5,72,15,1,93,0,12,105,9,126,5,84,120,10,219,48,0,48,267
08/18/2006,MFR,OR,ANM,WE,Federal Contract Tower,5,62,10,5,82,0,7,94,6,107,5,69,104,11,189,46,0,46,235
08/19/2006,MFR,OR,ANM,WE,Federal Contract Tower,5,41,13,0,59,0,4,100,0,104,5,45,113,0,163,38,0,38,201
08/20/2006,MFR,OR,ANM,WE,Federal Contract Tower,5,42,10,0,57,0,0,77,0,77,5,42,87,0,134,56,0,56,190
08/21/2006,MFR,OR,ANM,WE,Federal Contract Tower,5,69,26,0,100,0,2,48,0,50,5,71,74,0,150,42,0,42,192
08/22/2006,MFR,OR,ANM,WE,Federal Contract Tower,5,70,14,0,89,0,5,71,0,76,5,75,85,0,165,74,0,74,239
08/23/2006,MFR,OR,ANM,WE,Federal Contract Tower,5,67,18,2,92,0,7,70,0,77,5,74,88,2,169,52,4,56,225
08/24/2006,MFR,OR,ANM,WE,Federal Contract Tower,5,65,25,2,97,0,2,80,1,83,5,67,105,3,180,70,2,72,252
08/25/2006,MFR,OR,ANM,WE,Federal Contract Tower,6,63,12,0,81,0,4,87,0,91,6,67,99,0,172,36,0,36,208
08/26/2006,MFR,OR,ANM,WE,Federal Contract Tower,8,46,7,0,61,0,5,66,0,71,8,51,73,0,132,44,0,44,176
08/27/2006,MFR,OR,ANM,WE,Federal Contract Tower,5,43,6,0,54,0,3,76,0,79,5,46,82,0,133,34,0,34,167
08/28/2006,MFR,OR,ANM,WE,Federal Contract Tower,4,62,11,0,77,0,6,73,0,79,4,68,84,0,156,46,0,46,202
08/29/2006,MFR,OR,ANM,WE,Federal Contract Tower,6,72,17,0,95,0,2,56,0,58,6,74,73,0,153,46,0,46,199
08/30/2006,MFR,OR,ANM,WE,Federal Contract Tower,5,65,12,0,82,0,8,53,0,61,5,73,65,0,143,34,0,34,177
08/31/2006,MFR,OR,ANM,WE,Federal Contract Tower,5,63,10,0,78,0,12,64,0,76,5,75,74,0,154,76,0,76,230
09/01/2006,MFR,OR,ANM,WE,Federal Contract Tower,4,67,18,0,89,0,13,72,0,85,4,80,90,0,174,32,0,32,206
09/02/2006,MFR,OR,ANM,WE,Federal Contract Tower,6,43,2,0,51,0,10,61,0,71,6,53,63,0,122,6,0,6,128
09/03/2006,MFR,OR,ANM,WE,Federal Contract Tower,4,42,12,0,58,0,2,79,0,81,4,44,91,0,139,32,0,32,171
09/04/2006,MFR,OR,ANM,WE,Federal Contract Tower,4,45,5,0,54,0,1,88,0,89,4,46,93,0,143,48,0,48,191
09/05/2006,MFR,OR,ANM,WE,Federal Contract Tower,4,67,14,3,88,0,11,67,8,86,4,78,81,11,174,62,12,74,248
09/06/2006,MFR,OR,ANM,WE,Federal Contract Tower,7,61,17,1,86,0,7,102,0,109,7,68,119,1,195,66,0,66,261
09/07/2006,MFR,OR,ANM,WE,Federal Contract Tower,6,62,23,0,91,0,8,58,0,66,6,70,81,0,157,76,0,76,233
09/08/2006,MFR,OR,ANM,WE,Federal Contract Tower,7,61,17,0,85,0,11,79,0,90,7,72,96,0,175,38,0,38,213
09/09/2006,MFR,OR,ANM,WE,Federal Contract Tower,7,42,6,0,55,0,6,80,0,86,7,48,86,0,141,38,0,38,179
09/10/2006,MFR,OR,ANM,WE,Federal Contract Tower,7,43,5,0,55,0,1,72,0,73,7,44,77,0,128,42,0,42,170
09/11/2006,MFR,OR,ANM,WE,Federal Contract Tower,7,56,15,4,82,0,9,72,8,89,7,65,87,12,171,36,4,40,211
09/12/2006,MFR,OR,ANM,WE,Federal Contract Tower,7,56,14,0,77,0,9,59,0,68,7,65,73,0,145,52,0,52,197
09/13/2006,MFR,OR,ANM,WE,Federal Contract Tower,7,63,15,0,85,0,11,74,5,90,7,74,89,5,175,34,0,34,209
09/14/2006,MFR,OR,ANM,WE,Federal Contract Tower,7,56,16,0,79,0,13,67,5,85,7,69,83,5,164,78,0,78,242
09/15/2006,MFR,OR,ANM,WE,Federal Contract Tower,6,71,13,0,90,0,14,27,0,41,6,85,40,0,131,26,0,26,157
09/16/2006,MFR,OR,ANM,WE,Federal Contract Tower,7,51,14,0,72,0,0,64,0,64,7,51,78,0,136,28,0,28,164
09/17/2006,MFR,OR,ANM,WE,Federal Contract Tower,7,44,14,0,65,0,1,77,0,78,7,45,91,0,143,38,0,38,181
09/18/2006,MFR,OR,ANM,WE,Federal Contract Tower,7,58,9,0,74,0,5,52,0,57,7,63,61,0,131,36,0,36,167
09/19/2006,MFR,OR,ANM,WE,Federal Contract Tower,8,63,24,0,95,0,3,50,0,53,8,66,74,0,148,60,0,60,208
09/20/2006,MFR,OR,ANM,WE,Federal Contract Tower,6,65,16,2,89,0,9,55,0,64,6,74,71,2,153,52,2,54,207
09/21/2006,MFR,OR,ANM,WE,Federal Contract Tower,7,65,31,0,103,0,2,50,0,52,7,67,81,0,155,28,0,28,183
09/22/2006,MFR,OR,ANM,WE,Federal Contract Tower,8,65,24,0,97,0,6,65,0,71,8,71,89,0,168,26,0,26,194
09/23/2006,MFR,OR,ANM,WE,Federal Contract Tower,7,44,7,0,58,0,4,75,0,79,7,48,82,0,137,24,0,24,161
09/24/2006,MFR,OR,ANM,WE,Federal Contract Tower,8,43,14,0,65,0,0,78,0,78,8,43,92,0,143,42,0,42,185
09/25/2006,MFR,OR,ANM,WE,Federal Contract Tower,7,59,11,0,77,0,6,62,2,70,7,65,73,2,147,42,0,42,189
09/26/2006,MFR,OR,ANM,WE,Federal Contract Tower,6,61,15,0,82,0,4,55,0,59,6,65,70,0,141,32,0,32,173
09/27/2006,MFR,OR,ANM,WE,Federal Contract Tower,4,62,21,0,87,0,10,63,0,73,4,72,84,0,160,40,0,40,200
09/28/2006,MFR,OR,ANM,WE,Federal Contract Tower,7,56,14,0,77,0,12,87,0,99,7,68,101,0,176,40,0,40,216
09/29/2006,MFR,OR,ANM,WE,Federal Contract Tower,8,66,31,0,105,0,4,77,0,81,8,70,108,0,186,32,0,32,218
09/30/2006,MFR,OR,ANM,WE,Federal Contract Tower,7,42,15,0,64,0,8,78,0,86,7,50,93,0,150,18,0,18,168
10/01/2006,MFR,OR,ANM,WE,Federal Contract Tower,5,44,19,0,68,0,2,95,0,97,5,46,114,0,165,60,0,60,225
10/02/2006,MFR,OR,ANM,WE,Federal Contract Tower,10,57,15,2,84,0,5,61,1,67,10,62,76,3,151,34,8,42,193
10/03/2006,MFR,OR,ANM,WE,Federal Contract Tower,7,61,13,2,83,0,4,33,0,37,7,65,46,2,120,46,4,50,170
10/04/2006,MFR,OR,ANM,WE,Federal Contract Tower,6,65,13,1,85,0,3,40,0,43,6,68,53,1,128,44,2,46,174
10/05/2006,MFR,OR,ANM,WE,Federal Contract Tower,8,66,23,0,97,0,2,29,0,31,8,68,52,0,128,26,0,26,154
10/06/2006,MFR,OR,ANM,WE,Federal Contract Tower,9,63,14,0,86,0,2,50,0,52,9,65,64,0,138,44,0,44,182
10/07/2006,MFR,OR,ANM,WE,Federal Contract Tower,7,48,9,0,64,0,5,72,0,77,7,53,81,0,141,10,0,10,151
10/08/2006,MFR,OR,ANM,WE,Federal Contract Tower,6,43,8,2,59,0,1,65,0,66,6,44,73,2,125,48,0,48,173
10/09/2006,MFR,OR,ANM,WE,Federal Contract Tower,8,64,14,0,86,0,10,39,0,49,8,74,53,0,135,36,0,36,171
10/10/2006,MFR,OR,ANM,WE,Federal Contract Tower,7,54,17,0,78,0,6,81,0,87,7,60,98,0,165,62,0,62,227
10/11/2006,MFR,OR,ANM,WE,Federal Contract Tower,7,64,16,0,87,0,9,56,0,65,7,73,72,0,152,58,0,58,210
10/12/2006,MFR,OR,ANM,WE,Federal Contract Tower,9,61,89,0,159,0,4,0,0,4,9,65,89,0,163,58,0,58,221
10/13/2006,MFR,OR,ANM,WE,Federal Contract Tower,7,62,12,0,81,0,3,98,0,101,7,65,110,0,182,60,0,60,242
10/14/2006,MFR,OR,ANM,WE,Federal Contract Tower,7,36,13,0,56,0,3,89,0,92,7,39,102,0,148,42,0,42,190
10/15/2006,MFR,OR,ANM,WE,Federal Contract Tower,7,39,19,0,65,0,0,15,0,15,7,39,34,0,80,12,0,12,92
10/16/2006,MFR,OR,ANM,WE,Federal Contract Tower,7,55,12,0,74,0,1,15,0,16,7,56,27,0,90,2,0,2,92
10/17/2006,MFR,OR,ANM,WE,Federal Contract Tower,5,65,18,0,88,0,1,38,0,39,5,66,56,0,127,58,0,58,185
10/18/2006,MFR,OR,ANM,WE,Federal Contract Tower,8,68,20,0,96,0,8,35,0,43,8,76,55,0,139,40,0,40,179
10/19/2006,MFR,OR,ANM,WE,Federal Contract Tower,7,58,36,4,105,0,2,65,0,67,7,60,101,4,172,70,0,70,242
10/20/2006,MFR,OR,ANM,WE,Federal Contract Tower,7,61,25,0,93,0,6,79,0,85,7,67,104,0,178,72,4,76,254
10/21/2006,MFR,OR,ANM,WE,Federal Contract Tower,7,45,9,0,61,0,3,62,0,65,7,48,71,0,126,58,0,58,184
10/22/2006,MFR,OR,ANM,WE,Federal Contract Tower,7,40,13,0,60,0,1,75,0,76,7,41,88,0,136,20,0,20,156
10/23/2006,MFR,OR,ANM,WE,Federal Contract Tower,7,58,20,0,85,0,6,59,0,65,7,64,79,0,150,80,0,80,230
10/24/2006,MFR,OR,ANM,WE,Federal Contract Tower,7,80,20,0,107,0,2,33,0,35,7,82,53,0,142,60,0,60,202
10/25/2006,MFR,OR,ANM,WE,Federal Contract Tower,7,61,20,0,88,0,6,45,0,51,7,67,65,0,139,30,0,30,169
10/26/2006,MFR,OR,ANM,WE,Federal Contract Tower,7,65,20,0,92,0,6,83,0,89,7,71,103,0,181,40,0,40,221
10/27/2006,MFR,OR,ANM,WE,Federal Contract Tower,7,63,7,0,77,0,0,65,0,65,7,63,72,0,142,22,0,22,164
10/28/2006,MFR,OR,ANM,WE,Federal Contract Tower,7,46,8,0,61,0,2,67,0,69,7,48,75,0,130,56,0,56,186
10/29/2006,MFR,OR,ANM,WE,Federal Contract Tower,7,41,8,0,56,0,4,47,0,51,7,45,55,0,107,24,0,24,131
10/30/2006,MFR,OR,ANM,WE,Federal Contract Tower,7,60,19,0,86,0,5,52,0,57,7,65,71,0,143,28,0,28,171
10/31/2006,MFR,OR,ANM,WE,Federal Contract Tower,5,59,11,0,75,0,5,59,0,64,5,64,70,0,139,0,0,0,139
11/01/2006,MFR,OR,ANM,WE,Federal Contract Tower,9,64,24,0,97,0,5,28,0,33,9,69,52,0,130,28,0,28,158
11/02/2006,MFR,OR,ANM,WE,Federal Contract Tower,7,59,17,0,83,0,2,9,0,11,7,61,26,0,94,0,0,0,94
11/03/2006,MFR,OR,ANM,WE,Federal Contract Tower,7,63,22,0,92,0,0,5,0,5,7,63,27,0,97,12,0,12,109
11/04/2006,MFR,OR,ANM,WE,Federal Contract Tower,7,40,13,0,60,0,4,3,0,7,7,44,16,0,67,12,0,12,79
11/05/2006,MFR,OR,ANM,WE,Federal Contract Tower,7,39,16,0,62,0,2,11,0,13,7,41,27,0,75,24,0,24,99
11/06/2006,MFR,OR,ANM,WE,Federal Contract Tower,7,57,13,0,77,0,3,24,0,27,7,60,37,0,104,24,0,24,128
11/07/2006,MFR,OR,ANM,WE,Federal Contract Tower,6,60,12,0,78,0,0,7,0,7,6,60,19,0,85,16,0,16,101
11/08/2006,MFR,OR,ANM,WE,Federal Contract Tower,7,68,23,0,98,0,1,14,0,15,7,69,37,0,113,12,0,12,125
11/09/2006,MFR,OR,ANM,WE,Federal Contract Tower,7,62,21,0,90,0,2,23,0,25,7,64,44,0,115,4,0,4,119
11/10/2006,MFR,OR,ANM,WE,Federal Contract Tower,7,61,12,0,80,0,2,11,0,13,7,63,23,0,93,10,0,10,103
11/11/2006,MFR,OR,ANM,WE,Federal Contract Tower,4,41,12,0,57,0,0,26,0,26,4,41,38,0,83,24,0,24,107
11/12/2006,MFR,OR,ANM,WE,Federal Contract Tower,7,40,17,0,64,0,0,2,0,2,7,40,19,0,66,4,0,4,70
11/13/2006,MFR,OR,ANM,WE,Federal Contract Tower,7,56,16,2,81,0,0,1,0,1,7,56,17,2,82,0,0,0,82
11/14/2006,MFR,OR,ANM,WE,Federal Contract Tower,7,59,10,2,78,0,2,50,0,52,7,61,60,2,130,38,0,38,168
11/15/2006,MFR,OR,ANM,WE,Federal Contract Tower,7,61,14,1,83,0,0,10,1,11,7,61,24,2,94,24,0,24,118
11/16/2006,MFR,OR,ANM,WE,Federal Contract Tower,7,66,23,2,98,0,0,19,0,19,7,66,42,2,117,32,2,34,151
11/17/2006,MFR,OR,ANM,WE,Federal Contract Tower,7,64,21,0,92,0,1,15,0,16,7,65,36,0,108,56,0,56,164
11/18/2006,MFR,OR,ANM,WE,Federal Contract Tower,7,38,17,0,62,0,1,29,0,30,7,39,46,0,92,34,0,34,126
11/19/2006,MFR,OR,ANM,WE,Federal Contract Tower,7,39,8,2,56,0,0,24,0,24,7,39,32,2,80,18,0,18,98
11/20/2006,MFR,OR,ANM,WE,Federal Contract Tower,10,63,15,0,88,0,0,16,0,16,10,63,31,0,104,52,0,52,156
11/21/2006,MFR,OR,ANM,WE,Federal Contract Tower,7,58,20,1,86,0,0,0,1,1,7,58,20,2,87,14,0,14,101
11/22/2006,MFR,OR,ANM,WE,Federal Contract Tower,6,67,16,0,89,0,2,8,0,10,6,69,24,0,99,26,0,26,125
11/23/2006,MFR,OR,ANM,WE,Federal Contract Tower,9,28,7,0,44,0,0,16,0,16,9,28,23,0,60,12,0,12,72
11/24/2006,MFR,OR,ANM,WE,Federal Contract Tower,4,51,9,0,64,0,1,17,0,18,4,52,26,0,82,14,0,14,96
11/25/2006,MFR,OR,ANM,WE,Federal Contract Tower,9,43,5,0,57,0,0,16,0,16,9,43,21,0,73,0,0,0,73
11/26/2006,MFR,OR,ANM,WE,Federal Contract Tower,8,44,9,0,61,0,0,4,0,4,8,44,13,0,65,2,0,2,67
11/27/2006,MFR,OR,ANM,WE,Federal Contract Tower,7,60,24,0,91,0,0,7,0,7,7,60,31,0,98,20,0,20,118
11/28/2006,MFR,OR,ANM,WE,Federal Contract Tower,7,64,10,0,81,0,2,5,0,7,7,66,15,0,88,26,0,26,114
11/29/2006,MFR,OR,ANM,WE,Federal Contract Tower,7,58,9,0,74,0,5,38,0,43,7,63,47,0,117,40,0,40,157
11/30/2006,MFR,OR,ANM,WE,Federal Contract Tower,6,63,9,0,78,0,1,16,0,17,6,64,25,0,95,44,0,44,139
12/01/2006,MFR,OR,ANM,WE,Federal Contract Tower,7,64,21,2,94,0,4,20,2,26,7,68,41,4,120,6,0,6,126
12/02/2006,MFR,OR,ANM,WE,Federal Contract Tower,8,32,10,0,50,0,1,72,0,73,8,33,82,0,123,64,0,64,187
12/03/2006,MFR,OR,ANM,WE,Federal Contract Tower,7,34,7,0,48,0,3,70,0,73,7,37,77,0,121,68,0,68,189
12/04/2006,MFR,OR,ANM,WE,Federal Contract Tower,6,52,8,0,66,0,2,43,0,45,6,54,51,0,111,38,0,38,149
12/05/2006,MFR,OR,ANM,WE,Federal Contract Tower,7,63,10,0,80,0,0,68,4,72,7,63,78,4,152,36,0,36,188
12/06/2006,MFR,OR,ANM,WE,Federal Contract Tower,7,61,19,0,87,0,3,36,2,41,7,64,55,2,128,40,0,40,168
12/07/2006,MFR,OR,ANM,WE,Federal Contract Tower,7,57,22,0,86,0,3,28,0,31,7,60,50,0,117,42,0,42,159
12/08/2006,MFR,OR,ANM,WE,Federal Contract Tower,7,64,21,1,93,0,3,16,1,20,7,67,37,2,113,28,0,28,141
12/09/2006,MFR,OR,ANM,WE,Federal Contract Tower,7,39,18,2,66,0,0,49,0,49,7,39,67,2,115,54,0,54,169
12/10/2006,MFR,OR,ANM,WE,Federal Contract Tower,8,35,13,0,56,0,0,8,0,8,8,35,21,0,64,12,0,12,76
12/11/2006,MFR,OR,ANM,WE,Federal Contract Tower,7,59,15,0,81,0,0,7,1,8,7,59,22,1,89,0,0,0,89
12/12/2006,MFR,OR,ANM,WE,Federal Contract Tower,6,52,14,2,74,0,0,7,0,7,6,52,21,2,81,14,0,14,95
12/13/2006,MFR,OR,ANM,WE,Federal Contract Tower,7,59,18,0,84,0,1,7,1,9,7,60,25,1,93,14,0,14,107
12/14/2006,MFR,OR,ANM,WE,Federal Contract Tower,7,55,17,2,81,0,0,11,0,11,7,55,28,2,92,6,0,6,98
12/15/2006,MFR,OR,ANM,WE,Federal Contract Tower,7,63,18,0,88,0,0,15,0,15,7,63,33,0,103,24,0,24,127
12/16/2006,MFR,OR,ANM,WE,Federal Contract Tower,9,44,5,0,58,0,5,34,2,41,9,49,39,2,99,26,0,26,125
12/17/2006,MFR,OR,ANM,WE,Federal Contract Tower,8,37,14,0,59,0,2,11,0,13,8,39,25,0,72,18,0,18,90
12/18/2006,MFR,OR,ANM,WE,Federal Contract Tower,14,58,20,0,92,0,0,8,0,8,14,58,28,0,100,12,0,12,112
12/19/2006,MFR,OR,ANM,WE,Federal Contract Tower,9,67,28,0,104,0,0,4,0,4,9,67,32,0,108,30,0,30,138
12/20/2006,MFR,OR,ANM,WE,Federal Contract Tower,14,65,22,0,101,0,1,9,0,10,14,66,31,0,111,28,0,28,139
12/21/2006,MFR,OR,ANM,WE,Federal Contract Tower,10,74,10,0,94,0,0,5,0,5,10,74,15,0,99,4,0,4,103
12/22/2006,MFR,OR,ANM,WE,Federal Contract Tower,11,66,19,0,96,0,1,27,0,28,11,67,46,0,124,24,0,24,148
12/23/2006,MFR,OR,ANM,WE,Federal Contract Tower,7,54,9,0,70,0,4,10,0,14,7,58,19,0,84,16,0,16,100
12/24/2006,MFR,OR,ANM,WE,Federal Contract Tower,4,31,5,0,40,0,0,14,0,14,4,31,19,0,54,4,0,4,58
12/25/2006,MFR,OR,ANM,WE,Federal Contract Tower,5,30,2,0,37,0,0,1,0,1,5,30,3,0,38,0,0,0,38
12/26/2006,MFR,OR,ANM,WE,Federal Contract Tower,7,61,11,0,79,0,0,1,0,1,7,61,12,0,80,0,0,0,80
12/27/2006,MFR,OR,ANM,WE,Federal Contract Tower,7,61,9,0,77,0,2,6,0,8,7,63,15,0,85,6,0,6,91
12/28/2006,MFR,OR,ANM,WE,Federal Contract Tower,7,69,14,0,90,0,2,51,0,53,7,71,65,0,143,30,0,30,173
12/29/2006,MFR,OR,ANM,WE,Federal Contract Tower,6,71,5,0,82,0,0,50,0,50,6,71,55,0,132,68,0,68,200
12/30/2006,MFR,OR,ANM,WE,Federal Contract Tower,8,41,1,0,50,0,1,56,0,57,8,42,57,0,107,58,0,58,165
12/31/2006,MFR,OR,ANM,WE,Federal Contract Tower,5,35,6,0,46,0,0,48,0,48,5,35,54,0,94,40,0,40,134
01/01/2007,MFR,OR,ANM,WE,Federal Contract Tower,4,36,6,0,46,0,2,37,0,39,4,38,43,0,85,48,0,48,133
01/02/2007,MFR,OR,ANM,WE,Federal Contract Tower,7,54,15,0,76,0,3,37,0,40,7,57,52,0,116,16,0,16,132
01/03/2007,MFR,OR,ANM,WE,Federal Contract Tower,7,65,3,0,75,0,1,0,0,1,7,66,3,0,76,0,0,0,76
01/04/2007,MFR,OR,ANM,WE,Federal Contract Tower,7,61,7,0,75,0,0,9,0,9,7,61,16,0,84,0,0,0,84
01/05/2007,MFR,OR,ANM,WE,Federal Contract Tower,7,60,18,0,85,0,2,22,0,24,7,62,40,0,109,38,0,38,147
01/06/2007,MFR,OR,ANM,WE,Federal Contract Tower,7,46,12,0,65,0,1,2,0,3,7,47,14,0,68,0,0,0,68
01/07/2007,MFR,OR,ANM,WE,Federal Contract Tower,7,41,8,0,56,0,1,0,0,1,7,42,8,0,57,0,0,0,57
01/08/2007,MFR,OR,ANM,WE,Federal Contract Tower,5,59,15,0,79,0,0,0,0,0,5,59,15,0,79,0,0,0,79
01/09/2007,MFR,OR,ANM,WE,Federal Contract Tower,5,64,7,0,76,0,0,0,0,0,5,64,7,0,76,4,0,4,80
01/10/2007,MFR,OR,ANM,WE,Federal Contract Tower,5,64,11,4,84,0,0,10,0,10,5,64,21,4,94,0,4,4,98
01/11/2007,MFR,OR,ANM,WE,Federal Contract Tower,6,69,9,0,84,0,2,18,0,20,6,71,27,0,104,14,0,14,118
01/12/2007,MFR,OR,ANM,WE,Federal Contract Tower,6,62,9,0,77,0,4,62,0,66,6,66,71,0,143,58,0,58,201
01/13/2007,MFR,OR,ANM,WE,Federal Contract Tower,6,42,1,0,49,0,7,50,0,57,6,49,51,0,106,52,0,52,158
01/14/2007,MFR,OR,ANM,WE,Federal Contract Tower,6,38,6,0,50,0,2,64,0,66,6,40,70,0,116,40,0,40,156
01/15/2007,MFR,OR,ANM,WE,Federal Contract Tower,5,54,7,0,66,0,2,32,0,34,5,56,39,0,100,24,0,24,124
01/16/2007,MFR,OR,ANM,WE,Federal Contract Tower,5,42,9,0,56,0,2,5,0,7,5,44,14,0,63,4,0,4,67
01/17/2007,MFR,OR,ANM,WE,Federal Contract Tower,6,71,12,0,89,0,1,2,0,3,6,72,14,0,92,2,0,2,94
01/18/2007,MFR,OR,ANM,WE,Federal Contract Tower,6,68,13,0,87,0,0,24,0,24,6,68,37,0,111,32,0,32,143
01/19/2007,MFR,OR,ANM,WE,Federal Contract Tower,5,64,17,0,86,0,3,34,0,37,5,67,51,0,123,22,0,22,145
01/20/2007,MFR,OR,ANM,WE,Federal Contract Tower,3,39,9,0,51,0,3,27,0,30,3,42,36,0,81,30,0,30,111
01/21/2007,MFR,OR,ANM,WE,Federal Contract Tower,5,44,7,0,56,0,1,47,0,48,5,45,54,0,104,36,0,36,140
01/22/2007,MFR,OR,ANM,WE,Federal Contract Tower,6,60,12,0,78,0,4,80,0,84,6,64,92,0,162,22,0,22,184
01/23/2007,MFR,OR,ANM,WE,Federal Contract Tower,5,57,12,0,74,0,5,57,0,62,5,62,69,0,136,44,0,44,180
01/24/2007,MFR,OR,ANM,WE,Federal Contract Tower,5,65,12,0,82,0,5,38,0,43,5,70,50,0,125,36,0,36,161
01/25/2007,MFR,OR,ANM,WE,Federal Contract Tower,5,69,16,2,92,0,4,43,0,47,5,73,59,2,139,32,2,34,173
01/26/2007,MFR,OR,ANM,WE,Federal Contract Tower,6,62,17,0,85,0,1,36,2,39,6,63,53,2,124,38,0,38,162
01/27/2007,MFR,OR,ANM,WE,Federal Contract Tower,4,49,13,0,66,0,3,88,0,91,4,52,101,0,157,30,0,30,187
01/28/2007,MFR,OR,ANM,WE,Federal Contract Tower,5,42,8,1,56,0,2,67,3,72,5,44,75,4,128,28,6,34,162
01/29/2007,MFR,OR,ANM,WE,Federal Contract Tower,5,58,6,0,69,0,2,53,0,55,5,60,59,0,124,36,0,36,160
01/30/2007,MFR,OR,ANM,WE,Federal Contract Tower,5,66,5,2,78,0,6,72,0,78,5,72,77,2,156,56,2,58,214
01/31/2007,MFR,OR,ANM,WE,Federal Contract Tower,5,72,18,0,95,0,2,63,0,65,5,74,81,0,160,60,0,60,220
02/01/2007,MFR,OR,ANM,WE,Federal Contract Tower,5,66,27,1,99,0,5,61,1,67,5,71,88,2,166,26,0,26,192
02/02/2007,MFR,OR,ANM,WE,Federal Contract Tower,6,65,20,0,91,0,3,69,0,72,6,68,89,0,163,40,0,40,203
02/03/2007,MFR,OR,ANM,WE,Federal Contract Tower,7,38,7,0,52,0,6,64,0,70,7,44,71,0,122,28,0,28,150
02/04/2007,MFR,OR,ANM,WE,Federal Contract Tower,5,40,5,0,50,0,0,46,0,46,5,40,51,0,96,28,0,28,124
02/05/2007,MFR,OR,ANM,WE,Federal Contract Tower,7,57,18,0,82,0,1,19,0,20,7,58,37,0,102,16,0,16,118
02/06/2007,MFR,OR,ANM,WE,Federal Contract Tower,6,60,19,0,85,0,4,29,0,33,6,64,48,0,118,64,0,64,182
02/07/2007,MFR,OR,ANM,WE,Federal Contract Tower,5,65,17,0,87,0,1,11,0,12,5,66,28,0,99,34,0,34,133
02/08/2007,MFR,OR,ANM,WE,Federal Contract Tower,5,72,19,0,96,0,0,4,0,4,5,72,23,0,100,14,0,14,114
02/09/2007,MFR,OR,ANM,WE,Federal Contract Tower,6,69,10,0,85,0,1,21,0,22,6,70,31,0,107,14,0,14,121
02/10/2007,MFR,OR,ANM,WE,Federal Contract Tower,5,41,6,0,52,0,2,6,0,8,5,43,12,0,60,18,0,18,78
02/11/2007,MFR,OR,ANM,WE,Federal Contract Tower,5,40,6,0,51,0,2,4,0,6,5,42,10,0,57,12,0,12,69
02/12/2007,MFR,OR,ANM,WE,Federal Contract Tower,5,54,14,0,73,0,0,16,0,16,5,54,30,0,89,8,0,8,97
02/13/2007,MFR,OR,ANM,WE,Federal Contract Tower,5,66,20,4,95,0,2,17,0,19,5,68,37,4,114,40,0,40,154
02/14/2007,MFR,OR,ANM,WE,Federal Contract Tower,5,63,16,0,84,0,0,0,0,0,5,63,16,0,84,4,0,4,88
02/15/2007,MFR,OR,ANM,WE,Federal Contract Tower,6,62,12,0,80,0,2,7,0,9,6,64,19,0,89,8,0,8,97
02/16/2007,MFR,OR,ANM,WE,Federal Contract Tower,5,67,15,2,89,0,2,30,0,32,5,69,45,2,121,10,0,10,131
02/17/2007,MFR,OR,ANM,WE,Federal Contract Tower,4,42,7,0,53,0,3,75,0,78,4,45,82,0,131,70,0,70,201
02/18/2007,MFR,OR,ANM,WE,Federal Contract Tower,5,41,13,0,59,0,4,41,0,45,5,45,54,0,104,68,0,68,172
02/19/2007,MFR,OR,ANM,WE,Federal Contract Tower,6,64,16,0,86,0,2,28,0,30,6,66,44,0,116,38,0,38,154
02/20/2007,MFR,OR,ANM,WE,Federal Contract Tower,2,72,11,0,85,0,1,8,1,10,2,73,19,1,95,0,2,2,97
02/21/2007,MFR,OR,ANM,WE,Federal Contract Tower,5,70,20,0,95,0,0,0,0,0,5,70,20,0,95,2,0,2,97
02/22/2007,MFR,OR,ANM,WE,Federal Contract Tower,5,61,9,0,75,0,0,4,0,4,5,61,13,0,79,0,0,0,79
02/23/2007,MFR,OR,ANM,WE,Federal Contract Tower,5,69,18,2,94,0,1,15,0,16,5,70,33,2,110,22,2,24,134
02/24/2007,MFR,OR,ANM,WE,Federal Contract Tower,6,41,4,2,53,0,0,8,0,8,6,41,12,2,61,32,0,32,93
02/25/2007,MFR,OR,ANM,WE,Federal Contract Tower,5,45,6,0,56,0,0,0,0,0,5,45,6,0,56,12,0,12,68
02/26/2007,MFR,OR,ANM,WE,Federal Contract Tower,6,59,14,0,79,0,0,3,0,3,6,59,17,0,82,0,0,0,82
02/27/2007,MFR,OR,ANM,WE,Federal Contract Tower,6,62,16,0,84,0,0,0,0,0,6,62,16,0,84,14,0,14,98
02/28/2007,MFR,OR,ANM,WE,Federal Contract Tower,3,62,25,0,90,0,0,9,0,9,3,62,34,0,99,8,0,8,107
03/01/2007,MFR,OR,ANM,WE,Federal Contract Tower,5,70,16,0,91,0,2,0,0,2,5,72,16,0,93,0,0,0,93
03/02/2007,MFR,OR,ANM,WE,Federal Contract Tower,5,76,16,0,97,0,4,4,0,8,5,80,20,0,105,14,0,14,119
03/03/2007,MFR,OR,ANM,WE,Federal Contract Tower,7,46,18,0,71,0,2,54,1,57,7,48,72,1,128,20,0,20,148
03/04/2007,MFR,OR,ANM,WE,Federal Contract Tower,5,46,8,0,59,0,0,63,0,63,5,46,71,0,122,22,0,22,144
03/05/2007,MFR,OR,ANM,WE,Federal Contract Tower,4,57,20,0,81,0,5,27,2,34,4,62,47,2,115,54,0,54,169
03/06/2007,MFR,OR,ANM,WE,Federal Contract Tower,5,60,13,0,78,0,3,66,0,69,5,63,79,0,147,54,0,54,201
03/07/2007,MFR,OR,ANM,WE,Federal Contract Tower,5,70,16,0,91,0,1,7,0,8,5,71,23,0,99,24,0,24,123
03/08/2007,MFR,OR,ANM,WE,Federal Contract Tower,5,66,12,0,83,0,2,34,0,36,5,68,46,0,119,12,0,12,131
03/09/2007,MFR,OR,ANM,WE,Federal Contract Tower,6,67,10,2,85,0,2,15,0,17,6,69,25,2,102,26,0,26,128
03/10/2007,MFR,OR,ANM,WE,Federal Contract Tower,6,45,11,0,62,0,1,26,0,27,6,46,37,0,89,26,0,26,115
03/11/2007,MFR,OR,ANM,WE,Federal Contract Tower,7,43,7,0,57,0,2,66,0,68,7,45,73,0,125,58,0,58,183
03/12/2007,MFR,OR,ANM,WE,Federal Contract Tower,5,57,13,0,75,0,5,36,0,41,5,62,49,0,116,38,0,38,154
03/13/2007,MFR,OR,ANM,WE,Federal Contract Tower,6,62,13,0,81,0,1,48,0,49,6,63,61,0,130,22,0,22,152
03/14/2007,MFR,OR,ANM,WE,Federal Contract Tower,5,69,9,0,83,0,5,47,0,52,5,74,56,0,135,18,0,18,153
03/15/2007,MFR,OR,ANM,WE,Federal Contract Tower,4,63,22,0,89,0,1,75,0,76,4,64,97,0,165,44,0,44,209
03/16/2007,MFR,OR,ANM,WE,Federal Contract Tower,5,64,25,0,94,0,9,56,2,67,5,73,81,2,161,62,0,62,223
03/17/2007,MFR,OR,ANM,WE,Federal Contract Tower,5,42,8,0,55,0,2,68,2,72,5,44,76,2,127,20,0,20,147
03/18/2007,MFR,OR,ANM,WE,Federal Contract Tower,6,45,8,0,59,0,2,53,0,55,6,47,61,0,114,40,0,40,154
03/19/2007,MFR,OR,ANM,WE,Federal Contract Tower,6,62,28,0,96,0,7,20,0,27,6,69,48,0,123,22,0,22,145
03/20/2007,MFR,OR,ANM,WE,Federal Contract Tower,3,65,13,0,81,0,2,25,0,27,3,67,38,0,108,36,0,36,144
03/21/2007,MFR,OR,ANM,WE,Federal Contract Tower,5,64,8,0,77,0,3,48,0,51,5,67,56,0,128,44,0,44,172
03/22/2007,MFR,OR,ANM,WE,Federal Contract Tower,5,62,21,0,88,0,4,70,0,74,5,66,91,0,162,66,0,66,228
03/23/2007,MFR,OR,ANM,WE,Federal Contract Tower,7,64,15,2,88,0,4,56,0,60,7,68,71,2,148,64,2,66,214
03/24/2007,MFR,OR,ANM,WE,Federal Contract Tower,5,41,4,0,50,0,2,59,0,61,5,43,63,0,111,50,0,50,161
03/25/2007,MFR,OR,ANM,WE,Federal Contract Tower,6,45,11,0,62,0,0,11,0,11,6,45,22,0,73,28,0,28,101
03/26/2007,MFR,OR,ANM,WE,Federal Contract Tower,4,61,21,0,86,0,0,0,0,0,4,61,21,0,86,4,0,4,90
03/27/2007,MFR,OR,ANM,WE,Federal Contract Tower,5,62,11,0,78,0,0,0,0,0,5,62,11,0,78,0,0,0,78
03/28/2007,MFR,OR,ANM,WE,Federal Contract Tower,4,66,14,0,84,0,2,56,0,58,4,68,70,0,142,34,0,34,176
03/29/2007,MFR,OR,ANM,WE,Federal Contract Tower,5,62,12,1,80,0,1,64,0,65,5,63,76,1,145,48,2,50,195
03/30/2007,MFR,OR,ANM,WE,Federal Contract Tower,8,65,11,0,84,0,4,44,0,48,8,69,55,0,132,26,0,26,158
03/31/2007,MFR,OR,ANM,WE,Federal Contract Tower,6,42,12,0,60,0,3,25,2,30,6,45,37,2,90,34,0,34,124
04/01/2007,MFR,OR,ANM,WE,Federal Contract Tower,6,46,19,0,71,0,3,15,0,18,6,49,34,0,89,0,0,0,89
04/02/2007,MFR,OR,ANM,WE,Federal Contract Tower,7,58,12,2,79,0,3,57,0,60,7,61,69,2,139,16,8,24,163
04/03/2007,MFR,OR,ANM,WE,Federal Contract Tower,5,59,20,0,84,0,2,37,0,39,5,61,57,0,123,18,0,18,141
04/04/2007,MFR,OR,ANM,WE,Federal Contract Tower,5,64,17,0,86,0,6,39,0,45,5,70,56,0,131,38,0,38,169
04/05/2007,MFR,OR,ANM,WE,Federal Contract Tower,7,69,11,0,87,0,5,67,0,72,7,74,78,0,159,52,0,52,211
04/06/2007,MFR,OR,ANM,WE,Federal Contract Tower,5,62,11,0,78,0,2,68,0,70,5,64,79,0,148,44,0,44,192
04/07/2007,MFR,OR,ANM,WE,Federal Contract Tower,7,44,8,0,59,0,2,24,0,26,7,46,32,0,85,18,0,18,103
04/08/2007,MFR,OR,ANM,WE,Federal Contract Tower,8,44,6,0,58,0,0,36,0,36,8,44,42,0,94,4,0,4,98
04/09/2007,MFR,OR,ANM,WE,Federal Contract Tower,5,60,11,0,76,0,1,12,1,14,5,61,23,1,90,4,0,4,94
04/10/2007,MFR,OR,ANM,WE,Federal Contract Tower,5,54,17,0,76,0,8,65,0,73,5,62,82,0,149,20,0,20,169
04/11/2007,MFR,OR,ANM,WE,Federal Contract Tower,5,67,24,0,96,0,0,6,0,6,5,67,30,0,102,4,0,4,106
04/12/2007,MFR,OR,ANM,WE,Federal Contract Tower,8,71,32,0,111,0,2,36,0,38,8,73,68,0,149,52,0,52,201
04/13/2007,MFR,OR,ANM,WE,Federal Contract Tower,5,64,13,0,82,0,2,38,0,40,5,66,51,0,122,26,0,26,148
04/14/2007,MFR,OR,ANM,WE,Federal Contract Tower,5,41,5,0,51,0,0,6,0,6,5,41,11,0,57,10,0,10,67
04/15/2007,MFR,OR,ANM,WE,Federal Contract Tower,7,43,1,0,51,0,0,51,0,51,7,43,52,0,102,28,0,28,130
04/16/2007,MFR,OR,ANM,WE,Federal Contract Tower,5,60,12,0,77,0,3,31,0,34,5,63,43,0,111,64,0,64,175
04/17/2007,MFR,OR,ANM,WE,Federal Contract Tower,6,62,8,0,76,0,0,9,0,9,6,62,17,0,85,12,0,12,97
04/18/2007,MFR,OR,ANM,WE,Federal Contract Tower,7,61,17,4,89,0,0,27,0,27,7,61,44,4,116,16,4,20,136
04/19/2007,MFR,OR,ANM,WE,Federal Contract Tower,7,69,19,0,95,0,0,7,0,7,7,69,26,0,102,72,0,72,174
04/20/2007,MFR,OR,ANM,WE,Federal Contract Tower,5,64,14,0,83,0,5,67,0,72,5,69,81,0,155,94,0,94,249
04/21/2007,MFR,OR,ANM,WE,Federal Contract Tower,5,44,6,0,55,0,2,6,0,8,5,46,12,0,63,38,0,38,101
04/22/2007,MFR,OR,ANM,WE,Federal Contract Tower,7,44,17,0,68,0,2,13,0,15,7,46,30,0,83,34,0,34,117
04/23/2007,MFR,OR,ANM,WE,Federal Contract Tower,5,57,17,0,79,0,4,54,0,58,5,61,71,0,137,30,0,30,167
04/24/2007,MFR,OR,ANM,WE,Federal Contract Tower,6,56,18,0,80,0,2,54,0,56,6,58,72,0,136,38,0,38,174
04/25/2007,MFR,OR,ANM,WE,Federal Contract Tower,6,65,24,2,97,0,3,38,0,41,6,68,62,2,138,26,0,26,164
04/26/2007,MFR,OR,ANM,WE,Federal Contract Tower,8,61,12,2,83,0,7,91,0,98,8,68,103,2,181,66,0,66,247
04/27/2007,MFR,OR,ANM,WE,Federal Contract Tower,6,58,22,2,88,0,5,91,2,98,6,63,113,4,186,26,0,26,212
04/28/2007,MFR,OR,ANM,WE,Federal Contract Tower,6,40,8,0,54,0,7,64,0,71,6,47,72,0,125,22,0,22,147
04/29/2007,MFR,OR,ANM,WE,Federal Contract Tower,7,39,8,0,54,0,0,52,0,52,7,39,60,0,106,48,0,48,154
04/30/2007,MFR,OR,ANM,WE,Federal Contract Tower,5,53,16,2,76,0,2,58,0,60,5,55,74,2,136,10,0,10,146
05/01/2007,MFR,OR,ANM,WE,Federal Contract Tower,5,63,21,0,89,0,0,8,0,8,5,63,29,0,97,28,0,28,125
05/02/2007,MFR,OR,ANM,WE,Federal Contract Tower,6,66,19,0,91,0,6,17,0,23,6,72,36,0,114,18,0,18,132
05/03/2007,MFR,OR,ANM,WE,Federal Contract Tower,8,72,17,0,97,0,0,16,0,16,8,72,33,0,113,6,0,6,119
05/04/2007,MFR,OR,ANM,WE,Federal Contract Tower,5,69,17,0,91,0,3,42,0,45,5,72,59,0,136,64,0,64,200
05/05/2007,MFR,OR,ANM,WE,Federal Contract Tower,5,40,5,0,50,0,3,73,0,76,5,43,78,0,126,50,0,50,176
05/06/2007,MFR,OR,ANM,WE,Federal Contract Tower,8,40,10,0,58,0,0,49,0,49,8,40,59,0,107,18,0,18,125
05/07/2007,MFR,OR,ANM,WE,Federal Contract Tower,6,51,20,0,77,0,8,53,0,61,6,59,73,0,138,62,0,62,200
05/08/2007,MFR,OR,ANM,WE,Federal Contract Tower,6,61,15,0,82,0,9,72,0,81,6,70,87,0,163,48,0,48,211
05/09/2007,MFR,OR,ANM,WE,Federal Contract Tower,6,70,15,0,91,0,2,52,0,54,6,72,67,0,145,34,0,34,179
05/10/2007,MFR,OR,ANM,WE,Federal Contract Tower,8,68,25,0,101,0,10,79,0,89,8,78,104,0,190,44,0,44,234
05/11/2007,MFR,OR,ANM,WE,Federal Contract Tower,8,61,18,0,87,0,9,85,0,94,8,70,103,0,181,64,0,64,245
05/12/2007,MFR,OR,ANM,WE,Federal Contract Tower,6,46,12,0,64,0,1,41,0,42,6,47,53,0,106,30,0,30,136
05/13/2007,MFR,OR,ANM,WE,Federal Contract Tower,7,43,14,0,64,0,0,52,0,52,7,43,66,0,116,34,0,34,150
05/14/2007,MFR,OR,ANM,WE,Federal Contract Tower,5,54,24,1,84,0,4,58,0,62,5,58,82,1,146,68,2,70,216
05/15/2007,MFR,OR,ANM,WE,Federal Contract Tower,6,53,18,0,77,0,8,73,0,81,6,61,91,0,158,44,0,44,202
05/16/2007,MFR,OR,ANM,WE,Federal Contract Tower,7,57,12,0,76,0,3,86,4,93,7,60,98,4,169,36,0,36,205
05/17/2007,MFR,OR,ANM,WE,Federal Contract Tower,9,64,12,0,85,0,2,55,0,57,9,66,67,0,142,30,0,30,172
05/18/2007,MFR,OR,ANM,WE,Federal Contract Tower,6,59,13,2,80,0,11,75,0,86,6,70,88,2,166,14,0,14,180
05/19/2007,MFR,OR,ANM,WE,Federal Contract Tower,6,37,7,0,50,0,1,79,0,80,6,38,86,0,130,36,0,36,166
05/20/2007,MFR,OR,ANM,WE,Federal Contract Tower,7,43,17,0,67,0,0,21,0,21,7,43,38,0,88,18,0,18,106
05/21/2007,MFR,OR,ANM,WE,Federal Contract Tower,5,57,16,0,78,0,1,64,0,65,5,58,80,0,143,56,0,56,199
05/22/2007,MFR,OR,ANM,WE,Federal Contract Tower,7,62,13,0,82,0,3,80,2,85,7,65,93,2,167,34,0,34,201
05/23/2007,MFR,OR,ANM,WE,Federal Contract Tower,8,61,18,1,88,0,5,61,1,67,8,66,79,2,155,52,0,52,207
05/24/2007,MFR,OR,ANM,WE,Federal Contract Tower,9,65,19,0,93,0,7,90,0,97,9,72,109,0,190,42,0,42,232
05/25/2007,MFR,OR,ANM,WE,Federal Contract Tower,7,60,16,2,85,0,5,80,0,85,7,65,96,2,170,22,12,34,204
05/26/2007,MFR,OR,ANM,WE,Federal Contract Tower,8,39,7,0,54,0,8,65,0,73,8,47,72,0,127,34,0,34,161
05/27/2007,MFR,OR,ANM,WE,Federal Contract Tower,5,31,10,0,46,0,5,50,0,55,5,36,60,0,101,24,0,24,125
05/28/2007,MFR,OR,ANM,WE,Federal Contract Tower,6,40,18,0,64,0,2,94,0,96,6,42,112,0,160,14,0,14,174
05/29/2007,MFR,OR,ANM,WE,Federal Contract Tower,4,56,15,0,75,0,7,69,1,77,4,63,84,1,152,54,2,56,208
05/30/2007,MFR,OR,ANM,WE,Federal Contract Tower,6,64,9,0,79,0,4,63,0,67,6,68,72,0,146,46,0,46,192
05/31/2007,MFR,OR,ANM,WE,Federal Contract Tower,7,60,14,0,81,0,4,65,0,69,7,64,79,0,150,40,0,40,190
06/01/2007,MFR,OR,ANM,WE,Federal Contract Tower,7,59,9,0,75,0,8,53,0,61,7,67,62,0,136,4,0,4,140
06/02/2007,MFR,OR,ANM,WE,Federal Contract Tower,6,40,3,4,53,0,0,70,2,72,6,40,73,6,125,32,0,32,157
06/03/2007,MFR,OR,ANM,WE,Federal Contract Tower,9,43,11,0,63,0,2,63,0,65,9,45,74,0,128,12,0,12,140
06/04/2007,MFR,OR,ANM,WE,Federal Contract Tower,8,51,17,2,78,0,3,36,0,39,8,54,53,2,117,12,0,12,129
06/05/2007,MFR,OR,ANM,WE,Federal Contract Tower,8,61,14,0,83,0,1,20,0,21,8,62,34,0,104,18,0,18,122
06/06/2007,MFR,OR,ANM,WE,Federal Contract Tower,7,63,12,0,82,0,2,36,0,38,7,65,48,0,120,44,0,44,164
06/07/2007,MFR,OR,ANM,WE,Federal Contract Tower,11,61,17,0,89,0,4,67,0,71,11,65,84,0,160,64,0,64,224
06/08/2007,MFR,OR,ANM,WE,Federal Contract Tower,8,60,13,0,81,0,7,91,0,98,8,67,104,0,179,40,0,40,219
06/09/2007,MFR,OR,ANM,WE,Federal Contract Tower,8,46,11,0,65,0,6,65,0,71,8,52,76,0,136,16,0,16,152
06/10/2007,MFR,OR,ANM,WE,Federal Contract Tower,9,45,26,0,80,0,0,44,0,44,9,45,70,0,124,12,0,12,136
06/11/2007,MFR,OR,ANM,WE,Federal Contract Tower,8,58,14,0,80,0,4,49,0,53,8,62,63,0,133,38,0,38,171
06/12/2007,MFR,OR,ANM,WE,Federal Contract Tower,8,64,13,0,85,0,2,66,0,68,8,66,79,0,153,36,0,36,189
06/13/2007,MFR,OR,ANM,WE,Federal Contract Tower,8,62,5,0,75,0,7,58,0,65,8,69,63,0,140,52,0,52,192
06/14/2007,MFR,OR,ANM,WE,Federal Contract Tower,10,67,14,0,91,0,5,83,0,88,10,72,97,0,179,48,0,48,227
06/15/2007,MFR,OR,ANM,WE,Federal Contract Tower,8,66,27,0,101,0,7,70,0,77,8,73,97,0,178,42,0,42,220
06/16/2007,MFR,OR,ANM,WE,Federal Contract Tower,8,52,17,0,77,0,2,53,1,56,8,54,70,1,133,50,0,50,183
06/17/2007,MFR,OR,ANM,WE,Federal Contract Tower,10,45,8,1,64,0,6,69,1,76,10,51,77,2,140,10,2,12,152
06/18/2007,MFR,OR,ANM,WE,Federal Contract Tower,9,57,17,0,83,0,5,58,0,63,9,62,75,0,146,34,0,34,180
06/19/2007,MFR,OR,ANM,WE,Federal Contract Tower,8,62,19,0,89,0,5,90,0,95,8,67,109,0,184,16,0,16,200
06/20/2007,MFR,OR,ANM,WE,Federal Contract Tower,9,64,23,0,96,0,9,73,0,82,9,73,96,0,178,26,0,26,204
06/21/2007,MFR,OR,ANM,WE,Federal Contract Tower,11,68,21,0,100,0,6,72,2,80,11,74,93,2,180,46,0,46,226
06/22/2007,MFR,OR,ANM,WE,Federal Contract Tower,7,63,18,0,88,0,3,68,0,71,7,66,86,0,159,46,0,46,205
06/23/2007,MFR,OR,ANM,WE,Federal Contract Tower,8,45,11,0,64,0,4,75,0,79,8,49,86,0,143,28,0,28,171
06/24/2007,MFR,OR,ANM,WE,Federal Contract Tower,9,44,17,0,70,0,12,72,0,84,9,56,89,0,154,24,0,24,178
06/25/2007,MFR,OR,ANM,WE,Federal Contract Tower,8,60,11,0,79,0,10,67,0,77,8,70,78,0,156,32,0,32,188
06/26/2007,MFR,OR,ANM,WE,Federal Contract Tower,9,58,16,0,83,0,5,69,0,74,9,63,85,0,157,20,0,20,177
06/27/2007,MFR,OR,ANM,WE,Federal Contract Tower,9,62,13,1,85,0,9,73,1,83,9,71,86,2,168,26,0,26,194
06/28/2007,MFR,OR,ANM,WE,Federal Contract Tower,10,69,16,2,97,0,7,55,0,62,10,76,71,2,159,34,0,34,193
06/29/2007,MFR,OR,ANM,WE,Federal Contract Tower,8,67,21,0,96,0,6,50,0,56,8,73,71,0,152,42,0,42,194
06/30/2007,MFR,OR,ANM,WE,Federal Contract Tower,8,50,13,0,71,0,3,100,0,103,8,53,113,0,174,40,0,40,214
07/01/2007,MFR,OR,ANM,WE,Federal Contract Tower,10,43,16,0,69,0,8,80,0,88,10,51,96,0,157,10,0,10,167
07/02/2007,MFR,OR,ANM,WE,Federal Contract Tower,8,55,20,0,83,0,21,81,0,102,8,76,101,0,185,8,0,8,193
07/03/2007,MFR,OR,ANM,WE,Federal Contract Tower,6,58,6,0,70,0,7,53,0,60,6,65,59,0,130,48,0,48,178
07/04/2007,MFR,OR,ANM,WE,Federal Contract Tower,6,32,0,0,38,0,0,51,0,51,6,32,51,0,89,12,0,12,101
07/05/2007,MFR,OR,ANM,WE,Federal Contract Tower,10,58,16,0,84,0,6,75,0,81,10,64,91,0,165,34,0,34,199
07/06/2007,MFR,OR,ANM,WE,Federal Contract Tower,8,59,13,0,80,0,5,69,0,74,8,64,82,0,154,48,0,48,202
07/07/2007,MFR,OR,ANM,WE,Federal Contract Tower,8,48,12,0,68,0,8,77,0,85,8,56,89,0,153,12,0,12,165
07/08/2007,MFR,OR,ANM,WE,Federal Contract Tower,10,45,16,0,71,0,3,86,0,89,10,48,102,0,160,10,0,10,170
07/09/2007,MFR,OR,ANM,WE,Federal Contract Tower,11,50,11,0,72,0,10,75,0,85,11,60,86,0,157,22,0,22,179
07/10/2007,MFR,OR,ANM,WE,Federal Contract Tower,9,65,15,0,89,0,2,80,0,82,9,67,95,0,171,64,2,66,237
07/11/2007,MFR,OR,ANM,WE,Federal Contract Tower,9,63,18,0,90,0,6,99,0,105,9,69,117,0,195,46,0,46,241
07/12/2007,MFR,OR,ANM,WE,Federal Contract Tower,10,70,22,0,102,0,4,69,0,73,10,74,91,0,175,26,0,26,201
07/13/2007,MFR,OR,ANM,WE,Federal Contract Tower,9,62,12,0,83,0,8,92,1,101,9,70,104,1,184,14,0,14,198
07/14/2007,MFR,OR,ANM,WE,Federal Contract Tower,8,47,10,0,65,0,4,109,0,113,8,51,119,0,178,28,0,28,206
07/15/2007,MFR,OR,ANM,WE,Federal Contract Tower,9,39,8,0,56,0,8,110,0,118,9,47,118,0,174,22,0,22,196
07/16/2007,MFR,OR,ANM,WE,Federal Contract Tower,8,52,18,0,78,0,4,61,0,65,8,56,79,0,143,30,0,30,173
07/17/2007,MFR,OR,ANM,WE,Federal Contract Tower,8,66,24,0,98,0,4,29,0,33,8,70,53,0,131,18,0,18,149
07/18/2007,MFR,OR,ANM,WE,Federal Contract Tower,8,68,18,0,94,0,3,14,0,17,8,71,32,0,111,16,0,16,127
07/19/2007,MFR,OR,ANM,WE,Federal Contract Tower,10,60,23,0,93,0,4,64,0,68,10,64,87,0,161,20,0,20,181
07/20/2007,MFR,OR,ANM,WE,Federal Contract Tower,8,68,23,0,99,0,11,57,0,68,8,79,80,0,167,78,0,78,245
07/21/2007,MFR,OR,ANM,WE,Federal Contract Tower,8,47,13,0,68,0,5,79,1,85,8,52,92,1,153,14,0,14,167
07/22/2007,MFR,OR,ANM,WE,Federal Contract Tower,11,40,12,0,63,0,26,73,0,99,11,66,85,0,162,34,0,34,196
07/23/2007,MFR,OR,ANM,WE,Federal Contract Tower,8,55,19,0,82,0,11,73,2,86,8,66,92,2,168,34,0,34,202
07/24/2007,MFR,OR,ANM,WE,Federal Contract Tower,8,54,9,0,71,0,11,78,0,89,8,65,87,0,160,16,0,16,176
07/25/2007,MFR,OR,ANM,WE,Federal Contract Tower,8,70,8,0,86,0,11,80,0,91,8,81,88,0,177,44,0,44,221
07/26/2007,MFR,OR,ANM,WE,Federal Contract Tower,10,63,22,0,95,0,10,69,2,81,10,73,91,2,176,30,0,30,206
07/27/2007,MFR,OR,ANM,WE,Federal Contract Tower,11,62,14,0,87,0,9,83,0,92,11,71,97,0,179,32,0,32,211
07/28/2007,MFR,OR,ANM,WE,Federal Contract Tower,6,44,10,0,60,0,4,101,0,105,6,48,111,0,165,44,0,44,209
07/29/2007,MFR,OR,ANM,WE,Federal Contract Tower,10,45,7,2,64,0,0,82,0,82,10,45,89,2,146,36,0,36,182
07/30/2007,MFR,OR,ANM,WE,Federal Contract Tower,8,57,21,0,86,0,15,91,2,108,8,72,112,2,194,54,0,54,248
07/31/2007,MFR,OR,ANM,WE,Federal Contract Tower,9,57,23,2,91,0,12,85,6,103,9,69,108,8,194,52,0,52,246
08/01/2007,MFR,OR,ANM,WE,Federal Contract Tower,8,63,16,0,87,0,8,87,4,99,8,71,103,4,186,26,0,26,212
08/02/2007,MFR,OR,ANM,WE,Federal Contract Tower,10,62,18,0,90,0,12,89,5,106,10,74,107,5,196,48,0,48,244
08/03/2007,MFR,OR,ANM,WE,Federal Contract Tower,7,57,17,1,82,0,8,66,0,74,7,65,83,1,156,44,0,44,200
08/04/2007,MFR,OR,ANM,WE,Federal Contract Tower,9,48,11,2,70,0,6,76,1,83,9,54,87,3,153,16,0,16,169
08/05/2007,MFR,OR,ANM,WE,Federal Contract Tower,10,44,12,0,66,0,3,82,0,85,10,47,94,0,151,8,0,8,159
08/06/2007,MFR,OR,ANM,WE,Federal Contract Tower,8,51,13,0,72,0,10,71,0,81,8,61,84,0,153,16,0,16,169
08/07/2007,MFR,OR,ANM,WE,Federal Contract Tower,8,66,27,1,102,0,5,67,2,74,8,71,94,3,176,42,0,42,218
08/08/2007,MFR,OR,ANM,WE,Federal Contract Tower,8,56,17,5,86,0,9,61,0,70,8,65,78,5,156,26,0,26,182
08/09/2007,MFR,OR,ANM,WE,Federal Contract Tower,11,62,18,0,91,0,6,69,0,75,11,68,87,0,166,48,0,48,214
08/10/2007,MFR,OR,ANM,WE,Federal Contract Tower,8,60,16,0,84,0,8,97,0,105,8,68,113,0,189,48,0,48,237
08/11/2007,MFR,OR,ANM,WE,Federal Contract Tower,6,41,7,0,54,0,6,106,0,112,6,47,113,0,166,26,0,26,192
08/12/2007,MFR,OR,ANM,WE,Federal Contract Tower,12,44,7,0,63,0,3,81,0,84,12,47,88,0,147,14,0,14,161
08/13/2007,MFR,OR,ANM,WE,Federal Contract Tower,8,51,23,0,82,0,11,72,0,83,8,62,95,0,165,20,0,20,185
08/14/2007,MFR,OR,ANM,WE,Federal Contract Tower,8,20,63,2,93,0,51,21,0,72,8,71,84,2,165,54,4,58,223
08/15/2007,MFR,OR,ANM,WE,Federal Contract Tower,8,51,11,0,70,0,8,82,0,90,8,59,93,0,160,20,0,20,180
08/16/2007,MFR,OR,ANM,WE,Federal Contract Tower,10,54,19,0,83,0,12,116,0,128,10,66,135,0,211,28,0,28,239
08/17/2007,MFR,OR,ANM,WE,Federal Contract Tower,8,55,13,0,76,0,9,91,0,100,8,64,104,0,176,32,0,32,208
08/18/2007,MFR,OR,ANM,WE,Federal Contract Tower,8,43,14,0,65,0,7,75,0,82,8,50,89,0,147,32,0,32,179
08/19/2007,MFR,OR,ANM,WE,Federal Contract Tower,10,40,28,0,78,0,3,28,0,31,10,43,56,0,109,10,0,10,119
08/20/2007,MFR,OR,ANM,WE,Federal Contract Tower,8,56,13,0,77,1,5,67,2,75,9,61,80,2,152,8,0,8,160
08/21/2007,MFR,OR,ANM,WE,Federal Contract Tower,8,58,16,0,82,0,7,41,6,54,8,65,57,6,136,60,0,60,196
08/22/2007,MFR,OR,ANM,WE,Federal Contract Tower,7,58,21,0,86,0,6,47,5,58,7,64,68,5,144,42,4,46,190
08/23/2007,MFR,OR,ANM,WE,Federal Contract Tower,10,62,8,0,80,0,7,94,5,106,10,69,102,5,186,32,0,32,218
08/24/2007,MFR,OR,ANM,WE,Federal Contract Tower,8,60,15,0,83,1,28,80,2,111,9,88,95,2,194,12,0,12,206
08/25/2007,MFR,OR,ANM,WE,Federal Contract Tower,8,42,17,0,67,1,11,62,0,74,9,53,79,0,141,14,0,14,155
08/26/2007,MFR,OR,ANM,WE,Federal Contract Tower,10,38,4,0,52,0,0,71,0,71,10,38,75,0,123,12,0,12,135
08/27/2007,MFR,OR,ANM,WE,Federal Contract Tower,8,58,13,0,79,0,7,93,0,100,8,65,106,0,179,64,0,64,243
08/28/2007,MFR,OR,ANM,WE,Federal Contract Tower,12,60,19,0,91,0,10,79,0,89,12,70,98,0,180,60,0,60,240
08/29/2007,MFR,OR,ANM,WE,Federal Contract Tower,6,61,13,2,82,0,6,99,0,105,6,67,112,2,187,26,0,26,213
08/30/2007,MFR,OR,ANM,WE,Federal Contract Tower,10,61,14,0,85,0,7,99,0,106,10,68,113,0,191,42,0,42,233
08/31/2007,MFR,OR,ANM,WE,Federal Contract Tower,8,54,15,0,77,0,18,82,0,100,8,72,97,0,177,28,0,28,205
09/01/2007,MFR,OR,ANM,WE,Federal Contract Tower,8,34,11,0,53,0,10,75,0,85,8,44,86,0,138,12,0,12,150
09/02/2007,MFR,OR,ANM,WE,Federal Contract Tower,7,32,9,0,48,0,5,81,0,86,7,37,90,0,134,40,0,40,174
09/03/2007,MFR,OR,ANM,WE,Federal Contract Tower,9,39,21,0,69,0,3,91,0,94,9,42,112,0,163,28,0,28,191
09/04/2007,MFR,OR,ANM,WE,Federal Contract Tower,6,54,17,4,81,0,2,31,0,33,6,56,48,4,114,16,0,16,130
09/05/2007,MFR,OR,ANM,WE,Federal Contract Tower,8,55,26,0,89,0,5,104,0,109,8,60,130,0,198,66,0,66,264
09/06/2007,MFR,OR,ANM,WE,Federal Contract Tower,10,59,18,0,87,0,4,88,2,94,10,63,106,2,181,16,0,16,197
09/07/2007,MFR,OR,ANM,WE,Federal Contract Tower,8,48,23,0,79,0,17,91,0,108,8,65,114,0,187,44,0,44,231
09/08/2007,MFR,OR,ANM,WE,Federal Contract Tower,8,41,15,1,65,0,4,84,0,88,8,45,99,1,153,24,2,26,179
09/09/2007,MFR,OR,ANM,WE,Federal Contract Tower,10,33,6,0,49,0,0,63,0,63,10,33,69,0,112,38,0,38,150
09/10/2007,MFR,OR,ANM,WE,Federal Contract Tower,11,54,16,0,81,0,19,87,0,106,11,73,103,0,187,50,0,50,237
09/11/2007,MFR,OR,ANM,WE,Federal Contract Tower,9,48,16,0,73,0,13,77,0,90,9,61,93,0,163,28,0,28,191
09/12/2007,MFR,OR,ANM,WE,Federal Contract Tower,5,45,16,1,67,0,11,65,1,77,5,56,81,2,144,38,0,38,182
09/13/2007,MFR,OR,ANM,WE,Federal Contract Tower,9,57,36,0,102,0,6,70,0,76,9,63,106,0,178,36,2,38,216
09/14/2007,MFR,OR,ANM,WE,Federal Contract Tower,7,56,12,2,77,0,7,62,0,69,7,63,74,2,146,26,0,26,172
09/15/2007,MFR,OR,ANM,WE,Federal Contract Tower,8,35,13,0,56,0,2,82,0,84,8,37,95,0,140,52,0,52,192
09/16/2007,MFR,OR,ANM,WE,Federal Contract Tower,12,27,24,0,63,0,5,60,0,65,12,32,84,0,128,32,0,32,160
09/17/2007,MFR,OR,ANM,WE,Federal Contract Tower,8,55,19,0,82,0,4,44,0,48,8,59,63,0,130,28,0,28,158
09/18/2007,MFR,OR,ANM,WE,Federal Contract Tower,8,52,22,0,82,0,7,61,0,68,8,59,83,0,150,68,0,68,218
09/19/2007,MFR,OR,ANM,WE,Federal Contract Tower,9,60,11,0,80,0,3,44,0,47,9,63,55,0,127,16,0,16,143
09/20/2007,MFR,OR,ANM,WE,Federal Contract Tower,10,56,17,5,88,0,7,83,1,91,10,63,100,6,179,36,0,36,215
09/21/2007,MFR,OR,ANM,WE,Federal Contract Tower,8,50,12,0,70,0,7,70,1,78,8,57,82,1,148,50,6,56,204
09/22/2007,MFR,OR,ANM,WE,Federal Contract Tower,8,34,15,0,57,0,5,146,3,154,8,39,161,3,211,40,4,44,255
09/23/2007,MFR,OR,ANM,WE,Federal Contract Tower,11,33,7,2,53,0,4,163,2,169,11,37,170,4,222,36,6,42,264
09/24/2007,MFR,OR,ANM,WE,Federal Contract Tower,9,51,14,2,76,0,4,59,0,63,9,55,73,2,139,8,0,8,147
09/25/2007,MFR,OR,ANM,WE,Federal Contract Tower,8,48,20,0,76,0,5,73,0,78,8,53,93,0,154,56,0,56,210
09/26/2007,MFR,OR,ANM,WE,Federal Contract Tower,8,51,14,0,73,0,11,67,0,78,8,62,81,0,151,22,0,22,173
09/27/2007,MFR,OR,ANM,WE,Federal Contract Tower,10,61,14,0,85,0,7,65,0,72,10,68,79,0,157,28,0,28,185
09/28/2007,MFR,OR,ANM,WE,Federal Contract Tower,8,61,31,0,100,0,0,16,0,16,8,61,47,0,116,14,0,14,130
09/29/2007,MFR,OR,ANM,WE,Federal Contract Tower,9,38,37,0,84,0,6,9,0,15,9,44,46,0,99,34,0,34,133
09/30/2007,MFR,OR,ANM,WE,Federal Contract Tower,10,33,15,0,58,0,0,14,0,14,10,33,29,0,72,8,0,8,80
10/01/2007,MFR,OR,ANM,WE,Federal Contract Tower,8,46,20,4,78,0,3,22,0,25,8,49,42,4,103,14,0,14,117
10/02/2007,MFR,OR,ANM,WE,Federal Contract Tower,8,51,9,1,69,0,4,47,0,51,8,55,56,1,120,8,4,12,132
10/03/2007,MFR,OR,ANM,WE,Federal Contract Tower,8,56,23,0,87,0,0,31,0,31,8,56,54,0,118,16,0,16,134
10/04/2007,MFR,OR,ANM,WE,Federal Contract Tower,10,55,22,3,90,0,1,19,1,21,10,56,41,4,111,14,8,22,133
10/05/2007,MFR,OR,ANM,WE,Federal Contract Tower,8,53,23,0,84,0,8,44,0,52,8,61,67,0,136,14,0,14,150
10/06/2007,MFR,OR,ANM,WE,Federal Contract Tower,10,34,14,0,58,0,6,41,0,47,10,40,55,0,105,2,0,2,107
10/07/2007,MFR,OR,ANM,WE,Federal Contract Tower,10,33,14,0,57,0,2,67,0,69,10,35,81,0,126,16,0,16,142
10/08/2007,MFR,OR,ANM,WE,Federal Contract Tower,8,48,12,0,68,0,0,58,0,58,8,48,70,0,126,36,0,36,162
10/09/2007,MFR,OR,ANM,WE,Federal Contract Tower,8,53,22,2,85,0,8,19,0,27,8,61,41,2,112,8,2,10,122
10/10/2007,MFR,OR,ANM,WE,Federal Contract Tower,8,64,15,0,87,0,4,29,0,33,8,68,44,0,120,38,0,38,158
10/11/2007,MFR,OR,ANM,WE,Federal Contract Tower,12,59,26,0,97,0,1,22,0,23,12,60,48,0,120,0,0,0,120
10/12/2007,MFR,OR,ANM,WE,Federal Contract Tower,8,57,19,0,84,0,2,26,0,28,8,59,45,0,112,26,0,26,138
10/13/2007,MFR,OR,ANM,WE,Federal Contract Tower,9,35,8,0,52,0,1,79,0,80,9,36,87,0,132,40,0,40,172
10/14/2007,MFR,OR,ANM,WE,Federal Contract Tower,12,36,22,0,70,0,0,59,0,59,12,36,81,0,129,22,0,22,151
10/15/2007,MFR,OR,ANM,WE,Federal Contract Tower,11,51,10,0,72,0,1,12,0,13,11,52,22,0,85,10,0,10,95
10/16/2007,MFR,OR,ANM,WE,Federal Contract Tower,9,53,26,0,88,0,1,19,0,20,9,54,45,0,108,20,0,20,128
10/17/2007,MFR,OR,ANM,WE,Federal Contract Tower,7,55,20,0,82,0,0,19,0,19,7,55,39,0,101,12,0,12,113
10/18/2007,MFR,OR,ANM,WE,Federal Contract Tower,11,55,26,2,94,0,3,6,0,9,11,58,32,2,103,0,0,0,103
10/19/2007,MFR,OR,ANM,WE,Federal Contract Tower,8,53,19,0,80,0,6,20,0,26,8,59,39,0,106,14,0,14,120
10/20/2007,MFR,OR,ANM,WE,Federal Contract Tower,9,31,8,0,48,0,2,6,0,8,9,33,14,0,56,34,0,34,90
10/21/2007,MFR,OR,ANM,WE,Federal Contract Tower,12,38,7,0,57,0,2,39,0,41,12,40,46,0,98,18,0,18,116
10/22/2007,MFR,OR,ANM,WE,Federal Contract Tower,8,53,32,0,93,0,8,74,0,82,8,61,106,0,175,56,0,56,231
10/23/2007,MFR,OR,ANM,WE,Federal Contract Tower,8,53,13,0,74,0,6,66,0,72,8,59,79,0,146,48,0,48,194
10/24/2007,MFR,OR,ANM,WE,Federal Contract Tower,10,63,18,0,91,0,5,66,0,71,10,68,84,0,162,46,0,46,208
10/25/2007,MFR,OR,ANM,WE,Federal Contract Tower,14,57,19,2,92,0,13,39,0,52,14,70,58,2,144,20,2,22,166
10/26/2007,MFR,OR,ANM,WE,Federal Contract Tower,8,51,20,0,79,0,0,45,0,45,8,51,65,0,124,18,0,18,142
10/27/2007,MFR,OR,ANM,WE,Federal Contract Tower,14,31,16,0,61,0,4,49,2,55,14,35,65,2,116,58,0,58,174
10/28/2007,MFR,OR,ANM,WE,Federal Contract Tower,13,32,6,0,51,0,5,60,0,65,13,37,66,0,116,98,0,98,214
10/29/2007,MFR,OR,ANM,WE,Federal Contract Tower,8,48,21,0,77,0,1,46,0,47,8,49,67,0,124,40,0,40,164
10/30/2007,MFR,OR,ANM,WE,Federal Contract Tower,7,51,16,0,74,0,0,15,0,15,7,51,31,0,89,22,0,22,111
10/31/2007,MFR,OR,ANM,WE,Federal Contract Tower,8,64,17,0,89,0,0,35,0,35,8,64,52,0,124,32,0,32,156
11/01/2007,MFR,OR,ANM,WE,Federal Contract Tower,12,58,19,0,89,0,1,34,0,35,12,59,53,0,124,32,0,32,156
11/02/2007,MFR,OR,ANM,WE,Federal Contract Tower,8,63,23,0,94,0,8,32,0,40,8,71,55,0,134,16,0,16,150
11/03/2007,MFR,OR,ANM,WE,Federal Contract Tower,12,26,13,0,51,0,1,38,0,39,12,27,51,0,90,12,0,12,102
11/04/2007,MFR,OR,ANM,WE,Federal Contract Tower,13,31,14,0,58,0,1,42,0,43,13,32,56,0,101,8,0,8,109
11/05/2007,MFR,OR,ANM,WE,Federal Contract Tower,7,54,13,0,74,0,0,24,0,24,7,54,37,0,98,28,0,28,126
11/06/2007,MFR,OR,ANM,WE,Federal Contract Tower,9,48,14,0,71,0,11,40,0,51,9,59,54,0,122,8,0,8,130
11/07/2007,MFR,OR,ANM,WE,Federal Contract Tower,8,57,17,0,82,0,7,46,0,53,8,64,63,0,135,36,0,36,171
11/08/2007,MFR,OR,ANM,WE,Federal Contract Tower,10,52,14,0,76,0,4,35,0,39,10,56,49,0,115,70,0,70,185
11/09/2007,MFR,OR,ANM,WE,Federal Contract Tower,8,55,12,0,75,0,5,28,0,33,8,60,40,0,108,28,0,28,136
11/10/2007,MFR,OR,ANM,WE,Federal Contract Tower,8,31,12,1,52,0,0,9,1,10,8,31,21,2,62,0,0,0,62
11/11/2007,MFR,OR,ANM,WE,Federal Contract Tower,8,32,11,0,51,0,0,32,0,32,8,32,43,0,83,16,0,16,99
11/12/2007,MFR,OR,ANM,WE,Federal Contract Tower,6,52,12,0,70,0,0,3,0,3,6,52,15,0,73,0,0,0,73
11/13/2007,MFR,OR,ANM,WE,Federal Contract Tower,8,56,8,0,72,0,1,25,0,26,8,57,33,0,98,50,0,50,148
11/14/2007,MFR,OR,ANM,WE,Federal Contract Tower,8,58,14,0,80,0,5,43,0,48,8,63,57,0,128,24,0,24,152
11/15/2007,MFR,OR,ANM,WE,Federal Contract Tower,10,60,17,0,87,0,1,18,0,19,10,61,35,0,106,12,0,12,118
11/16/2007,MFR,OR,ANM,WE,Federal Contract Tower,7,54,31,0,92,0,3,4,0,7,7,57,35,0,99,6,0,6,105
11/17/2007,MFR,OR,ANM,WE,Federal Contract Tower,8,33,17,0,58,0,0,4,0,4,8,33,21,0,62,4,0,4,66
11/18/2007,MFR,OR,ANM,WE,Federal Contract Tower,12,22,14,0,48,0,0,15,0,15,12,22,29,0,63,22,0,22,85
11/19/2007,MFR,OR,ANM,WE,Federal Contract Tower,9,55,28,0,92,0,2,6,0,8,9,57,34,0,100,2,0,2,102
11/20/2007,MFR,OR,ANM,WE,Federal Contract Tower,10,62,20,0,92,0,0,33,0,33,10,62,53,0,125,12,0,12,137
11/21/2007,MFR,OR,ANM,WE,Federal Contract Tower,10,57,21,0,88,0,2,57,0,59,10,59,78,0,147,32,0,32,179
11/22/2007,MFR,OR,ANM,WE,Federal Contract Tower,12,24,5,0,41,0,0,30,0,30,12,24,35,0,71,34,0,34,105
11/23/2007,MFR,OR,ANM,WE,Federal Contract Tower,9,45,6,0,60,0,1,58,0,59,9,46,64,0,119,20,0,20,139
11/24/2007,MFR,OR,ANM,WE,Federal Contract Tower,10,40,5,0,55,0,4,28,0,32,10,44,33,0,87,30,0,30,117
11/25/2007,MFR,OR,ANM,WE,Federal Contract Tower,12,34,20,0,66,0,4,66,0,70,12,38,86,0,136,72,0,72,208
11/26/2007,MFR,OR,ANM,WE,Federal Contract Tower,10,63,10,0,83,0,1,20,0,21,10,64,30,0,104,16,0,16,120
11/27/2007,MFR,OR,ANM,WE,Federal Contract Tower,10,61,16,0,87,0,0,11,0,11,10,61,27,0,98,6,0,6,104
11/28/2007,MFR,OR,ANM,WE,Federal Contract Tower,11,63,16,0,90,0,0,5,0,5,11,63,21,0,95,12,0,12,107
11/29/2007,MFR,OR,ANM,WE,Federal Contract Tower,12,57,23,0,92,0,3,5,0,8,12,60,28,0,100,4,0,4,104
11/30/2007,MFR,OR,ANM,WE,Federal Contract Tower,10,63,25,0,98,0,2,33,0,35,10,65,58,0,133,46,0,46,179
12/01/2007,MFR,OR,ANM,WE,Federal Contract Tower,11,31,12,0,54,0,0,32,0,32,11,31,44,0,86,12,0,12,98
12/02/2007,MFR,OR,ANM,WE,Federal Contract Tower,12,25,10,0,47,0,0,1,0,1,12,25,11,0,48,0,0,0,48
12/03/2007,MFR,OR,ANM,WE,Federal Contract Tower,10,52,13,0,75,0,2,2,0,4,10,54,15,0,79,0,0,0,79
12/04/2007,MFR,OR,ANM,WE,Federal Contract Tower,8,47,16,0,71,0,6,19,0,25,8,53,35,0,96,32,0,32,128
12/05/2007,MFR,OR,ANM,WE,Federal Contract Tower,10,64,20,1,95,0,0,0,0,0,10,64,20,1,95,0,0,0,95
12/06/2007,MFR,OR,ANM,WE,Federal Contract Tower,11,56,18,0,85,0,0,0,0,0,11,56,18,0,85,0,0,0,85
12/07/2007,MFR,OR,ANM,WE,Federal Contract Tower,10,60,17,0,87,0,1,8,0,9,10,61,25,0,96,2,0,2,98
12/08/2007,MFR,OR,ANM,WE,Federal Contract Tower,9,30,15,2,56,0,0,38,0,38,9,30,53,2,94,18,0,18,112
12/09/2007,MFR,OR,ANM,WE,Federal Contract Tower,11,28,10,0,49,0,0,12,0,12,11,28,22,0,61,16,0,16,77
12/10/2007,MFR,OR,ANM,WE,Federal Contract Tower,10,47,29,0,86,0,0,0,0,0,10,47,29,0,86,0,0,0,86
12/11/2007,MFR,OR,ANM,WE,Federal Contract Tower,10,52,13,0,75,0,2,29,0,31,10,54,42,0,106,20,0,20,126
12/12/2007,MFR,OR,ANM,WE,Federal Contract Tower,8,56,16,0,80,0,3,30,0,33,8,59,46,0,113,12,0,12,125
12/13/2007,MFR,OR,ANM,WE,Federal Contract Tower,13,59,13,0,85,0,2,38,0,40,13,61,51,0,125,30,0,30,155
12/14/2007,MFR,OR,ANM,WE,Federal Contract Tower,10,66,18,2,96,0,1,34,0,35,10,67,52,2,131,12,0,12,143
12/15/2007,MFR,OR,ANM,WE,Federal Contract Tower,7,42,8,0,57,0,0,10,0,10,7,42,18,0,67,12,0,12,79
12/16/2007,MFR,OR,ANM,WE,Federal Contract Tower,11,32,10,0,53,0,0,17,0,17,11,32,27,0,70,8,0,8,78
12/17/2007,MFR,OR,ANM,WE,Federal Contract Tower,11,63,14,0,88,0,0,7,0,7,11,63,21,0,95,14,0,14,109
12/18/2007,MFR,OR,ANM,WE,Federal Contract Tower,11,58,12,0,81,0,0,2,0,2,11,58,14,0,83,8,0,8,91
12/19/2007,MFR,OR,ANM,WE,Federal Contract Tower,8,66,9,0,83,0,0,0,0,0,8,66,9,0,83,0,0,0,83
12/20/2007,MFR,OR,ANM,WE,Federal Contract Tower,11,72,23,0,106,0,0,5,0,5,11,72,28,0,111,12,0,12,123
12/21/2007,MFR,OR,ANM,WE,Federal Contract Tower,11,75,17,0,103,0,0,13,0,13,11,75,30,0,116,2,0,2,118
12/22/2007,MFR,OR,ANM,WE,Federal Contract Tower,9,46,13,0,68,0,3,6,0,9,9,49,19,0,77,54,0,54,131
12/23/2007,MFR,OR,ANM,WE,Federal Contract Tower,12,42,9,0,63,0,0,0,0,0,12,42,9,0,63,0,0,0,63
12/24/2007,MFR,OR,ANM,WE,Federal Contract Tower,9,53,4,0,66,0,4,12,0,16,9,57,16,0,82,12,0,12,94
12/25/2007,MFR,OR,ANM,WE,Federal Contract Tower,9,24,3,0,36,0,1,9,0,10,9,25,12,0,46,0,0,0,46
12/26/2007,MFR,OR,ANM,WE,Federal Contract Tower,13,57,17,0,87,0,1,1,0,2,13,58,18,0,89,0,0,0,89
12/27/2007,MFR,OR,ANM,WE,Federal Contract Tower,14,68,10,0,92,0,0,0,0,0,14,68,10,0,92,0,0,0,92
12/28/2007,MFR,OR,ANM,WE,Federal Contract Tower,13,61,11,0,85,0,0,0,0,0,13,61,11,0,85,0,0,0,85
12/29/2007,MFR,OR,ANM,WE,Federal Contract Tower,7,41,9,0,57,0,0,0,0,0,7,41,9,0,57,0,0,0,57
12/30/2007,MFR,OR,ANM,WE,Federal Contract Tower,13,28,6,0,47,0,0,18,0,18,13,28,24,0,65,28,0,28,93
12/31/2007,MFR,OR,ANM,WE,Federal Contract Tower,12,42,5,0,59,0,0,54,0,54,12,42,59,0,113,90,0,90,203
01/01/2008,MFR,OR,ANM,WE,Federal Contract Tower,9,25,0,0,34,0,2,36,0,38,9,27,36,0,72,30,0,30,102
01/02/2008,MFR,OR,ANM,WE,Federal Contract Tower,11,51,13,0,75,0,0,33,0,33,11,51,46,0,108,26,0,26,134
01/03/2008,MFR,OR,ANM,WE,Federal Contract Tower,13,49,12,0,74,0,1,8,0,9,13,50,20,0,83,0,0,0,83
01/04/2008,MFR,OR,ANM,WE,Federal Contract Tower,10,55,5,0,70,0,0,0,0,0,10,55,5,0,70,0,0,0,70
01/05/2008,MFR,OR,ANM,WE,Federal Contract Tower,10,38,11,0,59,0,0,4,0,4,10,38,15,0,63,8,0,8,71
01/06/2008,MFR,OR,ANM,WE,Federal Contract Tower,11,37,6,0,54,0,0,6,0,6,11,37,12,0,60,8,0,8,68
01/07/2008,MFR,OR,ANM,WE,Federal Contract Tower,11,40,8,0,59,0,4,9,0,13,11,44,17,0,72,0,0,0,72
01/08/2008,MFR,OR,ANM,WE,Federal Contract Tower,12,47,14,0,73,0,0,1,0,1,12,47,15,0,74,0,0,0,74
01/09/2008,MFR,OR,ANM,WE,Federal Contract Tower,11,49,9,0,69,0,0,11,0,11,11,49,20,0,80,10,0,10,90
01/10/2008,MFR,OR,ANM,WE,Federal Contract Tower,14,53,20,0,87,0,1,7,0,8,14,54,27,0,95,12,0,12,107
01/11/2008,MFR,OR,ANM,WE,Federal Contract Tower,12,47,22,0,81,0,3,7,0,10,12,50,29,0,91,42,0,42,133
01/12/2008,MFR,OR,ANM,WE,Federal Contract Tower,13,30,7,2,52,0,0,7,0,7,13,30,14,2,59,42,0,42,101
01/13/2008,MFR,OR,ANM,WE,Federal Contract Tower,11,32,3,0,46,0,1,47,0,48,11,33,50,0,94,38,0,38,132
01/14/2008,MFR,OR,ANM,WE,Federal Contract Tower,12,48,15,0,75,0,0,1,0,1,12,48,16,0,76,6,0,6,82
01/15/2008,MFR,OR,ANM,WE,Federal Contract Tower,15,47,15,1,78,0,1,74,1,76,15,48,89,2,154,34,0,34,188
01/16/2008,MFR,OR,ANM,WE,Federal Contract Tower,11,50,14,1,76,0,1,36,0,37,11,51,50,1,113,12,2,14,127
01/17/2008,MFR,OR,ANM,WE,Federal Contract Tower,14,58,22,0,94,0,0,62,0,62,14,58,84,0,156,26,0,26,182
01/18/2008,MFR,OR,ANM,WE,Federal Contract Tower,14,48,17,0,79,0,4,42,0,46,14,52,59,0,125,52,0,52,177
01/19/2008,MFR,OR,ANM,WE,Federal Contract Tower,13,23,12,0,48,0,1,49,0,50,13,24,61,0,98,136,0,136,234
01/20/2008,MFR,OR,ANM,WE,Federal Contract Tower,13,25,12,0,50,0,0,4,0,4,13,25,16,0,54,0,0,0,54
01/21/2008,MFR,OR,ANM,WE,Federal Contract Tower,13,39,18,0,70,0,1,33,0,34,13,40,51,0,104,52,0,52,156
01/22/2008,MFR,OR,ANM,WE,Federal Contract Tower,10,45,19,0,74,0,3,47,0,50,10,48,66,0,124,22,0,22,146
01/23/2008,MFR,OR,ANM,WE,Federal Contract Tower,12,53,17,0,82,0,1,60,0,61,12,54,77,0,143,14,0,14,157
01/24/2008,MFR,OR,ANM,WE,Federal Contract Tower,14,55,13,0,82,0,3,6,0,9,14,58,19,0,91,10,0,10,101
01/25/2008,MFR,OR,ANM,WE,Federal Contract Tower,13,49,21,0,83,0,4,23,0,27,13,53,44,0,110,6,0,6,116
01/26/2008,MFR,OR,ANM,WE,Federal Contract Tower,13,36,8,0,57,0,1,19,0,20,13,37,27,0,77,36,0,36,113
01/27/2008,MFR,OR,ANM,WE,Federal Contract Tower,10,15,11,0,36,0,0,4,0,4,10,15,15,0,40,14,0,14,54
01/28/2008,MFR,OR,ANM,WE,Federal Contract Tower,13,51,21,0,85,0,2,5,0,7,13,53,26,0,92,6,0,6,98
01/29/2008,MFR,OR,ANM,WE,Federal Contract Tower,12,54,19,4,89,0,0,0,0,0,12,54,19,4,89,0,0,0,89
01/30/2008,MFR,OR,ANM,WE,Federal Contract Tower,13,60,9,0,82,0,1,9,0,10,13,61,18,0,92,0,0,0,92
01/31/2008,MFR,OR,ANM,WE,Federal Contract Tower,13,52,7,2,74,0,0,0,0,0,13,52,7,2,74,0,0,0,74
02/01/2008,MFR,OR,ANM,WE,Federal Contract Tower,14,62,12,0,88,0,0,9,0,9,14,62,21,0,97,6,0,6,103
02/02/2008,MFR,OR,ANM,WE,Federal Contract Tower,12,32,8,0,52,0,0,0,0,0,12,32,8,0,52,0,0,0,52
02/03/2008,MFR,OR,ANM,WE,Federal Contract Tower,11,30,5,0,46,0,3,6,0,9,11,33,11,0,55,10,0,10,65
02/04/2008,MFR,OR,ANM,WE,Federal Contract Tower,12,44,15,0,71,0,5,13,0,18,12,49,28,0,89,34,0,34,123
02/05/2008,MFR,OR,ANM,WE,Federal Contract Tower,12,54,17,0,83,0,3,45,0,48,12,57,62,0,131,48,0,48,179
02/06/2008,MFR,OR,ANM,WE,Federal Contract Tower,12,49,15,0,76,0,3,26,0,29,12,52,41,0,105,16,0,16,121
02/07/2008,MFR,OR,ANM,WE,Federal Contract Tower,12,53,20,2,87,0,0,17,0,17,12,53,37,2,104,12,4,16,120
02/08/2008,MFR,OR,ANM,WE,Federal Contract Tower,11,50,18,0,79,0,2,25,0,27,11,52,43,0,106,102,0,102,208
02/09/2008,MFR,OR,ANM,WE,Federal Contract Tower,11,29,9,0,49,0,0,52,0,52,11,29,61,0,101,74,0,74,175
02/10/2008,MFR,OR,ANM,WE,Federal Contract Tower,17,21,13,0,51,0,2,12,0,14,17,23,25,0,65,14,0,14,79
02/11/2008,MFR,OR,ANM,WE,Federal Contract Tower,9,45,13,0,67,0,0,55,0,55,9,45,68,0,122,24,0,24,146
02/12/2008,MFR,OR,ANM,WE,Federal Contract Tower,15,46,9,0,70,0,1,68,0,69,15,47,77,0,139,18,0,18,157
02/13/2008,MFR,OR,ANM,WE,Federal Contract Tower,10,56,20,0,86,0,2,39,0,41,10,58,59,0,127,12,0,12,139
02/14/2008,MFR,OR,ANM,WE,Federal Contract Tower,12,54,13,1,80,0,7,68,0,75,12,61,81,1,155,48,0,48,203
02/15/2008,MFR,OR,ANM,WE,Federal Contract Tower,10,51,16,1,78,0,8,57,0,65,10,59,73,1,143,46,0,46,189
02/16/2008,MFR,OR,ANM,WE,Federal Contract Tower,11,33,9,0,53,0,0,82,0,82,11,33,91,0,135,76,0,76,211
02/17/2008,MFR,OR,ANM,WE,Federal Contract Tower,11,30,14,0,55,0,1,65,0,66,11,31,79,0,121,92,0,92,213
02/18/2008,MFR,OR,ANM,WE,Federal Contract Tower,9,52,14,0,75,0,5,69,0,74,9,57,83,0,149,58,0,58,207
02/19/2008,MFR,OR,ANM,WE,Federal Contract Tower,7,58,13,0,78,0,1,32,0,33,7,59,45,0,111,14,0,14,125
02/20/2008,MFR,OR,ANM,WE,Federal Contract Tower,10,59,10,0,79,0,2,44,0,46,10,61,54,0,125,16,0,16,141
02/21/2008,MFR,OR,ANM,WE,Federal Contract Tower,12,63,16,1,92,0,1,6,0,7,12,64,22,1,99,10,0,10,109
02/22/2008,MFR,OR,ANM,WE,Federal Contract Tower,10,60,13,0,83,0,3,6,0,9,10,63,19,0,92,2,0,2,94
02/23/2008,MFR,OR,ANM,WE,Federal Contract Tower,12,28,13,0,53,0,2,11,0,13,12,30,24,0,66,8,0,8,74
02/24/2008,MFR,OR,ANM,WE,Federal Contract Tower,11,29,8,0,48,0,0,0,0,0,11,29,8,0,48,0,0,0,48
02/25/2008,MFR,OR,ANM,WE,Federal Contract Tower,10,52,16,0,78,0,4,36,0,40,10,56,52,0,118,14,0,14,132
02/26/2008,MFR,OR,ANM,WE,Federal Contract Tower,7,62,11,1,81,0,2,53,2,57,7,64,64,3,138,22,2,24,162
02/27/2008,MFR,OR,ANM,WE,Federal Contract Tower,6,61,17,0,84,0,1,49,0,50,6,62,66,0,134,26,0,26,160
02/28/2008,MFR,OR,ANM,WE,Federal Contract Tower,11,64,14,0,89,0,2,65,0,67,11,66,79,0,156,18,0,18,174
02/29/2008,MFR,OR,ANM,WE,Federal Contract Tower,10,62,11,0,83,0,0,27,0,27,10,62,38,0,110,8,0,8,118
03/01/2008,MFR,OR,ANM,WE,Federal Contract Tower,10,32,8,0,50,0,0,13,0,13,10,32,21,0,63,18,0,18,81
03/02/2008,MFR,OR,ANM,WE,Federal Contract Tower,9,26,9,0,44,0,0,41,0,41,9,26,50,0,85,30,0,30,115
03/03/2008,MFR,OR,ANM,WE,Federal Contract Tower,7,59,14,1,81,0,0,23,0,23,7,59,37,1,104,24,0,24,128
03/04/2008,MFR,OR,ANM,WE,Federal Contract Tower,7,54,13,0,74,0,0,57,0,57,7,54,70,0,131,22,0,22,153
03/05/2008,MFR,OR,ANM,WE,Federal Contract Tower,6,60,27,0,93,0,0,58,0,58,6,60,85,0,151,24,0,24,175
03/06/2008,MFR,OR,ANM,WE,Federal Contract Tower,11,58,14,0,83,0,4,51,0,55,11,62,65,0,138,22,0,22,160
03/07/2008,MFR,OR,ANM,WE,Federal Contract Tower,12,54,13,1,80,0,2,35,0,37,12,56,48,1,117,26,0,26,143
03/08/2008,MFR,OR,ANM,WE,Federal Contract Tower,10,34,11,0,55,0,2,58,0,60,10,36,69,0,115,28,0,28,143
03/09/2008,MFR,OR,ANM,WE,Federal Contract Tower,10,39,15,0,64,0,2,31,0,33,10,41,46,0,97,50,0,50,147
03/10/2008,MFR,OR,ANM,WE,Federal Contract Tower,10,54,12,0,76,0,5,28,0,33,10,59,40,0,109,12,0,12,121
03/11/2008,MFR,OR,ANM,WE,Federal Contract Tower,9,58,15,0,82,0,1,41,0,42,9,59,56,0,124,46,0,46,170
03/12/2008,MFR,OR,ANM,WE,Federal Contract Tower,10,52,9,0,71,0,2,46,0,48,10,54,55,0,119,18,0,18,137
03/13/2008,MFR,OR,ANM,WE,Federal Contract Tower,1,56,14,0,71,0,0,7,0,7,1,56,21,0,78,0,0,0,78
03/14/2008,MFR,OR,ANM,WE,Federal Contract Tower,10,56,13,0,79,0,0,1,0,1,10,56,14,0,80,4,0,4,84
03/15/2008,MFR,OR,ANM,WE,Federal Contract Tower,10,40,9,0,59,0,1,8,0,9,10,41,17,0,68,0,0,0,68
03/16/2008,MFR,OR,ANM,WE,Federal Contract Tower,11,30,17,0,58,0,1,26,0,27,11,31,43,0,85,32,0,32,117
03/17/2008,MFR,OR,ANM,WE,Federal Contract Tower,8,57,30,0,95,0,0,0,0,0,8,57,30,0,95,0,0,0,95
03/18/2008,MFR,OR,ANM,WE,Federal Contract Tower,11,52,14,0,77,0,0,29,0,29,11,52,43,0,106,0,0,0,106
03/19/2008,MFR,OR,ANM,WE,Federal Contract Tower,9,54,30,0,93,0,0,6,0,6,9,54,36,0,99,8,0,8,107
03/20/2008,MFR,OR,ANM,WE,Federal Contract Tower,12,54,25,0,91,0,2,22,0,24,12,56,47,0,115,12,0,12,127
03/21/2008,MFR,OR,ANM,WE,Federal Contract Tower,8,51,16,0,75,0,6,53,0,59,8,57,69,0,134,52,0,52,186
03/22/2008,MFR,OR,ANM,WE,Federal Contract Tower,11,27,8,0,46,0,2,127,0,129,11,29,135,0,175,42,0,42,217
03/23/2008,MFR,OR,ANM,WE,Federal Contract Tower,12,33,11,0,56,0,2,22,0,24,12,35,33,0,80,28,0,28,108
03/24/2008,MFR,OR,ANM,WE,Federal Contract Tower,10,56,14,0,80,0,0,5,0,5,10,56,19,0,85,6,0,6,91
03/25/2008,MFR,OR,ANM,WE,Federal Contract Tower,13,53,13,0,79,0,3,43,0,46,13,56,56,0,125,14,0,14,139
03/26/2008,MFR,OR,ANM,WE,Federal Contract Tower,10,57,10,0,77,0,0,3,0,3,10,57,13,0,80,0,0,0,80
03/27/2008,MFR,OR,ANM,WE,Federal Contract Tower,12,57,11,0,80,0,0,40,0,40,12,57,51,0,120,8,0,8,128
03/28/2008,MFR,OR,ANM,WE,Federal Contract Tower,11,54,10,0,75,0,0,0,0,0,11,54,10,0,75,0,0,0,75
03/29/2008,MFR,OR,ANM,WE,Federal Contract Tower,9,34,11,1,55,0,0,44,0,44,9,34,55,1,99,6,0,6,105
03/30/2008,MFR,OR,ANM,WE,Federal Contract Tower,12,32,11,3,58,0,0,29,0,29,12,32,40,3,87,22,0,22,109
03/31/2008,MFR,OR,ANM,WE,Federal Contract Tower,10,52,7,0,69,0,5,90,0,95,10,57,97,0,164,42,0,42,206
04/01/2008,MFR,OR,ANM,WE,Federal Contract Tower,11,53,7,0,71,0,7,33,0,40,11,60,40,0,111,10,0,10,121
04/02/2008,MFR,OR,ANM,WE,Federal Contract Tower,10,53,12,0,75,0,4,47,0,51,10,57,59,0,126,24,0,24,150
04/03/2008,MFR,OR,ANM,WE,Federal Contract Tower,11,47,15,1,74,0,4,70,1,75,11,51,85,2,149,50,0,50,199
04/04/2008,MFR,OR,ANM,WE,Federal Contract Tower,9,53,12,0,74,0,1,21,0,22,9,54,33,0,96,14,0,14,110
04/05/2008,MFR,OR,ANM,WE,Federal Contract Tower,7,40,15,3,65,0,0,26,0,26,7,40,41,3,91,20,0,20,111
04/06/2008,MFR,OR,ANM,WE,Federal Contract Tower,11,25,16,0,52,0,0,17,0,17,11,25,33,0,69,24,0,24,93
04/07/2008,MFR,OR,ANM,WE,Federal Contract Tower,13,44,13,0,70,0,5,40,0,45,13,49,53,0,115,24,0,24,139
04/08/2008,MFR,OR,ANM,WE,Federal Contract Tower,9,55,14,2,80,0,3,19,0,22,9,58,33,2,102,12,0,12,114
04/09/2008,MFR,OR,ANM,WE,Federal Contract Tower,10,53,23,0,86,0,0,15,0,15,10,53,38,0,101,6,0,6,107
04/10/2008,MFR,OR,ANM,WE,Federal Contract Tower,12,50,20,1,83,0,8,61,0,69,12,58,81,1,152,16,2,18,170
04/11/2008,MFR,OR,ANM,WE,Federal Contract Tower,12,54,20,0,86,0,0,62,0,62,12,54,82,0,148,24,0,24,172
04/12/2008,MFR,OR,ANM,WE,Federal Contract Tower,9,39,10,0,58,0,3,65,0,68,9,42,75,0,126,20,0,20,146
04/13/2008,MFR,OR,ANM,WE,Federal Contract Tower,14,26,11,0,51,0,2,40,0,42,14,28,51,0,93,30,0,30,123
04/14/2008,MFR,OR,ANM,WE,Federal Contract Tower,10,52,17,2,81,0,1,11,0,12,10,53,28,2,93,4,0,4,97
04/15/2008,MFR,OR,ANM,WE,Federal Contract Tower,11,57,10,0,78,0,1,23,0,24,11,58,33,0,102,16,0,16,118
04/16/2008,MFR,OR,ANM,WE,Federal Contract Tower,10,47,18,0,75,0,7,35,0,42,10,54,53,0,117,16,0,16,133
04/17/2008,MFR,OR,ANM,WE,Federal Contract Tower,15,47,18,2,82,0,13,65,0,78,15,60,83,2,160,14,0,14,174
04/18/2008,MFR,OR,ANM,WE,Federal Contract Tower,10,44,13,1,68,0,2,35,0,37,10,46,48,1,105,16,6,22,127
04/19/2008,MFR,OR,ANM,WE,Federal Contract Tower,11,35,8,0,54,0,1,27,0,28,11,36,35,0,82,18,0,18,100
04/20/2008,MFR,OR,ANM,WE,Federal Contract Tower,13,31,19,0,63,0,0,20,0,20,13,31,39,0,83,30,0,30,113
04/21/2008,MFR,OR,ANM,WE,Federal Contract Tower,10,50,11,0,71,0,0,22,0,22,10,50,33,0,93,12,0,12,105
04/22/2008,MFR,OR,ANM,WE,Federal Contract Tower,11,53,12,0,76,0,0,1,0,1,11,53,13,0,77,0,0,0,77
04/23/2008,MFR,OR,ANM,WE,Federal Contract Tower,10,54,24,0,88,0,2,11,0,13,10,56,35,0,101,6,0,6,107
04/24/2008,MFR,OR,ANM,WE,Federal Contract Tower,9,53,11,0,73,0,4,35,0,39,9,57,46,0,112,18,0,18,130
04/25/2008,MFR,OR,ANM,WE,Federal Contract Tower,11,51,17,0,79,0,5,34,0,39,11,56,51,0,118,4,0,4,122
04/26/2008,MFR,OR,ANM,WE,Federal Contract Tower,11,31,5,0,47,0,3,65,0,68,11,34,70,0,115,28,0,28,143
04/27/2008,MFR,OR,ANM,WE,Federal Contract Tower,12,31,6,2,51,0,3,39,0,42,12,34,45,2,93,46,0,46,139
04/28/2008,MFR,OR,ANM,WE,Federal Contract Tower,9,51,18,0,78,0,2,34,0,36,9,53,52,0,114,12,0,12,126
04/29/2008,MFR,OR,ANM,WE,Federal Contract Tower,11,58,16,0,85,0,1,7,0,8,11,59,23,0,93,2,0,2,95
04/30/2008,MFR,OR,ANM,WE,Federal Contract Tower,7,55,14,0,76,0,0,25,0,25,7,55,39,0,101,0,0,0,101
05/01/2008,MFR,OR,ANM,WE,Federal Contract Tower,10,54,19,0,83,0,6,35,0,41,10,60,54,0,124,18,0,18,142
05/02/2008,MFR,OR,ANM,WE,Federal Contract Tower,8,58,14,0,80,0,2,38,0,40,8,60,52,0,120,30,0,30,150
05/03/2008,MFR,OR,ANM,WE,Federal Contract Tower,7,37,11,0,55,0,3,39,2,44,7,40,50,2,99,14,0,14,113
05/04/2008,MFR,OR,ANM,WE,Federal Contract Tower,12,32,2,0,46,0,0,54,0,54,12,32,56,0,100,36,0,36,136
05/05/2008,MFR,OR,ANM,WE,Federal Contract Tower,9,51,5,0,65,0,4,56,0,60,9,55,61,0,125,26,0,26,151
05/06/2008,MFR,OR,ANM,WE,Federal Contract Tower,9,54,8,0,71,1,8,61,0,70,10,62,69,0,141,46,0,46,187
05/07/2008,MFR,OR,ANM,WE,Federal Contract Tower,9,57,14,0,80,0,4,53,0,57,9,61,67,0,137,28,0,28,165
05/08/2008,MFR,OR,ANM,WE,Federal Contract Tower,12,62,20,0,94,0,2,56,0,58,12,64,76,0,152,34,0,34,186
05/09/2008,MFR,OR,ANM,WE,Federal Contract Tower,9,59,19,0,87,0,5,63,0,68,9,64,82,0,155,6,0,6,161
05/10/2008,MFR,OR,ANM,WE,Federal Contract Tower,9,38,9,0,56,0,3,37,0,40,9,41,46,0,96,20,0,20,116
05/11/2008,MFR,OR,ANM,WE,Federal Contract Tower,11,31,10,0,52,0,0,27,0,27,11,31,37,0,79,0,0,0,79
05/12/2008,MFR,OR,ANM,WE,Federal Contract Tower,8,57,14,0,79,0,6,72,0,78,8,63,86,0,157,10,0,10,167
05/13/2008,MFR,OR,ANM,WE,Federal Contract Tower,11,56,8,1,76,0,3,62,0,65,11,59,70,1,141,34,0,34,175
05/14/2008,MFR,OR,ANM,WE,Federal Contract Tower,9,51,15,0,75,0,5,74,3,82,9,56,89,3,157,56,0,56,213
05/15/2008,MFR,OR,ANM,WE,Federal Contract Tower,11,50,10,3,74,0,7,50,0,57,11,57,60,3,131,28,0,28,159
05/16/2008,MFR,OR,ANM,WE,Federal Contract Tower,11,57,5,0,73,0,0,78,0,78,11,57,83,0,151,26,0,26,177
05/17/2008,MFR,OR,ANM,WE,Federal Contract Tower,9,27,4,0,40,0,10,70,0,80,9,37,74,0,120,30,0,30,150
05/18/2008,MFR,OR,ANM,WE,Federal Contract Tower,9,36,11,0,56,0,3,71,0,74,9,39,82,0,130,24,0,24,154
05/19/2008,MFR,OR,ANM,WE,Federal Contract Tower,10,45,18,0,73,0,7,57,0,64,10,52,75,0,137,36,0,36,173
05/20/2008,MFR,OR,ANM,WE,Federal Contract Tower,9,54,14,0,77,0,0,25,2,27,9,54,39,2,104,20,0,20,124
05/21/2008,MFR,OR,ANM,WE,Federal Contract Tower,9,55,20,0,84,0,1,31,0,32,9,56,51,0,116,38,0,38,154
05/22/2008,MFR,OR,ANM,WE,Federal Contract Tower,7,60,20,0,87,0,3,29,0,32,7,63,49,0,119,30,0,30,149
05/23/2008,MFR,OR,ANM,WE,Federal Contract Tower,12,60,20,0,92,0,0,14,0,14,12,60,34,0,106,14,0,14,120
05/24/2008,MFR,OR,ANM,WE,Federal Contract Tower,10,37,14,0,61,0,0,24,0,24,10,37,38,0,85,56,0,56,141
05/25/2008,MFR,OR,ANM,WE,Federal Contract Tower,9,23,10,0,42,0,0,18,0,18,9,23,28,0,60,20,0,20,80
05/26/2008,MFR,OR,ANM,WE,Federal Contract Tower,12,35,25,0,72,0,0,33,0,33,12,35,58,0,105,28,0,28,133
05/27/2008,MFR,OR,ANM,WE,Federal Contract Tower,9,50,12,1,72,0,1,30,0,31,9,51,42,1,103,22,0,22,125
05/28/2008,MFR,OR,ANM,WE,Federal Contract Tower,7,58,14,0,79,0,0,8,0,8,7,58,22,0,87,14,0,14,101
05/29/2008,MFR,OR,ANM,WE,Federal Contract Tower,9,52,33,0,94,0,1,17,0,18,9,53,50,0,112,62,0,62,174
05/30/2008,MFR,OR,ANM,WE,Federal Contract Tower,11,52,25,0,88,0,8,74,0,82,11,60,99,0,170,84,0,84,254
05/31/2008,MFR,OR,ANM,WE,Federal Contract Tower,9,38,17,0,64,0,0,60,0,60,9,38,77,0,124,72,0,72,196
06/01/2008,MFR,OR,ANM,WE,Federal Contract Tower,8,27,19,0,54,0,3,26,0,29,8,30,45,0,83,52,0,52,135
06/02/2008,MFR,OR,ANM,WE,Federal Contract Tower,11,46,14,0,71,0,1,62,0,63,11,47,76,0,134,40,0,40,174
06/03/2008,MFR,OR,ANM,WE,Federal Contract Tower,9,50,16,0,75,0,1,13,0,14,9,51,29,0,89,18,0,18,107
06/04/2008,MFR,OR,ANM,WE,Federal Contract Tower,9,53,19,0,81,0,2,32,0,34,9,55,51,0,115,42,0,42,157
06/05/2008,MFR,OR,ANM,WE,Federal Contract Tower,8,51,25,0,84,0,6,62,0,68,8,57,87,0,152,30,0,30,182
06/06/2008,MFR,OR,ANM,WE,Federal Contract Tower,11,55,16,3,85,0,0,24,0,24,11,55,40,3,109,20,28,48,157
06/07/2008,MFR,OR,ANM,WE,Federal Contract Tower,11,38,17,1,67,0,3,156,3,162,11,41,173,4,229,28,16,44,273
06/08/2008,MFR,OR,ANM,WE,Federal Contract Tower,8,37,14,0,59,0,0,174,1,175,8,37,188,1,234,36,12,48,282
06/09/2008,MFR,OR,ANM,WE,Federal Contract Tower,10,52,13,1,76,0,4,37,1,42,10,56,50,2,118,24,8,32,150
06/10/2008,MFR,OR,ANM,WE,Federal Contract Tower,8,55,9,0,72,0,6,60,0,66,8,61,69,0,138,62,0,62,200
06/11/2008,MFR,OR,ANM,WE,Federal Contract Tower,9,57,17,0,83,0,4,58,0,62,9,61,75,0,145,40,0,40,185
06/12/2008,MFR,OR,ANM,WE,Federal Contract Tower,8,54,13,2,77,0,6,70,0,76,8,60,83,2,153,24,0,24,177
06/13/2008,MFR,OR,ANM,WE,Federal Contract Tower,10,59,17,0,86,0,2,121,1,124,10,61,138,1,210,38,0,38,248
06/14/2008,MFR,OR,ANM,WE,Federal Contract Tower,7,42,7,0,56,0,1,103,0,104,7,43,110,0,160,48,0,48,208
06/15/2008,MFR,OR,ANM,WE,Federal Contract Tower,10,41,14,0,65,0,0,91,0,91,10,41,105,0,156,10,0,10,166
06/16/2008,MFR,OR,ANM,WE,Federal Contract Tower,9,51,9,0,69,0,4,58,1,63,9,55,67,1,132,16,0,16,148
06/17/2008,MFR,OR,ANM,WE,Federal Contract Tower,9,51,19,0,79,0,3,74,0,77,9,54,93,0,156,52,0,52,208
06/18/2008,MFR,OR,ANM,WE,Federal Contract Tower,8,52,12,0,72,0,6,89,0,95,8,58,101,0,167,34,0,34,201
06/19/2008,MFR,OR,ANM,WE,Federal Contract Tower,8,46,19,0,73,0,10,83,0,93,8,56,102,0,166,48,0,48,214
06/20/2008,MFR,OR,ANM,WE,Federal Contract Tower,10,51,19,1,81,0,3,84,0,87,10,54,103,1,168,20,2,22,190
06/21/2008,MFR,OR,ANM,WE,Federal Contract Tower,7,43,16,2,68,0,4,96,2,102,7,47,112,4,170,30,0,30,200
06/22/2008,MFR,OR,ANM,WE,Federal Contract Tower,8,39,17,0,64,0,6,83,0,89,8,45,100,0,153,42,0,42,195
06/23/2008,MFR,OR,ANM,WE,Federal Contract Tower,9,46,17,0,72,0,6,80,0,86,9,52,97,0,158,30,0,30,188
06/24/2008,MFR,OR,ANM,WE,Federal Contract Tower,8,54,5,0,67,0,7,92,0,99,8,61,97,0,166,64,0,64,230
06/25/2008,MFR,OR,ANM,WE,Federal Contract Tower,8,44,28,0,80,0,7,102,0,109,8,51,130,0,189,52,0,52,241
06/26/2008,MFR,OR,ANM,WE,Federal Contract Tower,8,49,9,0,66,0,6,79,0,85,8,55,88,0,151,24,0,24,175
06/27/2008,MFR,OR,ANM,WE,Federal Contract Tower,9,52,23,0,84,0,3,79,2,84,9,55,102,2,168,52,0,52,220
06/28/2008,MFR,OR,ANM,WE,Federal Contract Tower,6,47,14,0,67,0,1,65,0,66,6,48,79,0,133,2,0,2,135
06/29/2008,MFR,OR,ANM,WE,Federal Contract Tower,6,40,16,0,62,0,3,50,0,53,6,43,66,0,115,32,0,32,147
06/30/2008,MFR,OR,ANM,WE,Federal Contract Tower,9,52,14,0,75,0,5,47,0,52,9,57,61,0,127,4,0,4,131
07/01/2008,MFR,OR,ANM,WE,Federal Contract Tower,8,50,12,0,70,0,3,61,0,64,8,53,73,0,134,50,0,50,184
07/02/2008,MFR,OR,ANM,WE,Federal Contract Tower,5,54,22,0,81,0,4,37,0,41,5,58,59,0,122,4,0,4,126
07/03/2008,MFR,OR,ANM,WE,Federal Contract Tower,8,55,22,0,85,0,4,65,0,69,8,59,87,0,154,34,0,34,188
07/04/2008,MFR,OR,ANM,WE,Federal Contract Tower,5,28,43,2,78,5,26,14,2,47,10,54,57,4,125,2,0,2,127
07/05/2008,MFR,OR,ANM,WE,Federal Contract Tower,6,40,89,0,135,6,41,8,0,55,12,81,97,0,190,36,0,36,226
07/06/2008,MFR,OR,ANM,WE,Federal Contract Tower,8,41,9,0,58,0,5,53,0,58,8,46,62,0,116,12,0,12,128
07/07/2008,MFR,OR,ANM,WE,Federal Contract Tower,11,50,16,0,77,0,4,55,0,59,11,54,71,0,136,16,0,16,152
07/08/2008,MFR,OR,ANM,WE,Federal Contract Tower,8,50,9,0,67,0,4,71,2,77,8,54,80,2,144,34,0,34,178
07/09/2008,MFR,OR,ANM,WE,Federal Contract Tower,9,49,14,0,72,0,11,39,1,51,9,60,53,1,123,28,0,28,151
07/10/2008,MFR,OR,ANM,WE,Federal Contract Tower,8,49,12,0,69,0,10,82,0,92,8,59,94,0,161,22,0,22,183
07/11/2008,MFR,OR,ANM,WE,Federal Contract Tower,9,52,6,0,67,0,0,80,0,80,9,52,86,0,147,30,0,30,177
07/12/2008,MFR,OR,ANM,WE,Federal Contract Tower,8,44,105,0,157,8,38,8,0,54,16,82,113,0,211,26,0,26,237
07/13/2008,MFR,OR,ANM,WE,Federal Contract Tower,8,35,16,0,59,0,2,91,0,93,8,37,107,0,152,10,0,10,162
07/14/2008,MFR,OR,ANM,WE,Federal Contract Tower,10,54,8,0,72,0,4,65,0,69,10,58,73,0,141,24,0,24,165
07/15/2008,MFR,OR,ANM,WE,Federal Contract Tower,8,49,23,0,80,0,1,63,0,64,8,50,86,0,144,34,0,34,178
07/16/2008,MFR,OR,ANM,WE,Federal Contract Tower,6,49,5,0,60,0,7,58,0,65,6,56,63,0,125,20,0,20,145
07/17/2008,MFR,OR,ANM,WE,Federal Contract Tower,8,54,19,2,83,0,6,81,0,87,8,60,100,2,170,28,0,28,198
07/18/2008,MFR,OR,ANM,WE,Federal Contract Tower,10,47,19,0,76,0,7,62,0,69,10,54,81,0,145,8,0,8,153
07/19/2008,MFR,OR,ANM,WE,Federal Contract Tower,7,40,8,0,55,0,7,84,0,91,7,47,92,0,146,8,0,8,154
07/20/2008,MFR,OR,ANM,WE,Federal Contract Tower,10,41,7,0,58,0,2,61,0,63,10,43,68,0,121,10,0,10,131
07/21/2008,MFR,OR,ANM,WE,Federal Contract Tower,12,54,8,0,74,0,3,71,9,83,12,57,79,9,157,4,0,4,161
07/22/2008,MFR,OR,ANM,WE,Federal Contract Tower,9,54,19,3,85,0,3,71,7,81,9,57,90,10,166,18,0,18,184
07/23/2008,MFR,OR,ANM,WE,Federal Contract Tower,7,54,13,0,74,0,7,88,4,99,7,61,101,4,173,12,0,12,185
07/24/2008,MFR,OR,ANM,WE,Federal Contract Tower,8,58,16,0,82,0,7,137,2,146,8,65,153,2,228,38,0,38,266
07/25/2008,MFR,OR,ANM,WE,Federal Contract Tower,12,58,15,2,87,0,2,56,0,58,12,60,71,2,145,6,0,6,151
07/26/2008,MFR,OR,ANM,WE,Federal Contract Tower,7,38,11,0,56,0,1,78,0,79,7,39,89,0,135,32,0,32,167
07/27/2008,MFR,OR,ANM,WE,Federal Contract Tower,8,32,16,0,56,0,4,50,0,54,8,36,66,0,110,30,0,30,140
07/28/2008,MFR,OR,ANM,WE,Federal Contract Tower,10,46,14,0,70,0,3,82,2,87,10,49,96,2,157,16,0,16,173
07/29/2008,MFR,OR,ANM,WE,Federal Contract Tower,9,56,21,0,86,0,1,53,4,58,9,57,74,4,144,24,0,24,168
07/30/2008,MFR,OR,ANM,WE,Federal Contract Tower,7,55,20,0,82,0,8,59,2,69,7,63,79,2,151,36,0,36,187
07/31/2008,MFR,OR,ANM,WE,Federal Contract Tower,10,54,16,0,80,0,6,79,3,88,10,60,95,3,168,26,0,26,194
08/01/2008,MFR,OR,ANM,WE,Federal Contract Tower,10,54,22,0,86,0,0,72,4,76,10,54,94,4,162,0,0,0,162
08/02/2008,MFR,OR,ANM,WE,Federal Contract Tower,9,37,13,0,59,0,1,78,0,79,9,38,91,0,138,16,0,16,154
08/03/2008,MFR,OR,ANM,WE,Federal Contract Tower,10,34,17,0,61,0,3,60,0,63,10,37,77,0,124,18,0,18,142
08/04/2008,MFR,OR,ANM,WE,Federal Contract Tower,13,48,16,0,77,0,1,77,0,78,13,49,93,0,155,0,0,0,155
08/05/2008,MFR,OR,ANM,WE,Federal Contract Tower,8,52,16,0,76,0,7,51,0,58,8,59,67,0,134,18,0,18,152
08/06/2008,MFR,OR,ANM,WE,Federal Contract Tower,10,46,17,0,73,0,9,62,0,71,10,55,79,0,144,28,0,28,172
08/07/2008,MFR,OR,ANM,WE,Federal Contract Tower,9,49,19,0,77,0,10,66,1,77,9,59,85,1,154,24,2,26,180
08/08/2008,MFR,OR,ANM,WE,Federal Contract Tower,10,56,22,0,88,0,9,57,2,68,10,65,79,2,156,16,0,16,172
08/09/2008,MFR,OR,ANM,WE,Federal Contract Tower,8,38,23,0,69,0,4,83,0,87,8,42,106,0,156,16,0,16,172
08/10/2008,MFR,OR,ANM,WE,Federal Contract Tower,8,38,14,0,60,0,1,96,0,97,8,39,110,0,157,26,0,26,183
08/11/2008,MFR,OR,ANM,WE,Federal Contract Tower,10,48,15,0,73,0,3,61,0,64,10,51,76,0,137,6,0,6,143
08/12/2008,MFR,OR,ANM,WE,Federal Contract Tower,8,50,15,0,73,0,6,58,0,64,8,56,73,0,137,18,0,18,155
08/13/2008,MFR,OR,ANM,WE,Federal Contract Tower,10,43,23,0,76,0,8,110,0,118,10,51,133,0,194,64,0,64,258
08/14/2008,MFR,OR,ANM,WE,Federal Contract Tower,10,45,21,0,76,0,16,76,0,92,10,61,97,0,168,22,0,22,190
08/15/2008,MFR,OR,ANM,WE,Federal Contract Tower,9,53,34,1,97,0,3,135,2,140,9,56,169,3,237,28,0,28,265
08/16/2008,MFR,OR,ANM,WE,Federal Contract Tower,9,32,5,0,46,0,1,82,0,83,9,33,87,0,129,4,0,4,133
08/17/2008,MFR,OR,ANM,WE,Federal Contract Tower,12,32,18,0,62,0,4,100,0,104,12,36,118,0,166,4,0,4,170
08/18/2008,MFR,OR,ANM,WE,Federal Contract Tower,11,55,18,0,84,8,61,125,1,195,19,116,143,1,279,10,0,10,289
08/19/2008,MFR,OR,ANM,WE,Federal Contract Tower,8,54,22,0,84,4,30,97,3,134,12,84,119,3,218,24,0,24,242
08/20/2008,MFR,OR,ANM,WE,Federal Contract Tower,10,50,14,0,74,3,4,56,2,65,13,54,70,2,139,26,0,26,165
08/21/2008,MFR,OR,ANM,WE,Federal Contract Tower,9,51,7,0,67,1,12,83,4,100,10,63,90,4,167,24,0,24,191
08/22/2008,MFR,OR,ANM,WE,Federal Contract Tower,9,52,18,0,79,0,7,81,0,88,9,59,99,0,167,10,0,10,177
08/23/2008,MFR,OR,ANM,WE,Federal Contract Tower,6,36,11,0,53,0,5,131,0,136,6,41,142,0,189,44,0,44,233
08/24/2008,MFR,OR,ANM,WE,Federal Contract Tower,8,31,12,0,51,0,0,78,0,78,8,31,90,0,129,30,0,30,159
08/25/2008,MFR,OR,ANM,WE,Federal Contract Tower,13,49,23,6,91,0,5,45,0,50,13,54,68,6,141,16,0,16,157
08/26/2008,MFR,OR,ANM,WE,Federal Contract Tower,9,43,15,0,67,0,13,84,0,97,9,56,99,0,164,16,0,16,180
08/27/2008,MFR,OR,ANM,WE,Federal Contract Tower,11,44,15,0,70,0,5,72,0,77,11,49,87,0,147,32,0,32,179
08/28/2008,MFR,OR,ANM,WE,Federal Contract Tower,10,48,7,0,65,0,9,102,0,111,10,57,109,0,176,32,0,32,208
08/29/2008,MFR,OR,ANM,WE,Federal Contract Tower,12,41,14,0,67,0,4,79,0,83,12,45,93,0,150,8,0,8,158
08/30/2008,MFR,OR,ANM,WE,Federal Contract Tower,7,28,13,0,48,0,1,47,0,48,7,29,60,0,96,26,0,26,122
08/31/2008,MFR,OR,ANM,WE,Federal Contract Tower,7,14,8,0,29,0,2,46,0,48,7,16,54,0,77,14,0,14,91
09/01/2008,MFR,OR,ANM,WE,Federal Contract Tower,11,28,21,0,60,0,0,101,0,101,11,28,122,0,161,66,0,66,227
09/02/2008,MFR,OR,ANM,WE,Federal Contract Tower,8,35,9,2,54,0,3,68,0,71,8,38,77,2,125,10,0,10,135
09/03/2008,MFR,OR,ANM,WE,Federal Contract Tower,9,37,23,0,69,0,12,46,0,58,9,49,69,0,127,60,0,60,187
09/04/2008,MFR,OR,ANM,WE,Federal Contract Tower,11,44,13,0,68,0,8,89,0,97,11,52,102,0,165,72,0,72,237
09/05/2008,MFR,OR,ANM,WE,Federal Contract Tower,11,42,16,0,69,1,4,88,0,93,12,46,104,0,162,4,0,4,166
09/06/2008,MFR,OR,ANM,WE,Federal Contract Tower,6,27,17,0,50,0,2,85,0,87,6,29,102,0,137,30,0,30,167
09/07/2008,MFR,OR,ANM,WE,Federal Contract Tower,11,24,14,0,49,0,2,87,0,89,11,26,101,0,138,50,0,50,188
09/08/2008,MFR,OR,ANM,WE,Federal Contract Tower,16,32,18,0,66,4,12,66,0,82,20,44,84,0,148,44,0,44,192
09/09/2008,MFR,OR,ANM,WE,Federal Contract Tower,12,39,15,0,66,4,9,85,0,98,16,48,100,0,164,16,0,16,180
09/10/2008,MFR,OR,ANM,WE,Federal Contract Tower,11,42,15,4,72,0,10,70,0,80,11,52,85,4,152,26,0,26,178
09/11/2008,MFR,OR,ANM,WE,Federal Contract Tower,12,40,19,0,71,0,10,69,2,81,12,50,88,2,152,22,0,22,174
09/12/2008,MFR,OR,ANM,WE,Federal Contract Tower,16,37,17,0,70,12,22,96,0,130,28,59,113,0,200,10,0,10,210
09/13/2008,MFR,OR,ANM,WE,Federal Contract Tower,8,32,9,0,49,0,3,67,0,70,8,35,76,0,119,31,0,31,150
09/14/2008,MFR,OR,ANM,WE,Federal Contract Tower,12,23,15,0,50,1,26,79,0,106,13,49,94,0,156,72,0,72,228
09/15/2008,MFR,OR,ANM,WE,Federal Contract Tower,14,33,13,0,60,0,30,58,0,88,14,63,71,0,148,6,0,6,154
09/16/2008,MFR,OR,ANM,WE,Federal Contract Tower,12,38,12,0,62,0,21,60,0,81,12,59,72,0,143,26,0,26,169
09/17/2008,MFR,OR,ANM,WE,Federal Contract Tower,12,39,15,0,66,12,38,68,0,118,24,77,83,0,184,12,0,12,196
09/18/2008,MFR,OR,ANM,WE,Federal Contract Tower,15,38,18,0,71,8,18,52,0,78,23,56,70,0,149,10,0,10,159
09/19/2008,MFR,OR,ANM,WE,Federal Contract Tower,13,42,13,0,68,0,4,75,0,79,13,46,88,0,147,44,0,44,191
09/20/2008,MFR,OR,ANM,WE,Federal Contract Tower,8,26,11,2,47,0,1,43,0,44,8,27,54,2,91,50,4,54,145
09/21/2008,MFR,OR,ANM,WE,Federal Contract Tower,13,21,28,0,62,1,0,40,0,41,14,21,68,0,103,50,0,50,153
09/22/2008,MFR,OR,ANM,WE,Federal Contract Tower,14,39,15,0,68,0,3,39,0,42,14,42,54,0,110,56,0,56,166
09/23/2008,MFR,OR,ANM,WE,Federal Contract Tower,12,45,16,0,73,0,5,72,0,77,12,50,88,0,150,18,0,18,168
09/24/2008,MFR,OR,ANM,WE,Federal Contract Tower,12,46,16,0,74,0,4,53,0,57,12,50,69,0,131,24,0,24,155
09/25/2008,MFR,OR,ANM,WE,Federal Contract Tower,11,41,24,0,76,0,0,61,0,61,11,41,85,0,137,34,0,34,171
09/26/2008,MFR,OR,ANM,WE,Federal Contract Tower,14,39,21,1,75,9,9,88,2,108,23,48,109,3,183,36,4,40,223
09/27/2008,MFR,OR,ANM,WE,Federal Contract Tower,12,27,12,1,52,0,3,249,2,254,12,30,261,3,306,70,4,74,380
09/28/2008,MFR,OR,ANM,WE,Federal Contract Tower,12,21,10,0,43,2,0,181,2,185,14,21,191,2,228,70,6,76,304
09/29/2008,MFR,OR,ANM,WE,Federal Contract Tower,14,39,12,1,66,1,5,73,0,79,15,44,85,1,145,28,0,28,173
09/30/2008,MFR,OR,ANM,WE,Federal Contract Tower,12,44,7,0,63,0,5,56,0,61,12,49,63,0,124,18,0,18,142
10/01/2008,MFR,OR,ANM,WE,Federal Contract Tower,12,40,12,0,64,0,5,43,0,48,12,45,55,0,112,22,0,22,134
10/02/2008,MFR,OR,ANM,WE,Federal Contract Tower,8,45,25,0,78,0,0,18,0,18,8,45,43,0,96,10,0,10,106
10/03/2008,MFR,OR,ANM,WE,Federal Contract Tower,12,38,20,0,70,0,3,13,9,25,12,41,33,9,95,0,0,0,95
10/04/2008,MFR,OR,ANM,WE,Federal Contract Tower,9,30,10,0,49,0,0,12,0,12,9,30,22,0,61,8,0,8,69
10/05/2008,MFR,OR,ANM,WE,Federal Contract Tower,12,22,25,1,60,0,1,29,0,30,12,23,54,1,90,42,2,44,134
10/06/2008,MFR,OR,ANM,WE,Federal Contract Tower,14,41,15,0,70,0,1,42,0,43,14,42,57,0,113,46,0,46,159
10/07/2008,MFR,OR,ANM,WE,Federal Contract Tower,11,48,19,1,79,0,0,14,0,14,11,48,33,1,93,18,0,18,111
10/08/2008,MFR,OR,ANM,WE,Federal Contract Tower,12,34,11,0,57,0,4,39,2,45,12,38,50,2,102,8,0,8,110
10/09/2008,MFR,OR,ANM,WE,Federal Contract Tower,12,35,16,0,63,0,5,29,0,34,12,40,45,0,97,26,0,26,123
10/10/2008,MFR,OR,ANM,WE,Federal Contract Tower,13,41,21,0,75,0,2,27,0,29,13,43,48,0,104,6,0,6,110
10/11/2008,MFR,OR,ANM,WE,Federal Contract Tower,8,25,6,0,39,0,3,55,2,60,8,28,61,2,99,24,0,24,123
10/12/2008,MFR,OR,ANM,WE,Federal Contract Tower,13,25,14,0,52,0,4,38,0,42,13,29,52,0,94,10,0,10,104
10/13/2008,MFR,OR,ANM,WE,Federal Contract Tower,13,37,17,0,67,0,4,46,0,50,13,41,63,0,117,62,0,62,179
10/14/2008,MFR,OR,ANM,WE,Federal Contract Tower,10,37,10,0,57,0,5,42,0,47,10,42,52,0,104,55,0,55,159
10/15/2008,MFR,OR,ANM,WE,Federal Contract Tower,13,44,10,0,67,0,1,61,0,62,13,45,71,0,129,32,0,32,161
10/16/2008,MFR,OR,ANM,WE,Federal Contract Tower,10,36,14,0,60,0,3,65,2,70,10,39,79,2,130,38,0,38,168
10/17/2008,MFR,OR,ANM,WE,Federal Contract Tower,15,50,11,0,76,0,3,72,0,75,15,53,83,0,151,56,0,56,207
10/18/2008,MFR,OR,ANM,WE,Federal Contract Tower,9,28,16,0,53,0,1,45,0,46,9,29,61,0,99,50,0,50,149
10/19/2008,MFR,OR,ANM,WE,Federal Contract Tower,13,28,13,0,54,0,1,3,0,4,13,29,16,0,58,28,0,28,86
10/20/2008,MFR,OR,ANM,WE,Federal Contract Tower,14,41,17,0,72,0,0,24,0,24,14,41,41,0,96,0,0,0,96
10/21/2008,MFR,OR,ANM,WE,Federal Contract Tower,13,36,13,0,62,0,7,45,0,52,13,43,58,0,114,38,0,38,152
10/22/2008,MFR,OR,ANM,WE,Federal Contract Tower,12,39,7,0,58,0,2,62,0,64,12,41,69,0,122,30,0,30,152
10/23/2008,MFR,OR,ANM,WE,Federal Contract Tower,13,36,9,0,58,0,5,57,0,62,13,41,66,0,120,32,0,32,152
10/24/2008,MFR,OR,ANM,WE,Federal Contract Tower,17,38,10,0,65,0,2,47,0,49,17,40,57,0,114,14,0,14,128
10/25/2008,MFR,OR,ANM,WE,Federal Contract Tower,11,29,2,0,42,0,2,83,0,85,11,31,85,0,127,60,0,60,187
10/26/2008,MFR,OR,ANM,WE,Federal Contract Tower,13,23,6,0,42,0,1,57,0,58,13,24,63,0,100,12,0,12,112
10/27/2008,MFR,OR,ANM,WE,Federal Contract Tower,17,36,10,0,63,0,4,66,0,70,17,40,76,0,133,30,0,30,163
10/28/2008,MFR,OR,ANM,WE,Federal Contract Tower,12,36,9,0,57,0,5,54,0,59,12,41,63,0,116,38,0,38,154
10/29/2008,MFR,OR,ANM,WE,Federal Contract Tower,12,36,4,2,54,0,6,69,0,75,12,42,73,2,129,24,0,24,153
10/30/2008,MFR,OR,ANM,WE,Federal Contract Tower,10,37,9,0,56,0,4,36,2,42,10,41,45,2,98,26,0,26,124
10/31/2008,MFR,OR,ANM,WE,Federal Contract Tower,16,34,12,0,62,0,3,15,0,18,16,37,27,0,80,0,0,0,80
11/01/2008,MFR,OR,ANM,WE,Federal Contract Tower,9,24,8,0,41,0,0,5,0,5,9,24,13,0,46,0,0,0,46
11/02/2008,MFR,OR,ANM,WE,Federal Contract Tower,10,22,14,0,46,0,1,14,0,15,10,23,28,0,61,32,0,32,93
11/03/2008,MFR,OR,ANM,WE,Federal Contract Tower,16,38,10,0,64,0,0,3,0,3,16,38,13,0,67,4,0,4,71
11/04/2008,MFR,OR,ANM,WE,Federal Contract Tower,11,39,10,0,60,0,4,4,0,8,11,43,14,0,68,16,0,16,84
11/05/2008,MFR,OR,ANM,WE,Federal Contract Tower,13,40,9,0,62,0,0,4,0,4,13,40,13,0,66,12,0,12,78
11/06/2008,MFR,OR,ANM,WE,Federal Contract Tower,9,41,15,2,67,0,0,6,0,6,9,41,21,2,73,4,0,4,77
11/07/2008,MFR,OR,ANM,WE,Federal Contract Tower,17,54,13,0,84,0,3,11,0,14,17,57,24,0,98,0,0,0,98
11/08/2008,MFR,OR,ANM,WE,Federal Contract Tower,10,28,6,0,44,0,0,4,0,4,10,28,10,0,48,6,0,6,54
11/09/2008,MFR,OR,ANM,WE,Federal Contract Tower,13,25,11,0,49,0,0,6,0,6,13,25,17,0,55,0,0,0,55
11/10/2008,MFR,OR,ANM,WE,Federal Contract Tower,16,37,13,0,66,0,0,6,0,6,16,37,19,0,72,2,0,2,74
11/11/2008,MFR,OR,ANM,WE,Federal Contract Tower,13,42,11,0,66,0,0,0,0,0,13,42,11,0,66,0,0,0,66
11/12/2008,MFR,OR,ANM,WE,Federal Contract Tower,12,43,22,0,77,0,4,2,0,6,12,47,24,0,83,4,0,4,87
11/13/2008,MFR,OR,ANM,WE,Federal Contract Tower,9,48,15,0,72,0,1,17,0,18,9,49,32,0,90,12,0,12,102
11/14/2008,MFR,OR,ANM,WE,Federal Contract Tower,16,40,21,0,77,0,0,54,0,54,16,40,75,0,131,18,0,18,149
11/15/2008,MFR,OR,ANM,WE,Federal Contract Tower,7,27,9,0,43,0,0,48,0,48,7,27,57,0,91,20,0,20,111
11/16/2008,MFR,OR,ANM,WE,Federal Contract Tower,13,22,13,0,48,0,0,43,0,43,13,22,56,0,91,6,0,6,97
11/17/2008,MFR,OR,ANM,WE,Federal Contract Tower,14,38,11,0,63,0,1,12,0,13,14,39,23,0,76,18,0,18,94
11/18/2008,MFR,OR,ANM,WE,Federal Contract Tower,11,34,16,0,61,0,5,31,0,36,11,39,47,0,97,10,0,10,107
11/19/2008,MFR,OR,ANM,WE,Federal Contract Tower,12,39,13,0,64,0,0,13,0,13,12,39,26,0,77,20,0,20,97
11/20/2008,MFR,OR,ANM,WE,Federal Contract Tower,14,40,19,0,73,0,0,19,0,19,14,40,38,0,92,34,0,34,126
11/21/2008,MFR,OR,ANM,WE,Federal Contract Tower,14,58,18,0,90,0,0,41,0,41,14,58,59,0,131,10,0,10,141
11/22/2008,MFR,OR,ANM,WE,Federal Contract Tower,13,29,7,0,49,0,0,8,0,8,13,29,15,0,57,12,0,12,69
11/23/2008,MFR,OR,ANM,WE,Federal Contract Tower,11,33,11,0,55,0,0,51,0,51,11,33,62,0,106,40,0,40,146
11/24/2008,MFR,OR,ANM,WE,Federal Contract Tower,17,41,11,0,69,0,0,29,0,29,17,41,40,0,98,90,0,90,188
11/25/2008,MFR,OR,ANM,WE,Federal Contract Tower,14,43,13,8,78,0,0,12,0,12,14,43,25,8,90,0,8,8,98
11/26/2008,MFR,OR,ANM,WE,Federal Contract Tower,12,42,13,0,67,0,0,0,0,0,12,42,13,0,67,0,0,0,67
11/27/2008,MFR,OR,ANM,WE,Federal Contract Tower,12,13,5,0,30,0,0,0,0,0,12,13,5,0,30,4,0,4,34
11/28/2008,MFR,OR,ANM,WE,Federal Contract Tower,14,36,14,0,64,0,3,13,0,16,14,39,27,0,80,0,0,0,80
11/29/2008,MFR,OR,ANM,WE,Federal Contract Tower,11,22,13,0,46,0,0,0,0,0,11,22,13,0,46,4,0,4,50
11/30/2008,MFR,OR,ANM,WE,Federal Contract Tower,7,12,12,0,31,0,0,0,0,0,7,12,12,0,31,0,0,0,31
12/01/2008,MFR,OR,ANM,WE,Federal Contract Tower,11,30,20,0,61,0,0,0,0,0,11,30,20,0,61,4,0,4,65
12/02/2008,MFR,OR,ANM,WE,Federal Contract Tower,15,52,10,0,77,0,1,55,0,56,15,53,65,0,133,32,0,32,165
12/03/2008,MFR,OR,ANM,WE,Federal Contract Tower,13,46,21,0,80,0,0,0,0,0,13,46,21,0,80,0,0,0,80
12/04/2008,MFR,OR,ANM,WE,Federal Contract Tower,13,44,20,0,77,0,0,0,0,0,13,44,20,0,77,0,0,0,77
12/05/2008,MFR,OR,ANM,WE,Federal Contract Tower,16,43,14,0,73,0,2,55,0,57,16,45,69,0,130,38,0,38,168
12/06/2008,MFR,OR,ANM,WE,Federal Contract Tower,11,28,6,0,45,0,0,29,0,29,11,28,35,0,74,30,0,30,104
12/07/2008,MFR,OR,ANM,WE,Federal Contract Tower,14,19,20,0,53,0,0,17,0,17,14,19,37,0,70,24,0,24,94
12/08/2008,MFR,OR,ANM,WE,Federal Contract Tower,14,40,10,0,64,0,0,9,0,9,14,40,19,0,73,26,0,26,99
12/09/2008,MFR,OR,ANM,WE,Federal Contract Tower,13,37,12,0,62,0,0,41,0,41,13,37,53,0,103,38,0,38,141
12/10/2008,MFR,OR,ANM,WE,Federal Contract Tower,11,45,8,0,64,0,0,36,0,36,11,45,44,0,100,54,0,54,154
12/11/2008,MFR,OR,ANM,WE,Federal Contract Tower,12,45,18,0,75,0,1,42,0,43,12,46,60,0,118,20,0,20,138
12/12/2008,MFR,OR,ANM,WE,Federal Contract Tower,14,45,7,0,66,0,1,2,0,3,14,46,9,0,69,0,0,0,69
12/13/2008,MFR,OR,ANM,WE,Federal Contract Tower,11,27,3,0,41,0,0,10,0,10,11,27,13,0,51,32,0,32,83
12/14/2008,MFR,OR,ANM,WE,Federal Contract Tower,12,20,7,0,39,0,0,0,0,0,12,20,7,0,39,0,0,0,39
12/15/2008,MFR,OR,ANM,WE,Federal Contract Tower,19,43,8,0,70,0,1,7,0,8,19,44,15,0,78,6,0,6,84
12/16/2008,MFR,OR,ANM,WE,Federal Contract Tower,13,47,8,0,68,0,1,28,0,29,13,48,36,0,97,8,0,8,105
12/17/2008,MFR,OR,ANM,WE,Federal Contract Tower,10,45,14,4,73,0,0,24,0,24,10,45,38,4,97,26,0,26,123
12/18/2008,MFR,OR,ANM,WE,Federal Contract Tower,10,50,4,0,64,0,0,0,0,0,10,50,4,0,64,0,0,0,64
12/19/2008,MFR,OR,ANM,WE,Federal Contract Tower,17,55,13,0,85,0,0,7,0,7,17,55,20,0,92,2,0,2,94
12/20/2008,MFR,OR,ANM,WE,Federal Contract Tower,7,30,11,0,48,0,2,8,0,10,7,32,19,0,58,8,0,8,66
12/21/2008,MFR,OR,ANM,WE,Federal Contract Tower,3,14,5,0,22,0,0,0,0,0,3,14,5,0,22,0,0,0,22
12/22/2008,MFR,OR,ANM,WE,Federal Contract Tower,10,18,8,0,36,0,0,8,0,8,10,18,16,0,44,0,0,0,44
12/23/2008,MFR,OR,ANM,WE,Federal Contract Tower,8,48,14,0,70,0,7,17,0,24,8,55,31,0,94,6,0,6,100
12/24/2008,MFR,OR,ANM,WE,Federal Contract Tower,8,47,2,0,57,0,0,0,0,0,8,47,2,0,57,0,0,0,57
12/25/2008,MFR,OR,ANM,WE,Federal Contract Tower,10,20,1,0,31,0,0,2,0,2,10,20,3,0,33,0,0,0,33
12/26/2008,MFR,OR,ANM,WE,Federal Contract Tower,9,50,9,0,68,0,2,11,0,13,9,52,20,0,81,12,0,12,93
12/27/2008,MFR,OR,ANM,WE,Federal Contract Tower,7,27,8,0,42,0,0,0,0,0,7,27,8,0,42,0,0,0,42
12/28/2008,MFR,OR,ANM,WE,Federal Contract Tower,10,24,9,0,43,0,1,4,0,5,10,25,13,0,48,6,0,6,54
12/29/2008,MFR,OR,ANM,WE,Federal Contract Tower,14,29,5,0,48,0,0,7,0,7,14,29,12,0,55,2,0,2,57
12/30/2008,MFR,OR,ANM,WE,Federal Contract Tower,9,41,20,0,70,0,4,10,0,14,9,45,30,0,84,10,0,10,94
12/31/2008,MFR,OR,ANM,WE,Federal Contract Tower,11,41,18,0,70,0,2,23,0,25,11,43,41,0,95,28,0,28,123
01/01/2009,MFR,OR,ANM,WE,Federal Contract Tower,11,17,5,0,33,0,0,0,0,0,11,17,5,0,33,0,0,0,33
01/02/2009,MFR,OR,ANM,WE,Federal Contract Tower,13,46,14,0,73,0,2,14,0,16,13,48,28,0,89,20,0,20,109
01/03/2009,MFR,OR,ANM,WE,Federal Contract Tower,11,25,4,0,40,0,3,42,0,45,11,28,46,0,85,28,0,28,113
01/04/2009,MFR,OR,ANM,WE,Federal Contract Tower,10,22,6,0,38,0,2,14,0,16,10,24,20,0,54,20,0,20,74
01/05/2009,MFR,OR,ANM,WE,Federal Contract Tower,14,34,3,0,51,0,0,9,0,9,14,34,12,0,60,14,0,14,74
01/06/2009,MFR,OR,ANM,WE,Federal Contract Tower,11,32,15,0,58,0,0,7,0,7,11,32,22,0,65,16,0,16,81
01/07/2009,MFR,OR,ANM,WE,Federal Contract Tower,9,39,9,2,59,0,0,30,0,30,9,39,39,2,89,30,0,30,119
01/08/2009,MFR,OR,ANM,WE,Federal Contract Tower,12,37,9,1,59,0,1,13,0,14,12,38,22,1,73,22,0,22,95
01/09/2009,MFR,OR,ANM,WE,Federal Contract Tower,12,46,6,0,64,0,2,48,0,50,12,48,54,0,114,18,0,18,132
01/10/2009,MFR,OR,ANM,WE,Federal Contract Tower,7,20,3,0,30,0,4,32,0,36,7,24,35,0,66,8,0,8,74
01/11/2009,MFR,OR,ANM,WE,Federal Contract Tower,10,17,8,0,35,0,1,36,0,37,10,18,44,0,72,40,0,40,112
01/12/2009,MFR,OR,ANM,WE,Federal Contract Tower,15,37,15,0,67,0,0,39,0,39,15,37,54,0,106,8,0,8,114
01/13/2009,MFR,OR,ANM,WE,Federal Contract Tower,7,26,5,0,38,0,0,5,0,5,7,26,10,0,43,36,0,36,79
01/14/2009,MFR,OR,ANM,WE,Federal Contract Tower,5,30,14,1,50,0,0,0,0,0,5,30,14,1,50,0,0,0,50
01/15/2009,MFR,OR,ANM,WE,Federal Contract Tower,7,31,15,0,53,0,0,0,0,0,7,31,15,0,53,0,0,0,53
01/16/2009,MFR,OR,ANM,WE,Federal Contract Tower,14,31,15,0,60,0,1,7,0,8,14,32,22,0,68,8,0,8,76
01/17/2009,MFR,OR,ANM,WE,Federal Contract Tower,8,23,16,1,48,0,0,12,0,12,8,23,28,1,60,16,0,16,76
01/18/2009,MFR,OR,ANM,WE,Federal Contract Tower,11,16,10,0,37,0,0,54,0,54,11,16,64,0,91,80,0,80,171
01/19/2009,MFR,OR,ANM,WE,Federal Contract Tower,15,27,5,0,47,0,0,46,0,46,15,27,51,0,93,26,0,26,119
01/20/2009,MFR,OR,ANM,WE,Federal Contract Tower,11,36,11,0,58,0,2,59,0,61,11,38,70,0,119,42,0,42,161
01/21/2009,MFR,OR,ANM,WE,Federal Contract Tower,11,40,8,5,64,0,0,31,10,41,11,40,39,15,105,10,0,10,115
01/22/2009,MFR,OR,ANM,WE,Federal Contract Tower,12,46,8,2,68,0,2,31,0,33,12,48,39,2,101,42,0,42,143
01/23/2009,MFR,OR,ANM,WE,Federal Contract Tower,13,38,16,0,67,0,8,33,0,41,13,46,49,0,108,22,0,22,130
01/24/2009,MFR,OR,ANM,WE,Federal Contract Tower,6,28,13,0,47,0,0,11,0,11,6,28,24,0,58,12,0,12,70
01/25/2009,MFR,OR,ANM,WE,Federal Contract Tower,9,18,5,1,33,0,0,2,0,2,9,18,7,1,35,0,0,0,35
01/26/2009,MFR,OR,ANM,WE,Federal Contract Tower,13,31,9,0,53,0,0,27,0,27,13,31,36,0,80,30,0,30,110
01/27/2009,MFR,OR,ANM,WE,Federal Contract Tower,14,34,10,0,58,0,0,26,0,26,14,34,36,0,84,24,0,24,108
01/28/2009,MFR,OR,ANM,WE,Federal Contract Tower,11,38,10,0,59,0,0,13,0,13,11,38,23,0,72,14,0,14,86
01/29/2009,MFR,OR,ANM,WE,Federal Contract Tower,10,38,11,0,59,0,3,18,0,21,10,41,29,0,80,14,0,14,94
01/30/2009,MFR,OR,ANM,WE,Federal Contract Tower,14,41,19,0,74,0,2,16,0,18,14,43,35,0,92,12,0,12,104
01/31/2009,MFR,OR,ANM,WE,Federal Contract Tower,10,21,8,0,39,0,0,33,0,33,10,21,41,0,72,26,0,26,98
02/01/2009,MFR,OR,ANM,WE,Federal Contract Tower,12,20,9,0,41,0,1,18,0,19,12,21,27,0,60,16,0,16,76
02/02/2009,MFR,OR,ANM,WE,Federal Contract Tower,18,34,3,0,55,0,3,40,0,43,18,37,43,0,98,38,0,38,136
02/03/2009,MFR,OR,ANM,WE,Federal Contract Tower,14,37,11,0,62,0,1,45,0,46,14,38,56,0,108,38,0,38,146
02/04/2009,MFR,OR,ANM,WE,Federal Contract Tower,14,38,8,0,60,0,1,50,0,51,14,39,58,0,111,48,0,48,159
02/05/2009,MFR,OR,ANM,WE,Federal Contract Tower,14,35,15,0,64,0,4,31,0,35,14,39,46,0,99,32,0,32,131
02/06/2009,MFR,OR,ANM,WE,Federal Contract Tower,17,41,12,3,73,0,0,12,0,12,17,41,24,3,85,0,2,2,87
02/07/2009,MFR,OR,ANM,WE,Federal Contract Tower,11,22,5,3,41,0,0,29,0,29,11,22,34,3,70,8,0,8,78
02/08/2009,MFR,OR,ANM,WE,Federal Contract Tower,12,17,19,0,48,0,0,34,0,34,12,17,53,0,82,32,0,32,114
02/09/2009,MFR,OR,ANM,WE,Federal Contract Tower,18,35,5,0,58,0,2,22,0,24,18,37,27,0,82,10,0,10,92
02/10/2009,MFR,OR,ANM,WE,Federal Contract Tower,14,35,8,0,57,0,1,2,0,3,14,36,10,0,60,8,0,8,68
02/11/2009,MFR,OR,ANM,WE,Federal Contract Tower,12,40,10,0,62,0,4,11,0,15,12,44,21,0,77,6,0,6,83
02/12/2009,MFR,OR,ANM,WE,Federal Contract Tower,15,36,7,1,59,0,0,26,2,28,15,36,33,3,87,26,2,28,115
02/13/2009,MFR,OR,ANM,WE,Federal Contract Tower,18,38,9,0,65,0,0,2,1,3,18,38,11,1,68,0,0,0,68
02/14/2009,MFR,OR,ANM,WE,Federal Contract Tower,10,20,9,0,39,0,1,7,0,8,10,21,16,0,47,4,0,4,51
02/15/2009,MFR,OR,ANM,WE,Federal Contract Tower,12,18,2,0,32,0,0,4,0,4,12,18,6,0,36,18,0,18,54
02/16/2009,MFR,OR,ANM,WE,Federal Contract Tower,17,30,11,0,58,0,3,6,0,9,17,33,17,0,67,0,0,0,67
02/17/2009,MFR,OR,ANM,WE,Federal Contract Tower,14,33,11,0,58,0,5,27,0,32,14,38,38,0,90,28,0,28,118
02/18/2009,MFR,OR,ANM,WE,Federal Contract Tower,14,38,10,0,62,0,1,47,0,48,14,39,57,0,110,16,0,16,126
02/19/2009,MFR,OR,ANM,WE,Federal Contract Tower,17,37,5,0,59,2,43,2,0,47,19,80,7,0,106,18,0,18,124
02/20/2009,MFR,OR,ANM,WE,Federal Contract Tower,18,38,12,0,68,0,6,61,0,67,18,44,73,0,135,40,0,40,175
02/21/2009,MFR,OR,ANM,WE,Federal Contract Tower,8,19,8,0,35,0,3,43,0,46,8,22,51,0,81,32,0,32,113
02/22/2009,MFR,OR,ANM,WE,Federal Contract Tower,12,20,15,0,47,0,0,5,0,5,12,20,20,0,52,8,0,8,60
02/23/2009,MFR,OR,ANM,WE,Federal Contract Tower,17,29,7,0,53,0,0,0,0,0,17,29,7,0,53,0,0,0,53
02/24/2009,MFR,OR,ANM,WE,Federal Contract Tower,14,33,7,0,54,0,3,14,0,17,14,36,21,0,71,28,0,28,99
02/25/2009,MFR,OR,ANM,WE,Federal Contract Tower,16,41,13,0,70,0,0,12,0,12,16,41,25,0,82,2,0,2,84
02/26/2009,MFR,OR,ANM,WE,Federal Contract Tower,14,33,14,0,61,0,0,0,0,0,14,33,14,0,61,0,0,0,61
02/27/2009,MFR,OR,ANM,WE,Federal Contract Tower,17,42,5,0,64,0,4,41,0,45,17,46,46,0,109,4,0,4,113
02/28/2009,MFR,OR,ANM,WE,Federal Contract Tower,10,19,5,0,34,0,0,58,0,58,10,19,63,0,92,18,0,18,110
03/01/2009,MFR,OR,ANM,WE,Federal Contract Tower,12,19,7,0,38,0,0,0,0,0,12,19,7,0,38,0,0,0,38
03/02/2009,MFR,OR,ANM,WE,Federal Contract Tower,14,32,12,0,58,0,1,6,0,7,14,33,18,0,65,0,0,0,65
03/03/2009,MFR,OR,ANM,WE,Federal Contract Tower,13,38,14,0,65,0,0,3,0,3,13,38,17,0,68,2,0,2,70
03/04/2009,MFR,OR,ANM,WE,Federal Contract Tower,14,40,11,0,65,0,0,5,0,5,14,40,16,0,70,10,0,10,80
03/05/2009,MFR,OR,ANM,WE,Federal Contract Tower,13,42,14,0,69,0,0,20,0,20,13,42,34,0,89,26,0,26,115
03/06/2009,MFR,OR,ANM,WE,Federal Contract Tower,18,34,6,2,60,0,4,19,0,23,18,38,25,2,83,22,0,22,105
03/07/2009,MFR,OR,ANM,WE,Federal Contract Tower,11,20,6,0,37,0,1,35,0,36,11,21,41,0,73,34,0,34,107
03/08/2009,MFR,OR,ANM,WE,Federal Contract Tower,13,24,4,0,41,0,1,12,0,13,13,25,16,0,54,26,0,26,80
03/09/2009,MFR,OR,ANM,WE,Federal Contract Tower,16,37,15,0,68,0,0,12,0,12,16,37,27,0,80,8,0,8,88
03/10/2009,MFR,OR,ANM,WE,Federal Contract Tower,14,39,9,0,62,0,6,30,0,36,14,45,39,0,98,6,0,6,104
03/11/2009,MFR,OR,ANM,WE,Federal Contract Tower,12,36,11,1,60,0,4,62,1,67,12,40,73,2,127,36,0,36,163
03/12/2009,MFR,OR,ANM,WE,Federal Contract Tower,14,36,16,0,66,0,5,77,0,82,14,41,93,0,148,54,0,54,202
03/13/2009,MFR,OR,ANM,WE,Federal Contract Tower,18,37,6,0,61,0,2,72,0,74,18,39,78,0,135,46,0,46,181
03/14/2009,MFR,OR,ANM,WE,Federal Contract Tower,10,23,6,0,39,0,2,38,0,40,10,25,44,0,79,36,0,36,115
03/15/2009,MFR,OR,ANM,WE,Federal Contract Tower,12,24,8,0,44,0,0,2,0,2,12,24,10,0,46,8,0,8,54
03/16/2009,MFR,OR,ANM,WE,Federal Contract Tower,19,35,7,0,61,0,0,16,0,16,19,35,23,0,77,0,0,0,77
03/17/2009,MFR,OR,ANM,WE,Federal Contract Tower,13,39,26,0,78,0,0,28,0,28,13,39,54,0,106,20,0,20,126
03/18/2009,MFR,OR,ANM,WE,Federal Contract Tower,14,36,24,0,74,0,0,50,0,50,14,36,74,0,124,58,0,58,182
03/19/2009,MFR,OR,ANM,WE,Federal Contract Tower,18,39,17,0,74,0,6,46,0,52,18,45,63,0,126,14,0,14,140
03/20/2009,MFR,OR,ANM,WE,Federal Contract Tower,18,37,3,0,58,0,4,39,0,43,18,41,42,0,101,32,0,32,133
03/21/2009,MFR,OR,ANM,WE,Federal Contract Tower,10,22,11,0,43,0,0,16,0,16,10,22,27,0,59,0,0,0,59
03/22/2009,MFR,OR,ANM,WE,Federal Contract Tower,12,27,8,0,47,0,1,5,0,6,12,28,13,0,53,0,0,0,53
03/23/2009,MFR,OR,ANM,WE,Federal Contract Tower,17,33,15,0,65,0,4,19,0,23,17,37,34,0,88,4,0,4,92
03/24/2009,MFR,OR,ANM,WE,Federal Contract Tower,14,36,13,0,63,0,1,37,0,38,14,37,50,0,101,20,0,20,121
03/25/2009,MFR,OR,ANM,WE,Federal Contract Tower,14,34,6,0,54,0,1,8,0,9,14,35,14,0,63,10,0,10,73
03/26/2009,MFR,OR,ANM,WE,Federal Contract Tower,12,42,10,0,64,0,2,45,0,47,12,44,55,0,111,22,0,22,133
03/27/2009,MFR,OR,ANM,WE,Federal Contract Tower,16,34,10,2,62,0,7,53,0,60,16,41,63,2,122,20,0,20,142
03/28/2009,MFR,OR,ANM,WE,Federal Contract Tower,10,19,7,0,36,0,3,43,0,46,10,22,50,0,82,34,0,34,116
03/29/2009,MFR,OR,ANM,WE,Federal Contract Tower,14,24,17,0,55,0,0,13,0,13,14,24,30,0,68,28,0,28,96
03/30/2009,MFR,OR,ANM,WE,Federal Contract Tower,17,32,4,0,53,0,4,36,0,40,17,36,40,0,93,6,0,6,99
03/31/2009,MFR,OR,ANM,WE,Federal Contract Tower,16,34,10,0,60,0,3,50,0,53,16,37,60,0,113,26,0,26,139
04/01/2009,MFR,OR,ANM,WE,Federal Contract Tower,15,37,12,0,64,0,1,24,0,25,15,38,36,0,89,8,0,8,97
04/02/2009,MFR,OR,ANM,WE,Federal Contract Tower,16,42,8,0,66,0,0,27,0,27,16,42,35,0,93,20,0,20,113
04/03/2009,MFR,OR,ANM,WE,Federal Contract Tower,19,38,13,0,70,0,0,31,0,31,19,38,44,0,101,22,0,22,123
04/04/2009,MFR,OR,ANM,WE,Federal Contract Tower,11,21,11,0,43,0,5,71,0,76,11,26,82,0,119,26,0,26,145
04/05/2009,MFR,OR,ANM,WE,Federal Contract Tower,17,25,5,0,47,0,3,58,0,61,17,28,63,0,108,62,0,62,170
04/06/2009,MFR,OR,ANM,WE,Federal Contract Tower,18,31,3,0,52,0,4,60,0,64,18,35,63,0,116,50,0,50,166
04/07/2009,MFR,OR,ANM,WE,Federal Contract Tower,17,32,10,2,61,0,1,59,0,60,17,33,69,2,121,40,0,40,161
04/08/2009,MFR,OR,ANM,WE,Federal Contract Tower,17,37,13,0,67,0,0,43,0,43,17,37,56,0,110,58,0,58,168
04/09/2009,MFR,OR,ANM,WE,Federal Contract Tower,16,35,12,0,63,0,0,12,0,12,16,35,24,0,75,30,0,30,105
04/10/2009,MFR,OR,ANM,WE,Federal Contract Tower,23,42,17,0,82,0,0,25,0,25,23,42,42,0,107,50,0,50,157
04/11/2009,MFR,OR,ANM,WE,Federal Contract Tower,14,23,14,0,51,0,3,41,0,44,14,26,55,0,95,20,0,20,115
04/12/2009,MFR,OR,ANM,WE,Federal Contract Tower,20,24,11,0,55,0,0,14,0,14,20,24,25,0,69,38,0,38,107
04/13/2009,MFR,OR,ANM,WE,Federal Contract Tower,21,33,7,0,61,0,3,21,0,24,21,36,28,0,85,0,0,0,85
04/14/2009,MFR,OR,ANM,WE,Federal Contract Tower,17,36,16,0,69,0,1,17,2,20,17,37,33,2,89,18,0,18,107
04/15/2009,MFR,OR,ANM,WE,Federal Contract Tower,16,38,15,0,69,0,0,33,0,33,16,38,48,0,102,42,0,42,144
04/16/2009,MFR,OR,ANM,WE,Federal Contract Tower,16,35,8,0,59,0,4,79,0,83,16,39,87,0,142,94,0,94,236
04/17/2009,MFR,OR,ANM,WE,Federal Contract Tower,20,37,13,3,73,0,3,43,0,46,20,40,56,3,119,26,0,26,145
04/18/2009,MFR,OR,ANM,WE,Federal Contract Tower,12,20,4,0,36,0,6,70,0,76,12,26,74,0,112,46,0,46,158
04/19/2009,MFR,OR,ANM,WE,Federal Contract Tower,19,26,15,1,61,0,3,63,0,66,19,29,78,1,127,20,0,20,147
04/20/2009,MFR,OR,ANM,WE,Federal Contract Tower,21,31,12,4,68,0,3,74,0,77,21,34,86,4,145,36,0,36,181
04/21/2009,MFR,OR,ANM,WE,Federal Contract Tower,15,37,15,4,71,0,5,50,4,59,15,42,65,8,130,16,4,20,150
04/22/2009,MFR,OR,ANM,WE,Federal Contract Tower,16,37,10,0,63,0,6,57,0,63,16,43,67,0,126,4,0,4,130
04/23/2009,MFR,OR,ANM,WE,Federal Contract Tower,17,41,15,0,73,0,1,70,2,73,17,42,85,2,146,30,2,32,178
04/24/2009,MFR,OR,ANM,WE,Federal Contract Tower,18,40,10,0,68,0,9,46,0,55,18,49,56,0,123,16,0,16,139
04/25/2009,MFR,OR,ANM,WE,Federal Contract Tower,14,19,17,0,50,0,3,66,0,69,14,22,83,0,119,45,0,45,164
04/26/2009,MFR,OR,ANM,WE,Federal Contract Tower,15,26,10,0,51,0,0,43,0,43,15,26,53,0,94,42,0,42,136
04/27/2009,MFR,OR,ANM,WE,Federal Contract Tower,20,36,9,0,65,0,3,21,0,24,20,39,30,0,89,26,0,26,115
04/28/2009,MFR,OR,ANM,WE,Federal Contract Tower,15,38,25,7,85,0,2,20,0,22,15,40,45,7,107,8,0,8,115
04/29/2009,MFR,OR,ANM,WE,Federal Contract Tower,17,35,11,0,63,0,11,44,0,55,17,46,55,0,118,38,0,38,156
04/30/2009,MFR,OR,ANM,WE,Federal Contract Tower,17,37,21,0,75,0,1,68,0,69,17,38,89,0,144,46,0,46,190
05/01/2009,MFR,OR,ANM,WE,Federal Contract Tower,20,43,18,0,81,0,5,24,0,29,20,48,42,0,110,32,0,32,142
05/02/2009,MFR,OR,ANM,WE,Federal Contract Tower,13,25,10,0,48,0,4,40,0,44,13,29,50,0,92,24,0,24,116
05/03/2009,MFR,OR,ANM,WE,Federal Contract Tower,16,26,8,0,50,0,0,28,0,28,16,26,36,0,78,30,0,30,108
05/04/2009,MFR,OR,ANM,WE,Federal Contract Tower,20,36,6,5,67,0,0,9,0,9,20,36,15,5,76,6,0,6,82
05/05/2009,MFR,OR,ANM,WE,Federal Contract Tower,17,41,5,0,63,0,4,7,0,11,17,45,12,0,74,0,0,0,74
05/06/2009,MFR,OR,ANM,WE,Federal Contract Tower,17,40,8,1,66,0,2,19,0,21,17,42,27,1,87,14,0,14,101
05/07/2009,MFR,OR,ANM,WE,Federal Contract Tower,13,45,15,0,73,0,1,42,0,43,13,46,57,0,116,28,0,28,144
05/08/2009,MFR,OR,ANM,WE,Federal Contract Tower,18,56,13,0,87,0,11,85,0,96,18,67,98,0,183,68,0,68,251
05/09/2009,MFR,OR,ANM,WE,Federal Contract Tower,11,27,4,0,42,0,2,69,0,71,11,29,73,0,113,32,0,32,145
05/10/2009,MFR,OR,ANM,WE,Federal Contract Tower,22,26,15,0,63,0,4,71,0,75,22,30,86,0,138,20,0,20,158
05/11/2009,MFR,OR,ANM,WE,Federal Contract Tower,24,35,5,0,64,0,1,44,0,45,24,36,49,0,109,36,0,36,145
05/12/2009,MFR,OR,ANM,WE,Federal Contract Tower,15,40,10,0,65,0,1,46,24,71,15,41,56,24,136,12,0,12,148
05/13/2009,MFR,OR,ANM,WE,Federal Contract Tower,14,44,20,0,78,0,1,44,0,45,14,45,64,0,123,32,0,32,155
05/14/2009,MFR,OR,ANM,WE,Federal Contract Tower,17,43,30,0,90,0,10,7,0,17,17,53,37,0,107,2,0,2,109
05/15/2009,MFR,OR,ANM,WE,Federal Contract Tower,20,41,25,0,86,0,5,69,0,74,20,46,94,0,160,22,0,22,182
05/16/2009,MFR,OR,ANM,WE,Federal Contract Tower,12,28,10,0,50,0,3,61,0,64,12,31,71,0,114,28,0,28,142
05/17/2009,MFR,OR,ANM,WE,Federal Contract Tower,13,22,24,0,59,0,3,65,0,68,13,25,89,0,127,38,0,38,165
05/18/2009,MFR,OR,ANM,WE,Federal Contract Tower,17,40,11,0,68,0,1,73,0,74,17,41,84,0,142,36,0,36,178
05/19/2009,MFR,OR,ANM,WE,Federal Contract Tower,11,40,20,2,73,0,2,54,1,57,11,42,74,3,130,14,4,18,148
05/20/2009,MFR,OR,ANM,WE,Federal Contract Tower,11,43,18,0,72,0,4,45,0,49,11,47,63,0,121,22,0,22,143
05/21/2009,MFR,OR,ANM,WE,Federal Contract Tower,11,41,15,2,69,0,9,100,5,114,11,50,115,7,183,34,0,34,217
05/22/2009,MFR,OR,ANM,WE,Federal Contract Tower,17,41,19,0,77,0,6,60,0,66,17,47,79,0,143,10,0,10,153
05/23/2009,MFR,OR,ANM,WE,Federal Contract Tower,11,25,12,4,52,0,5,57,2,64,11,30,69,6,116,28,10,38,154
05/24/2009,MFR,OR,ANM,WE,Federal Contract Tower,12,19,7,0,38,0,3,55,0,58,12,22,62,0,96,22,0,22,118
05/25/2009,MFR,OR,ANM,WE,Federal Contract Tower,19,22,17,0,58,0,4,66,0,70,19,26,83,0,128,24,0,24,152
05/26/2009,MFR,OR,ANM,WE,Federal Contract Tower,12,36,13,0,61,0,5,62,0,67,12,41,75,0,128,8,0,8,136
05/27/2009,MFR,OR,ANM,WE,Federal Contract Tower,12,39,9,4,64,0,5,50,0,55,12,44,59,4,119,30,0,30,149
05/28/2009,MFR,OR,ANM,WE,Federal Contract Tower,12,41,18,1,72,0,3,70,0,73,12,44,88,1,145,28,0,28,173
05/29/2009,MFR,OR,ANM,WE,Federal Contract Tower,16,39,12,0,67,0,5,60,0,65,16,44,72,0,132,8,0,8,140
05/30/2009,MFR,OR,ANM,WE,Federal Contract Tower,12,21,5,0,38,0,3,41,0,44,12,24,46,0,82,12,0,12,94
05/31/2009,MFR,OR,ANM,WE,Federal Contract Tower,12,24,8,0,44,0,0,52,0,52,12,24,60,0,96,6,0,6,102
06/01/2009,MFR,OR,ANM,WE,Federal Contract Tower,18,38,8,0,64,0,4,24,0,28,18,42,32,0,92,14,0,14,106
06/02/2009,MFR,OR,ANM,WE,Federal Contract Tower,12,45,20,0,77,0,1,48,0,49,12,46,68,0,126,22,0,22,148
06/03/2009,MFR,OR,ANM,WE,Federal Contract Tower,13,44,7,1,65,0,4,38,5,47,13,48,45,6,112,6,0,6,118
06/04/2009,MFR,OR,ANM,WE,Federal Contract Tower,12,44,8,0,64,0,1,20,0,21,12,45,28,0,85,18,0,18,103
06/05/2009,MFR,OR,ANM,WE,Federal Contract Tower,18,42,18,0,78,0,0,33,0,33,18,42,51,0,111,20,0,20,131
06/06/2009,MFR,OR,ANM,WE,Federal Contract Tower,10,29,26,3,68,0,0,23,2,25,10,29,49,5,93,18,0,18,111
06/07/2009,MFR,OR,ANM,WE,Federal Contract Tower,13,22,9,0,44,0,0,48,0,48,13,22,57,0,92,10,0,10,102
06/08/2009,MFR,OR,ANM,WE,Federal Contract Tower,20,40,14,0,74,0,0,63,0,63,20,40,77,0,137,30,0,30,167
06/09/2009,MFR,OR,ANM,WE,Federal Contract Tower,15,36,8,0,59,0,0,34,5,39,15,36,42,5,98,10,0,10,108
06/10/2009,MFR,OR,ANM,WE,Federal Contract Tower,13,40,21,0,74,0,4,27,0,31,13,44,48,0,105,10,0,10,115
06/11/2009,MFR,OR,ANM,WE,Federal Contract Tower,14,42,16,0,72,0,0,13,0,13,14,42,29,0,85,0,0,0,85
06/12/2009,MFR,OR,ANM,WE,Federal Contract Tower,15,42,25,1,83,0,1,53,2,56,15,43,78,3,139,4,0,4,143
06/13/2009,MFR,OR,ANM,WE,Federal Contract Tower,12,32,6,4,54,0,4,28,0,32,12,36,34,4,86,26,0,26,112
06/14/2009,MFR,OR,ANM,WE,Federal Contract Tower,13,28,10,0,51,0,0,35,0,35,13,28,45,0,86,18,0,18,104
06/15/2009,MFR,OR,ANM,WE,Federal Contract Tower,18,34,11,0,63,0,3,39,0,42,18,37,50,0,105,36,0,36,141
06/16/2009,MFR,OR,ANM,WE,Federal Contract Tower,14,46,24,0,84,0,2,64,0,66,14,48,88,0,150,56,0,56,206
06/17/2009,MFR,OR,ANM,WE,Federal Contract Tower,16,38,18,0,72,0,2,70,0,72,16,40,88,0,144,40,0,40,184
06/18/2009,MFR,OR,ANM,WE,Federal Contract Tower,16,39,15,0,70,0,6,88,0,94,16,45,103,0,164,40,0,40,204
06/19/2009,MFR,OR,ANM,WE,Federal Contract Tower,18,35,21,0,74,0,0,34,0,34,18,35,55,0,108,20,0,20,128
06/20/2009,MFR,OR,ANM,WE,Federal Contract Tower,14,24,16,0,54,0,0,30,0,30,14,24,46,0,84,34,0,34,118
06/21/2009,MFR,OR,ANM,WE,Federal Contract Tower,17,24,21,0,62,0,0,17,0,17,17,24,38,0,79,0,0,0,79
06/22/2009,MFR,OR,ANM,WE,Federal Contract Tower,20,31,16,0,67,0,10,77,0,87,20,41,93,0,154,10,0,10,164
06/23/2009,MFR,OR,ANM,WE,Federal Contract Tower,12,36,18,0,66,0,3,101,0,104,12,39,119,0,170,40,0,40,210
06/24/2009,MFR,OR,ANM,WE,Federal Contract Tower,13,41,14,0,68,0,7,88,0,95,13,48,102,0,163,54,0,54,217
06/25/2009,MFR,OR,ANM,WE,Federal Contract Tower,16,35,17,0,68,0,3,71,0,74,16,38,88,0,142,24,0,24,166
06/26/2009,MFR,OR,ANM,WE,Federal Contract Tower,21,43,20,0,84,0,1,47,0,48,21,44,67,0,132,56,0,56,188
06/27/2009,MFR,OR,ANM,WE,Federal Contract Tower,13,29,6,0,48,0,2,73,0,75,13,31,79,0,123,30,0,30,153
06/28/2009,MFR,OR,ANM,WE,Federal Contract Tower,16,22,13,4,55,0,0,56,1,57,16,22,69,5,112,4,0,4,116
06/29/2009,MFR,OR,ANM,WE,Federal Contract Tower,20,31,11,0,62,0,2,55,6,63,20,33,66,6,125,8,0,8,133
06/30/2009,MFR,OR,ANM,WE,Federal Contract Tower,15,36,13,0,64,0,1,45,5,51,15,37,58,5,115,8,0,8,123
07/01/2009,MFR,OR,ANM,WE,Federal Contract Tower,15,29,9,0,53,0,8,71,4,83,15,37,80,4,136,10,0,10,146
07/02/2009,MFR,OR,ANM,WE,Federal Contract Tower,17,32,13,0,62,0,4,65,7,76,17,36,78,7,138,28,0,28,166
07/03/2009,MFR,OR,ANM,WE,Federal Contract Tower,18,26,6,4,54,0,5,81,0,86,18,31,87,4,140,12,0,12,152
07/04/2009,MFR,OR,ANM,WE,Federal Contract Tower,16,16,6,0,38,0,2,58,0,60,16,18,64,0,98,10,4,14,112
07/05/2009,MFR,OR,ANM,WE,Federal Contract Tower,13,24,13,0,50,0,0,61,0,61,13,24,74,0,111,0,4,4,115
07/06/2009,MFR,OR,ANM,WE,Federal Contract Tower,23,33,20,0,76,0,3,51,0,54,23,36,71,0,130,16,0,16,146
07/07/2009,MFR,OR,ANM,WE,Federal Contract Tower,18,34,9,0,61,0,2,67,0,69,18,36,76,0,130,32,0,32,162
07/08/2009,MFR,OR,ANM,WE,Federal Contract Tower,16,32,10,0,58,0,8,82,0,90,16,40,92,0,148,54,0,54,202
07/09/2009,MFR,OR,ANM,WE,Federal Contract Tower,18,32,12,0,62,0,9,83,0,92,18,41,95,0,154,2,0,2,156
07/10/2009,MFR,OR,ANM,WE,Federal Contract Tower,19,29,14,0,62,0,7,76,0,83,19,36,90,0,145,60,0,60,205
07/11/2009,MFR,OR,ANM,WE,Federal Contract Tower,12,25,10,0,47,0,3,104,0,107,12,28,114,0,154,16,0,16,170
07/12/2009,MFR,OR,ANM,WE,Federal Contract Tower,14,25,16,0,55,0,2,20,0,22,14,27,36,0,77,8,0,8,85
07/13/2009,MFR,OR,ANM,WE,Federal Contract Tower,22,30,20,2,74,0,12,62,0,74,22,42,82,2,148,26,0,26,174
07/14/2009,MFR,OR,ANM,WE,Federal Contract Tower,19,37,19,0,75,0,8,73,2,83,19,45,92,2,158,12,0,12,170
07/15/2009,MFR,OR,ANM,WE,Federal Contract Tower,16,37,7,0,60,0,7,70,0,77,16,44,77,0,137,20,0,20,157
07/16/2009,MFR,OR,ANM,WE,Federal Contract Tower,18,43,17,0,78,0,3,70,0,73,18,46,87,0,151,28,0,28,179
07/17/2009,MFR,OR,ANM,WE,Federal Contract Tower,27,38,23,0,88,0,4,94,0,98,27,42,117,0,186,14,0,14,200
07/18/2009,MFR,OR,ANM,WE,Federal Contract Tower,12,26,6,0,44,0,1,79,0,80,12,27,85,0,124,28,0,28,152
07/19/2009,MFR,OR,ANM,WE,Federal Contract Tower,15,27,16,0,58,0,14,77,0,91,15,41,93,0,149,4,0,4,153
07/20/2009,MFR,OR,ANM,WE,Federal Contract Tower,21,31,6,1,59,0,1,65,0,66,21,32,71,1,125,6,0,6,131
07/21/2009,MFR,OR,ANM,WE,Federal Contract Tower,17,42,13,0,72,0,5,66,0,71,17,47,79,0,143,16,0,16,159
07/22/2009,MFR,OR,ANM,WE,Federal Contract Tower,19,36,9,0,64,0,3,70,0,73,19,39,79,0,137,6,0,6,143
07/23/2009,MFR,OR,ANM,WE,Federal Contract Tower,18,31,20,1,70,0,5,85,0,90,18,36,105,1,160,0,14,14,174
07/24/2009,MFR,OR,ANM,WE,Federal Contract Tower,24,31,36,0,91,0,5,73,0,78,24,36,109,0,169,8,0,8,177
07/25/2009,MFR,OR,ANM,WE,Federal Contract Tower,13,25,10,1,49,0,2,44,1,47,13,27,54,2,96,24,22,46,142
07/26/2009,MFR,OR,ANM,WE,Federal Contract Tower,14,24,9,0,47,0,1,49,0,50,14,25,58,0,97,6,0,6,103
07/27/2009,MFR,OR,ANM,WE,Federal Contract Tower,23,30,9,0,62,0,5,58,0,63,23,35,67,0,125,6,4,10,135
07/28/2009,MFR,OR,ANM,WE,Federal Contract Tower,17,35,17,2,71,0,16,56,0,72,17,51,73,2,143,16,0,16,159
07/29/2009,MFR,OR,ANM,WE,Federal Contract Tower,15,32,9,1,57,0,36,60,3,99,15,68,69,4,156,0,0,0,156
07/30/2009,MFR,OR,ANM,WE,Federal Contract Tower,17,29,20,0,66,0,8,53,0,61,17,37,73,0,127,8,0,8,135
07/31/2009,MFR,OR,ANM,WE,Federal Contract Tower,21,32,11,0,64,0,3,50,0,53,21,35,61,0,117,12,0,12,129
08/01/2009,MFR,OR,ANM,WE,Federal Contract Tower,11,30,9,1,51,0,9,60,1,70,11,39,69,2,121,8,16,24,145
08/02/2009,MFR,OR,ANM,WE,Federal Contract Tower,12,22,15,0,49,0,17,50,0,67,12,39,65,0,116,4,0,4,120
08/03/2009,MFR,OR,ANM,WE,Federal Contract Tower,24,32,13,0,69,0,21,60,0,81,24,53,73,0,150,0,0,0,150
08/04/2009,MFR,OR,ANM,WE,Federal Contract Tower,14,39,14,0,67,0,5,56,0,61,14,44,70,0,128,14,0,14,142
08/05/2009,MFR,OR,ANM,WE,Federal Contract Tower,15,33,10,1,59,0,5,78,0,83,15,38,88,1,142,28,0,28,170
08/06/2009,MFR,OR,ANM,WE,Federal Contract Tower,14,37,13,0,64,0,9,30,0,39,14,46,43,0,103,8,0,8,111
08/07/2009,MFR,OR,ANM,WE,Federal Contract Tower,21,34,34,0,89,0,0,43,0,43,21,34,77,0,132,10,0,10,142
08/08/2009,MFR,OR,ANM,WE,Federal Contract Tower,12,28,19,0,59,0,12,57,0,69,12,40,76,0,128,6,0,6,134
08/09/2009,MFR,OR,ANM,WE,Federal Contract Tower,13,22,14,0,49,0,7,83,0,90,13,29,97,0,139,22,0,22,161
08/10/2009,MFR,OR,ANM,WE,Federal Contract Tower,22,31,7,0,60,0,10,51,3,64,22,41,58,3,124,18,0,18,142
08/11/2009,MFR,OR,ANM,WE,Federal Contract Tower,14,39,16,0,69,0,4,64,3,71,14,43,80,3,140,6,0,6,146
08/12/2009,MFR,OR,ANM,WE,Federal Contract Tower,14,38,7,0,59,0,13,54,8,75,14,51,61,8,134,22,0,22,156
08/13/2009,MFR,OR,ANM,WE,Federal Contract Tower,12,41,23,0,76,0,7,71,7,85,12,48,94,7,161,6,0,6,167
08/14/2009,MFR,OR,ANM,WE,Federal Contract Tower,23,38,12,0,73,0,1,64,7,72,23,39,76,7,145,20,0,20,165
08/15/2009,MFR,OR,ANM,WE,Federal Contract Tower,11,31,13,0,55,0,2,71,0,73,11,33,84,0,128,6,0,6,134
08/16/2009,MFR,OR,ANM,WE,Federal Contract Tower,13,22,10,0,45,0,5,55,0,60,13,27,65,0,105,20,0,20,125
08/17/2009,MFR,OR,ANM,WE,Federal Contract Tower,23,32,20,0,75,0,1,53,0,54,23,33,73,0,129,20,0,20,149
08/18/2009,MFR,OR,ANM,WE,Federal Contract Tower,16,34,10,1,61,0,1,60,0,61,16,35,70,1,122,22,0,22,144
08/19/2009,MFR,OR,ANM,WE,Federal Contract Tower,18,31,7,0,56,0,3,57,0,60,18,34,64,0,116,8,0,8,124
08/20/2009,MFR,OR,ANM,WE,Federal Contract Tower,15,38,14,0,67,0,5,50,0,55,15,43,64,0,122,2,0,2,124
08/21/2009,MFR,OR,ANM,WE,Federal Contract Tower,24,29,8,1,62,0,3,42,0,45,24,32,50,1,107,6,0,6,113
08/22/2009,MFR,OR,ANM,WE,Federal Contract Tower,12,23,12,0,47,0,5,81,0,86,12,28,93,0,133,4,0,4,137
08/23/2009,MFR,OR,ANM,WE,Federal Contract Tower,13,23,12,0,48,0,6,75,0,81,13,29,87,0,129,0,0,0,129
08/24/2009,MFR,OR,ANM,WE,Federal Contract Tower,23,35,12,0,70,0,10,62,0,72,23,45,74,0,142,0,0,0,142
08/25/2009,MFR,OR,ANM,WE,Federal Contract Tower,16,40,8,0,64,0,3,65,0,68,16,43,73,0,132,8,0,8,140
08/26/2009,MFR,OR,ANM,WE,Federal Contract Tower,15,27,12,0,54,0,8,49,0,57,15,35,61,0,111,0,0,0,111
08/27/2009,MFR,OR,ANM,WE,Federal Contract Tower,16,41,4,0,61,0,6,85,0,91,16,47,89,0,152,0,0,0,152
08/28/2009,MFR,OR,ANM,WE,Federal Contract Tower,22,33,17,0,72,0,4,59,0,63,22,37,76,0,135,38,0,38,173
08/29/2009,MFR,OR,ANM,WE,Federal Contract Tower,12,25,10,0,47,0,8,73,0,81,12,33,83,0,128,0,0,0,128
08/30/2009,MFR,OR,ANM,WE,Federal Contract Tower,12,25,7,0,44,0,2,53,0,55,12,27,60,0,99,14,0,14,113
08/31/2009,MFR,OR,ANM,WE,Federal Contract Tower,22,33,18,0,73,0,3,57,0,60,22,36,75,0,133,8,0,8,141
09/01/2009,MFR,OR,ANM,WE,Federal Contract Tower,15,42,14,3,74,0,2,42,11,55,15,44,56,14,129,10,0,10,139
09/02/2009,MFR,OR,ANM,WE,Federal Contract Tower,14,35,9,0,58,0,15,55,0,70,14,50,64,0,128,0,0,0,128
09/03/2009,MFR,OR,ANM,WE,Federal Contract Tower,13,35,21,0,69,0,0,0,0,0,13,35,21,0,69,0,0,0,69
09/04/2009,MFR,OR,ANM,WE,Federal Contract Tower,19,38,11,0,68,0,3,66,0,69,19,41,77,0,137,42,0,42,179
09/05/2009,MFR,OR,ANM,WE,Federal Contract Tower,16,19,6,0,41,0,2,21,0,23,16,21,27,0,64,4,0,4,68
09/06/2009,MFR,OR,ANM,WE,Federal Contract Tower,14,18,9,0,41,0,5,24,0,29,14,23,33,0,70,18,0,18,88
09/07/2009,MFR,OR,ANM,WE,Federal Contract Tower,23,24,15,0,62,0,6,81,0,87,23,30,96,0,149,14,0,14,163
09/08/2009,MFR,OR,ANM,WE,Federal Contract Tower,12,31,12,0,55,0,9,59,0,68,12,40,71,0,123,2,0,2,125
09/09/2009,MFR,OR,ANM,WE,Federal Contract Tower,16,33,13,1,63,0,8,41,0,49,16,41,54,1,112,8,0,8,120
09/10/2009,MFR,OR,ANM,WE,Federal Contract Tower,16,39,20,1,76,0,5,34,1,40,16,44,54,2,116,2,0,2,118
09/11/2009,MFR,OR,ANM,WE,Federal Contract Tower,19,33,10,0,62,0,4,62,0,66,19,37,72,0,128,12,0,12,140
09/12/2009,MFR,OR,ANM,WE,Federal Contract Tower,17,17,14,0,48,0,15,82,0,97,17,32,96,0,145,18,0,18,163
09/13/2009,MFR,OR,ANM,WE,Federal Contract Tower,15,16,9,0,40,0,28,40,0,68,15,44,49,0,108,2,0,2,110
09/14/2009,MFR,OR,ANM,WE,Federal Contract Tower,20,31,11,0,62,0,27,53,0,80,20,58,64,0,142,6,0,6,148
09/15/2009,MFR,OR,ANM,WE,Federal Contract Tower,14,32,9,0,55,0,8,64,0,72,14,40,73,0,127,14,0,14,141
09/16/2009,MFR,OR,ANM,WE,Federal Contract Tower,16,31,15,0,62,0,10,49,0,59,16,41,64,0,121,24,0,24,145
09/17/2009,MFR,OR,ANM,WE,Federal Contract Tower,13,53,13,0,79,0,3,67,0,70,13,56,80,0,149,16,0,16,165
09/18/2009,MFR,OR,ANM,WE,Federal Contract Tower,20,35,13,0,68,0,7,70,0,77,20,42,83,0,145,12,0,12,157
09/19/2009,MFR,OR,ANM,WE,Federal Contract Tower,15,18,18,0,51,0,9,63,1,73,15,27,81,1,124,0,0,0,124
09/20/2009,MFR,OR,ANM,WE,Federal Contract Tower,14,19,14,0,47,0,5,73,1,79,14,24,87,1,126,24,0,24,150
09/21/2009,MFR,OR,ANM,WE,Federal Contract Tower,19,32,3,0,54,0,48,44,1,93,19,80,47,1,147,12,0,12,159
09/22/2009,MFR,OR,ANM,WE,Federal Contract Tower,13,33,8,0,54,0,5,66,6,77,13,38,74,6,131,12,0,12,143
09/23/2009,MFR,OR,ANM,WE,Federal Contract Tower,14,45,16,0,75,0,4,55,2,61,14,49,71,2,136,4,0,4,140
09/24/2009,MFR,OR,ANM,WE,Federal Contract Tower,13,36,12,0,61,0,6,47,0,53,13,42,59,0,114,6,0,6,120
09/25/2009,MFR,OR,ANM,WE,Federal Contract Tower,21,39,28,2,90,0,1,2,0,3,21,40,30,2,93,2,0,2,95
09/26/2009,MFR,OR,ANM,WE,Federal Contract Tower,14,22,29,0,65,0,2,5,0,7,14,24,34,0,72,6,0,6,78
09/27/2009,MFR,OR,ANM,WE,Federal Contract Tower,14,18,20,0,52,0,3,30,0,33,14,21,50,0,85,12,0,12,97
09/28/2009,MFR,OR,ANM,WE,Federal Contract Tower,19,41,19,2,81,0,8,42,0,50,19,49,61,2,131,24,0,24,155
09/29/2009,MFR,OR,ANM,WE,Federal Contract Tower,14,37,10,0,61,0,3,17,3,23,14,40,27,3,84,0,0,0,84
09/30/2009,MFR,OR,ANM,WE,Federal Contract Tower,13,36,19,0,68,0,2,26,5,33,13,38,45,5,101,10,0,10,111
10/01/2009,MFR,OR,ANM,WE,Federal Contract Tower,18,37,19,0,74,0,6,52,0,58,18,43,71,0,132,22,0,22,154
10/02/2009,MFR,OR,ANM,WE,Federal Contract Tower,18,31,17,0,66,0,7,44,0,51,18,38,61,0,117,6,0,6,123
10/03/2009,MFR,OR,ANM,WE,Federal Contract Tower,12,22,10,0,44,0,3,30,0,33,12,25,40,0,77,12,0,12,89
10/04/2009,MFR,OR,ANM,WE,Federal Contract Tower,16,17,19,0,52,0,0,8,0,8,16,17,27,0,60,14,0,14,74
10/05/2009,MFR,OR,ANM,WE,Federal Contract Tower,15,33,9,0,57,0,0,27,0,27,15,33,36,0,84,10,0,10,94
10/06/2009,MFR,OR,ANM,WE,Federal Contract Tower,14,34,4,0,52,0,9,56,0,65,14,43,60,0,117,18,0,18,135
10/07/2009,MFR,OR,ANM,WE,Federal Contract Tower,14,39,10,0,63,0,8,82,0,90,14,47,92,0,153,8,0,8,161
10/08/2009,MFR,OR,ANM,WE,Federal Contract Tower,16,36,22,0,74,0,7,61,0,68,16,43,83,0,142,30,0,30,172
10/09/2009,MFR,OR,ANM,WE,Federal Contract Tower,18,30,23,2,73,0,6,66,1,73,18,36,89,3,146,24,0,24,170
10/10/2009,MFR,OR,ANM,WE,Federal Contract Tower,15,15,8,0,38,0,1,59,0,60,15,16,67,0,98,14,0,14,112
10/11/2009,MFR,OR,ANM,WE,Federal Contract Tower,17,22,17,0,56,0,0,59,0,59,17,22,76,0,115,14,0,14,129
10/12/2009,MFR,OR,ANM,WE,Federal Contract Tower,18,27,15,0,60,0,1,40,0,41,18,28,55,0,101,6,0,6,107
10/13/2009,MFR,OR,ANM,WE,Federal Contract Tower,13,27,7,0,47,0,3,0,0,3,13,30,7,0,50,0,0,0,50
10/14/2009,MFR,OR,ANM,WE,Federal Contract Tower,14,38,8,0,60,0,3,7,0,10,14,41,15,0,70,0,0,0,70
10/15/2009,MFR,OR,ANM,WE,Federal Contract Tower,15,41,24,0,80,0,1,17,2,20,15,42,41,2,100,0,0,0,100
10/16/2009,MFR,OR,ANM,WE,Federal Contract Tower,18,31,14,0,63,0,4,64,0,68,18,35,78,0,131,36,0,36,167
10/17/2009,MFR,OR,ANM,WE,Federal Contract Tower,14,19,7,0,40,0,3,40,0,43,14,22,47,0,83,6,0,6,89
10/18/2009,MFR,OR,ANM,WE,Federal Contract Tower,16,21,5,0,42,0,0,23,0,23,16,21,28,0,65,26,0,26,91
10/19/2009,MFR,OR,ANM,WE,Federal Contract Tower,18,31,21,0,70,0,2,8,0,10,18,33,29,0,80,6,0,6,86
10/20/2009,MFR,OR,ANM,WE,Federal Contract Tower,13,39,20,0,72,0,2,27,1,30,13,41,47,1,102,22,0,22,124
10/21/2009,MFR,OR,ANM,WE,Federal Contract Tower,13,41,20,0,74,0,7,22,0,29,13,48,42,0,103,38,0,38,141
10/22/2009,MFR,OR,ANM,WE,Federal Contract Tower,15,39,12,0,66,0,4,58,1,63,15,43,70,1,129,38,0,38,167
10/23/2009,MFR,OR,ANM,WE,Federal Contract Tower,18,38,13,0,69,0,8,17,1,26,18,46,30,1,95,2,0,2,97
10/24/2009,MFR,OR,ANM,WE,Federal Contract Tower,14,18,10,0,42,0,2,33,0,35,14,20,43,0,77,10,0,10,87
10/25/2009,MFR,OR,ANM,WE,Federal Contract Tower,19,21,4,0,44,0,4,46,0,50,19,25,50,0,94,23,0,23,117
10/26/2009,MFR,OR,ANM,WE,Federal Contract Tower,21,31,8,0,60,0,0,11,0,11,21,31,19,0,71,0,0,0,71
10/27/2009,MFR,OR,ANM,WE,Federal Contract Tower,16,27,20,0,63,0,0,12,0,12,16,27,32,0,75,12,0,12,87
10/28/2009,MFR,OR,ANM,WE,Federal Contract Tower,16,35,18,0,69,0,5,44,0,49,16,40,62,0,118,32,0,32,150
10/29/2009,MFR,OR,ANM,WE,Federal Contract Tower,21,35,7,0,63,0,0,0,0,0,21,35,7,0,63,0,0,0,63
10/30/2009,MFR,OR,ANM,WE,Federal Contract Tower,21,46,12,4,83,0,0,3,0,3,21,46,15,4,86,14,0,14,100
10/31/2009,MFR,OR,ANM,WE,Federal Contract Tower,13,24,21,0,58,0,0,3,0,3,13,24,24,0,61,0,0,0,61
11/01/2009,MFR,OR,ANM,WE,Federal Contract Tower,19,22,13,0,54,0,1,28,0,29,19,23,41,0,83,28,0,28,111
11/02/2009,MFR,OR,ANM,WE,Federal Contract Tower,21,30,21,0,72,0,1,24,0,25,21,31,45,0,97,16,0,16,113
11/03/2009,MFR,OR,ANM,WE,Federal Contract Tower,15,34,14,0,63,0,1,45,0,46,15,35,59,0,109,38,0,38,147
11/04/2009,MFR,OR,ANM,WE,Federal Contract Tower,14,32,11,0,57,0,3,59,0,62,14,35,70,0,119,16,0,16,135
11/05/2009,MFR,OR,ANM,WE,Federal Contract Tower,18,36,17,0,71,0,4,14,0,18,18,40,31,0,89,2,0,2,91
11/06/2009,MFR,OR,ANM,WE,Federal Contract Tower,21,31,9,0,61,0,3,11,0,14,21,34,20,0,75,2,0,2,77
11/07/2009,MFR,OR,ANM,WE,Federal Contract Tower,15,16,11,0,42,0,0,15,0,15,15,16,26,0,57,6,0,6,63
11/08/2009,MFR,OR,ANM,WE,Federal Contract Tower,20,17,12,0,49,0,3,41,0,44,20,20,53,0,93,20,0,20,113
11/09/2009,MFR,OR,ANM,WE,Federal Contract Tower,20,28,11,0,59,0,1,4,0,5,20,29,15,0,64,8,0,8,72
11/10/2009,MFR,OR,ANM,WE,Federal Contract Tower,16,33,14,0,63,0,0,16,0,16,16,33,30,0,79,14,0,14,93
11/11/2009,MFR,OR,ANM,WE,Federal Contract Tower,18,37,13,0,68,0,0,2,0,2,18,37,15,0,70,0,0,0,70
11/12/2009,MFR,OR,ANM,WE,Federal Contract Tower,18,34,13,0,65,0,0,3,0,3,18,34,16,0,68,0,0,0,68
11/13/2009,MFR,OR,ANM,WE,Federal Contract Tower,18,37,14,0,69,0,0,0,0,0,18,37,14,0,69,4,0,4,73
11/14/2009,MFR,OR,ANM,WE,Federal Contract Tower,14,17,8,0,39,0,0,37,0,37,14,17,45,0,76,34,0,34,110
11/15/2009,MFR,OR,ANM,WE,Federal Contract Tower,16,17,3,0,36,0,0,39,0,39,16,17,42,0,75,46,0,46,121
11/16/2009,MFR,OR,ANM,WE,Federal Contract Tower,22,31,11,0,64,0,0,36,0,36,22,31,47,0,100,38,0,38,138
11/17/2009,MFR,OR,ANM,WE,Federal Contract Tower,16,31,6,2,55,0,0,2,0,2,16,31,8,2,57,0,20,20,77
11/18/2009,MFR,OR,ANM,WE,Federal Contract Tower,16,33,6,0,55,0,0,15,0,15,16,33,21,0,70,6,0,6,76
11/19/2009,MFR,OR,ANM,WE,Federal Contract Tower,16,35,4,0,55,0,0,24,0,24,16,35,28,0,79,40,0,40,119
11/20/2009,MFR,OR,ANM,WE,Federal Contract Tower,22,33,10,0,65,0,0,4,0,4,22,33,14,0,69,0,0,0,69
11/21/2009,MFR,OR,ANM,WE,Federal Contract Tower,13,19,8,0,40,0,0,77,0,77,13,19,85,0,117,52,0,52,169
11/22/2009,MFR,OR,ANM,WE,Federal Contract Tower,13,18,5,0,36,0,5,25,0,30,13,23,30,0,66,22,0,22,88
11/23/2009,MFR,OR,ANM,WE,Federal Contract Tower,20,24,18,0,62,0,2,49,0,51,20,26,67,0,113,38,0,38,151
11/24/2009,MFR,OR,ANM,WE,Federal Contract Tower,17,36,9,0,62,0,5,71,0,76,17,41,80,0,138,16,0,16,154
11/25/2009,MFR,OR,ANM,WE,Federal Contract Tower,16,26,11,0,53,0,5,43,0,48,16,31,54,0,101,10,0,10,111
11/26/2009,MFR,OR,ANM,WE,Federal Contract Tower,17,12,2,0,31,0,0,4,0,4,17,12,6,0,35,6,0,6,41
11/27/2009,MFR,OR,ANM,WE,Federal Contract Tower,17,23,4,0,44,0,2,8,0,10,17,25,12,0,54,0,0,0,54
11/28/2009,MFR,OR,ANM,WE,Federal Contract Tower,18,18,4,0,40,0,0,44,0,44,18,18,48,0,84,18,0,18,102
11/29/2009,MFR,OR,ANM,WE,Federal Contract Tower,14,16,15,0,45,0,0,25,0,25,14,16,40,0,70,18,0,18,88
11/30/2009,MFR,OR,ANM,WE,Federal Contract Tower,18,29,11,0,58,0,5,17,0,22,18,34,28,0,80,2,0,2,82
12/01/2009,MFR,OR,ANM,WE,Federal Contract Tower,11,32,7,0,50,0,0,0,0,0,11,32,7,0,50,8,0,8,58
12/02/2009,MFR,OR,ANM,WE,Federal Contract Tower,17,34,10,0,61,0,0,0,0,0,17,34,10,0,61,0,0,0,61
12/03/2009,MFR,OR,ANM,WE,Federal Contract Tower,20,34,20,0,74,0,1,25,0,26,20,35,45,0,100,8,0,8,108
12/04/2009,MFR,OR,ANM,WE,Federal Contract Tower,16,32,19,0,67,0,2,11,0,13,16,34,30,0,80,0,0,0,80
12/05/2009,MFR,OR,ANM,WE,Federal Contract Tower,13,20,10,0,43,0,1,3,0,4,13,21,13,0,47,0,0,0,47
12/06/2009,MFR,OR,ANM,WE,Federal Contract Tower,13,16,7,0,36,0,1,21,0,22,13,17,28,0,58,0,0,0,58
12/07/2009,MFR,OR,ANM,WE,Federal Contract Tower,21,30,4,0,55,0,2,53,0,55,21,32,57,0,110,20,0,20,130
12/08/2009,MFR,OR,ANM,WE,Federal Contract Tower,17,26,9,0,52,0,1,51,0,52,17,27,60,0,104,8,0,8,112
12/09/2009,MFR,OR,ANM,WE,Federal Contract Tower,16,34,12,4,66,0,1,40,3,44,16,35,52,7,110,24,14,38,148
12/10/2009,MFR,OR,ANM,WE,Federal Contract Tower,16,37,18,0,71,0,6,40,0,46,16,43,58,0,117,14,0,14,131
12/11/2009,MFR,OR,ANM,WE,Federal Contract Tower,22,27,7,0,56,0,0,3,0,3,22,27,10,0,59,0,0,0,59
12/12/2009,MFR,OR,ANM,WE,Federal Contract Tower,12,9,5,0,26,0,0,0,0,0,12,9,5,0,26,0,0,0,26
12/13/2009,MFR,OR,ANM,WE,Federal Contract Tower,14,20,9,0,43,0,0,0,0,0,14,20,9,0,43,0,0,0,43
12/14/2009,MFR,OR,ANM,WE,Federal Contract Tower,18,33,19,0,70,0,0,20,0,20,18,33,39,0,90,6,0,6,96
12/15/2009,MFR,OR,ANM,WE,Federal Contract Tower,16,34,12,0,62,0,0,6,0,6,16,34,18,0,68,4,0,4,72
12/16/2009,MFR,OR,ANM,WE,Federal Contract Tower,15,42,9,0,66,0,1,7,0,8,15,43,16,0,74,12,0,12,86
12/17/2009,MFR,OR,ANM,WE,Federal Contract Tower,14,39,16,0,69,0,0,33,0,33,14,39,49,0,102,18,0,18,120
12/18/2009,MFR,OR,ANM,WE,Federal Contract Tower,16,46,19,0,81,0,0,27,0,27,16,46,46,0,108,10,0,10,118
12/19/2009,MFR,OR,ANM,WE,Federal Contract Tower,12,36,26,0,74,0,0,0,0,0,12,36,26,0,74,0,0,0,74
12/20/2009,MFR,OR,ANM,WE,Federal Contract Tower,13,16,14,0,43,0,3,13,0,16,13,19,27,0,59,4,0,4,63
12/21/2009,MFR,OR,ANM,WE,Federal Contract Tower,18,37,20,0,75,0,5,6,0,11,18,42,26,0,86,18,0,18,104
12/22/2009,MFR,OR,ANM,WE,Federal Contract Tower,11,42,14,2,69,0,0,6,0,6,11,42,20,2,75,4,0,4,79
12/23/2009,MFR,OR,ANM,WE,Federal Contract Tower,12,46,15,0,73,0,2,22,0,24,12,48,37,0,97,12,0,12,109
12/24/2009,MFR,OR,ANM,WE,Federal Contract Tower,11,35,13,0,59,0,0,0,0,0,11,35,13,0,59,6,0,6,65
12/25/2009,MFR,OR,ANM,WE,Federal Contract Tower,12,9,4,0,25,0,0,0,0,0,12,9,4,0,25,4,0,4,29
12/26/2009,MFR,OR,ANM,WE,Federal Contract Tower,14,19,8,0,41,0,0,0,0,0,14,19,8,0,41,0,0,0,41
12/27/2009,MFR,OR,ANM,WE,Federal Contract Tower,14,17,16,0,47,0,3,38,0,41,14,20,54,0,88,8,0,8,96
12/28/2009,MFR,OR,ANM,WE,Federal Contract Tower,18,27,10,0,55,0,0,29,0,29,18,27,39,0,84,18,0,18,102
12/29/2009,MFR,OR,ANM,WE,Federal Contract Tower,14,28,8,0,50,0,0,0,0,0,14,28,8,0,50,0,0,0,50
12/30/2009,MFR,OR,ANM,WE,Federal Contract Tower,13,42,15,0,70,0,0,8,0,8,13,42,23,0,78,0,0,0,78
12/31/2009,MFR,OR,ANM,WE,Federal Contract Tower,12,31,7,0,50,0,0,5,0,5,12,31,12,0,55,0,0,0,55
01/01/2010,MFR,OR,ANM,WE,Federal Contract Tower,14,15,6,0,35,0,0,17,0,17,14,15,23,0,52,6,0,6,58
01/02/2010,MFR,OR,ANM,WE,Federal Contract Tower,10,21,9,0,40,0,0,33,0,33,10,21,42,0,73,22,0,22,95
01/03/2010,MFR,OR,ANM,WE,Federal Contract Tower,14,20,11,0,45,0,0,0,0,0,14,20,11,0,45,0,0,0,45
01/04/2010,MFR,OR,ANM,WE,Federal Contract Tower,15,31,9,0,55,0,2,23,0,25,15,33,32,0,80,0,0,0,80
01/05/2010,MFR,OR,ANM,WE,Federal Contract Tower,14,36,10,4,64,0,7,29,0,36,14,43,39,4,100,16,0,16,116
01/06/2010,MFR,OR,ANM,WE,Federal Contract Tower,12,32,26,0,70,0,0,3,0,3,12,32,29,0,73,0,0,0,73
01/07/2010,MFR,OR,ANM,WE,Federal Contract Tower,13,34,18,0,65,0,8,33,0,41,13,42,51,0,106,8,0,8,114
01/08/2010,MFR,OR,ANM,WE,Federal Contract Tower,20,34,20,0,74,0,3,17,0,20,20,37,37,0,94,24,0,24,118
01/09/2010,MFR,OR,ANM,WE,Federal Contract Tower,13,17,21,0,51,0,0,0,0,0,13,17,21,0,51,0,0,0,51
01/10/2010,MFR,OR,ANM,WE,Federal Contract Tower,10,18,13,0,41,0,2,15,0,17,10,20,28,0,58,8,0,8,66
01/11/2010,MFR,OR,ANM,WE,Federal Contract Tower,20,30,17,0,67,0,3,12,0,15,20,33,29,0,82,8,0,8,90
01/12/2010,MFR,OR,ANM,WE,Federal Contract Tower,11,26,15,0,52,0,2,38,0,40,11,28,53,0,92,26,0,26,118
01/13/2010,MFR,OR,ANM,WE,Federal Contract Tower,12,37,20,0,69,0,1,24,0,25,12,38,44,0,94,0,0,0,94
01/14/2010,MFR,OR,ANM,WE,Federal Contract Tower,13,37,16,0,66,0,0,12,0,12,13,37,28,0,78,40,0,40,118
01/15/2010,MFR,OR,ANM,WE,Federal Contract Tower,18,30,25,0,73,0,2,24,0,26,18,32,49,0,99,16,0,16,115
01/16/2010,MFR,OR,ANM,WE,Federal Contract Tower,13,12,19,0,44,0,1,47,0,48,13,13,66,0,92,28,0,28,120
01/17/2010,MFR,OR,ANM,WE,Federal Contract Tower,11,16,17,0,44,0,0,15,2,17,11,16,32,2,61,22,0,22,83
01/18/2010,MFR,OR,ANM,WE,Federal Contract Tower,18,26,8,0,52,0,2,9,0,11,18,28,17,0,63,0,0,0,63
01/19/2010,MFR,OR,ANM,WE,Federal Contract Tower,12,27,10,0,49,0,2,2,0,4,12,29,12,0,53,0,0,0,53
01/20/2010,MFR,OR,ANM,WE,Federal Contract Tower,11,24,9,0,44,0,2,1,0,3,11,26,10,0,47,0,0,0,47
01/21/2010,MFR,OR,ANM,WE,Federal Contract Tower,12,32,18,0,62,0,4,24,0,28,12,36,42,0,90,24,0,24,114
01/22/2010,MFR,OR,ANM,WE,Federal Contract Tower,20,29,9,0,58,0,2,19,0,21,20,31,28,0,79,0,0,0,79
01/23/2010,MFR,OR,ANM,WE,Federal Contract Tower,15,13,10,0,38,0,0,69,0,69,15,13,79,0,107,64,0,64,171
01/24/2010,MFR,OR,ANM,WE,Federal Contract Tower,14,9,5,0,28,0,0,3,0,3,14,9,8,0,31,0,0,0,31
01/25/2010,MFR,OR,ANM,WE,Federal Contract Tower,21,19,2,0,42,0,0,9,0,9,21,19,11,0,51,16,0,16,67
01/26/2010,MFR,OR,ANM,WE,Federal Contract Tower,12,33,22,0,67,0,3,16,0,19,12,36,38,0,86,34,0,34,120
01/27/2010,MFR,OR,ANM,WE,Federal Contract Tower,15,35,11,0,61,0,0,54,0,54,15,35,65,0,115,28,0,28,143
01/28/2010,MFR,OR,ANM,WE,Federal Contract Tower,14,35,15,0,64,0,0,72,0,72,14,35,87,0,136,82,0,82,218
01/29/2010,MFR,OR,ANM,WE,Federal Contract Tower,21,26,8,0,55,0,4,41,0,45,21,30,49,0,100,30,0,30,130
01/30/2010,MFR,OR,ANM,WE,Federal Contract Tower,17,13,6,0,36,0,2,31,0,33,17,15,37,0,69,20,0,20,89
01/31/2010,MFR,OR,ANM,WE,Federal Contract Tower,17,15,12,0,44,0,0,55,0,55,17,15,67,0,99,52,0,52,151
02/01/2010,MFR,OR,ANM,WE,Federal Contract Tower,23,27,5,0,55,0,2,7,0,9,23,29,12,0,64,4,0,4,68
02/02/2010,MFR,OR,ANM,WE,Federal Contract Tower,16,27,7,0,50,0,0,13,2,15,16,27,20,2,65,32,0,32,97
02/03/2010,MFR,OR,ANM,WE,Federal Contract Tower,12,34,13,0,59,0,0,27,0,27,12,34,40,0,86,64,0,64,150
02/04/2010,MFR,OR,ANM,WE,Federal Contract Tower,14,30,13,0,57,0,3,11,0,14,14,33,24,0,71,18,0,18,89
02/05/2010,MFR,OR,ANM,WE,Federal Contract Tower,21,27,8,4,60,0,3,38,0,41,21,30,46,4,101,34,0,34,135
02/06/2010,MFR,OR,ANM,WE,Federal Contract Tower,15,11,6,0,32,0,1,33,0,34,15,12,39,0,66,26,0,26,92
02/07/2010,MFR,OR,ANM,WE,Federal Contract Tower,14,16,5,0,35,0,0,19,0,19,14,16,24,0,54,26,0,26,80
02/08/2010,MFR,OR,ANM,WE,Federal Contract Tower,20,23,8,0,51,0,0,36,0,36,20,23,44,0,87,34,0,34,121
02/09/2010,MFR,OR,ANM,WE,Federal Contract Tower,17,32,14,0,63,0,0,46,0,46,17,32,60,0,109,106,0,106,215
02/10/2010,MFR,OR,ANM,WE,Federal Contract Tower,17,34,21,0,72,0,5,19,0,24,17,39,40,0,96,46,0,46,142
02/11/2010,MFR,OR,ANM,WE,Federal Contract Tower,14,33,19,0,66,0,2,6,0,8,14,35,25,0,74,0,0,0,74
02/12/2010,MFR,OR,ANM,WE,Federal Contract Tower,19,35,9,0,63,0,0,26,0,26,19,35,35,0,89,30,0,30,119
02/13/2010,MFR,OR,ANM,WE,Federal Contract Tower,15,14,9,0,38,0,4,35,0,39,15,18,44,0,77,56,0,56,133
02/14/2010,MFR,OR,ANM,WE,Federal Contract Tower,12,15,2,0,29,0,0,0,0,0,12,15,2,0,29,0,0,0,29
02/15/2010,MFR,OR,ANM,WE,Federal Contract Tower,20,23,9,0,52,0,2,46,0,48,20,25,55,0,100,74,0,74,174
02/16/2010,MFR,OR,ANM,WE,Federal Contract Tower,17,35,8,2,62,0,0,37,0,37,17,35,45,2,99,18,0,18,117
02/17/2010,MFR,OR,ANM,WE,Federal Contract Tower,14,33,14,0,61,0,4,70,0,74,14,37,84,0,135,62,0,62,197
02/18/2010,MFR,OR,ANM,WE,Federal Contract Tower,14,33,18,0,65,0,3,77,0,80,14,36,95,0,145,110,0,110,255
02/19/2010,MFR,OR,ANM,WE,Federal Contract Tower,20,33,14,0,67,0,1,63,0,64,20,34,77,0,131,46,0,46,177
02/20/2010,MFR,OR,ANM,WE,Federal Contract Tower,15,18,17,0,50,0,0,48,0,48,15,18,65,0,98,46,0,46,144
02/21/2010,MFR,OR,ANM,WE,Federal Contract Tower,13,17,6,0,36,0,0,39,0,39,13,17,45,0,75,10,0,10,85
02/22/2010,MFR,OR,ANM,WE,Federal Contract Tower,21,28,8,0,57,0,6,42,0,48,21,34,50,0,105,12,0,12,117
02/23/2010,MFR,OR,ANM,WE,Federal Contract Tower,15,32,6,0,53,0,0,7,0,7,15,32,13,0,60,6,0,6,66
02/24/2010,MFR,OR,ANM,WE,Federal Contract Tower,14,39,19,0,72,0,0,11,0,11,14,39,30,0,83,54,0,54,137
02/25/2010,MFR,OR,ANM,WE,Federal Contract Tower,15,37,13,0,65,0,3,34,0,37,15,40,47,0,102,58,0,58,160
02/26/2010,MFR,OR,ANM,WE,Federal Contract Tower,18,30,13,0,61,0,1,16,0,17,18,31,29,0,78,4,0,4,82
02/27/2010,MFR,OR,ANM,WE,Federal Contract Tower,13,21,17,0,51,0,10,53,0,63,13,31,70,0,114,32,0,32,146
02/28/2010,MFR,OR,ANM,WE,Federal Contract Tower,20,16,15,0,51,0,5,65,5,75,20,21,80,5,126,70,0,70,196
03/01/2010,MFR,OR,ANM,WE,Federal Contract Tower,20,24,16,0,60,0,1,51,0,52,20,25,67,0,112,54,0,54,166
03/02/2010,MFR,OR,ANM,WE,Federal Contract Tower,14,30,16,2,62,0,4,21,0,25,14,34,37,2,87,98,4,102,189
03/03/2010,MFR,OR,ANM,WE,Federal Contract Tower,14,32,29,0,75,0,0,19,0,19,14,32,48,0,94,18,0,18,112
03/04/2010,MFR,OR,ANM,WE,Federal Contract Tower,13,30,18,0,61,0,1,44,0,45,13,31,62,0,106,62,0,62,168
03/05/2010,MFR,OR,ANM,WE,Federal Contract Tower,23,28,11,0,62,0,5,43,0,48,23,33,54,0,110,48,0,48,158
03/06/2010,MFR,OR,ANM,WE,Federal Contract Tower,13,15,5,0,33,0,5,70,0,75,13,20,75,0,108,38,0,38,146
03/07/2010,MFR,OR,ANM,WE,Federal Contract Tower,15,17,10,0,42,0,0,77,0,77,15,17,87,0,119,64,0,64,183
03/08/2010,MFR,OR,ANM,WE,Federal Contract Tower,21,27,15,0,63,0,1,15,0,16,21,28,30,0,79,14,0,14,93
03/09/2010,MFR,OR,ANM,WE,Federal Contract Tower,14,35,9,0,58,0,0,38,0,38,14,35,47,0,96,70,0,70,166
03/10/2010,MFR,OR,ANM,WE,Federal Contract Tower,14,30,12,2,58,0,1,26,0,27,14,31,38,2,85,82,4,86,171
03/11/2010,MFR,OR,ANM,WE,Federal Contract Tower,15,31,20,0,66,0,3,49,0,52,15,34,69,0,118,52,0,52,170
03/12/2010,MFR,OR,ANM,WE,Federal Contract Tower,19,29,10,0,58,0,0,14,0,14,19,29,24,0,72,48,0,48,120
03/13/2010,MFR,OR,ANM,WE,Federal Contract Tower,15,18,7,1,41,0,4,60,8,72,15,22,67,9,113,62,6,68,181
03/14/2010,MFR,OR,ANM,WE,Federal Contract Tower,18,16,15,0,49,0,5,71,0,76,18,21,86,0,125,40,0,40,165
03/15/2010,MFR,OR,ANM,WE,Federal Contract Tower,23,29,9,0,61,0,1,60,0,61,23,30,69,0,122,58,0,58,180
03/16/2010,MFR,OR,ANM,WE,Federal Contract Tower,14,34,13,2,63,0,2,35,3,40,14,36,48,5,103,16,0,16,119
03/17/2010,MFR,OR,ANM,WE,Federal Contract Tower,14,33,15,2,64,0,6,66,0,72,14,39,81,2,136,54,0,54,190
03/18/2010,MFR,OR,ANM,WE,Federal Contract Tower,19,26,15,2,62,0,12,86,0,98,19,38,101,2,160,60,0,60,220
03/19/2010,MFR,OR,ANM,WE,Federal Contract Tower,25,34,14,0,73,0,0,78,0,78,25,34,92,0,151,38,0,38,189
03/20/2010,MFR,OR,ANM,WE,Federal Contract Tower,15,14,7,0,36,0,14,74,0,88,15,28,81,0,124,44,0,44,168
03/21/2010,MFR,OR,ANM,WE,Federal Contract Tower,17,13,11,0,41,0,4,24,0,28,17,17,35,0,69,32,0,32,101
03/22/2010,MFR,OR,ANM,WE,Federal Contract Tower,24,23,10,1,58,0,3,42,2,47,24,26,52,3,105,46,4,50,155
03/23/2010,MFR,OR,ANM,WE,Federal Contract Tower,13,30,15,0,58,0,5,100,0,105,13,35,115,0,163,66,0,66,229
03/24/2010,MFR,OR,ANM,WE,Federal Contract Tower,16,28,1,0,45,0,6,59,0,65,16,34,60,0,110,36,0,36,146
03/25/2010,MFR,OR,ANM,WE,Federal Contract Tower,17,40,5,2,64,0,0,25,0,25,17,40,30,2,89,46,0,46,135
03/26/2010,MFR,OR,ANM,WE,Federal Contract Tower,22,35,18,2,77,0,4,22,0,26,22,39,40,2,103,16,0,16,119
03/27/2010,MFR,OR,ANM,WE,Federal Contract Tower,15,16,8,0,39,0,3,64,0,67,15,19,72,0,106,84,0,84,190
03/28/2010,MFR,OR,ANM,WE,Federal Contract Tower,20,15,17,1,53,0,0,17,0,17,20,15,34,1,70,16,0,16,86
03/29/2010,MFR,OR,ANM,WE,Federal Contract Tower,22,30,12,0,64,0,2,2,0,4,22,32,14,0,68,2,0,2,70
03/30/2010,MFR,OR,ANM,WE,Federal Contract Tower,14,35,14,0,63,0,0,11,0,11,14,35,25,0,74,36,0,36,110
03/31/2010,MFR,OR,ANM,WE,Federal Contract Tower,14,39,6,0,59,0,0,23,0,23,14,39,29,0,82,38,0,38,120
04/01/2010,MFR,OR,ANM,WE,Federal Contract Tower,16,33,27,0,76,0,0,50,0,50,16,33,77,0,126,38,0,38,164
04/02/2010,MFR,OR,ANM,WE,Federal Contract Tower,21,37,9,0,67,0,0,7,0,7,21,37,16,0,74,20,0,20,94
04/03/2010,MFR,OR,ANM,WE,Federal Contract Tower,15,19,9,0,43,0,1,33,0,34,15,20,42,0,77,54,0,54,131
04/04/2010,MFR,OR,ANM,WE,Federal Contract Tower,15,12,5,0,32,0,0,2,0,2,15,12,7,0,34,0,0,0,34
04/05/2010,MFR,OR,ANM,WE,Federal Contract Tower,19,33,3,0,55,0,1,9,0,10,19,34,12,0,65,4,0,4,69
04/06/2010,MFR,OR,ANM,WE,Federal Contract Tower,12,35,17,0,64,0,0,38,2,40,12,35,55,2,104,70,0,70,174
04/07/2010,MFR,OR,ANM,WE,Federal Contract Tower,12,35,17,1,65,0,9,103,2,114,12,44,120,3,179,60,0,60,239
04/08/2010,MFR,OR,ANM,WE,Federal Contract Tower,12,37,12,1,62,0,3,27,0,30,12,40,39,1,92,12,0,12,104
04/09/2010,MFR,OR,ANM,WE,Federal Contract Tower,20,28,15,0,63,0,4,94,0,98,20,32,109,0,161,72,0,72,233
04/10/2010,MFR,OR,ANM,WE,Federal Contract Tower,15,22,19,0,56,0,3,43,0,46,15,25,62,0,102,16,0,16,118
04/11/2010,MFR,OR,ANM,WE,Federal Contract Tower,14,14,7,0,35,0,2,22,0,24,14,16,29,0,59,8,0,8,67
04/12/2010,MFR,OR,ANM,WE,Federal Contract Tower,22,34,9,0,65,0,1,6,0,7,22,35,15,0,72,12,0,12,84
04/13/2010,MFR,OR,ANM,WE,Federal Contract Tower,14,34,27,0,75,0,0,6,0,6,14,34,33,0,81,8,0,8,89
04/14/2010,MFR,OR,ANM,WE,Federal Contract Tower,14,37,18,0,69,0,2,17,0,19,14,39,35,0,88,28,0,28,116
04/15/2010,MFR,OR,ANM,WE,Federal Contract Tower,18,32,14,0,64,0,3,63,0,66,18,35,77,0,130,98,0,98,228
04/16/2010,MFR,OR,ANM,WE,Federal Contract Tower,22,29,11,0,62,0,11,70,0,81,22,40,81,0,143,62,0,62,205
04/17/2010,MFR,OR,ANM,WE,Federal Contract Tower,14,25,13,0,52,0,11,59,0,70,14,36,72,0,122,12,0,12,134
04/18/2010,MFR,OR,ANM,WE,Federal Contract Tower,18,22,8,0,48,0,9,72,0,81,18,31,80,0,129,68,0,68,197
04/19/2010,MFR,OR,ANM,WE,Federal Contract Tower,23,29,10,0,62,0,3,31,0,34,23,32,41,0,96,38,0,38,134
04/20/2010,MFR,OR,ANM,WE,Federal Contract Tower,14,42,17,0,73,0,0,6,0,6,14,42,23,0,79,6,0,6,85
04/21/2010,MFR,OR,ANM,WE,Federal Contract Tower,13,40,8,0,61,0,4,12,2,18,13,44,20,2,79,0,0,0,79
04/22/2010,MFR,OR,ANM,WE,Federal Contract Tower,19,34,12,0,65,0,4,66,0,70,19,38,78,0,135,82,0,82,217
04/23/2010,MFR,OR,ANM,WE,Federal Contract Tower,22,27,11,0,60,0,8,71,0,79,22,35,82,0,139,66,0,66,205
04/24/2010,MFR,OR,ANM,WE,Federal Contract Tower,18,13,15,6,52,0,1,68,0,69,18,14,83,6,121,36,0,36,157
04/25/2010,MFR,OR,ANM,WE,Federal Contract Tower,18,19,14,0,51,0,0,66,0,66,18,19,80,0,117,24,0,24,141
04/26/2010,MFR,OR,ANM,WE,Federal Contract Tower,22,28,9,1,60,0,1,30,0,31,22,29,39,1,91,12,0,12,103
04/27/2010,MFR,OR,ANM,WE,Federal Contract Tower,13,37,9,4,63,0,0,5,2,7,13,37,14,6,70,2,2,4,74
04/28/2010,MFR,OR,ANM,WE,Federal Contract Tower,14,43,16,0,73,0,7,9,0,16,14,50,25,0,89,10,0,10,99
04/29/2010,MFR,OR,ANM,WE,Federal Contract Tower,21,32,11,2,66,0,16,9,0,25,21,48,20,2,91,0,0,0,91
04/30/2010,MFR,OR,ANM,WE,Federal Contract Tower,20,30,9,0,59,0,1,43,0,44,20,31,52,0,103,30,0,30,133
05/01/2010,MFR,OR,ANM,WE,Federal Contract Tower,16,20,20,0,56,0,13,29,0,42,16,33,49,0,98,12,0,12,110
05/02/2010,MFR,OR,ANM,WE,Federal Contract Tower,20,16,13,0,49,0,0,54,0,54,20,16,67,0,103,46,0,46,149
05/03/2010,MFR,OR,ANM,WE,Federal Contract Tower,25,26,10,0,61,0,0,18,0,18,25,26,28,0,79,34,0,34,113
05/04/2010,MFR,OR,ANM,WE,Federal Contract Tower,13,36,8,2,59,0,20,63,0,83,13,56,71,2,142,30,0,30,172
05/05/2010,MFR,OR,ANM,WE,Federal Contract Tower,17,36,11,6,70,0,3,34,0,37,17,39,45,6,107,42,0,42,149
05/06/2010,MFR,OR,ANM,WE,Federal Contract Tower,24,32,9,0,65,0,6,66,0,72,24,38,75,0,137,74,0,74,211
05/07/2010,MFR,OR,ANM,WE,Federal Contract Tower,27,32,9,0,68,0,11,57,0,68,27,43,66,0,136,24,0,24,160
05/08/2010,MFR,OR,ANM,WE,Federal Contract Tower,16,19,11,0,46,0,9,61,0,70,16,28,72,0,116,50,0,50,166
05/09/2010,MFR,OR,ANM,WE,Federal Contract Tower,20,12,15,0,47,0,3,14,0,17,20,15,29,0,64,18,0,18,82
05/10/2010,MFR,OR,ANM,WE,Federal Contract Tower,24,27,11,0,62,0,0,17,0,17,24,27,28,0,79,16,0,16,95
05/11/2010,MFR,OR,ANM,WE,Federal Contract Tower,14,38,23,0,75,0,0,41,2,43,14,38,64,2,118,36,0,36,154
05/12/2010,MFR,OR,ANM,WE,Federal Contract Tower,13,39,19,0,71,0,9,64,0,73,13,48,83,0,144,60,0,60,204
05/13/2010,MFR,OR,ANM,WE,Federal Contract Tower,16,38,19,0,73,0,2,124,0,126,16,40,143,0,199,60,0,60,259
05/14/2010,MFR,OR,ANM,WE,Federal Contract Tower,20,31,18,1,70,0,2,65,0,67,20,33,83,1,137,34,2,36,173
05/15/2010,MFR,OR,ANM,WE,Federal Contract Tower,18,14,4,0,36,0,3,72,0,75,18,17,76,0,111,112,0,112,223
05/16/2010,MFR,OR,ANM,WE,Federal Contract Tower,19,15,7,0,41,0,2,40,0,42,19,17,47,0,83,14,0,14,97
05/17/2010,MFR,OR,ANM,WE,Federal Contract Tower,23,26,15,0,64,0,2,27,0,29,23,28,42,0,93,16,0,16,109
05/18/2010,MFR,OR,ANM,WE,Federal Contract Tower,14,41,12,0,67,0,2,28,0,30,14,43,40,0,97,28,0,28,125
05/19/2010,MFR,OR,ANM,WE,Federal Contract Tower,14,36,19,0,69,0,2,13,0,15,14,38,32,0,84,18,0,18,102
05/20/2010,MFR,OR,ANM,WE,Federal Contract Tower,17,37,14,0,68,0,0,42,0,42,17,37,56,0,110,24,0,24,134
05/21/2010,MFR,OR,ANM,WE,Federal Contract Tower,23,35,16,0,74,0,0,20,0,20,23,35,36,0,94,8,0,8,102
05/22/2010,MFR,OR,ANM,WE,Federal Contract Tower,18,17,12,0,47,0,0,30,0,30,18,17,42,0,77,14,0,14,91
05/23/2010,MFR,OR,ANM,WE,Federal Contract Tower,21,11,7,0,39,0,1,36,0,37,21,12,43,0,76,26,0,26,102
05/24/2010,MFR,OR,ANM,WE,Federal Contract Tower,22,30,14,0,66,0,3,40,0,43,22,33,54,0,109,12,0,12,121
05/25/2010,MFR,OR,ANM,WE,Federal Contract Tower,14,33,7,0,54,0,2,26,0,28,14,35,33,0,82,8,0,8,90
05/26/2010,MFR,OR,ANM,WE,Federal Contract Tower,13,40,10,0,63,0,1,21,0,22,13,41,31,0,85,20,0,20,105
05/27/2010,MFR,OR,ANM,WE,Federal Contract Tower,16,43,8,0,67,0,0,9,0,9,16,43,17,0,76,2,0,2,78
05/28/2010,MFR,OR,ANM,WE,Federal Contract Tower,20,35,19,0,74,0,5,33,0,38,20,40,52,0,112,38,0,38,150
05/29/2010,MFR,OR,ANM,WE,Federal Contract Tower,19,12,13,0,44,0,6,91,14,111,19,18,104,14,155,66,0,66,221
05/30/2010,MFR,OR,ANM,WE,Federal Contract Tower,17,15,9,0,41,0,0,89,20,109,17,15,98,20,150,32,0,32,182
05/31/2010,MFR,OR,ANM,WE,Federal Contract Tower,24,17,18,3,62,0,4,55,0,59,24,21,73,3,121,22,0,22,143
06/01/2010,MFR,OR,ANM,WE,Federal Contract Tower,15,32,11,0,58,0,8,31,0,39,15,40,42,0,97,4,0,4,101
06/02/2010,MFR,OR,ANM,WE,Federal Contract Tower,14,44,18,0,76,0,5,15,0,20,14,49,33,0,96,18,0,18,114
06/03/2010,MFR,OR,ANM,WE,Federal Contract Tower,14,43,20,0,77,0,1,13,0,14,14,44,33,0,91,16,0,16,107
06/04/2010,MFR,OR,ANM,WE,Federal Contract Tower,24,32,19,0,75,0,7,15,0,22,24,39,34,0,97,6,0,6,103
06/05/2010,MFR,OR,ANM,WE,Federal Contract Tower,17,16,9,0,42,0,6,95,0,101,17,22,104,0,143,56,0,56,199
06/06/2010,MFR,OR,ANM,WE,Federal Contract Tower,17,14,10,0,41,0,3,28,0,31,17,17,38,0,72,22,0,22,94
06/07/2010,MFR,OR,ANM,WE,Federal Contract Tower,21,24,11,0,56,0,10,69,0,79,21,34,80,0,135,28,0,28,163
06/08/2010,MFR,OR,ANM,WE,Federal Contract Tower,13,37,19,0,69,0,2,69,0,71,13,39,88,0,140,12,0,12,152
06/09/2010,MFR,OR,ANM,WE,Federal Contract Tower,15,40,16,0,71,0,0,17,0,17,15,40,33,0,88,14,0,14,102
06/10/2010,MFR,OR,ANM,WE,Federal Contract Tower,16,38,15,0,69,0,3,18,0,21,16,41,33,0,90,2,0,2,92
06/11/2010,MFR,OR,ANM,WE,Federal Contract Tower,20,33,16,0,69,0,9,59,0,68,20,42,75,0,137,0,0,0,137
06/12/2010,MFR,OR,ANM,WE,Federal Contract Tower,13,30,8,0,51,0,3,75,2,80,13,33,83,2,131,12,0,12,143
06/13/2010,MFR,OR,ANM,WE,Federal Contract Tower,17,23,12,0,52,0,0,64,2,66,17,23,76,2,118,30,0,30,148
06/14/2010,MFR,OR,ANM,WE,Federal Contract Tower,19,30,12,0,61,0,9,32,2,43,19,39,44,2,104,0,0,0,104
06/15/2010,MFR,OR,ANM,WE,Federal Contract Tower,16,33,20,0,69,0,2,33,0,35,16,35,53,0,104,12,0,12,116
06/16/2010,MFR,OR,ANM,WE,Federal Contract Tower,17,31,19,0,67,0,12,43,0,55,17,43,62,0,122,98,0,98,220
06/17/2010,MFR,OR,ANM,WE,Federal Contract Tower,18,37,15,5,75,0,12,64,1,77,18,49,79,6,152,62,20,82,234
06/18/2010,MFR,OR,ANM,WE,Federal Contract Tower,23,30,27,0,80,0,4,83,0,87,23,34,110,0,167,48,0,48,215
06/19/2010,MFR,OR,ANM,WE,Federal Contract Tower,14,27,19,0,60,0,1,53,0,54,14,28,72,0,114,46,0,46,160
06/20/2010,MFR,OR,ANM,WE,Federal Contract Tower,18,22,24,0,64,0,2,59,0,61,18,24,83,0,125,62,0,62,187
06/21/2010,MFR,OR,ANM,WE,Federal Contract Tower,25,28,9,2,64,0,5,84,0,89,25,33,93,2,153,40,2,42,195
06/22/2010,MFR,OR,ANM,WE,Federal Contract Tower,19,31,14,0,64,0,2,65,0,67,19,33,79,0,131,128,0,128,259
06/23/2010,MFR,OR,ANM,WE,Federal Contract Tower,17,38,17,2,74,0,12,63,0,75,17,50,80,2,149,44,2,46,195
06/24/2010,MFR,OR,ANM,WE,Federal Contract Tower,20,32,11,0,63,0,2,63,0,65,20,34,74,0,128,72,0,72,200
06/25/2010,MFR,OR,ANM,WE,Federal Contract Tower,25,35,19,0,79,0,1,80,0,81,25,36,99,0,160,66,0,66,226
06/26/2010,MFR,OR,ANM,WE,Federal Contract Tower,19,21,6,0,46,0,9,74,0,83,19,30,80,0,129,28,0,28,157
06/27/2010,MFR,OR,ANM,WE,Federal Contract Tower,19,22,9,0,50,0,2,76,0,78,19,24,85,0,128,66,0,66,194
06/28/2010,MFR,OR,ANM,WE,Federal Contract Tower,25,30,3,0,58,0,6,61,0,67,25,36,64,0,125,64,0,64,189
06/29/2010,MFR,OR,ANM,WE,Federal Contract Tower,16,34,11,0,61,0,7,78,0,85,16,41,89,0,146,56,0,56,202
06/30/2010,MFR,OR,ANM,WE,Federal Contract Tower,17,39,16,2,74,0,11,68,0,79,17,50,84,2,153,48,0,48,201
07/01/2010,MFR,OR,ANM,WE,Federal Contract Tower,19,37,19,4,79,0,2,109,0,111,19,39,128,4,190,106,8,114,304
07/02/2010,MFR,OR,ANM,WE,Federal Contract Tower,25,33,11,0,69,0,2,86,0,88,25,35,97,0,157,107,0,107,264
07/03/2010,MFR,OR,ANM,WE,Federal Contract Tower,12,25,12,0,49,0,3,80,0,83,12,28,92,0,132,90,0,90,222
07/04/2010,MFR,OR,ANM,WE,Federal Contract Tower,17,13,4,2,36,0,2,47,0,49,17,15,51,2,85,30,0,30,115
07/05/2010,MFR,OR,ANM,WE,Federal Contract Tower,22,21,4,0,47,0,2,56,0,58,22,23,60,0,105,60,0,60,165
07/06/2010,MFR,OR,ANM,WE,Federal Contract Tower,18,29,6,1,54,0,10,64,0,74,18,39,70,1,128,58,4,62,190
07/07/2010,MFR,OR,ANM,WE,Federal Contract Tower,18,34,13,6,71,0,9,57,2,68,18,43,70,8,139,64,8,72,211
07/08/2010,MFR,OR,ANM,WE,Federal Contract Tower,19,35,14,2,70,0,6,68,0,74,19,41,82,2,144,78,6,84,228
07/09/2010,MFR,OR,ANM,WE,Federal Contract Tower,24,37,9,0,70,0,5,142,0,147,24,42,151,0,217,16,0,16,233
07/10/2010,MFR,OR,ANM,WE,Federal Contract Tower,18,25,10,0,53,0,6,92,0,98,18,31,102,0,151,0,0,0,151
07/11/2010,MFR,OR,ANM,WE,Federal Contract Tower,18,21,10,1,50,0,4,84,0,88,18,25,94,1,138,4,0,4,142
07/12/2010,MFR,OR,ANM,WE,Federal Contract Tower,23,27,15,0,65,0,8,62,0,70,23,35,77,0,135,40,0,40,175
07/13/2010,MFR,OR,ANM,WE,Federal Contract Tower,16,37,6,0,59,0,5,49,0,54,16,42,55,0,113,16,0,16,129
07/14/2010,MFR,OR,ANM,WE,Federal Contract Tower,18,38,11,0,67,0,1,71,0,72,18,39,82,0,139,98,0,98,237
07/15/2010,MFR,OR,ANM,WE,Federal Contract Tower,19,32,14,1,66,0,2,93,0,95,19,34,107,1,161,48,2,50,211
07/16/2010,MFR,OR,ANM,WE,Federal Contract Tower,24,28,10,0,62,0,3,70,0,73,24,31,80,0,135,58,0,58,193
07/17/2010,MFR,OR,ANM,WE,Federal Contract Tower,17,26,9,0,52,0,6,61,0,67,17,32,70,0,119,72,0,72,191
07/18/2010,MFR,OR,ANM,WE,Federal Contract Tower,18,23,4,0,45,0,1,65,0,66,18,24,69,0,111,6,0,6,117
07/19/2010,MFR,OR,ANM,WE,Federal Contract Tower,22,34,14,2,72,0,9,76,2,87,22,43,90,4,159,36,0,36,195
07/20/2010,MFR,OR,ANM,WE,Federal Contract Tower,13,34,30,0,77,0,9,76,0,85,13,43,106,0,162,74,0,74,236
07/21/2010,MFR,OR,ANM,WE,Federal Contract Tower,18,40,9,0,67,0,18,77,0,95,18,58,86,0,162,24,0,24,186
07/22/2010,MFR,OR,ANM,WE,Federal Contract Tower,19,36,11,1,67,0,9,97,2,108,19,45,108,3,175,62,0,62,237
07/23/2010,MFR,OR,ANM,WE,Federal Contract Tower,26,34,13,0,73,0,1,96,0,97,26,35,109,0,170,40,0,40,210
07/24/2010,MFR,OR,ANM,WE,Federal Contract Tower,19,23,15,2,59,0,3,73,0,76,19,26,88,2,135,70,4,74,209
07/25/2010,MFR,OR,ANM,WE,Federal Contract Tower,19,22,10,0,51,0,2,61,0,63,19,24,71,0,114,0,0,0,114
07/26/2010,MFR,OR,ANM,WE,Federal Contract Tower,22,30,4,2,58,0,2,55,3,60,22,32,59,5,118,62,0,62,180
07/27/2010,MFR,OR,ANM,WE,Federal Contract Tower,15,37,14,0,66,0,4,56,4,64,15,41,70,4,130,46,0,46,176
07/28/2010,MFR,OR,ANM,WE,Federal Contract Tower,17,35,11,0,63,0,8,86,4,98,17,43,97,4,161,48,0,48,209
07/29/2010,MFR,OR,ANM,WE,Federal Contract Tower,19,34,12,0,65,0,4,105,2,111,19,38,117,2,176,82,0,82,258
07/30/2010,MFR,OR,ANM,WE,Federal Contract Tower,23,30,9,0,62,0,2,99,4,105,23,32,108,4,167,48,0,48,215
07/31/2010,MFR,OR,ANM,WE,Federal Contract Tower,16,21,8,0,45,0,19,74,0,93,16,40,82,0,138,42,0,42,180
08/01/2010,MFR,OR,ANM,WE,Federal Contract Tower,18,25,21,0,64,0,8,69,0,77,18,33,90,0,141,54,0,54,195
08/02/2010,MFR,OR,ANM,WE,Federal Contract Tower,24,35,6,0,65,0,6,57,0,63,24,41,63,0,128,18,0,18,146
08/03/2010,MFR,OR,ANM,WE,Federal Contract Tower,15,35,8,0,58,0,11,46,0,57,15,46,54,0,115,30,0,30,145
08/04/2010,MFR,OR,ANM,WE,Federal Contract Tower,16,35,11,2,64,0,12,50,0,62,16,47,61,2,126,8,4,12,138
08/05/2010,MFR,OR,ANM,WE,Federal Contract Tower,17,34,21,2,74,0,5,53,4,62,17,39,74,6,136,6,4,10,146
08/06/2010,MFR,OR,ANM,WE,Federal Contract Tower,25,26,20,2,73,0,9,63,0,72,25,35,83,2,145,56,0,56,201
08/07/2010,MFR,OR,ANM,WE,Federal Contract Tower,17,24,13,0,54,0,9,63,0,72,17,33,76,0,126,52,0,52,178
08/08/2010,MFR,OR,ANM,WE,Federal Contract Tower,16,32,14,3,65,0,1,63,0,64,16,33,77,3,129,52,2,54,183
08/09/2010,MFR,OR,ANM,WE,Federal Contract Tower,21,34,10,0,65,0,6,39,0,45,21,40,49,0,110,28,0,28,138
08/10/2010,MFR,OR,ANM,WE,Federal Contract Tower,17,40,11,0,68,0,6,38,0,44,17,46,49,0,112,26,0,26,138
08/11/2010,MFR,OR,ANM,WE,Federal Contract Tower,17,30,9,0,56,0,1,39,4,44,17,31,48,4,100,44,0,44,144
08/12/2010,MFR,OR,ANM,WE,Federal Contract Tower,17,39,19,1,76,0,7,66,1,74,17,46,85,2,150,34,0,34,184
08/13/2010,MFR,OR,ANM,WE,Federal Contract Tower,21,36,22,1,80,0,8,65,0,73,21,44,87,1,153,54,0,54,207
08/14/2010,MFR,OR,ANM,WE,Federal Contract Tower,15,23,13,0,51,0,5,84,0,89,15,28,97,0,140,12,0,12,152
08/15/2010,MFR,OR,ANM,WE,Federal Contract Tower,15,22,14,0,51,0,10,85,0,95,15,32,99,0,146,18,0,18,164
08/16/2010,MFR,OR,ANM,WE,Federal Contract Tower,22,35,11,2,70,0,10,77,5,92,22,45,88,7,162,16,0,16,178
08/17/2010,MFR,OR,ANM,WE,Federal Contract Tower,13,35,11,0,59,0,4,48,3,55,13,39,59,3,114,22,0,22,136
08/18/2010,MFR,OR,ANM,WE,Federal Contract Tower,19,36,7,0,62,0,5,71,8,84,19,41,78,8,146,28,0,28,174
08/19/2010,MFR,OR,ANM,WE,Federal Contract Tower,17,33,26,2,78,0,9,93,4,106,17,42,119,6,184,64,0,64,248
08/20/2010,MFR,OR,ANM,WE,Federal Contract Tower,21,37,6,0,64,0,3,58,1,62,21,40,64,1,126,0,0,0,126
08/21/2010,MFR,OR,ANM,WE,Federal Contract Tower,15,24,19,0,58,0,4,86,2,92,15,28,105,2,150,0,0,0,150
08/22/2010,MFR,OR,ANM,WE,Federal Contract Tower,11,21,15,0,47,0,14,99,0,113,11,35,114,0,160,8,0,8,168
08/23/2010,MFR,OR,ANM,WE,Federal Contract Tower,19,33,12,0,64,0,5,64,0,69,19,38,76,0,133,16,0,16,149
08/24/2010,MFR,OR,ANM,WE,Federal Contract Tower,13,41,12,0,66,0,7,50,0,57,13,48,62,0,123,16,0,16,139
08/25/2010,MFR,OR,ANM,WE,Federal Contract Tower,14,38,12,0,64,0,23,41,0,64,14,61,53,0,128,16,0,16,144
08/26/2010,MFR,OR,ANM,WE,Federal Contract Tower,13,32,12,0,57,0,57,44,0,101,13,89,56,0,158,6,0,6,164
08/27/2010,MFR,OR,ANM,WE,Federal Contract Tower,19,35,16,2,72,0,10,53,0,63,19,45,69,2,135,30,0,30,165
08/28/2010,MFR,OR,ANM,WE,Federal Contract Tower,10,21,18,0,49,0,4,33,0,37,10,25,51,0,86,6,0,6,92
08/29/2010,MFR,OR,ANM,WE,Federal Contract Tower,10,27,11,0,48,0,2,57,0,59,10,29,68,0,107,14,0,14,121
08/30/2010,MFR,OR,ANM,WE,Federal Contract Tower,19,38,14,0,71,0,1,12,0,13,19,39,26,0,84,20,0,20,104
08/31/2010,MFR,OR,ANM,WE,Federal Contract Tower,13,35,21,5,74,0,5,51,0,56,13,40,72,5,130,20,6,26,156
09/01/2010,MFR,OR,ANM,WE,Federal Contract Tower,15,35,16,0,66,0,4,59,0,63,15,39,75,0,129,26,0,26,155
09/02/2010,MFR,OR,ANM,WE,Federal Contract Tower,16,34,23,7,80,0,16,65,0,81,16,50,88,7,161,52,6,58,219
09/03/2010,MFR,OR,ANM,WE,Federal Contract Tower,19,34,13,0,66,0,17,78,0,95,19,51,91,0,161,42,0,42,203
09/04/2010,MFR,OR,ANM,WE,Federal Contract Tower,9,22,13,8,52,0,12,72,0,84,9,34,85,8,136,46,0,46,182
09/05/2010,MFR,OR,ANM,WE,Federal Contract Tower,12,15,10,0,37,0,3,60,0,63,12,18,70,0,100,42,0,42,142
09/06/2010,MFR,OR,ANM,WE,Federal Contract Tower,19,20,15,0,54,0,6,79,0,85,19,26,94,0,139,34,0,34,173
09/07/2010,MFR,OR,ANM,WE,Federal Contract Tower,13,37,14,0,64,0,12,35,2,49,13,49,49,2,113,54,0,54,167
09/08/2010,MFR,OR,ANM,WE,Federal Contract Tower,15,35,12,0,62,0,11,22,5,38,15,46,34,5,100,10,0,10,110
09/09/2010,MFR,OR,ANM,WE,Federal Contract Tower,12,43,28,0,83,0,4,27,0,31,12,47,55,0,114,58,0,58,172
09/10/2010,MFR,OR,ANM,WE,Federal Contract Tower,19,30,16,0,65,0,31,74,0,105,19,61,90,0,170,22,0,22,192
09/11/2010,MFR,OR,ANM,WE,Federal Contract Tower,10,23,9,0,42,0,3,75,0,78,10,26,84,0,120,20,0,20,140
09/12/2010,MFR,OR,ANM,WE,Federal Contract Tower,11,24,12,3,50,0,23,85,1,109,11,47,97,4,159,20,0,20,179
09/13/2010,MFR,OR,ANM,WE,Federal Contract Tower,21,36,16,0,73,0,9,55,0,64,21,45,71,0,137,26,0,26,163
09/14/2010,MFR,OR,ANM,WE,Federal Contract Tower,13,40,12,0,65,0,5,67,0,72,13,45,79,0,137,60,0,60,197
09/15/2010,MFR,OR,ANM,WE,Federal Contract Tower,13,37,16,0,66,0,6,43,0,49,13,43,59,0,115,6,0,6,121
09/16/2010,MFR,OR,ANM,WE,Federal Contract Tower,13,34,31,0,78,0,8,44,0,52,13,42,75,0,130,30,0,30,160
09/17/2010,MFR,OR,ANM,WE,Federal Contract Tower,19,30,22,0,71,0,4,31,0,35,19,34,53,0,106,26,0,26,132
09/18/2010,MFR,OR,ANM,WE,Federal Contract Tower,9,26,24,0,59,0,0,3,0,3,9,26,27,0,62,4,0,4,66
09/19/2010,MFR,OR,ANM,WE,Federal Contract Tower,12,22,13,0,47,0,1,24,0,25,12,23,37,0,72,24,0,24,96
09/20/2010,MFR,OR,ANM,WE,Federal Contract Tower,20,42,17,0,79,0,5,38,0,43,20,47,55,0,122,28,0,28,150
09/21/2010,MFR,OR,ANM,WE,Federal Contract Tower,13,39,12,0,64,0,4,33,0,37,13,43,45,0,101,22,0,22,123
09/22/2010,MFR,OR,ANM,WE,Federal Contract Tower,15,36,16,0,67,0,4,50,0,54,15,40,66,0,121,38,0,38,159
09/23/2010,MFR,OR,ANM,WE,Federal Contract Tower,13,36,19,0,68,0,3,54,0,57,13,39,73,0,125,50,0,50,175
09/24/2010,MFR,OR,ANM,WE,Federal Contract Tower,19,36,21,0,76,0,7,72,0,79,19,43,93,0,155,16,0,16,171
09/25/2010,MFR,OR,ANM,WE,Federal Contract Tower,9,28,18,0,55,0,5,62,0,67,9,33,80,0,122,40,0,40,162
09/26/2010,MFR,OR,ANM,WE,Federal Contract Tower,10,22,8,4,44,0,2,63,0,65,10,24,71,4,109,12,0,12,121
09/27/2010,MFR,OR,ANM,WE,Federal Contract Tower,18,30,10,0,58,0,7,42,0,49,18,37,52,0,107,6,0,6,113
09/28/2010,MFR,OR,ANM,WE,Federal Contract Tower,13,31,9,0,53,0,10,37,0,47,13,41,46,0,100,20,0,20,120
09/29/2010,MFR,OR,ANM,WE,Federal Contract Tower,13,37,16,0,66,0,4,56,0,60,13,41,72,0,126,16,0,16,142
09/30/2010,MFR,OR,ANM,WE,Federal Contract Tower,13,42,6,0,61,0,13,64,0,77,13,55,70,0,138,44,0,44,182
10/01/2010,MFR,OR,ANM,WE,Federal Contract Tower,21,35,17,1,74,0,6,59,0,65,21,41,76,1,139,8,0,8,147
10/02/2010,MFR,OR,ANM,WE,Federal Contract Tower,9,26,17,1,53,0,3,74,0,77,9,29,91,1,130,2,0,2,132
10/03/2010,MFR,OR,ANM,WE,Federal Contract Tower,10,19,14,0,43,0,2,25,0,27,10,21,39,0,70,0,0,0,70
10/04/2010,MFR,OR,ANM,WE,Federal Contract Tower,24,27,22,1,74,0,0,24,0,24,24,27,46,1,98,58,0,58,156
10/05/2010,MFR,OR,ANM,WE,Federal Contract Tower,16,33,12,2,63,0,2,33,1,36,16,35,45,3,99,8,0,8,107
10/06/2010,MFR,OR,ANM,WE,Federal Contract Tower,18,31,25,0,74,0,2,64,0,66,18,33,89,0,140,34,0,34,174
10/07/2010,MFR,OR,ANM,WE,Federal Contract Tower,15,34,29,5,83,0,1,53,0,54,15,35,82,5,137,58,0,58,195
10/08/2010,MFR,OR,ANM,WE,Federal Contract Tower,17,39,24,0,80,0,6,50,0,56,17,45,74,0,136,30,0,30,166
10/09/2010,MFR,OR,ANM,WE,Federal Contract Tower,11,25,10,0,46,0,5,21,0,26,11,30,31,0,72,10,0,10,82
10/10/2010,MFR,OR,ANM,WE,Federal Contract Tower,11,18,20,0,49,0,0,33,0,33,11,18,53,0,82,12,0,12,94
10/11/2010,MFR,OR,ANM,WE,Federal Contract Tower,23,28,6,0,57,0,3,36,0,39,23,31,42,0,96,0,0,0,96
10/12/2010,MFR,OR,ANM,WE,Federal Contract Tower,16,34,15,8,73,0,5,41,0,46,16,39,56,8,119,26,0,26,145
10/13/2010,MFR,OR,ANM,WE,Federal Contract Tower,16,42,14,1,73,0,5,52,0,57,16,47,66,1,130,36,0,36,166
10/14/2010,MFR,OR,ANM,WE,Federal Contract Tower,12,42,16,0,70,0,17,45,0,62,12,59,61,0,132,44,0,44,176
10/15/2010,MFR,OR,ANM,WE,Federal Contract Tower,20,38,22,0,80,0,6,66,0,72,20,44,88,0,152,44,0,44,196
10/16/2010,MFR,OR,ANM,WE,Federal Contract Tower,16,22,4,0,42,0,2,60,1,63,16,24,64,1,105,30,0,30,135
10/17/2010,MFR,OR,ANM,WE,Federal Contract Tower,15,17,9,0,41,0,0,51,2,53,15,17,60,2,94,22,0,22,116
10/18/2010,MFR,OR,ANM,WE,Federal Contract Tower,19,34,13,0,66,0,4,47,0,51,19,38,60,0,117,42,0,42,159
10/19/2010,MFR,OR,ANM,WE,Federal Contract Tower,16,35,11,0,62,0,2,60,0,62,16,37,71,0,124,26,0,26,150
10/20/2010,MFR,OR,ANM,WE,Federal Contract Tower,15,39,13,0,67,0,6,53,0,59,15,45,66,0,126,24,0,24,150
10/21/2010,MFR,OR,ANM,WE,Federal Contract Tower,13,40,25,2,80,0,5,42,0,47,13,45,67,2,127,12,0,12,139
10/22/2010,MFR,OR,ANM,WE,Federal Contract Tower,19,35,12,2,68,0,0,17,0,17,19,35,29,2,85,10,0,10,95
10/23/2010,MFR,OR,ANM,WE,Federal Contract Tower,13,24,17,0,54,0,0,21,1,22,13,24,38,1,76,18,0,18,94
10/24/2010,MFR,OR,ANM,WE,Federal Contract Tower,14,15,16,1,46,0,0,0,0,0,14,15,16,1,46,0,0,0,46
10/25/2010,MFR,OR,ANM,WE,Federal Contract Tower,20,35,26,9,90,0,1,15,2,18,20,36,41,11,108,12,0,12,120
10/26/2010,MFR,OR,ANM,WE,Federal Contract Tower,12,39,10,0,61,0,1,26,2,29,12,40,36,2,90,8,0,8,98
10/27/2010,MFR,OR,ANM,WE,Federal Contract Tower,15,41,16,0,72,0,3,33,0,36,15,44,49,0,108,26,0,26,134
10/28/2010,MFR,OR,ANM,WE,Federal Contract Tower,17,39,8,0,64,0,1,5,0,6,17,40,13,0,70,8,0,8,78
10/29/2010,MFR,OR,ANM,WE,Federal Contract Tower,18,33,16,0,67,0,1,32,0,33,18,34,48,0,100,34,0,34,134
10/30/2010,MFR,OR,ANM,WE,Federal Contract Tower,13,25,10,0,48,0,4,33,0,37,13,29,43,0,85,14,0,14,99
10/31/2010,MFR,OR,ANM,WE,Federal Contract Tower,11,26,13,0,50,0,2,32,0,34,11,28,45,0,84,32,0,32,116
11/01/2010,MFR,OR,ANM,WE,Federal Contract Tower,17,34,21,0,72,0,7,43,3,53,17,41,64,3,125,32,0,32,157
11/02/2010,MFR,OR,ANM,WE,Federal Contract Tower,12,42,9,0,63,0,7,80,0,87,12,49,89,0,150,28,0,28,178
11/03/2010,MFR,OR,ANM,WE,Federal Contract Tower,18,41,13,0,72,0,0,65,0,65,18,41,78,0,137,60,0,60,197
11/04/2010,MFR,OR,ANM,WE,Federal Contract Tower,12,42,11,0,65,0,0,54,0,54,12,42,65,0,119,56,0,56,175
11/05/2010,MFR,OR,ANM,WE,Federal Contract Tower,19,31,13,0,63,0,4,33,0,37,19,35,46,0,100,14,0,14,114
11/06/2010,MFR,OR,ANM,WE,Federal Contract Tower,15,22,12,4,53,0,0,13,0,13,15,22,25,4,66,2,0,2,68
11/07/2010,MFR,OR,ANM,WE,Federal Contract Tower,11,18,9,0,38,0,0,3,0,3,11,18,12,0,41,0,0,0,41
11/08/2010,MFR,OR,ANM,WE,Federal Contract Tower,15,39,10,0,64,0,0,13,0,13,15,39,23,0,77,2,0,2,79
11/09/2010,MFR,OR,ANM,WE,Federal Contract Tower,12,37,11,0,60,0,0,1,0,1,12,37,12,0,61,0,0,0,61
11/10/2010,MFR,OR,ANM,WE,Federal Contract Tower,16,38,15,0,69,0,1,6,0,7,16,39,21,0,76,16,0,16,92
11/11/2010,MFR,OR,ANM,WE,Federal Contract Tower,13,37,18,2,70,0,1,19,0,20,13,38,37,2,90,16,0,16,106
11/12/2010,MFR,OR,ANM,WE,Federal Contract Tower,19,33,18,0,70,0,1,40,0,41,19,34,58,0,111,24,0,24,135
11/13/2010,MFR,OR,ANM,WE,Federal Contract Tower,16,24,15,0,55,0,2,15,0,17,16,26,30,0,72,30,0,30,102
11/14/2010,MFR,OR,ANM,WE,Federal Contract Tower,12,20,12,0,44,0,0,2,0,2,12,20,14,0,46,0,0,0,46
11/15/2010,MFR,OR,ANM,WE,Federal Contract Tower,15,38,17,0,70,0,0,14,0,14,15,38,31,0,84,8,0,8,92
11/16/2010,MFR,OR,ANM,WE,Federal Contract Tower,11,42,17,0,70,0,6,33,0,39,11,48,50,0,109,52,0,52,161
11/17/2010,MFR,OR,ANM,WE,Federal Contract Tower,13,37,15,0,65,0,3,17,0,20,13,40,32,0,85,18,0,18,103
11/18/2010,MFR,OR,ANM,WE,Federal Contract Tower,13,34,5,4,56,0,0,6,0,6,13,34,11,4,62,4,0,4,66
11/19/2010,MFR,OR,ANM,WE,Federal Contract Tower,19,27,5,2,53,0,0,17,0,17,19,27,22,2,70,18,0,18,88
11/20/2010,MFR,OR,ANM,WE,Federal Contract Tower,14,14,18,0,46,0,0,6,0,6,14,14,24,0,52,24,0,24,76
11/21/2010,MFR,OR,ANM,WE,Federal Contract Tower,14,18,12,2,46,0,0,3,0,3,14,18,15,2,49,0,0,0,49
11/22/2010,MFR,OR,ANM,WE,Federal Contract Tower,15,38,10,0,63,0,0,3,0,3,15,38,13,0,66,8,0,8,74
11/23/2010,MFR,OR,ANM,WE,Federal Contract Tower,11,52,11,0,74,0,1,7,0,8,11,53,18,0,82,14,0,14,96
11/24/2010,MFR,OR,ANM,WE,Federal Contract Tower,15,37,17,0,69,0,0,28,0,28,15,37,45,0,97,32,0,32,129
11/25/2010,MFR,OR,ANM,WE,Federal Contract Tower,10,18,5,0,33,0,0,35,0,35,10,18,40,0,68,34,0,34,102
11/26/2010,MFR,OR,ANM,WE,Federal Contract Tower,16,30,10,0,56,0,1,26,0,27,16,31,36,0,83,6,0,6,89
11/27/2010,MFR,OR,ANM,WE,Federal Contract Tower,15,20,4,0,39,0,0,0,0,0,15,20,4,0,39,0,0,0,39
11/28/2010,MFR,OR,ANM,WE,Federal Contract Tower,12,21,18,0,51,0,0,15,0,15,12,21,33,0,66,26,0,26,92
11/29/2010,MFR,OR,ANM,WE,Federal Contract Tower,14,32,15,0,61,0,2,19,0,21,14,34,34,0,82,18,0,18,100
11/30/2010,MFR,OR,ANM,WE,Federal Contract Tower,11,42,13,2,68,0,2,14,0,16,11,44,27,2,84,10,0,10,94
12/01/2010,MFR,OR,ANM,WE,Federal Contract Tower,15,39,19,0,73,0,0,2,0,2,15,39,21,0,75,0,0,0,75
12/02/2010,MFR,OR,ANM,WE,Federal Contract Tower,14,39,13,0,66,0,0,0,0,0,14,39,13,0,66,0,0,0,66
12/03/2010,MFR,OR,ANM,WE,Federal Contract Tower,19,32,15,16,82,0,4,34,0,38,19,36,49,16,120,30,0,30,150
12/04/2010,MFR,OR,ANM,WE,Federal Contract Tower,15,24,12,16,67,0,2,16,0,18,15,26,28,16,85,10,4,14,99
12/05/2010,MFR,OR,ANM,WE,Federal Contract Tower,15,12,9,0,36,0,5,21,0,26,15,17,30,0,62,10,0,10,72
12/06/2010,MFR,OR,ANM,WE,Federal Contract Tower,14,32,9,0,55,0,2,27,0,29,14,34,36,0,84,34,0,34,118
12/07/2010,MFR,OR,ANM,WE,Federal Contract Tower,11,40,13,0,64,0,3,27,0,30,11,43,40,0,94,26,0,26,120
12/08/2010,MFR,OR,ANM,WE,Federal Contract Tower,15,42,9,4,70,0,5,20,2,27,15,47,29,6,97,44,0,44,141
12/09/2010,MFR,OR,ANM,WE,Federal Contract Tower,12,33,9,2,56,0,1,21,0,22,12,34,30,2,78,28,0,28,106
12/10/2010,MFR,OR,ANM,WE,Federal Contract Tower,19,38,15,0,72,0,0,0,0,0,19,38,15,0,72,0,0,0,72
12/11/2010,MFR,OR,ANM,WE,Federal Contract Tower,14,19,4,0,37,0,0,1,0,1,14,19,5,0,38,0,0,0,38
12/12/2010,MFR,OR,ANM,WE,Federal Contract Tower,11,16,9,0,36,0,0,0,0,0,11,16,9,0,36,0,0,0,36
12/13/2010,MFR,OR,ANM,WE,Federal Contract Tower,11,41,20,2,74,0,0,0,0,0,11,41,20,2,74,0,0,0,74
12/14/2010,MFR,OR,ANM,WE,Federal Contract Tower,11,42,20,0,73,0,1,28,0,29,11,43,48,0,102,44,0,44,146
12/15/2010,MFR,OR,ANM,WE,Federal Contract Tower,15,37,15,0,67,0,1,18,0,19,15,38,33,0,86,8,0,8,94
12/16/2010,MFR,OR,ANM,WE,Federal Contract Tower,12,44,14,2,72,0,0,23,4,27,12,44,37,6,99,54,0,54,153
12/17/2010,MFR,OR,ANM,WE,Federal Contract Tower,15,43,12,0,70,0,0,11,0,11,15,43,23,0,81,12,0,12,93
12/18/2010,MFR,OR,ANM,WE,Federal Contract Tower,13,25,14,0,52,0,0,2,0,2,13,25,16,0,54,0,0,0,54
12/19/2010,MFR,OR,ANM,WE,Federal Contract Tower,11,15,9,0,35,0,0,2,0,2,11,15,11,0,37,4,0,4,41
12/20/2010,MFR,OR,ANM,WE,Federal Contract Tower,15,36,13,0,64,0,2,10,0,12,15,38,23,0,76,30,0,30,106
12/21/2010,MFR,OR,ANM,WE,Federal Contract Tower,14,40,8,2,64,0,1,8,0,9,14,41,16,2,73,4,0,4,77
12/22/2010,MFR,OR,ANM,WE,Federal Contract Tower,17,43,5,0,65,0,0,18,0,18,17,43,23,0,83,46,0,46,129
12/23/2010,MFR,OR,ANM,WE,Federal Contract Tower,14,49,10,0,73,0,0,44,0,44,14,49,54,0,117,72,0,72,189
12/24/2010,MFR,OR,ANM,WE,Federal Contract Tower,17,28,9,0,54,0,10,12,0,22,17,38,21,0,76,24,0,24,100
12/25/2010,MFR,OR,ANM,WE,Federal Contract Tower,10,21,4,0,35,0,2,4,0,6,10,23,8,0,41,4,0,4,45
12/26/2010,MFR,OR,ANM,WE,Federal Contract Tower,12,19,8,0,39,0,0,8,0,8,12,19,16,0,47,32,0,32,79
12/27/2010,MFR,OR,ANM,WE,Federal Contract Tower,16,29,3,8,56,0,0,4,0,4,16,29,7,8,60,4,0,4,64
12/28/2010,MFR,OR,ANM,WE,Federal Contract Tower,13,39,3,0,55,0,0,0,0,0,13,39,3,0,55,0,0,0,55
12/29/2010,MFR,OR,ANM,WE,Federal Contract Tower,15,41,12,0,68,0,0,11,0,11,15,41,23,0,79,10,0,10,89
12/30/2010,MFR,OR,ANM,WE,Federal Contract Tower,15,33,12,0,60,0,2,35,0,37,15,35,47,0,97,36,0,36,133
12/31/2010,MFR,OR,ANM,WE,Federal Contract Tower,14,22,15,0,51,0,4,31,0,35,14,26,46,0,86,18,0,18,104
01/01/2011,MFR,OR,ANM,WE,Federal Contract Tower,14,15,8,0,37,0,2,27,0,29,14,17,35,0,66,6,0,6,72
01/02/2011,MFR,OR,ANM,WE,Federal Contract Tower,12,15,12,0,39,0,0,45,0,45,12,15,57,0,84,15,0,15,99
01/03/2011,MFR,OR,ANM,WE,Federal Contract Tower,17,21,6,0,44,0,0,0,0,0,17,21,6,0,44,0,0,0,44
01/04/2011,MFR,OR,ANM,WE,Federal Contract Tower,10,20,11,0,41,0,0,0,0,0,10,20,11,0,41,0,0,0,41
01/05/2011,MFR,OR,ANM,WE,Federal Contract Tower,14,30,11,0,55,0,3,21,0,24,14,33,32,0,79,26,0,26,105
01/06/2011,MFR,OR,ANM,WE,Federal Contract Tower,13,30,16,0,59,0,0,0,0,0,13,30,16,0,59,0,0,0,59
01/07/2011,MFR,OR,ANM,WE,Federal Contract Tower,16,29,11,0,56,0,0,0,0,0,16,29,11,0,56,0,0,0,56
01/08/2011,MFR,OR,ANM,WE,Federal Contract Tower,16,16,13,0,45,0,4,25,0,29,16,20,38,0,74,52,0,52,126
01/09/2011,MFR,OR,ANM,WE,Federal Contract Tower,12,16,10,0,38,0,0,16,0,16,12,16,26,0,54,14,0,14,68
01/10/2011,MFR,OR,ANM,WE,Federal Contract Tower,22,26,6,0,54,0,2,16,0,18,22,28,22,0,72,22,0,22,94
01/11/2011,MFR,OR,ANM,WE,Federal Contract Tower,13,39,15,0,67,0,3,9,0,12,13,42,24,0,79,12,0,12,91
01/12/2011,MFR,OR,ANM,WE,Federal Contract Tower,13,32,7,0,52,0,6,24,0,30,13,38,31,0,82,18,0,18,100
01/13/2011,MFR,OR,ANM,WE,Federal Contract Tower,14,28,5,0,47,0,0,2,0,2,14,28,7,0,49,0,0,0,49
01/14/2011,MFR,OR,ANM,WE,Federal Contract Tower,16,22,20,0,58,0,1,19,0,20,16,23,39,0,78,10,0,10,88
01/15/2011,MFR,OR,ANM,WE,Federal Contract Tower,16,19,8,0,43,0,0,0,0,0,16,19,8,0,43,0,0,0,43
01/16/2011,MFR,OR,ANM,WE,Federal Contract Tower,13,16,10,0,39,0,0,0,0,0,13,16,10,0,39,0,0,0,39
01/17/2011,MFR,OR,ANM,WE,Federal Contract Tower,16,21,11,0,48,0,2,24,0,26,16,23,35,0,74,26,0,26,100
01/18/2011,MFR,OR,ANM,WE,Federal Contract Tower,14,36,11,0,61,0,0,6,0,6,14,36,17,0,67,2,0,2,69
01/19/2011,MFR,OR,ANM,WE,Federal Contract Tower,15,30,9,2,56,0,4,27,0,31,15,34,36,2,87,8,0,8,95
01/20/2011,MFR,OR,ANM,WE,Federal Contract Tower,13,30,13,0,56,0,1,41,0,42,13,31,54,0,98,44,0,44,142
01/21/2011,MFR,OR,ANM,WE,Federal Contract Tower,15,30,14,0,59,0,3,31,0,34,15,33,45,0,93,36,0,36,129
01/22/2011,MFR,OR,ANM,WE,Federal Contract Tower,15,14,14,1,44,0,3,51,0,54,15,17,65,1,98,32,0,32,130
01/23/2011,MFR,OR,ANM,WE,Federal Contract Tower,16,16,11,2,45,0,0,16,0,16,16,16,27,2,61,24,0,24,85
01/24/2011,MFR,OR,ANM,WE,Federal Contract Tower,19,22,24,0,65,0,1,31,0,32,19,23,55,0,97,12,0,12,109
01/25/2011,MFR,OR,ANM,WE,Federal Contract Tower,15,31,7,0,53,0,4,41,0,45,15,35,48,0,98,10,0,10,108
01/26/2011,MFR,OR,ANM,WE,Federal Contract Tower,13,26,13,0,52,0,3,35,0,38,13,29,48,0,90,24,0,24,114
01/27/2011,MFR,OR,ANM,WE,Federal Contract Tower,13,34,9,0,56,0,6,50,3,59,13,40,59,3,115,36,0,36,151
01/28/2011,MFR,OR,ANM,WE,Federal Contract Tower,20,30,29,1,80,0,2,55,2,59,20,32,84,3,139,66,0,66,205
01/29/2011,MFR,OR,ANM,WE,Federal Contract Tower,14,17,4,1,36,0,6,66,2,74,14,23,70,3,110,28,2,30,140
01/30/2011,MFR,OR,ANM,WE,Federal Contract Tower,14,12,10,2,38,0,0,12,0,12,14,12,22,2,50,14,0,14,64
01/31/2011,MFR,OR,ANM,WE,Federal Contract Tower,18,21,8,0,47,0,1,4,0,5,18,22,12,0,52,4,0,4,56
02/01/2011,MFR,OR,ANM,WE,Federal Contract Tower,14,24,21,0,59,0,1,30,0,31,14,25,51,0,90,24,0,24,114
02/02/2011,MFR,OR,ANM,WE,Federal Contract Tower,12,23,12,0,47,0,3,50,0,53,12,26,62,0,100,20,0,20,120
02/03/2011,MFR,OR,ANM,WE,Federal Contract Tower,18,25,28,0,71,0,9,42,2,53,18,34,70,2,124,10,0,10,134
02/04/2011,MFR,OR,ANM,WE,Federal Contract Tower,12,21,21,1,55,0,12,51,2,65,12,33,72,3,120,52,0,52,172
02/05/2011,MFR,OR,ANM,WE,Federal Contract Tower,12,16,15,1,44,0,3,36,1,40,12,19,51,2,84,18,0,18,102
02/06/2011,MFR,OR,ANM,WE,Federal Contract Tower,18,13,8,0,39,0,0,12,1,13,18,13,20,1,52,36,0,36,88
02/07/2011,MFR,OR,ANM,WE,Federal Contract Tower,12,23,13,4,52,0,3,24,0,27,12,26,37,4,79,30,4,34,113
02/08/2011,MFR,OR,ANM,WE,Federal Contract Tower,12,23,17,0,52,0,3,20,2,25,12,26,37,2,77,34,0,34,111
02/09/2011,MFR,OR,ANM,WE,Federal Contract Tower,14,24,20,0,58,0,2,71,0,73,14,26,91,0,131,48,0,48,179
02/10/2011,MFR,OR,ANM,WE,Federal Contract Tower,19,28,8,8,63,0,2,53,4,59,19,30,61,12,122,62,2,64,186
02/11/2011,MFR,OR,ANM,WE,Federal Contract Tower,13,23,17,0,53,0,5,69,2,76,13,28,86,2,129,32,0,32,161
02/12/2011,MFR,OR,ANM,WE,Federal Contract Tower,14,12,11,0,37,0,1,68,0,69,14,13,79,0,106,46,0,46,152
02/13/2011,MFR,OR,ANM,WE,Federal Contract Tower,18,10,13,0,41,0,1,41,0,42,18,11,54,0,83,14,0,14,97
02/14/2011,MFR,OR,ANM,WE,Federal Contract Tower,13,19,3,0,35,0,3,12,0,15,13,22,15,0,50,0,0,0,50
02/15/2011,MFR,OR,ANM,WE,Federal Contract Tower,13,35,8,0,56,0,0,4,0,4,13,35,12,0,60,16,0,16,76
02/16/2011,MFR,OR,ANM,WE,Federal Contract Tower,14,24,7,0,45,0,2,23,0,25,14,26,30,0,70,8,0,8,78
02/17/2011,MFR,OR,ANM,WE,Federal Contract Tower,13,29,9,0,51,0,0,10,0,10,13,29,19,0,61,6,0,6,67
02/18/2011,MFR,OR,ANM,WE,Federal Contract Tower,9,30,24,10,73,0,1,14,2,17,9,31,38,12,90,0,0,0,90
02/19/2011,MFR,OR,ANM,WE,Federal Contract Tower,7,20,4,8,39,0,2,3,0,5,7,22,7,8,44,0,0,0,44
02/20/2011,MFR,OR,ANM,WE,Federal Contract Tower,11,15,11,0,37,0,1,16,0,17,11,16,27,0,54,0,0,0,54
02/21/2011,MFR,OR,ANM,WE,Federal Contract Tower,9,19,15,1,44,0,1,53,0,54,9,20,68,1,98,52,0,52,150
02/22/2011,MFR,OR,ANM,WE,Federal Contract Tower,7,33,7,0,47,0,1,14,0,15,7,34,21,0,62,26,0,26,88
02/23/2011,MFR,OR,ANM,WE,Federal Contract Tower,9,28,17,0,54,0,2,7,0,9,9,30,24,0,63,12,0,12,75
02/24/2011,MFR,OR,ANM,WE,Federal Contract Tower,14,36,4,0,54,0,0,0,0,0,14,36,4,0,54,0,0,0,54
02/25/2011,MFR,OR,ANM,WE,Federal Contract Tower,7,37,15,4,63,0,0,1,0,1,7,37,16,4,64,10,0,10,74
02/26/2011,MFR,OR,ANM,WE,Federal Contract Tower,7,24,17,2,50,0,4,47,0,51,7,28,64,2,101,20,0,20,121
02/27/2011,MFR,OR,ANM,WE,Federal Contract Tower,15,21,21,0,57,0,7,37,0,44,15,28,58,0,101,6,0,6,107
02/28/2011,MFR,OR,ANM,WE,Federal Contract Tower,11,30,9,2,52,0,3,4,0,7,11,33,13,2,59,8,0,8,67
03/01/2011,MFR,OR,ANM,WE,Federal Contract Tower,5,39,13,0,57,0,2,15,2,19,5,41,28,2,76,22,0,22,98
03/02/2011,MFR,OR,ANM,WE,Federal Contract Tower,9,31,13,0,53,0,1,19,0,20,9,32,32,0,73,32,0,32,105
03/03/2011,MFR,OR,ANM,WE,Federal Contract Tower,17,29,9,0,55,0,0,8,11,19,17,29,17,11,74,12,0,12,86
03/04/2011,MFR,OR,ANM,WE,Federal Contract Tower,9,32,20,0,61,0,2,18,0,20,9,34,38,0,81,18,0,18,99
03/05/2011,MFR,OR,ANM,WE,Federal Contract Tower,11,19,14,2,46,0,0,0,0,0,11,19,14,2,46,0,0,0,46
03/06/2011,MFR,OR,ANM,WE,Federal Contract Tower,18,11,15,0,44,0,0,13,0,13,18,11,28,0,57,0,0,0,57
03/07/2011,MFR,OR,ANM,WE,Federal Contract Tower,14,20,11,0,45,0,0,0,0,0,14,20,11,0,45,22,0,22,67
03/08/2011,MFR,OR,ANM,WE,Federal Contract Tower,12,31,21,2,66,0,2,8,0,10,12,33,29,2,76,18,0,18,94
03/09/2011,MFR,OR,ANM,WE,Federal Contract Tower,14,25,17,4,60,0,0,31,0,31,14,25,48,4,91,78,0,78,169
03/10/2011,MFR,OR,ANM,WE,Federal Contract Tower,15,30,6,0,51,0,0,0,0,0,15,30,6,0,51,4,0,4,55
03/11/2011,MFR,OR,ANM,WE,Federal Contract Tower,11,32,14,1,58,0,5,25,0,30,11,37,39,1,88,54,0,54,142
03/12/2011,MFR,OR,ANM,WE,Federal Contract Tower,8,19,3,0,30,0,1,8,0,9,8,20,11,0,39,0,0,0,39
03/13/2011,MFR,OR,ANM,WE,Federal Contract Tower,18,18,8,0,44,0,0,1,0,1,18,18,9,0,45,0,0,0,45
03/14/2011,MFR,OR,ANM,WE,Federal Contract Tower,13,22,22,2,59,0,2,26,0,28,13,24,48,2,87,10,2,12,99
03/15/2011,MFR,OR,ANM,WE,Federal Contract Tower,14,24,5,0,43,0,0,7,0,7,14,24,12,0,50,0,0,0,50
03/16/2011,MFR,OR,ANM,WE,Federal Contract Tower,15,25,18,0,58,0,0,6,0,6,15,25,24,0,64,14,0,14,78
03/17/2011,MFR,OR,ANM,WE,Federal Contract Tower,20,25,15,4,64,0,0,16,0,16,20,25,31,4,80,24,0,24,104
03/18/2011,MFR,OR,ANM,WE,Federal Contract Tower,11,21,11,0,43,0,0,0,0,0,11,21,11,0,43,0,0,0,43
03/19/2011,MFR,OR,ANM,WE,Federal Contract Tower,13,20,8,0,41,0,3,17,0,20,13,23,25,0,61,12,0,12,73
03/20/2011,MFR,OR,ANM,WE,Federal Contract Tower,20,8,7,0,35,0,0,10,0,10,20,8,17,0,45,8,0,8,53
03/21/2011,MFR,OR,ANM,WE,Federal Contract Tower,15,18,17,4,54,0,2,0,0,2,15,20,17,4,56,0,0,0,56
03/22/2011,MFR,OR,ANM,WE,Federal Contract Tower,17,23,19,0,59,0,1,63,0,64,17,24,82,0,123,52,0,52,175
03/23/2011,MFR,OR,ANM,WE,Federal Contract Tower,16,21,15,2,54,0,5,12,1,18,16,26,27,3,72,0,0,0,72
03/24/2011,MFR,OR,ANM,WE,Federal Contract Tower,19,24,16,8,67,0,0,4,0,4,19,24,20,8,71,8,0,8,79
03/25/2011,MFR,OR,ANM,WE,Federal Contract Tower,11,29,22,0,62,0,0,4,0,4,11,29,26,0,66,0,0,0,66
03/26/2011,MFR,OR,ANM,WE,Federal Contract Tower,12,21,5,0,38,0,0,7,0,7,12,21,12,0,45,24,0,24,69
03/27/2011,MFR,OR,ANM,WE,Federal Contract Tower,20,10,9,0,39,0,0,2,0,2,20,10,11,0,41,8,0,8,49
03/28/2011,MFR,OR,ANM,WE,Federal Contract Tower,15,21,10,0,46,0,2,41,0,43,15,23,51,0,89,12,0,12,101
03/29/2011,MFR,OR,ANM,WE,Federal Contract Tower,16,26,14,0,56,0,0,0,0,0,16,26,14,0,56,0,0,0,56
03/30/2011,MFR,OR,ANM,WE,Federal Contract Tower,16,24,21,4,65,0,34,0,0,34,16,58,21,4,99,36,0,36,135
03/31/2011,MFR,OR,ANM,WE,Federal Contract Tower,17,25,19,8,69,0,0,54,0,54,17,25,73,8,123,36,0,36,159
04/01/2011,MFR,OR,ANM,WE,Federal Contract Tower,14,22,14,0,50,0,1,52,0,53,14,23,66,0,103,28,0,28,131
04/02/2011,MFR,OR,ANM,WE,Federal Contract Tower,9,21,14,3,47,0,0,16,0,16,9,21,30,3,63,0,0,0,63
04/03/2011,MFR,OR,ANM,WE,Federal Contract Tower,18,14,10,1,43,0,0,57,0,57,18,14,67,1,100,66,0,66,166
04/04/2011,MFR,OR,ANM,WE,Federal Contract Tower,15,29,9,0,53,0,2,22,0,24,15,31,31,0,77,0,0,0,77
04/05/2011,MFR,OR,ANM,WE,Federal Contract Tower,15,30,19,6,70,0,0,23,0,23,15,30,42,6,93,16,0,16,109
04/06/2011,MFR,OR,ANM,WE,Federal Contract Tower,15,21,15,0,51,0,2,10,0,12,15,23,25,0,63,0,0,0,63
04/07/2011,MFR,OR,ANM,WE,Federal Contract Tower,18,29,2,0,49,0,0,5,0,5,18,29,7,0,54,2,0,2,56
04/08/2011,MFR,OR,ANM,WE,Federal Contract Tower,12,22,28,0,62,0,4,58,0,62,12,26,86,0,124,48,0,48,172
04/09/2011,MFR,OR,ANM,WE,Federal Contract Tower,12,13,9,0,34,0,10,46,0,56,12,23,55,0,90,38,0,38,128
04/10/2011,MFR,OR,ANM,WE,Federal Contract Tower,13,17,9,0,39,0,0,27,0,27,13,17,36,0,66,26,0,26,92
04/11/2011,MFR,OR,ANM,WE,Federal Contract Tower,16,19,16,0,51,0,0,49,0,49,16,19,65,0,100,32,0,32,132
04/12/2011,MFR,OR,ANM,WE,Federal Contract Tower,15,24,12,0,51,0,2,54,2,58,15,26,66,2,109,56,0,56,165
04/13/2011,MFR,OR,ANM,WE,Federal Contract Tower,14,30,12,0,56,0,1,28,0,29,14,31,40,0,85,16,0,16,101
04/14/2011,MFR,OR,ANM,WE,Federal Contract Tower,17,31,18,1,67,0,2,22,1,25,17,33,40,2,92,10,0,10,102
04/15/2011,MFR,OR,ANM,WE,Federal Contract Tower,16,29,20,0,65,0,0,5,0,5,16,29,25,0,70,0,0,0,70
04/16/2011,MFR,OR,ANM,WE,Federal Contract Tower,11,14,14,0,39,0,0,14,0,14,11,14,28,0,53,6,0,6,59
04/17/2011,MFR,OR,ANM,WE,Federal Contract Tower,17,15,16,0,48,0,0,5,0,5,17,15,21,0,53,22,0,22,75
04/18/2011,MFR,OR,ANM,WE,Federal Contract Tower,16,20,18,0,54,0,1,14,0,15,16,21,32,0,69,10,0,10,79
04/19/2011,MFR,OR,ANM,WE,Federal Contract Tower,15,28,18,3,64,0,3,57,0,60,15,31,75,3,124,60,4,64,188
04/20/2011,MFR,OR,ANM,WE,Federal Contract Tower,14,22,9,0,45,0,0,13,0,13,14,22,22,0,58,10,0,10,68
04/21/2011,MFR,OR,ANM,WE,Federal Contract Tower,18,28,11,4,61,0,1,44,0,45,18,29,55,4,106,42,0,42,148
04/22/2011,MFR,OR,ANM,WE,Federal Contract Tower,15,23,17,0,55,0,3,82,0,85,15,26,99,0,140,94,0,94,234
04/23/2011,MFR,OR,ANM,WE,Federal Contract Tower,12,18,19,0,49,0,4,29,0,33,12,22,48,0,82,38,0,38,120
04/24/2011,MFR,OR,ANM,WE,Federal Contract Tower,19,9,7,0,35,0,3,24,0,27,19,12,31,0,62,0,0,0,62
04/25/2011,MFR,OR,ANM,WE,Federal Contract Tower,14,16,17,0,47,0,0,9,0,9,14,16,26,0,56,10,0,10,66
04/26/2011,MFR,OR,ANM,WE,Federal Contract Tower,15,24,19,0,58,0,3,50,0,53,15,27,69,0,111,36,0,36,147
04/27/2011,MFR,OR,ANM,WE,Federal Contract Tower,16,21,12,0,49,0,2,52,0,54,16,23,64,0,103,24,0,24,127
04/28/2011,MFR,OR,ANM,WE,Federal Contract Tower,17,28,9,0,54,0,1,15,0,16,17,29,24,0,70,16,0,16,86
04/29/2011,MFR,OR,ANM,WE,Federal Contract Tower,15,25,23,3,66,0,0,39,1,40,15,25,62,4,106,18,0,18,124
04/30/2011,MFR,OR,ANM,WE,Federal Contract Tower,12,18,7,0,37,0,2,73,0,75,12,20,80,0,112,48,0,48,160
05/01/2011,MFR,OR,ANM,WE,Federal Contract Tower,19,17,8,0,44,0,1,82,0,83,19,18,90,0,127,70,0,70,197
05/02/2011,MFR,OR,ANM,WE,Federal Contract Tower,15,19,3,0,37,0,1,27,0,28,15,20,30,0,65,22,0,22,87
05/03/2011,MFR,OR,ANM,WE,Federal Contract Tower,14,20,17,0,51,0,4,53,0,57,14,24,70,0,108,46,0,46,154
05/04/2011,MFR,OR,ANM,WE,Federal Contract Tower,15,26,8,0,49,0,2,51,0,53,15,28,59,0,102,6,0,6,108
05/05/2011,MFR,OR,ANM,WE,Federal Contract Tower,18,28,14,2,62,0,2,32,0,34,18,30,46,2,96,22,0,22,118
05/06/2011,MFR,OR,ANM,WE,Federal Contract Tower,13,26,17,0,56,0,7,35,0,42,13,33,52,0,98,32,0,32,130
05/07/2011,MFR,OR,ANM,WE,Federal Contract Tower,11,20,9,0,40,0,5,32,0,37,11,25,41,0,77,22,0,22,99
05/08/2011,MFR,OR,ANM,WE,Federal Contract Tower,17,12,7,0,36,0,2,14,0,16,17,14,21,0,52,8,0,8,60
05/09/2011,MFR,OR,ANM,WE,Federal Contract Tower,15,24,17,0,56,0,3,38,0,41,15,27,55,0,97,2,0,2,99
05/10/2011,MFR,OR,ANM,WE,Federal Contract Tower,15,29,15,0,59,0,7,65,0,72,15,36,80,0,131,54,0,54,185
05/11/2011,MFR,OR,ANM,WE,Federal Contract Tower,13,21,7,0,41,0,0,27,0,27,13,21,34,0,68,14,0,14,82
05/12/2011,MFR,OR,ANM,WE,Federal Contract Tower,18,24,18,0,60,0,1,48,0,49,18,25,66,0,109,12,0,12,121
05/13/2011,MFR,OR,ANM,WE,Federal Contract Tower,15,25,12,2,54,0,8,62,1,71,15,33,74,3,125,20,0,20,145
05/14/2011,MFR,OR,ANM,WE,Federal Contract Tower,12,12,8,0,32,0,1,20,0,21,12,13,28,0,53,22,0,22,75
05/15/2011,MFR,OR,ANM,WE,Federal Contract Tower,19,13,13,0,45,0,1,1,0,2,19,14,14,0,47,0,0,0,47
05/16/2011,MFR,OR,ANM,WE,Federal Contract Tower,14,14,6,2,36,0,0,6,0,6,14,14,12,2,42,0,0,0,42
05/17/2011,MFR,OR,ANM,WE,Federal Contract Tower,14,24,9,0,47,0,0,10,0,10,14,24,19,0,57,24,0,24,81
05/18/2011,MFR,OR,ANM,WE,Federal Contract Tower,13,32,19,0,64,0,2,35,0,37,13,34,54,0,101,34,0,34,135
05/19/2011,MFR,OR,ANM,WE,Federal Contract Tower,18,34,12,0,64,0,3,104,0,107,18,37,116,0,171,42,0,42,213
05/20/2011,MFR,OR,ANM,WE,Federal Contract Tower,12,24,20,0,56,0,2,89,0,91,12,26,109,0,147,44,0,44,191
05/21/2011,MFR,OR,ANM,WE,Federal Contract Tower,11,19,10,0,40,0,2,46,0,48,11,21,56,0,88,26,0,26,114
05/22/2011,MFR,OR,ANM,WE,Federal Contract Tower,19,15,9,0,43,0,0,30,0,30,19,15,39,0,73,26,0,26,99
05/23/2011,MFR,OR,ANM,WE,Federal Contract Tower,15,21,12,0,48,0,2,35,0,37,15,23,47,0,85,48,0,48,133
05/24/2011,MFR,OR,ANM,WE,Federal Contract Tower,17,23,10,0,50,0,1,48,0,49,17,24,58,0,99,56,0,56,155
05/25/2011,MFR,OR,ANM,WE,Federal Contract Tower,14,28,19,0,61,0,4,7,0,11,14,32,26,0,72,0,0,0,72
05/26/2011,MFR,OR,ANM,WE,Federal Contract Tower,21,23,11,0,55,0,0,18,0,18,21,23,29,0,73,12,0,12,85
05/27/2011,MFR,OR,ANM,WE,Federal Contract Tower,14,31,21,0,66,0,4,17,0,21,14,35,38,0,87,10,0,10,97
05/28/2011,MFR,OR,ANM,WE,Federal Contract Tower,9,16,19,0,44,0,1,5,0,6,9,17,24,0,50,0,0,0,50
05/29/2011,MFR,OR,ANM,WE,Federal Contract Tower,14,9,6,0,29,0,3,17,0,20,14,12,23,0,49,4,0,4,53
05/30/2011,MFR,OR,ANM,WE,Federal Contract Tower,13,15,9,0,37,0,4,40,0,44,13,19,49,0,81,14,0,14,95
05/31/2011,MFR,OR,ANM,WE,Federal Contract Tower,17,27,14,0,58,0,1,8,0,9,17,28,22,0,67,6,0,6,73
06/01/2011,MFR,OR,ANM,WE,Federal Contract Tower,15,27,22,0,64,0,5,3,0,8,15,32,25,0,72,8,0,8,80
06/02/2011,MFR,OR,ANM,WE,Federal Contract Tower,20,26,12,3,61,0,7,34,0,41,20,33,46,3,102,40,0,40,142
06/03/2011,MFR,OR,ANM,WE,Federal Contract Tower,12,26,22,5,65,0,6,61,0,67,12,32,83,5,132,8,8,16,148
06/04/2011,MFR,OR,ANM,WE,Federal Contract Tower,12,10,23,0,45,0,1,57,0,58,12,11,80,0,103,46,0,46,149
06/05/2011,MFR,OR,ANM,WE,Federal Contract Tower,18,12,6,0,36,0,0,43,0,43,18,12,49,0,79,28,0,28,107
06/06/2011,MFR,OR,ANM,WE,Federal Contract Tower,16,21,9,1,47,0,1,33,4,38,16,22,42,5,85,24,0,24,109
06/07/2011,MFR,OR,ANM,WE,Federal Contract Tower,17,29,16,0,62,0,7,58,0,65,17,36,74,0,127,62,0,62,189
06/08/2011,MFR,OR,ANM,WE,Federal Contract Tower,14,28,28,14,84,0,7,68,0,75,14,35,96,14,159,36,0,36,195
06/09/2011,MFR,OR,ANM,WE,Federal Contract Tower,20,43,25,2,90,0,2,95,0,97,20,45,120,2,187,18,0,18,205
06/10/2011,MFR,OR,ANM,WE,Federal Contract Tower,12,35,36,1,84,0,9,62,0,71,12,44,98,1,155,22,0,22,177
06/11/2011,MFR,OR,ANM,WE,Federal Contract Tower,11,23,36,0,70,0,13,42,0,55,11,36,78,0,125,14,0,14,139
06/12/2011,MFR,OR,ANM,WE,Federal Contract Tower,17,23,18,0,58,0,4,47,0,51,17,27,65,0,109,26,0,26,135
06/13/2011,MFR,OR,ANM,WE,Federal Contract Tower,12,32,31,0,75,0,6,18,2,26,12,38,49,2,101,0,0,0,101
06/14/2011,MFR,OR,ANM,WE,Federal Contract Tower,14,42,17,3,76,0,6,43,2,51,14,48,60,5,127,24,0,24,151
06/15/2011,MFR,OR,ANM,WE,Federal Contract Tower,11,32,28,3,74,0,4,47,2,53,11,36,75,5,127,28,2,30,157
06/16/2011,MFR,OR,ANM,WE,Federal Contract Tower,21,31,16,0,68,0,3,75,0,78,21,34,91,0,146,38,0,38,184
06/17/2011,MFR,OR,ANM,WE,Federal Contract Tower,16,32,22,3,73,0,11,78,0,89,16,43,100,3,162,40,0,40,202
06/18/2011,MFR,OR,ANM,WE,Federal Contract Tower,14,20,16,0,50,0,3,51,0,54,14,23,67,0,104,36,0,36,140
06/19/2011,MFR,OR,ANM,WE,Federal Contract Tower,21,24,13,0,58,0,3,61,0,64,21,27,74,0,122,24,0,24,146
06/20/2011,MFR,OR,ANM,WE,Federal Contract Tower,13,29,26,0,68,0,4,58,0,62,13,33,84,0,130,12,0,12,142
06/21/2011,MFR,OR,ANM,WE,Federal Contract Tower,14,31,11,0,56,0,12,59,0,71,14,43,70,0,127,58,0,58,185
06/22/2011,MFR,OR,ANM,WE,Federal Contract Tower,13,33,15,1,62,0,3,54,1,58,13,36,69,2,120,14,2,16,136
06/23/2011,MFR,OR,ANM,WE,Federal Contract Tower,25,30,18,0,73,0,2,74,0,76,25,32,92,0,149,20,0,20,169
06/24/2011,MFR,OR,ANM,WE,Federal Contract Tower,11,31,17,0,59,0,2,69,0,71,11,33,86,0,130,53,0,53,183
06/25/2011,MFR,OR,ANM,WE,Federal Contract Tower,13,22,10,0,45,0,4,112,0,116,13,26,122,0,161,66,0,66,227
06/26/2011,MFR,OR,ANM,WE,Federal Contract Tower,22,21,9,0,52,0,6,68,0,74,22,27,77,0,126,8,0,8,134
06/27/2011,MFR,OR,ANM,WE,Federal Contract Tower,12,30,14,0,56,0,7,39,0,46,12,37,53,0,102,30,0,30,132
06/28/2011,MFR,OR,ANM,WE,Federal Contract Tower,16,35,33,0,84,0,1,23,0,24,16,36,56,0,108,14,0,14,122
06/29/2011,MFR,OR,ANM,WE,Federal Contract Tower,17,36,33,0,86,0,4,38,0,42,17,40,71,0,128,24,0,24,152
06/30/2011,MFR,OR,ANM,WE,Federal Contract Tower,19,38,11,0,68,0,1,69,0,70,19,39,80,0,138,76,0,76,214
07/01/2011,MFR,OR,ANM,WE,Federal Contract Tower,15,30,15,0,60,0,13,86,0,99,15,43,101,0,159,64,0,64,223
07/02/2011,MFR,OR,ANM,WE,Federal Contract Tower,12,20,11,0,43,0,2,74,0,76,12,22,85,0,119,3,0,3,122
07/03/2011,MFR,OR,ANM,WE,Federal Contract Tower,22,12,15,0,49,0,3,54,0,57,22,15,69,0,106,0,0,0,106
07/04/2011,MFR,OR,ANM,WE,Federal Contract Tower,10,14,8,0,32,0,7,65,0,72,10,21,73,0,104,8,0,8,112
07/05/2011,MFR,OR,ANM,WE,Federal Contract Tower,19,26,16,3,64,0,16,81,0,97,19,42,97,3,161,24,10,34,195
07/06/2011,MFR,OR,ANM,WE,Federal Contract Tower,17,34,14,0,65,0,5,94,0,99,17,39,108,0,164,54,0,54,218
07/07/2011,MFR,OR,ANM,WE,Federal Contract Tower,16,38,24,0,78,0,3,55,0,58,16,41,79,0,136,26,0,26,162
07/08/2011,MFR,OR,ANM,WE,Federal Contract Tower,14,35,15,0,64,0,0,0,0,0,14,35,15,0,64,84,0,84,148
07/09/2011,MFR,OR,ANM,WE,Federal Contract Tower,14,21,10,0,45,0,0,74,0,74,14,21,84,0,119,66,0,66,185
07/10/2011,MFR,OR,ANM,WE,Federal Contract Tower,18,27,15,0,60,0,3,100,0,103,18,30,115,0,163,44,0,44,207
07/11/2011,MFR,OR,ANM,WE,Federal Contract Tower,12,34,17,0,63,0,5,36,5,46,12,39,53,5,109,28,0,28,137
07/12/2011,MFR,OR,ANM,WE,Federal Contract Tower,13,40,21,4,78,0,3,40,5,48,13,43,61,9,126,26,0,26,152
07/13/2011,MFR,OR,ANM,WE,Federal Contract Tower,18,35,24,1,78,0,1,19,8,28,18,36,43,9,106,20,8,28,134
07/14/2011,MFR,OR,ANM,WE,Federal Contract Tower,20,26,17,0,63,0,2,54,6,62,20,28,71,6,125,58,0,58,183
07/15/2011,MFR,OR,ANM,WE,Federal Contract Tower,13,25,11,0,49,0,6,55,5,66,13,31,66,5,115,8,0,8,123
07/16/2011,MFR,OR,ANM,WE,Federal Contract Tower,13,22,8,0,43,0,2,46,0,48,13,24,54,0,91,24,0,24,115
07/17/2011,MFR,OR,ANM,WE,Federal Contract Tower,22,19,10,0,51,0,2,37,0,39,22,21,47,0,90,28,0,28,118
07/18/2011,MFR,OR,ANM,WE,Federal Contract Tower,12,34,11,0,57,0,3,12,0,15,12,37,23,0,72,22,0,22,94
07/19/2011,MFR,OR,ANM,WE,Federal Contract Tower,13,44,18,0,75,0,2,37,0,39,13,46,55,0,114,44,0,44,158
07/20/2011,MFR,OR,ANM,WE,Federal Contract Tower,17,30,19,0,66,0,7,80,0,87,17,37,99,0,153,64,0,64,217
07/21/2011,MFR,OR,ANM,WE,Federal Contract Tower,24,27,14,7,72,0,5,68,2,75,24,32,82,9,147,54,26,80,227
07/22/2011,MFR,OR,ANM,WE,Federal Contract Tower,18,27,12,0,57,0,4,77,0,81,18,31,89,0,138,56,0,56,194
07/23/2011,MFR,OR,ANM,WE,Federal Contract Tower,16,21,5,2,44,0,2,56,8,66,16,23,61,10,110,0,0,0,110
07/24/2011,MFR,OR,ANM,WE,Federal Contract Tower,23,19,9,0,51,0,0,61,0,61,23,19,70,0,112,36,0,36,148
07/25/2011,MFR,OR,ANM,WE,Federal Contract Tower,13,32,14,6,65,0,3,35,0,38,13,35,49,6,103,6,0,6,109
07/26/2011,MFR,OR,ANM,WE,Federal Contract Tower,14,34,6,4,58,0,3,27,0,30,14,37,33,4,88,26,16,42,130
07/27/2011,MFR,OR,ANM,WE,Federal Contract Tower,15,33,7,0,55,0,1,75,0,76,15,34,82,0,131,76,0,76,207
07/28/2011,MFR,OR,ANM,WE,Federal Contract Tower,18,33,12,0,63,0,3,57,0,60,18,36,69,0,123,54,0,54,177
07/29/2011,MFR,OR,ANM,WE,Federal Contract Tower,20,28,14,0,62,0,2,59,0,61,20,30,73,0,123,16,0,16,139
07/30/2011,MFR,OR,ANM,WE,Federal Contract Tower,15,22,11,2,50,0,3,65,0,68,15,25,76,2,118,52,0,52,170
07/31/2011,MFR,OR,ANM,WE,Federal Contract Tower,20,27,15,0,62,0,3,47,0,50,20,30,62,0,112,12,0,12,124
08/01/2011,MFR,OR,ANM,WE,Federal Contract Tower,12,31,12,6,61,0,22,52,0,74,12,53,64,6,135,36,0,36,171
08/02/2011,MFR,OR,ANM,WE,Federal Contract Tower,14,35,16,4,69,0,7,64,0,71,14,42,80,4,140,60,0,60,200
08/03/2011,MFR,OR,ANM,WE,Federal Contract Tower,12,33,12,4,61,0,3,82,11,96,12,36,94,15,157,56,6,62,219
08/04/2011,MFR,OR,ANM,WE,Federal Contract Tower,25,22,9,0,56,0,10,64,4,78,25,32,73,4,134,44,12,56,190
08/05/2011,MFR,OR,ANM,WE,Federal Contract Tower,18,31,20,3,72,0,7,56,13,76,18,38,76,16,148,52,0,52,200
08/06/2011,MFR,OR,ANM,WE,Federal Contract Tower,15,21,14,0,50,0,1,72,0,73,15,22,86,0,123,40,0,40,163
08/07/2011,MFR,OR,ANM,WE,Federal Contract Tower,20,24,8,2,54,0,4,54,0,58,20,28,62,2,112,8,0,8,120
08/08/2011,MFR,OR,ANM,WE,Federal Contract Tower,11,29,16,0,56,0,6,42,2,50,11,35,58,2,106,32,0,32,138
08/09/2011,MFR,OR,ANM,WE,Federal Contract Tower,14,32,16,0,62,0,15,51,0,66,14,47,67,0,128,64,2,66,194
08/10/2011,MFR,OR,ANM,WE,Federal Contract Tower,12,35,16,0,63,0,8,66,0,74,12,43,82,0,137,24,0,24,161
08/11/2011,MFR,OR,ANM,WE,Federal Contract Tower,18,33,14,0,65,0,2,40,0,42,18,35,54,0,107,20,0,20,127
08/12/2011,MFR,OR,ANM,WE,Federal Contract Tower,15,36,13,0,64,0,10,66,0,76,15,46,79,0,140,74,0,74,214
08/13/2011,MFR,OR,ANM,WE,Federal Contract Tower,15,20,8,0,43,0,1,54,0,55,15,21,62,0,98,10,0,10,108
08/14/2011,MFR,OR,ANM,WE,Federal Contract Tower,19,19,11,0,49,0,6,50,0,56,19,25,61,0,105,4,0,4,109
08/15/2011,MFR,OR,ANM,WE,Federal Contract Tower,12,29,12,0,53,0,2,42,0,44,12,31,54,0,97,58,0,58,155
08/16/2011,MFR,OR,ANM,WE,Federal Contract Tower,15,34,15,2,66,0,3,50,0,53,15,37,65,2,119,14,0,14,133
08/17/2011,MFR,OR,ANM,WE,Federal Contract Tower,16,34,17,0,67,0,5,62,0,67,16,39,79,0,134,14,0,14,148
08/18/2011,MFR,OR,ANM,WE,Federal Contract Tower,17,34,10,0,61,0,14,71,0,85,17,48,81,0,146,50,0,50,196
08/19/2011,MFR,OR,ANM,WE,Federal Contract Tower,19,30,13,0,62,0,13,50,0,63,19,43,63,0,125,36,0,36,161
08/20/2011,MFR,OR,ANM,WE,Federal Contract Tower,15,21,11,0,47,0,0,68,0,68,15,21,79,0,115,14,0,14,129
08/21/2011,MFR,OR,ANM,WE,Federal Contract Tower,17,23,10,0,50,0,1,49,0,50,17,24,59,0,100,4,0,4,104
08/22/2011,MFR,OR,ANM,WE,Federal Contract Tower,18,29,13,1,61,0,4,41,0,45,18,33,54,1,106,36,0,36,142
08/23/2011,MFR,OR,ANM,WE,Federal Contract Tower,13,36,14,2,65,0,12,60,0,72,13,48,74,2,137,30,0,30,167
08/24/2011,MFR,OR,ANM,WE,Federal Contract Tower,15,37,8,0,60,0,4,66,0,70,15,41,74,0,130,28,0,28,158
08/25/2011,MFR,OR,ANM,WE,Federal Contract Tower,16,31,23,0,70,0,5,70,0,75,16,36,93,0,145,0,0,0,145
08/26/2011,MFR,OR,ANM,WE,Federal Contract Tower,19,39,19,0,77,0,11,64,0,75,19,50,83,0,152,22,0,22,174
08/27/2011,MFR,OR,ANM,WE,Federal Contract Tower,12,21,12,0,45,0,2,86,0,88,12,23,98,0,133,36,0,36,169
08/28/2011,MFR,OR,ANM,WE,Federal Contract Tower,16,21,17,0,54,0,0,77,8,85,16,21,94,8,139,4,0,4,143
08/29/2011,MFR,OR,ANM,WE,Federal Contract Tower,12,26,22,8,68,0,5,50,14,69,12,31,72,22,137,32,8,40,177
08/30/2011,MFR,OR,ANM,WE,Federal Contract Tower,9,26,15,0,50,0,2,36,0,38,9,28,51,0,88,18,0,18,106
08/31/2011,MFR,OR,ANM,WE,Federal Contract Tower,11,30,20,1,62,0,7,60,0,67,11,37,80,1,129,46,2,48,177
09/01/2011,MFR,OR,ANM,WE,Federal Contract Tower,16,34,23,0,73,0,9,51,0,60,16,43,74,0,133,12,0,12,145
09/02/2011,MFR,OR,ANM,WE,Federal Contract Tower,12,31,20,0,63,0,6,58,0,64,12,37,78,0,127,4,0,4,131
09/03/2011,MFR,OR,ANM,WE,Federal Contract Tower,10,19,16,0,45,0,0,43,0,43,10,19,59,0,88,32,0,32,120
09/04/2011,MFR,OR,ANM,WE,Federal Contract Tower,16,14,9,0,39,0,0,41,0,41,16,14,50,0,80,30,0,30,110
09/05/2011,MFR,OR,ANM,WE,Federal Contract Tower,9,23,21,0,53,0,10,64,0,74,9,33,85,0,127,12,0,12,139
09/06/2011,MFR,OR,ANM,WE,Federal Contract Tower,10,34,25,0,69,0,37,65,0,102,10,71,90,0,171,28,0,28,199
09/07/2011,MFR,OR,ANM,WE,Federal Contract Tower,10,33,16,0,59,0,11,76,0,87,10,44,92,0,146,24,0,24,170
09/08/2011,MFR,OR,ANM,WE,Federal Contract Tower,20,24,15,0,59,0,13,61,0,74,20,37,76,0,133,10,0,10,143
09/09/2011,MFR,OR,ANM,WE,Federal Contract Tower,13,28,22,1,64,0,10,78,1,89,13,38,100,2,153,2,0,2,155
09/10/2011,MFR,OR,ANM,WE,Federal Contract Tower,11,20,11,0,42,0,1,51,0,52,11,21,62,0,94,12,0,12,106
09/11/2011,MFR,OR,ANM,WE,Federal Contract Tower,16,17,17,0,50,0,0,53,0,53,16,17,70,0,103,6,0,6,109
09/12/2011,MFR,OR,ANM,WE,Federal Contract Tower,12,34,7,0,53,0,8,60,0,68,12,42,67,0,121,38,0,38,159
09/13/2011,MFR,OR,ANM,WE,Federal Contract Tower,8,39,10,8,65,0,3,43,0,46,8,42,53,8,111,12,0,12,123
09/14/2011,MFR,OR,ANM,WE,Federal Contract Tower,12,33,16,0,61,0,4,65,0,69,12,37,81,0,130,22,0,22,152
09/15/2011,MFR,OR,ANM,WE,Federal Contract Tower,17,31,17,0,65,0,0,45,0,45,17,31,62,0,110,12,0,12,122
09/16/2011,MFR,OR,ANM,WE,Federal Contract Tower,9,42,23,0,74,0,3,40,0,43,9,45,63,0,117,0,0,0,117
09/17/2011,MFR,OR,ANM,WE,Federal Contract Tower,11,20,9,0,40,0,2,58,0,60,11,22,67,0,100,28,0,28,128
09/18/2011,MFR,OR,ANM,WE,Federal Contract Tower,13,28,15,0,56,0,4,38,0,42,13,32,53,0,98,10,0,10,108
09/19/2011,MFR,OR,ANM,WE,Federal Contract Tower,9,37,13,0,59,0,4,39,0,43,9,41,52,0,102,22,0,22,124
09/20/2011,MFR,OR,ANM,WE,Federal Contract Tower,8,30,10,0,48,0,6,55,0,61,8,36,65,0,109,10,0,10,119
09/21/2011,MFR,OR,ANM,WE,Federal Contract Tower,8,31,19,0,58,0,6,56,0,62,8,37,75,0,120,34,0,34,154
09/22/2011,MFR,OR,ANM,WE,Federal Contract Tower,13,32,17,0,62,0,13,48,0,61,13,45,65,0,123,14,0,14,137
09/23/2011,MFR,OR,ANM,WE,Federal Contract Tower,9,42,16,0,67,0,6,48,0,54,9,48,64,0,121,10,0,10,131
09/24/2011,MFR,OR,ANM,WE,Federal Contract Tower,10,25,10,0,45,0,19,49,0,68,10,44,59,0,113,20,0,20,133
09/25/2011,MFR,OR,ANM,WE,Federal Contract Tower,16,19,21,0,56,0,3,23,0,26,16,22,44,0,82,20,0,20,102
09/26/2011,MFR,OR,ANM,WE,Federal Contract Tower,13,24,10,0,47,0,1,43,0,44,13,25,53,0,91,8,0,8,99
09/27/2011,MFR,OR,ANM,WE,Federal Contract Tower,10,28,5,0,43,0,5,44,0,49,10,33,49,0,92,20,0,20,112
09/28/2011,MFR,OR,ANM,WE,Federal Contract Tower,9,35,16,0,60,0,3,48,0,51,9,38,64,0,111,26,0,26,137
09/29/2011,MFR,OR,ANM,WE,Federal Contract Tower,13,32,15,2,62,0,1,66,0,67,13,33,81,2,129,4,0,4,133
09/30/2011,MFR,OR,ANM,WE,Federal Contract Tower,12,29,25,0,66,0,13,67,0,80,12,42,92,0,146,2,0,2,148
10/01/2011,MFR,OR,ANM,WE,Federal Contract Tower,9,16,7,0,32,0,0,40,0,40,9,16,47,0,72,24,0,24,96
10/02/2011,MFR,OR,ANM,WE,Federal Contract Tower,14,18,18,0,50,0,3,31,0,34,14,21,49,0,84,8,0,8,92
10/03/2011,MFR,OR,ANM,WE,Federal Contract Tower,11,27,14,0,52,0,0,4,0,4,11,27,18,0,56,0,0,0,56
10/04/2011,MFR,OR,ANM,WE,Federal Contract Tower,8,34,11,0,53,0,2,3,0,5,8,36,14,0,58,6,0,6,64
10/05/2011,MFR,OR,ANM,WE,Federal Contract Tower,10,30,13,0,53,0,1,11,0,12,10,31,24,0,65,8,0,8,73
10/06/2011,MFR,OR,ANM,WE,Federal Contract Tower,14,31,17,0,62,0,0,40,0,40,14,31,57,0,102,42,0,42,144
10/07/2011,MFR,OR,ANM,WE,Federal Contract Tower,12,28,24,3,67,0,0,35,0,35,12,28,59,3,102,10,0,10,112
10/08/2011,MFR,OR,ANM,WE,Federal Contract Tower,10,25,9,0,44,0,3,48,0,51,10,28,57,0,95,30,0,30,125
10/09/2011,MFR,OR,ANM,WE,Federal Contract Tower,14,17,11,1,43,0,2,37,0,39,14,19,48,1,82,22,0,22,104
10/10/2011,MFR,OR,ANM,WE,Federal Contract Tower,8,26,24,0,58,0,1,7,0,8,8,27,31,0,66,6,0,6,72
10/11/2011,MFR,OR,ANM,WE,Federal Contract Tower,9,34,6,0,49,0,4,24,0,28,9,38,30,0,77,16,0,16,93
10/12/2011,MFR,OR,ANM,WE,Federal Contract Tower,8,32,17,0,57,0,4,53,0,57,8,36,70,0,114,16,0,16,130
10/13/2011,MFR,OR,ANM,WE,Federal Contract Tower,16,31,9,0,56,0,8,48,0,56,16,39,57,0,112,20,0,20,132
10/14/2011,MFR,OR,ANM,WE,Federal Contract Tower,12,33,9,1,55,0,0,51,0,51,12,33,60,1,106,22,0,22,128
10/15/2011,MFR,OR,ANM,WE,Federal Contract Tower,10,16,7,4,37,0,1,54,0,55,10,17,61,4,92,20,26,46,138
10/16/2011,MFR,OR,ANM,WE,Federal Contract Tower,14,17,15,2,48,0,2,55,1,58,14,19,70,3,106,30,0,30,136
10/17/2011,MFR,OR,ANM,WE,Federal Contract Tower,9,30,12,0,51,0,0,47,0,47,9,30,59,0,98,36,0,36,134
10/18/2011,MFR,OR,ANM,WE,Federal Contract Tower,8,33,15,0,56,0,8,40,0,48,8,41,55,0,104,24,0,24,128
10/19/2011,MFR,OR,ANM,WE,Federal Contract Tower,10,35,13,0,58,0,2,40,0,42,10,37,53,0,100,0,0,0,100
10/20/2011,MFR,OR,ANM,WE,Federal Contract Tower,14,40,15,1,70,0,3,37,1,41,14,43,52,2,111,10,0,10,121
10/21/2011,MFR,OR,ANM,WE,Federal Contract Tower,10,33,9,0,52,0,7,53,0,60,10,40,62,0,112,18,0,18,130
10/22/2011,MFR,OR,ANM,WE,Federal Contract Tower,9,17,9,0,35,0,4,53,0,57,9,21,62,0,92,8,0,8,100
10/23/2011,MFR,OR,ANM,WE,Federal Contract Tower,18,14,14,0,46,0,4,44,0,48,18,18,58,0,94,6,0,6,100
10/24/2011,MFR,OR,ANM,WE,Federal Contract Tower,10,31,11,1,53,0,5,10,0,15,10,36,21,1,68,14,0,14,82
10/25/2011,MFR,OR,ANM,WE,Federal Contract Tower,11,39,16,0,66,0,6,35,2,43,11,45,51,2,109,26,0,26,135
10/26/2011,MFR,OR,ANM,WE,Federal Contract Tower,10,38,21,0,69,0,12,39,0,51,10,50,60,0,120,46,0,46,166
10/27/2011,MFR,OR,ANM,WE,Federal Contract Tower,15,38,12,1,66,0,1,56,2,59,15,39,68,3,125,38,0,38,163
10/28/2011,MFR,OR,ANM,WE,Federal Contract Tower,12,38,22,0,72,0,1,47,22,70,12,39,69,22,142,40,0,40,182
10/29/2011,MFR,OR,ANM,WE,Federal Contract Tower,10,20,18,0,48,0,2,35,0,37,10,22,53,0,85,16,0,16,101
10/30/2011,MFR,OR,ANM,WE,Federal Contract Tower,18,20,9,0,47,0,0,28,0,28,18,20,37,0,75,26,0,26,101
10/31/2011,MFR,OR,ANM,WE,Federal Contract Tower,10,26,7,0,43,0,0,15,0,15,10,26,22,0,58,6,0,6,64
11/01/2011,MFR,OR,ANM,WE,Federal Contract Tower,9,31,14,2,56,0,11,43,0,54,9,42,57,2,110,20,0,20,130
11/02/2011,MFR,OR,ANM,WE,Federal Contract Tower,9,34,20,0,63,0,3,40,0,43,9,37,60,0,106,26,0,26,132
11/03/2011,MFR,OR,ANM,WE,Federal Contract Tower,16,29,14,1,60,0,1,4,0,5,16,30,18,1,65,0,0,0,65
11/04/2011,MFR,OR,ANM,WE,Federal Contract Tower,12,31,21,0,64,0,2,25,0,27,12,33,46,0,91,14,0,14,105
11/05/2011,MFR,OR,ANM,WE,Federal Contract Tower,8,23,8,0,39,0,0,2,0,2,8,23,10,0,41,0,0,0,41
11/06/2011,MFR,OR,ANM,WE,Federal Contract Tower,15,17,11,0,43,0,0,4,0,4,15,17,15,0,47,4,0,4,51
11/07/2011,MFR,OR,ANM,WE,Federal Contract Tower,11,25,10,0,46,0,0,9,0,9,11,25,19,0,55,0,0,0,55
11/08/2011,MFR,OR,ANM,WE,Federal Contract Tower,11,29,11,0,51,0,1,7,0,8,11,30,18,0,59,8,0,8,67
11/09/2011,MFR,OR,ANM,WE,Federal Contract Tower,12,34,13,0,59,0,0,24,0,24,12,34,37,0,83,34,0,34,117
11/10/2011,MFR,OR,ANM,WE,Federal Contract Tower,10,33,11,0,54,0,0,42,0,42,10,33,53,0,96,14,0,14,110
11/11/2011,MFR,OR,ANM,WE,Federal Contract Tower,13,22,21,0,56,0,2,25,0,27,13,24,46,0,83,0,0,0,83
11/12/2011,MFR,OR,ANM,WE,Federal Contract Tower,14,14,10,0,38,0,0,30,0,30,14,14,40,0,68,24,0,24,92
11/13/2011,MFR,OR,ANM,WE,Federal Contract Tower,10,14,4,0,28,0,0,14,0,14,10,14,18,0,42,6,0,6,48
11/14/2011,MFR,OR,ANM,WE,Federal Contract Tower,15,26,16,0,57,0,3,24,0,27,15,29,40,0,84,18,0,18,102
11/15/2011,MFR,OR,ANM,WE,Federal Contract Tower,10,24,26,0,60,0,0,8,0,8,10,24,34,0,68,12,0,12,80
11/16/2011,MFR,OR,ANM,WE,Federal Contract Tower,16,30,17,5,68,0,0,6,0,6,16,30,23,5,74,8,0,8,82
11/17/2011,MFR,OR,ANM,WE,Federal Contract Tower,10,33,20,0,63,0,0,10,0,10,10,33,30,0,73,0,0,0,73
11/18/2011,MFR,OR,ANM,WE,Federal Contract Tower,12,30,4,0,46,0,0,2,0,2,12,30,6,0,48,0,0,0,48
11/19/2011,MFR,OR,ANM,WE,Federal Contract Tower,12,19,7,0,38,0,0,7,0,7,12,19,14,0,45,4,0,4,49
11/20/2011,MFR,OR,ANM,WE,Federal Contract Tower,12,17,20,0,49,0,8,29,12,49,12,25,49,12,98,16,0,16,114
11/21/2011,MFR,OR,ANM,WE,Federal Contract Tower,14,24,30,0,68,0,0,20,12,32,14,24,50,12,100,6,0,6,106
11/22/2011,MFR,OR,ANM,WE,Federal Contract Tower,11,29,22,0,62,0,1,16,0,17,11,30,38,0,79,10,0,10,89
11/23/2011,MFR,OR,ANM,WE,Federal Contract Tower,10,25,14,0,49,0,1,8,2,11,10,26,22,2,60,0,0,0,60
11/24/2011,MFR,OR,ANM,WE,Federal Contract Tower,8,9,4,0,21,0,0,1,0,1,8,9,5,0,22,0,0,0,22
11/25/2011,MFR,OR,ANM,WE,Federal Contract Tower,13,24,9,0,46,0,5,12,0,17,13,29,21,0,63,0,0,0,63
11/26/2011,MFR,OR,ANM,WE,Federal Contract Tower,15,19,7,0,41,0,4,39,0,43,15,23,46,0,84,6,0,6,90
11/27/2011,MFR,OR,ANM,WE,Federal Contract Tower,10,12,17,0,39,0,1,16,0,17,10,13,33,0,56,2,0,2,58
11/28/2011,MFR,OR,ANM,WE,Federal Contract Tower,15,23,18,0,56,0,0,26,0,26,15,23,44,0,82,12,0,12,94
11/29/2011,MFR,OR,ANM,WE,Federal Contract Tower,12,36,13,0,61,0,0,0,0,0,12,36,13,0,61,0,0,0,61
11/30/2011,MFR,OR,ANM,WE,Federal Contract Tower,15,31,18,0,64,0,3,16,0,19,15,34,34,0,83,28,0,28,111
12/01/2011,MFR,OR,ANM,WE,Federal Contract Tower,9,31,23,4,67,0,4,8,0,12,9,35,31,4,79,12,0,12,91
12/02/2011,MFR,OR,ANM,WE,Federal Contract Tower,16,21,16,0,53,0,0,0,0,0,16,21,16,0,53,0,0,0,53
12/03/2011,MFR,OR,ANM,WE,Federal Contract Tower,12,18,14,0,44,0,0,0,0,0,12,18,14,0,44,0,0,0,44
12/04/2011,MFR,OR,ANM,WE,Federal Contract Tower,10,15,17,0,42,0,0,0,0,0,10,15,17,0,42,0,0,0,42
12/05/2011,MFR,OR,ANM,WE,Federal Contract Tower,13,23,5,0,41,0,0,0,0,0,13,23,5,0,41,12,0,12,53
12/06/2011,MFR,OR,ANM,WE,Federal Contract Tower,12,32,10,0,54,0,6,29,0,35,12,38,39,0,89,16,0,16,105
12/07/2011,MFR,OR,ANM,WE,Federal Contract Tower,10,32,19,0,61,0,2,38,0,40,10,34,57,0,101,20,0,20,121
12/08/2011,MFR,OR,ANM,WE,Federal Contract Tower,9,31,16,0,56,0,4,31,0,35,9,35,47,0,91,30,0,30,121
12/09/2011,MFR,OR,ANM,WE,Federal Contract Tower,17,32,20,0,69,0,1,35,0,36,17,33,55,0,105,4,0,4,109
12/10/2011,MFR,OR,ANM,WE,Federal Contract Tower,11,18,3,0,32,0,0,16,0,16,11,18,19,0,48,4,0,4,52
12/11/2011,MFR,OR,ANM,WE,Federal Contract Tower,12,14,10,0,36,0,0,11,0,11,12,14,21,0,47,4,0,4,51
12/12/2011,MFR,OR,ANM,WE,Federal Contract Tower,11,32,8,0,51,0,0,42,0,42,11,32,50,0,93,34,0,34,127
12/13/2011,MFR,OR,ANM,WE,Federal Contract Tower,13,30,29,1,73,0,2,57,1,60,13,32,86,2,133,38,0,38,171
12/14/2011,MFR,OR,ANM,WE,Federal Contract Tower,10,34,11,0,55,0,1,25,0,26,10,35,36,0,81,12,0,12,93
12/15/2011,MFR,OR,ANM,WE,Federal Contract Tower,9,28,12,0,49,0,1,9,0,10,9,29,21,0,59,18,0,18,77
12/16/2011,MFR,OR,ANM,WE,Federal Contract Tower,15,32,5,1,53,0,0,26,0,26,15,32,31,1,79,26,2,28,107
12/17/2011,MFR,OR,ANM,WE,Federal Contract Tower,10,18,12,0,40,0,0,38,0,38,10,18,50,0,78,8,0,8,86
12/18/2011,MFR,OR,ANM,WE,Federal Contract Tower,15,10,6,0,31,0,3,13,0,16,15,13,19,0,47,4,0,4,51
12/19/2011,MFR,OR,ANM,WE,Federal Contract Tower,20,28,18,0,66,0,2,17,0,19,20,30,35,0,85,0,0,0,85
12/20/2011,MFR,OR,ANM,WE,Federal Contract Tower,14,38,8,0,60,0,4,18,0,22,14,42,26,0,82,6,0,6,88
12/21/2011,MFR,OR,ANM,WE,Federal Contract Tower,10,38,8,0,56,0,0,32,0,32,10,38,40,0,88,18,0,18,106
12/22/2011,MFR,OR,ANM,WE,Federal Contract Tower,10,37,10,0,57,0,10,36,0,46,10,47,46,0,103,20,0,20,123
12/23/2011,MFR,OR,ANM,WE,Federal Contract Tower,16,36,14,0,66,0,3,30,0,33,16,39,44,0,99,6,0,6,105
12/24/2011,MFR,OR,ANM,WE,Federal Contract Tower,12,17,4,0,33,0,1,34,0,35,12,18,38,0,68,4,0,4,72
12/25/2011,MFR,OR,ANM,WE,Federal Contract Tower,11,10,0,0,21,0,0,2,0,2,11,10,2,0,23,0,0,0,23
12/26/2011,MFR,OR,ANM,WE,Federal Contract Tower,18,14,13,0,45,0,0,1,0,1,18,14,14,0,46,0,0,0,46
12/27/2011,MFR,OR,ANM,WE,Federal Contract Tower,10,30,13,0,53,0,4,13,0,17,10,34,26,0,70,10,0,10,80
12/28/2011,MFR,OR,ANM,WE,Federal Contract Tower,12,36,7,0,55,0,0,2,0,2,12,36,9,0,57,0,0,0,57
12/29/2011,MFR,OR,ANM,WE,Federal Contract Tower,14,30,11,0,55,0,0,0,0,0,14,30,11,0,55,0,0,0,55
12/30/2011,MFR,OR,ANM,WE,Federal Contract Tower,18,31,6,0,55,0,0,0,0,0,18,31,6,0,55,0,0,0,55
12/31/2011,MFR,OR,ANM,WE,Federal Contract Tower,11,17,6,0,34,0,0,6,0,6,11,17,12,0,40,6,0,6,46
01/01/2012,MFR,OR,ANM,WE,Federal Contract Tower,14,15,8,0,37,0,0,20,0,20,14,15,28,0,57,10,0,10,67
01/02/2012,MFR,OR,ANM,WE,Federal Contract Tower,20,17,9,0,46,0,2,11,0,13,20,19,20,0,59,3,0,3,62
01/03/2012,MFR,OR,ANM,WE,Federal Contract Tower,10,22,11,2,45,0,1,20,0,21,10,23,31,2,66,2,0,2,68
01/04/2012,MFR,OR,ANM,WE,Federal Contract Tower,8,33,13,0,54,0,0,21,0,21,8,33,34,0,75,32,0,32,107
01/05/2012,MFR,OR,ANM,WE,Federal Contract Tower,10,29,6,0,45,0,0,21,0,21,10,29,27,0,66,12,0,12,78
01/06/2012,MFR,OR,ANM,WE,Federal Contract Tower,18,33,17,0,68,0,0,13,0,13,18,33,30,0,81,8,0,8,89
01/07/2012,MFR,OR,ANM,WE,Federal Contract Tower,9,18,13,0,40,0,0,17,0,17,9,18,30,0,57,0,0,0,57
01/08/2012,MFR,OR,ANM,WE,Federal Contract Tower,11,15,11,0,37,0,0,18,0,18,11,15,29,0,55,20,0,20,75
01/09/2012,MFR,OR,ANM,WE,Federal Contract Tower,14,28,3,0,45,0,0,4,0,4,14,28,7,0,49,0,0,0,49
01/10/2012,MFR,OR,ANM,WE,Federal Contract Tower,15,33,13,2,63,0,11,56,0,67,15,44,69,2,130,38,0,38,168
01/11/2012,MFR,OR,ANM,WE,Federal Contract Tower,9,35,13,0,57,0,2,15,0,17,9,37,28,0,74,0,0,0,74
01/12/2012,MFR,OR,ANM,WE,Federal Contract Tower,11,29,11,0,51,0,1,19,0,20,11,30,30,0,71,36,0,36,107
01/13/2012,MFR,OR,ANM,WE,Federal Contract Tower,14,29,16,6,65,0,4,55,0,59,14,33,71,6,124,36,0,36,160
01/14/2012,MFR,OR,ANM,WE,Federal Contract Tower,10,21,4,0,35,0,4,24,0,28,10,25,28,0,63,24,0,24,87
01/15/2012,MFR,OR,ANM,WE,Federal Contract Tower,10,12,5,0,27,0,0,3,0,3,10,12,8,0,30,0,0,0,30
01/16/2012,MFR,OR,ANM,WE,Federal Contract Tower,13,24,14,3,54,0,1,18,0,19,13,25,32,3,73,14,0,14,87
01/17/2012,MFR,OR,ANM,WE,Federal Contract Tower,12,31,12,0,55,0,0,17,0,17,12,31,29,0,72,28,0,28,100
01/18/2012,MFR,OR,ANM,WE,Federal Contract Tower,9,32,8,0,49,0,1,2,0,3,9,33,10,0,52,0,0,0,52
01/19/2012,MFR,OR,ANM,WE,Federal Contract Tower,8,27,5,0,40,0,0,2,0,2,8,27,7,0,42,8,0,8,50
01/20/2012,MFR,OR,ANM,WE,Federal Contract Tower,16,24,10,0,50,0,2,1,0,3,16,26,11,0,53,0,0,0,53
01/21/2012,MFR,OR,ANM,WE,Federal Contract Tower,11,25,7,0,43,0,4,6,0,10,11,29,13,0,53,0,0,0,53
01/22/2012,MFR,OR,ANM,WE,Federal Contract Tower,12,11,9,0,32,0,0,2,0,2,12,11,11,0,34,10,0,10,44
01/23/2012,MFR,OR,ANM,WE,Federal Contract Tower,15,20,15,2,52,0,0,5,0,5,15,20,20,2,57,8,0,8,65
01/24/2012,MFR,OR,ANM,WE,Federal Contract Tower,10,32,20,0,62,0,0,10,0,10,10,32,30,0,72,8,0,8,80
01/25/2012,MFR,OR,ANM,WE,Federal Contract Tower,10,29,28,3,70,0,4,21,0,25,10,33,49,3,95,30,0,30,125
01/26/2012,MFR,OR,ANM,WE,Federal Contract Tower,10,30,18,3,61,0,0,16,0,16,10,30,34,3,77,28,0,28,105
01/27/2012,MFR,OR,ANM,WE,Federal Contract Tower,15,29,19,0,63,0,3,34,0,37,15,32,53,0,100,12,0,12,112
01/28/2012,MFR,OR,ANM,WE,Federal Contract Tower,10,22,13,0,45,0,2,31,0,33,10,24,44,0,78,20,0,20,98
01/29/2012,MFR,OR,ANM,WE,Federal Contract Tower,13,15,10,0,38,0,0,19,0,19,13,15,29,0,57,12,0,12,69
01/30/2012,MFR,OR,ANM,WE,Federal Contract Tower,14,19,9,0,42,0,0,1,0,1,14,19,10,0,43,0,0,0,43
01/31/2012,MFR,OR,ANM,WE,Federal Contract Tower,12,28,16,0,56,0,5,6,0,11,12,33,22,0,67,0,0,0,67
02/01/2012,MFR,OR,ANM,WE,Federal Contract Tower,8,30,19,0,57,0,1,12,0,13,8,31,31,0,70,0,0,0,70
02/02/2012,MFR,OR,ANM,WE,Federal Contract Tower,10,31,5,0,46,0,2,47,0,49,10,33,52,0,95,26,0,26,121
02/03/2012,MFR,OR,ANM,WE,Federal Contract Tower,12,26,15,5,58,0,9,51,2,62,12,35,66,7,120,12,18,30,150
02/04/2012,MFR,OR,ANM,WE,Federal Contract Tower,7,19,15,0,41,0,6,54,0,60,7,25,69,0,101,32,0,32,133
02/05/2012,MFR,OR,ANM,WE,Federal Contract Tower,12,16,4,0,32,0,2,29,0,31,12,18,33,0,63,10,0,10,73
02/06/2012,MFR,OR,ANM,WE,Federal Contract Tower,16,25,9,0,50,0,0,26,0,26,16,25,35,0,76,18,0,18,94
02/07/2012,MFR,OR,ANM,WE,Federal Contract Tower,10,29,12,2,53,0,0,5,0,5,10,29,17,2,58,8,0,8,66
02/08/2012,MFR,OR,ANM,WE,Federal Contract Tower,10,28,18,0,56,0,2,20,2,24,10,30,38,2,80,6,0,6,86
02/09/2012,MFR,OR,ANM,WE,Federal Contract Tower,11,33,21,0,65,0,0,46,0,46,11,33,67,0,111,28,0,28,139
02/10/2012,MFR,OR,ANM,WE,Federal Contract Tower,14,25,29,0,68,0,8,24,0,32,14,33,53,0,100,28,0,28,128
02/11/2012,MFR,OR,ANM,WE,Federal Contract Tower,9,14,7,0,30,0,1,12,0,13,9,15,19,0,43,0,0,0,43
02/12/2012,MFR,OR,ANM,WE,Federal Contract Tower,11,15,10,1,37,0,1,34,0,35,11,16,44,1,72,2,2,4,76
02/13/2012,MFR,OR,ANM,WE,Federal Contract Tower,17,29,8,0,54,0,3,8,0,11,17,32,16,0,65,10,0,10,75
02/14/2012,MFR,OR,ANM,WE,Federal Contract Tower,9,27,10,0,46,0,1,7,0,8,9,28,17,0,54,0,0,0,54
02/15/2012,MFR,OR,ANM,WE,Federal Contract Tower,9,31,20,0,60,0,0,46,0,46,9,31,66,0,106,12,0,12,118
02/16/2012,MFR,OR,ANM,WE,Federal Contract Tower,11,31,25,2,69,0,0,9,2,11,11,31,34,4,80,24,0,24,104
02/17/2012,MFR,OR,ANM,WE,Federal Contract Tower,14,29,16,1,60,0,0,22,1,23,14,29,38,2,83,0,0,0,83
02/18/2012,MFR,OR,ANM,WE,Federal Contract Tower,7,21,10,0,38,0,0,8,0,8,7,21,18,0,46,10,0,10,56
02/19/2012,MFR,OR,ANM,WE,Federal Contract Tower,10,11,9,0,30,0,2,19,0,21,10,13,28,0,51,28,0,28,79
02/20/2012,MFR,OR,ANM,WE,Federal Contract Tower,15,26,19,0,60,0,0,15,0,15,15,26,34,0,75,0,0,0,75
02/21/2012,MFR,OR,ANM,WE,Federal Contract Tower,10,28,21,0,59,0,0,2,0,2,10,28,23,0,61,2,0,2,63
02/22/2012,MFR,OR,ANM,WE,Federal Contract Tower,10,26,12,0,48,0,0,4,0,4,10,26,16,0,52,0,0,0,52
02/23/2012,MFR,OR,ANM,WE,Federal Contract Tower,14,34,15,0,63,0,11,48,0,59,14,45,63,0,122,50,0,50,172
02/24/2012,MFR,OR,ANM,WE,Federal Contract Tower,13,26,26,0,65,0,4,38,0,42,13,30,64,0,107,22,0,22,129
02/25/2012,MFR,OR,ANM,WE,Federal Contract Tower,7,19,8,0,34,0,0,1,0,1,7,19,9,0,35,0,0,0,35
02/26/2012,MFR,OR,ANM,WE,Federal Contract Tower,13,18,15,0,46,0,0,18,0,18,13,18,33,0,64,16,0,16,80
02/27/2012,MFR,OR,ANM,WE,Federal Contract Tower,15,26,8,0,49,0,0,26,0,26,15,26,34,0,75,18,0,18,93
02/28/2012,MFR,OR,ANM,WE,Federal Contract Tower,10,29,11,0,50,0,0,14,0,14,10,29,25,0,64,8,0,8,72
02/29/2012,MFR,OR,ANM,WE,Federal Contract Tower,13,28,6,0,47,0,0,8,0,8,13,28,14,0,55,8,0,8,63
03/01/2012,MFR,OR,ANM,WE,Federal Contract Tower,10,31,14,1,56,0,1,10,0,11,10,32,24,1,67,16,0,16,83
03/02/2012,MFR,OR,ANM,WE,Federal Contract Tower,11,26,13,0,50,0,2,21,0,23,11,28,34,0,73,24,0,24,97
03/03/2012,MFR,OR,ANM,WE,Federal Contract Tower,7,16,9,0,32,0,11,37,0,48,7,27,46,0,80,14,0,14,94
03/04/2012,MFR,OR,ANM,WE,Federal Contract Tower,12,15,13,0,40,0,5,52,0,57,12,20,65,0,97,60,0,60,157
03/05/2012,MFR,OR,ANM,WE,Federal Contract Tower,15,24,12,0,51,0,1,26,0,27,15,25,38,0,78,10,0,10,88
03/06/2012,MFR,OR,ANM,WE,Federal Contract Tower,10,31,11,0,52,0,0,17,0,17,10,31,28,0,69,8,0,8,77
03/07/2012,MFR,OR,ANM,WE,Federal Contract Tower,12,35,12,0,59,0,0,56,0,56,12,35,68,0,115,46,0,46,161
03/08/2012,MFR,OR,ANM,WE,Federal Contract Tower,12,33,12,0,57,0,0,65,0,65,12,33,77,0,122,20,0,20,142
03/09/2012,MFR,OR,ANM,WE,Federal Contract Tower,13,23,16,0,52,0,4,48,0,52,13,27,64,0,104,38,0,38,142
03/10/2012,MFR,OR,ANM,WE,Federal Contract Tower,11,16,6,0,33,0,6,23,0,29,11,22,29,0,62,28,0,28,90
03/11/2012,MFR,OR,ANM,WE,Federal Contract Tower,12,16,4,0,32,0,0,12,0,12,12,16,16,0,44,36,0,36,80
03/12/2012,MFR,OR,ANM,WE,Federal Contract Tower,15,21,13,0,49,0,4,9,0,13,15,25,22,0,62,10,0,10,72
03/13/2012,MFR,OR,ANM,WE,Federal Contract Tower,10,32,25,0,67,0,0,6,0,6,10,32,31,0,73,0,0,0,73
03/14/2012,MFR,OR,ANM,WE,Federal Contract Tower,10,24,13,2,49,0,0,8,0,8,10,24,21,2,57,8,0,8,65
03/15/2012,MFR,OR,ANM,WE,Federal Contract Tower,12,24,10,0,46,0,0,0,0,0,12,24,10,0,46,0,0,0,46
03/16/2012,MFR,OR,ANM,WE,Federal Contract Tower,13,23,12,3,51,0,2,10,0,12,13,25,22,3,63,16,0,16,79
03/17/2012,MFR,OR,ANM,WE,Federal Contract Tower,9,17,10,0,36,0,3,36,0,39,9,20,46,0,75,26,0,26,101
03/18/2012,MFR,OR,ANM,WE,Federal Contract Tower,11,17,5,0,33,0,0,0,0,0,11,17,5,0,33,0,0,0,33
03/19/2012,MFR,OR,ANM,WE,Federal Contract Tower,15,25,3,0,43,0,0,15,0,15,15,25,18,0,58,22,0,22,80
03/20/2012,MFR,OR,ANM,WE,Federal Contract Tower,12,29,15,5,61,0,0,3,0,3,12,29,18,5,64,0,0,0,64
03/21/2012,MFR,OR,ANM,WE,Federal Contract Tower,10,31,16,0,57,0,3,16,0,19,10,34,32,0,76,0,0,0,76
03/22/2012,MFR,OR,ANM,WE,Federal Contract Tower,16,36,16,0,68,0,2,16,0,18,16,38,32,0,86,16,0,16,102
03/23/2012,MFR,OR,ANM,WE,Federal Contract Tower,16,34,19,2,71,1,7,44,0,52,17,41,63,2,123,22,0,22,145
03/24/2012,MFR,OR,ANM,WE,Federal Contract Tower,9,19,13,0,41,0,2,13,0,15,9,21,26,0,56,36,0,36,92
03/25/2012,MFR,OR,ANM,WE,Federal Contract Tower,13,18,9,0,40,0,2,7,0,9,13,20,16,0,49,0,0,0,49
03/26/2012,MFR,OR,ANM,WE,Federal Contract Tower,17,28,12,0,57,0,0,22,0,22,17,28,34,0,79,34,0,34,113
03/27/2012,MFR,OR,ANM,WE,Federal Contract Tower,12,27,4,2,45,0,0,4,0,4,12,27,8,2,49,4,0,4,53
03/28/2012,MFR,OR,ANM,WE,Federal Contract Tower,10,31,13,2,56,0,4,3,0,7,10,35,16,2,63,0,0,0,63
03/29/2012,MFR,OR,ANM,WE,Federal Contract Tower,15,27,9,2,53,0,2,2,0,4,15,29,11,2,57,0,0,0,57
03/30/2012,MFR,OR,ANM,WE,Federal Contract Tower,15,27,13,2,57,0,0,3,0,3,15,27,16,2,60,0,0,0,60
03/31/2012,MFR,OR,ANM,WE,Federal Contract Tower,9,15,5,4,33,0,0,10,0,10,9,15,15,4,43,10,16,26,69
04/01/2012,MFR,OR,ANM,WE,Federal Contract Tower,14,13,14,2,43,0,0,6,0,6,14,13,20,2,49,14,0,14,63
04/02/2012,MFR,OR,ANM,WE,Federal Contract Tower,16,23,15,0,54,0,1,38,0,39,16,24,53,0,93,18,0,18,111
04/03/2012,MFR,OR,ANM,WE,Federal Contract Tower,14,25,12,0,51,0,2,16,0,18,14,27,28,0,69,4,0,4,73
04/04/2012,MFR,OR,ANM,WE,Federal Contract Tower,12,30,16,0,58,0,0,14,0,14,12,30,30,0,72,20,0,20,92
04/05/2012,MFR,OR,ANM,WE,Federal Contract Tower,11,31,17,0,59,0,1,19,0,20,11,32,36,0,79,18,0,18,97
04/06/2012,MFR,OR,ANM,WE,Federal Contract Tower,13,30,9,0,52,0,3,37,0,40,13,33,46,0,92,8,0,8,100
04/07/2012,MFR,OR,ANM,WE,Federal Contract Tower,12,15,8,0,35,0,12,72,0,84,12,27,80,0,119,6,0,6,125
04/08/2012,MFR,OR,ANM,WE,Federal Contract Tower,13,15,12,0,40,0,6,20,0,26,13,21,32,0,66,12,0,12,78
04/09/2012,MFR,OR,ANM,WE,Federal Contract Tower,17,27,14,0,58,0,2,44,0,46,17,29,58,0,104,28,0,28,132
04/10/2012,MFR,OR,ANM,WE,Federal Contract Tower,11,27,15,0,53,0,2,23,0,25,11,29,38,0,78,14,0,14,92
04/11/2012,MFR,OR,ANM,WE,Federal Contract Tower,12,27,26,2,67,0,1,3,2,6,12,28,29,4,73,0,0,0,73
04/12/2012,MFR,OR,ANM,WE,Federal Contract Tower,10,33,22,2,67,0,4,13,0,17,10,37,35,2,84,22,0,22,106
04/13/2012,MFR,OR,ANM,WE,Federal Contract Tower,14,27,11,0,52,0,0,5,0,5,14,27,16,0,57,24,0,24,81
04/14/2012,MFR,OR,ANM,WE,Federal Contract Tower,9,20,16,1,46,0,1,37,0,38,9,21,53,1,84,26,0,26,110
04/15/2012,MFR,OR,ANM,WE,Federal Contract Tower,14,9,14,0,37,0,0,53,0,53,14,9,67,0,90,6,0,6,96
04/16/2012,MFR,OR,ANM,WE,Federal Contract Tower,18,27,17,0,62,0,1,34,0,35,18,28,51,0,97,10,0,10,107
04/17/2012,MFR,OR,ANM,WE,Federal Contract Tower,15,25,26,0,66,0,0,26,0,26,15,25,52,0,92,38,0,38,130
04/18/2012,MFR,OR,ANM,WE,Federal Contract Tower,11,26,19,0,56,0,6,18,0,24,11,32,37,0,80,20,0,20,100
04/19/2012,MFR,OR,ANM,WE,Federal Contract Tower,12,29,14,0,55,0,0,14,0,14,12,29,28,0,69,32,0,32,101
04/20/2012,MFR,OR,ANM,WE,Federal Contract Tower,13,28,14,0,55,0,10,58,1,69,13,38,72,1,124,30,0,30,154
04/21/2012,MFR,OR,ANM,WE,Federal Contract Tower,10,20,17,0,47,0,15,69,0,84,10,35,86,0,131,36,0,36,167
04/22/2012,MFR,OR,ANM,WE,Federal Contract Tower,11,16,18,0,45,0,8,65,0,73,11,24,83,0,118,30,0,30,148
04/23/2012,MFR,OR,ANM,WE,Federal Contract Tower,17,20,6,0,43,0,5,55,0,60,17,25,61,0,103,26,0,26,129
04/24/2012,MFR,OR,ANM,WE,Federal Contract Tower,13,24,18,0,55,0,7,34,0,41,13,31,52,0,96,54,0,54,150
04/25/2012,MFR,OR,ANM,WE,Federal Contract Tower,14,25,11,0,50,0,2,45,0,47,14,27,56,0,97,58,0,58,155
04/26/2012,MFR,OR,ANM,WE,Federal Contract Tower,14,31,10,0,55,0,1,16,0,17,14,32,26,0,72,8,0,8,80
04/27/2012,MFR,OR,ANM,WE,Federal Contract Tower,12,29,17,2,60,0,10,45,0,55,12,39,62,2,115,18,0,18,133
04/28/2012,MFR,OR,ANM,WE,Federal Contract Tower,9,17,9,0,35,0,9,38,0,47,9,26,47,0,82,6,0,6,88
04/29/2012,MFR,OR,ANM,WE,Federal Contract Tower,16,14,5,0,35,0,0,61,0,61,16,14,66,0,96,34,0,34,130
04/30/2012,MFR,OR,ANM,WE,Federal Contract Tower,18,22,14,0,54,0,0,27,0,27,18,22,41,0,81,36,0,36,117
05/01/2012,MFR,OR,ANM,WE,Federal Contract Tower,14,26,21,4,65,0,2,59,0,61,14,28,80,4,126,54,16,70,196
05/02/2012,MFR,OR,ANM,WE,Federal Contract Tower,10,32,12,0,54,0,5,26,0,31,10,37,38,0,85,40,0,40,125
05/03/2012,MFR,OR,ANM,WE,Federal Contract Tower,15,28,10,0,53,0,0,14,0,14,15,28,24,0,67,16,0,16,83
05/04/2012,MFR,OR,ANM,WE,Federal Contract Tower,13,32,21,0,66,0,3,20,0,23,13,35,41,0,89,6,0,6,95
05/05/2012,MFR,OR,ANM,WE,Federal Contract Tower,9,18,7,0,34,0,7,41,0,48,9,25,48,0,82,2,0,2,84
05/06/2012,MFR,OR,ANM,WE,Federal Contract Tower,18,15,11,0,44,0,1,55,0,56,18,16,66,0,100,28,0,28,128
05/07/2012,MFR,OR,ANM,WE,Federal Contract Tower,19,20,5,2,46,0,6,60,2,68,19,26,65,4,114,50,6,56,170
05/08/2012,MFR,OR,ANM,WE,Federal Contract Tower,10,27,18,1,56,0,10,45,1,56,10,37,63,2,112,20,0,20,132
05/09/2012,MFR,OR,ANM,WE,Federal Contract Tower,13,28,12,0,53,0,2,41,0,43,13,30,53,0,96,16,0,16,112
05/10/2012,MFR,OR,ANM,WE,Federal Contract Tower,13,29,18,0,60,0,14,55,0,69,13,43,73,0,129,24,0,24,153
05/11/2012,MFR,OR,ANM,WE,Federal Contract Tower,14,31,26,3,74,0,13,79,1,93,14,44,105,4,167,8,0,8,175
05/12/2012,MFR,OR,ANM,WE,Federal Contract Tower,10,19,12,0,41,0,10,66,0,76,10,29,78,0,117,62,0,62,179
05/13/2012,MFR,OR,ANM,WE,Federal Contract Tower,14,18,11,0,43,0,2,50,0,52,14,20,61,0,95,2,0,2,97
05/14/2012,MFR,OR,ANM,WE,Federal Contract Tower,19,19,10,0,48,0,4,40,0,44,19,23,50,0,92,18,0,18,110
05/15/2012,MFR,OR,ANM,WE,Federal Contract Tower,16,26,16,2,60,0,8,50,5,63,16,34,66,7,123,26,0,26,149
05/16/2012,MFR,OR,ANM,WE,Federal Contract Tower,10,29,16,1,56,0,13,56,1,70,10,42,72,2,126,12,0,12,138
05/17/2012,MFR,OR,ANM,WE,Federal Contract Tower,18,24,12,0,54,0,13,61,0,74,18,37,73,0,128,30,0,30,158
05/18/2012,MFR,OR,ANM,WE,Federal Contract Tower,10,30,17,3,60,0,8,57,0,65,10,38,74,3,125,44,2,46,171
05/19/2012,MFR,OR,ANM,WE,Federal Contract Tower,9,19,7,0,35,0,5,59,0,64,9,24,66,0,99,30,0,30,129
05/20/2012,MFR,OR,ANM,WE,Federal Contract Tower,21,16,24,0,61,0,0,60,0,60,21,16,84,0,121,26,0,26,147
05/21/2012,MFR,OR,ANM,WE,Federal Contract Tower,18,23,10,1,52,0,2,25,1,28,18,25,35,2,80,2,0,2,82
05/22/2012,MFR,OR,ANM,WE,Federal Contract Tower,15,26,20,0,61,0,29,5,0,34,15,55,25,0,95,0,0,0,95
05/23/2012,MFR,OR,ANM,WE,Federal Contract Tower,11,29,24,0,64,0,8,33,0,41,11,37,57,0,105,12,0,12,117
05/24/2012,MFR,OR,ANM,WE,Federal Contract Tower,20,26,21,0,67,0,1,15,0,16,20,27,36,0,83,12,0,12,95
05/25/2012,MFR,OR,ANM,WE,Federal Contract Tower,10,35,19,1,65,0,5,14,0,19,10,40,33,1,84,14,0,14,98
05/26/2012,MFR,OR,ANM,WE,Federal Contract Tower,9,18,15,0,42,0,2,42,0,44,9,20,57,0,86,64,0,64,150
05/27/2012,MFR,OR,ANM,WE,Federal Contract Tower,19,11,23,0,53,0,1,43,0,44,19,12,66,0,97,18,0,18,115
05/28/2012,MFR,OR,ANM,WE,Federal Contract Tower,17,15,24,0,56,0,3,43,0,46,17,18,67,0,102,30,0,30,132
05/29/2012,MFR,OR,ANM,WE,Federal Contract Tower,14,32,18,0,64,0,2,47,0,49,14,34,65,0,113,18,0,18,131
05/30/2012,MFR,OR,ANM,WE,Federal Contract Tower,12,27,13,0,52,0,4,44,0,48,12,31,57,0,100,18,0,18,118
05/31/2012,MFR,OR,ANM,WE,Federal Contract Tower,22,29,14,0,65,0,5,76,1,82,22,34,90,1,147,62,0,62,209
06/01/2012,MFR,OR,ANM,WE,Federal Contract Tower,10,27,23,0,60,0,4,45,0,49,10,31,68,0,109,28,0,28,137
06/02/2012,MFR,OR,ANM,WE,Federal Contract Tower,16,14,9,2,41,0,9,47,0,56,16,23,56,2,97,42,0,42,139
06/03/2012,MFR,OR,ANM,WE,Federal Contract Tower,24,14,17,0,55,0,2,53,0,55,24,16,70,0,110,34,0,34,144
06/04/2012,MFR,OR,ANM,WE,Federal Contract Tower,12,26,11,0,49,0,1,20,0,21,12,27,31,0,70,22,0,22,92
06/05/2012,MFR,OR,ANM,WE,Federal Contract Tower,17,25,17,0,59,0,1,23,0,24,17,26,40,0,83,26,0,26,109
06/06/2012,MFR,OR,ANM,WE,Federal Contract Tower,11,31,15,0,57,0,2,52,0,54,11,33,67,0,111,48,0,48,159
06/07/2012,MFR,OR,ANM,WE,Federal Contract Tower,21,25,19,2,67,0,1,14,0,15,21,26,33,2,82,8,0,8,90
06/08/2012,MFR,OR,ANM,WE,Federal Contract Tower,11,28,9,0,48,0,1,34,0,35,11,29,43,0,83,20,0,20,103
06/09/2012,MFR,OR,ANM,WE,Federal Contract Tower,11,18,15,0,44,0,6,51,0,57,11,24,66,0,101,16,0,16,117
06/10/2012,MFR,OR,ANM,WE,Federal Contract Tower,22,16,23,0,61,0,3,94,0,97,22,19,117,0,158,40,0,40,198
06/11/2012,MFR,OR,ANM,WE,Federal Contract Tower,13,24,20,0,57,0,3,45,0,48,13,27,65,0,105,0,0,0,105
06/12/2012,MFR,OR,ANM,WE,Federal Contract Tower,14,29,18,0,61,0,4,49,0,53,14,33,67,0,114,14,0,14,128
06/13/2012,MFR,OR,ANM,WE,Federal Contract Tower,13,33,12,3,61,0,2,41,0,43,13,35,53,3,104,20,0,20,124
06/14/2012,MFR,OR,ANM,WE,Federal Contract Tower,21,31,20,7,79,0,6,44,0,50,21,37,64,7,129,20,0,20,149
06/15/2012,MFR,OR,ANM,WE,Federal Contract Tower,11,25,15,0,51,0,6,46,0,52,11,31,61,0,103,28,0,28,131
06/16/2012,MFR,OR,ANM,WE,Federal Contract Tower,11,21,25,0,57,0,1,54,0,55,11,22,79,0,112,18,0,18,130
06/17/2012,MFR,OR,ANM,WE,Federal Contract Tower,19,25,26,0,70,0,2,39,0,41,19,27,65,0,111,58,0,58,169
06/18/2012,MFR,OR,ANM,WE,Federal Contract Tower,10,28,12,0,50,0,3,30,0,33,10,31,42,0,83,4,0,4,87
06/19/2012,MFR,OR,ANM,WE,Federal Contract Tower,15,28,13,0,56,0,8,60,0,68,15,36,73,0,124,20,0,20,144
06/20/2012,MFR,OR,ANM,WE,Federal Contract Tower,15,28,20,0,63,0,3,55,0,58,15,31,75,0,121,44,0,44,165
06/21/2012,MFR,OR,ANM,WE,Federal Contract Tower,21,26,26,0,73,0,8,69,0,77,21,34,95,0,150,10,0,10,160
06/22/2012,MFR,OR,ANM,WE,Federal Contract Tower,16,27,13,0,56,0,1,18,0,19,16,28,31,0,75,8,0,8,83
06/23/2012,MFR,OR,ANM,WE,Federal Contract Tower,12,23,11,0,46,0,9,9,0,18,12,32,20,0,64,0,0,0,64
06/24/2012,MFR,OR,ANM,WE,Federal Contract Tower,18,19,19,0,56,0,6,29,0,35,18,25,48,0,91,22,0,22,113
06/25/2012,MFR,OR,ANM,WE,Federal Contract Tower,11,26,8,0,45,0,4,21,0,25,11,30,29,0,70,0,0,0,70
06/26/2012,MFR,OR,ANM,WE,Federal Contract Tower,13,36,12,0,61,0,4,39,0,43,13,40,51,0,104,38,0,38,142
06/27/2012,MFR,OR,ANM,WE,Federal Contract Tower,12,35,9,4,60,0,3,59,0,62,12,38,68,4,122,56,0,56,178
06/28/2012,MFR,OR,ANM,WE,Federal Contract Tower,20,32,12,0,64,0,22,69,0,91,20,54,81,0,155,66,0,66,221
06/29/2012,MFR,OR,ANM,WE,Federal Contract Tower,15,25,12,0,52,0,1,56,0,57,15,26,68,0,109,42,0,42,151
06/30/2012,MFR,OR,ANM,WE,Federal Contract Tower,12,18,19,0,49,0,2,38,0,40,12,20,57,0,89,30,0,30,119
07/01/2012,MFR,OR,ANM,WE,Federal Contract Tower,19,19,22,2,62,0,0,53,0,53,19,19,75,2,115,36,0,36,151
07/02/2012,MFR,OR,ANM,WE,Federal Contract Tower,11,34,11,0,56,0,5,36,0,41,11,39,47,0,97,34,0,34,131
07/03/2012,MFR,OR,ANM,WE,Federal Contract Tower,15,32,9,0,56,0,3,68,0,71,15,35,77,0,127,90,0,90,217
07/04/2012,MFR,OR,ANM,WE,Federal Contract Tower,16,14,6,0,36,0,0,71,4,75,16,14,77,4,111,88,6,94,205
07/05/2012,MFR,OR,ANM,WE,Federal Contract Tower,24,28,17,0,69,0,1,79,0,80,24,29,96,0,149,38,0,38,187
07/06/2012,MFR,OR,ANM,WE,Federal Contract Tower,17,24,18,0,59,0,3,75,0,78,17,27,93,0,137,42,0,42,179
07/07/2012,MFR,OR,ANM,WE,Federal Contract Tower,12,22,10,0,44,0,4,63,0,67,12,26,73,0,111,14,0,14,125
07/08/2012,MFR,OR,ANM,WE,Federal Contract Tower,22,19,21,0,62,0,10,78,0,88,22,29,99,0,150,40,0,40,190
07/09/2012,MFR,OR,ANM,WE,Federal Contract Tower,10,26,24,0,60,0,9,42,0,51,10,35,66,0,111,52,0,52,163
07/10/2012,MFR,OR,ANM,WE,Federal Contract Tower,13,33,14,2,62,0,5,68,0,73,13,38,82,2,135,50,8,58,193
07/11/2012,MFR,OR,ANM,WE,Federal Contract Tower,14,29,5,1,49,0,6,71,2,79,14,35,76,3,128,50,0,50,178
07/12/2012,MFR,OR,ANM,WE,Federal Contract Tower,23,30,11,0,64,0,6,74,0,80,23,36,85,0,144,42,0,42,186
07/13/2012,MFR,OR,ANM,WE,Federal Contract Tower,16,27,26,1,70,0,4,58,0,62,16,31,84,1,132,36,0,36,168
07/14/2012,MFR,OR,ANM,WE,Federal Contract Tower,11,26,7,0,44,0,0,52,0,52,11,26,59,0,96,46,0,46,142
07/15/2012,MFR,OR,ANM,WE,Federal Contract Tower,20,22,13,0,55,0,8,58,0,66,20,30,71,0,121,30,0,30,151
07/16/2012,MFR,OR,ANM,WE,Federal Contract Tower,11,33,9,2,55,0,14,46,0,60,11,47,55,2,115,10,2,12,127
07/17/2012,MFR,OR,ANM,WE,Federal Contract Tower,11,29,11,0,51,0,3,32,0,35,11,32,43,0,86,12,0,12,98
07/18/2012,MFR,OR,ANM,WE,Federal Contract Tower,18,30,20,0,68,0,4,36,0,40,18,34,56,0,108,32,0,32,140
07/19/2012,MFR,OR,ANM,WE,Federal Contract Tower,26,28,28,0,82,0,12,64,0,76,26,40,92,0,158,10,0,10,168
07/20/2012,MFR,OR,ANM,WE,Federal Contract Tower,14,32,26,3,75,0,12,77,0,89,14,44,103,3,164,18,0,18,182
07/21/2012,MFR,OR,ANM,WE,Federal Contract Tower,11,23,10,0,44,0,7,63,0,70,11,30,73,0,114,0,0,0,114
07/22/2012,MFR,OR,ANM,WE,Federal Contract Tower,18,22,15,0,55,0,7,86,0,93,18,29,101,0,148,52,0,52,200
07/23/2012,MFR,OR,ANM,WE,Federal Contract Tower,11,28,17,0,56,0,10,55,0,65,11,38,72,0,121,30,0,30,151
07/24/2012,MFR,OR,ANM,WE,Federal Contract Tower,14,29,17,2,62,0,11,68,2,81,14,40,85,4,143,22,0,22,165
07/25/2012,MFR,OR,ANM,WE,Federal Contract Tower,15,28,14,0,57,0,13,58,0,71,15,41,72,0,128,44,0,44,172
07/26/2012,MFR,OR,ANM,WE,Federal Contract Tower,25,24,15,0,64,0,1,72,0,73,25,25,87,0,137,32,0,32,169
07/27/2012,MFR,OR,ANM,WE,Federal Contract Tower,17,29,16,0,62,0,3,57,1,61,17,32,73,1,123,10,0,10,133
07/28/2012,MFR,OR,ANM,WE,Federal Contract Tower,12,18,23,3,56,0,6,80,0,86,12,24,103,3,142,44,0,44,186
07/29/2012,MFR,OR,ANM,WE,Federal Contract Tower,16,22,21,0,59,0,10,49,0,59,16,32,70,0,118,10,0,10,128
07/30/2012,MFR,OR,ANM,WE,Federal Contract Tower,13,27,29,2,71,0,11,40,7,58,13,38,69,9,129,24,4,28,157
07/31/2012,MFR,OR,ANM,WE,Federal Contract Tower,11,34,22,0,67,0,12,51,8,71,11,46,73,8,138,10,0,10,148
08/01/2012,MFR,OR,ANM,WE,Federal Contract Tower,12,31,20,0,63,0,6,35,7,48,12,37,55,7,111,18,0,18,129
08/02/2012,MFR,OR,ANM,WE,Federal Contract Tower,24,31,9,0,64,0,11,66,8,85,24,42,75,8,149,54,0,54,203
08/03/2012,MFR,OR,ANM,WE,Federal Contract Tower,11,27,18,0,56,0,16,62,4,82,11,43,80,4,138,46,0,46,184
08/04/2012,MFR,OR,ANM,WE,Federal Contract Tower,14,19,7,0,40,0,1,67,0,68,14,20,74,0,108,42,0,42,150
08/05/2012,MFR,OR,ANM,WE,Federal Contract Tower,18,16,12,0,46,0,4,47,0,51,18,20,59,0,97,10,0,10,107
08/06/2012,MFR,OR,ANM,WE,Federal Contract Tower,11,28,20,3,62,0,10,60,1,71,11,38,80,4,133,18,0,18,151
08/07/2012,MFR,OR,ANM,WE,Federal Contract Tower,16,38,15,2,71,0,15,61,0,76,16,53,76,2,147,34,0,34,181
08/08/2012,MFR,OR,ANM,WE,Federal Contract Tower,17,32,21,0,70,0,2,88,0,90,17,34,109,0,160,54,0,54,214
08/09/2012,MFR,OR,ANM,WE,Federal Contract Tower,17,34,10,1,62,0,17,71,1,89,17,51,81,2,151,58,0,58,209
08/10/2012,MFR,OR,ANM,WE,Federal Contract Tower,16,24,17,0,57,0,3,72,0,75,16,27,89,0,132,12,0,12,144
08/11/2012,MFR,OR,ANM,WE,Federal Contract Tower,13,21,13,0,47,0,11,69,1,81,13,32,82,1,128,18,0,18,146
08/12/2012,MFR,OR,ANM,WE,Federal Contract Tower,20,18,13,0,51,0,16,50,0,66,20,34,63,0,117,10,0,10,127
08/13/2012,MFR,OR,ANM,WE,Federal Contract Tower,11,32,12,2,57,0,10,64,2,76,11,42,76,4,133,50,0,50,183
08/14/2012,MFR,OR,ANM,WE,Federal Contract Tower,14,31,13,0,58,0,14,81,0,95,14,45,94,0,153,36,0,36,189
08/15/2012,MFR,OR,ANM,WE,Federal Contract Tower,14,28,20,4,66,0,10,54,0,64,14,38,74,4,130,38,0,38,168
08/16/2012,MFR,OR,ANM,WE,Federal Contract Tower,25,26,10,0,61,0,6,97,0,103,25,32,107,0,164,6,0,6,170
08/17/2012,MFR,OR,ANM,WE,Federal Contract Tower,15,26,13,0,54,0,8,58,0,66,15,34,71,0,120,8,0,8,128
08/18/2012,MFR,OR,ANM,WE,Federal Contract Tower,13,28,13,0,54,0,6,50,0,56,13,34,63,0,110,6,0,6,116
08/19/2012,MFR,OR,ANM,WE,Federal Contract Tower,18,25,17,0,60,0,6,72,0,78,18,31,89,0,138,18,0,18,156
08/20/2012,MFR,OR,ANM,WE,Federal Contract Tower,11,28,11,3,53,0,6,46,0,52,11,34,57,3,105,10,14,24,129
08/21/2012,MFR,OR,ANM,WE,Federal Contract Tower,14,34,14,0,62,0,3,59,0,62,14,37,73,0,124,14,0,14,138
08/22/2012,MFR,OR,ANM,WE,Federal Contract Tower,11,33,21,0,65,0,2,40,0,42,11,35,61,0,107,24,0,24,131
08/23/2012,MFR,OR,ANM,WE,Federal Contract Tower,22,26,21,0,69,0,7,79,0,86,22,33,100,0,155,46,0,46,201
08/24/2012,MFR,OR,ANM,WE,Federal Contract Tower,15,32,12,0,59,0,5,48,0,53,15,37,60,0,112,10,0,10,122
08/25/2012,MFR,OR,ANM,WE,Federal Contract Tower,15,22,9,0,46,0,11,45,0,56,15,33,54,0,102,16,0,16,118
08/26/2012,MFR,OR,ANM,WE,Federal Contract Tower,22,20,12,2,56,0,0,70,0,70,22,20,82,2,126,10,0,10,136
08/27/2012,MFR,OR,ANM,WE,Federal Contract Tower,12,29,15,0,56,0,3,35,0,38,12,32,50,0,94,18,10,28,122
08/28/2012,MFR,OR,ANM,WE,Federal Contract Tower,14,32,15,0,61,0,4,54,0,58,14,36,69,0,119,38,0,38,157
08/29/2012,MFR,OR,ANM,WE,Federal Contract Tower,16,32,12,5,65,0,1,56,0,57,16,33,68,5,122,28,0,28,150
08/30/2012,MFR,OR,ANM,WE,Federal Contract Tower,21,32,10,0,63,0,3,65,0,68,21,35,75,0,131,38,0,38,169
08/31/2012,MFR,OR,ANM,WE,Federal Contract Tower,12,29,23,0,64,0,9,62,0,71,12,38,85,0,135,56,0,56,191
09/01/2012,MFR,OR,ANM,WE,Federal Contract Tower,9,18,9,0,36,0,14,54,0,68,9,32,63,0,104,30,0,30,134
09/02/2012,MFR,OR,ANM,WE,Federal Contract Tower,18,15,2,0,35,0,2,51,0,53,18,17,53,0,88,44,0,44,132
09/03/2012,MFR,OR,ANM,WE,Federal Contract Tower,17,14,13,0,44,0,25,71,0,96,17,39,84,0,140,34,0,34,174
09/04/2012,MFR,OR,ANM,WE,Federal Contract Tower,14,28,19,0,61,0,19,62,0,81,14,47,81,0,142,68,0,68,210
09/05/2012,MFR,OR,ANM,WE,Federal Contract Tower,13,35,12,0,60,0,6,56,0,62,13,41,68,0,122,50,0,50,172
09/06/2012,MFR,OR,ANM,WE,Federal Contract Tower,15,33,18,0,66,0,8,49,0,57,15,41,67,0,123,46,0,46,169
09/07/2012,MFR,OR,ANM,WE,Federal Contract Tower,15,22,8,0,45,0,5,51,0,56,15,27,59,0,101,28,0,28,129
09/08/2012,MFR,OR,ANM,WE,Federal Contract Tower,17,19,12,0,48,0,1,60,0,61,17,20,72,0,109,36,0,36,145
09/09/2012,MFR,OR,ANM,WE,Federal Contract Tower,17,17,21,0,55,0,5,39,0,44,17,22,60,0,99,14,0,14,113
09/10/2012,MFR,OR,ANM,WE,Federal Contract Tower,13,23,9,0,45,0,3,33,0,36,13,26,42,0,81,8,0,8,89
09/11/2012,MFR,OR,ANM,WE,Federal Contract Tower,12,31,14,0,57,0,16,61,0,77,12,47,75,0,134,32,0,32,166
09/12/2012,MFR,OR,ANM,WE,Federal Contract Tower,12,31,9,2,54,0,3,62,2,67,12,34,71,4,121,34,0,34,155
09/13/2012,MFR,OR,ANM,WE,Federal Contract Tower,15,31,21,0,67,0,4,49,0,53,15,35,70,0,120,58,0,58,178
09/14/2012,MFR,OR,ANM,WE,Federal Contract Tower,10,32,20,0,62,0,13,39,0,52,10,45,59,0,114,20,0,20,134
09/15/2012,MFR,OR,ANM,WE,Federal Contract Tower,10,22,6,0,38,0,6,55,0,61,10,28,61,0,99,20,0,20,119
09/16/2012,MFR,OR,ANM,WE,Federal Contract Tower,17,14,18,0,49,0,6,55,0,61,17,20,73,0,110,8,0,8,118
09/17/2012,MFR,OR,ANM,WE,Federal Contract Tower,10,34,18,0,62,0,8,43,0,51,10,42,61,0,113,18,0,18,131
09/18/2012,MFR,OR,ANM,WE,Federal Contract Tower,9,28,11,0,48,0,26,38,0,64,9,54,49,0,112,8,0,8,120
09/19/2012,MFR,OR,ANM,WE,Federal Contract Tower,12,28,13,0,53,0,5,40,0,45,12,33,53,0,98,40,0,40,138
09/20/2012,MFR,OR,ANM,WE,Federal Contract Tower,14,38,21,0,73,0,5,65,0,70,14,43,86,0,143,16,0,16,159
09/21/2012,MFR,OR,ANM,WE,Federal Contract Tower,11,34,19,0,64,0,3,38,2,43,11,37,57,2,107,6,0,6,113
09/22/2012,MFR,OR,ANM,WE,Federal Contract Tower,10,22,8,1,41,0,8,53,1,62,10,30,61,2,103,12,0,12,115
09/23/2012,MFR,OR,ANM,WE,Federal Contract Tower,14,21,11,0,46,0,11,47,0,58,14,32,58,0,104,30,0,30,134
09/24/2012,MFR,OR,ANM,WE,Federal Contract Tower,13,31,8,11,63,0,0,46,0,46,13,31,54,11,109,22,0,22,131
09/25/2012,MFR,OR,ANM,WE,Federal Contract Tower,12,32,8,0,52,0,4,44,0,48,12,36,52,0,100,38,0,38,138
09/26/2012,MFR,OR,ANM,WE,Federal Contract Tower,12,26,12,2,52,0,6,40,0,46,12,32,52,2,98,38,4,42,140
09/27/2012,MFR,OR,ANM,WE,Federal Contract Tower,13,35,8,0,56,0,9,46,0,55,13,44,54,0,111,28,0,28,139
09/28/2012,MFR,OR,ANM,WE,Federal Contract Tower,11,32,13,0,56,0,4,34,0,38,11,36,47,0,94,14,0,14,108
09/29/2012,MFR,OR,ANM,WE,Federal Contract Tower,11,22,6,1,40,0,2,52,0,54,11,24,58,1,94,16,0,16,110
09/30/2012,MFR,OR,ANM,WE,Federal Contract Tower,21,18,13,0,52,0,2,48,0,50,21,20,61,0,102,40,0,40,142
10/01/2012,MFR,OR,ANM,WE,Federal Contract Tower,15,23,12,0,50,0,1,36,0,37,15,24,48,0,87,34,0,34,121
10/02/2012,MFR,OR,ANM,WE,Federal Contract Tower,10,33,13,0,56,0,2,48,0,50,10,35,61,0,106,20,0,20,126
10/03/2012,MFR,OR,ANM,WE,Federal Contract Tower,12,33,10,1,56,0,0,46,1,47,12,33,56,2,103,20,0,20,123
10/04/2012,MFR,OR,ANM,WE,Federal Contract Tower,18,29,12,0,59,0,6,57,0,63,18,35,69,0,122,36,0,36,158
10/05/2012,MFR,OR,ANM,WE,Federal Contract Tower,11,28,15,0,54,0,11,52,0,63,11,39,67,0,117,36,0,36,153
10/06/2012,MFR,OR,ANM,WE,Federal Contract Tower,12,17,12,0,41,0,11,69,0,80,12,28,81,0,121,24,0,24,145
10/07/2012,MFR,OR,ANM,WE,Federal Contract Tower,16,22,10,0,48,0,0,48,0,48,16,22,58,0,96,22,0,22,118
10/08/2012,MFR,OR,ANM,WE,Federal Contract Tower,9,26,16,0,51,0,1,51,0,52,9,27,67,0,103,38,0,38,141
10/09/2012,MFR,OR,ANM,WE,Federal Contract Tower,10,33,11,2,56,0,6,56,0,62,10,39,67,2,118,14,4,18,136
10/10/2012,MFR,OR,ANM,WE,Federal Contract Tower,10,29,20,0,59,0,12,34,0,46,10,41,54,0,105,22,0,22,127
10/11/2012,MFR,OR,ANM,WE,Federal Contract Tower,20,21,20,2,63,0,3,49,0,52,20,24,69,2,115,40,0,40,155
10/12/2012,MFR,OR,ANM,WE,Federal Contract Tower,16,26,13,0,55,0,0,0,0,0,16,26,13,0,55,20,0,20,75
10/13/2012,MFR,OR,ANM,WE,Federal Contract Tower,13,19,8,0,40,0,2,27,0,29,13,21,35,0,69,0,0,0,69
10/14/2012,MFR,OR,ANM,WE,Federal Contract Tower,15,17,11,0,43,0,0,12,0,12,15,17,23,0,55,0,0,0,55
10/15/2012,MFR,OR,ANM,WE,Federal Contract Tower,11,26,8,0,45,0,0,6,0,6,11,26,14,0,51,0,0,0,51
10/16/2012,MFR,OR,ANM,WE,Federal Contract Tower,14,33,14,0,61,0,0,23,0,23,14,33,37,0,84,30,0,30,114
10/17/2012,MFR,OR,ANM,WE,Federal Contract Tower,15,29,18,0,62,0,3,45,0,48,15,32,63,0,110,58,0,58,168
10/18/2012,MFR,OR,ANM,WE,Federal Contract Tower,20,31,15,2,68,0,0,65,0,65,20,31,80,2,133,80,0,80,213
10/19/2012,MFR,OR,ANM,WE,Federal Contract Tower,17,28,18,0,63,0,2,29,1,32,17,30,47,1,95,24,0,24,119
10/20/2012,MFR,OR,ANM,WE,Federal Contract Tower,14,17,9,0,40,0,1,20,0,21,14,18,29,0,61,8,0,8,69
10/21/2012,MFR,OR,ANM,WE,Federal Contract Tower,16,13,18,0,47,0,1,14,0,15,16,14,32,0,62,12,0,12,74
10/22/2012,MFR,OR,ANM,WE,Federal Contract Tower,13,24,9,0,46,0,0,6,0,6,13,24,15,0,52,4,0,4,56
10/23/2012,MFR,OR,ANM,WE,Federal Contract Tower,13,28,6,2,49,0,4,13,0,17,13,32,19,2,66,2,4,6,72
10/24/2012,MFR,OR,ANM,WE,Federal Contract Tower,14,24,27,5,70,0,0,1,0,1,14,24,28,5,71,0,0,0,71
10/25/2012,MFR,OR,ANM,WE,Federal Contract Tower,18,28,17,0,63,0,2,53,0,55,18,30,70,0,118,42,0,42,160
10/26/2012,MFR,OR,ANM,WE,Federal Contract Tower,15,29,15,0,59,0,1,22,0,23,15,30,37,0,82,12,0,12,94
10/27/2012,MFR,OR,ANM,WE,Federal Contract Tower,14,16,18,0,48,0,0,2,0,2,14,16,20,0,50,0,0,0,50
10/28/2012,MFR,OR,ANM,WE,Federal Contract Tower,21,17,11,0,49,0,0,13,0,13,21,17,24,0,62,0,0,0,62
10/29/2012,MFR,OR,ANM,WE,Federal Contract Tower,11,29,8,0,48,0,0,27,0,27,11,29,35,0,75,36,0,36,111
10/30/2012,MFR,OR,ANM,WE,Federal Contract Tower,15,34,23,2,74,0,0,39,0,39,15,34,62,2,113,20,0,20,133
10/31/2012,MFR,OR,ANM,WE,Federal Contract Tower,15,30,14,0,59,0,1,1,0,2,15,31,15,0,61,0,0,0,61
11/01/2012,MFR,OR,ANM,WE,Federal Contract Tower,17,28,14,0,59,0,0,28,0,28,17,28,42,0,87,14,0,14,101
11/02/2012,MFR,OR,ANM,WE,Federal Contract Tower,15,23,20,0,58,0,1,36,0,37,15,24,56,0,95,10,0,10,105
11/03/2012,MFR,OR,ANM,WE,Federal Contract Tower,14,19,12,0,45,0,0,28,0,28,14,19,40,0,73,8,0,8,81
11/04/2012,MFR,OR,ANM,WE,Federal Contract Tower,18,17,18,0,53,0,3,58,0,61,18,20,76,0,114,42,0,42,156
11/05/2012,MFR,OR,ANM,WE,Federal Contract Tower,11,25,15,2,53,0,1,30,0,31,11,26,45,2,84,4,0,4,88
11/06/2012,MFR,OR,ANM,WE,Federal Contract Tower,12,28,12,0,52,0,0,35,0,35,12,28,47,0,87,24,0,24,111
11/07/2012,MFR,OR,ANM,WE,Federal Contract Tower,13,28,17,0,58,0,0,22,0,22,13,28,39,0,80,0,0,0,80
11/08/2012,MFR,OR,ANM,WE,Federal Contract Tower,17,33,8,0,58,0,0,6,0,6,17,33,14,0,64,6,0,6,70
11/09/2012,MFR,OR,ANM,WE,Federal Contract Tower,13,25,13,0,51,0,2,4,0,6,13,27,17,0,57,0,0,0,57
11/10/2012,MFR,OR,ANM,WE,Federal Contract Tower,11,15,14,0,40,0,0,12,0,12,11,15,26,0,52,16,0,16,68
11/11/2012,MFR,OR,ANM,WE,Federal Contract Tower,17,11,9,0,37,0,0,14,0,14,17,11,23,0,51,10,0,10,61
11/12/2012,MFR,OR,ANM,WE,Federal Contract Tower,13,26,13,0,52,0,0,13,0,13,13,26,26,0,65,4,0,4,69
11/13/2012,MFR,OR,ANM,WE,Federal Contract Tower,13,29,15,2,59,0,0,4,0,4,13,29,19,2,63,0,0,0,63
11/14/2012,MFR,OR,ANM,WE,Federal Contract Tower,12,31,35,0,78,0,1,18,0,19,12,32,53,0,97,26,0,26,123
11/15/2012,MFR,OR,ANM,WE,Federal Contract Tower,16,31,15,1,63,0,1,28,1,30,16,32,43,2,93,22,0,22,115
11/16/2012,MFR,OR,ANM,WE,Federal Contract Tower,16,20,29,0,65,0,0,9,0,9,16,20,38,0,74,6,0,6,80
11/17/2012,MFR,OR,ANM,WE,Federal Contract Tower,14,18,11,0,43,0,0,2,0,2,14,18,13,0,45,1,0,1,46
11/18/2012,MFR,OR,ANM,WE,Federal Contract Tower,22,16,9,0,47,0,5,5,0,10,22,21,14,0,57,8,0,8,65
11/19/2012,MFR,OR,ANM,WE,Federal Contract Tower,14,24,8,0,46,0,1,1,0,2,14,25,9,0,48,0,0,0,48
11/20/2012,MFR,OR,ANM,WE,Federal Contract Tower,12,25,17,0,54,0,3,19,0,22,12,28,36,0,76,18,0,18,94
11/21/2012,MFR,OR,ANM,WE,Federal Contract Tower,15,30,17,0,62,0,2,19,0,21,15,32,36,0,83,16,0,16,99
11/22/2012,MFR,OR,ANM,WE,Federal Contract Tower,11,10,4,0,25,0,0,13,0,13,11,10,17,0,38,1,0,1,39
11/23/2012,MFR,OR,ANM,WE,Federal Contract Tower,14,24,12,0,50,0,0,0,0,0,14,24,12,0,50,0,0,0,50
11/24/2012,MFR,OR,ANM,WE,Federal Contract Tower,14,20,12,0,46,0,0,0,0,0,14,20,12,0,46,0,0,0,46
11/25/2012,MFR,OR,ANM,WE,Federal Contract Tower,17,15,29,0,61,0,0,17,0,17,17,15,46,0,78,14,0,14,92
11/26/2012,MFR,OR,ANM,WE,Federal Contract Tower,11,20,29,0,60,0,2,66,0,68,11,22,95,0,128,48,0,48,176
11/27/2012,MFR,OR,ANM,WE,Federal Contract Tower,10,27,17,0,54,0,0,5,0,5,10,27,22,0,59,0,0,0,59
11/28/2012,MFR,OR,ANM,WE,Federal Contract Tower,14,27,11,0,52,0,3,9,0,12,14,30,20,0,64,20,0,20,84
11/29/2012,MFR,OR,ANM,WE,Federal Contract Tower,17,22,11,0,50,0,0,0,0,0,17,22,11,0,50,0,0,0,50
11/30/2012,MFR,OR,ANM,WE,Federal Contract Tower,14,27,7,0,48,0,0,7,0,7,14,27,14,0,55,4,0,4,59
12/01/2012,MFR,OR,ANM,WE,Federal Contract Tower,12,17,14,0,43,0,0,3,0,3,12,17,17,0,46,0,0,0,46
12/02/2012,MFR,OR,ANM,WE,Federal Contract Tower,21,10,4,0,35,0,1,34,0,35,21,11,38,0,70,14,0,14,84
12/03/2012,MFR,OR,ANM,WE,Federal Contract Tower,9,23,12,0,44,0,3,22,0,25,9,26,34,0,69,12,0,12,81
12/04/2012,MFR,OR,ANM,WE,Federal Contract Tower,14,26,10,0,50,0,1,2,0,3,14,27,12,0,53,0,0,0,53
12/05/2012,MFR,OR,ANM,WE,Federal Contract Tower,14,22,16,0,52,0,0,13,0,13,14,22,29,0,65,16,0,16,81
12/06/2012,MFR,OR,ANM,WE,Federal Contract Tower,16,29,12,0,57,0,2,35,0,37,16,31,47,0,94,10,0,10,104
12/07/2012,MFR,OR,ANM,WE,Federal Contract Tower,15,28,20,0,63,0,0,0,0,0,15,28,20,0,63,0,0,0,63
12/08/2012,MFR,OR,ANM,WE,Federal Contract Tower,10,18,14,0,42,0,0,12,0,12,10,18,26,0,54,20,0,20,74
12/09/2012,MFR,OR,ANM,WE,Federal Contract Tower,18,17,17,2,54,0,1,33,1,35,18,18,50,3,89,46,0,46,135
12/10/2012,MFR,OR,ANM,WE,Federal Contract Tower,16,29,19,4,68,0,1,43,0,44,16,30,62,4,112,40,0,40,152
12/11/2012,MFR,OR,ANM,WE,Federal Contract Tower,15,37,13,0,65,0,0,0,0,0,15,37,13,0,65,0,0,0,65
12/12/2012,MFR,OR,ANM,WE,Federal Contract Tower,13,29,17,0,59,0,0,9,0,9,13,29,26,0,68,10,0,10,78
12/13/2012,MFR,OR,ANM,WE,Federal Contract Tower,16,34,21,3,74,0,0,5,0,5,16,34,26,3,79,30,0,30,109
12/14/2012,MFR,OR,ANM,WE,Federal Contract Tower,15,28,9,1,53,0,0,0,0,0,15,28,9,1,53,0,0,0,53
12/15/2012,MFR,OR,ANM,WE,Federal Contract Tower,12,22,3,0,37,0,0,0,0,0,12,22,3,0,37,0,0,0,37
12/16/2012,MFR,OR,ANM,WE,Federal Contract Tower,18,15,6,0,39,0,0,0,0,0,18,15,6,0,39,0,0,0,39
12/17/2012,MFR,OR,ANM,WE,Federal Contract Tower,15,24,6,0,45,0,1,2,0,3,15,25,8,0,48,4,0,4,52
12/18/2012,MFR,OR,ANM,WE,Federal Contract Tower,14,28,13,0,55,0,3,7,0,10,14,31,20,0,65,16,0,16,81
12/19/2012,MFR,OR,ANM,WE,Federal Contract Tower,12,37,18,0,67,0,2,18,0,20,12,39,36,0,87,24,0,24,111
12/20/2012,MFR,OR,ANM,WE,Federal Contract Tower,19,34,14,0,67,0,0,0,0,0,19,34,14,0,67,0,0,0,67
12/21/2012,MFR,OR,ANM,WE,Federal Contract Tower,15,31,16,0,62,0,2,2,0,4,15,33,18,0,66,0,0,0,66
12/22/2012,MFR,OR,ANM,WE,Federal Contract Tower,13,18,12,0,43,0,0,5,0,5,13,18,17,0,48,14,0,14,62
12/23/2012,MFR,OR,ANM,WE,Federal Contract Tower,20,8,5,0,33,0,0,0,0,0,20,8,5,0,33,0,0,0,33
12/24/2012,MFR,OR,ANM,WE,Federal Contract Tower,17,18,9,0,44,0,2,9,0,11,17,20,18,0,55,6,0,6,61
12/25/2012,MFR,OR,ANM,WE,Federal Contract Tower,12,6,3,0,21,0,0,1,0,1,12,6,4,0,22,0,0,0,22
12/26/2012,MFR,OR,ANM,WE,Federal Contract Tower,14,31,5,0,50,0,1,3,0,4,14,32,8,0,54,0,0,0,54
12/27/2012,MFR,OR,ANM,WE,Federal Contract Tower,18,28,16,0,62,0,2,11,0,13,18,30,27,0,75,20,0,20,95
12/28/2012,MFR,OR,ANM,WE,Federal Contract Tower,15,27,9,0,51,0,0,0,0,0,15,27,9,0,51,0,0,0,51
12/29/2012,MFR,OR,ANM,WE,Federal Contract Tower,14,17,6,0,37,0,0,0,0,0,14,17,6,0,37,0,0,0,37
12/30/2012,MFR,OR,ANM,WE,Federal Contract Tower,20,10,7,0,37,0,2,37,0,39,20,12,44,0,76,36,0,36,112
12/31/2012,MFR,OR,ANM,WE,Federal Contract Tower,13,24,14,0,51,0,0,7,0,7,13,24,21,0,58,22,0,22,80
01/01/2013,MFR,OR,ANM,WE,Federal Contract Tower,15,16,3,0,34,0,0,59,0,59,15,16,62,0,93,44,0,44,137
01/02/2013,MFR,OR,ANM,WE,Federal Contract Tower,14,23,7,1,45,0,20,45,1,66,14,43,52,2,111,42,0,42,153
01/03/2013,MFR,OR,ANM,WE,Federal Contract Tower,15,30,12,0,57,0,2,21,0,23,15,32,33,0,80,32,0,32,112
01/04/2013,MFR,OR,ANM,WE,Federal Contract Tower,11,27,15,2,55,0,2,41,0,43,11,29,56,2,98,8,0,8,106
01/05/2013,MFR,OR,ANM,WE,Federal Contract Tower,8,18,10,1,37,0,4,12,0,16,8,22,22,1,53,4,2,6,59
01/06/2013,MFR,OR,ANM,WE,Federal Contract Tower,16,17,8,0,41,0,0,1,0,1,16,17,9,0,42,0,0,0,42
01/07/2013,MFR,OR,ANM,WE,Federal Contract Tower,14,25,14,0,53,0,0,0,0,0,14,25,14,0,53,0,0,0,53
01/08/2013,MFR,OR,ANM,WE,Federal Contract Tower,11,22,33,2,68,0,0,0,0,0,11,22,33,2,68,0,0,0,68
01/09/2013,MFR,OR,ANM,WE,Federal Contract Tower,8,29,12,3,52,0,4,7,0,11,8,33,19,3,63,0,6,6,69
01/10/2013,MFR,OR,ANM,WE,Federal Contract Tower,14,33,13,1,61,0,0,1,1,2,14,33,14,2,63,0,0,0,63
01/11/2013,MFR,OR,ANM,WE,Federal Contract Tower,13,28,13,0,54,0,11,8,0,19,13,39,21,0,73,0,0,0,73
01/12/2013,MFR,OR,ANM,WE,Federal Contract Tower,10,15,6,0,31,0,0,24,0,24,10,15,30,0,55,28,0,28,83
01/13/2013,MFR,OR,ANM,WE,Federal Contract Tower,15,16,5,0,36,0,0,23,0,23,15,16,28,0,59,18,0,18,77
01/14/2013,MFR,OR,ANM,WE,Federal Contract Tower,15,20,11,0,46,0,4,22,0,26,15,24,33,0,72,6,0,6,78
01/15/2013,MFR,OR,ANM,WE,Federal Contract Tower,11,29,5,0,45,0,1,48,0,49,11,30,53,0,94,14,0,14,108
01/16/2013,MFR,OR,ANM,WE,Federal Contract Tower,6,18,6,0,30,0,0,0,0,0,6,18,6,0,30,0,0,0,30
01/17/2013,MFR,OR,ANM,WE,Federal Contract Tower,8,19,14,0,41,0,0,2,0,2,8,19,16,0,43,0,0,0,43
01/18/2013,MFR,OR,ANM,WE,Federal Contract Tower,11,26,9,0,46,0,6,16,0,22,11,32,25,0,68,0,0,0,68
01/19/2013,MFR,OR,ANM,WE,Federal Contract Tower,11,15,4,0,30,0,5,43,0,48,11,20,47,0,78,46,0,46,124
01/20/2013,MFR,OR,ANM,WE,Federal Contract Tower,16,12,12,0,40,0,4,38,0,42,16,16,50,0,82,44,0,44,126
01/21/2013,MFR,OR,ANM,WE,Federal Contract Tower,16,21,18,0,55,0,2,35,0,37,16,23,53,0,92,30,0,30,122
01/22/2013,MFR,OR,ANM,WE,Federal Contract Tower,12,28,8,0,48,0,2,32,0,34,12,30,40,0,82,44,0,44,126
01/23/2013,MFR,OR,ANM,WE,Federal Contract Tower,11,27,12,0,50,0,0,5,1,6,11,27,17,1,56,0,0,0,56
01/24/2013,MFR,OR,ANM,WE,Federal Contract Tower,12,28,20,3,63,0,4,12,1,17,12,32,32,4,80,20,0,20,100
01/25/2013,MFR,OR,ANM,WE,Federal Contract Tower,10,28,16,0,54,0,0,2,0,2,10,28,18,0,56,0,0,0,56
01/26/2013,MFR,OR,ANM,WE,Federal Contract Tower,7,18,9,0,34,0,0,16,0,16,7,18,25,0,50,16,0,16,66
01/27/2013,MFR,OR,ANM,WE,Federal Contract Tower,12,13,13,0,38,0,0,14,0,14,12,13,27,0,52,24,0,24,76
01/28/2013,MFR,OR,ANM,WE,Federal Contract Tower,14,27,15,0,56,0,0,12,0,12,14,27,27,0,68,0,0,0,68
01/29/2013,MFR,OR,ANM,WE,Federal Contract Tower,11,28,7,0,46,0,0,7,0,7,11,28,14,0,53,16,0,16,69
01/30/2013,MFR,OR,ANM,WE,Federal Contract Tower,10,32,20,0,62,0,0,6,0,6,10,32,26,0,68,0,0,0,68
01/31/2013,MFR,OR,ANM,WE,Federal Contract Tower,15,39,24,2,80,0,0,3,0,3,15,39,27,2,83,8,0,8,91
02/01/2013,MFR,OR,ANM,WE,Federal Contract Tower,12,32,23,2,69,0,0,26,0,26,12,32,49,2,95,6,0,6,101
02/02/2013,MFR,OR,ANM,WE,Federal Contract Tower,7,18,21,0,46,0,1,14,0,15,7,19,35,0,61,8,0,8,69
02/03/2013,MFR,OR,ANM,WE,Federal Contract Tower,9,17,9,0,35,0,0,0,0,0,9,17,9,0,35,0,0,0,35
02/04/2013,MFR,OR,ANM,WE,Federal Contract Tower,11,29,17,0,57,0,1,9,0,10,11,30,26,0,67,4,0,4,71
02/05/2013,MFR,OR,ANM,WE,Federal Contract Tower,12,25,12,0,49,0,2,2,0,4,12,27,14,0,53,6,0,6,59
02/06/2013,MFR,OR,ANM,WE,Federal Contract Tower,9,38,22,0,69,0,6,36,0,42,9,44,58,0,111,32,0,32,143
02/07/2013,MFR,OR,ANM,WE,Federal Contract Tower,12,33,22,0,67,0,3,13,0,16,12,36,35,0,83,22,0,22,105
02/08/2013,MFR,OR,ANM,WE,Federal Contract Tower,11,30,19,0,60,0,0,18,0,18,11,30,37,0,78,12,0,12,90
02/09/2013,MFR,OR,ANM,WE,Federal Contract Tower,7,20,9,0,36,0,1,54,0,55,7,21,63,0,91,50,0,50,141
02/10/2013,MFR,OR,ANM,WE,Federal Contract Tower,11,12,8,0,31,0,0,64,0,64,11,12,72,0,95,64,0,64,159
02/11/2013,MFR,OR,ANM,WE,Federal Contract Tower,13,25,18,3,59,0,0,6,0,6,13,25,24,3,65,0,0,0,65
02/12/2013,MFR,OR,ANM,WE,Federal Contract Tower,13,29,14,0,56,0,9,36,0,45,13,38,50,0,101,70,0,70,171
02/13/2013,MFR,OR,ANM,WE,Federal Contract Tower,12,24,20,2,58,0,1,52,0,53,12,25,72,2,111,6,0,6,117
02/14/2013,MFR,OR,ANM,WE,Federal Contract Tower,16,29,23,1,69,0,0,49,1,50,16,29,72,2,119,36,16,52,171
02/15/2013,MFR,OR,ANM,WE,Federal Contract Tower,10,33,26,3,72,0,12,60,2,74,10,45,86,5,146,44,4,48,194
02/16/2013,MFR,OR,ANM,WE,Federal Contract Tower,12,17,9,2,40,0,4,74,4,82,12,21,83,6,122,70,0,70,192
02/17/2013,MFR,OR,ANM,WE,Federal Contract Tower,14,15,5,0,34,0,0,56,0,56,14,15,61,0,90,52,0,52,142
02/18/2013,MFR,OR,ANM,WE,Federal Contract Tower,14,22,14,0,50,0,4,28,0,32,14,26,42,0,82,10,0,10,92
02/19/2013,MFR,OR,ANM,WE,Federal Contract Tower,13,32,19,0,64,0,0,5,0,5,13,32,24,0,69,20,0,20,89
02/20/2013,MFR,OR,ANM,WE,Federal Contract Tower,12,32,15,0,59,0,3,31,0,34,12,35,46,0,93,16,0,16,109
02/21/2013,MFR,OR,ANM,WE,Federal Contract Tower,16,28,14,0,58,0,2,6,0,8,16,30,20,0,66,18,0,18,84
02/22/2013,MFR,OR,ANM,WE,Federal Contract Tower,10,28,15,0,53,0,4,15,0,19,10,32,30,0,72,8,0,8,80
02/23/2013,MFR,OR,ANM,WE,Federal Contract Tower,8,21,14,0,43,0,3,17,0,20,8,24,31,0,63,20,0,20,83
02/24/2013,MFR,OR,ANM,WE,Federal Contract Tower,17,14,8,0,39,0,9,43,0,52,17,23,51,0,91,48,0,48,139
02/25/2013,MFR,OR,ANM,WE,Federal Contract Tower,17,29,12,0,58,0,5,7,0,12,17,34,19,0,70,4,0,4,74
02/26/2013,MFR,OR,ANM,WE,Federal Contract Tower,14,35,11,0,60,0,6,32,0,38,14,41,43,0,98,6,0,6,104
02/27/2013,MFR,OR,ANM,WE,Federal Contract Tower,12,31,10,0,53,0,1,33,0,34,12,32,43,0,87,30,0,30,117
02/28/2013,MFR,OR,ANM,WE,Federal Contract Tower,18,27,12,0,57,0,3,13,0,16,18,30,25,0,73,20,0,20,93
03/01/2013,MFR,OR,ANM,WE,Federal Contract Tower,9,29,11,0,49,0,6,40,0,46,9,35,51,0,95,58,0,58,153
03/02/2013,MFR,OR,ANM,WE,Federal Contract Tower,7,18,14,0,39,0,2,25,2,29,7,20,39,2,68,64,0,64,132
03/03/2013,MFR,OR,ANM,WE,Federal Contract Tower,15,14,19,0,48,0,3,26,0,29,15,17,45,0,77,8,0,8,85
03/04/2013,MFR,OR,ANM,WE,Federal Contract Tower,11,23,13,0,47,0,0,44,0,44,11,23,57,0,91,6,0,6,97
03/05/2013,MFR,OR,ANM,WE,Federal Contract Tower,12,32,13,0,57,0,0,21,0,21,12,32,34,0,78,18,0,18,96
03/06/2013,MFR,OR,ANM,WE,Federal Contract Tower,12,27,10,0,49,0,3,4,0,7,12,30,14,0,56,0,0,0,56
03/07/2013,MFR,OR,ANM,WE,Federal Contract Tower,16,25,6,0,47,0,1,22,2,25,16,26,28,2,72,22,0,22,94
03/08/2013,MFR,OR,ANM,WE,Federal Contract Tower,13,24,7,0,44,0,2,51,0,53,13,26,58,0,97,20,0,20,117
03/09/2013,MFR,OR,ANM,WE,Federal Contract Tower,7,19,10,0,36,0,13,69,0,82,7,32,79,0,118,80,0,80,198
03/10/2013,MFR,OR,ANM,WE,Federal Contract Tower,16,11,7,0,34,0,0,47,0,47,16,11,54,0,81,64,0,64,145
03/11/2013,MFR,OR,ANM,WE,Federal Contract Tower,12,30,9,1,52,0,1,42,0,43,12,31,51,1,95,14,2,16,111
03/12/2013,MFR,OR,ANM,WE,Federal Contract Tower,15,30,8,0,53,0,1,52,0,53,15,31,60,0,106,24,0,24,130
03/13/2013,MFR,OR,ANM,WE,Federal Contract Tower,14,27,14,0,55,0,3,33,0,36,14,30,47,0,91,28,0,28,119
03/14/2013,MFR,OR,ANM,WE,Federal Contract Tower,15,29,6,0,50,0,2,25,0,27,15,31,31,0,77,24,0,24,101
03/15/2013,MFR,OR,ANM,WE,Federal Contract Tower,11,33,30,0,74,0,4,48,0,52,11,37,78,0,126,32,0,32,158
03/16/2013,MFR,OR,ANM,WE,Federal Contract Tower,5,15,15,0,35,0,4,25,0,29,5,19,40,0,64,32,0,32,96
03/17/2013,MFR,OR,ANM,WE,Federal Contract Tower,15,14,11,0,40,0,1,42,4,47,15,15,53,4,87,74,0,74,161
03/18/2013,MFR,OR,ANM,WE,Federal Contract Tower,13,24,9,2,48,0,3,39,1,43,13,27,48,3,91,24,8,32,123
03/19/2013,MFR,OR,ANM,WE,Federal Contract Tower,12,33,11,0,56,0,0,17,0,17,12,33,28,0,73,32,0,32,105
03/20/2013,MFR,OR,ANM,WE,Federal Contract Tower,15,27,12,0,54,0,0,17,0,17,15,27,29,0,71,0,0,0,71
03/21/2013,MFR,OR,ANM,WE,Federal Contract Tower,16,26,29,0,71,0,2,28,1,31,16,28,57,1,102,42,0,42,144
03/22/2013,MFR,OR,ANM,WE,Federal Contract Tower,10,27,25,2,64,0,4,36,0,40,10,31,61,2,104,46,0,46,150
03/23/2013,MFR,OR,ANM,WE,Federal Contract Tower,5,20,9,0,34,0,5,53,0,58,5,25,62,0,92,14,0,14,106
03/24/2013,MFR,OR,ANM,WE,Federal Contract Tower,18,14,4,0,36,0,5,55,0,60,18,19,59,0,96,66,0,66,162
03/25/2013,MFR,OR,ANM,WE,Federal Contract Tower,11,28,12,0,51,0,5,44,0,49,11,33,56,0,100,64,0,64,164
03/26/2013,MFR,OR,ANM,WE,Federal Contract Tower,12,29,12,0,53,0,1,18,0,19,12,30,30,0,72,24,0,24,96
03/27/2013,MFR,OR,ANM,WE,Federal Contract Tower,12,26,21,0,59,0,7,19,1,27,12,33,40,1,86,10,0,10,96
03/28/2013,MFR,OR,ANM,WE,Federal Contract Tower,15,29,19,3,66,0,5,19,1,25,15,34,38,4,91,14,0,14,105
03/29/2013,MFR,OR,ANM,WE,Federal Contract Tower,10,29,8,0,47,0,9,32,0,41,10,38,40,0,88,38,0,38,126
03/30/2013,MFR,OR,ANM,WE,Federal Contract Tower,5,17,15,0,37,0,17,49,0,66,5,34,64,0,103,28,0,28,131
03/31/2013,MFR,OR,ANM,WE,Federal Contract Tower,16,18,8,0,42,0,0,10,0,10,16,18,18,0,52,28,0,28,80
04/01/2013,MFR,OR,ANM,WE,Federal Contract Tower,12,30,6,0,48,0,2,14,0,16,12,32,20,0,64,6,0,6,70
04/02/2013,MFR,OR,ANM,WE,Federal Contract Tower,11,30,4,1,46,0,8,29,0,37,11,38,33,1,83,60,0,60,143
04/03/2013,MFR,OR,ANM,WE,Federal Contract Tower,9,36,15,2,62,0,4,44,3,51,9,40,59,5,113,32,0,32,145
04/04/2013,MFR,OR,ANM,WE,Federal Contract Tower,11,25,15,0,51,0,1,19,2,22,11,26,34,2,73,10,0,10,83
04/05/2013,MFR,OR,ANM,WE,Federal Contract Tower,12,25,16,0,53,0,0,9,0,9,12,25,25,0,62,6,0,6,68
04/06/2013,MFR,OR,ANM,WE,Federal Contract Tower,9,18,7,0,34,0,2,19,0,21,9,20,26,0,55,12,0,12,67
04/07/2013,MFR,OR,ANM,WE,Federal Contract Tower,15,13,16,0,44,0,0,6,0,6,15,13,22,0,50,0,0,0,50
04/08/2013,MFR,OR,ANM,WE,Federal Contract Tower,10,29,9,3,51,0,3,27,0,30,10,32,36,3,81,66,0,66,147
04/09/2013,MFR,OR,ANM,WE,Federal Contract Tower,9,26,11,0,46,0,8,51,0,59,9,34,62,0,105,54,0,54,159
04/10/2013,MFR,OR,ANM,WE,Federal Contract Tower,13,28,11,0,52,0,2,32,0,34,13,30,43,0,86,66,0,66,152
04/11/2013,MFR,OR,ANM,WE,Federal Contract Tower,15,31,15,0,61,0,8,43,0,51,15,39,58,0,112,36,0,36,148
04/12/2013,MFR,OR,ANM,WE,Federal Contract Tower,12,19,27,0,58,0,4,64,0,68,12,23,91,0,126,48,0,48,174
04/13/2013,MFR,OR,ANM,WE,Federal Contract Tower,7,12,6,0,25,0,10,45,0,55,7,22,51,0,80,18,0,18,98
04/14/2013,MFR,OR,ANM,WE,Federal Contract Tower,13,11,10,1,35,0,1,33,1,35,13,12,43,2,70,22,0,22,92
04/15/2013,MFR,OR,ANM,WE,Federal Contract Tower,10,26,10,0,46,0,0,19,0,19,10,26,29,0,65,38,0,38,103
04/16/2013,MFR,OR,ANM,WE,Federal Contract Tower,9,26,17,0,52,0,7,26,0,33,9,33,43,0,85,24,0,24,109
04/17/2013,MFR,OR,ANM,WE,Federal Contract Tower,10,30,6,0,46,0,3,58,0,61,10,33,64,0,107,26,0,26,133
04/18/2013,MFR,OR,ANM,WE,Federal Contract Tower,18,35,15,0,68,0,2,50,0,52,18,37,65,0,120,62,0,62,182
04/19/2013,MFR,OR,ANM,WE,Federal Contract Tower,12,30,14,0,56,0,1,20,0,21,12,31,34,0,77,8,0,8,85
04/20/2013,MFR,OR,ANM,WE,Federal Contract Tower,8,14,12,0,34,0,5,59,0,64,8,19,71,0,98,16,0,16,114
04/21/2013,MFR,OR,ANM,WE,Federal Contract Tower,15,17,12,0,44,0,1,43,0,44,15,18,55,0,88,16,0,16,104
04/22/2013,MFR,OR,ANM,WE,Federal Contract Tower,10,34,9,0,53,0,10,62,0,72,10,44,71,0,125,36,0,36,161
04/23/2013,MFR,OR,ANM,WE,Federal Contract Tower,12,28,17,0,57,0,0,62,0,62,12,28,79,0,119,82,0,82,201
04/24/2013,MFR,OR,ANM,WE,Federal Contract Tower,12,25,15,0,52,0,8,46,0,54,12,33,61,0,106,18,0,18,124
04/25/2013,MFR,OR,ANM,WE,Federal Contract Tower,22,27,11,1,61,0,6,77,4,87,22,33,88,5,148,10,0,10,158
04/26/2013,MFR,OR,ANM,WE,Federal Contract Tower,12,29,4,0,45,0,2,46,1,49,12,31,50,1,94,20,0,20,114
04/27/2013,MFR,OR,ANM,WE,Federal Contract Tower,7,21,6,0,34,0,14,37,1,52,7,35,43,1,86,4,0,4,90
04/28/2013,MFR,OR,ANM,WE,Federal Contract Tower,17,17,8,0,42,0,7,57,0,64,17,24,65,0,106,12,0,12,118
04/29/2013,MFR,OR,ANM,WE,Federal Contract Tower,9,34,22,0,65,0,0,29,0,29,9,34,51,0,94,10,0,10,104
04/30/2013,MFR,OR,ANM,WE,Federal Contract Tower,10,36,20,0,66,0,4,46,2,52,10,40,66,2,118,18,0,18,136
05/01/2013,MFR,OR,ANM,WE,Federal Contract Tower,14,31,10,0,55,0,7,61,0,68,14,38,71,0,123,28,0,28,151
05/02/2013,MFR,OR,ANM,WE,Federal Contract Tower,21,33,14,0,68,0,3,49,0,52,21,36,63,0,120,22,0,22,142
05/03/2013,MFR,OR,ANM,WE,Federal Contract Tower,12,32,9,1,54,0,4,68,1,73,12,36,77,2,127,26,0,26,153
05/04/2013,MFR,OR,ANM,WE,Federal Contract Tower,12,14,4,0,30,0,3,55,0,58,12,17,59,0,88,10,0,10,98
05/05/2013,MFR,OR,ANM,WE,Federal Contract Tower,18,20,5,0,43,0,4,43,0,47,18,24,48,0,90,22,0,22,112
05/06/2013,MFR,OR,ANM,WE,Federal Contract Tower,12,28,7,1,48,0,9,42,0,51,12,37,49,1,99,46,0,46,145
05/07/2013,MFR,OR,ANM,WE,Federal Contract Tower,14,33,17,0,64,0,12,25,0,37,14,45,42,0,101,16,0,16,117
05/08/2013,MFR,OR,ANM,WE,Federal Contract Tower,11,25,11,0,47,1,5,31,2,39,12,30,42,2,86,20,0,20,106
05/09/2013,MFR,OR,ANM,WE,Federal Contract Tower,19,27,12,0,58,0,10,55,2,67,19,37,67,2,125,36,0,36,161
05/10/2013,MFR,OR,ANM,WE,Federal Contract Tower,17,24,7,0,48,0,15,51,0,66,17,39,58,0,114,14,0,14,128
05/11/2013,MFR,OR,ANM,WE,Federal Contract Tower,7,20,12,0,39,0,9,43,0,52,7,29,55,0,91,2,0,2,93
05/12/2013,MFR,OR,ANM,WE,Federal Contract Tower,16,22,9,0,47,0,5,23,0,28,16,27,32,0,75,12,0,12,87
05/13/2013,MFR,OR,ANM,WE,Federal Contract Tower,12,27,13,0,52,0,3,40,0,43,12,30,53,0,95,36,0,36,131
05/14/2013,MFR,OR,ANM,WE,Federal Contract Tower,16,28,8,1,53,0,7,45,0,52,16,35,53,1,105,20,2,22,127
05/15/2013,MFR,OR,ANM,WE,Federal Contract Tower,10,28,14,2,54,0,1,37,0,38,10,29,51,2,92,18,0,18,110
05/16/2013,MFR,OR,ANM,WE,Federal Contract Tower,24,22,11,0,57,0,0,25,0,25,24,22,36,0,82,8,0,8,90
05/17/2013,MFR,OR,ANM,WE,Federal Contract Tower,14,24,17,2,57,0,1,47,0,48,14,25,64,2,105,10,0,10,115
05/18/2013,MFR,OR,ANM,WE,Federal Contract Tower,7,24,12,0,43,0,9,47,0,56,7,33,59,0,99,66,0,66,165
05/19/2013,MFR,OR,ANM,WE,Federal Contract Tower,18,19,17,0,54,0,0,54,0,54,18,19,71,0,108,8,0,8,116
05/20/2013,MFR,OR,ANM,WE,Federal Contract Tower,11,24,19,3,57,0,6,52,3,61,11,30,71,6,118,32,4,36,154
05/21/2013,MFR,OR,ANM,WE,Federal Contract Tower,14,37,32,2,85,0,1,27,1,29,14,38,59,3,114,0,14,14,128
05/22/2013,MFR,OR,ANM,WE,Federal Contract Tower,12,28,20,0,60,0,4,12,0,16,12,32,32,0,76,8,0,8,84
05/23/2013,MFR,OR,ANM,WE,Federal Contract Tower,22,23,11,0,56,0,3,32,0,35,22,26,43,0,91,16,0,16,107
05/24/2013,MFR,OR,ANM,WE,Federal Contract Tower,12,31,15,0,58,0,1,48,0,49,12,32,63,0,107,8,0,8,115
05/25/2013,MFR,OR,ANM,WE,Federal Contract Tower,11,18,10,0,39,0,11,56,0,67,11,29,66,0,106,4,0,4,110
05/26/2013,MFR,OR,ANM,WE,Federal Contract Tower,16,19,9,0,44,0,1,7,0,8,16,20,16,0,52,0,0,0,52
05/27/2013,MFR,OR,ANM,WE,Federal Contract Tower,10,23,10,0,43,0,0,13,0,13,10,23,23,0,56,12,0,12,68
05/28/2013,MFR,OR,ANM,WE,Federal Contract Tower,16,26,16,0,58,0,2,26,0,28,16,28,42,0,86,0,0,0,86
05/29/2013,MFR,OR,ANM,WE,Federal Contract Tower,14,30,14,3,61,0,2,14,1,17,14,32,28,4,78,10,20,30,108
05/30/2013,MFR,OR,ANM,WE,Federal Contract Tower,18,26,7,0,51,0,6,30,0,36,18,32,37,0,87,22,0,22,109
05/31/2013,MFR,OR,ANM,WE,Federal Contract Tower,12,28,9,0,49,0,17,59,0,76,12,45,68,0,125,8,0,8,133
06/01/2013,MFR,OR,ANM,WE,Federal Contract Tower,8,16,6,0,30,0,2,65,0,67,8,18,71,0,97,30,0,30,127
06/02/2013,MFR,OR,ANM,WE,Federal Contract Tower,17,17,14,0,48,0,1,56,0,57,17,18,70,0,105,32,0,32,137
06/03/2013,MFR,OR,ANM,WE,Federal Contract Tower,11,30,4,0,45,0,10,35,0,45,11,40,39,0,90,10,0,10,100
06/04/2013,MFR,OR,ANM,WE,Federal Contract Tower,12,35,21,0,68,0,9,38,2,49,12,44,59,2,117,28,0,28,145
06/05/2013,MFR,OR,ANM,WE,Federal Contract Tower,11,28,16,0,55,0,12,38,0,50,11,40,54,0,105,18,0,18,123
06/06/2013,MFR,OR,ANM,WE,Federal Contract Tower,19,24,14,0,57,0,8,53,6,67,19,32,67,6,124,56,0,56,180
06/07/2013,MFR,OR,ANM,WE,Federal Contract Tower,11,26,30,0,67,0,7,38,0,45,11,33,68,0,112,14,0,14,126
06/08/2013,MFR,OR,ANM,WE,Federal Contract Tower,8,14,9,0,31,0,4,47,0,51,8,18,56,0,82,34,0,34,116
06/09/2013,MFR,OR,ANM,WE,Federal Contract Tower,19,22,22,0,63,0,0,41,0,41,19,22,63,0,104,2,0,2,106
06/10/2013,MFR,OR,ANM,WE,Federal Contract Tower,13,27,7,0,47,0,9,35,0,44,13,36,42,0,91,22,0,22,113
06/11/2013,MFR,OR,ANM,WE,Federal Contract Tower,17,26,18,2,63,0,5,45,1,51,17,31,63,3,114,8,0,8,122
06/12/2013,MFR,OR,ANM,WE,Federal Contract Tower,13,30,15,1,59,0,10,35,0,45,13,40,50,1,104,14,2,16,120
06/13/2013,MFR,OR,ANM,WE,Federal Contract Tower,21,32,22,3,78,0,5,35,1,41,21,37,57,4,119,6,0,6,125
06/14/2013,MFR,OR,ANM,WE,Federal Contract Tower,15,33,19,0,67,0,4,37,0,41,15,37,56,0,108,32,0,32,140
06/15/2013,MFR,OR,ANM,WE,Federal Contract Tower,14,24,17,0,55,0,8,82,0,90,14,32,99,0,145,62,0,62,207
06/16/2013,MFR,OR,ANM,WE,Federal Contract Tower,21,18,7,0,46,0,1,36,0,37,21,19,43,0,83,36,0,36,119
06/17/2013,MFR,OR,ANM,WE,Federal Contract Tower,12,22,14,0,48,0,11,39,0,50,12,33,53,0,98,34,0,34,132
06/18/2013,MFR,OR,ANM,WE,Federal Contract Tower,13,27,16,2,58,0,4,31,0,35,13,31,47,2,93,26,0,26,119
06/19/2013,MFR,OR,ANM,WE,Federal Contract Tower,16,26,10,0,52,0,2,18,0,20,16,28,28,0,72,22,0,22,94
06/20/2013,MFR,OR,ANM,WE,Federal Contract Tower,22,29,11,6,68,0,10,58,0,68,22,39,69,6,136,30,0,30,166
06/21/2013,MFR,OR,ANM,WE,Federal Contract Tower,13,29,17,0,59,0,3,69,0,72,13,32,86,0,131,44,0,44,175
06/22/2013,MFR,OR,ANM,WE,Federal Contract Tower,15,20,22,0,57,0,7,65,0,72,15,27,87,0,129,8,0,8,137
06/23/2013,MFR,OR,ANM,WE,Federal Contract Tower,20,11,12,0,43,0,0,25,0,25,20,11,37,0,68,30,0,30,98
06/24/2013,MFR,OR,ANM,WE,Federal Contract Tower,13,26,18,0,57,0,0,16,0,16,13,26,34,0,73,10,0,10,83
06/25/2013,MFR,OR,ANM,WE,Federal Contract Tower,16,32,16,0,64,0,0,21,0,21,16,32,37,0,85,28,0,28,113
06/26/2013,MFR,OR,ANM,WE,Federal Contract Tower,17,29,17,1,64,0,3,1,0,4,17,32,18,1,68,0,0,0,68
06/27/2013,MFR,OR,ANM,WE,Federal Contract Tower,19,23,19,0,61,0,5,68,0,73,19,28,87,0,134,36,0,36,170
06/28/2013,MFR,OR,ANM,WE,Federal Contract Tower,13,23,16,0,52,0,8,62,0,70,13,31,78,0,122,46,0,46,168
06/29/2013,MFR,OR,ANM,WE,Federal Contract Tower,14,16,12,0,42,0,10,81,0,91,14,26,93,0,133,62,0,62,195
06/30/2013,MFR,OR,ANM,WE,Federal Contract Tower,19,20,15,0,54,0,9,42,0,51,19,29,57,0,105,2,0,2,107
07/01/2013,MFR,OR,ANM,WE,Federal Contract Tower,14,29,10,0,53,0,8,35,0,43,14,37,45,0,96,20,0,20,116
07/02/2013,MFR,OR,ANM,WE,Federal Contract Tower,19,28,17,0,64,0,7,45,0,52,19,35,62,0,116,16,0,16,132
07/03/2013,MFR,OR,ANM,WE,Federal Contract Tower,21,30,13,0,64,0,9,65,0,74,21,39,78,0,138,30,0,30,168
07/04/2013,MFR,OR,ANM,WE,Federal Contract Tower,20,17,7,0,44,0,14,56,0,70,20,31,63,0,114,18,0,18,132
07/05/2013,MFR,OR,ANM,WE,Federal Contract Tower,12,27,9,0,48,0,34,56,0,90,12,61,65,0,138,42,0,42,180
07/06/2013,MFR,OR,ANM,WE,Federal Contract Tower,16,10,15,0,41,0,8,74,0,82,16,18,89,0,123,36,0,36,159
07/07/2013,MFR,OR,ANM,WE,Federal Contract Tower,20,20,12,0,52,0,1,60,0,61,20,21,72,0,113,26,0,26,139
07/08/2013,MFR,OR,ANM,WE,Federal Contract Tower,15,23,18,0,56,0,19,48,0,67,15,42,66,0,123,6,0,6,129
07/09/2013,MFR,OR,ANM,WE,Federal Contract Tower,15,26,9,0,50,0,7,38,0,45,15,33,47,0,95,8,0,8,103
07/10/2013,MFR,OR,ANM,WE,Federal Contract Tower,17,28,12,0,57,0,4,47,0,51,17,32,59,0,108,22,0,22,130
07/11/2013,MFR,OR,ANM,WE,Federal Contract Tower,24,17,12,0,53,0,6,52,0,58,24,23,64,0,111,8,0,8,119
07/12/2013,MFR,OR,ANM,WE,Federal Contract Tower,17,20,0,12,49,0,6,63,0,69,17,26,63,12,118,36,0,36,154
07/13/2013,MFR,OR,ANM,WE,Federal Contract Tower,13,19,15,0,47,0,0,0,0,0,13,19,15,0,47,34,0,34,81
07/14/2013,MFR,OR,ANM,WE,Federal Contract Tower,17,16,16,0,49,0,1,47,0,48,17,17,63,0,97,24,0,24,121
07/15/2013,MFR,OR,ANM,WE,Federal Contract Tower,12,29,7,0,48,0,12,45,0,57,12,41,52,0,105,14,0,14,119
07/16/2013,MFR,OR,ANM,WE,Federal Contract Tower,13,35,18,0,66,0,13,49,0,62,13,48,67,0,128,28,0,28,156
07/17/2013,MFR,OR,ANM,WE,Federal Contract Tower,17,24,16,0,57,0,8,60,0,68,17,32,76,0,125,6,0,6,131
07/18/2013,MFR,OR,ANM,WE,Federal Contract Tower,23,27,19,4,73,0,7,89,0,96,23,34,108,4,169,36,0,36,205
07/19/2013,MFR,OR,ANM,WE,Federal Contract Tower,14,27,16,0,57,0,34,81,0,115,14,61,97,0,172,4,0,4,176
07/20/2013,MFR,OR,ANM,WE,Federal Contract Tower,12,26,11,0,49,0,25,65,0,90,12,51,76,0,139,18,0,18,157
07/21/2013,MFR,OR,ANM,WE,Federal Contract Tower,19,25,11,0,55,0,2,54,0,56,19,27,65,0,111,2,0,2,113
07/22/2013,MFR,OR,ANM,WE,Federal Contract Tower,12,28,18,0,58,0,7,57,2,66,12,35,75,2,124,30,0,30,154
07/23/2013,MFR,OR,ANM,WE,Federal Contract Tower,13,33,10,2,58,0,7,64,2,73,13,40,74,4,131,36,0,36,167
07/24/2013,MFR,OR,ANM,WE,Federal Contract Tower,18,30,16,0,64,0,4,82,0,86,18,34,98,0,150,68,0,68,218
07/25/2013,MFR,OR,ANM,WE,Federal Contract Tower,24,24,8,2,58,0,9,78,0,87,24,33,86,2,145,62,0,62,207
07/26/2013,MFR,OR,ANM,WE,Federal Contract Tower,17,25,18,0,60,0,75,100,0,175,17,100,118,0,235,32,0,32,267
07/27/2013,MFR,OR,ANM,WE,Federal Contract Tower,15,26,9,2,52,0,82,102,4,188,15,108,111,6,240,34,0,34,274
07/28/2013,MFR,OR,ANM,WE,Federal Contract Tower,20,19,17,0,56,0,63,67,2,132,20,82,84,2,188,4,0,4,192
07/29/2013,MFR,OR,ANM,WE,Federal Contract Tower,15,23,11,0,49,0,30,54,0,84,15,53,65,0,133,14,0,14,147
07/30/2013,MFR,OR,ANM,WE,Federal Contract Tower,13,42,21,3,79,0,2,2,0,4,13,44,23,3,83,2,0,2,85
07/31/2013,MFR,OR,ANM,WE,Federal Contract Tower,13,38,27,1,79,0,0,0,0,0,13,38,27,1,79,0,2,2,81
08/01/2013,MFR,OR,ANM,WE,Federal Contract Tower,18,33,24,0,75,0,0,1,0,1,18,33,25,0,76,0,0,0,76
08/02/2013,MFR,OR,ANM,WE,Federal Contract Tower,18,23,19,0,60,0,1,28,0,29,18,24,47,0,89,8,0,8,97
08/03/2013,MFR,OR,ANM,WE,Federal Contract Tower,13,19,18,0,50,0,15,31,0,46,13,34,49,0,96,34,0,34,130
08/04/2013,MFR,OR,ANM,WE,Federal Contract Tower,19,21,9,0,49,0,2,33,0,35,19,23,42,0,84,0,0,0,84
08/05/2013,MFR,OR,ANM,WE,Federal Contract Tower,13,30,22,0,65,0,15,17,0,32,13,45,39,0,97,18,0,18,115
08/06/2013,MFR,OR,ANM,WE,Federal Contract Tower,14,32,16,0,62,0,0,12,0,12,14,32,28,0,74,6,0,6,80
08/07/2013,MFR,OR,ANM,WE,Federal Contract Tower,15,39,29,0,83,0,1,10,0,11,15,40,39,0,94,0,0,0,94
08/08/2013,MFR,OR,ANM,WE,Federal Contract Tower,22,25,27,0,74,0,4,30,0,34,22,29,57,0,108,0,0,0,108
08/09/2013,MFR,OR,ANM,WE,Federal Contract Tower,15,27,9,0,51,0,13,31,0,44,15,40,40,0,95,52,0,52,147
08/10/2013,MFR,OR,ANM,WE,Federal Contract Tower,14,26,9,0,49,0,12,19,0,31,14,38,28,0,80,40,0,40,120
08/11/2013,MFR,OR,ANM,WE,Federal Contract Tower,16,20,15,0,51,0,6,35,0,41,16,26,50,0,92,18,0,18,110
08/12/2013,MFR,OR,ANM,WE,Federal Contract Tower,13,31,5,0,49,0,2,39,0,41,13,33,44,0,90,18,0,18,108
08/13/2013,MFR,OR,ANM,WE,Federal Contract Tower,12,35,16,0,63,0,16,47,0,63,12,51,63,0,126,58,0,58,184
08/14/2013,MFR,OR,ANM,WE,Federal Contract Tower,15,29,19,1,64,0,7,58,0,65,15,36,77,1,129,50,2,52,181
08/15/2013,MFR,OR,ANM,WE,Federal Contract Tower,17,33,14,0,64,0,9,42,0,51,17,42,56,0,115,24,0,24,139
08/16/2013,MFR,OR,ANM,WE,Federal Contract Tower,17,27,12,0,56,0,11,61,2,74,17,38,73,2,130,42,0,42,172
08/17/2013,MFR,OR,ANM,WE,Federal Contract Tower,13,20,14,0,47,0,4,58,0,62,13,24,72,0,109,14,0,14,123
08/18/2013,MFR,OR,ANM,WE,Federal Contract Tower,18,19,13,0,50,0,0,49,0,49,18,19,62,0,99,16,0,16,115
08/19/2013,MFR,OR,ANM,WE,Federal Contract Tower,14,31,14,0,59,0,10,27,0,37,14,41,41,0,96,20,0,20,116
08/20/2013,MFR,OR,ANM,WE,Federal Contract Tower,16,28,15,0,59,0,18,42,0,60,16,46,57,0,119,30,0,30,149
08/21/2013,MFR,OR,ANM,WE,Federal Contract Tower,15,23,8,1,47,0,7,31,1,39,15,30,39,2,86,14,0,14,100
08/22/2013,MFR,OR,ANM,WE,Federal Contract Tower,17,26,8,0,51,0,16,27,0,43,17,42,35,0,94,12,0,12,106
08/23/2013,MFR,OR,ANM,WE,Federal Contract Tower,18,28,10,0,56,0,16,51,0,67,18,44,61,0,123,4,0,4,127
08/24/2013,MFR,OR,ANM,WE,Federal Contract Tower,14,21,4,0,39,0,13,51,0,64,14,34,55,0,103,6,0,6,109
08/25/2013,MFR,OR,ANM,WE,Federal Contract Tower,14,19,16,0,49,0,4,7,0,11,14,23,23,0,60,0,0,0,60
08/26/2013,MFR,OR,ANM,WE,Federal Contract Tower,14,21,27,0,62,0,10,44,0,54,14,31,71,0,116,4,0,4,120
08/27/2013,MFR,OR,ANM,WE,Federal Contract Tower,15,23,14,0,52,0,18,60,0,78,15,41,74,0,130,36,0,36,166
08/28/2013,MFR,OR,ANM,WE,Federal Contract Tower,15,28,15,0,58,0,8,41,0,49,15,36,56,0,107,4,0,4,111
08/29/2013,MFR,OR,ANM,WE,Federal Contract Tower,19,29,17,1,66,0,9,58,0,67,19,38,75,1,133,4,2,6,139
08/30/2013,MFR,OR,ANM,WE,Federal Contract Tower,15,25,15,0,55,0,15,54,0,69,15,40,69,0,124,6,0,6,130
08/31/2013,MFR,OR,ANM,WE,Federal Contract Tower,16,14,16,0,46,0,4,73,0,77,16,18,89,0,123,44,0,44,167
09/01/2013,MFR,OR,ANM,WE,Federal Contract Tower,17,8,7,0,32,0,4,32,0,36,17,12,39,0,68,12,0,12,80
09/02/2013,MFR,OR,ANM,WE,Federal Contract Tower,15,13,16,0,44,0,0,52,0,52,15,13,68,0,96,12,0,12,108
09/03/2013,MFR,OR,ANM,WE,Federal Contract Tower,15,24,21,0,60,0,5,36,0,41,15,29,57,0,101,6,0,6,107
09/04/2013,MFR,OR,ANM,WE,Federal Contract Tower,13,30,12,1,56,0,10,43,0,53,13,40,55,1,109,28,2,30,139
09/05/2013,MFR,OR,ANM,WE,Federal Contract Tower,17,31,16,0,64,0,0,7,0,7,17,31,23,0,71,0,0,0,71
09/06/2013,MFR,OR,ANM,WE,Federal Contract Tower,13,30,14,0,57,0,5,35,0,40,13,35,49,0,97,16,0,16,113
09/07/2013,MFR,OR,ANM,WE,Federal Contract Tower,12,21,14,3,50,0,27,69,0,96,12,48,83,3,146,18,0,18,164
09/08/2013,MFR,OR,ANM,WE,Federal Contract Tower,16,11,19,0,46,0,0,46,0,46,16,11,65,0,92,20,0,20,112
09/09/2013,MFR,OR,ANM,WE,Federal Contract Tower,17,24,12,0,53,0,3,38,0,41,17,27,50,0,94,12,0,12,106
09/10/2013,MFR,OR,ANM,WE,Federal Contract Tower,16,23,10,1,50,0,10,68,0,78,16,33,78,1,128,20,0,20,148
09/11/2013,MFR,OR,ANM,WE,Federal Contract Tower,14,23,14,0,51,0,17,38,0,55,14,40,52,0,106,6,0,6,112
09/12/2013,MFR,OR,ANM,WE,Federal Contract Tower,16,31,15,1,63,0,10,41,1,52,16,41,56,2,115,8,0,8,123
09/13/2013,MFR,OR,ANM,WE,Federal Contract Tower,14,22,11,0,47,0,29,47,0,76,14,51,58,0,123,18,0,18,141
09/14/2013,MFR,OR,ANM,WE,Federal Contract Tower,11,15,12,0,38,0,6,40,0,46,11,21,52,0,84,4,0,4,88
09/15/2013,MFR,OR,ANM,WE,Federal Contract Tower,14,27,20,0,61,0,3,42,0,45,14,30,62,0,106,0,0,0,106
09/16/2013,MFR,OR,ANM,WE,Federal Contract Tower,15,24,14,0,53,0,10,42,0,52,15,34,56,0,105,16,0,16,121
09/17/2013,MFR,OR,ANM,WE,Federal Contract Tower,14,25,13,0,52,0,4,15,0,19,14,29,28,0,71,8,0,8,79
09/18/2013,MFR,OR,ANM,WE,Federal Contract Tower,14,28,17,3,62,0,3,22,0,25,14,31,39,3,87,8,6,14,101
09/19/2013,MFR,OR,ANM,WE,Federal Contract Tower,16,25,20,0,61,0,9,55,5,69,16,34,75,5,130,0,0,0,130
09/20/2013,MFR,OR,ANM,WE,Federal Contract Tower,13,20,20,0,53,0,9,15,0,24,13,29,35,0,77,10,0,10,87
09/21/2013,MFR,OR,ANM,WE,Federal Contract Tower,10,20,8,0,38,0,0,16,0,16,10,20,24,0,54,12,0,12,66
09/22/2013,MFR,OR,ANM,WE,Federal Contract Tower,13,21,15,0,49,11,0,0,0,11,24,21,15,0,60,20,0,20,80
09/23/2013,MFR,OR,ANM,WE,Federal Contract Tower,17,33,8,1,59,0,2,16,0,18,17,35,24,1,77,8,0,8,85
09/24/2013,MFR,OR,ANM,WE,Federal Contract Tower,17,30,19,0,66,0,1,17,0,18,17,31,36,0,84,2,0,2,86
09/25/2013,MFR,OR,ANM,WE,Federal Contract Tower,14,31,15,0,60,0,1,16,0,17,14,32,31,0,77,6,0,6,83
09/26/2013,MFR,OR,ANM,WE,Federal Contract Tower,18,29,14,0,61,0,6,47,0,53,18,35,61,0,114,28,0,28,142
09/27/2013,MFR,OR,ANM,WE,Federal Contract Tower,13,30,15,0,58,0,6,49,0,55,13,36,64,0,113,16,0,16,129
09/28/2013,MFR,OR,ANM,WE,Federal Contract Tower,13,24,7,0,44,0,1,24,0,25,13,25,31,0,69,6,0,6,75
09/29/2013,MFR,OR,ANM,WE,Federal Contract Tower,19,18,5,0,42,0,0,5,0,5,19,18,10,0,47,0,0,0,47
09/30/2013,MFR,OR,ANM,WE,Federal Contract Tower,14,25,11,0,50,0,2,11,0,13,14,27,22,0,63,0,0,0,63
10/01/2013,MFR,OR,ANM,WE,Federal Contract Tower,12,39,17,0,68,0,0,7,0,7,12,39,24,0,75,8,0,8,83
10/02/2013,MFR,OR,ANM,WE,Federal Contract Tower,13,29,18,0,60,0,2,19,0,21,13,31,37,0,81,8,0,8,89
10/03/2013,MFR,OR,ANM,WE,Federal Contract Tower,14,39,21,0,74,0,6,45,1,52,14,45,66,1,126,42,0,42,168
10/04/2013,MFR,OR,ANM,WE,Federal Contract Tower,16,36,16,0,68,0,3,52,0,55,16,39,68,0,123,26,0,26,149
10/05/2013,MFR,OR,ANM,WE,Federal Contract Tower,9,24,1,0,34,0,2,39,0,41,9,26,40,0,75,20,0,20,95
10/06/2013,MFR,OR,ANM,WE,Federal Contract Tower,19,19,9,0,47,0,1,59,0,60,19,20,68,0,107,44,0,44,151
10/07/2013,MFR,OR,ANM,WE,Federal Contract Tower,14,22,20,0,56,0,3,30,0,33,14,25,50,0,89,20,0,20,109
10/08/2013,MFR,OR,ANM,WE,Federal Contract Tower,14,25,16,0,55,0,0,11,0,11,14,25,27,0,66,6,0,6,72
10/09/2013,MFR,OR,ANM,WE,Federal Contract Tower,11,36,17,0,64,0,1,23,0,24,11,37,40,0,88,20,0,20,108
10/10/2013,MFR,OR,ANM,WE,Federal Contract Tower,14,34,20,0,68,0,2,43,0,45,14,36,63,0,113,20,0,20,133
10/11/2013,MFR,OR,ANM,WE,Federal Contract Tower,13,30,7,0,50,0,4,54,0,58,13,34,61,0,108,4,0,4,112
10/12/2013,MFR,OR,ANM,WE,Federal Contract Tower,9,24,14,0,47,0,0,29,0,29,9,24,43,0,76,36,0,36,112
10/13/2013,MFR,OR,ANM,WE,Federal Contract Tower,17,18,5,0,40,0,0,37,0,37,17,18,42,0,77,26,0,26,103
10/14/2013,MFR,OR,ANM,WE,Federal Contract Tower,13,29,11,0,53,0,2,38,0,40,13,31,49,0,93,2,0,2,95
10/15/2013,MFR,OR,ANM,WE,Federal Contract Tower,15,33,6,0,54,0,3,22,0,25,15,36,28,0,79,12,0,12,91
10/16/2013,MFR,OR,ANM,WE,Federal Contract Tower,12,28,20,0,60,0,14,43,0,57,12,42,63,0,117,18,0,18,135
10/17/2013,MFR,OR,ANM,WE,Federal Contract Tower,14,26,20,0,60,0,5,31,0,36,14,31,51,0,96,28,0,28,124
10/18/2013,MFR,OR,ANM,WE,Federal Contract Tower,14,35,15,0,64,0,6,32,0,38,14,41,47,0,102,22,0,22,124
10/19/2013,MFR,OR,ANM,WE,Federal Contract Tower,12,22,9,0,43,0,3,53,0,56,12,25,62,0,99,32,0,32,131
10/20/2013,MFR,OR,ANM,WE,Federal Contract Tower,21,18,19,7,65,0,2,50,0,52,21,20,69,7,117,32,0,32,149
10/21/2013,MFR,OR,ANM,WE,Federal Contract Tower,14,29,20,0,63,0,3,39,0,42,14,32,59,0,105,16,0,16,121
10/22/2013,MFR,OR,ANM,WE,Federal Contract Tower,15,31,20,0,66,0,15,52,0,67,15,46,72,0,133,10,0,10,143
10/23/2013,MFR,OR,ANM,WE,Federal Contract Tower,12,30,11,2,55,0,8,33,0,41,12,38,44,2,96,0,0,0,96
10/24/2013,MFR,OR,ANM,WE,Federal Contract Tower,14,32,9,0,55,0,7,32,0,39,14,39,41,0,94,28,0,28,122
10/25/2013,MFR,OR,ANM,WE,Federal Contract Tower,13,35,7,0,55,0,9,31,0,40,13,44,38,0,95,0,0,0,95
10/26/2013,MFR,OR,ANM,WE,Federal Contract Tower,9,18,11,0,38,0,4,37,0,41,9,22,48,0,79,8,0,8,87
10/27/2013,MFR,OR,ANM,WE,Federal Contract Tower,19,9,11,0,39,0,0,16,0,16,19,9,27,0,55,10,0,10,65
10/28/2013,MFR,OR,ANM,WE,Federal Contract Tower,14,29,9,2,54,0,1,14,0,15,14,30,23,2,69,22,0,22,91
10/29/2013,MFR,OR,ANM,WE,Federal Contract Tower,12,25,15,4,56,0,11,51,4,66,12,36,66,8,122,24,0,24,146
10/30/2013,MFR,OR,ANM,WE,Federal Contract Tower,12,28,14,0,54,0,2,34,0,36,12,30,48,0,90,18,0,18,108
10/31/2013,MFR,OR,ANM,WE,Federal Contract Tower,15,32,10,0,57,0,6,33,0,39,15,38,43,0,96,26,0,26,122
11/01/2013,MFR,OR,ANM,WE,Federal Contract Tower,16,34,13,0,63,0,6,27,0,33,16,40,40,0,96,6,0,6,102
11/02/2013,MFR,OR,ANM,WE,Federal Contract Tower,9,25,3,0,37,0,0,5,0,5,9,25,8,0,42,0,0,0,42
11/03/2013,MFR,OR,ANM,WE,Federal Contract Tower,20,12,11,0,43,0,0,3,0,3,20,12,14,0,46,6,0,6,52
11/04/2013,MFR,OR,ANM,WE,Federal Contract Tower,15,28,13,0,56,0,3,6,0,9,15,31,19,0,65,0,0,0,65
11/05/2013,MFR,OR,ANM,WE,Federal Contract Tower,15,28,15,0,58,0,0,7,0,7,15,28,22,0,65,12,0,12,77
11/06/2013,MFR,OR,ANM,WE,Federal Contract Tower,14,28,12,0,54,0,0,3,0,3,14,28,15,0,57,0,0,0,57
11/07/2013,MFR,OR,ANM,WE,Federal Contract Tower,17,33,18,0,68,0,2,4,0,6,17,35,22,0,74,2,0,2,76
11/08/2013,MFR,OR,ANM,WE,Federal Contract Tower,13,27,11,10,61,0,0,20,0,20,13,27,31,10,81,0,0,0,81
11/09/2013,MFR,OR,ANM,WE,Federal Contract Tower,12,15,9,0,36,0,5,26,0,31,12,20,35,0,67,26,0,26,93
11/10/2013,MFR,OR,ANM,WE,Federal Contract Tower,17,10,9,0,36,0,0,13,0,13,17,10,22,0,49,0,0,0,49
11/11/2013,MFR,OR,ANM,WE,Federal Contract Tower,15,21,14,0,50,0,1,16,0,17,15,22,30,0,67,8,0,8,75
11/12/2013,MFR,OR,ANM,WE,Federal Contract Tower,19,24,13,0,56,0,3,9,0,12,19,27,22,0,68,2,0,2,70
11/13/2013,MFR,OR,ANM,WE,Federal Contract Tower,13,32,27,0,72,0,0,18,0,18,13,32,45,0,90,20,0,20,110
11/14/2013,MFR,OR,ANM,WE,Federal Contract Tower,17,27,24,8,76,0,0,9,2,11,17,27,33,10,87,6,0,6,93
11/15/2013,MFR,OR,ANM,WE,Federal Contract Tower,15,27,17,6,65,0,2,25,5,32,15,29,42,11,97,18,18,36,133
11/16/2013,MFR,OR,ANM,WE,Federal Contract Tower,11,15,8,0,34,0,0,6,0,6,11,15,14,0,40,14,0,14,54
11/17/2013,MFR,OR,ANM,WE,Federal Contract Tower,19,13,15,0,47,0,2,40,0,42,19,15,55,0,89,20,0,20,109
11/18/2013,MFR,OR,ANM,WE,Federal Contract Tower,14,26,9,4,53,0,4,16,0,20,14,30,25,4,73,10,0,10,83
11/19/2013,MFR,OR,ANM,WE,Federal Contract Tower,15,28,31,0,74,0,0,0,0,0,15,28,31,0,74,0,0,0,74
11/20/2013,MFR,OR,ANM,WE,Federal Contract Tower,13,26,13,0,52,0,0,16,0,16,13,26,29,0,68,0,0,0,68
11/21/2013,MFR,OR,ANM,WE,Federal Contract Tower,16,29,24,0,69,0,2,24,0,26,16,31,48,0,95,18,0,18,113
11/22/2013,MFR,OR,ANM,WE,Federal Contract Tower,15,24,10,0,49,0,0,32,0,32,15,24,42,0,81,10,0,10,91
11/23/2013,MFR,OR,ANM,WE,Federal Contract Tower,12,15,12,0,39,0,0,29,0,29,12,15,41,0,68,12,0,12,80
11/24/2013,MFR,OR,ANM,WE,Federal Contract Tower,20,12,7,0,39,0,5,40,0,45,20,17,47,0,84,18,0,18,102
11/25/2013,MFR,OR,ANM,WE,Federal Contract Tower,14,34,14,0,62,0,6,41,0,47,14,40,55,0,109,24,0,24,133
11/26/2013,MFR,OR,ANM,WE,Federal Contract Tower,14,32,19,2,67,0,0,32,0,32,14,32,51,2,99,14,0,14,113
11/27/2013,MFR,OR,ANM,WE,Federal Contract Tower,17,30,12,2,61,0,2,36,0,38,17,32,48,2,99,46,0,46,145
11/28/2013,MFR,OR,ANM,WE,Federal Contract Tower,19,14,7,0,40,0,0,7,0,7,19,14,14,0,47,0,0,0,47
11/29/2013,MFR,OR,ANM,WE,Federal Contract Tower,13,21,17,0,51,0,1,29,0,30,13,22,46,0,81,30,0,30,111
11/30/2013,MFR,OR,ANM,WE,Federal Contract Tower,13,21,9,0,43,0,1,36,0,37,13,22,45,0,80,36,0,36,116
12/01/2013,MFR,OR,ANM,WE,Federal Contract Tower,18,16,12,0,46,0,1,12,0,13,18,17,24,0,59,10,0,10,69
12/02/2013,MFR,OR,ANM,WE,Federal Contract Tower,17,26,14,0,57,0,0,4,0,4,17,26,18,0,61,0,0,0,61
12/03/2013,MFR,OR,ANM,WE,Federal Contract Tower,16,30,9,0,55,0,0,13,0,13,16,30,22,0,68,6,0,6,74
12/04/2013,MFR,OR,ANM,WE,Federal Contract Tower,14,27,9,0,50,0,9,19,0,28,14,36,28,0,78,12,0,12,90
12/05/2013,MFR,OR,ANM,WE,Federal Contract Tower,20,29,18,2,69,0,0,17,0,17,20,29,35,2,86,10,0,10,96
12/06/2013,MFR,OR,ANM,WE,Federal Contract Tower,12,17,12,2,43,0,0,0,0,0,12,17,12,2,43,0,0,0,43
12/07/2013,MFR,OR,ANM,WE,Federal Contract Tower,8,22,11,0,41,0,4,8,0,12,8,26,19,0,53,0,0,0,53
12/08/2013,MFR,OR,ANM,WE,Federal Contract Tower,17,11,11,0,39,0,4,13,0,17,17,15,24,0,56,4,0,4,60
12/09/2013,MFR,OR,ANM,WE,Federal Contract Tower,16,26,7,0,49,0,0,13,2,15,16,26,20,2,64,12,0,12,76
12/10/2013,MFR,OR,ANM,WE,Federal Contract Tower,15,30,12,0,57,0,5,18,2,25,15,35,30,2,82,24,0,24,106
12/11/2013,MFR,OR,ANM,WE,Federal Contract Tower,14,31,6,0,51,0,2,15,2,19,14,33,21,2,70,10,0,10,80
12/12/2013,MFR,OR,ANM,WE,Federal Contract Tower,19,31,7,0,57,0,0,8,0,8,19,31,15,0,65,0,0,0,65
12/13/2013,MFR,OR,ANM,WE,Federal Contract Tower,14,24,10,0,48,0,0,23,1,24,14,24,33,1,72,30,0,30,102
12/14/2013,MFR,OR,ANM,WE,Federal Contract Tower,9,14,17,0,40,0,0,0,0,0,9,14,17,0,40,0,0,0,40
12/15/2013,MFR,OR,ANM,WE,Federal Contract Tower,12,5,6,0,23,0,0,0,0,0,12,5,6,0,23,0,0,0,23
12/16/2013,MFR,OR,ANM,WE,Federal Contract Tower,10,15,8,1,34,0,0,0,0,0,10,15,8,1,34,0,0,0,34
12/17/2013,MFR,OR,ANM,WE,Federal Contract Tower,9,11,17,0,37,0,0,0,0,0,9,11,17,0,37,0,0,0,37
12/18/2013,MFR,OR,ANM,WE,Federal Contract Tower,12,21,14,0,47,0,0,5,0,5,12,21,19,0,52,0,0,0,52
12/19/2013,MFR,OR,ANM,WE,Federal Contract Tower,16,31,12,2,61,0,2,39,0,41,16,33,51,2,102,10,0,10,112
12/20/2013,MFR,OR,ANM,WE,Federal Contract Tower,12,33,21,0,66,0,0,16,0,16,12,33,37,0,82,6,0,6,88
12/21/2013,MFR,OR,ANM,WE,Federal Contract Tower,11,17,2,0,30,0,0,13,0,13,11,17,15,0,43,2,0,2,45
12/22/2013,MFR,OR,ANM,WE,Federal Contract Tower,19,14,12,0,45,0,2,25,0,27,19,16,37,0,72,8,0,8,80
12/23/2013,MFR,OR,ANM,WE,Federal Contract Tower,14,34,15,2,65,0,0,2,0,2,14,34,17,2,67,0,0,0,67
12/24/2013,MFR,OR,ANM,WE,Federal Contract Tower,11,46,10,0,67,0,0,9,0,9,11,46,19,0,76,0,0,0,76
12/25/2013,MFR,OR,ANM,WE,Federal Contract Tower,10,12,8,0,30,0,0,0,0,0,10,12,8,0,30,0,0,0,30
12/26/2013,MFR,OR,ANM,WE,Federal Contract Tower,16,30,10,0,56,0,0,0,0,0,16,30,10,0,56,0,0,0,56
12/27/2013,MFR,OR,ANM,WE,Federal Contract Tower,12,24,14,0,50,0,0,0,0,0,12,24,14,0,50,0,0,0,50
12/28/2013,MFR,OR,ANM,WE,Federal Contract Tower,11,11,7,0,29,0,0,0,0,0,11,11,7,0,29,0,0,0,29
12/29/2013,MFR,OR,ANM,WE,Federal Contract Tower,13,13,18,0,44,0,0,3,0,3,13,13,21,0,47,0,0,0,47
12/30/2013,MFR,OR,ANM,WE,Federal Contract Tower,17,30,13,0,60,0,1,14,0,15,17,31,27,0,75,4,0,4,79
12/31/2013,MFR,OR,ANM,WE,Federal Contract Tower,11,21,6,0,38,0,0,17,0,17,11,21,23,0,55,4,0,4,59
01/01/2014,MFR,OR,ANM,WE,Federal Contract Tower,9,13,9,0,31,0,4,32,0,36,9,17,41,0,67,24,0,24,91
01/02/2014,MFR,OR,ANM,WE,Federal Contract Tower,15,35,5,0,55,0,3,41,0,44,15,38,46,0,99,34,0,34,133
01/03/2014,MFR,OR,ANM,WE,Federal Contract Tower,13,30,12,1,56,0,0,26,0,26,13,30,38,1,82,38,8,46,128
01/04/2014,MFR,OR,ANM,WE,Federal Contract Tower,10,17,9,0,36,0,2,24,0,26,10,19,33,0,62,14,0,14,76
01/05/2014,MFR,OR,ANM,WE,Federal Contract Tower,21,16,7,0,44,0,0,48,0,48,21,16,55,0,92,18,0,18,110
01/06/2014,MFR,OR,ANM,WE,Federal Contract Tower,12,27,9,0,48,0,0,19,0,19,12,27,28,0,67,6,0,6,73
01/07/2014,MFR,OR,ANM,WE,Federal Contract Tower,11,31,8,0,50,0,1,9,0,10,11,32,17,0,60,0,0,0,60
01/08/2014,MFR,OR,ANM,WE,Federal Contract Tower,11,31,5,5,52,0,8,5,6,19,11,39,10,11,71,8,4,12,83
01/09/2014,MFR,OR,ANM,WE,Federal Contract Tower,15,33,6,0,54,0,2,12,0,14,15,35,18,0,68,6,0,6,74
01/10/2014,MFR,OR,ANM,WE,Federal Contract Tower,12,31,7,0,50,0,0,4,0,4,12,31,11,0,54,0,0,0,54
01/11/2014,MFR,OR,ANM,WE,Federal Contract Tower,9,23,11,0,43,0,1,2,0,3,9,24,13,0,46,0,0,0,46
01/12/2014,MFR,OR,ANM,WE,Federal Contract Tower,15,14,11,0,40,0,0,3,0,3,15,14,14,0,43,0,0,0,43
01/13/2014,MFR,OR,ANM,WE,Federal Contract Tower,20,26,19,0,65,0,0,16,0,16,20,26,35,0,81,0,0,0,81
01/14/2014,MFR,OR,ANM,WE,Federal Contract Tower,12,43,9,0,64,0,1,27,0,28,12,44,36,0,92,36,0,36,128
01/15/2014,MFR,OR,ANM,WE,Federal Contract Tower,10,28,12,0,50,0,0,0,0,0,10,28,12,0,50,0,0,0,50
01/16/2014,MFR,OR,ANM,WE,Federal Contract Tower,18,29,22,0,69,0,0,0,0,0,18,29,22,0,69,0,0,0,69
01/17/2014,MFR,OR,ANM,WE,Federal Contract Tower,10,25,23,0,58,0,0,7,0,7,10,25,30,0,65,0,0,0,65
01/18/2014,MFR,OR,ANM,WE,Federal Contract Tower,11,16,12,0,39,0,0,0,0,0,11,16,12,0,39,0,0,0,39
01/19/2014,MFR,OR,ANM,WE,Federal Contract Tower,11,9,6,0,26,0,0,7,0,7,11,9,13,0,33,16,0,16,49
01/20/2014,MFR,OR,ANM,WE,Federal Contract Tower,9,18,14,0,41,0,1,12,0,13,9,19,26,0,54,18,0,18,72
01/21/2014,MFR,OR,ANM,WE,Federal Contract Tower,7,27,10,0,44,0,1,32,0,33,7,28,42,0,77,42,0,42,119
01/22/2014,MFR,OR,ANM,WE,Federal Contract Tower,11,32,14,0,57,0,4,42,0,46,11,36,56,0,103,16,0,16,119
01/23/2014,MFR,OR,ANM,WE,Federal Contract Tower,17,25,4,0,46,0,5,35,0,40,17,30,39,0,86,32,0,32,118
01/24/2014,MFR,OR,ANM,WE,Federal Contract Tower,11,27,14,0,52,0,4,30,2,36,11,31,44,2,88,32,0,32,120
01/25/2014,MFR,OR,ANM,WE,Federal Contract Tower,9,18,6,0,33,0,10,69,0,79,9,28,75,0,112,28,0,28,140
01/26/2014,MFR,OR,ANM,WE,Federal Contract Tower,17,15,16,2,50,0,0,46,0,46,17,15,62,2,96,28,0,28,124
01/27/2014,MFR,OR,ANM,WE,Federal Contract Tower,13,24,16,1,54,0,1,30,0,31,13,25,46,1,85,14,0,14,99
01/28/2014,MFR,OR,ANM,WE,Federal Contract Tower,14,25,14,0,53,0,0,3,0,3,14,25,17,0,56,18,0,18,74
01/29/2014,MFR,OR,ANM,WE,Federal Contract Tower,12,34,16,4,66,0,0,15,0,15,12,34,31,4,81,0,0,0,81
01/30/2014,MFR,OR,ANM,WE,Federal Contract Tower,17,33,13,0,63,0,0,16,0,16,17,33,29,0,79,8,0,8,87
01/31/2014,MFR,OR,ANM,WE,Federal Contract Tower,11,33,9,0,53,0,2,8,0,10,11,35,17,0,63,4,0,4,67
02/01/2014,MFR,OR,ANM,WE,Federal Contract Tower,7,25,11,0,43,0,2,47,0,49,7,27,58,0,92,8,0,8,100
02/02/2014,MFR,OR,ANM,WE,Federal Contract Tower,13,15,6,0,34,0,1,38,0,39,13,16,44,0,73,22,0,22,95
02/03/2014,MFR,OR,ANM,WE,Federal Contract Tower,15,25,12,0,52,0,0,24,0,24,15,25,36,0,76,18,0,18,94
02/04/2014,MFR,OR,ANM,WE,Federal Contract Tower,15,31,14,0,60,0,5,29,0,34,15,36,43,0,94,20,0,20,114
02/05/2014,MFR,OR,ANM,WE,Federal Contract Tower,13,29,11,2,55,0,5,29,0,34,13,34,40,2,89,4,0,4,93
02/06/2014,MFR,OR,ANM,WE,Federal Contract Tower,15,26,11,0,52,0,2,10,0,12,15,28,21,0,64,2,0,2,66
02/07/2014,MFR,OR,ANM,WE,Federal Contract Tower,11,30,10,0,51,0,0,4,0,4,11,30,14,0,55,0,0,0,55
02/08/2014,MFR,OR,ANM,WE,Federal Contract Tower,7,18,5,0,30,0,0,6,0,6,7,18,11,0,36,18,0,18,54
02/09/2014,MFR,OR,ANM,WE,Federal Contract Tower,15,17,14,0,46,0,0,23,0,23,15,17,37,0,69,36,0,36,105
02/10/2014,MFR,OR,ANM,WE,Federal Contract Tower,13,28,9,0,50,0,3,18,0,21,13,31,27,0,71,16,0,16,87
02/11/2014,MFR,OR,ANM,WE,Federal Contract Tower,11,27,13,2,53,0,8,26,0,34,11,35,39,2,87,16,0,16,103
02/12/2014,MFR,OR,ANM,WE,Federal Contract Tower,12,32,4,0,48,0,0,0,0,0,12,32,4,0,48,0,0,0,48
02/13/2014,MFR,OR,ANM,WE,Federal Contract Tower,18,28,17,0,63,0,0,1,0,1,18,28,18,0,64,0,0,0,64
02/14/2014,MFR,OR,ANM,WE,Federal Contract Tower,14,37,8,0,59,0,0,0,0,0,14,37,8,0,59,0,0,0,59
02/15/2014,MFR,OR,ANM,WE,Federal Contract Tower,7,21,6,0,34,0,0,4,0,4,7,21,10,0,38,0,0,0,38
02/16/2014,MFR,OR,ANM,WE,Federal Contract Tower,13,17,15,0,45,0,0,27,0,27,13,17,42,0,72,10,0,10,82
02/17/2014,MFR,OR,ANM,WE,Federal Contract Tower,11,23,13,0,47,0,1,9,0,10,11,24,22,0,57,8,0,8,65
02/18/2014,MFR,OR,ANM,WE,Federal Contract Tower,12,30,11,0,53,11,9,0,0,20,23,39,11,0,73,0,0,0,73
02/19/2014,MFR,OR,ANM,WE,Federal Contract Tower,15,36,19,0,70,0,0,13,0,13,15,36,32,0,83,8,0,8,91
02/20/2014,MFR,OR,ANM,WE,Federal Contract Tower,18,32,20,7,77,0,2,13,0,15,18,34,33,7,92,0,0,0,92
02/21/2014,MFR,OR,ANM,WE,Federal Contract Tower,11,31,15,2,59,0,4,35,0,39,11,35,50,2,98,6,8,14,112
02/22/2014,MFR,OR,ANM,WE,Federal Contract Tower,7,22,14,0,43,0,1,62,0,63,7,23,76,0,106,10,0,10,116
02/23/2014,MFR,OR,ANM,WE,Federal Contract Tower,15,18,18,3,54,0,0,47,0,47,15,18,65,3,101,12,0,12,113
02/24/2014,MFR,OR,ANM,WE,Federal Contract Tower,13,27,7,0,47,0,5,34,4,43,13,32,41,4,90,18,0,18,108
02/25/2014,MFR,OR,ANM,WE,Federal Contract Tower,13,29,19,0,61,0,0,36,0,36,13,29,55,0,97,20,0,20,117
02/26/2014,MFR,OR,ANM,WE,Federal Contract Tower,11,30,15,3,59,0,8,29,0,37,11,38,44,3,96,54,24,78,174
02/27/2014,MFR,OR,ANM,WE,Federal Contract Tower,16,27,12,0,55,0,1,22,0,23,16,28,34,0,78,78,0,78,156
02/28/2014,MFR,OR,ANM,WE,Federal Contract Tower,11,23,18,0,52,0,2,27,0,29,11,25,45,0,81,46,0,46,127
03/01/2014,MFR,OR,ANM,WE,Federal Contract Tower,7,21,8,0,36,0,1,36,0,37,7,22,44,0,73,28,0,28,101
03/02/2014,MFR,OR,ANM,WE,Federal Contract Tower,16,12,4,0,32,0,0,4,0,4,16,12,8,0,36,0,0,0,36
03/03/2014,MFR,OR,ANM,WE,Federal Contract Tower,13,27,6,0,46,0,0,19,0,19,13,27,25,0,65,26,0,26,91
03/04/2014,MFR,OR,ANM,WE,Federal Contract Tower,14,32,4,0,50,0,1,35,0,36,14,33,39,0,86,26,0,26,112
03/05/2014,MFR,OR,ANM,WE,Federal Contract Tower,11,31,9,0,51,0,1,6,0,7,11,32,15,0,58,2,0,2,60
03/06/2014,MFR,OR,ANM,WE,Federal Contract Tower,15,30,3,0,48,0,1,2,0,3,15,31,5,0,51,0,0,0,51
03/07/2014,MFR,OR,ANM,WE,Federal Contract Tower,15,33,8,3,59,0,5,60,0,65,15,38,68,3,124,78,0,78,202
03/08/2014,MFR,OR,ANM,WE,Federal Contract Tower,6,20,11,0,37,0,5,49,0,54,6,25,60,0,91,50,0,50,141
03/09/2014,MFR,OR,ANM,WE,Federal Contract Tower,14,17,5,0,36,0,0,0,0,0,14,17,5,0,36,0,0,0,36
03/10/2014,MFR,OR,ANM,WE,Federal Contract Tower,12,25,4,0,41,0,1,22,2,25,12,26,26,2,66,20,0,20,86
03/11/2014,MFR,OR,ANM,WE,Federal Contract Tower,11,32,12,1,56,0,4,27,0,31,11,36,39,1,87,4,4,8,95
03/12/2014,MFR,OR,ANM,WE,Federal Contract Tower,12,31,2,1,46,0,17,53,0,70,12,48,55,1,116,12,2,14,130
03/13/2014,MFR,OR,ANM,WE,Federal Contract Tower,16,34,9,2,61,0,7,35,0,42,16,41,44,2,103,28,0,28,131
03/14/2014,MFR,OR,ANM,WE,Federal Contract Tower,12,32,15,0,59,0,3,20,0,23,12,35,35,0,82,18,0,18,100
03/15/2014,MFR,OR,ANM,WE,Federal Contract Tower,7,16,9,0,32,0,7,69,0,76,7,23,78,0,108,42,0,42,150
03/16/2014,MFR,OR,ANM,WE,Federal Contract Tower,15,24,4,0,43,0,0,28,0,28,15,24,32,0,71,16,0,16,87
03/17/2014,MFR,OR,ANM,WE,Federal Contract Tower,14,30,25,7,76,0,3,9,2,14,14,33,34,9,90,0,14,14,104
03/18/2014,MFR,OR,ANM,WE,Federal Contract Tower,12,30,27,2,71,0,6,50,2,58,12,36,77,4,129,12,0,12,141
03/19/2014,MFR,OR,ANM,WE,Federal Contract Tower,13,29,17,0,59,0,2,41,0,43,13,31,58,0,102,20,0,20,122
03/20/2014,MFR,OR,ANM,WE,Federal Contract Tower,16,35,8,0,59,0,8,37,0,45,16,43,45,0,104,6,0,6,110
03/21/2014,MFR,OR,ANM,WE,Federal Contract Tower,16,27,6,2,51,0,3,47,2,52,16,30,53,4,103,28,0,28,131
03/22/2014,MFR,OR,ANM,WE,Federal Contract Tower,6,20,4,0,30,0,14,58,0,72,6,34,62,0,102,6,0,6,108
03/23/2014,MFR,OR,ANM,WE,Federal Contract Tower,15,18,10,0,43,0,0,47,0,47,15,18,57,0,90,28,0,28,118
03/24/2014,MFR,OR,ANM,WE,Federal Contract Tower,13,30,15,0,58,0,1,28,0,29,13,31,43,0,87,8,0,8,95
03/25/2014,MFR,OR,ANM,WE,Federal Contract Tower,13,30,11,0,54,0,3,13,0,16,13,33,24,0,70,4,0,4,74
03/26/2014,MFR,OR,ANM,WE,Federal Contract Tower,12,33,14,0,59,0,0,8,0,8,12,33,22,0,67,4,0,4,71
03/27/2014,MFR,OR,ANM,WE,Federal Contract Tower,16,39,17,2,74,0,3,11,0,14,16,42,28,2,88,8,0,8,96
03/28/2014,MFR,OR,ANM,WE,Federal Contract Tower,15,28,11,2,56,0,0,6,0,6,15,28,17,2,62,0,0,0,62
03/29/2014,MFR,OR,ANM,WE,Federal Contract Tower,5,19,9,0,33,0,1,11,0,12,5,20,20,0,45,14,0,14,59
03/30/2014,MFR,OR,ANM,WE,Federal Contract Tower,17,16,17,0,50,0,3,13,0,16,17,19,30,0,66,0,0,0,66
03/31/2014,MFR,OR,ANM,WE,Federal Contract Tower,15,23,11,0,49,0,0,6,0,6,15,23,17,0,55,8,0,8,63
04/01/2014,MFR,OR,ANM,WE,Federal Contract Tower,12,31,10,0,53,0,17,29,0,46,12,48,39,0,99,34,0,34,133
04/02/2014,MFR,OR,ANM,WE,Federal Contract Tower,12,35,22,2,71,0,5,42,2,49,12,40,64,4,120,4,0,4,124
04/03/2014,MFR,OR,ANM,WE,Federal Contract Tower,16,28,13,0,57,0,5,16,0,21,16,33,29,0,78,0,0,0,78
04/04/2014,MFR,OR,ANM,WE,Federal Contract Tower,12,25,5,0,42,0,3,6,0,9,12,28,11,0,51,12,0,12,63
04/05/2014,MFR,OR,ANM,WE,Federal Contract Tower,6,20,8,0,34,0,0,7,0,7,6,20,15,0,41,4,0,4,45
04/06/2014,MFR,OR,ANM,WE,Federal Contract Tower,18,17,21,0,56,0,0,19,0,19,18,17,40,0,75,14,0,14,89
04/07/2014,MFR,OR,ANM,WE,Federal Contract Tower,12,24,15,6,57,0,1,70,0,71,12,25,85,6,128,22,0,22,150
04/08/2014,MFR,OR,ANM,WE,Federal Contract Tower,13,30,24,7,74,0,16,55,0,71,13,46,79,7,145,6,6,12,157
04/09/2014,MFR,OR,ANM,WE,Federal Contract Tower,12,30,12,7,61,0,8,35,19,62,12,38,47,26,123,46,0,46,169
04/10/2014,MFR,OR,ANM,WE,Federal Contract Tower,19,30,18,6,73,0,4,61,0,65,19,34,79,6,138,36,0,36,174
04/11/2014,MFR,OR,ANM,WE,Federal Contract Tower,12,29,14,0,55,0,12,50,3,65,12,41,64,3,120,24,0,24,144
04/12/2014,MFR,OR,ANM,WE,Federal Contract Tower,7,18,15,0,40,0,11,44,0,55,7,29,59,0,95,18,0,18,113
04/13/2014,MFR,OR,ANM,WE,Federal Contract Tower,15,15,7,0,37,0,3,53,0,56,15,18,60,0,93,14,0,14,107
04/14/2014,MFR,OR,ANM,WE,Federal Contract Tower,12,24,23,1,60,0,5,41,0,46,12,29,64,1,106,14,0,14,120
04/15/2014,MFR,OR,ANM,WE,Federal Contract Tower,13,35,11,4,63,0,6,43,0,49,13,41,54,4,112,40,0,40,152
04/16/2014,MFR,OR,ANM,WE,Federal Contract Tower,12,32,6,0,50,0,3,47,0,50,12,35,53,0,100,10,0,10,110
04/17/2014,MFR,OR,ANM,WE,Federal Contract Tower,16,30,18,3,67,0,4,15,0,19,16,34,33,3,86,0,0,0,86
04/18/2014,MFR,OR,ANM,WE,Federal Contract Tower,13,27,18,0,58,0,3,34,0,37,13,30,52,0,95,14,0,14,109
04/19/2014,MFR,OR,ANM,WE,Federal Contract Tower,6,21,12,0,39,0,4,36,0,40,6,25,48,0,79,6,0,6,85
04/20/2014,MFR,OR,ANM,WE,Federal Contract Tower,17,19,14,0,50,0,2,33,0,35,17,21,47,0,85,14,0,14,99
04/21/2014,MFR,OR,ANM,WE,Federal Contract Tower,13,25,10,0,48,0,10,34,0,44,13,35,44,0,92,20,0,20,112
04/22/2014,MFR,OR,ANM,WE,Federal Contract Tower,12,34,18,0,64,0,4,20,0,24,12,38,38,0,88,24,0,24,112
04/23/2014,MFR,OR,ANM,WE,Federal Contract Tower,12,32,16,2,62,0,4,21,0,25,12,36,37,2,87,14,0,14,101
04/24/2014,MFR,OR,ANM,WE,Federal Contract Tower,16,33,23,0,72,0,1,17,0,18,16,34,40,0,90,18,0,18,108
04/25/2014,MFR,OR,ANM,WE,Federal Contract Tower,16,27,18,0,61,0,0,6,0,6,16,27,24,0,67,16,0,16,83
04/26/2014,MFR,OR,ANM,WE,Federal Contract Tower,6,22,2,3,33,0,4,20,0,24,6,26,22,3,57,6,4,10,67
04/27/2014,MFR,OR,ANM,WE,Federal Contract Tower,16,18,10,0,44,0,4,8,0,12,16,22,18,0,56,4,0,4,60
04/28/2014,MFR,OR,ANM,WE,Federal Contract Tower,12,34,10,2,58,0,2,35,0,37,12,36,45,2,95,10,0,10,105
04/29/2014,MFR,OR,ANM,WE,Federal Contract Tower,12,32,20,0,64,0,9,65,0,74,12,41,85,0,138,38,0,38,176
04/30/2014,MFR,OR,ANM,WE,Federal Contract Tower,12,28,13,2,55,0,10,65,2,77,12,38,78,4,132,6,0,6,138
05/01/2014,MFR,OR,ANM,WE,Federal Contract Tower,17,24,20,0,61,0,8,60,1,69,17,32,80,1,130,40,0,40,170
05/02/2014,MFR,OR,ANM,WE,Federal Contract Tower,12,25,18,0,55,0,4,58,0,62,12,29,76,0,117,12,0,12,129
05/03/2014,MFR,OR,ANM,WE,Federal Contract Tower,6,23,5,0,34,0,1,34,0,35,6,24,39,0,69,38,0,38,107
05/04/2014,MFR,OR,ANM,WE,Federal Contract Tower,17,13,11,0,41,0,0,12,0,12,17,13,23,0,53,10,0,10,63
05/05/2014,MFR,OR,ANM,WE,Federal Contract Tower,12,25,7,0,44,0,3,15,0,18,12,28,22,0,62,18,0,18,80
05/06/2014,MFR,OR,ANM,WE,Federal Contract Tower,12,31,16,0,59,0,4,32,0,36,12,35,48,0,95,22,0,22,117
05/07/2014,MFR,OR,ANM,WE,Federal Contract Tower,12,39,20,0,71,0,3,58,0,61,12,42,78,0,132,14,0,14,146
05/08/2014,MFR,OR,ANM,WE,Federal Contract Tower,16,36,16,0,68,0,4,21,0,25,16,40,37,0,93,14,0,14,107
05/09/2014,MFR,OR,ANM,WE,Federal Contract Tower,12,37,21,0,70,0,5,27,0,32,12,42,48,0,102,26,0,26,128
05/10/2014,MFR,OR,ANM,WE,Federal Contract Tower,6,21,8,2,37,0,2,10,0,12,6,23,18,2,49,0,0,0,49
05/11/2014,MFR,OR,ANM,WE,Federal Contract Tower,16,21,27,0,64,0,0,47,2,49,16,21,74,2,113,28,0,28,141
05/12/2014,MFR,OR,ANM,WE,Federal Contract Tower,12,28,9,0,49,0,6,41,0,47,12,34,50,0,96,62,0,62,158
05/13/2014,MFR,OR,ANM,WE,Federal Contract Tower,13,32,10,1,56,0,14,46,0,60,13,46,56,1,116,56,0,56,172
05/14/2014,MFR,OR,ANM,WE,Federal Contract Tower,14,33,18,0,65,0,4,63,0,67,14,37,81,0,132,14,0,14,146
05/15/2014,MFR,OR,ANM,WE,Federal Contract Tower,16,29,7,2,54,0,3,44,0,47,16,32,51,2,101,22,0,22,123
05/16/2014,MFR,OR,ANM,WE,Federal Contract Tower,12,31,22,0,65,0,14,42,0,56,12,45,64,0,121,52,0,52,173
05/17/2014,MFR,OR,ANM,WE,Federal Contract Tower,6,22,2,2,32,0,7,53,0,60,6,29,55,2,92,12,0,12,104
05/18/2014,MFR,OR,ANM,WE,Federal Contract Tower,17,15,18,0,50,0,0,14,0,14,17,15,32,0,64,6,0,6,70
05/19/2014,MFR,OR,ANM,WE,Federal Contract Tower,11,29,10,2,52,0,3,23,0,26,11,32,33,2,78,32,0,32,110
05/20/2014,MFR,OR,ANM,WE,Federal Contract Tower,12,35,12,2,61,0,3,26,0,29,12,38,38,2,90,4,0,4,94
05/21/2014,MFR,OR,ANM,WE,Federal Contract Tower,12,28,5,3,48,0,6,44,2,52,12,34,49,5,100,22,6,28,128
05/22/2014,MFR,OR,ANM,WE,Federal Contract Tower,19,23,15,0,57,0,7,51,2,60,19,30,66,2,117,6,0,6,123
05/23/2014,MFR,OR,ANM,WE,Federal Contract Tower,16,24,16,0,56,0,1,32,0,33,16,25,48,0,89,20,0,20,109
05/24/2014,MFR,OR,ANM,WE,Federal Contract Tower,6,25,12,0,43,0,9,58,0,67,6,34,70,0,110,52,0,52,162
05/25/2014,MFR,OR,ANM,WE,Federal Contract Tower,12,21,16,0,49,0,4,39,0,43,12,25,55,0,92,18,0,18,110
05/26/2014,MFR,OR,ANM,WE,Federal Contract Tower,16,13,21,0,50,0,6,36,0,42,16,19,57,0,92,36,0,36,128
05/27/2014,MFR,OR,ANM,WE,Federal Contract Tower,14,30,23,0,67,0,0,27,2,29,14,30,50,2,96,0,0,0,96
05/28/2014,MFR,OR,ANM,WE,Federal Contract Tower,15,38,15,2,70,0,2,30,0,32,15,40,45,2,102,0,4,4,106
05/29/2014,MFR,OR,ANM,WE,Federal Contract Tower,16,34,13,1,64,0,4,44,0,48,16,38,57,1,112,26,2,28,140
05/30/2014,MFR,OR,ANM,WE,Federal Contract Tower,14,26,13,0,53,0,5,34,0,39,14,31,47,0,92,0,0,0,92
05/31/2014,MFR,OR,ANM,WE,Federal Contract Tower,8,16,5,0,29,0,7,37,0,44,8,23,42,0,73,16,0,16,89
06/01/2014,MFR,OR,ANM,WE,Federal Contract Tower,15,25,14,0,54,0,6,36,0,42,15,31,50,0,96,12,0,12,108
06/02/2014,MFR,OR,ANM,WE,Federal Contract Tower,12,30,13,0,55,0,7,31,0,38,12,37,44,0,93,8,0,8,101
06/03/2014,MFR,OR,ANM,WE,Federal Contract Tower,12,27,14,0,53,0,4,33,0,37,12,31,47,0,90,22,0,22,112
06/04/2014,MFR,OR,ANM,WE,Federal Contract Tower,12,25,9,0,46,0,6,36,0,42,12,31,45,0,88,28,0,28,116
06/05/2014,MFR,OR,ANM,WE,Federal Contract Tower,17,22,13,1,53,0,14,46,0,60,17,36,59,1,113,32,0,32,145
06/06/2014,MFR,OR,ANM,WE,Federal Contract Tower,13,25,14,2,54,0,11,40,0,51,13,36,54,2,105,10,0,10,115
06/07/2014,MFR,OR,ANM,WE,Federal Contract Tower,9,17,8,4,38,0,7,41,0,48,9,24,49,4,86,6,4,10,96
06/08/2014,MFR,OR,ANM,WE,Federal Contract Tower,23,15,8,0,46,0,4,57,0,61,23,19,65,0,107,16,0,16,123
06/09/2014,MFR,OR,ANM,WE,Federal Contract Tower,16,29,10,1,56,0,7,49,3,59,16,36,59,4,115,24,0,24,139
06/10/2014,MFR,OR,ANM,WE,Federal Contract Tower,18,24,14,0,56,0,9,43,0,52,18,33,57,0,108,10,0,10,118
06/11/2014,MFR,OR,ANM,WE,Federal Contract Tower,17,23,11,0,51,0,7,36,0,43,17,30,47,0,94,10,0,10,104
06/12/2014,MFR,OR,ANM,WE,Federal Contract Tower,19,33,19,0,71,0,6,39,0,45,19,39,58,0,116,18,2,20,136
06/13/2014,MFR,OR,ANM,WE,Federal Contract Tower,15,41,10,0,66,0,4,32,0,36,15,45,42,0,102,14,0,14,116
06/14/2014,MFR,OR,ANM,WE,Federal Contract Tower,15,20,13,0,48,0,11,51,1,63,15,31,64,1,111,2,0,2,113
06/15/2014,MFR,OR,ANM,WE,Federal Contract Tower,19,17,17,0,53,0,0,51,1,52,19,17,68,1,105,34,0,34,139
06/16/2014,MFR,OR,ANM,WE,Federal Contract Tower,15,28,12,3,58,0,4,22,2,28,15,32,34,5,86,0,10,10,96
06/17/2014,MFR,OR,ANM,WE,Federal Contract Tower,19,31,11,0,61,0,8,30,0,38,19,39,41,0,99,12,0,12,111
06/18/2014,MFR,OR,ANM,WE,Federal Contract Tower,14,27,10,0,51,0,5,39,0,44,14,32,49,0,95,8,0,8,103
06/19/2014,MFR,OR,ANM,WE,Federal Contract Tower,19,31,13,0,63,0,15,39,0,54,19,46,52,0,117,14,0,14,131
06/20/2014,MFR,OR,ANM,WE,Federal Contract Tower,14,28,11,0,53,0,5,32,0,37,14,33,43,0,90,12,0,12,102
06/21/2014,MFR,OR,ANM,WE,Federal Contract Tower,15,18,8,0,41,0,10,51,0,61,15,28,59,0,102,10,0,10,112
06/22/2014,MFR,OR,ANM,WE,Federal Contract Tower,19,12,7,0,38,0,0,46,0,46,19,12,53,0,84,14,0,14,98
06/23/2014,MFR,OR,ANM,WE,Federal Contract Tower,15,26,12,0,53,0,4,32,0,36,15,30,44,0,89,16,0,16,105
06/24/2014,MFR,OR,ANM,WE,Federal Contract Tower,18,29,18,0,65,0,7,59,0,66,18,36,77,0,131,0,0,0,131
06/25/2014,MFR,OR,ANM,WE,Federal Contract Tower,15,28,22,0,65,0,2,13,0,15,15,30,35,0,80,8,0,8,88
06/26/2014,MFR,OR,ANM,WE,Federal Contract Tower,19,29,17,0,65,0,4,29,0,33,19,33,46,0,98,36,0,36,134
06/27/2014,MFR,OR,ANM,WE,Federal Contract Tower,15,28,15,0,58,0,5,31,0,36,15,33,46,0,94,12,0,12,106
06/28/2014,MFR,OR,ANM,WE,Federal Contract Tower,15,17,13,0,45,0,6,45,0,51,15,23,58,0,96,8,0,8,104
06/29/2014,MFR,OR,ANM,WE,Federal Contract Tower,21,17,21,0,59,0,4,44,0,48,21,21,65,0,107,28,0,28,135
06/30/2014,MFR,OR,ANM,WE,Federal Contract Tower,15,19,15,2,51,0,7,50,0,57,15,26,65,2,108,32,0,32,140
07/01/2014,MFR,OR,ANM,WE,Federal Contract Tower,19,23,8,1,51,0,5,40,0,45,19,28,48,1,96,6,0,6,102
07/02/2014,MFR,OR,ANM,WE,Federal Contract Tower,15,30,18,0,63,0,5,40,0,45,15,35,58,0,108,8,0,8,116
07/03/2014,MFR,OR,ANM,WE,Federal Contract Tower,20,21,26,0,67,0,4,55,0,59,20,25,81,0,126,20,0,20,146
07/04/2014,MFR,OR,ANM,WE,Federal Contract Tower,16,14,12,0,42,0,4,51,0,55,16,18,63,0,97,8,0,8,105
07/05/2014,MFR,OR,ANM,WE,Federal Contract Tower,13,21,21,0,55,0,5,36,0,41,13,26,57,0,96,30,0,30,126
07/06/2014,MFR,OR,ANM,WE,Federal Contract Tower,23,20,9,0,52,0,13,30,0,43,23,33,39,0,95,20,0,20,115
07/07/2014,MFR,OR,ANM,WE,Federal Contract Tower,14,25,12,0,51,0,6,35,0,41,14,31,47,0,92,16,0,16,108
07/08/2014,MFR,OR,ANM,WE,Federal Contract Tower,17,29,20,0,66,0,4,50,2,56,17,33,70,2,122,10,0,10,132
07/09/2014,MFR,OR,ANM,WE,Federal Contract Tower,15,26,8,0,49,0,5,31,0,36,15,31,39,0,85,6,0,6,91
07/10/2014,MFR,OR,ANM,WE,Federal Contract Tower,19,29,21,1,70,0,9,49,0,58,19,38,70,1,128,4,0,4,132
07/11/2014,MFR,OR,ANM,WE,Federal Contract Tower,14,23,16,2,55,0,5,24,1,30,14,28,40,3,85,2,0,2,87
07/12/2014,MFR,OR,ANM,WE,Federal Contract Tower,15,20,6,0,41,0,10,47,0,57,15,30,53,0,98,12,0,12,110
07/13/2014,MFR,OR,ANM,WE,Federal Contract Tower,21,12,15,1,49,0,2,43,0,45,21,14,58,1,94,0,0,0,94
07/14/2014,MFR,OR,ANM,WE,Federal Contract Tower,15,25,14,1,55,0,11,33,4,48,15,36,47,5,103,36,8,44,147
07/15/2014,MFR,OR,ANM,WE,Federal Contract Tower,17,23,23,0,63,0,9,35,0,44,17,32,58,0,107,8,0,8,115
07/16/2014,MFR,OR,ANM,WE,Federal Contract Tower,15,28,12,2,57,0,21,30,0,51,15,49,42,2,108,4,0,4,112
07/17/2014,MFR,OR,ANM,WE,Federal Contract Tower,21,20,15,0,56,0,8,29,0,37,21,28,44,0,93,24,0,24,117
07/18/2014,MFR,OR,ANM,WE,Federal Contract Tower,15,26,17,2,60,0,6,53,0,59,15,32,70,2,119,38,0,38,157
07/19/2014,MFR,OR,ANM,WE,Federal Contract Tower,22,16,11,0,49,0,6,57,0,63,22,22,68,0,112,42,0,42,154
07/20/2014,MFR,OR,ANM,WE,Federal Contract Tower,20,15,18,0,53,0,1,35,0,36,20,16,53,0,89,8,0,8,97
07/21/2014,MFR,OR,ANM,WE,Federal Contract Tower,15,26,12,0,53,0,4,23,0,27,15,30,35,0,80,12,0,12,92
07/22/2014,MFR,OR,ANM,WE,Federal Contract Tower,17,25,19,0,61,0,7,30,0,37,17,32,49,0,98,4,0,4,102
07/23/2014,MFR,OR,ANM,WE,Federal Contract Tower,17,24,30,1,72,0,3,30,1,34,17,27,60,2,106,32,0,32,138
07/24/2014,MFR,OR,ANM,WE,Federal Contract Tower,18,26,27,0,71,0,8,66,0,74,18,34,93,0,145,32,0,32,177
07/25/2014,MFR,OR,ANM,WE,Federal Contract Tower,17,25,14,0,56,0,12,67,0,79,17,37,81,0,135,16,0,16,151
07/26/2014,MFR,OR,ANM,WE,Federal Contract Tower,15,18,5,0,38,0,18,46,0,64,15,36,51,0,102,14,0,14,116
07/27/2014,MFR,OR,ANM,WE,Federal Contract Tower,21,11,13,0,45,0,1,52,0,53,21,12,65,0,98,8,0,8,106
07/28/2014,MFR,OR,ANM,WE,Federal Contract Tower,17,27,12,0,56,0,13,52,0,65,17,40,64,0,121,32,0,32,153
07/29/2014,MFR,OR,ANM,WE,Federal Contract Tower,17,30,0,0,47,0,11,43,0,54,17,41,43,0,101,22,0,22,123
07/30/2014,MFR,OR,ANM,WE,Federal Contract Tower,15,27,9,0,51,0,46,40,0,86,15,73,49,0,137,20,0,20,157
07/31/2014,MFR,OR,ANM,WE,Federal Contract Tower,21,20,15,0,56,0,81,57,1,139,21,101,72,1,195,16,0,16,211
08/01/2014,MFR,OR,ANM,WE,Federal Contract Tower,17,25,17,0,59,0,103,47,8,158,17,128,64,8,217,2,0,2,219
08/02/2014,MFR,OR,ANM,WE,Federal Contract Tower,17,18,12,0,47,0,52,45,0,97,17,70,57,0,144,8,0,8,152
08/03/2014,MFR,OR,ANM,WE,Federal Contract Tower,21,11,11,0,43,0,27,48,0,75,21,38,59,0,118,16,0,16,134
08/04/2014,MFR,OR,ANM,WE,Federal Contract Tower,17,21,27,0,65,0,28,58,0,86,17,49,85,0,151,28,0,28,179
08/05/2014,MFR,OR,ANM,WE,Federal Contract Tower,19,29,15,0,63,0,23,63,7,93,19,52,78,7,156,14,0,14,170
08/06/2014,MFR,OR,ANM,WE,Federal Contract Tower,17,20,15,0,52,0,61,54,7,122,17,81,69,7,174,18,0,18,192
08/07/2014,MFR,OR,ANM,WE,Federal Contract Tower,21,20,20,0,61,0,14,57,0,71,21,34,77,0,132,32,0,32,164
08/08/2014,MFR,OR,ANM,WE,Federal Contract Tower,18,19,10,3,50,0,30,50,3,83,18,49,60,6,133,22,0,22,155
08/09/2014,MFR,OR,ANM,WE,Federal Contract Tower,17,13,16,0,46,8,69,53,2,132,25,82,69,2,178,20,0,20,198
08/10/2014,MFR,OR,ANM,WE,Federal Contract Tower,21,15,16,0,52,0,10,40,0,50,21,25,56,0,102,6,0,6,108
08/11/2014,MFR,OR,ANM,WE,Federal Contract Tower,15,24,14,0,53,0,22,36,0,58,15,46,50,0,111,10,0,10,121
08/12/2014,MFR,OR,ANM,WE,Federal Contract Tower,22,22,20,0,64,0,97,24,0,121,22,119,44,0,185,0,0,0,185
08/13/2014,MFR,OR,ANM,WE,Federal Contract Tower,18,26,17,0,61,0,16,12,0,28,18,42,29,0,89,8,0,8,97
08/14/2014,MFR,OR,ANM,WE,Federal Contract Tower,20,32,19,0,71,0,23,44,0,67,20,55,63,0,138,16,0,16,154
08/15/2014,MFR,OR,ANM,WE,Federal Contract Tower,15,29,17,0,61,4,22,72,0,98,19,51,89,0,159,38,0,38,197
08/16/2014,MFR,OR,ANM,WE,Federal Contract Tower,15,27,9,0,51,2,12,48,0,62,17,39,57,0,113,20,0,20,133
08/17/2014,MFR,OR,ANM,WE,Federal Contract Tower,21,19,15,0,55,2,9,64,0,75,23,28,79,0,130,22,0,22,152
08/18/2014,MFR,OR,ANM,WE,Federal Contract Tower,21,18,9,6,54,0,27,43,10,80,21,45,52,16,134,0,2,2,136
08/19/2014,MFR,OR,ANM,WE,Federal Contract Tower,18,28,14,0,60,0,39,26,2,67,18,67,40,2,127,0,0,0,127
08/20/2014,MFR,OR,ANM,WE,Federal Contract Tower,15,29,18,0,62,0,24,50,0,74,15,53,68,0,136,12,0,12,148
08/21/2014,MFR,OR,ANM,WE,Federal Contract Tower,23,22,13,0,58,0,21,41,0,62,23,43,54,0,120,16,0,16,136
08/22/2014,MFR,OR,ANM,WE,Federal Contract Tower,20,18,13,0,51,0,19,50,0,69,20,37,63,0,120,8,0,8,128
08/23/2014,MFR,OR,ANM,WE,Federal Contract Tower,17,19,5,0,41,0,103,60,0,163,17,122,65,0,204,12,0,12,216
08/24/2014,MFR,OR,ANM,WE,Federal Contract Tower,15,21,7,0,43,0,18,52,0,70,15,39,59,0,113,0,0,0,113
08/25/2014,MFR,OR,ANM,WE,Federal Contract Tower,20,22,22,0,64,24,73,45,0,142,44,95,67,0,206,6,0,6,212
08/26/2014,MFR,OR,ANM,WE,Federal Contract Tower,15,24,13,4,56,0,28,45,0,73,15,52,58,4,129,6,0,6,135
08/27/2014,MFR,OR,ANM,WE,Federal Contract Tower,13,31,10,0,54,0,28,43,2,73,13,59,53,2,127,0,0,0,127
08/28/2014,MFR,OR,ANM,WE,Federal Contract Tower,22,31,13,0,66,4,48,49,0,101,26,79,62,0,167,6,0,6,173
08/29/2014,MFR,OR,ANM,WE,Federal Contract Tower,15,33,18,0,66,9,84,40,0,133,24,117,58,0,199,38,0,38,237
08/30/2014,MFR,OR,ANM,WE,Federal Contract Tower,14,17,15,0,46,0,30,57,6,93,14,47,72,6,139,28,0,28,167
08/31/2014,MFR,OR,ANM,WE,Federal Contract Tower,17,18,6,0,41,0,26,63,8,97,17,44,69,8,138,30,0,30,168
09/01/2014,MFR,OR,ANM,WE,Federal Contract Tower,13,17,13,0,43,12,44,62,1,119,25,61,75,1,162,46,0,46,208
09/02/2014,MFR,OR,ANM,WE,Federal Contract Tower,15,23,5,0,43,0,22,39,0,61,15,45,44,0,104,20,0,20,124
09/03/2014,MFR,OR,ANM,WE,Federal Contract Tower,14,27,10,0,51,9,41,40,0,90,23,68,50,0,141,8,0,8,149
09/04/2014,MFR,OR,ANM,WE,Federal Contract Tower,19,18,11,0,48,0,24,42,0,66,19,42,53,0,114,0,0,0,114
09/05/2014,MFR,OR,ANM,WE,Federal Contract Tower,15,23,12,0,50,0,21,55,0,76,15,44,67,0,126,4,0,4,130
09/06/2014,MFR,OR,ANM,WE,Federal Contract Tower,12,16,9,0,37,12,113,55,0,180,24,129,64,0,217,10,0,10,227
09/07/2014,MFR,OR,ANM,WE,Federal Contract Tower,15,15,17,0,47,16,54,31,0,101,31,69,48,0,148,12,0,12,160
09/08/2014,MFR,OR,ANM,WE,Federal Contract Tower,15,27,10,6,58,1,33,22,0,56,16,60,32,6,114,2,0,2,116
09/09/2014,MFR,OR,ANM,WE,Federal Contract Tower,14,30,12,0,56,0,19,31,0,50,14,49,43,0,106,8,0,8,114
09/10/2014,MFR,OR,ANM,WE,Federal Contract Tower,14,32,19,0,65,6,11,32,0,49,20,43,51,0,114,10,0,10,124
09/11/2014,MFR,OR,ANM,WE,Federal Contract Tower,18,22,13,2,55,0,17,45,2,64,18,39,58,4,119,24,0,24,143
09/12/2014,MFR,OR,ANM,WE,Federal Contract Tower,13,20,23,0,56,1,11,55,0,67,14,31,78,0,123,24,0,24,147
09/13/2014,MFR,OR,ANM,WE,Federal Contract Tower,13,19,8,0,40,0,60,53,0,113,13,79,61,0,153,14,0,14,167
09/14/2014,MFR,OR,ANM,WE,Federal Contract Tower,20,12,11,0,43,6,54,34,0,94,26,66,45,0,137,10,0,10,147
09/15/2014,MFR,OR,ANM,WE,Federal Contract Tower,15,25,13,0,53,19,42,33,0,94,34,67,46,0,147,16,0,16,163
09/16/2014,MFR,OR,ANM,WE,Federal Contract Tower,13,33,7,0,53,3,31,51,0,85,16,64,58,0,138,4,0,4,142
09/17/2014,MFR,OR,ANM,WE,Federal Contract Tower,13,31,20,0,64,0,14,22,0,36,13,45,42,0,100,4,0,4,104
09/18/2014,MFR,OR,ANM,WE,Federal Contract Tower,16,30,18,0,64,1,2,30,0,33,17,32,48,0,97,6,0,6,103
09/19/2014,MFR,OR,ANM,WE,Federal Contract Tower,13,24,16,0,53,0,23,27,0,50,13,47,43,0,103,8,0,8,111
09/20/2014,MFR,OR,ANM,WE,Federal Contract Tower,12,18,17,0,47,0,22,34,0,56,12,40,51,0,103,8,0,8,111
09/21/2014,MFR,OR,ANM,WE,Federal Contract Tower,19,14,13,0,46,0,14,41,0,55,19,28,54,0,101,8,0,8,109
09/22/2014,MFR,OR,ANM,WE,Federal Contract Tower,15,27,14,1,57,0,4,32,1,37,15,31,46,2,94,10,0,10,104
09/23/2014,MFR,OR,ANM,WE,Federal Contract Tower,14,28,11,1,54,0,7,22,3,32,14,35,33,4,86,8,6,14,100
09/24/2014,MFR,OR,ANM,WE,Federal Contract Tower,14,39,10,0,63,0,0,0,0,0,14,39,10,0,63,0,0,0,63
09/25/2014,MFR,OR,ANM,WE,Federal Contract Tower,17,33,25,1,76,0,4,15,1,20,17,37,40,2,96,12,0,12,108
09/26/2014,MFR,OR,ANM,WE,Federal Contract Tower,15,26,28,6,75,0,8,18,0,26,15,34,46,6,101,4,0,4,105
09/27/2014,MFR,OR,ANM,WE,Federal Contract Tower,12,29,12,0,53,0,2,38,0,40,12,31,50,0,93,4,0,4,97
09/28/2014,MFR,OR,ANM,WE,Federal Contract Tower,19,17,7,0,43,0,3,22,0,25,19,20,29,0,68,18,0,18,86
09/29/2014,MFR,OR,ANM,WE,Federal Contract Tower,14,28,20,0,62,0,5,23,0,28,14,33,43,0,90,10,0,10,100
09/30/2014,MFR,OR,ANM,WE,Federal Contract Tower,14,35,15,2,66,0,9,30,0,39,14,44,45,2,105,10,0,10,115
10/01/2014,MFR,OR,ANM,WE,Federal Contract Tower,13,26,15,0,54,0,7,29,0,36,13,33,44,0,90,6,0,6,96
10/02/2014,MFR,OR,ANM,WE,Federal Contract Tower,18,26,7,0,51,0,0,0,0,0,18,26,7,0,51,38,0,38,89
10/03/2014,MFR,OR,ANM,WE,Federal Contract Tower,12,24,11,0,47,6,47,2,0,55,18,71,13,0,102,38,0,38,140
10/04/2014,MFR,OR,ANM,WE,Federal Contract Tower,12,19,13,0,44,0,4,75,0,79,12,23,88,0,123,34,0,34,157
10/05/2014,MFR,OR,ANM,WE,Federal Contract Tower,19,16,8,0,43,0,0,44,0,44,19,16,52,0,87,10,0,10,97
10/06/2014,MFR,OR,ANM,WE,Federal Contract Tower,13,21,8,6,48,0,8,32,0,40,13,29,40,6,88,10,0,10,98
10/07/2014,MFR,OR,ANM,WE,Federal Contract Tower,14,31,7,0,52,0,12,31,0,43,14,43,38,0,95,12,0,12,107
10/08/2014,MFR,OR,ANM,WE,Federal Contract Tower,13,27,10,0,50,0,5,38,0,43,13,32,48,0,93,0,0,0,93
10/09/2014,MFR,OR,ANM,WE,Federal Contract Tower,20,26,7,0,53,0,5,38,3,46,20,31,45,3,99,10,0,10,109
10/10/2014,MFR,OR,ANM,WE,Federal Contract Tower,14,22,17,0,53,0,4,51,0,55,14,26,68,0,108,12,0,12,120
10/11/2014,MFR,OR,ANM,WE,Federal Contract Tower,12,18,13,1,44,0,7,39,1,47,12,25,52,2,91,0,0,0,91
10/12/2014,MFR,OR,ANM,WE,Federal Contract Tower,18,15,12,0,45,0,0,35,0,35,18,15,47,0,80,10,0,10,90
10/13/2014,MFR,OR,ANM,WE,Federal Contract Tower,14,25,14,0,53,0,10,51,0,61,14,35,65,0,114,12,0,12,126
10/14/2014,MFR,OR,ANM,WE,Federal Contract Tower,13,28,6,0,47,0,0,18,0,18,13,28,24,0,65,0,0,0,65
10/15/2014,MFR,OR,ANM,WE,Federal Contract Tower,14,32,10,0,56,0,1,22,0,23,14,33,32,0,79,0,0,0,79
10/16/2014,MFR,OR,ANM,WE,Federal Contract Tower,18,30,9,0,57,0,8,46,0,54,18,38,55,0,111,4,0,4,115
10/17/2014,MFR,OR,ANM,WE,Federal Contract Tower,13,27,18,0,58,0,3,38,0,41,13,30,56,0,99,16,0,16,115
10/18/2014,MFR,OR,ANM,WE,Federal Contract Tower,9,24,9,0,42,0,1,33,0,34,9,25,42,0,76,18,0,18,94
10/19/2014,MFR,OR,ANM,WE,Federal Contract Tower,19,15,10,0,44,0,0,51,0,51,19,15,61,0,95,10,0,10,105
10/20/2014,MFR,OR,ANM,WE,Federal Contract Tower,15,30,8,0,53,0,0,6,0,6,15,30,14,0,59,2,0,2,61
10/21/2014,MFR,OR,ANM,WE,Federal Contract Tower,15,27,8,4,54,0,3,16,0,19,15,30,24,4,73,6,0,6,79
10/22/2014,MFR,OR,ANM,WE,Federal Contract Tower,14,34,20,0,68,0,4,11,0,15,14,38,31,0,83,4,0,4,87
10/23/2014,MFR,OR,ANM,WE,Federal Contract Tower,15,38,16,0,69,0,0,3,0,3,15,38,19,0,72,0,0,0,72
10/24/2014,MFR,OR,ANM,WE,Federal Contract Tower,14,32,22,1,69,0,1,19,1,21,14,33,41,2,90,16,0,16,106
10/25/2014,MFR,OR,ANM,WE,Federal Contract Tower,13,16,15,0,44,0,1,12,0,13,13,17,27,0,57,6,0,6,63
10/26/2014,MFR,OR,ANM,WE,Federal Contract Tower,18,16,7,0,41,0,5,12,0,17,18,21,19,0,58,16,0,16,74
10/27/2014,MFR,OR,ANM,WE,Federal Contract Tower,14,29,9,0,52,0,6,24,0,30,14,35,33,0,82,4,0,4,86
10/28/2014,MFR,OR,ANM,WE,Federal Contract Tower,14,33,11,1,59,0,2,13,1,16,14,35,24,2,75,6,0,6,81
10/29/2014,MFR,OR,ANM,WE,Federal Contract Tower,12,32,12,0,56,0,0,1,0,1,12,32,13,0,57,0,0,0,57
10/30/2014,MFR,OR,ANM,WE,Federal Contract Tower,16,33,15,0,64,0,0,14,0,14,16,33,29,0,78,8,0,8,86
10/31/2014,MFR,OR,ANM,WE,Federal Contract Tower,17,24,12,0,53,0,1,10,0,11,17,25,22,0,64,4,0,4,68
11/01/2014,MFR,OR,ANM,WE,Federal Contract Tower,12,25,15,0,52,0,2,6,0,8,12,27,21,0,60,10,0,10,70
11/02/2014,MFR,OR,ANM,WE,Federal Contract Tower,18,11,13,1,43,0,4,31,0,35,18,15,44,1,78,28,2,30,108
11/03/2014,MFR,OR,ANM,WE,Federal Contract Tower,14,33,3,0,50,0,4,23,0,27,14,37,26,0,77,18,0,18,95
11/04/2014,MFR,OR,ANM,WE,Federal Contract Tower,13,32,20,0,65,0,3,35,0,38,13,35,55,0,103,24,0,24,127
11/05/2014,MFR,OR,ANM,WE,Federal Contract Tower,13,34,36,0,83,0,0,17,0,17,13,34,53,0,100,12,0,12,112
11/06/2014,MFR,OR,ANM,WE,Federal Contract Tower,19,31,17,7,74,0,0,10,1,11,19,31,27,8,85,4,20,24,109
11/07/2014,MFR,OR,ANM,WE,Federal Contract Tower,14,30,21,0,65,0,7,13,0,20,14,37,34,0,85,2,0,2,87
11/08/2014,MFR,OR,ANM,WE,Federal Contract Tower,10,23,18,0,51,0,0,40,0,40,10,23,58,0,91,4,0,4,95
11/09/2014,MFR,OR,ANM,WE,Federal Contract Tower,18,12,9,0,39,0,0,13,0,13,18,12,22,0,52,14,0,14,66
11/10/2014,MFR,OR,ANM,WE,Federal Contract Tower,14,28,5,0,47,0,5,32,0,37,14,33,37,0,84,16,0,16,100
11/11/2014,MFR,OR,ANM,WE,Federal Contract Tower,14,24,5,0,43,0,2,33,0,35,14,26,38,0,78,20,0,20,98
11/12/2014,MFR,OR,ANM,WE,Federal Contract Tower,14,32,7,0,53,0,1,24,0,25,14,33,31,0,78,10,0,10,88
11/13/2014,MFR,OR,ANM,WE,Federal Contract Tower,18,30,10,0,58,0,0,19,0,19,18,30,29,0,77,12,0,12,89
11/14/2014,MFR,OR,ANM,WE,Federal Contract Tower,13,30,14,0,57,0,0,20,0,20,13,30,34,0,77,14,0,14,91
11/15/2014,MFR,OR,ANM,WE,Federal Contract Tower,10,19,8,0,37,0,0,28,0,28,10,19,36,0,65,10,0,10,75
11/16/2014,MFR,OR,ANM,WE,Federal Contract Tower,17,14,7,1,39,0,1,42,0,43,17,15,49,1,82,42,2,44,126
11/17/2014,MFR,OR,ANM,WE,Federal Contract Tower,15,31,8,0,54,0,5,30,0,35,15,36,38,0,89,36,0,36,125
11/18/2014,MFR,OR,ANM,WE,Federal Contract Tower,14,29,10,0,53,0,3,8,0,11,14,32,18,0,64,4,0,4,68
11/19/2014,MFR,OR,ANM,WE,Federal Contract Tower,14,32,16,0,62,0,1,9,0,10,14,33,25,0,72,2,0,2,74
11/20/2014,MFR,OR,ANM,WE,Federal Contract Tower,18,40,10,0,68,0,0,2,0,2,18,40,12,0,70,4,0,4,74
11/21/2014,MFR,OR,ANM,WE,Federal Contract Tower,15,27,14,0,56,0,0,7,0,7,15,27,21,0,63,10,0,10,73
11/22/2014,MFR,OR,ANM,WE,Federal Contract Tower,10,23,2,0,35,0,1,7,0,8,10,24,9,0,43,10,0,10,53
11/23/2014,MFR,OR,ANM,WE,Federal Contract Tower,21,11,4,0,36,0,0,6,0,6,21,11,10,0,42,4,0,4,46
11/24/2014,MFR,OR,ANM,WE,Federal Contract Tower,17,29,14,0,60,0,1,21,0,22,17,30,35,0,82,14,0,14,96
11/25/2014,MFR,OR,ANM,WE,Federal Contract Tower,14,41,17,0,72,0,8,26,2,36,14,49,43,2,108,38,2,40,148
11/26/2014,MFR,OR,ANM,WE,Federal Contract Tower,20,40,19,0,79,0,0,3,0,3,20,40,22,0,82,0,0,0,82
11/27/2014,MFR,OR,ANM,WE,Federal Contract Tower,11,9,2,0,22,0,0,6,0,6,11,9,8,0,28,0,0,0,28
11/28/2014,MFR,OR,ANM,WE,Federal Contract Tower,12,30,13,0,55,0,1,6,0,7,12,31,19,0,62,0,0,0,62
11/29/2014,MFR,OR,ANM,WE,Federal Contract Tower,14,25,18,0,57,0,1,2,0,3,14,26,20,0,60,0,0,0,60
11/30/2014,MFR,OR,ANM,WE,Federal Contract Tower,17,19,18,0,54,0,0,31,0,31,17,19,49,0,85,18,0,18,103
12/01/2014,MFR,OR,ANM,WE,Federal Contract Tower,16,27,11,0,54,0,1,15,0,16,16,28,26,0,70,12,0,12,82
12/02/2014,MFR,OR,ANM,WE,Federal Contract Tower,13,28,8,0,49,0,0,3,0,3,13,28,11,0,52,20,0,20,72
12/03/2014,MFR,OR,ANM,WE,Federal Contract Tower,13,27,9,1,50,0,1,8,0,9,13,28,17,1,59,10,0,10,69
12/04/2014,MFR,OR,ANM,WE,Federal Contract Tower,18,26,12,2,58,0,1,8,0,9,18,27,20,2,67,2,0,2,69
12/05/2014,MFR,OR,ANM,WE,Federal Contract Tower,16,30,15,1,62,0,3,22,0,25,16,33,37,1,87,12,0,12,99
12/06/2014,MFR,OR,ANM,WE,Federal Contract Tower,12,22,9,3,46,0,2,31,0,33,12,24,40,3,79,28,22,50,129
12/07/2014,MFR,OR,ANM,WE,Federal Contract Tower,16,17,12,0,45,0,0,18,0,18,16,17,30,0,63,38,0,38,101
12/08/2014,MFR,OR,ANM,WE,Federal Contract Tower,14,28,7,0,49,0,1,26,0,27,14,29,33,0,76,26,0,26,102
12/09/2014,MFR,OR,ANM,WE,Federal Contract Tower,13,30,18,1,62,0,3,22,1,26,13,33,40,2,88,12,0,12,100
12/10/2014,MFR,OR,ANM,WE,Federal Contract Tower,13,23,16,0,52,0,0,0,0,0,13,23,16,0,52,0,0,0,52
12/11/2014,MFR,OR,ANM,WE,Federal Contract Tower,18,21,9,0,48,0,0,0,0,0,18,21,9,0,48,0,0,0,48
12/12/2014,MFR,OR,ANM,WE,Federal Contract Tower,17,27,18,0,62,0,0,1,0,1,17,27,19,0,63,0,0,0,63
12/13/2014,MFR,OR,ANM,WE,Federal Contract Tower,11,21,20,0,52,0,0,24,2,26,11,21,44,2,78,8,0,8,86
12/14/2014,MFR,OR,ANM,WE,Federal Contract Tower,19,13,12,0,44,0,9,19,0,28,19,22,31,0,72,26,0,26,98
12/15/2014,MFR,OR,ANM,WE,Federal Contract Tower,16,20,3,1,40,0,4,14,1,19,16,24,17,2,59,16,0,16,75
12/16/2014,MFR,OR,ANM,WE,Federal Contract Tower,13,25,6,0,44,0,5,20,0,25,13,30,26,0,69,16,0,16,85
12/17/2014,MFR,OR,ANM,WE,Federal Contract Tower,13,25,18,0,56,0,0,11,0,11,13,25,29,0,67,16,0,16,83
12/18/2014,MFR,OR,ANM,WE,Federal Contract Tower,17,33,8,0,58,0,3,22,0,25,17,36,30,0,83,18,0,18,101
12/19/2014,MFR,OR,ANM,WE,Federal Contract Tower,16,37,16,0,69,0,1,8,1,10,16,38,24,1,79,0,0,0,79
12/20/2014,MFR,OR,ANM,WE,Federal Contract Tower,14,29,17,0,60,0,3,0,0,3,14,32,17,0,63,0,0,0,63
12/21/2014,MFR,OR,ANM,WE,Federal Contract Tower,15,24,10,0,49,0,0,4,0,4,15,24,14,0,53,16,0,16,69
12/22/2014,MFR,OR,ANM,WE,Federal Contract Tower,12,40,12,2,66,0,6,6,1,13,12,46,18,3,79,20,0,20,99
12/23/2014,MFR,OR,ANM,WE,Federal Contract Tower,12,48,15,2,77,0,5,36,0,41,12,53,51,2,118,8,0,8,126
12/24/2014,MFR,OR,ANM,WE,Federal Contract Tower,14,35,2,0,51,0,0,0,0,0,14,35,2,0,51,0,0,0,51
12/25/2014,MFR,OR,ANM,WE,Federal Contract Tower,13,12,1,0,26,0,4,0,0,4,13,16,1,0,30,0,0,0,30
12/26/2014,MFR,OR,ANM,WE,Federal Contract Tower,12,42,10,0,64,0,2,14,0,16,12,44,24,0,80,6,0,6,86
12/27/2014,MFR,OR,ANM,WE,Federal Contract Tower,12,24,12,0,48,0,7,27,0,34,12,31,39,0,82,2,0,2,84
12/28/2014,MFR,OR,ANM,WE,Federal Contract Tower,15,19,5,0,39,0,4,10,0,14,15,23,15,0,53,8,0,8,61
12/29/2014,MFR,OR,ANM,WE,Federal Contract Tower,12,28,6,0,46,0,2,3,0,5,12,30,9,0,51,0,0,0,51
12/30/2014,MFR,OR,ANM,WE,Federal Contract Tower,12,31,10,0,53,0,7,34,0,41,12,38,44,0,94,6,0,6,100
12/31/2014,MFR,OR,ANM,WE,Federal Contract Tower,12,28,7,0,47,0,5,31,1,37,12,33,38,1,84,18,0,18,102
01/01/2015,MFR,OR,ANM,WE,Federal Contract Tower,11,19,6,0,36,0,0,32,0,32,11,19,38,0,68,14,0,14,82
01/02/2015,MFR,OR,ANM,WE,Federal Contract Tower,13,33,12,0,58,0,5,38,0,43,13,38,50,0,101,18,0,18,119
01/03/2015,MFR,OR,ANM,WE,Federal Contract Tower,12,20,10,0,42,0,0,12,0,12,12,20,22,0,54,0,0,0,54
01/04/2015,MFR,OR,ANM,WE,Federal Contract Tower,17,19,19,0,55,0,1,9,0,10,17,20,28,0,65,6,0,6,71
01/05/2015,MFR,OR,ANM,WE,Federal Contract Tower,12,32,6,4,54,0,8,17,0,25,12,40,23,4,79,26,0,26,105
01/06/2015,MFR,OR,ANM,WE,Federal Contract Tower,11,20,13,0,44,0,2,26,0,28,11,22,39,0,72,6,0,6,78
01/07/2015,MFR,OR,ANM,WE,Federal Contract Tower,17,20,17,0,54,0,3,28,0,31,17,23,45,0,85,32,0,32,117
01/08/2015,MFR,OR,ANM,WE,Federal Contract Tower,15,19,14,0,48,0,0,7,0,7,15,19,21,0,55,2,0,2,57
01/09/2015,MFR,OR,ANM,WE,Federal Contract Tower,10,23,18,0,51,0,1,4,0,5,10,24,22,0,56,0,0,0,56
01/10/2015,MFR,OR,ANM,WE,Federal Contract Tower,8,20,7,1,36,0,5,11,0,16,8,25,18,1,52,18,0,18,70
01/11/2015,MFR,OR,ANM,WE,Federal Contract Tower,14,9,6,0,29,0,0,0,0,0,14,9,6,0,29,0,0,0,29
01/12/2015,MFR,OR,ANM,WE,Federal Contract Tower,13,30,16,0,59,0,0,0,0,0,13,30,16,0,59,0,0,0,59
01/13/2015,MFR,OR,ANM,WE,Federal Contract Tower,11,25,20,0,56,0,2,18,0,20,11,27,38,0,76,12,0,12,88
01/14/2015,MFR,OR,ANM,WE,Federal Contract Tower,12,26,18,0,56,0,11,26,0,37,12,37,44,0,93,34,0,34,127
01/15/2015,MFR,OR,ANM,WE,Federal Contract Tower,15,26,10,1,52,0,6,11,0,17,15,32,21,1,69,2,0,2,71
01/16/2015,MFR,OR,ANM,WE,Federal Contract Tower,14,24,10,0,48,0,0,7,0,7,14,24,17,0,55,2,0,2,57
01/17/2015,MFR,OR,ANM,WE,Federal Contract Tower,10,17,15,0,42,0,0,0,0,0,10,17,15,0,42,0,0,0,42
01/18/2015,MFR,OR,ANM,WE,Federal Contract Tower,17,11,6,0,34,0,4,11,0,15,17,15,17,0,49,16,0,16,65
01/19/2015,MFR,OR,ANM,WE,Federal Contract Tower,13,20,24,0,57,0,1,25,0,26,13,21,49,0,83,4,0,4,87
01/20/2015,MFR,OR,ANM,WE,Federal Contract Tower,12,25,12,0,49,0,0,0,0,0,12,25,12,0,49,0,0,0,49
01/21/2015,MFR,OR,ANM,WE,Federal Contract Tower,13,25,10,0,48,0,0,26,0,26,13,25,36,0,74,20,0,20,94
01/22/2015,MFR,OR,ANM,WE,Federal Contract Tower,17,25,5,0,47,0,9,24,0,33,17,34,29,0,80,16,0,16,96
01/23/2015,MFR,OR,ANM,WE,Federal Contract Tower,15,21,13,1,50,0,4,24,3,31,15,25,37,4,81,16,0,16,97
01/24/2015,MFR,OR,ANM,WE,Federal Contract Tower,12,11,15,0,38,0,4,46,0,50,12,15,61,0,88,18,0,18,106
01/25/2015,MFR,OR,ANM,WE,Federal Contract Tower,13,11,12,0,36,0,0,30,0,30,13,11,42,0,66,6,0,6,72
01/26/2015,MFR,OR,ANM,WE,Federal Contract Tower,12,22,5,0,39,0,2,13,0,15,12,24,18,0,54,14,0,14,68
01/27/2015,MFR,OR,ANM,WE,Federal Contract Tower,11,25,8,0,44,1,2,16,0,19,12,27,24,0,63,26,0,26,89
01/28/2015,MFR,OR,ANM,WE,Federal Contract Tower,13,26,11,0,50,0,2,37,0,39,13,28,48,0,89,22,0,22,111
01/29/2015,MFR,OR,ANM,WE,Federal Contract Tower,19,24,8,0,51,0,4,43,0,47,19,28,51,0,98,30,0,30,128
01/30/2015,MFR,OR,ANM,WE,Federal Contract Tower,11,25,6,0,42,0,6,14,0,20,11,31,20,0,62,10,0,10,72
01/31/2015,MFR,OR,ANM,WE,Federal Contract Tower,9,12,7,0,28,0,5,25,0,30,9,17,32,0,58,4,0,4,62
02/01/2015,MFR,OR,ANM,WE,Federal Contract Tower,19,9,3,0,31,0,3,8,0,11,19,12,11,0,42,8,0,8,50
02/02/2015,MFR,OR,ANM,WE,Federal Contract Tower,13,27,18,0,58,0,0,0,0,0,13,27,18,0,58,0,0,0,58
02/03/2015,MFR,OR,ANM,WE,Federal Contract Tower,11,29,27,4,71,0,0,2,0,2,11,29,29,4,73,0,0,0,73
02/04/2015,MFR,OR,ANM,WE,Federal Contract Tower,13,26,35,0,74,0,3,20,0,23,13,29,55,0,97,40,0,40,137
02/05/2015,MFR,OR,ANM,WE,Federal Contract Tower,17,25,18,1,61,0,0,9,6,15,17,25,27,7,76,0,16,16,92
02/06/2015,MFR,OR,ANM,WE,Federal Contract Tower,13,17,14,0,44,0,0,2,0,2,13,17,16,0,46,0,0,0,46
02/07/2015,MFR,OR,ANM,WE,Federal Contract Tower,11,12,6,0,29,0,2,10,0,12,11,14,16,0,41,40,0,40,81
02/08/2015,MFR,OR,ANM,WE,Federal Contract Tower,18,8,3,0,29,0,0,5,0,5,18,8,8,0,34,14,0,14,48
02/09/2015,MFR,OR,ANM,WE,Federal Contract Tower,13,27,10,0,50,0,3,21,0,24,13,30,31,0,74,10,0,10,84
02/10/2015,MFR,OR,ANM,WE,Federal Contract Tower,11,22,12,2,47,0,12,55,0,67,11,34,67,2,114,38,0,38,152
02/11/2015,MFR,OR,ANM,WE,Federal Contract Tower,13,26,15,0,54,0,7,52,0,59,13,33,67,0,113,32,0,32,145
02/12/2015,MFR,OR,ANM,WE,Federal Contract Tower,17,29,14,0,60,0,2,32,0,34,17,31,46,0,94,50,0,50,144
02/13/2015,MFR,OR,ANM,WE,Federal Contract Tower,12,27,8,0,47,1,0,30,0,31,13,27,38,0,78,28,0,28,106
02/14/2015,MFR,OR,ANM,WE,Federal Contract Tower,11,14,11,0,36,0,3,25,0,28,11,17,36,0,64,28,0,28,92
02/15/2015,MFR,OR,ANM,WE,Federal Contract Tower,20,14,4,0,38,0,1,36,0,37,20,15,40,0,75,34,0,34,109
02/16/2015,MFR,OR,ANM,WE,Federal Contract Tower,10,23,10,0,43,0,6,43,0,49,10,29,53,0,92,28,0,28,120
02/17/2015,MFR,OR,ANM,WE,Federal Contract Tower,11,29,8,1,49,0,8,55,1,64,11,37,63,2,113,24,0,24,137
02/18/2015,MFR,OR,ANM,WE,Federal Contract Tower,13,28,6,0,47,0,5,44,0,49,13,33,50,0,96,8,0,8,104
02/19/2015,MFR,OR,ANM,WE,Federal Contract Tower,16,29,16,1,62,0,0,31,1,32,16,29,47,2,94,20,0,20,114
02/20/2015,MFR,OR,ANM,WE,Federal Contract Tower,12,22,17,6,57,0,1,36,0,37,12,23,53,6,94,12,6,18,112
02/21/2015,MFR,OR,ANM,WE,Federal Contract Tower,10,14,11,2,37,0,4,64,8,76,10,18,75,10,113,16,0,16,129
02/22/2015,MFR,OR,ANM,WE,Federal Contract Tower,16,13,12,1,42,0,2,33,2,37,16,15,45,3,79,4,0,4,83
02/23/2015,MFR,OR,ANM,WE,Federal Contract Tower,12,28,17,7,64,0,5,44,0,49,12,33,61,7,113,22,0,22,135
02/24/2015,MFR,OR,ANM,WE,Federal Contract Tower,11,30,9,0,50,0,9,34,0,43,11,39,43,0,93,32,0,32,125
02/25/2015,MFR,OR,ANM,WE,Federal Contract Tower,12,21,9,0,42,0,4,37,0,41,12,25,46,0,83,12,0,12,95
02/26/2015,MFR,OR,ANM,WE,Federal Contract Tower,17,31,14,0,62,0,6,27,0,33,17,37,41,0,95,30,0,30,125
02/27/2015,MFR,OR,ANM,WE,Federal Contract Tower,12,29,19,0,60,0,0,6,0,6,12,29,25,0,66,4,0,4,70
02/28/2015,MFR,OR,ANM,WE,Federal Contract Tower,10,16,6,0,32,0,0,12,0,12,10,16,18,0,44,0,0,0,44
03/01/2015,MFR,OR,ANM,WE,Federal Contract Tower,19,12,17,0,48,0,1,38,0,39,19,13,55,0,87,10,0,10,97
03/02/2015,MFR,OR,ANM,WE,Federal Contract Tower,14,22,4,0,40,0,2,13,0,15,14,24,17,0,55,0,0,0,55
03/03/2015,MFR,OR,ANM,WE,Federal Contract Tower,13,19,9,0,41,0,9,36,0,45,13,28,45,0,86,8,0,8,94
03/04/2015,MFR,OR,ANM,WE,Federal Contract Tower,15,21,8,6,50,0,7,27,1,35,15,28,35,7,85,10,16,26,111
03/05/2015,MFR,OR,ANM,WE,Federal Contract Tower,20,24,12,4,60,0,6,42,1,49,20,30,54,5,109,30,0,30,139
03/06/2015,MFR,OR,ANM,WE,Federal Contract Tower,14,22,11,0,47,0,7,46,0,53,14,29,57,0,100,28,0,28,128
03/07/2015,MFR,OR,ANM,WE,Federal Contract Tower,12,18,9,0,39,0,8,60,0,68,12,26,69,0,107,14,0,14,121
03/08/2015,MFR,OR,ANM,WE,Federal Contract Tower,18,8,19,0,45,0,0,47,0,47,18,8,66,0,92,24,0,24,116
03/09/2015,MFR,OR,ANM,WE,Federal Contract Tower,14,18,12,0,44,0,4,37,0,41,14,22,49,0,85,18,0,18,103
03/10/2015,MFR,OR,ANM,WE,Federal Contract Tower,14,29,10,0,53,0,8,39,0,47,14,37,49,0,100,20,0,20,120
03/11/2015,MFR,OR,ANM,WE,Federal Contract Tower,14,29,10,4,57,0,0,14,0,14,14,29,24,4,71,16,4,20,91
03/12/2015,MFR,OR,ANM,WE,Federal Contract Tower,18,33,10,0,61,0,4,39,0,43,18,37,49,0,104,50,0,50,154
03/13/2015,MFR,OR,ANM,WE,Federal Contract Tower,14,22,5,0,41,0,7,23,0,30,14,29,28,0,71,30,0,30,101
03/14/2015,MFR,OR,ANM,WE,Federal Contract Tower,10,16,6,0,32,0,3,4,0,7,10,19,10,0,39,2,0,2,41
03/15/2015,MFR,OR,ANM,WE,Federal Contract Tower,19,13,11,0,43,0,0,2,0,2,19,13,13,0,45,0,0,0,45
03/16/2015,MFR,OR,ANM,WE,Federal Contract Tower,14,21,10,0,45,0,1,9,0,10,14,22,19,0,55,2,0,2,57
03/17/2015,MFR,OR,ANM,WE,Federal Contract Tower,13,25,13,0,51,0,9,25,0,34,13,34,38,0,85,18,0,18,103
03/18/2015,MFR,OR,ANM,WE,Federal Contract Tower,12,20,18,2,52,0,15,43,0,58,12,35,61,2,110,8,0,8,118
03/19/2015,MFR,OR,ANM,WE,Federal Contract Tower,19,19,12,4,54,0,16,50,0,66,19,35,62,4,120,32,0,32,152
03/20/2015,MFR,OR,ANM,WE,Federal Contract Tower,16,18,14,0,48,0,6,26,0,32,16,24,40,0,80,20,0,20,100
03/21/2015,MFR,OR,ANM,WE,Federal Contract Tower,10,12,11,0,33,0,11,17,0,28,10,23,28,0,61,16,0,16,77
03/22/2015,MFR,OR,ANM,WE,Federal Contract Tower,19,10,8,0,37,0,0,4,0,4,19,10,12,0,41,0,0,0,41
03/23/2015,MFR,OR,ANM,WE,Federal Contract Tower,16,25,5,0,46,0,0,9,0,9,16,25,14,0,55,6,0,6,61
03/24/2015,MFR,OR,ANM,WE,Federal Contract Tower,12,25,5,1,43,0,9,7,1,17,12,34,12,2,60,2,0,2,62
03/25/2015,MFR,OR,ANM,WE,Federal Contract Tower,12,30,13,0,55,0,5,27,0,32,12,35,40,0,87,6,0,6,93
03/26/2015,MFR,OR,ANM,WE,Federal Contract Tower,18,42,7,3,70,0,10,52,0,62,18,52,59,3,132,26,0,26,158
03/27/2015,MFR,OR,ANM,WE,Federal Contract Tower,16,25,16,0,57,0,7,56,1,64,16,32,72,1,121,6,0,6,127
03/28/2015,MFR,OR,ANM,WE,Federal Contract Tower,10,12,7,2,31,0,3,48,0,51,10,15,55,2,82,6,0,6,88
03/29/2015,MFR,OR,ANM,WE,Federal Contract Tower,15,15,11,0,41,0,2,55,2,59,15,17,66,2,100,18,0,18,118
03/30/2015,MFR,OR,ANM,WE,Federal Contract Tower,19,21,9,2,51,0,11,35,0,46,19,32,44,2,97,26,2,28,125
03/31/2015,MFR,OR,ANM,WE,Federal Contract Tower,14,26,5,0,45,0,5,22,0,27,14,31,27,0,72,28,0,28,100
04/01/2015,MFR,OR,ANM,WE,Federal Contract Tower,14,26,9,0,49,0,3,19,0,22,14,29,28,0,71,8,0,8,79
04/02/2015,MFR,OR,ANM,WE,Federal Contract Tower,17,27,4,2,50,0,8,34,0,42,17,35,38,2,92,32,0,32,124
04/03/2015,MFR,OR,ANM,WE,Federal Contract Tower,15,27,15,0,57,0,10,38,0,48,15,37,53,0,105,26,0,26,131
04/04/2015,MFR,OR,ANM,WE,Federal Contract Tower,8,13,15,0,36,0,6,32,0,38,8,19,47,0,74,12,0,12,86
04/05/2015,MFR,OR,ANM,WE,Federal Contract Tower,17,12,10,0,39,0,2,1,0,3,17,14,11,0,42,0,0,0,42
04/06/2015,MFR,OR,ANM,WE,Federal Contract Tower,14,22,10,0,46,0,4,7,0,11,14,26,17,0,57,0,0,0,57
04/07/2015,MFR,OR,ANM,WE,Federal Contract Tower,14,34,13,2,63,0,2,4,0,6,14,36,17,2,69,0,0,0,69
04/08/2015,MFR,OR,ANM,WE,Federal Contract Tower,18,24,10,0,52,0,7,12,0,19,18,31,22,0,71,32,0,32,103
04/09/2015,MFR,OR,ANM,WE,Federal Contract Tower,22,25,9,1,57,0,8,38,0,46,22,33,47,1,103,8,0,8,111
04/10/2015,MFR,OR,ANM,WE,Federal Contract Tower,17,23,10,1,51,0,4,37,0,41,17,27,47,1,92,12,0,12,104
04/11/2015,MFR,OR,ANM,WE,Federal Contract Tower,10,21,4,0,35,0,0,3,0,3,10,21,7,0,38,6,0,6,44
04/12/2015,MFR,OR,ANM,WE,Federal Contract Tower,23,12,24,3,62,0,1,34,0,35,23,13,58,3,97,16,0,16,113
04/13/2015,MFR,OR,ANM,WE,Federal Contract Tower,17,21,8,2,48,0,0,15,0,15,17,21,23,2,63,14,0,14,77
04/14/2015,MFR,OR,ANM,WE,Federal Contract Tower,17,34,6,0,57,0,3,33,0,36,17,37,39,0,93,8,0,8,101
04/15/2015,MFR,OR,ANM,WE,Federal Contract Tower,14,23,9,0,46,0,8,46,0,54,14,31,55,0,100,18,0,18,118
04/16/2015,MFR,OR,ANM,WE,Federal Contract Tower,21,18,9,0,48,0,12,58,0,70,21,30,67,0,118,30,0,30,148
04/17/2015,MFR,OR,ANM,WE,Federal Contract Tower,18,16,19,2,55,0,9,54,0,63,18,25,73,2,118,10,2,12,130
04/18/2015,MFR,OR,ANM,WE,Federal Contract Tower,10,15,14,0,39,0,4,55,0,59,10,19,69,0,98,6,0,6,104
04/19/2015,MFR,OR,ANM,WE,Federal Contract Tower,24,6,10,0,40,0,3,32,0,35,24,9,42,0,75,12,0,12,87
04/20/2015,MFR,OR,ANM,WE,Federal Contract Tower,18,13,16,0,47,0,8,41,2,51,18,21,57,2,98,12,0,12,110
04/21/2015,MFR,OR,ANM,WE,Federal Contract Tower,17,22,13,2,54,0,4,36,0,40,17,26,49,2,94,16,0,16,110
04/22/2015,MFR,OR,ANM,WE,Federal Contract Tower,18,21,16,0,55,0,7,35,0,42,18,28,51,0,97,10,0,10,107
04/23/2015,MFR,OR,ANM,WE,Federal Contract Tower,22,21,13,0,56,0,1,57,0,58,22,22,70,0,114,18,0,18,132
04/24/2015,MFR,OR,ANM,WE,Federal Contract Tower,16,24,19,5,64,0,0,26,4,30,16,24,45,9,94,10,4,14,108
04/25/2015,MFR,OR,ANM,WE,Federal Contract Tower,10,24,12,0,46,0,0,24,0,24,10,24,36,0,70,0,0,0,70
04/26/2015,MFR,OR,ANM,WE,Federal Contract Tower,24,5,12,0,41,0,5,37,0,42,24,10,49,0,83,22,0,22,105
04/27/2015,MFR,OR,ANM,WE,Federal Contract Tower,17,15,8,0,40,0,9,55,0,64,17,24,63,0,104,24,0,24,128
04/28/2015,MFR,OR,ANM,WE,Federal Contract Tower,17,19,13,1,50,0,3,29,1,33,17,22,42,2,83,14,0,14,97
04/29/2015,MFR,OR,ANM,WE,Federal Contract Tower,19,16,21,0,56,0,7,18,0,25,19,23,39,0,81,6,0,6,87
04/30/2015,MFR,OR,ANM,WE,Federal Contract Tower,22,14,14,0,50,0,16,46,2,64,22,30,60,2,114,14,0,14,128
05/01/2015,MFR,OR,ANM,WE,Federal Contract Tower,17,19,16,0,52,0,7,53,0,60,17,26,69,0,112,18,0,18,130
05/02/2015,MFR,OR,ANM,WE,Federal Contract Tower,17,15,8,0,40,0,12,41,0,53,17,27,49,0,93,8,0,8,101
05/03/2015,MFR,OR,ANM,WE,Federal Contract Tower,29,9,17,0,55,0,15,28,0,43,29,24,45,0,98,0,0,0,98
05/04/2015,MFR,OR,ANM,WE,Federal Contract Tower,19,12,16,0,47,0,10,45,0,55,19,22,61,0,102,12,0,12,114
05/05/2015,MFR,OR,ANM,WE,Federal Contract Tower,20,28,15,2,65,0,11,33,0,44,20,39,48,2,109,12,0,12,121
05/06/2015,MFR,OR,ANM,WE,Federal Contract Tower,15,22,17,1,55,0,7,43,0,50,15,29,60,1,105,36,0,36,141
05/07/2015,MFR,OR,ANM,WE,Federal Contract Tower,19,29,9,4,61,0,3,38,1,42,19,32,47,5,103,2,2,4,107
05/08/2015,MFR,OR,ANM,WE,Federal Contract Tower,15,26,9,1,51,0,1,55,1,57,15,27,64,2,108,22,0,22,130
05/09/2015,MFR,OR,ANM,WE,Federal Contract Tower,9,17,9,0,35,0,1,66,0,67,9,18,75,0,102,38,0,38,140
05/10/2015,MFR,OR,ANM,WE,Federal Contract Tower,19,13,5,0,37,0,0,36,2,38,19,13,41,2,75,4,0,4,79
05/11/2015,MFR,OR,ANM,WE,Federal Contract Tower,20,17,17,2,56,0,0,6,2,8,20,17,23,4,64,0,0,0,64
05/12/2015,MFR,OR,ANM,WE,Federal Contract Tower,15,22,14,5,56,0,5,11,3,19,15,27,25,8,75,10,8,18,93
05/13/2015,MFR,OR,ANM,WE,Federal Contract Tower,15,24,23,0,62,1,0,16,0,17,16,24,39,0,79,0,0,0,79
05/14/2015,MFR,OR,ANM,WE,Federal Contract Tower,19,23,21,2,65,0,2,24,0,26,19,25,45,2,91,4,0,4,95
05/15/2015,MFR,OR,ANM,WE,Federal Contract Tower,15,24,20,2,61,0,9,26,0,35,15,33,46,2,96,12,0,12,108
05/16/2015,MFR,OR,ANM,WE,Federal Contract Tower,9,18,10,2,39,0,7,33,0,40,9,25,43,2,79,6,4,10,89
05/17/2015,MFR,OR,ANM,WE,Federal Contract Tower,19,14,10,0,43,0,4,34,0,38,19,18,44,0,81,6,0,6,87
05/18/2015,MFR,OR,ANM,WE,Federal Contract Tower,15,23,17,0,55,0,3,24,0,27,15,26,41,0,82,0,0,0,82
05/19/2015,MFR,OR,ANM,WE,Federal Contract Tower,14,24,23,0,61,0,2,29,0,31,14,26,52,0,92,30,0,30,122
05/20/2015,MFR,OR,ANM,WE,Federal Contract Tower,15,26,16,0,57,0,1,22,0,23,15,27,38,0,80,18,0,18,98
05/21/2015,MFR,OR,ANM,WE,Federal Contract Tower,17,24,27,2,70,0,2,16,0,18,17,26,43,2,88,38,0,38,126
05/22/2015,MFR,OR,ANM,WE,Federal Contract Tower,17,27,23,0,67,0,1,26,0,27,17,28,49,0,94,2,0,2,96
05/23/2015,MFR,OR,ANM,WE,Federal Contract Tower,7,13,16,4,40,0,3,23,0,26,7,16,39,4,66,28,0,28,94
05/24/2015,MFR,OR,ANM,WE,Federal Contract Tower,10,9,15,0,34,0,2,17,0,19,10,11,32,0,53,8,0,8,61
05/25/2015,MFR,OR,ANM,WE,Federal Contract Tower,20,13,14,0,47,0,4,44,0,48,20,17,58,0,95,18,0,18,113
05/26/2015,MFR,OR,ANM,WE,Federal Contract Tower,15,24,19,1,59,0,7,45,2,54,15,31,64,3,113,14,0,14,127
05/27/2015,MFR,OR,ANM,WE,Federal Contract Tower,15,23,23,0,61,0,17,39,0,56,15,40,62,0,117,16,0,16,133
05/28/2015,MFR,OR,ANM,WE,Federal Contract Tower,19,25,13,6,63,0,2,47,0,49,19,27,60,6,112,72,6,78,190
05/29/2015,MFR,OR,ANM,WE,Federal Contract Tower,16,27,16,0,59,0,9,36,0,45,16,36,52,0,104,10,0,10,114
05/30/2015,MFR,OR,ANM,WE,Federal Contract Tower,9,19,5,0,33,0,3,48,0,51,9,22,53,0,84,22,0,22,106
05/31/2015,MFR,OR,ANM,WE,Federal Contract Tower,20,13,9,0,42,0,1,35,0,36,20,14,44,0,78,22,0,22,100
06/01/2015,MFR,OR,ANM,WE,Federal Contract Tower,16,23,16,0,55,0,2,10,0,12,16,25,26,0,67,0,0,0,67
06/02/2015,MFR,OR,ANM,WE,Federal Contract Tower,15,17,10,2,44,0,3,10,0,13,15,20,20,2,57,4,0,4,61
06/03/2015,MFR,OR,ANM,WE,Federal Contract Tower,17,21,15,0,53,0,14,26,0,40,17,35,41,0,93,20,0,20,113
06/04/2015,MFR,OR,ANM,WE,Federal Contract Tower,21,14,4,0,39,0,5,33,0,38,21,19,37,0,77,38,0,38,115
06/05/2015,MFR,OR,ANM,WE,Federal Contract Tower,19,20,10,0,49,0,9,42,0,51,19,29,52,0,100,24,0,24,124
06/06/2015,MFR,OR,ANM,WE,Federal Contract Tower,17,8,10,0,35,0,3,49,0,52,17,11,59,0,87,24,0,24,111
06/07/2015,MFR,OR,ANM,WE,Federal Contract Tower,24,10,6,2,42,0,0,33,0,33,24,10,39,2,75,6,0,6,81
06/08/2015,MFR,OR,ANM,WE,Federal Contract Tower,27,15,11,0,53,0,7,48,0,55,27,22,59,0,108,44,0,44,152
06/09/2015,MFR,OR,ANM,WE,Federal Contract Tower,21,17,12,0,50,0,40,43,0,83,21,57,55,0,133,18,0,18,151
06/10/2015,MFR,OR,ANM,WE,Federal Contract Tower,24,14,10,0,48,0,21,58,0,79,24,35,68,0,127,14,0,14,141
06/11/2015,MFR,OR,ANM,WE,Federal Contract Tower,25,21,9,0,55,0,24,56,0,80,25,45,65,0,135,18,0,18,153
06/12/2015,MFR,OR,ANM,WE,Federal Contract Tower,25,17,14,0,56,0,21,61,0,82,25,38,75,0,138,28,0,28,166
06/13/2015,MFR,OR,ANM,WE,Federal Contract Tower,22,9,18,0,49,0,12,58,0,70,22,21,76,0,119,12,0,12,131
06/14/2015,MFR,OR,ANM,WE,Federal Contract Tower,24,7,17,0,48,0,9,55,0,64,24,16,72,0,112,28,0,28,140
06/15/2015,MFR,OR,ANM,WE,Federal Contract Tower,25,19,13,0,57,0,19,43,4,66,25,38,56,4,123,18,6,24,147
06/16/2015,MFR,OR,ANM,WE,Federal Contract Tower,17,19,11,0,47,0,20,46,0,66,17,39,57,0,113,20,0,20,133
06/17/2015,MFR,OR,ANM,WE,Federal Contract Tower,22,18,19,0,59,21,29,49,0,99,43,47,68,0,158,14,0,14,172
06/18/2015,MFR,OR,ANM,WE,Federal Contract Tower,24,22,18,0,64,1,17,50,0,68,25,39,68,0,132,16,0,16,148
06/19/2015,MFR,OR,ANM,WE,Federal Contract Tower,25,17,28,7,77,0,15,47,1,63,25,32,75,8,140,14,0,14,154
06/20/2015,MFR,OR,ANM,WE,Federal Contract Tower,22,7,16,1,46,0,7,33,1,41,22,14,49,2,87,2,0,2,89
06/21/2015,MFR,OR,ANM,WE,Federal Contract Tower,23,9,16,0,48,0,8,64,0,72,23,17,80,0,120,2,0,2,122
06/22/2015,MFR,OR,ANM,WE,Federal Contract Tower,26,17,21,3,67,0,15,52,3,70,26,32,73,6,137,18,0,18,155
06/23/2015,MFR,OR,ANM,WE,Federal Contract Tower,20,19,15,0,54,0,10,35,0,45,20,29,50,0,99,18,0,18,117
06/24/2015,MFR,OR,ANM,WE,Federal Contract Tower,20,18,14,1,53,0,6,46,1,53,20,24,60,2,106,10,0,10,116
06/25/2015,MFR,OR,ANM,WE,Federal Contract Tower,25,26,16,0,67,0,6,48,0,54,25,32,64,0,121,10,0,10,131
06/26/2015,MFR,OR,ANM,WE,Federal Contract Tower,25,22,8,0,55,0,6,40,0,46,25,28,48,0,101,2,0,2,103
06/27/2015,MFR,OR,ANM,WE,Federal Contract Tower,21,10,7,0,38,5,54,38,2,99,26,64,45,2,137,18,0,18,155
06/28/2015,MFR,OR,ANM,WE,Federal Contract Tower,25,10,13,0,48,0,22,30,0,52,25,32,43,0,100,12,0,12,112
06/29/2015,MFR,OR,ANM,WE,Federal Contract Tower,24,15,13,0,52,2,19,50,0,71,26,34,63,0,123,16,0,16,139
06/30/2015,MFR,OR,ANM,WE,Federal Contract Tower,21,23,10,2,56,14,12,57,0,83,35,35,67,2,139,12,0,12,151
07/01/2015,MFR,OR,ANM,WE,Federal Contract Tower,23,17,11,2,53,0,11,63,0,74,23,28,74,2,127,38,0,38,165
07/02/2015,MFR,OR,ANM,WE,Federal Contract Tower,26,22,15,0,63,1,18,22,0,41,27,40,37,0,104,0,0,0,104
07/03/2015,MFR,OR,ANM,WE,Federal Contract Tower,24,19,10,0,53,1,12,47,0,60,25,31,57,0,113,26,0,26,139
07/04/2015,MFR,OR,ANM,WE,Federal Contract Tower,21,7,6,0,34,0,3,22,2,27,21,10,28,2,61,6,0,6,67
07/05/2015,MFR,OR,ANM,WE,Federal Contract Tower,28,11,11,0,50,0,14,36,0,50,28,25,47,0,100,32,0,32,132
07/06/2015,MFR,OR,ANM,WE,Federal Contract Tower,26,18,16,0,60,0,12,63,0,75,26,30,79,0,135,10,0,10,145
07/07/2015,MFR,OR,ANM,WE,Federal Contract Tower,26,15,16,0,57,0,6,39,0,45,26,21,55,0,102,14,0,14,116
07/08/2015,MFR,OR,ANM,WE,Federal Contract Tower,24,16,19,0,59,0,21,55,0,76,24,37,74,0,135,20,0,20,155
07/09/2015,MFR,OR,ANM,WE,Federal Contract Tower,26,24,20,0,70,0,16,31,0,47,26,40,51,0,117,26,0,26,143
07/10/2015,MFR,OR,ANM,WE,Federal Contract Tower,25,22,23,0,70,0,9,32,6,47,25,31,55,6,117,40,0,40,157
07/11/2015,MFR,OR,ANM,WE,Federal Contract Tower,18,19,21,0,58,0,13,40,4,57,18,32,61,4,115,50,0,50,165
07/12/2015,MFR,OR,ANM,WE,Federal Contract Tower,24,13,22,0,59,0,15,42,0,57,24,28,64,0,116,24,0,24,140
07/13/2015,MFR,OR,ANM,WE,Federal Contract Tower,27,16,10,0,53,0,19,34,0,53,27,35,44,0,106,38,0,38,144
07/14/2015,MFR,OR,ANM,WE,Federal Contract Tower,27,22,17,0,66,0,20,54,0,74,27,42,71,0,140,36,0,36,176
07/15/2015,MFR,OR,ANM,WE,Federal Contract Tower,22,18,13,0,53,0,19,56,0,75,22,37,69,0,128,32,0,32,160
07/16/2015,MFR,OR,ANM,WE,Federal Contract Tower,25,31,16,2,74,0,18,47,0,65,25,49,63,2,139,40,0,40,179
07/17/2015,MFR,OR,ANM,WE,Federal Contract Tower,23,17,19,0,59,0,16,40,0,56,23,33,59,0,115,18,0,18,133
07/18/2015,MFR,OR,ANM,WE,Federal Contract Tower,19,17,2,0,38,0,12,34,0,46,19,29,36,0,84,6,0,6,90
07/19/2015,MFR,OR,ANM,WE,Federal Contract Tower,22,11,17,0,50,0,2,48,4,54,22,13,65,4,104,18,0,18,122
07/20/2015,MFR,OR,ANM,WE,Federal Contract Tower,28,19,10,0,57,0,10,24,0,34,28,29,34,0,91,10,0,10,101
07/21/2015,MFR,OR,ANM,WE,Federal Contract Tower,24,16,16,0,56,0,6,48,2,56,24,22,64,2,112,32,0,32,144
07/22/2015,MFR,OR,ANM,WE,Federal Contract Tower,26,13,13,0,52,0,11,38,0,49,26,24,51,0,101,46,0,46,147
07/23/2015,MFR,OR,ANM,WE,Federal Contract Tower,25,18,11,0,54,0,6,49,1,56,25,24,60,1,110,32,0,32,142
07/24/2015,MFR,OR,ANM,WE,Federal Contract Tower,27,19,6,0,52,0,11,42,1,54,27,30,48,1,106,14,0,14,120
07/25/2015,MFR,OR,ANM,WE,Federal Contract Tower,18,20,10,0,48,0,6,48,2,56,18,26,58,2,104,22,0,22,126
07/26/2015,MFR,OR,ANM,WE,Federal Contract Tower,22,12,9,0,43,0,6,36,3,45,22,18,45,3,88,22,0,22,110
07/27/2015,MFR,OR,ANM,WE,Federal Contract Tower,26,15,14,1,56,0,16,47,1,64,26,31,61,2,120,10,0,10,130
07/28/2015,MFR,OR,ANM,WE,Federal Contract Tower,26,16,11,1,54,0,29,42,1,72,26,45,53,2,126,36,0,36,162
07/29/2015,MFR,OR,ANM,WE,Federal Contract Tower,27,12,15,2,56,0,21,46,0,67,27,33,61,2,123,16,12,28,151
07/30/2015,MFR,OR,ANM,WE,Federal Contract Tower,26,17,16,2,61,0,66,58,0,124,26,83,74,2,185,6,0,6,191
07/31/2015,MFR,OR,ANM,WE,Federal Contract Tower,25,19,15,0,59,0,49,38,0,87,25,68,53,0,146,18,2,20,166
08/01/2015,MFR,OR,ANM,WE,Federal Contract Tower,18,22,23,0,63,0,0,1,0,1,18,22,24,0,64,0,0,0,64
08/02/2015,MFR,OR,ANM,WE,Federal Contract Tower,26,15,20,0,61,0,0,1,0,1,26,15,21,0,62,0,0,0,62
08/03/2015,MFR,OR,ANM,WE,Federal Contract Tower,26,26,19,0,71,0,0,0,0,0,26,26,19,0,71,0,0,0,71
08/04/2015,MFR,OR,ANM,WE,Federal Contract Tower,30,20,21,0,71,0,14,10,0,24,30,34,31,0,95,2,0,2,97
08/05/2015,MFR,OR,ANM,WE,Federal Contract Tower,25,19,14,0,58,11,32,20,0,63,36,51,34,0,121,14,0,14,135
08/06/2015,MFR,OR,ANM,WE,Federal Contract Tower,26,24,24,0,74,2,11,6,0,19,28,35,30,0,93,0,0,0,93
08/07/2015,MFR,OR,ANM,WE,Federal Contract Tower,27,22,13,1,63,2,11,10,1,24,29,33,23,2,87,0,0,0,87
08/08/2015,MFR,OR,ANM,WE,Federal Contract Tower,18,22,11,3,54,0,25,28,0,53,18,47,39,3,107,42,0,42,149
08/09/2015,MFR,OR,ANM,WE,Federal Contract Tower,24,10,14,0,48,0,28,28,0,56,24,38,42,0,104,6,0,6,110
08/10/2015,MFR,OR,ANM,WE,Federal Contract Tower,26,20,14,0,60,0,19,63,2,84,26,39,77,2,144,24,0,24,168
08/11/2015,MFR,OR,ANM,WE,Federal Contract Tower,26,20,6,0,52,0,15,25,0,40,26,35,31,0,92,46,0,46,138
08/12/2015,MFR,OR,ANM,WE,Federal Contract Tower,25,18,16,0,59,0,17,37,0,54,25,35,53,0,113,4,0,4,117
08/13/2015,MFR,OR,ANM,WE,Federal Contract Tower,26,31,19,0,76,0,11,33,2,46,26,42,52,2,122,24,14,38,160
08/14/2015,MFR,OR,ANM,WE,Federal Contract Tower,26,14,20,0,60,0,28,20,0,48,26,42,40,0,108,0,0,0,108
08/15/2015,MFR,OR,ANM,WE,Federal Contract Tower,19,21,11,0,51,0,18,36,0,54,19,39,47,0,105,4,0,4,109
08/16/2015,MFR,OR,ANM,WE,Federal Contract Tower,23,14,16,0,53,0,15,22,0,37,23,29,38,0,90,10,0,10,100
08/17/2015,MFR,OR,ANM,WE,Federal Contract Tower,28,18,12,0,58,0,21,28,0,49,28,39,40,0,107,34,0,34,141
08/18/2015,MFR,OR,ANM,WE,Federal Contract Tower,20,23,9,0,52,0,12,23,0,35,20,35,32,0,87,0,0,0,87
08/19/2015,MFR,OR,ANM,WE,Federal Contract Tower,22,21,13,0,56,0,10,18,0,28,22,31,31,0,84,2,0,2,86
08/20/2015,MFR,OR,ANM,WE,Federal Contract Tower,27,22,15,0,64,0,16,33,0,49,27,38,48,0,113,2,0,2,115
08/21/2015,MFR,OR,ANM,WE,Federal Contract Tower,24,24,18,0,66,4,9,33,0,46,28,33,51,0,112,0,0,0,112
08/22/2015,MFR,OR,ANM,WE,Federal Contract Tower,24,20,12,0,56,0,2,38,0,40,24,22,50,0,96,34,0,34,130
08/23/2015,MFR,OR,ANM,WE,Federal Contract Tower,25,10,23,0,58,0,0,20,0,20,25,10,43,0,78,0,0,0,78
08/24/2015,MFR,OR,ANM,WE,Federal Contract Tower,20,23,12,0,55,0,18,18,0,36,20,41,30,0,91,20,0,20,111
08/25/2015,MFR,OR,ANM,WE,Federal Contract Tower,18,23,22,0,63,0,15,26,0,41,18,38,48,0,104,4,0,4,108
08/26/2015,MFR,OR,ANM,WE,Federal Contract Tower,23,18,18,0,59,0,8,32,0,40,23,26,50,0,99,4,0,4,103
08/27/2015,MFR,OR,ANM,WE,Federal Contract Tower,23,22,23,0,68,0,8,34,0,42,23,30,57,0,110,14,0,14,124
08/28/2015,MFR,OR,ANM,WE,Federal Contract Tower,18,25,13,0,56,0,19,47,0,66,18,44,60,0,122,20,0,20,142
08/29/2015,MFR,OR,ANM,WE,Federal Contract Tower,17,12,8,0,37,0,5,18,0,23,17,17,26,0,60,2,0,2,62
08/30/2015,MFR,OR,ANM,WE,Federal Contract Tower,22,9,26,0,57,0,6,37,0,43,22,15,63,0,100,26,0,26,126
08/31/2015,MFR,OR,ANM,WE,Federal Contract Tower,21,19,12,1,53,0,13,64,3,80,21,32,76,4,133,28,0,28,161
09/01/2015,MFR,OR,ANM,WE,Federal Contract Tower,20,20,16,0,56,0,14,37,0,51,20,34,53,0,107,16,0,16,123
09/02/2015,MFR,OR,ANM,WE,Federal Contract Tower,20,21,15,0,56,0,3,26,0,29,20,24,41,0,85,52,0,52,137
09/03/2015,MFR,OR,ANM,WE,Federal Contract Tower,23,25,20,0,68,0,6,34,0,40,23,31,54,0,108,24,0,24,132
09/04/2015,MFR,OR,ANM,WE,Federal Contract Tower,22,20,21,0,63,0,5,27,0,32,22,25,48,0,95,22,0,22,117
09/05/2015,MFR,OR,ANM,WE,Federal Contract Tower,14,17,12,0,43,0,4,40,0,44,14,21,52,0,87,6,0,6,93
09/06/2015,MFR,OR,ANM,WE,Federal Contract Tower,22,7,14,0,43,0,3,30,0,33,22,10,44,0,76,20,0,20,96
09/07/2015,MFR,OR,ANM,WE,Federal Contract Tower,20,10,11,0,41,0,2,56,0,58,20,12,67,0,99,50,0,50,149
09/08/2015,MFR,OR,ANM,WE,Federal Contract Tower,19,15,10,2,46,0,16,27,0,43,19,31,37,2,89,8,0,8,97
09/09/2015,MFR,OR,ANM,WE,Federal Contract Tower,22,26,9,1,58,0,5,47,0,52,22,31,56,1,110,12,4,16,126
09/10/2015,MFR,OR,ANM,WE,Federal Contract Tower,21,18,9,10,58,0,48,43,0,91,21,66,52,10,149,6,2,8,157
09/11/2015,MFR,OR,ANM,WE,Federal Contract Tower,17,20,6,0,43,0,5,52,0,57,17,25,58,0,100,30,0,30,130
09/12/2015,MFR,OR,ANM,WE,Federal Contract Tower,16,13,9,0,38,0,5,38,0,43,16,18,47,0,81,2,0,2,83
09/13/2015,MFR,OR,ANM,WE,Federal Contract Tower,22,10,8,0,40,0,9,38,0,47,22,19,46,0,87,8,0,8,95
09/14/2015,MFR,OR,ANM,WE,Federal Contract Tower,17,23,13,2,55,0,6,64,0,70,17,29,77,2,125,8,0,8,133
09/15/2015,MFR,OR,ANM,WE,Federal Contract Tower,20,20,14,0,54,0,4,46,0,50,20,24,60,0,104,14,0,14,118
09/16/2015,MFR,OR,ANM,WE,Federal Contract Tower,24,23,15,0,62,0,0,12,0,12,24,23,27,0,74,8,0,8,82
09/17/2015,MFR,OR,ANM,WE,Federal Contract Tower,23,25,18,0,66,0,2,20,0,22,23,27,38,0,88,10,0,10,98
09/18/2015,MFR,OR,ANM,WE,Federal Contract Tower,19,16,14,1,50,0,4,53,1,58,19,20,67,2,108,22,0,22,130
09/19/2015,MFR,OR,ANM,WE,Federal Contract Tower,17,16,18,0,51,0,7,70,0,77,17,23,88,0,128,18,0,18,146
09/20/2015,MFR,OR,ANM,WE,Federal Contract Tower,22,20,14,0,56,0,12,43,0,55,22,32,57,0,111,20,0,20,131
09/21/2015,MFR,OR,ANM,WE,Federal Contract Tower,20,19,17,0,56,0,2,40,0,42,20,21,57,0,98,34,0,34,132
09/22/2015,MFR,OR,ANM,WE,Federal Contract Tower,21,21,10,2,54,0,8,41,0,49,21,29,51,2,103,6,0,6,109
09/23/2015,MFR,OR,ANM,WE,Federal Contract Tower,20,20,11,0,51,0,7,58,0,65,20,27,69,0,116,24,0,24,140
09/24/2015,MFR,OR,ANM,WE,Federal Contract Tower,22,16,22,1,61,0,9,32,1,42,22,25,54,2,103,10,0,10,113
09/25/2015,MFR,OR,ANM,WE,Federal Contract Tower,17,23,14,5,59,0,2,56,2,60,17,25,70,7,119,30,0,30,149
09/26/2015,MFR,OR,ANM,WE,Federal Contract Tower,16,12,13,0,41,0,22,31,0,53,16,34,44,0,94,0,0,0,94
09/27/2015,MFR,OR,ANM,WE,Federal Contract Tower,23,8,21,0,52,0,0,38,0,38,23,8,59,0,90,14,0,14,104
09/28/2015,MFR,OR,ANM,WE,Federal Contract Tower,17,18,11,0,46,0,4,36,0,40,17,22,47,0,86,10,0,10,96
09/29/2015,MFR,OR,ANM,WE,Federal Contract Tower,18,23,10,0,51,0,3,45,0,48,18,26,55,0,99,18,0,18,117
09/30/2015,MFR,OR,ANM,WE,Federal Contract Tower,18,25,15,1,59,0,3,48,1,52,18,28,63,2,111,36,0,36,147
10/01/2015,MFR,OR,ANM,WE,Federal Contract Tower,19,25,14,2,60,0,2,40,0,42,19,27,54,2,102,20,0,20,122
10/02/2015,MFR,OR,ANM,WE,Federal Contract Tower,16,22,14,0,52,0,0,56,0,56,16,22,70,0,108,22,0,22,130
10/03/2015,MFR,OR,ANM,WE,Federal Contract Tower,16,17,2,2,37,0,2,40,0,42,16,19,42,2,79,8,0,8,87
10/04/2015,MFR,OR,ANM,WE,Federal Contract Tower,20,14,15,0,49,0,4,38,0,42,20,18,53,0,91,6,0,6,97
10/05/2015,MFR,OR,ANM,WE,Federal Contract Tower,15,22,11,0,48,0,8,40,0,48,15,30,51,0,96,14,0,14,110
10/06/2015,MFR,OR,ANM,WE,Federal Contract Tower,18,23,14,0,55,0,5,35,0,40,18,28,49,0,95,0,0,0,95
10/07/2015,MFR,OR,ANM,WE,Federal Contract Tower,15,21,24,0,60,0,10,30,0,40,15,31,54,0,100,0,0,0,100
10/08/2015,MFR,OR,ANM,WE,Federal Contract Tower,19,27,15,4,65,0,0,45,0,45,19,27,60,4,110,0,0,0,110
10/09/2015,MFR,OR,ANM,WE,Federal Contract Tower,19,27,16,0,62,0,4,39,0,43,19,31,55,0,105,18,0,18,123
10/10/2015,MFR,OR,ANM,WE,Federal Contract Tower,16,11,6,0,33,0,3,26,9,38,16,14,32,9,71,0,0,0,71
10/11/2015,MFR,OR,ANM,WE,Federal Contract Tower,22,12,15,0,49,0,0,26,0,26,22,12,41,0,75,0,0,0,75
10/12/2015,MFR,OR,ANM,WE,Federal Contract Tower,17,17,15,0,49,0,7,34,0,41,17,24,49,0,90,24,0,24,114
10/13/2015,MFR,OR,ANM,WE,Federal Contract Tower,21,21,2,2,46,0,6,38,0,44,21,27,40,2,90,8,0,8,98
10/14/2015,MFR,OR,ANM,WE,Federal Contract Tower,17,20,8,0,45,0,10,51,0,61,17,30,59,0,106,48,0,48,154
10/15/2015,MFR,OR,ANM,WE,Federal Contract Tower,16,25,19,0,60,0,1,37,0,38,16,26,56,0,98,12,0,12,110
10/16/2015,MFR,OR,ANM,WE,Federal Contract Tower,15,23,18,0,56,0,8,58,0,66,15,31,76,0,122,10,0,10,132
10/17/2015,MFR,OR,ANM,WE,Federal Contract Tower,13,17,15,0,45,0,1,6,0,7,13,18,21,0,52,6,0,6,58
10/18/2015,MFR,OR,ANM,WE,Federal Contract Tower,21,12,13,0,46,0,1,19,0,20,21,13,32,0,66,2,0,2,68
10/19/2015,MFR,OR,ANM,WE,Federal Contract Tower,16,20,19,2,57,0,0,12,0,12,16,20,31,2,69,16,0,16,85
10/20/2015,MFR,OR,ANM,WE,Federal Contract Tower,17,23,15,0,55,0,2,34,0,36,17,25,49,0,91,36,0,36,127
10/21/2015,MFR,OR,ANM,WE,Federal Contract Tower,15,24,13,0,52,0,4,35,0,39,15,28,48,0,91,40,0,40,131
10/22/2015,MFR,OR,ANM,WE,Federal Contract Tower,21,35,10,1,67,0,2,34,1,37,21,37,44,2,104,36,0,36,140
10/23/2015,MFR,OR,ANM,WE,Federal Contract Tower,15,26,19,0,60,0,7,32,0,39,15,33,51,0,99,6,0,6,105
10/24/2015,MFR,OR,ANM,WE,Federal Contract Tower,15,15,11,0,41,0,3,19,0,22,15,18,30,0,63,0,0,0,63
10/25/2015,MFR,OR,ANM,WE,Federal Contract Tower,19,18,11,0,48,0,0,15,0,15,19,18,26,0,63,6,0,6,69
10/26/2015,MFR,OR,ANM,WE,Federal Contract Tower,13,28,13,0,54,0,5,26,0,31,13,33,39,0,85,4,0,4,89
10/27/2015,MFR,OR,ANM,WE,Federal Contract Tower,13,31,17,0,61,0,4,22,0,26,13,35,39,0,87,0,0,0,87
10/28/2015,MFR,OR,ANM,WE,Federal Contract Tower,13,30,11,1,55,0,4,8,1,13,13,34,19,2,68,10,0,10,78
10/29/2015,MFR,OR,ANM,WE,Federal Contract Tower,18,32,15,2,67,0,4,32,0,36,18,36,47,2,103,20,0,20,123
10/30/2015,MFR,OR,ANM,WE,Federal Contract Tower,13,23,22,0,58,0,4,42,0,46,13,27,64,0,104,54,0,54,158
10/31/2015,MFR,OR,ANM,WE,Federal Contract Tower,12,22,17,1,52,0,1,27,0,28,12,23,44,1,80,34,0,34,114
11/01/2015,MFR,OR,ANM,WE,Federal Contract Tower,22,14,11,0,47,0,0,7,4,11,22,14,18,4,58,10,0,10,68
11/02/2015,MFR,OR,ANM,WE,Federal Contract Tower,16,25,9,1,51,0,0,6,0,6,16,25,15,1,57,0,0,0,57
11/03/2015,MFR,OR,ANM,WE,Federal Contract Tower,12,28,9,0,49,0,6,20,0,26,12,34,29,0,75,0,0,0,75
11/04/2015,MFR,OR,ANM,WE,Federal Contract Tower,16,24,19,0,59,0,1,31,0,32,16,25,50,0,91,12,0,12,103
11/05/2015,MFR,OR,ANM,WE,Federal Contract Tower,20,28,26,0,74,0,2,28,0,30,20,30,54,0,104,20,0,20,124
11/06/2015,MFR,OR,ANM,WE,Federal Contract Tower,16,24,8,1,49,0,3,57,4,64,16,27,65,5,113,32,0,32,145
11/07/2015,MFR,OR,ANM,WE,Federal Contract Tower,12,15,7,2,36,0,5,33,3,41,12,20,40,5,77,12,0,12,89
11/08/2015,MFR,OR,ANM,WE,Federal Contract Tower,23,10,9,0,42,0,0,6,0,6,23,10,15,0,48,10,0,10,58
11/09/2015,MFR,OR,ANM,WE,Federal Contract Tower,15,19,13,0,47,0,1,13,0,14,15,20,26,0,61,12,0,12,73
11/10/2015,MFR,OR,ANM,WE,Federal Contract Tower,13,28,15,1,57,0,0,18,0,18,13,28,33,1,75,10,0,10,85
11/11/2015,MFR,OR,ANM,WE,Federal Contract Tower,16,25,15,0,56,0,2,10,0,12,16,27,25,0,68,8,0,8,76
11/12/2015,MFR,OR,ANM,WE,Federal Contract Tower,23,30,14,0,67,0,0,7,0,7,23,30,21,0,74,4,0,4,78
11/13/2015,MFR,OR,ANM,WE,Federal Contract Tower,16,23,17,0,56,0,0,17,0,17,16,23,34,0,73,26,0,26,99
11/14/2015,MFR,OR,ANM,WE,Federal Contract Tower,12,18,9,0,39,0,2,16,0,18,12,20,25,0,57,0,0,0,57
11/15/2015,MFR,OR,ANM,WE,Federal Contract Tower,19,16,12,0,47,0,0,2,0,2,19,16,14,0,49,12,0,12,61
11/16/2015,MFR,OR,ANM,WE,Federal Contract Tower,17,26,12,2,57,0,0,20,1,21,17,26,32,3,78,20,0,20,98
11/17/2015,MFR,OR,ANM,WE,Federal Contract Tower,12,27,9,0,48,0,1,1,0,2,12,28,10,0,50,0,0,0,50
11/18/2015,MFR,OR,ANM,WE,Federal Contract Tower,16,31,24,4,75,0,4,15,0,19,16,35,39,4,94,16,0,16,110
11/19/2015,MFR,OR,ANM,WE,Federal Contract Tower,22,26,18,0,66,0,0,4,0,4,22,26,22,0,70,10,0,10,80
11/20/2015,MFR,OR,ANM,WE,Federal Contract Tower,16,28,32,0,76,0,3,27,2,32,16,31,59,2,108,16,0,16,124
11/21/2015,MFR,OR,ANM,WE,Federal Contract Tower,14,22,18,0,54,0,4,56,2,62,14,26,74,2,116,42,0,42,158
11/22/2015,MFR,OR,ANM,WE,Federal Contract Tower,22,19,12,0,53,0,6,47,0,53,22,25,59,0,106,30,0,30,136
11/23/2015,MFR,OR,ANM,WE,Federal Contract Tower,14,23,8,2,47,0,2,20,0,22,14,25,28,2,69,12,0,12,81
11/24/2015,MFR,OR,ANM,WE,Federal Contract Tower,15,36,10,0,61,0,0,9,0,9,15,36,19,0,70,10,0,10,80
11/25/2015,MFR,OR,ANM,WE,Federal Contract Tower,20,23,8,0,51,0,3,10,0,13,20,26,18,0,64,0,0,0,64
11/26/2015,MFR,OR,ANM,WE,Federal Contract Tower,11,9,2,0,22,0,0,11,0,11,11,9,13,0,33,0,0,0,33
11/27/2015,MFR,OR,ANM,WE,Federal Contract Tower,17,22,13,0,52,0,2,40,0,42,17,24,53,0,94,2,0,2,96
11/28/2015,MFR,OR,ANM,WE,Federal Contract Tower,20,17,10,0,47,0,1,25,0,26,20,18,35,0,73,18,0,18,91
11/29/2015,MFR,OR,ANM,WE,Federal Contract Tower,16,17,20,0,53,0,1,30,0,31,16,18,50,0,84,50,0,50,134
11/30/2015,MFR,OR,ANM,WE,Federal Contract Tower,18,22,26,0,66,0,2,14,0,16,18,24,40,0,82,10,0,10,92
12/01/2015,MFR,OR,ANM,WE,Federal Contract Tower,14,22,10,0,46,0,4,24,0,28,14,26,34,0,74,16,0,16,90
12/02/2015,MFR,OR,ANM,WE,Federal Contract Tower,21,25,9,0,55,0,1,17,0,18,21,26,26,0,73,34,0,34,107
12/03/2015,MFR,OR,ANM,WE,Federal Contract Tower,24,20,8,0,52,0,2,6,0,8,24,22,14,0,60,4,0,4,64
12/04/2015,MFR,OR,ANM,WE,Federal Contract Tower,22,20,20,5,67,0,0,28,1,29,22,20,48,6,96,28,10,38,134
12/05/2015,MFR,OR,ANM,WE,Federal Contract Tower,17,13,5,0,35,0,1,21,2,24,17,14,26,2,59,48,0,48,107
12/06/2015,MFR,OR,ANM,WE,Federal Contract Tower,26,6,5,1,38,0,1,8,0,9,26,7,13,1,47,6,0,6,53
12/07/2015,MFR,OR,ANM,WE,Federal Contract Tower,22,22,12,0,56,0,1,1,0,2,22,23,13,0,58,0,0,0,58
12/08/2015,MFR,OR,ANM,WE,Federal Contract Tower,14,27,15,0,56,0,0,11,0,11,14,27,26,0,67,10,0,10,77
12/09/2015,MFR,OR,ANM,WE,Federal Contract Tower,21,17,12,2,52,0,2,19,0,21,21,19,31,2,73,16,0,16,89
12/10/2015,MFR,OR,ANM,WE,Federal Contract Tower,27,21,8,3,59,0,0,5,0,5,27,21,13,3,64,0,0,0,64
12/11/2015,MFR,OR,ANM,WE,Federal Contract Tower,20,21,16,2,59,0,0,2,0,2,20,21,18,2,61,0,0,0,61
12/12/2015,MFR,OR,ANM,WE,Federal Contract Tower,14,16,13,0,43,0,0,0,0,0,14,16,13,0,43,0,0,0,43
12/13/2015,MFR,OR,ANM,WE,Federal Contract Tower,21,13,6,0,40,0,0,1,0,1,21,13,7,0,41,0,0,0,41
12/14/2015,MFR,OR,ANM,WE,Federal Contract Tower,23,16,14,0,53,0,0,3,0,3,23,16,17,0,56,0,0,0,56
12/15/2015,MFR,OR,ANM,WE,Federal Contract Tower,17,25,17,0,59,0,0,17,0,17,17,25,34,0,76,2,0,2,78
12/16/2015,MFR,OR,ANM,WE,Federal Contract Tower,21,24,18,0,63,0,0,10,0,10,21,24,28,0,73,4,0,4,77
12/17/2015,MFR,OR,ANM,WE,Federal Contract Tower,21,25,9,4,59,0,0,1,0,1,21,25,10,4,60,0,0,0,60
12/18/2015,MFR,OR,ANM,WE,Federal Contract Tower,20,25,10,0,55,0,0,3,0,3,20,25,13,0,58,0,0,0,58
12/19/2015,MFR,OR,ANM,WE,Federal Contract Tower,15,26,8,0,49,0,0,32,0,32,15,26,40,0,81,26,0,26,107
12/20/2015,MFR,OR,ANM,WE,Federal Contract Tower,19,13,7,0,39,0,0,1,0,1,19,13,8,0,40,0,0,0,40
12/21/2015,MFR,OR,ANM,WE,Federal Contract Tower,15,26,4,0,45,0,0,1,0,1,15,26,5,0,46,0,0,0,46
12/22/2015,MFR,OR,ANM,WE,Federal Contract Tower,19,30,14,2,65,0,0,0,0,0,19,30,14,2,65,0,0,0,65
12/23/2015,MFR,OR,ANM,WE,Federal Contract Tower,14,35,4,1,54,0,1,0,1,2,14,36,4,2,56,0,0,0,56
12/24/2015,MFR,OR,ANM,WE,Federal Contract Tower,19,27,8,0,54,0,0,2,0,2,19,27,10,0,56,0,0,0,56
12/25/2015,MFR,OR,ANM,WE,Federal Contract Tower,8,12,5,0,25,0,0,6,0,6,8,12,11,0,31,4,0,4,35
12/26/2015,MFR,OR,ANM,WE,Federal Contract Tower,19,17,11,0,47,0,3,41,0,44,19,20,52,0,91,44,0,44,135
12/27/2015,MFR,OR,ANM,WE,Federal Contract Tower,19,19,7,0,45,0,0,9,0,9,19,19,16,0,54,2,0,2,56
12/28/2015,MFR,OR,ANM,WE,Federal Contract Tower,16,31,7,0,54,0,1,12,0,13,16,32,19,0,67,4,0,4,71
12/29/2015,MFR,OR,ANM,WE,Federal Contract Tower,19,29,13,0,61,0,1,7,0,8,19,30,20,0,69,0,0,0,69
12/30/2015,MFR,OR,ANM,WE,Federal Contract Tower,18,29,24,0,71,0,0,6,0,6,18,29,30,0,77,2,0,2,79
12/31/2015,MFR,OR,ANM,WE,Federal Contract Tower,15,19,8,2,44,0,3,34,0,37,15,22,42,2,81,26,0,26,107
01/01/2016,MFR,OR,ANM,WE,Federal Contract Tower,7,8,6,0,21,0,0,17,0,17,7,8,23,0,38,2,0,2,40
01/02/2016,MFR,OR,ANM,WE,Federal Contract Tower,22,13,7,0,42,0,9,53,0,62,22,22,60,0,104,16,0,16,120
01/03/2016,MFR,OR,ANM,WE,Federal Contract Tower,18,18,13,0,49,0,0,16,0,16,18,18,29,0,65,18,0,18,83
01/04/2016,MFR,OR,ANM,WE,Federal Contract Tower,18,22,11,0,51,0,0,11,0,11,18,22,22,0,62,12,0,12,74
01/05/2016,MFR,OR,ANM,WE,Federal Contract Tower,10,29,10,0,49,0,3,11,0,14,10,32,21,0,63,10,0,10,73
01/06/2016,MFR,OR,ANM,WE,Federal Contract Tower,16,26,12,0,54,0,4,10,0,14,16,30,22,0,68,8,0,8,76
01/07/2016,MFR,OR,ANM,WE,Federal Contract Tower,21,24,11,4,60,0,3,26,1,30,21,27,37,5,90,20,0,20,110
01/08/2016,MFR,OR,ANM,WE,Federal Contract Tower,15,23,8,0,46,0,4,37,0,41,15,27,45,0,87,30,0,30,117
01/09/2016,MFR,OR,ANM,WE,Federal Contract Tower,14,12,5,2,33,0,0,8,0,8,14,12,13,2,41,30,0,30,71
01/10/2016,MFR,OR,ANM,WE,Federal Contract Tower,19,16,16,2,53,0,0,27,4,31,19,16,43,6,84,40,0,40,124
01/11/2016,MFR,OR,ANM,WE,Federal Contract Tower,15,21,8,1,45,0,1,12,5,18,15,22,20,6,63,26,0,26,89
01/12/2016,MFR,OR,ANM,WE,Federal Contract Tower,14,27,11,0,52,0,0,1,2,3,14,27,12,2,55,2,0,2,57
01/13/2016,MFR,OR,ANM,WE,Federal Contract Tower,16,30,6,2,54,0,2,4,0,6,16,32,10,2,60,6,0,6,66
01/14/2016,MFR,OR,ANM,WE,Federal Contract Tower,17,27,3,2,49,0,4,0,0,4,17,31,3,2,53,0,0,0,53
01/15/2016,MFR,OR,ANM,WE,Federal Contract Tower,17,29,16,6,68,0,0,1,0,1,17,29,17,6,69,0,0,0,69
01/16/2016,MFR,OR,ANM,WE,Federal Contract Tower,11,15,8,0,34,0,0,12,0,12,11,15,20,0,46,10,0,10,56
01/17/2016,MFR,OR,ANM,WE,Federal Contract Tower,24,11,5,0,40,0,0,2,0,2,24,11,7,0,42,8,0,8,50
01/18/2016,MFR,OR,ANM,WE,Federal Contract Tower,15,24,22,0,61,0,0,11,0,11,15,24,33,0,72,14,0,14,86
01/19/2016,MFR,OR,ANM,WE,Federal Contract Tower,13,19,10,0,42,0,0,8,0,8,13,19,18,0,50,14,0,14,64
01/20/2016,MFR,OR,ANM,WE,Federal Contract Tower,17,29,12,3,61,0,6,24,2,32,17,35,36,5,93,50,0,50,143
01/21/2016,MFR,OR,ANM,WE,Federal Contract Tower,21,23,6,0,50,0,4,12,0,16,21,27,18,0,66,14,0,14,80
01/22/2016,MFR,OR,ANM,WE,Federal Contract Tower,18,25,6,0,49,0,5,17,0,22,18,30,23,0,71,10,0,10,81
01/23/2016,MFR,OR,ANM,WE,Federal Contract Tower,12,17,7,0,36,0,0,1,0,1,12,17,8,0,37,0,0,0,37
01/24/2016,MFR,OR,ANM,WE,Federal Contract Tower,20,14,8,0,42,0,0,2,0,2,20,14,10,0,44,16,0,16,60
01/25/2016,MFR,OR,ANM,WE,Federal Contract Tower,13,20,20,6,59,0,0,37,0,37,13,20,57,6,96,38,0,38,134
01/26/2016,MFR,OR,ANM,WE,Federal Contract Tower,9,30,17,0,56,0,0,37,0,37,9,30,54,0,93,30,0,30,123
01/27/2016,MFR,OR,ANM,WE,Federal Contract Tower,15,25,15,7,62,0,2,54,0,56,15,27,69,7,118,14,0,14,132
01/28/2016,MFR,OR,ANM,WE,Federal Contract Tower,19,26,12,4,61,0,0,7,0,7,19,26,19,4,68,10,0,10,78
01/29/2016,MFR,OR,ANM,WE,Federal Contract Tower,15,23,14,0,52,0,3,9,0,12,15,26,23,0,64,2,0,2,66
01/30/2016,MFR,OR,ANM,WE,Federal Contract Tower,13,15,2,0,30,0,0,12,0,12,13,15,14,0,42,12,0,12,54
01/31/2016,MFR,OR,ANM,WE,Federal Contract Tower,19,12,18,0,49,0,0,5,0,5,19,12,23,0,54,0,0,0,54
02/01/2016,MFR,OR,ANM,WE,Federal Contract Tower,13,27,9,2,51,0,0,9,13,22,13,27,18,15,73,8,0,8,81
02/02/2016,MFR,OR,ANM,WE,Federal Contract Tower,10,24,17,3,54,0,2,11,0,13,10,26,28,3,67,2,0,2,69
02/03/2016,MFR,OR,ANM,WE,Federal Contract Tower,17,29,12,0,58,0,2,4,0,6,17,31,16,0,64,0,0,0,64
02/04/2016,MFR,OR,ANM,WE,Federal Contract Tower,19,26,10,0,55,0,0,15,0,15,19,26,25,0,70,18,0,18,88
02/05/2016,MFR,OR,ANM,WE,Federal Contract Tower,15,28,15,0,58,0,4,30,21,55,15,32,45,21,113,32,0,32,145
02/06/2016,MFR,OR,ANM,WE,Federal Contract Tower,9,19,10,0,38,0,0,27,1,28,9,19,37,1,66,18,0,18,84
02/07/2016,MFR,OR,ANM,WE,Federal Contract Tower,20,13,16,0,49,0,0,26,0,26,20,13,42,0,75,18,0,18,93
02/08/2016,MFR,OR,ANM,WE,Federal Contract Tower,17,24,6,0,47,0,1,35,0,36,17,25,41,0,83,14,0,14,97
02/09/2016,MFR,OR,ANM,WE,Federal Contract Tower,11,27,17,1,56,0,4,50,1,55,11,31,67,2,111,36,0,36,147
02/10/2016,MFR,OR,ANM,WE,Federal Contract Tower,16,33,14,2,65,0,3,35,1,39,16,36,49,3,104,18,0,18,122
02/11/2016,MFR,OR,ANM,WE,Federal Contract Tower,18,27,7,0,52,0,1,18,0,19,18,28,25,0,71,0,0,0,71
02/12/2016,MFR,OR,ANM,WE,Federal Contract Tower,13,26,17,0,56,0,6,27,0,33,13,32,44,0,89,8,0,8,97
02/13/2016,MFR,OR,ANM,WE,Federal Contract Tower,11,19,12,0,42,0,1,16,0,17,11,20,28,0,59,6,0,6,65
02/14/2016,MFR,OR,ANM,WE,Federal Contract Tower,18,14,20,0,52,0,0,10,0,10,18,14,30,0,62,0,0,0,62
02/15/2016,MFR,OR,ANM,WE,Federal Contract Tower,15,23,20,0,58,0,2,17,0,19,15,25,37,0,77,10,0,10,87
02/16/2016,MFR,OR,ANM,WE,Federal Contract Tower,11,30,20,1,62,0,1,29,1,31,11,31,49,2,93,54,0,54,147
02/17/2016,MFR,OR,ANM,WE,Federal Contract Tower,16,24,12,0,52,0,0,15,0,15,16,24,27,0,67,12,0,12,79
02/18/2016,MFR,OR,ANM,WE,Federal Contract Tower,19,24,10,0,53,0,1,13,0,14,19,25,23,0,67,18,0,18,85
02/19/2016,MFR,OR,ANM,WE,Federal Contract Tower,13,19,14,20,66,0,0,5,0,5,13,19,19,20,71,0,2,2,73
02/20/2016,MFR,OR,ANM,WE,Federal Contract Tower,14,20,8,0,42,0,5,28,0,33,14,25,36,0,75,4,0,4,79
02/21/2016,MFR,OR,ANM,WE,Federal Contract Tower,19,16,9,0,44,0,0,7,0,7,19,16,16,0,51,8,0,8,59
02/22/2016,MFR,OR,ANM,WE,Federal Contract Tower,14,22,19,0,55,0,2,26,0,28,14,24,45,0,83,8,0,8,91
02/23/2016,MFR,OR,ANM,WE,Federal Contract Tower,11,30,3,0,44,0,4,53,0,57,11,34,56,0,101,18,0,18,119
02/24/2016,MFR,OR,ANM,WE,Federal Contract Tower,15,26,7,4,52,0,5,51,0,56,15,31,58,4,108,22,0,22,130
02/25/2016,MFR,OR,ANM,WE,Federal Contract Tower,19,29,18,0,66,0,6,57,0,63,19,35,75,0,129,20,0,20,149
02/26/2016,MFR,OR,ANM,WE,Federal Contract Tower,20,28,14,2,64,0,3,24,0,27,20,31,38,2,91,20,0,20,111
02/27/2016,MFR,OR,ANM,WE,Federal Contract Tower,16,19,11,0,46,0,0,27,0,27,16,19,38,0,73,20,0,20,93
02/28/2016,MFR,OR,ANM,WE,Federal Contract Tower,18,15,11,0,44,0,2,9,1,12,18,17,20,1,56,12,0,12,68
02/29/2016,MFR,OR,ANM,WE,Federal Contract Tower,14,24,10,0,48,0,5,29,7,41,14,29,39,7,89,8,0,8,97
03/01/2016,MFR,OR,ANM,WE,Federal Contract Tower,12,20,9,0,41,0,1,9,2,12,12,21,18,2,53,10,0,10,63
03/02/2016,MFR,OR,ANM,WE,Federal Contract Tower,15,18,12,0,45,0,3,34,0,37,15,21,46,0,82,6,0,6,88
03/03/2016,MFR,OR,ANM,WE,Federal Contract Tower,22,18,13,0,53,0,1,17,0,18,22,19,30,0,71,0,0,0,71
03/04/2016,MFR,OR,ANM,WE,Federal Contract Tower,19,21,8,0,48,0,2,12,0,14,19,23,20,0,62,4,0,4,66
03/05/2016,MFR,OR,ANM,WE,Federal Contract Tower,11,12,12,0,35,0,2,4,0,6,11,14,16,0,41,0,0,0,41
03/06/2016,MFR,OR,ANM,WE,Federal Contract Tower,22,12,9,0,43,0,0,8,0,8,22,12,17,0,51,0,0,0,51
03/07/2016,MFR,OR,ANM,WE,Federal Contract Tower,18,22,20,0,60,0,2,13,1,16,18,24,33,1,76,22,0,22,98
03/08/2016,MFR,OR,ANM,WE,Federal Contract Tower,13,20,16,0,49,0,0,2,0,2,13,20,18,0,51,0,0,0,51
03/09/2016,MFR,OR,ANM,WE,Federal Contract Tower,15,23,7,0,45,0,3,22,0,25,15,26,29,0,70,6,0,6,76
03/10/2016,MFR,OR,ANM,WE,Federal Contract Tower,22,23,15,0,60,0,1,13,0,14,22,24,28,0,74,10,0,10,84
03/11/2016,MFR,OR,ANM,WE,Federal Contract Tower,19,21,11,0,51,0,3,13,0,16,19,24,24,0,67,14,0,14,81
03/12/2016,MFR,OR,ANM,WE,Federal Contract Tower,11,17,7,0,35,0,0,2,0,2,11,17,9,0,37,12,0,12,49
03/13/2016,MFR,OR,ANM,WE,Federal Contract Tower,21,8,10,0,39,0,0,3,0,3,21,8,13,0,42,0,0,0,42
03/14/2016,MFR,OR,ANM,WE,Federal Contract Tower,17,17,10,2,46,0,0,5,0,5,17,17,15,2,51,0,0,0,51
03/15/2016,MFR,OR,ANM,WE,Federal Contract Tower,17,27,9,0,53,0,5,37,0,42,17,32,46,0,95,18,0,18,113
03/16/2016,MFR,OR,ANM,WE,Federal Contract Tower,14,28,17,0,59,0,4,29,0,33,14,32,46,0,92,14,0,14,106
03/17/2016,MFR,OR,ANM,WE,Federal Contract Tower,23,21,25,0,69,0,1,46,2,49,23,22,71,2,118,10,0,10,128
03/18/2016,MFR,OR,ANM,WE,Federal Contract Tower,21,20,10,0,51,0,2,71,0,73,21,22,81,0,124,18,0,18,142
03/19/2016,MFR,OR,ANM,WE,Federal Contract Tower,9,12,5,0,26,0,1,73,0,74,9,13,78,0,100,6,0,6,106
03/20/2016,MFR,OR,ANM,WE,Federal Contract Tower,20,11,11,0,42,0,0,0,0,0,20,11,11,0,42,0,0,0,42
03/21/2016,MFR,OR,ANM,WE,Federal Contract Tower,19,20,16,0,55,0,0,1,0,1,19,20,17,0,56,0,0,0,56
03/22/2016,MFR,OR,ANM,WE,Federal Contract Tower,18,24,11,2,55,0,0,19,0,19,18,24,30,2,74,6,0,6,80
03/23/2016,MFR,OR,ANM,WE,Federal Contract Tower,17,27,26,0,70,0,2,19,1,22,17,29,45,1,92,4,0,4,96
03/24/2016,MFR,OR,ANM,WE,Federal Contract Tower,19,20,11,0,50,0,2,6,1,9,19,22,17,1,59,16,0,16,75
03/25/2016,MFR,OR,ANM,WE,Federal Contract Tower,20,21,23,0,64,0,5,34,0,39,20,26,57,0,103,20,0,20,123
03/26/2016,MFR,OR,ANM,WE,Federal Contract Tower,8,22,11,0,41,0,1,9,0,10,8,23,20,0,51,14,0,14,65
03/27/2016,MFR,OR,ANM,WE,Federal Contract Tower,20,7,6,0,33,0,0,9,0,9,20,7,15,0,42,2,0,2,44
03/28/2016,MFR,OR,ANM,WE,Federal Contract Tower,21,21,13,0,55,0,3,14,0,17,21,24,27,0,72,18,0,18,90
03/29/2016,MFR,OR,ANM,WE,Federal Contract Tower,17,20,11,0,48,0,5,21,0,26,17,25,32,0,74,14,0,14,88
03/30/2016,MFR,OR,ANM,WE,Federal Contract Tower,18,28,24,2,72,0,8,47,0,55,18,36,71,2,127,26,0,26,153
03/31/2016,MFR,OR,ANM,WE,Federal Contract Tower,19,18,14,0,51,0,4,56,0,60,19,22,70,0,111,50,0,50,161
04/01/2016,MFR,OR,ANM,WE,Federal Contract Tower,17,24,11,0,52,0,6,54,0,60,17,30,65,0,112,32,0,32,144
04/02/2016,MFR,OR,ANM,WE,Federal Contract Tower,9,12,6,0,27,0,2,63,0,65,9,14,69,0,92,34,0,34,126
04/03/2016,MFR,OR,ANM,WE,Federal Contract Tower,21,12,9,0,42,0,2,34,0,36,21,14,43,0,78,12,0,12,90
04/04/2016,MFR,OR,ANM,WE,Federal Contract Tower,17,18,12,0,47,0,3,37,0,40,17,21,49,0,87,18,0,18,105
04/05/2016,MFR,OR,ANM,WE,Federal Contract Tower,22,23,19,1,65,0,5,46,1,52,22,28,65,2,117,14,0,14,131
04/06/2016,MFR,OR,ANM,WE,Federal Contract Tower,22,18,7,0,47,0,10,56,0,66,22,28,63,0,113,12,0,12,125
04/07/2016,MFR,OR,ANM,WE,Federal Contract Tower,26,15,15,0,56,0,3,67,0,70,26,18,82,0,126,10,0,10,136
04/08/2016,MFR,OR,ANM,WE,Federal Contract Tower,18,18,17,3,56,0,0,51,0,51,18,18,68,3,107,28,0,28,135
04/09/2016,MFR,OR,ANM,WE,Federal Contract Tower,16,13,4,0,33,0,3,34,0,37,16,16,38,0,70,6,0,6,76
04/10/2016,MFR,OR,ANM,WE,Federal Contract Tower,25,12,13,0,50,0,0,31,0,31,25,12,44,0,81,30,0,30,111
04/11/2016,MFR,OR,ANM,WE,Federal Contract Tower,22,21,9,0,52,0,0,28,0,28,22,21,37,0,80,4,0,4,84
04/12/2016,MFR,OR,ANM,WE,Federal Contract Tower,23,24,14,8,69,0,2,18,0,20,23,26,32,8,89,12,6,18,107
04/13/2016,MFR,OR,ANM,WE,Federal Contract Tower,21,18,14,2,55,0,2,21,0,23,21,20,35,2,78,12,0,12,90
04/14/2016,MFR,OR,ANM,WE,Federal Contract Tower,23,22,7,7,59,0,1,4,0,5,23,23,11,7,64,0,6,6,70
04/15/2016,MFR,OR,ANM,WE,Federal Contract Tower,19,18,22,1,60,0,5,46,2,53,19,23,68,3,113,50,8,58,171
04/16/2016,MFR,OR,ANM,WE,Federal Contract Tower,16,10,14,0,40,0,3,75,0,78,16,13,89,0,118,24,0,24,142
04/17/2016,MFR,OR,ANM,WE,Federal Contract Tower,21,10,13,0,44,0,13,39,0,52,21,23,52,0,96,6,0,6,102
04/18/2016,MFR,OR,ANM,WE,Federal Contract Tower,22,18,11,0,51,0,9,46,0,55,22,27,57,0,106,10,0,10,116
04/19/2016,MFR,OR,ANM,WE,Federal Contract Tower,21,17,15,0,53,0,7,41,0,48,21,24,56,0,101,8,0,8,109
04/20/2016,MFR,OR,ANM,WE,Federal Contract Tower,22,15,20,0,57,0,1,33,0,34,22,16,53,0,91,16,0,16,107
04/21/2016,MFR,OR,ANM,WE,Federal Contract Tower,26,22,16,0,64,0,1,17,0,18,26,23,33,0,82,6,0,6,88
04/22/2016,MFR,OR,ANM,WE,Federal Contract Tower,22,24,18,0,64,0,1,11,0,12,22,25,29,0,76,10,0,10,86
04/23/2016,MFR,OR,ANM,WE,Federal Contract Tower,16,10,13,2,41,0,1,17,0,18,16,11,30,2,59,22,0,22,81
04/24/2016,MFR,OR,ANM,WE,Federal Contract Tower,25,14,11,0,50,0,0,12,0,12,25,14,23,0,62,8,0,8,70
04/25/2016,MFR,OR,ANM,WE,Federal Contract Tower,18,19,9,0,46,0,5,24,2,31,18,24,33,2,77,24,0,24,101
04/26/2016,MFR,OR,ANM,WE,Federal Contract Tower,22,21,24,2,69,0,7,52,2,61,22,28,76,4,130,22,0,22,152
04/27/2016,MFR,OR,ANM,WE,Federal Contract Tower,22,23,11,0,56,0,0,9,0,9,22,23,20,0,65,0,0,0,65
04/28/2016,MFR,OR,ANM,WE,Federal Contract Tower,23,19,30,0,72,0,3,50,5,58,23,22,80,5,130,6,0,6,136
04/29/2016,MFR,OR,ANM,WE,Federal Contract Tower,22,18,21,1,62,0,2,31,4,37,22,20,52,5,99,16,0,16,115
04/30/2016,MFR,OR,ANM,WE,Federal Contract Tower,15,10,12,0,37,0,4,45,0,49,15,14,57,0,86,22,0,22,108
05/01/2016,MFR,OR,ANM,WE,Federal Contract Tower,26,12,14,0,52,0,0,68,0,68,26,12,82,0,120,30,0,30,150
05/02/2016,MFR,OR,ANM,WE,Federal Contract Tower,24,17,12,4,57,0,4,78,0,82,24,21,90,4,139,52,4,56,195
05/03/2016,MFR,OR,ANM,WE,Federal Contract Tower,24,24,16,2,66,0,9,31,2,42,24,33,47,4,108,26,0,26,134
05/04/2016,MFR,OR,ANM,WE,Federal Contract Tower,24,24,14,0,62,0,5,14,0,19,24,29,28,0,81,0,0,0,81
05/05/2016,MFR,OR,ANM,WE,Federal Contract Tower,24,24,21,0,69,0,0,9,0,9,24,24,30,0,78,8,0,8,86
05/06/2016,MFR,OR,ANM,WE,Federal Contract Tower,22,34,34,0,90,0,12,47,0,59,22,46,81,0,149,22,0,22,171
05/07/2016,MFR,OR,ANM,WE,Federal Contract Tower,14,14,13,0,41,0,15,79,1,95,14,29,92,1,136,24,0,24,160
05/08/2016,MFR,OR,ANM,WE,Federal Contract Tower,30,19,13,1,63,0,12,28,0,40,30,31,41,1,103,22,0,22,125
05/09/2016,MFR,OR,ANM,WE,Federal Contract Tower,23,18,11,2,54,0,2,48,3,53,23,20,59,5,107,20,0,20,127
05/10/2016,MFR,OR,ANM,WE,Federal Contract Tower,23,19,16,0,58,0,7,57,4,68,23,26,73,4,126,20,0,20,146
05/11/2016,MFR,OR,ANM,WE,Federal Contract Tower,21,17,14,0,52,0,17,71,0,88,21,34,85,0,140,46,0,46,186
05/12/2016,MFR,OR,ANM,WE,Federal Contract Tower,24,21,13,2,60,0,8,61,0,69,24,29,74,2,129,34,0,34,163
05/13/2016,MFR,OR,ANM,WE,Federal Contract Tower,24,18,18,2,62,0,1,55,0,56,24,19,73,2,118,12,0,12,130
05/14/2016,MFR,OR,ANM,WE,Federal Contract Tower,16,20,13,0,49,0,6,0,0,6,16,26,13,0,55,4,0,4,59
05/15/2016,MFR,OR,ANM,WE,Federal Contract Tower,31,5,17,0,53,0,2,5,0,7,31,7,22,0,60,8,0,8,68
05/16/2016,MFR,OR,ANM,WE,Federal Contract Tower,21,16,18,0,55,0,1,18,0,19,21,17,36,0,74,8,0,8,82
05/17/2016,MFR,OR,ANM,WE,Federal Contract Tower,22,20,6,0,48,0,9,44,0,53,22,29,50,0,101,22,0,22,123
05/18/2016,MFR,OR,ANM,WE,Federal Contract Tower,22,25,14,3,64,0,2,36,2,40,22,27,50,5,104,14,8,22,126
05/19/2016,MFR,OR,ANM,WE,Federal Contract Tower,24,26,30,1,81,0,1,24,0,25,24,27,54,1,106,15,0,15,121
05/20/2016,MFR,OR,ANM,WE,Federal Contract Tower,24,29,24,0,77,0,2,24,0,26,24,31,48,0,103,38,0,38,141
05/21/2016,MFR,OR,ANM,WE,Federal Contract Tower,16,16,9,2,43,0,1,23,0,24,16,17,32,2,67,16,0,16,83
05/22/2016,MFR,OR,ANM,WE,Federal Contract Tower,27,13,13,2,55,0,0,6,0,6,27,13,19,2,61,30,0,30,91
05/23/2016,MFR,OR,ANM,WE,Federal Contract Tower,22,21,17,0,60,0,3,34,0,37,22,24,51,0,97,18,0,18,115
05/24/2016,MFR,OR,ANM,WE,Federal Contract Tower,22,27,13,0,62,0,6,31,0,37,22,33,44,0,99,36,0,36,135
05/25/2016,MFR,OR,ANM,WE,Federal Contract Tower,22,23,17,0,62,0,3,26,0,29,22,26,43,0,91,20,0,20,111
05/26/2016,MFR,OR,ANM,WE,Federal Contract Tower,24,24,19,0,67,0,2,33,1,36,24,26,52,1,103,10,0,10,113
05/27/2016,MFR,OR,ANM,WE,Federal Contract Tower,24,20,20,0,64,0,2,39,0,41,24,22,59,0,105,34,0,34,139
05/28/2016,MFR,OR,ANM,WE,Federal Contract Tower,15,12,11,0,38,0,7,31,0,38,15,19,42,0,76,8,0,8,84
05/29/2016,MFR,OR,ANM,WE,Federal Contract Tower,21,11,7,0,39,0,5,41,0,46,21,16,48,0,85,18,0,18,103
05/30/2016,MFR,OR,ANM,WE,Federal Contract Tower,23,19,6,0,48,0,3,56,0,59,23,22,62,0,107,14,0,14,121
05/31/2016,MFR,OR,ANM,WE,Federal Contract Tower,24,18,10,0,52,0,3,51,0,54,24,21,61,0,106,14,0,14,120
06/01/2016,MFR,OR,ANM,WE,Federal Contract Tower,24,18,7,0,49,0,7,42,0,49,24,25,49,0,98,14,0,14,112
06/02/2016,MFR,OR,ANM,WE,Federal Contract Tower,27,26,15,0,68,0,6,38,0,44,27,32,53,0,112,8,0,8,120
06/03/2016,MFR,OR,ANM,WE,Federal Contract Tower,25,15,9,11,60,0,11,52,0,63,25,26,61,11,123,22,30,52,175
06/04/2016,MFR,OR,ANM,WE,Federal Contract Tower,14,19,3,0,36,0,3,48,0,51,14,22,51,0,87,8,8,16,103
06/05/2016,MFR,OR,ANM,WE,Federal Contract Tower,28,11,5,0,44,0,12,26,0,38,28,23,31,0,82,10,0,10,92
06/06/2016,MFR,OR,ANM,WE,Federal Contract Tower,30,20,6,0,56,0,8,38,0,46,30,28,44,0,102,8,0,8,110
06/07/2016,MFR,OR,ANM,WE,Federal Contract Tower,26,23,12,12,73,0,63,41,0,104,26,86,53,12,177,4,4,8,185
06/08/2016,MFR,OR,ANM,WE,Federal Contract Tower,24,21,9,0,54,0,29,27,0,56,24,50,36,0,110,2,0,2,112
06/09/2016,MFR,OR,ANM,WE,Federal Contract Tower,34,20,14,2,70,54,6,40,0,100,88,26,54,2,170,20,22,42,212
06/10/2016,MFR,OR,ANM,WE,Federal Contract Tower,33,16,18,3,70,17,10,25,1,53,50,26,43,4,123,12,2,14,137
06/11/2016,MFR,OR,ANM,WE,Federal Contract Tower,24,10,13,0,47,4,13,65,0,82,28,23,78,0,129,18,0,18,147
06/12/2016,MFR,OR,ANM,WE,Federal Contract Tower,30,9,5,0,44,0,8,59,0,67,30,17,64,0,111,14,0,14,125
06/13/2016,MFR,OR,ANM,WE,Federal Contract Tower,35,18,25,2,80,0,11,40,0,51,35,29,65,2,131,4,0,4,135
06/14/2016,MFR,OR,ANM,WE,Federal Contract Tower,32,15,16,0,63,0,3,6,0,9,32,18,22,0,72,0,0,0,72
06/15/2016,MFR,OR,ANM,WE,Federal Contract Tower,31,19,17,0,67,0,2,24,0,26,31,21,41,0,93,0,0,0,93
06/16/2016,MFR,OR,ANM,WE,Federal Contract Tower,33,17,17,0,67,0,1,21,0,22,33,18,38,0,89,24,0,24,113
06/17/2016,MFR,OR,ANM,WE,Federal Contract Tower,34,19,30,3,86,0,5,12,0,17,34,24,42,3,103,0,0,0,103
06/18/2016,MFR,OR,ANM,WE,Federal Contract Tower,26,11,14,0,51,0,2,29,0,31,26,13,43,0,82,24,0,24,106
06/19/2016,MFR,OR,ANM,WE,Federal Contract Tower,33,12,23,1,69,0,1,59,0,60,33,13,82,1,129,6,0,6,135
06/20/2016,MFR,OR,ANM,WE,Federal Contract Tower,35,15,9,3,62,0,5,62,0,67,35,20,71,3,129,28,0,28,157
06/21/2016,MFR,OR,ANM,WE,Federal Contract Tower,30,15,30,1,76,0,5,40,1,46,30,20,70,2,122,30,0,30,152
06/22/2016,MFR,OR,ANM,WE,Federal Contract Tower,30,20,15,0,65,0,2,89,0,91,30,22,104,0,156,40,0,40,196
06/23/2016,MFR,OR,ANM,WE,Federal Contract Tower,34,14,16,2,66,0,2,25,0,27,34,16,41,2,93,22,0,22,115
06/24/2016,MFR,OR,ANM,WE,Federal Contract Tower,33,14,15,0,62,0,1,67,0,68,33,15,82,0,130,52,0,52,182
06/25/2016,MFR,OR,ANM,WE,Federal Contract Tower,24,8,20,0,52,0,4,49,0,53,24,12,69,0,105,20,0,20,125
06/26/2016,MFR,OR,ANM,WE,Federal Contract Tower,31,4,12,2,49,0,3,48,0,51,31,7,60,2,100,20,0,20,120
06/27/2016,MFR,OR,ANM,WE,Federal Contract Tower,34,19,13,0,66,0,8,40,0,48,34,27,53,0,114,26,0,26,140
06/28/2016,MFR,OR,ANM,WE,Federal Contract Tower,29,22,15,1,67,0,2,44,1,47,29,24,59,2,114,26,0,26,140
06/29/2016,MFR,OR,ANM,WE,Federal Contract Tower,28,18,12,2,60,0,20,45,0,65,28,38,57,2,125,24,0,24,149
06/30/2016,MFR,OR,ANM,WE,Federal Contract Tower,36,14,13,0,63,0,3,48,0,51,36,17,61,0,114,54,0,54,168
07/01/2016,MFR,OR,ANM,WE,Federal Contract Tower,31,18,14,0,63,0,14,63,0,77,31,32,77,0,140,26,0,26,166
07/02/2016,MFR,OR,ANM,WE,Federal Contract Tower,27,12,13,0,52,0,2,45,0,47,27,14,58,0,99,4,0,4,103
07/03/2016,MFR,OR,ANM,WE,Federal Contract Tower,23,9,10,0,42,0,4,42,0,46,23,13,52,0,88,0,0,0,88
07/04/2016,MFR,OR,ANM,WE,Federal Contract Tower,23,17,7,0,47,0,4,45,0,49,23,21,52,0,96,0,0,0,96
07/05/2016,MFR,OR,ANM,WE,Federal Contract Tower,27,13,12,0,52,0,7,46,0,53,27,20,58,0,105,50,0,50,155
07/06/2016,MFR,OR,ANM,WE,Federal Contract Tower,26,23,15,3,67,0,4,57,1,62,26,27,72,4,129,16,2,18,147
07/07/2016,MFR,OR,ANM,WE,Federal Contract Tower,31,20,17,0,68,0,4,46,0,50,31,24,63,0,118,28,0,28,146
07/08/2016,MFR,OR,ANM,WE,Federal Contract Tower,32,19,28,0,79,0,0,11,0,11,32,19,39,0,90,16,0,16,106
07/09/2016,MFR,OR,ANM,WE,Federal Contract Tower,24,13,20,0,57,0,3,18,0,21,24,16,38,0,78,22,0,22,100
07/10/2016,MFR,OR,ANM,WE,Federal Contract Tower,28,13,19,0,60,0,0,16,0,16,28,13,35,0,76,0,0,0,76
07/11/2016,MFR,OR,ANM,WE,Federal Contract Tower,36,18,4,0,58,0,0,44,0,44,36,18,48,0,102,12,0,12,114
07/12/2016,MFR,OR,ANM,WE,Federal Contract Tower,28,15,14,0,57,0,8,35,0,43,28,23,49,0,100,72,0,72,172
07/13/2016,MFR,OR,ANM,WE,Federal Contract Tower,27,18,14,0,59,0,6,51,0,57,27,24,65,0,116,44,0,44,160
07/14/2016,MFR,OR,ANM,WE,Federal Contract Tower,33,23,10,0,66,0,5,64,0,69,33,28,74,0,135,46,0,46,181
07/15/2016,MFR,OR,ANM,WE,Federal Contract Tower,27,16,19,1,63,0,5,37,2,44,27,21,56,3,107,0,2,2,109
07/16/2016,MFR,OR,ANM,WE,Federal Contract Tower,27,14,11,1,53,0,5,57,0,62,27,19,68,1,115,16,0,16,131
07/17/2016,MFR,OR,ANM,WE,Federal Contract Tower,29,8,18,0,55,0,1,36,0,37,29,9,54,0,92,28,0,28,120
07/18/2016,MFR,OR,ANM,WE,Federal Contract Tower,29,19,13,2,63,0,1,18,0,19,29,20,31,2,82,6,6,12,94
07/19/2016,MFR,OR,ANM,WE,Federal Contract Tower,27,26,14,0,67,0,1,27,0,28,27,27,41,0,95,14,0,14,109
07/20/2016,MFR,OR,ANM,WE,Federal Contract Tower,27,19,16,1,63,0,3,34,1,38,27,22,50,2,101,0,0,0,101
07/21/2016,MFR,OR,ANM,WE,Federal Contract Tower,31,19,14,0,64,0,5,39,0,44,31,24,53,0,108,22,0,22,130
07/22/2016,MFR,OR,ANM,WE,Federal Contract Tower,30,16,14,0,60,0,2,59,0,61,30,18,73,0,121,30,0,30,151
07/23/2016,MFR,OR,ANM,WE,Federal Contract Tower,24,16,13,0,53,0,3,61,0,64,24,19,74,0,117,30,0,30,147
07/24/2016,MFR,OR,ANM,WE,Federal Contract Tower,29,9,9,0,47,0,3,47,0,50,29,12,56,0,97,12,0,12,109
07/25/2016,MFR,OR,ANM,WE,Federal Contract Tower,33,19,19,2,73,0,2,38,10,50,33,21,57,12,123,36,0,36,159
07/26/2016,MFR,OR,ANM,WE,Federal Contract Tower,27,16,11,0,54,0,2,40,0,42,27,18,51,0,96,38,0,38,134
07/27/2016,MFR,OR,ANM,WE,Federal Contract Tower,27,19,15,0,61,0,11,65,0,76,27,30,80,0,137,48,0,48,185
07/28/2016,MFR,OR,ANM,WE,Federal Contract Tower,31,24,20,0,75,0,7,47,0,54,31,31,67,0,129,22,0,22,151
07/29/2016,MFR,OR,ANM,WE,Federal Contract Tower,30,15,17,2,64,0,4,49,0,53,30,19,66,2,117,8,0,8,125
07/30/2016,MFR,OR,ANM,WE,Federal Contract Tower,22,11,6,0,39,0,7,62,0,69,22,18,68,0,108,32,0,32,140
07/31/2016,MFR,OR,ANM,WE,Federal Contract Tower,28,15,8,0,51,0,54,72,0,126,28,69,80,0,177,18,0,18,195
08/01/2016,MFR,OR,ANM,WE,Federal Contract Tower,29,24,16,4,73,0,48,45,0,93,29,72,61,4,166,28,0,28,194
08/02/2016,MFR,OR,ANM,WE,Federal Contract Tower,27,16,6,0,49,0,41,47,0,88,27,57,53,0,137,60,0,60,197
08/03/2016,MFR,OR,ANM,WE,Federal Contract Tower,27,16,17,0,60,0,16,55,1,72,27,32,72,1,132,22,0,22,154
08/04/2016,MFR,OR,ANM,WE,Federal Contract Tower,30,13,10,0,53,1,16,36,0,53,31,29,46,0,106,20,0,20,126
08/05/2016,MFR,OR,ANM,WE,Federal Contract Tower,31,17,16,0,64,0,19,78,0,97,31,36,94,0,161,40,0,40,201
08/06/2016,MFR,OR,ANM,WE,Federal Contract Tower,22,10,12,0,44,0,6,64,0,70,22,16,76,0,114,14,0,14,128
08/07/2016,MFR,OR,ANM,WE,Federal Contract Tower,31,11,8,0,50,0,6,46,0,52,31,17,54,0,102,14,0,14,116
08/08/2016,MFR,OR,ANM,WE,Federal Contract Tower,25,16,15,0,56,0,7,47,0,54,25,23,62,0,110,10,2,12,122
08/09/2016,MFR,OR,ANM,WE,Federal Contract Tower,31,22,13,0,66,0,8,34,0,42,31,30,47,0,108,40,0,40,148
08/10/2016,MFR,OR,ANM,WE,Federal Contract Tower,26,19,17,3,65,0,5,78,1,84,26,24,95,4,149,82,0,82,231
08/11/2016,MFR,OR,ANM,WE,Federal Contract Tower,31,11,21,0,63,0,6,70,0,76,31,17,91,0,139,80,0,80,219
08/12/2016,MFR,OR,ANM,WE,Federal Contract Tower,28,11,18,2,59,0,15,63,0,78,28,26,81,2,137,62,0,62,199
08/13/2016,MFR,OR,ANM,WE,Federal Contract Tower,23,19,11,0,53,0,5,56,0,61,23,24,67,0,114,6,0,6,120
08/14/2016,MFR,OR,ANM,WE,Federal Contract Tower,26,9,16,0,51,0,4,52,0,56,26,13,68,0,107,10,0,10,117
08/15/2016,MFR,OR,ANM,WE,Federal Contract Tower,31,17,14,0,62,0,20,50,0,70,31,37,64,0,132,32,0,32,164
08/16/2016,MFR,OR,ANM,WE,Federal Contract Tower,30,14,9,0,53,0,18,44,0,62,30,32,53,0,115,20,0,20,135
08/17/2016,MFR,OR,ANM,WE,Federal Contract Tower,27,23,19,2,71,0,28,69,0,97,27,51,88,2,168,16,0,16,184
08/18/2016,MFR,OR,ANM,WE,Federal Contract Tower,34,24,12,0,70,0,21,56,0,77,34,45,68,0,147,12,0,12,159
08/19/2016,MFR,OR,ANM,WE,Federal Contract Tower,27,10,10,6,53,0,19,46,0,65,27,29,56,6,118,12,0,12,130
08/20/2016,MFR,OR,ANM,WE,Federal Contract Tower,22,12,5,0,39,0,8,38,0,46,22,20,43,0,85,16,0,16,101
08/21/2016,MFR,OR,ANM,WE,Federal Contract Tower,30,9,13,0,52,0,13,48,0,61,30,22,61,0,113,6,0,6,119
08/22/2016,MFR,OR,ANM,WE,Federal Contract Tower,28,14,19,0,61,0,24,56,0,80,28,38,75,0,141,22,0,22,163
08/23/2016,MFR,OR,ANM,WE,Federal Contract Tower,31,19,31,3,84,0,101,73,1,175,31,120,104,4,259,36,0,36,295
08/24/2016,MFR,OR,ANM,WE,Federal Contract Tower,30,17,17,4,68,0,114,69,4,187,30,131,86,8,255,88,0,88,343
08/25/2016,MFR,OR,ANM,WE,Federal Contract Tower,34,14,19,0,67,0,43,40,0,83,34,57,59,0,150,24,0,24,174
08/26/2016,MFR,OR,ANM,WE,Federal Contract Tower,31,15,16,0,62,0,35,39,0,74,31,50,55,0,136,8,0,8,144
08/27/2016,MFR,OR,ANM,WE,Federal Contract Tower,25,17,11,0,53,0,28,71,0,99,25,45,82,0,152,32,0,32,184
08/28/2016,MFR,OR,ANM,WE,Federal Contract Tower,31,7,10,0,48,7,74,46,0,127,38,81,56,0,175,14,0,14,189
08/29/2016,MFR,OR,ANM,WE,Federal Contract Tower,28,8,17,2,55,0,5,32,3,40,28,13,49,5,95,10,0,10,105
08/30/2016,MFR,OR,ANM,WE,Federal Contract Tower,29,18,14,2,63,2,61,37,0,100,31,79,51,2,163,0,0,0,163
08/31/2016,MFR,OR,ANM,WE,Federal Contract Tower,26,9,19,0,54,0,27,30,0,57,26,36,49,0,111,10,0,10,121
09/01/2016,MFR,OR,ANM,WE,Federal Contract Tower,32,11,30,6,79,2,3,28,0,33,34,14,58,6,112,4,0,4,116
09/02/2016,MFR,OR,ANM,WE,Federal Contract Tower,28,13,20,0,61,0,10,34,0,44,28,23,54,0,105,20,0,20,125
09/03/2016,MFR,OR,ANM,WE,Federal Contract Tower,24,7,14,0,45,0,14,53,0,67,24,21,67,0,112,2,0,2,114
09/04/2016,MFR,OR,ANM,WE,Federal Contract Tower,29,4,10,0,43,0,0,20,0,20,29,4,30,0,63,8,0,8,71
09/05/2016,MFR,OR,ANM,WE,Federal Contract Tower,28,5,12,0,45,0,14,64,0,78,28,19,76,0,123,0,0,0,123
09/06/2016,MFR,OR,ANM,WE,Federal Contract Tower,31,17,12,0,60,0,14,31,2,47,31,31,43,2,107,0,0,0,107
09/07/2016,MFR,OR,ANM,WE,Federal Contract Tower,27,17,11,2,57,0,8,37,0,45,27,25,48,2,102,10,0,10,112
09/08/2016,MFR,OR,ANM,WE,Federal Contract Tower,28,17,25,0,70,0,7,52,0,59,28,24,77,0,129,12,0,12,141
09/09/2016,MFR,OR,ANM,WE,Federal Contract Tower,24,21,15,1,61,0,6,54,1,61,24,27,69,2,122,12,6,18,140
09/10/2016,MFR,OR,ANM,WE,Federal Contract Tower,26,14,15,0,55,1,11,68,0,80,27,25,83,0,135,10,0,10,145
09/11/2016,MFR,OR,ANM,WE,Federal Contract Tower,25,8,15,0,48,0,3,45,0,48,25,11,60,0,96,10,0,10,106
09/12/2016,MFR,OR,ANM,WE,Federal Contract Tower,24,17,11,0,52,0,12,58,0,70,24,29,69,0,122,18,0,18,140
09/13/2016,MFR,OR,ANM,WE,Federal Contract Tower,26,12,17,3,58,0,12,55,0,67,26,24,72,3,125,22,0,22,147
09/14/2016,MFR,OR,ANM,WE,Federal Contract Tower,27,14,15,0,56,0,13,41,0,54,27,27,56,0,110,28,0,28,138
09/15/2016,MFR,OR,ANM,WE,Federal Contract Tower,32,15,15,0,62,0,10,55,0,65,32,25,70,0,127,28,0,28,155
09/16/2016,MFR,OR,ANM,WE,Federal Contract Tower,26,13,13,3,55,0,5,48,0,53,26,18,61,3,108,2,0,2,110
09/17/2016,MFR,OR,ANM,WE,Federal Contract Tower,23,8,11,0,42,0,10,34,0,44,23,18,45,0,86,26,0,26,112
09/18/2016,MFR,OR,ANM,WE,Federal Contract Tower,24,7,11,0,42,0,6,38,0,44,24,13,49,0,86,0,0,0,86
09/19/2016,MFR,OR,ANM,WE,Federal Contract Tower,25,11,17,2,55,0,5,33,0,38,25,16,50,2,93,28,0,28,121
09/20/2016,MFR,OR,ANM,WE,Federal Contract Tower,27,15,13,0,55,0,5,35,0,40,27,20,48,0,95,16,0,16,111
09/21/2016,MFR,OR,ANM,WE,Federal Contract Tower,27,13,18,4,62,0,21,37,0,58,27,34,55,4,120,18,0,18,138
09/22/2016,MFR,OR,ANM,WE,Federal Contract Tower,33,20,16,0,69,0,13,25,0,38,33,33,41,0,107,8,0,8,115
09/23/2016,MFR,OR,ANM,WE,Federal Contract Tower,28,16,14,0,58,0,5,19,0,24,28,21,33,0,82,10,0,10,92
09/24/2016,MFR,OR,ANM,WE,Federal Contract Tower,22,16,5,0,43,0,10,36,0,46,22,26,41,0,89,2,0,2,91
09/25/2016,MFR,OR,ANM,WE,Federal Contract Tower,26,7,22,0,55,0,3,50,0,53,26,10,72,0,108,2,0,2,110
09/26/2016,MFR,OR,ANM,WE,Federal Contract Tower,24,14,8,0,46,0,7,33,0,40,24,21,41,0,86,8,0,8,94
09/27/2016,MFR,OR,ANM,WE,Federal Contract Tower,29,20,14,0,63,0,2,45,0,47,29,22,59,0,110,16,0,16,126
09/28/2016,MFR,OR,ANM,WE,Federal Contract Tower,29,15,9,0,53,0,11,32,0,43,29,26,41,0,96,8,0,8,104
09/29/2016,MFR,OR,ANM,WE,Federal Contract Tower,30,16,11,0,57,0,4,33,0,37,30,20,44,0,94,12,0,12,106
09/30/2016,MFR,OR,ANM,WE,Federal Contract Tower,26,16,14,0,56,0,7,49,0,56,26,23,63,0,112,14,0,14,126
10/01/2016,MFR,OR,ANM,WE,Federal Contract Tower,23,11,14,0,48,0,5,32,0,37,23,16,46,0,85,6,0,6,91
10/02/2016,MFR,OR,ANM,WE,Federal Contract Tower,23,14,9,0,46,0,3,13,0,16,23,17,22,0,62,0,0,0,62
10/03/2016,MFR,OR,ANM,WE,Federal Contract Tower,25,21,26,0,72,0,0,5,0,5,25,21,31,0,77,0,0,0,77
10/04/2016,MFR,OR,ANM,WE,Federal Contract Tower,27,16,10,0,53,0,0,22,0,22,27,16,32,0,75,0,0,0,75
10/05/2016,MFR,OR,ANM,WE,Federal Contract Tower,27,19,10,0,56,0,2,5,0,7,27,21,15,0,63,18,0,18,81
10/06/2016,MFR,OR,ANM,WE,Federal Contract Tower,24,21,23,0,68,0,5,20,0,25,24,26,43,0,93,16,0,16,109
10/07/2016,MFR,OR,ANM,WE,Federal Contract Tower,21,19,23,2,65,0,6,56,0,62,21,25,79,2,127,16,0,16,143
10/08/2016,MFR,OR,ANM,WE,Federal Contract Tower,22,11,10,0,43,0,3,43,0,46,22,14,53,0,89,16,0,16,105
10/09/2016,MFR,OR,ANM,WE,Federal Contract Tower,28,9,15,0,52,0,4,17,0,21,28,13,32,0,73,6,0,6,79
10/10/2016,MFR,OR,ANM,WE,Federal Contract Tower,19,17,14,0,50,0,3,35,0,38,19,20,49,0,88,36,0,36,124
10/11/2016,MFR,OR,ANM,WE,Federal Contract Tower,25,18,15,1,59,0,5,41,1,47,25,23,56,2,106,4,0,4,110
10/12/2016,MFR,OR,ANM,WE,Federal Contract Tower,22,20,6,0,48,0,4,45,0,49,22,24,51,0,97,28,0,28,125
10/13/2016,MFR,OR,ANM,WE,Federal Contract Tower,25,26,15,0,66,0,3,2,0,5,25,29,17,0,71,0,0,0,71
10/14/2016,MFR,OR,ANM,WE,Federal Contract Tower,21,21,21,0,63,0,2,4,0,6,21,23,25,0,69,2,0,2,71
10/15/2016,MFR,OR,ANM,WE,Federal Contract Tower,20,10,2,0,32,0,1,3,0,4,20,11,5,0,36,0,0,0,36
10/16/2016,MFR,OR,ANM,WE,Federal Contract Tower,26,12,8,0,46,0,0,0,0,0,26,12,8,0,46,0,0,0,46
10/17/2016,MFR,OR,ANM,WE,Federal Contract Tower,19,18,17,0,54,0,2,7,0,9,19,20,24,0,63,6,0,6,69
10/18/2016,MFR,OR,ANM,WE,Federal Contract Tower,23,32,15,1,71,0,1,11,1,13,23,33,26,2,84,18,0,18,102
10/19/2016,MFR,OR,ANM,WE,Federal Contract Tower,24,26,15,2,67,0,1,35,2,38,24,27,50,4,105,10,0,10,115
10/20/2016,MFR,OR,ANM,WE,Federal Contract Tower,24,30,18,1,73,0,2,24,1,27,24,32,42,2,100,0,0,0,100
10/21/2016,MFR,OR,ANM,WE,Federal Contract Tower,21,23,27,0,71,0,2,22,0,24,21,25,49,0,95,16,0,16,111
10/22/2016,MFR,OR,ANM,WE,Federal Contract Tower,22,10,3,0,35,0,0,35,0,35,22,10,38,0,70,28,0,28,98
10/23/2016,MFR,OR,ANM,WE,Federal Contract Tower,24,8,14,0,46,0,0,23,0,23,24,8,37,0,69,16,0,16,85
10/24/2016,MFR,OR,ANM,WE,Federal Contract Tower,22,15,17,0,54,0,0,2,0,2,22,15,19,0,56,0,0,0,56
10/25/2016,MFR,OR,ANM,WE,Federal Contract Tower,21,26,15,3,65,0,0,15,3,18,21,26,30,6,83,34,8,42,125
10/26/2016,MFR,OR,ANM,WE,Federal Contract Tower,22,22,11,0,55,0,1,19,0,20,22,23,30,0,75,0,0,0,75
10/27/2016,MFR,OR,ANM,WE,Federal Contract Tower,25,18,16,0,59,0,0,1,0,1,25,18,17,0,60,0,0,0,60
10/28/2016,MFR,OR,ANM,WE,Federal Contract Tower,23,18,26,2,69,0,2,25,0,27,23,20,51,2,96,6,0,6,102
10/29/2016,MFR,OR,ANM,WE,Federal Contract Tower,22,10,21,3,56,0,1,4,2,7,22,11,25,5,63,0,0,0,63
10/30/2016,MFR,OR,ANM,WE,Federal Contract Tower,22,7,10,0,39,0,1,7,0,8,22,8,17,0,47,10,0,10,57
10/31/2016,MFR,OR,ANM,WE,Federal Contract Tower,22,22,16,0,60,0,0,20,0,20,22,22,36,0,80,24,0,24,104
11/01/2016,MFR,OR,ANM,WE,Federal Contract Tower,24,22,15,0,61,0,4,18,0,22,24,26,33,0,83,6,0,6,89
11/02/2016,MFR,OR,ANM,WE,Federal Contract Tower,21,20,17,0,58,0,4,26,0,30,21,24,43,0,88,24,0,24,112
11/03/2016,MFR,OR,ANM,WE,Federal Contract Tower,25,23,15,0,63,0,5,34,0,39,25,28,49,0,102,6,0,6,108
11/04/2016,MFR,OR,ANM,WE,Federal Contract Tower,22,15,10,1,48,0,2,34,1,37,22,17,44,2,85,28,0,28,113
11/05/2016,MFR,OR,ANM,WE,Federal Contract Tower,17,13,11,0,41,0,0,27,0,27,17,13,38,0,68,14,0,14,82
11/06/2016,MFR,OR,ANM,WE,Federal Contract Tower,24,16,30,2,72,0,1,20,0,21,24,17,50,2,93,20,0,20,113
11/07/2016,MFR,OR,ANM,WE,Federal Contract Tower,21,20,15,0,56,0,1,35,0,36,21,21,50,0,92,40,0,40,132
11/08/2016,MFR,OR,ANM,WE,Federal Contract Tower,22,14,12,4,52,0,3,27,0,30,22,17,39,4,82,12,0,12,94
11/09/2016,MFR,OR,ANM,WE,Federal Contract Tower,20,18,13,0,51,0,2,12,1,15,20,20,25,1,66,0,0,0,66
11/10/2016,MFR,OR,ANM,WE,Federal Contract Tower,24,21,22,1,68,0,8,32,0,40,24,29,54,1,108,4,0,4,112
11/11/2016,MFR,OR,ANM,WE,Federal Contract Tower,19,20,17,0,56,0,0,30,0,30,19,20,47,0,86,16,0,16,102
11/12/2016,MFR,OR,ANM,WE,Federal Contract Tower,14,16,11,0,41,0,1,29,0,30,14,17,40,0,71,14,0,14,85
11/13/2016,MFR,OR,ANM,WE,Federal Contract Tower,23,11,9,0,43,0,0,35,0,35,23,11,44,0,78,10,0,10,88
11/14/2016,MFR,OR,ANM,WE,Federal Contract Tower,19,19,31,0,69,0,0,9,0,9,19,19,40,0,78,6,0,6,84
11/15/2016,MFR,OR,ANM,WE,Federal Contract Tower,19,20,9,0,48,0,0,18,0,18,19,20,27,0,66,6,0,6,72
11/16/2016,MFR,OR,ANM,WE,Federal Contract Tower,24,18,20,0,62,2,0,11,0,13,26,18,31,0,75,6,0,6,81
11/17/2016,MFR,OR,ANM,WE,Federal Contract Tower,25,24,18,2,69,0,3,24,0,27,25,27,42,2,96,12,0,12,108
11/18/2016,MFR,OR,ANM,WE,Federal Contract Tower,22,26,19,0,67,8,4,15,0,27,30,30,34,0,94,2,0,2,96
11/19/2016,MFR,OR,ANM,WE,Federal Contract Tower,13,21,11,0,45,0,2,19,0,21,13,23,30,0,66,12,0,12,78
11/20/2016,MFR,OR,ANM,WE,Federal Contract Tower,24,9,13,1,47,0,0,9,1,10,24,9,22,2,57,16,12,28,85
11/21/2016,MFR,OR,ANM,WE,Federal Contract Tower,22,20,11,0,53,0,4,16,0,20,22,24,27,0,73,6,0,6,79
11/22/2016,MFR,OR,ANM,WE,Federal Contract Tower,23,27,21,1,72,0,0,2,5,7,23,27,23,6,79,2,0,2,81
11/23/2016,MFR,OR,ANM,WE,Federal Contract Tower,21,20,15,2,58,0,1,10,0,11,21,21,25,2,69,10,0,10,79
11/24/2016,MFR,OR,ANM,WE,Federal Contract Tower,20,3,2,0,25,0,0,9,0,9,20,3,11,0,34,4,0,4,38
11/25/2016,MFR,OR,ANM,WE,Federal Contract Tower,17,17,13,0,47,0,0,5,0,5,17,17,18,0,52,0,0,0,52
11/26/2016,MFR,OR,ANM,WE,Federal Contract Tower,17,16,17,0,50,0,1,1,0,2,17,17,18,0,52,0,0,0,52
11/27/2016,MFR,OR,ANM,WE,Federal Contract Tower,22,13,19,0,54,0,0,6,0,6,22,13,25,0,60,8,0,8,68
11/28/2016,MFR,OR,ANM,WE,Federal Contract Tower,23,18,21,10,72,0,0,2,0,2,23,18,23,10,74,0,0,0,74
11/29/2016,MFR,OR,ANM,WE,Federal Contract Tower,18,27,12,0,57,0,0,34,0,34,18,27,46,0,91,12,0,12,103
11/30/2016,MFR,OR,ANM,WE,Federal Contract Tower,20,17,6,0,43,0,0,1,0,1,20,17,7,0,44,0,0,0,44
12/01/2016,MFR,OR,ANM,WE,Federal Contract Tower,26,20,10,2,58,0,0,11,1,12,26,20,21,3,70,0,0,0,70
12/02/2016,MFR,OR,ANM,WE,Federal Contract Tower,22,20,8,0,50,0,0,4,1,5,22,20,12,1,55,16,0,16,71
12/03/2016,MFR,OR,ANM,WE,Federal Contract Tower,15,10,20,0,45,0,0,8,0,8,15,10,28,0,53,16,0,16,69
12/04/2016,MFR,OR,ANM,WE,Federal Contract Tower,26,11,8,0,45,0,0,0,0,0,26,11,8,0,45,0,0,0,45
12/05/2016,MFR,OR,ANM,WE,Federal Contract Tower,21,21,19,0,61,0,0,2,0,2,21,21,21,0,63,0,0,0,63
12/06/2016,MFR,OR,ANM,WE,Federal Contract Tower,16,19,5,2,42,0,0,4,0,4,16,19,9,2,46,0,0,0,46
12/07/2016,MFR,OR,ANM,WE,Federal Contract Tower,21,17,15,3,56,0,5,19,1,25,21,22,34,4,81,0,0,0,81
12/08/2016,MFR,OR,ANM,WE,Federal Contract Tower,20,19,4,0,43,0,0,3,0,3,20,19,7,0,46,4,0,4,50
12/09/2016,MFR,OR,ANM,WE,Federal Contract Tower,12,10,3,0,25,0,0,1,0,1,12,10,4,0,26,0,0,0,26
12/10/2016,MFR,OR,ANM,WE,Federal Contract Tower,15,12,7,0,34,0,0,9,0,9,15,12,16,0,43,2,0,2,45
12/11/2016,MFR,OR,ANM,WE,Federal Contract Tower,24,7,11,0,42,0,0,2,0,2,24,7,13,0,44,0,0,0,44
12/12/2016,MFR,OR,ANM,WE,Federal Contract Tower,21,19,11,1,52,0,0,18,1,19,21,19,29,2,71,16,0,16,87
12/13/2016,MFR,OR,ANM,WE,Federal Contract Tower,17,22,12,0,51,0,0,6,1,7,17,22,18,1,58,0,0,0,58
12/15/2016,MFR,OR,ANM,WE,Federal Contract Tower,27,24,8,10,69,0,0,0,0,0,27,24,8,10,69,0,0,0,69
12/16/2016,MFR,OR,ANM,WE,Federal Contract Tower,19,15,9,0,43,0,4,17,0,21,19,19,26,0,64,0,0,0,64
12/17/2016,MFR,OR,ANM,WE,Federal Contract Tower,16,11,12,0,39,0,6,42,0,48,16,17,54,0,87,20,0,20,107
12/18/2016,MFR,OR,ANM,WE,Federal Contract Tower,22,9,13,0,44,0,5,33,0,38,22,14,46,0,82,4,0,4,86
12/19/2016,MFR,OR,ANM,WE,Federal Contract Tower,17,22,7,0,46,0,0,10,0,10,17,22,17,0,56,6,0,6,62
12/20/2016,MFR,OR,ANM,WE,Federal Contract Tower,18,24,22,4,68,0,0,15,0,15,18,24,37,4,83,0,0,0,83
12/21/2016,MFR,OR,ANM,WE,Federal Contract Tower,21,25,19,0,65,0,3,35,0,38,21,28,54,0,103,12,0,12,115
12/22/2016,MFR,OR,ANM,WE,Federal Contract Tower,20,35,14,0,69,0,1,21,0,22,20,36,35,0,91,12,0,12,103
12/23/2016,MFR,OR,ANM,WE,Federal Contract Tower,17,26,9,2,54,0,0,0,0,0,17,26,9,2,54,0,0,0,54
12/24/2016,MFR,OR,ANM,WE,Federal Contract Tower,19,19,4,0,42,0,0,7,0,7,19,19,11,0,49,6,0,6,55
12/25/2016,MFR,OR,ANM,WE,Federal Contract Tower,14,10,11,0,35,0,6,16,0,22,14,16,27,0,57,0,0,0,57
12/26/2016,MFR,OR,ANM,WE,Federal Contract Tower,21,14,6,0,41,0,3,25,0,28,21,17,31,0,69,2,0,2,71
12/27/2016,MFR,OR,ANM,WE,Federal Contract Tower,17,30,8,0,55,0,0,1,0,1,17,30,9,0,56,2,0,2,58
12/28/2016,MFR,OR,ANM,WE,Federal Contract Tower,22,22,13,0,57,0,0,13,0,13,22,22,26,0,70,8,0,8,78
12/29/2016,MFR,OR,ANM,WE,Federal Contract Tower,25,20,20,0,65,0,0,0,0,0,25,20,20,0,65,0,0,0,65
12/30/2016,MFR,OR,ANM,WE,Federal Contract Tower,20,23,6,0,49,0,0,1,0,1,20,23,7,0,50,0,0,0,50
12/31/2016,MFR,OR,ANM,WE,Federal Contract Tower,18,12,7,0,37,0,6,19,0,25,18,18,26,0,62,8,0,8,70
01/01/2017,MFR,OR,ANM,WE,Federal Contract Tower,14,8,3,0,25,0,0,1,0,1,14,8,4,0,26,0,0,0,26
01/02/2017,MFR,OR,ANM,WE,Federal Contract Tower,18,17,9,0,44,0,0,2,0,2,18,17,11,0,46,0,0,0,46
01/03/2017,MFR,OR,ANM,WE,Federal Contract Tower,17,12,6,0,35,0,0,0,0,0,17,12,6,0,35,0,0,0,35
01/04/2017,MFR,OR,ANM,WE,Federal Contract Tower,12,17,5,0,34,0,0,2,0,2,12,17,7,0,36,0,0,0,36
01/05/2017,MFR,OR,ANM,WE,Federal Contract Tower,25,18,9,0,52,0,1,8,0,9,25,19,17,0,61,0,0,0,61
01/06/2017,MFR,OR,ANM,WE,Federal Contract Tower,15,22,12,0,49,0,4,22,0,26,15,26,34,0,75,14,0,14,89
01/07/2017,MFR,OR,ANM,WE,Federal Contract Tower,10,8,3,0,21,0,0,4,0,4,10,8,7,0,25,0,0,0,25
01/08/2017,MFR,OR,ANM,WE,Federal Contract Tower,14,6,5,0,25,0,0,0,0,0,14,6,5,0,25,0,0,0,25
01/09/2017,MFR,OR,ANM,WE,Federal Contract Tower,15,20,15,0,50,0,0,4,0,4,15,20,19,0,54,8,0,8,62
01/10/2017,MFR,OR,ANM,WE,Federal Contract Tower,15,18,5,0,38,0,0,0,0,0,15,18,5,0,38,0,0,0,38
01/11/2017,MFR,OR,ANM,WE,Federal Contract Tower,12,15,12,0,39,0,0,20,0,20,12,15,32,0,59,12,0,12,71
01/12/2017,MFR,OR,ANM,WE,Federal Contract Tower,20,24,13,0,57,0,4,29,0,33,20,28,42,0,90,22,0,22,112
01/13/2017,MFR,OR,ANM,WE,Federal Contract Tower,16,24,12,1,53,0,3,22,1,26,16,27,34,2,79,24,0,24,103
01/14/2017,MFR,OR,ANM,WE,Federal Contract Tower,14,12,13,0,39,0,1,17,0,18,14,13,30,0,57,6,0,6,63
01/15/2017,MFR,OR,ANM,WE,Federal Contract Tower,20,8,5,0,33,0,0,10,0,10,20,8,15,0,43,2,0,2,45
01/16/2017,MFR,OR,ANM,WE,Federal Contract Tower,17,18,8,0,43,0,0,24,0,24,17,18,32,0,67,8,0,8,75
01/17/2017,MFR,OR,ANM,WE,Federal Contract Tower,17,14,6,0,37,0,1,6,0,7,17,15,12,0,44,2,0,2,46
01/18/2017,MFR,OR,ANM,WE,Federal Contract Tower,18,22,14,0,54,0,0,1,0,1,18,22,15,0,55,0,0,0,55
01/19/2017,MFR,OR,ANM,WE,Federal Contract Tower,18,21,17,4,60,0,0,8,0,8,18,21,25,4,68,14,0,14,82
01/20/2017,MFR,OR,ANM,WE,Federal Contract Tower,17,17,8,0,42,0,0,9,0,9,17,17,17,0,51,0,0,0,51
01/21/2017,MFR,OR,ANM,WE,Federal Contract Tower,13,11,5,0,29,0,1,0,0,1,13,12,5,0,30,0,0,0,30
01/22/2017,MFR,OR,ANM,WE,Federal Contract Tower,20,6,9,0,35,0,0,2,0,2,20,6,11,0,37,8,0,8,45
01/23/2017,MFR,OR,ANM,WE,Federal Contract Tower,14,25,9,0,48,0,3,13,0,16,14,28,22,0,64,0,0,0,64
01/24/2017,MFR,OR,ANM,WE,Federal Contract Tower,15,22,23,0,60,0,4,34,0,38,15,26,57,0,98,10,0,10,108
01/25/2017,MFR,OR,ANM,WE,Federal Contract Tower,17,24,20,0,61,0,1,5,0,6,17,25,25,0,67,0,0,0,67
01/26/2017,MFR,OR,ANM,WE,Federal Contract Tower,22,18,17,0,57,0,3,30,0,33,22,21,47,0,90,26,0,26,116
01/27/2017,MFR,OR,ANM,WE,Federal Contract Tower,17,19,22,0,58,0,2,32,0,34,17,21,54,0,92,8,0,8,100
01/28/2017,MFR,OR,ANM,WE,Federal Contract Tower,14,15,14,0,43,0,4,52,0,56,14,19,66,0,99,10,0,10,109
01/29/2017,MFR,OR,ANM,WE,Federal Contract Tower,23,8,10,0,41,0,2,22,0,24,23,10,32,0,65,18,0,18,83
01/30/2017,MFR,OR,ANM,WE,Federal Contract Tower,16,18,14,0,48,0,1,41,0,42,16,19,55,0,90,6,0,6,96
01/31/2017,MFR,OR,ANM,WE,Federal Contract Tower,15,18,10,0,43,0,2,24,0,26,15,20,34,0,69,6,0,6,75
02/01/2017,MFR,OR,ANM,WE,Federal Contract Tower,17,17,15,1,50,0,0,30,3,33,17,17,45,4,83,0,0,0,83
02/02/2017,MFR,OR,ANM,WE,Federal Contract Tower,22,22,10,0,54,0,0,25,4,29,22,22,35,4,83,6,0,6,89
02/04/2017,MFR,OR,ANM,WE,Federal Contract Tower,10,17,7,0,34,0,0,10,0,10,10,17,17,0,44,10,0,10,54
02/05/2017,MFR,OR,ANM,WE,Federal Contract Tower,22,5,3,0,30,0,1,17,0,18,22,6,20,0,48,4,0,4,52
02/06/2017,MFR,OR,ANM,WE,Federal Contract Tower,15,17,17,0,49,0,0,12,0,12,15,17,29,0,61,8,0,8,69
02/07/2017,MFR,OR,ANM,WE,Federal Contract Tower,13,21,16,0,50,0,0,5,0,5,13,21,21,0,55,0,0,0,55
02/08/2017,MFR,OR,ANM,WE,Federal Contract Tower,17,23,16,18,74,0,5,14,0,19,17,28,30,18,93,8,0,8,101
02/09/2017,MFR,OR,ANM,WE,Federal Contract Tower,17,15,18,2,52,0,0,12,0,12,17,15,30,2,64,0,0,0,64
02/10/2017,MFR,OR,ANM,WE,Federal Contract Tower,17,23,15,0,55,0,1,25,0,26,17,24,40,0,81,14,0,14,95
02/11/2017,MFR,OR,ANM,WE,Federal Contract Tower,12,11,19,0,42,0,5,52,0,57,12,16,71,0,99,12,0,12,111
02/12/2017,MFR,OR,ANM,WE,Federal Contract Tower,17,8,12,0,37,0,3,65,0,68,17,11,77,0,105,26,0,26,131
02/13/2017,MFR,OR,ANM,WE,Federal Contract Tower,20,19,14,2,55,0,0,45,0,45,20,19,59,2,100,10,0,10,110
02/14/2017,MFR,OR,ANM,WE,Federal Contract Tower,15,21,10,0,46,0,4,40,0,44,15,25,50,0,90,10,0,10,100
02/15/2017,MFR,OR,ANM,WE,Federal Contract Tower,19,22,16,0,57,0,2,7,0,9,19,24,23,0,66,0,0,0,66
02/16/2017,MFR,OR,ANM,WE,Federal Contract Tower,24,21,10,0,55,0,1,11,0,12,24,22,21,0,67,0,0,0,67
02/17/2017,MFR,OR,ANM,WE,Federal Contract Tower,18,22,8,0,48,0,1,16,0,17,18,23,24,0,65,10,0,10,75
02/18/2017,MFR,OR,ANM,WE,Federal Contract Tower,11,13,19,0,43,0,0,4,0,4,11,13,23,0,47,0,0,0,47
02/19/2017,MFR,OR,ANM,WE,Federal Contract Tower,19,10,12,0,41,0,1,7,0,8,19,11,19,0,49,8,0,8,57
02/20/2017,MFR,OR,ANM,WE,Federal Contract Tower,14,19,3,0,36,0,0,5,0,5,14,19,8,0,41,0,0,0,41
02/21/2017,MFR,OR,ANM,WE,Federal Contract Tower,16,29,6,0,51,0,2,1,2,5,16,31,7,2,56,0,0,0,56
02/22/2017,MFR,OR,ANM,WE,Federal Contract Tower,18,21,9,0,48,0,1,3,0,4,18,22,12,0,52,0,0,0,52
02/23/2017,MFR,OR,ANM,WE,Federal Contract Tower,23,27,11,0,61,0,2,16,1,19,23,29,27,1,80,10,0,10,90
02/24/2017,MFR,OR,ANM,WE,Federal Contract Tower,19,19,17,0,55,0,2,18,0,20,19,21,35,0,75,12,0,12,87
02/25/2017,MFR,OR,ANM,WE,Federal Contract Tower,13,15,15,0,43,0,4,28,0,32,13,19,43,0,75,6,0,6,81
02/26/2017,MFR,OR,ANM,WE,Federal Contract Tower,19,14,5,0,38,0,0,8,0,8,19,14,13,0,46,0,0,0,46
02/27/2017,MFR,OR,ANM,WE,Federal Contract Tower,17,25,12,0,54,0,0,5,0,5,17,25,17,0,59,6,0,6,65
02/28/2017,MFR,OR,ANM,WE,Federal Contract Tower,19,19,8,0,46,0,0,8,0,8,19,19,16,0,54,4,0,4,58
03/01/2017,MFR,OR,ANM,WE,Federal Contract Tower,18,26,14,0,58,0,5,43,0,48,18,31,57,0,106,24,0,24,130
03/02/2017,MFR,OR,ANM,WE,Federal Contract Tower,22,21,8,0,51,0,3,46,0,49,22,24,54,0,100,14,0,14,114
03/03/2017,MFR,OR,ANM,WE,Federal Contract Tower,19,29,20,0,68,0,5,12,0,17,19,34,32,0,85,18,0,18,103
03/04/2017,MFR,OR,ANM,WE,Federal Contract Tower,16,11,14,0,41,0,0,5,0,5,16,11,19,0,46,10,0,10,56
03/05/2017,MFR,OR,ANM,WE,Federal Contract Tower,19,14,14,0,47,0,0,1,0,1,19,14,15,0,48,0,0,0,48
03/06/2017,MFR,OR,ANM,WE,Federal Contract Tower,16,24,5,0,45,0,0,0,0,0,16,24,5,0,45,0,0,0,45
03/07/2017,MFR,OR,ANM,WE,Federal Contract Tower,16,24,18,0,58,0,0,5,0,5,16,24,23,0,63,8,0,8,71
03/08/2017,MFR,OR,ANM,WE,Federal Contract Tower,19,22,15,0,56,0,0,4,0,4,19,22,19,0,60,4,0,4,64
03/09/2017,MFR,OR,ANM,WE,Federal Contract Tower,22,21,7,0,50,0,0,1,0,1,22,21,8,0,51,0,0,0,51
03/10/2017,MFR,OR,ANM,WE,Federal Contract Tower,21,19,15,0,55,0,5,36,0,41,21,24,51,0,96,10,0,10,106
03/11/2017,MFR,OR,ANM,WE,Federal Contract Tower,11,12,8,0,31,0,2,20,3,25,11,14,28,3,56,12,0,12,68
03/12/2017,MFR,OR,ANM,WE,Federal Contract Tower,24,6,9,0,39,0,3,47,1,51,24,9,56,1,90,6,2,8,98
03/13/2017,MFR,OR,ANM,WE,Federal Contract Tower,18,21,18,3,60,0,5,50,1,56,18,26,68,4,116,16,14,30,146
03/14/2017,MFR,OR,ANM,WE,Federal Contract Tower,19,27,7,0,53,0,5,28,0,33,19,32,35,0,86,12,0,12,98
03/15/2017,MFR,OR,ANM,WE,Federal Contract Tower,16,21,4,0,41,0,1,9,0,10,16,22,13,0,51,2,0,2,53
03/16/2017,MFR,OR,ANM,WE,Federal Contract Tower,23,22,12,2,59,0,2,22,0,24,23,24,34,2,83,12,0,12,95
03/17/2017,MFR,OR,ANM,WE,Federal Contract Tower,21,17,11,3,52,0,0,24,1,25,21,17,35,4,77,12,0,12,89
03/18/2017,MFR,OR,ANM,WE,Federal Contract Tower,14,20,12,0,46,0,0,3,0,3,14,20,15,0,49,0,0,0,49
03/19/2017,MFR,OR,ANM,WE,Federal Contract Tower,24,11,15,0,50,0,0,19,0,19,24,11,34,0,69,2,0,2,71
03/20/2017,MFR,OR,ANM,WE,Federal Contract Tower,20,16,23,0,59,0,0,5,0,5,20,16,28,0,64,2,0,2,66
03/21/2017,MFR,OR,ANM,WE,Federal Contract Tower,21,22,26,0,69,0,0,9,2,11,21,22,35,2,80,0,0,0,80
03/22/2017,MFR,OR,ANM,WE,Federal Contract Tower,17,22,11,0,50,0,3,4,2,9,17,25,15,2,59,0,0,0,59
03/23/2017,MFR,OR,ANM,WE,Federal Contract Tower,26,24,18,0,68,0,1,30,0,31,26,25,48,0,99,30,0,30,129
03/24/2017,MFR,OR,ANM,WE,Federal Contract Tower,19,17,20,4,60,0,2,2,0,4,19,19,22,4,64,12,0,12,76
03/25/2017,MFR,OR,ANM,WE,Federal Contract Tower,13,22,14,0,49,0,4,15,0,19,13,26,29,0,68,10,0,10,78
03/26/2017,MFR,OR,ANM,WE,Federal Contract Tower,25,9,19,0,53,0,0,4,0,4,25,9,23,0,57,0,0,0,57
03/27/2017,MFR,OR,ANM,WE,Federal Contract Tower,23,15,13,0,51,0,2,7,0,9,23,17,20,0,60,0,0,0,60
03/28/2017,MFR,OR,ANM,WE,Federal Contract Tower,25,18,16,0,59,0,3,31,0,34,25,21,47,0,93,18,0,18,111
03/29/2017,MFR,OR,ANM,WE,Federal Contract Tower,19,28,8,0,55,0,3,1,0,4,19,31,9,0,59,2,0,2,61
03/30/2017,MFR,OR,ANM,WE,Federal Contract Tower,24,21,9,0,54,0,1,9,0,10,24,22,18,0,64,12,0,12,76
03/31/2017,MFR,OR,ANM,WE,Federal Contract Tower,22,16,23,4,65,0,5,59,0,64,22,21,82,4,129,16,0,16,145
04/01/2017,MFR,OR,ANM,WE,Federal Contract Tower,15,10,10,4,39,0,1,45,0,46,15,11,55,4,85,20,0,20,105
04/02/2017,MFR,OR,ANM,WE,Federal Contract Tower,25,14,9,0,48,0,0,54,0,54,25,14,63,0,102,24,0,24,126
04/03/2017,MFR,OR,ANM,WE,Federal Contract Tower,21,22,14,0,57,0,2,45,0,47,21,24,59,0,104,4,0,4,108
04/04/2017,MFR,OR,ANM,WE,Federal Contract Tower,23,21,11,2,57,0,2,34,0,36,23,23,45,2,93,10,0,10,103
04/05/2017,MFR,OR,ANM,WE,Federal Contract Tower,20,20,5,0,45,0,1,33,0,34,20,21,38,0,79,28,0,28,107
04/06/2017,MFR,OR,ANM,WE,Federal Contract Tower,21,20,14,6,61,0,5,8,0,13,21,25,22,6,74,0,0,0,74
04/07/2017,MFR,OR,ANM,WE,Federal Contract Tower,20,18,11,0,49,0,5,5,0,10,20,23,16,0,59,2,0,2,61
04/08/2017,MFR,OR,ANM,WE,Federal Contract Tower,12,10,18,0,40,0,2,12,4,18,12,12,30,4,58,38,0,38,96
04/09/2017,MFR,OR,ANM,WE,Federal Contract Tower,23,8,19,0,50,0,0,24,0,24,23,8,43,0,74,12,0,12,86
04/10/2017,MFR,OR,ANM,WE,Federal Contract Tower,19,20,9,0,48,0,2,21,0,23,19,22,30,0,71,20,0,20,91
04/11/2017,MFR,OR,ANM,WE,Federal Contract Tower,21,20,22,1,64,0,0,24,0,24,21,20,46,1,88,4,0,4,92
04/12/2017,MFR,OR,ANM,WE,Federal Contract Tower,19,19,7,1,46,0,2,20,0,22,19,21,27,1,68,38,0,38,106
04/13/2017,MFR,OR,ANM,WE,Federal Contract Tower,24,21,11,0,56,0,2,10,0,12,24,23,21,0,68,0,0,0,68
04/14/2017,MFR,OR,ANM,WE,Federal Contract Tower,19,20,5,2,46,0,1,16,0,17,19,21,21,2,63,6,0,6,69
04/15/2017,MFR,OR,ANM,WE,Federal Contract Tower,13,16,13,0,42,0,6,49,0,55,13,22,62,0,97,14,0,14,111
04/16/2017,MFR,OR,ANM,WE,Federal Contract Tower,23,7,8,0,38,0,3,14,0,17,23,10,22,0,55,2,0,2,57
04/17/2017,MFR,OR,ANM,WE,Federal Contract Tower,17,15,13,0,45,0,1,6,0,7,17,16,19,0,52,4,0,4,56
04/18/2017,MFR,OR,ANM,WE,Federal Contract Tower,24,24,10,8,66,0,5,29,0,34,24,29,39,8,100,22,0,22,122
04/19/2017,MFR,OR,ANM,WE,Federal Contract Tower,18,20,24,0,62,0,4,19,0,23,18,24,43,0,85,0,0,0,85
04/20/2017,MFR,OR,ANM,WE,Federal Contract Tower,23,26,16,2,67,0,0,28,0,28,23,26,44,2,95,40,0,40,135
04/21/2017,MFR,OR,ANM,WE,Federal Contract Tower,19,16,28,0,63,0,1,63,0,64,19,17,91,0,127,24,0,24,151
04/22/2017,MFR,OR,ANM,WE,Federal Contract Tower,12,14,9,0,35,0,0,26,0,26,12,14,35,0,61,0,0,0,61
04/23/2017,MFR,OR,ANM,WE,Federal Contract Tower,20,6,16,0,42,0,0,10,0,10,20,6,26,0,52,0,0,0,52
04/24/2017,MFR,OR,ANM,WE,Federal Contract Tower,21,19,20,8,68,0,0,5,0,5,21,19,25,8,73,0,0,0,73
04/25/2017,MFR,OR,ANM,WE,Federal Contract Tower,22,16,27,0,65,0,0,16,0,16,22,16,43,0,81,13,0,13,94
04/26/2017,MFR,OR,ANM,WE,Federal Contract Tower,21,18,6,0,45,0,0,5,0,5,21,18,11,0,50,0,0,0,50
04/27/2017,MFR,OR,ANM,WE,Federal Contract Tower,26,25,14,0,65,0,1,24,2,27,26,26,38,2,92,0,0,0,92
04/28/2017,MFR,OR,ANM,WE,Federal Contract Tower,19,19,12,0,50,0,4,53,0,57,19,23,65,0,107,60,0,60,167
04/29/2017,MFR,OR,ANM,WE,Federal Contract Tower,14,8,5,0,27,0,0,52,0,52,14,8,57,0,79,2,0,2,81
04/30/2017,MFR,OR,ANM,WE,Federal Contract Tower,24,9,14,0,47,0,6,44,0,50,24,15,58,0,97,18,0,18,115
05/01/2017,MFR,OR,ANM,WE,Federal Contract Tower,21,12,11,12,56,0,3,36,0,39,21,15,47,12,95,24,0,24,119
05/02/2017,MFR,OR,ANM,WE,Federal Contract Tower,25,23,29,0,77,0,2,30,0,32,25,25,59,0,109,40,0,40,149
05/03/2017,MFR,OR,ANM,WE,Federal Contract Tower,16,18,26,0,60,0,4,68,0,72,16,22,94,0,132,36,0,36,168
05/04/2017,MFR,OR,ANM,WE,Federal Contract Tower,26,13,17,8,64,0,4,41,0,45,26,17,58,8,109,24,10,34,143
05/05/2017,MFR,OR,ANM,WE,Federal Contract Tower,19,21,15,0,55,0,0,6,0,6,19,21,21,0,61,4,0,4,65
05/06/2017,MFR,OR,ANM,WE,Federal Contract Tower,14,8,15,0,37,0,4,19,0,23,14,12,34,0,60,8,0,8,68
05/07/2017,MFR,OR,ANM,WE,Federal Contract Tower,21,12,12,0,45,0,2,46,0,48,21,14,58,0,93,20,0,20,113
05/08/2017,MFR,OR,ANM,WE,Federal Contract Tower,17,17,16,0,50,0,3,61,0,64,17,20,77,0,114,10,0,10,124
05/09/2017,MFR,OR,ANM,WE,Federal Contract Tower,22,19,18,1,60,0,1,69,2,72,22,20,87,3,132,36,0,36,168
05/10/2017,MFR,OR,ANM,WE,Federal Contract Tower,23,25,20,0,68,0,5,64,0,69,23,30,84,0,137,8,0,8,145
05/11/2017,MFR,OR,ANM,WE,Federal Contract Tower,28,19,14,0,61,0,2,14,0,16,28,21,28,0,77,0,0,0,77
05/12/2017,MFR,OR,ANM,WE,Federal Contract Tower,25,31,25,0,81,0,0,33,0,33,25,31,58,0,114,16,0,16,130
05/13/2017,MFR,OR,ANM,WE,Federal Contract Tower,17,10,9,0,36,0,0,18,0,18,17,10,27,0,54,12,0,12,66
05/14/2017,MFR,OR,ANM,WE,Federal Contract Tower,23,11,14,0,48,0,0,16,0,16,23,11,30,0,64,24,0,24,88
05/15/2017,MFR,OR,ANM,WE,Federal Contract Tower,21,16,21,6,64,0,1,39,0,40,21,17,60,6,104,24,0,24,128
05/16/2017,MFR,OR,ANM,WE,Federal Contract Tower,22,19,12,0,53,0,1,7,0,8,22,20,19,0,61,0,0,0,61
05/17/2017,MFR,OR,ANM,WE,Federal Contract Tower,25,25,20,0,70,1,3,35,0,39,26,28,55,0,109,16,0,16,125
05/18/2017,MFR,OR,ANM,WE,Federal Contract Tower,26,19,11,2,58,0,6,65,0,71,26,25,76,2,129,28,0,28,157
05/19/2017,MFR,OR,ANM,WE,Federal Contract Tower,22,16,26,0,64,0,6,57,2,65,22,22,83,2,129,50,0,50,179
05/20/2017,MFR,OR,ANM,WE,Federal Contract Tower,14,13,16,0,43,0,3,55,2,60,14,16,71,2,103,52,0,52,155
05/21/2017,MFR,OR,ANM,WE,Federal Contract Tower,28,2,23,0,53,0,9,56,0,65,28,11,79,0,118,8,0,8,126
05/22/2017,MFR,OR,ANM,WE,Federal Contract Tower,22,14,9,1,46,0,2,51,2,55,22,16,60,3,101,30,16,46,147
05/23/2017,MFR,OR,ANM,WE,Federal Contract Tower,22,15,8,2,47,0,5,40,0,45,22,20,48,2,92,30,0,30,122
05/24/2017,MFR,OR,ANM,WE,Federal Contract Tower,23,25,6,0,54,0,6,58,0,64,23,31,64,0,118,30,0,30,148
05/25/2017,MFR,OR,ANM,WE,Federal Contract Tower,33,18,15,2,68,0,10,46,4,60,33,28,61,6,128,22,0,22,150
05/26/2017,MFR,OR,ANM,WE,Federal Contract Tower,22,20,13,0,55,0,5,54,0,59,22,25,67,0,114,22,0,22,136
05/27/2017,MFR,OR,ANM,WE,Federal Contract Tower,15,6,11,0,32,0,3,40,0,43,15,9,51,0,75,16,0,16,91
05/28/2017,MFR,OR,ANM,WE,Federal Contract Tower,19,8,17,0,44,0,0,27,0,27,19,8,44,0,71,12,0,12,83
05/29/2017,MFR,OR,ANM,WE,Federal Contract Tower,23,5,13,0,41,0,1,33,0,34,23,6,46,0,75,18,0,18,93
05/30/2017,MFR,OR,ANM,WE,Federal Contract Tower,26,12,23,0,61,0,2,19,0,21,26,14,42,0,82,10,0,10,92
05/31/2017,MFR,OR,ANM,WE,Federal Contract Tower,22,21,11,0,54,0,1,19,0,20,22,22,30,0,74,10,0,10,84
06/01/2017,MFR,OR,ANM,WE,Federal Contract Tower,26,17,8,4,55,0,12,33,0,45,26,29,41,4,100,30,0,30,130
06/02/2017,MFR,OR,ANM,WE,Federal Contract Tower,30,14,16,0,60,0,4,42,0,46,30,18,58,0,106,8,0,8,114
06/03/2017,MFR,OR,ANM,WE,Federal Contract Tower,17,8,18,0,43,0,12,62,0,74,17,20,80,0,117,14,0,14,131
06/04/2017,MFR,OR,ANM,WE,Federal Contract Tower,31,8,5,0,44,0,2,32,0,34,31,10,37,0,78,12,0,12,90
06/05/2017,MFR,OR,ANM,WE,Federal Contract Tower,31,16,12,1,60,0,1,45,0,46,31,17,57,1,106,14,26,40,146
06/06/2017,MFR,OR,ANM,WE,Federal Contract Tower,30,16,13,0,59,0,5,55,0,60,30,21,68,0,119,22,0,22,141
06/07/2017,MFR,OR,ANM,WE,Federal Contract Tower,28,15,18,0,61,0,2,39,0,41,28,17,57,0,102,14,0,14,116
06/08/2017,MFR,OR,ANM,WE,Federal Contract Tower,35,19,20,0,74,0,0,11,0,11,35,19,31,0,85,6,0,6,91
06/09/2017,MFR,OR,ANM,WE,Federal Contract Tower,31,14,14,0,59,0,2,16,0,18,31,16,30,0,77,0,0,0,77
06/10/2017,MFR,OR,ANM,WE,Federal Contract Tower,23,11,12,2,48,0,2,11,0,13,23,13,23,2,61,8,0,8,69
06/11/2017,MFR,OR,ANM,WE,Federal Contract Tower,32,6,19,1,58,0,1,16,0,17,32,7,35,1,75,0,0,0,75
06/12/2017,MFR,OR,ANM,WE,Federal Contract Tower,32,20,13,1,66,0,1,20,0,21,32,21,33,1,87,12,0,12,99
06/13/2017,MFR,OR,ANM,WE,Federal Contract Tower,28,29,18,0,75,0,12,42,0,54,28,41,60,0,129,28,0,28,157
06/14/2017,MFR,OR,ANM,WE,Federal Contract Tower,32,9,13,2,56,0,6,44,0,50,32,15,57,2,106,2,0,2,108
06/15/2017,MFR,OR,ANM,WE,Federal Contract Tower,29,29,18,0,76,0,0,28,0,28,29,29,46,0,104,16,0,16,120
06/16/2017,MFR,OR,ANM,WE,Federal Contract Tower,32,21,23,3,79,0,0,31,0,31,32,21,54,3,110,10,0,10,120
06/17/2017,MFR,OR,ANM,WE,Federal Contract Tower,28,8,18,1,55,0,4,53,0,57,28,12,71,1,112,32,0,32,144
06/18/2017,MFR,OR,ANM,WE,Federal Contract Tower,35,7,6,0,48,0,4,42,0,46,35,11,48,0,94,16,0,16,110
06/19/2017,MFR,OR,ANM,WE,Federal Contract Tower,36,7,15,0,58,0,1,43,0,44,36,8,58,0,102,0,0,0,102
06/20/2017,MFR,OR,ANM,WE,Federal Contract Tower,35,11,19,4,69,0,1,45,0,46,35,12,64,4,115,8,0,8,123
06/21/2017,MFR,OR,ANM,WE,Federal Contract Tower,26,18,11,0,55,0,5,38,0,43,26,23,49,0,98,12,0,12,110
06/22/2017,MFR,OR,ANM,WE,Federal Contract Tower,36,22,19,0,77,0,2,59,0,61,36,24,78,0,138,0,0,0,138
06/23/2017,MFR,OR,ANM,WE,Federal Contract Tower,27,14,13,1,55,0,1,61,1,63,27,15,74,2,118,24,0,24,142
06/24/2017,MFR,OR,ANM,WE,Federal Contract Tower,27,8,13,1,49,0,4,57,1,62,27,12,70,2,111,22,0,22,133
06/25/2017,MFR,OR,ANM,WE,Federal Contract Tower,36,8,10,1,55,0,1,52,4,57,36,9,62,5,112,18,0,18,130
06/26/2017,MFR,OR,ANM,WE,Federal Contract Tower,31,13,14,2,60,0,11,50,9,70,31,24,64,11,130,0,14,14,144
06/27/2017,MFR,OR,ANM,WE,Federal Contract Tower,32,15,10,2,59,0,6,42,0,48,32,21,52,2,107,14,0,14,121
06/28/2017,MFR,OR,ANM,WE,Federal Contract Tower,30,19,14,0,63,0,6,39,0,45,30,25,53,0,108,8,0,8,116
06/29/2017,MFR,OR,ANM,WE,Federal Contract Tower,31,17,22,0,70,0,11,66,0,77,31,28,88,0,147,24,0,24,171
06/30/2017,MFR,OR,ANM,WE,Federal Contract Tower,29,15,17,0,61,0,13,63,0,76,29,28,80,0,137,22,0,22,159
07/01/2017,MFR,OR,ANM,WE,Federal Contract Tower,23,9,6,0,38,0,3,65,0,68,23,12,71,0,106,18,0,18,124
07/02/2017,MFR,OR,ANM,WE,Federal Contract Tower,29,11,11,0,51,0,4,29,0,33,29,15,40,0,84,5,0,5,89
07/03/2017,MFR,OR,ANM,WE,Federal Contract Tower,29,16,7,0,52,0,8,31,0,39,29,24,38,0,91,1,0,1,92
07/04/2017,MFR,OR,ANM,WE,Federal Contract Tower,28,7,3,0,38,0,16,34,0,50,28,23,37,0,88,12,4,16,104
07/05/2017,MFR,OR,ANM,WE,Federal Contract Tower,28,22,17,0,67,0,7,39,0,46,28,29,56,0,113,18,0,18,131
07/06/2017,MFR,OR,ANM,WE,Federal Contract Tower,34,20,11,2,67,0,4,59,0,63,34,24,70,2,130,20,0,20,150
07/07/2017,MFR,OR,ANM,WE,Federal Contract Tower,34,17,18,1,70,0,2,52,0,54,34,19,70,1,124,4,0,4,128
07/08/2017,MFR,OR,ANM,WE,Federal Contract Tower,24,12,11,0,47,0,5,50,0,55,24,17,61,0,102,18,0,18,120
07/09/2017,MFR,OR,ANM,WE,Federal Contract Tower,35,7,20,0,62,0,4,36,0,40,35,11,56,0,102,0,0,0,102
07/10/2017,MFR,OR,ANM,WE,Federal Contract Tower,29,14,13,8,64,0,6,34,0,40,29,20,47,8,104,8,4,12,116
07/11/2017,MFR,OR,ANM,WE,Federal Contract Tower,31,19,11,0,61,3,5,36,0,44,34,24,47,0,105,16,0,16,121
07/12/2017,MFR,OR,ANM,WE,Federal Contract Tower,29,17,18,0,64,6,8,48,0,62,35,25,66,0,126,28,0,28,154
07/13/2017,MFR,OR,ANM,WE,Federal Contract Tower,33,21,15,2,71,1,13,44,0,58,34,34,59,2,129,24,0,24,153
07/14/2017,MFR,OR,ANM,WE,Federal Contract Tower,26,18,16,0,60,0,5,79,0,84,26,23,95,0,144,22,0,22,166
07/15/2017,MFR,OR,ANM,WE,Federal Contract Tower,26,11,8,0,45,0,9,59,0,68,26,20,67,0,113,34,0,34,147
07/16/2017,MFR,OR,ANM,WE,Federal Contract Tower,34,10,14,1,59,0,1,68,1,70,34,11,82,2,129,6,0,6,135
07/17/2017,MFR,OR,ANM,WE,Federal Contract Tower,29,16,12,0,57,0,3,43,0,46,29,19,55,0,103,26,0,26,129
07/18/2017,MFR,OR,ANM,WE,Federal Contract Tower,34,16,18,0,68,0,5,33,0,38,34,21,51,0,106,6,0,6,112
07/19/2017,MFR,OR,ANM,WE,Federal Contract Tower,30,17,7,0,54,0,10,46,0,56,30,27,53,0,110,28,0,28,138
07/20/2017,MFR,OR,ANM,WE,Federal Contract Tower,37,14,24,0,75,2,8,61,0,71,39,22,85,0,146,14,0,14,160
07/21/2017,MFR,OR,ANM,WE,Federal Contract Tower,31,17,22,5,75,0,7,49,2,58,31,24,71,7,133,18,0,18,151
07/22/2017,MFR,OR,ANM,WE,Federal Contract Tower,22,6,6,0,34,0,4,49,0,53,22,10,55,0,87,22,0,22,109
07/23/2017,MFR,OR,ANM,WE,Federal Contract Tower,31,9,23,2,65,0,3,41,1,45,31,12,64,3,110,8,0,8,118
07/24/2017,MFR,OR,ANM,WE,Federal Contract Tower,27,18,19,2,66,0,10,48,0,58,27,28,67,2,124,30,0,30,154
07/25/2017,MFR,OR,ANM,WE,Federal Contract Tower,32,18,11,0,61,0,14,59,0,73,32,32,70,0,134,46,0,46,180
07/26/2017,MFR,OR,ANM,WE,Federal Contract Tower,33,14,11,0,58,0,15,63,0,78,33,29,74,0,136,10,0,10,146
07/27/2017,MFR,OR,ANM,WE,Federal Contract Tower,36,17,9,0,62,4,33,43,0,80,40,50,52,0,142,0,0,0,142
07/28/2017,MFR,OR,ANM,WE,Federal Contract Tower,26,14,20,1,61,9,16,58,2,85,35,30,78,3,146,2,0,2,148
07/29/2017,MFR,OR,ANM,WE,Federal Contract Tower,24,8,5,2,39,0,37,71,0,108,24,45,76,2,147,0,0,0,147
07/31/2017,MFR,OR,ANM,WE,Federal Contract Tower,28,13,6,3,50,0,27,28,0,55,28,40,34,3,105,4,0,4,109
08/01/2017,MFR,OR,ANM,WE,Federal Contract Tower,32,14,10,0,56,12,41,42,0,95,44,55,52,0,151,4,0,4,155
08/02/2017,MFR,OR,ANM,WE,Federal Contract Tower,25,20,9,0,54,5,22,32,0,59,30,42,41,0,113,0,0,0,113
08/03/2017,MFR,OR,ANM,WE,Federal Contract Tower,35,15,13,0,63,14,10,44,0,68,49,25,57,0,131,0,0,0,131
08/04/2017,MFR,OR,ANM,WE,Federal Contract Tower,31,11,24,0,66,0,0,0,0,0,31,11,24,0,66,0,0,0,66
08/05/2017,MFR,OR,ANM,WE,Federal Contract Tower,26,11,14,2,53,0,6,37,2,45,26,17,51,4,98,0,0,0,98
08/06/2017,MFR,OR,ANM,WE,Federal Contract Tower,26,12,13,0,51,0,5,51,0,56,26,17,64,0,107,0,0,0,107
08/07/2017,MFR,OR,ANM,WE,Federal Contract Tower,26,12,17,0,55,0,5,50,0,55,26,17,67,0,110,0,0,0,110
08/08/2017,MFR,OR,ANM,WE,Federal Contract Tower,30,14,14,0,58,2,35,78,0,115,32,49,92,0,173,0,0,0,173
08/09/2017,MFR,OR,ANM,WE,Federal Contract Tower,26,20,27,0,73,0,86,36,4,126,26,106,63,4,199,0,0,0,199
08/10/2017,MFR,OR,ANM,WE,Federal Contract Tower,31,18,21,0,70,0,26,48,0,74,31,44,69,0,144,0,0,0,144
08/11/2017,MFR,OR,ANM,WE,Federal Contract Tower,25,13,11,0,49,4,84,77,2,167,29,97,88,2,216,0,0,0,216
08/12/2017,MFR,OR,ANM,WE,Federal Contract Tower,25,13,21,0,59,5,63,71,0,139,30,76,92,0,198,0,0,0,198
08/13/2017,MFR,OR,ANM,WE,Federal Contract Tower,32,10,22,0,64,0,38,47,1,86,32,48,69,1,150,0,0,0,150
08/14/2017,MFR,OR,ANM,WE,Federal Contract Tower,27,23,21,0,71,1,38,49,0,88,28,61,70,0,159,0,0,0,159
08/15/2017,MFR,OR,ANM,WE,Federal Contract Tower,29,14,14,0,57,2,59,65,0,126,31,73,79,0,183,0,0,0,183
08/16/2017,MFR,OR,ANM,WE,Federal Contract Tower,27,16,13,0,56,10,103,39,0,152,37,119,52,0,208,0,0,0,208
08/17/2017,MFR,OR,ANM,WE,Federal Contract Tower,32,19,21,0,72,13,100,38,0,151,45,119,59,0,223,8,0,8,231
08/18/2017,MFR,OR,ANM,WE,Federal Contract Tower,32,17,25,0,74,4,47,50,0,101,36,64,75,0,175,12,0,12,187
08/19/2017,MFR,OR,ANM,WE,Federal Contract Tower,26,13,24,0,63,2,36,61,0,99,28,49,85,0,162,32,0,32,194
08/20/2017,MFR,OR,ANM,WE,Federal Contract Tower,35,11,41,0,87,0,9,37,0,46,35,20,78,0,133,0,0,0,133
08/21/2017,MFR,OR,ANM,WE,Federal Contract Tower,25,24,52,0,101,0,6,79,0,85,25,30,131,0,186,0,0,0,186
08/22/2017,MFR,OR,ANM,WE,Federal Contract Tower,32,24,26,5,87,0,0,0,0,0,32,24,26,5,87,0,0,0,87
08/23/2017,MFR,OR,ANM,WE,Federal Contract Tower,31,23,43,7,104,0,1,0,0,1,31,24,43,7,105,0,0,0,105
08/24/2017,MFR,OR,ANM,WE,Federal Contract Tower,31,22,38,2,93,4,42,15,2,63,35,64,53,4,156,2,0,2,158
08/25/2017,MFR,OR,ANM,WE,Federal Contract Tower,27,23,22,0,72,0,15,26,0,41,27,38,48,0,113,10,0,10,123
08/26/2017,MFR,OR,ANM,WE,Federal Contract Tower,27,17,12,1,57,1,21,15,0,37,28,38,27,1,94,0,0,0,94
08/27/2017,MFR,OR,ANM,WE,Federal Contract Tower,28,9,33,2,72,1,12,21,0,34,29,21,54,2,106,0,0,0,106
08/28/2017,MFR,OR,ANM,WE,Federal Contract Tower,27,20,35,0,82,0,0,1,0,1,27,20,36,0,83,0,0,0,83
08/29/2017,MFR,OR,ANM,WE,Federal Contract Tower,34,20,31,0,85,0,0,0,0,0,34,20,31,0,85,0,0,0,85
08/30/2017,MFR,OR,ANM,WE,Federal Contract Tower,30,16,30,1,77,0,21,17,1,39,30,37,47,2,116,0,0,0,116
08/31/2017,MFR,OR,ANM,WE,Federal Contract Tower,34,27,36,2,99,0,10,18,1,29,34,37,54,3,128,0,0,0,128
09/01/2017,MFR,OR,ANM,WE,Federal Contract Tower,32,17,41,7,97,0,1,6,0,7,32,18,47,7,104,0,0,0,104
09/02/2017,MFR,OR,ANM,WE,Federal Contract Tower,26,18,21,3,68,0,0,0,0,0,26,18,21,3,68,0,0,0,68
09/03/2017,MFR,OR,ANM,WE,Federal Contract Tower,24,5,13,0,42,0,0,0,0,0,24,5,13,0,42,0,0,0,42
09/04/2017,MFR,OR,ANM,WE,Federal Contract Tower,29,5,25,3,62,0,0,0,0,0,29,5,25,3,62,0,0,0,62
09/05/2017,MFR,OR,ANM,WE,Federal Contract Tower,33,10,9,0,52,0,0,0,0,0,33,10,9,0,52,0,0,0,52
09/06/2017,MFR,OR,ANM,WE,Federal Contract Tower,33,14,17,1,65,0,0,0,0,0,33,14,17,1,65,0,0,0,65
09/07/2017,MFR,OR,ANM,WE,Federal Contract Tower,33,22,24,2,81,0,0,1,0,1,33,22,25,2,82,0,0,0,82
09/08/2017,MFR,OR,ANM,WE,Federal Contract Tower,26,16,27,0,69,1,2,21,0,24,27,18,48,0,93,0,0,0,93
09/09/2017,MFR,OR,ANM,WE,Federal Contract Tower,30,23,12,2,67,0,3,17,0,20,30,26,29,2,87,8,0,8,95
09/10/2017,MFR,OR,ANM,WE,Federal Contract Tower,30,7,17,1,55,0,5,31,1,37,30,12,48,2,92,2,0,2,94
09/11/2017,MFR,OR,ANM,WE,Federal Contract Tower,29,19,15,0,63,0,19,26,0,45,29,38,41,0,108,22,0,22,130
09/12/2017,MFR,OR,ANM,WE,Federal Contract Tower,29,23,21,0,73,4,32,32,2,70,33,55,53,2,143,14,0,14,157
09/13/2017,MFR,OR,ANM,WE,Federal Contract Tower,35,12,22,0,69,0,12,45,0,57,35,24,67,0,126,10,0,10,136
09/14/2017,MFR,OR,ANM,WE,Federal Contract Tower,34,19,20,1,74,0,15,60,1,76,34,34,80,2,150,6,0,6,156
09/15/2017,MFR,OR,ANM,WE,Federal Contract Tower,33,25,27,2,87,0,3,64,2,69,33,28,91,4,156,28,0,28,184
09/16/2017,MFR,OR,ANM,WE,Federal Contract Tower,24,13,23,9,69,0,13,8,0,21,24,26,31,9,90,0,0,0,90
09/17/2017,MFR,OR,ANM,WE,Federal Contract Tower,27,16,25,0,68,1,8,32,0,41,28,24,57,0,109,0,0,0,109
09/18/2017,MFR,OR,ANM,WE,Federal Contract Tower,23,23,29,0,75,0,2,27,0,29,23,25,56,0,104,28,0,28,132
09/19/2017,MFR,OR,ANM,WE,Federal Contract Tower,31,20,28,0,79,0,1,25,0,26,31,21,53,0,105,46,0,46,151
09/20/2017,MFR,OR,ANM,WE,Federal Contract Tower,30,15,14,0,59,0,2,14,0,16,30,17,28,0,75,0,0,0,75
09/21/2017,MFR,OR,ANM,WE,Federal Contract Tower,34,17,25,2,78,0,2,20,0,22,34,19,45,2,100,18,0,18,118
09/22/2017,MFR,OR,ANM,WE,Federal Contract Tower,34,13,24,0,71,0,3,42,0,45,34,16,66,0,116,6,0,6,122
09/23/2017,MFR,OR,ANM,WE,Federal Contract Tower,26,10,6,0,42,0,4,54,0,58,26,14,60,0,100,36,0,36,136
09/24/2017,MFR,OR,ANM,WE,Federal Contract Tower,30,11,14,0,55,0,3,45,0,48,30,14,59,0,103,30,0,30,133
09/25/2017,MFR,OR,ANM,WE,Federal Contract Tower,26,17,22,2,67,0,3,60,0,63,26,20,82,2,130,38,0,38,168
09/26/2017,MFR,OR,ANM,WE,Federal Contract Tower,32,17,16,0,65,0,1,40,0,41,32,18,56,0,106,24,0,24,130
09/27/2017,MFR,OR,ANM,WE,Federal Contract Tower,38,11,7,0,56,0,5,51,0,56,38,16,58,0,112,14,0,14,126
09/28/2017,MFR,OR,ANM,WE,Federal Contract Tower,32,18,16,1,67,0,4,34,1,39,32,22,50,2,106,2,0,2,108
09/29/2017,MFR,OR,ANM,WE,Federal Contract Tower,32,21,29,0,82,0,2,42,0,44,32,23,71,0,126,24,0,24,150
09/30/2017,MFR,OR,ANM,WE,Federal Contract Tower,24,21,10,0,55,0,3,25,0,28,24,24,35,0,83,10,0,10,93
10/01/2017,MFR,OR,ANM,WE,Federal Contract Tower,25,8,16,0,49,0,2,12,0,14,25,10,28,0,63,6,0,6,69
10/02/2017,MFR,OR,ANM,WE,Federal Contract Tower,28,19,11,9,67,0,6,24,2,32,28,25,35,11,99,10,0,10,109
10/03/2017,MFR,OR,ANM,WE,Federal Contract Tower,28,19,11,5,63,0,2,48,0,50,28,21,59,5,113,18,8,26,139
10/04/2017,MFR,OR,ANM,WE,Federal Contract Tower,28,20,17,7,72,0,5,47,3,55,28,25,64,10,127,0,12,12,139
10/05/2017,MFR,OR,ANM,WE,Federal Contract Tower,31,28,16,0,75,0,3,57,0,60,31,31,73,0,135,30,0,30,165
10/06/2017,MFR,OR,ANM,WE,Federal Contract Tower,27,17,16,0,60,0,6,49,1,56,27,23,65,1,116,26,0,26,142
10/07/2017,MFR,OR,ANM,WE,Federal Contract Tower,28,14,17,0,59,0,1,35,0,36,28,15,52,0,95,22,0,22,117
10/08/2017,MFR,OR,ANM,WE,Federal Contract Tower,28,9,28,1,66,0,7,33,1,41,28,16,61,2,107,8,0,8,115
10/09/2017,MFR,OR,ANM,WE,Federal Contract Tower,29,18,14,1,62,0,2,33,3,38,29,20,47,4,100,0,0,0,100
10/10/2017,MFR,OR,ANM,WE,Federal Contract Tower,32,13,16,0,61,0,1,33,0,34,32,14,49,0,95,6,0,6,101
10/11/2017,MFR,OR,ANM,WE,Federal Contract Tower,30,23,11,0,64,0,1,25,2,28,30,24,36,2,92,8,16,24,116
10/12/2017,MFR,OR,ANM,WE,Federal Contract Tower,31,19,15,5,70,0,1,12,2,15,31,20,27,7,85,0,12,12,97
10/13/2017,MFR,OR,ANM,WE,Federal Contract Tower,27,20,21,0,68,0,1,24,0,25,27,21,45,0,93,44,0,44,137
10/14/2017,MFR,OR,ANM,WE,Federal Contract Tower,32,13,17,0,62,0,0,36,0,36,32,13,53,0,98,2,0,2,100
10/15/2017,MFR,OR,ANM,WE,Federal Contract Tower,34,13,16,1,64,0,3,51,1,55,34,16,67,2,119,12,0,12,131
10/16/2017,MFR,OR,ANM,WE,Federal Contract Tower,36,18,15,1,70,0,3,43,0,46,36,21,58,1,116,40,6,46,162
10/17/2017,MFR,OR,ANM,WE,Federal Contract Tower,37,14,14,4,69,0,9,34,0,43,37,23,48,4,112,34,32,66,178
10/18/2017,MFR,OR,ANM,WE,Federal Contract Tower,36,21,19,0,76,0,2,38,0,40,36,23,57,0,116,14,0,14,130
10/19/2017,MFR,OR,ANM,WE,Federal Contract Tower,35,24,21,5,85,0,2,16,6,24,35,26,37,11,109,0,8,8,117
10/20/2017,MFR,OR,ANM,WE,Federal Contract Tower,32,18,10,0,60,0,1,8,0,9,32,19,18,0,69,0,0,0,69
10/21/2017,MFR,OR,ANM,WE,Federal Contract Tower,30,8,9,0,47,0,0,2,0,2,30,8,11,0,49,0,0,0,49
10/22/2017,MFR,OR,ANM,WE,Federal Contract Tower,31,11,21,0,63,0,0,11,0,11,31,11,32,0,74,0,0,0,74
10/23/2017,MFR,OR,ANM,WE,Federal Contract Tower,33,11,28,2,74,0,2,28,0,30,33,13,56,2,104,34,0,34,138
10/24/2017,MFR,OR,ANM,WE,Federal Contract Tower,32,15,22,1,70,0,6,53,0,59,32,21,75,1,129,10,0,10,139
10/25/2017,MFR,OR,ANM,WE,Federal Contract Tower,30,22,22,0,74,0,1,67,2,70,30,23,89,2,144,54,0,54,198
10/26/2017,MFR,OR,ANM,WE,Federal Contract Tower,32,21,13,0,66,0,3,56,0,59,32,24,69,0,125,46,0,46,171
10/27/2017,MFR,OR,ANM,WE,Federal Contract Tower,29,20,20,2,71,0,3,49,2,54,29,23,69,4,125,16,0,16,141
10/28/2017,MFR,OR,ANM,WE,Federal Contract Tower,25,11,6,2,44,0,5,44,0,49,25,16,50,2,93,0,0,0,93
10/29/2017,MFR,OR,ANM,WE,Federal Contract Tower,39,7,10,6,62,0,5,52,1,58,39,12,62,7,120,16,0,16,136
10/30/2017,MFR,OR,ANM,WE,Federal Contract Tower,28,14,17,0,59,0,0,31,1,32,28,14,48,1,91,8,0,8,99
10/31/2017,MFR,OR,ANM,WE,Federal Contract Tower,28,15,9,6,58,0,5,53,4,62,28,20,62,10,120,24,0,24,144
11/01/2017,MFR,OR,ANM,WE,Federal Contract Tower,24,17,28,0,69,0,3,54,0,57,24,20,82,0,126,42,0,42,168
11/02/2017,MFR,OR,ANM,WE,Federal Contract Tower,35,18,19,0,72,0,0,27,0,27,35,18,46,0,99,26,0,26,125
11/03/2017,MFR,OR,ANM,WE,Federal Contract Tower,27,17,10,5,59,0,3,4,0,7,27,20,14,5,66,0,0,0,66
11/04/2017,MFR,OR,ANM,WE,Federal Contract Tower,26,13,15,0,54,0,3,28,0,31,26,16,43,0,85,6,0,6,91
11/05/2017,MFR,OR,ANM,WE,Federal Contract Tower,33,5,7,0,45,0,0,2,0,2,33,5,9,0,47,0,0,0,47
11/06/2017,MFR,OR,ANM,WE,Federal Contract Tower,33,13,18,0,64,0,8,32,0,40,33,21,50,0,104,38,0,38,142
11/07/2017,MFR,OR,ANM,WE,Federal Contract Tower,28,20,14,0,62,0,4,24,0,28,28,24,38,0,90,32,0,32,122
11/08/2017,MFR,OR,ANM,WE,Federal Contract Tower,28,26,12,2,68,0,1,13,0,14,28,27,25,2,82,12,0,12,94
11/09/2017,MFR,OR,ANM,WE,Federal Contract Tower,34,20,20,1,75,0,1,25,0,26,34,21,45,1,101,14,0,14,115
11/10/2017,MFR,OR,ANM,WE,Federal Contract Tower,32,17,17,0,66,0,0,9,0,9,32,17,26,0,75,2,0,2,77
11/11/2017,MFR,OR,ANM,WE,Federal Contract Tower,26,13,14,0,53,0,2,23,0,25,26,15,37,0,78,8,0,8,86
11/12/2017,MFR,OR,ANM,WE,Federal Contract Tower,33,8,14,0,55,0,7,32,0,39,33,15,46,0,94,30,0,30,124
11/13/2017,MFR,OR,ANM,WE,Federal Contract Tower,26,15,18,0,59,0,4,8,0,12,26,19,26,0,71,12,0,12,83
11/14/2017,MFR,OR,ANM,WE,Federal Contract Tower,26,26,12,0,64,0,0,36,2,38,26,26,48,2,102,22,0,22,124
11/15/2017,MFR,OR,ANM,WE,Federal Contract Tower,25,19,11,0,55,0,5,4,0,9,25,24,15,0,64,4,0,4,68
11/16/2017,MFR,OR,ANM,WE,Federal Contract Tower,36,24,11,1,72,0,0,5,0,5,36,24,16,1,77,14,0,14,91
11/17/2017,MFR,OR,ANM,WE,Federal Contract Tower,31,16,23,0,70,0,2,27,0,29,31,18,50,0,99,22,0,22,121
11/18/2017,MFR,OR,ANM,WE,Federal Contract Tower,31,8,16,0,55,0,1,11,1,13,31,9,27,1,68,4,0,4,72
11/19/2017,MFR,OR,ANM,WE,Federal Contract Tower,37,14,15,0,66,0,0,0,0,0,37,14,15,0,66,0,0,0,66
11/20/2017,MFR,OR,ANM,WE,Federal Contract Tower,31,14,24,2,71,0,0,4,0,4,31,14,28,2,75,0,0,0,75
11/21/2017,MFR,OR,ANM,WE,Federal Contract Tower,29,24,12,0,65,0,0,9,0,9,29,24,21,0,74,18,0,18,92
11/22/2017,MFR,OR,ANM,WE,Federal Contract Tower,33,20,10,0,63,0,6,25,0,31,33,26,35,0,94,20,0,20,114
11/23/2017,MFR,OR,ANM,WE,Federal Contract Tower,18,6,5,0,29,0,0,17,0,17,18,6,22,0,46,0,0,0,46
11/24/2017,MFR,OR,ANM,WE,Federal Contract Tower,24,19,14,0,57,0,4,34,0,38,24,23,48,0,95,14,0,14,109
11/25/2017,MFR,OR,ANM,WE,Federal Contract Tower,29,14,9,0,52,0,3,10,0,13,29,17,19,0,65,20,0,20,85
11/26/2017,MFR,OR,ANM,WE,Federal Contract Tower,33,3,9,0,45,0,0,1,0,1,33,3,10,0,46,0,0,0,46
11/27/2017,MFR,OR,ANM,WE,Federal Contract Tower,32,17,15,2,66,0,3,15,0,18,32,20,30,2,84,2,0,2,86
11/28/2017,MFR,OR,ANM,WE,Federal Contract Tower,30,26,15,0,71,0,0,2,0,2,30,26,17,0,73,0,0,0,73
11/29/2017,MFR,OR,ANM,WE,Federal Contract Tower,27,26,18,0,71,0,2,18,0,20,27,28,36,0,91,46,0,46,137
11/30/2017,MFR,OR,ANM,WE,Federal Contract Tower,32,17,13,0,62,0,0,8,0,8,32,17,21,0,70,24,0,24,94
12/01/2017,MFR,OR,ANM,WE,Federal Contract Tower,28,18,22,1,69,0,0,0,0,0,28,18,22,1,69,0,0,0,69
12/02/2017,MFR,OR,ANM,WE,Federal Contract Tower,26,8,6,0,40,0,0,0,0,0,26,8,6,0,40,0,0,0,40
12/03/2017,MFR,OR,ANM,WE,Federal Contract Tower,34,10,13,0,57,0,0,14,0,14,34,10,27,0,71,0,0,0,71
12/04/2017,MFR,OR,ANM,WE,Federal Contract Tower,33,26,18,0,77,0,4,20,0,24,33,30,38,0,101,14,0,14,115
12/05/2017,MFR,OR,ANM,WE,Federal Contract Tower,26,21,19,0,66,0,1,43,0,44,26,22,62,0,110,2,0,2,112
12/06/2017,MFR,OR,ANM,WE,Federal Contract Tower,33,17,16,0,66,0,3,37,8,48,33,20,53,8,114,6,20,26,140
12/07/2017,MFR,OR,ANM,WE,Federal Contract Tower,35,17,15,0,67,0,0,67,2,69,35,17,82,2,136,14,2,16,152
12/08/2017,MFR,OR,ANM,WE,Federal Contract Tower,29,20,11,4,64,0,3,30,3,36,29,23,41,7,100,58,0,58,158
12/09/2017,MFR,OR,ANM,WE,Federal Contract Tower,29,5,16,0,50,0,5,42,0,47,29,10,58,0,97,16,0,16,113
12/10/2017,MFR,OR,ANM,WE,Federal Contract Tower,31,6,14,0,51,0,0,31,0,31,31,6,45,0,82,38,0,38,120
12/11/2017,MFR,OR,ANM,WE,Federal Contract Tower,32,17,15,0,64,0,4,33,0,37,32,21,48,0,101,22,0,22,123
12/12/2017,MFR,OR,ANM,WE,Federal Contract Tower,30,19,28,1,78,0,7,36,0,43,30,26,64,1,121,34,0,34,155
12/13/2017,MFR,OR,ANM,WE,Federal Contract Tower,31,22,22,0,75,0,0,45,0,45,31,22,67,0,120,8,0,8,128
12/14/2017,MFR,OR,ANM,WE,Federal Contract Tower,35,23,16,0,74,0,0,33,0,33,35,23,49,0,107,26,0,26,133
12/15/2017,MFR,OR,ANM,WE,Federal Contract Tower,41,14,26,0,81,0,1,14,0,15,41,15,40,0,96,0,0,0,96
12/16/2017,MFR,OR,ANM,WE,Federal Contract Tower,30,9,8,0,47,0,11,30,0,41,30,20,38,0,88,4,0,4,92
12/17/2017,MFR,OR,ANM,WE,Federal Contract Tower,36,6,4,0,46,0,5,39,0,44,36,11,43,0,90,4,0,4,94
12/18/2017,MFR,OR,ANM,WE,Federal Contract Tower,38,15,19,0,72,0,0,51,0,51,38,15,70,0,123,8,0,8,131
12/19/2017,MFR,OR,ANM,WE,Federal Contract Tower,29,24,18,2,73,0,0,16,0,16,29,24,34,2,89,20,0,20,109
12/20/2017,MFR,OR,ANM,WE,Federal Contract Tower,30,26,10,2,68,0,0,25,0,25,30,26,35,2,93,24,0,24,117
12/21/2017,MFR,OR,ANM,WE,Federal Contract Tower,32,31,12,0,75,0,8,30,0,38,32,39,42,0,113,18,0,18,131
12/22/2017,MFR,OR,ANM,WE,Federal Contract Tower,31,40,7,0,78,0,2,17,0,19,31,42,24,0,97,6,0,6,103
12/23/2017,MFR,OR,ANM,WE,Federal Contract Tower,31,16,8,0,55,0,3,36,0,39,31,19,44,0,94,6,0,6,100
12/24/2017,MFR,OR,ANM,WE,Federal Contract Tower,27,7,1,0,35,0,2,5,0,7,27,9,6,0,42,0,0,0,42
12/25/2017,MFR,OR,ANM,WE,Federal Contract Tower,29,3,2,0,34,0,0,4,0,4,29,3,6,0,38,0,0,0,38
12/26/2017,MFR,OR,ANM,WE,Federal Contract Tower,26,29,9,0,64,0,4,15,0,19,26,33,24,0,83,6,0,6,89
12/27/2017,MFR,OR,ANM,WE,Federal Contract Tower,32,26,11,0,69,0,0,5,0,5,32,26,16,0,74,14,0,14,88
12/28/2017,MFR,OR,ANM,WE,Federal Contract Tower,29,31,11,0,71,0,4,6,0,10,29,35,17,0,81,6,0,6,87
12/29/2017,MFR,OR,ANM,WE,Federal Contract Tower,25,20,14,0,59,0,0,1,0,1,25,20,15,0,60,0,0,0,60
12/30/2017,MFR,OR,ANM,WE,Federal Contract Tower,25,29,4,0,58,0,0,1,0,1,25,29,5,0,59,0,0,0,59
12/31/2017,MFR,OR,ANM,WE,Federal Contract Tower,26,11,9,0,46,0,0,17,0,17,26,11,26,0,63,0,0,0,63
01/01/2018,MFR,OR,ANM,WE,Federal Contract Tower,26,6,9,0,41,0,0,0,0,0,26,6,9,0,41,0,0,0,41
01/02/2018,MFR,OR,ANM,WE,Federal Contract Tower,28,23,7,0,58,0,0,0,0,0,28,23,7,0,58,0,0,0,58
01/03/2018,MFR,OR,ANM,WE,Federal Contract Tower,27,27,13,0,67,0,2,14,0,16,27,29,27,0,83,2,0,2,85
01/04/2018,MFR,OR,ANM,WE,Federal Contract Tower,30,10,17,0,57,0,4,12,0,16,30,14,29,0,73,14,0,14,87
01/05/2018,MFR,OR,ANM,WE,Federal Contract Tower,26,21,17,0,64,0,0,19,0,19,26,21,36,0,83,24,0,24,107
01/06/2018,MFR,OR,ANM,WE,Federal Contract Tower,22,11,22,0,55,0,2,33,0,35,22,13,55,0,90,18,0,18,108
01/07/2018,MFR,OR,ANM,WE,Federal Contract Tower,32,7,28,0,67,0,0,0,0,0,32,7,28,0,67,0,0,0,67
01/08/2018,MFR,OR,ANM,WE,Federal Contract Tower,22,17,21,0,60,0,2,36,0,38,22,19,57,0,98,20,0,20,118
01/09/2018,MFR,OR,ANM,WE,Federal Contract Tower,19,20,18,0,57,0,0,15,0,15,19,20,33,0,72,26,0,26,98
01/10/2018,MFR,OR,ANM,WE,Federal Contract Tower,21,24,11,0,56,0,0,6,0,6,21,24,17,0,62,2,0,2,64
01/11/2018,MFR,OR,ANM,WE,Federal Contract Tower,30,18,23,1,72,0,0,29,0,29,30,18,52,1,101,34,0,34,135
01/12/2018,MFR,OR,ANM,WE,Federal Contract Tower,25,14,7,1,47,0,1,64,0,65,25,15,71,1,112,60,0,60,172
01/13/2018,MFR,OR,ANM,WE,Federal Contract Tower,19,11,9,0,39,0,2,31,0,33,19,13,40,0,72,28,0,28,100
01/14/2018,MFR,OR,ANM,WE,Federal Contract Tower,29,11,6,0,46,0,1,41,0,42,29,12,47,0,88,58,0,58,146
01/15/2018,MFR,OR,ANM,WE,Federal Contract Tower,27,18,9,0,54,0,0,28,0,28,27,18,37,0,82,28,0,28,110
01/16/2018,MFR,OR,ANM,WE,Federal Contract Tower,25,20,10,7,62,0,3,36,2,41,25,23,46,9,103,80,10,90,193
01/17/2018,MFR,OR,ANM,WE,Federal Contract Tower,26,20,18,0,64,0,2,21,0,23,26,22,39,0,87,0,0,0,87
01/18/2018,MFR,OR,ANM,WE,Federal Contract Tower,26,17,12,2,57,0,0,12,1,13,26,17,24,3,70,32,0,32,102
01/19/2018,MFR,OR,ANM,WE,Federal Contract Tower,26,19,19,0,64,0,0,6,0,6,26,19,25,0,70,4,0,4,74
01/20/2018,MFR,OR,ANM,WE,Federal Contract Tower,22,7,7,2,38,0,2,11,1,14,22,9,18,3,52,0,2,2,54
01/21/2018,MFR,OR,ANM,WE,Federal Contract Tower,28,10,8,0,46,0,0,11,0,11,28,10,19,0,57,0,0,0,57
01/22/2018,MFR,OR,ANM,WE,Federal Contract Tower,25,19,26,0,70,0,0,19,0,19,25,19,45,0,89,0,0,0,89
01/23/2018,MFR,OR,ANM,WE,Federal Contract Tower,18,24,20,0,62,0,1,18,0,19,18,25,38,0,81,24,0,24,105
01/24/2018,MFR,OR,ANM,WE,Federal Contract Tower,22,22,12,6,62,0,0,18,0,18,22,22,30,6,80,36,16,52,132
01/25/2018,MFR,OR,ANM,WE,Federal Contract Tower,32,17,12,0,61,0,0,23,0,23,32,17,35,0,84,54,0,54,138
01/26/2018,MFR,OR,ANM,WE,Federal Contract Tower,31,13,14,0,58,0,0,30,0,30,31,13,44,0,88,36,0,36,124
01/27/2018,MFR,OR,ANM,WE,Federal Contract Tower,20,16,10,0,46,0,0,9,0,9,20,16,19,0,55,10,0,10,65
01/28/2018,MFR,OR,ANM,WE,Federal Contract Tower,26,8,30,2,66,0,0,36,0,36,26,8,66,2,102,14,0,14,116
01/29/2018,MFR,OR,ANM,WE,Federal Contract Tower,22,18,8,0,48,0,1,31,0,32,22,19,39,0,80,12,0,12,92
01/30/2018,MFR,OR,ANM,WE,Federal Contract Tower,19,26,14,0,59,0,1,27,0,28,19,27,41,0,87,36,0,36,123
01/31/2018,MFR,OR,ANM,WE,Federal Contract Tower,22,17,13,4,56,0,2,44,4,50,22,19,57,8,106,40,20,60,166
02/01/2018,MFR,OR,ANM,WE,Federal Contract Tower,32,15,7,6,60,0,0,50,0,50,32,15,57,6,110,33,4,37,147
02/02/2018,MFR,OR,ANM,WE,Federal Contract Tower,24,15,19,2,60,0,6,48,4,58,24,21,67,6,118,48,40,88,206
02/03/2018,MFR,OR,ANM,WE,Federal Contract Tower,17,11,8,0,36,0,5,35,0,40,17,16,43,0,76,40,0,40,116
02/04/2018,MFR,OR,ANM,WE,Federal Contract Tower,22,10,6,0,38,0,1,22,0,23,22,11,28,0,61,0,0,0,61
02/05/2018,MFR,OR,ANM,WE,Federal Contract Tower,23,18,12,13,66,0,5,24,2,31,23,23,36,15,97,38,4,42,139
02/06/2018,MFR,OR,ANM,WE,Federal Contract Tower,20,29,16,0,65,0,2,47,0,49,20,31,63,0,114,48,0,48,162
02/07/2018,MFR,OR,ANM,WE,Federal Contract Tower,23,26,12,0,61,0,0,59,0,59,23,26,71,0,120,74,0,74,194
02/08/2018,MFR,OR,ANM,WE,Federal Contract Tower,31,22,8,0,61,0,4,59,0,63,31,26,67,0,124,16,0,16,140
02/09/2018,MFR,OR,ANM,WE,Federal Contract Tower,25,23,24,0,72,0,0,41,0,41,25,23,65,0,113,42,0,42,155
02/10/2018,MFR,OR,ANM,WE,Federal Contract Tower,19,11,14,0,44,0,16,39,0,55,19,27,53,0,99,10,0,10,109
02/11/2018,MFR,OR,ANM,WE,Federal Contract Tower,31,12,8,0,51,0,1,13,0,14,31,13,21,0,65,20,0,20,85
02/12/2018,MFR,OR,ANM,WE,Federal Contract Tower,28,21,13,0,62,0,0,45,2,47,28,21,58,2,109,10,2,12,121
02/13/2018,MFR,OR,ANM,WE,Federal Contract Tower,21,21,9,1,52,0,0,53,1,54,21,21,62,2,106,28,0,28,134
02/14/2018,MFR,OR,ANM,WE,Federal Contract Tower,22,23,11,0,56,0,0,13,0,13,22,23,24,0,69,16,0,16,85
02/15/2018,MFR,OR,ANM,WE,Federal Contract Tower,32,19,19,0,70,0,0,51,4,55,32,19,70,4,125,38,8,46,171
02/16/2018,MFR,OR,ANM,WE,Federal Contract Tower,23,21,11,2,57,0,5,39,0,44,23,26,50,2,101,24,0,24,125
02/17/2018,MFR,OR,ANM,WE,Federal Contract Tower,22,10,3,0,35,0,2,15,0,17,22,12,18,0,52,22,0,22,74
02/18/2018,MFR,OR,ANM,WE,Federal Contract Tower,23,10,8,0,41,0,0,0,0,0,23,10,8,0,41,2,0,2,43
02/19/2018,MFR,OR,ANM,WE,Federal Contract Tower,30,17,19,0,66,0,0,12,0,12,30,17,31,0,78,12,0,12,90
02/20/2018,MFR,OR,ANM,WE,Federal Contract Tower,22,22,17,0,61,0,1,12,0,13,22,23,29,0,74,26,0,26,100
02/21/2018,MFR,OR,ANM,WE,Federal Contract Tower,26,20,18,0,64,0,5,21,0,26,26,25,39,0,90,12,0,12,102
02/22/2018,MFR,OR,ANM,WE,Federal Contract Tower,30,24,12,0,66,0,0,13,0,13,30,24,25,0,79,18,0,18,97
02/23/2018,MFR,OR,ANM,WE,Federal Contract Tower,24,20,11,1,56,0,0,46,1,47,24,20,57,2,103,16,0,16,119
02/24/2018,MFR,OR,ANM,WE,Federal Contract Tower,22,14,12,2,50,0,1,6,0,7,22,15,18,2,57,2,0,2,59
02/25/2018,MFR,OR,ANM,WE,Federal Contract Tower,26,16,9,0,51,0,2,9,0,11,26,18,18,0,62,2,0,2,64
02/26/2018,MFR,OR,ANM,WE,Federal Contract Tower,26,29,18,0,73,0,2,30,0,32,26,31,48,0,105,20,0,20,125
02/27/2018,MFR,OR,ANM,WE,Federal Contract Tower,23,19,22,2,66,0,0,47,0,47,23,19,69,2,113,14,0,14,127
02/28/2018,MFR,OR,ANM,WE,Federal Contract Tower,23,26,15,0,64,0,1,17,0,18,23,27,32,0,82,20,0,20,102
03/01/2018,MFR,OR,ANM,WE,Federal Contract Tower,32,24,8,0,64,0,0,10,0,10,32,24,18,0,74,0,0,0,74
03/02/2018,MFR,OR,ANM,WE,Federal Contract Tower,31,26,13,0,70,0,4,16,0,20,31,30,29,0,90,14,0,14,104
03/03/2018,MFR,OR,ANM,WE,Federal Contract Tower,18,14,5,0,37,0,1,12,0,13,18,15,17,0,50,26,0,26,76
03/04/2018,MFR,OR,ANM,WE,Federal Contract Tower,27,15,11,0,53,0,2,11,0,13,27,17,22,0,66,0,0,0,66
03/05/2018,MFR,OR,ANM,WE,Federal Contract Tower,31,12,23,0,66,0,0,48,0,48,31,12,71,0,114,18,0,18,132
03/06/2018,MFR,OR,ANM,WE,Federal Contract Tower,22,24,20,0,66,0,1,56,0,57,22,25,76,0,123,2,0,2,125
03/07/2018,MFR,OR,ANM,WE,Federal Contract Tower,23,22,10,2,57,0,2,57,0,59,23,24,67,2,116,14,0,14,130
03/08/2018,MFR,OR,ANM,WE,Federal Contract Tower,31,18,10,3,62,0,0,10,0,10,31,18,20,3,72,12,4,16,88
03/09/2018,MFR,OR,ANM,WE,Federal Contract Tower,24,24,29,0,77,0,6,38,0,44,24,30,67,0,121,10,0,10,131
03/10/2018,MFR,OR,ANM,WE,Federal Contract Tower,22,11,9,0,42,0,1,41,0,42,22,12,50,0,84,18,0,18,102
03/11/2018,MFR,OR,ANM,WE,Federal Contract Tower,29,6,19,0,54,0,3,47,2,52,29,9,66,2,106,32,0,32,138
03/12/2018,MFR,OR,ANM,WE,Federal Contract Tower,23,20,4,2,49,0,2,56,0,58,23,22,60,2,107,24,0,24,131
03/13/2018,MFR,OR,ANM,WE,Federal Contract Tower,27,21,15,2,65,0,0,2,0,2,27,21,17,2,67,4,0,4,71
03/14/2018,MFR,OR,ANM,WE,Federal Contract Tower,23,21,12,1,57,0,1,28,1,30,23,22,40,2,87,8,0,8,95
03/15/2018,MFR,OR,ANM,WE,Federal Contract Tower,32,17,9,3,61,0,0,16,0,16,32,17,25,3,77,22,0,22,99
03/16/2018,MFR,OR,ANM,WE,Federal Contract Tower,25,21,16,2,64,0,0,14,0,14,25,21,30,2,78,0,0,0,78
03/17/2018,MFR,OR,ANM,WE,Federal Contract Tower,18,14,9,0,41,0,1,4,0,5,18,15,13,0,46,4,0,4,50
03/18/2018,MFR,OR,ANM,WE,Federal Contract Tower,26,7,11,0,44,0,0,20,2,22,26,7,31,2,66,28,0,28,94
03/19/2018,MFR,OR,ANM,WE,Federal Contract Tower,26,18,30,0,74,0,4,52,2,58,26,22,82,2,132,16,0,16,148
03/20/2018,MFR,OR,ANM,WE,Federal Contract Tower,31,17,15,0,63,0,5,32,0,37,31,22,47,0,100,18,0,18,118
03/21/2018,MFR,OR,ANM,WE,Federal Contract Tower,26,16,10,2,54,0,1,16,0,17,26,17,26,2,71,2,4,6,77
03/22/2018,MFR,OR,ANM,WE,Federal Contract Tower,26,28,7,0,61,0,2,13,0,15,26,30,20,0,76,16,0,16,92
03/23/2018,MFR,OR,ANM,WE,Federal Contract Tower,25,20,18,2,65,0,1,21,0,22,25,21,39,2,87,2,0,2,89
03/24/2018,MFR,OR,ANM,WE,Federal Contract Tower,19,17,6,0,42,0,3,26,0,29,19,20,32,0,71,30,0,30,101
03/25/2018,MFR,OR,ANM,WE,Federal Contract Tower,30,12,19,0,61,0,0,19,0,19,30,12,38,0,80,26,0,26,106
03/26/2018,MFR,OR,ANM,WE,Federal Contract Tower,24,17,8,0,49,0,5,39,0,44,24,22,47,0,93,28,0,28,121
03/27/2018,MFR,OR,ANM,WE,Federal Contract Tower,29,21,10,9,69,0,4,34,1,39,29,25,44,10,108,18,12,30,138
03/28/2018,MFR,OR,ANM,WE,Federal Contract Tower,25,20,12,0,57,0,3,63,0,66,25,23,75,0,123,22,0,22,145
03/29/2018,MFR,OR,ANM,WE,Federal Contract Tower,26,19,17,10,72,0,8,46,2,56,26,27,63,12,128,8,0,8,136
03/30/2018,MFR,OR,ANM,WE,Federal Contract Tower,23,25,24,0,72,0,4,52,0,56,23,29,76,0,128,26,0,26,154
03/31/2018,MFR,OR,ANM,WE,Federal Contract Tower,20,8,8,0,36,0,3,50,0,53,20,11,58,0,89,8,0,8,97
04/01/2018,MFR,OR,ANM,WE,Federal Contract Tower,24,9,11,0,44,0,1,19,0,20,24,10,30,0,64,12,0,12,76
04/02/2018,MFR,OR,ANM,WE,Federal Contract Tower,22,20,10,0,52,0,7,40,0,47,22,27,50,0,99,28,2,30,129
04/03/2018,MFR,OR,ANM,WE,Federal Contract Tower,28,21,11,0,60,0,5,35,0,40,28,26,46,0,100,0,0,0,100
04/04/2018,MFR,OR,ANM,WE,Federal Contract Tower,23,26,20,0,69,0,2,42,0,44,23,28,62,0,113,38,0,38,151
04/05/2018,MFR,OR,ANM,WE,Federal Contract Tower,28,20,11,0,59,0,3,20,2,25,28,23,31,2,84,14,0,14,98
04/06/2018,MFR,OR,ANM,WE,Federal Contract Tower,24,13,31,0,68,0,2,8,0,10,24,15,39,0,78,0,0,0,78
04/07/2018,MFR,OR,ANM,WE,Federal Contract Tower,18,15,9,0,42,0,2,6,0,8,18,17,15,0,50,0,0,0,50
04/08/2018,MFR,OR,ANM,WE,Federal Contract Tower,28,12,15,0,55,0,3,21,0,24,28,15,36,0,79,0,0,0,79
04/09/2018,MFR,OR,ANM,WE,Federal Contract Tower,27,20,21,1,69,0,5,55,3,63,27,25,76,4,132,14,0,14,146
04/10/2018,MFR,OR,ANM,WE,Federal Contract Tower,27,21,13,0,61,0,2,24,0,26,27,23,37,0,87,18,0,18,105
04/11/2018,MFR,OR,ANM,WE,Federal Contract Tower,29,23,21,0,73,0,0,19,0,19,29,23,40,0,92,2,0,2,94
04/12/2018,MFR,OR,ANM,WE,Federal Contract Tower,30,24,13,3,70,0,0,29,0,29,30,24,42,3,99,12,0,12,111
04/13/2018,MFR,OR,ANM,WE,Federal Contract Tower,28,15,14,0,57,0,4,44,1,49,28,19,58,1,106,38,0,38,144
04/14/2018,MFR,OR,ANM,WE,Federal Contract Tower,20,15,7,0,42,0,0,30,0,30,20,15,37,0,72,38,0,38,110
04/15/2018,MFR,OR,ANM,WE,Federal Contract Tower,29,12,13,0,54,0,0,3,0,3,29,12,16,0,57,0,0,0,57
04/16/2018,MFR,OR,ANM,WE,Federal Contract Tower,24,19,8,0,51,0,0,8,0,8,24,19,16,0,59,0,0,0,59
04/17/2018,MFR,OR,ANM,WE,Federal Contract Tower,27,23,19,2,71,0,1,21,0,22,27,24,40,2,93,16,0,16,109
04/18/2018,MFR,OR,ANM,WE,Federal Contract Tower,32,21,15,2,70,0,3,14,0,17,32,24,29,2,87,0,0,0,87
04/19/2018,MFR,OR,ANM,WE,Federal Contract Tower,30,23,20,1,74,0,2,41,2,45,30,25,61,3,119,6,0,6,125
04/20/2018,MFR,OR,ANM,WE,Federal Contract Tower,29,23,14,1,67,0,4,52,3,59,29,27,66,4,126,6,0,6,132
04/21/2018,MFR,OR,ANM,WE,Federal Contract Tower,20,12,8,0,40,0,8,54,0,62,20,20,62,0,102,6,0,6,108
04/22/2018,MFR,OR,ANM,WE,Federal Contract Tower,31,11,12,0,54,0,4,68,0,72,31,15,80,0,126,32,0,32,158
04/23/2018,MFR,OR,ANM,WE,Federal Contract Tower,36,22,16,0,74,0,5,47,0,52,36,27,63,0,126,24,0,24,150
04/24/2018,MFR,OR,ANM,WE,Federal Contract Tower,30,21,18,0,69,0,4,54,0,58,30,25,72,0,127,12,0,12,139
04/25/2018,MFR,OR,ANM,WE,Federal Contract Tower,27,24,14,0,65,0,4,51,0,55,27,28,65,0,120,60,0,60,180
04/26/2018,MFR,OR,ANM,WE,Federal Contract Tower,31,20,13,0,64,0,3,32,0,35,31,23,45,0,99,16,0,16,115
04/27/2018,MFR,OR,ANM,WE,Federal Contract Tower,28,27,18,2,75,0,3,14,0,17,28,30,32,2,92,18,0,18,110
04/28/2018,MFR,OR,ANM,WE,Federal Contract Tower,25,13,14,0,52,0,0,14,0,14,25,13,28,0,66,8,0,8,74
04/29/2018,MFR,OR,ANM,WE,Federal Contract Tower,32,16,15,0,63,0,0,4,0,4,32,16,19,0,67,0,0,0,67
04/30/2018,MFR,OR,ANM,WE,Federal Contract Tower,29,21,14,2,66,0,2,15,0,17,29,23,29,2,83,20,0,20,103
05/01/2018,MFR,OR,ANM,WE,Federal Contract Tower,28,21,18,0,67,0,7,47,0,54,28,28,65,0,121,20,0,20,141
05/02/2018,MFR,OR,ANM,WE,Federal Contract Tower,26,20,22,5,73,0,9,57,3,69,26,29,79,8,142,10,24,34,176
05/03/2018,MFR,OR,ANM,WE,Federal Contract Tower,29,18,18,0,65,0,2,45,2,49,29,20,63,2,114,32,0,32,146
05/04/2018,MFR,OR,ANM,WE,Federal Contract Tower,25,22,26,0,73,0,0,41,0,41,25,22,67,0,114,8,0,8,122
05/05/2018,MFR,OR,ANM,WE,Federal Contract Tower,22,14,9,0,45,0,1,31,0,32,22,15,40,0,77,46,0,46,123
05/06/2018,MFR,OR,ANM,WE,Federal Contract Tower,33,14,12,0,59,0,2,18,0,20,33,16,30,0,79,0,0,0,79
05/07/2018,MFR,OR,ANM,WE,Federal Contract Tower,26,21,15,7,69,0,3,44,1,48,26,24,59,8,117,40,0,40,157
05/08/2018,MFR,OR,ANM,WE,Federal Contract Tower,30,20,12,6,68,0,1,25,2,28,30,21,37,8,96,2,10,12,108
05/09/2018,MFR,OR,ANM,WE,Federal Contract Tower,30,23,21,5,79,0,3,25,3,31,30,26,46,8,110,24,10,34,144
05/10/2018,MFR,OR,ANM,WE,Federal Contract Tower,31,26,22,1,80,0,2,38,0,40,31,28,60,1,120,22,0,22,142
05/11/2018,MFR,OR,ANM,WE,Federal Contract Tower,27,26,31,5,89,0,1,57,1,59,27,27,88,6,148,0,0,0,148
05/12/2018,MFR,OR,ANM,WE,Federal Contract Tower,27,14,4,0,45,0,1,44,0,45,27,15,48,0,90,28,0,28,118
05/13/2018,MFR,OR,ANM,WE,Federal Contract Tower,31,10,7,0,48,0,2,54,0,56,31,12,61,0,104,8,0,8,112
05/14/2018,MFR,OR,ANM,WE,Federal Contract Tower,27,21,22,0,70,0,3,45,0,48,27,24,67,0,118,28,0,28,146
05/15/2018,MFR,OR,ANM,WE,Federal Contract Tower,29,19,24,1,73,0,1,30,1,32,29,20,54,2,105,12,0,12,117
05/16/2018,MFR,OR,ANM,WE,Federal Contract Tower,25,24,27,2,78,0,1,15,0,16,25,25,42,2,94,30,0,30,124
05/17/2018,MFR,OR,ANM,WE,Federal Contract Tower,30,28,17,3,78,0,4,25,2,31,30,32,42,5,109,0,0,0,109
05/18/2018,MFR,OR,ANM,WE,Federal Contract Tower,31,14,20,1,66,0,6,50,1,57,31,20,70,2,123,52,0,52,175
05/19/2018,MFR,OR,ANM,WE,Federal Contract Tower,24,11,12,0,47,0,12,51,0,63,24,23,63,0,110,16,0,16,126
05/20/2018,MFR,OR,ANM,WE,Federal Contract Tower,34,7,18,0,59,0,2,27,0,29,34,9,45,0,88,4,0,4,92
05/21/2018,MFR,OR,ANM,WE,Federal Contract Tower,33,19,18,0,70,0,0,54,0,54,33,19,72,0,124,2,0,2,126
05/22/2018,MFR,OR,ANM,WE,Federal Contract Tower,32,18,16,0,66,0,5,51,2,58,32,23,67,2,124,8,0,8,132
05/23/2018,MFR,OR,ANM,WE,Federal Contract Tower,29,20,12,1,62,0,2,35,0,37,29,22,47,1,99,6,4,10,109
05/24/2018,MFR,OR,ANM,WE,Federal Contract Tower,31,23,17,0,71,0,2,34,0,36,31,25,51,0,107,0,0,0,107
05/25/2018,MFR,OR,ANM,WE,Federal Contract Tower,32,24,32,0,88,0,0,14,0,14,32,24,46,0,102,0,0,0,102
05/26/2018,MFR,OR,ANM,WE,Federal Contract Tower,28,13,11,0,52,0,0,31,0,31,28,13,42,0,83,42,0,42,125
05/27/2018,MFR,OR,ANM,WE,Federal Contract Tower,33,8,12,0,53,0,1,33,0,34,33,9,45,0,87,6,0,6,93
05/28/2018,MFR,OR,ANM,WE,Federal Contract Tower,29,10,6,0,45,0,4,76,0,80,29,14,82,0,125,38,0,38,163
05/29/2018,MFR,OR,ANM,WE,Federal Contract Tower,33,19,16,1,69,0,4,36,0,40,33,23,52,1,109,24,0,24,133
05/30/2018,MFR,OR,ANM,WE,Federal Contract Tower,28,22,12,4,66,0,10,46,0,56,28,32,58,4,122,12,0,12,134
05/31/2018,MFR,OR,ANM,WE,Federal Contract Tower,32,23,26,6,87,0,1,28,0,29,32,24,54,6,116,20,0,20,136
06/01/2018,MFR,OR,ANM,WE,Federal Contract Tower,32,19,23,0,74,0,3,64,0,67,32,22,87,0,141,12,0,12,153
06/02/2018,MFR,OR,ANM,WE,Federal Contract Tower,29,9,11,8,57,0,7,79,0,86,29,16,90,8,143,44,0,44,187
06/03/2018,MFR,OR,ANM,WE,Federal Contract Tower,30,11,10,0,51,0,7,36,0,43,30,18,46,0,94,18,0,18,112
06/04/2018,MFR,OR,ANM,WE,Federal Contract Tower,34,20,19,0,73,0,2,48,1,51,34,22,67,1,124,29,0,29,153
06/05/2018,MFR,OR,ANM,WE,Federal Contract Tower,32,20,15,0,67,0,4,75,0,79,32,24,90,0,146,26,0,26,172
06/06/2018,MFR,OR,ANM,WE,Federal Contract Tower,24,22,13,0,59,0,5,68,2,75,24,27,81,2,134,10,0,10,144
06/07/2018,MFR,OR,ANM,WE,Federal Contract Tower,35,21,20,1,77,0,2,68,0,70,35,23,88,1,147,36,0,36,183
06/08/2018,MFR,OR,ANM,WE,Federal Contract Tower,33,18,19,3,73,0,0,63,0,63,33,18,82,3,136,4,0,4,140
06/09/2018,MFR,OR,ANM,WE,Federal Contract Tower,31,13,8,4,56,0,2,15,2,19,31,15,23,6,75,24,0,24,99
06/10/2018,MFR,OR,ANM,WE,Federal Contract Tower,35,11,15,0,61,0,4,34,0,38,35,15,49,0,99,8,0,8,107
06/11/2018,MFR,OR,ANM,WE,Federal Contract Tower,36,20,27,0,83,0,1,47,0,48,36,21,74,0,131,24,0,24,155
06/12/2018,MFR,OR,ANM,WE,Federal Contract Tower,34,21,14,0,69,0,2,42,0,44,34,23,56,0,113,14,0,14,127
06/13/2018,MFR,OR,ANM,WE,Federal Contract Tower,33,20,16,2,71,0,4,58,2,64,33,24,74,4,135,16,0,16,151
06/14/2018,MFR,OR,ANM,WE,Federal Contract Tower,34,25,15,2,76,0,0,33,0,33,34,25,48,2,109,12,0,12,121
06/15/2018,MFR,OR,ANM,WE,Federal Contract Tower,33,21,21,5,80,0,12,45,0,57,33,33,66,5,137,0,0,0,137
06/16/2018,MFR,OR,ANM,WE,Federal Contract Tower,30,18,15,0,63,0,4,42,0,46,30,22,57,0,109,24,0,24,133
06/17/2018,MFR,OR,ANM,WE,Federal Contract Tower,35,12,18,0,65,0,2,28,0,30,35,14,46,0,95,0,0,0,95
06/18/2018,MFR,OR,ANM,WE,Federal Contract Tower,34,18,16,1,69,0,1,43,0,44,34,19,59,1,113,0,12,12,125
06/19/2018,MFR,OR,ANM,WE,Federal Contract Tower,37,21,20,1,79,0,4,60,1,65,37,25,80,2,144,30,4,34,178
06/20/2018,MFR,OR,ANM,WE,Federal Contract Tower,33,23,21,4,81,0,1,68,2,71,33,24,89,6,152,24,0,24,176
06/21/2018,MFR,OR,ANM,WE,Federal Contract Tower,35,19,25,7,86,0,6,56,0,62,35,25,81,7,148,52,0,52,200
06/22/2018,MFR,OR,ANM,WE,Federal Contract Tower,35,17,21,0,73,0,8,51,0,59,35,25,72,0,132,16,0,16,148
06/23/2018,MFR,OR,ANM,WE,Federal Contract Tower,33,13,6,0,52,0,4,59,2,65,33,17,65,2,117,16,0,16,133
06/24/2018,MFR,OR,ANM,WE,Federal Contract Tower,37,11,12,0,60,0,5,54,0,59,37,16,66,0,119,20,0,20,139
06/25/2018,MFR,OR,ANM,WE,Federal Contract Tower,35,22,17,2,76,0,5,43,2,50,35,27,60,4,126,2,2,4,130
06/26/2018,MFR,OR,ANM,WE,Federal Contract Tower,35,28,15,0,78,0,1,55,0,56,35,29,70,0,134,16,0,16,150
06/27/2018,MFR,OR,ANM,WE,Federal Contract Tower,35,18,10,0,63,0,10,35,0,45,35,28,45,0,108,8,0,8,116
06/28/2018,MFR,OR,ANM,WE,Federal Contract Tower,36,25,9,0,70,0,3,46,0,49,36,28,55,0,119,10,0,10,129
06/29/2018,MFR,OR,ANM,WE,Federal Contract Tower,35,22,16,2,75,0,4,37,2,43,35,26,53,4,118,2,0,2,120
06/30/2018,MFR,OR,ANM,WE,Federal Contract Tower,29,12,7,0,48,0,4,44,0,48,29,16,51,0,96,20,0,20,116
07/01/2018,MFR,OR,ANM,WE,Federal Contract Tower,35,11,10,0,56,0,12,28,0,40,35,23,38,0,96,2,0,2,98
07/02/2018,MFR,OR,ANM,WE,Federal Contract Tower,32,19,12,6,69,0,3,33,0,36,32,22,45,6,105,26,0,26,131
07/03/2018,MFR,OR,ANM,WE,Federal Contract Tower,35,25,15,0,75,0,10,32,0,42,35,35,47,0,117,16,10,26,143
07/04/2018,MFR,OR,ANM,WE,Federal Contract Tower,27,9,5,4,45,0,4,35,0,39,27,13,40,4,84,26,0,26,110
07/05/2018,MFR,OR,ANM,WE,Federal Contract Tower,33,23,6,0,62,6,84,62,0,152,39,107,68,0,214,8,0,8,222
07/06/2018,MFR,OR,ANM,WE,Federal Contract Tower,33,21,11,0,65,39,37,53,0,129,72,58,64,0,194,8,0,8,202
07/07/2018,MFR,OR,ANM,WE,Federal Contract Tower,29,14,9,0,52,7,20,40,0,67,36,34,49,0,119,22,0,22,141
07/08/2018,MFR,OR,ANM,WE,Federal Contract Tower,32,15,18,3,68,15,34,62,5,116,47,49,80,8,184,6,0,6,190
07/09/2018,MFR,OR,ANM,WE,Federal Contract Tower,34,22,19,0,75,18,15,42,0,75,52,37,61,0,150,12,0,12,162
07/10/2018,MFR,OR,ANM,WE,Federal Contract Tower,35,24,18,0,77,2,7,41,2,52,37,31,59,2,129,6,6,12,141
07/11/2018,MFR,OR,ANM,WE,Federal Contract Tower,32,20,16,0,68,0,7,65,2,74,32,27,81,2,142,8,0,8,150
07/12/2018,MFR,OR,ANM,WE,Federal Contract Tower,34,20,22,1,77,0,6,52,4,62,34,26,74,5,139,30,0,30,169
07/13/2018,MFR,OR,ANM,WE,Federal Contract Tower,34,17,10,1,62,2,1,46,0,49,36,18,56,1,111,6,0,6,117
07/14/2018,MFR,OR,ANM,WE,Federal Contract Tower,31,12,12,4,59,3,7,31,0,41,34,19,43,4,100,12,0,12,112
07/15/2018,MFR,OR,ANM,WE,Federal Contract Tower,34,12,9,0,55,35,75,37,0,147,69,87,46,0,202,0,0,0,202
07/16/2018,MFR,OR,ANM,WE,Federal Contract Tower,35,23,12,3,73,87,52,57,1,197,122,75,69,4,270,0,0,0,270
07/17/2018,MFR,OR,ANM,WE,Federal Contract Tower,34,17,18,0,69,75,31,44,1,151,109,48,62,1,220,4,0,4,224
07/18/2018,MFR,OR,ANM,WE,Federal Contract Tower,32,21,14,0,67,83,60,51,0,194,115,81,65,0,261,16,0,16,277
07/19/2018,MFR,OR,ANM,WE,Federal Contract Tower,37,35,19,0,91,42,18,32,0,92,79,53,51,0,183,6,0,6,189
07/20/2018,MFR,OR,ANM,WE,Federal Contract Tower,54,29,38,0,121,9,7,23,0,39,63,36,61,0,160,2,0,2,162
07/21/2018,MFR,OR,ANM,WE,Federal Contract Tower,30,17,21,0,68,14,5,6,0,25,44,22,27,0,93,0,0,0,93
07/22/2018,MFR,OR,ANM,WE,Federal Contract Tower,36,15,13,0,64,1,1,8,0,10,37,16,21,0,74,0,0,0,74
07/23/2018,MFR,OR,ANM,WE,Federal Contract Tower,35,26,30,0,91,0,0,0,0,0,35,26,30,0,91,0,0,0,91
07/24/2018,MFR,OR,ANM,WE,Federal Contract Tower,39,24,28,0,91,0,0,3,0,3,39,24,31,0,94,0,0,0,94
07/25/2018,MFR,OR,ANM,WE,Federal Contract Tower,30,24,20,0,74,0,1,5,0,6,30,25,25,0,80,0,0,0,80
07/26/2018,MFR,OR,ANM,WE,Federal Contract Tower,33,25,20,0,78,0,4,7,5,16,33,29,27,5,94,0,0,0,94
07/27/2018,MFR,OR,ANM,WE,Federal Contract Tower,35,27,33,1,96,0,1,15,1,17,35,28,48,2,113,0,0,0,113
07/28/2018,MFR,OR,ANM,WE,Federal Contract Tower,30,17,24,0,71,0,0,1,0,1,30,17,25,0,72,0,0,0,72
07/30/2018,MFR,OR,ANM,WE,Federal Contract Tower,39,20,18,0,77,0,4,4,0,8,39,24,22,0,85,2,0,2,87
07/31/2018,MFR,OR,ANM,WE,Federal Contract Tower,36,21,25,1,83,0,2,11,0,13,36,23,36,1,96,0,0,0,96
08/01/2018,MFR,OR,ANM,WE,Federal Contract Tower,35,22,25,2,84,0,0,4,0,4,35,22,29,2,88,0,0,0,88
08/02/2018,MFR,OR,ANM,WE,Federal Contract Tower,35,20,16,0,71,0,4,8,1,13,35,24,24,1,84,0,0,0,84
08/03/2018,MFR,OR,ANM,WE,Federal Contract Tower,33,22,17,0,72,0,4,7,0,11,33,26,24,0,83,0,0,0,83
08/04/2018,MFR,OR,ANM,WE,Federal Contract Tower,29,15,18,0,62,0,3,15,0,18,29,18,33,0,80,0,0,0,80
08/05/2018,MFR,OR,ANM,WE,Federal Contract Tower,36,13,16,0,65,0,0,9,0,9,36,13,25,0,74,12,0,12,86
08/06/2018,MFR,OR,ANM,WE,Federal Contract Tower,34,24,25,2,85,0,0,0,0,0,34,24,25,2,85,0,0,0,85
08/07/2018,MFR,OR,ANM,WE,Federal Contract Tower,34,18,17,0,69,0,0,0,0,0,34,18,17,0,69,0,0,0,69
08/08/2018,MFR,OR,ANM,WE,Federal Contract Tower,32,20,30,0,82,0,0,0,0,0,32,20,30,0,82,0,0,0,82
08/09/2018,MFR,OR,ANM,WE,Federal Contract Tower,35,24,21,0,80,0,0,0,0,0,35,24,21,0,80,0,0,0,80
08/10/2018,MFR,OR,ANM,WE,Federal Contract Tower,34,17,26,0,77,11,7,5,0,23,45,24,31,0,100,6,0,6,106
08/11/2018,MFR,OR,ANM,WE,Federal Contract Tower,32,16,21,1,70,0,2,6,1,9,32,18,27,2,79,10,0,10,89
08/12/2018,MFR,OR,ANM,WE,Federal Contract Tower,36,12,28,1,77,0,3,36,1,40,36,15,64,2,117,12,0,12,129
08/13/2018,MFR,OR,ANM,WE,Federal Contract Tower,32,22,37,0,91,0,1,21,0,22,32,23,58,0,113,4,0,4,117
08/14/2018,MFR,OR,ANM,WE,Federal Contract Tower,35,19,37,0,91,0,0,5,0,5,35,19,42,0,96,2,0,2,98
08/15/2018,MFR,OR,ANM,WE,Federal Contract Tower,36,21,22,0,79,0,0,0,0,0,36,21,22,0,79,0,0,0,79
08/16/2018,MFR,OR,ANM,WE,Federal Contract Tower,37,18,16,0,71,4,2,5,0,11,41,20,21,0,82,0,6,6,88
08/17/2018,MFR,OR,ANM,WE,Federal Contract Tower,34,16,20,0,70,0,3,12,0,15,34,19,32,0,85,2,0,2,87
08/18/2018,MFR,OR,ANM,WE,Federal Contract Tower,33,16,15,0,64,0,10,16,0,26,33,26,31,0,90,16,0,16,106
08/19/2018,MFR,OR,ANM,WE,Federal Contract Tower,36,12,13,0,61,2,5,23,0,30,38,17,36,0,91,0,0,0,91
08/20/2018,MFR,OR,ANM,WE,Federal Contract Tower,32,19,20,0,71,8,1,37,0,46,40,20,57,0,117,22,0,22,139
08/21/2018,MFR,OR,ANM,WE,Federal Contract Tower,31,23,32,2,88,0,0,0,0,0,31,23,32,2,88,0,0,0,88
08/22/2018,MFR,OR,ANM,WE,Federal Contract Tower,28,21,47,0,96,0,0,0,0,0,28,21,47,0,96,0,0,0,96
08/23/2018,MFR,OR,ANM,WE,Federal Contract Tower,16,11,22,2,51,0,0,3,0,3,16,11,25,2,54,6,0,6,60
08/24/2018,MFR,OR,ANM,WE,Federal Contract Tower,18,10,23,0,51,33,5,31,0,69,51,15,54,0,120,28,0,28,148
08/25/2018,MFR,OR,ANM,WE,Federal Contract Tower,20,10,6,0,36,21,4,21,0,46,41,14,27,0,82,26,0,26,108
08/26/2018,MFR,OR,ANM,WE,Federal Contract Tower,30,9,10,0,49,14,6,18,0,38,44,15,28,0,87,4,0,4,91
08/27/2018,MFR,OR,ANM,WE,Federal Contract Tower,20,21,13,0,54,2,7,15,0,24,22,28,28,0,78,4,0,4,82
08/28/2018,MFR,OR,ANM,WE,Federal Contract Tower,33,23,18,0,74,1,4,44,0,49,34,27,62,0,123,8,0,8,131
08/29/2018,MFR,OR,ANM,WE,Federal Contract Tower,28,24,21,0,73,0,7,27,0,34,28,31,48,0,107,16,0,16,123
08/30/2018,MFR,OR,ANM,WE,Federal Contract Tower,32,29,15,0,76,1,4,26,0,31,33,33,41,0,107,16,0,16,123
08/31/2018,MFR,OR,ANM,WE,Federal Contract Tower,36,18,21,0,75,11,9,50,0,70,47,27,71,0,145,12,0,12,157
09/01/2018,MFR,OR,ANM,WE,Federal Contract Tower,25,20,11,0,56,17,12,44,0,73,42,32,55,0,129,40,0,40,169
09/02/2018,MFR,OR,ANM,WE,Federal Contract Tower,31,14,16,0,61,65,13,43,0,121,96,27,59,0,182,8,0,8,190
09/03/2018,MFR,OR,ANM,WE,Federal Contract Tower,29,12,16,0,57,1,7,38,0,46,30,19,54,0,103,16,0,16,119
09/04/2018,MFR,OR,ANM,WE,Federal Contract Tower,32,22,17,0,71,1,13,68,0,82,33,35,85,0,153,24,0,24,177
09/05/2018,MFR,OR,ANM,WE,Federal Contract Tower,29,22,14,0,65,14,7,34,0,55,43,29,48,0,120,8,0,8,128
09/06/2018,MFR,OR,ANM,WE,Federal Contract Tower,38,24,21,0,83,2,11,20,0,33,40,35,41,0,116,0,0,0,116
09/07/2018,MFR,OR,ANM,WE,Federal Contract Tower,27,24,22,0,73,0,4,20,0,24,27,28,42,0,97,0,0,0,97
09/08/2018,MFR,OR,ANM,WE,Federal Contract Tower,20,22,10,2,54,2,7,32,0,41,22,29,42,2,95,8,0,8,103
09/09/2018,MFR,OR,ANM,WE,Federal Contract Tower,34,12,20,0,66,0,3,20,0,23,34,15,40,0,89,0,0,0,89
09/10/2018,MFR,OR,ANM,WE,Federal Contract Tower,30,30,25,0,85,0,13,24,0,37,30,43,49,0,122,32,0,32,154
09/11/2018,MFR,OR,ANM,WE,Federal Contract Tower,27,24,26,0,77,0,7,36,0,43,27,31,62,0,120,12,0,12,132
09/12/2018,MFR,OR,ANM,WE,Federal Contract Tower,28,24,11,2,65,0,6,39,0,45,28,30,50,2,110,24,0,24,134
09/13/2018,MFR,OR,ANM,WE,Federal Contract Tower,34,23,23,2,82,0,6,38,0,44,34,29,61,2,126,12,0,12,138
09/14/2018,MFR,OR,ANM,WE,Federal Contract Tower,31,22,13,1,67,0,4,38,3,45,31,26,51,4,112,34,0,34,146
09/15/2018,MFR,OR,ANM,WE,Federal Contract Tower,22,20,26,0,68,0,2,22,1,25,22,22,48,1,93,12,0,12,105
09/16/2018,MFR,OR,ANM,WE,Federal Contract Tower,29,12,15,0,56,2,6,38,0,46,31,18,53,0,102,0,0,0,102
09/17/2018,MFR,OR,ANM,WE,Federal Contract Tower,29,24,12,0,65,0,3,57,0,60,29,27,69,0,125,22,0,22,147
09/18/2018,MFR,OR,ANM,WE,Federal Contract Tower,31,20,13,0,64,0,4,45,0,49,31,24,58,0,113,30,0,30,143
09/19/2018,MFR,OR,ANM,WE,Federal Contract Tower,29,23,7,0,59,0,6,46,6,58,29,29,53,6,117,46,0,46,163
09/20/2018,MFR,OR,ANM,WE,Federal Contract Tower,35,22,17,0,74,0,4,50,0,54,35,26,67,0,128,20,0,20,148
09/21/2018,MFR,OR,ANM,WE,Federal Contract Tower,30,18,20,0,68,0,2,48,0,50,30,20,68,0,118,22,0,22,140
09/22/2018,MFR,OR,ANM,WE,Federal Contract Tower,23,29,13,0,65,0,1,22,0,23,23,30,35,0,88,4,0,4,92
09/23/2018,MFR,OR,ANM,WE,Federal Contract Tower,33,15,8,0,56,0,4,29,0,33,33,19,37,0,89,22,0,22,111
09/24/2018,MFR,OR,ANM,WE,Federal Contract Tower,31,21,10,0,62,2,11,46,0,59,33,32,56,0,121,26,0,26,147
09/25/2018,MFR,OR,ANM,WE,Federal Contract Tower,30,25,13,7,75,0,4,62,3,69,30,29,75,10,144,18,0,18,162
09/26/2018,MFR,OR,ANM,WE,Federal Contract Tower,31,27,16,0,74,9,5,46,0,60,40,32,62,0,134,30,0,30,164
09/27/2018,MFR,OR,ANM,WE,Federal Contract Tower,34,18,16,0,68,2,2,51,0,55,36,20,67,0,123,2,0,2,125
09/28/2018,MFR,OR,ANM,WE,Federal Contract Tower,28,23,13,0,64,3,5,23,1,32,31,28,36,1,96,12,0,12,108
09/29/2018,MFR,OR,ANM,WE,Federal Contract Tower,21,21,8,0,50,0,3,27,0,30,21,24,35,0,80,10,0,10,90
09/30/2018,MFR,OR,ANM,WE,Federal Contract Tower,32,16,13,0,61,0,5,21,0,26,32,21,34,0,87,16,0,16,103
10/01/2018,MFR,OR,ANM,WE,Federal Contract Tower,25,27,19,0,71,0,2,16,0,18,25,29,35,0,89,2,0,2,91
10/02/2018,MFR,OR,ANM,WE,Federal Contract Tower,30,24,13,0,67,0,2,16,0,18,30,26,29,0,85,18,0,18,103
10/03/2018,MFR,OR,ANM,WE,Federal Contract Tower,28,24,10,0,62,2,5,34,0,41,30,29,44,0,103,30,0,30,133
10/04/2018,MFR,OR,ANM,WE,Federal Contract Tower,31,25,25,0,81,0,4,62,1,67,31,29,87,1,148,16,0,16,164
10/05/2018,MFR,OR,ANM,WE,Federal Contract Tower,35,24,20,0,79,0,2,19,0,21,35,26,39,0,100,26,0,26,126
10/06/2018,MFR,OR,ANM,WE,Federal Contract Tower,23,19,20,0,62,0,0,16,0,16,23,19,36,0,78,14,0,14,92
10/07/2018,MFR,OR,ANM,WE,Federal Contract Tower,35,13,17,0,65,0,2,29,0,31,35,15,46,0,96,2,0,2,98
10/08/2018,MFR,OR,ANM,WE,Federal Contract Tower,30,22,20,0,72,0,0,26,0,26,30,22,46,0,98,0,30,30,128
10/09/2018,MFR,OR,ANM,WE,Federal Contract Tower,29,24,16,0,69,0,2,24,3,29,29,26,40,3,98,18,0,18,116
10/10/2018,MFR,OR,ANM,WE,Federal Contract Tower,29,23,16,5,73,0,14,47,1,62,29,37,63,6,135,22,0,22,157
10/11/2018,MFR,OR,ANM,WE,Federal Contract Tower,35,27,20,0,82,0,6,45,0,51,35,33,65,0,133,14,0,14,147
10/12/2018,MFR,OR,ANM,WE,Federal Contract Tower,31,22,5,0,58,0,9,54,0,63,31,31,59,0,121,22,4,26,147
10/13/2018,MFR,OR,ANM,WE,Federal Contract Tower,24,17,14,2,57,0,3,65,0,68,24,20,79,2,125,4,0,4,129
10/14/2018,MFR,OR,ANM,WE,Federal Contract Tower,31,12,9,4,56,0,2,47,0,49,31,14,56,4,105,2,0,2,107
10/15/2018,MFR,OR,ANM,WE,Federal Contract Tower,30,23,11,0,64,0,3,55,0,58,30,26,66,0,122,10,0,10,132
10/16/2018,MFR,OR,ANM,WE,Federal Contract Tower,31,29,10,0,70,0,10,52,0,62,31,39,62,0,132,44,0,44,176
10/17/2018,MFR,OR,ANM,WE,Federal Contract Tower,32,34,9,0,75,0,11,43,0,54,32,45,52,0,129,14,0,14,143
10/18/2018,MFR,OR,ANM,WE,Federal Contract Tower,34,21,23,0,78,0,8,63,7,78,34,29,86,7,156,12,0,12,168
10/19/2018,MFR,OR,ANM,WE,Federal Contract Tower,30,21,11,0,62,10,5,70,1,86,40,26,81,1,148,18,0,18,166
10/20/2018,MFR,OR,ANM,WE,Federal Contract Tower,23,17,12,0,52,1,4,51,0,56,24,21,63,0,108,43,0,43,151
10/21/2018,MFR,OR,ANM,WE,Federal Contract Tower,37,13,12,0,62,0,3,42,0,45,37,16,54,0,107,18,0,18,125
10/22/2018,MFR,OR,ANM,WE,Federal Contract Tower,32,26,6,2,66,0,4,51,0,55,32,30,57,2,121,2,0,2,123
10/23/2018,MFR,OR,ANM,WE,Federal Contract Tower,30,19,11,0,60,0,8,41,0,49,30,27,52,0,109,40,0,40,149
10/24/2018,MFR,OR,ANM,WE,Federal Contract Tower,31,20,12,4,67,0,2,26,0,28,31,22,38,4,95,16,0,16,111
10/25/2018,MFR,OR,ANM,WE,Federal Contract Tower,38,24,9,0,71,0,12,51,1,64,38,36,60,1,135,2,0,2,137
10/26/2018,MFR,OR,ANM,WE,Federal Contract Tower,31,16,14,0,61,0,4,30,0,34,31,20,44,0,95,16,0,16,111
10/27/2018,MFR,OR,ANM,WE,Federal Contract Tower,21,23,7,0,51,0,1,41,0,42,21,24,48,0,93,26,0,26,119
10/28/2018,MFR,OR,ANM,WE,Federal Contract Tower,28,14,16,0,58,0,0,3,1,4,28,14,19,1,62,0,0,0,62
10/29/2018,MFR,OR,ANM,WE,Federal Contract Tower,28,25,21,0,74,0,0,18,0,18,28,25,39,0,92,2,0,2,94
10/30/2018,MFR,OR,ANM,WE,Federal Contract Tower,25,37,21,0,83,0,4,26,0,30,25,41,47,0,113,8,0,8,121
10/31/2018,MFR,OR,ANM,WE,Federal Contract Tower,22,29,14,0,65,0,0,0,0,0,22,29,14,0,65,0,0,0,65
11/01/2018,MFR,OR,ANM,WE,Federal Contract Tower,35,26,22,0,83,0,0,13,0,13,35,26,35,0,96,12,0,12,108
11/02/2018,MFR,OR,ANM,WE,Federal Contract Tower,33,27,14,0,74,0,1,21,0,22,33,28,35,0,96,10,0,10,106
11/03/2018,MFR,OR,ANM,WE,Federal Contract Tower,19,23,8,0,50,0,1,37,0,38,19,24,45,0,88,30,0,30,118
11/04/2018,MFR,OR,ANM,WE,Federal Contract Tower,25,14,14,0,53,0,2,7,0,9,25,16,21,0,62,0,0,0,62
11/05/2018,MFR,OR,ANM,WE,Federal Contract Tower,28,24,20,0,72,0,0,17,0,17,28,24,37,0,89,0,0,0,89
11/06/2018,MFR,OR,ANM,WE,Federal Contract Tower,21,26,24,2,73,0,0,33,0,33,21,26,57,2,106,0,0,0,106
11/07/2018,MFR,OR,ANM,WE,Federal Contract Tower,24,27,18,0,69,0,0,45,0,45,24,27,63,0,114,24,0,24,138
11/08/2018,MFR,OR,ANM,WE,Federal Contract Tower,30,26,17,4,77,0,2,41,0,43,30,28,58,4,120,20,0,20,140
11/09/2018,MFR,OR,ANM,WE,Federal Contract Tower,28,24,24,0,76,0,2,73,0,75,28,26,97,0,151,32,0,32,183
11/10/2018,MFR,OR,ANM,WE,Federal Contract Tower,23,18,9,1,51,0,1,66,0,67,23,19,75,1,118,48,0,48,166
11/11/2018,MFR,OR,ANM,WE,Federal Contract Tower,26,13,17,0,56,0,3,44,0,47,26,16,61,0,103,12,2,14,117
11/12/2018,MFR,OR,ANM,WE,Federal Contract Tower,27,24,12,0,63,0,0,33,2,35,27,24,45,2,98,14,0,14,112
11/13/2018,MFR,OR,ANM,WE,Federal Contract Tower,20,26,15,2,63,0,2,21,0,23,20,28,36,2,86,34,0,34,120
11/14/2018,MFR,OR,ANM,WE,Federal Contract Tower,28,27,12,4,71,0,1,46,2,49,28,28,58,6,120,22,14,36,156
11/15/2018,MFR,OR,ANM,WE,Federal Contract Tower,33,29,12,5,79,0,0,30,0,30,33,29,42,5,109,18,0,18,127
11/16/2018,MFR,OR,ANM,WE,Federal Contract Tower,29,30,17,0,76,0,0,53,0,53,29,30,70,0,129,18,0,18,147
11/17/2018,MFR,OR,ANM,WE,Federal Contract Tower,31,15,11,0,57,0,0,55,0,55,31,15,66,0,112,72,0,72,184
11/18/2018,MFR,OR,ANM,WE,Federal Contract Tower,30,16,12,1,59,0,0,30,0,30,30,16,42,1,89,26,0,26,115
11/19/2018,MFR,OR,ANM,WE,Federal Contract Tower,28,33,9,14,84,0,1,31,0,32,28,34,40,14,116,14,0,14,130
11/20/2018,MFR,OR,ANM,WE,Federal Contract Tower,31,40,16,0,87,0,2,27,0,29,31,42,43,0,116,20,6,26,142
11/21/2018,MFR,OR,ANM,WE,Federal Contract Tower,27,31,5,0,63,0,0,8,0,8,27,31,13,0,71,6,0,6,77
11/22/2018,MFR,OR,ANM,WE,Federal Contract Tower,20,10,6,0,36,0,0,5,0,5,20,10,11,0,41,0,0,0,41
11/23/2018,MFR,OR,ANM,WE,Federal Contract Tower,20,25,10,0,55,0,3,1,0,4,20,28,11,0,59,0,0,0,59
11/24/2018,MFR,OR,ANM,WE,Federal Contract Tower,29,21,14,0,64,0,3,26,0,29,29,24,40,0,93,34,0,34,127
11/25/2018,MFR,OR,ANM,WE,Federal Contract Tower,30,15,11,0,56,0,1,30,0,31,30,16,41,0,87,44,0,44,131
11/26/2018,MFR,OR,ANM,WE,Federal Contract Tower,27,32,5,2,66,0,2,39,0,41,27,34,44,2,107,38,0,38,145
11/27/2018,MFR,OR,ANM,WE,Federal Contract Tower,23,35,12,1,71,0,0,6,1,7,23,35,18,2,78,4,0,4,82
11/28/2018,MFR,OR,ANM,WE,Federal Contract Tower,24,33,9,0,66,0,0,9,0,9,24,33,18,0,75,4,0,4,79
11/29/2018,MFR,OR,ANM,WE,Federal Contract Tower,28,25,13,0,66,0,1,18,0,19,28,26,31,0,85,36,0,36,121
11/30/2018,MFR,OR,ANM,WE,Federal Contract Tower,25,28,7,0,60,0,0,15,0,15,25,28,22,0,75,36,0,36,111
12/01/2018,MFR,OR,ANM,WE,Federal Contract Tower,20,18,4,0,42,0,0,0,0,0,20,18,4,0,42,0,0,0,42
12/02/2018,MFR,OR,ANM,WE,Federal Contract Tower,30,13,19,0,62,0,0,34,0,34,30,13,53,0,96,48,0,48,144
12/03/2018,MFR,OR,ANM,WE,Federal Contract Tower,25,25,18,0,68,0,0,20,0,20,25,25,38,0,88,8,0,8,96
12/04/2018,MFR,OR,ANM,WE,Federal Contract Tower,25,27,17,0,69,0,5,28,0,33,25,32,45,0,102,8,0,8,110
12/05/2018,MFR,OR,ANM,WE,Federal Contract Tower,26,25,11,0,62,0,3,52,0,55,26,28,63,0,117,28,0,28,145
12/06/2018,MFR,OR,ANM,WE,Federal Contract Tower,26,22,21,0,69,0,2,49,0,51,26,24,70,0,120,20,0,20,140
12/07/2018,MFR,OR,ANM,WE,Federal Contract Tower,28,40,20,0,88,0,4,47,0,51,28,44,67,0,139,38,0,38,177
12/08/2018,MFR,OR,ANM,WE,Federal Contract Tower,19,17,11,2,49,0,1,32,1,34,19,18,43,3,83,28,12,40,123
12/09/2018,MFR,OR,ANM,WE,Federal Contract Tower,25,14,16,0,55,0,0,12,0,12,25,14,28,0,67,28,0,28,95
12/10/2018,MFR,OR,ANM,WE,Federal Contract Tower,30,31,17,16,94,0,0,19,0,19,30,31,36,16,113,36,0,36,149
12/11/2018,MFR,OR,ANM,WE,Federal Contract Tower,22,36,18,2,78,0,0,4,0,4,22,36,22,2,82,4,0,4,86
12/12/2018,MFR,OR,ANM,WE,Federal Contract Tower,28,33,19,4,84,0,5,50,0,55,28,38,69,4,139,64,4,68,207
12/13/2018,MFR,OR,ANM,WE,Federal Contract Tower,35,34,12,0,81,0,11,38,0,49,35,45,50,0,130,16,0,16,146
12/14/2018,MFR,OR,ANM,WE,Federal Contract Tower,36,26,18,0,80,0,0,18,0,18,36,26,36,0,98,36,0,36,134
12/15/2018,MFR,OR,ANM,WE,Federal Contract Tower,24,16,9,0,49,0,1,13,0,14,24,17,22,0,63,24,0,24,87
12/16/2018,MFR,OR,ANM,WE,Federal Contract Tower,26,12,7,0,45,0,1,2,0,3,26,13,9,0,48,0,0,0,48
12/17/2018,MFR,OR,ANM,WE,Federal Contract Tower,32,26,24,0,82,0,1,16,0,17,32,27,40,0,99,20,0,20,119
12/18/2018,MFR,OR,ANM,WE,Federal Contract Tower,29,33,16,1,79,0,0,2,0,2,29,33,18,1,81,0,0,0,81
12/19/2018,MFR,OR,ANM,WE,Federal Contract Tower,28,44,19,10,101,0,0,20,2,22,28,44,39,12,123,14,0,14,137
12/20/2018,MFR,OR,ANM,WE,Federal Contract Tower,32,31,14,0,77,0,0,0,0,0,32,31,14,0,77,0,0,0,77
12/21/2018,MFR,OR,ANM,WE,Federal Contract Tower,31,31,10,0,72,0,0,16,0,16,31,31,26,0,88,32,0,32,120
12/22/2018,MFR,OR,ANM,WE,Federal Contract Tower,34,25,15,0,74,0,0,3,0,3,34,25,18,0,77,0,0,0,77
12/23/2018,MFR,OR,ANM,WE,Federal Contract Tower,30,19,17,0,66,0,0,2,0,2,30,19,19,0,68,18,0,18,86
12/24/2018,MFR,OR,ANM,WE,Federal Contract Tower,26,30,8,0,64,0,0,0,0,0,26,30,8,0,64,0,0,0,64
12/25/2018,MFR,OR,ANM,WE,Federal Contract Tower,16,15,5,0,36,0,0,4,0,4,16,15,9,0,40,0,0,0,40
12/26/2018,MFR,OR,ANM,WE,Federal Contract Tower,31,32,12,0,75,0,0,0,0,0,31,32,12,0,75,0,0,0,75
12/27/2018,MFR,OR,ANM,WE,Federal Contract Tower,36,29,16,4,85,0,2,11,0,13,36,31,27,4,98,10,0,10,108
12/28/2018,MFR,OR,ANM,WE,Federal Contract Tower,31,29,14,0,74,0,0,20,0,20,31,29,34,0,94,20,0,20,114
12/29/2018,MFR,OR,ANM,WE,Federal Contract Tower,32,23,7,4,66,0,0,0,0,0,32,23,7,4,66,0,0,0,66
12/30/2018,MFR,OR,ANM,WE,Federal Contract Tower,27,25,12,0,64,0,1,3,0,4,27,26,15,0,68,0,0,0,68
12/31/2018,MFR,OR,ANM,WE,Federal Contract Tower,25,22,6,0,53,0,0,8,0,8,25,22,14,0,61,6,0,6,67
01/01/2019,MFR,OR,ANM,WE,Federal Contract Tower,22,17,9,0,48,0,0,26,0,26,22,17,35,0,74,10,0,10,84
01/02/2019,MFR,OR,ANM,WE,Federal Contract Tower,25,29,11,2,67,0,4,16,0,20,25,33,27,2,87,4,0,4,91
01/03/2019,MFR,OR,ANM,WE,Federal Contract Tower,31,26,6,8,71,0,0,30,0,30,31,26,36,8,101,26,0,26,127
01/04/2019,MFR,OR,ANM,WE,Federal Contract Tower,32,26,11,0,69,0,3,21,0,24,32,29,32,0,93,26,0,26,119
01/05/2019,MFR,OR,ANM,WE,Federal Contract Tower,29,21,1,0,51,0,0,1,0,1,29,21,2,0,52,0,0,0,52
01/06/2019,MFR,OR,ANM,WE,Federal Contract Tower,27,15,11,0,53,0,0,1,0,1,27,15,12,0,54,0,0,0,54
01/07/2019,MFR,OR,ANM,WE,Federal Contract Tower,28,24,16,2,70,0,0,12,0,12,28,24,28,2,82,0,0,0,82
01/08/2019,MFR,OR,ANM,WE,Federal Contract Tower,28,19,7,0,54,0,0,13,0,13,28,19,20,0,67,6,0,6,73
01/09/2019,MFR,OR,ANM,WE,Federal Contract Tower,27,22,14,0,63,0,0,10,0,10,27,22,24,0,73,4,0,4,77
01/10/2019,MFR,OR,ANM,WE,Federal Contract Tower,33,22,30,0,85,0,3,29,0,32,33,25,59,0,117,12,0,12,129
01/11/2019,MFR,OR,ANM,WE,Federal Contract Tower,26,19,8,0,53,0,3,29,0,32,26,22,37,0,85,6,0,6,91
01/12/2019,MFR,OR,ANM,WE,Federal Contract Tower,22,12,12,0,46,0,2,52,0,54,22,14,64,0,100,8,0,8,108
01/13/2019,MFR,OR,ANM,WE,Federal Contract Tower,30,10,12,0,52,0,3,54,1,58,30,13,66,1,110,44,0,44,154
01/14/2019,MFR,OR,ANM,WE,Federal Contract Tower,30,21,14,0,65,0,2,32,0,34,30,23,46,0,99,26,20,46,145
01/15/2019,MFR,OR,ANM,WE,Federal Contract Tower,28,20,16,0,64,0,1,12,2,15,28,21,28,2,79,6,0,6,85
01/16/2019,MFR,OR,ANM,WE,Federal Contract Tower,28,20,11,0,59,0,0,2,0,2,28,20,13,0,61,0,0,0,61
01/17/2019,MFR,OR,ANM,WE,Federal Contract Tower,31,20,11,0,62,0,0,13,0,13,31,20,24,0,75,12,0,12,87
01/18/2019,MFR,OR,ANM,WE,Federal Contract Tower,35,14,18,0,67,0,1,3,0,4,35,15,21,0,71,2,0,2,73
01/19/2019,MFR,OR,ANM,WE,Federal Contract Tower,17,17,13,0,47,0,0,0,0,0,17,17,13,0,47,0,0,0,47
01/20/2019,MFR,OR,ANM,WE,Federal Contract Tower,25,6,10,0,41,0,0,15,0,15,25,6,25,0,56,20,0,20,76
01/21/2019,MFR,OR,ANM,WE,Federal Contract Tower,28,16,15,0,59,0,2,33,0,35,28,18,48,0,94,30,0,30,124
01/22/2019,MFR,OR,ANM,WE,Federal Contract Tower,30,16,4,0,50,0,0,24,0,24,30,16,28,0,74,28,0,28,102
01/23/2019,MFR,OR,ANM,WE,Federal Contract Tower,26,18,14,2,60,0,1,25,0,26,26,19,39,2,86,10,0,10,96
01/24/2019,MFR,OR,ANM,WE,Federal Contract Tower,31,23,15,3,72,0,2,26,0,28,31,25,41,3,100,50,4,54,154
01/25/2019,MFR,OR,ANM,WE,Federal Contract Tower,27,22,12,0,61,0,2,23,0,25,27,24,35,0,86,14,0,14,100
01/26/2019,MFR,OR,ANM,WE,Federal Contract Tower,21,15,22,0,58,0,3,20,0,23,21,18,42,0,81,2,0,2,83
01/27/2019,MFR,OR,ANM,WE,Federal Contract Tower,23,11,16,0,50,0,3,29,0,32,23,14,45,0,82,36,0,36,118
01/28/2019,MFR,OR,ANM,WE,Federal Contract Tower,33,19,15,0,67,0,0,30,0,30,33,19,45,0,97,34,0,34,131
01/29/2019,MFR,OR,ANM,WE,Federal Contract Tower,26,20,24,0,70,0,2,33,0,35,26,22,57,0,105,2,0,2,107
01/30/2019,MFR,OR,ANM,WE,Federal Contract Tower,27,22,11,0,60,0,2,52,0,54,27,24,63,0,114,50,0,50,164
01/31/2019,MFR,OR,ANM,WE,Federal Contract Tower,34,18,23,0,75,0,3,60,4,67,34,21,83,4,142,42,6,48,190
02/01/2019,MFR,OR,ANM,WE,Federal Contract Tower,29,19,15,0,63,0,0,31,0,31,29,19,46,0,94,30,0,30,124
02/02/2019,MFR,OR,ANM,WE,Federal Contract Tower,20,15,12,0,47,0,0,7,0,7,20,15,19,0,54,6,0,6,60
02/04/2019,MFR,OR,ANM,WE,Federal Contract Tower,26,18,12,0,56,0,0,4,0,4,26,18,16,0,60,2,0,2,62
02/05/2019,MFR,OR,ANM,WE,Federal Contract Tower,29,21,11,0,61,0,0,4,0,4,29,21,15,0,65,14,0,14,79
02/06/2019,MFR,OR,ANM,WE,Federal Contract Tower,28,25,13,0,66,0,2,39,0,41,28,27,52,0,107,0,0,0,107
02/07/2019,MFR,OR,ANM,WE,Federal Contract Tower,35,22,13,2,72,0,0,39,0,39,35,22,52,2,111,34,0,34,145
02/08/2019,MFR,OR,ANM,WE,Federal Contract Tower,24,17,12,0,53,0,0,34,0,34,24,17,46,0,87,44,0,44,131
02/09/2019,MFR,OR,ANM,WE,Federal Contract Tower,19,13,8,4,44,0,0,0,0,0,19,13,8,4,44,0,0,0,44
02/10/2019,MFR,OR,ANM,WE,Federal Contract Tower,28,8,10,0,46,0,0,23,0,23,28,8,33,0,69,42,0,42,111
02/11/2019,MFR,OR,ANM,WE,Federal Contract Tower,21,21,17,0,59,0,0,17,0,17,21,21,34,0,76,4,0,4,80
02/12/2019,MFR,OR,ANM,WE,Federal Contract Tower,26,21,7,3,57,0,0,1,0,1,26,21,8,3,58,2,0,2,60
02/13/2019,MFR,OR,ANM,WE,Federal Contract Tower,29,32,9,0,70,0,0,0,0,0,29,32,9,0,70,0,0,0,70
02/14/2019,MFR,OR,ANM,WE,Federal Contract Tower,31,30,5,0,66,0,0,8,0,8,31,30,13,0,74,36,0,36,110
02/15/2019,MFR,OR,ANM,WE,Federal Contract Tower,27,26,8,0,61,0,1,24,2,27,27,27,32,2,88,18,0,18,106
02/16/2019,MFR,OR,ANM,WE,Federal Contract Tower,16,23,16,0,55,0,0,8,0,8,16,23,24,0,63,22,0,22,85
02/17/2019,MFR,OR,ANM,WE,Federal Contract Tower,23,16,20,0,59,0,0,25,0,25,23,16,45,0,84,8,0,8,92
02/18/2019,MFR,OR,ANM,WE,Federal Contract Tower,28,20,16,5,69,0,0,56,1,57,28,20,72,6,126,40,8,48,174
02/19/2019,MFR,OR,ANM,WE,Federal Contract Tower,28,24,14,2,68,0,0,22,0,22,28,24,36,2,90,4,0,4,94
02/20/2019,MFR,OR,ANM,WE,Federal Contract Tower,28,31,11,0,70,0,0,1,0,1,28,31,12,0,71,0,0,0,71
02/21/2019,MFR,OR,ANM,WE,Federal Contract Tower,34,27,12,2,75,0,2,40,0,42,34,29,52,2,117,68,6,74,191
02/22/2019,MFR,OR,ANM,WE,Federal Contract Tower,26,22,11,0,59,0,1,70,2,73,26,23,81,2,132,36,0,36,168
02/23/2019,MFR,OR,ANM,WE,Federal Contract Tower,19,21,14,0,54,0,0,4,0,4,19,21,18,0,58,0,0,0,58
02/24/2019,MFR,OR,ANM,WE,Federal Contract Tower,27,14,9,0,50,0,0,2,0,2,27,14,11,0,52,0,0,0,52
02/25/2019,MFR,OR,ANM,WE,Federal Contract Tower,28,21,12,0,61,0,0,2,0,2,28,21,14,0,63,0,0,0,63
02/26/2019,MFR,OR,ANM,WE,Federal Contract Tower,16,9,2,0,27,0,0,0,0,0,16,9,2,0,27,0,0,0,27
02/27/2019,MFR,OR,ANM,WE,Federal Contract Tower,26,33,8,0,67,0,0,9,0,9,26,33,17,0,76,0,0,0,76
03/01/2019,MFR,OR,ANM,WE,Federal Contract Tower,26,20,9,0,55,0,0,13,0,13,26,20,22,0,68,0,0,0,68
03/02/2019,MFR,OR,ANM,WE,Federal Contract Tower,22,12,4,0,38,0,0,25,0,25,22,12,29,0,63,16,0,16,79
03/03/2019,MFR,OR,ANM,WE,Federal Contract Tower,26,7,10,0,43,0,0,53,0,53,26,7,63,0,96,28,0,28,124
03/04/2019,MFR,OR,ANM,WE,Federal Contract Tower,25,27,10,0,62,0,0,39,0,39,25,27,49,0,101,32,0,32,133
03/05/2019,MFR,OR,ANM,WE,Federal Contract Tower,26,26,16,0,68,0,1,21,0,22,26,27,37,0,90,16,0,16,106
03/06/2019,MFR,OR,ANM,WE,Federal Contract Tower,23,30,5,0,58,0,0,9,0,9,23,30,14,0,67,2,0,2,69
03/07/2019,MFR,OR,ANM,WE,Federal Contract Tower,27,29,30,7,93,0,0,24,0,24,27,29,54,7,117,14,0,14,131
03/08/2019,MFR,OR,ANM,WE,Federal Contract Tower,26,27,17,0,70,0,1,38,0,39,26,28,55,0,109,32,0,32,141
03/09/2019,MFR,OR,ANM,WE,Federal Contract Tower,20,19,6,0,45,0,1,10,0,11,20,20,16,0,56,2,0,2,58
03/10/2019,MFR,OR,ANM,WE,Federal Contract Tower,32,18,14,4,68,0,0,19,0,19,32,18,33,4,87,14,0,14,101
03/11/2019,MFR,OR,ANM,WE,Federal Contract Tower,27,23,11,0,61,0,3,51,0,54,27,26,62,0,115,22,0,22,137
03/13/2019,MFR,OR,ANM,WE,Federal Contract Tower,28,21,12,2,63,0,1,24,0,25,28,22,36,2,88,10,0,10,98
03/14/2019,MFR,OR,ANM,WE,Federal Contract Tower,32,27,24,2,85,0,1,37,0,38,32,28,61,2,123,16,0,16,139
03/15/2019,MFR,OR,ANM,WE,Federal Contract Tower,28,23,9,0,60,0,1,89,0,90,28,24,98,0,150,10,0,10,160
03/16/2019,MFR,OR,ANM,WE,Federal Contract Tower,22,16,9,0,47,0,2,55,0,57,22,18,64,0,104,40,0,40,144
03/17/2019,MFR,OR,ANM,WE,Federal Contract Tower,29,14,10,2,55,0,0,60,0,60,29,14,70,2,115,4,0,4,119
03/18/2019,MFR,OR,ANM,WE,Federal Contract Tower,28,24,19,1,72,0,1,53,0,54,28,25,72,1,126,34,0,34,160
03/19/2019,MFR,OR,ANM,WE,Federal Contract Tower,26,24,20,2,72,0,2,32,2,36,26,26,52,4,108,16,0,16,124
03/20/2019,MFR,OR,ANM,WE,Federal Contract Tower,33,23,9,4,69,0,0,38,0,38,33,23,47,4,107,32,0,32,139
03/21/2019,MFR,OR,ANM,WE,Federal Contract Tower,38,18,18,1,75,0,5,55,1,61,38,23,73,2,136,38,0,38,174
03/22/2019,MFR,OR,ANM,WE,Federal Contract Tower,26,22,9,0,57,0,0,18,0,18,26,22,27,0,75,24,0,24,99
03/23/2019,MFR,OR,ANM,WE,Federal Contract Tower,23,19,9,0,51,0,0,15,0,15,23,19,24,0,66,8,0,8,74
03/24/2019,MFR,OR,ANM,WE,Federal Contract Tower,32,15,17,0,64,0,3,44,0,47,32,18,61,0,111,10,0,10,121
03/25/2019,MFR,OR,ANM,WE,Federal Contract Tower,29,21,16,2,68,0,5,11,0,16,29,26,27,2,84,12,0,12,96
03/26/2019,MFR,OR,ANM,WE,Federal Contract Tower,29,26,10,2,67,0,0,19,0,19,29,26,29,2,86,10,0,10,96
03/27/2019,MFR,OR,ANM,WE,Federal Contract Tower,30,26,6,0,62,0,1,8,0,9,30,27,14,0,71,10,0,10,81
03/28/2019,MFR,OR,ANM,WE,Federal Contract Tower,32,25,7,0,64,0,2,19,0,21,32,27,26,0,85,16,0,16,101
03/29/2019,MFR,OR,ANM,WE,Federal Contract Tower,33,20,11,2,66,0,1,33,0,34,33,21,44,2,100,12,0,12,112
03/31/2019,MFR,OR,ANM,WE,Federal Contract Tower,33,13,11,4,61,0,0,54,0,54,33,13,65,4,115,28,0,28,143
04/01/2019,MFR,OR,ANM,WE,Federal Contract Tower,31,19,13,0,63,0,0,5,0,5,31,19,18,0,68,2,0,2,70
04/02/2019,MFR,OR,ANM,WE,Federal Contract Tower,32,21,8,0,61,0,1,15,0,16,32,22,23,0,77,10,0,10,87
04/03/2019,MFR,OR,ANM,WE,Federal Contract Tower,28,31,20,0,79,0,0,25,0,25,28,31,45,0,104,16,0,16,120
04/04/2019,MFR,OR,ANM,WE,Federal Contract Tower,33,21,9,16,79,0,1,20,0,21,33,22,29,16,100,6,0,6,106
04/05/2019,MFR,OR,ANM,WE,Federal Contract Tower,32,21,4,0,57,1,0,0,0,1,33,21,4,0,58,22,0,22,80
04/06/2019,MFR,OR,ANM,WE,Federal Contract Tower,25,17,10,0,52,0,0,6,0,6,25,17,16,0,58,0,0,0,58
04/07/2019,MFR,OR,ANM,WE,Federal Contract Tower,32,19,14,0,65,0,0,1,0,1,32,19,15,0,66,4,0,4,70
04/08/2019,MFR,OR,ANM,WE,Federal Contract Tower,33,22,27,0,82,0,0,1,0,1,33,22,28,0,83,0,0,0,83
04/09/2019,MFR,OR,ANM,WE,Federal Contract Tower,33,26,13,0,72,0,1,11,2,14,33,27,24,2,86,10,0,10,96
04/10/2019,MFR,OR,ANM,WE,Federal Contract Tower,34,19,13,0,66,0,0,27,0,27,34,19,40,0,93,28,0,28,121
04/11/2019,MFR,OR,ANM,WE,Federal Contract Tower,33,22,23,0,78,0,0,0,2,2,33,22,23,2,80,0,0,0,80
04/12/2019,MFR,OR,ANM,WE,Federal Contract Tower,30,25,20,0,75,0,1,32,0,33,30,26,52,0,108,8,0,8,116
04/13/2019,MFR,OR,ANM,WE,Federal Contract Tower,25,17,13,0,55,0,3,51,0,54,25,20,64,0,109,38,0,38,147
04/14/2019,MFR,OR,ANM,WE,Federal Contract Tower,32,17,11,0,60,0,0,11,0,11,32,17,22,0,71,0,0,0,71
04/15/2019,MFR,OR,ANM,WE,Federal Contract Tower,29,24,23,0,76,0,0,26,0,26,29,24,49,0,102,32,0,32,134
04/16/2019,MFR,OR,ANM,WE,Federal Contract Tower,29,28,19,0,76,0,2,49,0,51,29,30,68,0,127,42,0,42,169
04/17/2019,MFR,OR,ANM,WE,Federal Contract Tower,29,25,10,4,68,0,4,60,0,64,29,29,70,4,132,42,0,42,174
04/18/2019,MFR,OR,ANM,WE,Federal Contract Tower,38,27,22,8,95,0,0,72,1,73,38,27,94,9,168,12,0,12,180
04/19/2019,MFR,OR,ANM,WE,Federal Contract Tower,30,25,17,0,72,0,0,52,0,52,30,25,69,0,124,18,0,18,142
04/20/2019,MFR,OR,ANM,WE,Federal Contract Tower,25,18,14,0,57,0,0,10,4,14,25,18,24,4,71,4,12,16,87
04/21/2019,MFR,OR,ANM,WE,Federal Contract Tower,34,11,7,0,52,0,0,28,0,28,34,11,35,0,80,10,0,10,90
04/22/2019,MFR,OR,ANM,WE,Federal Contract Tower,33,20,17,0,70,0,1,35,0,36,33,21,52,0,106,0,0,0,106
04/23/2019,MFR,OR,ANM,WE,Federal Contract Tower,31,29,16,3,79,0,3,41,3,47,31,32,57,6,126,16,12,28,154
04/24/2019,MFR,OR,ANM,WE,Federal Contract Tower,29,25,14,4,72,0,6,60,3,69,29,31,74,7,141,18,4,22,163
04/25/2019,MFR,OR,ANM,WE,Federal Contract Tower,34,22,13,2,71,0,6,67,2,75,34,28,80,4,146,22,0,22,168
04/26/2019,MFR,OR,ANM,WE,Federal Contract Tower,31,22,14,0,67,0,11,77,5,93,31,33,91,5,160,2,4,6,166
04/27/2019,MFR,OR,ANM,WE,Federal Contract Tower,25,11,5,0,41,0,10,48,0,58,25,21,53,0,99,14,0,14,113
04/28/2019,MFR,OR,ANM,WE,Federal Contract Tower,33,10,22,0,65,0,5,52,4,61,33,15,74,4,126,12,0,12,138
04/29/2019,MFR,OR,ANM,WE,Federal Contract Tower,36,23,20,2,81,0,2,38,1,41,36,25,58,3,122,26,6,32,154
04/30/2019,MFR,OR,ANM,WE,Federal Contract Tower,34,19,10,0,63,0,5,50,0,55,34,24,60,0,118,10,0,10,128
05/01/2019,MFR,OR,ANM,WE,Federal Contract Tower,34,19,16,2,71,0,4,44,0,48,34,23,60,2,119,32,0,32,151
05/02/2019,MFR,OR,ANM,WE,Federal Contract Tower,40,21,11,0,72,0,4,43,0,47,40,25,54,0,119,20,0,20,139
05/03/2019,MFR,OR,ANM,WE,Federal Contract Tower,36,16,14,7,73,0,4,76,0,80,36,20,90,7,153,24,10,34,187
05/04/2019,MFR,OR,ANM,WE,Federal Contract Tower,30,16,9,1,56,0,5,48,0,53,30,21,57,1,109,20,0,20,129
05/05/2019,MFR,OR,ANM,WE,Federal Contract Tower,36,14,18,0,68,0,2,50,0,52,36,16,68,0,120,8,0,8,128
05/06/2019,MFR,OR,ANM,WE,Federal Contract Tower,35,18,20,1,74,0,3,60,2,65,35,21,80,3,139,14,0,14,153
05/07/2019,MFR,OR,ANM,WE,Federal Contract Tower,32,19,20,0,71,0,4,43,0,47,32,23,63,0,118,22,0,22,140
05/08/2019,MFR,OR,ANM,WE,Federal Contract Tower,33,24,18,3,78,0,2,34,3,39,33,26,52,6,117,26,0,26,143
05/09/2019,MFR,OR,ANM,WE,Federal Contract Tower,37,26,10,2,75,0,14,49,0,63,37,40,59,2,138,16,0,16,154
05/10/2019,MFR,OR,ANM,WE,Federal Contract Tower,36,24,13,0,73,0,5,58,0,63,36,29,71,0,136,10,0,10,146
05/11/2019,MFR,OR,ANM,WE,Federal Contract Tower,28,18,15,2,63,0,2,90,0,92,28,20,105,2,155,2,0,2,157
05/12/2019,MFR,OR,ANM,WE,Federal Contract Tower,39,12,15,0,66,0,2,55,0,57,39,14,70,0,123,8,0,8,131
05/13/2019,MFR,OR,ANM,WE,Federal Contract Tower,37,20,22,0,79,0,2,52,2,56,37,22,74,2,135,6,0,6,141
05/14/2019,MFR,OR,ANM,WE,Federal Contract Tower,35,26,24,0,85,0,4,12,0,16,35,30,36,0,101,2,0,2,103
05/15/2019,MFR,OR,ANM,WE,Federal Contract Tower,33,28,11,2,74,0,0,16,0,16,33,28,27,2,90,12,0,12,102
05/16/2019,MFR,OR,ANM,WE,Federal Contract Tower,37,21,23,0,81,0,4,16,0,20,37,25,39,0,101,8,0,8,109
05/17/2019,MFR,OR,ANM,WE,Federal Contract Tower,36,22,17,1,76,0,0,24,1,25,36,22,41,2,101,54,0,54,155
05/18/2019,MFR,OR,ANM,WE,Federal Contract Tower,32,11,6,0,49,0,1,11,0,12,32,12,17,0,61,10,0,10,71
05/19/2019,MFR,OR,ANM,WE,Federal Contract Tower,35,13,7,3,58,0,2,16,0,18,35,15,23,3,76,26,0,26,102
05/20/2019,MFR,OR,ANM,WE,Federal Contract Tower,35,22,15,2,74,0,5,39,0,44,35,27,54,2,118,44,0,44,162
05/21/2019,MFR,OR,ANM,WE,Federal Contract Tower,37,24,10,0,71,0,2,6,0,8,37,26,16,0,79,0,0,0,79
05/22/2019,MFR,OR,ANM,WE,Federal Contract Tower,34,30,17,0,81,0,0,17,0,17,34,30,34,0,98,22,0,22,120
05/23/2019,MFR,OR,ANM,WE,Federal Contract Tower,40,21,26,2,89,0,4,26,2,32,40,25,52,4,121,12,0,12,133
05/24/2019,MFR,OR,ANM,WE,Federal Contract Tower,38,20,23,0,81,0,1,52,0,53,38,21,75,0,134,34,0,34,168
05/25/2019,MFR,OR,ANM,WE,Federal Contract Tower,31,13,6,0,50,0,3,48,0,51,31,16,54,0,101,18,0,18,119
05/26/2019,MFR,OR,ANM,WE,Federal Contract Tower,32,11,17,0,60,0,1,10,0,11,32,12,27,0,71,2,0,2,73
05/27/2019,MFR,OR,ANM,WE,Federal Contract Tower,35,9,23,0,67,0,0,24,2,26,35,9,47,2,93,44,0,44,137
05/28/2019,MFR,OR,ANM,WE,Federal Contract Tower,37,16,11,0,64,0,2,20,0,22,37,18,31,0,86,24,0,24,110
05/29/2019,MFR,OR,ANM,WE,Federal Contract Tower,35,22,17,6,80,0,3,49,7,59,35,25,66,13,139,56,14,70,209
05/30/2019,MFR,OR,ANM,WE,Federal Contract Tower,42,24,21,0,87,0,5,70,0,75,42,29,91,0,162,20,0,20,182
05/31/2019,MFR,OR,ANM,WE,Federal Contract Tower,38,23,17,2,80,0,7,57,0,64,38,30,74,2,144,24,0,24,168
06/01/2019,MFR,OR,ANM,WE,Federal Contract Tower,36,14,11,0,61,0,5,42,0,47,36,19,53,0,108,10,0,10,118
06/02/2019,MFR,OR,ANM,WE,Federal Contract Tower,40,9,17,0,66,0,2,50,0,52,40,11,67,0,118,14,0,14,132
06/03/2019,MFR,OR,ANM,WE,Federal Contract Tower,38,17,13,0,68,0,1,49,0,50,38,18,62,0,118,10,0,10,128
06/04/2019,MFR,OR,ANM,WE,Federal Contract Tower,37,20,9,0,66,1,3,40,0,44,38,23,49,0,110,8,0,8,118
06/05/2019,MFR,OR,ANM,WE,Federal Contract Tower,36,22,17,0,75,0,3,24,0,27,36,25,41,0,102,10,0,10,112
06/06/2019,MFR,OR,ANM,WE,Federal Contract Tower,37,25,13,4,79,0,6,23,2,31,37,31,36,6,110,0,0,0,110
06/07/2019,MFR,OR,ANM,WE,Federal Contract Tower,34,32,21,0,87,0,39,0,0,39,34,71,21,0,126,18,0,18,144
06/08/2019,MFR,OR,ANM,WE,Federal Contract Tower,30,17,17,0,64,0,3,44,0,47,30,20,61,0,111,0,0,0,111
06/09/2019,MFR,OR,ANM,WE,Federal Contract Tower,38,12,15,0,65,0,1,48,0,49,38,13,63,0,114,4,4,8,122
06/10/2019,MFR,OR,ANM,WE,Federal Contract Tower,35,23,12,0,70,0,1,48,0,49,35,24,60,0,119,0,0,0,119
06/11/2019,MFR,OR,ANM,WE,Federal Contract Tower,35,27,6,0,68,1,7,50,0,58,36,34,56,0,126,14,0,14,140
06/12/2019,MFR,OR,ANM,WE,Federal Contract Tower,36,23,15,0,74,0,6,38,0,44,36,29,53,0,118,42,0,42,160
06/13/2019,MFR,OR,ANM,WE,Federal Contract Tower,39,26,26,0,91,0,5,35,0,40,39,31,61,0,131,20,0,20,151
06/14/2019,MFR,OR,ANM,WE,Federal Contract Tower,36,25,22,0,83,0,11,53,0,64,36,36,75,0,147,26,0,26,173
06/15/2019,MFR,OR,ANM,WE,Federal Contract Tower,35,17,11,0,63,0,4,48,0,52,35,21,59,0,115,12,0,12,127
06/16/2019,MFR,OR,ANM,WE,Federal Contract Tower,39,17,12,0,68,0,3,37,0,40,39,20,49,0,108,16,2,18,126
06/17/2019,MFR,OR,ANM,WE,Federal Contract Tower,33,19,25,2,79,9,15,50,2,76,42,34,75,4,155,34,2,36,191
06/18/2019,MFR,OR,ANM,WE,Federal Contract Tower,39,23,20,0,82,0,5,43,6,54,39,28,63,6,136,40,0,40,176
06/19/2019,MFR,OR,ANM,WE,Federal Contract Tower,34,24,19,0,77,1,4,52,4,61,35,28,71,4,138,6,0,6,144
06/20/2019,MFR,OR,ANM,WE,Federal Contract Tower,36,25,17,0,78,0,4,56,0,60,36,29,73,0,138,10,0,10,148
06/21/2019,MFR,OR,ANM,WE,Federal Contract Tower,40,25,20,2,87,0,3,55,0,58,40,28,75,2,145,32,0,32,177
06/22/2019,MFR,OR,ANM,WE,Federal Contract Tower,34,15,22,0,71,0,3,42,2,47,34,18,64,2,118,32,0,32,150
06/23/2019,MFR,OR,ANM,WE,Federal Contract Tower,37,15,21,0,73,0,2,44,0,46,37,17,65,0,119,20,0,20,139
06/24/2019,MFR,OR,ANM,WE,Federal Contract Tower,34,21,20,0,75,0,3,58,0,61,34,24,78,0,136,30,0,30,166
06/25/2019,MFR,OR,ANM,WE,Federal Contract Tower,44,26,11,4,85,0,3,50,0,53,44,29,61,4,138,30,0,30,168
06/26/2019,MFR,OR,ANM,WE,Federal Contract Tower,34,25,6,0,65,0,2,43,0,45,34,27,49,0,110,32,0,32,142
06/27/2019,MFR,OR,ANM,WE,Federal Contract Tower,38,24,21,0,83,0,14,35,0,49,38,38,56,0,132,24,0,24,156
06/28/2019,MFR,OR,ANM,WE,Federal Contract Tower,32,25,16,4,77,0,9,71,2,82,32,34,87,6,159,30,0,30,189
06/29/2019,MFR,OR,ANM,WE,Federal Contract Tower,32,18,16,4,70,0,5,33,3,41,32,23,49,7,111,12,0,12,123
06/30/2019,MFR,OR,ANM,WE,Federal Contract Tower,36,18,15,0,69,0,1,43,5,49,36,19,58,5,118,12,0,12,130
07/01/2019,MFR,OR,ANM,WE,Federal Contract Tower,37,22,19,1,79,0,4,44,1,49,37,26,63,2,128,36,0,36,164
07/02/2019,MFR,OR,ANM,WE,Federal Contract Tower,38,26,10,0,74,0,5,41,0,46,38,31,51,0,120,38,0,38,158
07/03/2019,MFR,OR,ANM,WE,Federal Contract Tower,34,30,14,2,80,0,4,83,0,87,34,34,97,2,167,48,0,48,215
07/04/2019,MFR,OR,ANM,WE,Federal Contract Tower,37,9,7,0,53,0,0,44,0,44,37,9,51,0,97,66,0,66,163
07/05/2019,MFR,OR,ANM,WE,Federal Contract Tower,31,22,18,0,71,0,4,71,0,75,31,26,89,0,146,76,0,76,222
07/06/2019,MFR,OR,ANM,WE,Federal Contract Tower,34,16,20,0,70,0,4,51,0,55,34,20,71,0,125,0,0,0,125
07/07/2019,MFR,OR,ANM,WE,Federal Contract Tower,37,14,19,0,70,0,9,40,0,49,37,23,59,0,119,10,0,10,129
07/08/2019,MFR,OR,ANM,WE,Federal Contract Tower,33,17,12,2,64,0,4,42,1,47,33,21,54,3,111,14,6,20,131
07/09/2019,MFR,OR,ANM,WE,Federal Contract Tower,39,23,21,0,83,0,3,41,2,46,39,26,62,2,129,54,2,56,185
07/10/2019,MFR,OR,ANM,WE,Federal Contract Tower,34,21,8,0,63,0,8,43,0,51,34,29,51,0,114,42,0,42,156
07/11/2019,MFR,OR,ANM,WE,Federal Contract Tower,39,20,13,0,72,0,11,52,0,63,39,31,65,0,135,10,0,10,145
07/12/2019,MFR,OR,ANM,WE,Federal Contract Tower,36,18,19,0,73,0,9,60,2,71,36,27,79,2,144,26,0,26,170
07/13/2019,MFR,OR,ANM,WE,Federal Contract Tower,35,15,12,0,62,0,10,44,0,54,35,25,56,0,116,22,0,22,138
07/14/2019,MFR,OR,ANM,WE,Federal Contract Tower,38,19,13,0,70,0,5,62,0,67,38,24,75,0,137,30,0,30,167
07/15/2019,MFR,OR,ANM,WE,Federal Contract Tower,39,17,28,2,86,0,4,58,2,64,39,21,86,4,150,46,6,52,202
07/16/2019,MFR,OR,ANM,WE,Federal Contract Tower,37,27,19,2,85,0,6,39,0,45,37,33,58,2,130,14,0,14,144
07/17/2019,MFR,OR,ANM,WE,Federal Contract Tower,33,24,13,2,72,0,8,48,0,56,33,32,61,2,128,14,0,14,142
07/18/2019,MFR,OR,ANM,WE,Federal Contract Tower,38,20,14,0,72,0,10,37,0,47,38,30,51,0,119,6,0,6,125
07/19/2019,MFR,OR,ANM,WE,Federal Contract Tower,37,19,12,0,68,0,4,54,0,58,37,23,66,0,126,44,0,44,170
07/20/2019,MFR,OR,ANM,WE,Federal Contract Tower,39,17,13,0,69,0,6,52,0,58,39,23,65,0,127,4,0,4,131
07/21/2019,MFR,OR,ANM,WE,Federal Contract Tower,41,19,19,0,79,0,0,68,0,68,41,19,87,0,147,18,0,18,165
07/22/2019,MFR,OR,ANM,WE,Federal Contract Tower,34,22,19,0,75,2,8,30,0,40,36,30,49,0,115,12,0,12,127
07/23/2019,MFR,OR,ANM,WE,Federal Contract Tower,38,32,11,10,91,0,4,31,0,35,38,36,42,10,126,12,4,16,142
07/24/2019,MFR,OR,ANM,WE,Federal Contract Tower,36,24,22,3,85,0,3,43,1,47,36,27,65,4,132,50,4,54,186
07/25/2019,MFR,OR,ANM,WE,Federal Contract Tower,36,27,15,2,80,10,32,60,0,102,46,59,75,2,182,34,0,34,216
07/26/2019,MFR,OR,ANM,WE,Federal Contract Tower,37,23,23,0,83,2,6,19,0,27,39,29,42,0,110,10,0,10,120
07/27/2019,MFR,OR,ANM,WE,Federal Contract Tower,31,24,23,0,78,2,29,21,0,52,33,53,44,0,130,0,0,0,130
07/28/2019,MFR,OR,ANM,WE,Federal Contract Tower,39,19,16,2,76,1,5,16,1,23,40,24,32,3,99,0,0,0,99
07/29/2019,MFR,OR,ANM,WE,Federal Contract Tower,37,26,34,1,98,0,0,19,0,19,37,26,53,1,117,16,0,16,133
07/30/2019,MFR,OR,ANM,WE,Federal Contract Tower,36,23,19,2,80,4,8,19,0,31,40,31,38,2,111,0,0,0,111
07/31/2019,MFR,OR,ANM,WE,Federal Contract Tower,36,24,8,0,68,0,2,32,0,34,36,26,40,0,102,6,0,6,108
08/01/2019,MFR,OR,ANM,WE,Federal Contract Tower,37,22,20,0,79,0,2,32,2,36,37,24,52,2,115,38,0,38,153
08/02/2019,MFR,OR,ANM,WE,Federal Contract Tower,32,23,14,0,69,17,50,42,0,109,49,73,56,0,178,38,0,38,216
08/03/2019,MFR,OR,ANM,WE,Federal Contract Tower,33,20,9,0,62,7,13,42,0,62,40,33,51,0,124,6,0,6,130
08/04/2019,MFR,OR,ANM,WE,Federal Contract Tower,35,18,18,0,71,4,8,31,0,43,39,26,49,0,114,12,0,12,126
08/05/2019,MFR,OR,ANM,WE,Federal Contract Tower,36,21,15,0,72,0,8,34,0,42,36,29,49,0,114,8,0,8,122
08/06/2019,MFR,OR,ANM,WE,Federal Contract Tower,39,24,11,0,74,5,11,22,2,40,44,35,33,2,114,2,0,2,116
08/07/2019,MFR,OR,ANM,WE,Federal Contract Tower,33,26,22,1,82,0,10,36,0,46,33,36,58,1,128,32,10,42,170
08/08/2019,MFR,OR,ANM,WE,Federal Contract Tower,38,23,17,0,78,0,8,36,2,46,38,31,53,2,124,36,0,36,160
08/09/2019,MFR,OR,ANM,WE,Federal Contract Tower,35,27,11,0,73,2,8,28,3,41,37,35,39,3,114,14,0,14,128
08/10/2019,MFR,OR,ANM,WE,Federal Contract Tower,36,21,12,2,71,0,5,24,0,29,36,26,36,2,100,12,0,12,112
08/11/2019,MFR,OR,ANM,WE,Federal Contract Tower,37,15,15,4,71,0,8,61,0,69,37,23,76,4,140,38,0,38,178
08/12/2019,MFR,OR,ANM,WE,Federal Contract Tower,37,23,18,4,82,0,3,59,0,62,37,26,77,4,144,22,0,22,166
08/13/2019,MFR,OR,ANM,WE,Federal Contract Tower,37,31,24,0,92,0,6,58,2,66,37,37,82,2,158,32,2,34,192
08/14/2019,MFR,OR,ANM,WE,Federal Contract Tower,33,25,14,0,72,0,5,50,0,55,33,30,64,0,127,24,0,24,151
08/15/2019,MFR,OR,ANM,WE,Federal Contract Tower,39,23,24,2,88,2,8,69,0,79,41,31,93,2,167,26,0,26,193
08/16/2019,MFR,OR,ANM,WE,Federal Contract Tower,35,24,12,2,73,0,6,46,0,52,35,30,58,2,125,42,0,42,167
08/17/2019,MFR,OR,ANM,WE,Federal Contract Tower,33,15,17,0,65,0,8,45,1,54,33,23,62,1,119,42,0,42,161
08/18/2019,MFR,OR,ANM,WE,Federal Contract Tower,37,16,14,0,67,0,4,48,0,52,37,20,62,0,119,38,0,38,157
08/19/2019,MFR,OR,ANM,WE,Federal Contract Tower,32,22,19,4,77,0,6,40,0,46,32,28,59,4,123,62,0,62,185
08/20/2019,MFR,OR,ANM,WE,Federal Contract Tower,37,28,20,0,85,0,6,47,0,53,37,34,67,0,138,14,0,14,152
08/21/2019,MFR,OR,ANM,WE,Federal Contract Tower,40,18,28,0,86,0,0,23,0,23,40,18,51,0,109,40,0,40,149
08/22/2019,MFR,OR,ANM,WE,Federal Contract Tower,37,24,24,5,90,0,4,47,0,51,37,28,71,5,141,30,0,30,171
08/23/2019,MFR,OR,ANM,WE,Federal Contract Tower,37,24,16,6,83,0,2,75,0,77,37,26,91,6,160,34,0,34,194
08/24/2019,MFR,OR,ANM,WE,Federal Contract Tower,32,10,17,0,59,2,8,56,0,66,34,18,73,0,125,52,0,52,177
08/25/2019,MFR,OR,ANM,WE,Federal Contract Tower,38,13,8,0,59,0,2,62,0,64,38,15,70,0,123,32,0,32,155
08/26/2019,MFR,OR,ANM,WE,Federal Contract Tower,33,22,17,0,72,0,2,54,2,58,33,24,71,2,130,54,0,54,184
08/27/2019,MFR,OR,ANM,WE,Federal Contract Tower,36,18,14,2,70,10,21,51,1,83,46,39,65,3,153,16,0,16,169
08/28/2019,MFR,OR,ANM,WE,Federal Contract Tower,33,23,21,0,77,2,11,40,0,53,35,34,61,0,130,12,0,12,142
08/29/2019,MFR,OR,ANM,WE,Federal Contract Tower,38,21,20,0,79,0,7,38,1,46,38,28,58,1,125,38,0,38,163
08/30/2019,MFR,OR,ANM,WE,Federal Contract Tower,37,18,26,0,81,0,5,61,0,66,37,23,87,0,147,62,0,62,209
08/31/2019,MFR,OR,ANM,WE,Federal Contract Tower,29,10,16,0,55,0,10,36,0,46,29,20,52,0,101,6,0,6,107
09/01/2019,MFR,OR,ANM,WE,Federal Contract Tower,31,7,10,0,48,1,6,38,0,45,32,13,48,0,93,14,0,14,107
09/02/2019,MFR,OR,ANM,WE,Federal Contract Tower,36,15,22,0,73,1,2,54,0,57,37,17,76,0,130,62,0,62,192
09/03/2019,MFR,OR,ANM,WE,Federal Contract Tower,38,17,11,0,66,0,5,34,0,39,38,22,45,0,105,18,0,18,123
09/04/2019,MFR,OR,ANM,WE,Federal Contract Tower,37,20,13,0,70,2,9,58,0,69,39,29,71,0,139,52,0,52,191
09/05/2019,MFR,OR,ANM,WE,Federal Contract Tower,40,23,16,0,79,0,21,32,0,53,40,44,48,0,132,16,0,16,148
09/06/2019,MFR,OR,ANM,WE,Federal Contract Tower,36,16,16,2,70,22,42,70,0,134,58,58,86,2,204,8,24,32,236
09/07/2019,MFR,OR,ANM,WE,Federal Contract Tower,37,10,10,0,57,17,20,27,0,64,54,30,37,0,121,84,0,84,205
09/08/2019,MFR,OR,ANM,WE,Federal Contract Tower,36,7,22,0,65,33,5,14,0,52,69,12,36,0,117,30,0,30,147
09/09/2019,MFR,OR,ANM,WE,Federal Contract Tower,34,17,22,0,73,10,8,33,2,53,44,25,55,2,126,38,0,38,164
09/10/2019,MFR,OR,ANM,WE,Federal Contract Tower,34,26,12,0,72,0,3,36,0,39,34,29,48,0,111,24,0,24,135
09/11/2019,MFR,OR,ANM,WE,Federal Contract Tower,37,23,15,0,75,0,9,46,0,55,37,32,61,0,130,72,0,72,202
09/12/2019,MFR,OR,ANM,WE,Federal Contract Tower,40,15,13,0,68,0,0,0,0,0,40,15,13,0,68,32,0,32,100
09/13/2019,MFR,OR,ANM,WE,Federal Contract Tower,44,16,10,0,70,0,3,48,0,51,44,19,58,0,121,4,0,4,125
09/14/2019,MFR,OR,ANM,WE,Federal Contract Tower,36,7,21,0,64,0,14,56,0,70,36,21,77,0,134,18,0,18,152
09/15/2019,MFR,OR,ANM,WE,Federal Contract Tower,39,17,20,0,76,1,1,17,0,19,40,18,37,0,95,24,0,24,119
09/16/2019,MFR,OR,ANM,WE,Federal Contract Tower,35,20,24,0,79,0,2,7,1,10,35,22,31,1,89,16,0,16,105
09/17/2019,MFR,OR,ANM,WE,Federal Contract Tower,37,26,13,0,76,0,2,11,1,14,37,28,24,1,90,42,0,42,132
09/18/2019,MFR,OR,ANM,WE,Federal Contract Tower,35,30,19,2,86,0,0,5,0,5,35,30,24,2,91,0,0,0,91
09/19/2019,MFR,OR,ANM,WE,Federal Contract Tower,38,25,26,2,91,0,5,31,1,37,38,30,57,3,128,38,0,38,166
09/20/2019,MFR,OR,ANM,WE,Federal Contract Tower,34,28,22,0,84,0,1,38,4,43,34,29,60,4,127,34,0,34,161
09/21/2019,MFR,OR,ANM,WE,Federal Contract Tower,34,12,20,0,66,2,5,45,0,52,36,17,65,0,118,32,0,32,150
09/22/2019,MFR,OR,ANM,WE,Federal Contract Tower,38,14,12,2,66,0,0,30,0,30,38,14,42,2,96,44,0,44,140
09/23/2019,MFR,OR,ANM,WE,Federal Contract Tower,36,23,15,0,74,0,6,26,0,32,36,29,41,0,106,28,0,28,134
09/24/2019,MFR,OR,ANM,WE,Federal Contract Tower,36,23,13,3,75,1,1,42,2,46,37,24,55,5,121,30,0,30,151
09/25/2019,MFR,OR,ANM,WE,Federal Contract Tower,37,26,25,4,92,1,10,30,1,42,38,36,55,5,134,18,0,18,152
09/26/2019,MFR,OR,ANM,WE,Federal Contract Tower,41,20,12,0,73,0,3,68,7,78,41,23,80,7,151,16,0,16,167
09/27/2019,MFR,OR,ANM,WE,Federal Contract Tower,39,18,16,1,74,0,4,24,0,28,39,22,40,1,102,8,0,8,110
09/28/2019,MFR,OR,ANM,WE,Federal Contract Tower,31,14,8,0,53,0,2,12,2,16,31,16,20,2,69,22,0,22,91
09/29/2019,MFR,OR,ANM,WE,Federal Contract Tower,37,12,18,0,67,0,0,2,0,2,37,12,20,0,69,0,0,0,69
09/30/2019,MFR,OR,ANM,WE,Federal Contract Tower,39,10,26,0,75,0,2,18,0,20,39,12,44,0,95,58,0,58,153
10/01/2019,MFR,OR,ANM,WE,Federal Contract Tower,38,19,20,2,79,0,8,38,0,46,38,27,58,2,125,10,0,10,135
10/02/2019,MFR,OR,ANM,WE,Federal Contract Tower,38,19,15,4,76,0,8,41,3,52,38,27,56,7,128,40,0,40,168
10/03/2019,MFR,OR,ANM,WE,Federal Contract Tower,38,26,11,0,75,0,0,24,0,24,38,26,35,0,99,6,0,6,105
10/04/2019,MFR,OR,ANM,WE,Federal Contract Tower,40,21,16,2,79,0,0,30,0,30,40,21,46,2,109,2,0,2,111
10/05/2019,MFR,OR,ANM,WE,Federal Contract Tower,36,12,13,0,61,0,1,27,0,28,36,13,40,0,89,44,0,44,133
10/06/2019,MFR,OR,ANM,WE,Federal Contract Tower,34,11,12,4,61,0,0,49,0,49,34,11,61,4,110,18,0,18,128
10/07/2019,MFR,OR,ANM,WE,Federal Contract Tower,37,17,20,2,76,0,2,52,0,54,37,19,72,2,130,48,0,48,178
10/08/2019,MFR,OR,ANM,WE,Federal Contract Tower,36,26,19,0,81,0,1,30,0,31,36,27,49,0,112,20,0,20,132
10/09/2019,MFR,OR,ANM,WE,Federal Contract Tower,36,26,26,2,90,0,5,49,0,54,36,31,75,2,144,44,0,44,188
10/10/2019,MFR,OR,ANM,WE,Federal Contract Tower,36,22,12,4,74,0,9,40,1,50,36,31,52,5,124,10,12,22,146
10/11/2019,MFR,OR,ANM,WE,Federal Contract Tower,36,17,8,0,61,0,3,81,1,85,36,20,89,1,146,48,0,48,194
10/12/2019,MFR,OR,ANM,WE,Federal Contract Tower,33,13,13,0,59,0,5,35,0,40,33,18,48,0,99,4,0,4,103
10/13/2019,MFR,OR,ANM,WE,Federal Contract Tower,38,9,15,2,64,0,3,54,4,61,38,12,69,6,125,22,0,22,147
10/14/2019,MFR,OR,ANM,WE,Federal Contract Tower,42,24,21,5,92,0,2,45,3,50,42,26,66,8,142,18,4,22,164
10/15/2019,MFR,OR,ANM,WE,Federal Contract Tower,40,23,7,8,78,0,5,25,3,33,40,28,32,11,111,8,12,20,131
10/16/2019,MFR,OR,ANM,WE,Federal Contract Tower,36,24,12,0,72,0,1,28,0,29,36,25,40,0,101,32,0,32,133
10/17/2019,MFR,OR,ANM,WE,Federal Contract Tower,37,30,21,0,88,0,5,21,1,27,37,35,42,1,115,62,0,62,177
10/18/2019,MFR,OR,ANM,WE,Federal Contract Tower,36,36,21,2,95,0,0,16,0,16,36,36,37,2,111,0,0,0,111
10/19/2019,MFR,OR,ANM,WE,Federal Contract Tower,32,10,3,0,45,0,2,12,0,14,32,12,15,0,59,0,0,0,59
10/20/2019,MFR,OR,ANM,WE,Federal Contract Tower,39,12,14,0,65,0,2,23,0,25,39,14,37,0,90,56,0,56,146
10/21/2019,MFR,OR,ANM,WE,Federal Contract Tower,34,20,21,2,77,0,3,49,0,52,34,23,70,2,129,30,6,36,165
10/22/2019,MFR,OR,ANM,WE,Federal Contract Tower,35,26,10,0,71,0,1,30,2,33,35,27,40,2,104,30,0,30,134
10/23/2019,MFR,OR,ANM,WE,Federal Contract Tower,33,26,20,5,84,0,10,29,7,46,33,36,49,12,130,10,10,20,150
10/24/2019,MFR,OR,ANM,WE,Federal Contract Tower,42,25,9,6,82,0,7,42,9,58,42,32,51,15,140,14,10,24,164
10/25/2019,MFR,OR,ANM,WE,Federal Contract Tower,35,19,18,0,72,0,6,74,0,80,35,25,92,0,152,66,0,66,218
10/26/2019,MFR,OR,ANM,WE,Federal Contract Tower,32,11,7,0,50,0,2,27,1,30,32,13,34,1,80,12,0,12,92
10/27/2019,MFR,OR,ANM,WE,Federal Contract Tower,39,11,10,0,60,0,1,26,0,27,39,12,36,0,87,12,0,12,99
10/28/2019,MFR,OR,ANM,WE,Federal Contract Tower,36,19,8,0,63,0,0,61,0,61,36,19,69,0,124,20,0,20,144
10/29/2019,MFR,OR,ANM,WE,Federal Contract Tower,32,23,13,0,68,0,4,29,0,33,32,27,42,0,101,2,0,2,103
10/30/2019,MFR,OR,ANM,WE,Federal Contract Tower,35,23,9,4,71,0,4,27,0,31,35,27,36,4,102,14,0,14,116
10/31/2019,MFR,OR,ANM,WE,Federal Contract Tower,32,19,18,0,69,0,7,45,0,52,32,26,63,0,121,30,0,30,151
11/01/2019,MFR,OR,ANM,WE,Federal Contract Tower,33,24,11,0,68,0,5,50,0,55,33,29,61,0,123,44,0,44,167
11/02/2019,MFR,OR,ANM,WE,Federal Contract Tower,30,15,6,1,52,0,5,45,1,51,30,20,51,2,103,8,0,8,111
11/03/2019,MFR,OR,ANM,WE,Federal Contract Tower,37,14,10,0,61,0,3,51,2,56,37,17,61,2,117,44,0,44,161
11/04/2019,MFR,OR,ANM,WE,Federal Contract Tower,32,28,16,0,76,0,4,56,1,61,32,32,72,1,137,32,0,32,169
11/05/2019,MFR,OR,ANM,WE,Federal Contract Tower,29,25,13,8,75,0,2,36,0,38,29,27,49,8,113,20,0,20,133
11/06/2019,MFR,OR,ANM,WE,Federal Contract Tower,29,29,16,0,74,0,4,53,0,57,29,33,69,0,131,40,0,40,171
11/07/2019,MFR,OR,ANM,WE,Federal Contract Tower,33,25,15,2,75,0,6,36,0,42,33,31,51,2,117,24,0,24,141
11/08/2019,MFR,OR,ANM,WE,Federal Contract Tower,30,20,11,7,68,0,9,42,4,55,30,29,53,11,123,32,6,38,161
11/09/2019,MFR,OR,ANM,WE,Federal Contract Tower,29,16,5,0,50,0,4,39,1,44,29,20,44,1,94,12,0,12,106
11/10/2019,MFR,OR,ANM,WE,Federal Contract Tower,33,11,12,0,56,0,2,34,1,37,33,13,46,1,93,10,0,10,103
11/11/2019,MFR,OR,ANM,WE,Federal Contract Tower,31,17,19,0,67,0,1,46,0,47,31,18,65,0,114,34,0,34,148
11/12/2019,MFR,OR,ANM,WE,Federal Contract Tower,29,25,11,0,65,0,4,38,0,42,29,29,49,0,107,14,0,14,121
11/13/2019,MFR,OR,ANM,WE,Federal Contract Tower,30,24,9,0,63,0,2,36,0,38,30,26,45,0,101,42,0,42,143
11/14/2019,MFR,OR,ANM,WE,Federal Contract Tower,33,24,18,1,76,0,2,40,2,44,33,26,58,3,120,18,6,24,144
11/15/2019,MFR,OR,ANM,WE,Federal Contract Tower,30,27,13,5,75,0,1,22,3,26,30,28,35,8,101,52,16,68,169
11/16/2019,MFR,OR,ANM,WE,Federal Contract Tower,29,23,18,0,70,0,0,23,0,23,29,23,41,0,93,24,0,24,117
11/17/2019,MFR,OR,ANM,WE,Federal Contract Tower,36,13,10,0,59,0,1,37,0,38,36,14,47,0,97,32,0,32,129
11/18/2019,MFR,OR,ANM,WE,Federal Contract Tower,31,36,14,0,81,0,2,40,0,42,31,38,54,0,123,38,16,54,177
11/19/2019,MFR,OR,ANM,WE,Federal Contract Tower,30,32,15,2,79,0,3,2,0,5,30,35,17,2,84,0,0,0,84
11/20/2019,MFR,OR,ANM,WE,Federal Contract Tower,33,36,5,2,76,0,1,14,0,15,33,37,19,2,91,46,6,52,143
11/21/2019,MFR,OR,ANM,WE,Federal Contract Tower,33,25,11,0,69,0,2,56,0,58,33,27,67,0,127,16,0,16,143
11/22/2019,MFR,OR,ANM,WE,Federal Contract Tower,28,27,11,1,67,0,5,54,1,60,28,32,65,2,127,14,2,16,143
11/23/2019,MFR,OR,ANM,WE,Federal Contract Tower,31,17,11,0,59,0,1,42,0,43,31,18,53,0,102,58,0,58,160
11/24/2019,MFR,OR,ANM,WE,Federal Contract Tower,36,14,17,0,67,0,0,24,0,24,36,14,41,0,91,74,0,74,165
11/25/2019,MFR,OR,ANM,WE,Federal Contract Tower,31,22,6,0,59,0,4,8,0,12,31,26,14,0,71,20,0,20,91
11/26/2019,MFR,OR,ANM,WE,Federal Contract Tower,34,22,7,0,63,0,0,0,0,0,34,22,7,0,63,0,0,0,63
11/27/2019,MFR,OR,ANM,WE,Federal Contract Tower,33,25,10,0,68,0,0,3,0,3,33,25,13,0,71,22,0,22,93
11/28/2019,MFR,OR,ANM,WE,Federal Contract Tower,21,8,7,0,36,0,1,17,0,18,21,9,24,0,54,96,0,96,150
11/29/2019,MFR,OR,ANM,WE,Federal Contract Tower,20,23,14,0,57,0,0,13,0,13,20,23,27,0,70,30,0,30,100
11/30/2019,MFR,OR,ANM,WE,Federal Contract Tower,32,19,10,0,61,0,2,10,0,12,32,21,20,0,73,12,0,12,85
12/01/2019,MFR,OR,ANM,WE,Federal Contract Tower,32,8,9,0,49,0,4,11,0,15,32,12,20,0,64,0,0,0,64
12/02/2019,MFR,OR,ANM,WE,Federal Contract Tower,32,22,10,0,64,0,0,30,0,30,32,22,40,0,94,44,0,44,138
12/03/2019,MFR,OR,ANM,WE,Federal Contract Tower,29,24,13,10,76,0,0,23,1,24,29,24,36,11,100,14,4,18,118
12/04/2019,MFR,OR,ANM,WE,Federal Contract Tower,27,32,14,8,81,0,1,6,0,7,27,33,20,8,88,8,0,8,96
12/05/2019,MFR,OR,ANM,WE,Federal Contract Tower,34,33,20,0,87,0,0,7,0,7,34,33,27,0,94,16,0,16,110
12/06/2019,MFR,OR,ANM,WE,Federal Contract Tower,26,27,9,0,62,0,2,7,0,9,26,29,16,0,71,0,0,0,71
12/07/2019,MFR,OR,ANM,WE,Federal Contract Tower,22,23,5,0,50,0,0,2,0,2,22,23,7,0,52,10,0,10,62
12/08/2019,MFR,OR,ANM,WE,Federal Contract Tower,33,12,5,0,50,0,0,26,0,26,33,12,31,0,76,16,0,16,92
12/09/2019,MFR,OR,ANM,WE,Federal Contract Tower,24,28,15,4,71,0,3,37,2,42,24,31,52,6,113,36,10,46,159
12/10/2019,MFR,OR,ANM,WE,Federal Contract Tower,25,29,11,0,65,0,0,2,0,2,25,29,13,0,67,0,0,0,67
12/11/2019,MFR,OR,ANM,WE,Federal Contract Tower,24,28,26,0,78,0,0,0,0,0,24,28,26,0,78,0,0,0,78
12/12/2019,MFR,OR,ANM,WE,Federal Contract Tower,29,40,9,0,78,0,0,0,0,0,29,40,9,0,78,0,0,0,78
12/13/2019,MFR,OR,ANM,WE,Federal Contract Tower,30,34,15,0,79,0,0,2,0,2,30,34,17,0,81,0,0,0,81
12/14/2019,MFR,OR,ANM,WE,Federal Contract Tower,22,24,10,0,56,0,0,2,0,2,22,24,12,0,58,16,0,16,74
12/15/2019,MFR,OR,ANM,WE,Federal Contract Tower,29,16,20,0,65,0,0,17,0,17,29,16,37,0,82,56,0,56,138
12/16/2019,MFR,OR,ANM,WE,Federal Contract Tower,27,25,13,0,65,0,3,44,0,47,27,28,57,0,112,28,0,28,140
12/17/2019,MFR,OR,ANM,WE,Federal Contract Tower,25,39,8,2,74,0,3,21,0,24,25,42,29,2,98,24,0,24,122
12/18/2019,MFR,OR,ANM,WE,Federal Contract Tower,26,38,7,0,71,0,2,29,0,31,26,40,36,0,102,94,0,94,196
12/19/2019,MFR,OR,ANM,WE,Federal Contract Tower,31,30,10,0,71,0,0,3,0,3,31,30,13,0,74,6,0,6,80
12/20/2019,MFR,OR,ANM,WE,Federal Contract Tower,33,33,7,0,73,0,3,26,0,29,33,36,33,0,102,60,0,60,162
12/21/2019,MFR,OR,ANM,WE,Federal Contract Tower,33,21,7,0,61,0,4,1,0,5,33,25,8,0,66,0,0,0,66
12/22/2019,MFR,OR,ANM,WE,Federal Contract Tower,36,14,4,0,54,0,1,4,0,5,36,15,8,0,59,0,0,0,59
12/23/2019,MFR,OR,ANM,WE,Federal Contract Tower,26,36,14,0,76,0,1,47,0,48,26,37,61,0,124,30,0,30,154
12/24/2019,MFR,OR,ANM,WE,Federal Contract Tower,37,25,9,0,71,0,0,7,0,7,37,25,16,0,78,4,0,4,82
12/25/2019,MFR,OR,ANM,WE,Federal Contract Tower,28,14,2,0,44,0,0,0,0,0,28,14,2,0,44,0,0,0,44
12/26/2019,MFR,OR,ANM,WE,Federal Contract Tower,32,24,18,0,74,0,1,36,0,37,32,25,54,0,111,26,0,26,137
12/27/2019,MFR,OR,ANM,WE,Federal Contract Tower,28,34,6,0,68,0,1,14,2,17,28,35,20,2,85,18,0,18,103
12/28/2019,MFR,OR,ANM,WE,Federal Contract Tower,31,20,10,0,61,0,4,16,0,20,31,24,26,0,81,26,0,26,107
12/29/2019,MFR,OR,ANM,WE,Federal Contract Tower,30,19,10,0,59,0,0,0,0,0,30,19,10,0,59,0,0,0,59
12/30/2019,MFR,OR,ANM,WE,Federal Contract Tower,31,31,12,0,74,0,0,3,0,3,31,31,15,0,77,10,0,10,87
12/31/2019,MFR,OR,ANM,WE,Federal Contract Tower,29,33,6,0,68,0,0,10,0,10,29,33,16,0,78,0,0,0,78
01/01/2020,MFR,OR,ANM,WE,Federal Contract Tower,25,10,4,0,39,0,0,10,0,10,25,10,14,0,49,0,0,0,49
01/02/2020,MFR,OR,ANM,WE,Federal Contract Tower,33,30,14,0,77,0,1,32,0,33,33,31,46,0,110,36,0,36,146
01/03/2020,MFR,OR,ANM,WE,Federal Contract Tower,29,27,13,2,71,0,3,14,0,17,29,30,27,2,88,2,0,2,90
01/04/2020,MFR,OR,ANM,WE,Federal Contract Tower,30,14,8,3,55,0,1,17,2,20,30,15,25,5,75,50,12,62,137
01/05/2020,MFR,OR,ANM,WE,Federal Contract Tower,33,10,6,0,49,0,2,0,4,6,33,12,6,4,55,0,0,0,55
01/06/2020,MFR,OR,ANM,WE,Federal Contract Tower,31,21,12,10,74,0,1,36,0,37,31,22,48,10,111,36,0,36,147
01/07/2020,MFR,OR,ANM,WE,Federal Contract Tower,20,36,44,0,100,0,0,1,1,2,20,36,45,1,102,0,0,0,102
01/08/2020,MFR,OR,ANM,WE,Federal Contract Tower,27,29,11,0,67,0,0,8,0,8,27,29,19,0,75,34,0,34,109
01/09/2020,MFR,OR,ANM,WE,Federal Contract Tower,26,34,6,0,66,0,0,11,0,11,26,34,17,0,77,24,0,24,101
01/10/2020,MFR,OR,ANM,WE,Federal Contract Tower,22,25,12,6,65,0,0,22,0,22,22,25,34,6,87,44,10,54,141
01/11/2020,MFR,OR,ANM,WE,Federal Contract Tower,18,21,11,0,50,0,1,5,0,6,18,22,16,0,56,20,0,20,76
01/12/2020,MFR,OR,ANM,WE,Federal Contract Tower,31,8,9,0,48,0,0,0,0,0,31,8,9,0,48,0,0,0,48
01/13/2020,MFR,OR,ANM,WE,Federal Contract Tower,20,24,7,0,51,0,1,0,0,1,20,25,7,0,52,0,0,0,52
01/14/2020,MFR,OR,ANM,WE,Federal Contract Tower,23,37,10,2,72,0,0,0,0,0,23,37,10,2,72,0,0,0,72
01/15/2020,MFR,OR,ANM,WE,Federal Contract Tower,22,27,8,0,57,0,0,6,0,6,22,27,14,0,63,6,0,6,69
01/16/2020,MFR,OR,ANM,WE,Federal Contract Tower,26,30,11,0,67,0,0,0,0,0,26,30,11,0,67,0,0,0,67
01/17/2020,MFR,OR,ANM,WE,Federal Contract Tower,22,28,14,0,64,0,1,8,0,9,22,29,22,0,73,0,0,0,73
01/18/2020,MFR,OR,ANM,WE,Federal Contract Tower,22,16,5,0,43,0,0,19,0,19,22,16,24,0,62,40,0,40,102
01/19/2020,MFR,OR,ANM,WE,Federal Contract Tower,27,10,13,0,50,0,0,19,0,19,27,10,32,0,69,14,0,14,83
01/20/2020,MFR,OR,ANM,WE,Federal Contract Tower,26,26,11,0,63,0,4,31,0,35,26,30,42,0,98,62,0,62,160
01/21/2020,MFR,OR,ANM,WE,Federal Contract Tower,23,22,18,0,63,0,1,7,0,8,23,23,25,0,71,16,0,16,87
01/22/2020,MFR,OR,ANM,WE,Federal Contract Tower,24,25,21,0,70,0,0,4,0,4,24,25,25,0,74,28,0,28,102
01/23/2020,MFR,OR,ANM,WE,Federal Contract Tower,28,31,12,0,71,0,0,4,0,4,28,31,16,0,75,24,0,24,99
01/24/2020,MFR,OR,ANM,WE,Federal Contract Tower,24,28,10,5,67,0,1,19,0,20,24,29,29,5,87,52,0,52,139
01/25/2020,MFR,OR,ANM,WE,Federal Contract Tower,22,21,12,0,55,0,0,0,0,0,22,21,12,0,55,0,0,0,55
01/26/2020,MFR,OR,ANM,WE,Federal Contract Tower,31,9,7,0,47,0,0,24,0,24,31,9,31,0,71,30,0,30,101
01/27/2020,MFR,OR,ANM,WE,Federal Contract Tower,25,24,25,2,76,0,2,8,0,10,25,26,33,2,86,32,0,32,118
01/28/2020,MFR,OR,ANM,WE,Federal Contract Tower,24,24,7,0,55,0,0,20,0,20,24,24,27,0,75,34,0,34,109
01/29/2020,MFR,OR,ANM,WE,Federal Contract Tower,23,25,20,7,75,0,1,21,0,22,23,26,41,7,97,10,0,10,107
01/30/2020,MFR,OR,ANM,WE,Federal Contract Tower,27,29,23,8,87,0,0,1,0,1,27,29,24,8,88,0,0,0,88
01/31/2020,MFR,OR,ANM,WE,Federal Contract Tower,22,31,14,0,67,0,0,10,0,10,22,31,24,0,77,4,0,4,81
02/01/2020,MFR,OR,ANM,WE,Federal Contract Tower,21,16,6,0,43,0,0,6,0,6,21,16,12,0,49,18,0,18,67
02/02/2020,MFR,OR,ANM,WE,Federal Contract Tower,27,16,3,0,46,0,0,4,0,4,27,16,7,0,50,22,0,22,72
02/03/2020,MFR,OR,ANM,WE,Federal Contract Tower,23,28,8,3,62,0,0,6,0,6,23,28,14,3,68,0,0,0,68
02/04/2020,MFR,OR,ANM,WE,Federal Contract Tower,23,28,18,1,70,0,5,27,2,34,23,33,45,3,104,10,0,10,114
02/05/2020,MFR,OR,ANM,WE,Federal Contract Tower,26,28,7,0,61,0,0,15,0,15,26,28,22,0,76,14,0,14,90
02/06/2020,MFR,OR,ANM,WE,Federal Contract Tower,28,24,22,0,74,0,0,1,0,1,28,24,23,0,75,0,0,0,75
02/07/2020,MFR,OR,ANM,WE,Federal Contract Tower,23,25,13,0,61,0,1,21,0,22,23,26,34,0,83,16,0,16,99
02/08/2020,MFR,OR,ANM,WE,Federal Contract Tower,24,15,3,2,44,0,1,4,0,5,24,16,7,2,49,2,0,2,51
02/09/2020,MFR,OR,ANM,WE,Federal Contract Tower,29,18,21,0,68,0,4,60,0,64,29,22,81,0,132,2,0,2,134
02/10/2020,MFR,OR,ANM,WE,Federal Contract Tower,22,25,13,0,60,0,1,41,0,42,22,26,54,0,102,38,0,38,140
02/11/2020,MFR,OR,ANM,WE,Federal Contract Tower,24,30,6,18,78,0,0,47,6,53,24,30,53,24,131,34,0,34,165
02/12/2020,MFR,OR,ANM,WE,Federal Contract Tower,24,24,8,4,60,0,1,47,0,48,24,25,55,4,108,40,0,40,148
02/13/2020,MFR,OR,ANM,WE,Federal Contract Tower,26,27,12,2,67,0,1,36,0,37,26,28,48,2,104,26,0,26,130
02/14/2020,MFR,OR,ANM,WE,Federal Contract Tower,33,20,11,0,64,0,3,32,0,35,33,23,43,0,99,42,0,42,141
02/15/2020,MFR,OR,ANM,WE,Federal Contract Tower,19,17,7,0,43,0,1,14,0,15,19,18,21,0,58,2,0,2,60
02/16/2020,MFR,OR,ANM,WE,Federal Contract Tower,25,13,7,0,45,0,0,7,0,7,25,13,14,0,52,10,0,10,62
02/17/2020,MFR,OR,ANM,WE,Federal Contract Tower,27,20,22,0,69,0,1,43,0,44,27,21,65,0,113,16,0,16,129
02/18/2020,MFR,OR,ANM,WE,Federal Contract Tower,23,25,12,0,60,0,4,48,0,52,23,29,60,0,112,26,0,26,138
02/19/2020,MFR,OR,ANM,WE,Federal Contract Tower,26,21,11,7,65,0,5,44,3,52,26,26,55,10,117,36,28,64,181
02/20/2020,MFR,OR,ANM,WE,Federal Contract Tower,24,26,14,0,64,0,6,50,0,56,24,32,64,0,120,18,0,18,138
02/21/2020,MFR,OR,ANM,WE,Federal Contract Tower,27,20,19,0,66,0,5,43,0,48,27,25,62,0,114,26,0,26,140
02/22/2020,MFR,OR,ANM,WE,Federal Contract Tower,20,21,11,4,56,0,3,34,0,37,20,24,45,4,93,20,0,20,113
02/23/2020,MFR,OR,ANM,WE,Federal Contract Tower,24,14,19,0,57,0,0,19,0,19,24,14,38,0,76,18,0,18,94
02/24/2020,MFR,OR,ANM,WE,Federal Contract Tower,25,18,17,0,60,0,0,44,0,44,25,18,61,0,104,46,0,46,150
02/25/2020,MFR,OR,ANM,WE,Federal Contract Tower,24,27,16,1,68,0,2,43,0,45,24,29,59,1,113,68,0,68,181
02/26/2020,MFR,OR,ANM,WE,Federal Contract Tower,31,24,8,1,64,0,5,53,4,62,31,29,61,5,126,18,0,18,144
02/27/2020,MFR,OR,ANM,WE,Federal Contract Tower,24,25,7,0,56,0,3,50,2,55,24,28,57,2,111,42,0,42,153
02/28/2020,MFR,OR,ANM,WE,Federal Contract Tower,32,26,22,0,80,0,2,51,2,55,32,28,73,2,135,16,0,16,151
02/29/2020,MFR,OR,ANM,WE,Federal Contract Tower,22,24,13,0,59,0,2,11,1,14,22,26,24,1,73,4,0,4,77
03/01/2020,MFR,OR,ANM,WE,Federal Contract Tower,30,16,9,0,55,0,2,33,3,38,30,18,42,3,93,0,0,0,93
03/02/2020,MFR,OR,ANM,WE,Federal Contract Tower,27,20,9,10,66,0,0,17,0,17,27,20,26,10,83,14,10,24,107
03/03/2020,MFR,OR,ANM,WE,Federal Contract Tower,23,29,10,0,62,0,3,42,2,47,23,32,52,2,109,48,4,52,161
03/04/2020,MFR,OR,ANM,WE,Federal Contract Tower,27,25,5,0,57,0,5,35,1,41,27,30,40,1,98,18,0,18,116
03/05/2020,MFR,OR,ANM,WE,Federal Contract Tower,23,27,9,0,59,0,4,50,0,54,23,31,59,0,113,28,0,28,141
03/06/2020,MFR,OR,ANM,WE,Federal Contract Tower,29,23,12,2,66,0,1,15,0,16,29,24,27,2,82,6,0,6,88
03/07/2020,MFR,OR,ANM,WE,Federal Contract Tower,18,21,14,0,53,0,0,4,0,4,18,21,18,0,57,0,0,0,57
03/08/2020,MFR,OR,ANM,WE,Federal Contract Tower,24,12,8,4,48,0,0,6,0,6,24,12,14,4,54,0,0,0,54
03/09/2020,MFR,OR,ANM,WE,Federal Contract Tower,23,25,10,0,58,0,2,23,2,27,23,27,33,2,85,16,0,16,101
03/10/2020,MFR,OR,ANM,WE,Federal Contract Tower,23,27,16,1,67,0,3,69,5,77,23,30,85,6,144,34,0,34,178
03/11/2020,MFR,OR,ANM,WE,Federal Contract Tower,22,22,23,1,68,0,5,41,0,46,22,27,64,1,114,28,0,28,142
03/12/2020,MFR,OR,ANM,WE,Federal Contract Tower,23,24,16,4,67,0,4,69,4,77,23,28,85,8,144,8,0,8,152
03/13/2020,MFR,OR,ANM,WE,Federal Contract Tower,27,23,6,0,56,0,5,25,1,31,27,28,31,1,87,4,0,4,91
03/14/2020,MFR,OR,ANM,WE,Federal Contract Tower,19,18,12,0,49,0,1,1,0,2,19,19,13,0,51,0,0,0,51
03/15/2020,MFR,OR,ANM,WE,Federal Contract Tower,31,12,11,0,54,0,0,11,0,11,31,12,22,0,65,8,0,8,73
03/16/2020,MFR,OR,ANM,WE,Federal Contract Tower,28,24,11,0,63,0,1,15,0,16,28,25,26,0,79,26,0,26,105
03/17/2020,MFR,OR,ANM,WE,Federal Contract Tower,23,31,8,0,62,0,0,4,0,4,23,31,12,0,66,6,0,6,72
03/18/2020,MFR,OR,ANM,WE,Federal Contract Tower,26,28,5,0,59,0,2,25,0,27,26,30,30,0,86,38,0,38,124
03/19/2020,MFR,OR,ANM,WE,Federal Contract Tower,20,25,8,0,53,0,12,43,0,55,20,37,51,0,108,38,0,38,146
03/20/2020,MFR,OR,ANM,WE,Federal Contract Tower,22,22,7,0,51,0,4,37,0,41,22,26,44,0,92,32,0,32,124
03/21/2020,MFR,OR,ANM,WE,Federal Contract Tower,21,13,2,0,36,0,1,41,0,42,21,14,43,0,78,64,0,64,142
03/22/2020,MFR,OR,ANM,WE,Federal Contract Tower,24,7,7,1,39,0,1,59,0,60,24,8,66,1,99,24,6,30,129
03/23/2020,MFR,OR,ANM,WE,Federal Contract Tower,25,20,2,0,47,0,0,7,1,8,25,20,9,1,55,12,0,12,67
03/24/2020,MFR,OR,ANM,WE,Federal Contract Tower,21,22,15,0,58,0,0,5,1,6,21,22,20,1,64,0,0,0,64
03/25/2020,MFR,OR,ANM,WE,Federal Contract Tower,16,18,0,2,36,0,2,7,2,11,16,20,7,4,47,6,28,34,81
03/26/2020,MFR,OR,ANM,WE,Federal Contract Tower,16,18,6,0,40,0,0,18,0,18,16,18,24,0,58,22,0,22,80
03/27/2020,MFR,OR,ANM,WE,Federal Contract Tower,21,17,5,0,43,0,2,4,0,6,21,19,9,0,49,0,0,0,49
03/28/2020,MFR,OR,ANM,WE,Federal Contract Tower,18,13,5,0,36,0,1,6,0,7,18,14,11,0,43,16,0,16,59
03/29/2020,MFR,OR,ANM,WE,Federal Contract Tower,17,6,3,0,26,0,0,4,0,4,17,6,7,0,30,0,0,0,30
03/30/2020,MFR,OR,ANM,WE,Federal Contract Tower,18,17,8,0,43,0,0,1,0,1,18,17,9,0,44,0,0,0,44
03/31/2020,MFR,OR,ANM,WE,Federal Contract Tower,17,18,5,0,40,0,0,2,0,2,17,18,7,0,42,0,0,0,42
04/01/2020,MFR,OR,ANM,WE,Federal Contract Tower,18,14,4,0,36,0,1,10,0,11,18,15,14,0,47,18,0,18,65
04/02/2020,MFR,OR,ANM,WE,Federal Contract Tower,19,14,3,0,36,0,2,24,0,26,19,16,27,0,62,32,0,32,94
04/03/2020,MFR,OR,ANM,WE,Federal Contract Tower,19,14,4,0,37,0,2,25,2,29,19,16,29,2,66,6,4,10,76
04/04/2020,MFR,OR,ANM,WE,Federal Contract Tower,14,14,4,0,32,0,2,0,0,2,14,16,4,0,34,0,0,0,34
04/05/2020,MFR,OR,ANM,WE,Federal Contract Tower,20,4,2,0,26,0,2,0,0,2,20,6,2,0,28,0,0,0,28
04/06/2020,MFR,OR,ANM,WE,Federal Contract Tower,16,13,5,0,34,0,7,9,0,16,16,20,14,0,50,14,0,14,64
04/07/2020,MFR,OR,ANM,WE,Federal Contract Tower,13,14,2,0,29,0,7,30,0,37,13,21,32,0,66,14,0,14,80
04/08/2020,MFR,OR,ANM,WE,Federal Contract Tower,15,16,5,1,37,0,4,50,1,55,15,20,55,2,92,10,0,10,102
04/09/2020,MFR,OR,ANM,WE,Federal Contract Tower,12,18,3,4,37,0,1,47,0,48,12,19,50,4,85,14,0,14,99
04/10/2020,MFR,OR,ANM,WE,Federal Contract Tower,11,14,8,0,33,0,3,49,0,52,11,17,57,0,85,6,0,6,91
04/11/2020,MFR,OR,ANM,WE,Federal Contract Tower,14,7,4,0,25,0,1,30,0,31,14,8,34,0,56,20,0,20,76
04/12/2020,MFR,OR,ANM,WE,Federal Contract Tower,12,1,2,0,15,0,0,25,0,25,12,1,27,0,40,36,0,36,76
04/13/2020,MFR,OR,ANM,WE,Federal Contract Tower,14,11,4,0,29,0,3,48,0,51,14,14,52,0,80,8,0,8,88
04/14/2020,MFR,OR,ANM,WE,Federal Contract Tower,14,13,7,6,40,0,1,33,0,34,14,14,40,6,74,14,14,28,102
04/15/2020,MFR,OR,ANM,WE,Federal Contract Tower,13,9,7,0,29,0,2,31,0,33,13,11,38,0,62,38,0,38,100
04/16/2020,MFR,OR,ANM,WE,Federal Contract Tower,15,9,5,2,31,0,2,25,0,27,15,11,30,2,58,22,16,38,96
04/17/2020,MFR,OR,ANM,WE,Federal Contract Tower,13,8,13,0,34,0,2,58,0,60,13,10,71,0,94,74,0,74,168
04/18/2020,MFR,OR,ANM,WE,Federal Contract Tower,9,9,6,0,24,0,16,10,0,26,9,25,16,0,50,0,0,0,50
04/19/2020,MFR,OR,ANM,WE,Federal Contract Tower,12,3,12,0,27,0,5,40,0,45,12,8,52,0,72,10,0,10,82
04/20/2020,MFR,OR,ANM,WE,Federal Contract Tower,13,13,12,0,38,0,2,26,0,28,13,15,38,0,66,8,0,8,74
04/21/2020,MFR,OR,ANM,WE,Federal Contract Tower,10,14,16,1,41,0,1,14,1,16,10,15,30,2,57,0,20,20,77
04/22/2020,MFR,OR,ANM,WE,Federal Contract Tower,12,17,10,0,39,0,0,2,0,2,12,17,12,0,41,10,0,10,51
04/23/2020,MFR,OR,ANM,WE,Federal Contract Tower,12,14,13,0,39,0,3,25,0,28,12,17,38,0,67,2,0,2,69
04/24/2020,MFR,OR,ANM,WE,Federal Contract Tower,13,10,9,0,32,0,3,12,0,15,13,13,21,0,47,14,0,14,61
04/25/2020,MFR,OR,ANM,WE,Federal Contract Tower,11,5,5,0,21,0,1,21,0,22,11,6,26,0,43,0,0,0,43
04/26/2020,MFR,OR,ANM,WE,Federal Contract Tower,10,1,11,0,22,0,0,42,0,42,10,1,53,0,64,56,0,56,120
04/27/2020,MFR,OR,ANM,WE,Federal Contract Tower,10,7,7,0,24,0,0,12,0,12,10,7,19,0,36,0,0,0,36
04/28/2020,MFR,OR,ANM,WE,Federal Contract Tower,13,5,6,0,24,0,2,64,0,66,13,7,70,0,90,48,0,48,138
04/29/2020,MFR,OR,ANM,WE,Federal Contract Tower,13,14,9,2,38,0,2,25,0,27,13,16,34,2,65,57,0,57,122
04/30/2020,MFR,OR,ANM,WE,Federal Contract Tower,10,10,14,0,34,0,2,9,0,11,10,12,23,0,45,8,0,8,53
05/01/2020,MFR,OR,ANM,WE,Federal Contract Tower,16,10,13,0,39,0,3,52,0,55,16,13,65,0,94,64,0,64,158
05/02/2020,MFR,OR,ANM,WE,Federal Contract Tower,6,8,2,0,16,0,0,1,0,1,6,8,3,0,17,0,0,0,17
05/03/2020,MFR,OR,ANM,WE,Federal Contract Tower,13,1,14,0,28,0,9,17,0,26,13,10,31,0,54,6,0,6,60
05/04/2020,MFR,OR,ANM,WE,Federal Contract Tower,12,12,8,0,32,0,3,34,0,37,12,15,42,0,69,14,0,14,83
05/05/2020,MFR,OR,ANM,WE,Federal Contract Tower,12,13,7,0,32,0,3,38,0,41,12,16,45,0,73,8,0,8,81
05/06/2020,MFR,OR,ANM,WE,Federal Contract Tower,9,16,9,7,41,0,3,30,2,35,9,19,39,9,76,20,14,34,110
05/07/2020,MFR,OR,ANM,WE,Federal Contract Tower,15,17,13,1,46,0,0,53,1,54,15,17,66,2,100,44,0,44,144
05/08/2020,MFR,OR,ANM,WE,Federal Contract Tower,17,15,8,1,41,0,0,50,0,50,17,15,58,1,91,12,6,18,109
05/09/2020,MFR,OR,ANM,WE,Federal Contract Tower,8,15,11,0,34,0,1,74,0,75,8,16,85,0,109,24,0,24,133
05/10/2020,MFR,OR,ANM,WE,Federal Contract Tower,16,1,8,0,25,0,1,35,0,36,16,2,43,0,61,0,0,0,61
05/11/2020,MFR,OR,ANM,WE,Federal Contract Tower,20,10,16,0,46,1,0,11,0,12,21,10,27,0,58,6,0,6,64
05/12/2020,MFR,OR,ANM,WE,Federal Contract Tower,11,16,5,0,32,1,3,12,0,16,12,19,17,0,48,2,0,2,50
05/13/2020,MFR,OR,ANM,WE,Federal Contract Tower,15,15,6,0,36,0,3,14,0,17,15,18,20,0,53,0,0,0,53
05/14/2020,MFR,OR,ANM,WE,Federal Contract Tower,16,15,14,0,45,0,0,3,0,3,16,15,17,0,48,0,0,0,48
05/15/2020,MFR,OR,ANM,WE,Federal Contract Tower,16,12,19,0,47,0,2,52,0,54,16,14,71,0,101,16,0,16,117
05/16/2020,MFR,OR,ANM,WE,Federal Contract Tower,12,8,16,0,36,0,1,29,0,30,12,9,45,0,66,34,0,34,100
05/17/2020,MFR,OR,ANM,WE,Federal Contract Tower,19,3,6,0,28,0,0,0,0,0,19,3,6,0,28,0,0,0,28
05/18/2020,MFR,OR,ANM,WE,Federal Contract Tower,15,9,20,0,44,0,0,2,0,2,15,9,22,0,46,0,0,0,46
05/19/2020,MFR,OR,ANM,WE,Federal Contract Tower,12,14,11,0,37,0,0,10,0,10,12,14,21,0,47,0,0,0,47
05/20/2020,MFR,OR,ANM,WE,Federal Contract Tower,15,13,23,0,51,0,1,23,0,24,15,14,46,0,75,24,0,24,99
05/21/2020,MFR,OR,ANM,WE,Federal Contract Tower,18,14,17,0,49,0,1,16,0,17,18,15,33,0,66,14,0,14,80
05/22/2020,MFR,OR,ANM,WE,Federal Contract Tower,15,9,22,0,46,0,10,17,0,27,15,19,39,0,73,20,0,20,93
05/23/2020,MFR,OR,ANM,WE,Federal Contract Tower,12,6,17,0,35,0,4,54,0,58,12,10,71,0,93,22,0,22,115
05/24/2020,MFR,OR,ANM,WE,Federal Contract Tower,19,5,14,0,38,0,1,51,0,52,19,6,65,0,90,30,0,30,120
05/25/2020,MFR,OR,ANM,WE,Federal Contract Tower,15,5,14,0,34,0,2,43,0,45,15,7,57,0,79,6,0,6,85
05/26/2020,MFR,OR,ANM,WE,Federal Contract Tower,12,11,8,0,31,0,3,29,0,32,12,14,37,0,63,8,0,8,71
05/27/2020,MFR,OR,ANM,WE,Federal Contract Tower,15,16,14,6,51,2,4,35,0,41,17,20,49,6,92,38,0,38,130
05/28/2020,MFR,OR,ANM,WE,Federal Contract Tower,18,15,15,0,48,0,3,45,0,48,18,18,60,0,96,22,0,22,118
05/29/2020,MFR,OR,ANM,WE,Federal Contract Tower,15,12,17,0,44,0,5,54,0,59,15,17,71,0,103,42,0,42,145
05/30/2020,MFR,OR,ANM,WE,Federal Contract Tower,12,5,11,0,28,0,0,1,0,1,12,5,12,0,29,10,0,10,39
05/31/2020,MFR,OR,ANM,WE,Federal Contract Tower,19,6,15,0,40,1,2,12,0,15,20,8,27,0,55,20,0,20,75
06/01/2020,MFR,OR,ANM,WE,Federal Contract Tower,17,13,7,12,49,0,3,37,1,41,17,16,44,13,90,8,26,34,124
06/02/2020,MFR,OR,ANM,WE,Federal Contract Tower,13,10,7,5,35,0,3,23,5,31,13,13,30,10,66,22,0,22,88
06/03/2020,MFR,OR,ANM,WE,Federal Contract Tower,17,11,12,0,40,0,4,49,0,53,17,15,61,0,93,26,0,26,119
06/04/2020,MFR,OR,ANM,WE,Federal Contract Tower,25,12,21,16,74,0,4,40,0,44,25,16,61,16,118,22,6,28,146
06/05/2020,MFR,OR,ANM,WE,Federal Contract Tower,17,12,7,2,38,0,3,43,1,47,17,15,50,3,85,0,0,0,85
06/06/2020,MFR,OR,ANM,WE,Federal Contract Tower,22,4,8,0,34,0,1,2,3,6,22,5,10,3,40,4,0,4,44
06/07/2020,MFR,OR,ANM,WE,Federal Contract Tower,23,5,7,2,37,0,1,10,0,11,23,6,17,2,48,38,0,38,86
06/08/2020,MFR,OR,ANM,WE,Federal Contract Tower,20,10,16,3,49,0,2,55,1,58,20,12,71,4,107,46,0,46,153
06/09/2020,MFR,OR,ANM,WE,Federal Contract Tower,18,14,16,0,48,0,8,50,0,58,18,22,66,0,106,58,0,58,164
06/10/2020,MFR,OR,ANM,WE,Federal Contract Tower,19,13,16,0,48,0,3,35,2,40,19,16,51,2,88,40,0,40,128
06/11/2020,MFR,OR,ANM,WE,Federal Contract Tower,25,15,9,0,49,0,4,37,0,41,25,19,46,0,90,8,0,8,98
06/12/2020,MFR,OR,ANM,WE,Federal Contract Tower,19,12,12,0,43,0,0,6,0,6,19,12,18,0,49,16,0,16,65
06/13/2020,MFR,OR,ANM,WE,Federal Contract Tower,22,5,12,2,41,0,1,20,0,21,22,6,32,2,62,12,0,12,74
06/14/2020,MFR,OR,ANM,WE,Federal Contract Tower,26,4,18,0,48,0,1,32,0,33,26,5,50,0,81,36,0,36,117
06/15/2020,MFR,OR,ANM,WE,Federal Contract Tower,20,10,12,0,42,0,2,7,0,9,20,12,19,0,51,36,0,36,87
06/16/2020,MFR,OR,ANM,WE,Federal Contract Tower,20,15,17,0,52,0,2,13,0,15,20,17,30,0,67,18,0,18,85
06/17/2020,MFR,OR,ANM,WE,Federal Contract Tower,19,16,14,2,51,0,5,65,0,70,19,21,79,2,121,24,2,26,147
06/18/2020,MFR,OR,ANM,WE,Federal Contract Tower,27,15,21,0,63,0,3,63,0,66,27,18,84,0,129,44,0,44,173
06/19/2020,MFR,OR,ANM,WE,Federal Contract Tower,23,11,21,0,55,0,3,70,0,73,23,14,91,0,128,10,0,10,138
06/20/2020,MFR,OR,ANM,WE,Federal Contract Tower,24,4,9,1,38,0,4,45,1,50,24,8,54,2,88,24,0,24,112
06/21/2020,MFR,OR,ANM,WE,Federal Contract Tower,30,2,15,2,49,0,4,40,0,44,30,6,55,2,93,38,0,38,131
06/22/2020,MFR,OR,ANM,WE,Federal Contract Tower,20,17,12,0,49,0,9,54,0,63,20,26,66,0,112,90,0,90,202
06/23/2020,MFR,OR,ANM,WE,Federal Contract Tower,23,14,16,0,53,0,5,47,1,53,23,19,63,1,106,24,0,24,130
06/24/2020,MFR,OR,ANM,WE,Federal Contract Tower,24,13,12,3,52,0,13,42,0,55,24,26,54,3,107,14,0,14,121
06/26/2020,MFR,OR,ANM,WE,Federal Contract Tower,20,11,19,0,50,0,2,54,0,56,20,13,73,0,106,48,0,48,154
06/27/2020,MFR,OR,ANM,WE,Federal Contract Tower,26,3,10,0,39,0,5,46,0,51,26,8,56,0,90,28,0,28,118
06/28/2020,MFR,OR,ANM,WE,Federal Contract Tower,30,1,37,0,68,0,3,32,0,35,30,4,69,0,103,0,0,0,103
06/29/2020,MFR,OR,ANM,WE,Federal Contract Tower,22,10,18,1,51,0,8,40,2,50,22,18,58,3,101,46,0,46,147
06/30/2020,MFR,OR,ANM,WE,Federal Contract Tower,21,16,18,2,57,0,5,48,3,56,21,21,66,5,113,60,4,64,177
07/01/2020,MFR,OR,ANM,WE,Federal Contract Tower,20,19,15,0,54,0,3,48,0,51,20,22,63,0,105,32,0,32,137
07/02/2020,MFR,OR,ANM,WE,Federal Contract Tower,29,18,12,0,59,0,8,60,0,68,29,26,72,0,127,74,0,74,201
07/03/2020,MFR,OR,ANM,WE,Federal Contract Tower,22,17,17,0,56,0,3,59,0,62,22,20,76,0,118,62,0,62,180
07/04/2020,MFR,OR,ANM,WE,Federal Contract Tower,21,3,4,0,28,0,3,37,0,40,21,6,41,0,68,44,0,44,112
07/05/2020,MFR,OR,ANM,WE,Federal Contract Tower,30,5,10,0,45,0,6,34,0,40,30,11,44,0,85,10,0,10,95
07/06/2020,MFR,OR,ANM,WE,Federal Contract Tower,23,12,12,0,47,0,0,52,0,52,23,12,64,0,99,30,0,30,129
07/07/2020,MFR,OR,ANM,WE,Federal Contract Tower,22,20,13,0,55,0,3,43,0,46,22,23,56,0,101,58,6,64,165
07/08/2020,MFR,OR,ANM,WE,Federal Contract Tower,23,14,14,7,58,0,4,50,2,56,23,18,64,9,114,36,16,52,166
07/09/2020,MFR,OR,ANM,WE,Federal Contract Tower,29,15,19,0,63,0,1,63,1,65,29,16,82,1,128,60,0,60,188
07/10/2020,MFR,OR,ANM,WE,Federal Contract Tower,21,13,10,0,44,0,4,46,2,52,21,17,56,2,96,4,0,4,100
07/11/2020,MFR,OR,ANM,WE,Federal Contract Tower,22,7,12,0,41,0,4,44,0,48,22,11,56,0,89,4,0,4,93
07/12/2020,MFR,OR,ANM,WE,Federal Contract Tower,28,6,14,0,48,0,7,56,3,66,28,13,70,3,114,4,0,4,118
07/13/2020,MFR,OR,ANM,WE,Federal Contract Tower,21,12,15,0,48,0,2,38,2,42,21,14,53,2,90,48,0,48,138
07/14/2020,MFR,OR,ANM,WE,Federal Contract Tower,22,15,11,1,49,0,1,46,4,51,22,16,57,5,100,88,0,88,188
07/15/2020,MFR,OR,ANM,WE,Federal Contract Tower,21,15,9,1,46,0,5,31,2,38,21,20,40,3,84,54,2,56,140
07/16/2020,MFR,OR,ANM,WE,Federal Contract Tower,28,14,16,2,60,0,7,56,2,65,28,21,72,4,125,36,0,36,161
07/17/2020,MFR,OR,ANM,WE,Federal Contract Tower,21,12,16,0,49,0,1,43,5,49,21,13,59,5,98,32,0,32,130
07/18/2020,MFR,OR,ANM,WE,Federal Contract Tower,22,8,7,0,37,11,42,44,0,97,33,50,51,0,134,32,0,32,166
07/19/2020,MFR,OR,ANM,WE,Federal Contract Tower,29,3,9,0,41,10,23,47,0,80,39,26,56,0,121,44,0,44,165
07/20/2020,MFR,OR,ANM,WE,Federal Contract Tower,24,19,1,3,47,12,15,35,0,62,36,34,36,3,109,20,0,20,129
07/21/2020,MFR,OR,ANM,WE,Federal Contract Tower,22,21,4,4,51,6,8,28,0,42,28,29,32,4,93,8,0,8,101
07/22/2020,MFR,OR,ANM,WE,Federal Contract Tower,23,17,6,0,46,0,7,46,0,53,23,24,52,0,99,66,0,66,165
07/23/2020,MFR,OR,ANM,WE,Federal Contract Tower,28,15,15,0,58,13,7,52,2,74,41,22,67,2,132,78,0,78,210
07/24/2020,MFR,OR,ANM,WE,Federal Contract Tower,23,14,16,0,53,4,5,44,0,53,27,19,60,0,106,58,0,58,164
07/25/2020,MFR,OR,ANM,WE,Federal Contract Tower,24,14,11,0,49,1,3,52,0,56,25,17,63,0,105,76,0,76,181
07/26/2020,MFR,OR,ANM,WE,Federal Contract Tower,31,6,6,0,43,2,5,41,0,48,33,11,47,0,91,26,2,28,119
07/27/2020,MFR,OR,ANM,WE,Federal Contract Tower,22,13,9,4,48,1,9,35,0,45,23,22,44,4,93,104,0,104,197
07/28/2020,MFR,OR,ANM,WE,Federal Contract Tower,25,17,6,3,51,35,15,48,1,99,60,32,54,4,150,72,0,72,222
07/29/2020,MFR,OR,ANM,WE,Federal Contract Tower,23,14,13,0,50,15,17,58,0,90,38,31,71,0,140,18,0,18,158
07/30/2020,MFR,OR,ANM,WE,Federal Contract Tower,33,19,15,0,67,57,3,65,0,125,90,22,80,0,192,60,0,60,252
07/31/2020,MFR,OR,ANM,WE,Federal Contract Tower,24,16,17,0,57,24,7,66,0,97,48,23,83,0,154,80,0,80,234
08/01/2020,MFR,OR,ANM,WE,Federal Contract Tower,23,8,7,0,38,0,6,62,0,68,23,14,69,0,106,48,0,48,154
08/02/2020,MFR,OR,ANM,WE,Federal Contract Tower,31,3,14,0,48,1,12,41,0,54,32,15,55,0,102,44,0,44,146
08/03/2020,MFR,OR,ANM,WE,Federal Contract Tower,27,13,15,2,57,4,13,62,0,79,31,26,77,2,136,44,18,62,198
08/04/2020,MFR,OR,ANM,WE,Federal Contract Tower,25,18,11,0,54,0,3,47,0,50,25,21,58,0,104,42,0,42,146
08/05/2020,MFR,OR,ANM,WE,Federal Contract Tower,26,15,15,0,56,0,9,39,0,48,26,24,54,0,104,54,0,54,158
08/06/2020,MFR,OR,ANM,WE,Federal Contract Tower,29,14,17,1,61,0,4,46,2,52,29,18,63,3,113,46,0,46,159
08/07/2020,MFR,OR,ANM,WE,Federal Contract Tower,27,14,17,0,58,0,7,47,0,54,27,21,64,0,112,28,2,30,142
08/08/2020,MFR,OR,ANM,WE,Federal Contract Tower,30,5,12,0,47,0,5,50,0,55,30,10,62,0,102,14,0,14,116
08/09/2020,MFR,OR,ANM,WE,Federal Contract Tower,30,3,9,1,43,0,2,44,0,46,30,5,53,1,89,20,0,20,109
08/10/2020,MFR,OR,ANM,WE,Federal Contract Tower,24,9,6,4,43,0,6,46,2,54,24,15,52,6,97,70,6,76,173
08/11/2020,MFR,OR,ANM,WE,Federal Contract Tower,27,16,16,0,59,4,13,57,1,75,31,29,73,1,134,28,0,28,162
08/12/2020,MFR,OR,ANM,WE,Federal Contract Tower,24,18,24,0,66,0,7,51,8,66,24,25,75,8,132,28,0,28,160
08/13/2020,MFR,OR,ANM,WE,Federal Contract Tower,31,7,16,2,56,0,6,44,0,50,31,13,60,2,106,32,0,32,138
08/14/2020,MFR,OR,ANM,WE,Federal Contract Tower,25,12,8,1,46,4,8,53,0,65,29,20,61,1,111,60,0,60,171
08/15/2020,MFR,OR,ANM,WE,Federal Contract Tower,26,10,6,1,43,0,5,39,0,44,26,15,45,1,87,28,0,28,115
08/16/2020,MFR,OR,ANM,WE,Federal Contract Tower,29,5,28,1,63,2,12,46,1,61,31,17,74,2,124,46,0,46,170
08/17/2020,MFR,OR,ANM,WE,Federal Contract Tower,27,8,14,0,49,0,7,40,0,47,27,15,54,0,96,12,0,12,108
08/18/2020,MFR,OR,ANM,WE,Federal Contract Tower,27,21,15,2,65,1,13,52,0,66,28,34,67,2,131,28,0,28,159
08/19/2020,MFR,OR,ANM,WE,Federal Contract Tower,23,12,14,4,53,2,10,38,1,51,25,22,52,5,104,12,0,12,116
08/20/2020,MFR,OR,ANM,WE,Federal Contract Tower,28,13,15,0,56,2,6,56,1,65,30,19,71,1,121,16,0,16,137
08/21/2020,MFR,OR,ANM,WE,Federal Contract Tower,26,8,16,0,50,2,5,41,0,48,28,13,57,0,98,34,0,34,132
08/22/2020,MFR,OR,ANM,WE,Federal Contract Tower,22,15,15,6,58,0,10,39,0,49,22,25,54,6,107,46,0,46,153
08/23/2020,MFR,OR,ANM,WE,Federal Contract Tower,25,3,20,3,51,0,1,40,0,41,25,4,60,3,92,14,0,14,106
08/24/2020,MFR,OR,ANM,WE,Federal Contract Tower,26,13,2,1,42,0,2,30,2,34,26,15,32,3,76,22,0,22,98
08/25/2020,MFR,OR,ANM,WE,Federal Contract Tower,22,26,15,1,64,2,5,39,1,47,24,31,54,2,111,34,0,34,145
08/26/2020,MFR,OR,ANM,WE,Federal Contract Tower,24,22,11,2,59,0,5,48,1,54,24,27,59,3,113,52,0,52,165
08/27/2020,MFR,OR,ANM,WE,Federal Contract Tower,28,16,21,0,65,3,8,47,0,58,31,24,68,0,123,42,0,42,165
08/28/2020,MFR,OR,ANM,WE,Federal Contract Tower,24,15,20,2,61,0,3,45,1,49,24,18,65,3,110,66,0,66,176
08/29/2020,MFR,OR,ANM,WE,Federal Contract Tower,22,9,7,0,38,0,3,55,0,58,22,12,62,0,96,24,0,24,120
08/30/2020,MFR,OR,ANM,WE,Federal Contract Tower,28,7,10,0,45,2,3,64,1,70,30,10,74,1,115,50,0,50,165
08/31/2020,MFR,OR,ANM,WE,Federal Contract Tower,24,13,17,0,54,2,8,54,0,64,26,21,71,0,118,74,0,74,192
09/01/2020,MFR,OR,ANM,WE,Federal Contract Tower,22,15,4,5,46,2,8,53,3,66,24,23,57,8,112,46,4,50,162
09/02/2020,MFR,OR,ANM,WE,Federal Contract Tower,24,13,11,1,49,0,11,56,1,68,24,24,67,2,117,82,0,82,199
09/03/2020,MFR,OR,ANM,WE,Federal Contract Tower,25,18,14,0,57,0,8,47,0,55,25,26,61,0,112,22,0,22,134
09/04/2020,MFR,OR,ANM,WE,Federal Contract Tower,22,12,11,5,50,8,11,54,0,73,30,23,65,5,123,16,0,16,139
09/05/2020,MFR,OR,ANM,WE,Federal Contract Tower,23,6,11,0,40,0,9,54,0,63,23,15,65,0,103,46,0,46,149
09/06/2020,MFR,OR,ANM,WE,Federal Contract Tower,24,3,7,0,34,0,9,42,0,51,24,12,49,0,85,22,0,22,107
09/07/2020,MFR,OR,ANM,WE,Federal Contract Tower,23,2,10,0,35,2,9,56,0,67,25,11,66,0,102,0,0,0,102
09/08/2020,MFR,OR,ANM,WE,Federal Contract Tower,20,12,12,2,46,55,25,5,0,85,75,37,17,2,131,32,0,32,163
09/09/2020,MFR,OR,ANM,WE,Federal Contract Tower,21,14,7,0,42,115,41,2,0,158,136,55,9,0,200,0,0,0,200
09/10/2020,MFR,OR,ANM,WE,Federal Contract Tower,29,16,15,0,60,0,2,1,0,3,29,18,16,0,63,0,0,0,63
09/11/2020,MFR,OR,ANM,WE,Federal Contract Tower,23,14,11,0,48,0,0,0,0,0,23,14,11,0,48,0,0,0,48
09/12/2020,MFR,OR,ANM,WE,Federal Contract Tower,2,3,12,0,17,0,0,0,0,0,2,3,12,0,17,0,0,0,17
09/13/2020,MFR,OR,ANM,WE,Federal Contract Tower,13,2,5,0,20,0,0,0,0,0,13,2,5,0,20,0,0,0,20
09/14/2020,MFR,OR,ANM,WE,Federal Contract Tower,14,0,4,0,18,0,0,0,0,0,14,0,4,0,18,0,0,0,18
09/15/2020,MFR,OR,ANM,WE,Federal Contract Tower,22,11,16,0,49,0,0,0,0,0,22,11,16,0,49,0,0,0,49
09/16/2020,MFR,OR,ANM,WE,Federal Contract Tower,24,18,18,0,60,0,0,0,0,0,24,18,18,0,60,0,0,0,60
09/17/2020,MFR,OR,ANM,WE,Federal Contract Tower,27,17,26,0,70,0,0,0,0,0,27,17,26,0,70,0,0,0,70
09/18/2020,MFR,OR,ANM,WE,Federal Contract Tower,25,16,11,1,53,0,1,20,2,23,25,17,31,3,76,2,0,2,78
09/19/2020,MFR,OR,ANM,WE,Federal Contract Tower,25,11,13,0,49,0,6,25,2,33,25,17,38,2,82,50,0,50,132
09/20/2020,MFR,OR,ANM,WE,Federal Contract Tower,29,1,10,0,40,2,6,27,2,37,31,7,37,2,77,14,0,14,91
09/21/2020,MFR,OR,ANM,WE,Federal Contract Tower,28,9,20,1,58,1,8,31,1,41,29,17,51,2,99,42,0,42,141
09/22/2020,MFR,OR,ANM,WE,Federal Contract Tower,24,12,18,1,55,0,4,37,2,43,24,16,55,3,98,32,0,32,130
09/23/2020,MFR,OR,ANM,WE,Federal Contract Tower,25,14,14,0,53,0,5,28,1,34,25,19,42,1,87,38,2,40,127
09/24/2020,MFR,OR,ANM,WE,Federal Contract Tower,32,14,19,0,65,0,7,23,0,30,32,21,42,0,95,58,0,58,153
09/25/2020,MFR,OR,ANM,WE,Federal Contract Tower,24,15,15,0,54,0,9,43,0,52,24,24,58,0,106,32,0,32,138
09/26/2020,MFR,OR,ANM,WE,Federal Contract Tower,26,8,21,0,55,0,1,14,0,15,26,9,35,0,70,34,0,34,104
09/27/2020,MFR,OR,ANM,WE,Federal Contract Tower,30,4,19,0,53,0,2,55,0,57,30,6,74,0,110,6,0,6,116
09/28/2020,MFR,OR,ANM,WE,Federal Contract Tower,28,10,12,0,50,0,11,45,2,58,28,21,57,2,108,0,6,6,114
09/29/2020,MFR,OR,ANM,WE,Federal Contract Tower,25,19,10,3,57,0,4,41,1,46,25,23,51,4,103,44,0,44,147
09/30/2020,MFR,OR,ANM,WE,Federal Contract Tower,24,15,12,0,51,0,1,18,0,19,24,16,30,0,70,2,0,2,72
10/01/2020,MFR,OR,ANM,WE,Federal Contract Tower,33,18,10,6,67,0,6,37,2,45,33,24,47,8,112,24,4,28,140
10/02/2020,MFR,OR,ANM,WE,Federal Contract Tower,26,17,16,0,59,2,1,31,0,34,28,18,47,0,93,20,0,20,113
10/03/2020,MFR,OR,ANM,WE,Federal Contract Tower,29,14,10,1,54,0,2,41,0,43,29,16,51,1,97,60,0,60,157
10/04/2020,MFR,OR,ANM,WE,Federal Contract Tower,38,6,11,0,55,0,3,41,0,44,38,9,52,0,99,44,0,44,143
10/05/2020,MFR,OR,ANM,WE,Federal Contract Tower,34,15,9,1,59,2,6,48,2,58,36,21,57,3,117,48,2,50,167
10/06/2020,MFR,OR,ANM,WE,Federal Contract Tower,28,26,11,0,65,0,4,32,0,36,28,30,43,0,101,16,0,16,117
10/07/2020,MFR,OR,ANM,WE,Federal Contract Tower,31,33,16,0,80,0,0,12,0,12,31,33,28,0,92,16,0,16,108
10/08/2020,MFR,OR,ANM,WE,Federal Contract Tower,36,28,15,2,81,0,0,0,0,0,36,28,15,2,81,0,0,0,81
10/09/2020,MFR,OR,ANM,WE,Federal Contract Tower,29,22,16,0,67,0,2,8,0,10,29,24,24,0,77,0,0,0,77
10/10/2020,MFR,OR,ANM,WE,Federal Contract Tower,31,13,10,0,54,0,0,3,0,3,31,13,13,0,57,0,0,0,57
10/11/2020,MFR,OR,ANM,WE,Federal Contract Tower,34,7,8,0,49,0,1,26,0,27,34,8,34,0,76,34,0,34,110
10/12/2020,MFR,OR,ANM,WE,Federal Contract Tower,30,15,18,0,63,0,3,15,0,18,30,18,33,0,81,20,0,20,101
10/13/2020,MFR,OR,ANM,WE,Federal Contract Tower,25,18,16,1,60,0,2,26,3,31,25,20,42,4,91,20,6,26,117
10/14/2020,MFR,OR,ANM,WE,Federal Contract Tower,29,18,10,3,60,1,4,51,1,57,30,22,61,4,117,40,18,58,175
10/15/2020,MFR,OR,ANM,WE,Federal Contract Tower,35,22,13,0,70,0,6,63,3,72,35,28,76,3,142,58,4,62,204
10/16/2020,MFR,OR,ANM,WE,Federal Contract Tower,26,20,14,0,60,0,4,66,0,70,26,24,80,0,130,38,0,38,168
10/17/2020,MFR,OR,ANM,WE,Federal Contract Tower,29,7,10,1,47,0,4,43,0,47,29,11,53,1,94,44,0,44,138
10/18/2020,MFR,OR,ANM,WE,Federal Contract Tower,28,7,16,0,51,0,1,50,1,52,28,8,66,1,103,28,0,28,131
10/19/2020,MFR,OR,ANM,WE,Federal Contract Tower,29,15,3,1,48,0,4,37,1,42,29,19,40,2,90,22,0,22,112
10/20/2020,MFR,OR,ANM,WE,Federal Contract Tower,25,18,23,0,66,0,1,40,2,43,25,19,63,2,109,24,0,24,133
10/21/2020,MFR,OR,ANM,WE,Federal Contract Tower,29,18,12,0,59,0,2,36,4,42,29,20,48,4,101,60,2,62,163
10/22/2020,MFR,OR,ANM,WE,Federal Contract Tower,35,21,12,0,68,0,5,50,3,58,35,26,62,3,126,40,10,50,176
10/23/2020,MFR,OR,ANM,WE,Federal Contract Tower,26,19,7,2,54,0,4,62,0,66,26,23,69,2,120,70,0,70,190
10/24/2020,MFR,OR,ANM,WE,Federal Contract Tower,29,9,18,6,62,0,5,0,0,5,29,14,18,6,67,24,0,24,91
10/25/2020,MFR,OR,ANM,WE,Federal Contract Tower,31,7,14,0,52,0,1,51,3,55,31,8,65,3,107,4,0,4,111
10/26/2020,MFR,OR,ANM,WE,Federal Contract Tower,29,13,10,3,55,1,1,47,1,50,30,14,57,4,105,26,4,30,135
10/27/2020,MFR,OR,ANM,WE,Federal Contract Tower,26,19,12,2,59,0,8,52,2,62,26,27,64,4,121,56,2,58,179
10/28/2020,MFR,OR,ANM,WE,Federal Contract Tower,29,20,19,1,69,0,7,43,4,54,29,27,62,5,123,54,0,54,177
10/29/2020,MFR,OR,ANM,WE,Federal Contract Tower,33,20,12,2,67,0,3,52,1,56,33,23,64,3,123,34,4,38,161
10/30/2020,MFR,OR,ANM,WE,Federal Contract Tower,31,10,17,0,58,0,3,75,0,78,31,13,92,0,136,44,0,44,180
10/31/2020,MFR,OR,ANM,WE,Federal Contract Tower,29,13,19,0,61,0,2,51,2,55,29,15,70,2,116,22,0,22,138
11/01/2020,MFR,OR,ANM,WE,Federal Contract Tower,34,5,18,1,58,3,42,4,0,49,37,47,22,1,107,60,0,60,167
11/02/2020,MFR,OR,ANM,WE,Federal Contract Tower,29,20,13,1,63,0,0,56,4,60,29,20,69,5,123,6,10,16,139
11/03/2020,MFR,OR,ANM,WE,Federal Contract Tower,25,20,20,0,65,0,6,35,2,43,25,26,55,2,108,24,0,24,132
11/04/2020,MFR,OR,ANM,WE,Federal Contract Tower,31,14,7,1,53,0,6,41,3,50,31,20,48,4,103,24,0,24,127
11/05/2020,MFR,OR,ANM,WE,Federal Contract Tower,34,18,25,0,77,0,0,43,4,47,34,18,68,4,124,54,0,54,178
11/06/2020,MFR,OR,ANM,WE,Federal Contract Tower,29,25,19,0,73,0,0,12,0,12,29,25,31,0,85,16,0,16,101
11/07/2020,MFR,OR,ANM,WE,Federal Contract Tower,32,12,14,6,64,0,3,6,3,12,32,15,20,9,76,8,6,14,90
11/08/2020,MFR,OR,ANM,WE,Federal Contract Tower,36,7,11,2,56,1,1,33,2,37,37,8,44,4,93,42,2,44,137
11/09/2020,MFR,OR,ANM,WE,Federal Contract Tower,34,14,11,0,59,0,2,35,0,37,34,16,46,0,96,56,0,56,152
11/10/2020,MFR,OR,ANM,WE,Federal Contract Tower,28,21,20,2,71,0,0,11,0,11,28,21,31,2,82,18,0,18,100
11/11/2020,MFR,OR,ANM,WE,Federal Contract Tower,32,20,6,0,58,0,1,36,0,37,32,21,42,0,95,16,0,16,111
11/12/2020,MFR,OR,ANM,WE,Federal Contract Tower,36,23,11,4,74,0,0,32,0,32,36,23,43,4,106,10,0,10,116
11/13/2020,MFR,OR,ANM,WE,Federal Contract Tower,29,24,8,0,61,0,1,3,0,4,29,25,11,0,65,0,0,0,65
11/14/2020,MFR,OR,ANM,WE,Federal Contract Tower,32,12,8,0,52,0,3,20,1,24,32,15,28,1,76,6,0,6,82
11/15/2020,MFR,OR,ANM,WE,Federal Contract Tower,36,8,2,0,46,0,0,0,0,0,36,8,2,0,46,0,0,0,46
11/16/2020,MFR,OR,ANM,WE,Federal Contract Tower,31,15,8,0,54,0,1,12,0,13,31,16,20,0,67,8,0,8,75
11/17/2020,MFR,OR,ANM,WE,Federal Contract Tower,28,20,9,0,57,0,0,0,0,0,28,20,9,0,57,0,0,0,57
11/18/2020,MFR,OR,ANM,WE,Federal Contract Tower,32,19,7,2,60,0,1,10,0,11,32,20,17,2,71,18,0,18,89
11/19/2020,MFR,OR,ANM,WE,Federal Contract Tower,36,23,10,0,69,0,0,19,0,19,36,23,29,0,88,4,0,4,92
11/20/2020,MFR,OR,ANM,WE,Federal Contract Tower,32,19,16,0,67,0,0,24,0,24,32,19,40,0,91,12,0,12,103
11/21/2020,MFR,OR,ANM,WE,Federal Contract Tower,32,15,8,0,55,0,0,20,0,20,32,15,28,0,75,16,0,16,91
11/22/2020,MFR,OR,ANM,WE,Federal Contract Tower,39,11,12,0,62,0,1,7,0,8,39,12,19,0,70,6,0,6,76
11/23/2020,MFR,OR,ANM,WE,Federal Contract Tower,31,24,22,2,79,0,0,1,0,1,31,24,23,2,80,0,0,0,80
11/24/2020,MFR,OR,ANM,WE,Federal Contract Tower,35,23,19,1,78,0,0,20,0,20,35,23,39,1,98,28,0,28,126
11/25/2020,MFR,OR,ANM,WE,Federal Contract Tower,35,15,13,0,63,0,0,14,0,14,35,15,27,0,77,54,0,54,131
11/26/2020,MFR,OR,ANM,WE,Federal Contract Tower,21,3,8,0,32,0,0,6,0,6,21,3,14,0,38,28,0,28,66
11/27/2020,MFR,OR,ANM,WE,Federal Contract Tower,26,25,5,0,56,0,1,28,0,29,26,26,33,0,85,32,0,32,117
11/28/2020,MFR,OR,ANM,WE,Federal Contract Tower,41,12,16,0,69,0,0,0,0,0,41,12,16,0,69,0,0,0,69
11/29/2020,MFR,OR,ANM,WE,Federal Contract Tower,34,6,9,0,49,0,0,0,0,0,34,6,9,0,49,0,0,0,49
11/30/2020,MFR,OR,ANM,WE,Federal Contract Tower,32,17,19,0,68,0,0,0,0,0,32,17,19,0,68,0,0,0,68
12/01/2020,MFR,OR,ANM,WE,Federal Contract Tower,31,19,18,0,68,0,3,33,0,36,31,22,51,0,104,16,0,16,120
12/02/2020,MFR,OR,ANM,WE,Federal Contract Tower,29,20,12,2,63,0,2,33,3,38,29,22,45,5,101,38,20,58,159
12/03/2020,MFR,OR,ANM,WE,Federal Contract Tower,34,21,8,0,63,0,1,47,0,48,34,22,55,0,111,42,0,42,153
12/04/2020,MFR,OR,ANM,WE,Federal Contract Tower,29,17,19,1,66,0,4,56,1,61,29,21,75,2,127,34,0,34,161
12/05/2020,MFR,OR,ANM,WE,Federal Contract Tower,32,11,8,0,51,0,1,40,0,41,32,12,48,0,92,42,0,42,134
12/06/2020,MFR,OR,ANM,WE,Federal Contract Tower,31,5,7,1,44,0,0,7,1,8,31,5,14,2,52,0,0,0,52
12/07/2020,MFR,OR,ANM,WE,Federal Contract Tower,41,14,11,0,66,0,4,20,0,24,41,18,31,0,90,20,0,20,110
12/08/2020,MFR,OR,ANM,WE,Federal Contract Tower,26,20,11,0,57,0,0,28,1,29,26,20,39,1,86,34,0,34,120
12/09/2020,MFR,OR,ANM,WE,Federal Contract Tower,30,21,41,0,92,0,2,33,0,35,30,23,74,0,127,32,0,32,159
12/10/2020,MFR,OR,ANM,WE,Federal Contract Tower,33,17,14,0,64,0,1,18,0,19,33,18,32,0,83,28,0,28,111
12/11/2020,MFR,OR,ANM,WE,Federal Contract Tower,26,19,22,0,67,0,0,0,0,0,26,19,22,0,67,0,0,0,67
12/12/2020,MFR,OR,ANM,WE,Federal Contract Tower,29,13,15,0,57,0,1,21,0,22,29,14,36,0,79,6,0,6,85
12/13/2020,MFR,OR,ANM,WE,Federal Contract Tower,31,6,3,0,40,0,0,0,0,0,31,6,3,0,40,0,0,0,40
12/14/2020,MFR,OR,ANM,WE,Federal Contract Tower,34,16,14,0,64,0,3,30,0,33,34,19,44,0,97,28,0,28,125
12/15/2020,MFR,OR,ANM,WE,Federal Contract Tower,26,26,8,1,61,0,2,4,1,7,26,28,12,2,68,6,0,6,74
12/16/2020,MFR,OR,ANM,WE,Federal Contract Tower,29,27,14,2,72,0,0,0,0,0,29,27,14,2,72,0,0,0,72
12/17/2020,MFR,OR,ANM,WE,Federal Contract Tower,34,27,16,8,85,0,1,12,0,13,34,28,28,8,98,32,0,32,130
12/18/2020,MFR,OR,ANM,WE,Federal Contract Tower,30,25,29,0,84,0,0,18,0,18,30,25,47,0,102,1,0,1,103
12/19/2020,MFR,OR,ANM,WE,Federal Contract Tower,28,14,12,0,54,0,0,15,0,15,28,14,27,0,69,16,0,16,85
12/20/2020,MFR,OR,ANM,WE,Federal Contract Tower,33,5,15,0,53,0,0,13,0,13,33,5,28,0,66,16,0,16,82
12/21/2020,MFR,OR,ANM,WE,Federal Contract Tower,29,19,16,0,64,0,0,0,0,0,29,19,16,0,64,0,0,0,64
12/22/2020,MFR,OR,ANM,WE,Federal Contract Tower,35,24,13,0,72,0,3,28,2,33,35,27,41,2,105,86,0,86,191
12/23/2020,MFR,OR,ANM,WE,Federal Contract Tower,34,21,10,0,65,0,3,46,0,49,34,24,56,0,114,46,0,46,160
12/24/2020,MFR,OR,ANM,WE,Federal Contract Tower,27,18,14,0,59,0,1,27,0,28,27,19,41,0,87,36,0,36,123
12/25/2020,MFR,OR,ANM,WE,Federal Contract Tower,24,8,10,0,42,0,0,0,0,0,24,8,10,0,42,0,0,0,42
12/26/2020,MFR,OR,ANM,WE,Federal Contract Tower,29,13,7,0,49,0,2,11,0,13,29,15,18,0,62,58,0,58,120
12/27/2020,MFR,OR,ANM,WE,Federal Contract Tower,29,4,18,0,51,0,1,15,0,16,29,5,33,0,67,52,0,52,119
12/28/2020,MFR,OR,ANM,WE,Federal Contract Tower,34,18,5,0,57,0,2,49,0,51,34,20,54,0,108,42,0,42,150
12/29/2020,MFR,OR,ANM,WE,Federal Contract Tower,36,18,12,2,68,0,2,57,0,59,36,20,69,2,127,54,0,54,181
12/30/2020,MFR,OR,ANM,WE,Federal Contract Tower,35,12,11,0,58,0,1,10,0,11,35,13,21,0,69,24,0,24,93
12/31/2020,MFR,OR,ANM,WE,Federal Contract Tower,28,20,14,0,62,0,0,10,0,10,28,20,24,0,72,12,0,12,84
01/01/2021,MFR,OR,ANM,WE,Federal Contract Tower,31,9,12,0,52,0,0,13,0,13,31,9,25,0,65,38,0,38,103
01/02/2021,MFR,OR,ANM,WE,Federal Contract Tower,28,11,15,0,54,0,3,2,0,5,28,14,17,0,59,0,0,0,59
01/03/2021,MFR,OR,ANM,WE,Federal Contract Tower,32,7,6,0,45,0,2,8,0,10,32,9,14,0,55,30,0,30,85
01/04/2021,MFR,OR,ANM,WE,Federal Contract Tower,31,16,15,0,62,0,0,3,0,3,31,16,18,0,65,0,0,0,65
01/05/2021,MFR,OR,ANM,WE,Federal Contract Tower,24,15,11,3,53,0,0,23,0,23,24,15,34,3,76,42,0,42,118
01/06/2021,MFR,OR,ANM,WE,Federal Contract Tower,26,18,8,2,54,0,1,3,0,4,26,19,11,2,58,12,0,12,70
01/07/2021,MFR,OR,ANM,WE,Federal Contract Tower,25,17,12,1,55,0,2,19,0,21,25,19,31,1,76,18,0,18,94
01/08/2021,MFR,OR,ANM,WE,Federal Contract Tower,38,17,14,0,69,0,0,16,0,16,38,17,30,0,85,16,0,16,101
01/09/2021,MFR,OR,ANM,WE,Federal Contract Tower,24,9,5,0,38,0,0,29,2,31,24,9,34,2,69,20,0,20,89
01/10/2021,MFR,OR,ANM,WE,Federal Contract Tower,30,1,4,6,41,0,8,3,0,11,30,9,7,6,52,2,4,6,58
01/11/2021,MFR,OR,ANM,WE,Federal Contract Tower,29,11,9,0,49,0,0,10,4,14,29,11,19,4,63,2,2,4,67
01/12/2021,MFR,OR,ANM,WE,Federal Contract Tower,24,16,4,0,44,0,0,2,0,2,24,16,6,0,46,8,0,8,54
01/13/2021,MFR,OR,ANM,WE,Federal Contract Tower,26,14,8,0,48,0,4,29,2,35,26,18,37,2,83,24,0,24,107
01/14/2021,MFR,OR,ANM,WE,Federal Contract Tower,28,18,12,3,61,0,0,38,2,40,28,18,50,5,101,46,6,52,153
01/15/2021,MFR,OR,ANM,WE,Federal Contract Tower,27,21,18,0,66,0,0,19,2,21,27,21,37,2,87,56,0,56,143
01/16/2021,MFR,OR,ANM,WE,Federal Contract Tower,25,10,9,0,44,0,0,18,0,18,25,10,27,0,62,50,0,50,112
01/17/2021,MFR,OR,ANM,WE,Federal Contract Tower,28,4,13,0,45,0,0,4,0,4,28,4,17,0,49,12,0,12,61
01/18/2021,MFR,OR,ANM,WE,Federal Contract Tower,28,10,11,0,49,0,0,0,0,0,28,10,11,0,49,0,0,0,49
01/19/2021,MFR,OR,ANM,WE,Federal Contract Tower,26,15,14,0,55,0,1,48,2,51,26,16,62,2,106,42,0,42,148
01/20/2021,MFR,OR,ANM,WE,Federal Contract Tower,27,11,10,1,49,0,0,48,1,49,27,11,58,2,98,36,10,46,144
01/21/2021,MFR,OR,ANM,WE,Federal Contract Tower,29,12,11,0,52,0,3,45,3,51,29,15,56,3,103,38,6,44,147
01/22/2021,MFR,OR,ANM,WE,Federal Contract Tower,29,13,19,0,61,0,1,14,0,15,29,14,33,0,76,38,0,38,114
01/23/2021,MFR,OR,ANM,WE,Federal Contract Tower,24,5,25,0,54,0,0,40,4,44,24,5,65,4,98,66,0,66,164
01/24/2021,MFR,OR,ANM,WE,Federal Contract Tower,32,3,6,0,41,0,0,0,0,0,32,3,6,0,41,0,0,0,41
01/25/2021,MFR,OR,ANM,WE,Federal Contract Tower,29,12,9,0,50,0,1,16,2,19,29,13,25,2,69,24,0,24,93
01/26/2021,MFR,OR,ANM,WE,Federal Contract Tower,24,11,14,0,49,0,0,2,1,3,24,11,16,1,52,0,0,0,52
01/27/2021,MFR,OR,ANM,WE,Federal Contract Tower,26,17,11,0,54,0,0,20,2,22,26,17,31,2,76,0,0,0,76
01/28/2021,MFR,OR,ANM,WE,Federal Contract Tower,30,16,8,0,54,0,0,2,0,2,30,16,10,0,56,0,0,0,56
01/29/2021,MFR,OR,ANM,WE,Federal Contract Tower,27,16,13,0,56,0,0,8,2,10,27,16,21,2,66,12,0,12,78
01/30/2021,MFR,OR,ANM,WE,Federal Contract Tower,23,6,14,0,43,0,0,9,0,9,23,6,23,0,52,14,0,14,66
01/31/2021,MFR,OR,ANM,WE,Federal Contract Tower,30,0,8,0,38,0,0,2,0,2,30,0,10,0,40,0,0,0,40
02/01/2021,MFR,OR,ANM,WE,Federal Contract Tower,27,13,11,0,51,0,0,3,1,4,27,13,14,1,55,4,0,4,59
02/02/2021,MFR,OR,ANM,WE,Federal Contract Tower,26,14,9,0,49,0,2,19,0,21,26,16,28,0,70,56,0,56,126
02/03/2021,MFR,OR,ANM,WE,Federal Contract Tower,27,13,10,0,50,0,0,24,0,24,27,13,34,0,74,24,0,24,98
02/04/2021,MFR,OR,ANM,WE,Federal Contract Tower,31,14,9,8,62,0,1,43,0,44,31,15,52,8,106,60,0,60,166
02/05/2021,MFR,OR,ANM,WE,Federal Contract Tower,29,13,15,0,57,0,3,23,0,26,29,16,38,0,83,42,6,48,131
02/06/2021,MFR,OR,ANM,WE,Federal Contract Tower,24,9,16,0,49,0,0,23,1,24,24,9,39,1,73,74,4,78,151
02/07/2021,MFR,OR,ANM,WE,Federal Contract Tower,30,1,6,0,37,0,0,8,1,9,30,1,14,1,46,12,2,14,60
02/08/2021,MFR,OR,ANM,WE,Federal Contract Tower,29,13,17,0,59,0,0,10,0,10,29,13,27,0,69,22,0,22,91
02/09/2021,MFR,OR,ANM,WE,Federal Contract Tower,26,12,15,1,54,0,3,52,1,56,26,15,67,2,110,94,2,96,206
02/10/2021,MFR,OR,ANM,WE,Federal Contract Tower,27,13,19,2,61,0,1,37,4,42,27,14,56,6,103,56,18,74,177
02/11/2021,MFR,OR,ANM,WE,Federal Contract Tower,27,17,10,0,54,0,0,11,0,11,27,17,21,0,65,58,0,58,123
02/12/2021,MFR,OR,ANM,WE,Federal Contract Tower,29,20,8,0,57,0,1,9,0,10,29,21,17,0,67,26,0,26,93
02/13/2021,MFR,OR,ANM,WE,Federal Contract Tower,16,8,14,0,38,0,0,7,0,7,16,8,21,0,45,0,0,0,45
02/14/2021,MFR,OR,ANM,WE,Federal Contract Tower,20,10,7,0,37,0,0,4,0,4,20,10,11,0,41,4,0,4,45
02/15/2021,MFR,OR,ANM,WE,Federal Contract Tower,32,15,7,0,54,0,0,12,0,12,32,15,19,0,66,0,0,0,66
02/16/2021,MFR,OR,ANM,WE,Federal Contract Tower,27,16,23,0,66,0,5,27,0,32,27,21,50,0,98,24,0,24,122
02/17/2021,MFR,OR,ANM,WE,Federal Contract Tower,30,18,15,2,65,0,1,53,0,54,30,19,68,2,119,40,0,40,159
02/18/2021,MFR,OR,ANM,WE,Federal Contract Tower,27,16,10,1,54,0,0,6,0,6,27,16,16,1,60,32,0,32,92
02/19/2021,MFR,OR,ANM,WE,Federal Contract Tower,33,26,14,0,73,0,0,12,0,12,33,26,26,0,85,38,0,38,123
02/20/2021,MFR,OR,ANM,WE,Federal Contract Tower,28,16,9,0,53,0,1,12,0,13,28,17,21,0,66,0,0,0,66
02/21/2021,MFR,OR,ANM,WE,Federal Contract Tower,31,8,13,0,52,0,7,27,0,34,31,15,40,0,86,20,0,20,106
02/22/2021,MFR,OR,ANM,WE,Federal Contract Tower,33,16,18,0,67,0,0,10,0,10,33,16,28,0,77,8,0,8,85
02/23/2021,MFR,OR,ANM,WE,Federal Contract Tower,27,13,18,1,59,0,1,58,3,62,27,14,76,4,121,58,6,64,185
02/24/2021,MFR,OR,ANM,WE,Federal Contract Tower,30,14,16,3,63,0,4,77,3,84,30,18,93,6,147,32,26,58,205
02/25/2021,MFR,OR,ANM,WE,Federal Contract Tower,22,19,13,0,54,0,1,27,0,28,22,20,40,0,82,42,0,42,124
02/26/2021,MFR,OR,ANM,WE,Federal Contract Tower,32,20,7,1,60,0,1,4,0,5,32,21,11,1,65,0,0,0,65
02/27/2021,MFR,OR,ANM,WE,Federal Contract Tower,27,12,4,0,43,0,0,17,0,17,27,12,21,0,60,30,0,30,90
02/28/2021,MFR,OR,ANM,WE,Federal Contract Tower,28,6,12,0,46,0,0,83,4,87,28,6,95,4,133,44,0,44,177
03/01/2021,MFR,OR,ANM,WE,Federal Contract Tower,33,16,6,0,55,0,4,47,1,52,33,20,53,1,107,38,0,38,145
03/02/2021,MFR,OR,ANM,WE,Federal Contract Tower,27,13,16,2,58,0,1,53,1,55,27,14,69,3,113,40,0,40,153
03/03/2021,MFR,OR,ANM,WE,Federal Contract Tower,31,18,6,1,56,0,3,63,2,68,31,21,69,3,124,46,24,70,194
03/04/2021,MFR,OR,ANM,WE,Federal Contract Tower,30,17,18,0,65,0,2,19,0,21,30,19,37,0,86,26,0,26,112
03/05/2021,MFR,OR,ANM,WE,Federal Contract Tower,34,19,15,0,68,0,2,2,0,4,34,21,17,0,72,0,0,0,72
03/06/2021,MFR,OR,ANM,WE,Federal Contract Tower,28,13,19,0,60,0,4,37,0,41,28,17,56,0,101,30,0,30,131
03/07/2021,MFR,OR,ANM,WE,Federal Contract Tower,28,8,15,0,51,0,0,15,0,15,28,8,30,0,66,14,0,14,80
03/08/2021,MFR,OR,ANM,WE,Federal Contract Tower,35,18,14,0,67,0,0,28,0,28,35,18,42,0,95,36,0,36,131
03/09/2021,MFR,OR,ANM,WE,Federal Contract Tower,27,20,13,0,60,0,0,0,0,0,27,20,13,0,60,40,0,40,100
03/10/2021,MFR,OR,ANM,WE,Federal Contract Tower,34,15,19,0,68,0,0,8,0,8,34,15,27,0,76,32,0,32,108
03/11/2021,MFR,OR,ANM,WE,Federal Contract Tower,29,23,18,3,73,0,4,63,1,68,29,27,81,4,141,44,0,44,185
03/12/2021,MFR,OR,ANM,WE,Federal Contract Tower,33,21,11,0,65,0,4,86,0,90,33,25,97,0,155,64,0,64,219
03/13/2021,MFR,OR,ANM,WE,Federal Contract Tower,28,9,9,0,46,0,2,76,0,78,28,11,85,0,124,34,0,34,158
03/14/2021,MFR,OR,ANM,WE,Federal Contract Tower,32,5,11,0,48,0,0,10,0,10,32,5,21,0,58,30,0,30,88
03/15/2021,MFR,OR,ANM,WE,Federal Contract Tower,33,20,10,0,63,0,1,20,0,21,33,21,30,0,84,8,0,8,92
03/16/2021,MFR,OR,ANM,WE,Federal Contract Tower,29,17,9,0,55,0,3,72,0,75,29,20,81,0,130,44,0,44,174
03/17/2021,MFR,OR,ANM,WE,Federal Contract Tower,29,17,11,1,58,0,6,56,1,63,29,23,67,2,121,20,8,28,149
03/18/2021,MFR,OR,ANM,WE,Federal Contract Tower,29,19,8,0,56,0,0,7,0,7,29,19,15,0,63,14,0,14,77
03/19/2021,MFR,OR,ANM,WE,Federal Contract Tower,35,17,12,2,66,0,3,28,0,31,35,20,40,2,97,58,0,58,155
03/20/2021,MFR,OR,ANM,WE,Federal Contract Tower,30,12,15,3,60,0,2,17,0,19,30,14,32,3,79,44,8,52,131
03/21/2021,MFR,OR,ANM,WE,Federal Contract Tower,30,7,9,1,47,0,4,44,0,48,30,11,53,1,95,56,0,56,151
03/22/2021,MFR,OR,ANM,WE,Federal Contract Tower,34,22,14,12,82,0,0,13,0,13,34,22,27,12,95,30,6,36,131
03/23/2021,MFR,OR,ANM,WE,Federal Contract Tower,29,23,15,0,67,0,13,70,2,85,29,36,85,2,152,38,0,38,190
03/24/2021,MFR,OR,ANM,WE,Federal Contract Tower,34,16,11,5,66,0,4,34,1,39,34,20,45,6,105,34,0,34,139
03/25/2021,MFR,OR,ANM,WE,Federal Contract Tower,28,18,10,2,58,0,0,19,1,20,28,18,29,3,78,4,0,4,82
03/26/2021,MFR,OR,ANM,WE,Federal Contract Tower,35,22,17,0,74,0,4,38,1,43,35,26,55,1,117,14,0,14,131
03/27/2021,MFR,OR,ANM,WE,Federal Contract Tower,32,16,9,1,58,0,2,79,4,85,32,18,88,5,143,2,0,2,145
03/28/2021,MFR,OR,ANM,WE,Federal Contract Tower,33,4,17,0,54,0,7,62,0,69,33,11,79,0,123,42,2,44,167
03/29/2021,MFR,OR,ANM,WE,Federal Contract Tower,38,15,6,0,59,0,0,58,2,60,38,15,64,2,119,18,0,18,137
03/30/2021,MFR,OR,ANM,WE,Federal Contract Tower,33,16,7,4,60,0,5,67,7,79,33,21,74,11,139,40,2,42,181
03/31/2021,MFR,OR,ANM,WE,Federal Contract Tower,35,13,10,2,60,0,3,56,1,60,35,16,66,3,120,46,0,46,166
04/01/2021,MFR,OR,ANM,WE,Federal Contract Tower,36,17,15,0,68,0,1,65,0,66,36,18,80,0,134,32,0,32,166
04/02/2021,MFR,OR,ANM,WE,Federal Contract Tower,39,17,13,0,69,0,10,55,0,65,39,27,68,0,134,4,0,4,138
04/03/2021,MFR,OR,ANM,WE,Federal Contract Tower,31,8,9,10,58,0,4,50,0,54,31,12,59,10,112,66,0,66,178
04/04/2021,MFR,OR,ANM,WE,Federal Contract Tower,35,6,10,0,51,0,2,38,2,42,35,8,48,2,93,46,0,46,139
04/05/2021,MFR,OR,ANM,WE,Federal Contract Tower,37,10,8,1,56,0,2,38,4,44,37,12,46,5,100,2,0,2,102
04/06/2021,MFR,OR,ANM,WE,Federal Contract Tower,32,13,4,3,52,0,2,49,0,51,32,15,53,3,103,60,12,72,175
04/07/2021,MFR,OR,ANM,WE,Federal Contract Tower,37,8,11,1,57,0,7,35,3,45,37,15,46,4,102,12,0,12,114
04/08/2021,MFR,OR,ANM,WE,Federal Contract Tower,34,11,14,1,60,0,3,41,2,46,34,14,55,3,106,32,12,44,150
04/09/2021,MFR,OR,ANM,WE,Federal Contract Tower,41,10,13,0,64,0,3,51,2,56,41,13,64,2,120,48,0,48,168
04/10/2021,MFR,OR,ANM,WE,Federal Contract Tower,37,7,10,0,54,0,2,49,0,51,37,9,59,0,105,48,0,48,153
04/11/2021,MFR,OR,ANM,WE,Federal Contract Tower,31,5,8,3,47,0,2,47,5,54,31,7,55,8,101,22,4,26,127
04/12/2021,MFR,OR,ANM,WE,Federal Contract Tower,41,12,18,0,71,0,3,42,0,45,41,15,60,0,116,30,0,30,146
04/13/2021,MFR,OR,ANM,WE,Federal Contract Tower,34,13,16,8,71,0,0,49,4,53,34,13,65,12,124,4,34,38,162
04/14/2021,MFR,OR,ANM,WE,Federal Contract Tower,36,18,16,0,70,0,3,58,1,62,36,21,74,1,132,20,0,20,152
04/15/2021,MFR,OR,ANM,WE,Federal Contract Tower,34,18,6,4,62,0,0,55,0,55,34,18,61,4,117,56,0,56,173
04/16/2021,MFR,OR,ANM,WE,Federal Contract Tower,38,14,13,2,67,0,2,67,0,69,38,16,80,2,136,78,0,78,214
04/17/2021,MFR,OR,ANM,WE,Federal Contract Tower,32,7,8,0,47,0,4,67,0,71,32,11,75,0,118,92,0,92,210
04/18/2021,MFR,OR,ANM,WE,Federal Contract Tower,38,2,10,2,52,0,3,56,2,61,38,5,66,4,113,44,0,44,157
04/19/2021,MFR,OR,ANM,WE,Federal Contract Tower,38,14,14,0,66,0,2,44,0,46,38,16,58,0,112,78,0,78,190
04/20/2021,MFR,OR,ANM,WE,Federal Contract Tower,33,13,16,0,62,0,1,44,0,45,33,14,60,0,107,14,0,14,121
04/21/2021,MFR,OR,ANM,WE,Federal Contract Tower,37,15,26,0,78,0,2,59,0,61,37,17,85,0,139,4,0,4,143
04/22/2021,MFR,OR,ANM,WE,Federal Contract Tower,37,19,13,0,69,0,3,47,0,50,37,22,60,0,119,28,0,28,147
04/23/2021,MFR,OR,ANM,WE,Federal Contract Tower,39,12,15,1,67,0,4,70,0,74,39,16,85,1,141,14,0,14,155
04/24/2021,MFR,OR,ANM,WE,Federal Contract Tower,33,15,8,0,56,0,0,29,0,29,33,15,37,0,85,14,0,14,99
04/25/2021,MFR,OR,ANM,WE,Federal Contract Tower,35,6,15,6,62,0,0,10,0,10,35,6,25,6,72,0,0,0,72
04/26/2021,MFR,OR,ANM,WE,Federal Contract Tower,36,13,17,0,66,0,2,20,0,22,36,15,37,0,88,40,0,40,128
04/27/2021,MFR,OR,ANM,WE,Federal Contract Tower,32,16,3,2,53,0,1,54,0,55,32,17,57,2,108,2,0,2,110
04/28/2021,MFR,OR,ANM,WE,Federal Contract Tower,37,9,15,2,63,0,4,43,0,47,37,13,58,2,110,52,0,52,162
04/29/2021,MFR,OR,ANM,WE,Federal Contract Tower,36,15,19,2,72,0,3,54,0,57,36,18,73,2,129,24,0,24,153
04/30/2021,MFR,OR,ANM,WE,Federal Contract Tower,37,14,18,0,69,0,7,57,2,66,37,21,75,2,135,66,0,66,201
05/01/2021,MFR,OR,ANM,WE,Federal Contract Tower,32,13,9,0,54,0,0,54,0,54,32,13,63,0,108,156,0,156,264
05/02/2021,MFR,OR,ANM,WE,Federal Contract Tower,35,2,14,0,51,0,2,30,0,32,35,4,44,0,83,34,0,34,117
05/03/2021,MFR,OR,ANM,WE,Federal Contract Tower,37,15,9,0,61,0,3,64,3,70,37,18,73,3,131,74,0,74,205
05/04/2021,MFR,OR,ANM,WE,Federal Contract Tower,31,17,11,4,63,0,5,53,1,59,31,22,64,5,122,68,0,68,190
05/05/2021,MFR,OR,ANM,WE,Federal Contract Tower,33,14,9,3,59,0,6,59,3,68,33,20,68,6,127,36,2,38,165
05/07/2021,MFR,OR,ANM,WE,Federal Contract Tower,31,29,11,0,71,0,1,56,2,59,31,30,67,2,130,112,0,112,242
05/08/2021,MFR,OR,ANM,WE,Federal Contract Tower,26,15,6,1,48,0,2,65,0,67,26,17,71,1,115,120,0,120,235
05/09/2021,MFR,OR,ANM,WE,Federal Contract Tower,32,6,7,4,49,0,1,34,0,35,32,7,41,4,84,6,0,6,90
05/10/2021,MFR,OR,ANM,WE,Federal Contract Tower,32,23,17,7,79,0,2,54,1,57,32,25,71,8,136,56,0,56,192
05/11/2021,MFR,OR,ANM,WE,Federal Contract Tower,30,15,11,0,56,0,1,49,2,52,30,16,60,2,108,44,0,44,152
05/12/2021,MFR,OR,ANM,WE,Federal Contract Tower,37,22,9,2,70,0,1,55,0,56,37,23,64,2,126,26,0,26,152
05/13/2021,MFR,OR,ANM,WE,Federal Contract Tower,31,24,17,2,74,0,5,53,4,62,31,29,70,6,136,30,2,32,168
05/14/2021,MFR,OR,ANM,WE,Federal Contract Tower,32,29,23,1,85,0,0,61,3,64,32,29,84,4,149,34,0,34,183
05/15/2021,MFR,OR,ANM,WE,Federal Contract Tower,29,12,8,0,49,0,2,63,0,65,29,14,71,0,114,76,0,76,190
05/16/2021,MFR,OR,ANM,WE,Federal Contract Tower,31,10,17,4,62,0,3,53,1,57,31,13,70,5,119,50,0,50,169
05/17/2021,MFR,OR,ANM,WE,Federal Contract Tower,32,14,15,0,61,0,4,59,3,66,32,18,74,3,127,10,6,16,143
05/18/2021,MFR,OR,ANM,WE,Federal Contract Tower,30,18,13,3,64,0,1,40,4,45,30,19,53,7,109,44,12,56,165
05/19/2021,MFR,OR,ANM,WE,Federal Contract Tower,32,19,6,0,57,0,3,18,0,21,32,22,24,0,78,16,0,16,94
05/20/2021,MFR,OR,ANM,WE,Federal Contract Tower,36,19,16,0,71,0,5,8,0,13,36,24,24,0,84,12,0,12,96
05/21/2021,MFR,OR,ANM,WE,Federal Contract Tower,35,20,15,0,70,0,4,14,0,18,35,24,29,0,88,20,0,20,108
05/22/2021,MFR,OR,ANM,WE,Federal Contract Tower,33,16,10,0,59,0,4,42,0,46,33,20,52,0,105,128,0,128,233
05/23/2021,MFR,OR,ANM,WE,Federal Contract Tower,33,9,12,0,54,0,3,40,0,43,33,12,52,0,97,66,0,66,163
05/24/2021,MFR,OR,ANM,WE,Federal Contract Tower,31,17,15,0,63,0,2,21,2,25,31,19,36,2,88,8,0,8,96
05/25/2021,MFR,OR,ANM,WE,Federal Contract Tower,31,15,15,6,67,0,3,38,0,41,31,18,53,6,108,56,0,56,164
05/26/2021,MFR,OR,ANM,WE,Federal Contract Tower,35,15,14,0,64,0,2,77,0,79,35,17,91,0,143,56,0,56,199
05/27/2021,MFR,OR,ANM,WE,Federal Contract Tower,36,20,17,0,73,0,2,21,0,23,36,22,38,0,96,12,0,12,108
05/28/2021,MFR,OR,ANM,WE,Federal Contract Tower,33,14,16,0,63,0,1,45,0,46,33,15,61,0,109,46,0,46,155
05/29/2021,MFR,OR,ANM,WE,Federal Contract Tower,35,15,9,0,59,0,3,73,0,76,35,18,82,0,135,48,0,48,183
05/30/2021,MFR,OR,ANM,WE,Federal Contract Tower,38,8,10,0,56,0,3,53,2,58,38,11,63,2,114,22,0,22,136
05/31/2021,MFR,OR,ANM,WE,Federal Contract Tower,32,7,11,0,50,0,0,48,2,50,32,7,59,2,100,16,0,16,116
06/01/2021,MFR,OR,ANM,WE,Federal Contract Tower,30,14,15,0,59,0,7,35,0,42,30,21,50,0,101,16,0,16,117
06/02/2021,MFR,OR,ANM,WE,Federal Contract Tower,37,16,7,1,61,0,6,48,6,60,37,22,55,7,121,28,10,38,159
06/03/2021,MFR,OR,ANM,WE,Federal Contract Tower,39,23,15,4,81,0,8,60,2,70,39,31,75,6,151,18,0,18,169
06/04/2021,MFR,OR,ANM,WE,Federal Contract Tower,33,23,25,0,81,0,4,59,0,63,33,27,84,0,144,30,0,30,174
06/05/2021,MFR,OR,ANM,WE,Federal Contract Tower,32,16,11,2,61,0,5,60,5,70,32,21,71,7,131,96,0,96,227
06/06/2021,MFR,OR,ANM,WE,Federal Contract Tower,35,11,11,0,57,0,4,36,2,42,35,15,47,2,99,16,0,16,115
06/07/2021,MFR,OR,ANM,WE,Federal Contract Tower,28,19,18,0,65,0,4,22,0,26,28,23,40,0,91,42,0,42,133
06/08/2021,MFR,OR,ANM,WE,Federal Contract Tower,28,22,3,0,53,0,0,25,0,25,28,22,28,0,78,16,0,16,94
06/09/2021,MFR,OR,ANM,WE,Federal Contract Tower,31,26,16,3,76,0,3,27,0,30,31,29,43,3,106,34,0,34,140
06/10/2021,MFR,OR,ANM,WE,Federal Contract Tower,42,16,14,0,72,0,2,41,0,43,42,18,55,0,115,10,0,10,125
06/11/2021,MFR,OR,ANM,WE,Federal Contract Tower,29,29,14,0,72,0,4,7,0,11,29,33,21,0,83,0,0,0,83
06/12/2021,MFR,OR,ANM,WE,Federal Contract Tower,35,21,7,0,63,0,2,56,10,68,35,23,63,10,131,56,0,56,187
06/13/2021,MFR,OR,ANM,WE,Federal Contract Tower,32,16,12,1,61,0,0,33,0,33,32,16,45,1,94,32,0,32,126
06/14/2021,MFR,OR,ANM,WE,Federal Contract Tower,34,21,18,0,73,0,1,24,0,25,34,22,42,0,98,24,0,24,122
06/15/2021,MFR,OR,ANM,WE,Federal Contract Tower,28,32,8,0,68,0,10,25,2,37,28,42,33,2,105,20,12,32,137
06/16/2021,MFR,OR,ANM,WE,Federal Contract Tower,28,29,22,1,80,0,3,65,3,71,28,32,87,4,151,8,0,8,159
06/17/2021,MFR,OR,ANM,WE,Federal Contract Tower,31,30,17,5,83,0,4,48,0,52,31,34,65,5,135,8,0,8,143
06/18/2021,MFR,OR,ANM,WE,Federal Contract Tower,27,26,18,0,71,0,5,60,0,65,27,31,78,0,136,24,0,24,160
06/19/2021,MFR,OR,ANM,WE,Federal Contract Tower,29,18,5,0,52,14,10,48,0,72,43,28,53,0,124,40,0,40,164
06/20/2021,MFR,OR,ANM,WE,Federal Contract Tower,34,13,7,0,54,12,5,51,0,68,46,18,58,0,122,8,0,8,130
06/21/2021,MFR,OR,ANM,WE,Federal Contract Tower,28,24,21,0,73,0,3,53,1,57,28,27,74,1,130,14,0,14,144
06/22/2021,MFR,OR,ANM,WE,Federal Contract Tower,30,27,20,3,80,0,3,34,0,37,30,30,54,3,117,12,0,12,129
06/23/2021,MFR,OR,ANM,WE,Federal Contract Tower,32,27,17,0,76,0,3,44,0,47,32,30,61,0,123,16,0,16,139
06/24/2021,MFR,OR,ANM,WE,Federal Contract Tower,38,23,18,0,79,0,10,46,0,56,38,33,64,0,135,18,0,18,153
06/25/2021,MFR,OR,ANM,WE,Federal Contract Tower,28,20,20,0,68,0,5,68,0,73,28,25,88,0,141,20,0,20,161
06/26/2021,MFR,OR,ANM,WE,Federal Contract Tower,30,15,8,1,54,0,13,78,1,92,30,28,86,2,146,22,0,22,168
06/27/2021,MFR,OR,ANM,WE,Federal Contract Tower,34,13,7,0,54,0,4,34,0,38,34,17,41,0,92,26,0,26,118
06/28/2021,MFR,OR,ANM,WE,Federal Contract Tower,26,26,11,0,63,4,7,35,0,46,30,33,46,0,109,26,0,26,135
06/29/2021,MFR,OR,ANM,WE,Federal Contract Tower,26,24,23,0,73,21,2,52,0,75,47,26,75,0,148,48,0,48,196
06/30/2021,MFR,OR,ANM,WE,Federal Contract Tower,29,20,15,2,66,16,8,49,2,75,45,28,64,4,141,16,0,16,157
07/01/2021,MFR,OR,ANM,WE,Federal Contract Tower,38,21,14,0,73,2,1,54,0,57,40,22,68,0,130,34,0,34,164
07/02/2021,MFR,OR,ANM,WE,Federal Contract Tower,28,25,18,0,71,4,2,61,0,67,32,27,79,0,138,26,0,26,164
07/03/2021,MFR,OR,ANM,WE,Federal Contract Tower,28,19,8,0,55,0,3,54,0,57,28,22,62,0,112,42,0,42,154
07/04/2021,MFR,OR,ANM,WE,Federal Contract Tower,28,12,5,0,45,0,4,41,2,47,28,16,46,2,92,14,0,14,106
07/05/2021,MFR,OR,ANM,WE,Federal Contract Tower,29,16,16,0,61,7,2,39,0,48,36,18,55,0,109,2,0,2,111
07/06/2021,MFR,OR,ANM,WE,Federal Contract Tower,26,24,12,0,62,4,1,43,0,48,30,25,55,0,110,8,0,8,118
07/07/2021,MFR,OR,ANM,WE,Federal Contract Tower,27,21,10,3,61,25,3,43,0,71,52,24,53,3,132,2,0,2,134
07/08/2021,MFR,OR,ANM,WE,Federal Contract Tower,33,28,18,0,79,7,6,83,2,98,40,34,101,2,177,76,0,76,253
07/09/2021,MFR,OR,ANM,WE,Federal Contract Tower,30,24,12,0,66,9,2,81,0,92,39,26,93,0,158,64,0,64,222
07/10/2021,MFR,OR,ANM,WE,Federal Contract Tower,28,22,11,1,62,32,4,47,6,89,60,26,58,7,151,6,0,6,157
07/11/2021,MFR,OR,ANM,WE,Federal Contract Tower,33,16,14,0,63,4,3,28,0,35,37,19,42,0,98,28,0,28,126
07/12/2021,MFR,OR,ANM,WE,Federal Contract Tower,26,24,23,0,73,8,1,36,0,45,34,25,59,0,118,0,0,0,118
07/13/2021,MFR,OR,ANM,WE,Federal Contract Tower,27,23,18,6,74,5,1,59,0,65,32,24,77,6,139,14,0,14,153
07/14/2021,MFR,OR,ANM,WE,Federal Contract Tower,29,23,11,3,66,8,3,40,1,52,37,26,51,4,118,0,0,0,118
07/15/2021,MFR,OR,ANM,WE,Federal Contract Tower,30,26,8,1,65,13,1,52,1,67,43,27,60,2,132,48,0,48,180
07/16/2021,MFR,OR,ANM,WE,Federal Contract Tower,30,23,17,0,70,3,4,62,0,69,33,27,79,0,139,58,0,58,197
07/17/2021,MFR,OR,ANM,WE,Federal Contract Tower,31,19,12,0,62,10,6,39,2,57,41,25,51,2,119,14,0,14,133
07/19/2021,MFR,OR,ANM,WE,Federal Contract Tower,27,28,11,0,66,3,3,47,0,53,30,31,58,0,119,2,0,2,121
07/20/2021,MFR,OR,ANM,WE,Federal Contract Tower,26,25,13,0,64,3,4,53,3,63,29,29,66,3,127,14,0,14,141
07/21/2021,MFR,OR,ANM,WE,Federal Contract Tower,28,29,10,2,69,2,1,60,0,63,30,30,70,2,132,18,0,18,150
07/22/2021,MFR,OR,ANM,WE,Federal Contract Tower,33,26,11,1,71,4,9,45,4,62,37,35,56,5,133,12,0,12,145
07/23/2021,MFR,OR,ANM,WE,Federal Contract Tower,27,20,10,0,57,7,14,49,0,70,34,34,59,0,127,46,0,46,173
07/24/2021,MFR,OR,ANM,WE,Federal Contract Tower,31,25,10,0,66,4,4,32,0,40,35,29,42,0,106,22,0,22,128
07/25/2021,MFR,OR,ANM,WE,Federal Contract Tower,31,14,13,0,58,6,5,46,0,57,37,19,59,0,115,24,0,24,139
07/26/2021,MFR,OR,ANM,WE,Federal Contract Tower,29,26,21,1,77,2,3,39,2,46,31,29,60,3,123,6,6,12,135
07/27/2021,MFR,OR,ANM,WE,Federal Contract Tower,26,25,14,0,65,1,2,13,0,16,27,27,27,0,81,4,0,4,85
07/28/2021,MFR,OR,ANM,WE,Federal Contract Tower,29,24,13,2,68,5,2,45,4,56,34,26,58,6,124,48,0,48,172
07/29/2021,MFR,OR,ANM,WE,Federal Contract Tower,32,31,11,0,74,0,8,43,2,53,32,39,54,2,127,54,6,60,187
07/30/2021,MFR,OR,ANM,WE,Federal Contract Tower,27,29,5,0,61,12,15,57,0,84,39,44,62,0,145,42,0,42,187
07/31/2021,MFR,OR,ANM,WE,Federal Contract Tower,27,22,13,0,62,5,20,43,0,68,32,42,56,0,130,14,0,14,144
08/01/2021,MFR,OR,ANM,WE,Federal Contract Tower,34,19,11,3,67,2,9,39,3,53,36,28,50,6,120,34,0,34,154
08/02/2021,MFR,OR,ANM,WE,Federal Contract Tower,27,26,9,7,69,41,20,47,2,110,68,46,56,9,179,0,42,42,221
08/03/2021,MFR,OR,ANM,WE,Federal Contract Tower,23,25,17,4,69,26,13,37,10,86,49,38,54,14,155,22,0,22,177
08/04/2021,MFR,OR,ANM,WE,Federal Contract Tower,30,27,30,1,88,0,0,6,0,6,30,27,36,1,94,0,0,0,94
08/05/2021,MFR,OR,ANM,WE,Federal Contract Tower,32,24,26,0,82,1,4,27,0,32,33,28,53,0,114,12,0,12,126
08/06/2021,MFR,OR,ANM,WE,Federal Contract Tower,30,24,14,2,70,12,5,55,0,72,42,29,69,2,142,34,0,34,176
08/07/2021,MFR,OR,ANM,WE,Federal Contract Tower,28,21,14,0,63,32,4,17,0,53,60,25,31,0,116,26,0,26,142
08/08/2021,MFR,OR,ANM,WE,Federal Contract Tower,31,17,12,0,60,0,5,33,2,40,31,22,45,2,100,30,0,30,130
08/09/2021,MFR,OR,ANM,WE,Federal Contract Tower,29,26,25,2,82,5,3,15,2,25,34,29,40,4,107,2,2,4,111
08/10/2021,MFR,OR,ANM,WE,Federal Contract Tower,27,24,32,0,83,1,2,4,0,7,28,26,36,0,90,0,0,0,90
08/11/2021,MFR,OR,ANM,WE,Federal Contract Tower,27,30,21,0,78,0,0,0,0,0,27,30,21,0,78,0,0,0,78
08/12/2021,MFR,OR,ANM,WE,Federal Contract Tower,32,27,15,0,74,0,0,0,0,0,32,27,15,0,74,0,0,0,74
08/13/2021,MFR,OR,ANM,WE,Federal Contract Tower,27,22,17,0,66,0,0,0,0,0,27,22,17,0,66,0,0,0,66
08/14/2021,MFR,OR,ANM,WE,Federal Contract Tower,26,24,22,0,72,0,0,0,0,0,26,24,22,0,72,0,0,0,72
08/15/2021,MFR,OR,ANM,WE,Federal Contract Tower,32,14,23,0,69,0,0,1,0,1,32,14,24,0,70,0,0,0,70
08/16/2021,MFR,OR,ANM,WE,Federal Contract Tower,26,25,9,0,60,0,9,28,0,37,26,34,37,0,97,38,0,38,135
08/17/2021,MFR,OR,ANM,WE,Federal Contract Tower,23,22,22,0,67,1,10,28,0,39,24,32,50,0,106,30,0,30,136
08/18/2021,MFR,OR,ANM,WE,Federal Contract Tower,20,22,24,0,66,0,3,6,0,9,20,25,30,0,75,0,0,0,75
08/19/2021,MFR,OR,ANM,WE,Federal Contract Tower,25,30,18,2,75,0,5,26,3,34,25,35,44,5,109,56,8,64,173
08/20/2021,MFR,OR,ANM,WE,Federal Contract Tower,27,23,22,0,72,0,1,12,0,13,27,24,34,0,85,6,0,6,91
08/21/2021,MFR,OR,ANM,WE,Federal Contract Tower,23,21,12,0,56,0,0,29,0,29,23,21,41,0,85,54,0,54,139
08/22/2021,MFR,OR,ANM,WE,Federal Contract Tower,22,14,13,0,49,0,2,20,0,22,22,16,33,0,71,56,0,56,127
08/23/2021,MFR,OR,ANM,WE,Federal Contract Tower,25,29,18,0,72,0,1,10,0,11,25,30,28,0,83,6,0,6,89
08/24/2021,MFR,OR,ANM,WE,Federal Contract Tower,20,25,18,0,63,0,0,3,0,3,20,25,21,0,66,0,0,0,66
08/25/2021,MFR,OR,ANM,WE,Federal Contract Tower,21,27,21,0,69,0,0,22,2,24,21,27,43,2,93,2,0,2,95
08/26/2021,MFR,OR,ANM,WE,Federal Contract Tower,23,24,9,3,59,0,2,31,5,38,23,26,40,8,97,16,0,16,113
08/27/2021,MFR,OR,ANM,WE,Federal Contract Tower,26,20,19,0,65,0,1,18,0,19,26,21,37,0,84,12,0,12,96
08/28/2021,MFR,OR,ANM,WE,Federal Contract Tower,27,20,31,0,78,2,0,9,0,11,29,20,40,0,89,4,0,4,93
08/29/2021,MFR,OR,ANM,WE,Federal Contract Tower,23,14,22,0,59,0,0,1,0,1,23,14,23,0,60,0,0,0,60
08/30/2021,MFR,OR,ANM,WE,Federal Contract Tower,28,25,15,3,71,44,5,31,4,84,72,30,46,7,155,56,0,56,211
08/31/2021,MFR,OR,ANM,WE,Federal Contract Tower,26,26,22,0,74,2,0,8,0,10,28,26,30,0,84,0,0,0,84
09/01/2021,MFR,OR,ANM,WE,Federal Contract Tower,25,24,24,0,73,0,1,5,0,6,25,25,29,0,79,0,0,0,79
09/02/2021,MFR,OR,ANM,WE,Federal Contract Tower,28,24,17,0,69,1,2,14,0,17,29,26,31,0,86,6,0,6,92
09/03/2021,MFR,OR,ANM,WE,Federal Contract Tower,22,26,23,0,71,0,0,9,0,9,22,26,32,0,80,20,0,20,100
09/04/2021,MFR,OR,ANM,WE,Federal Contract Tower,23,20,27,0,70,0,0,0,0,0,23,20,27,0,70,0,0,0,70
09/05/2021,MFR,OR,ANM,WE,Federal Contract Tower,25,12,6,0,43,0,0,0,0,0,25,12,6,0,43,0,0,0,43
09/06/2021,MFR,OR,ANM,WE,Federal Contract Tower,30,13,30,0,73,0,0,1,0,1,30,13,31,0,74,0,0,0,74
09/07/2021,MFR,OR,ANM,WE,Federal Contract Tower,24,37,26,0,87,3,6,3,0,12,27,43,29,0,99,0,0,0,99
09/08/2021,MFR,OR,ANM,WE,Federal Contract Tower,27,43,13,1,84,4,2,18,0,24,31,45,31,1,108,20,0,20,128
09/09/2021,MFR,OR,ANM,WE,Federal Contract Tower,29,22,18,0,69,0,3,17,0,20,29,25,35,0,89,10,0,10,99
09/10/2021,MFR,OR,ANM,WE,Federal Contract Tower,30,24,9,0,63,5,2,21,0,28,35,26,30,0,91,20,0,20,111
09/11/2021,MFR,OR,ANM,WE,Federal Contract Tower,25,16,12,0,53,2,4,47,1,54,27,20,59,1,107,78,10,88,195
09/12/2021,MFR,OR,ANM,WE,Federal Contract Tower,29,11,11,0,51,0,6,41,0,47,29,17,52,0,98,30,0,30,128
09/13/2021,MFR,OR,ANM,WE,Federal Contract Tower,29,19,15,0,63,4,3,44,0,51,33,22,59,0,114,38,0,38,152
09/14/2021,MFR,OR,ANM,WE,Federal Contract Tower,25,22,17,0,64,0,8,33,0,41,25,30,50,0,105,50,0,50,155
09/15/2021,MFR,OR,ANM,WE,Federal Contract Tower,28,24,17,0,69,0,2,29,0,31,28,26,46,0,100,16,0,16,116
09/16/2021,MFR,OR,ANM,WE,Federal Contract Tower,27,20,17,0,64,14,7,51,0,72,41,27,68,0,136,40,0,40,176
09/17/2021,MFR,OR,ANM,WE,Federal Contract Tower,31,22,12,1,66,0,3,26,0,29,31,25,38,1,95,16,0,16,111
09/18/2021,MFR,OR,ANM,WE,Federal Contract Tower,25,20,17,0,62,0,0,7,0,7,25,20,24,0,69,8,0,8,77
09/19/2021,MFR,OR,ANM,WE,Federal Contract Tower,27,16,13,0,56,0,0,14,0,14,27,16,27,0,70,4,0,4,74
09/20/2021,MFR,OR,ANM,WE,Federal Contract Tower,33,21,9,0,63,2,4,63,0,69,35,25,72,0,132,28,1,29,161
09/21/2021,MFR,OR,ANM,WE,Federal Contract Tower,24,22,13,0,59,0,1,58,0,59,24,23,71,0,118,24,0,24,142
09/22/2021,MFR,OR,ANM,WE,Federal Contract Tower,28,25,17,0,70,0,6,53,0,59,28,31,70,0,129,56,0,56,185
09/23/2021,MFR,OR,ANM,WE,Federal Contract Tower,30,18,11,3,62,7,4,60,1,72,37,22,71,4,134,26,4,30,164
09/24/2021,MFR,OR,ANM,WE,Federal Contract Tower,31,21,16,0,68,0,3,46,0,49,31,24,62,0,117,18,0,18,135
09/25/2021,MFR,OR,ANM,WE,Federal Contract Tower,25,18,12,0,55,0,1,58,0,59,25,19,70,0,114,18,0,18,132
09/27/2021,MFR,OR,ANM,WE,Federal Contract Tower,32,23,15,0,70,0,0,1,0,1,32,23,16,0,71,0,0,0,71
09/28/2021,MFR,OR,ANM,WE,Federal Contract Tower,25,21,16,4,66,0,3,26,1,30,25,24,42,5,96,4,8,12,108
09/29/2021,MFR,OR,ANM,WE,Federal Contract Tower,26,22,5,1,54,0,2,50,1,53,26,24,55,2,107,40,0,40,147
09/30/2021,MFR,OR,ANM,WE,Federal Contract Tower,29,25,10,2,66,0,1,46,1,48,29,26,56,3,114,10,16,26,140
10/01/2021,MFR,OR,ANM,WE,Federal Contract Tower,31,21,9,0,61,0,0,62,2,64,31,21,71,2,125,20,0,20,145
10/02/2021,MFR,OR,ANM,WE,Federal Contract Tower,25,15,13,0,53,0,1,54,1,56,25,16,67,1,109,18,0,18,127
10/03/2021,MFR,OR,ANM,WE,Federal Contract Tower,29,12,17,3,61,0,0,59,0,59,29,12,76,3,120,18,0,18,138
10/04/2021,MFR,OR,ANM,WE,Federal Contract Tower,31,18,11,0,60,0,4,33,0,37,31,22,44,0,97,14,0,14,111
10/05/2021,MFR,OR,ANM,WE,Federal Contract Tower,28,20,14,0,62,0,3,27,2,32,28,23,41,2,94,40,2,42,136
10/06/2021,MFR,OR,ANM,WE,Federal Contract Tower,29,30,17,0,76,0,7,19,0,26,29,37,36,0,102,12,0,12,114
10/07/2021,MFR,OR,ANM,WE,Federal Contract Tower,38,14,16,0,68,0,3,42,0,45,38,17,58,0,113,22,0,22,135
10/08/2021,MFR,OR,ANM,WE,Federal Contract Tower,31,21,21,0,73,0,0,28,0,28,31,21,49,0,101,18,0,18,119
10/09/2021,MFR,OR,ANM,WE,Federal Contract Tower,23,14,9,0,46,1,4,60,0,65,24,18,69,0,111,26,0,26,137
10/10/2021,MFR,OR,ANM,WE,Federal Contract Tower,31,12,12,0,55,0,3,7,0,10,31,15,19,0,65,6,0,6,71
10/11/2021,MFR,OR,ANM,WE,Federal Contract Tower,36,21,18,0,75,0,0,11,0,11,36,21,29,0,86,0,0,0,86
10/12/2021,MFR,OR,ANM,WE,Federal Contract Tower,29,19,14,2,64,0,14,20,0,34,29,33,34,2,98,12,0,12,110
10/13/2021,MFR,OR,ANM,WE,Federal Contract Tower,25,17,15,0,57,0,0,14,0,14,25,17,29,0,71,4,0,4,75
10/14/2021,MFR,OR,ANM,WE,Federal Contract Tower,32,17,13,1,63,0,3,42,1,46,32,20,55,2,109,26,0,26,135
10/15/2021,MFR,OR,ANM,WE,Federal Contract Tower,31,16,7,0,54,0,1,55,2,58,31,17,62,2,112,20,0,20,132
10/16/2021,MFR,OR,ANM,WE,Federal Contract Tower,25,16,5,0,46,0,3,66,0,69,25,19,71,0,115,44,0,44,159
10/17/2021,MFR,OR,ANM,WE,Federal Contract Tower,33,13,7,1,54,0,0,33,1,34,33,13,40,2,88,20,4,24,112
10/18/2021,MFR,OR,ANM,WE,Federal Contract Tower,33,18,12,0,63,0,1,26,3,30,33,19,38,3,93,18,8,26,119
10/19/2021,MFR,OR,ANM,WE,Federal Contract Tower,33,19,15,2,69,0,2,30,4,36,33,21,45,6,105,28,4,32,137
10/20/2021,MFR,OR,ANM,WE,Federal Contract Tower,25,19,17,0,61,0,1,17,0,18,25,20,34,0,79,22,0,22,101
10/21/2021,MFR,OR,ANM,WE,Federal Contract Tower,27,15,6,0,48,0,0,8,0,8,27,15,14,0,56,8,0,8,64
10/22/2021,MFR,OR,ANM,WE,Federal Contract Tower,27,22,8,0,57,0,0,14,0,14,27,22,22,0,71,32,0,32,103
10/23/2021,MFR,OR,ANM,WE,Federal Contract Tower,27,22,10,0,59,0,0,2,0,2,27,22,12,0,61,0,0,0,61
10/24/2021,MFR,OR,ANM,WE,Federal Contract Tower,31,11,11,2,55,0,0,0,0,0,31,11,11,2,55,0,0,0,55
10/25/2021,MFR,OR,ANM,WE,Federal Contract Tower,32,13,9,0,54,0,0,7,0,7,32,13,16,0,61,28,0,28,89
10/26/2021,MFR,OR,ANM,WE,Federal Contract Tower,28,32,13,0,73,0,1,12,0,13,28,33,25,0,86,30,0,30,116
10/27/2021,MFR,OR,ANM,WE,Federal Contract Tower,25,18,19,2,64,0,0,10,0,10,25,18,29,2,74,36,0,36,110
10/28/2021,MFR,OR,ANM,WE,Federal Contract Tower,32,17,10,1,60,0,1,63,2,66,32,18,73,3,126,70,12,82,208
10/29/2021,MFR,OR,ANM,WE,Federal Contract Tower,31,22,21,0,74,0,0,12,0,12,31,22,33,0,86,14,0,14,100
10/30/2021,MFR,OR,ANM,WE,Federal Contract Tower,25,15,4,0,44,0,0,4,0,4,25,15,8,0,48,0,0,0,48
10/31/2021,MFR,OR,ANM,WE,Federal Contract Tower,28,11,13,0,52,0,0,33,0,33,28,11,46,0,85,48,0,48,133
11/01/2021,MFR,OR,ANM,WE,Federal Contract Tower,28,19,5,0,52,0,1,5,0,6,28,20,10,0,58,16,0,16,74
11/02/2021,MFR,OR,ANM,WE,Federal Contract Tower,22,26,20,0,68,0,2,45,0,47,22,28,65,0,115,26,0,26,141
11/03/2021,MFR,OR,ANM,WE,Federal Contract Tower,19,24,16,2,61,0,5,27,1,33,19,29,43,3,94,35,2,37,131
11/04/2021,MFR,OR,ANM,WE,Federal Contract Tower,25,27,11,0,63,0,0,16,0,16,25,27,27,0,79,18,0,18,97
11/05/2021,MFR,OR,ANM,WE,Federal Contract Tower,28,24,16,0,68,0,0,3,0,3,28,24,19,0,71,0,0,0,71
11/06/2021,MFR,OR,ANM,WE,Federal Contract Tower,20,17,7,2,46,0,0,17,0,17,20,17,24,2,63,2,0,2,65
11/07/2021,MFR,OR,ANM,WE,Federal Contract Tower,26,13,19,0,58,0,0,39,0,39,26,13,58,0,97,26,0,26,123
11/08/2021,MFR,OR,ANM,WE,Federal Contract Tower,28,22,17,3,70,0,0,19,1,20,28,22,36,4,90,10,16,26,116
11/09/2021,MFR,OR,ANM,WE,Federal Contract Tower,20,32,24,1,77,0,0,20,0,20,20,32,44,1,97,32,0,32,129
11/10/2021,MFR,OR,ANM,WE,Federal Contract Tower,19,28,10,0,57,0,0,5,0,5,19,28,15,0,62,8,0,8,70
11/11/2021,MFR,OR,ANM,WE,Federal Contract Tower,23,25,10,1,59,0,0,55,1,56,23,25,65,2,115,68,0,68,183
11/12/2021,MFR,OR,ANM,WE,Federal Contract Tower,26,28,19,0,73,0,0,0,0,0,26,28,19,0,73,0,0,0,73
11/13/2021,MFR,OR,ANM,WE,Federal Contract Tower,20,20,15,0,55,0,0,0,0,0,20,20,15,0,55,0,0,0,55
11/14/2021,MFR,OR,ANM,WE,Federal Contract Tower,27,13,23,0,63,0,0,0,0,0,27,13,23,0,63,0,0,0,63
11/15/2021,MFR,OR,ANM,WE,Federal Contract Tower,26,22,26,0,74,0,0,2,0,2,26,22,28,0,76,4,0,4,80
11/16/2021,MFR,OR,ANM,WE,Federal Contract Tower,20,27,13,0,60,0,0,58,0,58,20,27,71,0,118,18,0,18,136
11/17/2021,MFR,OR,ANM,WE,Federal Contract Tower,19,30,15,0,64,0,0,29,0,29,19,30,44,0,93,16,0,16,109
11/18/2021,MFR,OR,ANM,WE,Federal Contract Tower,25,23,9,0,57,0,0,23,0,23,25,23,32,0,80,42,0,42,122
11/19/2021,MFR,OR,ANM,WE,Federal Contract Tower,27,28,12,4,71,0,1,21,0,22,27,29,33,4,93,32,0,32,125
11/20/2021,MFR,OR,ANM,WE,Federal Contract Tower,14,22,19,0,55,0,0,15,0,15,14,22,34,0,70,14,0,14,84
11/21/2021,MFR,OR,ANM,WE,Federal Contract Tower,26,16,19,0,61,0,0,25,0,25,26,16,44,0,86,32,0,32,118
11/22/2021,MFR,OR,ANM,WE,Federal Contract Tower,30,27,15,0,72,0,1,16,0,17,30,28,31,0,89,22,0,22,111
11/23/2021,MFR,OR,ANM,WE,Federal Contract Tower,24,43,13,7,87,0,22,2,0,24,24,65,15,7,111,6,16,22,133
11/24/2021,MFR,OR,ANM,WE,Federal Contract Tower,28,28,7,0,63,0,1,39,0,40,28,29,46,0,103,40,0,40,143
11/25/2021,MFR,OR,ANM,WE,Federal Contract Tower,15,7,5,0,27,0,0,10,0,10,15,7,15,0,37,14,0,14,51
11/26/2021,MFR,OR,ANM,WE,Federal Contract Tower,19,28,6,0,53,0,0,15,0,15,19,28,21,0,68,30,0,30,98
11/27/2021,MFR,OR,ANM,WE,Federal Contract Tower,22,22,15,0,59,0,0,21,0,21,22,22,36,0,80,40,0,40,120
11/28/2021,MFR,OR,ANM,WE,Federal Contract Tower,23,14,21,0,58,0,0,0,0,0,23,14,21,0,58,0,0,0,58
11/29/2021,MFR,OR,ANM,WE,Federal Contract Tower,22,28,15,0,65,0,0,0,0,0,22,28,15,0,65,0,0,0,65
11/30/2021,MFR,OR,ANM,WE,Federal Contract Tower,21,41,16,0,78,0,0,3,0,3,21,41,19,0,81,0,0,0,81
12/01/2021,MFR,OR,ANM,WE,Federal Contract Tower,20,29,18,0,67,0,0,0,0,0,20,29,18,0,67,0,0,0,67
12/02/2021,MFR,OR,ANM,WE,Federal Contract Tower,26,35,26,0,87,0,0,0,0,0,26,35,26,0,87,0,0,0,87
12/03/2021,MFR,OR,ANM,WE,Federal Contract Tower,27,28,24,0,79,0,0,0,0,0,27,28,24,0,79,0,0,0,79
12/04/2021,MFR,OR,ANM,WE,Federal Contract Tower,18,18,19,2,57,0,0,0,0,0,18,18,19,2,57,0,0,0,57
12/05/2021,MFR,OR,ANM,WE,Federal Contract Tower,22,10,19,0,51,0,0,0,0,0,22,10,19,0,51,0,0,0,51
12/06/2021,MFR,OR,ANM,WE,Federal Contract Tower,26,20,23,0,69,0,0,3,0,3,26,20,26,0,72,0,0,0,72
12/07/2021,MFR,OR,ANM,WE,Federal Contract Tower,18,33,30,0,81,0,0,0,0,0,18,33,30,0,81,0,0,0,81
12/08/2021,MFR,OR,ANM,WE,Federal Contract Tower,17,31,13,0,61,0,0,5,0,5,17,31,18,0,66,12,0,12,78
12/09/2021,MFR,OR,ANM,WE,Federal Contract Tower,23,31,22,3,79,0,0,36,0,36,23,31,58,3,115,86,0,86,201
12/10/2021,MFR,OR,ANM,WE,Federal Contract Tower,26,34,24,2,86,0,1,71,0,72,26,35,95,2,158,4,0,4,162
12/11/2021,MFR,OR,ANM,WE,Federal Contract Tower,16,12,8,0,36,0,0,31,0,31,16,12,39,0,67,16,0,16,83
12/12/2021,MFR,OR,ANM,WE,Federal Contract Tower,23,14,7,0,44,0,0,2,0,2,23,14,9,0,46,0,0,0,46
12/13/2021,MFR,OR,ANM,WE,Federal Contract Tower,25,24,11,0,60,0,0,0,0,0,25,24,11,0,60,0,0,0,60
12/14/2021,MFR,OR,ANM,WE,Federal Contract Tower,18,34,13,0,65,0,1,10,0,11,18,35,23,0,76,8,0,8,84
12/15/2021,MFR,OR,ANM,WE,Federal Contract Tower,20,31,10,0,61,0,0,0,0,0,20,31,10,0,61,0,0,0,61
12/16/2021,MFR,OR,ANM,WE,Federal Contract Tower,26,28,23,0,77,0,0,0,0,0,26,28,23,0,77,0,0,0,77
12/17/2021,MFR,OR,ANM,WE,Federal Contract Tower,25,32,18,0,75,0,0,30,0,30,25,32,48,0,105,0,0,0,105
12/18/2021,MFR,OR,ANM,WE,Federal Contract Tower,19,17,7,0,43,0,0,31,0,31,19,17,38,0,74,12,0,12,86
12/19/2021,MFR,OR,ANM,WE,Federal Contract Tower,18,15,16,0,49,0,0,10,0,10,18,15,26,0,59,30,0,30,89
12/20/2021,MFR,OR,ANM,WE,Federal Contract Tower,24,21,21,0,66,0,3,18,0,21,24,24,39,0,87,30,0,30,117
12/21/2021,MFR,OR,ANM,WE,Federal Contract Tower,19,31,20,0,70,0,0,16,0,16,19,31,36,0,86,8,0,8,94
12/22/2021,MFR,OR,ANM,WE,Federal Contract Tower,21,31,8,0,60,0,0,0,0,0,21,31,8,0,60,0,0,0,60
12/23/2021,MFR,OR,ANM,WE,Federal Contract Tower,19,35,8,0,62,0,0,0,0,0,19,35,8,0,62,0,0,0,62
12/24/2021,MFR,OR,ANM,WE,Federal Contract Tower,23,25,7,0,55,0,0,0,0,0,23,25,7,0,55,0,0,0,55
12/25/2021,MFR,OR,ANM,WE,Federal Contract Tower,22,11,9,0,42,0,0,0,0,0,22,11,9,0,42,0,0,0,42
12/26/2021,MFR,OR,ANM,WE,Federal Contract Tower,12,11,9,0,32,0,0,0,0,0,12,11,9,0,32,0,0,0,32
12/27/2021,MFR,OR,ANM,WE,Federal Contract Tower,18,20,4,0,42,0,0,3,0,3,18,20,7,0,45,18,0,18,63
12/28/2021,MFR,OR,ANM,WE,Federal Contract Tower,13,24,6,0,43,0,0,0,0,0,13,24,6,0,43,0,0,0,43
12/29/2021,MFR,OR,ANM,WE,Federal Contract Tower,15,27,13,0,55,0,0,12,0,12,15,27,25,0,67,40,0,40,107
12/30/2021,MFR,OR,ANM,WE,Federal Contract Tower,16,29,7,0,52,0,0,17,0,17,16,29,24,0,69,34,0,34,103
12/31/2021,MFR,OR,ANM,WE,Federal Contract Tower,18,20,10,0,48,0,0,6,0,6,18,20,16,0,54,0,0,0,54
01/01/2022,MFR,OR,ANM,WE,Federal Contract Tower,24,16,15,0,55,0,4,54,0,58,24,20,69,0,113,44,0,44,157
01/02/2022,MFR,OR,ANM,WE,Federal Contract Tower,15,15,14,0,44,0,0,17,0,17,15,15,31,0,61,16,0,16,77
01/03/2022,MFR,OR,ANM,WE,Federal Contract Tower,21,23,9,0,53,0,0,0,0,0,21,23,9,0,53,0,0,0,53
01/04/2022,MFR,OR,ANM,WE,Federal Contract Tower,18,23,19,0,60,0,1,6,0,7,18,24,25,0,67,10,0,10,77
01/05/2022,MFR,OR,ANM,WE,Federal Contract Tower,20,26,3,4,53,0,0,10,0,10,20,26,13,4,63,30,0,30,93
01/06/2022,MFR,OR,ANM,WE,Federal Contract Tower,26,26,9,0,61,0,0,14,0,14,26,26,23,0,75,26,0,26,101
01/07/2022,MFR,OR,ANM,WE,Federal Contract Tower,26,23,14,0,63,0,0,27,0,27,26,23,41,0,90,54,0,54,144
01/08/2022,MFR,OR,ANM,WE,Federal Contract Tower,16,17,10,0,43,0,1,48,0,49,16,18,58,0,92,36,0,36,128
01/09/2022,MFR,OR,ANM,WE,Federal Contract Tower,24,14,9,0,47,1,0,63,0,64,25,14,72,0,111,78,0,78,189
01/10/2022,MFR,OR,ANM,WE,Federal Contract Tower,28,24,16,0,68,0,2,37,0,39,28,26,53,0,107,44,0,44,151
01/11/2022,MFR,OR,ANM,WE,Federal Contract Tower,23,21,10,0,54,0,3,43,1,47,23,24,53,1,101,46,0,46,147
01/12/2022,MFR,OR,ANM,WE,Federal Contract Tower,21,23,3,5,52,0,0,48,1,49,21,23,51,6,101,62,12,74,175
01/13/2022,MFR,OR,ANM,WE,Federal Contract Tower,28,22,11,0,61,0,3,23,0,26,28,25,34,0,87,30,0,30,117
01/14/2022,MFR,OR,ANM,WE,Federal Contract Tower,27,24,10,0,61,0,0,42,0,42,27,24,52,0,103,32,0,32,135
01/15/2022,MFR,OR,ANM,WE,Federal Contract Tower,18,15,5,0,38,0,0,58,0,58,18,15,63,0,96,54,0,54,150
01/16/2022,MFR,OR,ANM,WE,Federal Contract Tower,21,10,7,0,38,0,1,56,0,57,21,11,63,0,95,20,0,20,115
01/17/2022,MFR,OR,ANM,WE,Federal Contract Tower,25,17,20,0,62,0,1,35,0,36,25,18,55,0,98,14,0,14,112
01/18/2022,MFR,OR,ANM,WE,Federal Contract Tower,23,25,10,0,58,0,0,25,0,25,23,25,35,0,83,28,0,28,111
01/19/2022,MFR,OR,ANM,WE,Federal Contract Tower,18,22,7,0,47,0,0,30,0,30,18,22,37,0,77,46,0,46,123
01/20/2022,MFR,OR,ANM,WE,Federal Contract Tower,24,26,17,0,67,0,0,45,0,45,24,26,62,0,112,32,0,32,144
01/21/2022,MFR,OR,ANM,WE,Federal Contract Tower,26,19,8,14,67,0,0,32,0,32,26,19,40,14,99,16,0,16,115
01/22/2022,MFR,OR,ANM,WE,Federal Contract Tower,13,9,16,0,38,0,5,51,0,56,13,14,67,0,94,12,0,12,106
01/23/2022,MFR,OR,ANM,WE,Federal Contract Tower,27,10,17,0,54,0,0,37,0,37,27,10,54,0,91,102,0,102,193
01/24/2022,MFR,OR,ANM,WE,Federal Contract Tower,30,23,10,8,71,0,0,19,0,19,30,23,29,8,90,0,8,8,98
01/25/2022,MFR,OR,ANM,WE,Federal Contract Tower,21,20,13,4,58,0,2,30,0,32,21,22,43,4,90,18,0,18,108
01/26/2022,MFR,OR,ANM,WE,Federal Contract Tower,25,21,12,1,59,0,1,37,1,39,25,22,49,2,98,8,0,8,106
01/27/2022,MFR,OR,ANM,WE,Federal Contract Tower,25,21,9,0,55,0,1,2,0,3,25,22,11,0,58,20,0,20,78
01/28/2022,MFR,OR,ANM,WE,Federal Contract Tower,27,19,24,1,71,0,1,39,6,46,27,20,63,7,117,24,10,34,151
01/29/2022,MFR,OR,ANM,WE,Federal Contract Tower,20,10,8,0,38,0,2,43,0,45,20,12,51,0,83,24,0,24,107
01/30/2022,MFR,OR,ANM,WE,Federal Contract Tower,25,12,8,0,45,0,2,32,0,34,25,14,40,0,79,44,0,44,123
01/31/2022,MFR,OR,ANM,WE,Federal Contract Tower,31,18,9,6,64,0,0,13,4,17,31,18,22,10,81,6,0,6,87
02/01/2022,MFR,OR,ANM,WE,Federal Contract Tower,27,27,9,6,69,0,3,22,5,30,27,30,31,11,99,68,12,80,179
02/02/2022,MFR,OR,ANM,WE,Federal Contract Tower,20,22,6,0,48,0,1,24,0,25,20,23,30,0,73,22,0,22,95
02/03/2022,MFR,OR,ANM,WE,Federal Contract Tower,28,17,4,1,50,0,2,45,1,48,28,19,49,2,98,46,6,52,150
02/04/2022,MFR,OR,ANM,WE,Federal Contract Tower,31,24,9,5,69,0,2,26,0,28,31,26,35,5,97,78,16,94,191
02/05/2022,MFR,OR,ANM,WE,Federal Contract Tower,20,21,15,0,56,0,1,54,0,55,20,22,69,0,111,42,0,42,153
02/06/2022,MFR,OR,ANM,WE,Federal Contract Tower,28,11,11,0,50,0,0,43,0,43,28,11,54,0,93,8,0,8,101
02/07/2022,MFR,OR,ANM,WE,Federal Contract Tower,28,17,14,0,59,0,1,42,1,44,28,18,56,1,103,20,30,50,153
02/08/2022,MFR,OR,ANM,WE,Federal Contract Tower,22,25,16,0,63,0,2,35,0,37,22,27,51,0,100,24,0,24,124
02/09/2022,MFR,OR,ANM,WE,Federal Contract Tower,22,23,9,0,54,0,3,52,0,55,22,26,61,0,109,66,0,66,175
02/10/2022,MFR,OR,ANM,WE,Federal Contract Tower,28,24,9,0,61,0,2,55,0,57,28,26,64,0,118,48,2,50,168
02/11/2022,MFR,OR,ANM,WE,Federal Contract Tower,29,21,9,0,59,0,0,62,0,62,29,21,71,0,121,42,0,42,163
02/12/2022,MFR,OR,ANM,WE,Federal Contract Tower,18,12,8,0,38,0,1,66,0,67,18,13,74,0,105,14,0,14,119
02/13/2022,MFR,OR,ANM,WE,Federal Contract Tower,22,13,7,0,42,0,0,68,0,68,22,13,75,0,110,70,0,70,180
02/14/2022,MFR,OR,ANM,WE,Federal Contract Tower,28,21,8,0,57,0,1,12,0,13,28,22,20,0,70,32,0,32,102
02/15/2022,MFR,OR,ANM,WE,Federal Contract Tower,23,26,16,2,67,0,0,34,0,34,23,26,50,2,101,34,0,34,135
02/16/2022,MFR,OR,ANM,WE,Federal Contract Tower,19,23,17,0,59,0,2,63,0,65,19,25,80,0,124,60,0,60,184
02/17/2022,MFR,OR,ANM,WE,Federal Contract Tower,25,22,24,0,71,0,2,37,0,39,25,24,61,0,110,16,0,16,126
02/18/2022,MFR,OR,ANM,WE,Federal Contract Tower,26,22,11,0,59,0,1,71,0,72,26,23,82,0,131,52,0,52,183
02/19/2022,MFR,OR,ANM,WE,Federal Contract Tower,18,14,17,0,49,0,1,46,0,47,18,15,63,0,96,64,0,64,160
02/20/2022,MFR,OR,ANM,WE,Federal Contract Tower,22,11,21,0,54,0,0,24,0,24,22,11,45,0,78,32,0,32,110
02/21/2022,MFR,OR,ANM,WE,Federal Contract Tower,31,16,5,0,52,0,0,0,0,0,31,16,5,0,52,0,0,0,52
02/22/2022,MFR,OR,ANM,WE,Federal Contract Tower,22,21,8,0,51,0,0,8,0,8,22,21,16,0,59,8,0,8,67
02/23/2022,MFR,OR,ANM,WE,Federal Contract Tower,22,20,9,0,51,0,4,54,1,59,22,24,63,1,110,28,0,28,138
02/24/2022,MFR,OR,ANM,WE,Federal Contract Tower,29,22,10,0,61,0,2,35,0,37,29,24,45,0,98,38,0,38,136
02/25/2022,MFR,OR,ANM,WE,Federal Contract Tower,28,24,9,1,62,0,1,61,4,66,28,25,70,5,128,42,2,44,172
02/26/2022,MFR,OR,ANM,WE,Federal Contract Tower,19,14,7,0,40,0,1,32,0,33,19,15,39,0,73,12,0,12,85
02/27/2022,MFR,OR,ANM,WE,Federal Contract Tower,27,16,16,0,59,0,0,25,0,25,27,16,41,0,84,10,0,10,94
02/28/2022,MFR,OR,ANM,WE,Federal Contract Tower,23,21,7,1,52,0,0,16,1,17,23,21,23,2,69,52,0,52,121
03/01/2022,MFR,OR,ANM,WE,Federal Contract Tower,23,24,23,0,70,0,1,33,0,34,23,25,56,0,104,58,0,58,162
03/02/2022,MFR,OR,ANM,WE,Federal Contract Tower,23,21,16,7,67,0,25,1,0,26,23,46,17,7,93,12,8,20,113
03/03/2022,MFR,OR,ANM,WE,Federal Contract Tower,27,27,11,0,65,0,0,18,0,18,27,27,29,0,83,28,0,28,111
03/04/2022,MFR,OR,ANM,WE,Federal Contract Tower,26,21,16,0,63,0,1,18,0,19,26,22,34,0,82,6,0,6,88
03/05/2022,MFR,OR,ANM,WE,Federal Contract Tower,17,12,7,0,36,0,1,31,0,32,17,13,38,0,68,48,0,48,116
03/06/2022,MFR,OR,ANM,WE,Federal Contract Tower,26,15,15,0,56,0,1,50,1,52,26,16,65,1,108,12,0,12,120
03/07/2022,MFR,OR,ANM,WE,Federal Contract Tower,22,23,7,8,60,0,0,38,2,40,22,23,45,10,100,12,0,12,112
03/08/2022,MFR,OR,ANM,WE,Federal Contract Tower,24,23,14,3,64,0,1,25,0,26,24,24,39,3,90,10,0,10,100
03/09/2022,MFR,OR,ANM,WE,Federal Contract Tower,22,21,29,0,72,0,1,30,1,32,22,22,59,1,104,14,0,14,118
03/10/2022,MFR,OR,ANM,WE,Federal Contract Tower,23,19,17,2,61,0,0,39,1,40,23,19,56,3,101,6,0,6,107
03/11/2022,MFR,OR,ANM,WE,Federal Contract Tower,24,21,6,7,58,0,1,56,0,57,24,22,62,7,115,46,0,46,161
03/12/2022,MFR,OR,ANM,WE,Federal Contract Tower,17,13,6,1,37,0,1,27,0,28,17,14,33,1,65,2,0,2,67
03/13/2022,MFR,OR,ANM,WE,Federal Contract Tower,24,10,5,0,39,0,0,22,0,22,24,10,27,0,61,8,0,8,69
03/14/2022,MFR,OR,ANM,WE,Federal Contract Tower,23,24,13,0,60,0,0,17,0,17,23,24,30,0,77,18,0,18,95
03/15/2022,MFR,OR,ANM,WE,Federal Contract Tower,24,20,13,0,57,0,0,13,0,13,24,20,26,0,70,0,0,0,70
03/16/2022,MFR,OR,ANM,WE,Federal Contract Tower,22,21,20,10,73,0,0,48,4,52,22,21,68,14,125,28,18,46,171
03/17/2022,MFR,OR,ANM,WE,Federal Contract Tower,31,21,11,2,65,0,5,26,1,32,31,26,37,3,97,30,0,30,127
03/18/2022,MFR,OR,ANM,WE,Federal Contract Tower,30,21,20,2,73,0,4,37,0,41,30,25,57,2,114,6,0,6,120
03/19/2022,MFR,OR,ANM,WE,Federal Contract Tower,26,13,15,0,54,0,1,4,0,5,26,14,19,0,59,14,0,14,73
03/20/2022,MFR,OR,ANM,WE,Federal Contract Tower,34,11,9,2,56,0,0,52,0,52,34,11,61,2,108,66,0,66,174
03/21/2022,MFR,OR,ANM,WE,Federal Contract Tower,31,21,17,1,70,0,0,11,0,11,31,21,28,1,81,6,0,6,87
03/22/2022,MFR,OR,ANM,WE,Federal Contract Tower,26,29,12,0,67,0,1,35,0,36,26,30,47,0,103,16,0,16,119
03/23/2022,MFR,OR,ANM,WE,Federal Contract Tower,26,20,10,0,56,0,0,50,0,50,26,20,60,0,106,54,0,54,160
03/24/2022,MFR,OR,ANM,WE,Federal Contract Tower,32,24,12,1,69,0,5,60,0,65,32,29,72,1,134,32,22,54,188
03/25/2022,MFR,OR,ANM,WE,Federal Contract Tower,30,20,13,0,63,1,4,58,0,63,31,24,71,0,126,72,0,72,198
03/26/2022,MFR,OR,ANM,WE,Federal Contract Tower,24,9,9,0,42,0,3,40,0,43,24,12,49,0,85,28,0,28,113
03/27/2022,MFR,OR,ANM,WE,Federal Contract Tower,36,9,6,0,51,0,1,34,0,35,36,10,40,0,86,64,0,64,150
03/28/2022,MFR,OR,ANM,WE,Federal Contract Tower,32,21,14,0,67,0,0,30,0,30,32,21,44,0,97,12,0,12,109
03/29/2022,MFR,OR,ANM,WE,Federal Contract Tower,28,23,15,0,66,0,1,42,0,43,28,24,57,0,109,20,0,20,129
03/30/2022,MFR,OR,ANM,WE,Federal Contract Tower,28,27,13,1,69,0,1,21,1,23,28,28,34,2,92,58,4,62,154
03/31/2022,MFR,OR,ANM,WE,Federal Contract Tower,34,17,12,0,63,0,4,55,0,59,34,21,67,0,122,46,0,46,168
04/01/2022,MFR,OR,ANM,WE,Federal Contract Tower,31,17,10,15,73,0,2,51,1,54,31,19,61,16,127,68,6,74,201
04/02/2022,MFR,OR,ANM,WE,Federal Contract Tower,21,13,8,0,42,0,1,58,0,59,21,14,66,0,101,24,0,24,125
04/03/2022,MFR,OR,ANM,WE,Federal Contract Tower,34,7,10,2,53,0,0,33,0,33,34,7,43,2,86,26,0,26,112
04/04/2022,MFR,OR,ANM,WE,Federal Contract Tower,32,17,14,0,63,0,0,0,0,0,32,17,14,0,63,0,0,0,63
04/05/2022,MFR,OR,ANM,WE,Federal Contract Tower,25,18,16,0,59,0,0,41,0,41,25,18,57,0,100,28,0,28,128
04/06/2022,MFR,OR,ANM,WE,Federal Contract Tower,27,16,14,2,59,0,1,57,2,60,27,17,71,4,119,54,16,70,189
04/07/2022,MFR,OR,ANM,WE,Federal Contract Tower,34,18,20,0,72,0,5,63,1,69,34,23,83,1,141,26,4,30,171
04/08/2022,MFR,OR,ANM,WE,Federal Contract Tower,30,22,17,3,72,0,1,37,3,41,30,23,54,6,113,64,4,68,181
04/09/2022,MFR,OR,ANM,WE,Federal Contract Tower,23,13,16,0,52,0,3,35,0,38,23,16,51,0,90,18,0,18,108
04/10/2022,MFR,OR,ANM,WE,Federal Contract Tower,34,12,15,0,61,0,0,12,0,12,34,12,27,0,73,28,0,28,101
04/11/2022,MFR,OR,ANM,WE,Federal Contract Tower,34,20,7,0,61,0,0,0,0,0,34,20,7,0,61,0,0,0,61
04/12/2022,MFR,OR,ANM,WE,Federal Contract Tower,27,21,4,2,54,0,0,6,0,6,27,21,10,2,60,16,0,16,76
04/13/2022,MFR,OR,ANM,WE,Federal Contract Tower,26,21,19,8,74,0,0,0,0,0,26,21,19,8,74,0,0,0,74
04/14/2022,MFR,OR,ANM,WE,Federal Contract Tower,35,20,22,0,77,0,0,14,0,14,35,20,36,0,91,22,0,22,113
04/15/2022,MFR,OR,ANM,WE,Federal Contract Tower,31,20,11,1,63,0,1,42,1,44,31,21,53,2,107,24,0,24,131
04/16/2022,MFR,OR,ANM,WE,Federal Contract Tower,24,14,17,2,57,0,0,15,0,15,24,14,32,2,72,14,0,14,86
04/17/2022,MFR,OR,ANM,WE,Federal Contract Tower,36,9,20,0,65,0,0,40,0,40,36,9,60,0,105,34,0,34,139
04/18/2022,MFR,OR,ANM,WE,Federal Contract Tower,30,19,12,0,61,0,0,17,0,17,30,19,29,0,78,14,0,14,92
04/19/2022,MFR,OR,ANM,WE,Federal Contract Tower,26,18,16,0,60,0,0,6,0,6,26,18,22,0,66,14,0,14,80
04/20/2022,MFR,OR,ANM,WE,Federal Contract Tower,29,22,15,0,66,0,0,4,0,4,29,22,19,0,70,8,0,8,78
04/21/2022,MFR,OR,ANM,WE,Federal Contract Tower,37,20,7,0,64,0,0,24,0,24,37,20,31,0,88,30,0,30,118
04/22/2022,MFR,OR,ANM,WE,Federal Contract Tower,27,16,19,2,64,0,0,56,0,56,27,16,75,2,120,52,0,52,172
04/23/2022,MFR,OR,ANM,WE,Federal Contract Tower,25,14,10,0,49,0,1,75,0,76,25,15,85,0,125,82,0,82,207
04/24/2022,MFR,OR,ANM,WE,Federal Contract Tower,38,11,17,0,66,0,0,59,0,59,38,11,76,0,125,36,0,36,161
04/25/2022,MFR,OR,ANM,WE,Federal Contract Tower,30,18,11,0,59,0,1,40,0,41,30,19,51,0,100,16,0,16,116
04/26/2022,MFR,OR,ANM,WE,Federal Contract Tower,27,18,8,4,57,0,2,47,2,51,27,20,55,6,108,38,0,38,146
04/27/2022,MFR,OR,ANM,WE,Federal Contract Tower,28,24,17,2,71,0,2,36,2,40,28,26,53,4,111,14,6,20,131
04/28/2022,MFR,OR,ANM,WE,Federal Contract Tower,37,19,10,0,66,0,0,13,0,13,37,19,23,0,79,18,0,18,97
04/29/2022,MFR,OR,ANM,WE,Federal Contract Tower,27,16,18,0,61,0,1,50,2,53,27,17,68,2,114,48,0,48,162
04/30/2022,MFR,OR,ANM,WE,Federal Contract Tower,25,19,20,0,64,0,1,7,0,8,25,20,27,0,72,0,0,0,72
05/01/2022,MFR,OR,ANM,WE,Federal Contract Tower,32,10,12,0,54,0,0,69,0,69,32,10,81,0,123,52,0,52,175
05/02/2022,MFR,OR,ANM,WE,Federal Contract Tower,33,18,6,0,57,0,0,11,0,11,33,18,17,0,68,4,0,4,72
05/03/2022,MFR,OR,ANM,WE,Federal Contract Tower,27,18,16,0,61,0,3,36,0,39,27,21,52,0,100,10,0,10,110
05/04/2022,MFR,OR,ANM,WE,Federal Contract Tower,27,19,12,7,65,0,1,69,1,71,27,20,81,8,136,52,18,70,206
05/05/2022,MFR,OR,ANM,WE,Federal Contract Tower,34,20,22,0,76,0,0,5,0,5,34,20,27,0,81,18,0,18,99
05/06/2022,MFR,OR,ANM,WE,Federal Contract Tower,31,21,16,0,68,0,2,14,0,16,31,23,30,0,84,12,0,12,96
05/07/2022,MFR,OR,ANM,WE,Federal Contract Tower,21,18,7,2,48,0,0,9,0,9,21,18,16,2,57,8,0,8,65
05/08/2022,MFR,OR,ANM,WE,Federal Contract Tower,32,10,11,0,53,0,0,0,0,0,32,10,11,0,53,0,0,0,53
05/09/2022,MFR,OR,ANM,WE,Federal Contract Tower,30,23,18,0,71,0,0,18,0,18,30,23,36,0,89,0,0,0,89
05/10/2022,MFR,OR,ANM,WE,Federal Contract Tower,25,19,23,0,67,0,0,7,1,8,25,19,30,1,75,0,0,0,75
05/11/2022,MFR,OR,ANM,WE,Federal Contract Tower,25,19,17,2,63,0,0,65,0,65,25,19,82,2,128,38,0,38,166
05/12/2022,MFR,OR,ANM,WE,Federal Contract Tower,31,28,25,0,84,0,1,23,0,24,31,29,48,0,108,26,0,26,134
05/13/2022,MFR,OR,ANM,WE,Federal Contract Tower,29,23,26,0,78,0,0,37,0,37,29,23,63,0,115,26,0,26,141
05/14/2022,MFR,OR,ANM,WE,Federal Contract Tower,23,14,9,0,46,0,1,20,0,21,23,15,29,0,67,0,0,0,67
05/15/2022,MFR,OR,ANM,WE,Federal Contract Tower,35,14,14,0,63,0,2,46,0,48,35,16,60,0,111,36,0,36,147
05/16/2022,MFR,OR,ANM,WE,Federal Contract Tower,31,18,22,2,73,0,5,50,0,55,31,23,72,2,128,20,0,20,148
05/17/2022,MFR,OR,ANM,WE,Federal Contract Tower,26,19,13,0,58,0,1,55,0,56,26,20,68,0,114,24,0,24,138
05/18/2022,MFR,OR,ANM,WE,Federal Contract Tower,26,18,14,0,58,0,6,26,0,32,26,24,40,0,90,8,0,8,98
05/19/2022,MFR,OR,ANM,WE,Federal Contract Tower,27,17,10,0,54,0,3,22,0,25,27,20,32,0,79,8,0,8,87
05/20/2022,MFR,OR,ANM,WE,Federal Contract Tower,32,19,21,1,73,0,4,79,0,83,32,23,100,1,156,36,6,42,198
05/21/2022,MFR,OR,ANM,WE,Federal Contract Tower,23,11,12,0,46,0,4,66,0,70,23,15,78,0,116,10,0,10,126
05/22/2022,MFR,OR,ANM,WE,Federal Contract Tower,29,10,6,3,48,0,0,61,0,61,29,10,67,3,109,32,6,38,147
05/23/2022,MFR,OR,ANM,WE,Federal Contract Tower,30,21,9,0,60,0,0,48,4,52,30,21,57,4,112,6,0,6,118
05/24/2022,MFR,OR,ANM,WE,Federal Contract Tower,25,18,6,0,49,0,2,46,0,48,25,20,52,0,97,10,0,10,107
05/25/2022,MFR,OR,ANM,WE,Federal Contract Tower,26,20,10,1,57,0,1,34,1,36,26,21,44,2,93,0,0,0,93
05/26/2022,MFR,OR,ANM,WE,Federal Contract Tower,32,21,3,2,58,0,2,29,0,31,32,23,32,2,89,18,0,18,107
05/27/2022,MFR,OR,ANM,WE,Federal Contract Tower,28,20,21,0,69,0,1,35,0,36,28,21,56,0,105,4,0,4,109
05/28/2022,MFR,OR,ANM,WE,Federal Contract Tower,24,20,8,0,52,0,3,1,0,4,24,23,9,0,56,0,0,0,56
05/29/2022,MFR,OR,ANM,WE,Federal Contract Tower,28,13,9,0,50,0,0,8,0,8,28,13,17,0,58,0,0,0,58
05/30/2022,MFR,OR,ANM,WE,Federal Contract Tower,31,9,9,0,49,0,0,46,0,46,31,9,55,0,95,0,0,0,95
05/31/2022,MFR,OR,ANM,WE,Federal Contract Tower,26,20,9,0,55,0,1,50,0,51,26,21,59,0,106,30,0,30,136
06/01/2022,MFR,OR,ANM,WE,Federal Contract Tower,26,23,13,0,62,0,2,53,0,55,26,25,66,0,117,0,0,0,117
06/02/2022,MFR,OR,ANM,WE,Federal Contract Tower,33,24,12,0,69,0,2,63,0,65,33,26,75,0,134,10,0,10,144
06/03/2022,MFR,OR,ANM,WE,Federal Contract Tower,32,19,27,1,79,0,1,41,0,42,32,20,68,1,121,42,6,48,169
06/04/2022,MFR,OR,ANM,WE,Federal Contract Tower,28,13,7,2,50,0,0,11,0,11,28,13,18,2,61,16,0,16,77
06/05/2022,MFR,OR,ANM,WE,Federal Contract Tower,38,12,15,0,65,0,0,13,0,13,38,12,28,0,78,0,0,0,78
06/06/2022,MFR,OR,ANM,WE,Federal Contract Tower,35,17,14,0,66,0,0,47,7,54,35,17,61,7,120,12,0,12,132
06/07/2022,MFR,OR,ANM,WE,Federal Contract Tower,31,16,15,1,63,0,1,67,1,69,31,17,82,2,132,4,0,4,136
06/08/2022,MFR,OR,ANM,WE,Federal Contract Tower,32,19,27,2,80,0,1,56,0,57,32,20,83,2,137,20,0,20,157
06/09/2022,MFR,OR,ANM,WE,Federal Contract Tower,36,20,10,2,68,0,1,46,1,48,36,21,56,3,116,36,0,36,152
06/10/2022,MFR,OR,ANM,WE,Federal Contract Tower,34,17,19,0,70,0,1,33,0,34,34,18,52,0,104,24,0,24,128
06/11/2022,MFR,OR,ANM,WE,Federal Contract Tower,30,13,12,0,55,0,1,19,0,20,30,14,31,0,75,18,0,18,93
06/12/2022,MFR,OR,ANM,WE,Federal Contract Tower,35,7,14,0,56,0,0,1,0,1,35,7,15,0,57,0,0,0,57
06/13/2022,MFR,OR,ANM,WE,Federal Contract Tower,36,18,18,0,72,0,1,31,0,32,36,19,49,0,104,18,0,18,122
06/14/2022,MFR,OR,ANM,WE,Federal Contract Tower,33,16,3,2,54,0,0,63,0,63,33,16,66,2,117,38,0,38,155
06/15/2022,MFR,OR,ANM,WE,Federal Contract Tower,29,14,15,0,58,0,2,56,0,58,29,16,71,0,116,42,0,42,158
06/16/2022,MFR,OR,ANM,WE,Federal Contract Tower,33,26,15,4,78,0,0,37,0,37,33,26,52,4,115,0,0,0,115
06/17/2022,MFR,OR,ANM,WE,Federal Contract Tower,32,21,23,0,76,0,0,11,0,11,32,21,34,0,87,22,0,22,109
06/18/2022,MFR,OR,ANM,WE,Federal Contract Tower,27,14,6,0,47,0,0,18,0,18,27,14,24,0,65,18,0,18,83
06/19/2022,MFR,OR,ANM,WE,Federal Contract Tower,40,9,12,0,61,0,0,39,0,39,40,9,51,0,100,8,0,8,108
06/20/2022,MFR,OR,ANM,WE,Federal Contract Tower,38,16,13,0,67,0,5,37,0,42,38,21,50,0,109,16,0,16,125
06/21/2022,MFR,OR,ANM,WE,Federal Contract Tower,33,12,13,3,61,0,4,52,2,58,33,16,65,5,119,40,0,40,159
06/22/2022,MFR,OR,ANM,WE,Federal Contract Tower,32,13,9,4,58,0,3,57,4,64,32,16,66,8,122,14,2,16,138
06/23/2022,MFR,OR,ANM,WE,Federal Contract Tower,35,16,9,0,60,0,4,56,0,60,35,20,65,0,120,32,0,32,152
06/24/2022,MFR,OR,ANM,WE,Federal Contract Tower,36,11,10,5,62,0,7,59,4,70,36,18,69,9,132,30,0,30,162
06/25/2022,MFR,OR,ANM,WE,Federal Contract Tower,29,10,3,0,42,0,5,64,0,69,29,15,67,0,111,0,0,0,111
06/26/2022,MFR,OR,ANM,WE,Federal Contract Tower,37,12,11,2,62,0,1,81,2,84,37,13,92,4,146,4,0,4,150
06/27/2022,MFR,OR,ANM,WE,Federal Contract Tower,39,19,7,3,68,0,0,63,1,64,39,19,70,4,132,0,4,4,136
06/28/2022,MFR,OR,ANM,WE,Federal Contract Tower,33,18,6,0,57,0,5,67,0,72,33,23,73,0,129,62,0,62,191
06/29/2022,MFR,OR,ANM,WE,Federal Contract Tower,34,17,6,2,59,0,5,56,0,61,34,22,62,2,120,48,0,48,168
06/30/2022,MFR,OR,ANM,WE,Federal Contract Tower,36,21,12,0,69,0,4,65,2,71,36,25,77,2,140,12,0,12,152
07/01/2022,MFR,OR,ANM,WE,Federal Contract Tower,38,18,17,1,74,0,7,61,0,68,38,25,78,1,142,6,0,6,148
07/02/2022,MFR,OR,ANM,WE,Federal Contract Tower,25,13,10,0,48,0,3,36,0,39,25,16,46,0,87,0,0,0,87
07/03/2022,MFR,OR,ANM,WE,Federal Contract Tower,39,7,5,0,51,0,4,36,0,40,39,11,41,0,91,12,0,12,103
07/04/2022,MFR,OR,ANM,WE,Federal Contract Tower,35,6,11,0,52,0,0,17,2,19,35,6,28,2,71,0,0,0,71
07/05/2022,MFR,OR,ANM,WE,Federal Contract Tower,33,16,18,0,67,0,0,19,2,21,33,16,37,2,88,0,0,0,88
07/06/2022,MFR,OR,ANM,WE,Federal Contract Tower,33,15,13,0,61,0,3,31,0,34,33,18,44,0,95,18,0,18,113
07/07/2022,MFR,OR,ANM,WE,Federal Contract Tower,36,25,14,2,77,0,0,53,0,53,36,25,67,2,130,22,0,22,152
07/08/2022,MFR,OR,ANM,WE,Federal Contract Tower,36,13,10,0,59,0,0,69,2,71,36,13,79,2,130,28,0,28,158
07/09/2022,MFR,OR,ANM,WE,Federal Contract Tower,29,7,7,0,43,0,8,47,0,55,29,15,54,0,98,38,0,38,136
07/10/2022,MFR,OR,ANM,WE,Federal Contract Tower,39,10,18,2,69,0,4,59,0,63,39,14,77,2,132,8,0,8,140
07/11/2022,MFR,OR,ANM,WE,Federal Contract Tower,40,21,8,0,69,0,2,58,0,60,40,23,66,0,129,22,0,22,151
07/12/2022,MFR,OR,ANM,WE,Federal Contract Tower,31,12,10,2,55,0,2,47,0,49,31,14,57,2,104,12,0,12,116
07/13/2022,MFR,OR,ANM,WE,Federal Contract Tower,33,17,6,2,58,1,6,49,1,57,34,23,55,3,115,8,0,8,123
07/14/2022,MFR,OR,ANM,WE,Federal Contract Tower,41,18,11,1,71,0,2,48,0,50,41,20,59,1,121,0,0,0,121
07/15/2022,MFR,OR,ANM,WE,Federal Contract Tower,38,17,17,2,74,0,6,72,0,78,38,23,89,2,152,34,0,34,186
07/16/2022,MFR,OR,ANM,WE,Federal Contract Tower,28,13,15,0,56,0,2,65,0,67,28,15,80,0,123,8,0,8,131
07/17/2022,MFR,OR,ANM,WE,Federal Contract Tower,40,7,14,0,61,0,3,57,0,60,40,10,71,0,121,44,0,44,165
07/18/2022,MFR,OR,ANM,WE,Federal Contract Tower,37,15,16,11,79,1,0,68,8,77,38,15,84,19,156,6,14,20,176
07/19/2022,MFR,OR,ANM,WE,Federal Contract Tower,30,22,13,2,67,0,8,50,0,58,30,30,63,2,125,14,0,14,139
07/20/2022,MFR,OR,ANM,WE,Federal Contract Tower,32,17,9,5,63,10,6,49,1,66,42,23,58,6,129,0,14,14,143
07/21/2022,MFR,OR,ANM,WE,Federal Contract Tower,38,22,15,2,77,0,9,55,0,64,38,31,70,2,141,8,0,8,149
07/22/2022,MFR,OR,ANM,WE,Federal Contract Tower,39,17,12,0,68,2,5,48,0,55,41,22,60,0,123,28,0,28,151
07/23/2022,MFR,OR,ANM,WE,Federal Contract Tower,26,8,9,0,43,0,3,52,0,55,26,11,61,0,98,0,0,0,98
07/24/2022,MFR,OR,ANM,WE,Federal Contract Tower,41,5,14,0,60,0,3,56,1,60,41,8,70,1,120,40,0,40,160
07/25/2022,MFR,OR,ANM,WE,Federal Contract Tower,39,16,9,6,70,0,5,64,0,69,39,21,73,6,139,8,0,8,147
07/26/2022,MFR,OR,ANM,WE,Federal Contract Tower,34,15,9,0,58,0,5,38,0,43,34,20,47,0,101,6,0,6,107
07/27/2022,MFR,OR,ANM,WE,Federal Contract Tower,32,16,19,0,67,6,5,34,0,45,38,21,53,0,112,8,0,8,120
07/28/2022,MFR,OR,ANM,WE,Federal Contract Tower,36,18,13,3,70,2,15,49,0,66,38,33,62,3,136,8,0,8,144
07/29/2022,MFR,OR,ANM,WE,Federal Contract Tower,45,14,15,2,76,26,12,59,0,97,71,26,74,2,173,14,0,14,187
07/30/2022,MFR,OR,ANM,WE,Federal Contract Tower,28,16,6,0,50,39,6,65,0,110,67,22,71,0,160,0,0,0,160
07/31/2022,MFR,OR,ANM,WE,Federal Contract Tower,41,9,21,0,71,10,9,35,0,54,51,18,56,0,125,0,0,0,125
08/01/2022,MFR,OR,ANM,WE,Federal Contract Tower,39,13,9,0,61,10,13,27,0,50,49,26,36,0,111,0,0,0,111
08/02/2022,MFR,OR,ANM,WE,Federal Contract Tower,30,15,11,0,56,1,6,44,0,51,31,21,55,0,107,12,0,12,119
08/03/2022,MFR,OR,ANM,WE,Federal Contract Tower,32,15,18,0,65,20,17,40,0,77,52,32,58,0,142,16,0,16,158
08/04/2022,MFR,OR,ANM,WE,Federal Contract Tower,37,16,18,0,71,21,11,46,0,78,58,27,64,0,149,10,0,10,159
08/05/2022,MFR,OR,ANM,WE,Federal Contract Tower,41,16,13,0,70,5,8,40,0,53,46,24,53,0,123,4,0,4,127
08/06/2022,MFR,OR,ANM,WE,Federal Contract Tower,33,6,10,0,49,5,8,51,0,64,38,14,61,0,113,0,0,0,113
08/07/2022,MFR,OR,ANM,WE,Federal Contract Tower,37,5,6,0,48,0,6,25,5,36,37,11,31,5,84,4,0,4,88
08/08/2022,MFR,OR,ANM,WE,Federal Contract Tower,39,12,14,2,67,8,12,47,1,68,47,24,61,3,135,2,0,2,137
08/09/2022,MFR,OR,ANM,WE,Federal Contract Tower,30,15,6,4,55,4,6,40,2,52,34,21,46,6,107,0,10,10,117
08/10/2022,MFR,OR,ANM,WE,Federal Contract Tower,32,15,11,0,58,2,6,29,0,37,34,21,40,0,95,2,0,2,97
08/11/2022,MFR,OR,ANM,WE,Federal Contract Tower,37,18,18,2,75,4,8,56,0,68,41,26,74,2,143,0,0,0,143
08/12/2022,MFR,OR,ANM,WE,Federal Contract Tower,38,19,15,0,72,0,1,39,0,40,38,20,54,0,112,4,0,4,116
08/13/2022,MFR,OR,ANM,WE,Federal Contract Tower,28,9,16,2,55,4,11,72,0,87,32,20,88,2,142,0,0,0,142
08/14/2022,MFR,OR,ANM,WE,Federal Contract Tower,40,6,13,2,61,2,3,52,6,63,42,9,65,8,124,0,0,0,124
08/15/2022,MFR,OR,ANM,WE,Federal Contract Tower,38,12,9,0,59,1,0,53,2,56,39,12,62,2,115,0,0,0,115
08/16/2022,MFR,OR,ANM,WE,Federal Contract Tower,33,11,13,2,59,2,6,34,0,42,35,17,47,2,101,0,0,0,101
08/17/2022,MFR,OR,ANM,WE,Federal Contract Tower,36,10,17,0,63,1,1,60,0,62,37,11,77,0,125,2,0,2,127
08/18/2022,MFR,OR,ANM,WE,Federal Contract Tower,39,15,20,2,76,52,69,35,0,156,91,84,55,2,232,12,0,12,244
08/19/2022,MFR,OR,ANM,WE,Federal Contract Tower,37,17,26,1,81,46,37,51,4,138,83,54,77,5,219,2,0,2,221
08/20/2022,MFR,OR,ANM,WE,Federal Contract Tower,19,1,8,1,29,36,29,19,1,85,55,30,27,2,114,0,0,0,114
08/21/2022,MFR,OR,ANM,WE,Federal Contract Tower,26,7,7,0,40,8,8,34,2,52,34,15,41,2,92,18,0,18,110
08/22/2022,MFR,OR,ANM,WE,Federal Contract Tower,38,13,15,0,66,21,12,38,0,71,59,25,53,0,137,2,0,2,139
08/23/2022,MFR,OR,ANM,WE,Federal Contract Tower,32,14,13,2,61,25,10,33,1,69,57,24,46,3,130,12,0,12,142
08/24/2022,MFR,OR,ANM,WE,Federal Contract Tower,32,15,8,4,59,14,6,61,2,83,46,21,69,6,142,2,0,2,144
08/25/2022,MFR,OR,ANM,WE,Federal Contract Tower,36,15,16,0,67,0,9,47,0,56,36,24,63,0,123,8,0,8,131
08/26/2022,MFR,OR,ANM,WE,Federal Contract Tower,40,15,12,3,70,14,7,58,0,79,54,22,70,3,149,6,0,6,155
08/27/2022,MFR,OR,ANM,WE,Federal Contract Tower,21,3,7,0,31,28,7,25,0,60,49,10,32,0,91,0,0,0,91
08/28/2022,MFR,OR,ANM,WE,Federal Contract Tower,24,3,8,2,37,50,3,31,0,84,74,6,39,2,121,50,0,50,171
08/29/2022,MFR,OR,ANM,WE,Federal Contract Tower,38,17,18,2,75,0,2,36,0,38,38,19,54,2,113,16,0,16,129
08/30/2022,MFR,OR,ANM,WE,Federal Contract Tower,31,17,18,2,68,3,2,17,0,22,34,19,35,2,90,0,0,0,90
08/31/2022,MFR,OR,ANM,WE,Federal Contract Tower,32,16,10,0,58,16,7,34,0,57,48,23,44,0,115,0,0,0,115
09/01/2022,MFR,OR,ANM,WE,Federal Contract Tower,26,11,14,0,51,0,2,14,0,16,26,13,28,0,67,0,0,0,67
09/02/2022,MFR,OR,ANM,WE,Federal Contract Tower,23,8,10,0,41,3,6,18,0,27,26,14,28,0,68,0,0,0,68
09/03/2022,MFR,OR,ANM,WE,Federal Contract Tower,17,2,4,0,23,0,4,18,1,23,17,6,22,1,46,0,0,0,46
09/04/2022,MFR,OR,ANM,WE,Federal Contract Tower,22,2,4,1,29,9,3,14,2,28,31,5,18,3,57,2,0,2,59
09/05/2022,MFR,OR,ANM,WE,Federal Contract Tower,37,3,10,0,50,0,6,61,0,67,37,9,71,0,117,10,0,10,127
09/06/2022,MFR,OR,ANM,WE,Federal Contract Tower,31,14,4,2,51,3,4,43,4,54,34,18,47,6,105,12,0,12,117
09/07/2022,MFR,OR,ANM,WE,Federal Contract Tower,33,16,11,0,60,10,19,26,0,55,43,35,37,0,115,8,0,8,123
09/08/2022,MFR,OR,ANM,WE,Federal Contract Tower,38,12,5,0,55,25,24,45,0,94,63,36,50,0,149,0,0,0,149
09/09/2022,MFR,OR,ANM,WE,Federal Contract Tower,34,14,13,0,61,0,8,36,2,46,34,22,49,2,107,0,0,0,107
09/10/2022,MFR,OR,ANM,WE,Federal Contract Tower,20,8,5,0,33,1,4,15,1,21,21,12,20,1,54,2,0,2,56
09/11/2022,MFR,OR,ANM,WE,Federal Contract Tower,26,3,16,1,46,35,8,27,1,71,61,11,43,2,117,0,0,0,117
09/12/2022,MFR,OR,ANM,WE,Federal Contract Tower,39,15,10,1,65,10,6,21,1,38,49,21,31,2,103,0,0,0,103
09/13/2022,MFR,OR,ANM,WE,Federal Contract Tower,0,0,0,0,0,0,2,2,0,4,0,2,2,0,4,0,0,0,4
09/14/2022,MFR,OR,ANM,WE,Federal Contract Tower,23,14,7,0,44,0,8,22,0,30,23,22,29,0,74,0,0,0,74
09/15/2022,MFR,OR,ANM,WE,Federal Contract Tower,37,15,15,0,67,1,15,47,0,63,38,30,62,0,130,4,0,4,134
09/16/2022,MFR,OR,ANM,WE,Federal Contract Tower,37,14,9,1,61,0,3,38,8,49,37,17,47,9,110,0,0,0,110
09/17/2022,MFR,OR,ANM,WE,Federal Contract Tower,18,5,8,0,31,0,0,17,3,20,18,5,25,3,51,0,0,0,51
09/18/2022,MFR,OR,ANM,WE,Federal Contract Tower,23,5,7,0,35,0,2,5,0,7,23,7,12,0,42,0,0,0,42
09/19/2022,MFR,OR,ANM,WE,Federal Contract Tower,21,14,2,0,37,0,3,9,0,12,21,17,11,0,49,10,0,10,59
09/20/2022,MFR,OR,ANM,WE,Federal Contract Tower,31,15,8,1,55,0,2,12,2,16,31,17,20,3,71,24,0,24,95
09/21/2022,MFR,OR,ANM,WE,Federal Contract Tower,32,13,8,0,53,0,1,9,0,10,32,14,17,0,63,10,0,10,73
09/22/2022,MFR,OR,ANM,WE,Federal Contract Tower,40,16,18,11,85,0,1,41,5,47,40,17,59,16,132,12,12,24,156
09/23/2022,MFR,OR,ANM,WE,Federal Contract Tower,36,11,10,0,57,0,4,60,0,64,36,15,70,0,121,12,0,12,133
09/24/2022,MFR,OR,ANM,WE,Federal Contract Tower,18,4,6,0,28,1,2,37,0,40,19,6,43,0,68,10,0,10,78
09/25/2022,MFR,OR,ANM,WE,Federal Contract Tower,25,2,11,0,38,0,3,37,0,40,25,5,48,0,78,0,0,0,78
09/26/2022,MFR,OR,ANM,WE,Federal Contract Tower,39,14,7,2,62,0,3,45,2,50,39,17,52,4,112,0,0,0,112
09/27/2022,MFR,OR,ANM,WE,Federal Contract Tower,33,12,17,0,62,0,2,54,2,58,33,14,71,2,120,42,0,42,162
09/28/2022,MFR,OR,ANM,WE,Federal Contract Tower,34,10,11,2,57,0,2,23,3,28,34,12,34,5,85,2,0,2,87
09/29/2022,MFR,OR,ANM,WE,Federal Contract Tower,39,13,22,4,78,0,1,36,4,41,39,14,58,8,119,52,6,58,177
09/30/2022,MFR,OR,ANM,WE,Federal Contract Tower,22,11,11,0,44,0,2,53,0,55,22,13,64,0,99,4,0,4,103
10/01/2022,MFR,OR,ANM,WE,Federal Contract Tower,16,8,6,0,30,0,3,26,0,29,16,11,32,0,59,0,0,0,59
10/02/2022,MFR,OR,ANM,WE,Federal Contract Tower,21,7,7,0,35,0,6,35,0,41,21,13,42,0,76,8,0,8,84
10/03/2022,MFR,OR,ANM,WE,Federal Contract Tower,17,15,10,0,42,0,0,19,0,19,17,15,29,0,61,38,0,38,99
10/04/2022,MFR,OR,ANM,WE,Federal Contract Tower,27,14,12,4,57,0,1,46,2,49,27,15,58,6,106,28,4,32,138
10/05/2022,MFR,OR,ANM,WE,Federal Contract Tower,29,17,10,0,56,0,4,40,2,46,29,21,50,2,102,24,0,24,126
10/06/2022,MFR,OR,ANM,WE,Federal Contract Tower,31,23,19,0,73,0,6,36,4,46,31,29,55,4,119,10,0,10,129
10/07/2022,MFR,OR,ANM,WE,Federal Contract Tower,34,15,8,1,58,0,5,33,2,40,34,20,41,3,98,48,8,56,154
10/08/2022,MFR,OR,ANM,WE,Federal Contract Tower,18,8,5,2,33,0,2,33,3,38,18,10,38,5,71,14,0,14,85
10/09/2022,MFR,OR,ANM,WE,Federal Contract Tower,22,8,2,0,32,0,1,42,6,49,22,9,44,6,81,0,0,0,81
10/10/2022,MFR,OR,ANM,WE,Federal Contract Tower,32,16,12,0,60,0,4,32,0,36,32,20,44,0,96,8,0,8,104
10/11/2022,MFR,OR,ANM,WE,Federal Contract Tower,22,16,9,0,47,0,3,32,0,35,22,19,41,0,82,36,0,36,118
10/12/2022,MFR,OR,ANM,WE,Federal Contract Tower,26,14,10,0,50,0,6,46,0,52,26,20,56,0,102,24,0,24,126
10/13/2022,MFR,OR,ANM,WE,Federal Contract Tower,33,14,12,2,61,0,2,44,2,48,33,16,56,4,109,26,0,26,135
10/14/2022,MFR,OR,ANM,WE,Federal Contract Tower,22,10,5,0,37,0,2,47,0,49,22,12,52,0,86,16,0,16,102
10/15/2022,MFR,OR,ANM,WE,Federal Contract Tower,17,6,2,2,27,0,1,40,0,41,17,7,42,2,68,40,0,40,108
10/16/2022,MFR,OR,ANM,WE,Federal Contract Tower,23,4,5,0,32,0,2,30,0,32,23,6,35,0,64,40,0,40,104
10/17/2022,MFR,OR,ANM,WE,Federal Contract Tower,19,14,2,0,35,0,2,26,0,28,19,16,28,0,63,24,0,24,87
10/18/2022,MFR,OR,ANM,WE,Federal Contract Tower,23,16,7,3,49,0,4,35,3,42,23,20,42,6,91,4,12,16,107
10/19/2022,MFR,OR,ANM,WE,Federal Contract Tower,26,18,6,0,50,0,3,32,0,35,26,21,38,0,85,12,0,12,97
10/20/2022,MFR,OR,ANM,WE,Federal Contract Tower,33,24,17,0,74,0,3,41,0,44,33,27,58,0,118,12,0,12,130
10/21/2022,MFR,OR,ANM,WE,Federal Contract Tower,34,18,17,2,71,0,0,42,1,43,34,18,59,3,114,16,0,16,130
10/22/2022,MFR,OR,ANM,WE,Federal Contract Tower,18,4,5,0,27,0,2,0,0,2,18,6,5,0,29,0,0,0,29
10/23/2022,MFR,OR,ANM,WE,Federal Contract Tower,20,4,11,0,35,0,2,20,0,22,20,6,31,0,57,6,0,6,63
10/24/2022,MFR,OR,ANM,WE,Federal Contract Tower,36,16,11,4,67,0,0,1,0,1,36,16,12,4,68,0,0,0,68
10/25/2022,MFR,OR,ANM,WE,Federal Contract Tower,23,21,16,0,60,0,2,10,0,12,23,23,26,0,72,0,0,0,72
10/26/2022,MFR,OR,ANM,WE,Federal Contract Tower,26,17,8,4,55,0,0,11,0,11,26,17,19,4,66,30,0,30,96
10/27/2022,MFR,OR,ANM,WE,Federal Contract Tower,32,18,18,6,74,0,5,44,0,49,32,23,62,6,123,32,18,50,173
10/28/2022,MFR,OR,ANM,WE,Federal Contract Tower,34,13,21,0,68,0,5,51,0,56,34,18,72,0,124,54,0,54,178
10/29/2022,MFR,OR,ANM,WE,Federal Contract Tower,16,8,8,0,32,0,3,28,4,35,16,11,36,4,67,0,0,0,67
10/30/2022,MFR,OR,ANM,WE,Federal Contract Tower,25,2,13,1,41,0,1,27,0,28,25,3,40,1,69,10,0,10,79
10/31/2022,MFR,OR,ANM,WE,Federal Contract Tower,17,13,3,0,33,0,2,12,0,14,17,15,15,0,47,12,0,12,59
11/01/2022,MFR,OR,ANM,WE,Federal Contract Tower,25,13,9,0,47,0,1,6,0,7,25,14,15,0,54,0,0,0,54
11/02/2022,MFR,OR,ANM,WE,Federal Contract Tower,29,19,7,1,56,0,0,3,4,7,29,19,10,5,63,0,0,0,63
11/03/2022,MFR,OR,ANM,WE,Federal Contract Tower,38,20,24,1,83,0,0,17,2,19,38,20,41,3,102,16,0,16,118
11/04/2022,MFR,OR,ANM,WE,Federal Contract Tower,39,19,9,0,67,0,2,6,4,12,39,21,15,4,79,0,0,0,79
11/06/2022,MFR,OR,ANM,WE,Federal Contract Tower,24,0,5,0,29,0,2,6,0,8,24,2,11,0,37,4,0,4,41
11/07/2022,MFR,OR,ANM,WE,Federal Contract Tower,18,11,6,0,35,0,0,7,3,10,18,11,13,3,45,12,6,18,63
11/08/2022,MFR,OR,ANM,WE,Federal Contract Tower,28,19,15,0,62,0,0,1,0,1,28,19,16,0,63,0,0,0,63
11/09/2022,MFR,OR,ANM,WE,Federal Contract Tower,30,14,21,14,79,0,0,13,5,18,30,14,34,19,97,0,10,10,107
11/10/2022,MFR,OR,ANM,WE,Federal Contract Tower,37,13,10,6,66,0,2,32,10,44,37,15,42,16,110,14,0,14,124
11/11/2022,MFR,OR,ANM,WE,Federal Contract Tower,39,14,16,0,69,0,5,24,0,29,39,19,40,0,98,30,0,30,128
11/13/2022,MFR,OR,ANM,WE,Federal Contract Tower,25,1,4,0,30,0,0,20,3,23,25,1,24,3,53,40,8,48,101
11/14/2022,MFR,OR,ANM,WE,Federal Contract Tower,40,29,11,3,83,0,1,25,1,27,40,30,36,4,110,20,22,42,152
11/15/2022,MFR,OR,ANM,WE,Federal Contract Tower,27,12,13,4,56,0,2,41,1,44,27,14,54,5,100,22,28,50,150
11/16/2022,MFR,OR,ANM,WE,Federal Contract Tower,29,9,8,2,48,0,5,31,0,36,29,14,39,2,84,0,0,0,84
11/17/2022,MFR,OR,ANM,WE,Federal Contract Tower,33,18,16,0,67,0,1,27,2,30,33,19,43,2,97,24,0,24,121
11/18/2022,MFR,OR,ANM,WE,Federal Contract Tower,20,10,6,0,36,0,1,41,0,42,20,11,47,0,78,2,0,2,80
11/19/2022,MFR,OR,ANM,WE,Federal Contract Tower,17,6,8,0,31,0,1,35,0,36,17,7,43,0,67,26,0,26,93
11/20/2022,MFR,OR,ANM,WE,Federal Contract Tower,21,2,7,0,30,0,0,21,2,23,21,2,28,2,53,46,0,46,99
11/21/2022,MFR,OR,ANM,WE,Federal Contract Tower,17,9,7,0,33,0,2,36,0,38,17,11,43,0,71,50,0,50,121
11/22/2022,MFR,OR,ANM,WE,Federal Contract Tower,32,20,18,0,70,0,3,27,2,32,32,23,45,2,102,6,0,6,108
11/23/2022,MFR,OR,ANM,WE,Federal Contract Tower,38,16,12,0,66,0,4,2,0,6,38,20,14,0,72,0,0,0,72
11/24/2022,MFR,OR,ANM,WE,Federal Contract Tower,19,0,5,0,24,0,4,15,0,19,19,4,20,0,43,2,0,2,45
11/25/2022,MFR,OR,ANM,WE,Federal Contract Tower,36,11,10,0,57,0,2,41,0,43,36,13,51,0,100,40,0,40,140
11/26/2022,MFR,OR,ANM,WE,Federal Contract Tower,18,5,11,0,34,0,1,18,0,19,18,6,29,0,53,12,0,12,65
11/27/2022,MFR,OR,ANM,WE,Federal Contract Tower,23,0,12,0,35,0,0,9,0,9,23,0,21,0,44,0,0,0,44
11/28/2022,MFR,OR,ANM,WE,Federal Contract Tower,32,12,7,0,51,0,2,7,0,9,32,14,14,0,60,10,0,10,70
11/29/2022,MFR,OR,ANM,WE,Federal Contract Tower,26,18,12,0,56,0,4,35,1,40,26,22,47,1,96,8,0,8,104
11/30/2022,MFR,OR,ANM,WE,Federal Contract Tower,30,12,5,0,47,0,0,4,0,4,30,12,9,0,51,0,0,0,51
12/01/2022,MFR,OR,ANM,WE,Federal Contract Tower,29,17,6,2,54,0,0,7,0,7,29,17,13,2,61,0,0,0,61
12/02/2022,MFR,OR,ANM,WE,Federal Contract Tower,20,9,10,0,39,0,3,29,2,34,20,12,39,2,73,2,0,2,75
12/03/2022,MFR,OR,ANM,WE,Federal Contract Tower,15,6,4,0,25,0,2,14,0,16,15,8,18,0,41,14,0,14,55
12/05/2022,MFR,OR,ANM,WE,Federal Contract Tower,21,13,2,1,37,0,0,8,2,10,21,13,10,3,47,10,0,10,57
12/06/2022,MFR,OR,ANM,WE,Federal Contract Tower,26,18,3,0,47,0,1,17,0,18,26,19,20,0,65,18,0,18,83
12/07/2022,MFR,OR,ANM,WE,Federal Contract Tower,29,18,29,0,76,0,0,0,0,0,29,18,29,0,76,0,0,0,76
12/08/2022,MFR,OR,ANM,WE,Federal Contract Tower,30,16,18,7,71,0,1,1,1,3,30,17,19,8,74,0,6,6,80
12/09/2022,MFR,OR,ANM,WE,Federal Contract Tower,30,15,14,0,59,0,0,4,0,4,30,15,18,0,63,0,0,0,63
12/10/2022,MFR,OR,ANM,WE,Federal Contract Tower,15,2,6,0,23,0,1,3,0,4,15,3,9,0,27,2,0,2,29
12/11/2022,MFR,OR,ANM,WE,Federal Contract Tower,17,5,4,0,26,0,0,0,0,0,17,5,4,0,26,0,0,0,26
12/12/2022,MFR,OR,ANM,WE,Federal Contract Tower,28,15,11,0,54,0,1,11,1,13,28,16,22,1,67,16,8,24,91
12/13/2022,MFR,OR,ANM,WE,Federal Contract Tower,25,28,13,8,74,0,0,13,1,14,25,28,26,9,88,2,36,38,126
12/14/2022,MFR,OR,ANM,WE,Federal Contract Tower,29,19,14,0,62,0,0,0,0,0,29,19,14,0,62,0,0,0,62
12/15/2022,MFR,OR,ANM,WE,Federal Contract Tower,26,22,15,0,63,0,0,31,0,31,26,22,46,0,94,16,0,16,110
12/16/2022,MFR,OR,ANM,WE,Federal Contract Tower,28,19,16,0,63,0,2,35,0,37,28,21,51,0,100,44,0,44,144
12/17/2022,MFR,OR,ANM,WE,Federal Contract Tower,17,2,5,0,24,0,6,61,0,67,17,8,66,0,91,50,0,50,141
12/18/2022,MFR,OR,ANM,WE,Federal Contract Tower,15,6,5,0,26,0,0,19,0,19,15,6,24,0,45,16,0,16,61
12/19/2022,MFR,OR,ANM,WE,Federal Contract Tower,28,16,12,2,58,0,0,25,0,25,28,16,37,2,83,58,0,58,141
12/20/2022,MFR,OR,ANM,WE,Federal Contract Tower,19,22,3,0,44,0,0,2,0,2,19,22,5,0,46,2,0,2,48
12/21/2022,MFR,OR,ANM,WE,Federal Contract Tower,16,26,7,0,49,0,0,0,0,0,16,26,7,0,49,0,0,0,49
12/22/2022,MFR,OR,ANM,WE,Federal Contract Tower,25,26,12,2,65,0,0,0,0,0,25,26,12,2,65,0,0,0,65
12/23/2022,MFR,OR,ANM,WE,Federal Contract Tower,20,5,20,0,45,0,0,13,0,13,20,5,33,0,58,30,0,30,88
12/24/2022,MFR,OR,ANM,WE,Federal Contract Tower,16,4,2,0,22,0,0,0,0,0,16,4,2,0,22,0,0,0,22
12/25/2022,MFR,OR,ANM,WE,Federal Contract Tower,11,9,2,0,22,0,0,0,0,0,11,9,2,0,22,0,0,0,22
12/26/2022,MFR,OR,ANM,WE,Federal Contract Tower,13,6,9,0,28,0,2,1,0,3,13,8,10,0,31,0,0,0,31
12/27/2022,MFR,OR,ANM,WE,Federal Contract Tower,24,15,14,0,53,0,0,2,0,2,24,15,16,0,55,12,0,12,67
12/28/2022,MFR,OR,ANM,WE,Federal Contract Tower,24,20,9,6,59,0,2,44,0,46,24,22,53,6,105,24,12,36,141
12/29/2022,MFR,OR,ANM,WE,Federal Contract Tower,27,22,5,0,54,0,0,0,0,0,27,22,5,0,54,0,0,0,54
12/30/2022,MFR,OR,ANM,WE,Federal Contract Tower,29,15,14,0,58,0,0,2,0,2,29,15,16,0,60,0,0,0,60
12/31/2022,MFR,OR,ANM,WE,Federal Contract Tower,8,5,2,0,15,0,0,2,0,2,8,5,4,0,17,2,0,2,19
01/01/2023,MFR,OR,ANM,WE,Federal Contract Tower,9,4,8,0,21,0,0,40,0,40,9,4,48,0,61,42,0,42,103
01/02/2023,MFR,OR,ANM,WE,Federal Contract Tower,24,3,10,0,37,0,0,13,0,13,24,3,23,0,50,30,0,30,80
01/03/2023,MFR,OR,ANM,WE,Federal Contract Tower,24,24,11,8,67,0,0,9,0,9,24,24,20,8,76,24,12,36,112
01/04/2023,MFR,OR,ANM,WE,Federal Contract Tower,25,17,5,0,47,0,0,0,0,0,25,17,5,0,47,0,0,0,47
01/05/2023,MFR,OR,ANM,WE,Federal Contract Tower,28,13,10,0,51,0,0,0,0,0,28,13,10,0,51,0,0,0,51
01/06/2023,MFR,OR,ANM,WE,Federal Contract Tower,16,7,4,2,29,0,0,10,0,10,16,7,14,2,39,8,0,8,47
01/07/2023,MFR,OR,ANM,WE,Federal Contract Tower,9,4,6,0,19,0,0,1,0,1,9,4,7,0,20,0,0,0,20
01/08/2023,MFR,OR,ANM,WE,Federal Contract Tower,14,1,1,0,16,0,0,13,0,13,14,1,14,0,29,24,0,24,53
01/09/2023,MFR,OR,ANM,WE,Federal Contract Tower,16,10,6,0,32,0,1,7,0,8,16,11,13,0,40,8,0,8,48
01/10/2023,MFR,OR,ANM,WE,Federal Contract Tower,26,12,5,0,43,0,0,2,0,2,26,12,7,0,45,0,0,0,45
01/11/2023,MFR,OR,ANM,WE,Federal Contract Tower,26,15,12,2,55,0,0,3,0,3,26,15,15,2,58,0,0,0,58
01/12/2023,MFR,OR,ANM,WE,Federal Contract Tower,23,16,12,0,51,0,0,10,0,10,23,16,22,0,61,0,0,0,61
01/13/2023,MFR,OR,ANM,WE,Federal Contract Tower,23,21,10,0,54,0,0,14,0,14,23,21,24,0,68,30,0,30,98
01/14/2023,MFR,OR,ANM,WE,Federal Contract Tower,12,3,6,0,21,0,0,3,0,3,12,3,9,0,24,0,0,0,24
01/15/2023,MFR,OR,ANM,WE,Federal Contract Tower,13,1,2,0,16,0,0,19,0,19,13,1,21,0,35,24,0,24,59
01/16/2023,MFR,OR,ANM,WE,Federal Contract Tower,29,12,7,0,48,0,4,13,0,17,29,16,20,0,65,38,0,38,103
01/17/2023,MFR,OR,ANM,WE,Federal Contract Tower,24,10,10,0,44,0,1,16,0,17,24,11,26,0,61,18,0,18,79
01/18/2023,MFR,OR,ANM,WE,Federal Contract Tower,24,12,14,0,50,0,0,3,0,3,24,12,17,0,53,0,0,0,53
01/19/2023,MFR,OR,ANM,WE,Federal Contract Tower,24,10,12,2,48,0,1,24,2,27,24,11,36,4,75,62,24,86,161
01/20/2023,MFR,OR,ANM,WE,Federal Contract Tower,15,7,9,4,35,0,1,50,0,51,15,8,59,4,86,38,0,38,124
01/21/2023,MFR,OR,ANM,WE,Federal Contract Tower,12,6,7,0,25,0,0,36,0,36,12,6,43,0,61,26,0,26,87
01/22/2023,MFR,OR,ANM,WE,Federal Contract Tower,14,3,3,0,20,0,0,16,0,16,14,3,19,0,36,20,0,20,56
01/23/2023,MFR,OR,ANM,WE,Federal Contract Tower,16,10,9,0,35,0,0,13,0,13,16,10,22,0,48,24,0,24,72
01/24/2023,MFR,OR,ANM,WE,Federal Contract Tower,23,12,2,1,38,0,0,43,1,44,23,12,45,2,82,46,24,70,152
01/25/2023,MFR,OR,ANM,WE,Federal Contract Tower,29,9,8,1,47,0,4,65,0,69,29,13,73,1,116,34,0,34,150
01/26/2023,MFR,OR,ANM,WE,Federal Contract Tower,25,15,11,0,51,0,1,42,0,43,25,16,53,0,94,32,0,32,126
01/27/2023,MFR,OR,ANM,WE,Federal Contract Tower,26,16,10,4,56,0,0,34,1,35,26,16,44,5,91,38,20,58,149
01/28/2023,MFR,OR,ANM,WE,Federal Contract Tower,12,7,10,0,29,0,0,21,2,23,12,7,31,2,52,14,0,14,66
01/29/2023,MFR,OR,ANM,WE,Federal Contract Tower,15,0,14,0,29,0,1,22,0,23,15,1,36,0,52,14,0,14,66
01/30/2023,MFR,OR,ANM,WE,Federal Contract Tower,26,5,12,2,45,0,0,34,2,36,26,5,46,4,81,34,0,34,115
01/31/2023,MFR,OR,ANM,WE,Federal Contract Tower,25,10,3,0,38,0,3,25,0,28,25,13,28,0,66,8,0,8,74
02/01/2023,MFR,OR,ANM,WE,Federal Contract Tower,31,19,7,3,60,0,6,27,0,33,31,25,34,3,93,18,44,62,155
02/02/2023,MFR,OR,ANM,WE,Federal Contract Tower,25,10,1,2,38,0,2,6,3,11,25,12,7,5,49,6,18,24,73
02/03/2023,MFR,OR,ANM,WE,Federal Contract Tower,26,23,8,3,60,0,1,7,0,8,26,24,15,3,68,2,0,2,70
02/04/2023,MFR,OR,ANM,WE,Federal Contract Tower,24,8,3,0,35,0,2,18,0,20,24,10,21,0,55,10,0,10,65
02/05/2023,MFR,OR,ANM,WE,Federal Contract Tower,24,4,9,4,41,0,0,4,0,4,24,4,13,4,45,8,0,8,53
02/06/2023,MFR,OR,ANM,WE,Federal Contract Tower,26,10,5,0,41,1,29,4,0,34,27,39,9,0,75,58,4,62,137
02/07/2023,MFR,OR,ANM,WE,Federal Contract Tower,25,9,11,2,47,0,1,28,0,29,25,10,39,2,76,68,0,68,144
02/08/2023,MFR,OR,ANM,WE,Federal Contract Tower,27,11,10,1,49,0,2,35,0,37,27,13,45,1,86,50,0,50,136
02/09/2023,MFR,OR,ANM,WE,Federal Contract Tower,23,14,9,0,46,0,5,24,0,29,23,19,33,0,75,36,0,36,111
02/10/2023,MFR,OR,ANM,WE,Federal Contract Tower,27,19,10,2,58,0,5,34,0,39,27,24,44,2,97,28,0,28,125
02/11/2023,MFR,OR,ANM,WE,Federal Contract Tower,23,11,8,0,42,0,0,19,1,20,23,11,27,1,62,2,2,4,66
02/12/2023,MFR,OR,ANM,WE,Federal Contract Tower,24,2,9,0,35,0,0,20,0,20,24,2,29,0,55,0,0,0,55
02/13/2023,MFR,OR,ANM,WE,Federal Contract Tower,27,10,9,5,51,0,0,8,2,10,27,10,17,7,61,2,0,2,63
02/14/2023,MFR,OR,ANM,WE,Federal Contract Tower,27,15,2,0,44,0,0,2,0,2,27,15,4,0,46,0,0,0,46
02/15/2023,MFR,OR,ANM,WE,Federal Contract Tower,26,19,9,0,54,0,2,37,0,39,26,21,46,0,93,20,0,20,113
02/16/2023,MFR,OR,ANM,WE,Federal Contract Tower,28,13,13,0,54,0,0,32,0,32,28,13,45,0,86,52,0,52,138
02/17/2023,MFR,OR,ANM,WE,Federal Contract Tower,29,11,13,0,53,0,9,69,6,84,29,20,82,6,137,14,2,16,153
02/18/2023,MFR,OR,ANM,WE,Federal Contract Tower,28,7,7,0,42,0,2,21,0,23,28,9,28,0,65,8,0,8,73
02/19/2023,MFR,OR,ANM,WE,Federal Contract Tower,24,1,10,0,35,0,4,31,0,35,24,5,41,0,70,32,0,32,102
02/20/2023,MFR,OR,ANM,WE,Federal Contract Tower,26,12,10,0,48,0,3,27,0,30,26,15,37,0,78,16,0,16,94
02/21/2023,MFR,OR,ANM,WE,Federal Contract Tower,29,17,9,0,55,0,0,7,0,7,29,17,16,0,62,4,0,4,66
02/22/2023,MFR,OR,ANM,WE,Federal Contract Tower,31,10,6,2,49,0,0,2,0,2,31,10,8,2,51,0,0,0,51
02/23/2023,MFR,OR,ANM,WE,Federal Contract Tower,24,7,8,0,39,0,0,0,0,0,24,7,8,0,39,0,0,0,39
02/24/2023,MFR,OR,ANM,WE,Federal Contract Tower,29,3,11,0,43,0,0,35,0,35,29,3,46,0,78,14,0,14,92
02/25/2023,MFR,OR,ANM,WE,Federal Contract Tower,30,6,16,2,54,0,4,58,0,62,30,10,74,2,116,30,0,30,146
02/26/2023,MFR,OR,ANM,WE,Federal Contract Tower,27,4,6,0,37,0,0,0,0,0,27,4,6,0,37,0,0,0,37
02/27/2023,MFR,OR,ANM,WE,Federal Contract Tower,29,15,6,2,52,0,0,3,0,3,29,15,9,2,55,4,0,4,59
02/28/2023,MFR,OR,ANM,WE,Federal Contract Tower,30,18,10,0,58,0,0,5,0,5,30,18,15,0,63,18,0,18,81
03/01/2023,MFR,OR,ANM,WE,Federal Contract Tower,27,15,6,0,48,0,2,22,0,24,27,17,28,0,72,14,0,14,86
03/02/2023,MFR,OR,ANM,WE,Federal Contract Tower,23,10,2,1,36,0,0,3,1,4,23,10,5,2,40,0,12,12,52
03/03/2023,MFR,OR,ANM,WE,Federal Contract Tower,27,10,16,0,53,0,1,18,0,19,27,11,34,0,72,32,0,32,104
03/04/2023,MFR,OR,ANM,WE,Federal Contract Tower,24,7,3,0,34,0,0,1,0,1,24,7,4,0,35,20,0,20,55
03/05/2023,MFR,OR,ANM,WE,Federal Contract Tower,25,3,8,0,36,0,0,0,0,0,25,3,8,0,36,14,0,14,50
03/06/2023,MFR,OR,ANM,WE,Federal Contract Tower,27,15,4,2,48,1,0,8,1,10,28,15,12,3,58,2,30,32,90
03/07/2023,MFR,OR,ANM,WE,Federal Contract Tower,30,13,12,0,55,0,0,8,0,8,30,13,20,0,63,14,24,38,101
03/08/2023,MFR,OR,ANM,WE,Federal Contract Tower,33,10,10,0,53,0,0,12,0,12,33,10,22,0,65,18,0,18,83
03/09/2023,MFR,OR,ANM,WE,Federal Contract Tower,24,9,10,0,43,0,0,3,2,5,24,9,13,2,48,4,0,4,52
03/10/2023,MFR,OR,ANM,WE,Federal Contract Tower,26,11,8,0,45,0,0,14,0,14,26,11,22,0,59,12,0,12,71
03/11/2023,MFR,OR,ANM,WE,Federal Contract Tower,27,3,4,0,34,0,1,41,0,42,27,4,45,0,76,26,0,26,102
03/12/2023,MFR,OR,ANM,WE,Federal Contract Tower,24,0,5,0,29,0,0,4,0,4,24,0,9,0,33,0,0,0,33
03/13/2023,MFR,OR,ANM,WE,Federal Contract Tower,26,11,11,4,52,0,2,2,0,4,26,13,13,4,56,6,0,6,62
03/14/2023,MFR,OR,ANM,WE,Federal Contract Tower,26,12,11,0,49,0,0,0,0,0,26,12,11,0,49,0,0,0,49
03/15/2023,MFR,OR,ANM,WE,Federal Contract Tower,27,21,12,0,60,0,4,20,0,24,27,25,32,0,84,26,0,26,110
03/16/2023,MFR,OR,ANM,WE,Federal Contract Tower,27,15,17,0,59,0,5,48,0,53,27,20,65,0,112,10,0,10,122
03/17/2023,MFR,OR,ANM,WE,Federal Contract Tower,27,22,11,3,63,0,4,34,3,41,27,26,45,6,104,4,0,4,108
03/18/2023,MFR,OR,ANM,WE,Federal Contract Tower,23,10,7,0,40,0,0,38,0,38,23,10,45,0,78,10,0,10,88
03/19/2023,MFR,OR,ANM,WE,Federal Contract Tower,24,5,12,0,41,0,4,2,0,6,24,9,14,0,47,0,0,0,47
03/20/2023,MFR,OR,ANM,WE,Federal Contract Tower,27,16,12,2,57,0,1,21,0,22,27,17,33,2,79,16,0,16,95
03/21/2023,MFR,OR,ANM,WE,Federal Contract Tower,21,9,15,6,51,0,7,32,3,42,21,16,47,9,93,50,4,54,147
03/22/2023,MFR,OR,ANM,WE,Federal Contract Tower,24,10,9,4,47,0,0,13,0,13,24,10,22,4,60,4,0,4,64
03/23/2023,MFR,OR,ANM,WE,Federal Contract Tower,26,16,18,0,60,0,0,21,1,22,26,16,39,1,82,20,0,20,102
03/24/2023,MFR,OR,ANM,WE,Federal Contract Tower,27,14,16,0,57,0,0,6,0,6,27,14,22,0,63,18,0,18,81
03/25/2023,MFR,OR,ANM,WE,Federal Contract Tower,24,9,3,0,36,0,0,1,0,1,24,9,4,0,37,0,0,0,37
03/26/2023,MFR,OR,ANM,WE,Federal Contract Tower,25,1,8,0,34,0,0,33,0,33,25,1,41,0,67,50,0,50,117
03/27/2023,MFR,OR,ANM,WE,Federal Contract Tower,27,9,11,0,47,0,0,6,0,6,27,9,17,0,53,0,0,0,53
03/28/2023,MFR,OR,ANM,WE,Federal Contract Tower,22,18,7,0,47,0,1,6,0,7,22,19,13,0,54,6,0,6,60
03/29/2023,MFR,OR,ANM,WE,Federal Contract Tower,24,13,9,2,48,0,2,21,0,23,24,15,30,2,71,6,0,6,77
03/30/2023,MFR,OR,ANM,WE,Federal Contract Tower,25,14,11,0,50,14,2,26,0,42,39,16,37,0,92,24,0,24,116
03/31/2023,MFR,OR,ANM,WE,Federal Contract Tower,26,16,8,0,50,0,0,23,0,23,26,16,31,0,73,18,0,18,91
04/01/2023,MFR,OR,ANM,WE,Federal Contract Tower,21,7,3,0,31,0,0,0,0,0,21,7,3,0,31,0,0,0,31
04/02/2023,MFR,OR,ANM,WE,Federal Contract Tower,24,5,15,0,44,0,0,0,0,0,24,5,15,0,44,0,0,0,44
04/03/2023,MFR,OR,ANM,WE,Federal Contract Tower,25,12,9,0,46,0,0,6,1,7,25,12,15,1,53,2,0,2,55
04/04/2023,MFR,OR,ANM,WE,Federal Contract Tower,23,16,16,0,55,0,1,6,0,7,23,17,22,0,62,46,0,46,108
04/05/2023,MFR,OR,ANM,WE,Federal Contract Tower,27,11,9,0,47,0,0,23,1,24,27,11,32,1,71,70,0,70,141
04/06/2023,MFR,OR,ANM,WE,Federal Contract Tower,27,12,11,4,54,0,1,14,0,15,27,13,25,4,69,10,0,10,79
04/07/2023,MFR,OR,ANM,WE,Federal Contract Tower,28,14,17,0,59,0,0,14,3,17,28,14,31,3,76,20,0,20,96
04/08/2023,MFR,OR,ANM,WE,Federal Contract Tower,25,6,4,0,35,0,2,46,0,48,25,8,50,0,83,38,0,38,121
04/09/2023,MFR,OR,ANM,WE,Federal Contract Tower,25,4,10,0,39,0,3,15,0,18,25,7,25,0,57,36,0,36,93
04/10/2023,MFR,OR,ANM,WE,Federal Contract Tower,31,17,9,0,57,0,0,17,0,17,31,17,26,0,74,26,0,26,100
04/11/2023,MFR,OR,ANM,WE,Federal Contract Tower,25,14,10,3,52,0,3,16,0,19,25,17,26,3,71,62,12,74,145
04/13/2023,MFR,OR,ANM,WE,Federal Contract Tower,28,16,10,1,55,0,2,45,1,48,28,18,55,2,103,30,12,42,145
04/14/2023,MFR,OR,ANM,WE,Federal Contract Tower,30,10,11,0,51,0,2,63,0,65,30,12,74,0,116,30,0,30,146
04/15/2023,MFR,OR,ANM,WE,Federal Contract Tower,24,5,8,0,37,0,4,75,0,79,24,9,83,0,116,38,0,38,154
04/16/2023,MFR,OR,ANM,WE,Federal Contract Tower,24,2,6,0,32,0,3,14,0,17,24,5,20,0,49,24,0,24,73
04/17/2023,MFR,OR,ANM,WE,Federal Contract Tower,33,10,12,1,56,0,0,2,1,3,33,10,14,2,59,22,10,32,91
04/18/2023,MFR,OR,ANM,WE,Federal Contract Tower,26,13,9,1,49,0,0,13,1,14,26,13,22,2,63,8,2,10,73
04/19/2023,MFR,OR,ANM,WE,Federal Contract Tower,29,15,10,0,54,0,2,9,0,11,29,17,19,0,65,12,0,12,77
04/20/2023,MFR,OR,ANM,WE,Federal Contract Tower,26,14,5,0,45,0,0,22,0,22,26,14,27,0,67,16,0,16,83
04/21/2023,MFR,OR,ANM,WE,Federal Contract Tower,28,17,15,0,60,0,0,26,0,26,28,17,41,0,86,22,0,22,108
04/22/2023,MFR,OR,ANM,WE,Federal Contract Tower,24,12,8,0,44,0,0,25,0,25,24,12,33,0,69,8,0,8,77
04/23/2023,MFR,OR,ANM,WE,Federal Contract Tower,26,2,9,0,37,0,0,7,0,7,26,2,16,0,44,0,0,0,44
04/24/2023,MFR,OR,ANM,WE,Federal Contract Tower,29,22,5,0,56,0,0,29,0,29,29,22,34,0,85,68,0,68,153
04/25/2023,MFR,OR,ANM,WE,Federal Contract Tower,26,12,13,2,53,0,0,57,1,58,26,12,70,3,111,80,0,80,191
04/26/2023,MFR,OR,ANM,WE,Federal Contract Tower,30,10,9,0,49,0,1,32,0,33,30,11,41,0,82,6,0,6,88
04/27/2023,MFR,OR,ANM,WE,Federal Contract Tower,26,13,10,0,49,0,1,42,0,43,26,14,52,0,92,0,0,0,92
04/28/2023,MFR,OR,ANM,WE,Federal Contract Tower,32,13,9,0,54,0,1,50,0,51,32,14,59,0,105,6,0,6,111
04/29/2023,MFR,OR,ANM,WE,Federal Contract Tower,24,10,9,0,43,0,3,42,0,45,24,13,51,0,88,2,0,2,90
04/30/2023,MFR,OR,ANM,WE,Federal Contract Tower,20,2,8,0,30,0,0,30,0,30,20,2,38,0,60,8,0,8,68
05/01/2023,MFR,OR,ANM,WE,Federal Contract Tower,28,14,14,0,56,0,0,5,0,5,28,14,19,0,61,26,0,26,87
05/02/2023,MFR,OR,ANM,WE,Federal Contract Tower,27,11,11,0,49,0,4,12,0,16,27,15,23,0,65,2,0,2,67
05/03/2023,MFR,OR,ANM,WE,Federal Contract Tower,19,6,4,16,45,0,9,25,0,34,19,15,29,16,79,4,0,4,83
05/04/2023,MFR,OR,ANM,WE,Federal Contract Tower,28,13,7,0,48,0,2,24,0,26,28,15,31,0,74,44,0,44,118
05/05/2023,MFR,OR,ANM,WE,Federal Contract Tower,32,14,9,4,59,0,0,23,0,23,32,14,32,4,82,8,0,8,90
05/06/2023,MFR,OR,ANM,WE,Federal Contract Tower,26,6,8,0,40,0,0,3,0,3,26,6,11,0,43,0,0,0,43
05/07/2023,MFR,OR,ANM,WE,Federal Contract Tower,22,1,4,0,27,0,0,8,0,8,22,1,12,0,35,2,0,2,37
05/08/2023,MFR,OR,ANM,WE,Federal Contract Tower,29,10,10,0,49,0,1,8,0,9,29,11,18,0,58,4,0,4,62
05/09/2023,MFR,OR,ANM,WE,Federal Contract Tower,23,12,13,7,55,0,0,25,5,30,23,12,38,12,85,16,56,72,157
05/10/2023,MFR,OR,ANM,WE,Federal Contract Tower,27,11,6,1,45,0,1,23,1,25,27,12,29,2,70,28,6,34,104
05/11/2023,MFR,OR,ANM,WE,Federal Contract Tower,30,14,14,2,60,0,3,66,0,69,30,17,80,2,129,60,0,60,189
05/12/2023,MFR,OR,ANM,WE,Federal Contract Tower,31,17,9,2,59,0,5,60,0,65,31,22,69,2,124,18,0,18,142
05/13/2023,MFR,OR,ANM,WE,Federal Contract Tower,25,7,3,0,35,0,2,56,2,60,25,9,59,2,95,6,0,6,101
05/14/2023,MFR,OR,ANM,WE,Federal Contract Tower,27,1,2,0,30,0,0,45,0,45,27,1,47,0,75,16,0,16,91
05/15/2023,MFR,OR,ANM,WE,Federal Contract Tower,30,13,7,2,52,0,1,33,4,38,30,14,40,6,90,20,0,20,110
05/16/2023,MFR,OR,ANM,WE,Federal Contract Tower,25,10,7,3,45,0,0,46,0,46,25,10,53,3,91,2,22,24,115
05/17/2023,MFR,OR,ANM,WE,Federal Contract Tower,28,13,5,4,50,0,3,44,0,47,28,16,49,4,97,30,6,36,133
05/18/2023,MFR,OR,ANM,WE,Federal Contract Tower,25,10,7,0,42,0,4,41,6,51,25,14,48,6,93,8,0,8,101
05/19/2023,MFR,OR,ANM,WE,Federal Contract Tower,31,12,5,0,48,0,1,53,7,61,31,13,58,7,109,44,0,44,153
05/20/2023,MFR,OR,ANM,WE,Federal Contract Tower,29,6,8,0,43,0,4,60,0,64,29,10,68,0,107,20,0,20,127
05/21/2023,MFR,OR,ANM,WE,Federal Contract Tower,29,0,9,0,38,0,0,25,0,25,29,0,34,0,63,20,0,20,83
05/22/2023,MFR,OR,ANM,WE,Federal Contract Tower,30,14,16,4,64,0,5,26,0,31,30,19,42,4,95,46,32,78,173
05/23/2023,MFR,OR,ANM,WE,Federal Contract Tower,30,10,14,0,54,0,2,37,0,39,30,12,51,0,93,16,0,16,109
05/24/2023,MFR,OR,ANM,WE,Federal Contract Tower,30,11,10,2,53,0,0,47,0,47,30,11,57,2,100,70,0,70,170
05/25/2023,MFR,OR,ANM,WE,Federal Contract Tower,29,13,8,3,53,0,1,43,0,44,29,14,51,3,97,0,0,0,97
05/26/2023,MFR,OR,ANM,WE,Federal Contract Tower,35,9,16,0,60,0,3,69,2,74,35,12,85,2,134,10,0,10,144
05/27/2023,MFR,OR,ANM,WE,Federal Contract Tower,29,4,13,0,46,0,3,48,0,51,29,7,61,0,97,18,0,18,115
05/28/2023,MFR,OR,ANM,WE,Federal Contract Tower,29,0,7,1,37,0,2,19,1,22,29,2,26,2,59,2,0,2,61
05/29/2023,MFR,OR,ANM,WE,Federal Contract Tower,32,4,8,0,44,0,1,71,5,77,32,5,79,5,121,46,0,46,167
05/30/2023,MFR,OR,ANM,WE,Federal Contract Tower,23,11,15,0,49,0,3,50,2,55,23,14,65,2,104,30,0,30,134
05/31/2023,MFR,OR,ANM,WE,Federal Contract Tower,32,14,20,0,66,0,4,26,0,30,32,18,46,0,96,0,0,0,96
06/01/2023,MFR,OR,ANM,WE,Federal Contract Tower,31,10,12,0,53,0,1,25,0,26,31,11,37,0,79,12,0,12,91
06/02/2023,MFR,OR,ANM,WE,Federal Contract Tower,35,15,6,2,58,0,2,39,0,41,35,17,45,2,99,12,2,14,113
06/03/2023,MFR,OR,ANM,WE,Federal Contract Tower,30,5,6,0,41,0,5,28,0,33,30,10,34,0,74,22,0,22,96
06/04/2023,MFR,OR,ANM,WE,Federal Contract Tower,29,2,12,0,43,0,5,38,0,43,29,7,50,0,86,16,0,16,102
06/05/2023,MFR,OR,ANM,WE,Federal Contract Tower,32,12,4,0,48,0,2,19,1,22,32,14,23,1,70,0,0,0,70
06/06/2023,MFR,OR,ANM,WE,Federal Contract Tower,26,9,13,0,48,0,5,31,1,37,26,14,44,1,85,2,0,2,87
06/07/2023,MFR,OR,ANM,WE,Federal Contract Tower,30,11,6,0,47,0,1,18,0,19,30,12,24,0,66,14,0,14,80
06/08/2023,MFR,OR,ANM,WE,Federal Contract Tower,30,14,10,0,54,0,5,20,2,27,30,19,30,2,81,16,0,16,97
06/09/2023,MFR,OR,ANM,WE,Federal Contract Tower,32,16,8,0,56,0,5,47,0,52,32,21,55,0,108,66,16,82,190
06/10/2023,MFR,OR,ANM,WE,Federal Contract Tower,28,8,9,2,47,0,9,45,0,54,28,17,54,2,101,32,0,32,133
06/11/2023,MFR,OR,ANM,WE,Federal Contract Tower,29,7,6,0,42,0,7,32,0,39,29,14,38,0,81,12,0,12,93
06/12/2023,MFR,OR,ANM,WE,Federal Contract Tower,33,11,8,3,55,0,11,42,0,53,33,22,50,3,108,62,0,62,170
06/13/2023,MFR,OR,ANM,WE,Federal Contract Tower,27,14,8,2,51,0,12,39,0,51,27,26,47,2,102,48,0,48,150
06/14/2023,MFR,OR,ANM,WE,Federal Contract Tower,30,10,15,0,55,0,9,57,0,66,30,19,72,0,121,4,0,4,125
06/15/2023,MFR,OR,ANM,WE,Federal Contract Tower,32,14,9,0,55,0,9,48,0,57,32,23,57,0,112,8,0,8,120
06/16/2023,MFR,OR,ANM,WE,Federal Contract Tower,35,12,6,0,53,0,6,66,0,72,35,18,72,0,125,6,0,6,131
06/17/2023,MFR,OR,ANM,WE,Federal Contract Tower,29,11,14,0,54,0,6,41,0,47,29,17,55,0,101,22,0,22,123
06/18/2023,MFR,OR,ANM,WE,Federal Contract Tower,30,1,9,0,40,0,0,22,0,22,30,1,31,0,62,22,0,22,84
06/19/2023,MFR,OR,ANM,WE,Federal Contract Tower,34,11,14,0,59,0,0,2,0,2,34,11,16,0,61,0,0,0,61
06/20/2023,MFR,OR,ANM,WE,Federal Contract Tower,27,12,20,0,59,0,4,36,2,42,27,16,56,2,101,102,6,108,209
06/21/2023,MFR,OR,ANM,WE,Federal Contract Tower,29,7,6,0,42,0,4,31,2,37,29,11,37,2,79,2,0,2,81
06/22/2023,MFR,OR,ANM,WE,Federal Contract Tower,31,14,6,2,53,0,4,43,0,47,31,18,49,2,100,8,0,8,108
06/23/2023,MFR,OR,ANM,WE,Federal Contract Tower,37,17,13,0,67,0,7,51,0,58,37,24,64,0,125,14,0,14,139
06/24/2023,MFR,OR,ANM,WE,Federal Contract Tower,26,9,5,1,41,0,5,22,2,29,26,14,27,3,70,30,0,30,100
06/25/2023,MFR,OR,ANM,WE,Federal Contract Tower,28,0,9,0,37,0,5,46,0,51,28,5,55,0,88,10,0,10,98
06/26/2023,MFR,OR,ANM,WE,Federal Contract Tower,32,20,8,2,62,0,6,51,0,57,32,26,59,2,119,28,0,28,147
06/27/2023,MFR,OR,ANM,WE,Federal Contract Tower,26,17,8,1,52,0,3,48,2,53,26,20,56,3,105,58,0,58,163
06/28/2023,MFR,OR,ANM,WE,Federal Contract Tower,27,15,7,1,50,0,4,42,4,50,27,19,49,5,100,30,14,44,144
06/29/2023,MFR,OR,ANM,WE,Federal Contract Tower,33,14,12,0,59,0,4,66,0,70,33,18,78,0,129,60,0,60,189
06/30/2023,MFR,OR,ANM,WE,Federal Contract Tower,35,12,4,0,51,0,10,60,0,70,35,22,64,0,121,18,0,18,139
07/01/2023,MFR,OR,ANM,WE,Federal Contract Tower,26,12,9,0,47,0,10,61,0,71,26,22,70,0,118,10,0,10,128
07/02/2023,MFR,OR,ANM,WE,Federal Contract Tower,27,2,3,0,32,0,2,56,0,58,27,4,59,0,90,42,0,42,132
07/03/2023,MFR,OR,ANM,WE,Federal Contract Tower,33,13,5,0,51,0,13,41,0,54,33,26,46,0,105,10,0,10,115
07/04/2023,MFR,OR,ANM,WE,Federal Contract Tower,23,2,4,0,29,0,3,25,0,28,23,5,29,0,57,8,0,8,65
07/05/2023,MFR,OR,ANM,WE,Federal Contract Tower,28,16,7,4,55,0,2,42,1,45,28,18,49,5,100,20,18,38,138
07/06/2023,MFR,OR,ANM,WE,Federal Contract Tower,30,17,10,1,58,0,4,27,0,31,30,21,37,1,89,8,12,20,109
07/07/2023,MFR,OR,ANM,WE,Federal Contract Tower,38,12,9,3,62,0,5,25,1,31,38,17,34,4,93,20,8,28,121
07/08/2023,MFR,OR,ANM,WE,Federal Contract Tower,26,6,6,0,38,0,10,45,0,55,26,16,51,0,93,20,0,20,113
07/09/2023,MFR,OR,ANM,WE,Federal Contract Tower,30,6,11,0,47,0,8,35,0,43,30,14,46,0,90,8,0,8,98
07/10/2023,MFR,OR,ANM,WE,Federal Contract Tower,39,14,8,2,63,0,7,43,1,51,39,21,51,3,114,44,0,44,158
07/11/2023,MFR,OR,ANM,WE,Federal Contract Tower,26,13,7,2,48,0,6,43,0,49,26,19,50,2,97,8,18,26,123
07/12/2023,MFR,OR,ANM,WE,Federal Contract Tower,27,17,14,2,60,0,4,49,2,55,27,21,63,4,115,22,0,22,137
07/13/2023,MFR,OR,ANM,WE,Federal Contract Tower,34,15,7,2,58,0,4,36,0,40,34,19,43,2,98,42,0,42,140
07/14/2023,MFR,OR,ANM,WE,Federal Contract Tower,36,15,10,1,62,0,9,43,1,53,36,24,53,2,115,24,6,30,145
07/15/2023,MFR,OR,ANM,WE,Federal Contract Tower,23,6,12,0,41,9,10,46,0,65,32,16,58,0,106,44,0,44,150
07/16/2023,MFR,OR,ANM,WE,Federal Contract Tower,31,4,8,0,43,4,8,46,1,59,35,12,54,1,102,4,0,4,106
07/17/2023,MFR,OR,ANM,WE,Federal Contract Tower,35,14,13,5,67,45,16,42,1,104,80,30,55,6,171,2,8,10,181
07/18/2023,MFR,OR,ANM,WE,Federal Contract Tower,27,20,6,3,56,47,21,35,7,110,74,41,41,10,166,24,0,24,190
07/19/2023,MFR,OR,ANM,WE,Federal Contract Tower,26,9,9,0,44,26,5,43,2,76,52,14,52,2,120,36,0,36,156
07/20/2023,MFR,OR,ANM,WE,Federal Contract Tower,36,12,8,0,56,1,4,28,2,35,37,16,36,2,91,16,0,16,107
07/21/2023,MFR,OR,ANM,WE,Federal Contract Tower,35,20,14,0,69,2,7,46,0,55,37,27,60,0,124,10,0,10,134
07/22/2023,MFR,OR,ANM,WE,Federal Contract Tower,25,18,10,0,53,15,8,39,5,67,40,26,49,5,120,6,0,6,126
07/23/2023,MFR,OR,ANM,WE,Federal Contract Tower,28,5,14,0,47,8,11,23,1,43,36,16,37,1,90,12,0,12,102
07/24/2023,MFR,OR,ANM,WE,Federal Contract Tower,34,15,11,3,63,2,3,44,2,51,36,18,55,5,114,18,14,32,146
07/25/2023,MFR,OR,ANM,WE,Federal Contract Tower,26,12,12,4,54,0,5,43,0,48,26,17,55,4,102,88,0,88,190
07/26/2023,MFR,OR,ANM,WE,Federal Contract Tower,27,13,10,2,52,0,6,71,0,77,27,19,81,2,129,16,0,16,145
07/27/2023,MFR,OR,ANM,WE,Federal Contract Tower,31,15,15,0,61,23,10,37,0,70,54,25,52,0,131,4,0,4,135
07/28/2023,MFR,OR,ANM,WE,Federal Contract Tower,36,8,7,2,53,0,10,53,0,63,36,18,60,2,116,24,0,24,140
07/29/2023,MFR,OR,ANM,WE,Federal Contract Tower,22,9,7,0,38,5,9,32,26,72,27,18,39,26,110,36,0,36,146
07/30/2023,MFR,OR,ANM,WE,Federal Contract Tower,29,9,10,0,48,1,10,50,3,64,30,19,60,3,112,30,0,30,142
07/31/2023,MFR,OR,ANM,WE,Federal Contract Tower,34,8,13,0,55,2,7,38,1,48,36,15,51,1,103,14,0,14,117
08/01/2023,MFR,OR,ANM,WE,Federal Contract Tower,25,18,11,0,54,0,6,37,0,43,25,24,48,0,97,18,0,18,115
08/02/2023,MFR,OR,ANM,WE,Federal Contract Tower,29,9,7,0,45,3,8,45,0,56,32,17,52,0,101,20,2,22,123
08/03/2023,MFR,OR,ANM,WE,Federal Contract Tower,31,15,18,1,65,1,2,43,0,46,32,17,61,1,111,34,0,34,145
08/04/2023,MFR,OR,ANM,WE,Federal Contract Tower,38,15,8,0,61,5,6,46,3,60,43,21,54,3,121,30,0,30,151
08/05/2023,MFR,OR,ANM,WE,Federal Contract Tower,25,5,6,1,37,0,7,40,0,47,25,12,46,1,84,30,0,30,114
08/06/2023,MFR,OR,ANM,WE,Federal Contract Tower,29,5,10,0,44,0,7,45,2,54,29,12,55,2,98,34,0,34,132
08/07/2023,MFR,OR,ANM,WE,Federal Contract Tower,39,8,11,5,63,0,6,41,1,48,39,14,52,6,111,28,14,42,153
08/08/2023,MFR,OR,ANM,WE,Federal Contract Tower,28,10,14,0,52,2,2,44,0,48,30,12,58,0,100,56,0,56,156
08/09/2023,MFR,OR,ANM,WE,Federal Contract Tower,28,11,11,2,52,4,5,28,0,37,32,16,39,2,89,28,0,28,117
08/10/2023,MFR,OR,ANM,WE,Federal Contract Tower,32,14,8,0,54,0,1,37,0,38,32,15,45,0,92,16,6,22,114
08/11/2023,MFR,OR,ANM,WE,Federal Contract Tower,36,11,9,0,56,4,6,52,1,63,40,17,61,1,119,36,0,36,155
08/12/2023,MFR,OR,ANM,WE,Federal Contract Tower,25,9,8,0,42,2,10,47,0,59,27,19,55,0,101,30,0,30,131
08/13/2023,MFR,OR,ANM,WE,Federal Contract Tower,32,10,4,0,46,0,3,45,0,48,32,13,49,0,94,60,0,60,154
08/14/2023,MFR,OR,ANM,WE,Federal Contract Tower,35,18,4,0,57,2,14,41,0,57,37,32,45,0,114,12,0,12,126
08/15/2023,MFR,OR,ANM,WE,Federal Contract Tower,29,15,17,3,64,57,7,32,0,96,86,22,49,3,160,6,0,6,166
08/16/2023,MFR,OR,ANM,WE,Federal Contract Tower,26,12,6,1,45,29,8,35,0,72,55,20,41,1,117,10,0,10,127
08/17/2023,MFR,OR,ANM,WE,Federal Contract Tower,35,11,14,6,66,4,4,30,0,38,39,15,44,6,104,28,0,28,132
08/18/2023,MFR,OR,ANM,WE,Federal Contract Tower,31,14,29,0,74,62,5,25,0,92,93,19,54,0,166,10,0,10,176
08/19/2023,MFR,OR,ANM,WE,Federal Contract Tower,22,17,6,3,48,10,9,49,2,70,32,26,55,5,118,38,0,38,156
08/20/2023,MFR,OR,ANM,WE,Federal Contract Tower,27,4,6,1,38,55,16,33,2,106,82,20,39,3,144,24,0,24,168
08/21/2023,MFR,OR,ANM,WE,Federal Contract Tower,34,14,15,2,65,1,8,8,0,17,35,22,23,2,82,38,0,38,120
08/22/2023,MFR,OR,ANM,WE,Federal Contract Tower,55,16,25,4,100,0,0,0,0,0,55,16,25,4,100,0,0,0,100
08/23/2023,MFR,OR,ANM,WE,Federal Contract Tower,26,10,22,6,64,0,2,26,0,28,26,12,48,6,92,18,0,18,110
08/24/2023,MFR,OR,ANM,WE,Federal Contract Tower,28,21,8,0,57,30,11,16,0,57,58,32,24,0,114,0,0,0,114
08/25/2023,MFR,OR,ANM,WE,Federal Contract Tower,31,15,13,0,59,9,2,2,0,13,40,17,15,0,72,0,0,0,72
08/26/2023,MFR,OR,ANM,WE,Federal Contract Tower,27,9,21,0,57,39,13,16,0,68,66,22,37,0,125,0,0,0,125
08/27/2023,MFR,OR,ANM,WE,Federal Contract Tower,27,2,22,0,51,0,5,3,0,8,27,7,25,0,59,0,0,0,59
08/28/2023,MFR,OR,ANM,WE,Federal Contract Tower,42,8,19,0,69,0,0,0,0,0,42,8,19,0,69,0,0,0,69
08/29/2023,MFR,OR,ANM,WE,Federal Contract Tower,27,19,16,1,63,60,5,17,0,82,87,24,33,1,145,4,0,4,149
08/30/2023,MFR,OR,ANM,WE,Federal Contract Tower,29,17,10,0,56,40,11,33,0,84,69,28,43,0,140,12,0,12,152
08/31/2023,MFR,OR,ANM,WE,Federal Contract Tower,28,13,25,0,66,2,1,26,0,29,30,14,51,0,95,14,0,14,109
