01/01/2000,MGM,AL,ASO,ES,Towers with Radar,19,10,16,0,45,1,0,12,0,13,20,10,28,0,58,14,0,14,72
01/02/2000,MGM,AL,ASO,ES,Towers with Radar,26,10,37,0,73,0,0,17,0,17,26,10,54,0,90,6,0,6,96
01/03/2000,MGM,AL,ASO,ES,Towers with Radar,18,17,40,60,135,3,0,21,37,61,21,17,61,97,196,48,144,192,388
01/04/2000,MGM,AL,ASO,ES,Towers with Radar,21,20,34,64,139,1,0,27,92,120,22,20,61,156,259,28,62,90,349
01/05/2000,MGM,AL,ASO,ES,Towers with Radar,23,14,56,100,193,1,0,24,65,90,24,14,80,165,283,51,134,185,468
01/06/2000,MGM,AL,ASO,ES,Towers with Radar,19,20,56,64,159,1,0,23,62,86,20,20,79,126,245,31,117,148,393
01/07/2000,MGM,AL,ASO,ES,Towers with Radar,21,19,82,41,163,1,0,40,97,138,22,19,122,138,301,69,118,187,488
01/08/2000,MGM,AL,ASO,ES,Towers with Radar,23,13,71,18,125,1,0,53,75,129,24,13,124,93,254,82,18,100,354
01/09/2000,MGM,AL,ASO,ES,Towers with Radar,22,11,37,32,102,1,0,7,7,15,23,11,44,39,117,10,40,50,167
01/10/2000,MGM,AL,ASO,ES,Towers with Radar,27,13,81,76,197,0,0,31,111,142,27,13,112,187,339,30,182,212,551
01/11/2000,MGM,AL,ASO,ES,Towers with Radar,22,17,82,50,171,0,0,34,59,93,22,17,116,109,264,55,64,119,383
01/12/2000,MGM,AL,ASO,ES,Towers with Radar,21,33,97,90,241,0,0,12,78,90,21,33,109,168,331,23,82,105,436
01/13/2000,MGM,AL,ASO,ES,Towers with Radar,24,18,66,46,154,0,0,12,15,27,24,18,78,61,181,14,32,46,227
01/14/2000,MGM,AL,ASO,ES,Towers with Radar,23,14,102,16,155,0,0,23,25,48,23,14,125,41,203,89,16,105,308
01/15/2000,MGM,AL,ASO,ES,Towers with Radar,25,12,38,1,76,0,1,74,1,76,25,13,112,2,152,42,0,42,194
01/16/2000,MGM,AL,ASO,ES,Towers with Radar,22,12,36,5,75,0,0,20,1,21,22,12,56,6,96,28,4,32,128
01/17/2000,MGM,AL,ASO,ES,Towers with Radar,25,16,73,5,119,6,0,10,6,22,31,16,83,11,141,32,4,36,177
01/18/2000,MGM,AL,ASO,ES,Towers with Radar,41,16,71,88,216,2,0,23,34,59,43,16,94,122,275,40,80,120,395
01/19/2000,MGM,AL,ASO,ES,Towers with Radar,22,22,108,91,243,0,0,4,46,50,22,22,112,137,293,64,65,129,422
01/20/2000,MGM,AL,ASO,ES,Towers with Radar,24,19,74,127,244,0,0,28,92,120,24,19,102,219,364,17,197,214,578
01/21/2000,MGM,AL,ASO,ES,Towers with Radar,22,21,57,63,163,0,0,39,138,177,22,21,96,201,340,35,90,125,465
01/22/2000,MGM,AL,ASO,ES,Towers with Radar,20,13,35,26,94,0,0,70,40,110,20,13,105,66,204,38,20,58,262
01/23/2000,MGM,AL,ASO,ES,Towers with Radar,21,12,48,11,92,0,0,0,1,1,21,12,48,12,93,18,4,22,115
01/24/2000,MGM,AL,ASO,ES,Towers with Radar,20,14,69,21,124,0,0,18,9,27,20,14,87,30,151,26,52,78,229
01/25/2000,MGM,AL,ASO,ES,Towers with Radar,21,18,76,59,174,0,0,55,118,173,21,18,131,177,347,44,196,240,587
01/26/2000,MGM,AL,ASO,ES,Towers with Radar,24,15,89,55,183,0,0,100,40,140,24,15,189,95,323,88,74,162,485
01/27/2000,MGM,AL,ASO,ES,Towers with Radar,21,12,38,89,160,0,0,37,37,74,21,12,75,126,234,34,190,224,458
01/28/2000,MGM,AL,ASO,ES,Towers with Radar,5,19,13,26,63,0,0,11,13,24,5,19,24,39,87,0,34,34,121
01/29/2000,MGM,AL,ASO,ES,Towers with Radar,10,15,11,0,36,0,0,0,4,4,10,15,11,4,40,0,0,0,40
01/30/2000,MGM,AL,ASO,ES,Towers with Radar,18,14,27,18,77,0,0,5,7,12,18,14,32,25,89,14,20,34,123
01/31/2000,MGM,AL,ASO,ES,Towers with Radar,22,21,63,46,152,0,0,33,19,52,22,21,96,65,204,40,88,128,332
02/01/2000,MGM,AL,ASO,ES,Towers with Radar,26,17,71,58,172,4,0,28,36,68,30,17,99,94,240,51,100,151,391
02/02/2000,MGM,AL,ASO,ES,Towers with Radar,20,25,65,117,227,0,0,97,58,155,20,25,162,175,382,66,192,258,640
02/03/2000,MGM,AL,ASO,ES,Towers with Radar,23,18,55,52,148,0,0,53,57,110,23,18,108,109,258,121,104,225,483
02/04/2000,MGM,AL,ASO,ES,Towers with Radar,22,19,60,96,197,0,0,33,108,141,22,19,93,204,338,25,172,197,535
02/05/2000,MGM,AL,ASO,ES,Towers with Radar,22,17,18,64,121,0,0,55,116,171,22,17,73,180,292,32,68,100,392
02/06/2000,MGM,AL,ASO,ES,Towers with Radar,21,14,50,32,117,0,0,29,44,73,21,14,79,76,190,32,28,60,250
02/07/2000,MGM,AL,ASO,ES,Towers with Radar,21,16,65,34,136,0,0,46,116,162,21,16,111,150,298,54,38,92,390
02/08/2000,MGM,AL,ASO,ES,Towers with Radar,23,17,82,49,171,0,0,55,123,178,23,17,137,172,349,38,68,106,455
02/09/2000,MGM,AL,ASO,ES,Towers with Radar,22,18,73,52,165,0,0,69,95,164,22,18,142,147,329,64,86,150,479
02/10/2000,MGM,AL,ASO,ES,Towers with Radar,24,20,60,50,154,0,0,81,33,114,24,20,141,83,268,21,76,97,365
02/11/2000,MGM,AL,ASO,ES,Towers with Radar,22,18,93,67,200,0,0,31,87,118,22,18,124,154,318,76,90,166,484
02/12/2000,MGM,AL,ASO,ES,Towers with Radar,21,19,55,39,134,0,0,18,58,76,21,19,73,97,210,28,26,54,264
02/13/2000,MGM,AL,ASO,ES,Towers with Radar,20,14,18,4,56,0,0,1,11,12,20,14,19,15,68,0,0,0,68
02/14/2000,MGM,AL,ASO,ES,Towers with Radar,23,16,64,30,133,0,0,51,53,104,23,16,115,83,237,20,34,54,291
02/15/2000,MGM,AL,ASO,ES,Towers with Radar,24,19,67,54,164,3,3,50,79,135,27,22,117,133,299,62,38,100,399
02/16/2000,MGM,AL,ASO,ES,Towers with Radar,23,20,83,68,194,0,0,41,34,75,23,20,124,102,269,43,104,147,416
02/17/2000,MGM,AL,ASO,ES,Towers with Radar,24,20,85,62,191,0,0,28,99,127,24,20,113,161,318,79,116,195,513
02/18/2000,MGM,AL,ASO,ES,Towers with Radar,22,19,57,71,169,0,0,19,35,54,22,19,76,106,223,41,56,97,320
02/19/2000,MGM,AL,ASO,ES,Towers with Radar,21,16,46,2,85,0,0,31,8,39,21,16,77,10,124,27,0,27,151
02/20/2000,MGM,AL,ASO,ES,Towers with Radar,22,13,49,3,87,0,0,61,2,63,22,13,110,5,150,40,0,40,190
02/21/2000,MGM,AL,ASO,ES,Towers with Radar,22,16,47,2,87,0,0,52,0,52,22,16,99,2,139,18,0,18,157
02/22/2000,MGM,AL,ASO,ES,Towers with Radar,21,18,42,73,154,4,0,47,73,124,25,18,89,146,278,4,130,134,412
02/23/2000,MGM,AL,ASO,ES,Towers with Radar,21,19,56,74,170,0,1,60,104,165,21,20,116,178,335,35,74,109,444
02/24/2000,MGM,AL,ASO,ES,Towers with Radar,20,18,65,57,160,0,0,56,108,164,20,18,121,165,324,49,30,79,403
02/25/2000,MGM,AL,ASO,ES,Towers with Radar,17,20,92,103,232,0,0,86,82,168,17,20,178,185,400,77,42,119,519
02/26/2000,MGM,AL,ASO,ES,Towers with Radar,18,13,51,13,95,0,0,25,28,53,18,13,76,41,148,59,22,81,229
02/27/2000,MGM,AL,ASO,ES,Towers with Radar,22,13,32,15,82,0,0,27,5,32,22,13,59,20,114,4,10,14,128
02/28/2000,MGM,AL,ASO,ES,Towers with Radar,21,16,59,41,137,0,0,47,91,138,21,16,106,132,275,28,12,40,315
02/29/2000,MGM,AL,ASO,ES,Towers with Radar,18,18,86,61,183,0,0,56,144,200,18,18,142,205,383,32,66,98,481
03/01/2000,MGM,AL,ASO,ES,Towers with Radar,23,20,76,96,215,1,0,76,91,168,24,20,152,187,383,42,107,149,532
03/02/2000,MGM,AL,ASO,ES,Towers with Radar,20,20,71,71,182,1,0,54,109,164,21,20,125,180,346,17,60,77,423
03/03/2000,MGM,AL,ASO,ES,Towers with Radar,22,22,90,50,184,1,0,23,63,87,23,22,113,113,271,30,98,128,399
03/04/2000,MGM,AL,ASO,ES,Towers with Radar,25,14,49,20,108,0,0,40,38,78,25,14,89,58,186,28,33,61,247
03/05/2000,MGM,AL,ASO,ES,Towers with Radar,28,14,56,11,109,1,0,68,7,76,29,14,124,18,185,12,4,16,201
03/06/2000,MGM,AL,ASO,ES,Towers with Radar,21,16,45,25,107,1,0,88,76,165,22,16,133,101,272,47,14,61,333
03/07/2000,MGM,AL,ASO,ES,Towers with Radar,21,18,69,99,207,1,0,60,126,187,22,18,129,225,394,11,107,118,512
03/08/2000,MGM,AL,ASO,ES,Towers with Radar,19,18,70,70,177,1,0,76,62,139,20,18,146,132,316,29,48,77,393
03/09/2000,MGM,AL,ASO,ES,Towers with Radar,22,22,78,56,178,0,0,30,51,81,22,22,108,107,259,58,59,117,376
03/10/2000,MGM,AL,ASO,ES,Towers with Radar,20,19,77,49,165,0,0,28,50,78,20,19,105,99,243,18,66,84,327
03/11/2000,MGM,AL,ASO,ES,Towers with Radar,20,18,25,9,72,0,0,20,5,25,20,18,45,14,97,30,54,84,181
03/12/2000,MGM,AL,ASO,ES,Towers with Radar,24,13,48,24,109,1,0,52,102,155,25,13,100,126,264,26,46,72,336
03/13/2000,MGM,AL,ASO,ES,Towers with Radar,38,15,48,22,123,0,0,66,137,203,38,15,114,159,326,33,45,78,404
03/14/2000,MGM,AL,ASO,ES,Towers with Radar,25,19,65,45,154,0,0,53,64,117,25,19,118,109,271,21,39,60,331
03/15/2000,MGM,AL,ASO,ES,Towers with Radar,22,18,64,90,194,0,0,60,85,145,22,18,124,175,339,43,104,147,486
03/16/2000,MGM,AL,ASO,ES,Towers with Radar,21,17,67,36,141,0,0,9,12,21,21,17,76,48,162,17,10,27,189
03/17/2000,MGM,AL,ASO,ES,Towers with Radar,20,19,59,81,179,0,0,45,108,153,20,19,104,189,332,44,22,66,398
03/18/2000,MGM,AL,ASO,ES,Towers with Radar,20,16,52,21,109,0,0,30,54,84,20,16,82,75,193,46,24,70,263
03/19/2000,MGM,AL,ASO,ES,Towers with Radar,18,11,21,0,50,0,0,1,1,2,18,11,22,1,52,0,0,0,52
03/20/2000,MGM,AL,ASO,ES,Towers with Radar,23,19,67,24,133,0,0,60,134,194,23,19,127,158,327,35,8,43,370
03/21/2000,MGM,AL,ASO,ES,Towers with Radar,24,22,69,67,182,0,0,97,78,175,24,22,166,145,357,86,59,145,502
03/22/2000,MGM,AL,ASO,ES,Towers with Radar,22,18,89,98,227,0,0,70,147,217,22,18,159,245,444,86,117,203,647
03/23/2000,MGM,AL,ASO,ES,Towers with Radar,22,19,82,52,175,0,0,88,124,212,22,19,170,176,387,64,42,106,493
03/24/2000,MGM,AL,ASO,ES,Towers with Radar,22,18,84,44,168,0,0,68,123,191,22,18,152,167,359,43,17,60,419
03/25/2000,MGM,AL,ASO,ES,Towers with Radar,21,17,41,16,95,0,0,38,67,105,21,17,79,83,200,24,30,54,254
03/26/2000,MGM,AL,ASO,ES,Towers with Radar,23,14,56,17,110,0,0,34,64,98,23,14,90,81,208,52,8,60,268
03/27/2000,MGM,AL,ASO,ES,Towers with Radar,21,15,46,30,112,1,0,20,30,51,22,15,66,60,163,16,10,26,189
03/28/2000,MGM,AL,ASO,ES,Towers with Radar,22,19,68,47,156,0,4,49,62,115,22,23,117,109,271,56,91,147,418
03/29/2000,MGM,AL,ASO,ES,Towers with Radar,22,20,57,28,127,0,0,28,107,135,22,20,85,135,262,27,51,78,340
03/30/2000,MGM,AL,ASO,ES,Towers with Radar,23,17,77,15,132,0,0,13,42,55,23,17,90,57,187,73,10,83,270
03/31/2000,MGM,AL,ASO,ES,Towers with Radar,22,16,89,39,166,0,0,69,54,123,22,16,158,93,289,47,31,78,367
04/01/2000,MGM,AL,ASO,ES,Towers with Radar,22,15,69,12,118,0,0,28,20,48,22,15,97,32,166,44,0,44,210
04/02/2000,MGM,AL,ASO,ES,Towers with Radar,21,20,51,12,104,0,0,1,10,11,21,20,52,22,115,8,0,8,123
04/03/2000,MGM,AL,ASO,ES,Towers with Radar,18,13,39,2,72,0,0,4,22,26,18,13,43,24,98,7,0,7,105
04/04/2000,MGM,AL,ASO,ES,Towers with Radar,25,15,85,51,176,0,0,38,53,91,25,15,123,104,267,17,50,67,334
04/05/2000,MGM,AL,ASO,ES,Towers with Radar,23,18,104,54,199,0,0,59,59,118,23,18,163,113,317,57,85,142,459
04/06/2000,MGM,AL,ASO,ES,Towers with Radar,22,35,72,42,171,0,0,62,139,201,22,35,134,181,372,30,112,142,514
04/07/2000,MGM,AL,ASO,ES,Towers with Radar,21,20,99,33,173,0,0,54,86,140,21,20,153,119,313,25,24,49,362
04/08/2000,MGM,AL,ASO,ES,Towers with Radar,23,15,36,13,87,0,0,16,8,24,23,15,52,21,111,0,20,20,131
04/09/2000,MGM,AL,ASO,ES,Towers with Radar,21,14,40,25,100,0,0,47,3,50,21,14,87,28,150,26,28,54,204
04/10/2000,MGM,AL,ASO,ES,Towers with Radar,22,18,61,22,123,0,0,49,161,210,22,18,110,183,333,39,62,101,434
04/11/2000,MGM,AL,ASO,ES,Towers with Radar,22,16,74,96,208,0,4,89,164,257,22,20,163,260,465,50,71,121,586
04/12/2000,MGM,AL,ASO,ES,Towers with Radar,19,21,69,75,184,0,0,33,125,158,19,21,102,200,342,34,72,106,448
04/13/2000,MGM,AL,ASO,ES,Towers with Radar,20,18,52,77,167,0,0,29,129,158,20,18,81,206,325,26,108,134,459
04/14/2000,MGM,AL,ASO,ES,Towers with Radar,22,21,83,54,180,0,0,8,7,15,22,21,91,61,195,3,0,3,198
04/15/2000,MGM,AL,ASO,ES,Towers with Radar,24,17,38,12,91,0,0,28,24,52,24,17,66,36,143,18,0,18,161
04/16/2000,MGM,AL,ASO,ES,Towers with Radar,21,12,39,23,95,0,0,34,40,74,21,12,73,63,169,10,12,22,191
04/17/2000,MGM,AL,ASO,ES,Towers with Radar,19,25,53,35,132,0,0,58,66,124,19,25,111,101,256,10,70,80,336
04/18/2000,MGM,AL,ASO,ES,Towers with Radar,24,17,68,41,150,0,1,67,53,121,24,18,135,94,271,41,61,102,373
04/19/2000,MGM,AL,ASO,ES,Towers with Radar,22,18,88,59,187,0,0,64,118,182,22,18,152,177,369,62,55,117,486
04/20/2000,MGM,AL,ASO,ES,Towers with Radar,19,18,84,63,184,0,0,23,85,108,19,18,107,148,292,18,124,142,434
04/21/2000,MGM,AL,ASO,ES,Towers with Radar,24,22,49,68,163,0,0,51,62,113,24,22,100,130,276,55,86,141,417
04/22/2000,MGM,AL,ASO,ES,Towers with Radar,19,17,16,9,61,0,0,59,40,99,19,17,75,49,160,18,12,30,190
04/23/2000,MGM,AL,ASO,ES,Towers with Radar,22,14,31,1,68,0,0,25,8,33,22,14,56,9,101,6,0,6,107
04/24/2000,MGM,AL,ASO,ES,Towers with Radar,20,19,40,19,98,0,0,9,23,32,20,19,49,42,130,12,6,18,148
04/25/2000,MGM,AL,ASO,ES,Towers with Radar,22,17,70,60,169,0,0,55,117,172,22,17,125,177,341,74,78,152,493
04/26/2000,MGM,AL,ASO,ES,Towers with Radar,22,18,74,64,178,0,0,70,123,193,22,18,144,187,371,57,110,167,538
04/27/2000,MGM,AL,ASO,ES,Towers with Radar,22,18,101,37,178,0,0,56,54,110,22,18,157,91,288,42,28,70,358
04/28/2000,MGM,AL,ASO,ES,Towers with Radar,22,19,87,91,219,0,1,74,50,125,22,20,161,141,344,34,94,128,472
04/29/2000,MGM,AL,ASO,ES,Towers with Radar,21,15,49,5,90,0,0,97,30,127,21,15,146,35,217,54,4,58,275
04/30/2000,MGM,AL,ASO,ES,Towers with Radar,22,11,30,23,86,0,0,64,26,90,22,11,94,49,176,32,18,50,226
05/01/2000,MGM,AL,ASO,ES,Towers with Radar,23,17,58,46,144,0,0,48,105,153,23,17,106,151,297,45,74,119,416
05/02/2000,MGM,AL,ASO,ES,Towers with Radar,22,18,63,91,194,0,0,34,137,171,22,18,97,228,365,56,127,183,548
05/03/2000,MGM,AL,ASO,ES,Towers with Radar,22,19,65,98,204,0,0,78,111,189,22,19,143,209,393,42,172,214,607
05/04/2000,MGM,AL,ASO,ES,Towers with Radar,22,20,77,48,167,0,0,59,120,179,22,20,136,168,346,45,108,153,499
05/05/2000,MGM,AL,ASO,ES,Towers with Radar,21,16,75,83,195,0,0,39,89,128,21,16,114,172,323,38,204,242,565
05/06/2000,MGM,AL,ASO,ES,Towers with Radar,22,15,35,28,100,0,0,40,45,85,22,15,75,73,185,52,8,60,245
05/07/2000,MGM,AL,ASO,ES,Towers with Radar,22,14,40,25,101,0,0,50,42,92,22,14,90,67,193,22,60,82,275
05/08/2000,MGM,AL,ASO,ES,Towers with Radar,23,18,46,24,111,0,0,58,69,127,23,18,104,93,238,47,58,105,343
05/09/2000,MGM,AL,ASO,ES,Towers with Radar,24,18,71,54,167,0,0,56,104,160,24,18,127,158,327,17,76,93,420
05/10/2000,MGM,AL,ASO,ES,Towers with Radar,20,21,82,48,171,0,0,31,62,93,20,21,113,110,264,22,38,60,324
05/11/2000,MGM,AL,ASO,ES,Towers with Radar,23,22,94,25,164,0,0,53,49,102,23,22,147,74,266,42,30,72,338
05/12/2000,MGM,AL,ASO,ES,Towers with Radar,21,22,87,62,192,0,0,40,61,101,21,22,127,123,293,34,41,75,368
05/13/2000,MGM,AL,ASO,ES,Towers with Radar,19,16,64,14,113,0,0,64,78,142,19,16,128,92,255,80,10,90,345
05/14/2000,MGM,AL,ASO,ES,Towers with Radar,24,13,19,18,74,0,0,37,27,64,24,13,56,45,138,27,4,31,169
05/15/2000,MGM,AL,ASO,ES,Towers with Radar,22,16,62,17,117,0,0,53,61,114,22,16,115,78,231,48,14,62,293
05/16/2000,MGM,AL,ASO,ES,Towers with Radar,23,19,55,29,126,0,0,47,65,112,23,19,102,94,238,44,136,180,418
05/17/2000,MGM,AL,ASO,ES,Towers with Radar,22,22,83,54,181,0,0,54,106,160,22,22,137,160,341,32,106,138,479
05/18/2000,MGM,AL,ASO,ES,Towers with Radar,23,20,120,71,234,0,0,52,119,171,23,20,172,190,405,15,104,119,524
05/19/2000,MGM,AL,ASO,ES,Towers with Radar,18,20,71,87,196,0,0,58,150,208,18,20,129,237,404,44,142,186,590
05/20/2000,MGM,AL,ASO,ES,Towers with Radar,21,16,44,16,97,0,0,26,52,78,21,16,70,68,175,52,6,58,233
05/21/2000,MGM,AL,ASO,ES,Towers with Radar,21,13,47,22,103,0,0,16,30,46,21,13,63,52,149,31,20,51,200
05/22/2000,MGM,AL,ASO,ES,Towers with Radar,27,14,78,65,184,0,0,25,84,109,27,14,103,149,293,53,83,136,429
05/23/2000,MGM,AL,ASO,ES,Towers with Radar,23,18,74,75,190,0,0,60,109,169,23,18,134,184,359,141,106,247,606
05/24/2000,MGM,AL,ASO,ES,Towers with Radar,20,19,69,80,188,0,0,40,49,89,20,19,109,129,277,15,147,162,439
05/25/2000,MGM,AL,ASO,ES,Towers with Radar,22,19,75,62,178,0,0,34,104,138,22,19,109,166,316,26,149,175,491
05/26/2000,MGM,AL,ASO,ES,Towers with Radar,21,21,90,4,136,0,0,34,87,121,21,21,124,91,257,24,44,68,325
05/27/2000,MGM,AL,ASO,ES,Towers with Radar,22,19,20,3,64,0,0,20,14,34,22,19,40,17,98,53,0,53,151
05/28/2000,MGM,AL,ASO,ES,Towers with Radar,30,8,22,0,60,2,0,9,7,18,32,8,31,7,78,2,0,2,80
05/29/2000,MGM,AL,ASO,ES,Towers with Radar,26,15,42,3,86,0,0,43,31,74,26,15,85,34,160,31,0,31,191
05/30/2000,MGM,AL,ASO,ES,Towers with Radar,22,22,54,74,172,0,0,54,86,140,22,22,108,160,312,50,48,98,410
05/31/2000,MGM,AL,ASO,ES,Towers with Radar,21,18,75,58,172,0,0,76,84,160,21,18,151,142,332,27,54,81,413
06/01/2000,MGM,AL,ASO,ES,Towers with Radar,20,21,71,53,165,1,0,50,74,125,21,21,121,127,290,94,74,168,458
06/02/2000,MGM,AL,ASO,ES,Towers with Radar,20,21,68,91,200,1,0,40,114,155,21,21,108,205,355,28,56,84,439
06/03/2000,MGM,AL,ASO,ES,Towers with Radar,23,14,24,11,72,1,0,39,69,109,24,14,63,80,181,32,2,34,215
06/04/2000,MGM,AL,ASO,ES,Towers with Radar,23,12,56,3,94,1,0,23,17,41,24,12,79,20,135,60,18,78,213
06/05/2000,MGM,AL,ASO,ES,Towers with Radar,23,17,65,30,135,1,0,1,43,45,24,17,66,73,180,8,16,24,204
06/06/2000,MGM,AL,ASO,ES,Towers with Radar,21,22,66,42,151,1,0,40,65,106,22,22,106,107,257,52,46,98,355
06/07/2000,MGM,AL,ASO,ES,Towers with Radar,21,19,58,71,169,0,1,48,118,167,21,20,106,189,336,16,74,90,426
06/08/2000,MGM,AL,ASO,ES,Towers with Radar,20,20,82,43,165,1,0,57,38,96,21,20,139,81,261,14,61,75,336
06/09/2000,MGM,AL,ASO,ES,Towers with Radar,21,20,58,63,162,1,0,62,123,186,22,20,120,186,348,24,58,82,430
06/10/2000,MGM,AL,ASO,ES,Towers with Radar,23,15,30,33,101,1,0,24,31,56,24,15,54,64,157,14,80,94,251
06/11/2000,MGM,AL,ASO,ES,Towers with Radar,29,12,45,32,118,0,1,29,75,105,29,13,74,107,223,10,60,70,293
06/12/2000,MGM,AL,ASO,ES,Towers with Radar,22,20,58,19,119,0,0,40,47,87,22,20,98,66,206,51,26,77,283
06/13/2000,MGM,AL,ASO,ES,Towers with Radar,22,22,73,79,196,0,0,55,81,136,22,22,128,160,332,31,128,159,491
06/14/2000,MGM,AL,ASO,ES,Towers with Radar,22,21,55,30,128,0,0,33,44,77,22,21,88,74,205,28,10,38,243
06/15/2000,MGM,AL,ASO,ES,Towers with Radar,22,22,56,53,153,0,0,21,43,64,22,22,77,96,217,26,76,102,319
06/16/2000,MGM,AL,ASO,ES,Towers with Radar,21,20,79,39,159,0,0,14,19,33,21,20,93,58,192,12,20,32,224
06/17/2000,MGM,AL,ASO,ES,Towers with Radar,24,16,36,10,86,0,0,9,1,10,24,16,45,11,96,28,0,28,124
06/18/2000,MGM,AL,ASO,ES,Towers with Radar,22,12,31,2,67,0,0,24,11,35,22,12,55,13,102,14,0,14,116
06/19/2000,MGM,AL,ASO,ES,Towers with Radar,21,23,43,33,120,0,2,30,17,49,21,25,73,50,169,57,32,89,258
06/20/2000,MGM,AL,ASO,ES,Towers with Radar,23,20,83,24,150,0,0,58,60,118,23,20,141,84,268,68,14,82,350
06/21/2000,MGM,AL,ASO,ES,Towers with Radar,22,21,64,93,200,0,0,64,140,204,22,21,128,233,404,73,169,242,646
06/22/2000,MGM,AL,ASO,ES,Towers with Radar,23,20,44,61,148,0,0,76,73,149,23,20,120,134,297,72,38,110,407
06/23/2000,MGM,AL,ASO,ES,Towers with Radar,25,22,54,37,138,0,0,57,88,145,25,22,111,125,283,64,42,106,389
06/24/2000,MGM,AL,ASO,ES,Towers with Radar,24,15,45,8,92,0,0,33,39,72,24,15,78,47,164,22,6,28,192
06/25/2000,MGM,AL,ASO,ES,Towers with Radar,24,13,42,7,86,0,0,25,20,45,24,13,67,27,131,6,8,14,145
06/26/2000,MGM,AL,ASO,ES,Towers with Radar,23,21,54,34,132,0,0,44,56,100,23,21,98,90,232,64,24,88,320
06/27/2000,MGM,AL,ASO,ES,Towers with Radar,23,26,83,61,193,0,0,56,120,176,23,26,139,181,369,32,98,130,499
06/28/2000,MGM,AL,ASO,ES,Towers with Radar,21,15,75,84,195,0,1,39,55,95,21,16,114,139,290,11,72,83,373
06/29/2000,MGM,AL,ASO,ES,Towers with Radar,21,21,92,57,191,0,0,39,55,94,21,21,131,112,285,33,66,99,384
06/30/2000,MGM,AL,ASO,ES,Towers with Radar,23,20,61,69,173,0,0,62,111,173,23,20,123,180,346,54,82,136,482
07/01/2000,MGM,AL,ASO,ES,Towers with Radar,14,11,36,22,83,10,3,45,3,61,24,14,81,25,144,6,0,6,150
07/02/2000,MGM,AL,ASO,ES,Towers with Radar,20,15,24,0,59,0,0,34,7,41,20,15,58,7,100,16,0,16,116
07/03/2000,MGM,AL,ASO,ES,Towers with Radar,19,16,19,7,61,0,0,26,6,32,19,16,45,13,93,10,6,16,109
07/04/2000,MGM,AL,ASO,ES,Towers with Radar,17,16,27,0,60,0,0,28,0,28,17,16,55,0,88,10,0,10,98
07/05/2000,MGM,AL,ASO,ES,Towers with Radar,22,18,39,107,186,0,0,42,35,77,22,18,81,142,263,26,104,130,393
07/06/2000,MGM,AL,ASO,ES,Towers with Radar,25,19,47,66,157,0,0,53,111,164,25,19,100,177,321,40,46,86,407
07/07/2000,MGM,AL,ASO,ES,Towers with Radar,23,19,54,71,167,0,0,36,122,158,23,19,90,193,325,0,146,146,471
07/08/2000,MGM,AL,ASO,ES,Towers with Radar,22,13,55,23,113,0,0,50,67,117,22,13,105,90,230,36,64,100,330
07/09/2000,MGM,AL,ASO,ES,Towers with Radar,20,16,30,5,71,0,0,28,52,80,20,16,58,57,151,9,4,13,164
07/10/2000,MGM,AL,ASO,ES,Towers with Radar,20,18,66,22,126,0,0,28,62,90,20,18,94,84,216,12,53,65,281
07/11/2000,MGM,AL,ASO,ES,Towers with Radar,23,20,51,38,132,0,0,30,55,85,23,20,81,93,217,25,13,38,255
07/12/2000,MGM,AL,ASO,ES,Towers with Radar,22,20,58,31,131,0,0,48,84,132,22,20,106,115,263,14,58,72,335
07/13/2000,MGM,AL,ASO,ES,Towers with Radar,19,22,86,17,144,0,0,35,62,97,19,22,121,79,241,2,96,98,339
07/14/2000,MGM,AL,ASO,ES,Towers with Radar,22,22,44,73,161,0,0,24,78,102,22,22,68,151,263,42,44,86,349
07/15/2000,MGM,AL,ASO,ES,Towers with Radar,23,14,41,30,108,0,0,39,61,100,23,14,80,91,208,15,20,35,243
07/16/2000,MGM,AL,ASO,ES,Towers with Radar,20,18,48,15,101,0,0,40,19,59,20,18,88,34,160,34,8,42,202
07/17/2000,MGM,AL,ASO,ES,Towers with Radar,23,17,68,48,156,0,1,61,75,137,23,18,129,123,293,20,44,64,357
07/18/2000,MGM,AL,ASO,ES,Towers with Radar,20,21,55,31,127,0,0,43,66,109,20,21,98,97,236,20,43,63,299
07/19/2000,MGM,AL,ASO,ES,Towers with Radar,22,20,89,42,173,0,0,71,109,180,22,20,160,151,353,36,48,84,437
07/20/2000,MGM,AL,ASO,ES,Towers with Radar,22,21,112,34,189,0,0,49,36,85,22,21,161,70,274,26,56,82,356
07/21/2000,MGM,AL,ASO,ES,Towers with Radar,22,18,84,42,166,0,0,54,86,140,22,18,138,128,306,32,125,157,463
07/22/2000,MGM,AL,ASO,ES,Towers with Radar,22,13,42,2,79,0,0,42,35,77,22,13,84,37,156,16,0,16,172
07/23/2000,MGM,AL,ASO,ES,Towers with Radar,32,15,51,17,115,0,0,34,10,44,32,15,85,27,159,22,2,24,183
07/24/2000,MGM,AL,ASO,ES,Towers with Radar,22,18,76,19,135,0,0,48,88,136,22,18,124,107,271,44,6,50,321
07/25/2000,MGM,AL,ASO,ES,Towers with Radar,22,21,94,52,189,0,0,40,122,162,22,21,134,174,351,44,43,87,438
07/26/2000,MGM,AL,ASO,ES,Towers with Radar,21,22,88,34,165,0,0,32,74,106,21,22,120,108,271,92,32,124,395
07/27/2000,MGM,AL,ASO,ES,Towers with Radar,28,21,91,53,193,0,0,52,122,174,28,21,143,175,367,20,128,148,515
07/28/2000,MGM,AL,ASO,ES,Towers with Radar,19,19,74,84,196,0,0,56,100,156,19,19,130,184,352,13,112,125,477
07/29/2000,MGM,AL,ASO,ES,Towers with Radar,20,12,34,22,88,0,0,34,0,34,20,12,68,22,122,39,64,103,225
07/30/2000,MGM,AL,ASO,ES,Towers with Radar,20,13,43,15,91,0,0,16,1,17,20,13,59,16,108,6,14,20,128
07/31/2000,MGM,AL,ASO,ES,Towers with Radar,20,22,60,20,122,0,0,14,22,36,20,22,74,42,158,67,20,87,245
08/01/2000,MGM,AL,ASO,ES,Towers with Radar,21,21,65,39,146,1,0,13,12,26,22,21,78,51,172,16,32,48,220
08/02/2000,MGM,AL,ASO,ES,Towers with Radar,21,18,69,46,154,1,0,9,17,27,22,18,78,63,181,26,76,102,283
08/03/2000,MGM,AL,ASO,ES,Towers with Radar,20,21,72,34,147,0,0,12,56,68,20,21,84,90,215,30,52,82,297
08/04/2000,MGM,AL,ASO,ES,Towers with Radar,27,16,67,63,173,1,2,29,78,110,28,18,96,141,283,53,113,166,449
08/05/2000,MGM,AL,ASO,ES,Towers with Radar,16,17,35,0,68,0,0,20,20,40,16,17,55,20,108,28,7,35,143
08/06/2000,MGM,AL,ASO,ES,Towers with Radar,24,11,30,5,70,1,0,41,43,85,25,11,71,48,155,28,5,33,188
08/07/2000,MGM,AL,ASO,ES,Towers with Radar,20,18,45,58,141,0,1,30,55,86,20,19,75,113,227,8,67,75,302
08/08/2000,MGM,AL,ASO,ES,Towers with Radar,20,17,74,82,193,1,0,47,97,145,21,17,121,179,338,83,86,169,507
08/09/2000,MGM,AL,ASO,ES,Towers with Radar,32,20,82,64,198,0,0,45,79,124,32,20,127,143,322,10,98,108,430
08/10/2000,MGM,AL,ASO,ES,Towers with Radar,23,18,69,55,165,0,0,45,68,113,23,18,114,123,278,8,82,90,368
08/11/2000,MGM,AL,ASO,ES,Towers with Radar,29,20,72,52,173,0,0,38,60,98,29,20,110,112,271,36,21,57,328
08/12/2000,MGM,AL,ASO,ES,Towers with Radar,20,23,41,6,90,0,0,35,45,80,20,23,76,51,170,10,0,10,180
08/13/2000,MGM,AL,ASO,ES,Towers with Radar,22,13,31,0,66,1,0,32,22,55,23,13,63,22,121,51,0,51,172
08/14/2000,MGM,AL,ASO,ES,Towers with Radar,23,18,61,37,139,0,0,47,58,105,23,18,108,95,244,27,131,158,402
08/15/2000,MGM,AL,ASO,ES,Towers with Radar,20,21,75,55,171,0,0,73,108,181,20,21,148,163,352,70,118,188,540
08/16/2000,MGM,AL,ASO,ES,Towers with Radar,21,21,86,74,202,0,0,54,65,119,21,21,140,139,321,34,44,78,399
08/17/2000,MGM,AL,ASO,ES,Towers with Radar,23,20,57,78,178,0,0,35,80,115,23,20,92,158,293,36,66,102,395
08/18/2000,MGM,AL,ASO,ES,Towers with Radar,24,21,72,91,208,0,0,42,88,130,24,21,114,179,338,26,100,126,464
08/19/2000,MGM,AL,ASO,ES,Towers with Radar,23,11,35,6,75,1,0,16,41,58,24,11,51,47,133,16,2,18,151
08/20/2000,MGM,AL,ASO,ES,Towers with Radar,21,19,36,24,100,0,0,20,51,71,21,19,56,75,171,14,6,20,191
08/21/2000,MGM,AL,ASO,ES,Towers with Radar,23,19,57,86,185,0,0,39,106,145,23,19,96,192,330,18,46,64,394
08/22/2000,MGM,AL,ASO,ES,Towers with Radar,22,20,73,101,216,0,0,41,93,134,22,20,114,194,350,40,172,212,562
08/23/2000,MGM,AL,ASO,ES,Towers with Radar,23,22,89,56,190,1,0,55,71,127,24,22,144,127,317,6,124,130,447
08/24/2000,MGM,AL,ASO,ES,Towers with Radar,22,18,82,88,210,0,0,56,112,168,22,18,138,200,378,50,58,108,486
08/25/2000,MGM,AL,ASO,ES,Towers with Radar,24,19,65,53,161,0,8,27,70,105,24,27,92,123,266,17,12,29,295
08/26/2000,MGM,AL,ASO,ES,Towers with Radar,20,15,56,2,93,0,0,52,43,95,20,15,108,45,188,29,0,29,217
08/27/2000,MGM,AL,ASO,ES,Towers with Radar,20,15,31,16,82,0,0,20,24,44,20,15,51,40,126,15,0,15,141
08/28/2000,MGM,AL,ASO,ES,Towers with Radar,19,18,64,48,149,0,0,56,36,92,19,18,120,84,241,29,7,36,277
08/29/2000,MGM,AL,ASO,ES,Towers with Radar,18,20,67,55,160,0,1,56,73,130,18,21,123,128,290,40,76,116,406
08/30/2000,MGM,AL,ASO,ES,Towers with Radar,29,21,56,118,224,0,0,54,59,113,29,21,110,177,337,36,62,98,435
08/31/2000,MGM,AL,ASO,ES,Towers with Radar,21,20,70,61,172,0,0,26,81,107,21,20,96,142,279,12,50,62,341
09/01/2000,MGM,AL,ASO,ES,Towers with Radar,6,26,58,5,95,1,0,9,0,10,7,26,67,5,105,0,0,0,105
09/02/2000,MGM,AL,ASO,ES,Towers with Radar,21,14,32,0,67,2,0,31,36,69,23,14,63,36,136,60,0,60,196
09/03/2000,MGM,AL,ASO,ES,Towers with Radar,18,12,28,5,63,1,0,12,10,23,19,12,40,15,86,0,0,0,86
09/04/2000,MGM,AL,ASO,ES,Towers with Radar,15,22,42,4,83,1,0,44,1,46,16,22,86,5,129,36,0,36,165
09/05/2000,MGM,AL,ASO,ES,Towers with Radar,18,20,52,72,162,0,0,26,48,74,18,20,78,120,236,30,68,98,334
09/06/2000,MGM,AL,ASO,ES,Towers with Radar,16,23,49,94,182,0,0,6,10,16,16,23,55,104,198,25,85,110,308
09/07/2000,MGM,AL,ASO,ES,Towers with Radar,19,24,102,85,230,0,0,4,4,8,19,24,106,89,238,5,1,6,244
09/08/2000,MGM,AL,ASO,ES,Towers with Radar,27,20,80,38,165,0,0,16,49,65,27,20,96,87,230,49,15,64,294
09/09/2000,MGM,AL,ASO,ES,Towers with Radar,21,16,66,0,103,0,0,39,78,117,21,16,105,78,220,30,22,52,272
09/10/2000,MGM,AL,ASO,ES,Towers with Radar,23,13,52,19,107,0,0,39,64,103,23,13,91,83,210,45,31,76,286
09/11/2000,MGM,AL,ASO,ES,Towers with Radar,22,18,70,60,170,0,0,29,84,113,22,18,99,144,283,12,10,22,305
09/12/2000,MGM,AL,ASO,ES,Towers with Radar,21,21,59,75,176,0,0,53,77,130,21,21,112,152,306,18,28,46,352
09/13/2000,MGM,AL,ASO,ES,Towers with Radar,20,20,74,94,208,0,5,44,68,117,20,25,118,162,325,69,171,240,565
09/14/2000,MGM,AL,ASO,ES,Towers with Radar,22,16,74,28,140,0,0,30,55,85,22,16,104,83,225,24,14,38,263
09/15/2000,MGM,AL,ASO,ES,Towers with Radar,21,21,66,49,157,0,0,44,55,99,21,21,110,104,256,10,51,61,317
09/16/2000,MGM,AL,ASO,ES,Towers with Radar,21,14,39,0,74,0,0,71,29,100,21,14,110,29,174,38,0,38,212
09/17/2000,MGM,AL,ASO,ES,Towers with Radar,19,21,41,3,84,0,0,41,13,54,19,21,82,16,138,42,0,42,180
09/18/2000,MGM,AL,ASO,ES,Towers with Radar,18,22,35,6,81,0,0,47,69,116,18,22,82,75,197,48,20,68,265
09/19/2000,MGM,AL,ASO,ES,Towers with Radar,17,24,67,38,146,0,0,48,74,122,17,24,115,112,268,18,46,64,332
09/20/2000,MGM,AL,ASO,ES,Towers with Radar,25,21,66,53,165,4,0,44,100,148,29,21,110,153,313,74,82,156,469
09/21/2000,MGM,AL,ASO,ES,Towers with Radar,19,27,83,57,186,0,0,11,46,57,19,27,94,103,243,4,32,36,279
09/22/2000,MGM,AL,ASO,ES,Towers with Radar,24,18,46,37,125,0,0,1,10,11,24,18,47,47,136,2,52,54,190
09/23/2000,MGM,AL,ASO,ES,Towers with Radar,23,16,50,15,104,0,0,20,8,28,23,16,70,23,132,48,6,54,186
09/24/2000,MGM,AL,ASO,ES,Towers with Radar,21,15,52,10,98,0,0,23,19,42,21,15,75,29,140,52,0,52,192
09/25/2000,MGM,AL,ASO,ES,Towers with Radar,25,18,84,43,170,0,0,16,57,73,25,18,100,100,243,14,82,96,339
09/26/2000,MGM,AL,ASO,ES,Towers with Radar,46,23,86,50,205,0,0,34,98,132,46,23,120,148,337,32,64,96,433
09/27/2000,MGM,AL,ASO,ES,Towers with Radar,36,23,61,31,151,0,0,56,65,121,36,23,117,96,272,14,77,91,363
09/28/2000,MGM,AL,ASO,ES,Towers with Radar,38,24,60,15,137,0,1,58,76,135,38,25,118,91,272,106,8,114,386
09/29/2000,MGM,AL,ASO,ES,Towers with Radar,19,34,79,33,165,0,0,65,48,113,19,34,144,81,278,61,53,114,392
09/30/2000,MGM,AL,ASO,ES,Towers with Radar,19,20,49,0,88,0,0,65,15,80,19,20,114,15,168,37,0,37,205
10/01/2000,MGM,AL,ASO,ES,Towers with Radar,19,17,38,2,76,0,0,47,22,69,19,17,85,24,145,47,1,48,193
10/02/2000,MGM,AL,ASO,ES,Towers with Radar,18,22,30,57,127,0,1,43,47,91,18,23,73,104,218,64,78,142,360
10/03/2000,MGM,AL,ASO,ES,Towers with Radar,19,23,64,38,144,0,0,45,31,76,19,23,109,69,220,52,112,164,384
10/04/2000,MGM,AL,ASO,ES,Towers with Radar,20,22,88,38,168,0,0,69,86,155,20,22,157,124,323,35,131,166,489
10/05/2000,MGM,AL,ASO,ES,Towers with Radar,22,22,60,44,148,0,0,55,87,142,22,22,115,131,290,9,52,61,351
10/06/2000,MGM,AL,ASO,ES,Towers with Radar,26,18,45,7,96,0,0,17,6,23,26,18,62,13,119,21,0,21,140
10/07/2000,MGM,AL,ASO,ES,Towers with Radar,15,24,46,3,88,0,1,36,56,93,15,25,82,59,181,4,2,6,187
10/08/2000,MGM,AL,ASO,ES,Towers with Radar,19,17,32,18,86,0,0,35,24,59,19,17,67,42,145,11,0,11,156
10/09/2000,MGM,AL,ASO,ES,Towers with Radar,14,29,53,2,98,0,0,58,0,58,14,29,111,2,156,2,0,2,158
10/10/2000,MGM,AL,ASO,ES,Towers with Radar,19,25,67,56,167,0,0,55,87,142,19,25,122,143,309,24,120,144,453
10/11/2000,MGM,AL,ASO,ES,Towers with Radar,18,22,60,78,178,0,0,50,81,131,18,22,110,159,309,59,136,195,504
10/12/2000,MGM,AL,ASO,ES,Towers with Radar,26,18,62,102,208,0,0,38,48,86,26,18,100,150,294,38,48,86,380
10/13/2000,MGM,AL,ASO,ES,Towers with Radar,21,22,56,51,150,0,0,73,78,151,21,22,129,129,301,40,38,78,379
10/14/2000,MGM,AL,ASO,ES,Towers with Radar,19,21,32,2,74,0,0,62,46,108,19,21,94,48,182,46,4,50,232
10/15/2000,MGM,AL,ASO,ES,Towers with Radar,17,18,30,19,84,0,0,53,48,101,17,18,83,67,185,26,10,36,221
10/16/2000,MGM,AL,ASO,ES,Towers with Radar,17,23,70,55,165,0,0,39,45,84,17,23,109,100,249,22,80,102,351
10/17/2000,MGM,AL,ASO,ES,Towers with Radar,17,30,89,81,217,0,0,56,55,111,17,30,145,136,328,58,118,176,504
10/18/2000,MGM,AL,ASO,ES,Towers with Radar,16,29,58,78,181,0,0,44,90,134,16,29,102,168,315,48,62,110,425
10/19/2000,MGM,AL,ASO,ES,Towers with Radar,18,24,84,100,226,2,0,31,69,102,20,24,115,169,328,30,94,124,452
10/20/2000,MGM,AL,ASO,ES,Towers with Radar,19,25,55,79,178,0,0,39,70,109,19,25,94,149,287,14,52,66,353
10/21/2000,MGM,AL,ASO,ES,Towers with Radar,15,21,47,17,100,0,0,31,42,73,15,21,78,59,173,0,4,4,177
10/22/2000,MGM,AL,ASO,ES,Towers with Radar,15,21,40,22,98,0,0,39,56,95,15,21,79,78,193,56,10,66,259
10/23/2000,MGM,AL,ASO,ES,Towers with Radar,21,23,56,37,137,1,0,33,45,79,22,23,89,82,216,34,82,116,332
10/24/2000,MGM,AL,ASO,ES,Towers with Radar,20,28,55,118,221,3,0,45,66,114,23,28,100,184,335,54,130,184,519
10/25/2000,MGM,AL,ASO,ES,Towers with Radar,25,24,78,94,221,2,0,37,91,130,27,24,115,185,351,36,90,126,477
10/26/2000,MGM,AL,ASO,ES,Towers with Radar,19,26,95,36,176,0,0,53,49,102,19,26,148,85,278,56,0,56,334
10/27/2000,MGM,AL,ASO,ES,Towers with Radar,17,27,88,66,198,0,0,57,79,136,17,27,145,145,334,68,68,136,470
10/28/2000,MGM,AL,ASO,ES,Towers with Radar,19,19,43,11,92,0,0,22,16,38,19,19,65,27,130,35,4,39,169
10/29/2000,MGM,AL,ASO,ES,Towers with Radar,15,23,54,10,102,0,0,48,20,68,15,23,102,30,170,42,4,46,216
10/30/2000,MGM,AL,ASO,ES,Towers with Radar,18,24,58,79,179,0,0,42,59,101,18,24,100,138,280,45,60,105,385
10/31/2000,MGM,AL,ASO,ES,Towers with Radar,19,26,60,59,164,0,0,38,82,120,19,26,98,141,284,66,60,126,410
11/01/2000,MGM,AL,ASO,ES,Towers with Radar,20,22,93,60,195,1,0,42,71,114,21,22,135,131,309,38,56,94,403
11/02/2000,MGM,AL,ASO,ES,Towers with Radar,26,17,110,58,211,6,0,34,22,62,32,17,144,80,273,46,100,146,419
11/03/2000,MGM,AL,ASO,ES,Towers with Radar,17,25,80,39,161,0,0,57,86,143,17,25,137,125,304,42,26,68,372
11/04/2000,MGM,AL,ASO,ES,Towers with Radar,15,23,45,39,122,0,0,38,52,90,15,23,83,91,212,36,4,40,252
11/05/2000,MGM,AL,ASO,ES,Towers with Radar,12,22,62,38,134,0,0,46,3,49,12,22,108,41,183,20,0,20,203
11/06/2000,MGM,AL,ASO,ES,Towers with Radar,21,15,56,84,176,0,0,4,27,31,21,15,60,111,207,48,42,90,297
11/07/2000,MGM,AL,ASO,ES,Towers with Radar,17,30,42,31,120,0,0,2,24,26,17,30,44,55,146,0,18,18,164
11/08/2000,MGM,AL,ASO,ES,Towers with Radar,19,20,36,45,120,0,0,4,10,14,19,20,40,55,134,32,20,52,186
11/09/2000,MGM,AL,ASO,ES,Towers with Radar,19,25,55,26,125,0,0,17,54,71,19,25,72,80,196,14,18,32,228
11/10/2000,MGM,AL,ASO,ES,Towers with Radar,20,23,66,28,137,0,3,62,0,65,20,26,128,28,202,116,12,128,330
11/11/2000,MGM,AL,ASO,ES,Towers with Radar,20,19,42,0,81,0,0,80,20,100,20,19,122,20,181,38,0,38,219
11/12/2000,MGM,AL,ASO,ES,Towers with Radar,17,18,40,17,92,0,0,45,9,54,17,18,85,26,146,32,4,36,182
11/13/2000,MGM,AL,ASO,ES,Towers with Radar,19,25,67,43,154,0,0,12,37,49,19,25,79,80,203,14,56,70,273
11/14/2000,MGM,AL,ASO,ES,Towers with Radar,22,23,88,20,153,0,0,48,59,107,22,23,136,79,260,40,138,178,438
11/15/2000,MGM,AL,ASO,ES,Towers with Radar,17,26,76,51,170,0,0,77,75,152,17,26,153,126,322,108,110,218,540
11/16/2000,MGM,AL,ASO,ES,Towers with Radar,19,31,80,64,194,0,0,7,47,54,19,31,87,111,248,44,60,104,352
11/17/2000,MGM,AL,ASO,ES,Towers with Radar,16,30,91,43,180,0,0,18,48,66,16,30,109,91,246,10,50,60,306
11/18/2000,MGM,AL,ASO,ES,Towers with Radar,16,18,43,14,91,0,0,10,16,26,16,18,53,30,117,4,0,4,121
11/19/2000,MGM,AL,ASO,ES,Towers with Radar,19,19,54,6,98,0,0,3,13,16,19,19,57,19,114,12,8,20,134
11/20/2000,MGM,AL,ASO,ES,Towers with Radar,19,22,63,70,174,0,0,35,91,126,19,22,98,161,300,8,60,68,368
11/21/2000,MGM,AL,ASO,ES,Towers with Radar,20,23,59,28,130,0,0,24,76,100,20,23,83,104,230,6,44,50,280
11/22/2000,MGM,AL,ASO,ES,Towers with Radar,19,26,39,72,156,0,0,69,50,119,19,26,108,122,275,48,4,52,327
11/23/2000,MGM,AL,ASO,ES,Towers with Radar,18,18,14,0,50,0,0,19,2,21,18,18,33,2,71,6,4,10,81
11/24/2000,MGM,AL,ASO,ES,Towers with Radar,17,15,49,0,81,0,0,9,0,9,17,15,58,0,90,44,0,44,134
11/25/2000,MGM,AL,ASO,ES,Towers with Radar,10,11,31,2,54,13,9,11,0,33,23,20,42,2,87,58,0,58,145
11/26/2000,MGM,AL,ASO,ES,Towers with Radar,23,16,75,0,114,0,0,51,25,76,23,16,126,25,190,20,2,22,212
11/27/2000,MGM,AL,ASO,ES,Towers with Radar,35,17,64,59,175,0,0,29,35,64,35,17,93,94,239,44,42,86,325
11/28/2000,MGM,AL,ASO,ES,Towers with Radar,28,19,60,115,222,0,0,42,105,147,28,19,102,220,369,6,22,28,397
11/29/2000,MGM,AL,ASO,ES,Towers with Radar,24,21,69,96,210,0,0,37,54,91,24,21,106,150,301,72,120,192,493
11/30/2000,MGM,AL,ASO,ES,Towers with Radar,22,17,108,66,213,0,0,54,46,100,22,17,162,112,313,4,118,122,435
12/01/2000,MGM,AL,ASO,ES,Towers with Radar,16,25,63,81,185,0,0,53,67,120,16,25,116,148,305,6,82,88,393
12/02/2000,MGM,AL,ASO,ES,Towers with Radar,18,14,76,21,129,0,0,30,54,84,18,14,106,75,213,22,0,22,235
12/03/2000,MGM,AL,ASO,ES,Towers with Radar,16,16,64,1,97,0,0,28,99,127,16,16,92,100,224,4,0,4,228
12/04/2000,MGM,AL,ASO,ES,Towers with Radar,17,17,97,36,167,0,0,43,65,108,17,17,140,101,275,52,58,110,385
12/05/2000,MGM,AL,ASO,ES,Towers with Radar,16,17,59,34,126,0,0,31,60,91,16,17,90,94,217,46,60,106,323
12/06/2000,MGM,AL,ASO,ES,Towers with Radar,20,16,84,84,204,1,0,41,81,123,21,16,125,165,327,34,88,122,449
12/07/2000,MGM,AL,ASO,ES,Towers with Radar,19,18,78,91,206,0,0,42,85,127,19,18,120,176,333,40,128,168,501
12/08/2000,MGM,AL,ASO,ES,Towers with Radar,15,20,96,117,248,0,0,26,63,89,15,20,122,180,337,50,24,74,411
12/09/2000,MGM,AL,ASO,ES,Towers with Radar,14,18,78,14,124,0,3,10,30,43,14,21,88,44,167,24,0,24,191
12/10/2000,MGM,AL,ASO,ES,Towers with Radar,15,16,74,48,153,0,0,6,4,10,15,16,80,52,163,10,0,10,173
12/11/2000,MGM,AL,ASO,ES,Towers with Radar,15,19,65,59,158,0,0,13,15,28,15,19,78,74,186,26,24,50,236
12/12/2000,MGM,AL,ASO,ES,Towers with Radar,12,22,64,64,162,1,0,32,53,86,13,22,96,117,248,42,68,110,358
12/13/2000,MGM,AL,ASO,ES,Towers with Radar,11,18,50,165,244,0,0,12,92,104,11,18,62,257,348,14,102,116,464
12/14/2000,MGM,AL,ASO,ES,Towers with Radar,13,25,75,70,183,0,0,8,29,37,13,25,83,99,220,4,24,28,248
12/15/2000,MGM,AL,ASO,ES,Towers with Radar,8,28,59,33,128,0,0,6,9,15,8,28,65,42,143,0,0,0,143
12/16/2000,MGM,AL,ASO,ES,Towers with Radar,6,16,18,0,40,0,1,3,0,4,6,17,21,0,44,16,0,16,60
12/17/2000,MGM,AL,ASO,ES,Towers with Radar,4,24,25,2,55,0,0,30,16,46,4,24,55,18,101,4,2,6,107
12/18/2000,MGM,AL,ASO,ES,Towers with Radar,10,24,45,50,129,0,0,54,54,108,10,24,99,104,237,24,44,68,305
12/19/2000,MGM,AL,ASO,ES,Towers with Radar,10,25,43,36,114,0,0,5,34,39,10,25,48,70,153,20,74,94,247
12/20/2000,MGM,AL,ASO,ES,Towers with Radar,11,26,61,36,134,0,0,51,73,124,11,26,112,109,258,54,34,88,346
12/21/2000,MGM,AL,ASO,ES,Towers with Radar,4,24,23,3,54,0,0,2,2,4,4,24,25,5,58,2,0,2,60
12/22/2000,MGM,AL,ASO,ES,Towers with Radar,12,26,50,1,89,0,0,54,6,60,12,26,104,7,149,34,0,34,183
12/23/2000,MGM,AL,ASO,ES,Towers with Radar,13,22,37,0,72,0,0,41,0,41,13,22,78,0,113,82,0,82,195
12/24/2000,MGM,AL,ASO,ES,Towers with Radar,11,14,13,0,38,0,0,23,0,23,11,14,36,0,61,4,0,4,65
12/25/2000,MGM,AL,ASO,ES,Towers with Radar,11,15,16,0,42,0,0,14,0,14,11,15,30,0,56,0,0,0,56
12/26/2000,MGM,AL,ASO,ES,Towers with Radar,10,21,58,10,99,0,0,34,24,58,10,21,92,34,157,44,6,50,207
12/27/2000,MGM,AL,ASO,ES,Towers with Radar,14,25,50,4,93,0,0,0,11,11,14,25,50,15,104,0,0,0,104
12/28/2000,MGM,AL,ASO,ES,Towers with Radar,11,27,36,11,85,0,0,1,4,5,11,27,37,15,90,0,8,8,98
12/29/2000,MGM,AL,ASO,ES,Towers with Radar,12,25,29,1,67,0,0,31,6,37,12,25,60,7,104,14,0,14,118
12/30/2000,MGM,AL,ASO,ES,Towers with Radar,6,12,27,4,49,5,10,18,0,33,11,22,45,4,82,26,0,26,108
12/31/2000,MGM,AL,ASO,ES,Towers with Radar,4,9,19,0,32,5,9,20,0,34,9,18,39,0,66,0,0,0,66
01/01/2001,MGM,AL,ASO,ES,Towers with Radar,9,21,27,0,57,0,1,9,0,10,9,22,36,0,67,6,0,6,73
01/02/2001,MGM,AL,ASO,ES,Towers with Radar,11,21,49,28,109,0,1,49,36,86,11,22,98,64,195,26,48,74,269
01/03/2001,MGM,AL,ASO,ES,Towers with Radar,11,28,45,59,143,0,1,36,70,107,11,29,81,129,250,32,116,148,398
01/04/2001,MGM,AL,ASO,ES,Towers with Radar,11,27,50,68,156,0,1,44,69,114,11,28,94,137,270,28,38,66,336
01/05/2001,MGM,AL,ASO,ES,Towers with Radar,11,30,69,59,169,0,1,49,49,99,11,31,118,108,268,68,44,112,380
01/06/2001,MGM,AL,ASO,ES,Towers with Radar,11,22,38,23,94,0,0,64,5,69,11,22,102,28,163,58,16,74,237
01/07/2001,MGM,AL,ASO,ES,Towers with Radar,11,23,49,32,115,0,1,56,7,64,11,24,105,39,179,32,2,34,213
01/08/2001,MGM,AL,ASO,ES,Towers with Radar,12,27,38,24,101,0,1,23,102,126,12,28,61,126,227,8,62,70,297
01/09/2001,MGM,AL,ASO,ES,Towers with Radar,12,30,56,106,204,0,1,59,45,105,12,31,115,151,309,32,70,102,411
01/10/2001,MGM,AL,ASO,ES,Towers with Radar,11,30,50,78,169,0,1,57,96,154,11,31,107,174,323,40,70,110,433
01/11/2001,MGM,AL,ASO,ES,Towers with Radar,11,29,105,91,236,0,1,17,47,65,11,30,122,138,301,12,34,46,347
01/12/2001,MGM,AL,ASO,ES,Towers with Radar,9,31,68,102,210,0,1,6,24,31,9,32,74,126,241,26,16,42,283
01/13/2001,MGM,AL,ASO,ES,Towers with Radar,10,25,38,3,76,0,1,96,2,99,10,26,134,5,175,40,0,40,215
01/14/2001,MGM,AL,ASO,ES,Towers with Radar,12,19,59,4,94,0,0,34,2,36,12,19,93,6,130,14,4,18,148
01/15/2001,MGM,AL,ASO,ES,Towers with Radar,9,29,44,1,83,0,1,19,2,22,9,30,63,3,105,48,0,48,153
01/16/2001,MGM,AL,ASO,ES,Towers with Radar,11,32,68,70,181,0,0,0,61,61,11,32,68,131,242,40,74,114,356
01/17/2001,MGM,AL,ASO,ES,Towers with Radar,12,31,70,162,275,0,1,10,43,54,12,32,80,205,329,24,81,105,434
01/18/2001,MGM,AL,ASO,ES,Towers with Radar,12,40,61,42,155,0,1,0,9,10,12,41,61,51,165,0,0,0,165
01/19/2001,MGM,AL,ASO,ES,Towers with Radar,7,26,48,22,103,0,1,0,18,19,7,27,48,40,122,0,4,4,126
01/20/2001,MGM,AL,ASO,ES,Towers with Radar,11,17,33,32,93,0,6,33,14,53,11,23,66,46,146,19,8,27,173
01/21/2001,MGM,AL,ASO,ES,Towers with Radar,12,26,38,23,99,0,1,47,49,97,12,27,85,72,196,32,22,54,250
01/22/2001,MGM,AL,ASO,ES,Towers with Radar,8,37,48,46,139,0,4,40,133,177,8,41,88,179,316,10,10,20,336
01/23/2001,MGM,AL,ASO,ES,Towers with Radar,11,32,69,49,161,0,0,57,76,133,11,32,126,125,294,12,78,90,384
01/24/2001,MGM,AL,ASO,ES,Towers with Radar,10,29,47,91,177,0,0,50,116,166,10,29,97,207,343,40,66,106,449
01/25/2001,MGM,AL,ASO,ES,Towers with Radar,12,27,64,72,175,0,0,49,111,160,12,27,113,183,335,20,68,88,423
01/26/2001,MGM,AL,ASO,ES,Towers with Radar,11,27,38,68,144,0,0,47,71,118,11,27,85,139,262,16,70,86,348
01/27/2001,MGM,AL,ASO,ES,Towers with Radar,6,30,35,32,103,0,0,78,79,157,6,30,113,111,260,40,62,102,362
01/28/2001,MGM,AL,ASO,ES,Towers with Radar,12,22,29,7,70,0,0,67,15,82,12,22,96,22,152,46,0,46,198
01/29/2001,MGM,AL,ASO,ES,Towers with Radar,11,28,46,25,110,0,0,9,65,74,11,28,55,90,184,16,108,124,308
01/30/2001,MGM,AL,ASO,ES,Towers with Radar,11,34,64,80,189,0,0,38,57,95,11,34,102,137,284,16,86,102,386
01/31/2001,MGM,AL,ASO,ES,Towers with Radar,11,32,55,109,207,0,0,45,64,109,11,32,100,173,316,36,142,178,494
02/01/2001,MGM,AL,ASO,ES,Towers with Radar,11,32,56,38,137,0,0,34,68,102,11,32,90,106,239,42,28,70,309
02/02/2001,MGM,AL,ASO,ES,Towers with Radar,12,30,93,76,211,0,0,29,68,97,12,30,122,144,308,24,88,112,420
02/03/2001,MGM,AL,ASO,ES,Towers with Radar,10,20,63,22,115,0,0,49,10,59,10,20,112,32,174,38,32,70,244
02/04/2001,MGM,AL,ASO,ES,Towers with Radar,11,24,38,11,84,1,0,68,8,77,12,24,106,19,161,0,26,26,187
02/05/2001,MGM,AL,ASO,ES,Towers with Radar,11,29,47,29,116,0,0,39,47,86,11,29,86,76,202,16,54,70,272
02/06/2001,MGM,AL,ASO,ES,Towers with Radar,11,38,58,25,132,0,0,42,78,120,11,38,100,103,252,24,32,56,308
02/07/2001,MGM,AL,ASO,ES,Towers with Radar,10,33,65,76,184,0,2,66,100,168,10,35,131,176,352,26,106,132,484
02/08/2001,MGM,AL,ASO,ES,Towers with Radar,13,28,67,86,194,0,0,46,58,104,13,28,113,144,298,24,60,84,382
02/09/2001,MGM,AL,ASO,ES,Towers with Radar,10,34,60,66,170,0,0,34,55,89,10,34,94,121,259,8,66,74,333
02/10/2001,MGM,AL,ASO,ES,Towers with Radar,6,20,43,30,99,1,3,57,0,61,7,23,100,30,160,50,0,50,210
02/11/2001,MGM,AL,ASO,ES,Towers with Radar,11,23,75,8,117,0,0,32,10,42,11,23,107,18,159,26,0,26,185
02/12/2001,MGM,AL,ASO,ES,Towers with Radar,7,30,44,77,158,0,0,18,24,42,7,30,62,101,200,36,74,110,310
02/13/2001,MGM,AL,ASO,ES,Towers with Radar,11,45,68,99,223,0,0,0,8,8,11,45,68,107,231,0,0,0,231
02/14/2001,MGM,AL,ASO,ES,Towers with Radar,8,32,59,56,155,0,0,21,52,73,8,32,80,108,228,14,88,102,330
02/15/2001,MGM,AL,ASO,ES,Towers with Radar,9,34,77,104,224,0,0,23,57,80,9,34,100,161,304,38,62,100,404
02/16/2001,MGM,AL,ASO,ES,Towers with Radar,13,31,48,37,129,0,0,13,31,44,13,31,61,68,173,0,78,78,251
02/17/2001,MGM,AL,ASO,ES,Towers with Radar,10,26,43,3,82,0,0,76,14,90,10,26,119,17,172,80,2,82,254
02/18/2001,MGM,AL,ASO,ES,Towers with Radar,8,22,57,6,93,0,0,55,3,58,8,22,112,9,151,16,0,16,167
02/19/2001,MGM,AL,ASO,ES,Towers with Radar,9,28,66,12,115,0,4,44,5,53,9,32,110,17,168,54,0,54,222
02/20/2001,MGM,AL,ASO,ES,Towers with Radar,11,27,89,85,212,0,1,36,44,81,11,28,125,129,293,60,60,120,413
02/21/2001,MGM,AL,ASO,ES,Towers with Radar,12,28,54,79,173,0,0,18,23,41,12,28,72,102,214,20,36,56,270
02/22/2001,MGM,AL,ASO,ES,Towers with Radar,10,37,73,95,215,0,0,14,57,71,10,37,87,152,286,22,44,66,352
02/23/2001,MGM,AL,ASO,ES,Towers with Radar,10,29,78,83,200,0,0,48,102,150,10,29,126,185,350,68,86,154,504
02/24/2001,MGM,AL,ASO,ES,Towers with Radar,9,20,49,30,108,0,0,9,35,44,9,20,58,65,152,8,18,26,178
02/25/2001,MGM,AL,ASO,ES,Towers with Radar,6,22,38,8,74,0,0,3,8,11,6,22,41,16,85,10,11,21,106
02/26/2001,MGM,AL,ASO,ES,Towers with Radar,6,26,76,56,164,0,0,63,47,110,6,26,139,103,274,24,38,62,336
02/27/2001,MGM,AL,ASO,ES,Towers with Radar,11,29,76,80,196,0,0,28,121,149,11,29,104,201,345,30,98,128,473
02/28/2001,MGM,AL,ASO,ES,Towers with Radar,11,29,86,104,230,0,0,10,64,74,11,29,96,168,304,38,18,56,360
03/01/2001,MGM,AL,ASO,ES,Towers with Radar,10,37,89,112,248,1,2,22,93,118,11,39,111,205,366,30,104,134,500
03/02/2001,MGM,AL,ASO,ES,Towers with Radar,8,30,66,97,201,0,0,16,34,50,8,30,82,131,251,12,52,64,315
03/03/2001,MGM,AL,ASO,ES,Towers with Radar,8,18,5,1,32,2,0,0,0,2,10,18,5,1,34,0,0,0,34
03/04/2001,MGM,AL,ASO,ES,Towers with Radar,14,29,34,7,84,0,0,35,2,37,14,29,69,9,121,10,10,20,141
03/05/2001,MGM,AL,ASO,ES,Towers with Radar,9,32,55,44,140,0,0,35,56,91,9,32,90,100,231,8,20,28,259
03/06/2001,MGM,AL,ASO,ES,Towers with Radar,11,32,76,41,160,0,0,43,59,102,11,32,119,100,262,47,16,63,325
03/07/2001,MGM,AL,ASO,ES,Towers with Radar,12,31,65,37,145,0,0,53,73,126,12,31,118,110,271,16,20,36,307
03/08/2001,MGM,AL,ASO,ES,Towers with Radar,11,30,84,114,239,0,2,50,40,92,11,32,134,154,331,36,96,132,463
03/09/2001,MGM,AL,ASO,ES,Towers with Radar,11,30,81,75,197,0,1,31,28,60,11,31,112,103,257,24,52,76,333
03/10/2001,MGM,AL,ASO,ES,Towers with Radar,7,21,45,31,104,3,3,80,0,86,10,24,125,31,190,52,58,110,300
03/11/2001,MGM,AL,ASO,ES,Towers with Radar,13,21,74,16,124,0,0,45,44,89,13,21,119,60,213,42,12,54,267
03/12/2001,MGM,AL,ASO,ES,Towers with Radar,7,22,16,0,45,0,1,1,1,3,7,23,17,1,48,0,0,0,48
03/13/2001,MGM,AL,ASO,ES,Towers with Radar,9,34,49,52,144,0,1,49,35,85,9,35,98,87,229,34,30,64,293
03/14/2001,MGM,AL,ASO,ES,Towers with Radar,11,32,71,67,181,0,1,48,51,100,11,33,119,118,281,12,98,110,391
03/15/2001,MGM,AL,ASO,ES,Towers with Radar,10,26,60,77,173,0,1,25,21,47,10,27,85,98,220,14,56,70,290
03/16/2001,MGM,AL,ASO,ES,Towers with Radar,11,28,83,91,213,0,1,54,57,112,11,29,137,148,325,32,46,78,403
03/17/2001,MGM,AL,ASO,ES,Towers with Radar,10,22,49,23,104,0,0,62,12,74,10,22,111,35,178,66,0,66,244
03/18/2001,MGM,AL,ASO,ES,Towers with Radar,11,24,41,58,134,0,0,49,4,53,11,24,90,62,187,38,2,40,227
03/19/2001,MGM,AL,ASO,ES,Towers with Radar,9,25,69,19,122,0,0,10,13,23,9,25,79,32,145,8,0,8,153
03/20/2001,MGM,AL,ASO,ES,Towers with Radar,11,27,75,48,161,0,0,1,23,24,11,27,76,71,185,8,0,8,193
03/21/2001,MGM,AL,ASO,ES,Towers with Radar,12,26,62,62,162,1,0,12,82,95,13,26,74,144,257,30,18,48,305
03/22/2001,MGM,AL,ASO,ES,Towers with Radar,10,35,84,28,157,0,0,62,62,124,10,35,146,90,281,27,33,60,341
03/23/2001,MGM,AL,ASO,ES,Towers with Radar,12,30,61,83,186,0,0,66,38,104,12,30,127,121,290,50,78,128,418
03/24/2001,MGM,AL,ASO,ES,Towers with Radar,11,22,46,8,87,0,0,32,5,37,11,22,78,13,124,70,8,78,202
03/25/2001,MGM,AL,ASO,ES,Towers with Radar,12,22,40,6,80,0,0,30,8,38,12,22,70,14,118,26,4,30,148
03/26/2001,MGM,AL,ASO,ES,Towers with Radar,8,30,65,33,136,0,0,56,14,70,8,30,121,47,206,44,2,46,252
03/27/2001,MGM,AL,ASO,ES,Towers with Radar,12,31,60,41,144,0,0,61,9,70,12,31,121,50,214,88,30,118,332
03/28/2001,MGM,AL,ASO,ES,Towers with Radar,11,32,83,110,236,0,0,28,34,62,11,32,111,144,298,52,40,92,390
03/29/2001,MGM,AL,ASO,ES,Towers with Radar,9,28,95,49,181,1,0,3,7,11,10,28,98,56,192,24,2,26,218
03/30/2001,MGM,AL,ASO,ES,Towers with Radar,13,32,76,92,213,0,0,41,16,57,13,32,117,108,270,20,22,42,312
03/31/2001,MGM,AL,ASO,ES,Towers with Radar,6,27,47,2,82,0,1,26,3,30,6,28,73,5,112,46,0,46,158
04/01/2001,MGM,AL,ASO,ES,Towers with Radar,9,26,46,10,91,1,0,52,1,54,10,26,98,11,145,17,0,17,162
04/02/2001,MGM,AL,ASO,ES,Towers with Radar,8,32,44,44,128,1,0,62,6,69,9,32,106,50,197,11,30,41,238
04/03/2001,MGM,AL,ASO,ES,Towers with Radar,4,25,43,17,89,1,0,12,3,16,5,25,55,20,105,8,10,18,123
04/04/2001,MGM,AL,ASO,ES,Towers with Radar,10,38,59,43,150,1,0,15,15,31,11,38,74,58,181,14,6,20,201
04/05/2001,MGM,AL,ASO,ES,Towers with Radar,10,32,93,52,187,1,0,19,13,33,11,32,112,65,220,16,20,36,256
04/06/2001,MGM,AL,ASO,ES,Towers with Radar,9,33,120,45,207,0,1,47,11,59,9,34,167,56,266,16,42,58,324
04/07/2001,MGM,AL,ASO,ES,Towers with Radar,7,25,64,22,118,0,1,52,6,59,7,26,116,28,177,42,16,58,235
04/08/2001,MGM,AL,ASO,ES,Towers with Radar,9,22,35,42,108,0,1,25,15,41,9,23,60,57,149,37,24,61,210
04/09/2001,MGM,AL,ASO,ES,Towers with Radar,11,28,53,26,118,0,0,34,4,38,11,28,87,30,156,88,0,88,244
04/10/2001,MGM,AL,ASO,ES,Towers with Radar,11,29,89,51,180,0,0,52,11,63,11,29,141,62,243,36,12,48,291
04/11/2001,MGM,AL,ASO,ES,Towers with Radar,12,33,95,124,264,0,1,42,16,59,12,34,137,140,323,22,108,130,453
04/12/2001,MGM,AL,ASO,ES,Towers with Radar,11,32,57,71,171,0,0,35,7,42,11,32,92,78,213,6,164,170,383
04/13/2001,MGM,AL,ASO,ES,Towers with Radar,11,30,52,75,168,0,0,42,31,73,11,30,94,106,241,48,90,138,379
04/14/2001,MGM,AL,ASO,ES,Towers with Radar,11,24,75,3,113,0,0,49,3,52,11,24,124,6,165,53,0,53,218
04/15/2001,MGM,AL,ASO,ES,Towers with Radar,11,27,48,0,86,0,0,17,0,17,11,27,65,0,103,12,0,12,115
04/16/2001,MGM,AL,ASO,ES,Towers with Radar,6,36,87,55,184,0,0,48,21,69,6,36,135,76,253,76,68,144,397
04/17/2001,MGM,AL,ASO,ES,Towers with Radar,9,34,82,62,187,0,0,42,31,73,9,34,124,93,260,14,50,64,324
04/18/2001,MGM,AL,ASO,ES,Towers with Radar,10,41,101,57,209,0,1,78,40,119,10,42,179,97,328,46,34,80,408
04/19/2001,MGM,AL,ASO,ES,Towers with Radar,9,34,81,56,180,0,0,57,31,88,9,34,138,87,268,68,90,158,426
04/20/2001,MGM,AL,ASO,ES,Towers with Radar,11,30,62,96,199,0,0,59,22,81,11,30,121,118,280,6,82,88,368
04/21/2001,MGM,AL,ASO,ES,Towers with Radar,7,27,36,0,70,0,0,43,4,47,7,27,79,4,117,28,0,28,145
04/22/2001,MGM,AL,ASO,ES,Towers with Radar,13,21,47,5,86,1,0,54,8,63,14,21,101,13,149,30,20,50,199
04/23/2001,MGM,AL,ASO,ES,Towers with Radar,11,21,43,50,125,0,0,43,23,66,11,21,86,73,191,6,98,104,295
04/24/2001,MGM,AL,ASO,ES,Towers with Radar,11,30,90,53,184,0,0,27,5,32,11,30,117,58,216,20,30,50,266
04/25/2001,MGM,AL,ASO,ES,Towers with Radar,9,35,88,64,196,0,0,53,36,89,9,35,141,100,285,10,90,100,385
04/26/2001,MGM,AL,ASO,ES,Towers with Radar,11,32,77,88,208,0,0,66,19,85,11,32,143,107,293,28,98,126,419
04/27/2001,MGM,AL,ASO,ES,Towers with Radar,11,27,63,54,155,0,1,64,17,82,11,28,127,71,237,90,92,182,419
04/28/2001,MGM,AL,ASO,ES,Towers with Radar,9,23,48,12,92,0,3,41,6,50,9,26,89,18,142,0,18,18,160
04/29/2001,MGM,AL,ASO,ES,Towers with Radar,9,20,48,45,122,0,0,39,13,52,9,20,87,58,174,6,2,8,182
04/30/2001,MGM,AL,ASO,ES,Towers with Radar,11,28,59,27,125,0,0,44,22,66,11,28,103,49,191,2,46,48,239
05/01/2001,MGM,AL,ASO,ES,Towers with Radar,9,34,69,50,162,1,0,38,25,64,10,34,107,75,226,8,4,12,238
05/02/2001,MGM,AL,ASO,ES,Towers with Radar,11,32,48,72,163,0,0,42,10,52,11,32,90,82,215,30,36,66,281
05/03/2001,MGM,AL,ASO,ES,Towers with Radar,12,32,55,52,151,0,1,55,24,80,12,33,110,76,231,24,40,64,295
05/04/2001,MGM,AL,ASO,ES,Towers with Radar,11,32,62,58,163,0,2,73,16,91,11,34,135,74,254,16,34,50,304
05/05/2001,MGM,AL,ASO,ES,Towers with Radar,9,22,42,27,100,0,3,39,3,45,9,25,81,30,145,30,52,82,227
05/06/2001,MGM,AL,ASO,ES,Towers with Radar,10,18,47,34,109,1,0,45,0,46,11,18,92,34,155,34,30,64,219
05/07/2001,MGM,AL,ASO,ES,Towers with Radar,11,25,45,60,141,0,1,46,14,61,11,26,91,74,202,6,132,138,340
05/08/2001,MGM,AL,ASO,ES,Towers with Radar,13,30,59,25,127,0,1,35,13,49,13,31,94,38,176,54,98,152,328
05/09/2001,MGM,AL,ASO,ES,Towers with Radar,12,31,62,51,156,0,0,38,24,62,12,31,100,75,218,34,78,112,330
05/10/2001,MGM,AL,ASO,ES,Towers with Radar,10,26,77,100,213,0,0,47,15,62,10,26,124,115,275,54,52,106,381
05/11/2001,MGM,AL,ASO,ES,Towers with Radar,12,28,53,37,130,0,0,39,18,57,12,28,92,55,187,42,24,66,253
05/12/2001,MGM,AL,ASO,ES,Towers with Radar,9,21,47,2,79,0,0,86,4,90,9,21,133,6,169,42,0,42,211
05/13/2001,MGM,AL,ASO,ES,Towers with Radar,10,21,37,11,79,0,0,31,4,35,10,21,68,15,114,6,2,8,122
05/14/2001,MGM,AL,ASO,ES,Towers with Radar,9,28,44,42,123,0,0,63,25,88,9,28,107,67,211,20,58,78,289
05/15/2001,MGM,AL,ASO,ES,Towers with Radar,11,30,63,36,140,0,0,57,22,79,11,30,120,58,219,42,112,154,373
05/16/2001,MGM,AL,ASO,ES,Towers with Radar,11,29,57,95,192,0,0,57,19,76,11,29,114,114,268,56,46,102,370
05/17/2001,MGM,AL,ASO,ES,Towers with Radar,11,28,45,72,156,0,0,55,18,73,11,28,100,90,229,20,32,52,281
05/18/2001,MGM,AL,ASO,ES,Towers with Radar,9,28,72,41,150,0,0,67,18,85,9,28,139,59,235,42,62,104,339
05/19/2001,MGM,AL,ASO,ES,Towers with Radar,6,23,41,0,70,0,0,8,0,8,6,23,49,0,78,48,0,48,126
05/20/2001,MGM,AL,ASO,ES,Towers with Radar,9,19,32,28,88,0,0,30,4,34,9,19,62,32,122,14,6,20,142
05/21/2001,MGM,AL,ASO,ES,Towers with Radar,11,25,63,31,130,0,0,33,17,50,11,25,96,48,180,52,20,72,252
05/22/2001,MGM,AL,ASO,ES,Towers with Radar,7,29,71,92,199,0,0,32,9,41,7,29,103,101,240,18,122,140,380
05/23/2001,MGM,AL,ASO,ES,Towers with Radar,11,31,92,92,226,0,0,60,51,111,11,31,152,143,337,116,96,212,549
05/24/2001,MGM,AL,ASO,ES,Towers with Radar,11,30,47,34,122,0,0,46,21,67,11,30,93,55,189,54,36,90,279
05/25/2001,MGM,AL,ASO,ES,Towers with Radar,11,29,56,10,106,0,0,41,29,70,11,29,97,39,176,14,4,18,194
05/26/2001,MGM,AL,ASO,ES,Towers with Radar,7,22,40,1,70,0,0,36,0,36,7,22,76,1,106,14,0,14,120
05/27/2001,MGM,AL,ASO,ES,Towers with Radar,10,19,21,0,50,0,0,21,3,24,10,19,42,3,74,2,0,2,76
05/28/2001,MGM,AL,ASO,ES,Towers with Radar,11,21,20,1,53,0,0,5,10,15,11,21,25,11,68,18,8,26,94
05/29/2001,MGM,AL,ASO,ES,Towers with Radar,12,22,65,76,175,0,1,48,29,78,12,23,113,105,253,36,84,120,373
05/30/2001,MGM,AL,ASO,ES,Towers with Radar,11,32,64,79,186,0,0,54,23,77,11,32,118,102,263,52,84,136,399
05/31/2001,MGM,AL,ASO,ES,Towers with Radar,9,33,54,41,137,0,0,30,14,44,9,33,84,55,181,2,14,16,197
06/01/2001,MGM,AL,ASO,ES,Towers with Radar,10,25,35,30,100,0,0,15,19,34,10,25,50,49,134,58,4,62,196
06/02/2001,MGM,AL,ASO,ES,Towers with Radar,10,18,49,21,98,0,0,44,1,45,10,18,93,22,143,20,14,34,177
06/03/2001,MGM,AL,ASO,ES,Towers with Radar,15,19,24,10,68,0,0,10,2,12,15,19,34,12,80,0,0,0,80
06/04/2001,MGM,AL,ASO,ES,Towers with Radar,10,22,66,21,119,0,0,15,17,32,10,22,81,38,151,44,44,88,239
06/05/2001,MGM,AL,ASO,ES,Towers with Radar,11,27,50,66,154,0,0,33,12,45,11,27,83,78,199,22,102,124,323
06/06/2001,MGM,AL,ASO,ES,Towers with Radar,12,30,93,104,239,0,0,29,12,41,12,30,122,116,280,8,92,100,380
06/07/2001,MGM,AL,ASO,ES,Towers with Radar,11,30,77,52,170,0,0,29,7,36,11,30,106,59,206,52,48,100,306
06/08/2001,MGM,AL,ASO,ES,Towers with Radar,11,28,61,38,138,0,0,17,29,46,11,28,78,67,184,32,12,44,228
06/09/2001,MGM,AL,ASO,ES,Towers with Radar,12,17,65,7,101,0,0,12,8,20,12,17,77,15,121,12,0,12,133
06/10/2001,MGM,AL,ASO,ES,Towers with Radar,9,20,55,7,91,0,0,13,9,22,9,20,68,16,113,0,0,0,113
06/11/2001,MGM,AL,ASO,ES,Towers with Radar,11,29,56,20,116,0,0,9,12,21,11,29,65,32,137,4,14,18,155
06/12/2001,MGM,AL,ASO,ES,Towers with Radar,7,33,88,59,187,0,0,42,19,61,7,33,130,78,248,54,82,136,384
06/13/2001,MGM,AL,ASO,ES,Towers with Radar,12,34,87,61,194,0,0,38,30,68,12,34,125,91,262,6,172,178,440
06/14/2001,MGM,AL,ASO,ES,Towers with Radar,9,33,73,25,140,0,0,24,10,34,9,33,97,35,174,44,2,46,220
06/15/2001,MGM,AL,ASO,ES,Towers with Radar,9,26,70,72,177,0,0,42,21,63,9,26,112,93,240,108,72,180,420
06/16/2001,MGM,AL,ASO,ES,Towers with Radar,5,15,34,8,62,3,2,25,0,30,8,17,59,8,92,10,0,10,102
06/17/2001,MGM,AL,ASO,ES,Towers with Radar,10,22,38,11,81,0,0,29,1,30,10,22,67,12,111,24,0,24,135
06/18/2001,MGM,AL,ASO,ES,Towers with Radar,11,28,57,64,160,0,0,47,24,71,11,28,104,88,231,76,80,156,387
06/19/2001,MGM,AL,ASO,ES,Towers with Radar,11,28,70,72,181,0,0,40,14,54,11,28,110,86,235,32,90,122,357
06/20/2001,MGM,AL,ASO,ES,Towers with Radar,11,28,73,102,214,0,0,63,14,77,11,28,136,116,291,66,50,116,407
06/21/2001,MGM,AL,ASO,ES,Towers with Radar,11,28,80,60,179,0,0,49,17,66,11,28,129,77,245,18,76,94,339
06/22/2001,MGM,AL,ASO,ES,Towers with Radar,8,26,60,17,111,0,0,21,24,45,8,26,81,41,156,30,28,58,214
06/23/2001,MGM,AL,ASO,ES,Towers with Radar,12,18,27,10,67,0,0,44,12,56,12,18,71,22,123,56,14,70,193
06/24/2001,MGM,AL,ASO,ES,Towers with Radar,10,19,61,13,103,0,0,38,5,43,10,19,99,18,146,12,24,36,182
06/25/2001,MGM,AL,ASO,ES,Towers with Radar,10,24,68,32,134,0,0,49,5,54,10,24,117,37,188,46,80,126,314
06/26/2001,MGM,AL,ASO,ES,Towers with Radar,11,29,45,73,158,0,0,37,20,57,11,29,82,93,215,26,64,90,305
06/27/2001,MGM,AL,ASO,ES,Towers with Radar,11,28,69,74,182,0,0,27,23,50,11,28,96,97,232,34,118,152,384
06/28/2001,MGM,AL,ASO,ES,Towers with Radar,11,31,88,66,196,0,0,25,3,28,11,31,113,69,224,34,58,92,316
06/29/2001,MGM,AL,ASO,ES,Towers with Radar,11,33,72,49,165,0,0,29,22,51,11,33,101,71,216,36,42,78,294
06/30/2001,MGM,AL,ASO,ES,Towers with Radar,7,22,26,24,79,0,0,13,4,17,7,22,39,28,96,0,6,6,102
07/01/2001,MGM,AL,ASO,ES,Towers with Radar,9,21,37,7,74,1,1,17,3,22,10,22,54,10,96,2,0,2,98
07/02/2001,MGM,AL,ASO,ES,Towers with Radar,11,27,69,35,142,0,0,34,18,52,11,27,103,53,194,22,38,60,254
07/03/2001,MGM,AL,ASO,ES,Towers with Radar,9,29,37,70,145,0,0,29,8,37,9,29,66,78,182,24,58,82,264
07/04/2001,MGM,AL,ASO,ES,Towers with Radar,4,28,12,0,44,1,0,14,0,15,5,28,26,0,59,18,0,18,77
07/05/2001,MGM,AL,ASO,ES,Towers with Radar,13,25,31,35,104,0,0,24,15,39,13,25,55,50,143,22,46,68,211
07/06/2001,MGM,AL,ASO,ES,Towers with Radar,11,28,45,70,154,0,0,55,13,68,11,28,100,83,222,8,78,86,308
07/07/2001,MGM,AL,ASO,ES,Towers with Radar,10,25,28,9,72,0,0,38,2,40,10,25,66,11,112,22,2,24,136
07/08/2001,MGM,AL,ASO,ES,Towers with Radar,7,19,39,11,76,4,0,24,0,28,11,19,63,11,104,22,4,26,130
07/09/2001,MGM,AL,ASO,ES,Towers with Radar,10,27,38,49,124,0,0,37,33,70,10,27,75,82,194,6,30,36,230
07/10/2001,MGM,AL,ASO,ES,Towers with Radar,11,32,50,61,154,0,0,40,10,50,11,32,90,71,204,26,90,116,320
07/11/2001,MGM,AL,ASO,ES,Towers with Radar,11,27,76,120,234,0,0,27,39,66,11,27,103,159,300,34,158,192,492
07/12/2001,MGM,AL,ASO,ES,Towers with Radar,11,34,73,31,149,0,1,31,8,40,11,35,104,39,189,0,20,20,209
07/13/2001,MGM,AL,ASO,ES,Towers with Radar,11,30,53,36,130,0,1,47,27,75,11,31,100,63,205,42,88,130,335
07/14/2001,MGM,AL,ASO,ES,Towers with Radar,7,18,37,31,93,4,1,40,9,54,11,19,77,40,147,12,28,40,187
07/15/2001,MGM,AL,ASO,ES,Towers with Radar,7,22,45,9,83,0,1,35,19,55,7,23,80,28,138,28,0,28,166
07/16/2001,MGM,AL,ASO,ES,Towers with Radar,11,25,54,83,173,0,1,56,21,78,11,26,110,104,251,36,136,172,423
07/17/2001,MGM,AL,ASO,ES,Towers with Radar,9,31,67,53,160,0,1,53,27,81,9,32,120,80,241,62,108,170,411
07/18/2001,MGM,AL,ASO,ES,Towers with Radar,10,28,69,104,211,0,1,56,39,96,10,29,125,143,307,60,86,146,453
07/19/2001,MGM,AL,ASO,ES,Towers with Radar,8,30,61,80,179,0,1,45,14,60,8,31,106,94,239,12,138,150,389
07/20/2001,MGM,AL,ASO,ES,Towers with Radar,8,28,78,43,157,0,1,33,12,46,8,29,111,55,203,10,84,94,297
07/21/2001,MGM,AL,ASO,ES,Towers with Radar,6,18,37,25,86,0,1,15,5,21,6,19,52,30,107,46,0,46,153
07/22/2001,MGM,AL,ASO,ES,Towers with Radar,10,21,47,13,91,0,0,28,5,33,10,21,75,18,124,30,2,32,156
07/23/2001,MGM,AL,ASO,ES,Towers with Radar,10,31,57,53,151,0,0,37,5,42,10,31,94,58,193,22,54,76,269
07/24/2001,MGM,AL,ASO,ES,Towers with Radar,14,29,67,47,157,0,0,30,6,36,14,29,97,53,193,24,98,122,315
07/25/2001,MGM,AL,ASO,ES,Towers with Radar,13,33,56,112,214,0,0,14,23,37,13,33,70,135,251,18,52,70,321
07/26/2001,MGM,AL,ASO,ES,Towers with Radar,9,41,92,66,208,0,0,31,12,43,9,41,123,78,251,28,42,70,321
07/27/2001,MGM,AL,ASO,ES,Towers with Radar,9,32,55,80,176,0,0,35,23,58,9,32,90,103,234,46,118,164,398
07/28/2001,MGM,AL,ASO,ES,Towers with Radar,5,21,66,18,110,0,0,27,4,31,5,21,93,22,141,60,18,78,219
07/29/2001,MGM,AL,ASO,ES,Towers with Radar,12,22,35,19,88,0,2,19,2,23,12,24,54,21,111,16,0,16,127
07/30/2001,MGM,AL,ASO,ES,Towers with Radar,10,27,52,5,94,0,0,21,9,30,10,27,73,14,124,18,8,26,150
07/31/2001,MGM,AL,ASO,ES,Towers with Radar,11,34,35,47,127,0,0,38,21,59,11,34,73,68,186,8,58,66,252
08/01/2001,MGM,AL,ASO,ES,Towers with Radar,9,30,39,62,140,1,0,43,23,67,10,30,82,85,207,12,120,132,339
08/02/2001,MGM,AL,ASO,ES,Towers with Radar,10,30,49,47,136,0,0,53,15,68,10,30,102,62,204,38,68,106,310
08/03/2001,MGM,AL,ASO,ES,Towers with Radar,11,27,60,90,188,0,1,42,16,59,11,28,102,106,247,24,97,121,368
08/04/2001,MGM,AL,ASO,ES,Towers with Radar,7,18,39,7,71,0,0,15,0,15,7,18,54,7,86,6,12,18,104
08/05/2001,MGM,AL,ASO,ES,Towers with Radar,9,23,32,2,66,0,0,9,12,21,9,23,41,14,87,0,0,0,87
08/06/2001,MGM,AL,ASO,ES,Towers with Radar,11,22,8,0,41,0,0,2,0,2,11,22,10,0,43,0,0,0,43
08/07/2001,MGM,AL,ASO,ES,Towers with Radar,11,30,50,25,116,0,0,18,6,24,11,30,68,31,140,8,2,10,150
08/08/2001,MGM,AL,ASO,ES,Towers with Radar,8,25,58,52,143,0,5,27,15,47,8,30,85,67,190,50,94,144,334
08/09/2001,MGM,AL,ASO,ES,Towers with Radar,9,32,68,64,173,0,0,27,6,33,9,32,95,70,206,32,46,78,284
08/10/2001,MGM,AL,ASO,ES,Towers with Radar,10,31,59,88,188,0,0,22,20,42,10,31,81,108,230,34,66,100,330
08/11/2001,MGM,AL,ASO,ES,Towers with Radar,9,20,88,34,151,0,0,21,14,35,9,20,109,48,186,62,38,100,286
08/12/2001,MGM,AL,ASO,ES,Towers with Radar,11,21,31,11,74,0,0,18,7,25,11,21,49,18,99,36,10,46,145
08/13/2001,MGM,AL,ASO,ES,Towers with Radar,11,30,81,46,168,0,0,27,11,38,11,30,108,57,206,12,46,58,264
08/14/2001,MGM,AL,ASO,ES,Towers with Radar,11,31,50,51,143,0,0,26,23,49,11,31,76,74,192,16,42,58,250
08/15/2001,MGM,AL,ASO,ES,Towers with Radar,11,38,56,107,212,0,1,63,19,83,11,39,119,126,295,28,76,104,399
08/16/2001,MGM,AL,ASO,ES,Towers with Radar,11,28,92,63,194,0,0,26,12,38,11,28,118,75,232,0,38,38,270
08/17/2001,MGM,AL,ASO,ES,Towers with Radar,10,29,61,85,185,0,0,28,12,40,10,29,89,97,225,46,20,66,291
08/18/2001,MGM,AL,ASO,ES,Towers with Radar,9,18,35,10,72,0,0,21,6,27,9,18,56,16,99,34,4,38,137
08/19/2001,MGM,AL,ASO,ES,Towers with Radar,10,21,38,11,80,0,0,24,2,26,10,21,62,13,106,10,2,12,118
08/20/2001,MGM,AL,ASO,ES,Towers with Radar,11,26,62,62,161,0,0,11,15,26,11,26,73,77,187,12,46,58,245
08/21/2001,MGM,AL,ASO,ES,Towers with Radar,12,28,67,65,172,0,0,48,18,66,12,28,115,83,238,26,60,86,324
08/22/2001,MGM,AL,ASO,ES,Towers with Radar,12,31,81,84,208,0,0,49,18,67,12,31,130,102,275,28,50,78,353
08/23/2001,MGM,AL,ASO,ES,Towers with Radar,11,29,69,63,172,0,0,35,15,50,11,29,104,78,222,22,82,104,326
08/24/2001,MGM,AL,ASO,ES,Towers with Radar,10,27,54,46,137,0,0,33,18,51,10,27,87,64,188,42,46,88,276
08/25/2001,MGM,AL,ASO,ES,Towers with Radar,10,18,35,5,68,0,0,24,5,29,10,18,59,10,97,46,34,80,177
08/26/2001,MGM,AL,ASO,ES,Towers with Radar,10,20,55,17,102,0,0,32,5,37,10,20,87,22,139,2,0,2,141
08/27/2001,MGM,AL,ASO,ES,Towers with Radar,9,27,46,86,168,0,0,29,22,51,9,27,75,108,219,8,58,66,285
08/28/2001,MGM,AL,ASO,ES,Towers with Radar,11,37,62,25,135,0,0,23,9,32,11,37,85,34,167,18,20,38,205
08/29/2001,MGM,AL,ASO,ES,Towers with Radar,11,33,65,57,166,0,0,20,22,42,11,33,85,79,208,12,40,52,260
08/30/2001,MGM,AL,ASO,ES,Towers with Radar,9,33,80,86,208,0,0,11,3,14,9,33,91,89,222,34,66,100,322
08/31/2001,MGM,AL,ASO,ES,Towers with Radar,12,32,50,67,161,0,0,21,13,34,12,32,71,80,195,42,48,90,285
09/01/2001,MGM,AL,ASO,ES,Towers with Radar,14,16,43,0,73,1,1,12,0,14,15,17,55,0,87,12,0,12,99
09/02/2001,MGM,AL,ASO,ES,Towers with Radar,4,19,5,0,28,4,0,2,0,6,8,19,7,0,34,0,0,0,34
09/03/2001,MGM,AL,ASO,ES,Towers with Radar,10,21,31,2,64,0,1,1,0,2,10,22,32,2,66,2,0,2,68
09/04/2001,MGM,AL,ASO,ES,Towers with Radar,11,25,60,84,180,0,0,24,16,40,11,25,84,100,220,26,30,56,276
09/05/2001,MGM,AL,ASO,ES,Towers with Radar,11,31,39,24,105,0,0,24,17,41,11,31,63,41,146,28,18,46,192
09/06/2001,MGM,AL,ASO,ES,Towers with Radar,13,30,56,38,137,0,0,34,15,49,13,30,90,53,186,32,44,76,262
09/07/2001,MGM,AL,ASO,ES,Towers with Radar,11,28,100,61,200,0,0,28,12,40,11,28,128,73,240,22,32,54,294
09/08/2001,MGM,AL,ASO,ES,Towers with Radar,11,18,52,21,102,0,0,34,4,38,11,18,86,25,140,22,2,24,164
09/09/2001,MGM,AL,ASO,ES,Towers with Radar,8,19,37,22,86,5,0,0,1,6,13,19,37,23,92,10,10,20,112
09/10/2001,MGM,AL,ASO,ES,Towers with Radar,11,30,50,27,118,0,0,23,0,23,11,30,73,27,141,14,10,24,165
09/11/2001,MGM,AL,ASO,ES,Towers with Radar,1,6,17,18,42,0,0,7,0,7,1,6,24,18,49,0,2,2,51
09/12/2001,MGM,AL,ASO,ES,Towers with Radar,0,0,0,1,1,0,1,0,0,1,0,1,0,1,2,0,0,0,2
09/13/2001,MGM,AL,ASO,ES,Towers with Radar,2,6,4,31,43,1,0,1,0,2,3,6,5,31,45,0,52,52,97
09/14/2001,MGM,AL,ASO,ES,Towers with Radar,6,28,24,47,105,1,0,11,0,12,7,28,35,47,117,0,28,28,145
09/15/2001,MGM,AL,ASO,ES,Towers with Radar,9,17,36,27,89,1,0,4,7,12,10,17,40,34,101,0,28,28,129
09/16/2001,MGM,AL,ASO,ES,Towers with Radar,9,21,40,16,86,1,0,6,2,9,10,21,46,18,95,0,20,20,115
09/17/2001,MGM,AL,ASO,ES,Towers with Radar,9,26,45,30,110,0,0,7,1,8,9,26,52,31,118,0,90,90,208
09/18/2001,MGM,AL,ASO,ES,Towers with Radar,8,30,62,74,174,0,0,0,1,1,8,30,62,75,175,2,20,22,197
09/19/2001,MGM,AL,ASO,ES,Towers with Radar,11,27,81,85,204,0,1,2,1,4,11,28,83,86,208,0,48,48,256
09/20/2001,MGM,AL,ASO,ES,Towers with Radar,9,25,82,60,176,0,0,23,32,55,9,25,105,92,231,0,58,58,289
09/21/2001,MGM,AL,ASO,ES,Towers with Radar,11,28,62,77,178,0,1,43,6,50,11,29,105,83,228,2,142,144,372
09/22/2001,MGM,AL,ASO,ES,Towers with Radar,11,16,27,76,130,0,0,29,6,35,11,16,56,82,165,4,88,92,257
09/23/2001,MGM,AL,ASO,ES,Towers with Radar,4,21,51,14,90,0,1,21,4,26,4,22,72,18,116,16,2,18,134
09/24/2001,MGM,AL,ASO,ES,Towers with Radar,11,24,65,31,131,0,1,4,0,5,11,25,69,31,136,0,8,8,144
09/25/2001,MGM,AL,ASO,ES,Towers with Radar,11,31,63,41,146,0,3,21,5,29,11,34,84,46,175,92,68,160,335
09/26/2001,MGM,AL,ASO,ES,Towers with Radar,11,28,98,40,177,0,1,47,2,50,11,29,145,42,227,34,70,104,331
09/27/2001,MGM,AL,ASO,ES,Towers with Radar,9,35,90,51,185,0,3,55,4,62,9,38,145,55,247,74,28,102,349
09/28/2001,MGM,AL,ASO,ES,Towers with Radar,13,30,50,22,115,0,1,45,6,52,13,31,95,28,167,88,12,100,267
09/29/2001,MGM,AL,ASO,ES,Towers with Radar,11,17,29,0,57,0,1,44,4,49,11,18,73,4,106,34,0,34,140
09/30/2001,MGM,AL,ASO,ES,Towers with Radar,10,20,18,0,48,0,0,33,2,35,10,20,51,2,83,32,0,32,115
10/01/2001,MGM,AL,ASO,ES,Towers with Radar,10,24,43,62,139,1,0,35,3,39,11,24,78,65,178,40,64,104,282
10/02/2001,MGM,AL,ASO,ES,Towers with Radar,11,31,63,54,159,0,2,40,3,45,11,33,103,57,204,60,84,144,348
10/03/2001,MGM,AL,ASO,ES,Towers with Radar,11,38,75,72,196,0,2,38,5,45,11,40,113,77,241,42,138,180,421
10/04/2001,MGM,AL,ASO,ES,Towers with Radar,9,33,63,48,153,0,0,39,4,43,9,33,102,52,196,22,58,80,276
10/05/2001,MGM,AL,ASO,ES,Towers with Radar,13,28,61,87,189,0,0,19,5,24,13,28,80,92,213,116,44,160,373
10/06/2001,MGM,AL,ASO,ES,Towers with Radar,13,17,85,0,115,0,3,10,5,18,13,20,95,5,133,2,0,2,135
10/07/2001,MGM,AL,ASO,ES,Towers with Radar,8,19,34,7,68,0,0,53,2,55,8,19,87,9,123,64,0,64,187
10/08/2001,MGM,AL,ASO,ES,Towers with Radar,11,28,36,2,77,0,0,43,1,44,11,28,79,3,121,72,0,72,193
10/09/2001,MGM,AL,ASO,ES,Towers with Radar,11,33,46,44,134,0,0,30,15,45,11,33,76,59,179,2,118,120,299
10/10/2001,MGM,AL,ASO,ES,Towers with Radar,11,35,54,76,176,0,0,31,15,46,11,35,85,91,222,16,90,106,328
10/11/2001,MGM,AL,ASO,ES,Towers with Radar,9,32,43,101,185,0,0,17,7,24,9,32,60,108,209,36,100,136,345
10/12/2001,MGM,AL,ASO,ES,Towers with Radar,11,33,72,91,207,0,0,10,9,19,11,33,82,100,226,28,40,68,294
10/13/2001,MGM,AL,ASO,ES,Towers with Radar,9,16,11,13,49,0,0,8,5,13,9,16,19,18,62,46,10,56,118
10/14/2001,MGM,AL,ASO,ES,Towers with Radar,8,23,43,20,94,0,0,12,0,12,8,23,55,20,106,66,0,66,172
10/15/2001,MGM,AL,ASO,ES,Towers with Radar,11,29,37,48,125,0,0,33,1,34,11,29,70,49,159,68,6,74,233
10/16/2001,MGM,AL,ASO,ES,Towers with Radar,11,33,53,36,133,0,0,30,7,37,11,33,83,43,170,14,50,64,234
10/17/2001,MGM,AL,ASO,ES,Towers with Radar,11,29,62,52,154,0,0,37,10,47,11,29,99,62,201,40,68,108,309
10/18/2001,MGM,AL,ASO,ES,Towers with Radar,13,26,45,52,136,0,0,46,1,47,13,26,91,53,183,38,128,166,349
10/19/2001,MGM,AL,ASO,ES,Towers with Radar,11,33,68,71,183,0,2,55,5,62,11,35,123,76,245,12,44,56,301
10/20/2001,MGM,AL,ASO,ES,Towers with Radar,9,16,22,20,67,0,0,48,2,50,9,16,70,22,117,42,0,42,159
10/21/2001,MGM,AL,ASO,ES,Towers with Radar,10,24,43,5,82,0,0,32,4,36,10,24,75,9,118,52,0,52,170
10/22/2001,MGM,AL,ASO,ES,Towers with Radar,13,27,49,56,145,0,0,34,3,37,13,27,83,59,182,36,102,138,320
10/23/2001,MGM,AL,ASO,ES,Towers with Radar,9,32,71,56,168,0,0,36,4,40,9,32,107,60,208,10,38,48,256
10/24/2001,MGM,AL,ASO,ES,Towers with Radar,11,29,68,89,197,0,0,13,13,26,11,29,81,102,223,6,62,68,291
10/25/2001,MGM,AL,ASO,ES,Towers with Radar,11,34,44,82,171,0,0,34,8,42,11,34,78,90,213,30,140,170,383
10/26/2001,MGM,AL,ASO,ES,Towers with Radar,13,28,54,63,158,0,0,61,15,76,13,28,115,78,234,76,52,128,362
10/27/2001,MGM,AL,ASO,ES,Towers with Radar,11,24,32,14,81,1,0,35,0,36,12,24,67,14,117,28,14,42,159
10/28/2001,MGM,AL,ASO,ES,Towers with Radar,11,23,50,6,90,0,0,0,0,0,11,23,50,6,90,16,0,16,106
10/29/2001,MGM,AL,ASO,ES,Towers with Radar,11,29,45,44,129,0,0,49,1,50,11,29,94,45,179,28,80,108,287
10/30/2001,MGM,AL,ASO,ES,Towers with Radar,9,31,72,48,160,0,0,35,8,43,9,31,107,56,203,40,38,78,281
10/31/2001,MGM,AL,ASO,ES,Towers with Radar,11,28,45,53,137,0,2,42,11,55,11,30,87,64,192,42,50,92,284
11/01/2001,MGM,AL,ASO,ES,Towers with Radar,10,29,50,30,119,1,0,36,6,43,11,29,86,36,162,30,56,86,248
11/02/2001,MGM,AL,ASO,ES,Towers with Radar,12,39,61,79,191,0,0,29,6,35,12,39,90,85,226,16,88,104,330
11/03/2001,MGM,AL,ASO,ES,Towers with Radar,10,20,62,17,109,0,2,20,10,32,10,22,82,27,141,8,14,22,163
11/04/2001,MGM,AL,ASO,ES,Towers with Radar,8,17,43,26,94,0,0,35,8,43,8,17,78,34,137,6,2,8,145
11/05/2001,MGM,AL,ASO,ES,Towers with Radar,11,25,49,39,124,0,0,32,8,40,11,25,81,47,164,16,28,44,208
11/06/2001,MGM,AL,ASO,ES,Towers with Radar,11,28,70,59,168,0,0,30,4,34,11,28,100,63,202,18,24,42,244
11/07/2001,MGM,AL,ASO,ES,Towers with Radar,11,29,53,68,161,0,0,36,12,48,11,29,89,80,209,46,64,110,319
11/08/2001,MGM,AL,ASO,ES,Towers with Radar,11,29,79,60,179,0,0,52,8,60,11,29,131,68,239,40,38,78,317
11/09/2001,MGM,AL,ASO,ES,Towers with Radar,9,30,54,72,165,0,0,45,10,55,9,30,99,82,220,98,72,170,390
11/10/2001,MGM,AL,ASO,ES,Towers with Radar,6,19,35,0,60,5,11,93,0,109,11,30,128,0,169,26,0,26,195
11/11/2001,MGM,AL,ASO,ES,Towers with Radar,10,20,44,0,74,0,0,0,2,2,10,20,44,2,76,32,0,32,108
11/12/2001,MGM,AL,ASO,ES,Towers with Radar,9,28,36,0,73,0,0,39,2,41,9,28,75,2,114,28,0,28,142
11/13/2001,MGM,AL,ASO,ES,Towers with Radar,11,37,64,18,130,0,0,40,9,49,11,37,104,27,179,20,40,60,239
11/14/2001,MGM,AL,ASO,ES,Towers with Radar,12,29,101,48,190,0,0,37,8,45,12,29,138,56,235,14,66,80,315
11/15/2001,MGM,AL,ASO,ES,Towers with Radar,11,35,78,81,205,0,1,48,5,54,11,36,126,86,259,30,40,70,329
11/16/2001,MGM,AL,ASO,ES,Towers with Radar,8,23,64,66,161,0,0,40,8,48,8,23,104,74,209,34,6,40,249
11/17/2001,MGM,AL,ASO,ES,Towers with Radar,10,19,26,33,88,0,0,51,11,62,10,19,77,44,150,76,4,80,230
11/18/2001,MGM,AL,ASO,ES,Towers with Radar,9,21,31,21,82,0,0,28,22,50,9,21,59,43,132,28,12,40,172
11/19/2001,MGM,AL,ASO,ES,Towers with Radar,10,30,54,37,131,0,0,45,3,48,10,30,99,40,179,18,32,50,229
11/20/2001,MGM,AL,ASO,ES,Towers with Radar,11,28,74,17,130,0,0,41,2,43,11,28,115,19,173,104,0,104,277
11/21/2001,MGM,AL,ASO,ES,Towers with Radar,11,28,39,46,124,0,0,47,5,52,11,28,86,51,176,48,52,100,276
11/22/2001,MGM,AL,ASO,ES,Towers with Radar,8,23,18,0,49,0,2,19,0,21,8,25,37,0,70,0,0,0,70
11/23/2001,MGM,AL,ASO,ES,Towers with Radar,6,20,25,0,51,0,0,0,2,2,6,20,25,2,53,2,0,2,55
11/24/2001,MGM,AL,ASO,ES,Towers with Radar,10,22,17,4,53,0,0,4,2,6,10,22,21,6,59,0,0,0,59
11/25/2001,MGM,AL,ASO,ES,Towers with Radar,7,21,40,0,68,3,4,46,0,53,10,25,86,0,121,22,0,22,143
11/26/2001,MGM,AL,ASO,ES,Towers with Radar,13,25,53,86,177,0,0,14,6,20,13,25,67,92,197,8,120,128,325
11/27/2001,MGM,AL,ASO,ES,Towers with Radar,11,30,64,77,182,0,0,10,4,14,11,30,74,81,196,24,16,40,236
11/28/2001,MGM,AL,ASO,ES,Towers with Radar,9,33,54,94,190,0,0,17,4,21,9,33,71,98,211,26,114,140,351
11/29/2001,MGM,AL,ASO,ES,Towers with Radar,11,29,45,19,104,0,0,8,4,12,11,29,53,23,116,30,8,38,154
11/30/2001,MGM,AL,ASO,ES,Towers with Radar,14,46,80,72,212,0,0,32,13,45,14,46,112,85,257,20,88,108,365
12/01/2001,MGM,AL,ASO,ES,Towers with Radar,12,19,34,27,92,1,1,36,6,44,13,20,70,33,136,24,2,26,162
12/02/2001,MGM,AL,ASO,ES,Towers with Radar,11,20,38,39,108,0,0,27,10,37,11,20,65,49,145,38,6,44,189
12/03/2001,MGM,AL,ASO,ES,Towers with Radar,10,30,43,35,118,0,0,24,1,25,10,30,67,36,143,18,76,94,237
12/04/2001,MGM,AL,ASO,ES,Towers with Radar,11,37,50,40,138,0,0,42,9,51,11,37,92,49,189,20,74,94,283
12/05/2001,MGM,AL,ASO,ES,Towers with Radar,9,38,63,34,144,0,0,31,6,37,9,38,94,40,181,14,46,60,241
12/06/2001,MGM,AL,ASO,ES,Towers with Radar,11,35,65,69,180,0,1,27,10,38,11,36,92,79,218,0,76,76,294
12/07/2001,MGM,AL,ASO,ES,Towers with Radar,11,39,92,75,217,0,0,40,7,47,11,39,132,82,264,12,70,82,346
12/08/2001,MGM,AL,ASO,ES,Towers with Radar,7,16,34,16,73,4,0,19,0,23,11,16,53,16,96,34,18,52,148
12/09/2001,MGM,AL,ASO,ES,Towers with Radar,7,25,65,49,146,0,0,22,7,29,7,25,87,56,175,6,6,12,187
12/10/2001,MGM,AL,ASO,ES,Towers with Radar,10,26,54,36,126,0,0,2,0,2,10,26,56,36,128,0,0,0,128
12/11/2001,MGM,AL,ASO,ES,Towers with Radar,11,31,75,80,197,0,0,4,4,8,11,31,79,84,205,26,22,48,253
12/12/2001,MGM,AL,ASO,ES,Towers with Radar,8,29,40,38,115,0,0,3,0,3,8,29,43,38,118,0,0,0,118
12/13/2001,MGM,AL,ASO,ES,Towers with Radar,8,39,60,39,146,0,0,1,0,1,8,39,61,39,147,0,6,6,153
12/14/2001,MGM,AL,ASO,ES,Towers with Radar,11,27,66,75,179,0,1,35,10,46,11,28,101,85,225,34,90,124,349
12/15/2001,MGM,AL,ASO,ES,Towers with Radar,10,16,32,9,67,0,1,59,9,69,10,17,91,18,136,50,0,50,186
12/16/2001,MGM,AL,ASO,ES,Towers with Radar,9,20,44,35,108,0,1,19,12,32,9,21,63,47,140,14,0,14,154
12/17/2001,MGM,AL,ASO,ES,Towers with Radar,11,25,32,14,82,0,1,4,0,5,11,26,36,14,87,0,0,0,87
12/18/2001,MGM,AL,ASO,ES,Towers with Radar,11,29,96,38,174,0,2,51,10,63,11,31,147,48,237,26,44,70,307
12/19/2001,MGM,AL,ASO,ES,Towers with Radar,11,32,50,57,150,0,1,46,17,64,11,33,96,74,214,14,80,94,308
12/20/2001,MGM,AL,ASO,ES,Towers with Radar,11,34,58,37,140,0,1,54,6,61,11,35,112,43,201,18,58,76,277
12/21/2001,MGM,AL,ASO,ES,Towers with Radar,10,32,38,21,101,0,1,44,4,49,10,33,82,25,150,20,6,26,176
12/22/2001,MGM,AL,ASO,ES,Towers with Radar,11,19,36,0,66,0,1,35,0,36,11,20,71,0,102,46,0,46,148
12/23/2001,MGM,AL,ASO,ES,Towers with Radar,8,18,18,1,45,0,1,5,0,6,8,19,23,1,51,0,0,0,51
12/24/2001,MGM,AL,ASO,ES,Towers with Radar,3,11,18,2,34,4,10,14,0,28,7,21,32,2,62,28,0,28,90
12/25/2001,MGM,AL,ASO,ES,Towers with Radar,7,23,15,0,45,0,0,13,0,13,7,23,28,0,58,0,0,0,58
12/26/2001,MGM,AL,ASO,ES,Towers with Radar,9,32,30,4,75,0,0,39,0,39,9,32,69,4,114,26,0,26,140
12/27/2001,MGM,AL,ASO,ES,Towers with Radar,11,29,52,36,128,0,0,14,9,23,11,29,66,45,151,26,36,62,213
12/28/2001,MGM,AL,ASO,ES,Towers with Radar,9,30,51,35,125,0,3,46,8,57,9,33,97,43,182,12,26,38,220
12/29/2001,MGM,AL,ASO,ES,Towers with Radar,9,16,50,0,75,0,0,39,0,39,9,16,89,0,114,42,0,42,156
12/30/2001,MGM,AL,ASO,ES,Towers with Radar,8,29,29,3,69,0,0,30,1,31,8,29,59,4,100,28,0,28,128
12/31/2001,MGM,AL,ASO,ES,Towers with Radar,8,21,15,0,44,0,1,26,0,27,8,22,41,0,71,18,0,18,89
01/01/2002,MGM,AL,ASO,ES,Towers with Radar,6,24,21,0,51,1,0,21,0,22,7,24,42,0,73,4,0,4,77
01/02/2002,MGM,AL,ASO,ES,Towers with Radar,6,20,6,4,36,0,0,2,0,2,6,20,8,4,38,0,0,0,38
01/03/2002,MGM,AL,ASO,ES,Towers with Radar,3,24,25,22,74,0,0,10,0,10,3,24,35,22,84,0,14,14,98
01/04/2002,MGM,AL,ASO,ES,Towers with Radar,9,32,54,53,148,4,0,26,24,54,13,32,80,77,202,22,42,64,266
01/05/2002,MGM,AL,ASO,ES,Towers with Radar,8,28,48,10,94,1,0,38,0,39,9,28,86,10,133,16,16,32,165
01/06/2002,MGM,AL,ASO,ES,Towers with Radar,10,20,28,5,63,1,0,7,0,8,11,20,35,5,71,0,0,0,71
01/07/2002,MGM,AL,ASO,ES,Towers with Radar,8,25,19,38,90,1,0,16,0,17,9,25,35,38,107,0,70,70,177
01/08/2002,MGM,AL,ASO,ES,Towers with Radar,11,33,55,39,138,0,1,49,3,53,11,34,104,42,191,10,54,64,255
01/09/2002,MGM,AL,ASO,ES,Towers with Radar,9,30,49,79,167,0,2,50,10,62,9,32,99,89,229,18,94,112,341
01/10/2002,MGM,AL,ASO,ES,Towers with Radar,9,32,70,44,155,0,1,24,6,31,9,33,94,50,186,32,66,98,284
01/11/2002,MGM,AL,ASO,ES,Towers with Radar,7,33,63,61,164,0,0,5,22,27,7,33,68,83,191,42,26,68,259
01/12/2002,MGM,AL,ASO,ES,Towers with Radar,9,24,83,39,155,0,1,5,0,6,9,25,88,39,161,22,0,22,183
01/13/2002,MGM,AL,ASO,ES,Towers with Radar,11,27,26,49,113,0,1,69,9,79,11,28,95,58,192,38,26,64,256
01/14/2002,MGM,AL,ASO,ES,Towers with Radar,9,31,50,67,157,0,1,18,0,19,9,32,68,67,176,70,60,130,306
01/15/2002,MGM,AL,ASO,ES,Towers with Radar,9,34,40,76,159,0,2,52,6,60,9,36,92,82,219,20,120,140,359
01/16/2002,MGM,AL,ASO,ES,Towers with Radar,9,30,61,58,158,0,2,45,11,58,9,32,106,69,216,8,76,84,300
01/17/2002,MGM,AL,ASO,ES,Towers with Radar,11,34,94,70,209,0,1,43,0,44,11,35,137,70,253,36,62,98,351
01/18/2002,MGM,AL,ASO,ES,Towers with Radar,12,30,87,42,171,0,1,1,0,2,12,31,88,42,173,0,2,2,175
01/19/2002,MGM,AL,ASO,ES,Towers with Radar,10,20,12,2,44,0,1,1,0,2,10,21,13,2,46,44,0,44,90
01/20/2002,MGM,AL,ASO,ES,Towers with Radar,9,25,30,5,69,0,1,45,0,46,9,26,75,5,115,24,10,34,149
01/21/2002,MGM,AL,ASO,ES,Towers with Radar,9,29,54,6,98,0,2,21,0,23,9,31,75,6,121,6,38,44,165
01/22/2002,MGM,AL,ASO,ES,Towers with Radar,12,30,47,72,161,0,1,28,2,31,12,31,75,74,192,2,118,120,312
01/23/2002,MGM,AL,ASO,ES,Towers with Radar,14,32,79,73,198,2,0,19,52,73,16,32,98,125,271,6,24,30,301
01/24/2002,MGM,AL,ASO,ES,Towers with Radar,10,33,35,62,140,0,2,6,5,13,10,35,41,67,153,10,48,58,211
01/25/2002,MGM,AL,ASO,ES,Towers with Radar,7,33,32,92,164,0,1,71,14,86,7,34,103,106,250,79,136,215,465
01/26/2002,MGM,AL,ASO,ES,Towers with Radar,11,20,63,12,106,0,1,52,3,56,11,21,115,15,162,34,56,90,252
01/27/2002,MGM,AL,ASO,ES,Towers with Radar,10,24,60,15,109,0,1,60,6,67,10,25,120,21,176,14,0,14,190
01/28/2002,MGM,AL,ASO,ES,Towers with Radar,11,26,55,41,133,0,2,32,4,38,11,28,87,45,171,22,82,104,275
01/29/2002,MGM,AL,ASO,ES,Towers with Radar,11,32,67,90,200,0,1,6,3,10,11,33,73,93,210,20,36,56,266
01/30/2002,MGM,AL,ASO,ES,Towers with Radar,8,29,76,65,178,0,1,23,3,27,8,30,99,68,205,2,92,94,299
01/31/2002,MGM,AL,ASO,ES,Towers with Radar,11,31,77,99,218,0,2,19,14,35,11,33,96,113,253,24,54,78,331
02/01/2002,MGM,AL,ASO,ES,Towers with Radar,10,37,37,27,111,1,1,10,15,27,11,38,47,42,138,16,14,30,168
02/02/2002,MGM,AL,ASO,ES,Towers with Radar,10,25,37,17,89,0,4,54,14,72,10,29,91,31,161,6,2,8,169
02/03/2002,MGM,AL,ASO,ES,Towers with Radar,10,23,27,12,72,0,1,20,10,31,10,24,47,22,103,0,20,20,123
02/04/2002,MGM,AL,ASO,ES,Towers with Radar,11,24,48,22,105,0,2,31,12,45,11,26,79,34,150,34,22,56,206
02/05/2002,MGM,AL,ASO,ES,Towers with Radar,11,25,39,32,107,0,1,21,5,27,11,26,60,37,134,66,56,122,256
02/06/2002,MGM,AL,ASO,ES,Towers with Radar,7,27,23,3,60,0,1,0,1,2,7,28,23,4,62,0,0,0,62
02/07/2002,MGM,AL,ASO,ES,Towers with Radar,15,26,64,39,144,0,1,8,7,16,15,27,72,46,160,8,38,46,206
02/08/2002,MGM,AL,ASO,ES,Towers with Radar,11,28,43,54,136,0,1,42,3,46,11,29,85,57,182,6,102,108,290
02/09/2002,MGM,AL,ASO,ES,Towers with Radar,9,27,42,14,92,0,1,81,14,96,9,28,123,28,188,52,12,64,252
02/10/2002,MGM,AL,ASO,ES,Towers with Radar,8,23,39,28,98,3,1,0,0,4,11,24,39,28,102,31,3,34,136
02/11/2002,MGM,AL,ASO,ES,Towers with Radar,11,24,54,51,140,0,2,54,4,60,11,26,108,55,200,44,58,102,302
02/12/2002,MGM,AL,ASO,ES,Towers with Radar,11,34,55,60,160,0,1,60,15,76,11,35,115,75,236,18,104,122,358
02/13/2002,MGM,AL,ASO,ES,Towers with Radar,11,36,88,58,193,0,1,58,13,72,11,37,146,71,265,34,76,110,375
02/14/2002,MGM,AL,ASO,ES,Towers with Radar,11,27,64,46,148,0,0,64,12,76,11,27,128,58,224,14,68,82,306
02/15/2002,MGM,AL,ASO,ES,Towers with Radar,11,31,62,22,126,0,0,52,0,52,11,31,114,22,178,12,60,72,250
02/16/2002,MGM,AL,ASO,ES,Towers with Radar,11,21,22,16,70,0,3,49,2,54,11,24,71,18,124,18,2,20,144
02/17/2002,MGM,AL,ASO,ES,Towers with Radar,11,25,62,1,99,0,1,43,1,45,11,26,105,2,144,46,0,46,190
02/18/2002,MGM,AL,ASO,ES,Towers with Radar,12,27,48,2,89,0,1,37,0,38,12,28,85,2,127,38,0,38,165
02/19/2002,MGM,AL,ASO,ES,Towers with Radar,11,29,80,117,237,0,1,30,3,34,11,30,110,120,271,30,170,200,471
02/20/2002,MGM,AL,ASO,ES,Towers with Radar,11,33,66,25,135,0,2,13,10,25,11,35,79,35,160,16,30,46,206
02/21/2002,MGM,AL,ASO,ES,Towers with Radar,13,32,70,51,166,0,0,67,6,73,13,32,137,57,239,32,34,66,305
02/22/2002,MGM,AL,ASO,ES,Towers with Radar,11,29,56,46,142,1,0,52,24,77,12,29,108,70,219,16,56,72,291
02/23/2002,MGM,AL,ASO,ES,Towers with Radar,11,21,35,19,86,0,1,45,8,54,11,22,80,27,140,64,76,140,280
02/24/2002,MGM,AL,ASO,ES,Towers with Radar,11,23,51,18,103,0,0,47,6,53,11,23,98,24,156,32,0,32,188
02/25/2002,MGM,AL,ASO,ES,Towers with Radar,12,28,63,35,138,0,1,60,6,67,12,29,123,41,205,38,80,118,323
02/26/2002,MGM,AL,ASO,ES,Towers with Radar,11,38,58,66,173,0,1,21,4,26,11,39,79,70,199,0,111,111,310
02/27/2002,MGM,AL,ASO,ES,Towers with Radar,11,31,64,83,189,0,2,39,5,46,11,33,103,88,235,6,74,80,315
02/28/2002,MGM,AL,ASO,ES,Towers with Radar,11,33,86,67,197,0,0,56,5,61,11,33,142,72,258,54,106,160,418
03/01/2002,MGM,AL,ASO,ES,Towers with Radar,14,30,71,120,235,0,0,29,21,50,14,30,100,141,285,36,78,114,399
03/02/2002,MGM,AL,ASO,ES,Towers with Radar,12,23,52,6,93,0,0,14,5,19,12,23,66,11,112,2,0,2,114
03/03/2002,MGM,AL,ASO,ES,Towers with Radar,10,25,39,8,82,1,0,9,14,24,11,25,48,22,106,6,0,6,112
03/04/2002,MGM,AL,ASO,ES,Towers with Radar,9,29,53,42,133,0,2,24,1,27,9,31,77,43,160,18,94,112,272
03/05/2002,MGM,AL,ASO,ES,Towers with Radar,11,36,61,43,151,0,2,68,1,71,11,38,129,44,222,32,138,170,392
03/06/2002,MGM,AL,ASO,ES,Towers with Radar,12,31,55,108,206,0,3,44,24,71,12,34,99,132,277,38,122,160,437
03/07/2002,MGM,AL,ASO,ES,Towers with Radar,10,32,60,30,132,0,3,43,15,61,10,35,103,45,193,68,84,152,345
03/08/2002,MGM,AL,ASO,ES,Towers with Radar,11,34,62,52,159,0,0,51,6,57,11,34,113,58,216,46,70,116,332
03/09/2002,MGM,AL,ASO,ES,Towers with Radar,13,22,26,6,67,0,0,11,1,12,13,22,37,7,79,26,12,38,117
03/10/2002,MGM,AL,ASO,ES,Towers with Radar,14,22,33,18,87,0,0,48,0,48,14,22,81,18,135,10,18,28,163
03/11/2002,MGM,AL,ASO,ES,Towers with Radar,11,28,53,51,143,0,0,34,2,36,11,28,87,53,179,44,82,126,305
03/12/2002,MGM,AL,ASO,ES,Towers with Radar,11,35,34,7,87,0,0,0,0,0,11,35,34,7,87,40,0,40,127
03/13/2002,MGM,AL,ASO,ES,Towers with Radar,11,33,65,52,161,0,0,11,4,15,11,33,76,56,176,0,34,34,210
03/14/2002,MGM,AL,ASO,ES,Towers with Radar,12,31,58,46,147,0,2,27,12,41,12,33,85,58,188,22,58,80,268
03/15/2002,MGM,AL,ASO,ES,Towers with Radar,11,31,66,61,169,0,0,29,11,40,11,31,95,72,209,16,14,30,239
03/16/2002,MGM,AL,ASO,ES,Towers with Radar,11,22,52,16,101,0,0,17,4,21,11,22,69,20,122,4,10,14,136
03/17/2002,MGM,AL,ASO,ES,Towers with Radar,10,25,42,35,112,0,0,10,6,16,10,25,52,41,128,20,2,22,150
03/18/2002,MGM,AL,ASO,ES,Towers with Radar,13,29,71,32,145,0,0,35,7,42,13,29,106,39,187,42,42,84,271
03/19/2002,MGM,AL,ASO,ES,Towers with Radar,11,27,35,27,100,0,1,18,2,21,11,28,53,29,121,54,16,70,191
03/20/2002,MGM,AL,ASO,ES,Towers with Radar,10,31,48,68,157,0,0,11,7,18,10,31,59,75,175,26,120,146,321
03/21/2002,MGM,AL,ASO,ES,Towers with Radar,11,29,75,34,149,0,2,30,5,37,11,31,105,39,186,8,20,28,214
03/22/2002,MGM,AL,ASO,ES,Towers with Radar,11,30,53,65,159,0,1,42,8,51,11,31,95,73,210,24,92,116,326
03/23/2002,MGM,AL,ASO,ES,Towers with Radar,13,24,32,6,75,2,6,50,2,60,15,30,82,8,135,76,0,76,211
03/24/2002,MGM,AL,ASO,ES,Towers with Radar,10,22,33,15,80,0,0,37,6,43,10,22,70,21,123,22,14,36,159
03/25/2002,MGM,AL,ASO,ES,Towers with Radar,11,27,54,42,134,0,0,29,2,31,11,27,83,44,165,0,68,68,233
03/26/2002,MGM,AL,ASO,ES,Towers with Radar,11,30,40,18,99,0,0,20,10,30,11,30,60,28,129,26,8,34,163
03/27/2002,MGM,AL,ASO,ES,Towers with Radar,11,30,61,79,181,0,2,48,9,59,11,32,109,88,240,20,86,106,346
03/28/2002,MGM,AL,ASO,ES,Towers with Radar,12,32,79,51,174,0,2,70,4,76,12,34,149,55,250,48,42,90,340
03/29/2002,MGM,AL,ASO,ES,Towers with Radar,8,30,60,68,166,0,0,23,5,28,8,30,83,73,194,24,92,116,310
03/30/2002,MGM,AL,ASO,ES,Towers with Radar,12,26,22,0,60,0,0,16,0,16,12,26,38,0,76,12,0,12,88
03/31/2002,MGM,AL,ASO,ES,Towers with Radar,11,22,27,0,60,0,0,0,0,0,11,22,27,0,60,0,0,0,60
04/01/2002,MGM,AL,ASO,ES,Towers with Radar,10,25,52,35,122,1,0,50,2,53,11,25,102,37,175,38,88,126,301
04/02/2002,MGM,AL,ASO,ES,Towers with Radar,14,40,60,67,181,0,2,63,9,74,14,42,123,76,255,70,158,228,483
04/03/2002,MGM,AL,ASO,ES,Towers with Radar,11,28,41,42,122,0,0,19,11,30,11,28,60,53,152,6,22,28,180
04/04/2002,MGM,AL,ASO,ES,Towers with Radar,11,32,60,59,162,0,0,51,3,54,11,32,111,62,216,38,142,180,396
04/05/2002,MGM,AL,ASO,ES,Towers with Radar,8,30,75,48,161,0,0,39,29,68,8,30,114,77,229,10,84,94,323
04/06/2002,MGM,AL,ASO,ES,Towers with Radar,9,24,48,38,119,0,9,60,9,78,9,33,108,47,197,35,34,69,266
04/07/2002,MGM,AL,ASO,ES,Towers with Radar,10,20,49,26,105,0,0,37,4,41,10,20,86,30,146,42,6,48,194
04/08/2002,MGM,AL,ASO,ES,Towers with Radar,11,31,36,29,107,0,0,15,1,16,11,31,51,30,123,28,10,38,161
04/09/2002,MGM,AL,ASO,ES,Towers with Radar,11,34,72,37,154,0,0,17,7,24,11,34,89,44,178,12,16,28,206
04/10/2002,MGM,AL,ASO,ES,Towers with Radar,11,30,72,33,146,0,1,26,18,45,11,31,98,51,191,24,18,42,233
04/11/2002,MGM,AL,ASO,ES,Towers with Radar,9,35,75,48,167,0,0,12,15,27,9,35,87,63,194,36,40,76,270
04/12/2002,MGM,AL,ASO,ES,Towers with Radar,11,33,62,24,130,0,0,0,12,12,11,33,62,36,142,16,0,16,158
04/13/2002,MGM,AL,ASO,ES,Towers with Radar,6,20,39,17,82,3,4,6,0,13,9,24,45,17,95,26,16,42,137
04/14/2002,MGM,AL,ASO,ES,Towers with Radar,6,19,38,13,76,5,0,21,0,26,11,19,59,13,102,52,2,54,156
04/15/2002,MGM,AL,ASO,ES,Towers with Radar,12,27,80,11,130,0,1,31,2,34,12,28,111,13,164,24,0,24,188
04/16/2002,MGM,AL,ASO,ES,Towers with Radar,12,41,112,41,206,0,0,37,3,40,12,41,149,44,246,34,54,88,334
04/17/2002,MGM,AL,ASO,ES,Towers with Radar,10,33,66,42,151,0,0,82,11,93,10,33,148,53,244,34,38,72,316
04/18/2002,MGM,AL,ASO,ES,Towers with Radar,11,30,74,87,202,0,0,53,13,66,11,30,127,100,268,36,152,188,456
04/19/2002,MGM,AL,ASO,ES,Towers with Radar,11,38,55,52,156,0,0,39,2,41,11,38,94,54,197,10,64,74,271
04/20/2002,MGM,AL,ASO,ES,Towers with Radar,10,25,19,13,67,0,0,44,4,48,10,25,63,17,115,46,0,46,161
04/21/2002,MGM,AL,ASO,ES,Towers with Radar,11,25,67,27,130,0,1,46,4,51,11,26,113,31,181,16,4,20,201
04/22/2002,MGM,AL,ASO,ES,Towers with Radar,11,28,41,28,108,0,0,9,2,11,11,28,50,30,119,34,24,58,177
04/23/2002,MGM,AL,ASO,ES,Towers with Radar,11,29,64,61,165,0,2,39,12,53,11,31,103,73,218,32,134,166,384
04/24/2002,MGM,AL,ASO,ES,Towers with Radar,11,32,43,58,144,0,2,58,16,76,11,34,101,74,220,58,148,206,426
04/25/2002,MGM,AL,ASO,ES,Towers with Radar,12,31,70,67,180,0,2,35,6,43,12,33,105,73,223,23,156,179,402
04/26/2002,MGM,AL,ASO,ES,Towers with Radar,11,33,93,44,181,0,0,37,15,52,11,33,130,59,233,30,136,166,399
04/27/2002,MGM,AL,ASO,ES,Towers with Radar,6,20,39,10,75,3,15,31,0,49,9,35,70,10,124,44,0,44,168
04/28/2002,MGM,AL,ASO,ES,Towers with Radar,10,29,53,1,93,2,0,24,4,30,12,29,77,5,123,30,0,30,153
04/29/2002,MGM,AL,ASO,ES,Towers with Radar,9,29,58,38,134,0,1,47,5,53,9,30,105,43,187,50,44,94,281
04/30/2002,MGM,AL,ASO,ES,Towers with Radar,11,28,72,33,144,0,0,13,10,23,11,28,85,43,167,8,26,34,201
05/01/2002,MGM,AL,ASO,ES,Towers with Radar,11,33,82,56,182,0,1,33,9,43,11,34,115,65,225,30,84,114,339
05/02/2002,MGM,AL,ASO,ES,Towers with Radar,10,28,74,61,173,0,0,42,3,45,10,28,116,64,218,164,126,290,508
05/03/2002,MGM,AL,ASO,ES,Towers with Radar,10,26,41,21,98,0,0,12,3,15,10,26,53,24,113,218,10,228,341
05/04/2002,MGM,AL,ASO,ES,Towers with Radar,11,22,27,24,84,0,0,11,5,16,11,22,38,29,100,18,4,22,122
05/05/2002,MGM,AL,ASO,ES,Towers with Radar,11,25,47,13,96,0,0,40,5,45,11,25,87,18,141,44,4,48,189
05/06/2002,MGM,AL,ASO,ES,Towers with Radar,8,26,81,35,150,0,1,0,1,2,8,27,81,36,152,0,0,0,152
05/07/2002,MGM,AL,ASO,ES,Towers with Radar,9,34,67,54,164,0,1,27,3,31,9,35,94,57,195,46,42,88,283
05/08/2002,MGM,AL,ASO,ES,Towers with Radar,11,29,64,43,147,0,1,27,8,36,11,30,91,51,183,36,56,92,275
05/09/2002,MGM,AL,ASO,ES,Towers with Radar,13,28,43,47,131,0,1,41,7,49,13,29,84,54,180,34,78,112,292
05/10/2002,MGM,AL,ASO,ES,Towers with Radar,18,31,56,67,172,0,3,43,12,58,18,34,99,79,230,18,60,78,308
05/11/2002,MGM,AL,ASO,ES,Towers with Radar,11,35,26,15,87,0,21,30,7,58,11,56,56,22,145,82,0,82,227
05/12/2002,MGM,AL,ASO,ES,Towers with Radar,11,23,54,7,95,0,0,34,2,36,11,23,88,9,131,32,0,32,163
05/13/2002,MGM,AL,ASO,ES,Towers with Radar,12,29,72,32,145,0,0,9,10,19,12,29,81,42,164,24,62,86,250
05/14/2002,MGM,AL,ASO,ES,Towers with Radar,11,33,77,43,164,0,2,63,8,73,11,35,140,51,237,26,62,88,325
05/15/2002,MGM,AL,ASO,ES,Towers with Radar,11,27,76,31,145,0,0,60,0,60,11,27,136,31,205,32,32,64,269
05/16/2002,MGM,AL,ASO,ES,Towers with Radar,13,30,66,50,159,0,1,50,8,59,13,31,116,58,218,0,48,48,266
05/17/2002,MGM,AL,ASO,ES,Towers with Radar,11,27,50,16,104,0,1,11,3,15,11,28,61,19,119,0,0,0,119
05/18/2002,MGM,AL,ASO,ES,Towers with Radar,7,19,35,11,72,1,5,10,0,16,8,24,45,11,88,16,1,17,105
05/19/2002,MGM,AL,ASO,ES,Towers with Radar,10,25,43,24,102,0,0,56,3,59,10,25,99,27,161,40,12,52,213
05/20/2002,MGM,AL,ASO,ES,Towers with Radar,11,28,43,40,122,0,1,63,6,70,11,29,106,46,192,10,18,28,220
05/21/2002,MGM,AL,ASO,ES,Towers with Radar,9,26,60,55,150,0,1,58,9,68,9,27,118,64,218,10,78,88,306
05/22/2002,MGM,AL,ASO,ES,Towers with Radar,11,28,60,81,180,0,0,45,1,46,11,28,105,82,226,22,58,80,306
05/23/2002,MGM,AL,ASO,ES,Towers with Radar,11,30,54,39,134,0,0,43,2,45,11,30,97,41,179,66,58,124,303
05/24/2002,MGM,AL,ASO,ES,Towers with Radar,10,31,56,19,116,0,0,41,2,43,10,31,97,21,159,28,0,28,187
05/25/2002,MGM,AL,ASO,ES,Towers with Radar,9,26,35,0,70,0,0,46,4,50,9,26,81,4,120,32,0,32,152
05/26/2002,MGM,AL,ASO,ES,Towers with Radar,11,21,14,0,46,0,0,18,2,20,11,21,32,2,66,2,0,2,68
05/27/2002,MGM,AL,ASO,ES,Towers with Radar,11,21,26,4,62,0,0,35,1,36,11,21,61,5,98,28,0,28,126
05/28/2002,MGM,AL,ASO,ES,Towers with Radar,11,27,51,55,144,0,0,44,5,49,11,27,95,60,193,8,44,52,245
05/29/2002,MGM,AL,ASO,ES,Towers with Radar,11,32,55,51,149,0,0,21,26,47,11,32,76,77,196,14,40,54,250
05/30/2002,MGM,AL,ASO,ES,Towers with Radar,11,30,46,28,115,0,0,23,7,30,11,30,69,35,145,36,14,50,195
05/31/2002,MGM,AL,ASO,ES,Towers with Radar,11,36,55,59,161,0,1,60,20,81,11,37,115,79,242,16,16,32,274
06/01/2002,MGM,AL,ASO,ES,Towers with Radar,14,23,24,11,72,0,0,29,11,40,14,23,53,22,112,14,4,18,130
06/02/2002,MGM,AL,ASO,ES,Towers with Radar,11,24,31,13,79,1,0,31,7,39,12,24,62,20,118,4,8,12,130
06/03/2002,MGM,AL,ASO,ES,Towers with Radar,10,31,51,40,132,1,0,55,6,62,11,31,106,46,194,30,148,178,372
06/04/2002,MGM,AL,ASO,ES,Towers with Radar,10,27,56,64,157,1,0,36,5,42,11,27,92,69,199,6,92,98,297
06/05/2002,MGM,AL,ASO,ES,Towers with Radar,10,31,78,39,158,1,0,37,9,47,11,31,115,48,205,2,102,104,309
06/06/2002,MGM,AL,ASO,ES,Towers with Radar,7,29,54,36,126,1,0,19,0,20,8,29,73,36,146,32,10,42,188
06/07/2002,MGM,AL,ASO,ES,Towers with Radar,8,31,49,43,131,1,1,40,14,56,9,32,89,57,187,8,54,62,249
06/08/2002,MGM,AL,ASO,ES,Towers with Radar,10,29,38,20,97,1,0,17,1,19,11,29,55,21,116,0,0,0,116
06/09/2002,MGM,AL,ASO,ES,Towers with Radar,10,27,44,17,98,1,0,27,0,28,11,27,71,17,126,16,22,38,164
06/10/2002,MGM,AL,ASO,ES,Towers with Radar,9,28,47,34,118,2,2,37,21,62,11,30,84,55,180,14,80,94,274
06/11/2002,MGM,AL,ASO,ES,Towers with Radar,10,33,61,64,168,1,0,47,16,64,11,33,108,80,232,12,96,108,340
06/12/2002,MGM,AL,ASO,ES,Towers with Radar,9,29,69,47,154,1,2,50,9,62,10,31,119,56,216,24,40,64,280
06/13/2002,MGM,AL,ASO,ES,Towers with Radar,10,30,55,83,178,1,3,34,11,49,11,33,89,94,227,32,86,118,345
06/14/2002,MGM,AL,ASO,ES,Towers with Radar,11,29,56,41,137,1,0,32,19,52,12,29,88,60,189,26,28,54,243
06/15/2002,MGM,AL,ASO,ES,Towers with Radar,11,26,25,4,66,0,0,50,3,53,11,26,75,7,119,20,0,20,139
06/16/2002,MGM,AL,ASO,ES,Towers with Radar,11,28,40,1,80,0,3,26,0,29,11,31,66,1,109,32,0,32,141
06/17/2002,MGM,AL,ASO,ES,Towers with Radar,11,30,40,39,120,0,1,43,3,47,11,31,83,42,167,14,86,100,267
06/18/2002,MGM,AL,ASO,ES,Towers with Radar,11,30,46,40,127,0,1,29,0,30,11,31,75,40,157,28,66,94,251
06/19/2002,MGM,AL,ASO,ES,Towers with Radar,12,32,65,50,159,0,1,45,8,54,12,33,110,58,213,46,56,102,315
06/20/2002,MGM,AL,ASO,ES,Towers with Radar,11,26,56,69,162,0,5,45,16,66,11,31,101,85,228,30,62,92,320
06/21/2002,MGM,AL,ASO,ES,Towers with Radar,11,28,54,49,142,0,1,35,9,45,11,29,89,58,187,14,68,82,269
06/22/2002,MGM,AL,ASO,ES,Towers with Radar,10,20,32,23,85,0,1,15,2,18,10,21,47,25,103,0,18,18,121
06/23/2002,MGM,AL,ASO,ES,Towers with Radar,9,22,54,22,107,0,1,15,5,21,9,23,69,27,128,14,8,22,150
06/24/2002,MGM,AL,ASO,ES,Towers with Radar,13,29,46,25,113,0,1,34,8,43,13,30,80,33,156,12,58,70,226
06/25/2002,MGM,AL,ASO,ES,Towers with Radar,11,34,71,48,164,0,1,36,4,41,11,35,107,52,205,40,28,68,273
06/26/2002,MGM,AL,ASO,ES,Towers with Radar,10,32,67,44,153,0,0,24,9,33,10,32,91,53,186,26,52,78,264
06/27/2002,MGM,AL,ASO,ES,Towers with Radar,10,29,55,34,128,0,3,20,13,36,10,32,75,47,164,24,34,58,222
06/28/2002,MGM,AL,ASO,ES,Towers with Radar,11,31,59,35,136,0,0,12,11,23,11,31,71,46,159,6,24,30,189
06/29/2002,MGM,AL,ASO,ES,Towers with Radar,11,23,40,5,79,0,0,26,2,28,11,23,66,7,107,28,0,28,135
06/30/2002,MGM,AL,ASO,ES,Towers with Radar,9,26,34,11,80,0,0,22,1,23,9,26,56,12,103,18,2,20,123
07/01/2002,MGM,AL,ASO,ES,Towers with Radar,9,31,60,24,124,0,0,25,2,27,9,31,85,26,151,22,88,110,261
07/02/2002,MGM,AL,ASO,ES,Towers with Radar,9,36,39,48,132,0,0,38,21,59,9,36,77,69,191,20,58,78,269
07/03/2002,MGM,AL,ASO,ES,Towers with Radar,11,30,49,47,137,0,0,34,9,43,11,30,83,56,180,2,84,86,266
07/04/2002,MGM,AL,ASO,ES,Towers with Radar,8,22,21,2,53,0,0,15,0,15,8,22,36,2,68,10,0,10,78
07/05/2002,MGM,AL,ASO,ES,Towers with Radar,5,33,27,1,66,0,0,30,0,30,5,33,57,1,96,26,0,26,122
07/06/2002,MGM,AL,ASO,ES,Towers with Radar,10,22,33,2,67,0,3,15,2,20,10,25,48,4,87,26,0,26,113
07/07/2002,MGM,AL,ASO,ES,Towers with Radar,12,29,61,1,103,0,0,20,0,20,12,29,81,1,123,22,0,22,145
07/08/2002,MGM,AL,ASO,ES,Towers with Radar,11,30,42,52,135,0,0,30,2,32,11,30,72,54,167,30,2,32,199
07/09/2002,MGM,AL,ASO,ES,Towers with Radar,11,32,38,88,169,0,0,47,7,54,11,32,85,95,223,16,150,166,389
07/10/2002,MGM,AL,ASO,ES,Towers with Radar,11,31,56,66,164,0,0,39,20,59,11,31,95,86,223,90,70,160,383
07/11/2002,MGM,AL,ASO,ES,Towers with Radar,11,28,50,48,137,0,0,19,11,30,11,28,69,59,167,14,36,50,217
07/12/2002,MGM,AL,ASO,ES,Towers with Radar,11,29,61,49,150,0,0,19,18,37,11,29,80,67,187,24,42,66,253
07/13/2002,MGM,AL,ASO,ES,Towers with Radar,13,22,44,22,101,0,0,12,5,17,13,22,56,27,118,10,0,10,128
07/14/2002,MGM,AL,ASO,ES,Towers with Radar,11,26,31,18,86,0,0,20,2,22,11,26,51,20,108,0,0,0,108
07/15/2002,MGM,AL,ASO,ES,Towers with Radar,11,26,52,28,117,0,1,26,6,33,11,27,78,34,150,6,76,82,232
07/16/2002,MGM,AL,ASO,ES,Towers with Radar,11,36,44,47,138,0,0,50,8,58,11,36,94,55,196,12,74,86,282
07/17/2002,MGM,AL,ASO,ES,Towers with Radar,15,33,62,63,173,0,0,47,14,61,15,33,109,77,234,28,66,94,328
07/18/2002,MGM,AL,ASO,ES,Towers with Radar,11,30,67,48,156,0,0,49,13,62,11,30,116,61,218,28,100,128,346
07/19/2002,MGM,AL,ASO,ES,Towers with Radar,9,34,89,55,187,0,0,49,42,91,9,34,138,97,278,8,70,78,356
07/20/2002,MGM,AL,ASO,ES,Towers with Radar,13,23,39,10,85,0,0,52,12,64,13,23,91,22,149,24,8,32,181
07/21/2002,MGM,AL,ASO,ES,Towers with Radar,11,27,59,23,120,0,0,25,9,34,11,27,84,32,154,10,34,44,198
07/22/2002,MGM,AL,ASO,ES,Towers with Radar,10,34,53,30,127,0,0,17,10,27,10,34,70,40,154,0,18,18,172
07/23/2002,MGM,AL,ASO,ES,Towers with Radar,17,29,66,40,152,0,0,20,17,37,17,29,86,57,189,8,70,78,267
07/24/2002,MGM,AL,ASO,ES,Towers with Radar,11,30,76,37,154,0,0,18,18,36,11,30,94,55,190,0,30,30,220
07/25/2002,MGM,AL,ASO,ES,Towers with Radar,11,41,60,38,150,0,0,15,11,26,11,41,75,49,176,38,94,132,308
07/26/2002,MGM,AL,ASO,ES,Towers with Radar,11,35,90,35,171,0,0,20,15,35,11,35,110,50,206,6,10,16,222
07/27/2002,MGM,AL,ASO,ES,Towers with Radar,12,27,26,4,69,0,0,27,5,32,12,27,53,9,101,6,0,6,107
07/28/2002,MGM,AL,ASO,ES,Towers with Radar,9,27,31,3,70,0,0,26,13,39,9,27,57,16,109,14,28,42,151
07/29/2002,MGM,AL,ASO,ES,Towers with Radar,12,31,47,43,133,0,0,26,8,34,12,31,73,51,167,26,52,78,245
07/30/2002,MGM,AL,ASO,ES,Towers with Radar,10,29,50,35,124,0,1,23,15,39,10,30,73,50,163,38,42,80,243
07/31/2002,MGM,AL,ASO,ES,Towers with Radar,11,31,45,49,136,0,0,23,11,34,11,31,68,60,170,78,78,156,326
08/01/2002,MGM,AL,ASO,ES,Towers with Radar,10,31,46,52,139,1,0,25,7,33,11,31,71,59,172,20,36,56,228
08/02/2002,MGM,AL,ASO,ES,Towers with Radar,11,34,50,57,152,0,0,50,13,63,11,34,100,70,215,50,106,156,371
08/03/2002,MGM,AL,ASO,ES,Towers with Radar,8,24,36,16,84,5,0,23,0,28,13,24,59,16,112,4,6,10,122
08/04/2002,MGM,AL,ASO,ES,Towers with Radar,11,24,31,6,72,1,0,32,6,39,12,24,63,12,111,16,0,16,127
08/05/2002,MGM,AL,ASO,ES,Towers with Radar,10,31,30,11,82,0,0,34,3,37,10,31,64,14,119,30,68,98,217
08/06/2002,MGM,AL,ASO,ES,Towers with Radar,10,36,39,46,131,0,0,35,5,40,10,36,74,51,171,6,58,64,235
08/07/2002,MGM,AL,ASO,ES,Towers with Radar,9,31,67,33,140,0,0,48,8,56,9,31,115,41,196,18,54,72,268
08/08/2002,MGM,AL,ASO,ES,Towers with Radar,11,32,48,38,129,0,0,42,2,44,11,32,90,40,173,42,68,110,283
08/09/2002,MGM,AL,ASO,ES,Towers with Radar,11,33,52,59,155,0,1,49,13,63,11,34,101,72,218,28,38,66,284
08/10/2002,MGM,AL,ASO,ES,Towers with Radar,12,25,26,17,80,1,0,47,5,53,13,25,73,22,133,32,28,60,193
08/11/2002,MGM,AL,ASO,ES,Towers with Radar,11,27,41,21,100,0,0,32,10,42,11,27,73,31,142,14,62,76,218
08/12/2002,MGM,AL,ASO,ES,Towers with Radar,11,33,47,24,115,0,2,50,7,59,11,35,97,31,174,8,116,124,298
08/13/2002,MGM,AL,ASO,ES,Towers with Radar,11,34,51,75,171,0,2,45,14,61,11,36,96,89,232,4,132,136,368
08/14/2002,MGM,AL,ASO,ES,Towers with Radar,11,30,50,45,136,0,1,23,13,37,11,31,73,58,173,18,82,100,273
08/15/2002,MGM,AL,ASO,ES,Towers with Radar,13,28,56,57,154,0,1,33,9,43,13,29,89,66,197,30,94,124,321
08/16/2002,MGM,AL,ASO,ES,Towers with Radar,11,29,51,58,149,0,1,35,19,55,11,30,86,77,204,28,144,172,376
08/17/2002,MGM,AL,ASO,ES,Towers with Radar,10,23,15,23,71,0,0,26,9,35,10,23,41,32,106,8,4,12,118
08/18/2002,MGM,AL,ASO,ES,Towers with Radar,10,28,33,6,77,0,1,23,1,25,10,29,56,7,102,8,0,8,110
08/19/2002,MGM,AL,ASO,ES,Towers with Radar,17,24,50,3,94,0,1,4,4,9,17,25,54,7,103,34,12,46,149
08/20/2002,MGM,AL,ASO,ES,Towers with Radar,12,29,40,15,96,0,1,33,10,44,12,30,73,25,140,4,14,18,158
08/21/2002,MGM,AL,ASO,ES,Towers with Radar,9,33,70,30,142,0,1,36,7,44,9,34,106,37,186,38,112,150,336
08/22/2002,MGM,AL,ASO,ES,Towers with Radar,14,33,54,32,133,0,0,36,3,39,14,33,90,35,172,78,36,114,286
08/23/2002,MGM,AL,ASO,ES,Towers with Radar,12,32,65,44,153,0,1,34,7,42,12,33,99,51,195,8,112,120,315
08/24/2002,MGM,AL,ASO,ES,Towers with Radar,9,21,21,17,68,0,1,35,3,39,9,22,56,20,107,44,20,64,171
08/25/2002,MGM,AL,ASO,ES,Towers with Radar,12,25,20,16,73,0,0,22,5,27,12,25,42,21,100,38,0,38,138
08/26/2002,MGM,AL,ASO,ES,Towers with Radar,11,30,47,22,110,0,0,40,5,45,11,30,87,27,155,22,2,24,179
08/27/2002,MGM,AL,ASO,ES,Towers with Radar,11,40,63,43,157,0,2,26,11,39,11,42,89,54,196,12,16,28,224
08/28/2002,MGM,AL,ASO,ES,Towers with Radar,9,32,52,43,136,0,0,28,11,39,9,32,80,54,175,44,6,50,225
08/29/2002,MGM,AL,ASO,ES,Towers with Radar,12,33,59,74,178,0,0,21,10,31,12,33,80,84,209,8,28,36,245
08/30/2002,MGM,AL,ASO,ES,Towers with Radar,12,33,58,24,127,0,0,28,5,33,12,33,86,29,160,28,32,60,220
08/31/2002,MGM,AL,ASO,ES,Towers with Radar,12,30,33,0,75,0,0,22,1,23,12,30,55,1,98,8,0,8,106
09/01/2002,MGM,AL,ASO,ES,Towers with Radar,4,24,22,0,50,1,0,9,0,10,5,24,31,0,60,0,0,0,60
09/02/2002,MGM,AL,ASO,ES,Towers with Radar,5,33,33,8,79,0,0,14,1,15,5,33,47,9,94,2,0,2,96
09/03/2002,MGM,AL,ASO,ES,Towers with Radar,6,36,33,49,124,0,1,36,10,47,6,37,69,59,171,12,0,12,183
09/04/2002,MGM,AL,ASO,ES,Towers with Radar,5,40,57,39,141,0,9,36,20,65,5,49,93,59,206,4,62,66,272
09/05/2002,MGM,AL,ASO,ES,Towers with Radar,5,34,50,55,144,0,0,51,10,61,5,34,101,65,205,50,28,78,283
09/06/2002,MGM,AL,ASO,ES,Towers with Radar,6,36,54,65,161,0,0,44,8,52,6,36,98,73,213,10,90,100,313
09/07/2002,MGM,AL,ASO,ES,Towers with Radar,5,27,26,47,105,0,0,36,13,49,5,27,62,60,154,24,18,42,196
09/08/2002,MGM,AL,ASO,ES,Towers with Radar,5,29,58,42,134,0,0,31,11,42,5,29,89,53,176,56,26,82,258
09/09/2002,MGM,AL,ASO,ES,Towers with Radar,5,33,47,59,144,0,0,40,1,41,5,33,87,60,185,38,46,84,269
09/10/2002,MGM,AL,ASO,ES,Towers with Radar,7,28,58,32,125,0,0,40,2,42,7,28,98,34,167,22,2,24,191
09/11/2002,MGM,AL,ASO,ES,Towers with Radar,5,37,60,42,144,0,2,51,5,58,5,39,111,47,202,14,54,68,270
09/12/2002,MGM,AL,ASO,ES,Towers with Radar,5,31,75,29,140,0,0,44,2,46,5,31,119,31,186,24,18,42,228
09/13/2002,MGM,AL,ASO,ES,Towers with Radar,5,34,46,21,106,0,0,7,2,9,5,34,53,23,115,8,4,12,127
09/14/2002,MGM,AL,ASO,ES,Towers with Radar,5,30,18,8,61,0,0,9,13,22,5,30,27,21,83,6,0,6,89
09/15/2002,MGM,AL,ASO,ES,Towers with Radar,5,30,51,10,96,0,0,13,4,17,5,30,64,14,113,44,0,44,157
09/16/2002,MGM,AL,ASO,ES,Towers with Radar,5,30,64,25,124,0,0,43,7,50,5,30,107,32,174,4,76,80,254
09/17/2002,MGM,AL,ASO,ES,Towers with Radar,5,31,55,42,133,0,0,23,8,31,5,31,78,50,164,12,74,86,250
09/18/2002,MGM,AL,ASO,ES,Towers with Radar,8,34,60,45,147,0,0,29,10,39,8,34,89,55,186,14,100,114,300
09/19/2002,MGM,AL,ASO,ES,Towers with Radar,5,34,81,49,169,0,0,29,3,32,5,34,110,52,201,22,36,58,259
09/20/2002,MGM,AL,ASO,ES,Towers with Radar,6,35,56,113,210,0,1,25,9,35,6,36,81,122,245,6,78,84,329
09/21/2002,MGM,AL,ASO,ES,Towers with Radar,10,29,33,5,77,0,1,19,4,24,10,30,52,9,101,16,0,16,117
09/22/2002,MGM,AL,ASO,ES,Towers with Radar,6,25,26,2,59,0,0,15,2,17,6,25,41,4,76,8,0,8,84
09/24/2002,MGM,AL,ASO,ES,Towers with Radar,5,38,71,49,163,0,0,8,6,14,5,38,79,55,177,32,66,98,275
09/25/2002,MGM,AL,ASO,ES,Towers with Radar,4,32,23,7,66,0,0,0,0,0,4,32,23,7,66,0,0,0,66
09/26/2002,MGM,AL,ASO,ES,Towers with Radar,5,33,14,2,54,0,0,0,0,0,5,33,14,2,54,0,0,0,54
09/27/2002,MGM,AL,ASO,ES,Towers with Radar,7,39,54,42,142,0,0,12,3,15,7,39,66,45,157,6,90,96,253
09/28/2002,MGM,AL,ASO,ES,Towers with Radar,5,30,24,6,65,0,0,54,2,56,5,30,78,8,121,30,24,54,175
09/29/2002,MGM,AL,ASO,ES,Towers with Radar,5,28,76,4,113,0,0,35,0,35,5,28,111,4,148,47,0,47,195
09/30/2002,MGM,AL,ASO,ES,Towers with Radar,5,33,54,18,110,0,0,17,4,21,5,33,71,22,131,20,22,42,173
10/01/2002,MGM,AL,ASO,ES,Towers with Radar,5,34,42,48,129,0,0,27,1,28,5,34,69,49,157,36,32,68,225
10/02/2002,MGM,AL,ASO,ES,Towers with Radar,6,34,51,45,136,0,0,53,6,59,6,34,104,51,195,42,38,80,275
10/03/2002,MGM,AL,ASO,ES,Towers with Radar,5,39,55,77,176,0,0,35,5,40,5,39,90,82,216,14,115,129,345
10/04/2002,MGM,AL,ASO,ES,Towers with Radar,4,33,49,42,128,0,1,16,10,27,4,34,65,52,155,2,36,38,193
10/05/2002,MGM,AL,ASO,ES,Towers with Radar,5,29,30,43,107,0,0,32,10,42,5,29,62,53,149,52,30,82,231
10/06/2002,MGM,AL,ASO,ES,Towers with Radar,5,30,39,35,109,0,0,24,0,24,5,30,63,35,133,14,12,26,159
10/07/2002,MGM,AL,ASO,ES,Towers with Radar,5,31,32,32,100,0,1,18,1,20,5,32,50,33,120,18,56,74,194
10/08/2002,MGM,AL,ASO,ES,Towers with Radar,5,34,49,53,141,0,0,29,8,37,5,34,78,61,178,38,94,132,310
10/09/2002,MGM,AL,ASO,ES,Towers with Radar,6,34,61,107,208,0,0,6,13,19,6,34,67,120,227,32,112,144,371
10/10/2002,MGM,AL,ASO,ES,Towers with Radar,5,35,45,59,144,0,0,1,6,7,5,35,46,65,151,0,16,16,167
10/11/2002,MGM,AL,ASO,ES,Towers with Radar,6,32,57,26,121,0,1,11,2,14,6,33,68,28,135,24,32,56,191
10/12/2002,MGM,AL,ASO,ES,Towers with Radar,5,27,27,0,59,0,0,13,0,13,5,27,40,0,72,46,0,46,118
10/13/2002,MGM,AL,ASO,ES,Towers with Radar,5,30,27,4,66,0,0,26,0,26,5,30,53,4,92,24,0,24,116
10/14/2002,MGM,AL,ASO,ES,Towers with Radar,6,34,62,8,110,0,0,8,0,8,6,34,70,8,118,0,0,0,118
10/15/2002,MGM,AL,ASO,ES,Towers with Radar,4,34,34,31,103,0,0,2,0,2,4,34,36,31,105,0,0,0,105
10/16/2002,MGM,AL,ASO,ES,Towers with Radar,3,30,81,45,159,0,0,54,12,66,3,30,135,57,225,32,80,112,337
10/17/2002,MGM,AL,ASO,ES,Towers with Radar,5,40,51,64,160,0,0,62,8,70,5,40,113,72,230,46,60,106,336
10/18/2002,MGM,AL,ASO,ES,Towers with Radar,9,34,60,37,140,0,2,54,2,58,9,36,114,39,198,42,38,80,278
10/19/2002,MGM,AL,ASO,ES,Towers with Radar,6,29,37,18,90,0,0,48,7,55,6,29,85,25,145,24,2,26,171
10/20/2002,MGM,AL,ASO,ES,Towers with Radar,4,28,41,21,94,0,0,5,2,7,4,28,46,23,101,8,24,32,133
10/21/2002,MGM,AL,ASO,ES,Towers with Radar,5,32,42,60,139,0,0,14,3,17,5,32,56,63,156,56,8,64,220
10/22/2002,MGM,AL,ASO,ES,Towers with Radar,6,33,43,87,169,0,0,42,9,51,6,33,85,96,220,16,76,92,312
10/23/2002,MGM,AL,ASO,ES,Towers with Radar,6,37,69,44,156,0,0,2,0,2,6,37,71,44,158,0,0,0,158
10/24/2002,MGM,AL,ASO,ES,Towers with Radar,5,37,52,45,139,0,0,0,4,4,5,37,52,49,143,0,0,0,143
10/25/2002,MGM,AL,ASO,ES,Towers with Radar,6,36,89,90,221,0,0,1,0,1,6,36,90,90,222,0,0,0,222
10/26/2002,MGM,AL,ASO,ES,Towers with Radar,5,31,33,9,78,0,0,0,0,0,5,31,33,9,78,0,0,0,78
10/27/2002,MGM,AL,ASO,ES,Towers with Radar,6,31,36,14,87,0,0,1,0,1,6,31,37,14,88,0,0,0,88
10/28/2002,MGM,AL,ASO,ES,Towers with Radar,6,33,52,20,111,0,0,11,2,13,6,33,63,22,124,16,34,50,174
10/29/2002,MGM,AL,ASO,ES,Towers with Radar,5,34,54,33,126,0,0,2,0,2,5,34,56,33,128,18,0,18,146
10/30/2002,MGM,AL,ASO,ES,Towers with Radar,6,36,45,85,172,0,0,29,12,41,6,36,74,97,213,38,82,120,333
10/31/2002,MGM,AL,ASO,ES,Towers with Radar,5,34,57,59,155,0,0,29,15,44,5,34,86,74,199,16,114,130,329
11/01/2002,MGM,AL,ASO,ES,Towers with Radar,11,26,81,76,194,0,0,51,13,64,11,26,132,89,258,24,70,94,352
11/02/2002,MGM,AL,ASO,ES,Towers with Radar,11,25,52,38,126,0,0,40,8,48,11,25,92,46,174,26,46,72,246
11/03/2002,MGM,AL,ASO,ES,Towers with Radar,7,27,27,23,84,0,0,14,5,19,7,27,41,28,103,20,14,34,137
11/04/2002,MGM,AL,ASO,ES,Towers with Radar,9,27,50,24,110,0,0,3,1,4,9,27,53,25,114,2,42,44,158
11/05/2002,MGM,AL,ASO,ES,Towers with Radar,7,33,19,2,61,0,0,2,1,3,7,33,21,3,64,0,0,0,64
11/06/2002,MGM,AL,ASO,ES,Towers with Radar,5,30,65,40,140,0,0,29,21,50,5,30,94,61,190,16,82,98,288
11/07/2002,MGM,AL,ASO,ES,Towers with Radar,8,30,71,36,145,0,0,73,9,82,8,30,144,45,227,66,64,130,357
11/08/2002,MGM,AL,ASO,ES,Towers with Radar,8,36,54,22,120,0,0,72,2,74,8,36,126,24,194,50,56,106,300
11/09/2002,MGM,AL,ASO,ES,Towers with Radar,6,30,32,27,95,1,1,0,0,2,7,31,32,27,97,18,34,52,149
11/10/2002,MGM,AL,ASO,ES,Towers with Radar,7,25,43,5,80,0,0,13,0,13,7,25,56,5,93,36,0,36,129
11/11/2002,MGM,AL,ASO,ES,Towers with Radar,7,36,34,3,80,0,0,13,2,15,7,36,47,5,95,4,0,4,99
11/12/2002,MGM,AL,ASO,ES,Towers with Radar,7,31,54,66,158,0,0,16,5,21,7,31,70,71,179,30,14,44,223
11/13/2002,MGM,AL,ASO,ES,Towers with Radar,9,30,50,57,146,0,0,62,11,73,9,30,112,68,219,38,114,152,371
11/14/2002,MGM,AL,ASO,ES,Towers with Radar,8,34,62,53,157,0,0,40,5,45,8,34,102,58,202,6,44,50,252
11/15/2002,MGM,AL,ASO,ES,Towers with Radar,4,35,53,63,155,0,0,23,14,37,4,35,76,77,192,18,42,60,252
11/16/2002,MGM,AL,ASO,ES,Towers with Radar,5,29,24,14,72,0,0,5,9,14,5,29,29,23,86,0,10,10,96
11/17/2002,MGM,AL,ASO,ES,Towers with Radar,3,30,37,16,86,0,0,29,8,37,3,30,66,24,123,12,0,12,135
11/18/2002,MGM,AL,ASO,ES,Towers with Radar,6,34,44,32,116,0,1,37,5,43,6,35,81,37,159,34,62,96,255
11/19/2002,MGM,AL,ASO,ES,Towers with Radar,8,31,63,61,163,0,0,19,5,24,8,31,82,66,187,59,48,107,294
11/20/2002,MGM,AL,ASO,ES,Towers with Radar,4,34,57,51,146,0,0,9,10,19,4,34,66,61,165,16,34,50,215
11/21/2002,MGM,AL,ASO,ES,Towers with Radar,5,37,72,62,176,0,1,39,6,46,5,38,111,68,222,18,88,106,328
11/22/2002,MGM,AL,ASO,ES,Towers with Radar,6,32,56,89,183,0,0,63,10,73,6,32,119,99,256,38,40,78,334
11/23/2002,MGM,AL,ASO,ES,Towers with Radar,8,30,41,0,79,0,0,34,2,36,8,30,75,2,115,28,0,28,143
11/24/2002,MGM,AL,ASO,ES,Towers with Radar,5,26,24,2,57,0,4,50,1,55,5,30,74,3,112,38,0,38,150
11/25/2002,MGM,AL,ASO,ES,Towers with Radar,9,30,72,23,134,0,1,39,5,45,9,31,111,28,179,12,32,44,223
11/26/2002,MGM,AL,ASO,ES,Towers with Radar,8,30,52,57,147,0,0,32,9,41,8,30,84,66,188,24,176,200,388
11/27/2002,MGM,AL,ASO,ES,Towers with Radar,8,31,57,14,110,0,0,41,1,42,8,31,98,15,152,38,64,102,254
11/28/2002,MGM,AL,ASO,ES,Towers with Radar,6,23,22,0,51,0,0,15,0,15,6,23,37,0,66,0,0,0,66
11/29/2002,MGM,AL,ASO,ES,Towers with Radar,3,18,28,3,52,2,9,1,0,12,5,27,29,3,64,0,0,0,64
11/30/2002,MGM,AL,ASO,ES,Towers with Radar,5,32,12,0,49,0,0,15,0,15,5,32,27,0,64,28,0,28,92
12/01/2002,MGM,AL,ASO,ES,Towers with Radar,9,30,53,0,92,0,0,64,0,64,9,30,117,0,156,14,0,14,170
12/02/2002,MGM,AL,ASO,ES,Towers with Radar,9,28,32,42,111,0,0,32,7,39,9,28,64,49,150,20,112,132,282
12/03/2002,MGM,AL,ASO,ES,Towers with Radar,9,27,52,61,149,0,0,35,13,48,9,27,87,74,197,44,130,174,371
12/04/2002,MGM,AL,ASO,ES,Towers with Radar,11,23,56,100,190,0,0,12,9,21,11,23,68,109,211,28,36,64,275
12/05/2002,MGM,AL,ASO,ES,Towers with Radar,8,26,55,25,114,0,0,0,3,3,8,26,55,28,117,2,0,2,119
12/06/2002,MGM,AL,ASO,ES,Towers with Radar,8,36,82,58,184,0,0,56,25,81,8,36,138,83,265,8,26,34,299
12/07/2002,MGM,AL,ASO,ES,Towers with Radar,10,24,40,42,116,0,0,45,6,51,10,24,85,48,167,6,12,18,185
12/08/2002,MGM,AL,ASO,ES,Towers with Radar,8,26,31,10,75,0,1,52,8,61,8,27,83,18,136,22,4,26,162
12/09/2002,MGM,AL,ASO,ES,Towers with Radar,11,26,62,46,145,0,0,20,2,22,11,26,82,48,167,22,128,150,317
12/10/2002,MGM,AL,ASO,ES,Towers with Radar,7,35,38,25,105,0,0,6,10,16,7,35,44,35,121,0,4,4,125
12/11/2002,MGM,AL,ASO,ES,Towers with Radar,9,30,68,51,158,0,0,10,14,24,9,30,78,65,182,16,0,16,198
12/12/2002,MGM,AL,ASO,ES,Towers with Radar,8,33,70,68,179,0,0,10,11,21,8,33,80,79,200,0,14,14,214
12/13/2002,MGM,AL,ASO,ES,Towers with Radar,10,33,58,28,129,0,0,4,6,10,10,33,62,34,139,2,4,6,145
12/14/2002,MGM,AL,ASO,ES,Towers with Radar,10,26,20,21,77,0,0,8,8,16,10,26,28,29,93,0,16,16,109
12/15/2002,MGM,AL,ASO,ES,Towers with Radar,8,26,58,2,94,0,0,43,4,47,8,26,101,6,141,18,0,18,159
12/16/2002,MGM,AL,ASO,ES,Towers with Radar,9,28,29,38,104,0,0,112,11,123,9,28,141,49,227,12,66,78,305
12/17/2002,MGM,AL,ASO,ES,Towers with Radar,8,34,72,64,178,0,0,46,10,56,8,34,118,74,234,40,122,162,396
12/18/2002,MGM,AL,ASO,ES,Towers with Radar,8,29,62,67,166,0,0,34,16,50,8,29,96,83,216,18,8,26,242
12/19/2002,MGM,AL,ASO,ES,Towers with Radar,10,35,43,34,122,0,0,4,2,6,10,35,47,36,128,6,2,8,136
12/20/2002,MGM,AL,ASO,ES,Towers with Radar,9,35,57,33,134,0,0,29,2,31,9,35,86,35,165,8,48,56,221
12/21/2002,MGM,AL,ASO,ES,Towers with Radar,8,28,28,11,75,0,0,44,3,47,8,28,72,14,122,10,38,48,170
12/22/2002,MGM,AL,ASO,ES,Towers with Radar,8,25,25,7,65,0,0,20,1,21,8,25,45,8,86,6,22,28,114
12/23/2002,MGM,AL,ASO,ES,Towers with Radar,9,26,36,29,100,0,0,29,3,32,9,26,65,32,132,4,28,32,164
12/24/2002,MGM,AL,ASO,ES,Towers with Radar,10,29,8,2,49,0,0,0,1,1,10,29,8,3,50,0,0,0,50
12/25/2002,MGM,AL,ASO,ES,Towers with Radar,2,10,15,0,27,3,14,12,0,29,5,24,27,0,56,0,0,0,56
12/26/2002,MGM,AL,ASO,ES,Towers with Radar,5,27,36,12,80,0,0,15,4,19,5,27,51,16,99,24,14,38,137
12/27/2002,MGM,AL,ASO,ES,Towers with Radar,6,32,40,4,82,0,1,42,1,44,6,33,82,5,126,2,0,2,128
12/28/2002,MGM,AL,ASO,ES,Towers with Radar,9,26,37,0,72,0,2,36,0,38,9,28,73,0,110,18,0,18,128
12/29/2002,MGM,AL,ASO,ES,Towers with Radar,12,23,29,0,64,0,0,38,0,38,12,23,67,0,102,2,0,2,104
12/30/2002,MGM,AL,ASO,ES,Towers with Radar,8,26,36,16,86,0,0,17,3,20,8,26,53,19,106,24,8,32,138
12/31/2002,MGM,AL,ASO,ES,Towers with Radar,9,28,10,0,47,0,0,0,0,0,9,28,10,0,47,0,0,0,47
01/01/2003,MGM,AL,ASO,ES,Towers with Radar,4,26,29,0,59,1,0,1,0,2,5,26,30,0,61,0,0,0,61
01/02/2003,MGM,AL,ASO,ES,Towers with Radar,4,33,45,32,114,0,0,9,0,9,4,33,54,32,123,18,32,50,173
01/03/2003,MGM,AL,ASO,ES,Towers with Radar,7,32,28,45,112,0,0,24,3,27,7,32,52,48,139,6,96,102,241
01/04/2003,MGM,AL,ASO,ES,Towers with Radar,7,28,34,14,83,0,0,55,0,55,7,28,89,14,138,22,4,26,164
01/05/2003,MGM,AL,ASO,ES,Towers with Radar,6,25,54,2,87,1,3,41,0,45,7,28,95,2,132,12,0,12,144
01/06/2003,MGM,AL,ASO,ES,Towers with Radar,9,25,27,31,92,0,1,25,0,26,9,26,52,31,118,10,142,152,270
01/07/2003,MGM,AL,ASO,ES,Towers with Radar,7,27,43,28,105,0,1,52,18,71,7,28,95,46,176,8,52,60,236
01/08/2003,MGM,AL,ASO,ES,Towers with Radar,7,28,60,59,154,0,0,58,12,70,7,28,118,71,224,18,86,104,328
01/09/2003,MGM,AL,ASO,ES,Towers with Radar,7,29,52,61,149,0,0,36,10,46,7,29,88,71,195,4,106,110,305
01/10/2003,MGM,AL,ASO,ES,Towers with Radar,11,25,45,40,121,0,0,48,14,62,11,25,93,54,183,8,22,30,213
01/11/2003,MGM,AL,ASO,ES,Towers with Radar,9,23,34,25,91,0,0,44,4,48,9,23,78,29,139,2,32,34,173
01/12/2003,MGM,AL,ASO,ES,Towers with Radar,8,22,36,11,77,0,0,28,6,34,8,22,64,17,111,2,64,66,177
01/13/2003,MGM,AL,ASO,ES,Towers with Radar,9,27,46,23,105,0,1,31,0,32,9,28,77,23,137,10,98,108,245
01/14/2003,MGM,AL,ASO,ES,Towers with Radar,9,29,45,43,126,0,0,29,13,42,9,29,74,56,168,28,108,136,304
01/15/2003,MGM,AL,ASO,ES,Towers with Radar,8,30,59,47,144,0,0,41,5,46,8,30,100,52,190,4,56,60,250
01/16/2003,MGM,AL,ASO,ES,Towers with Radar,7,28,45,37,117,0,1,5,15,21,7,29,50,52,138,26,40,66,204
01/17/2003,MGM,AL,ASO,ES,Towers with Radar,8,30,51,32,121,0,0,15,6,21,8,30,66,38,142,24,56,80,222
01/18/2003,MGM,AL,ASO,ES,Towers with Radar,9,21,33,2,65,0,2,26,0,28,9,23,59,2,93,10,0,10,103
01/19/2003,MGM,AL,ASO,ES,Towers with Radar,9,24,43,0,76,0,0,47,2,49,9,24,90,2,125,6,0,6,131
01/20/2003,MGM,AL,ASO,ES,Towers with Radar,9,29,37,10,85,0,2,44,2,48,9,31,81,12,133,58,18,76,209
01/21/2003,MGM,AL,ASO,ES,Towers with Radar,8,26,51,49,134,0,0,33,10,43,8,26,84,59,177,90,104,194,371
01/22/2003,MGM,AL,ASO,ES,Towers with Radar,9,29,42,76,156,0,0,12,11,23,9,29,54,87,179,64,76,140,319
01/23/2003,MGM,AL,ASO,ES,Towers with Radar,10,27,46,72,155,0,1,47,17,65,10,28,93,89,220,48,72,120,340
01/24/2003,MGM,AL,ASO,ES,Towers with Radar,8,27,46,38,119,0,0,32,13,45,8,27,78,51,164,60,108,168,332
01/25/2003,MGM,AL,ASO,ES,Towers with Radar,9,26,26,12,73,0,2,42,9,53,9,28,68,21,126,2,0,2,128
01/26/2003,MGM,AL,ASO,ES,Towers with Radar,8,22,26,11,67,0,0,20,6,26,8,22,46,17,93,18,0,18,111
01/27/2003,MGM,AL,ASO,ES,Towers with Radar,9,25,47,31,112,0,0,28,4,32,9,25,75,35,144,0,78,78,222
01/28/2003,MGM,AL,ASO,ES,Towers with Radar,10,25,63,88,186,0,0,51,7,58,10,25,114,95,244,48,142,190,434
01/29/2003,MGM,AL,ASO,ES,Towers with Radar,9,26,48,60,143,0,0,8,3,11,9,26,56,63,154,10,138,148,302
01/30/2003,MGM,AL,ASO,ES,Towers with Radar,6,30,42,56,134,0,0,4,2,6,6,30,46,58,140,0,18,18,158
01/31/2003,MGM,AL,ASO,ES,Towers with Radar,10,28,56,62,156,0,0,43,15,58,10,28,99,77,214,6,172,178,392
02/01/2003,MGM,AL,ASO,ES,Towers with Radar,5,20,34,10,69,4,1,44,0,49,9,21,78,10,118,22,10,32,150
02/02/2003,MGM,AL,ASO,ES,Towers with Radar,8,24,44,3,79,0,0,54,8,62,8,24,98,11,141,0,0,0,141
02/03/2003,MGM,AL,ASO,ES,Towers with Radar,9,30,41,48,128,0,0,10,5,15,9,30,51,53,143,2,52,54,197
02/04/2003,MGM,AL,ASO,ES,Towers with Radar,7,26,40,24,97,2,6,24,0,32,9,32,64,24,129,6,42,48,177
02/05/2003,MGM,AL,ASO,ES,Towers with Radar,8,29,55,59,151,0,0,38,18,56,8,29,93,77,207,26,74,100,307
02/06/2003,MGM,AL,ASO,ES,Towers with Radar,12,23,41,45,121,0,0,3,4,7,12,23,44,49,128,16,4,20,148
02/07/2003,MGM,AL,ASO,ES,Towers with Radar,8,29,58,38,133,0,0,8,9,17,8,29,66,47,150,29,81,110,260
02/08/2003,MGM,AL,ASO,ES,Towers with Radar,8,29,26,15,78,0,0,30,4,34,8,29,56,19,112,6,2,8,120
02/10/2003,MGM,AL,ASO,ES,Towers with Radar,9,27,58,18,112,0,0,20,6,26,9,27,78,24,138,7,30,37,175
02/11/2003,MGM,AL,ASO,ES,Towers with Radar,9,35,61,26,131,0,0,49,3,52,9,35,110,29,183,2,36,38,221
02/12/2003,MGM,AL,ASO,ES,Towers with Radar,9,28,59,38,134,0,0,42,17,59,9,28,101,55,193,8,8,16,209
02/13/2003,MGM,AL,ASO,ES,Towers with Radar,9,29,64,31,133,0,0,56,10,66,9,29,120,41,199,22,58,80,279
02/14/2003,MGM,AL,ASO,ES,Towers with Radar,8,30,71,48,157,0,0,13,6,19,8,30,84,54,176,14,102,116,292
02/15/2003,MGM,AL,ASO,ES,Towers with Radar,9,33,17,3,62,0,0,6,4,10,9,33,23,7,72,4,0,4,76
02/16/2003,MGM,AL,ASO,ES,Towers with Radar,8,20,34,0,62,0,0,3,2,5,8,20,37,2,67,0,0,0,67
02/17/2003,MGM,AL,ASO,ES,Towers with Radar,7,30,57,0,94,0,0,7,0,7,7,30,64,0,101,2,0,2,103
02/18/2003,MGM,AL,ASO,ES,Towers with Radar,9,31,81,24,145,0,0,26,7,33,9,31,107,31,178,28,0,28,206
02/19/2003,MGM,AL,ASO,ES,Towers with Radar,9,28,60,59,156,0,0,39,11,50,9,28,99,70,206,2,86,88,294
02/20/2003,MGM,AL,ASO,ES,Towers with Radar,8,30,63,112,213,0,0,51,9,60,8,30,114,121,273,40,92,132,405
02/21/2003,MGM,AL,ASO,ES,Towers with Radar,11,28,31,14,84,0,0,3,3,6,11,28,34,17,90,0,0,0,90
02/22/2003,MGM,AL,ASO,ES,Towers with Radar,13,20,12,15,60,0,0,6,12,18,13,20,18,27,78,12,0,12,90
02/23/2003,MGM,AL,ASO,ES,Towers with Radar,9,23,25,13,70,0,0,52,7,59,9,23,77,20,129,12,2,14,143
02/24/2003,MGM,AL,ASO,ES,Towers with Radar,7,25,43,24,99,2,0,24,0,26,9,25,67,24,125,68,76,144,269
02/25/2003,MGM,AL,ASO,ES,Towers with Radar,8,24,48,58,138,0,0,36,4,40,8,24,84,62,178,69,90,159,337
02/26/2003,MGM,AL,ASO,ES,Towers with Radar,8,31,72,79,190,0,0,8,5,13,8,31,80,84,203,14,88,102,305
02/27/2003,MGM,AL,ASO,ES,Towers with Radar,9,36,45,26,116,0,0,1,2,3,9,36,46,28,119,0,0,0,119
02/28/2003,MGM,AL,ASO,ES,Towers with Radar,8,30,87,124,249,0,0,14,8,22,8,30,101,132,271,46,18,64,335
03/01/2003,MGM,AL,ASO,ES,Towers with Radar,7,23,45,13,88,1,0,0,0,1,8,23,45,13,89,0,0,0,89
03/02/2003,MGM,AL,ASO,ES,Towers with Radar,6,27,40,2,75,0,0,4,1,5,6,27,44,3,80,34,0,34,114
03/03/2003,MGM,AL,ASO,ES,Towers with Radar,12,25,65,35,137,0,0,23,2,25,12,25,88,37,162,34,46,80,242
03/04/2003,MGM,AL,ASO,ES,Towers with Radar,9,27,41,21,98,5,0,0,3,8,14,27,41,24,106,10,20,30,136
03/05/2003,MGM,AL,ASO,ES,Towers with Radar,9,30,52,41,132,0,0,5,5,10,9,30,57,46,142,2,12,14,156
03/06/2003,MGM,AL,ASO,ES,Towers with Radar,6,29,61,5,101,0,0,6,4,10,6,29,67,9,111,0,0,0,111
03/07/2003,MGM,AL,ASO,ES,Towers with Radar,12,29,66,49,156,0,0,37,12,49,12,29,103,61,205,50,56,106,311
03/08/2003,MGM,AL,ASO,ES,Towers with Radar,7,22,48,13,90,0,0,30,0,30,7,22,78,13,120,18,0,18,138
03/09/2003,MGM,AL,ASO,ES,Towers with Radar,13,26,37,9,85,0,1,31,3,35,13,27,68,12,120,38,0,38,158
03/10/2003,MGM,AL,ASO,ES,Towers with Radar,9,26,47,26,108,0,1,32,10,43,9,27,79,36,151,59,15,74,225
03/11/2003,MGM,AL,ASO,ES,Towers with Radar,9,29,50,16,104,0,6,82,0,88,9,35,132,16,192,42,36,78,270
03/12/2003,MGM,AL,ASO,ES,Towers with Radar,11,33,63,34,141,0,0,32,10,42,11,33,95,44,183,24,98,122,305
03/13/2003,MGM,AL,ASO,ES,Towers with Radar,9,27,55,21,112,0,0,10,2,12,9,27,65,23,124,6,2,8,132
03/14/2003,MGM,AL,ASO,ES,Towers with Radar,8,33,56,23,120,0,1,24,1,26,8,34,80,24,146,42,42,84,230
03/15/2003,MGM,AL,ASO,ES,Towers with Radar,9,25,32,0,66,0,0,2,4,6,9,25,34,4,72,0,8,8,80
03/16/2003,MGM,AL,ASO,ES,Towers with Radar,7,27,55,19,108,0,0,8,3,11,7,27,63,22,119,18,0,18,137
03/17/2003,MGM,AL,ASO,ES,Towers with Radar,6,21,28,15,70,3,8,0,0,11,9,29,28,15,81,0,0,0,81
03/18/2003,MGM,AL,ASO,ES,Towers with Radar,9,28,51,43,131,0,0,9,5,14,9,28,60,48,145,56,74,130,275
03/19/2003,MGM,AL,ASO,ES,Towers with Radar,8,22,54,23,107,0,0,18,11,29,8,22,72,34,136,29,15,44,180
03/20/2003,MGM,AL,ASO,ES,Towers with Radar,9,35,54,22,120,0,0,41,5,46,9,35,95,27,166,14,74,88,254
03/21/2003,MGM,AL,ASO,ES,Towers with Radar,9,29,77,24,139,0,0,50,24,74,9,29,127,48,213,6,84,90,303
03/22/2003,MGM,AL,ASO,ES,Towers with Radar,8,23,35,3,69,0,0,43,1,44,8,23,78,4,113,32,0,32,145
03/23/2003,MGM,AL,ASO,ES,Towers with Radar,10,24,28,11,73,0,0,25,1,26,10,24,53,12,99,26,18,44,143
03/24/2003,MGM,AL,ASO,ES,Towers with Radar,8,25,38,33,104,0,0,44,4,48,8,25,82,37,152,46,24,70,222
03/25/2003,MGM,AL,ASO,ES,Towers with Radar,9,31,43,42,125,0,0,64,19,83,9,31,107,61,208,24,68,92,300
03/26/2003,MGM,AL,ASO,ES,Towers with Radar,10,29,50,23,112,0,0,14,4,18,10,29,64,27,130,48,36,84,214
03/27/2003,MGM,AL,ASO,ES,Towers with Radar,9,32,50,25,116,0,0,31,9,40,9,32,81,34,156,46,33,79,235
03/28/2003,MGM,AL,ASO,ES,Towers with Radar,9,33,58,37,137,0,0,26,7,33,9,33,84,44,170,18,66,84,254
03/29/2003,MGM,AL,ASO,ES,Towers with Radar,9,24,31,0,64,0,0,10,0,10,9,24,41,0,74,6,8,14,88
03/30/2003,MGM,AL,ASO,ES,Towers with Radar,8,27,40,5,80,0,0,23,2,25,8,27,63,7,105,8,20,28,133
03/31/2003,MGM,AL,ASO,ES,Towers with Radar,8,30,44,27,109,0,0,33,0,33,8,30,77,27,142,17,117,134,276
04/01/2003,MGM,AL,ASO,ES,Towers with Radar,9,30,46,53,138,0,0,51,7,58,9,30,97,60,196,0,140,140,336
04/02/2003,MGM,AL,ASO,ES,Towers with Radar,9,27,46,11,93,0,2,45,7,54,9,29,91,18,147,4,70,74,221
04/03/2003,MGM,AL,ASO,ES,Towers with Radar,9,28,62,84,183,0,0,53,9,62,9,28,115,93,245,28,160,188,433
04/04/2003,MGM,AL,ASO,ES,Towers with Radar,9,27,67,32,135,0,0,24,2,26,9,27,91,34,161,14,8,22,183
04/05/2003,MGM,AL,ASO,ES,Towers with Radar,9,22,40,11,82,0,0,11,1,12,9,22,51,12,94,56,16,72,166
04/06/2003,MGM,AL,ASO,ES,Towers with Radar,7,25,40,3,75,0,0,8,1,9,7,25,48,4,84,16,0,16,100
04/07/2003,MGM,AL,ASO,ES,Towers with Radar,6,31,32,0,69,0,0,3,0,3,6,31,35,0,72,0,0,0,72
04/08/2003,MGM,AL,ASO,ES,Towers with Radar,7,27,43,14,91,5,6,9,0,20,12,33,52,14,111,0,0,0,111
04/09/2003,MGM,AL,ASO,ES,Towers with Radar,9,28,68,38,143,0,0,7,2,9,9,28,75,40,152,28,0,28,180
04/10/2003,MGM,AL,ASO,ES,Towers with Radar,10,28,73,31,142,0,0,14,9,23,10,28,87,40,165,10,28,38,203
04/11/2003,MGM,AL,ASO,ES,Towers with Radar,9,41,53,40,143,0,0,68,2,70,9,41,121,42,213,30,80,110,323
04/12/2003,MGM,AL,ASO,ES,Towers with Radar,8,23,23,7,61,0,0,57,5,62,8,23,80,12,123,2,0,2,125
04/13/2003,MGM,AL,ASO,ES,Towers with Radar,8,27,28,5,68,0,0,46,3,49,8,27,74,8,117,22,0,22,139
04/14/2003,MGM,AL,ASO,ES,Towers with Radar,9,27,43,35,114,0,0,31,10,41,9,27,74,45,155,3,125,128,283
04/15/2003,MGM,AL,ASO,ES,Towers with Radar,9,32,50,49,140,0,0,48,4,52,9,32,98,53,192,2,56,58,250
04/16/2003,MGM,AL,ASO,ES,Towers with Radar,9,35,52,56,152,0,0,44,4,48,9,35,96,60,200,12,136,148,348
04/17/2003,MGM,AL,ASO,ES,Towers with Radar,9,25,68,41,143,0,0,14,6,20,9,25,82,47,163,2,2,4,167
04/18/2003,MGM,AL,ASO,ES,Towers with Radar,9,33,37,27,106,0,0,45,2,47,9,33,82,29,153,4,30,34,187
04/19/2003,MGM,AL,ASO,ES,Towers with Radar,8,25,22,2,57,0,0,10,0,10,8,25,32,2,67,16,0,16,83
04/20/2003,MGM,AL,ASO,ES,Towers with Radar,9,26,23,2,60,0,0,37,0,37,9,26,60,2,97,25,0,25,122
04/21/2003,MGM,AL,ASO,ES,Towers with Radar,9,25,39,18,91,0,0,9,2,11,9,25,48,20,102,44,2,46,148
04/22/2003,MGM,AL,ASO,ES,Towers with Radar,10,28,60,39,137,0,2,54,15,71,10,30,114,54,208,84,86,170,378
04/23/2003,MGM,AL,ASO,ES,Towers with Radar,10,27,43,50,130,0,0,66,10,76,10,27,109,60,206,64,76,140,346
04/24/2003,MGM,AL,ASO,ES,Towers with Radar,6,33,40,50,129,0,0,21,7,28,6,33,61,57,157,16,100,116,273
04/25/2003,MGM,AL,ASO,ES,Towers with Radar,7,28,31,30,96,0,0,13,5,18,7,28,44,35,114,52,40,92,206
04/26/2003,MGM,AL,ASO,ES,Towers with Radar,11,26,56,12,105,0,0,31,1,32,11,26,87,13,137,10,12,22,159
04/27/2003,MGM,AL,ASO,ES,Towers with Radar,8,26,33,4,71,0,0,45,0,45,8,26,78,4,116,24,0,24,140
04/28/2003,MGM,AL,ASO,ES,Towers with Radar,10,29,53,63,155,0,0,23,5,28,10,29,76,68,183,116,54,170,353
04/29/2003,MGM,AL,ASO,ES,Towers with Radar,8,27,67,56,158,0,0,39,2,41,8,27,106,58,199,134,110,244,443
04/30/2003,MGM,AL,ASO,ES,Towers with Radar,9,33,67,55,164,0,0,46,6,52,9,33,113,61,216,162,74,236,452
05/01/2003,MGM,AL,ASO,ES,Towers with Radar,9,31,52,49,141,0,2,39,2,43,9,33,91,51,184,120,116,236,420
05/02/2003,MGM,AL,ASO,ES,Towers with Radar,8,29,49,41,127,0,0,27,6,33,8,29,76,47,160,76,92,168,328
05/03/2003,MGM,AL,ASO,ES,Towers with Radar,8,21,26,3,58,0,1,8,1,10,8,22,34,4,68,8,2,10,78
05/04/2003,MGM,AL,ASO,ES,Towers with Radar,8,26,42,7,83,0,0,37,3,40,8,26,79,10,123,9,1,10,133
05/05/2003,MGM,AL,ASO,ES,Towers with Radar,5,30,43,14,92,0,0,9,4,13,5,30,52,18,105,1,12,13,118
05/06/2003,MGM,AL,ASO,ES,Towers with Radar,14,29,46,46,135,0,0,8,7,15,14,29,54,53,150,0,90,90,240
05/07/2003,MGM,AL,ASO,ES,Towers with Radar,7,42,54,25,128,0,0,11,8,19,7,42,65,33,147,4,0,4,151
05/08/2003,MGM,AL,ASO,ES,Towers with Radar,8,32,60,35,135,0,0,22,12,34,8,32,82,47,169,6,72,78,247
05/09/2003,MGM,AL,ASO,ES,Towers with Radar,9,32,89,36,166,0,0,36,9,45,9,32,125,45,211,20,34,54,265
05/10/2003,MGM,AL,ASO,ES,Towers with Radar,10,20,29,1,60,0,0,22,1,23,10,20,51,2,83,12,0,12,95
05/11/2003,MGM,AL,ASO,ES,Towers with Radar,8,25,32,2,67,0,0,2,1,3,8,25,34,3,70,0,6,6,76
05/12/2003,MGM,AL,ASO,ES,Towers with Radar,9,35,85,45,174,0,1,38,4,43,9,36,123,49,217,19,0,19,236
05/13/2003,MGM,AL,ASO,ES,Towers with Radar,10,27,49,67,153,0,1,74,7,82,10,28,123,74,235,20,104,124,359
05/14/2003,MGM,AL,ASO,ES,Towers with Radar,8,32,59,3,102,0,0,11,1,12,8,32,70,4,114,10,0,10,124
05/15/2003,MGM,AL,ASO,ES,Towers with Radar,9,33,57,20,119,0,0,22,4,26,9,33,79,24,145,4,10,14,159
05/16/2003,MGM,AL,ASO,ES,Towers with Radar,9,28,43,35,115,0,0,21,8,29,9,28,64,43,144,10,82,92,236
05/17/2003,MGM,AL,ASO,ES,Towers with Radar,8,24,27,5,64,0,0,9,0,9,8,24,36,5,73,0,0,0,73
05/18/2003,MGM,AL,ASO,ES,Towers with Radar,3,14,21,1,39,6,12,0,0,18,9,26,21,1,57,7,0,7,64
05/19/2003,MGM,AL,ASO,ES,Towers with Radar,7,31,31,24,93,0,0,12,2,14,7,31,43,26,107,24,4,28,135
05/20/2003,MGM,AL,ASO,ES,Towers with Radar,9,29,39,34,111,0,0,7,0,7,9,29,46,34,118,11,18,29,147
05/21/2003,MGM,AL,ASO,ES,Towers with Radar,9,33,36,31,109,0,0,10,0,10,9,33,46,31,119,16,72,88,207
05/22/2003,MGM,AL,ASO,ES,Towers with Radar,8,35,43,14,100,0,0,10,10,20,8,35,53,24,120,0,0,0,120
05/23/2003,MGM,AL,ASO,ES,Towers with Radar,8,31,62,21,122,0,0,48,7,55,8,31,110,28,177,54,40,94,271
05/24/2003,MGM,AL,ASO,ES,Towers with Radar,7,23,28,3,61,0,0,39,1,40,7,23,67,4,101,12,0,12,113
05/25/2003,MGM,AL,ASO,ES,Towers with Radar,8,23,27,3,61,0,0,26,2,28,8,23,53,5,89,0,0,0,89
05/26/2003,MGM,AL,ASO,ES,Towers with Radar,8,31,47,10,96,0,0,6,3,9,8,31,53,13,105,30,12,42,147
05/27/2003,MGM,AL,ASO,ES,Towers with Radar,9,34,64,33,140,0,1,48,3,52,9,35,112,36,192,20,28,48,240
05/28/2003,MGM,AL,ASO,ES,Towers with Radar,8,32,51,25,116,0,0,51,3,54,8,32,102,28,170,32,30,62,232
05/29/2003,MGM,AL,ASO,ES,Towers with Radar,7,33,62,35,137,0,0,34,3,37,7,33,96,38,174,12,54,66,240
05/30/2003,MGM,AL,ASO,ES,Towers with Radar,8,37,60,73,178,0,2,58,20,80,8,39,118,93,258,48,52,100,358
05/31/2003,MGM,AL,ASO,ES,Towers with Radar,8,24,34,10,76,0,2,25,12,39,8,26,59,22,115,2,2,4,119
06/01/2003,MGM,AL,ASO,ES,Towers with Radar,11,29,25,14,79,1,2,40,5,48,12,31,65,19,127,16,4,20,147
06/02/2003,MGM,AL,ASO,ES,Towers with Radar,7,28,50,32,117,1,0,38,4,43,8,28,88,36,160,16,36,52,212
06/03/2003,MGM,AL,ASO,ES,Towers with Radar,9,34,57,17,117,0,0,7,1,8,9,34,64,18,125,5,0,5,130
06/04/2003,MGM,AL,ASO,ES,Towers with Radar,9,28,58,77,172,0,0,27,3,30,9,28,85,80,202,10,108,118,320
06/05/2003,MGM,AL,ASO,ES,Towers with Radar,10,32,55,66,163,0,0,46,2,48,10,32,101,68,211,42,78,120,331
06/06/2003,MGM,AL,ASO,ES,Towers with Radar,14,23,53,11,101,0,0,4,0,4,14,23,57,11,105,4,0,4,109
06/07/2003,MGM,AL,ASO,ES,Towers with Radar,9,22,38,12,81,0,0,10,8,18,9,22,48,20,99,10,20,30,129
06/08/2003,MGM,AL,ASO,ES,Towers with Radar,8,22,26,14,70,0,0,25,1,26,8,22,51,15,96,14,26,40,136
06/09/2003,MGM,AL,ASO,ES,Towers with Radar,12,25,44,64,145,0,0,50,8,58,12,25,94,72,203,22,84,106,309
06/10/2003,MGM,AL,ASO,ES,Towers with Radar,9,26,44,42,121,0,2,17,4,23,9,28,61,46,144,16,108,124,268
06/11/2003,MGM,AL,ASO,ES,Towers with Radar,7,32,42,47,128,0,1,16,1,18,7,33,58,48,146,13,22,35,181
06/12/2003,MGM,AL,ASO,ES,Towers with Radar,9,28,48,11,96,0,3,9,2,14,9,31,57,13,110,0,2,2,112
06/13/2003,MGM,AL,ASO,ES,Towers with Radar,10,28,41,12,91,0,0,18,4,22,10,28,59,16,113,16,32,48,161
06/14/2003,MGM,AL,ASO,ES,Towers with Radar,9,27,30,8,74,0,0,14,14,28,9,27,44,22,102,14,10,24,126
06/15/2003,MGM,AL,ASO,ES,Towers with Radar,8,24,34,3,69,0,0,10,0,10,8,24,44,3,79,44,0,44,123
06/16/2003,MGM,AL,ASO,ES,Towers with Radar,10,27,40,46,123,0,0,33,2,35,10,27,73,48,158,0,112,112,270
06/17/2003,MGM,AL,ASO,ES,Towers with Radar,10,29,54,32,125,0,0,12,2,14,10,29,66,34,139,12,112,124,263
06/18/2003,MGM,AL,ASO,ES,Towers with Radar,10,29,52,31,122,0,0,12,5,17,10,29,64,36,139,24,20,44,183
06/19/2003,MGM,AL,ASO,ES,Towers with Radar,8,33,66,41,148,0,0,19,4,23,8,33,85,45,171,18,66,84,255
06/20/2003,MGM,AL,ASO,ES,Towers with Radar,9,30,56,61,156,0,0,24,2,26,9,30,80,63,182,28,6,34,216
06/21/2003,MGM,AL,ASO,ES,Towers with Radar,10,26,48,14,98,0,0,47,2,49,10,26,95,16,147,10,14,24,171
06/22/2003,MGM,AL,ASO,ES,Towers with Radar,10,28,30,21,89,0,0,34,4,38,10,28,64,25,127,0,16,16,143
06/23/2003,MGM,AL,ASO,ES,Towers with Radar,12,27,47,35,121,0,0,55,7,62,12,27,102,42,183,30,26,56,239
06/24/2003,MGM,AL,ASO,ES,Towers with Radar,12,29,65,56,162,0,0,29,4,33,12,29,94,60,195,24,110,134,329
06/25/2003,MGM,AL,ASO,ES,Towers with Radar,12,32,51,90,185,0,0,38,5,43,12,32,89,95,228,84,126,210,438
06/26/2003,MGM,AL,ASO,ES,Towers with Radar,10,35,43,30,118,0,0,29,1,30,10,35,72,31,148,52,72,124,272
06/27/2003,MGM,AL,ASO,ES,Towers with Radar,8,32,42,31,113,0,0,23,3,26,8,32,65,34,139,16,14,30,169
06/28/2003,MGM,AL,ASO,ES,Towers with Radar,15,27,22,16,80,0,0,18,3,21,15,27,40,19,101,12,12,24,125
06/29/2003,MGM,AL,ASO,ES,Towers with Radar,8,28,51,8,95,0,0,20,2,22,8,28,71,10,117,20,0,20,137
06/30/2003,MGM,AL,ASO,ES,Towers with Radar,10,24,26,12,72,0,0,8,0,8,10,24,34,12,80,0,0,0,80
07/01/2003,MGM,AL,ASO,ES,Towers with Radar,5,28,35,26,94,1,0,1,0,2,6,28,36,26,96,0,0,0,96
07/02/2003,MGM,AL,ASO,ES,Towers with Radar,12,27,56,80,175,0,0,20,3,23,12,27,76,83,198,24,66,90,288
07/03/2003,MGM,AL,ASO,ES,Towers with Radar,10,28,53,42,133,0,0,26,1,27,10,28,79,43,160,22,13,35,195
07/04/2003,MGM,AL,ASO,ES,Towers with Radar,4,18,6,1,29,1,0,6,0,7,5,18,12,1,36,6,0,6,42
07/05/2003,MGM,AL,ASO,ES,Towers with Radar,8,24,32,0,64,0,1,2,0,3,8,25,34,0,67,0,6,6,73
07/06/2003,MGM,AL,ASO,ES,Towers with Radar,13,19,37,7,76,0,1,6,0,7,13,20,43,7,83,4,8,12,95
07/07/2003,MGM,AL,ASO,ES,Towers with Radar,8,27,36,22,93,0,1,23,1,25,8,28,59,23,118,16,36,52,170
07/08/2003,MGM,AL,ASO,ES,Towers with Radar,9,25,68,67,169,0,1,37,2,40,9,26,105,69,209,26,78,104,313
07/09/2003,MGM,AL,ASO,ES,Towers with Radar,8,26,61,95,190,0,1,32,3,36,8,27,93,98,226,90,126,216,442
07/10/2003,MGM,AL,ASO,ES,Towers with Radar,6,35,63,50,154,0,1,27,4,32,6,36,90,54,186,34,78,112,298
07/11/2003,MGM,AL,ASO,ES,Towers with Radar,9,31,37,55,132,0,0,22,7,29,9,31,59,62,161,6,62,68,229
07/12/2003,MGM,AL,ASO,ES,Towers with Radar,8,29,29,8,74,0,0,15,0,15,8,29,44,8,89,28,2,30,119
07/13/2003,MGM,AL,ASO,ES,Towers with Radar,8,22,26,0,56,0,0,19,0,19,8,22,45,0,75,12,0,12,87
07/14/2003,MGM,AL,ASO,ES,Towers with Radar,11,28,42,26,107,0,0,19,2,21,11,28,61,28,128,10,30,40,168
07/15/2003,MGM,AL,ASO,ES,Towers with Radar,12,26,48,63,149,0,0,24,3,27,12,26,72,66,176,22,148,170,346
07/16/2003,MGM,AL,ASO,ES,Towers with Radar,9,26,41,53,129,0,0,22,4,26,9,26,63,57,155,4,82,86,241
07/17/2003,MGM,AL,ASO,ES,Towers with Radar,9,29,64,53,155,0,0,18,10,28,9,29,82,63,183,5,60,65,248
07/18/2003,MGM,AL,ASO,ES,Towers with Radar,9,32,60,50,151,0,0,21,8,29,9,32,81,58,180,8,110,118,298
07/19/2003,MGM,AL,ASO,ES,Towers with Radar,8,27,23,8,66,0,1,16,0,17,8,28,39,8,83,12,0,12,95
07/20/2003,MGM,AL,ASO,ES,Towers with Radar,8,25,37,10,80,0,0,25,4,29,8,25,62,14,109,6,0,6,115
07/21/2003,MGM,AL,ASO,ES,Towers with Radar,8,33,51,29,121,0,0,17,3,20,8,33,68,32,141,7,64,71,212
07/22/2003,MGM,AL,ASO,ES,Towers with Radar,6,29,62,35,132,0,1,17,2,20,6,30,79,37,152,14,34,48,200
07/23/2003,MGM,AL,ASO,ES,Towers with Radar,10,30,47,58,145,0,0,4,9,13,10,30,51,67,158,24,18,42,200
07/24/2003,MGM,AL,ASO,ES,Towers with Radar,8,32,63,69,172,0,0,49,10,59,8,32,112,79,231,40,98,138,369
07/25/2003,MGM,AL,ASO,ES,Towers with Radar,10,30,61,49,150,0,0,55,3,58,10,30,116,52,208,28,72,100,308
07/26/2003,MGM,AL,ASO,ES,Towers with Radar,7,28,19,8,62,0,0,26,0,26,7,28,45,8,88,26,0,26,114
07/27/2003,MGM,AL,ASO,ES,Towers with Radar,8,26,32,17,83,0,0,28,0,28,8,26,60,17,111,16,0,16,127
07/28/2003,MGM,AL,ASO,ES,Towers with Radar,8,29,37,17,91,0,0,24,2,26,8,29,61,19,117,43,22,65,182
07/29/2003,MGM,AL,ASO,ES,Towers with Radar,8,35,45,30,118,0,0,22,4,26,8,35,67,34,144,2,49,51,195
07/30/2003,MGM,AL,ASO,ES,Towers with Radar,9,32,53,16,110,0,0,17,3,20,9,32,70,19,130,28,18,46,176
07/31/2003,MGM,AL,ASO,ES,Towers with Radar,6,29,53,47,135,0,0,14,8,22,6,29,67,55,157,25,42,67,224
08/01/2003,MGM,AL,ASO,ES,Towers with Radar,8,30,44,46,128,0,1,34,15,50,8,31,78,61,178,16,16,32,210
08/02/2003,MGM,AL,ASO,ES,Towers with Radar,8,25,27,7,67,0,0,8,1,9,8,25,35,8,76,2,2,4,80
08/03/2003,MGM,AL,ASO,ES,Towers with Radar,8,30,33,5,76,0,0,17,5,22,8,30,50,10,98,0,0,0,98
08/04/2003,MGM,AL,ASO,ES,Towers with Radar,12,24,37,14,87,0,0,11,4,15,12,24,48,18,102,22,0,22,124
08/05/2003,MGM,AL,ASO,ES,Towers with Radar,9,35,36,20,100,0,0,12,2,14,9,35,48,22,114,15,26,41,155
08/06/2003,MGM,AL,ASO,ES,Towers with Radar,9,32,52,8,101,0,0,10,2,12,9,32,62,10,113,0,10,10,123
08/07/2003,MGM,AL,ASO,ES,Towers with Radar,12,30,50,40,132,0,0,17,3,20,12,30,67,43,152,42,48,90,242
08/08/2003,MGM,AL,ASO,ES,Towers with Radar,9,29,29,27,94,0,4,35,6,45,9,33,64,33,139,34,24,58,197
08/09/2003,MGM,AL,ASO,ES,Towers with Radar,8,33,38,33,112,0,4,29,11,44,8,37,67,44,156,14,62,76,232
08/10/2003,MGM,AL,ASO,ES,Towers with Radar,8,27,31,11,77,0,1,17,1,19,8,28,48,12,96,12,0,12,108
08/11/2003,MGM,AL,ASO,ES,Towers with Radar,6,26,51,38,121,0,0,26,25,51,6,26,77,63,172,34,144,178,350
08/12/2003,MGM,AL,ASO,ES,Towers with Radar,6,28,54,31,119,0,0,14,2,16,6,28,68,33,135,28,56,84,219
08/13/2003,MGM,AL,ASO,ES,Towers with Radar,9,25,34,39,107,0,0,7,4,11,9,25,41,43,118,0,50,50,168
08/14/2003,MGM,AL,ASO,ES,Towers with Radar,9,31,43,54,137,0,0,50,21,71,9,31,93,75,208,88,94,182,390
08/15/2003,MGM,AL,ASO,ES,Towers with Radar,8,28,71,42,149,0,0,33,6,39,8,28,104,48,188,0,76,76,264
08/16/2003,MGM,AL,ASO,ES,Towers with Radar,9,27,42,16,94,0,0,18,0,18,9,27,60,16,112,0,14,14,126
08/17/2003,MGM,AL,ASO,ES,Towers with Radar,8,22,45,10,85,0,0,9,0,9,8,22,54,10,94,22,0,22,116
08/18/2003,MGM,AL,ASO,ES,Towers with Radar,8,27,37,41,113,0,0,35,4,39,8,27,72,45,152,18,44,62,214
08/19/2003,MGM,AL,ASO,ES,Towers with Radar,7,35,51,43,136,0,0,17,0,17,7,35,68,43,153,0,76,76,229
08/20/2003,MGM,AL,ASO,ES,Towers with Radar,8,34,38,50,130,0,0,22,0,22,8,34,60,50,152,6,76,82,234
08/21/2003,MGM,AL,ASO,ES,Towers with Radar,10,26,58,55,149,0,1,32,9,42,10,27,90,64,191,29,124,153,344
08/22/2003,MGM,AL,ASO,ES,Towers with Radar,8,32,55,62,157,0,0,21,1,22,8,32,76,63,179,0,18,18,197
08/23/2003,MGM,AL,ASO,ES,Towers with Radar,8,27,39,3,77,0,0,29,4,33,8,27,68,7,110,18,0,18,128
08/24/2003,MGM,AL,ASO,ES,Towers with Radar,5,31,50,22,108,0,0,33,0,33,5,31,83,22,141,38,0,38,179
08/25/2003,MGM,AL,ASO,ES,Towers with Radar,10,32,38,44,124,0,0,21,3,24,10,32,59,47,148,18,104,122,270
08/26/2003,MGM,AL,ASO,ES,Towers with Radar,11,30,61,76,178,0,0,21,7,28,11,30,82,83,206,12,122,134,340
08/27/2003,MGM,AL,ASO,ES,Towers with Radar,9,32,62,35,138,0,0,29,10,39,9,32,91,45,177,46,40,86,263
08/28/2003,MGM,AL,ASO,ES,Towers with Radar,19,27,78,42,166,0,0,35,13,48,19,27,113,55,214,6,80,86,300
08/29/2003,MGM,AL,ASO,ES,Towers with Radar,12,30,51,32,125,0,0,30,11,41,12,30,81,43,166,0,18,18,184
08/30/2003,MGM,AL,ASO,ES,Towers with Radar,8,22,19,2,51,0,0,23,1,24,8,22,42,3,75,34,6,40,115
08/31/2003,MGM,AL,ASO,ES,Towers with Radar,8,22,13,2,45,0,0,30,0,30,8,22,43,2,75,42,0,42,117
09/01/2003,MGM,AL,ASO,ES,Towers with Radar,8,25,25,4,62,1,1,24,8,34,9,26,49,12,96,22,0,22,118
09/02/2003,MGM,AL,ASO,ES,Towers with Radar,7,30,40,48,125,0,1,18,6,25,7,31,58,54,150,8,100,108,258
09/03/2003,MGM,AL,ASO,ES,Towers with Radar,9,29,68,70,176,0,1,10,9,20,9,30,78,79,196,20,146,166,362
09/04/2003,MGM,AL,ASO,ES,Towers with Radar,9,31,71,51,162,0,1,8,11,20,9,32,79,62,182,4,52,56,238
09/05/2003,MGM,AL,ASO,ES,Towers with Radar,11,32,71,48,162,0,0,14,33,47,11,32,85,81,209,4,60,64,273
09/06/2003,MGM,AL,ASO,ES,Towers with Radar,8,30,29,4,71,0,0,0,0,0,8,30,29,4,71,0,0,0,71
09/07/2003,MGM,AL,ASO,ES,Towers with Radar,8,26,28,0,62,1,0,15,0,16,9,26,43,0,78,8,0,8,86
09/08/2003,MGM,AL,ASO,ES,Towers with Radar,8,27,51,57,143,0,0,0,10,10,8,27,51,67,153,8,50,58,211
09/09/2003,MGM,AL,ASO,ES,Towers with Radar,8,29,63,54,154,0,0,5,4,9,8,29,68,58,163,0,54,54,217
09/10/2003,MGM,AL,ASO,ES,Towers with Radar,9,30,53,50,142,0,0,20,0,20,9,30,73,50,162,36,14,50,212
09/11/2003,MGM,AL,ASO,ES,Towers with Radar,11,26,57,84,178,0,0,31,13,44,11,26,88,97,222,34,102,136,358
09/12/2003,MGM,AL,ASO,ES,Towers with Radar,16,27,38,61,142,0,2,44,1,47,16,29,82,62,189,54,84,138,327
09/13/2003,MGM,AL,ASO,ES,Towers with Radar,8,24,45,8,85,0,0,24,0,24,8,24,69,8,109,20,4,24,133
09/14/2003,MGM,AL,ASO,ES,Towers with Radar,8,25,30,7,70,0,0,14,0,14,8,25,44,7,84,12,0,12,96
09/15/2003,MGM,AL,ASO,ES,Towers with Radar,8,32,45,21,106,0,0,17,3,20,8,32,62,24,126,6,72,78,204
09/16/2003,MGM,AL,ASO,ES,Towers with Radar,8,34,38,58,138,0,0,28,5,33,8,34,66,63,171,22,78,100,271
09/17/2003,MGM,AL,ASO,ES,Towers with Radar,9,30,48,56,143,0,0,27,1,28,9,30,75,57,171,3,96,99,270
09/18/2003,MGM,AL,ASO,ES,Towers with Radar,11,29,56,63,159,0,1,23,6,30,11,30,79,69,189,1,102,103,292
09/19/2003,MGM,AL,ASO,ES,Towers with Radar,9,30,63,57,159,0,0,29,10,39,9,30,92,67,198,6,102,108,306
09/20/2003,MGM,AL,ASO,ES,Towers with Radar,8,25,43,6,82,0,0,24,4,28,8,25,67,10,110,6,12,18,128
09/21/2003,MGM,AL,ASO,ES,Towers with Radar,9,24,26,8,67,0,0,0,0,0,9,24,26,8,67,0,0,0,67
09/22/2003,MGM,AL,ASO,ES,Towers with Radar,8,27,38,7,80,0,0,0,0,0,8,27,38,7,80,0,0,0,80
09/23/2003,MGM,AL,ASO,ES,Towers with Radar,8,30,46,44,128,0,0,21,3,24,8,30,67,47,152,19,9,28,180
09/24/2003,MGM,AL,ASO,ES,Towers with Radar,9,32,52,52,145,0,1,25,7,33,9,33,77,59,178,18,76,94,272
09/25/2003,MGM,AL,ASO,ES,Towers with Radar,9,33,57,49,148,0,0,11,6,17,9,33,68,55,165,43,18,61,226
09/26/2003,MGM,AL,ASO,ES,Towers with Radar,11,29,64,60,164,0,0,26,11,37,11,29,90,71,201,30,72,102,303
09/27/2003,MGM,AL,ASO,ES,Towers with Radar,14,27,28,2,71,0,0,11,1,12,14,27,39,3,83,2,1,3,86
09/28/2003,MGM,AL,ASO,ES,Towers with Radar,10,26,40,5,81,0,1,35,0,36,10,27,75,5,117,3,0,3,120
09/29/2003,MGM,AL,ASO,ES,Towers with Radar,9,29,49,25,112,0,1,20,4,25,9,30,69,29,137,2,38,40,177
09/30/2003,MGM,AL,ASO,ES,Towers with Radar,9,29,53,11,102,0,1,20,3,24,9,30,73,14,126,2,4,6,132
10/01/2003,MGM,AL,ASO,ES,Towers with Radar,9,31,54,36,130,0,4,24,26,54,9,35,78,62,184,2,62,64,248
10/02/2003,MGM,AL,ASO,ES,Towers with Radar,9,30,59,39,137,0,0,34,12,46,9,30,93,51,183,4,68,72,255
10/03/2003,MGM,AL,ASO,ES,Towers with Radar,10,33,59,39,141,0,0,31,11,42,10,33,90,50,183,36,12,48,231
10/04/2003,MGM,AL,ASO,ES,Towers with Radar,8,25,43,17,93,2,1,45,0,48,10,26,88,17,141,4,14,18,159
10/05/2003,MGM,AL,ASO,ES,Towers with Radar,7,21,37,20,85,1,6,20,0,27,8,27,57,20,112,8,8,16,128
10/06/2003,MGM,AL,ASO,ES,Towers with Radar,8,23,40,13,84,2,4,20,0,26,10,27,60,13,110,18,0,18,128
10/07/2003,MGM,AL,ASO,ES,Towers with Radar,9,29,59,39,136,0,0,15,2,17,9,29,74,41,153,14,10,24,177
10/08/2003,MGM,AL,ASO,ES,Towers with Radar,9,30,63,41,143,0,0,39,24,63,9,30,102,65,206,26,36,62,268
10/09/2003,MGM,AL,ASO,ES,Towers with Radar,9,31,54,41,135,0,0,0,1,1,9,31,54,42,136,1,20,21,157
10/10/2003,MGM,AL,ASO,ES,Towers with Radar,9,26,45,18,98,1,1,7,0,9,10,27,52,18,107,0,2,2,109
10/11/2003,MGM,AL,ASO,ES,Towers with Radar,7,22,38,2,69,1,3,6,0,10,8,25,44,2,79,4,0,4,83
10/12/2003,MGM,AL,ASO,ES,Towers with Radar,7,21,36,1,65,0,3,19,0,22,7,24,55,1,87,2,0,2,89
10/13/2003,MGM,AL,ASO,ES,Towers with Radar,7,25,44,5,81,1,3,44,0,48,8,28,88,5,129,16,0,16,145
10/14/2003,MGM,AL,ASO,ES,Towers with Radar,8,29,47,32,116,1,1,9,24,35,9,30,56,56,151,2,94,96,247
10/15/2003,MGM,AL,ASO,ES,Towers with Radar,8,32,58,39,137,0,0,42,12,54,8,32,100,51,191,38,46,84,275
10/16/2003,MGM,AL,ASO,ES,Towers with Radar,8,30,49,33,120,2,2,23,3,30,10,32,72,36,150,16,18,34,184
10/17/2003,MGM,AL,ASO,ES,Towers with Radar,9,33,54,36,132,1,0,42,2,45,10,33,96,38,177,16,18,34,211
10/18/2003,MGM,AL,ASO,ES,Towers with Radar,7,24,39,20,90,1,5,29,0,35,8,29,68,20,125,10,8,18,143
10/19/2003,MGM,AL,ASO,ES,Towers with Radar,6,23,37,2,68,3,0,48,0,51,9,23,85,2,119,14,6,20,139
10/20/2003,MGM,AL,ASO,ES,Towers with Radar,7,27,44,30,108,2,2,27,3,34,9,29,71,33,142,32,94,126,268
10/21/2003,MGM,AL,ASO,ES,Towers with Radar,8,30,48,33,119,3,5,15,16,39,11,35,63,49,158,4,96,100,258
10/22/2003,MGM,AL,ASO,ES,Towers with Radar,9,30,53,36,128,0,0,17,34,51,9,30,70,70,179,11,88,99,278
10/23/2003,MGM,AL,ASO,ES,Towers with Radar,9,30,56,38,133,0,0,31,22,53,9,30,87,60,186,10,64,74,260
10/24/2003,MGM,AL,ASO,ES,Towers with Radar,10,32,65,44,151,0,0,16,25,41,10,32,81,69,192,26,74,100,292
10/25/2003,MGM,AL,ASO,ES,Towers with Radar,5,18,29,9,61,3,7,29,0,39,8,25,58,9,100,0,6,6,106
10/26/2003,MGM,AL,ASO,ES,Towers with Radar,7,24,40,5,76,2,0,11,0,13,9,24,51,5,89,0,0,0,89
10/27/2003,MGM,AL,ASO,ES,Towers with Radar,9,35,58,40,142,0,1,12,5,18,9,36,70,45,160,20,46,66,226
10/28/2003,MGM,AL,ASO,ES,Towers with Radar,9,32,64,44,149,0,0,6,49,55,9,32,70,93,204,4,134,138,342
10/29/2003,MGM,AL,ASO,ES,Towers with Radar,9,31,51,35,126,0,2,27,8,37,9,33,78,43,163,20,84,104,267
10/30/2003,MGM,AL,ASO,ES,Towers with Radar,6,33,55,38,132,0,3,43,9,55,6,36,98,47,187,14,30,44,231
10/31/2003,MGM,AL,ASO,ES,Towers with Radar,8,31,51,36,126,0,0,42,7,49,8,31,93,43,175,34,42,76,251
11/01/2003,MGM,AL,ASO,ES,Towers with Radar,5,20,33,9,67,0,6,29,0,35,5,26,62,9,102,4,0,4,106
11/02/2003,MGM,AL,ASO,ES,Towers with Radar,7,20,34,9,70,1,5,33,0,39,8,25,67,9,109,2,1,3,112
11/03/2003,MGM,AL,ASO,ES,Towers with Radar,7,26,45,29,107,0,6,43,3,52,7,32,88,32,159,74,28,102,261
11/04/2003,MGM,AL,ASO,ES,Towers with Radar,10,29,48,31,118,0,3,17,11,31,10,32,65,42,149,106,78,184,333
11/05/2003,MGM,AL,ASO,ES,Towers with Radar,9,28,54,35,126,0,0,22,1,23,9,28,76,36,149,76,44,120,269
11/06/2003,MGM,AL,ASO,ES,Towers with Radar,9,33,58,37,137,0,0,2,40,42,9,33,60,77,179,0,92,92,271
11/07/2003,MGM,AL,ASO,ES,Towers with Radar,8,29,69,45,151,0,0,14,17,31,8,29,83,62,182,2,120,122,304
11/08/2003,MGM,AL,ASO,ES,Towers with Radar,8,22,48,35,113,0,0,0,7,7,8,22,48,42,120,24,10,34,154
11/09/2003,MGM,AL,ASO,ES,Towers with Radar,6,25,42,10,83,0,1,11,0,12,6,26,53,10,95,12,2,14,109
11/10/2003,MGM,AL,ASO,ES,Towers with Radar,0,0,0,0,0,0,0,0,0,0,0,0,0,0,0,0,0,0,0
11/11/2003,MGM,AL,ASO,ES,Towers with Radar,6,17,29,2,54,7,7,55,0,69,13,24,84,2,123,14,0,14,137
11/12/2003,MGM,AL,ASO,ES,Towers with Radar,9,30,61,40,140,0,0,45,46,91,9,30,106,86,231,38,56,94,325
11/13/2003,MGM,AL,ASO,ES,Towers with Radar,9,29,50,32,120,0,0,25,6,31,9,29,75,38,151,10,36,46,197
11/14/2003,MGM,AL,ASO,ES,Towers with Radar,8,31,64,42,145,0,0,37,20,57,8,31,101,62,202,22,34,56,258
11/15/2003,MGM,AL,ASO,ES,Towers with Radar,8,24,45,30,107,0,0,39,5,44,8,24,84,35,151,8,28,36,187
11/16/2003,MGM,AL,ASO,ES,Towers with Radar,8,20,46,31,105,0,0,14,10,24,8,20,60,41,129,28,30,58,187
11/17/2003,MGM,AL,ASO,ES,Towers with Radar,9,24,49,33,115,0,0,19,10,29,9,24,68,43,144,20,84,104,248
11/18/2003,MGM,AL,ASO,ES,Towers with Radar,5,18,28,15,66,2,9,2,0,13,7,27,30,15,79,0,0,0,79
11/19/2003,MGM,AL,ASO,ES,Towers with Radar,11,32,63,42,148,2,0,20,40,62,13,32,83,82,210,14,72,86,296
11/20/2003,MGM,AL,ASO,ES,Towers with Radar,9,29,56,38,132,0,0,38,26,64,9,29,94,64,196,24,48,72,268
11/21/2003,MGM,AL,ASO,ES,Towers with Radar,9,28,54,36,127,0,0,47,17,64,9,28,101,53,191,34,82,116,307
11/22/2003,MGM,AL,ASO,ES,Towers with Radar,6,22,35,8,71,3,4,26,0,33,9,26,61,8,104,4,0,4,108
11/23/2003,MGM,AL,ASO,ES,Towers with Radar,6,20,32,11,69,3,5,20,0,28,9,25,52,11,97,4,0,4,101
11/24/2003,MGM,AL,ASO,ES,Towers with Radar,6,23,36,16,81,2,7,26,0,35,8,30,62,16,116,0,32,32,148
11/25/2003,MGM,AL,ASO,ES,Towers with Radar,9,30,49,33,121,3,0,38,4,45,12,30,87,37,166,18,64,82,248
11/26/2003,MGM,AL,ASO,ES,Towers with Radar,9,32,63,43,147,0,0,29,15,44,9,32,92,58,191,14,26,40,231
11/27/2003,MGM,AL,ASO,ES,Towers with Radar,1,6,9,0,16,4,13,1,0,18,5,19,10,0,34,0,0,0,34
11/28/2003,MGM,AL,ASO,ES,Towers with Radar,4,16,25,2,47,2,7,4,0,13,6,23,29,2,60,0,0,0,60
11/29/2003,MGM,AL,ASO,ES,Towers with Radar,4,16,25,2,47,2,10,19,0,31,6,26,44,2,78,4,0,4,82
11/30/2003,MGM,AL,ASO,ES,Towers with Radar,7,25,39,0,71,1,0,60,0,61,8,25,99,0,132,0,0,0,132
12/01/2003,MGM,AL,ASO,ES,Towers with Radar,4,24,36,23,87,0,9,17,0,26,4,33,53,23,113,2,40,42,155
12/02/2003,MGM,AL,ASO,ES,Towers with Radar,9,31,49,36,125,0,0,34,24,58,9,31,83,60,183,20,92,112,295
12/03/2003,MGM,AL,ASO,ES,Towers with Radar,10,28,57,42,137,0,0,32,24,56,10,28,89,66,193,17,116,133,326
12/04/2003,MGM,AL,ASO,ES,Towers with Radar,7,32,48,34,121,0,0,23,10,33,7,32,71,44,154,0,0,0,154
12/05/2003,MGM,AL,ASO,ES,Towers with Radar,9,28,57,40,134,0,0,9,20,29,9,28,66,60,163,22,64,86,249
12/06/2003,MGM,AL,ASO,ES,Towers with Radar,7,18,27,11,63,0,7,3,0,10,7,25,30,11,73,0,0,0,73
12/07/2003,MGM,AL,ASO,ES,Towers with Radar,9,24,39,19,91,0,0,29,0,29,9,24,68,19,120,12,8,20,140
12/08/2003,MGM,AL,ASO,ES,Towers with Radar,6,28,42,30,106,0,2,35,2,39,6,30,77,32,145,40,64,104,249
12/09/2003,MGM,AL,ASO,ES,Towers with Radar,11,27,56,39,133,0,0,16,45,61,11,27,72,84,194,0,122,122,316
12/10/2003,MGM,AL,ASO,ES,Towers with Radar,8,35,56,39,138,0,0,8,18,26,8,35,64,57,164,0,52,52,216
12/11/2003,MGM,AL,ASO,ES,Towers with Radar,7,31,57,40,135,0,0,41,27,68,7,31,98,67,203,26,154,180,383
12/12/2003,MGM,AL,ASO,ES,Towers with Radar,10,26,56,39,131,0,0,50,6,56,10,26,106,45,187,8,86,94,281
12/13/2003,MGM,AL,ASO,ES,Towers with Radar,5,14,22,12,53,0,13,9,0,22,5,27,31,12,75,14,28,42,117
12/14/2003,MGM,AL,ASO,ES,Towers with Radar,8,21,32,22,83,2,2,16,4,24,10,23,48,26,107,6,0,6,113
12/15/2003,MGM,AL,ASO,ES,Towers with Radar,10,26,51,35,122,0,0,22,22,44,10,26,73,57,166,2,94,96,262
12/16/2003,MGM,AL,ASO,ES,Towers with Radar,9,29,53,37,128,0,0,21,28,49,9,29,74,65,177,22,118,140,317
12/17/2003,MGM,AL,ASO,ES,Towers with Radar,9,28,60,42,139,0,0,5,45,50,9,28,65,87,189,14,56,70,259
12/18/2003,MGM,AL,ASO,ES,Towers with Radar,6,31,56,39,132,0,0,25,0,25,6,31,81,39,157,28,52,80,237
12/19/2003,MGM,AL,ASO,ES,Towers with Radar,9,32,48,26,115,0,0,50,0,50,9,32,98,26,165,10,34,44,209
12/20/2003,MGM,AL,ASO,ES,Towers with Radar,5,18,25,4,52,4,6,23,0,33,9,24,48,4,85,30,0,30,115
12/21/2003,MGM,AL,ASO,ES,Towers with Radar,5,17,25,3,50,3,7,32,0,42,8,24,57,3,92,10,0,10,102
12/22/2003,MGM,AL,ASO,ES,Towers with Radar,7,29,43,31,110,0,0,26,3,29,7,29,69,34,139,24,114,138,277
12/23/2003,MGM,AL,ASO,ES,Towers with Radar,7,24,33,25,89,0,8,13,1,22,7,32,46,26,111,8,19,27,138
12/24/2003,MGM,AL,ASO,ES,Towers with Radar,5,18,25,0,48,2,14,8,0,24,7,32,33,0,72,0,0,0,72
12/25/2003,MGM,AL,ASO,ES,Towers with Radar,3,12,16,0,31,4,10,9,0,23,7,22,25,0,54,0,0,0,54
12/26/2003,MGM,AL,ASO,ES,Towers with Radar,8,26,39,1,74,2,0,19,0,21,10,26,58,1,95,16,0,16,111
12/27/2003,MGM,AL,ASO,ES,Towers with Radar,7,24,34,5,70,1,3,27,0,31,8,27,61,5,101,26,0,26,127
12/28/2003,MGM,AL,ASO,ES,Towers with Radar,6,21,29,5,61,3,4,35,0,42,9,25,64,5,103,0,0,0,103
12/29/2003,MGM,AL,ASO,ES,Towers with Radar,7,22,31,12,72,3,8,3,0,14,10,30,34,12,86,2,0,2,88
12/30/2003,MGM,AL,ASO,ES,Towers with Radar,8,26,37,13,84,2,2,28,0,32,10,28,65,13,116,38,4,42,158
12/31/2003,MGM,AL,ASO,ES,Towers with Radar,7,25,35,8,75,3,0,19,0,22,10,25,54,8,97,50,0,50,147
01/01/2004,MGM,AL,ASO,ES,Towers with Radar,4,10,20,0,34,0,13,31,0,44,4,23,51,0,78,0,0,0,78
01/02/2004,MGM,AL,ASO,ES,Towers with Radar,8,21,39,18,86,1,5,24,0,30,9,26,63,18,116,18,20,38,154
01/03/2004,MGM,AL,ASO,ES,Towers with Radar,7,18,34,0,59,0,9,13,0,22,7,27,47,0,81,54,0,54,135
01/04/2004,MGM,AL,ASO,ES,Towers with Radar,7,20,37,2,66,2,2,9,0,13,9,22,46,2,79,6,4,10,89
01/05/2004,MGM,AL,ASO,ES,Towers with Radar,6,16,26,15,63,0,11,0,0,11,6,27,26,15,74,0,0,0,74
01/06/2004,MGM,AL,ASO,ES,Towers with Radar,8,25,46,30,109,0,3,18,8,29,8,28,64,38,138,6,50,56,194
01/07/2004,MGM,AL,ASO,ES,Towers with Radar,7,28,51,34,120,0,1,22,18,41,7,29,73,52,161,8,56,64,225
01/08/2004,MGM,AL,ASO,ES,Towers with Radar,8,26,48,32,114,0,2,3,29,34,8,28,51,61,148,14,114,128,276
01/09/2004,MGM,AL,ASO,ES,Towers with Radar,9,28,51,24,112,0,2,27,0,29,9,30,78,24,141,0,0,0,141
01/10/2004,MGM,AL,ASO,ES,Towers with Radar,6,21,38,25,90,1,0,22,0,23,7,21,60,25,113,16,34,50,163
01/11/2004,MGM,AL,ASO,ES,Towers with Radar,6,21,38,25,90,1,3,42,3,49,7,24,80,28,139,34,0,34,173
01/12/2004,MGM,AL,ASO,ES,Towers with Radar,5,23,39,28,95,0,6,39,1,46,5,29,78,29,141,0,0,0,141
01/13/2004,MGM,AL,ASO,ES,Towers with Radar,8,27,48,34,117,2,2,28,18,50,10,29,76,52,167,20,22,42,209
01/14/2004,MGM,AL,ASO,ES,Towers with Radar,8,25,55,39,127,0,0,28,28,56,8,25,83,67,183,35,62,97,280
01/15/2004,MGM,AL,ASO,ES,Towers with Radar,7,30,51,36,124,0,0,34,27,61,7,30,85,63,185,54,82,136,321
01/16/2004,MGM,AL,ASO,ES,Towers with Radar,9,28,52,29,118,1,0,39,0,40,10,28,91,29,158,6,2,8,166
01/17/2004,MGM,AL,ASO,ES,Towers with Radar,5,18,31,9,63,3,7,35,0,45,8,25,66,9,108,48,6,54,162
01/18/2004,MGM,AL,ASO,ES,Towers with Radar,5,18,31,10,64,1,5,16,0,22,6,23,47,10,86,2,0,2,88
01/19/2004,MGM,AL,ASO,ES,Towers with Radar,6,20,33,17,76,3,6,35,0,44,9,26,68,17,120,6,0,6,126
01/20/2004,MGM,AL,ASO,ES,Towers with Radar,9,28,51,36,124,1,0,49,19,69,10,28,100,55,193,0,102,102,295
01/21/2004,MGM,AL,ASO,ES,Towers with Radar,9,33,57,40,139,0,0,41,13,54,9,33,98,53,193,38,50,88,281
01/22/2004,MGM,AL,ASO,ES,Towers with Radar,10,32,57,40,139,1,0,13,36,50,11,32,70,76,189,58,86,144,333
01/23/2004,MGM,AL,ASO,ES,Towers with Radar,7,30,52,37,126,0,0,49,24,73,7,30,101,61,199,22,72,94,293
01/24/2004,MGM,AL,ASO,ES,Towers with Radar,7,24,45,32,108,0,0,17,8,25,7,24,62,40,133,2,0,2,135
01/25/2004,MGM,AL,ASO,ES,Towers with Radar,6,20,33,22,81,1,0,2,0,3,7,20,35,22,84,0,34,34,118
01/26/2004,MGM,AL,ASO,ES,Towers with Radar,6,20,34,8,68,1,0,17,0,18,7,20,51,8,86,0,0,0,86
01/27/2004,MGM,AL,ASO,ES,Towers with Radar,8,24,49,34,115,0,0,9,10,19,8,24,58,44,134,22,54,76,210
01/28/2004,MGM,AL,ASO,ES,Towers with Radar,8,30,53,39,130,0,0,0,9,9,8,30,53,48,139,12,98,110,249
01/29/2004,MGM,AL,ASO,ES,Towers with Radar,10,30,57,39,136,1,0,16,21,38,11,30,73,60,174,14,104,118,292
01/30/2004,MGM,AL,ASO,ES,Towers with Radar,6,28,59,40,133,0,0,10,13,23,6,28,69,53,156,6,58,64,220
01/31/2004,MGM,AL,ASO,ES,Towers with Radar,6,20,35,12,73,2,3,30,0,35,8,23,65,12,108,6,16,22,130
02/01/2004,MGM,AL,ASO,ES,Towers with Radar,6,19,35,20,80,0,14,13,0,27,6,33,48,20,107,10,3,13,120
02/02/2004,MGM,AL,ASO,ES,Towers with Radar,7,22,38,22,89,2,7,0,0,9,9,29,38,22,98,0,16,16,114
02/03/2004,MGM,AL,ASO,ES,Towers with Radar,8,32,59,41,140,0,0,21,9,30,8,32,80,50,170,8,48,56,226
02/04/2004,MGM,AL,ASO,ES,Towers with Radar,8,31,67,46,152,0,0,18,38,56,8,31,85,84,208,34,116,150,358
02/05/2004,MGM,AL,ASO,ES,Towers with Radar,7,24,44,30,105,0,1,5,15,21,7,25,49,45,126,1,4,5,131
02/06/2004,MGM,AL,ASO,ES,Towers with Radar,9,21,47,32,109,4,0,11,1,16,13,21,58,33,125,2,2,4,129
02/07/2004,MGM,AL,ASO,ES,Towers with Radar,6,18,34,16,74,2,6,28,0,36,8,24,62,16,110,16,16,32,142
02/08/2004,MGM,AL,ASO,ES,Towers with Radar,7,19,37,23,86,2,2,37,0,41,9,21,74,23,127,30,26,56,183
02/09/2004,MGM,AL,ASO,ES,Towers with Radar,9,29,53,36,127,0,0,31,18,49,9,29,84,54,176,14,84,98,274
02/10/2004,MGM,AL,ASO,ES,Towers with Radar,8,29,52,36,125,0,1,19,10,30,8,30,71,46,155,40,98,138,293
02/11/2004,MGM,AL,ASO,ES,Towers with Radar,8,30,58,40,136,0,0,13,3,16,8,30,71,43,152,36,100,136,288
02/12/2004,MGM,AL,ASO,ES,Towers with Radar,6,32,69,48,155,0,0,15,19,34,6,32,84,67,189,16,0,16,205
02/13/2004,MGM,AL,ASO,ES,Towers with Radar,13,29,72,50,164,0,0,18,1,19,13,29,90,51,183,14,84,98,281
02/14/2004,MGM,AL,ASO,ES,Towers with Radar,5,16,28,0,49,1,16,15,0,32,6,32,43,0,81,4,0,4,85
02/15/2004,MGM,AL,ASO,ES,Towers with Radar,5,17,29,6,57,4,10,14,0,28,9,27,43,6,85,2,0,2,87
02/16/2004,MGM,AL,ASO,ES,Towers with Radar,8,29,51,15,103,0,0,19,0,19,8,29,70,15,122,98,10,108,230
02/17/2004,MGM,AL,ASO,ES,Towers with Radar,9,30,52,38,129,0,1,4,5,10,9,31,56,43,139,2,18,20,159
02/18/2004,MGM,AL,ASO,ES,Towers with Radar,9,28,57,41,135,0,0,41,4,45,9,28,98,45,180,28,44,72,252
02/19/2004,MGM,AL,ASO,ES,Towers with Radar,9,24,61,44,138,0,0,61,6,67,9,24,122,50,205,17,60,77,282
02/20/2004,MGM,AL,ASO,ES,Towers with Radar,6,29,71,51,157,0,0,6,42,48,6,29,77,93,205,34,134,168,373
02/21/2004,MGM,AL,ASO,ES,Towers with Radar,6,23,39,18,86,2,5,28,0,35,8,28,67,18,121,20,18,38,159
02/22/2004,MGM,AL,ASO,ES,Towers with Radar,5,19,33,2,59,4,4,36,0,44,9,23,69,2,103,54,4,58,161
02/23/2004,MGM,AL,ASO,ES,Towers with Radar,6,22,37,16,81,3,7,10,0,20,9,29,47,16,101,0,20,20,121
02/24/2004,MGM,AL,ASO,ES,Towers with Radar,7,26,44,32,109,3,3,9,19,34,10,29,53,51,143,12,18,30,173
02/25/2004,MGM,AL,ASO,ES,Towers with Radar,6,21,36,26,89,4,5,2,7,18,10,26,38,33,107,0,6,6,113
02/26/2004,MGM,AL,ASO,ES,Towers with Radar,5,24,44,32,105,0,0,16,11,27,5,24,60,43,132,0,2,2,134
02/27/2004,MGM,AL,ASO,ES,Towers with Radar,7,27,64,36,134,0,0,24,0,24,7,27,88,36,158,46,94,140,298
02/28/2004,MGM,AL,ASO,ES,Towers with Radar,6,21,38,25,90,2,1,40,14,57,8,22,78,39,147,4,24,28,175
02/29/2004,MGM,AL,ASO,ES,Towers with Radar,6,21,49,33,109,0,0,17,6,23,6,21,66,39,132,34,0,34,166
03/01/2004,MGM,AL,ASO,ES,Towers with Radar,8,21,42,36,107,2,3,3,6,14,10,24,45,42,121,8,88,96,217
03/02/2004,MGM,AL,ASO,ES,Towers with Radar,10,29,58,49,146,0,0,11,13,24,10,29,69,62,170,44,6,50,220
03/03/2004,MGM,AL,ASO,ES,Towers with Radar,9,31,66,56,162,0,0,4,42,46,9,31,70,98,208,6,22,28,236
03/04/2004,MGM,AL,ASO,ES,Towers with Radar,9,27,63,53,152,0,0,24,20,44,9,27,87,73,196,36,136,172,368
03/05/2004,MGM,AL,ASO,ES,Towers with Radar,5,27,53,37,122,0,3,23,0,26,5,30,76,37,148,14,36,50,198
03/06/2004,MGM,AL,ASO,ES,Towers with Radar,4,15,32,14,65,0,9,27,0,36,4,24,59,14,101,2,8,10,111
03/07/2004,MGM,AL,ASO,ES,Towers with Radar,8,19,38,12,77,1,2,31,0,34,9,21,69,12,111,8,0,8,119
03/08/2004,MGM,AL,ASO,ES,Towers with Radar,8,20,43,34,105,3,0,16,0,19,11,20,59,34,124,16,96,112,236
03/09/2004,MGM,AL,ASO,ES,Towers with Radar,10,25,55,47,137,4,0,13,25,42,14,25,68,72,179,32,46,78,257
03/10/2004,MGM,AL,ASO,ES,Towers with Radar,9,26,58,49,142,0,0,15,21,36,9,26,73,70,178,56,64,120,298
03/11/2004,MGM,AL,ASO,ES,Towers with Radar,5,29,61,51,146,0,0,48,12,60,5,29,109,63,206,36,28,64,270
03/12/2004,MGM,AL,ASO,ES,Towers with Radar,10,24,68,57,159,0,0,51,31,82,10,24,119,88,241,10,86,96,337
03/13/2004,MGM,AL,ASO,ES,Towers with Radar,8,20,41,30,99,1,2,48,0,51,9,22,89,30,150,32,30,62,212
03/14/2004,MGM,AL,ASO,ES,Towers with Radar,8,20,40,27,95,1,4,31,0,36,9,24,71,27,131,0,16,16,147
03/15/2004,MGM,AL,ASO,ES,Towers with Radar,8,25,50,42,125,0,2,2,17,21,8,27,52,59,146,6,156,162,308
03/16/2004,MGM,AL,ASO,ES,Towers with Radar,9,25,47,40,121,0,8,7,7,22,9,33,54,47,143,14,10,24,167
03/17/2004,MGM,AL,ASO,ES,Towers with Radar,9,28,53,47,137,0,0,38,19,57,9,28,91,66,194,2,70,72,266
03/18/2004,MGM,AL,ASO,ES,Towers with Radar,6,30,58,43,137,0,4,37,0,41,6,34,95,43,178,10,116,126,304
03/19/2004,MGM,AL,ASO,ES,Towers with Radar,11,27,61,54,153,0,0,32,5,37,11,27,93,59,190,4,124,128,318
03/20/2004,MGM,AL,ASO,ES,Towers with Radar,6,18,34,12,70,2,0,42,0,44,8,18,76,12,114,22,0,22,136
03/21/2004,MGM,AL,ASO,ES,Towers with Radar,6,20,38,20,84,3,0,29,0,32,9,20,67,20,116,3,2,5,121
03/22/2004,MGM,AL,ASO,ES,Towers with Radar,7,22,41,37,107,1,6,37,0,44,8,28,78,37,151,10,62,72,223
03/23/2004,MGM,AL,ASO,ES,Towers with Radar,7,23,43,35,108,2,3,33,0,38,9,26,76,35,146,4,44,48,194
03/24/2004,MGM,AL,ASO,ES,Towers with Radar,9,26,54,47,136,0,0,29,20,49,9,26,83,67,185,1,154,155,340
03/25/2004,MGM,AL,ASO,ES,Towers with Radar,6,30,58,51,145,0,0,22,46,68,6,30,80,97,213,10,88,98,311
03/26/2004,MGM,AL,ASO,ES,Towers with Radar,9,25,59,52,145,0,0,50,12,62,9,25,109,64,207,16,76,92,299
03/27/2004,MGM,AL,ASO,ES,Towers with Radar,6,18,34,9,67,2,3,68,0,73,8,21,102,9,140,12,18,30,170
03/28/2004,MGM,AL,ASO,ES,Towers with Radar,8,23,45,32,108,1,0,33,0,34,9,23,78,32,142,14,0,14,156
03/29/2004,MGM,AL,ASO,ES,Towers with Radar,9,26,50,44,129,0,1,50,0,51,9,27,100,44,180,34,60,94,274
03/30/2004,MGM,AL,ASO,ES,Towers with Radar,9,25,52,45,131,0,0,25,12,37,9,25,77,57,168,2,122,124,292
03/31/2004,MGM,AL,ASO,ES,Towers with Radar,9,26,66,58,159,0,0,20,7,27,9,26,86,65,186,18,94,112,298
04/01/2004,MGM,AL,ASO,ES,Towers with Radar,9,28,62,42,141,0,4,25,27,56,9,32,87,69,197,4,36,40,237
04/02/2004,MGM,AL,ASO,ES,Towers with Radar,9,29,63,43,144,0,2,36,22,60,9,31,99,65,204,52,52,104,308
04/03/2004,MGM,AL,ASO,ES,Towers with Radar,6,16,37,25,84,2,2,7,11,22,8,18,44,36,106,0,0,0,106
04/04/2004,MGM,AL,ASO,ES,Towers with Radar,8,21,46,32,107,1,0,23,3,27,9,21,69,35,134,20,8,28,162
04/05/2004,MGM,AL,ASO,ES,Towers with Radar,8,22,52,35,117,0,0,23,2,25,8,22,75,37,142,17,72,89,231
04/06/2004,MGM,AL,ASO,ES,Towers with Radar,10,25,62,43,140,0,0,76,10,86,10,25,138,53,226,60,52,112,338
04/07/2004,MGM,AL,ASO,ES,Towers with Radar,7,25,58,40,130,0,0,37,5,42,7,25,95,45,172,4,32,36,208
04/08/2004,MGM,AL,ASO,ES,Towers with Radar,10,23,64,16,113,0,0,61,0,61,10,23,125,16,174,9,10,19,193
04/09/2004,MGM,AL,ASO,ES,Towers with Radar,9,21,63,44,137,0,0,41,15,56,9,21,104,59,193,20,66,86,279
04/10/2004,MGM,AL,ASO,ES,Towers with Radar,5,12,28,2,47,3,10,51,0,64,8,22,79,2,111,12,8,20,131
04/11/2004,MGM,AL,ASO,ES,Towers with Radar,6,15,35,12,68,3,6,6,0,15,9,21,41,12,83,2,0,2,85
04/12/2004,MGM,AL,ASO,ES,Towers with Radar,10,26,58,39,133,5,2,17,0,24,15,28,75,39,157,22,20,42,199
04/13/2004,MGM,AL,ASO,ES,Towers with Radar,6,24,54,32,116,0,11,19,0,30,6,35,73,32,146,16,0,16,162
04/14/2004,MGM,AL,ASO,ES,Towers with Radar,8,30,68,48,154,0,0,35,48,83,8,30,103,96,237,12,208,220,457
04/15/2004,MGM,AL,ASO,ES,Towers with Radar,5,31,65,46,147,0,0,65,7,72,5,31,130,53,219,26,24,50,269
04/16/2004,MGM,AL,ASO,ES,Towers with Radar,5,33,73,52,163,0,0,53,26,79,5,33,126,78,242,2,68,70,312
04/17/2004,MGM,AL,ASO,ES,Towers with Radar,5,16,33,6,60,3,6,27,0,36,8,22,60,6,96,26,0,26,122
04/18/2004,MGM,AL,ASO,ES,Towers with Radar,5,17,36,2,60,2,6,25,0,33,7,23,61,2,93,0,0,0,93
04/19/2004,MGM,AL,ASO,ES,Towers with Radar,7,21,46,30,104,2,0,28,0,30,9,21,74,30,134,5,50,55,189
04/20/2004,MGM,AL,ASO,ES,Towers with Radar,8,24,51,36,119,2,0,41,4,47,10,24,92,40,166,8,44,52,218
04/21/2004,MGM,AL,ASO,ES,Towers with Radar,9,27,59,42,137,0,0,45,5,50,9,27,104,47,187,8,8,16,203
04/22/2004,MGM,AL,ASO,ES,Towers with Radar,10,22,70,50,152,0,0,5,31,36,10,22,75,81,188,20,110,130,318
04/23/2004,MGM,AL,ASO,ES,Towers with Radar,9,25,64,46,144,0,0,21,28,49,9,25,85,74,193,8,82,90,283
04/24/2004,MGM,AL,ASO,ES,Towers with Radar,5,16,32,16,69,3,6,37,0,46,8,22,69,16,115,8,6,14,129
04/25/2004,MGM,AL,ASO,ES,Towers with Radar,5,25,53,24,107,0,5,18,0,23,5,30,71,24,130,18,8,26,156
04/26/2004,MGM,AL,ASO,ES,Towers with Radar,7,22,45,26,100,0,3,12,0,15,7,25,57,26,115,0,26,26,141
04/27/2004,MGM,AL,ASO,ES,Towers with Radar,8,21,55,39,123,2,0,51,13,66,10,21,106,52,189,2,82,84,273
04/28/2004,MGM,AL,ASO,ES,Towers with Radar,9,21,64,46,140,0,0,43,23,66,9,21,107,69,206,16,82,98,304
04/29/2004,MGM,AL,ASO,ES,Towers with Radar,10,26,65,46,147,1,0,22,1,24,11,26,87,47,171,8,8,16,187
04/30/2004,MGM,AL,ASO,ES,Towers with Radar,8,24,51,37,120,0,0,0,24,24,8,24,51,61,144,2,10,12,156
05/01/2004,MGM,AL,ASO,ES,Towers with Radar,7,17,36,22,82,2,4,12,2,20,9,21,48,24,102,0,32,32,134
05/02/2004,MGM,AL,ASO,ES,Towers with Radar,8,20,42,15,85,1,5,2,0,8,9,25,44,15,93,2,0,2,95
05/03/2004,MGM,AL,ASO,ES,Towers with Radar,9,24,50,30,113,0,3,20,10,33,9,27,70,40,146,6,6,12,158
05/04/2004,MGM,AL,ASO,ES,Towers with Radar,9,24,53,32,118,0,0,63,5,68,9,24,116,37,186,34,40,74,260
05/05/2004,MGM,AL,ASO,ES,Towers with Radar,9,23,57,35,124,0,0,51,45,96,9,23,108,80,220,22,38,60,280
05/06/2004,MGM,AL,ASO,ES,Towers with Radar,7,24,68,42,141,0,0,31,25,56,7,24,99,67,197,0,40,40,237
05/07/2004,MGM,AL,ASO,ES,Towers with Radar,10,22,62,38,132,0,0,71,11,82,10,22,133,49,214,24,20,44,258
05/08/2004,MGM,AL,ASO,ES,Towers with Radar,6,15,32,9,62,2,8,17,0,27,8,23,49,9,89,6,0,6,95
05/09/2004,MGM,AL,ASO,ES,Towers with Radar,9,22,46,26,103,0,2,29,0,31,9,24,75,26,134,0,2,2,136
05/10/2004,MGM,AL,ASO,ES,Towers with Radar,9,22,48,29,108,1,2,19,13,35,10,24,67,42,143,8,0,8,151
05/11/2004,MGM,AL,ASO,ES,Towers with Radar,7,29,62,38,136,0,1,51,21,73,7,30,113,59,209,8,64,72,281
05/12/2004,MGM,AL,ASO,ES,Towers with Radar,9,25,55,34,123,0,0,21,38,59,9,25,76,72,182,14,160,174,356
05/13/2004,MGM,AL,ASO,ES,Towers with Radar,9,23,50,30,112,0,4,12,2,18,9,27,62,32,130,0,22,22,152
05/14/2004,MGM,AL,ASO,ES,Towers with Radar,11,19,64,39,133,0,0,37,23,60,11,19,101,62,193,50,136,186,379
05/15/2004,MGM,AL,ASO,ES,Towers with Radar,5,14,28,13,60,3,6,14,0,23,8,20,42,13,83,16,0,16,99
05/16/2004,MGM,AL,ASO,ES,Towers with Radar,7,19,39,4,69,3,2,28,0,33,10,21,67,4,102,16,0,16,118
05/17/2004,MGM,AL,ASO,ES,Towers with Radar,4,23,46,29,102,0,3,11,7,21,4,26,57,36,123,0,122,122,245
05/18/2004,MGM,AL,ASO,ES,Towers with Radar,7,21,42,27,97,4,2,20,13,39,11,23,62,40,136,20,52,72,208
05/19/2004,MGM,AL,ASO,ES,Towers with Radar,9,24,49,30,112,0,0,22,0,22,9,24,71,30,134,10,16,26,160
05/20/2004,MGM,AL,ASO,ES,Towers with Radar,8,30,67,42,147,0,0,44,10,54,8,30,111,52,201,50,109,159,360
05/21/2004,MGM,AL,ASO,ES,Towers with Radar,10,27,54,34,125,0,0,37,21,58,10,27,91,55,183,30,104,134,317
05/22/2004,MGM,AL,ASO,ES,Towers with Radar,5,15,29,15,64,3,5,24,0,32,8,20,53,15,96,22,0,22,118
05/23/2004,MGM,AL,ASO,ES,Towers with Radar,8,22,45,29,104,0,4,26,1,31,8,26,71,30,135,0,0,0,135
05/24/2004,MGM,AL,ASO,ES,Towers with Radar,9,26,52,33,120,1,0,10,12,23,10,26,62,45,143,22,26,48,191
05/25/2004,MGM,AL,ASO,ES,Towers with Radar,8,21,52,33,114,0,0,30,27,57,8,21,82,60,171,10,76,86,257
05/26/2004,MGM,AL,ASO,ES,Towers with Radar,9,23,53,34,119,0,0,10,33,43,9,23,63,67,162,24,96,120,282
05/27/2004,MGM,AL,ASO,ES,Towers with Radar,10,20,67,38,135,0,0,36,0,36,10,20,103,38,171,20,70,90,261
05/28/2004,MGM,AL,ASO,ES,Towers with Radar,9,23,68,35,135,0,0,28,0,28,9,23,96,35,163,22,24,46,209
05/29/2004,MGM,AL,ASO,ES,Towers with Radar,6,17,33,4,60,2,4,42,0,48,8,21,75,4,108,4,0,4,112
05/30/2004,MGM,AL,ASO,ES,Towers with Radar,5,14,27,5,51,4,1,21,0,26,9,15,48,5,77,16,0,16,93
05/31/2004,MGM,AL,ASO,ES,Towers with Radar,4,13,23,4,44,4,12,0,0,16,8,25,23,4,60,0,0,0,60
06/01/2004,MGM,AL,ASO,ES,Towers with Radar,9,21,39,20,89,0,0,11,0,11,9,21,50,20,100,15,0,15,115
06/02/2004,MGM,AL,ASO,ES,Towers with Radar,10,21,44,30,105,0,0,7,7,14,10,21,51,37,119,0,0,0,119
06/03/2004,MGM,AL,ASO,ES,Towers with Radar,8,22,49,33,112,0,0,37,2,39,8,22,86,35,151,22,14,36,187
06/04/2004,MGM,AL,ASO,ES,Towers with Radar,8,21,54,20,103,0,0,39,0,39,8,21,93,20,142,34,14,48,190
06/05/2004,MGM,AL,ASO,ES,Towers with Radar,10,17,31,16,74,0,6,25,0,31,10,23,56,16,105,12,4,16,121
06/06/2004,MGM,AL,ASO,ES,Towers with Radar,9,17,32,14,72,0,8,20,0,28,9,25,52,14,100,8,1,9,109
06/07/2004,MGM,AL,ASO,ES,Towers with Radar,4,22,43,15,84,0,6,16,0,22,4,28,59,15,106,12,98,110,216
06/08/2004,MGM,AL,ASO,ES,Towers with Radar,8,22,50,33,113,0,0,39,25,64,8,22,89,58,177,22,26,48,225
06/09/2004,MGM,AL,ASO,ES,Towers with Radar,7,28,54,36,125,0,0,62,34,96,7,28,116,70,221,16,130,146,367
06/10/2004,MGM,AL,ASO,ES,Towers with Radar,11,23,66,44,144,0,0,37,35,72,11,23,103,79,216,24,28,52,268
06/11/2004,MGM,AL,ASO,ES,Towers with Radar,20,10,50,20,100,0,0,51,0,51,20,10,101,20,151,18,6,24,175
06/12/2004,MGM,AL,ASO,ES,Towers with Radar,8,19,35,16,78,0,3,24,0,27,8,22,59,16,105,6,4,10,115
06/13/2004,MGM,AL,ASO,ES,Towers with Radar,7,23,45,18,93,0,0,23,0,23,7,23,68,18,116,12,14,26,142
06/14/2004,MGM,AL,ASO,ES,Towers with Radar,9,18,35,22,84,0,7,12,20,39,9,25,47,42,123,0,0,0,123
06/15/2004,MGM,AL,ASO,ES,Towers with Radar,9,21,39,22,91,0,0,19,0,19,9,21,58,22,110,0,14,14,124
06/16/2004,MGM,AL,ASO,ES,Towers with Radar,9,26,60,38,133,0,0,27,29,56,9,26,87,67,189,28,50,78,267
06/17/2004,MGM,AL,ASO,ES,Towers with Radar,9,22,60,38,129,0,0,39,12,51,9,22,99,50,180,36,20,56,236
06/18/2004,MGM,AL,ASO,ES,Towers with Radar,9,23,47,29,108,0,0,11,0,11,9,23,58,29,119,22,38,60,179
06/19/2004,MGM,AL,ASO,ES,Towers with Radar,9,15,31,6,61,0,4,34,0,38,9,19,65,6,99,12,0,12,111
06/20/2004,MGM,AL,ASO,ES,Towers with Radar,8,18,36,8,70,0,5,13,0,18,8,23,49,8,88,25,0,25,113
06/21/2004,MGM,AL,ASO,ES,Towers with Radar,8,20,49,31,108,0,0,16,18,34,8,20,65,49,142,20,114,134,276
06/22/2004,MGM,AL,ASO,ES,Towers with Radar,9,22,45,28,104,0,0,33,7,40,9,22,78,35,144,20,20,40,184
06/23/2004,MGM,AL,ASO,ES,Towers with Radar,8,24,58,37,127,0,0,30,20,50,8,24,88,57,177,8,60,68,245
06/24/2004,MGM,AL,ASO,ES,Towers with Radar,9,22,45,22,98,0,0,28,0,28,9,22,73,22,126,48,6,54,180
06/25/2004,MGM,AL,ASO,ES,Towers with Radar,9,20,53,33,115,0,0,13,21,34,9,20,66,54,149,6,14,20,169
06/26/2004,MGM,AL,ASO,ES,Towers with Radar,8,15,31,10,64,0,5,29,0,34,8,20,60,10,98,16,34,50,148
06/27/2004,MGM,AL,ASO,ES,Towers with Radar,9,18,36,6,69,0,5,6,0,11,9,23,42,6,80,9,2,11,91
06/28/2004,MGM,AL,ASO,ES,Towers with Radar,13,17,34,18,82,0,6,36,0,42,13,23,70,18,124,87,134,221,345
06/29/2004,MGM,AL,ASO,ES,Towers with Radar,9,25,49,32,115,0,2,38,31,71,9,27,87,63,186,168,122,290,476
06/30/2004,MGM,AL,ASO,ES,Towers with Radar,9,24,57,38,128,0,0,38,44,82,9,24,95,82,210,172,138,310,520
07/01/2004,MGM,AL,ASO,ES,Towers with Radar,8,24,47,33,112,0,3,13,35,51,8,27,60,68,163,72,124,196,359
07/02/2004,MGM,AL,ASO,ES,Towers with Radar,11,23,54,38,126,0,0,43,3,46,11,23,97,41,172,14,2,16,188
07/03/2004,MGM,AL,ASO,ES,Towers with Radar,6,12,25,0,43,2,8,14,0,24,8,20,39,0,67,32,0,32,99
07/04/2004,MGM,AL,ASO,ES,Towers with Radar,4,7,15,0,26,5,11,9,0,25,9,18,24,0,51,10,0,10,61
07/05/2004,MGM,AL,ASO,ES,Towers with Radar,7,16,31,5,59,2,7,26,0,35,9,23,57,5,94,2,0,2,96
07/06/2004,MGM,AL,ASO,ES,Towers with Radar,9,23,44,31,107,0,1,27,15,43,9,24,71,46,150,38,88,126,276
07/07/2004,MGM,AL,ASO,ES,Towers with Radar,10,20,53,37,120,0,0,17,37,54,10,20,70,74,174,30,106,136,310
07/08/2004,MGM,AL,ASO,ES,Towers with Radar,8,23,50,35,116,0,0,25,23,48,8,23,75,58,164,0,28,28,192
07/09/2004,MGM,AL,ASO,ES,Towers with Radar,9,22,61,43,135,0,0,17,45,62,9,22,78,88,197,12,116,128,325
07/10/2004,MGM,AL,ASO,ES,Towers with Radar,7,16,31,22,76,2,3,30,12,47,9,19,61,34,123,24,10,34,157
07/11/2004,MGM,AL,ASO,ES,Towers with Radar,9,20,39,20,88,0,0,44,0,44,9,20,83,20,132,14,6,20,152
07/12/2004,MGM,AL,ASO,ES,Towers with Radar,9,21,42,18,90,9,0,36,0,45,18,21,78,18,135,28,14,42,177
07/13/2004,MGM,AL,ASO,ES,Towers with Radar,8,21,42,22,93,0,2,23,0,25,8,23,65,22,118,32,32,64,182
07/14/2004,MGM,AL,ASO,ES,Towers with Radar,7,23,46,33,109,0,0,44,6,50,7,23,90,39,159,48,56,104,263
07/15/2004,MGM,AL,ASO,ES,Towers with Radar,10,28,61,44,143,0,0,37,25,62,10,28,98,69,205,40,110,150,355
07/16/2004,MGM,AL,ASO,ES,Towers with Radar,10,22,47,34,113,0,0,36,16,52,10,22,83,50,165,10,58,68,233
07/17/2004,MGM,AL,ASO,ES,Towers with Radar,4,11,16,12,43,2,10,0,0,12,6,21,16,12,55,22,2,24,79
07/18/2004,MGM,AL,ASO,ES,Towers with Radar,8,20,37,20,85,0,3,5,0,8,8,23,42,20,93,16,0,16,109
07/19/2004,MGM,AL,ASO,ES,Towers with Radar,8,24,43,32,107,0,2,28,5,35,8,26,71,37,142,18,68,86,228
07/20/2004,MGM,AL,ASO,ES,Towers with Radar,9,20,56,41,126,0,0,46,16,62,9,20,102,57,188,16,78,94,282
07/21/2004,MGM,AL,ASO,ES,Towers with Radar,9,27,49,36,121,0,1,44,14,59,9,28,93,50,180,12,20,32,212
07/22/2004,MGM,AL,ASO,ES,Towers with Radar,10,24,55,40,129,0,0,33,42,75,10,24,88,82,204,24,70,94,298
07/23/2004,MGM,AL,ASO,ES,Towers with Radar,9,22,51,38,120,0,0,9,14,23,9,22,60,52,143,4,4,8,151
07/24/2004,MGM,AL,ASO,ES,Towers with Radar,6,17,31,13,67,2,4,12,0,18,8,21,43,13,85,46,16,62,147
07/25/2004,MGM,AL,ASO,ES,Towers with Radar,7,20,36,22,85,7,1,19,0,27,14,21,55,22,112,14,4,18,130
07/26/2004,MGM,AL,ASO,ES,Towers with Radar,7,19,35,25,86,2,2,16,0,20,9,21,51,25,106,10,114,124,230
07/27/2004,MGM,AL,ASO,ES,Towers with Radar,8,23,42,31,104,0,0,17,3,20,8,23,59,34,124,3,12,15,139
07/28/2004,MGM,AL,ASO,ES,Towers with Radar,9,25,52,39,125,0,0,44,28,72,9,25,96,67,197,30,86,116,313
07/29/2004,MGM,AL,ASO,ES,Towers with Radar,9,21,49,36,115,0,0,21,16,37,9,21,70,52,152,0,72,72,224
07/30/2004,MGM,AL,ASO,ES,Towers with Radar,10,26,55,39,130,0,0,29,17,46,10,26,84,56,176,8,62,70,246
07/31/2004,MGM,AL,ASO,ES,Towers with Radar,6,16,30,10,62,4,7,28,0,39,10,23,58,10,101,24,0,24,125
08/01/2004,MGM,AL,ASO,ES,Towers with Radar,7,15,32,8,62,3,5,22,0,30,10,20,54,8,92,17,0,17,109
08/02/2004,MGM,AL,ASO,ES,Towers with Radar,10,18,42,32,102,3,0,27,14,44,13,18,69,46,146,34,38,72,218
08/03/2004,MGM,AL,ASO,ES,Towers with Radar,9,19,46,35,109,0,0,10,16,26,9,19,56,51,135,2,24,26,161
08/04/2004,MGM,AL,ASO,ES,Towers with Radar,10,22,50,38,120,0,0,41,17,58,10,22,91,55,178,10,48,58,236
08/05/2004,MGM,AL,ASO,ES,Towers with Radar,10,22,57,44,133,0,0,8,22,30,10,22,65,66,163,14,68,82,245
08/06/2004,MGM,AL,ASO,ES,Towers with Radar,9,23,51,39,122,0,0,29,9,38,9,23,80,48,160,24,72,96,256
08/07/2004,MGM,AL,ASO,ES,Towers with Radar,6,13,28,21,68,3,8,24,4,39,9,21,52,25,107,34,0,34,141
08/08/2004,MGM,AL,ASO,ES,Towers with Radar,7,15,31,22,75,0,8,13,0,21,7,23,44,22,96,12,26,38,134
08/09/2004,MGM,AL,ASO,ES,Towers with Radar,8,17,35,10,70,0,10,27,0,37,8,27,62,10,107,4,0,4,111
08/10/2004,MGM,AL,ASO,ES,Towers with Radar,7,16,33,21,77,0,7,4,0,11,7,23,37,21,88,0,0,0,88
08/11/2004,MGM,AL,ASO,ES,Towers with Radar,11,26,55,42,134,0,0,14,29,43,11,26,69,71,177,64,34,98,275
08/12/2004,MGM,AL,ASO,ES,Towers with Radar,7,17,36,26,86,2,9,11,0,22,9,26,47,26,108,0,0,0,108
08/13/2004,MGM,AL,ASO,ES,Towers with Radar,9,23,46,31,109,0,0,36,0,36,9,23,82,31,145,28,68,96,241
08/14/2004,MGM,AL,ASO,ES,Towers with Radar,6,15,28,19,68,2,6,65,0,73,8,21,93,19,141,43,34,77,218
08/15/2004,MGM,AL,ASO,ES,Towers with Radar,7,17,32,14,70,2,6,56,0,64,9,23,88,14,134,36,0,36,170
08/16/2004,MGM,AL,ASO,ES,Towers with Radar,9,22,47,28,106,0,0,37,0,37,9,22,84,28,143,4,68,72,215
08/17/2004,MGM,AL,ASO,ES,Towers with Radar,8,22,52,41,123,0,0,44,17,61,8,22,96,58,184,0,48,48,232
08/18/2004,MGM,AL,ASO,ES,Towers with Radar,12,22,52,42,128,2,0,19,29,50,14,22,71,71,178,32,14,46,224
08/19/2004,MGM,AL,ASO,ES,Towers with Radar,8,20,53,42,123,0,0,39,24,63,8,20,92,66,186,18,84,102,288
08/20/2004,MGM,AL,ASO,ES,Towers with Radar,8,21,64,51,144,0,0,16,71,87,8,21,80,122,231,6,96,102,333
08/21/2004,MGM,AL,ASO,ES,Towers with Radar,4,12,23,9,48,4,8,5,0,17,8,20,28,9,65,14,0,14,79
08/22/2004,MGM,AL,ASO,ES,Towers with Radar,7,17,33,4,61,2,3,12,0,17,9,20,45,4,78,20,0,20,98
08/23/2004,MGM,AL,ASO,ES,Towers with Radar,8,19,41,33,101,1,0,21,0,22,9,19,62,33,123,8,18,26,149
08/24/2004,MGM,AL,ASO,ES,Towers with Radar,9,23,50,39,121,0,0,31,22,53,9,23,81,61,174,6,21,27,201
08/25/2004,MGM,AL,ASO,ES,Towers with Radar,9,23,51,40,123,0,0,26,7,33,9,23,77,47,156,6,24,30,186
08/26/2004,MGM,AL,ASO,ES,Towers with Radar,10,22,51,41,124,0,0,16,21,37,10,22,67,62,161,14,6,20,181
08/27/2004,MGM,AL,ASO,ES,Towers with Radar,9,24,61,47,141,0,0,23,23,46,9,24,84,70,187,6,114,120,307
08/28/2004,MGM,AL,ASO,ES,Towers with Radar,6,16,30,23,75,2,7,24,18,51,8,23,54,41,126,32,12,44,170
08/29/2004,MGM,AL,ASO,ES,Towers with Radar,7,19,36,2,64,8,4,8,0,20,15,23,44,2,84,0,0,0,84
08/30/2004,MGM,AL,ASO,ES,Towers with Radar,8,27,55,42,132,0,0,19,44,63,8,27,74,86,195,12,91,103,298
08/31/2004,MGM,AL,ASO,ES,Towers with Radar,9,23,49,37,118,0,0,25,12,37,9,23,74,49,155,38,54,92,247
09/01/2004,MGM,AL,ASO,ES,Towers with Radar,9,22,69,22,122,0,0,14,41,55,9,22,83,63,177,10,88,98,275
09/02/2004,MGM,AL,ASO,ES,Towers with Radar,11,23,91,30,155,0,0,26,12,38,11,23,117,42,193,0,0,0,193
09/03/2004,MGM,AL,ASO,ES,Towers with Radar,10,27,64,21,122,0,0,20,8,28,10,27,84,29,150,26,26,52,202
09/04/2004,MGM,AL,ASO,ES,Towers with Radar,5,11,28,0,44,5,11,26,0,42,10,22,54,0,86,4,2,6,92
09/05/2004,MGM,AL,ASO,ES,Towers with Radar,5,12,29,3,49,5,4,3,0,12,10,16,32,3,61,20,0,20,81
09/06/2004,MGM,AL,ASO,ES,Towers with Radar,3,6,12,0,21,2,13,0,0,15,5,19,12,0,36,8,0,8,44
09/07/2004,MGM,AL,ASO,ES,Towers with Radar,7,16,39,12,74,2,7,6,0,15,9,23,45,12,89,0,0,0,89
09/08/2004,MGM,AL,ASO,ES,Towers with Radar,10,23,57,19,109,0,0,18,24,42,10,23,75,43,151,8,94,102,253
09/09/2004,MGM,AL,ASO,ES,Towers with Radar,10,24,64,21,119,0,0,33,35,68,10,24,97,56,187,24,98,122,309
09/10/2004,MGM,AL,ASO,ES,Towers with Radar,9,28,64,21,122,0,5,45,42,92,9,33,109,63,214,14,82,96,310
09/11/2004,MGM,AL,ASO,ES,Towers with Radar,9,18,50,5,82,2,0,32,0,34,11,18,82,5,116,18,0,18,134
09/12/2004,MGM,AL,ASO,ES,Towers with Radar,8,19,44,11,82,1,2,4,0,7,9,21,48,11,89,0,0,0,89
09/13/2004,MGM,AL,ASO,ES,Towers with Radar,9,22,59,20,110,0,0,28,7,35,9,22,87,27,145,6,75,81,226
09/14/2004,MGM,AL,ASO,ES,Towers with Radar,9,24,65,20,118,0,0,17,0,17,9,24,82,20,135,30,0,30,165
09/15/2004,MGM,AL,ASO,ES,Towers with Radar,4,11,24,9,48,7,12,12,0,31,11,23,36,9,79,2,0,2,81
09/16/2004,MGM,AL,ASO,ES,Towers with Radar,0,0,0,0,0,0,0,0,0,0,0,0,0,0,0,0,0,0,0
09/17/2004,MGM,AL,ASO,ES,Towers with Radar,7,19,45,7,78,1,0,44,0,45,8,19,89,7,123,4,0,4,127
09/18/2004,MGM,AL,ASO,ES,Towers with Radar,9,20,55,19,103,1,0,9,12,22,10,20,64,31,125,4,0,4,129
09/19/2004,MGM,AL,ASO,ES,Towers with Radar,7,21,45,16,89,2,3,21,8,34,9,24,66,24,123,8,18,26,149
09/20/2004,MGM,AL,ASO,ES,Towers with Radar,9,22,51,18,100,0,0,55,16,71,9,22,106,34,171,6,66,72,243
09/21/2004,MGM,AL,ASO,ES,Towers with Radar,8,22,48,17,95,0,3,41,7,51,8,25,89,24,146,6,4,10,156
09/22/2004,MGM,AL,ASO,ES,Towers with Radar,8,22,57,20,107,0,0,71,46,117,8,22,128,66,224,8,74,82,306
09/23/2004,MGM,AL,ASO,ES,Towers with Radar,6,24,54,19,103,0,4,61,6,71,6,28,115,25,174,20,60,80,254
09/24/2004,MGM,AL,ASO,ES,Towers with Radar,9,24,62,22,117,0,0,35,19,54,9,24,97,41,171,54,40,94,265
09/25/2004,MGM,AL,ASO,ES,Towers with Radar,7,20,45,16,88,1,0,20,0,21,8,20,65,16,109,0,0,0,109
09/26/2004,MGM,AL,ASO,ES,Towers with Radar,7,19,42,11,79,2,2,37,0,41,9,21,79,11,120,2,0,2,122
09/27/2004,MGM,AL,ASO,ES,Towers with Radar,9,24,54,18,105,2,2,24,5,33,11,26,78,23,138,6,0,6,144
09/28/2004,MGM,AL,ASO,ES,Towers with Radar,7,21,71,23,122,0,0,20,16,36,7,21,91,39,158,24,40,64,222
09/29/2004,MGM,AL,ASO,ES,Towers with Radar,9,24,55,18,106,0,0,37,1,38,9,24,92,19,144,2,0,2,146
09/30/2004,MGM,AL,ASO,ES,Towers with Radar,8,25,56,18,107,0,0,45,8,53,8,25,101,26,160,60,0,60,220
10/01/2004,MGM,AL,ASO,ES,Towers with Radar,10,22,40,31,103,0,0,31,10,41,10,22,71,41,144,10,104,114,258
10/02/2004,MGM,AL,ASO,ES,Towers with Radar,10,21,34,2,67,0,0,28,10,38,10,21,62,12,105,6,0,6,111
10/03/2004,MGM,AL,ASO,ES,Towers with Radar,8,22,32,1,63,0,0,13,1,14,8,22,45,2,77,0,0,0,77
10/04/2004,MGM,AL,ASO,ES,Towers with Radar,9,22,36,35,102,0,0,33,1,34,9,22,69,36,136,14,138,152,288
10/05/2004,MGM,AL,ASO,ES,Towers with Radar,9,29,62,42,142,0,0,28,8,36,9,29,90,50,178,30,52,82,260
10/06/2004,MGM,AL,ASO,ES,Towers with Radar,10,25,38,37,110,0,0,37,11,48,10,25,75,48,158,0,52,52,210
10/07/2004,MGM,AL,ASO,ES,Towers with Radar,8,21,75,55,159,0,0,21,6,27,8,21,96,61,186,8,50,58,244
10/08/2004,MGM,AL,ASO,ES,Towers with Radar,9,21,69,55,154,0,0,20,1,21,9,21,89,56,175,16,114,130,305
10/09/2004,MGM,AL,ASO,ES,Towers with Radar,9,22,25,12,68,0,0,4,0,4,9,22,29,12,72,10,0,10,82
10/10/2004,MGM,AL,ASO,ES,Towers with Radar,7,23,29,2,61,0,0,1,0,1,7,23,30,2,62,2,0,2,64
10/11/2004,MGM,AL,ASO,ES,Towers with Radar,10,24,43,7,84,0,0,13,0,13,10,24,56,7,97,16,0,16,113
10/12/2004,MGM,AL,ASO,ES,Towers with Radar,9,24,86,26,145,0,0,11,2,13,9,24,97,28,158,0,44,44,202
10/13/2004,MGM,AL,ASO,ES,Towers with Radar,9,24,62,26,121,0,0,23,11,34,9,24,85,37,155,14,29,43,198
10/14/2004,MGM,AL,ASO,ES,Towers with Radar,9,24,69,44,146,0,0,25,6,31,9,24,94,50,177,8,136,144,321
10/15/2004,MGM,AL,ASO,ES,Towers with Radar,9,27,50,36,122,0,0,32,5,37,9,27,82,41,159,16,86,102,261
10/16/2004,MGM,AL,ASO,ES,Towers with Radar,10,21,46,11,88,0,0,48,2,50,10,21,94,13,138,38,0,38,176
10/17/2004,MGM,AL,ASO,ES,Towers with Radar,9,23,41,14,87,0,0,38,0,38,9,23,79,14,125,2,0,2,127
10/18/2004,MGM,AL,ASO,ES,Towers with Radar,11,26,56,44,137,0,0,7,0,7,11,26,63,44,144,44,80,124,268
10/19/2004,MGM,AL,ASO,ES,Towers with Radar,9,21,45,7,82,0,0,3,0,3,9,21,48,7,85,0,0,0,85
10/20/2004,MGM,AL,ASO,ES,Towers with Radar,10,28,82,29,149,0,0,6,7,13,10,28,88,36,162,2,10,12,174
10/21/2004,MGM,AL,ASO,ES,Towers with Radar,7,24,66,41,138,0,0,11,6,17,7,24,77,47,155,2,21,23,178
10/22/2004,MGM,AL,ASO,ES,Towers with Radar,9,23,63,26,121,0,0,5,3,8,9,23,68,29,129,0,0,0,129
10/23/2004,MGM,AL,ASO,ES,Towers with Radar,8,24,26,10,68,0,0,20,5,25,8,24,46,15,93,12,2,14,107
10/24/2004,MGM,AL,ASO,ES,Towers with Radar,6,22,45,20,93,0,0,23,1,24,6,22,68,21,117,18,12,30,147
10/25/2004,MGM,AL,ASO,ES,Towers with Radar,8,21,56,27,112,0,0,26,2,28,8,21,82,29,140,10,48,58,198
10/26/2004,MGM,AL,ASO,ES,Towers with Radar,9,24,56,43,132,0,0,23,6,29,9,24,79,49,161,4,76,80,241
10/27/2004,MGM,AL,ASO,ES,Towers with Radar,9,25,75,59,168,0,0,12,10,22,9,25,87,69,190,6,6,12,202
10/28/2004,MGM,AL,ASO,ES,Towers with Radar,6,24,71,41,142,0,0,14,11,25,6,24,85,52,167,4,14,18,185
10/29/2004,MGM,AL,ASO,ES,Towers with Radar,9,25,62,31,127,0,0,29,6,35,9,25,91,37,162,22,0,22,184
10/30/2004,MGM,AL,ASO,ES,Towers with Radar,9,21,25,5,60,0,0,16,0,16,9,21,41,5,76,0,0,0,76
10/31/2004,MGM,AL,ASO,ES,Towers with Radar,9,27,53,6,95,0,2,23,0,25,9,29,76,6,120,42,0,42,162
11/01/2004,MGM,AL,ASO,ES,Combined TRACON& Tower with Radar,11,24,40,56,131,0,0,16,4,20,11,24,56,60,151,4,110,114,265
11/02/2004,MGM,AL,ASO,ES,Combined TRACON& Tower with Radar,8,28,33,39,108,0,0,4,5,9,8,28,37,44,117,0,44,44,161
11/03/2004,MGM,AL,ASO,ES,Combined TRACON& Tower with Radar,12,21,34,7,74,0,0,0,0,0,12,21,34,7,74,0,0,0,74
11/04/2004,MGM,AL,ASO,ES,Combined TRACON& Tower with Radar,14,17,62,38,131,0,0,11,10,21,14,17,73,48,152,14,76,90,242
11/05/2004,MGM,AL,ASO,ES,Combined TRACON& Tower with Radar,15,20,60,66,161,0,0,54,18,72,15,20,114,84,233,2,64,66,299
11/06/2004,MGM,AL,ASO,ES,Combined TRACON& Tower with Radar,12,19,25,38,94,0,0,39,12,51,12,19,64,50,145,34,34,68,213
11/07/2004,MGM,AL,ASO,ES,Combined TRACON& Tower with Radar,10,20,26,25,81,0,0,36,19,55,10,20,62,44,136,18,8,26,162
11/08/2004,MGM,AL,ASO,ES,Combined TRACON& Tower with Radar,10,21,47,16,94,0,0,31,2,33,10,21,78,18,127,0,86,86,213
11/09/2004,MGM,AL,ASO,ES,Combined TRACON& Tower with Radar,11,22,44,49,126,0,0,41,5,46,11,22,85,54,172,6,72,78,250
11/10/2004,MGM,AL,ASO,ES,Combined TRACON& Tower with Radar,12,24,58,59,153,0,0,34,5,39,12,24,92,64,192,2,98,100,292
11/11/2004,MGM,AL,ASO,ES,Combined TRACON& Tower with Radar,12,17,44,10,83,0,0,0,1,1,12,17,44,11,84,0,0,0,84
11/12/2004,MGM,AL,ASO,ES,Combined TRACON& Tower with Radar,8,25,35,31,99,0,0,8,3,11,8,25,43,34,110,0,0,0,110
11/13/2004,MGM,AL,ASO,ES,Combined TRACON& Tower with Radar,10,21,38,24,93,0,0,14,4,18,10,21,52,28,111,0,0,0,111
11/14/2004,MGM,AL,ASO,ES,Combined TRACON& Tower with Radar,11,23,30,26,90,0,0,41,3,44,11,23,71,29,134,0,8,8,142
11/15/2004,MGM,AL,ASO,ES,Combined TRACON& Tower with Radar,11,32,61,44,148,0,0,27,3,30,11,32,88,47,178,24,114,138,316
11/16/2004,MGM,AL,ASO,ES,Combined TRACON& Tower with Radar,12,20,54,29,115,0,0,26,4,30,12,20,80,33,145,0,64,64,209
11/17/2004,MGM,AL,ASO,ES,Combined TRACON& Tower with Radar,10,21,51,85,167,0,0,32,8,40,10,21,83,93,207,32,86,118,325
11/18/2004,MGM,AL,ASO,ES,Combined TRACON& Tower with Radar,13,26,75,58,172,0,0,29,13,42,13,26,104,71,214,4,114,118,332
11/19/2004,MGM,AL,ASO,ES,Combined TRACON& Tower with Radar,10,19,39,35,103,0,0,1,2,3,10,19,40,37,106,0,0,0,106
11/20/2004,MGM,AL,ASO,ES,Combined TRACON& Tower with Radar,9,17,22,6,54,0,0,0,0,0,9,17,22,6,54,0,0,0,54
11/21/2004,MGM,AL,ASO,ES,Combined TRACON& Tower with Radar,11,19,52,8,90,0,0,0,0,0,11,19,52,8,90,0,0,0,90
11/22/2004,MGM,AL,ASO,ES,Combined TRACON& Tower with Radar,12,23,41,5,81,0,0,3,0,3,12,23,44,5,84,2,0,2,86
11/23/2004,MGM,AL,ASO,ES,Combined TRACON& Tower with Radar,10,18,59,47,134,0,0,14,6,20,10,18,73,53,154,14,40,54,208
11/24/2004,MGM,AL,ASO,ES,Combined TRACON& Tower with Radar,8,21,45,6,80,0,0,12,5,17,8,21,57,11,97,0,28,28,125
11/25/2004,MGM,AL,ASO,ES,Combined TRACON& Tower with Radar,12,17,18,0,47,0,0,18,0,18,12,17,36,0,65,2,0,2,67
11/26/2004,MGM,AL,ASO,ES,Combined TRACON& Tower with Radar,13,14,32,0,59,0,0,34,0,34,13,14,66,0,93,14,0,14,107
11/27/2004,MGM,AL,ASO,ES,Combined TRACON& Tower with Radar,11,22,25,2,60,0,0,4,0,4,11,22,29,2,64,0,0,0,64
11/28/2004,MGM,AL,ASO,ES,Combined TRACON& Tower with Radar,11,20,35,3,69,0,0,45,1,46,11,20,80,4,115,38,0,38,153
11/29/2004,MGM,AL,ASO,ES,Combined TRACON& Tower with Radar,11,20,49,33,113,0,0,23,6,29,11,20,72,39,142,14,126,140,282
11/30/2004,MGM,AL,ASO,ES,Combined TRACON& Tower with Radar,11,20,50,103,184,0,0,23,17,40,11,20,73,120,224,0,188,188,412
12/01/2004,MGM,AL,ASO,ES,Combined TRACON& Tower with Radar,11,23,61,49,144,0,0,28,9,37,11,23,89,58,181,100,44,144,325
12/02/2004,MGM,AL,ASO,ES,Combined TRACON& Tower with Radar,12,22,64,53,151,0,0,48,10,58,12,22,112,63,209,18,50,68,277
12/03/2004,MGM,AL,ASO,ES,Combined TRACON& Tower with Radar,11,23,58,35,127,0,0,43,6,49,11,23,101,41,176,26,80,106,282
12/04/2004,MGM,AL,ASO,ES,Combined TRACON& Tower with Radar,10,16,26,9,61,0,0,46,4,50,10,16,72,13,111,18,30,48,159
12/05/2004,MGM,AL,ASO,ES,Combined TRACON& Tower with Radar,11,19,25,19,74,0,0,2,0,2,11,19,27,19,76,12,0,12,88
12/06/2004,MGM,AL,ASO,ES,Combined TRACON& Tower with Radar,10,18,43,71,142,0,0,4,1,5,10,18,47,72,147,4,78,82,229
12/07/2004,MGM,AL,ASO,ES,Combined TRACON& Tower with Radar,12,22,47,32,113,0,0,7,2,9,12,22,54,34,122,6,34,40,162
12/08/2004,MGM,AL,ASO,ES,Combined TRACON& Tower with Radar,11,22,57,53,143,0,0,29,16,45,11,22,86,69,188,14,54,68,256
12/09/2004,MGM,AL,ASO,ES,Combined TRACON& Tower with Radar,12,24,37,33,106,0,0,7,4,11,12,24,44,37,117,26,12,38,155
12/10/2004,MGM,AL,ASO,ES,Combined TRACON& Tower with Radar,16,19,55,50,140,0,0,29,16,45,16,19,84,66,185,6,172,178,363
12/11/2004,MGM,AL,ASO,ES,Combined TRACON& Tower with Radar,10,16,20,13,59,0,0,11,7,18,10,16,31,20,77,14,0,14,91
12/12/2004,MGM,AL,ASO,ES,Combined TRACON& Tower with Radar,16,17,36,13,82,0,0,42,16,58,16,17,78,29,140,4,14,18,158
12/13/2004,MGM,AL,ASO,ES,Combined TRACON& Tower with Radar,11,18,39,38,106,0,0,23,2,25,11,18,62,40,131,24,74,98,229
12/14/2004,MGM,AL,ASO,ES,Combined TRACON& Tower with Radar,11,18,43,39,111,0,0,27,2,29,11,18,70,41,140,0,34,34,174
12/15/2004,MGM,AL,ASO,ES,Combined TRACON& Tower with Radar,11,19,64,65,159,0,0,29,10,39,11,19,93,75,198,6,110,116,314
12/16/2004,MGM,AL,ASO,ES,Combined TRACON& Tower with Radar,12,18,62,54,146,0,0,42,9,51,12,18,104,63,197,0,58,58,255
12/17/2004,MGM,AL,ASO,ES,Combined TRACON& Tower with Radar,11,18,42,20,91,0,0,37,7,44,11,18,79,27,135,22,56,78,213
12/18/2004,MGM,AL,ASO,ES,Combined TRACON& Tower with Radar,10,21,29,2,62,0,1,62,0,63,10,22,91,2,125,18,0,18,143
12/19/2004,MGM,AL,ASO,ES,Combined TRACON& Tower with Radar,9,18,28,7,62,0,0,26,4,30,9,18,54,11,92,2,4,6,98
12/20/2004,MGM,AL,ASO,ES,Combined TRACON& Tower with Radar,9,24,64,21,118,0,0,37,0,37,9,24,101,21,155,14,26,40,195
12/21/2004,MGM,AL,ASO,ES,Combined TRACON& Tower with Radar,12,18,53,42,125,0,0,37,4,41,12,18,90,46,166,2,58,60,226
12/22/2004,MGM,AL,ASO,ES,Combined TRACON& Tower with Radar,9,19,30,27,85,0,0,7,0,7,9,19,37,27,92,6,56,62,154
12/23/2004,MGM,AL,ASO,ES,Combined TRACON& Tower with Radar,8,15,44,12,79,0,0,9,1,10,8,15,53,13,89,8,2,10,99
12/24/2004,MGM,AL,ASO,ES,Combined TRACON& Tower with Radar,12,15,12,0,39,0,0,5,0,5,12,15,17,0,44,0,0,0,44
12/25/2004,MGM,AL,ASO,ES,Combined TRACON& Tower with Radar,10,14,11,0,35,0,0,7,0,7,10,14,18,0,42,0,0,0,42
12/26/2004,MGM,AL,ASO,ES,Combined TRACON& Tower with Radar,11,18,32,0,61,0,0,33,0,33,11,18,65,0,94,22,0,22,116
12/27/2004,MGM,AL,ASO,ES,Combined TRACON& Tower with Radar,12,20,36,1,69,0,0,48,3,51,12,20,84,4,120,16,0,16,136
12/28/2004,MGM,AL,ASO,ES,Combined TRACON& Tower with Radar,13,19,45,9,86,0,0,43,1,44,13,19,88,10,130,32,6,38,168
12/29/2004,MGM,AL,ASO,ES,Combined TRACON& Tower with Radar,11,19,40,13,83,0,0,53,4,57,11,19,93,17,140,58,6,64,204
12/30/2004,MGM,AL,ASO,ES,Combined TRACON& Tower with Radar,14,14,51,8,87,0,0,43,2,45,14,14,94,10,132,26,16,42,174
12/31/2004,MGM,AL,ASO,ES,Combined TRACON& Tower with Radar,15,16,29,0,60,0,0,32,0,32,15,16,61,0,92,10,0,10,102
01/01/2005,MGM,AL,ASO,ES,Combined TRACON& Tower with Radar,10,17,28,0,55,0,0,14,0,14,10,17,42,0,69,4,0,4,73
01/02/2005,MGM,AL,ASO,ES,Combined TRACON& Tower with Radar,11,17,37,0,65,0,1,36,0,37,11,18,73,0,102,12,0,12,114
01/03/2005,MGM,AL,ASO,ES,Combined TRACON& Tower with Radar,10,19,48,46,123,0,0,28,4,32,10,19,76,50,155,0,98,98,253
01/04/2005,MGM,AL,ASO,ES,Combined TRACON& Tower with Radar,11,18,48,51,128,0,0,28,6,34,11,18,76,57,162,26,12,38,200
01/05/2005,MGM,AL,ASO,ES,Combined TRACON& Tower with Radar,11,24,49,31,115,0,0,10,4,14,11,24,59,35,129,0,0,0,129
01/06/2005,MGM,AL,ASO,ES,Combined TRACON& Tower with Radar,12,18,49,55,134,0,0,3,2,5,12,18,52,57,139,2,12,14,153
01/07/2005,MGM,AL,ASO,ES,Combined TRACON& Tower with Radar,11,18,46,59,134,0,0,3,17,20,11,18,49,76,154,0,62,62,216
01/08/2005,MGM,AL,ASO,ES,Combined TRACON& Tower with Radar,10,18,32,20,80,0,0,1,2,3,10,18,33,22,83,0,0,0,83
01/09/2005,MGM,AL,ASO,ES,Combined TRACON& Tower with Radar,11,16,24,25,76,0,0,32,8,40,11,16,56,33,116,8,0,8,124
01/10/2005,MGM,AL,ASO,ES,Combined TRACON& Tower with Radar,11,20,46,35,112,0,0,19,2,21,11,20,65,37,133,0,36,36,169
01/11/2005,MGM,AL,ASO,ES,Combined TRACON& Tower with Radar,11,18,44,52,125,0,0,31,3,34,11,18,75,55,159,0,32,32,191
01/12/2005,MGM,AL,ASO,ES,Combined TRACON& Tower with Radar,13,21,45,26,105,0,0,15,11,26,13,21,60,37,131,16,50,66,197
01/13/2005,MGM,AL,ASO,ES,Combined TRACON& Tower with Radar,9,20,56,8,93,0,0,1,0,1,9,20,57,8,94,0,6,6,100
01/14/2005,MGM,AL,ASO,ES,Combined TRACON& Tower with Radar,14,23,52,50,139,0,0,18,7,25,14,23,70,57,164,8,16,24,188
01/15/2005,MGM,AL,ASO,ES,Combined TRACON& Tower with Radar,10,18,25,8,61,0,0,24,2,26,10,18,49,10,87,8,0,8,95
01/16/2005,MGM,AL,ASO,ES,Combined TRACON& Tower with Radar,11,17,37,3,68,0,0,19,5,24,11,17,56,8,92,6,4,10,102
01/17/2005,MGM,AL,ASO,ES,Combined TRACON& Tower with Radar,11,18,30,2,61,0,0,43,0,43,11,18,73,2,104,16,0,16,120
01/18/2005,MGM,AL,ASO,ES,Combined TRACON& Tower with Radar,12,20,43,55,130,0,0,18,20,38,12,20,61,75,168,0,94,94,262
01/19/2005,MGM,AL,ASO,ES,Combined TRACON& Tower with Radar,11,20,44,61,136,0,0,21,11,32,11,20,65,72,168,4,40,44,212
01/20/2005,MGM,AL,ASO,ES,Combined TRACON& Tower with Radar,10,31,56,59,156,0,0,32,14,46,10,31,88,73,202,16,62,78,280
01/21/2005,MGM,AL,ASO,ES,Combined TRACON& Tower with Radar,8,21,63,62,154,0,0,32,9,41,8,21,95,71,195,10,30,40,235
01/22/2005,MGM,AL,ASO,ES,Combined TRACON& Tower with Radar,10,18,40,17,85,0,0,11,3,14,10,18,51,20,99,12,8,20,119
01/23/2005,MGM,AL,ASO,ES,Combined TRACON& Tower with Radar,9,21,26,7,63,0,0,19,10,29,9,21,45,17,92,16,0,16,108
01/24/2005,MGM,AL,ASO,ES,Combined TRACON& Tower with Radar,11,22,34,48,115,0,0,49,1,50,11,22,83,49,165,12,34,46,211
01/25/2005,MGM,AL,ASO,ES,Combined TRACON& Tower with Radar,11,22,38,48,119,0,0,32,5,37,11,22,70,53,156,18,42,60,216
01/26/2005,MGM,AL,ASO,ES,Combined TRACON& Tower with Radar,12,21,55,57,145,0,0,26,15,41,12,21,81,72,186,2,42,44,230
01/27/2005,MGM,AL,ASO,ES,Combined TRACON& Tower with Radar,10,21,43,50,124,0,0,17,6,23,10,21,60,56,147,6,32,38,185
01/28/2005,MGM,AL,ASO,ES,Combined TRACON& Tower with Radar,11,19,54,63,147,0,0,8,16,24,11,19,62,79,171,0,64,64,235
01/29/2005,MGM,AL,ASO,ES,Combined TRACON& Tower with Radar,1,16,9,0,26,0,0,0,0,0,1,16,9,0,26,0,0,0,26
01/30/2005,MGM,AL,ASO,ES,Combined TRACON& Tower with Radar,4,15,21,1,41,0,0,9,2,11,4,15,30,3,52,10,0,10,62
01/31/2005,MGM,AL,ASO,ES,Combined TRACON& Tower with Radar,10,21,28,39,98,0,0,5,3,8,10,21,33,42,106,8,24,32,138
02/01/2005,MGM,AL,ASO,ES,Combined TRACON& Tower with Radar,9,26,43,37,115,0,0,11,13,24,9,26,54,50,139,30,66,96,235
02/02/2005,MGM,AL,ASO,ES,Combined TRACON& Tower with Radar,6,28,50,11,95,0,0,0,0,0,6,28,50,11,95,0,0,0,95
02/03/2005,MGM,AL,ASO,ES,Combined TRACON& Tower with Radar,13,20,62,32,127,0,0,6,8,14,13,20,68,40,141,0,4,4,145
02/04/2005,MGM,AL,ASO,ES,Combined TRACON& Tower with Radar,10,21,61,39,131,0,0,47,19,66,10,21,108,58,197,16,84,100,297
02/05/2005,MGM,AL,ASO,ES,Combined TRACON& Tower with Radar,10,18,25,8,61,0,0,52,1,53,10,18,77,9,114,10,2,12,126
02/06/2005,MGM,AL,ASO,ES,Combined TRACON& Tower with Radar,9,24,34,11,78,0,0,33,6,39,9,24,67,17,117,14,18,32,149
02/07/2005,MGM,AL,ASO,ES,Combined TRACON& Tower with Radar,10,22,29,38,99,0,0,28,4,32,10,22,57,42,131,0,66,66,197
02/08/2005,MGM,AL,ASO,ES,Combined TRACON& Tower with Radar,10,22,44,77,153,0,0,1,5,6,10,22,45,82,159,2,150,152,311
02/09/2005,MGM,AL,ASO,ES,Combined TRACON& Tower with Radar,9,24,53,15,101,0,0,0,12,12,9,24,53,27,113,10,0,10,123
02/10/2005,MGM,AL,ASO,ES,Combined TRACON& Tower with Radar,10,22,61,28,121,0,0,33,9,42,10,22,94,37,163,0,54,54,217
02/11/2005,MGM,AL,ASO,ES,Combined TRACON& Tower with Radar,5,24,65,53,147,0,0,57,14,71,5,24,122,67,218,30,52,82,300
02/12/2005,MGM,AL,ASO,ES,Combined TRACON& Tower with Radar,12,16,41,17,86,0,0,57,6,63,12,16,98,23,149,26,2,28,177
02/13/2005,MGM,AL,ASO,ES,Combined TRACON& Tower with Radar,10,19,30,0,59,0,1,1,0,2,10,20,31,0,61,2,4,6,67
02/14/2005,MGM,AL,ASO,ES,Combined TRACON& Tower with Radar,12,20,37,16,85,0,0,12,3,15,12,20,49,19,100,32,2,34,134
02/15/2005,MGM,AL,ASO,ES,Combined TRACON& Tower with Radar,7,19,61,54,141,0,0,28,14,42,7,19,89,68,183,44,40,84,267
02/16/2005,MGM,AL,ASO,ES,Combined TRACON& Tower with Radar,10,27,74,58,169,0,0,16,19,35,10,27,90,77,204,4,40,44,248
02/17/2005,MGM,AL,ASO,ES,Combined TRACON& Tower with Radar,11,25,64,30,130,0,0,34,9,43,11,25,98,39,173,20,24,44,217
02/18/2005,MGM,AL,ASO,ES,Combined TRACON& Tower with Radar,9,26,42,30,107,0,0,47,8,55,9,26,89,38,162,2,24,26,188
02/19/2005,MGM,AL,ASO,ES,Combined TRACON& Tower with Radar,10,20,20,8,58,0,0,31,0,31,10,20,51,8,89,12,12,24,113
02/20/2005,MGM,AL,ASO,ES,Combined TRACON& Tower with Radar,10,22,27,3,62,0,0,10,0,10,10,22,37,3,72,8,0,8,80
02/21/2005,MGM,AL,ASO,ES,Combined TRACON& Tower with Radar,11,23,58,4,96,0,0,13,1,14,11,23,71,5,110,12,0,12,122
02/22/2005,MGM,AL,ASO,ES,Combined TRACON& Tower with Radar,10,24,50,38,122,0,0,14,9,23,10,24,64,47,145,6,16,22,167
02/23/2005,MGM,AL,ASO,ES,Combined TRACON& Tower with Radar,10,22,61,87,180,0,0,16,9,25,10,22,77,96,205,6,100,106,311
02/24/2005,MGM,AL,ASO,ES,Combined TRACON& Tower with Radar,13,20,55,80,168,0,0,10,5,15,13,20,65,85,183,0,72,72,255
02/25/2005,MGM,AL,ASO,ES,Combined TRACON& Tower with Radar,12,25,69,51,157,0,0,38,12,50,12,25,107,63,207,30,118,148,355
02/26/2005,MGM,AL,ASO,ES,Combined TRACON& Tower with Radar,10,16,32,2,60,0,0,32,4,36,10,16,64,6,96,18,0,18,114
02/27/2005,MGM,AL,ASO,ES,Combined TRACON& Tower with Radar,6,18,30,2,56,0,0,0,0,0,6,18,30,2,56,0,0,0,56
02/28/2005,MGM,AL,ASO,ES,Combined TRACON& Tower with Radar,5,22,49,26,102,0,0,6,5,11,5,22,55,31,113,0,38,38,151
03/01/2005,MGM,AL,ASO,ES,Combined TRACON& Tower with Radar,11,24,61,38,134,0,0,24,8,32,11,24,85,46,166,42,4,46,212
03/02/2005,MGM,AL,ASO,ES,Combined TRACON& Tower with Radar,9,26,55,46,136,0,0,39,21,60,9,26,94,67,196,48,70,118,314
03/03/2005,MGM,AL,ASO,ES,Combined TRACON& Tower with Radar,10,22,49,79,160,0,1,19,13,33,10,23,68,92,193,10,112,122,315
03/04/2005,MGM,AL,ASO,ES,Combined TRACON& Tower with Radar,11,30,51,27,119,0,0,52,17,69,11,30,103,44,188,12,22,34,222
03/05/2005,MGM,AL,ASO,ES,Combined TRACON& Tower with Radar,10,22,23,4,59,0,0,34,8,42,10,22,57,12,101,10,4,14,115
03/06/2005,MGM,AL,ASO,ES,Combined TRACON& Tower with Radar,12,20,36,16,84,0,0,47,8,55,12,20,83,24,139,32,6,38,177
03/07/2005,MGM,AL,ASO,ES,Combined TRACON& Tower with Radar,11,24,34,36,105,0,0,24,1,25,11,24,58,37,130,4,102,106,236
03/08/2005,MGM,AL,ASO,ES,Combined TRACON& Tower with Radar,10,19,40,38,107,0,0,31,5,36,10,19,71,43,143,0,60,60,203
03/09/2005,MGM,AL,ASO,ES,Combined TRACON& Tower with Radar,10,24,66,51,151,0,2,35,14,51,10,26,101,65,202,12,42,54,256
03/10/2005,MGM,AL,ASO,ES,Combined TRACON& Tower with Radar,11,23,49,31,114,0,0,19,9,28,11,23,68,40,142,12,10,22,164
03/11/2005,MGM,AL,ASO,ES,Combined TRACON& Tower with Radar,10,26,58,40,134,0,0,23,9,32,10,26,81,49,166,0,27,27,193
03/12/2005,MGM,AL,ASO,ES,Combined TRACON& Tower with Radar,10,17,27,14,68,0,1,26,10,37,10,18,53,24,105,4,8,12,117
03/13/2005,MGM,AL,ASO,ES,Combined TRACON& Tower with Radar,8,20,41,22,91,0,0,39,5,44,8,20,80,27,135,6,4,10,145
03/14/2005,MGM,AL,ASO,ES,Combined TRACON& Tower with Radar,11,23,43,8,85,0,0,5,2,7,11,23,48,10,92,4,18,22,114
03/15/2005,MGM,AL,ASO,ES,Combined TRACON& Tower with Radar,11,22,43,38,114,0,0,15,8,23,11,22,58,46,137,0,64,64,201
03/16/2005,MGM,AL,ASO,ES,Combined TRACON& Tower with Radar,8,24,51,31,114,0,0,0,0,0,8,24,51,31,114,0,0,0,114
03/17/2005,MGM,AL,ASO,ES,Combined TRACON& Tower with Radar,10,23,63,29,125,0,0,7,5,12,10,23,70,34,137,30,8,38,175
03/18/2005,MGM,AL,ASO,ES,Combined TRACON& Tower with Radar,10,20,47,32,109,0,0,36,4,40,10,20,83,36,149,8,40,48,197
03/19/2005,MGM,AL,ASO,ES,Combined TRACON& Tower with Radar,10,16,16,7,49,0,0,29,2,31,10,16,45,9,80,8,0,8,88
03/20/2005,MGM,AL,ASO,ES,Combined TRACON& Tower with Radar,14,15,23,24,76,0,0,26,1,27,14,15,49,25,103,12,1,13,116
03/21/2005,MGM,AL,ASO,ES,Combined TRACON& Tower with Radar,8,21,38,40,107,0,0,23,4,27,8,21,61,44,134,2,64,66,200
03/22/2005,MGM,AL,ASO,ES,Combined TRACON& Tower with Radar,8,16,16,22,62,0,0,1,0,1,8,16,17,22,63,2,2,4,67
03/23/2005,MGM,AL,ASO,ES,Combined TRACON& Tower with Radar,9,22,53,40,124,0,0,22,8,30,9,22,75,48,154,33,92,125,279
03/24/2005,MGM,AL,ASO,ES,Combined TRACON& Tower with Radar,10,24,56,10,100,0,0,47,0,47,10,24,103,10,147,4,28,32,179
03/25/2005,MGM,AL,ASO,ES,Combined TRACON& Tower with Radar,10,29,59,37,135,0,0,44,8,52,10,29,103,45,187,10,136,146,333
03/26/2005,MGM,AL,ASO,ES,Combined TRACON& Tower with Radar,10,16,37,2,65,0,0,16,0,16,10,16,53,2,81,0,0,0,81
03/27/2005,MGM,AL,ASO,ES,Combined TRACON& Tower with Radar,11,16,12,0,39,0,0,1,0,1,11,16,13,0,40,0,0,0,40
03/28/2005,MGM,AL,ASO,ES,Combined TRACON& Tower with Radar,8,24,28,21,81,0,0,12,40,52,8,24,40,61,133,22,54,76,209
03/29/2005,MGM,AL,ASO,ES,Combined TRACON& Tower with Radar,8,23,61,13,105,0,0,51,2,53,8,23,112,15,158,44,4,48,206
03/30/2005,MGM,AL,ASO,ES,Combined TRACON& Tower with Radar,7,25,57,43,132,0,0,37,12,49,7,25,94,55,181,32,88,120,301
03/31/2005,MGM,AL,ASO,ES,Combined TRACON& Tower with Radar,6,27,37,16,86,0,0,5,1,6,6,27,42,17,92,0,0,0,92
04/01/2005,MGM,AL,ASO,ES,Combined TRACON& Tower with Radar,9,20,51,17,97,0,0,7,13,20,9,20,58,30,117,8,16,24,141
04/02/2005,MGM,AL,ASO,ES,Combined TRACON& Tower with Radar,9,13,22,7,51,0,0,23,2,25,9,13,45,9,76,23,0,23,99
04/03/2005,MGM,AL,ASO,ES,Combined TRACON& Tower with Radar,10,18,44,17,89,0,0,52,14,66,10,18,96,31,155,14,44,58,213
04/04/2005,MGM,AL,ASO,ES,Combined TRACON& Tower with Radar,10,22,37,77,146,0,0,45,3,48,10,22,82,80,194,22,80,102,296
04/05/2005,MGM,AL,ASO,ES,Combined TRACON& Tower with Radar,10,24,75,42,151,0,0,59,14,73,10,24,134,56,224,8,60,68,292
04/06/2005,MGM,AL,ASO,ES,Combined TRACON& Tower with Radar,10,22,24,8,64,0,0,10,4,14,10,22,34,12,78,0,4,4,82
04/07/2005,MGM,AL,ASO,ES,Combined TRACON& Tower with Radar,14,22,71,32,139,0,0,13,13,26,14,22,84,45,165,8,0,8,173
04/08/2005,MGM,AL,ASO,ES,Combined TRACON& Tower with Radar,11,23,86,41,161,0,0,25,6,31,11,23,111,47,192,12,56,68,260
04/09/2005,MGM,AL,ASO,ES,Combined TRACON& Tower with Radar,10,16,33,33,92,0,0,31,4,35,10,16,64,37,127,16,18,34,161
04/10/2005,MGM,AL,ASO,ES,Combined TRACON& Tower with Radar,12,20,40,12,84,0,0,41,5,46,12,20,81,17,130,8,0,8,138
04/11/2005,MGM,AL,ASO,ES,Combined TRACON& Tower with Radar,10,26,38,56,130,0,0,39,0,39,10,26,77,56,169,17,48,65,234
04/12/2005,MGM,AL,ASO,ES,Combined TRACON& Tower with Radar,10,21,53,56,140,0,0,6,3,9,10,21,59,59,149,10,132,142,291
04/13/2005,MGM,AL,ASO,ES,Combined TRACON& Tower with Radar,10,25,66,74,175,0,0,22,13,35,10,25,88,87,210,8,110,118,328
04/14/2005,MGM,AL,ASO,ES,Combined TRACON& Tower with Radar,13,24,71,74,182,0,0,25,15,40,13,24,96,89,222,6,44,50,272
04/15/2005,MGM,AL,ASO,ES,Combined TRACON& Tower with Radar,10,26,48,48,132,0,0,55,28,83,10,26,103,76,215,0,20,20,235
04/16/2005,MGM,AL,ASO,ES,Combined TRACON& Tower with Radar,12,27,31,24,94,0,0,26,6,32,12,27,57,30,126,4,30,34,160
04/17/2005,MGM,AL,ASO,ES,Combined TRACON& Tower with Radar,10,22,42,24,98,0,0,43,0,43,10,22,85,24,141,20,0,20,161
04/18/2005,MGM,AL,ASO,ES,Combined TRACON& Tower with Radar,10,23,56,47,136,0,0,38,1,39,10,23,94,48,175,22,68,90,265
04/19/2005,MGM,AL,ASO,ES,Combined TRACON& Tower with Radar,10,28,43,64,145,0,0,28,1,29,10,28,71,65,174,4,70,74,248
04/20/2005,MGM,AL,ASO,ES,Combined TRACON& Tower with Radar,11,23,72,77,183,0,0,36,6,42,11,23,108,83,225,16,114,130,355
04/21/2005,MGM,AL,ASO,ES,Combined TRACON& Tower with Radar,12,19,64,28,123,0,0,7,1,8,12,19,71,29,131,2,12,14,145
04/22/2005,MGM,AL,ASO,ES,Combined TRACON& Tower with Radar,11,27,53,17,108,0,0,24,6,30,11,27,77,23,138,2,38,40,178
04/23/2005,MGM,AL,ASO,ES,Combined TRACON& Tower with Radar,12,20,17,11,60,0,0,28,3,31,12,20,45,14,91,16,0,16,107
04/24/2005,MGM,AL,ASO,ES,Combined TRACON& Tower with Radar,11,21,33,16,81,0,0,38,6,44,11,21,71,22,125,4,0,4,129
04/25/2005,MGM,AL,ASO,ES,Combined TRACON& Tower with Radar,11,21,46,41,119,0,0,38,1,39,11,21,84,42,158,136,62,198,356
04/26/2005,MGM,AL,ASO,ES,Combined TRACON& Tower with Radar,10,24,25,19,78,0,0,3,0,3,10,24,28,19,81,126,0,126,207
04/27/2005,MGM,AL,ASO,ES,Combined TRACON& Tower with Radar,10,25,71,62,168,0,0,39,9,48,10,25,110,71,216,104,40,144,360
04/28/2005,MGM,AL,ASO,ES,Combined TRACON& Tower with Radar,10,26,56,44,136,0,0,34,12,46,10,26,90,56,182,38,144,182,364
04/29/2005,MGM,AL,ASO,ES,Combined TRACON& Tower with Radar,10,27,70,39,146,0,0,6,3,9,10,27,76,42,155,0,20,20,175
04/30/2005,MGM,AL,ASO,ES,Combined TRACON& Tower with Radar,8,17,26,0,51,0,0,1,0,1,8,17,27,0,52,0,0,0,52
05/01/2005,MGM,AL,ASO,ES,Combined TRACON& Tower with Radar,10,25,38,7,80,0,0,28,4,32,10,25,66,11,112,4,2,6,118
05/02/2005,MGM,AL,ASO,ES,Combined TRACON& Tower with Radar,10,25,37,22,94,0,1,18,7,26,10,26,55,29,120,0,24,24,144
05/03/2005,MGM,AL,ASO,ES,Combined TRACON& Tower with Radar,10,28,50,45,133,0,0,38,6,44,10,28,88,51,177,16,80,96,273
05/04/2005,MGM,AL,ASO,ES,Combined TRACON& Tower with Radar,10,26,40,59,135,0,0,37,21,58,10,26,77,80,193,30,78,108,301
05/05/2005,MGM,AL,ASO,ES,Combined TRACON& Tower with Radar,10,28,44,49,131,0,0,21,13,34,10,28,65,62,165,7,82,89,254
05/06/2005,MGM,AL,ASO,ES,Combined TRACON& Tower with Radar,10,29,62,39,140,0,0,39,6,45,10,29,101,45,185,10,6,16,201
05/07/2005,MGM,AL,ASO,ES,Combined TRACON& Tower with Radar,11,20,23,7,61,0,0,34,0,34,11,20,57,7,95,0,2,2,97
05/08/2005,MGM,AL,ASO,ES,Combined TRACON& Tower with Radar,10,26,28,4,68,0,0,16,0,16,10,26,44,4,84,14,0,14,98
05/09/2005,MGM,AL,ASO,ES,Combined TRACON& Tower with Radar,10,27,29,49,115,0,0,16,7,23,10,27,45,56,138,6,58,64,202
05/10/2005,MGM,AL,ASO,ES,Combined TRACON& Tower with Radar,10,29,66,40,145,0,0,30,14,44,10,29,96,54,189,14,54,68,257
05/11/2005,MGM,AL,ASO,ES,Combined TRACON& Tower with Radar,10,26,50,57,143,0,0,44,10,54,10,26,94,67,197,16,24,40,237
05/12/2005,MGM,AL,ASO,ES,Combined TRACON& Tower with Radar,9,31,40,43,123,0,0,24,9,33,9,31,64,52,156,0,46,46,202
05/13/2005,MGM,AL,ASO,ES,Combined TRACON& Tower with Radar,10,31,49,58,148,0,0,32,25,57,10,31,81,83,205,12,68,80,285
05/14/2005,MGM,AL,ASO,ES,Combined TRACON& Tower with Radar,10,17,24,14,65,0,0,26,10,36,10,17,50,24,101,26,0,26,127
05/15/2005,MGM,AL,ASO,ES,Combined TRACON& Tower with Radar,8,24,36,19,87,0,0,22,9,31,8,24,58,28,118,18,0,18,136
05/16/2005,MGM,AL,ASO,ES,Combined TRACON& Tower with Radar,10,26,45,14,95,0,0,36,3,39,10,26,81,17,134,4,18,22,156
05/17/2005,MGM,AL,ASO,ES,Combined TRACON& Tower with Radar,10,26,50,35,121,0,0,35,11,46,10,26,85,46,167,0,88,88,255
05/18/2005,MGM,AL,ASO,ES,Combined TRACON& Tower with Radar,10,47,68,33,158,0,5,36,14,55,10,52,104,47,213,46,34,80,293
05/19/2005,MGM,AL,ASO,ES,Combined TRACON& Tower with Radar,12,34,86,29,161,0,0,41,6,47,12,34,127,35,208,12,20,32,240
05/20/2005,MGM,AL,ASO,ES,Combined TRACON& Tower with Radar,16,46,80,17,159,0,0,18,16,34,16,46,98,33,193,0,16,16,209
05/21/2005,MGM,AL,ASO,ES,Combined TRACON& Tower with Radar,11,24,22,0,57,0,0,18,15,33,11,24,40,15,90,0,0,0,90
05/22/2005,MGM,AL,ASO,ES,Combined TRACON& Tower with Radar,10,34,27,8,79,0,0,38,9,47,10,34,65,17,126,2,0,2,128
05/23/2005,MGM,AL,ASO,ES,Combined TRACON& Tower with Radar,10,35,54,36,135,0,0,27,6,33,10,35,81,42,168,8,48,56,224
05/24/2005,MGM,AL,ASO,ES,Combined TRACON& Tower with Radar,10,31,37,34,112,0,0,20,8,28,10,31,57,42,140,0,0,0,140
05/25/2005,MGM,AL,ASO,ES,Combined TRACON& Tower with Radar,12,27,61,52,152,0,0,32,5,37,12,27,93,57,189,8,50,58,247
05/26/2005,MGM,AL,ASO,ES,Combined TRACON& Tower with Radar,12,24,45,56,137,0,0,39,6,45,12,24,84,62,182,20,48,68,250
05/27/2005,MGM,AL,ASO,ES,Combined TRACON& Tower with Radar,13,26,54,4,97,0,0,36,7,43,13,26,90,11,140,0,10,10,150
05/28/2005,MGM,AL,ASO,ES,Combined TRACON& Tower with Radar,16,18,14,0,48,0,0,29,2,31,16,18,43,2,79,0,0,0,79
05/29/2005,MGM,AL,ASO,ES,Combined TRACON& Tower with Radar,9,24,25,0,58,0,0,9,0,9,9,24,34,0,67,0,0,0,67
05/30/2005,MGM,AL,ASO,ES,Combined TRACON& Tower with Radar,10,28,33,0,71,0,0,4,0,4,10,28,37,0,75,6,0,6,81
05/31/2005,MGM,AL,ASO,ES,Combined TRACON& Tower with Radar,10,28,25,25,88,0,0,0,0,0,10,28,25,25,88,0,0,0,88
06/01/2005,MGM,AL,ASO,ES,Combined TRACON& Tower with Radar,8,31,52,28,119,0,0,5,3,8,8,31,57,31,127,10,12,22,149
06/02/2005,MGM,AL,ASO,ES,Combined TRACON& Tower with Radar,8,32,44,25,109,0,0,7,4,11,8,32,51,29,120,8,12,20,140
06/03/2005,MGM,AL,ASO,ES,Combined TRACON& Tower with Radar,11,30,77,47,165,0,0,29,12,41,11,30,106,59,206,12,32,44,250
06/04/2005,MGM,AL,ASO,ES,Combined TRACON& Tower with Radar,11,21,32,1,65,0,0,23,4,27,11,21,55,5,92,16,2,18,110
06/05/2005,MGM,AL,ASO,ES,Combined TRACON& Tower with Radar,11,23,31,10,75,0,0,15,30,45,11,23,46,40,120,20,0,20,140
06/06/2005,MGM,AL,ASO,ES,Combined TRACON& Tower with Radar,10,28,40,23,101,0,0,21,5,26,10,28,61,28,127,26,56,82,209
06/07/2005,MGM,AL,ASO,ES,Combined TRACON& Tower with Radar,10,26,40,26,102,0,0,23,5,28,10,26,63,31,130,8,14,22,152
06/08/2005,MGM,AL,ASO,ES,Combined TRACON& Tower with Radar,8,26,59,52,145,0,0,18,4,22,8,26,77,56,167,22,44,66,233
06/09/2005,MGM,AL,ASO,ES,Combined TRACON& Tower with Radar,9,24,80,42,155,0,0,10,7,17,9,24,90,49,172,30,26,56,228
06/10/2005,MGM,AL,ASO,ES,Combined TRACON& Tower with Radar,10,26,58,19,113,0,0,10,4,14,10,26,68,23,127,0,8,8,135
06/11/2005,MGM,AL,ASO,ES,Combined TRACON& Tower with Radar,11,21,1,2,35,0,0,0,0,0,11,21,1,2,35,0,0,0,35
06/12/2005,MGM,AL,ASO,ES,Combined TRACON& Tower with Radar,8,22,31,16,77,0,0,11,2,13,8,22,42,18,90,0,6,6,96
06/13/2005,MGM,AL,ASO,ES,Combined TRACON& Tower with Radar,10,29,47,20,106,0,0,17,4,21,10,29,64,24,127,0,38,38,165
06/14/2005,MGM,AL,ASO,ES,Combined TRACON& Tower with Radar,10,27,56,65,158,0,0,25,7,32,10,27,81,72,190,4,84,88,278
06/15/2005,MGM,AL,ASO,ES,Combined TRACON& Tower with Radar,10,35,57,39,141,0,0,38,9,47,10,35,95,48,188,16,54,70,258
06/16/2005,MGM,AL,ASO,ES,Combined TRACON& Tower with Radar,11,24,59,88,182,0,0,49,18,67,11,24,108,106,249,22,118,140,389
06/17/2005,MGM,AL,ASO,ES,Combined TRACON& Tower with Radar,12,27,51,48,138,0,0,26,18,44,12,27,77,66,182,12,42,54,236
06/18/2005,MGM,AL,ASO,ES,Combined TRACON& Tower with Radar,11,20,29,4,64,0,0,27,4,31,11,20,56,8,95,22,0,22,117
06/19/2005,MGM,AL,ASO,ES,Combined TRACON& Tower with Radar,10,23,31,4,68,0,0,36,4,40,10,23,67,8,108,6,0,6,114
06/20/2005,MGM,AL,ASO,ES,Combined TRACON& Tower with Radar,9,27,38,20,94,0,0,38,4,42,9,27,76,24,136,0,10,10,146
06/21/2005,MGM,AL,ASO,ES,Combined TRACON& Tower with Radar,10,28,50,45,133,0,0,40,9,49,10,28,90,54,182,6,110,116,298
06/22/2005,MGM,AL,ASO,ES,Combined TRACON& Tower with Radar,10,29,56,50,145,0,0,38,5,43,10,29,94,55,188,18,76,94,282
06/23/2005,MGM,AL,ASO,ES,Combined TRACON& Tower with Radar,10,28,50,40,128,0,0,36,19,55,10,28,86,59,183,0,105,105,288
06/24/2005,MGM,AL,ASO,ES,Combined TRACON& Tower with Radar,9,26,64,37,136,0,0,16,8,24,9,26,80,45,160,36,84,120,280
06/25/2005,MGM,AL,ASO,ES,Combined TRACON& Tower with Radar,10,22,36,7,75,0,0,24,0,24,10,22,60,7,99,14,0,14,113
06/26/2005,MGM,AL,ASO,ES,Combined TRACON& Tower with Radar,8,27,36,5,76,0,0,17,0,17,8,27,53,5,93,14,0,14,107
06/27/2005,MGM,AL,ASO,ES,Combined TRACON& Tower with Radar,10,21,58,26,115,0,0,25,7,32,10,21,83,33,147,8,0,8,155
06/28/2005,MGM,AL,ASO,ES,Combined TRACON& Tower with Radar,9,25,48,45,127,0,0,15,10,25,9,25,63,55,152,16,76,92,244
06/29/2005,MGM,AL,ASO,ES,Combined TRACON& Tower with Radar,10,33,50,71,164,0,0,10,2,12,10,33,60,73,176,28,30,58,234
06/30/2005,MGM,AL,ASO,ES,Combined TRACON& Tower with Radar,11,30,70,41,152,0,0,20,7,27,11,30,90,48,179,12,0,12,191
07/01/2005,MGM,AL,ASO,ES,Combined TRACON& Tower with Radar,12,38,36,6,92,0,0,13,2,15,12,38,49,8,107,6,0,6,113
07/02/2005,MGM,AL,ASO,ES,Combined TRACON& Tower with Radar,6,22,10,0,38,0,0,21,0,21,6,22,31,0,59,0,0,0,59
07/03/2005,MGM,AL,ASO,ES,Combined TRACON& Tower with Radar,13,23,8,0,44,0,0,6,0,6,13,23,14,0,50,0,0,0,50
07/04/2005,MGM,AL,ASO,ES,Combined TRACON& Tower with Radar,11,24,14,1,50,0,0,5,0,5,11,24,19,1,55,8,0,8,63
07/05/2005,MGM,AL,ASO,ES,Combined TRACON& Tower with Radar,9,28,37,33,107,0,0,36,13,49,9,28,73,46,156,22,36,58,214
07/06/2005,MGM,AL,ASO,ES,Combined TRACON& Tower with Radar,7,28,8,1,44,0,0,2,1,3,7,28,10,2,47,0,0,0,47
07/07/2005,MGM,AL,ASO,ES,Combined TRACON& Tower with Radar,11,27,37,44,119,0,0,14,10,24,11,27,51,54,143,8,90,98,241
07/08/2005,MGM,AL,ASO,ES,Combined TRACON& Tower with Radar,11,26,46,35,118,0,0,52,8,60,11,26,98,43,178,24,94,118,296
07/09/2005,MGM,AL,ASO,ES,Combined TRACON& Tower with Radar,12,23,14,7,56,0,0,22,0,22,12,23,36,7,78,4,2,6,84
07/10/2005,MGM,AL,ASO,ES,Combined TRACON& Tower with Radar,4,6,9,0,19,0,0,1,0,1,4,6,10,0,20,0,0,0,20
07/11/2005,MGM,AL,ASO,ES,Combined TRACON& Tower with Radar,10,18,24,0,52,0,0,5,1,6,10,18,29,1,58,2,0,2,60
07/12/2005,MGM,AL,ASO,ES,Combined TRACON& Tower with Radar,8,34,56,21,119,0,0,22,6,28,8,34,78,27,147,8,18,26,173
07/13/2005,MGM,AL,ASO,ES,Combined TRACON& Tower with Radar,8,39,58,30,135,0,1,18,6,25,8,40,76,36,160,6,22,28,188
07/14/2005,MGM,AL,ASO,ES,Combined TRACON& Tower with Radar,12,25,70,30,137,0,0,9,1,10,12,25,79,31,147,0,30,30,177
07/15/2005,MGM,AL,ASO,ES,Combined TRACON& Tower with Radar,8,27,41,40,116,0,0,3,6,9,8,27,44,46,125,4,10,14,139
07/16/2005,MGM,AL,ASO,ES,Combined TRACON& Tower with Radar,10,24,33,6,73,0,0,8,0,8,10,24,41,6,81,10,0,10,91
07/17/2005,MGM,AL,ASO,ES,Combined TRACON& Tower with Radar,11,26,31,9,77,0,0,21,3,24,11,26,52,12,101,10,2,12,113
07/18/2005,MGM,AL,ASO,ES,Combined TRACON& Tower with Radar,10,26,54,41,131,0,0,24,12,36,10,26,78,53,167,11,128,139,306
07/19/2005,MGM,AL,ASO,ES,Combined TRACON& Tower with Radar,10,26,46,36,118,0,0,33,7,40,10,26,79,43,158,8,40,48,206
07/20/2005,MGM,AL,ASO,ES,Combined TRACON& Tower with Radar,10,28,49,49,136,0,0,19,9,28,10,28,68,58,164,6,56,62,226
07/21/2005,MGM,AL,ASO,ES,Combined TRACON& Tower with Radar,7,28,54,12,101,0,0,19,7,26,7,28,73,19,127,16,26,42,169
07/22/2005,MGM,AL,ASO,ES,Combined TRACON& Tower with Radar,9,30,57,38,134,0,0,14,10,24,9,30,71,48,158,0,60,60,218
07/23/2005,MGM,AL,ASO,ES,Combined TRACON& Tower with Radar,10,21,22,0,53,0,0,26,2,28,10,21,48,2,81,0,0,0,81
07/24/2005,MGM,AL,ASO,ES,Combined TRACON& Tower with Radar,9,25,34,2,70,0,0,25,2,27,9,25,59,4,97,4,4,8,105
07/25/2005,MGM,AL,ASO,ES,Combined TRACON& Tower with Radar,9,27,49,22,107,0,0,11,5,16,9,27,60,27,123,6,10,16,139
07/26/2005,MGM,AL,ASO,ES,Combined TRACON& Tower with Radar,10,27,60,44,141,0,0,0,0,0,10,27,60,44,141,0,0,0,141
07/27/2005,MGM,AL,ASO,ES,Combined TRACON& Tower with Radar,12,34,39,45,130,0,0,5,7,12,12,34,44,52,142,0,146,146,288
07/28/2005,MGM,AL,ASO,ES,Combined TRACON& Tower with Radar,14,24,43,19,100,0,0,12,3,15,14,24,55,22,115,0,32,32,147
07/29/2005,MGM,AL,ASO,ES,Combined TRACON& Tower with Radar,8,27,49,29,113,0,1,17,6,24,8,28,66,35,137,2,4,6,143
07/30/2005,MGM,AL,ASO,ES,Combined TRACON& Tower with Radar,10,21,28,1,60,0,0,8,0,8,10,21,36,1,68,28,0,28,96
07/31/2005,MGM,AL,ASO,ES,Combined TRACON& Tower with Radar,10,24,31,2,67,0,0,17,6,23,10,24,48,8,90,22,2,24,114
08/01/2005,MGM,AL,ASO,ES,Combined TRACON& Tower with Radar,7,23,42,8,80,0,0,6,6,12,7,23,48,14,92,0,0,0,92
08/02/2005,MGM,AL,ASO,ES,Combined TRACON& Tower with Radar,8,28,52,19,107,0,0,9,7,16,8,28,61,26,123,10,0,10,133
08/03/2005,MGM,AL,ASO,ES,Combined TRACON& Tower with Radar,8,24,54,38,124,0,0,28,10,38,8,24,82,48,162,24,14,38,200
08/04/2005,MGM,AL,ASO,ES,Combined TRACON& Tower with Radar,13,27,54,46,140,0,0,16,2,18,13,27,70,48,158,12,180,192,350
08/05/2005,MGM,AL,ASO,ES,Combined TRACON& Tower with Radar,8,26,51,35,120,0,0,14,10,24,8,26,65,45,144,0,36,36,180
08/06/2005,MGM,AL,ASO,ES,Combined TRACON& Tower with Radar,11,21,36,0,68,0,0,11,8,19,11,21,47,8,87,4,0,4,91
08/07/2005,MGM,AL,ASO,ES,Combined TRACON& Tower with Radar,10,25,28,7,70,0,0,10,2,12,10,25,38,9,82,2,0,2,84
08/08/2005,MGM,AL,ASO,ES,Combined TRACON& Tower with Radar,10,23,59,17,109,0,0,16,3,19,10,23,75,20,128,22,0,22,150
08/09/2005,MGM,AL,ASO,ES,Combined TRACON& Tower with Radar,10,31,46,40,127,0,0,14,11,25,10,31,60,51,152,2,20,22,174
08/10/2005,MGM,AL,ASO,ES,Combined TRACON& Tower with Radar,8,25,53,43,129,0,0,3,6,9,8,25,56,49,138,0,20,20,158
08/11/2005,MGM,AL,ASO,ES,Combined TRACON& Tower with Radar,8,29,56,27,120,0,0,12,2,14,8,29,68,29,134,40,8,48,182
08/12/2005,MGM,AL,ASO,ES,Combined TRACON& Tower with Radar,5,24,44,11,84,0,0,19,14,33,5,24,63,25,117,0,0,0,117
08/13/2005,MGM,AL,ASO,ES,Combined TRACON& Tower with Radar,9,24,31,22,86,0,0,13,3,16,9,24,44,25,102,0,40,40,142
08/14/2005,MGM,AL,ASO,ES,Combined TRACON& Tower with Radar,14,25,19,14,72,0,0,19,2,21,14,25,38,16,93,4,28,32,125
08/15/2005,MGM,AL,ASO,ES,Combined TRACON& Tower with Radar,9,26,57,28,120,0,0,22,10,32,9,26,79,38,152,20,96,116,268
08/16/2005,MGM,AL,ASO,ES,Combined TRACON& Tower with Radar,6,28,45,32,111,0,0,12,13,25,6,28,57,45,136,8,28,36,172
08/17/2005,MGM,AL,ASO,ES,Combined TRACON& Tower with Radar,5,26,52,59,142,0,0,27,14,41,5,26,79,73,183,16,42,58,241
08/18/2005,MGM,AL,ASO,ES,Combined TRACON& Tower with Radar,9,23,38,46,116,0,0,26,13,39,9,23,64,59,155,8,50,58,213
08/19/2005,MGM,AL,ASO,ES,Combined TRACON& Tower with Radar,9,30,37,66,142,0,0,28,20,48,9,30,65,86,190,0,112,112,302
08/20/2005,MGM,AL,ASO,ES,Combined TRACON& Tower with Radar,6,24,18,11,59,0,0,27,2,29,6,24,45,13,88,13,0,13,101
08/21/2005,MGM,AL,ASO,ES,Combined TRACON& Tower with Radar,8,25,19,12,64,0,0,25,1,26,8,25,44,13,90,4,0,4,94
08/22/2005,MGM,AL,ASO,ES,Combined TRACON& Tower with Radar,11,31,39,21,102,0,0,21,5,26,11,31,60,26,128,20,70,90,218
08/23/2005,MGM,AL,ASO,ES,Combined TRACON& Tower with Radar,19,32,61,33,145,0,0,19,3,22,19,32,80,36,167,22,10,32,199
08/24/2005,MGM,AL,ASO,ES,Combined TRACON& Tower with Radar,7,26,64,53,150,0,0,18,15,33,7,26,82,68,183,10,98,108,291
08/25/2005,MGM,AL,ASO,ES,Combined TRACON& Tower with Radar,11,22,57,28,118,0,0,13,11,24,11,22,70,39,142,14,0,14,156
08/26/2005,MGM,AL,ASO,ES,Combined TRACON& Tower with Radar,8,29,45,62,144,0,0,28,10,38,8,29,73,72,182,10,80,90,272
08/27/2005,MGM,AL,ASO,ES,Combined TRACON& Tower with Radar,10,22,29,0,61,0,0,43,1,44,10,22,72,1,105,30,0,30,135
08/28/2005,MGM,AL,ASO,ES,Combined TRACON& Tower with Radar,8,28,28,4,68,0,0,18,0,18,8,28,46,4,86,14,0,14,100
08/29/2005,MGM,AL,ASO,ES,Combined TRACON& Tower with Radar,3,13,0,0,16,0,0,0,0,0,3,13,0,0,16,0,0,0,16
08/30/2005,MGM,AL,ASO,ES,Combined TRACON& Tower with Radar,8,23,25,23,79,0,0,20,8,28,8,23,45,31,107,15,12,27,134
08/31/2005,MGM,AL,ASO,ES,Combined TRACON& Tower with Radar,10,30,64,39,143,0,0,34,6,40,10,30,98,45,183,0,38,38,221
09/01/2005,MGM,AL,ASO,ES,Combined TRACON& Tower with Radar,11,26,81,76,194,0,0,40,22,62,11,26,121,98,256,4,58,62,318
09/02/2005,MGM,AL,ASO,ES,Combined TRACON& Tower with Radar,11,28,51,20,110,0,1,34,7,42,11,29,85,27,152,22,20,42,194
09/03/2005,MGM,AL,ASO,ES,Combined TRACON& Tower with Radar,10,19,38,4,71,0,0,25,11,36,10,19,63,15,107,30,0,30,137
09/04/2005,MGM,AL,ASO,ES,Combined TRACON& Tower with Radar,13,25,43,0,81,0,0,56,4,60,13,25,99,4,141,2,2,4,145
09/05/2005,MGM,AL,ASO,ES,Combined TRACON& Tower with Radar,10,38,33,3,84,0,4,38,4,46,10,42,71,7,130,12,0,12,142
09/06/2005,MGM,AL,ASO,ES,Combined TRACON& Tower with Radar,11,26,70,70,177,0,1,39,11,51,11,27,109,81,228,4,112,116,344
09/07/2005,MGM,AL,ASO,ES,Combined TRACON& Tower with Radar,10,28,71,50,159,0,0,29,6,35,10,28,100,56,194,4,50,54,248
09/08/2005,MGM,AL,ASO,ES,Combined TRACON& Tower with Radar,9,29,75,72,185,0,0,48,17,65,9,29,123,89,250,6,128,134,384
09/09/2005,MGM,AL,ASO,ES,Combined TRACON& Tower with Radar,13,22,68,60,163,0,0,37,14,51,13,22,105,74,214,6,100,106,320
09/10/2005,MGM,AL,ASO,ES,Combined TRACON& Tower with Radar,8,22,25,12,67,0,0,25,13,38,8,22,50,25,105,6,2,8,113
09/11/2005,MGM,AL,ASO,ES,Combined TRACON& Tower with Radar,10,24,25,12,71,0,0,37,6,43,10,24,62,18,114,34,0,34,148
09/12/2005,MGM,AL,ASO,ES,Combined TRACON& Tower with Radar,10,30,48,51,139,0,1,16,5,22,10,31,64,56,161,12,28,40,201
09/13/2005,MGM,AL,ASO,ES,Combined TRACON& Tower with Radar,10,26,55,60,151,0,0,15,6,21,10,26,70,66,172,0,58,58,230
09/14/2005,MGM,AL,ASO,ES,Combined TRACON& Tower with Radar,8,24,54,55,141,0,2,18,18,38,8,26,72,73,179,2,82,84,263
09/15/2005,MGM,AL,ASO,ES,Combined TRACON& Tower with Radar,13,25,55,46,139,0,0,24,22,46,13,25,79,68,185,18,44,62,247
09/16/2005,MGM,AL,ASO,ES,Combined TRACON& Tower with Radar,16,19,38,46,119,0,0,15,6,21,16,19,53,52,140,0,34,34,174
09/17/2005,MGM,AL,ASO,ES,Combined TRACON& Tower with Radar,9,23,43,6,81,0,1,25,6,32,9,24,68,12,113,18,1,19,132
09/18/2005,MGM,AL,ASO,ES,Combined TRACON& Tower with Radar,10,26,33,15,84,0,0,28,3,31,10,26,61,18,115,0,0,0,115
09/19/2005,MGM,AL,ASO,ES,Combined TRACON& Tower with Radar,10,28,44,40,122,0,1,17,6,24,10,29,61,46,146,36,16,52,198
09/20/2005,MGM,AL,ASO,ES,Combined TRACON& Tower with Radar,9,32,56,46,143,0,0,27,6,33,9,32,83,52,176,28,68,96,272
09/21/2005,MGM,AL,ASO,ES,Combined TRACON& Tower with Radar,9,27,58,52,146,0,0,24,16,40,9,27,82,68,186,18,104,122,308
09/22/2005,MGM,AL,ASO,ES,Combined TRACON& Tower with Radar,11,23,54,22,110,0,0,22,9,31,11,23,76,31,141,10,30,40,181
09/23/2005,MGM,AL,ASO,ES,Combined TRACON& Tower with Radar,10,26,49,45,130,0,0,24,5,29,10,26,73,50,159,20,46,66,225
09/24/2005,MGM,AL,ASO,ES,Combined TRACON& Tower with Radar,7,20,26,10,63,0,0,3,1,4,7,20,29,11,67,0,0,0,67
09/25/2005,MGM,AL,ASO,ES,Combined TRACON& Tower with Radar,9,20,19,1,49,0,0,9,3,12,9,20,28,4,61,0,0,0,61
09/26/2005,MGM,AL,ASO,ES,Combined TRACON& Tower with Radar,10,26,37,16,89,0,0,9,0,9,10,26,46,16,98,14,44,58,156
09/27/2005,MGM,AL,ASO,ES,Combined TRACON& Tower with Radar,10,24,54,41,129,0,0,31,10,41,10,24,85,51,170,12,26,38,208
09/28/2005,MGM,AL,ASO,ES,Combined TRACON& Tower with Radar,11,24,92,61,188,0,0,32,24,56,11,24,124,85,244,12,6,18,262
09/29/2005,MGM,AL,ASO,ES,Combined TRACON& Tower with Radar,10,24,54,19,107,0,0,37,19,56,10,24,91,38,163,64,22,86,249
09/30/2005,MGM,AL,ASO,ES,Combined TRACON& Tower with Radar,12,26,58,15,111,0,0,41,9,50,12,26,99,24,161,69,7,76,237
10/01/2005,MGM,AL,ASO,ES,Combined TRACON& Tower with Radar,8,20,30,2,60,0,0,16,9,25,8,20,46,11,85,2,0,2,87
10/02/2005,MGM,AL,ASO,ES,Combined TRACON& Tower with Radar,8,31,42,2,83,0,0,25,0,25,8,31,67,2,108,4,0,4,112
10/03/2005,MGM,AL,ASO,ES,Combined TRACON& Tower with Radar,10,27,46,53,136,0,0,29,8,37,10,27,75,61,173,16,72,88,261
10/04/2005,MGM,AL,ASO,ES,Combined TRACON& Tower with Radar,9,31,56,44,140,0,0,28,5,33,9,31,84,49,173,14,68,82,255
10/05/2005,MGM,AL,ASO,ES,Combined TRACON& Tower with Radar,8,26,56,28,118,0,0,39,11,50,8,26,95,39,168,16,48,64,232
10/06/2005,MGM,AL,ASO,ES,Combined TRACON& Tower with Radar,11,20,52,24,107,0,0,1,0,1,11,20,53,24,108,2,0,2,110
10/07/2005,MGM,AL,ASO,ES,Combined TRACON& Tower with Radar,8,36,61,17,122,0,0,0,0,0,8,36,61,17,122,2,0,2,124
10/08/2005,MGM,AL,ASO,ES,Combined TRACON& Tower with Radar,8,23,47,0,78,0,0,12,0,12,8,23,59,0,90,0,18,18,108
10/09/2005,MGM,AL,ASO,ES,Combined TRACON& Tower with Radar,8,27,14,1,50,0,0,1,0,1,8,27,15,1,51,0,0,0,51
10/10/2005,MGM,AL,ASO,ES,Combined TRACON& Tower with Radar,10,25,33,4,72,0,0,33,5,38,10,25,66,9,110,36,0,36,146
10/11/2005,MGM,AL,ASO,ES,Combined TRACON& Tower with Radar,10,23,64,55,152,0,0,13,6,19,10,23,77,61,171,2,90,92,263
10/12/2005,MGM,AL,ASO,ES,Combined TRACON& Tower with Radar,10,26,52,80,168,0,0,21,25,46,10,26,73,105,214,32,42,74,288
10/13/2005,MGM,AL,ASO,ES,Combined TRACON& Tower with Radar,11,29,40,60,140,0,0,26,10,36,11,29,66,70,176,24,92,116,292
10/14/2005,MGM,AL,ASO,ES,Combined TRACON& Tower with Radar,9,28,71,55,163,0,0,26,17,43,9,28,97,72,206,5,70,75,281
10/15/2005,MGM,AL,ASO,ES,Combined TRACON& Tower with Radar,8,24,29,26,87,0,0,25,4,29,8,24,54,30,116,8,28,36,152
10/16/2005,MGM,AL,ASO,ES,Combined TRACON& Tower with Radar,10,23,26,13,72,0,0,44,4,48,10,23,70,17,120,6,8,14,134
10/17/2005,MGM,AL,ASO,ES,Combined TRACON& Tower with Radar,10,26,19,32,87,0,0,32,5,37,10,26,51,37,124,42,120,162,286
10/18/2005,MGM,AL,ASO,ES,Combined TRACON& Tower with Radar,8,29,46,58,141,0,0,46,10,56,8,29,92,68,197,46,142,188,385
10/19/2005,MGM,AL,ASO,ES,Combined TRACON& Tower with Radar,12,29,42,69,152,0,0,25,27,52,12,29,67,96,204,8,164,172,376
10/20/2005,MGM,AL,ASO,ES,Combined TRACON& Tower with Radar,11,29,48,46,134,0,0,32,10,42,11,29,80,56,176,18,46,64,240
10/21/2005,MGM,AL,ASO,ES,Combined TRACON& Tower with Radar,11,23,55,54,143,0,0,22,13,35,11,23,77,67,178,3,26,29,207
10/22/2005,MGM,AL,ASO,ES,Combined TRACON& Tower with Radar,12,22,21,1,56,0,0,14,3,17,12,22,35,4,73,29,0,29,102
10/23/2005,MGM,AL,ASO,ES,Combined TRACON& Tower with Radar,10,27,41,9,87,0,0,23,8,31,10,27,64,17,118,0,0,0,118
10/24/2005,MGM,AL,ASO,ES,Combined TRACON& Tower with Radar,10,30,28,52,120,0,0,8,4,12,10,30,36,56,132,0,38,38,170
10/25/2005,MGM,AL,ASO,ES,Combined TRACON& Tower with Radar,8,27,58,78,171,0,0,21,11,32,8,27,79,89,203,0,70,70,273
10/26/2005,MGM,AL,ASO,ES,Combined TRACON& Tower with Radar,14,24,64,84,186,0,0,28,18,46,14,24,92,102,232,34,92,126,358
10/27/2005,MGM,AL,ASO,ES,Combined TRACON& Tower with Radar,11,29,38,57,135,0,0,25,11,36,11,29,63,68,171,26,106,132,303
10/28/2005,MGM,AL,ASO,ES,Combined TRACON& Tower with Radar,8,31,49,90,178,0,0,36,9,45,8,31,85,99,223,4,60,64,287
10/29/2005,MGM,AL,ASO,ES,Combined TRACON& Tower with Radar,9,19,22,10,60,0,2,29,3,34,9,21,51,13,94,8,2,10,104
10/30/2005,MGM,AL,ASO,ES,Combined TRACON& Tower with Radar,9,24,53,16,102,2,0,31,0,33,11,24,84,16,135,0,0,0,135
10/31/2005,MGM,AL,ASO,ES,Combined TRACON& Tower with Radar,10,27,32,32,101,0,0,17,2,19,10,27,49,34,120,58,62,120,240
11/01/2005,MGM,AL,ASO,ES,Combined TRACON& Tower with Radar,8,26,59,19,112,0,0,11,0,11,8,26,70,19,123,62,6,68,191
11/02/2005,MGM,AL,ASO,ES,Combined TRACON& Tower with Radar,8,26,43,47,124,0,0,42,12,54,8,26,85,59,178,112,24,136,314
11/03/2005,MGM,AL,ASO,ES,Combined TRACON& Tower with Radar,12,25,48,81,166,0,0,21,8,29,12,25,69,89,195,8,92,100,295
11/04/2005,MGM,AL,ASO,ES,Combined TRACON& Tower with Radar,10,27,52,55,144,0,0,17,6,23,10,27,69,61,167,6,32,38,205
11/05/2005,MGM,AL,ASO,ES,Combined TRACON& Tower with Radar,10,20,25,31,86,0,0,15,8,23,10,20,40,39,109,0,32,32,141
11/06/2005,MGM,AL,ASO,ES,Combined TRACON& Tower with Radar,10,24,36,19,89,0,0,17,4,21,10,24,53,23,110,4,6,10,120
11/07/2005,MGM,AL,ASO,ES,Combined TRACON& Tower with Radar,10,30,35,40,115,0,0,14,3,17,10,30,49,43,132,0,94,94,226
11/08/2005,MGM,AL,ASO,ES,Combined TRACON& Tower with Radar,7,29,50,34,120,0,0,17,6,23,7,29,67,40,143,6,48,54,197
11/09/2005,MGM,AL,ASO,ES,Combined TRACON& Tower with Radar,4,34,39,39,116,0,0,18,5,23,4,34,57,44,139,12,8,20,159
11/10/2005,MGM,AL,ASO,ES,Combined TRACON& Tower with Radar,11,22,69,48,150,0,0,15,9,24,11,22,84,57,174,10,52,62,236
11/11/2005,MGM,AL,ASO,ES,Combined TRACON& Tower with Radar,8,26,45,8,87,0,0,37,4,41,8,26,82,12,128,8,0,8,136
11/12/2005,MGM,AL,ASO,ES,Combined TRACON& Tower with Radar,8,26,16,10,60,0,0,28,2,30,8,26,44,12,90,30,2,32,122
11/13/2005,MGM,AL,ASO,ES,Combined TRACON& Tower with Radar,9,22,28,18,77,0,0,19,0,19,9,22,47,18,96,3,4,7,103
11/14/2005,MGM,AL,ASO,ES,Combined TRACON& Tower with Radar,10,26,73,31,140,0,0,28,2,30,10,26,101,33,170,14,28,42,212
11/15/2005,MGM,AL,ASO,ES,Combined TRACON& Tower with Radar,9,26,45,82,162,0,0,6,3,9,9,26,51,85,171,0,18,18,189
11/16/2005,MGM,AL,ASO,ES,Combined TRACON& Tower with Radar,6,29,60,79,174,0,0,9,20,29,6,29,69,99,203,46,68,114,317
11/17/2005,MGM,AL,ASO,ES,Combined TRACON& Tower with Radar,13,24,47,55,139,0,0,26,16,42,13,24,73,71,181,0,126,126,307
11/18/2005,MGM,AL,ASO,ES,Combined TRACON& Tower with Radar,10,22,52,39,123,0,0,26,7,33,10,22,78,46,156,26,34,60,216
11/19/2005,MGM,AL,ASO,ES,Combined TRACON& Tower with Radar,8,19,20,11,58,0,0,24,8,32,8,19,44,19,90,50,0,50,140
11/20/2005,MGM,AL,ASO,ES,Combined TRACON& Tower with Radar,9,22,30,18,79,0,0,18,9,27,9,22,48,27,106,12,0,12,118
11/21/2005,MGM,AL,ASO,ES,Combined TRACON& Tower with Radar,7,27,59,25,118,0,0,0,1,1,7,27,59,26,119,0,2,2,121
11/22/2005,MGM,AL,ASO,ES,Combined TRACON& Tower with Radar,7,27,51,24,109,0,0,35,7,42,7,27,86,31,151,14,14,28,179
11/23/2005,MGM,AL,ASO,ES,Combined TRACON& Tower with Radar,9,27,40,26,102,0,0,40,0,40,9,27,80,26,142,38,20,58,200
11/24/2005,MGM,AL,ASO,ES,Combined TRACON& Tower with Radar,12,18,14,0,44,0,0,14,0,14,12,18,28,0,58,8,0,8,66
11/25/2005,MGM,AL,ASO,ES,Combined TRACON& Tower with Radar,10,21,31,5,67,0,0,37,1,38,10,21,68,6,105,6,0,6,111
11/26/2005,MGM,AL,ASO,ES,Combined TRACON& Tower with Radar,8,22,27,2,59,0,0,12,1,13,8,22,39,3,72,4,0,4,76
11/27/2005,MGM,AL,ASO,ES,Combined TRACON& Tower with Radar,9,22,44,0,75,0,0,8,0,8,9,22,52,0,83,0,0,0,83
11/28/2005,MGM,AL,ASO,ES,Combined TRACON& Tower with Radar,7,25,25,17,74,0,0,1,0,1,7,25,26,17,75,0,0,0,75
11/29/2005,MGM,AL,ASO,ES,Combined TRACON& Tower with Radar,8,30,57,58,153,0,0,28,10,38,8,30,85,68,191,34,50,84,275
11/30/2005,MGM,AL,ASO,ES,Combined TRACON& Tower with Radar,8,24,52,25,109,0,0,29,9,38,8,24,81,34,147,20,48,68,215
12/01/2005,MGM,AL,ASO,ES,Combined TRACON& Tower with Radar,8,21,59,46,134,0,0,21,5,26,8,21,80,51,160,0,70,70,230
12/02/2005,MGM,AL,ASO,ES,Combined TRACON& Tower with Radar,8,21,64,46,139,0,0,35,14,49,8,21,99,60,188,6,58,64,252
12/03/2005,MGM,AL,ASO,ES,Combined TRACON& Tower with Radar,6,16,27,17,66,0,0,12,8,20,6,16,39,25,86,6,30,36,122
12/04/2005,MGM,AL,ASO,ES,Combined TRACON& Tower with Radar,9,19,34,22,84,81,0,7,2,90,90,19,41,24,174,0,16,16,190
12/05/2005,MGM,AL,ASO,ES,Combined TRACON& Tower with Radar,8,21,27,20,76,0,0,2,0,2,8,21,29,20,78,0,0,0,78
12/06/2005,MGM,AL,ASO,ES,Combined TRACON& Tower with Radar,9,20,41,42,112,0,0,31,0,31,9,20,72,42,143,10,110,120,263
12/07/2005,MGM,AL,ASO,ES,Combined TRACON& Tower with Radar,8,23,53,64,148,0,0,24,13,37,8,23,77,77,185,44,128,172,357
12/08/2005,MGM,AL,ASO,ES,Combined TRACON& Tower with Radar,7,21,43,58,129,0,0,1,2,3,7,21,44,60,132,8,12,20,152
12/09/2005,MGM,AL,ASO,ES,Combined TRACON& Tower with Radar,8,20,44,63,135,0,0,36,4,40,8,20,80,67,175,16,66,82,257
12/10/2005,MGM,AL,ASO,ES,Combined TRACON& Tower with Radar,5,16,21,10,52,0,0,26,0,26,5,16,47,10,78,28,4,32,110
12/11/2005,MGM,AL,ASO,ES,Combined TRACON& Tower with Radar,6,19,24,6,55,54,0,50,0,104,60,19,74,6,159,48,0,48,207
12/12/2005,MGM,AL,ASO,ES,Combined TRACON& Tower with Radar,8,19,54,36,117,0,0,28,5,33,8,19,82,41,150,8,20,28,178
12/13/2005,MGM,AL,ASO,ES,Combined TRACON& Tower with Radar,8,23,37,58,126,0,0,15,16,31,8,23,52,74,157,2,102,104,261
12/14/2005,MGM,AL,ASO,ES,Combined TRACON& Tower with Radar,8,18,76,51,153,0,0,11,17,28,8,18,87,68,181,4,92,96,277
12/15/2005,MGM,AL,ASO,ES,Combined TRACON& Tower with Radar,10,21,53,64,148,0,0,1,11,12,10,21,54,75,160,0,34,34,194
12/16/2005,MGM,AL,ASO,ES,Combined TRACON& Tower with Radar,8,32,36,59,135,0,0,27,10,37,8,32,63,69,172,34,94,128,300
12/17/2005,MGM,AL,ASO,ES,Combined TRACON& Tower with Radar,4,19,25,4,52,0,0,13,6,19,4,19,38,10,71,8,12,20,91
12/18/2005,MGM,AL,ASO,ES,Combined TRACON& Tower with Radar,9,20,17,11,57,0,0,6,9,15,9,20,23,20,72,0,28,28,100
12/19/2005,MGM,AL,ASO,ES,Combined TRACON& Tower with Radar,8,26,25,27,86,0,0,27,6,33,8,26,52,33,119,48,50,98,217
12/20/2005,MGM,AL,ASO,ES,Combined TRACON& Tower with Radar,8,29,43,78,158,0,0,21,11,32,8,29,64,89,190,8,146,154,344
12/21/2005,MGM,AL,ASO,ES,Combined TRACON& Tower with Radar,8,27,50,82,167,0,0,42,10,52,8,27,92,92,219,9,124,133,352
12/22/2005,MGM,AL,ASO,ES,Combined TRACON& Tower with Radar,8,20,43,44,115,0,0,2,3,5,8,20,45,47,120,26,54,80,200
12/23/2005,MGM,AL,ASO,ES,Combined TRACON& Tower with Radar,8,26,35,19,88,0,0,47,3,50,8,26,82,22,138,10,30,40,178
12/24/2005,MGM,AL,ASO,ES,Combined TRACON& Tower with Radar,7,13,13,0,33,0,0,4,0,4,7,13,17,0,37,8,0,8,45
12/25/2005,MGM,AL,ASO,ES,Combined TRACON& Tower with Radar,6,15,12,0,33,0,0,4,0,4,6,15,16,0,37,0,0,0,37
12/26/2005,MGM,AL,ASO,ES,Combined TRACON& Tower with Radar,8,25,34,0,67,0,0,25,0,25,8,25,59,0,92,16,0,16,108
12/27/2005,MGM,AL,ASO,ES,Combined TRACON& Tower with Radar,8,23,29,33,93,0,0,21,2,23,8,23,50,35,116,4,20,24,140
12/28/2005,MGM,AL,ASO,ES,Combined TRACON& Tower with Radar,8,22,30,16,76,0,0,5,1,6,8,22,35,17,82,6,4,10,92
12/29/2005,MGM,AL,ASO,ES,Combined TRACON& Tower with Radar,8,23,49,39,119,0,0,30,7,37,8,23,79,46,156,10,34,44,200
12/30/2005,MGM,AL,ASO,ES,Combined TRACON& Tower with Radar,8,28,26,60,122,0,0,34,8,42,8,28,60,68,164,26,76,102,266
12/31/2005,MGM,AL,ASO,ES,Combined TRACON& Tower with Radar,5,15,24,0,44,0,4,22,2,28,5,19,46,2,72,22,0,22,94
01/01/2006,MGM,AL,ASO,ES,Combined TRACON& Tower with Radar,4,23,17,1,45,0,0,0,0,0,4,23,17,1,45,0,0,0,45
01/02/2006,MGM,AL,ASO,ES,Combined TRACON& Tower with Radar,10,26,22,0,58,0,0,12,0,12,10,26,34,0,70,0,0,0,70
01/03/2006,MGM,AL,ASO,ES,Combined TRACON& Tower with Radar,8,24,40,13,85,0,0,21,0,21,8,24,61,13,106,12,56,68,174
01/04/2006,MGM,AL,ASO,ES,Combined TRACON& Tower with Radar,8,20,50,79,157,0,0,28,22,50,8,20,78,101,207,2,100,102,309
01/05/2006,MGM,AL,ASO,ES,Combined TRACON& Tower with Radar,9,19,33,80,141,0,0,17,1,18,9,19,50,81,159,0,128,128,287
01/06/2006,MGM,AL,ASO,ES,Combined TRACON& Tower with Radar,8,18,32,38,96,0,0,15,5,20,8,18,47,43,116,14,71,85,201
01/07/2006,MGM,AL,ASO,ES,Combined TRACON& Tower with Radar,5,17,16,18,56,0,0,32,19,51,5,17,48,37,107,10,38,48,155
01/08/2006,MGM,AL,ASO,ES,Combined TRACON& Tower with Radar,8,17,29,14,68,0,1,14,4,19,8,18,43,18,87,10,8,18,105
01/09/2006,MGM,AL,ASO,ES,Combined TRACON& Tower with Radar,12,15,43,50,120,0,0,22,3,25,12,15,65,53,145,44,68,112,257
01/10/2006,MGM,AL,ASO,ES,Combined TRACON& Tower with Radar,8,24,49,94,175,0,1,11,13,25,8,25,60,107,200,30,244,274,474
01/11/2006,MGM,AL,ASO,ES,Combined TRACON& Tower with Radar,8,22,54,65,149,0,0,27,10,37,8,22,81,75,186,8,86,94,280
01/12/2006,MGM,AL,ASO,ES,Combined TRACON& Tower with Radar,6,23,67,39,135,0,0,21,7,28,6,23,88,46,163,0,48,48,211
01/13/2006,MGM,AL,ASO,ES,Combined TRACON& Tower with Radar,10,25,46,5,86,0,0,5,1,6,10,25,51,6,92,0,0,0,92
01/14/2006,MGM,AL,ASO,ES,Combined TRACON& Tower with Radar,4,13,21,12,50,0,0,10,2,12,4,13,31,14,62,6,6,12,74
01/15/2006,MGM,AL,ASO,ES,Combined TRACON& Tower with Radar,8,25,36,0,69,0,0,46,0,46,8,25,82,0,115,0,0,0,115
01/16/2006,MGM,AL,ASO,ES,Combined TRACON& Tower with Radar,10,19,34,12,75,0,0,7,0,7,10,19,41,12,82,34,0,34,116
01/17/2006,MGM,AL,ASO,ES,Combined TRACON& Tower with Radar,8,21,26,2,57,0,0,0,0,0,8,21,26,2,57,0,0,0,57
01/18/2006,MGM,AL,ASO,ES,Combined TRACON& Tower with Radar,8,24,56,91,179,0,0,24,12,36,8,24,80,103,215,38,66,104,319
01/19/2006,MGM,AL,ASO,ES,Combined TRACON& Tower with Radar,8,26,63,78,175,0,0,41,22,63,8,26,104,100,238,14,94,108,346
01/20/2006,MGM,AL,ASO,ES,Combined TRACON& Tower with Radar,9,25,66,57,157,0,0,15,22,37,9,25,81,79,194,5,74,79,273
01/21/2006,MGM,AL,ASO,ES,Combined TRACON& Tower with Radar,4,14,34,20,72,0,0,1,5,6,4,14,35,25,78,0,0,0,78
01/22/2006,MGM,AL,ASO,ES,Combined TRACON& Tower with Radar,6,21,24,50,101,0,1,8,9,18,6,22,32,59,119,10,38,48,167
01/23/2006,MGM,AL,ASO,ES,Combined TRACON& Tower with Radar,7,22,44,24,97,0,0,5,0,5,7,22,49,24,102,8,2,10,112
01/24/2006,MGM,AL,ASO,ES,Combined TRACON& Tower with Radar,9,22,69,46,146,0,1,33,13,47,9,23,102,59,193,30,60,90,283
01/25/2006,MGM,AL,ASO,ES,Combined TRACON& Tower with Radar,8,20,53,61,142,0,0,35,6,41,8,20,88,67,183,0,52,52,235
01/26/2006,MGM,AL,ASO,ES,Combined TRACON& Tower with Radar,8,23,62,55,148,0,0,56,11,67,8,23,118,66,215,16,60,76,291
01/27/2006,MGM,AL,ASO,ES,Combined TRACON& Tower with Radar,7,20,55,57,139,0,0,33,2,35,7,20,88,59,174,48,74,122,296
01/28/2006,MGM,AL,ASO,ES,Combined TRACON& Tower with Radar,5,18,25,1,49,0,0,37,1,38,5,18,62,2,87,12,0,12,99
01/29/2006,MGM,AL,ASO,ES,Combined TRACON& Tower with Radar,6,22,34,5,67,0,0,19,2,21,6,22,53,7,88,8,0,8,96
01/30/2006,MGM,AL,ASO,ES,Combined TRACON& Tower with Radar,9,23,39,32,103,0,0,2,0,2,9,23,41,32,105,0,76,76,181
01/31/2006,MGM,AL,ASO,ES,Combined TRACON& Tower with Radar,8,21,42,54,125,0,0,30,7,37,8,21,72,61,162,56,158,214,376
02/01/2006,MGM,AL,ASO,ES,Combined TRACON& Tower with Radar,8,20,44,82,154,0,0,36,14,50,8,20,80,96,204,18,82,100,304
02/02/2006,MGM,AL,ASO,ES,Combined TRACON& Tower with Radar,9,25,45,32,111,0,0,4,3,7,9,25,49,35,118,0,0,0,118
02/03/2006,MGM,AL,ASO,ES,Combined TRACON& Tower with Radar,9,26,55,83,173,0,0,38,10,48,9,26,93,93,221,1,60,61,282
02/04/2006,MGM,AL,ASO,ES,Combined TRACON& Tower with Radar,6,22,25,19,72,0,0,11,7,18,6,22,36,26,90,14,0,14,104
02/05/2006,MGM,AL,ASO,ES,Combined TRACON& Tower with Radar,9,24,18,14,65,0,0,36,5,41,9,24,54,19,106,0,0,0,106
02/06/2006,MGM,AL,ASO,ES,Combined TRACON& Tower with Radar,10,22,55,9,96,0,0,9,0,9,10,22,64,9,105,8,0,8,113
02/07/2006,MGM,AL,ASO,ES,Combined TRACON& Tower with Radar,8,19,44,46,117,0,0,29,21,50,8,19,73,67,167,30,128,158,325
02/08/2006,MGM,AL,ASO,ES,Combined TRACON& Tower with Radar,8,20,50,25,103,0,0,26,14,40,8,20,76,39,143,18,14,32,175
02/09/2006,MGM,AL,ASO,ES,Combined TRACON& Tower with Radar,8,20,46,50,124,0,0,39,6,45,8,20,85,56,169,6,18,24,193
02/10/2006,MGM,AL,ASO,ES,Combined TRACON& Tower with Radar,8,19,39,42,108,0,0,29,10,39,8,19,68,52,147,8,32,40,187
02/11/2006,MGM,AL,ASO,ES,Combined TRACON& Tower with Radar,5,19,15,6,45,0,0,8,4,12,5,19,23,10,57,8,0,8,65
02/12/2006,MGM,AL,ASO,ES,Combined TRACON& Tower with Radar,8,19,25,17,69,0,2,23,5,30,8,21,48,22,99,11,0,11,110
02/13/2006,MGM,AL,ASO,ES,Combined TRACON& Tower with Radar,10,19,33,39,101,0,0,27,10,37,10,19,60,49,138,0,22,22,160
02/14/2006,MGM,AL,ASO,ES,Combined TRACON& Tower with Radar,8,21,45,84,158,0,0,30,26,56,8,21,75,110,214,12,67,79,293
02/15/2006,MGM,AL,ASO,ES,Combined TRACON& Tower with Radar,8,21,39,69,137,0,0,33,23,56,8,21,72,92,193,28,116,144,337
02/16/2006,MGM,AL,ASO,ES,Combined TRACON& Tower with Radar,9,23,29,51,112,0,0,31,6,37,9,23,60,57,149,8,86,94,243
02/17/2006,MGM,AL,ASO,ES,Combined TRACON& Tower with Radar,8,30,59,19,116,0,0,12,2,14,8,30,71,21,130,0,4,4,134
02/18/2006,MGM,AL,ASO,ES,Combined TRACON& Tower with Radar,4,12,24,9,49,0,0,1,0,1,4,12,25,9,50,0,0,0,50
02/19/2006,MGM,AL,ASO,ES,Combined TRACON& Tower with Radar,8,24,45,2,79,0,0,17,1,18,8,24,62,3,97,2,0,2,99
02/20/2006,MGM,AL,ASO,ES,Combined TRACON& Tower with Radar,10,26,34,0,70,0,0,0,0,0,10,26,34,0,70,0,0,0,70
02/21/2006,MGM,AL,ASO,ES,Combined TRACON& Tower with Radar,6,26,58,42,132,0,0,7,4,11,6,26,65,46,143,0,4,4,147
02/22/2006,MGM,AL,ASO,ES,Combined TRACON& Tower with Radar,8,29,58,45,140,0,0,7,10,17,8,29,65,55,157,40,38,78,235
02/23/2006,MGM,AL,ASO,ES,Combined TRACON& Tower with Radar,7,22,54,36,119,0,0,27,11,38,7,22,81,47,157,2,30,32,189
02/24/2006,MGM,AL,ASO,ES,Combined TRACON& Tower with Radar,10,28,53,42,133,0,0,37,10,47,10,28,90,52,180,26,114,140,320
02/25/2006,MGM,AL,ASO,ES,Combined TRACON& Tower with Radar,4,18,23,0,45,0,0,0,0,0,4,18,23,0,45,0,0,0,45
02/26/2006,MGM,AL,ASO,ES,Combined TRACON& Tower with Radar,8,20,26,5,59,0,0,43,0,43,8,20,69,5,102,6,24,30,132
02/27/2006,MGM,AL,ASO,ES,Combined TRACON& Tower with Radar,8,23,49,27,107,0,0,33,0,33,8,23,82,27,140,0,30,30,170
02/28/2006,MGM,AL,ASO,ES,Combined TRACON& Tower with Radar,9,22,53,45,129,0,0,28,12,40,9,22,81,57,169,13,114,127,296
03/01/2006,MGM,AL,ASO,ES,Combined TRACON& Tower with Radar,7,24,61,58,150,0,0,37,11,48,7,24,98,69,198,26,34,60,258
03/02/2006,MGM,AL,ASO,ES,Combined TRACON& Tower with Radar,8,20,70,54,152,0,5,33,13,51,8,25,103,67,203,6,42,48,251
03/03/2006,MGM,AL,ASO,ES,Combined TRACON& Tower with Radar,10,20,60,58,148,0,0,64,15,79,10,20,124,73,227,14,16,30,257
03/04/2006,MGM,AL,ASO,ES,Combined TRACON& Tower with Radar,6,20,30,9,65,0,0,48,36,84,6,20,78,45,149,30,14,44,193
03/05/2006,MGM,AL,ASO,ES,Combined TRACON& Tower with Radar,8,26,30,11,75,0,1,33,8,42,8,27,63,19,117,8,0,8,125
03/06/2006,MGM,AL,ASO,ES,Combined TRACON& Tower with Radar,8,22,33,30,93,0,0,17,2,19,8,22,50,32,112,16,52,68,180
03/07/2006,MGM,AL,ASO,ES,Combined TRACON& Tower with Radar,8,19,60,48,135,0,0,36,5,41,8,19,96,53,176,0,80,80,256
03/08/2006,MGM,AL,ASO,ES,Combined TRACON& Tower with Radar,8,22,66,36,132,0,0,32,14,46,8,22,98,50,178,26,54,80,258
03/09/2006,MGM,AL,ASO,ES,Combined TRACON& Tower with Radar,6,23,44,47,120,0,0,2,7,9,6,23,46,54,129,12,80,92,221
03/10/2006,MGM,AL,ASO,ES,Combined TRACON& Tower with Radar,9,23,61,39,132,0,0,16,10,26,9,23,77,49,158,6,48,54,212
03/11/2006,MGM,AL,ASO,ES,Combined TRACON& Tower with Radar,6,19,23,15,63,0,0,26,4,30,6,19,49,19,93,38,10,48,141
03/12/2006,MGM,AL,ASO,ES,Combined TRACON& Tower with Radar,8,24,41,5,78,0,0,24,0,24,8,24,65,5,102,28,0,28,130
03/13/2006,MGM,AL,ASO,ES,Combined TRACON& Tower with Radar,10,24,49,49,132,0,0,14,3,17,10,24,63,52,149,6,44,50,199
03/14/2006,MGM,AL,ASO,ES,Combined TRACON& Tower with Radar,8,22,33,57,120,0,0,17,15,32,8,22,50,72,152,0,62,62,214
03/15/2006,MGM,AL,ASO,ES,Combined TRACON& Tower with Radar,4,25,64,55,148,0,0,32,15,47,4,25,96,70,195,14,66,80,275
03/16/2006,MGM,AL,ASO,ES,Combined TRACON& Tower with Radar,7,23,68,69,167,0,0,30,24,54,7,23,98,93,221,18,118,136,357
03/17/2006,MGM,AL,ASO,ES,Combined TRACON& Tower with Radar,4,26,49,33,112,0,0,41,5,46,4,26,90,38,158,34,54,88,246
03/18/2006,MGM,AL,ASO,ES,Combined TRACON& Tower with Radar,8,15,38,18,79,0,0,32,2,34,8,15,70,20,113,72,0,72,185
03/19/2006,MGM,AL,ASO,ES,Combined TRACON& Tower with Radar,8,24,21,10,63,0,0,10,2,12,8,24,31,12,75,6,0,6,81
03/20/2006,MGM,AL,ASO,ES,Combined TRACON& Tower with Radar,8,25,32,33,98,0,0,7,4,11,8,25,39,37,109,8,60,68,177
03/21/2006,MGM,AL,ASO,ES,Combined TRACON& Tower with Radar,8,24,47,44,123,0,0,12,2,14,8,24,59,46,137,6,50,56,193
03/22/2006,MGM,AL,ASO,ES,Combined TRACON& Tower with Radar,8,26,47,61,142,0,0,30,12,42,8,26,77,73,184,14,66,80,264
03/23/2006,MGM,AL,ASO,ES,Combined TRACON& Tower with Radar,8,22,40,71,141,0,0,26,8,34,8,22,66,79,175,42,60,102,277
03/24/2006,MGM,AL,ASO,ES,Combined TRACON& Tower with Radar,8,25,43,30,106,0,0,33,9,42,8,25,76,39,148,6,32,38,186
03/25/2006,MGM,AL,ASO,ES,Combined TRACON& Tower with Radar,8,16,24,0,48,0,0,46,3,49,8,16,70,3,97,48,0,48,145
03/26/2006,MGM,AL,ASO,ES,Combined TRACON& Tower with Radar,9,23,33,6,71,0,0,43,6,49,9,23,76,12,120,12,0,12,132
03/27/2006,MGM,AL,ASO,ES,Combined TRACON& Tower with Radar,8,21,43,37,109,0,0,20,11,31,8,21,63,48,140,14,70,84,224
03/28/2006,MGM,AL,ASO,ES,Combined TRACON& Tower with Radar,8,20,44,64,136,0,0,12,4,16,8,20,56,68,152,0,130,130,282
03/29/2006,MGM,AL,ASO,ES,Combined TRACON& Tower with Radar,6,24,51,60,141,0,0,33,6,39,6,24,84,66,180,54,58,112,292
03/30/2006,MGM,AL,ASO,ES,Combined TRACON& Tower with Radar,6,26,43,76,151,0,0,34,11,45,6,26,77,87,196,4,120,124,320
03/31/2006,MGM,AL,ASO,ES,Combined TRACON& Tower with Radar,8,24,44,43,119,0,0,37,1,38,8,24,81,44,157,8,54,62,219
04/01/2006,MGM,AL,ASO,ES,Combined TRACON& Tower with Radar,7,20,48,13,88,0,0,37,0,37,7,20,85,13,125,36,8,44,169
04/02/2006,MGM,AL,ASO,ES,Combined TRACON& Tower with Radar,6,22,28,15,71,0,0,18,0,18,6,22,46,15,89,26,6,32,121
04/03/2006,MGM,AL,ASO,ES,Combined TRACON& Tower with Radar,8,23,43,30,104,0,0,27,1,28,8,23,70,31,132,8,28,36,168
04/04/2006,MGM,AL,ASO,ES,Combined TRACON& Tower with Radar,7,23,49,51,130,0,0,30,5,35,7,23,79,56,165,4,34,38,203
04/05/2006,MGM,AL,ASO,ES,Combined TRACON& Tower with Radar,7,30,64,76,177,0,0,33,5,38,7,30,97,81,215,34,76,110,325
04/06/2006,MGM,AL,ASO,ES,Combined TRACON& Tower with Radar,9,29,63,25,126,0,0,44,0,44,9,29,107,25,170,38,8,46,216
04/07/2006,MGM,AL,ASO,ES,Combined TRACON& Tower with Radar,10,24,56,52,142,0,0,27,6,33,10,24,83,58,175,10,56,66,241
04/08/2006,MGM,AL,ASO,ES,Combined TRACON& Tower with Radar,7,19,22,0,48,0,0,14,4,18,7,19,36,4,66,0,0,0,66
04/09/2006,MGM,AL,ASO,ES,Combined TRACON& Tower with Radar,8,18,35,11,72,0,0,45,2,47,8,18,80,13,119,20,0,20,139
04/10/2006,MGM,AL,ASO,ES,Combined TRACON& Tower with Radar,9,23,56,37,125,0,0,28,3,31,9,23,84,40,156,7,66,73,229
04/11/2006,MGM,AL,ASO,ES,Combined TRACON& Tower with Radar,8,25,55,50,138,0,0,32,7,39,8,25,87,57,177,12,114,126,303
04/12/2006,MGM,AL,ASO,ES,Combined TRACON& Tower with Radar,10,26,53,36,125,0,3,52,3,58,10,29,105,39,183,44,24,68,251
04/13/2006,MGM,AL,ASO,ES,Combined TRACON& Tower with Radar,9,21,65,36,131,0,2,32,6,40,9,23,97,42,171,0,58,58,229
04/14/2006,MGM,AL,ASO,ES,Combined TRACON& Tower with Radar,8,23,33,34,98,0,0,46,3,49,8,23,79,37,147,4,22,26,173
04/15/2006,MGM,AL,ASO,ES,Combined TRACON& Tower with Radar,6,18,17,1,42,0,0,45,1,46,6,18,62,2,88,80,0,80,168
04/16/2006,MGM,AL,ASO,ES,Combined TRACON& Tower with Radar,7,22,19,1,49,0,0,19,0,19,7,22,38,1,68,0,0,0,68
04/17/2006,MGM,AL,ASO,ES,Combined TRACON& Tower with Radar,8,25,59,66,158,0,0,21,0,21,8,25,80,66,179,104,86,190,369
04/18/2006,MGM,AL,ASO,ES,Combined TRACON& Tower with Radar,8,25,63,47,143,0,0,38,1,39,8,25,101,48,182,118,64,182,364
04/19/2006,MGM,AL,ASO,ES,Combined TRACON& Tower with Radar,4,32,58,27,121,0,0,24,2,26,4,32,82,29,147,68,20,88,235
04/20/2006,MGM,AL,ASO,ES,Combined TRACON& Tower with Radar,13,35,56,49,153,0,0,33,2,35,13,35,89,51,188,18,48,66,254
04/21/2006,MGM,AL,ASO,ES,Combined TRACON& Tower with Radar,10,29,36,33,108,0,0,13,10,23,10,29,49,43,131,14,46,60,191
04/22/2006,MGM,AL,ASO,ES,Combined TRACON& Tower with Radar,6,18,27,19,70,0,0,31,0,31,6,18,58,19,101,6,0,6,107
04/23/2006,MGM,AL,ASO,ES,Combined TRACON& Tower with Radar,8,20,43,12,83,0,0,46,0,46,8,20,89,12,129,29,6,35,164
04/24/2006,MGM,AL,ASO,ES,Combined TRACON& Tower with Radar,12,21,46,31,110,0,0,27,3,30,12,21,73,34,140,22,16,38,178
04/25/2006,MGM,AL,ASO,ES,Combined TRACON& Tower with Radar,7,22,59,63,151,0,0,10,3,13,7,22,69,66,164,0,92,92,256
04/26/2006,MGM,AL,ASO,ES,Combined TRACON& Tower with Radar,9,25,69,31,134,0,0,5,2,7,9,25,74,33,141,18,0,18,159
04/27/2006,MGM,AL,ASO,ES,Combined TRACON& Tower with Radar,8,25,59,60,152,0,0,55,8,63,8,25,114,68,215,36,90,126,341
04/28/2006,MGM,AL,ASO,ES,Combined TRACON& Tower with Radar,8,26,59,30,123,0,0,49,10,59,8,26,108,40,182,16,10,26,208
04/29/2006,MGM,AL,ASO,ES,Combined TRACON& Tower with Radar,7,17,20,0,44,0,0,17,0,17,7,17,37,0,61,28,0,28,89
04/30/2006,MGM,AL,ASO,ES,Combined TRACON& Tower with Radar,13,22,32,16,83,0,0,8,0,8,13,22,40,16,91,8,8,16,107
05/01/2006,MGM,AL,ASO,ES,Combined TRACON& Tower with Radar,11,25,51,18,105,0,0,26,2,28,11,25,77,20,133,0,48,48,181
05/02/2006,MGM,AL,ASO,ES,Combined TRACON& Tower with Radar,8,21,50,68,147,0,0,20,4,24,8,21,70,72,171,20,84,104,275
05/03/2006,MGM,AL,ASO,ES,Combined TRACON& Tower with Radar,8,27,65,58,158,0,0,35,9,44,8,27,100,67,202,52,72,124,326
05/04/2006,MGM,AL,ASO,ES,Combined TRACON& Tower with Radar,8,28,59,44,139,0,0,42,7,49,8,28,101,51,188,18,86,104,292
05/05/2006,MGM,AL,ASO,ES,Combined TRACON& Tower with Radar,9,30,59,35,133,0,0,15,0,15,9,30,74,35,148,30,28,58,206
05/06/2006,MGM,AL,ASO,ES,Combined TRACON& Tower with Radar,6,19,30,0,55,0,0,32,3,35,6,19,62,3,90,10,0,10,100
05/07/2006,MGM,AL,ASO,ES,Combined TRACON& Tower with Radar,6,21,20,11,58,0,0,6,0,6,6,21,26,11,64,0,0,0,64
05/08/2006,MGM,AL,ASO,ES,Combined TRACON& Tower with Radar,10,20,45,32,107,0,0,21,3,24,10,20,66,35,131,4,30,34,165
05/09/2006,MGM,AL,ASO,ES,Combined TRACON& Tower with Radar,8,28,50,54,140,0,0,9,5,14,8,28,59,59,154,18,52,70,224
05/10/2006,MGM,AL,ASO,ES,Combined TRACON& Tower with Radar,5,27,47,10,89,0,0,4,0,4,5,27,51,10,93,0,0,0,93
05/11/2006,MGM,AL,ASO,ES,Combined TRACON& Tower with Radar,8,26,61,51,146,0,0,18,7,25,8,26,79,58,171,42,40,82,253
05/12/2006,MGM,AL,ASO,ES,Combined TRACON& Tower with Radar,8,29,54,65,156,0,0,46,2,48,8,29,100,67,204,12,80,92,296
05/13/2006,MGM,AL,ASO,ES,Combined TRACON& Tower with Radar,6,22,27,1,56,0,0,21,0,21,6,22,48,1,77,4,0,4,81
05/14/2006,MGM,AL,ASO,ES,Combined TRACON& Tower with Radar,9,20,31,0,60,0,0,28,0,28,9,20,59,0,88,72,0,72,160
05/15/2006,MGM,AL,ASO,ES,Combined TRACON& Tower with Radar,8,23,49,64,144,0,0,34,5,39,8,23,83,69,183,4,56,60,243
05/16/2006,MGM,AL,ASO,ES,Combined TRACON& Tower with Radar,8,20,25,59,112,0,0,42,4,46,8,20,67,63,158,8,86,94,252
05/17/2006,MGM,AL,ASO,ES,Combined TRACON& Tower with Radar,8,23,65,65,161,0,0,33,11,44,8,23,98,76,205,4,94,98,303
05/18/2006,MGM,AL,ASO,ES,Combined TRACON& Tower with Radar,8,22,67,40,137,0,0,43,3,46,8,22,110,43,183,16,66,82,265
05/19/2006,MGM,AL,ASO,ES,Combined TRACON& Tower with Radar,8,25,45,26,104,0,0,45,7,52,8,25,90,33,156,42,34,76,232
05/20/2006,MGM,AL,ASO,ES,Combined TRACON& Tower with Radar,6,19,36,17,78,0,1,49,0,50,6,20,85,17,128,52,12,64,192
05/21/2006,MGM,AL,ASO,ES,Combined TRACON& Tower with Radar,8,20,50,7,85,0,0,26,0,26,8,20,76,7,111,20,2,22,133
05/22/2006,MGM,AL,ASO,ES,Combined TRACON& Tower with Radar,8,25,49,54,136,0,0,29,6,35,8,25,78,60,171,8,92,100,271
05/23/2006,MGM,AL,ASO,ES,Combined TRACON& Tower with Radar,8,20,50,94,172,0,0,25,11,36,8,20,75,105,208,2,151,153,361
05/24/2006,MGM,AL,ASO,ES,Combined TRACON& Tower with Radar,8,20,48,72,148,0,0,31,10,41,8,20,79,82,189,22,104,126,315
05/25/2006,MGM,AL,ASO,ES,Combined TRACON& Tower with Radar,9,24,53,44,130,0,0,26,3,29,9,24,79,47,159,16,86,102,261
05/26/2006,MGM,AL,ASO,ES,Combined TRACON& Tower with Radar,7,23,53,6,89,0,0,36,0,36,7,23,89,6,125,16,24,40,165
05/27/2006,MGM,AL,ASO,ES,Combined TRACON& Tower with Radar,6,18,22,1,47,0,0,32,0,32,6,18,54,1,79,14,0,14,93
05/28/2006,MGM,AL,ASO,ES,Combined TRACON& Tower with Radar,8,20,15,0,43,0,0,16,0,16,8,20,31,0,59,0,0,0,59
05/29/2006,MGM,AL,ASO,ES,Combined TRACON& Tower with Radar,8,22,22,0,52,0,0,21,0,21,8,22,43,0,73,18,0,18,91
05/30/2006,MGM,AL,ASO,ES,Combined TRACON& Tower with Radar,8,22,49,47,126,0,0,20,7,27,8,22,69,54,153,10,96,106,259
05/31/2006,MGM,AL,ASO,ES,Combined TRACON& Tower with Radar,7,25,57,77,166,0,0,29,8,37,7,25,86,85,203,22,106,128,331
06/01/2006,MGM,AL,ASO,ES,Combined TRACON& Tower with Radar,8,21,56,71,156,0,0,26,5,31,8,21,82,76,187,22,62,84,271
06/02/2006,MGM,AL,ASO,ES,Combined TRACON& Tower with Radar,7,27,33,55,122,0,0,35,0,35,7,27,68,55,157,0,46,46,203
06/03/2006,MGM,AL,ASO,ES,Combined TRACON& Tower with Radar,4,21,11,12,48,0,0,34,1,35,4,21,45,13,83,8,0,8,91
06/04/2006,MGM,AL,ASO,ES,Combined TRACON& Tower with Radar,7,22,31,18,78,0,0,35,0,35,7,22,66,18,113,30,20,50,163
06/05/2006,MGM,AL,ASO,ES,Combined TRACON& Tower with Radar,8,27,45,27,107,0,0,37,1,38,8,27,82,28,145,14,28,42,187
06/06/2006,MGM,AL,ASO,ES,Combined TRACON& Tower with Radar,8,24,44,47,123,0,0,57,12,69,8,24,101,59,192,24,114,138,330
06/07/2006,MGM,AL,ASO,ES,Combined TRACON& Tower with Radar,7,31,41,83,162,0,0,39,8,47,7,31,80,91,209,21,68,89,298
06/08/2006,MGM,AL,ASO,ES,Combined TRACON& Tower with Radar,5,30,68,68,171,0,0,30,4,34,5,30,98,72,205,10,64,74,279
06/09/2006,MGM,AL,ASO,ES,Combined TRACON& Tower with Radar,7,26,48,47,128,0,0,32,2,34,7,26,80,49,162,0,40,40,202
06/10/2006,MGM,AL,ASO,ES,Combined TRACON& Tower with Radar,4,22,22,4,52,0,0,28,0,28,4,22,50,4,80,0,8,8,88
06/11/2006,MGM,AL,ASO,ES,Combined TRACON& Tower with Radar,6,20,22,10,58,0,1,23,0,24,6,21,45,10,82,0,0,0,82
06/12/2006,MGM,AL,ASO,ES,Combined TRACON& Tower with Radar,7,27,43,16,93,0,1,21,1,23,7,28,64,17,116,12,40,52,168
06/13/2006,MGM,AL,ASO,ES,Combined TRACON& Tower with Radar,7,25,48,28,108,0,0,28,2,30,7,25,76,30,138,32,34,66,204
06/14/2006,MGM,AL,ASO,ES,Combined TRACON& Tower with Radar,7,24,50,56,137,0,0,38,2,40,7,24,88,58,177,12,100,112,289
06/15/2006,MGM,AL,ASO,ES,Combined TRACON& Tower with Radar,6,23,63,37,129,0,0,57,1,58,6,23,120,38,187,4,76,80,267
06/16/2006,MGM,AL,ASO,ES,Combined TRACON& Tower with Radar,6,25,45,77,153,0,2,32,2,36,6,27,77,79,189,18,104,122,311
06/17/2006,MGM,AL,ASO,ES,Combined TRACON& Tower with Radar,6,18,21,2,47,0,0,10,0,10,6,18,31,2,57,0,4,4,61
06/18/2006,MGM,AL,ASO,ES,Combined TRACON& Tower with Radar,6,21,24,0,51,0,0,26,0,26,6,21,50,0,77,34,0,34,111
06/19/2006,MGM,AL,ASO,ES,Combined TRACON& Tower with Radar,6,24,31,78,139,0,0,28,3,31,6,24,59,81,170,10,98,108,278
06/20/2006,MGM,AL,ASO,ES,Combined TRACON& Tower with Radar,6,26,55,71,158,0,0,10,1,11,6,26,65,72,169,30,62,92,261
06/21/2006,MGM,AL,ASO,ES,Combined TRACON& Tower with Radar,6,27,39,83,155,0,0,42,7,49,6,27,81,90,204,26,48,74,278
06/22/2006,MGM,AL,ASO,ES,Combined TRACON& Tower with Radar,6,19,36,89,150,0,0,32,3,35,6,19,68,92,185,0,56,56,241
06/23/2006,MGM,AL,ASO,ES,Combined TRACON& Tower with Radar,6,29,57,35,127,0,0,26,5,31,6,29,83,40,158,0,30,30,188
06/24/2006,MGM,AL,ASO,ES,Combined TRACON& Tower with Radar,3,22,11,12,48,0,1,29,0,30,3,23,40,12,78,32,4,36,114
06/25/2006,MGM,AL,ASO,ES,Combined TRACON& Tower with Radar,5,21,29,18,73,0,0,16,1,17,5,21,45,19,90,6,8,14,104
06/26/2006,MGM,AL,ASO,ES,Combined TRACON& Tower with Radar,6,22,39,41,108,0,0,14,1,15,6,22,53,42,123,18,42,60,183
06/27/2006,MGM,AL,ASO,ES,Combined TRACON& Tower with Radar,6,24,56,53,139,0,0,32,6,38,6,24,88,59,177,24,76,100,277
06/28/2006,MGM,AL,ASO,ES,Combined TRACON& Tower with Radar,7,28,56,67,158,0,0,37,2,39,7,28,93,69,197,50,66,116,313
06/29/2006,MGM,AL,ASO,ES,Combined TRACON& Tower with Radar,6,24,75,36,141,0,0,54,9,63,6,24,129,45,204,8,48,56,260
06/30/2006,MGM,AL,ASO,ES,Combined TRACON& Tower with Radar,6,25,65,54,150,0,0,49,21,70,6,25,114,75,220,28,54,82,302
07/01/2006,MGM,AL,ASO,ES,Combined TRACON& Tower with Radar,7,28,18,0,53,0,0,23,0,23,7,28,41,0,76,18,0,18,94
07/02/2006,MGM,AL,ASO,ES,Combined TRACON& Tower with Radar,3,22,18,0,43,0,0,22,0,22,3,22,40,0,65,32,0,32,97
07/03/2006,MGM,AL,ASO,ES,Combined TRACON& Tower with Radar,4,20,28,0,52,0,0,21,4,25,4,20,49,4,77,8,0,8,85
07/04/2006,MGM,AL,ASO,ES,Combined TRACON& Tower with Radar,4,24,12,0,40,0,0,18,0,18,4,24,30,0,58,10,0,10,68
07/05/2006,MGM,AL,ASO,ES,Combined TRACON& Tower with Radar,6,22,21,58,107,0,0,32,10,42,6,22,53,68,149,30,48,78,227
07/06/2006,MGM,AL,ASO,ES,Combined TRACON& Tower with Radar,6,24,63,66,159,0,0,11,6,17,6,24,74,72,176,10,60,70,246
07/07/2006,MGM,AL,ASO,ES,Combined TRACON& Tower with Radar,6,23,57,76,162,0,0,26,5,31,6,23,83,81,193,7,102,109,302
07/08/2006,MGM,AL,ASO,ES,Combined TRACON& Tower with Radar,4,25,18,1,48,0,0,33,2,35,4,25,51,3,83,8,0,8,91
07/09/2006,MGM,AL,ASO,ES,Combined TRACON& Tower with Radar,6,24,28,4,62,0,3,14,3,20,6,27,42,7,82,6,10,16,98
07/10/2006,MGM,AL,ASO,ES,Combined TRACON& Tower with Radar,6,29,39,38,112,0,0,28,2,30,6,29,67,40,142,0,92,92,234
07/11/2006,MGM,AL,ASO,ES,Combined TRACON& Tower with Radar,6,25,54,47,132,0,0,13,5,18,6,25,67,52,150,8,50,58,208
07/12/2006,MGM,AL,ASO,ES,Combined TRACON& Tower with Radar,6,26,75,49,156,0,0,18,3,21,6,26,93,52,177,16,62,78,255
07/13/2006,MGM,AL,ASO,ES,Combined TRACON& Tower with Radar,6,24,60,63,153,0,0,19,0,19,6,24,79,63,172,6,32,38,210
07/14/2006,MGM,AL,ASO,ES,Combined TRACON& Tower with Radar,6,24,55,53,138,0,0,53,0,53,6,24,108,53,191,20,30,50,241
07/15/2006,MGM,AL,ASO,ES,Combined TRACON& Tower with Radar,5,27,28,4,64,0,2,32,0,34,5,29,60,4,98,24,0,24,122
07/16/2006,MGM,AL,ASO,ES,Combined TRACON& Tower with Radar,7,22,25,8,62,0,0,24,1,25,7,22,49,9,87,12,0,12,99
07/17/2006,MGM,AL,ASO,ES,Combined TRACON& Tower with Radar,6,29,50,18,103,0,0,22,0,22,6,29,72,18,125,14,82,96,221
07/18/2006,MGM,AL,ASO,ES,Combined TRACON& Tower with Radar,6,24,42,30,102,0,0,35,0,35,6,24,77,30,137,54,14,68,205
07/19/2006,MGM,AL,ASO,ES,Combined TRACON& Tower with Radar,6,26,47,19,98,0,0,45,0,45,6,26,92,19,143,56,36,92,235
07/20/2006,MGM,AL,ASO,ES,Combined TRACON& Tower with Radar,4,29,41,57,131,0,1,27,1,29,4,30,68,58,160,34,66,100,260
07/21/2006,MGM,AL,ASO,ES,Combined TRACON& Tower with Radar,6,24,55,40,125,0,0,42,3,45,6,24,97,43,170,14,16,30,200
07/22/2006,MGM,AL,ASO,ES,Combined TRACON& Tower with Radar,4,22,27,0,53,0,0,22,0,22,4,22,49,0,75,28,0,28,103
07/23/2006,MGM,AL,ASO,ES,Combined TRACON& Tower with Radar,6,22,28,3,59,0,0,2,0,2,6,22,30,3,61,0,0,0,61
07/24/2006,MGM,AL,ASO,ES,Combined TRACON& Tower with Radar,6,21,36,57,120,0,1,21,6,28,6,22,57,63,148,20,80,100,248
07/25/2006,MGM,AL,ASO,ES,Combined TRACON& Tower with Radar,7,25,44,26,102,0,0,21,1,22,7,25,65,27,124,3,55,58,182
07/26/2006,MGM,AL,ASO,ES,Combined TRACON& Tower with Radar,6,23,57,43,129,0,0,29,8,37,6,23,86,51,166,28,70,98,264
07/27/2006,MGM,AL,ASO,ES,Combined TRACON& Tower with Radar,6,23,42,40,111,0,0,37,11,48,6,23,79,51,159,40,166,206,365
07/28/2006,MGM,AL,ASO,ES,Combined TRACON& Tower with Radar,6,23,50,62,141,0,0,28,6,34,6,23,78,68,175,36,110,146,321
07/29/2006,MGM,AL,ASO,ES,Combined TRACON& Tower with Radar,4,22,28,4,58,0,0,24,0,24,4,22,52,4,82,12,0,12,94
07/30/2006,MGM,AL,ASO,ES,Combined TRACON& Tower with Radar,6,19,23,5,53,0,0,18,0,18,6,19,41,5,71,16,1,17,88
07/31/2006,MGM,AL,ASO,ES,Combined TRACON& Tower with Radar,6,22,32,46,106,0,0,34,3,37,6,22,66,49,143,35,130,165,308
08/01/2006,MGM,AL,ASO,ES,Combined TRACON& Tower with Radar,6,28,54,48,136,0,0,37,0,37,6,28,91,48,173,48,96,144,317
08/02/2006,MGM,AL,ASO,ES,Combined TRACON& Tower with Radar,6,29,50,60,145,0,0,33,1,34,6,29,83,61,179,6,66,72,251
08/03/2006,MGM,AL,ASO,ES,Combined TRACON& Tower with Radar,8,21,55,55,139,0,0,43,3,46,8,21,98,58,185,48,94,142,327
08/04/2006,MGM,AL,ASO,ES,Combined TRACON& Tower with Radar,6,26,31,45,108,0,0,39,6,45,6,26,70,51,153,76,70,146,299
08/05/2006,MGM,AL,ASO,ES,Combined TRACON& Tower with Radar,4,22,25,9,60,0,0,24,0,24,4,22,49,9,84,4,12,16,100
08/06/2006,MGM,AL,ASO,ES,Combined TRACON& Tower with Radar,8,24,23,17,72,0,0,21,2,23,8,24,44,19,95,6,6,12,107
08/07/2006,MGM,AL,ASO,ES,Combined TRACON& Tower with Radar,6,30,50,45,131,0,0,20,5,25,6,30,70,50,156,14,88,102,258
08/08/2006,MGM,AL,ASO,ES,Combined TRACON& Tower with Radar,8,29,55,37,129,0,1,29,0,30,8,30,84,37,159,8,66,74,233
08/09/2006,MGM,AL,ASO,ES,Combined TRACON& Tower with Radar,6,27,42,42,117,0,0,43,1,44,6,27,85,43,161,18,50,68,229
08/10/2006,MGM,AL,ASO,ES,Combined TRACON& Tower with Radar,9,32,44,41,126,0,0,13,1,14,9,32,57,42,140,40,68,108,248
08/11/2006,MGM,AL,ASO,ES,Combined TRACON& Tower with Radar,18,22,30,34,104,0,0,13,0,13,18,22,43,34,117,0,32,32,149
08/12/2006,MGM,AL,ASO,ES,Combined TRACON& Tower with Radar,2,22,27,3,54,0,0,23,2,25,2,22,50,5,79,12,4,16,95
08/13/2006,MGM,AL,ASO,ES,Combined TRACON& Tower with Radar,5,21,30,9,65,0,0,11,0,11,5,21,41,9,76,24,0,24,100
08/14/2006,MGM,AL,ASO,ES,Combined TRACON& Tower with Radar,6,25,37,43,111,0,0,25,9,34,6,25,62,52,145,20,14,34,179
08/15/2006,MGM,AL,ASO,ES,Combined TRACON& Tower with Radar,6,31,50,60,147,0,0,27,8,35,6,31,77,68,182,4,60,64,246
08/16/2006,MGM,AL,ASO,ES,Combined TRACON& Tower with Radar,6,28,48,31,113,0,0,33,7,40,6,28,81,38,153,22,0,22,175
08/17/2006,MGM,AL,ASO,ES,Combined TRACON& Tower with Radar,6,29,53,87,175,0,0,20,7,27,6,29,73,94,202,12,58,70,272
08/18/2006,MGM,AL,ASO,ES,Combined TRACON& Tower with Radar,6,24,36,73,139,0,0,42,4,46,6,24,78,77,185,14,136,150,335
08/19/2006,MGM,AL,ASO,ES,Combined TRACON& Tower with Radar,2,26,16,37,81,0,0,30,1,31,2,26,46,38,112,54,2,56,168
08/20/2006,MGM,AL,ASO,ES,Combined TRACON& Tower with Radar,22,23,23,10,78,0,0,31,0,31,22,23,54,10,109,36,4,40,149
08/21/2006,MGM,AL,ASO,ES,Combined TRACON& Tower with Radar,6,28,36,34,104,0,0,24,4,28,6,28,60,38,132,14,30,44,176
08/22/2006,MGM,AL,ASO,ES,Combined TRACON& Tower with Radar,5,30,49,46,130,0,0,18,0,18,5,30,67,46,148,22,94,116,264
08/23/2006,MGM,AL,ASO,ES,Combined TRACON& Tower with Radar,5,29,54,23,111,0,0,16,7,23,5,29,70,30,134,10,24,34,168
08/24/2006,MGM,AL,ASO,ES,Combined TRACON& Tower with Radar,6,30,66,53,155,0,1,28,7,36,6,31,94,60,191,38,76,114,305
08/25/2006,MGM,AL,ASO,ES,Combined TRACON& Tower with Radar,5,29,49,52,135,0,0,27,2,29,5,29,76,54,164,0,32,32,196
08/26/2006,MGM,AL,ASO,ES,Combined TRACON& Tower with Radar,2,26,31,5,64,0,0,18,1,19,2,26,49,6,83,20,0,20,103
08/27/2006,MGM,AL,ASO,ES,Combined TRACON& Tower with Radar,5,25,26,22,78,0,0,18,1,19,5,25,44,23,97,34,0,34,131
08/28/2006,MGM,AL,ASO,ES,Combined TRACON& Tower with Radar,5,25,37,49,116,0,0,24,4,28,5,25,61,53,144,20,68,88,232
08/29/2006,MGM,AL,ASO,ES,Combined TRACON& Tower with Radar,4,28,59,53,144,0,0,20,3,23,4,28,79,56,167,20,70,90,257
08/30/2006,MGM,AL,ASO,ES,Combined TRACON& Tower with Radar,4,28,58,37,127,0,0,24,3,27,4,28,82,40,154,24,44,68,222
08/31/2006,MGM,AL,ASO,ES,Combined TRACON& Tower with Radar,7,25,60,61,153,0,0,26,6,32,7,25,86,67,185,30,66,96,281
09/01/2006,MGM,AL,ASO,ES,Combined TRACON& Tower with Radar,6,27,49,6,88,0,0,42,1,43,6,27,91,7,131,26,0,26,157
09/02/2006,MGM,AL,ASO,ES,Combined TRACON& Tower with Radar,5,17,17,4,43,0,0,16,1,17,5,17,33,5,60,62,0,62,122
09/03/2006,MGM,AL,ASO,ES,Combined TRACON& Tower with Radar,6,22,15,0,43,0,0,32,2,34,6,22,47,2,77,18,8,26,103
09/04/2006,MGM,AL,ASO,ES,Combined TRACON& Tower with Radar,4,24,28,0,56,0,0,18,0,18,4,24,46,0,74,24,0,24,98
09/05/2006,MGM,AL,ASO,ES,Combined TRACON& Tower with Radar,4,26,35,17,82,0,0,16,2,18,4,26,51,19,100,6,0,6,106
09/06/2006,MGM,AL,ASO,ES,Combined TRACON& Tower with Radar,6,27,46,19,98,0,0,31,1,32,6,27,77,20,130,8,14,22,152
09/07/2006,MGM,AL,ASO,ES,Combined TRACON& Tower with Radar,6,27,56,29,118,0,0,33,2,35,6,27,89,31,153,44,92,136,289
09/08/2006,MGM,AL,ASO,ES,Combined TRACON& Tower with Radar,6,25,53,34,118,0,0,38,2,40,6,25,91,36,158,8,56,64,222
09/09/2006,MGM,AL,ASO,ES,Combined TRACON& Tower with Radar,4,26,34,1,65,0,0,25,0,25,4,26,59,1,90,10,0,10,100
09/10/2006,MGM,AL,ASO,ES,Combined TRACON& Tower with Radar,5,23,29,4,61,0,0,20,0,20,5,23,49,4,81,12,0,12,93
09/11/2006,MGM,AL,ASO,ES,Combined TRACON& Tower with Radar,5,28,50,47,130,0,0,18,0,18,5,28,68,47,148,24,70,94,242
09/12/2006,MGM,AL,ASO,ES,Combined TRACON& Tower with Radar,6,32,45,7,90,0,0,3,0,3,6,32,48,7,93,0,0,0,93
09/13/2006,MGM,AL,ASO,ES,Combined TRACON& Tower with Radar,4,26,44,82,156,0,0,26,1,27,4,26,70,83,183,14,144,158,341
09/14/2006,MGM,AL,ASO,ES,Combined TRACON& Tower with Radar,4,31,45,54,134,0,0,38,3,41,4,31,83,57,175,14,110,124,299
09/15/2006,MGM,AL,ASO,ES,Combined TRACON& Tower with Radar,6,27,63,25,121,0,0,39,0,39,6,27,102,25,160,10,96,106,266
09/16/2006,MGM,AL,ASO,ES,Combined TRACON& Tower with Radar,6,23,25,13,67,0,0,33,1,34,6,23,58,14,101,0,6,6,107
09/17/2006,MGM,AL,ASO,ES,Combined TRACON& Tower with Radar,5,26,37,10,78,0,0,41,1,42,5,26,78,11,120,30,14,44,164
09/18/2006,MGM,AL,ASO,ES,Combined TRACON& Tower with Radar,3,31,41,13,88,0,0,2,0,2,3,31,43,13,90,10,16,26,116
09/19/2006,MGM,AL,ASO,ES,Combined TRACON& Tower with Radar,6,30,51,23,110,0,0,17,2,19,6,30,68,25,129,10,38,48,177
09/20/2006,MGM,AL,ASO,ES,Combined TRACON& Tower with Radar,4,32,51,50,137,0,4,45,6,55,4,36,96,56,192,24,56,80,272
09/21/2006,MGM,AL,ASO,ES,Combined TRACON& Tower with Radar,4,31,46,34,115,0,0,33,2,35,4,31,79,36,150,42,28,70,220
09/22/2006,MGM,AL,ASO,ES,Combined TRACON& Tower with Radar,10,35,40,46,131,0,0,19,0,19,10,35,59,46,150,26,124,150,300
09/23/2006,MGM,AL,ASO,ES,Combined TRACON& Tower with Radar,4,23,23,9,59,0,0,7,4,11,4,23,30,13,70,18,0,18,88
09/24/2006,MGM,AL,ASO,ES,Combined TRACON& Tower with Radar,3,33,44,1,81,0,0,6,0,6,3,33,50,1,87,34,0,34,121
09/25/2006,MGM,AL,ASO,ES,Combined TRACON& Tower with Radar,5,27,30,37,99,0,0,30,1,31,5,27,60,38,130,44,24,68,198
09/26/2006,MGM,AL,ASO,ES,Combined TRACON& Tower with Radar,4,29,57,32,122,0,0,29,0,29,4,29,86,32,151,14,32,46,197
09/27/2006,MGM,AL,ASO,ES,Combined TRACON& Tower with Radar,5,31,48,68,152,0,0,24,5,29,5,31,72,73,181,26,114,140,321
09/28/2006,MGM,AL,ASO,ES,Combined TRACON& Tower with Radar,10,32,51,41,134,0,0,39,6,45,10,32,90,47,179,32,50,82,261
09/29/2006,MGM,AL,ASO,ES,Combined TRACON& Tower with Radar,10,26,51,20,107,0,0,41,2,43,10,26,92,22,150,20,12,32,182
09/30/2006,MGM,AL,ASO,ES,Combined TRACON& Tower with Radar,4,25,21,0,50,0,0,42,0,42,4,25,63,0,92,6,0,6,98
10/01/2006,MGM,AL,ASO,ES,Combined TRACON& Tower with Radar,4,28,22,0,54,0,0,28,0,28,4,28,50,0,82,22,0,22,104
10/02/2006,MGM,AL,ASO,ES,Combined TRACON& Tower with Radar,4,31,30,44,109,0,0,36,6,42,4,31,66,50,151,46,102,148,299
10/03/2006,MGM,AL,ASO,ES,Combined TRACON& Tower with Radar,4,31,24,36,95,0,0,24,3,27,4,31,48,39,122,14,36,50,172
10/04/2006,MGM,AL,ASO,ES,Combined TRACON& Tower with Radar,4,32,62,42,140,0,0,33,6,39,4,32,95,48,179,18,114,132,311
10/05/2006,MGM,AL,ASO,ES,Combined TRACON& Tower with Radar,4,31,66,41,142,0,0,27,1,28,4,31,93,42,170,20,58,78,248
10/06/2006,MGM,AL,ASO,ES,Combined TRACON& Tower with Radar,4,32,46,29,111,0,1,14,1,16,4,33,60,30,127,6,34,40,167
10/07/2006,MGM,AL,ASO,ES,Combined TRACON& Tower with Radar,4,25,26,0,55,0,0,24,0,24,4,25,50,0,79,24,0,24,103
10/08/2006,MGM,AL,ASO,ES,Combined TRACON& Tower with Radar,4,28,38,4,74,0,0,44,0,44,4,28,82,4,118,22,2,24,142
10/09/2006,MGM,AL,ASO,ES,Combined TRACON& Tower with Radar,1,29,37,14,81,0,0,28,0,28,1,29,65,14,109,50,6,56,165
10/10/2006,MGM,AL,ASO,ES,Combined TRACON& Tower with Radar,4,29,58,56,147,0,0,24,5,29,4,29,82,61,176,12,94,106,282
10/11/2006,MGM,AL,ASO,ES,Combined TRACON& Tower with Radar,4,30,57,66,157,0,0,17,2,19,4,30,74,68,176,52,124,176,352
10/12/2006,MGM,AL,ASO,ES,Combined TRACON& Tower with Radar,4,32,62,67,165,0,1,46,5,52,4,33,108,72,217,26,48,74,291
10/13/2006,MGM,AL,ASO,ES,Combined TRACON& Tower with Radar,4,31,57,52,144,0,0,28,8,36,4,31,85,60,180,26,128,154,334
10/14/2006,MGM,AL,ASO,ES,Combined TRACON& Tower with Radar,6,24,27,17,74,0,1,35,0,36,6,25,62,17,110,0,0,0,110
10/15/2006,MGM,AL,ASO,ES,Combined TRACON& Tower with Radar,6,28,36,13,83,0,0,28,0,28,6,28,64,13,111,26,6,32,143
10/16/2006,MGM,AL,ASO,ES,Combined TRACON& Tower with Radar,10,31,29,55,125,0,0,8,0,8,10,31,37,55,133,0,36,36,169
10/17/2006,MGM,AL,ASO,ES,Combined TRACON& Tower with Radar,3,23,34,50,110,0,0,9,2,11,3,23,43,52,121,16,38,54,175
10/18/2006,MGM,AL,ASO,ES,Combined TRACON& Tower with Radar,4,26,62,39,131,0,0,30,5,35,4,26,92,44,166,44,88,132,298
10/19/2006,MGM,AL,ASO,ES,Combined TRACON& Tower with Radar,5,27,49,76,157,0,0,27,5,32,5,27,76,81,189,10,156,166,355
10/20/2006,MGM,AL,ASO,ES,Combined TRACON& Tower with Radar,4,26,61,60,151,0,1,18,2,21,4,27,79,62,172,10,28,38,210
10/21/2006,MGM,AL,ASO,ES,Combined TRACON& Tower with Radar,5,22,18,16,61,0,1,25,5,31,5,23,43,21,92,24,30,54,146
10/22/2006,MGM,AL,ASO,ES,Combined TRACON& Tower with Radar,5,21,15,11,52,0,0,6,0,6,5,21,21,11,58,8,0,8,66
10/23/2006,MGM,AL,ASO,ES,Combined TRACON& Tower with Radar,6,27,44,23,100,0,0,36,2,38,6,27,80,25,138,10,30,40,178
10/24/2006,MGM,AL,ASO,ES,Combined TRACON& Tower with Radar,6,27,63,45,141,0,0,38,5,43,6,27,101,50,184,6,52,58,242
10/25/2006,MGM,AL,ASO,ES,Combined TRACON& Tower with Radar,6,28,43,49,126,0,0,29,5,34,6,28,72,54,160,32,74,106,266
10/26/2006,MGM,AL,ASO,ES,Combined TRACON& Tower with Radar,6,24,39,59,128,0,0,10,3,13,6,24,49,62,141,22,124,146,287
10/27/2006,MGM,AL,ASO,ES,Combined TRACON& Tower with Radar,10,26,34,4,74,0,0,2,1,3,10,26,36,5,77,0,0,0,77
10/28/2006,MGM,AL,ASO,ES,Combined TRACON& Tower with Radar,7,19,26,5,57,0,0,11,1,12,7,19,37,6,69,24,0,24,93
10/29/2006,MGM,AL,ASO,ES,Combined TRACON& Tower with Radar,6,29,32,14,81,0,0,37,0,37,6,29,69,14,118,33,0,33,151
10/30/2006,MGM,AL,ASO,ES,Combined TRACON& Tower with Radar,6,28,56,41,131,0,0,45,0,45,6,28,101,41,176,40,58,98,274
10/31/2006,MGM,AL,ASO,ES,Combined TRACON& Tower with Radar,6,26,50,32,114,1,0,37,2,40,7,26,87,34,154,138,146,284,438
11/01/2006,MGM,AL,ASO,ES,Combined TRACON& Tower with Radar,6,32,55,97,190,0,0,39,4,43,6,32,94,101,233,48,188,236,469
11/02/2006,MGM,AL,ASO,ES,Combined TRACON& Tower with Radar,7,25,43,24,99,0,0,14,1,15,7,25,57,25,114,1,16,17,131
11/03/2006,MGM,AL,ASO,ES,Combined TRACON& Tower with Radar,7,24,34,55,120,0,0,48,1,49,7,24,82,56,169,14,80,94,263
11/04/2006,MGM,AL,ASO,ES,Combined TRACON& Tower with Radar,7,24,36,20,87,0,1,43,3,47,7,25,79,23,134,12,18,30,164
11/05/2006,MGM,AL,ASO,ES,Combined TRACON& Tower with Radar,6,24,24,21,75,0,0,48,4,52,6,24,72,25,127,11,16,27,154
11/06/2006,MGM,AL,ASO,ES,Combined TRACON& Tower with Radar,6,29,42,50,127,0,0,19,4,23,6,29,61,54,150,0,124,124,274
11/07/2006,MGM,AL,ASO,ES,Combined TRACON& Tower with Radar,5,29,32,41,107,0,0,9,0,9,5,29,41,41,116,0,76,76,192
11/08/2006,MGM,AL,ASO,ES,Combined TRACON& Tower with Radar,6,25,26,93,150,0,0,31,3,34,6,25,57,96,184,40,130,170,354
11/09/2006,MGM,AL,ASO,ES,Combined TRACON& Tower with Radar,6,30,49,50,135,0,0,44,3,47,6,30,93,53,182,8,80,88,270
11/10/2006,MGM,AL,ASO,ES,Combined TRACON& Tower with Radar,6,31,31,3,71,0,0,63,0,63,6,31,94,3,134,16,0,16,150
11/11/2006,MGM,AL,ASO,ES,Combined TRACON& Tower with Radar,7,25,33,11,76,0,0,11,0,11,7,25,44,11,87,4,0,4,91
11/12/2006,MGM,AL,ASO,ES,Combined TRACON& Tower with Radar,5,23,26,19,73,0,0,28,2,30,5,23,54,21,103,2,6,8,111
11/13/2006,MGM,AL,ASO,ES,Combined TRACON& Tower with Radar,6,29,39,54,128,0,0,34,3,37,6,29,73,57,165,10,38,48,213
11/14/2006,MGM,AL,ASO,ES,Combined TRACON& Tower with Radar,6,29,39,84,158,0,0,28,5,33,6,29,67,89,191,4,120,124,315
11/15/2006,MGM,AL,ASO,ES,Combined TRACON& Tower with Radar,3,27,18,1,49,0,0,4,1,5,3,27,22,2,54,0,0,0,54
11/16/2006,MGM,AL,ASO,ES,Combined TRACON& Tower with Radar,5,34,46,71,156,0,0,19,0,19,5,34,65,71,175,10,90,100,275
11/17/2006,MGM,AL,ASO,ES,Combined TRACON& Tower with Radar,8,30,56,44,138,0,0,34,12,46,8,30,90,56,184,26,94,120,304
11/18/2006,MGM,AL,ASO,ES,Combined TRACON& Tower with Radar,5,17,20,24,66,0,0,25,2,27,5,17,45,26,93,8,12,20,113
11/19/2006,MGM,AL,ASO,ES,Combined TRACON& Tower with Radar,5,24,20,14,63,0,0,26,1,27,5,24,46,15,90,14,12,26,116
11/20/2006,MGM,AL,ASO,ES,Combined TRACON& Tower with Radar,6,24,27,55,112,0,0,24,3,27,6,24,51,58,139,12,50,62,201
11/21/2006,MGM,AL,ASO,ES,Combined TRACON& Tower with Radar,6,28,37,42,113,0,0,26,3,29,6,28,63,45,142,4,64,68,210
11/22/2006,MGM,AL,ASO,ES,Combined TRACON& Tower with Radar,8,25,48,52,133,0,0,42,0,42,8,25,90,52,175,24,108,132,307
11/23/2006,MGM,AL,ASO,ES,Combined TRACON& Tower with Radar,4,14,16,0,34,0,0,21,0,21,4,14,37,0,55,2,0,2,57
11/24/2006,MGM,AL,ASO,ES,Combined TRACON& Tower with Radar,4,16,12,0,32,0,0,32,0,32,4,16,44,0,64,0,0,0,64
11/25/2006,MGM,AL,ASO,ES,Combined TRACON& Tower with Radar,6,21,21,4,52,0,0,41,0,41,6,21,62,4,93,8,0,8,101
11/26/2006,MGM,AL,ASO,ES,Combined TRACON& Tower with Radar,6,24,39,0,69,0,0,41,0,41,6,24,80,0,110,46,0,46,156
11/27/2006,MGM,AL,ASO,ES,Combined TRACON& Tower with Radar,6,26,31,30,93,0,0,40,3,43,6,26,71,33,136,8,42,50,186
11/28/2006,MGM,AL,ASO,ES,Combined TRACON& Tower with Radar,6,28,69,60,163,0,0,10,1,11,6,28,79,61,174,10,32,42,216
11/29/2006,MGM,AL,ASO,ES,Combined TRACON& Tower with Radar,7,26,41,49,123,0,0,12,3,15,7,26,53,52,138,0,38,38,176
11/30/2006,MGM,AL,ASO,ES,Combined TRACON& Tower with Radar,6,29,32,59,126,0,0,7,1,8,6,29,39,60,134,4,64,68,202
12/01/2006,MGM,AL,ASO,ES,Combined TRACON& Tower with Radar,6,28,36,37,107,0,0,19,8,27,6,28,55,45,134,34,102,136,270
12/02/2006,MGM,AL,ASO,ES,Combined TRACON& Tower with Radar,6,23,25,3,57,0,0,32,1,33,6,23,57,4,90,14,0,14,104
12/03/2006,MGM,AL,ASO,ES,Combined TRACON& Tower with Radar,5,26,34,39,104,0,0,22,1,23,5,26,56,40,127,16,44,60,187
12/04/2006,MGM,AL,ASO,ES,Combined TRACON& Tower with Radar,6,28,44,35,113,0,0,32,3,35,6,28,76,38,148,18,122,140,288
12/05/2006,MGM,AL,ASO,ES,Combined TRACON& Tower with Radar,5,29,49,34,117,0,0,28,0,28,5,29,77,34,145,10,56,66,211
12/06/2006,MGM,AL,ASO,ES,Combined TRACON& Tower with Radar,7,29,70,45,151,0,0,27,4,31,7,29,97,49,182,22,88,110,292
12/07/2006,MGM,AL,ASO,ES,Combined TRACON& Tower with Radar,6,25,55,66,152,0,0,20,8,28,6,25,75,74,180,0,72,72,252
12/08/2006,MGM,AL,ASO,ES,Combined TRACON& Tower with Radar,6,31,64,59,160,0,1,31,4,36,6,32,95,63,196,2,146,148,344
12/09/2006,MGM,AL,ASO,ES,Combined TRACON& Tower with Radar,6,23,25,3,57,0,0,31,0,31,6,23,56,3,88,24,0,24,112
12/10/2006,MGM,AL,ASO,ES,Combined TRACON& Tower with Radar,5,28,21,0,54,0,0,9,0,9,5,28,30,0,63,20,0,20,83
12/11/2006,MGM,AL,ASO,ES,Combined TRACON& Tower with Radar,5,30,38,55,128,0,0,22,6,28,5,30,60,61,156,10,32,42,198
12/12/2006,MGM,AL,ASO,ES,Combined TRACON& Tower with Radar,6,26,39,38,109,0,0,7,5,12,6,26,46,43,121,0,82,82,203
12/13/2006,MGM,AL,ASO,ES,Combined TRACON& Tower with Radar,8,30,49,54,141,0,0,14,2,16,8,30,63,56,157,4,64,68,225
12/14/2006,MGM,AL,ASO,ES,Combined TRACON& Tower with Radar,6,18,52,58,134,0,0,32,10,42,6,18,84,68,176,14,58,72,248
12/15/2006,MGM,AL,ASO,ES,Combined TRACON& Tower with Radar,8,20,41,63,132,0,0,20,7,27,8,20,61,70,159,4,10,14,173
12/16/2006,MGM,AL,ASO,ES,Combined TRACON& Tower with Radar,4,20,24,6,54,0,0,38,0,38,4,20,62,6,92,12,0,12,104
12/17/2006,MGM,AL,ASO,ES,Combined TRACON& Tower with Radar,8,21,29,0,58,0,0,34,2,36,8,21,63,2,94,20,0,20,114
12/18/2006,MGM,AL,ASO,ES,Combined TRACON& Tower with Radar,8,24,32,31,95,0,0,30,3,33,8,24,62,34,128,10,20,30,158
12/19/2006,MGM,AL,ASO,ES,Combined TRACON& Tower with Radar,8,28,55,68,159,0,0,25,4,29,8,28,80,72,188,0,132,132,320
12/20/2006,MGM,AL,ASO,ES,Combined TRACON& Tower with Radar,8,25,37,51,121,0,0,42,3,45,8,25,79,54,166,24,62,86,252
12/21/2006,MGM,AL,ASO,ES,Combined TRACON& Tower with Radar,8,27,53,47,135,0,0,5,0,5,8,27,58,47,140,28,0,28,168
12/22/2006,MGM,AL,ASO,ES,Combined TRACON& Tower with Radar,7,28,21,0,56,0,0,8,0,8,7,28,29,0,64,34,0,34,98
12/23/2006,MGM,AL,ASO,ES,Combined TRACON& Tower with Radar,4,19,25,2,50,0,1,21,0,22,4,20,46,2,72,8,0,8,80
12/24/2006,MGM,AL,ASO,ES,Combined TRACON& Tower with Radar,7,18,9,0,34,0,0,12,0,12,7,18,21,0,46,16,0,16,62
12/25/2006,MGM,AL,ASO,ES,Combined TRACON& Tower with Radar,3,21,8,0,32,0,0,0,0,0,3,21,8,0,32,0,0,0,32
12/26/2006,MGM,AL,ASO,ES,Combined TRACON& Tower with Radar,8,27,28,8,71,0,0,13,0,13,8,27,41,8,84,0,0,0,84
12/27/2006,MGM,AL,ASO,ES,Combined TRACON& Tower with Radar,4,23,37,19,83,0,0,36,0,36,4,23,73,19,119,26,18,44,163
12/28/2006,MGM,AL,ASO,ES,Combined TRACON& Tower with Radar,4,24,41,9,78,0,0,33,0,33,4,24,74,9,111,70,10,80,191
12/29/2006,MGM,AL,ASO,ES,Combined TRACON& Tower with Radar,8,23,27,25,83,0,0,28,2,30,8,23,55,27,113,4,4,8,121
12/30/2006,MGM,AL,ASO,ES,Combined TRACON& Tower with Radar,5,19,27,2,53,0,0,0,0,0,5,19,27,2,53,0,0,0,53
12/31/2006,MGM,AL,ASO,ES,Combined TRACON& Tower with Radar,6,19,7,0,32,0,0,2,0,2,6,19,9,0,34,0,0,0,34
01/01/2007,MGM,AL,ASO,ES,Combined TRACON& Tower with Radar,8,25,27,0,60,0,0,21,0,21,8,25,48,0,81,8,0,8,89
01/02/2007,MGM,AL,ASO,ES,Combined TRACON& Tower with Radar,8,26,41,3,78,0,0,24,0,24,8,26,65,3,102,0,0,0,102
01/03/2007,MGM,AL,ASO,ES,Combined TRACON& Tower with Radar,8,27,45,29,109,0,0,20,1,21,8,27,65,30,130,26,8,34,164
01/04/2007,MGM,AL,ASO,ES,Combined TRACON& Tower with Radar,12,44,48,43,147,0,0,7,0,7,12,44,55,43,154,2,6,8,162
01/05/2007,MGM,AL,ASO,ES,Combined TRACON& Tower with Radar,2,23,33,29,87,0,0,16,0,16,2,23,49,29,103,20,42,62,165
01/06/2007,MGM,AL,ASO,ES,Combined TRACON& Tower with Radar,2,21,25,6,54,0,0,29,2,31,2,21,54,8,85,16,12,28,113
01/07/2007,MGM,AL,ASO,ES,Combined TRACON& Tower with Radar,7,25,24,4,60,0,0,4,0,4,7,25,28,4,64,0,0,0,64
01/08/2007,MGM,AL,ASO,ES,Combined TRACON& Tower with Radar,10,21,35,37,103,0,0,32,2,34,10,21,67,39,137,6,72,78,215
01/09/2007,MGM,AL,ASO,ES,Combined TRACON& Tower with Radar,9,25,50,65,149,0,0,30,0,30,9,25,80,65,179,12,66,78,257
01/10/2007,MGM,AL,ASO,ES,Combined TRACON& Tower with Radar,11,28,48,61,148,0,0,26,1,27,11,28,74,62,175,24,52,76,251
01/11/2007,MGM,AL,ASO,ES,Combined TRACON& Tower with Radar,12,26,57,50,145,0,0,43,3,46,12,26,100,53,191,14,28,42,233
01/12/2007,MGM,AL,ASO,ES,Combined TRACON& Tower with Radar,14,25,51,76,166,0,0,34,7,41,14,25,85,83,207,28,136,164,371
01/13/2007,MGM,AL,ASO,ES,Combined TRACON& Tower with Radar,2,24,25,5,56,0,1,29,0,30,2,25,54,5,86,36,6,42,128
01/14/2007,MGM,AL,ASO,ES,Combined TRACON& Tower with Radar,9,21,35,18,83,0,0,22,0,22,9,21,57,18,105,20,6,26,131
01/15/2007,MGM,AL,ASO,ES,Combined TRACON& Tower with Radar,8,27,40,11,86,0,0,15,4,19,8,27,55,15,105,16,16,32,137
01/16/2007,MGM,AL,ASO,ES,Combined TRACON& Tower with Radar,8,25,34,23,90,0,0,2,0,2,8,25,36,23,92,0,4,4,96
01/17/2007,MGM,AL,ASO,ES,Combined TRACON& Tower with Radar,4,25,73,36,138,0,1,31,5,37,4,26,104,41,175,6,70,76,251
01/18/2007,MGM,AL,ASO,ES,Combined TRACON& Tower with Radar,4,27,46,71,148,0,0,2,1,3,4,27,48,72,151,0,16,16,167
01/19/2007,MGM,AL,ASO,ES,Combined TRACON& Tower with Radar,8,24,34,132,198,0,0,28,10,38,8,24,62,142,236,0,68,68,304
01/20/2007,MGM,AL,ASO,ES,Combined TRACON& Tower with Radar,4,25,25,54,108,0,0,35,2,37,4,25,60,56,145,44,26,70,215
01/21/2007,MGM,AL,ASO,ES,Combined TRACON& Tower with Radar,5,25,23,23,76,0,0,9,0,9,5,25,32,23,85,4,0,4,89
01/22/2007,MGM,AL,ASO,ES,Combined TRACON& Tower with Radar,8,23,33,29,93,0,0,7,1,8,8,23,40,30,101,40,8,48,149
01/23/2007,MGM,AL,ASO,ES,Combined TRACON& Tower with Radar,10,29,58,50,147,0,0,32,2,34,10,29,90,52,181,14,48,62,243
01/24/2007,MGM,AL,ASO,ES,Combined TRACON& Tower with Radar,8,25,50,60,143,0,0,23,6,29,8,25,73,66,172,16,60,76,248
01/25/2007,MGM,AL,ASO,ES,Combined TRACON& Tower with Radar,6,25,60,59,150,0,0,35,2,37,6,25,95,61,187,20,66,86,273
01/26/2007,MGM,AL,ASO,ES,Combined TRACON& Tower with Radar,7,28,47,44,126,0,0,39,3,42,7,28,86,47,168,26,74,100,268
01/27/2007,MGM,AL,ASO,ES,Combined TRACON& Tower with Radar,2,23,26,24,75,0,0,34,1,35,2,23,60,25,110,46,12,58,168
01/28/2007,MGM,AL,ASO,ES,Combined TRACON& Tower with Radar,7,21,30,11,69,0,0,18,1,19,7,21,48,12,88,28,2,30,118
01/29/2007,MGM,AL,ASO,ES,Combined TRACON& Tower with Radar,8,29,32,21,90,0,0,22,4,26,8,29,54,25,116,2,22,24,140
01/30/2007,MGM,AL,ASO,ES,Combined TRACON& Tower with Radar,8,33,38,40,119,0,2,40,9,51,8,35,78,49,170,12,52,64,234
01/31/2007,MGM,AL,ASO,ES,Combined TRACON& Tower with Radar,6,31,38,63,138,0,0,33,4,37,6,31,71,67,175,24,132,156,331
02/01/2007,MGM,AL,ASO,ES,Combined TRACON& Tower with Radar,5,28,35,14,82,0,0,0,0,0,5,28,35,14,82,0,0,0,82
02/02/2007,MGM,AL,ASO,ES,Combined TRACON& Tower with Radar,7,28,71,43,149,0,0,3,1,4,7,28,74,44,153,0,20,20,173
02/03/2007,MGM,AL,ASO,ES,Combined TRACON& Tower with Radar,2,28,31,9,70,0,0,29,2,31,2,28,60,11,101,34,4,38,139
02/04/2007,MGM,AL,ASO,ES,Combined TRACON& Tower with Radar,6,20,38,23,87,0,0,23,5,28,6,20,61,28,115,4,4,8,123
02/05/2007,MGM,AL,ASO,ES,Combined TRACON& Tower with Radar,8,25,34,30,97,0,0,31,2,33,8,25,65,32,130,10,36,46,176
02/06/2007,MGM,AL,ASO,ES,Combined TRACON& Tower with Radar,8,26,44,61,139,0,0,27,2,29,8,26,71,63,168,22,78,100,268
02/07/2007,MGM,AL,ASO,ES,Combined TRACON& Tower with Radar,8,27,47,41,123,0,0,44,13,57,8,27,91,54,180,8,110,118,298
02/08/2007,MGM,AL,ASO,ES,Combined TRACON& Tower with Radar,6,28,49,67,150,0,0,34,4,38,6,28,83,71,188,44,76,120,308
02/09/2007,MGM,AL,ASO,ES,Combined TRACON& Tower with Radar,8,24,37,39,108,0,0,2,0,2,8,24,39,39,110,16,48,64,174
02/10/2007,MGM,AL,ASO,ES,Combined TRACON& Tower with Radar,2,22,33,21,78,0,0,37,3,40,2,22,70,24,118,2,36,38,156
02/11/2007,MGM,AL,ASO,ES,Combined TRACON& Tower with Radar,9,22,20,19,70,0,0,37,0,37,9,22,57,19,107,32,28,60,167
02/12/2007,MGM,AL,ASO,ES,Combined TRACON& Tower with Radar,8,24,22,39,93,0,0,32,1,33,8,24,54,40,126,6,94,100,226
02/13/2007,MGM,AL,ASO,ES,Combined TRACON& Tower with Radar,6,30,24,25,85,0,0,3,1,4,6,30,27,26,89,10,12,22,111
02/14/2007,MGM,AL,ASO,ES,Combined TRACON& Tower with Radar,6,28,29,49,112,0,0,20,2,22,6,28,49,51,134,100,84,184,318
02/15/2007,MGM,AL,ASO,ES,Combined TRACON& Tower with Radar,8,29,49,51,137,0,0,52,7,59,8,29,101,58,196,2,114,116,312
02/16/2007,MGM,AL,ASO,ES,Combined TRACON& Tower with Radar,8,26,51,15,100,0,0,27,0,27,8,26,78,15,127,4,32,36,163
02/17/2007,MGM,AL,ASO,ES,Combined TRACON& Tower with Radar,4,19,22,0,45,0,0,25,2,27,4,19,47,2,72,0,0,0,72
02/18/2007,MGM,AL,ASO,ES,Combined TRACON& Tower with Radar,8,19,35,0,62,0,0,29,0,29,8,19,64,0,91,16,0,16,107
02/19/2007,MGM,AL,ASO,ES,Combined TRACON& Tower with Radar,8,23,52,1,84,0,2,34,0,36,8,25,86,1,120,17,0,17,137
02/20/2007,MGM,AL,ASO,ES,Combined TRACON& Tower with Radar,8,27,49,53,137,0,0,17,9,26,8,27,66,62,163,16,102,118,281
02/21/2007,MGM,AL,ASO,ES,Combined TRACON& Tower with Radar,7,24,38,56,125,0,0,20,2,22,7,24,58,58,147,8,82,90,237
02/22/2007,MGM,AL,ASO,ES,Combined TRACON& Tower with Radar,7,30,49,39,125,0,0,28,5,33,7,30,77,44,158,12,12,24,182
02/23/2007,MGM,AL,ASO,ES,Combined TRACON& Tower with Radar,7,28,48,62,145,0,0,30,8,38,7,28,78,70,183,32,70,102,285
02/24/2007,MGM,AL,ASO,ES,Combined TRACON& Tower with Radar,4,21,17,5,47,0,2,23,1,26,4,23,40,6,73,20,0,20,93
02/25/2007,MGM,AL,ASO,ES,Combined TRACON& Tower with Radar,8,25,13,31,77,0,0,19,6,25,8,25,32,37,102,36,18,54,156
02/26/2007,MGM,AL,ASO,ES,Combined TRACON& Tower with Radar,8,30,43,37,118,0,0,16,1,17,8,30,59,38,135,12,36,48,183
02/27/2007,MGM,AL,ASO,ES,Combined TRACON& Tower with Radar,8,25,34,50,117,0,1,43,2,46,8,26,77,52,163,4,38,42,205
02/28/2007,MGM,AL,ASO,ES,Combined TRACON& Tower with Radar,8,28,61,102,199,0,0,55,3,58,8,28,116,105,257,6,108,114,371
03/01/2007,MGM,AL,ASO,ES,Combined TRACON& Tower with Radar,5,17,7,8,37,0,0,7,1,8,5,17,14,9,45,0,0,0,45
03/02/2007,MGM,AL,ASO,ES,Combined TRACON& Tower with Radar,7,25,73,57,162,0,0,48,3,51,7,25,121,60,213,22,50,72,285
03/03/2007,MGM,AL,ASO,ES,Combined TRACON& Tower with Radar,4,24,29,14,71,0,0,50,3,53,4,24,79,17,124,12,26,38,162
03/04/2007,MGM,AL,ASO,ES,Combined TRACON& Tower with Radar,10,24,24,16,74,0,0,39,7,46,10,24,63,23,120,12,14,26,146
03/05/2007,MGM,AL,ASO,ES,Combined TRACON& Tower with Radar,8,25,35,44,112,0,2,52,1,55,8,27,87,45,167,8,84,92,259
03/06/2007,MGM,AL,ASO,ES,Combined TRACON& Tower with Radar,8,23,37,37,105,0,0,66,0,66,8,23,103,37,171,28,42,70,241
03/07/2007,MGM,AL,ASO,ES,Combined TRACON& Tower with Radar,8,28,41,66,143,0,1,53,0,54,8,29,94,66,197,34,94,128,325
03/08/2007,MGM,AL,ASO,ES,Combined TRACON& Tower with Radar,9,36,54,50,149,0,0,34,1,35,9,36,88,51,184,12,36,48,232
03/09/2007,MGM,AL,ASO,ES,Combined TRACON& Tower with Radar,7,26,48,70,151,0,0,44,4,48,7,26,92,74,199,16,84,100,299
03/10/2007,MGM,AL,ASO,ES,Combined TRACON& Tower with Radar,2,23,15,3,43,0,1,44,0,45,2,24,59,3,88,0,0,0,88
03/11/2007,MGM,AL,ASO,ES,Combined TRACON& Tower with Radar,8,24,42,4,78,0,0,30,0,30,8,24,72,4,108,1,4,5,113
03/12/2007,MGM,AL,ASO,ES,Combined TRACON& Tower with Radar,8,24,43,24,99,0,0,34,1,35,8,24,77,25,134,26,12,38,172
03/13/2007,MGM,AL,ASO,ES,Combined TRACON& Tower with Radar,7,22,59,83,171,0,0,25,6,31,7,22,84,89,202,0,104,104,306
03/14/2007,MGM,AL,ASO,ES,Combined TRACON& Tower with Radar,8,24,45,58,135,0,0,35,5,40,8,24,80,63,175,18,50,68,243
03/15/2007,MGM,AL,ASO,ES,Combined TRACON& Tower with Radar,8,23,46,26,103,0,0,1,0,1,8,23,47,26,104,4,34,38,142
03/16/2007,MGM,AL,ASO,ES,Combined TRACON& Tower with Radar,8,29,51,43,131,0,0,13,0,13,8,29,64,43,144,19,26,45,189
03/17/2007,MGM,AL,ASO,ES,Combined TRACON& Tower with Radar,2,23,22,14,61,0,0,48,1,49,2,23,70,15,110,4,0,4,114
03/18/2007,MGM,AL,ASO,ES,Combined TRACON& Tower with Radar,8,12,20,15,55,0,0,24,4,28,8,12,44,19,83,14,2,16,99
03/19/2007,MGM,AL,ASO,ES,Combined TRACON& Tower with Radar,10,26,53,42,131,0,0,24,7,31,10,26,77,49,162,6,108,114,276
03/20/2007,MGM,AL,ASO,ES,Combined TRACON& Tower with Radar,6,27,64,67,164,0,1,36,4,41,6,28,100,71,205,26,90,116,321
03/21/2007,MGM,AL,ASO,ES,Combined TRACON& Tower with Radar,8,32,28,69,137,0,0,44,1,45,8,32,72,70,182,2,140,142,324
03/22/2007,MGM,AL,ASO,ES,Combined TRACON& Tower with Radar,8,27,49,36,120,0,0,29,4,33,8,27,78,40,153,30,24,54,207
03/23/2007,MGM,AL,ASO,ES,Combined TRACON& Tower with Radar,8,25,42,37,112,0,0,37,1,38,8,25,79,38,150,22,38,60,210
03/24/2007,MGM,AL,ASO,ES,Combined TRACON& Tower with Radar,2,19,23,5,49,0,0,52,0,52,2,19,75,5,101,38,0,38,139
03/25/2007,MGM,AL,ASO,ES,Combined TRACON& Tower with Radar,8,28,29,2,67,0,0,30,0,30,8,28,59,2,97,4,0,4,101
03/26/2007,MGM,AL,ASO,ES,Combined TRACON& Tower with Radar,6,30,40,31,107,0,0,26,2,28,6,30,66,33,135,14,76,90,225
03/27/2007,MGM,AL,ASO,ES,Combined TRACON& Tower with Radar,8,24,52,55,139,0,0,38,0,38,8,24,90,55,177,18,82,100,277
03/28/2007,MGM,AL,ASO,ES,Combined TRACON& Tower with Radar,8,25,55,46,134,0,0,43,6,49,8,25,98,52,183,24,100,124,307
03/29/2007,MGM,AL,ASO,ES,Combined TRACON& Tower with Radar,8,36,46,61,151,0,0,39,2,41,8,36,85,63,192,36,68,104,296
03/30/2007,MGM,AL,ASO,ES,Combined TRACON& Tower with Radar,8,27,42,74,151,0,0,24,3,27,8,27,66,77,178,12,36,48,226
03/31/2007,MGM,AL,ASO,ES,Combined TRACON& Tower with Radar,2,19,35,6,62,0,0,12,0,12,2,19,47,6,74,0,0,0,74
04/01/2007,MGM,AL,ASO,ES,Combined TRACON& Tower with Radar,10,25,25,3,63,0,0,2,0,2,10,25,27,3,65,6,0,6,71
04/02/2007,MGM,AL,ASO,ES,Combined TRACON& Tower with Radar,7,27,42,6,82,0,0,23,1,24,7,27,65,7,106,64,0,64,170
04/03/2007,MGM,AL,ASO,ES,Combined TRACON& Tower with Radar,8,29,55,46,138,0,0,29,3,32,8,29,84,49,170,102,44,146,316
04/04/2007,MGM,AL,ASO,ES,Combined TRACON& Tower with Radar,8,38,56,46,148,0,0,30,4,34,8,38,86,50,182,104,44,148,330
04/05/2007,MGM,AL,ASO,ES,Combined TRACON& Tower with Radar,8,23,60,63,154,0,0,42,1,43,8,23,102,64,197,24,18,42,239
04/06/2007,MGM,AL,ASO,ES,Combined TRACON& Tower with Radar,8,23,33,32,96,0,0,31,3,34,8,23,64,35,130,32,24,56,186
04/07/2007,MGM,AL,ASO,ES,Combined TRACON& Tower with Radar,2,19,18,0,39,0,0,30,0,30,2,19,48,0,69,0,0,0,69
04/08/2007,MGM,AL,ASO,ES,Combined TRACON& Tower with Radar,10,21,14,1,46,0,0,26,0,26,10,21,40,1,72,0,0,0,72
04/09/2007,MGM,AL,ASO,ES,Combined TRACON& Tower with Radar,6,27,49,12,94,0,0,24,2,26,6,27,73,14,120,30,4,34,154
04/10/2007,MGM,AL,ASO,ES,Combined TRACON& Tower with Radar,11,27,48,79,165,0,0,15,0,15,11,27,63,79,180,12,30,42,222
04/11/2007,MGM,AL,ASO,ES,Combined TRACON& Tower with Radar,6,33,42,46,127,0,0,4,0,4,6,33,46,46,131,4,0,4,135
04/12/2007,MGM,AL,ASO,ES,Combined TRACON& Tower with Radar,11,28,51,68,158,0,0,52,6,58,11,28,103,74,216,52,52,104,320
04/13/2007,MGM,AL,ASO,ES,Combined TRACON& Tower with Radar,8,28,41,43,120,0,0,52,4,56,8,28,93,47,176,14,94,108,284
04/14/2007,MGM,AL,ASO,ES,Combined TRACON& Tower with Radar,2,22,3,0,27,0,0,2,0,2,2,22,5,0,29,42,0,42,71
04/15/2007,MGM,AL,ASO,ES,Combined TRACON& Tower with Radar,10,21,24,14,69,0,0,8,5,13,10,21,32,19,82,0,0,0,82
04/16/2007,MGM,AL,ASO,ES,Combined TRACON& Tower with Radar,8,24,43,69,144,0,0,32,3,35,8,24,75,72,179,6,152,158,337
04/17/2007,MGM,AL,ASO,ES,Combined TRACON& Tower with Radar,9,26,45,46,126,0,1,34,4,39,9,27,79,50,165,20,42,62,227
04/18/2007,MGM,AL,ASO,ES,Combined TRACON& Tower with Radar,6,21,41,30,98,0,1,33,3,37,6,22,74,33,135,4,44,48,183
04/19/2007,MGM,AL,ASO,ES,Combined TRACON& Tower with Radar,8,21,50,67,146,0,3,48,3,54,8,24,98,70,200,36,66,102,302
04/20/2007,MGM,AL,ASO,ES,Combined TRACON& Tower with Radar,8,23,41,68,140,0,2,29,3,34,8,25,70,71,174,8,106,114,288
04/21/2007,MGM,AL,ASO,ES,Combined TRACON& Tower with Radar,2,19,28,4,53,0,0,41,1,42,2,19,69,5,95,18,0,18,113
04/22/2007,MGM,AL,ASO,ES,Combined TRACON& Tower with Radar,7,23,37,15,82,0,0,37,0,37,7,23,74,15,119,6,2,8,127
04/23/2007,MGM,AL,ASO,ES,Combined TRACON& Tower with Radar,7,23,25,85,140,0,0,34,8,42,7,23,59,93,182,32,102,134,316
04/24/2007,MGM,AL,ASO,ES,Combined TRACON& Tower with Radar,8,23,54,79,164,0,0,50,9,59,8,23,104,88,223,34,124,158,381
04/25/2007,MGM,AL,ASO,ES,Combined TRACON& Tower with Radar,7,22,55,120,204,0,0,24,7,31,7,22,79,127,235,40,114,154,389
04/26/2007,MGM,AL,ASO,ES,Combined TRACON& Tower with Radar,7,27,40,18,92,0,0,15,0,15,7,27,55,18,107,0,4,4,111
04/27/2007,MGM,AL,ASO,ES,Combined TRACON& Tower with Radar,8,22,49,48,127,0,1,35,1,37,8,23,84,49,164,18,78,96,260
04/28/2007,MGM,AL,ASO,ES,Combined TRACON& Tower with Radar,4,23,26,2,55,0,0,22,3,25,4,23,48,5,80,6,0,6,86
04/29/2007,MGM,AL,ASO,ES,Combined TRACON& Tower with Radar,9,22,31,11,73,0,0,19,1,20,9,22,50,12,93,22,2,24,117
04/30/2007,MGM,AL,ASO,ES,Combined TRACON& Tower with Radar,8,25,34,29,96,0,0,47,2,49,8,25,81,31,145,6,10,16,161
05/01/2007,MGM,AL,ASO,ES,Combined TRACON& Tower with Radar,10,22,42,55,129,0,0,26,2,28,10,22,68,57,157,8,114,122,279
05/02/2007,MGM,AL,ASO,ES,Combined TRACON& Tower with Radar,8,22,48,55,133,0,0,58,3,61,8,22,106,58,194,34,90,124,318
05/03/2007,MGM,AL,ASO,ES,Combined TRACON& Tower with Radar,8,27,42,49,126,0,0,14,0,14,8,27,56,49,140,28,56,84,224
05/04/2007,MGM,AL,ASO,ES,Combined TRACON& Tower with Radar,6,30,39,38,113,0,0,20,2,22,6,30,59,40,135,0,44,44,179
05/05/2007,MGM,AL,ASO,ES,Combined TRACON& Tower with Radar,2,25,24,0,51,0,0,13,0,13,2,25,37,0,64,6,0,6,70
05/06/2007,MGM,AL,ASO,ES,Combined TRACON& Tower with Radar,8,22,31,9,70,0,0,20,2,22,8,22,51,11,92,30,4,34,126
05/07/2007,MGM,AL,ASO,ES,Combined TRACON& Tower with Radar,7,28,39,52,126,0,0,26,1,27,7,28,65,53,153,38,44,82,235
05/08/2007,MGM,AL,ASO,ES,Combined TRACON& Tower with Radar,8,26,31,37,102,0,1,45,5,51,8,27,76,42,153,12,40,52,205
05/09/2007,MGM,AL,ASO,ES,Combined TRACON& Tower with Radar,7,25,39,59,130,0,1,52,7,60,7,26,91,66,190,16,56,72,262
05/10/2007,MGM,AL,ASO,ES,Combined TRACON& Tower with Radar,8,22,54,59,143,0,0,36,0,36,8,22,90,59,179,12,56,68,247
05/11/2007,MGM,AL,ASO,ES,Combined TRACON& Tower with Radar,13,33,56,86,188,0,0,40,6,46,13,33,96,92,234,26,96,122,356
05/12/2007,MGM,AL,ASO,ES,Combined TRACON& Tower with Radar,2,21,25,2,50,0,0,40,0,40,2,21,65,2,90,42,0,42,132
05/13/2007,MGM,AL,ASO,ES,Combined TRACON& Tower with Radar,7,20,19,0,46,0,1,22,0,23,7,21,41,0,69,4,0,4,73
05/14/2007,MGM,AL,ASO,ES,Combined TRACON& Tower with Radar,7,28,51,74,160,0,0,21,5,26,7,28,72,79,186,28,96,124,310
05/15/2007,MGM,AL,ASO,ES,Combined TRACON& Tower with Radar,8,27,36,100,171,0,0,19,0,19,8,27,55,100,190,12,20,32,222
05/16/2007,MGM,AL,ASO,ES,Combined TRACON& Tower with Radar,6,25,42,54,127,0,0,23,10,33,6,25,65,64,160,14,134,148,308
05/17/2007,MGM,AL,ASO,ES,Combined TRACON& Tower with Radar,8,25,48,72,153,0,0,32,3,35,8,25,80,75,188,6,82,88,276
05/18/2007,MGM,AL,ASO,ES,Combined TRACON& Tower with Radar,8,27,47,51,133,0,0,37,3,40,8,27,84,54,173,6,36,42,215
05/19/2007,MGM,AL,ASO,ES,Combined TRACON& Tower with Radar,2,20,16,11,49,0,0,42,0,42,2,20,58,11,91,16,12,28,119
05/20/2007,MGM,AL,ASO,ES,Combined TRACON& Tower with Radar,8,20,14,8,50,0,0,44,4,48,8,20,58,12,98,22,4,26,124
05/21/2007,MGM,AL,ASO,ES,Combined TRACON& Tower with Radar,5,24,41,34,104,0,0,23,3,26,5,24,64,37,130,26,96,122,252
05/22/2007,MGM,AL,ASO,ES,Combined TRACON& Tower with Radar,8,26,47,69,150,0,0,34,3,37,8,26,81,72,187,20,84,104,291
05/23/2007,MGM,AL,ASO,ES,Combined TRACON& Tower with Radar,9,28,43,63,143,0,0,13,0,13,9,28,56,63,156,16,58,74,230
05/24/2007,MGM,AL,ASO,ES,Combined TRACON& Tower with Radar,10,27,49,41,127,0,2,39,1,42,10,29,88,42,169,74,62,136,305
05/25/2007,MGM,AL,ASO,ES,Combined TRACON& Tower with Radar,7,25,39,13,84,0,0,27,0,27,7,25,66,13,111,10,0,10,121
05/26/2007,MGM,AL,ASO,ES,Combined TRACON& Tower with Radar,3,20,25,2,50,0,0,30,0,30,3,20,55,2,80,20,0,20,100
05/27/2007,MGM,AL,ASO,ES,Combined TRACON& Tower with Radar,5,19,20,5,49,0,0,9,0,9,5,19,29,5,58,12,0,12,70
05/28/2007,MGM,AL,ASO,ES,Combined TRACON& Tower with Radar,10,23,35,3,71,0,1,30,1,32,10,24,65,4,103,44,0,44,147
05/29/2007,MGM,AL,ASO,ES,Combined TRACON& Tower with Radar,8,22,53,48,131,0,0,17,2,19,8,22,70,50,150,6,82,88,238
05/30/2007,MGM,AL,ASO,ES,Combined TRACON& Tower with Radar,8,29,32,70,139,0,0,11,4,15,8,29,43,74,154,8,64,72,226
05/31/2007,MGM,AL,ASO,ES,Combined TRACON& Tower with Radar,7,29,58,69,163,0,0,30,5,35,7,29,88,74,198,26,138,164,362
06/01/2007,MGM,AL,ASO,ES,Combined TRACON& Tower with Radar,9,21,35,54,119,0,0,33,6,39,9,21,68,60,158,30,70,100,258
06/02/2007,MGM,AL,ASO,ES,Combined TRACON& Tower with Radar,2,22,25,7,56,0,0,23,2,25,2,22,48,9,81,32,0,32,113
06/03/2007,MGM,AL,ASO,ES,Combined TRACON& Tower with Radar,8,21,25,4,58,0,0,28,2,30,8,21,53,6,88,16,0,16,104
06/04/2007,MGM,AL,ASO,ES,Combined TRACON& Tower with Radar,7,19,30,31,87,0,0,16,1,17,7,19,46,32,104,6,52,58,162
06/05/2007,MGM,AL,ASO,ES,Combined TRACON& Tower with Radar,7,28,37,47,119,0,0,20,0,20,7,28,57,47,139,46,58,104,243
06/06/2007,MGM,AL,ASO,ES,Combined TRACON& Tower with Radar,7,25,57,29,118,0,0,40,4,44,7,25,97,33,162,26,22,48,210
06/07/2007,MGM,AL,ASO,ES,Combined TRACON& Tower with Radar,3,32,50,34,119,0,0,23,1,24,3,32,73,35,143,0,74,74,217
06/08/2007,MGM,AL,ASO,ES,Combined TRACON& Tower with Radar,7,28,50,36,121,0,0,15,2,17,7,28,65,38,138,2,10,12,150
06/09/2007,MGM,AL,ASO,ES,Combined TRACON& Tower with Radar,4,22,31,23,80,0,1,40,28,69,4,23,71,51,149,26,0,26,175
06/10/2007,MGM,AL,ASO,ES,Combined TRACON& Tower with Radar,6,24,44,36,110,0,0,34,2,36,6,24,78,38,146,19,12,31,177
06/11/2007,MGM,AL,ASO,ES,Combined TRACON& Tower with Radar,5,24,28,24,81,0,1,24,0,25,5,25,52,24,106,22,4,26,132
06/12/2007,MGM,AL,ASO,ES,Combined TRACON& Tower with Radar,5,22,38,37,102,0,2,20,0,22,5,24,58,37,124,6,12,18,142
06/13/2007,MGM,AL,ASO,ES,Combined TRACON& Tower with Radar,5,28,41,53,127,0,0,33,8,41,5,28,74,61,168,18,76,94,262
06/14/2007,MGM,AL,ASO,ES,Combined TRACON& Tower with Radar,6,31,47,38,122,0,0,32,10,42,6,31,79,48,164,12,56,68,232
06/15/2007,MGM,AL,ASO,ES,Combined TRACON& Tower with Radar,8,23,40,79,150,0,1,33,1,35,8,24,73,80,185,8,64,72,257
06/16/2007,MGM,AL,ASO,ES,Combined TRACON& Tower with Radar,4,18,13,0,35,0,0,32,0,32,4,18,45,0,67,16,0,16,83
06/17/2007,MGM,AL,ASO,ES,Combined TRACON& Tower with Radar,5,22,23,2,52,0,0,23,0,23,5,22,46,2,75,14,0,14,89
06/18/2007,MGM,AL,ASO,ES,Combined TRACON& Tower with Radar,6,26,38,53,123,0,3,15,5,23,6,29,53,58,146,4,78,82,228
06/19/2007,MGM,AL,ASO,ES,Combined TRACON& Tower with Radar,6,24,35,33,98,0,0,5,1,6,6,24,40,34,104,20,0,20,124
06/20/2007,MGM,AL,ASO,ES,Combined TRACON& Tower with Radar,7,31,65,72,175,0,0,52,6,58,7,31,117,78,233,48,66,114,347
06/21/2007,MGM,AL,ASO,ES,Combined TRACON& Tower with Radar,6,26,40,64,136,0,1,22,2,25,6,27,62,66,161,8,48,56,217
06/22/2007,MGM,AL,ASO,ES,Combined TRACON& Tower with Radar,8,25,28,17,78,0,1,38,5,44,8,26,66,22,122,22,5,27,149
06/23/2007,MGM,AL,ASO,ES,Combined TRACON& Tower with Radar,4,23,28,3,58,0,0,38,0,38,4,23,66,3,96,38,0,38,134
06/24/2007,MGM,AL,ASO,ES,Combined TRACON& Tower with Radar,5,32,30,0,67,0,2,26,0,28,5,34,56,0,95,6,0,6,101
06/25/2007,MGM,AL,ASO,ES,Combined TRACON& Tower with Radar,5,22,40,71,138,0,0,27,1,28,5,22,67,72,166,64,48,112,278
06/26/2007,MGM,AL,ASO,ES,Combined TRACON& Tower with Radar,3,27,55,44,129,0,0,14,12,26,3,27,69,56,155,14,4,18,173
06/27/2007,MGM,AL,ASO,ES,Combined TRACON& Tower with Radar,3,29,38,51,121,0,0,44,10,54,3,29,82,61,175,30,0,30,205
06/28/2007,MGM,AL,ASO,ES,Combined TRACON& Tower with Radar,3,28,59,29,119,0,0,32,5,37,3,28,91,34,156,34,64,98,254
06/29/2007,MGM,AL,ASO,ES,Combined TRACON& Tower with Radar,7,22,49,17,95,0,0,24,3,27,7,22,73,20,122,0,22,22,144
06/30/2007,MGM,AL,ASO,ES,Combined TRACON& Tower with Radar,4,16,10,3,33,0,0,27,1,28,4,16,37,4,61,80,0,80,141
07/01/2007,MGM,AL,ASO,ES,Combined TRACON& Tower with Radar,6,16,13,8,43,0,0,29,0,29,6,16,42,8,72,22,0,22,94
07/02/2007,MGM,AL,ASO,ES,Combined TRACON& Tower with Radar,3,22,41,30,96,0,0,8,0,8,3,22,49,30,104,14,90,104,208
07/03/2007,MGM,AL,ASO,ES,Combined TRACON& Tower with Radar,3,23,34,28,88,0,0,15,0,15,3,23,49,28,103,28,54,82,185
07/04/2007,MGM,AL,ASO,ES,Combined TRACON& Tower with Radar,2,13,13,0,28,0,0,22,0,22,2,13,35,0,50,8,0,8,58
07/05/2007,MGM,AL,ASO,ES,Combined TRACON& Tower with Radar,6,19,43,34,102,0,0,21,0,21,6,19,64,34,123,14,52,66,189
07/06/2007,MGM,AL,ASO,ES,Combined TRACON& Tower with Radar,8,20,30,79,137,0,0,18,10,28,8,20,48,89,165,38,152,190,355
07/07/2007,MGM,AL,ASO,ES,Combined TRACON& Tower with Radar,7,18,13,1,39,0,0,7,0,7,7,18,20,1,46,28,0,28,74
07/08/2007,MGM,AL,ASO,ES,Combined TRACON& Tower with Radar,6,21,29,5,61,0,0,6,2,8,6,21,35,7,69,0,4,4,73
07/09/2007,MGM,AL,ASO,ES,Combined TRACON& Tower with Radar,6,26,41,13,86,0,0,20,0,20,6,26,61,13,106,10,76,86,192
07/10/2007,MGM,AL,ASO,ES,Combined TRACON& Tower with Radar,8,30,45,48,131,0,0,6,4,10,8,30,51,52,141,16,144,160,301
07/11/2007,MGM,AL,ASO,ES,Combined TRACON& Tower with Radar,8,22,58,8,96,0,0,18,2,20,8,22,76,10,116,12,2,14,130
07/12/2007,MGM,AL,ASO,ES,Combined TRACON& Tower with Radar,8,23,40,53,124,0,0,30,1,31,8,23,70,54,155,12,76,88,243
07/13/2007,MGM,AL,ASO,ES,Combined TRACON& Tower with Radar,7,26,47,31,111,0,3,21,0,24,7,29,68,31,135,20,90,110,245
07/14/2007,MGM,AL,ASO,ES,Combined TRACON& Tower with Radar,6,20,24,8,58,0,0,5,0,5,6,20,29,8,63,12,0,12,75
07/15/2007,MGM,AL,ASO,ES,Combined TRACON& Tower with Radar,5,22,23,11,61,0,0,22,0,22,5,22,45,11,83,20,0,20,103
07/16/2007,MGM,AL,ASO,ES,Combined TRACON& Tower with Radar,8,22,30,49,109,0,0,36,0,36,8,22,66,49,145,56,62,118,263
07/17/2007,MGM,AL,ASO,ES,Combined TRACON& Tower with Radar,8,27,42,72,149,0,2,36,1,39,8,29,78,73,188,16,100,116,304
07/18/2007,MGM,AL,ASO,ES,Combined TRACON& Tower with Radar,8,25,54,78,165,0,0,29,2,31,8,25,83,80,196,40,110,150,346
07/19/2007,MGM,AL,ASO,ES,Combined TRACON& Tower with Radar,15,27,39,74,155,0,0,39,5,44,15,27,78,79,199,32,162,194,393
07/20/2007,MGM,AL,ASO,ES,Combined TRACON& Tower with Radar,6,23,27,32,88,0,0,16,3,19,6,23,43,35,107,36,46,82,189
07/21/2007,MGM,AL,ASO,ES,Combined TRACON& Tower with Radar,3,19,18,9,49,0,0,39,1,40,3,19,57,10,89,14,0,14,103
07/22/2007,MGM,AL,ASO,ES,Combined TRACON& Tower with Radar,8,20,15,17,60,0,0,32,4,36,8,20,47,21,96,10,2,12,108
07/23/2007,MGM,AL,ASO,ES,Combined TRACON& Tower with Radar,8,28,32,43,111,0,1,25,1,27,8,29,57,44,138,26,52,78,216
07/24/2007,MGM,AL,ASO,ES,Combined TRACON& Tower with Radar,5,27,42,61,135,0,0,30,2,32,5,27,72,63,167,37,46,83,250
07/25/2007,MGM,AL,ASO,ES,Combined TRACON& Tower with Radar,6,24,38,67,135,0,0,19,0,19,6,24,57,67,154,0,40,40,194
07/26/2007,MGM,AL,ASO,ES,Combined TRACON& Tower with Radar,0,28,58,66,152,0,1,34,7,42,0,29,92,73,194,6,148,154,348
07/27/2007,MGM,AL,ASO,ES,Combined TRACON& Tower with Radar,7,28,40,86,161,0,0,30,2,32,7,28,70,88,193,18,72,90,283
07/28/2007,MGM,AL,ASO,ES,Combined TRACON& Tower with Radar,4,18,20,3,45,0,0,40,0,40,4,18,60,3,85,58,0,58,143
07/29/2007,MGM,AL,ASO,ES,Combined TRACON& Tower with Radar,9,21,33,8,71,0,0,16,1,17,9,21,49,9,88,27,14,41,129
07/30/2007,MGM,AL,ASO,ES,Combined TRACON& Tower with Radar,3,31,26,37,97,0,0,28,5,33,3,31,54,42,130,2,120,122,252
07/31/2007,MGM,AL,ASO,ES,Combined TRACON& Tower with Radar,8,27,36,71,142,0,0,28,4,32,8,27,64,75,174,18,126,144,318
08/01/2007,MGM,AL,ASO,ES,Combined TRACON& Tower with Radar,7,29,32,75,143,0,2,28,7,37,7,31,60,82,180,8,104,112,292
08/02/2007,MGM,AL,ASO,ES,Combined TRACON& Tower with Radar,8,30,37,86,161,0,1,37,6,44,8,31,74,92,205,22,184,206,411
08/03/2007,MGM,AL,ASO,ES,Combined TRACON& Tower with Radar,7,26,32,82,147,0,0,34,4,38,7,26,66,86,185,10,100,110,295
08/04/2007,MGM,AL,ASO,ES,Combined TRACON& Tower with Radar,3,19,20,3,45,0,0,41,1,42,3,19,61,4,87,52,0,52,139
08/05/2007,MGM,AL,ASO,ES,Combined TRACON& Tower with Radar,8,18,22,6,54,0,0,24,7,31,8,18,46,13,85,4,0,4,89
08/06/2007,MGM,AL,ASO,ES,Combined TRACON& Tower with Radar,7,19,39,47,112,0,0,25,2,27,7,19,64,49,139,36,84,120,259
08/07/2007,MGM,AL,ASO,ES,Combined TRACON& Tower with Radar,7,25,57,29,118,0,0,20,3,23,7,25,77,32,141,36,40,76,217
08/08/2007,MGM,AL,ASO,ES,Combined TRACON& Tower with Radar,8,25,38,46,117,0,1,38,0,39,8,26,76,46,156,18,52,70,226
08/09/2007,MGM,AL,ASO,ES,Combined TRACON& Tower with Radar,8,32,46,45,131,0,0,41,15,56,8,32,87,60,187,66,61,127,314
08/10/2007,MGM,AL,ASO,ES,Combined TRACON& Tower with Radar,8,28,34,70,140,0,0,32,5,37,8,28,66,75,177,22,142,164,341
08/11/2007,MGM,AL,ASO,ES,Combined TRACON& Tower with Radar,4,18,14,2,38,0,0,34,0,34,4,18,48,2,72,6,0,6,78
08/12/2007,MGM,AL,ASO,ES,Combined TRACON& Tower with Radar,8,23,28,20,79,0,0,23,3,26,8,23,51,23,105,89,6,95,200
08/13/2007,MGM,AL,ASO,ES,Combined TRACON& Tower with Radar,8,22,40,42,112,0,0,29,2,31,8,22,69,44,143,84,92,176,319
08/14/2007,MGM,AL,ASO,ES,Combined TRACON& Tower with Radar,7,27,44,40,118,0,0,31,9,40,7,27,75,49,158,28,42,70,228
08/15/2007,MGM,AL,ASO,ES,Combined TRACON& Tower with Radar,7,28,39,49,123,0,0,29,6,35,7,28,68,55,158,50,44,94,252
08/16/2007,MGM,AL,ASO,ES,Combined TRACON& Tower with Radar,9,20,37,60,126,0,0,31,2,33,9,20,68,62,159,14,36,50,209
08/17/2007,MGM,AL,ASO,ES,Combined TRACON& Tower with Radar,5,24,23,52,104,0,0,21,3,24,5,24,44,55,128,2,14,16,144
08/18/2007,MGM,AL,ASO,ES,Combined TRACON& Tower with Radar,3,20,24,49,96,0,0,33,0,33,3,20,57,49,129,30,18,48,177
08/19/2007,MGM,AL,ASO,ES,Combined TRACON& Tower with Radar,5,21,37,22,85,0,0,25,1,26,5,21,62,23,111,20,38,58,169
08/20/2007,MGM,AL,ASO,ES,Combined TRACON& Tower with Radar,6,22,29,43,100,0,0,18,2,20,6,22,47,45,120,0,74,74,194
08/21/2007,MGM,AL,ASO,ES,Combined TRACON& Tower with Radar,8,24,33,39,104,0,0,18,0,18,8,24,51,39,122,26,64,90,212
08/22/2007,MGM,AL,ASO,ES,Combined TRACON& Tower with Radar,8,22,40,74,144,0,0,32,4,36,8,22,72,78,180,22,112,134,314
08/23/2007,MGM,AL,ASO,ES,Combined TRACON& Tower with Radar,10,30,44,46,130,0,0,27,5,32,10,30,71,51,162,1,10,11,173
08/24/2007,MGM,AL,ASO,ES,Combined TRACON& Tower with Radar,7,22,37,25,91,0,0,22,0,22,7,22,59,25,113,26,20,46,159
08/25/2007,MGM,AL,ASO,ES,Combined TRACON& Tower with Radar,4,20,14,1,39,0,0,24,3,27,4,20,38,4,66,4,0,4,70
08/26/2007,MGM,AL,ASO,ES,Combined TRACON& Tower with Radar,6,25,25,7,63,0,1,21,0,22,6,26,46,7,85,33,8,41,126
08/27/2007,MGM,AL,ASO,ES,Combined TRACON& Tower with Radar,5,23,31,22,81,0,0,27,0,27,5,23,58,22,108,18,0,18,126
08/28/2007,MGM,AL,ASO,ES,Combined TRACON& Tower with Radar,8,22,41,18,89,0,0,8,0,8,8,22,49,18,97,6,12,18,115
08/29/2007,MGM,AL,ASO,ES,Combined TRACON& Tower with Radar,8,26,39,92,165,0,0,30,5,35,8,26,69,97,200,26,46,72,272
08/30/2007,MGM,AL,ASO,ES,Combined TRACON& Tower with Radar,12,28,46,50,136,0,0,20,0,20,12,28,66,50,156,8,32,40,196
08/31/2007,MGM,AL,ASO,ES,Combined TRACON& Tower with Radar,10,26,70,30,136,0,0,1,0,1,10,26,71,30,137,12,20,32,169
09/01/2007,MGM,AL,ASO,ES,Combined TRACON& Tower with Radar,4,17,25,0,46,0,0,9,0,9,4,17,34,0,55,16,0,16,71
09/02/2007,MGM,AL,ASO,ES,Combined TRACON& Tower with Radar,6,17,16,0,39,0,0,7,0,7,6,17,23,0,46,0,0,0,46
09/03/2007,MGM,AL,ASO,ES,Combined TRACON& Tower with Radar,6,19,25,2,52,0,0,21,0,21,6,19,46,2,73,26,0,26,99
09/04/2007,MGM,AL,ASO,ES,Combined TRACON& Tower with Radar,8,25,27,72,132,0,0,47,5,52,8,25,74,77,184,36,107,143,327
09/05/2007,MGM,AL,ASO,ES,Combined TRACON& Tower with Radar,8,26,60,40,134,0,0,45,5,50,8,26,105,45,184,26,80,106,290
09/06/2007,MGM,AL,ASO,ES,Combined TRACON& Tower with Radar,8,27,41,58,134,0,0,32,3,35,8,27,73,61,169,18,86,104,273
09/07/2007,MGM,AL,ASO,ES,Combined TRACON& Tower with Radar,10,24,44,33,111,0,0,40,5,45,10,24,84,38,156,34,71,105,261
09/08/2007,MGM,AL,ASO,ES,Combined TRACON& Tower with Radar,0,20,21,27,68,0,1,47,3,51,0,21,68,30,119,18,38,56,175
09/09/2007,MGM,AL,ASO,ES,Combined TRACON& Tower with Radar,7,22,15,17,61,0,0,28,2,30,7,22,43,19,91,16,0,16,107
09/10/2007,MGM,AL,ASO,ES,Combined TRACON& Tower with Radar,8,22,42,32,104,0,0,24,0,24,8,22,66,32,128,28,74,102,230
09/11/2007,MGM,AL,ASO,ES,Combined TRACON& Tower with Radar,4,33,39,68,144,0,2,20,8,30,4,35,59,76,174,60,96,156,330
09/12/2007,MGM,AL,ASO,ES,Combined TRACON& Tower with Radar,4,32,43,34,113,0,0,14,2,16,4,32,57,36,129,12,14,26,155
09/13/2007,MGM,AL,ASO,ES,Combined TRACON& Tower with Radar,8,32,36,24,100,0,0,10,0,10,8,32,46,24,110,8,16,24,134
09/14/2007,MGM,AL,ASO,ES,Combined TRACON& Tower with Radar,9,36,31,17,93,0,0,9,2,11,9,36,40,19,104,12,0,12,116
09/15/2007,MGM,AL,ASO,ES,Combined TRACON& Tower with Radar,1,17,24,12,54,0,0,25,1,26,1,17,49,13,80,10,2,12,92
09/16/2007,MGM,AL,ASO,ES,Combined TRACON& Tower with Radar,5,23,29,3,60,0,0,41,0,41,5,23,70,3,101,18,8,26,127
09/17/2007,MGM,AL,ASO,ES,Combined TRACON& Tower with Radar,4,29,30,76,139,0,0,30,4,34,4,29,60,80,173,38,28,66,239
09/18/2007,MGM,AL,ASO,ES,Combined TRACON& Tower with Radar,4,27,26,50,107,0,0,32,4,36,4,27,58,54,143,22,54,76,219
09/19/2007,MGM,AL,ASO,ES,Combined TRACON& Tower with Radar,5,27,37,51,120,0,0,29,3,32,5,27,66,54,152,20,104,124,276
09/20/2007,MGM,AL,ASO,ES,Combined TRACON& Tower with Radar,8,28,50,67,153,0,0,24,5,29,8,28,74,72,182,3,126,129,311
09/21/2007,MGM,AL,ASO,ES,Combined TRACON& Tower with Radar,11,25,57,57,150,0,0,4,2,6,11,25,61,59,156,16,46,62,218
09/22/2007,MGM,AL,ASO,ES,Combined TRACON& Tower with Radar,5,16,24,8,53,0,1,7,0,8,5,17,31,8,61,2,0,2,63
09/23/2007,MGM,AL,ASO,ES,Combined TRACON& Tower with Radar,4,24,39,5,72,0,0,7,0,7,4,24,46,5,79,14,0,14,93
09/24/2007,MGM,AL,ASO,ES,Combined TRACON& Tower with Radar,8,27,28,72,135,0,0,29,4,33,8,27,57,76,168,38,48,86,254
09/25/2007,MGM,AL,ASO,ES,Combined TRACON& Tower with Radar,3,26,57,103,189,0,2,23,5,30,3,28,80,108,219,20,202,222,441
09/26/2007,MGM,AL,ASO,ES,Combined TRACON& Tower with Radar,4,30,52,64,150,0,0,37,1,38,4,30,89,65,188,12,56,68,256
09/27/2007,MGM,AL,ASO,ES,Combined TRACON& Tower with Radar,8,26,53,43,130,0,0,25,1,26,8,26,78,44,156,8,32,40,196
09/28/2007,MGM,AL,ASO,ES,Combined TRACON& Tower with Radar,10,22,37,11,80,0,0,35,1,36,10,22,72,12,116,52,39,91,207
09/29/2007,MGM,AL,ASO,ES,Combined TRACON& Tower with Radar,4,16,37,0,57,0,0,34,0,34,4,16,71,0,91,20,0,20,111
09/30/2007,MGM,AL,ASO,ES,Combined TRACON& Tower with Radar,8,24,36,9,77,0,0,31,2,33,8,24,67,11,110,0,2,2,112
10/01/2007,MGM,AL,ASO,ES,Combined TRACON& Tower with Radar,5,23,42,39,109,0,0,29,1,30,5,23,71,40,139,52,30,82,221
10/02/2007,MGM,AL,ASO,ES,Combined TRACON& Tower with Radar,3,27,45,38,113,0,0,22,4,26,3,27,67,42,139,30,46,76,215
10/03/2007,MGM,AL,ASO,ES,Combined TRACON& Tower with Radar,4,27,55,43,129,0,0,18,2,20,4,27,73,45,149,32,24,56,205
10/04/2007,MGM,AL,ASO,ES,Combined TRACON& Tower with Radar,7,31,41,63,142,0,0,15,2,17,7,31,56,65,159,8,40,48,207
10/05/2007,MGM,AL,ASO,ES,Combined TRACON& Tower with Radar,8,22,44,71,145,0,1,13,4,18,8,23,57,75,163,12,34,46,209
10/06/2007,MGM,AL,ASO,ES,Combined TRACON& Tower with Radar,2,15,37,3,57,0,0,17,0,17,2,15,54,3,74,14,0,14,88
10/07/2007,MGM,AL,ASO,ES,Combined TRACON& Tower with Radar,8,22,60,8,98,0,2,32,0,34,8,24,92,8,132,6,0,6,138
10/08/2007,MGM,AL,ASO,ES,Combined TRACON& Tower with Radar,7,22,34,6,69,0,0,40,1,41,7,22,74,7,110,26,0,26,136
10/09/2007,MGM,AL,ASO,ES,Combined TRACON& Tower with Radar,4,28,25,24,81,0,0,13,4,17,4,28,38,28,98,16,30,46,144
10/10/2007,MGM,AL,ASO,ES,Combined TRACON& Tower with Radar,4,26,34,31,95,0,0,36,1,37,4,26,70,32,132,38,26,64,196
10/11/2007,MGM,AL,ASO,ES,Combined TRACON& Tower with Radar,8,20,45,51,124,0,0,39,7,46,8,20,84,58,170,20,44,64,234
10/12/2007,MGM,AL,ASO,ES,Combined TRACON& Tower with Radar,9,26,35,30,100,0,0,34,2,36,9,26,69,32,136,4,16,20,156
10/13/2007,MGM,AL,ASO,ES,Combined TRACON& Tower with Radar,2,19,34,8,63,0,1,41,2,44,2,20,75,10,107,10,4,14,121
10/14/2007,MGM,AL,ASO,ES,Combined TRACON& Tower with Radar,8,20,45,21,94,0,0,24,9,33,8,20,69,30,127,22,18,40,167
10/15/2007,MGM,AL,ASO,ES,Combined TRACON& Tower with Radar,8,18,37,35,98,0,0,44,0,44,8,18,81,35,142,2,86,88,230
10/16/2007,MGM,AL,ASO,ES,Combined TRACON& Tower with Radar,4,24,60,70,158,0,0,19,10,29,4,24,79,80,187,26,114,140,327
10/17/2007,MGM,AL,ASO,ES,Combined TRACON& Tower with Radar,3,29,28,71,131,0,0,27,14,41,3,29,55,85,172,4,114,118,290
10/18/2007,MGM,AL,ASO,ES,Combined TRACON& Tower with Radar,6,31,32,18,87,0,0,2,0,2,6,31,34,18,89,0,6,6,95
10/19/2007,MGM,AL,ASO,ES,Combined TRACON& Tower with Radar,9,23,56,68,156,0,0,21,5,26,9,23,77,73,182,36,58,94,276
10/20/2007,MGM,AL,ASO,ES,Combined TRACON& Tower with Radar,4,19,29,6,58,0,0,49,0,49,4,19,78,6,107,20,0,20,127
10/21/2007,MGM,AL,ASO,ES,Combined TRACON& Tower with Radar,10,20,22,3,55,0,0,27,0,27,10,20,49,3,82,25,8,33,115
10/22/2007,MGM,AL,ASO,ES,Combined TRACON& Tower with Radar,5,23,37,20,85,0,0,3,0,3,5,23,40,20,88,0,4,4,92
10/23/2007,MGM,AL,ASO,ES,Combined TRACON& Tower with Radar,5,26,41,53,125,0,0,0,0,0,5,26,41,53,125,0,0,0,125
10/24/2007,MGM,AL,ASO,ES,Combined TRACON& Tower with Radar,3,27,58,93,181,0,0,5,2,7,3,27,63,95,188,6,46,52,240
10/25/2007,MGM,AL,ASO,ES,Combined TRACON& Tower with Radar,10,24,37,53,124,0,0,18,0,18,10,24,55,53,142,52,34,86,228
10/26/2007,MGM,AL,ASO,ES,Combined TRACON& Tower with Radar,7,30,50,49,136,0,0,32,6,38,7,30,82,55,174,12,14,26,200
10/27/2007,MGM,AL,ASO,ES,Combined TRACON& Tower with Radar,4,18,21,12,55,0,0,44,0,44,4,18,65,12,99,22,8,30,129
10/28/2007,MGM,AL,ASO,ES,Combined TRACON& Tower with Radar,7,26,24,13,70,0,1,28,0,29,7,27,52,13,99,28,10,38,137
10/29/2007,MGM,AL,ASO,ES,Combined TRACON& Tower with Radar,12,23,44,53,132,0,0,30,2,32,12,23,74,55,164,23,42,65,229
10/30/2007,MGM,AL,ASO,ES,Combined TRACON& Tower with Radar,4,27,45,29,105,0,0,29,3,32,4,27,74,32,137,2,26,28,165
10/31/2007,MGM,AL,ASO,ES,Combined TRACON& Tower with Radar,4,34,42,76,156,0,0,30,5,35,4,34,72,81,191,18,84,102,293
11/01/2007,MGM,AL,ASO,ES,Combined TRACON& Tower with Radar,8,28,45,42,123,0,0,20,4,24,8,28,65,46,147,4,56,60,207
11/02/2007,MGM,AL,ASO,ES,Combined TRACON& Tower with Radar,5,29,54,49,137,0,0,34,5,39,5,29,88,54,176,24,56,80,256
11/03/2007,MGM,AL,ASO,ES,Combined TRACON& Tower with Radar,2,16,12,45,75,0,0,20,12,32,2,16,32,57,107,20,108,128,235
11/04/2007,MGM,AL,ASO,ES,Combined TRACON& Tower with Radar,6,22,27,16,71,0,0,37,2,39,6,22,64,18,110,8,10,18,128
11/05/2007,MGM,AL,ASO,ES,Combined TRACON& Tower with Radar,4,25,42,50,121,0,0,47,4,51,4,25,89,54,172,100,80,180,352
11/06/2007,MGM,AL,ASO,ES,Combined TRACON& Tower with Radar,4,27,47,69,147,0,0,44,11,55,4,27,91,80,202,67,112,179,381
11/07/2007,MGM,AL,ASO,ES,Combined TRACON& Tower with Radar,9,23,58,48,138,0,0,50,11,61,9,23,108,59,199,78,162,240,439
11/08/2007,MGM,AL,ASO,ES,Combined TRACON& Tower with Radar,7,26,45,41,119,0,1,47,5,53,7,27,92,46,172,39,72,111,283
11/09/2007,MGM,AL,ASO,ES,Combined TRACON& Tower with Radar,4,26,36,43,109,0,0,37,2,39,4,26,73,45,148,6,48,54,202
11/10/2007,MGM,AL,ASO,ES,Combined TRACON& Tower with Radar,4,16,18,13,51,0,0,30,1,31,4,16,48,14,82,6,6,12,94
11/11/2007,MGM,AL,ASO,ES,Combined TRACON& Tower with Radar,6,24,38,3,71,0,0,26,0,26,6,24,64,3,97,24,4,28,125
11/12/2007,MGM,AL,ASO,ES,Combined TRACON& Tower with Radar,6,23,30,4,63,0,0,31,7,38,6,23,61,11,101,24,0,24,125
11/13/2007,MGM,AL,ASO,ES,Combined TRACON& Tower with Radar,5,26,30,35,96,0,0,17,0,17,5,26,47,35,113,32,72,104,217
11/14/2007,MGM,AL,ASO,ES,Combined TRACON& Tower with Radar,9,27,54,52,142,0,0,23,14,37,9,27,77,66,179,2,106,108,287
11/15/2007,MGM,AL,ASO,ES,Combined TRACON& Tower with Radar,8,27,28,46,109,0,0,10,4,14,8,27,38,50,123,0,42,42,165
11/16/2007,MGM,AL,ASO,ES,Combined TRACON& Tower with Radar,6,32,38,69,145,0,0,29,11,40,6,32,67,80,185,16,38,54,239
11/17/2007,MGM,AL,ASO,ES,Combined TRACON& Tower with Radar,2,15,25,20,62,0,2,41,5,48,2,17,66,25,110,14,16,30,140
11/18/2007,MGM,AL,ASO,ES,Combined TRACON& Tower with Radar,5,21,29,0,55,0,0,26,3,29,5,21,55,3,84,12,0,12,96
11/19/2007,MGM,AL,ASO,ES,Combined TRACON& Tower with Radar,2,28,47,51,128,0,0,30,2,32,2,28,77,53,160,10,60,70,230
11/20/2007,MGM,AL,ASO,ES,Combined TRACON& Tower with Radar,8,26,29,38,101,0,0,30,0,30,8,26,59,38,131,38,34,72,203
11/21/2007,MGM,AL,ASO,ES,Combined TRACON& Tower with Radar,6,25,30,39,100,0,1,11,0,12,6,26,41,39,112,46,56,102,214
11/22/2007,MGM,AL,ASO,ES,Combined TRACON& Tower with Radar,2,19,6,0,27,0,0,1,0,1,2,19,7,0,28,0,0,0,28
11/23/2007,MGM,AL,ASO,ES,Combined TRACON& Tower with Radar,2,18,26,0,46,0,0,29,0,29,2,18,55,0,75,0,0,0,75
11/24/2007,MGM,AL,ASO,ES,Combined TRACON& Tower with Radar,6,22,15,1,44,0,0,18,0,18,6,22,33,1,62,10,0,10,72
11/25/2007,MGM,AL,ASO,ES,Combined TRACON& Tower with Radar,6,19,15,0,40,0,0,0,0,0,6,19,15,0,40,0,0,0,40
11/26/2007,MGM,AL,ASO,ES,Combined TRACON& Tower with Radar,7,23,32,30,92,0,0,11,0,11,7,23,43,30,103,6,86,92,195
11/27/2007,MGM,AL,ASO,ES,Combined TRACON& Tower with Radar,4,28,34,74,140,0,0,19,7,26,4,28,53,81,166,16,112,128,294
11/28/2007,MGM,AL,ASO,ES,Combined TRACON& Tower with Radar,8,21,37,79,145,0,0,44,6,50,8,21,81,85,195,48,64,112,307
11/29/2007,MGM,AL,ASO,ES,Combined TRACON& Tower with Radar,7,24,36,44,111,0,0,30,10,40,7,24,66,54,151,54,42,96,247
11/30/2007,MGM,AL,ASO,ES,Combined TRACON& Tower with Radar,7,26,41,56,130,0,4,37,3,44,7,30,78,59,174,36,108,144,318
12/01/2007,MGM,AL,ASO,ES,Combined TRACON& Tower with Radar,3,16,27,2,48,0,0,40,1,41,3,16,67,3,89,22,0,22,111
12/02/2007,MGM,AL,ASO,ES,Combined TRACON& Tower with Radar,7,21,19,28,75,0,0,19,3,22,7,21,38,31,97,6,0,6,103
12/03/2007,MGM,AL,ASO,ES,Combined TRACON& Tower with Radar,8,24,24,65,121,0,0,19,4,23,8,24,43,69,144,8,226,234,378
12/04/2007,MGM,AL,ASO,ES,Combined TRACON& Tower with Radar,6,26,28,24,84,0,0,23,1,24,6,26,51,25,108,25,116,141,249
12/05/2007,MGM,AL,ASO,ES,Combined TRACON& Tower with Radar,8,29,30,32,99,0,0,30,3,33,8,29,60,35,132,24,16,40,172
12/06/2007,MGM,AL,ASO,ES,Combined TRACON& Tower with Radar,8,27,37,27,99,0,1,24,7,32,8,28,61,34,131,12,34,46,177
12/07/2007,MGM,AL,ASO,ES,Combined TRACON& Tower with Radar,6,31,51,22,110,0,0,21,1,22,6,31,72,23,132,11,0,11,143
12/08/2007,MGM,AL,ASO,ES,Combined TRACON& Tower with Radar,5,15,27,0,47,0,0,6,0,6,5,15,33,0,53,0,0,0,53
12/09/2007,MGM,AL,ASO,ES,Combined TRACON& Tower with Radar,8,23,23,21,75,0,0,11,0,11,8,23,34,21,86,4,0,4,90
12/10/2007,MGM,AL,ASO,ES,Combined TRACON& Tower with Radar,8,19,43,42,112,0,0,29,10,39,8,19,72,52,151,44,46,90,241
12/11/2007,MGM,AL,ASO,ES,Combined TRACON& Tower with Radar,6,24,41,92,163,0,0,38,11,49,6,24,79,103,212,60,90,150,362
12/12/2007,MGM,AL,ASO,ES,Combined TRACON& Tower with Radar,11,30,62,33,136,0,0,14,8,22,11,30,76,41,158,18,46,64,222
12/13/2007,MGM,AL,ASO,ES,Combined TRACON& Tower with Radar,8,25,63,48,144,0,0,8,2,10,8,25,71,50,154,14,50,64,218
12/14/2007,MGM,AL,ASO,ES,Combined TRACON& Tower with Radar,10,23,69,67,169,0,1,24,6,31,10,24,93,73,200,42,36,78,278
12/15/2007,MGM,AL,ASO,ES,Combined TRACON& Tower with Radar,2,19,14,4,39,0,0,0,0,0,2,19,14,4,39,0,0,0,39
12/16/2007,MGM,AL,ASO,ES,Combined TRACON& Tower with Radar,8,20,24,9,61,0,1,8,13,22,8,21,32,22,83,0,0,0,83
12/17/2007,MGM,AL,ASO,ES,Combined TRACON& Tower with Radar,9,24,46,51,130,0,0,37,4,41,9,24,83,55,171,20,60,80,251
12/18/2007,MGM,AL,ASO,ES,Combined TRACON& Tower with Radar,4,24,46,71,145,0,0,35,13,48,4,24,81,84,193,22,108,130,323
12/19/2007,MGM,AL,ASO,ES,Combined TRACON& Tower with Radar,8,31,39,42,120,0,0,26,6,32,8,31,65,48,152,18,140,158,310
12/20/2007,MGM,AL,ASO,ES,Combined TRACON& Tower with Radar,8,23,27,12,70,0,0,5,3,8,8,23,32,15,78,32,30,62,140
12/21/2007,MGM,AL,ASO,ES,Combined TRACON& Tower with Radar,8,24,37,12,81,0,0,7,2,9,8,24,44,14,90,14,12,26,116
12/22/2007,MGM,AL,ASO,ES,Combined TRACON& Tower with Radar,4,16,33,0,53,0,0,0,0,0,4,16,33,0,53,0,0,0,53
12/23/2007,MGM,AL,ASO,ES,Combined TRACON& Tower with Radar,8,22,15,1,46,0,0,39,0,39,8,22,54,1,85,10,0,10,95
12/24/2007,MGM,AL,ASO,ES,Combined TRACON& Tower with Radar,2,20,11,0,33,0,0,21,0,21,2,20,32,0,54,2,0,2,56
12/25/2007,MGM,AL,ASO,ES,Combined TRACON& Tower with Radar,4,16,5,0,25,0,0,2,0,2,4,16,7,0,27,0,0,0,27
12/26/2007,MGM,AL,ASO,ES,Combined TRACON& Tower with Radar,8,23,43,11,85,0,0,19,0,19,8,23,62,11,104,18,10,28,132
12/27/2007,MGM,AL,ASO,ES,Combined TRACON& Tower with Radar,8,32,35,16,91,0,0,0,0,0,8,32,35,16,91,0,0,0,91
12/28/2007,MGM,AL,ASO,ES,Combined TRACON& Tower with Radar,8,26,12,3,49,0,0,6,3,9,8,26,18,6,58,0,0,0,58
12/29/2007,MGM,AL,ASO,ES,Combined TRACON& Tower with Radar,4,17,32,0,53,0,0,9,0,9,4,17,41,0,62,2,0,2,64
12/30/2007,MGM,AL,ASO,ES,Combined TRACON& Tower with Radar,6,21,18,0,45,0,0,3,0,3,6,21,21,0,48,0,0,0,48
12/31/2007,MGM,AL,ASO,ES,Combined TRACON& Tower with Radar,4,21,13,2,40,0,0,22,0,22,4,21,35,2,62,30,0,30,92
01/01/2008,MGM,AL,ASO,ES,Combined TRACON& Tower with Radar,4,20,14,0,38,0,0,2,0,2,4,20,16,0,40,0,0,0,40
01/02/2008,MGM,AL,ASO,ES,Combined TRACON& Tower with Radar,8,21,27,14,70,0,0,12,7,19,8,21,39,21,89,2,18,20,109
01/03/2008,MGM,AL,ASO,ES,Combined TRACON& Tower with Radar,6,23,21,41,91,0,0,34,2,36,6,23,55,43,127,38,106,144,271
01/04/2008,MGM,AL,ASO,ES,Combined TRACON& Tower with Radar,6,23,32,48,109,0,0,39,5,44,6,23,71,53,153,17,76,93,246
01/05/2008,MGM,AL,ASO,ES,Combined TRACON& Tower with Radar,3,16,29,18,66,0,0,33,1,34,3,16,62,19,100,33,1,34,134
01/06/2008,MGM,AL,ASO,ES,Combined TRACON& Tower with Radar,4,24,32,0,60,0,0,44,0,44,4,24,76,0,104,25,0,25,129
01/07/2008,MGM,AL,ASO,ES,Combined TRACON& Tower with Radar,6,24,40,49,119,0,1,27,2,30,6,25,67,51,149,28,170,198,347
01/08/2008,MGM,AL,ASO,ES,Combined TRACON& Tower with Radar,6,29,31,44,110,0,2,17,1,20,6,31,48,45,130,26,50,76,206
01/09/2008,MGM,AL,ASO,ES,Combined TRACON& Tower with Radar,6,26,35,75,142,0,0,11,10,21,6,26,46,85,163,24,118,142,305
01/10/2008,MGM,AL,ASO,ES,Combined TRACON& Tower with Radar,4,33,25,17,79,0,6,1,1,8,4,39,26,18,87,28,32,60,147
01/11/2008,MGM,AL,ASO,ES,Combined TRACON& Tower with Radar,6,32,34,39,111,0,0,23,9,32,6,32,57,48,143,50,82,132,275
01/12/2008,MGM,AL,ASO,ES,Combined TRACON& Tower with Radar,4,21,33,44,102,0,0,41,2,43,4,21,74,46,145,12,30,42,187
01/13/2008,MGM,AL,ASO,ES,Combined TRACON& Tower with Radar,4,23,32,24,83,0,0,28,1,29,4,23,60,25,112,74,58,132,244
01/14/2008,MGM,AL,ASO,ES,Combined TRACON& Tower with Radar,6,29,47,53,135,0,0,28,5,33,6,29,75,58,168,54,116,170,338
01/15/2008,MGM,AL,ASO,ES,Combined TRACON& Tower with Radar,6,24,43,58,131,0,0,46,8,54,6,24,89,66,185,2,88,90,275
01/16/2008,MGM,AL,ASO,ES,Combined TRACON& Tower with Radar,5,23,42,52,122,0,0,4,2,6,5,23,46,54,128,0,42,42,170
01/17/2008,MGM,AL,ASO,ES,Combined TRACON& Tower with Radar,4,28,45,63,140,0,1,1,3,5,4,29,46,66,145,0,68,68,213
01/18/2008,MGM,AL,ASO,ES,Combined TRACON& Tower with Radar,6,26,69,30,131,0,0,21,6,27,6,26,90,36,158,42,32,74,232
01/19/2008,MGM,AL,ASO,ES,Combined TRACON& Tower with Radar,2,15,6,3,26,0,0,0,0,0,2,15,6,3,26,0,0,0,26
01/20/2008,MGM,AL,ASO,ES,Combined TRACON& Tower with Radar,3,22,25,0,50,0,0,36,0,36,3,22,61,0,86,32,0,32,118
01/21/2008,MGM,AL,ASO,ES,Combined TRACON& Tower with Radar,6,25,36,10,77,0,0,30,2,32,6,25,66,12,109,41,1,42,151
01/22/2008,MGM,AL,ASO,ES,Combined TRACON& Tower with Radar,7,25,46,43,121,0,0,10,1,11,7,25,56,44,132,16,36,52,184
01/23/2008,MGM,AL,ASO,ES,Combined TRACON& Tower with Radar,6,26,62,33,127,0,0,17,2,19,6,26,79,35,146,14,96,110,256
01/24/2008,MGM,AL,ASO,ES,Combined TRACON& Tower with Radar,8,34,54,43,139,0,0,8,5,13,8,34,62,48,152,36,44,80,232
01/25/2008,MGM,AL,ASO,ES,Combined TRACON& Tower with Radar,6,25,45,51,127,0,0,34,9,43,6,25,79,60,170,12,66,78,248
01/26/2008,MGM,AL,ASO,ES,Combined TRACON& Tower with Radar,4,16,25,0,45,0,0,1,0,1,4,16,26,0,46,0,4,4,50
01/27/2008,MGM,AL,ASO,ES,Combined TRACON& Tower with Radar,6,27,37,6,76,0,0,34,2,36,6,27,71,8,112,24,8,32,144
01/28/2008,MGM,AL,ASO,ES,Combined TRACON& Tower with Radar,8,26,30,57,121,0,0,50,1,51,8,26,80,58,172,29,98,127,299
01/29/2008,MGM,AL,ASO,ES,Combined TRACON& Tower with Radar,6,24,46,38,114,0,0,10,2,12,6,24,56,40,126,8,32,40,166
01/30/2008,MGM,AL,ASO,ES,Combined TRACON& Tower with Radar,4,30,63,84,181,0,0,32,4,36,4,30,95,88,217,66,86,152,369
01/31/2008,MGM,AL,ASO,ES,Combined TRACON& Tower with Radar,6,28,33,51,118,0,0,4,4,8,6,28,37,55,126,26,12,38,164
02/01/2008,MGM,AL,ASO,ES,Combined TRACON& Tower with Radar,6,28,43,45,122,0,0,38,8,46,6,28,81,53,168,37,47,84,252
02/02/2008,MGM,AL,ASO,ES,Combined TRACON& Tower with Radar,6,18,26,12,62,0,1,50,5,56,6,19,76,17,118,46,0,46,164
02/03/2008,MGM,AL,ASO,ES,Combined TRACON& Tower with Radar,4,23,23,24,74,0,0,26,3,29,4,23,49,27,103,26,14,40,143
02/04/2008,MGM,AL,ASO,ES,Combined TRACON& Tower with Radar,5,29,35,55,124,0,0,13,2,15,5,29,48,57,139,32,76,108,247
02/05/2008,MGM,AL,ASO,ES,Combined TRACON& Tower with Radar,6,29,56,38,129,0,0,4,5,9,6,29,60,43,138,10,68,78,216
02/06/2008,MGM,AL,ASO,ES,Combined TRACON& Tower with Radar,6,26,25,60,117,0,0,20,8,28,6,26,45,68,145,4,60,64,209
02/07/2008,MGM,AL,ASO,ES,Combined TRACON& Tower with Radar,4,28,50,32,114,0,0,42,5,47,4,28,92,37,161,34,80,114,275
02/08/2008,MGM,AL,ASO,ES,Combined TRACON& Tower with Radar,6,30,36,65,137,0,0,34,6,40,6,30,70,71,177,4,76,80,257
02/09/2008,MGM,AL,ASO,ES,Combined TRACON& Tower with Radar,4,24,16,28,72,0,2,51,0,53,4,26,67,28,125,54,18,72,197
02/10/2008,MGM,AL,ASO,ES,Combined TRACON& Tower with Radar,4,29,33,3,69,0,0,26,1,27,4,29,59,4,96,26,6,32,128
02/11/2008,MGM,AL,ASO,ES,Combined TRACON& Tower with Radar,6,24,38,30,98,0,0,36,2,38,6,24,74,32,136,12,44,56,192
02/12/2008,MGM,AL,ASO,ES,Combined TRACON& Tower with Radar,7,22,28,48,105,0,0,7,4,11,7,22,35,52,116,14,112,126,242
02/13/2008,MGM,AL,ASO,ES,Combined TRACON& Tower with Radar,4,25,46,39,114,0,0,8,12,20,4,25,54,51,134,30,70,100,234
02/14/2008,MGM,AL,ASO,ES,Combined TRACON& Tower with Radar,6,24,29,44,103,0,0,46,10,56,6,24,75,54,159,4,114,118,277
02/15/2008,MGM,AL,ASO,ES,Combined TRACON& Tower with Radar,10,18,30,28,86,0,1,21,4,26,10,19,51,32,112,6,12,18,130
02/16/2008,MGM,AL,ASO,ES,Combined TRACON& Tower with Radar,4,18,16,5,43,0,2,13,0,15,4,20,29,5,58,40,0,40,98
02/17/2008,MGM,AL,ASO,ES,Combined TRACON& Tower with Radar,4,21,11,0,36,0,0,5,0,5,4,21,16,0,41,22,0,22,63
02/18/2008,MGM,AL,ASO,ES,Combined TRACON& Tower with Radar,11,23,32,3,69,0,0,38,2,40,11,23,70,5,109,34,0,34,143
02/19/2008,MGM,AL,ASO,ES,Combined TRACON& Tower with Radar,8,25,44,43,120,0,0,35,0,35,8,25,79,43,155,0,126,126,281
02/20/2008,MGM,AL,ASO,ES,Combined TRACON& Tower with Radar,10,24,62,73,169,0,0,54,5,59,10,24,116,78,228,4,87,91,319
02/21/2008,MGM,AL,ASO,ES,Combined TRACON& Tower with Radar,8,32,25,30,95,0,0,1,2,3,8,32,26,32,98,10,24,34,132
02/22/2008,MGM,AL,ASO,ES,Combined TRACON& Tower with Radar,10,22,28,8,68,0,0,5,1,6,10,22,33,9,74,12,0,12,86
02/23/2008,MGM,AL,ASO,ES,Combined TRACON& Tower with Radar,4,19,46,22,91,0,0,9,4,13,4,19,55,26,104,64,12,76,180
02/24/2008,MGM,AL,ASO,ES,Combined TRACON& Tower with Radar,10,20,46,6,82,0,0,36,4,40,10,20,82,10,122,46,34,80,202
02/25/2008,MGM,AL,ASO,ES,Combined TRACON& Tower with Radar,10,25,40,49,124,0,4,27,2,33,10,29,67,51,157,80,68,148,305
02/26/2008,MGM,AL,ASO,ES,Combined TRACON& Tower with Radar,8,22,43,36,109,0,0,0,4,4,8,22,43,40,113,14,20,34,147
02/27/2008,MGM,AL,ASO,ES,Combined TRACON& Tower with Radar,11,20,53,44,128,0,0,35,12,47,11,20,88,56,175,18,90,108,283
02/28/2008,MGM,AL,ASO,ES,Combined TRACON& Tower with Radar,8,24,52,53,137,0,1,53,6,60,8,25,105,59,197,24,60,84,281
02/29/2008,MGM,AL,ASO,ES,Combined TRACON& Tower with Radar,10,24,45,27,106,0,0,33,12,45,10,24,78,39,151,0,12,12,163
03/01/2008,MGM,AL,ASO,ES,Combined TRACON& Tower with Radar,4,20,14,32,70,0,0,31,0,31,4,20,45,32,101,61,34,95,196
03/02/2008,MGM,AL,ASO,ES,Combined TRACON& Tower with Radar,11,17,21,7,56,0,0,23,15,38,11,17,44,22,94,14,6,20,114
03/03/2008,MGM,AL,ASO,ES,Combined TRACON& Tower with Radar,10,22,29,48,109,0,0,19,0,19,10,22,48,48,128,4,0,4,132
03/04/2008,MGM,AL,ASO,ES,Combined TRACON& Tower with Radar,15,28,29,33,105,0,0,5,0,5,15,28,34,33,110,8,30,38,148
03/05/2008,MGM,AL,ASO,ES,Combined TRACON& Tower with Radar,8,26,47,45,126,0,2,27,4,33,8,28,74,49,159,28,32,60,219
03/06/2008,MGM,AL,ASO,ES,Combined TRACON& Tower with Radar,8,24,43,43,118,0,1,40,10,51,8,25,83,53,169,28,62,90,259
03/07/2008,MGM,AL,ASO,ES,Combined TRACON& Tower with Radar,7,28,29,38,102,0,0,8,1,9,7,28,37,39,111,6,30,36,147
03/08/2008,MGM,AL,ASO,ES,Combined TRACON& Tower with Radar,4,19,25,10,58,0,0,10,0,10,4,19,35,10,68,2,10,12,80
03/09/2008,MGM,AL,ASO,ES,Combined TRACON& Tower with Radar,8,19,30,10,67,0,0,38,5,43,8,19,68,15,110,52,10,62,172
03/10/2008,MGM,AL,ASO,ES,Combined TRACON& Tower with Radar,8,26,29,44,107,0,0,51,2,53,8,26,80,46,160,86,24,110,270
03/11/2008,MGM,AL,ASO,ES,Combined TRACON& Tower with Radar,7,27,42,41,117,0,0,20,5,25,7,27,62,46,142,4,72,76,218
03/12/2008,MGM,AL,ASO,ES,Combined TRACON& Tower with Radar,6,33,40,28,107,0,0,39,21,60,6,33,79,49,167,16,52,68,235
03/13/2008,MGM,AL,ASO,ES,Combined TRACON& Tower with Radar,7,31,61,79,178,0,0,39,7,46,7,31,100,86,224,30,232,262,486
03/14/2008,MGM,AL,ASO,ES,Combined TRACON& Tower with Radar,6,27,43,35,111,0,0,15,2,17,6,27,58,37,128,30,10,40,168
03/15/2008,MGM,AL,ASO,ES,Combined TRACON& Tower with Radar,8,16,33,11,68,0,0,9,2,11,8,16,42,13,79,0,0,0,79
03/16/2008,MGM,AL,ASO,ES,Combined TRACON& Tower with Radar,7,21,26,27,81,0,0,39,0,39,7,21,65,27,120,0,6,6,126
03/17/2008,MGM,AL,ASO,ES,Combined TRACON& Tower with Radar,7,25,29,38,99,0,2,20,4,26,7,27,49,42,125,14,16,30,155
03/18/2008,MGM,AL,ASO,ES,Combined TRACON& Tower with Radar,10,22,21,53,106,0,0,14,3,17,10,22,35,56,123,0,98,98,221
03/19/2008,MGM,AL,ASO,ES,Combined TRACON& Tower with Radar,6,23,27,6,62,0,0,10,1,11,6,23,37,7,73,6,0,6,79
03/20/2008,MGM,AL,ASO,ES,Combined TRACON& Tower with Radar,7,33,59,34,133,0,0,45,16,61,7,33,104,50,194,20,78,98,292
03/21/2008,MGM,AL,ASO,ES,Combined TRACON& Tower with Radar,8,19,44,27,98,0,1,34,7,42,8,20,78,34,140,0,44,44,184
03/22/2008,MGM,AL,ASO,ES,Combined TRACON& Tower with Radar,6,20,16,0,42,0,2,47,0,49,6,22,63,0,91,18,0,18,109
03/23/2008,MGM,AL,ASO,ES,Combined TRACON& Tower with Radar,6,17,12,4,39,0,0,34,0,34,6,17,46,4,73,0,9,9,82
03/24/2008,MGM,AL,ASO,ES,Combined TRACON& Tower with Radar,12,24,34,47,117,0,0,41,0,41,12,24,75,47,158,30,50,80,238
03/25/2008,MGM,AL,ASO,ES,Combined TRACON& Tower with Radar,8,24,39,29,100,0,0,43,4,47,8,24,82,33,147,34,54,88,235
03/26/2008,MGM,AL,ASO,ES,Combined TRACON& Tower with Radar,9,28,18,38,93,0,0,36,4,40,9,28,54,42,133,48,40,88,221
03/27/2008,MGM,AL,ASO,ES,Combined TRACON& Tower with Radar,8,24,66,43,141,0,0,52,6,58,8,24,118,49,199,24,44,68,267
03/28/2008,MGM,AL,ASO,ES,Combined TRACON& Tower with Radar,8,26,39,70,143,0,0,22,10,32,8,26,61,80,175,13,18,31,206
03/29/2008,MGM,AL,ASO,ES,Combined TRACON& Tower with Radar,10,18,24,3,55,0,0,16,0,16,10,18,40,3,71,36,0,36,107
03/30/2008,MGM,AL,ASO,ES,Combined TRACON& Tower with Radar,6,28,33,19,86,0,0,17,1,18,6,28,50,20,104,8,0,8,112
03/31/2008,MGM,AL,ASO,ES,Combined TRACON& Tower with Radar,6,28,42,21,97,0,0,5,0,5,6,28,47,21,102,22,6,28,130
04/01/2008,MGM,AL,ASO,ES,Combined TRACON& Tower with Radar,8,21,18,50,97,0,0,2,2,4,8,21,20,52,101,0,6,6,107
04/02/2008,MGM,AL,ASO,ES,Combined TRACON& Tower with Radar,8,23,44,52,127,0,0,29,14,43,8,23,73,66,170,32,50,82,252
04/03/2008,MGM,AL,ASO,ES,Combined TRACON& Tower with Radar,8,24,47,39,118,0,2,28,3,33,8,26,75,42,151,52,52,104,255
04/04/2008,MGM,AL,ASO,ES,Combined TRACON& Tower with Radar,8,20,18,29,75,0,0,1,6,7,8,20,19,35,82,10,16,26,108
04/05/2008,MGM,AL,ASO,ES,Combined TRACON& Tower with Radar,3,14,19,0,36,0,0,1,0,1,3,14,20,0,37,0,0,0,37
04/06/2008,MGM,AL,ASO,ES,Combined TRACON& Tower with Radar,8,20,41,22,91,0,0,25,2,27,8,20,66,24,118,0,0,0,118
04/07/2008,MGM,AL,ASO,ES,Combined TRACON& Tower with Radar,9,23,52,40,124,0,0,43,3,46,9,23,95,43,170,86,56,142,312
04/08/2008,MGM,AL,ASO,ES,Combined TRACON& Tower with Radar,8,22,50,57,137,0,0,17,2,19,8,22,67,59,156,34,38,72,228
04/09/2008,MGM,AL,ASO,ES,Combined TRACON& Tower with Radar,8,32,47,82,169,0,0,32,11,43,8,32,79,93,212,30,160,190,402
04/10/2008,MGM,AL,ASO,ES,Combined TRACON& Tower with Radar,8,29,66,115,218,0,0,14,9,23,8,29,80,124,241,4,104,108,349
04/11/2008,MGM,AL,ASO,ES,Combined TRACON& Tower with Radar,6,24,37,52,119,0,0,14,5,19,6,24,51,57,138,8,65,73,211
04/12/2008,MGM,AL,ASO,ES,Combined TRACON& Tower with Radar,4,21,30,3,58,0,0,28,2,30,4,21,58,5,88,0,0,0,88
04/13/2008,MGM,AL,ASO,ES,Combined TRACON& Tower with Radar,6,25,30,5,66,0,0,38,0,38,6,25,68,5,104,10,0,10,114
04/14/2008,MGM,AL,ASO,ES,Combined TRACON& Tower with Radar,8,27,28,29,92,0,0,26,3,29,8,27,54,32,121,96,48,144,265
04/15/2008,MGM,AL,ASO,ES,Combined TRACON& Tower with Radar,8,26,41,47,122,0,0,41,8,49,8,26,82,55,171,76,26,102,273
04/16/2008,MGM,AL,ASO,ES,Combined TRACON& Tower with Radar,7,34,79,67,187,0,2,49,16,67,7,36,128,83,254,134,96,230,484
04/17/2008,MGM,AL,ASO,ES,Combined TRACON& Tower with Radar,6,36,30,74,146,0,1,43,5,49,6,37,73,79,195,24,96,120,315
04/18/2008,MGM,AL,ASO,ES,Combined TRACON& Tower with Radar,8,26,44,62,140,0,0,35,5,40,8,26,79,67,180,0,88,88,268
04/19/2008,MGM,AL,ASO,ES,Combined TRACON& Tower with Radar,6,19,24,2,51,0,0,42,13,55,6,19,66,15,106,20,8,28,134
04/20/2008,MGM,AL,ASO,ES,Combined TRACON& Tower with Radar,8,20,24,2,54,0,0,26,4,30,8,20,50,6,84,2,1,3,87
04/21/2008,MGM,AL,ASO,ES,Combined TRACON& Tower with Radar,8,23,24,51,106,0,0,38,8,46,8,23,62,59,152,60,47,107,259
04/22/2008,MGM,AL,ASO,ES,Combined TRACON& Tower with Radar,8,32,43,57,140,0,2,34,12,48,8,34,77,69,188,44,88,132,320
04/23/2008,MGM,AL,ASO,ES,Combined TRACON& Tower with Radar,8,29,51,49,137,0,1,22,9,32,8,30,73,58,169,8,84,92,261
04/24/2008,MGM,AL,ASO,ES,Combined TRACON& Tower with Radar,8,22,32,64,126,0,0,27,8,35,8,22,59,72,161,18,82,100,261
04/25/2008,MGM,AL,ASO,ES,Combined TRACON& Tower with Radar,8,29,48,25,110,0,1,31,20,52,8,30,79,45,162,36,8,44,206
04/26/2008,MGM,AL,ASO,ES,Combined TRACON& Tower with Radar,11,23,27,0,61,0,0,11,2,13,11,23,38,2,74,10,8,18,92
04/27/2008,MGM,AL,ASO,ES,Combined TRACON& Tower with Radar,8,23,20,7,58,0,2,11,1,14,8,25,31,8,72,2,12,14,86
04/28/2008,MGM,AL,ASO,ES,Combined TRACON& Tower with Radar,5,27,39,49,120,0,3,14,4,21,5,30,53,53,141,0,17,17,158
04/29/2008,MGM,AL,ASO,ES,Combined TRACON& Tower with Radar,9,22,47,65,143,0,0,41,15,56,9,22,88,80,199,42,148,190,389
04/30/2008,MGM,AL,ASO,ES,Combined TRACON& Tower with Radar,8,24,51,24,107,0,0,48,5,53,8,24,99,29,160,48,58,106,266
05/01/2008,MGM,AL,ASO,ES,Combined TRACON& Tower with Radar,8,25,49,52,134,0,0,37,10,47,8,25,86,62,181,66,100,166,347
05/02/2008,MGM,AL,ASO,ES,Combined TRACON& Tower with Radar,10,24,25,38,97,0,0,16,6,22,10,24,41,44,119,22,44,66,185
05/03/2008,MGM,AL,ASO,ES,Combined TRACON& Tower with Radar,6,17,19,3,45,0,0,11,2,13,6,17,30,5,58,0,15,15,73
05/04/2008,MGM,AL,ASO,ES,Combined TRACON& Tower with Radar,8,21,16,9,54,0,0,22,15,37,8,21,38,24,91,6,0,6,97
05/05/2008,MGM,AL,ASO,ES,Combined TRACON& Tower with Radar,2,30,39,29,100,0,0,31,2,33,2,30,70,31,133,8,20,28,161
05/06/2008,MGM,AL,ASO,ES,Combined TRACON& Tower with Radar,8,25,44,32,109,0,1,33,8,42,8,26,77,40,151,42,56,98,249
05/07/2008,MGM,AL,ASO,ES,Combined TRACON& Tower with Radar,9,24,27,39,99,0,0,45,12,57,9,24,72,51,156,18,74,92,248
05/08/2008,MGM,AL,ASO,ES,Combined TRACON& Tower with Radar,10,24,38,27,99,0,0,19,10,29,10,24,57,37,128,6,28,34,162
05/09/2008,MGM,AL,ASO,ES,Combined TRACON& Tower with Radar,8,25,27,61,121,0,0,35,9,44,8,25,62,70,165,18,80,98,263
05/10/2008,MGM,AL,ASO,ES,Combined TRACON& Tower with Radar,6,18,29,0,53,0,0,11,0,11,6,18,40,0,64,8,0,8,72
05/11/2008,MGM,AL,ASO,ES,Combined TRACON& Tower with Radar,7,21,4,7,39,0,0,2,0,2,7,21,6,7,41,0,0,0,41
05/12/2008,MGM,AL,ASO,ES,Combined TRACON& Tower with Radar,7,29,24,24,84,0,0,39,5,44,7,29,63,29,128,20,64,84,212
05/13/2008,MGM,AL,ASO,ES,Combined TRACON& Tower with Radar,7,24,44,51,126,0,0,40,1,41,7,24,84,52,167,30,20,50,217
05/14/2008,MGM,AL,ASO,ES,Combined TRACON& Tower with Radar,7,19,48,57,131,0,0,37,13,50,7,19,85,70,181,16,10,26,207
05/15/2008,MGM,AL,ASO,ES,Combined TRACON& Tower with Radar,6,23,36,11,76,0,0,6,8,14,6,23,42,19,90,0,4,4,94
05/16/2008,MGM,AL,ASO,ES,Combined TRACON& Tower with Radar,7,26,55,37,125,0,1,17,8,26,7,27,72,45,151,29,76,105,256
05/17/2008,MGM,AL,ASO,ES,Combined TRACON& Tower with Radar,9,17,32,10,68,0,0,45,1,46,9,17,77,11,114,12,16,28,142
05/18/2008,MGM,AL,ASO,ES,Combined TRACON& Tower with Radar,9,17,18,15,59,0,0,26,6,32,9,17,44,21,91,8,10,18,109
05/19/2008,MGM,AL,ASO,ES,Combined TRACON& Tower with Radar,8,24,46,38,116,0,0,32,2,34,8,24,78,40,150,6,114,120,270
05/20/2008,MGM,AL,ASO,ES,Combined TRACON& Tower with Radar,10,23,59,35,127,0,0,20,13,33,10,23,79,48,160,4,50,54,214
05/21/2008,MGM,AL,ASO,ES,Combined TRACON& Tower with Radar,8,24,48,50,130,0,0,38,25,63,8,24,86,75,193,8,48,56,249
05/22/2008,MGM,AL,ASO,ES,Combined TRACON& Tower with Radar,8,27,56,44,135,0,0,24,7,31,8,27,80,51,166,34,84,118,284
05/23/2008,MGM,AL,ASO,ES,Combined TRACON& Tower with Radar,8,21,46,18,93,0,0,16,2,18,8,21,62,20,111,16,10,26,137
05/24/2008,MGM,AL,ASO,ES,Combined TRACON& Tower with Radar,6,17,24,6,53,0,1,21,8,30,6,18,45,14,83,40,0,40,123
05/25/2008,MGM,AL,ASO,ES,Combined TRACON& Tower with Radar,6,18,13,2,39,0,0,12,0,12,6,18,25,2,51,0,0,0,51
05/26/2008,MGM,AL,ASO,ES,Combined TRACON& Tower with Radar,8,30,38,11,87,0,0,18,1,19,8,30,56,12,106,28,18,46,152
05/27/2008,MGM,AL,ASO,ES,Combined TRACON& Tower with Radar,8,28,33,45,114,0,0,37,5,42,8,28,70,50,156,10,137,147,303
05/28/2008,MGM,AL,ASO,ES,Combined TRACON& Tower with Radar,8,23,37,44,112,0,0,31,11,42,8,23,68,55,154,12,112,124,278
05/29/2008,MGM,AL,ASO,ES,Combined TRACON& Tower with Radar,7,23,45,61,136,0,0,25,14,39,7,23,70,75,175,12,112,124,299
05/30/2008,MGM,AL,ASO,ES,Combined TRACON& Tower with Radar,8,24,40,40,112,0,0,32,18,50,8,24,72,58,162,34,96,130,292
05/31/2008,MGM,AL,ASO,ES,Combined TRACON& Tower with Radar,6,18,19,6,49,0,15,35,11,61,6,33,54,17,110,44,26,70,180
06/01/2008,MGM,AL,ASO,ES,Combined TRACON& Tower with Radar,8,26,31,7,72,0,0,19,7,26,8,26,50,14,98,6,14,20,118
06/02/2008,MGM,AL,ASO,ES,Combined TRACON& Tower with Radar,8,22,14,44,88,0,0,12,4,16,8,22,26,48,104,6,77,83,187
06/03/2008,MGM,AL,ASO,ES,Combined TRACON& Tower with Radar,8,24,29,47,108,0,0,19,4,23,8,24,48,51,131,6,34,40,171
06/04/2008,MGM,AL,ASO,ES,Combined TRACON& Tower with Radar,8,24,35,63,130,0,0,38,1,39,8,24,73,64,169,42,56,98,267
06/05/2008,MGM,AL,ASO,ES,Combined TRACON& Tower with Radar,6,30,32,51,119,0,0,25,8,33,6,30,57,59,152,0,90,90,242
06/06/2008,MGM,AL,ASO,ES,Combined TRACON& Tower with Radar,6,27,41,54,128,0,0,37,10,47,6,27,78,64,175,33,124,157,332
06/07/2008,MGM,AL,ASO,ES,Combined TRACON& Tower with Radar,6,18,15,6,45,0,0,30,2,32,6,18,45,8,77,4,32,36,113
06/08/2008,MGM,AL,ASO,ES,Combined TRACON& Tower with Radar,5,25,28,8,66,0,0,38,7,45,5,25,66,15,111,10,0,10,121
06/09/2008,MGM,AL,ASO,ES,Combined TRACON& Tower with Radar,6,29,33,26,94,0,0,25,14,39,6,29,58,40,133,41,0,41,174
06/10/2008,MGM,AL,ASO,ES,Combined TRACON& Tower with Radar,6,30,32,32,100,0,0,18,7,25,6,30,50,39,125,4,98,102,227
06/11/2008,MGM,AL,ASO,ES,Combined TRACON& Tower with Radar,5,27,42,55,129,0,1,23,5,29,5,28,65,60,158,26,102,128,286
06/12/2008,MGM,AL,ASO,ES,Combined TRACON& Tower with Radar,6,23,36,33,98,0,0,45,3,48,6,23,81,36,146,28,44,72,218
06/13/2008,MGM,AL,ASO,ES,Combined TRACON& Tower with Radar,5,24,39,31,99,0,0,27,17,44,5,24,66,48,143,30,80,110,253
06/14/2008,MGM,AL,ASO,ES,Combined TRACON& Tower with Radar,6,18,23,3,50,0,0,9,0,9,6,18,32,3,59,8,8,16,75
06/15/2008,MGM,AL,ASO,ES,Combined TRACON& Tower with Radar,7,27,22,7,63,0,0,19,0,19,7,27,41,7,82,26,0,26,108
06/16/2008,MGM,AL,ASO,ES,Combined TRACON& Tower with Radar,6,25,34,22,87,0,2,38,2,42,6,27,72,24,129,42,74,116,245
06/17/2008,MGM,AL,ASO,ES,Combined TRACON& Tower with Radar,6,26,29,41,102,0,0,33,9,42,6,26,62,50,144,0,18,18,162
06/18/2008,MGM,AL,ASO,ES,Combined TRACON& Tower with Radar,6,30,40,67,143,0,0,37,11,48,6,30,77,78,191,6,27,33,224
06/19/2008,MGM,AL,ASO,ES,Combined TRACON& Tower with Radar,8,28,25,43,104,0,1,28,6,35,8,29,53,49,139,0,74,74,213
06/20/2008,MGM,AL,ASO,ES,Combined TRACON& Tower with Radar,6,27,34,52,119,0,0,40,4,44,6,27,74,56,163,6,47,53,216
06/21/2008,MGM,AL,ASO,ES,Combined TRACON& Tower with Radar,6,18,22,29,75,0,0,20,11,31,6,18,42,40,106,0,36,36,142
06/22/2008,MGM,AL,ASO,ES,Combined TRACON& Tower with Radar,9,22,28,7,66,0,0,24,1,25,9,22,52,8,91,32,0,32,123
06/23/2008,MGM,AL,ASO,ES,Combined TRACON& Tower with Radar,5,30,28,26,89,0,0,41,8,49,5,30,69,34,138,32,12,44,182
06/24/2008,MGM,AL,ASO,ES,Combined TRACON& Tower with Radar,6,25,32,65,128,0,0,24,9,33,6,25,56,74,161,22,166,188,349
06/25/2008,MGM,AL,ASO,ES,Combined TRACON& Tower with Radar,6,25,34,31,96,0,0,28,16,44,6,25,62,47,140,18,80,98,238
06/26/2008,MGM,AL,ASO,ES,Combined TRACON& Tower with Radar,4,31,37,44,116,0,0,24,21,45,4,31,61,65,161,14,65,79,240
06/27/2008,MGM,AL,ASO,ES,Combined TRACON& Tower with Radar,6,25,44,62,137,0,1,28,12,41,6,26,72,74,178,18,44,62,240
06/28/2008,MGM,AL,ASO,ES,Combined TRACON& Tower with Radar,6,19,26,3,54,0,0,24,0,24,6,19,50,3,78,6,0,6,84
06/29/2008,MGM,AL,ASO,ES,Combined TRACON& Tower with Radar,6,24,17,8,55,0,0,6,0,6,6,24,23,8,61,12,10,22,83
06/30/2008,MGM,AL,ASO,ES,Combined TRACON& Tower with Radar,6,25,33,27,91,0,0,38,4,42,6,25,71,31,133,52,12,64,197
07/01/2008,MGM,AL,ASO,ES,Combined TRACON& Tower with Radar,6,25,41,70,142,0,5,42,11,58,6,30,83,81,200,56,60,116,316
07/02/2008,MGM,AL,ASO,ES,Combined TRACON& Tower with Radar,5,29,47,48,129,0,6,34,9,49,5,35,81,57,178,32,28,60,238
07/03/2008,MGM,AL,ASO,ES,Combined TRACON& Tower with Radar,6,25,26,57,114,0,1,34,2,37,6,26,60,59,151,8,78,86,237
07/04/2008,MGM,AL,ASO,ES,Combined TRACON& Tower with Radar,4,13,12,0,29,0,1,15,0,16,4,14,27,0,45,2,0,2,47
07/05/2008,MGM,AL,ASO,ES,Combined TRACON& Tower with Radar,4,18,13,0,35,0,0,7,0,7,4,18,20,0,42,6,0,6,48
07/06/2008,MGM,AL,ASO,ES,Combined TRACON& Tower with Radar,5,24,35,0,64,0,0,13,0,13,5,24,48,0,77,20,0,20,97
07/07/2008,MGM,AL,ASO,ES,Combined TRACON& Tower with Radar,5,24,35,0,64,0,0,13,0,13,5,24,48,0,77,20,0,20,97
07/08/2008,MGM,AL,ASO,ES,Combined TRACON& Tower with Radar,9,24,44,53,130,0,0,17,7,24,9,24,61,60,154,11,64,75,229
07/09/2008,MGM,AL,ASO,ES,Combined TRACON& Tower with Radar,6,27,47,83,163,0,2,21,8,31,6,29,68,91,194,16,102,118,312
07/10/2008,MGM,AL,ASO,ES,Combined TRACON& Tower with Radar,9,26,41,33,109,0,1,36,8,45,9,27,77,41,154,6,4,10,164
07/11/2008,MGM,AL,ASO,ES,Combined TRACON& Tower with Radar,9,22,18,52,101,0,0,15,6,21,9,22,33,58,122,18,46,64,186
07/12/2008,MGM,AL,ASO,ES,Combined TRACON& Tower with Radar,8,20,28,12,68,0,0,33,9,42,8,20,61,21,110,0,2,2,112
07/13/2008,MGM,AL,ASO,ES,Combined TRACON& Tower with Radar,15,22,25,11,73,0,0,9,31,40,15,22,34,42,113,10,16,26,139
07/14/2008,MGM,AL,ASO,ES,Combined TRACON& Tower with Radar,4,27,42,81,154,0,1,27,8,36,4,28,69,89,190,24,64,88,278
07/15/2008,MGM,AL,ASO,ES,Combined TRACON& Tower with Radar,4,27,39,75,145,0,4,27,4,35,4,31,66,79,180,14,74,88,268
07/16/2008,MGM,AL,ASO,ES,Combined TRACON& Tower with Radar,6,31,42,114,193,0,0,26,16,42,6,31,68,130,235,0,94,94,329
07/17/2008,MGM,AL,ASO,ES,Combined TRACON& Tower with Radar,6,30,37,93,166,0,0,26,13,39,6,30,63,106,205,14,76,90,295
07/18/2008,MGM,AL,ASO,ES,Combined TRACON& Tower with Radar,6,25,43,66,140,0,0,31,14,45,6,25,74,80,185,45,76,121,306
07/19/2008,MGM,AL,ASO,ES,Combined TRACON& Tower with Radar,5,17,32,20,74,0,0,33,0,33,5,17,65,20,107,12,2,14,121
07/20/2008,MGM,AL,ASO,ES,Combined TRACON& Tower with Radar,1,25,22,20,68,0,1,19,6,26,1,26,41,26,94,0,0,0,94
07/21/2008,MGM,AL,ASO,ES,Combined TRACON& Tower with Radar,4,31,25,48,108,1,1,30,7,39,5,32,55,55,147,48,81,129,276
07/22/2008,MGM,AL,ASO,ES,Combined TRACON& Tower with Radar,4,26,29,54,113,0,0,22,4,26,4,26,51,58,139,6,62,68,207
07/23/2008,MGM,AL,ASO,ES,Combined TRACON& Tower with Radar,5,24,34,76,139,0,7,27,0,34,5,31,61,76,173,70,110,180,353
07/24/2008,MGM,AL,ASO,ES,Combined TRACON& Tower with Radar,6,25,47,54,132,0,1,23,4,28,6,26,70,58,160,8,22,30,190
07/25/2008,MGM,AL,ASO,ES,Combined TRACON& Tower with Radar,8,28,35,56,127,0,9,12,6,27,8,37,47,62,154,10,110,120,274
07/26/2008,MGM,AL,ASO,ES,Combined TRACON& Tower with Radar,10,18,11,5,44,0,0,13,3,16,10,18,24,8,60,0,0,0,60
07/27/2008,MGM,AL,ASO,ES,Combined TRACON& Tower with Radar,5,25,38,21,89,0,0,5,0,5,5,25,43,21,94,4,10,14,108
07/28/2008,MGM,AL,ASO,ES,Combined TRACON& Tower with Radar,6,29,35,35,105,0,1,31,3,35,6,30,66,38,140,58,58,116,256
07/29/2008,MGM,AL,ASO,ES,Combined TRACON& Tower with Radar,8,39,40,73,160,0,0,26,7,33,8,39,66,80,193,0,38,38,231
07/30/2008,MGM,AL,ASO,ES,Combined TRACON& Tower with Radar,6,28,30,62,126,0,10,11,7,28,6,38,41,69,154,8,79,87,241
07/31/2008,MGM,AL,ASO,ES,Combined TRACON& Tower with Radar,6,24,51,117,198,0,3,21,8,32,6,27,72,125,230,8,138,146,376
08/01/2008,MGM,AL,ASO,ES,Combined TRACON& Tower with Radar,6,27,37,68,138,0,1,21,16,38,6,28,58,84,176,26,24,50,226
08/02/2008,MGM,AL,ASO,ES,Combined TRACON& Tower with Radar,3,28,20,1,52,0,0,12,4,16,3,28,32,5,68,0,0,0,68
08/03/2008,MGM,AL,ASO,ES,Combined TRACON& Tower with Radar,6,19,16,12,53,0,0,7,2,9,6,19,23,14,62,46,4,50,112
08/04/2008,MGM,AL,ASO,ES,Combined TRACON& Tower with Radar,5,26,34,36,101,0,0,25,2,27,5,26,59,38,128,8,58,66,194
08/05/2008,MGM,AL,ASO,ES,Combined TRACON& Tower with Radar,6,24,22,74,126,0,5,17,12,34,6,29,39,86,160,22,120,142,302
08/06/2008,MGM,AL,ASO,ES,Combined TRACON& Tower with Radar,6,26,63,100,195,0,15,23,11,49,6,41,86,111,244,60,116,176,420
08/07/2008,MGM,AL,ASO,ES,Combined TRACON& Tower with Radar,6,24,37,34,101,0,5,23,1,29,6,29,60,35,130,12,34,46,176
08/08/2008,MGM,AL,ASO,ES,Combined TRACON& Tower with Radar,4,23,33,55,115,0,4,20,17,41,4,27,53,72,156,24,38,62,218
08/09/2008,MGM,AL,ASO,ES,Combined TRACON& Tower with Radar,4,20,27,11,62,0,2,22,6,30,4,22,49,17,92,0,0,0,92
08/10/2008,MGM,AL,ASO,ES,Combined TRACON& Tower with Radar,6,25,25,10,66,0,0,15,9,24,6,25,40,19,90,8,0,8,98
08/11/2008,MGM,AL,ASO,ES,Combined TRACON& Tower with Radar,8,33,34,91,166,0,3,13,5,21,8,36,47,96,187,16,196,212,399
08/12/2008,MGM,AL,ASO,ES,Combined TRACON& Tower with Radar,6,25,23,27,81,0,2,0,0,2,6,27,23,27,83,0,0,0,83
08/13/2008,MGM,AL,ASO,ES,Combined TRACON& Tower with Radar,6,25,29,90,150,0,2,18,15,35,6,27,47,105,185,12,36,48,233
08/14/2008,MGM,AL,ASO,ES,Combined TRACON& Tower with Radar,6,31,45,40,122,0,6,27,5,38,6,37,72,45,160,12,28,40,200
08/15/2008,MGM,AL,ASO,ES,Combined TRACON& Tower with Radar,6,26,26,73,131,0,3,45,23,71,6,29,71,96,202,56,60,116,318
08/16/2008,MGM,AL,ASO,ES,Combined TRACON& Tower with Radar,2,21,26,1,50,0,0,16,8,24,2,21,42,9,74,0,6,6,80
08/17/2008,MGM,AL,ASO,ES,Combined TRACON& Tower with Radar,4,28,17,32,81,0,2,21,12,35,4,30,38,44,116,0,14,14,130
08/18/2008,MGM,AL,ASO,ES,Combined TRACON& Tower with Radar,5,31,29,19,84,0,3,21,0,24,5,34,50,19,108,40,0,40,148
08/19/2008,MGM,AL,ASO,ES,Combined TRACON& Tower with Radar,8,27,37,93,165,0,12,27,8,47,8,39,64,101,212,38,144,182,394
08/20/2008,MGM,AL,ASO,ES,Combined TRACON& Tower with Radar,6,21,38,120,185,0,0,29,6,35,6,21,67,126,220,12,68,80,300
08/21/2008,MGM,AL,ASO,ES,Combined TRACON& Tower with Radar,6,25,47,89,167,0,2,19,3,24,6,27,66,92,191,0,72,72,263
08/22/2008,MGM,AL,ASO,ES,Combined TRACON& Tower with Radar,6,24,36,23,89,0,1,9,5,15,6,25,45,28,104,26,56,82,186
08/23/2008,MGM,AL,ASO,ES,Combined TRACON& Tower with Radar,6,19,10,0,35,0,0,0,0,0,6,19,10,0,35,0,0,0,35
08/24/2008,MGM,AL,ASO,ES,Combined TRACON& Tower with Radar,8,19,18,0,45,0,0,4,0,4,8,19,22,0,49,8,0,8,57
08/25/2008,MGM,AL,ASO,ES,Combined TRACON& Tower with Radar,8,23,15,2,48,0,0,0,0,0,8,23,15,2,48,0,0,0,48
08/26/2008,MGM,AL,ASO,ES,Combined TRACON& Tower with Radar,7,21,39,34,101,0,0,4,2,6,7,21,43,36,107,0,28,28,135
08/27/2008,MGM,AL,ASO,ES,Combined TRACON& Tower with Radar,9,31,35,35,110,0,3,19,0,22,9,34,54,35,132,8,26,34,166
08/28/2008,MGM,AL,ASO,ES,Combined TRACON& Tower with Radar,6,27,60,45,138,0,2,28,5,35,6,29,88,50,173,50,62,112,285
08/29/2008,MGM,AL,ASO,ES,Combined TRACON& Tower with Radar,8,31,51,15,105,0,1,58,0,59,8,32,109,15,164,16,18,34,198
08/30/2008,MGM,AL,ASO,ES,Combined TRACON& Tower with Radar,4,18,23,0,45,0,4,19,3,26,4,22,42,3,71,22,0,22,93
08/31/2008,MGM,AL,ASO,ES,Combined TRACON& Tower with Radar,6,18,34,6,64,0,4,26,24,54,6,22,60,30,118,0,0,0,118
09/01/2008,MGM,AL,ASO,ES,Combined TRACON& Tower with Radar,9,20,12,0,41,0,1,2,2,5,9,21,14,2,46,0,0,0,46
09/02/2008,MGM,AL,ASO,ES,Combined TRACON& Tower with Radar,2,29,23,36,90,0,1,15,48,64,2,30,38,84,154,0,182,182,336
09/03/2008,MGM,AL,ASO,ES,Combined TRACON& Tower with Radar,2,28,36,70,136,0,2,31,6,39,2,30,67,76,175,46,108,154,329
09/04/2008,MGM,AL,ASO,ES,Combined TRACON& Tower with Radar,2,28,36,52,118,0,2,26,3,31,2,30,62,55,149,16,138,154,303
09/05/2008,MGM,AL,ASO,ES,Combined TRACON& Tower with Radar,2,28,35,95,160,0,4,28,6,38,2,32,63,101,198,2,126,128,326
09/06/2008,MGM,AL,ASO,ES,Combined TRACON& Tower with Radar,1,15,37,17,70,0,1,9,2,12,1,16,46,19,82,0,0,0,82
09/07/2008,MGM,AL,ASO,ES,Combined TRACON& Tower with Radar,2,24,26,34,86,0,0,22,5,27,2,24,48,39,113,0,0,0,113
09/08/2008,MGM,AL,ASO,ES,Combined TRACON& Tower with Radar,2,24,34,67,127,0,0,5,6,11,2,24,39,73,138,26,94,120,258
09/09/2008,MGM,AL,ASO,ES,Combined TRACON& Tower with Radar,2,27,33,23,85,0,2,13,0,15,2,29,46,23,100,6,8,14,114
09/10/2008,MGM,AL,ASO,ES,Combined TRACON& Tower with Radar,2,26,38,83,149,0,11,21,15,47,2,37,59,98,196,18,180,198,394
09/11/2008,MGM,AL,ASO,ES,Combined TRACON& Tower with Radar,2,26,47,63,138,0,1,16,7,24,2,27,63,70,162,24,34,58,220
09/12/2008,MGM,AL,ASO,ES,Combined TRACON& Tower with Radar,2,24,46,121,193,0,4,13,12,29,2,28,59,133,222,20,60,80,302
09/13/2008,MGM,AL,ASO,ES,Combined TRACON& Tower with Radar,2,16,20,41,79,0,0,21,7,28,2,16,41,48,107,0,26,26,133
09/14/2008,MGM,AL,ASO,ES,Combined TRACON& Tower with Radar,2,23,25,19,69,0,0,11,0,11,2,23,36,19,80,0,6,6,86
09/15/2008,MGM,AL,ASO,ES,Combined TRACON& Tower with Radar,2,24,26,39,91,0,2,6,0,8,2,26,32,39,99,8,14,22,121
09/16/2008,MGM,AL,ASO,ES,Combined TRACON& Tower with Radar,2,28,26,45,101,0,1,39,7,47,2,29,65,52,148,20,52,72,220
09/17/2008,MGM,AL,ASO,ES,Combined TRACON& Tower with Radar,2,26,58,70,156,0,0,12,9,21,2,26,70,79,177,0,8,8,185
09/18/2008,MGM,AL,ASO,ES,Combined TRACON& Tower with Radar,2,28,52,44,126,0,2,28,2,32,2,30,80,46,158,10,56,66,224
09/19/2008,MGM,AL,ASO,ES,Combined TRACON& Tower with Radar,4,25,50,77,156,0,3,29,6,38,4,28,79,83,194,14,26,40,234
09/20/2008,MGM,AL,ASO,ES,Combined TRACON& Tower with Radar,3,17,51,10,81,0,2,28,4,34,3,19,79,14,115,2,0,2,117
09/21/2008,MGM,AL,ASO,ES,Combined TRACON& Tower with Radar,2,24,22,24,72,0,0,20,11,31,2,24,42,35,103,20,0,20,123
09/22/2008,MGM,AL,ASO,ES,Combined TRACON& Tower with Radar,2,29,41,46,118,0,3,28,1,32,2,32,69,47,150,34,58,92,242
09/23/2008,MGM,AL,ASO,ES,Combined TRACON& Tower with Radar,2,24,34,79,139,0,4,48,30,82,2,28,82,109,221,22,136,158,379
09/24/2008,MGM,AL,ASO,ES,Combined TRACON& Tower with Radar,2,28,33,107,170,0,2,38,4,44,2,30,71,111,214,94,76,170,384
09/25/2008,MGM,AL,ASO,ES,Combined TRACON& Tower with Radar,2,25,42,48,117,0,8,42,5,55,2,33,84,53,172,16,152,168,340
09/26/2008,MGM,AL,ASO,ES,Combined TRACON& Tower with Radar,4,28,39,51,122,0,5,38,4,47,4,33,77,55,169,68,78,146,315
09/27/2008,MGM,AL,ASO,ES,Combined TRACON& Tower with Radar,2,18,16,2,38,0,10,23,4,37,2,28,39,6,75,12,0,12,87
09/28/2008,MGM,AL,ASO,ES,Combined TRACON& Tower with Radar,2,22,27,9,60,0,1,26,2,29,2,23,53,11,89,0,0,0,89
09/29/2008,MGM,AL,ASO,ES,Combined TRACON& Tower with Radar,2,26,33,51,112,0,4,29,2,35,2,30,62,53,147,20,30,50,197
09/30/2008,MGM,AL,ASO,ES,Combined TRACON& Tower with Radar,2,28,31,67,128,0,3,28,1,32,2,31,59,68,160,16,134,150,310
10/01/2008,MGM,AL,ASO,ES,Combined TRACON& Tower with Radar,4,34,36,111,185,0,3,22,10,35,4,37,58,121,220,6,118,124,344
10/02/2008,MGM,AL,ASO,ES,Combined TRACON& Tower with Radar,4,28,45,49,126,0,1,32,3,36,4,29,77,52,162,14,122,136,298
10/03/2008,MGM,AL,ASO,ES,Combined TRACON& Tower with Radar,4,26,37,82,149,0,5,36,5,46,4,31,73,87,195,14,66,80,275
10/04/2008,MGM,AL,ASO,ES,Combined TRACON& Tower with Radar,7,20,18,2,47,0,2,28,18,48,7,22,46,20,95,18,0,18,113
10/05/2008,MGM,AL,ASO,ES,Combined TRACON& Tower with Radar,4,19,25,28,76,0,1,21,6,28,4,20,46,34,104,0,0,0,104
10/06/2008,MGM,AL,ASO,ES,Combined TRACON& Tower with Radar,5,25,25,57,112,0,1,26,6,33,5,26,51,63,145,8,42,50,195
10/07/2008,MGM,AL,ASO,ES,Combined TRACON& Tower with Radar,4,21,50,37,112,0,4,6,1,11,4,25,56,38,123,18,26,44,167
10/08/2008,MGM,AL,ASO,ES,Combined TRACON& Tower with Radar,1,27,33,26,87,0,1,2,1,4,1,28,35,27,91,2,12,14,105
10/09/2008,MGM,AL,ASO,ES,Combined TRACON& Tower with Radar,4,25,42,74,145,0,2,19,3,24,4,27,61,77,169,24,54,78,247
10/10/2008,MGM,AL,ASO,ES,Combined TRACON& Tower with Radar,7,29,35,43,114,0,4,14,3,21,7,33,49,46,135,34,34,68,203
10/11/2008,MGM,AL,ASO,ES,Combined TRACON& Tower with Radar,4,22,36,0,62,0,1,18,3,22,4,23,54,3,84,20,0,20,104
10/12/2008,MGM,AL,ASO,ES,Combined TRACON& Tower with Radar,4,25,20,3,52,0,2,2,0,4,4,27,22,3,56,0,0,0,56
10/13/2008,MGM,AL,ASO,ES,Combined TRACON& Tower with Radar,4,22,36,4,66,0,6,8,2,16,4,28,44,6,82,4,0,4,86
10/14/2008,MGM,AL,ASO,ES,Combined TRACON& Tower with Radar,1,25,24,52,102,0,11,17,1,29,1,36,41,53,131,92,32,124,255
10/15/2008,MGM,AL,ASO,ES,Combined TRACON& Tower with Radar,4,23,34,68,129,0,6,25,8,39,4,29,59,76,168,136,112,248,416
10/16/2008,MGM,AL,ASO,ES,Combined TRACON& Tower with Radar,2,29,34,85,150,0,4,20,3,27,2,33,54,88,177,80,230,310,487
10/17/2008,MGM,AL,ASO,ES,Combined TRACON& Tower with Radar,3,25,30,22,80,0,0,3,1,4,3,25,33,23,84,0,12,12,96
10/18/2008,MGM,AL,ASO,ES,Combined TRACON& Tower with Radar,4,18,21,11,54,0,0,27,0,27,4,18,48,11,81,0,0,0,81
10/19/2008,MGM,AL,ASO,ES,Combined TRACON& Tower with Radar,3,20,37,27,87,0,0,33,5,38,3,20,70,32,125,2,0,2,127
10/20/2008,MGM,AL,ASO,ES,Combined TRACON& Tower with Radar,4,21,37,29,91,0,0,22,5,27,4,21,59,34,118,6,36,42,160
10/21/2008,MGM,AL,ASO,ES,Combined TRACON& Tower with Radar,7,21,22,77,127,0,6,18,3,27,7,27,40,80,154,0,164,164,318
10/22/2008,MGM,AL,ASO,ES,Combined TRACON& Tower with Radar,3,26,43,96,168,0,6,23,11,40,3,32,66,107,208,50,234,284,492
10/23/2008,MGM,AL,ASO,ES,Combined TRACON& Tower with Radar,4,24,49,77,154,0,0,3,5,8,4,24,52,82,162,16,114,130,292
10/24/2008,MGM,AL,ASO,ES,Combined TRACON& Tower with Radar,1,29,36,27,93,0,0,0,8,8,1,29,36,35,101,0,0,0,101
10/25/2008,MGM,AL,ASO,ES,Combined TRACON& Tower with Radar,5,17,28,7,57,0,0,29,3,32,5,17,57,10,89,14,0,14,103
10/26/2008,MGM,AL,ASO,ES,Combined TRACON& Tower with Radar,7,20,26,8,61,0,2,26,8,36,7,22,52,16,97,0,0,0,97
10/27/2008,MGM,AL,ASO,ES,Combined TRACON& Tower with Radar,4,23,28,65,120,0,1,15,2,18,4,24,43,67,138,0,32,32,170
10/28/2008,MGM,AL,ASO,ES,Combined TRACON& Tower with Radar,2,24,35,77,138,0,3,29,2,34,2,27,64,79,172,0,50,50,222
10/29/2008,MGM,AL,ASO,ES,Combined TRACON& Tower with Radar,4,26,39,60,129,0,0,37,0,37,4,26,76,60,166,32,64,96,262
10/30/2008,MGM,AL,ASO,ES,Combined TRACON& Tower with Radar,4,24,56,27,111,0,2,31,12,45,4,26,87,39,156,44,66,110,266
10/31/2008,MGM,AL,ASO,ES,Combined TRACON& Tower with Radar,3,22,30,60,115,0,2,26,4,32,3,24,56,64,147,26,32,58,205
11/01/2008,MGM,AL,ASO,ES,Combined TRACON& Tower with Radar,0,24,20,16,60,0,0,23,14,37,0,24,43,30,97,6,20,26,123
11/02/2008,MGM,AL,ASO,ES,Combined TRACON& Tower with Radar,3,23,16,6,48,0,0,26,1,27,3,23,42,7,75,10,0,10,85
11/03/2008,MGM,AL,ASO,ES,Combined TRACON& Tower with Radar,3,25,41,42,111,0,0,21,2,23,3,25,62,44,134,10,88,98,232
11/04/2008,MGM,AL,ASO,ES,Combined TRACON& Tower with Radar,3,22,44,81,150,0,0,19,0,19,3,22,63,81,169,36,100,136,305
11/05/2008,MGM,AL,ASO,ES,Combined TRACON& Tower with Radar,0,26,36,85,147,0,6,29,10,45,0,32,65,95,192,72,160,232,424
11/06/2008,MGM,AL,ASO,ES,Combined TRACON& Tower with Radar,0,25,32,136,193,0,0,25,5,30,0,25,57,141,223,12,100,112,335
11/07/2008,MGM,AL,ASO,ES,Combined TRACON& Tower with Radar,0,27,31,36,94,0,2,6,2,10,0,29,37,38,104,0,30,30,134
11/08/2008,MGM,AL,ASO,ES,Combined TRACON& Tower with Radar,0,25,14,3,42,0,0,25,0,25,0,25,39,3,67,2,0,2,69
11/09/2008,MGM,AL,ASO,ES,Combined TRACON& Tower with Radar,0,27,16,13,56,0,1,34,1,36,0,28,50,14,92,0,0,0,92
11/10/2008,MGM,AL,ASO,ES,Combined TRACON& Tower with Radar,0,30,37,30,97,0,2,30,2,34,0,32,67,32,131,6,102,108,239
11/11/2008,MGM,AL,ASO,ES,Combined TRACON& Tower with Radar,2,25,21,6,54,0,3,33,0,36,2,28,54,6,90,29,0,29,119
11/12/2008,MGM,AL,ASO,ES,Combined TRACON& Tower with Radar,2,26,38,98,164,0,0,13,4,17,2,26,51,102,181,0,176,176,357
11/13/2008,MGM,AL,ASO,ES,Combined TRACON& Tower with Radar,10,29,43,54,136,0,0,3,0,3,10,29,46,54,139,2,10,12,151
11/14/2008,MGM,AL,ASO,ES,Combined TRACON& Tower with Radar,0,28,49,55,132,0,0,4,13,17,0,28,53,68,149,0,42,42,191
11/15/2008,MGM,AL,ASO,ES,Combined TRACON& Tower with Radar,0,22,12,25,59,0,0,7,10,17,0,22,19,35,76,0,0,0,76
11/16/2008,MGM,AL,ASO,ES,Combined TRACON& Tower with Radar,2,21,31,15,69,0,0,30,8,38,2,21,61,23,107,12,0,12,119
11/17/2008,MGM,AL,ASO,ES,Combined TRACON& Tower with Radar,0,27,38,64,129,0,0,13,5,18,0,27,51,69,147,12,72,84,231
11/18/2008,MGM,AL,ASO,ES,Combined TRACON& Tower with Radar,2,23,34,150,209,0,0,23,5,28,2,23,57,155,237,22,160,182,419
11/19/2008,MGM,AL,ASO,ES,Combined TRACON& Tower with Radar,0,36,56,78,170,0,1,18,12,31,0,37,74,90,201,16,154,170,371
11/20/2008,MGM,AL,ASO,ES,Combined TRACON& Tower with Radar,0,30,37,38,105,0,5,30,7,42,0,35,67,45,147,18,94,112,259
11/21/2008,MGM,AL,ASO,ES,Combined TRACON& Tower with Radar,3,36,38,71,148,0,7,22,14,43,3,43,60,85,191,26,66,92,283
11/22/2008,MGM,AL,ASO,ES,Combined TRACON& Tower with Radar,9,26,23,1,59,0,0,25,1,26,9,26,48,2,85,18,0,18,103
11/23/2008,MGM,AL,ASO,ES,Combined TRACON& Tower with Radar,0,26,19,12,57,0,0,17,1,18,0,26,36,13,75,22,0,22,97
11/24/2008,MGM,AL,ASO,ES,Combined TRACON& Tower with Radar,2,30,18,32,82,0,2,5,1,8,2,32,23,33,90,8,28,36,126
11/25/2008,MGM,AL,ASO,ES,Combined TRACON& Tower with Radar,0,25,24,100,149,0,1,27,9,37,0,26,51,109,186,8,76,84,270
11/26/2008,MGM,AL,ASO,ES,Combined TRACON& Tower with Radar,0,29,13,84,126,0,8,37,5,50,0,37,50,89,176,16,168,184,360
11/27/2008,MGM,AL,ASO,ES,Combined TRACON& Tower with Radar,0,16,9,0,25,0,0,11,1,12,0,16,20,1,37,14,0,14,51
11/28/2008,MGM,AL,ASO,ES,Combined TRACON& Tower with Radar,0,22,11,0,33,0,0,0,0,0,0,22,11,0,33,0,0,0,33
11/29/2008,MGM,AL,ASO,ES,Combined TRACON& Tower with Radar,2,27,16,0,45,0,0,3,0,3,2,27,19,0,48,0,0,0,48
11/30/2008,MGM,AL,ASO,ES,Combined TRACON& Tower with Radar,0,28,28,0,56,0,0,9,0,9,0,28,37,0,65,12,0,12,77
12/01/2008,MGM,AL,ASO,ES,Combined TRACON& Tower with Radar,2,30,15,46,93,0,0,8,0,8,2,30,23,46,101,0,0,0,101
12/02/2008,MGM,AL,ASO,ES,Combined TRACON& Tower with Radar,2,24,42,66,134,0,3,67,7,77,2,27,109,73,211,40,62,102,313
12/03/2008,MGM,AL,ASO,ES,Combined TRACON& Tower with Radar,1,30,43,48,122,0,6,35,6,47,1,36,78,54,169,21,88,109,278
12/04/2008,MGM,AL,ASO,ES,Combined TRACON& Tower with Radar,0,31,41,19,91,0,0,9,0,9,0,31,50,19,100,0,0,0,100
12/05/2008,MGM,AL,ASO,ES,Combined TRACON& Tower with Radar,3,25,20,48,96,0,3,27,14,44,3,28,47,62,140,32,180,212,352
12/06/2008,MGM,AL,ASO,ES,Combined TRACON& Tower with Radar,0,26,10,1,37,0,1,20,5,26,0,27,30,6,63,14,0,14,77
12/07/2008,MGM,AL,ASO,ES,Combined TRACON& Tower with Radar,2,21,15,4,42,0,0,25,0,25,2,21,40,4,67,0,0,0,67
12/08/2008,MGM,AL,ASO,ES,Combined TRACON& Tower with Radar,2,25,31,38,96,0,1,18,6,25,2,26,49,44,121,4,38,42,163
12/09/2008,MGM,AL,ASO,ES,Combined TRACON& Tower with Radar,0,24,33,72,129,0,2,3,0,5,0,26,36,72,134,20,88,108,242
12/10/2008,MGM,AL,ASO,ES,Combined TRACON& Tower with Radar,6,24,13,13,56,0,0,0,0,0,6,24,13,13,56,0,0,0,56
12/11/2008,MGM,AL,ASO,ES,Combined TRACON& Tower with Radar,0,28,25,39,92,0,0,1,2,3,0,28,26,41,95,0,0,0,95
12/12/2008,MGM,AL,ASO,ES,Combined TRACON& Tower with Radar,0,31,27,56,114,0,5,26,17,48,0,36,53,73,162,20,62,82,244
12/13/2008,MGM,AL,ASO,ES,Combined TRACON& Tower with Radar,0,23,9,10,42,0,8,37,16,61,0,31,46,26,103,18,0,18,121
12/14/2008,MGM,AL,ASO,ES,Combined TRACON& Tower with Radar,0,29,32,21,82,0,0,12,9,21,0,29,44,30,103,0,0,0,103
12/15/2008,MGM,AL,ASO,ES,Combined TRACON& Tower with Radar,2,22,36,46,106,0,0,6,1,7,2,22,42,47,113,22,136,158,271
12/16/2008,MGM,AL,ASO,ES,Combined TRACON& Tower with Radar,2,28,24,28,82,0,0,2,0,2,2,28,26,28,84,0,8,8,92
12/17/2008,MGM,AL,ASO,ES,Combined TRACON& Tower with Radar,0,26,39,76,141,0,4,9,9,22,0,30,48,85,163,0,26,26,189
12/18/2008,MGM,AL,ASO,ES,Combined TRACON& Tower with Radar,0,29,29,75,133,0,0,17,3,20,0,29,46,78,153,28,34,62,215
12/19/2008,MGM,AL,ASO,ES,Combined TRACON& Tower with Radar,0,35,32,66,133,0,1,10,6,17,0,36,42,72,150,0,34,34,184
12/20/2008,MGM,AL,ASO,ES,Combined TRACON& Tower with Radar,0,21,9,13,43,0,0,5,1,6,0,21,14,14,49,12,0,12,61
12/21/2008,MGM,AL,ASO,ES,Combined TRACON& Tower with Radar,0,20,11,7,38,0,0,8,2,10,0,20,19,9,48,0,0,0,48
12/22/2008,MGM,AL,ASO,ES,Combined TRACON& Tower with Radar,0,24,38,47,109,0,0,32,2,34,0,24,70,49,143,30,10,40,183
12/23/2008,MGM,AL,ASO,ES,Combined TRACON& Tower with Radar,0,26,27,39,92,0,0,18,6,24,0,26,45,45,116,6,82,88,204
12/24/2008,MGM,AL,ASO,ES,Combined TRACON& Tower with Radar,0,19,4,12,35,0,0,3,2,5,0,19,7,14,40,0,2,2,42
12/25/2008,MGM,AL,ASO,ES,Combined TRACON& Tower with Radar,0,19,12,0,31,0,0,0,0,0,0,19,12,0,31,0,0,0,31
12/26/2008,MGM,AL,ASO,ES,Combined TRACON& Tower with Radar,0,24,39,8,71,0,0,3,0,3,0,24,42,8,74,0,0,0,74
12/27/2008,MGM,AL,ASO,ES,Combined TRACON& Tower with Radar,0,23,18,0,41,0,0,0,0,0,0,23,18,0,41,6,0,6,47
12/28/2008,MGM,AL,ASO,ES,Combined TRACON& Tower with Radar,0,22,14,2,38,0,0,0,0,0,0,22,14,2,38,0,0,0,38
12/29/2008,MGM,AL,ASO,ES,Combined TRACON& Tower with Radar,0,26,24,36,86,0,2,22,4,28,0,28,46,40,114,20,24,44,158
12/30/2008,MGM,AL,ASO,ES,Combined TRACON& Tower with Radar,0,24,31,21,76,0,0,36,3,39,0,24,67,24,115,22,0,22,137
12/31/2008,MGM,AL,ASO,ES,Combined TRACON& Tower with Radar,0,22,23,11,56,0,0,12,0,12,0,22,35,11,68,18,4,22,90
01/01/2009,MGM,AL,ASO,ES,Combined TRACON& Tower with Radar,0,22,17,0,39,0,0,21,0,21,0,22,38,0,60,0,0,0,60
01/02/2009,MGM,AL,ASO,ES,Combined TRACON& Tower with Radar,0,28,23,12,63,0,1,2,0,3,0,29,25,12,66,6,8,14,80
01/03/2009,MGM,AL,ASO,ES,Combined TRACON& Tower with Radar,7,37,21,0,65,0,0,1,0,1,7,37,22,0,66,0,0,0,66
01/04/2009,MGM,AL,ASO,ES,Combined TRACON& Tower with Radar,0,20,40,0,60,0,0,7,0,7,0,20,47,0,67,0,0,0,67
01/05/2009,MGM,AL,ASO,ES,Combined TRACON& Tower with Radar,0,30,33,46,109,0,0,1,0,1,0,30,34,46,110,0,0,0,110
01/06/2009,MGM,AL,ASO,ES,Combined TRACON& Tower with Radar,1,30,21,19,71,0,0,1,0,1,1,30,22,19,72,0,0,0,72
01/07/2009,MGM,AL,ASO,ES,Combined TRACON& Tower with Radar,0,32,28,51,111,0,2,24,8,34,0,34,52,59,145,10,67,77,222
01/08/2009,MGM,AL,ASO,ES,Combined TRACON& Tower with Radar,0,28,68,61,157,0,3,38,5,46,0,31,106,66,203,30,54,84,287
01/09/2009,MGM,AL,ASO,ES,Combined TRACON& Tower with Radar,0,29,38,87,154,0,2,37,25,64,0,31,75,112,218,14,156,170,388
01/10/2009,MGM,AL,ASO,ES,Combined TRACON& Tower with Radar,0,22,21,24,67,0,0,5,0,5,0,22,26,24,72,1,57,58,130
01/11/2009,MGM,AL,ASO,ES,Combined TRACON& Tower with Radar,0,20,30,20,70,0,0,1,3,4,0,20,31,23,74,0,0,0,74
01/12/2009,MGM,AL,ASO,ES,Combined TRACON& Tower with Radar,0,26,19,40,85,0,3,22,6,31,0,29,41,46,116,60,2,62,178
01/13/2009,MGM,AL,ASO,ES,Combined TRACON& Tower with Radar,0,24,30,93,147,0,0,28,17,45,0,24,58,110,192,2,72,74,266
01/14/2009,MGM,AL,ASO,ES,Combined TRACON& Tower with Radar,0,27,40,88,155,0,6,22,7,35,0,33,62,95,190,26,98,124,314
01/15/2009,MGM,AL,ASO,ES,Combined TRACON& Tower with Radar,0,27,40,47,114,0,2,16,7,25,0,29,56,54,139,0,52,52,191
01/16/2009,MGM,AL,ASO,ES,Combined TRACON& Tower with Radar,0,24,28,23,75,0,0,21,4,25,0,24,49,27,100,26,30,56,156
01/17/2009,MGM,AL,ASO,ES,Combined TRACON& Tower with Radar,0,20,16,12,48,0,0,20,5,25,0,20,36,17,73,0,0,0,73
01/18/2009,MGM,AL,ASO,ES,Combined TRACON& Tower with Radar,2,18,29,7,56,0,2,16,0,18,2,20,45,7,74,14,0,14,88
01/19/2009,MGM,AL,ASO,ES,Combined TRACON& Tower with Radar,0,26,31,18,75,0,0,14,7,21,0,26,45,25,96,4,22,26,122
01/20/2009,MGM,AL,ASO,ES,Combined TRACON& Tower with Radar,0,29,28,33,90,0,2,20,3,25,0,31,48,36,115,2,14,16,131
01/21/2009,MGM,AL,ASO,ES,Combined TRACON& Tower with Radar,0,27,53,43,123,0,0,31,7,38,0,27,84,50,161,18,32,50,211
01/22/2009,MGM,AL,ASO,ES,Combined TRACON& Tower with Radar,0,25,41,65,131,0,5,33,7,45,0,30,74,72,176,0,62,62,238
01/23/2009,MGM,AL,ASO,ES,Combined TRACON& Tower with Radar,0,30,32,66,128,0,0,19,11,30,0,30,51,77,158,20,44,64,222
01/24/2009,MGM,AL,ASO,ES,Combined TRACON& Tower with Radar,0,20,11,25,56,0,0,2,0,2,0,20,13,25,58,0,0,0,58
01/25/2009,MGM,AL,ASO,ES,Combined TRACON& Tower with Radar,0,23,38,19,80,0,0,12,2,14,0,23,50,21,94,16,0,16,110
01/26/2009,MGM,AL,ASO,ES,Combined TRACON& Tower with Radar,6,26,20,43,95,0,1,14,4,19,6,27,34,47,114,36,44,80,194
01/27/2009,MGM,AL,ASO,ES,Combined TRACON& Tower with Radar,0,29,29,65,123,0,7,15,5,27,0,36,44,70,150,18,64,82,232
01/28/2009,MGM,AL,ASO,ES,Combined TRACON& Tower with Radar,1,31,13,62,107,0,4,0,0,4,1,35,13,62,111,0,12,12,123
01/29/2009,MGM,AL,ASO,ES,Combined TRACON& Tower with Radar,0,26,52,107,185,0,0,33,12,45,0,26,85,119,230,66,100,166,396
01/30/2009,MGM,AL,ASO,ES,Combined TRACON& Tower with Radar,0,33,26,87,146,0,2,22,9,33,0,35,48,96,179,4,106,110,289
01/31/2009,MGM,AL,ASO,ES,Combined TRACON& Tower with Radar,0,20,26,1,47,0,2,38,0,40,0,22,64,1,87,30,0,30,117
02/01/2009,MGM,AL,ASO,ES,Combined TRACON& Tower with Radar,0,22,23,7,52,0,0,20,0,20,0,22,43,7,72,6,0,6,78
02/02/2009,MGM,AL,ASO,ES,Combined TRACON& Tower with Radar,0,24,21,6,51,0,0,1,0,1,0,24,22,6,52,10,10,20,72
02/03/2009,MGM,AL,ASO,ES,Combined TRACON& Tower with Radar,0,24,29,92,145,0,1,21,13,35,0,25,50,105,180,12,32,44,224
02/04/2009,MGM,AL,ASO,ES,Combined TRACON& Tower with Radar,0,24,17,103,144,0,3,25,10,38,0,27,42,113,182,4,66,70,252
02/05/2009,MGM,AL,ASO,ES,Combined TRACON& Tower with Radar,0,24,45,84,153,0,1,30,4,35,0,25,75,88,188,10,80,90,278
02/06/2009,MGM,AL,ASO,ES,Combined TRACON& Tower with Radar,0,29,48,97,174,0,3,32,10,45,0,32,80,107,219,44,100,144,363
02/07/2009,MGM,AL,ASO,ES,Combined TRACON& Tower with Radar,2,18,18,38,76,0,1,43,3,47,2,19,61,41,123,16,64,80,203
02/08/2009,MGM,AL,ASO,ES,Combined TRACON& Tower with Radar,0,22,42,21,85,0,0,28,11,39,0,22,70,32,124,30,12,42,166
02/09/2009,MGM,AL,ASO,ES,Combined TRACON& Tower with Radar,0,25,21,45,91,0,0,10,3,13,0,25,31,48,104,6,30,36,140
02/10/2009,MGM,AL,ASO,ES,Combined TRACON& Tower with Radar,0,26,31,91,148,0,0,16,7,23,0,26,47,98,171,24,128,152,323
02/11/2009,MGM,AL,ASO,ES,Combined TRACON& Tower with Radar,0,30,24,20,74,0,2,1,0,3,0,32,25,20,77,0,6,6,83
02/12/2009,MGM,AL,ASO,ES,Combined TRACON& Tower with Radar,0,27,43,75,145,0,2,22,3,27,0,29,65,78,172,24,38,62,234
02/13/2009,MGM,AL,ASO,ES,Combined TRACON& Tower with Radar,0,28,39,39,106,0,3,20,8,31,0,31,59,47,137,6,10,16,153
02/14/2009,MGM,AL,ASO,ES,Combined TRACON& Tower with Radar,0,17,17,4,38,0,0,2,0,2,0,17,19,4,40,8,0,8,48
02/15/2009,MGM,AL,ASO,ES,Combined TRACON& Tower with Radar,0,23,21,8,52,0,0,13,2,15,0,23,34,10,67,0,0,0,67
02/16/2009,MGM,AL,ASO,ES,Combined TRACON& Tower with Radar,0,28,27,0,55,0,0,20,0,20,0,28,47,0,75,14,0,14,89
02/17/2009,MGM,AL,ASO,ES,Combined TRACON& Tower with Radar,0,27,30,36,93,0,2,18,3,23,0,29,48,39,116,16,34,50,166
02/18/2009,MGM,AL,ASO,ES,Combined TRACON& Tower with Radar,4,26,37,17,84,0,0,4,0,4,4,26,41,17,88,16,10,26,114
02/19/2009,MGM,AL,ASO,ES,Combined TRACON& Tower with Radar,0,31,37,84,152,1,3,16,7,27,1,34,53,91,179,16,34,50,229
02/20/2009,MGM,AL,ASO,ES,Combined TRACON& Tower with Radar,0,25,39,64,128,0,0,24,11,35,0,25,63,75,163,30,42,72,235
02/21/2009,MGM,AL,ASO,ES,Combined TRACON& Tower with Radar,0,17,26,3,46,0,0,28,19,47,0,17,54,22,93,8,0,8,101
02/22/2009,MGM,AL,ASO,ES,Combined TRACON& Tower with Radar,0,24,27,23,74,0,1,10,5,16,0,25,37,28,90,0,0,0,90
02/23/2009,MGM,AL,ASO,ES,Combined TRACON& Tower with Radar,0,26,29,52,107,0,0,22,7,29,0,26,51,59,136,12,62,74,210
02/24/2009,MGM,AL,ASO,ES,Combined TRACON& Tower with Radar,0,27,50,35,112,0,3,27,0,30,0,30,77,35,142,10,64,74,216
02/25/2009,MGM,AL,ASO,ES,Combined TRACON& Tower with Radar,0,28,39,49,116,0,2,18,13,33,0,30,57,62,149,6,136,142,291
02/26/2009,MGM,AL,ASO,ES,Combined TRACON& Tower with Radar,0,28,29,52,109,0,4,20,8,32,0,32,49,60,141,4,2,6,147
02/27/2009,MGM,AL,ASO,ES,Combined TRACON& Tower with Radar,0,32,28,76,136,0,0,4,1,5,0,32,32,77,141,8,7,15,156
02/28/2009,MGM,AL,ASO,ES,Combined TRACON& Tower with Radar,0,15,10,4,29,0,5,2,2,9,0,20,12,6,38,0,0,0,38
03/01/2009,MGM,AL,ASO,ES,Combined TRACON& Tower with Radar,0,12,16,0,28,0,0,0,0,0,0,12,16,0,28,0,0,0,28
03/02/2009,MGM,AL,ASO,ES,Combined TRACON& Tower with Radar,2,29,22,32,85,0,1,15,5,21,2,30,37,37,106,2,12,14,120
03/03/2009,MGM,AL,ASO,ES,Combined TRACON& Tower with Radar,0,27,38,65,130,0,2,25,5,32,0,29,63,70,162,10,126,136,298
03/04/2009,MGM,AL,ASO,ES,Combined TRACON& Tower with Radar,0,29,28,65,122,0,0,19,3,22,0,29,47,68,144,4,140,144,288
03/05/2009,MGM,AL,ASO,ES,Combined TRACON& Tower with Radar,0,28,49,53,130,0,2,14,7,23,0,30,63,60,153,60,114,174,327
03/06/2009,MGM,AL,ASO,ES,Combined TRACON& Tower with Radar,0,30,28,39,97,0,0,20,11,31,0,30,48,50,128,8,30,38,166
03/07/2009,MGM,AL,ASO,ES,Combined TRACON& Tower with Radar,0,24,30,32,86,0,0,18,2,20,0,24,48,34,106,8,22,30,136
03/08/2009,MGM,AL,ASO,ES,Combined TRACON& Tower with Radar,2,29,18,26,75,0,0,17,10,27,2,29,35,36,102,12,0,12,114
03/09/2009,MGM,AL,ASO,ES,Combined TRACON& Tower with Radar,0,29,22,22,73,0,2,9,3,14,0,31,31,25,87,34,32,66,153
03/10/2009,MGM,AL,ASO,ES,Combined TRACON& Tower with Radar,0,29,47,52,128,0,4,20,0,24,0,33,67,52,152,2,151,153,305
03/11/2009,MGM,AL,ASO,ES,Combined TRACON& Tower with Radar,0,29,55,51,135,0,2,14,3,19,0,31,69,54,154,22,14,36,190
03/12/2009,MGM,AL,ASO,ES,Combined TRACON& Tower with Radar,0,35,47,95,177,0,0,25,7,32,0,35,72,102,209,8,194,202,411
03/13/2009,MGM,AL,ASO,ES,Combined TRACON& Tower with Radar,0,30,38,89,157,0,1,10,3,14,0,31,48,92,171,18,190,208,379
03/14/2009,MGM,AL,ASO,ES,Combined TRACON& Tower with Radar,1,19,15,4,39,0,0,0,0,0,1,19,15,4,39,0,0,0,39
03/15/2009,MGM,AL,ASO,ES,Combined TRACON& Tower with Radar,0,25,24,3,52,0,0,1,0,1,0,25,25,3,53,0,0,0,53
03/16/2009,MGM,AL,ASO,ES,Combined TRACON& Tower with Radar,2,30,30,22,84,0,0,0,0,0,2,30,30,22,84,0,0,0,84
03/17/2009,MGM,AL,ASO,ES,Combined TRACON& Tower with Radar,0,27,39,68,134,0,1,16,2,19,0,28,55,70,153,42,103,145,298
03/18/2009,MGM,AL,ASO,ES,Combined TRACON& Tower with Radar,2,32,22,88,144,0,4,24,6,34,2,36,46,94,178,2,17,19,197
03/19/2009,MGM,AL,ASO,ES,Combined TRACON& Tower with Radar,0,33,48,68,149,0,3,19,4,26,0,36,67,72,175,40,52,92,267
03/20/2009,MGM,AL,ASO,ES,Combined TRACON& Tower with Radar,0,29,55,56,140,0,0,17,5,22,0,29,72,61,162,0,34,34,196
03/21/2009,MGM,AL,ASO,ES,Combined TRACON& Tower with Radar,0,25,13,5,43,0,0,31,4,35,0,25,44,9,78,14,34,48,126
03/22/2009,MGM,AL,ASO,ES,Combined TRACON& Tower with Radar,1,29,27,18,75,0,0,17,0,17,1,29,44,18,92,0,0,0,92
03/23/2009,MGM,AL,ASO,ES,Combined TRACON& Tower with Radar,0,39,33,61,133,0,32,46,4,82,0,71,79,65,215,18,136,154,369
03/24/2009,MGM,AL,ASO,ES,Combined TRACON& Tower with Radar,0,24,61,54,139,0,3,8,9,20,0,27,69,63,159,36,44,80,239
03/25/2009,MGM,AL,ASO,ES,Combined TRACON& Tower with Radar,0,26,16,18,60,0,0,1,0,1,0,26,17,18,61,0,24,24,85
03/26/2009,MGM,AL,ASO,ES,Combined TRACON& Tower with Radar,0,30,33,27,90,0,0,5,0,5,0,30,38,27,95,0,44,44,139
03/27/2009,MGM,AL,ASO,ES,Combined TRACON& Tower with Radar,0,30,18,16,64,0,0,5,11,16,0,30,23,27,80,0,31,31,111
03/28/2009,MGM,AL,ASO,ES,Combined TRACON& Tower with Radar,1,23,8,2,34,0,1,4,1,6,1,24,12,3,40,0,0,0,40
03/29/2009,MGM,AL,ASO,ES,Combined TRACON& Tower with Radar,0,28,25,11,64,0,0,27,0,27,0,28,52,11,91,0,0,0,91
03/30/2009,MGM,AL,ASO,ES,Combined TRACON& Tower with Radar,0,26,27,130,183,0,0,23,1,24,0,26,50,131,207,0,118,118,325
03/31/2009,MGM,AL,ASO,ES,Combined TRACON& Tower with Radar,2,27,38,20,87,0,0,6,2,8,2,27,44,22,95,0,2,2,97
04/01/2009,MGM,AL,ASO,ES,Combined TRACON& Tower with Radar,0,22,39,86,147,0,1,14,4,19,0,23,53,90,166,82,248,330,496
04/02/2009,MGM,AL,ASO,ES,Combined TRACON& Tower with Radar,0,32,23,6,61,0,0,3,4,7,0,32,26,10,68,0,2,2,70
04/03/2009,MGM,AL,ASO,ES,Combined TRACON& Tower with Radar,0,30,42,97,169,0,0,13,10,23,0,30,55,107,192,0,62,62,254
04/04/2009,MGM,AL,ASO,ES,Combined TRACON& Tower with Radar,0,21,26,44,91,0,1,33,14,48,0,22,59,58,139,16,42,58,197
04/05/2009,MGM,AL,ASO,ES,Combined TRACON& Tower with Radar,0,25,13,2,40,0,1,2,0,3,0,26,15,2,43,0,0,0,43
04/06/2009,MGM,AL,ASO,ES,Combined TRACON& Tower with Radar,0,30,27,40,97,0,0,10,1,11,0,30,37,41,108,42,102,144,252
04/07/2009,MGM,AL,ASO,ES,Combined TRACON& Tower with Radar,0,31,30,65,126,0,2,21,2,25,0,33,51,67,151,0,70,70,221
04/08/2009,MGM,AL,ASO,ES,Combined TRACON& Tower with Radar,0,30,38,56,124,0,1,21,6,28,0,31,59,62,152,52,46,98,250
04/09/2009,MGM,AL,ASO,ES,Combined TRACON& Tower with Radar,0,33,39,93,165,0,0,27,4,31,0,33,66,97,196,78,26,104,300
04/10/2009,MGM,AL,ASO,ES,Combined TRACON& Tower with Radar,0,30,25,26,81,0,0,11,5,16,0,30,36,31,97,0,6,6,103
04/11/2009,MGM,AL,ASO,ES,Combined TRACON& Tower with Radar,0,19,24,4,47,0,0,20,0,20,0,19,44,4,67,20,0,20,87
04/12/2009,MGM,AL,ASO,ES,Combined TRACON& Tower with Radar,0,25,14,2,41,0,0,13,0,13,0,25,27,2,54,8,0,8,62
04/13/2009,MGM,AL,ASO,ES,Combined TRACON& Tower with Radar,3,33,20,25,81,0,0,0,0,0,3,33,20,25,81,0,68,68,149
04/14/2009,MGM,AL,ASO,ES,Combined TRACON& Tower with Radar,0,29,34,80,143,0,4,17,13,34,0,33,51,93,177,4,58,62,239
04/15/2009,MGM,AL,ASO,ES,Combined TRACON& Tower with Radar,0,29,33,88,150,0,4,27,10,41,0,33,60,98,191,0,70,70,261
04/16/2009,MGM,AL,ASO,ES,Combined TRACON& Tower with Radar,0,30,38,52,120,0,5,31,5,41,0,35,69,57,161,42,72,114,275
04/17/2009,MGM,AL,ASO,ES,Combined TRACON& Tower with Radar,0,28,29,78,135,0,2,34,19,55,0,30,63,97,190,0,140,140,330
04/18/2009,MGM,AL,ASO,ES,Combined TRACON& Tower with Radar,0,16,21,1,38,0,2,20,5,27,0,18,41,6,65,0,0,0,65
04/19/2009,MGM,AL,ASO,ES,Combined TRACON& Tower with Radar,0,26,29,54,109,0,2,3,8,13,0,28,32,62,122,0,18,18,140
04/20/2009,MGM,AL,ASO,ES,Combined TRACON& Tower with Radar,0,30,37,22,89,0,4,13,5,22,0,34,50,27,111,4,48,52,163
04/21/2009,MGM,AL,ASO,ES,Combined TRACON& Tower with Radar,0,27,30,56,113,0,4,9,5,18,0,31,39,61,131,6,112,118,249
04/22/2009,MGM,AL,ASO,ES,Combined TRACON& Tower with Radar,0,30,53,40,123,0,4,45,11,60,0,34,98,51,183,16,86,102,285
04/23/2009,MGM,AL,ASO,ES,Combined TRACON& Tower with Radar,11,27,39,90,167,0,7,34,9,50,11,34,73,99,217,8,42,50,267
04/24/2009,MGM,AL,ASO,ES,Combined TRACON& Tower with Radar,0,32,46,85,163,0,1,32,1,34,0,33,78,86,197,0,80,80,277
04/25/2009,MGM,AL,ASO,ES,Combined TRACON& Tower with Radar,0,20,24,3,47,0,2,32,0,34,0,22,56,3,81,16,0,16,97
04/26/2009,MGM,AL,ASO,ES,Combined TRACON& Tower with Radar,0,26,36,13,75,0,1,9,3,13,0,27,45,16,88,16,0,16,104
04/27/2009,MGM,AL,ASO,ES,Combined TRACON& Tower with Radar,0,35,32,53,120,0,0,18,2,20,0,35,50,55,140,8,14,22,162
04/28/2009,MGM,AL,ASO,ES,Combined TRACON& Tower with Radar,0,32,38,44,114,0,2,23,2,27,0,34,61,46,141,16,62,78,219
04/29/2009,MGM,AL,ASO,ES,Combined TRACON& Tower with Radar,0,29,23,67,119,0,1,16,17,34,0,30,39,84,153,4,42,46,199
04/30/2009,MGM,AL,ASO,ES,Combined TRACON& Tower with Radar,0,29,50,55,134,0,6,22,7,35,0,35,72,62,169,22,130,152,321
05/01/2009,MGM,AL,ASO,ES,Combined TRACON& Tower with Radar,0,28,37,73,138,0,1,3,10,14,0,29,40,83,152,8,78,86,238
05/02/2009,MGM,AL,ASO,ES,Combined TRACON& Tower with Radar,3,20,33,24,80,0,0,14,5,19,3,20,47,29,99,28,0,28,127
05/03/2009,MGM,AL,ASO,ES,Combined TRACON& Tower with Radar,0,29,20,19,68,0,1,3,0,4,0,30,23,19,72,15,0,15,87
05/04/2009,MGM,AL,ASO,ES,Combined TRACON& Tower with Radar,0,34,18,1,53,0,1,4,0,5,0,35,22,1,58,122,0,122,180
05/05/2009,MGM,AL,ASO,ES,Combined TRACON& Tower with Radar,0,45,46,118,209,0,0,11,3,14,0,45,57,121,223,134,136,270,493
05/06/2009,MGM,AL,ASO,ES,Combined TRACON& Tower with Radar,0,26,27,24,77,0,2,5,1,8,0,28,32,25,85,106,8,114,199
05/07/2009,MGM,AL,ASO,ES,Combined TRACON& Tower with Radar,0,28,36,10,74,0,4,0,2,6,0,32,36,12,80,6,30,36,116
05/08/2009,MGM,AL,ASO,ES,Combined TRACON& Tower with Radar,0,30,61,46,137,0,6,22,4,32,0,36,83,50,169,12,30,42,211
05/09/2009,MGM,AL,ASO,ES,Combined TRACON& Tower with Radar,0,18,38,7,63,0,2,18,0,20,0,20,56,7,83,30,0,30,113
05/10/2009,MGM,AL,ASO,ES,Combined TRACON& Tower with Radar,0,28,26,14,68,0,1,8,0,9,0,29,34,14,77,34,0,34,111
05/11/2009,MGM,AL,ASO,ES,Combined TRACON& Tower with Radar,0,29,46,32,107,0,2,9,2,13,0,31,55,34,120,30,78,108,228
05/12/2009,MGM,AL,ASO,ES,Combined TRACON& Tower with Radar,0,30,65,87,182,0,2,5,8,15,0,32,70,95,197,2,72,74,271
05/13/2009,MGM,AL,ASO,ES,Combined TRACON& Tower with Radar,2,33,45,65,145,0,0,3,4,7,2,33,48,69,152,0,16,16,168
05/14/2009,MGM,AL,ASO,ES,Combined TRACON& Tower with Radar,0,31,46,71,148,0,1,20,16,37,0,32,66,87,185,30,30,60,245
05/15/2009,MGM,AL,ASO,ES,Combined TRACON& Tower with Radar,0,33,44,62,139,0,0,17,15,32,0,33,61,77,171,28,146,174,345
05/16/2009,MGM,AL,ASO,ES,Combined TRACON& Tower with Radar,2,20,32,7,61,0,0,9,9,18,2,20,41,16,79,22,14,36,115
05/17/2009,MGM,AL,ASO,ES,Combined TRACON& Tower with Radar,0,26,31,9,66,0,0,2,0,2,0,26,33,9,68,0,0,0,68
05/18/2009,MGM,AL,ASO,ES,Combined TRACON& Tower with Radar,0,29,39,46,114,0,1,9,5,15,0,30,48,51,129,0,38,38,167
05/19/2009,MGM,AL,ASO,ES,Combined TRACON& Tower with Radar,0,30,29,62,121,0,0,31,10,41,0,30,60,72,162,2,66,68,230
05/20/2009,MGM,AL,ASO,ES,Combined TRACON& Tower with Radar,0,32,48,23,103,0,0,14,16,30,0,32,62,39,133,0,44,44,177
05/21/2009,MGM,AL,ASO,ES,Combined TRACON& Tower with Radar,0,35,51,41,127,0,2,6,1,9,0,37,57,42,136,6,22,28,164
05/22/2009,MGM,AL,ASO,ES,Combined TRACON& Tower with Radar,0,30,51,51,132,0,1,2,2,5,0,31,53,53,137,0,52,52,189
05/23/2009,MGM,AL,ASO,ES,Combined TRACON& Tower with Radar,0,18,16,0,34,0,2,0,0,2,0,20,16,0,36,0,0,0,36
05/24/2009,MGM,AL,ASO,ES,Combined TRACON& Tower with Radar,0,16,25,2,43,0,0,5,0,5,0,16,30,2,48,20,0,20,68
05/25/2009,MGM,AL,ASO,ES,Combined TRACON& Tower with Radar,0,28,39,3,70,0,2,3,0,5,0,30,42,3,75,4,0,4,79
05/26/2009,MGM,AL,ASO,ES,Combined TRACON& Tower with Radar,0,30,54,40,124,0,0,1,0,1,0,30,55,40,125,0,60,60,185
05/27/2009,MGM,AL,ASO,ES,Combined TRACON& Tower with Radar,0,34,65,59,158,0,0,7,7,14,0,34,72,66,172,0,78,78,250
05/28/2009,MGM,AL,ASO,ES,Combined TRACON& Tower with Radar,0,29,57,39,125,0,0,9,4,13,0,29,66,43,138,20,97,117,255
05/29/2009,MGM,AL,ASO,ES,Combined TRACON& Tower with Radar,0,29,39,85,153,0,1,30,15,46,0,30,69,100,199,10,104,114,313
05/30/2009,MGM,AL,ASO,ES,Combined TRACON& Tower with Radar,0,18,11,28,57,0,0,34,3,37,0,18,45,31,94,14,0,14,108
05/31/2009,MGM,AL,ASO,ES,Combined TRACON& Tower with Radar,0,27,22,17,66,0,1,19,5,25,0,28,41,22,91,12,6,18,109
06/01/2009,MGM,AL,ASO,ES,Combined TRACON& Tower with Radar,0,38,37,65,140,0,1,40,2,43,0,39,77,67,183,9,130,139,322
06/02/2009,MGM,AL,ASO,ES,Combined TRACON& Tower with Radar,0,33,28,26,87,0,2,19,9,30,0,35,47,35,117,30,42,72,189
06/03/2009,MGM,AL,ASO,ES,Combined TRACON& Tower with Radar,0,37,45,40,122,0,6,15,7,28,0,43,60,47,150,8,30,38,188
06/04/2009,MGM,AL,ASO,ES,Combined TRACON& Tower with Radar,2,30,42,15,89,0,0,1,3,4,2,30,43,18,93,0,0,0,93
06/05/2009,MGM,AL,ASO,ES,Combined TRACON& Tower with Radar,0,33,76,71,180,0,2,8,7,17,0,35,84,78,197,0,12,12,209
06/06/2009,MGM,AL,ASO,ES,Combined TRACON& Tower with Radar,0,22,22,16,60,0,0,24,9,33,0,22,46,25,93,30,6,36,129
06/07/2009,MGM,AL,ASO,ES,Combined TRACON& Tower with Radar,0,30,17,11,58,0,0,26,8,34,0,30,43,19,92,30,0,30,122
06/08/2009,MGM,AL,ASO,ES,Combined TRACON& Tower with Radar,0,29,38,90,157,0,8,24,3,35,0,37,62,93,192,10,78,88,280
06/09/2009,MGM,AL,ASO,ES,Combined TRACON& Tower with Radar,0,28,39,106,173,0,0,30,5,35,0,28,69,111,208,20,80,100,308
06/10/2009,MGM,AL,ASO,ES,Combined TRACON& Tower with Radar,2,35,63,64,164,0,5,30,8,43,2,40,93,72,207,0,72,72,279
06/11/2009,MGM,AL,ASO,ES,Combined TRACON& Tower with Radar,2,29,37,65,133,0,1,17,18,36,2,30,54,83,169,2,66,68,237
06/12/2009,MGM,AL,ASO,ES,Combined TRACON& Tower with Radar,2,33,30,93,158,0,1,9,10,20,2,34,39,103,178,8,106,114,292
06/13/2009,MGM,AL,ASO,ES,Combined TRACON& Tower with Radar,2,23,26,5,56,0,0,18,11,29,2,23,44,16,85,11,2,13,98
06/14/2009,MGM,AL,ASO,ES,Combined TRACON& Tower with Radar,2,31,20,22,75,0,0,13,5,18,2,31,33,27,93,13,6,19,112
06/15/2009,MGM,AL,ASO,ES,Combined TRACON& Tower with Radar,1,35,28,45,109,0,0,11,3,14,1,35,39,48,123,16,62,78,201
06/16/2009,MGM,AL,ASO,ES,Combined TRACON& Tower with Radar,0,32,17,71,120,0,4,27,3,34,0,36,44,74,154,26,86,112,266
06/17/2009,MGM,AL,ASO,ES,Combined TRACON& Tower with Radar,0,29,47,86,162,0,0,10,24,34,0,29,57,110,196,10,104,114,310
06/18/2009,MGM,AL,ASO,ES,Combined TRACON& Tower with Radar,0,31,45,83,159,0,2,35,7,44,0,33,80,90,203,24,112,136,339
06/19/2009,MGM,AL,ASO,ES,Combined TRACON& Tower with Radar,0,30,34,73,137,0,1,25,20,46,0,31,59,93,183,20,73,93,276
06/20/2009,MGM,AL,ASO,ES,Combined TRACON& Tower with Radar,0,20,15,10,45,0,2,26,0,28,0,22,41,10,73,28,0,28,101
06/21/2009,MGM,AL,ASO,ES,Combined TRACON& Tower with Radar,0,28,21,16,65,0,0,16,6,22,0,28,37,22,87,16,2,18,105
06/22/2009,MGM,AL,ASO,ES,Combined TRACON& Tower with Radar,0,30,29,43,102,0,10,13,5,28,0,40,42,48,130,40,54,94,224
06/23/2009,MGM,AL,ASO,ES,Combined TRACON& Tower with Radar,0,31,28,85,144,0,20,40,2,62,0,51,68,87,206,28,68,96,302
06/24/2009,MGM,AL,ASO,ES,Combined TRACON& Tower with Radar,0,35,48,83,166,0,4,18,26,48,0,39,66,109,214,14,106,120,334
06/25/2009,MGM,AL,ASO,ES,Combined TRACON& Tower with Radar,0,35,39,83,157,0,1,19,16,36,0,36,58,99,193,0,155,155,348
06/26/2009,MGM,AL,ASO,ES,Combined TRACON& Tower with Radar,0,33,30,55,118,0,6,19,12,37,0,39,49,67,155,0,28,28,183
06/27/2009,MGM,AL,ASO,ES,Combined TRACON& Tower with Radar,0,21,8,17,46,0,0,34,2,36,0,21,42,19,82,2,28,30,112
06/28/2009,MGM,AL,ASO,ES,Combined TRACON& Tower with Radar,0,34,24,24,82,0,0,6,2,8,0,34,30,26,90,0,34,34,124
06/29/2009,MGM,AL,ASO,ES,Combined TRACON& Tower with Radar,0,34,30,35,99,0,1,14,3,18,0,35,44,38,117,4,50,54,171
06/30/2009,MGM,AL,ASO,ES,Combined TRACON& Tower with Radar,2,31,35,44,112,0,3,20,5,28,2,34,55,49,140,24,58,82,222
07/01/2009,MGM,AL,ASO,ES,Combined TRACON& Tower with Radar,0,31,47,61,139,0,0,31,3,34,0,31,78,64,173,18,90,108,281
07/02/2009,MGM,AL,ASO,ES,Combined TRACON& Tower with Radar,0,31,27,33,91,0,0,27,8,35,0,31,54,41,126,16,16,32,158
07/03/2009,MGM,AL,ASO,ES,Combined TRACON& Tower with Radar,2,32,18,0,52,0,0,17,0,17,2,32,35,0,69,0,0,0,69
07/04/2009,MGM,AL,ASO,ES,Combined TRACON& Tower with Radar,0,19,15,0,34,0,0,12,0,12,0,19,27,0,46,0,0,0,46
07/05/2009,MGM,AL,ASO,ES,Combined TRACON& Tower with Radar,0,33,12,0,45,0,0,12,0,12,0,33,24,0,57,0,0,0,57
07/06/2009,MGM,AL,ASO,ES,Combined TRACON& Tower with Radar,2,31,26,18,77,0,4,6,0,10,2,35,32,18,87,0,0,0,87
07/07/2009,MGM,AL,ASO,ES,Combined TRACON& Tower with Radar,0,34,42,75,151,0,0,7,5,12,0,34,49,80,163,12,50,62,225
07/08/2009,MGM,AL,ASO,ES,Combined TRACON& Tower with Radar,2,29,40,108,179,0,0,24,5,29,2,29,64,113,208,0,88,88,296
07/09/2009,MGM,AL,ASO,ES,Combined TRACON& Tower with Radar,0,35,33,50,118,0,4,8,13,25,0,39,41,63,143,0,38,38,181
07/10/2009,MGM,AL,ASO,ES,Combined TRACON& Tower with Radar,0,31,33,47,111,0,6,20,5,31,0,37,53,52,142,24,42,66,208
07/11/2009,MGM,AL,ASO,ES,Combined TRACON& Tower with Radar,2,22,21,5,50,0,0,12,0,12,2,22,33,5,62,0,0,0,62
07/12/2009,MGM,AL,ASO,ES,Combined TRACON& Tower with Radar,0,32,10,36,78,0,1,1,8,10,0,33,11,44,88,2,36,38,126
07/13/2009,MGM,AL,ASO,ES,Combined TRACON& Tower with Radar,0,27,21,25,73,0,5,4,4,13,0,32,25,29,86,14,48,62,148
07/14/2009,MGM,AL,ASO,ES,Combined TRACON& Tower with Radar,2,34,27,64,127,0,3,11,7,21,2,37,38,71,148,62,50,112,260
07/15/2009,MGM,AL,ASO,ES,Combined TRACON& Tower with Radar,0,37,40,37,114,0,2,17,5,24,0,39,57,42,138,0,22,22,160
07/16/2009,MGM,AL,ASO,ES,Combined TRACON& Tower with Radar,4,36,45,15,100,0,0,14,1,15,4,36,59,16,115,10,38,48,163
07/17/2009,MGM,AL,ASO,ES,Combined TRACON& Tower with Radar,0,32,34,68,134,0,1,5,11,17,0,33,39,79,151,10,36,46,197
07/18/2009,MGM,AL,ASO,ES,Combined TRACON& Tower with Radar,0,21,29,6,56,0,0,17,2,19,0,21,46,8,75,18,8,26,101
07/19/2009,MGM,AL,ASO,ES,Combined TRACON& Tower with Radar,0,31,23,39,93,0,1,11,19,31,0,32,34,58,124,4,0,4,128
07/20/2009,MGM,AL,ASO,ES,Combined TRACON& Tower with Radar,0,31,24,54,109,0,2,20,5,27,0,33,44,59,136,24,110,134,270
07/21/2009,MGM,AL,ASO,ES,Combined TRACON& Tower with Radar,0,34,41,80,155,0,0,23,14,37,0,34,64,94,192,36,86,122,314
07/22/2009,MGM,AL,ASO,ES,Combined TRACON& Tower with Radar,0,38,37,57,132,0,2,13,12,27,0,40,50,69,159,18,102,120,279
07/23/2009,MGM,AL,ASO,ES,Combined TRACON& Tower with Radar,2,32,40,52,126,0,1,5,8,14,2,33,45,60,140,24,76,100,240
07/24/2009,MGM,AL,ASO,ES,Combined TRACON& Tower with Radar,0,35,34,36,105,0,5,25,10,40,0,40,59,46,145,34,8,42,187
07/25/2009,MGM,AL,ASO,ES,Combined TRACON& Tower with Radar,0,21,22,2,45,0,1,16,2,19,0,22,38,4,64,0,0,0,64
07/26/2009,MGM,AL,ASO,ES,Combined TRACON& Tower with Radar,0,30,16,16,62,0,0,5,9,14,0,30,21,25,76,6,6,12,88
07/27/2009,MGM,AL,ASO,ES,Combined TRACON& Tower with Radar,0,33,38,45,116,0,4,20,5,29,0,37,58,50,145,20,104,124,269
07/28/2009,MGM,AL,ASO,ES,Combined TRACON& Tower with Radar,0,30,30,61,121,0,4,6,3,13,0,34,36,64,134,4,74,78,212
07/29/2009,MGM,AL,ASO,ES,Combined TRACON& Tower with Radar,0,28,26,13,67,0,4,9,5,18,0,32,35,18,85,0,2,2,87
07/30/2009,MGM,AL,ASO,ES,Combined TRACON& Tower with Radar,0,40,35,42,117,0,2,12,4,18,0,42,47,46,135,0,162,162,297
07/31/2009,MGM,AL,ASO,ES,Combined TRACON& Tower with Radar,4,29,22,8,63,0,5,10,2,17,4,34,32,10,80,0,16,16,96
08/01/2009,MGM,AL,ASO,ES,Combined TRACON& Tower with Radar,0,19,15,0,34,0,1,11,0,12,0,20,26,0,46,0,0,0,46
08/02/2009,MGM,AL,ASO,ES,Combined TRACON& Tower with Radar,0,34,19,5,58,0,0,3,1,4,0,34,22,6,62,0,0,0,62
08/03/2009,MGM,AL,ASO,ES,Combined TRACON& Tower with Radar,0,32,26,21,79,0,1,14,2,17,0,33,40,23,96,15,77,92,188
08/04/2009,MGM,AL,ASO,ES,Combined TRACON& Tower with Radar,0,38,51,73,162,0,4,17,1,22,0,42,68,74,184,52,126,178,362
08/05/2009,MGM,AL,ASO,ES,Combined TRACON& Tower with Radar,2,32,33,33,100,0,0,23,4,27,2,32,56,37,127,8,118,126,253
08/06/2009,MGM,AL,ASO,ES,Combined TRACON& Tower with Radar,0,30,21,44,95,0,3,20,5,28,0,33,41,49,123,12,70,82,205
08/07/2009,MGM,AL,ASO,ES,Combined TRACON& Tower with Radar,0,36,36,73,145,0,3,24,11,38,0,39,60,84,183,14,50,64,247
08/08/2009,MGM,AL,ASO,ES,Combined TRACON& Tower with Radar,0,23,19,14,56,0,0,18,0,18,0,23,37,14,74,0,20,20,94
08/09/2009,MGM,AL,ASO,ES,Combined TRACON& Tower with Radar,0,31,20,20,71,0,0,7,10,17,0,31,27,30,88,6,24,30,118
08/10/2009,MGM,AL,ASO,ES,Combined TRACON& Tower with Radar,0,31,31,20,82,0,0,14,2,16,0,31,45,22,98,20,94,114,212
08/11/2009,MGM,AL,ASO,ES,Combined TRACON& Tower with Radar,0,31,36,63,130,0,6,24,0,30,0,37,60,63,160,36,74,110,270
08/12/2009,MGM,AL,ASO,ES,Combined TRACON& Tower with Radar,0,31,32,48,111,0,2,9,9,20,0,33,41,57,131,36,12,48,179
08/13/2009,MGM,AL,ASO,ES,Combined TRACON& Tower with Radar,0,39,44,75,158,0,3,15,16,34,0,42,59,91,192,28,78,106,298
08/14/2009,MGM,AL,ASO,ES,Combined TRACON& Tower with Radar,0,32,25,43,100,0,0,17,16,33,0,32,42,59,133,8,46,54,187
08/15/2009,MGM,AL,ASO,ES,Combined TRACON& Tower with Radar,0,25,27,11,63,0,4,14,2,20,0,29,41,13,83,4,0,4,87
08/16/2009,MGM,AL,ASO,ES,Combined TRACON& Tower with Radar,0,34,31,12,77,0,0,3,4,7,0,34,34,16,84,0,8,8,92
08/17/2009,MGM,AL,ASO,ES,Combined TRACON& Tower with Radar,2,32,21,24,79,0,2,4,4,10,2,34,25,28,89,0,0,0,89
08/18/2009,MGM,AL,ASO,ES,Combined TRACON& Tower with Radar,0,36,30,53,119,0,1,8,0,9,0,37,38,53,128,8,82,90,218
08/19/2009,MGM,AL,ASO,ES,Combined TRACON& Tower with Radar,0,32,37,108,177,0,0,14,2,16,0,32,51,110,193,2,84,86,279
08/20/2009,MGM,AL,ASO,ES,Combined TRACON& Tower with Radar,0,32,33,54,119,0,1,2,5,8,0,33,35,59,127,2,22,24,151
08/21/2009,MGM,AL,ASO,ES,Combined TRACON& Tower with Radar,0,30,25,18,73,0,4,27,4,35,0,34,52,22,108,34,12,46,154
08/22/2009,MGM,AL,ASO,ES,Combined TRACON& Tower with Radar,0,20,30,2,52,0,0,20,0,20,0,20,50,2,72,6,4,10,82
08/23/2009,MGM,AL,ASO,ES,Combined TRACON& Tower with Radar,0,31,19,8,58,0,0,20,1,21,0,31,39,9,79,4,0,4,83
08/24/2009,MGM,AL,ASO,ES,Combined TRACON& Tower with Radar,0,41,31,29,101,0,3,14,4,21,0,44,45,33,122,34,30,64,186
08/25/2009,MGM,AL,ASO,ES,Combined TRACON& Tower with Radar,1,31,36,61,129,0,1,44,13,58,1,32,80,74,187,70,14,84,271
08/26/2009,MGM,AL,ASO,ES,Combined TRACON& Tower with Radar,3,32,21,69,125,0,2,32,16,50,3,34,53,85,175,32,122,154,329
08/27/2009,MGM,AL,ASO,ES,Combined TRACON& Tower with Radar,0,31,39,59,129,0,0,8,5,13,0,31,47,64,142,0,136,136,278
08/28/2009,MGM,AL,ASO,ES,Combined TRACON& Tower with Radar,0,31,24,26,81,0,0,11,10,21,0,31,35,36,102,0,0,0,102
08/29/2009,MGM,AL,ASO,ES,Combined TRACON& Tower with Radar,0,21,17,0,38,0,0,18,0,18,0,21,35,0,56,12,0,12,68
08/30/2009,MGM,AL,ASO,ES,Combined TRACON& Tower with Radar,0,29,19,6,54,0,0,2,2,4,0,29,21,8,58,6,7,13,71
08/31/2009,MGM,AL,ASO,ES,Combined TRACON& Tower with Radar,0,31,29,94,154,0,2,9,1,12,0,33,38,95,166,4,82,86,252
09/01/2009,MGM,AL,ASO,ES,Combined TRACON& Tower with Radar,0,34,46,65,145,0,0,5,3,8,0,34,51,68,153,18,62,80,233
09/02/2009,MGM,AL,ASO,ES,Combined TRACON& Tower with Radar,0,34,30,56,120,0,0,7,12,19,0,34,37,68,139,24,50,74,213
09/03/2009,MGM,AL,ASO,ES,Combined TRACON& Tower with Radar,0,45,31,52,128,0,5,22,2,29,0,50,53,54,157,2,86,88,245
09/04/2009,MGM,AL,ASO,ES,Combined TRACON& Tower with Radar,1,36,41,26,104,0,7,15,1,23,1,43,56,27,127,16,0,16,143
09/05/2009,MGM,AL,ASO,ES,Combined TRACON& Tower with Radar,0,21,16,0,37,0,0,13,0,13,0,21,29,0,50,2,2,4,54
09/06/2009,MGM,AL,ASO,ES,Combined TRACON& Tower with Radar,0,22,7,1,30,0,3,7,1,11,0,25,14,2,41,0,0,0,41
09/07/2009,MGM,AL,ASO,ES,Combined TRACON& Tower with Radar,0,32,22,3,57,0,2,11,3,16,0,34,33,6,73,0,0,0,73
09/08/2009,MGM,AL,ASO,ES,Combined TRACON& Tower with Radar,0,31,33,105,169,0,3,23,6,32,0,34,56,111,201,28,134,162,363
09/09/2009,MGM,AL,ASO,ES,Combined TRACON& Tower with Radar,0,30,40,52,122,0,2,22,4,28,0,32,62,56,150,8,95,103,253
09/10/2009,MGM,AL,ASO,ES,Combined TRACON& Tower with Radar,0,31,52,44,127,0,3,7,9,19,0,34,59,53,146,12,28,40,186
09/11/2009,MGM,AL,ASO,ES,Combined TRACON& Tower with Radar,1,32,25,74,132,0,10,21,6,37,1,42,46,80,169,2,50,52,221
09/12/2009,MGM,AL,ASO,ES,Combined TRACON& Tower with Radar,1,25,18,3,47,0,1,12,1,14,1,26,30,4,61,16,0,16,77
09/13/2009,MGM,AL,ASO,ES,Combined TRACON& Tower with Radar,0,33,28,16,77,0,0,5,12,17,0,33,33,28,94,0,6,6,100
09/14/2009,MGM,AL,ASO,ES,Combined TRACON& Tower with Radar,0,33,7,15,55,0,0,12,1,13,0,33,19,16,68,4,46,50,118
09/15/2009,MGM,AL,ASO,ES,Combined TRACON& Tower with Radar,0,33,41,53,127,0,2,10,1,13,0,35,51,54,140,24,46,70,210
09/16/2009,MGM,AL,ASO,ES,Combined TRACON& Tower with Radar,0,34,33,19,86,0,0,5,1,6,0,34,38,20,92,2,4,6,98
09/17/2009,MGM,AL,ASO,ES,Combined TRACON& Tower with Radar,2,37,33,28,100,0,2,8,12,22,2,39,41,40,122,0,0,0,122
09/18/2009,MGM,AL,ASO,ES,Combined TRACON& Tower with Radar,2,36,32,109,179,0,2,16,6,24,2,38,48,115,203,0,48,48,251
09/19/2009,MGM,AL,ASO,ES,Combined TRACON& Tower with Radar,0,22,25,5,52,0,1,26,6,33,0,23,51,11,85,14,10,24,109
09/20/2009,MGM,AL,ASO,ES,Combined TRACON& Tower with Radar,0,31,20,7,58,0,0,22,3,25,0,31,42,10,83,6,0,6,89
09/21/2009,MGM,AL,ASO,ES,Combined TRACON& Tower with Radar,4,25,26,9,64,0,0,2,4,6,4,25,28,13,70,0,0,0,70
09/22/2009,MGM,AL,ASO,ES,Combined TRACON& Tower with Radar,0,30,41,58,129,0,1,13,1,15,0,31,54,59,144,0,72,72,216
09/23/2009,MGM,AL,ASO,ES,Combined TRACON& Tower with Radar,0,30,32,82,144,0,5,31,10,46,0,35,63,92,190,0,112,112,302
09/24/2009,MGM,AL,ASO,ES,Combined TRACON& Tower with Radar,1,32,55,30,118,0,1,11,7,19,1,33,66,37,137,24,36,60,197
09/25/2009,MGM,AL,ASO,ES,Combined TRACON& Tower with Radar,3,33,14,45,95,0,2,12,8,22,3,35,26,53,117,6,28,34,151
09/26/2009,MGM,AL,ASO,ES,Combined TRACON& Tower with Radar,3,23,23,7,56,0,1,10,0,11,3,24,33,7,67,16,0,16,83
09/27/2009,MGM,AL,ASO,ES,Combined TRACON& Tower with Radar,1,31,21,19,72,0,0,22,4,26,1,31,43,23,98,0,0,0,98
09/28/2009,MGM,AL,ASO,ES,Combined TRACON& Tower with Radar,0,39,25,54,118,0,1,12,3,16,0,40,37,57,134,8,56,64,198
09/29/2009,MGM,AL,ASO,ES,Combined TRACON& Tower with Radar,0,33,41,83,157,0,0,36,9,45,0,33,77,92,202,28,56,84,286
09/30/2009,MGM,AL,ASO,ES,Combined TRACON& Tower with Radar,2,38,49,59,148,0,2,38,5,45,2,40,87,64,193,28,111,139,332
10/01/2009,MGM,AL,ASO,ES,Combined TRACON& Tower with Radar,0,32,73,84,189,0,1,16,8,25,0,33,89,92,214,62,76,138,352
10/02/2009,MGM,AL,ASO,ES,Combined TRACON& Tower with Radar,2,30,41,39,112,0,5,14,11,30,2,35,55,50,142,56,82,138,280
10/03/2009,MGM,AL,ASO,ES,Combined TRACON& Tower with Radar,2,24,48,14,88,0,2,23,19,44,2,26,71,33,132,4,36,40,172
10/04/2009,MGM,AL,ASO,ES,Combined TRACON& Tower with Radar,0,34,33,7,74,0,1,16,27,44,0,35,49,34,118,14,20,34,152
10/05/2009,MGM,AL,ASO,ES,Combined TRACON& Tower with Radar,0,38,27,28,93,0,0,0,0,0,0,38,27,28,93,0,0,0,93
10/06/2009,MGM,AL,ASO,ES,Combined TRACON& Tower with Radar,1,30,25,30,86,0,2,7,0,9,1,32,32,30,95,12,22,34,129
10/07/2009,MGM,AL,ASO,ES,Combined TRACON& Tower with Radar,0,36,27,37,100,0,3,10,20,33,0,39,37,57,133,0,28,28,161
10/08/2009,MGM,AL,ASO,ES,Combined TRACON& Tower with Radar,0,36,39,41,116,0,6,13,36,55,0,42,52,77,171,14,30,44,215
10/09/2009,MGM,AL,ASO,ES,Combined TRACON& Tower with Radar,2,39,31,54,126,0,0,10,2,12,2,39,41,56,138,16,2,18,156
10/10/2009,MGM,AL,ASO,ES,Combined TRACON& Tower with Radar,0,25,22,7,54,0,1,6,0,7,0,26,28,7,61,0,0,0,61
10/11/2009,MGM,AL,ASO,ES,Combined TRACON& Tower with Radar,0,30,16,4,50,0,1,15,3,19,0,31,31,7,69,22,0,22,91
10/12/2009,MGM,AL,ASO,ES,Combined TRACON& Tower with Radar,2,32,36,2,72,0,0,3,0,3,2,32,39,2,75,6,0,6,81
10/13/2009,MGM,AL,ASO,ES,Combined TRACON& Tower with Radar,1,35,52,69,157,0,9,0,1,10,1,44,52,70,167,132,28,160,327
10/14/2009,MGM,AL,ASO,ES,Combined TRACON& Tower with Radar,1,37,19,70,127,0,4,7,6,17,1,41,26,76,144,90,62,152,296
10/15/2009,MGM,AL,ASO,ES,Combined TRACON& Tower with Radar,0,34,34,55,123,0,2,6,1,9,0,36,40,56,132,18,20,38,170
10/16/2009,MGM,AL,ASO,ES,Combined TRACON& Tower with Radar,2,36,36,77,151,0,5,12,9,26,2,41,48,86,177,42,46,88,265
10/17/2009,MGM,AL,ASO,ES,Combined TRACON& Tower with Radar,0,24,22,28,74,0,0,10,7,17,0,24,32,35,91,38,0,38,129
10/18/2009,MGM,AL,ASO,ES,Combined TRACON& Tower with Radar,0,31,22,23,76,0,1,24,10,35,0,32,46,33,111,18,22,40,151
10/19/2009,MGM,AL,ASO,ES,Combined TRACON& Tower with Radar,0,41,44,36,121,2,0,23,4,29,2,41,67,40,150,8,112,120,270
10/20/2009,MGM,AL,ASO,ES,Combined TRACON& Tower with Radar,2,32,47,49,130,0,3,24,19,46,2,35,71,68,176,0,162,162,338
10/21/2009,MGM,AL,ASO,ES,Combined TRACON& Tower with Radar,2,33,44,50,129,0,1,31,17,49,2,34,75,67,178,16,80,96,274
10/22/2009,MGM,AL,ASO,ES,Combined TRACON& Tower with Radar,1,47,33,119,200,0,0,16,11,27,1,47,49,130,227,112,283,395,622
10/23/2009,MGM,AL,ASO,ES,Combined TRACON& Tower with Radar,4,32,31,24,91,0,4,9,10,23,4,36,40,34,114,26,20,46,160
10/24/2009,MGM,AL,ASO,ES,Combined TRACON& Tower with Radar,2,27,34,1,64,0,0,12,0,12,2,27,46,1,76,48,0,48,124
10/25/2009,MGM,AL,ASO,ES,Combined TRACON& Tower with Radar,0,32,23,5,60,0,0,26,2,28,0,32,49,7,88,80,0,80,168
10/26/2009,MGM,AL,ASO,ES,Combined TRACON& Tower with Radar,0,31,27,59,117,0,1,20,1,22,0,32,47,60,139,64,38,102,241
10/27/2009,MGM,AL,ASO,ES,Combined TRACON& Tower with Radar,2,35,15,9,61,0,0,0,0,0,2,35,15,9,61,0,0,0,61
10/28/2009,MGM,AL,ASO,ES,Combined TRACON& Tower with Radar,4,32,32,50,118,0,2,21,11,34,4,34,53,61,152,14,70,84,236
10/29/2009,MGM,AL,ASO,ES,Combined TRACON& Tower with Radar,4,50,48,114,216,0,5,17,4,26,4,55,65,118,242,10,188,198,440
10/30/2009,MGM,AL,ASO,ES,Combined TRACON& Tower with Radar,0,32,48,55,135,0,4,5,4,13,0,36,53,59,148,26,16,42,190
10/31/2009,MGM,AL,ASO,ES,Combined TRACON& Tower with Radar,0,27,12,2,41,0,0,0,0,0,0,27,12,2,41,0,6,6,47
11/01/2009,MGM,AL,ASO,ES,Combined TRACON& Tower with Radar,0,31,31,24,86,0,0,10,2,12,0,31,41,26,98,2,50,52,150
11/02/2009,MGM,AL,ASO,ES,Combined TRACON& Tower with Radar,0,30,28,42,100,0,3,31,7,41,0,33,59,49,141,28,140,168,309
11/03/2009,MGM,AL,ASO,ES,Combined TRACON& Tower with Radar,0,34,35,64,133,0,0,14,4,18,0,34,49,68,151,34,142,176,327
11/04/2009,MGM,AL,ASO,ES,Combined TRACON& Tower with Radar,0,43,37,53,133,0,0,33,12,45,0,43,70,65,178,16,164,180,358
11/05/2009,MGM,AL,ASO,ES,Combined TRACON& Tower with Radar,0,38,64,57,159,0,4,30,20,54,0,42,94,77,213,14,78,92,305
11/06/2009,MGM,AL,ASO,ES,Combined TRACON& Tower with Radar,0,39,37,65,141,0,0,25,13,38,0,39,62,78,179,0,90,90,269
11/07/2009,MGM,AL,ASO,ES,Combined TRACON& Tower with Radar,0,20,18,4,42,0,0,21,3,24,0,20,39,7,66,16,0,16,82
11/08/2009,MGM,AL,ASO,ES,Combined TRACON& Tower with Radar,0,32,36,14,82,0,0,15,2,17,0,32,51,16,99,8,0,8,107
11/09/2009,MGM,AL,ASO,ES,Combined TRACON& Tower with Radar,0,42,26,49,117,0,2,2,6,10,0,44,28,55,127,52,70,122,249
11/10/2009,MGM,AL,ASO,ES,Combined TRACON& Tower with Radar,0,36,9,13,58,0,0,0,1,1,0,36,9,14,59,0,0,0,59
11/11/2009,MGM,AL,ASO,ES,Combined TRACON& Tower with Radar,0,36,26,4,66,0,0,9,2,11,0,36,35,6,77,14,2,16,93
11/12/2009,MGM,AL,ASO,ES,Combined TRACON& Tower with Radar,4,43,25,105,177,0,4,23,18,45,4,47,48,123,222,6,110,116,338
11/13/2009,MGM,AL,ASO,ES,Combined TRACON& Tower with Radar,2,36,49,79,166,0,4,42,22,68,2,40,91,101,234,30,62,92,326
11/14/2009,MGM,AL,ASO,ES,Combined TRACON& Tower with Radar,0,21,24,4,49,0,1,28,17,46,0,22,52,21,95,24,2,26,121
11/15/2009,MGM,AL,ASO,ES,Combined TRACON& Tower with Radar,0,35,33,19,87,0,1,21,2,24,0,36,54,21,111,16,8,24,135
11/16/2009,MGM,AL,ASO,ES,Combined TRACON& Tower with Radar,0,32,46,102,180,0,1,14,2,17,0,33,60,104,197,16,188,204,401
11/17/2009,MGM,AL,ASO,ES,Combined TRACON& Tower with Radar,2,36,41,38,117,0,5,2,5,12,2,41,43,43,129,44,10,54,183
11/18/2009,MGM,AL,ASO,ES,Combined TRACON& Tower with Radar,2,34,58,68,162,0,3,27,13,43,2,37,85,81,205,48,146,194,399
11/19/2009,MGM,AL,ASO,ES,Combined TRACON& Tower with Radar,0,39,47,48,134,0,1,20,7,28,0,40,67,55,162,4,50,54,216
11/20/2009,MGM,AL,ASO,ES,Combined TRACON& Tower with Radar,2,34,24,83,143,0,4,25,16,45,2,38,49,99,188,22,76,98,286
11/21/2009,MGM,AL,ASO,ES,Combined TRACON& Tower with Radar,2,18,29,19,68,0,0,10,2,12,2,18,39,21,80,0,6,6,86
11/22/2009,MGM,AL,ASO,ES,Combined TRACON& Tower with Radar,0,32,23,29,84,0,1,1,1,3,0,33,24,30,87,0,0,0,87
11/23/2009,MGM,AL,ASO,ES,Combined TRACON& Tower with Radar,0,29,40,8,77,0,5,4,0,9,0,34,44,8,86,0,0,0,86
11/24/2009,MGM,AL,ASO,ES,Combined TRACON& Tower with Radar,0,38,30,105,173,0,3,21,0,24,0,41,51,105,197,8,96,104,301
11/25/2009,MGM,AL,ASO,ES,Combined TRACON& Tower with Radar,0,36,29,52,117,0,0,18,3,21,0,36,47,55,138,24,94,118,256
11/26/2009,MGM,AL,ASO,ES,Combined TRACON& Tower with Radar,0,19,5,0,24,0,3,12,0,15,0,22,17,0,39,10,0,10,49
11/27/2009,MGM,AL,ASO,ES,Combined TRACON& Tower with Radar,0,21,9,0,30,0,1,32,0,33,0,22,41,0,63,6,0,6,69
11/28/2009,MGM,AL,ASO,ES,Combined TRACON& Tower with Radar,0,31,30,2,63,0,0,22,0,22,0,31,52,2,85,47,0,47,132
11/29/2009,MGM,AL,ASO,ES,Combined TRACON& Tower with Radar,0,31,31,0,62,0,0,13,0,13,0,31,44,0,75,16,0,16,91
11/30/2009,MGM,AL,ASO,ES,Combined TRACON& Tower with Radar,1,34,19,26,80,0,1,3,1,5,1,35,22,27,85,0,26,26,111
12/01/2009,MGM,AL,ASO,ES,Combined TRACON& Tower with Radar,0,33,45,124,202,0,14,10,2,26,0,47,55,126,228,12,120,132,360
12/02/2009,MGM,AL,ASO,ES,Combined TRACON& Tower with Radar,0,28,16,40,84,0,0,2,4,6,0,28,18,44,90,0,44,44,134
12/03/2009,MGM,AL,ASO,ES,Combined TRACON& Tower with Radar,0,41,28,85,154,0,0,10,8,18,0,41,38,93,172,8,106,114,286
12/04/2009,MGM,AL,ASO,ES,Combined TRACON& Tower with Radar,0,40,25,89,154,0,4,16,17,37,0,44,41,106,191,0,66,66,257
12/05/2009,MGM,AL,ASO,ES,Combined TRACON& Tower with Radar,0,20,18,18,56,0,1,9,2,12,0,21,27,20,68,0,0,0,68
12/06/2009,MGM,AL,ASO,ES,Combined TRACON& Tower with Radar,0,33,19,30,82,0,1,16,4,21,0,34,35,34,103,26,38,64,167
12/07/2009,MGM,AL,ASO,ES,Combined TRACON& Tower with Radar,0,30,35,66,131,0,1,15,0,16,0,31,50,66,147,8,88,96,243
12/08/2009,MGM,AL,ASO,ES,Combined TRACON& Tower with Radar,0,34,21,29,84,0,0,0,1,1,0,34,21,30,85,0,0,0,85
12/09/2009,MGM,AL,ASO,ES,Combined TRACON& Tower with Radar,0,36,37,91,164,0,0,14,15,29,0,36,51,106,193,8,88,96,289
12/10/2009,MGM,AL,ASO,ES,Combined TRACON& Tower with Radar,0,37,44,62,143,0,1,18,4,23,0,38,62,66,166,20,44,64,230
12/11/2009,MGM,AL,ASO,ES,Combined TRACON& Tower with Radar,0,34,35,62,131,0,7,15,7,29,0,41,50,69,160,0,61,61,221
12/12/2009,MGM,AL,ASO,ES,Combined TRACON& Tower with Radar,2,19,7,1,29,0,0,1,0,1,2,19,8,1,30,0,0,0,30
12/13/2009,MGM,AL,ASO,ES,Combined TRACON& Tower with Radar,0,29,27,19,75,0,0,0,0,0,0,29,27,19,75,0,0,0,75
12/14/2009,MGM,AL,ASO,ES,Combined TRACON& Tower with Radar,2,41,14,7,64,0,0,0,0,0,2,41,14,7,64,0,0,0,64
12/15/2009,MGM,AL,ASO,ES,Combined TRACON& Tower with Radar,0,39,20,19,78,0,0,0,0,0,0,39,20,19,78,0,0,0,78
12/16/2009,MGM,AL,ASO,ES,Combined TRACON& Tower with Radar,0,35,32,71,138,0,2,14,8,24,0,37,46,79,162,4,48,52,214
12/17/2009,MGM,AL,ASO,ES,Combined TRACON& Tower with Radar,0,35,51,55,141,0,3,26,5,34,0,38,77,60,175,40,22,62,237
12/18/2009,MGM,AL,ASO,ES,Combined TRACON& Tower with Radar,1,32,21,27,81,0,2,1,0,3,1,34,22,27,84,0,0,0,84
12/19/2009,MGM,AL,ASO,ES,Combined TRACON& Tower with Radar,1,22,20,1,44,0,0,13,1,14,1,22,33,2,58,6,4,10,68
12/20/2009,MGM,AL,ASO,ES,Combined TRACON& Tower with Radar,0,29,34,11,74,0,0,14,2,16,0,29,48,13,90,4,0,4,94
12/21/2009,MGM,AL,ASO,ES,Combined TRACON& Tower with Radar,0,34,28,10,72,0,4,32,3,39,0,38,60,13,111,37,14,51,162
12/22/2009,MGM,AL,ASO,ES,Combined TRACON& Tower with Radar,0,32,25,50,107,0,3,21,10,34,0,35,46,60,141,6,54,60,201
12/23/2009,MGM,AL,ASO,ES,Combined TRACON& Tower with Radar,0,36,26,49,111,0,4,7,5,16,0,40,33,54,127,12,38,50,177
12/24/2009,MGM,AL,ASO,ES,Combined TRACON& Tower with Radar,0,28,6,7,41,0,0,0,0,0,0,28,6,7,41,0,0,0,41
12/25/2009,MGM,AL,ASO,ES,Combined TRACON& Tower with Radar,0,20,7,0,27,0,0,4,0,4,0,20,11,0,31,0,0,0,31
12/26/2009,MGM,AL,ASO,ES,Combined TRACON& Tower with Radar,0,25,16,0,41,0,0,27,0,27,0,25,43,0,68,30,0,30,98
12/27/2009,MGM,AL,ASO,ES,Combined TRACON& Tower with Radar,0,31,16,0,47,0,0,12,1,13,0,31,28,1,60,0,0,0,60
12/28/2009,MGM,AL,ASO,ES,Combined TRACON& Tower with Radar,0,34,21,2,57,0,0,17,1,18,0,34,38,3,75,2,0,2,77
12/29/2009,MGM,AL,ASO,ES,Combined TRACON& Tower with Radar,0,32,17,64,113,0,3,25,3,31,0,35,42,67,144,34,78,112,256
12/30/2009,MGM,AL,ASO,ES,Combined TRACON& Tower with Radar,0,31,22,61,114,0,2,6,4,12,0,33,28,65,126,0,42,42,168
12/31/2009,MGM,AL,ASO,ES,Combined TRACON& Tower with Radar,0,26,15,0,41,0,2,1,1,4,0,28,16,1,45,0,0,0,45
01/01/2010,MGM,AL,ASO,ES,Combined TRACON& Tower with Radar,0,21,16,0,37,0,0,5,0,5,0,21,21,0,42,10,0,10,52
01/02/2010,MGM,AL,ASO,ES,Combined TRACON& Tower with Radar,0,25,27,0,52,0,0,17,0,17,0,25,44,0,69,12,0,12,81
01/03/2010,MGM,AL,ASO,ES,Combined TRACON& Tower with Radar,0,33,21,0,54,0,1,11,0,12,0,34,32,0,66,0,0,0,66
01/04/2010,MGM,AL,ASO,ES,Combined TRACON& Tower with Radar,0,35,19,30,84,0,0,16,3,19,0,35,35,33,103,0,40,40,143
01/05/2010,MGM,AL,ASO,ES,Combined TRACON& Tower with Radar,2,30,31,80,143,0,3,21,8,32,2,33,52,88,175,20,128,148,323
01/06/2010,MGM,AL,ASO,ES,Combined TRACON& Tower with Radar,2,32,35,64,133,0,0,31,15,46,2,32,66,79,179,28,111,139,318
01/07/2010,MGM,AL,ASO,ES,Combined TRACON& Tower with Radar,0,23,4,9,36,0,0,3,1,4,0,23,7,10,40,4,24,28,68
01/08/2010,MGM,AL,ASO,ES,Combined TRACON& Tower with Radar,0,32,18,61,111,0,2,8,11,21,0,34,26,72,132,4,32,36,168
01/09/2010,MGM,AL,ASO,ES,Combined TRACON& Tower with Radar,2,24,20,12,58,0,0,19,7,26,2,24,39,19,84,28,0,28,112
01/10/2010,MGM,AL,ASO,ES,Combined TRACON& Tower with Radar,0,27,23,9,59,0,0,23,7,30,0,27,46,16,89,12,2,14,103
01/11/2010,MGM,AL,ASO,ES,Combined TRACON& Tower with Radar,0,27,33,80,140,0,3,22,5,30,0,30,55,85,170,14,110,124,294
01/12/2010,MGM,AL,ASO,ES,Combined TRACON& Tower with Radar,0,32,34,117,183,0,3,16,15,34,0,35,50,132,217,20,164,184,401
01/13/2010,MGM,AL,ASO,ES,Combined TRACON& Tower with Radar,0,35,29,61,125,0,3,29,9,41,0,38,58,70,166,38,98,136,302
01/14/2010,MGM,AL,ASO,ES,Combined TRACON& Tower with Radar,0,36,32,57,125,0,4,20,3,27,0,40,52,60,152,34,86,120,272
01/15/2010,MGM,AL,ASO,ES,Combined TRACON& Tower with Radar,0,31,35,63,129,0,0,24,4,28,0,31,59,67,157,36,52,88,245
01/16/2010,MGM,AL,ASO,ES,Combined TRACON& Tower with Radar,0,20,9,6,35,0,0,0,0,0,0,20,9,6,35,0,0,0,35
01/17/2010,MGM,AL,ASO,ES,Combined TRACON& Tower with Radar,0,23,14,0,37,0,0,0,1,1,0,23,14,1,38,0,0,0,38
01/18/2010,MGM,AL,ASO,ES,Combined TRACON& Tower with Radar,0,32,43,15,90,0,3,24,0,27,0,35,67,15,117,52,0,52,169
01/19/2010,MGM,AL,ASO,ES,Combined TRACON& Tower with Radar,0,32,37,71,140,0,4,26,10,40,0,36,63,81,180,36,130,166,346
01/20/2010,MGM,AL,ASO,ES,Combined TRACON& Tower with Radar,0,30,37,87,154,0,0,4,5,9,0,30,41,92,163,0,174,174,337
01/21/2010,MGM,AL,ASO,ES,Combined TRACON& Tower with Radar,0,37,39,62,138,0,1,10,7,18,0,38,49,69,156,36,63,99,255
01/22/2010,MGM,AL,ASO,ES,Combined TRACON& Tower with Radar,0,35,50,96,181,0,1,13,22,36,0,36,63,118,217,10,200,210,427
01/23/2010,MGM,AL,ASO,ES,Combined TRACON& Tower with Radar,0,20,20,43,83,0,0,3,1,4,0,20,23,44,87,2,0,2,89
01/24/2010,MGM,AL,ASO,ES,Combined TRACON& Tower with Radar,0,23,12,2,37,0,0,0,1,1,0,23,12,3,38,0,0,0,38
01/25/2010,MGM,AL,ASO,ES,Combined TRACON& Tower with Radar,0,31,30,53,114,0,8,25,8,41,0,39,55,61,155,10,124,134,289
01/26/2010,MGM,AL,ASO,ES,Combined TRACON& Tower with Radar,0,34,41,70,145,0,0,23,3,26,0,34,64,73,171,0,0,0,171
01/27/2010,MGM,AL,ASO,ES,Combined TRACON& Tower with Radar,0,40,43,55,138,0,0,31,6,37,0,40,74,61,175,0,0,0,175
01/28/2010,MGM,AL,ASO,ES,Combined TRACON& Tower with Radar,0,36,51,73,160,0,1,23,4,28,0,37,74,77,188,0,0,0,188
01/29/2010,MGM,AL,ASO,ES,Combined TRACON& Tower with Radar,1,20,31,115,167,0,0,1,1,2,1,20,32,116,169,0,0,0,169
01/30/2010,MGM,AL,ASO,ES,Combined TRACON& Tower with Radar,1,18,21,0,40,0,0,0,0,0,1,18,21,0,40,0,0,0,40
01/31/2010,MGM,AL,ASO,ES,Combined TRACON& Tower with Radar,0,28,20,20,68,0,0,8,0,8,0,28,28,20,76,0,0,0,76
02/01/2010,MGM,AL,ASO,ES,Combined TRACON& Tower with Radar,0,39,31,48,118,0,0,18,1,19,0,39,49,49,137,0,0,0,137
02/02/2010,MGM,AL,ASO,ES,Combined TRACON& Tower with Radar,1,36,24,99,160,0,0,10,1,11,1,36,34,100,171,0,0,0,171
02/03/2010,MGM,AL,ASO,ES,Combined TRACON& Tower with Radar,1,30,35,73,139,0,0,18,5,23,1,30,53,78,162,0,0,0,162
02/04/2010,MGM,AL,ASO,ES,Combined TRACON& Tower with Radar,0,34,25,29,88,0,0,2,0,2,0,34,27,29,90,0,0,0,90
02/05/2010,MGM,AL,ASO,ES,Combined TRACON& Tower with Radar,0,34,31,41,106,0,0,0,0,0,0,34,31,41,106,0,0,0,106
02/06/2010,MGM,AL,ASO,ES,Combined TRACON& Tower with Radar,0,23,22,30,75,0,0,12,1,13,0,23,34,31,88,0,0,0,88
02/07/2010,MGM,AL,ASO,ES,Combined TRACON& Tower with Radar,0,28,20,16,64,0,2,6,8,16,0,30,26,24,80,0,0,0,80
02/08/2010,MGM,AL,ASO,ES,Combined TRACON& Tower with Radar,0,25,29,69,123,0,1,19,6,26,0,26,48,75,149,0,0,0,149
02/09/2010,MGM,AL,ASO,ES,Combined TRACON& Tower with Radar,0,30,30,48,108,0,0,0,0,0,0,30,30,48,108,0,0,0,108
02/10/2010,MGM,AL,ASO,ES,Combined TRACON& Tower with Radar,1,33,46,61,141,0,2,14,3,19,1,35,60,64,160,0,0,0,160
02/11/2010,MGM,AL,ASO,ES,Combined TRACON& Tower with Radar,1,36,56,78,171,0,0,20,8,28,1,36,76,86,199,0,0,0,199
02/12/2010,MGM,AL,ASO,ES,Combined TRACON& Tower with Radar,0,8,5,1,14,0,0,0,0,0,0,8,5,1,14,0,0,0,14
02/13/2010,MGM,AL,ASO,ES,Combined TRACON& Tower with Radar,0,13,27,9,49,0,0,30,0,30,0,13,57,9,79,0,0,0,79
02/14/2010,MGM,AL,ASO,ES,Combined TRACON& Tower with Radar,0,25,26,2,53,0,0,16,0,16,0,25,42,2,69,0,0,0,69
02/15/2010,MGM,AL,ASO,ES,Combined TRACON& Tower with Radar,2,22,25,0,49,0,0,17,0,17,2,22,42,0,66,0,0,0,66
02/16/2010,MGM,AL,ASO,ES,Combined TRACON& Tower with Radar,0,38,26,62,126,0,1,19,4,24,0,39,45,66,150,0,0,0,150
02/17/2010,MGM,AL,ASO,ES,Combined TRACON& Tower with Radar,2,34,38,63,137,0,1,30,8,39,2,35,68,71,176,0,0,0,176
02/18/2010,MGM,AL,ASO,ES,Combined TRACON& Tower with Radar,0,30,63,49,142,0,4,51,2,57,0,34,114,51,199,24,44,68,267
02/19/2010,MGM,AL,ASO,ES,Combined TRACON& Tower with Radar,0,30,31,97,158,0,2,43,10,55,0,32,74,107,213,56,45,101,314
02/20/2010,MGM,AL,ASO,ES,Combined TRACON& Tower with Radar,0,21,19,28,68,0,0,43,3,46,0,21,62,31,114,28,22,50,164
02/21/2010,MGM,AL,ASO,ES,Combined TRACON& Tower with Radar,0,28,20,51,99,0,0,19,3,22,0,28,39,54,121,16,18,34,155
02/22/2010,MGM,AL,ASO,ES,Combined TRACON& Tower with Radar,0,28,34,33,95,0,2,14,0,16,0,30,48,33,111,4,36,40,151
02/23/2010,MGM,AL,ASO,ES,Combined TRACON& Tower with Radar,0,30,47,84,161,0,1,21,2,24,0,31,68,86,185,2,4,6,191
02/24/2010,MGM,AL,ASO,ES,Combined TRACON& Tower with Radar,0,33,25,59,117,0,0,6,3,9,0,33,31,62,126,42,64,106,232
02/25/2010,MGM,AL,ASO,ES,Combined TRACON& Tower with Radar,0,36,48,99,183,0,0,39,9,48,0,36,87,108,231,10,104,114,345
02/26/2010,MGM,AL,ASO,ES,Combined TRACON& Tower with Radar,0,36,45,91,172,0,0,36,18,54,0,36,81,109,226,22,146,168,394
02/27/2010,MGM,AL,ASO,ES,Combined TRACON& Tower with Radar,0,21,23,4,48,0,0,29,1,30,0,21,52,5,78,14,0,14,92
02/28/2010,MGM,AL,ASO,ES,Combined TRACON& Tower with Radar,0,30,26,14,70,0,0,25,3,28,0,30,51,17,98,16,0,16,114
03/01/2010,MGM,AL,ASO,ES,Combined TRACON& Tower with Radar,0,32,26,30,88,0,0,35,3,38,0,32,61,33,126,6,92,98,224
03/02/2010,MGM,AL,ASO,ES,Combined TRACON& Tower with Radar,2,24,26,52,104,0,0,1,0,1,2,24,27,52,105,0,0,0,105
03/03/2010,MGM,AL,ASO,ES,Combined TRACON& Tower with Radar,0,29,32,59,120,0,2,16,48,66,0,31,48,107,186,14,44,58,244
03/04/2010,MGM,AL,ASO,ES,Combined TRACON& Tower with Radar,0,32,27,70,129,0,4,30,9,43,0,36,57,79,172,34,102,136,308
03/05/2010,MGM,AL,ASO,ES,Combined TRACON& Tower with Radar,0,30,33,84,147,0,1,44,13,58,0,31,77,97,205,20,106,126,331
03/06/2010,MGM,AL,ASO,ES,Combined TRACON& Tower with Radar,0,26,33,19,78,0,1,27,7,35,0,27,60,26,113,34,14,48,161
03/07/2010,MGM,AL,ASO,ES,Combined TRACON& Tower with Radar,3,33,29,20,85,0,1,30,6,37,3,34,59,26,122,6,2,8,130
03/08/2010,MGM,AL,ASO,ES,Combined TRACON& Tower with Radar,0,29,36,53,118,0,4,27,3,34,0,33,63,56,152,56,54,110,262
03/09/2010,MGM,AL,ASO,ES,Combined TRACON& Tower with Radar,1,40,38,89,168,0,6,20,13,39,1,46,58,102,207,4,84,88,295
03/10/2010,MGM,AL,ASO,ES,Combined TRACON& Tower with Radar,0,29,55,15,99,0,0,0,0,0,0,29,55,15,99,0,0,0,99
03/11/2010,MGM,AL,ASO,ES,Combined TRACON& Tower with Radar,0,29,36,59,124,0,3,5,10,18,0,32,41,69,142,6,26,32,174
03/12/2010,MGM,AL,ASO,ES,Combined TRACON& Tower with Radar,0,38,35,32,105,0,0,7,1,8,0,38,42,33,113,16,6,22,135
03/13/2010,MGM,AL,ASO,ES,Combined TRACON& Tower with Radar,0,20,27,17,64,0,0,8,1,9,0,20,35,18,73,16,0,16,89
03/14/2010,MGM,AL,ASO,ES,Combined TRACON& Tower with Radar,0,28,23,17,68,0,1,16,5,22,0,29,39,22,90,4,0,4,94
03/15/2010,MGM,AL,ASO,ES,Combined TRACON& Tower with Radar,0,33,30,66,129,0,1,15,3,19,0,34,45,69,148,14,66,80,228
03/16/2010,MGM,AL,ASO,ES,Combined TRACON& Tower with Radar,0,29,30,52,111,0,1,15,1,17,0,30,45,53,128,62,18,80,208
03/17/2010,MGM,AL,ASO,ES,Combined TRACON& Tower with Radar,0,32,41,33,106,0,0,14,1,15,0,32,55,34,121,42,0,42,163
03/18/2010,MGM,AL,ASO,ES,Combined TRACON& Tower with Radar,0,34,33,69,136,0,2,32,3,37,0,36,65,72,173,24,52,76,249
03/19/2010,MGM,AL,ASO,ES,Combined TRACON& Tower with Radar,0,35,39,68,142,0,3,42,8,53,0,38,81,76,195,6,54,60,255
03/20/2010,MGM,AL,ASO,ES,Combined TRACON& Tower with Radar,0,24,21,8,53,0,0,23,2,25,0,24,44,10,78,8,0,8,86
03/21/2010,MGM,AL,ASO,ES,Combined TRACON& Tower with Radar,3,26,21,4,54,0,0,4,0,4,3,26,25,4,58,14,0,14,72
03/22/2010,MGM,AL,ASO,ES,Combined TRACON& Tower with Radar,2,35,25,40,102,0,0,24,3,27,2,35,49,43,129,26,150,176,305
03/23/2010,MGM,AL,ASO,ES,Combined TRACON& Tower with Radar,0,30,45,78,153,0,7,40,10,57,0,37,85,88,210,26,80,106,316
03/24/2010,MGM,AL,ASO,ES,Combined TRACON& Tower with Radar,3,30,45,69,147,0,1,21,20,42,3,31,66,89,189,16,122,138,327
03/25/2010,MGM,AL,ASO,ES,Combined TRACON& Tower with Radar,0,35,34,44,113,0,2,14,8,24,0,37,48,52,137,42,0,42,179
03/26/2010,MGM,AL,ASO,ES,Combined TRACON& Tower with Radar,0,34,26,46,106,0,4,19,17,40,0,38,45,63,146,38,30,68,214
03/27/2010,MGM,AL,ASO,ES,Combined TRACON& Tower with Radar,0,21,21,8,50,1,1,16,5,23,1,22,37,13,73,2,0,2,75
03/28/2010,MGM,AL,ASO,ES,Combined TRACON& Tower with Radar,0,26,19,3,48,0,2,8,7,17,0,28,27,10,65,0,0,0,65
03/29/2010,MGM,AL,ASO,ES,Combined TRACON& Tower with Radar,1,32,35,19,87,0,0,28,4,32,1,32,63,23,119,24,18,42,161
03/30/2010,MGM,AL,ASO,ES,Combined TRACON& Tower with Radar,0,38,31,66,135,0,1,31,11,43,0,39,62,77,178,26,58,84,262
03/31/2010,MGM,AL,ASO,ES,Combined TRACON& Tower with Radar,0,36,37,64,137,0,3,21,25,49,0,39,58,89,186,76,28,104,290
04/01/2010,MGM,AL,ASO,ES,Combined TRACON& Tower with Radar,0,32,30,21,83,0,0,27,14,41,0,32,57,35,124,42,16,58,182
04/02/2010,MGM,AL,ASO,ES,Combined TRACON& Tower with Radar,0,34,22,50,106,0,1,19,3,23,0,35,41,53,129,4,70,74,203
04/03/2010,MGM,AL,ASO,ES,Combined TRACON& Tower with Radar,0,20,12,8,40,0,0,10,0,10,0,20,22,8,50,0,6,6,56
04/04/2010,MGM,AL,ASO,ES,Combined TRACON& Tower with Radar,0,28,16,2,46,0,0,9,0,9,0,28,25,2,55,4,12,16,71
04/05/2010,MGM,AL,ASO,ES,Combined TRACON& Tower with Radar,0,31,36,35,102,0,2,28,2,32,0,33,64,37,134,68,52,120,254
04/06/2010,MGM,AL,ASO,ES,Combined TRACON& Tower with Radar,0,33,44,67,144,0,2,43,39,84,0,35,87,106,228,74,130,204,432
04/07/2010,MGM,AL,ASO,ES,Combined TRACON& Tower with Radar,0,36,55,95,186,0,9,20,8,37,0,45,75,103,223,14,134,148,371
04/08/2010,MGM,AL,ASO,ES,Combined TRACON& Tower with Radar,2,34,35,12,83,0,0,12,2,14,2,34,47,14,97,18,0,18,115
04/09/2010,MGM,AL,ASO,ES,Combined TRACON& Tower with Radar,0,36,47,97,180,0,3,54,6,63,0,39,101,103,243,60,86,146,389
04/10/2010,MGM,AL,ASO,ES,Combined TRACON& Tower with Radar,0,22,31,34,87,0,1,38,5,44,0,23,69,39,131,58,26,84,215
04/11/2010,MGM,AL,ASO,ES,Combined TRACON& Tower with Radar,2,31,32,42,107,0,0,43,9,52,2,31,75,51,159,50,2,52,211
04/12/2010,MGM,AL,ASO,ES,Combined TRACON& Tower with Radar,0,43,61,60,164,0,5,40,2,47,0,48,101,62,211,44,80,124,335
04/13/2010,MGM,AL,ASO,ES,Combined TRACON& Tower with Radar,0,36,52,59,147,1,1,44,0,46,1,37,96,59,193,52,48,100,293
04/14/2010,MGM,AL,ASO,ES,Combined TRACON& Tower with Radar,2,38,50,60,150,0,1,33,27,61,2,39,83,87,211,30,132,162,373
04/15/2010,MGM,AL,ASO,ES,Combined TRACON& Tower with Radar,2,34,40,71,147,0,1,22,9,32,2,35,62,80,179,60,80,140,319
04/16/2010,MGM,AL,ASO,ES,Combined TRACON& Tower with Radar,0,36,38,74,148,0,7,27,14,48,0,43,65,88,196,32,38,70,266
04/17/2010,MGM,AL,ASO,ES,Combined TRACON& Tower with Radar,4,21,18,0,43,0,7,23,0,30,4,28,41,0,73,0,0,0,73
04/18/2010,MGM,AL,ASO,ES,Combined TRACON& Tower with Radar,0,31,22,25,78,0,0,34,5,39,0,31,56,30,117,36,0,36,153
04/19/2010,MGM,AL,ASO,ES,Combined TRACON& Tower with Radar,0,32,33,55,120,0,3,16,2,21,0,35,49,57,141,48,32,80,221
04/20/2010,MGM,AL,ASO,ES,Combined TRACON& Tower with Radar,0,33,36,52,121,0,0,17,4,21,0,33,53,56,142,38,32,70,212
04/21/2010,MGM,AL,ASO,ES,Combined TRACON& Tower with Radar,1,33,43,48,125,0,0,27,9,36,1,33,70,57,161,16,74,90,251
04/22/2010,MGM,AL,ASO,ES,Combined TRACON& Tower with Radar,1,31,41,54,127,0,0,44,8,52,1,31,85,62,179,58,54,112,291
04/23/2010,MGM,AL,ASO,ES,Combined TRACON& Tower with Radar,0,36,41,39,116,0,9,11,14,34,0,45,52,53,150,2,44,46,196
04/24/2010,MGM,AL,ASO,ES,Combined TRACON& Tower with Radar,0,22,1,0,23,0,0,1,1,2,0,22,2,1,25,0,0,0,25
04/25/2010,MGM,AL,ASO,ES,Combined TRACON& Tower with Radar,0,31,27,14,72,0,2,24,2,28,0,33,51,16,100,34,0,34,134
04/26/2010,MGM,AL,ASO,ES,Combined TRACON& Tower with Radar,0,37,32,52,121,0,1,22,2,25,0,38,54,54,146,46,68,114,260
04/27/2010,MGM,AL,ASO,ES,Combined TRACON& Tower with Radar,0,33,34,73,140,0,4,25,4,33,0,37,59,77,173,12,34,46,219
04/28/2010,MGM,AL,ASO,ES,Combined TRACON& Tower with Radar,0,35,37,63,135,0,1,29,4,34,0,36,66,67,169,46,86,132,301
04/29/2010,MGM,AL,ASO,ES,Combined TRACON& Tower with Radar,0,36,37,62,135,0,7,48,1,56,0,43,85,63,191,4,76,80,271
04/30/2010,MGM,AL,ASO,ES,Combined TRACON& Tower with Radar,0,37,29,47,113,0,3,13,3,19,0,40,42,50,132,4,24,28,160
05/01/2010,MGM,AL,ASO,ES,Combined TRACON& Tower with Radar,0,25,19,2,46,0,0,1,0,1,0,25,20,2,47,0,0,0,47
05/02/2010,MGM,AL,ASO,ES,Combined TRACON& Tower with Radar,0,39,20,12,71,0,1,1,0,2,0,40,21,12,73,2,0,2,75
05/03/2010,MGM,AL,ASO,ES,Combined TRACON& Tower with Radar,0,33,30,9,72,0,0,9,2,11,0,33,39,11,83,0,0,0,83
05/04/2010,MGM,AL,ASO,ES,Combined TRACON& Tower with Radar,0,36,36,60,132,0,0,12,5,17,0,36,48,65,149,10,48,58,207
05/05/2010,MGM,AL,ASO,ES,Combined TRACON& Tower with Radar,0,36,35,99,170,0,2,20,13,35,0,38,55,112,205,2,172,174,379
05/06/2010,MGM,AL,ASO,ES,Combined TRACON& Tower with Radar,0,47,37,100,184,0,4,23,5,32,0,51,60,105,216,40,72,112,328
05/07/2010,MGM,AL,ASO,ES,Combined TRACON& Tower with Radar,3,38,42,72,155,0,1,27,5,33,3,39,69,77,188,12,58,70,258
05/08/2010,MGM,AL,ASO,ES,Combined TRACON& Tower with Radar,0,22,22,11,55,0,2,16,0,18,0,24,38,11,73,2,0,2,75
05/09/2010,MGM,AL,ASO,ES,Combined TRACON& Tower with Radar,0,38,16,11,65,0,1,13,1,15,0,39,29,12,80,2,0,2,82
05/10/2010,MGM,AL,ASO,ES,Combined TRACON& Tower with Radar,0,45,41,62,148,0,5,18,4,27,0,50,59,66,175,28,88,116,291
05/11/2010,MGM,AL,ASO,ES,Combined TRACON& Tower with Radar,1,39,45,14,99,0,2,14,5,21,1,41,59,19,120,20,8,28,148
05/12/2010,MGM,AL,ASO,ES,Combined TRACON& Tower with Radar,0,35,58,72,165,0,7,17,17,41,0,42,75,89,206,0,52,52,258
05/13/2010,MGM,AL,ASO,ES,Combined TRACON& Tower with Radar,0,36,51,60,147,0,0,23,7,30,0,36,74,67,177,46,28,74,251
05/14/2010,MGM,AL,ASO,ES,Combined TRACON& Tower with Radar,0,30,41,55,126,0,5,38,1,44,0,35,79,56,170,8,36,44,214
05/15/2010,MGM,AL,ASO,ES,Combined TRACON& Tower with Radar,2,22,23,0,47,0,0,40,0,40,2,22,63,0,87,26,0,26,113
05/16/2010,MGM,AL,ASO,ES,Combined TRACON& Tower with Radar,0,31,30,31,92,0,0,6,0,6,0,31,36,31,98,0,0,0,98
05/17/2010,MGM,AL,ASO,ES,Combined TRACON& Tower with Radar,1,38,34,51,124,0,2,13,1,16,1,40,47,52,140,6,18,24,164
05/18/2010,MGM,AL,ASO,ES,Combined TRACON& Tower with Radar,0,35,31,61,127,0,9,34,3,46,0,44,65,64,173,154,80,234,407
05/19/2010,MGM,AL,ASO,ES,Combined TRACON& Tower with Radar,0,39,43,62,144,0,43,32,11,86,0,82,75,73,230,124,70,194,424
05/20/2010,MGM,AL,ASO,ES,Combined TRACON& Tower with Radar,0,37,40,60,137,0,10,28,5,43,0,47,68,65,180,90,84,174,354
05/21/2010,MGM,AL,ASO,ES,Combined TRACON& Tower with Radar,4,32,39,31,106,0,4,19,16,39,4,36,58,47,145,54,23,77,222
05/22/2010,MGM,AL,ASO,ES,Combined TRACON& Tower with Radar,0,22,22,6,50,0,7,18,13,38,0,29,40,19,88,0,6,6,94
05/23/2010,MGM,AL,ASO,ES,Combined TRACON& Tower with Radar,0,33,22,16,71,0,0,25,6,31,0,33,47,22,102,0,0,0,102
05/24/2010,MGM,AL,ASO,ES,Combined TRACON& Tower with Radar,0,39,44,81,164,0,1,21,4,26,0,40,65,85,190,0,116,116,306
05/25/2010,MGM,AL,ASO,ES,Combined TRACON& Tower with Radar,0,35,22,58,115,0,1,17,3,21,0,36,39,61,136,44,116,160,296
05/26/2010,MGM,AL,ASO,ES,Combined TRACON& Tower with Radar,1,42,33,79,155,0,2,10,4,16,1,44,43,83,171,0,168,168,339
05/27/2010,MGM,AL,ASO,ES,Combined TRACON& Tower with Radar,0,36,32,93,161,0,0,31,13,44,0,36,63,106,205,18,110,128,333
05/28/2010,MGM,AL,ASO,ES,Combined TRACON& Tower with Radar,10,32,26,50,118,0,2,18,3,23,10,34,44,53,141,2,120,122,263
05/29/2010,MGM,AL,ASO,ES,Combined TRACON& Tower with Radar,0,20,23,0,43,0,0,3,2,5,0,20,26,2,48,0,0,0,48
05/30/2010,MGM,AL,ASO,ES,Combined TRACON& Tower with Radar,0,26,17,9,52,0,0,6,0,6,0,26,23,9,58,4,0,4,62
05/31/2010,MGM,AL,ASO,ES,Combined TRACON& Tower with Radar,0,36,26,3,65,0,0,12,0,12,0,36,38,3,77,0,0,0,77
06/01/2010,MGM,AL,ASO,ES,Combined TRACON& Tower with Radar,3,35,47,26,111,0,5,11,0,16,3,40,58,26,127,20,4,24,151
06/02/2010,MGM,AL,ASO,ES,Combined TRACON& Tower with Radar,0,38,43,20,101,0,0,16,2,18,0,38,59,22,119,2,62,64,183
06/03/2010,MGM,AL,ASO,ES,Combined TRACON& Tower with Radar,1,38,53,75,167,0,1,16,20,37,1,39,69,95,204,0,30,30,234
06/04/2010,MGM,AL,ASO,ES,Combined TRACON& Tower with Radar,0,36,44,60,140,0,2,13,33,48,0,38,57,93,188,16,44,60,248
06/05/2010,MGM,AL,ASO,ES,Combined TRACON& Tower with Radar,0,22,39,11,72,0,0,1,0,1,0,22,40,11,73,0,8,8,81
06/06/2010,MGM,AL,ASO,ES,Combined TRACON& Tower with Radar,0,34,31,23,88,0,0,8,7,15,0,34,39,30,103,12,12,24,127
06/07/2010,MGM,AL,ASO,ES,Combined TRACON& Tower with Radar,0,35,35,42,112,0,3,38,3,44,0,38,73,45,156,18,18,36,192
06/08/2010,MGM,AL,ASO,ES,Combined TRACON& Tower with Radar,0,35,35,78,148,0,1,22,2,25,0,36,57,80,173,36,80,116,289
06/09/2010,MGM,AL,ASO,ES,Combined TRACON& Tower with Radar,0,42,31,122,195,0,9,31,8,48,0,51,62,130,243,8,86,94,337
06/10/2010,MGM,AL,ASO,ES,Combined TRACON& Tower with Radar,0,32,47,85,164,0,3,32,5,40,0,35,79,90,204,66,74,140,344
06/11/2010,MGM,AL,ASO,ES,Combined TRACON& Tower with Radar,0,33,33,50,116,0,6,23,9,38,0,39,56,59,154,60,56,116,270
06/12/2010,MGM,AL,ASO,ES,Combined TRACON& Tower with Radar,2,24,14,6,46,0,0,15,4,19,2,24,29,10,65,4,4,8,73
06/13/2010,MGM,AL,ASO,ES,Combined TRACON& Tower with Radar,0,31,27,14,72,0,1,24,7,32,0,32,51,21,104,0,0,0,104
06/14/2010,MGM,AL,ASO,ES,Combined TRACON& Tower with Radar,0,38,37,61,136,0,3,23,1,27,0,41,60,62,163,8,68,76,239
06/15/2010,MGM,AL,ASO,ES,Combined TRACON& Tower with Radar,2,33,27,59,121,0,0,25,2,27,2,33,52,61,148,42,46,88,236
06/16/2010,MGM,AL,ASO,ES,Combined TRACON& Tower with Radar,0,32,49,82,163,0,1,10,16,27,0,33,59,98,190,0,68,68,258
06/17/2010,MGM,AL,ASO,ES,Combined TRACON& Tower with Radar,2,43,35,109,189,0,2,25,5,32,2,45,60,114,221,10,128,138,359
06/18/2010,MGM,AL,ASO,ES,Combined TRACON& Tower with Radar,0,38,32,69,139,0,11,28,22,61,0,49,60,91,200,26,42,68,268
06/19/2010,MGM,AL,ASO,ES,Combined TRACON& Tower with Radar,4,22,18,2,46,0,0,23,0,23,4,22,41,2,69,22,0,22,91
06/20/2010,MGM,AL,ASO,ES,Combined TRACON& Tower with Radar,0,32,16,36,84,0,0,11,4,15,0,32,27,40,99,12,0,12,111
06/21/2010,MGM,AL,ASO,ES,Combined TRACON& Tower with Radar,0,42,28,47,117,0,6,22,0,28,0,48,50,47,145,30,30,60,205
06/22/2010,MGM,AL,ASO,ES,Combined TRACON& Tower with Radar,0,33,29,26,88,0,5,23,6,34,0,38,52,32,122,0,36,36,158
06/23/2010,MGM,AL,ASO,ES,Combined TRACON& Tower with Radar,0,37,38,74,149,0,0,22,20,42,0,37,60,94,191,48,58,106,297
06/24/2010,MGM,AL,ASO,ES,Combined TRACON& Tower with Radar,2,32,27,38,99,0,2,17,3,22,2,34,44,41,121,6,38,44,165
06/25/2010,MGM,AL,ASO,ES,Combined TRACON& Tower with Radar,0,34,28,35,97,0,0,28,11,39,0,34,56,46,136,16,8,24,160
06/26/2010,MGM,AL,ASO,ES,Combined TRACON& Tower with Radar,0,23,18,0,41,0,0,32,0,32,0,23,50,0,73,0,0,0,73
06/27/2010,MGM,AL,ASO,ES,Combined TRACON& Tower with Radar,0,34,19,19,72,0,0,20,7,27,0,34,39,26,99,6,10,16,115
06/28/2010,MGM,AL,ASO,ES,Combined TRACON& Tower with Radar,2,31,39,41,113,0,3,15,2,20,2,34,54,43,133,4,10,14,147
06/29/2010,MGM,AL,ASO,ES,Combined TRACON& Tower with Radar,5,39,45,40,129,0,5,17,3,25,5,44,62,43,154,12,48,60,214
06/30/2010,MGM,AL,ASO,ES,Combined TRACON& Tower with Radar,0,37,33,73,143,0,2,10,1,13,0,39,43,74,156,4,38,42,198
07/01/2010,MGM,AL,ASO,ES,Combined TRACON& Tower with Radar,0,37,21,79,137,0,11,8,12,31,0,48,29,91,168,0,58,58,226
07/02/2010,MGM,AL,ASO,ES,Combined TRACON& Tower with Radar,0,37,27,43,107,0,4,15,5,24,0,41,42,48,131,8,62,70,201
07/03/2010,MGM,AL,ASO,ES,Combined TRACON& Tower with Radar,0,22,9,4,35,0,0,20,0,20,0,22,29,4,55,8,0,8,63
07/04/2010,MGM,AL,ASO,ES,Combined TRACON& Tower with Radar,0,20,4,9,33,0,0,10,0,10,0,20,14,9,43,12,12,24,67
07/05/2010,MGM,AL,ASO,ES,Combined TRACON& Tower with Radar,0,33,38,0,71,0,0,18,0,18,0,33,56,0,89,44,0,44,133
07/06/2010,MGM,AL,ASO,ES,Combined TRACON& Tower with Radar,0,38,31,24,93,0,3,12,3,18,0,41,43,27,111,6,50,56,167
07/07/2010,MGM,AL,ASO,ES,Combined TRACON& Tower with Radar,0,33,23,72,128,0,2,23,12,37,0,35,46,84,165,36,68,104,269
07/08/2010,MGM,AL,ASO,ES,Combined TRACON& Tower with Radar,0,33,37,89,159,0,3,23,9,35,0,36,60,98,194,36,68,104,298
07/09/2010,MGM,AL,ASO,ES,Combined TRACON& Tower with Radar,0,34,26,79,139,0,3,18,6,27,0,37,44,85,166,24,16,40,206
07/10/2010,MGM,AL,ASO,ES,Combined TRACON& Tower with Radar,2,26,19,8,55,0,1,12,2,15,2,27,31,10,70,0,16,16,86
07/11/2010,MGM,AL,ASO,ES,Combined TRACON& Tower with Radar,0,33,16,22,71,0,1,15,7,23,0,34,31,29,94,0,12,12,106
07/12/2010,MGM,AL,ASO,ES,Combined TRACON& Tower with Radar,6,34,34,73,147,0,2,20,6,28,6,36,54,79,175,10,54,64,239
07/13/2010,MGM,AL,ASO,ES,Combined TRACON& Tower with Radar,6,37,37,83,163,0,1,16,10,27,6,38,53,93,190,38,88,126,316
07/14/2010,MGM,AL,ASO,ES,Combined TRACON& Tower with Radar,1,38,30,55,124,0,1,20,11,32,1,39,50,66,156,14,22,36,192
07/15/2010,MGM,AL,ASO,ES,Combined TRACON& Tower with Radar,0,37,41,42,120,0,2,16,14,32,0,39,57,56,152,2,24,26,178
07/16/2010,MGM,AL,ASO,ES,Combined TRACON& Tower with Radar,2,35,45,53,135,0,1,11,17,29,2,36,56,70,164,0,10,10,174
07/17/2010,MGM,AL,ASO,ES,Combined TRACON& Tower with Radar,2,24,22,8,56,0,0,8,3,11,2,24,30,11,67,4,6,10,77
07/18/2010,MGM,AL,ASO,ES,Combined TRACON& Tower with Radar,0,29,17,8,54,0,0,3,10,13,0,29,20,18,67,2,2,4,71
07/19/2010,MGM,AL,ASO,ES,Combined TRACON& Tower with Radar,0,34,20,48,102,0,3,17,7,27,0,37,37,55,129,0,42,42,171
07/20/2010,MGM,AL,ASO,ES,Combined TRACON& Tower with Radar,1,32,18,80,131,0,2,34,10,46,1,34,52,90,177,48,64,112,289
07/21/2010,MGM,AL,ASO,ES,Combined TRACON& Tower with Radar,1,35,28,99,163,0,9,33,10,52,1,44,61,109,215,46,90,136,351
07/22/2010,MGM,AL,ASO,ES,Combined TRACON& Tower with Radar,2,33,42,66,143,0,1,26,15,42,2,34,68,81,185,44,80,124,309
07/23/2010,MGM,AL,ASO,ES,Combined TRACON& Tower with Radar,0,33,37,31,101,0,0,12,10,22,0,33,49,41,123,8,26,34,157
07/24/2010,MGM,AL,ASO,ES,Combined TRACON& Tower with Radar,2,23,16,3,44,0,0,14,10,24,2,23,30,13,68,0,0,0,68
07/25/2010,MGM,AL,ASO,ES,Combined TRACON& Tower with Radar,0,31,26,13,70,0,0,14,7,21,0,31,40,20,91,0,4,4,95
07/26/2010,MGM,AL,ASO,ES,Combined TRACON& Tower with Radar,0,32,26,100,158,0,5,18,2,25,0,37,44,102,183,24,104,128,311
07/27/2010,MGM,AL,ASO,ES,Combined TRACON& Tower with Radar,0,29,36,65,130,0,3,13,11,27,0,32,49,76,157,6,86,92,249
07/28/2010,MGM,AL,ASO,ES,Combined TRACON& Tower with Radar,1,39,28,106,174,0,0,23,13,36,1,39,51,119,210,30,112,142,352
07/29/2010,MGM,AL,ASO,ES,Combined TRACON& Tower with Radar,3,35,40,63,141,0,1,12,4,17,3,36,52,67,158,8,28,36,194
07/30/2010,MGM,AL,ASO,ES,Combined TRACON& Tower with Radar,0,38,27,69,134,0,11,15,12,38,0,49,42,81,172,10,56,66,238
07/31/2010,MGM,AL,ASO,ES,Combined TRACON& Tower with Radar,0,23,23,11,57,0,2,19,0,21,0,25,42,11,78,18,32,50,128
08/01/2010,MGM,AL,ASO,ES,Combined TRACON& Tower with Radar,0,29,27,5,61,0,0,14,7,21,0,29,41,12,82,14,0,14,96
08/02/2010,MGM,AL,ASO,ES,Combined TRACON& Tower with Radar,0,34,24,20,78,0,3,3,3,9,0,37,27,23,87,8,16,24,111
08/03/2010,MGM,AL,ASO,ES,Combined TRACON& Tower with Radar,0,34,22,61,117,0,0,6,8,14,0,34,28,69,131,20,125,145,276
08/04/2010,MGM,AL,ASO,ES,Combined TRACON& Tower with Radar,0,43,27,61,131,0,3,16,12,31,0,46,43,73,162,2,76,78,240
08/05/2010,MGM,AL,ASO,ES,Combined TRACON& Tower with Radar,0,47,48,107,202,0,1,8,11,20,0,48,56,118,222,8,87,95,317
08/06/2010,MGM,AL,ASO,ES,Combined TRACON& Tower with Radar,2,30,25,63,120,0,6,14,21,41,2,36,39,84,161,0,36,36,197
08/07/2010,MGM,AL,ASO,ES,Combined TRACON& Tower with Radar,0,29,14,6,49,0,0,12,5,17,0,29,26,11,66,8,4,12,78
08/08/2010,MGM,AL,ASO,ES,Combined TRACON& Tower with Radar,0,31,30,6,67,0,0,7,0,7,0,31,37,6,74,0,0,0,74
08/09/2010,MGM,AL,ASO,ES,Combined TRACON& Tower with Radar,0,33,20,30,83,0,3,11,4,18,0,36,31,34,101,22,16,38,139
08/10/2010,MGM,AL,ASO,ES,Combined TRACON& Tower with Radar,0,31,29,52,112,0,1,37,2,40,0,32,66,54,152,46,52,98,250
08/11/2010,MGM,AL,ASO,ES,Combined TRACON& Tower with Radar,0,41,26,75,142,0,7,21,6,34,0,48,47,81,176,22,44,66,242
08/12/2010,MGM,AL,ASO,ES,Combined TRACON& Tower with Radar,0,39,23,56,118,0,9,16,17,42,0,48,39,73,160,12,40,52,212
08/13/2010,MGM,AL,ASO,ES,Combined TRACON& Tower with Radar,1,38,31,51,121,0,0,7,3,10,1,38,38,54,131,8,0,8,139
08/14/2010,MGM,AL,ASO,ES,Combined TRACON& Tower with Radar,0,23,31,1,55,0,1,6,0,7,0,24,37,1,62,16,0,16,78
08/15/2010,MGM,AL,ASO,ES,Combined TRACON& Tower with Radar,2,32,28,14,76,0,1,18,1,20,2,33,46,15,96,0,0,0,96
08/16/2010,MGM,AL,ASO,ES,Combined TRACON& Tower with Radar,0,42,33,79,154,0,9,6,6,21,0,51,39,85,175,52,82,134,309
08/17/2010,MGM,AL,ASO,ES,Combined TRACON& Tower with Radar,0,35,37,72,144,0,0,17,2,19,0,35,54,74,163,14,63,77,240
08/18/2010,MGM,AL,ASO,ES,Combined TRACON& Tower with Radar,0,33,35,72,140,0,4,14,20,38,0,37,49,92,178,8,76,84,262
08/19/2010,MGM,AL,ASO,ES,Combined TRACON& Tower with Radar,0,31,28,44,103,0,7,12,2,21,0,38,40,46,124,0,80,80,204
08/20/2010,MGM,AL,ASO,ES,Combined TRACON& Tower with Radar,0,29,34,56,119,0,7,15,10,32,0,36,49,66,151,30,20,50,201
08/21/2010,MGM,AL,ASO,ES,Combined TRACON& Tower with Radar,4,24,28,0,56,0,0,12,0,12,4,24,40,0,68,30,0,30,98
08/22/2010,MGM,AL,ASO,ES,Combined TRACON& Tower with Radar,0,31,22,6,59,0,0,14,4,18,0,31,36,10,77,10,0,10,87
08/23/2010,MGM,AL,ASO,ES,Combined TRACON& Tower with Radar,0,36,29,57,122,0,6,27,1,34,0,42,56,58,156,44,34,78,234
08/24/2010,MGM,AL,ASO,ES,Combined TRACON& Tower with Radar,0,37,35,131,203,0,1,48,12,61,0,38,83,143,264,92,72,164,428
08/25/2010,MGM,AL,ASO,ES,Combined TRACON& Tower with Radar,0,37,24,63,124,0,10,20,16,46,0,47,44,79,170,18,44,62,232
08/26/2010,MGM,AL,ASO,ES,Combined TRACON& Tower with Radar,0,34,29,52,115,0,0,23,6,29,0,34,52,58,144,80,56,136,280
08/27/2010,MGM,AL,ASO,ES,Combined TRACON& Tower with Radar,0,37,46,66,149,0,1,10,10,21,0,38,56,76,170,2,4,6,176
08/28/2010,MGM,AL,ASO,ES,Combined TRACON& Tower with Radar,0,21,12,8,41,0,0,13,14,27,0,21,25,22,68,14,5,19,87
08/29/2010,MGM,AL,ASO,ES,Combined TRACON& Tower with Radar,0,31,20,6,57,0,0,5,7,12,0,31,25,13,69,10,0,10,79
08/30/2010,MGM,AL,ASO,ES,Combined TRACON& Tower with Radar,0,35,28,16,79,0,13,17,0,30,0,48,45,16,109,46,0,46,155
08/31/2010,MGM,AL,ASO,ES,Combined TRACON& Tower with Radar,0,37,16,48,101,0,8,13,2,23,0,45,29,50,124,28,16,44,168
09/01/2010,MGM,AL,ASO,ES,Combined TRACON& Tower with Radar,0,32,37,49,118,0,9,25,3,37,0,41,62,52,155,26,4,30,185
09/02/2010,MGM,AL,ASO,ES,Combined TRACON& Tower with Radar,0,32,32,72,136,0,1,27,2,30,0,33,59,74,166,32,46,78,244
09/03/2010,MGM,AL,ASO,ES,Combined TRACON& Tower with Radar,2,36,33,31,102,0,2,22,6,30,2,38,55,37,132,20,16,36,168
09/04/2010,MGM,AL,ASO,ES,Combined TRACON& Tower with Radar,1,21,12,5,39,0,0,14,1,15,1,21,26,6,54,4,0,4,58
09/05/2010,MGM,AL,ASO,ES,Combined TRACON& Tower with Radar,0,24,9,4,37,0,0,23,0,23,0,24,32,4,60,0,0,0,60
09/06/2010,MGM,AL,ASO,ES,Combined TRACON& Tower with Radar,2,32,15,0,49,0,1,21,0,22,2,33,36,0,71,26,0,26,97
09/07/2010,MGM,AL,ASO,ES,Combined TRACON& Tower with Radar,0,31,21,40,92,0,3,19,1,23,0,34,40,41,115,12,52,64,179
09/08/2010,MGM,AL,ASO,ES,Combined TRACON& Tower with Radar,0,42,43,62,147,0,2,14,15,31,0,44,57,77,178,90,88,178,356
09/09/2010,MGM,AL,ASO,ES,Combined TRACON& Tower with Radar,0,35,27,45,107,0,3,21,19,43,0,38,48,64,150,6,46,52,202
09/10/2010,MGM,AL,ASO,ES,Combined TRACON& Tower with Radar,0,36,28,54,118,0,10,22,8,40,0,46,50,62,158,10,48,58,216
09/11/2010,MGM,AL,ASO,ES,Combined TRACON& Tower with Radar,0,22,26,4,52,0,0,10,7,17,0,22,36,11,69,22,0,22,91
09/12/2010,MGM,AL,ASO,ES,Combined TRACON& Tower with Radar,0,33,15,21,69,0,0,23,6,29,0,33,38,27,98,8,8,16,114
09/13/2010,MGM,AL,ASO,ES,Combined TRACON& Tower with Radar,0,39,29,44,112,0,4,21,3,28,0,43,50,47,140,20,54,74,214
09/14/2010,MGM,AL,ASO,ES,Combined TRACON& Tower with Radar,0,36,29,62,127,0,7,23,15,45,0,43,52,77,172,20,28,48,220
09/15/2010,MGM,AL,ASO,ES,Combined TRACON& Tower with Radar,0,38,31,95,164,0,21,32,7,60,0,59,63,102,224,22,68,90,314
09/16/2010,MGM,AL,ASO,ES,Combined TRACON& Tower with Radar,1,33,36,72,142,0,2,24,4,30,1,35,60,76,172,36,76,112,284
09/17/2010,MGM,AL,ASO,ES,Combined TRACON& Tower with Radar,1,33,42,50,126,0,12,30,13,55,1,45,72,63,181,10,42,52,233
09/18/2010,MGM,AL,ASO,ES,Combined TRACON& Tower with Radar,0,22,18,9,49,0,2,28,15,45,0,24,46,24,94,54,0,54,148
09/19/2010,MGM,AL,ASO,ES,Combined TRACON& Tower with Radar,0,31,19,33,83,0,0,14,4,18,0,31,33,37,101,6,0,6,107
09/20/2010,MGM,AL,ASO,ES,Combined TRACON& Tower with Radar,0,46,24,102,172,0,8,25,8,41,0,54,49,110,213,2,125,127,340
09/21/2010,MGM,AL,ASO,ES,Combined TRACON& Tower with Radar,0,36,39,76,151,0,0,28,14,42,0,36,67,90,193,4,48,52,245
09/22/2010,MGM,AL,ASO,ES,Combined TRACON& Tower with Radar,0,33,30,116,179,0,5,25,14,44,0,38,55,130,223,5,84,89,312
09/23/2010,MGM,AL,ASO,ES,Combined TRACON& Tower with Radar,0,33,32,98,163,0,4,28,6,38,0,37,60,104,201,24,72,96,297
09/24/2010,MGM,AL,ASO,ES,Combined TRACON& Tower with Radar,2,33,33,105,173,0,5,27,6,38,2,38,60,111,211,30,142,172,383
09/25/2010,MGM,AL,ASO,ES,Combined TRACON& Tower with Radar,0,21,27,4,52,0,4,20,0,24,0,25,47,4,76,20,0,20,96
09/26/2010,MGM,AL,ASO,ES,Combined TRACON& Tower with Radar,0,30,24,6,60,0,0,2,0,2,0,30,26,6,62,0,0,0,62
09/27/2010,MGM,AL,ASO,ES,Combined TRACON& Tower with Radar,2,37,38,86,163,0,7,12,5,24,2,44,50,91,187,14,34,48,235
09/28/2010,MGM,AL,ASO,ES,Combined TRACON& Tower with Radar,0,33,26,68,127,0,0,35,7,42,0,33,61,75,169,66,60,126,295
09/29/2010,MGM,AL,ASO,ES,Combined TRACON& Tower with Radar,0,34,33,58,125,0,0,27,11,38,0,34,60,69,163,44,82,126,289
09/30/2010,MGM,AL,ASO,ES,Combined TRACON& Tower with Radar,0,40,33,32,105,0,6,28,8,42,0,46,61,40,147,14,12,26,173
10/01/2010,MGM,AL,ASO,ES,Combined TRACON& Tower with Radar,0,37,38,50,125,0,8,31,16,55,0,45,69,66,180,10,79,89,269
10/02/2010,MGM,AL,ASO,ES,Combined TRACON& Tower with Radar,0,19,3,2,24,0,4,20,11,35,0,23,23,13,59,42,1,43,102
10/03/2010,MGM,AL,ASO,ES,Combined TRACON& Tower with Radar,0,28,22,12,62,0,0,21,4,25,0,28,43,16,87,6,4,10,97
10/04/2010,MGM,AL,ASO,ES,Combined TRACON& Tower with Radar,0,41,18,33,92,0,3,16,1,20,0,44,34,34,112,28,16,44,156
10/05/2010,MGM,AL,ASO,ES,Combined TRACON& Tower with Radar,0,37,23,66,126,0,1,28,3,32,0,38,51,69,158,42,72,114,272
10/06/2010,MGM,AL,ASO,ES,Combined TRACON& Tower with Radar,0,34,30,88,152,0,30,30,5,65,0,64,60,93,217,84,139,223,440
10/07/2010,MGM,AL,ASO,ES,Combined TRACON& Tower with Radar,2,38,45,39,124,0,6,25,10,41,2,44,70,49,165,24,48,72,237
10/08/2010,MGM,AL,ASO,ES,Combined TRACON& Tower with Radar,2,31,26,23,82,0,2,20,8,30,2,33,46,31,112,8,0,8,120
10/09/2010,MGM,AL,ASO,ES,Combined TRACON& Tower with Radar,2,19,10,0,31,0,0,18,0,18,2,19,28,0,49,0,0,0,49
10/10/2010,MGM,AL,ASO,ES,Combined TRACON& Tower with Radar,0,28,7,10,45,0,2,18,1,21,0,30,25,11,66,14,8,22,88
10/11/2010,MGM,AL,ASO,ES,Combined TRACON& Tower with Radar,0,31,35,7,73,0,1,24,0,25,0,32,59,7,98,18,6,24,122
10/12/2010,MGM,AL,ASO,ES,Combined TRACON& Tower with Radar,0,37,31,63,131,0,11,12,9,32,0,48,43,72,163,16,24,40,203
10/13/2010,MGM,AL,ASO,ES,Combined TRACON& Tower with Radar,1,31,26,70,128,0,2,12,8,22,1,33,38,78,150,88,38,126,276
10/14/2010,MGM,AL,ASO,ES,Combined TRACON& Tower with Radar,0,37,24,54,115,0,17,14,8,39,0,54,38,62,154,22,46,68,222
10/15/2010,MGM,AL,ASO,ES,Combined TRACON& Tower with Radar,3,39,26,100,168,0,2,18,16,36,3,41,44,116,204,6,68,74,278
10/16/2010,MGM,AL,ASO,ES,Combined TRACON& Tower with Radar,0,21,25,5,51,0,0,32,0,32,0,21,57,5,83,68,0,68,151
10/17/2010,MGM,AL,ASO,ES,Combined TRACON& Tower with Radar,0,31,12,20,63,0,0,30,8,38,0,31,42,28,101,0,4,4,105
10/18/2010,MGM,AL,ASO,ES,Combined TRACON& Tower with Radar,0,32,46,47,125,0,0,24,14,38,0,32,70,61,163,14,44,58,221
10/19/2010,MGM,AL,ASO,ES,Combined TRACON& Tower with Radar,0,31,26,34,91,0,3,14,2,19,0,34,40,36,110,0,26,26,136
10/20/2010,MGM,AL,ASO,ES,Combined TRACON& Tower with Radar,0,34,25,69,128,0,3,21,13,37,0,37,46,82,165,4,126,130,295
10/21/2010,MGM,AL,ASO,ES,Combined TRACON& Tower with Radar,0,32,27,88,147,0,4,17,15,36,0,36,44,103,183,30,70,100,283
10/22/2010,MGM,AL,ASO,ES,Combined TRACON& Tower with Radar,3,40,53,63,159,0,2,35,13,50,3,42,88,76,209,4,106,110,319
10/23/2010,MGM,AL,ASO,ES,Combined TRACON& Tower with Radar,2,19,13,0,34,0,2,29,0,31,2,21,42,0,65,10,0,10,75
10/24/2010,MGM,AL,ASO,ES,Combined TRACON& Tower with Radar,0,27,35,18,80,0,0,14,3,17,0,27,49,21,97,6,0,6,103
10/25/2010,MGM,AL,ASO,ES,Combined TRACON& Tower with Radar,0,42,29,28,99,0,4,8,5,17,0,46,37,33,116,28,24,52,168
10/26/2010,MGM,AL,ASO,ES,Combined TRACON& Tower with Radar,0,32,28,38,98,0,3,8,7,18,0,35,36,45,116,0,26,26,142
10/27/2010,MGM,AL,ASO,ES,Combined TRACON& Tower with Radar,0,26,20,36,82,0,5,9,9,23,0,31,29,45,105,22,18,40,145
10/28/2010,MGM,AL,ASO,ES,Combined TRACON& Tower with Radar,0,32,22,42,96,0,3,16,2,21,0,35,38,44,117,2,7,9,126
10/29/2010,MGM,AL,ASO,ES,Combined TRACON& Tower with Radar,0,31,63,73,167,0,2,26,11,39,0,33,89,84,206,36,60,96,302
10/30/2010,MGM,AL,ASO,ES,Combined TRACON& Tower with Radar,0,19,20,0,39,0,1,25,0,26,0,20,45,0,65,2,0,2,67
10/31/2010,MGM,AL,ASO,ES,Combined TRACON& Tower with Radar,0,28,12,1,41,0,0,17,0,17,0,28,29,1,58,2,0,2,60
11/01/2010,MGM,AL,ASO,ES,Combined TRACON& Tower with Radar,0,37,30,37,104,0,5,32,10,47,0,42,62,47,151,34,46,80,231
11/02/2010,MGM,AL,ASO,ES,Combined TRACON& Tower with Radar,0,46,23,89,158,0,2,10,2,14,0,48,33,91,172,8,104,112,284
11/03/2010,MGM,AL,ASO,ES,Combined TRACON& Tower with Radar,3,34,18,41,96,0,1,3,1,5,3,35,21,42,101,22,49,71,172
11/04/2010,MGM,AL,ASO,ES,Combined TRACON& Tower with Radar,0,32,53,44,129,0,5,26,3,34,0,37,79,47,163,0,8,8,171
11/05/2010,MGM,AL,ASO,ES,Combined TRACON& Tower with Radar,0,33,36,47,116,0,4,25,22,51,0,37,61,69,167,30,54,84,251
11/06/2010,MGM,AL,ASO,ES,Combined TRACON& Tower with Radar,0,22,15,8,45,0,0,16,5,21,0,22,31,13,66,0,10,10,76
11/07/2010,MGM,AL,ASO,ES,Combined TRACON& Tower with Radar,0,29,22,14,65,0,0,21,7,28,0,29,43,21,93,4,0,4,97
11/08/2010,MGM,AL,ASO,ES,Combined TRACON& Tower with Radar,0,34,47,74,155,0,2,20,5,27,0,36,67,79,182,20,152,172,354
11/09/2010,MGM,AL,ASO,ES,Combined TRACON& Tower with Radar,0,34,45,42,121,0,6,20,10,36,0,40,65,52,157,56,60,116,273
11/10/2010,MGM,AL,ASO,ES,Combined TRACON& Tower with Radar,0,38,34,69,141,0,0,31,11,42,0,38,65,80,183,26,32,58,241
11/11/2010,MGM,AL,ASO,ES,Combined TRACON& Tower with Radar,0,33,31,2,66,0,2,35,4,41,0,35,66,6,107,6,0,6,113
11/12/2010,MGM,AL,ASO,ES,Combined TRACON& Tower with Radar,1,32,38,31,102,0,0,28,8,36,1,32,66,39,138,24,42,66,204
11/13/2010,MGM,AL,ASO,ES,Combined TRACON& Tower with Radar,1,20,12,23,56,0,3,19,6,28,1,23,31,29,84,60,8,68,152
11/14/2010,MGM,AL,ASO,ES,Combined TRACON& Tower with Radar,0,26,22,38,86,0,1,15,6,22,0,27,37,44,108,30,0,30,138
11/15/2010,MGM,AL,ASO,ES,Combined TRACON& Tower with Radar,0,32,35,4,71,0,0,3,0,3,0,32,38,4,74,0,0,0,74
11/16/2010,MGM,AL,ASO,ES,Combined TRACON& Tower with Radar,0,31,26,23,80,0,0,7,3,10,0,31,33,26,90,0,14,14,104
11/17/2010,MGM,AL,ASO,ES,Combined TRACON& Tower with Radar,0,33,45,34,112,0,7,31,21,59,0,40,76,55,171,36,28,64,235
11/18/2010,MGM,AL,ASO,ES,Combined TRACON& Tower with Radar,0,32,27,56,115,0,12,14,6,32,0,44,41,62,147,32,110,142,289
11/19/2010,MGM,AL,ASO,ES,Combined TRACON& Tower with Radar,0,36,49,45,130,0,2,32,0,34,0,38,81,45,164,54,28,82,246
11/20/2010,MGM,AL,ASO,ES,Combined TRACON& Tower with Radar,0,21,37,4,62,0,0,66,1,67,0,21,103,5,129,0,0,0,129
11/21/2010,MGM,AL,ASO,ES,Combined TRACON& Tower with Radar,0,29,23,21,73,0,0,14,1,15,0,29,37,22,88,6,0,6,94
11/22/2010,MGM,AL,ASO,ES,Combined TRACON& Tower with Radar,0,38,23,95,156,0,7,17,5,29,0,45,40,100,185,16,84,100,285
11/23/2010,MGM,AL,ASO,ES,Combined TRACON& Tower with Radar,0,32,35,47,114,0,0,7,1,8,0,32,42,48,122,8,22,30,152
11/24/2010,MGM,AL,ASO,ES,Combined TRACON& Tower with Radar,0,34,37,26,97,0,1,3,0,4,0,35,40,26,101,0,0,0,101
11/25/2010,MGM,AL,ASO,ES,Combined TRACON& Tower with Radar,0,17,7,0,24,0,1,5,0,6,0,18,12,0,30,0,0,0,30
11/26/2010,MGM,AL,ASO,ES,Combined TRACON& Tower with Radar,0,22,12,0,34,0,0,0,0,0,0,22,12,0,34,0,0,0,34
11/27/2010,MGM,AL,ASO,ES,Combined TRACON& Tower with Radar,0,24,16,0,40,0,0,10,0,10,0,24,26,0,50,0,0,0,50
11/28/2010,MGM,AL,ASO,ES,Combined TRACON& Tower with Radar,0,30,29,0,59,0,0,21,0,21,0,30,50,0,80,0,6,6,86
11/29/2010,MGM,AL,ASO,ES,Combined TRACON& Tower with Radar,0,31,26,66,123,0,0,2,0,2,0,31,28,66,125,0,20,20,145
11/30/2010,MGM,AL,ASO,ES,Combined TRACON& Tower with Radar,0,29,14,21,64,0,0,0,0,0,0,29,14,21,64,0,0,0,64
12/01/2010,MGM,AL,ASO,ES,Combined TRACON& Tower with Radar,0,36,24,65,125,0,5,36,11,52,0,41,60,76,177,28,39,67,244
12/02/2010,MGM,AL,ASO,ES,Combined TRACON& Tower with Radar,0,39,31,79,149,0,4,29,10,43,0,43,60,89,192,39,106,145,337
12/03/2010,MGM,AL,ASO,ES,Combined TRACON& Tower with Radar,0,34,26,38,98,0,1,21,12,34,0,35,47,50,132,10,16,26,158
12/04/2010,MGM,AL,ASO,ES,Combined TRACON& Tower with Radar,0,23,17,19,59,0,0,21,14,35,0,23,38,33,94,4,70,74,168
12/05/2010,MGM,AL,ASO,ES,Combined TRACON& Tower with Radar,0,26,25,5,56,0,0,14,2,16,0,26,39,7,72,0,0,0,72
12/06/2010,MGM,AL,ASO,ES,Combined TRACON& Tower with Radar,0,32,19,81,132,0,9,13,0,22,0,41,32,81,154,16,120,136,290
12/07/2010,MGM,AL,ASO,ES,Combined TRACON& Tower with Radar,0,37,31,56,124,0,7,13,12,32,0,44,44,68,156,56,42,98,254
12/08/2010,MGM,AL,ASO,ES,Combined TRACON& Tower with Radar,0,39,21,77,137,0,6,11,11,28,0,45,32,88,165,60,104,164,329
12/09/2010,MGM,AL,ASO,ES,Combined TRACON& Tower with Radar,0,33,41,101,175,0,9,11,16,36,0,42,52,117,211,32,126,158,369
12/10/2010,MGM,AL,ASO,ES,Combined TRACON& Tower with Radar,0,33,49,62,144,0,1,19,11,31,0,34,68,73,175,58,22,80,255
12/11/2010,MGM,AL,ASO,ES,Combined TRACON& Tower with Radar,0,22,11,23,56,0,0,9,5,14,0,22,20,28,70,10,14,24,94
12/12/2010,MGM,AL,ASO,ES,Combined TRACON& Tower with Radar,0,27,6,24,57,0,1,0,2,3,0,28,6,26,60,0,6,6,66
12/13/2010,MGM,AL,ASO,ES,Combined TRACON& Tower with Radar,0,31,23,42,96,0,1,12,9,22,0,32,35,51,118,52,68,120,238
12/14/2010,MGM,AL,ASO,ES,Combined TRACON& Tower with Radar,0,33,30,59,122,0,0,20,8,28,0,33,50,67,150,10,26,36,186
12/15/2010,MGM,AL,ASO,ES,Combined TRACON& Tower with Radar,0,35,27,51,113,0,0,5,19,24,0,35,32,70,137,0,50,50,187
12/16/2010,MGM,AL,ASO,ES,Combined TRACON& Tower with Radar,0,31,45,61,137,0,0,4,1,5,0,31,49,62,142,0,96,96,238
12/17/2010,MGM,AL,ASO,ES,Combined TRACON& Tower with Radar,0,32,47,73,152,0,0,7,5,12,0,32,54,78,164,10,36,46,210
12/18/2010,MGM,AL,ASO,ES,Combined TRACON& Tower with Radar,0,23,34,0,57,0,0,13,0,13,0,23,47,0,70,0,0,0,70
12/19/2010,MGM,AL,ASO,ES,Combined TRACON& Tower with Radar,0,27,19,10,56,0,0,16,0,16,0,27,35,10,72,2,0,2,74
12/20/2010,MGM,AL,ASO,ES,Combined TRACON& Tower with Radar,0,33,24,7,64,0,0,34,1,35,0,33,58,8,99,24,0,24,123
12/21/2010,MGM,AL,ASO,ES,Combined TRACON& Tower with Radar,0,35,25,55,115,0,2,12,13,27,0,37,37,68,142,0,76,76,218
12/22/2010,MGM,AL,ASO,ES,Combined TRACON& Tower with Radar,0,34,28,61,123,0,3,16,21,40,0,37,44,82,163,44,40,84,247
12/23/2010,MGM,AL,ASO,ES,Combined TRACON& Tower with Radar,0,34,26,20,80,0,0,9,1,10,0,34,35,21,90,14,12,26,116
12/24/2010,MGM,AL,ASO,ES,Combined TRACON& Tower with Radar,0,26,5,0,31,0,0,16,0,16,0,26,21,0,47,8,0,8,55
12/25/2010,MGM,AL,ASO,ES,Combined TRACON& Tower with Radar,0,11,2,0,13,0,0,0,0,0,0,11,2,0,13,0,0,0,13
12/26/2010,MGM,AL,ASO,ES,Combined TRACON& Tower with Radar,0,24,10,0,34,0,0,2,0,2,0,24,12,0,36,0,0,0,36
12/27/2010,MGM,AL,ASO,ES,Combined TRACON& Tower with Radar,0,33,12,14,59,0,0,11,0,11,0,33,23,14,70,6,12,18,88
12/28/2010,MGM,AL,ASO,ES,Combined TRACON& Tower with Radar,0,32,16,64,112,0,1,20,0,21,0,33,36,64,133,0,26,26,159
12/29/2010,MGM,AL,ASO,ES,Combined TRACON& Tower with Radar,0,37,11,47,95,0,2,16,8,26,0,39,27,55,121,12,38,50,171
12/30/2010,MGM,AL,ASO,ES,Combined TRACON& Tower with Radar,0,33,23,36,92,0,6,9,0,15,0,39,32,36,107,40,18,58,165
12/31/2010,MGM,AL,ASO,ES,Combined TRACON& Tower with Radar,0,28,20,0,48,0,0,9,0,9,0,28,29,0,57,0,0,0,57
01/01/2011,MGM,AL,ASO,ES,Combined TRACON& Tower with Radar,0,19,8,0,27,0,0,0,0,0,0,19,8,0,27,0,0,0,27
01/02/2011,MGM,AL,ASO,ES,Combined TRACON& Tower with Radar,0,28,25,6,59,0,0,10,4,14,0,28,35,10,73,0,0,0,73
01/03/2011,MGM,AL,ASO,ES,Combined TRACON& Tower with Radar,0,34,18,30,82,0,9,24,5,38,0,43,42,35,120,54,0,54,174
01/04/2011,MGM,AL,ASO,ES,Combined TRACON& Tower with Radar,1,32,35,70,138,0,4,23,3,30,1,36,58,73,168,34,36,70,238
01/05/2011,MGM,AL,ASO,ES,Combined TRACON& Tower with Radar,0,32,18,32,82,0,0,0,0,0,0,32,18,32,82,0,0,0,82
01/06/2011,MGM,AL,ASO,ES,Combined TRACON& Tower with Radar,0,31,39,57,127,0,2,23,0,25,0,33,62,57,152,0,36,36,188
01/07/2011,MGM,AL,ASO,ES,Combined TRACON& Tower with Radar,5,34,30,116,185,0,0,12,7,19,5,34,42,123,204,0,88,88,292
01/08/2011,MGM,AL,ASO,ES,Combined TRACON& Tower with Radar,15,19,20,15,69,0,0,14,10,24,15,19,34,25,93,6,10,16,109
01/09/2011,MGM,AL,ASO,ES,Combined TRACON& Tower with Radar,1,19,10,4,34,0,2,1,1,4,1,21,11,5,38,0,6,6,44
01/10/2011,MGM,AL,ASO,ES,Combined TRACON& Tower with Radar,4,13,5,0,22,0,0,1,0,1,4,13,6,0,23,0,0,0,23
01/11/2011,MGM,AL,ASO,ES,Combined TRACON& Tower with Radar,21,17,23,45,106,0,0,1,0,1,21,17,24,45,107,12,12,24,131
01/12/2011,MGM,AL,ASO,ES,Combined TRACON& Tower with Radar,0,28,25,53,106,0,0,4,8,12,0,28,29,61,118,0,50,50,168
01/13/2011,MGM,AL,ASO,ES,Combined TRACON& Tower with Radar,0,27,27,57,111,0,0,12,5,17,0,27,39,62,128,30,38,68,196
01/14/2011,MGM,AL,ASO,ES,Combined TRACON& Tower with Radar,0,32,39,53,124,0,2,27,9,38,0,34,66,62,162,0,30,30,192
01/15/2011,MGM,AL,ASO,ES,Combined TRACON& Tower with Radar,0,22,15,4,41,0,0,16,0,16,0,22,31,4,57,20,0,20,77
01/16/2011,MGM,AL,ASO,ES,Combined TRACON& Tower with Radar,0,23,27,21,71,0,3,17,5,25,0,26,44,26,96,14,0,14,110
01/17/2011,MGM,AL,ASO,ES,Combined TRACON& Tower with Radar,0,33,33,13,79,0,6,8,0,14,0,39,41,13,93,12,2,14,107
01/18/2011,MGM,AL,ASO,ES,Combined TRACON& Tower with Radar,0,31,23,56,110,0,0,1,0,1,0,31,24,56,111,0,28,28,139
01/19/2011,MGM,AL,ASO,ES,Combined TRACON& Tower with Radar,0,33,40,95,168,0,1,5,3,9,0,34,45,98,177,28,64,92,269
01/20/2011,MGM,AL,ASO,ES,Combined TRACON& Tower with Radar,0,31,33,82,146,0,1,9,0,10,0,32,42,82,156,0,54,54,210
01/21/2011,MGM,AL,ASO,ES,Combined TRACON& Tower with Radar,0,31,24,41,96,0,2,21,6,29,0,33,45,47,125,62,8,70,195
01/22/2011,MGM,AL,ASO,ES,Combined TRACON& Tower with Radar,0,19,19,3,41,0,3,20,4,27,0,22,39,7,68,10,0,10,78
01/23/2011,MGM,AL,ASO,ES,Combined TRACON& Tower with Radar,0,27,26,9,62,0,0,20,4,24,0,27,46,13,86,0,0,0,86
01/24/2011,MGM,AL,ASO,ES,Combined TRACON& Tower with Radar,0,44,26,72,142,0,4,19,7,30,0,48,45,79,172,34,142,176,348
01/25/2011,MGM,AL,ASO,ES,Combined TRACON& Tower with Radar,0,27,37,14,78,0,0,0,0,0,0,27,37,14,78,0,0,0,78
01/26/2011,MGM,AL,ASO,ES,Combined TRACON& Tower with Radar,0,35,30,69,134,0,2,8,3,13,0,37,38,72,147,4,6,10,157
01/27/2011,MGM,AL,ASO,ES,Combined TRACON& Tower with Radar,0,41,41,60,142,0,5,35,4,44,0,46,76,64,186,2,38,40,226
01/28/2011,MGM,AL,ASO,ES,Combined TRACON& Tower with Radar,0,33,24,66,123,0,0,24,2,26,0,33,48,68,149,4,96,100,249
01/29/2011,MGM,AL,ASO,ES,Combined TRACON& Tower with Radar,0,19,21,15,55,0,0,23,1,24,0,19,44,16,79,8,0,8,87
01/30/2011,MGM,AL,ASO,ES,Combined TRACON& Tower with Radar,0,28,18,13,59,0,0,13,0,13,0,28,31,13,72,0,0,0,72
01/31/2011,MGM,AL,ASO,ES,Combined TRACON& Tower with Radar,0,32,47,58,137,0,0,0,0,0,0,32,47,58,137,0,4,4,141
02/01/2011,MGM,AL,ASO,ES,Combined TRACON& Tower with Radar,0,26,28,11,65,0,2,2,0,4,0,28,30,11,69,0,0,0,69
02/02/2011,MGM,AL,ASO,ES,Combined TRACON& Tower with Radar,0,29,31,110,170,0,1,8,7,16,0,30,39,117,186,26,88,114,300
02/03/2011,MGM,AL,ASO,ES,Combined TRACON& Tower with Radar,0,28,23,26,77,0,0,4,21,25,0,28,27,47,102,12,16,28,130
02/04/2011,MGM,AL,ASO,ES,Combined TRACON& Tower with Radar,0,29,17,0,46,0,0,0,0,0,0,29,17,0,46,0,0,0,46
02/05/2011,MGM,AL,ASO,ES,Combined TRACON& Tower with Radar,0,20,15,7,42,0,0,17,11,28,0,20,32,18,70,0,0,0,70
02/06/2011,MGM,AL,ASO,ES,Combined TRACON& Tower with Radar,0,28,19,14,61,0,1,27,5,33,0,29,46,19,94,12,0,12,106
02/07/2011,MGM,AL,ASO,ES,Combined TRACON& Tower with Radar,1,32,21,71,125,0,4,4,3,11,1,36,25,74,136,6,66,72,208
02/08/2011,MGM,AL,ASO,ES,Combined TRACON& Tower with Radar,0,33,28,57,118,0,2,13,6,21,0,35,41,63,139,0,38,38,177
02/09/2011,MGM,AL,ASO,ES,Combined TRACON& Tower with Radar,0,34,23,133,190,0,2,7,12,21,0,36,30,145,211,28,60,88,299
02/10/2011,MGM,AL,ASO,ES,Combined TRACON& Tower with Radar,0,34,19,74,127,0,0,2,7,9,0,34,21,81,136,4,50,54,190
02/11/2011,MGM,AL,ASO,ES,Combined TRACON& Tower with Radar,0,36,37,45,118,0,1,20,23,44,0,37,57,68,162,24,50,74,236
02/12/2011,MGM,AL,ASO,ES,Combined TRACON& Tower with Radar,0,20,23,29,72,0,0,31,9,40,0,20,54,38,112,18,0,18,130
02/13/2011,MGM,AL,ASO,ES,Combined TRACON& Tower with Radar,0,28,13,16,57,0,0,27,5,32,0,28,40,21,89,2,18,20,109
02/14/2011,MGM,AL,ASO,ES,Combined TRACON& Tower with Radar,0,31,28,58,117,0,3,19,1,23,0,34,47,59,140,58,44,102,242
02/15/2011,MGM,AL,ASO,ES,Combined TRACON& Tower with Radar,2,32,36,104,174,0,7,22,1,30,2,39,58,105,204,54,76,130,334
02/16/2011,MGM,AL,ASO,ES,Combined TRACON& Tower with Radar,0,36,40,85,161,0,1,25,16,42,0,37,65,101,203,6,70,76,279
02/17/2011,MGM,AL,ASO,ES,Combined TRACON& Tower with Radar,0,37,47,60,144,0,0,17,5,22,0,37,64,65,166,18,112,130,296
02/18/2011,MGM,AL,ASO,ES,Combined TRACON& Tower with Radar,0,36,46,42,124,0,6,17,0,23,0,42,63,42,147,8,14,22,169
02/19/2011,MGM,AL,ASO,ES,Combined TRACON& Tower with Radar,0,19,23,4,46,0,0,36,0,36,0,19,59,4,82,52,0,52,134
02/20/2011,MGM,AL,ASO,ES,Combined TRACON& Tower with Radar,0,26,21,16,63,0,2,9,4,15,0,28,30,20,78,0,0,0,78
02/21/2011,MGM,AL,ASO,ES,Combined TRACON& Tower with Radar,0,32,39,4,75,0,2,21,0,23,0,34,60,4,98,0,0,0,98
02/22/2011,MGM,AL,ASO,ES,Combined TRACON& Tower with Radar,0,32,50,94,176,0,1,22,2,25,0,33,72,96,201,52,72,124,325
02/23/2011,MGM,AL,ASO,ES,Combined TRACON& Tower with Radar,0,32,40,65,137,0,6,25,10,41,0,38,65,75,178,14,32,46,224
02/24/2011,MGM,AL,ASO,ES,Combined TRACON& Tower with Radar,0,38,39,129,206,0,0,14,18,32,0,38,53,147,238,14,202,216,454
02/25/2011,MGM,AL,ASO,ES,Combined TRACON& Tower with Radar,0,34,29,76,139,0,0,10,8,18,0,34,39,84,157,8,52,60,217
02/26/2011,MGM,AL,ASO,ES,Combined TRACON& Tower with Radar,0,19,17,2,38,0,1,33,2,36,0,20,50,4,74,18,2,20,94
02/27/2011,MGM,AL,ASO,ES,Combined TRACON& Tower with Radar,0,29,32,10,71,0,0,15,2,17,0,29,47,12,88,0,0,0,88
02/28/2011,MGM,AL,ASO,ES,Combined TRACON& Tower with Radar,2,28,19,48,97,0,0,3,0,3,2,28,22,48,100,2,54,56,156
03/01/2011,MGM,AL,ASO,ES,Combined TRACON& Tower with Radar,0,32,46,44,122,0,2,24,22,48,0,34,70,66,170,12,62,74,244
03/02/2011,MGM,AL,ASO,ES,Combined TRACON& Tower with Radar,0,44,40,148,232,0,5,26,22,53,0,49,66,170,285,20,228,248,533
03/03/2011,MGM,AL,ASO,ES,Combined TRACON& Tower with Radar,0,35,32,85,152,0,2,31,17,50,0,37,63,102,202,44,66,110,312
03/04/2011,MGM,AL,ASO,ES,Combined TRACON& Tower with Radar,0,33,40,77,150,0,1,22,17,40,0,34,62,94,190,16,94,110,300
03/05/2011,MGM,AL,ASO,ES,Combined TRACON& Tower with Radar,2,19,11,5,37,0,0,0,0,0,2,19,11,5,37,0,0,0,37
03/06/2011,MGM,AL,ASO,ES,Combined TRACON& Tower with Radar,2,31,17,25,75,0,0,6,15,21,2,31,23,40,96,6,14,20,116
03/07/2011,MGM,AL,ASO,ES,Combined TRACON& Tower with Radar,0,33,41,57,131,0,1,26,8,35,0,34,67,65,166,20,13,33,199
03/08/2011,MGM,AL,ASO,ES,Combined TRACON& Tower with Radar,0,30,37,82,149,0,2,16,29,47,0,32,53,111,196,18,78,96,292
03/09/2011,MGM,AL,ASO,ES,Combined TRACON& Tower with Radar,0,30,17,14,61,0,0,1,1,2,0,30,18,15,63,0,0,0,63
03/10/2011,MGM,AL,ASO,ES,Combined TRACON& Tower with Radar,0,31,50,54,135,0,2,14,22,38,0,33,64,76,173,2,54,56,229
03/11/2011,MGM,AL,ASO,ES,Combined TRACON& Tower with Radar,0,34,25,92,151,0,0,35,7,42,0,34,60,99,193,4,66,70,263
03/12/2011,MGM,AL,ASO,ES,Combined TRACON& Tower with Radar,0,19,24,0,43,0,1,26,0,27,0,20,50,0,70,24,0,24,94
03/13/2011,MGM,AL,ASO,ES,Combined TRACON& Tower with Radar,2,27,20,5,54,0,0,26,3,29,2,27,46,8,83,4,0,4,87
03/14/2011,MGM,AL,ASO,ES,Combined TRACON& Tower with Radar,2,34,28,51,115,0,0,10,5,15,2,34,38,56,130,22,50,72,202
03/15/2011,MGM,AL,ASO,ES,Combined TRACON& Tower with Radar,0,38,20,30,88,0,0,10,4,14,0,38,30,34,102,10,0,10,112
03/16/2011,MGM,AL,ASO,ES,Combined TRACON& Tower with Radar,0,37,48,116,201,0,5,26,24,55,0,42,74,140,256,20,106,126,382
03/17/2011,MGM,AL,ASO,ES,Combined TRACON& Tower with Radar,0,32,33,55,120,0,2,34,11,47,0,34,67,66,167,26,134,160,327
03/18/2011,MGM,AL,ASO,ES,Combined TRACON& Tower with Radar,0,40,24,63,127,0,2,29,9,40,0,42,53,72,167,0,102,102,269
03/19/2011,MGM,AL,ASO,ES,Combined TRACON& Tower with Radar,0,20,21,6,47,0,1,22,6,29,0,21,43,12,76,2,4,6,82
03/20/2011,MGM,AL,ASO,ES,Combined TRACON& Tower with Radar,0,26,28,13,67,0,0,15,6,21,0,26,43,19,88,5,10,15,103
03/21/2011,MGM,AL,ASO,ES,Combined TRACON& Tower with Radar,0,29,9,104,142,0,3,18,5,26,0,32,27,109,168,16,130,146,314
03/22/2011,MGM,AL,ASO,ES,Combined TRACON& Tower with Radar,0,31,40,51,122,0,1,23,5,29,0,32,63,56,151,10,12,22,173
03/23/2011,MGM,AL,ASO,ES,Combined TRACON& Tower with Radar,0,31,32,77,140,0,1,5,13,19,0,32,37,90,159,4,123,127,286
03/24/2011,MGM,AL,ASO,ES,Combined TRACON& Tower with Radar,0,40,45,69,154,0,2,26,24,52,0,42,71,93,206,34,94,128,334
03/25/2011,MGM,AL,ASO,ES,Combined TRACON& Tower with Radar,0,35,46,49,130,0,0,41,15,56,0,35,87,64,186,48,20,68,254
03/26/2011,MGM,AL,ASO,ES,Combined TRACON& Tower with Radar,3,21,13,1,38,0,0,7,0,7,3,21,20,1,45,20,0,20,65
03/27/2011,MGM,AL,ASO,ES,Combined TRACON& Tower with Radar,3,31,28,5,67,0,0,9,0,9,3,31,37,5,76,0,0,0,76
03/28/2011,MGM,AL,ASO,ES,Combined TRACON& Tower with Radar,0,33,31,34,98,0,0,6,1,7,0,33,37,35,105,14,0,14,119
03/29/2011,MGM,AL,ASO,ES,Combined TRACON& Tower with Radar,0,35,44,50,129,0,0,10,3,13,0,35,54,53,142,18,32,50,192
03/30/2011,MGM,AL,ASO,ES,Combined TRACON& Tower with Radar,0,40,16,34,90,0,3,0,11,14,0,43,16,45,104,0,24,24,128
03/31/2011,MGM,AL,ASO,ES,Combined TRACON& Tower with Radar,0,37,45,92,174,0,4,9,2,15,0,41,54,94,189,2,10,12,201
04/01/2011,MGM,AL,ASO,ES,Combined TRACON& Tower with Radar,0,40,31,87,158,0,5,16,24,45,0,45,47,111,203,0,78,78,281
04/02/2011,MGM,AL,ASO,ES,Combined TRACON& Tower with Radar,0,18,12,9,39,0,2,14,0,16,0,20,26,9,55,10,10,20,75
04/03/2011,MGM,AL,ASO,ES,Combined TRACON& Tower with Radar,0,27,14,9,50,0,0,19,0,19,0,27,33,9,69,8,0,8,77
04/04/2011,MGM,AL,ASO,ES,Combined TRACON& Tower with Radar,0,32,28,62,122,0,2,8,0,10,0,34,36,62,132,0,48,48,180
04/05/2011,MGM,AL,ASO,ES,Combined TRACON& Tower with Radar,0,26,28,116,170,0,0,21,22,43,0,26,49,138,213,24,76,100,313
04/06/2011,MGM,AL,ASO,ES,Combined TRACON& Tower with Radar,0,30,31,80,141,0,14,27,15,56,0,44,58,95,197,34,46,80,277
04/07/2011,MGM,AL,ASO,ES,Combined TRACON& Tower with Radar,0,29,40,79,148,0,3,18,6,27,0,32,58,85,175,48,38,86,261
04/08/2011,MGM,AL,ASO,ES,Combined TRACON& Tower with Radar,2,28,42,48,120,0,8,13,10,31,2,36,55,58,151,20,12,32,183
04/09/2011,MGM,AL,ASO,ES,Combined TRACON& Tower with Radar,2,27,30,13,72,0,1,12,1,14,2,28,42,14,86,6,10,16,102
04/10/2011,MGM,AL,ASO,ES,Combined TRACON& Tower with Radar,0,29,18,32,79,0,2,23,6,31,0,31,41,38,110,4,36,40,150
04/11/2011,MGM,AL,ASO,ES,Combined TRACON& Tower with Radar,0,33,17,43,93,0,0,4,3,7,0,33,21,46,100,12,42,54,154
04/12/2011,MGM,AL,ASO,ES,Combined TRACON& Tower with Radar,0,33,31,95,159,0,0,19,6,25,0,33,50,101,184,26,84,110,294
04/13/2011,MGM,AL,ASO,ES,Combined TRACON& Tower with Radar,0,33,40,84,157,0,8,25,8,41,0,41,65,92,198,20,144,164,362
04/14/2011,MGM,AL,ASO,ES,Combined TRACON& Tower with Radar,0,31,38,92,161,0,2,30,10,42,0,33,68,102,203,2,140,142,345
04/15/2011,MGM,AL,ASO,ES,Combined TRACON& Tower with Radar,0,30,13,51,94,0,1,8,0,9,0,31,21,51,103,16,32,48,151
04/16/2011,MGM,AL,ASO,ES,Combined TRACON& Tower with Radar,0,21,16,6,43,0,3,17,0,20,0,24,33,6,63,0,0,0,63
04/17/2011,MGM,AL,ASO,ES,Combined TRACON& Tower with Radar,0,26,27,24,77,0,1,26,3,30,0,27,53,27,107,0,30,30,137
04/18/2011,MGM,AL,ASO,ES,Combined TRACON& Tower with Radar,2,31,28,67,128,0,2,21,3,26,2,33,49,70,154,10,66,76,230
04/19/2011,MGM,AL,ASO,ES,Combined TRACON& Tower with Radar,1,34,31,74,140,0,3,12,5,20,1,37,43,79,160,0,52,52,212
04/20/2011,MGM,AL,ASO,ES,Combined TRACON& Tower with Radar,0,37,42,32,111,0,1,9,0,10,0,38,51,32,121,0,46,46,167
04/21/2011,MGM,AL,ASO,ES,Combined TRACON& Tower with Radar,0,32,23,76,131,0,2,21,5,28,0,34,44,81,159,2,82,84,243
04/22/2011,MGM,AL,ASO,ES,Combined TRACON& Tower with Radar,0,30,23,45,98,0,2,24,5,31,0,32,47,50,129,0,84,84,213
04/23/2011,MGM,AL,ASO,ES,Combined TRACON& Tower with Radar,0,19,15,5,39,0,0,26,4,30,0,19,41,9,69,2,6,8,77
04/24/2011,MGM,AL,ASO,ES,Combined TRACON& Tower with Radar,0,27,22,0,49,0,0,16,2,18,0,27,38,2,67,17,0,17,84
04/25/2011,MGM,AL,ASO,ES,Combined TRACON& Tower with Radar,0,28,22,32,82,0,3,10,1,14,0,31,32,33,96,2,78,80,176
04/26/2011,MGM,AL,ASO,ES,Combined TRACON& Tower with Radar,0,28,18,54,100,0,2,5,1,8,0,30,23,55,108,14,60,74,182
04/27/2011,MGM,AL,ASO,ES,Combined TRACON& Tower with Radar,0,30,26,24,80,0,1,1,0,2,0,31,27,24,82,8,8,16,98
04/28/2011,MGM,AL,ASO,ES,Combined TRACON& Tower with Radar,0,34,48,56,138,0,17,28,15,60,0,51,76,71,198,10,80,90,288
04/29/2011,MGM,AL,ASO,ES,Combined TRACON& Tower with Radar,0,30,30,47,107,0,6,49,15,70,0,36,79,62,177,50,24,74,251
04/30/2011,MGM,AL,ASO,ES,Combined TRACON& Tower with Radar,0,25,21,14,60,0,4,25,8,37,0,29,46,22,97,10,0,10,107
05/01/2011,MGM,AL,ASO,ES,Combined TRACON& Tower with Radar,0,29,19,37,85,0,0,13,7,20,0,29,32,44,105,0,16,16,121
05/02/2011,MGM,AL,ASO,ES,Combined TRACON& Tower with Radar,0,27,31,97,155,0,1,6,2,9,0,28,37,99,164,0,140,140,304
05/03/2011,MGM,AL,ASO,ES,Combined TRACON& Tower with Radar,0,33,25,57,115,0,0,1,0,1,0,33,26,57,116,4,0,4,120
05/04/2011,MGM,AL,ASO,ES,Combined TRACON& Tower with Radar,0,36,28,42,106,0,3,24,1,28,0,39,52,43,134,69,56,125,259
05/05/2011,MGM,AL,ASO,ES,Combined TRACON& Tower with Radar,0,37,31,48,116,0,3,27,10,40,0,40,58,58,156,36,112,148,304
05/06/2011,MGM,AL,ASO,ES,Combined TRACON& Tower with Radar,0,34,28,59,121,0,1,26,8,35,0,35,54,67,156,22,64,86,242
05/07/2011,MGM,AL,ASO,ES,Combined TRACON& Tower with Radar,1,23,12,2,38,0,2,15,0,17,1,25,27,2,55,0,0,0,55
05/08/2011,MGM,AL,ASO,ES,Combined TRACON& Tower with Radar,0,29,16,8,53,0,0,10,1,11,0,29,26,9,64,0,0,0,64
05/09/2011,MGM,AL,ASO,ES,Combined TRACON& Tower with Radar,0,37,29,45,111,0,5,26,6,37,0,42,55,51,148,0,42,42,190
05/10/2011,MGM,AL,ASO,ES,Combined TRACON& Tower with Radar,0,32,23,73,128,0,8,18,5,31,0,40,41,78,159,18,78,96,255
05/11/2011,MGM,AL,ASO,ES,Combined TRACON& Tower with Radar,2,28,36,63,129,0,2,28,6,36,2,30,64,69,165,0,100,100,265
05/12/2011,MGM,AL,ASO,ES,Combined TRACON& Tower with Radar,2,39,42,51,134,0,1,7,2,10,2,40,49,53,144,8,44,52,196
05/13/2011,MGM,AL,ASO,ES,Combined TRACON& Tower with Radar,0,32,26,25,83,0,1,5,5,11,0,33,31,30,94,0,0,0,94
05/14/2011,MGM,AL,ASO,ES,Combined TRACON& Tower with Radar,0,23,19,11,53,0,2,7,3,12,0,25,26,14,65,0,0,0,65
05/15/2011,MGM,AL,ASO,ES,Combined TRACON& Tower with Radar,0,30,23,11,64,0,0,3,8,11,0,30,26,19,75,8,14,22,97
05/16/2011,MGM,AL,ASO,ES,Combined TRACON& Tower with Radar,0,36,17,62,115,0,12,14,14,40,0,48,31,76,155,100,90,190,345
05/17/2011,MGM,AL,ASO,ES,Combined TRACON& Tower with Radar,0,33,32,55,120,0,4,17,19,40,0,37,49,74,160,206,96,302,462
05/18/2011,MGM,AL,ASO,ES,Combined TRACON& Tower with Radar,0,38,34,52,124,0,7,26,4,37,0,45,60,56,161,24,68,92,253
05/19/2011,MGM,AL,ASO,ES,Combined TRACON& Tower with Radar,0,32,32,71,135,0,0,6,4,10,0,32,38,75,145,10,106,116,261
05/20/2011,MGM,AL,ASO,ES,Combined TRACON& Tower with Radar,0,31,23,61,115,0,7,25,6,38,0,38,48,67,153,28,66,94,247
05/21/2011,MGM,AL,ASO,ES,Combined TRACON& Tower with Radar,0,23,23,24,70,0,0,15,2,17,0,23,38,26,87,38,16,54,141
05/22/2011,MGM,AL,ASO,ES,Combined TRACON& Tower with Radar,0,30,13,14,57,0,0,6,0,6,0,30,19,14,63,0,0,0,63
05/23/2011,MGM,AL,ASO,ES,Combined TRACON& Tower with Radar,0,33,39,35,107,0,2,28,1,31,0,35,67,36,138,20,0,20,158
05/24/2011,MGM,AL,ASO,ES,Combined TRACON& Tower with Radar,0,34,46,62,142,0,4,24,1,29,0,38,70,63,171,31,16,47,218
05/25/2011,MGM,AL,ASO,ES,Combined TRACON& Tower with Radar,0,35,37,94,166,0,8,22,9,39,0,43,59,103,205,12,26,38,243
05/26/2011,MGM,AL,ASO,ES,Combined TRACON& Tower with Radar,0,37,41,31,109,0,1,5,0,6,0,38,46,31,115,10,40,50,165
05/27/2011,MGM,AL,ASO,ES,Combined TRACON& Tower with Radar,0,30,33,8,71,0,8,10,0,18,0,38,43,8,89,2,0,2,91
05/28/2011,MGM,AL,ASO,ES,Combined TRACON& Tower with Radar,1,22,9,0,32,0,3,24,3,30,1,25,33,3,62,26,0,26,88
05/29/2011,MGM,AL,ASO,ES,Combined TRACON& Tower with Radar,0,18,13,13,44,0,0,17,2,19,0,18,30,15,63,2,0,2,65
05/30/2011,MGM,AL,ASO,ES,Combined TRACON& Tower with Radar,1,29,23,4,57,0,4,17,5,26,1,33,40,9,83,10,0,10,93
05/31/2011,MGM,AL,ASO,ES,Combined TRACON& Tower with Radar,0,34,26,23,83,0,2,14,22,38,0,36,40,45,121,16,0,16,137
06/01/2011,MGM,AL,ASO,ES,Combined TRACON& Tower with Radar,5,32,39,85,161,0,9,18,7,34,5,41,57,92,195,12,94,106,301
06/02/2011,MGM,AL,ASO,ES,Combined TRACON& Tower with Radar,0,31,34,60,125,0,6,17,6,29,0,37,51,66,154,0,32,32,186
06/03/2011,MGM,AL,ASO,ES,Combined TRACON& Tower with Radar,0,37,15,65,117,1,17,12,3,33,1,54,27,68,150,8,98,106,256
06/04/2011,MGM,AL,ASO,ES,Combined TRACON& Tower with Radar,0,23,18,7,48,0,0,18,0,18,0,23,36,7,66,18,0,18,84
06/05/2011,MGM,AL,ASO,ES,Combined TRACON& Tower with Radar,0,33,11,15,59,0,0,17,5,22,0,33,28,20,81,0,0,0,81
06/06/2011,MGM,AL,ASO,ES,Combined TRACON& Tower with Radar,2,32,19,46,99,0,2,22,0,24,2,34,41,46,123,8,38,46,169
06/07/2011,MGM,AL,ASO,ES,Combined TRACON& Tower with Radar,0,36,33,99,168,0,4,20,2,26,0,40,53,101,194,26,68,94,288
06/08/2011,MGM,AL,ASO,ES,Combined TRACON& Tower with Radar,0,36,25,59,120,0,4,22,9,35,0,40,47,68,155,16,116,132,287
06/09/2011,MGM,AL,ASO,ES,Combined TRACON& Tower with Radar,1,24,34,39,98,0,0,13,3,16,1,24,47,42,114,0,14,14,128
06/10/2011,MGM,AL,ASO,ES,Combined TRACON& Tower with Radar,1,31,27,31,90,0,1,19,6,26,1,32,46,37,116,12,54,66,182
06/11/2011,MGM,AL,ASO,ES,Combined TRACON& Tower with Radar,0,19,20,9,48,0,0,11,2,13,0,19,31,11,61,0,4,4,65
06/12/2011,MGM,AL,ASO,ES,Combined TRACON& Tower with Radar,0,29,18,12,59,0,0,17,0,17,0,29,35,12,76,8,0,8,84
06/13/2011,MGM,AL,ASO,ES,Combined TRACON& Tower with Radar,0,40,43,49,132,0,3,21,3,27,0,43,64,52,159,12,44,56,215
06/14/2011,MGM,AL,ASO,ES,Combined TRACON& Tower with Radar,0,25,32,65,122,0,0,17,3,20,0,25,49,68,142,18,50,68,210
06/15/2011,MGM,AL,ASO,ES,Combined TRACON& Tower with Radar,10,30,37,110,187,0,1,13,3,17,10,31,50,113,204,12,36,48,252
06/16/2011,MGM,AL,ASO,ES,Combined TRACON& Tower with Radar,2,32,29,8,71,0,1,18,9,28,2,33,47,17,99,30,0,30,129
06/17/2011,MGM,AL,ASO,ES,Combined TRACON& Tower with Radar,0,28,33,35,96,0,0,20,13,33,0,28,53,48,129,18,42,60,189
06/18/2011,MGM,AL,ASO,ES,Combined TRACON& Tower with Radar,6,24,18,4,52,0,1,10,1,12,6,25,28,5,64,0,6,6,70
06/19/2011,MGM,AL,ASO,ES,Combined TRACON& Tower with Radar,0,29,25,5,59,0,0,13,6,19,0,29,38,11,78,0,0,0,78
06/20/2011,MGM,AL,ASO,ES,Combined TRACON& Tower with Radar,0,29,39,55,123,0,4,22,6,32,0,33,61,61,155,14,22,36,191
06/21/2011,MGM,AL,ASO,ES,Combined TRACON& Tower with Radar,0,26,14,72,112,0,2,24,1,27,0,28,38,73,139,26,94,120,259
06/22/2011,MGM,AL,ASO,ES,Combined TRACON& Tower with Radar,0,22,26,18,66,0,0,7,0,7,0,22,33,18,73,0,44,44,117
06/23/2011,MGM,AL,ASO,ES,Combined TRACON& Tower with Radar,0,30,50,37,117,0,4,13,0,17,0,34,63,37,134,14,16,30,164
06/24/2011,MGM,AL,ASO,ES,Combined TRACON& Tower with Radar,10,28,33,74,145,0,3,16,11,30,10,31,49,85,175,14,62,76,251
06/25/2011,MGM,AL,ASO,ES,Combined TRACON& Tower with Radar,0,19,14,5,38,0,7,27,5,39,0,26,41,10,77,2,6,8,85
06/26/2011,MGM,AL,ASO,ES,Combined TRACON& Tower with Radar,4,30,23,20,77,0,1,14,3,18,4,31,37,23,95,2,0,2,97
06/27/2011,MGM,AL,ASO,ES,Combined TRACON& Tower with Radar,0,32,29,53,114,0,1,18,0,19,0,33,47,53,133,30,82,112,245
06/28/2011,MGM,AL,ASO,ES,Combined TRACON& Tower with Radar,0,27,22,40,89,0,6,9,1,16,0,33,31,41,105,0,52,52,157
06/29/2011,MGM,AL,ASO,ES,Combined TRACON& Tower with Radar,0,25,43,79,147,0,0,19,9,28,0,25,62,88,175,10,20,30,205
06/30/2011,MGM,AL,ASO,ES,Combined TRACON& Tower with Radar,0,27,31,60,118,0,1,26,4,31,0,28,57,64,149,0,54,54,203
07/01/2011,MGM,AL,ASO,ES,Combined TRACON& Tower with Radar,0,33,18,5,56,0,1,19,0,20,0,34,37,5,76,0,0,0,76
07/02/2011,MGM,AL,ASO,ES,Combined TRACON& Tower with Radar,0,16,10,0,26,0,0,18,1,19,0,16,28,1,45,8,0,8,53
07/03/2011,MGM,AL,ASO,ES,Combined TRACON& Tower with Radar,0,16,12,0,28,0,0,4,0,4,0,16,16,0,32,0,0,0,32
07/04/2011,MGM,AL,ASO,ES,Combined TRACON& Tower with Radar,0,27,13,2,42,0,0,22,0,22,0,27,35,2,64,20,0,20,84
07/05/2011,MGM,AL,ASO,ES,Combined TRACON& Tower with Radar,0,31,22,42,95,0,0,17,1,18,0,31,39,43,113,6,82,88,201
07/06/2011,MGM,AL,ASO,ES,Combined TRACON& Tower with Radar,0,30,19,95,144,0,4,10,1,15,0,34,29,96,159,0,36,36,195
07/07/2011,MGM,AL,ASO,ES,Combined TRACON& Tower with Radar,0,32,26,39,97,0,0,27,5,32,0,32,53,44,129,38,20,58,187
07/08/2011,MGM,AL,ASO,ES,Combined TRACON& Tower with Radar,0,32,15,103,150,0,4,12,2,18,0,36,27,105,168,0,88,88,256
07/09/2011,MGM,AL,ASO,ES,Combined TRACON& Tower with Radar,2,18,15,11,46,0,0,13,0,13,2,18,28,11,59,24,22,46,105
07/10/2011,MGM,AL,ASO,ES,Combined TRACON& Tower with Radar,0,27,17,13,57,0,0,8,3,11,0,27,25,16,68,0,0,0,68
07/11/2011,MGM,AL,ASO,ES,Combined TRACON& Tower with Radar,0,29,17,32,78,0,2,7,3,12,0,31,24,35,90,6,2,8,98
07/12/2011,MGM,AL,ASO,ES,Combined TRACON& Tower with Radar,0,29,29,61,119,0,0,13,3,16,0,29,42,64,135,14,22,36,171
07/13/2011,MGM,AL,ASO,ES,Combined TRACON& Tower with Radar,0,30,25,34,89,0,0,14,3,17,0,30,39,37,106,18,64,82,188
07/14/2011,MGM,AL,ASO,ES,Combined TRACON& Tower with Radar,0,31,27,33,91,0,3,15,4,22,0,34,42,37,113,6,54,60,173
07/15/2011,MGM,AL,ASO,ES,Combined TRACON& Tower with Radar,0,32,36,25,93,0,9,3,1,13,0,41,39,26,106,22,12,34,140
07/16/2011,MGM,AL,ASO,ES,Combined TRACON& Tower with Radar,2,20,23,19,64,0,1,1,0,2,2,21,24,19,66,0,12,12,78
07/17/2011,MGM,AL,ASO,ES,Combined TRACON& Tower with Radar,0,28,33,26,87,0,0,4,6,10,0,28,37,32,97,0,0,0,97
07/18/2011,MGM,AL,ASO,ES,Combined TRACON& Tower with Radar,0,32,19,75,126,0,2,24,8,34,0,34,43,83,160,36,12,48,208
07/19/2011,MGM,AL,ASO,ES,Combined TRACON& Tower with Radar,0,32,28,70,130,0,4,29,3,36,0,36,57,73,166,12,14,26,192
07/20/2011,MGM,AL,ASO,ES,Combined TRACON& Tower with Radar,0,30,37,30,97,0,4,14,3,21,0,34,51,33,118,18,0,18,136
07/21/2011,MGM,AL,ASO,ES,Combined TRACON& Tower with Radar,0,31,33,80,144,0,2,20,2,24,0,33,53,82,168,2,210,212,380
07/22/2011,MGM,AL,ASO,ES,Combined TRACON& Tower with Radar,0,36,27,73,136,0,4,21,3,28,0,40,48,76,164,18,56,74,238
07/23/2011,MGM,AL,ASO,ES,Combined TRACON& Tower with Radar,0,19,11,2,32,0,0,20,1,21,0,19,31,3,53,14,0,14,67
07/24/2011,MGM,AL,ASO,ES,Combined TRACON& Tower with Radar,0,27,24,45,96,0,1,6,3,10,0,28,30,48,106,0,0,0,106
07/25/2011,MGM,AL,ASO,ES,Combined TRACON& Tower with Radar,0,31,21,60,112,0,12,5,3,20,0,43,26,63,132,14,36,50,182
07/26/2011,MGM,AL,ASO,ES,Combined TRACON& Tower with Radar,0,32,21,34,87,0,3,10,4,17,0,35,31,38,104,8,4,12,116
07/27/2011,MGM,AL,ASO,ES,Combined TRACON& Tower with Radar,0,30,27,58,115,0,3,19,0,22,0,33,46,58,137,54,22,76,213
07/28/2011,MGM,AL,ASO,ES,Combined TRACON& Tower with Radar,0,29,22,43,94,0,0,14,1,15,0,29,36,44,109,20,0,20,129
07/29/2011,MGM,AL,ASO,ES,Combined TRACON& Tower with Radar,0,32,28,30,90,0,5,26,13,44,0,37,54,43,134,48,0,48,182
07/30/2011,MGM,AL,ASO,ES,Combined TRACON& Tower with Radar,2,17,14,2,35,0,1,23,0,24,2,18,37,2,59,24,0,24,83
07/31/2011,MGM,AL,ASO,ES,Combined TRACON& Tower with Radar,0,29,20,4,53,0,1,12,6,19,0,30,32,10,72,0,0,0,72
08/01/2011,MGM,AL,ASO,ES,Combined TRACON& Tower with Radar,0,26,24,67,117,0,2,26,5,33,0,28,50,72,150,2,4,6,156
08/02/2011,MGM,AL,ASO,ES,Combined TRACON& Tower with Radar,0,34,23,48,105,0,1,17,1,19,0,35,40,49,124,48,16,64,188
08/03/2011,MGM,AL,ASO,ES,Combined TRACON& Tower with Radar,0,29,28,40,97,0,2,23,8,33,0,31,51,48,130,0,38,38,168
08/04/2011,MGM,AL,ASO,ES,Combined TRACON& Tower with Radar,0,29,20,42,91,0,0,14,1,15,0,29,34,43,106,8,38,46,152
08/05/2011,MGM,AL,ASO,ES,Combined TRACON& Tower with Radar,0,30,32,41,103,0,0,9,6,15,0,30,41,47,118,26,4,30,148
08/06/2011,MGM,AL,ASO,ES,Combined TRACON& Tower with Radar,2,19,6,5,32,0,0,7,0,7,2,19,13,5,39,0,0,0,39
08/07/2011,MGM,AL,ASO,ES,Combined TRACON& Tower with Radar,0,26,17,3,46,0,0,5,4,9,0,26,22,7,55,0,2,2,57
08/08/2011,MGM,AL,ASO,ES,Combined TRACON& Tower with Radar,0,32,33,64,129,0,6,18,3,27,0,38,51,67,156,0,44,44,200
08/09/2011,MGM,AL,ASO,ES,Combined TRACON& Tower with Radar,0,30,26,75,131,0,0,10,2,12,0,30,36,77,143,2,20,22,165
08/10/2011,MGM,AL,ASO,ES,Combined TRACON& Tower with Radar,0,31,15,38,84,0,5,10,3,18,0,36,25,41,102,14,54,68,170
08/11/2011,MGM,AL,ASO,ES,Combined TRACON& Tower with Radar,0,30,31,81,142,0,2,15,5,22,0,32,46,86,164,0,32,32,196
08/12/2011,MGM,AL,ASO,ES,Combined TRACON& Tower with Radar,0,36,29,57,122,0,2,44,9,55,0,38,73,66,177,0,12,12,189
08/13/2011,MGM,AL,ASO,ES,Combined TRACON& Tower with Radar,0,19,15,0,34,0,1,16,2,19,0,20,31,2,53,16,0,16,69
08/14/2011,MGM,AL,ASO,ES,Combined TRACON& Tower with Radar,0,27,20,42,89,0,0,13,6,19,0,27,33,48,108,0,38,38,146
08/15/2011,MGM,AL,ASO,ES,Combined TRACON& Tower with Radar,0,31,22,89,142,0,9,28,5,42,0,40,50,94,184,38,52,90,274
08/16/2011,MGM,AL,ASO,ES,Combined TRACON& Tower with Radar,2,24,18,111,155,0,1,15,4,20,2,25,33,115,175,0,42,42,217
08/17/2011,MGM,AL,ASO,ES,Combined TRACON& Tower with Radar,2,26,36,114,178,0,1,14,5,20,2,27,50,119,198,6,128,134,332
08/18/2011,MGM,AL,ASO,ES,Combined TRACON& Tower with Radar,2,27,21,107,157,0,2,15,6,23,2,29,36,113,180,28,56,84,264
08/19/2011,MGM,AL,ASO,ES,Combined TRACON& Tower with Radar,2,29,19,60,110,0,3,26,4,33,2,32,45,64,143,22,30,52,195
08/20/2011,MGM,AL,ASO,ES,Combined TRACON& Tower with Radar,6,21,13,6,46,0,0,12,2,14,6,21,25,8,60,22,0,22,82
08/21/2011,MGM,AL,ASO,ES,Combined TRACON& Tower with Radar,2,28,23,10,63,0,0,10,2,12,2,28,33,12,75,0,0,0,75
08/22/2011,MGM,AL,ASO,ES,Combined TRACON& Tower with Radar,2,31,10,21,64,0,3,20,4,27,2,34,30,25,91,6,0,6,97
08/23/2011,MGM,AL,ASO,ES,Combined TRACON& Tower with Radar,2,25,30,85,142,0,0,10,1,11,2,25,40,86,153,0,54,54,207
08/24/2011,MGM,AL,ASO,ES,Combined TRACON& Tower with Radar,2,26,24,104,156,0,3,35,11,49,2,29,59,115,205,30,82,112,317
08/25/2011,MGM,AL,ASO,ES,Combined TRACON& Tower with Radar,2,34,46,69,151,0,0,15,14,29,2,34,61,83,180,26,69,95,275
08/26/2011,MGM,AL,ASO,ES,Combined TRACON& Tower with Radar,2,28,18,72,120,0,0,30,19,49,2,28,48,91,169,10,32,42,211
08/27/2011,MGM,AL,ASO,ES,Combined TRACON& Tower with Radar,0,18,26,0,44,0,0,18,0,18,0,18,44,0,62,18,0,18,80
08/28/2011,MGM,AL,ASO,ES,Combined TRACON& Tower with Radar,0,34,22,20,76,0,5,20,11,36,0,39,42,31,112,4,0,4,116
08/29/2011,MGM,AL,ASO,ES,Combined TRACON& Tower with Radar,2,30,31,62,125,0,6,25,5,36,2,36,56,67,161,36,20,56,217
08/30/2011,MGM,AL,ASO,ES,Combined TRACON& Tower with Radar,2,26,24,111,163,0,7,26,6,39,2,33,50,117,202,52,48,100,302
08/31/2011,MGM,AL,ASO,ES,Combined TRACON& Tower with Radar,2,29,34,42,107,0,5,21,6,32,2,34,55,48,139,40,18,58,197
09/01/2011,MGM,AL,ASO,ES,Combined TRACON& Tower with Radar,2,34,39,84,159,0,0,25,6,31,2,34,64,90,190,16,66,82,272
09/02/2011,MGM,AL,ASO,ES,Combined TRACON& Tower with Radar,2,26,25,17,70,0,2,29,4,35,2,28,54,21,105,24,60,84,189
09/03/2011,MGM,AL,ASO,ES,Combined TRACON& Tower with Radar,0,16,15,0,31,0,0,19,0,19,0,16,34,0,50,10,0,10,60
09/04/2011,MGM,AL,ASO,ES,Combined TRACON& Tower with Radar,4,15,5,0,24,0,0,0,0,0,4,15,5,0,24,4,0,4,28
09/05/2011,MGM,AL,ASO,ES,Combined TRACON& Tower with Radar,4,28,6,0,38,0,0,1,0,1,4,28,7,0,39,0,0,0,39
09/06/2011,MGM,AL,ASO,ES,Combined TRACON& Tower with Radar,2,26,18,42,88,0,0,4,1,5,2,26,22,43,93,0,16,16,109
09/07/2011,MGM,AL,ASO,ES,Combined TRACON& Tower with Radar,0,34,25,93,152,0,12,19,1,32,0,46,44,94,184,16,61,77,261
09/08/2011,MGM,AL,ASO,ES,Combined TRACON& Tower with Radar,0,32,27,64,123,0,4,21,16,41,0,36,48,80,164,28,14,42,206
09/09/2011,MGM,AL,ASO,ES,Combined TRACON& Tower with Radar,1,32,32,73,138,0,1,23,14,38,1,33,55,87,176,8,30,38,214
09/10/2011,MGM,AL,ASO,ES,Combined TRACON& Tower with Radar,2,22,15,5,44,0,0,28,3,31,2,22,43,8,75,0,8,8,83
09/11/2011,MGM,AL,ASO,ES,Combined TRACON& Tower with Radar,4,30,27,6,67,0,10,33,0,43,4,40,60,6,110,10,0,10,120
09/12/2011,MGM,AL,ASO,ES,Combined TRACON& Tower with Radar,0,33,30,63,126,0,1,6,3,10,0,34,36,66,136,18,64,82,218
09/13/2011,MGM,AL,ASO,ES,Combined TRACON& Tower with Radar,0,32,21,85,138,0,1,24,1,26,0,33,45,86,164,0,22,22,186
09/14/2011,MGM,AL,ASO,ES,Combined TRACON& Tower with Radar,0,30,38,106,174,0,1,17,8,26,0,31,55,114,200,0,60,60,260
09/15/2011,MGM,AL,ASO,ES,Combined TRACON& Tower with Radar,0,36,33,77,146,0,0,13,6,19,0,36,46,83,165,0,56,56,221
09/16/2011,MGM,AL,ASO,ES,Combined TRACON& Tower with Radar,0,33,23,57,113,0,0,19,15,34,0,33,42,72,147,0,26,26,173
09/17/2011,MGM,AL,ASO,ES,Combined TRACON& Tower with Radar,0,23,16,25,64,0,4,15,5,24,0,27,31,30,88,0,20,20,108
09/18/2011,MGM,AL,ASO,ES,Combined TRACON& Tower with Radar,2,32,21,16,71,0,0,27,3,30,2,32,48,19,101,24,8,32,133
09/19/2011,MGM,AL,ASO,ES,Combined TRACON& Tower with Radar,0,31,19,72,122,0,5,21,0,26,0,36,40,72,148,14,154,168,316
09/20/2011,MGM,AL,ASO,ES,Combined TRACON& Tower with Radar,0,29,21,56,106,0,4,9,2,15,0,33,30,58,121,0,22,22,143
09/21/2011,MGM,AL,ASO,ES,Combined TRACON& Tower with Radar,0,29,36,51,116,0,0,3,1,4,0,29,39,52,120,0,4,4,124
09/22/2011,MGM,AL,ASO,ES,Combined TRACON& Tower with Radar,0,32,33,54,119,0,3,29,7,39,0,35,62,61,158,18,96,114,272
09/23/2011,MGM,AL,ASO,ES,Combined TRACON& Tower with Radar,2,28,33,79,142,0,2,5,3,10,2,30,38,82,152,10,64,74,226
09/24/2011,MGM,AL,ASO,ES,Combined TRACON& Tower with Radar,0,25,25,20,70,0,1,37,0,38,0,26,62,20,108,20,0,20,128
09/25/2011,MGM,AL,ASO,ES,Combined TRACON& Tower with Radar,0,29,21,6,56,0,0,29,1,30,0,29,50,7,86,18,0,18,104
09/26/2011,MGM,AL,ASO,ES,Combined TRACON& Tower with Radar,0,40,20,36,96,0,1,26,6,33,0,41,46,42,129,28,54,82,211
09/27/2011,MGM,AL,ASO,ES,Combined TRACON& Tower with Radar,0,27,42,29,98,0,4,11,0,15,0,31,53,29,113,4,0,4,117
09/28/2011,MGM,AL,ASO,ES,Combined TRACON& Tower with Radar,0,30,30,10,70,0,7,11,1,19,0,37,41,11,89,2,12,14,103
09/29/2011,MGM,AL,ASO,ES,Combined TRACON& Tower with Radar,0,32,34,41,107,0,13,26,2,41,0,45,60,43,148,68,84,152,300
09/30/2011,MGM,AL,ASO,ES,Combined TRACON& Tower with Radar,0,30,33,17,80,0,6,25,4,35,0,36,58,21,115,6,6,12,127
10/01/2011,MGM,AL,ASO,ES,Combined TRACON& Tower with Radar,0,25,15,0,40,0,1,18,2,21,0,26,33,2,61,18,0,18,79
10/02/2011,MGM,AL,ASO,ES,Combined TRACON& Tower with Radar,0,31,27,2,60,0,1,19,0,20,0,32,46,2,80,14,0,14,94
10/03/2011,MGM,AL,ASO,ES,Combined TRACON& Tower with Radar,0,30,24,47,101,0,10,28,4,42,0,40,52,51,143,0,42,42,185
10/04/2011,MGM,AL,ASO,ES,Combined TRACON& Tower with Radar,0,27,14,98,139,0,9,23,5,37,0,36,37,103,176,8,16,24,200
10/05/2011,MGM,AL,ASO,ES,Combined TRACON& Tower with Radar,0,31,23,113,167,0,7,31,4,42,0,38,54,117,209,100,122,222,431
10/06/2011,MGM,AL,ASO,ES,Combined TRACON& Tower with Radar,0,34,34,69,137,0,14,20,13,47,0,48,54,82,184,4,0,4,188
10/07/2011,MGM,AL,ASO,ES,Combined TRACON& Tower with Radar,2,31,26,77,136,0,10,27,6,43,2,41,53,83,179,14,96,110,289
10/08/2011,MGM,AL,ASO,ES,Combined TRACON& Tower with Radar,2,22,15,1,40,0,1,21,0,22,2,23,36,1,62,34,0,34,96
10/09/2011,MGM,AL,ASO,ES,Combined TRACON& Tower with Radar,0,29,14,4,47,0,0,2,0,2,0,29,16,4,49,0,0,0,49
10/10/2011,MGM,AL,ASO,ES,Combined TRACON& Tower with Radar,0,33,26,4,63,0,2,18,1,21,0,35,44,5,84,0,0,0,84
10/11/2011,MGM,AL,ASO,ES,Combined TRACON& Tower with Radar,2,29,23,62,116,0,3,0,1,4,2,32,23,63,120,12,22,34,154
10/12/2011,MGM,AL,ASO,ES,Combined TRACON& Tower with Radar,0,32,34,98,164,0,2,9,0,11,0,34,43,98,175,2,14,16,191
10/13/2011,MGM,AL,ASO,ES,Combined TRACON& Tower with Radar,0,35,29,75,139,0,9,6,9,24,0,44,35,84,163,8,8,16,179
10/14/2011,MGM,AL,ASO,ES,Combined TRACON& Tower with Radar,1,30,41,34,106,0,3,25,6,34,1,33,66,40,140,26,26,52,192
10/15/2011,MGM,AL,ASO,ES,Combined TRACON& Tower with Radar,0,22,12,34,68,0,3,29,5,37,0,25,41,39,105,26,48,74,179
10/16/2011,MGM,AL,ASO,ES,Combined TRACON& Tower with Radar,0,29,26,28,83,0,0,16,3,19,0,29,42,31,102,44,18,62,164
10/17/2011,MGM,AL,ASO,ES,Combined TRACON& Tower with Radar,0,36,34,74,144,0,5,23,3,31,0,41,57,77,175,38,16,54,229
10/18/2011,MGM,AL,ASO,ES,Combined TRACON& Tower with Radar,0,31,30,146,207,0,0,8,4,12,0,31,38,150,219,6,124,130,349
10/19/2011,MGM,AL,ASO,ES,Combined TRACON& Tower with Radar,0,32,22,102,156,0,4,3,5,12,0,36,25,107,168,10,70,80,248
10/20/2011,MGM,AL,ASO,ES,Combined TRACON& Tower with Radar,2,32,43,62,139,0,0,21,8,29,2,32,64,70,168,0,20,20,188
10/21/2011,MGM,AL,ASO,ES,Combined TRACON& Tower with Radar,0,36,36,68,140,0,11,30,10,51,0,47,66,78,191,36,44,80,271
10/22/2011,MGM,AL,ASO,ES,Combined TRACON& Tower with Radar,0,21,28,11,60,0,1,27,1,29,0,22,55,12,89,28,2,30,119
10/23/2011,MGM,AL,ASO,ES,Combined TRACON& Tower with Radar,0,29,21,23,73,0,2,17,1,20,0,31,38,24,93,6,0,6,99
10/24/2011,MGM,AL,ASO,ES,Combined TRACON& Tower with Radar,0,29,29,92,150,0,16,26,1,43,0,45,55,93,193,38,70,108,301
10/25/2011,MGM,AL,ASO,ES,Combined TRACON& Tower with Radar,0,33,35,87,155,0,9,19,12,40,0,42,54,99,195,68,32,100,295
10/26/2011,MGM,AL,ASO,ES,Combined TRACON& Tower with Radar,0,34,19,76,129,0,10,17,8,35,0,44,36,84,164,10,48,58,222
10/27/2011,MGM,AL,ASO,ES,Combined TRACON& Tower with Radar,0,39,28,78,145,0,15,65,4,84,0,54,93,82,229,24,20,44,273
10/28/2011,MGM,AL,ASO,ES,Combined TRACON& Tower with Radar,0,33,26,48,107,0,17,7,0,24,0,50,33,48,131,28,36,64,195
10/29/2011,MGM,AL,ASO,ES,Combined TRACON& Tower with Radar,0,21,14,0,35,0,0,23,2,25,0,21,37,2,60,2,2,4,64
10/30/2011,MGM,AL,ASO,ES,Combined TRACON& Tower with Radar,0,31,21,13,65,0,0,12,5,17,0,31,33,18,82,24,0,24,106
10/31/2011,MGM,AL,ASO,ES,Combined TRACON& Tower with Radar,0,29,30,20,79,0,9,23,2,34,0,38,53,22,113,52,42,94,207
11/01/2011,MGM,AL,ASO,ES,Combined TRACON& Tower with Radar,0,31,28,39,98,0,5,21,3,29,0,36,49,42,127,36,0,36,163
11/02/2011,MGM,AL,ASO,ES,Combined TRACON& Tower with Radar,0,34,33,58,125,2,9,29,5,45,2,43,62,63,170,0,24,24,194
11/03/2011,MGM,AL,ASO,ES,Combined TRACON& Tower with Radar,0,31,27,44,102,0,2,5,2,9,0,33,32,46,111,38,20,58,169
11/04/2011,MGM,AL,ASO,ES,Combined TRACON& Tower with Radar,0,35,40,93,168,0,6,9,11,26,0,41,49,104,194,10,64,74,268
11/05/2011,MGM,AL,ASO,ES,Combined TRACON& Tower with Radar,0,25,11,4,40,0,0,28,2,30,0,25,39,6,70,0,2,2,72
11/06/2011,MGM,AL,ASO,ES,Combined TRACON& Tower with Radar,0,32,23,14,69,0,3,23,3,29,0,35,46,17,98,114,16,130,228
11/07/2011,MGM,AL,ASO,ES,Combined TRACON& Tower with Radar,0,33,29,40,102,0,0,23,4,27,0,33,52,44,129,28,34,62,191
11/08/2011,MGM,AL,ASO,ES,Combined TRACON& Tower with Radar,0,29,30,94,153,0,5,14,8,27,0,34,44,102,180,40,14,54,234
11/09/2011,MGM,AL,ASO,ES,Combined TRACON& Tower with Radar,0,30,36,65,131,0,1,2,7,10,0,31,38,72,141,34,36,70,211
11/10/2011,MGM,AL,ASO,ES,Combined TRACON& Tower with Radar,0,32,28,54,114,0,7,13,10,30,0,39,41,64,144,20,18,38,182
11/11/2011,MGM,AL,ASO,ES,Combined TRACON& Tower with Radar,2,31,34,3,70,1,1,26,1,29,3,32,60,4,99,14,0,14,113
11/12/2011,MGM,AL,ASO,ES,Combined TRACON& Tower with Radar,2,22,11,0,35,0,1,15,7,23,2,23,26,7,58,20,0,20,78
11/13/2011,MGM,AL,ASO,ES,Combined TRACON& Tower with Radar,0,29,16,28,73,0,0,19,13,32,0,29,35,41,105,2,14,16,121
11/14/2011,MGM,AL,ASO,ES,Combined TRACON& Tower with Radar,0,32,29,69,130,0,0,15,5,20,0,32,44,74,150,12,56,68,218
11/15/2011,MGM,AL,ASO,ES,Combined TRACON& Tower with Radar,0,33,32,87,152,0,8,5,1,14,0,41,37,88,166,0,28,28,194
11/16/2011,MGM,AL,ASO,ES,Combined TRACON& Tower with Radar,0,32,20,32,84,0,0,1,0,1,0,32,21,32,85,0,20,20,105
11/17/2011,MGM,AL,ASO,ES,Combined TRACON& Tower with Radar,0,34,36,66,136,0,5,30,10,45,0,39,66,76,181,62,8,70,251
11/18/2011,MGM,AL,ASO,ES,Combined TRACON& Tower with Radar,1,33,34,90,158,0,5,22,8,35,1,38,56,98,193,6,44,50,243
11/19/2011,MGM,AL,ASO,ES,Combined TRACON& Tower with Radar,1,26,35,5,67,0,0,25,7,32,1,26,60,12,99,34,0,34,133
11/20/2011,MGM,AL,ASO,ES,Combined TRACON& Tower with Radar,0,28,13,8,49,0,0,16,0,16,0,28,29,8,65,0,0,0,65
11/21/2011,MGM,AL,ASO,ES,Combined TRACON& Tower with Radar,0,24,25,38,87,0,2,13,5,20,0,26,38,43,107,26,6,32,139
11/22/2011,MGM,AL,ASO,ES,Combined TRACON& Tower with Radar,0,31,23,77,131,0,2,3,3,8,0,33,26,80,139,0,50,50,189
11/23/2011,MGM,AL,ASO,ES,Combined TRACON& Tower with Radar,0,36,39,63,138,0,2,10,0,12,0,38,49,63,150,0,36,36,186
11/24/2011,MGM,AL,ASO,ES,Combined TRACON& Tower with Radar,0,14,3,0,17,0,0,16,0,16,0,14,19,0,33,0,0,0,33
11/25/2011,MGM,AL,ASO,ES,Combined TRACON& Tower with Radar,0,21,25,0,46,0,0,29,0,29,0,21,54,0,75,32,0,32,107
11/26/2011,MGM,AL,ASO,ES,Combined TRACON& Tower with Radar,0,25,8,0,33,0,2,8,2,12,0,27,16,2,45,0,8,8,53
11/27/2011,MGM,AL,ASO,ES,Combined TRACON& Tower with Radar,0,26,16,0,42,0,0,0,0,0,0,26,16,0,42,0,0,0,42
11/28/2011,MGM,AL,ASO,ES,Combined TRACON& Tower with Radar,0,42,20,10,72,0,0,2,0,2,0,42,22,10,74,0,8,8,82
11/29/2011,MGM,AL,ASO,ES,Combined TRACON& Tower with Radar,0,30,14,45,89,0,0,3,2,5,0,30,17,47,94,0,20,20,114
11/30/2011,MGM,AL,ASO,ES,Combined TRACON& Tower with Radar,0,31,28,44,103,0,1,33,4,38,0,32,61,48,141,10,20,30,171
12/01/2011,MGM,AL,ASO,ES,Combined TRACON& Tower with Radar,0,30,33,95,158,0,3,58,6,67,0,33,91,101,225,28,70,98,323
12/02/2011,MGM,AL,ASO,ES,Combined TRACON& Tower with Radar,0,31,28,70,129,0,0,25,4,29,0,31,53,74,158,0,26,26,184
12/03/2011,MGM,AL,ASO,ES,Combined TRACON& Tower with Radar,0,23,19,15,57,0,0,17,0,17,0,23,36,15,74,8,36,44,118
12/04/2011,MGM,AL,ASO,ES,Combined TRACON& Tower with Radar,0,29,20,18,67,0,0,8,5,13,0,29,28,23,80,0,2,2,82
12/05/2011,MGM,AL,ASO,ES,Combined TRACON& Tower with Radar,0,33,24,105,162,0,3,6,4,13,0,36,30,109,175,18,84,102,277
12/06/2011,MGM,AL,ASO,ES,Combined TRACON& Tower with Radar,0,27,31,64,122,0,0,0,0,0,0,27,31,64,122,0,0,0,122
12/07/2011,MGM,AL,ASO,ES,Combined TRACON& Tower with Radar,0,27,24,60,111,0,2,0,3,5,0,29,24,63,116,0,0,0,116
12/08/2011,MGM,AL,ASO,ES,Combined TRACON& Tower with Radar,0,33,34,79,146,0,4,24,9,37,0,37,58,88,183,0,16,16,199
12/09/2011,MGM,AL,ASO,ES,Combined TRACON& Tower with Radar,0,30,28,35,93,0,14,16,2,32,0,44,44,37,125,8,8,16,141
12/10/2011,MGM,AL,ASO,ES,Combined TRACON& Tower with Radar,0,21,16,2,39,0,2,16,2,20,0,23,32,4,59,30,12,42,101
12/11/2011,MGM,AL,ASO,ES,Combined TRACON& Tower with Radar,0,33,19,22,74,0,1,11,2,14,0,34,30,24,88,0,0,0,88
12/12/2011,MGM,AL,ASO,ES,Combined TRACON& Tower with Radar,0,28,30,36,94,0,0,4,0,4,0,28,34,36,98,22,0,22,120
12/13/2011,MGM,AL,ASO,ES,Combined TRACON& Tower with Radar,0,30,36,91,157,0,4,17,7,28,0,34,53,98,185,36,48,84,269
12/14/2011,MGM,AL,ASO,ES,Combined TRACON& Tower with Radar,0,31,33,87,151,0,7,25,6,38,0,38,58,93,189,8,42,50,239
12/15/2011,MGM,AL,ASO,ES,Combined TRACON& Tower with Radar,0,27,39,79,145,0,1,25,4,30,0,28,64,83,175,14,70,84,259
12/16/2011,MGM,AL,ASO,ES,Combined TRACON& Tower with Radar,0,39,34,50,123,0,0,14,2,16,0,39,48,52,139,16,85,101,240
12/17/2011,MGM,AL,ASO,ES,Combined TRACON& Tower with Radar,0,23,22,11,56,0,0,22,3,25,0,23,44,14,81,0,0,0,81
12/18/2011,MGM,AL,ASO,ES,Combined TRACON& Tower with Radar,0,27,24,17,68,0,0,18,1,19,0,27,42,18,87,2,4,6,93
12/19/2011,MGM,AL,ASO,ES,Combined TRACON& Tower with Radar,0,30,24,40,94,0,11,21,4,36,0,41,45,44,130,26,34,60,190
12/20/2011,MGM,AL,ASO,ES,Combined TRACON& Tower with Radar,0,34,18,31,83,0,2,0,1,3,0,36,18,32,86,0,12,12,98
12/21/2011,MGM,AL,ASO,ES,Combined TRACON& Tower with Radar,0,29,18,33,80,0,0,0,0,0,0,29,18,33,80,18,0,18,98
12/22/2011,MGM,AL,ASO,ES,Combined TRACON& Tower with Radar,2,28,21,10,61,0,0,0,0,0,2,28,21,10,61,0,0,0,61
12/23/2011,MGM,AL,ASO,ES,Combined TRACON& Tower with Radar,0,24,19,18,61,0,1,9,1,11,0,25,28,19,72,22,16,38,110
12/24/2011,MGM,AL,ASO,ES,Combined TRACON& Tower with Radar,0,14,6,0,20,0,1,12,0,13,0,15,18,0,33,0,0,0,33
12/25/2011,MGM,AL,ASO,ES,Combined TRACON& Tower with Radar,0,19,1,0,20,0,0,0,0,0,0,19,1,0,20,0,0,0,20
12/26/2011,MGM,AL,ASO,ES,Combined TRACON& Tower with Radar,0,28,20,0,48,0,0,17,0,17,0,28,37,0,65,6,2,8,73
12/27/2011,MGM,AL,ASO,ES,Combined TRACON& Tower with Radar,0,27,16,36,79,0,2,2,0,4,0,29,18,36,83,0,12,12,95
12/28/2011,MGM,AL,ASO,ES,Combined TRACON& Tower with Radar,0,26,17,45,88,0,3,18,3,24,0,29,35,48,112,14,56,70,182
12/29/2011,MGM,AL,ASO,ES,Combined TRACON& Tower with Radar,0,29,29,22,80,0,1,27,2,30,0,30,56,24,110,80,12,92,202
12/30/2011,MGM,AL,ASO,ES,Combined TRACON& Tower with Radar,0,25,12,22,59,0,4,2,0,6,0,29,14,22,65,0,12,12,77
12/31/2011,MGM,AL,ASO,ES,Combined TRACON& Tower with Radar,0,18,20,0,38,0,0,17,0,17,0,18,37,0,55,12,0,12,67
01/01/2012,MGM,AL,ASO,ES,Combined TRACON& Tower with Radar,0,20,14,0,34,0,0,4,0,4,0,20,18,0,38,4,0,4,42
01/02/2012,MGM,AL,ASO,ES,Combined TRACON& Tower with Radar,0,31,14,0,45,0,0,15,0,15,0,31,29,0,60,4,0,4,64
01/03/2012,MGM,AL,ASO,ES,Combined TRACON& Tower with Radar,0,31,17,33,81,0,4,11,1,16,0,35,28,34,97,2,40,42,139
01/04/2012,MGM,AL,ASO,ES,Combined TRACON& Tower with Radar,2,31,24,84,141,0,3,12,4,19,2,34,36,88,160,12,36,48,208
01/05/2012,MGM,AL,ASO,ES,Combined TRACON& Tower with Radar,0,31,36,51,118,0,8,30,6,44,0,39,66,57,162,44,40,84,246
01/06/2012,MGM,AL,ASO,ES,Combined TRACON& Tower with Radar,2,38,33,59,132,0,11,17,4,32,2,49,50,63,164,20,58,78,242
01/07/2012,MGM,AL,ASO,ES,Combined TRACON& Tower with Radar,0,17,23,36,76,0,1,23,1,25,0,18,46,37,101,8,26,34,135
01/08/2012,MGM,AL,ASO,ES,Combined TRACON& Tower with Radar,0,26,8,38,72,0,0,7,0,7,0,26,15,38,79,4,44,48,127
01/09/2012,MGM,AL,ASO,ES,Combined TRACON& Tower with Radar,0,28,12,44,84,0,0,7,4,11,0,28,19,48,95,10,38,48,143
01/10/2012,MGM,AL,ASO,ES,Combined TRACON& Tower with Radar,2,29,29,69,129,0,0,0,1,1,2,29,29,70,130,0,0,0,130
01/11/2012,MGM,AL,ASO,ES,Combined TRACON& Tower with Radar,0,28,40,110,178,0,0,15,4,19,0,28,55,114,197,30,162,192,389
01/12/2012,MGM,AL,ASO,ES,Combined TRACON& Tower with Radar,2,26,21,100,149,0,4,10,7,21,2,30,31,107,170,0,78,78,248
01/13/2012,MGM,AL,ASO,ES,Combined TRACON& Tower with Radar,0,33,26,47,106,0,1,22,8,31,0,34,48,55,137,4,104,108,245
01/14/2012,MGM,AL,ASO,ES,Combined TRACON& Tower with Radar,0,17,10,0,27,0,6,44,0,50,0,23,54,0,77,2,0,2,79
01/15/2012,MGM,AL,ASO,ES,Combined TRACON& Tower with Radar,0,23,18,14,55,0,0,27,6,33,0,23,45,20,88,30,2,32,120
01/16/2012,MGM,AL,ASO,ES,Combined TRACON& Tower with Radar,0,29,22,1,52,0,1,29,0,30,0,30,51,1,82,8,0,8,90
01/17/2012,MGM,AL,ASO,ES,Combined TRACON& Tower with Radar,0,32,28,31,91,0,3,8,1,12,0,35,36,32,103,4,86,90,193
01/18/2012,MGM,AL,ASO,ES,Combined TRACON& Tower with Radar,0,30,18,57,105,0,2,16,5,23,0,32,34,62,128,6,20,26,154
01/19/2012,MGM,AL,ASO,ES,Combined TRACON& Tower with Radar,0,33,24,82,139,0,0,27,7,34,0,33,51,89,173,8,58,66,239
01/20/2012,MGM,AL,ASO,ES,Combined TRACON& Tower with Radar,0,30,23,40,93,0,2,1,0,3,0,32,24,40,96,2,4,6,102
01/21/2012,MGM,AL,ASO,ES,Combined TRACON& Tower with Radar,8,17,9,0,34,0,0,16,0,16,8,17,25,0,50,44,0,44,94
01/22/2012,MGM,AL,ASO,ES,Combined TRACON& Tower with Radar,0,25,24,5,54,0,0,0,0,0,0,25,24,5,54,0,0,0,54
01/23/2012,MGM,AL,ASO,ES,Combined TRACON& Tower with Radar,0,33,31,20,84,0,4,8,0,12,0,37,39,20,96,19,4,23,119
01/24/2012,MGM,AL,ASO,ES,Combined TRACON& Tower with Radar,0,28,30,64,122,0,6,18,5,29,0,34,48,69,151,46,22,68,219
01/25/2012,MGM,AL,ASO,ES,Combined TRACON& Tower with Radar,0,27,40,91,158,0,2,12,11,25,0,29,52,102,183,6,46,52,235
01/26/2012,MGM,AL,ASO,ES,Combined TRACON& Tower with Radar,0,28,13,22,63,0,0,0,3,3,0,28,13,25,66,0,0,0,66
01/27/2012,MGM,AL,ASO,ES,Combined TRACON& Tower with Radar,0,29,42,34,105,0,2,31,7,40,0,31,73,41,145,40,30,70,215
01/28/2012,MGM,AL,ASO,ES,Combined TRACON& Tower with Radar,0,16,15,11,42,0,0,25,1,26,0,16,40,12,68,4,6,10,78
01/29/2012,MGM,AL,ASO,ES,Combined TRACON& Tower with Radar,0,28,25,18,71,0,2,33,0,35,0,30,58,18,106,40,0,40,146
01/30/2012,MGM,AL,ASO,ES,Combined TRACON& Tower with Radar,0,32,22,33,87,0,11,40,1,52,0,43,62,34,139,26,8,34,173
01/31/2012,MGM,AL,ASO,ES,Combined TRACON& Tower with Radar,0,33,30,47,110,0,7,30,1,38,0,40,60,48,148,12,32,44,192
02/01/2012,MGM,AL,ASO,ES,Combined TRACON& Tower with Radar,0,27,7,28,62,0,1,0,2,3,0,28,7,30,65,0,0,0,65
02/02/2012,MGM,AL,ASO,ES,Combined TRACON& Tower with Radar,0,32,19,57,108,0,2,11,6,19,0,34,30,63,127,34,58,92,219
02/03/2012,MGM,AL,ASO,ES,Combined TRACON& Tower with Radar,0,34,32,36,102,0,5,11,4,20,0,39,43,40,122,2,108,110,232
02/04/2012,MGM,AL,ASO,ES,Combined TRACON& Tower with Radar,0,20,6,14,40,0,3,18,2,23,0,23,24,16,63,4,54,58,121
02/05/2012,MGM,AL,ASO,ES,Combined TRACON& Tower with Radar,0,31,14,15,60,0,0,9,0,9,0,31,23,15,69,26,6,32,101
02/06/2012,MGM,AL,ASO,ES,Combined TRACON& Tower with Radar,0,31,41,78,150,0,9,31,8,48,0,40,72,86,198,2,40,42,240
02/07/2012,MGM,AL,ASO,ES,Combined TRACON& Tower with Radar,0,32,21,55,108,0,4,34,9,47,0,36,55,64,155,24,58,82,237
02/08/2012,MGM,AL,ASO,ES,Combined TRACON& Tower with Radar,0,31,29,61,121,0,3,15,7,25,0,34,44,68,146,18,17,35,181
02/09/2012,MGM,AL,ASO,ES,Combined TRACON& Tower with Radar,0,31,26,60,117,0,7,36,3,46,0,38,62,63,163,66,30,96,259
02/10/2012,MGM,AL,ASO,ES,Combined TRACON& Tower with Radar,0,30,35,98,163,0,6,19,4,29,0,36,54,102,192,30,138,168,360
02/11/2012,MGM,AL,ASO,ES,Combined TRACON& Tower with Radar,0,20,13,12,45,0,0,5,1,6,0,20,18,13,51,4,4,8,59
02/12/2012,MGM,AL,ASO,ES,Combined TRACON& Tower with Radar,0,28,26,15,69,0,0,26,1,27,0,28,52,16,96,2,2,4,100
02/13/2012,MGM,AL,ASO,ES,Combined TRACON& Tower with Radar,0,31,30,77,138,0,2,36,4,42,0,33,66,81,180,0,86,86,266
02/14/2012,MGM,AL,ASO,ES,Combined TRACON& Tower with Radar,0,29,21,87,137,0,2,2,5,9,0,31,23,92,146,2,0,2,148
02/15/2012,MGM,AL,ASO,ES,Combined TRACON& Tower with Radar,0,33,35,184,252,0,5,23,4,32,0,38,58,188,284,42,126,168,452
02/16/2012,MGM,AL,ASO,ES,Combined TRACON& Tower with Radar,0,31,30,74,135,0,2,5,2,9,0,33,35,76,144,14,4,18,162
02/17/2012,MGM,AL,ASO,ES,Combined TRACON& Tower with Radar,0,34,29,105,168,0,4,56,13,73,0,38,85,118,241,24,56,80,321
02/18/2012,MGM,AL,ASO,ES,Combined TRACON& Tower with Radar,0,19,7,0,26,0,0,6,0,6,0,19,13,0,32,12,0,12,44
02/19/2012,MGM,AL,ASO,ES,Combined TRACON& Tower with Radar,0,26,24,4,54,0,0,4,1,5,0,26,28,5,59,0,0,0,59
02/20/2012,MGM,AL,ASO,ES,Combined TRACON& Tower with Radar,0,29,44,13,86,0,4,34,5,43,0,33,78,18,129,24,0,24,153
02/21/2012,MGM,AL,ASO,ES,Combined TRACON& Tower with Radar,0,30,27,74,131,0,13,10,6,29,0,43,37,80,160,10,96,106,266
02/22/2012,MGM,AL,ASO,ES,Combined TRACON& Tower with Radar,0,31,45,111,187,0,7,15,1,23,0,38,60,112,210,6,102,108,318
02/23/2012,MGM,AL,ASO,ES,Combined TRACON& Tower with Radar,0,30,11,51,92,0,0,7,6,13,0,30,18,57,105,2,42,44,149
02/24/2012,MGM,AL,ASO,ES,Combined TRACON& Tower with Radar,0,30,24,20,74,0,0,5,0,5,0,30,29,20,79,4,46,50,129
02/25/2012,MGM,AL,ASO,ES,Combined TRACON& Tower with Radar,0,18,28,6,52,0,1,37,0,38,0,19,65,6,90,20,0,20,110
02/26/2012,MGM,AL,ASO,ES,Combined TRACON& Tower with Radar,0,28,22,35,85,0,1,40,2,43,0,29,62,37,128,22,0,22,150
02/27/2012,MGM,AL,ASO,ES,Combined TRACON& Tower with Radar,0,32,35,118,185,0,0,24,3,27,0,32,59,121,212,44,104,148,360
02/28/2012,MGM,AL,ASO,ES,Combined TRACON& Tower with Radar,0,30,20,33,83,0,2,2,1,5,0,32,22,34,88,0,0,0,88
02/29/2012,MGM,AL,ASO,ES,Combined TRACON& Tower with Radar,0,29,35,110,174,0,2,7,5,14,0,31,42,115,188,14,53,67,255
03/01/2012,MGM,AL,ASO,ES,Combined TRACON& Tower with Radar,0,32,27,60,119,0,3,8,5,16,0,35,35,65,135,0,44,44,179
03/02/2012,MGM,AL,ASO,ES,Combined TRACON& Tower with Radar,0,30,34,70,134,0,5,6,6,17,0,35,40,76,151,0,38,38,189
03/03/2012,MGM,AL,ASO,ES,Combined TRACON& Tower with Radar,2,18,27,24,71,0,2,14,2,18,2,20,41,26,89,8,18,26,115
03/04/2012,MGM,AL,ASO,ES,Combined TRACON& Tower with Radar,2,36,27,32,97,0,2,30,0,32,2,38,57,32,129,8,24,32,161
03/05/2012,MGM,AL,ASO,ES,Combined TRACON& Tower with Radar,0,34,37,29,100,0,4,35,0,39,0,38,72,29,139,34,78,112,251
03/06/2012,MGM,AL,ASO,ES,Combined TRACON& Tower with Radar,0,27,30,92,149,0,4,26,6,36,0,31,56,98,185,64,78,142,327
03/07/2012,MGM,AL,ASO,ES,Combined TRACON& Tower with Radar,0,33,41,52,126,0,4,18,3,25,0,37,59,55,151,72,36,108,259
03/08/2012,MGM,AL,ASO,ES,Combined TRACON& Tower with Radar,0,36,29,75,140,0,8,24,7,39,0,44,53,82,179,18,92,110,289
03/09/2012,MGM,AL,ASO,ES,Combined TRACON& Tower with Radar,0,31,42,39,112,0,0,8,0,8,0,31,50,39,120,0,4,4,124
03/10/2012,MGM,AL,ASO,ES,Combined TRACON& Tower with Radar,0,19,21,16,56,0,0,36,4,40,0,19,57,20,96,24,10,34,130
03/11/2012,MGM,AL,ASO,ES,Combined TRACON& Tower with Radar,0,29,17,36,82,0,0,9,1,10,0,29,26,37,92,0,20,20,112
03/12/2012,MGM,AL,ASO,ES,Combined TRACON& Tower with Radar,0,28,29,32,89,0,1,25,0,26,0,29,54,32,115,16,0,16,131
03/13/2012,MGM,AL,ASO,ES,Combined TRACON& Tower with Radar,0,30,29,102,161,0,2,4,3,9,0,32,33,105,170,2,22,24,194
03/14/2012,MGM,AL,ASO,ES,Combined TRACON& Tower with Radar,2,30,34,63,129,0,0,4,2,6,2,30,38,65,135,0,56,56,191
03/15/2012,MGM,AL,ASO,ES,Combined TRACON& Tower with Radar,0,33,16,37,86,0,0,13,17,30,0,33,29,54,116,0,62,62,178
03/16/2012,MGM,AL,ASO,ES,Combined TRACON& Tower with Radar,0,35,36,77,148,0,1,16,5,22,0,36,52,82,170,2,12,14,184
03/17/2012,MGM,AL,ASO,ES,Combined TRACON& Tower with Radar,2,24,15,8,49,0,1,24,2,27,2,25,39,10,76,6,0,6,82
03/18/2012,MGM,AL,ASO,ES,Combined TRACON& Tower with Radar,0,32,23,20,75,0,1,22,1,24,0,33,45,21,99,16,26,42,141
03/19/2012,MGM,AL,ASO,ES,Combined TRACON& Tower with Radar,0,30,24,79,133,0,0,24,2,26,0,30,48,81,159,30,158,188,347
03/20/2012,MGM,AL,ASO,ES,Combined TRACON& Tower with Radar,0,26,33,29,88,0,0,12,2,14,0,26,45,31,102,0,3,3,105
03/21/2012,MGM,AL,ASO,ES,Combined TRACON& Tower with Radar,0,29,46,105,180,0,4,31,10,45,0,33,77,115,225,30,98,128,353
03/22/2012,MGM,AL,ASO,ES,Combined TRACON& Tower with Radar,0,31,20,27,78,0,0,3,0,3,0,31,23,27,81,0,24,24,105
03/23/2012,MGM,AL,ASO,ES,Combined TRACON& Tower with Radar,0,31,19,12,62,0,7,7,0,14,0,38,26,12,76,10,4,14,90
03/24/2012,MGM,AL,ASO,ES,Combined TRACON& Tower with Radar,0,20,27,20,67,0,0,13,3,16,0,20,40,23,83,8,2,10,93
03/25/2012,MGM,AL,ASO,ES,Combined TRACON& Tower with Radar,0,34,30,25,89,0,1,18,2,21,0,35,48,27,110,2,0,2,112
03/26/2012,MGM,AL,ASO,ES,Combined TRACON& Tower with Radar,0,29,31,87,147,0,0,31,4,35,0,29,62,91,182,0,52,52,234
03/27/2012,MGM,AL,ASO,ES,Combined TRACON& Tower with Radar,0,29,29,71,129,0,0,26,4,30,0,29,55,75,159,10,8,18,177
03/28/2012,MGM,AL,ASO,ES,Combined TRACON& Tower with Radar,0,31,20,83,134,0,6,22,5,33,0,37,42,88,167,44,48,92,259
03/29/2012,MGM,AL,ASO,ES,Combined TRACON& Tower with Radar,0,35,22,56,113,0,0,16,4,20,0,35,38,60,133,10,40,50,183
03/30/2012,MGM,AL,ASO,ES,Combined TRACON& Tower with Radar,0,33,36,7,76,0,1,0,1,2,0,34,36,8,78,0,0,0,78
03/31/2012,MGM,AL,ASO,ES,Combined TRACON& Tower with Radar,0,20,33,12,65,0,0,25,5,30,0,20,58,17,95,14,0,14,109
04/01/2012,MGM,AL,ASO,ES,Combined TRACON& Tower with Radar,0,31,30,32,93,0,5,18,4,27,0,36,48,36,120,22,10,32,152
04/02/2012,MGM,AL,ASO,ES,Combined TRACON& Tower with Radar,0,25,33,60,118,0,1,24,1,26,0,26,57,61,144,12,48,60,204
04/03/2012,MGM,AL,ASO,ES,Combined TRACON& Tower with Radar,0,23,23,42,88,0,0,12,7,19,0,23,35,49,107,0,54,54,161
04/04/2012,MGM,AL,ASO,ES,Combined TRACON& Tower with Radar,0,24,32,65,121,0,3,12,6,21,0,27,44,71,142,10,120,130,272
04/05/2012,MGM,AL,ASO,ES,Combined TRACON& Tower with Radar,0,26,24,16,66,0,1,10,1,12,0,27,34,17,78,8,14,22,100
04/06/2012,MGM,AL,ASO,ES,Combined TRACON& Tower with Radar,0,25,31,52,108,0,2,27,2,31,0,27,58,54,139,40,44,84,223
04/07/2012,MGM,AL,ASO,ES,Combined TRACON& Tower with Radar,0,22,17,0,39,0,0,19,0,19,0,22,36,0,58,40,0,40,98
04/08/2012,MGM,AL,ASO,ES,Combined TRACON& Tower with Radar,0,27,15,0,42,0,0,24,0,24,0,27,39,0,66,0,0,0,66
04/09/2012,MGM,AL,ASO,ES,Combined TRACON& Tower with Radar,0,27,23,54,104,0,0,20,11,31,0,27,43,65,135,10,102,112,247
04/10/2012,MGM,AL,ASO,ES,Combined TRACON& Tower with Radar,0,33,24,52,109,0,1,27,5,33,0,34,51,57,142,34,46,80,222
04/11/2012,MGM,AL,ASO,ES,Combined TRACON& Tower with Radar,0,38,36,112,186,0,7,26,7,40,0,45,62,119,226,15,30,45,271
04/12/2012,MGM,AL,ASO,ES,Combined TRACON& Tower with Radar,0,31,39,88,158,0,0,24,9,33,0,31,63,97,191,14,76,90,281
04/13/2012,MGM,AL,ASO,ES,Combined TRACON& Tower with Radar,0,30,39,108,177,0,1,17,5,23,0,31,56,113,200,12,42,54,254
04/14/2012,MGM,AL,ASO,ES,Combined TRACON& Tower with Radar,0,23,10,23,56,0,1,21,1,23,0,24,31,24,79,0,12,12,91
04/15/2012,MGM,AL,ASO,ES,Combined TRACON& Tower with Radar,0,26,18,17,61,0,2,15,3,20,0,28,33,20,81,26,14,40,121
04/16/2012,MGM,AL,ASO,ES,Combined TRACON& Tower with Radar,0,31,24,24,79,0,1,2,3,6,0,32,26,27,85,10,16,26,111
04/17/2012,MGM,AL,ASO,ES,Combined TRACON& Tower with Radar,0,31,30,50,111,0,0,5,4,9,0,31,35,54,120,0,0,0,120
04/18/2012,MGM,AL,ASO,ES,Combined TRACON& Tower with Radar,0,32,41,83,156,0,0,8,7,15,0,32,49,90,171,18,34,52,223
04/19/2012,MGM,AL,ASO,ES,Combined TRACON& Tower with Radar,0,31,29,65,125,0,0,5,3,8,0,31,34,68,133,26,18,44,177
04/20/2012,MGM,AL,ASO,ES,Combined TRACON& Tower with Radar,0,39,30,64,133,0,0,17,4,21,0,39,47,68,154,20,66,86,240
04/21/2012,MGM,AL,ASO,ES,Combined TRACON& Tower with Radar,4,24,4,5,37,0,0,11,0,11,4,24,15,5,48,14,2,16,64
04/22/2012,MGM,AL,ASO,ES,Combined TRACON& Tower with Radar,0,30,11,31,72,0,0,9,4,13,0,30,20,35,85,0,2,2,87
04/23/2012,MGM,AL,ASO,ES,Combined TRACON& Tower with Radar,0,33,24,36,93,0,0,10,6,16,0,33,34,42,109,6,32,38,147
04/24/2012,MGM,AL,ASO,ES,Combined TRACON& Tower with Radar,0,31,28,61,120,0,0,22,1,23,0,31,50,62,143,9,74,83,226
04/25/2012,MGM,AL,ASO,ES,Combined TRACON& Tower with Radar,0,29,31,89,149,0,2,34,21,57,0,31,65,110,206,0,116,116,322
04/26/2012,MGM,AL,ASO,ES,Combined TRACON& Tower with Radar,0,38,37,77,152,0,5,7,2,14,0,43,44,79,166,2,28,30,196
04/27/2012,MGM,AL,ASO,ES,Combined TRACON& Tower with Radar,0,32,39,67,138,0,2,18,2,22,0,34,57,69,160,14,0,14,174
04/28/2012,MGM,AL,ASO,ES,Combined TRACON& Tower with Radar,0,23,13,8,44,0,5,23,0,28,0,28,36,8,72,20,4,24,96
04/29/2012,MGM,AL,ASO,ES,Combined TRACON& Tower with Radar,2,33,20,42,97,0,1,28,5,34,2,34,48,47,131,12,26,38,169
04/30/2012,MGM,AL,ASO,ES,Combined TRACON& Tower with Radar,0,37,30,75,142,0,3,16,5,24,0,40,46,80,166,4,60,64,230
05/01/2012,MGM,AL,ASO,ES,Combined TRACON& Tower with Radar,0,31,27,53,111,0,0,17,12,29,0,31,44,65,140,0,60,60,200
05/02/2012,MGM,AL,ASO,ES,Combined TRACON& Tower with Radar,0,27,38,81,146,0,0,20,15,35,0,27,58,96,181,0,120,120,301
05/03/2012,MGM,AL,ASO,ES,Combined TRACON& Tower with Radar,0,32,25,20,77,0,0,2,3,5,0,32,27,23,82,16,2,18,100
05/04/2012,MGM,AL,ASO,ES,Combined TRACON& Tower with Radar,2,32,27,92,153,0,7,24,10,41,2,39,51,102,194,46,130,176,370
05/05/2012,MGM,AL,ASO,ES,Combined TRACON& Tower with Radar,0,21,27,7,55,0,2,20,9,31,0,23,47,16,86,4,0,4,90
05/06/2012,MGM,AL,ASO,ES,Combined TRACON& Tower with Radar,0,23,34,6,63,0,1,16,1,18,0,24,50,7,81,32,8,40,121
05/07/2012,MGM,AL,ASO,ES,Combined TRACON& Tower with Radar,0,27,37,51,115,0,2,17,7,26,0,29,54,58,141,14,0,14,155
05/08/2012,MGM,AL,ASO,ES,Combined TRACON& Tower with Radar,0,30,39,39,108,0,4,4,1,9,0,34,43,40,117,0,36,36,153
05/09/2012,MGM,AL,ASO,ES,Combined TRACON& Tower with Radar,0,32,24,21,77,0,1,6,4,11,0,33,30,25,88,14,4,18,106
05/10/2012,MGM,AL,ASO,ES,Combined TRACON& Tower with Radar,0,34,26,87,147,0,7,22,5,34,0,41,48,92,181,74,120,194,375
05/11/2012,MGM,AL,ASO,ES,Combined TRACON& Tower with Radar,0,28,26,79,133,0,0,33,8,41,0,28,59,87,174,32,54,86,260
05/12/2012,MGM,AL,ASO,ES,Combined TRACON& Tower with Radar,0,26,4,9,39,0,4,4,0,8,0,30,8,9,47,20,0,20,67
05/13/2012,MGM,AL,ASO,ES,Combined TRACON& Tower with Radar,0,30,12,7,49,0,0,2,1,3,0,30,14,8,52,0,0,0,52
05/14/2012,MGM,AL,ASO,ES,Combined TRACON& Tower with Radar,0,30,28,20,78,0,0,8,1,9,0,30,36,21,87,7,16,23,110
05/15/2012,MGM,AL,ASO,ES,Combined TRACON& Tower with Radar,0,30,44,52,126,0,2,17,4,23,0,32,61,56,149,38,62,100,249
05/16/2012,MGM,AL,ASO,ES,Combined TRACON& Tower with Radar,2,32,22,72,128,0,0,23,10,33,2,32,45,82,161,10,38,48,209
05/17/2012,MGM,AL,ASO,ES,Combined TRACON& Tower with Radar,0,29,24,51,104,0,0,18,8,26,0,29,42,59,130,16,20,36,166
05/18/2012,MGM,AL,ASO,ES,Combined TRACON& Tower with Radar,0,32,30,60,122,0,2,30,10,42,0,34,60,70,164,16,52,68,232
05/19/2012,MGM,AL,ASO,ES,Combined TRACON& Tower with Radar,0,22,8,42,72,0,8,34,6,48,0,30,42,48,120,20,92,112,232
05/20/2012,MGM,AL,ASO,ES,Combined TRACON& Tower with Radar,12,32,17,65,126,0,1,14,8,23,12,33,31,73,149,12,26,38,187
05/21/2012,MGM,AL,ASO,ES,Combined TRACON& Tower with Radar,0,31,35,21,87,0,3,12,1,16,0,34,47,22,103,4,26,30,133
05/22/2012,MGM,AL,ASO,ES,Combined TRACON& Tower with Radar,2,28,29,57,116,0,1,16,4,21,2,29,45,61,137,16,62,78,215
05/23/2012,MGM,AL,ASO,ES,Combined TRACON& Tower with Radar,0,29,43,106,178,0,2,23,14,39,0,31,66,120,217,20,74,94,311
05/24/2012,MGM,AL,ASO,ES,Combined TRACON& Tower with Radar,0,29,43,72,144,0,5,18,2,25,0,34,61,74,169,0,32,32,201
05/25/2012,MGM,AL,ASO,ES,Combined TRACON& Tower with Radar,0,31,20,49,100,0,1,11,2,14,0,32,31,51,114,46,8,54,168
05/26/2012,MGM,AL,ASO,ES,Combined TRACON& Tower with Radar,0,22,14,6,42,0,4,25,0,29,0,26,39,6,71,24,10,34,105
05/27/2012,MGM,AL,ASO,ES,Combined TRACON& Tower with Radar,0,26,21,17,64,0,0,14,3,17,0,26,35,20,81,0,0,0,81
05/28/2012,MGM,AL,ASO,ES,Combined TRACON& Tower with Radar,0,33,19,19,71,0,0,20,1,21,0,33,39,20,92,18,0,18,110
05/29/2012,MGM,AL,ASO,ES,Combined TRACON& Tower with Radar,0,29,23,97,149,0,2,7,11,20,0,31,30,108,169,0,68,68,237
05/30/2012,MGM,AL,ASO,ES,Combined TRACON& Tower with Radar,0,27,39,59,125,0,5,15,3,23,0,32,54,62,148,12,44,56,204
05/31/2012,MGM,AL,ASO,ES,Combined TRACON& Tower with Radar,0,30,27,19,76,0,7,7,0,14,0,37,34,19,90,24,54,78,168
06/01/2012,MGM,AL,ASO,ES,Combined TRACON& Tower with Radar,0,33,28,85,146,0,0,5,5,10,0,33,33,90,156,0,46,46,202
06/02/2012,MGM,AL,ASO,ES,Combined TRACON& Tower with Radar,0,25,17,18,60,0,1,23,9,33,0,26,40,27,93,26,8,34,127
06/03/2012,MGM,AL,ASO,ES,Combined TRACON& Tower with Radar,0,33,18,15,66,0,0,19,4,23,0,33,37,19,89,22,0,22,111
06/04/2012,MGM,AL,ASO,ES,Combined TRACON& Tower with Radar,0,29,25,41,95,0,1,9,3,13,0,30,34,44,108,12,16,28,136
06/05/2012,MGM,AL,ASO,ES,Combined TRACON& Tower with Radar,0,30,24,34,88,0,2,5,3,10,0,32,29,37,98,24,34,58,156
06/06/2012,MGM,AL,ASO,ES,Combined TRACON& Tower with Radar,0,27,39,85,151,0,7,19,14,40,0,34,58,99,191,34,130,164,355
06/07/2012,MGM,AL,ASO,ES,Combined TRACON& Tower with Radar,0,36,20,93,149,0,16,11,4,31,0,52,31,97,180,70,58,128,308
06/08/2012,MGM,AL,ASO,ES,Combined TRACON& Tower with Radar,0,34,23,128,185,0,8,10,14,32,0,42,33,142,217,8,116,124,341
06/09/2012,MGM,AL,ASO,ES,Combined TRACON& Tower with Radar,2,24,17,36,79,0,2,4,0,6,2,26,21,36,85,0,0,0,85
06/10/2012,MGM,AL,ASO,ES,Combined TRACON& Tower with Radar,0,32,16,0,48,0,0,0,0,0,0,32,16,0,48,0,0,0,48
06/11/2012,MGM,AL,ASO,ES,Combined TRACON& Tower with Radar,0,28,20,3,51,0,2,1,5,8,0,30,21,8,59,0,0,0,59
06/12/2012,MGM,AL,ASO,ES,Combined TRACON& Tower with Radar,0,33,32,105,170,0,3,5,9,17,0,36,37,114,187,22,127,149,336
06/13/2012,MGM,AL,ASO,ES,Combined TRACON& Tower with Radar,8,42,36,94,180,0,4,22,15,41,8,46,58,109,221,34,40,74,295
06/14/2012,MGM,AL,ASO,ES,Combined TRACON& Tower with Radar,0,32,25,86,143,0,2,13,16,31,0,34,38,102,174,12,40,52,226
06/15/2012,MGM,AL,ASO,ES,Combined TRACON& Tower with Radar,0,34,31,119,184,0,0,16,13,29,0,34,47,132,213,2,108,110,323
06/16/2012,MGM,AL,ASO,ES,Combined TRACON& Tower with Radar,0,23,14,32,69,0,0,31,0,31,0,23,45,32,100,26,0,26,126
06/17/2012,MGM,AL,ASO,ES,Combined TRACON& Tower with Radar,0,32,13,34,79,0,0,16,6,22,0,32,29,40,101,28,0,28,129
06/18/2012,MGM,AL,ASO,ES,Combined TRACON& Tower with Radar,0,31,38,50,119,0,2,14,6,22,0,33,52,56,141,30,0,30,171
06/19/2012,MGM,AL,ASO,ES,Combined TRACON& Tower with Radar,0,36,36,39,111,0,5,25,10,40,0,41,61,49,151,62,2,64,215
06/20/2012,MGM,AL,ASO,ES,Combined TRACON& Tower with Radar,0,37,31,67,135,0,3,19,9,31,0,40,50,76,166,58,60,118,284
06/21/2012,MGM,AL,ASO,ES,Combined TRACON& Tower with Radar,0,37,40,93,170,0,11,21,9,41,0,48,61,102,211,18,26,44,255
06/22/2012,MGM,AL,ASO,ES,Combined TRACON& Tower with Radar,0,29,39,81,149,0,5,28,9,42,0,34,67,90,191,0,60,60,251
06/23/2012,MGM,AL,ASO,ES,Combined TRACON& Tower with Radar,0,26,10,10,46,0,1,14,0,15,0,27,24,10,61,24,0,24,85
06/24/2012,MGM,AL,ASO,ES,Combined TRACON& Tower with Radar,0,30,20,17,67,0,0,16,7,23,0,30,36,24,90,0,6,6,96
06/25/2012,MGM,AL,ASO,ES,Combined TRACON& Tower with Radar,0,33,22,53,108,0,9,12,10,31,0,42,34,63,139,2,32,34,173
06/26/2012,MGM,AL,ASO,ES,Combined TRACON& Tower with Radar,0,38,13,91,142,0,0,22,1,23,0,38,35,92,165,36,18,54,219
06/27/2012,MGM,AL,ASO,ES,Combined TRACON& Tower with Radar,0,28,17,67,112,0,2,14,5,21,0,30,31,72,133,12,8,20,153
06/28/2012,MGM,AL,ASO,ES,Combined TRACON& Tower with Radar,1,29,31,130,191,0,0,17,2,19,1,29,48,132,210,12,34,46,256
06/29/2012,MGM,AL,ASO,ES,Combined TRACON& Tower with Radar,0,37,27,67,131,0,3,25,7,35,0,40,52,74,166,4,12,16,182
06/30/2012,MGM,AL,ASO,ES,Combined TRACON& Tower with Radar,0,24,14,9,47,0,0,15,0,15,0,24,29,9,62,0,12,12,74
07/01/2012,MGM,AL,ASO,ES,Combined TRACON& Tower with Radar,2,28,22,6,58,0,0,11,0,11,2,28,33,6,69,2,0,2,71
07/02/2012,MGM,AL,ASO,ES,Combined TRACON& Tower with Radar,0,29,26,29,84,0,8,12,5,25,0,37,38,34,109,28,26,54,163
07/03/2012,MGM,AL,ASO,ES,Combined TRACON& Tower with Radar,1,28,18,32,79,0,5,3,3,11,1,33,21,35,90,0,18,18,108
07/04/2012,MGM,AL,ASO,ES,Combined TRACON& Tower with Radar,0,18,10,2,30,0,0,14,0,14,0,18,24,2,44,18,0,18,62
07/05/2012,MGM,AL,ASO,ES,Combined TRACON& Tower with Radar,0,30,16,64,110,0,0,5,0,5,0,30,21,64,115,8,42,50,165
07/06/2012,MGM,AL,ASO,ES,Combined TRACON& Tower with Radar,0,30,30,79,139,0,1,12,4,17,0,31,42,83,156,24,80,104,260
07/07/2012,MGM,AL,ASO,ES,Combined TRACON& Tower with Radar,0,22,5,4,31,0,5,1,0,6,0,27,6,4,37,6,40,46,83
07/08/2012,MGM,AL,ASO,ES,Combined TRACON& Tower with Radar,0,30,18,4,52,0,0,10,2,12,0,30,28,6,64,0,0,0,64
07/09/2012,MGM,AL,ASO,ES,Combined TRACON& Tower with Radar,0,35,13,65,113,0,6,11,1,18,0,41,24,66,131,4,80,84,215
07/10/2012,MGM,AL,ASO,ES,Combined TRACON& Tower with Radar,0,33,28,125,186,0,0,13,8,21,0,33,41,133,207,4,154,158,365
07/11/2012,MGM,AL,ASO,ES,Combined TRACON& Tower with Radar,0,32,50,89,171,0,5,9,16,30,0,37,59,105,201,8,82,90,291
07/12/2012,MGM,AL,ASO,ES,Combined TRACON& Tower with Radar,0,36,18,46,100,0,2,7,4,13,0,38,25,50,113,10,4,14,127
07/13/2012,MGM,AL,ASO,ES,Combined TRACON& Tower with Radar,0,34,25,126,185,0,4,10,3,17,0,38,35,129,202,0,94,94,296
07/14/2012,MGM,AL,ASO,ES,Combined TRACON& Tower with Radar,0,26,19,22,67,0,3,11,6,20,0,29,30,28,87,10,72,82,169
07/15/2012,MGM,AL,ASO,ES,Combined TRACON& Tower with Radar,0,31,24,40,95,0,2,15,9,26,0,33,39,49,121,0,27,27,148
07/16/2012,MGM,AL,ASO,ES,Combined TRACON& Tower with Radar,0,32,26,59,117,0,3,18,4,25,0,35,44,63,142,44,40,84,226
07/17/2012,MGM,AL,ASO,ES,Combined TRACON& Tower with Radar,0,34,22,49,105,0,0,19,0,19,0,34,41,49,124,0,16,16,140
07/18/2012,MGM,AL,ASO,ES,Combined TRACON& Tower with Radar,2,29,30,43,104,0,6,10,3,19,2,35,40,46,123,0,58,58,181
07/19/2012,MGM,AL,ASO,ES,Combined TRACON& Tower with Radar,0,33,44,74,151,0,1,13,14,28,0,34,57,88,179,8,70,78,257
07/20/2012,MGM,AL,ASO,ES,Combined TRACON& Tower with Radar,0,34,27,100,161,0,3,8,4,15,0,37,35,104,176,24,104,128,304
07/21/2012,MGM,AL,ASO,ES,Combined TRACON& Tower with Radar,0,21,18,6,45,0,1,8,9,18,0,22,26,15,63,0,18,18,81
07/22/2012,MGM,AL,ASO,ES,Combined TRACON& Tower with Radar,0,30,15,24,69,0,2,10,15,27,0,32,25,39,96,20,20,40,136
07/23/2012,MGM,AL,ASO,ES,Combined TRACON& Tower with Radar,0,30,19,95,144,0,1,9,7,17,0,31,28,102,161,28,62,90,251
07/24/2012,MGM,AL,ASO,ES,Combined TRACON& Tower with Radar,0,35,26,97,158,0,0,31,16,47,0,35,57,113,205,10,30,40,245
07/25/2012,MGM,AL,ASO,ES,Combined TRACON& Tower with Radar,0,29,24,109,162,0,5,20,10,35,0,34,44,119,197,10,100,110,307
07/26/2012,MGM,AL,ASO,ES,Combined TRACON& Tower with Radar,0,30,35,67,132,0,2,16,10,28,0,32,51,77,160,20,24,44,204
07/27/2012,MGM,AL,ASO,ES,Combined TRACON& Tower with Radar,0,33,32,77,142,0,1,10,8,19,0,34,42,85,161,16,26,42,203
07/28/2012,MGM,AL,ASO,ES,Combined TRACON& Tower with Radar,0,23,9,26,58,0,0,16,0,16,0,23,25,26,74,4,0,4,78
07/29/2012,MGM,AL,ASO,ES,Combined TRACON& Tower with Radar,0,35,16,42,93,0,0,14,10,24,0,35,30,52,117,2,14,16,133
07/30/2012,MGM,AL,ASO,ES,Combined TRACON& Tower with Radar,0,36,39,33,108,0,2,12,1,15,0,38,51,34,123,10,4,14,137
07/31/2012,MGM,AL,ASO,ES,Combined TRACON& Tower with Radar,0,35,18,53,106,0,1,4,2,7,0,36,22,55,113,14,56,70,183
08/01/2012,MGM,AL,ASO,ES,Combined TRACON& Tower with Radar,0,37,22,65,124,0,4,13,11,28,0,41,35,76,152,20,20,40,192
08/02/2012,MGM,AL,ASO,ES,Combined TRACON& Tower with Radar,0,33,33,61,127,0,3,13,3,19,0,36,46,64,146,32,52,84,230
08/03/2012,MGM,AL,ASO,ES,Combined TRACON& Tower with Radar,0,32,20,67,119,0,0,11,15,26,0,32,31,82,145,20,12,32,177
08/04/2012,MGM,AL,ASO,ES,Combined TRACON& Tower with Radar,0,25,21,16,62,0,4,12,3,19,0,29,33,19,81,0,0,0,81
08/05/2012,MGM,AL,ASO,ES,Combined TRACON& Tower with Radar,0,28,26,26,80,0,0,18,6,24,0,28,44,32,104,8,56,64,168
08/06/2012,MGM,AL,ASO,ES,Combined TRACON& Tower with Radar,0,30,36,43,109,0,10,6,6,22,0,40,42,49,131,52,40,92,223
08/07/2012,MGM,AL,ASO,ES,Combined TRACON& Tower with Radar,0,33,15,15,63,0,5,7,7,19,0,38,22,22,82,7,26,33,115
08/08/2012,MGM,AL,ASO,ES,Combined TRACON& Tower with Radar,0,34,21,131,186,0,1,13,6,20,0,35,34,137,206,4,30,34,240
08/09/2012,MGM,AL,ASO,ES,Combined TRACON& Tower with Radar,2,30,26,56,114,0,3,4,3,10,2,33,30,59,124,10,16,26,150
08/10/2012,MGM,AL,ASO,ES,Combined TRACON& Tower with Radar,0,33,26,137,196,0,9,15,6,30,0,42,41,143,226,12,62,74,300
08/11/2012,MGM,AL,ASO,ES,Combined TRACON& Tower with Radar,0,22,9,0,31,0,2,6,0,8,0,24,15,0,39,0,0,0,39
08/12/2012,MGM,AL,ASO,ES,Combined TRACON& Tower with Radar,0,24,14,76,114,0,0,10,2,12,0,24,24,78,126,0,54,54,180
08/13/2012,MGM,AL,ASO,ES,Combined TRACON& Tower with Radar,4,37,39,41,121,0,3,9,5,17,4,40,48,46,138,8,46,54,192
08/14/2012,MGM,AL,ASO,ES,Combined TRACON& Tower with Radar,2,33,33,37,105,0,0,6,3,9,2,33,39,40,114,4,20,24,138
08/15/2012,MGM,AL,ASO,ES,Combined TRACON& Tower with Radar,4,30,25,102,161,0,0,14,3,17,4,30,39,105,178,6,6,12,190
08/16/2012,MGM,AL,ASO,ES,Combined TRACON& Tower with Radar,0,42,36,90,168,0,3,38,17,58,0,45,74,107,226,40,186,226,452
08/17/2012,MGM,AL,ASO,ES,Combined TRACON& Tower with Radar,0,33,26,64,123,0,2,5,25,32,0,35,31,89,155,22,18,40,195
08/18/2012,MGM,AL,ASO,ES,Combined TRACON& Tower with Radar,2,20,25,20,67,0,0,8,1,9,2,20,33,21,76,18,26,44,120
08/19/2012,MGM,AL,ASO,ES,Combined TRACON& Tower with Radar,0,31,23,76,130,0,1,3,11,15,0,32,26,87,145,6,8,14,159
08/20/2012,MGM,AL,ASO,ES,Combined TRACON& Tower with Radar,2,31,29,37,99,0,4,16,8,28,2,35,45,45,127,10,8,18,145
08/21/2012,MGM,AL,ASO,ES,Combined TRACON& Tower with Radar,2,31,30,45,108,0,5,17,11,33,2,36,47,56,141,8,36,44,185
08/22/2012,MGM,AL,ASO,ES,Combined TRACON& Tower with Radar,0,36,30,78,144,0,2,23,14,39,0,38,53,92,183,4,102,106,289
08/23/2012,MGM,AL,ASO,ES,Combined TRACON& Tower with Radar,0,30,43,75,148,0,1,24,12,37,0,31,67,87,185,8,16,24,209
08/24/2012,MGM,AL,ASO,ES,Combined TRACON& Tower with Radar,0,35,35,134,204,0,8,20,4,32,0,43,55,138,236,8,134,142,378
08/25/2012,MGM,AL,ASO,ES,Combined TRACON& Tower with Radar,0,21,24,9,54,0,2,25,0,27,0,23,49,9,81,16,0,16,97
08/26/2012,MGM,AL,ASO,ES,Combined TRACON& Tower with Radar,0,29,23,18,70,0,1,29,1,31,0,30,52,19,101,10,44,54,155
08/27/2012,MGM,AL,ASO,ES,Combined TRACON& Tower with Radar,2,28,22,11,63,0,1,10,18,29,2,29,32,29,92,14,2,16,108
08/28/2012,MGM,AL,ASO,ES,Combined TRACON& Tower with Radar,2,33,16,15,66,0,0,2,2,4,2,33,18,17,70,20,0,20,90
08/29/2012,MGM,AL,ASO,ES,Combined TRACON& Tower with Radar,2,33,19,51,105,0,2,2,2,6,2,35,21,53,111,34,92,126,237
08/30/2012,MGM,AL,ASO,ES,Combined TRACON& Tower with Radar,0,35,18,28,81,0,0,0,0,0,0,35,18,28,81,16,10,26,107
08/31/2012,MGM,AL,ASO,ES,Combined TRACON& Tower with Radar,0,34,33,22,89,0,4,18,1,23,0,38,51,23,112,20,38,58,170
09/01/2012,MGM,AL,ASO,ES,Combined TRACON& Tower with Radar,0,19,15,2,36,0,5,12,1,18,0,24,27,3,54,6,0,6,60
09/02/2012,MGM,AL,ASO,ES,Combined TRACON& Tower with Radar,4,23,10,0,37,0,2,10,10,22,4,25,20,10,59,0,0,0,59
09/03/2012,MGM,AL,ASO,ES,Combined TRACON& Tower with Radar,0,30,14,0,44,0,0,3,0,3,0,30,17,0,47,6,0,6,53
09/04/2012,MGM,AL,ASO,ES,Combined TRACON& Tower with Radar,2,33,18,22,75,0,2,4,0,6,2,35,22,22,81,24,0,24,105
09/05/2012,MGM,AL,ASO,ES,Combined TRACON& Tower with Radar,0,34,35,98,167,0,7,12,3,22,0,41,47,101,189,6,32,38,227
09/06/2012,MGM,AL,ASO,ES,Combined TRACON& Tower with Radar,0,36,32,83,151,0,11,15,10,36,0,47,47,93,187,0,72,72,259
09/07/2012,MGM,AL,ASO,ES,Combined TRACON& Tower with Radar,0,29,19,86,134,0,0,16,4,20,0,29,35,90,154,20,11,31,185
09/08/2012,MGM,AL,ASO,ES,Combined TRACON& Tower with Radar,0,19,19,43,81,0,0,14,2,16,0,19,33,45,97,8,12,20,117
09/09/2012,MGM,AL,ASO,ES,Combined TRACON& Tower with Radar,0,32,14,16,62,0,3,18,3,24,0,35,32,19,86,14,2,16,102
09/10/2012,MGM,AL,ASO,ES,Combined TRACON& Tower with Radar,0,30,24,81,135,0,6,20,7,33,0,36,44,88,168,44,2,46,214
09/11/2012,MGM,AL,ASO,ES,Combined TRACON& Tower with Radar,0,31,32,88,151,0,3,19,23,45,0,34,51,111,196,6,64,70,266
09/12/2012,MGM,AL,ASO,ES,Combined TRACON& Tower with Radar,0,36,35,114,185,0,0,30,7,37,0,36,65,121,222,16,60,76,298
09/13/2012,MGM,AL,ASO,ES,Combined TRACON& Tower with Radar,0,33,42,116,191,0,2,23,4,29,0,35,65,120,220,16,82,98,318
09/14/2012,MGM,AL,ASO,ES,Combined TRACON& Tower with Radar,0,34,39,103,176,0,10,10,14,34,0,44,49,117,210,20,96,116,326
09/15/2012,MGM,AL,ASO,ES,Combined TRACON& Tower with Radar,0,19,15,23,57,0,1,15,21,37,0,20,30,44,94,0,26,26,120
09/16/2012,MGM,AL,ASO,ES,Combined TRACON& Tower with Radar,0,29,22,89,140,0,0,8,6,14,0,29,30,95,154,0,44,44,198
09/17/2012,MGM,AL,ASO,ES,Combined TRACON& Tower with Radar,0,38,24,73,135,0,1,3,8,12,0,39,27,81,147,2,40,42,189
09/18/2012,MGM,AL,ASO,ES,Combined TRACON& Tower with Radar,0,38,27,49,114,0,0,5,1,6,0,38,32,50,120,0,1,1,121
09/19/2012,MGM,AL,ASO,ES,Combined TRACON& Tower with Radar,0,37,27,75,139,0,8,32,11,51,0,45,59,86,190,0,64,64,254
09/20/2012,MGM,AL,ASO,ES,Combined TRACON& Tower with Radar,0,32,44,57,133,0,0,28,4,32,0,32,72,61,165,100,14,114,279
09/21/2012,MGM,AL,ASO,ES,Combined TRACON& Tower with Radar,2,30,39,77,148,0,3,28,4,35,2,33,67,81,183,28,50,78,261
09/22/2012,MGM,AL,ASO,ES,Combined TRACON& Tower with Radar,1,20,19,12,52,0,0,29,3,32,1,20,48,15,84,46,36,82,166
09/23/2012,MGM,AL,ASO,ES,Combined TRACON& Tower with Radar,0,35,23,54,112,0,0,19,0,19,0,35,42,54,131,0,24,24,155
09/24/2012,MGM,AL,ASO,ES,Combined TRACON& Tower with Radar,0,32,21,64,117,0,2,31,6,39,0,34,52,70,156,20,68,88,244
09/25/2012,MGM,AL,ASO,ES,Combined TRACON& Tower with Radar,0,37,39,44,120,0,0,23,7,30,0,37,62,51,150,14,32,46,196
09/26/2012,MGM,AL,ASO,ES,Combined TRACON& Tower with Radar,0,33,29,72,134,0,1,24,5,30,0,34,53,77,164,10,48,58,222
09/27/2012,MGM,AL,ASO,ES,Combined TRACON& Tower with Radar,0,36,36,60,132,0,3,20,4,27,0,39,56,64,159,44,78,122,281
09/28/2012,MGM,AL,ASO,ES,Combined TRACON& Tower with Radar,0,33,41,87,161,0,1,8,3,12,0,34,49,90,173,10,76,86,259
09/29/2012,MGM,AL,ASO,ES,Combined TRACON& Tower with Radar,0,21,12,7,40,0,1,11,0,12,0,22,23,7,52,8,0,8,60
09/30/2012,MGM,AL,ASO,ES,Combined TRACON& Tower with Radar,0,32,20,5,57,0,0,0,0,0,0,32,20,5,57,0,0,0,57
10/01/2012,MGM,AL,ASO,ES,Combined TRACON& Tower with Radar,4,29,36,33,102,0,0,3,1,4,4,29,39,34,106,30,46,76,182
10/02/2012,MGM,AL,ASO,ES,Combined TRACON& Tower with Radar,0,28,37,75,140,0,0,3,5,8,0,28,40,80,148,0,22,22,170
10/03/2012,MGM,AL,ASO,ES,Combined TRACON& Tower with Radar,2,29,26,115,172,0,10,16,20,46,2,39,42,135,218,30,34,64,282
10/04/2012,MGM,AL,ASO,ES,Combined TRACON& Tower with Radar,2,30,31,108,171,0,6,20,3,29,2,36,51,111,200,8,112,120,320
10/05/2012,MGM,AL,ASO,ES,Combined TRACON& Tower with Radar,4,31,39,27,101,0,2,21,0,23,4,33,60,27,124,44,0,44,168
10/06/2012,MGM,AL,ASO,ES,Combined TRACON& Tower with Radar,2,18,17,6,43,0,0,2,0,2,2,18,19,6,45,0,0,0,45
10/07/2012,MGM,AL,ASO,ES,Combined TRACON& Tower with Radar,2,24,31,9,66,0,2,12,4,18,2,26,43,13,84,4,0,4,88
10/08/2012,MGM,AL,ASO,ES,Combined TRACON& Tower with Radar,2,29,26,11,68,0,0,15,0,15,2,29,41,11,83,0,0,0,83
10/09/2012,MGM,AL,ASO,ES,Combined TRACON& Tower with Radar,2,30,33,74,139,0,0,19,4,23,2,30,52,78,162,14,32,46,208
10/10/2012,MGM,AL,ASO,ES,Combined TRACON& Tower with Radar,2,34,37,89,162,0,3,22,10,35,2,37,59,99,197,20,58,78,275
10/11/2012,MGM,AL,ASO,ES,Combined TRACON& Tower with Radar,3,30,44,108,185,0,1,22,7,30,3,31,66,115,215,10,54,64,279
10/12/2012,MGM,AL,ASO,ES,Combined TRACON& Tower with Radar,2,33,31,74,140,0,3,17,3,23,2,36,48,77,163,4,76,80,243
10/13/2012,MGM,AL,ASO,ES,Combined TRACON& Tower with Radar,0,22,18,22,62,0,0,22,1,23,0,22,40,23,85,30,24,54,139
10/14/2012,MGM,AL,ASO,ES,Combined TRACON& Tower with Radar,0,29,24,11,64,0,0,3,2,5,0,29,27,13,69,8,0,8,77
10/15/2012,MGM,AL,ASO,ES,Combined TRACON& Tower with Radar,2,33,22,39,96,0,2,16,4,22,2,35,38,43,118,20,50,70,188
10/16/2012,MGM,AL,ASO,ES,Combined TRACON& Tower with Radar,2,29,28,91,150,0,0,17,9,26,2,29,45,100,176,36,22,58,234
10/17/2012,MGM,AL,ASO,ES,Combined TRACON& Tower with Radar,2,28,24,107,161,0,2,17,7,26,2,30,41,114,187,4,108,112,299
10/18/2012,MGM,AL,ASO,ES,Combined TRACON& Tower with Radar,2,29,36,84,151,0,1,12,12,25,2,30,48,96,176,24,44,68,244
10/19/2012,MGM,AL,ASO,ES,Combined TRACON& Tower with Radar,1,29,25,84,139,0,0,18,14,32,1,29,43,98,171,0,66,66,237
10/20/2012,MGM,AL,ASO,ES,Combined TRACON& Tower with Radar,3,17,14,35,69,0,0,12,3,15,3,17,26,38,84,2,22,24,108
10/21/2012,MGM,AL,ASO,ES,Combined TRACON& Tower with Radar,2,25,20,33,80,0,0,24,10,34,2,25,44,43,114,20,26,46,160
10/22/2012,MGM,AL,ASO,ES,Combined TRACON& Tower with Radar,2,33,26,70,131,0,0,14,5,19,2,33,40,75,150,6,8,14,164
10/23/2012,MGM,AL,ASO,ES,Combined TRACON& Tower with Radar,4,28,28,77,137,0,2,10,8,20,4,30,38,85,157,0,26,26,183
10/24/2012,MGM,AL,ASO,ES,Combined TRACON& Tower with Radar,2,28,29,116,175,0,3,10,5,18,2,31,39,121,193,16,46,62,255
10/25/2012,MGM,AL,ASO,ES,Combined TRACON& Tower with Radar,2,32,28,73,135,0,4,18,5,27,2,36,46,78,162,0,12,12,174
10/26/2012,MGM,AL,ASO,ES,Combined TRACON& Tower with Radar,4,34,25,94,157,0,2,16,12,30,4,36,41,106,187,18,110,128,315
10/27/2012,MGM,AL,ASO,ES,Combined TRACON& Tower with Radar,3,19,26,8,56,0,0,2,2,4,3,19,28,10,60,46,14,60,120
10/28/2012,MGM,AL,ASO,ES,Combined TRACON& Tower with Radar,0,30,16,20,66,0,0,6,5,11,0,30,22,25,77,0,0,0,77
10/29/2012,MGM,AL,ASO,ES,Combined TRACON& Tower with Radar,2,29,26,49,106,0,2,5,8,15,2,31,31,57,121,0,14,14,135
10/30/2012,MGM,AL,ASO,ES,Combined TRACON& Tower with Radar,2,27,11,76,116,0,4,8,16,28,2,31,19,92,144,0,36,36,180
10/31/2012,MGM,AL,ASO,ES,Combined TRACON& Tower with Radar,2,24,19,57,102,0,1,15,4,20,2,25,34,61,122,0,22,22,144
11/01/2012,MGM,AL,ASO,ES,Combined TRACON& Tower with Radar,2,29,26,51,108,0,4,22,10,36,2,33,48,61,144,0,92,92,236
11/02/2012,MGM,AL,ASO,ES,Combined TRACON& Tower with Radar,3,30,29,43,105,0,0,47,3,50,3,30,76,46,155,0,68,68,223
11/03/2012,MGM,AL,ASO,ES,Combined TRACON& Tower with Radar,4,16,17,12,49,0,0,19,1,20,4,16,36,13,69,24,2,26,95
11/04/2012,MGM,AL,ASO,ES,Combined TRACON& Tower with Radar,2,26,22,43,93,0,0,10,8,18,2,26,32,51,111,0,16,16,127
11/05/2012,MGM,AL,ASO,ES,Combined TRACON& Tower with Radar,2,38,30,52,122,0,8,13,4,25,2,46,43,56,147,36,16,52,199
11/06/2012,MGM,AL,ASO,ES,Combined TRACON& Tower with Radar,0,31,18,75,124,0,11,3,6,20,0,42,21,81,144,58,30,88,232
11/07/2012,MGM,AL,ASO,ES,Combined TRACON& Tower with Radar,2,31,26,64,123,0,7,3,8,18,2,38,29,72,141,62,68,130,271
11/08/2012,MGM,AL,ASO,ES,Combined TRACON& Tower with Radar,2,30,35,61,128,0,2,17,16,35,2,32,52,77,163,84,8,92,255
11/09/2012,MGM,AL,ASO,ES,Combined TRACON& Tower with Radar,4,28,30,32,94,0,5,16,1,22,4,33,46,33,116,14,44,58,174
11/10/2012,MGM,AL,ASO,ES,Combined TRACON& Tower with Radar,4,15,7,11,37,0,0,27,0,27,4,15,34,11,64,12,0,12,76
11/11/2012,MGM,AL,ASO,ES,Combined TRACON& Tower with Radar,2,25,19,30,76,0,0,16,0,16,2,25,35,30,92,0,0,0,92
11/12/2012,MGM,AL,ASO,ES,Combined TRACON& Tower with Radar,2,27,27,0,56,0,0,3,0,3,2,27,30,0,59,10,0,10,69
11/13/2012,MGM,AL,ASO,ES,Combined TRACON& Tower with Radar,0,30,32,32,94,0,8,11,2,21,0,38,43,34,115,0,20,20,135
11/14/2012,MGM,AL,ASO,ES,Combined TRACON& Tower with Radar,2,26,56,76,160,0,0,1,0,1,2,26,57,76,161,10,6,16,177
11/15/2012,MGM,AL,ASO,ES,Combined TRACON& Tower with Radar,2,28,34,96,160,0,1,13,4,18,2,29,47,100,178,40,74,114,292
11/16/2012,MGM,AL,ASO,ES,Combined TRACON& Tower with Radar,4,26,41,72,143,0,6,24,5,35,4,32,65,77,178,16,30,46,224
11/17/2012,MGM,AL,ASO,ES,Combined TRACON& Tower with Radar,2,15,26,19,62,0,7,16,4,27,2,22,42,23,89,6,0,6,95
11/18/2012,MGM,AL,ASO,ES,Combined TRACON& Tower with Radar,1,26,17,36,80,0,0,7,17,24,1,26,24,53,104,0,8,8,112
11/19/2012,MGM,AL,ASO,ES,Combined TRACON& Tower with Radar,4,22,23,67,116,0,4,9,13,26,4,26,32,80,142,0,19,19,161
11/20/2012,MGM,AL,ASO,ES,Combined TRACON& Tower with Radar,4,25,31,85,145,0,1,12,4,17,4,26,43,89,162,18,16,34,196
11/21/2012,MGM,AL,ASO,ES,Combined TRACON& Tower with Radar,2,29,25,36,92,0,0,22,4,26,2,29,47,40,118,26,12,38,156
11/22/2012,MGM,AL,ASO,ES,Combined TRACON& Tower with Radar,2,13,13,1,29,0,9,8,1,18,2,22,21,2,47,0,0,0,47
11/23/2012,MGM,AL,ASO,ES,Combined TRACON& Tower with Radar,4,18,12,0,34,0,1,16,1,18,4,19,28,1,52,0,0,0,52
11/24/2012,MGM,AL,ASO,ES,Combined TRACON& Tower with Radar,6,15,15,0,36,0,1,9,0,10,6,16,24,0,46,0,0,0,46
11/25/2012,MGM,AL,ASO,ES,Combined TRACON& Tower with Radar,4,24,19,0,47,0,0,13,0,13,4,24,32,0,60,3,0,3,63
11/26/2012,MGM,AL,ASO,ES,Combined TRACON& Tower with Radar,4,28,24,50,106,0,4,9,0,13,4,32,33,50,119,20,58,78,197
11/27/2012,MGM,AL,ASO,ES,Combined TRACON& Tower with Radar,2,27,13,28,70,0,6,0,0,6,2,33,13,28,76,8,16,24,100
11/28/2012,MGM,AL,ASO,ES,Combined TRACON& Tower with Radar,5,34,33,94,166,0,6,16,5,27,5,40,49,99,193,20,30,50,243
11/29/2012,MGM,AL,ASO,ES,Combined TRACON& Tower with Radar,0,31,22,80,133,0,1,11,5,17,0,32,33,85,150,5,12,17,167
11/30/2012,MGM,AL,ASO,ES,Combined TRACON& Tower with Radar,0,28,27,85,140,0,0,21,16,37,0,28,48,101,177,10,38,48,225
12/01/2012,MGM,AL,ASO,ES,Combined TRACON& Tower with Radar,0,18,13,17,48,0,0,11,7,18,0,18,24,24,66,2,0,2,68
12/02/2012,MGM,AL,ASO,ES,Combined TRACON& Tower with Radar,0,25,14,35,74,0,5,28,11,44,0,30,42,46,118,16,10,26,144
12/03/2012,MGM,AL,ASO,ES,Combined TRACON& Tower with Radar,0,29,28,68,125,0,2,19,1,22,0,31,47,69,147,2,28,30,177
12/04/2012,MGM,AL,ASO,ES,Combined TRACON& Tower with Radar,0,29,40,109,178,0,2,8,5,15,0,31,48,114,193,0,26,26,219
12/05/2012,MGM,AL,ASO,ES,Combined TRACON& Tower with Radar,2,27,31,90,150,0,2,6,3,11,2,29,37,93,161,0,26,26,187
12/06/2012,MGM,AL,ASO,ES,Combined TRACON& Tower with Radar,0,30,25,107,162,0,1,12,19,32,0,31,37,126,194,30,78,108,302
12/07/2012,MGM,AL,ASO,ES,Combined TRACON& Tower with Radar,0,29,24,94,147,0,1,1,6,8,0,30,25,100,155,0,80,80,235
12/08/2012,MGM,AL,ASO,ES,Combined TRACON& Tower with Radar,0,17,15,21,53,0,0,5,4,9,0,17,20,25,62,10,40,50,112
12/09/2012,MGM,AL,ASO,ES,Combined TRACON& Tower with Radar,0,25,36,20,81,0,0,17,1,18,0,25,53,21,99,2,10,12,111
12/10/2012,MGM,AL,ASO,ES,Combined TRACON& Tower with Radar,0,26,12,13,51,0,2,1,0,3,0,28,13,13,54,0,0,0,54
12/11/2012,MGM,AL,ASO,ES,Combined TRACON& Tower with Radar,0,26,35,71,132,0,3,4,3,10,0,29,39,74,142,24,66,90,232
12/12/2012,MGM,AL,ASO,ES,Combined TRACON& Tower with Radar,0,36,37,114,187,0,4,19,6,29,0,40,56,120,216,14,74,88,304
12/13/2012,MGM,AL,ASO,ES,Combined TRACON& Tower with Radar,0,28,37,131,196,0,3,20,19,42,0,31,57,150,238,38,188,226,464
12/14/2012,MGM,AL,ASO,ES,Combined TRACON& Tower with Radar,0,30,34,92,156,0,0,11,5,16,0,30,45,97,172,0,38,38,210
12/15/2012,MGM,AL,ASO,ES,Combined TRACON& Tower with Radar,0,17,26,2,45,0,1,14,0,15,0,18,40,2,60,0,0,0,60
12/16/2012,MGM,AL,ASO,ES,Combined TRACON& Tower with Radar,0,23,4,16,43,0,0,1,0,1,0,23,5,16,44,0,0,0,44
12/17/2012,MGM,AL,ASO,ES,Combined TRACON& Tower with Radar,0,25,33,32,90,0,0,3,2,5,0,25,36,34,95,10,20,30,125
12/18/2012,MGM,AL,ASO,ES,Combined TRACON& Tower with Radar,0,29,28,116,173,0,1,12,0,13,0,30,40,116,186,0,56,56,242
12/19/2012,MGM,AL,ASO,ES,Combined TRACON& Tower with Radar,0,27,20,91,138,0,1,20,10,31,0,28,40,101,169,0,56,56,225
12/20/2012,MGM,AL,ASO,ES,Combined TRACON& Tower with Radar,0,27,10,16,53,0,4,4,4,12,0,31,14,20,65,0,14,14,79
12/21/2012,MGM,AL,ASO,ES,Combined TRACON& Tower with Radar,0,28,15,24,67,0,2,12,7,21,0,30,27,31,88,0,0,0,88
12/22/2012,MGM,AL,ASO,ES,Combined TRACON& Tower with Radar,0,17,26,0,43,0,0,27,0,27,0,17,53,0,70,2,0,2,72
12/23/2012,MGM,AL,ASO,ES,Combined TRACON& Tower with Radar,0,23,12,0,35,0,2,7,0,9,0,25,19,0,44,8,0,8,52
12/24/2012,MGM,AL,ASO,ES,Combined TRACON& Tower with Radar,0,24,3,0,27,0,0,0,0,0,0,24,3,0,27,0,0,0,27
12/25/2012,MGM,AL,ASO,ES,Combined TRACON& Tower with Radar,0,18,2,0,20,0,0,0,0,0,0,18,2,0,20,0,0,0,20
12/26/2012,MGM,AL,ASO,ES,Combined TRACON& Tower with Radar,0,23,6,8,37,0,1,0,2,3,0,24,6,10,40,0,22,22,62
12/27/2012,MGM,AL,ASO,ES,Combined TRACON& Tower with Radar,0,30,26,16,72,0,1,2,4,7,0,31,28,20,79,0,0,0,79
12/28/2012,MGM,AL,ASO,ES,Combined TRACON& Tower with Radar,0,29,20,37,86,0,0,4,2,6,0,29,24,39,92,0,26,26,118
12/29/2012,MGM,AL,ASO,ES,Combined TRACON& Tower with Radar,0,17,13,0,30,0,3,0,0,3,0,20,13,0,33,6,0,6,39
12/30/2012,MGM,AL,ASO,ES,Combined TRACON& Tower with Radar,0,23,14,0,37,0,1,14,0,15,0,24,28,0,52,6,0,6,58
12/31/2012,MGM,AL,ASO,ES,Combined TRACON& Tower with Radar,0,25,13,0,38,0,3,12,0,15,0,28,25,0,53,14,0,14,67
01/01/2013,MGM,AL,ASO,ES,Combined TRACON& Tower with Radar,0,23,10,0,33,0,0,0,0,0,0,23,10,0,33,10,0,10,43
01/02/2013,MGM,AL,ASO,ES,Combined TRACON& Tower with Radar,0,29,22,46,97,0,0,1,1,2,0,29,23,47,99,0,16,16,115
01/03/2013,MGM,AL,ASO,ES,Combined TRACON& Tower with Radar,0,28,16,33,77,0,0,12,4,16,0,28,28,37,93,14,38,52,145
01/04/2013,MGM,AL,ASO,ES,Combined TRACON& Tower with Radar,0,29,16,36,81,0,2,13,3,18,0,31,29,39,99,6,26,32,131
01/05/2013,MGM,AL,ASO,ES,Combined TRACON& Tower with Radar,2,16,18,0,36,0,0,13,0,13,2,16,31,0,49,8,0,8,57
01/06/2013,MGM,AL,ASO,ES,Combined TRACON& Tower with Radar,0,26,8,6,40,0,0,11,0,11,0,26,19,6,51,0,0,0,51
01/07/2013,MGM,AL,ASO,ES,Combined TRACON& Tower with Radar,0,29,24,41,94,0,2,14,4,20,0,31,38,45,114,12,2,14,128
01/08/2013,MGM,AL,ASO,ES,Combined TRACON& Tower with Radar,2,29,30,106,167,0,0,7,2,9,2,29,37,108,176,0,42,42,218
01/09/2013,MGM,AL,ASO,ES,Combined TRACON& Tower with Radar,0,29,34,85,148,0,0,0,0,0,0,29,34,85,148,0,2,2,150
01/10/2013,MGM,AL,ASO,ES,Combined TRACON& Tower with Radar,0,31,23,40,94,0,0,0,3,3,0,31,23,43,97,0,4,4,101
01/11/2013,MGM,AL,ASO,ES,Combined TRACON& Tower with Radar,0,26,21,89,136,0,2,5,20,27,0,28,26,109,163,26,42,68,231
01/12/2013,MGM,AL,ASO,ES,Combined TRACON& Tower with Radar,0,21,22,47,90,0,0,13,8,21,0,21,35,55,111,22,58,80,191
01/13/2013,MGM,AL,ASO,ES,Combined TRACON& Tower with Radar,0,24,11,26,61,0,0,0,8,8,0,24,11,34,69,0,30,30,99
01/14/2013,MGM,AL,ASO,ES,Combined TRACON& Tower with Radar,0,26,15,21,62,0,0,0,0,0,0,26,15,21,62,0,0,0,62
01/15/2013,MGM,AL,ASO,ES,Combined TRACON& Tower with Radar,0,20,12,12,44,0,0,0,0,0,0,20,12,12,44,0,0,0,44
01/16/2013,MGM,AL,ASO,ES,Combined TRACON& Tower with Radar,0,27,15,19,61,0,0,0,0,0,0,27,15,19,61,0,0,0,61
01/17/2013,MGM,AL,ASO,ES,Combined TRACON& Tower with Radar,0,28,14,10,52,0,0,0,1,1,0,28,14,11,53,0,0,0,53
01/18/2013,MGM,AL,ASO,ES,Combined TRACON& Tower with Radar,0,23,22,16,61,0,0,15,0,15,0,23,37,16,76,0,0,0,76
01/19/2013,MGM,AL,ASO,ES,Combined TRACON& Tower with Radar,0,16,11,9,36,0,5,30,0,35,0,21,41,9,71,32,0,32,103
01/20/2013,MGM,AL,ASO,ES,Combined TRACON& Tower with Radar,0,19,9,27,55,0,1,8,2,11,0,20,17,29,66,0,0,0,66
01/21/2013,MGM,AL,ASO,ES,Combined TRACON& Tower with Radar,0,27,24,1,52,0,0,15,0,15,0,27,39,1,67,18,0,18,85
01/22/2013,MGM,AL,ASO,ES,Combined TRACON& Tower with Radar,0,28,23,34,85,0,4,5,7,16,0,32,28,41,101,28,12,40,141
01/23/2013,MGM,AL,ASO,ES,Combined TRACON& Tower with Radar,0,34,22,69,125,0,5,10,13,28,0,39,32,82,153,4,28,32,185
01/24/2013,MGM,AL,ASO,ES,Combined TRACON& Tower with Radar,0,27,46,88,161,0,0,14,5,19,0,27,60,93,180,8,74,82,262
01/25/2013,MGM,AL,ASO,ES,Combined TRACON& Tower with Radar,0,25,21,91,137,0,3,7,7,17,0,28,28,98,154,0,56,56,210
01/26/2013,MGM,AL,ASO,ES,Combined TRACON& Tower with Radar,0,16,21,5,42,0,0,8,8,16,0,16,29,13,58,26,0,26,84
01/27/2013,MGM,AL,ASO,ES,Combined TRACON& Tower with Radar,0,25,18,26,69,0,1,16,7,24,0,26,34,33,93,10,14,24,117
01/28/2013,MGM,AL,ASO,ES,Combined TRACON& Tower with Radar,0,30,36,52,118,0,0,4,4,8,0,30,40,56,126,2,58,60,186
01/29/2013,MGM,AL,ASO,ES,Combined TRACON& Tower with Radar,0,28,31,95,154,0,4,6,0,10,0,32,37,95,164,12,8,20,184
01/30/2013,MGM,AL,ASO,ES,Combined TRACON& Tower with Radar,2,21,8,7,38,0,0,0,0,0,2,21,8,7,38,0,0,0,38
01/31/2013,MGM,AL,ASO,ES,Combined TRACON& Tower with Radar,0,32,36,76,144,0,1,9,15,25,0,33,45,91,169,0,62,62,231
02/01/2013,MGM,AL,ASO,ES,Combined TRACON& Tower with Radar,0,32,32,63,127,0,5,24,10,39,0,37,56,73,166,0,30,30,196
02/02/2013,MGM,AL,ASO,ES,Combined TRACON& Tower with Radar,0,17,11,2,30,0,2,14,3,19,0,19,25,5,49,0,0,0,49
02/03/2013,MGM,AL,ASO,ES,Combined TRACON& Tower with Radar,0,30,7,9,46,0,0,24,3,27,0,30,31,12,73,0,0,0,73
02/04/2013,MGM,AL,ASO,ES,Combined TRACON& Tower with Radar,0,26,28,59,113,0,5,15,2,22,0,31,43,61,135,0,18,18,153
02/05/2013,MGM,AL,ASO,ES,Combined TRACON& Tower with Radar,0,27,29,89,145,0,0,11,6,17,0,27,40,95,162,42,79,121,283
02/06/2013,MGM,AL,ASO,ES,Combined TRACON& Tower with Radar,0,25,19,102,146,0,4,11,8,23,0,29,30,110,169,4,38,42,211
02/07/2013,MGM,AL,ASO,ES,Combined TRACON& Tower with Radar,0,33,24,48,105,0,0,0,0,0,0,33,24,48,105,2,0,2,107
02/08/2013,MGM,AL,ASO,ES,Combined TRACON& Tower with Radar,0,26,25,79,130,0,0,4,1,5,0,26,29,80,135,0,0,0,135
02/09/2013,MGM,AL,ASO,ES,Combined TRACON& Tower with Radar,0,19,16,24,59,0,1,25,1,27,0,20,41,25,86,14,30,44,130
02/10/2013,MGM,AL,ASO,ES,Combined TRACON& Tower with Radar,0,22,18,45,85,0,0,3,1,4,0,22,21,46,89,0,6,6,95
02/11/2013,MGM,AL,ASO,ES,Combined TRACON& Tower with Radar,0,28,25,15,68,0,0,2,0,2,0,28,27,15,70,20,0,20,90
02/12/2013,MGM,AL,ASO,ES,Combined TRACON& Tower with Radar,0,28,8,38,74,0,0,0,0,0,0,28,8,38,74,0,16,16,90
02/13/2013,MGM,AL,ASO,ES,Combined TRACON& Tower with Radar,0,35,19,53,107,0,2,0,3,5,0,37,19,56,112,34,12,46,158
02/14/2013,MGM,AL,ASO,ES,Combined TRACON& Tower with Radar,0,30,25,59,114,0,2,15,0,17,0,32,40,59,131,40,4,44,175
02/15/2013,MGM,AL,ASO,ES,Combined TRACON& Tower with Radar,0,27,29,26,82,0,6,21,7,34,0,33,50,33,116,20,0,20,136
02/16/2013,MGM,AL,ASO,ES,Combined TRACON& Tower with Radar,0,15,13,18,46,0,0,13,0,13,0,15,26,18,59,12,0,12,71
02/17/2013,MGM,AL,ASO,ES,Combined TRACON& Tower with Radar,0,18,18,36,72,0,0,21,4,25,0,18,39,40,97,22,20,42,139
02/18/2013,MGM,AL,ASO,ES,Combined TRACON& Tower with Radar,0,29,23,0,52,0,3,15,0,18,0,32,38,0,70,12,0,12,82
02/19/2013,MGM,AL,ASO,ES,Combined TRACON& Tower with Radar,0,27,21,50,98,0,2,10,0,12,0,29,31,50,110,0,8,8,118
02/20/2013,MGM,AL,ASO,ES,Combined TRACON& Tower with Radar,0,28,23,54,105,0,2,11,6,19,0,30,34,60,124,4,0,4,128
02/21/2013,MGM,AL,ASO,ES,Combined TRACON& Tower with Radar,0,34,38,64,136,0,5,10,4,19,0,39,48,68,155,38,110,148,303
02/22/2013,MGM,AL,ASO,ES,Combined TRACON& Tower with Radar,0,27,19,14,60,0,0,0,1,1,0,27,19,15,61,0,0,0,61
02/23/2013,MGM,AL,ASO,ES,Combined TRACON& Tower with Radar,0,15,23,40,78,0,0,0,1,1,0,15,23,41,79,16,18,34,113
02/24/2013,MGM,AL,ASO,ES,Combined TRACON& Tower with Radar,0,27,21,13,61,0,2,32,2,36,0,29,53,15,97,24,0,24,121
02/25/2013,MGM,AL,ASO,ES,Combined TRACON& Tower with Radar,0,33,17,17,67,0,1,0,0,1,0,34,17,17,68,0,0,0,68
02/26/2013,MGM,AL,ASO,ES,Combined TRACON& Tower with Radar,0,28,33,109,170,0,13,13,9,35,0,41,46,118,205,30,160,190,395
02/27/2013,MGM,AL,ASO,ES,Combined TRACON& Tower with Radar,0,27,35,89,151,0,8,25,6,39,0,35,60,95,190,28,28,56,246
02/28/2013,MGM,AL,ASO,ES,Combined TRACON& Tower with Radar,0,29,18,103,150,0,10,12,3,25,0,39,30,106,175,6,96,102,277
03/01/2013,MGM,AL,ASO,ES,Combined TRACON& Tower with Radar,0,28,24,73,125,0,0,10,6,16,0,28,34,79,141,0,2,2,143
03/02/2013,MGM,AL,ASO,ES,Combined TRACON& Tower with Radar,0,19,12,24,55,0,1,13,9,23,0,20,25,33,78,16,16,32,110
03/03/2013,MGM,AL,ASO,ES,Combined TRACON& Tower with Radar,2,26,17,12,57,0,3,2,2,7,2,29,19,14,64,0,0,0,64
03/04/2013,MGM,AL,ASO,ES,Combined TRACON& Tower with Radar,0,27,22,79,128,0,6,11,4,21,0,33,33,83,149,2,128,130,279
03/05/2013,MGM,AL,ASO,ES,Combined TRACON& Tower with Radar,0,29,20,28,77,0,0,0,0,0,0,29,20,28,77,0,58,58,135
03/06/2013,MGM,AL,ASO,ES,Combined TRACON& Tower with Radar,0,26,28,69,123,0,3,9,5,17,0,29,37,74,140,0,40,40,180
03/07/2013,MGM,AL,ASO,ES,Combined TRACON& Tower with Radar,0,29,30,41,100,0,5,17,9,31,0,34,47,50,131,6,34,40,171
03/08/2013,MGM,AL,ASO,ES,Combined TRACON& Tower with Radar,0,27,36,40,103,0,1,13,0,14,0,28,49,40,117,0,48,48,165
03/09/2013,MGM,AL,ASO,ES,Combined TRACON& Tower with Radar,0,20,18,8,46,0,2,15,0,17,0,22,33,8,63,26,12,38,101
03/10/2013,MGM,AL,ASO,ES,Combined TRACON& Tower with Radar,0,28,22,12,62,0,0,13,0,13,0,28,35,12,75,20,0,20,95
03/11/2013,MGM,AL,ASO,ES,Combined TRACON& Tower with Radar,0,30,18,12,60,0,0,0,0,0,0,30,18,12,60,0,0,0,60
03/12/2013,MGM,AL,ASO,ES,Combined TRACON& Tower with Radar,0,26,32,49,107,0,3,12,4,19,0,29,44,53,126,4,6,10,136
03/13/2013,MGM,AL,ASO,ES,Combined TRACON& Tower with Radar,0,29,14,93,136,0,6,8,3,17,0,35,22,96,153,28,64,92,245
03/14/2013,MGM,AL,ASO,ES,Combined TRACON& Tower with Radar,0,31,23,101,155,0,2,25,13,40,0,33,48,114,195,12,22,34,229
03/15/2013,MGM,AL,ASO,ES,Combined TRACON& Tower with Radar,0,32,51,48,131,0,4,18,3,25,0,36,69,51,156,0,52,52,208
03/16/2013,MGM,AL,ASO,ES,Combined TRACON& Tower with Radar,0,17,28,25,70,0,3,32,8,43,0,20,60,33,113,4,6,10,123
03/17/2013,MGM,AL,ASO,ES,Combined TRACON& Tower with Radar,1,27,29,14,71,0,0,10,8,18,1,27,39,22,89,0,0,0,89
03/18/2013,MGM,AL,ASO,ES,Combined TRACON& Tower with Radar,1,25,27,51,104,0,0,3,0,3,1,25,30,51,107,12,2,14,121
03/19/2013,MGM,AL,ASO,ES,Combined TRACON& Tower with Radar,0,30,18,93,141,0,3,11,9,23,0,33,29,102,164,34,90,124,288
03/20/2013,MGM,AL,ASO,ES,Combined TRACON& Tower with Radar,0,31,25,70,126,0,2,19,6,27,0,33,44,76,153,20,40,60,213
03/21/2013,MGM,AL,ASO,ES,Combined TRACON& Tower with Radar,0,27,29,51,107,0,4,21,12,37,0,31,50,63,144,12,28,40,184
03/22/2013,MGM,AL,ASO,ES,Combined TRACON& Tower with Radar,0,27,25,58,110,0,1,2,3,6,0,28,27,61,116,0,8,8,124
03/23/2013,MGM,AL,ASO,ES,Combined TRACON& Tower with Radar,0,22,19,17,58,0,0,3,0,3,0,22,22,17,61,34,0,34,95
03/24/2013,MGM,AL,ASO,ES,Combined TRACON& Tower with Radar,0,28,13,12,53,1,2,3,1,7,1,30,16,13,60,0,4,4,64
03/25/2013,MGM,AL,ASO,ES,Combined TRACON& Tower with Radar,0,29,33,71,133,0,0,5,1,6,0,29,38,72,139,26,10,36,175
03/26/2013,MGM,AL,ASO,ES,Combined TRACON& Tower with Radar,2,29,32,68,131,0,2,15,10,27,2,31,47,78,158,68,96,164,322
03/27/2013,MGM,AL,ASO,ES,Combined TRACON& Tower with Radar,0,27,34,86,147,0,4,13,16,33,0,31,47,102,180,6,36,42,222
03/28/2013,MGM,AL,ASO,ES,Combined TRACON& Tower with Radar,0,27,27,97,151,0,0,14,21,35,0,27,41,118,186,8,84,92,278
03/29/2013,MGM,AL,ASO,ES,Combined TRACON& Tower with Radar,0,26,29,96,151,0,4,13,27,44,0,30,42,123,195,20,78,98,293
03/30/2013,MGM,AL,ASO,ES,Combined TRACON& Tower with Radar,0,19,12,0,31,0,5,11,0,16,0,24,23,0,47,16,0,16,63
03/31/2013,MGM,AL,ASO,ES,Combined TRACON& Tower with Radar,0,24,16,0,40,0,3,2,0,5,0,27,18,0,45,0,0,0,45
04/01/2013,MGM,AL,ASO,ES,Combined TRACON& Tower with Radar,0,28,30,72,130,0,0,10,6,16,0,28,40,78,146,16,6,22,168
04/02/2013,MGM,AL,ASO,ES,Combined TRACON& Tower with Radar,0,26,19,87,132,0,0,20,8,28,0,26,39,95,160,36,74,110,270
04/03/2013,MGM,AL,ASO,ES,Combined TRACON& Tower with Radar,0,31,33,49,113,0,0,15,9,24,0,31,48,58,137,10,118,128,265
04/04/2013,MGM,AL,ASO,ES,Combined TRACON& Tower with Radar,0,26,39,42,107,0,0,0,0,0,0,26,39,42,107,4,0,4,111
04/05/2013,MGM,AL,ASO,ES,Combined TRACON& Tower with Radar,0,29,34,59,122,0,4,14,5,23,0,33,48,64,145,10,14,24,169
04/06/2013,MGM,AL,ASO,ES,Combined TRACON& Tower with Radar,0,19,12,11,42,0,4,35,0,39,0,23,47,11,81,20,0,20,101
04/07/2013,MGM,AL,ASO,ES,Combined TRACON& Tower with Radar,0,25,32,20,77,0,2,25,1,28,0,27,57,21,105,0,28,28,133
04/08/2013,MGM,AL,ASO,ES,Combined TRACON& Tower with Radar,0,34,26,113,173,0,1,11,3,15,0,35,37,116,188,0,48,48,236
04/09/2013,MGM,AL,ASO,ES,Combined TRACON& Tower with Radar,0,34,27,109,170,0,0,13,16,29,0,34,40,125,199,18,112,130,329
04/10/2013,MGM,AL,ASO,ES,Combined TRACON& Tower with Radar,0,30,29,95,154,0,1,16,13,30,0,31,45,108,184,8,108,116,300
04/11/2013,MGM,AL,ASO,ES,Combined TRACON& Tower with Radar,0,33,14,19,66,0,0,3,0,3,0,33,17,19,69,0,0,0,69
04/12/2013,MGM,AL,ASO,ES,Combined TRACON& Tower with Radar,0,34,34,66,134,0,3,5,18,26,0,37,39,84,160,6,38,44,204
04/13/2013,MGM,AL,ASO,ES,Combined TRACON& Tower with Radar,0,16,24,2,42,0,0,19,9,28,0,16,43,11,70,4,0,4,74
04/14/2013,MGM,AL,ASO,ES,Combined TRACON& Tower with Radar,0,26,26,2,54,0,0,1,3,4,0,26,27,5,58,0,0,0,58
04/15/2013,MGM,AL,ASO,ES,Combined TRACON& Tower with Radar,0,32,31,110,173,0,2,14,2,18,0,34,45,112,191,32,48,80,271
04/16/2013,MGM,AL,ASO,ES,Combined TRACON& Tower with Radar,0,31,33,77,141,0,3,15,3,21,0,34,48,80,162,8,42,50,212
04/17/2013,MGM,AL,ASO,ES,Combined TRACON& Tower with Radar,0,29,23,88,140,0,7,12,3,22,0,36,35,91,162,16,18,34,196
04/18/2013,MGM,AL,ASO,ES,Combined TRACON& Tower with Radar,0,26,22,60,108,0,4,16,11,31,0,30,38,71,139,16,64,80,219
04/19/2013,MGM,AL,ASO,ES,Combined TRACON& Tower with Radar,0,30,23,10,63,0,0,3,3,6,0,30,26,13,69,0,0,0,69
04/20/2013,MGM,AL,ASO,ES,Combined TRACON& Tower with Radar,0,17,11,9,37,0,3,21,4,28,0,20,32,13,65,2,6,8,73
04/21/2013,MGM,AL,ASO,ES,Combined TRACON& Tower with Radar,0,31,16,31,78,0,6,20,6,32,0,37,36,37,110,45,0,45,155
04/22/2013,MGM,AL,ASO,ES,Combined TRACON& Tower with Radar,3,31,26,68,128,0,0,9,0,9,3,31,35,68,137,20,36,56,193
04/23/2013,MGM,AL,ASO,ES,Combined TRACON& Tower with Radar,1,30,25,55,111,0,0,22,1,23,1,30,47,56,134,36,24,60,194
04/24/2013,MGM,AL,ASO,ES,Combined TRACON& Tower with Radar,0,28,26,46,100,0,2,1,3,6,0,30,27,49,106,0,24,24,130
04/25/2013,MGM,AL,ASO,ES,Combined TRACON& Tower with Radar,0,33,24,67,124,0,0,19,4,23,0,33,43,71,147,28,56,84,231
04/26/2013,MGM,AL,ASO,ES,Combined TRACON& Tower with Radar,0,31,25,56,112,0,7,18,7,32,0,38,43,63,144,20,16,36,180
04/27/2013,MGM,AL,ASO,ES,Combined TRACON& Tower with Radar,0,18,25,4,47,0,0,30,0,30,0,18,55,4,77,14,0,14,91
04/28/2013,MGM,AL,ASO,ES,Combined TRACON& Tower with Radar,2,27,16,12,57,0,0,3,1,4,2,27,19,13,61,0,0,0,61
04/29/2013,MGM,AL,ASO,ES,Combined TRACON& Tower with Radar,0,31,24,79,134,0,2,7,3,12,0,33,31,82,146,0,84,84,230
04/30/2013,MGM,AL,ASO,ES,Combined TRACON& Tower with Radar,0,32,30,68,130,0,5,10,3,18,0,37,40,71,148,20,25,45,193
05/01/2013,MGM,AL,ASO,ES,Combined TRACON& Tower with Radar,0,33,25,74,132,0,2,2,2,6,0,35,27,76,138,4,40,44,182
05/02/2013,MGM,AL,ASO,ES,Combined TRACON& Tower with Radar,0,27,25,131,183,0,1,2,8,11,0,28,27,139,194,14,28,42,236
05/03/2013,MGM,AL,ASO,ES,Combined TRACON& Tower with Radar,0,31,24,91,146,0,2,7,14,23,0,33,31,105,169,0,58,58,227
05/04/2013,MGM,AL,ASO,ES,Combined TRACON& Tower with Radar,0,25,29,20,74,0,0,6,4,10,0,25,35,24,84,4,20,24,108
05/05/2013,MGM,AL,ASO,ES,Combined TRACON& Tower with Radar,0,29,13,35,77,0,1,1,6,8,0,30,14,41,85,24,42,66,151
05/06/2013,MGM,AL,ASO,ES,Combined TRACON& Tower with Radar,0,33,26,43,102,0,0,2,3,5,0,33,28,46,107,38,10,48,155
05/07/2013,MGM,AL,ASO,ES,Combined TRACON& Tower with Radar,0,35,33,80,148,0,1,16,4,21,0,36,49,84,169,6,12,18,187
05/08/2013,MGM,AL,ASO,ES,Combined TRACON& Tower with Radar,0,29,25,98,152,0,4,20,8,32,0,33,45,106,184,8,30,38,222
05/09/2013,MGM,AL,ASO,ES,Combined TRACON& Tower with Radar,0,28,27,74,129,0,2,28,3,33,0,30,55,77,162,12,10,22,184
05/10/2013,MGM,AL,ASO,ES,Combined TRACON& Tower with Radar,0,29,18,46,93,0,4,5,4,13,0,33,23,50,106,0,46,46,152
05/11/2013,MGM,AL,ASO,ES,Combined TRACON& Tower with Radar,0,18,10,4,32,0,2,7,0,9,0,20,17,4,41,12,0,12,53
05/12/2013,MGM,AL,ASO,ES,Combined TRACON& Tower with Radar,0,24,16,10,50,0,1,20,0,21,0,25,36,10,71,12,0,12,83
05/13/2013,MGM,AL,ASO,ES,Combined TRACON& Tower with Radar,0,30,27,89,146,0,4,16,3,23,0,34,43,92,169,14,66,80,249
05/14/2013,MGM,AL,ASO,ES,Combined TRACON& Tower with Radar,0,33,28,85,146,0,2,12,5,19,0,35,40,90,165,30,32,62,227
05/15/2013,MGM,AL,ASO,ES,Combined TRACON& Tower with Radar,0,26,35,58,119,0,1,25,0,26,0,27,60,58,145,2,38,40,185
05/16/2013,MGM,AL,ASO,ES,Combined TRACON& Tower with Radar,0,34,43,113,190,0,2,9,9,20,0,36,52,122,210,10,58,68,278
05/17/2013,MGM,AL,ASO,ES,Combined TRACON& Tower with Radar,0,34,21,94,149,0,4,7,7,18,0,38,28,101,167,0,92,92,259
05/18/2013,MGM,AL,ASO,ES,Combined TRACON& Tower with Radar,0,22,16,4,42,0,0,4,3,7,0,22,20,7,49,16,22,38,87
05/19/2013,MGM,AL,ASO,ES,Combined TRACON& Tower with Radar,0,28,18,30,76,0,0,16,2,18,0,28,34,32,94,24,0,24,118
05/20/2013,MGM,AL,ASO,ES,Combined TRACON& Tower with Radar,0,29,38,44,111,0,0,13,1,14,0,29,51,45,125,6,12,18,143
05/21/2013,MGM,AL,ASO,ES,Combined TRACON& Tower with Radar,0,23,23,147,193,0,2,22,6,30,0,25,45,153,223,45,114,159,382
05/22/2013,MGM,AL,ASO,ES,Combined TRACON& Tower with Radar,0,28,27,130,185,0,1,8,2,11,0,29,35,132,196,0,31,31,227
05/23/2013,MGM,AL,ASO,ES,Combined TRACON& Tower with Radar,0,34,25,110,169,0,2,10,6,18,0,36,35,116,187,8,48,56,243
05/24/2013,MGM,AL,ASO,ES,Combined TRACON& Tower with Radar,0,33,20,2,55,0,8,17,0,25,0,41,37,2,80,8,0,8,88
05/25/2013,MGM,AL,ASO,ES,Combined TRACON& Tower with Radar,0,19,9,5,33,0,0,35,5,40,0,19,44,10,73,20,0,20,93
05/26/2013,MGM,AL,ASO,ES,Combined TRACON& Tower with Radar,0,23,14,2,39,0,0,7,0,7,0,23,21,2,46,18,0,18,64
05/27/2013,MGM,AL,ASO,ES,Combined TRACON& Tower with Radar,0,30,24,0,54,0,0,14,0,14,0,30,38,0,68,0,0,0,68
05/28/2013,MGM,AL,ASO,ES,Combined TRACON& Tower with Radar,0,31,16,95,142,0,4,25,7,36,0,35,41,102,178,36,94,130,308
05/29/2013,MGM,AL,ASO,ES,Combined TRACON& Tower with Radar,0,27,28,84,139,0,1,12,6,19,0,28,40,90,158,16,52,68,226
05/30/2013,MGM,AL,ASO,ES,Combined TRACON& Tower with Radar,0,33,22,112,167,0,1,11,9,21,0,34,33,121,188,4,98,102,290
05/31/2013,MGM,AL,ASO,ES,Combined TRACON& Tower with Radar,0,30,30,51,111,0,0,7,1,8,0,30,37,52,119,12,16,28,147
06/01/2013,MGM,AL,ASO,ES,Combined TRACON& Tower with Radar,0,20,12,1,33,0,0,3,0,3,0,20,15,1,36,26,0,26,62
06/02/2013,MGM,AL,ASO,ES,Combined TRACON& Tower with Radar,0,27,11,21,59,0,0,14,5,19,0,27,25,26,78,14,16,30,108
06/03/2013,MGM,AL,ASO,ES,Combined TRACON& Tower with Radar,0,31,19,32,82,0,0,22,0,22,0,31,41,32,104,26,12,38,142
06/04/2013,MGM,AL,ASO,ES,Combined TRACON& Tower with Radar,0,39,28,124,191,0,2,10,0,12,0,41,38,124,203,0,62,62,265
06/05/2013,MGM,AL,ASO,ES,Combined TRACON& Tower with Radar,3,25,19,119,166,0,4,9,16,29,3,29,28,135,195,2,100,102,297
06/06/2013,MGM,AL,ASO,ES,Combined TRACON& Tower with Radar,1,23,23,160,207,0,1,6,13,20,1,24,29,173,227,10,196,206,433
06/07/2013,MGM,AL,ASO,ES,Combined TRACON& Tower with Radar,0,33,18,71,122,0,2,9,8,19,0,35,27,79,141,26,12,38,179
06/08/2013,MGM,AL,ASO,ES,Combined TRACON& Tower with Radar,0,20,25,7,52,0,0,18,11,29,0,20,43,18,81,20,7,27,108
06/09/2013,MGM,AL,ASO,ES,Combined TRACON& Tower with Radar,0,31,15,5,51,0,0,4,7,11,0,31,19,12,62,0,16,16,78
06/10/2013,MGM,AL,ASO,ES,Combined TRACON& Tower with Radar,1,25,24,11,61,0,3,5,1,9,1,28,29,12,70,0,0,0,70
06/11/2013,MGM,AL,ASO,ES,Combined TRACON& Tower with Radar,1,32,30,69,132,0,0,13,2,15,1,32,43,71,147,0,24,24,171
06/12/2013,MGM,AL,ASO,ES,Combined TRACON& Tower with Radar,0,35,29,92,156,0,2,39,14,55,0,37,68,106,211,8,82,90,301
06/13/2013,MGM,AL,ASO,ES,Combined TRACON& Tower with Radar,6,26,40,55,127,0,0,23,11,34,6,26,63,66,161,4,58,62,223
06/14/2013,MGM,AL,ASO,ES,Combined TRACON& Tower with Radar,2,30,30,104,166,0,2,28,8,38,2,32,58,112,204,28,60,88,292
06/15/2013,MGM,AL,ASO,ES,Combined TRACON& Tower with Radar,2,17,10,4,33,0,0,20,1,21,2,17,30,5,54,6,0,6,60
06/16/2013,MGM,AL,ASO,ES,Combined TRACON& Tower with Radar,0,25,20,61,106,0,1,6,6,13,0,26,26,67,119,12,2,14,133
06/17/2013,MGM,AL,ASO,ES,Combined TRACON& Tower with Radar,0,23,17,31,71,0,0,2,0,2,0,23,19,31,73,8,42,50,123
06/18/2013,MGM,AL,ASO,ES,Combined TRACON& Tower with Radar,0,26,19,25,70,0,1,11,7,19,0,27,30,32,89,6,12,18,107
06/19/2013,MGM,AL,ASO,ES,Combined TRACON& Tower with Radar,1,26,31,47,105,0,1,4,4,9,1,27,35,51,114,22,8,30,144
06/20/2013,MGM,AL,ASO,ES,Combined TRACON& Tower with Radar,1,28,41,80,150,0,0,14,19,33,1,28,55,99,183,32,20,52,235
06/21/2013,MGM,AL,ASO,ES,Combined TRACON& Tower with Radar,1,30,25,84,140,0,2,19,6,27,1,32,44,90,167,10,46,56,223
06/22/2013,MGM,AL,ASO,ES,Combined TRACON& Tower with Radar,2,18,8,33,61,0,0,16,10,26,2,18,24,43,87,14,32,46,133
06/23/2013,MGM,AL,ASO,ES,Combined TRACON& Tower with Radar,0,26,18,21,65,0,2,20,3,25,0,28,38,24,90,8,0,8,98
06/24/2013,MGM,AL,ASO,ES,Combined TRACON& Tower with Radar,1,30,26,14,71,0,0,9,0,9,1,30,35,14,80,22,18,40,120
06/25/2013,MGM,AL,ASO,ES,Combined TRACON& Tower with Radar,1,34,38,45,118,0,0,17,3,20,1,34,55,48,138,0,28,28,166
06/26/2013,MGM,AL,ASO,ES,Combined TRACON& Tower with Radar,2,26,32,66,126,0,1,16,5,22,2,27,48,71,148,32,84,116,264
06/27/2013,MGM,AL,ASO,ES,Combined TRACON& Tower with Radar,1,29,28,47,105,0,1,4,13,18,1,30,32,60,123,6,48,54,177
06/28/2013,MGM,AL,ASO,ES,Combined TRACON& Tower with Radar,3,38,27,45,113,0,6,3,13,22,3,44,30,58,135,12,4,16,151
06/29/2013,MGM,AL,ASO,ES,Combined TRACON& Tower with Radar,2,18,16,0,36,0,0,11,2,13,2,18,27,2,49,64,0,64,113
06/30/2013,MGM,AL,ASO,ES,Combined TRACON& Tower with Radar,1,30,16,25,72,0,0,18,5,23,1,30,34,30,95,46,0,46,141
07/01/2013,MGM,AL,ASO,ES,Combined TRACON& Tower with Radar,2,27,31,44,104,0,5,32,2,39,2,32,63,46,143,52,16,68,211
07/02/2013,MGM,AL,ASO,ES,Combined TRACON& Tower with Radar,4,28,28,131,191,0,2,15,1,18,4,30,43,132,209,30,94,124,333
07/03/2013,MGM,AL,ASO,ES,Combined TRACON& Tower with Radar,1,34,17,33,85,0,3,3,0,6,1,37,20,33,91,2,60,62,153
07/04/2013,MGM,AL,ASO,ES,Combined TRACON& Tower with Radar,1,18,7,0,26,0,0,0,0,0,1,18,7,0,26,0,0,0,26
07/05/2013,MGM,AL,ASO,ES,Combined TRACON& Tower with Radar,1,21,10,4,36,0,4,1,0,5,1,25,11,4,41,0,0,0,41
07/06/2013,MGM,AL,ASO,ES,Combined TRACON& Tower with Radar,1,19,9,0,29,0,0,1,0,1,1,19,10,0,30,12,0,12,42
07/07/2013,MGM,AL,ASO,ES,Combined TRACON& Tower with Radar,2,28,16,0,46,0,0,3,0,3,2,28,19,0,49,34,0,34,83
07/08/2013,MGM,AL,ASO,ES,Combined TRACON& Tower with Radar,1,28,21,53,103,0,0,9,2,11,1,28,30,55,114,34,30,64,178
07/09/2013,MGM,AL,ASO,ES,Combined TRACON& Tower with Radar,1,26,25,86,138,0,2,5,1,8,1,28,30,87,146,0,46,46,192
07/10/2013,MGM,AL,ASO,ES,Combined TRACON& Tower with Radar,0,21,17,91,129,0,0,2,5,7,0,21,19,96,136,0,54,54,190
07/11/2013,MGM,AL,ASO,ES,Combined TRACON& Tower with Radar,1,27,16,80,124,0,1,4,15,20,1,28,20,95,144,0,48,48,192
07/12/2013,MGM,AL,ASO,ES,Combined TRACON& Tower with Radar,1,28,27,36,92,0,2,23,25,50,1,30,50,61,142,18,32,50,192
07/13/2013,MGM,AL,ASO,ES,Combined TRACON& Tower with Radar,1,20,26,26,73,0,0,10,14,24,1,20,36,40,97,12,36,48,145
07/14/2013,MGM,AL,ASO,ES,Combined TRACON& Tower with Radar,2,26,23,46,97,0,0,6,15,21,2,26,29,61,118,8,42,50,168
07/15/2013,MGM,AL,ASO,ES,Combined TRACON& Tower with Radar,0,33,25,79,137,0,1,10,9,20,0,34,35,88,157,8,20,28,185
07/16/2013,MGM,AL,ASO,ES,Combined TRACON& Tower with Radar,2,28,33,138,201,0,4,14,6,24,2,32,47,144,225,10,58,68,293
07/17/2013,MGM,AL,ASO,ES,Combined TRACON& Tower with Radar,5,26,36,89,156,0,1,30,6,37,5,27,66,95,193,54,54,108,301
07/18/2013,MGM,AL,ASO,ES,Combined TRACON& Tower with Radar,2,29,29,105,165,0,0,15,12,27,2,29,44,117,192,28,105,133,325
07/19/2013,MGM,AL,ASO,ES,Combined TRACON& Tower with Radar,1,30,25,56,112,0,0,16,15,31,1,30,41,71,143,32,15,47,190
07/20/2013,MGM,AL,ASO,ES,Combined TRACON& Tower with Radar,5,20,15,6,46,0,3,8,27,38,5,23,23,33,84,0,18,18,102
07/21/2013,MGM,AL,ASO,ES,Combined TRACON& Tower with Radar,5,42,17,32,96,0,0,5,14,19,5,42,22,46,115,0,12,12,127
07/22/2013,MGM,AL,ASO,ES,Combined TRACON& Tower with Radar,1,27,14,47,89,0,2,3,2,7,1,29,17,49,96,32,42,74,170
07/23/2013,MGM,AL,ASO,ES,Combined TRACON& Tower with Radar,2,29,19,39,89,0,0,4,0,4,2,29,23,39,93,2,0,2,95
07/24/2013,MGM,AL,ASO,ES,Combined TRACON& Tower with Radar,0,27,31,26,84,0,2,0,6,8,0,29,31,32,92,0,0,0,92
07/25/2013,MGM,AL,ASO,ES,Combined TRACON& Tower with Radar,0,32,31,72,135,0,5,14,9,28,0,37,45,81,163,84,16,100,263
07/26/2013,MGM,AL,ASO,ES,Combined TRACON& Tower with Radar,7,34,26,97,164,0,0,15,11,26,7,34,41,108,190,16,4,20,210
07/27/2013,MGM,AL,ASO,ES,Combined TRACON& Tower with Radar,2,23,12,14,51,0,1,7,0,8,2,24,19,14,59,28,0,28,87
07/28/2013,MGM,AL,ASO,ES,Combined TRACON& Tower with Radar,2,23,11,18,54,0,0,15,6,21,2,23,26,24,75,6,0,6,81
07/29/2013,MGM,AL,ASO,ES,Combined TRACON& Tower with Radar,0,32,16,75,123,2,4,5,3,14,2,36,21,78,137,13,0,13,150
07/30/2013,MGM,AL,ASO,ES,Combined TRACON& Tower with Radar,0,31,26,84,141,0,0,17,9,26,0,31,43,93,167,6,36,42,209
07/31/2013,MGM,AL,ASO,ES,Combined TRACON& Tower with Radar,1,27,31,58,117,0,0,5,3,8,1,27,36,61,125,22,58,80,205
08/01/2013,MGM,AL,ASO,ES,Combined TRACON& Tower with Radar,2,26,27,40,95,0,0,8,15,23,2,26,35,55,118,2,70,72,190
08/02/2013,MGM,AL,ASO,ES,Combined TRACON& Tower with Radar,3,26,22,92,143,0,1,17,8,26,3,27,39,100,169,20,36,56,225
08/03/2013,MGM,AL,ASO,ES,Combined TRACON& Tower with Radar,1,19,13,18,51,0,3,21,10,34,1,22,34,28,85,22,4,26,111
08/04/2013,MGM,AL,ASO,ES,Combined TRACON& Tower with Radar,2,24,10,34,70,0,1,15,11,27,2,25,25,45,97,52,4,56,153
08/05/2013,MGM,AL,ASO,ES,Combined TRACON& Tower with Radar,1,30,21,107,159,0,6,14,11,31,1,36,35,118,190,18,34,52,242
08/06/2013,MGM,AL,ASO,ES,Combined TRACON& Tower with Radar,2,25,26,48,101,0,2,4,0,6,2,27,30,48,107,4,2,6,113
08/07/2013,MGM,AL,ASO,ES,Combined TRACON& Tower with Radar,3,31,32,87,153,0,1,8,2,11,3,32,40,89,164,0,6,6,170
08/08/2013,MGM,AL,ASO,ES,Combined TRACON& Tower with Radar,1,24,33,54,112,0,0,10,3,13,1,24,43,57,125,24,52,76,201
08/09/2013,MGM,AL,ASO,ES,Combined TRACON& Tower with Radar,0,28,26,16,70,0,2,12,19,33,0,30,38,35,103,2,10,12,115
08/10/2013,MGM,AL,ASO,ES,Combined TRACON& Tower with Radar,1,17,21,5,44,0,0,10,2,12,1,17,31,7,56,38,2,40,96
08/11/2013,MGM,AL,ASO,ES,Combined TRACON& Tower with Radar,1,24,19,24,68,0,0,18,8,26,1,24,37,32,94,64,0,64,158
08/12/2013,MGM,AL,ASO,ES,Combined TRACON& Tower with Radar,0,29,23,100,152,0,9,19,3,31,0,38,42,103,183,6,174,180,363
08/13/2013,MGM,AL,ASO,ES,Combined TRACON& Tower with Radar,1,28,34,51,114,0,7,11,3,21,1,35,45,54,135,0,0,0,135
08/14/2013,MGM,AL,ASO,ES,Combined TRACON& Tower with Radar,1,28,38,27,94,0,0,2,0,2,1,28,40,27,96,0,0,0,96
08/15/2013,MGM,AL,ASO,ES,Combined TRACON& Tower with Radar,2,31,43,66,142,0,0,4,27,31,2,31,47,93,173,0,36,36,209
08/16/2013,MGM,AL,ASO,ES,Combined TRACON& Tower with Radar,1,33,20,89,143,0,1,5,1,7,1,34,25,90,150,10,4,14,164
08/17/2013,MGM,AL,ASO,ES,Combined TRACON& Tower with Radar,1,20,14,7,42,0,0,0,15,15,1,20,14,22,57,0,42,42,99
08/18/2013,MGM,AL,ASO,ES,Combined TRACON& Tower with Radar,2,21,14,23,60,0,0,2,4,6,2,21,16,27,66,0,18,18,84
08/19/2013,MGM,AL,ASO,ES,Combined TRACON& Tower with Radar,1,33,31,22,87,0,1,4,2,7,1,34,35,24,94,20,20,40,134
08/20/2013,MGM,AL,ASO,ES,Combined TRACON& Tower with Radar,1,33,21,41,96,0,0,3,1,4,1,33,24,42,100,10,12,22,122
08/21/2013,MGM,AL,ASO,ES,Combined TRACON& Tower with Radar,0,32,21,76,129,0,3,9,1,13,0,35,30,77,142,12,4,16,158
08/22/2013,MGM,AL,ASO,ES,Combined TRACON& Tower with Radar,0,31,36,93,160,0,2,23,10,35,0,33,59,103,195,4,50,54,249
08/23/2013,MGM,AL,ASO,ES,Combined TRACON& Tower with Radar,0,36,41,132,209,0,0,20,1,21,0,36,61,133,230,14,73,87,317
08/24/2013,MGM,AL,ASO,ES,Combined TRACON& Tower with Radar,0,21,12,17,50,0,0,11,3,14,0,21,23,20,64,2,30,32,96
08/25/2013,MGM,AL,ASO,ES,Combined TRACON& Tower with Radar,4,29,23,42,98,0,0,14,8,22,4,29,37,50,120,2,44,46,166
08/26/2013,MGM,AL,ASO,ES,Combined TRACON& Tower with Radar,0,32,24,82,138,0,2,15,0,17,0,34,39,82,155,44,28,72,227
08/27/2013,MGM,AL,ASO,ES,Combined TRACON& Tower with Radar,0,41,28,71,140,0,9,20,14,43,0,50,48,85,183,56,34,90,273
08/28/2013,MGM,AL,ASO,ES,Combined TRACON& Tower with Radar,0,29,24,92,145,0,1,28,5,34,0,30,52,97,179,28,10,38,217
08/29/2013,MGM,AL,ASO,ES,Combined TRACON& Tower with Radar,2,26,24,91,143,0,4,20,6,30,2,30,44,97,173,14,90,104,277
08/30/2013,MGM,AL,ASO,ES,Combined TRACON& Tower with Radar,0,29,28,13,70,0,7,13,0,20,0,36,41,13,90,22,0,22,112
08/31/2013,MGM,AL,ASO,ES,Combined TRACON& Tower with Radar,0,19,17,0,36,0,0,21,0,21,0,19,38,0,57,2,0,2,59
09/01/2013,MGM,AL,ASO,ES,Combined TRACON& Tower with Radar,2,25,13,0,40,0,0,12,0,12,2,25,25,0,52,0,0,0,52
09/02/2013,MGM,AL,ASO,ES,Combined TRACON& Tower with Radar,0,32,16,0,48,0,1,18,1,20,0,33,34,1,68,2,0,2,70
09/03/2013,MGM,AL,ASO,ES,Combined TRACON& Tower with Radar,0,31,34,41,106,0,1,13,2,16,0,32,47,43,122,22,26,48,170
09/04/2013,MGM,AL,ASO,ES,Combined TRACON& Tower with Radar,0,30,32,111,173,0,3,10,6,19,0,33,42,117,192,0,52,52,244
09/05/2013,MGM,AL,ASO,ES,Combined TRACON& Tower with Radar,0,30,38,87,155,0,1,17,11,29,0,31,55,98,184,10,18,28,212
09/06/2013,MGM,AL,ASO,ES,Combined TRACON& Tower with Radar,0,40,24,138,202,0,2,20,13,35,0,42,44,151,237,36,44,80,317
09/07/2013,MGM,AL,ASO,ES,Combined TRACON& Tower with Radar,0,18,18,5,41,0,0,7,3,10,0,18,25,8,51,0,12,12,63
09/08/2013,MGM,AL,ASO,ES,Combined TRACON& Tower with Radar,0,29,14,36,79,0,5,29,11,45,0,34,43,47,124,0,12,12,136
09/09/2013,MGM,AL,ASO,ES,Combined TRACON& Tower with Radar,0,31,41,66,138,0,7,15,6,28,0,38,56,72,166,38,60,98,264
09/10/2013,MGM,AL,ASO,ES,Combined TRACON& Tower with Radar,0,27,37,112,176,0,1,15,10,26,0,28,52,122,202,2,18,20,222
09/11/2013,MGM,AL,ASO,ES,Combined TRACON& Tower with Radar,0,26,31,99,156,0,2,16,1,19,0,28,47,100,175,58,72,130,305
09/12/2013,MGM,AL,ASO,ES,Combined TRACON& Tower with Radar,0,32,26,95,153,0,4,22,9,35,0,36,48,104,188,40,126,166,354
09/13/2013,MGM,AL,ASO,ES,Combined TRACON& Tower with Radar,0,31,17,83,131,0,1,17,9,27,0,32,34,92,158,2,31,33,191
09/14/2013,MGM,AL,ASO,ES,Combined TRACON& Tower with Radar,0,20,16,33,69,0,0,25,15,40,0,20,41,48,109,0,10,10,119
09/15/2013,MGM,AL,ASO,ES,Combined TRACON& Tower with Radar,0,29,13,76,118,0,4,13,8,25,0,33,26,84,143,0,32,32,175
09/16/2013,MGM,AL,ASO,ES,Combined TRACON& Tower with Radar,0,27,34,61,122,0,1,16,0,17,0,28,50,61,139,8,30,38,177
09/17/2013,MGM,AL,ASO,ES,Combined TRACON& Tower with Radar,0,33,38,102,173,0,3,12,3,18,0,36,50,105,191,20,50,70,261
09/18/2013,MGM,AL,ASO,ES,Combined TRACON& Tower with Radar,0,30,37,148,215,0,1,17,9,27,0,31,54,157,242,74,76,150,392
09/19/2013,MGM,AL,ASO,ES,Combined TRACON& Tower with Radar,0,28,23,58,109,0,3,9,4,16,0,31,32,62,125,64,26,90,215
09/20/2013,MGM,AL,ASO,ES,Combined TRACON& Tower with Radar,2,29,28,142,201,0,9,15,19,43,2,38,43,161,244,72,138,210,454
09/21/2013,MGM,AL,ASO,ES,Combined TRACON& Tower with Radar,2,17,7,8,34,0,0,0,5,5,2,17,7,13,39,0,14,14,53
09/22/2013,MGM,AL,ASO,ES,Combined TRACON& Tower with Radar,0,26,21,33,80,0,0,7,8,15,0,26,28,41,95,0,6,6,101
09/23/2013,MGM,AL,ASO,ES,Combined TRACON& Tower with Radar,0,30,26,77,133,0,4,5,3,12,0,34,31,80,145,30,6,36,181
09/24/2013,MGM,AL,ASO,ES,Combined TRACON& Tower with Radar,0,32,25,39,96,0,0,0,1,1,0,32,25,40,97,16,4,20,117
09/25/2013,MGM,AL,ASO,ES,Combined TRACON& Tower with Radar,0,34,34,105,173,0,0,7,2,9,0,34,41,107,182,6,26,32,214
09/26/2013,MGM,AL,ASO,ES,Combined TRACON& Tower with Radar,0,29,32,104,165,0,3,15,4,22,0,32,47,108,187,56,78,134,321
09/27/2013,MGM,AL,ASO,ES,Combined TRACON& Tower with Radar,0,28,50,83,161,0,1,23,1,25,0,29,73,84,186,24,0,24,210
09/28/2013,MGM,AL,ASO,ES,Combined TRACON& Tower with Radar,0,17,13,0,30,0,0,18,0,18,0,17,31,0,48,8,0,8,56
09/29/2013,MGM,AL,ASO,ES,Combined TRACON& Tower with Radar,0,25,18,38,81,0,0,28,9,37,0,25,46,47,118,0,4,4,122
09/30/2013,MGM,AL,ASO,ES,Combined TRACON& Tower with Radar,0,29,27,46,102,0,2,18,3,23,0,31,45,49,125,0,12,12,137
10/01/2013,MGM,AL,ASO,ES,Combined TRACON& Tower with Radar,0,27,19,49,95,0,0,14,4,18,0,27,33,53,113,22,6,28,141
10/02/2013,MGM,AL,ASO,ES,Combined TRACON& Tower with Radar,0,32,25,100,157,0,10,18,14,42,0,42,43,114,199,38,100,138,337
10/03/2013,MGM,AL,ASO,ES,Combined TRACON& Tower with Radar,2,29,35,81,147,0,1,11,1,13,2,30,46,82,160,28,8,36,196
10/04/2013,MGM,AL,ASO,ES,Combined TRACON& Tower with Radar,2,34,26,30,92,0,3,10,2,15,2,37,36,32,107,8,0,8,115
10/05/2013,MGM,AL,ASO,ES,Combined TRACON& Tower with Radar,0,19,11,0,30,0,3,11,0,14,0,22,22,0,44,0,0,0,44
10/06/2013,MGM,AL,ASO,ES,Combined TRACON& Tower with Radar,0,28,16,0,44,0,0,2,0,2,0,28,18,0,46,6,0,6,52
10/07/2013,MGM,AL,ASO,ES,Combined TRACON& Tower with Radar,0,28,15,45,88,0,0,14,6,20,0,28,29,51,108,0,32,32,140
10/08/2013,MGM,AL,ASO,ES,Combined TRACON& Tower with Radar,0,30,33,54,117,0,0,15,5,20,0,30,48,59,137,30,40,70,207
10/09/2013,MGM,AL,ASO,ES,Combined TRACON& Tower with Radar,0,33,34,115,182,0,0,6,2,8,0,33,40,117,190,8,66,74,264
10/10/2013,MGM,AL,ASO,ES,Combined TRACON& Tower with Radar,0,31,33,96,160,0,1,16,2,19,0,32,49,98,179,12,44,56,235
10/11/2013,MGM,AL,ASO,ES,Combined TRACON& Tower with Radar,0,29,37,19,85,0,0,19,1,20,0,29,56,20,105,16,6,22,127
10/12/2013,MGM,AL,ASO,ES,Combined TRACON& Tower with Radar,0,19,24,0,43,0,1,14,0,15,0,20,38,0,58,8,0,8,66
10/13/2013,MGM,AL,ASO,ES,Combined TRACON& Tower with Radar,3,28,17,0,48,0,0,21,0,21,3,28,38,0,69,22,0,22,91
10/14/2013,MGM,AL,ASO,ES,Combined TRACON& Tower with Radar,0,33,25,1,59,0,0,19,1,20,0,33,44,2,79,24,24,48,127
10/15/2013,MGM,AL,ASO,ES,Combined TRACON& Tower with Radar,1,28,26,57,112,0,7,6,1,14,1,35,32,58,126,0,18,18,144
10/16/2013,MGM,AL,ASO,ES,Combined TRACON& Tower with Radar,0,36,20,89,145,0,2,3,2,7,0,38,23,91,152,0,58,58,210
10/17/2013,MGM,AL,ASO,ES,Combined TRACON& Tower with Radar,0,33,39,90,162,0,0,6,0,6,0,33,45,90,168,12,44,56,224
10/18/2013,MGM,AL,ASO,ES,Combined TRACON& Tower with Radar,0,31,38,67,136,0,8,12,5,25,0,39,50,72,161,0,26,26,187
10/19/2013,MGM,AL,ASO,ES,Combined TRACON& Tower with Radar,0,22,19,28,69,0,0,4,1,5,0,22,23,29,74,0,2,2,76
10/20/2013,MGM,AL,ASO,ES,Combined TRACON& Tower with Radar,0,33,18,20,71,0,1,22,3,26,0,34,40,23,97,4,16,20,117
10/21/2013,MGM,AL,ASO,ES,Combined TRACON& Tower with Radar,0,32,21,57,110,0,7,12,5,24,0,39,33,62,134,6,10,16,150
10/22/2013,MGM,AL,ASO,ES,Combined TRACON& Tower with Radar,2,32,29,61,124,0,7,10,6,23,2,39,39,67,147,0,88,88,235
10/23/2013,MGM,AL,ASO,ES,Combined TRACON& Tower with Radar,0,34,32,64,130,0,5,11,1,17,0,39,43,65,147,68,28,96,243
10/24/2013,MGM,AL,ASO,ES,Combined TRACON& Tower with Radar,0,31,28,50,109,0,3,16,15,34,0,34,44,65,143,82,22,104,247
10/25/2013,MGM,AL,ASO,ES,Combined TRACON& Tower with Radar,0,28,35,79,142,0,11,13,2,26,0,39,48,81,168,18,24,42,210
10/26/2013,MGM,AL,ASO,ES,Combined TRACON& Tower with Radar,0,22,12,14,48,0,3,16,0,19,0,25,28,14,67,4,0,4,71
10/27/2013,MGM,AL,ASO,ES,Combined TRACON& Tower with Radar,0,29,25,30,84,0,0,15,1,16,0,29,40,31,100,0,6,6,106
10/28/2013,MGM,AL,ASO,ES,Combined TRACON& Tower with Radar,0,36,11,78,125,0,3,15,8,26,0,39,26,86,151,24,34,58,209
10/29/2013,MGM,AL,ASO,ES,Combined TRACON& Tower with Radar,0,30,49,78,157,0,1,20,14,35,0,31,69,92,192,32,48,80,272
10/30/2013,MGM,AL,ASO,ES,Combined TRACON& Tower with Radar,0,31,44,91,166,0,1,22,9,32,0,32,66,100,198,52,52,104,302
10/31/2013,MGM,AL,ASO,ES,Combined TRACON& Tower with Radar,0,27,17,54,98,0,1,0,3,4,0,28,17,57,102,0,20,20,122
11/01/2013,MGM,AL,ASO,ES,Combined TRACON& Tower with Radar,2,30,20,53,105,0,0,8,19,27,2,30,28,72,132,4,28,32,164
11/02/2013,MGM,AL,ASO,ES,Combined TRACON& Tower with Radar,0,20,12,31,63,0,0,4,29,33,0,20,16,60,96,0,13,13,109
11/03/2013,MGM,AL,ASO,ES,Combined TRACON& Tower with Radar,0,33,9,36,78,0,4,22,35,61,0,37,31,71,139,6,36,42,181
11/04/2013,MGM,AL,ASO,ES,Combined TRACON& Tower with Radar,0,29,22,107,158,0,2,19,6,27,0,31,41,113,185,14,52,66,251
11/05/2013,MGM,AL,ASO,ES,Combined TRACON& Tower with Radar,0,27,16,98,141,0,3,15,1,19,0,30,31,99,160,16,76,92,252
11/06/2013,MGM,AL,ASO,ES,Combined TRACON& Tower with Radar,0,33,19,95,147,0,0,4,4,8,0,33,23,99,155,52,42,94,249
11/07/2013,MGM,AL,ASO,ES,Combined TRACON& Tower with Radar,0,34,35,107,176,0,2,7,3,12,0,36,42,110,188,2,70,72,260
11/08/2013,MGM,AL,ASO,ES,Combined TRACON& Tower with Radar,0,30,33,27,90,0,1,16,7,24,0,31,49,34,114,12,6,18,132
11/09/2013,MGM,AL,ASO,ES,Combined TRACON& Tower with Radar,0,21,15,8,44,0,6,18,0,24,0,27,33,8,68,16,0,16,84
11/10/2013,MGM,AL,ASO,ES,Combined TRACON& Tower with Radar,0,30,20,17,67,0,0,33,0,33,0,30,53,17,100,20,0,20,120
11/11/2013,MGM,AL,ASO,ES,Combined TRACON& Tower with Radar,0,30,21,6,57,0,1,23,0,24,0,31,44,6,81,4,0,4,85
11/12/2013,MGM,AL,ASO,ES,Combined TRACON& Tower with Radar,0,28,34,73,135,0,0,9,1,10,0,28,43,74,145,16,42,58,203
11/13/2013,MGM,AL,ASO,ES,Combined TRACON& Tower with Radar,4,35,34,85,158,0,2,20,5,27,4,37,54,90,185,0,94,94,279
11/14/2013,MGM,AL,ASO,ES,Combined TRACON& Tower with Radar,0,29,36,95,160,0,3,14,19,36,0,32,50,114,196,32,54,86,282
11/15/2013,MGM,AL,ASO,ES,Combined TRACON& Tower with Radar,0,28,24,79,131,0,2,6,1,9,0,30,30,80,140,0,32,32,172
11/16/2013,MGM,AL,ASO,ES,Combined TRACON& Tower with Radar,0,18,22,4,44,0,2,1,13,16,0,20,23,17,60,0,76,76,136
11/17/2013,MGM,AL,ASO,ES,Combined TRACON& Tower with Radar,0,29,26,24,79,0,0,4,0,4,0,29,30,24,83,0,0,0,83
11/18/2013,MGM,AL,ASO,ES,Combined TRACON& Tower with Radar,0,32,30,75,137,0,1,8,5,14,0,33,38,80,151,2,30,32,183
11/19/2013,MGM,AL,ASO,ES,Combined TRACON& Tower with Radar,0,28,20,51,99,0,2,17,8,27,0,30,37,59,126,8,23,31,157
11/20/2013,MGM,AL,ASO,ES,Combined TRACON& Tower with Radar,0,32,31,75,138,0,2,22,12,36,0,34,53,87,174,34,0,34,208
11/21/2013,MGM,AL,ASO,ES,Combined TRACON& Tower with Radar,0,30,39,124,193,0,4,2,14,20,0,34,41,138,213,6,98,104,317
11/22/2013,MGM,AL,ASO,ES,Combined TRACON& Tower with Radar,0,32,29,143,204,0,6,2,2,10,0,38,31,145,214,10,22,32,246
11/23/2013,MGM,AL,ASO,ES,Combined TRACON& Tower with Radar,0,18,15,22,55,0,0,1,0,1,0,18,16,22,56,2,0,2,58
11/24/2013,MGM,AL,ASO,ES,Combined TRACON& Tower with Radar,0,26,13,65,104,0,3,23,6,32,0,29,36,71,136,10,10,20,156
11/25/2013,MGM,AL,ASO,ES,Combined TRACON& Tower with Radar,0,29,42,150,221,0,1,8,2,11,0,30,50,152,232,54,94,148,380
11/26/2013,MGM,AL,ASO,ES,Combined TRACON& Tower with Radar,0,30,7,4,41,0,0,0,0,0,0,30,7,4,41,0,0,0,41
11/27/2013,MGM,AL,ASO,ES,Combined TRACON& Tower with Radar,0,33,14,12,59,0,2,10,0,12,0,35,24,12,71,0,6,6,77
11/28/2013,MGM,AL,ASO,ES,Combined TRACON& Tower with Radar,2,14,11,0,27,0,3,22,0,25,2,17,33,0,52,0,0,0,52
11/29/2013,MGM,AL,ASO,ES,Combined TRACON& Tower with Radar,2,20,17,0,39,0,0,26,0,26,2,20,43,0,65,22,0,22,87
11/30/2013,MGM,AL,ASO,ES,Combined TRACON& Tower with Radar,0,20,18,0,38,0,4,24,0,28,0,24,42,0,66,32,0,32,98
12/01/2013,MGM,AL,ASO,ES,Combined TRACON& Tower with Radar,0,33,15,0,48,0,4,12,0,16,0,37,27,0,64,20,0,20,84
12/02/2013,MGM,AL,ASO,ES,Combined TRACON& Tower with Radar,0,32,23,66,121,0,1,10,2,13,0,33,33,68,134,22,38,60,194
12/03/2013,MGM,AL,ASO,ES,Combined TRACON& Tower with Radar,0,27,43,95,165,0,0,0,2,2,0,27,43,97,167,0,0,0,167
12/04/2013,MGM,AL,ASO,ES,Combined TRACON& Tower with Radar,0,28,35,154,217,0,0,8,0,8,0,28,43,154,225,28,36,64,289
12/05/2013,MGM,AL,ASO,ES,Combined TRACON& Tower with Radar,0,28,26,99,153,0,2,6,5,13,0,30,32,104,166,8,26,34,200
12/06/2013,MGM,AL,ASO,ES,Combined TRACON& Tower with Radar,0,25,33,115,173,0,1,3,1,5,0,26,36,116,178,2,40,42,220
12/07/2013,MGM,AL,ASO,ES,Combined TRACON& Tower with Radar,0,11,25,22,58,0,0,0,23,23,0,11,25,45,81,0,18,18,99
12/08/2013,MGM,AL,ASO,ES,Combined TRACON& Tower with Radar,0,22,12,33,67,0,0,0,0,0,0,22,12,33,67,0,0,0,67
12/09/2013,MGM,AL,ASO,ES,Combined TRACON& Tower with Radar,0,26,37,51,114,0,1,0,0,1,0,27,37,51,115,0,0,0,115
12/10/2013,MGM,AL,ASO,ES,Combined TRACON& Tower with Radar,0,31,15,83,129,0,4,5,5,14,0,35,20,88,143,16,32,48,191
12/11/2013,MGM,AL,ASO,ES,Combined TRACON& Tower with Radar,0,37,32,81,150,0,4,27,9,40,0,41,59,90,190,20,74,94,284
12/12/2013,MGM,AL,ASO,ES,Combined TRACON& Tower with Radar,0,30,26,89,145,0,5,23,6,34,0,35,49,95,179,46,4,50,229
12/13/2013,MGM,AL,ASO,ES,Combined TRACON& Tower with Radar,0,28,32,91,151,0,0,13,10,23,0,28,45,101,174,0,12,12,186
12/14/2013,MGM,AL,ASO,ES,Combined TRACON& Tower with Radar,0,15,14,30,59,0,0,0,0,0,0,15,14,30,59,0,58,58,117
12/15/2013,MGM,AL,ASO,ES,Combined TRACON& Tower with Radar,0,26,13,8,47,0,0,9,7,16,0,26,22,15,63,10,11,21,84
12/16/2013,MGM,AL,ASO,ES,Combined TRACON& Tower with Radar,0,28,29,48,105,0,2,17,2,21,0,30,46,50,126,6,0,6,132
12/17/2013,MGM,AL,ASO,ES,Combined TRACON& Tower with Radar,0,33,25,84,142,0,1,13,6,20,0,34,38,90,162,0,20,20,182
12/18/2013,MGM,AL,ASO,ES,Combined TRACON& Tower with Radar,0,27,26,49,102,0,5,21,3,29,0,32,47,52,131,66,66,132,263
12/19/2013,MGM,AL,ASO,ES,Combined TRACON& Tower with Radar,0,26,27,73,126,0,12,24,10,46,0,38,51,83,172,8,68,76,248
12/20/2013,MGM,AL,ASO,ES,Combined TRACON& Tower with Radar,0,38,43,67,148,0,21,7,0,28,0,59,50,67,176,24,44,68,244
12/21/2013,MGM,AL,ASO,ES,Combined TRACON& Tower with Radar,2,19,12,0,33,0,0,1,0,1,2,19,13,0,34,0,0,0,34
12/22/2013,MGM,AL,ASO,ES,Combined TRACON& Tower with Radar,0,21,10,5,36,0,0,0,0,0,0,21,10,5,36,0,0,0,36
12/23/2013,MGM,AL,ASO,ES,Combined TRACON& Tower with Radar,2,26,24,38,90,0,6,0,0,6,2,32,24,38,96,20,0,20,116
12/24/2013,MGM,AL,ASO,ES,Combined TRACON& Tower with Radar,0,19,2,0,21,0,1,12,2,15,0,20,14,2,36,48,0,48,84
12/25/2013,MGM,AL,ASO,ES,Combined TRACON& Tower with Radar,0,14,2,0,16,0,0,5,0,5,0,14,7,0,21,0,0,0,21
12/26/2013,MGM,AL,ASO,ES,Combined TRACON& Tower with Radar,0,22,22,15,59,0,0,13,1,14,0,22,35,16,73,6,0,6,79
12/27/2013,MGM,AL,ASO,ES,Combined TRACON& Tower with Radar,0,25,24,12,61,0,0,17,8,25,0,25,41,20,86,30,26,56,142
12/28/2013,MGM,AL,ASO,ES,Combined TRACON& Tower with Radar,0,15,7,0,22,0,0,1,0,1,0,15,8,0,23,0,0,0,23
12/29/2013,MGM,AL,ASO,ES,Combined TRACON& Tower with Radar,0,21,19,0,40,0,0,4,0,4,0,21,23,0,44,28,0,28,72
12/30/2013,MGM,AL,ASO,ES,Combined TRACON& Tower with Radar,0,21,16,14,51,0,2,13,0,15,0,23,29,14,66,46,0,46,112
12/31/2013,MGM,AL,ASO,ES,Combined TRACON& Tower with Radar,4,20,14,0,38,0,1,8,0,9,4,21,22,0,47,8,0,8,55
01/01/2014,MGM,AL,ASO,ES,Combined TRACON& Tower with Radar,0,19,8,0,27,0,0,2,0,2,0,19,10,0,29,0,0,0,29
01/02/2014,MGM,AL,ASO,ES,Combined TRACON& Tower with Radar,0,25,19,15,59,0,0,3,0,3,0,25,22,15,62,0,0,0,62
01/03/2014,MGM,AL,ASO,ES,Combined TRACON& Tower with Radar,0,28,36,93,157,0,2,22,5,29,0,30,58,98,186,14,67,81,267
01/04/2014,MGM,AL,ASO,ES,Combined TRACON& Tower with Radar,12,17,28,22,79,0,0,10,0,10,12,17,38,22,89,8,4,12,101
01/05/2014,MGM,AL,ASO,ES,Combined TRACON& Tower with Radar,0,28,16,2,46,0,0,6,0,6,0,28,22,2,52,0,0,0,52
01/06/2014,MGM,AL,ASO,ES,Combined TRACON& Tower with Radar,0,25,13,23,61,0,2,5,6,13,0,27,18,29,74,2,6,8,82
01/07/2014,MGM,AL,ASO,ES,Combined TRACON& Tower with Radar,16,26,22,53,117,0,0,12,4,16,16,26,34,57,133,24,26,50,183
01/08/2014,MGM,AL,ASO,ES,Combined TRACON& Tower with Radar,0,26,33,86,145,0,4,10,12,26,0,30,43,98,171,80,68,148,319
01/09/2014,MGM,AL,ASO,ES,Combined TRACON& Tower with Radar,0,30,31,59,120,0,0,4,6,10,0,30,35,65,130,20,22,42,172
01/10/2014,MGM,AL,ASO,ES,Combined TRACON& Tower with Radar,0,28,23,0,51,0,0,0,0,0,0,28,23,0,51,0,0,0,51
01/11/2014,MGM,AL,ASO,ES,Combined TRACON& Tower with Radar,0,17,10,14,41,0,0,3,4,7,0,17,13,18,48,4,10,14,62
01/12/2014,MGM,AL,ASO,ES,Combined TRACON& Tower with Radar,0,26,26,10,62,0,0,31,1,32,0,26,57,11,94,48,18,66,160
01/13/2014,MGM,AL,ASO,ES,Combined TRACON& Tower with Radar,0,28,17,91,136,0,0,3,7,10,0,28,20,98,146,0,196,196,342
01/14/2014,MGM,AL,ASO,ES,Combined TRACON& Tower with Radar,0,30,27,76,133,0,6,23,10,39,0,36,50,86,172,16,110,126,298
01/15/2014,MGM,AL,ASO,ES,Combined TRACON& Tower with Radar,0,27,25,105,157,0,4,17,15,36,0,31,42,120,193,46,134,180,373
01/16/2014,MGM,AL,ASO,ES,Combined TRACON& Tower with Radar,0,29,37,71,137,0,3,30,10,43,0,32,67,81,180,18,46,64,244
01/17/2014,MGM,AL,ASO,ES,Combined TRACON& Tower with Radar,0,27,22,40,89,0,3,13,16,32,0,30,35,56,121,20,18,38,159
01/18/2014,MGM,AL,ASO,ES,Combined TRACON& Tower with Radar,0,15,16,3,34,0,0,14,0,14,0,15,30,3,48,6,0,6,54
01/19/2014,MGM,AL,ASO,ES,Combined TRACON& Tower with Radar,0,22,16,3,41,0,0,23,9,32,0,22,39,12,73,2,0,2,75
01/20/2014,MGM,AL,ASO,ES,Combined TRACON& Tower with Radar,0,24,21,1,46,0,2,10,0,12,0,26,31,1,58,66,0,66,124
01/21/2014,MGM,AL,ASO,ES,Combined TRACON& Tower with Radar,0,30,23,40,93,0,4,6,4,14,0,34,29,44,107,0,16,16,123
01/22/2014,MGM,AL,ASO,ES,Combined TRACON& Tower with Radar,0,31,21,55,107,0,0,8,2,10,0,31,29,57,117,20,9,29,146
01/23/2014,MGM,AL,ASO,ES,Combined TRACON& Tower with Radar,0,28,33,56,117,0,5,22,6,33,0,33,55,62,150,12,86,98,248
01/24/2014,MGM,AL,ASO,ES,Combined TRACON& Tower with Radar,0,25,22,58,105,0,2,8,8,18,0,27,30,66,123,0,6,6,129
01/25/2014,MGM,AL,ASO,ES,Combined TRACON& Tower with Radar,0,15,18,13,46,0,0,25,1,26,0,15,43,14,72,54,0,54,126
01/26/2014,MGM,AL,ASO,ES,Combined TRACON& Tower with Radar,0,25,19,40,84,0,0,7,9,16,0,25,26,49,100,0,24,24,124
01/27/2014,MGM,AL,ASO,ES,Combined TRACON& Tower with Radar,0,31,16,94,141,0,4,5,2,11,0,35,21,96,152,8,30,38,190
01/28/2014,MGM,AL,ASO,ES,Combined TRACON& Tower with Radar,0,2,5,0,7,0,0,0,0,0,0,2,5,0,7,0,0,0,7
01/29/2014,MGM,AL,ASO,ES,Combined TRACON& Tower with Radar,0,2,18,0,20,0,1,7,1,9,0,3,25,1,29,0,0,0,29
01/30/2014,MGM,AL,ASO,ES,Combined TRACON& Tower with Radar,2,19,26,65,112,0,10,25,29,64,2,29,51,94,176,2,96,98,274
01/31/2014,MGM,AL,ASO,ES,Combined TRACON& Tower with Radar,0,25,27,97,149,0,5,21,16,42,0,30,48,113,191,54,90,144,335
02/01/2014,MGM,AL,ASO,ES,Combined TRACON& Tower with Radar,0,19,28,54,101,0,0,16,10,26,0,19,44,64,127,36,88,124,251
02/02/2014,MGM,AL,ASO,ES,Combined TRACON& Tower with Radar,0,25,17,67,109,0,1,6,6,13,0,26,23,73,122,18,10,28,150
02/03/2014,MGM,AL,ASO,ES,Combined TRACON& Tower with Radar,0,30,20,77,127,0,1,2,0,3,0,31,22,77,130,0,42,42,172
02/04/2014,MGM,AL,ASO,ES,Combined TRACON& Tower with Radar,0,30,24,39,93,0,0,0,0,0,0,30,24,39,93,8,0,8,101
02/05/2014,MGM,AL,ASO,ES,Combined TRACON& Tower with Radar,0,26,36,119,181,0,5,3,3,11,0,31,39,122,192,0,20,20,212
02/06/2014,MGM,AL,ASO,ES,Combined TRACON& Tower with Radar,0,26,21,50,97,0,5,9,11,25,0,31,30,61,122,8,60,68,190
02/07/2014,MGM,AL,ASO,ES,Combined TRACON& Tower with Radar,0,31,28,87,146,0,9,14,6,29,0,40,42,93,175,22,18,40,215
02/08/2014,MGM,AL,ASO,ES,Combined TRACON& Tower with Radar,0,16,15,30,61,0,0,18,0,18,0,16,33,30,79,26,22,48,127
02/09/2014,MGM,AL,ASO,ES,Combined TRACON& Tower with Radar,0,26,18,26,70,0,0,12,0,12,0,26,30,26,82,2,0,2,84
02/10/2014,MGM,AL,ASO,ES,Combined TRACON& Tower with Radar,0,23,47,82,152,0,0,2,1,3,0,23,49,83,155,0,22,22,177
02/11/2014,MGM,AL,ASO,ES,Combined TRACON& Tower with Radar,0,28,17,93,138,0,0,3,0,3,0,28,20,93,141,0,0,0,141
02/12/2014,MGM,AL,ASO,ES,Combined TRACON& Tower with Radar,0,30,27,76,133,0,2,21,11,34,0,32,48,87,167,0,0,0,167
02/13/2014,MGM,AL,ASO,ES,Combined TRACON& Tower with Radar,0,27,25,105,157,0,5,15,12,32,0,32,40,117,189,96,82,178,367
02/14/2014,MGM,AL,ASO,ES,Combined TRACON& Tower with Radar,0,29,37,71,137,0,3,32,7,42,0,32,69,78,179,0,0,0,179
02/15/2014,MGM,AL,ASO,ES,Combined TRACON& Tower with Radar,0,27,22,42,91,0,0,18,9,27,0,27,40,51,118,28,0,28,146
02/16/2014,MGM,AL,ASO,ES,Combined TRACON& Tower with Radar,0,15,16,3,34,0,0,19,0,19,0,15,35,3,53,12,12,24,77
02/17/2014,MGM,AL,ASO,ES,Combined TRACON& Tower with Radar,0,22,16,3,41,0,0,25,9,34,0,22,41,12,75,24,0,24,99
02/18/2014,MGM,AL,ASO,ES,Combined TRACON& Tower with Radar,0,24,23,2,49,0,0,8,0,8,0,24,31,2,57,8,2,10,67
02/19/2014,MGM,AL,ASO,ES,Combined TRACON& Tower with Radar,0,30,23,40,93,0,10,6,7,23,0,40,29,47,116,20,14,34,150
02/20/2014,MGM,AL,ASO,ES,Combined TRACON& Tower with Radar,0,31,21,55,107,0,5,11,14,30,0,36,32,69,137,58,66,124,261
02/21/2014,MGM,AL,ASO,ES,Combined TRACON& Tower with Radar,0,29,33,81,143,0,11,25,20,56,0,40,58,101,199,0,70,70,269
02/22/2014,MGM,AL,ASO,ES,Combined TRACON& Tower with Radar,0,20,29,11,60,0,3,44,27,74,0,23,73,38,134,42,26,68,202
02/23/2014,MGM,AL,ASO,ES,Combined TRACON& Tower with Radar,2,29,36,26,93,0,1,7,8,16,2,30,43,34,109,0,0,0,109
02/24/2014,MGM,AL,ASO,ES,Combined TRACON& Tower with Radar,0,31,38,70,139,0,7,17,6,30,0,38,55,76,169,32,76,108,277
02/25/2014,MGM,AL,ASO,ES,Combined TRACON& Tower with Radar,0,29,20,133,182,0,3,11,8,22,0,32,31,141,204,52,8,60,264
02/26/2014,MGM,AL,ASO,ES,Combined TRACON& Tower with Radar,0,42,22,148,212,0,1,9,8,18,0,43,31,156,230,16,61,77,307
02/27/2014,MGM,AL,ASO,ES,Combined TRACON& Tower with Radar,0,30,26,43,99,0,9,16,11,36,0,39,42,54,135,18,22,40,175
02/28/2014,MGM,AL,ASO,ES,Combined TRACON& Tower with Radar,0,28,19,79,126,0,4,21,6,31,0,32,40,85,157,34,40,74,231
03/01/2014,MGM,AL,ASO,ES,Combined TRACON& Tower with Radar,0,13,25,5,43,0,0,23,12,35,0,13,48,17,78,10,0,10,88
03/02/2014,MGM,AL,ASO,ES,Combined TRACON& Tower with Radar,0,20,37,13,70,0,1,26,6,33,0,21,63,19,103,4,24,28,131
03/03/2014,MGM,AL,ASO,ES,Combined TRACON& Tower with Radar,0,25,17,47,89,0,0,2,0,2,0,25,19,47,91,0,0,0,91
03/04/2014,MGM,AL,ASO,ES,Combined TRACON& Tower with Radar,0,37,27,36,100,0,1,1,2,4,0,38,28,38,104,2,20,22,126
03/05/2014,MGM,AL,ASO,ES,Combined TRACON& Tower with Radar,0,30,42,112,184,0,5,16,14,35,0,35,58,126,219,44,52,96,315
03/06/2014,MGM,AL,ASO,ES,Combined TRACON& Tower with Radar,0,27,31,37,95,0,0,0,0,0,0,27,31,37,95,0,0,0,95
03/07/2014,MGM,AL,ASO,ES,Combined TRACON& Tower with Radar,0,27,24,88,139,0,2,10,3,15,0,29,34,91,154,20,40,60,214
03/08/2014,MGM,AL,ASO,ES,Combined TRACON& Tower with Radar,0,19,23,2,44,0,0,19,0,19,0,19,42,2,63,32,0,32,95
03/09/2014,MGM,AL,ASO,ES,Combined TRACON& Tower with Radar,2,25,23,38,88,0,4,20,1,25,2,29,43,39,113,4,0,4,117
03/10/2014,MGM,AL,ASO,ES,Combined TRACON& Tower with Radar,2,27,31,23,83,0,1,35,0,36,2,28,66,23,119,82,0,82,201
03/11/2014,MGM,AL,ASO,ES,Combined TRACON& Tower with Radar,0,30,39,98,167,0,5,18,8,31,0,35,57,106,198,82,120,202,400
03/12/2014,MGM,AL,ASO,ES,Combined TRACON& Tower with Radar,0,27,38,88,153,0,7,4,11,22,0,34,42,99,175,40,28,68,243
03/13/2014,MGM,AL,ASO,ES,Combined TRACON& Tower with Radar,0,33,46,47,126,0,6,24,15,45,0,39,70,62,171,18,62,80,251
03/14/2014,MGM,AL,ASO,ES,Combined TRACON& Tower with Radar,0,34,56,55,145,0,1,44,19,64,0,35,100,74,209,26,58,84,293
03/15/2014,MGM,AL,ASO,ES,Combined TRACON& Tower with Radar,0,23,23,17,63,0,0,8,0,8,0,23,31,17,71,0,6,6,77
03/16/2014,MGM,AL,ASO,ES,Combined TRACON& Tower with Radar,6,30,15,8,59,0,0,1,0,1,6,30,16,8,60,0,0,0,60
03/17/2014,MGM,AL,ASO,ES,Combined TRACON& Tower with Radar,0,26,22,66,114,0,0,0,0,0,0,26,22,66,114,0,0,0,114
03/18/2014,MGM,AL,ASO,ES,Combined TRACON& Tower with Radar,0,33,32,95,160,0,0,8,4,12,0,33,40,99,172,6,26,32,204
03/19/2014,MGM,AL,ASO,ES,Combined TRACON& Tower with Radar,0,33,21,94,148,0,1,47,6,54,0,34,68,100,202,44,36,80,282
03/20/2014,MGM,AL,ASO,ES,Combined TRACON& Tower with Radar,0,52,33,90,175,0,0,57,23,80,0,52,90,113,255,28,74,102,357
03/21/2014,MGM,AL,ASO,ES,Combined TRACON& Tower with Radar,0,35,23,114,172,0,0,67,10,77,0,35,90,124,249,40,12,52,301
03/22/2014,MGM,AL,ASO,ES,Combined TRACON& Tower with Radar,0,21,22,23,66,0,3,20,2,25,0,24,42,25,91,28,0,28,119
03/23/2014,MGM,AL,ASO,ES,Combined TRACON& Tower with Radar,0,24,11,11,46,0,0,3,1,4,0,24,14,12,50,0,0,0,50
03/24/2014,MGM,AL,ASO,ES,Combined TRACON& Tower with Radar,0,32,36,50,118,0,2,15,2,19,0,34,51,52,137,40,48,88,225
03/25/2014,MGM,AL,ASO,ES,Combined TRACON& Tower with Radar,0,31,17,76,124,0,5,8,2,15,0,36,25,78,139,18,32,50,189
03/26/2014,MGM,AL,ASO,ES,Combined TRACON& Tower with Radar,0,29,28,60,117,0,3,24,5,32,0,32,52,65,149,20,22,42,191
03/27/2014,MGM,AL,ASO,ES,Combined TRACON& Tower with Radar,0,28,21,121,170,0,1,13,7,21,0,29,34,128,191,72,38,110,301
03/28/2014,MGM,AL,ASO,ES,Combined TRACON& Tower with Radar,1,24,11,9,45,0,2,1,0,3,1,26,12,9,48,8,0,8,56
03/29/2014,MGM,AL,ASO,ES,Combined TRACON& Tower with Radar,3,21,18,19,61,0,0,0,1,1,3,21,18,20,62,0,0,0,62
03/30/2014,MGM,AL,ASO,ES,Combined TRACON& Tower with Radar,0,27,25,42,94,0,1,27,0,28,0,28,52,42,122,42,0,42,164
03/31/2014,MGM,AL,ASO,ES,Combined TRACON& Tower with Radar,0,29,12,22,63,0,8,21,2,31,0,37,33,24,94,58,0,58,152
04/01/2014,MGM,AL,ASO,ES,Combined TRACON& Tower with Radar,0,30,22,97,149,0,9,20,3,32,0,39,42,100,181,28,108,136,317
04/02/2014,MGM,AL,ASO,ES,Combined TRACON& Tower with Radar,0,33,22,93,148,0,2,25,1,28,0,35,47,94,176,66,62,128,304
04/03/2014,MGM,AL,ASO,ES,Combined TRACON& Tower with Radar,0,28,25,101,154,0,0,6,7,13,0,28,31,108,167,0,48,48,215
04/04/2014,MGM,AL,ASO,ES,Combined TRACON& Tower with Radar,0,24,11,12,47,0,0,1,1,2,0,24,12,13,49,46,0,46,95
04/05/2014,MGM,AL,ASO,ES,Combined TRACON& Tower with Radar,0,16,11,53,80,0,8,24,44,76,0,24,35,97,156,20,12,32,188
04/06/2014,MGM,AL,ASO,ES,Combined TRACON& Tower with Radar,4,19,14,5,42,0,0,0,0,0,4,19,14,5,42,0,0,0,42
04/07/2014,MGM,AL,ASO,ES,Combined TRACON& Tower with Radar,0,28,16,14,58,0,2,0,0,2,0,30,16,14,60,0,0,0,60
04/08/2014,MGM,AL,ASO,ES,Combined TRACON& Tower with Radar,0,29,25,83,137,0,0,7,9,16,0,29,32,92,153,16,62,78,231
04/09/2014,MGM,AL,ASO,ES,Combined TRACON& Tower with Radar,0,28,21,75,124,0,1,18,10,29,0,29,39,85,153,0,92,92,245
04/10/2014,MGM,AL,ASO,ES,Combined TRACON& Tower with Radar,0,30,30,85,145,0,3,23,9,35,0,33,53,94,180,38,22,60,240
04/11/2014,MGM,AL,ASO,ES,Combined TRACON& Tower with Radar,0,29,25,60,114,0,5,27,10,42,0,34,52,70,156,32,6,38,194
04/12/2014,MGM,AL,ASO,ES,Combined TRACON& Tower with Radar,0,17,24,43,84,0,0,18,4,22,0,17,42,47,106,0,22,22,128
04/13/2014,MGM,AL,ASO,ES,Combined TRACON& Tower with Radar,0,25,22,24,71,0,0,8,14,22,0,25,30,38,93,8,0,8,101
04/14/2014,MGM,AL,ASO,ES,Combined TRACON& Tower with Radar,2,27,11,12,52,0,1,1,0,2,2,28,12,12,54,0,0,0,54
04/15/2014,MGM,AL,ASO,ES,Combined TRACON& Tower with Radar,0,27,14,104,145,0,12,2,10,24,0,39,16,114,169,24,72,96,265
04/16/2014,MGM,AL,ASO,ES,Combined TRACON& Tower with Radar,0,29,29,129,187,0,0,17,1,18,0,29,46,130,205,22,162,184,389
04/17/2014,MGM,AL,ASO,ES,Combined TRACON& Tower with Radar,0,30,29,100,159,0,0,6,14,20,0,30,35,114,179,42,14,56,235
04/18/2014,MGM,AL,ASO,ES,Combined TRACON& Tower with Radar,0,28,14,19,61,0,0,0,0,0,0,28,14,19,61,0,0,0,61
04/19/2014,MGM,AL,ASO,ES,Combined TRACON& Tower with Radar,0,15,8,11,34,0,2,8,0,10,0,17,16,11,44,0,0,0,44
04/20/2014,MGM,AL,ASO,ES,Combined TRACON& Tower with Radar,0,24,17,7,48,0,0,6,1,7,0,24,23,8,55,2,0,2,57
04/21/2014,MGM,AL,ASO,ES,Combined TRACON& Tower with Radar,0,28,34,49,111,0,2,23,1,26,0,30,57,50,137,38,0,38,175
04/22/2014,MGM,AL,ASO,ES,Combined TRACON& Tower with Radar,0,29,38,112,179,0,4,25,1,30,0,33,63,113,209,52,28,80,289
04/23/2014,MGM,AL,ASO,ES,Combined TRACON& Tower with Radar,0,32,38,44,114,0,3,32,5,40,0,35,70,49,154,44,0,44,198
04/24/2014,MGM,AL,ASO,ES,Combined TRACON& Tower with Radar,0,33,28,76,137,0,12,16,4,32,0,45,44,80,169,4,36,40,209
04/25/2014,MGM,AL,ASO,ES,Combined TRACON& Tower with Radar,0,34,26,109,169,0,5,24,7,36,0,39,50,116,205,56,26,82,287
04/26/2014,MGM,AL,ASO,ES,Combined TRACON& Tower with Radar,0,19,14,24,57,0,0,19,3,22,0,19,33,27,79,6,2,8,87
04/27/2014,MGM,AL,ASO,ES,Combined TRACON& Tower with Radar,0,30,16,12,58,0,0,4,0,4,0,30,20,12,62,0,0,0,62
04/28/2014,MGM,AL,ASO,ES,Combined TRACON& Tower with Radar,0,30,24,51,105,0,0,6,5,11,0,30,30,56,116,12,34,46,162
04/29/2014,MGM,AL,ASO,ES,Combined TRACON& Tower with Radar,1,28,14,23,66,0,0,3,4,7,1,28,17,27,73,0,36,36,109
04/30/2014,MGM,AL,ASO,ES,Combined TRACON& Tower with Radar,0,28,30,35,93,0,4,0,0,4,0,32,30,35,97,0,4,4,101
05/01/2014,MGM,AL,ASO,ES,Combined TRACON& Tower with Radar,1,32,30,68,131,0,6,23,11,40,1,38,53,79,171,16,82,98,269
05/02/2014,MGM,AL,ASO,ES,Combined TRACON& Tower with Radar,1,29,22,39,91,0,7,16,4,27,1,36,38,43,118,10,70,80,198
05/03/2014,MGM,AL,ASO,ES,Combined TRACON& Tower with Radar,2,16,15,10,43,0,2,13,5,20,2,18,28,15,63,14,0,14,77
05/04/2014,MGM,AL,ASO,ES,Combined TRACON& Tower with Radar,1,23,15,34,73,0,2,16,11,29,1,25,31,45,102,24,32,56,158
05/05/2014,MGM,AL,ASO,ES,Combined TRACON& Tower with Radar,1,28,27,42,98,0,5,20,1,26,1,33,47,43,124,0,10,10,134
05/06/2014,MGM,AL,ASO,ES,Combined TRACON& Tower with Radar,1,28,23,90,142,0,1,17,0,18,1,29,40,90,160,26,48,74,234
05/07/2014,MGM,AL,ASO,ES,Combined TRACON& Tower with Radar,2,27,21,93,143,0,1,20,8,29,2,28,41,101,172,2,86,88,260
05/08/2014,MGM,AL,ASO,ES,Combined TRACON& Tower with Radar,0,24,40,73,137,0,9,8,7,24,0,33,48,80,161,20,36,56,217
05/09/2014,MGM,AL,ASO,ES,Combined TRACON& Tower with Radar,1,30,35,38,104,0,2,1,0,3,1,32,36,38,107,0,0,0,107
05/10/2014,MGM,AL,ASO,ES,Combined TRACON& Tower with Radar,1,17,16,0,34,0,0,2,0,2,1,17,18,0,36,0,0,0,36
05/11/2014,MGM,AL,ASO,ES,Combined TRACON& Tower with Radar,1,29,13,26,69,0,0,1,0,1,1,29,14,26,70,0,0,0,70
05/12/2014,MGM,AL,ASO,ES,Combined TRACON& Tower with Radar,1,27,20,56,104,0,3,4,1,8,1,30,24,57,112,42,6,48,160
05/13/2014,MGM,AL,ASO,ES,Combined TRACON& Tower with Radar,1,29,40,69,139,0,6,19,6,31,1,35,59,75,170,10,40,50,220
05/14/2014,MGM,AL,ASO,ES,Combined TRACON& Tower with Radar,1,26,29,12,68,0,0,4,0,4,1,26,33,12,72,0,0,0,72
05/15/2014,MGM,AL,ASO,ES,Combined TRACON& Tower with Radar,1,29,38,77,145,0,11,16,12,39,1,40,54,89,184,28,31,59,243
05/16/2014,MGM,AL,ASO,ES,Combined TRACON& Tower with Radar,1,39,38,117,195,0,2,28,11,41,1,41,66,128,236,20,80,100,336
05/17/2014,MGM,AL,ASO,ES,Combined TRACON& Tower with Radar,2,15,15,17,49,0,1,19,9,29,2,16,34,26,78,16,0,16,94
05/18/2014,MGM,AL,ASO,ES,Combined TRACON& Tower with Radar,1,29,24,39,93,0,1,22,13,36,1,30,46,52,129,6,10,16,145
05/19/2014,MGM,AL,ASO,ES,Combined TRACON& Tower with Radar,1,28,29,49,107,0,2,13,3,18,1,30,42,52,125,24,2,26,151
05/20/2014,MGM,AL,ASO,ES,Combined TRACON& Tower with Radar,1,27,40,65,133,0,4,27,7,38,1,31,67,72,171,20,10,30,201
05/21/2014,MGM,AL,ASO,ES,Combined TRACON& Tower with Radar,2,32,34,94,162,0,2,22,9,33,2,34,56,103,195,26,32,58,253
05/22/2014,MGM,AL,ASO,ES,Combined TRACON& Tower with Radar,4,33,24,30,91,0,7,17,6,30,4,40,41,36,121,12,34,46,167
05/23/2014,MGM,AL,ASO,ES,Combined TRACON& Tower with Radar,1,28,23,1,53,0,4,23,1,28,1,32,46,2,81,30,0,30,111
05/24/2014,MGM,AL,ASO,ES,Combined TRACON& Tower with Radar,1,14,16,9,40,0,0,2,1,3,1,14,18,10,43,16,0,16,59
05/25/2014,MGM,AL,ASO,ES,Combined TRACON& Tower with Radar,0,18,7,0,25,0,0,4,1,5,0,18,11,1,30,0,0,0,30
05/26/2014,MGM,AL,ASO,ES,Combined TRACON& Tower with Radar,0,27,12,0,39,0,6,15,0,21,0,33,27,0,60,4,0,4,64
05/27/2014,MGM,AL,ASO,ES,Combined TRACON& Tower with Radar,1,29,31,21,82,0,1,12,0,13,1,30,43,21,95,4,8,12,107
05/28/2014,MGM,AL,ASO,ES,Combined TRACON& Tower with Radar,1,23,18,33,75,0,14,4,0,18,1,37,22,33,93,56,0,56,149
05/29/2014,MGM,AL,ASO,ES,Combined TRACON& Tower with Radar,1,25,30,42,98,0,2,3,9,14,1,27,33,51,112,8,18,26,138
05/30/2014,MGM,AL,ASO,ES,Combined TRACON& Tower with Radar,1,22,18,104,145,0,3,13,14,30,1,25,31,118,175,38,0,38,213
05/31/2014,MGM,AL,ASO,ES,Combined TRACON& Tower with Radar,4,12,9,6,31,0,2,5,3,10,4,14,14,9,41,80,0,80,121
06/01/2014,MGM,AL,ASO,ES,Combined TRACON& Tower with Radar,1,22,10,11,44,0,0,5,6,11,1,22,15,17,55,0,0,0,55
06/02/2014,MGM,AL,ASO,ES,Combined TRACON& Tower with Radar,1,27,13,136,177,0,1,5,4,10,1,28,18,140,187,16,32,48,235
06/03/2014,MGM,AL,ASO,ES,Combined TRACON& Tower with Radar,1,28,21,159,209,0,2,15,1,18,1,30,36,160,227,18,22,40,267
06/04/2014,MGM,AL,ASO,ES,Combined TRACON& Tower with Radar,0,31,37,76,144,0,8,19,4,31,0,39,56,80,175,54,0,54,229
06/05/2014,MGM,AL,ASO,ES,Combined TRACON& Tower with Radar,5,27,28,83,143,0,4,17,8,29,5,31,45,91,172,56,20,76,248
06/06/2014,MGM,AL,ASO,ES,Combined TRACON& Tower with Radar,1,18,30,42,91,0,5,16,8,29,1,23,46,50,120,14,80,94,214
06/07/2014,MGM,AL,ASO,ES,Combined TRACON& Tower with Radar,2,14,22,22,60,0,0,7,11,18,2,14,29,33,78,6,6,12,90
06/08/2014,MGM,AL,ASO,ES,Combined TRACON& Tower with Radar,1,20,14,19,54,0,0,12,8,20,1,20,26,27,74,16,12,28,102
06/09/2014,MGM,AL,ASO,ES,Combined TRACON& Tower with Radar,2,24,31,55,112,0,4,6,2,12,2,28,37,57,124,4,36,40,164
06/10/2014,MGM,AL,ASO,ES,Combined TRACON& Tower with Radar,4,23,29,36,92,0,2,6,1,9,4,25,35,37,101,26,6,32,133
06/11/2014,MGM,AL,ASO,ES,Combined TRACON& Tower with Radar,5,29,22,42,98,0,1,17,5,23,5,30,39,47,121,12,8,20,141
06/12/2014,MGM,AL,ASO,ES,Combined TRACON& Tower with Radar,6,25,47,38,116,0,2,29,5,36,6,27,76,43,152,52,122,174,326
06/13/2014,MGM,AL,ASO,ES,Combined TRACON& Tower with Radar,5,27,24,54,110,0,6,25,9,40,5,33,49,63,150,12,50,62,212
06/14/2014,MGM,AL,ASO,ES,Combined TRACON& Tower with Radar,1,15,17,17,50,0,2,28,1,31,1,17,45,18,81,54,0,54,135
06/15/2014,MGM,AL,ASO,ES,Combined TRACON& Tower with Radar,6,19,21,49,95,0,3,16,4,23,6,22,37,53,118,4,16,20,138
06/16/2014,MGM,AL,ASO,ES,Combined TRACON& Tower with Radar,2,24,21,43,90,0,7,13,3,23,2,31,34,46,113,40,2,42,155
06/17/2014,MGM,AL,ASO,ES,Combined TRACON& Tower with Radar,2,23,28,74,127,0,4,18,1,23,2,27,46,75,150,26,66,92,242
06/18/2014,MGM,AL,ASO,ES,Combined TRACON& Tower with Radar,2,24,32,64,122,0,6,23,3,32,2,30,55,67,154,8,22,30,184
06/19/2014,MGM,AL,ASO,ES,Combined TRACON& Tower with Radar,2,23,40,114,179,0,5,18,13,36,2,28,58,127,215,28,36,64,279
06/20/2014,MGM,AL,ASO,ES,Combined TRACON& Tower with Radar,4,25,20,92,141,0,3,18,23,44,4,28,38,115,185,0,67,67,252
06/21/2014,MGM,AL,ASO,ES,Combined TRACON& Tower with Radar,6,16,12,14,48,0,3,12,3,18,6,19,24,17,66,22,36,58,124
06/22/2014,MGM,AL,ASO,ES,Combined TRACON& Tower with Radar,2,22,13,28,65,0,0,13,4,17,2,22,26,32,82,0,0,0,82
06/23/2014,MGM,AL,ASO,ES,Combined TRACON& Tower with Radar,3,22,34,62,121,0,2,11,4,17,3,24,45,66,138,6,30,36,174
06/24/2014,MGM,AL,ASO,ES,Combined TRACON& Tower with Radar,7,24,39,88,158,0,2,9,0,11,7,26,48,88,169,6,166,172,341
06/25/2014,MGM,AL,ASO,ES,Combined TRACON& Tower with Radar,7,18,43,111,179,0,1,17,4,22,7,19,60,115,201,62,50,112,313
06/26/2014,MGM,AL,ASO,ES,Combined TRACON& Tower with Radar,8,25,27,79,139,0,3,11,27,41,8,28,38,106,180,44,70,114,294
06/27/2014,MGM,AL,ASO,ES,Combined TRACON& Tower with Radar,5,28,24,133,190,0,11,22,7,40,5,39,46,140,230,18,174,192,422
06/28/2014,MGM,AL,ASO,ES,Combined TRACON& Tower with Radar,2,16,15,2,35,0,1,19,5,25,2,17,34,7,60,24,6,30,90
06/29/2014,MGM,AL,ASO,ES,Combined TRACON& Tower with Radar,0,25,19,11,55,0,0,5,0,5,0,25,24,11,60,8,12,20,80
06/30/2014,MGM,AL,ASO,ES,Combined TRACON& Tower with Radar,0,23,25,44,92,0,4,19,6,29,0,27,44,50,121,12,8,20,141
07/01/2014,MGM,AL,ASO,ES,Combined TRACON& Tower with Radar,2,28,17,59,106,0,1,20,20,41,2,29,37,79,147,6,52,58,205
07/02/2014,MGM,AL,ASO,ES,Combined TRACON& Tower with Radar,2,21,25,56,104,0,0,23,3,26,2,21,48,59,130,58,150,208,338
07/03/2014,MGM,AL,ASO,ES,Combined TRACON& Tower with Radar,6,19,36,44,105,0,3,31,0,34,6,22,67,44,139,14,0,14,153
07/04/2014,MGM,AL,ASO,ES,Combined TRACON& Tower with Radar,3,18,10,0,31,0,2,17,0,19,3,20,27,0,50,12,0,12,62
07/05/2014,MGM,AL,ASO,ES,Combined TRACON& Tower with Radar,0,14,14,0,28,0,4,12,0,16,0,18,26,0,44,14,0,14,58
07/06/2014,MGM,AL,ASO,ES,Combined TRACON& Tower with Radar,5,21,19,0,45,0,9,3,0,12,5,30,22,0,57,4,0,4,61
07/07/2014,MGM,AL,ASO,ES,Combined TRACON& Tower with Radar,6,21,25,49,101,0,3,24,5,32,6,24,49,54,133,4,6,10,143
07/08/2014,MGM,AL,ASO,ES,Combined TRACON& Tower with Radar,6,20,14,131,171,0,5,25,14,44,6,25,39,145,215,8,72,80,295
07/09/2014,MGM,AL,ASO,ES,Combined TRACON& Tower with Radar,4,26,31,57,118,0,2,14,5,21,4,28,45,62,139,8,38,46,185
07/10/2014,MGM,AL,ASO,ES,Combined TRACON& Tower with Radar,6,18,39,19,82,0,2,10,12,24,6,20,49,31,106,6,9,15,121
07/11/2014,MGM,AL,ASO,ES,Combined TRACON& Tower with Radar,3,30,28,98,159,0,15,12,15,42,3,45,40,113,201,0,14,14,215
07/12/2014,MGM,AL,ASO,ES,Combined TRACON& Tower with Radar,0,17,22,13,52,0,3,15,3,21,0,20,37,16,73,18,32,50,123
07/13/2014,MGM,AL,ASO,ES,Combined TRACON& Tower with Radar,5,18,15,41,79,0,0,10,12,22,5,18,25,53,101,12,22,34,135
07/14/2014,MGM,AL,ASO,ES,Combined TRACON& Tower with Radar,8,22,23,80,133,0,2,19,2,23,8,24,42,82,156,14,24,38,194
07/15/2014,MGM,AL,ASO,ES,Combined TRACON& Tower with Radar,6,18,20,36,80,0,2,5,2,9,6,20,25,38,89,0,2,2,91
07/16/2014,MGM,AL,ASO,ES,Combined TRACON& Tower with Radar,4,27,47,80,158,0,5,24,5,34,4,32,71,85,192,22,52,74,266
07/17/2014,MGM,AL,ASO,ES,Combined TRACON& Tower with Radar,6,28,34,77,145,0,3,26,16,45,6,31,60,93,190,20,73,93,283
07/18/2014,MGM,AL,ASO,ES,Combined TRACON& Tower with Radar,7,23,37,81,148,0,1,14,24,39,7,24,51,105,187,120,108,228,415
07/19/2014,MGM,AL,ASO,ES,Combined TRACON& Tower with Radar,0,18,19,1,38,0,0,2,2,4,0,18,21,3,42,0,24,24,66
07/20/2014,MGM,AL,ASO,ES,Combined TRACON& Tower with Radar,5,20,10,35,70,0,0,9,13,22,5,20,19,48,92,0,0,0,92
07/21/2014,MGM,AL,ASO,ES,Combined TRACON& Tower with Radar,5,21,27,33,86,0,6,5,4,15,5,27,32,37,101,4,0,4,105
07/22/2014,MGM,AL,ASO,ES,Combined TRACON& Tower with Radar,5,22,23,2,52,0,6,7,3,16,5,28,30,5,68,0,0,0,68
07/23/2014,MGM,AL,ASO,ES,Combined TRACON& Tower with Radar,4,24,37,95,160,0,22,11,11,44,4,46,48,106,204,0,24,24,228
07/24/2014,MGM,AL,ASO,ES,Combined TRACON& Tower with Radar,2,28,27,48,105,0,7,4,12,23,2,35,31,60,128,4,64,68,196
07/25/2014,MGM,AL,ASO,ES,Combined TRACON& Tower with Radar,5,28,25,54,112,0,4,6,16,26,5,32,31,70,138,2,0,2,140
07/26/2014,MGM,AL,ASO,ES,Combined TRACON& Tower with Radar,0,19,14,19,52,0,3,9,0,12,0,22,23,19,64,12,0,12,76
07/27/2014,MGM,AL,ASO,ES,Combined TRACON& Tower with Radar,4,19,11,66,100,0,0,9,4,13,4,19,20,70,113,0,0,0,113
07/28/2014,MGM,AL,ASO,ES,Combined TRACON& Tower with Radar,5,21,27,65,118,0,2,6,2,10,5,23,33,67,128,50,14,64,192
07/29/2014,MGM,AL,ASO,ES,Combined TRACON& Tower with Radar,9,31,23,70,133,0,1,7,3,11,9,32,30,73,144,0,44,44,188
07/30/2014,MGM,AL,ASO,ES,Combined TRACON& Tower with Radar,3,21,37,49,110,0,3,20,5,28,3,24,57,54,138,62,10,72,210
07/31/2014,MGM,AL,ASO,ES,Combined TRACON& Tower with Radar,6,19,25,95,145,0,7,12,6,25,6,26,37,101,170,32,52,84,254
08/01/2014,MGM,AL,ASO,ES,Combined TRACON& Tower with Radar,5,20,24,85,134,0,1,4,10,15,5,21,28,95,149,32,54,86,235
08/02/2014,MGM,AL,ASO,ES,Combined TRACON& Tower with Radar,0,17,14,3,34,0,0,27,3,30,0,17,41,6,64,26,30,56,120
08/03/2014,MGM,AL,ASO,ES,Combined TRACON& Tower with Radar,3,22,16,52,93,0,1,15,11,27,3,23,31,63,120,24,28,52,172
08/04/2014,MGM,AL,ASO,ES,Combined TRACON& Tower with Radar,6,19,18,85,128,0,3,11,0,14,6,22,29,85,142,16,2,18,160
08/05/2014,MGM,AL,ASO,ES,Combined TRACON& Tower with Radar,6,18,33,55,112,0,12,12,2,26,6,30,45,57,138,16,100,116,254
08/06/2014,MGM,AL,ASO,ES,Combined TRACON& Tower with Radar,4,22,37,37,100,0,4,30,7,41,4,26,67,44,141,92,58,150,291
08/07/2014,MGM,AL,ASO,ES,Combined TRACON& Tower with Radar,6,25,21,49,101,0,1,8,17,26,6,26,29,66,127,60,30,90,217
08/08/2014,MGM,AL,ASO,ES,Combined TRACON& Tower with Radar,3,22,23,56,104,0,2,8,14,24,3,24,31,70,128,40,66,106,234
08/09/2014,MGM,AL,ASO,ES,Combined TRACON& Tower with Radar,2,17,15,7,41,0,1,15,0,16,2,18,30,7,57,36,0,36,93
08/10/2014,MGM,AL,ASO,ES,Combined TRACON& Tower with Radar,5,17,12,50,84,0,0,5,2,7,5,17,17,52,91,6,0,6,97
08/11/2014,MGM,AL,ASO,ES,Combined TRACON& Tower with Radar,6,18,31,28,83,0,5,12,0,17,6,23,43,28,100,64,36,100,200
08/12/2014,MGM,AL,ASO,ES,Combined TRACON& Tower with Radar,6,22,28,54,110,0,0,4,1,5,6,22,32,55,115,0,26,26,141
08/13/2014,MGM,AL,ASO,ES,Combined TRACON& Tower with Radar,4,19,22,64,109,0,5,29,8,42,4,24,51,72,151,42,20,62,213
08/14/2014,MGM,AL,ASO,ES,Combined TRACON& Tower with Radar,6,20,28,76,130,0,15,13,4,32,6,35,41,80,162,48,64,112,274
08/15/2014,MGM,AL,ASO,ES,Combined TRACON& Tower with Radar,5,18,23,73,119,0,4,31,3,38,5,22,54,76,157,82,10,92,249
08/16/2014,MGM,AL,ASO,ES,Combined TRACON& Tower with Radar,0,20,5,12,37,0,0,25,0,25,0,20,30,12,62,18,0,18,80
08/17/2014,MGM,AL,ASO,ES,Combined TRACON& Tower with Radar,5,16,15,27,63,0,5,4,3,12,5,21,19,30,75,82,0,82,157
08/18/2014,MGM,AL,ASO,ES,Combined TRACON& Tower with Radar,7,23,16,24,70,0,1,3,1,5,7,24,19,25,75,10,6,16,91
08/19/2014,MGM,AL,ASO,ES,Combined TRACON& Tower with Radar,4,28,24,30,86,0,4,3,6,13,4,32,27,36,99,8,6,14,113
08/20/2014,MGM,AL,ASO,ES,Combined TRACON& Tower with Radar,4,30,21,42,97,0,12,13,9,34,4,42,34,51,131,36,112,148,279
08/21/2014,MGM,AL,ASO,ES,Combined TRACON& Tower with Radar,4,36,28,66,134,0,6,18,13,37,4,42,46,79,171,36,32,68,239
08/22/2014,MGM,AL,ASO,ES,Combined TRACON& Tower with Radar,6,30,21,43,100,0,3,13,6,22,6,33,34,49,122,4,20,24,146
08/23/2014,MGM,AL,ASO,ES,Combined TRACON& Tower with Radar,2,14,15,8,39,0,1,17,2,20,2,15,32,10,59,36,0,36,95
08/24/2014,MGM,AL,ASO,ES,Combined TRACON& Tower with Radar,4,22,11,23,60,0,1,11,2,14,4,23,22,25,74,22,8,30,104
08/25/2014,MGM,AL,ASO,ES,Combined TRACON& Tower with Radar,4,25,23,86,138,0,0,17,4,21,4,25,40,90,159,16,22,38,197
08/26/2014,MGM,AL,ASO,ES,Combined TRACON& Tower with Radar,4,26,28,132,190,0,1,18,2,21,4,27,46,134,211,12,72,84,295
08/27/2014,MGM,AL,ASO,ES,Combined TRACON& Tower with Radar,4,25,24,140,193,0,15,15,3,33,4,40,39,143,226,76,58,134,360
08/28/2014,MGM,AL,ASO,ES,Combined TRACON& Tower with Radar,4,26,27,125,182,0,4,17,5,26,4,30,44,130,208,8,34,42,250
08/29/2014,MGM,AL,ASO,ES,Combined TRACON& Tower with Radar,8,21,29,12,70,0,3,39,0,42,8,24,68,12,112,38,14,52,164
08/30/2014,MGM,AL,ASO,ES,Combined TRACON& Tower with Radar,2,12,12,0,26,0,0,3,0,3,2,12,15,0,29,0,0,0,29
08/31/2014,MGM,AL,ASO,ES,Combined TRACON& Tower with Radar,4,16,8,2,30,0,1,7,0,8,4,17,15,2,38,24,0,24,62
09/01/2014,MGM,AL,ASO,ES,Combined TRACON& Tower with Radar,3,22,16,0,41,0,1,11,0,12,3,23,27,0,53,10,0,10,63
09/02/2014,MGM,AL,ASO,ES,Combined TRACON& Tower with Radar,1,28,11,52,92,0,3,8,3,14,1,31,19,55,106,0,30,30,136
09/03/2014,MGM,AL,ASO,ES,Combined TRACON& Tower with Radar,2,28,22,57,109,0,7,5,13,25,2,35,27,70,134,14,58,72,206
09/04/2014,MGM,AL,ASO,ES,Combined TRACON& Tower with Radar,0,28,23,15,66,0,1,2,5,8,0,29,25,20,74,60,34,94,168
09/05/2014,MGM,AL,ASO,ES,Combined TRACON& Tower with Radar,2,30,29,101,162,0,4,21,7,32,2,34,50,108,194,44,48,92,286
09/06/2014,MGM,AL,ASO,ES,Combined TRACON& Tower with Radar,1,16,10,13,40,0,4,15,0,19,1,20,25,13,59,50,28,78,137
09/07/2014,MGM,AL,ASO,ES,Combined TRACON& Tower with Radar,0,22,17,48,87,0,0,9,4,13,0,22,26,52,100,2,10,12,112
09/08/2014,MGM,AL,ASO,ES,Combined TRACON& Tower with Radar,0,29,26,40,95,0,0,4,1,5,0,29,30,41,100,36,4,40,140
09/09/2014,MGM,AL,ASO,ES,Combined TRACON& Tower with Radar,0,29,35,143,207,0,7,7,6,20,0,36,42,149,227,34,58,92,319
09/10/2014,MGM,AL,ASO,ES,Combined TRACON& Tower with Radar,0,29,38,101,168,0,8,18,10,36,0,37,56,111,204,8,24,32,236
09/11/2014,MGM,AL,ASO,ES,Combined TRACON& Tower with Radar,0,26,36,96,158,0,1,22,15,38,0,27,58,111,196,30,74,104,300
09/12/2014,MGM,AL,ASO,ES,Combined TRACON& Tower with Radar,2,27,22,61,112,0,0,27,5,32,2,27,49,66,144,68,88,156,300
09/13/2014,MGM,AL,ASO,ES,Combined TRACON& Tower with Radar,1,14,10,13,38,0,0,2,0,2,1,14,12,13,40,0,0,0,40
09/14/2014,MGM,AL,ASO,ES,Combined TRACON& Tower with Radar,0,23,20,24,67,0,1,19,0,20,0,24,39,24,87,82,0,82,169
09/15/2014,MGM,AL,ASO,ES,Combined TRACON& Tower with Radar,4,32,29,69,134,0,6,6,0,12,4,38,35,69,146,52,16,68,214
09/16/2014,MGM,AL,ASO,ES,Combined TRACON& Tower with Radar,0,28,32,16,76,0,5,13,5,23,0,33,45,21,99,34,30,64,163
09/17/2014,MGM,AL,ASO,ES,Combined TRACON& Tower with Radar,0,29,31,58,118,0,6,13,11,30,0,35,44,69,148,16,83,99,247
09/18/2014,MGM,AL,ASO,ES,Combined TRACON& Tower with Radar,0,32,25,84,141,0,5,20,21,46,0,37,45,105,187,4,123,127,314
09/19/2014,MGM,AL,ASO,ES,Combined TRACON& Tower with Radar,0,30,23,96,149,0,3,22,29,54,0,33,45,125,203,92,120,212,415
09/20/2014,MGM,AL,ASO,ES,Combined TRACON& Tower with Radar,0,15,25,9,49,0,1,19,10,30,0,16,44,19,79,86,0,86,165
09/21/2014,MGM,AL,ASO,ES,Combined TRACON& Tower with Radar,2,27,30,55,114,0,0,13,20,33,2,27,43,75,147,40,2,42,189
09/22/2014,MGM,AL,ASO,ES,Combined TRACON& Tower with Radar,0,30,30,53,113,0,0,18,8,26,0,30,48,61,139,2,26,28,167
09/23/2014,MGM,AL,ASO,ES,Combined TRACON& Tower with Radar,0,31,45,88,164,0,5,19,2,26,0,36,64,90,190,174,68,242,432
09/24/2014,MGM,AL,ASO,ES,Combined TRACON& Tower with Radar,0,29,44,111,184,0,1,20,9,30,0,30,64,120,214,26,78,104,318
09/25/2014,MGM,AL,ASO,ES,Combined TRACON& Tower with Radar,0,30,46,95,171,0,5,12,2,19,0,35,58,97,190,14,82,96,286
09/26/2014,MGM,AL,ASO,ES,Combined TRACON& Tower with Radar,0,24,23,86,133,0,3,10,11,24,0,27,33,97,157,0,46,46,203
09/27/2014,MGM,AL,ASO,ES,Combined TRACON& Tower with Radar,0,18,20,4,42,0,0,4,9,13,0,18,24,13,55,6,3,9,64
09/28/2014,MGM,AL,ASO,ES,Combined TRACON& Tower with Radar,0,24,20,77,121,0,0,2,7,9,0,24,22,84,130,0,22,22,152
09/29/2014,MGM,AL,ASO,ES,Combined TRACON& Tower with Radar,0,27,34,68,129,0,3,15,0,18,0,30,49,68,147,62,26,88,235
09/30/2014,MGM,AL,ASO,ES,Combined TRACON& Tower with Radar,0,27,34,77,138,0,1,7,4,12,0,28,41,81,150,34,20,54,204
10/01/2014,MGM,AL,ASO,ES,Combined TRACON& Tower with Radar,4,24,38,64,130,0,5,22,7,34,4,29,60,71,164,68,66,134,298
10/02/2014,MGM,AL,ASO,ES,Combined TRACON& Tower with Radar,4,24,50,106,184,0,5,9,7,21,4,29,59,113,205,64,84,148,353
10/03/2014,MGM,AL,ASO,ES,Combined TRACON& Tower with Radar,7,17,22,93,139,0,6,15,13,34,7,23,37,106,173,18,30,48,221
10/04/2014,MGM,AL,ASO,ES,Combined TRACON& Tower with Radar,6,13,20,17,56,0,5,28,3,36,6,18,48,20,92,0,0,0,92
10/05/2014,MGM,AL,ASO,ES,Combined TRACON& Tower with Radar,2,25,24,53,104,0,10,40,10,60,2,35,64,63,164,32,18,50,214
10/06/2014,MGM,AL,ASO,ES,Combined TRACON& Tower with Radar,2,30,20,127,179,0,1,14,10,25,2,31,34,137,204,38,150,188,392
10/07/2014,MGM,AL,ASO,ES,Combined TRACON& Tower with Radar,4,26,32,67,129,0,2,14,3,19,4,28,46,70,148,26,98,124,272
10/08/2014,MGM,AL,ASO,ES,Combined TRACON& Tower with Radar,4,26,29,48,107,0,10,19,5,34,4,36,48,53,141,56,32,88,229
10/09/2014,MGM,AL,ASO,ES,Combined TRACON& Tower with Radar,4,24,21,72,121,0,2,15,7,24,4,26,36,79,145,0,54,54,199
10/10/2014,MGM,AL,ASO,ES,Combined TRACON& Tower with Radar,7,25,25,27,84,0,2,24,0,26,7,27,49,27,110,12,28,40,150
10/11/2014,MGM,AL,ASO,ES,Combined TRACON& Tower with Radar,6,11,27,0,44,0,1,5,0,6,6,12,32,0,50,14,0,14,64
10/12/2014,MGM,AL,ASO,ES,Combined TRACON& Tower with Radar,2,22,18,11,53,0,2,12,0,14,2,24,30,11,67,8,1,9,76
10/13/2014,MGM,AL,ASO,ES,Combined TRACON& Tower with Radar,2,20,12,0,34,0,1,10,0,11,2,21,22,0,45,6,0,6,51
10/14/2014,MGM,AL,ASO,ES,Combined TRACON& Tower with Radar,4,24,22,48,98,0,5,6,2,13,4,29,28,50,111,14,48,62,173
10/15/2014,MGM,AL,ASO,ES,Combined TRACON& Tower with Radar,4,22,28,109,163,0,5,24,6,35,4,27,52,115,198,0,80,80,278
10/16/2014,MGM,AL,ASO,ES,Combined TRACON& Tower with Radar,4,28,31,49,112,0,3,18,13,34,4,31,49,62,146,10,110,120,266
10/17/2014,MGM,AL,ASO,ES,Combined TRACON& Tower with Radar,4,25,24,131,184,0,3,15,17,35,4,28,39,148,219,8,92,100,319
10/18/2014,MGM,AL,ASO,ES,Combined TRACON& Tower with Radar,4,14,23,19,60,0,2,19,10,31,4,16,42,29,91,34,10,44,135
10/19/2014,MGM,AL,ASO,ES,Combined TRACON& Tower with Radar,2,28,18,73,121,0,2,24,13,39,2,30,42,86,160,0,2,2,162
10/20/2014,MGM,AL,ASO,ES,Combined TRACON& Tower with Radar,2,27,29,94,152,0,3,19,5,27,2,30,48,99,179,16,30,46,225
10/21/2014,MGM,AL,ASO,ES,Combined TRACON& Tower with Radar,4,24,35,90,153,0,0,18,3,21,4,24,53,93,174,36,32,68,242
10/22/2014,MGM,AL,ASO,ES,Combined TRACON& Tower with Radar,4,26,21,44,95,0,1,23,2,26,4,27,44,46,121,6,8,14,135
10/23/2014,MGM,AL,ASO,ES,Combined TRACON& Tower with Radar,2,30,46,47,125,0,1,21,18,40,2,31,67,65,165,32,30,62,227
10/24/2014,MGM,AL,ASO,ES,Combined TRACON& Tower with Radar,6,24,22,189,241,0,4,27,10,41,6,28,49,199,282,36,44,80,362
10/25/2014,MGM,AL,ASO,ES,Combined TRACON& Tower with Radar,4,12,10,16,42,0,2,14,0,16,4,14,24,16,58,42,0,42,100
10/26/2014,MGM,AL,ASO,ES,Combined TRACON& Tower with Radar,0,25,31,37,93,0,6,43,3,52,0,31,74,40,145,24,0,24,169
10/27/2014,MGM,AL,ASO,ES,Combined TRACON& Tower with Radar,2,30,29,71,132,0,12,21,1,34,2,42,50,72,166,44,8,52,218
10/28/2014,MGM,AL,ASO,ES,Combined TRACON& Tower with Radar,2,30,18,72,122,0,1,19,8,28,2,31,37,80,150,56,56,112,262
10/29/2014,MGM,AL,ASO,ES,Combined TRACON& Tower with Radar,2,27,20,20,69,0,0,5,3,8,2,27,25,23,77,70,22,92,169
10/30/2014,MGM,AL,ASO,ES,Combined TRACON& Tower with Radar,2,25,39,90,156,0,0,18,18,36,2,25,57,108,192,54,106,160,352
10/31/2014,MGM,AL,ASO,ES,Combined TRACON& Tower with Radar,2,26,21,77,126,0,6,20,12,38,2,32,41,89,164,16,30,46,210
11/01/2014,MGM,AL,ASO,ES,Combined TRACON& Tower with Radar,4,12,19,15,50,0,2,18,11,31,4,14,37,26,81,44,46,90,171
11/02/2014,MGM,AL,ASO,ES,Combined TRACON& Tower with Radar,0,29,17,30,76,0,1,25,6,32,0,30,42,36,108,18,0,18,126
11/03/2014,MGM,AL,ASO,ES,Combined TRACON& Tower with Radar,0,29,20,50,99,0,4,16,12,32,0,33,36,62,131,12,47,59,190
11/04/2014,MGM,AL,ASO,ES,Combined TRACON& Tower with Radar,0,24,34,48,106,0,3,23,2,28,0,27,57,50,134,46,2,48,182
11/05/2014,MGM,AL,ASO,ES,Combined TRACON& Tower with Radar,0,26,15,94,135,0,3,11,9,23,0,29,26,103,158,50,78,128,286
11/06/2014,MGM,AL,ASO,ES,Combined TRACON& Tower with Radar,0,27,10,46,83,0,2,9,8,19,0,29,19,54,102,32,32,64,166
11/07/2014,MGM,AL,ASO,ES,Combined TRACON& Tower with Radar,6,33,25,105,169,0,7,25,7,39,6,40,50,112,208,20,18,38,246
11/08/2014,MGM,AL,ASO,ES,Combined TRACON& Tower with Radar,2,19,15,25,61,0,0,15,2,17,2,19,30,27,78,4,0,4,82
11/09/2014,MGM,AL,ASO,ES,Combined TRACON& Tower with Radar,5,31,16,25,77,0,2,15,5,22,5,33,31,30,99,2,0,2,101
11/10/2014,MGM,AL,ASO,ES,Combined TRACON& Tower with Radar,0,29,31,50,110,0,11,16,1,28,0,40,47,51,138,6,0,6,144
11/11/2014,MGM,AL,ASO,ES,Combined TRACON& Tower with Radar,0,29,26,7,62,0,1,33,7,41,0,30,59,14,103,28,37,65,168
11/12/2014,MGM,AL,ASO,ES,Combined TRACON& Tower with Radar,0,30,40,78,148,0,18,5,2,25,0,48,45,80,173,6,8,14,187
11/13/2014,MGM,AL,ASO,ES,Combined TRACON& Tower with Radar,0,35,24,37,96,0,2,5,13,20,0,37,29,50,116,4,14,18,134
11/14/2014,MGM,AL,ASO,ES,Combined TRACON& Tower with Radar,0,33,39,70,142,0,14,18,11,43,0,47,57,81,185,28,23,51,236
11/15/2014,MGM,AL,ASO,ES,Combined TRACON& Tower with Radar,2,19,15,20,56,0,0,14,4,18,2,19,29,24,74,6,9,15,89
11/16/2014,MGM,AL,ASO,ES,Combined TRACON& Tower with Radar,0,26,19,13,58,0,3,2,4,9,0,29,21,17,67,6,0,6,73
11/17/2014,MGM,AL,ASO,ES,Combined TRACON& Tower with Radar,1,34,19,25,79,0,4,5,0,9,1,38,24,25,88,46,44,90,178
11/18/2014,MGM,AL,ASO,ES,Combined TRACON& Tower with Radar,0,31,41,62,134,0,8,11,2,21,0,39,52,64,155,26,68,94,249
11/19/2014,MGM,AL,ASO,ES,Combined TRACON& Tower with Radar,0,32,46,75,153,0,4,32,8,44,0,36,78,83,197,4,54,58,255
11/20/2014,MGM,AL,ASO,ES,Combined TRACON& Tower with Radar,2,29,35,76,142,0,7,28,11,46,2,36,63,87,188,42,38,80,268
11/21/2014,MGM,AL,ASO,ES,Combined TRACON& Tower with Radar,2,39,42,111,194,0,6,20,9,35,2,45,62,120,229,20,42,62,291
11/22/2014,MGM,AL,ASO,ES,Combined TRACON& Tower with Radar,0,17,18,39,74,0,1,10,5,16,0,18,28,44,90,0,10,10,100
11/23/2014,MGM,AL,ASO,ES,Combined TRACON& Tower with Radar,0,22,10,3,35,0,0,0,0,0,0,22,10,3,35,0,0,0,35
11/24/2014,MGM,AL,ASO,ES,Combined TRACON& Tower with Radar,0,22,14,64,100,0,0,16,11,27,0,22,30,75,127,112,36,148,275
11/25/2014,MGM,AL,ASO,ES,Combined TRACON& Tower with Radar,4,27,18,105,154,0,11,13,3,27,4,38,31,108,181,16,44,60,241
11/26/2014,MGM,AL,ASO,ES,Combined TRACON& Tower with Radar,1,24,25,10,60,0,1,18,0,19,1,25,43,10,79,16,0,16,95
11/27/2014,MGM,AL,ASO,ES,Combined TRACON& Tower with Radar,0,14,10,0,24,0,2,12,0,14,0,16,22,0,38,0,0,0,38
11/28/2014,MGM,AL,ASO,ES,Combined TRACON& Tower with Radar,0,18,18,0,36,0,0,11,0,11,0,18,29,0,47,6,0,6,53
11/29/2014,MGM,AL,ASO,ES,Combined TRACON& Tower with Radar,0,24,20,0,44,0,0,10,0,10,0,24,30,0,54,6,0,6,60
11/30/2014,MGM,AL,ASO,ES,Combined TRACON& Tower with Radar,0,26,30,0,56,0,0,4,0,4,0,26,34,0,60,1,0,1,61
12/01/2014,MGM,AL,ASO,ES,Combined TRACON& Tower with Radar,0,27,28,22,77,0,3,8,1,12,0,30,36,23,89,12,12,24,113
12/02/2014,MGM,AL,ASO,ES,Combined TRACON& Tower with Radar,0,29,22,123,174,0,4,5,16,25,0,33,27,139,199,2,146,148,347
12/03/2014,MGM,AL,ASO,ES,Combined TRACON& Tower with Radar,0,31,30,88,149,0,6,19,13,38,0,37,49,101,187,4,96,100,287
12/04/2014,MGM,AL,ASO,ES,Combined TRACON& Tower with Radar,0,31,21,82,134,0,12,23,14,49,0,43,44,96,183,84,90,174,357
12/05/2014,MGM,AL,ASO,ES,Combined TRACON& Tower with Radar,0,33,22,115,170,0,14,5,23,42,0,47,27,138,212,88,214,302,514
12/06/2014,MGM,AL,ASO,ES,Combined TRACON& Tower with Radar,0,16,9,23,48,0,0,0,3,3,0,16,9,26,51,0,20,20,71
12/07/2014,MGM,AL,ASO,ES,Combined TRACON& Tower with Radar,0,27,16,44,87,0,6,19,2,27,0,33,35,46,114,4,26,30,144
12/08/2014,MGM,AL,ASO,ES,Combined TRACON& Tower with Radar,0,27,32,49,108,0,5,7,2,14,0,32,39,51,122,40,50,90,212
12/09/2014,MGM,AL,ASO,ES,Combined TRACON& Tower with Radar,6,27,19,98,150,0,4,15,12,31,6,31,34,110,181,24,52,76,257
12/10/2014,MGM,AL,ASO,ES,Combined TRACON& Tower with Radar,10,26,38,100,174,0,4,13,8,25,10,30,51,108,199,56,118,174,373
12/11/2014,MGM,AL,ASO,ES,Combined TRACON& Tower with Radar,12,27,25,78,142,0,5,13,18,36,12,32,38,96,178,0,54,54,232
12/12/2014,MGM,AL,ASO,ES,Combined TRACON& Tower with Radar,10,26,18,62,116,0,1,15,13,29,10,27,33,75,145,10,30,40,185
12/13/2014,MGM,AL,ASO,ES,Combined TRACON& Tower with Radar,1,19,16,9,45,0,2,14,1,17,1,21,30,10,62,2,7,9,71
12/14/2014,MGM,AL,ASO,ES,Combined TRACON& Tower with Radar,1,23,19,34,77,0,5,22,2,29,1,28,41,36,106,0,0,0,106
12/15/2014,MGM,AL,ASO,ES,Combined TRACON& Tower with Radar,2,27,33,89,151,0,1,17,4,22,2,28,50,93,173,18,90,108,281
12/16/2014,MGM,AL,ASO,ES,Combined TRACON& Tower with Radar,3,35,23,68,129,0,8,10,8,26,3,43,33,76,155,8,78,86,241
12/17/2014,MGM,AL,ASO,ES,Combined TRACON& Tower with Radar,6,27,32,59,124,0,0,20,19,39,6,27,52,78,163,24,40,64,227
12/18/2014,MGM,AL,ASO,ES,Combined TRACON& Tower with Radar,4,28,25,89,146,0,9,19,26,54,4,37,44,115,200,56,44,100,300
12/19/2014,MGM,AL,ASO,ES,Combined TRACON& Tower with Radar,6,29,16,48,99,0,2,3,2,7,6,31,19,50,106,70,70,140,246
12/20/2014,MGM,AL,ASO,ES,Combined TRACON& Tower with Radar,0,16,7,0,23,0,4,0,0,4,0,20,7,0,27,6,0,6,33
12/21/2014,MGM,AL,ASO,ES,Combined TRACON& Tower with Radar,1,23,12,3,39,0,0,0,0,0,1,23,12,3,39,0,0,0,39
12/22/2014,MGM,AL,ASO,ES,Combined TRACON& Tower with Radar,0,22,14,10,46,0,0,0,0,0,0,22,14,10,46,0,0,0,46
12/23/2014,MGM,AL,ASO,ES,Combined TRACON& Tower with Radar,0,18,10,0,28,0,0,0,0,0,0,18,10,0,28,0,0,0,28
12/24/2014,MGM,AL,ASO,ES,Combined TRACON& Tower with Radar,0,13,6,4,23,0,2,1,0,3,0,15,7,4,26,14,0,14,40
12/25/2014,MGM,AL,ASO,ES,Combined TRACON& Tower with Radar,0,16,3,0,19,0,0,6,0,6,0,16,9,0,25,0,0,0,25
12/26/2014,MGM,AL,ASO,ES,Combined TRACON& Tower with Radar,0,17,18,4,39,0,3,24,0,27,0,20,42,4,66,2,0,2,68
12/27/2014,MGM,AL,ASO,ES,Combined TRACON& Tower with Radar,0,19,20,0,39,0,2,1,0,3,0,21,21,0,42,12,0,12,54
12/28/2014,MGM,AL,ASO,ES,Combined TRACON& Tower with Radar,0,22,6,0,28,0,0,0,0,0,0,22,6,0,28,0,0,0,28
12/29/2014,MGM,AL,ASO,ES,Combined TRACON& Tower with Radar,0,23,35,40,98,0,0,0,0,0,0,23,35,40,98,4,0,4,102
12/30/2014,MGM,AL,ASO,ES,Combined TRACON& Tower with Radar,0,21,31,16,68,0,10,5,0,15,0,31,36,16,83,68,8,76,159
12/31/2014,MGM,AL,ASO,ES,Combined TRACON& Tower with Radar,0,16,15,22,53,0,5,0,0,5,0,21,15,22,58,26,0,26,84
01/01/2015,MGM,AL,ASO,ES,Combined TRACON& Tower with Radar,0,14,16,0,30,0,1,8,0,9,0,15,24,0,39,6,0,6,45
01/02/2015,MGM,AL,ASO,ES,Combined TRACON& Tower with Radar,0,20,15,0,35,0,1,3,0,4,0,21,18,0,39,10,0,10,49
01/03/2015,MGM,AL,ASO,ES,Combined TRACON& Tower with Radar,0,17,5,1,23,0,0,2,0,2,0,17,7,1,25,0,1,1,26
01/04/2015,MGM,AL,ASO,ES,Combined TRACON& Tower with Radar,0,22,15,0,37,0,0,10,0,10,0,22,25,0,47,4,0,4,51
01/05/2015,MGM,AL,ASO,ES,Combined TRACON& Tower with Radar,4,19,29,17,69,0,2,10,1,13,4,21,39,18,82,8,22,30,112
01/06/2015,MGM,AL,ASO,ES,Combined TRACON& Tower with Radar,2,22,30,64,118,0,1,29,4,34,2,23,59,68,152,24,60,84,236
01/07/2015,MGM,AL,ASO,ES,Combined TRACON& Tower with Radar,0,22,19,52,93,0,1,9,6,16,0,23,28,58,109,14,68,82,191
01/08/2015,MGM,AL,ASO,ES,Combined TRACON& Tower with Radar,0,14,16,1,31,0,0,10,3,13,0,14,26,4,44,0,53,53,97
01/09/2015,MGM,AL,ASO,ES,Combined TRACON& Tower with Radar,0,20,15,0,35,0,3,4,7,14,0,23,19,7,49,14,48,62,111
01/10/2015,MGM,AL,ASO,ES,Combined TRACON& Tower with Radar,0,17,5,1,23,0,0,3,3,6,0,17,8,4,29,8,4,12,41
01/11/2015,MGM,AL,ASO,ES,Combined TRACON& Tower with Radar,0,22,14,0,36,0,0,10,2,12,0,22,24,2,48,12,10,22,70
01/12/2015,MGM,AL,ASO,ES,Combined TRACON& Tower with Radar,4,19,29,17,69,0,0,9,1,10,4,19,38,18,79,0,0,0,79
01/13/2015,MGM,AL,ASO,ES,Combined TRACON& Tower with Radar,2,22,30,64,118,0,1,28,5,34,2,23,58,69,152,0,70,70,222
01/14/2015,MGM,AL,ASO,ES,Combined TRACON& Tower with Radar,2,22,28,60,112,0,10,10,6,26,2,32,38,66,138,4,16,20,158
01/15/2015,MGM,AL,ASO,ES,Combined TRACON& Tower with Radar,2,20,40,36,98,0,0,1,2,3,2,20,41,38,101,0,0,0,101
01/16/2015,MGM,AL,ASO,ES,Combined TRACON& Tower with Radar,2,21,35,55,113,0,2,31,6,39,2,23,66,61,152,20,66,86,238
01/17/2015,MGM,AL,ASO,ES,Combined TRACON& Tower with Radar,0,15,20,11,46,0,4,36,0,40,0,19,56,11,86,16,48,64,150
01/18/2015,MGM,AL,ASO,ES,Combined TRACON& Tower with Radar,2,17,26,0,45,0,0,12,0,12,2,17,38,0,57,0,0,0,57
01/19/2015,MGM,AL,ASO,ES,Combined TRACON& Tower with Radar,2,21,20,9,52,0,8,18,3,29,2,29,38,12,81,18,0,18,99
01/20/2015,MGM,AL,ASO,ES,Combined TRACON& Tower with Radar,2,21,33,82,138,0,4,16,8,28,2,25,49,90,166,38,66,104,270
01/21/2015,MGM,AL,ASO,ES,Combined TRACON& Tower with Radar,0,31,30,88,149,0,10,21,13,44,0,41,51,101,193,36,42,78,271
01/22/2015,MGM,AL,ASO,ES,Combined TRACON& Tower with Radar,0,31,21,82,134,0,18,23,10,51,0,49,44,92,185,30,100,130,315
01/23/2015,MGM,AL,ASO,ES,Combined TRACON& Tower with Radar,0,33,22,115,170,0,1,5,7,13,0,34,27,122,183,0,0,0,183
01/24/2015,MGM,AL,ASO,ES,Combined TRACON& Tower with Radar,0,16,9,23,48,0,1,0,1,2,0,17,9,24,50,20,5,25,75
01/25/2015,MGM,AL,ASO,ES,Combined TRACON& Tower with Radar,0,27,16,44,87,0,1,22,5,28,0,28,38,49,115,10,8,18,133
01/26/2015,MGM,AL,ASO,ES,Combined TRACON& Tower with Radar,0,27,32,49,108,0,4,5,1,10,0,31,37,50,118,0,62,62,180
01/27/2015,MGM,AL,ASO,ES,Combined TRACON& Tower with Radar,4,19,17,74,114,0,2,19,12,33,4,21,36,86,147,6,88,94,241
01/28/2015,MGM,AL,ASO,ES,Combined TRACON& Tower with Radar,0,26,37,44,107,0,4,18,13,35,0,30,55,57,142,28,26,54,196
01/29/2015,MGM,AL,ASO,ES,Combined TRACON& Tower with Radar,2,22,27,99,150,0,4,18,11,33,2,26,45,110,183,4,64,68,251
01/30/2015,MGM,AL,ASO,ES,Combined TRACON& Tower with Radar,2,20,35,68,125,0,4,20,13,37,2,24,55,81,162,28,60,88,250
01/31/2015,MGM,AL,ASO,ES,Combined TRACON& Tower with Radar,0,14,12,1,27,0,4,28,0,32,0,18,40,1,59,46,0,46,105
02/01/2015,MGM,AL,ASO,ES,Combined TRACON& Tower with Radar,0,15,22,8,45,0,0,0,0,0,0,15,22,8,45,0,0,0,45
02/02/2015,MGM,AL,ASO,ES,Combined TRACON& Tower with Radar,2,23,43,55,123,0,1,7,0,8,2,24,50,55,131,0,14,14,145
02/03/2015,MGM,AL,ASO,ES,Combined TRACON& Tower with Radar,2,21,33,82,138,0,2,17,6,25,2,23,50,88,163,30,8,38,201
02/04/2015,MGM,AL,ASO,ES,Combined TRACON& Tower with Radar,2,20,33,93,148,0,2,18,6,26,2,22,51,99,174,12,104,116,290
02/05/2015,MGM,AL,ASO,ES,Combined TRACON& Tower with Radar,2,21,25,41,89,0,3,16,4,23,2,24,41,45,112,16,4,20,132
02/06/2015,MGM,AL,ASO,ES,Combined TRACON& Tower with Radar,2,26,24,90,142,0,1,38,17,56,2,27,62,107,198,6,102,108,306
02/07/2015,MGM,AL,ASO,ES,Combined TRACON& Tower with Radar,0,15,21,14,50,0,0,13,0,13,0,15,34,14,63,6,6,12,75
02/08/2015,MGM,AL,ASO,ES,Combined TRACON& Tower with Radar,2,19,19,11,51,0,0,23,10,33,2,19,42,21,84,4,20,24,108
02/09/2015,MGM,AL,ASO,ES,Combined TRACON& Tower with Radar,2,20,33,36,91,0,0,4,0,4,2,20,37,36,95,2,0,2,97
02/10/2015,MGM,AL,ASO,ES,Combined TRACON& Tower with Radar,2,22,39,84,147,0,2,8,2,12,2,24,47,86,159,0,6,6,165
02/11/2015,MGM,AL,ASO,ES,Combined TRACON& Tower with Radar,2,21,22,86,131,0,2,26,6,34,2,23,48,92,165,0,78,78,243
02/12/2015,MGM,AL,ASO,ES,Combined TRACON& Tower with Radar,3,24,44,42,113,0,8,15,9,32,3,32,59,51,145,0,24,24,169
02/13/2015,MGM,AL,ASO,ES,Combined TRACON& Tower with Radar,4,23,42,52,121,0,7,26,5,38,4,30,68,57,159,24,0,24,183
02/14/2015,MGM,AL,ASO,ES,Combined TRACON& Tower with Radar,2,11,6,0,19,0,2,56,0,58,2,13,62,0,77,8,0,8,85
02/15/2015,MGM,AL,ASO,ES,Combined TRACON& Tower with Radar,1,18,14,10,43,0,1,7,0,8,1,19,21,10,51,6,0,6,57
02/16/2015,MGM,AL,ASO,ES,Combined TRACON& Tower with Radar,2,20,17,0,39,0,0,17,0,17,2,20,34,0,56,0,0,0,56
02/17/2015,MGM,AL,ASO,ES,Combined TRACON& Tower with Radar,2,20,27,66,115,0,1,13,3,17,2,21,40,69,132,6,16,22,154
02/18/2015,MGM,AL,ASO,ES,Combined TRACON& Tower with Radar,4,20,27,103,154,0,0,13,0,13,4,20,40,103,167,24,56,80,247
02/19/2015,MGM,AL,ASO,ES,Combined TRACON& Tower with Radar,2,20,25,53,100,0,1,18,14,33,2,21,43,67,133,20,30,50,183
02/20/2015,MGM,AL,ASO,ES,Combined TRACON& Tower with Radar,3,29,21,76,129,0,1,15,10,26,3,30,36,86,155,22,33,55,210
02/21/2015,MGM,AL,ASO,ES,Combined TRACON& Tower with Radar,0,19,13,7,39,0,1,4,15,20,0,20,17,22,59,0,0,0,59
02/22/2015,MGM,AL,ASO,ES,Combined TRACON& Tower with Radar,2,19,16,6,43,0,0,0,0,0,2,19,16,6,43,0,0,0,43
02/23/2015,MGM,AL,ASO,ES,Combined TRACON& Tower with Radar,2,17,17,28,64,0,1,3,0,4,2,18,20,28,68,32,0,32,100
02/24/2015,MGM,AL,ASO,ES,Combined TRACON& Tower with Radar,2,18,20,64,104,0,4,9,0,13,2,22,29,64,117,0,8,8,125
02/25/2015,MGM,AL,ASO,ES,Combined TRACON& Tower with Radar,4,20,19,23,66,0,0,4,0,4,4,20,23,23,70,0,0,0,70
02/26/2015,MGM,AL,ASO,ES,Combined TRACON& Tower with Radar,2,20,21,54,97,0,1,5,8,14,2,21,26,62,111,12,32,44,155
02/27/2015,MGM,AL,ASO,ES,Combined TRACON& Tower with Radar,3,15,15,55,88,0,0,19,11,30,3,15,34,66,118,2,2,4,122
02/28/2015,MGM,AL,ASO,ES,Combined TRACON& Tower with Radar,1,14,18,15,48,0,0,23,0,23,1,14,41,15,71,18,12,30,101
03/01/2015,MGM,AL,ASO,ES,Combined TRACON& Tower with Radar,4,18,13,54,89,0,0,0,0,0,4,18,13,54,89,0,0,0,89
03/02/2015,MGM,AL,ASO,ES,Combined TRACON& Tower with Radar,0,26,18,6,50,0,0,0,0,0,0,26,18,6,50,0,0,0,50
03/03/2015,MGM,AL,ASO,ES,Combined TRACON& Tower with Radar,2,21,13,85,121,0,2,10,1,13,2,23,23,86,134,68,30,98,232
03/04/2015,MGM,AL,ASO,ES,Combined TRACON& Tower with Radar,2,22,26,136,186,0,0,6,12,18,2,22,32,148,204,30,38,68,272
03/05/2015,MGM,AL,ASO,ES,Combined TRACON& Tower with Radar,3,27,28,27,85,0,0,0,0,0,3,27,28,27,85,0,0,0,85
03/06/2015,MGM,AL,ASO,ES,Combined TRACON& Tower with Radar,0,27,49,65,141,0,2,30,4,36,0,29,79,69,177,10,12,22,199
03/07/2015,MGM,AL,ASO,ES,Combined TRACON& Tower with Radar,1,20,10,14,45,0,4,6,0,10,1,24,16,14,55,0,0,0,55
03/08/2015,MGM,AL,ASO,ES,Combined TRACON& Tower with Radar,5,27,15,30,77,0,2,15,10,27,5,29,30,40,104,2,0,2,106
03/09/2015,MGM,AL,ASO,ES,Combined TRACON& Tower with Radar,0,23,28,158,209,0,2,21,8,31,0,25,49,166,240,18,74,92,332
03/10/2015,MGM,AL,ASO,ES,Combined TRACON& Tower with Radar,2,22,23,58,105,0,1,4,3,8,2,23,27,61,113,4,52,56,169
03/11/2015,MGM,AL,ASO,ES,Combined TRACON& Tower with Radar,2,21,31,56,110,0,0,0,0,0,2,21,31,56,110,0,0,0,110
03/12/2015,MGM,AL,ASO,ES,Combined TRACON& Tower with Radar,0,23,29,65,117,0,1,5,18,24,0,24,34,83,141,0,18,18,159
03/13/2015,MGM,AL,ASO,ES,Combined TRACON& Tower with Radar,0,21,21,56,98,0,6,2,0,8,0,27,23,56,106,0,2,2,108
03/14/2015,MGM,AL,ASO,ES,Combined TRACON& Tower with Radar,0,17,22,27,66,0,0,14,2,16,0,17,36,29,82,4,20,24,106
03/15/2015,MGM,AL,ASO,ES,Combined TRACON& Tower with Radar,2,19,17,40,78,0,0,38,8,46,2,19,55,48,124,20,56,76,200
03/16/2015,MGM,AL,ASO,ES,Combined TRACON& Tower with Radar,0,25,36,67,128,0,0,36,2,38,0,25,72,69,166,20,6,26,192
03/17/2015,MGM,AL,ASO,ES,Combined TRACON& Tower with Radar,0,25,34,45,104,0,2,23,1,26,0,27,57,46,130,34,84,118,248
03/18/2015,MGM,AL,ASO,ES,Combined TRACON& Tower with Radar,2,20,45,64,131,0,1,22,5,28,2,21,67,69,159,54,72,126,285
03/19/2015,MGM,AL,ASO,ES,Combined TRACON& Tower with Radar,0,25,37,135,197,0,5,5,19,29,0,30,42,154,226,24,154,178,404
03/20/2015,MGM,AL,ASO,ES,Combined TRACON& Tower with Radar,0,30,30,22,82,0,6,4,0,10,0,36,34,22,92,2,10,12,104
03/21/2015,MGM,AL,ASO,ES,Combined TRACON& Tower with Radar,0,18,24,8,50,0,2,9,0,11,0,20,33,8,61,28,0,28,89
03/22/2015,MGM,AL,ASO,ES,Combined TRACON& Tower with Radar,2,20,19,29,70,0,0,0,0,0,2,20,19,29,70,0,0,0,70
03/23/2015,MGM,AL,ASO,ES,Combined TRACON& Tower with Radar,2,23,28,39,92,0,0,0,0,0,2,23,28,39,92,4,2,6,98
03/24/2015,MGM,AL,ASO,ES,Combined TRACON& Tower with Radar,2,22,26,60,110,0,2,14,8,24,2,24,40,68,134,24,64,88,222
03/25/2015,MGM,AL,ASO,ES,Combined TRACON& Tower with Radar,2,22,31,83,138,0,4,29,10,43,2,26,60,93,181,40,116,156,337
03/26/2015,MGM,AL,ASO,ES,Combined TRACON& Tower with Radar,0,24,30,36,90,0,3,18,3,24,0,27,48,39,114,60,22,82,196
03/27/2015,MGM,AL,ASO,ES,Combined TRACON& Tower with Radar,0,23,31,114,168,0,9,12,4,25,0,32,43,118,193,42,90,132,325
03/28/2015,MGM,AL,ASO,ES,Combined TRACON& Tower with Radar,0,18,21,1,40,0,1,39,1,41,0,19,60,2,81,16,0,16,97
03/29/2015,MGM,AL,ASO,ES,Combined TRACON& Tower with Radar,2,21,29,29,81,0,0,28,4,32,2,21,57,33,113,0,18,18,131
03/30/2015,MGM,AL,ASO,ES,Combined TRACON& Tower with Radar,2,22,23,5,52,0,1,1,1,3,2,23,24,6,55,22,0,22,77
03/31/2015,MGM,AL,ASO,ES,Combined TRACON& Tower with Radar,2,23,39,61,125,0,5,14,9,28,2,28,53,70,153,0,22,22,175
04/01/2015,MGM,AL,ASO,ES,Combined TRACON& Tower with Radar,2,22,36,78,138,0,3,16,4,23,2,25,52,82,161,20,42,62,223
04/02/2015,MGM,AL,ASO,ES,Combined TRACON& Tower with Radar,2,22,23,57,104,0,4,16,22,42,2,26,39,79,146,6,90,96,242
04/03/2015,MGM,AL,ASO,ES,Combined TRACON& Tower with Radar,2,22,17,54,95,0,8,7,12,27,2,30,24,66,122,0,20,20,142
04/04/2015,MGM,AL,ASO,ES,Combined TRACON& Tower with Radar,0,16,12,0,28,0,0,20,2,22,0,16,32,2,50,10,0,10,60
04/05/2015,MGM,AL,ASO,ES,Combined TRACON& Tower with Radar,3,20,10,14,47,0,2,7,1,10,3,22,17,15,57,0,16,16,73
04/06/2015,MGM,AL,ASO,ES,Combined TRACON& Tower with Radar,2,20,24,93,139,0,2,8,0,10,2,22,32,93,149,16,74,90,239
04/07/2015,MGM,AL,ASO,ES,Combined TRACON& Tower with Radar,2,19,38,84,143,0,4,4,4,12,2,23,42,88,155,8,42,50,205
04/08/2015,MGM,AL,ASO,ES,Combined TRACON& Tower with Radar,2,20,33,50,105,0,21,29,3,53,2,41,62,53,158,44,26,70,228
04/09/2015,MGM,AL,ASO,ES,Combined TRACON& Tower with Radar,2,22,31,66,121,0,2,3,10,15,2,24,34,76,136,26,34,60,196
04/10/2015,MGM,AL,ASO,ES,Combined TRACON& Tower with Radar,12,18,25,2,57,0,0,1,8,9,12,18,26,10,66,0,0,0,66
04/11/2015,MGM,AL,ASO,ES,Combined TRACON& Tower with Radar,1,16,26,20,63,0,0,22,2,24,1,16,48,22,87,34,10,44,131
04/12/2015,MGM,AL,ASO,ES,Combined TRACON& Tower with Radar,0,24,19,16,59,0,1,4,3,8,0,25,23,19,67,0,1,1,68
04/13/2015,MGM,AL,ASO,ES,Combined TRACON& Tower with Radar,4,22,15,4,45,0,0,0,0,0,4,22,15,4,45,0,0,0,45
04/14/2015,MGM,AL,ASO,ES,Combined TRACON& Tower with Radar,2,22,24,21,69,0,0,3,0,3,2,22,27,21,72,0,0,0,72
04/15/2015,MGM,AL,ASO,ES,Combined TRACON& Tower with Radar,2,26,37,79,144,0,2,16,6,24,2,28,53,85,168,22,0,22,190
04/16/2015,MGM,AL,ASO,ES,Combined TRACON& Tower with Radar,2,23,31,12,68,0,3,0,4,7,2,26,31,16,75,0,0,0,75
04/17/2015,MGM,AL,ASO,ES,Combined TRACON& Tower with Radar,3,22,16,2,43,0,0,0,0,0,3,22,16,2,43,0,0,0,43
04/18/2015,MGM,AL,ASO,ES,Combined TRACON& Tower with Radar,1,15,11,15,42,0,0,6,2,8,1,15,17,17,50,14,27,41,91
04/19/2015,MGM,AL,ASO,ES,Combined TRACON& Tower with Radar,2,25,23,30,80,0,2,14,1,17,2,27,37,31,97,10,0,10,107
04/20/2015,MGM,AL,ASO,ES,Combined TRACON& Tower with Radar,2,22,27,64,115,0,0,14,3,17,2,22,41,67,132,14,8,22,154
04/21/2015,MGM,AL,ASO,ES,Combined TRACON& Tower with Radar,4,22,23,52,101,0,0,32,3,35,4,22,55,55,136,10,32,42,178
04/22/2015,MGM,AL,ASO,ES,Combined TRACON& Tower with Radar,6,24,49,77,156,0,2,25,8,35,6,26,74,85,191,62,16,78,269
04/23/2015,MGM,AL,ASO,ES,Combined TRACON& Tower with Radar,2,30,41,95,168,0,10,20,8,38,2,40,61,103,206,66,134,200,406
04/24/2015,MGM,AL,ASO,ES,Combined TRACON& Tower with Radar,3,15,36,62,116,0,0,15,4,19,3,15,51,66,135,8,22,30,165
04/25/2015,MGM,AL,ASO,ES,Combined TRACON& Tower with Radar,1,15,11,1,28,0,0,0,0,0,1,15,11,1,28,1,0,1,29
04/26/2015,MGM,AL,ASO,ES,Combined TRACON& Tower with Radar,2,21,27,19,69,0,2,12,0,14,2,23,39,19,83,16,0,16,99
04/27/2015,MGM,AL,ASO,ES,Combined TRACON& Tower with Radar,4,19,38,85,146,0,0,31,2,33,4,19,69,87,179,26,70,96,275
04/28/2015,MGM,AL,ASO,ES,Combined TRACON& Tower with Radar,5,19,27,59,110,0,4,14,2,20,5,23,41,61,130,82,16,98,228
04/29/2015,MGM,AL,ASO,ES,Combined TRACON& Tower with Radar,2,21,25,75,123,0,1,18,0,19,2,22,43,75,142,28,12,40,182
04/30/2015,MGM,AL,ASO,ES,Combined TRACON& Tower with Radar,2,21,39,49,111,0,1,21,20,42,2,22,60,69,153,58,45,103,256
05/01/2015,MGM,AL,ASO,ES,Combined TRACON& Tower with Radar,3,28,35,67,133,0,4,28,20,52,3,32,63,87,185,50,28,78,263
05/02/2015,MGM,AL,ASO,ES,Combined TRACON& Tower with Radar,5,15,20,19,59,0,5,32,3,40,5,20,52,22,99,22,4,26,125
05/03/2015,MGM,AL,ASO,ES,Combined TRACON& Tower with Radar,3,23,27,10,63,0,3,23,3,29,3,26,50,13,92,6,0,6,98
05/04/2015,MGM,AL,ASO,ES,Combined TRACON& Tower with Radar,3,22,34,55,114,0,5,24,6,35,3,27,58,61,149,8,2,10,159
05/05/2015,MGM,AL,ASO,ES,Combined TRACON& Tower with Radar,3,26,29,84,142,0,4,24,12,40,3,30,53,96,182,44,24,68,250
05/06/2015,MGM,AL,ASO,ES,Combined TRACON& Tower with Radar,3,18,17,73,111,0,3,13,19,35,3,21,30,92,146,6,64,70,216
05/07/2015,MGM,AL,ASO,ES,Combined TRACON& Tower with Radar,5,18,38,75,136,0,14,29,25,68,5,32,67,100,204,2,26,28,232
05/08/2015,MGM,AL,ASO,ES,Combined TRACON& Tower with Radar,3,25,26,22,76,0,8,16,11,35,3,33,42,33,111,6,10,16,127
05/09/2015,MGM,AL,ASO,ES,Combined TRACON& Tower with Radar,3,11,17,21,52,0,3,34,7,44,3,14,51,28,96,0,6,6,102
05/10/2015,MGM,AL,ASO,ES,Combined TRACON& Tower with Radar,4,17,27,18,66,0,4,28,6,38,4,21,55,24,104,102,23,125,229
05/11/2015,MGM,AL,ASO,ES,Combined TRACON& Tower with Radar,2,23,26,52,103,0,4,11,8,23,2,27,37,60,126,24,28,52,178
05/12/2015,MGM,AL,ASO,ES,Combined TRACON& Tower with Radar,7,23,26,59,115,0,1,17,4,22,7,24,43,63,137,38,60,98,235
05/13/2015,MGM,AL,ASO,ES,Combined TRACON& Tower with Radar,3,21,29,47,100,0,6,15,11,32,3,27,44,58,132,64,14,78,210
05/14/2015,MGM,AL,ASO,ES,Combined TRACON& Tower with Radar,3,30,44,63,140,0,8,16,12,36,3,38,60,75,176,30,18,48,224
05/15/2015,MGM,AL,ASO,ES,Combined TRACON& Tower with Radar,3,24,21,44,92,0,1,5,11,17,3,25,26,55,109,34,0,34,143
05/16/2015,MGM,AL,ASO,ES,Combined TRACON& Tower with Radar,3,14,8,1,26,0,0,6,12,18,3,14,14,13,44,10,10,20,64
05/17/2015,MGM,AL,ASO,ES,Combined TRACON& Tower with Radar,3,21,18,58,100,0,1,2,3,6,3,22,20,61,106,6,6,12,118
05/18/2015,MGM,AL,ASO,ES,Combined TRACON& Tower with Radar,3,18,20,47,88,0,5,8,7,20,3,23,28,54,108,0,12,12,120
05/19/2015,MGM,AL,ASO,ES,Combined TRACON& Tower with Radar,3,20,35,68,126,0,1,6,6,13,3,21,41,74,139,0,56,56,195
05/20/2015,MGM,AL,ASO,ES,Combined TRACON& Tower with Radar,3,24,32,60,119,0,2,21,17,40,3,26,53,77,159,24,82,106,265
05/21/2015,MGM,AL,ASO,ES,Combined TRACON& Tower with Radar,8,18,49,79,154,0,0,17,3,20,8,18,66,82,174,2,8,10,184
05/22/2015,MGM,AL,ASO,ES,Combined TRACON& Tower with Radar,3,20,42,22,87,0,2,34,1,37,3,22,76,23,124,28,0,28,152
05/23/2015,MGM,AL,ASO,ES,Combined TRACON& Tower with Radar,3,15,17,15,50,0,0,16,0,16,3,15,33,15,66,0,0,0,66
05/24/2015,MGM,AL,ASO,ES,Combined TRACON& Tower with Radar,2,17,16,0,35,0,2,15,0,17,2,19,31,0,52,14,0,14,66
05/25/2015,MGM,AL,ASO,ES,Combined TRACON& Tower with Radar,1,17,11,0,29,0,0,6,0,6,1,17,17,0,35,32,0,32,67
05/26/2015,MGM,AL,ASO,ES,Combined TRACON& Tower with Radar,2,16,25,22,65,0,2,2,0,4,2,18,27,22,69,60,18,78,147
05/27/2015,MGM,AL,ASO,ES,Combined TRACON& Tower with Radar,4,21,21,46,92,0,0,10,12,22,4,21,31,58,114,10,42,52,166
05/28/2015,MGM,AL,ASO,ES,Combined TRACON& Tower with Radar,3,21,24,64,112,0,0,11,6,17,3,21,35,70,129,6,26,32,161
05/29/2015,MGM,AL,ASO,ES,Combined TRACON& Tower with Radar,3,21,31,103,158,0,2,15,13,30,3,23,46,116,188,12,48,60,248
05/30/2015,MGM,AL,ASO,ES,Combined TRACON& Tower with Radar,3,14,17,1,35,0,3,17,7,27,3,17,34,8,62,6,20,26,88
05/31/2015,MGM,AL,ASO,ES,Combined TRACON& Tower with Radar,2,20,21,25,68,0,1,18,13,32,2,21,39,38,100,12,0,12,112
06/01/2015,MGM,AL,ASO,ES,Combined TRACON& Tower with Radar,3,22,14,33,72,0,3,11,6,20,3,25,25,39,92,12,0,12,104
06/02/2015,MGM,AL,ASO,ES,Combined TRACON& Tower with Radar,3,20,37,62,122,0,3,7,3,13,3,23,44,65,135,6,29,35,170
06/03/2015,MGM,AL,ASO,ES,Combined TRACON& Tower with Radar,3,19,38,83,143,0,7,27,6,40,3,26,65,89,183,46,60,106,289
06/04/2015,MGM,AL,ASO,ES,Combined TRACON& Tower with Radar,0,23,38,58,119,0,2,18,2,22,0,25,56,60,141,22,6,28,169
06/05/2015,MGM,AL,ASO,ES,Combined TRACON& Tower with Radar,0,23,26,75,124,0,5,34,13,52,0,28,60,88,176,30,147,177,353
06/06/2015,MGM,AL,ASO,ES,Combined TRACON& Tower with Radar,0,20,19,27,66,0,0,19,4,23,0,20,38,31,89,0,23,23,112
06/07/2015,MGM,AL,ASO,ES,Combined TRACON& Tower with Radar,0,21,27,55,103,0,1,9,10,20,0,22,36,65,123,10,4,14,137
06/08/2015,MGM,AL,ASO,ES,Combined TRACON& Tower with Radar,2,20,26,61,109,0,2,23,10,35,2,22,49,71,144,8,120,128,272
06/09/2015,MGM,AL,ASO,ES,Combined TRACON& Tower with Radar,6,26,61,29,122,0,0,11,0,11,6,26,72,29,133,24,4,28,161
06/10/2015,MGM,AL,ASO,ES,Combined TRACON& Tower with Radar,0,22,30,38,90,0,1,5,6,12,0,23,35,44,102,0,6,6,108
06/11/2015,MGM,AL,ASO,ES,Combined TRACON& Tower with Radar,0,25,21,59,105,0,2,12,10,24,0,27,33,69,129,8,30,38,167
06/12/2015,MGM,AL,ASO,ES,Combined TRACON& Tower with Radar,0,26,30,66,122,0,3,18,4,25,0,29,48,70,147,8,70,78,225
06/13/2015,MGM,AL,ASO,ES,Combined TRACON& Tower with Radar,0,19,19,14,52,0,0,13,5,18,0,19,32,19,70,34,4,38,108
06/14/2015,MGM,AL,ASO,ES,Combined TRACON& Tower with Radar,0,23,15,95,133,0,5,11,29,45,0,28,26,124,178,14,68,82,260
06/15/2015,MGM,AL,ASO,ES,Combined TRACON& Tower with Radar,0,23,37,66,126,0,3,22,6,31,0,26,59,72,157,0,60,60,217
06/16/2015,MGM,AL,ASO,ES,Combined TRACON& Tower with Radar,0,24,33,99,156,0,3,26,10,39,0,27,59,109,195,16,68,84,279
06/17/2015,MGM,AL,ASO,ES,Combined TRACON& Tower with Radar,0,24,32,72,128,0,3,16,7,26,0,27,48,79,154,6,76,82,236
06/18/2015,MGM,AL,ASO,ES,Combined TRACON& Tower with Radar,0,20,33,42,95,0,0,20,5,25,0,20,53,47,120,4,30,34,154
06/19/2015,MGM,AL,ASO,ES,Combined TRACON& Tower with Radar,0,21,34,102,157,0,4,26,18,48,0,25,60,120,205,8,68,76,281
06/20/2015,MGM,AL,ASO,ES,Combined TRACON& Tower with Radar,0,17,33,6,56,0,0,16,1,17,0,17,49,7,73,22,0,22,95
06/21/2015,MGM,AL,ASO,ES,Combined TRACON& Tower with Radar,0,24,22,29,75,0,2,6,17,25,0,26,28,46,100,0,10,10,110
06/22/2015,MGM,AL,ASO,ES,Combined TRACON& Tower with Radar,0,26,32,52,110,0,3,23,3,29,0,29,55,55,139,6,10,16,155
06/23/2015,MGM,AL,ASO,ES,Combined TRACON& Tower with Radar,0,23,31,89,143,0,7,15,14,36,0,30,46,103,179,18,56,74,253
06/24/2015,MGM,AL,ASO,ES,Combined TRACON& Tower with Radar,7,21,14,50,92,0,12,11,12,35,7,33,25,62,127,0,30,30,157
06/25/2015,MGM,AL,ASO,ES,Combined TRACON& Tower with Radar,1,26,45,99,171,0,2,21,29,52,1,28,66,128,223,8,52,60,283
06/26/2015,MGM,AL,ASO,ES,Combined TRACON& Tower with Radar,0,21,26,41,88,0,3,6,5,14,0,24,32,46,102,8,90,98,200
06/27/2015,MGM,AL,ASO,ES,Combined TRACON& Tower with Radar,0,18,8,14,40,0,0,0,0,0,0,18,8,14,40,0,0,0,40
06/28/2015,MGM,AL,ASO,ES,Combined TRACON& Tower with Radar,0,22,21,63,106,0,1,13,1,15,0,23,34,64,121,0,0,0,121
06/29/2015,MGM,AL,ASO,ES,Combined TRACON& Tower with Radar,0,21,30,64,115,0,3,19,1,23,0,24,49,65,138,20,2,22,160
06/30/2015,MGM,AL,ASO,ES,Combined TRACON& Tower with Radar,0,22,33,21,76,0,0,18,1,19,0,22,51,22,95,6,26,32,127
07/01/2015,MGM,AL,ASO,ES,Combined TRACON& Tower with Radar,4,22,25,91,142,0,0,9,9,18,4,22,34,100,160,12,90,102,262
07/02/2015,MGM,AL,ASO,ES,Combined TRACON& Tower with Radar,0,24,20,39,83,0,11,18,4,33,0,35,38,43,116,16,10,26,142
07/03/2015,MGM,AL,ASO,ES,Combined TRACON& Tower with Radar,8,20,7,0,35,0,0,3,0,3,8,20,10,0,38,10,0,10,48
07/04/2015,MGM,AL,ASO,ES,Combined TRACON& Tower with Radar,0,15,11,0,26,0,3,3,0,6,0,18,14,0,32,0,0,0,32
07/05/2015,MGM,AL,ASO,ES,Combined TRACON& Tower with Radar,0,22,17,0,39,0,0,3,0,3,0,22,20,0,42,0,0,0,42
07/06/2015,MGM,AL,ASO,ES,Combined TRACON& Tower with Radar,0,25,24,41,90,0,2,10,3,15,0,27,34,44,105,0,0,0,105
07/07/2015,MGM,AL,ASO,ES,Combined TRACON& Tower with Radar,0,23,27,28,78,0,2,23,14,39,0,25,50,42,117,2,4,6,123
07/08/2015,MGM,AL,ASO,ES,Combined TRACON& Tower with Radar,0,25,30,46,101,0,0,15,1,16,0,25,45,47,117,10,42,52,169
07/09/2015,MGM,AL,ASO,ES,Combined TRACON& Tower with Radar,0,22,19,58,99,0,0,26,16,42,0,22,45,74,141,0,54,54,195
07/10/2015,MGM,AL,ASO,ES,Combined TRACON& Tower with Radar,0,25,23,97,145,0,2,11,15,28,0,27,34,112,173,0,80,80,253
07/11/2015,MGM,AL,ASO,ES,Combined TRACON& Tower with Radar,0,18,15,22,55,0,1,20,5,26,0,19,35,27,81,20,12,32,113
07/12/2015,MGM,AL,ASO,ES,Combined TRACON& Tower with Radar,0,23,9,59,91,0,5,10,8,23,0,28,19,67,114,8,6,14,128
07/13/2015,MGM,AL,ASO,ES,Combined TRACON& Tower with Radar,0,24,16,35,75,0,10,15,0,25,0,34,31,35,100,6,4,10,110
07/14/2015,MGM,AL,ASO,ES,Combined TRACON& Tower with Radar,1,24,19,108,152,0,1,14,4,19,1,25,33,112,171,0,64,64,235
07/15/2015,MGM,AL,ASO,ES,Combined TRACON& Tower with Radar,0,23,33,49,105,0,3,15,14,32,0,26,48,63,137,18,6,24,161
07/16/2015,MGM,AL,ASO,ES,Combined TRACON& Tower with Radar,0,25,34,54,113,0,11,14,11,36,0,36,48,65,149,12,10,22,171
07/17/2015,MGM,AL,ASO,ES,Combined TRACON& Tower with Radar,0,22,26,65,113,0,2,33,17,52,0,24,59,82,165,10,8,18,183
07/18/2015,MGM,AL,ASO,ES,Combined TRACON& Tower with Radar,0,19,12,16,47,0,0,18,6,24,0,19,30,22,71,6,1,7,78
07/19/2015,MGM,AL,ASO,ES,Combined TRACON& Tower with Radar,0,21,31,5,57,0,0,17,11,28,0,21,48,16,85,6,2,8,93
07/20/2015,MGM,AL,ASO,ES,Combined TRACON& Tower with Radar,0,21,23,51,95,0,11,19,9,39,0,32,42,60,134,16,24,40,174
07/21/2015,MGM,AL,ASO,ES,Combined TRACON& Tower with Radar,0,26,45,25,96,0,7,18,3,28,0,33,63,28,124,10,6,16,140
07/22/2015,MGM,AL,ASO,ES,Combined TRACON& Tower with Radar,0,25,43,67,135,0,7,9,5,21,0,32,52,72,156,18,24,42,198
07/23/2015,MGM,AL,ASO,ES,Combined TRACON& Tower with Radar,8,25,32,30,95,0,3,10,2,15,8,28,42,32,110,0,4,4,114
07/24/2015,MGM,AL,ASO,ES,Combined TRACON& Tower with Radar,0,23,18,79,120,0,7,14,11,32,0,30,32,90,152,30,8,38,190
07/25/2015,MGM,AL,ASO,ES,Combined TRACON& Tower with Radar,0,18,15,22,55,0,3,16,0,19,0,21,31,22,74,10,0,10,84
07/26/2015,MGM,AL,ASO,ES,Combined TRACON& Tower with Radar,0,22,13,37,72,0,0,17,5,22,0,22,30,42,94,2,0,2,96
07/27/2015,MGM,AL,ASO,ES,Combined TRACON& Tower with Radar,0,26,28,37,91,0,7,19,1,27,0,33,47,38,118,72,12,84,202
07/28/2015,MGM,AL,ASO,ES,Combined TRACON& Tower with Radar,0,28,37,51,116,0,1,18,3,22,0,29,55,54,138,16,46,62,200
07/29/2015,MGM,AL,ASO,ES,Combined TRACON& Tower with Radar,0,23,23,76,122,0,3,10,4,17,0,26,33,80,139,44,42,86,225
07/30/2015,MGM,AL,ASO,ES,Combined TRACON& Tower with Radar,0,24,23,46,93,0,3,17,15,35,0,27,40,61,128,8,69,77,205
07/31/2015,MGM,AL,ASO,ES,Combined TRACON& Tower with Radar,9,25,29,81,144,0,0,21,19,40,9,25,50,100,184,32,62,94,278
08/01/2015,MGM,AL,ASO,ES,Combined TRACON& Tower with Radar,0,18,2,30,50,0,1,11,13,25,0,19,13,43,75,0,34,34,109
08/02/2015,MGM,AL,ASO,ES,Combined TRACON& Tower with Radar,0,20,11,60,91,0,1,24,8,33,0,21,35,68,124,26,30,56,180
08/03/2015,MGM,AL,ASO,ES,Combined TRACON& Tower with Radar,0,24,29,61,114,0,1,20,0,21,0,25,49,61,135,32,26,58,193
08/04/2015,MGM,AL,ASO,ES,Combined TRACON& Tower with Radar,0,26,23,82,131,0,3,19,3,25,0,29,42,85,156,16,80,96,252
08/05/2015,MGM,AL,ASO,ES,Combined TRACON& Tower with Radar,2,28,21,103,154,0,3,15,11,29,2,31,36,114,183,2,122,124,307
08/06/2015,MGM,AL,ASO,ES,Combined TRACON& Tower with Radar,4,28,29,57,118,0,0,9,11,20,4,28,38,68,138,12,44,56,194
08/07/2015,MGM,AL,ASO,ES,Combined TRACON& Tower with Radar,2,22,30,59,113,0,1,19,6,26,2,23,49,65,139,12,2,14,153
08/08/2015,MGM,AL,ASO,ES,Combined TRACON& Tower with Radar,0,18,8,2,28,0,4,23,1,28,0,22,31,3,56,14,0,14,70
08/09/2015,MGM,AL,ASO,ES,Combined TRACON& Tower with Radar,0,21,11,60,92,0,2,13,10,25,0,23,24,70,117,0,0,0,117
08/10/2015,MGM,AL,ASO,ES,Combined TRACON& Tower with Radar,4,24,38,63,129,0,2,9,0,11,4,26,47,63,140,42,56,98,238
08/11/2015,MGM,AL,ASO,ES,Combined TRACON& Tower with Radar,0,22,34,56,112,0,3,8,9,20,0,25,42,65,132,30,28,58,190
08/12/2015,MGM,AL,ASO,ES,Combined TRACON& Tower with Radar,0,21,31,93,145,0,1,7,5,13,0,22,38,98,158,6,38,44,202
08/13/2015,MGM,AL,ASO,ES,Combined TRACON& Tower with Radar,0,24,44,42,110,0,1,17,17,35,0,25,61,59,145,24,62,86,231
08/14/2015,MGM,AL,ASO,ES,Combined TRACON& Tower with Radar,0,23,19,76,118,0,3,19,16,38,0,26,38,92,156,0,36,36,192
08/15/2015,MGM,AL,ASO,ES,Combined TRACON& Tower with Radar,0,16,8,39,63,0,2,17,9,28,0,18,25,48,91,32,4,36,127
08/16/2015,MGM,AL,ASO,ES,Combined TRACON& Tower with Radar,0,21,11,37,69,0,0,8,9,17,0,21,19,46,86,10,24,34,120
08/17/2015,MGM,AL,ASO,ES,Combined TRACON& Tower with Radar,0,24,18,16,58,0,0,3,1,4,0,24,21,17,62,0,0,0,62
08/18/2015,MGM,AL,ASO,ES,Combined TRACON& Tower with Radar,5,17,33,49,104,0,1,2,8,11,5,18,35,57,115,0,18,18,133
08/19/2015,MGM,AL,ASO,ES,Combined TRACON& Tower with Radar,6,23,31,50,110,0,2,2,8,12,6,25,33,58,122,6,18,24,146
08/20/2015,MGM,AL,ASO,ES,Combined TRACON& Tower with Radar,8,20,52,43,123,0,1,7,19,27,8,21,59,62,150,2,44,46,196
08/21/2015,MGM,AL,ASO,ES,Combined TRACON& Tower with Radar,8,16,29,69,122,0,5,17,9,31,8,21,46,78,153,10,16,26,179
08/22/2015,MGM,AL,ASO,ES,Combined TRACON& Tower with Radar,1,13,17,20,51,0,0,12,2,14,1,13,29,22,65,4,0,4,69
08/23/2015,MGM,AL,ASO,ES,Combined TRACON& Tower with Radar,9,25,22,8,64,0,0,14,0,14,9,25,36,8,78,32,0,32,110
08/24/2015,MGM,AL,ASO,ES,Combined TRACON& Tower with Radar,8,18,33,38,97,0,2,16,2,20,8,20,49,40,117,20,20,40,157
08/25/2015,MGM,AL,ASO,ES,Combined TRACON& Tower with Radar,8,25,31,116,180,0,0,19,6,25,8,25,50,122,205,6,70,76,281
08/26/2015,MGM,AL,ASO,ES,Combined TRACON& Tower with Radar,6,18,32,81,137,0,2,25,15,42,6,20,57,96,179,50,95,145,324
08/27/2015,MGM,AL,ASO,ES,Combined TRACON& Tower with Radar,8,25,26,81,140,0,1,28,16,45,8,26,54,97,185,20,20,40,225
08/28/2015,MGM,AL,ASO,ES,Combined TRACON& Tower with Radar,6,18,30,90,144,0,1,15,25,41,6,19,45,115,185,30,37,67,252
08/29/2015,MGM,AL,ASO,ES,Combined TRACON& Tower with Radar,0,12,17,1,30,0,0,9,1,10,0,12,26,2,40,6,0,6,46
08/30/2015,MGM,AL,ASO,ES,Combined TRACON& Tower with Radar,2,22,27,30,81,0,2,13,21,36,2,24,40,51,117,0,16,16,133
08/31/2015,MGM,AL,ASO,ES,Combined TRACON& Tower with Radar,7,16,37,16,76,0,4,10,3,17,7,20,47,19,93,18,0,18,111
09/01/2015,MGM,AL,ASO,ES,Combined TRACON& Tower with Radar,4,20,32,52,108,0,4,25,8,37,4,24,57,60,145,20,38,58,203
09/02/2015,MGM,AL,ASO,ES,Combined TRACON& Tower with Radar,6,21,43,84,154,0,5,35,17,57,6,26,78,101,211,20,110,130,341
09/03/2015,MGM,AL,ASO,ES,Combined TRACON& Tower with Radar,6,25,28,43,102,0,2,14,4,20,6,27,42,47,122,8,8,16,138
09/04/2015,MGM,AL,ASO,ES,Combined TRACON& Tower with Radar,6,21,17,8,52,0,1,20,3,24,6,22,37,11,76,22,0,22,98
09/05/2015,MGM,AL,ASO,ES,Combined TRACON& Tower with Radar,2,15,14,0,31,0,1,18,0,19,2,16,32,0,50,50,0,50,100
09/06/2015,MGM,AL,ASO,ES,Combined TRACON& Tower with Radar,2,17,8,0,27,0,0,12,0,12,2,17,20,0,39,14,0,14,53
09/07/2015,MGM,AL,ASO,ES,Combined TRACON& Tower with Radar,6,20,8,0,34,0,5,19,0,24,6,25,27,0,58,8,0,8,66
09/08/2015,MGM,AL,ASO,ES,Combined TRACON& Tower with Radar,4,17,27,46,94,0,1,9,1,11,4,18,36,47,105,10,12,22,127
09/09/2015,MGM,AL,ASO,ES,Combined TRACON& Tower with Radar,4,21,33,77,135,0,3,10,7,20,4,24,43,84,155,16,48,64,219
09/10/2015,MGM,AL,ASO,ES,Combined TRACON& Tower with Radar,6,21,21,46,94,0,0,5,7,12,6,21,26,53,106,12,68,80,186
09/11/2015,MGM,AL,ASO,ES,Combined TRACON& Tower with Radar,2,21,25,124,172,0,6,12,14,32,2,27,37,138,204,22,44,66,270
09/12/2015,MGM,AL,ASO,ES,Combined TRACON& Tower with Radar,2,15,6,15,38,0,0,4,11,15,2,15,10,26,53,4,80,84,137
09/13/2015,MGM,AL,ASO,ES,Combined TRACON& Tower with Radar,2,27,27,47,103,0,0,23,15,38,2,27,50,62,141,10,22,32,173
09/14/2015,MGM,AL,ASO,ES,Combined TRACON& Tower with Radar,2,24,42,47,115,0,2,23,5,30,2,26,65,52,145,24,46,70,215
09/15/2015,MGM,AL,ASO,ES,Combined TRACON& Tower with Radar,4,29,26,79,138,0,2,13,8,23,4,31,39,87,161,24,72,96,257
09/16/2015,MGM,AL,ASO,ES,Combined TRACON& Tower with Radar,4,22,35,79,140,0,4,31,7,42,4,26,66,86,182,20,36,56,238
09/17/2015,MGM,AL,ASO,ES,Combined TRACON& Tower with Radar,4,30,42,80,156,0,7,19,19,45,4,37,61,99,201,20,21,41,242
09/18/2015,MGM,AL,ASO,ES,Combined TRACON& Tower with Radar,4,28,33,72,137,0,2,36,9,47,4,30,69,81,184,54,40,94,278
09/19/2015,MGM,AL,ASO,ES,Combined TRACON& Tower with Radar,2,15,20,4,41,0,0,29,1,30,2,15,49,5,71,58,0,58,129
09/20/2015,MGM,AL,ASO,ES,Combined TRACON& Tower with Radar,2,26,20,30,78,0,0,19,1,20,2,26,39,31,98,24,0,24,122
09/21/2015,MGM,AL,ASO,ES,Combined TRACON& Tower with Radar,4,23,28,4,59,0,0,5,0,5,4,23,33,4,64,0,0,0,64
09/22/2015,MGM,AL,ASO,ES,Combined TRACON& Tower with Radar,4,23,18,35,80,0,2,12,2,16,4,25,30,37,96,150,46,196,292
09/23/2015,MGM,AL,ASO,ES,Combined TRACON& Tower with Radar,4,23,38,93,158,0,0,18,7,25,4,23,56,100,183,36,54,90,273
09/24/2015,MGM,AL,ASO,ES,Combined TRACON& Tower with Radar,6,22,38,52,118,0,0,6,6,12,6,22,44,58,130,38,41,79,209
09/25/2015,MGM,AL,ASO,ES,Combined TRACON& Tower with Radar,2,25,30,46,103,0,2,15,1,18,2,27,45,47,121,30,18,48,169
09/26/2015,MGM,AL,ASO,ES,Combined TRACON& Tower with Radar,2,16,19,5,42,0,8,3,2,13,2,24,22,7,55,0,12,12,67
09/27/2015,MGM,AL,ASO,ES,Combined TRACON& Tower with Radar,4,21,19,32,76,0,0,4,0,4,4,21,23,32,80,0,18,18,98
09/28/2015,MGM,AL,ASO,ES,Combined TRACON& Tower with Radar,2,30,17,3,52,0,2,0,0,2,2,32,17,3,54,0,0,0,54
09/29/2015,MGM,AL,ASO,ES,Combined TRACON& Tower with Radar,4,22,33,50,109,0,1,2,0,3,4,23,35,50,112,0,14,14,126
09/30/2015,MGM,AL,ASO,ES,Combined TRACON& Tower with Radar,6,24,30,26,86,0,2,12,4,18,6,26,42,30,104,22,18,40,144
10/01/2015,MGM,AL,ASO,ES,Combined TRACON& Tower with Radar,2,31,46,44,123,0,6,7,4,17,2,37,53,48,140,32,0,32,172
10/02/2015,MGM,AL,ASO,ES,Combined TRACON& Tower with Radar,2,25,19,20,66,0,0,0,1,1,2,25,19,21,67,0,12,12,79
10/03/2015,MGM,AL,ASO,ES,Combined TRACON& Tower with Radar,0,18,20,19,57,0,0,4,6,10,0,18,24,25,67,0,0,0,67
10/04/2015,MGM,AL,ASO,ES,Combined TRACON& Tower with Radar,2,26,19,25,72,0,4,0,2,6,2,30,19,27,78,0,20,20,98
10/05/2015,MGM,AL,ASO,ES,Combined TRACON& Tower with Radar,4,26,23,55,108,0,2,13,3,18,4,28,36,58,126,22,30,52,178
10/06/2015,MGM,AL,ASO,ES,Combined TRACON& Tower with Radar,2,25,33,90,150,0,2,12,1,15,2,27,45,91,165,34,52,86,251
10/07/2015,MGM,AL,ASO,ES,Combined TRACON& Tower with Radar,0,30,25,32,87,0,5,31,4,40,0,35,56,36,127,4,0,4,131
10/08/2015,MGM,AL,ASO,ES,Combined TRACON& Tower with Radar,2,26,23,53,104,0,1,39,1,41,2,27,62,54,145,52,12,64,209
10/09/2015,MGM,AL,ASO,ES,Combined TRACON& Tower with Radar,2,26,33,59,120,0,0,30,0,30,2,26,63,59,150,23,24,47,197
10/10/2015,MGM,AL,ASO,ES,Combined TRACON& Tower with Radar,0,20,23,7,50,0,0,3,0,3,0,20,26,7,53,4,0,4,57
10/11/2015,MGM,AL,ASO,ES,Combined TRACON& Tower with Radar,0,28,19,8,55,0,0,18,0,18,0,28,37,8,73,4,0,4,77
10/12/2015,MGM,AL,ASO,ES,Combined TRACON& Tower with Radar,7,25,31,0,63,0,0,24,0,24,7,25,55,0,87,8,0,8,95
10/13/2015,MGM,AL,ASO,ES,Combined TRACON& Tower with Radar,6,23,21,37,87,0,0,21,0,21,6,23,42,37,108,22,4,26,134
10/14/2015,MGM,AL,ASO,ES,Combined TRACON& Tower with Radar,5,23,15,33,76,0,6,18,2,26,5,29,33,35,102,14,26,40,142
10/15/2015,MGM,AL,ASO,ES,Combined TRACON& Tower with Radar,5,23,28,43,99,0,9,30,10,49,5,32,58,53,148,10,28,38,186
10/16/2015,MGM,AL,ASO,ES,Combined TRACON& Tower with Radar,6,20,27,36,89,0,0,18,4,22,6,20,45,40,111,44,0,44,155
10/17/2015,MGM,AL,ASO,ES,Combined TRACON& Tower with Radar,7,26,18,13,64,0,0,16,12,28,7,26,34,25,92,4,60,64,156
10/18/2015,MGM,AL,ASO,ES,Combined TRACON& Tower with Radar,4,20,13,39,76,0,0,12,3,15,4,20,25,42,91,6,0,6,97
10/19/2015,MGM,AL,ASO,ES,Combined TRACON& Tower with Radar,5,22,33,43,103,0,4,21,1,26,5,26,54,44,129,0,88,88,217
10/20/2015,MGM,AL,ASO,ES,Combined TRACON& Tower with Radar,6,22,37,75,140,0,0,30,5,35,6,22,67,80,175,28,28,56,231
10/21/2015,MGM,AL,ASO,ES,Combined TRACON& Tower with Radar,3,26,44,44,117,0,5,9,3,17,3,31,53,47,134,38,24,62,196
10/22/2015,MGM,AL,ASO,ES,Combined TRACON& Tower with Radar,5,25,27,39,96,0,8,21,13,42,5,33,48,52,138,8,60,68,206
10/23/2015,MGM,AL,ASO,ES,Combined TRACON& Tower with Radar,4,17,17,74,112,0,4,18,14,36,4,21,35,88,148,34,2,36,184
10/24/2015,MGM,AL,ASO,ES,Combined TRACON& Tower with Radar,3,15,26,24,68,0,4,7,5,16,3,19,33,29,84,28,14,42,126
10/25/2015,MGM,AL,ASO,ES,Combined TRACON& Tower with Radar,3,22,19,28,72,0,2,6,2,10,3,24,25,30,82,46,0,46,128
10/26/2015,MGM,AL,ASO,ES,Combined TRACON& Tower with Radar,5,21,22,9,57,0,0,1,0,1,5,21,23,9,58,0,0,0,58
10/27/2015,MGM,AL,ASO,ES,Combined TRACON& Tower with Radar,6,19,19,31,75,0,0,0,1,1,6,19,19,32,76,0,0,0,76
10/28/2015,MGM,AL,ASO,ES,Combined TRACON& Tower with Radar,4,23,35,45,107,0,2,23,1,26,4,25,58,46,133,0,18,18,151
10/29/2015,MGM,AL,ASO,ES,Combined TRACON& Tower with Radar,7,23,49,53,132,0,2,21,5,28,7,25,70,58,160,94,44,138,298
10/30/2015,MGM,AL,ASO,ES,Combined TRACON& Tower with Radar,6,19,29,37,91,0,0,40,7,47,6,19,69,44,138,18,28,46,184
10/31/2015,MGM,AL,ASO,ES,Combined TRACON& Tower with Radar,4,14,7,6,31,0,1,18,0,19,4,15,25,6,50,26,0,26,76
11/01/2015,MGM,AL,ASO,ES,Combined TRACON& Tower with Radar,0,25,13,2,40,0,0,0,0,0,0,25,13,2,40,0,0,0,40
11/02/2015,MGM,AL,ASO,ES,Combined TRACON& Tower with Radar,0,27,22,4,53,0,0,6,1,7,0,27,28,5,60,4,0,4,64
11/03/2015,MGM,AL,ASO,ES,Combined TRACON& Tower with Radar,0,30,28,36,94,0,1,12,4,17,0,31,40,40,111,0,0,0,111
11/04/2015,MGM,AL,ASO,ES,Combined TRACON& Tower with Radar,2,26,24,47,99,0,6,8,3,17,2,32,32,50,116,0,14,14,130
11/05/2015,MGM,AL,ASO,ES,Combined TRACON& Tower with Radar,0,25,27,72,124,0,3,36,17,56,0,28,63,89,180,4,2,6,186
11/06/2015,MGM,AL,ASO,ES,Combined TRACON& Tower with Radar,0,32,26,65,123,0,0,10,13,23,0,32,36,78,146,10,36,46,192
11/07/2015,MGM,AL,ASO,ES,Combined TRACON& Tower with Radar,0,19,17,28,64,0,0,8,0,8,0,19,25,28,72,12,54,66,138
11/08/2015,MGM,AL,ASO,ES,Combined TRACON& Tower with Radar,0,30,16,18,64,0,0,0,0,0,0,30,16,18,64,0,0,0,64
11/09/2015,MGM,AL,ASO,ES,Combined TRACON& Tower with Radar,0,30,27,9,66,0,0,0,0,0,0,30,27,9,66,0,0,0,66
11/10/2015,MGM,AL,ASO,ES,Combined TRACON& Tower with Radar,0,27,34,46,107,0,0,9,1,10,0,27,43,47,117,10,22,32,149
11/11/2015,MGM,AL,ASO,ES,Combined TRACON& Tower with Radar,0,36,28,1,65,0,2,6,0,8,0,38,34,1,73,0,0,0,73
11/12/2015,MGM,AL,ASO,ES,Combined TRACON& Tower with Radar,0,36,41,69,146,0,4,15,9,28,0,40,56,78,174,62,28,90,264
11/13/2015,MGM,AL,ASO,ES,Combined TRACON& Tower with Radar,1,27,25,49,102,0,5,28,12,45,1,32,53,61,147,8,66,74,221
11/14/2015,MGM,AL,ASO,ES,Combined TRACON& Tower with Radar,1,18,18,30,67,0,1,19,12,32,1,19,37,42,99,2,0,2,101
11/15/2015,MGM,AL,ASO,ES,Combined TRACON& Tower with Radar,0,30,28,22,80,0,1,19,12,32,0,31,47,34,112,42,0,42,154
11/16/2015,MGM,AL,ASO,ES,Combined TRACON& Tower with Radar,0,27,30,83,140,0,0,14,7,21,0,27,44,90,161,55,68,123,284
11/17/2015,MGM,AL,ASO,ES,Combined TRACON& Tower with Radar,0,27,19,112,158,0,0,12,3,15,0,27,31,115,173,8,164,172,345
11/18/2015,MGM,AL,ASO,ES,Combined TRACON& Tower with Radar,0,26,6,4,36,0,0,0,0,0,0,26,6,4,36,0,0,0,36
11/19/2015,MGM,AL,ASO,ES,Combined TRACON& Tower with Radar,0,29,21,125,175,0,4,24,12,40,0,33,45,137,215,54,116,170,385
11/20/2015,MGM,AL,ASO,ES,Combined TRACON& Tower with Radar,0,25,26,80,131,0,4,18,7,29,0,29,44,87,160,0,6,6,166
11/21/2015,MGM,AL,ASO,ES,Combined TRACON& Tower with Radar,0,20,22,8,50,0,0,17,1,18,0,20,39,9,68,32,0,32,100
11/22/2015,MGM,AL,ASO,ES,Combined TRACON& Tower with Radar,0,22,22,13,57,0,0,9,2,11,0,22,31,15,68,10,0,10,78
11/23/2015,MGM,AL,ASO,ES,Combined TRACON& Tower with Radar,0,24,28,45,97,0,3,13,7,23,0,27,41,52,120,4,18,22,142
11/24/2015,MGM,AL,ASO,ES,Combined TRACON& Tower with Radar,0,26,23,38,87,0,1,25,1,27,0,27,48,39,114,0,36,36,150
11/25/2015,MGM,AL,ASO,ES,Combined TRACON& Tower with Radar,0,29,30,24,83,0,2,8,1,11,0,31,38,25,94,10,50,60,154
11/26/2015,MGM,AL,ASO,ES,Combined TRACON& Tower with Radar,0,14,7,0,21,0,0,6,0,6,0,14,13,0,27,0,0,0,27
11/27/2015,MGM,AL,ASO,ES,Combined TRACON& Tower with Radar,2,26,10,0,38,0,2,11,0,13,2,28,21,0,51,4,0,4,55
11/28/2015,MGM,AL,ASO,ES,Combined TRACON& Tower with Radar,2,26,10,1,39,0,4,5,3,12,2,30,15,4,51,0,0,0,51
11/29/2015,MGM,AL,ASO,ES,Combined TRACON& Tower with Radar,0,32,18,0,50,0,1,7,0,8,0,33,25,0,58,0,0,0,58
11/30/2015,MGM,AL,ASO,ES,Combined TRACON& Tower with Radar,0,30,18,31,79,0,0,18,1,19,0,30,36,32,98,6,84,90,188
12/01/2015,MGM,AL,ASO,ES,Combined TRACON& Tower with Radar,0,28,21,70,119,0,0,3,4,7,0,28,24,74,126,0,2,2,128
12/02/2015,MGM,AL,ASO,ES,Combined TRACON& Tower with Radar,0,30,30,59,119,0,0,3,4,7,0,30,33,63,126,98,14,112,238
12/03/2015,MGM,AL,ASO,ES,Combined TRACON& Tower with Radar,0,28,24,47,99,0,3,35,11,49,0,31,59,58,148,27,36,63,211
12/04/2015,MGM,AL,ASO,ES,Combined TRACON& Tower with Radar,0,27,24,65,116,0,7,22,6,35,0,34,46,71,151,28,6,34,185
12/05/2015,MGM,AL,ASO,ES,Combined TRACON& Tower with Radar,0,16,16,10,42,0,3,9,0,12,0,19,25,10,54,0,12,12,66
12/06/2015,MGM,AL,ASO,ES,Combined TRACON& Tower with Radar,0,24,15,59,98,0,3,14,10,27,0,27,29,69,125,6,76,82,207
12/07/2015,MGM,AL,ASO,ES,Combined TRACON& Tower with Radar,0,29,28,48,105,0,2,23,0,25,0,31,51,48,130,6,0,6,136
12/08/2015,MGM,AL,ASO,ES,Combined TRACON& Tower with Radar,0,31,32,63,126,0,1,10,3,14,0,32,42,66,140,0,20,20,160
12/09/2015,MGM,AL,ASO,ES,Combined TRACON& Tower with Radar,0,29,26,83,138,0,1,25,6,32,0,30,51,89,170,2,62,64,234
12/10/2015,MGM,AL,ASO,ES,Combined TRACON& Tower with Radar,0,28,18,38,84,0,0,7,11,18,0,28,25,49,102,8,20,28,130
12/11/2015,MGM,AL,ASO,ES,Combined TRACON& Tower with Radar,0,32,30,49,111,0,2,17,13,32,0,34,47,62,143,28,25,53,196
12/12/2015,MGM,AL,ASO,ES,Combined TRACON& Tower with Radar,4,18,24,12,58,0,0,15,6,21,4,18,39,18,79,10,0,10,89
12/13/2015,MGM,AL,ASO,ES,Combined TRACON& Tower with Radar,0,27,22,31,80,0,0,4,5,9,0,27,26,36,89,16,28,44,133
12/14/2015,MGM,AL,ASO,ES,Combined TRACON& Tower with Radar,0,27,21,8,56,0,0,3,0,3,0,27,24,8,59,0,0,0,59
12/15/2015,MGM,AL,ASO,ES,Combined TRACON& Tower with Radar,4,35,33,35,107,0,0,26,3,29,4,35,59,38,136,14,30,44,180
12/16/2015,MGM,AL,ASO,ES,Combined TRACON& Tower with Radar,0,29,29,45,103,0,0,1,0,1,0,29,30,45,104,0,58,58,162
12/17/2015,MGM,AL,ASO,ES,Combined TRACON& Tower with Radar,2,36,46,33,117,0,0,1,2,3,2,36,47,35,120,18,2,20,140
12/18/2015,MGM,AL,ASO,ES,Combined TRACON& Tower with Radar,0,25,38,44,107,0,0,28,13,41,0,25,66,57,148,14,44,58,206
12/19/2015,MGM,AL,ASO,ES,Combined TRACON& Tower with Radar,2,20,29,4,55,0,0,19,0,19,2,20,48,4,74,12,0,12,86
12/20/2015,MGM,AL,ASO,ES,Combined TRACON& Tower with Radar,0,24,24,7,55,0,0,15,5,20,0,24,39,12,75,16,14,30,105
12/21/2015,MGM,AL,ASO,ES,Combined TRACON& Tower with Radar,0,26,12,22,60,0,0,8,0,8,0,26,20,22,68,2,22,24,92
12/22/2015,MGM,AL,ASO,ES,Combined TRACON& Tower with Radar,2,24,18,6,50,0,0,0,0,0,2,24,18,6,50,6,0,6,56
12/23/2015,MGM,AL,ASO,ES,Combined TRACON& Tower with Radar,0,24,15,2,41,0,0,0,0,0,0,24,15,2,41,0,0,0,41
12/24/2015,MGM,AL,ASO,ES,Combined TRACON& Tower with Radar,6,22,7,0,35,0,0,0,0,0,6,22,7,0,35,14,0,14,49
12/25/2015,MGM,AL,ASO,ES,Combined TRACON& Tower with Radar,2,18,4,0,24,0,0,0,0,0,2,18,4,0,24,0,0,0,24
12/26/2015,MGM,AL,ASO,ES,Combined TRACON& Tower with Radar,1,16,18,0,35,0,0,12,0,12,1,16,30,0,47,24,0,24,71
12/27/2015,MGM,AL,ASO,ES,Combined TRACON& Tower with Radar,0,20,11,0,31,0,0,4,0,4,0,20,15,0,35,0,0,0,35
12/28/2015,MGM,AL,ASO,ES,Combined TRACON& Tower with Radar,1,27,5,1,34,0,0,0,0,0,1,27,5,1,34,0,10,10,44
12/29/2015,MGM,AL,ASO,ES,Combined TRACON& Tower with Radar,0,22,13,37,72,0,3,14,4,21,0,25,27,41,93,18,40,58,151
12/30/2015,MGM,AL,ASO,ES,Combined TRACON& Tower with Radar,0,23,15,10,48,0,0,1,0,1,0,23,16,10,49,0,0,0,49
12/31/2015,MGM,AL,ASO,ES,Combined TRACON& Tower with Radar,0,19,18,14,51,0,2,6,0,8,0,21,24,14,59,6,0,6,65
01/01/2016,MGM,AL,ASO,ES,Combined TRACON& Tower with Radar,0,19,4,0,23,0,0,11,0,11,0,19,15,0,34,4,0,4,38
01/02/2016,MGM,AL,ASO,ES,Combined TRACON& Tower with Radar,0,19,20,0,39,0,5,19,0,24,0,24,39,0,63,34,0,34,97
01/03/2016,MGM,AL,ASO,ES,Combined TRACON& Tower with Radar,0,24,18,0,42,0,0,9,0,9,0,24,27,0,51,2,0,2,53
01/04/2016,MGM,AL,ASO,ES,Combined TRACON& Tower with Radar,0,22,27,12,61,0,7,17,5,29,0,29,44,17,90,0,8,8,98
01/05/2016,MGM,AL,ASO,ES,Combined TRACON& Tower with Radar,0,24,26,72,122,0,1,26,4,31,0,25,52,76,153,4,30,34,187
01/06/2016,MGM,AL,ASO,ES,Combined TRACON& Tower with Radar,0,27,28,50,105,0,1,20,3,24,0,28,48,53,129,16,36,52,181
01/07/2016,MGM,AL,ASO,ES,Combined TRACON& Tower with Radar,0,24,19,83,126,0,1,13,5,19,0,25,32,88,145,10,48,58,203
01/08/2016,MGM,AL,ASO,ES,Combined TRACON& Tower with Radar,2,26,24,101,153,0,1,2,7,10,2,27,26,108,163,16,76,92,255
01/09/2016,MGM,AL,ASO,ES,Combined TRACON& Tower with Radar,2,14,6,21,43,0,0,0,0,0,2,14,6,21,43,0,0,0,43
01/10/2016,MGM,AL,ASO,ES,Combined TRACON& Tower with Radar,0,25,8,22,55,0,1,8,12,21,0,26,16,34,76,8,18,26,102
01/11/2016,MGM,AL,ASO,ES,Combined TRACON& Tower with Radar,1,27,33,35,96,0,1,11,3,15,1,28,44,38,111,0,70,70,181
01/12/2016,MGM,AL,ASO,ES,Combined TRACON& Tower with Radar,3,24,31,49,107,0,1,18,2,21,3,25,49,51,128,10,0,10,138
01/13/2016,MGM,AL,ASO,ES,Combined TRACON& Tower with Radar,0,24,26,66,116,0,0,22,15,37,0,24,48,81,153,22,78,100,253
01/14/2016,MGM,AL,ASO,ES,Combined TRACON& Tower with Radar,0,25,21,26,72,0,3,16,2,21,0,28,37,28,93,12,62,74,167
01/15/2016,MGM,AL,ASO,ES,Combined TRACON& Tower with Radar,2,24,19,7,52,0,0,0,0,0,2,24,19,7,52,0,0,0,52
01/16/2016,MGM,AL,ASO,ES,Combined TRACON& Tower with Radar,0,19,10,10,39,0,0,12,0,12,0,19,22,10,51,0,0,0,51
01/17/2016,MGM,AL,ASO,ES,Combined TRACON& Tower with Radar,0,21,7,17,45,0,2,3,1,6,0,23,10,18,51,4,0,4,55
01/18/2016,MGM,AL,ASO,ES,Combined TRACON& Tower with Radar,2,28,23,0,53,0,1,32,0,33,2,29,55,0,86,18,0,18,104
01/19/2016,MGM,AL,ASO,ES,Combined TRACON& Tower with Radar,0,27,34,85,146,0,2,15,3,20,0,29,49,88,166,74,48,122,288
01/20/2016,MGM,AL,ASO,ES,Combined TRACON& Tower with Radar,0,24,37,77,138,0,2,9,8,19,0,26,46,85,157,50,88,138,295
01/21/2016,MGM,AL,ASO,ES,Combined TRACON& Tower with Radar,0,26,16,20,62,0,0,0,0,0,0,26,16,20,62,0,0,0,62
01/22/2016,MGM,AL,ASO,ES,Combined TRACON& Tower with Radar,0,22,20,15,57,0,0,0,3,3,0,22,20,18,60,0,24,24,84
01/23/2016,MGM,AL,ASO,ES,Combined TRACON& Tower with Radar,0,12,10,21,43,0,1,6,6,13,0,13,16,27,56,26,68,94,150
01/24/2016,MGM,AL,ASO,ES,Combined TRACON& Tower with Radar,0,22,16,18,56,0,0,32,5,37,0,22,48,23,93,50,24,74,167
01/25/2016,MGM,AL,ASO,ES,Combined TRACON& Tower with Radar,0,32,32,70,134,0,6,27,1,34,0,38,59,71,168,40,126,166,334
01/26/2016,MGM,AL,ASO,ES,Combined TRACON& Tower with Radar,0,32,38,60,130,0,2,6,4,12,0,34,44,64,142,46,70,116,258
01/27/2016,MGM,AL,ASO,ES,Combined TRACON& Tower with Radar,0,26,28,48,102,0,0,3,0,3,0,26,31,48,105,20,4,24,129
01/28/2016,MGM,AL,ASO,ES,Combined TRACON& Tower with Radar,0,26,52,61,139,0,0,14,10,24,0,26,66,71,163,10,36,46,209
01/29/2016,MGM,AL,ASO,ES,Combined TRACON& Tower with Radar,1,22,33,58,114,0,3,26,13,42,1,25,59,71,156,6,28,34,190
01/30/2016,MGM,AL,ASO,ES,Combined TRACON& Tower with Radar,1,23,28,12,64,0,0,28,1,29,1,23,56,13,93,22,0,22,115
01/31/2016,MGM,AL,ASO,ES,Combined TRACON& Tower with Radar,0,22,21,13,56,0,3,11,1,15,0,25,32,14,71,10,0,10,81
02/01/2016,MGM,AL,ASO,ES,Combined TRACON& Tower with Radar,2,31,29,70,132,0,2,4,0,6,2,33,33,70,138,34,6,40,178
02/02/2016,MGM,AL,ASO,ES,Combined TRACON& Tower with Radar,2,24,17,75,118,0,0,0,4,4,2,24,17,79,122,10,78,88,210
02/03/2016,MGM,AL,ASO,ES,Combined TRACON& Tower with Radar,0,25,30,35,90,0,2,4,1,7,0,27,34,36,97,26,22,48,145
02/04/2016,MGM,AL,ASO,ES,Combined TRACON& Tower with Radar,0,27,42,78,147,0,2,18,26,46,0,29,60,104,193,28,68,96,289
02/05/2016,MGM,AL,ASO,ES,Combined TRACON& Tower with Radar,0,25,28,47,100,0,2,23,4,29,0,27,51,51,129,46,18,64,193
02/06/2016,MGM,AL,ASO,ES,Combined TRACON& Tower with Radar,0,14,16,5,35,0,6,31,10,47,0,20,47,15,82,22,0,22,104
02/07/2016,MGM,AL,ASO,ES,Combined TRACON& Tower with Radar,0,17,14,11,42,0,1,28,6,35,0,18,42,17,77,24,0,24,101
02/08/2016,MGM,AL,ASO,ES,Combined TRACON& Tower with Radar,0,27,24,66,117,0,1,9,13,23,0,28,33,79,140,0,108,108,248
02/09/2016,MGM,AL,ASO,ES,Combined TRACON& Tower with Radar,0,24,10,108,142,0,0,13,17,30,0,24,23,125,172,54,110,164,336
02/10/2016,MGM,AL,ASO,ES,Combined TRACON& Tower with Radar,0,26,46,95,167,0,0,24,26,50,0,26,70,121,217,0,92,92,309
02/11/2016,MGM,AL,ASO,ES,Combined TRACON& Tower with Radar,0,22,38,60,120,0,4,32,8,44,0,26,70,68,164,18,92,110,274
02/12/2016,MGM,AL,ASO,ES,Combined TRACON& Tower with Radar,0,24,36,45,105,0,4,21,1,26,0,28,57,46,131,4,0,4,135
02/13/2016,MGM,AL,ASO,ES,Combined TRACON& Tower with Radar,0,17,16,0,33,0,0,16,0,16,0,17,32,0,49,2,0,2,51
02/14/2016,MGM,AL,ASO,ES,Combined TRACON& Tower with Radar,0,18,16,0,34,0,1,13,0,14,0,19,29,0,48,6,4,10,58
02/15/2016,MGM,AL,ASO,ES,Combined TRACON& Tower with Radar,0,26,26,4,56,0,2,1,0,3,0,28,27,4,59,14,0,14,73
02/16/2016,MGM,AL,ASO,ES,Combined TRACON& Tower with Radar,0,23,43,101,167,0,2,24,6,32,0,25,67,107,199,38,86,124,323
02/17/2016,MGM,AL,ASO,ES,Combined TRACON& Tower with Radar,0,25,41,53,119,0,1,29,18,48,0,26,70,71,167,28,48,76,243
02/18/2016,MGM,AL,ASO,ES,Combined TRACON& Tower with Radar,0,25,31,41,97,0,10,33,26,69,0,35,64,67,166,50,54,104,270
02/19/2016,MGM,AL,ASO,ES,Combined TRACON& Tower with Radar,0,22,24,66,112,0,0,28,7,35,0,22,52,73,147,10,4,14,161
02/20/2016,MGM,AL,ASO,ES,Combined TRACON& Tower with Radar,1,17,15,31,64,0,0,21,7,28,1,17,36,38,92,8,6,14,106
02/21/2016,MGM,AL,ASO,ES,Combined TRACON& Tower with Radar,1,23,28,33,85,0,0,11,5,16,1,23,39,38,101,10,0,10,111
02/22/2016,MGM,AL,ASO,ES,Combined TRACON& Tower with Radar,0,20,26,7,53,0,2,4,0,6,0,22,30,7,59,8,26,34,93
02/23/2016,MGM,AL,ASO,ES,Combined TRACON& Tower with Radar,0,27,14,34,75,0,0,0,2,2,0,27,14,36,77,0,0,0,77
02/24/2016,MGM,AL,ASO,ES,Combined TRACON& Tower with Radar,0,22,18,140,180,0,1,0,3,4,0,23,18,143,184,0,162,162,346
02/25/2016,MGM,AL,ASO,ES,Combined TRACON& Tower with Radar,0,31,27,82,140,0,2,28,15,45,0,33,55,97,185,16,56,72,257
02/26/2016,MGM,AL,ASO,ES,Combined TRACON& Tower with Radar,0,26,24,47,97,0,0,29,20,49,0,26,53,67,146,20,1,21,167
02/27/2016,MGM,AL,ASO,ES,Combined TRACON& Tower with Radar,0,20,27,12,59,0,0,22,0,22,0,20,49,12,81,18,0,18,99
02/28/2016,MGM,AL,ASO,ES,Combined TRACON& Tower with Radar,0,25,13,3,41,0,0,15,1,16,0,25,28,4,57,10,0,10,67
02/29/2016,MGM,AL,ASO,ES,Combined TRACON& Tower with Radar,0,24,34,51,109,0,2,17,5,24,0,26,51,56,133,4,58,62,195
03/01/2016,MGM,AL,ASO,ES,Combined TRACON& Tower with Radar,1,31,24,39,95,0,1,7,11,19,1,32,31,50,114,18,10,28,142
03/02/2016,MGM,AL,ASO,ES,Combined TRACON& Tower with Radar,0,27,30,52,109,0,2,26,16,44,0,29,56,68,153,36,4,40,193
03/03/2016,MGM,AL,ASO,ES,Combined TRACON& Tower with Radar,0,26,26,17,69,0,0,6,2,8,0,26,32,19,77,0,8,8,85
03/04/2016,MGM,AL,ASO,ES,Combined TRACON& Tower with Radar,0,28,30,70,128,0,2,13,11,26,0,30,43,81,154,8,2,10,164
03/05/2016,MGM,AL,ASO,ES,Combined TRACON& Tower with Radar,0,19,27,5,51,0,0,27,4,31,0,19,54,9,82,22,8,30,112
03/06/2016,MGM,AL,ASO,ES,Combined TRACON& Tower with Radar,0,32,24,25,81,0,0,17,5,22,0,32,41,30,103,34,6,40,143
03/07/2016,MGM,AL,ASO,ES,Combined TRACON& Tower with Radar,0,28,27,40,95,0,2,16,5,23,0,30,43,45,118,20,8,28,146
03/08/2016,MGM,AL,ASO,ES,Combined TRACON& Tower with Radar,0,26,29,60,115,0,2,20,2,24,0,28,49,62,139,36,8,44,183
03/09/2016,MGM,AL,ASO,ES,Combined TRACON& Tower with Radar,0,29,14,89,132,0,6,17,8,31,0,35,31,97,163,56,94,150,313
03/10/2016,MGM,AL,ASO,ES,Combined TRACON& Tower with Radar,0,24,28,110,162,0,4,6,17,27,0,28,34,127,189,52,44,96,285
03/11/2016,MGM,AL,ASO,ES,Combined TRACON& Tower with Radar,0,25,22,59,106,0,0,4,14,18,0,25,26,73,124,30,40,70,194
03/12/2016,MGM,AL,ASO,ES,Combined TRACON& Tower with Radar,2,16,5,4,27,0,0,5,4,9,2,16,10,8,36,0,2,2,38
03/13/2016,MGM,AL,ASO,ES,Combined TRACON& Tower with Radar,0,24,18,25,67,0,0,16,5,21,0,24,34,30,88,0,8,8,96
03/14/2016,MGM,AL,ASO,ES,Combined TRACON& Tower with Radar,1,24,29,53,107,0,0,7,5,12,1,24,36,58,119,14,50,64,183
03/15/2016,MGM,AL,ASO,ES,Combined TRACON& Tower with Radar,0,26,33,65,124,0,1,12,4,17,0,27,45,69,141,8,48,56,197
03/16/2016,MGM,AL,ASO,ES,Combined TRACON& Tower with Radar,2,25,37,62,126,0,0,29,6,35,2,25,66,68,161,40,26,66,227
03/17/2016,MGM,AL,ASO,ES,Combined TRACON& Tower with Radar,2,28,42,52,124,0,4,13,13,30,2,32,55,65,154,4,48,52,206
03/18/2016,MGM,AL,ASO,ES,Combined TRACON& Tower with Radar,0,25,18,52,95,0,0,5,3,8,0,25,23,55,103,0,14,14,117
03/19/2016,MGM,AL,ASO,ES,Combined TRACON& Tower with Radar,4,19,21,10,54,0,0,3,0,3,4,19,24,10,57,26,0,26,83
03/20/2016,MGM,AL,ASO,ES,Combined TRACON& Tower with Radar,2,28,13,40,83,0,2,23,5,30,2,30,36,45,113,12,0,12,125
03/21/2016,MGM,AL,ASO,ES,Combined TRACON& Tower with Radar,0,26,31,23,80,0,0,16,4,20,0,26,47,27,100,60,6,66,166
03/22/2016,MGM,AL,ASO,ES,Combined TRACON& Tower with Radar,0,26,24,33,83,0,5,29,12,46,0,31,53,45,129,24,54,78,207
03/23/2016,MGM,AL,ASO,ES,Combined TRACON& Tower with Radar,2,24,41,98,165,0,1,28,4,33,2,25,69,102,198,24,62,86,284
03/24/2016,MGM,AL,ASO,ES,Combined TRACON& Tower with Radar,2,33,22,28,85,0,0,2,0,2,2,33,24,28,87,8,12,20,107
03/25/2016,MGM,AL,ASO,ES,Combined TRACON& Tower with Radar,0,26,32,95,153,0,6,19,14,39,0,32,51,109,192,10,24,34,226
03/26/2016,MGM,AL,ASO,ES,Combined TRACON& Tower with Radar,0,16,17,0,33,0,0,2,0,2,0,16,19,0,35,0,0,0,35
03/27/2016,MGM,AL,ASO,ES,Combined TRACON& Tower with Radar,0,22,13,0,35,0,0,0,0,0,0,22,13,0,35,0,0,0,35
03/28/2016,MGM,AL,ASO,ES,Combined TRACON& Tower with Radar,0,25,26,82,133,0,5,12,1,18,0,30,38,83,151,10,74,84,235
03/29/2016,MGM,AL,ASO,ES,Combined TRACON& Tower with Radar,0,25,37,76,138,0,1,35,6,42,0,26,72,82,180,72,74,146,326
03/30/2016,MGM,AL,ASO,ES,Combined TRACON& Tower with Radar,0,24,26,90,140,0,2,16,14,32,0,26,42,104,172,24,72,96,268
03/31/2016,MGM,AL,ASO,ES,Combined TRACON& Tower with Radar,0,24,24,6,54,0,0,3,7,10,0,24,27,13,64,14,8,22,86
04/01/2016,MGM,AL,ASO,ES,Combined TRACON& Tower with Radar,3,28,17,4,52,0,0,0,1,1,3,28,17,5,53,0,0,0,53
04/02/2016,MGM,AL,ASO,ES,Combined TRACON& Tower with Radar,1,23,20,90,134,0,5,21,3,29,1,28,41,93,163,0,0,0,163
04/03/2016,MGM,AL,ASO,ES,Combined TRACON& Tower with Radar,0,23,15,9,47,0,4,13,14,31,0,27,28,23,78,30,4,34,112
04/04/2016,MGM,AL,ASO,ES,Combined TRACON& Tower with Radar,4,23,26,89,142,0,3,26,8,37,4,26,52,97,179,46,24,70,249
04/05/2016,MGM,AL,ASO,ES,Combined TRACON& Tower with Radar,4,21,40,52,117,0,2,27,15,44,4,23,67,67,161,66,22,88,249
04/06/2016,MGM,AL,ASO,ES,Combined TRACON& Tower with Radar,6,23,24,74,127,0,1,4,8,13,6,24,28,82,140,20,28,48,188
04/07/2016,MGM,AL,ASO,ES,Combined TRACON& Tower with Radar,4,23,18,79,124,0,5,12,17,34,4,28,30,96,158,6,52,58,216
04/08/2016,MGM,AL,ASO,ES,Combined TRACON& Tower with Radar,6,19,24,50,99,0,2,21,6,29,6,21,45,56,128,10,70,80,208
04/09/2016,MGM,AL,ASO,ES,Combined TRACON& Tower with Radar,0,17,19,42,78,0,2,12,3,17,0,19,31,45,95,6,50,56,151
04/10/2016,MGM,AL,ASO,ES,Combined TRACON& Tower with Radar,2,22,30,44,98,0,3,10,5,18,2,25,40,49,116,0,14,14,130
04/11/2016,MGM,AL,ASO,ES,Combined TRACON& Tower with Radar,7,17,26,41,91,0,1,12,0,13,7,18,38,41,104,6,30,36,140
04/12/2016,MGM,AL,ASO,ES,Combined TRACON& Tower with Radar,6,22,20,106,154,0,2,11,2,15,6,24,31,108,169,0,22,22,191
04/13/2016,MGM,AL,ASO,ES,Combined TRACON& Tower with Radar,8,17,23,40,88,0,1,7,13,21,8,18,30,53,109,4,66,70,179
04/14/2016,MGM,AL,ASO,ES,Combined TRACON& Tower with Radar,6,22,24,123,175,0,0,1,17,18,6,22,25,140,193,20,46,66,259
04/15/2016,MGM,AL,ASO,ES,Combined TRACON& Tower with Radar,6,18,28,118,170,0,0,5,11,16,6,18,33,129,186,6,52,58,244
04/16/2016,MGM,AL,ASO,ES,Combined TRACON& Tower with Radar,0,18,27,8,53,0,10,11,0,21,0,28,38,8,74,0,0,0,74
04/17/2016,MGM,AL,ASO,ES,Combined TRACON& Tower with Radar,4,21,11,34,70,0,0,20,1,21,4,21,31,35,91,4,0,4,95
04/18/2016,MGM,AL,ASO,ES,Combined TRACON& Tower with Radar,6,18,26,49,99,0,4,22,5,31,6,22,48,54,130,82,62,144,274
04/19/2016,MGM,AL,ASO,ES,Combined TRACON& Tower with Radar,8,19,36,116,179,0,2,28,11,41,8,21,64,127,220,18,160,178,398
04/20/2016,MGM,AL,ASO,ES,Combined TRACON& Tower with Radar,8,17,35,97,157,0,0,36,9,45,8,17,71,106,202,98,96,194,396
04/21/2016,MGM,AL,ASO,ES,Combined TRACON& Tower with Radar,6,19,29,66,120,0,2,5,12,19,6,21,34,78,139,0,80,80,219
04/22/2016,MGM,AL,ASO,ES,Combined TRACON& Tower with Radar,6,20,20,72,118,0,5,4,13,22,6,25,24,85,140,8,26,34,174
04/23/2016,MGM,AL,ASO,ES,Combined TRACON& Tower with Radar,2,14,19,18,53,0,3,29,4,36,2,17,48,22,89,10,4,14,103
04/24/2016,MGM,AL,ASO,ES,Combined TRACON& Tower with Radar,4,20,17,50,91,0,0,11,8,19,4,20,28,58,110,0,14,14,124
04/25/2016,MGM,AL,ASO,ES,Combined TRACON& Tower with Radar,6,23,25,44,98,0,4,23,6,33,6,27,48,50,131,10,0,10,141
04/26/2016,MGM,AL,ASO,ES,Combined TRACON& Tower with Radar,6,20,23,77,126,0,5,23,5,33,6,25,46,82,159,34,54,88,247
04/27/2016,MGM,AL,ASO,ES,Combined TRACON& Tower with Radar,8,18,24,26,76,0,2,2,5,9,8,20,26,31,85,34,32,66,151
04/28/2016,MGM,AL,ASO,ES,Combined TRACON& Tower with Radar,6,19,30,79,134,0,1,6,14,21,6,20,36,93,155,34,18,52,207
04/29/2016,MGM,AL,ASO,ES,Combined TRACON& Tower with Radar,8,15,18,75,116,0,2,23,9,34,8,17,41,84,150,28,44,72,222
04/30/2016,MGM,AL,ASO,ES,Combined TRACON& Tower with Radar,1,17,14,4,36,0,0,11,0,11,1,17,25,4,47,8,2,10,57
05/01/2016,MGM,AL,ASO,ES,Combined TRACON& Tower with Radar,4,19,26,14,63,0,2,8,7,17,4,21,34,21,80,34,0,34,114
05/02/2016,MGM,AL,ASO,ES,Combined TRACON& Tower with Radar,4,23,28,35,90,0,1,2,0,3,4,24,30,35,93,14,0,14,107
05/03/2016,MGM,AL,ASO,ES,Combined TRACON& Tower with Radar,4,23,37,60,124,0,0,9,8,17,4,23,46,68,141,14,42,56,197
05/04/2016,MGM,AL,ASO,ES,Combined TRACON& Tower with Radar,4,23,30,86,143,0,0,25,11,36,4,23,55,97,179,6,94,100,279
05/05/2016,MGM,AL,ASO,ES,Combined TRACON& Tower with Radar,2,25,26,84,137,0,1,27,11,39,2,26,53,95,176,22,12,34,210
05/06/2016,MGM,AL,ASO,ES,Combined TRACON& Tower with Radar,4,19,21,53,97,0,0,15,6,21,4,19,36,59,118,0,0,0,118
05/07/2016,MGM,AL,ASO,ES,Combined TRACON& Tower with Radar,2,16,30,5,53,0,4,34,0,38,2,20,64,5,91,26,0,26,117
05/08/2016,MGM,AL,ASO,ES,Combined TRACON& Tower with Radar,4,19,24,43,90,0,0,20,6,26,4,19,44,49,116,0,24,24,140
05/09/2016,MGM,AL,ASO,ES,Combined TRACON& Tower with Radar,4,23,29,60,116,0,1,15,0,16,4,24,44,60,132,6,28,34,166
05/10/2016,MGM,AL,ASO,ES,Combined TRACON& Tower with Radar,4,22,37,54,117,0,0,17,2,19,4,22,54,56,136,32,24,56,192
05/11/2016,MGM,AL,ASO,ES,Combined TRACON& Tower with Radar,4,21,24,49,98,0,4,24,9,37,4,25,48,58,135,42,18,60,195
05/12/2016,MGM,AL,ASO,ES,Combined TRACON& Tower with Radar,4,26,26,74,130,0,0,12,12,24,4,26,38,86,154,6,54,60,214
05/13/2016,MGM,AL,ASO,ES,Combined TRACON& Tower with Radar,4,24,32,57,117,0,1,18,23,42,4,25,50,80,159,14,0,14,173
05/14/2016,MGM,AL,ASO,ES,Combined TRACON& Tower with Radar,2,14,10,9,35,0,3,25,16,44,2,17,35,25,79,14,1,15,94
05/15/2016,MGM,AL,ASO,ES,Combined TRACON& Tower with Radar,4,22,19,40,85,0,1,29,8,38,4,23,48,48,123,17,0,17,140
05/16/2016,MGM,AL,ASO,ES,Combined TRACON& Tower with Radar,4,22,25,26,77,0,0,31,1,32,4,22,56,27,109,32,64,96,205
05/17/2016,MGM,AL,ASO,ES,Combined TRACON& Tower with Radar,4,21,25,60,110,0,1,14,3,18,4,22,39,63,128,20,80,100,228
05/18/2016,MGM,AL,ASO,ES,Combined TRACON& Tower with Radar,4,33,24,81,142,0,2,15,13,30,4,35,39,94,172,12,26,38,210
05/19/2016,MGM,AL,ASO,ES,Combined TRACON& Tower with Radar,4,23,47,99,173,0,2,13,14,29,4,25,60,113,202,26,58,84,286
05/20/2016,MGM,AL,ASO,ES,Combined TRACON& Tower with Radar,4,22,27,96,149,0,3,6,17,26,4,25,33,113,175,20,32,52,227
05/21/2016,MGM,AL,ASO,ES,Combined TRACON& Tower with Radar,5,11,15,15,46,0,0,16,10,26,5,11,31,25,72,34,0,34,106
05/22/2016,MGM,AL,ASO,ES,Combined TRACON& Tower with Radar,4,20,26,50,100,0,0,16,14,30,4,20,42,64,130,0,0,0,130
05/23/2016,MGM,AL,ASO,ES,Combined TRACON& Tower with Radar,10,22,35,44,111,0,6,17,2,25,10,28,52,46,136,2,44,46,182
05/24/2016,MGM,AL,ASO,ES,Combined TRACON& Tower with Radar,4,21,22,49,96,0,5,29,13,47,4,26,51,62,143,34,52,86,229
05/25/2016,MGM,AL,ASO,ES,Combined TRACON& Tower with Radar,4,22,33,74,133,0,3,24,19,46,4,25,57,93,179,4,48,52,231
05/26/2016,MGM,AL,ASO,ES,Combined TRACON& Tower with Radar,4,22,28,71,125,0,1,25,10,36,4,23,53,81,161,0,32,32,193
05/27/2016,MGM,AL,ASO,ES,Combined TRACON& Tower with Radar,4,19,25,10,58,0,2,19,0,21,4,21,44,10,79,4,0,4,83
05/28/2016,MGM,AL,ASO,ES,Combined TRACON& Tower with Radar,2,15,18,0,35,0,0,16,0,16,2,15,34,0,51,2,0,2,53
05/29/2016,MGM,AL,ASO,ES,Combined TRACON& Tower with Radar,2,20,10,2,34,0,2,9,1,12,2,22,19,3,46,0,0,0,46
05/30/2016,MGM,AL,ASO,ES,Combined TRACON& Tower with Radar,4,20,23,9,56,0,1,15,1,17,4,21,38,10,73,18,0,18,91
05/31/2016,MGM,AL,ASO,ES,Combined TRACON& Tower with Radar,4,16,29,42,91,0,5,23,2,30,4,21,52,44,121,50,22,72,193
06/01/2016,MGM,AL,ASO,ES,Combined TRACON& Tower with Radar,6,22,22,54,104,0,4,10,9,23,6,26,32,63,127,0,84,84,211
06/02/2016,MGM,AL,ASO,ES,Combined TRACON& Tower with Radar,4,23,28,93,148,0,2,25,8,35,4,25,53,101,183,20,134,154,337
06/03/2016,MGM,AL,ASO,ES,Combined TRACON& Tower with Radar,3,38,28,103,172,0,6,30,12,48,3,44,58,115,220,22,108,130,350
06/04/2016,MGM,AL,ASO,ES,Combined TRACON& Tower with Radar,1,18,15,39,73,0,3,24,25,52,1,21,39,64,125,28,2,30,155
06/05/2016,MGM,AL,ASO,ES,Combined TRACON& Tower with Radar,4,22,14,61,101,0,0,7,4,11,4,22,21,65,112,6,0,6,118
06/06/2016,MGM,AL,ASO,ES,Combined TRACON& Tower with Radar,4,20,25,6,55,0,0,3,0,3,4,20,28,6,58,4,18,22,80
06/07/2016,MGM,AL,ASO,ES,Combined TRACON& Tower with Radar,4,20,28,59,111,0,2,21,4,27,4,22,49,63,138,14,24,38,176
06/08/2016,MGM,AL,ASO,ES,Combined TRACON& Tower with Radar,4,23,21,60,108,0,2,22,3,27,4,25,43,63,135,34,26,60,195
06/09/2016,MGM,AL,ASO,ES,Combined TRACON& Tower with Radar,1,24,34,66,125,0,1,22,2,25,1,25,56,68,150,24,22,46,196
06/10/2016,MGM,AL,ASO,ES,Combined TRACON& Tower with Radar,0,27,22,61,110,0,1,20,16,37,0,28,42,77,147,4,46,50,197
06/11/2016,MGM,AL,ASO,ES,Combined TRACON& Tower with Radar,0,17,23,6,46,0,2,20,1,23,0,19,43,7,69,14,12,26,95
06/12/2016,MGM,AL,ASO,ES,Combined TRACON& Tower with Radar,0,21,20,47,88,0,0,13,19,32,0,21,33,66,120,0,2,2,122
06/13/2016,MGM,AL,ASO,ES,Combined TRACON& Tower with Radar,0,20,20,15,55,0,0,9,2,11,0,20,29,17,66,0,0,0,66
06/14/2016,MGM,AL,ASO,ES,Combined TRACON& Tower with Radar,8,17,23,50,98,0,2,12,3,17,8,19,35,53,115,24,37,61,176
06/15/2016,MGM,AL,ASO,ES,Combined TRACON& Tower with Radar,0,23,25,31,79,0,0,1,1,2,0,23,26,32,81,0,0,0,81
06/16/2016,MGM,AL,ASO,ES,Combined TRACON& Tower with Radar,0,25,28,26,79,0,1,20,11,32,0,26,48,37,111,6,12,18,129
06/17/2016,MGM,AL,ASO,ES,Combined TRACON& Tower with Radar,0,20,25,18,63,0,0,7,10,17,0,20,32,28,80,0,4,4,84
06/18/2016,MGM,AL,ASO,ES,Combined TRACON& Tower with Radar,1,17,24,28,70,0,0,7,2,9,1,17,31,30,79,0,8,8,87
06/19/2016,MGM,AL,ASO,ES,Combined TRACON& Tower with Radar,5,22,20,10,57,0,2,19,4,25,5,24,39,14,82,10,14,24,106
06/20/2016,MGM,AL,ASO,ES,Combined TRACON& Tower with Radar,0,23,17,66,106,0,2,35,3,40,0,25,52,69,146,18,12,30,176
06/21/2016,MGM,AL,ASO,ES,Combined TRACON& Tower with Radar,0,24,47,79,150,0,1,24,2,27,0,25,71,81,177,28,38,66,243
06/22/2016,MGM,AL,ASO,ES,Combined TRACON& Tower with Radar,0,25,32,56,113,0,3,28,4,35,0,28,60,60,148,64,4,68,216
06/23/2016,MGM,AL,ASO,ES,Combined TRACON& Tower with Radar,0,23,22,53,98,0,6,19,8,33,0,29,41,61,131,54,16,70,201
06/24/2016,MGM,AL,ASO,ES,Combined TRACON& Tower with Radar,0,22,30,55,107,0,5,24,7,36,0,27,54,62,143,38,32,70,213
06/25/2016,MGM,AL,ASO,ES,Combined TRACON& Tower with Radar,0,18,20,6,44,0,0,24,1,25,0,18,44,7,69,6,6,12,81
06/26/2016,MGM,AL,ASO,ES,Combined TRACON& Tower with Radar,2,22,15,6,45,0,0,16,3,19,2,22,31,9,64,34,0,34,98
06/27/2016,MGM,AL,ASO,ES,Combined TRACON& Tower with Radar,2,25,18,57,102,0,5,17,4,26,2,30,35,61,128,12,102,114,242
06/28/2016,MGM,AL,ASO,ES,Combined TRACON& Tower with Radar,0,25,22,49,96,0,3,5,4,12,0,28,27,53,108,12,2,14,122
06/29/2016,MGM,AL,ASO,ES,Combined TRACON& Tower with Radar,1,25,23,62,111,0,4,15,12,31,1,29,38,74,142,52,46,98,240
06/30/2016,MGM,AL,ASO,ES,Combined TRACON& Tower with Radar,2,21,18,64,105,0,1,7,5,13,2,22,25,69,118,2,72,74,192
07/01/2016,MGM,AL,ASO,ES,Combined TRACON& Tower with Radar,0,21,12,14,47,0,3,8,0,11,0,24,20,14,58,4,26,30,88
07/02/2016,MGM,AL,ASO,ES,Combined TRACON& Tower with Radar,0,16,11,0,27,0,0,16,0,16,0,16,27,0,43,6,0,6,49
07/03/2016,MGM,AL,ASO,ES,Combined TRACON& Tower with Radar,0,18,13,0,31,0,0,7,0,7,0,18,20,0,38,8,0,8,46
07/04/2016,MGM,AL,ASO,ES,Combined TRACON& Tower with Radar,0,18,7,0,25,0,1,3,0,4,0,19,10,0,29,0,0,0,29
07/05/2016,MGM,AL,ASO,ES,Combined TRACON& Tower with Radar,0,19,27,12,58,0,5,8,4,17,0,24,35,16,75,8,30,38,113
07/06/2016,MGM,AL,ASO,ES,Combined TRACON& Tower with Radar,2,21,23,27,73,0,7,12,3,22,2,28,35,30,95,20,44,64,159
07/07/2016,MGM,AL,ASO,ES,Combined TRACON& Tower with Radar,0,25,27,55,107,0,2,25,11,38,0,27,52,66,145,28,68,96,241
07/08/2016,MGM,AL,ASO,ES,Combined TRACON& Tower with Radar,0,29,16,120,165,0,4,24,9,37,0,33,40,129,202,10,74,84,286
07/09/2016,MGM,AL,ASO,ES,Combined TRACON& Tower with Radar,0,19,8,1,28,0,2,12,1,15,0,21,20,2,43,6,6,12,55
07/10/2016,MGM,AL,ASO,ES,Combined TRACON& Tower with Radar,0,27,12,17,56,0,0,12,11,23,0,27,24,28,79,6,4,10,89
07/11/2016,MGM,AL,ASO,ES,Combined TRACON& Tower with Radar,0,24,29,21,74,0,2,12,5,19,0,26,41,26,93,10,0,10,103
07/12/2016,MGM,AL,ASO,ES,Combined TRACON& Tower with Radar,0,26,12,41,79,0,3,10,2,15,0,29,22,43,94,0,26,26,120
07/13/2016,MGM,AL,ASO,ES,Combined TRACON& Tower with Radar,0,22,16,70,108,0,5,12,5,22,0,27,28,75,130,0,36,36,166
07/14/2016,MGM,AL,ASO,ES,Combined TRACON& Tower with Radar,0,26,39,60,125,0,8,23,7,38,0,34,62,67,163,26,62,88,251
07/15/2016,MGM,AL,ASO,ES,Combined TRACON& Tower with Radar,0,26,29,135,190,0,5,19,17,41,0,31,48,152,231,0,16,16,247
07/16/2016,MGM,AL,ASO,ES,Combined TRACON& Tower with Radar,0,18,14,7,39,0,0,21,2,23,0,18,35,9,62,14,0,14,76
07/17/2016,MGM,AL,ASO,ES,Combined TRACON& Tower with Radar,0,26,17,26,69,0,4,12,9,25,0,30,29,35,94,10,0,10,104
07/18/2016,MGM,AL,ASO,ES,Combined TRACON& Tower with Radar,0,24,32,67,123,0,4,17,1,22,0,28,49,68,145,8,0,8,153
07/19/2016,MGM,AL,ASO,ES,Combined TRACON& Tower with Radar,0,22,26,25,73,0,3,24,8,35,0,25,50,33,108,18,48,66,174
07/20/2016,MGM,AL,ASO,ES,Combined TRACON& Tower with Radar,0,26,40,60,126,0,2,21,7,30,0,28,61,67,156,24,82,106,262
07/21/2016,MGM,AL,ASO,ES,Combined TRACON& Tower with Radar,2,20,27,27,76,0,3,16,13,32,2,23,43,40,108,12,8,20,128
07/22/2016,MGM,AL,ASO,ES,Combined TRACON& Tower with Radar,0,24,29,91,144,0,1,12,22,35,0,25,41,113,179,28,10,38,217
07/23/2016,MGM,AL,ASO,ES,Combined TRACON& Tower with Radar,0,19,15,9,43,0,0,20,4,24,0,19,35,13,67,38,0,38,105
07/24/2016,MGM,AL,ASO,ES,Combined TRACON& Tower with Radar,0,21,18,86,125,0,0,25,17,42,0,21,43,103,167,28,16,44,211
07/25/2016,MGM,AL,ASO,ES,Combined TRACON& Tower with Radar,0,26,13,70,109,0,2,18,2,22,0,28,31,72,131,28,34,62,193
07/26/2016,MGM,AL,ASO,ES,Combined TRACON& Tower with Radar,0,21,12,72,105,0,8,12,7,27,0,29,24,79,132,50,112,162,294
07/27/2016,MGM,AL,ASO,ES,Combined TRACON& Tower with Radar,0,24,21,100,145,0,6,28,3,37,0,30,49,103,182,0,48,48,230
07/28/2016,MGM,AL,ASO,ES,Combined TRACON& Tower with Radar,0,25,26,102,153,0,4,22,18,44,0,29,48,120,197,2,108,110,307
07/29/2016,MGM,AL,ASO,ES,Combined TRACON& Tower with Radar,0,25,33,111,169,0,1,10,31,42,0,26,43,142,211,46,70,116,327
07/30/2016,MGM,AL,ASO,ES,Combined TRACON& Tower with Radar,4,19,10,4,37,0,0,3,0,3,4,19,13,4,40,18,0,18,58
07/31/2016,MGM,AL,ASO,ES,Combined TRACON& Tower with Radar,4,28,23,63,118,0,0,8,17,25,4,28,31,80,143,0,0,0,143
08/01/2016,MGM,AL,ASO,ES,Combined TRACON& Tower with Radar,1,25,15,33,74,0,7,13,3,23,1,32,28,36,97,6,14,20,117
08/02/2016,MGM,AL,ASO,ES,Combined TRACON& Tower with Radar,0,22,24,26,72,0,8,11,4,23,0,30,35,30,95,6,20,26,121
08/03/2016,MGM,AL,ASO,ES,Combined TRACON& Tower with Radar,0,23,22,51,96,0,8,11,13,32,0,31,33,64,128,28,24,52,180
08/04/2016,MGM,AL,ASO,ES,Combined TRACON& Tower with Radar,0,26,23,48,97,0,9,27,11,47,0,35,50,59,144,50,26,76,220
08/05/2016,MGM,AL,ASO,ES,Combined TRACON& Tower with Radar,0,24,27,75,126,0,5,16,17,38,0,29,43,92,164,6,58,64,228
08/06/2016,MGM,AL,ASO,ES,Combined TRACON& Tower with Radar,0,17,19,38,74,0,1,23,17,41,0,18,42,55,115,0,28,28,143
08/07/2016,MGM,AL,ASO,ES,Combined TRACON& Tower with Radar,0,22,15,48,85,0,4,19,6,29,0,26,34,54,114,28,26,54,168
08/08/2016,MGM,AL,ASO,ES,Combined TRACON& Tower with Radar,0,18,19,30,67,0,0,9,1,10,0,18,28,31,77,0,16,16,93
08/09/2016,MGM,AL,ASO,ES,Combined TRACON& Tower with Radar,0,25,29,69,123,0,3,4,7,14,0,28,33,76,137,2,28,30,167
08/10/2016,MGM,AL,ASO,ES,Combined TRACON& Tower with Radar,0,21,23,70,114,0,0,0,0,0,0,21,23,70,114,6,3,9,123
08/11/2016,MGM,AL,ASO,ES,Combined TRACON& Tower with Radar,0,24,16,48,88,0,0,3,8,11,0,24,19,56,99,20,22,42,141
08/12/2016,MGM,AL,ASO,ES,Combined TRACON& Tower with Radar,0,21,19,81,121,0,1,5,10,16,0,22,24,91,137,4,10,14,151
08/13/2016,MGM,AL,ASO,ES,Combined TRACON& Tower with Radar,0,19,13,8,40,0,0,10,0,10,0,19,23,8,50,0,0,0,50
08/14/2016,MGM,AL,ASO,ES,Combined TRACON& Tower with Radar,0,27,15,31,73,0,1,15,0,16,0,28,30,31,89,4,0,4,93
08/15/2016,MGM,AL,ASO,ES,Combined TRACON& Tower with Radar,0,30,23,53,106,0,2,17,1,20,0,32,40,54,126,34,42,76,202
08/16/2016,MGM,AL,ASO,ES,Combined TRACON& Tower with Radar,0,32,27,57,116,0,1,7,3,11,0,33,34,60,127,30,118,148,275
08/17/2016,MGM,AL,ASO,ES,Combined TRACON& Tower with Radar,0,20,27,47,94,0,4,16,4,24,0,24,43,51,118,44,42,86,204
08/18/2016,MGM,AL,ASO,ES,Combined TRACON& Tower with Radar,2,21,35,141,199,0,4,11,17,32,2,25,46,158,231,14,68,82,313
08/19/2016,MGM,AL,ASO,ES,Combined TRACON& Tower with Radar,0,20,32,136,188,0,1,12,21,34,0,21,44,157,222,114,62,176,398
08/20/2016,MGM,AL,ASO,ES,Combined TRACON& Tower with Radar,0,14,14,30,58,0,0,11,15,26,0,14,25,45,84,32,26,58,142
08/21/2016,MGM,AL,ASO,ES,Combined TRACON& Tower with Radar,0,27,20,60,107,0,2,12,15,29,0,29,32,75,136,10,10,20,156
08/22/2016,MGM,AL,ASO,ES,Combined TRACON& Tower with Radar,0,24,12,50,86,0,0,13,5,18,0,24,25,55,104,34,57,91,195
08/23/2016,MGM,AL,ASO,ES,Combined TRACON& Tower with Radar,2,25,18,79,124,0,2,19,9,30,2,27,37,88,154,38,40,78,232
08/24/2016,MGM,AL,ASO,ES,Combined TRACON& Tower with Radar,2,17,30,107,156,0,3,14,9,26,2,20,44,116,182,16,83,99,281
08/25/2016,MGM,AL,ASO,ES,Combined TRACON& Tower with Radar,5,20,38,117,180,0,3,23,22,48,5,23,61,139,228,80,160,240,468
08/26/2016,MGM,AL,ASO,ES,Combined TRACON& Tower with Radar,5,23,29,81,138,0,0,35,22,57,5,23,64,103,195,38,24,62,257
08/27/2016,MGM,AL,ASO,ES,Combined TRACON& Tower with Radar,5,14,20,11,50,0,0,35,3,38,5,14,55,14,88,20,0,20,108
08/28/2016,MGM,AL,ASO,ES,Combined TRACON& Tower with Radar,7,17,19,68,111,0,4,13,18,35,7,21,32,86,146,20,24,44,190
08/29/2016,MGM,AL,ASO,ES,Combined TRACON& Tower with Radar,6,21,27,58,112,0,1,16,6,23,6,22,43,64,135,12,44,56,191
08/30/2016,MGM,AL,ASO,ES,Combined TRACON& Tower with Radar,5,21,27,43,96,0,0,23,11,34,5,21,50,54,130,14,26,40,170
08/31/2016,MGM,AL,ASO,ES,Combined TRACON& Tower with Radar,6,20,27,90,143,0,1,20,10,31,6,21,47,100,174,26,68,94,268
09/01/2016,MGM,AL,ASO,ES,Combined TRACON& Tower with Radar,5,22,12,25,64,0,0,14,5,19,5,22,26,30,83,14,4,18,101
09/02/2016,MGM,AL,ASO,ES,Combined TRACON& Tower with Radar,12,24,18,8,62,0,4,8,0,12,12,28,26,8,74,14,4,18,92
09/03/2016,MGM,AL,ASO,ES,Combined TRACON& Tower with Radar,2,13,9,5,29,0,0,4,0,4,2,13,13,5,33,6,0,6,39
09/04/2016,MGM,AL,ASO,ES,Combined TRACON& Tower with Radar,3,14,8,0,25,0,3,4,0,7,3,17,12,0,32,0,0,0,32
09/05/2016,MGM,AL,ASO,ES,Combined TRACON& Tower with Radar,2,19,13,4,38,0,0,2,0,2,2,19,15,4,40,8,0,8,48
09/06/2016,MGM,AL,ASO,ES,Combined TRACON& Tower with Radar,4,21,25,113,163,0,5,33,6,44,4,26,58,119,207,12,90,102,309
09/07/2016,MGM,AL,ASO,ES,Combined TRACON& Tower with Radar,4,22,43,68,137,0,3,16,12,31,4,25,59,80,168,24,78,102,270
09/08/2016,MGM,AL,ASO,ES,Combined TRACON& Tower with Radar,5,23,37,88,153,0,5,27,23,55,5,28,64,111,208,32,122,154,362
09/09/2016,MGM,AL,ASO,ES,Combined TRACON& Tower with Radar,3,23,24,62,112,0,0,21,20,41,3,23,45,82,153,26,48,74,227
09/10/2016,MGM,AL,ASO,ES,Combined TRACON& Tower with Radar,2,13,9,38,62,0,0,12,6,18,2,13,21,44,80,0,16,16,96
09/11/2016,MGM,AL,ASO,ES,Combined TRACON& Tower with Radar,3,21,15,27,66,0,1,9,4,14,3,22,24,31,80,12,22,34,114
09/12/2016,MGM,AL,ASO,ES,Combined TRACON& Tower with Radar,4,21,29,77,131,0,7,15,10,32,4,28,44,87,163,12,46,58,221
09/13/2016,MGM,AL,ASO,ES,Combined TRACON& Tower with Radar,4,24,25,67,120,0,0,19,7,26,4,24,44,74,146,28,40,68,214
09/14/2016,MGM,AL,ASO,ES,Combined TRACON& Tower with Radar,4,28,64,95,191,0,1,22,19,42,4,29,86,114,233,32,58,90,323
09/15/2016,MGM,AL,ASO,ES,Combined TRACON& Tower with Radar,5,34,40,54,133,0,3,21,22,46,5,37,61,76,179,10,20,30,209
09/16/2016,MGM,AL,ASO,ES,Combined TRACON& Tower with Radar,7,22,24,75,128,0,0,12,21,33,7,22,36,96,161,34,38,72,233
09/17/2016,MGM,AL,ASO,ES,Combined TRACON& Tower with Radar,3,15,12,12,42,0,0,2,3,5,3,15,14,15,47,0,0,0,47
09/18/2016,MGM,AL,ASO,ES,Combined TRACON& Tower with Radar,3,20,26,17,66,0,0,4,9,13,3,20,30,26,79,20,0,20,99
09/19/2016,MGM,AL,ASO,ES,Combined TRACON& Tower with Radar,5,23,26,37,91,0,0,26,2,28,5,23,52,39,119,42,0,42,161
09/20/2016,MGM,AL,ASO,ES,Combined TRACON& Tower with Radar,4,22,35,87,148,0,3,23,7,33,4,25,58,94,181,20,36,56,237
09/21/2016,MGM,AL,ASO,ES,Combined TRACON& Tower with Radar,4,24,37,62,127,0,4,27,7,38,4,28,64,69,165,88,100,188,353
09/22/2016,MGM,AL,ASO,ES,Combined TRACON& Tower with Radar,5,29,25,81,140,0,1,27,8,36,5,30,52,89,176,16,20,36,212
09/23/2016,MGM,AL,ASO,ES,Combined TRACON& Tower with Radar,8,20,42,53,123,0,2,15,17,34,8,22,57,70,157,16,10,26,183
09/24/2016,MGM,AL,ASO,ES,Combined TRACON& Tower with Radar,4,15,18,4,41,0,0,9,0,9,4,15,27,4,50,0,0,0,50
09/25/2016,MGM,AL,ASO,ES,Combined TRACON& Tower with Radar,3,20,15,9,47,0,0,10,9,19,3,20,25,18,66,8,0,8,74
09/26/2016,MGM,AL,ASO,ES,Combined TRACON& Tower with Radar,5,22,25,44,96,0,6,13,8,27,5,28,38,52,123,0,24,24,147
09/27/2016,MGM,AL,ASO,ES,Combined TRACON& Tower with Radar,3,24,28,71,126,0,0,24,6,30,3,24,52,77,156,10,110,120,276
09/28/2016,MGM,AL,ASO,ES,Combined TRACON& Tower with Radar,4,19,30,55,108,0,2,25,5,32,4,21,55,60,140,20,22,42,182
09/29/2016,MGM,AL,ASO,ES,Combined TRACON& Tower with Radar,5,25,36,133,199,0,3,15,13,31,5,28,51,146,230,26,74,100,330
09/30/2016,MGM,AL,ASO,ES,Combined TRACON& Tower with Radar,5,20,48,33,106,0,0,22,7,29,5,20,70,40,135,6,6,12,147
10/01/2016,MGM,AL,ASO,ES,Combined TRACON& Tower with Radar,3,14,18,16,51,0,0,15,2,17,3,14,33,18,68,6,10,16,84
10/02/2016,MGM,AL,ASO,ES,Combined TRACON& Tower with Radar,5,20,22,20,67,0,0,22,0,22,5,20,44,20,89,2,16,18,107
10/03/2016,MGM,AL,ASO,ES,Combined TRACON& Tower with Radar,7,26,27,35,95,0,2,14,3,19,7,28,41,38,114,20,16,36,150
10/04/2016,MGM,AL,ASO,ES,Combined TRACON& Tower with Radar,3,23,35,90,151,0,3,30,11,44,3,26,65,101,195,30,50,80,275
10/05/2016,MGM,AL,ASO,ES,Combined TRACON& Tower with Radar,3,21,48,82,154,0,0,38,7,45,3,21,86,89,199,34,56,90,289
10/06/2016,MGM,AL,ASO,ES,Combined TRACON& Tower with Radar,4,23,26,88,141,0,5,20,8,33,4,28,46,96,174,8,38,46,220
10/07/2016,MGM,AL,ASO,ES,Combined TRACON& Tower with Radar,6,21,22,45,94,0,0,19,6,25,6,21,41,51,119,12,0,12,131
10/08/2016,MGM,AL,ASO,ES,Combined TRACON& Tower with Radar,3,14,18,1,36,0,5,17,3,25,3,19,35,4,61,2,0,2,63
10/09/2016,MGM,AL,ASO,ES,Combined TRACON& Tower with Radar,2,21,23,20,66,0,1,17,2,20,2,22,40,22,86,14,0,14,100
10/10/2016,MGM,AL,ASO,ES,Combined TRACON& Tower with Radar,4,23,22,2,51,0,1,22,0,23,4,24,44,2,74,16,0,16,90
10/11/2016,MGM,AL,ASO,ES,Combined TRACON& Tower with Radar,2,21,41,43,107,0,1,37,11,49,2,22,78,54,156,22,20,42,198
10/12/2016,MGM,AL,ASO,ES,Combined TRACON& Tower with Radar,2,23,26,48,99,0,2,17,14,33,2,25,43,62,132,48,26,74,206
10/13/2016,MGM,AL,ASO,ES,Combined TRACON& Tower with Radar,2,25,27,93,147,0,2,22,12,36,2,27,49,105,183,0,30,30,213
10/14/2016,MGM,AL,ASO,ES,Combined TRACON& Tower with Radar,2,26,28,96,152,0,3,22,26,51,2,29,50,122,203,6,34,40,243
10/15/2016,MGM,AL,ASO,ES,Combined TRACON& Tower with Radar,2,14,17,21,54,0,0,8,2,10,2,14,25,23,64,8,8,16,80
10/16/2016,MGM,AL,ASO,ES,Combined TRACON& Tower with Radar,0,24,19,18,61,0,0,9,13,22,0,24,28,31,83,0,0,0,83
10/17/2016,MGM,AL,ASO,ES,Combined TRACON& Tower with Radar,4,26,28,65,123,0,3,24,3,30,4,29,52,68,153,8,24,32,185
10/18/2016,MGM,AL,ASO,ES,Combined TRACON& Tower with Radar,2,23,33,87,145,0,2,21,14,37,2,25,54,101,182,26,86,112,294
10/19/2016,MGM,AL,ASO,ES,Combined TRACON& Tower with Radar,2,23,30,48,103,0,2,13,5,20,2,25,43,53,123,2,40,42,165
10/20/2016,MGM,AL,ASO,ES,Combined TRACON& Tower with Radar,4,28,32,129,193,0,3,29,7,39,4,31,61,136,232,18,106,124,356
10/21/2016,MGM,AL,ASO,ES,Combined TRACON& Tower with Radar,5,20,39,75,139,0,2,18,10,30,5,22,57,85,169,0,10,10,179
10/22/2016,MGM,AL,ASO,ES,Combined TRACON& Tower with Radar,2,12,11,18,43,0,0,14,3,17,2,12,25,21,60,20,8,28,88
10/23/2016,MGM,AL,ASO,ES,Combined TRACON& Tower with Radar,2,19,24,23,68,0,0,15,2,17,2,19,39,25,85,38,0,38,123
10/24/2016,MGM,AL,ASO,ES,Combined TRACON& Tower with Radar,4,21,34,62,121,0,3,29,14,46,4,24,63,76,167,20,8,28,195
10/25/2016,MGM,AL,ASO,ES,Combined TRACON& Tower with Radar,2,20,22,81,125,0,0,6,16,22,2,20,28,97,147,0,38,38,185
10/26/2016,MGM,AL,ASO,ES,Combined TRACON& Tower with Radar,2,24,37,67,130,0,1,21,11,33,2,25,58,78,163,12,44,56,219
10/27/2016,MGM,AL,ASO,ES,Combined TRACON& Tower with Radar,4,21,31,70,126,0,5,22,20,47,4,26,53,90,173,48,70,118,291
10/28/2016,MGM,AL,ASO,ES,Combined TRACON& Tower with Radar,3,20,23,40,86,0,1,16,20,37,3,21,39,60,123,6,14,20,143
10/29/2016,MGM,AL,ASO,ES,Combined TRACON& Tower with Radar,2,12,17,0,31,0,2,39,0,41,2,14,56,0,72,89,0,89,161
10/30/2016,MGM,AL,ASO,ES,Combined TRACON& Tower with Radar,2,22,14,27,65,0,1,22,7,30,2,23,36,34,95,26,0,26,121
10/31/2016,MGM,AL,ASO,ES,Combined TRACON& Tower with Radar,6,19,20,19,64,0,2,17,0,19,6,21,37,19,83,6,0,6,89
11/01/2016,MGM,AL,ASO,ES,Combined TRACON& Tower with Radar,2,19,35,90,146,0,1,19,11,31,2,20,54,101,177,2,76,78,255
11/02/2016,MGM,AL,ASO,ES,Combined TRACON& Tower with Radar,2,26,28,76,132,0,3,16,5,24,2,29,44,81,156,6,18,24,180
11/03/2016,MGM,AL,ASO,ES,Combined TRACON& Tower with Radar,4,23,20,90,137,0,6,11,14,31,4,29,31,104,168,6,90,96,264
11/04/2016,MGM,AL,ASO,ES,Combined TRACON& Tower with Radar,3,18,29,65,115,0,0,20,15,35,3,18,49,80,150,26,29,55,205
11/05/2016,MGM,AL,ASO,ES,Combined TRACON& Tower with Radar,3,21,10,28,62,0,0,12,10,22,3,21,22,38,84,10,20,30,114
11/06/2016,MGM,AL,ASO,ES,Combined TRACON& Tower with Radar,0,23,13,36,72,0,2,17,21,40,0,25,30,57,112,32,84,116,228
11/07/2016,MGM,AL,ASO,ES,Combined TRACON& Tower with Radar,0,25,23,39,87,0,3,14,3,20,0,28,37,42,107,26,0,26,133
11/08/2016,MGM,AL,ASO,ES,Combined TRACON& Tower with Radar,2,20,29,59,110,0,1,8,11,20,2,21,37,70,130,16,70,86,216
11/09/2016,MGM,AL,ASO,ES,Combined TRACON& Tower with Radar,0,28,27,71,126,0,3,23,13,39,0,31,50,84,165,90,38,128,293
11/10/2016,MGM,AL,ASO,ES,Combined TRACON& Tower with Radar,0,27,35,38,100,0,2,23,10,35,0,29,58,48,135,18,32,50,185
11/11/2016,MGM,AL,ASO,ES,Combined TRACON& Tower with Radar,2,29,25,5,61,0,1,27,0,28,2,30,52,5,89,12,0,12,101
11/12/2016,MGM,AL,ASO,ES,Combined TRACON& Tower with Radar,2,17,24,6,49,0,0,22,0,22,2,17,46,6,71,28,0,28,99
11/13/2016,MGM,AL,ASO,ES,Combined TRACON& Tower with Radar,0,26,17,5,48,0,2,17,0,19,0,28,34,5,67,24,0,24,91
11/14/2016,MGM,AL,ASO,ES,Combined TRACON& Tower with Radar,0,27,24,73,124,0,1,15,13,29,0,28,39,86,153,0,46,46,199
11/15/2016,MGM,AL,ASO,ES,Combined TRACON& Tower with Radar,0,26,28,94,148,0,8,25,8,41,0,34,53,102,189,60,116,176,365
11/16/2016,MGM,AL,ASO,ES,Combined TRACON& Tower with Radar,0,27,28,56,111,0,0,12,6,18,0,27,40,62,129,16,40,56,185
11/17/2016,MGM,AL,ASO,ES,Combined TRACON& Tower with Radar,0,31,29,84,144,0,4,20,22,46,0,35,49,106,190,0,52,52,242
11/18/2016,MGM,AL,ASO,ES,Combined TRACON& Tower with Radar,2,23,29,90,144,0,0,32,16,48,2,23,61,106,192,8,80,88,280
11/19/2016,MGM,AL,ASO,ES,Combined TRACON& Tower with Radar,2,15,10,20,47,0,0,13,16,29,2,15,23,36,76,0,2,2,78
11/20/2016,MGM,AL,ASO,ES,Combined TRACON& Tower with Radar,0,24,14,41,79,0,2,26,2,30,0,26,40,43,109,38,6,44,153
11/21/2016,MGM,AL,ASO,ES,Combined TRACON& Tower with Radar,0,27,28,56,111,0,0,26,6,32,0,27,54,62,143,48,10,58,201
11/22/2016,MGM,AL,ASO,ES,Combined TRACON& Tower with Radar,0,26,40,86,152,0,2,15,11,28,0,28,55,97,180,10,59,69,249
11/23/2016,MGM,AL,ASO,ES,Combined TRACON& Tower with Radar,0,26,19,39,84,0,0,9,6,15,0,26,28,45,99,0,42,42,141
11/24/2016,MGM,AL,ASO,ES,Combined TRACON& Tower with Radar,0,15,6,0,21,0,1,6,0,7,0,16,12,0,28,0,0,0,28
11/25/2016,MGM,AL,ASO,ES,Combined TRACON& Tower with Radar,0,24,14,0,38,0,0,23,1,24,0,24,37,1,62,10,0,10,72
11/26/2016,MGM,AL,ASO,ES,Combined TRACON& Tower with Radar,0,27,11,0,38,0,0,13,2,15,0,27,24,2,53,8,2,10,63
11/27/2016,MGM,AL,ASO,ES,Combined TRACON& Tower with Radar,0,26,28,0,54,0,1,7,0,8,0,27,35,0,62,12,0,12,74
11/28/2016,MGM,AL,ASO,ES,Combined TRACON& Tower with Radar,2,27,22,25,76,0,0,8,2,10,2,27,30,27,86,20,16,36,122
11/29/2016,MGM,AL,ASO,ES,Combined TRACON& Tower with Radar,0,21,29,77,127,0,7,4,3,14,0,28,33,80,141,20,36,56,197
11/30/2016,MGM,AL,ASO,ES,Combined TRACON& Tower with Radar,0,25,22,25,72,0,1,3,2,6,0,26,25,27,78,0,31,31,109
12/01/2016,MGM,AL,ASO,ES,Combined TRACON& Tower with Radar,0,27,23,90,140,0,2,24,19,45,0,29,47,109,185,28,82,110,295
12/02/2016,MGM,AL,ASO,ES,Combined TRACON& Tower with Radar,0,30,28,63,121,0,2,16,17,35,0,32,44,80,156,10,54,64,220
12/03/2016,MGM,AL,ASO,ES,Combined TRACON& Tower with Radar,0,15,28,58,101,0,0,12,3,15,0,15,40,61,116,28,30,58,174
12/04/2016,MGM,AL,ASO,ES,Combined TRACON& Tower with Radar,0,24,10,9,43,0,0,1,0,1,0,24,11,9,44,0,0,0,44
12/05/2016,MGM,AL,ASO,ES,Combined TRACON& Tower with Radar,0,28,13,36,77,0,0,0,0,0,0,28,13,36,77,0,0,0,77
12/06/2016,MGM,AL,ASO,ES,Combined TRACON& Tower with Radar,0,29,21,132,182,0,0,3,0,3,0,29,24,132,185,0,140,140,325
12/07/2016,MGM,AL,ASO,ES,Combined TRACON& Tower with Radar,0,21,36,61,118,0,0,6,5,11,0,21,42,66,129,26,38,64,193
12/08/2016,MGM,AL,ASO,ES,Combined TRACON& Tower with Radar,2,25,24,45,96,0,1,8,7,16,2,26,32,52,112,20,16,36,148
12/09/2016,MGM,AL,ASO,ES,Combined TRACON& Tower with Radar,0,26,17,96,139,0,4,17,9,30,0,30,34,105,169,20,36,56,225
12/10/2016,MGM,AL,ASO,ES,Combined TRACON& Tower with Radar,0,16,11,15,42,0,2,27,1,30,0,18,38,16,72,0,0,0,72
12/11/2016,MGM,AL,ASO,ES,Combined TRACON& Tower with Radar,0,28,19,8,55,0,0,7,2,9,0,28,26,10,64,0,2,2,66
12/12/2016,MGM,AL,ASO,ES,Combined TRACON& Tower with Radar,0,25,23,30,78,0,0,0,0,0,0,25,23,30,78,0,44,44,122
12/13/2016,MGM,AL,ASO,ES,Combined TRACON& Tower with Radar,3,21,27,2,53,0,0,0,0,0,3,21,27,2,53,0,0,0,53
12/14/2016,MGM,AL,ASO,ES,Combined TRACON& Tower with Radar,0,21,41,174,236,0,1,2,3,6,0,22,43,177,242,20,70,90,332
12/15/2016,MGM,AL,ASO,ES,Combined TRACON& Tower with Radar,1,31,30,106,168,0,1,19,14,34,1,32,49,120,202,2,168,170,372
12/16/2016,MGM,AL,ASO,ES,Combined TRACON& Tower with Radar,1,26,19,92,138,0,2,36,17,55,1,28,55,109,193,8,70,78,271
12/17/2016,MGM,AL,ASO,ES,Combined TRACON& Tower with Radar,4,18,17,18,57,0,0,2,0,2,4,18,19,18,59,0,0,0,59
12/18/2016,MGM,AL,ASO,ES,Combined TRACON& Tower with Radar,0,27,16,2,45,0,0,3,0,3,0,27,19,2,48,0,0,0,48
12/19/2016,MGM,AL,ASO,ES,Combined TRACON& Tower with Radar,0,26,27,46,99,0,1,14,0,15,0,27,41,46,114,4,26,30,144
12/20/2016,MGM,AL,ASO,ES,Combined TRACON& Tower with Radar,0,24,31,33,88,0,0,0,0,0,0,24,31,33,88,0,0,0,88
12/21/2016,MGM,AL,ASO,ES,Combined TRACON& Tower with Radar,0,23,16,47,86,0,6,9,6,21,0,29,25,53,107,0,2,2,109
12/22/2016,MGM,AL,ASO,ES,Combined TRACON& Tower with Radar,0,22,36,33,91,0,4,17,5,26,0,26,53,38,117,10,64,74,191
12/23/2016,MGM,AL,ASO,ES,Combined TRACON& Tower with Radar,0,26,25,14,65,0,0,25,0,25,0,26,50,14,90,0,8,8,98
12/24/2016,MGM,AL,ASO,ES,Combined TRACON& Tower with Radar,0,13,10,0,23,0,0,8,0,8,0,13,18,0,31,0,0,0,31
12/25/2016,MGM,AL,ASO,ES,Combined TRACON& Tower with Radar,0,17,9,0,26,0,0,1,0,1,0,17,10,0,27,0,0,0,27
12/26/2016,MGM,AL,ASO,ES,Combined TRACON& Tower with Radar,0,23,34,0,57,0,0,9,0,9,0,23,43,0,66,48,0,48,114
12/27/2016,MGM,AL,ASO,ES,Combined TRACON& Tower with Radar,0,22,14,0,36,0,3,5,1,9,0,25,19,1,45,12,0,12,57
12/28/2016,MGM,AL,ASO,ES,Combined TRACON& Tower with Radar,0,21,15,13,49,0,0,1,2,3,0,21,16,15,52,0,0,0,52
12/29/2016,MGM,AL,ASO,ES,Combined TRACON& Tower with Radar,0,24,17,43,84,0,1,6,0,7,0,25,23,43,91,0,48,48,139
12/30/2016,MGM,AL,ASO,ES,Combined TRACON& Tower with Radar,0,23,19,2,44,0,2,15,0,17,0,25,34,2,61,6,0,6,67
12/31/2016,MGM,AL,ASO,ES,Combined TRACON& Tower with Radar,0,13,14,0,27,0,0,2,0,2,0,13,16,0,29,0,0,0,29
01/01/2017,MGM,AL,ASO,ES,Combined TRACON& Tower with Radar,0,19,4,0,23,0,0,0,0,0,0,19,4,0,23,0,0,0,23
01/02/2017,MGM,AL,ASO,ES,Combined TRACON& Tower with Radar,0,19,7,0,26,0,0,0,0,0,0,19,7,0,26,0,0,0,26
01/03/2017,MGM,AL,ASO,ES,Combined TRACON& Tower with Radar,0,22,21,12,55,0,1,2,1,4,0,23,23,13,59,0,16,16,75
01/04/2017,MGM,AL,ASO,ES,Combined TRACON& Tower with Radar,0,26,28,70,124,0,1,7,2,10,0,27,35,72,134,34,56,90,224
01/05/2017,MGM,AL,ASO,ES,Combined TRACON& Tower with Radar,0,27,28,84,139,0,1,16,17,34,0,28,44,101,173,2,68,70,243
01/06/2017,MGM,AL,ASO,ES,Combined TRACON& Tower with Radar,0,15,8,2,25,0,0,1,0,1,0,15,9,2,26,0,16,16,42
01/07/2017,MGM,AL,ASO,ES,Combined TRACON& Tower with Radar,0,10,8,27,45,0,3,5,10,18,0,13,13,37,63,2,4,6,69
01/08/2017,MGM,AL,ASO,ES,Combined TRACON& Tower with Radar,0,24,20,39,83,0,2,17,3,22,0,26,37,42,105,14,24,38,143
01/09/2017,MGM,AL,ASO,ES,Combined TRACON& Tower with Radar,0,27,23,56,106,0,4,21,10,35,0,31,44,66,141,42,104,146,287
01/10/2017,MGM,AL,ASO,ES,Combined TRACON& Tower with Radar,0,24,32,84,140,0,4,15,7,26,0,28,47,91,166,22,78,100,266
01/11/2017,MGM,AL,ASO,ES,Combined TRACON& Tower with Radar,0,17,27,84,128,0,4,6,5,15,0,21,33,89,143,2,106,108,251
01/12/2017,MGM,AL,ASO,ES,Combined TRACON& Tower with Radar,0,25,42,102,169,0,16,16,12,44,0,41,58,114,213,40,100,140,353
01/13/2017,MGM,AL,ASO,ES,Combined TRACON& Tower with Radar,2,18,41,79,140,0,0,14,3,17,2,18,55,82,157,8,218,226,383
01/14/2017,MGM,AL,ASO,ES,Combined TRACON& Tower with Radar,0,17,13,5,35,0,0,21,0,21,0,17,34,5,56,24,0,24,80
01/15/2017,MGM,AL,ASO,ES,Combined TRACON& Tower with Radar,0,22,22,14,58,0,0,9,1,10,0,22,31,15,68,16,0,16,84
01/16/2017,MGM,AL,ASO,ES,Combined TRACON& Tower with Radar,0,23,42,0,65,0,0,15,0,15,0,23,57,0,80,6,0,6,86
01/17/2017,MGM,AL,ASO,ES,Combined TRACON& Tower with Radar,0,20,23,111,154,0,1,2,0,3,0,21,25,111,157,0,114,114,271
01/18/2017,MGM,AL,ASO,ES,Combined TRACON& Tower with Radar,2,19,24,90,135,0,2,7,5,14,2,21,31,95,149,80,25,105,254
01/19/2017,MGM,AL,ASO,ES,Combined TRACON& Tower with Radar,2,26,16,40,84,0,0,2,3,5,2,26,18,43,89,28,32,60,149
01/20/2017,MGM,AL,ASO,ES,Combined TRACON& Tower with Radar,0,23,26,79,128,0,0,4,2,6,0,23,30,81,134,0,8,8,142
01/21/2017,MGM,AL,ASO,ES,Combined TRACON& Tower with Radar,0,13,7,3,23,0,0,10,0,10,0,13,17,3,33,44,8,52,85
01/22/2017,MGM,AL,ASO,ES,Combined TRACON& Tower with Radar,9,21,10,1,41,0,2,0,0,2,9,23,10,1,43,0,0,0,43
01/23/2017,MGM,AL,ASO,ES,Combined TRACON& Tower with Radar,1,28,25,51,105,0,2,14,2,18,1,30,39,53,123,2,8,10,133
01/24/2017,MGM,AL,ASO,ES,Combined TRACON& Tower with Radar,0,19,50,115,184,0,4,21,3,28,0,23,71,118,212,20,49,69,281
01/25/2017,MGM,AL,ASO,ES,Combined TRACON& Tower with Radar,0,25,26,121,172,0,0,14,17,31,0,25,40,138,203,18,136,154,357
01/26/2017,MGM,AL,ASO,ES,Combined TRACON& Tower with Radar,0,34,39,106,179,0,2,27,19,48,0,36,66,125,227,34,78,112,339
01/27/2017,MGM,AL,ASO,ES,Combined TRACON& Tower with Radar,0,22,30,71,123,0,2,20,18,40,0,24,50,89,163,22,64,86,249
01/28/2017,MGM,AL,ASO,ES,Combined TRACON& Tower with Radar,0,15,22,19,56,0,0,36,3,39,0,15,58,22,95,120,10,130,225
01/29/2017,MGM,AL,ASO,ES,Combined TRACON& Tower with Radar,0,23,21,17,61,0,0,24,3,27,0,23,45,20,88,0,0,0,88
01/30/2017,MGM,AL,ASO,ES,Combined TRACON& Tower with Radar,0,28,25,52,105,0,2,16,2,20,0,30,41,54,125,56,66,122,247
01/31/2017,MGM,AL,ASO,ES,Combined TRACON& Tower with Radar,0,22,30,79,131,0,1,26,17,44,0,23,56,96,175,24,126,150,325
02/01/2017,MGM,AL,ASO,ES,Combined TRACON& Tower with Radar,0,23,29,86,138,0,1,26,25,52,0,24,55,111,190,32,178,210,400
02/02/2017,MGM,AL,ASO,ES,Combined TRACON& Tower with Radar,0,30,30,105,165,0,1,11,16,28,0,31,41,121,193,8,72,80,273
02/03/2017,MGM,AL,ASO,ES,Combined TRACON& Tower with Radar,0,25,26,96,147,0,0,4,9,13,0,25,30,105,160,4,0,4,164
02/04/2017,MGM,AL,ASO,ES,Combined TRACON& Tower with Radar,0,14,15,39,68,0,3,18,5,26,0,17,33,44,94,56,30,86,180
02/05/2017,MGM,AL,ASO,ES,Combined TRACON& Tower with Radar,0,20,20,38,78,0,0,2,1,3,0,20,22,39,81,2,8,10,91
02/06/2017,MGM,AL,ASO,ES,Combined TRACON& Tower with Radar,0,23,27,57,107,0,0,5,5,10,0,23,32,62,117,50,14,64,181
02/07/2017,MGM,AL,ASO,ES,Combined TRACON& Tower with Radar,0,24,15,22,61,0,3,0,1,4,0,27,15,23,65,0,0,0,65
02/08/2017,MGM,AL,ASO,ES,Combined TRACON& Tower with Radar,0,21,28,67,116,0,1,8,6,15,0,22,36,73,131,28,0,28,159
02/09/2017,MGM,AL,ASO,ES,Combined TRACON& Tower with Radar,3,25,26,59,113,0,5,8,15,28,3,30,34,74,141,61,68,129,270
02/10/2017,MGM,AL,ASO,ES,Combined TRACON& Tower with Radar,0,30,37,41,108,0,9,27,10,46,0,39,64,51,154,20,18,38,192
02/11/2017,MGM,AL,ASO,ES,Combined TRACON& Tower with Radar,0,18,11,36,65,0,0,21,1,22,0,18,32,37,87,0,0,0,87
02/12/2017,MGM,AL,ASO,ES,Combined TRACON& Tower with Radar,0,23,21,31,75,0,1,13,5,19,0,24,34,36,94,14,2,16,110
02/13/2017,MGM,AL,ASO,ES,Combined TRACON& Tower with Radar,2,26,23,55,106,0,1,11,6,18,2,27,34,61,124,0,42,42,166
02/14/2017,MGM,AL,ASO,ES,Combined TRACON& Tower with Radar,0,20,26,85,131,0,5,20,11,36,0,25,46,96,167,42,74,116,283
02/15/2017,MGM,AL,ASO,ES,Combined TRACON& Tower with Radar,0,30,38,47,115,0,2,5,11,18,0,32,43,58,133,54,2,56,189
02/16/2017,MGM,AL,ASO,ES,Combined TRACON& Tower with Radar,5,27,36,56,124,0,1,37,15,53,5,28,73,71,177,46,116,162,339
02/17/2017,MGM,AL,ASO,ES,Combined TRACON& Tower with Radar,11,26,38,67,142,0,0,23,21,44,11,26,61,88,186,8,32,40,226
02/18/2017,MGM,AL,ASO,ES,Combined TRACON& Tower with Radar,3,13,11,7,34,0,0,12,0,12,3,13,23,7,46,0,0,0,46
02/19/2017,MGM,AL,ASO,ES,Combined TRACON& Tower with Radar,3,15,20,2,40,0,5,25,2,32,3,20,45,4,72,10,0,10,82
02/20/2017,MGM,AL,ASO,ES,Combined TRACON& Tower with Radar,5,17,26,2,50,0,2,31,2,35,5,19,57,4,85,44,0,44,129
02/21/2017,MGM,AL,ASO,ES,Combined TRACON& Tower with Radar,3,17,29,12,61,0,0,0,0,0,3,17,29,12,61,0,0,0,61
02/22/2017,MGM,AL,ASO,ES,Combined TRACON& Tower with Radar,2,24,34,42,102,0,0,6,7,13,2,24,40,49,115,20,44,64,179
02/23/2017,MGM,AL,ASO,ES,Combined TRACON& Tower with Radar,5,18,36,43,102,0,6,25,13,44,5,24,61,56,146,54,112,166,312
02/24/2017,MGM,AL,ASO,ES,Combined TRACON& Tower with Radar,5,17,20,56,98,0,4,22,9,35,5,21,42,65,133,40,20,60,193
02/25/2017,MGM,AL,ASO,ES,Combined TRACON& Tower with Radar,3,14,16,23,56,0,1,15,2,18,3,15,31,25,74,32,2,34,108
02/26/2017,MGM,AL,ASO,ES,Combined TRACON& Tower with Radar,4,19,18,28,69,0,3,41,5,49,4,22,59,33,118,4,0,4,122
02/27/2017,MGM,AL,ASO,ES,Combined TRACON& Tower with Radar,5,17,16,7,45,0,0,1,0,1,5,17,17,7,46,2,0,2,48
02/28/2017,MGM,AL,ASO,ES,Combined TRACON& Tower with Radar,3,24,17,50,94,0,4,8,6,18,3,28,25,56,112,34,34,68,180
03/01/2017,MGM,AL,ASO,ES,Combined TRACON& Tower with Radar,3,20,33,48,104,0,3,5,15,23,3,23,38,63,127,56,46,102,229
03/02/2017,MGM,AL,ASO,ES,Combined TRACON& Tower with Radar,5,22,25,40,92,0,1,15,21,37,5,23,40,61,129,18,16,34,163
03/03/2017,MGM,AL,ASO,ES,Combined TRACON& Tower with Radar,5,22,26,48,101,0,4,20,15,39,5,26,46,63,140,18,2,20,160
03/04/2017,MGM,AL,ASO,ES,Combined TRACON& Tower with Radar,4,18,12,8,42,0,0,27,0,27,4,18,39,8,69,32,0,32,101
03/05/2017,MGM,AL,ASO,ES,Combined TRACON& Tower with Radar,6,20,19,7,52,0,0,15,3,18,6,20,34,10,70,40,18,58,128
03/06/2017,MGM,AL,ASO,ES,Combined TRACON& Tower with Radar,7,18,24,63,112,0,1,16,4,21,7,19,40,67,133,22,82,104,237
03/07/2017,MGM,AL,ASO,ES,Combined TRACON& Tower with Radar,5,20,17,33,75,0,4,6,2,12,5,24,23,35,87,26,10,36,123
03/08/2017,MGM,AL,ASO,ES,Combined TRACON& Tower with Radar,3,22,52,104,181,0,1,38,17,56,3,23,90,121,237,36,146,182,419
03/09/2017,MGM,AL,ASO,ES,Combined TRACON& Tower with Radar,5,25,51,62,143,0,15,29,15,59,5,40,80,77,202,14,90,104,306
03/10/2017,MGM,AL,ASO,ES,Combined TRACON& Tower with Radar,5,27,23,55,110,0,0,15,19,34,5,27,38,74,144,46,70,116,260
03/11/2017,MGM,AL,ASO,ES,Combined TRACON& Tower with Radar,3,18,18,13,52,0,0,13,12,25,3,18,31,25,77,8,30,38,115
03/12/2017,MGM,AL,ASO,ES,Combined TRACON& Tower with Radar,4,19,11,57,91,0,0,5,9,14,4,19,16,66,105,20,6,26,131
03/13/2017,MGM,AL,ASO,ES,Combined TRACON& Tower with Radar,5,19,35,41,100,0,0,0,0,0,5,19,35,41,100,0,0,0,100
03/14/2017,MGM,AL,ASO,ES,Combined TRACON& Tower with Radar,3,20,30,52,105,0,2,20,2,24,3,22,50,54,129,24,68,92,221
03/15/2017,MGM,AL,ASO,ES,Combined TRACON& Tower with Radar,3,16,40,69,128,0,2,36,11,49,3,18,76,80,177,64,52,116,293
03/16/2017,MGM,AL,ASO,ES,Combined TRACON& Tower with Radar,6,22,26,60,114,0,1,40,10,51,6,23,66,70,165,54,32,86,251
03/17/2017,MGM,AL,ASO,ES,Combined TRACON& Tower with Radar,6,20,44,69,139,0,4,25,11,40,6,24,69,80,179,14,32,46,225
03/18/2017,MGM,AL,ASO,ES,Combined TRACON& Tower with Radar,3,15,20,20,58,0,1,13,5,19,3,16,33,25,77,14,10,24,101
03/19/2017,MGM,AL,ASO,ES,Combined TRACON& Tower with Radar,5,18,21,11,55,0,1,20,8,29,5,19,41,19,84,0,17,17,101
03/20/2017,MGM,AL,ASO,ES,Combined TRACON& Tower with Radar,5,22,19,50,96,0,1,24,7,32,5,23,43,57,128,26,24,50,178
03/21/2017,MGM,AL,ASO,ES,Combined TRACON& Tower with Radar,5,23,26,60,114,0,0,25,25,50,5,23,51,85,164,46,28,74,238
03/22/2017,MGM,AL,ASO,ES,Combined TRACON& Tower with Radar,3,18,31,58,110,0,3,21,5,29,3,21,52,63,139,14,44,58,197
03/23/2017,MGM,AL,ASO,ES,Combined TRACON& Tower with Radar,6,18,36,61,121,0,7,17,13,37,6,25,53,74,158,0,58,58,216
03/24/2017,MGM,AL,ASO,ES,Combined TRACON& Tower with Radar,6,18,28,61,113,0,2,21,13,36,6,20,49,74,149,24,124,148,297
03/25/2017,MGM,AL,ASO,ES,Combined TRACON& Tower with Radar,1,16,17,8,42,0,0,2,0,2,1,16,19,8,44,12,0,12,56
03/26/2017,MGM,AL,ASO,ES,Combined TRACON& Tower with Radar,4,18,20,11,53,0,0,5,2,7,4,18,25,13,60,14,2,16,76
03/27/2017,MGM,AL,ASO,ES,Combined TRACON& Tower with Radar,5,18,26,37,86,0,0,10,6,16,5,18,36,43,102,28,70,98,200
03/28/2017,MGM,AL,ASO,ES,Combined TRACON& Tower with Radar,4,17,34,70,125,0,6,15,2,23,4,23,49,72,148,26,52,78,226
03/29/2017,MGM,AL,ASO,ES,Combined TRACON& Tower with Radar,3,17,29,71,120,0,0,19,21,40,3,17,48,92,160,12,38,50,210
03/30/2017,MGM,AL,ASO,ES,Combined TRACON& Tower with Radar,6,18,16,24,64,0,0,5,5,10,6,18,21,29,74,2,28,30,104
03/31/2017,MGM,AL,ASO,ES,Combined TRACON& Tower with Radar,6,18,44,96,164,0,4,19,16,39,6,22,63,112,203,40,36,76,279
04/01/2017,MGM,AL,ASO,ES,Combined TRACON& Tower with Radar,3,13,20,16,52,0,5,36,8,49,3,18,56,24,101,22,18,40,141
04/02/2017,MGM,AL,ASO,ES,Combined TRACON& Tower with Radar,5,18,13,43,79,0,5,17,8,30,5,23,30,51,109,8,0,8,117
04/03/2017,MGM,AL,ASO,ES,Combined TRACON& Tower with Radar,6,12,14,7,39,0,0,9,0,9,6,12,23,7,48,8,0,8,56
04/04/2017,MGM,AL,ASO,ES,Combined TRACON& Tower with Radar,4,19,39,63,125,0,1,30,15,46,4,20,69,78,171,50,26,76,247
04/05/2017,MGM,AL,ASO,ES,Combined TRACON& Tower with Radar,18,15,11,18,62,0,1,0,1,2,18,16,11,19,64,0,0,0,64
04/06/2017,MGM,AL,ASO,ES,Combined TRACON& Tower with Radar,4,11,23,33,71,0,1,10,10,21,4,12,33,43,92,10,6,16,108
04/07/2017,MGM,AL,ASO,ES,Combined TRACON& Tower with Radar,3,20,20,19,62,0,2,36,14,52,3,22,56,33,114,10,0,10,124
04/08/2017,MGM,AL,ASO,ES,Combined TRACON& Tower with Radar,3,13,11,7,34,0,0,10,4,14,3,13,21,11,48,22,0,22,70
04/09/2017,MGM,AL,ASO,ES,Combined TRACON& Tower with Radar,3,19,28,4,54,0,2,17,12,31,3,21,45,16,85,6,12,18,103
04/10/2017,MGM,AL,ASO,ES,Combined TRACON& Tower with Radar,2,20,25,54,101,0,6,20,14,40,2,26,45,68,141,26,6,32,173
04/11/2017,MGM,AL,ASO,ES,Combined TRACON& Tower with Radar,3,24,20,130,177,0,2,14,21,37,3,26,34,151,214,12,72,84,298
04/12/2017,MGM,AL,ASO,ES,Combined TRACON& Tower with Radar,3,22,27,77,129,0,3,23,8,34,3,25,50,85,163,30,57,87,250
04/13/2017,MGM,AL,ASO,ES,Combined TRACON& Tower with Radar,3,26,44,60,133,0,4,36,16,56,3,30,80,76,189,30,116,146,335
04/14/2017,MGM,AL,ASO,ES,Combined TRACON& Tower with Radar,2,21,17,79,119,0,3,22,1,26,2,24,39,80,145,18,44,62,207
04/15/2017,MGM,AL,ASO,ES,Combined TRACON& Tower with Radar,3,14,10,0,27,0,0,34,0,34,3,14,44,0,61,30,0,30,91
04/16/2017,MGM,AL,ASO,ES,Combined TRACON& Tower with Radar,3,24,10,5,42,0,5,10,1,16,3,29,20,6,58,8,12,20,78
04/17/2017,MGM,AL,ASO,ES,Combined TRACON& Tower with Radar,2,21,23,88,134,0,0,23,6,29,2,21,46,94,163,32,82,114,277
04/18/2017,MGM,AL,ASO,ES,Combined TRACON& Tower with Radar,3,18,30,76,127,0,5,22,2,29,3,23,52,78,156,76,42,118,274
04/19/2017,MGM,AL,ASO,ES,Combined TRACON& Tower with Radar,3,25,36,72,136,0,8,27,18,53,3,33,63,90,189,66,80,146,335
04/20/2017,MGM,AL,ASO,ES,Combined TRACON& Tower with Radar,3,18,32,137,190,0,6,28,38,72,3,24,60,175,262,32,88,120,382
04/21/2017,MGM,AL,ASO,ES,Combined TRACON& Tower with Radar,3,18,39,80,140,0,3,14,35,52,3,21,53,115,192,40,60,100,292
04/22/2017,MGM,AL,ASO,ES,Combined TRACON& Tower with Radar,3,14,13,32,62,0,0,9,16,25,3,14,22,48,87,58,2,60,147
04/23/2017,MGM,AL,ASO,ES,Combined TRACON& Tower with Radar,3,17,18,32,70,0,0,6,2,8,3,17,24,34,78,0,0,0,78
04/24/2017,MGM,AL,ASO,ES,Combined TRACON& Tower with Radar,2,20,22,67,111,0,4,15,1,20,2,24,37,68,131,18,54,72,203
04/25/2017,MGM,AL,ASO,ES,Combined TRACON& Tower with Radar,3,20,20,91,134,0,2,21,15,38,3,22,41,106,172,32,54,86,258
04/26/2017,MGM,AL,ASO,ES,Combined TRACON& Tower with Radar,3,23,43,78,147,0,6,21,17,44,3,29,64,95,191,20,40,60,251
04/27/2017,MGM,AL,ASO,ES,Combined TRACON& Tower with Radar,4,24,24,35,87,0,2,11,8,21,4,26,35,43,108,20,52,72,180
04/28/2017,MGM,AL,ASO,ES,Combined TRACON& Tower with Radar,3,20,27,122,172,0,1,20,25,46,3,21,47,147,218,16,18,34,252
04/29/2017,MGM,AL,ASO,ES,Combined TRACON& Tower with Radar,3,16,16,5,40,0,0,8,1,9,3,16,24,6,49,4,0,4,53
04/30/2017,MGM,AL,ASO,ES,Combined TRACON& Tower with Radar,3,18,17,20,58,0,0,4,0,4,3,18,21,20,62,2,2,4,66
05/01/2017,MGM,AL,ASO,ES,Combined TRACON& Tower with Radar,3,21,23,37,84,0,1,13,1,15,3,22,36,38,99,30,34,64,163
05/02/2017,MGM,AL,ASO,ES,Combined TRACON& Tower with Radar,3,19,42,44,108,0,0,43,6,49,3,19,85,50,157,18,34,52,209
05/03/2017,MGM,AL,ASO,ES,Combined TRACON& Tower with Radar,3,20,27,85,135,0,0,33,15,48,3,20,60,100,183,24,84,108,291
05/04/2017,MGM,AL,ASO,ES,Combined TRACON& Tower with Radar,3,19,13,36,71,0,0,2,9,11,3,19,15,45,82,24,15,39,121
05/05/2017,MGM,AL,ASO,ES,Combined TRACON& Tower with Radar,3,23,38,12,76,0,1,2,7,10,3,24,40,19,86,42,39,81,167
05/06/2017,MGM,AL,ASO,ES,Combined TRACON& Tower with Radar,3,15,17,20,55,0,0,21,13,34,3,15,38,33,89,42,0,42,131
05/07/2017,MGM,AL,ASO,ES,Combined TRACON& Tower with Radar,3,18,13,19,53,0,2,31,10,43,3,20,44,29,96,24,0,24,120
05/08/2017,MGM,AL,ASO,ES,Combined TRACON& Tower with Radar,3,22,27,67,119,0,4,36,5,45,3,26,63,72,164,52,38,90,254
05/09/2017,MGM,AL,ASO,ES,Combined TRACON& Tower with Radar,3,21,40,87,151,0,4,36,13,53,3,25,76,100,204,80,102,182,386
05/10/2017,MGM,AL,ASO,ES,Combined TRACON& Tower with Radar,3,21,25,50,99,0,21,35,11,67,3,42,60,61,166,68,44,112,278
05/11/2017,MGM,AL,ASO,ES,Combined TRACON& Tower with Radar,3,31,27,60,121,0,1,22,17,40,3,32,49,77,161,38,36,74,235
05/12/2017,MGM,AL,ASO,ES,Combined TRACON& Tower with Radar,3,18,18,81,120,0,1,5,8,14,3,19,23,89,134,30,18,48,182
05/13/2017,MGM,AL,ASO,ES,Combined TRACON& Tower with Radar,3,13,13,2,31,0,0,10,0,10,3,13,23,2,41,14,0,14,55
05/14/2017,MGM,AL,ASO,ES,Combined TRACON& Tower with Radar,3,19,8,7,37,0,2,25,1,28,3,21,33,8,65,64,0,64,129
05/15/2017,MGM,AL,ASO,ES,Combined TRACON& Tower with Radar,3,21,32,17,73,0,1,33,6,40,3,22,65,23,113,138,44,182,295
05/16/2017,MGM,AL,ASO,ES,Combined TRACON& Tower with Radar,4,18,25,53,100,0,3,19,2,24,4,21,44,55,124,12,108,120,244
05/17/2017,MGM,AL,ASO,ES,Combined TRACON& Tower with Radar,3,21,42,59,125,0,1,31,19,51,3,22,73,78,176,64,130,194,370
05/18/2017,MGM,AL,ASO,ES,Combined TRACON& Tower with Radar,3,19,39,56,117,0,6,21,10,37,3,25,60,66,154,52,58,110,264
05/19/2017,MGM,AL,ASO,ES,Combined TRACON& Tower with Radar,2,23,39,76,140,0,0,34,19,53,2,23,73,95,193,74,76,150,343
05/20/2017,MGM,AL,ASO,ES,Combined TRACON& Tower with Radar,5,17,24,4,50,0,0,17,5,22,5,17,41,9,72,26,0,26,98
05/21/2017,MGM,AL,ASO,ES,Combined TRACON& Tower with Radar,3,18,14,25,60,0,0,4,0,4,3,18,18,25,64,10,0,10,74
05/22/2017,MGM,AL,ASO,ES,Combined TRACON& Tower with Radar,3,19,29,32,83,0,2,3,2,7,3,21,32,34,90,0,6,6,96
05/23/2017,MGM,AL,ASO,ES,Combined TRACON& Tower with Radar,3,19,19,39,80,0,0,4,0,4,3,19,23,39,84,42,32,74,158
05/24/2017,MGM,AL,ASO,ES,Combined TRACON& Tower with Radar,3,21,26,70,120,0,0,7,7,14,3,21,33,77,134,20,40,60,194
05/25/2017,MGM,AL,ASO,ES,Combined TRACON& Tower with Radar,3,17,33,48,101,0,0,33,13,46,3,17,66,61,147,34,92,126,273
05/26/2017,MGM,AL,ASO,ES,Combined TRACON& Tower with Radar,3,18,30,10,61,0,4,41,1,46,3,22,71,11,107,40,0,40,147
05/27/2017,MGM,AL,ASO,ES,Combined TRACON& Tower with Radar,3,16,9,0,28,0,0,8,0,8,3,16,17,0,36,0,0,0,36
05/28/2017,MGM,AL,ASO,ES,Combined TRACON& Tower with Radar,1,17,10,0,28,0,0,1,0,1,1,17,11,0,29,0,0,0,29
05/29/2017,MGM,AL,ASO,ES,Combined TRACON& Tower with Radar,4,17,15,0,36,0,2,10,6,18,4,19,25,6,54,20,0,20,74
05/30/2017,MGM,AL,ASO,ES,Combined TRACON& Tower with Radar,3,18,27,54,102,0,0,14,18,32,3,18,41,72,134,30,48,78,212
05/31/2017,MGM,AL,ASO,ES,Combined TRACON& Tower with Radar,5,17,22,41,85,0,2,14,4,20,5,19,36,45,105,26,40,66,171
06/01/2017,MGM,AL,ASO,ES,Combined TRACON& Tower with Radar,4,19,31,75,129,0,3,19,10,32,4,22,50,85,161,0,30,30,191
06/02/2017,MGM,AL,ASO,ES,Combined TRACON& Tower with Radar,2,18,22,51,93,0,3,24,9,36,2,21,46,60,129,26,34,60,189
06/03/2017,MGM,AL,ASO,ES,Combined TRACON& Tower with Radar,5,15,18,12,50,0,0,11,1,12,5,15,29,13,62,18,0,18,80
06/04/2017,MGM,AL,ASO,ES,Combined TRACON& Tower with Radar,2,20,19,76,117,0,0,2,7,9,2,20,21,83,126,32,20,52,178
06/05/2017,MGM,AL,ASO,ES,Combined TRACON& Tower with Radar,4,17,15,31,67,0,1,3,1,5,4,18,18,32,72,22,28,50,122
06/06/2017,MGM,AL,ASO,ES,Combined TRACON& Tower with Radar,3,22,27,77,129,0,0,5,4,9,3,22,32,81,138,4,32,36,174
06/07/2017,MGM,AL,ASO,ES,Combined TRACON& Tower with Radar,4,20,28,96,148,0,0,28,16,44,4,20,56,112,192,18,154,172,364
06/08/2017,MGM,AL,ASO,ES,Combined TRACON& Tower with Radar,4,19,32,92,147,0,2,39,15,56,4,21,71,107,203,100,76,176,379
06/09/2017,MGM,AL,ASO,ES,Combined TRACON& Tower with Radar,6,18,18,55,97,0,0,34,6,40,6,18,52,61,137,84,50,134,271
06/10/2017,MGM,AL,ASO,ES,Combined TRACON& Tower with Radar,2,17,16,12,47,0,0,29,3,32,2,17,45,15,79,36,24,60,139
06/11/2017,MGM,AL,ASO,ES,Combined TRACON& Tower with Radar,5,20,15,34,74,0,0,12,10,22,5,20,27,44,96,8,8,16,112
06/12/2017,MGM,AL,ASO,ES,Combined TRACON& Tower with Radar,3,20,19,8,50,0,4,9,1,14,3,24,28,9,64,6,2,8,72
06/13/2017,MGM,AL,ASO,ES,Combined TRACON& Tower with Radar,4,19,45,49,117,0,2,20,9,31,4,21,65,58,148,78,56,134,282
06/14/2017,MGM,AL,ASO,ES,Combined TRACON& Tower with Radar,4,21,33,94,152,0,1,26,4,31,4,22,59,98,183,62,94,156,339
06/15/2017,MGM,AL,ASO,ES,Combined TRACON& Tower with Radar,5,14,37,33,89,0,1,14,6,21,5,15,51,39,110,48,20,68,178
06/16/2017,MGM,AL,ASO,ES,Combined TRACON& Tower with Radar,3,19,30,29,81,0,1,15,7,23,3,20,45,36,104,16,46,62,166
06/17/2017,MGM,AL,ASO,ES,Combined TRACON& Tower with Radar,3,18,17,37,75,0,4,18,4,26,3,22,35,41,101,16,34,50,151
06/18/2017,MGM,AL,ASO,ES,Combined TRACON& Tower with Radar,3,18,11,7,39,0,0,8,0,8,3,18,19,7,47,16,0,16,63
06/19/2017,MGM,AL,ASO,ES,Combined TRACON& Tower with Radar,3,18,26,71,118,0,3,20,2,25,3,21,46,73,143,72,119,191,334
06/20/2017,MGM,AL,ASO,ES,Combined TRACON& Tower with Radar,3,16,23,73,115,0,0,2,1,3,3,16,25,74,118,38,2,40,158
06/21/2017,MGM,AL,ASO,ES,Combined TRACON& Tower with Radar,5,15,18,5,43,0,0,0,0,0,5,15,18,5,43,0,0,0,43
06/22/2017,MGM,AL,ASO,ES,Combined TRACON& Tower with Radar,3,22,11,27,63,0,0,6,4,10,3,22,17,31,73,14,40,54,127
06/23/2017,MGM,AL,ASO,ES,Combined TRACON& Tower with Radar,3,22,33,17,75,0,0,17,17,34,3,22,50,34,109,6,8,14,123
06/24/2017,MGM,AL,ASO,ES,Combined TRACON& Tower with Radar,4,20,20,27,71,0,0,18,14,32,4,20,38,41,103,22,36,58,161
06/25/2017,MGM,AL,ASO,ES,Combined TRACON& Tower with Radar,3,23,18,42,86,0,0,29,1,30,3,23,47,43,116,58,0,58,174
06/26/2017,MGM,AL,ASO,ES,Combined TRACON& Tower with Radar,3,18,39,45,105,0,4,46,13,63,3,22,85,58,168,44,4,48,216
06/27/2017,MGM,AL,ASO,ES,Combined TRACON& Tower with Radar,2,16,37,110,165,0,3,56,17,76,2,19,93,127,241,96,68,164,405
06/28/2017,MGM,AL,ASO,ES,Combined TRACON& Tower with Radar,3,20,35,68,126,0,3,44,11,58,3,23,79,79,184,114,180,294,478
06/29/2017,MGM,AL,ASO,ES,Combined TRACON& Tower with Radar,3,19,15,33,70,0,3,3,11,17,3,22,18,44,87,64,22,86,173
06/30/2017,MGM,AL,ASO,ES,Combined TRACON& Tower with Radar,3,22,13,24,62,0,0,9,4,13,3,22,22,28,75,58,36,94,169
07/01/2017,MGM,AL,ASO,ES,Combined TRACON& Tower with Radar,4,13,16,0,33,0,0,12,0,12,4,13,28,0,45,20,0,20,65
07/02/2017,MGM,AL,ASO,ES,Combined TRACON& Tower with Radar,3,16,8,0,27,0,0,8,0,8,3,16,16,0,35,4,0,4,39
07/03/2017,MGM,AL,ASO,ES,Combined TRACON& Tower with Radar,3,14,23,0,40,0,2,14,0,16,3,16,37,0,56,110,0,110,166
07/04/2017,MGM,AL,ASO,ES,Combined TRACON& Tower with Radar,7,13,9,0,29,0,0,21,1,22,7,13,30,1,51,8,0,8,59
07/05/2017,MGM,AL,ASO,ES,Combined TRACON& Tower with Radar,3,17,15,86,121,0,1,32,4,37,3,18,47,90,158,34,76,110,268
07/06/2017,MGM,AL,ASO,ES,Combined TRACON& Tower with Radar,3,18,29,105,155,0,2,47,43,92,3,20,76,148,247,52,182,234,481
07/07/2017,MGM,AL,ASO,ES,Combined TRACON& Tower with Radar,4,18,23,67,112,0,3,19,12,34,4,21,42,79,146,28,54,82,228
07/08/2017,MGM,AL,ASO,ES,Combined TRACON& Tower with Radar,4,14,31,7,56,0,0,14,3,17,4,14,45,10,73,48,0,48,121
07/09/2017,MGM,AL,ASO,ES,Combined TRACON& Tower with Radar,3,16,15,10,44,0,0,27,4,31,3,16,42,14,75,32,16,48,123
07/10/2017,MGM,AL,ASO,ES,Combined TRACON& Tower with Radar,4,21,36,43,104,0,15,36,6,57,4,36,72,49,161,28,48,76,237
07/11/2017,MGM,AL,ASO,ES,Combined TRACON& Tower with Radar,4,21,23,40,88,0,2,19,6,27,4,23,42,46,115,0,23,23,138
07/12/2017,MGM,AL,ASO,ES,Combined TRACON& Tower with Radar,4,22,36,75,137,0,3,22,7,32,4,25,58,82,169,26,18,44,213
07/13/2017,MGM,AL,ASO,ES,Combined TRACON& Tower with Radar,6,23,33,69,131,0,3,25,13,41,6,26,58,82,172,72,32,104,276
07/14/2017,MGM,AL,ASO,ES,Combined TRACON& Tower with Radar,4,18,28,107,157,0,2,32,15,49,4,20,60,122,206,16,70,86,292
07/15/2017,MGM,AL,ASO,ES,Combined TRACON& Tower with Radar,4,16,17,11,48,0,0,21,12,33,4,16,38,23,81,22,8,30,111
07/16/2017,MGM,AL,ASO,ES,Combined TRACON& Tower with Radar,4,17,13,12,46,0,2,10,10,22,4,19,23,22,68,56,16,72,140
07/17/2017,MGM,AL,ASO,ES,Combined TRACON& Tower with Radar,4,16,37,15,72,0,1,14,6,21,4,17,51,21,93,12,40,52,145
07/18/2017,MGM,AL,ASO,ES,Combined TRACON& Tower with Radar,4,19,28,89,140,0,0,38,4,42,4,19,66,93,182,36,72,108,290
07/19/2017,MGM,AL,ASO,ES,Combined TRACON& Tower with Radar,2,20,58,81,161,0,1,44,20,65,2,21,102,101,226,8,90,98,324
07/20/2017,MGM,AL,ASO,ES,Combined TRACON& Tower with Radar,4,22,15,68,109,0,2,31,22,55,4,24,46,90,164,12,68,80,244
07/21/2017,MGM,AL,ASO,ES,Combined TRACON& Tower with Radar,6,19,21,40,86,0,9,26,31,66,6,28,47,71,152,0,24,24,176
07/22/2017,MGM,AL,ASO,ES,Combined TRACON& Tower with Radar,4,13,16,21,54,0,0,29,7,36,4,13,45,28,90,74,0,74,164
07/23/2017,MGM,AL,ASO,ES,Combined TRACON& Tower with Radar,4,17,18,32,71,0,3,19,19,41,4,20,37,51,112,30,0,30,142
07/24/2017,MGM,AL,ASO,ES,Combined TRACON& Tower with Radar,4,19,20,65,108,0,5,12,1,18,4,24,32,66,126,12,32,44,170
07/25/2017,MGM,AL,ASO,ES,Combined TRACON& Tower with Radar,3,19,19,25,66,0,4,7,2,13,3,23,26,27,79,54,42,96,175
07/26/2017,MGM,AL,ASO,ES,Combined TRACON& Tower with Radar,4,20,34,60,118,0,3,14,3,20,4,23,48,63,138,46,16,62,200
07/27/2017,MGM,AL,ASO,ES,Combined TRACON& Tower with Radar,4,18,23,51,96,0,3,25,10,38,4,21,48,61,134,32,38,70,204
07/28/2017,MGM,AL,ASO,ES,Combined TRACON& Tower with Radar,4,23,25,66,118,0,11,18,14,43,4,34,43,80,161,8,48,56,217
07/29/2017,MGM,AL,ASO,ES,Combined TRACON& Tower with Radar,4,14,13,4,35,0,0,5,3,8,4,14,18,7,43,8,0,8,51
07/30/2017,MGM,AL,ASO,ES,Combined TRACON& Tower with Radar,4,19,17,43,83,0,6,21,11,38,4,25,38,54,121,54,0,54,175
07/31/2017,MGM,AL,ASO,ES,Combined TRACON& Tower with Radar,4,20,13,62,99,0,3,43,8,54,4,23,56,70,153,36,48,84,237
08/01/2017,MGM,AL,ASO,ES,Combined TRACON& Tower with Radar,4,18,17,69,108,0,3,33,8,44,4,21,50,77,152,120,42,162,314
08/02/2017,MGM,AL,ASO,ES,Combined TRACON& Tower with Radar,4,17,24,59,104,0,4,36,17,57,4,21,60,76,161,38,50,88,249
08/03/2017,MGM,AL,ASO,ES,Combined TRACON& Tower with Radar,4,17,25,87,133,0,4,19,20,43,4,21,44,107,176,60,88,148,324
08/04/2017,MGM,AL,ASO,ES,Combined TRACON& Tower with Radar,4,20,13,54,91,0,0,6,24,30,4,20,19,78,121,66,58,124,245
08/05/2017,MGM,AL,ASO,ES,Combined TRACON& Tower with Radar,4,14,23,14,55,0,0,7,29,36,4,14,30,43,91,38,0,38,129
08/06/2017,MGM,AL,ASO,ES,Combined TRACON& Tower with Radar,4,22,17,20,63,0,0,5,4,9,4,22,22,24,72,6,6,12,84
08/07/2017,MGM,AL,ASO,ES,Combined TRACON& Tower with Radar,3,19,31,51,104,0,3,12,8,23,3,22,43,59,127,66,78,144,271
08/08/2017,MGM,AL,ASO,ES,Combined TRACON& Tower with Radar,4,19,36,22,81,0,2,3,3,8,4,21,39,25,89,18,20,38,127
08/09/2017,MGM,AL,ASO,ES,Combined TRACON& Tower with Radar,4,20,46,91,161,0,0,8,15,23,4,20,54,106,184,56,70,126,310
08/10/2017,MGM,AL,ASO,ES,Combined TRACON& Tower with Radar,4,22,42,48,116,0,1,6,2,9,4,23,48,50,125,22,46,68,193
08/11/2017,MGM,AL,ASO,ES,Combined TRACON& Tower with Radar,4,19,27,51,101,0,6,4,7,17,4,25,31,58,118,10,18,28,146
08/12/2017,MGM,AL,ASO,ES,Combined TRACON& Tower with Radar,3,14,19,2,38,0,0,14,0,14,3,14,33,2,52,8,0,8,60
08/13/2017,MGM,AL,ASO,ES,Combined TRACON& Tower with Radar,3,22,26,16,67,0,2,9,5,16,3,24,35,21,83,0,0,0,83
08/14/2017,MGM,AL,ASO,ES,Combined TRACON& Tower with Radar,4,18,17,40,79,0,2,14,10,26,4,20,31,50,105,34,38,72,177
08/15/2017,MGM,AL,ASO,ES,Combined TRACON& Tower with Radar,4,18,27,66,115,0,4,5,3,12,4,22,32,69,127,24,40,64,191
08/16/2017,MGM,AL,ASO,ES,Combined TRACON& Tower with Radar,3,20,37,95,155,0,5,19,14,38,3,25,56,109,193,38,24,62,255
08/17/2017,MGM,AL,ASO,ES,Combined TRACON& Tower with Radar,4,18,27,94,143,0,2,11,17,30,4,20,38,111,173,36,60,96,269
08/18/2017,MGM,AL,ASO,ES,Combined TRACON& Tower with Radar,4,17,21,98,140,0,8,31,29,68,4,25,52,127,208,16,148,164,372
08/19/2017,MGM,AL,ASO,ES,Combined TRACON& Tower with Radar,4,12,15,8,39,0,4,42,9,55,4,16,57,17,94,47,8,55,149
08/20/2017,MGM,AL,ASO,ES,Combined TRACON& Tower with Radar,4,17,14,24,59,0,2,26,8,36,4,19,40,32,95,22,20,42,137
08/21/2017,MGM,AL,ASO,ES,Combined TRACON& Tower with Radar,4,16,31,84,135,0,2,23,8,33,4,18,54,92,168,12,112,124,292
08/22/2017,MGM,AL,ASO,ES,Combined TRACON& Tower with Radar,3,21,29,72,125,0,6,33,6,45,3,27,62,78,170,68,64,132,302
08/23/2017,MGM,AL,ASO,ES,Combined TRACON& Tower with Radar,5,23,32,64,124,0,1,25,19,45,5,24,57,83,169,50,56,106,275
08/24/2017,MGM,AL,ASO,ES,Combined TRACON& Tower with Radar,4,23,31,112,170,0,7,38,16,61,4,30,69,128,231,46,82,128,359
08/25/2017,MGM,AL,ASO,ES,Combined TRACON& Tower with Radar,4,19,31,100,154,0,2,22,17,41,4,21,53,117,195,64,20,84,279
08/26/2017,MGM,AL,ASO,ES,Combined TRACON& Tower with Radar,4,12,20,14,50,0,1,16,0,17,4,13,36,14,67,48,0,48,115
08/27/2017,MGM,AL,ASO,ES,Combined TRACON& Tower with Radar,3,19,12,79,113,0,0,27,14,41,3,19,39,93,154,0,0,0,154
08/28/2017,MGM,AL,ASO,ES,Combined TRACON& Tower with Radar,3,20,51,116,190,0,0,20,9,29,3,20,71,125,219,36,226,262,481
08/29/2017,MGM,AL,ASO,ES,Combined TRACON& Tower with Radar,4,19,32,77,132,0,3,15,4,22,4,22,47,81,154,30,36,66,220
08/30/2017,MGM,AL,ASO,ES,Combined TRACON& Tower with Radar,4,20,25,9,58,0,0,1,1,2,4,20,26,10,60,0,0,0,60
08/31/2017,MGM,AL,ASO,ES,Combined TRACON& Tower with Radar,4,20,20,23,67,0,0,9,0,9,4,20,29,23,76,26,12,38,114
09/01/2017,MGM,AL,ASO,ES,Combined TRACON& Tower with Radar,4,16,18,6,44,0,4,19,7,30,4,20,37,13,74,6,0,6,80
09/02/2017,MGM,AL,ASO,ES,Combined TRACON& Tower with Radar,4,11,12,6,33,0,0,12,2,14,4,11,24,8,47,0,0,0,47
09/03/2017,MGM,AL,ASO,ES,Combined TRACON& Tower with Radar,4,10,14,0,28,0,1,18,0,19,4,11,32,0,47,22,0,22,69
09/04/2017,MGM,AL,ASO,ES,Combined TRACON& Tower with Radar,4,17,8,2,31,0,0,23,0,23,4,17,31,2,54,64,0,64,118
09/05/2017,MGM,AL,ASO,ES,Combined TRACON& Tower with Radar,4,20,34,70,128,0,3,35,5,43,4,23,69,75,171,38,18,56,227
09/06/2017,MGM,AL,ASO,ES,Combined TRACON& Tower with Radar,4,19,38,119,180,0,2,38,7,47,4,21,76,126,227,44,64,108,335
09/07/2017,MGM,AL,ASO,ES,Combined TRACON& Tower with Radar,4,23,44,94,165,0,1,45,26,72,4,24,89,120,237,4,90,94,331
09/08/2017,MGM,AL,ASO,ES,Combined TRACON& Tower with Radar,4,20,56,76,156,0,0,59,32,91,4,20,115,108,247,50,82,132,379
09/09/2017,MGM,AL,ASO,ES,Combined TRACON& Tower with Radar,4,12,28,13,57,0,2,32,6,40,4,14,60,19,97,2,28,30,127
09/10/2017,MGM,AL,ASO,ES,Combined TRACON& Tower with Radar,4,18,12,15,49,0,3,13,3,19,4,21,25,18,68,0,50,50,118
09/11/2017,MGM,AL,ASO,ES,Combined TRACON& Tower with Radar,1,2,0,0,3,0,0,0,0,0,1,2,0,0,3,0,0,0,3
09/12/2017,MGM,AL,ASO,ES,Combined TRACON& Tower with Radar,3,21,12,39,75,0,0,5,1,6,3,21,17,40,81,12,26,38,119
09/13/2017,MGM,AL,ASO,ES,Combined TRACON& Tower with Radar,3,24,39,95,161,0,3,40,10,53,3,27,79,105,214,28,170,198,412
09/14/2017,MGM,AL,ASO,ES,Combined TRACON& Tower with Radar,4,20,38,87,149,0,3,35,23,61,4,23,73,110,210,38,68,106,316
09/15/2017,MGM,AL,ASO,ES,Combined TRACON& Tower with Radar,6,18,37,59,120,0,4,44,23,71,6,22,81,82,191,34,78,112,303
09/16/2017,MGM,AL,ASO,ES,Combined TRACON& Tower with Radar,4,17,20,31,72,0,0,16,10,26,4,17,36,41,98,18,0,18,116
09/17/2017,MGM,AL,ASO,ES,Combined TRACON& Tower with Radar,4,19,28,22,73,0,0,17,9,26,4,19,45,31,99,36,0,36,135
09/18/2017,MGM,AL,ASO,ES,Combined TRACON& Tower with Radar,4,24,24,127,179,0,1,33,8,42,4,25,57,135,221,18,140,158,379
09/19/2017,MGM,AL,ASO,ES,Combined TRACON& Tower with Radar,4,22,38,74,138,0,3,18,21,42,4,25,56,95,180,26,18,44,224
09/20/2017,MGM,AL,ASO,ES,Combined TRACON& Tower with Radar,2,20,31,90,143,0,11,45,21,77,2,31,76,111,220,60,92,152,372
09/21/2017,MGM,AL,ASO,ES,Combined TRACON& Tower with Radar,3,22,42,138,205,0,17,24,24,65,3,39,66,162,270,58,58,116,386
09/22/2017,MGM,AL,ASO,ES,Combined TRACON& Tower with Radar,5,24,29,119,177,0,2,23,16,41,5,26,52,135,218,12,32,44,262
09/23/2017,MGM,AL,ASO,ES,Combined TRACON& Tower with Radar,4,14,14,15,47,0,1,20,2,23,4,15,34,17,70,24,22,46,116
09/24/2017,MGM,AL,ASO,ES,Combined TRACON& Tower with Radar,3,20,23,40,86,0,0,16,14,30,3,20,39,54,116,6,4,10,126
09/25/2017,MGM,AL,ASO,ES,Combined TRACON& Tower with Radar,4,18,24,101,147,0,7,30,7,44,4,25,54,108,191,26,70,96,287
09/26/2017,MGM,AL,ASO,ES,Combined TRACON& Tower with Radar,3,19,21,112,155,0,7,35,10,52,3,26,56,122,207,34,70,104,311
09/27/2017,MGM,AL,ASO,ES,Combined TRACON& Tower with Radar,4,21,34,69,128,0,1,39,6,46,4,22,73,75,174,18,76,94,268
09/28/2017,MGM,AL,ASO,ES,Combined TRACON& Tower with Radar,4,20,28,74,126,0,3,30,23,56,4,23,58,97,182,24,108,132,314
09/29/2017,MGM,AL,ASO,ES,Combined TRACON& Tower with Radar,4,20,27,68,119,0,2,39,16,57,4,22,66,84,176,40,60,100,276
09/30/2017,MGM,AL,ASO,ES,Combined TRACON& Tower with Radar,4,12,15,3,34,0,0,33,0,33,4,12,48,3,67,48,0,48,115
10/01/2017,MGM,AL,ASO,ES,Combined TRACON& Tower with Radar,6,15,18,16,55,0,2,17,4,23,6,17,35,20,78,24,0,24,102
10/02/2017,MGM,AL,ASO,ES,Combined TRACON& Tower with Radar,7,21,21,150,199,0,6,19,8,33,7,27,40,158,232,66,156,222,454
10/03/2017,MGM,AL,ASO,ES,Combined TRACON& Tower with Radar,5,20,35,85,145,0,23,37,17,77,5,43,72,102,222,62,18,80,302
10/04/2017,MGM,AL,ASO,ES,Combined TRACON& Tower with Radar,7,19,24,71,121,0,2,42,17,61,7,21,66,88,182,82,38,120,302
10/05/2017,MGM,AL,ASO,ES,Combined TRACON& Tower with Radar,7,18,35,70,130,0,0,36,14,50,7,18,71,84,180,30,76,106,286
10/06/2017,MGM,AL,ASO,ES,Combined TRACON& Tower with Radar,12,24,30,11,77,0,3,34,3,40,12,27,64,14,117,26,0,26,143
10/07/2017,MGM,AL,ASO,ES,Combined TRACON& Tower with Radar,5,9,13,2,29,0,0,5,1,6,5,9,18,3,35,26,0,26,61
10/08/2017,MGM,AL,ASO,ES,Combined TRACON& Tower with Radar,5,14,4,1,24,0,0,2,0,2,5,14,6,1,26,0,0,0,26
10/09/2017,MGM,AL,ASO,ES,Combined TRACON& Tower with Radar,6,18,24,0,48,0,0,4,0,4,6,18,28,0,52,8,0,8,60
10/10/2017,MGM,AL,ASO,ES,Combined TRACON& Tower with Radar,6,23,28,59,116,0,6,20,2,28,6,29,48,61,144,66,48,114,258
10/11/2017,MGM,AL,ASO,ES,Combined TRACON& Tower with Radar,5,28,31,47,111,0,0,14,12,26,5,28,45,59,137,14,76,90,227
10/12/2017,MGM,AL,ASO,ES,Combined TRACON& Tower with Radar,6,25,35,90,156,0,4,23,19,46,6,29,58,109,202,60,32,92,294
10/13/2017,MGM,AL,ASO,ES,Combined TRACON& Tower with Radar,6,24,36,60,126,0,7,59,26,92,6,31,95,86,218,52,20,72,290
10/14/2017,MGM,AL,ASO,ES,Combined TRACON& Tower with Radar,8,11,27,12,58,0,2,20,19,41,8,13,47,31,99,50,48,98,197
10/15/2017,MGM,AL,ASO,ES,Combined TRACON& Tower with Radar,6,17,16,30,69,0,0,21,12,33,6,17,37,42,102,4,0,4,106
10/16/2017,MGM,AL,ASO,ES,Combined TRACON& Tower with Radar,6,17,26,79,128,0,2,15,2,19,6,19,41,81,147,86,30,116,263
10/17/2017,MGM,AL,ASO,ES,Combined TRACON& Tower with Radar,6,17,34,90,147,0,1,41,6,48,6,18,75,96,195,52,68,120,315
10/18/2017,MGM,AL,ASO,ES,Combined TRACON& Tower with Radar,8,20,28,63,119,0,2,32,13,47,8,22,60,76,166,26,108,134,300
10/19/2017,MGM,AL,ASO,ES,Combined TRACON& Tower with Radar,6,23,40,93,162,0,5,41,26,72,6,28,81,119,234,56,118,174,408
10/20/2017,MGM,AL,ASO,ES,Combined TRACON& Tower with Radar,6,24,20,100,150,0,3,38,13,54,6,27,58,113,204,46,40,86,290
10/21/2017,MGM,AL,ASO,ES,Combined TRACON& Tower with Radar,7,9,28,33,77,0,0,43,10,53,7,9,71,43,130,38,0,38,168
10/22/2017,MGM,AL,ASO,ES,Combined TRACON& Tower with Radar,7,17,16,26,66,0,0,14,19,33,7,17,30,45,99,0,14,14,113
10/23/2017,MGM,AL,ASO,ES,Combined TRACON& Tower with Radar,6,15,30,65,116,0,3,18,3,24,6,18,48,68,140,36,26,62,202
10/24/2017,MGM,AL,ASO,ES,Combined TRACON& Tower with Radar,6,26,31,83,146,0,21,28,9,58,6,47,59,92,204,56,66,122,326
10/25/2017,MGM,AL,ASO,ES,Combined TRACON& Tower with Radar,6,23,28,64,121,0,3,40,18,61,6,26,68,82,182,36,116,152,334
10/26/2017,MGM,AL,ASO,ES,Combined TRACON& Tower with Radar,5,27,35,77,144,0,0,38,17,55,5,27,73,94,199,34,28,62,261
10/27/2017,MGM,AL,ASO,ES,Combined TRACON& Tower with Radar,5,25,27,117,174,0,6,22,10,38,5,31,49,127,212,38,23,61,273
10/28/2017,MGM,AL,ASO,ES,Combined TRACON& Tower with Radar,6,10,5,2,23,0,0,2,0,2,6,10,7,2,25,0,0,0,25
10/29/2017,MGM,AL,ASO,ES,Combined TRACON& Tower with Radar,6,23,9,58,96,0,0,16,4,20,6,23,25,62,116,10,8,18,134
10/30/2017,MGM,AL,ASO,ES,Combined TRACON& Tower with Radar,6,16,21,49,92,0,1,28,11,40,6,17,49,60,132,40,70,110,242
10/31/2017,MGM,AL,ASO,ES,Combined TRACON& Tower with Radar,6,16,16,51,89,0,1,40,0,41,6,17,56,51,130,56,50,106,236
11/01/2017,MGM,AL,ASO,ES,Combined TRACON& Tower with Radar,8,23,39,71,141,0,3,25,12,40,8,26,64,83,181,72,66,138,319
11/02/2017,MGM,AL,ASO,ES,Combined TRACON& Tower with Radar,7,19,25,70,121,0,2,16,7,25,7,21,41,77,146,44,40,84,230
11/03/2017,MGM,AL,ASO,ES,Combined TRACON& Tower with Radar,5,22,22,79,128,0,11,30,9,50,5,33,52,88,178,74,4,78,256
11/04/2017,MGM,AL,ASO,ES,Combined TRACON& Tower with Radar,6,12,12,12,42,0,3,36,14,53,6,15,48,26,95,86,12,98,193
11/05/2017,MGM,AL,ASO,ES,Combined TRACON& Tower with Radar,5,18,15,68,106,0,0,27,27,54,5,18,42,95,160,98,6,104,264
11/06/2017,MGM,AL,ASO,ES,Combined TRACON& Tower with Radar,6,19,44,20,89,0,6,13,3,22,6,25,57,23,111,100,0,100,211
11/07/2017,MGM,AL,ASO,ES,Combined TRACON& Tower with Radar,8,17,21,49,95,0,0,16,5,21,8,17,37,54,116,0,8,8,124
11/08/2017,MGM,AL,ASO,ES,Combined TRACON& Tower with Radar,5,19,43,57,124,0,14,6,0,20,5,33,49,57,144,42,0,42,186
11/09/2017,MGM,AL,ASO,ES,Combined TRACON& Tower with Radar,7,17,23,44,91,0,0,3,3,6,7,17,26,47,97,0,2,2,99
11/10/2017,MGM,AL,ASO,ES,Combined TRACON& Tower with Radar,7,20,23,3,53,0,9,49,2,60,7,29,72,5,113,32,0,32,145
11/11/2017,MGM,AL,ASO,ES,Combined TRACON& Tower with Radar,4,13,11,1,29,0,6,29,2,37,4,19,40,3,66,50,4,54,120
11/12/2017,MGM,AL,ASO,ES,Combined TRACON& Tower with Radar,6,24,23,8,61,0,0,2,0,2,6,24,25,8,63,12,0,12,75
11/13/2017,MGM,AL,ASO,ES,Combined TRACON& Tower with Radar,6,19,21,59,105,0,0,32,6,38,6,19,53,65,143,48,20,68,211
11/14/2017,MGM,AL,ASO,ES,Combined TRACON& Tower with Radar,6,18,15,104,143,0,0,46,14,60,6,18,61,118,203,92,96,188,391
11/15/2017,MGM,AL,ASO,ES,Combined TRACON& Tower with Radar,5,23,27,69,124,0,11,27,9,47,5,34,54,78,171,84,26,110,281
11/16/2017,MGM,AL,ASO,ES,Combined TRACON& Tower with Radar,6,22,30,63,121,0,0,32,15,47,6,22,62,78,168,68,110,178,346
11/17/2017,MGM,AL,ASO,ES,Combined TRACON& Tower with Radar,6,25,26,77,134,0,2,57,19,78,6,27,83,96,212,68,128,196,408
11/18/2017,MGM,AL,ASO,ES,Combined TRACON& Tower with Radar,4,13,10,17,44,0,0,14,14,28,4,13,24,31,72,6,18,24,96
11/19/2017,MGM,AL,ASO,ES,Combined TRACON& Tower with Radar,6,17,26,17,66,0,3,10,13,26,6,20,36,30,92,20,0,20,112
11/20/2017,MGM,AL,ASO,ES,Combined TRACON& Tower with Radar,5,15,25,70,115,0,3,35,4,42,5,18,60,74,157,78,104,182,339
11/21/2017,MGM,AL,ASO,ES,Combined TRACON& Tower with Radar,6,15,16,83,120,0,5,24,5,34,6,20,40,88,154,60,76,136,290
11/22/2017,MGM,AL,ASO,ES,Combined TRACON& Tower with Radar,7,17,13,18,55,0,1,6,0,7,7,18,19,18,62,0,4,4,66
11/23/2017,MGM,AL,ASO,ES,Combined TRACON& Tower with Radar,4,8,3,0,15,0,0,4,0,4,4,8,7,0,19,6,0,6,25
11/24/2017,MGM,AL,ASO,ES,Combined TRACON& Tower with Radar,8,12,15,0,35,0,17,13,1,31,8,29,28,1,66,8,0,8,74
11/25/2017,MGM,AL,ASO,ES,Combined TRACON& Tower with Radar,4,15,15,1,35,0,2,18,2,22,4,17,33,3,57,8,0,8,65
11/26/2017,MGM,AL,ASO,ES,Combined TRACON& Tower with Radar,8,20,23,0,51,0,0,22,0,22,8,20,45,0,73,26,0,26,99
11/27/2017,MGM,AL,ASO,ES,Combined TRACON& Tower with Radar,5,21,25,83,134,0,3,33,3,39,5,24,58,86,173,94,94,188,361
11/28/2017,MGM,AL,ASO,ES,Combined TRACON& Tower with Radar,6,20,18,46,90,0,3,21,11,35,6,23,39,57,125,82,32,114,239
11/29/2017,MGM,AL,ASO,ES,Combined TRACON& Tower with Radar,5,20,31,77,133,0,2,7,10,19,5,22,38,87,152,34,36,70,222
11/30/2017,MGM,AL,ASO,ES,Combined TRACON& Tower with Radar,5,18,20,42,85,0,2,7,0,9,5,20,27,42,94,14,0,14,108
12/01/2017,MGM,AL,ASO,ES,Combined TRACON& Tower with Radar,4,17,29,60,110,0,0,10,20,30,4,17,39,80,140,22,4,26,166
12/02/2017,MGM,AL,ASO,ES,Combined TRACON& Tower with Radar,2,12,22,8,44,0,0,1,1,2,2,12,23,9,46,58,0,58,104
12/03/2017,MGM,AL,ASO,ES,Combined TRACON& Tower with Radar,5,16,17,26,64,0,1,22,7,30,5,17,39,33,94,52,0,52,146
12/04/2017,MGM,AL,ASO,ES,Combined TRACON& Tower with Radar,6,19,17,32,74,0,0,1,0,1,6,19,18,32,75,102,0,102,177
12/05/2017,MGM,AL,ASO,ES,Combined TRACON& Tower with Radar,6,18,13,58,95,0,1,6,0,7,6,19,19,58,102,0,38,38,140
12/06/2017,MGM,AL,ASO,ES,Combined TRACON& Tower with Radar,6,17,28,59,110,0,1,5,2,8,6,18,33,61,118,4,82,86,204
12/07/2017,MGM,AL,ASO,ES,Combined TRACON& Tower with Radar,6,20,32,47,105,0,0,13,7,20,6,20,45,54,125,8,100,108,233
12/08/2017,MGM,AL,ASO,ES,Combined TRACON& Tower with Radar,3,16,17,2,38,0,0,0,0,0,3,16,17,2,38,0,0,0,38
12/09/2017,MGM,AL,ASO,ES,Combined TRACON& Tower with Radar,4,11,18,8,41,0,1,38,17,56,4,12,56,25,97,76,0,76,173
12/10/2017,MGM,AL,ASO,ES,Combined TRACON& Tower with Radar,6,17,25,3,51,0,3,36,10,49,6,20,61,13,100,16,0,16,116
12/11/2017,MGM,AL,ASO,ES,Combined TRACON& Tower with Radar,6,19,25,50,100,0,3,34,15,52,6,22,59,65,152,78,90,168,320
12/12/2017,MGM,AL,ASO,ES,Combined TRACON& Tower with Radar,6,20,21,86,133,0,5,17,15,37,6,25,38,101,170,72,44,116,286
12/13/2017,MGM,AL,ASO,ES,Combined TRACON& Tower with Radar,6,18,31,73,128,0,4,23,28,55,6,22,54,101,183,26,66,92,275
12/14/2017,MGM,AL,ASO,ES,Combined TRACON& Tower with Radar,7,16,24,111,158,0,11,43,36,90,7,27,67,147,248,192,122,314,562
12/15/2017,MGM,AL,ASO,ES,Combined TRACON& Tower with Radar,7,16,35,71,129,0,7,28,17,52,7,23,63,88,181,42,56,98,279
12/16/2017,MGM,AL,ASO,ES,Combined TRACON& Tower with Radar,4,12,25,5,46,0,3,34,2,39,4,15,59,7,85,30,0,30,115
12/17/2017,MGM,AL,ASO,ES,Combined TRACON& Tower with Radar,3,8,14,8,33,0,2,4,1,7,3,10,18,9,40,0,0,0,40
12/18/2017,MGM,AL,ASO,ES,Combined TRACON& Tower with Radar,4,12,24,26,66,0,0,0,0,0,4,12,24,26,66,0,0,0,66
12/19/2017,MGM,AL,ASO,ES,Combined TRACON& Tower with Radar,4,13,25,24,66,0,0,0,0,0,4,13,25,24,66,0,0,0,66
12/20/2017,MGM,AL,ASO,ES,Combined TRACON& Tower with Radar,4,25,31,37,97,0,3,8,22,33,4,28,39,59,130,20,66,86,216
12/21/2017,MGM,AL,ASO,ES,Combined TRACON& Tower with Radar,4,13,25,19,61,0,3,13,4,20,4,16,38,23,81,68,0,68,149
12/22/2017,MGM,AL,ASO,ES,Combined TRACON& Tower with Radar,4,14,12,31,61,0,0,0,0,0,4,14,12,31,61,0,0,0,61
12/23/2017,MGM,AL,ASO,ES,Combined TRACON& Tower with Radar,3,13,20,0,36,0,0,4,0,4,3,13,24,0,40,26,0,26,66
12/24/2017,MGM,AL,ASO,ES,Combined TRACON& Tower with Radar,0,12,5,0,17,0,0,5,0,5,0,12,10,0,22,10,0,10,32
12/25/2017,MGM,AL,ASO,ES,Combined TRACON& Tower with Radar,0,16,7,0,23,0,2,15,0,17,0,18,22,0,40,0,0,0,40
12/26/2017,MGM,AL,ASO,ES,Combined TRACON& Tower with Radar,0,21,17,0,38,0,3,21,3,27,0,24,38,3,65,34,0,34,99
12/27/2017,MGM,AL,ASO,ES,Combined TRACON& Tower with Radar,0,18,17,42,77,0,0,2,4,6,0,18,19,46,83,0,22,22,105
12/28/2017,MGM,AL,ASO,ES,Combined TRACON& Tower with Radar,0,21,25,56,102,0,3,11,0,14,0,24,36,56,116,54,12,66,182
12/29/2017,MGM,AL,ASO,ES,Combined TRACON& Tower with Radar,0,20,22,50,92,0,1,19,5,25,0,21,41,55,117,34,0,34,151
12/30/2017,MGM,AL,ASO,ES,Combined TRACON& Tower with Radar,1,19,15,0,35,0,0,21,0,21,1,19,36,0,56,66,0,66,122
12/31/2017,MGM,AL,ASO,ES,Combined TRACON& Tower with Radar,2,13,4,0,19,0,0,1,0,1,2,13,5,0,20,0,0,0,20
01/01/2018,MGM,AL,ASO,ES,Combined TRACON& Tower with Radar,1,16,10,0,27,0,0,4,0,4,1,16,14,0,31,16,0,16,47
01/02/2018,MGM,AL,ASO,ES,Combined TRACON& Tower with Radar,0,18,15,7,40,0,4,15,2,21,0,22,30,9,61,16,14,30,91
01/03/2018,MGM,AL,ASO,ES,Combined TRACON& Tower with Radar,0,21,27,55,103,0,1,17,13,31,0,22,44,68,134,18,74,92,226
01/04/2018,MGM,AL,ASO,ES,Combined TRACON& Tower with Radar,0,23,27,55,105,0,1,19,10,30,0,24,46,65,135,54,32,86,221
01/05/2018,MGM,AL,ASO,ES,Combined TRACON& Tower with Radar,0,24,27,65,116,0,0,30,17,47,0,24,57,82,163,18,34,52,215
01/06/2018,MGM,AL,ASO,ES,Combined TRACON& Tower with Radar,0,14,16,4,34,0,3,51,15,69,0,17,67,19,103,28,28,56,159
01/07/2018,MGM,AL,ASO,ES,Combined TRACON& Tower with Radar,1,18,11,19,49,0,0,22,2,24,1,18,33,21,73,20,0,20,93
01/08/2018,MGM,AL,ASO,ES,Combined TRACON& Tower with Radar,4,14,9,43,70,0,0,2,3,5,4,14,11,46,75,0,0,0,75
01/09/2018,MGM,AL,ASO,ES,Combined TRACON& Tower with Radar,4,19,28,158,209,0,5,4,1,10,4,24,32,159,219,12,34,46,265
01/10/2018,MGM,AL,ASO,ES,Combined TRACON& Tower with Radar,3,16,45,149,213,0,5,6,15,26,3,21,51,164,239,24,184,208,447
01/11/2018,MGM,AL,ASO,ES,Combined TRACON& Tower with Radar,3,17,25,125,170,0,2,6,9,17,3,19,31,134,187,8,124,132,319
01/12/2018,MGM,AL,ASO,ES,Combined TRACON& Tower with Radar,5,19,37,31,92,0,0,0,7,7,5,19,37,38,99,0,36,36,135
01/13/2018,MGM,AL,ASO,ES,Combined TRACON& Tower with Radar,3,11,12,2,28,0,0,12,3,15,3,11,24,5,43,20,0,20,63
01/14/2018,MGM,AL,ASO,ES,Combined TRACON& Tower with Radar,4,14,20,3,41,0,0,28,1,29,4,14,48,4,70,26,0,26,96
01/15/2018,MGM,AL,ASO,ES,Combined TRACON& Tower with Radar,5,16,34,0,55,0,1,40,1,42,5,17,74,1,97,58,0,58,155
01/16/2018,MGM,AL,ASO,ES,Combined TRACON& Tower with Radar,4,16,29,37,86,0,2,12,8,22,4,18,41,45,108,46,24,70,178
01/17/2018,MGM,AL,ASO,ES,Combined TRACON& Tower with Radar,0,0,1,2,3,0,2,0,1,3,0,2,1,3,6,0,0,0,6
01/18/2018,MGM,AL,ASO,ES,Combined TRACON& Tower with Radar,2,11,22,30,65,0,4,17,4,25,2,15,39,34,90,28,34,62,152
01/19/2018,MGM,AL,ASO,ES,Combined TRACON& Tower with Radar,4,18,25,73,120,0,2,26,24,52,4,20,51,97,172,36,46,82,254
01/20/2018,MGM,AL,ASO,ES,Combined TRACON& Tower with Radar,3,13,19,6,41,0,1,35,3,39,3,14,54,9,80,76,0,76,156
01/21/2018,MGM,AL,ASO,ES,Combined TRACON& Tower with Radar,3,15,13,13,44,0,1,28,4,33,3,16,41,17,77,22,8,30,107
01/22/2018,MGM,AL,ASO,ES,Combined TRACON& Tower with Radar,6,20,14,13,53,0,0,1,3,4,6,20,15,16,57,22,30,52,109
01/23/2018,MGM,AL,ASO,ES,Combined TRACON& Tower with Radar,4,17,22,93,136,0,2,29,15,46,4,19,51,108,182,28,22,50,232
01/24/2018,MGM,AL,ASO,ES,Combined TRACON& Tower with Radar,6,17,26,72,121,0,2,30,5,37,6,19,56,77,158,22,66,88,246
01/25/2018,MGM,AL,ASO,ES,Combined TRACON& Tower with Radar,4,19,36,40,99,0,0,21,23,44,4,19,57,63,143,18,52,70,213
01/26/2018,MGM,AL,ASO,ES,Combined TRACON& Tower with Radar,4,17,40,69,130,0,1,32,19,52,4,18,72,88,182,58,68,126,308
01/27/2018,MGM,AL,ASO,ES,Combined TRACON& Tower with Radar,3,13,17,0,33,0,0,7,0,7,3,13,24,0,40,28,0,28,68
01/28/2018,MGM,AL,ASO,ES,Combined TRACON& Tower with Radar,4,17,11,1,33,0,0,0,0,0,4,17,11,1,33,4,0,4,37
01/29/2018,MGM,AL,ASO,ES,Combined TRACON& Tower with Radar,4,16,13,51,84,0,0,17,0,17,4,16,30,51,101,72,62,134,235
01/30/2018,MGM,AL,ASO,ES,Combined TRACON& Tower with Radar,4,16,37,78,135,0,1,23,12,36,4,17,60,90,171,14,168,182,353
01/31/2018,MGM,AL,ASO,ES,Combined TRACON& Tower with Radar,4,16,35,31,86,0,0,32,7,39,4,16,67,38,125,4,50,54,179
02/01/2018,MGM,AL,ASO,ES,Combined TRACON& Tower with Radar,3,24,44,68,139,0,3,6,16,25,3,27,50,84,164,10,76,86,250
02/02/2018,MGM,AL,ASO,ES,Combined TRACON& Tower with Radar,3,16,29,52,100,0,0,19,28,47,3,16,48,80,147,14,46,60,207
02/03/2018,MGM,AL,ASO,ES,Combined TRACON& Tower with Radar,3,14,28,8,53,0,0,35,13,48,3,14,63,21,101,42,4,46,147
02/04/2018,MGM,AL,ASO,ES,Combined TRACON& Tower with Radar,3,13,6,6,28,0,0,3,0,3,3,13,9,6,31,60,0,60,91
02/05/2018,MGM,AL,ASO,ES,Combined TRACON& Tower with Radar,3,19,30,114,166,0,4,19,8,31,3,23,49,122,197,62,74,136,333
02/06/2018,MGM,AL,ASO,ES,Combined TRACON& Tower with Radar,3,20,31,91,145,0,3,18,14,35,3,23,49,105,180,24,152,176,356
02/07/2018,MGM,AL,ASO,ES,Combined TRACON& Tower with Radar,4,16,16,2,38,0,0,0,0,0,4,16,16,2,38,0,0,0,38
02/08/2018,MGM,AL,ASO,ES,Combined TRACON& Tower with Radar,3,14,23,53,93,0,6,26,18,50,3,20,49,71,143,38,110,148,291
02/09/2018,MGM,AL,ASO,ES,Combined TRACON& Tower with Radar,3,16,29,58,106,0,2,21,11,34,3,18,50,69,140,10,82,92,232
02/10/2018,MGM,AL,ASO,ES,Combined TRACON& Tower with Radar,4,12,6,12,34,0,0,3,0,3,4,12,9,12,37,20,0,20,57
02/11/2018,MGM,AL,ASO,ES,Combined TRACON& Tower with Radar,4,15,14,17,50,0,0,0,0,0,4,15,14,17,50,4,22,26,76
02/12/2018,MGM,AL,ASO,ES,Combined TRACON& Tower with Radar,3,20,23,46,92,0,0,0,0,0,3,20,23,46,92,0,2,2,94
02/13/2018,MGM,AL,ASO,ES,Combined TRACON& Tower with Radar,3,21,34,79,137,0,0,1,9,10,3,21,35,88,147,26,54,80,227
02/14/2018,MGM,AL,ASO,ES,Combined TRACON& Tower with Radar,6,20,33,75,134,0,0,5,24,29,6,20,38,99,163,0,30,30,193
02/15/2018,MGM,AL,ASO,ES,Combined TRACON& Tower with Radar,4,22,40,55,121,0,1,10,8,19,4,23,50,63,140,36,6,42,182
02/16/2018,MGM,AL,ASO,ES,Combined TRACON& Tower with Radar,4,18,29,10,61,0,2,10,3,15,4,20,39,13,76,6,8,14,90
02/17/2018,MGM,AL,ASO,ES,Combined TRACON& Tower with Radar,2,14,11,4,31,0,1,12,1,14,2,15,23,5,45,20,0,20,65
02/18/2018,MGM,AL,ASO,ES,Combined TRACON& Tower with Radar,3,17,25,6,51,0,0,8,0,8,3,17,33,6,59,4,8,12,71
02/19/2018,MGM,AL,ASO,ES,Combined TRACON& Tower with Radar,3,20,32,4,59,0,1,29,2,32,3,21,61,6,91,14,0,14,105
02/20/2018,MGM,AL,ASO,ES,Combined TRACON& Tower with Radar,3,26,36,94,159,0,1,12,7,20,3,27,48,101,179,62,82,144,323
02/21/2018,MGM,AL,ASO,ES,Combined TRACON& Tower with Radar,4,20,40,137,201,0,7,15,8,30,4,27,55,145,231,73,138,211,442
02/22/2018,MGM,AL,ASO,ES,Combined TRACON& Tower with Radar,3,23,32,91,149,0,0,21,22,43,3,23,53,113,192,60,82,142,334
02/23/2018,MGM,AL,ASO,ES,Combined TRACON& Tower with Radar,3,20,36,67,126,0,1,41,17,59,3,21,77,84,185,18,126,144,329
02/24/2018,MGM,AL,ASO,ES,Combined TRACON& Tower with Radar,3,14,9,5,31,0,1,13,2,16,3,15,22,7,47,12,0,12,59
02/25/2018,MGM,AL,ASO,ES,Combined TRACON& Tower with Radar,4,17,8,2,31,0,0,3,0,3,4,17,11,2,34,8,0,8,42
02/26/2018,MGM,AL,ASO,ES,Combined TRACON& Tower with Radar,4,20,23,72,119,0,3,15,1,19,4,23,38,73,138,60,68,128,266
02/27/2018,MGM,AL,ASO,ES,Combined TRACON& Tower with Radar,3,23,18,88,132,0,9,42,7,58,3,32,60,95,190,52,126,178,368
02/28/2018,MGM,AL,ASO,ES,Combined TRACON& Tower with Radar,2,23,29,134,188,0,0,1,10,11,2,23,30,144,199,0,60,60,259
03/01/2018,MGM,AL,ASO,ES,Combined TRACON& Tower with Radar,3,20,20,32,75,0,1,11,13,25,3,21,31,45,100,44,54,98,198
03/02/2018,MGM,AL,ASO,ES,Combined TRACON& Tower with Radar,3,21,34,91,149,0,1,37,14,52,3,22,71,105,201,8,76,84,285
03/03/2018,MGM,AL,ASO,ES,Combined TRACON& Tower with Radar,4,13,16,28,61,0,7,39,3,49,4,20,55,31,110,54,32,86,196
03/04/2018,MGM,AL,ASO,ES,Combined TRACON& Tower with Radar,5,19,22,49,95,0,3,39,22,64,5,22,61,71,159,40,36,76,235
03/05/2018,MGM,AL,ASO,ES,Combined TRACON& Tower with Radar,4,18,22,44,88,0,4,21,16,41,4,22,43,60,129,54,172,226,355
03/06/2018,MGM,AL,ASO,ES,Combined TRACON& Tower with Radar,4,21,34,77,136,0,1,9,12,22,4,22,43,89,158,18,48,66,224
03/07/2018,MGM,AL,ASO,ES,Combined TRACON& Tower with Radar,3,18,38,60,119,0,0,14,7,21,3,18,52,67,140,2,42,44,184
03/08/2018,MGM,AL,ASO,ES,Combined TRACON& Tower with Radar,5,30,23,93,151,0,1,29,15,45,5,31,52,108,196,28,120,148,344
03/09/2018,MGM,AL,ASO,ES,Combined TRACON& Tower with Radar,3,19,37,95,154,0,3,48,30,81,3,22,85,125,235,86,162,248,483
03/10/2018,MGM,AL,ASO,ES,Combined TRACON& Tower with Radar,4,18,24,9,55,0,0,33,0,33,4,18,57,9,88,42,0,42,130
03/11/2018,MGM,AL,ASO,ES,Combined TRACON& Tower with Radar,3,19,13,3,38,0,0,2,4,6,3,19,15,7,44,12,0,12,56
03/12/2018,MGM,AL,ASO,ES,Combined TRACON& Tower with Radar,3,18,24,25,70,0,0,14,16,30,3,18,38,41,100,18,28,46,146
03/13/2018,MGM,AL,ASO,ES,Combined TRACON& Tower with Radar,5,23,49,56,133,0,6,28,9,43,5,29,77,65,176,76,132,208,384
03/14/2018,MGM,AL,ASO,ES,Combined TRACON& Tower with Radar,3,21,19,75,118,0,1,24,10,35,3,22,43,85,153,66,44,110,263
03/15/2018,MGM,AL,ASO,ES,Combined TRACON& Tower with Radar,6,23,34,61,124,0,5,45,17,67,6,28,79,78,191,60,96,156,347
03/16/2018,MGM,AL,ASO,ES,Combined TRACON& Tower with Radar,4,20,31,100,155,0,0,21,26,47,4,20,52,126,202,16,76,92,294
03/17/2018,MGM,AL,ASO,ES,Combined TRACON& Tower with Radar,3,16,20,5,44,0,4,4,3,11,3,20,24,8,55,8,32,40,95
03/18/2018,MGM,AL,ASO,ES,Combined TRACON& Tower with Radar,4,21,25,35,85,0,0,8,4,12,4,21,33,39,97,24,0,24,121
03/19/2018,MGM,AL,ASO,ES,Combined TRACON& Tower with Radar,5,22,15,28,70,0,0,10,0,10,5,22,25,28,80,6,0,6,86
03/20/2018,MGM,AL,ASO,ES,Combined TRACON& Tower with Radar,5,18,49,93,165,0,5,14,21,40,5,23,63,114,205,16,224,240,445
03/21/2018,MGM,AL,ASO,ES,Combined TRACON& Tower with Radar,3,21,35,70,129,0,0,17,10,27,3,21,52,80,156,10,127,137,293
03/22/2018,MGM,AL,ASO,ES,Combined TRACON& Tower with Radar,3,19,26,81,129,0,5,28,14,47,3,24,54,95,176,38,54,92,268
03/23/2018,MGM,AL,ASO,ES,Combined TRACON& Tower with Radar,4,18,32,76,130,0,3,41,9,53,4,21,73,85,183,46,60,106,289
03/24/2018,MGM,AL,ASO,ES,Combined TRACON& Tower with Radar,4,14,11,9,38,0,2,27,0,29,4,16,38,9,67,38,0,38,105
03/25/2018,MGM,AL,ASO,ES,Combined TRACON& Tower with Radar,4,20,20,26,70,0,5,17,4,26,4,25,37,30,96,50,10,60,156
03/26/2018,MGM,AL,ASO,ES,Combined TRACON& Tower with Radar,3,20,20,74,117,0,6,1,2,9,3,26,21,76,126,20,22,42,168
03/27/2018,MGM,AL,ASO,ES,Combined TRACON& Tower with Radar,2,26,41,98,167,0,1,14,5,20,2,27,55,103,187,20,88,108,295
03/28/2018,MGM,AL,ASO,ES,Combined TRACON& Tower with Radar,3,23,37,100,163,0,4,30,19,53,3,27,67,119,216,0,174,174,390
03/29/2018,MGM,AL,ASO,ES,Combined TRACON& Tower with Radar,4,25,31,44,104,0,1,0,2,3,4,26,31,46,107,8,2,10,117
03/30/2018,MGM,AL,ASO,ES,Combined TRACON& Tower with Radar,4,20,20,38,82,0,2,16,6,24,4,22,36,44,106,66,4,70,176
03/31/2018,MGM,AL,ASO,ES,Combined TRACON& Tower with Radar,3,16,19,0,38,0,2,41,0,43,3,18,60,0,81,42,0,42,123
04/01/2018,MGM,AL,ASO,ES,Combined TRACON& Tower with Radar,3,21,9,0,33,0,0,34,0,34,3,21,43,0,67,78,0,78,145
04/02/2018,MGM,AL,ASO,ES,Combined TRACON& Tower with Radar,4,21,26,38,89,0,4,19,5,28,4,25,45,43,117,58,10,68,185
04/03/2018,MGM,AL,ASO,ES,Combined TRACON& Tower with Radar,3,21,35,121,180,0,1,21,14,36,3,22,56,135,216,32,124,156,372
04/04/2018,MGM,AL,ASO,ES,Combined TRACON& Tower with Radar,2,21,26,88,137,0,0,20,6,26,2,21,46,94,163,28,106,134,297
04/05/2018,MGM,AL,ASO,ES,Combined TRACON& Tower with Radar,2,24,55,68,149,0,5,45,7,57,2,29,100,75,206,84,34,118,324
04/06/2018,MGM,AL,ASO,ES,Combined TRACON& Tower with Radar,2,21,26,77,126,0,2,19,10,31,2,23,45,87,157,10,62,72,229
04/07/2018,MGM,AL,ASO,ES,Combined TRACON& Tower with Radar,2,15,15,30,62,0,0,0,4,4,2,15,15,34,66,0,56,56,122
04/08/2018,MGM,AL,ASO,ES,Combined TRACON& Tower with Radar,0,27,18,25,70,0,0,22,4,26,0,27,40,29,96,100,14,114,210
04/09/2018,MGM,AL,ASO,ES,Combined TRACON& Tower with Radar,2,24,31,81,138,0,2,7,1,10,2,26,38,82,148,58,142,200,348
04/10/2018,MGM,AL,ASO,ES,Combined TRACON& Tower with Radar,2,25,28,87,142,0,1,48,7,56,2,26,76,94,198,58,90,148,346
04/11/2018,MGM,AL,ASO,ES,Combined TRACON& Tower with Radar,2,24,33,82,141,0,3,52,13,68,2,27,85,95,209,24,44,68,277
04/12/2018,MGM,AL,ASO,ES,Combined TRACON& Tower with Radar,2,24,23,136,185,0,2,42,16,60,2,26,65,152,245,28,90,118,363
04/13/2018,MGM,AL,ASO,ES,Combined TRACON& Tower with Radar,2,24,39,118,183,0,2,39,24,65,2,26,78,142,248,22,50,72,320
04/14/2018,MGM,AL,ASO,ES,Combined TRACON& Tower with Radar,0,14,17,4,35,0,0,8,0,8,0,14,25,4,43,0,0,0,43
04/15/2018,MGM,AL,ASO,ES,Combined TRACON& Tower with Radar,4,22,16,23,65,0,0,6,2,8,4,22,22,25,73,20,2,22,95
04/16/2018,MGM,AL,ASO,ES,Combined TRACON& Tower with Radar,2,24,25,57,108,0,5,26,13,44,2,29,51,70,152,16,38,54,206
04/17/2018,MGM,AL,ASO,ES,Combined TRACON& Tower with Radar,2,23,39,80,144,0,0,38,15,53,2,23,77,95,197,16,50,66,263
04/18/2018,MGM,AL,ASO,ES,Combined TRACON& Tower with Radar,2,26,33,88,149,0,9,37,16,62,2,35,70,104,211,42,114,156,367
04/19/2018,MGM,AL,ASO,ES,Combined TRACON& Tower with Radar,4,26,28,75,133,0,0,22,16,38,4,26,50,91,171,2,0,2,173
04/20/2018,MGM,AL,ASO,ES,Combined TRACON& Tower with Radar,0,27,34,60,121,0,3,26,24,53,0,30,60,84,174,20,16,36,210
04/21/2018,MGM,AL,ASO,ES,Combined TRACON& Tower with Radar,3,13,20,18,54,0,2,17,14,33,3,15,37,32,87,42,20,62,149
04/22/2018,MGM,AL,ASO,ES,Combined TRACON& Tower with Radar,5,21,20,10,56,0,0,0,0,0,5,21,20,10,56,10,0,10,66
04/23/2018,MGM,AL,ASO,ES,Combined TRACON& Tower with Radar,2,25,35,38,100,0,5,9,15,29,2,30,44,53,129,30,69,99,228
04/24/2018,MGM,AL,ASO,ES,Combined TRACON& Tower with Radar,2,22,43,131,198,0,0,17,1,18,2,22,60,132,216,40,48,88,304
04/25/2018,MGM,AL,ASO,ES,Combined TRACON& Tower with Radar,2,44,41,92,179,0,4,27,11,42,2,48,68,103,221,42,36,78,299
04/26/2018,MGM,AL,ASO,ES,Combined TRACON& Tower with Radar,2,35,36,45,118,0,2,6,10,18,2,37,42,55,136,18,32,50,186
04/27/2018,MGM,AL,ASO,ES,Combined TRACON& Tower with Radar,2,36,37,100,175,0,8,28,5,41,2,44,65,105,216,46,36,82,298
04/28/2018,MGM,AL,ASO,ES,Combined TRACON& Tower with Radar,0,20,21,2,43,0,3,36,1,40,0,23,57,3,83,42,0,42,125
04/29/2018,MGM,AL,ASO,ES,Combined TRACON& Tower with Radar,2,24,13,64,103,0,0,40,14,54,2,24,53,78,157,66,6,72,229
04/30/2018,MGM,AL,ASO,ES,Combined TRACON& Tower with Radar,2,28,43,57,130,0,3,28,12,43,2,31,71,69,173,34,166,200,373
05/01/2018,MGM,AL,ASO,ES,Combined TRACON& Tower with Radar,2,27,37,67,133,0,4,37,12,53,2,31,74,79,186,22,102,124,310
05/02/2018,MGM,AL,ASO,ES,Combined TRACON& Tower with Radar,4,20,45,58,127,0,3,35,11,49,4,23,80,69,176,66,90,156,332
05/03/2018,MGM,AL,ASO,ES,Combined TRACON& Tower with Radar,2,20,37,43,102,0,4,32,12,48,2,24,69,55,150,62,10,72,222
05/04/2018,MGM,AL,ASO,ES,Combined TRACON& Tower with Radar,0,25,34,86,145,0,5,34,26,65,0,30,68,112,210,66,78,144,354
05/05/2018,MGM,AL,ASO,ES,Combined TRACON& Tower with Radar,0,15,10,32,57,0,5,12,7,24,0,20,22,39,81,4,0,4,85
05/06/2018,MGM,AL,ASO,ES,Combined TRACON& Tower with Radar,4,24,15,20,63,0,0,25,16,41,4,24,40,36,104,10,8,18,122
05/07/2018,MGM,AL,ASO,ES,Combined TRACON& Tower with Radar,0,27,37,45,109,0,9,33,6,48,0,36,70,51,157,80,54,134,291
05/08/2018,MGM,AL,ASO,ES,Combined TRACON& Tower with Radar,0,26,27,58,111,0,6,40,7,53,0,32,67,65,164,94,50,144,308
05/09/2018,MGM,AL,ASO,ES,Combined TRACON& Tower with Radar,0,30,27,72,129,0,9,20,20,49,0,39,47,92,178,32,16,48,226
05/10/2018,MGM,AL,ASO,ES,Combined TRACON& Tower with Radar,0,26,30,65,121,0,1,26,30,57,0,27,56,95,178,36,82,118,296
05/11/2018,MGM,AL,ASO,ES,Combined TRACON& Tower with Radar,0,29,47,50,126,0,2,32,23,57,0,31,79,73,183,66,32,98,281
05/12/2018,MGM,AL,ASO,ES,Combined TRACON& Tower with Radar,0,15,17,10,42,0,2,37,1,40,0,17,54,11,82,28,0,28,110
05/13/2018,MGM,AL,ASO,ES,Combined TRACON& Tower with Radar,0,27,22,18,67,0,1,25,12,38,0,28,47,30,105,14,0,14,119
05/14/2018,MGM,AL,ASO,ES,Combined TRACON& Tower with Radar,0,28,28,25,81,0,0,29,5,34,0,28,57,30,115,104,28,132,247
05/15/2018,MGM,AL,ASO,ES,Combined TRACON& Tower with Radar,0,27,40,62,129,0,5,33,10,48,0,32,73,72,177,48,122,170,347
05/16/2018,MGM,AL,ASO,ES,Combined TRACON& Tower with Radar,0,32,19,57,108,0,11,8,5,24,0,43,27,62,132,27,76,103,235
05/17/2018,MGM,AL,ASO,ES,Combined TRACON& Tower with Radar,0,27,53,55,135,0,1,7,25,33,0,28,60,80,168,18,56,74,242
05/18/2018,MGM,AL,ASO,ES,Combined TRACON& Tower with Radar,0,27,35,21,83,0,2,13,22,37,0,29,48,43,120,26,40,66,186
05/19/2018,MGM,AL,ASO,ES,Combined TRACON& Tower with Radar,0,15,14,1,30,0,0,9,9,18,0,15,23,10,48,14,0,14,62
05/20/2018,MGM,AL,ASO,ES,Combined TRACON& Tower with Radar,2,23,20,13,58,0,2,18,5,25,2,25,38,18,83,12,0,12,95
05/21/2018,MGM,AL,ASO,ES,Combined TRACON& Tower with Radar,0,29,33,19,81,0,0,12,0,12,0,29,45,19,93,22,0,22,115
05/22/2018,MGM,AL,ASO,ES,Combined TRACON& Tower with Radar,0,28,42,33,103,0,0,10,5,15,0,28,52,38,118,46,34,80,198
05/23/2018,MGM,AL,ASO,ES,Combined TRACON& Tower with Radar,0,33,37,37,107,0,4,7,9,20,0,37,44,46,127,42,82,124,251
05/24/2018,MGM,AL,ASO,ES,Combined TRACON& Tower with Radar,0,26,46,37,109,0,9,13,3,25,0,35,59,40,134,40,30,70,204
05/25/2018,MGM,AL,ASO,ES,Combined TRACON& Tower with Radar,0,26,21,11,58,0,3,3,6,12,0,29,24,17,70,4,20,24,94
05/26/2018,MGM,AL,ASO,ES,Combined TRACON& Tower with Radar,0,15,8,10,33,0,4,10,1,15,0,19,18,11,48,0,0,0,48
05/27/2018,MGM,AL,ASO,ES,Combined TRACON& Tower with Radar,0,21,11,0,32,0,1,12,1,14,0,22,23,1,46,30,0,30,76
05/28/2018,MGM,AL,ASO,ES,Combined TRACON& Tower with Radar,2,25,2,0,29,0,0,1,0,1,2,25,3,0,30,4,0,4,34
05/29/2018,MGM,AL,ASO,ES,Combined TRACON& Tower with Radar,0,31,17,22,70,0,3,2,1,6,0,34,19,23,76,28,28,56,132
05/30/2018,MGM,AL,ASO,ES,Combined TRACON& Tower with Radar,0,28,16,20,64,0,1,10,2,13,0,29,26,22,77,24,2,26,103
05/31/2018,MGM,AL,ASO,ES,Combined TRACON& Tower with Radar,0,25,30,47,102,0,3,16,11,30,0,28,46,58,132,72,4,76,208
06/01/2018,MGM,AL,ASO,ES,Combined TRACON& Tower with Radar,0,30,13,83,126,0,1,23,23,47,0,31,36,106,173,48,36,84,257
06/02/2018,MGM,AL,ASO,ES,Combined TRACON& Tower with Radar,0,18,9,12,39,0,0,18,7,25,0,18,27,19,64,24,18,42,106
06/03/2018,MGM,AL,ASO,ES,Combined TRACON& Tower with Radar,0,30,24,27,81,0,0,20,17,37,0,30,44,44,118,30,18,48,166
06/04/2018,MGM,AL,ASO,ES,Combined TRACON& Tower with Radar,4,26,32,77,139,0,2,47,4,53,4,28,79,81,192,50,52,102,294
06/05/2018,MGM,AL,ASO,ES,Combined TRACON& Tower with Radar,0,31,43,132,206,0,2,41,15,58,0,33,84,147,264,58,160,218,482
06/06/2018,MGM,AL,ASO,ES,Combined TRACON& Tower with Radar,0,28,41,81,150,0,0,38,21,59,0,28,79,102,209,56,96,152,361
06/07/2018,MGM,AL,ASO,ES,Combined TRACON& Tower with Radar,2,31,30,66,129,0,3,42,22,67,2,34,72,88,196,22,106,128,324
06/08/2018,MGM,AL,ASO,ES,Combined TRACON& Tower with Radar,2,29,25,79,135,0,2,35,20,57,2,31,60,99,192,50,68,118,310
06/09/2018,MGM,AL,ASO,ES,Combined TRACON& Tower with Radar,0,18,10,6,34,0,0,24,5,29,0,18,34,11,63,14,4,18,81
06/10/2018,MGM,AL,ASO,ES,Combined TRACON& Tower with Radar,2,31,16,25,74,0,2,18,28,48,2,33,34,53,122,20,38,58,180
06/11/2018,MGM,AL,ASO,ES,Combined TRACON& Tower with Radar,1,28,19,39,87,0,3,27,3,33,1,31,46,42,120,40,20,60,180
06/12/2018,MGM,AL,ASO,ES,Combined TRACON& Tower with Radar,1,27,35,56,119,0,4,22,6,32,1,31,57,62,151,82,30,112,263
06/13/2018,MGM,AL,ASO,ES,Combined TRACON& Tower with Radar,0,30,29,38,97,0,1,18,6,25,0,31,47,44,122,28,74,102,224
06/14/2018,MGM,AL,ASO,ES,Combined TRACON& Tower with Radar,2,26,32,44,104,0,4,17,10,31,2,30,49,54,135,42,20,62,197
06/15/2018,MGM,AL,ASO,ES,Combined TRACON& Tower with Radar,0,26,32,55,113,0,0,23,3,26,0,26,55,58,139,40,30,70,209
06/16/2018,MGM,AL,ASO,ES,Combined TRACON& Tower with Radar,1,17,13,0,31,0,2,12,0,14,1,19,25,0,45,14,0,14,59
06/17/2018,MGM,AL,ASO,ES,Combined TRACON& Tower with Radar,1,25,10,3,39,0,0,7,3,10,1,25,17,6,49,0,0,0,49
06/18/2018,MGM,AL,ASO,ES,Combined TRACON& Tower with Radar,0,22,34,68,124,0,3,38,1,42,0,25,72,69,166,32,44,76,242
06/19/2018,MGM,AL,ASO,ES,Combined TRACON& Tower with Radar,0,25,30,41,96,0,4,44,13,61,0,29,74,54,157,70,32,102,259
06/20/2018,MGM,AL,ASO,ES,Combined TRACON& Tower with Radar,2,27,37,103,169,0,1,32,13,46,2,28,69,116,215,74,56,130,345
06/21/2018,MGM,AL,ASO,ES,Combined TRACON& Tower with Radar,0,28,27,77,132,0,4,22,11,37,0,32,49,88,169,16,54,70,239
06/22/2018,MGM,AL,ASO,ES,Combined TRACON& Tower with Radar,4,30,22,49,105,0,2,5,4,11,4,32,27,53,116,24,8,32,148
06/23/2018,MGM,AL,ASO,ES,Combined TRACON& Tower with Radar,0,17,26,3,46,0,0,15,0,15,0,17,41,3,61,58,0,58,119
06/24/2018,MGM,AL,ASO,ES,Combined TRACON& Tower with Radar,0,30,18,22,70,0,1,14,1,16,0,31,32,23,86,8,0,8,94
06/25/2018,MGM,AL,ASO,ES,Combined TRACON& Tower with Radar,14,32,29,56,131,0,2,29,8,39,14,34,58,64,170,22,3,25,195
06/26/2018,MGM,AL,ASO,ES,Combined TRACON& Tower with Radar,0,27,42,16,85,0,2,24,7,33,0,29,66,23,118,22,18,40,158
06/27/2018,MGM,AL,ASO,ES,Combined TRACON& Tower with Radar,4,28,46,59,137,0,0,34,7,41,4,28,80,66,178,64,46,110,288
06/28/2018,MGM,AL,ASO,ES,Combined TRACON& Tower with Radar,7,30,36,42,115,0,5,10,20,35,7,35,46,62,150,24,68,92,242
06/29/2018,MGM,AL,ASO,ES,Combined TRACON& Tower with Radar,3,30,22,99,154,0,1,38,22,61,3,31,60,121,215,32,61,93,308
06/30/2018,MGM,AL,ASO,ES,Combined TRACON& Tower with Radar,0,18,8,12,38,0,1,15,0,16,0,19,23,12,54,40,0,40,94
07/01/2018,MGM,AL,ASO,ES,Combined TRACON& Tower with Radar,0,26,10,37,73,0,2,7,7,16,0,28,17,44,89,6,0,6,95
07/02/2018,MGM,AL,ASO,ES,Combined TRACON& Tower with Radar,0,24,12,19,55,0,0,10,2,12,0,24,22,21,67,22,16,38,105
07/03/2018,MGM,AL,ASO,ES,Combined TRACON& Tower with Radar,0,16,23,114,153,0,0,29,26,55,0,16,52,140,208,26,134,160,368
07/04/2018,MGM,AL,ASO,ES,Combined TRACON& Tower with Radar,0,16,10,0,26,0,3,5,1,9,0,19,15,1,35,0,0,0,35
07/05/2018,MGM,AL,ASO,ES,Combined TRACON& Tower with Radar,0,26,24,61,111,0,4,24,9,37,0,30,48,70,148,4,12,16,164
07/06/2018,MGM,AL,ASO,ES,Combined TRACON& Tower with Radar,0,28,11,64,103,0,1,21,10,32,0,29,32,74,135,4,18,22,157
07/07/2018,MGM,AL,ASO,ES,Combined TRACON& Tower with Radar,0,19,24,13,56,0,0,13,3,16,0,19,37,16,72,8,0,8,80
07/08/2018,MGM,AL,ASO,ES,Combined TRACON& Tower with Radar,0,31,26,11,68,0,1,7,9,17,0,32,33,20,85,14,0,14,99
07/09/2018,MGM,AL,ASO,ES,Combined TRACON& Tower with Radar,0,34,20,84,138,0,2,18,9,29,0,36,38,93,167,48,44,92,259
07/10/2018,MGM,AL,ASO,ES,Combined TRACON& Tower with Radar,0,26,18,71,115,0,6,69,16,91,0,32,87,87,206,38,118,156,362
07/11/2018,MGM,AL,ASO,ES,Combined TRACON& Tower with Radar,0,28,26,111,165,0,2,29,6,37,0,30,55,117,202,58,48,106,308
07/12/2018,MGM,AL,ASO,ES,Combined TRACON& Tower with Radar,0,29,24,47,100,0,5,22,7,34,0,34,46,54,134,12,70,82,216
07/13/2018,MGM,AL,ASO,ES,Combined TRACON& Tower with Radar,0,30,18,51,99,0,1,31,20,52,0,31,49,71,151,32,44,76,227
07/14/2018,MGM,AL,ASO,ES,Combined TRACON& Tower with Radar,0,16,7,15,38,0,1,17,11,29,0,17,24,26,67,6,20,26,93
07/15/2018,MGM,AL,ASO,ES,Combined TRACON& Tower with Radar,0,32,18,28,78,0,0,15,9,24,0,32,33,37,102,0,0,0,102
07/16/2018,MGM,AL,ASO,ES,Combined TRACON& Tower with Radar,0,29,14,62,105,0,10,9,3,22,0,39,23,65,127,44,84,128,255
07/17/2018,MGM,AL,ASO,ES,Combined TRACON& Tower with Radar,0,24,25,155,204,0,7,15,3,25,0,31,40,158,229,30,16,46,275
07/18/2018,MGM,AL,ASO,ES,Combined TRACON& Tower with Radar,2,32,28,51,113,0,0,9,7,16,2,32,37,58,129,0,44,44,173
07/19/2018,MGM,AL,ASO,ES,Combined TRACON& Tower with Radar,0,21,26,9,56,0,1,24,12,37,0,22,50,21,93,44,22,66,159
07/20/2018,MGM,AL,ASO,ES,Combined TRACON& Tower with Radar,0,27,39,51,117,0,0,19,14,33,0,27,58,65,150,86,36,122,272
07/21/2018,MGM,AL,ASO,ES,Combined TRACON& Tower with Radar,2,15,13,0,30,0,0,9,0,9,2,15,22,0,39,10,0,10,49
07/22/2018,MGM,AL,ASO,ES,Combined TRACON& Tower with Radar,0,29,17,32,78,0,0,28,18,46,0,29,45,50,124,38,35,73,197
07/23/2018,MGM,AL,ASO,ES,Combined TRACON& Tower with Radar,0,25,25,76,126,0,4,26,5,35,0,29,51,81,161,20,86,106,267
07/24/2018,MGM,AL,ASO,ES,Combined TRACON& Tower with Radar,0,22,29,29,80,0,4,21,5,30,0,26,50,34,110,22,70,92,202
07/25/2018,MGM,AL,ASO,ES,Combined TRACON& Tower with Radar,0,28,22,46,96,0,5,21,2,28,0,33,43,48,124,34,12,46,170
07/26/2018,MGM,AL,ASO,ES,Combined TRACON& Tower with Radar,0,28,26,102,156,0,5,25,17,47,0,33,51,119,203,30,100,130,333
07/27/2018,MGM,AL,ASO,ES,Combined TRACON& Tower with Radar,0,34,22,80,136,0,2,24,11,37,0,36,46,91,173,8,50,58,231
07/28/2018,MGM,AL,ASO,ES,Combined TRACON& Tower with Radar,0,16,11,8,35,0,0,36,0,36,0,16,47,8,71,10,0,10,81
07/29/2018,MGM,AL,ASO,ES,Combined TRACON& Tower with Radar,0,29,20,23,72,0,3,29,13,45,0,32,49,36,117,22,0,22,139
07/30/2018,MGM,AL,ASO,ES,Combined TRACON& Tower with Radar,0,30,13,72,115,0,1,22,8,31,0,31,35,80,146,28,106,134,280
07/31/2018,MGM,AL,ASO,ES,Combined TRACON& Tower with Radar,4,25,31,59,119,0,7,12,0,19,4,32,43,59,138,24,88,112,250
08/01/2018,MGM,AL,ASO,ES,Combined TRACON& Tower with Radar,0,26,29,4,59,0,0,0,0,0,0,26,29,4,59,22,0,22,81
08/02/2018,MGM,AL,ASO,ES,Combined TRACON& Tower with Radar,0,26,26,45,97,0,0,7,1,8,0,26,33,46,105,48,56,104,209
08/03/2018,MGM,AL,ASO,ES,Combined TRACON& Tower with Radar,0,26,42,47,115,0,0,14,9,23,0,26,56,56,138,10,46,56,194
08/04/2018,MGM,AL,ASO,ES,Combined TRACON& Tower with Radar,0,20,9,19,48,0,4,39,2,45,0,24,48,21,93,34,28,62,155
08/05/2018,MGM,AL,ASO,ES,Combined TRACON& Tower with Radar,0,31,16,41,88,0,4,27,15,46,0,35,43,56,134,16,28,44,178
08/06/2018,MGM,AL,ASO,ES,Combined TRACON& Tower with Radar,0,28,20,65,113,0,2,34,2,38,0,30,54,67,151,60,60,120,271
08/07/2018,MGM,AL,ASO,ES,Combined TRACON& Tower with Radar,1,27,29,62,119,0,0,19,7,26,1,27,48,69,145,34,52,86,231
08/08/2018,MGM,AL,ASO,ES,Combined TRACON& Tower with Radar,0,34,21,79,134,0,3,42,14,59,0,37,63,93,193,38,84,122,315
08/09/2018,MGM,AL,ASO,ES,Combined TRACON& Tower with Radar,0,31,25,45,101,0,3,27,15,45,0,34,52,60,146,24,66,90,236
08/10/2018,MGM,AL,ASO,ES,Combined TRACON& Tower with Radar,0,29,36,47,112,0,10,11,16,37,0,39,47,63,149,34,78,112,261
08/11/2018,MGM,AL,ASO,ES,Combined TRACON& Tower with Radar,0,15,24,7,46,0,1,12,2,15,0,16,36,9,61,26,0,26,87
08/12/2018,MGM,AL,ASO,ES,Combined TRACON& Tower with Radar,0,31,19,4,54,0,4,26,8,38,0,35,45,12,92,16,0,16,108
08/13/2018,MGM,AL,ASO,ES,Combined TRACON& Tower with Radar,0,27,32,27,86,0,5,37,4,46,0,32,69,31,132,62,22,84,216
08/14/2018,MGM,AL,ASO,ES,Combined TRACON& Tower with Radar,0,27,26,61,114,0,3,29,3,35,0,30,55,64,149,40,58,98,247
08/15/2018,MGM,AL,ASO,ES,Combined TRACON& Tower with Radar,2,40,30,46,118,0,3,39,8,50,2,43,69,54,168,28,16,44,212
08/16/2018,MGM,AL,ASO,ES,Combined TRACON& Tower with Radar,0,26,28,30,84,0,6,26,9,41,0,32,54,39,125,58,26,84,209
08/17/2018,MGM,AL,ASO,ES,Combined TRACON& Tower with Radar,0,30,29,47,106,0,2,4,17,23,0,32,33,64,129,2,24,26,155
08/18/2018,MGM,AL,ASO,ES,Combined TRACON& Tower with Radar,0,17,24,16,57,0,0,10,6,16,0,17,34,22,73,36,24,60,133
08/19/2018,MGM,AL,ASO,ES,Combined TRACON& Tower with Radar,0,28,13,21,62,0,0,4,12,16,0,28,17,33,78,10,6,16,94
08/20/2018,MGM,AL,ASO,ES,Combined TRACON& Tower with Radar,0,28,20,35,83,0,3,9,1,13,0,31,29,36,96,14,16,30,126
08/21/2018,MGM,AL,ASO,ES,Combined TRACON& Tower with Radar,0,24,32,30,86,0,6,6,3,15,0,30,38,33,101,36,26,62,163
08/22/2018,MGM,AL,ASO,ES,Combined TRACON& Tower with Radar,0,28,36,83,147,0,6,31,21,58,0,34,67,104,205,52,74,126,331
08/23/2018,MGM,AL,ASO,ES,Combined TRACON& Tower with Radar,0,31,12,69,112,0,4,38,19,61,0,35,50,88,173,46,20,66,239
08/24/2018,MGM,AL,ASO,ES,Combined TRACON& Tower with Radar,1,33,25,83,142,0,2,29,18,49,1,35,54,101,191,76,35,111,302
08/25/2018,MGM,AL,ASO,ES,Combined TRACON& Tower with Radar,0,16,9,23,48,0,4,50,12,66,0,20,59,35,114,26,0,26,140
08/26/2018,MGM,AL,ASO,ES,Combined TRACON& Tower with Radar,0,26,15,42,83,0,2,34,23,59,0,28,49,65,142,6,42,48,190
08/27/2018,MGM,AL,ASO,ES,Combined TRACON& Tower with Radar,0,34,29,91,154,0,7,51,7,65,0,41,80,98,219,72,160,232,451
08/28/2018,MGM,AL,ASO,ES,Combined TRACON& Tower with Radar,0,29,27,64,120,0,13,28,10,51,0,42,55,74,171,74,54,128,299
08/29/2018,MGM,AL,ASO,ES,Combined TRACON& Tower with Radar,0,29,32,84,145,0,10,13,9,32,0,39,45,93,177,30,136,166,343
08/30/2018,MGM,AL,ASO,ES,Combined TRACON& Tower with Radar,2,32,23,89,146,0,4,6,13,23,2,36,29,102,169,10,42,52,221
08/31/2018,MGM,AL,ASO,ES,Combined TRACON& Tower with Radar,0,27,16,7,50,0,4,25,4,33,0,31,41,11,83,28,28,56,139
09/01/2018,MGM,AL,ASO,ES,Combined TRACON& Tower with Radar,1,16,19,3,39,0,0,18,4,22,1,16,37,7,61,24,20,44,105
09/02/2018,MGM,AL,ASO,ES,Combined TRACON& Tower with Radar,0,19,6,18,43,0,0,33,4,37,0,19,39,22,80,24,0,24,104
09/03/2018,MGM,AL,ASO,ES,Combined TRACON& Tower with Radar,0,31,26,0,57,0,0,24,0,24,0,31,50,0,81,26,0,26,107
09/04/2018,MGM,AL,ASO,ES,Combined TRACON& Tower with Radar,0,24,16,37,77,0,1,10,3,14,0,25,26,40,91,32,48,80,171
09/05/2018,MGM,AL,ASO,ES,Combined TRACON& Tower with Radar,0,28,21,9,58,0,5,3,2,10,0,33,24,11,68,18,0,18,86
09/06/2018,MGM,AL,ASO,ES,Combined TRACON& Tower with Radar,0,27,31,112,170,0,4,22,24,50,0,31,53,136,220,64,154,218,438
09/07/2018,MGM,AL,ASO,ES,Combined TRACON& Tower with Radar,1,29,29,26,85,0,16,17,4,37,1,45,46,30,122,40,75,115,237
09/08/2018,MGM,AL,ASO,ES,Combined TRACON& Tower with Radar,1,19,10,0,30,0,22,31,2,55,1,41,41,2,85,94,120,214,299
09/09/2018,MGM,AL,ASO,ES,Combined TRACON& Tower with Radar,0,29,18,65,112,0,7,26,10,43,0,36,44,75,155,14,0,14,169
09/10/2018,MGM,AL,ASO,ES,Combined TRACON& Tower with Radar,0,30,28,37,95,0,2,19,5,26,0,32,47,42,121,32,64,96,217
09/11/2018,MGM,AL,ASO,ES,Combined TRACON& Tower with Radar,0,24,35,47,106,0,1,19,0,20,0,25,54,47,126,64,30,94,220
09/12/2018,MGM,AL,ASO,ES,Combined TRACON& Tower with Radar,0,27,38,62,127,0,2,44,3,49,0,29,82,65,176,56,63,119,295
09/13/2018,MGM,AL,ASO,ES,Combined TRACON& Tower with Radar,0,29,40,73,142,0,10,22,12,44,0,39,62,85,186,24,108,132,318
09/14/2018,MGM,AL,ASO,ES,Combined TRACON& Tower with Radar,2,30,32,65,129,0,1,42,21,64,2,31,74,86,193,14,92,106,299
09/15/2018,MGM,AL,ASO,ES,Combined TRACON& Tower with Radar,2,14,17,11,44,0,0,41,13,54,2,14,58,24,98,26,0,26,124
09/16/2018,MGM,AL,ASO,ES,Combined TRACON& Tower with Radar,0,23,14,32,69,0,1,34,12,47,0,24,48,44,116,54,0,54,170
09/17/2018,MGM,AL,ASO,ES,Combined TRACON& Tower with Radar,0,30,31,78,139,0,1,46,10,57,0,31,77,88,196,56,98,154,350
09/18/2018,MGM,AL,ASO,ES,Combined TRACON& Tower with Radar,0,34,35,70,139,0,8,37,4,49,0,42,72,74,188,104,26,130,318
09/19/2018,MGM,AL,ASO,ES,Combined TRACON& Tower with Radar,1,30,47,126,204,0,0,30,9,39,1,30,77,135,243,28,84,112,355
09/20/2018,MGM,AL,ASO,ES,Combined TRACON& Tower with Radar,1,29,39,62,131,0,3,41,10,54,1,32,80,72,185,58,18,76,261
09/21/2018,MGM,AL,ASO,ES,Combined TRACON& Tower with Radar,5,28,35,74,142,0,4,28,7,39,5,32,63,81,181,78,24,102,283
09/22/2018,MGM,AL,ASO,ES,Combined TRACON& Tower with Radar,1,20,26,20,67,0,1,22,0,23,1,21,48,20,90,8,0,8,98
09/23/2018,MGM,AL,ASO,ES,Combined TRACON& Tower with Radar,2,27,23,69,121,0,0,54,32,86,2,27,77,101,207,80,0,80,287
09/24/2018,MGM,AL,ASO,ES,Combined TRACON& Tower with Radar,0,37,35,52,124,0,0,16,5,21,0,37,51,57,145,34,0,34,179
09/25/2018,MGM,AL,ASO,ES,Combined TRACON& Tower with Radar,0,29,35,65,129,0,7,24,8,39,0,36,59,73,168,40,20,60,228
09/26/2018,MGM,AL,ASO,ES,Combined TRACON& Tower with Radar,0,36,25,49,110,0,2,5,2,9,0,38,30,51,119,20,58,78,197
09/27/2018,MGM,AL,ASO,ES,Combined TRACON& Tower with Radar,0,30,31,35,96,0,0,9,14,23,0,30,40,49,119,54,2,56,175
09/28/2018,MGM,AL,ASO,ES,Combined TRACON& Tower with Radar,1,37,22,35,95,0,3,12,7,22,1,40,34,42,117,100,32,132,249
09/29/2018,MGM,AL,ASO,ES,Combined TRACON& Tower with Radar,3,20,11,7,41,0,6,28,0,34,3,26,39,7,75,40,0,40,115
09/30/2018,MGM,AL,ASO,ES,Combined TRACON& Tower with Radar,0,27,17,22,66,0,1,47,3,51,0,28,64,25,117,8,0,8,125
10/01/2018,MGM,AL,ASO,ES,Combined TRACON& Tower with Radar,0,32,35,65,132,0,5,36,8,49,0,37,71,73,181,94,6,100,281
10/02/2018,MGM,AL,ASO,ES,Combined TRACON& Tower with Radar,3,26,34,87,150,0,20,47,9,76,3,46,81,96,226,50,48,98,324
10/03/2018,MGM,AL,ASO,ES,Combined TRACON& Tower with Radar,0,30,30,126,186,0,5,42,13,60,0,35,72,139,246,34,162,196,442
10/04/2018,MGM,AL,ASO,ES,Combined TRACON& Tower with Radar,2,25,47,97,171,0,1,62,16,79,2,26,109,113,250,152,94,246,496
10/05/2018,MGM,AL,ASO,ES,Combined TRACON& Tower with Radar,0,32,33,30,95,0,6,36,0,42,0,38,69,30,137,28,46,74,211
10/06/2018,MGM,AL,ASO,ES,Combined TRACON& Tower with Radar,1,18,31,8,58,0,5,23,0,28,1,23,54,8,86,14,0,14,100
10/07/2018,MGM,AL,ASO,ES,Combined TRACON& Tower with Radar,1,27,21,51,100,0,2,22,12,36,1,29,43,63,136,20,32,52,188
10/08/2018,MGM,AL,ASO,ES,Combined TRACON& Tower with Radar,1,31,21,9,62,0,5,21,0,26,1,36,42,9,88,54,0,54,142
10/09/2018,MGM,AL,ASO,ES,Combined TRACON& Tower with Radar,7,29,26,32,94,0,1,16,1,18,7,30,42,33,112,42,4,46,158
10/10/2018,MGM,AL,ASO,ES,Combined TRACON& Tower with Radar,0,26,9,1,36,0,0,0,0,0,0,26,9,1,36,0,0,0,36
10/11/2018,MGM,AL,ASO,ES,Combined TRACON& Tower with Radar,1,30,46,39,116,0,3,25,12,40,1,33,71,51,156,34,2,36,192
10/12/2018,MGM,AL,ASO,ES,Combined TRACON& Tower with Radar,2,37,33,94,166,0,4,47,17,68,2,41,80,111,234,34,72,106,340
10/13/2018,MGM,AL,ASO,ES,Combined TRACON& Tower with Radar,4,14,25,22,65,0,0,41,9,50,4,14,66,31,115,46,26,72,187
10/14/2018,MGM,AL,ASO,ES,Combined TRACON& Tower with Radar,1,26,28,46,101,0,0,29,15,44,1,26,57,61,145,32,58,90,235
10/15/2018,MGM,AL,ASO,ES,Combined TRACON& Tower with Radar,0,34,25,82,141,0,5,31,3,39,0,39,56,85,180,54,11,65,245
10/16/2018,MGM,AL,ASO,ES,Combined TRACON& Tower with Radar,0,26,25,147,198,0,0,11,1,12,0,26,36,148,210,32,82,114,324
10/17/2018,MGM,AL,ASO,ES,Combined TRACON& Tower with Radar,0,34,48,120,202,0,9,28,3,40,0,43,76,123,242,108,152,260,502
10/18/2018,MGM,AL,ASO,ES,Combined TRACON& Tower with Radar,0,27,38,90,155,0,1,47,10,58,0,28,85,100,213,36,69,105,318
10/19/2018,MGM,AL,ASO,ES,Combined TRACON& Tower with Radar,2,30,32,84,148,0,4,12,9,25,2,34,44,93,173,20,32,52,225
10/20/2018,MGM,AL,ASO,ES,Combined TRACON& Tower with Radar,3,18,15,23,59,0,2,1,2,5,3,20,16,25,64,0,0,0,64
10/21/2018,MGM,AL,ASO,ES,Combined TRACON& Tower with Radar,1,24,23,22,70,0,0,23,10,33,1,24,46,32,103,14,8,22,125
10/22/2018,MGM,AL,ASO,ES,Combined TRACON& Tower with Radar,0,33,20,54,107,0,9,40,10,59,0,42,60,64,166,50,78,128,294
10/23/2018,MGM,AL,ASO,ES,Combined TRACON& Tower with Radar,0,26,32,175,233,0,0,27,5,32,0,26,59,180,265,50,118,168,433
10/24/2018,MGM,AL,ASO,ES,Combined TRACON& Tower with Radar,0,28,46,86,160,0,3,39,12,54,0,31,85,98,214,44,82,126,340
10/25/2018,MGM,AL,ASO,ES,Combined TRACON& Tower with Radar,0,30,38,77,145,0,0,8,1,9,0,30,46,78,154,60,66,126,280
10/26/2018,MGM,AL,ASO,ES,Combined TRACON& Tower with Radar,0,33,30,69,132,0,8,3,5,16,0,41,33,74,148,8,24,32,180
10/27/2018,MGM,AL,ASO,ES,Combined TRACON& Tower with Radar,1,16,18,12,47,0,2,17,2,21,1,18,35,14,68,12,8,20,88
10/28/2018,MGM,AL,ASO,ES,Combined TRACON& Tower with Radar,1,26,25,32,84,0,0,48,10,58,1,26,73,42,142,38,38,76,218
10/29/2018,MGM,AL,ASO,ES,Combined TRACON& Tower with Radar,2,28,32,41,103,0,1,39,9,49,2,29,71,50,152,56,62,118,270
10/30/2018,MGM,AL,ASO,ES,Combined TRACON& Tower with Radar,1,26,28,86,141,0,6,42,30,78,1,32,70,116,219,72,80,152,371
10/31/2018,MGM,AL,ASO,ES,Combined TRACON& Tower with Radar,2,26,31,90,149,0,1,45,15,61,2,27,76,105,210,58,124,182,392
11/01/2018,MGM,AL,ASO,ES,Combined TRACON& Tower with Radar,2,27,10,30,69,0,1,0,5,6,2,28,10,35,75,10,14,24,99
11/02/2018,MGM,AL,ASO,ES,Combined TRACON& Tower with Radar,1,28,22,83,134,0,3,16,18,37,1,31,38,101,171,40,11,51,222
11/03/2018,MGM,AL,ASO,ES,Combined TRACON& Tower with Radar,3,14,23,25,65,0,1,49,11,61,3,15,72,36,126,16,44,60,186
11/04/2018,MGM,AL,ASO,ES,Combined TRACON& Tower with Radar,0,25,28,46,99,0,1,42,26,69,0,26,70,72,168,2,4,6,174
11/05/2018,MGM,AL,ASO,ES,Combined TRACON& Tower with Radar,0,29,32,35,96,0,0,3,0,3,0,29,35,35,99,14,0,14,113
11/06/2018,MGM,AL,ASO,ES,Combined TRACON& Tower with Radar,0,25,26,129,180,0,4,29,12,45,0,29,55,141,225,64,72,136,361
11/07/2018,MGM,AL,ASO,ES,Combined TRACON& Tower with Radar,0,36,36,23,95,0,2,15,0,17,0,38,51,23,112,0,0,0,112
11/08/2018,MGM,AL,ASO,ES,Combined TRACON& Tower with Radar,0,27,18,18,63,0,0,0,0,0,0,27,18,18,63,0,0,0,63
11/09/2018,MGM,AL,ASO,ES,Combined TRACON& Tower with Radar,0,31,32,12,75,0,0,0,0,0,0,31,32,12,75,0,0,0,75
11/10/2018,MGM,AL,ASO,ES,Combined TRACON& Tower with Radar,0,19,27,9,55,0,3,36,1,40,0,22,63,10,95,50,0,50,145
11/11/2018,MGM,AL,ASO,ES,Combined TRACON& Tower with Radar,0,25,42,4,71,0,1,41,2,44,0,26,83,6,115,32,0,32,147
11/12/2018,MGM,AL,ASO,ES,Combined TRACON& Tower with Radar,0,24,10,0,34,0,0,0,0,0,0,24,10,0,34,0,0,0,34
11/13/2018,MGM,AL,ASO,ES,Combined TRACON& Tower with Radar,0,28,23,29,80,0,0,0,0,0,0,28,23,29,80,0,0,0,80
11/14/2018,MGM,AL,ASO,ES,Combined TRACON& Tower with Radar,0,25,19,20,64,0,0,1,0,1,0,25,20,20,65,0,0,0,65
11/15/2018,MGM,AL,ASO,ES,Combined TRACON& Tower with Radar,1,28,26,77,132,0,5,16,17,38,1,33,42,94,170,28,22,50,220
11/16/2018,MGM,AL,ASO,ES,Combined TRACON& Tower with Radar,1,30,35,80,146,0,5,33,24,62,1,35,68,104,208,45,8,53,261
11/17/2018,MGM,AL,ASO,ES,Combined TRACON& Tower with Radar,0,16,21,13,50,0,5,44,7,56,0,21,65,20,106,50,1,51,157
11/18/2018,MGM,AL,ASO,ES,Combined TRACON& Tower with Radar,0,23,20,20,63,0,2,29,3,34,0,25,49,23,97,42,0,42,139
11/19/2018,MGM,AL,ASO,ES,Combined TRACON& Tower with Radar,1,30,32,105,168,0,4,36,14,54,1,34,68,119,222,93,106,199,421
11/20/2018,MGM,AL,ASO,ES,Combined TRACON& Tower with Radar,0,27,36,88,151,0,5,28,4,37,0,32,64,92,188,50,42,92,280
11/21/2018,MGM,AL,ASO,ES,Combined TRACON& Tower with Radar,0,31,26,40,97,0,4,31,4,39,0,35,57,44,136,40,64,104,240
11/22/2018,MGM,AL,ASO,ES,Combined TRACON& Tower with Radar,0,14,4,0,18,0,0,13,0,13,0,14,17,0,31,28,0,28,59
11/23/2018,MGM,AL,ASO,ES,Combined TRACON& Tower with Radar,0,23,23,0,46,0,0,3,0,3,0,23,26,0,49,8,0,8,57
11/24/2018,MGM,AL,ASO,ES,Combined TRACON& Tower with Radar,0,23,29,1,53,0,0,7,0,7,0,23,36,1,60,18,0,18,78
11/25/2018,MGM,AL,ASO,ES,Combined TRACON& Tower with Radar,2,30,13,0,45,0,4,8,0,12,2,34,21,0,57,24,0,24,81
11/26/2018,MGM,AL,ASO,ES,Combined TRACON& Tower with Radar,0,29,29,148,206,0,3,40,25,68,0,32,69,173,274,32,216,248,522
11/27/2018,MGM,AL,ASO,ES,Combined TRACON& Tower with Radar,0,31,29,99,159,0,3,51,7,61,0,34,80,106,220,78,90,168,388
11/28/2018,MGM,AL,ASO,ES,Combined TRACON& Tower with Radar,2,23,25,99,149,0,3,38,16,57,2,26,63,115,206,38,134,172,378
11/29/2018,MGM,AL,ASO,ES,Combined TRACON& Tower with Radar,0,28,40,81,149,0,1,41,23,65,0,29,81,104,214,40,140,180,394
11/30/2018,MGM,AL,ASO,ES,Combined TRACON& Tower with Radar,0,27,29,157,213,0,3,44,19,66,0,30,73,176,279,20,167,187,466
12/01/2018,MGM,AL,ASO,ES,Combined TRACON& Tower with Radar,0,15,13,5,33,0,0,0,0,0,0,15,13,5,33,0,0,0,33
12/02/2018,MGM,AL,ASO,ES,Combined TRACON& Tower with Radar,3,24,23,30,80,0,2,40,12,54,3,26,63,42,134,16,35,51,185
12/03/2018,MGM,AL,ASO,ES,Combined TRACON& Tower with Radar,0,27,24,68,119,0,9,44,22,75,0,36,68,90,194,38,57,95,289
12/04/2018,MGM,AL,ASO,ES,Combined TRACON& Tower with Radar,0,29,37,102,168,0,2,50,10,62,0,31,87,112,230,22,98,120,350
12/05/2018,MGM,AL,ASO,ES,Combined TRACON& Tower with Radar,0,27,42,8,77,0,7,50,8,65,0,34,92,16,142,26,2,28,170
12/06/2018,MGM,AL,ASO,ES,Combined TRACON& Tower with Radar,0,27,38,90,155,0,4,44,22,70,0,31,82,112,225,134,36,170,395
12/07/2018,MGM,AL,ASO,ES,Combined TRACON& Tower with Radar,0,27,31,131,189,0,5,46,16,67,0,32,77,147,256,88,112,200,456
12/08/2018,MGM,AL,ASO,ES,Combined TRACON& Tower with Radar,0,15,5,2,22,0,0,2,0,2,0,15,7,2,24,0,0,0,24
12/09/2018,MGM,AL,ASO,ES,Combined TRACON& Tower with Radar,0,21,10,16,47,0,0,0,0,0,0,21,10,16,47,0,0,0,47
12/10/2018,MGM,AL,ASO,ES,Combined TRACON& Tower with Radar,0,28,14,15,57,0,0,0,0,0,0,28,14,15,57,0,14,14,71
12/11/2018,MGM,AL,ASO,ES,Combined TRACON& Tower with Radar,3,28,35,73,139,0,3,49,13,65,3,31,84,86,204,84,86,170,374
12/12/2018,MGM,AL,ASO,ES,Combined TRACON& Tower with Radar,0,31,53,87,171,0,4,73,5,82,0,35,126,92,253,78,98,176,429
12/13/2018,MGM,AL,ASO,ES,Combined TRACON& Tower with Radar,3,27,31,112,173,0,2,18,27,47,3,29,49,139,220,6,110,116,336
12/14/2018,MGM,AL,ASO,ES,Combined TRACON& Tower with Radar,1,25,19,35,80,0,0,0,0,0,1,25,19,35,80,0,0,0,80
12/15/2018,MGM,AL,ASO,ES,Combined TRACON& Tower with Radar,5,15,21,14,55,0,0,3,0,3,5,15,24,14,58,4,0,4,62
12/16/2018,MGM,AL,ASO,ES,Combined TRACON& Tower with Radar,1,22,8,6,37,0,3,12,3,18,1,25,20,9,55,20,0,20,75
12/17/2018,MGM,AL,ASO,ES,Combined TRACON& Tower with Radar,1,25,38,52,116,0,7,56,9,72,1,32,94,61,188,120,82,202,390
12/18/2018,MGM,AL,ASO,ES,Combined TRACON& Tower with Radar,0,29,45,94,168,0,3,55,14,72,0,32,100,108,240,142,48,190,430
12/19/2018,MGM,AL,ASO,ES,Combined TRACON& Tower with Radar,2,34,35,97,168,0,1,41,13,55,2,35,76,110,223,136,78,214,437
12/20/2018,MGM,AL,ASO,ES,Combined TRACON& Tower with Radar,1,28,25,8,62,0,0,0,0,0,1,28,25,8,62,0,0,0,62
12/21/2018,MGM,AL,ASO,ES,Combined TRACON& Tower with Radar,2,24,20,17,63,0,0,2,2,4,2,24,22,19,67,14,0,14,81
12/22/2018,MGM,AL,ASO,ES,Combined TRACON& Tower with Radar,0,21,27,12,60,0,2,49,0,51,0,23,76,12,111,50,0,50,161
12/23/2018,MGM,AL,ASO,ES,Combined TRACON& Tower with Radar,0,23,11,0,34,0,0,8,0,8,0,23,19,0,42,16,0,16,58
12/24/2018,MGM,AL,ASO,ES,Combined TRACON& Tower with Radar,0,13,6,0,19,0,0,17,0,17,0,13,23,0,36,30,0,30,66
12/25/2018,MGM,AL,ASO,ES,Combined TRACON& Tower with Radar,0,15,4,0,19,0,0,9,0,9,0,15,13,0,28,0,0,0,28
12/26/2018,MGM,AL,ASO,ES,Combined TRACON& Tower with Radar,0,26,38,3,67,0,4,46,4,54,0,30,84,7,121,84,0,84,205
12/27/2018,MGM,AL,ASO,ES,Combined TRACON& Tower with Radar,0,23,13,10,46,0,0,9,1,10,0,23,22,11,56,10,6,16,72
12/28/2018,MGM,AL,ASO,ES,Combined TRACON& Tower with Radar,0,21,14,15,50,0,0,0,1,1,0,21,14,16,51,0,4,4,55
12/29/2018,MGM,AL,ASO,ES,Combined TRACON& Tower with Radar,0,19,36,0,55,0,0,10,0,10,0,19,46,0,65,22,0,22,87
12/30/2018,MGM,AL,ASO,ES,Combined TRACON& Tower with Radar,0,28,6,0,34,0,0,0,0,0,0,28,6,0,34,0,0,0,34
12/31/2018,MGM,AL,ASO,ES,Combined TRACON& Tower with Radar,2,18,10,0,30,0,2,4,0,6,2,20,14,0,36,0,0,0,36
01/01/2019,MGM,AL,ASO,ES,Combined TRACON& Tower with Radar,2,20,14,0,36,0,0,4,0,4,2,20,18,0,40,6,0,6,46
01/02/2019,MGM,AL,ASO,ES,Combined TRACON& Tower with Radar,1,26,16,0,43,0,0,0,0,0,1,26,16,0,43,0,0,0,43
01/03/2019,MGM,AL,ASO,ES,Combined TRACON& Tower with Radar,0,26,17,16,59,0,0,0,0,0,0,26,17,16,59,0,0,0,59
01/04/2019,MGM,AL,ASO,ES,Combined TRACON& Tower with Radar,2,23,27,125,177,0,1,19,17,37,2,24,46,142,214,44,21,65,279
01/05/2019,MGM,AL,ASO,ES,Combined TRACON& Tower with Radar,0,19,14,43,76,0,3,53,6,62,0,22,67,49,138,28,18,46,184
01/06/2019,MGM,AL,ASO,ES,Combined TRACON& Tower with Radar,0,24,13,53,90,0,2,44,9,55,0,26,57,62,145,30,22,52,197
01/07/2019,MGM,AL,ASO,ES,Combined TRACON& Tower with Radar,0,26,25,79,130,0,3,38,7,48,0,29,63,86,178,78,36,114,292
01/08/2019,MGM,AL,ASO,ES,Combined TRACON& Tower with Radar,0,30,45,80,155,0,6,26,9,41,0,36,71,89,196,34,92,126,322
01/09/2019,MGM,AL,ASO,ES,Combined TRACON& Tower with Radar,0,26,31,102,159,0,5,40,13,58,0,31,71,115,217,28,44,72,289
01/10/2019,MGM,AL,ASO,ES,Combined TRACON& Tower with Radar,0,32,45,95,172,0,8,40,20,68,0,40,85,115,240,42,72,114,354
01/11/2019,MGM,AL,ASO,ES,Combined TRACON& Tower with Radar,0,34,38,73,145,0,5,62,7,74,0,39,100,80,219,64,34,98,317
01/12/2019,MGM,AL,ASO,ES,Combined TRACON& Tower with Radar,0,18,21,23,62,0,0,5,3,8,0,18,26,26,70,12,22,34,104
01/13/2019,MGM,AL,ASO,ES,Combined TRACON& Tower with Radar,0,22,28,32,82,0,0,10,8,18,0,22,38,40,100,0,0,0,100
01/14/2019,MGM,AL,ASO,ES,Combined TRACON& Tower with Radar,0,33,35,45,113,0,7,0,11,18,0,40,35,56,131,48,34,82,213
01/15/2019,MGM,AL,ASO,ES,Combined TRACON& Tower with Radar,0,26,42,74,142,0,3,30,11,44,0,29,72,85,186,64,74,138,324
01/16/2019,MGM,AL,ASO,ES,Combined TRACON& Tower with Radar,0,25,39,97,161,0,6,52,16,74,0,31,91,113,235,86,54,140,375
01/17/2019,MGM,AL,ASO,ES,Combined TRACON& Tower with Radar,0,35,50,107,192,0,1,12,8,21,0,36,62,115,213,12,60,72,285
01/18/2019,MGM,AL,ASO,ES,Combined TRACON& Tower with Radar,0,26,27,16,69,0,0,7,0,7,0,26,34,16,76,26,0,26,102
01/19/2019,MGM,AL,ASO,ES,Combined TRACON& Tower with Radar,0,16,0,1,17,0,1,0,3,4,0,17,0,4,21,0,0,0,21
01/20/2019,MGM,AL,ASO,ES,Combined TRACON& Tower with Radar,0,19,18,34,71,0,0,24,7,31,0,19,42,41,102,46,0,46,148
01/21/2019,MGM,AL,ASO,ES,Combined TRACON& Tower with Radar,0,31,23,0,54,0,2,54,0,56,0,33,77,0,110,88,0,88,198
01/22/2019,MGM,AL,ASO,ES,Combined TRACON& Tower with Radar,0,29,33,132,194,0,4,26,14,44,0,33,59,146,238,0,64,64,302
01/23/2019,MGM,AL,ASO,ES,Combined TRACON& Tower with Radar,2,25,21,23,71,0,0,1,4,5,2,25,22,27,76,0,16,16,92
01/24/2019,MGM,AL,ASO,ES,Combined TRACON& Tower with Radar,0,32,45,54,131,0,3,16,20,39,0,35,61,74,170,44,34,78,248
01/25/2019,MGM,AL,ASO,ES,Combined TRACON& Tower with Radar,2,29,31,124,186,0,0,80,16,96,2,29,111,140,282,56,66,122,404
01/26/2019,MGM,AL,ASO,ES,Combined TRACON& Tower with Radar,0,20,17,28,65,0,2,46,5,53,0,22,63,33,118,52,0,52,170
01/27/2019,MGM,AL,ASO,ES,Combined TRACON& Tower with Radar,0,24,15,53,92,0,0,31,5,36,0,24,46,58,128,18,10,28,156
01/28/2019,MGM,AL,ASO,ES,Combined TRACON& Tower with Radar,0,28,36,79,143,0,4,46,13,63,0,32,82,92,206,22,140,162,368
01/29/2019,MGM,AL,ASO,ES,Combined TRACON& Tower with Radar,0,22,22,41,85,0,1,14,1,16,0,23,36,42,101,28,20,48,149
01/30/2019,MGM,AL,ASO,ES,Combined TRACON& Tower with Radar,0,28,45,78,151,0,11,46,26,83,0,39,91,104,234,72,100,172,406
01/31/2019,MGM,AL,ASO,ES,Combined TRACON& Tower with Radar,0,29,44,110,183,0,3,56,19,78,0,32,100,129,261,74,148,222,483
02/01/2019,MGM,AL,ASO,ES,Combined TRACON& Tower with Radar,0,30,28,100,158,0,7,34,14,55,0,37,62,114,213,40,156,196,409
02/02/2019,MGM,AL,ASO,ES,Combined TRACON& Tower with Radar,0,20,24,36,80,0,2,16,2,20,0,22,40,38,100,39,52,91,191
02/03/2019,MGM,AL,ASO,ES,Combined TRACON& Tower with Radar,0,23,13,73,109,0,0,18,2,20,0,23,31,75,129,8,2,10,139
02/04/2019,MGM,AL,ASO,ES,Combined TRACON& Tower with Radar,0,27,24,55,106,0,6,7,7,20,0,33,31,62,126,58,90,148,274
02/05/2019,MGM,AL,ASO,ES,Combined TRACON& Tower with Radar,0,28,36,99,163,0,7,31,7,45,0,35,67,106,208,158,42,200,408
02/06/2019,MGM,AL,ASO,ES,Combined TRACON& Tower with Radar,0,27,44,104,175,0,7,5,8,20,0,34,49,112,195,96,50,146,341
02/07/2019,MGM,AL,ASO,ES,Combined TRACON& Tower with Radar,0,27,42,96,165,0,2,32,25,59,0,29,74,121,224,14,96,110,334
02/08/2019,MGM,AL,ASO,ES,Combined TRACON& Tower with Radar,0,26,23,126,175,0,6,33,20,59,0,32,56,146,234,12,72,84,318
02/09/2019,MGM,AL,ASO,ES,Combined TRACON& Tower with Radar,0,18,31,9,58,0,1,63,11,75,0,19,94,20,133,30,2,32,165
02/10/2019,MGM,AL,ASO,ES,Combined TRACON& Tower with Radar,0,26,25,21,72,0,2,24,1,27,0,28,49,22,99,34,0,34,133
02/11/2019,MGM,AL,ASO,ES,Combined TRACON& Tower with Radar,0,27,29,76,132,0,0,4,1,5,0,27,33,77,137,12,36,48,185
02/12/2019,MGM,AL,ASO,ES,Combined TRACON& Tower with Radar,3,31,18,23,75,0,0,5,1,6,3,31,23,24,81,0,8,8,89
02/13/2019,MGM,AL,ASO,ES,Combined TRACON& Tower with Radar,0,26,62,59,147,0,7,71,36,114,0,33,133,95,261,60,55,115,376
02/14/2019,MGM,AL,ASO,ES,Combined TRACON& Tower with Radar,0,28,48,80,156,0,2,42,5,49,0,30,90,85,205,0,22,22,227
02/15/2019,MGM,AL,ASO,ES,Combined TRACON& Tower with Radar,1,32,47,63,143,0,1,10,5,16,1,33,57,68,159,6,108,114,273
02/16/2019,MGM,AL,ASO,ES,Combined TRACON& Tower with Radar,0,19,40,0,59,0,0,28,2,30,0,19,68,2,89,70,0,70,159
02/17/2019,MGM,AL,ASO,ES,Combined TRACON& Tower with Radar,0,26,22,17,65,0,0,6,0,6,0,26,28,17,71,20,2,22,93
02/18/2019,MGM,AL,ASO,ES,Combined TRACON& Tower with Radar,0,28,30,6,64,0,1,46,3,50,0,29,76,9,114,40,0,40,154
02/19/2019,MGM,AL,ASO,ES,Combined TRACON& Tower with Radar,0,23,25,82,130,0,0,7,5,12,0,23,32,87,142,2,72,74,216
02/20/2019,MGM,AL,ASO,ES,Combined TRACON& Tower with Radar,2,22,17,39,80,0,0,2,0,2,2,22,19,39,82,0,0,0,82
02/21/2019,MGM,AL,ASO,ES,Combined TRACON& Tower with Radar,2,30,30,44,106,0,0,13,2,15,2,30,43,46,121,28,8,36,157
02/22/2019,MGM,AL,ASO,ES,Combined TRACON& Tower with Radar,0,33,24,187,244,0,1,24,11,36,0,34,48,198,280,72,126,198,478
02/23/2019,MGM,AL,ASO,ES,Combined TRACON& Tower with Radar,4,21,21,9,55,0,2,17,0,19,4,23,38,9,74,32,0,32,106
02/24/2019,MGM,AL,ASO,ES,Combined TRACON& Tower with Radar,0,27,20,35,82,0,0,17,8,25,0,27,37,43,107,50,124,174,281
02/25/2019,MGM,AL,ASO,ES,Combined TRACON& Tower with Radar,0,27,44,86,157,0,4,56,4,64,0,31,100,90,221,72,78,150,371
02/26/2019,MGM,AL,ASO,ES,Combined TRACON& Tower with Radar,0,28,39,113,180,0,9,63,8,80,0,37,102,121,260,34,130,164,424
02/27/2019,MGM,AL,ASO,ES,Combined TRACON& Tower with Radar,0,28,45,147,220,0,12,21,11,44,0,40,66,158,264,60,74,134,398
02/28/2019,MGM,AL,ASO,ES,Combined TRACON& Tower with Radar,0,24,33,107,164,0,0,14,12,26,0,24,47,119,190,14,102,116,306
03/01/2019,MGM,AL,ASO,ES,Combined TRACON& Tower with Radar,0,27,52,68,147,0,0,8,2,10,0,27,60,70,157,14,14,28,185
03/02/2019,MGM,AL,ASO,ES,Combined TRACON& Tower with Radar,0,25,34,40,99,0,0,5,0,5,0,25,39,40,104,26,0,26,130
03/03/2019,MGM,AL,ASO,ES,Combined TRACON& Tower with Radar,6,26,8,3,43,0,1,0,0,1,6,27,8,3,44,6,0,6,50
03/04/2019,MGM,AL,ASO,ES,Combined TRACON& Tower with Radar,4,22,20,17,63,0,3,15,6,24,4,25,35,23,87,36,5,41,128
03/05/2019,MGM,AL,ASO,ES,Combined TRACON& Tower with Radar,3,31,22,75,131,0,1,42,13,56,3,32,64,88,187,14,24,38,225
03/06/2019,MGM,AL,ASO,ES,Combined TRACON& Tower with Radar,3,26,41,107,177,0,16,79,23,118,3,42,120,130,295,64,120,184,479
03/07/2019,MGM,AL,ASO,ES,Combined TRACON& Tower with Radar,3,26,53,82,164,0,11,60,17,88,3,37,113,99,252,38,78,116,368
03/08/2019,MGM,AL,ASO,ES,Combined TRACON& Tower with Radar,2,23,39,89,153,0,1,28,17,46,2,24,67,106,199,22,94,116,315
03/09/2019,MGM,AL,ASO,ES,Combined TRACON& Tower with Radar,3,17,24,5,49,0,1,17,0,18,3,18,41,5,67,70,2,72,139
03/10/2019,MGM,AL,ASO,ES,Combined TRACON& Tower with Radar,3,23,24,27,77,0,0,15,3,18,3,23,39,30,95,10,0,10,105
03/11/2019,MGM,AL,ASO,ES,Combined TRACON& Tower with Radar,7,31,20,24,82,0,4,6,6,16,7,35,26,30,98,0,98,98,196
03/12/2019,MGM,AL,ASO,ES,Combined TRACON& Tower with Radar,2,27,41,85,155,0,2,42,20,64,2,29,83,105,219,20,56,76,295
03/13/2019,MGM,AL,ASO,ES,Combined TRACON& Tower with Radar,3,28,33,119,183,0,3,22,17,42,3,31,55,136,225,30,164,194,419
03/14/2019,MGM,AL,ASO,ES,Combined TRACON& Tower with Radar,3,23,22,59,107,0,0,12,1,13,3,23,34,60,120,16,16,32,152
03/15/2019,MGM,AL,ASO,ES,Combined TRACON& Tower with Radar,3,31,35,70,139,0,4,26,12,42,3,35,61,82,181,46,36,82,263
03/16/2019,MGM,AL,ASO,ES,Combined TRACON& Tower with Radar,2,18,17,8,45,0,2,30,11,43,2,20,47,19,88,46,6,52,140
03/17/2019,MGM,AL,ASO,ES,Combined TRACON& Tower with Radar,5,24,29,21,79,0,1,49,10,60,5,25,78,31,139,60,0,60,199
03/18/2019,MGM,AL,ASO,ES,Combined TRACON& Tower with Radar,2,24,26,78,130,0,7,37,8,52,2,31,63,86,182,16,84,100,282
03/19/2019,MGM,AL,ASO,ES,Combined TRACON& Tower with Radar,4,23,44,89,160,0,3,40,30,73,4,26,84,119,233,36,88,124,357
03/20/2019,MGM,AL,ASO,ES,Combined TRACON& Tower with Radar,5,26,32,105,168,0,6,72,43,121,5,32,104,148,289,64,116,180,469
03/21/2019,MGM,AL,ASO,ES,Combined TRACON& Tower with Radar,3,24,22,79,128,0,5,31,23,59,3,29,53,102,187,6,84,90,277
03/22/2019,MGM,AL,ASO,ES,Combined TRACON& Tower with Radar,3,22,35,75,135,0,6,39,20,65,3,28,74,95,200,52,66,118,318
03/23/2019,MGM,AL,ASO,ES,Combined TRACON& Tower with Radar,2,16,39,21,78,0,4,64,3,71,2,20,103,24,149,40,0,40,189
03/24/2019,MGM,AL,ASO,ES,Combined TRACON& Tower with Radar,4,20,25,32,81,0,1,57,2,60,4,21,82,34,141,72,4,76,217
03/25/2019,MGM,AL,ASO,ES,Combined TRACON& Tower with Radar,3,25,18,72,118,0,3,16,18,37,3,28,34,90,155,12,126,138,293
03/26/2019,MGM,AL,ASO,ES,Combined TRACON& Tower with Radar,3,25,25,104,157,0,7,30,8,45,3,32,55,112,202,22,70,92,294
03/27/2019,MGM,AL,ASO,ES,Combined TRACON& Tower with Radar,5,24,27,43,99,0,8,53,9,70,5,32,80,52,169,6,60,66,235
03/28/2019,MGM,AL,ASO,ES,Combined TRACON& Tower with Radar,3,22,30,84,139,0,4,57,19,80,3,26,87,103,219,122,58,180,399
03/29/2019,MGM,AL,ASO,ES,Combined TRACON& Tower with Radar,3,26,43,83,155,0,4,36,20,60,3,30,79,103,215,8,50,58,273
03/30/2019,MGM,AL,ASO,ES,Combined TRACON& Tower with Radar,3,17,17,7,44,0,0,25,1,26,3,17,42,8,70,16,0,16,86
03/31/2019,MGM,AL,ASO,ES,Combined TRACON& Tower with Radar,5,23,32,56,116,0,0,25,18,43,5,23,57,74,159,90,14,104,263
04/01/2019,MGM,AL,ASO,ES,Combined TRACON& Tower with Radar,4,29,31,50,114,0,2,45,15,62,4,31,76,65,176,54,58,112,288
04/02/2019,MGM,AL,ASO,ES,Combined TRACON& Tower with Radar,3,25,24,126,178,0,5,51,17,73,3,30,75,143,251,50,108,158,409
04/03/2019,MGM,AL,ASO,ES,Combined TRACON& Tower with Radar,4,27,34,115,180,0,2,42,23,67,4,29,76,138,247,34,120,154,401
04/04/2019,MGM,AL,ASO,ES,Combined TRACON& Tower with Radar,3,28,25,32,88,0,4,17,13,34,3,32,42,45,122,18,30,48,170
04/05/2019,MGM,AL,ASO,ES,Combined TRACON& Tower with Radar,8,28,34,49,119,0,0,3,13,16,8,28,37,62,135,78,98,176,311
04/06/2019,MGM,AL,ASO,ES,Combined TRACON& Tower with Radar,2,16,26,0,44,0,0,12,22,34,2,16,38,22,78,6,30,36,114
04/07/2019,MGM,AL,ASO,ES,Combined TRACON& Tower with Radar,4,22,36,57,119,0,2,24,9,35,4,24,60,66,154,30,4,34,188
04/08/2019,MGM,AL,ASO,ES,Combined TRACON& Tower with Radar,2,22,24,13,61,0,0,7,0,7,2,22,31,13,68,54,10,64,132
04/09/2019,MGM,AL,ASO,ES,Combined TRACON& Tower with Radar,8,22,28,73,131,0,1,22,1,24,8,23,50,74,155,66,28,94,249
04/10/2019,MGM,AL,ASO,ES,Combined TRACON& Tower with Radar,4,24,37,53,118,0,6,44,17,67,4,30,81,70,185,28,24,52,237
04/11/2019,MGM,AL,ASO,ES,Combined TRACON& Tower with Radar,2,24,36,90,152,0,5,46,18,69,2,29,82,108,221,68,88,156,377
04/12/2019,MGM,AL,ASO,ES,Combined TRACON& Tower with Radar,3,24,39,68,134,0,3,28,3,34,3,27,67,71,168,34,24,58,226
04/13/2019,MGM,AL,ASO,ES,Combined TRACON& Tower with Radar,2,14,28,12,56,0,1,27,7,35,2,15,55,19,91,38,6,44,135
04/14/2019,MGM,AL,ASO,ES,Combined TRACON& Tower with Radar,4,18,6,8,36,0,2,4,2,8,4,20,10,10,44,38,0,38,82
04/15/2019,MGM,AL,ASO,ES,Combined TRACON& Tower with Radar,2,25,31,82,140,0,4,31,6,41,2,29,62,88,181,28,46,74,255
04/16/2019,MGM,AL,ASO,ES,Combined TRACON& Tower with Radar,3,21,44,36,104,0,11,35,10,56,3,32,79,46,160,40,0,40,200
04/17/2019,MGM,AL,ASO,ES,Combined TRACON& Tower with Radar,3,20,29,110,162,0,5,29,7,41,3,25,58,117,203,68,110,178,381
04/18/2019,MGM,AL,ASO,ES,Combined TRACON& Tower with Radar,6,29,32,31,98,0,1,19,1,21,6,30,51,32,119,24,70,94,213
04/19/2019,MGM,AL,ASO,ES,Combined TRACON& Tower with Radar,2,24,19,12,57,0,1,5,0,6,2,25,24,12,63,24,10,34,97
04/20/2019,MGM,AL,ASO,ES,Combined TRACON& Tower with Radar,2,13,24,0,39,0,10,33,0,43,2,23,57,0,82,28,0,28,110
04/21/2019,MGM,AL,ASO,ES,Combined TRACON& Tower with Radar,2,27,12,0,41,0,1,37,1,39,2,28,49,1,80,22,0,22,102
04/22/2019,MGM,AL,ASO,ES,Combined TRACON& Tower with Radar,2,22,37,100,161,0,0,52,13,65,2,22,89,113,226,82,72,154,380
04/23/2019,MGM,AL,ASO,ES,Combined TRACON& Tower with Radar,2,20,33,68,123,0,10,69,9,88,2,30,102,77,211,30,50,80,291
04/24/2019,MGM,AL,ASO,ES,Combined TRACON& Tower with Radar,4,24,38,122,188,0,2,47,16,65,4,26,85,138,253,34,88,122,375
04/25/2019,MGM,AL,ASO,ES,Combined TRACON& Tower with Radar,2,26,26,49,103,0,1,20,5,26,2,27,46,54,129,8,20,28,157
04/26/2019,MGM,AL,ASO,ES,Combined TRACON& Tower with Radar,2,22,35,73,132,0,4,31,7,42,2,26,66,80,174,38,34,72,246
04/27/2019,MGM,AL,ASO,ES,Combined TRACON& Tower with Radar,2,14,14,11,41,0,3,33,2,38,2,17,47,13,79,24,0,24,103
04/28/2019,MGM,AL,ASO,ES,Combined TRACON& Tower with Radar,2,22,22,33,79,0,3,45,9,57,2,25,67,42,136,26,0,26,162
04/29/2019,MGM,AL,ASO,ES,Combined TRACON& Tower with Radar,3,24,31,51,109,0,6,36,10,52,3,30,67,61,161,62,24,86,247
04/30/2019,MGM,AL,ASO,ES,Combined TRACON& Tower with Radar,2,24,32,86,144,0,2,56,19,77,2,26,88,105,221,32,16,48,269
05/01/2019,MGM,AL,ASO,ES,Combined TRACON& Tower with Radar,2,26,25,86,139,0,1,49,14,64,2,27,74,100,203,62,108,170,373
05/02/2019,MGM,AL,ASO,ES,Combined TRACON& Tower with Radar,2,28,56,124,210,0,0,57,17,74,2,28,113,141,284,20,110,130,414
05/03/2019,MGM,AL,ASO,ES,Combined TRACON& Tower with Radar,1,24,42,92,159,0,0,35,20,55,1,24,77,112,214,40,100,140,354
05/04/2019,MGM,AL,ASO,ES,Combined TRACON& Tower with Radar,4,17,14,28,63,0,2,3,3,8,4,19,17,31,71,32,20,52,123
05/05/2019,MGM,AL,ASO,ES,Combined TRACON& Tower with Radar,0,27,15,35,77,0,0,27,8,35,0,27,42,43,112,74,8,82,194
05/06/2019,MGM,AL,ASO,ES,Combined TRACON& Tower with Radar,2,23,39,92,156,0,3,43,14,60,2,26,82,106,216,62,48,110,326
05/07/2019,MGM,AL,ASO,ES,Combined TRACON& Tower with Radar,0,28,35,109,172,0,5,53,26,84,0,33,88,135,256,28,68,96,352
05/08/2019,MGM,AL,ASO,ES,Combined TRACON& Tower with Radar,0,28,22,105,155,0,2,41,27,70,0,30,63,132,225,58,16,74,299
05/09/2019,MGM,AL,ASO,ES,Combined TRACON& Tower with Radar,0,30,19,27,76,0,2,11,5,18,0,32,30,32,94,6,14,20,114
05/10/2019,MGM,AL,ASO,ES,Combined TRACON& Tower with Radar,0,26,18,153,197,0,2,21,18,41,0,28,39,171,238,12,12,24,262
05/11/2019,MGM,AL,ASO,ES,Combined TRACON& Tower with Radar,2,18,11,3,34,0,0,5,0,5,2,18,16,3,39,40,0,40,79
05/12/2019,MGM,AL,ASO,ES,Combined TRACON& Tower with Radar,0,25,8,13,46,0,0,4,0,4,0,25,12,13,50,0,0,0,50
05/13/2019,MGM,AL,ASO,ES,Combined TRACON& Tower with Radar,0,28,35,70,133,0,1,46,13,60,0,29,81,83,193,30,80,110,303
05/14/2019,MGM,AL,ASO,ES,Combined TRACON& Tower with Radar,0,31,29,84,144,0,4,65,17,86,0,35,94,101,230,98,16,114,344
05/15/2019,MGM,AL,ASO,ES,Combined TRACON& Tower with Radar,0,29,42,129,200,0,3,52,31,86,0,32,94,160,286,84,92,176,462
05/16/2019,MGM,AL,ASO,ES,Combined TRACON& Tower with Radar,0,30,46,96,172,0,1,60,25,86,0,31,106,121,258,28,116,144,402
05/17/2019,MGM,AL,ASO,ES,Combined TRACON& Tower with Radar,4,34,35,41,114,0,3,54,20,77,4,37,89,61,191,52,42,94,285
05/18/2019,MGM,AL,ASO,ES,Combined TRACON& Tower with Radar,2,16,23,42,83,0,3,80,16,99,2,19,103,58,182,52,12,64,246
05/19/2019,MGM,AL,ASO,ES,Combined TRACON& Tower with Radar,0,33,30,23,86,0,0,63,17,80,0,33,93,40,166,14,0,14,180
05/20/2019,MGM,AL,ASO,ES,Combined TRACON& Tower with Radar,0,32,29,75,136,0,2,68,10,80,0,34,97,85,216,110,74,184,400
05/21/2019,MGM,AL,ASO,ES,Combined TRACON& Tower with Radar,0,27,39,83,149,0,7,44,10,61,0,34,83,93,210,42,70,112,322
05/22/2019,MGM,AL,ASO,ES,Combined TRACON& Tower with Radar,0,32,39,64,135,0,6,45,20,71,0,38,84,84,206,36,64,100,306
05/23/2019,MGM,AL,ASO,ES,Combined TRACON& Tower with Radar,0,38,24,95,157,0,4,43,7,54,0,42,67,102,211,94,18,112,323
05/24/2019,MGM,AL,ASO,ES,Combined TRACON& Tower with Radar,0,27,33,24,84,0,11,53,5,69,0,38,86,29,153,66,8,74,227
05/25/2019,MGM,AL,ASO,ES,Combined TRACON& Tower with Radar,2,18,16,3,39,0,2,36,1,39,2,20,52,4,78,10,0,10,88
05/26/2019,MGM,AL,ASO,ES,Combined TRACON& Tower with Radar,0,22,9,12,43,0,2,21,0,23,0,24,30,12,66,26,0,26,92
05/27/2019,MGM,AL,ASO,ES,Combined TRACON& Tower with Radar,0,24,10,16,50,0,1,33,0,34,0,25,43,16,84,48,0,48,132
05/28/2019,MGM,AL,ASO,ES,Combined TRACON& Tower with Radar,0,25,29,84,138,0,2,51,11,64,0,27,80,95,202,8,32,40,242
05/29/2019,MGM,AL,ASO,ES,Combined TRACON& Tower with Radar,0,28,49,78,155,0,2,55,11,68,0,30,104,89,223,60,36,96,319
05/30/2019,MGM,AL,ASO,ES,Combined TRACON& Tower with Radar,0,34,31,81,146,0,3,34,19,56,0,37,65,100,202,4,58,62,264
05/31/2019,MGM,AL,ASO,ES,Combined TRACON& Tower with Radar,0,27,20,68,115,0,4,42,18,64,0,31,62,86,179,56,24,80,259
06/01/2019,MGM,AL,ASO,ES,Combined TRACON& Tower with Radar,4,19,23,22,68,0,6,37,5,48,4,25,60,27,116,20,16,36,152
06/02/2019,MGM,AL,ASO,ES,Combined TRACON& Tower with Radar,0,26,17,26,69,0,2,25,0,27,0,28,42,26,96,88,4,92,188
06/03/2019,MGM,AL,ASO,ES,Combined TRACON& Tower with Radar,0,29,18,62,109,0,1,44,19,64,0,30,62,81,173,72,46,118,291
06/04/2019,MGM,AL,ASO,ES,Combined TRACON& Tower with Radar,0,28,26,104,158,0,6,77,27,110,0,34,103,131,268,100,46,146,414
06/05/2019,MGM,AL,ASO,ES,Combined TRACON& Tower with Radar,0,27,22,72,121,0,3,18,7,28,0,30,40,79,149,84,34,118,267
06/06/2019,MGM,AL,ASO,ES,Combined TRACON& Tower with Radar,3,24,20,54,101,0,3,1,1,5,3,27,21,55,106,2,18,20,126
06/07/2019,MGM,AL,ASO,ES,Combined TRACON& Tower with Radar,5,21,22,28,76,0,2,11,1,14,5,23,33,29,90,28,36,64,154
06/08/2019,MGM,AL,ASO,ES,Combined TRACON& Tower with Radar,5,15,17,13,50,0,0,12,0,12,5,15,29,13,62,6,0,6,68
06/09/2019,MGM,AL,ASO,ES,Combined TRACON& Tower with Radar,2,24,19,7,52,0,0,7,1,8,2,24,26,8,60,30,0,30,90
06/10/2019,MGM,AL,ASO,ES,Combined TRACON& Tower with Radar,3,23,36,6,68,0,0,7,2,9,3,23,43,8,77,100,18,118,195
06/11/2019,MGM,AL,ASO,ES,Combined TRACON& Tower with Radar,3,25,45,93,166,0,6,68,6,80,3,31,113,99,246,152,36,188,434
06/12/2019,MGM,AL,ASO,ES,Combined TRACON& Tower with Radar,4,28,33,89,154,0,6,47,10,63,4,34,80,99,217,122,12,134,351
06/13/2019,MGM,AL,ASO,ES,Combined TRACON& Tower with Radar,4,26,31,78,139,0,2,89,21,112,4,28,120,99,251,170,78,248,499
06/14/2019,MGM,AL,ASO,ES,Combined TRACON& Tower with Radar,3,29,21,145,198,0,1,56,13,70,3,30,77,158,268,84,62,146,414
06/15/2019,MGM,AL,ASO,ES,Combined TRACON& Tower with Radar,6,13,30,17,66,0,0,33,1,34,6,13,63,18,100,90,0,90,190
06/16/2019,MGM,AL,ASO,ES,Combined TRACON& Tower with Radar,3,25,12,48,88,0,0,25,17,42,3,25,37,65,130,68,0,68,198
06/17/2019,MGM,AL,ASO,ES,Combined TRACON& Tower with Radar,3,26,34,74,137,0,3,24,13,40,3,29,58,87,177,18,110,128,305
06/18/2019,MGM,AL,ASO,ES,Combined TRACON& Tower with Radar,4,24,37,54,119,0,2,12,0,14,4,26,49,54,133,50,0,50,183
06/19/2019,MGM,AL,ASO,ES,Combined TRACON& Tower with Radar,4,36,38,38,116,0,7,22,9,38,4,43,60,47,154,12,32,44,198
06/20/2019,MGM,AL,ASO,ES,Combined TRACON& Tower with Radar,4,29,25,78,136,0,0,31,18,49,4,29,56,96,185,26,40,66,251
06/21/2019,MGM,AL,ASO,ES,Combined TRACON& Tower with Radar,3,32,28,104,167,0,5,23,18,46,3,37,51,122,213,36,67,103,316
06/22/2019,MGM,AL,ASO,ES,Combined TRACON& Tower with Radar,3,14,17,9,43,0,0,6,1,7,3,14,23,10,50,38,12,50,100
06/23/2019,MGM,AL,ASO,ES,Combined TRACON& Tower with Radar,7,23,20,25,75,0,3,10,10,23,7,26,30,35,98,34,12,46,144
06/24/2019,MGM,AL,ASO,ES,Combined TRACON& Tower with Radar,3,28,26,65,122,0,4,28,0,32,3,32,54,65,154,52,0,52,206
06/25/2019,MGM,AL,ASO,ES,Combined TRACON& Tower with Radar,4,31,30,102,167,0,0,59,17,76,4,31,89,119,243,46,56,102,345
06/26/2019,MGM,AL,ASO,ES,Combined TRACON& Tower with Radar,7,26,28,79,140,0,2,52,13,67,7,28,80,92,207,68,102,170,377
06/27/2019,MGM,AL,ASO,ES,Combined TRACON& Tower with Radar,4,25,16,60,105,0,4,57,14,75,4,29,73,74,180,34,42,76,256
06/28/2019,MGM,AL,ASO,ES,Combined TRACON& Tower with Radar,4,23,17,125,169,0,2,48,30,80,4,25,65,155,249,14,122,136,385
06/29/2019,MGM,AL,ASO,ES,Combined TRACON& Tower with Radar,6,14,16,16,52,0,2,23,7,32,6,16,39,23,84,8,8,16,100
06/30/2019,MGM,AL,ASO,ES,Combined TRACON& Tower with Radar,10,17,16,28,71,0,0,29,8,37,10,17,45,36,108,36,0,36,144
07/01/2019,MGM,AL,ASO,ES,Combined TRACON& Tower with Radar,4,19,24,56,103,0,3,35,10,48,4,22,59,66,151,60,56,116,267
07/02/2019,MGM,AL,ASO,ES,Combined TRACON& Tower with Radar,4,20,23,104,151,0,8,68,17,93,4,28,91,121,244,70,56,126,370
07/03/2019,MGM,AL,ASO,ES,Combined TRACON& Tower with Radar,3,17,16,24,60,0,9,25,13,47,3,26,41,37,107,32,48,80,187
07/04/2019,MGM,AL,ASO,ES,Combined TRACON& Tower with Radar,2,18,10,1,31,0,0,16,0,16,2,18,26,1,47,2,0,2,49
07/05/2019,MGM,AL,ASO,ES,Combined TRACON& Tower with Radar,3,19,14,1,37,0,1,25,1,27,3,20,39,2,64,12,0,12,76
07/06/2019,MGM,AL,ASO,ES,Combined TRACON& Tower with Radar,1,12,8,1,22,0,5,25,1,31,1,17,33,2,53,24,0,24,77
07/07/2019,MGM,AL,ASO,ES,Combined TRACON& Tower with Radar,7,20,16,4,47,0,0,18,0,18,7,20,34,4,65,22,0,22,87
07/08/2019,MGM,AL,ASO,ES,Combined TRACON& Tower with Radar,5,22,14,19,60,0,1,27,1,29,5,23,41,20,89,8,0,8,97
07/09/2019,MGM,AL,ASO,ES,Combined TRACON& Tower with Radar,4,25,19,32,80,0,0,47,3,50,4,25,66,35,130,112,42,154,284
07/10/2019,MGM,AL,ASO,ES,Combined TRACON& Tower with Radar,3,26,28,121,178,0,2,31,16,49,3,28,59,137,227,56,98,154,381
07/11/2019,MGM,AL,ASO,ES,Combined TRACON& Tower with Radar,3,27,20,118,168,0,1,32,18,51,3,28,52,136,219,32,94,126,345
07/12/2019,MGM,AL,ASO,ES,Combined TRACON& Tower with Radar,10,23,29,69,131,0,1,22,15,38,10,24,51,84,169,38,54,92,261
07/13/2019,MGM,AL,ASO,ES,Combined TRACON& Tower with Radar,4,16,16,30,66,0,0,7,1,8,4,16,23,31,74,6,2,8,82
07/14/2019,MGM,AL,ASO,ES,Combined TRACON& Tower with Radar,4,23,21,27,75,0,0,14,8,22,4,23,35,35,97,8,0,8,105
07/15/2019,MGM,AL,ASO,ES,Combined TRACON& Tower with Radar,4,25,18,33,80,0,7,19,3,29,4,32,37,36,109,24,0,24,133
07/16/2019,MGM,AL,ASO,ES,Combined TRACON& Tower with Radar,8,20,35,79,142,0,7,38,13,58,8,27,73,92,200,38,16,54,254
07/17/2019,MGM,AL,ASO,ES,Combined TRACON& Tower with Radar,15,24,38,118,195,0,8,56,18,82,15,32,94,136,277,90,100,190,467
07/18/2019,MGM,AL,ASO,ES,Combined TRACON& Tower with Radar,4,27,22,79,132,0,8,34,15,57,4,35,56,94,189,46,30,76,265
07/19/2019,MGM,AL,ASO,ES,Combined TRACON& Tower with Radar,8,24,21,58,111,0,2,36,9,47,8,26,57,67,158,24,32,56,214
07/20/2019,MGM,AL,ASO,ES,Combined TRACON& Tower with Radar,4,14,18,35,71,0,0,24,7,31,4,14,42,42,102,14,34,48,150
07/21/2019,MGM,AL,ASO,ES,Combined TRACON& Tower with Radar,7,21,18,19,65,0,0,24,4,28,7,21,42,23,93,10,1,11,104
07/22/2019,MGM,AL,ASO,ES,Combined TRACON& Tower with Radar,4,30,29,128,191,0,4,33,7,44,4,34,62,135,235,18,30,48,283
07/23/2019,MGM,AL,ASO,ES,Combined TRACON& Tower with Radar,6,24,16,59,105,0,0,13,3,16,6,24,29,62,121,40,64,104,225
07/24/2019,MGM,AL,ASO,ES,Combined TRACON& Tower with Radar,3,23,36,56,118,0,9,45,11,65,3,32,81,67,183,42,32,74,257
07/25/2019,MGM,AL,ASO,ES,Combined TRACON& Tower with Radar,4,24,26,104,158,0,3,43,16,62,4,27,69,120,220,40,46,86,306
07/26/2019,MGM,AL,ASO,ES,Combined TRACON& Tower with Radar,4,23,20,89,136,0,3,46,12,61,4,26,66,101,197,14,62,76,273
07/27/2019,MGM,AL,ASO,ES,Combined TRACON& Tower with Radar,4,16,10,13,43,0,0,23,4,27,4,16,33,17,70,22,0,22,92
07/28/2019,MGM,AL,ASO,ES,Combined TRACON& Tower with Radar,4,29,25,29,87,0,0,38,12,50,4,29,63,41,137,25,2,27,164
07/29/2019,MGM,AL,ASO,ES,Combined TRACON& Tower with Radar,3,24,15,59,101,0,4,36,12,52,3,28,51,71,153,20,88,108,261
07/30/2019,MGM,AL,ASO,ES,Combined TRACON& Tower with Radar,4,25,25,109,163,0,6,33,15,54,4,31,58,124,217,24,158,182,399
07/31/2019,MGM,AL,ASO,ES,Combined TRACON& Tower with Radar,5,27,11,71,114,0,2,37,11,50,5,29,48,82,164,68,24,92,256
08/01/2019,MGM,AL,ASO,ES,Combined TRACON& Tower with Radar,4,26,29,42,101,0,3,33,12,48,4,29,62,54,149,40,46,86,235
08/02/2019,MGM,AL,ASO,ES,Combined TRACON& Tower with Radar,6,25,25,52,108,0,4,22,18,44,6,29,47,70,152,80,13,93,245
08/03/2019,MGM,AL,ASO,ES,Combined TRACON& Tower with Radar,3,14,12,12,41,0,4,34,4,42,3,18,46,16,83,98,12,110,193
08/04/2019,MGM,AL,ASO,ES,Combined TRACON& Tower with Radar,1,28,13,18,60,0,1,13,4,18,1,29,26,22,78,46,12,58,136
08/05/2019,MGM,AL,ASO,ES,Combined TRACON& Tower with Radar,4,26,18,68,116,0,7,26,14,47,4,33,44,82,163,34,44,78,241
08/06/2019,MGM,AL,ASO,ES,Combined TRACON& Tower with Radar,5,26,17,132,180,0,11,32,24,67,5,37,49,156,247,14,66,80,327
08/07/2019,MGM,AL,ASO,ES,Combined TRACON& Tower with Radar,3,26,19,115,163,0,3,20,25,48,3,29,39,140,211,62,68,130,341
08/08/2019,MGM,AL,ASO,ES,Combined TRACON& Tower with Radar,4,23,27,34,88,0,13,30,18,61,4,36,57,52,149,26,46,72,221
08/09/2019,MGM,AL,ASO,ES,Combined TRACON& Tower with Radar,5,23,35,59,122,0,6,34,25,65,5,29,69,84,187,20,42,62,249
08/10/2019,MGM,AL,ASO,ES,Combined TRACON& Tower with Radar,3,14,14,15,46,0,0,26,1,27,3,14,40,16,73,24,0,24,97
08/11/2019,MGM,AL,ASO,ES,Combined TRACON& Tower with Radar,4,25,12,52,93,0,2,3,18,23,4,27,15,70,116,40,18,58,174
08/12/2019,MGM,AL,ASO,ES,Combined TRACON& Tower with Radar,4,26,15,39,84,0,0,24,7,31,4,26,39,46,115,40,14,54,169
08/13/2019,MGM,AL,ASO,ES,Combined TRACON& Tower with Radar,4,23,23,65,115,0,7,26,1,34,4,30,49,66,149,54,28,82,231
08/14/2019,MGM,AL,ASO,ES,Combined TRACON& Tower with Radar,4,23,28,109,164,0,5,29,18,52,4,28,57,127,216,6,48,54,270
08/15/2019,MGM,AL,ASO,ES,Combined TRACON& Tower with Radar,6,25,23,103,157,0,12,32,33,77,6,37,55,136,234,8,68,76,310
08/16/2019,MGM,AL,ASO,ES,Combined TRACON& Tower with Radar,4,25,14,147,190,0,2,28,23,53,4,27,42,170,243,28,136,164,407
08/17/2019,MGM,AL,ASO,ES,Combined TRACON& Tower with Radar,4,16,12,51,83,0,2,39,16,57,4,18,51,67,140,28,12,40,180
08/18/2019,MGM,AL,ASO,ES,Combined TRACON& Tower with Radar,4,25,14,73,116,0,1,30,29,60,4,26,44,102,176,24,0,24,200
08/19/2019,MGM,AL,ASO,ES,Combined TRACON& Tower with Radar,4,25,40,39,108,0,12,21,7,40,4,37,61,46,148,6,68,74,222
08/20/2019,MGM,AL,ASO,ES,Combined TRACON& Tower with Radar,4,28,27,93,152,0,2,16,18,36,4,30,43,111,188,0,100,100,288
08/21/2019,MGM,AL,ASO,ES,Combined TRACON& Tower with Radar,8,31,31,96,166,0,1,29,21,51,8,32,60,117,217,90,154,244,461
08/22/2019,MGM,AL,ASO,ES,Combined TRACON& Tower with Radar,4,28,36,46,114,0,7,40,12,59,4,35,76,58,173,20,38,58,231
08/23/2019,MGM,AL,ASO,ES,Combined TRACON& Tower with Radar,5,24,17,72,118,0,0,26,8,34,5,24,43,80,152,14,48,62,214
08/24/2019,MGM,AL,ASO,ES,Combined TRACON& Tower with Radar,5,20,15,29,69,0,0,35,9,44,5,20,50,38,113,26,8,34,147
08/25/2019,MGM,AL,ASO,ES,Combined TRACON& Tower with Radar,6,22,20,34,82,0,0,3,15,18,6,22,23,49,100,46,6,52,152
08/26/2019,MGM,AL,ASO,ES,Combined TRACON& Tower with Radar,4,25,22,25,76,0,0,1,0,1,4,25,23,25,77,8,10,18,95
08/27/2019,MGM,AL,ASO,ES,Combined TRACON& Tower with Radar,3,26,29,34,92,0,1,4,6,11,3,27,33,40,103,0,0,0,103
08/28/2019,MGM,AL,ASO,ES,Combined TRACON& Tower with Radar,4,35,38,123,200,0,4,31,13,48,4,39,69,136,248,34,92,126,374
08/29/2019,MGM,AL,ASO,ES,Combined TRACON& Tower with Radar,4,25,26,37,92,0,17,72,16,105,4,42,98,53,197,50,28,78,275
08/30/2019,MGM,AL,ASO,ES,Combined TRACON& Tower with Radar,7,23,34,1,65,0,7,54,0,61,7,30,88,1,126,26,0,26,152
08/31/2019,MGM,AL,ASO,ES,Combined TRACON& Tower with Radar,4,17,9,1,31,0,1,32,0,33,4,18,41,1,64,20,0,20,84
09/01/2019,MGM,AL,ASO,ES,Combined TRACON& Tower with Radar,4,20,23,0,47,0,0,9,0,9,4,20,32,0,56,0,0,0,56
09/02/2019,MGM,AL,ASO,ES,Combined TRACON& Tower with Radar,6,23,29,0,58,0,6,69,1,76,6,29,98,1,134,18,0,18,152
09/03/2019,MGM,AL,ASO,ES,Combined TRACON& Tower with Radar,4,22,24,81,131,0,7,52,15,74,4,29,76,96,205,32,63,95,300
09/04/2019,MGM,AL,ASO,ES,Combined TRACON& Tower with Radar,4,27,43,76,150,0,26,51,27,104,4,53,94,103,254,30,42,72,326
09/05/2019,MGM,AL,ASO,ES,Combined TRACON& Tower with Radar,4,25,18,70,117,0,13,40,24,77,4,38,58,94,194,24,22,46,240
09/06/2019,MGM,AL,ASO,ES,Combined TRACON& Tower with Radar,5,22,34,84,145,0,12,37,24,73,5,34,71,108,218,18,30,48,266
09/07/2019,MGM,AL,ASO,ES,Combined TRACON& Tower with Radar,2,15,18,35,70,0,1,38,4,43,2,16,56,39,113,8,14,22,135
09/08/2019,MGM,AL,ASO,ES,Combined TRACON& Tower with Radar,4,23,12,57,96,0,0,29,8,37,4,23,41,65,133,42,8,50,183
09/09/2019,MGM,AL,ASO,ES,Combined TRACON& Tower with Radar,4,22,21,35,82,0,6,20,8,34,4,28,41,43,116,12,10,22,138
09/10/2019,MGM,AL,ASO,ES,Combined TRACON& Tower with Radar,8,31,38,40,117,0,11,51,3,65,8,42,89,43,182,26,2,28,210
09/11/2019,MGM,AL,ASO,ES,Combined TRACON& Tower with Radar,6,25,31,78,140,0,3,35,13,51,6,28,66,91,191,22,38,60,251
09/12/2019,MGM,AL,ASO,ES,Combined TRACON& Tower with Radar,4,22,34,109,169,0,0,38,20,58,4,22,72,129,227,36,102,138,365
09/13/2019,MGM,AL,ASO,ES,Combined TRACON& Tower with Radar,5,24,31,82,142,0,6,54,21,81,5,30,85,103,223,72,59,131,354
09/14/2019,MGM,AL,ASO,ES,Combined TRACON& Tower with Radar,2,13,20,32,67,0,1,50,3,54,2,14,70,35,121,12,36,48,169
09/15/2019,MGM,AL,ASO,ES,Combined TRACON& Tower with Radar,4,20,20,55,99,0,6,23,15,44,4,26,43,70,143,12,18,30,173
09/16/2019,MGM,AL,ASO,ES,Combined TRACON& Tower with Radar,4,22,38,100,164,0,3,48,12,63,4,25,86,112,227,40,74,114,341
09/17/2019,MGM,AL,ASO,ES,Combined TRACON& Tower with Radar,4,23,20,71,118,0,6,55,6,67,4,29,75,77,185,74,32,106,291
09/18/2019,MGM,AL,ASO,ES,Combined TRACON& Tower with Radar,4,23,30,112,169,0,3,56,21,80,4,26,86,133,249,34,102,136,385
09/19/2019,MGM,AL,ASO,ES,Combined TRACON& Tower with Radar,4,25,21,138,188,0,5,41,14,60,4,30,62,152,248,16,62,78,326
09/20/2019,MGM,AL,ASO,ES,Combined TRACON& Tower with Radar,6,24,28,90,148,0,1,43,23,67,6,25,71,113,215,54,40,94,309
09/21/2019,MGM,AL,ASO,ES,Combined TRACON& Tower with Radar,4,15,14,25,58,0,4,41,7,52,4,19,55,32,110,10,12,22,132
09/22/2019,MGM,AL,ASO,ES,Combined TRACON& Tower with Radar,4,19,19,42,84,0,1,30,13,44,4,20,49,55,128,40,35,75,203
09/23/2019,MGM,AL,ASO,ES,Combined TRACON& Tower with Radar,3,19,27,52,101,0,6,37,19,62,3,25,64,71,163,46,80,126,289
09/24/2019,MGM,AL,ASO,ES,Combined TRACON& Tower with Radar,4,26,36,49,115,0,9,45,17,71,4,35,81,66,186,18,14,32,218
09/25/2019,MGM,AL,ASO,ES,Combined TRACON& Tower with Radar,4,22,35,35,96,0,2,54,14,70,4,24,89,49,166,30,10,40,206
09/26/2019,MGM,AL,ASO,ES,Combined TRACON& Tower with Radar,4,27,41,35,107,0,16,52,9,77,4,43,93,44,184,78,16,94,278
09/27/2019,MGM,AL,ASO,ES,Combined TRACON& Tower with Radar,4,27,27,58,116,0,5,47,14,66,4,32,74,72,182,26,2,28,210
09/28/2019,MGM,AL,ASO,ES,Combined TRACON& Tower with Radar,2,24,5,35,66,0,0,37,8,45,2,24,42,43,111,42,20,62,173
09/29/2019,MGM,AL,ASO,ES,Combined TRACON& Tower with Radar,4,23,17,32,76,0,6,27,21,54,4,29,44,53,130,8,4,12,142
09/30/2019,MGM,AL,ASO,ES,Combined TRACON& Tower with Radar,4,26,28,38,96,0,7,34,3,44,4,33,62,41,140,34,0,34,174
10/01/2019,MGM,AL,ASO,ES,Combined TRACON& Tower with Radar,4,28,37,65,134,0,9,65,9,83,4,37,102,74,217,48,22,70,287
10/02/2019,MGM,AL,ASO,ES,Combined TRACON& Tower with Radar,4,29,28,73,134,0,3,37,8,48,4,32,65,81,182,14,82,96,278
10/03/2019,MGM,AL,ASO,ES,Combined TRACON& Tower with Radar,3,28,40,67,138,0,5,46,15,66,3,33,86,82,204,84,30,114,318
10/04/2019,MGM,AL,ASO,ES,Combined TRACON& Tower with Radar,4,24,23,108,159,0,3,37,17,57,4,27,60,125,216,48,54,102,318
10/05/2019,MGM,AL,ASO,ES,Combined TRACON& Tower with Radar,2,22,21,21,66,0,0,36,6,42,2,22,57,27,108,24,0,24,132
10/06/2019,MGM,AL,ASO,ES,Combined TRACON& Tower with Radar,1,27,23,64,115,0,2,17,19,38,1,29,40,83,153,16,4,20,173
10/07/2019,MGM,AL,ASO,ES,Combined TRACON& Tower with Radar,4,26,41,46,117,0,2,18,7,27,4,28,59,53,144,40,74,114,258
10/08/2019,MGM,AL,ASO,ES,Combined TRACON& Tower with Radar,4,23,26,74,127,0,3,29,10,42,4,26,55,84,169,56,42,98,267
10/09/2019,MGM,AL,ASO,ES,Combined TRACON& Tower with Radar,4,22,46,78,150,0,0,33,22,55,4,22,79,100,205,22,41,63,268
10/10/2019,MGM,AL,ASO,ES,Combined TRACON& Tower with Radar,3,23,16,21,63,0,6,20,3,29,3,29,36,24,92,2,18,20,112
10/11/2019,MGM,AL,ASO,ES,Combined TRACON& Tower with Radar,4,27,21,68,120,0,9,33,3,45,4,36,54,71,165,52,30,82,247
10/12/2019,MGM,AL,ASO,ES,Combined TRACON& Tower with Radar,2,18,15,2,37,0,0,22,0,22,2,18,37,2,59,32,16,48,107
10/13/2019,MGM,AL,ASO,ES,Combined TRACON& Tower with Radar,4,21,32,22,79,0,0,3,0,3,4,21,35,22,82,10,0,10,92
10/14/2019,MGM,AL,ASO,ES,Combined TRACON& Tower with Radar,6,23,30,4,63,0,2,28,0,30,6,25,58,4,93,34,6,40,133
10/15/2019,MGM,AL,ASO,ES,Combined TRACON& Tower with Radar,4,28,20,2,54,0,0,0,0,0,4,28,20,2,54,0,0,0,54
10/16/2019,MGM,AL,ASO,ES,Combined TRACON& Tower with Radar,4,24,29,68,125,0,0,10,3,13,4,24,39,71,138,20,0,20,158
10/17/2019,MGM,AL,ASO,ES,Combined TRACON& Tower with Radar,4,25,26,47,102,0,3,28,14,45,4,28,54,61,147,4,16,20,167
10/18/2019,MGM,AL,ASO,ES,Combined TRACON& Tower with Radar,6,24,35,39,104,0,14,22,7,43,6,38,57,46,147,36,46,82,229
10/19/2019,MGM,AL,ASO,ES,Combined TRACON& Tower with Radar,4,18,14,0,36,0,0,1,0,1,4,18,15,0,37,0,0,0,37
10/20/2019,MGM,AL,ASO,ES,Combined TRACON& Tower with Radar,5,21,23,23,72,0,2,24,17,43,5,23,47,40,115,22,3,25,140
10/21/2019,MGM,AL,ASO,ES,Combined TRACON& Tower with Radar,4,26,15,36,81,0,5,15,5,25,4,31,30,41,106,88,6,94,200
10/22/2019,MGM,AL,ASO,ES,Combined TRACON& Tower with Radar,4,27,36,48,115,0,12,35,3,50,4,39,71,51,165,86,20,106,271
10/23/2019,MGM,AL,ASO,ES,Combined TRACON& Tower with Radar,4,23,58,58,143,0,7,49,14,70,4,30,107,72,213,50,38,88,301
10/24/2019,MGM,AL,ASO,ES,Combined TRACON& Tower with Radar,2,22,42,70,136,0,5,37,10,52,2,27,79,80,188,42,34,76,264
10/25/2019,MGM,AL,ASO,ES,Combined TRACON& Tower with Radar,5,23,38,27,93,0,1,1,0,2,5,24,39,27,95,0,0,0,95
10/26/2019,MGM,AL,ASO,ES,Combined TRACON& Tower with Radar,4,17,26,1,48,0,0,0,0,0,4,17,26,1,48,0,0,0,48
10/27/2019,MGM,AL,ASO,ES,Combined TRACON& Tower with Radar,4,19,25,6,54,0,2,35,1,38,4,21,60,7,92,54,0,54,146
10/28/2019,MGM,AL,ASO,ES,Combined TRACON& Tower with Radar,4,23,37,51,115,0,1,35,9,45,4,24,72,60,160,38,38,76,236
10/29/2019,MGM,AL,ASO,ES,Combined TRACON& Tower with Radar,3,28,39,77,147,0,0,9,3,12,3,28,48,80,159,4,80,84,243
10/30/2019,MGM,AL,ASO,ES,Combined TRACON& Tower with Radar,4,24,17,4,49,0,0,3,0,3,4,24,20,4,52,0,0,0,52
10/31/2019,MGM,AL,ASO,ES,Combined TRACON& Tower with Radar,2,24,11,2,39,0,0,0,7,7,2,24,11,9,46,0,0,0,46
11/01/2019,MGM,AL,ASO,ES,Combined TRACON& Tower with Radar,5,22,33,84,144,0,3,35,16,54,5,25,68,100,198,52,0,52,250
11/02/2019,MGM,AL,ASO,ES,Combined TRACON& Tower with Radar,3,19,28,14,64,0,0,44,17,61,3,19,72,31,125,6,13,19,144
11/03/2019,MGM,AL,ASO,ES,Combined TRACON& Tower with Radar,4,21,30,22,77,0,4,33,13,50,4,25,63,35,127,24,20,44,171
11/04/2019,MGM,AL,ASO,ES,Combined TRACON& Tower with Radar,4,24,25,80,133,0,7,25,8,40,4,31,50,88,173,46,132,178,351
11/05/2019,MGM,AL,ASO,ES,Combined TRACON& Tower with Radar,4,28,46,99,177,0,3,17,15,35,4,31,63,114,212,114,78,192,404
11/06/2019,MGM,AL,ASO,ES,Combined TRACON& Tower with Radar,4,25,36,88,153,0,2,30,16,48,4,27,66,104,201,28,10,38,239
11/07/2019,MGM,AL,ASO,ES,Combined TRACON& Tower with Radar,2,25,35,63,125,0,0,0,1,1,2,25,35,64,126,20,4,24,150
11/08/2019,MGM,AL,ASO,ES,Combined TRACON& Tower with Radar,4,30,32,58,124,0,0,28,5,33,4,30,60,63,157,26,12,38,195
11/09/2019,MGM,AL,ASO,ES,Combined TRACON& Tower with Radar,2,19,21,24,66,0,5,36,9,50,2,24,57,33,116,22,0,22,138
11/10/2019,MGM,AL,ASO,ES,Combined TRACON& Tower with Radar,4,23,25,31,83,0,6,42,15,63,4,29,67,46,146,62,16,78,224
11/11/2019,MGM,AL,ASO,ES,Combined TRACON& Tower with Radar,6,23,24,13,66,0,4,39,0,43,6,27,63,13,109,34,0,34,143
11/12/2019,MGM,AL,ASO,ES,Combined TRACON& Tower with Radar,4,28,22,22,76,0,0,4,0,4,4,28,26,22,80,0,0,0,80
11/13/2019,MGM,AL,ASO,ES,Combined TRACON& Tower with Radar,4,27,32,65,128,0,2,42,11,55,4,29,74,76,183,26,4,30,213
11/14/2019,MGM,AL,ASO,ES,Combined TRACON& Tower with Radar,4,28,33,48,113,0,0,18,4,22,4,28,51,52,135,38,8,46,181
11/15/2019,MGM,AL,ASO,ES,Combined TRACON& Tower with Radar,8,33,36,48,125,0,0,5,6,11,8,33,41,54,136,0,24,24,160
11/16/2019,MGM,AL,ASO,ES,Combined TRACON& Tower with Radar,2,22,39,11,74,0,3,48,4,55,2,25,87,15,129,18,4,22,151
11/17/2019,MGM,AL,ASO,ES,Combined TRACON& Tower with Radar,4,31,32,61,128,0,1,51,38,90,4,32,83,99,218,24,24,48,266
11/18/2019,MGM,AL,ASO,ES,Combined TRACON& Tower with Radar,4,26,31,64,125,0,0,32,2,34,4,26,63,66,159,40,60,100,259
11/19/2019,MGM,AL,ASO,ES,Combined TRACON& Tower with Radar,4,28,27,105,164,0,8,42,27,77,4,36,69,132,241,8,78,86,327
11/20/2019,MGM,AL,ASO,ES,Combined TRACON& Tower with Radar,3,31,22,86,142,0,13,47,12,72,3,44,69,98,214,14,66,80,294
11/21/2019,MGM,AL,ASO,ES,Combined TRACON& Tower with Radar,0,32,30,76,138,0,9,50,15,74,0,41,80,91,212,44,47,91,303
11/22/2019,MGM,AL,ASO,ES,Combined TRACON& Tower with Radar,0,34,31,91,156,0,2,19,16,37,0,36,50,107,193,0,82,82,275
11/23/2019,MGM,AL,ASO,ES,Combined TRACON& Tower with Radar,0,26,10,0,36,0,0,2,0,2,0,26,12,0,38,2,0,2,40
11/24/2019,MGM,AL,ASO,ES,Combined TRACON& Tower with Radar,0,22,15,21,58,0,0,32,3,35,0,22,47,24,93,20,10,30,123
11/25/2019,MGM,AL,ASO,ES,Combined TRACON& Tower with Radar,0,30,26,74,130,0,0,39,12,51,0,30,65,86,181,24,76,100,281
11/26/2019,MGM,AL,ASO,ES,Combined TRACON& Tower with Radar,0,33,26,120,179,0,6,20,24,50,0,39,46,144,229,46,194,240,469
11/27/2019,MGM,AL,ASO,ES,Combined TRACON& Tower with Radar,3,35,17,14,69,0,2,19,0,21,3,37,36,14,90,8,22,30,120
11/28/2019,MGM,AL,ASO,ES,Combined TRACON& Tower with Radar,2,12,2,9,25,0,3,17,0,20,2,15,19,9,45,0,16,16,61
11/29/2019,MGM,AL,ASO,ES,Combined TRACON& Tower with Radar,4,19,21,3,47,0,0,31,0,31,4,19,52,3,78,42,0,42,120
11/30/2019,MGM,AL,ASO,ES,Combined TRACON& Tower with Radar,2,28,9,6,45,0,1,11,2,14,2,29,20,8,59,0,6,6,65
12/01/2019,MGM,AL,ASO,ES,Combined TRACON& Tower with Radar,2,29,14,5,50,0,1,16,0,17,2,30,30,5,67,0,0,0,67
12/02/2019,MGM,AL,ASO,ES,Combined TRACON& Tower with Radar,0,28,22,75,125,0,10,23,5,38,0,38,45,80,163,22,156,178,341
12/03/2019,MGM,AL,ASO,ES,Combined TRACON& Tower with Radar,0,32,34,50,116,0,7,32,16,55,0,39,66,66,171,48,52,100,271
12/04/2019,MGM,AL,ASO,ES,Combined TRACON& Tower with Radar,3,24,33,86,146,0,4,33,12,49,3,28,66,98,195,16,34,50,245
12/05/2019,MGM,AL,ASO,ES,Combined TRACON& Tower with Radar,4,29,39,83,155,0,4,43,36,83,4,33,82,119,238,8,46,54,292
12/06/2019,MGM,AL,ASO,ES,Combined TRACON& Tower with Radar,4,24,16,34,78,0,0,9,2,11,4,24,25,36,89,40,46,86,175
12/07/2019,MGM,AL,ASO,ES,Combined TRACON& Tower with Radar,2,19,15,15,51,0,1,28,2,31,2,20,43,17,82,72,0,72,154
12/08/2019,MGM,AL,ASO,ES,Combined TRACON& Tower with Radar,4,25,14,34,77,0,1,10,3,14,4,26,24,37,91,28,0,28,119
12/09/2019,MGM,AL,ASO,ES,Combined TRACON& Tower with Radar,4,25,16,53,98,0,6,23,3,32,4,31,39,56,130,60,58,118,248
12/10/2019,MGM,AL,ASO,ES,Combined TRACON& Tower with Radar,4,24,31,76,135,0,0,3,0,3,4,24,34,76,138,0,0,0,138
12/11/2019,MGM,AL,ASO,ES,Combined TRACON& Tower with Radar,4,25,21,94,144,0,11,45,10,66,4,36,66,104,210,8,42,50,260
12/12/2019,MGM,AL,ASO,ES,Combined TRACON& Tower with Radar,4,27,32,66,129,0,0,16,1,17,4,27,48,67,146,70,40,110,256
12/13/2019,MGM,AL,ASO,ES,Combined TRACON& Tower with Radar,6,23,22,2,53,0,0,0,0,0,6,23,22,2,53,0,0,0,53
12/14/2019,MGM,AL,ASO,ES,Combined TRACON& Tower with Radar,2,17,17,11,47,0,0,10,8,18,2,17,27,19,65,64,32,96,161
12/15/2019,MGM,AL,ASO,ES,Combined TRACON& Tower with Radar,4,24,18,13,59,0,0,34,7,41,4,24,52,20,100,52,12,64,164
12/16/2019,MGM,AL,ASO,ES,Combined TRACON& Tower with Radar,4,27,16,53,100,0,7,7,1,15,4,34,23,54,115,0,2,2,117
12/17/2019,MGM,AL,ASO,ES,Combined TRACON& Tower with Radar,6,28,21,17,72,0,0,3,4,7,6,28,24,21,79,0,2,2,81
12/18/2019,MGM,AL,ASO,ES,Combined TRACON& Tower with Radar,3,29,26,103,161,0,4,32,17,53,3,33,58,120,214,34,142,176,390
12/19/2019,MGM,AL,ASO,ES,Combined TRACON& Tower with Radar,2,26,31,52,111,0,3,41,22,66,2,29,72,74,177,30,40,70,247
12/20/2019,MGM,AL,ASO,ES,Combined TRACON& Tower with Radar,2,31,26,24,83,0,5,39,3,47,2,36,65,27,130,40,6,46,176
12/21/2019,MGM,AL,ASO,ES,Combined TRACON& Tower with Radar,4,23,16,3,46,0,2,7,0,9,4,25,23,3,55,0,0,0,55
12/22/2019,MGM,AL,ASO,ES,Combined TRACON& Tower with Radar,2,21,6,4,33,0,0,0,0,0,2,21,6,4,33,0,0,0,33
12/23/2019,MGM,AL,ASO,ES,Combined TRACON& Tower with Radar,2,19,7,15,43,0,0,0,2,2,2,19,7,17,45,0,10,10,55
12/24/2019,MGM,AL,ASO,ES,Combined TRACON& Tower with Radar,2,11,4,3,20,0,0,7,0,7,2,11,11,3,27,0,0,0,27
12/25/2019,MGM,AL,ASO,ES,Combined TRACON& Tower with Radar,2,12,1,3,18,0,0,10,0,10,2,12,11,3,28,0,0,0,28
12/26/2019,MGM,AL,ASO,ES,Combined TRACON& Tower with Radar,2,19,13,17,51,0,2,22,0,24,2,21,35,17,75,22,0,22,97
12/27/2019,MGM,AL,ASO,ES,Combined TRACON& Tower with Radar,2,23,27,16,68,0,3,1,4,8,2,26,28,20,76,28,0,28,104
12/28/2019,MGM,AL,ASO,ES,Combined TRACON& Tower with Radar,2,17,6,3,28,0,0,0,0,0,2,17,6,3,28,0,0,0,28
12/29/2019,MGM,AL,ASO,ES,Combined TRACON& Tower with Radar,2,22,17,3,44,0,2,2,0,4,2,24,19,3,48,0,0,0,48
12/30/2019,MGM,AL,ASO,ES,Combined TRACON& Tower with Radar,2,17,13,22,54,0,0,29,4,33,2,17,42,26,87,16,33,49,136
12/31/2019,MGM,AL,ASO,ES,Combined TRACON& Tower with Radar,2,13,19,4,38,0,4,47,1,52,2,17,66,5,90,70,6,76,166
01/01/2020,MGM,AL,ASO,ES,Combined TRACON& Tower with Radar,2,19,3,3,27,0,0,17,0,17,2,19,20,3,44,28,0,28,72
01/02/2020,MGM,AL,ASO,ES,Combined TRACON& Tower with Radar,2,22,4,8,36,0,2,2,0,4,2,24,6,8,40,0,10,10,50
01/03/2020,MGM,AL,ASO,ES,Combined TRACON& Tower with Radar,2,22,6,10,40,0,0,5,0,5,2,22,11,10,45,6,0,6,51
01/04/2020,MGM,AL,ASO,ES,Combined TRACON& Tower with Radar,2,17,20,8,47,0,0,19,2,21,2,17,39,10,68,28,10,38,106
01/05/2020,MGM,AL,ASO,ES,Combined TRACON& Tower with Radar,2,18,24,3,47,0,2,41,0,43,2,20,65,3,90,26,4,30,120
01/06/2020,MGM,AL,ASO,ES,Combined TRACON& Tower with Radar,2,20,8,22,52,0,3,29,6,38,2,23,37,28,90,60,6,66,156
01/07/2020,MGM,AL,ASO,ES,Combined TRACON& Tower with Radar,3,24,27,75,129,0,5,31,8,44,3,29,58,83,173,16,76,92,265
01/08/2020,MGM,AL,ASO,ES,Combined TRACON& Tower with Radar,4,25,25,82,136,0,9,40,10,59,4,34,65,92,195,96,92,188,383
01/09/2020,MGM,AL,ASO,ES,Combined TRACON& Tower with Radar,6,21,31,54,112,0,7,33,20,60,6,28,64,74,172,50,32,82,254
01/10/2020,MGM,AL,ASO,ES,Combined TRACON& Tower with Radar,4,23,23,70,120,0,5,14,10,29,4,28,37,80,149,30,64,94,243
01/11/2020,MGM,AL,ASO,ES,Combined TRACON& Tower with Radar,1,14,6,0,21,0,0,0,0,0,1,14,6,0,21,0,0,0,21
01/12/2020,MGM,AL,ASO,ES,Combined TRACON& Tower with Radar,7,18,13,28,66,0,2,28,24,54,7,20,41,52,120,14,72,86,206
01/13/2020,MGM,AL,ASO,ES,Combined TRACON& Tower with Radar,12,18,7,3,40,0,0,0,0,0,12,18,7,3,40,0,0,0,40
01/14/2020,MGM,AL,ASO,ES,Combined TRACON& Tower with Radar,6,20,20,0,46,0,0,0,0,0,6,20,20,0,46,0,0,0,46
01/15/2020,MGM,AL,ASO,ES,Combined TRACON& Tower with Radar,4,21,28,103,156,0,3,0,2,5,4,24,28,105,161,0,18,18,179
01/16/2020,MGM,AL,ASO,ES,Combined TRACON& Tower with Radar,5,24,17,112,158,0,3,16,17,36,5,27,33,129,194,30,36,66,260
01/17/2020,MGM,AL,ASO,ES,Combined TRACON& Tower with Radar,6,25,23,102,156,0,2,44,3,49,6,27,67,105,205,20,14,34,239
01/18/2020,MGM,AL,ASO,ES,Combined TRACON& Tower with Radar,4,18,3,12,37,0,0,3,1,4,4,18,6,13,41,12,0,12,53
01/19/2020,MGM,AL,ASO,ES,Combined TRACON& Tower with Radar,6,19,9,28,62,0,1,27,16,44,6,20,36,44,106,48,28,76,182
01/20/2020,MGM,AL,ASO,ES,Combined TRACON& Tower with Radar,6,21,16,11,54,0,0,46,0,46,6,21,62,11,100,8,0,8,108
01/21/2020,MGM,AL,ASO,ES,Combined TRACON& Tower with Radar,4,23,21,44,92,0,2,30,15,47,4,25,51,59,139,36,24,60,199
01/22/2020,MGM,AL,ASO,ES,Combined TRACON& Tower with Radar,4,26,35,47,112,0,0,36,27,63,4,26,71,74,175,10,25,35,210
01/23/2020,MGM,AL,ASO,ES,Combined TRACON& Tower with Radar,6,26,18,43,93,0,0,4,0,4,6,26,22,43,97,12,0,12,109
01/24/2020,MGM,AL,ASO,ES,Combined TRACON& Tower with Radar,6,20,13,63,102,0,2,23,15,40,6,22,36,78,142,36,76,112,254
01/25/2020,MGM,AL,ASO,ES,Combined TRACON& Tower with Radar,4,14,19,41,78,0,0,61,8,69,4,14,80,49,147,88,20,108,255
01/26/2020,MGM,AL,ASO,ES,Combined TRACON& Tower with Radar,7,19,10,15,51,0,1,19,8,28,7,20,29,23,79,50,22,72,151
01/27/2020,MGM,AL,ASO,ES,Combined TRACON& Tower with Radar,6,22,27,6,61,0,2,9,0,11,6,24,36,6,72,12,10,22,94
01/28/2020,MGM,AL,ASO,ES,Combined TRACON& Tower with Radar,3,23,22,63,111,0,3,32,19,54,3,26,54,82,165,74,72,146,311
01/29/2020,MGM,AL,ASO,ES,Combined TRACON& Tower with Radar,4,22,15,104,145,0,3,18,3,24,4,25,33,107,169,90,100,190,359
01/30/2020,MGM,AL,ASO,ES,Combined TRACON& Tower with Radar,6,25,31,133,195,0,7,36,22,65,6,32,67,155,260,16,120,136,396
01/31/2020,MGM,AL,ASO,ES,Combined TRACON& Tower with Radar,6,23,30,91,150,0,2,5,2,9,6,25,35,93,159,48,26,74,233
02/01/2020,MGM,AL,ASO,ES,Combined TRACON& Tower with Radar,6,12,11,0,29,0,3,10,1,14,6,15,21,1,43,20,0,20,63
02/02/2020,MGM,AL,ASO,ES,Combined TRACON& Tower with Radar,8,16,14,22,60,0,1,40,3,44,8,17,54,25,104,26,2,28,132
02/03/2020,MGM,AL,ASO,ES,Combined TRACON& Tower with Radar,6,21,39,63,129,0,9,65,6,80,6,30,104,69,209,44,18,62,271
02/04/2020,MGM,AL,ASO,ES,Combined TRACON& Tower with Radar,4,22,27,61,114,0,7,9,8,24,4,29,36,69,138,68,74,142,280
02/05/2020,MGM,AL,ASO,ES,Combined TRACON& Tower with Radar,4,22,17,21,64,0,0,0,0,0,4,22,17,21,64,6,16,22,86
02/06/2020,MGM,AL,ASO,ES,Combined TRACON& Tower with Radar,7,15,11,2,35,0,0,0,1,1,7,15,11,3,36,0,0,0,36
02/07/2020,MGM,AL,ASO,ES,Combined TRACON& Tower with Radar,8,21,39,54,122,0,1,44,36,81,8,22,83,90,203,62,50,112,315
02/08/2020,MGM,AL,ASO,ES,Combined TRACON& Tower with Radar,5,17,17,7,46,0,4,32,35,71,5,21,49,42,117,34,16,50,167
02/09/2020,MGM,AL,ASO,ES,Combined TRACON& Tower with Radar,6,20,19,35,80,0,2,47,7,56,6,22,66,42,136,40,10,50,186
02/10/2020,MGM,AL,ASO,ES,Combined TRACON& Tower with Radar,5,20,19,25,69,0,0,0,2,2,5,20,19,27,71,24,28,52,123
02/11/2020,MGM,AL,ASO,ES,Combined TRACON& Tower with Radar,4,20,30,88,142,0,0,5,0,5,4,20,35,88,147,0,32,32,179
02/12/2020,MGM,AL,ASO,ES,Combined TRACON& Tower with Radar,5,25,18,68,116,0,3,11,17,31,5,28,29,85,147,4,56,60,207
02/13/2020,MGM,AL,ASO,ES,Combined TRACON& Tower with Radar,6,27,20,41,94,0,2,2,10,14,6,29,22,51,108,6,12,18,126
02/14/2020,MGM,AL,ASO,ES,Combined TRACON& Tower with Radar,6,21,35,51,113,0,0,53,6,59,6,21,88,57,172,20,2,22,194
02/15/2020,MGM,AL,ASO,ES,Combined TRACON& Tower with Radar,4,16,17,8,45,0,5,79,2,86,4,21,96,10,131,82,0,82,213
02/16/2020,MGM,AL,ASO,ES,Combined TRACON& Tower with Radar,5,18,17,8,48,0,0,3,0,3,5,18,20,8,51,2,0,2,53
02/17/2020,MGM,AL,ASO,ES,Combined TRACON& Tower with Radar,10,23,36,0,69,0,0,0,1,1,10,23,36,1,70,0,0,0,70
02/18/2020,MGM,AL,ASO,ES,Combined TRACON& Tower with Radar,4,25,12,21,62,0,0,2,0,2,4,25,14,21,64,26,4,30,94
02/19/2020,MGM,AL,ASO,ES,Combined TRACON& Tower with Radar,4,26,31,47,108,0,0,2,0,2,4,26,33,47,110,0,0,0,110
02/20/2020,MGM,AL,ASO,ES,Combined TRACON& Tower with Radar,6,25,10,6,47,0,0,0,0,0,6,25,10,6,47,0,12,12,59
02/21/2020,MGM,AL,ASO,ES,Combined TRACON& Tower with Radar,6,23,30,69,128,0,4,51,21,76,6,27,81,90,204,66,24,90,294
02/22/2020,MGM,AL,ASO,ES,Combined TRACON& Tower with Radar,4,21,27,26,78,0,0,43,9,52,4,21,70,35,130,30,24,54,184
02/23/2020,MGM,AL,ASO,ES,Combined TRACON& Tower with Radar,6,19,20,55,100,0,0,29,20,49,6,19,49,75,149,96,52,148,297
02/24/2020,MGM,AL,ASO,ES,Combined TRACON& Tower with Radar,6,23,16,27,72,0,0,4,1,5,6,23,20,28,77,22,2,24,101
02/25/2020,MGM,AL,ASO,ES,Combined TRACON& Tower with Radar,7,26,26,90,149,0,4,19,11,34,7,30,45,101,183,38,64,102,285
02/26/2020,MGM,AL,ASO,ES,Combined TRACON& Tower with Radar,4,25,16,52,97,0,3,14,12,29,4,28,30,64,126,24,33,57,183
02/27/2020,MGM,AL,ASO,ES,Combined TRACON& Tower with Radar,6,24,44,84,158,2,3,34,42,81,8,27,78,126,239,40,103,143,382
02/28/2020,MGM,AL,ASO,ES,Combined TRACON& Tower with Radar,6,27,34,70,137,0,1,27,15,43,6,28,61,85,180,70,68,138,318
02/29/2020,MGM,AL,ASO,ES,Combined TRACON& Tower with Radar,4,20,16,10,50,0,8,35,9,52,4,28,51,19,102,46,3,49,151
03/01/2020,MGM,AL,ASO,ES,Combined TRACON& Tower with Radar,6,23,14,25,68,0,0,25,4,29,6,23,39,29,97,40,0,40,137
03/02/2020,MGM,AL,ASO,ES,Combined TRACON& Tower with Radar,6,23,14,49,92,0,0,8,5,13,6,23,22,54,105,54,42,96,201
03/03/2020,MGM,AL,ASO,ES,Combined TRACON& Tower with Radar,4,24,13,8,49,0,0,4,3,7,4,24,17,11,56,0,22,22,78
03/04/2020,MGM,AL,ASO,ES,Combined TRACON& Tower with Radar,4,24,10,20,58,0,0,0,0,0,4,24,10,20,58,0,0,0,58
03/05/2020,MGM,AL,ASO,ES,Combined TRACON& Tower with Radar,6,23,16,23,68,0,0,0,6,6,6,23,16,29,74,0,12,12,86
03/06/2020,MGM,AL,ASO,ES,Combined TRACON& Tower with Radar,8,25,34,63,130,0,6,49,20,75,8,31,83,83,205,34,66,100,305
03/07/2020,MGM,AL,ASO,ES,Combined TRACON& Tower with Radar,3,20,19,24,66,0,4,55,17,76,3,24,74,41,142,46,10,56,198
03/08/2020,MGM,AL,ASO,ES,Combined TRACON& Tower with Radar,7,20,21,35,83,0,3,29,2,34,7,23,50,37,117,44,6,50,167
03/09/2020,MGM,AL,ASO,ES,Combined TRACON& Tower with Radar,7,23,33,47,110,0,2,37,6,45,7,25,70,53,155,96,46,142,297
03/10/2020,MGM,AL,ASO,ES,Combined TRACON& Tower with Radar,5,22,32,99,158,0,0,4,3,7,5,22,36,102,165,26,66,92,257
03/11/2020,MGM,AL,ASO,ES,Combined TRACON& Tower with Radar,5,20,33,27,85,0,0,5,0,5,5,20,38,27,90,6,0,6,96
03/12/2020,MGM,AL,ASO,ES,Combined TRACON& Tower with Radar,10,17,31,118,176,0,3,31,17,51,10,20,62,135,227,20,74,94,321
03/13/2020,MGM,AL,ASO,ES,Combined TRACON& Tower with Radar,9,20,46,88,163,0,5,17,16,38,9,25,63,104,201,42,88,130,331
03/14/2020,MGM,AL,ASO,ES,Combined TRACON& Tower with Radar,3,16,8,30,57,0,1,23,4,28,3,17,31,34,85,86,0,86,171
03/15/2020,MGM,AL,ASO,ES,Combined TRACON& Tower with Radar,5,23,27,15,70,0,1,24,7,32,5,24,51,22,102,96,20,116,218
03/16/2020,MGM,AL,ASO,ES,Combined TRACON& Tower with Radar,7,17,17,61,102,0,2,29,1,32,7,19,46,62,134,32,18,50,184
03/17/2020,MGM,AL,ASO,ES,Combined TRACON& Tower with Radar,5,20,23,79,127,0,0,29,11,40,5,20,52,90,167,88,142,230,397
03/18/2020,MGM,AL,ASO,ES,Combined TRACON& Tower with Radar,4,20,11,82,117,0,1,17,6,24,4,21,28,88,141,54,28,82,223
03/19/2020,MGM,AL,ASO,ES,Combined TRACON& Tower with Radar,5,22,22,59,108,0,0,20,1,21,5,22,42,60,129,45,22,67,196
03/20/2020,MGM,AL,ASO,ES,Combined TRACON& Tower with Radar,4,16,22,88,130,0,11,6,0,17,4,27,28,88,147,28,32,60,207
03/21/2020,MGM,AL,ASO,ES,Combined TRACON& Tower with Radar,4,14,21,8,47,0,3,15,0,18,4,17,36,8,65,30,0,30,95
03/22/2020,MGM,AL,ASO,ES,Combined TRACON& Tower with Radar,6,13,8,0,27,0,0,2,0,2,6,13,10,0,29,0,0,0,29
03/23/2020,MGM,AL,ASO,ES,Combined TRACON& Tower with Radar,4,15,13,38,70,0,3,5,0,8,4,18,18,38,78,4,38,42,120
03/24/2020,MGM,AL,ASO,ES,Combined TRACON& Tower with Radar,3,21,16,61,101,0,1,8,13,22,3,22,24,74,123,10,96,106,229
03/25/2020,MGM,AL,ASO,ES,Combined TRACON& Tower with Radar,3,16,12,72,103,0,2,24,10,36,3,18,36,82,139,34,82,116,255
03/26/2020,MGM,AL,ASO,ES,Combined TRACON& Tower with Radar,4,14,17,55,90,0,2,29,13,44,4,16,46,68,134,20,111,131,265
03/27/2020,MGM,AL,ASO,ES,Combined TRACON& Tower with Radar,4,10,23,81,118,0,4,13,6,23,4,14,36,87,141,2,58,60,201
03/28/2020,MGM,AL,ASO,ES,Combined TRACON& Tower with Radar,3,10,2,41,56,0,0,20,5,25,3,10,22,46,81,30,70,100,181
03/29/2020,MGM,AL,ASO,ES,Combined TRACON& Tower with Radar,3,7,3,6,19,0,0,6,0,6,3,7,9,6,25,0,0,0,25
03/30/2020,MGM,AL,ASO,ES,Combined TRACON& Tower with Radar,4,7,17,48,76,0,0,12,8,20,4,7,29,56,96,60,58,118,214
03/31/2020,MGM,AL,ASO,ES,Combined TRACON& Tower with Radar,5,8,10,27,50,0,0,2,6,8,5,8,12,33,58,6,10,16,74
04/01/2020,MGM,AL,ASO,ES,Combined TRACON& Tower with Radar,0,5,15,68,88,0,0,22,19,41,0,5,37,87,129,34,70,104,233
04/02/2020,MGM,AL,ASO,ES,Combined TRACON& Tower with Radar,3,4,27,35,69,0,6,38,12,56,3,10,65,47,125,66,46,112,237
04/03/2020,MGM,AL,ASO,ES,Combined TRACON& Tower with Radar,3,7,18,27,55,0,3,19,8,30,3,10,37,35,85,32,52,84,169
04/04/2020,MGM,AL,ASO,ES,Combined TRACON& Tower with Radar,3,8,10,26,47,0,0,24,4,28,3,8,34,30,75,50,68,118,193
04/05/2020,MGM,AL,ASO,ES,Combined TRACON& Tower with Radar,3,6,6,4,19,0,0,10,4,14,3,6,16,8,33,4,0,4,37
04/06/2020,MGM,AL,ASO,ES,Combined TRACON& Tower with Radar,2,4,11,39,56,0,1,10,6,17,2,5,21,45,73,0,80,80,153
04/07/2020,MGM,AL,ASO,ES,Combined TRACON& Tower with Radar,4,4,9,15,32,0,0,9,6,15,4,4,18,21,47,0,26,26,73
04/08/2020,MGM,AL,ASO,ES,Combined TRACON& Tower with Radar,6,6,15,25,52,0,0,3,6,9,6,6,18,31,61,2,8,10,71
04/09/2020,MGM,AL,ASO,ES,Combined TRACON& Tower with Radar,5,3,8,30,46,0,4,18,21,43,5,7,26,51,89,20,64,84,173
04/10/2020,MGM,AL,ASO,ES,Combined TRACON& Tower with Radar,3,7,10,21,41,0,0,14,17,31,3,7,24,38,72,40,22,62,134
04/11/2020,MGM,AL,ASO,ES,Combined TRACON& Tower with Radar,4,6,6,15,31,0,3,31,5,39,4,9,37,20,70,52,47,99,169
04/12/2020,MGM,AL,ASO,ES,Combined TRACON& Tower with Radar,3,8,1,0,12,0,0,0,0,0,3,8,1,0,12,0,0,0,12
04/13/2020,MGM,AL,ASO,ES,Combined TRACON& Tower with Radar,2,8,4,33,47,0,2,9,4,15,2,10,13,37,62,14,46,60,122
04/14/2020,MGM,AL,ASO,ES,Combined TRACON& Tower with Radar,2,4,6,57,69,0,1,10,9,20,2,5,16,66,89,22,6,28,117
04/15/2020,MGM,AL,ASO,ES,Combined TRACON& Tower with Radar,2,6,12,43,63,0,1,10,21,32,2,7,22,64,95,20,62,82,177
04/16/2020,MGM,AL,ASO,ES,Combined TRACON& Tower with Radar,0,1,12,67,80,0,1,25,17,43,0,2,37,84,123,36,82,118,241
04/17/2020,MGM,AL,ASO,ES,Combined TRACON& Tower with Radar,1,3,8,36,48,0,2,15,16,33,1,5,23,52,81,30,68,98,179
04/18/2020,MGM,AL,ASO,ES,Combined TRACON& Tower with Radar,1,6,15,21,43,0,1,21,1,23,1,7,36,22,66,0,18,18,84
04/19/2020,MGM,AL,ASO,ES,Combined TRACON& Tower with Radar,0,2,0,0,2,0,0,0,0,0,0,2,0,0,2,0,0,0,2
04/20/2020,MGM,AL,ASO,ES,Combined TRACON& Tower with Radar,1,7,11,45,64,0,4,13,0,17,1,11,24,45,81,22,126,148,229
04/21/2020,MGM,AL,ASO,ES,Combined TRACON& Tower with Radar,1,11,10,48,70,0,3,32,11,46,1,14,42,59,116,30,70,100,216
04/22/2020,MGM,AL,ASO,ES,Combined TRACON& Tower with Radar,2,6,14,52,74,0,0,17,9,26,2,6,31,61,100,18,68,86,186
04/23/2020,MGM,AL,ASO,ES,Combined TRACON& Tower with Radar,4,4,1,10,19,0,0,0,0,0,4,4,1,10,19,0,0,0,19
04/24/2020,MGM,AL,ASO,ES,Combined TRACON& Tower with Radar,1,6,26,78,111,0,0,24,9,33,1,6,50,87,144,52,34,86,230
04/25/2020,MGM,AL,ASO,ES,Combined TRACON& Tower with Radar,2,5,6,16,29,0,1,20,2,23,2,6,26,18,52,28,16,44,96
04/26/2020,MGM,AL,ASO,ES,Combined TRACON& Tower with Radar,4,5,0,12,21,0,3,12,14,29,4,8,12,26,50,8,0,8,58
04/27/2020,MGM,AL,ASO,ES,Combined TRACON& Tower with Radar,2,7,5,52,66,0,0,18,8,26,2,7,23,60,92,8,30,38,130
04/28/2020,MGM,AL,ASO,ES,Combined TRACON& Tower with Radar,1,7,15,72,95,0,0,14,7,21,1,7,29,79,116,30,24,54,170
04/29/2020,MGM,AL,ASO,ES,Combined TRACON& Tower with Radar,2,7,9,49,67,0,0,0,10,10,2,7,9,59,77,2,18,20,97
04/30/2020,MGM,AL,ASO,ES,Combined TRACON& Tower with Radar,2,9,13,60,84,0,2,32,19,53,2,11,45,79,137,10,66,76,213
05/01/2020,MGM,AL,ASO,ES,Combined TRACON& Tower with Radar,2,7,12,31,52,0,4,28,9,41,2,11,40,40,93,32,36,68,161
05/02/2020,MGM,AL,ASO,ES,Combined TRACON& Tower with Radar,3,6,12,34,55,0,0,33,5,38,3,6,45,39,93,16,24,40,133
05/03/2020,MGM,AL,ASO,ES,Combined TRACON& Tower with Radar,1,5,15,35,56,0,2,35,7,44,1,7,50,42,100,20,34,54,154
05/04/2020,MGM,AL,ASO,ES,Combined TRACON& Tower with Radar,3,4,15,120,142,0,1,22,9,32,3,5,37,129,174,14,64,78,252
05/05/2020,MGM,AL,ASO,ES,Combined TRACON& Tower with Radar,1,6,15,76,98,0,2,20,11,33,1,8,35,87,131,18,40,58,189
05/06/2020,MGM,AL,ASO,ES,Combined TRACON& Tower with Radar,5,6,25,45,81,0,4,10,9,23,5,10,35,54,104,10,26,36,140
05/07/2020,MGM,AL,ASO,ES,Combined TRACON& Tower with Radar,1,8,18,116,143,0,2,26,16,44,1,10,44,132,187,16,79,95,282
05/08/2020,MGM,AL,ASO,ES,Combined TRACON& Tower with Radar,0,10,11,19,40,0,2,9,8,19,0,12,20,27,59,16,46,62,121
05/09/2020,MGM,AL,ASO,ES,Combined TRACON& Tower with Radar,0,8,8,51,67,0,0,52,8,60,0,8,60,59,127,50,12,62,189
05/10/2020,MGM,AL,ASO,ES,Combined TRACON& Tower with Radar,0,8,7,6,21,0,0,13,4,17,0,8,20,10,38,2,0,2,40
05/11/2020,MGM,AL,ASO,ES,Combined TRACON& Tower with Radar,0,12,9,54,75,0,3,37,0,40,0,15,46,54,115,0,56,56,171
05/12/2020,MGM,AL,ASO,ES,Combined TRACON& Tower with Radar,0,12,11,61,84,0,1,50,8,59,0,13,61,69,143,30,68,98,241
05/13/2020,MGM,AL,ASO,ES,Combined TRACON& Tower with Radar,0,8,20,107,135,0,2,45,19,66,0,10,65,126,201,66,76,142,343
05/14/2020,MGM,AL,ASO,ES,Combined TRACON& Tower with Radar,4,8,20,146,178,0,0,44,33,77,4,8,64,179,255,20,46,66,321
05/15/2020,MGM,AL,ASO,ES,Combined TRACON& Tower with Radar,0,6,22,82,110,0,2,40,17,59,0,8,62,99,169,92,104,196,365
05/16/2020,MGM,AL,ASO,ES,Combined TRACON& Tower with Radar,0,8,18,32,58,0,0,48,1,49,0,8,66,33,107,88,19,107,214
05/17/2020,MGM,AL,ASO,ES,Combined TRACON& Tower with Radar,4,11,12,14,41,0,0,14,0,14,4,11,26,14,55,4,0,4,59
05/18/2020,MGM,AL,ASO,ES,Combined TRACON& Tower with Radar,0,12,25,31,68,0,1,3,0,4,0,13,28,31,72,18,0,18,90
05/19/2020,MGM,AL,ASO,ES,Combined TRACON& Tower with Radar,0,14,30,78,122,0,3,35,5,43,0,17,65,83,165,54,84,138,303
05/20/2020,MGM,AL,ASO,ES,Combined TRACON& Tower with Radar,0,12,30,79,121,0,0,40,23,63,0,12,70,102,184,26,62,88,272
05/21/2020,MGM,AL,ASO,ES,Combined TRACON& Tower with Radar,0,8,13,59,80,0,0,7,2,9,0,8,20,61,89,0,0,0,89
05/22/2020,MGM,AL,ASO,ES,Combined TRACON& Tower with Radar,0,8,12,11,31,0,0,8,0,8,0,8,20,11,39,0,0,0,39
05/23/2020,MGM,AL,ASO,ES,Combined TRACON& Tower with Radar,0,8,14,6,28,0,0,26,0,26,0,8,40,6,54,0,0,0,54
05/24/2020,MGM,AL,ASO,ES,Combined TRACON& Tower with Radar,0,6,5,0,11,0,0,12,0,12,0,6,17,0,23,0,0,0,23
05/25/2020,MGM,AL,ASO,ES,Combined TRACON& Tower with Radar,0,10,13,0,23,0,0,19,0,19,0,10,32,0,42,0,0,0,42
05/26/2020,MGM,AL,ASO,ES,Combined TRACON& Tower with Radar,0,9,19,38,66,0,0,0,0,0,0,9,19,38,66,0,0,0,66
05/27/2020,MGM,AL,ASO,ES,Combined TRACON& Tower with Radar,0,9,19,48,76,0,0,0,1,1,0,9,19,49,77,0,0,0,77
05/28/2020,MGM,AL,ASO,ES,Combined TRACON& Tower with Radar,0,12,27,42,81,0,0,8,6,14,0,12,35,48,95,0,0,0,95
05/29/2020,MGM,AL,ASO,ES,Combined TRACON& Tower with Radar,0,10,29,56,95,0,0,24,3,27,0,10,53,59,122,0,0,0,122
05/30/2020,MGM,AL,ASO,ES,Combined TRACON& Tower with Radar,0,8,12,40,60,0,1,24,0,25,0,9,36,40,85,0,0,0,85
05/31/2020,MGM,AL,ASO,ES,Combined TRACON& Tower with Radar,0,8,6,19,33,0,0,41,5,46,0,8,47,24,79,0,0,0,79
06/01/2020,MGM,AL,ASO,ES,Combined TRACON& Tower with Radar,0,10,25,68,103,0,1,31,8,40,0,11,56,76,143,0,0,0,143
06/02/2020,MGM,AL,ASO,ES,Combined TRACON& Tower with Radar,0,10,17,63,90,0,0,30,14,44,0,10,47,77,134,0,0,0,134
06/03/2020,MGM,AL,ASO,ES,Combined TRACON& Tower with Radar,0,9,19,62,90,0,0,4,7,11,0,9,23,69,101,0,0,0,101
06/04/2020,MGM,AL,ASO,ES,Combined TRACON& Tower with Radar,0,8,26,130,164,0,0,29,13,42,0,8,55,143,206,0,0,0,206
06/05/2020,MGM,AL,ASO,ES,Combined TRACON& Tower with Radar,0,8,14,48,70,0,0,13,10,23,0,8,27,58,93,0,0,0,93
06/06/2020,MGM,AL,ASO,ES,Combined TRACON& Tower with Radar,0,8,19,20,47,0,0,2,1,3,0,8,21,21,50,0,0,0,50
06/07/2020,MGM,AL,ASO,ES,Combined TRACON& Tower with Radar,2,12,11,13,38,0,0,1,0,1,2,12,12,13,39,0,0,0,39
06/08/2020,MGM,AL,ASO,ES,Combined TRACON& Tower with Radar,0,8,4,27,39,0,0,0,0,0,0,8,4,27,39,0,0,0,39
06/09/2020,MGM,AL,ASO,ES,Combined TRACON& Tower with Radar,1,8,14,25,48,0,0,1,1,2,1,8,15,26,50,0,0,0,50
06/10/2020,MGM,AL,ASO,ES,Combined TRACON& Tower with Radar,4,11,11,55,81,0,0,4,5,9,4,11,15,60,90,0,0,0,90
06/11/2020,MGM,AL,ASO,ES,Combined TRACON& Tower with Radar,0,14,32,91,137,0,0,36,9,45,0,14,68,100,182,0,0,0,182
06/12/2020,MGM,AL,ASO,ES,Combined TRACON& Tower with Radar,0,9,25,80,114,0,0,36,15,51,0,9,61,95,165,0,0,0,165
06/13/2020,MGM,AL,ASO,ES,Combined TRACON& Tower with Radar,0,10,32,14,56,0,0,45,4,49,0,10,77,18,105,0,0,0,105
06/14/2020,MGM,AL,ASO,ES,Combined TRACON& Tower with Radar,0,11,22,45,78,0,0,34,6,40,0,11,56,51,118,0,0,0,118
06/15/2020,MGM,AL,ASO,ES,Combined TRACON& Tower with Radar,0,9,19,86,114,0,0,25,4,29,0,9,44,90,143,0,0,0,143
06/16/2020,MGM,AL,ASO,ES,Combined TRACON& Tower with Radar,0,9,20,107,136,0,0,46,8,54,0,9,66,115,190,0,0,0,190
06/17/2020,MGM,AL,ASO,ES,Combined TRACON& Tower with Radar,0,12,45,103,160,0,0,27,8,35,0,12,72,111,195,0,0,0,195
06/18/2020,MGM,AL,ASO,ES,Combined TRACON& Tower with Radar,0,15,27,70,112,0,0,36,10,46,0,15,63,80,158,0,0,0,158
06/19/2020,MGM,AL,ASO,ES,Combined TRACON& Tower with Radar,0,14,25,78,117,0,0,49,8,57,0,14,74,86,174,0,0,0,174
06/20/2020,MGM,AL,ASO,ES,Combined TRACON& Tower with Radar,0,8,17,20,45,0,0,33,1,34,0,8,50,21,79,0,0,0,79
06/21/2020,MGM,AL,ASO,ES,Combined TRACON& Tower with Radar,0,10,9,9,28,0,0,33,0,33,0,10,42,9,61,0,0,0,61
06/22/2020,MGM,AL,ASO,ES,Combined TRACON& Tower with Radar,0,8,12,39,59,0,0,19,8,27,0,8,31,47,86,0,0,0,86
06/23/2020,MGM,AL,ASO,ES,Combined TRACON& Tower with Radar,0,8,46,49,103,0,0,12,5,17,0,8,58,54,120,0,0,0,120
06/24/2020,MGM,AL,ASO,ES,Combined TRACON& Tower with Radar,0,10,18,41,69,0,0,3,5,8,0,10,21,46,77,0,0,0,77
06/25/2020,MGM,AL,ASO,ES,Combined TRACON& Tower with Radar,0,10,25,31,66,0,0,14,11,25,0,10,39,42,91,0,0,0,91
06/26/2020,MGM,AL,ASO,ES,Combined TRACON& Tower with Radar,0,8,20,64,92,0,0,19,1,20,0,8,39,65,112,0,0,0,112
06/27/2020,MGM,AL,ASO,ES,Combined TRACON& Tower with Radar,0,9,26,11,46,0,0,23,1,24,0,9,49,12,70,0,0,0,70
06/28/2020,MGM,AL,ASO,ES,Combined TRACON& Tower with Radar,0,8,4,22,34,0,1,18,2,21,0,9,22,24,55,0,0,0,55
06/29/2020,MGM,AL,ASO,ES,Combined TRACON& Tower with Radar,0,11,31,41,83,0,0,14,3,17,0,11,45,44,100,0,0,0,100
06/30/2020,MGM,AL,ASO,ES,Combined TRACON& Tower with Radar,0,12,25,19,56,0,2,5,4,11,0,14,30,23,67,0,0,0,67
07/01/2020,MGM,AL,ASO,ES,Combined TRACON& Tower with Radar,0,9,21,10,40,0,1,13,0,14,0,10,34,10,54,14,0,14,68
07/02/2020,MGM,AL,ASO,ES,Combined TRACON& Tower with Radar,0,10,50,77,137,0,0,16,4,20,0,10,66,81,157,28,26,54,211
07/03/2020,MGM,AL,ASO,ES,Combined TRACON& Tower with Radar,0,11,11,2,24,0,6,26,0,32,0,17,37,2,56,14,0,14,70
07/04/2020,MGM,AL,ASO,ES,Combined TRACON& Tower with Radar,0,10,8,4,22,0,4,21,1,26,0,14,29,5,48,6,0,6,54
07/05/2020,MGM,AL,ASO,ES,Combined TRACON& Tower with Radar,2,13,11,2,28,0,3,23,0,26,2,16,34,2,54,36,16,52,106
07/06/2020,MGM,AL,ASO,ES,Combined TRACON& Tower with Radar,0,11,12,13,36,0,1,16,1,18,0,12,28,14,54,24,0,24,78
07/07/2020,MGM,AL,ASO,ES,Combined TRACON& Tower with Radar,1,11,23,35,70,0,0,5,0,5,1,11,28,35,75,22,6,28,103
07/08/2020,MGM,AL,ASO,ES,Combined TRACON& Tower with Radar,2,9,10,62,83,0,0,8,2,10,2,9,18,64,93,14,14,28,121
07/09/2020,MGM,AL,ASO,ES,Combined TRACON& Tower with Radar,4,9,27,15,55,0,1,21,5,27,4,10,48,20,82,44,28,72,154
07/10/2020,MGM,AL,ASO,ES,Combined TRACON& Tower with Radar,4,8,47,69,128,0,4,35,2,41,4,12,82,71,169,2,14,16,185
07/11/2020,MGM,AL,ASO,ES,Combined TRACON& Tower with Radar,4,9,14,23,50,0,3,38,5,46,4,12,52,28,96,64,22,86,182
07/12/2020,MGM,AL,ASO,ES,Combined TRACON& Tower with Radar,4,11,20,0,35,0,0,17,4,21,4,11,37,4,56,6,42,48,104
07/13/2020,MGM,AL,ASO,ES,Combined TRACON& Tower with Radar,4,10,27,89,130,0,1,34,26,61,4,11,61,115,191,106,40,146,337
07/14/2020,MGM,AL,ASO,ES,Combined TRACON& Tower with Radar,2,11,23,109,145,0,3,35,22,60,2,14,58,131,205,34,98,132,337
07/15/2020,MGM,AL,ASO,ES,Combined TRACON& Tower with Radar,2,12,13,40,67,0,2,15,2,19,2,14,28,42,86,22,24,46,132
07/16/2020,MGM,AL,ASO,ES,Combined TRACON& Tower with Radar,4,9,14,161,188,0,6,14,21,41,4,15,28,182,229,38,44,82,311
07/17/2020,MGM,AL,ASO,ES,Combined TRACON& Tower with Radar,4,9,13,80,106,0,10,40,27,77,4,19,53,107,183,28,22,50,233
07/18/2020,MGM,AL,ASO,ES,Combined TRACON& Tower with Radar,4,8,12,28,52,0,1,37,14,52,4,9,49,42,104,34,0,34,138
07/19/2020,MGM,AL,ASO,ES,Combined TRACON& Tower with Radar,4,8,11,46,69,0,3,28,14,45,4,11,39,60,114,0,0,0,114
07/20/2020,MGM,AL,ASO,ES,Combined TRACON& Tower with Radar,4,14,17,38,73,0,0,28,14,42,4,14,45,52,115,28,46,74,189
07/21/2020,MGM,AL,ASO,ES,Combined TRACON& Tower with Radar,2,9,8,127,146,0,5,23,22,50,2,14,31,149,196,34,58,92,288
07/22/2020,MGM,AL,ASO,ES,Combined TRACON& Tower with Radar,2,11,32,62,107,0,6,31,14,51,2,17,63,76,158,38,14,52,210
07/23/2020,MGM,AL,ASO,ES,Combined TRACON& Tower with Radar,4,10,24,86,124,0,6,23,23,52,4,16,47,109,176,88,94,182,358
07/24/2020,MGM,AL,ASO,ES,Combined TRACON& Tower with Radar,4,8,13,42,67,0,0,16,11,27,4,8,29,53,94,42,10,52,146
07/25/2020,MGM,AL,ASO,ES,Combined TRACON& Tower with Radar,6,8,6,12,32,0,0,31,11,42,6,8,37,23,74,46,8,54,128
07/26/2020,MGM,AL,ASO,ES,Combined TRACON& Tower with Radar,4,8,8,6,26,0,4,18,2,24,4,12,26,8,50,36,0,36,86
07/27/2020,MGM,AL,ASO,ES,Combined TRACON& Tower with Radar,6,12,15,132,165,0,2,33,7,42,6,14,48,139,207,24,74,98,305
07/28/2020,MGM,AL,ASO,ES,Combined TRACON& Tower with Radar,2,14,12,77,105,0,4,16,8,28,2,18,28,85,133,32,22,54,187
07/29/2020,MGM,AL,ASO,ES,Combined TRACON& Tower with Radar,2,8,15,32,57,0,0,9,2,11,2,8,24,34,68,4,0,4,72
07/30/2020,MGM,AL,ASO,ES,Combined TRACON& Tower with Radar,4,8,21,48,81,0,2,24,9,35,4,10,45,57,116,32,6,38,154
07/31/2020,MGM,AL,ASO,ES,Combined TRACON& Tower with Radar,4,11,18,87,120,0,4,21,16,41,4,15,39,103,161,34,32,66,227
08/01/2020,MGM,AL,ASO,ES,Combined TRACON& Tower with Radar,4,15,16,18,53,0,1,21,11,33,4,16,37,29,86,16,10,26,112
08/02/2020,MGM,AL,ASO,ES,Combined TRACON& Tower with Radar,4,14,10,42,70,0,2,27,14,43,4,16,37,56,113,40,44,84,197
08/03/2020,MGM,AL,ASO,ES,Combined TRACON& Tower with Radar,4,14,8,58,84,0,0,26,5,31,4,14,34,63,115,14,4,18,133
08/04/2020,MGM,AL,ASO,ES,Combined TRACON& Tower with Radar,2,14,13,65,94,0,3,50,4,57,2,17,63,69,151,88,20,108,259
08/05/2020,MGM,AL,ASO,ES,Combined TRACON& Tower with Radar,2,19,13,71,105,0,6,38,9,53,2,25,51,80,158,58,48,106,264
08/06/2020,MGM,AL,ASO,ES,Combined TRACON& Tower with Radar,4,13,20,79,116,0,3,35,22,60,4,16,55,101,176,22,38,60,236
08/07/2020,MGM,AL,ASO,ES,Combined TRACON& Tower with Radar,4,15,11,74,104,0,1,27,9,37,4,16,38,83,141,46,12,58,199
08/08/2020,MGM,AL,ASO,ES,Combined TRACON& Tower with Radar,4,13,15,12,44,0,1,23,1,25,4,14,38,13,69,10,14,24,93
08/09/2020,MGM,AL,ASO,ES,Combined TRACON& Tower with Radar,4,12,9,14,39,0,0,15,2,17,4,12,24,16,56,0,0,0,56
08/10/2020,MGM,AL,ASO,ES,Combined TRACON& Tower with Radar,4,13,30,27,74,0,4,21,3,28,4,17,51,30,102,16,10,26,128
08/11/2020,MGM,AL,ASO,ES,Combined TRACON& Tower with Radar,2,12,10,46,70,0,3,14,4,21,2,15,24,50,91,64,42,106,197
08/12/2020,MGM,AL,ASO,ES,Combined TRACON& Tower with Radar,3,12,27,84,126,0,5,28,17,50,3,17,55,101,176,32,28,60,236
08/13/2020,MGM,AL,ASO,ES,Combined TRACON& Tower with Radar,4,16,12,33,65,0,9,20,3,32,4,25,32,36,97,46,25,71,168
08/14/2020,MGM,AL,ASO,ES,Combined TRACON& Tower with Radar,4,13,2,63,82,0,4,14,5,23,4,17,16,68,105,12,14,26,131
08/15/2020,MGM,AL,ASO,ES,Combined TRACON& Tower with Radar,4,15,14,22,55,0,0,11,1,12,4,15,25,23,67,50,0,50,117
08/16/2020,MGM,AL,ASO,ES,Combined TRACON& Tower with Radar,4,11,20,45,80,0,0,54,3,57,4,11,74,48,137,16,0,16,153
08/17/2020,MGM,AL,ASO,ES,Combined TRACON& Tower with Radar,4,12,14,49,79,0,18,37,10,65,4,30,51,59,144,6,22,28,172
08/18/2020,MGM,AL,ASO,ES,Combined TRACON& Tower with Radar,2,14,28,95,139,0,6,32,7,45,2,20,60,102,184,18,66,84,268
08/19/2020,MGM,AL,ASO,ES,Combined TRACON& Tower with Radar,2,19,27,66,114,0,0,19,7,26,2,19,46,73,140,8,26,34,174
08/20/2020,MGM,AL,ASO,ES,Combined TRACON& Tower with Radar,2,16,20,31,69,0,5,11,2,18,2,21,31,33,87,0,14,14,101
08/21/2020,MGM,AL,ASO,ES,Combined TRACON& Tower with Radar,2,16,14,59,91,0,5,15,17,37,2,21,29,76,128,48,46,94,222
08/22/2020,MGM,AL,ASO,ES,Combined TRACON& Tower with Radar,2,17,11,5,35,0,3,21,11,35,2,20,32,16,70,16,20,36,106
08/23/2020,MGM,AL,ASO,ES,Combined TRACON& Tower with Radar,2,16,12,6,36,0,1,18,6,25,2,17,30,12,61,2,0,2,63
08/24/2020,MGM,AL,ASO,ES,Combined TRACON& Tower with Radar,4,15,12,40,71,0,0,2,2,4,4,15,14,42,75,4,20,24,99
08/25/2020,MGM,AL,ASO,ES,Combined TRACON& Tower with Radar,2,16,9,37,64,0,2,1,0,3,2,18,10,37,67,16,20,36,103
08/26/2020,MGM,AL,ASO,ES,Combined TRACON& Tower with Radar,2,19,20,118,159,0,4,11,2,17,2,23,31,120,176,30,24,54,230
08/27/2020,MGM,AL,ASO,ES,Combined TRACON& Tower with Radar,6,16,21,92,135,0,0,16,7,23,6,16,37,99,158,20,72,92,250
08/28/2020,MGM,AL,ASO,ES,Combined TRACON& Tower with Radar,2,17,9,16,44,0,2,0,1,3,2,19,9,17,47,6,0,6,53
08/29/2020,MGM,AL,ASO,ES,Combined TRACON& Tower with Radar,2,16,19,6,43,0,1,11,2,14,2,17,30,8,57,10,0,10,67
08/30/2020,MGM,AL,ASO,ES,Combined TRACON& Tower with Radar,2,13,29,3,47,0,0,11,2,13,2,13,40,5,60,8,0,8,68
08/31/2020,MGM,AL,ASO,ES,Combined TRACON& Tower with Radar,2,17,24,74,117,0,1,9,3,13,2,18,33,77,130,12,30,42,172
09/01/2020,MGM,AL,ASO,ES,Combined TRACON& Tower with Radar,2,16,21,49,88,0,6,6,2,14,2,22,27,51,102,52,32,84,186
09/02/2020,MGM,AL,ASO,ES,Combined TRACON& Tower with Radar,2,16,33,108,159,0,3,39,34,76,2,19,72,142,235,26,56,82,317
09/03/2020,MGM,AL,ASO,ES,Combined TRACON& Tower with Radar,2,16,41,115,174,0,4,20,10,34,2,20,61,125,208,62,34,96,304
09/04/2020,MGM,AL,ASO,ES,Combined TRACON& Tower with Radar,3,17,20,8,48,0,4,31,0,35,3,21,51,8,83,64,0,64,147
09/05/2020,MGM,AL,ASO,ES,Combined TRACON& Tower with Radar,2,16,14,4,36,0,8,26,0,34,2,24,40,4,70,20,0,20,90
09/06/2020,MGM,AL,ASO,ES,Combined TRACON& Tower with Radar,2,16,6,0,24,0,1,10,0,11,2,17,16,0,35,16,0,16,51
09/07/2020,MGM,AL,ASO,ES,Combined TRACON& Tower with Radar,2,18,14,5,39,0,0,26,3,29,2,18,40,8,68,32,0,32,100
09/08/2020,MGM,AL,ASO,ES,Combined TRACON& Tower with Radar,2,16,15,95,128,0,4,24,22,50,2,20,39,117,178,28,22,50,228
09/09/2020,MGM,AL,ASO,ES,Combined TRACON& Tower with Radar,3,14,17,143,177,0,0,34,16,50,3,14,51,159,227,10,14,24,251
09/10/2020,MGM,AL,ASO,ES,Combined TRACON& Tower with Radar,2,18,18,57,95,0,2,8,3,13,2,20,26,60,108,40,36,76,184
09/11/2020,MGM,AL,ASO,ES,Combined TRACON& Tower with Radar,2,16,27,51,96,0,2,23,17,42,2,18,50,68,138,42,17,59,197
09/12/2020,MGM,AL,ASO,ES,Combined TRACON& Tower with Radar,2,18,15,32,67,0,0,18,19,37,2,18,33,51,104,40,0,40,144
09/13/2020,MGM,AL,ASO,ES,Combined TRACON& Tower with Radar,2,14,18,9,43,0,0,7,2,9,2,14,25,11,52,26,18,44,96
09/14/2020,MGM,AL,ASO,ES,Combined TRACON& Tower with Radar,2,17,14,51,84,0,3,13,3,19,2,20,27,54,103,6,14,20,123
09/15/2020,MGM,AL,ASO,ES,Combined TRACON& Tower with Radar,2,13,22,24,61,0,2,8,3,13,2,15,30,27,74,4,38,42,116
09/16/2020,MGM,AL,ASO,ES,Combined TRACON& Tower with Radar,4,6,2,0,12,0,0,0,0,0,4,6,2,0,12,0,0,0,12
09/17/2020,MGM,AL,ASO,ES,Combined TRACON& Tower with Radar,2,16,12,29,59,0,2,4,9,15,2,18,16,38,74,4,26,30,104
09/18/2020,MGM,AL,ASO,ES,Combined TRACON& Tower with Radar,2,19,28,32,81,0,1,25,5,31,2,20,53,37,112,22,1,23,135
09/19/2020,MGM,AL,ASO,ES,Combined TRACON& Tower with Radar,2,16,22,1,41,0,2,19,3,24,2,18,41,4,65,18,2,20,85
09/20/2020,MGM,AL,ASO,ES,Combined TRACON& Tower with Radar,2,17,17,15,51,0,2,19,2,23,2,19,36,17,74,14,0,14,88
09/21/2020,MGM,AL,ASO,ES,Combined TRACON& Tower with Radar,6,17,29,50,102,0,2,39,4,45,6,19,68,54,147,32,72,104,251
09/22/2020,MGM,AL,ASO,ES,Combined TRACON& Tower with Radar,2,18,35,78,133,0,1,36,7,44,2,19,71,85,177,34,60,94,271
09/23/2020,MGM,AL,ASO,ES,Combined TRACON& Tower with Radar,2,15,20,129,166,0,2,30,7,39,2,17,50,136,205,64,84,148,353
09/24/2020,MGM,AL,ASO,ES,Combined TRACON& Tower with Radar,2,15,15,47,79,0,0,2,3,5,2,15,17,50,84,4,18,22,106
09/25/2020,MGM,AL,ASO,ES,Combined TRACON& Tower with Radar,5,19,26,111,161,0,1,14,11,26,5,20,40,122,187,16,80,96,283
09/26/2020,MGM,AL,ASO,ES,Combined TRACON& Tower with Radar,3,16,16,21,56,0,0,31,4,35,3,16,47,25,91,52,2,54,145
09/27/2020,MGM,AL,ASO,ES,Combined TRACON& Tower with Radar,4,16,19,21,60,0,0,15,7,22,4,16,34,28,82,28,0,28,110
09/28/2020,MGM,AL,ASO,ES,Combined TRACON& Tower with Radar,2,20,12,78,112,0,1,4,0,5,2,21,16,78,117,14,10,24,141
09/29/2020,MGM,AL,ASO,ES,Combined TRACON& Tower with Radar,2,14,30,75,121,0,0,25,6,31,2,14,55,81,152,46,48,94,246
09/30/2020,MGM,AL,ASO,ES,Combined TRACON& Tower with Radar,2,15,21,107,145,0,5,60,16,81,2,20,81,123,226,82,100,182,408
10/01/2020,MGM,AL,ASO,ES,Combined TRACON& Tower with Radar,2,14,28,95,139,0,0,46,13,59,2,14,74,108,198,68,108,176,374
10/02/2020,MGM,AL,ASO,ES,Combined TRACON& Tower with Radar,2,18,31,100,151,0,1,56,10,67,2,19,87,110,218,44,19,63,281
10/03/2020,MGM,AL,ASO,ES,Combined TRACON& Tower with Radar,2,14,12,24,52,0,0,28,0,28,2,14,40,24,80,32,40,72,152
10/04/2020,MGM,AL,ASO,ES,Combined TRACON& Tower with Radar,2,18,13,32,65,0,2,69,5,76,2,20,82,37,141,30,16,46,187
10/05/2020,MGM,AL,ASO,ES,Combined TRACON& Tower with Radar,2,18,32,46,98,0,0,44,1,45,2,18,76,47,143,4,0,4,147
10/06/2020,MGM,AL,ASO,ES,Combined TRACON& Tower with Radar,4,21,22,42,89,0,7,19,1,27,4,28,41,43,116,22,34,56,172
10/07/2020,MGM,AL,ASO,ES,Combined TRACON& Tower with Radar,2,17,18,80,117,0,0,44,11,55,2,17,62,91,172,54,98,152,324
10/08/2020,MGM,AL,ASO,ES,Combined TRACON& Tower with Radar,3,13,31,65,112,0,12,38,16,66,3,25,69,81,178,38,58,96,274
10/09/2020,MGM,AL,ASO,ES,Combined TRACON& Tower with Radar,7,15,12,19,53,0,0,3,0,3,7,15,15,19,56,4,0,4,60
10/10/2020,MGM,AL,ASO,ES,Combined TRACON& Tower with Radar,8,17,2,0,27,0,0,0,0,0,8,17,2,0,27,0,0,0,27
10/11/2020,MGM,AL,ASO,ES,Combined TRACON& Tower with Radar,5,13,9,0,27,0,0,0,0,0,5,13,9,0,27,6,0,6,33
10/12/2020,MGM,AL,ASO,ES,Combined TRACON& Tower with Radar,3,17,19,0,39,0,0,52,0,52,3,17,71,0,91,37,1,38,129
10/13/2020,MGM,AL,ASO,ES,Combined TRACON& Tower with Radar,2,18,15,64,99,0,5,47,6,58,2,23,62,70,157,34,35,69,226
10/14/2020,MGM,AL,ASO,ES,Combined TRACON& Tower with Radar,2,16,32,116,166,0,1,68,33,102,2,17,100,149,268,50,112,162,430
10/15/2020,MGM,AL,ASO,ES,Combined TRACON& Tower with Radar,6,16,45,75,142,0,7,53,18,78,6,23,98,93,220,58,70,128,348
10/16/2020,MGM,AL,ASO,ES,Combined TRACON& Tower with Radar,4,17,33,81,135,0,7,38,20,65,4,24,71,101,200,64,70,134,334
10/17/2020,MGM,AL,ASO,ES,Combined TRACON& Tower with Radar,4,12,25,10,51,0,1,45,16,62,4,13,70,26,113,40,8,48,161
10/18/2020,MGM,AL,ASO,ES,Combined TRACON& Tower with Radar,5,12,17,34,68,0,1,42,23,66,5,13,59,57,134,18,19,37,171
10/19/2020,MGM,AL,ASO,ES,Combined TRACON& Tower with Radar,4,13,21,78,116,0,9,51,8,68,4,22,72,86,184,28,76,104,288
10/20/2020,MGM,AL,ASO,ES,Combined TRACON& Tower with Radar,2,16,27,95,140,0,4,35,6,45,2,20,62,101,185,56,52,108,293
10/21/2020,MGM,AL,ASO,ES,Combined TRACON& Tower with Radar,2,20,41,91,154,0,3,47,15,65,2,23,88,106,219,26,64,90,309
10/22/2020,MGM,AL,ASO,ES,Combined TRACON& Tower with Radar,6,20,34,96,156,0,3,29,25,57,6,23,63,121,213,26,126,152,365
10/23/2020,MGM,AL,ASO,ES,Combined TRACON& Tower with Radar,6,19,22,91,138,0,1,19,7,27,6,20,41,98,165,16,80,96,261
10/24/2020,MGM,AL,ASO,ES,Combined TRACON& Tower with Radar,4,10,12,6,32,0,0,1,1,2,4,10,13,7,34,0,14,14,48
10/25/2020,MGM,AL,ASO,ES,Combined TRACON& Tower with Radar,5,13,24,8,50,0,0,10,0,10,5,13,34,8,60,6,0,6,66
10/26/2020,MGM,AL,ASO,ES,Combined TRACON& Tower with Radar,4,10,26,78,118,0,0,41,12,53,4,10,67,90,171,21,72,93,264
10/27/2020,MGM,AL,ASO,ES,Combined TRACON& Tower with Radar,2,13,31,72,118,0,0,1,3,4,2,13,32,75,122,6,3,9,131
10/28/2020,MGM,AL,ASO,ES,Combined TRACON& Tower with Radar,2,11,14,56,83,0,0,1,5,6,2,11,15,61,89,0,0,0,89
10/29/2020,MGM,AL,ASO,ES,Combined TRACON& Tower with Radar,6,12,13,61,92,0,0,3,17,20,6,12,16,78,112,12,66,78,190
10/30/2020,MGM,AL,ASO,ES,Combined TRACON& Tower with Radar,5,12,19,42,78,0,4,33,7,44,5,16,52,49,122,32,38,70,192
10/31/2020,MGM,AL,ASO,ES,Combined TRACON& Tower with Radar,3,7,21,0,31,0,7,50,0,57,3,14,71,0,88,64,0,64,152
11/01/2020,MGM,AL,ASO,ES,Combined TRACON& Tower with Radar,2,12,15,6,35,0,0,29,2,31,2,12,44,8,66,6,0,6,72
11/02/2020,MGM,AL,ASO,ES,Combined TRACON& Tower with Radar,4,10,20,60,94,0,3,29,9,41,4,13,49,69,135,28,27,55,190
11/03/2020,MGM,AL,ASO,ES,Combined TRACON& Tower with Radar,2,11,19,78,110,0,5,38,8,51,2,16,57,86,161,122,80,202,363
11/04/2020,MGM,AL,ASO,ES,Combined TRACON& Tower with Radar,1,23,21,89,134,0,8,37,19,64,1,31,58,108,198,42,96,138,336
11/05/2020,MGM,AL,ASO,ES,Combined TRACON& Tower with Radar,2,15,22,88,127,0,7,36,21,64,2,22,58,109,191,50,58,108,299
11/06/2020,MGM,AL,ASO,ES,Combined TRACON& Tower with Radar,0,14,23,52,89,0,6,64,17,87,0,20,87,69,176,68,50,118,294
11/07/2020,MGM,AL,ASO,ES,Combined TRACON& Tower with Radar,0,14,28,37,79,0,2,7,14,23,0,16,35,51,102,38,0,38,140
11/08/2020,MGM,AL,ASO,ES,Combined TRACON& Tower with Radar,0,16,21,32,69,0,2,13,10,25,0,18,34,42,94,16,15,31,125
11/09/2020,MGM,AL,ASO,ES,Combined TRACON& Tower with Radar,0,26,30,97,153,0,3,22,3,28,0,29,52,100,181,36,62,98,279
11/10/2020,MGM,AL,ASO,ES,Combined TRACON& Tower with Radar,2,17,30,49,98,0,1,5,4,10,2,18,35,53,108,20,26,46,154
11/11/2020,MGM,AL,ASO,ES,Combined TRACON& Tower with Radar,0,20,9,3,32,0,1,7,3,11,0,21,16,6,43,8,0,8,51
11/12/2020,MGM,AL,ASO,ES,Combined TRACON& Tower with Radar,0,17,19,70,106,0,0,3,3,6,0,17,22,73,112,0,3,3,115
11/13/2020,MGM,AL,ASO,ES,Combined TRACON& Tower with Radar,0,19,30,64,113,0,0,50,9,59,0,19,80,73,172,46,42,88,260
11/14/2020,MGM,AL,ASO,ES,Combined TRACON& Tower with Radar,0,18,15,16,49,0,0,65,11,76,0,18,80,27,125,102,6,108,233
11/15/2020,MGM,AL,ASO,ES,Combined TRACON& Tower with Radar,1,17,25,8,51,0,0,15,5,20,1,17,40,13,71,0,0,0,71
11/16/2020,MGM,AL,ASO,ES,Combined TRACON& Tower with Radar,0,17,19,90,126,0,5,42,10,57,0,22,61,100,183,32,80,112,295
11/17/2020,MGM,AL,ASO,ES,Combined TRACON& Tower with Radar,1,23,16,108,148,0,10,36,20,66,1,33,52,128,214,24,40,64,278
11/18/2020,MGM,AL,ASO,ES,Combined TRACON& Tower with Radar,0,18,19,98,135,0,12,81,17,110,0,30,100,115,245,59,51,110,355
11/19/2020,MGM,AL,ASO,ES,Combined TRACON& Tower with Radar,0,20,14,57,91,0,1,68,22,91,0,21,82,79,182,56,62,118,300
11/20/2020,MGM,AL,ASO,ES,Combined TRACON& Tower with Radar,3,18,33,66,120,0,2,55,20,77,3,20,88,86,197,8,44,52,249
11/21/2020,MGM,AL,ASO,ES,Combined TRACON& Tower with Radar,1,19,21,5,46,0,2,61,2,65,1,21,82,7,111,88,0,88,199
11/22/2020,MGM,AL,ASO,ES,Combined TRACON& Tower with Radar,0,22,19,49,90,0,0,35,4,39,0,22,54,53,129,6,6,12,141
11/23/2020,MGM,AL,ASO,ES,Combined TRACON& Tower with Radar,0,16,25,41,82,0,0,33,4,37,0,16,58,45,119,42,24,66,185
11/24/2020,MGM,AL,ASO,ES,Combined TRACON& Tower with Radar,2,19,20,83,124,0,3,45,10,58,2,22,65,93,182,32,26,58,240
11/25/2020,MGM,AL,ASO,ES,Combined TRACON& Tower with Radar,0,23,18,26,67,0,0,12,3,15,0,23,30,29,82,26,22,48,130
11/26/2020,MGM,AL,ASO,ES,Combined TRACON& Tower with Radar,0,13,7,0,20,0,0,1,0,1,0,13,8,0,21,0,0,0,21
11/27/2020,MGM,AL,ASO,ES,Combined TRACON& Tower with Radar,0,19,32,0,51,0,0,8,0,8,0,19,40,0,59,34,0,34,93
11/28/2020,MGM,AL,ASO,ES,Combined TRACON& Tower with Radar,0,19,20,0,39,0,1,9,0,10,0,20,29,0,49,2,0,2,51
11/29/2020,MGM,AL,ASO,ES,Combined TRACON& Tower with Radar,0,24,12,0,36,0,0,1,0,1,0,24,13,0,37,0,0,0,37
11/30/2020,MGM,AL,ASO,ES,Combined TRACON& Tower with Radar,0,18,9,60,87,0,2,4,2,8,0,20,13,62,95,0,14,14,109
12/01/2020,MGM,AL,ASO,ES,Combined TRACON& Tower with Radar,2,19,41,101,163,0,0,49,19,68,2,19,90,120,231,32,44,76,307
12/02/2020,MGM,AL,ASO,ES,Combined TRACON& Tower with Radar,1,20,12,105,138,0,5,32,18,55,1,25,44,123,193,34,68,102,295
12/03/2020,MGM,AL,ASO,ES,Combined TRACON& Tower with Radar,1,18,12,116,147,0,7,33,17,57,1,25,45,133,204,14,72,86,290
12/04/2020,MGM,AL,ASO,ES,Combined TRACON& Tower with Radar,4,15,23,65,107,0,0,0,5,5,4,15,23,70,112,0,0,0,112
12/05/2020,MGM,AL,ASO,ES,Combined TRACON& Tower with Radar,5,15,21,18,59,0,0,57,10,67,5,15,78,28,126,6,62,68,194
12/06/2020,MGM,AL,ASO,ES,Combined TRACON& Tower with Radar,2,16,16,15,49,0,2,32,12,46,2,18,48,27,95,10,54,64,159
12/07/2020,MGM,AL,ASO,ES,Combined TRACON& Tower with Radar,2,25,16,68,111,0,0,8,7,15,2,25,24,75,126,20,34,54,180
12/08/2020,MGM,AL,ASO,ES,Combined TRACON& Tower with Radar,2,19,20,72,113,0,2,42,14,58,2,21,62,86,171,46,60,106,277
12/09/2020,MGM,AL,ASO,ES,Combined TRACON& Tower with Radar,2,21,33,71,127,0,2,42,20,64,2,23,75,91,191,32,30,62,253
12/10/2020,MGM,AL,ASO,ES,Combined TRACON& Tower with Radar,2,15,24,121,162,0,0,48,31,79,2,15,72,152,241,70,79,149,390
12/11/2020,MGM,AL,ASO,ES,Combined TRACON& Tower with Radar,4,15,14,60,93,0,1,25,14,40,4,16,39,74,133,40,48,88,221
12/12/2020,MGM,AL,ASO,ES,Combined TRACON& Tower with Radar,4,19,11,10,44,0,2,15,0,17,4,21,26,10,61,0,0,0,61
12/13/2020,MGM,AL,ASO,ES,Combined TRACON& Tower with Radar,2,16,18,12,48,0,0,2,0,2,2,16,20,12,50,0,0,0,50
12/14/2020,MGM,AL,ASO,ES,Combined TRACON& Tower with Radar,2,18,21,74,115,0,4,8,3,15,2,22,29,77,130,20,80,100,230
12/15/2020,MGM,AL,ASO,ES,Combined TRACON& Tower with Radar,2,20,20,84,126,0,6,33,24,63,2,26,53,108,189,30,136,166,355
12/16/2020,MGM,AL,ASO,ES,Combined TRACON& Tower with Radar,2,22,17,16,57,0,1,0,1,2,2,23,17,17,59,0,0,0,59
12/17/2020,MGM,AL,ASO,ES,Combined TRACON& Tower with Radar,1,21,17,30,69,0,1,18,9,28,1,22,35,39,97,46,38,84,181
12/18/2020,MGM,AL,ASO,ES,Combined TRACON& Tower with Radar,1,21,21,70,113,0,6,31,13,50,1,27,52,83,163,32,40,72,235
12/19/2020,MGM,AL,ASO,ES,Combined TRACON& Tower with Radar,0,16,20,16,52,0,3,29,3,35,0,19,49,19,87,14,0,14,101
12/20/2020,MGM,AL,ASO,ES,Combined TRACON& Tower with Radar,0,18,10,17,45,0,0,6,0,6,0,18,16,17,51,10,0,10,61
12/21/2020,MGM,AL,ASO,ES,Combined TRACON& Tower with Radar,2,17,14,14,47,0,0,18,2,20,2,17,32,16,67,0,0,0,67
12/22/2020,MGM,AL,ASO,ES,Combined TRACON& Tower with Radar,1,22,16,49,88,0,0,34,3,37,1,22,50,52,125,34,58,92,217
12/23/2020,MGM,AL,ASO,ES,Combined TRACON& Tower with Radar,5,21,7,18,51,0,0,22,0,22,5,21,29,18,73,20,24,44,117
12/24/2020,MGM,AL,ASO,ES,Combined TRACON& Tower with Radar,0,12,2,0,14,0,0,0,0,0,0,12,2,0,14,0,0,0,14
12/25/2020,MGM,AL,ASO,ES,Combined TRACON& Tower with Radar,4,15,4,0,23,0,0,3,0,3,4,15,7,0,26,0,0,0,26
12/26/2020,MGM,AL,ASO,ES,Combined TRACON& Tower with Radar,0,16,22,0,38,0,1,25,0,26,0,17,47,0,64,10,0,10,74
12/27/2020,MGM,AL,ASO,ES,Combined TRACON& Tower with Radar,0,16,10,0,26,0,1,28,0,29,0,17,38,0,55,28,0,28,83
12/28/2020,MGM,AL,ASO,ES,Combined TRACON& Tower with Radar,0,16,3,12,31,0,7,14,3,24,0,23,17,15,55,16,9,25,80
12/29/2020,MGM,AL,ASO,ES,Combined TRACON& Tower with Radar,0,18,13,40,71,0,2,25,10,37,0,20,38,50,108,36,20,56,164
12/30/2020,MGM,AL,ASO,ES,Combined TRACON& Tower with Radar,0,18,11,36,65,0,0,16,6,22,0,18,27,42,87,12,30,42,129
12/31/2020,MGM,AL,ASO,ES,Combined TRACON& Tower with Radar,2,16,12,0,30,0,0,1,0,1,2,16,13,0,31,0,0,0,31
01/01/2021,MGM,AL,ASO,ES,Combined TRACON& Tower with Radar,0,14,3,0,17,0,0,4,0,4,0,14,7,0,21,0,0,0,21
01/02/2021,MGM,AL,ASO,ES,Combined TRACON& Tower with Radar,0,18,20,0,38,0,0,27,0,27,0,18,47,0,65,90,0,90,155
01/03/2021,MGM,AL,ASO,ES,Combined TRACON& Tower with Radar,0,20,9,0,29,0,2,28,0,30,0,22,37,0,59,48,0,48,107
01/04/2021,MGM,AL,ASO,ES,Combined TRACON& Tower with Radar,0,16,11,19,46,0,1,40,1,42,0,17,51,20,88,18,4,22,110
01/05/2021,MGM,AL,ASO,ES,Combined TRACON& Tower with Radar,0,15,21,46,82,0,1,23,6,30,0,16,44,52,112,40,34,74,186
01/06/2021,MGM,AL,ASO,ES,Combined TRACON& Tower with Radar,0,15,13,82,110,0,4,41,21,66,0,19,54,103,176,40,68,108,284
01/07/2021,MGM,AL,ASO,ES,Combined TRACON& Tower with Radar,0,16,12,26,54,0,2,1,2,5,0,18,13,28,59,0,0,0,59
01/08/2021,MGM,AL,ASO,ES,Combined TRACON& Tower with Radar,0,16,25,16,57,0,0,3,3,6,0,16,28,19,63,16,36,52,115
01/09/2021,MGM,AL,ASO,ES,Combined TRACON& Tower with Radar,0,18,7,28,53,0,0,19,7,26,0,18,26,35,79,16,5,21,100
01/10/2021,MGM,AL,ASO,ES,Combined TRACON& Tower with Radar,0,19,14,37,70,0,0,36,6,42,0,19,50,43,112,10,18,28,140
01/11/2021,MGM,AL,ASO,ES,Combined TRACON& Tower with Radar,2,20,9,10,41,0,0,0,0,0,2,20,9,10,41,0,0,0,41
01/12/2021,MGM,AL,ASO,ES,Combined TRACON& Tower with Radar,0,19,17,52,88,0,2,1,0,3,0,21,18,52,91,8,18,26,117
01/13/2021,MGM,AL,ASO,ES,Combined TRACON& Tower with Radar,0,16,8,66,90,0,5,39,10,54,0,21,47,76,144,10,24,34,178
01/14/2021,MGM,AL,ASO,ES,Combined TRACON& Tower with Radar,0,20,18,73,111,0,3,45,15,63,0,23,63,88,174,20,46,66,240
01/15/2021,MGM,AL,ASO,ES,Combined TRACON& Tower with Radar,0,23,18,47,88,0,1,34,7,42,0,24,52,54,130,0,0,0,130
01/16/2021,MGM,AL,ASO,ES,Combined TRACON& Tower with Radar,0,14,28,9,51,0,1,40,0,41,0,15,68,9,92,18,0,18,110
01/17/2021,MGM,AL,ASO,ES,Combined TRACON& Tower with Radar,0,16,19,1,36,0,0,43,0,43,0,16,62,1,79,56,0,56,135
01/18/2021,MGM,AL,ASO,ES,Combined TRACON& Tower with Radar,2,16,33,5,56,0,0,61,1,62,2,16,94,6,118,36,0,36,154
01/19/2021,MGM,AL,ASO,ES,Combined TRACON& Tower with Radar,0,18,33,112,163,0,1,36,17,54,0,19,69,129,217,20,75,95,312
01/20/2021,MGM,AL,ASO,ES,Combined TRACON& Tower with Radar,0,14,34,68,116,0,0,32,19,51,0,14,66,87,167,2,34,36,203
01/21/2021,MGM,AL,ASO,ES,Combined TRACON& Tower with Radar,0,23,27,64,114,0,0,2,1,3,0,23,29,65,117,0,32,32,149
01/22/2021,MGM,AL,ASO,ES,Combined TRACON& Tower with Radar,0,18,18,30,66,0,0,0,1,1,0,18,18,31,67,0,6,6,73
01/23/2021,MGM,AL,ASO,ES,Combined TRACON& Tower with Radar,0,13,27,34,74,0,2,47,16,65,0,15,74,50,139,70,38,108,247
01/24/2021,MGM,AL,ASO,ES,Combined TRACON& Tower with Radar,0,21,27,51,99,0,1,14,2,17,0,22,41,53,116,6,2,8,124
01/25/2021,MGM,AL,ASO,ES,Combined TRACON& Tower with Radar,0,20,8,30,58,0,6,1,1,8,0,26,9,31,66,0,0,0,66
01/26/2021,MGM,AL,ASO,ES,Combined TRACON& Tower with Radar,0,20,31,76,127,0,0,9,9,18,0,20,40,85,145,12,146,158,303
01/27/2021,MGM,AL,ASO,ES,Combined TRACON& Tower with Radar,0,14,10,81,105,0,4,4,10,18,0,18,14,91,123,6,16,22,145
01/28/2021,MGM,AL,ASO,ES,Combined TRACON& Tower with Radar,0,18,32,54,104,0,0,37,24,61,0,18,69,78,165,38,117,155,320
01/29/2021,MGM,AL,ASO,ES,Combined TRACON& Tower with Radar,0,18,28,68,114,0,4,75,17,96,0,22,103,85,210,62,26,88,298
01/30/2021,MGM,AL,ASO,ES,Combined TRACON& Tower with Radar,0,11,16,6,33,0,3,40,8,51,0,14,56,14,84,64,0,64,148
01/31/2021,MGM,AL,ASO,ES,Combined TRACON& Tower with Radar,0,18,5,2,25,0,0,4,0,4,0,18,9,2,29,20,0,20,49
02/01/2021,MGM,AL,ASO,ES,Combined TRACON& Tower with Radar,0,17,9,51,77,0,0,3,0,3,0,17,12,51,80,4,52,56,136
02/02/2021,MGM,AL,ASO,ES,Combined TRACON& Tower with Radar,0,16,16,89,121,0,0,29,8,37,0,16,45,97,158,2,46,48,206
02/03/2021,MGM,AL,ASO,ES,Combined TRACON& Tower with Radar,0,14,43,69,126,0,1,43,4,48,0,15,86,73,174,92,38,130,304
02/04/2021,MGM,AL,ASO,ES,Combined TRACON& Tower with Radar,2,20,17,61,100,0,0,16,19,35,2,20,33,80,135,70,22,92,227
02/05/2021,MGM,AL,ASO,ES,Combined TRACON& Tower with Radar,0,17,24,65,106,0,3,26,15,44,0,20,50,80,150,6,40,46,196
02/06/2021,MGM,AL,ASO,ES,Combined TRACON& Tower with Radar,0,12,21,17,50,0,0,16,0,16,0,12,37,17,66,18,0,18,84
02/07/2021,MGM,AL,ASO,ES,Combined TRACON& Tower with Radar,0,15,11,46,72,0,2,28,11,41,0,17,39,57,113,18,8,26,139
02/08/2021,MGM,AL,ASO,ES,Combined TRACON& Tower with Radar,0,16,34,85,135,0,0,51,10,61,0,16,85,95,196,16,146,162,358
02/09/2021,MGM,AL,ASO,ES,Combined TRACON& Tower with Radar,0,17,27,101,145,0,0,6,0,6,0,17,33,101,151,46,76,122,273
02/10/2021,MGM,AL,ASO,ES,Combined TRACON& Tower with Radar,0,15,20,57,92,0,2,7,4,13,0,17,27,61,105,0,46,46,151
02/11/2021,MGM,AL,ASO,ES,Combined TRACON& Tower with Radar,1,22,4,8,35,0,0,0,0,0,1,22,4,8,35,0,12,12,47
02/12/2021,MGM,AL,ASO,ES,Combined TRACON& Tower with Radar,0,17,13,3,33,0,0,0,0,0,0,17,13,3,33,0,0,0,33
02/13/2021,MGM,AL,ASO,ES,Combined TRACON& Tower with Radar,0,14,8,1,23,0,0,0,0,0,0,14,8,1,23,0,0,0,23
02/14/2021,MGM,AL,ASO,ES,Combined TRACON& Tower with Radar,0,11,12,9,32,0,0,0,0,0,0,11,12,9,32,0,0,0,32
02/15/2021,MGM,AL,ASO,ES,Combined TRACON& Tower with Radar,0,15,4,0,19,0,0,0,0,0,0,15,4,0,19,0,0,0,19
02/16/2021,MGM,AL,ASO,ES,Combined TRACON& Tower with Radar,0,20,30,35,85,0,0,25,3,28,0,20,55,38,113,34,0,34,147
02/17/2021,MGM,AL,ASO,ES,Combined TRACON& Tower with Radar,0,16,31,93,140,0,5,26,13,44,0,21,57,106,184,52,128,180,364
02/18/2021,MGM,AL,ASO,ES,Combined TRACON& Tower with Radar,2,19,16,30,67,0,2,1,2,5,2,21,17,32,72,28,54,82,154
02/19/2021,MGM,AL,ASO,ES,Combined TRACON& Tower with Radar,0,20,17,81,118,0,2,23,4,29,0,22,40,85,147,6,17,23,170
02/20/2021,MGM,AL,ASO,ES,Combined TRACON& Tower with Radar,0,12,6,14,32,0,1,50,1,52,0,13,56,15,84,4,0,4,88
02/21/2021,MGM,AL,ASO,ES,Combined TRACON& Tower with Radar,0,19,18,12,49,0,2,43,0,45,0,21,61,12,94,0,0,0,94
02/22/2021,MGM,AL,ASO,ES,Combined TRACON& Tower with Radar,0,20,17,33,70,0,0,16,3,19,0,20,33,36,89,24,64,88,177
02/23/2021,MGM,AL,ASO,ES,Combined TRACON& Tower with Radar,0,26,23,60,109,0,6,34,11,51,0,32,57,71,160,30,72,102,262
02/24/2021,MGM,AL,ASO,ES,Combined TRACON& Tower with Radar,0,19,16,57,92,0,13,46,15,74,0,32,62,72,166,60,34,94,260
02/25/2021,MGM,AL,ASO,ES,Combined TRACON& Tower with Radar,0,23,30,50,103,0,13,38,21,72,0,36,68,71,175,64,56,120,295
02/26/2021,MGM,AL,ASO,ES,Combined TRACON& Tower with Radar,0,22,21,83,126,0,6,16,12,34,0,28,37,95,160,12,52,64,224
02/27/2021,MGM,AL,ASO,ES,Combined TRACON& Tower with Radar,0,17,11,8,36,0,0,13,3,16,0,17,24,11,52,16,0,16,68
02/28/2021,MGM,AL,ASO,ES,Combined TRACON& Tower with Radar,0,23,11,7,41,0,3,6,1,10,0,26,17,8,51,0,0,0,51
03/01/2021,MGM,AL,ASO,ES,Combined TRACON& Tower with Radar,0,19,17,35,71,0,2,6,1,9,0,21,23,36,80,0,20,20,100
03/02/2021,MGM,AL,ASO,ES,Combined TRACON& Tower with Radar,0,14,21,9,44,0,0,0,0,0,0,14,21,9,44,0,0,0,44
03/03/2021,MGM,AL,ASO,ES,Combined TRACON& Tower with Radar,0,21,33,86,140,0,5,34,31,70,0,26,67,117,210,18,118,136,346
03/04/2021,MGM,AL,ASO,ES,Combined TRACON& Tower with Radar,2,25,15,85,127,0,1,32,24,57,2,26,47,109,184,42,104,146,330
03/05/2021,MGM,AL,ASO,ES,Combined TRACON& Tower with Radar,0,24,25,69,118,0,9,43,22,74,0,33,68,91,192,22,34,56,248
03/06/2021,MGM,AL,ASO,ES,Combined TRACON& Tower with Radar,0,16,6,35,57,0,5,52,20,77,0,21,58,55,134,16,6,22,156
03/07/2021,MGM,AL,ASO,ES,Combined TRACON& Tower with Radar,2,24,17,16,59,0,1,32,3,36,2,25,49,19,95,58,34,92,187
03/08/2021,MGM,AL,ASO,ES,Combined TRACON& Tower with Radar,0,20,29,40,89,0,3,55,11,69,0,23,84,51,158,116,4,120,278
03/09/2021,MGM,AL,ASO,ES,Combined TRACON& Tower with Radar,0,20,19,72,111,0,2,25,17,44,0,22,44,89,155,50,52,102,257
03/10/2021,MGM,AL,ASO,ES,Combined TRACON& Tower with Radar,0,17,33,49,99,0,2,39,5,46,0,19,72,54,145,14,60,74,219
03/11/2021,MGM,AL,ASO,ES,Combined TRACON& Tower with Radar,0,20,25,33,78,0,3,40,25,68,0,23,65,58,146,54,64,118,264
03/12/2021,MGM,AL,ASO,ES,Combined TRACON& Tower with Radar,0,24,28,43,95,0,2,45,14,61,0,26,73,57,156,48,16,64,220
03/13/2021,MGM,AL,ASO,ES,Combined TRACON& Tower with Radar,0,14,15,10,39,0,1,46,2,49,0,15,61,12,88,34,0,34,122
03/14/2021,MGM,AL,ASO,ES,Combined TRACON& Tower with Radar,0,24,16,18,58,0,8,38,9,55,0,32,54,27,113,40,0,40,153
03/15/2021,MGM,AL,ASO,ES,Combined TRACON& Tower with Radar,0,20,27,46,93,0,5,5,3,13,0,25,32,49,106,0,12,12,118
03/16/2021,MGM,AL,ASO,ES,Combined TRACON& Tower with Radar,2,16,21,10,49,0,1,0,1,2,2,17,21,11,51,0,10,10,61
03/17/2021,MGM,AL,ASO,ES,Combined TRACON& Tower with Radar,0,14,7,12,33,0,0,1,0,1,0,14,8,12,34,6,0,6,40
03/18/2021,MGM,AL,ASO,ES,Combined TRACON& Tower with Radar,0,27,10,64,101,0,9,12,14,35,0,36,22,78,136,34,69,103,239
03/19/2021,MGM,AL,ASO,ES,Combined TRACON& Tower with Radar,0,22,28,28,78,0,8,17,12,37,0,30,45,40,115,22,8,30,145
03/20/2021,MGM,AL,ASO,ES,Combined TRACON& Tower with Radar,0,16,23,10,49,0,0,29,6,35,0,16,52,16,84,44,16,60,144
03/21/2021,MGM,AL,ASO,ES,Combined TRACON& Tower with Radar,0,24,18,25,67,0,0,10,6,16,0,24,28,31,83,56,10,66,149
03/22/2021,MGM,AL,ASO,ES,Combined TRACON& Tower with Radar,2,26,37,27,92,0,8,53,8,69,2,34,90,35,161,28,102,130,291
03/23/2021,MGM,AL,ASO,ES,Combined TRACON& Tower with Radar,2,22,21,58,103,0,4,15,3,22,2,26,36,61,125,40,80,120,245
03/24/2021,MGM,AL,ASO,ES,Combined TRACON& Tower with Radar,0,19,21,69,109,0,4,12,11,27,0,23,33,80,136,32,66,98,234
03/25/2021,MGM,AL,ASO,ES,Combined TRACON& Tower with Radar,2,24,6,9,41,0,1,0,2,3,2,25,6,11,44,0,0,0,44
03/26/2021,MGM,AL,ASO,ES,Combined TRACON& Tower with Radar,2,28,30,18,78,0,5,10,2,17,2,33,40,20,95,12,16,28,123
03/27/2021,MGM,AL,ASO,ES,Combined TRACON& Tower with Radar,0,18,22,5,45,0,2,15,1,18,0,20,37,6,63,0,0,0,63
03/28/2021,MGM,AL,ASO,ES,Combined TRACON& Tower with Radar,0,25,10,10,45,0,0,1,0,1,0,25,11,10,46,0,0,0,46
03/29/2021,MGM,AL,ASO,ES,Combined TRACON& Tower with Radar,0,24,44,34,102,0,5,42,3,50,0,29,86,37,152,64,36,100,252
03/30/2021,MGM,AL,ASO,ES,Combined TRACON& Tower with Radar,0,26,22,74,122,0,1,25,8,34,0,27,47,82,156,20,63,83,239
03/31/2021,MGM,AL,ASO,ES,Combined TRACON& Tower with Radar,0,19,14,9,42,0,0,4,3,7,0,19,18,12,49,0,18,18,67
04/01/2021,MGM,AL,ASO,ES,Combined TRACON& Tower with Radar,0,18,30,28,76,0,6,17,14,37,0,24,47,42,113,42,8,50,163
04/02/2021,MGM,AL,ASO,ES,Combined TRACON& Tower with Radar,1,21,25,7,54,0,6,42,3,51,1,27,67,10,105,26,0,26,131
04/03/2021,MGM,AL,ASO,ES,Combined TRACON& Tower with Radar,0,16,15,0,31,0,2,62,0,64,0,18,77,0,95,54,0,54,149
04/04/2021,MGM,AL,ASO,ES,Combined TRACON& Tower with Radar,2,16,14,0,32,0,2,25,0,27,2,18,39,0,59,4,0,4,63
04/05/2021,MGM,AL,ASO,ES,Combined TRACON& Tower with Radar,4,19,17,71,111,0,6,67,8,81,4,25,84,79,192,90,86,176,368
04/06/2021,MGM,AL,ASO,ES,Combined TRACON& Tower with Radar,2,25,27,37,91,0,8,62,7,77,2,33,89,44,168,58,18,76,244
04/07/2021,MGM,AL,ASO,ES,Combined TRACON& Tower with Radar,2,20,16,38,76,0,10,41,14,65,2,30,57,52,141,28,51,79,220
04/08/2021,MGM,AL,ASO,ES,Combined TRACON& Tower with Radar,2,22,9,40,73,0,5,8,8,21,2,27,17,48,94,16,65,81,175
04/09/2021,MGM,AL,ASO,ES,Combined TRACON& Tower with Radar,2,23,9,6,40,0,0,0,0,0,2,23,9,6,40,16,0,16,56
04/10/2021,MGM,AL,ASO,ES,Combined TRACON& Tower with Radar,0,22,6,3,31,0,0,6,4,10,0,22,12,7,41,4,0,4,45
04/11/2021,MGM,AL,ASO,ES,Combined TRACON& Tower with Radar,3,21,24,22,70,0,3,47,24,74,3,24,71,46,144,72,6,78,222
04/12/2021,MGM,AL,ASO,ES,Combined TRACON& Tower with Radar,5,17,31,21,74,0,3,48,10,61,5,20,79,31,135,70,0,70,205
04/13/2021,MGM,AL,ASO,ES,Combined TRACON& Tower with Radar,6,16,18,75,115,0,9,52,22,83,6,25,70,97,198,26,82,108,306
04/14/2021,MGM,AL,ASO,ES,Combined TRACON& Tower with Radar,8,17,21,50,96,0,0,18,3,21,8,17,39,53,117,22,36,58,175
04/15/2021,MGM,AL,ASO,ES,Combined TRACON& Tower with Radar,4,21,42,50,117,0,2,27,16,45,4,23,69,66,162,26,108,134,296
04/16/2021,MGM,AL,ASO,ES,Combined TRACON& Tower with Radar,4,20,32,144,200,0,7,35,16,58,4,27,67,160,258,16,18,34,292
04/17/2021,MGM,AL,ASO,ES,Combined TRACON& Tower with Radar,2,15,21,17,55,0,0,5,4,9,2,15,26,21,64,18,0,18,82
04/18/2021,MGM,AL,ASO,ES,Combined TRACON& Tower with Radar,4,20,26,35,85,0,0,35,12,47,4,20,61,47,132,10,0,10,142
04/19/2021,MGM,AL,ASO,ES,Combined TRACON& Tower with Radar,4,20,14,47,85,0,4,27,13,44,4,24,41,60,129,38,58,96,225
04/20/2021,MGM,AL,ASO,ES,Combined TRACON& Tower with Radar,6,14,13,70,103,0,4,47,17,68,6,18,60,87,171,18,104,122,293
04/21/2021,MGM,AL,ASO,ES,Combined TRACON& Tower with Radar,6,14,14,73,107,0,5,36,13,54,6,19,50,86,161,32,78,110,271
04/22/2021,MGM,AL,ASO,ES,Combined TRACON& Tower with Radar,6,21,30,70,127,0,3,69,19,91,6,24,99,89,218,16,36,52,270
04/23/2021,MGM,AL,ASO,ES,Combined TRACON& Tower with Radar,4,17,34,40,95,0,6,41,12,59,4,23,75,52,154,20,8,28,182
04/24/2021,MGM,AL,ASO,ES,Combined TRACON& Tower with Radar,4,18,1,0,23,0,0,0,0,0,4,18,1,0,23,0,0,0,23
04/25/2021,MGM,AL,ASO,ES,Combined TRACON& Tower with Radar,4,21,19,19,63,0,1,45,1,47,4,22,64,20,110,48,16,64,174
04/26/2021,MGM,AL,ASO,ES,Combined TRACON& Tower with Radar,4,19,20,47,90,0,2,40,12,54,4,21,60,59,144,18,16,34,178
04/27/2021,MGM,AL,ASO,ES,Combined TRACON& Tower with Radar,4,19,24,61,108,0,6,39,13,58,4,25,63,74,166,28,28,56,222
04/28/2021,MGM,AL,ASO,ES,Combined TRACON& Tower with Radar,4,19,32,87,142,0,7,46,11,64,4,26,78,98,206,16,92,108,314
04/29/2021,MGM,AL,ASO,ES,Combined TRACON& Tower with Radar,4,33,29,67,133,0,3,21,13,37,4,36,50,80,170,18,50,68,238
04/30/2021,MGM,AL,ASO,ES,Combined TRACON& Tower with Radar,8,21,24,112,165,0,1,16,16,33,8,22,40,128,198,12,109,121,319
05/01/2021,MGM,AL,ASO,ES,Combined TRACON& Tower with Radar,2,16,10,0,28,0,4,52,2,58,2,20,62,2,86,76,20,96,182
05/02/2021,MGM,AL,ASO,ES,Combined TRACON& Tower with Radar,4,20,11,10,45,0,2,8,4,14,4,22,19,14,59,0,0,0,59
05/03/2021,MGM,AL,ASO,ES,Combined TRACON& Tower with Radar,3,16,10,14,43,0,5,1,2,8,3,21,11,16,51,0,0,0,51
05/04/2021,MGM,AL,ASO,ES,Combined TRACON& Tower with Radar,13,19,15,20,67,0,0,3,1,4,13,19,18,21,71,2,18,20,91
05/05/2021,MGM,AL,ASO,ES,Combined TRACON& Tower with Radar,4,21,26,36,87,0,4,5,0,9,4,25,31,36,96,6,2,8,104
05/06/2021,MGM,AL,ASO,ES,Combined TRACON& Tower with Radar,2,23,25,95,145,0,5,36,16,57,2,28,61,111,202,40,172,212,414
05/07/2021,MGM,AL,ASO,ES,Combined TRACON& Tower with Radar,2,21,25,60,108,0,7,41,17,65,2,28,66,77,173,44,34,78,251
05/08/2021,MGM,AL,ASO,ES,Combined TRACON& Tower with Radar,0,22,19,23,64,0,8,42,1,51,0,30,61,24,115,6,0,6,121
05/09/2021,MGM,AL,ASO,ES,Combined TRACON& Tower with Radar,2,27,11,33,73,0,0,17,6,23,2,27,28,39,96,6,4,10,106
05/10/2021,MGM,AL,ASO,ES,Combined TRACON& Tower with Radar,2,28,8,20,58,0,2,5,0,7,2,30,13,20,65,14,0,14,79
05/11/2021,MGM,AL,ASO,ES,Combined TRACON& Tower with Radar,1,23,19,24,67,0,0,5,1,6,1,23,24,25,73,28,46,74,147
05/12/2021,MGM,AL,ASO,ES,Combined TRACON& Tower with Radar,2,19,27,62,110,0,0,2,2,4,2,19,29,64,114,0,3,3,117
05/13/2021,MGM,AL,ASO,ES,Combined TRACON& Tower with Radar,2,28,32,73,135,0,9,41,10,60,2,37,73,83,195,52,32,84,279
05/14/2021,MGM,AL,ASO,ES,Combined TRACON& Tower with Radar,2,19,26,42,89,0,0,37,16,53,2,19,63,58,142,10,36,46,188
05/15/2021,MGM,AL,ASO,ES,Combined TRACON& Tower with Radar,0,17,11,13,41,0,0,56,4,60,0,17,67,17,101,46,22,68,169
05/16/2021,MGM,AL,ASO,ES,Combined TRACON& Tower with Radar,2,23,28,20,73,0,2,40,12,54,2,25,68,32,127,28,6,34,161
05/17/2021,MGM,AL,ASO,ES,Combined TRACON& Tower with Radar,8,18,34,107,167,0,9,32,12,53,8,27,66,119,220,36,100,136,356
05/18/2021,MGM,AL,ASO,ES,Combined TRACON& Tower with Radar,2,18,39,116,175,0,4,34,12,50,2,22,73,128,225,8,78,86,311
05/19/2021,MGM,AL,ASO,ES,Combined TRACON& Tower with Radar,2,24,37,91,154,0,1,32,7,40,2,25,69,98,194,18,104,122,316
05/20/2021,MGM,AL,ASO,ES,Combined TRACON& Tower with Radar,4,22,29,80,135,0,12,15,19,46,4,34,44,99,181,68,68,136,317
05/21/2021,MGM,AL,ASO,ES,Combined TRACON& Tower with Radar,2,22,23,88,135,0,2,40,13,55,2,24,63,101,190,60,50,110,300
05/22/2021,MGM,AL,ASO,ES,Combined TRACON& Tower with Radar,0,17,9,0,26,0,4,25,2,31,0,21,34,2,57,46,1,47,104
05/23/2021,MGM,AL,ASO,ES,Combined TRACON& Tower with Radar,2,19,15,47,83,0,0,23,16,39,2,19,38,63,122,16,0,16,138
05/24/2021,MGM,AL,ASO,ES,Combined TRACON& Tower with Radar,4,20,22,71,117,0,0,43,11,54,4,20,65,82,171,52,18,70,241
05/25/2021,MGM,AL,ASO,ES,Combined TRACON& Tower with Radar,2,23,28,36,89,0,5,56,3,64,2,28,84,39,153,20,28,48,201
05/26/2021,MGM,AL,ASO,ES,Combined TRACON& Tower with Radar,2,29,32,103,166,0,2,25,18,45,2,31,57,121,211,10,38,48,259
05/27/2021,MGM,AL,ASO,ES,Combined TRACON& Tower with Radar,2,23,30,28,83,0,8,16,2,26,2,31,46,30,109,22,16,38,147
05/28/2021,MGM,AL,ASO,ES,Combined TRACON& Tower with Radar,3,18,19,10,50,0,1,19,0,20,3,19,38,10,70,26,0,26,96
05/29/2021,MGM,AL,ASO,ES,Combined TRACON& Tower with Radar,1,19,10,0,30,0,6,26,1,33,1,25,36,1,63,20,0,20,83
05/30/2021,MGM,AL,ASO,ES,Combined TRACON& Tower with Radar,1,19,7,0,27,0,2,20,0,22,1,21,27,0,49,2,0,2,51
05/31/2021,MGM,AL,ASO,ES,Combined TRACON& Tower with Radar,4,16,9,3,32,0,2,38,3,43,4,18,47,6,75,74,0,74,149
06/01/2021,MGM,AL,ASO,ES,Combined TRACON& Tower with Radar,4,21,36,35,96,0,4,31,5,40,4,25,67,40,136,0,20,20,156
06/02/2021,MGM,AL,ASO,ES,Combined TRACON& Tower with Radar,2,26,29,86,143,0,6,27,13,46,2,32,56,99,189,16,60,76,265
06/03/2021,MGM,AL,ASO,ES,Combined TRACON& Tower with Radar,7,10,40,38,95,0,5,9,0,14,7,15,49,38,109,14,22,36,145
06/04/2021,MGM,AL,ASO,ES,Combined TRACON& Tower with Radar,9,13,25,76,123,0,3,8,5,16,9,16,33,81,139,6,8,14,153
06/05/2021,MGM,AL,ASO,ES,Combined TRACON& Tower with Radar,10,15,16,26,67,0,2,15,11,28,10,17,31,37,95,8,10,18,113
06/06/2021,MGM,AL,ASO,ES,Combined TRACON& Tower with Radar,8,17,22,10,57,0,1,4,1,6,8,18,26,11,63,38,0,38,101
06/07/2021,MGM,AL,ASO,ES,Combined TRACON& Tower with Radar,9,15,8,37,69,0,2,8,3,13,9,17,16,40,82,0,110,110,192
06/08/2021,MGM,AL,ASO,ES,Combined TRACON& Tower with Radar,8,25,28,28,89,0,1,5,5,11,8,26,33,33,100,24,14,38,138
06/09/2021,MGM,AL,ASO,ES,Combined TRACON& Tower with Radar,7,12,28,30,77,0,3,19,6,28,7,15,47,36,105,12,22,34,139
06/10/2021,MGM,AL,ASO,ES,Combined TRACON& Tower with Radar,8,18,19,17,62,0,4,12,11,27,8,22,31,28,89,34,16,50,139
06/11/2021,MGM,AL,ASO,ES,Combined TRACON& Tower with Radar,11,20,29,20,80,0,9,20,23,52,11,29,49,43,132,6,8,14,146
06/12/2021,MGM,AL,ASO,ES,Combined TRACON& Tower with Radar,12,11,22,6,51,0,4,9,7,20,12,15,31,13,71,46,12,58,129
06/13/2021,MGM,AL,ASO,ES,Combined TRACON& Tower with Radar,10,19,24,27,80,0,0,37,34,71,10,19,61,61,151,40,46,86,237
06/14/2021,MGM,AL,ASO,ES,Combined TRACON& Tower with Radar,9,13,18,14,54,0,7,32,2,41,9,20,50,16,95,26,12,38,133
06/15/2021,MGM,AL,ASO,ES,Combined TRACON& Tower with Radar,9,14,30,71,124,0,7,62,12,81,9,21,92,83,205,74,3,77,282
06/16/2021,MGM,AL,ASO,ES,Combined TRACON& Tower with Radar,8,16,23,46,93,0,11,68,11,90,8,27,91,57,183,16,27,43,226
06/17/2021,MGM,AL,ASO,ES,Combined TRACON& Tower with Radar,7,20,46,62,135,0,4,80,24,108,7,24,126,86,243,48,54,102,345
06/18/2021,MGM,AL,ASO,ES,Combined TRACON& Tower with Radar,9,20,21,3,53,0,0,16,0,16,9,20,37,3,69,18,0,18,87
06/19/2021,MGM,AL,ASO,ES,Combined TRACON& Tower with Radar,13,12,8,0,33,0,0,0,0,0,13,12,8,0,33,0,0,0,33
06/20/2021,MGM,AL,ASO,ES,Combined TRACON& Tower with Radar,9,17,9,0,35,0,1,3,1,5,9,18,12,1,40,0,0,0,40
06/21/2021,MGM,AL,ASO,ES,Combined TRACON& Tower with Radar,10,15,19,24,68,0,0,8,5,13,10,15,27,29,81,54,58,112,193
06/22/2021,MGM,AL,ASO,ES,Combined TRACON& Tower with Radar,9,20,29,48,106,0,1,10,3,14,9,21,39,51,120,24,4,28,148
06/23/2021,MGM,AL,ASO,ES,Combined TRACON& Tower with Radar,8,12,20,124,164,0,0,61,34,95,8,12,81,158,259,42,110,152,411
06/24/2021,MGM,AL,ASO,ES,Combined TRACON& Tower with Radar,8,23,27,78,136,0,8,29,15,52,8,31,56,93,188,46,72,118,306
06/25/2021,MGM,AL,ASO,ES,Combined TRACON& Tower with Radar,9,15,27,91,142,0,11,32,21,64,9,26,59,112,206,4,44,48,254
06/26/2021,MGM,AL,ASO,ES,Combined TRACON& Tower with Radar,11,14,24,1,50,0,3,31,0,34,11,17,55,1,84,24,2,26,110
06/27/2021,MGM,AL,ASO,ES,Combined TRACON& Tower with Radar,9,16,12,18,55,0,0,7,7,14,9,16,19,25,69,0,0,0,69
06/28/2021,MGM,AL,ASO,ES,Combined TRACON& Tower with Radar,9,23,28,101,161,0,13,42,10,65,9,36,70,111,226,60,54,114,340
06/29/2021,MGM,AL,ASO,ES,Combined TRACON& Tower with Radar,8,19,26,17,70,0,6,37,2,45,8,25,63,19,115,48,4,52,167
06/30/2021,MGM,AL,ASO,ES,Combined TRACON& Tower with Radar,10,13,24,49,96,0,2,22,12,36,10,15,46,61,132,40,44,84,216
07/01/2021,MGM,AL,ASO,ES,Combined TRACON& Tower with Radar,12,18,43,44,117,0,3,15,5,23,12,21,58,49,140,46,14,60,200
07/02/2021,MGM,AL,ASO,ES,Combined TRACON& Tower with Radar,6,20,11,5,42,0,0,0,0,0,6,20,11,5,42,0,0,0,42
07/03/2021,MGM,AL,ASO,ES,Combined TRACON& Tower with Radar,10,13,3,2,28,0,3,27,2,32,10,16,30,4,60,46,0,46,106
07/04/2021,MGM,AL,ASO,ES,Combined TRACON& Tower with Radar,6,6,9,3,24,0,1,15,2,18,6,7,24,5,42,0,0,0,42
07/05/2021,MGM,AL,ASO,ES,Combined TRACON& Tower with Radar,10,18,21,6,55,0,1,9,0,10,10,19,30,6,65,0,2,2,67
07/06/2021,MGM,AL,ASO,ES,Combined TRACON& Tower with Radar,9,14,15,17,55,0,0,5,2,7,9,14,20,19,62,56,32,88,150
07/07/2021,MGM,AL,ASO,ES,Combined TRACON& Tower with Radar,9,20,28,61,118,0,2,5,1,8,9,22,33,62,126,10,14,24,150
07/08/2021,MGM,AL,ASO,ES,Combined TRACON& Tower with Radar,6,17,29,33,85,0,2,21,4,27,6,19,50,37,112,32,73,105,217
07/09/2021,MGM,AL,ASO,ES,Combined TRACON& Tower with Radar,16,14,11,55,96,0,3,38,8,49,16,17,49,63,145,32,60,92,237
07/10/2021,MGM,AL,ASO,ES,Combined TRACON& Tower with Radar,6,17,13,19,55,0,1,18,7,26,6,18,31,26,81,18,44,62,143
07/11/2021,MGM,AL,ASO,ES,Combined TRACON& Tower with Radar,7,14,14,19,54,0,2,13,3,18,7,16,27,22,72,0,26,26,98
07/12/2021,MGM,AL,ASO,ES,Combined TRACON& Tower with Radar,7,13,14,16,50,0,4,6,5,15,7,17,20,21,65,2,2,4,69
07/13/2021,MGM,AL,ASO,ES,Combined TRACON& Tower with Radar,6,21,23,33,83,0,12,27,8,47,6,33,50,41,130,38,50,88,218
07/14/2021,MGM,AL,ASO,ES,Combined TRACON& Tower with Radar,7,15,26,57,105,0,4,61,20,85,7,19,87,77,190,56,76,132,322
07/15/2021,MGM,AL,ASO,ES,Combined TRACON& Tower with Radar,9,25,22,59,115,0,3,32,11,46,9,28,54,70,161,14,96,110,271
07/16/2021,MGM,AL,ASO,ES,Combined TRACON& Tower with Radar,9,17,33,17,76,0,6,44,7,57,9,23,77,24,133,46,42,88,221
07/17/2021,MGM,AL,ASO,ES,Combined TRACON& Tower with Radar,9,14,16,26,65,0,0,32,4,36,9,14,48,30,101,40,40,80,181
07/18/2021,MGM,AL,ASO,ES,Combined TRACON& Tower with Radar,9,17,18,33,77,0,3,17,7,27,9,20,35,40,104,10,14,24,128
07/19/2021,MGM,AL,ASO,ES,Combined TRACON& Tower with Radar,6,16,20,0,42,0,1,6,0,7,6,17,26,0,49,4,0,4,53
07/20/2021,MGM,AL,ASO,ES,Combined TRACON& Tower with Radar,8,17,16,17,58,0,10,5,3,18,8,27,21,20,76,26,0,26,102
07/21/2021,MGM,AL,ASO,ES,Combined TRACON& Tower with Radar,10,14,27,40,91,0,3,7,16,26,10,17,34,56,117,22,0,22,139
07/22/2021,MGM,AL,ASO,ES,Combined TRACON& Tower with Radar,7,13,44,35,99,0,8,27,8,43,7,21,71,43,142,44,48,92,234
07/23/2021,MGM,AL,ASO,ES,Combined TRACON& Tower with Radar,8,15,15,11,49,0,3,28,10,41,8,18,43,21,90,22,14,36,126
07/24/2021,MGM,AL,ASO,ES,Combined TRACON& Tower with Radar,8,10,15,17,50,0,1,22,2,25,8,11,37,19,75,0,0,0,75
07/25/2021,MGM,AL,ASO,ES,Combined TRACON& Tower with Radar,13,13,18,34,78,0,0,39,7,46,13,13,57,41,124,2,1,3,127
07/26/2021,MGM,AL,ASO,ES,Combined TRACON& Tower with Radar,5,16,34,34,89,0,7,71,4,82,5,23,105,38,171,154,0,154,325
07/27/2021,MGM,AL,ASO,ES,Combined TRACON& Tower with Radar,7,20,16,10,53,0,1,21,2,24,7,21,37,12,77,44,16,60,137
07/28/2021,MGM,AL,ASO,ES,Combined TRACON& Tower with Radar,8,15,28,32,83,0,1,17,4,22,8,16,45,36,105,12,18,30,135
07/29/2021,MGM,AL,ASO,ES,Combined TRACON& Tower with Radar,10,16,24,59,109,0,3,45,14,62,10,19,69,73,171,8,28,36,207
07/30/2021,MGM,AL,ASO,ES,Combined TRACON& Tower with Radar,10,14,20,41,85,0,6,31,17,54,10,20,51,58,139,4,10,14,153
07/31/2021,MGM,AL,ASO,ES,Combined TRACON& Tower with Radar,9,11,13,2,35,0,6,21,4,31,9,17,34,6,66,0,0,0,66
08/01/2021,MGM,AL,ASO,ES,Combined TRACON& Tower with Radar,6,16,17,21,60,0,1,14,2,17,6,17,31,23,77,0,0,0,77
08/02/2021,MGM,AL,ASO,ES,Combined TRACON& Tower with Radar,6,14,6,17,43,0,1,13,2,16,6,15,19,19,59,18,0,18,77
08/03/2021,MGM,AL,ASO,ES,Combined TRACON& Tower with Radar,12,19,20,65,116,0,5,34,7,46,12,24,54,72,162,44,86,130,292
08/04/2021,MGM,AL,ASO,ES,Combined TRACON& Tower with Radar,7,16,34,49,106,0,5,25,18,48,7,21,59,67,154,36,18,54,208
08/05/2021,MGM,AL,ASO,ES,Combined TRACON& Tower with Radar,9,15,14,32,70,0,8,28,15,51,9,23,42,47,121,0,70,70,191
08/06/2021,MGM,AL,ASO,ES,Combined TRACON& Tower with Radar,7,19,19,47,92,0,3,35,11,49,7,22,54,58,141,40,32,72,213
08/07/2021,MGM,AL,ASO,ES,Combined TRACON& Tower with Radar,7,14,13,10,44,0,1,23,20,44,7,15,36,30,88,32,36,68,156
08/08/2021,MGM,AL,ASO,ES,Combined TRACON& Tower with Radar,6,18,15,12,51,0,0,17,4,21,6,18,32,16,72,0,10,10,82
08/09/2021,MGM,AL,ASO,ES,Combined TRACON& Tower with Radar,8,13,19,23,63,0,1,13,6,20,8,14,32,29,83,0,34,34,117
08/10/2021,MGM,AL,ASO,ES,Combined TRACON& Tower with Radar,10,22,23,35,90,0,7,17,4,28,10,29,40,39,118,10,85,95,213
08/11/2021,MGM,AL,ASO,ES,Combined TRACON& Tower with Radar,9,15,15,23,62,0,4,29,5,38,9,19,44,28,100,34,7,41,141
08/12/2021,MGM,AL,ASO,ES,Combined TRACON& Tower with Radar,10,15,22,15,62,0,1,30,8,39,10,16,52,23,101,40,0,40,141
08/13/2021,MGM,AL,ASO,ES,Combined TRACON& Tower with Radar,8,16,18,43,85,0,17,44,18,79,8,33,62,61,164,20,36,56,220
08/14/2021,MGM,AL,ASO,ES,Combined TRACON& Tower with Radar,8,13,15,8,44,0,0,16,2,18,8,13,31,10,62,10,4,14,76
08/15/2021,MGM,AL,ASO,ES,Combined TRACON& Tower with Radar,8,22,17,2,49,0,1,29,2,32,8,23,46,4,81,32,0,32,113
08/16/2021,MGM,AL,ASO,ES,Combined TRACON& Tower with Radar,11,12,17,5,45,0,2,9,3,14,11,14,26,8,59,10,36,46,105
08/17/2021,MGM,AL,ASO,ES,Combined TRACON& Tower with Radar,11,9,11,33,64,0,3,7,5,15,11,12,18,38,79,32,8,40,119
08/18/2021,MGM,AL,ASO,ES,Combined TRACON& Tower with Radar,13,14,52,63,142,0,9,33,6,48,13,23,85,69,190,24,65,89,279
08/19/2021,MGM,AL,ASO,ES,Combined TRACON& Tower with Radar,10,11,22,15,58,0,3,13,4,20,10,14,35,19,78,12,60,72,150
08/20/2021,MGM,AL,ASO,ES,Combined TRACON& Tower with Radar,13,16,10,17,56,0,3,12,2,17,13,19,22,19,73,6,12,18,91
08/21/2021,MGM,AL,ASO,ES,Combined TRACON& Tower with Radar,10,10,8,0,28,0,0,2,1,3,10,10,10,1,31,0,1,1,32
08/22/2021,MGM,AL,ASO,ES,Combined TRACON& Tower with Radar,13,17,12,5,47,0,0,14,3,17,13,17,26,8,64,10,6,16,80
08/23/2021,MGM,AL,ASO,ES,Combined TRACON& Tower with Radar,12,14,36,32,94,0,4,59,9,72,12,18,95,41,166,56,58,114,280
08/24/2021,MGM,AL,ASO,ES,Combined TRACON& Tower with Radar,12,11,22,59,104,0,2,37,11,50,12,13,59,70,154,58,52,110,264
08/25/2021,MGM,AL,ASO,ES,Combined TRACON& Tower with Radar,12,12,27,40,91,0,2,14,7,23,12,14,41,47,114,0,48,48,162
08/26/2021,MGM,AL,ASO,ES,Combined TRACON& Tower with Radar,13,11,35,51,110,0,0,20,11,31,13,11,55,62,141,62,37,99,240
08/27/2021,MGM,AL,ASO,ES,Combined TRACON& Tower with Radar,11,12,41,31,95,0,3,31,6,40,11,15,72,37,135,64,9,73,208
08/28/2021,MGM,AL,ASO,ES,Combined TRACON& Tower with Radar,10,8,18,4,40,0,1,15,0,16,10,9,33,4,56,52,0,52,108
08/29/2021,MGM,AL,ASO,ES,Combined TRACON& Tower with Radar,17,14,10,0,41,0,0,0,0,0,17,14,10,0,41,0,0,0,41
08/30/2021,MGM,AL,ASO,ES,Combined TRACON& Tower with Radar,11,11,3,0,25,0,0,0,0,0,11,11,3,0,25,0,0,0,25
08/31/2021,MGM,AL,ASO,ES,Combined TRACON& Tower with Radar,16,8,13,6,43,0,2,6,10,18,16,10,19,16,61,0,44,44,105
09/01/2021,MGM,AL,ASO,ES,Combined TRACON& Tower with Radar,12,13,25,13,63,0,3,19,13,35,12,16,44,26,98,14,0,14,112
09/02/2021,MGM,AL,ASO,ES,Combined TRACON& Tower with Radar,12,13,24,36,85,0,9,56,4,69,12,22,80,40,154,74,16,90,244
09/03/2021,MGM,AL,ASO,ES,Combined TRACON& Tower with Radar,14,16,25,0,55,0,10,55,0,65,14,26,80,0,120,36,0,36,156
09/04/2021,MGM,AL,ASO,ES,Combined TRACON& Tower with Radar,8,8,23,0,39,0,0,38,2,40,8,8,61,2,79,40,0,40,119
09/05/2021,MGM,AL,ASO,ES,Combined TRACON& Tower with Radar,7,11,21,2,41,0,3,34,5,42,7,14,55,7,83,34,0,34,117
09/06/2021,MGM,AL,ASO,ES,Combined TRACON& Tower with Radar,12,12,10,0,34,0,1,22,1,24,12,13,32,1,58,10,0,10,68
09/07/2021,MGM,AL,ASO,ES,Combined TRACON& Tower with Radar,12,12,30,42,96,0,4,32,4,40,12,16,62,46,136,74,42,116,252
09/08/2021,MGM,AL,ASO,ES,Combined TRACON& Tower with Radar,12,11,26,43,92,0,3,22,4,29,12,14,48,47,121,60,4,64,185
09/09/2021,MGM,AL,ASO,ES,Combined TRACON& Tower with Radar,13,9,26,53,101,0,5,45,16,66,13,14,71,69,167,74,30,104,271
09/10/2021,MGM,AL,ASO,ES,Combined TRACON& Tower with Radar,14,8,26,46,94,0,7,71,11,89,14,15,97,57,183,56,42,98,281
09/11/2021,MGM,AL,ASO,ES,Combined TRACON& Tower with Radar,10,9,10,16,45,0,0,34,6,40,10,9,44,22,85,48,34,82,167
09/12/2021,MGM,AL,ASO,ES,Combined TRACON& Tower with Radar,13,10,14,30,67,0,3,16,13,32,13,13,30,43,99,0,6,6,105
09/13/2021,MGM,AL,ASO,ES,Combined TRACON& Tower with Radar,12,10,28,29,79,0,4,39,3,46,12,14,67,32,125,40,52,92,217
09/14/2021,MGM,AL,ASO,ES,Combined TRACON& Tower with Radar,12,12,29,39,92,0,9,10,4,23,12,21,39,43,115,72,16,88,203
09/15/2021,MGM,AL,ASO,ES,Combined TRACON& Tower with Radar,12,8,18,23,61,0,2,1,2,5,12,10,19,25,66,12,0,12,78
09/16/2021,MGM,AL,ASO,ES,Combined TRACON& Tower with Radar,12,11,22,12,57,0,0,0,5,5,12,11,22,17,62,0,18,18,80
09/17/2021,MGM,AL,ASO,ES,Combined TRACON& Tower with Radar,13,13,19,15,60,0,1,8,18,27,13,14,27,33,87,6,32,38,125
09/18/2021,MGM,AL,ASO,ES,Combined TRACON& Tower with Radar,10,10,7,4,31,0,0,4,2,6,10,10,11,6,37,14,0,14,51
09/19/2021,MGM,AL,ASO,ES,Combined TRACON& Tower with Radar,13,14,23,9,59,0,0,0,1,1,13,14,23,10,60,0,0,0,60
09/20/2021,MGM,AL,ASO,ES,Combined TRACON& Tower with Radar,12,10,24,30,76,0,3,12,3,18,12,13,36,33,94,58,18,76,170
09/21/2021,MGM,AL,ASO,ES,Combined TRACON& Tower with Radar,12,13,43,31,99,0,1,15,2,18,12,14,58,33,117,54,22,76,193
09/22/2021,MGM,AL,ASO,ES,Combined TRACON& Tower with Radar,12,8,32,23,75,0,6,23,7,36,12,14,55,30,111,20,4,24,135
09/23/2021,MGM,AL,ASO,ES,Combined TRACON& Tower with Radar,14,13,37,20,84,0,4,43,11,58,14,17,80,31,142,64,28,92,234
09/24/2021,MGM,AL,ASO,ES,Combined TRACON& Tower with Radar,14,11,24,27,76,0,4,37,4,45,14,15,61,31,121,12,20,32,153
09/25/2021,MGM,AL,ASO,ES,Combined TRACON& Tower with Radar,10,9,16,9,44,0,2,33,0,35,10,11,49,9,79,32,0,32,111
09/26/2021,MGM,AL,ASO,ES,Combined TRACON& Tower with Radar,13,14,14,8,49,0,1,23,0,24,13,15,37,8,73,24,0,24,97
09/27/2021,MGM,AL,ASO,ES,Combined TRACON& Tower with Radar,12,12,29,41,94,0,0,37,15,52,12,12,66,56,146,112,36,148,294
09/28/2021,MGM,AL,ASO,ES,Combined TRACON& Tower with Radar,14,18,30,61,123,0,4,41,16,61,14,22,71,77,184,66,42,108,292
09/29/2021,MGM,AL,ASO,ES,Combined TRACON& Tower with Radar,16,10,19,71,116,0,3,25,5,33,16,13,44,76,149,68,126,194,343
09/30/2021,MGM,AL,ASO,ES,Combined TRACON& Tower with Radar,13,16,43,17,89,0,0,27,9,36,13,16,70,26,125,90,18,108,233
10/01/2021,MGM,AL,ASO,ES,Combined TRACON& Tower with Radar,13,12,29,29,83,0,3,47,8,58,13,15,76,37,141,31,8,39,180
10/02/2021,MGM,AL,ASO,ES,Combined TRACON& Tower with Radar,10,10,15,28,63,0,0,30,6,36,10,10,45,34,99,0,38,38,137
10/03/2021,MGM,AL,ASO,ES,Combined TRACON& Tower with Radar,13,18,27,28,86,0,1,9,4,14,13,19,36,32,100,0,18,18,118
10/04/2021,MGM,AL,ASO,ES,Combined TRACON& Tower with Radar,14,10,23,6,53,0,0,1,0,1,14,10,24,6,54,0,0,0,54
10/05/2021,MGM,AL,ASO,ES,Combined TRACON& Tower with Radar,12,6,14,13,45,0,0,2,1,3,12,6,16,14,48,2,0,2,50
10/06/2021,MGM,AL,ASO,ES,Combined TRACON& Tower with Radar,15,7,35,18,75,0,1,7,7,15,15,8,42,25,90,58,20,78,168
10/07/2021,MGM,AL,ASO,ES,Combined TRACON& Tower with Radar,11,11,41,59,122,0,8,16,5,29,11,19,57,64,151,46,32,78,229
10/08/2021,MGM,AL,ASO,ES,Combined TRACON& Tower with Radar,16,17,36,14,83,0,10,39,3,52,16,27,75,17,135,66,8,74,209
10/09/2021,MGM,AL,ASO,ES,Combined TRACON& Tower with Radar,9,8,23,4,44,0,6,23,0,29,9,14,46,4,73,22,0,22,95
10/10/2021,MGM,AL,ASO,ES,Combined TRACON& Tower with Radar,10,14,37,2,63,0,0,23,0,23,10,14,60,2,86,0,0,0,86
10/11/2021,MGM,AL,ASO,ES,Combined TRACON& Tower with Radar,9,12,33,0,54,0,0,63,0,63,9,12,96,0,117,80,0,80,197
10/12/2021,MGM,AL,ASO,ES,Combined TRACON& Tower with Radar,9,13,39,81,142,0,0,39,7,46,9,13,78,88,188,74,57,131,319
10/13/2021,MGM,AL,ASO,ES,Combined TRACON& Tower with Radar,10,15,32,46,103,0,7,44,8,59,10,22,76,54,162,122,88,210,372
10/14/2021,MGM,AL,ASO,ES,Combined TRACON& Tower with Radar,10,13,46,43,112,0,1,38,9,48,10,14,84,52,160,114,59,173,333
10/15/2021,MGM,AL,ASO,ES,Combined TRACON& Tower with Radar,11,11,29,33,84,0,1,35,9,45,11,12,64,42,129,91,12,103,232
10/16/2021,MGM,AL,ASO,ES,Combined TRACON& Tower with Radar,10,8,22,6,46,0,0,17,13,30,10,8,39,19,76,8,1,9,85
10/17/2021,MGM,AL,ASO,ES,Combined TRACON& Tower with Radar,12,12,16,12,52,0,0,23,8,31,12,12,39,20,83,17,4,21,104
10/18/2021,MGM,AL,ASO,ES,Combined TRACON& Tower with Radar,10,16,44,29,99,0,4,43,5,52,10,20,87,34,151,38,16,54,205
10/19/2021,MGM,AL,ASO,ES,Combined TRACON& Tower with Radar,10,15,39,20,84,0,9,58,9,76,10,24,97,29,160,48,15,63,223
10/20/2021,MGM,AL,ASO,ES,Combined TRACON& Tower with Radar,10,17,25,53,105,0,2,56,11,69,10,19,81,64,174,52,62,114,288
10/21/2021,MGM,AL,ASO,ES,Combined TRACON& Tower with Radar,9,13,37,30,89,0,5,17,15,37,9,18,54,45,126,66,0,66,192
10/22/2021,MGM,AL,ASO,ES,Combined TRACON& Tower with Radar,8,17,31,35,91,0,3,55,6,64,8,20,86,41,155,26,9,35,190
10/23/2021,MGM,AL,ASO,ES,Combined TRACON& Tower with Radar,9,8,29,14,60,0,0,25,0,25,9,8,54,14,85,12,0,12,97
10/24/2021,MGM,AL,ASO,ES,Combined TRACON& Tower with Radar,8,14,28,26,76,0,0,16,10,26,8,14,44,36,102,12,0,12,114
10/25/2021,MGM,AL,ASO,ES,Combined TRACON& Tower with Radar,10,12,38,52,112,0,1,28,8,37,10,13,66,60,149,14,50,64,213
10/26/2021,MGM,AL,ASO,ES,Combined TRACON& Tower with Radar,10,16,48,63,137,0,3,55,16,74,10,19,103,79,211,118,56,174,385
10/27/2021,MGM,AL,ASO,ES,Combined TRACON& Tower with Radar,11,16,51,60,138,0,6,57,8,71,11,22,108,68,209,40,144,184,393
10/28/2021,MGM,AL,ASO,ES,Combined TRACON& Tower with Radar,10,16,28,71,125,0,3,14,8,25,10,19,42,79,150,0,79,79,229
10/29/2021,MGM,AL,ASO,ES,Combined TRACON& Tower with Radar,10,16,22,41,89,0,1,4,9,14,10,17,26,50,103,46,68,114,217
10/30/2021,MGM,AL,ASO,ES,Combined TRACON& Tower with Radar,10,12,20,0,42,0,2,1,0,3,10,14,21,0,45,0,0,0,45
10/31/2021,MGM,AL,ASO,ES,Combined TRACON& Tower with Radar,11,14,24,19,68,0,3,30,3,36,11,17,54,22,104,44,0,44,148
11/01/2021,MGM,AL,ASO,ES,Combined TRACON& Tower with Radar,11,12,22,29,74,0,16,33,9,58,11,28,55,38,132,26,68,94,226
11/02/2021,MGM,AL,ASO,ES,Combined TRACON& Tower with Radar,5,19,32,23,79,0,6,57,1,64,5,25,89,24,143,72,18,90,233
11/03/2021,MGM,AL,ASO,ES,Combined TRACON& Tower with Radar,3,21,37,63,124,0,5,33,24,62,3,26,70,87,186,34,118,152,338
11/04/2021,MGM,AL,ASO,ES,Combined TRACON& Tower with Radar,5,19,36,68,128,0,1,4,6,11,5,20,40,74,139,14,55,69,208
11/05/2021,MGM,AL,ASO,ES,Combined TRACON& Tower with Radar,4,16,53,80,153,0,7,21,14,42,4,23,74,94,195,62,58,120,315
11/06/2021,MGM,AL,ASO,ES,Combined TRACON& Tower with Radar,4,14,37,20,75,0,3,52,9,64,4,17,89,29,139,22,16,38,177
11/07/2021,MGM,AL,ASO,ES,Combined TRACON& Tower with Radar,4,18,19,11,52,0,0,33,11,44,4,18,52,22,96,36,1,37,133
11/08/2021,MGM,AL,ASO,ES,Combined TRACON& Tower with Radar,4,15,31,30,80,0,1,40,19,60,4,16,71,49,140,128,18,146,286
11/09/2021,MGM,AL,ASO,ES,Combined TRACON& Tower with Radar,4,15,48,54,121,0,16,39,2,57,4,31,87,56,178,126,34,160,338
11/10/2021,MGM,AL,ASO,ES,Combined TRACON& Tower with Radar,3,17,29,52,101,0,5,40,6,51,3,22,69,58,152,122,28,150,302
11/11/2021,MGM,AL,ASO,ES,Combined TRACON& Tower with Radar,4,17,15,0,36,0,0,5,6,11,4,17,20,6,47,4,0,4,51
11/12/2021,MGM,AL,ASO,ES,Combined TRACON& Tower with Radar,5,19,14,26,64,0,0,31,1,32,5,19,45,27,96,26,20,46,142
11/13/2021,MGM,AL,ASO,ES,Combined TRACON& Tower with Radar,9,19,14,0,42,0,1,35,0,36,9,20,49,0,78,42,0,42,120
11/14/2021,MGM,AL,ASO,ES,Combined TRACON& Tower with Radar,4,21,13,0,38,0,0,35,0,35,4,21,48,0,73,8,0,8,81
11/15/2021,MGM,AL,ASO,ES,Combined TRACON& Tower with Radar,4,15,36,50,105,0,2,24,1,27,4,17,60,51,132,32,38,70,202
11/16/2021,MGM,AL,ASO,ES,Combined TRACON& Tower with Radar,4,15,44,48,111,0,5,42,9,56,4,20,86,57,167,45,50,95,262
11/17/2021,MGM,AL,ASO,ES,Combined TRACON& Tower with Radar,4,17,48,47,116,0,0,66,6,72,4,17,114,53,188,14,120,134,322
11/18/2021,MGM,AL,ASO,ES,Combined TRACON& Tower with Radar,3,20,38,68,129,0,2,28,13,43,3,22,66,81,172,16,67,83,255
11/19/2021,MGM,AL,ASO,ES,Combined TRACON& Tower with Radar,4,23,47,64,138,0,0,35,15,50,4,23,82,79,188,36,50,86,274
11/20/2021,MGM,AL,ASO,ES,Combined TRACON& Tower with Radar,3,13,17,3,36,0,0,47,7,54,3,13,64,10,90,22,42,64,154
11/21/2021,MGM,AL,ASO,ES,Combined TRACON& Tower with Radar,4,14,9,23,50,0,0,18,6,24,4,14,27,29,74,0,0,0,74
11/22/2021,MGM,AL,ASO,ES,Combined TRACON& Tower with Radar,4,14,18,28,64,0,0,13,0,13,4,14,31,28,77,6,24,30,107
11/23/2021,MGM,AL,ASO,ES,Combined TRACON& Tower with Radar,3,18,42,52,115,0,2,39,12,53,3,20,81,64,168,152,40,192,360
11/24/2021,MGM,AL,ASO,ES,Combined TRACON& Tower with Radar,6,22,31,17,76,0,2,18,4,24,6,24,49,21,100,16,38,54,154
11/25/2021,MGM,AL,ASO,ES,Combined TRACON& Tower with Radar,1,11,19,1,32,0,0,2,0,2,1,11,21,1,34,0,0,0,34
11/26/2021,MGM,AL,ASO,ES,Combined TRACON& Tower with Radar,3,11,12,0,26,0,2,13,1,16,3,13,25,1,42,0,0,0,42
11/27/2021,MGM,AL,ASO,ES,Combined TRACON& Tower with Radar,4,13,29,0,46,0,0,19,1,20,4,13,48,1,66,12,10,22,88
11/28/2021,MGM,AL,ASO,ES,Combined TRACON& Tower with Radar,4,23,27,0,54,0,3,16,0,19,4,26,43,0,73,16,0,16,89
11/29/2021,MGM,AL,ASO,ES,Combined TRACON& Tower with Radar,4,17,41,45,107,0,6,36,5,47,4,23,77,50,154,58,34,92,246
11/30/2021,MGM,AL,ASO,ES,Combined TRACON& Tower with Radar,4,17,42,74,137,0,6,37,3,46,4,23,79,77,183,104,66,170,353
12/01/2021,MGM,AL,ASO,ES,Combined TRACON& Tower with Radar,4,28,45,64,141,0,6,45,17,68,4,34,90,81,209,88,60,148,357
12/02/2021,MGM,AL,ASO,ES,Combined TRACON& Tower with Radar,5,19,35,63,122,0,17,31,11,59,5,36,66,74,181,62,92,154,335
12/03/2021,MGM,AL,ASO,ES,Combined TRACON& Tower with Radar,4,18,36,43,101,0,4,23,6,33,4,22,59,49,134,54,16,70,204
12/04/2021,MGM,AL,ASO,ES,Combined TRACON& Tower with Radar,4,14,34,17,69,0,3,23,2,28,4,17,57,19,97,11,4,15,112
12/05/2021,MGM,AL,ASO,ES,Combined TRACON& Tower with Radar,3,16,43,56,118,0,3,25,5,33,3,19,68,61,151,54,6,60,211
12/06/2021,MGM,AL,ASO,ES,Combined TRACON& Tower with Radar,4,24,19,11,58,0,0,1,1,2,4,24,20,12,60,2,4,6,66
12/07/2021,MGM,AL,ASO,ES,Combined TRACON& Tower with Radar,7,31,51,62,151,0,2,8,0,10,7,33,59,62,161,8,30,38,199
12/08/2021,MGM,AL,ASO,ES,Combined TRACON& Tower with Radar,4,19,28,40,91,0,3,21,2,26,4,22,49,42,117,0,32,32,149
12/09/2021,MGM,AL,ASO,ES,Combined TRACON& Tower with Radar,4,25,42,52,123,0,2,22,15,39,4,27,64,67,162,46,96,142,304
12/10/2021,MGM,AL,ASO,ES,Combined TRACON& Tower with Radar,3,20,10,26,59,0,1,8,5,14,3,21,18,31,73,26,20,46,119
12/11/2021,MGM,AL,ASO,ES,Combined TRACON& Tower with Radar,3,17,16,3,39,0,0,1,6,7,3,17,17,9,46,4,4,8,54
12/12/2021,MGM,AL,ASO,ES,Combined TRACON& Tower with Radar,6,19,32,10,67,0,4,36,4,44,6,23,68,14,111,16,9,25,136
12/13/2021,MGM,AL,ASO,ES,Combined TRACON& Tower with Radar,7,19,42,87,155,0,12,58,15,85,7,31,100,102,240,102,114,216,456
12/14/2021,MGM,AL,ASO,ES,Combined TRACON& Tower with Radar,6,21,54,53,134,0,4,45,9,58,6,25,99,62,192,70,34,104,296
12/15/2021,MGM,AL,ASO,ES,Combined TRACON& Tower with Radar,5,16,54,70,145,0,4,21,4,29,5,20,75,74,174,58,40,98,272
12/16/2021,MGM,AL,ASO,ES,Combined TRACON& Tower with Radar,11,16,24,47,98,0,3,5,13,21,11,19,29,60,119,2,36,38,157
12/17/2021,MGM,AL,ASO,ES,Combined TRACON& Tower with Radar,6,24,27,40,97,0,0,2,2,4,6,24,29,42,101,0,4,4,105
12/18/2021,MGM,AL,ASO,ES,Combined TRACON& Tower with Radar,4,16,9,0,29,0,0,0,0,0,4,16,9,0,29,0,0,0,29
12/19/2021,MGM,AL,ASO,ES,Combined TRACON& Tower with Radar,4,18,15,0,37,0,0,8,0,8,4,18,23,0,45,1,0,1,46
12/20/2021,MGM,AL,ASO,ES,Combined TRACON& Tower with Radar,3,16,45,34,98,0,4,2,0,6,3,20,47,34,104,30,22,52,156
12/21/2021,MGM,AL,ASO,ES,Combined TRACON& Tower with Radar,8,20,26,44,98,0,0,1,0,1,8,20,27,44,99,8,18,26,125
12/22/2021,MGM,AL,ASO,ES,Combined TRACON& Tower with Radar,4,20,18,52,94,0,12,41,5,58,4,32,59,57,152,52,62,114,266
12/23/2021,MGM,AL,ASO,ES,Combined TRACON& Tower with Radar,4,19,18,5,46,0,3,57,0,60,4,22,75,5,106,48,0,48,154
12/24/2021,MGM,AL,ASO,ES,Combined TRACON& Tower with Radar,1,12,16,0,29,0,0,17,0,17,1,12,33,0,46,8,0,8,54
12/25/2021,MGM,AL,ASO,ES,Combined TRACON& Tower with Radar,5,17,9,0,31,0,0,5,0,5,5,17,14,0,36,0,0,0,36
12/26/2021,MGM,AL,ASO,ES,Combined TRACON& Tower with Radar,5,18,12,0,35,0,2,8,0,10,5,20,20,0,45,16,0,16,61
12/27/2021,MGM,AL,ASO,ES,Combined TRACON& Tower with Radar,2,23,20,10,55,0,1,9,0,10,2,24,29,10,65,12,0,12,77
12/28/2021,MGM,AL,ASO,ES,Combined TRACON& Tower with Radar,2,15,24,18,59,0,4,10,4,18,2,19,34,22,77,36,16,52,129
12/29/2021,MGM,AL,ASO,ES,Combined TRACON& Tower with Radar,1,19,7,24,51,0,2,4,1,7,1,21,11,25,58,52,30,82,140
12/30/2021,MGM,AL,ASO,ES,Combined TRACON& Tower with Radar,1,17,7,5,30,0,1,1,0,2,1,18,8,5,32,22,6,28,60
12/31/2021,MGM,AL,ASO,ES,Combined TRACON& Tower with Radar,0,17,7,0,24,0,1,7,0,8,0,18,14,0,32,10,0,10,42
01/01/2022,MGM,AL,ASO,ES,Combined TRACON& Tower with Radar,2,11,8,0,21,0,4,0,0,4,2,15,8,0,25,0,0,0,25
01/02/2022,MGM,AL,ASO,ES,Combined TRACON& Tower with Radar,4,19,11,0,34,0,0,0,0,0,4,19,11,0,34,0,0,0,34
01/03/2022,MGM,AL,ASO,ES,Combined TRACON& Tower with Radar,0,12,36,0,48,0,4,13,0,17,0,16,49,0,65,6,0,6,71
01/04/2022,MGM,AL,ASO,ES,Combined TRACON& Tower with Radar,3,13,31,31,78,0,4,41,4,49,3,17,72,35,127,50,36,86,213
01/05/2022,MGM,AL,ASO,ES,Combined TRACON& Tower with Radar,5,12,50,43,110,0,3,26,3,32,5,15,76,46,142,48,84,132,274
01/06/2022,MGM,AL,ASO,ES,Combined TRACON& Tower with Radar,5,16,10,32,63,0,2,10,17,29,5,18,20,49,92,26,62,88,180
01/07/2022,MGM,AL,ASO,ES,Combined TRACON& Tower with Radar,6,17,14,37,74,0,0,37,10,47,6,17,51,47,121,24,44,68,189
01/08/2022,MGM,AL,ASO,ES,Combined TRACON& Tower with Radar,3,10,24,21,58,0,1,50,26,77,3,11,74,47,135,58,43,101,236
01/09/2022,MGM,AL,ASO,ES,Combined TRACON& Tower with Radar,3,19,7,33,62,0,0,2,1,3,3,19,9,34,65,0,28,28,93
01/10/2022,MGM,AL,ASO,ES,Combined TRACON& Tower with Radar,7,16,27,36,86,0,1,22,3,26,7,17,49,39,112,2,14,16,128
01/11/2022,MGM,AL,ASO,ES,Combined TRACON& Tower with Radar,5,19,41,30,95,0,3,44,0,47,5,22,85,30,142,56,6,62,204
01/12/2022,MGM,AL,ASO,ES,Combined TRACON& Tower with Radar,4,13,37,49,103,0,4,37,4,45,4,17,74,53,148,38,18,56,204
01/13/2022,MGM,AL,ASO,ES,Combined TRACON& Tower with Radar,6,15,23,41,85,0,7,42,8,57,6,22,65,49,142,80,4,84,226
01/14/2022,MGM,AL,ASO,ES,Combined TRACON& Tower with Radar,5,20,40,15,80,0,5,37,5,47,5,25,77,20,127,147,2,149,276
01/15/2022,MGM,AL,ASO,ES,Combined TRACON& Tower with Radar,3,12,29,0,44,0,0,13,0,13,3,12,42,0,57,2,0,2,59
01/16/2022,MGM,AL,ASO,ES,Combined TRACON& Tower with Radar,3,11,9,0,23,0,0,0,0,0,3,11,9,0,23,0,0,0,23
01/17/2022,MGM,AL,ASO,ES,Combined TRACON& Tower with Radar,3,25,21,0,49,0,1,3,0,4,3,26,24,0,53,0,0,0,53
01/18/2022,MGM,AL,ASO,ES,Combined TRACON& Tower with Radar,6,21,37,29,93,0,2,51,11,64,6,23,88,40,157,88,22,110,267
01/19/2022,MGM,AL,ASO,ES,Combined TRACON& Tower with Radar,5,12,28,63,108,0,2,33,14,49,5,14,61,77,157,56,76,132,289
01/20/2022,MGM,AL,ASO,ES,Combined TRACON& Tower with Radar,2,17,16,25,60,0,0,0,0,0,2,17,16,25,60,0,0,0,60
01/21/2022,MGM,AL,ASO,ES,Combined TRACON& Tower with Radar,4,28,18,34,84,0,3,1,0,4,4,31,19,34,88,79,15,94,182
01/22/2022,MGM,AL,ASO,ES,Combined TRACON& Tower with Radar,3,11,9,12,35,0,0,39,10,49,3,11,48,22,84,88,24,112,196
01/23/2022,MGM,AL,ASO,ES,Combined TRACON& Tower with Radar,3,15,34,2,54,0,3,56,16,75,3,18,90,18,129,60,4,64,193
01/24/2022,MGM,AL,ASO,ES,Combined TRACON& Tower with Radar,5,17,31,51,104,0,9,56,5,70,5,26,87,56,174,106,64,170,344
01/25/2022,MGM,AL,ASO,ES,Combined TRACON& Tower with Radar,5,20,30,46,101,0,0,39,5,44,5,20,69,51,145,14,64,78,223
01/26/2022,MGM,AL,ASO,ES,Combined TRACON& Tower with Radar,4,19,26,40,89,0,2,37,21,60,4,21,63,61,149,74,38,112,261
01/27/2022,MGM,AL,ASO,ES,Combined TRACON& Tower with Radar,7,29,51,51,138,0,2,42,18,62,7,31,93,69,200,90,50,140,340
01/28/2022,MGM,AL,ASO,ES,Combined TRACON& Tower with Radar,8,19,25,59,111,0,5,33,13,51,8,24,58,72,162,46,30,76,238
01/29/2022,MGM,AL,ASO,ES,Combined TRACON& Tower with Radar,3,12,23,2,40,0,2,49,0,51,3,14,72,2,91,10,0,10,101
01/30/2022,MGM,AL,ASO,ES,Combined TRACON& Tower with Radar,3,21,17,8,49,0,1,40,4,45,3,22,57,12,94,28,0,28,122
01/31/2022,MGM,AL,ASO,ES,Combined TRACON& Tower with Radar,2,15,40,8,65,0,6,27,1,34,2,21,67,9,99,80,42,122,221
02/01/2022,MGM,AL,ASO,ES,Combined TRACON& Tower with Radar,4,15,33,43,95,0,2,32,7,41,4,17,65,50,136,36,38,74,210
02/02/2022,MGM,AL,ASO,ES,Combined TRACON& Tower with Radar,4,13,31,61,109,0,2,19,6,27,4,15,50,67,136,20,12,32,168
02/03/2022,MGM,AL,ASO,ES,Combined TRACON& Tower with Radar,2,11,5,3,21,0,0,0,0,0,2,11,5,3,21,0,0,0,21
02/04/2022,MGM,AL,ASO,ES,Combined TRACON& Tower with Radar,2,16,13,0,31,0,0,0,0,0,2,16,13,0,31,0,0,0,31
02/05/2022,MGM,AL,ASO,ES,Combined TRACON& Tower with Radar,3,13,31,13,60,0,5,25,29,59,3,18,56,42,119,6,51,57,176
02/06/2022,MGM,AL,ASO,ES,Combined TRACON& Tower with Radar,1,17,24,13,55,0,2,39,3,44,1,19,63,16,99,28,32,60,159
02/07/2022,MGM,AL,ASO,ES,Combined TRACON& Tower with Radar,5,17,24,19,65,0,9,27,3,39,5,26,51,22,104,26,4,30,134
02/08/2022,MGM,AL,ASO,ES,Combined TRACON& Tower with Radar,6,14,32,75,127,0,7,47,6,60,6,21,79,81,187,46,30,76,263
02/09/2022,MGM,AL,ASO,ES,Combined TRACON& Tower with Radar,3,18,33,45,99,0,6,46,6,58,3,24,79,51,157,44,61,105,262
02/10/2022,MGM,AL,ASO,ES,Combined TRACON& Tower with Radar,2,19,37,60,118,0,8,58,14,80,2,27,95,74,198,118,42,160,358
02/11/2022,MGM,AL,ASO,ES,Combined TRACON& Tower with Radar,6,18,46,77,147,0,11,53,12,76,6,29,99,89,223,56,119,175,398
02/12/2022,MGM,AL,ASO,ES,Combined TRACON& Tower with Radar,5,12,14,8,39,0,1,56,5,62,5,13,70,13,101,62,18,80,181
02/13/2022,MGM,AL,ASO,ES,Combined TRACON& Tower with Radar,5,11,15,32,63,0,3,22,8,33,5,14,37,40,96,0,6,6,102
02/14/2022,MGM,AL,ASO,ES,Combined TRACON& Tower with Radar,5,23,29,38,95,0,1,37,2,40,5,24,66,40,135,86,36,122,257
02/15/2022,MGM,AL,ASO,ES,Combined TRACON& Tower with Radar,6,11,43,45,105,0,7,21,11,39,6,18,64,56,144,70,84,154,298
02/16/2022,MGM,AL,ASO,ES,Combined TRACON& Tower with Radar,3,20,29,100,152,0,3,20,12,35,3,23,49,112,187,10,88,98,285
02/17/2022,MGM,AL,ASO,ES,Combined TRACON& Tower with Radar,2,20,9,8,39,0,0,1,1,2,2,20,10,9,41,0,10,10,51
02/18/2022,MGM,AL,ASO,ES,Combined TRACON& Tower with Radar,2,19,43,25,89,0,4,11,1,16,2,23,54,26,105,10,0,10,115
02/19/2022,MGM,AL,ASO,ES,Combined TRACON& Tower with Radar,3,14,32,2,51,0,2,74,4,80,3,16,106,6,131,80,0,80,211
02/20/2022,MGM,AL,ASO,ES,Combined TRACON& Tower with Radar,3,14,35,0,52,0,2,46,2,50,3,16,81,2,102,36,0,36,138
02/21/2022,MGM,AL,ASO,ES,Combined TRACON& Tower with Radar,2,18,15,0,35,0,0,4,0,4,2,18,19,0,39,12,0,12,51
02/22/2022,MGM,AL,ASO,ES,Combined TRACON& Tower with Radar,5,16,26,64,111,0,2,15,12,29,5,18,41,76,140,38,47,85,225
02/23/2022,MGM,AL,ASO,ES,Combined TRACON& Tower with Radar,3,20,39,123,185,0,1,19,4,24,3,21,58,127,209,48,56,104,313
02/24/2022,MGM,AL,ASO,ES,Combined TRACON& Tower with Radar,3,20,35,125,183,0,4,13,18,35,3,24,48,143,218,62,95,157,375
02/25/2022,MGM,AL,ASO,ES,Combined TRACON& Tower with Radar,1,19,25,68,113,0,4,5,6,15,1,23,30,74,128,58,26,84,212
02/26/2022,MGM,AL,ASO,ES,Combined TRACON& Tower with Radar,2,14,30,8,54,0,0,29,8,37,2,14,59,16,91,76,12,88,179
02/27/2022,MGM,AL,ASO,ES,Combined TRACON& Tower with Radar,1,23,13,9,46,0,0,3,1,4,1,23,16,10,50,0,0,0,50
02/28/2022,MGM,AL,ASO,ES,Combined TRACON& Tower with Radar,8,16,21,35,80,0,2,28,4,34,8,18,49,39,114,98,42,140,254
03/01/2022,MGM,AL,ASO,ES,Combined TRACON& Tower with Radar,6,17,29,28,80,0,0,59,4,63,6,17,88,32,143,92,20,112,255
03/02/2022,MGM,AL,ASO,ES,Combined TRACON& Tower with Radar,3,17,39,57,116,0,6,68,4,78,3,23,107,61,194,80,38,118,312
03/03/2022,MGM,AL,ASO,ES,Combined TRACON& Tower with Radar,3,19,24,54,100,0,15,43,8,66,3,34,67,62,166,68,18,86,252
03/04/2022,MGM,AL,ASO,ES,Combined TRACON& Tower with Radar,6,18,29,71,124,0,10,65,12,87,6,28,94,83,211,86,86,172,383
03/05/2022,MGM,AL,ASO,ES,Combined TRACON& Tower with Radar,2,14,18,16,50,0,6,36,16,58,2,20,54,32,108,10,10,20,128
03/06/2022,MGM,AL,ASO,ES,Combined TRACON& Tower with Radar,7,19,34,18,78,0,2,21,23,46,7,21,55,41,124,38,54,92,216
03/07/2022,MGM,AL,ASO,ES,Combined TRACON& Tower with Radar,4,17,19,22,62,0,3,2,2,7,4,20,21,24,69,0,0,0,69
03/08/2022,MGM,AL,ASO,ES,Combined TRACON& Tower with Radar,5,20,23,40,88,0,1,6,0,7,5,21,29,40,95,24,0,24,119
03/09/2022,MGM,AL,ASO,ES,Combined TRACON& Tower with Radar,3,17,31,62,113,0,2,8,5,15,3,19,39,67,128,0,50,50,178
03/10/2022,MGM,AL,ASO,ES,Combined TRACON& Tower with Radar,2,18,51,91,162,0,5,24,8,37,2,23,75,99,199,55,51,106,305
03/11/2022,MGM,AL,ASO,ES,Combined TRACON& Tower with Radar,4,19,21,24,68,0,0,0,0,0,4,19,21,24,68,0,0,0,68
03/12/2022,MGM,AL,ASO,ES,Combined TRACON& Tower with Radar,4,14,13,7,38,0,2,4,1,7,4,16,17,8,45,0,0,0,45
03/13/2022,MGM,AL,ASO,ES,Combined TRACON& Tower with Radar,5,22,59,5,91,0,1,43,3,47,5,23,102,8,138,52,0,52,190
03/14/2022,MGM,AL,ASO,ES,Combined TRACON& Tower with Radar,2,16,47,55,120,0,7,39,6,52,2,23,86,61,172,118,43,161,333
03/15/2022,MGM,AL,ASO,ES,Combined TRACON& Tower with Radar,4,20,25,20,69,0,0,5,0,5,4,20,30,20,74,6,0,6,80
03/16/2022,MGM,AL,ASO,ES,Combined TRACON& Tower with Radar,5,18,36,32,91,0,9,9,9,27,5,27,45,41,118,0,4,4,122
03/17/2022,MGM,AL,ASO,ES,Combined TRACON& Tower with Radar,2,17,61,50,130,0,4,52,13,69,2,21,113,63,199,74,23,97,296
03/18/2022,MGM,AL,ASO,ES,Combined TRACON& Tower with Radar,2,12,12,6,32,0,0,0,1,1,2,12,12,7,33,0,28,28,61
03/19/2022,MGM,AL,ASO,ES,Combined TRACON& Tower with Radar,1,12,38,12,63,0,2,51,10,63,1,14,89,22,126,26,4,30,156
03/20/2022,MGM,AL,ASO,ES,Combined TRACON& Tower with Radar,4,16,50,13,83,0,2,30,7,39,4,18,80,20,122,12,0,12,134
03/21/2022,MGM,AL,ASO,ES,Combined TRACON& Tower with Radar,3,14,48,67,132,0,1,41,12,54,3,15,89,79,186,86,60,146,332
03/22/2022,MGM,AL,ASO,ES,Combined TRACON& Tower with Radar,4,16,15,42,77,0,6,14,1,21,4,22,29,43,98,2,28,30,128
03/23/2022,MGM,AL,ASO,ES,Combined TRACON& Tower with Radar,4,17,27,89,137,0,1,15,11,27,4,18,42,100,164,72,74,146,310
03/24/2022,MGM,AL,ASO,ES,Combined TRACON& Tower with Radar,3,22,29,35,89,0,10,111,11,132,3,32,140,46,221,218,42,260,481
03/25/2022,MGM,AL,ASO,ES,Combined TRACON& Tower with Radar,4,15,29,91,139,0,2,45,23,70,4,17,74,114,209,96,50,146,355
03/26/2022,MGM,AL,ASO,ES,Combined TRACON& Tower with Radar,4,13,9,1,27,0,1,24,2,27,4,14,33,3,54,32,0,32,86
03/27/2022,MGM,AL,ASO,ES,Combined TRACON& Tower with Radar,5,19,4,5,33,0,3,26,4,33,5,22,30,9,66,30,0,30,96
03/28/2022,MGM,AL,ASO,ES,Combined TRACON& Tower with Radar,3,14,26,18,61,0,10,29,3,42,3,24,55,21,103,128,6,134,237
03/29/2022,MGM,AL,ASO,ES,Combined TRACON& Tower with Radar,4,16,44,82,146,0,4,24,10,38,4,20,68,92,184,18,80,98,282
03/30/2022,MGM,AL,ASO,ES,Combined TRACON& Tower with Radar,3,17,21,5,46,0,0,4,1,5,3,17,25,6,51,0,2,2,53
03/31/2022,MGM,AL,ASO,ES,Combined TRACON& Tower with Radar,2,19,32,46,99,0,0,15,1,16,2,19,47,47,115,76,22,98,213
04/01/2022,MGM,AL,ASO,ES,Combined TRACON& Tower with Radar,2,16,33,40,91,0,1,40,15,56,2,17,73,55,147,136,20,156,303
04/02/2022,MGM,AL,ASO,ES,Combined TRACON& Tower with Radar,3,19,21,27,70,0,1,48,3,52,3,20,69,30,122,88,0,88,210
04/03/2022,MGM,AL,ASO,ES,Combined TRACON& Tower with Radar,3,16,24,46,89,0,2,25,15,42,3,18,49,61,131,16,10,26,157
04/04/2022,MGM,AL,ASO,ES,Combined TRACON& Tower with Radar,2,23,44,64,133,0,9,51,3,63,2,32,95,67,196,160,56,216,412
04/05/2022,MGM,AL,ASO,ES,Combined TRACON& Tower with Radar,7,16,8,7,38,0,1,2,0,3,7,17,10,7,41,0,0,0,41
04/06/2022,MGM,AL,ASO,ES,Combined TRACON& Tower with Radar,8,17,23,25,73,0,1,2,0,3,8,18,25,25,76,0,0,0,76
04/07/2022,MGM,AL,ASO,ES,Combined TRACON& Tower with Radar,7,28,52,97,184,0,1,39,29,69,7,29,91,126,253,100,63,163,416
04/08/2022,MGM,AL,ASO,ES,Combined TRACON& Tower with Radar,6,17,36,77,136,0,0,23,11,34,6,17,59,88,170,26,60,86,256
04/09/2022,MGM,AL,ASO,ES,Combined TRACON& Tower with Radar,5,12,9,5,31,0,0,20,2,22,5,12,29,7,53,6,0,6,59
04/10/2022,MGM,AL,ASO,ES,Combined TRACON& Tower with Radar,7,18,19,19,63,0,3,38,13,54,7,21,57,32,117,18,0,18,135
04/11/2022,MGM,AL,ASO,ES,Combined TRACON& Tower with Radar,7,18,27,35,87,0,0,20,7,27,7,18,47,42,114,68,40,108,222
04/12/2022,MGM,AL,ASO,ES,Combined TRACON& Tower with Radar,5,30,27,88,150,0,8,43,6,57,5,38,70,94,207,66,56,122,329
04/13/2022,MGM,AL,ASO,ES,Combined TRACON& Tower with Radar,6,20,27,53,106,0,1,25,10,36,6,21,52,63,142,32,46,78,220
04/14/2022,MGM,AL,ASO,ES,Combined TRACON& Tower with Radar,9,16,36,75,136,0,0,42,18,60,9,16,78,93,196,70,100,170,366
04/15/2022,MGM,AL,ASO,ES,Combined TRACON& Tower with Radar,7,16,35,61,119,0,2,72,9,83,7,18,107,70,202,22,8,30,232
04/16/2022,MGM,AL,ASO,ES,Combined TRACON& Tower with Radar,6,13,8,2,29,0,0,1,0,1,6,13,9,2,30,0,0,0,30
04/17/2022,MGM,AL,ASO,ES,Combined TRACON& Tower with Radar,7,17,6,0,30,0,0,0,0,0,7,17,6,0,30,0,0,0,30
04/18/2022,MGM,AL,ASO,ES,Combined TRACON& Tower with Radar,8,14,32,31,85,0,0,11,4,15,8,14,43,35,100,0,12,12,112
04/19/2022,MGM,AL,ASO,ES,Combined TRACON& Tower with Radar,5,20,42,41,108,0,3,51,5,59,5,23,93,46,167,100,64,164,331
04/20/2022,MGM,AL,ASO,ES,Combined TRACON& Tower with Radar,8,19,40,66,133,0,1,47,18,66,8,20,87,84,199,44,90,134,333
04/21/2022,MGM,AL,ASO,ES,Combined TRACON& Tower with Radar,8,27,30,31,96,0,5,49,18,72,8,32,79,49,168,110,11,121,289
04/22/2022,MGM,AL,ASO,ES,Combined TRACON& Tower with Radar,7,25,36,69,137,0,0,17,14,31,7,25,53,83,168,48,46,94,262
04/23/2022,MGM,AL,ASO,ES,Combined TRACON& Tower with Radar,7,16,25,6,54,0,1,47,3,51,7,17,72,9,105,60,2,62,167
04/24/2022,MGM,AL,ASO,ES,Combined TRACON& Tower with Radar,5,20,20,30,75,0,2,40,0,42,5,22,60,30,117,28,0,28,145
04/25/2022,MGM,AL,ASO,ES,Combined TRACON& Tower with Radar,7,19,29,77,132,0,0,24,5,29,7,19,53,82,161,16,138,154,315
04/26/2022,MGM,AL,ASO,ES,Combined TRACON& Tower with Radar,5,16,25,53,99,0,0,9,6,15,5,16,34,59,114,8,22,30,144
04/27/2022,MGM,AL,ASO,ES,Combined TRACON& Tower with Radar,10,17,29,40,96,0,5,58,8,71,10,22,87,48,167,60,52,112,279
04/28/2022,MGM,AL,ASO,ES,Combined TRACON& Tower with Radar,9,16,29,44,98,0,5,47,19,71,9,21,76,63,169,80,26,106,275
04/29/2022,MGM,AL,ASO,ES,Combined TRACON& Tower with Radar,7,18,23,71,119,0,2,40,14,56,7,20,63,85,175,44,64,108,283
04/30/2022,MGM,AL,ASO,ES,Combined TRACON& Tower with Radar,5,13,20,2,40,0,0,14,5,19,5,13,34,7,59,58,0,58,117
05/01/2022,MGM,AL,ASO,ES,Combined TRACON& Tower with Radar,7,21,14,1,43,0,0,3,12,15,7,21,17,13,58,0,4,4,62
05/02/2022,MGM,AL,ASO,ES,Combined TRACON& Tower with Radar,8,14,23,27,72,0,2,28,6,36,8,16,51,33,108,28,12,40,148
05/03/2022,MGM,AL,ASO,ES,Combined TRACON& Tower with Radar,4,14,26,25,69,0,6,14,16,36,4,20,40,41,105,60,22,82,187
05/04/2022,MGM,AL,ASO,ES,Combined TRACON& Tower with Radar,6,15,43,46,110,0,3,38,19,60,6,18,81,65,170,62,34,96,266
05/05/2022,MGM,AL,ASO,ES,Combined TRACON& Tower with Radar,10,16,39,94,159,0,8,54,30,92,10,24,93,124,251,50,60,110,361
05/06/2022,MGM,AL,ASO,ES,Combined TRACON& Tower with Radar,5,15,20,12,52,0,0,9,18,27,5,15,29,30,79,8,0,8,87
05/07/2022,MGM,AL,ASO,ES,Combined TRACON& Tower with Radar,7,16,24,9,56,0,4,12,1,17,7,20,36,10,73,22,0,22,95
05/08/2022,MGM,AL,ASO,ES,Combined TRACON& Tower with Radar,7,17,7,8,39,0,4,21,4,29,7,21,28,12,68,14,0,14,82
05/09/2022,MGM,AL,ASO,ES,Combined TRACON& Tower with Radar,9,21,32,39,101,0,3,50,2,55,9,24,82,41,156,80,28,108,264
05/10/2022,MGM,AL,ASO,ES,Combined TRACON& Tower with Radar,6,16,28,34,84,0,2,36,7,45,6,18,64,41,129,101,54,155,284
05/11/2022,MGM,AL,ASO,ES,Combined TRACON& Tower with Radar,7,16,43,29,95,0,0,43,3,46,7,16,86,32,141,40,20,60,201
05/12/2022,MGM,AL,ASO,ES,Combined TRACON& Tower with Radar,10,25,33,41,109,0,3,47,9,59,10,28,80,50,168,138,58,196,364
05/13/2022,MGM,AL,ASO,ES,Combined TRACON& Tower with Radar,9,15,29,72,125,0,4,29,22,55,9,19,58,94,180,18,62,80,260
05/14/2022,MGM,AL,ASO,ES,Combined TRACON& Tower with Radar,6,17,16,20,59,0,5,25,11,41,6,22,41,31,100,10,29,39,139
05/15/2022,MGM,AL,ASO,ES,Combined TRACON& Tower with Radar,6,17,17,4,44,0,2,13,11,26,6,19,30,15,70,36,10,46,116
05/16/2022,MGM,AL,ASO,ES,Combined TRACON& Tower with Radar,6,21,30,55,112,0,7,23,2,32,6,28,53,57,144,14,36,50,194
05/17/2022,MGM,AL,ASO,ES,Combined TRACON& Tower with Radar,7,14,25,79,125,0,5,50,8,63,7,19,75,87,188,138,66,204,392
05/18/2022,MGM,AL,ASO,ES,Combined TRACON& Tower with Radar,7,14,22,55,98,0,3,41,6,50,7,17,63,61,148,114,31,145,293
05/19/2022,MGM,AL,ASO,ES,Combined TRACON& Tower with Radar,7,18,61,73,159,0,3,36,22,61,7,21,97,95,220,105,77,182,402
05/20/2022,MGM,AL,ASO,ES,Combined TRACON& Tower with Radar,7,17,25,39,88,0,6,13,19,38,7,23,38,58,126,20,4,24,150
05/21/2022,MGM,AL,ASO,ES,Combined TRACON& Tower with Radar,6,16,13,7,42,0,6,14,0,20,6,22,27,7,62,18,0,18,80
05/22/2022,MGM,AL,ASO,ES,Combined TRACON& Tower with Radar,9,17,16,8,50,0,1,4,8,13,9,18,20,16,63,6,0,6,69
05/23/2022,MGM,AL,ASO,ES,Combined TRACON& Tower with Radar,7,17,22,14,60,0,0,9,0,9,7,17,31,14,69,0,0,0,69
05/24/2022,MGM,AL,ASO,ES,Combined TRACON& Tower with Radar,7,17,37,25,86,0,4,12,5,21,7,21,49,30,107,0,38,38,145
05/25/2022,MGM,AL,ASO,ES,Combined TRACON& Tower with Radar,8,16,7,21,52,0,0,1,10,11,8,16,8,31,63,0,26,26,89
05/26/2022,MGM,AL,ASO,ES,Combined TRACON& Tower with Radar,7,17,22,3,49,0,0,0,0,0,7,17,22,3,49,0,0,0,49
05/27/2022,MGM,AL,ASO,ES,Combined TRACON& Tower with Radar,7,16,26,4,53,0,3,42,1,46,7,19,68,5,99,152,0,152,251
05/28/2022,MGM,AL,ASO,ES,Combined TRACON& Tower with Radar,7,13,20,8,48,0,0,36,0,36,7,13,56,8,84,32,0,32,116
05/29/2022,MGM,AL,ASO,ES,Combined TRACON& Tower with Radar,6,14,12,4,36,0,0,25,0,25,6,14,37,4,61,10,0,10,71
05/30/2022,MGM,AL,ASO,ES,Combined TRACON& Tower with Radar,7,14,11,0,32,0,0,27,0,27,7,14,38,0,59,28,0,28,87
05/31/2022,MGM,AL,ASO,ES,Combined TRACON& Tower with Radar,7,11,17,42,77,0,9,42,3,54,7,20,59,45,131,60,2,62,193
06/01/2022,MGM,AL,ASO,ES,Combined TRACON& Tower with Radar,6,10,28,65,109,0,13,50,18,81,6,23,78,83,190,128,106,234,424
06/02/2022,MGM,AL,ASO,ES,Combined TRACON& Tower with Radar,7,18,29,40,94,0,1,30,14,45,7,19,59,54,139,44,8,52,191
06/03/2022,MGM,AL,ASO,ES,Combined TRACON& Tower with Radar,5,15,34,31,85,0,2,25,14,41,5,17,59,45,126,74,81,155,281
06/04/2022,MGM,AL,ASO,ES,Combined TRACON& Tower with Radar,6,9,13,14,42,0,1,21,19,41,6,10,34,33,83,6,50,56,139
06/05/2022,MGM,AL,ASO,ES,Combined TRACON& Tower with Radar,6,15,15,1,37,0,0,23,1,24,6,15,38,2,61,40,21,61,122
06/06/2022,MGM,AL,ASO,ES,Combined TRACON& Tower with Radar,8,16,33,60,117,0,0,35,4,39,8,16,68,64,156,82,30,112,268
06/07/2022,MGM,AL,ASO,ES,Combined TRACON& Tower with Radar,6,12,25,41,84,0,4,30,4,38,6,16,55,45,122,46,40,86,208
06/08/2022,MGM,AL,ASO,ES,Combined TRACON& Tower with Radar,5,16,38,20,79,0,3,9,6,18,5,19,47,26,97,34,32,66,163
06/09/2022,MGM,AL,ASO,ES,Combined TRACON& Tower with Radar,10,21,32,68,131,0,1,43,12,56,10,22,75,80,187,66,24,90,277
06/10/2022,MGM,AL,ASO,ES,Combined TRACON& Tower with Radar,8,15,23,49,95,0,9,33,10,52,8,24,56,59,147,78,32,110,257
06/11/2022,MGM,AL,ASO,ES,Combined TRACON& Tower with Radar,6,16,8,8,38,0,2,23,4,29,6,18,31,12,67,62,0,62,129
06/12/2022,MGM,AL,ASO,ES,Combined TRACON& Tower with Radar,7,15,23,9,54,0,2,20,3,25,7,17,43,12,79,14,0,14,93
06/13/2022,MGM,AL,ASO,ES,Combined TRACON& Tower with Radar,5,16,36,34,91,0,0,48,2,50,5,16,84,36,141,52,0,52,193
06/14/2022,MGM,AL,ASO,ES,Combined TRACON& Tower with Radar,7,19,34,35,95,0,4,17,3,24,7,23,51,38,119,2,28,30,149
06/15/2022,MGM,AL,ASO,ES,Combined TRACON& Tower with Radar,11,21,46,44,122,0,7,53,6,66,11,28,99,50,188,12,48,60,248
06/16/2022,MGM,AL,ASO,ES,Combined TRACON& Tower with Radar,6,23,28,51,108,0,5,28,6,39,6,28,56,57,147,28,13,41,188
06/17/2022,MGM,AL,ASO,ES,Combined TRACON& Tower with Radar,7,23,18,31,79,0,0,26,4,30,7,23,44,35,109,36,18,54,163
06/18/2022,MGM,AL,ASO,ES,Combined TRACON& Tower with Radar,5,15,13,0,33,0,2,16,0,18,5,17,29,0,51,32,0,32,83
06/19/2022,MGM,AL,ASO,ES,Combined TRACON& Tower with Radar,7,14,8,8,37,0,3,12,0,15,7,17,20,8,52,6,0,6,58
06/20/2022,MGM,AL,ASO,ES,Combined TRACON& Tower with Radar,7,15,18,4,44,0,2,40,1,43,7,17,58,5,87,42,0,42,129
06/21/2022,MGM,AL,ASO,ES,Combined TRACON& Tower with Radar,10,15,21,78,124,0,4,27,10,41,10,19,48,88,165,28,38,66,231
06/22/2022,MGM,AL,ASO,ES,Combined TRACON& Tower with Radar,8,15,25,52,100,0,0,21,12,33,8,15,46,64,133,30,6,36,169
06/23/2022,MGM,AL,ASO,ES,Combined TRACON& Tower with Radar,7,19,11,25,62,0,6,20,10,36,7,25,31,35,98,24,9,33,131
06/24/2022,MGM,AL,ASO,ES,Combined TRACON& Tower with Radar,10,20,22,76,128,0,3,23,14,40,10,23,45,90,168,30,4,34,202
06/25/2022,MGM,AL,ASO,ES,Combined TRACON& Tower with Radar,6,15,4,4,29,0,1,15,3,19,6,16,19,7,48,0,0,0,48
06/26/2022,MGM,AL,ASO,ES,Combined TRACON& Tower with Radar,4,24,22,55,105,0,0,18,4,22,4,24,40,59,127,16,2,18,145
06/27/2022,MGM,AL,ASO,ES,Combined TRACON& Tower with Radar,9,16,11,34,70,0,5,7,1,13,9,21,18,35,83,1,10,11,94
06/28/2022,MGM,AL,ASO,ES,Combined TRACON& Tower with Radar,9,14,24,45,92,0,10,33,0,43,9,24,57,45,135,82,42,124,259
06/29/2022,MGM,AL,ASO,ES,Combined TRACON& Tower with Radar,8,16,9,51,84,0,5,13,3,21,8,21,22,54,105,8,6,14,119
06/30/2022,MGM,AL,ASO,ES,Combined TRACON& Tower with Radar,11,17,26,32,86,0,4,4,2,10,11,21,30,34,96,18,15,33,129
07/01/2022,MGM,AL,ASO,ES,Combined TRACON& Tower with Radar,8,17,20,4,49,0,2,11,0,13,8,19,31,4,62,20,0,20,82
07/02/2022,MGM,AL,ASO,ES,Combined TRACON& Tower with Radar,4,14,13,0,31,0,1,1,0,2,4,15,14,0,33,20,0,20,53
07/03/2022,MGM,AL,ASO,ES,Combined TRACON& Tower with Radar,2,10,13,0,25,0,0,4,0,4,2,10,17,0,29,20,0,20,49
07/04/2022,MGM,AL,ASO,ES,Combined TRACON& Tower with Radar,6,9,13,0,28,0,1,5,0,6,6,10,18,0,34,18,0,18,52
07/05/2022,MGM,AL,ASO,ES,Combined TRACON& Tower with Radar,5,13,14,38,70,0,3,20,2,25,5,16,34,40,95,26,4,30,125
07/06/2022,MGM,AL,ASO,ES,Combined TRACON& Tower with Radar,8,15,22,115,160,0,0,34,11,45,8,15,56,126,205,26,62,88,293
07/07/2022,MGM,AL,ASO,ES,Combined TRACON& Tower with Radar,8,11,18,39,76,0,0,41,4,45,8,11,59,43,121,22,6,28,149
07/08/2022,MGM,AL,ASO,ES,Combined TRACON& Tower with Radar,6,12,19,33,70,0,4,22,8,34,6,16,41,41,104,6,50,56,160
07/09/2022,MGM,AL,ASO,ES,Combined TRACON& Tower with Radar,3,15,11,0,29,0,0,7,1,8,3,15,18,1,37,48,0,48,85
07/10/2022,MGM,AL,ASO,ES,Combined TRACON& Tower with Radar,5,21,11,30,67,0,1,14,20,35,5,22,25,50,102,24,0,24,126
07/11/2022,MGM,AL,ASO,ES,Combined TRACON& Tower with Radar,7,15,16,31,69,0,3,11,1,15,7,18,27,32,84,2,16,18,102
07/12/2022,MGM,AL,ASO,ES,Combined TRACON& Tower with Radar,5,17,33,68,123,0,4,18,2,24,5,21,51,70,147,16,22,38,185
07/13/2022,MGM,AL,ASO,ES,Combined TRACON& Tower with Radar,5,15,30,74,124,0,1,17,2,20,5,16,47,76,144,12,46,58,202
07/14/2022,MGM,AL,ASO,ES,Combined TRACON& Tower with Radar,5,14,18,10,47,0,8,11,6,25,5,22,29,16,72,6,8,14,86
07/15/2022,MGM,AL,ASO,ES,Combined TRACON& Tower with Radar,6,15,25,54,100,0,3,23,4,30,6,18,48,58,130,8,60,68,198
07/16/2022,MGM,AL,ASO,ES,Combined TRACON& Tower with Radar,3,19,20,13,55,0,4,17,2,23,3,23,37,15,78,24,14,38,116
07/17/2022,MGM,AL,ASO,ES,Combined TRACON& Tower with Radar,8,15,26,37,86,0,6,35,11,52,8,21,61,48,138,46,1,47,185
07/18/2022,MGM,AL,ASO,ES,Combined TRACON& Tower with Radar,9,20,21,53,103,0,3,46,7,56,9,23,67,60,159,36,8,44,203
07/19/2022,MGM,AL,ASO,ES,Combined TRACON& Tower with Radar,6,15,30,52,103,0,4,9,6,19,6,19,39,58,122,0,42,42,164
07/20/2022,MGM,AL,ASO,ES,Combined TRACON& Tower with Radar,9,16,32,97,154,0,3,50,24,77,9,19,82,121,231,30,48,78,309
07/21/2022,MGM,AL,ASO,ES,Combined TRACON& Tower with Radar,8,17,18,35,78,0,9,11,8,28,8,26,29,43,106,58,24,82,188
07/22/2022,MGM,AL,ASO,ES,Combined TRACON& Tower with Radar,6,17,33,26,82,0,8,10,6,24,6,25,43,32,106,44,2,46,152
07/23/2022,MGM,AL,ASO,ES,Combined TRACON& Tower with Radar,6,15,18,3,42,0,3,16,0,19,6,18,34,3,61,8,0,8,69
07/24/2022,MGM,AL,ASO,ES,Combined TRACON& Tower with Radar,6,14,17,16,53,0,0,19,3,22,6,14,36,19,75,0,1,1,76
07/25/2022,MGM,AL,ASO,ES,Combined TRACON& Tower with Radar,5,13,20,13,51,0,6,28,1,35,5,19,48,14,86,24,0,24,110
07/26/2022,MGM,AL,ASO,ES,Combined TRACON& Tower with Radar,6,24,27,59,116,0,7,28,15,50,6,31,55,74,166,10,30,40,206
07/27/2022,MGM,AL,ASO,ES,Combined TRACON& Tower with Radar,5,15,20,46,86,0,2,33,7,42,5,17,53,53,128,28,18,46,174
07/28/2022,MGM,AL,ASO,ES,Combined TRACON& Tower with Radar,5,18,20,41,84,0,0,26,11,37,5,18,46,52,121,28,34,62,183
07/29/2022,MGM,AL,ASO,ES,Combined TRACON& Tower with Radar,5,20,10,52,87,0,1,20,14,35,5,21,30,66,122,24,24,48,170
07/30/2022,MGM,AL,ASO,ES,Combined TRACON& Tower with Radar,5,11,21,12,49,0,2,16,0,18,5,13,37,12,67,8,2,10,77
07/31/2022,MGM,AL,ASO,ES,Combined TRACON& Tower with Radar,6,15,11,8,40,0,0,35,4,39,6,15,46,12,79,22,0,22,101
08/01/2022,MGM,AL,ASO,ES,Combined TRACON& Tower with Radar,5,13,16,12,46,0,2,22,8,32,5,15,38,20,78,20,3,23,101
08/02/2022,MGM,AL,ASO,ES,Combined TRACON& Tower with Radar,5,19,20,16,60,0,3,16,5,24,5,22,36,21,84,30,10,40,124
08/03/2022,MGM,AL,ASO,ES,Combined TRACON& Tower with Radar,6,14,25,80,125,0,4,11,11,26,6,18,36,91,151,18,30,48,199
08/04/2022,MGM,AL,ASO,ES,Combined TRACON& Tower with Radar,4,22,16,17,59,0,1,38,2,41,4,23,54,19,100,68,12,80,180
08/05/2022,MGM,AL,ASO,ES,Combined TRACON& Tower with Radar,7,17,32,35,91,0,7,33,11,51,7,24,65,46,142,84,14,98,240
08/06/2022,MGM,AL,ASO,ES,Combined TRACON& Tower with Radar,6,17,8,3,34,0,0,27,1,28,6,17,35,4,62,36,0,36,98
08/07/2022,MGM,AL,ASO,ES,Combined TRACON& Tower with Radar,5,20,16,30,71,0,2,24,12,38,5,22,40,42,109,34,0,34,143
08/08/2022,MGM,AL,ASO,ES,Combined TRACON& Tower with Radar,5,18,31,34,88,0,3,22,4,29,5,21,53,38,117,14,0,14,131
08/09/2022,MGM,AL,ASO,ES,Combined TRACON& Tower with Radar,5,15,28,29,77,0,8,14,3,25,5,23,42,32,102,0,0,0,102
08/10/2022,MGM,AL,ASO,ES,Combined TRACON& Tower with Radar,6,12,30,21,69,0,0,22,12,34,6,12,52,33,103,26,6,32,135
08/11/2022,MGM,AL,ASO,ES,Combined TRACON& Tower with Radar,7,16,12,57,92,0,1,9,16,26,7,17,21,73,118,20,50,70,188
08/12/2022,MGM,AL,ASO,ES,Combined TRACON& Tower with Radar,8,13,24,42,87,0,4,14,13,31,8,17,38,55,118,6,10,16,134
08/13/2022,MGM,AL,ASO,ES,Combined TRACON& Tower with Radar,7,14,24,4,49,0,1,19,4,24,7,15,43,8,73,48,0,48,121
08/14/2022,MGM,AL,ASO,ES,Combined TRACON& Tower with Radar,6,12,9,10,37,0,1,26,11,38,6,13,35,21,75,28,4,32,107
08/15/2022,MGM,AL,ASO,ES,Combined TRACON& Tower with Radar,8,15,20,17,60,0,2,32,1,35,8,17,52,18,95,52,18,70,165
08/16/2022,MGM,AL,ASO,ES,Combined TRACON& Tower with Radar,9,10,17,55,91,0,3,31,7,41,9,13,48,62,132,56,56,112,244
08/17/2022,MGM,AL,ASO,ES,Combined TRACON& Tower with Radar,5,17,26,26,74,0,9,11,4,24,5,26,37,30,98,0,22,22,120
08/18/2022,MGM,AL,ASO,ES,Combined TRACON& Tower with Radar,5,13,28,33,79,0,6,23,7,36,5,19,51,40,115,78,24,102,217
08/19/2022,MGM,AL,ASO,ES,Combined TRACON& Tower with Radar,4,22,24,28,78,0,5,10,13,28,4,27,34,41,106,8,20,28,134
08/20/2022,MGM,AL,ASO,ES,Combined TRACON& Tower with Radar,3,11,7,0,21,0,1,21,2,24,3,12,28,2,45,38,0,38,83
08/21/2022,MGM,AL,ASO,ES,Combined TRACON& Tower with Radar,5,16,16,2,39,0,0,0,1,1,5,16,16,3,40,0,0,0,40
08/22/2022,MGM,AL,ASO,ES,Combined TRACON& Tower with Radar,4,20,25,2,51,0,0,2,0,2,4,20,27,2,53,0,0,0,53
08/23/2022,MGM,AL,ASO,ES,Combined TRACON& Tower with Radar,4,12,17,12,45,0,0,17,0,17,4,12,34,12,62,4,0,4,66
08/24/2022,MGM,AL,ASO,ES,Combined TRACON& Tower with Radar,4,19,6,0,29,0,0,1,0,1,4,19,7,0,30,0,0,0,30
08/25/2022,MGM,AL,ASO,ES,Combined TRACON& Tower with Radar,4,16,24,21,65,0,0,1,8,9,4,16,25,29,74,0,8,8,82
08/26/2022,MGM,AL,ASO,ES,Combined TRACON& Tower with Radar,6,20,10,27,63,0,1,4,8,13,6,21,14,35,76,0,0,0,76
08/27/2022,MGM,AL,ASO,ES,Combined TRACON& Tower with Radar,4,13,9,5,31,0,1,19,1,21,4,14,28,6,52,6,0,6,58
08/28/2022,MGM,AL,ASO,ES,Combined TRACON& Tower with Radar,8,16,23,24,71,0,5,33,17,55,8,21,56,41,126,0,0,0,126
08/29/2022,MGM,AL,ASO,ES,Combined TRACON& Tower with Radar,4,14,20,27,65,0,2,24,9,35,4,16,44,36,100,46,20,66,166
08/30/2022,MGM,AL,ASO,ES,Combined TRACON& Tower with Radar,2,22,20,20,64,0,5,26,3,34,2,27,46,23,98,18,4,22,120
08/31/2022,MGM,AL,ASO,ES,Combined TRACON& Tower with Radar,4,13,24,20,61,0,5,33,17,55,4,18,57,37,116,44,20,64,180
09/01/2022,MGM,AL,ASO,ES,Combined TRACON& Tower with Radar,9,14,23,11,57,0,7,53,5,65,9,21,76,16,122,50,0,50,172
09/02/2022,MGM,AL,ASO,ES,Combined TRACON& Tower with Radar,7,20,26,8,61,0,6,5,1,12,7,26,31,9,73,34,0,34,107
09/03/2022,MGM,AL,ASO,ES,Combined TRACON& Tower with Radar,4,11,19,8,42,0,0,3,0,3,4,11,22,8,45,8,0,8,53
09/04/2022,MGM,AL,ASO,ES,Combined TRACON& Tower with Radar,5,19,4,17,45,0,0,3,3,6,5,19,7,20,51,0,0,0,51
09/05/2022,MGM,AL,ASO,ES,Combined TRACON& Tower with Radar,6,15,16,0,37,0,0,11,0,11,6,15,27,0,48,10,0,10,58
09/06/2022,MGM,AL,ASO,ES,Combined TRACON& Tower with Radar,5,14,20,16,55,0,3,24,7,34,5,17,44,23,89,26,0,26,115
09/07/2022,MGM,AL,ASO,ES,Combined TRACON& Tower with Radar,11,13,31,39,94,0,3,26,5,34,11,16,57,44,128,12,4,16,144
09/08/2022,MGM,AL,ASO,ES,Combined TRACON& Tower with Radar,9,19,24,43,95,0,1,33,9,43,9,20,57,52,138,28,31,59,197
09/09/2022,MGM,AL,ASO,ES,Combined TRACON& Tower with Radar,7,17,14,33,71,0,0,2,2,4,7,17,16,35,75,0,0,0,75
09/10/2022,MGM,AL,ASO,ES,Combined TRACON& Tower with Radar,5,15,26,16,62,0,0,2,3,5,5,15,28,19,67,0,0,0,67
09/11/2022,MGM,AL,ASO,ES,Combined TRACON& Tower with Radar,11,14,10,19,54,0,1,6,7,14,11,15,16,26,68,6,2,8,76
09/12/2022,MGM,AL,ASO,ES,Combined TRACON& Tower with Radar,9,13,21,44,87,0,2,18,2,22,9,15,39,46,109,0,0,0,109
09/13/2022,MGM,AL,ASO,ES,Combined TRACON& Tower with Radar,5,16,20,6,47,0,6,44,1,51,5,22,64,7,98,54,0,54,152
09/14/2022,MGM,AL,ASO,ES,Combined TRACON& Tower with Radar,7,19,26,18,70,0,1,57,2,60,7,20,83,20,130,64,6,70,200
09/15/2022,MGM,AL,ASO,ES,Combined TRACON& Tower with Radar,7,16,37,25,85,0,2,65,4,71,7,18,102,29,156,56,0,56,212
09/16/2022,MGM,AL,ASO,ES,Combined TRACON& Tower with Radar,8,13,27,38,86,0,2,27,8,37,8,15,54,46,123,32,0,32,155
09/17/2022,MGM,AL,ASO,ES,Combined TRACON& Tower with Radar,9,10,13,2,34,0,0,24,6,30,9,10,37,8,64,12,6,18,82
09/18/2022,MGM,AL,ASO,ES,Combined TRACON& Tower with Radar,9,14,16,11,50,0,3,22,11,36,9,17,38,22,86,2,4,6,92
09/19/2022,MGM,AL,ASO,ES,Combined TRACON& Tower with Radar,7,12,24,16,59,0,3,44,1,48,7,15,68,17,107,50,0,50,157
09/20/2022,MGM,AL,ASO,ES,Combined TRACON& Tower with Radar,6,15,20,24,65,0,11,31,4,46,6,26,51,28,111,28,2,30,141
09/21/2022,MGM,AL,ASO,ES,Combined TRACON& Tower with Radar,8,20,35,13,76,0,1,39,6,46,8,21,74,19,122,50,12,62,184
09/22/2022,MGM,AL,ASO,ES,Combined TRACON& Tower with Radar,9,22,27,26,84,0,4,41,9,54,9,26,68,35,138,50,6,56,194
09/23/2022,MGM,AL,ASO,ES,Combined TRACON& Tower with Radar,8,17,31,38,94,0,4,24,10,38,8,21,55,48,132,48,0,48,180
09/24/2022,MGM,AL,ASO,ES,Combined TRACON& Tower with Radar,5,16,17,4,42,0,6,45,3,54,5,22,62,7,96,46,0,46,142
09/25/2022,MGM,AL,ASO,ES,Combined TRACON& Tower with Radar,7,12,12,5,36,0,1,18,2,21,7,13,30,7,57,16,0,16,73
09/26/2022,MGM,AL,ASO,ES,Combined TRACON& Tower with Radar,7,11,30,6,54,0,4,30,3,37,7,15,60,9,91,8,1,9,100
09/27/2022,MGM,AL,ASO,ES,Combined TRACON& Tower with Radar,6,17,24,5,52,0,3,33,1,37,6,20,57,6,89,8,0,8,97
09/28/2022,MGM,AL,ASO,ES,Combined TRACON& Tower with Radar,11,12,23,6,52,0,4,8,5,17,11,16,31,11,69,12,0,12,81
09/29/2022,MGM,AL,ASO,ES,Combined TRACON& Tower with Radar,11,15,8,3,37,0,1,8,6,15,11,16,16,9,52,2,0,2,54
09/30/2022,MGM,AL,ASO,ES,Combined TRACON& Tower with Radar,10,15,22,10,57,0,1,30,3,34,10,16,52,13,91,46,2,48,139
10/01/2022,MGM,AL,ASO,ES,Combined TRACON& Tower with Radar,8,12,10,15,45,0,2,36,5,43,8,14,46,20,88,56,4,60,148
10/02/2022,MGM,AL,ASO,ES,Combined TRACON& Tower with Radar,7,15,21,8,51,0,0,11,0,11,7,15,32,8,62,0,12,12,74
10/03/2022,MGM,AL,ASO,ES,Combined TRACON& Tower with Radar,7,11,18,6,42,0,1,31,1,33,7,12,49,7,75,18,0,18,93
10/04/2022,MGM,AL,ASO,ES,Combined TRACON& Tower with Radar,6,15,25,17,63,0,23,43,3,69,6,38,68,20,132,58,4,62,194
10/05/2022,MGM,AL,ASO,ES,Combined TRACON& Tower with Radar,9,18,23,20,70,0,4,35,8,47,9,22,58,28,117,12,0,12,129
10/06/2022,MGM,AL,ASO,ES,Combined TRACON& Tower with Radar,6,27,22,27,82,0,2,63,17,82,6,29,85,44,164,38,20,58,222
10/07/2022,MGM,AL,ASO,ES,Combined TRACON& Tower with Radar,7,13,21,11,52,0,8,40,1,49,7,21,61,12,101,68,0,68,169
10/08/2022,MGM,AL,ASO,ES,Combined TRACON& Tower with Radar,9,11,11,6,37,0,0,43,0,43,9,11,54,6,80,2,4,6,86
10/09/2022,MGM,AL,ASO,ES,Combined TRACON& Tower with Radar,8,13,13,3,37,0,0,18,1,19,8,13,31,4,56,0,0,0,56
10/10/2022,MGM,AL,ASO,ES,Combined TRACON& Tower with Radar,6,16,23,11,56,0,0,27,1,28,6,16,50,12,84,0,0,0,84
10/11/2022,MGM,AL,ASO,ES,Combined TRACON& Tower with Radar,6,16,22,22,66,0,7,39,2,48,6,23,61,24,114,38,0,38,152
10/12/2022,MGM,AL,ASO,ES,Combined TRACON& Tower with Radar,5,20,21,19,65,0,0,4,1,5,5,20,25,20,70,22,0,22,92
10/13/2022,MGM,AL,ASO,ES,Combined TRACON& Tower with Radar,5,18,24,16,63,0,4,24,2,30,5,22,48,18,93,12,7,19,112
10/14/2022,MGM,AL,ASO,ES,Combined TRACON& Tower with Radar,9,17,21,23,70,0,6,53,8,67,9,23,74,31,137,70,4,74,211
10/15/2022,MGM,AL,ASO,ES,Combined TRACON& Tower with Radar,5,18,7,5,35,0,1,31,2,34,5,19,38,7,69,16,0,16,85
10/16/2022,MGM,AL,ASO,ES,Combined TRACON& Tower with Radar,7,17,14,8,46,0,1,25,1,27,7,18,39,9,73,8,0,8,81
10/17/2022,MGM,AL,ASO,ES,Combined TRACON& Tower with Radar,6,14,18,17,55,0,0,38,1,39,6,14,56,18,94,24,6,30,124
10/18/2022,MGM,AL,ASO,ES,Combined TRACON& Tower with Radar,11,10,23,16,60,0,4,22,5,31,11,14,45,21,91,92,0,92,183
10/19/2022,MGM,AL,ASO,ES,Combined TRACON& Tower with Radar,6,20,19,25,70,0,12,48,3,63,6,32,67,28,133,48,22,70,203
10/20/2022,MGM,AL,ASO,ES,Combined TRACON& Tower with Radar,7,22,23,22,74,0,1,49,7,57,7,23,72,29,131,82,12,94,225
10/21/2022,MGM,AL,ASO,ES,Combined TRACON& Tower with Radar,9,20,19,22,70,0,3,36,12,51,9,23,55,34,121,40,18,58,179
10/22/2022,MGM,AL,ASO,ES,Combined TRACON& Tower with Radar,4,25,22,1,52,0,3,28,2,33,4,28,50,3,85,20,4,24,109
10/23/2022,MGM,AL,ASO,ES,Combined TRACON& Tower with Radar,8,10,16,10,44,0,0,29,2,31,8,10,45,12,75,14,10,24,99
10/24/2022,MGM,AL,ASO,ES,Combined TRACON& Tower with Radar,6,17,27,26,76,0,2,33,0,35,6,19,60,26,111,30,0,30,141
10/25/2022,MGM,AL,ASO,ES,Combined TRACON& Tower with Radar,6,19,13,2,40,0,0,10,0,10,6,19,23,2,50,12,0,12,62
10/26/2022,MGM,AL,ASO,ES,Combined TRACON& Tower with Radar,6,26,20,22,74,0,4,23,13,40,6,30,43,35,114,36,15,51,165
10/27/2022,MGM,AL,ASO,ES,Combined TRACON& Tower with Radar,6,18,23,19,66,0,7,34,11,52,6,25,57,30,118,28,8,36,154
10/28/2022,MGM,AL,ASO,ES,Combined TRACON& Tower with Radar,7,15,23,31,76,0,1,23,5,29,7,16,46,36,105,44,22,66,171
10/29/2022,MGM,AL,ASO,ES,Combined TRACON& Tower with Radar,2,14,21,11,48,0,0,14,4,18,2,14,35,15,66,0,0,0,66
10/30/2022,MGM,AL,ASO,ES,Combined TRACON& Tower with Radar,6,15,20,2,43,0,0,0,0,0,6,15,20,2,43,0,0,0,43
10/31/2022,MGM,AL,ASO,ES,Combined TRACON& Tower with Radar,6,12,38,12,68,0,1,22,1,24,6,13,60,13,92,10,6,16,108
11/01/2022,MGM,AL,ASO,ES,Combined TRACON& Tower with Radar,6,15,18,18,57,0,5,36,1,42,6,20,54,19,99,26,0,26,125
11/02/2022,MGM,AL,ASO,ES,Combined TRACON& Tower with Radar,5,13,19,25,62,0,1,38,6,45,5,14,57,31,107,42,4,46,153
11/03/2022,MGM,AL,ASO,ES,Combined TRACON& Tower with Radar,7,18,37,17,79,0,0,57,7,64,7,18,94,24,143,80,33,113,256
11/04/2022,MGM,AL,ASO,ES,Combined TRACON& Tower with Radar,6,20,26,39,91,0,4,16,12,32,6,24,42,51,123,46,42,88,211
11/05/2022,MGM,AL,ASO,ES,Combined TRACON& Tower with Radar,3,19,18,21,61,0,2,8,1,11,3,21,26,22,72,14,20,34,106
11/06/2022,MGM,AL,ASO,ES,Combined TRACON& Tower with Radar,5,15,13,25,58,0,2,22,10,34,5,17,35,35,92,14,13,27,119
11/07/2022,MGM,AL,ASO,ES,Combined TRACON& Tower with Radar,5,12,24,7,48,0,4,11,3,18,5,16,35,10,66,30,1,31,97
11/08/2022,MGM,AL,ASO,ES,Combined TRACON& Tower with Radar,5,14,22,42,83,0,4,28,2,34,5,18,50,44,117,10,6,16,133
11/09/2022,MGM,AL,ASO,ES,Combined TRACON& Tower with Radar,5,22,30,19,76,0,5,26,8,39,5,27,56,27,115,46,6,52,167
11/10/2022,MGM,AL,ASO,ES,Combined TRACON& Tower with Radar,5,17,26,9,57,0,0,9,1,10,5,17,35,10,67,10,0,10,77
11/11/2022,MGM,AL,ASO,ES,Combined TRACON& Tower with Radar,5,26,15,0,46,0,0,2,0,2,5,26,17,0,48,2,0,2,50
11/12/2022,MGM,AL,ASO,ES,Combined TRACON& Tower with Radar,6,15,10,2,33,0,0,1,0,1,6,15,11,2,34,0,0,0,34
11/13/2022,MGM,AL,ASO,ES,Combined TRACON& Tower with Radar,14,9,8,0,31,0,1,16,2,19,14,10,24,2,50,0,0,0,50
11/14/2022,MGM,AL,ASO,ES,Combined TRACON& Tower with Radar,9,10,22,19,60,0,5,50,1,56,9,15,72,20,116,34,0,34,150
11/15/2022,MGM,AL,ASO,ES,Combined TRACON& Tower with Radar,12,16,13,11,52,0,1,0,0,1,12,17,13,11,53,0,0,0,53
11/16/2022,MGM,AL,ASO,ES,Combined TRACON& Tower with Radar,7,11,33,15,66,0,2,34,7,43,7,13,67,22,109,40,0,40,149
11/17/2022,MGM,AL,ASO,ES,Combined TRACON& Tower with Radar,8,15,33,26,82,0,9,34,14,57,8,24,67,40,139,62,8,70,209
11/18/2022,MGM,AL,ASO,ES,Combined TRACON& Tower with Radar,12,14,22,16,64,0,2,54,7,63,12,16,76,23,127,90,0,90,217
11/19/2022,MGM,AL,ASO,ES,Combined TRACON& Tower with Radar,10,15,16,2,43,0,0,36,2,38,10,15,52,4,81,10,0,10,91
11/20/2022,MGM,AL,ASO,ES,Combined TRACON& Tower with Radar,7,11,10,3,31,0,2,22,1,25,7,13,32,4,56,46,5,51,107
11/21/2022,MGM,AL,ASO,ES,Combined TRACON& Tower with Radar,8,18,17,9,52,0,8,34,1,43,8,26,51,10,95,96,0,96,191
11/22/2022,MGM,AL,ASO,ES,Combined TRACON& Tower with Radar,6,17,15,16,54,0,0,20,0,20,6,17,35,16,74,66,2,68,142
11/23/2022,MGM,AL,ASO,ES,Combined TRACON& Tower with Radar,9,16,5,3,33,0,3,22,1,26,9,19,27,4,59,26,0,26,85
11/24/2022,MGM,AL,ASO,ES,Combined TRACON& Tower with Radar,4,6,6,0,16,0,1,2,0,3,4,7,8,0,19,0,0,0,19
11/25/2022,MGM,AL,ASO,ES,Combined TRACON& Tower with Radar,5,7,9,0,21,0,0,0,0,0,5,7,9,0,21,0,0,0,21
11/26/2022,MGM,AL,ASO,ES,Combined TRACON& Tower with Radar,3,21,12,0,36,0,0,0,0,0,3,21,12,0,36,0,0,0,36
11/27/2022,MGM,AL,ASO,ES,Combined TRACON& Tower with Radar,7,16,15,0,38,0,1,14,0,15,7,17,29,0,53,0,0,0,53
11/28/2022,MGM,AL,ASO,ES,Combined TRACON& Tower with Radar,8,12,16,23,59,0,6,18,0,24,8,18,34,23,83,40,0,40,123
11/29/2022,MGM,AL,ASO,ES,Combined TRACON& Tower with Radar,5,16,20,15,56,0,1,15,2,18,5,17,35,17,74,28,0,28,102
11/30/2022,MGM,AL,ASO,ES,Combined TRACON& Tower with Radar,5,22,17,4,48,0,4,7,1,12,5,26,24,5,60,17,0,17,77
12/01/2022,MGM,AL,ASO,ES,Combined TRACON& Tower with Radar,8,16,26,23,73,0,7,35,17,59,8,23,61,40,132,84,30,114,246
12/02/2022,MGM,AL,ASO,ES,Combined TRACON& Tower with Radar,7,18,17,9,51,0,4,22,6,32,7,22,39,15,83,10,3,13,96
12/03/2022,MGM,AL,ASO,ES,Combined TRACON& Tower with Radar,6,10,14,5,35,0,0,3,1,4,6,10,17,6,39,12,0,12,51
12/04/2022,MGM,AL,ASO,ES,Combined TRACON& Tower with Radar,11,17,14,0,42,0,0,4,3,7,11,17,18,3,49,16,16,32,81
12/05/2022,MGM,AL,ASO,ES,Combined TRACON& Tower with Radar,8,15,29,9,61,0,1,12,2,15,8,16,41,11,76,56,4,60,136
12/06/2022,MGM,AL,ASO,ES,Combined TRACON& Tower with Radar,7,16,34,16,73,0,4,16,6,26,7,20,50,22,99,10,2,12,111
12/07/2022,MGM,AL,ASO,ES,Combined TRACON& Tower with Radar,7,18,45,28,98,0,1,23,20,44,7,19,68,48,142,52,1,53,195
12/08/2022,MGM,AL,ASO,ES,Combined TRACON& Tower with Radar,6,17,26,17,66,0,1,23,5,29,6,18,49,22,95,16,3,19,114
12/09/2022,MGM,AL,ASO,ES,Combined TRACON& Tower with Radar,6,17,25,17,65,0,3,19,5,27,6,20,44,22,92,14,0,14,106
12/10/2022,MGM,AL,ASO,ES,Combined TRACON& Tower with Radar,5,11,13,10,39,0,3,8,0,11,5,14,21,10,50,52,0,52,102
12/11/2022,MGM,AL,ASO,ES,Combined TRACON& Tower with Radar,5,13,17,4,39,0,0,0,0,0,5,13,17,4,39,0,0,0,39
12/12/2022,MGM,AL,ASO,ES,Combined TRACON& Tower with Radar,5,19,50,20,94,0,0,1,0,1,5,19,51,20,95,0,0,0,95
12/13/2022,MGM,AL,ASO,ES,Combined TRACON& Tower with Radar,7,14,25,25,71,0,0,0,3,3,7,14,25,28,74,30,14,44,118
12/14/2022,MGM,AL,ASO,ES,Combined TRACON& Tower with Radar,6,11,11,4,32,0,0,0,0,0,6,11,11,4,32,0,0,0,32
12/15/2022,MGM,AL,ASO,ES,Combined TRACON& Tower with Radar,6,19,50,12,87,0,4,42,5,51,6,23,92,17,138,78,0,78,216
12/16/2022,MGM,AL,ASO,ES,Combined TRACON& Tower with Radar,6,14,18,8,46,0,1,30,10,41,6,15,48,18,87,32,18,50,137
12/17/2022,MGM,AL,ASO,ES,Combined TRACON& Tower with Radar,6,8,12,0,26,0,0,22,0,22,6,8,34,0,48,10,0,10,58
12/18/2022,MGM,AL,ASO,ES,Combined TRACON& Tower with Radar,10,11,10,1,32,0,1,24,3,28,10,12,34,4,60,20,0,20,80
12/19/2022,MGM,AL,ASO,ES,Combined TRACON& Tower with Radar,5,12,20,11,48,0,0,28,6,34,5,12,48,17,82,26,8,34,116
12/20/2022,MGM,AL,ASO,ES,Combined TRACON& Tower with Radar,7,9,25,3,44,0,0,0,0,0,7,9,25,3,44,0,0,0,44
12/21/2022,MGM,AL,ASO,ES,Combined TRACON& Tower with Radar,5,12,17,9,43,0,0,0,1,1,5,12,17,10,44,0,0,0,44
12/22/2022,MGM,AL,ASO,ES,Combined TRACON& Tower with Radar,5,12,16,0,33,0,1,0,0,1,5,13,16,0,34,0,0,0,34
12/23/2022,MGM,AL,ASO,ES,Combined TRACON& Tower with Radar,6,12,4,0,22,0,5,2,2,9,6,17,6,2,31,0,0,0,31
12/24/2022,MGM,AL,ASO,ES,Combined TRACON& Tower with Radar,4,8,5,0,17,0,0,3,0,3,4,8,8,0,20,0,0,0,20
12/25/2022,MGM,AL,ASO,ES,Combined TRACON& Tower with Radar,4,10,1,0,15,0,0,1,0,1,4,10,2,0,16,0,0,0,16
12/26/2022,MGM,AL,ASO,ES,Combined TRACON& Tower with Radar,5,12,11,0,28,0,0,10,0,10,5,12,21,0,38,0,0,0,38
12/27/2022,MGM,AL,ASO,ES,Combined TRACON& Tower with Radar,9,10,31,0,50,0,10,44,0,54,9,20,75,0,104,86,0,86,190
12/28/2022,MGM,AL,ASO,ES,Combined TRACON& Tower with Radar,3,17,12,2,34,0,3,32,3,38,3,20,44,5,72,24,14,38,110
12/29/2022,MGM,AL,ASO,ES,Combined TRACON& Tower with Radar,5,11,16,9,41,0,8,17,4,29,5,19,33,13,70,32,8,40,110
12/30/2022,MGM,AL,ASO,ES,Combined TRACON& Tower with Radar,3,8,11,0,22,0,0,9,0,9,3,8,20,0,31,0,0,0,31
12/31/2022,MGM,AL,ASO,ES,Combined TRACON& Tower with Radar,2,9,12,0,23,0,0,0,0,0,2,9,12,0,23,0,0,0,23
01/01/2023,MGM,AL,ASO,ES,Combined TRACON& Tower with Radar,4,11,11,0,26,0,0,11,0,11,4,11,22,0,37,24,0,24,61
01/02/2023,MGM,AL,ASO,ES,Combined TRACON& Tower with Radar,7,15,22,0,44,0,0,0,0,0,7,15,22,0,44,26,0,26,70
01/03/2023,MGM,AL,ASO,ES,Combined TRACON& Tower with Radar,5,13,5,0,23,0,4,0,0,4,5,17,5,0,27,0,0,0,27
01/04/2023,MGM,AL,ASO,ES,Combined TRACON& Tower with Radar,7,13,16,14,50,0,2,26,2,30,7,15,42,16,80,6,0,6,86
01/05/2023,MGM,AL,ASO,ES,Combined TRACON& Tower with Radar,6,13,23,29,71,0,3,38,13,54,6,16,61,42,125,4,26,30,155
01/06/2023,MGM,AL,ASO,ES,Combined TRACON& Tower with Radar,6,13,26,27,72,0,2,53,11,66,6,15,79,38,138,40,10,50,188
01/07/2023,MGM,AL,ASO,ES,Combined TRACON& Tower with Radar,4,15,9,2,30,0,2,44,11,57,4,17,53,13,87,44,4,48,135
01/08/2023,MGM,AL,ASO,ES,Combined TRACON& Tower with Radar,6,18,4,0,28,0,1,4,2,7,6,19,8,2,35,0,24,24,59
01/09/2023,MGM,AL,ASO,ES,Combined TRACON& Tower with Radar,6,13,23,9,51,0,1,23,1,25,6,14,46,10,76,54,0,54,130
01/10/2023,MGM,AL,ASO,ES,Combined TRACON& Tower with Radar,9,8,37,12,66,0,1,39,1,41,9,9,76,13,107,62,0,62,169
01/11/2023,MGM,AL,ASO,ES,Combined TRACON& Tower with Radar,3,13,28,29,73,0,3,9,1,13,3,16,37,30,86,24,0,24,110
01/12/2023,MGM,AL,ASO,ES,Combined TRACON& Tower with Radar,5,14,12,26,57,0,2,1,0,3,5,16,13,26,60,0,4,4,64
01/13/2023,MGM,AL,ASO,ES,Combined TRACON& Tower with Radar,2,13,12,2,29,0,6,3,0,9,2,19,15,2,38,6,0,6,44
01/14/2023,MGM,AL,ASO,ES,Combined TRACON& Tower with Radar,4,10,13,6,33,0,0,31,2,33,4,10,44,8,66,14,0,14,80
01/15/2023,MGM,AL,ASO,ES,Combined TRACON& Tower with Radar,5,14,24,1,44,0,4,51,5,60,5,18,75,6,104,50,0,50,154
01/16/2023,MGM,AL,ASO,ES,Combined TRACON& Tower with Radar,5,17,23,5,50,0,4,34,18,56,5,21,57,23,106,70,25,95,201
01/17/2023,MGM,AL,ASO,ES,Combined TRACON& Tower with Radar,6,12,18,8,44,0,0,1,0,1,6,12,19,8,45,18,0,18,63
01/18/2023,MGM,AL,ASO,ES,Combined TRACON& Tower with Radar,5,16,33,7,61,0,2,7,0,9,5,18,40,7,70,6,0,6,76
01/19/2023,MGM,AL,ASO,ES,Combined TRACON& Tower with Radar,6,17,33,16,72,0,3,24,6,33,6,20,57,22,105,48,8,56,161
01/20/2023,MGM,AL,ASO,ES,Combined TRACON& Tower with Radar,6,13,32,40,91,0,3,36,8,47,6,16,68,48,138,52,2,54,192
01/21/2023,MGM,AL,ASO,ES,Combined TRACON& Tower with Radar,5,11,6,5,27,0,0,18,5,23,5,11,24,10,50,15,11,26,76
01/22/2023,MGM,AL,ASO,ES,Combined TRACON& Tower with Radar,6,8,5,22,41,0,0,0,0,0,6,8,5,22,41,0,0,0,41
01/23/2023,MGM,AL,ASO,ES,Combined TRACON& Tower with Radar,9,11,18,9,47,0,4,31,5,40,9,15,49,14,87,76,0,76,163
01/24/2023,MGM,AL,ASO,ES,Combined TRACON& Tower with Radar,5,15,23,18,61,0,1,39,1,41,5,16,62,19,102,24,0,24,126
01/25/2023,MGM,AL,ASO,ES,Combined TRACON& Tower with Radar,8,12,18,41,79,0,4,10,3,17,8,16,28,44,96,26,6,32,128
01/26/2023,MGM,AL,ASO,ES,Combined TRACON& Tower with Radar,6,22,38,22,88,0,3,26,3,32,6,25,64,25,120,0,13,13,133
01/27/2023,MGM,AL,ASO,ES,Combined TRACON& Tower with Radar,6,14,38,24,82,0,4,51,10,65,6,18,89,34,147,26,7,33,180
01/28/2023,MGM,AL,ASO,ES,Combined TRACON& Tower with Radar,4,12,20,11,47,0,1,34,0,35,4,13,54,11,82,20,12,32,114
01/29/2023,MGM,AL,ASO,ES,Combined TRACON& Tower with Radar,5,16,10,2,33,0,0,3,0,3,5,16,13,2,36,0,0,0,36
01/30/2023,MGM,AL,ASO,ES,Combined TRACON& Tower with Radar,4,8,24,5,41,0,0,0,0,0,4,8,24,5,41,0,0,0,41
01/31/2023,MGM,AL,ASO,ES,Combined TRACON& Tower with Radar,2,12,6,4,24,0,0,0,2,2,2,12,6,6,26,0,0,0,26
02/01/2023,MGM,AL,ASO,ES,Combined TRACON& Tower with Radar,4,8,13,9,34,0,9,0,0,9,4,17,13,9,43,0,0,0,43
02/02/2023,MGM,AL,ASO,ES,Combined TRACON& Tower with Radar,8,5,9,2,24,0,0,0,0,0,8,5,9,2,24,0,0,0,24
02/03/2023,MGM,AL,ASO,ES,Combined TRACON& Tower with Radar,12,10,24,20,66,0,3,30,11,44,12,13,54,31,110,42,22,64,174
02/04/2023,MGM,AL,ASO,ES,Combined TRACON& Tower with Radar,6,14,20,3,43,0,1,51,9,61,6,15,71,12,104,66,26,92,196
02/05/2023,MGM,AL,ASO,ES,Combined TRACON& Tower with Radar,8,13,8,5,34,0,1,33,2,36,8,14,41,7,70,58,7,65,135
02/06/2023,MGM,AL,ASO,ES,Combined TRACON& Tower with Radar,13,5,21,4,43,0,10,25,0,35,13,15,46,4,78,40,0,40,118
02/07/2023,MGM,AL,ASO,ES,Combined TRACON& Tower with Radar,15,7,24,21,67,0,0,31,2,33,15,7,55,23,100,16,0,16,116
02/08/2023,MGM,AL,ASO,ES,Combined TRACON& Tower with Radar,13,10,30,24,77,0,3,25,2,30,13,13,55,26,107,0,1,1,108
02/09/2023,MGM,AL,ASO,ES,Combined TRACON& Tower with Radar,13,10,20,11,54,0,0,7,0,7,13,10,27,11,61,0,0,0,61
02/10/2023,MGM,AL,ASO,ES,Combined TRACON& Tower with Radar,13,15,26,7,61,0,4,20,6,30,13,19,46,13,91,6,4,10,101
02/11/2023,MGM,AL,ASO,ES,Combined TRACON& Tower with Radar,10,7,4,0,21,0,0,1,1,2,10,7,5,1,23,0,0,0,23
02/12/2023,MGM,AL,ASO,ES,Combined TRACON& Tower with Radar,16,6,8,2,32,0,0,12,0,12,16,6,20,2,44,4,0,4,48
02/13/2023,MGM,AL,ASO,ES,Combined TRACON& Tower with Radar,15,6,15,6,42,0,1,42,0,43,15,7,57,6,85,32,0,32,117
02/14/2023,MGM,AL,ASO,ES,Combined TRACON& Tower with Radar,13,9,23,5,50,0,5,33,2,40,13,14,56,7,90,74,0,74,164
02/15/2023,MGM,AL,ASO,ES,Combined TRACON& Tower with Radar,13,6,18,33,70,0,7,24,7,38,13,13,42,40,108,30,18,48,156
02/16/2023,MGM,AL,ASO,ES,Combined TRACON& Tower with Radar,11,10,16,16,53,0,0,1,2,3,11,10,17,18,56,10,0,10,66
02/17/2023,MGM,AL,ASO,ES,Combined TRACON& Tower with Radar,14,7,20,15,56,0,2,10,2,14,14,9,30,17,70,16,0,16,86
02/18/2023,MGM,AL,ASO,ES,Combined TRACON& Tower with Radar,12,6,21,0,39,0,3,40,4,47,12,9,61,4,86,54,0,54,140
02/19/2023,MGM,AL,ASO,ES,Combined TRACON& Tower with Radar,14,5,12,7,38,0,0,24,6,30,14,5,36,13,68,24,0,24,92
02/20/2023,MGM,AL,ASO,ES,Combined TRACON& Tower with Radar,19,5,35,0,59,0,0,16,0,16,19,5,51,0,75,40,0,40,115
02/21/2023,MGM,AL,ASO,ES,Combined TRACON& Tower with Radar,16,12,25,10,63,0,2,8,0,10,16,14,33,10,73,14,0,14,87
02/22/2023,MGM,AL,ASO,ES,Combined TRACON& Tower with Radar,15,7,20,14,56,0,0,6,2,8,15,7,26,16,64,6,0,6,70
02/23/2023,MGM,AL,ASO,ES,Combined TRACON& Tower with Radar,15,11,26,36,88,0,3,20,6,29,15,14,46,42,117,44,18,62,179
02/24/2023,MGM,AL,ASO,ES,Combined TRACON& Tower with Radar,14,12,25,49,100,0,15,8,9,32,14,27,33,58,132,28,0,28,160
02/25/2023,MGM,AL,ASO,ES,Combined TRACON& Tower with Radar,13,9,26,9,57,0,5,5,1,11,13,14,31,10,68,4,6,10,78
02/26/2023,MGM,AL,ASO,ES,Combined TRACON& Tower with Radar,17,9,16,2,44,0,2,18,0,20,17,11,34,2,64,6,0,6,70
02/27/2023,MGM,AL,ASO,ES,Combined TRACON& Tower with Radar,16,13,15,11,55,0,2,13,0,15,16,15,28,11,70,12,0,12,82
02/28/2023,MGM,AL,ASO,ES,Combined TRACON& Tower with Radar,15,11,50,16,92,0,3,32,2,37,15,14,82,18,129,66,6,72,201
03/01/2023,MGM,AL,ASO,ES,Combined TRACON& Tower with Radar,16,18,32,4,70,0,4,9,1,14,16,22,41,5,84,54,0,54,138
03/02/2023,MGM,AL,ASO,ES,Combined TRACON& Tower with Radar,16,6,23,11,56,0,4,13,4,21,16,10,36,15,77,48,2,50,127
03/03/2023,MGM,AL,ASO,ES,Combined TRACON& Tower with Radar,17,8,13,2,40,0,5,11,4,20,17,13,24,6,60,0,3,3,63
03/04/2023,MGM,AL,ASO,ES,Combined TRACON& Tower with Radar,10,10,17,7,44,0,6,52,6,64,10,16,69,13,108,72,2,74,182
03/05/2023,MGM,AL,ASO,ES,Combined TRACON& Tower with Radar,16,10,8,6,40,0,1,26,3,30,16,11,34,9,70,38,0,38,108
03/06/2023,MGM,AL,ASO,ES,Combined TRACON& Tower with Radar,13,7,20,22,62,0,10,40,8,58,13,17,60,30,120,82,2,84,204
03/07/2023,MGM,AL,ASO,ES,Combined TRACON& Tower with Radar,14,11,42,22,89,0,3,17,1,21,14,14,59,23,110,56,0,56,166
03/08/2023,MGM,AL,ASO,ES,Combined TRACON& Tower with Radar,14,13,36,18,81,0,3,25,3,31,14,16,61,21,112,48,0,48,160
03/09/2023,MGM,AL,ASO,ES,Combined TRACON& Tower with Radar,14,6,23,19,62,0,6,13,5,24,14,12,36,24,86,52,11,63,149
03/10/2023,MGM,AL,ASO,ES,Combined TRACON& Tower with Radar,14,6,23,16,59,0,2,8,4,14,14,8,31,20,73,8,10,18,91
03/11/2023,MGM,AL,ASO,ES,Combined TRACON& Tower with Radar,10,8,19,5,42,0,4,33,1,38,10,12,52,6,80,52,6,58,138
03/12/2023,MGM,AL,ASO,ES,Combined TRACON& Tower with Radar,14,5,10,3,32,0,0,1,0,1,14,5,11,3,33,0,0,0,33
03/13/2023,MGM,AL,ASO,ES,Combined TRACON& Tower with Radar,14,9,22,13,58,0,6,54,0,60,14,15,76,13,118,22,0,22,140
03/14/2023,MGM,AL,ASO,ES,Combined TRACON& Tower with Radar,14,9,26,11,60,0,2,30,3,35,14,11,56,14,95,42,0,42,137
03/15/2023,MGM,AL,ASO,ES,Combined TRACON& Tower with Radar,14,16,64,20,114,0,9,53,8,70,14,25,117,28,184,71,0,71,255
03/16/2023,MGM,AL,ASO,ES,Combined TRACON& Tower with Radar,16,14,25,10,65,0,6,42,5,53,16,20,67,15,118,86,10,96,214
03/17/2023,MGM,AL,ASO,ES,Combined TRACON& Tower with Radar,14,11,18,4,47,0,0,0,0,0,14,11,18,4,47,0,16,16,63
03/18/2023,MGM,AL,ASO,ES,Combined TRACON& Tower with Radar,10,7,13,7,37,0,2,14,0,16,10,9,27,7,53,0,0,0,53
03/19/2023,MGM,AL,ASO,ES,Combined TRACON& Tower with Radar,15,9,14,0,38,0,0,25,0,25,15,9,39,0,63,4,0,4,67
03/20/2023,MGM,AL,ASO,ES,Combined TRACON& Tower with Radar,15,6,30,9,60,0,5,57,0,62,15,11,87,9,122,94,0,94,216
03/21/2023,MGM,AL,ASO,ES,Combined TRACON& Tower with Radar,14,4,46,10,74,0,5,30,4,39,14,9,76,14,113,124,0,124,237
03/22/2023,MGM,AL,ASO,ES,Combined TRACON& Tower with Radar,14,8,30,7,59,0,2,24,4,30,14,10,54,11,89,24,0,24,113
03/23/2023,MGM,AL,ASO,ES,Combined TRACON& Tower with Radar,14,11,36,11,72,0,5,49,4,58,14,16,85,15,130,52,12,64,194
03/24/2023,MGM,AL,ASO,ES,Combined TRACON& Tower with Radar,13,9,26,13,61,0,2,40,2,44,13,11,66,15,105,48,0,48,153
03/25/2023,MGM,AL,ASO,ES,Combined TRACON& Tower with Radar,10,8,25,0,43,0,2,20,2,24,10,10,45,2,67,12,0,12,79
03/26/2023,MGM,AL,ASO,ES,Combined TRACON& Tower with Radar,11,10,3,0,24,0,0,7,0,7,11,10,10,0,31,0,0,0,31
03/27/2023,MGM,AL,ASO,ES,Combined TRACON& Tower with Radar,15,16,30,0,61,0,5,16,2,23,15,21,46,2,84,0,0,0,84
03/28/2023,MGM,AL,ASO,ES,Combined TRACON& Tower with Radar,14,13,41,7,75,0,2,15,9,26,14,15,56,16,101,22,12,34,135
03/29/2023,MGM,AL,ASO,ES,Combined TRACON& Tower with Radar,17,11,40,15,83,0,2,51,2,55,17,13,91,17,138,46,0,46,184
03/30/2023,MGM,AL,ASO,ES,Combined TRACON& Tower with Radar,18,12,18,7,55,0,3,34,2,39,18,15,52,9,94,16,0,16,110
03/31/2023,MGM,AL,ASO,ES,Combined TRACON& Tower with Radar,14,6,16,13,49,0,3,30,7,40,14,9,46,20,89,48,0,48,137
04/01/2023,MGM,AL,ASO,ES,Combined TRACON& Tower with Radar,10,4,13,2,29,0,0,8,9,17,10,4,21,11,46,0,0,0,46
04/02/2023,MGM,AL,ASO,ES,Combined TRACON& Tower with Radar,10,11,21,2,44,0,4,34,8,46,10,15,55,10,90,68,16,84,174
04/03/2023,MGM,AL,ASO,ES,Combined TRACON& Tower with Radar,15,6,16,4,41,0,0,4,0,4,15,6,20,4,45,0,14,14,59
04/04/2023,MGM,AL,ASO,ES,Combined TRACON& Tower with Radar,14,6,35,39,94,0,2,18,6,26,14,8,53,45,120,62,40,102,222
04/05/2023,MGM,AL,ASO,ES,Combined TRACON& Tower with Radar,14,9,43,20,86,0,1,63,0,64,14,10,106,20,150,44,0,44,194
04/06/2023,MGM,AL,ASO,ES,Combined TRACON& Tower with Radar,12,6,40,28,86,0,2,19,2,23,12,8,59,30,109,54,4,58,167
04/07/2023,MGM,AL,ASO,ES,Combined TRACON& Tower with Radar,14,7,16,14,51,0,2,17,0,19,14,9,33,14,70,24,0,24,94
04/08/2023,MGM,AL,ASO,ES,Combined TRACON& Tower with Radar,11,4,6,0,21,0,0,0,0,0,11,4,6,0,21,0,0,0,21
04/09/2023,MGM,AL,ASO,ES,Combined TRACON& Tower with Radar,13,4,14,2,33,0,1,10,1,12,13,5,24,3,45,22,0,22,67
04/10/2023,MGM,AL,ASO,ES,Combined TRACON& Tower with Radar,13,10,34,31,88,0,2,37,4,43,13,12,71,35,131,12,16,28,159
04/11/2023,MGM,AL,ASO,ES,Combined TRACON& Tower with Radar,14,7,30,24,75,0,10,65,0,75,14,17,95,24,150,28,0,28,178
04/12/2023,MGM,AL,ASO,ES,Combined TRACON& Tower with Radar,13,13,60,66,152,0,4,54,5,63,13,17,114,71,215,90,52,142,357
04/13/2023,MGM,AL,ASO,ES,Combined TRACON& Tower with Radar,13,9,25,16,63,0,0,0,1,1,13,9,25,17,64,0,0,0,64
04/14/2023,MGM,AL,ASO,ES,Combined TRACON& Tower with Radar,14,8,31,28,81,0,1,45,7,53,14,9,76,35,134,94,20,114,248
04/15/2023,MGM,AL,ASO,ES,Combined TRACON& Tower with Radar,11,7,18,5,41,0,0,31,3,34,11,7,49,8,75,32,14,46,121
04/16/2023,MGM,AL,ASO,ES,Combined TRACON& Tower with Radar,13,11,19,18,61,0,3,10,10,23,13,14,29,28,84,6,16,22,106
04/17/2023,MGM,AL,ASO,ES,Combined TRACON& Tower with Radar,14,8,25,26,73,0,3,41,1,45,14,11,66,27,118,72,0,72,190
04/18/2023,MGM,AL,ASO,ES,Combined TRACON& Tower with Radar,15,6,34,15,70,0,1,51,1,53,15,7,85,16,123,72,4,76,199
04/19/2023,MGM,AL,ASO,ES,Combined TRACON& Tower with Radar,14,8,38,29,89,0,2,49,0,51,14,10,87,29,140,48,0,48,188
04/20/2023,MGM,AL,ASO,ES,Combined TRACON& Tower with Radar,14,9,41,17,81,0,4,51,8,63,14,13,92,25,144,22,4,26,170
04/21/2023,MGM,AL,ASO,ES,Combined TRACON& Tower with Radar,13,9,32,30,84,0,2,49,4,55,13,11,81,34,139,84,14,98,237
04/22/2023,MGM,AL,ASO,ES,Combined TRACON& Tower with Radar,10,9,7,2,28,0,0,19,0,19,10,9,26,2,47,0,0,0,47
04/23/2023,MGM,AL,ASO,ES,Combined TRACON& Tower with Radar,16,10,13,4,43,0,4,33,0,37,16,14,46,4,80,20,0,20,100
04/24/2023,MGM,AL,ASO,ES,Combined TRACON& Tower with Radar,14,6,21,8,49,0,9,23,2,34,14,15,44,10,83,12,4,16,99
04/25/2023,MGM,AL,ASO,ES,Combined TRACON& Tower with Radar,14,9,30,13,66,0,11,56,5,72,14,20,86,18,138,96,8,104,242
04/26/2023,MGM,AL,ASO,ES,Combined TRACON& Tower with Radar,14,10,21,8,53,0,2,9,3,14,14,12,30,11,67,52,2,54,121
04/27/2023,MGM,AL,ASO,ES,Combined TRACON& Tower with Radar,16,8,23,6,53,0,0,1,0,1,16,8,24,6,54,2,0,2,56
04/28/2023,MGM,AL,ASO,ES,Combined TRACON& Tower with Radar,14,4,42,28,88,0,3,22,1,26,14,7,64,29,114,20,1,21,135
04/29/2023,MGM,AL,ASO,ES,Combined TRACON& Tower with Radar,9,6,11,0,26,0,9,25,1,35,9,15,36,1,61,20,1,21,82
04/30/2023,MGM,AL,ASO,ES,Combined TRACON& Tower with Radar,14,12,5,4,35,0,4,14,4,22,14,16,19,8,57,8,2,10,67
05/01/2023,MGM,AL,ASO,ES,Combined TRACON& Tower with Radar,14,10,18,33,75,0,2,32,1,35,14,12,50,34,110,88,6,94,204
05/02/2023,MGM,AL,ASO,ES,Combined TRACON& Tower with Radar,13,6,27,28,74,0,2,42,2,46,13,8,69,30,120,38,22,60,180
05/03/2023,MGM,AL,ASO,ES,Combined TRACON& Tower with Radar,16,7,37,15,75,0,3,48,7,58,16,10,85,22,133,82,28,110,243
05/04/2023,MGM,AL,ASO,ES,Combined TRACON& Tower with Radar,14,9,41,13,77,0,4,57,1,62,14,13,98,14,139,122,8,130,269
05/05/2023,MGM,AL,ASO,ES,Combined TRACON& Tower with Radar,13,14,28,10,65,0,4,22,0,26,13,18,50,10,91,122,28,150,241
05/06/2023,MGM,AL,ASO,ES,Combined TRACON& Tower with Radar,9,8,11,12,40,0,4,23,2,29,9,12,34,14,69,63,14,77,146
05/07/2023,MGM,AL,ASO,ES,Combined TRACON& Tower with Radar,14,11,12,15,52,0,0,13,3,16,14,11,25,18,68,4,16,20,88
05/08/2023,MGM,AL,ASO,ES,Combined TRACON& Tower with Radar,13,8,32,9,62,0,4,6,1,11,13,12,38,10,73,18,0,18,91
05/09/2023,MGM,AL,ASO,ES,Combined TRACON& Tower with Radar,14,9,40,12,75,0,2,9,5,16,14,11,49,17,91,14,14,28,119
05/10/2023,MGM,AL,ASO,ES,Combined TRACON& Tower with Radar,13,12,33,22,80,0,6,28,3,37,13,18,61,25,117,54,0,54,171
05/11/2023,MGM,AL,ASO,ES,Combined TRACON& Tower with Radar,13,11,29,15,68,0,0,14,2,16,13,11,43,17,84,32,10,42,126
05/12/2023,MGM,AL,ASO,ES,Combined TRACON& Tower with Radar,14,9,18,10,51,0,3,16,3,22,14,12,34,13,73,36,4,40,113
05/13/2023,MGM,AL,ASO,ES,Combined TRACON& Tower with Radar,13,6,17,0,36,0,1,28,2,31,13,7,45,2,67,29,0,29,96
05/14/2023,MGM,AL,ASO,ES,Combined TRACON& Tower with Radar,14,9,11,0,34,0,4,14,3,21,14,13,25,3,55,24,6,30,85
05/15/2023,MGM,AL,ASO,ES,Combined TRACON& Tower with Radar,13,12,29,13,67,0,4,25,0,29,13,16,54,13,96,112,2,114,210
05/16/2023,MGM,AL,ASO,ES,Combined TRACON& Tower with Radar,13,6,24,10,53,0,1,8,0,9,13,7,32,10,62,6,8,14,76
05/17/2023,MGM,AL,ASO,ES,Combined TRACON& Tower with Radar,15,7,35,16,73,0,0,4,1,5,15,7,39,17,78,36,4,40,118
05/18/2023,MGM,AL,ASO,ES,Combined TRACON& Tower with Radar,15,10,35,11,71,0,2,20,0,22,15,12,55,11,93,12,8,20,113
05/19/2023,MGM,AL,ASO,ES,Combined TRACON& Tower with Radar,16,6,38,27,87,0,1,4,11,16,16,7,42,38,103,34,42,76,179
05/20/2023,MGM,AL,ASO,ES,Combined TRACON& Tower with Radar,9,6,6,14,35,0,0,13,9,22,9,6,19,23,57,48,0,48,105
05/21/2023,MGM,AL,ASO,ES,Combined TRACON& Tower with Radar,13,8,16,16,53,0,1,8,4,13,13,9,24,20,66,40,4,44,110
05/22/2023,MGM,AL,ASO,ES,Combined TRACON& Tower with Radar,14,7,24,10,55,0,2,3,0,5,14,9,27,10,60,60,0,60,120
05/23/2023,MGM,AL,ASO,ES,Combined TRACON& Tower with Radar,16,6,23,16,61,0,0,0,0,0,16,6,23,16,61,26,0,26,87
05/24/2023,MGM,AL,ASO,ES,Combined TRACON& Tower with Radar,16,11,42,13,82,0,2,22,10,34,16,13,64,23,116,24,4,28,144
05/25/2023,MGM,AL,ASO,ES,Combined TRACON& Tower with Radar,17,7,35,30,89,0,10,45,7,62,17,17,80,37,151,74,8,82,233
05/26/2023,MGM,AL,ASO,ES,Combined TRACON& Tower with Radar,14,9,26,22,71,0,4,38,1,43,14,13,64,23,114,36,0,36,150
05/27/2023,MGM,AL,ASO,ES,Combined TRACON& Tower with Radar,10,11,10,2,33,0,15,27,4,46,10,26,37,6,79,8,0,8,87
05/28/2023,MGM,AL,ASO,ES,Combined TRACON& Tower with Radar,12,9,9,2,32,0,8,4,0,12,12,17,13,2,44,0,0,0,44
05/29/2023,MGM,AL,ASO,ES,Combined TRACON& Tower with Radar,13,4,11,0,28,0,8,37,0,45,13,12,48,0,73,62,0,62,135
05/30/2023,MGM,AL,ASO,ES,Combined TRACON& Tower with Radar,13,8,33,29,83,0,7,65,15,87,13,15,98,44,170,40,32,72,242
05/31/2023,MGM,AL,ASO,ES,Combined TRACON& Tower with Radar,14,4,18,30,66,0,13,38,6,57,14,17,56,36,123,64,28,92,215
06/01/2023,MGM,AL,ASO,ES,Combined TRACON& Tower with Radar,14,9,38,46,107,0,7,44,10,61,14,16,82,56,168,64,62,126,294
06/02/2023,MGM,AL,ASO,ES,Combined TRACON& Tower with Radar,14,7,19,21,61,0,7,43,3,53,14,14,62,24,114,68,0,68,182
06/03/2023,MGM,AL,ASO,ES,Combined TRACON& Tower with Radar,9,6,12,2,29,0,11,37,12,60,9,17,49,14,89,64,18,82,171
06/04/2023,MGM,AL,ASO,ES,Combined TRACON& Tower with Radar,14,11,19,14,58,0,0,23,6,29,14,11,42,20,87,26,1,27,114
06/05/2023,MGM,AL,ASO,ES,Combined TRACON& Tower with Radar,14,15,26,36,91,0,7,38,1,46,14,22,64,37,137,58,0,58,195
06/06/2023,MGM,AL,ASO,ES,Combined TRACON& Tower with Radar,13,7,16,38,74,0,4,41,9,54,13,11,57,47,128,90,10,100,228
06/07/2023,MGM,AL,ASO,ES,Combined TRACON& Tower with Radar,13,11,25,54,103,0,6,36,3,45,13,17,61,57,148,48,16,64,212
06/08/2023,MGM,AL,ASO,ES,Combined TRACON& Tower with Radar,13,8,34,26,81,0,5,54,2,61,13,13,88,28,142,28,16,44,186
06/09/2023,MGM,AL,ASO,ES,Combined TRACON& Tower with Radar,14,10,35,32,91,0,6,57,18,81,14,16,92,50,172,78,0,78,250
06/10/2023,MGM,AL,ASO,ES,Combined TRACON& Tower with Radar,8,7,16,0,31,0,2,21,0,23,8,9,37,0,54,18,0,18,72
06/11/2023,MGM,AL,ASO,ES,Combined TRACON& Tower with Radar,11,6,16,17,50,0,0,6,0,6,11,6,22,17,56,26,0,26,82
06/12/2023,MGM,AL,ASO,ES,Combined TRACON& Tower with Radar,13,4,43,23,83,0,7,24,0,31,13,11,67,23,114,70,0,70,184
06/13/2023,MGM,AL,ASO,ES,Combined TRACON& Tower with Radar,13,5,41,13,72,0,6,31,2,39,13,11,72,15,111,60,0,60,171
06/14/2023,MGM,AL,ASO,ES,Combined TRACON& Tower with Radar,13,5,13,4,35,0,0,0,1,1,13,5,13,5,36,0,4,4,40
06/15/2023,MGM,AL,ASO,ES,Combined TRACON& Tower with Radar,13,7,11,2,33,0,0,2,0,2,13,7,13,2,35,0,0,0,35
06/16/2023,MGM,AL,ASO,ES,Combined TRACON& Tower with Radar,13,6,30,25,74,0,1,21,4,26,13,7,51,29,100,16,2,18,118
06/17/2023,MGM,AL,ASO,ES,Combined TRACON& Tower with Radar,10,8,14,0,32,0,8,27,2,37,10,16,41,2,69,52,0,52,121
06/18/2023,MGM,AL,ASO,ES,Combined TRACON& Tower with Radar,16,4,16,0,36,0,2,4,3,9,16,6,20,3,45,32,4,36,81
06/19/2023,MGM,AL,ASO,ES,Combined TRACON& Tower with Radar,12,9,27,5,53,0,2,8,6,16,12,11,35,11,69,26,3,29,98
06/20/2023,MGM,AL,ASO,ES,Combined TRACON& Tower with Radar,14,10,33,58,115,0,4,28,12,44,14,14,61,70,159,28,12,40,199
06/21/2023,MGM,AL,ASO,ES,Combined TRACON& Tower with Radar,14,5,20,14,53,0,0,2,6,8,14,5,22,20,61,24,48,72,133
06/22/2023,MGM,AL,ASO,ES,Combined TRACON& Tower with Radar,14,11,31,47,103,0,5,13,25,43,14,16,44,72,146,26,46,72,218
06/23/2023,MGM,AL,ASO,ES,Combined TRACON& Tower with Radar,14,7,37,24,82,0,7,46,22,75,14,14,83,46,157,82,14,96,253
06/24/2023,MGM,AL,ASO,ES,Combined TRACON& Tower with Radar,10,5,19,6,40,0,7,37,11,55,10,12,56,17,95,52,7,59,154
06/25/2023,MGM,AL,ASO,ES,Combined TRACON& Tower with Radar,12,6,27,9,54,0,1,14,7,22,12,7,41,16,76,6,0,6,82
06/26/2023,MGM,AL,ASO,ES,Combined TRACON& Tower with Radar,15,5,29,39,88,0,5,20,9,34,15,10,49,48,122,48,37,85,207
06/27/2023,MGM,AL,ASO,ES,Combined TRACON& Tower with Radar,15,6,39,21,81,0,6,58,20,84,15,12,97,41,165,66,13,79,244
06/28/2023,MGM,AL,ASO,ES,Combined TRACON& Tower with Radar,16,5,42,53,116,0,2,60,24,86,16,7,102,77,202,116,44,160,362
06/29/2023,MGM,AL,ASO,ES,Combined TRACON& Tower with Radar,14,17,31,40,102,0,14,48,26,88,14,31,79,66,190,84,49,133,323
06/30/2023,MGM,AL,ASO,ES,Combined TRACON& Tower with Radar,14,7,26,29,76,0,3,34,34,71,14,10,60,63,147,85,16,101,248
07/01/2023,MGM,AL,ASO,ES,Combined TRACON& Tower with Radar,11,8,12,0,31,0,5,34,15,54,11,13,46,15,85,8,18,26,111
07/02/2023,MGM,AL,ASO,ES,Combined TRACON& Tower with Radar,12,5,11,9,37,0,4,13,11,28,12,9,24,20,65,88,6,94,159
07/03/2023,MGM,AL,ASO,ES,Combined TRACON& Tower with Radar,9,8,12,0,29,0,0,24,1,25,9,8,36,1,54,34,0,34,88
07/04/2023,MGM,AL,ASO,ES,Combined TRACON& Tower with Radar,9,4,7,1,21,0,0,2,1,3,9,4,9,2,24,18,0,18,42
07/05/2023,MGM,AL,ASO,ES,Combined TRACON& Tower with Radar,14,8,14,7,43,0,1,17,8,26,14,9,31,15,69,62,14,76,145
07/06/2023,MGM,AL,ASO,ES,Combined TRACON& Tower with Radar,11,10,19,64,104,0,5,24,2,31,11,15,43,66,135,52,46,98,233
07/07/2023,MGM,AL,ASO,ES,Combined TRACON& Tower with Radar,12,12,20,35,79,0,4,12,1,17,12,16,32,36,96,84,30,114,210
07/08/2023,MGM,AL,ASO,ES,Combined TRACON& Tower with Radar,12,8,9,0,29,0,0,11,0,11,12,8,20,0,40,62,0,62,102
07/09/2023,MGM,AL,ASO,ES,Combined TRACON& Tower with Radar,13,8,12,8,41,0,1,8,4,13,13,9,20,12,54,8,0,8,62
07/10/2023,MGM,AL,ASO,ES,Combined TRACON& Tower with Radar,15,9,27,54,105,0,8,36,11,55,15,17,63,65,160,36,24,60,220
07/11/2023,MGM,AL,ASO,ES,Combined TRACON& Tower with Radar,15,5,35,39,94,0,4,63,6,73,15,9,98,45,167,74,26,100,267
07/12/2023,MGM,AL,ASO,ES,Combined TRACON& Tower with Radar,14,5,27,47,93,0,9,24,1,34,14,14,51,48,127,56,26,82,209
07/13/2023,MGM,AL,ASO,ES,Combined TRACON& Tower with Radar,14,9,19,20,62,0,0,6,0,6,14,9,25,20,68,30,10,40,108
07/14/2023,MGM,AL,ASO,ES,Combined TRACON& Tower with Radar,12,5,20,24,61,0,0,1,4,5,12,5,21,28,66,42,22,64,130
07/15/2023,MGM,AL,ASO,ES,Combined TRACON& Tower with Radar,12,4,14,4,34,0,3,23,4,30,12,7,37,8,64,62,19,81,145
07/16/2023,MGM,AL,ASO,ES,Combined TRACON& Tower with Radar,12,4,27,17,60,0,2,25,6,33,12,6,52,23,93,17,26,43,136
07/17/2023,MGM,AL,ASO,ES,Combined TRACON& Tower with Radar,15,7,26,50,98,0,5,56,4,65,15,12,82,54,163,46,28,74,237
07/18/2023,MGM,AL,ASO,ES,Combined TRACON& Tower with Radar,14,7,42,21,84,0,11,50,2,63,14,18,92,23,147,78,28,106,253
07/19/2023,MGM,AL,ASO,ES,Combined TRACON& Tower with Radar,14,9,29,33,85,0,12,48,10,70,14,21,77,43,155,60,18,78,233
07/20/2023,MGM,AL,ASO,ES,Combined TRACON& Tower with Radar,21,7,24,19,71,0,4,62,8,74,21,11,86,27,145,82,30,112,257
07/21/2023,MGM,AL,ASO,ES,Combined TRACON& Tower with Radar,18,5,30,10,63,0,3,53,10,66,18,8,83,20,129,40,8,48,177
07/22/2023,MGM,AL,ASO,ES,Combined TRACON& Tower with Radar,14,8,15,0,37,0,2,4,8,14,14,10,19,8,51,4,24,28,79
07/23/2023,MGM,AL,ASO,ES,Combined TRACON& Tower with Radar,14,4,25,9,52,0,0,22,2,24,14,4,47,11,76,0,2,2,78
07/24/2023,MGM,AL,ASO,ES,Combined TRACON& Tower with Radar,15,13,22,33,83,0,3,72,13,88,15,16,94,46,171,74,12,86,257
07/25/2023,MGM,AL,ASO,ES,Combined TRACON& Tower with Radar,14,6,27,26,73,0,3,59,0,62,14,9,86,26,135,54,2,56,191
07/26/2023,MGM,AL,ASO,ES,Combined TRACON& Tower with Radar,14,8,18,43,83,0,2,45,4,51,14,10,63,47,134,70,46,116,250
07/27/2023,MGM,AL,ASO,ES,Combined TRACON& Tower with Radar,14,6,25,17,62,0,4,31,14,49,14,10,56,31,111,40,15,55,166
07/28/2023,MGM,AL,ASO,ES,Combined TRACON& Tower with Radar,13,8,23,21,65,0,4,32,6,42,13,12,55,27,107,16,6,22,129
07/29/2023,MGM,AL,ASO,ES,Combined TRACON& Tower with Radar,12,5,14,4,35,0,2,43,8,53,12,7,57,12,88,42,0,42,130
07/30/2023,MGM,AL,ASO,ES,Combined TRACON& Tower with Radar,14,7,19,11,51,0,0,28,1,29,14,7,47,12,80,20,1,21,101
07/31/2023,MGM,AL,ASO,ES,Combined TRACON& Tower with Radar,13,4,27,19,63,0,2,47,7,56,13,6,74,26,119,76,12,88,207
08/01/2023,MGM,AL,ASO,ES,Combined TRACON& Tower with Radar,13,6,38,42,99,0,3,54,14,71,13,9,92,56,170,44,34,78,248
08/02/2023,MGM,AL,ASO,ES,Combined TRACON& Tower with Radar,14,6,34,28,82,0,5,44,9,58,14,11,78,37,140,82,6,88,228
08/03/2023,MGM,AL,ASO,ES,Combined TRACON& Tower with Radar,18,4,43,16,81,0,2,29,5,36,18,6,72,21,117,14,36,50,167
08/04/2023,MGM,AL,ASO,ES,Combined TRACON& Tower with Radar,15,10,25,6,56,0,2,14,10,26,15,12,39,16,82,12,22,34,116
08/05/2023,MGM,AL,ASO,ES,Combined TRACON& Tower with Radar,9,7,15,6,37,0,2,39,16,57,9,9,54,22,94,34,13,47,141
08/06/2023,MGM,AL,ASO,ES,Combined TRACON& Tower with Radar,17,5,20,7,49,0,6,19,17,42,17,11,39,24,91,12,14,26,117
08/07/2023,MGM,AL,ASO,ES,Combined TRACON& Tower with Radar,13,5,21,20,59,0,3,18,5,26,13,8,39,25,85,52,12,64,149
08/08/2023,MGM,AL,ASO,ES,Combined TRACON& Tower with Radar,14,4,26,11,55,0,2,23,0,25,14,6,49,11,80,46,0,46,126
08/09/2023,MGM,AL,ASO,ES,Combined TRACON& Tower with Radar,13,5,27,15,60,0,3,28,1,32,13,8,55,16,92,78,5,83,175
08/10/2023,MGM,AL,ASO,ES,Combined TRACON& Tower with Radar,14,5,17,15,51,0,2,21,15,38,14,7,38,30,89,58,24,82,171
08/11/2023,MGM,AL,ASO,ES,Combined TRACON& Tower with Radar,13,11,18,18,60,0,0,25,7,32,13,11,43,25,92,14,3,17,109
08/12/2023,MGM,AL,ASO,ES,Combined TRACON& Tower with Radar,13,5,11,0,29,0,1,40,0,41,13,6,51,0,70,4,0,4,74
08/13/2023,MGM,AL,ASO,ES,Combined TRACON& Tower with Radar,16,9,13,13,51,0,4,30,8,42,16,13,43,21,93,6,2,8,101
08/14/2023,MGM,AL,ASO,ES,Combined TRACON& Tower with Radar,14,7,20,18,59,0,7,25,1,33,14,14,45,19,92,50,8,58,150
08/15/2023,MGM,AL,ASO,ES,Combined TRACON& Tower with Radar,14,7,29,42,92,0,1,26,10,37,14,8,55,52,129,26,14,40,169
08/16/2023,MGM,AL,ASO,ES,Combined TRACON& Tower with Radar,14,8,39,15,76,0,5,34,1,40,14,13,73,16,116,38,10,48,164
08/17/2023,MGM,AL,ASO,ES,Combined TRACON& Tower with Radar,13,5,26,34,78,0,6,39,7,52,13,11,65,41,130,54,18,72,202
08/18/2023,MGM,AL,ASO,ES,Combined TRACON& Tower with Radar,14,3,27,40,84,0,1,34,6,41,14,4,61,46,125,64,18,82,207
08/19/2023,MGM,AL,ASO,ES,Combined TRACON& Tower with Radar,10,7,9,4,30,0,4,41,5,50,10,11,50,9,80,24,44,68,148
08/20/2023,MGM,AL,ASO,ES,Combined TRACON& Tower with Radar,14,6,19,18,57,1,3,25,4,33,15,9,44,22,90,2,0,2,92
08/21/2023,MGM,AL,ASO,ES,Combined TRACON& Tower with Radar,14,4,17,50,85,0,4,48,8,60,14,8,65,58,145,52,58,110,255
08/22/2023,MGM,AL,ASO,ES,Combined TRACON& Tower with Radar,15,4,25,27,71,0,7,47,4,58,15,11,72,31,129,92,0,92,221
08/23/2023,MGM,AL,ASO,ES,Combined TRACON& Tower with Radar,13,6,18,32,69,0,8,33,9,50,13,14,51,41,119,54,10,64,183
08/24/2023,MGM,AL,ASO,ES,Combined TRACON& Tower with Radar,16,5,36,30,87,0,3,22,8,33,16,8,58,38,120,46,30,76,196
08/25/2023,MGM,AL,ASO,ES,Combined TRACON& Tower with Radar,14,7,22,19,62,1,1,33,9,44,15,8,55,28,106,86,6,92,198
08/26/2023,MGM,AL,ASO,ES,Combined TRACON& Tower with Radar,11,11,15,0,37,0,6,24,0,30,11,17,39,0,67,62,0,62,129
08/27/2023,MGM,AL,ASO,ES,Combined TRACON& Tower with Radar,13,3,13,11,40,0,2,16,5,23,13,5,29,16,63,2,0,2,65
08/28/2023,MGM,AL,ASO,ES,Combined TRACON& Tower with Radar,15,7,22,17,61,0,1,8,1,10,15,8,30,18,71,66,14,80,151
08/29/2023,MGM,AL,ASO,ES,Combined TRACON& Tower with Radar,14,21,26,18,79,0,5,21,6,32,14,26,47,24,111,66,9,75,186
08/30/2023,MGM,AL,ASO,ES,Combined TRACON& Tower with Radar,13,10,29,27,79,0,6,12,5,23,13,16,41,32,102,18,14,32,134
08/31/2023,MGM,AL,ASO,ES,Combined TRACON& Tower with Radar,14,16,31,22,83,0,7,31,4,42,14,23,62,26,125,104,48,152,277
