01/01/2000,MGW,WV,AEA,CE,Federal Contract Tower,0,5,3,1,9,0,12,41,1,54,0,17,44,2,63,62,24,86,149
01/02/2000,MGW,WV,AEA,CE,Federal Contract Tower,0,14,9,1,24,0,7,23,3,33,0,21,32,4,57,14,0,14,71
01/03/2000,MGW,WV,AEA,CE,Federal Contract Tower,0,15,9,0,24,0,26,22,0,48,0,41,31,0,72,78,0,78,150
01/04/2000,MGW,WV,AEA,CE,Federal Contract Tower,0,19,10,0,29,0,9,12,0,21,0,28,22,0,50,0,0,0,50
01/05/2000,MGW,WV,AEA,CE,Federal Contract Tower,0,22,12,2,36,0,20,13,0,33,0,42,25,2,69,20,0,20,89
01/06/2000,MGW,WV,AEA,CE,Federal Contract Tower,0,27,15,3,45,0,44,53,11,108,0,71,68,14,153,54,30,84,237
01/07/2000,MGW,WV,AEA,CE,Federal Contract Tower,0,22,11,2,35,0,20,37,0,57,0,42,48,2,92,48,0,48,140
01/08/2000,MGW,WV,AEA,CE,Federal Contract Tower,0,8,3,1,12,0,10,57,7,74,0,18,60,8,86,46,0,46,132
01/09/2000,MGW,WV,AEA,CE,Federal Contract Tower,0,18,8,3,29,0,2,21,1,24,0,20,29,4,53,76,0,76,129
01/10/2000,MGW,WV,AEA,CE,Federal Contract Tower,0,19,10,0,29,0,7,0,0,7,0,26,10,0,36,0,0,0,36
01/11/2000,MGW,WV,AEA,CE,Federal Contract Tower,0,16,6,0,22,0,11,0,0,11,0,27,6,0,33,4,0,4,37
01/12/2000,MGW,WV,AEA,CE,Federal Contract Tower,0,23,12,1,36,0,13,36,6,55,0,36,48,7,91,62,6,68,159
01/13/2000,MGW,WV,AEA,CE,Federal Contract Tower,0,23,12,0,35,0,3,7,0,10,0,26,19,0,45,8,0,8,53
01/14/2000,MGW,WV,AEA,CE,Federal Contract Tower,0,16,9,0,25,0,18,23,0,41,0,34,32,0,66,38,0,38,104
01/15/2000,MGW,WV,AEA,CE,Federal Contract Tower,0,11,5,0,16,0,7,52,0,59,0,18,57,0,75,42,0,42,117
01/16/2000,MGW,WV,AEA,CE,Federal Contract Tower,0,13,7,0,20,0,9,4,0,13,0,22,11,0,33,8,0,8,41
01/17/2000,MGW,WV,AEA,CE,Federal Contract Tower,0,24,12,0,36,0,9,38,0,47,0,33,50,0,83,40,0,40,123
01/18/2000,MGW,WV,AEA,CE,Federal Contract Tower,0,21,10,1,32,0,4,5,3,12,0,25,15,4,44,16,0,16,60
01/19/2000,MGW,WV,AEA,CE,Federal Contract Tower,0,30,16,1,47,0,7,22,1,30,0,37,38,2,77,38,0,38,115
01/20/2000,MGW,WV,AEA,CE,Federal Contract Tower,0,14,7,0,21,0,1,0,0,1,0,15,7,0,22,0,0,0,22
01/21/2000,MGW,WV,AEA,CE,Federal Contract Tower,0,32,16,0,48,0,1,9,0,10,0,33,25,0,58,0,0,0,58
01/22/2000,MGW,WV,AEA,CE,Federal Contract Tower,0,14,7,0,21,0,10,11,2,23,0,24,18,2,44,0,0,0,44
01/23/2000,MGW,WV,AEA,CE,Federal Contract Tower,0,16,8,0,24,0,6,2,0,8,0,22,10,0,32,0,0,0,32
01/24/2000,MGW,WV,AEA,CE,Federal Contract Tower,0,21,10,0,31,0,15,20,0,35,0,36,30,0,66,64,0,64,130
01/25/2000,MGW,WV,AEA,CE,Federal Contract Tower,0,18,11,0,29,0,0,9,0,9,0,18,20,0,38,16,0,16,54
01/26/2000,MGW,WV,AEA,CE,Federal Contract Tower,0,24,12,1,37,0,12,1,3,16,0,36,13,4,53,0,0,0,53
01/27/2000,MGW,WV,AEA,CE,Federal Contract Tower,0,23,11,1,35,0,18,11,3,32,0,41,22,4,67,0,0,0,67
01/28/2000,MGW,WV,AEA,CE,Federal Contract Tower,0,33,17,1,51,0,5,27,5,37,0,38,44,6,88,32,0,32,120
01/29/2000,MGW,WV,AEA,CE,Federal Contract Tower,0,7,4,0,11,0,23,49,5,77,0,30,53,5,88,104,10,114,202
01/30/2000,MGW,WV,AEA,CE,Federal Contract Tower,0,10,2,0,12,0,3,0,0,3,0,13,2,0,15,0,0,0,15
01/31/2000,MGW,WV,AEA,CE,Federal Contract Tower,0,15,4,0,19,0,9,0,0,9,0,24,4,0,28,0,0,0,28
02/01/2000,MGW,WV,AEA,CE,Federal Contract Tower,0,19,9,0,28,0,2,0,0,2,0,21,9,0,30,0,0,0,30
02/02/2000,MGW,WV,AEA,CE,Federal Contract Tower,0,22,10,2,34,0,9,33,0,42,0,31,43,2,76,64,0,64,140
02/03/2000,MGW,WV,AEA,CE,Federal Contract Tower,0,19,10,1,30,0,15,12,1,28,0,34,22,2,58,16,0,16,74
02/04/2000,MGW,WV,AEA,CE,Federal Contract Tower,0,19,7,1,27,0,5,0,1,6,0,24,7,2,33,0,0,0,33
02/05/2000,MGW,WV,AEA,CE,Federal Contract Tower,0,17,9,0,26,0,14,25,0,39,0,31,34,0,65,4,0,4,69
02/06/2000,MGW,WV,AEA,CE,Federal Contract Tower,0,16,8,1,25,0,16,49,7,72,0,32,57,8,97,34,8,42,139
02/07/2000,MGW,WV,AEA,CE,Federal Contract Tower,0,24,12,2,38,0,17,22,10,49,0,41,34,12,87,0,18,18,105
02/08/2000,MGW,WV,AEA,CE,Federal Contract Tower,0,25,13,0,38,0,14,53,0,67,0,39,66,0,105,66,0,66,171
02/09/2000,MGW,WV,AEA,CE,Federal Contract Tower,0,20,11,1,32,0,16,36,1,53,0,36,47,2,85,46,34,80,165
02/10/2000,MGW,WV,AEA,CE,Federal Contract Tower,0,26,13,0,39,0,15,61,0,76,0,41,74,0,115,58,0,58,173
02/11/2000,MGW,WV,AEA,CE,Federal Contract Tower,0,20,10,0,30,0,12,2,0,14,0,32,12,0,44,0,0,0,44
02/12/2000,MGW,WV,AEA,CE,Federal Contract Tower,0,9,4,0,13,0,7,44,0,51,0,16,48,0,64,150,0,150,214
02/13/2000,MGW,WV,AEA,CE,Federal Contract Tower,0,12,6,0,18,0,6,7,0,13,0,18,13,0,31,56,0,56,87
02/14/2000,MGW,WV,AEA,CE,Federal Contract Tower,0,22,11,0,33,0,2,3,0,5,0,24,14,0,38,0,0,0,38
02/15/2000,MGW,WV,AEA,CE,Federal Contract Tower,0,31,16,0,47,0,0,18,0,18,0,31,34,0,65,12,0,12,77
02/16/2000,MGW,WV,AEA,CE,Federal Contract Tower,0,20,10,0,30,0,15,16,0,31,0,35,26,0,61,44,0,44,105
02/17/2000,MGW,WV,AEA,CE,Federal Contract Tower,0,19,8,1,28,0,28,41,3,72,0,47,49,4,100,20,48,68,168
02/18/2000,MGW,WV,AEA,CE,Federal Contract Tower,0,18,7,0,25,0,11,0,0,11,0,29,7,0,36,0,0,0,36
02/19/2000,MGW,WV,AEA,CE,Federal Contract Tower,0,13,7,0,20,0,3,0,0,3,0,16,7,0,23,0,0,0,23
02/20/2000,MGW,WV,AEA,CE,Federal Contract Tower,0,15,7,0,22,0,13,4,2,19,0,28,11,2,41,6,0,6,47
02/21/2000,MGW,WV,AEA,CE,Federal Contract Tower,0,21,10,0,31,0,25,73,0,98,0,46,83,0,129,112,0,112,241
02/22/2000,MGW,WV,AEA,CE,Federal Contract Tower,0,22,11,0,33,0,17,63,1,81,0,39,74,1,114,108,0,108,222
02/23/2000,MGW,WV,AEA,CE,Federal Contract Tower,0,23,11,0,34,0,21,64,0,85,0,44,75,0,119,74,0,74,193
02/24/2000,MGW,WV,AEA,CE,Federal Contract Tower,0,21,11,0,32,0,20,56,8,84,0,41,67,8,116,70,12,82,198
02/25/2000,MGW,WV,AEA,CE,Federal Contract Tower,0,21,11,0,32,0,29,57,2,88,0,50,68,2,120,96,8,104,224
02/26/2000,MGW,WV,AEA,CE,Federal Contract Tower,0,10,5,0,15,0,31,71,8,110,0,41,76,8,125,74,0,74,199
02/27/2000,MGW,WV,AEA,CE,Federal Contract Tower,0,15,7,0,22,0,10,0,0,10,0,25,7,0,32,4,0,4,36
02/28/2000,MGW,WV,AEA,CE,Federal Contract Tower,0,23,10,1,34,0,5,28,7,40,0,28,38,8,74,40,0,40,114
02/29/2000,MGW,WV,AEA,CE,Federal Contract Tower,0,18,9,0,27,0,17,45,2,64,0,35,54,2,91,68,10,78,169
03/01/2000,MGW,WV,AEA,CE,Federal Contract Tower,0,24,13,1,38,0,15,26,3,44,0,39,39,4,82,18,0,18,100
03/02/2000,MGW,WV,AEA,CE,Federal Contract Tower,0,20,11,0,31,0,21,62,0,83,0,41,73,0,114,36,0,36,150
03/03/2000,MGW,WV,AEA,CE,Federal Contract Tower,0,22,13,1,36,0,32,86,3,121,0,54,99,4,157,66,0,66,223
03/04/2000,MGW,WV,AEA,CE,Federal Contract Tower,0,7,4,0,11,0,25,96,0,121,0,32,100,0,132,120,0,120,252
03/05/2000,MGW,WV,AEA,CE,Federal Contract Tower,0,16,9,1,26,0,18,42,1,61,0,34,51,2,87,132,0,132,219
03/06/2000,MGW,WV,AEA,CE,Federal Contract Tower,0,19,10,1,30,0,9,50,3,62,0,28,60,4,92,74,18,92,184
03/07/2000,MGW,WV,AEA,CE,Federal Contract Tower,0,21,11,1,33,0,4,57,4,65,0,25,68,5,98,80,24,104,202
03/08/2000,MGW,WV,AEA,CE,Federal Contract Tower,0,27,15,1,43,0,9,71,17,97,0,36,86,18,140,62,16,78,218
03/09/2000,MGW,WV,AEA,CE,Federal Contract Tower,0,19,10,1,30,0,19,23,1,43,0,38,33,2,73,0,0,0,73
03/10/2000,MGW,WV,AEA,CE,Federal Contract Tower,0,23,13,1,37,0,32,54,1,87,0,55,67,2,124,102,0,102,226
03/11/2000,MGW,WV,AEA,CE,Federal Contract Tower,0,9,5,0,14,0,0,4,0,4,0,9,9,0,18,0,0,0,18
03/12/2000,MGW,WV,AEA,CE,Federal Contract Tower,0,21,12,1,34,0,1,8,3,12,0,22,20,4,46,0,0,0,46
03/13/2000,MGW,WV,AEA,CE,Federal Contract Tower,0,15,9,0,24,0,9,35,0,44,0,24,44,0,68,28,0,28,96
03/14/2000,MGW,WV,AEA,CE,Federal Contract Tower,0,21,12,0,33,0,12,30,0,42,0,33,42,0,75,30,0,30,105
03/15/2000,MGW,WV,AEA,CE,Federal Contract Tower,0,23,13,0,36,0,28,39,0,67,0,51,52,0,103,68,0,68,171
03/16/2000,MGW,WV,AEA,CE,Federal Contract Tower,0,19,10,0,29,0,20,11,0,31,0,39,21,0,60,44,0,44,104
03/17/2000,MGW,WV,AEA,CE,Federal Contract Tower,0,19,10,0,29,0,29,14,0,43,0,48,24,0,72,86,0,86,158
03/18/2000,MGW,WV,AEA,CE,Federal Contract Tower,0,14,8,1,23,0,1,72,22,95,0,15,80,23,118,40,0,40,158
03/19/2000,MGW,WV,AEA,CE,Federal Contract Tower,0,15,7,1,23,0,13,35,6,54,0,28,42,7,77,74,0,74,151
03/20/2000,MGW,WV,AEA,CE,Federal Contract Tower,0,20,9,0,29,0,15,7,0,22,0,35,16,0,51,4,0,4,55
03/21/2000,MGW,WV,AEA,CE,Federal Contract Tower,0,24,12,1,37,0,0,1,3,4,0,24,13,4,41,0,2,2,43
03/22/2000,MGW,WV,AEA,CE,Federal Contract Tower,0,43,22,1,66,0,13,37,3,53,0,56,59,4,119,70,0,70,189
03/23/2000,MGW,WV,AEA,CE,Federal Contract Tower,0,45,24,1,70,0,14,65,7,86,0,59,89,8,156,90,16,106,262
03/24/2000,MGW,WV,AEA,CE,Federal Contract Tower,0,24,13,0,37,0,20,75,0,95,0,44,88,0,132,52,0,52,184
03/25/2000,MGW,WV,AEA,CE,Federal Contract Tower,0,10,5,0,15,0,0,29,0,29,0,10,34,0,44,50,0,50,94
03/26/2000,MGW,WV,AEA,CE,Federal Contract Tower,0,14,7,0,21,0,22,19,0,41,0,36,26,0,62,28,0,28,90
03/27/2000,MGW,WV,AEA,CE,Federal Contract Tower,0,21,12,0,33,0,0,17,2,19,0,21,29,2,52,10,0,10,62
03/28/2000,MGW,WV,AEA,CE,Federal Contract Tower,0,21,11,0,32,0,2,10,7,19,0,23,21,7,51,16,10,26,77
03/29/2000,MGW,WV,AEA,CE,Federal Contract Tower,0,25,14,0,39,0,17,25,2,44,0,42,39,2,83,26,0,26,109
03/30/2000,MGW,WV,AEA,CE,Federal Contract Tower,0,27,14,0,41,0,6,64,6,76,0,33,78,6,117,52,6,58,175
03/31/2000,MGW,WV,AEA,CE,Federal Contract Tower,0,24,13,0,37,0,20,61,2,83,0,44,74,2,120,138,12,150,270
04/01/2000,MGW,WV,AEA,CE,Federal Contract Tower,0,9,6,1,16,0,17,118,3,138,0,26,124,4,154,122,0,122,276
04/02/2000,MGW,WV,AEA,CE,Federal Contract Tower,0,19,13,2,34,0,1,13,0,14,0,20,26,2,48,0,0,0,48
04/03/2000,MGW,WV,AEA,CE,Federal Contract Tower,0,17,6,0,23,0,7,0,0,7,0,24,6,0,30,0,0,0,30
04/04/2000,MGW,WV,AEA,CE,Federal Contract Tower,0,16,10,0,26,0,12,3,0,15,0,28,13,0,41,0,0,0,41
04/05/2000,MGW,WV,AEA,CE,Federal Contract Tower,0,22,14,2,38,0,30,49,8,87,0,52,63,10,125,34,4,38,163
04/06/2000,MGW,WV,AEA,CE,Federal Contract Tower,0,22,12,2,36,0,22,24,4,50,0,44,36,6,86,12,0,12,98
04/07/2000,MGW,WV,AEA,CE,Federal Contract Tower,0,19,10,2,31,0,22,56,6,84,0,41,66,8,115,82,0,82,197
04/08/2000,MGW,WV,AEA,CE,Federal Contract Tower,0,9,6,1,16,0,21,0,1,22,0,30,6,2,38,0,12,12,50
04/09/2000,MGW,WV,AEA,CE,Federal Contract Tower,0,15,5,2,22,0,10,0,14,24,0,25,5,16,46,4,0,4,50
04/10/2000,MGW,WV,AEA,CE,Federal Contract Tower,0,21,12,2,35,0,15,22,10,47,0,36,34,12,82,42,0,42,124
04/11/2000,MGW,WV,AEA,CE,Federal Contract Tower,0,26,15,3,44,0,0,16,1,17,0,26,31,4,61,10,0,10,71
04/12/2000,MGW,WV,AEA,CE,Federal Contract Tower,0,28,14,2,44,0,5,40,6,51,0,33,54,8,95,34,16,50,145
04/13/2000,MGW,WV,AEA,CE,Federal Contract Tower,0,26,14,2,42,0,13,78,6,97,0,39,92,8,139,54,18,72,211
04/14/2000,MGW,WV,AEA,CE,Federal Contract Tower,0,28,15,1,44,0,12,100,5,117,0,40,115,6,161,96,12,108,269
04/15/2000,MGW,WV,AEA,CE,Federal Contract Tower,0,18,9,1,28,0,17,90,6,113,0,35,99,7,141,124,0,124,265
04/16/2000,MGW,WV,AEA,CE,Federal Contract Tower,0,16,9,1,26,0,16,37,3,56,0,32,46,4,82,46,6,52,134
04/17/2000,MGW,WV,AEA,CE,Federal Contract Tower,0,20,7,0,27,0,16,0,0,16,0,36,7,0,43,0,0,0,43
04/18/2000,MGW,WV,AEA,CE,Federal Contract Tower,0,24,13,1,38,0,4,18,1,23,0,28,31,2,61,18,0,18,79
04/19/2000,MGW,WV,AEA,CE,Federal Contract Tower,0,30,16,2,48,0,9,29,2,40,0,39,45,4,88,32,0,32,120
04/20/2000,MGW,WV,AEA,CE,Federal Contract Tower,0,20,11,1,32,0,40,35,4,79,0,60,46,5,111,24,14,38,149
04/21/2000,MGW,WV,AEA,CE,Federal Contract Tower,0,19,10,1,30,0,6,1,10,17,0,25,11,11,47,30,2,32,79
04/22/2000,MGW,WV,AEA,CE,Federal Contract Tower,0,11,6,0,17,0,1,4,0,5,0,12,10,0,22,0,0,0,22
04/23/2000,MGW,WV,AEA,CE,Federal Contract Tower,0,24,14,0,38,0,1,26,0,27,0,25,40,0,65,12,0,12,77
04/24/2000,MGW,WV,AEA,CE,Federal Contract Tower,0,21,12,0,33,0,13,36,0,49,0,34,48,0,82,42,0,42,124
04/25/2000,MGW,WV,AEA,CE,Federal Contract Tower,0,18,10,1,29,0,4,35,3,42,0,22,45,4,71,76,0,76,147
04/26/2000,MGW,WV,AEA,CE,Federal Contract Tower,0,24,14,1,39,0,3,81,29,113,0,27,95,30,152,124,14,138,290
04/27/2000,MGW,WV,AEA,CE,Federal Contract Tower,0,21,11,1,33,0,44,87,5,136,0,65,98,6,169,116,0,116,285
04/28/2000,MGW,WV,AEA,CE,Federal Contract Tower,0,29,16,2,47,0,8,113,6,127,0,37,129,8,174,70,0,70,244
04/29/2000,MGW,WV,AEA,CE,Federal Contract Tower,0,12,6,0,18,0,17,81,2,100,0,29,87,2,118,80,0,80,198
04/30/2000,MGW,WV,AEA,CE,Federal Contract Tower,0,20,11,1,32,0,6,73,1,80,0,26,84,2,112,48,0,48,160
05/01/2000,MGW,WV,AEA,CE,Federal Contract Tower,0,17,11,2,30,0,10,21,0,31,0,27,32,2,61,2,0,2,63
05/02/2000,MGW,WV,AEA,CE,Federal Contract Tower,0,19,13,2,34,0,8,29,8,45,0,27,42,10,79,80,0,80,159
05/03/2000,MGW,WV,AEA,CE,Federal Contract Tower,0,17,10,3,30,0,4,66,11,81,0,21,76,14,111,142,0,142,253
05/04/2000,MGW,WV,AEA,CE,Federal Contract Tower,0,23,14,4,41,0,29,38,10,77,0,52,52,14,118,66,0,66,184
05/05/2000,MGW,WV,AEA,CE,Federal Contract Tower,0,22,14,4,40,0,9,37,13,59,0,31,51,17,99,0,6,6,105
05/06/2000,MGW,WV,AEA,CE,Federal Contract Tower,0,7,5,2,14,0,8,77,6,91,0,15,82,8,105,130,0,130,235
05/07/2000,MGW,WV,AEA,CE,Federal Contract Tower,0,15,9,3,27,0,37,48,2,87,0,52,57,5,114,50,0,50,164
05/08/2000,MGW,WV,AEA,CE,Federal Contract Tower,0,17,11,0,28,0,15,36,0,51,0,32,47,0,79,48,0,48,127
05/09/2000,MGW,WV,AEA,CE,Federal Contract Tower,0,22,14,4,40,0,23,43,2,68,0,45,57,6,108,90,0,90,198
05/10/2000,MGW,WV,AEA,CE,Federal Contract Tower,0,17,10,2,29,0,8,21,0,29,0,25,31,2,58,0,6,6,64
05/11/2000,MGW,WV,AEA,CE,Federal Contract Tower,0,27,18,4,49,0,5,85,2,92,0,32,103,6,141,90,16,106,247
05/12/2000,MGW,WV,AEA,CE,Federal Contract Tower,0,20,13,2,35,0,37,56,0,93,0,57,69,2,128,64,0,64,192
05/13/2000,MGW,WV,AEA,CE,Federal Contract Tower,0,11,7,2,20,0,20,36,2,58,0,31,43,4,78,16,0,16,94
05/14/2000,MGW,WV,AEA,CE,Federal Contract Tower,0,17,11,3,31,0,12,68,0,80,0,29,79,3,111,108,0,108,219
05/15/2000,MGW,WV,AEA,CE,Federal Contract Tower,0,23,14,2,39,0,2,41,9,52,0,25,55,11,91,120,0,120,211
05/16/2000,MGW,WV,AEA,CE,Federal Contract Tower,0,28,17,2,47,0,11,88,0,99,0,39,105,2,146,66,0,66,212
05/17/2000,MGW,WV,AEA,CE,Federal Contract Tower,0,27,16,3,46,0,29,31,4,64,0,56,47,7,110,30,24,54,164
05/18/2000,MGW,WV,AEA,CE,Federal Contract Tower,0,24,15,3,42,0,17,15,1,33,0,41,30,4,75,12,4,16,91
05/19/2000,MGW,WV,AEA,CE,Federal Contract Tower,0,25,15,0,40,0,11,8,0,19,0,36,23,0,59,2,0,2,61
05/20/2000,MGW,WV,AEA,CE,Federal Contract Tower,0,14,19,3,36,0,0,22,0,22,0,14,41,3,58,10,2,12,70
05/21/2000,MGW,WV,AEA,CE,Federal Contract Tower,0,26,16,3,45,0,2,33,1,36,0,28,49,4,81,74,0,74,155
05/22/2000,MGW,WV,AEA,CE,Federal Contract Tower,0,22,14,2,38,0,3,26,0,29,0,25,40,2,67,22,0,22,89
05/23/2000,MGW,WV,AEA,CE,Federal Contract Tower,0,18,11,2,31,0,7,14,6,27,0,25,25,8,58,20,0,20,78
05/24/2000,MGW,WV,AEA,CE,Federal Contract Tower,0,28,18,3,49,0,10,5,18,33,0,38,23,21,82,6,8,14,96
05/25/2000,MGW,WV,AEA,CE,Federal Contract Tower,0,20,13,2,35,0,21,41,6,68,0,41,54,8,103,60,4,64,167
05/26/2000,MGW,WV,AEA,CE,Federal Contract Tower,0,20,12,2,34,0,31,89,24,144,0,51,101,26,178,118,0,118,296
05/27/2000,MGW,WV,AEA,CE,Federal Contract Tower,0,8,5,0,13,0,2,19,0,21,0,10,24,0,34,80,0,80,114
05/28/2000,MGW,WV,AEA,CE,Federal Contract Tower,0,4,2,0,6,0,2,1,0,3,0,6,3,0,9,6,0,6,15
05/29/2000,MGW,WV,AEA,CE,Federal Contract Tower,0,14,9,0,23,0,21,14,0,35,0,35,23,0,58,18,0,18,76
05/30/2000,MGW,WV,AEA,CE,Federal Contract Tower,0,19,12,2,33,0,13,53,0,66,0,32,65,2,99,62,0,62,161
05/31/2000,MGW,WV,AEA,CE,Federal Contract Tower,0,19,12,2,33,0,19,61,14,94,0,38,73,16,127,144,0,144,271
06/01/2000,MGW,WV,AEA,CE,Federal Contract Tower,0,28,21,2,51,0,14,61,7,82,0,42,82,9,133,122,2,124,257
06/02/2000,MGW,WV,AEA,CE,Federal Contract Tower,0,20,16,1,37,0,20,38,7,65,0,40,54,8,102,34,0,34,136
06/03/2000,MGW,WV,AEA,CE,Federal Contract Tower,0,15,11,2,28,0,15,89,0,104,0,30,100,2,132,126,0,126,258
06/04/2000,MGW,WV,AEA,CE,Federal Contract Tower,0,16,11,0,27,0,26,61,0,87,0,42,72,0,114,88,0,88,202
06/05/2000,MGW,WV,AEA,CE,Federal Contract Tower,0,24,17,3,44,0,9,3,5,17,0,33,20,8,61,8,0,8,69
06/06/2000,MGW,WV,AEA,CE,Federal Contract Tower,0,16,12,0,28,0,11,1,0,12,0,27,13,0,40,0,0,0,40
06/07/2000,MGW,WV,AEA,CE,Federal Contract Tower,0,27,19,3,49,0,12,98,16,126,0,39,117,19,175,182,16,198,373
06/08/2000,MGW,WV,AEA,CE,Federal Contract Tower,0,21,15,2,38,0,33,82,11,126,0,54,97,13,164,86,10,96,260
06/09/2000,MGW,WV,AEA,CE,Federal Contract Tower,0,19,15,2,36,0,36,35,8,79,0,55,50,10,115,108,0,108,223
06/10/2000,MGW,WV,AEA,CE,Federal Contract Tower,0,14,10,0,24,0,24,76,0,100,0,38,86,0,124,170,0,170,294
06/11/2000,MGW,WV,AEA,CE,Federal Contract Tower,0,22,17,2,41,0,21,49,5,75,0,43,66,7,116,54,0,54,170
06/12/2000,MGW,WV,AEA,CE,Federal Contract Tower,0,18,13,0,31,0,19,6,0,25,0,37,19,0,56,36,0,36,92
06/13/2000,MGW,WV,AEA,CE,Federal Contract Tower,0,20,15,2,37,0,11,17,0,28,0,31,32,2,65,60,12,72,137
06/14/2000,MGW,WV,AEA,CE,Federal Contract Tower,0,24,17,3,44,0,10,38,13,61,0,34,55,16,105,36,0,36,141
06/15/2000,MGW,WV,AEA,CE,Federal Contract Tower,0,19,15,2,36,0,18,46,2,66,0,37,61,4,102,42,42,84,186
06/16/2000,MGW,WV,AEA,CE,Federal Contract Tower,0,24,18,3,45,0,32,47,8,87,0,56,65,11,132,58,6,64,196
06/17/2000,MGW,WV,AEA,CE,Federal Contract Tower,0,11,8,0,19,0,20,26,9,55,0,31,34,9,74,30,0,30,104
06/18/2000,MGW,WV,AEA,CE,Federal Contract Tower,0,13,5,1,19,0,8,0,0,8,0,21,5,1,27,0,0,0,27
06/19/2000,MGW,WV,AEA,CE,Federal Contract Tower,0,23,16,1,40,0,25,52,0,77,0,48,68,1,117,84,0,84,201
06/20/2000,MGW,WV,AEA,CE,Federal Contract Tower,0,23,16,1,40,0,17,39,7,63,0,40,55,8,103,96,4,100,203
06/21/2000,MGW,WV,AEA,CE,Federal Contract Tower,0,24,21,2,47,0,0,29,2,31,0,24,50,4,78,0,0,0,78
06/22/2000,MGW,WV,AEA,CE,Federal Contract Tower,0,24,17,2,43,0,11,34,15,60,0,35,51,17,103,56,0,56,159
06/23/2000,MGW,WV,AEA,CE,Federal Contract Tower,0,27,18,2,47,0,13,67,10,90,0,40,85,12,137,114,0,114,251
06/24/2000,MGW,WV,AEA,CE,Federal Contract Tower,0,17,11,1,29,0,10,85,5,100,0,27,96,6,129,154,0,154,283
06/25/2000,MGW,WV,AEA,CE,Federal Contract Tower,0,19,13,0,32,0,5,34,0,39,0,24,47,0,71,16,0,16,87
06/26/2000,MGW,WV,AEA,CE,Federal Contract Tower,0,17,11,0,28,0,19,25,0,44,0,36,36,0,72,62,0,62,134
06/27/2000,MGW,WV,AEA,CE,Federal Contract Tower,0,25,17,2,44,0,3,3,1,7,0,28,20,3,51,14,0,14,65
06/28/2000,MGW,WV,AEA,CE,Federal Contract Tower,0,23,16,1,40,0,1,41,14,56,0,24,57,15,96,46,10,56,152
06/29/2000,MGW,WV,AEA,CE,Federal Contract Tower,0,20,15,1,36,0,25,65,11,101,0,45,80,12,137,78,0,78,215
06/30/2000,MGW,WV,AEA,CE,Federal Contract Tower,0,18,12,1,31,0,13,81,4,98,0,31,93,5,129,118,0,118,247
07/01/2000,MGW,WV,AEA,CE,Federal Contract Tower,0,10,6,1,17,0,27,76,3,106,0,37,82,4,123,74,0,74,197
07/02/2000,MGW,WV,AEA,CE,Federal Contract Tower,0,13,11,0,24,0,26,38,0,64,0,39,49,0,88,108,0,108,196
07/03/2000,MGW,WV,AEA,CE,Federal Contract Tower,0,5,5,0,10,0,5,10,0,15,0,10,15,0,25,20,0,20,45
07/04/2000,MGW,WV,AEA,CE,Federal Contract Tower,0,19,14,0,33,0,13,16,0,29,0,32,30,0,62,28,0,28,90
07/05/2000,MGW,WV,AEA,CE,Federal Contract Tower,0,16,12,0,28,0,30,67,0,97,0,46,79,0,125,100,0,100,225
07/06/2000,MGW,WV,AEA,CE,Federal Contract Tower,0,18,12,0,30,0,20,69,0,89,0,38,81,0,119,158,0,158,277
07/07/2000,MGW,WV,AEA,CE,Federal Contract Tower,0,21,14,1,36,0,16,75,3,94,0,37,89,4,130,120,0,120,250
07/08/2000,MGW,WV,AEA,CE,Federal Contract Tower,0,9,6,0,15,0,16,94,0,110,0,25,100,0,125,120,0,120,245
07/09/2000,MGW,WV,AEA,CE,Federal Contract Tower,0,18,12,1,31,0,13,43,11,67,0,31,55,12,98,66,0,66,164
07/10/2000,MGW,WV,AEA,CE,Federal Contract Tower,0,21,15,0,36,0,1,7,0,8,0,22,22,0,44,2,0,2,46
07/11/2000,MGW,WV,AEA,CE,Federal Contract Tower,0,20,14,0,34,0,4,16,0,20,0,24,30,0,54,18,0,18,72
07/12/2000,MGW,WV,AEA,CE,Federal Contract Tower,0,22,13,1,36,0,18,61,4,83,0,40,74,5,119,84,10,94,213
07/13/2000,MGW,WV,AEA,CE,Federal Contract Tower,0,26,16,1,43,0,12,43,1,56,0,38,59,2,99,102,0,102,201
07/14/2000,MGW,WV,AEA,CE,Federal Contract Tower,0,19,13,1,33,0,0,36,5,41,0,19,49,6,74,38,0,38,112
07/15/2000,MGW,WV,AEA,CE,Federal Contract Tower,0,12,6,0,18,0,8,31,0,39,0,20,37,0,57,66,0,66,123
07/16/2000,MGW,WV,AEA,CE,Federal Contract Tower,0,19,11,1,31,0,6,9,1,16,0,25,20,2,47,36,0,36,83
07/17/2000,MGW,WV,AEA,CE,Federal Contract Tower,0,21,13,1,35,0,18,45,1,64,0,39,58,2,99,180,0,180,279
07/18/2000,MGW,WV,AEA,CE,Federal Contract Tower,0,23,15,0,38,0,11,17,4,32,0,34,32,4,70,138,0,138,208
07/19/2000,MGW,WV,AEA,CE,Federal Contract Tower,0,23,16,0,39,0,0,3,0,3,0,23,19,0,42,0,0,0,42
07/20/2000,MGW,WV,AEA,CE,Federal Contract Tower,0,28,18,2,48,0,12,52,2,66,0,40,70,4,114,110,0,110,224
07/21/2000,MGW,WV,AEA,CE,Federal Contract Tower,0,22,15,0,37,0,23,39,6,68,0,45,54,6,105,98,0,98,203
07/22/2000,MGW,WV,AEA,CE,Federal Contract Tower,0,11,7,0,18,0,9,28,0,37,0,20,35,0,55,42,0,42,97
07/23/2000,MGW,WV,AEA,CE,Federal Contract Tower,0,18,11,0,29,0,14,77,0,91,0,32,88,0,120,104,0,104,224
07/24/2000,MGW,WV,AEA,CE,Federal Contract Tower,0,29,19,2,50,0,4,24,2,30,0,33,43,4,80,4,0,4,84
07/25/2000,MGW,WV,AEA,CE,Federal Contract Tower,0,24,15,0,39,0,6,54,2,62,0,30,69,2,101,28,0,28,129
07/26/2000,MGW,WV,AEA,CE,Federal Contract Tower,0,20,17,0,37,0,0,18,2,20,0,20,35,2,57,56,0,56,113
07/27/2000,MGW,WV,AEA,CE,Federal Contract Tower,0,25,16,0,41,0,2,25,3,30,0,27,41,3,71,80,4,84,155
07/28/2000,MGW,WV,AEA,CE,Federal Contract Tower,0,18,12,0,30,0,12,11,6,29,0,30,23,6,59,50,8,58,117
07/29/2000,MGW,WV,AEA,CE,Federal Contract Tower,0,11,6,0,17,0,0,4,0,4,0,11,10,0,21,30,0,30,51
07/30/2000,MGW,WV,AEA,CE,Federal Contract Tower,0,17,10,0,27,0,4,30,0,34,0,21,40,0,61,24,0,24,85
07/31/2000,MGW,WV,AEA,CE,Federal Contract Tower,0,23,15,0,38,0,5,7,0,12,0,28,22,0,50,0,0,0,50
08/01/2000,MGW,WV,AEA,CE,Federal Contract Tower,0,25,24,0,49,0,0,26,0,26,0,25,50,0,75,2,0,2,77
08/02/2000,MGW,WV,AEA,CE,Federal Contract Tower,0,19,15,2,36,0,9,26,0,35,0,28,41,2,71,66,0,66,137
08/03/2000,MGW,WV,AEA,CE,Federal Contract Tower,0,24,19,0,43,0,9,9,0,18,0,33,28,0,61,20,0,20,81
08/04/2000,MGW,WV,AEA,CE,Federal Contract Tower,0,26,21,2,49,0,0,22,4,26,0,26,43,6,75,18,0,18,93
08/05/2000,MGW,WV,AEA,CE,Federal Contract Tower,0,11,9,1,21,0,2,56,5,63,0,13,65,6,84,48,0,48,132
08/06/2000,MGW,WV,AEA,CE,Federal Contract Tower,0,15,13,1,29,0,10,2,3,15,0,25,15,4,44,0,0,0,44
08/07/2000,MGW,WV,AEA,CE,Federal Contract Tower,0,15,13,0,28,0,10,19,0,29,0,25,32,0,57,44,0,44,101
08/08/2000,MGW,WV,AEA,CE,Federal Contract Tower,0,21,18,2,41,0,0,21,3,24,0,21,39,5,65,44,0,44,109
08/09/2000,MGW,WV,AEA,CE,Federal Contract Tower,0,16,15,1,32,0,0,26,1,27,0,16,41,2,59,12,0,12,71
08/10/2000,MGW,WV,AEA,CE,Federal Contract Tower,0,24,18,2,44,0,0,53,4,57,0,24,71,6,101,56,0,56,157
08/11/2000,MGW,WV,AEA,CE,Federal Contract Tower,0,24,18,2,44,0,15,50,4,69,0,39,68,6,113,44,0,44,157
08/12/2000,MGW,WV,AEA,CE,Federal Contract Tower,0,13,11,1,25,0,25,39,14,78,0,38,50,15,103,24,0,24,127
08/13/2000,MGW,WV,AEA,CE,Federal Contract Tower,0,17,14,0,31,0,13,40,0,53,0,30,54,0,84,20,0,20,104
08/14/2000,MGW,WV,AEA,CE,Federal Contract Tower,0,32,25,0,57,0,33,62,0,95,0,65,87,0,152,54,0,54,206
08/15/2000,MGW,WV,AEA,CE,Federal Contract Tower,0,17,14,1,32,0,26,48,1,75,0,43,62,2,107,54,0,54,161
08/16/2000,MGW,WV,AEA,CE,Federal Contract Tower,0,0,15,1,16,0,0,20,50,70,0,0,35,51,86,50,0,50,136
08/17/2000,MGW,WV,AEA,CE,Federal Contract Tower,0,16,14,1,31,0,16,21,3,40,0,32,35,4,71,72,0,72,143
08/18/2000,MGW,WV,AEA,CE,Federal Contract Tower,0,22,17,1,40,0,1,1,1,3,0,23,18,2,43,0,0,0,43
08/19/2000,MGW,WV,AEA,CE,Federal Contract Tower,0,13,10,0,23,0,9,53,6,68,0,22,63,6,91,76,0,76,167
08/20/2000,MGW,WV,AEA,CE,Federal Contract Tower,0,16,13,0,29,0,18,31,0,49,0,34,44,0,78,32,0,32,110
08/21/2000,MGW,WV,AEA,CE,Federal Contract Tower,0,19,14,0,33,0,25,21,0,46,0,44,35,0,79,10,0,10,89
08/22/2000,MGW,WV,AEA,CE,Federal Contract Tower,0,22,17,1,40,0,21,20,15,56,0,43,37,16,96,14,0,14,110
08/23/2000,MGW,WV,AEA,CE,Federal Contract Tower,0,21,16,0,37,0,2,5,0,7,0,23,21,0,44,0,0,0,44
08/24/2000,MGW,WV,AEA,CE,Federal Contract Tower,0,27,20,1,48,0,3,22,1,26,0,30,42,2,74,54,0,54,128
08/25/2000,MGW,WV,AEA,CE,Federal Contract Tower,0,21,16,1,38,0,11,38,15,64,0,32,54,16,102,36,2,38,140
08/26/2000,MGW,WV,AEA,CE,Federal Contract Tower,0,11,8,0,19,0,18,36,4,58,0,29,44,4,77,66,0,66,143
08/27/2000,MGW,WV,AEA,CE,Federal Contract Tower,0,14,10,0,24,0,6,19,0,25,0,20,29,0,49,22,0,22,71
08/28/2000,MGW,WV,AEA,CE,Federal Contract Tower,0,22,16,1,39,0,19,13,1,33,0,41,29,2,72,22,0,22,94
08/29/2000,MGW,WV,AEA,CE,Federal Contract Tower,0,22,16,1,39,0,14,30,3,47,0,36,46,4,86,4,0,4,90
08/30/2000,MGW,WV,AEA,CE,Federal Contract Tower,0,23,17,1,41,0,14,49,11,74,0,37,66,12,115,56,8,64,179
08/31/2000,MGW,WV,AEA,CE,Federal Contract Tower,0,21,15,1,37,0,20,26,3,49,0,41,41,4,86,42,0,42,128
09/01/2000,MGW,WV,AEA,CE,Federal Contract Tower,0,22,21,1,44,0,7,52,1,60,0,29,73,2,104,2,0,2,106
09/02/2000,MGW,WV,AEA,CE,Federal Contract Tower,0,12,12,0,24,0,10,101,0,111,0,22,113,0,135,208,0,208,343
09/03/2000,MGW,WV,AEA,CE,Federal Contract Tower,0,9,9,0,18,0,11,29,0,40,0,20,38,0,58,84,0,84,142
09/04/2000,MGW,WV,AEA,CE,Federal Contract Tower,0,15,14,0,29,0,8,4,0,12,0,23,18,0,41,0,0,0,41
09/05/2000,MGW,WV,AEA,CE,Federal Contract Tower,0,15,13,0,28,0,19,44,0,63,0,34,57,0,91,20,0,20,111
09/06/2000,MGW,WV,AEA,CE,Federal Contract Tower,0,19,18,2,39,0,10,57,7,74,0,29,75,9,113,88,0,88,201
09/07/2000,MGW,WV,AEA,CE,Federal Contract Tower,0,21,20,2,43,0,8,78,20,106,0,29,98,22,149,98,4,102,251
09/08/2000,MGW,WV,AEA,CE,Federal Contract Tower,0,18,16,2,36,0,33,71,21,125,0,51,87,23,161,52,0,52,213
09/09/2000,MGW,WV,AEA,CE,Federal Contract Tower,0,0,0,0,0,0,0,16,0,16,0,0,16,0,16,0,0,0,16
09/10/2000,MGW,WV,AEA,CE,Federal Contract Tower,0,11,11,1,23,0,5,29,1,35,0,16,40,2,58,14,0,14,72
09/11/2000,MGW,WV,AEA,CE,Federal Contract Tower,0,20,19,2,41,0,12,20,18,50,0,32,39,20,91,2,0,2,93
09/12/2000,MGW,WV,AEA,CE,Federal Contract Tower,0,21,19,2,42,0,17,32,15,64,0,38,51,17,106,32,0,32,138
09/13/2000,MGW,WV,AEA,CE,Federal Contract Tower,0,20,19,2,41,0,28,48,18,94,0,48,67,20,135,102,0,102,237
09/14/2000,MGW,WV,AEA,CE,Federal Contract Tower,0,26,25,0,51,0,3,73,0,76,0,29,98,0,127,60,0,60,187
09/15/2000,MGW,WV,AEA,CE,Federal Contract Tower,0,26,25,2,53,0,27,54,8,89,0,53,79,10,142,42,12,54,196
09/16/2000,MGW,WV,AEA,CE,Federal Contract Tower,0,17,18,0,35,0,0,80,0,80,0,17,98,0,115,98,0,98,213
09/17/2000,MGW,WV,AEA,CE,Federal Contract Tower,0,15,14,2,31,0,11,114,0,125,0,26,128,2,156,132,0,132,288
09/18/2000,MGW,WV,AEA,CE,Federal Contract Tower,0,16,14,0,30,0,9,50,0,59,0,25,64,0,89,66,0,66,155
09/19/2000,MGW,WV,AEA,CE,Federal Contract Tower,0,17,15,1,33,0,31,38,5,74,0,48,53,6,107,84,0,84,191
09/20/2000,MGW,WV,AEA,CE,Federal Contract Tower,0,20,17,1,38,0,13,50,3,66,0,33,67,4,104,20,0,20,124
09/21/2000,MGW,WV,AEA,CE,Federal Contract Tower,0,22,20,1,43,0,18,16,4,38,0,40,36,5,81,0,0,0,81
09/22/2000,MGW,WV,AEA,CE,Federal Contract Tower,0,26,23,1,50,0,25,60,3,88,0,51,83,4,138,74,0,74,212
09/23/2000,MGW,WV,AEA,CE,Federal Contract Tower,0,20,17,1,38,0,1,117,3,121,0,21,134,4,159,154,0,154,313
09/24/2000,MGW,WV,AEA,CE,Federal Contract Tower,0,19,17,1,37,0,6,9,1,16,0,25,26,2,53,4,0,4,57
09/25/2000,MGW,WV,AEA,CE,Federal Contract Tower,0,19,16,1,36,0,8,6,6,20,0,27,22,7,56,16,4,20,76
09/26/2000,MGW,WV,AEA,CE,Federal Contract Tower,0,27,26,1,54,0,0,2,12,14,0,27,28,13,68,8,0,8,76
09/27/2000,MGW,WV,AEA,CE,Federal Contract Tower,0,22,20,0,42,0,24,37,0,61,0,46,57,0,103,78,0,78,181
09/28/2000,MGW,WV,AEA,CE,Federal Contract Tower,0,23,20,1,44,0,20,31,3,54,0,43,51,4,98,274,8,282,380
09/29/2000,MGW,WV,AEA,CE,Federal Contract Tower,0,24,22,1,47,0,25,40,5,70,0,49,62,6,117,28,0,28,145
09/30/2000,MGW,WV,AEA,CE,Federal Contract Tower,0,11,10,0,21,0,28,58,0,86,0,39,68,0,107,12,0,12,119
10/01/2000,MGW,WV,AEA,CE,Federal Contract Tower,0,24,18,2,44,0,32,78,2,112,0,56,96,4,156,28,6,34,190
10/02/2000,MGW,WV,AEA,CE,Federal Contract Tower,0,24,17,2,43,0,5,55,0,60,0,29,72,2,103,68,0,68,171
10/03/2000,MGW,WV,AEA,CE,Federal Contract Tower,0,19,15,2,36,0,20,47,11,78,0,39,62,13,114,10,6,16,130
10/04/2000,MGW,WV,AEA,CE,Federal Contract Tower,0,13,9,2,24,0,17,48,0,65,0,30,57,2,89,24,0,24,113
10/05/2000,MGW,WV,AEA,CE,Federal Contract Tower,0,28,21,3,52,0,8,34,9,51,0,36,55,12,103,34,0,34,137
10/06/2000,MGW,WV,AEA,CE,Federal Contract Tower,0,21,16,2,39,0,2,29,8,39,0,23,45,10,78,68,0,68,146
10/07/2000,MGW,WV,AEA,CE,Federal Contract Tower,0,0,0,0,0,0,17,48,0,65,0,17,48,0,65,0,0,0,65
10/08/2000,MGW,WV,AEA,CE,Federal Contract Tower,0,13,10,0,23,0,8,19,0,27,0,21,29,0,50,34,0,34,84
10/09/2000,MGW,WV,AEA,CE,Federal Contract Tower,0,15,11,2,28,0,13,1,0,14,0,28,12,2,42,0,0,0,42
10/10/2000,MGW,WV,AEA,CE,Federal Contract Tower,0,15,11,2,28,0,28,27,0,55,0,43,38,2,83,18,0,18,101
10/11/2000,MGW,WV,AEA,CE,Federal Contract Tower,0,20,16,2,38,0,16,70,16,102,0,36,86,18,140,86,20,106,246
10/12/2000,MGW,WV,AEA,CE,Federal Contract Tower,0,20,15,2,37,0,17,82,6,105,0,37,97,8,142,142,0,142,284
10/13/2000,MGW,WV,AEA,CE,Federal Contract Tower,0,23,16,3,42,0,31,91,1,123,0,54,107,4,165,90,0,90,255
10/14/2000,MGW,WV,AEA,CE,Federal Contract Tower,0,12,8,2,22,0,20,63,0,83,0,32,71,2,105,52,0,52,157
10/15/2000,MGW,WV,AEA,CE,Federal Contract Tower,0,20,16,2,38,0,11,99,0,110,0,31,115,2,148,114,0,114,262
10/16/2000,MGW,WV,AEA,CE,Federal Contract Tower,0,19,14,2,35,0,39,20,2,61,0,58,34,4,96,70,0,70,166
10/17/2000,MGW,WV,AEA,CE,Federal Contract Tower,0,26,20,2,48,0,0,2,1,3,0,26,22,3,51,0,0,0,51
10/18/2000,MGW,WV,AEA,CE,Federal Contract Tower,0,25,17,2,44,0,21,22,0,43,0,46,39,2,87,36,0,36,123
10/19/2000,MGW,WV,AEA,CE,Federal Contract Tower,0,20,15,1,36,0,14,33,19,66,0,34,48,20,102,66,8,74,176
10/20/2000,MGW,WV,AEA,CE,Federal Contract Tower,0,27,20,2,49,0,11,77,2,90,0,38,97,4,139,64,0,64,203
10/21/2000,MGW,WV,AEA,CE,Federal Contract Tower,0,24,16,0,40,0,38,167,0,205,0,62,183,0,245,128,0,128,373
10/22/2000,MGW,WV,AEA,CE,Federal Contract Tower,0,21,15,1,37,0,14,69,1,84,0,35,84,2,121,108,0,108,229
10/23/2000,MGW,WV,AEA,CE,Federal Contract Tower,0,20,14,1,35,0,12,40,10,62,0,32,54,11,97,10,8,18,115
10/24/2000,MGW,WV,AEA,CE,Federal Contract Tower,0,23,16,0,39,0,7,6,0,13,0,30,22,0,52,18,0,18,70
10/25/2000,MGW,WV,AEA,CE,Federal Contract Tower,0,21,16,1,38,0,23,20,5,48,0,44,36,6,86,28,10,38,124
10/26/2000,MGW,WV,AEA,CE,Federal Contract Tower,0,24,16,2,42,0,12,54,5,71,0,36,70,7,113,46,12,58,171
10/27/2000,MGW,WV,AEA,CE,Federal Contract Tower,0,23,16,2,41,0,9,77,9,95,0,32,93,11,136,0,0,0,136
10/28/2000,MGW,WV,AEA,CE,Federal Contract Tower,0,13,8,0,21,0,13,64,0,77,0,26,72,0,98,0,0,0,98
10/29/2000,MGW,WV,AEA,CE,Federal Contract Tower,0,14,10,1,25,0,23,93,2,118,0,37,103,3,143,0,0,0,143
10/30/2000,MGW,WV,AEA,CE,Federal Contract Tower,0,15,11,1,27,0,15,25,1,41,0,30,36,2,68,32,0,32,100
10/31/2000,MGW,WV,AEA,CE,Federal Contract Tower,0,18,13,1,32,0,12,44,9,65,0,30,57,10,97,58,28,86,183
11/01/2000,MGW,WV,AEA,CE,Federal Contract Tower,0,19,13,1,33,0,10,50,3,63,0,29,63,4,96,100,6,106,202
11/02/2000,MGW,WV,AEA,CE,Federal Contract Tower,0,18,12,0,30,0,22,60,0,82,0,40,72,0,112,74,0,74,186
11/03/2000,MGW,WV,AEA,CE,Federal Contract Tower,0,33,23,2,58,0,2,63,2,67,0,35,86,4,125,50,2,52,177
11/04/2000,MGW,WV,AEA,CE,Federal Contract Tower,0,15,10,1,26,0,19,127,3,149,0,34,137,4,175,138,0,138,313
11/05/2000,MGW,WV,AEA,CE,Federal Contract Tower,0,21,15,1,37,0,17,69,2,88,0,38,84,3,125,70,0,70,195
11/06/2000,MGW,WV,AEA,CE,Federal Contract Tower,0,16,11,0,27,0,21,47,0,68,0,37,58,0,95,34,0,34,129
11/07/2000,MGW,WV,AEA,CE,Federal Contract Tower,0,18,13,0,31,0,5,21,0,26,0,23,34,0,57,34,0,34,91
11/08/2000,MGW,WV,AEA,CE,Federal Contract Tower,0,25,17,1,43,0,11,26,5,42,0,36,43,6,85,42,2,44,129
11/09/2000,MGW,WV,AEA,CE,Federal Contract Tower,0,25,17,1,43,0,13,26,3,42,0,38,43,4,85,0,0,0,85
11/10/2000,MGW,WV,AEA,CE,Federal Contract Tower,0,23,13,0,36,0,6,0,0,6,0,29,13,0,42,0,0,0,42
11/11/2000,MGW,WV,AEA,CE,Federal Contract Tower,0,15,11,0,26,0,21,47,0,68,0,36,58,0,94,42,0,42,136
11/12/2000,MGW,WV,AEA,CE,Federal Contract Tower,0,18,13,0,31,0,10,54,0,64,0,28,67,0,95,24,0,24,119
11/13/2000,MGW,WV,AEA,CE,Federal Contract Tower,0,22,15,0,37,0,13,22,0,35,0,35,37,0,72,8,0,8,80
11/14/2000,MGW,WV,AEA,CE,Federal Contract Tower,0,18,13,0,31,0,1,23,0,24,0,19,36,0,55,46,0,46,101
11/15/2000,MGW,WV,AEA,CE,Federal Contract Tower,0,29,19,0,48,0,9,46,0,55,0,38,65,0,103,18,0,18,121
11/16/2000,MGW,WV,AEA,CE,Federal Contract Tower,0,30,19,1,50,0,7,40,1,48,0,37,59,2,98,26,0,26,124
11/17/2000,MGW,WV,AEA,CE,Federal Contract Tower,0,27,18,0,45,0,0,23,0,23,0,27,41,0,68,8,0,8,76
11/18/2000,MGW,WV,AEA,CE,Federal Contract Tower,0,15,10,0,25,0,11,80,0,91,0,26,90,0,116,102,0,102,218
11/19/2000,MGW,WV,AEA,CE,Federal Contract Tower,0,18,12,0,30,0,6,30,0,36,0,24,42,0,66,44,0,44,110
11/20/2000,MGW,WV,AEA,CE,Federal Contract Tower,0,14,1,0,15,0,14,0,0,14,0,28,1,0,29,0,0,0,29
11/21/2000,MGW,WV,AEA,CE,Federal Contract Tower,0,21,14,0,35,0,0,1,0,1,0,21,15,0,36,0,0,0,36
11/22/2000,MGW,WV,AEA,CE,Federal Contract Tower,0,14,9,0,23,0,17,16,0,33,0,31,25,0,56,32,0,32,88
11/23/2000,MGW,WV,AEA,CE,Federal Contract Tower,0,7,4,0,11,0,18,34,0,52,0,25,38,0,63,14,0,14,77
11/24/2000,MGW,WV,AEA,CE,Federal Contract Tower,0,10,7,0,17,0,5,45,2,52,0,15,52,2,69,102,4,106,175
11/25/2000,MGW,WV,AEA,CE,Federal Contract Tower,0,9,6,0,15,0,5,6,0,11,0,14,12,0,26,2,0,2,28
11/26/2000,MGW,WV,AEA,CE,Federal Contract Tower,0,19,13,0,32,0,6,7,0,13,0,25,20,0,45,0,0,0,45
11/27/2000,MGW,WV,AEA,CE,Federal Contract Tower,0,17,11,0,28,0,4,0,6,10,0,21,11,6,38,10,0,10,48
11/28/2000,MGW,WV,AEA,CE,Federal Contract Tower,0,29,22,0,51,0,0,27,4,31,0,29,49,4,82,24,0,24,106
11/29/2000,MGW,WV,AEA,CE,Federal Contract Tower,0,21,14,0,35,0,4,13,0,17,0,25,27,0,52,22,0,22,74
11/30/2000,MGW,WV,AEA,CE,Federal Contract Tower,0,20,12,0,32,0,6,0,0,6,0,26,12,0,38,0,0,0,38
12/01/2000,MGW,WV,AEA,CE,Federal Contract Tower,0,21,12,0,33,0,0,10,0,10,0,21,22,0,43,36,0,36,79
12/02/2000,MGW,WV,AEA,CE,Federal Contract Tower,0,7,5,0,12,0,14,33,0,47,0,21,38,0,59,34,0,34,93
12/03/2000,MGW,WV,AEA,CE,Federal Contract Tower,0,18,10,0,28,0,28,68,2,98,0,46,78,2,126,98,0,98,224
12/04/2000,MGW,WV,AEA,CE,Federal Contract Tower,0,20,12,0,32,0,30,47,0,77,0,50,59,0,109,58,0,58,167
12/05/2000,MGW,WV,AEA,CE,Federal Contract Tower,0,24,14,0,38,0,9,27,2,38,0,33,41,2,76,0,18,18,94
12/06/2000,MGW,WV,AEA,CE,Federal Contract Tower,0,30,18,1,49,0,0,53,7,60,0,30,71,8,109,16,0,16,125
12/07/2000,MGW,WV,AEA,CE,Federal Contract Tower,0,19,12,0,31,0,0,12,0,12,0,19,24,0,43,0,0,0,43
12/08/2000,MGW,WV,AEA,CE,Federal Contract Tower,0,16,9,0,25,0,18,14,0,32,0,34,23,0,57,54,0,54,111
12/09/2000,MGW,WV,AEA,CE,Federal Contract Tower,0,10,5,1,16,0,27,47,1,75,0,37,52,2,91,92,0,92,183
12/10/2000,MGW,WV,AEA,CE,Federal Contract Tower,0,13,7,0,20,0,3,1,0,4,0,16,8,0,24,18,0,18,42
12/11/2000,MGW,WV,AEA,CE,Federal Contract Tower,0,28,15,1,44,0,7,36,1,44,0,35,51,2,88,54,0,54,142
12/12/2000,MGW,WV,AEA,CE,Federal Contract Tower,0,22,12,0,34,0,3,15,0,18,0,25,27,0,52,2,0,2,54
12/13/2000,MGW,WV,AEA,CE,Federal Contract Tower,0,16,9,1,26,0,5,24,3,32,0,21,33,4,58,96,0,96,154
12/14/2000,MGW,WV,AEA,CE,Federal Contract Tower,0,18,9,1,28,0,9,1,1,11,0,27,10,2,39,0,0,0,39
12/15/2000,MGW,WV,AEA,CE,Federal Contract Tower,0,22,11,1,34,0,10,44,3,57,0,32,55,4,91,74,0,74,165
12/16/2000,MGW,WV,AEA,CE,Federal Contract Tower,0,10,5,0,15,0,0,14,0,14,0,10,19,0,29,2,0,2,31
12/17/2000,MGW,WV,AEA,CE,Federal Contract Tower,0,13,1,0,14,0,7,0,0,7,0,20,1,0,21,0,0,0,21
12/18/2000,MGW,WV,AEA,CE,Federal Contract Tower,0,17,11,0,28,0,0,15,2,17,0,17,26,2,45,6,0,6,51
12/19/2000,MGW,WV,AEA,CE,Federal Contract Tower,0,20,1,0,21,0,9,0,0,9,0,29,1,0,30,0,0,0,30
12/20/2000,MGW,WV,AEA,CE,Federal Contract Tower,0,23,11,0,34,0,4,17,0,21,0,27,28,0,55,30,0,30,85
12/21/2000,MGW,WV,AEA,CE,Federal Contract Tower,0,17,9,0,26,0,21,9,0,30,0,38,18,0,56,134,0,134,190
12/22/2000,MGW,WV,AEA,CE,Federal Contract Tower,0,19,7,0,26,0,7,0,0,7,0,26,7,0,33,0,0,0,33
12/23/2000,MGW,WV,AEA,CE,Federal Contract Tower,0,10,4,0,14,0,2,28,0,30,0,12,32,0,44,86,0,86,130
12/24/2000,MGW,WV,AEA,CE,Federal Contract Tower,0,7,3,0,10,0,10,8,0,18,0,17,11,0,28,0,0,0,28
12/25/2000,MGW,WV,AEA,CE,Federal Contract Tower,0,5,2,0,7,0,1,3,0,4,0,6,5,0,11,10,0,10,21
12/26/2000,MGW,WV,AEA,CE,Federal Contract Tower,0,19,10,0,29,0,2,8,0,10,0,21,18,0,39,0,0,0,39
12/27/2000,MGW,WV,AEA,CE,Federal Contract Tower,0,20,11,0,31,0,0,3,0,3,0,20,14,0,34,0,0,0,34
12/28/2000,MGW,WV,AEA,CE,Federal Contract Tower,0,18,9,0,27,0,8,27,0,35,0,26,36,0,62,8,0,8,70
12/29/2000,MGW,WV,AEA,CE,Federal Contract Tower,0,15,7,0,22,0,32,6,0,38,0,47,13,0,60,0,0,0,60
12/30/2000,MGW,WV,AEA,CE,Federal Contract Tower,0,10,5,0,15,0,0,2,0,2,0,10,7,0,17,0,0,0,17
12/31/2000,MGW,WV,AEA,CE,Federal Contract Tower,0,6,1,0,7,0,2,0,0,2,0,8,1,0,9,0,0,0,9
01/01/2001,MGW,WV,AEA,CE,Federal Contract Tower,0,6,2,0,8,0,16,1,0,17,0,22,3,0,25,0,0,0,25
01/02/2001,MGW,WV,AEA,CE,Federal Contract Tower,0,18,8,1,27,0,15,15,1,31,0,33,23,2,58,0,0,0,58
01/03/2001,MGW,WV,AEA,CE,Federal Contract Tower,0,24,11,1,36,0,7,29,1,37,0,31,40,2,73,32,0,32,105
01/04/2001,MGW,WV,AEA,CE,Federal Contract Tower,0,23,10,0,33,0,3,11,0,14,0,26,21,0,47,4,0,4,51
01/05/2001,MGW,WV,AEA,CE,Federal Contract Tower,0,17,6,0,23,0,3,0,0,3,0,20,6,0,26,0,0,0,26
01/06/2001,MGW,WV,AEA,CE,Federal Contract Tower,0,8,3,0,11,0,12,15,0,27,0,20,18,0,38,0,0,0,38
01/07/2001,MGW,WV,AEA,CE,Federal Contract Tower,0,17,7,1,25,0,3,59,5,67,0,20,66,6,92,18,0,18,110
01/08/2001,MGW,WV,AEA,CE,Federal Contract Tower,0,23,10,0,33,0,5,10,0,15,0,28,20,0,48,0,0,0,48
01/09/2001,MGW,WV,AEA,CE,Federal Contract Tower,0,19,4,1,24,0,10,0,11,21,0,29,4,12,45,0,10,10,55
01/10/2001,MGW,WV,AEA,CE,Federal Contract Tower,0,19,8,1,28,0,13,26,1,40,0,32,34,2,68,36,10,46,114
01/11/2001,MGW,WV,AEA,CE,Federal Contract Tower,0,22,10,1,33,0,22,54,1,77,0,44,64,2,110,66,0,66,176
01/12/2001,MGW,WV,AEA,CE,Federal Contract Tower,0,17,8,0,25,0,15,72,0,87,0,32,80,0,112,84,0,84,196
01/13/2001,MGW,WV,AEA,CE,Federal Contract Tower,0,10,4,0,14,0,7,74,0,81,0,17,78,0,95,52,0,52,147
01/14/2001,MGW,WV,AEA,CE,Federal Contract Tower,0,17,7,0,24,0,6,29,0,35,0,23,36,0,59,30,0,30,89
01/15/2001,MGW,WV,AEA,CE,Federal Contract Tower,0,21,10,0,31,0,28,3,0,31,0,49,13,0,62,4,0,4,66
01/16/2001,MGW,WV,AEA,CE,Federal Contract Tower,0,21,9,1,31,0,5,8,1,14,0,26,17,2,45,0,0,0,45
01/17/2001,MGW,WV,AEA,CE,Federal Contract Tower,0,19,9,0,28,0,10,11,0,21,0,29,20,0,49,18,0,18,67
01/18/2001,MGW,WV,AEA,CE,Federal Contract Tower,0,25,9,0,34,0,0,2,0,2,0,25,11,0,36,2,0,2,38
01/19/2001,MGW,WV,AEA,CE,Federal Contract Tower,0,22,8,1,31,0,1,0,1,2,0,23,8,2,33,2,0,2,35
01/20/2001,MGW,WV,AEA,CE,Federal Contract Tower,0,11,2,0,13,0,3,0,0,3,0,14,2,0,16,0,0,0,16
01/21/2001,MGW,WV,AEA,CE,Federal Contract Tower,0,16,6,0,22,0,10,6,0,16,0,26,12,0,38,10,0,10,48
01/22/2001,MGW,WV,AEA,CE,Federal Contract Tower,0,23,10,0,33,0,4,14,0,18,0,27,24,0,51,16,0,16,67
01/23/2001,MGW,WV,AEA,CE,Federal Contract Tower,0,23,10,0,33,0,5,32,0,37,0,28,42,0,70,0,0,0,70
01/24/2001,MGW,WV,AEA,CE,Federal Contract Tower,0,25,10,0,35,0,3,16,4,23,0,28,26,4,58,30,0,30,88
01/25/2001,MGW,WV,AEA,CE,Federal Contract Tower,0,31,13,0,44,0,0,24,4,28,0,31,37,4,72,14,0,14,86
01/26/2001,MGW,WV,AEA,CE,Federal Contract Tower,0,25,10,0,35,0,9,31,0,40,0,34,41,0,75,24,0,24,99
01/27/2001,MGW,WV,AEA,CE,Federal Contract Tower,0,11,5,0,16,0,0,2,0,2,0,11,7,0,18,0,0,0,18
01/28/2001,MGW,WV,AEA,CE,Federal Contract Tower,0,17,7,0,24,0,3,45,2,50,0,20,52,2,74,42,0,42,116
01/29/2001,MGW,WV,AEA,CE,Federal Contract Tower,0,24,10,0,34,0,15,19,6,40,0,39,29,6,74,18,0,18,92
01/30/2001,MGW,WV,AEA,CE,Federal Contract Tower,0,22,10,0,32,0,4,7,2,13,0,26,17,2,45,0,0,0,45
01/31/2001,MGW,WV,AEA,CE,Federal Contract Tower,0,30,13,0,43,0,3,10,2,15,0,33,23,2,58,8,2,10,68
02/01/2001,MGW,WV,AEA,CE,Federal Contract Tower,0,23,12,2,37,0,8,29,10,47,0,31,41,12,84,42,0,42,126
02/02/2001,MGW,WV,AEA,CE,Federal Contract Tower,0,14,4,0,18,0,8,0,0,8,0,22,4,0,26,0,0,0,26
02/03/2001,MGW,WV,AEA,CE,Federal Contract Tower,0,12,7,1,20,0,0,48,9,57,0,12,55,10,77,34,8,42,119
02/04/2001,MGW,WV,AEA,CE,Federal Contract Tower,0,20,10,2,32,0,10,44,5,59,0,30,54,7,91,24,0,24,115
02/05/2001,MGW,WV,AEA,CE,Federal Contract Tower,0,18,10,2,30,0,6,4,8,18,0,24,14,10,48,0,0,0,48
02/06/2001,MGW,WV,AEA,CE,Federal Contract Tower,0,25,13,2,40,0,5,9,2,16,0,30,22,4,56,0,0,0,56
02/07/2001,MGW,WV,AEA,CE,Federal Contract Tower,0,22,11,2,35,0,19,39,5,63,0,41,50,7,98,24,0,24,122
02/08/2001,MGW,WV,AEA,CE,Federal Contract Tower,0,19,10,2,31,0,17,45,2,64,0,36,55,4,95,24,0,24,119
02/09/2001,MGW,WV,AEA,CE,Federal Contract Tower,0,21,11,2,34,0,15,16,0,31,0,36,27,2,65,0,0,0,65
02/10/2001,MGW,WV,AEA,CE,Federal Contract Tower,0,8,5,0,13,0,22,8,0,30,0,30,13,0,43,0,0,0,43
02/11/2001,MGW,WV,AEA,CE,Federal Contract Tower,0,15,9,1,25,0,17,53,1,71,0,32,62,2,96,36,0,36,132
02/12/2001,MGW,WV,AEA,CE,Federal Contract Tower,0,15,9,0,24,0,14,16,0,30,0,29,25,0,54,8,0,8,62
02/13/2001,MGW,WV,AEA,CE,Federal Contract Tower,0,23,12,2,37,0,4,30,2,36,0,27,42,4,73,4,0,4,77
02/14/2001,MGW,WV,AEA,CE,Federal Contract Tower,0,22,16,2,40,0,0,4,6,10,0,22,20,8,50,0,0,0,50
02/15/2001,MGW,WV,AEA,CE,Federal Contract Tower,0,23,14,0,37,0,0,5,0,5,0,23,19,0,42,0,0,0,42
02/16/2001,MGW,WV,AEA,CE,Federal Contract Tower,0,22,12,0,34,0,0,6,0,6,0,22,18,0,40,0,0,0,40
02/17/2001,MGW,WV,AEA,CE,Federal Contract Tower,0,12,6,0,18,0,13,2,7,22,0,25,8,7,40,0,0,0,40
02/18/2001,MGW,WV,AEA,CE,Federal Contract Tower,0,18,9,0,27,0,12,28,0,40,0,30,37,0,67,16,0,16,83
02/19/2001,MGW,WV,AEA,CE,Federal Contract Tower,0,21,10,1,32,0,16,24,1,41,0,37,34,2,73,18,0,18,91
02/20/2001,MGW,WV,AEA,CE,Federal Contract Tower,0,25,12,0,37,0,15,28,0,43,0,40,40,0,80,24,0,24,104
02/21/2001,MGW,WV,AEA,CE,Federal Contract Tower,0,25,12,1,38,0,1,18,3,22,0,26,30,4,60,12,0,12,72
02/22/2001,MGW,WV,AEA,CE,Federal Contract Tower,0,18,9,0,27,0,0,1,0,1,0,18,10,0,28,0,0,0,28
02/23/2001,MGW,WV,AEA,CE,Federal Contract Tower,0,19,10,1,30,0,9,27,0,36,0,28,37,1,66,74,0,74,140
02/24/2001,MGW,WV,AEA,CE,Federal Contract Tower,0,7,4,0,11,0,18,34,2,54,0,25,38,2,65,14,0,14,79
02/25/2001,MGW,WV,AEA,CE,Federal Contract Tower,0,13,6,0,19,0,11,2,0,13,0,24,8,0,32,2,0,2,34
02/26/2001,MGW,WV,AEA,CE,Federal Contract Tower,0,21,11,1,33,0,12,24,25,61,0,33,35,26,94,34,0,34,128
02/27/2001,MGW,WV,AEA,CE,Federal Contract Tower,0,20,10,0,30,0,14,37,0,51,0,34,47,0,81,22,0,22,103
02/28/2001,MGW,WV,AEA,CE,Federal Contract Tower,0,26,13,1,40,0,10,38,3,51,0,36,51,4,91,34,0,34,125
03/01/2001,MGW,WV,AEA,CE,Federal Contract Tower,0,23,13,0,36,0,22,33,4,59,0,45,46,4,95,8,0,8,103
03/02/2001,MGW,WV,AEA,CE,Federal Contract Tower,0,18,10,0,28,0,17,25,0,42,0,35,35,0,70,6,0,6,76
03/03/2001,MGW,WV,AEA,CE,Federal Contract Tower,0,12,6,0,18,0,2,37,0,39,0,14,43,0,57,66,0,66,123
03/04/2001,MGW,WV,AEA,CE,Federal Contract Tower,0,14,7,0,21,0,2,0,0,2,0,16,7,0,23,0,0,0,23
03/05/2001,MGW,WV,AEA,CE,Federal Contract Tower,0,18,10,1,29,0,1,2,3,6,0,19,12,4,35,0,0,0,35
03/06/2001,MGW,WV,AEA,CE,Federal Contract Tower,0,18,5,0,23,0,6,0,0,6,0,24,5,0,29,0,0,0,29
03/07/2001,MGW,WV,AEA,CE,Federal Contract Tower,0,25,14,1,40,0,12,21,5,38,0,37,35,6,78,0,0,0,78
03/08/2001,MGW,WV,AEA,CE,Federal Contract Tower,0,18,10,1,29,0,9,39,3,51,0,27,49,4,80,24,0,24,104
03/09/2001,MGW,WV,AEA,CE,Federal Contract Tower,0,18,9,0,27,0,5,4,0,9,0,23,13,0,36,0,0,0,36
03/10/2001,MGW,WV,AEA,CE,Federal Contract Tower,0,9,4,1,14,0,16,62,3,81,0,25,66,4,95,62,0,62,157
03/11/2001,MGW,WV,AEA,CE,Federal Contract Tower,0,16,8,1,25,0,16,48,1,65,0,32,56,2,90,36,0,36,126
03/12/2001,MGW,WV,AEA,CE,Federal Contract Tower,0,21,11,0,32,0,9,28,0,37,0,30,39,0,69,0,0,0,69
03/13/2001,MGW,WV,AEA,CE,Federal Contract Tower,0,16,8,0,24,0,10,5,0,15,0,26,13,0,39,8,0,8,47
03/14/2001,MGW,WV,AEA,CE,Federal Contract Tower,0,23,12,0,35,0,20,21,0,41,0,43,33,0,76,16,0,16,92
03/15/2001,MGW,WV,AEA,CE,Federal Contract Tower,0,22,14,1,37,0,0,35,1,36,0,22,49,2,73,32,0,32,105
03/16/2001,MGW,WV,AEA,CE,Federal Contract Tower,0,19,10,1,30,0,6,10,1,17,0,25,20,2,47,0,0,0,47
03/17/2001,MGW,WV,AEA,CE,Federal Contract Tower,0,9,5,0,14,0,6,0,0,6,0,15,5,0,20,0,0,0,20
03/18/2001,MGW,WV,AEA,CE,Federal Contract Tower,0,19,9,0,28,0,0,63,2,65,0,19,72,2,93,40,0,40,133
03/19/2001,MGW,WV,AEA,CE,Federal Contract Tower,0,20,11,0,31,0,0,44,2,46,0,20,55,2,77,42,0,42,119
03/20/2001,MGW,WV,AEA,CE,Federal Contract Tower,0,23,11,0,34,0,3,19,4,26,0,26,30,4,60,8,0,8,68
03/21/2001,MGW,WV,AEA,CE,Federal Contract Tower,0,22,11,0,33,0,6,3,0,9,0,28,14,0,42,0,0,0,42
03/22/2001,MGW,WV,AEA,CE,Federal Contract Tower,0,23,11,0,34,0,16,9,0,25,0,39,20,0,59,38,0,38,97
03/23/2001,MGW,WV,AEA,CE,Federal Contract Tower,0,24,12,0,36,0,21,39,4,64,0,45,51,4,100,30,0,30,130
03/24/2001,MGW,WV,AEA,CE,Federal Contract Tower,0,7,3,0,10,0,3,3,0,6,0,10,6,0,16,10,0,10,26
03/25/2001,MGW,WV,AEA,CE,Federal Contract Tower,0,14,7,0,21,0,8,63,10,81,0,22,70,10,102,40,0,40,142
03/26/2001,MGW,WV,AEA,CE,Federal Contract Tower,0,16,8,0,24,0,17,11,2,30,0,33,19,2,54,8,0,8,62
03/27/2001,MGW,WV,AEA,CE,Federal Contract Tower,0,26,15,0,41,0,0,33,4,37,0,26,48,4,78,28,0,28,106
03/28/2001,MGW,WV,AEA,CE,Federal Contract Tower,0,20,10,0,30,0,19,49,12,80,0,39,59,12,110,78,0,78,188
03/29/2001,MGW,WV,AEA,CE,Federal Contract Tower,0,23,12,0,35,0,7,21,2,30,0,30,33,2,65,22,0,22,87
03/30/2001,MGW,WV,AEA,CE,Federal Contract Tower,0,24,15,0,39,0,0,9,0,9,0,24,24,0,48,0,0,0,48
03/31/2001,MGW,WV,AEA,CE,Federal Contract Tower,0,12,6,0,18,0,10,14,6,30,0,22,20,6,48,4,6,10,58
04/01/2001,MGW,WV,AEA,CE,Federal Contract Tower,0,13,6,0,19,0,17,10,0,27,0,30,16,0,46,0,0,0,46
04/02/2001,MGW,WV,AEA,CE,Federal Contract Tower,0,22,8,0,30,0,17,51,5,73,0,39,59,5,103,20,2,22,125
04/03/2001,MGW,WV,AEA,CE,Federal Contract Tower,0,21,16,0,37,0,8,51,2,61,0,29,67,2,98,12,0,12,110
04/04/2001,MGW,WV,AEA,CE,Federal Contract Tower,0,22,14,2,38,0,17,74,0,91,0,39,88,2,129,78,0,78,207
04/05/2001,MGW,WV,AEA,CE,Federal Contract Tower,0,21,18,2,41,0,13,83,3,99,0,34,101,5,140,102,0,102,242
04/06/2001,MGW,WV,AEA,CE,Federal Contract Tower,0,23,8,2,33,0,5,3,0,8,0,28,11,2,41,0,0,0,41
04/07/2001,MGW,WV,AEA,CE,Federal Contract Tower,0,11,6,2,19,0,20,41,4,65,0,31,47,6,84,82,0,82,166
04/08/2001,MGW,WV,AEA,CE,Federal Contract Tower,0,17,3,4,24,0,14,43,8,65,0,31,46,12,89,44,0,44,133
04/09/2001,MGW,WV,AEA,CE,Federal Contract Tower,0,12,7,4,23,0,10,28,2,40,0,22,35,6,63,8,0,8,71
04/10/2001,MGW,WV,AEA,CE,Federal Contract Tower,0,20,9,1,30,0,14,23,3,40,0,34,32,4,70,48,0,48,118
04/11/2001,MGW,WV,AEA,CE,Federal Contract Tower,0,24,9,2,35,0,6,24,4,34,0,30,33,6,69,12,0,12,81
04/12/2001,MGW,WV,AEA,CE,Federal Contract Tower,0,21,20,0,41,0,20,27,2,49,0,41,47,2,90,32,0,32,122
04/13/2001,MGW,WV,AEA,CE,Federal Contract Tower,0,21,14,0,35,0,14,80,0,94,0,35,94,0,129,52,0,52,181
04/14/2001,MGW,WV,AEA,CE,Federal Contract Tower,0,12,7,0,19,0,16,55,0,71,0,28,62,0,90,34,0,34,124
04/15/2001,MGW,WV,AEA,CE,Federal Contract Tower,0,17,6,0,23,0,11,6,0,17,0,28,12,0,40,4,0,4,44
04/16/2001,MGW,WV,AEA,CE,Federal Contract Tower,0,22,18,0,40,0,4,14,2,20,0,26,32,2,60,10,0,10,70
04/17/2001,MGW,WV,AEA,CE,Federal Contract Tower,0,20,7,1,28,0,8,5,1,14,0,28,12,2,42,0,0,0,42
04/18/2001,MGW,WV,AEA,CE,Federal Contract Tower,0,26,7,0,33,0,19,14,6,39,0,45,21,6,72,0,0,0,72
04/19/2001,MGW,WV,AEA,CE,Federal Contract Tower,0,21,6,1,28,0,27,54,7,88,0,48,60,8,116,44,16,60,176
04/20/2001,MGW,WV,AEA,CE,Federal Contract Tower,0,16,16,0,32,0,10,22,26,58,0,26,38,26,90,28,0,28,118
04/21/2001,MGW,WV,AEA,CE,Federal Contract Tower,0,12,2,0,14,0,10,29,2,41,0,22,31,2,55,42,0,42,97
04/22/2001,MGW,WV,AEA,CE,Federal Contract Tower,0,20,25,0,45,0,12,62,1,75,0,32,87,1,120,52,0,52,172
04/23/2001,MGW,WV,AEA,CE,Federal Contract Tower,0,20,21,0,41,0,24,52,6,82,0,44,73,6,123,44,0,44,167
04/24/2001,MGW,WV,AEA,CE,Federal Contract Tower,0,24,14,0,38,0,5,22,0,27,0,29,36,0,65,0,0,0,65
04/25/2001,MGW,WV,AEA,CE,Federal Contract Tower,0,24,22,3,49,0,30,98,15,143,0,54,120,18,192,38,78,116,308
04/26/2001,MGW,WV,AEA,CE,Federal Contract Tower,0,21,15,0,36,0,12,72,6,90,0,33,87,6,126,60,0,60,186
04/27/2001,MGW,WV,AEA,CE,Federal Contract Tower,0,25,13,2,40,0,22,64,0,86,0,47,77,2,126,22,0,22,148
04/28/2001,MGW,WV,AEA,CE,Federal Contract Tower,0,10,7,0,17,0,9,59,0,68,0,19,66,0,85,40,0,40,125
04/29/2001,MGW,WV,AEA,CE,Federal Contract Tower,0,17,20,2,39,0,24,72,0,96,0,41,92,2,135,54,0,54,189
04/30/2001,MGW,WV,AEA,CE,Federal Contract Tower,0,12,8,0,20,0,14,32,2,48,0,26,40,2,68,20,0,20,88
05/01/2001,MGW,WV,AEA,CE,Federal Contract Tower,0,17,9,0,26,0,24,45,0,69,0,41,54,0,95,38,0,38,133
05/02/2001,MGW,WV,AEA,CE,Federal Contract Tower,0,23,11,7,41,0,27,55,2,84,0,50,66,9,125,50,0,50,175
05/03/2001,MGW,WV,AEA,CE,Federal Contract Tower,0,25,13,0,38,0,15,73,0,88,0,40,86,0,126,102,0,102,228
05/04/2001,MGW,WV,AEA,CE,Federal Contract Tower,0,22,15,4,41,0,31,41,3,75,0,53,56,7,116,30,6,36,152
05/05/2001,MGW,WV,AEA,CE,Federal Contract Tower,0,9,14,0,23,0,11,33,0,44,0,20,47,0,67,16,0,16,83
05/06/2001,MGW,WV,AEA,CE,Federal Contract Tower,0,18,7,4,29,0,11,33,0,44,0,29,40,4,73,6,0,6,79
05/07/2001,MGW,WV,AEA,CE,Federal Contract Tower,0,20,10,0,30,0,17,35,0,52,0,37,45,0,82,18,0,18,100
05/08/2001,MGW,WV,AEA,CE,Federal Contract Tower,0,20,13,4,37,0,11,19,2,32,0,31,32,6,69,30,0,30,99
05/09/2001,MGW,WV,AEA,CE,Federal Contract Tower,0,21,14,0,35,0,24,31,0,55,0,45,45,0,90,32,0,32,122
05/10/2001,MGW,WV,AEA,CE,Federal Contract Tower,0,26,25,2,53,0,22,69,2,93,0,48,94,4,146,66,0,66,212
05/11/2001,MGW,WV,AEA,CE,Federal Contract Tower,0,19,4,2,25,0,27,44,0,71,0,46,48,2,96,84,0,84,180
05/12/2001,MGW,WV,AEA,CE,Federal Contract Tower,0,11,12,1,24,0,5,27,1,33,0,16,39,2,57,12,0,12,69
05/13/2001,MGW,WV,AEA,CE,Federal Contract Tower,0,19,12,0,31,0,21,75,0,96,0,40,87,0,127,64,0,64,191
05/14/2001,MGW,WV,AEA,CE,Federal Contract Tower,0,20,15,0,35,0,11,65,0,76,0,31,80,0,111,22,0,22,133
05/15/2001,MGW,WV,AEA,CE,Federal Contract Tower,0,21,20,1,42,0,17,26,1,44,0,38,46,2,86,30,0,30,116
05/16/2001,MGW,WV,AEA,CE,Federal Contract Tower,0,22,19,0,41,0,1,19,1,21,0,23,38,1,62,2,0,2,64
05/17/2001,MGW,WV,AEA,CE,Federal Contract Tower,0,20,26,5,51,0,13,6,4,23,0,33,32,9,74,26,0,26,100
05/18/2001,MGW,WV,AEA,CE,Federal Contract Tower,0,21,29,0,50,0,12,9,0,21,0,33,38,0,71,12,0,12,83
05/19/2001,MGW,WV,AEA,CE,Federal Contract Tower,0,9,20,0,29,0,22,24,0,46,0,31,44,0,75,0,0,0,75
05/20/2001,MGW,WV,AEA,CE,Federal Contract Tower,0,19,14,0,33,0,8,37,10,55,0,27,51,10,88,18,0,18,106
05/21/2001,MGW,WV,AEA,CE,Federal Contract Tower,0,19,7,1,27,0,3,15,1,19,0,22,22,2,46,0,0,0,46
05/22/2001,MGW,WV,AEA,CE,Federal Contract Tower,0,18,22,2,42,0,8,5,0,13,0,26,27,2,55,0,0,0,55
05/23/2001,MGW,WV,AEA,CE,Federal Contract Tower,0,20,12,3,35,0,7,80,7,94,0,27,92,10,129,56,22,78,207
05/24/2001,MGW,WV,AEA,CE,Federal Contract Tower,0,25,19,1,45,0,10,25,1,36,0,35,44,2,81,10,0,10,91
05/25/2001,MGW,WV,AEA,CE,Federal Contract Tower,0,21,18,1,40,0,10,19,4,33,0,31,37,5,73,16,18,34,107
05/26/2001,MGW,WV,AEA,CE,Federal Contract Tower,0,10,6,0,16,0,17,68,22,107,0,27,74,22,123,78,10,88,211
05/27/2001,MGW,WV,AEA,CE,Federal Contract Tower,0,10,11,0,21,0,12,19,0,31,0,22,30,0,52,14,0,14,66
05/28/2001,MGW,WV,AEA,CE,Federal Contract Tower,0,17,11,0,28,0,19,25,0,44,0,36,36,0,72,12,0,12,84
05/29/2001,MGW,WV,AEA,CE,Federal Contract Tower,0,21,11,0,32,0,7,23,0,30,0,28,34,0,62,22,0,22,84
05/30/2001,MGW,WV,AEA,CE,Federal Contract Tower,0,28,19,0,47,0,14,46,4,64,0,42,65,4,111,52,6,58,169
05/31/2001,MGW,WV,AEA,CE,Federal Contract Tower,0,19,18,1,38,0,26,53,3,82,0,45,71,4,120,38,16,54,174
06/01/2001,MGW,WV,AEA,CE,Federal Contract Tower,0,24,9,0,33,0,10,21,0,31,0,34,30,0,64,0,0,0,64
06/02/2001,MGW,WV,AEA,CE,Federal Contract Tower,0,11,11,2,24,0,39,11,4,54,0,50,22,6,78,0,0,0,78
06/03/2001,MGW,WV,AEA,CE,Federal Contract Tower,0,17,15,0,32,0,3,11,0,14,0,20,26,0,46,10,0,10,56
06/04/2001,MGW,WV,AEA,CE,Federal Contract Tower,0,25,17,16,58,0,12,48,0,60,0,37,65,16,118,76,0,76,194
06/05/2001,MGW,WV,AEA,CE,Federal Contract Tower,0,23,20,2,45,0,8,45,2,55,0,31,65,4,100,30,0,30,130
06/06/2001,MGW,WV,AEA,CE,Federal Contract Tower,0,20,31,0,51,0,3,14,2,19,0,23,45,2,70,6,12,18,88
06/07/2001,MGW,WV,AEA,CE,Federal Contract Tower,0,22,38,3,63,0,3,23,5,31,0,25,61,8,94,2,6,8,102
06/08/2001,MGW,WV,AEA,CE,Federal Contract Tower,0,20,22,0,42,0,33,80,8,121,0,53,102,8,163,94,0,94,257
06/09/2001,MGW,WV,AEA,CE,Federal Contract Tower,0,9,7,2,18,0,16,77,6,99,0,25,84,8,117,46,0,46,163
06/10/2001,MGW,WV,AEA,CE,Federal Contract Tower,0,19,8,2,29,0,13,64,2,79,0,32,72,4,108,94,0,94,202
06/11/2001,MGW,WV,AEA,CE,Federal Contract Tower,0,18,6,3,27,0,13,37,7,57,0,31,43,10,84,40,6,46,130
06/12/2001,MGW,WV,AEA,CE,Federal Contract Tower,0,19,19,0,38,0,21,53,0,74,0,40,72,0,112,64,0,64,176
06/13/2001,MGW,WV,AEA,CE,Federal Contract Tower,0,23,14,6,43,0,21,23,10,54,0,44,37,16,97,22,6,28,125
06/14/2001,MGW,WV,AEA,CE,Federal Contract Tower,0,23,20,0,43,0,34,52,2,88,0,57,72,2,131,78,42,120,251
06/15/2001,MGW,WV,AEA,CE,Federal Contract Tower,0,19,12,4,35,0,40,69,10,119,0,59,81,14,154,96,30,126,280
06/16/2001,MGW,WV,AEA,CE,Federal Contract Tower,0,10,20,0,30,0,0,14,0,14,0,10,34,0,44,0,0,0,44
06/17/2001,MGW,WV,AEA,CE,Federal Contract Tower,1,17,6,0,24,1,17,87,0,105,2,34,93,0,129,66,0,66,195
06/18/2001,MGW,WV,AEA,CE,Federal Contract Tower,0,20,15,1,36,0,19,45,3,67,0,39,60,4,103,48,6,54,157
06/19/2001,MGW,WV,AEA,CE,Federal Contract Tower,0,22,15,6,43,0,17,46,6,69,0,39,61,12,112,94,16,110,222
06/20/2001,MGW,WV,AEA,CE,Federal Contract Tower,0,18,11,2,31,0,1,31,4,36,0,19,42,6,67,42,0,42,109
06/21/2001,MGW,WV,AEA,CE,Federal Contract Tower,0,24,22,10,56,0,10,26,2,38,0,34,48,12,94,32,14,46,140
06/22/2001,MGW,WV,AEA,CE,Federal Contract Tower,0,20,16,2,38,0,15,22,0,37,0,35,38,2,75,20,0,20,95
06/23/2001,MGW,WV,AEA,CE,Federal Contract Tower,0,10,21,3,34,0,10,45,0,55,0,20,66,3,89,22,0,22,111
06/24/2001,MGW,WV,AEA,CE,Federal Contract Tower,0,18,23,1,42,0,15,70,3,88,0,33,93,4,130,38,0,38,168
06/25/2001,MGW,WV,AEA,CE,Federal Contract Tower,0,21,18,2,41,0,27,55,3,85,0,48,73,5,126,30,4,34,160
06/26/2001,MGW,WV,AEA,CE,Federal Contract Tower,0,22,16,2,40,0,23,69,2,94,0,45,85,4,134,84,0,84,218
06/27/2001,MGW,WV,AEA,CE,Federal Contract Tower,0,20,12,0,32,0,25,53,2,80,0,45,65,2,112,44,0,44,156
06/28/2001,MGW,WV,AEA,CE,Federal Contract Tower,0,22,20,0,42,0,12,69,0,81,0,34,89,0,123,18,0,18,141
06/29/2001,MGW,WV,AEA,CE,Federal Contract Tower,0,19,15,0,34,0,28,59,2,89,0,47,74,2,123,50,0,50,173
06/30/2001,MGW,WV,AEA,CE,Federal Contract Tower,0,12,8,0,20,0,15,28,0,43,0,27,36,0,63,26,0,26,89
07/01/2001,MGW,WV,AEA,CE,Federal Contract Tower,0,18,11,0,29,0,6,20,0,26,0,24,31,0,55,14,0,14,69
07/02/2001,MGW,WV,AEA,CE,Federal Contract Tower,0,21,11,0,32,0,6,77,0,83,0,27,88,0,115,77,0,77,192
07/03/2001,MGW,WV,AEA,CE,Federal Contract Tower,0,16,8,0,24,0,13,88,2,103,0,29,96,2,127,72,0,72,199
07/04/2001,MGW,WV,AEA,CE,Federal Contract Tower,0,6,3,0,9,0,6,17,0,23,0,12,20,0,32,0,0,0,32
07/05/2001,MGW,WV,AEA,CE,Federal Contract Tower,0,23,6,1,30,0,8,18,1,27,0,31,24,2,57,6,0,6,63
07/06/2001,MGW,WV,AEA,CE,Federal Contract Tower,0,23,10,0,33,0,22,101,4,127,0,45,111,4,160,102,0,102,262
07/07/2001,MGW,WV,AEA,CE,Federal Contract Tower,0,9,5,0,14,0,25,63,0,88,0,34,68,0,102,40,0,40,142
07/08/2001,MGW,WV,AEA,CE,Federal Contract Tower,0,20,11,0,31,0,2,20,0,22,0,22,31,0,53,0,0,0,53
07/09/2001,MGW,WV,AEA,CE,Federal Contract Tower,0,22,10,3,35,0,17,69,5,91,0,39,79,8,126,28,0,28,154
07/10/2001,MGW,WV,AEA,CE,Federal Contract Tower,0,19,11,0,30,0,0,32,0,32,0,19,43,0,62,44,0,44,106
07/11/2001,MGW,WV,AEA,CE,Federal Contract Tower,0,21,20,0,41,0,29,47,2,78,0,50,67,2,119,22,0,22,141
07/12/2001,MGW,WV,AEA,CE,Federal Contract Tower,0,21,16,2,39,0,18,67,4,89,0,39,83,6,128,92,0,92,220
07/13/2001,MGW,WV,AEA,CE,Federal Contract Tower,0,21,18,2,41,0,21,62,4,87,0,42,80,6,128,34,0,34,162
07/14/2001,MGW,WV,AEA,CE,Federal Contract Tower,0,10,9,0,19,0,26,61,0,87,0,36,70,0,106,26,0,26,132
07/15/2001,MGW,WV,AEA,CE,Federal Contract Tower,0,17,13,2,32,0,13,77,4,94,0,30,90,6,126,52,0,52,178
07/16/2001,MGW,WV,AEA,CE,Federal Contract Tower,0,19,16,0,35,0,17,54,23,94,0,36,70,23,129,28,0,28,157
07/17/2001,MGW,WV,AEA,CE,Federal Contract Tower,0,19,9,0,28,0,5,35,3,43,0,24,44,3,71,2,0,2,73
07/18/2001,MGW,WV,AEA,CE,Federal Contract Tower,0,21,26,1,48,0,8,14,3,25,0,29,40,4,73,16,0,16,89
07/19/2001,MGW,WV,AEA,CE,Federal Contract Tower,0,21,24,4,49,0,10,24,21,55,0,31,48,25,104,12,32,44,148
07/20/2001,MGW,WV,AEA,CE,Federal Contract Tower,0,20,17,5,42,0,43,67,38,148,0,63,84,43,190,48,78,126,316
07/21/2001,MGW,WV,AEA,CE,Federal Contract Tower,0,9,7,0,16,0,10,50,9,69,0,19,57,9,85,74,0,74,159
07/22/2001,MGW,WV,AEA,CE,Federal Contract Tower,0,20,12,0,32,0,23,35,0,58,0,43,47,0,90,54,0,54,144
07/23/2001,MGW,WV,AEA,CE,Federal Contract Tower,0,22,18,0,40,0,16,69,2,87,0,38,87,2,127,34,0,34,161
07/24/2001,MGW,WV,AEA,CE,Federal Contract Tower,0,27,16,3,46,0,14,49,8,71,0,41,65,11,117,12,0,12,129
07/25/2001,MGW,WV,AEA,CE,Federal Contract Tower,0,28,20,0,48,0,21,51,10,82,0,49,71,10,130,52,34,86,216
07/26/2001,MGW,WV,AEA,CE,Federal Contract Tower,0,20,20,0,40,0,8,9,0,17,0,28,29,0,57,6,0,6,63
07/27/2001,MGW,WV,AEA,CE,Federal Contract Tower,0,21,11,2,34,0,15,81,5,101,0,36,92,7,135,34,8,42,177
07/28/2001,MGW,WV,AEA,CE,Federal Contract Tower,0,9,9,0,18,0,4,46,0,50,0,13,55,0,68,24,0,24,92
07/29/2001,MGW,WV,AEA,CE,Federal Contract Tower,0,18,6,3,27,0,2,4,0,6,0,20,10,3,33,0,0,0,33
07/30/2001,MGW,WV,AEA,CE,Federal Contract Tower,0,21,12,2,35,0,13,43,2,58,0,34,55,4,93,34,0,34,127
07/31/2001,MGW,WV,AEA,CE,Federal Contract Tower,0,20,25,3,48,0,13,44,3,60,0,33,69,6,108,18,4,22,130
08/01/2001,MGW,WV,AEA,CE,Federal Contract Tower,0,19,22,2,43,0,5,48,5,58,0,24,70,7,101,2,2,4,105
08/02/2001,MGW,WV,AEA,CE,Federal Contract Tower,0,20,16,0,36,0,20,52,10,82,0,40,68,10,118,30,0,30,148
08/03/2001,MGW,WV,AEA,CE,Federal Contract Tower,0,21,33,8,62,0,7,33,5,45,0,28,66,13,107,16,0,16,123
08/04/2001,MGW,WV,AEA,CE,Federal Contract Tower,0,12,5,0,17,0,3,19,0,22,0,15,24,0,39,22,0,22,61
08/05/2001,MGW,WV,AEA,CE,Federal Contract Tower,0,15,13,2,30,0,9,38,0,47,0,24,51,2,77,36,0,36,113
08/06/2001,MGW,WV,AEA,CE,Federal Contract Tower,0,22,13,6,41,0,36,54,6,96,0,58,67,12,137,102,10,112,249
08/07/2001,MGW,WV,AEA,CE,Federal Contract Tower,0,18,22,1,41,0,24,49,5,78,0,42,71,6,119,84,4,88,207
08/08/2001,MGW,WV,AEA,CE,Federal Contract Tower,0,21,7,0,28,0,21,31,2,54,0,42,38,2,82,14,0,14,96
08/09/2001,MGW,WV,AEA,CE,Federal Contract Tower,0,20,22,2,44,0,16,30,4,50,0,36,52,6,94,18,0,18,112
08/10/2001,MGW,WV,AEA,CE,Federal Contract Tower,0,21,10,0,31,0,13,20,0,33,0,34,30,0,64,0,0,0,64
08/11/2001,MGW,WV,AEA,CE,Federal Contract Tower,0,15,7,0,22,0,7,7,6,20,0,22,14,6,42,0,0,0,42
08/12/2001,MGW,WV,AEA,CE,Federal Contract Tower,0,17,7,0,24,0,2,1,0,3,0,19,8,0,27,0,0,0,27
08/13/2001,MGW,WV,AEA,CE,Federal Contract Tower,0,23,12,2,37,0,8,37,2,47,0,31,49,4,84,48,0,48,132
08/14/2001,MGW,WV,AEA,CE,Federal Contract Tower,0,27,14,3,44,0,9,62,5,76,0,36,76,8,120,40,0,40,160
08/15/2001,MGW,WV,AEA,CE,Federal Contract Tower,0,20,19,5,44,0,6,65,7,78,0,26,84,12,122,52,4,56,178
08/16/2001,MGW,WV,AEA,CE,Federal Contract Tower,0,21,15,1,37,0,14,34,6,54,0,35,49,7,91,34,8,42,133
08/17/2001,MGW,WV,AEA,CE,Federal Contract Tower,0,18,14,2,34,0,9,45,7,61,0,27,59,9,95,30,0,30,125
08/18/2001,MGW,WV,AEA,CE,Federal Contract Tower,0,10,14,0,24,0,5,73,0,78,0,15,87,0,102,44,0,44,146
08/19/2001,MGW,WV,AEA,CE,Federal Contract Tower,0,20,15,1,36,0,8,35,7,50,0,28,50,8,86,2,0,2,88
08/20/2001,MGW,WV,AEA,CE,Federal Contract Tower,0,21,14,2,37,0,29,15,0,44,0,50,29,2,81,0,0,0,81
08/21/2001,MGW,WV,AEA,CE,Federal Contract Tower,0,24,16,0,40,0,12,62,11,85,0,36,78,11,125,64,0,64,189
08/22/2001,MGW,WV,AEA,CE,Federal Contract Tower,0,19,17,0,36,0,9,71,2,82,0,28,88,2,118,40,0,40,158
08/23/2001,MGW,WV,AEA,CE,Federal Contract Tower,0,20,7,1,28,0,11,18,1,30,0,31,25,2,58,0,0,0,58
08/24/2001,MGW,WV,AEA,CE,Federal Contract Tower,0,21,23,6,50,0,22,63,0,85,0,43,86,6,135,10,12,22,157
08/25/2001,MGW,WV,AEA,CE,Federal Contract Tower,0,13,20,0,33,0,28,60,2,90,0,41,80,2,123,30,0,30,153
08/26/2001,MGW,WV,AEA,CE,Federal Contract Tower,0,17,9,0,26,0,14,3,0,17,0,31,12,0,43,0,0,0,43
08/27/2001,MGW,WV,AEA,CE,Federal Contract Tower,0,20,6,0,26,0,13,19,4,36,0,33,25,4,62,20,0,20,82
08/28/2001,MGW,WV,AEA,CE,Federal Contract Tower,0,28,13,0,41,0,12,22,0,34,0,40,35,0,75,18,0,18,93
08/29/2001,MGW,WV,AEA,CE,Federal Contract Tower,0,23,13,5,41,0,14,63,9,86,0,37,76,14,127,42,16,58,185
08/30/2001,MGW,WV,AEA,CE,Federal Contract Tower,0,18,18,1,37,0,15,64,3,82,0,33,82,4,119,54,0,54,173
08/31/2001,MGW,WV,AEA,CE,Federal Contract Tower,0,20,22,2,44,0,12,29,2,43,0,32,51,4,87,0,0,0,87
09/01/2001,MGW,WV,AEA,CE,Federal Contract Tower,0,14,9,0,23,0,36,93,4,133,0,50,102,4,156,72,8,80,236
09/02/2001,MGW,WV,AEA,CE,Federal Contract Tower,0,10,5,0,15,0,9,106,0,115,0,19,111,0,130,80,0,80,210
09/03/2001,MGW,WV,AEA,CE,Federal Contract Tower,0,18,18,1,37,0,22,79,1,102,0,40,97,2,139,82,0,82,221
09/04/2001,MGW,WV,AEA,CE,Federal Contract Tower,0,22,2,0,24,0,0,40,0,40,0,22,42,0,64,10,0,10,74
09/05/2001,MGW,WV,AEA,CE,Federal Contract Tower,0,23,16,2,41,0,25,59,4,88,0,48,75,6,129,78,0,78,207
09/06/2001,MGW,WV,AEA,CE,Federal Contract Tower,0,23,2,0,25,0,11,91,6,108,0,34,93,6,133,120,0,120,253
09/07/2001,MGW,WV,AEA,CE,Federal Contract Tower,0,22,16,4,42,0,19,92,18,129,0,41,108,22,171,70,0,70,241
09/08/2001,MGW,WV,AEA,CE,Federal Contract Tower,0,12,10,1,23,0,11,120,54,185,0,23,130,55,208,150,38,188,396
09/09/2001,MGW,WV,AEA,CE,Federal Contract Tower,0,19,16,3,38,0,16,77,9,102,0,35,93,12,140,18,0,18,158
09/10/2001,MGW,WV,AEA,CE,Federal Contract Tower,0,21,18,3,42,0,0,50,6,56,0,21,68,9,98,18,24,42,140
09/11/2001,MGW,WV,AEA,CE,Federal Contract Tower,0,7,1,0,8,0,5,28,0,33,0,12,29,0,41,10,0,10,51
09/12/2001,MGW,WV,AEA,CE,Federal Contract Tower,0,2,2,0,4,0,2,0,0,2,0,4,2,0,6,0,0,0,6
09/13/2001,MGW,WV,AEA,CE,Federal Contract Tower,0,3,1,0,4,0,12,0,5,17,0,15,1,5,21,0,28,28,49
09/14/2001,MGW,WV,AEA,CE,Federal Contract Tower,0,16,2,0,18,0,25,0,0,25,0,41,2,0,43,0,0,0,43
09/15/2001,MGW,WV,AEA,CE,Federal Contract Tower,0,9,5,0,14,0,39,0,0,39,0,48,5,0,53,0,0,0,53
09/16/2001,MGW,WV,AEA,CE,Federal Contract Tower,0,9,11,0,20,0,9,3,0,12,0,18,14,0,32,0,0,0,32
09/17/2001,MGW,WV,AEA,CE,Federal Contract Tower,0,14,14,0,28,0,11,2,2,15,0,25,16,2,43,0,0,0,43
09/18/2001,MGW,WV,AEA,CE,Federal Contract Tower,0,11,9,1,21,0,7,0,3,10,0,18,9,4,31,0,0,0,31
09/19/2001,MGW,WV,AEA,CE,Federal Contract Tower,0,11,9,1,21,0,19,12,3,34,0,30,21,4,55,0,0,0,55
09/20/2001,MGW,WV,AEA,CE,Federal Contract Tower,0,14,7,1,22,0,8,6,5,19,0,22,13,6,41,0,0,0,41
09/21/2001,MGW,WV,AEA,CE,Federal Contract Tower,0,14,25,1,40,0,19,10,11,40,0,33,35,12,80,0,0,0,80
09/22/2001,MGW,WV,AEA,CE,Federal Contract Tower,0,0,21,2,23,0,18,51,10,79,0,18,72,12,102,54,10,64,166
09/23/2001,MGW,WV,AEA,CE,Federal Contract Tower,0,5,23,0,28,0,22,55,6,83,0,27,78,6,111,34,4,38,149
09/24/2001,MGW,WV,AEA,CE,Federal Contract Tower,0,15,10,1,26,0,0,0,1,1,0,15,10,2,27,0,0,0,27
09/25/2001,MGW,WV,AEA,CE,Federal Contract Tower,0,11,14,5,30,0,13,8,3,24,0,24,22,8,54,2,0,2,56
09/26/2001,MGW,WV,AEA,CE,Federal Contract Tower,0,18,9,2,29,0,9,43,6,58,0,27,52,8,87,0,0,0,87
09/27/2001,MGW,WV,AEA,CE,Federal Contract Tower,0,12,9,2,23,0,35,61,2,98,0,47,70,4,121,78,0,78,199
09/28/2001,MGW,WV,AEA,CE,Federal Contract Tower,0,10,21,0,31,0,11,10,2,23,0,21,31,2,54,20,8,28,82
09/29/2001,MGW,WV,AEA,CE,Federal Contract Tower,0,3,11,0,14,0,9,26,0,35,0,12,37,0,49,18,0,18,67
09/30/2001,MGW,WV,AEA,CE,Federal Contract Tower,0,5,15,0,20,0,12,34,0,46,0,17,49,0,66,28,0,28,94
10/01/2001,MGW,WV,AEA,CE,Federal Contract Tower,0,9,14,2,25,0,22,54,0,76,0,31,68,2,101,42,0,42,143
10/02/2001,MGW,WV,AEA,CE,Federal Contract Tower,0,17,4,0,21,0,20,54,0,74,0,37,58,0,95,32,0,32,127
10/03/2001,MGW,WV,AEA,CE,Federal Contract Tower,0,15,8,1,24,0,13,86,3,102,0,28,94,4,126,38,4,42,168
10/04/2001,MGW,WV,AEA,CE,Federal Contract Tower,0,13,17,4,34,0,33,36,6,75,0,46,53,10,109,82,0,82,191
10/05/2001,MGW,WV,AEA,CE,Federal Contract Tower,0,12,13,1,26,0,13,43,1,57,0,25,56,2,83,24,0,24,107
10/06/2001,MGW,WV,AEA,CE,Federal Contract Tower,0,14,50,0,64,0,15,37,2,54,0,29,87,2,118,36,0,36,154
10/07/2001,MGW,WV,AEA,CE,Federal Contract Tower,0,9,7,0,16,0,19,19,0,38,0,28,26,0,54,68,0,68,122
10/08/2001,MGW,WV,AEA,CE,Federal Contract Tower,0,14,15,0,29,0,20,49,2,71,0,34,64,2,100,52,0,52,152
10/09/2001,MGW,WV,AEA,CE,Federal Contract Tower,0,15,10,3,28,0,16,57,0,73,0,31,67,3,101,116,0,116,217
10/10/2001,MGW,WV,AEA,CE,Federal Contract Tower,0,16,7,2,25,0,31,56,0,87,0,47,63,2,112,54,0,54,166
10/11/2001,MGW,WV,AEA,CE,Federal Contract Tower,0,11,21,0,32,0,29,73,4,106,0,40,94,4,138,40,8,48,186
10/12/2001,MGW,WV,AEA,CE,Federal Contract Tower,0,16,22,6,44,0,10,35,10,55,0,26,57,16,99,36,4,40,139
10/13/2001,MGW,WV,AEA,CE,Federal Contract Tower,0,8,7,1,16,0,13,55,5,73,0,21,62,6,89,52,0,52,141
10/14/2001,MGW,WV,AEA,CE,Federal Contract Tower,0,9,11,0,20,0,4,5,2,11,0,13,16,2,31,0,0,0,31
10/15/2001,MGW,WV,AEA,CE,Federal Contract Tower,0,11,9,0,20,0,19,40,28,87,0,30,49,28,107,34,38,72,179
10/16/2001,MGW,WV,AEA,CE,Federal Contract Tower,0,8,4,2,14,0,9,24,0,33,0,17,28,2,47,0,0,0,47
10/17/2001,MGW,WV,AEA,CE,Federal Contract Tower,0,12,9,0,21,0,18,26,0,44,0,30,35,0,65,0,0,0,65
10/18/2001,MGW,WV,AEA,CE,Federal Contract Tower,0,16,13,4,33,0,29,90,18,137,0,45,103,22,170,62,6,68,238
10/19/2001,MGW,WV,AEA,CE,Federal Contract Tower,0,15,18,0,33,0,15,81,4,100,0,30,99,4,133,58,0,58,191
10/20/2001,MGW,WV,AEA,CE,Federal Contract Tower,0,7,8,2,17,0,22,132,0,154,0,29,140,2,171,24,0,24,195
10/21/2001,MGW,WV,AEA,CE,Federal Contract Tower,0,12,18,2,32,0,20,102,0,122,0,32,120,2,154,94,0,94,248
10/22/2001,MGW,WV,AEA,CE,Federal Contract Tower,0,11,17,0,28,0,18,47,0,65,0,29,64,0,93,8,0,8,101
10/23/2001,MGW,WV,AEA,CE,Federal Contract Tower,0,11,13,1,25,0,15,30,1,46,0,26,43,2,71,150,0,150,221
10/24/2001,MGW,WV,AEA,CE,Federal Contract Tower,0,9,8,0,17,0,26,59,0,85,0,35,67,0,102,68,0,68,170
10/25/2001,MGW,WV,AEA,CE,Federal Contract Tower,0,11,6,0,17,0,23,18,0,41,0,34,24,0,58,0,0,0,58
10/26/2001,MGW,WV,AEA,CE,Federal Contract Tower,0,11,8,0,19,0,5,8,0,13,0,16,16,0,32,2,0,2,34
10/27/2001,MGW,WV,AEA,CE,Federal Contract Tower,0,6,6,0,12,0,0,10,0,10,0,6,16,0,22,0,0,0,22
10/28/2001,MGW,WV,AEA,CE,Federal Contract Tower,0,8,8,0,16,0,6,43,4,53,0,14,51,4,69,40,0,40,109
10/29/2001,MGW,WV,AEA,CE,Federal Contract Tower,0,12,6,1,19,0,31,43,1,75,0,43,49,2,94,34,0,34,128
10/30/2001,MGW,WV,AEA,CE,Federal Contract Tower,0,13,8,0,21,0,13,71,0,84,0,26,79,0,105,118,0,118,223
10/31/2001,MGW,WV,AEA,CE,Federal Contract Tower,0,11,9,3,23,0,21,41,10,72,0,32,50,13,95,10,8,18,113
11/01/2001,MGW,WV,AEA,CE,Federal Contract Tower,0,14,21,4,39,0,27,102,10,139,0,41,123,14,178,136,6,142,320
11/02/2001,MGW,WV,AEA,CE,Federal Contract Tower,0,12,18,5,35,0,11,49,7,67,0,23,67,12,102,48,10,58,160
11/03/2001,MGW,WV,AEA,CE,Federal Contract Tower,0,6,20,4,30,0,23,67,14,104,0,29,87,18,134,26,4,30,164
11/04/2001,MGW,WV,AEA,CE,Federal Contract Tower,0,8,9,2,19,0,20,52,8,80,0,28,61,10,99,26,0,26,125
11/05/2001,MGW,WV,AEA,CE,Federal Contract Tower,0,13,20,5,38,0,18,46,30,94,0,31,66,35,132,92,0,92,224
11/06/2001,MGW,WV,AEA,CE,Federal Contract Tower,0,11,6,1,18,0,9,73,2,84,0,20,79,3,102,244,22,266,368
11/07/2001,MGW,WV,AEA,CE,Federal Contract Tower,0,12,10,2,24,0,13,65,3,81,0,25,75,5,105,28,10,38,143
11/08/2001,MGW,WV,AEA,CE,Federal Contract Tower,0,15,7,8,30,0,15,43,15,73,0,30,50,23,103,58,8,66,169
11/09/2001,MGW,WV,AEA,CE,Federal Contract Tower,0,12,10,5,27,0,8,62,11,81,0,20,72,16,108,28,0,28,136
11/10/2001,MGW,WV,AEA,CE,Federal Contract Tower,0,6,9,0,15,0,8,30,2,40,0,14,39,2,55,14,0,14,69
11/11/2001,MGW,WV,AEA,CE,Federal Contract Tower,0,10,7,0,17,0,20,69,20,109,0,30,76,20,126,56,0,56,182
11/12/2001,MGW,WV,AEA,CE,Federal Contract Tower,0,13,9,0,22,0,27,48,0,75,0,40,57,0,97,26,0,26,123
11/13/2001,MGW,WV,AEA,CE,Federal Contract Tower,0,20,3,4,27,0,11,47,2,60,0,31,50,6,87,60,0,60,147
11/14/2001,MGW,WV,AEA,CE,Federal Contract Tower,0,17,20,0,37,0,22,34,4,60,0,39,54,4,97,40,0,40,137
11/15/2001,MGW,WV,AEA,CE,Federal Contract Tower,0,15,19,6,40,0,11,55,11,77,0,26,74,17,117,32,0,32,149
11/16/2001,MGW,WV,AEA,CE,Federal Contract Tower,0,13,12,6,31,0,31,50,6,87,0,44,62,12,118,26,4,30,148
11/17/2001,MGW,WV,AEA,CE,Federal Contract Tower,0,2,8,0,10,0,0,1,0,1,0,2,9,0,11,0,0,0,11
11/18/2001,MGW,WV,AEA,CE,Federal Contract Tower,0,9,4,1,14,0,7,41,1,49,0,16,45,2,63,16,0,16,79
11/19/2001,MGW,WV,AEA,CE,Federal Contract Tower,0,9,11,0,20,0,18,26,0,44,0,27,37,0,64,8,0,8,72
11/20/2001,MGW,WV,AEA,CE,Federal Contract Tower,0,8,8,0,16,0,14,18,2,34,0,22,26,2,50,0,0,0,50
11/21/2001,MGW,WV,AEA,CE,Federal Contract Tower,0,8,21,4,33,0,24,46,0,70,0,32,67,4,103,40,0,40,143
11/22/2001,MGW,WV,AEA,CE,Federal Contract Tower,0,6,1,0,7,0,12,44,0,56,0,18,45,0,63,32,0,32,95
11/23/2001,MGW,WV,AEA,CE,Federal Contract Tower,0,9,5,0,14,0,8,60,0,68,0,17,65,0,82,32,0,32,114
11/24/2001,MGW,WV,AEA,CE,Federal Contract Tower,0,8,12,0,20,0,21,52,0,73,0,29,64,0,93,58,0,58,151
11/25/2001,MGW,WV,AEA,CE,Federal Contract Tower,0,9,15,0,24,0,23,28,0,51,0,32,43,0,75,0,0,0,75
11/26/2001,MGW,WV,AEA,CE,Federal Contract Tower,0,8,24,0,32,0,31,27,0,58,0,39,51,0,90,28,0,28,118
11/27/2001,MGW,WV,AEA,CE,Federal Contract Tower,0,13,16,0,29,0,3,8,0,11,0,16,24,0,40,0,0,0,40
11/28/2001,MGW,WV,AEA,CE,Federal Contract Tower,0,10,11,2,23,0,14,18,2,34,0,24,29,4,57,2,0,2,59
11/29/2001,MGW,WV,AEA,CE,Federal Contract Tower,0,10,13,0,23,0,8,40,0,48,0,18,53,0,71,42,0,42,113
11/30/2001,MGW,WV,AEA,CE,Federal Contract Tower,0,13,4,2,19,0,19,31,0,50,0,32,35,2,69,0,0,0,69
12/01/2001,MGW,WV,AEA,CE,Federal Contract Tower,0,8,7,0,15,0,19,40,10,69,0,27,47,10,84,6,0,6,90
12/02/2001,MGW,WV,AEA,CE,Federal Contract Tower,0,8,8,3,19,0,5,63,9,77,0,13,71,12,96,30,2,32,128
12/03/2001,MGW,WV,AEA,CE,Federal Contract Tower,0,13,10,0,23,0,0,51,0,51,0,13,61,0,74,32,0,32,106
12/04/2001,MGW,WV,AEA,CE,Federal Contract Tower,0,14,7,0,21,0,35,41,0,76,0,49,48,0,97,62,0,62,159
12/05/2001,MGW,WV,AEA,CE,Federal Contract Tower,0,9,10,0,19,0,18,71,0,89,0,27,81,0,108,54,0,54,162
12/06/2001,MGW,WV,AEA,CE,Federal Contract Tower,0,9,7,2,18,0,6,29,1,36,0,15,36,3,54,20,0,20,74
12/07/2001,MGW,WV,AEA,CE,Federal Contract Tower,0,10,18,4,32,0,16,52,6,74,0,26,70,10,106,12,0,12,118
12/08/2001,MGW,WV,AEA,CE,Federal Contract Tower,0,6,4,2,12,0,2,7,2,11,0,8,11,4,23,38,0,38,61
12/09/2001,MGW,WV,AEA,CE,Federal Contract Tower,0,7,11,4,22,0,6,14,6,26,0,13,25,10,48,0,10,10,58
12/10/2001,MGW,WV,AEA,CE,Federal Contract Tower,0,14,10,0,24,0,14,41,0,55,0,28,51,0,79,56,0,56,135
12/11/2001,MGW,WV,AEA,CE,Federal Contract Tower,0,11,12,6,29,0,12,51,2,65,0,23,63,8,94,42,8,50,144
12/12/2001,MGW,WV,AEA,CE,Federal Contract Tower,0,7,12,3,22,0,15,59,3,77,0,22,71,6,99,24,2,26,125
12/13/2001,MGW,WV,AEA,CE,Federal Contract Tower,0,12,18,0,30,0,9,39,2,50,0,21,57,2,80,8,0,8,88
12/14/2001,MGW,WV,AEA,CE,Federal Contract Tower,0,10,8,0,18,0,16,20,0,36,0,26,28,0,54,4,0,4,58
12/15/2001,MGW,WV,AEA,CE,Federal Contract Tower,0,6,18,0,24,0,18,31,0,49,0,24,49,0,73,16,0,16,89
12/16/2001,MGW,WV,AEA,CE,Federal Contract Tower,0,9,6,0,15,0,11,35,0,46,0,20,41,0,61,64,0,64,125
12/17/2001,MGW,WV,AEA,CE,Federal Contract Tower,0,15,23,0,38,0,2,13,0,15,0,17,36,0,53,0,0,0,53
12/18/2001,MGW,WV,AEA,CE,Federal Contract Tower,0,14,11,0,25,0,7,26,0,33,0,21,37,0,58,4,0,4,62
12/19/2001,MGW,WV,AEA,CE,Federal Contract Tower,0,12,14,1,27,0,15,82,3,100,0,27,96,4,127,60,0,60,187
12/20/2001,MGW,WV,AEA,CE,Federal Contract Tower,0,10,17,0,27,0,20,18,0,38,0,30,35,0,65,0,0,0,65
12/21/2001,MGW,WV,AEA,CE,Federal Contract Tower,0,9,7,0,16,0,25,47,3,75,0,34,54,3,91,4,6,10,101
12/22/2001,MGW,WV,AEA,CE,Federal Contract Tower,0,7,10,2,19,0,35,67,4,106,0,42,77,6,125,48,0,48,173
12/23/2001,MGW,WV,AEA,CE,Federal Contract Tower,0,6,3,0,9,0,2,11,0,13,0,8,14,0,22,0,0,0,22
12/24/2001,MGW,WV,AEA,CE,Federal Contract Tower,0,6,2,0,8,0,10,20,0,30,0,16,22,0,38,12,0,12,50
12/25/2001,MGW,WV,AEA,CE,Federal Contract Tower,0,6,0,0,6,0,22,4,0,26,0,28,4,0,32,0,0,0,32
12/26/2001,MGW,WV,AEA,CE,Federal Contract Tower,0,12,3,0,15,0,10,36,0,46,0,22,39,0,61,32,0,32,93
12/27/2001,MGW,WV,AEA,CE,Federal Contract Tower,0,9,3,0,12,0,8,14,0,22,0,17,17,0,34,0,0,0,34
12/28/2001,MGW,WV,AEA,CE,Federal Contract Tower,0,12,9,5,26,0,5,5,4,14,0,17,14,9,40,0,0,0,40
12/29/2001,MGW,WV,AEA,CE,Federal Contract Tower,0,7,2,0,9,0,7,8,0,15,0,14,10,0,24,0,0,0,24
12/30/2001,MGW,WV,AEA,CE,Federal Contract Tower,0,9,10,0,19,0,10,8,0,18,0,19,18,0,37,0,0,0,37
12/31/2001,MGW,WV,AEA,CE,Federal Contract Tower,0,6,0,0,6,0,18,4,0,22,0,24,4,0,28,0,0,0,28
01/01/2002,MGW,WV,AEA,CE,Federal Contract Tower,0,10,4,0,14,0,18,27,0,45,0,28,31,0,59,0,0,0,59
01/02/2002,MGW,WV,AEA,CE,Federal Contract Tower,0,8,14,0,22,0,24,35,0,59,0,32,49,0,81,56,0,56,137
01/03/2002,MGW,WV,AEA,CE,Federal Contract Tower,0,10,2,0,12,0,13,38,2,53,0,23,40,2,65,0,0,0,65
01/04/2002,MGW,WV,AEA,CE,Federal Contract Tower,0,10,7,3,20,0,32,31,1,64,0,42,38,4,84,38,4,42,126
01/05/2002,MGW,WV,AEA,CE,Federal Contract Tower,0,8,5,0,13,0,8,63,0,71,0,16,68,0,84,60,0,60,144
01/06/2002,MGW,WV,AEA,CE,Federal Contract Tower,0,6,0,0,6,0,0,0,0,0,0,6,0,0,6,0,0,0,6
01/07/2002,MGW,WV,AEA,CE,Federal Contract Tower,0,14,2,0,16,0,2,0,0,2,0,16,2,0,18,0,0,0,18
01/08/2002,MGW,WV,AEA,CE,Federal Contract Tower,0,8,10,2,20,0,29,13,2,44,0,37,23,4,64,8,0,8,72
01/09/2002,MGW,WV,AEA,CE,Federal Contract Tower,0,12,10,1,23,0,17,31,1,49,0,29,41,2,72,22,0,22,94
01/10/2002,MGW,WV,AEA,CE,Federal Contract Tower,0,9,15,3,27,0,4,53,3,60,0,13,68,6,87,8,0,8,95
01/11/2002,MGW,WV,AEA,CE,Federal Contract Tower,0,9,13,2,24,0,12,27,2,41,0,21,40,4,65,0,0,0,65
01/12/2002,MGW,WV,AEA,CE,Federal Contract Tower,0,6,7,0,13,0,20,75,2,97,0,26,82,2,110,70,0,70,180
01/13/2002,MGW,WV,AEA,CE,Federal Contract Tower,0,8,12,0,20,0,15,29,0,44,0,23,41,0,64,20,0,20,84
01/14/2002,MGW,WV,AEA,CE,Federal Contract Tower,0,9,3,0,12,0,16,51,0,67,0,25,54,0,79,22,0,22,101
01/15/2002,MGW,WV,AEA,CE,Federal Contract Tower,0,10,10,1,21,0,6,27,1,34,0,16,37,2,55,6,0,6,61
01/16/2002,MGW,WV,AEA,CE,Federal Contract Tower,0,10,7,2,19,0,11,42,0,53,0,21,49,2,72,10,0,10,82
01/17/2002,MGW,WV,AEA,CE,Federal Contract Tower,0,9,17,0,26,0,22,40,6,68,0,31,57,6,94,16,0,16,110
01/18/2002,MGW,WV,AEA,CE,Federal Contract Tower,0,13,17,1,31,0,25,37,1,63,0,38,54,2,94,4,0,4,98
01/19/2002,MGW,WV,AEA,CE,Federal Contract Tower,0,6,2,0,8,0,6,0,0,6,0,12,2,0,14,0,0,0,14
01/20/2002,MGW,WV,AEA,CE,Federal Contract Tower,0,10,7,0,17,0,10,22,0,32,0,20,29,0,49,28,0,28,77
01/21/2002,MGW,WV,AEA,CE,Federal Contract Tower,0,14,6,0,20,0,4,15,0,19,0,18,21,0,39,6,0,6,45
01/22/2002,MGW,WV,AEA,CE,Federal Contract Tower,0,12,8,4,24,0,13,50,12,75,0,25,58,16,99,12,0,12,111
01/23/2002,MGW,WV,AEA,CE,Federal Contract Tower,0,19,9,0,28,0,14,29,0,43,0,33,38,0,71,8,0,8,79
01/24/2002,MGW,WV,AEA,CE,Federal Contract Tower,0,16,13,3,32,0,7,16,1,24,0,23,29,4,56,4,0,4,60
01/25/2002,MGW,WV,AEA,CE,Federal Contract Tower,0,12,5,0,17,0,21,49,2,72,0,33,54,2,89,16,0,16,105
01/26/2002,MGW,WV,AEA,CE,Federal Contract Tower,0,9,8,0,17,0,38,89,28,155,0,47,97,28,172,54,14,68,240
01/27/2002,MGW,WV,AEA,CE,Federal Contract Tower,0,9,3,0,12,0,10,85,12,107,0,19,88,12,119,50,0,50,169
01/28/2002,MGW,WV,AEA,CE,Federal Contract Tower,0,10,9,1,20,0,15,66,41,122,0,25,75,42,142,26,0,26,168
01/29/2002,MGW,WV,AEA,CE,Federal Contract Tower,0,13,15,5,33,0,20,36,4,60,0,33,51,9,93,38,14,52,145
01/30/2002,MGW,WV,AEA,CE,Federal Contract Tower,0,14,7,1,22,0,3,2,1,6,0,17,9,2,28,0,0,0,28
01/31/2002,MGW,WV,AEA,CE,Federal Contract Tower,0,12,13,0,25,0,19,30,0,49,0,31,43,0,74,0,0,0,74
02/01/2002,MGW,WV,AEA,CE,Federal Contract Tower,0,8,5,0,13,0,17,20,0,37,0,25,25,0,50,0,0,0,50
02/02/2002,MGW,WV,AEA,CE,Federal Contract Tower,0,8,3,5,16,0,16,67,2,85,0,24,70,7,101,22,0,22,123
02/03/2002,MGW,WV,AEA,CE,Federal Contract Tower,0,10,3,2,15,0,23,68,1,92,0,33,71,3,107,24,0,24,131
02/04/2002,MGW,WV,AEA,CE,Federal Contract Tower,0,13,5,0,18,0,1,19,0,20,0,14,24,0,38,2,0,2,40
02/05/2002,MGW,WV,AEA,CE,Federal Contract Tower,0,13,11,2,26,0,14,54,6,74,0,27,65,8,100,8,8,16,116
02/06/2002,MGW,WV,AEA,CE,Federal Contract Tower,0,9,20,1,30,0,19,41,1,61,0,28,61,2,91,18,0,18,109
02/07/2002,MGW,WV,AEA,CE,Federal Contract Tower,0,13,8,1,22,0,19,53,1,73,0,32,61,2,95,38,0,38,133
02/08/2002,MGW,WV,AEA,CE,Federal Contract Tower,0,9,15,3,27,0,27,43,1,71,0,36,58,4,98,42,0,42,140
02/09/2002,MGW,WV,AEA,CE,Federal Contract Tower,0,6,11,0,17,0,18,108,0,126,0,24,119,0,143,62,0,62,205
02/10/2002,MGW,WV,AEA,CE,Federal Contract Tower,0,8,10,0,18,0,17,33,0,50,0,25,43,0,68,0,0,0,68
02/11/2002,MGW,WV,AEA,CE,Federal Contract Tower,0,12,10,0,22,0,11,37,0,48,0,23,47,0,70,6,0,6,76
02/12/2002,MGW,WV,AEA,CE,Federal Contract Tower,0,11,18,0,29,0,14,35,4,53,0,25,53,4,82,6,0,6,88
02/13/2002,MGW,WV,AEA,CE,Federal Contract Tower,0,11,13,11,35,0,9,41,15,65,0,20,54,26,100,10,0,10,110
02/14/2002,MGW,WV,AEA,CE,Federal Contract Tower,0,11,13,6,30,0,17,62,29,108,0,28,75,35,138,14,18,32,170
02/15/2002,MGW,WV,AEA,CE,Federal Contract Tower,0,10,9,4,23,0,13,30,8,51,0,23,39,12,74,12,0,12,86
02/16/2002,MGW,WV,AEA,CE,Federal Contract Tower,0,6,6,1,13,0,12,29,1,42,0,18,35,2,55,8,0,8,63
02/17/2002,MGW,WV,AEA,CE,Federal Contract Tower,0,9,6,0,15,0,4,13,0,17,0,13,19,0,32,4,0,4,36
02/18/2002,MGW,WV,AEA,CE,Federal Contract Tower,0,11,10,0,21,0,5,74,0,79,0,16,84,0,100,50,0,50,150
02/19/2002,MGW,WV,AEA,CE,Federal Contract Tower,0,11,15,4,30,0,13,48,12,73,0,24,63,16,103,20,0,20,123
02/20/2002,MGW,WV,AEA,CE,Federal Contract Tower,0,12,5,2,19,0,21,23,2,46,0,33,28,4,65,10,0,10,75
02/21/2002,MGW,WV,AEA,CE,Federal Contract Tower,0,8,15,0,23,0,19,13,0,32,0,27,28,0,55,16,0,16,71
02/22/2002,MGW,WV,AEA,CE,Federal Contract Tower,0,10,13,0,23,0,10,8,0,18,0,20,21,0,41,0,0,0,41
02/23/2002,MGW,WV,AEA,CE,Federal Contract Tower,0,7,7,0,14,0,17,69,6,92,0,24,76,6,106,66,8,74,180
02/24/2002,MGW,WV,AEA,CE,Federal Contract Tower,0,9,10,0,19,0,17,105,0,122,0,26,115,0,141,78,0,78,219
02/25/2002,MGW,WV,AEA,CE,Federal Contract Tower,0,11,7,0,18,0,24,41,0,65,0,35,48,0,83,12,6,18,101
02/26/2002,MGW,WV,AEA,CE,Federal Contract Tower,0,10,9,0,19,0,6,15,0,21,0,16,24,0,40,0,0,0,40
02/27/2002,MGW,WV,AEA,CE,Federal Contract Tower,0,11,13,3,27,0,4,4,3,11,0,15,17,6,38,0,0,0,38
02/28/2002,MGW,WV,AEA,CE,Federal Contract Tower,0,14,11,0,25,0,9,16,0,25,0,23,27,0,50,10,0,10,60
03/01/2002,MGW,WV,AEA,CE,Federal Contract Tower,0,12,9,4,25,0,27,84,6,117,0,39,93,10,142,60,0,60,202
03/02/2002,MGW,WV,AEA,CE,Federal Contract Tower,0,6,0,0,6,0,11,45,0,56,0,17,45,0,62,66,0,66,128
03/03/2002,MGW,WV,AEA,CE,Federal Contract Tower,0,9,6,2,17,0,0,23,0,23,0,9,29,2,40,0,0,0,40
03/04/2002,MGW,WV,AEA,CE,Federal Contract Tower,0,14,12,0,26,0,2,33,0,35,0,16,45,0,61,20,0,20,81
03/05/2002,MGW,WV,AEA,CE,Federal Contract Tower,0,11,11,2,24,0,56,47,0,103,0,67,58,2,127,36,0,36,163
03/06/2002,MGW,WV,AEA,CE,Federal Contract Tower,0,7,3,0,10,0,27,56,3,86,0,34,59,3,96,12,32,44,140
03/07/2002,MGW,WV,AEA,CE,Federal Contract Tower,0,10,18,0,28,0,26,67,2,95,0,36,85,2,123,84,0,84,207
03/08/2002,MGW,WV,AEA,CE,Federal Contract Tower,0,14,14,0,28,0,22,113,14,149,0,36,127,14,177,94,12,106,283
03/09/2002,MGW,WV,AEA,CE,Federal Contract Tower,0,9,1,0,10,0,5,44,0,49,0,14,45,0,59,32,0,32,91
03/10/2002,MGW,WV,AEA,CE,Federal Contract Tower,0,9,1,0,10,0,3,11,0,14,0,12,12,0,24,0,0,0,24
03/11/2002,MGW,WV,AEA,CE,Federal Contract Tower,0,12,8,2,22,0,24,73,4,101,0,36,81,6,123,44,0,44,167
03/12/2002,MGW,WV,AEA,CE,Federal Contract Tower,0,9,11,6,26,0,42,45,14,101,0,51,56,20,127,6,6,12,139
03/13/2002,MGW,WV,AEA,CE,Federal Contract Tower,0,15,19,2,36,0,19,31,2,52,0,34,50,4,88,2,0,2,90
03/14/2002,MGW,WV,AEA,CE,Federal Contract Tower,0,13,17,2,32,0,13,65,16,94,0,26,82,18,126,76,40,116,242
03/15/2002,MGW,WV,AEA,CE,Federal Contract Tower,0,12,7,0,19,0,14,49,4,67,0,26,56,4,86,34,0,34,120
03/16/2002,MGW,WV,AEA,CE,Federal Contract Tower,0,9,5,0,14,0,5,2,0,7,0,14,7,0,21,0,0,0,21
03/17/2002,MGW,WV,AEA,CE,Federal Contract Tower,0,9,13,1,23,0,7,11,1,19,0,16,24,2,42,4,0,4,46
03/18/2002,MGW,WV,AEA,CE,Federal Contract Tower,0,11,11,3,25,0,13,21,3,37,0,24,32,6,62,20,0,20,82
03/19/2002,MGW,WV,AEA,CE,Federal Contract Tower,0,11,11,2,24,0,15,27,18,60,0,26,38,20,84,24,0,24,108
03/20/2002,MGW,WV,AEA,CE,Federal Contract Tower,0,12,3,2,17,0,7,6,0,13,0,19,9,2,30,0,0,0,30
03/21/2002,MGW,WV,AEA,CE,Federal Contract Tower,0,12,13,0,25,0,6,14,6,26,0,18,27,6,51,4,0,4,55
03/22/2002,MGW,WV,AEA,CE,Federal Contract Tower,0,10,22,1,33,0,17,19,7,43,0,27,41,8,76,0,0,0,76
03/23/2002,MGW,WV,AEA,CE,Federal Contract Tower,0,6,4,0,10,0,36,36,23,95,0,42,40,23,105,30,0,30,135
03/24/2002,MGW,WV,AEA,CE,Federal Contract Tower,0,11,14,0,25,0,17,61,4,82,0,28,75,4,107,14,0,14,121
03/25/2002,MGW,WV,AEA,CE,Federal Contract Tower,0,12,9,0,21,0,20,21,8,49,0,32,30,8,70,52,0,52,122
03/26/2002,MGW,WV,AEA,CE,Federal Contract Tower,0,11,15,0,26,0,6,2,0,8,0,17,17,0,34,0,0,0,34
03/27/2002,MGW,WV,AEA,CE,Federal Contract Tower,0,10,12,0,22,0,18,8,1,27,0,28,20,1,49,0,0,0,49
03/28/2002,MGW,WV,AEA,CE,Federal Contract Tower,0,10,12,0,22,0,11,125,13,149,0,21,137,13,171,116,2,118,289
03/29/2002,MGW,WV,AEA,CE,Federal Contract Tower,0,13,5,0,18,0,10,34,0,44,0,23,39,0,62,92,0,92,154
03/30/2002,MGW,WV,AEA,CE,Federal Contract Tower,0,6,6,0,12,0,32,64,4,100,0,38,70,4,112,18,0,18,130
03/31/2002,MGW,WV,AEA,CE,Federal Contract Tower,0,6,5,0,11,0,0,3,0,3,0,6,8,0,14,0,0,0,14
04/01/2002,MGW,WV,AEA,CE,Federal Contract Tower,0,10,13,0,23,0,11,56,4,71,0,21,69,4,94,12,0,12,106
04/02/2002,MGW,WV,AEA,CE,Federal Contract Tower,0,17,9,1,27,0,22,66,9,97,0,39,75,10,124,48,0,48,172
04/03/2002,MGW,WV,AEA,CE,Federal Contract Tower,0,12,14,0,26,0,8,7,0,15,0,20,21,0,41,0,0,0,41
04/04/2002,MGW,WV,AEA,CE,Federal Contract Tower,0,14,4,5,23,0,17,86,4,107,0,31,90,9,130,158,10,168,298
04/05/2002,MGW,WV,AEA,CE,Federal Contract Tower,0,10,17,2,29,0,34,46,2,82,0,44,63,4,111,132,0,132,243
04/06/2002,MGW,WV,AEA,CE,Federal Contract Tower,0,6,10,0,16,0,15,60,6,81,0,21,70,6,97,64,0,64,161
04/07/2002,MGW,WV,AEA,CE,Federal Contract Tower,0,7,5,2,14,0,22,81,4,107,0,29,86,6,121,100,0,100,221
04/08/2002,MGW,WV,AEA,CE,Federal Contract Tower,0,9,1,4,14,0,29,55,6,90,0,38,56,10,104,72,18,90,194
04/09/2002,MGW,WV,AEA,CE,Federal Contract Tower,0,12,13,0,25,0,10,45,0,55,0,22,58,0,80,4,0,4,84
04/10/2002,MGW,WV,AEA,CE,Federal Contract Tower,0,10,8,2,20,0,18,71,10,99,0,28,79,12,119,70,0,70,189
04/11/2002,MGW,WV,AEA,CE,Federal Contract Tower,0,17,11,4,32,0,51,51,14,116,0,68,62,18,148,44,14,58,206
04/12/2002,MGW,WV,AEA,CE,Federal Contract Tower,0,10,10,4,24,0,12,97,12,121,0,22,107,16,145,118,0,118,263
04/13/2002,MGW,WV,AEA,CE,Federal Contract Tower,0,6,15,2,23,0,17,41,2,60,0,23,56,4,83,24,0,24,107
04/14/2002,MGW,WV,AEA,CE,Federal Contract Tower,0,8,8,0,16,0,8,40,2,50,0,16,48,2,66,12,0,12,78
04/15/2002,MGW,WV,AEA,CE,Federal Contract Tower,0,16,17,0,33,0,9,27,0,36,0,25,44,0,69,14,0,14,83
04/16/2002,MGW,WV,AEA,CE,Federal Contract Tower,0,8,7,5,20,0,17,33,13,63,0,25,40,18,83,28,0,28,111
04/17/2002,MGW,WV,AEA,CE,Federal Contract Tower,0,9,13,5,27,0,7,42,24,73,0,16,55,29,100,40,26,66,166
04/18/2002,MGW,WV,AEA,CE,Federal Contract Tower,0,15,15,2,32,0,21,57,8,86,0,36,72,10,118,118,10,128,246
04/19/2002,MGW,WV,AEA,CE,Federal Contract Tower,0,10,15,4,29,0,16,37,6,59,0,26,52,10,88,6,0,6,94
04/20/2002,MGW,WV,AEA,CE,Federal Contract Tower,0,6,13,4,23,0,8,15,1,24,0,14,28,5,47,0,0,0,47
04/21/2002,MGW,WV,AEA,CE,Federal Contract Tower,0,10,15,0,25,0,4,11,0,15,0,14,26,0,40,10,0,10,50
04/22/2002,MGW,WV,AEA,CE,Federal Contract Tower,0,12,8,1,21,0,8,10,2,20,0,20,18,3,41,0,0,0,41
04/23/2002,MGW,WV,AEA,CE,Federal Contract Tower,0,16,11,0,27,0,15,30,0,45,0,31,41,0,72,10,0,10,82
04/24/2002,MGW,WV,AEA,CE,Federal Contract Tower,0,9,12,0,21,0,10,59,20,89,0,19,71,20,110,90,12,102,212
04/25/2002,MGW,WV,AEA,CE,Federal Contract Tower,0,13,11,0,24,0,19,25,0,44,0,32,36,0,68,48,0,48,116
04/26/2002,MGW,WV,AEA,CE,Federal Contract Tower,0,8,12,7,27,0,39,69,13,121,0,47,81,20,148,174,10,184,332
04/27/2002,MGW,WV,AEA,CE,Federal Contract Tower,0,6,4,2,12,0,9,47,30,86,0,15,51,32,98,40,0,40,138
04/28/2002,MGW,WV,AEA,CE,Federal Contract Tower,0,10,8,0,18,0,3,7,0,10,0,13,15,0,28,0,0,0,28
04/29/2002,MGW,WV,AEA,CE,Federal Contract Tower,0,18,7,1,26,0,14,22,0,36,0,32,29,1,62,0,0,0,62
04/30/2002,MGW,WV,AEA,CE,Federal Contract Tower,0,13,11,0,24,0,28,29,0,57,0,41,40,0,81,42,0,42,123
05/01/2002,MGW,WV,AEA,CE,Federal Contract Tower,0,9,13,0,22,0,14,71,2,87,0,23,84,2,109,46,0,46,155
05/02/2002,MGW,WV,AEA,CE,Federal Contract Tower,0,11,10,0,21,0,12,40,0,52,0,23,50,0,73,0,0,0,73
05/03/2002,MGW,WV,AEA,CE,Federal Contract Tower,0,10,12,2,24,0,29,55,2,86,0,39,67,4,110,8,0,8,118
05/04/2002,MGW,WV,AEA,CE,Federal Contract Tower,0,6,2,0,8,0,27,74,0,101,0,33,76,0,109,32,0,32,141
05/05/2002,MGW,WV,AEA,CE,Federal Contract Tower,0,9,18,2,29,0,18,122,6,146,0,27,140,8,175,194,10,204,379
05/06/2002,MGW,WV,AEA,CE,Federal Contract Tower,0,11,9,0,20,0,27,71,17,115,0,38,80,17,135,48,0,48,183
05/07/2002,MGW,WV,AEA,CE,Federal Contract Tower,0,8,10,0,18,0,5,33,4,42,0,13,43,4,60,36,18,54,114
05/08/2002,MGW,WV,AEA,CE,Federal Contract Tower,0,13,8,0,21,0,8,35,12,55,0,21,43,12,76,38,14,52,128
05/09/2002,MGW,WV,AEA,CE,Federal Contract Tower,0,11,17,0,28,0,11,30,9,50,0,22,47,9,78,34,0,34,112
05/10/2002,MGW,WV,AEA,CE,Federal Contract Tower,0,9,20,4,33,0,20,70,12,102,0,29,90,16,135,114,4,118,253
05/11/2002,MGW,WV,AEA,CE,Federal Contract Tower,0,7,6,0,13,0,25,74,20,119,0,32,80,20,132,76,0,76,208
05/12/2002,MGW,WV,AEA,CE,Federal Contract Tower,0,6,7,0,13,0,15,16,0,31,0,21,23,0,44,4,0,4,48
05/13/2002,MGW,WV,AEA,CE,Federal Contract Tower,0,10,19,0,29,0,1,3,0,4,0,11,22,0,33,0,0,0,33
05/14/2002,MGW,WV,AEA,CE,Federal Contract Tower,0,10,12,0,22,0,5,32,6,43,0,15,44,6,65,20,2,22,87
05/15/2002,MGW,WV,AEA,CE,Federal Contract Tower,0,12,14,2,28,0,23,95,31,149,0,35,109,33,177,46,14,60,237
05/16/2002,MGW,WV,AEA,CE,Federal Contract Tower,0,33,33,4,70,0,40,89,8,137,0,73,122,12,207,0,0,0,207
05/17/2002,MGW,WV,AEA,CE,Federal Contract Tower,0,21,20,0,41,0,6,4,0,10,0,27,24,0,51,22,0,22,73
05/18/2002,MGW,WV,AEA,CE,Federal Contract Tower,0,24,31,0,55,0,5,19,0,24,0,29,50,0,79,60,0,60,139
05/19/2002,MGW,WV,AEA,CE,Federal Contract Tower,0,12,43,1,56,0,12,45,3,60,0,24,88,4,116,14,0,14,130
05/20/2002,MGW,WV,AEA,CE,Federal Contract Tower,0,16,15,2,33,0,14,44,2,60,0,30,59,4,93,38,0,38,131
05/21/2002,MGW,WV,AEA,CE,Federal Contract Tower,0,14,8,4,26,0,11,67,28,106,0,25,75,32,132,66,0,66,198
05/22/2002,MGW,WV,AEA,CE,Federal Contract Tower,0,15,11,5,31,0,39,102,63,204,0,54,113,68,235,92,0,92,327
05/23/2002,MGW,WV,AEA,CE,Federal Contract Tower,0,10,20,2,32,0,27,74,24,125,0,37,94,26,157,24,4,28,185
05/24/2002,MGW,WV,AEA,CE,Federal Contract Tower,0,15,11,5,31,0,33,58,18,109,0,48,69,23,140,26,6,32,172
05/25/2002,MGW,WV,AEA,CE,Federal Contract Tower,0,7,15,2,24,0,50,9,4,63,0,57,24,6,87,2,0,2,89
05/26/2002,MGW,WV,AEA,CE,Federal Contract Tower,0,8,18,4,30,0,12,37,2,51,0,20,55,6,81,8,0,8,89
05/27/2002,MGW,WV,AEA,CE,Federal Contract Tower,0,11,8,2,21,0,38,30,3,71,0,49,38,5,92,16,16,32,124
05/28/2002,MGW,WV,AEA,CE,Federal Contract Tower,0,13,14,5,32,0,19,28,53,100,0,32,42,58,132,14,38,52,184
05/29/2002,MGW,WV,AEA,CE,Federal Contract Tower,0,11,17,2,30,0,15,36,22,73,0,26,53,24,103,14,0,14,117
05/30/2002,MGW,WV,AEA,CE,Federal Contract Tower,0,12,10,7,29,0,19,52,16,87,0,31,62,23,116,24,0,24,140
05/31/2002,MGW,WV,AEA,CE,Federal Contract Tower,0,8,8,1,17,0,11,29,1,41,0,19,37,2,58,2,0,2,60
06/01/2002,MGW,WV,AEA,CE,Federal Contract Tower,0,7,11,0,18,0,24,89,14,127,0,31,100,14,145,74,0,74,219
06/02/2002,MGW,WV,AEA,CE,Federal Contract Tower,0,8,3,2,13,0,6,70,8,84,0,14,73,10,97,18,32,50,147
06/03/2002,MGW,WV,AEA,CE,Federal Contract Tower,0,15,12,3,30,0,36,50,2,88,0,51,62,5,118,10,0,10,128
06/04/2002,MGW,WV,AEA,CE,Federal Contract Tower,0,15,17,2,34,0,19,31,17,67,0,34,48,19,101,64,0,64,165
06/05/2002,MGW,WV,AEA,CE,Federal Contract Tower,0,14,11,0,25,0,23,54,0,77,0,37,65,0,102,34,0,34,136
06/06/2002,MGW,WV,AEA,CE,Federal Contract Tower,0,20,14,0,34,0,7,0,0,7,0,27,14,0,41,0,0,0,41
06/07/2002,MGW,WV,AEA,CE,Federal Contract Tower,0,17,14,4,35,0,43,84,14,141,0,60,98,18,176,74,0,74,250
06/08/2002,MGW,WV,AEA,CE,Federal Contract Tower,0,6,4,0,10,0,12,77,2,91,0,18,81,2,101,24,0,24,125
06/09/2002,MGW,WV,AEA,CE,Federal Contract Tower,0,8,8,2,18,0,18,74,9,101,0,26,82,11,119,50,32,82,201
06/10/2002,MGW,WV,AEA,CE,Federal Contract Tower,0,16,9,1,26,0,45,45,16,106,0,61,54,17,132,70,34,104,236
06/11/2002,MGW,WV,AEA,CE,Federal Contract Tower,0,13,9,1,23,0,23,73,2,98,0,36,82,3,121,80,0,80,201
06/12/2002,MGW,WV,AEA,CE,Federal Contract Tower,0,16,10,1,27,0,15,54,5,74,0,31,64,6,101,18,0,18,119
06/13/2002,MGW,WV,AEA,CE,Federal Contract Tower,0,11,19,1,31,0,12,7,0,19,0,23,26,1,50,0,0,0,50
06/14/2002,MGW,WV,AEA,CE,Federal Contract Tower,0,10,23,14,47,0,19,34,20,73,0,29,57,34,120,8,12,20,140
06/15/2002,MGW,WV,AEA,CE,Federal Contract Tower,0,8,4,0,12,0,21,68,0,89,0,29,72,0,101,18,0,18,119
06/16/2002,MGW,WV,AEA,CE,Federal Contract Tower,0,9,4,0,13,0,33,53,0,86,0,42,57,0,99,26,0,26,125
06/17/2002,MGW,WV,AEA,CE,Federal Contract Tower,0,9,15,0,24,0,42,55,6,103,0,51,70,6,127,18,0,18,145
06/18/2002,MGW,WV,AEA,CE,Federal Contract Tower,0,13,20,3,36,0,23,74,21,118,0,36,94,24,154,80,6,86,240
06/19/2002,MGW,WV,AEA,CE,Federal Contract Tower,0,12,1,0,13,0,25,54,18,97,0,37,55,18,110,52,0,52,162
06/20/2002,MGW,WV,AEA,CE,Federal Contract Tower,0,12,9,2,23,0,60,73,3,136,0,72,82,5,159,46,0,46,205
06/21/2002,MGW,WV,AEA,CE,Federal Contract Tower,0,11,7,2,20,0,24,65,14,103,0,35,72,16,123,26,0,26,149
06/22/2002,MGW,WV,AEA,CE,Federal Contract Tower,0,8,6,0,14,0,22,82,12,116,0,30,88,12,130,20,0,20,150
06/23/2002,MGW,WV,AEA,CE,Federal Contract Tower,0,12,10,0,22,0,24,61,11,96,0,36,71,11,118,0,0,0,118
06/24/2002,MGW,WV,AEA,CE,Federal Contract Tower,0,21,13,4,38,0,43,34,18,95,0,64,47,22,133,18,6,24,157
06/25/2002,MGW,WV,AEA,CE,Federal Contract Tower,0,10,14,0,24,0,22,48,4,74,0,32,62,4,98,40,0,40,138
06/26/2002,MGW,WV,AEA,CE,Federal Contract Tower,0,9,14,0,23,0,21,39,6,66,0,30,53,6,89,16,12,28,117
06/27/2002,MGW,WV,AEA,CE,Federal Contract Tower,0,8,15,1,24,0,7,15,3,25,0,15,30,4,49,4,30,34,83
06/28/2002,MGW,WV,AEA,CE,Federal Contract Tower,0,16,24,0,40,0,25,32,26,83,0,41,56,26,123,14,0,14,137
06/29/2002,MGW,WV,AEA,CE,Federal Contract Tower,0,6,12,3,21,0,15,132,2,149,0,21,144,5,170,28,0,28,198
06/30/2002,MGW,WV,AEA,CE,Federal Contract Tower,0,10,23,0,33,0,24,98,0,122,0,34,121,0,155,10,0,10,165
07/01/2002,MGW,WV,AEA,CE,Federal Contract Tower,0,13,17,0,30,0,14,66,0,80,0,27,83,0,110,24,0,24,134
07/02/2002,MGW,WV,AEA,CE,Federal Contract Tower,0,9,19,3,31,0,23,19,1,43,0,32,38,4,74,0,0,0,74
07/03/2002,MGW,WV,AEA,CE,Federal Contract Tower,0,10,10,2,22,0,18,43,0,61,0,28,53,2,83,20,0,20,103
07/04/2002,MGW,WV,AEA,CE,Federal Contract Tower,0,5,12,0,17,0,18,61,0,79,0,23,73,0,96,0,0,0,96
07/05/2002,MGW,WV,AEA,CE,Federal Contract Tower,0,9,11,0,20,0,14,80,3,97,0,23,91,3,117,30,14,44,161
07/06/2002,MGW,WV,AEA,CE,Federal Contract Tower,0,6,13,0,19,0,49,133,3,185,0,55,146,3,204,56,8,64,268
07/07/2002,MGW,WV,AEA,CE,Federal Contract Tower,0,9,7,0,16,0,17,96,0,113,0,26,103,0,129,44,0,44,173
07/08/2002,MGW,WV,AEA,CE,Federal Contract Tower,0,10,16,0,26,0,16,69,0,85,0,26,85,0,111,10,0,10,121
07/09/2002,MGW,WV,AEA,CE,Federal Contract Tower,0,10,8,2,20,0,22,60,0,82,0,32,68,2,102,0,0,0,102
07/10/2002,MGW,WV,AEA,CE,Federal Contract Tower,0,16,16,0,32,0,52,48,0,100,0,68,64,0,132,28,0,28,160
07/11/2002,MGW,WV,AEA,CE,Federal Contract Tower,0,9,15,0,24,0,33,89,6,128,0,42,104,6,152,88,0,88,240
07/12/2002,MGW,WV,AEA,CE,Federal Contract Tower,0,15,7,2,24,0,21,118,20,159,0,36,125,22,183,40,6,46,229
07/13/2002,MGW,WV,AEA,CE,Federal Contract Tower,0,6,10,0,16,0,18,76,2,96,0,24,86,2,112,68,0,68,180
07/14/2002,MGW,WV,AEA,CE,Federal Contract Tower,0,10,7,0,17,0,11,101,6,118,0,21,108,6,135,36,2,38,173
07/15/2002,MGW,WV,AEA,CE,Federal Contract Tower,0,17,27,0,44,0,13,62,8,83,0,30,89,8,127,22,0,22,149
07/16/2002,MGW,WV,AEA,CE,Federal Contract Tower,0,14,14,0,28,0,46,70,8,124,0,60,84,8,152,78,0,78,230
07/17/2002,MGW,WV,AEA,CE,Federal Contract Tower,0,10,2,2,14,0,37,58,6,101,0,47,60,8,115,42,4,46,161
07/18/2002,MGW,WV,AEA,CE,Federal Contract Tower,0,8,16,0,24,0,23,33,0,56,0,31,49,0,80,6,0,6,86
07/19/2002,MGW,WV,AEA,CE,Federal Contract Tower,0,17,21,0,38,0,11,12,0,23,0,28,33,0,61,0,0,0,61
07/20/2002,MGW,WV,AEA,CE,Federal Contract Tower,0,7,5,2,14,0,17,13,2,32,0,24,18,4,46,4,0,4,50
07/21/2002,MGW,WV,AEA,CE,Federal Contract Tower,0,8,17,0,25,0,21,42,0,63,0,29,59,0,88,4,0,4,92
07/22/2002,MGW,WV,AEA,CE,Federal Contract Tower,0,11,13,0,24,0,11,52,0,63,0,22,65,0,87,32,0,32,119
07/23/2002,MGW,WV,AEA,CE,Federal Contract Tower,0,9,9,0,18,0,14,29,2,45,0,23,38,2,63,36,0,36,99
07/24/2002,MGW,WV,AEA,CE,Federal Contract Tower,0,23,20,2,45,0,32,36,2,70,0,55,56,4,115,16,0,16,131
07/25/2002,MGW,WV,AEA,CE,Federal Contract Tower,0,21,23,0,44,0,12,28,2,42,0,33,51,2,86,0,0,0,86
07/26/2002,MGW,WV,AEA,CE,Federal Contract Tower,0,12,10,3,25,0,17,33,1,51,0,29,43,4,76,24,0,24,100
07/27/2002,MGW,WV,AEA,CE,Federal Contract Tower,0,6,20,0,26,0,18,23,0,41,0,24,43,0,67,0,0,0,67
07/28/2002,MGW,WV,AEA,CE,Federal Contract Tower,0,13,18,2,33,0,13,41,0,54,0,26,59,2,87,24,0,24,111
07/29/2002,MGW,WV,AEA,CE,Federal Contract Tower,0,14,15,2,31,0,11,23,2,36,0,25,38,4,67,22,0,22,89
07/30/2002,MGW,WV,AEA,CE,Federal Contract Tower,0,10,14,2,26,0,23,21,2,46,0,33,35,4,72,14,0,14,86
07/31/2002,MGW,WV,AEA,CE,Federal Contract Tower,0,13,12,0,25,0,34,47,2,83,0,47,59,2,108,40,0,40,148
08/01/2002,MGW,WV,AEA,CE,Federal Contract Tower,0,11,9,0,20,0,25,52,6,83,0,36,61,6,103,38,0,38,141
08/02/2002,MGW,WV,AEA,CE,Federal Contract Tower,0,9,17,2,28,0,37,62,2,101,0,46,79,4,129,96,0,96,225
08/03/2002,MGW,WV,AEA,CE,Federal Contract Tower,0,6,9,0,15,0,20,67,5,92,0,26,76,5,107,50,4,54,161
08/04/2002,MGW,WV,AEA,CE,Federal Contract Tower,0,8,10,5,23,0,19,66,7,92,0,27,76,12,115,80,0,80,195
08/05/2002,MGW,WV,AEA,CE,Federal Contract Tower,0,7,4,4,15,0,10,46,4,60,0,17,50,8,75,16,0,16,91
08/06/2002,MGW,WV,AEA,CE,Federal Contract Tower,0,10,9,0,19,0,28,51,10,89,0,38,60,10,108,56,0,56,164
08/07/2002,MGW,WV,AEA,CE,Federal Contract Tower,0,10,19,1,30,0,22,61,4,87,0,32,80,5,117,56,0,56,173
08/08/2002,MGW,WV,AEA,CE,Federal Contract Tower,0,11,13,1,25,0,21,54,5,80,0,32,67,6,105,54,2,56,161
08/09/2002,MGW,WV,AEA,CE,Federal Contract Tower,0,17,5,5,27,0,18,83,37,138,0,35,88,42,165,66,4,70,235
08/10/2002,MGW,WV,AEA,CE,Federal Contract Tower,0,7,3,0,10,0,15,79,4,98,0,22,82,4,108,70,0,70,178
08/11/2002,MGW,WV,AEA,CE,Federal Contract Tower,0,7,9,0,16,0,11,66,0,77,0,18,75,0,93,38,0,38,131
08/12/2002,MGW,WV,AEA,CE,Federal Contract Tower,0,13,5,4,22,0,13,11,16,40,0,26,16,20,62,10,4,14,76
08/13/2002,MGW,WV,AEA,CE,Federal Contract Tower,0,8,12,2,22,0,32,19,4,55,0,40,31,6,77,24,0,24,101
08/14/2002,MGW,WV,AEA,CE,Federal Contract Tower,0,13,6,0,19,0,10,21,0,31,0,23,27,0,50,18,0,18,68
08/15/2002,MGW,WV,AEA,CE,Federal Contract Tower,0,14,6,1,21,0,35,34,3,72,0,49,40,4,93,4,0,4,97
08/16/2002,MGW,WV,AEA,CE,Federal Contract Tower,0,10,15,0,25,0,23,45,0,68,0,33,60,0,93,18,0,18,111
08/17/2002,MGW,WV,AEA,CE,Federal Contract Tower,0,6,13,0,19,0,30,30,0,60,0,36,43,0,79,72,0,72,151
08/18/2002,MGW,WV,AEA,CE,Federal Contract Tower,0,10,5,0,15,0,4,25,0,29,0,14,30,0,44,46,0,46,90
08/19/2002,MGW,WV,AEA,CE,Federal Contract Tower,0,8,14,4,26,0,15,29,0,44,0,23,43,4,70,38,0,38,108
08/20/2002,MGW,WV,AEA,CE,Federal Contract Tower,0,10,19,2,31,0,10,26,0,36,0,20,45,2,67,54,0,54,121
08/21/2002,MGW,WV,AEA,CE,Federal Contract Tower,0,10,18,0,28,0,15,66,0,81,0,25,84,0,109,98,0,98,207
08/22/2002,MGW,WV,AEA,CE,Federal Contract Tower,0,16,21,4,41,0,12,73,1,86,0,28,94,5,127,30,0,30,157
08/23/2002,MGW,WV,AEA,CE,Federal Contract Tower,0,10,20,6,36,0,39,46,2,87,0,49,66,8,123,0,0,0,123
08/24/2002,MGW,WV,AEA,CE,Federal Contract Tower,0,9,6,0,15,0,16,38,0,54,0,25,44,0,69,6,0,6,75
08/25/2002,MGW,WV,AEA,CE,Federal Contract Tower,0,8,17,0,25,0,14,42,0,56,0,22,59,0,81,36,0,36,117
08/26/2002,MGW,WV,AEA,CE,Federal Contract Tower,0,10,19,3,32,0,22,30,1,53,0,32,49,4,85,58,0,58,143
08/27/2002,MGW,WV,AEA,CE,Federal Contract Tower,0,13,9,3,25,0,19,32,2,53,0,32,41,5,78,38,0,38,116
08/28/2002,MGW,WV,AEA,CE,Federal Contract Tower,0,15,21,14,50,0,12,60,22,94,0,27,81,36,144,6,0,6,150
08/29/2002,MGW,WV,AEA,CE,Federal Contract Tower,0,15,19,0,34,0,9,70,10,89,0,24,89,10,123,32,0,32,155
08/30/2002,MGW,WV,AEA,CE,Federal Contract Tower,0,12,11,3,26,0,18,60,19,97,0,30,71,22,123,32,0,32,155
08/31/2002,MGW,WV,AEA,CE,Federal Contract Tower,0,11,9,0,20,0,41,171,4,216,0,52,180,4,236,56,0,56,292
09/01/2002,MGW,WV,AEA,CE,Federal Contract Tower,0,8,16,0,24,0,23,69,4,96,0,31,85,4,120,36,0,36,156
09/02/2002,MGW,WV,AEA,CE,Federal Contract Tower,0,10,9,2,21,0,37,58,2,97,0,47,67,4,118,54,4,58,176
09/03/2002,MGW,WV,AEA,CE,Federal Contract Tower,0,10,11,0,21,0,34,38,9,81,0,44,49,9,102,4,0,4,106
09/04/2002,MGW,WV,AEA,CE,Federal Contract Tower,0,10,12,0,22,0,34,68,2,104,0,44,80,2,126,38,0,38,164
09/05/2002,MGW,WV,AEA,CE,Federal Contract Tower,0,17,4,0,21,0,31,55,2,88,0,48,59,2,109,28,0,28,137
09/06/2002,MGW,WV,AEA,CE,Federal Contract Tower,0,9,20,3,32,0,14,59,9,82,0,23,79,12,114,56,0,56,170
09/07/2002,MGW,WV,AEA,CE,Federal Contract Tower,0,6,6,0,12,0,12,94,2,108,0,18,100,2,120,58,0,58,178
09/08/2002,MGW,WV,AEA,CE,Federal Contract Tower,0,9,15,3,27,0,41,71,0,112,0,50,86,3,139,44,2,46,185
09/09/2002,MGW,WV,AEA,CE,Federal Contract Tower,0,10,13,1,24,0,11,45,1,57,0,21,58,2,81,0,0,0,81
09/10/2002,MGW,WV,AEA,CE,Federal Contract Tower,0,14,25,1,40,0,32,39,3,74,0,46,64,4,114,34,0,34,148
09/11/2002,MGW,WV,AEA,CE,Federal Contract Tower,0,12,17,3,32,0,27,35,6,68,0,39,52,9,100,42,0,42,142
09/12/2002,MGW,WV,AEA,CE,Federal Contract Tower,0,13,6,2,21,0,49,46,2,97,0,62,52,4,118,42,0,42,160
09/13/2002,MGW,WV,AEA,CE,Federal Contract Tower,0,12,12,4,28,0,32,94,20,146,0,44,106,24,174,16,0,16,190
09/14/2002,MGW,WV,AEA,CE,Federal Contract Tower,0,8,8,0,16,0,22,52,12,86,0,30,60,12,102,28,0,28,130
09/15/2002,MGW,WV,AEA,CE,Federal Contract Tower,0,15,7,1,23,0,2,19,0,21,0,17,26,1,44,0,0,0,44
09/16/2002,MGW,WV,AEA,CE,Federal Contract Tower,0,15,18,10,43,0,15,19,8,42,0,30,37,18,85,0,0,0,85
09/17/2002,MGW,WV,AEA,CE,Federal Contract Tower,0,13,18,4,35,0,12,46,26,84,0,25,64,30,119,66,0,66,185
09/18/2002,MGW,WV,AEA,CE,Federal Contract Tower,0,14,19,10,43,0,16,20,30,66,0,30,39,40,109,8,0,8,117
09/19/2002,MGW,WV,AEA,CE,Federal Contract Tower,0,13,19,0,32,0,18,31,24,73,0,31,50,24,105,22,6,28,133
09/20/2002,MGW,WV,AEA,CE,Federal Contract Tower,0,10,17,4,31,0,18,50,28,96,0,28,67,32,127,2,0,2,129
09/21/2002,MGW,WV,AEA,CE,Federal Contract Tower,0,4,2,0,6,0,20,7,3,30,0,24,9,3,36,0,0,0,36
09/22/2002,MGW,WV,AEA,CE,Federal Contract Tower,0,12,6,1,19,0,6,34,1,41,0,18,40,2,60,10,0,10,70
09/23/2002,MGW,WV,AEA,CE,Federal Contract Tower,0,14,20,3,37,0,19,51,41,111,0,33,71,44,148,32,16,48,196
09/24/2002,MGW,WV,AEA,CE,Federal Contract Tower,0,10,11,5,26,0,26,42,45,113,0,36,53,50,139,30,0,30,169
09/25/2002,MGW,WV,AEA,CE,Federal Contract Tower,0,9,12,0,21,0,39,59,22,120,0,48,71,22,141,22,0,22,163
09/26/2002,MGW,WV,AEA,CE,Federal Contract Tower,0,10,13,9,32,0,6,3,47,56,0,16,16,56,88,0,0,0,88
09/27/2002,MGW,WV,AEA,CE,Federal Contract Tower,0,9,11,2,22,0,12,4,18,34,0,21,15,20,56,0,0,0,56
09/28/2002,MGW,WV,AEA,CE,Federal Contract Tower,0,5,20,1,26,0,10,78,13,101,0,15,98,14,127,104,0,104,231
09/29/2002,MGW,WV,AEA,CE,Federal Contract Tower,0,11,12,0,23,0,16,50,2,68,0,27,62,2,91,44,0,44,135
09/30/2002,MGW,WV,AEA,CE,Federal Contract Tower,0,8,11,0,19,0,13,51,0,64,0,21,62,0,83,18,0,18,101
10/01/2002,MGW,WV,AEA,CE,Federal Contract Tower,0,10,10,0,20,0,32,29,4,65,0,42,39,4,85,18,8,26,111
10/02/2002,MGW,WV,AEA,CE,Federal Contract Tower,0,11,9,0,20,0,17,26,4,47,0,28,35,4,67,14,0,14,81
10/03/2002,MGW,WV,AEA,CE,Federal Contract Tower,0,19,32,0,51,0,26,35,2,63,0,45,67,2,114,42,0,42,156
10/04/2002,MGW,WV,AEA,CE,Federal Contract Tower,0,9,18,1,28,0,11,36,5,52,0,20,54,6,80,14,0,14,94
10/05/2002,MGW,WV,AEA,CE,Federal Contract Tower,0,4,17,6,27,0,21,122,32,175,0,25,139,38,202,4,0,4,206
10/06/2002,MGW,WV,AEA,CE,Federal Contract Tower,0,10,8,0,18,0,17,54,2,73,0,27,62,2,91,22,0,22,113
10/07/2002,MGW,WV,AEA,CE,Federal Contract Tower,0,11,18,0,29,0,30,44,5,79,0,41,62,5,108,12,0,12,120
10/08/2002,MGW,WV,AEA,CE,Federal Contract Tower,0,14,15,9,38,0,34,54,1,89,0,48,69,10,127,36,0,36,163
10/09/2002,MGW,WV,AEA,CE,Federal Contract Tower,0,16,14,5,35,0,38,57,3,98,0,54,71,8,133,38,0,38,171
10/10/2002,MGW,WV,AEA,CE,Federal Contract Tower,0,14,11,0,25,0,3,11,0,14,0,17,22,0,39,0,0,0,39
10/11/2002,MGW,WV,AEA,CE,Federal Contract Tower,0,12,8,6,26,0,4,0,0,4,0,16,8,6,30,0,0,0,30
10/12/2002,MGW,WV,AEA,CE,Federal Contract Tower,0,6,10,0,16,0,2,9,0,11,0,8,19,0,27,16,0,16,43
10/13/2002,MGW,WV,AEA,CE,Federal Contract Tower,0,10,14,0,24,0,2,2,0,4,0,12,16,0,28,0,0,0,28
10/14/2002,MGW,WV,AEA,CE,Federal Contract Tower,0,10,8,0,18,0,18,61,5,84,0,28,69,5,102,30,0,30,132
10/15/2002,MGW,WV,AEA,CE,Federal Contract Tower,0,8,24,0,32,0,9,37,2,48,0,17,61,2,80,30,0,30,110
10/16/2002,MGW,WV,AEA,CE,Federal Contract Tower,0,10,17,4,31,0,0,0,0,0,0,10,17,4,31,0,0,0,31
10/17/2002,MGW,WV,AEA,CE,Federal Contract Tower,0,11,22,2,35,0,2,9,0,11,0,13,31,2,46,0,0,0,46
10/18/2002,MGW,WV,AEA,CE,Federal Contract Tower,0,10,19,1,30,0,29,42,10,81,0,39,61,11,111,48,0,48,159
10/19/2002,MGW,WV,AEA,CE,Federal Contract Tower,0,4,19,0,23,0,10,76,0,86,0,14,95,0,109,84,0,84,193
10/20/2002,MGW,WV,AEA,CE,Federal Contract Tower,0,11,16,2,29,0,24,49,10,83,0,35,65,12,112,14,0,14,126
10/21/2002,MGW,WV,AEA,CE,Federal Contract Tower,0,13,19,0,32,0,1,42,14,57,0,14,61,14,89,82,12,94,183
10/22/2002,MGW,WV,AEA,CE,Federal Contract Tower,0,11,13,9,33,0,25,56,42,123,0,36,69,51,156,8,28,36,192
10/23/2002,MGW,WV,AEA,CE,Federal Contract Tower,0,15,16,1,32,0,23,27,12,62,0,38,43,13,94,6,0,6,100
10/24/2002,MGW,WV,AEA,CE,Federal Contract Tower,0,9,20,6,35,0,35,21,59,115,0,44,41,65,150,18,50,68,218
10/25/2002,MGW,WV,AEA,CE,Federal Contract Tower,0,11,27,0,38,0,7,30,0,37,0,18,57,0,75,36,0,36,111
10/26/2002,MGW,WV,AEA,CE,Federal Contract Tower,0,6,21,0,27,0,4,131,0,135,0,10,152,0,162,48,0,48,210
10/27/2002,MGW,WV,AEA,CE,Federal Contract Tower,0,10,22,0,32,0,17,51,0,68,0,27,73,0,100,14,0,14,114
10/28/2002,MGW,WV,AEA,CE,Federal Contract Tower,0,10,8,3,21,0,27,17,3,47,0,37,25,6,68,24,0,24,92
10/29/2002,MGW,WV,AEA,CE,Federal Contract Tower,0,12,18,1,31,0,7,2,3,12,0,19,20,4,43,0,0,0,43
10/30/2002,MGW,WV,AEA,CE,Federal Contract Tower,0,8,16,5,29,0,6,0,1,7,0,14,16,6,36,0,0,0,36
10/31/2002,MGW,WV,AEA,CE,Federal Contract Tower,0,10,13,3,26,0,11,16,1,28,0,21,29,4,54,42,0,42,96
11/01/2002,MGW,WV,AEA,CE,Federal Contract Tower,0,13,13,4,30,0,12,27,4,43,0,25,40,8,73,0,0,0,73
11/02/2002,MGW,WV,AEA,CE,Federal Contract Tower,0,4,3,0,7,0,21,36,10,67,0,25,39,10,74,24,4,28,102
11/03/2002,MGW,WV,AEA,CE,Federal Contract Tower,0,12,7,3,22,0,29,75,9,113,0,41,82,12,135,108,0,108,243
11/04/2002,MGW,WV,AEA,CE,Federal Contract Tower,0,12,4,0,16,0,6,0,13,19,0,18,4,13,35,0,0,0,35
11/05/2002,MGW,WV,AEA,CE,Federal Contract Tower,0,12,21,2,35,0,22,17,18,57,0,34,38,20,92,0,22,22,114
11/06/2002,MGW,WV,AEA,CE,Federal Contract Tower,0,12,13,2,27,0,6,6,3,15,0,18,19,5,42,0,0,0,42
11/07/2002,MGW,WV,AEA,CE,Federal Contract Tower,0,12,18,0,30,0,10,12,1,23,0,22,30,1,53,0,0,0,53
11/08/2002,MGW,WV,AEA,CE,Federal Contract Tower,0,16,17,3,36,0,28,77,15,120,0,44,94,18,156,46,10,56,212
11/09/2002,MGW,WV,AEA,CE,Federal Contract Tower,0,5,18,1,24,0,37,94,3,134,0,42,112,4,158,234,8,242,400
11/10/2002,MGW,WV,AEA,CE,Federal Contract Tower,0,12,7,0,19,0,5,28,4,37,0,17,35,4,56,18,10,28,84
11/11/2002,MGW,WV,AEA,CE,Federal Contract Tower,0,12,10,6,28,0,12,18,4,34,0,24,28,10,62,46,0,46,108
11/12/2002,MGW,WV,AEA,CE,Federal Contract Tower,0,15,20,6,41,0,6,1,4,11,0,21,21,10,52,0,0,0,52
11/13/2002,MGW,WV,AEA,CE,Federal Contract Tower,0,10,9,11,30,0,22,48,5,75,0,32,57,16,105,94,28,122,227
11/14/2002,MGW,WV,AEA,CE,Federal Contract Tower,0,12,16,9,37,0,22,46,13,81,0,34,62,22,118,88,0,88,206
11/15/2002,MGW,WV,AEA,CE,Federal Contract Tower,0,11,26,1,38,0,17,36,14,67,0,28,62,15,105,32,0,32,137
11/16/2002,MGW,WV,AEA,CE,Federal Contract Tower,0,7,5,2,14,0,4,1,0,5,0,11,6,2,19,0,0,0,19
11/17/2002,MGW,WV,AEA,CE,Federal Contract Tower,0,8,0,0,8,0,0,0,0,0,0,8,0,0,8,0,0,0,8
11/18/2002,MGW,WV,AEA,CE,Federal Contract Tower,0,12,19,2,33,0,23,23,6,52,0,35,42,8,85,30,0,30,115
11/19/2002,MGW,WV,AEA,CE,Federal Contract Tower,0,14,8,1,23,0,9,3,8,20,0,23,11,9,43,0,18,18,61
11/20/2002,MGW,WV,AEA,CE,Federal Contract Tower,0,14,11,1,26,0,27,47,11,85,0,41,58,12,111,58,0,58,169
11/21/2002,MGW,WV,AEA,CE,Federal Contract Tower,0,11,20,0,31,0,18,22,0,40,0,29,42,0,71,96,0,96,167
11/22/2002,MGW,WV,AEA,CE,Federal Contract Tower,0,10,10,0,20,0,6,0,0,6,0,16,10,0,26,0,0,0,26
11/23/2002,MGW,WV,AEA,CE,Federal Contract Tower,0,5,3,1,9,0,3,21,6,30,0,8,24,7,39,20,0,20,59
11/24/2002,MGW,WV,AEA,CE,Federal Contract Tower,0,11,13,4,28,0,17,60,0,77,0,28,73,4,105,36,0,36,141
11/25/2002,MGW,WV,AEA,CE,Federal Contract Tower,0,9,9,0,18,0,11,27,4,42,0,20,36,4,60,32,0,32,92
11/26/2002,MGW,WV,AEA,CE,Federal Contract Tower,0,10,16,0,26,0,4,10,4,18,0,14,26,4,44,6,0,6,50
11/27/2002,MGW,WV,AEA,CE,Federal Contract Tower,0,11,8,0,19,0,14,5,0,19,0,25,13,0,38,22,0,22,60
11/28/2002,MGW,WV,AEA,CE,Federal Contract Tower,0,4,0,0,4,0,18,3,0,21,0,22,3,0,25,0,0,0,25
11/29/2002,MGW,WV,AEA,CE,Federal Contract Tower,0,5,3,0,8,0,8,10,0,18,0,13,13,0,26,0,0,0,26
11/30/2002,MGW,WV,AEA,CE,Federal Contract Tower,0,6,6,0,12,0,10,6,0,16,0,16,12,0,28,0,0,0,28
12/01/2002,MGW,WV,AEA,CE,Federal Contract Tower,0,9,8,2,19,0,0,10,1,11,0,9,18,3,30,16,0,16,46
12/02/2002,MGW,WV,AEA,CE,Federal Contract Tower,0,11,7,2,20,0,29,18,0,47,0,40,25,2,67,20,0,20,87
12/03/2002,MGW,WV,AEA,CE,Federal Contract Tower,0,10,18,0,28,0,20,21,34,75,0,30,39,34,103,38,4,42,145
12/04/2002,MGW,WV,AEA,CE,Federal Contract Tower,0,11,7,2,20,0,18,14,2,34,0,29,21,4,54,18,0,18,72
12/05/2002,MGW,WV,AEA,CE,Federal Contract Tower,0,8,0,0,8,0,0,0,0,0,0,8,0,0,8,0,0,0,8
12/06/2002,MGW,WV,AEA,CE,Federal Contract Tower,0,9,12,7,28,0,19,18,7,44,0,28,30,14,72,30,0,30,102
12/07/2002,MGW,WV,AEA,CE,Federal Contract Tower,0,4,9,0,13,0,18,39,3,60,0,22,48,3,73,46,10,56,129
12/08/2002,MGW,WV,AEA,CE,Federal Contract Tower,0,10,10,4,24,0,8,27,4,39,0,18,37,8,63,12,0,12,75
12/09/2002,MGW,WV,AEA,CE,Federal Contract Tower,0,13,15,8,36,0,13,38,0,51,0,26,53,8,87,28,0,28,115
12/10/2002,MGW,WV,AEA,CE,Federal Contract Tower,0,9,10,0,19,0,18,25,4,47,0,27,35,4,66,36,0,36,102
12/11/2002,MGW,WV,AEA,CE,Federal Contract Tower,0,11,6,2,19,0,6,0,0,6,0,17,6,2,25,0,0,0,25
12/12/2002,MGW,WV,AEA,CE,Federal Contract Tower,0,14,16,1,31,0,6,6,1,13,0,20,22,2,44,0,0,0,44
12/13/2002,MGW,WV,AEA,CE,Federal Contract Tower,0,13,5,1,19,0,6,9,4,19,0,19,14,5,38,0,0,0,38
12/14/2002,MGW,WV,AEA,CE,Federal Contract Tower,0,4,1,0,5,0,0,0,0,0,0,4,1,0,5,0,0,0,5
12/15/2002,MGW,WV,AEA,CE,Federal Contract Tower,0,10,6,0,16,0,26,17,0,43,0,36,23,0,59,20,0,20,79
12/16/2002,MGW,WV,AEA,CE,Federal Contract Tower,0,12,10,0,22,0,29,19,2,50,0,41,29,2,72,0,0,0,72
12/17/2002,MGW,WV,AEA,CE,Federal Contract Tower,0,12,10,0,22,0,34,41,1,76,0,46,51,1,98,16,0,16,114
12/18/2002,MGW,WV,AEA,CE,Federal Contract Tower,0,9,5,2,16,0,20,24,0,44,0,29,29,2,60,4,0,4,64
12/19/2002,MGW,WV,AEA,CE,Federal Contract Tower,0,11,12,0,23,0,12,38,0,50,0,23,50,0,73,30,0,30,103
12/20/2002,MGW,WV,AEA,CE,Federal Contract Tower,0,12,12,2,26,0,16,21,0,37,0,28,33,2,63,10,0,10,73
12/21/2002,MGW,WV,AEA,CE,Federal Contract Tower,0,5,13,0,18,0,27,23,0,50,0,32,36,0,68,8,0,8,76
12/22/2002,MGW,WV,AEA,CE,Federal Contract Tower,0,8,6,0,14,0,1,6,0,7,0,9,12,0,21,0,0,0,21
12/23/2002,MGW,WV,AEA,CE,Federal Contract Tower,0,11,9,0,20,0,11,33,0,44,0,22,42,0,64,40,0,40,104
12/24/2002,MGW,WV,AEA,CE,Federal Contract Tower,0,10,0,0,10,0,4,12,0,16,0,14,12,0,26,0,0,0,26
12/25/2002,MGW,WV,AEA,CE,Federal Contract Tower,0,2,0,0,2,0,0,0,0,0,0,2,0,0,2,0,0,0,2
12/26/2002,MGW,WV,AEA,CE,Federal Contract Tower,0,10,9,0,19,0,14,7,0,21,0,24,16,0,40,4,0,4,44
12/27/2002,MGW,WV,AEA,CE,Federal Contract Tower,0,8,18,0,26,0,17,6,0,23,0,25,24,0,49,12,0,12,61
12/28/2002,MGW,WV,AEA,CE,Federal Contract Tower,0,6,10,0,16,0,14,4,0,18,0,20,14,0,34,0,0,0,34
12/29/2002,MGW,WV,AEA,CE,Federal Contract Tower,0,10,10,0,20,0,5,37,0,42,0,15,47,0,62,64,0,64,126
12/30/2002,MGW,WV,AEA,CE,Federal Contract Tower,0,12,3,0,15,0,14,29,0,43,0,26,32,0,58,38,0,38,96
12/31/2002,MGW,WV,AEA,CE,Federal Contract Tower,0,10,4,0,14,0,10,21,0,31,0,20,25,0,45,26,0,26,71
01/01/2003,MGW,WV,AEA,CE,Federal Contract Tower,0,11,4,0,15,0,7,0,0,7,0,18,4,0,22,0,0,0,22
01/02/2003,MGW,WV,AEA,CE,Federal Contract Tower,0,11,1,2,14,0,5,1,0,6,0,16,2,2,20,0,0,0,20
01/03/2003,MGW,WV,AEA,CE,Federal Contract Tower,0,10,2,0,12,0,6,0,0,6,0,16,2,0,18,0,0,0,18
01/04/2003,MGW,WV,AEA,CE,Federal Contract Tower,0,6,7,0,13,0,0,1,0,1,0,6,8,0,14,0,0,0,14
01/05/2003,MGW,WV,AEA,CE,Federal Contract Tower,0,10,7,0,17,0,0,3,0,3,0,10,10,0,20,0,0,0,20
01/06/2003,MGW,WV,AEA,CE,Federal Contract Tower,0,11,4,0,15,0,0,0,0,0,0,11,4,0,15,0,0,0,15
01/07/2003,MGW,WV,AEA,CE,Federal Contract Tower,0,12,9,0,21,0,20,7,4,31,0,32,16,4,52,0,0,0,52
01/08/2003,MGW,WV,AEA,CE,Federal Contract Tower,0,12,15,0,27,0,14,14,0,28,0,26,29,0,55,46,0,46,101
01/09/2003,MGW,WV,AEA,CE,Federal Contract Tower,0,13,14,4,31,0,10,19,4,33,0,23,33,8,64,46,0,46,110
01/10/2003,MGW,WV,AEA,CE,Federal Contract Tower,0,9,14,1,24,0,9,2,7,18,0,18,16,8,42,0,10,10,52
01/11/2003,MGW,WV,AEA,CE,Federal Contract Tower,0,5,2,0,7,0,8,9,5,22,0,13,11,5,29,0,4,4,33
01/12/2003,MGW,WV,AEA,CE,Federal Contract Tower,0,9,2,0,11,0,11,31,1,43,0,20,33,1,54,68,0,68,122
01/13/2003,MGW,WV,AEA,CE,Federal Contract Tower,0,12,6,0,18,0,9,8,5,22,0,21,14,5,40,0,0,0,40
01/14/2003,MGW,WV,AEA,CE,Federal Contract Tower,0,12,7,0,19,0,4,4,0,8,0,16,11,0,27,0,0,0,27
01/15/2003,MGW,WV,AEA,CE,Federal Contract Tower,0,13,17,0,30,0,8,14,0,22,0,21,31,0,52,0,0,0,52
01/16/2003,MGW,WV,AEA,CE,Federal Contract Tower,0,12,15,2,29,0,10,24,4,38,0,22,39,6,67,16,0,16,83
01/17/2003,MGW,WV,AEA,CE,Federal Contract Tower,0,10,14,0,24,0,2,2,0,4,0,12,16,0,28,0,0,0,28
01/18/2003,MGW,WV,AEA,CE,Federal Contract Tower,0,6,7,0,13,0,14,19,4,37,0,20,26,4,50,10,0,10,60
01/19/2003,MGW,WV,AEA,CE,Federal Contract Tower,0,10,2,2,14,0,8,3,0,11,0,18,5,2,25,0,0,0,25
01/20/2003,MGW,WV,AEA,CE,Federal Contract Tower,0,14,10,2,26,0,8,5,0,13,0,22,15,2,39,0,0,0,39
01/21/2003,MGW,WV,AEA,CE,Federal Contract Tower,0,14,8,3,25,0,8,6,4,18,0,22,14,7,43,0,0,0,43
01/22/2003,MGW,WV,AEA,CE,Federal Contract Tower,0,10,14,1,25,0,19,18,5,42,0,29,32,6,67,48,0,48,115
01/23/2003,MGW,WV,AEA,CE,Federal Contract Tower,0,15,12,1,28,0,12,8,1,21,0,27,20,2,49,0,0,0,49
01/24/2003,MGW,WV,AEA,CE,Federal Contract Tower,0,10,11,0,21,0,8,10,0,18,0,18,21,0,39,0,0,0,39
01/25/2003,MGW,WV,AEA,CE,Federal Contract Tower,0,7,8,0,15,0,21,20,6,47,0,28,28,6,62,0,0,0,62
01/26/2003,MGW,WV,AEA,CE,Federal Contract Tower,0,10,0,0,10,0,0,0,0,0,0,10,0,0,10,0,0,0,10
01/27/2003,MGW,WV,AEA,CE,Federal Contract Tower,0,8,15,3,26,0,4,26,3,33,0,12,41,6,59,46,0,46,105
01/28/2003,MGW,WV,AEA,CE,Federal Contract Tower,0,14,3,0,17,0,12,9,0,21,0,26,12,0,38,0,0,0,38
01/29/2003,MGW,WV,AEA,CE,Federal Contract Tower,0,9,11,0,20,0,0,0,0,0,0,9,11,0,20,0,0,0,20
01/30/2003,MGW,WV,AEA,CE,Federal Contract Tower,0,12,15,6,33,0,7,33,5,45,0,19,48,11,78,46,0,46,124
01/31/2003,MGW,WV,AEA,CE,Federal Contract Tower,0,14,12,0,26,0,21,28,0,49,0,35,40,0,75,24,0,24,99
02/01/2003,MGW,WV,AEA,CE,Federal Contract Tower,0,6,4,0,10,0,4,0,0,4,0,10,4,0,14,0,0,0,14
02/02/2003,MGW,WV,AEA,CE,Federal Contract Tower,0,13,3,0,16,0,0,0,0,0,0,13,3,0,16,0,0,0,16
02/03/2003,MGW,WV,AEA,CE,Federal Contract Tower,0,11,15,2,28,0,11,30,8,49,0,22,45,10,77,2,0,2,79
02/04/2003,MGW,WV,AEA,CE,Federal Contract Tower,0,10,5,0,15,0,6,1,0,7,0,16,6,0,22,0,0,0,22
02/05/2003,MGW,WV,AEA,CE,Federal Contract Tower,0,10,12,4,26,0,18,17,6,41,0,28,29,10,67,0,0,0,67
02/06/2003,MGW,WV,AEA,CE,Federal Contract Tower,0,10,12,1,23,0,11,18,3,32,0,21,30,4,55,6,0,6,61
02/07/2003,MGW,WV,AEA,CE,Federal Contract Tower,0,13,13,0,26,0,2,1,0,3,0,15,14,0,29,0,0,0,29
02/08/2003,MGW,WV,AEA,CE,Federal Contract Tower,0,7,12,2,21,0,20,29,5,54,0,27,41,7,75,20,0,20,95
02/09/2003,MGW,WV,AEA,CE,Federal Contract Tower,0,10,4,0,14,0,9,23,2,34,0,19,27,2,48,16,0,16,64
02/10/2003,MGW,WV,AEA,CE,Federal Contract Tower,0,11,6,1,18,0,0,4,1,5,0,11,10,2,23,0,12,12,35
02/11/2003,MGW,WV,AEA,CE,Federal Contract Tower,0,8,9,0,17,0,5,18,4,27,0,13,27,4,44,0,0,0,44
02/12/2003,MGW,WV,AEA,CE,Federal Contract Tower,0,14,10,2,26,0,10,12,4,26,0,24,22,6,52,4,0,4,56
02/13/2003,MGW,WV,AEA,CE,Federal Contract Tower,0,14,14,0,28,0,18,15,0,33,0,32,29,0,61,0,0,0,61
02/14/2003,MGW,WV,AEA,CE,Federal Contract Tower,0,10,5,3,18,0,12,23,5,40,0,22,28,8,58,30,0,30,88
02/15/2003,MGW,WV,AEA,CE,Federal Contract Tower,0,3,2,0,5,0,3,0,0,3,0,6,2,0,8,0,0,0,8
02/17/2003,MGW,WV,AEA,CE,Federal Contract Tower,0,0,0,0,0,0,0,2,0,2,0,0,2,0,2,0,0,0,2
02/18/2003,MGW,WV,AEA,CE,Federal Contract Tower,0,13,11,0,24,0,7,4,1,12,0,20,15,1,36,0,0,0,36
02/19/2003,MGW,WV,AEA,CE,Federal Contract Tower,0,13,6,0,19,0,5,4,0,9,0,18,10,0,28,0,0,0,28
02/20/2003,MGW,WV,AEA,CE,Federal Contract Tower,0,10,2,0,12,0,16,26,4,46,0,26,28,4,58,50,0,50,108
02/21/2003,MGW,WV,AEA,CE,Federal Contract Tower,0,14,4,0,18,0,15,7,0,22,0,29,11,0,40,0,0,0,40
02/22/2003,MGW,WV,AEA,CE,Federal Contract Tower,0,2,6,0,8,0,0,7,0,7,0,2,13,0,15,2,0,2,17
02/23/2003,MGW,WV,AEA,CE,Federal Contract Tower,0,8,4,0,12,0,3,3,0,6,0,11,7,0,18,0,0,0,18
02/24/2003,MGW,WV,AEA,CE,Federal Contract Tower,0,10,5,0,15,0,6,2,0,8,0,16,7,0,23,0,0,0,23
02/25/2003,MGW,WV,AEA,CE,Federal Contract Tower,0,13,17,0,30,0,11,12,0,23,0,24,29,0,53,26,0,26,79
02/26/2003,MGW,WV,AEA,CE,Federal Contract Tower,0,11,13,0,24,0,3,5,2,10,0,14,18,2,34,0,0,0,34
02/27/2003,MGW,WV,AEA,CE,Federal Contract Tower,0,9,4,0,13,0,4,14,2,20,0,13,18,2,33,0,0,0,33
02/28/2003,MGW,WV,AEA,CE,Federal Contract Tower,0,12,6,2,20,0,2,5,2,9,0,14,11,4,29,0,0,0,29
03/01/2003,MGW,WV,AEA,CE,Federal Contract Tower,0,8,7,1,16,0,4,37,1,42,0,12,44,2,58,44,0,44,102
03/02/2003,MGW,WV,AEA,CE,Federal Contract Tower,0,10,0,2,12,0,0,2,0,2,0,10,2,2,14,0,0,0,14
03/03/2003,MGW,WV,AEA,CE,Federal Contract Tower,0,8,14,0,22,0,5,15,0,20,0,13,29,0,42,18,0,18,60
03/04/2003,MGW,WV,AEA,CE,Federal Contract Tower,0,13,7,0,20,0,36,45,4,85,0,49,52,4,105,40,34,74,179
03/05/2003,MGW,WV,AEA,CE,Federal Contract Tower,0,12,9,0,21,0,14,10,0,24,0,26,19,0,45,0,0,0,45
03/06/2003,MGW,WV,AEA,CE,Federal Contract Tower,0,12,7,0,19,0,0,2,0,2,0,12,9,0,21,0,0,0,21
03/07/2003,MGW,WV,AEA,CE,Federal Contract Tower,0,12,17,1,30,0,36,82,1,119,0,48,99,2,149,60,0,60,209
03/08/2003,MGW,WV,AEA,CE,Federal Contract Tower,0,4,7,0,11,0,11,92,0,103,0,15,99,0,114,188,0,188,302
03/09/2003,MGW,WV,AEA,CE,Federal Contract Tower,0,10,12,0,22,0,4,19,0,23,0,14,31,0,45,8,0,8,53
03/10/2003,MGW,WV,AEA,CE,Federal Contract Tower,0,11,13,0,24,0,17,29,0,46,0,28,42,0,70,24,0,24,94
03/11/2003,MGW,WV,AEA,CE,Federal Contract Tower,0,12,8,0,20,0,17,25,0,42,0,29,33,0,62,20,0,20,82
03/12/2003,MGW,WV,AEA,CE,Federal Contract Tower,0,10,8,0,18,0,25,65,0,90,0,35,73,0,108,24,0,24,132
03/13/2003,MGW,WV,AEA,CE,Federal Contract Tower,0,12,6,2,20,0,8,8,0,16,0,20,14,2,36,10,0,10,46
03/14/2003,MGW,WV,AEA,CE,Federal Contract Tower,0,11,15,0,26,0,19,54,5,78,0,30,69,5,104,38,6,44,148
03/15/2003,MGW,WV,AEA,CE,Federal Contract Tower,0,4,9,0,13,0,14,71,17,102,0,18,80,17,115,40,12,52,167
03/16/2003,MGW,WV,AEA,CE,Federal Contract Tower,0,9,2,0,11,0,28,69,0,97,0,37,71,0,108,116,0,116,224
03/17/2003,MGW,WV,AEA,CE,Federal Contract Tower,0,11,15,3,29,0,35,58,12,105,0,46,73,15,134,58,30,88,222
03/18/2003,MGW,WV,AEA,CE,Federal Contract Tower,0,10,15,0,25,0,25,23,0,48,0,35,38,0,73,32,0,32,105
03/19/2003,MGW,WV,AEA,CE,Federal Contract Tower,0,12,10,0,22,0,19,11,4,34,0,31,21,4,56,0,0,0,56
03/20/2003,MGW,WV,AEA,CE,Federal Contract Tower,0,12,20,2,34,0,7,5,2,14,0,19,25,4,48,10,0,10,58
03/21/2003,MGW,WV,AEA,CE,Federal Contract Tower,1,10,6,1,18,0,9,10,1,20,1,19,16,2,38,0,0,0,38
03/22/2003,MGW,WV,AEA,CE,Federal Contract Tower,1,4,10,0,15,0,10,31,4,45,1,14,41,4,60,2,0,2,62
03/23/2003,MGW,WV,AEA,CE,Federal Contract Tower,0,10,11,0,21,0,0,52,0,52,0,10,63,0,73,34,0,34,107
03/24/2003,MGW,WV,AEA,CE,Federal Contract Tower,0,11,4,2,17,0,29,62,4,95,0,40,66,6,112,22,12,34,146
03/25/2003,MGW,WV,AEA,CE,Federal Contract Tower,0,11,15,3,29,0,14,44,5,63,0,25,59,8,92,10,0,10,102
03/26/2003,MGW,WV,AEA,CE,Federal Contract Tower,0,10,6,0,16,0,12,15,4,31,0,22,21,4,47,12,0,12,59
03/27/2003,MGW,WV,AEA,CE,Federal Contract Tower,0,11,19,4,34,0,5,54,10,69,0,16,73,14,103,2,0,2,105
03/28/2003,MGW,WV,AEA,CE,Federal Contract Tower,0,10,9,1,20,0,24,42,7,73,0,34,51,8,93,0,0,0,93
03/29/2003,MGW,WV,AEA,CE,Federal Contract Tower,0,4,5,0,9,0,6,22,0,28,0,10,27,0,37,0,0,0,37
03/30/2003,MGW,WV,AEA,CE,Federal Contract Tower,0,10,6,0,16,0,0,2,0,2,0,10,8,0,18,0,0,0,18
03/31/2003,MGW,WV,AEA,CE,Federal Contract Tower,0,10,11,0,21,0,5,29,0,34,0,15,40,0,55,0,0,0,55
04/01/2003,MGW,WV,AEA,CE,Federal Contract Tower,0,16,5,0,21,0,16,35,4,55,0,32,40,4,76,0,0,0,76
04/02/2003,MGW,WV,AEA,CE,Federal Contract Tower,0,8,13,0,21,0,32,43,1,76,0,40,56,1,97,24,0,24,121
04/03/2003,MGW,WV,AEA,CE,Federal Contract Tower,0,10,5,1,16,0,12,54,7,73,0,22,59,8,89,34,0,34,123
04/04/2003,MGW,WV,AEA,CE,Federal Contract Tower,0,9,9,4,22,0,7,17,14,38,0,16,26,18,60,2,0,2,62
04/05/2003,MGW,WV,AEA,CE,Federal Contract Tower,0,6,6,2,14,0,7,8,0,15,0,13,14,2,29,0,0,0,29
04/06/2003,MGW,WV,AEA,CE,Federal Contract Tower,0,10,4,3,17,0,13,58,7,78,0,23,62,10,95,64,0,64,159
04/07/2003,MGW,WV,AEA,CE,Federal Contract Tower,0,12,13,3,28,0,0,10,3,13,0,12,23,6,41,0,0,0,41
04/08/2003,MGW,WV,AEA,CE,Federal Contract Tower,0,10,9,7,26,0,11,30,5,46,0,21,39,12,72,16,0,16,88
04/09/2003,MGW,WV,AEA,CE,Federal Contract Tower,0,8,9,0,17,0,16,27,0,43,0,24,36,0,60,0,0,0,60
04/10/2003,MGW,WV,AEA,CE,Federal Contract Tower,0,10,15,3,28,0,10,57,2,69,0,20,72,5,97,12,0,12,109
04/11/2003,MGW,WV,AEA,CE,Federal Contract Tower,0,10,6,3,19,0,2,14,5,21,0,12,20,8,40,14,0,14,54
04/12/2003,MGW,WV,AEA,CE,Federal Contract Tower,0,6,10,1,17,0,12,50,12,74,0,18,60,13,91,36,0,36,127
04/13/2003,MGW,WV,AEA,CE,Federal Contract Tower,0,8,5,3,16,0,11,83,6,100,0,19,88,9,116,90,14,104,220
04/14/2003,MGW,WV,AEA,CE,Federal Contract Tower,0,10,6,8,24,0,16,48,8,72,0,26,54,16,96,42,0,42,138
04/15/2003,MGW,WV,AEA,CE,Federal Contract Tower,0,10,9,2,21,0,17,59,6,82,0,27,68,8,103,18,0,18,121
04/16/2003,MGW,WV,AEA,CE,Federal Contract Tower,0,10,10,13,33,0,20,52,30,102,0,30,62,43,135,24,0,24,159
04/17/2003,MGW,WV,AEA,CE,Federal Contract Tower,0,14,5,3,22,0,12,29,6,47,0,26,34,9,69,10,0,10,79
04/18/2003,MGW,WV,AEA,CE,Federal Contract Tower,0,13,5,0,18,0,12,25,0,37,0,25,30,0,55,0,0,0,55
04/19/2003,MGW,WV,AEA,CE,Federal Contract Tower,0,5,5,0,10,0,11,79,0,90,0,16,84,0,100,84,0,84,184
04/20/2003,MGW,WV,AEA,CE,Federal Contract Tower,0,12,5,1,18,0,9,37,7,53,0,21,42,8,71,16,14,30,101
04/21/2003,MGW,WV,AEA,CE,Federal Contract Tower,0,10,4,4,18,0,12,15,4,31,0,22,19,8,49,26,0,26,75
04/22/2003,MGW,WV,AEA,CE,Federal Contract Tower,0,10,2,2,14,0,11,10,8,29,0,21,12,10,43,0,0,0,43
04/23/2003,MGW,WV,AEA,CE,Federal Contract Tower,0,12,11,0,23,0,8,41,2,51,0,20,52,2,74,0,0,0,74
04/24/2003,MGW,WV,AEA,CE,Federal Contract Tower,0,12,22,1,35,0,6,59,8,73,0,18,81,9,108,12,0,12,120
04/25/2003,MGW,WV,AEA,CE,Federal Contract Tower,0,14,3,3,20,0,11,30,1,42,0,25,33,4,62,16,0,16,78
04/26/2003,MGW,WV,AEA,CE,Federal Contract Tower,0,4,15,1,20,0,8,160,6,174,0,12,175,7,194,38,0,38,232
04/27/2003,MGW,WV,AEA,CE,Federal Contract Tower,0,10,0,0,10,0,6,74,3,83,0,16,74,3,93,20,0,20,113
04/28/2003,MGW,WV,AEA,CE,Federal Contract Tower,0,10,6,0,16,0,42,46,4,92,0,52,52,4,108,24,0,24,132
04/29/2003,MGW,WV,AEA,CE,Federal Contract Tower,0,8,6,0,14,0,17,16,8,41,0,25,22,8,55,26,12,38,93
04/30/2003,MGW,WV,AEA,CE,Federal Contract Tower,0,11,16,2,29,0,11,32,1,44,0,22,48,3,73,12,0,12,85
05/01/2003,MGW,WV,AEA,CE,Federal Contract Tower,0,10,7,0,17,0,22,22,8,52,0,32,29,8,69,22,0,22,91
05/02/2003,MGW,WV,AEA,CE,Federal Contract Tower,0,13,11,6,30,0,9,24,8,41,0,22,35,14,71,30,0,30,101
05/03/2003,MGW,WV,AEA,CE,Federal Contract Tower,0,6,1,0,7,0,22,35,0,57,0,28,36,0,64,12,0,12,76
05/04/2003,MGW,WV,AEA,CE,Federal Contract Tower,0,10,11,2,23,0,25,25,2,52,0,35,36,4,75,14,0,14,89
05/05/2003,MGW,WV,AEA,CE,Federal Contract Tower,0,8,5,0,13,0,25,13,0,38,0,33,18,0,51,54,0,54,105
05/06/2003,MGW,WV,AEA,CE,Federal Contract Tower,0,12,9,0,21,0,8,11,0,19,0,20,20,0,40,14,0,14,54
05/07/2003,MGW,WV,AEA,CE,Federal Contract Tower,0,9,11,0,20,0,6,21,0,27,0,15,32,0,47,110,0,110,157
05/08/2003,MGW,WV,AEA,CE,Federal Contract Tower,0,13,11,0,24,0,8,39,0,47,0,21,50,0,71,0,0,0,71
05/09/2003,MGW,WV,AEA,CE,Federal Contract Tower,0,10,12,0,22,0,4,6,0,10,0,14,18,0,32,0,0,0,32
05/10/2003,MGW,WV,AEA,CE,Federal Contract Tower,0,6,4,0,10,0,5,3,0,8,0,11,7,0,18,18,0,18,36
05/11/2003,MGW,WV,AEA,CE,Federal Contract Tower,0,12,0,0,12,0,9,4,0,13,0,21,4,0,25,0,0,0,25
05/12/2003,MGW,WV,AEA,CE,Federal Contract Tower,0,14,9,0,23,0,4,4,0,8,0,18,13,0,31,0,0,0,31
05/13/2003,MGW,WV,AEA,CE,Federal Contract Tower,0,11,10,4,25,0,28,20,8,56,0,39,30,12,81,4,0,4,85
05/14/2003,MGW,WV,AEA,CE,Federal Contract Tower,0,11,7,0,18,0,22,75,0,97,0,33,82,0,115,26,0,26,141
05/15/2003,MGW,WV,AEA,CE,Federal Contract Tower,0,12,9,2,23,0,4,28,0,32,0,16,37,2,55,10,0,10,65
05/16/2003,MGW,WV,AEA,CE,Federal Contract Tower,0,12,8,11,31,0,5,27,16,48,0,17,35,27,79,22,8,30,109
05/17/2003,MGW,WV,AEA,CE,Federal Contract Tower,0,10,6,2,18,0,10,9,3,22,0,20,15,5,40,4,0,4,44
05/18/2003,MGW,WV,AEA,CE,Federal Contract Tower,0,12,8,0,20,0,1,12,12,25,0,13,20,12,45,30,0,30,75
05/19/2003,MGW,WV,AEA,CE,Federal Contract Tower,0,11,9,2,22,0,16,40,10,66,0,27,49,12,88,12,0,12,100
05/20/2003,MGW,WV,AEA,CE,Federal Contract Tower,0,10,16,3,29,0,18,25,7,50,0,28,41,10,79,2,0,2,81
05/21/2003,MGW,WV,AEA,CE,Federal Contract Tower,0,15,23,3,41,0,5,30,3,38,0,20,53,6,79,0,0,0,79
05/22/2003,MGW,WV,AEA,CE,Federal Contract Tower,0,18,18,8,44,0,6,21,28,55,0,24,39,36,99,24,2,26,125
05/23/2003,MGW,WV,AEA,CE,Federal Contract Tower,0,10,4,4,18,0,15,11,20,46,0,25,15,24,64,4,10,14,78
05/24/2003,MGW,WV,AEA,CE,Federal Contract Tower,0,7,3,0,10,0,15,44,1,60,0,22,47,1,70,32,0,32,102
05/25/2003,MGW,WV,AEA,CE,Federal Contract Tower,0,8,7,0,15,0,14,26,0,40,0,22,33,0,55,12,0,12,67
05/26/2003,MGW,WV,AEA,CE,Federal Contract Tower,0,12,13,1,26,0,35,24,20,79,0,47,37,21,105,0,0,0,105
05/27/2003,MGW,WV,AEA,CE,Federal Contract Tower,0,12,15,0,27,0,35,41,2,78,0,47,56,2,105,2,0,2,107
05/28/2003,MGW,WV,AEA,CE,Federal Contract Tower,0,12,14,6,32,0,13,40,7,60,0,25,54,13,92,8,0,8,100
05/29/2003,MGW,WV,AEA,CE,Federal Contract Tower,0,10,9,2,21,0,12,20,2,34,0,22,29,4,55,22,6,28,83
05/30/2003,MGW,WV,AEA,CE,Federal Contract Tower,0,13,6,0,19,0,14,39,8,61,0,27,45,8,80,30,0,30,110
05/31/2003,MGW,WV,AEA,CE,Federal Contract Tower,0,6,3,0,9,0,2,0,4,6,0,8,3,4,15,24,0,24,39
06/01/2003,MGW,WV,AEA,CE,Federal Contract Tower,0,10,12,0,22,0,5,38,0,43,0,15,50,0,65,2,0,2,67
06/02/2003,MGW,WV,AEA,CE,Federal Contract Tower,0,8,13,0,21,0,37,73,8,118,0,45,86,8,139,28,0,28,167
06/03/2003,MGW,WV,AEA,CE,Federal Contract Tower,0,11,15,1,27,0,10,18,1,29,0,21,33,2,56,0,0,0,56
06/04/2003,MGW,WV,AEA,CE,Federal Contract Tower,0,11,9,0,20,0,5,18,0,23,0,16,27,0,43,24,0,24,67
06/05/2003,MGW,WV,AEA,CE,Federal Contract Tower,0,16,17,5,38,0,17,36,3,56,0,33,53,8,94,4,0,4,98
06/06/2003,MGW,WV,AEA,CE,Federal Contract Tower,0,11,15,3,29,0,19,76,6,101,0,30,91,9,130,54,0,54,184
06/07/2003,MGW,WV,AEA,CE,Federal Contract Tower,0,4,9,0,13,0,12,4,0,16,0,16,13,0,29,0,0,0,29
06/08/2003,MGW,WV,AEA,CE,Federal Contract Tower,0,12,6,6,24,0,3,44,4,51,0,15,50,10,75,16,0,16,91
06/09/2003,MGW,WV,AEA,CE,Federal Contract Tower,0,10,12,0,22,0,11,25,2,38,0,21,37,2,60,20,0,20,80
06/10/2003,MGW,WV,AEA,CE,Federal Contract Tower,0,10,15,5,30,0,9,66,1,76,0,19,81,6,106,38,0,38,144
06/11/2003,MGW,WV,AEA,CE,Federal Contract Tower,0,12,18,3,33,0,22,38,3,63,0,34,56,6,96,0,0,0,96
06/12/2003,MGW,WV,AEA,CE,Federal Contract Tower,0,12,8,2,22,0,8,41,0,49,0,20,49,2,71,14,0,14,85
06/13/2003,MGW,WV,AEA,CE,Federal Contract Tower,0,11,11,3,25,0,9,14,1,24,0,20,25,4,49,0,0,0,49
06/14/2003,MGW,WV,AEA,CE,Federal Contract Tower,0,7,5,1,13,0,7,23,1,31,0,14,28,2,44,22,0,22,66
06/15/2003,MGW,WV,AEA,CE,Federal Contract Tower,0,10,10,0,20,0,0,7,0,7,0,10,17,0,27,2,0,2,29
06/16/2003,MGW,WV,AEA,CE,Federal Contract Tower,0,11,27,7,45,0,19,55,8,82,0,30,82,15,127,20,0,20,147
06/17/2003,MGW,WV,AEA,CE,Federal Contract Tower,0,13,9,2,24,0,11,8,0,19,0,24,17,2,43,0,0,0,43
06/18/2003,MGW,WV,AEA,CE,Federal Contract Tower,0,11,9,0,20,0,42,34,0,76,0,53,43,0,96,0,0,0,96
06/19/2003,MGW,WV,AEA,CE,Federal Contract Tower,0,12,10,2,24,0,6,7,4,17,0,18,17,6,41,2,0,2,43
06/20/2003,MGW,WV,AEA,CE,Federal Contract Tower,0,11,15,6,32,0,3,11,4,18,0,14,26,10,50,6,0,6,56
06/21/2003,MGW,WV,AEA,CE,Federal Contract Tower,0,4,13,0,17,0,3,10,0,13,0,7,23,0,30,0,0,0,30
06/22/2003,MGW,WV,AEA,CE,Federal Contract Tower,0,12,7,0,19,0,9,78,31,118,0,21,85,31,137,62,0,62,199
06/23/2003,MGW,WV,AEA,CE,Federal Contract Tower,0,17,7,0,24,0,8,49,8,65,0,25,56,8,89,28,6,34,123
06/24/2003,MGW,WV,AEA,CE,Federal Contract Tower,0,14,17,0,31,0,30,98,6,134,0,44,115,6,165,46,0,46,211
06/25/2003,MGW,WV,AEA,CE,Federal Contract Tower,0,11,12,2,25,0,11,62,0,73,0,22,74,2,98,44,0,44,142
06/26/2003,MGW,WV,AEA,CE,Federal Contract Tower,0,14,17,2,33,0,15,28,8,51,0,29,45,10,84,20,0,20,104
06/27/2003,MGW,WV,AEA,CE,Federal Contract Tower,0,11,16,0,27,0,14,17,0,31,0,25,33,0,58,18,0,18,76
06/28/2003,MGW,WV,AEA,CE,Federal Contract Tower,0,7,11,0,18,0,15,50,8,73,0,22,61,8,91,48,0,48,139
06/29/2003,MGW,WV,AEA,CE,Federal Contract Tower,0,11,10,0,21,0,23,55,2,80,0,34,65,2,101,32,0,32,133
06/30/2003,MGW,WV,AEA,CE,Federal Contract Tower,0,11,14,0,25,0,29,39,7,75,0,40,53,7,100,0,8,8,108
07/01/2003,MGW,WV,AEA,CE,Federal Contract Tower,0,20,8,2,30,0,34,38,0,72,0,54,46,2,102,28,0,28,130
07/02/2003,MGW,WV,AEA,CE,Federal Contract Tower,0,15,8,0,23,0,24,37,0,61,0,39,45,0,84,26,0,26,110
07/03/2003,MGW,WV,AEA,CE,Federal Contract Tower,0,9,7,0,16,0,26,45,0,71,0,35,52,0,87,18,0,18,105
07/04/2003,MGW,WV,AEA,CE,Federal Contract Tower,0,5,10,0,15,0,11,22,0,33,0,16,32,0,48,4,0,4,52
07/05/2003,MGW,WV,AEA,CE,Federal Contract Tower,0,4,6,0,10,0,22,18,0,40,0,26,24,0,50,6,0,6,56
07/06/2003,MGW,WV,AEA,CE,Federal Contract Tower,0,10,13,0,23,0,32,30,0,62,0,42,43,0,85,22,0,22,107
07/07/2003,MGW,WV,AEA,CE,Federal Contract Tower,0,10,7,0,17,0,5,17,0,22,0,15,24,0,39,4,0,4,43
07/08/2003,MGW,WV,AEA,CE,Federal Contract Tower,0,15,18,3,36,0,5,41,14,60,0,20,59,17,96,30,4,34,130
07/09/2003,MGW,WV,AEA,CE,Federal Contract Tower,0,15,21,0,36,0,4,14,2,20,0,19,35,2,56,0,0,0,56
07/10/2003,MGW,WV,AEA,CE,Federal Contract Tower,0,11,17,6,34,0,4,20,4,28,0,15,37,10,62,6,0,6,68
07/11/2003,MGW,WV,AEA,CE,Federal Contract Tower,0,12,13,2,27,0,11,28,2,41,0,23,41,4,68,0,0,0,68
07/12/2003,MGW,WV,AEA,CE,Federal Contract Tower,0,4,13,1,18,0,7,25,3,35,0,11,38,4,53,38,0,38,91
07/13/2003,MGW,WV,AEA,CE,Federal Contract Tower,0,10,5,1,16,0,18,61,6,85,0,28,66,7,101,46,0,46,147
07/14/2003,MGW,WV,AEA,CE,Federal Contract Tower,0,12,25,0,37,0,43,45,0,88,0,55,70,0,125,36,0,36,161
07/15/2003,MGW,WV,AEA,CE,Federal Contract Tower,0,12,11,0,23,0,15,45,10,70,0,27,56,10,93,36,0,36,129
07/16/2003,MGW,WV,AEA,CE,Federal Contract Tower,0,10,16,0,26,0,9,37,4,50,0,19,53,4,76,18,0,18,94
07/17/2003,MGW,WV,AEA,CE,Federal Contract Tower,0,14,12,0,26,0,11,41,2,54,0,25,53,2,80,14,10,24,104
07/18/2003,MGW,WV,AEA,CE,Federal Contract Tower,0,15,21,2,38,0,9,34,4,47,0,24,55,6,85,24,0,24,109
07/19/2003,MGW,WV,AEA,CE,Federal Contract Tower,0,5,6,0,11,0,10,90,1,101,0,15,96,1,112,20,0,20,132
07/20/2003,MGW,WV,AEA,CE,Federal Contract Tower,0,11,11,1,23,0,17,66,1,84,0,28,77,2,107,66,0,66,173
07/21/2003,MGW,WV,AEA,CE,Federal Contract Tower,0,0,8,0,8,0,31,32,0,63,0,31,40,0,71,40,0,40,111
07/22/2003,MGW,WV,AEA,CE,Federal Contract Tower,0,10,7,0,17,0,19,26,0,45,0,29,33,0,62,0,0,0,62
07/23/2003,MGW,WV,AEA,CE,Federal Contract Tower,0,15,9,0,24,0,4,14,0,18,0,19,23,0,42,12,0,12,54
07/24/2003,MGW,WV,AEA,CE,Federal Contract Tower,0,12,21,1,34,0,21,33,1,55,0,33,54,2,89,16,0,16,105
07/25/2003,MGW,WV,AEA,CE,Federal Contract Tower,0,12,10,3,25,0,15,53,4,72,0,27,63,7,97,82,0,82,179
07/26/2003,MGW,WV,AEA,CE,Federal Contract Tower,0,5,14,0,19,0,13,77,5,95,0,18,91,5,114,32,0,32,146
07/27/2003,MGW,WV,AEA,CE,Federal Contract Tower,0,10,9,0,19,0,10,39,0,49,0,20,48,0,68,14,0,14,82
07/28/2003,MGW,WV,AEA,CE,Federal Contract Tower,0,10,15,0,25,0,0,0,0,0,0,10,15,0,25,0,0,0,25
07/29/2003,MGW,WV,AEA,CE,Federal Contract Tower,0,11,13,0,24,0,17,29,0,46,0,28,42,0,70,76,0,76,146
07/30/2003,MGW,WV,AEA,CE,Federal Contract Tower,0,11,16,1,28,0,24,37,1,62,0,35,53,2,90,18,0,18,108
07/31/2003,MGW,WV,AEA,CE,Federal Contract Tower,0,15,20,1,36,0,12,14,3,29,0,27,34,4,65,0,0,0,65
08/01/2003,MGW,WV,AEA,CE,Federal Contract Tower,0,9,22,1,32,0,14,22,1,37,0,23,44,2,69,0,0,0,69
08/02/2003,MGW,WV,AEA,CE,Federal Contract Tower,0,9,5,0,14,0,15,40,0,55,0,24,45,0,69,10,0,10,79
08/03/2003,MGW,WV,AEA,CE,Federal Contract Tower,0,10,25,1,36,0,6,15,1,22,0,16,40,2,58,0,0,0,58
08/04/2003,MGW,WV,AEA,CE,Federal Contract Tower,0,12,7,0,19,0,12,23,2,37,0,24,30,2,56,0,0,0,56
08/05/2003,MGW,WV,AEA,CE,Federal Contract Tower,0,14,14,2,30,0,22,36,2,60,0,36,50,4,90,34,0,34,124
08/06/2003,MGW,WV,AEA,CE,Federal Contract Tower,0,12,15,6,33,0,11,22,4,37,0,23,37,10,70,22,0,22,92
08/07/2003,MGW,WV,AEA,CE,Federal Contract Tower,0,11,9,5,25,0,5,31,2,38,0,16,40,7,63,6,0,6,69
08/08/2003,MGW,WV,AEA,CE,Federal Contract Tower,0,13,9,4,26,0,8,9,2,19,0,21,18,6,45,0,0,0,45
08/09/2003,MGW,WV,AEA,CE,Federal Contract Tower,0,7,9,0,16,0,5,12,0,17,0,12,21,0,33,0,0,0,33
08/10/2003,MGW,WV,AEA,CE,Federal Contract Tower,0,9,10,0,19,0,15,8,0,23,0,24,18,0,42,0,0,0,42
08/11/2003,MGW,WV,AEA,CE,Federal Contract Tower,0,11,12,4,27,0,4,6,4,14,0,15,18,8,41,0,0,0,41
08/12/2003,MGW,WV,AEA,CE,Federal Contract Tower,0,10,8,0,18,0,11,22,6,39,0,21,30,6,57,38,0,38,95
08/13/2003,MGW,WV,AEA,CE,Federal Contract Tower,0,12,14,4,30,0,26,48,11,85,0,38,62,15,115,28,24,52,167
08/14/2003,MGW,WV,AEA,CE,Federal Contract Tower,0,14,18,6,38,0,18,41,14,73,0,32,59,20,111,2,0,2,113
08/15/2003,MGW,WV,AEA,CE,Federal Contract Tower,0,13,19,5,37,0,17,36,5,58,0,30,55,10,95,2,0,2,97
08/16/2003,MGW,WV,AEA,CE,Federal Contract Tower,0,7,7,0,14,0,7,9,0,16,0,14,16,0,30,0,0,0,30
08/17/2003,MGW,WV,AEA,CE,Federal Contract Tower,0,11,14,0,25,0,28,45,0,73,0,39,59,0,98,40,0,40,138
08/18/2003,MGW,WV,AEA,CE,Federal Contract Tower,0,7,13,0,20,0,13,36,0,49,0,20,49,0,69,14,0,14,83
08/19/2003,MGW,WV,AEA,CE,Federal Contract Tower,0,10,22,1,33,0,42,50,3,95,0,52,72,4,128,48,0,48,176
08/20/2003,MGW,WV,AEA,CE,Federal Contract Tower,0,10,13,1,24,0,20,59,10,89,0,30,72,11,113,30,0,30,143
08/21/2003,MGW,WV,AEA,CE,Federal Contract Tower,0,11,18,2,31,0,23,37,4,64,0,34,55,6,95,30,0,30,125
08/22/2003,MGW,WV,AEA,CE,Federal Contract Tower,0,12,16,0,28,0,7,24,0,31,0,19,40,0,59,30,0,30,89
08/23/2003,MGW,WV,AEA,CE,Federal Contract Tower,0,6,10,0,16,0,12,36,4,52,0,18,46,4,68,26,4,30,98
08/24/2003,MGW,WV,AEA,CE,Federal Contract Tower,0,10,6,0,16,0,9,64,0,73,0,19,70,0,89,14,0,14,103
08/25/2003,MGW,WV,AEA,CE,Federal Contract Tower,0,15,10,1,26,0,13,34,5,52,0,28,44,6,78,0,0,0,78
08/26/2003,MGW,WV,AEA,CE,Federal Contract Tower,0,19,9,0,28,0,41,20,0,61,0,60,29,0,89,0,0,0,89
08/27/2003,MGW,WV,AEA,CE,Federal Contract Tower,0,9,9,0,18,0,3,9,0,12,0,12,18,0,30,0,0,0,30
08/28/2003,MGW,WV,AEA,CE,Federal Contract Tower,0,11,17,0,28,0,7,23,7,37,0,18,40,7,65,2,0,2,67
08/29/2003,MGW,WV,AEA,CE,Federal Contract Tower,0,10,7,0,17,0,4,15,0,19,0,14,22,0,36,0,0,0,36
08/30/2003,MGW,WV,AEA,CE,Federal Contract Tower,0,10,31,0,41,0,2,38,0,40,0,12,69,0,81,0,0,0,81
08/31/2003,MGW,WV,AEA,CE,Federal Contract Tower,0,8,4,0,12,0,12,41,0,53,0,20,45,0,65,18,0,18,83
09/01/2003,MGW,WV,AEA,CE,Federal Contract Tower,0,10,14,0,24,0,6,24,0,30,0,16,38,0,54,22,0,22,76
09/02/2003,MGW,WV,AEA,CE,Federal Contract Tower,0,7,4,0,11,0,3,10,0,13,0,10,14,0,24,0,0,0,24
09/03/2003,MGW,WV,AEA,CE,Federal Contract Tower,0,10,10,0,20,0,3,23,0,26,0,13,33,0,46,0,0,0,46
09/04/2003,MGW,WV,AEA,CE,Federal Contract Tower,0,14,13,0,27,0,22,15,2,39,0,36,28,2,66,12,0,12,78
09/05/2003,MGW,WV,AEA,CE,Federal Contract Tower,0,12,19,4,35,0,15,51,6,72,0,27,70,10,107,8,0,8,115
09/06/2003,MGW,WV,AEA,CE,Federal Contract Tower,0,6,13,2,21,0,8,54,0,62,0,14,67,2,83,16,0,16,99
09/07/2003,MGW,WV,AEA,CE,Federal Contract Tower,0,11,14,8,33,0,27,68,2,97,0,38,82,10,130,36,0,36,166
09/08/2003,MGW,WV,AEA,CE,Federal Contract Tower,0,15,6,2,23,0,19,42,4,65,0,34,48,6,88,52,0,52,140
09/09/2003,MGW,WV,AEA,CE,Federal Contract Tower,0,14,17,0,31,0,31,53,0,84,0,45,70,0,115,24,0,24,139
09/10/2003,MGW,WV,AEA,CE,Federal Contract Tower,0,11,14,3,28,0,23,77,3,103,0,34,91,6,131,80,0,80,211
09/11/2003,MGW,WV,AEA,CE,Federal Contract Tower,0,13,15,4,32,0,33,53,2,88,0,46,68,6,120,50,0,50,170
09/12/2003,MGW,WV,AEA,CE,Federal Contract Tower,0,11,32,4,47,0,25,64,11,100,0,36,96,15,147,36,8,44,191
09/13/2003,MGW,WV,AEA,CE,Federal Contract Tower,0,7,18,0,25,0,15,130,2,147,0,22,148,2,172,8,0,8,180
09/14/2003,MGW,WV,AEA,CE,Federal Contract Tower,0,16,16,0,32,0,14,99,4,117,0,30,115,4,149,42,0,42,191
09/15/2003,MGW,WV,AEA,CE,Federal Contract Tower,0,18,16,3,37,0,2,22,2,26,0,20,38,5,63,0,0,0,63
09/16/2003,MGW,WV,AEA,CE,Federal Contract Tower,0,27,50,3,80,0,22,83,9,114,0,49,133,12,194,32,0,32,226
09/17/2003,MGW,WV,AEA,CE,Federal Contract Tower,0,13,12,4,29,0,25,79,17,121,0,38,91,21,150,96,0,96,246
09/18/2003,MGW,WV,AEA,CE,Federal Contract Tower,0,9,19,0,28,0,11,18,0,29,0,20,37,0,57,0,0,0,57
09/19/2003,MGW,WV,AEA,CE,Federal Contract Tower,0,9,5,0,14,0,2,13,0,15,0,11,18,0,29,0,0,0,29
09/20/2003,MGW,WV,AEA,CE,Federal Contract Tower,0,10,9,3,22,0,20,43,3,66,0,30,52,6,88,28,0,28,116
09/21/2003,MGW,WV,AEA,CE,Federal Contract Tower,0,38,22,1,61,0,39,51,4,94,0,77,73,5,155,32,0,32,187
09/22/2003,MGW,WV,AEA,CE,Federal Contract Tower,0,14,17,1,32,0,12,11,3,26,0,26,28,4,58,0,0,0,58
09/23/2003,MGW,WV,AEA,CE,Federal Contract Tower,0,9,8,6,23,0,22,41,6,69,0,31,49,12,92,0,0,0,92
09/24/2003,MGW,WV,AEA,CE,Federal Contract Tower,0,10,11,4,25,0,24,66,2,92,0,34,77,6,117,54,0,54,171
09/25/2003,MGW,WV,AEA,CE,Federal Contract Tower,0,4,15,3,22,0,28,21,3,52,0,32,36,6,74,0,0,0,74
09/26/2003,MGW,WV,AEA,CE,Federal Contract Tower,0,12,20,6,38,0,8,21,20,49,0,20,41,26,87,38,0,38,125
09/27/2003,MGW,WV,AEA,CE,Federal Contract Tower,0,4,1,0,5,0,0,5,0,5,0,4,6,0,10,8,0,8,18
09/28/2003,MGW,WV,AEA,CE,Federal Contract Tower,0,12,14,2,28,0,5,19,1,25,0,17,33,3,53,14,0,14,67
09/29/2003,MGW,WV,AEA,CE,Federal Contract Tower,0,15,16,0,31,0,12,28,2,42,0,27,44,2,73,0,0,0,73
09/30/2003,MGW,WV,AEA,CE,Federal Contract Tower,0,15,7,0,22,0,27,59,4,90,0,42,66,4,112,6,0,6,118
10/01/2003,MGW,WV,AEA,CE,Federal Contract Tower,0,12,17,4,33,0,11,22,4,37,0,23,39,8,70,16,2,18,88
10/02/2003,MGW,WV,AEA,CE,Federal Contract Tower,0,12,17,2,31,0,17,50,18,85,0,29,67,20,116,6,0,6,122
10/03/2003,MGW,WV,AEA,CE,Federal Contract Tower,0,10,25,3,38,0,19,46,33,98,0,29,71,36,136,20,12,32,168
10/04/2003,MGW,WV,AEA,CE,Federal Contract Tower,0,5,8,2,15,0,11,9,1,21,0,16,17,3,36,16,0,16,52
10/05/2003,MGW,WV,AEA,CE,Federal Contract Tower,0,9,11,4,24,0,9,61,24,94,0,18,72,28,118,34,0,34,152
10/06/2003,MGW,WV,AEA,CE,Federal Contract Tower,0,11,11,1,23,0,10,49,0,59,0,21,60,1,82,30,0,30,112
10/07/2003,MGW,WV,AEA,CE,Federal Contract Tower,0,10,16,0,26,0,22,62,2,86,0,32,78,2,112,16,0,16,128
10/08/2003,MGW,WV,AEA,CE,Federal Contract Tower,0,12,18,3,33,0,16,46,1,63,0,28,64,4,96,8,0,8,104
10/09/2003,MGW,WV,AEA,CE,Federal Contract Tower,0,10,12,1,23,0,14,44,4,62,0,24,56,5,85,14,0,14,99
10/10/2003,MGW,WV,AEA,CE,Federal Contract Tower,0,13,37,0,50,0,26,32,0,58,0,39,69,0,108,10,0,10,118
10/11/2003,MGW,WV,AEA,CE,Federal Contract Tower,0,6,16,0,22,0,28,70,0,98,0,34,86,0,120,8,0,8,128
10/12/2003,MGW,WV,AEA,CE,Federal Contract Tower,0,12,7,0,19,0,8,40,0,48,0,20,47,0,67,14,0,14,81
10/13/2003,MGW,WV,AEA,CE,Federal Contract Tower,0,14,14,0,28,0,22,55,0,77,0,36,69,0,105,18,0,18,123
10/14/2003,MGW,WV,AEA,CE,Federal Contract Tower,0,14,7,0,21,0,7,15,0,22,0,21,22,0,43,0,0,0,43
10/15/2003,MGW,WV,AEA,CE,Federal Contract Tower,0,12,10,3,25,0,8,11,1,20,0,20,21,4,45,0,0,0,45
10/16/2003,MGW,WV,AEA,CE,Federal Contract Tower,0,12,16,2,30,0,9,26,5,40,0,21,42,7,70,16,0,16,86
10/17/2003,MGW,WV,AEA,CE,Federal Contract Tower,0,6,23,0,29,0,1,9,0,10,0,7,32,0,39,0,0,0,39
10/18/2003,MGW,WV,AEA,CE,Federal Contract Tower,0,5,12,0,17,0,8,19,0,27,0,13,31,0,44,12,0,12,56
10/19/2003,MGW,WV,AEA,CE,Federal Contract Tower,0,9,14,0,23,0,14,51,5,70,0,23,65,5,93,20,0,20,113
10/20/2003,MGW,WV,AEA,CE,Federal Contract Tower,0,10,16,1,27,0,10,23,1,34,0,20,39,2,61,6,0,6,67
10/21/2003,MGW,WV,AEA,CE,Federal Contract Tower,0,10,20,0,30,0,21,13,0,34,0,31,33,0,64,0,0,0,64
10/22/2003,MGW,WV,AEA,CE,Federal Contract Tower,0,11,46,0,57,0,11,44,0,55,0,22,90,0,112,42,0,42,154
10/23/2003,MGW,WV,AEA,CE,Federal Contract Tower,0,11,30,0,41,0,26,15,4,45,0,37,45,4,86,10,0,10,96
10/24/2003,MGW,WV,AEA,CE,Federal Contract Tower,0,14,10,2,26,0,18,59,5,82,0,32,69,7,108,32,2,34,142
10/25/2003,MGW,WV,AEA,CE,Federal Contract Tower,0,7,5,0,12,0,11,40,2,53,0,18,45,2,65,20,0,20,85
10/26/2003,MGW,WV,AEA,CE,Federal Contract Tower,0,11,12,0,23,0,13,15,0,28,0,24,27,0,51,86,0,86,137
10/27/2003,MGW,WV,AEA,CE,Federal Contract Tower,0,15,17,0,32,0,11,5,3,19,0,26,22,3,51,36,0,36,87
10/28/2003,MGW,WV,AEA,CE,Federal Contract Tower,0,12,19,4,35,0,9,28,8,45,0,21,47,12,80,24,0,24,104
10/29/2003,MGW,WV,AEA,CE,Federal Contract Tower,0,11,17,1,29,0,21,11,1,33,0,32,28,2,62,42,0,42,104
10/30/2003,MGW,WV,AEA,CE,Federal Contract Tower,0,11,17,3,31,0,19,45,8,72,0,30,62,11,103,18,0,18,121
10/31/2003,MGW,WV,AEA,CE,Federal Contract Tower,0,10,18,4,32,0,52,37,7,96,0,62,55,11,128,38,0,38,166
11/01/2003,MGW,WV,AEA,CE,Federal Contract Tower,0,6,18,0,24,0,11,151,0,162,0,17,169,0,186,12,0,12,198
11/02/2003,MGW,WV,AEA,CE,Federal Contract Tower,0,9,15,2,26,0,20,50,0,70,0,29,65,2,96,22,0,22,118
11/03/2003,MGW,WV,AEA,CE,Federal Contract Tower,0,12,21,0,33,0,28,54,4,86,0,40,75,4,119,132,0,132,251
11/04/2003,MGW,WV,AEA,CE,Federal Contract Tower,0,10,9,0,19,0,20,64,4,88,0,30,73,4,107,32,0,32,139
11/05/2003,MGW,WV,AEA,CE,Federal Contract Tower,0,10,19,0,29,0,3,7,0,10,0,13,26,0,39,0,0,0,39
11/06/2003,MGW,WV,AEA,CE,Federal Contract Tower,0,12,13,0,25,0,0,1,0,1,0,12,14,0,26,0,0,0,26
11/07/2003,MGW,WV,AEA,CE,Federal Contract Tower,0,15,12,0,27,0,11,51,4,66,0,26,63,4,93,0,0,0,93
11/08/2003,MGW,WV,AEA,CE,Federal Contract Tower,0,7,8,2,17,0,13,68,4,85,0,20,76,6,102,38,0,38,140
11/09/2003,MGW,WV,AEA,CE,Federal Contract Tower,0,11,18,0,29,0,16,61,4,81,0,27,79,4,110,22,0,22,132
11/10/2003,MGW,WV,AEA,CE,Federal Contract Tower,0,10,3,2,15,0,12,39,0,51,0,22,42,2,66,56,0,56,122
11/11/2003,MGW,WV,AEA,CE,Federal Contract Tower,0,10,14,6,30,0,0,2,2,4,0,10,16,8,34,0,0,0,34
11/12/2003,MGW,WV,AEA,CE,Federal Contract Tower,0,13,6,2,21,0,2,13,2,17,0,15,19,4,38,0,0,0,38
11/13/2003,MGW,WV,AEA,CE,Federal Contract Tower,0,11,7,0,18,0,4,0,0,4,0,15,7,0,22,0,0,0,22
11/14/2003,MGW,WV,AEA,CE,Federal Contract Tower,0,18,27,13,58,0,24,56,23,103,0,42,83,36,161,38,0,38,199
11/15/2003,MGW,WV,AEA,CE,Federal Contract Tower,0,5,15,0,20,0,14,114,4,132,0,19,129,4,152,78,0,78,230
11/16/2003,MGW,WV,AEA,CE,Federal Contract Tower,0,10,20,5,35,0,5,41,5,51,0,15,61,10,86,54,0,54,140
11/17/2003,MGW,WV,AEA,CE,Federal Contract Tower,0,11,9,0,20,0,16,51,0,67,0,27,60,0,87,32,0,32,119
11/18/2003,MGW,WV,AEA,CE,Federal Contract Tower,0,10,18,0,28,0,4,21,0,25,0,14,39,0,53,2,0,2,55
11/19/2003,MGW,WV,AEA,CE,Federal Contract Tower,0,10,11,0,21,0,0,5,0,5,0,10,16,0,26,2,0,2,28
11/20/2003,MGW,WV,AEA,CE,Federal Contract Tower,0,12,26,0,38,0,12,32,0,44,0,24,58,0,82,4,0,4,86
11/21/2003,MGW,WV,AEA,CE,Federal Contract Tower,0,12,14,4,30,0,23,36,4,63,0,35,50,8,93,28,0,28,121
11/22/2003,MGW,WV,AEA,CE,Federal Contract Tower,0,7,10,1,18,0,58,73,7,138,0,65,83,8,156,42,0,42,198
11/23/2003,MGW,WV,AEA,CE,Federal Contract Tower,0,11,15,0,26,0,25,54,0,79,0,36,69,0,105,70,0,70,175
11/24/2003,MGW,WV,AEA,CE,Federal Contract Tower,0,10,11,0,21,0,4,6,0,10,0,14,17,0,31,0,0,0,31
11/25/2003,MGW,WV,AEA,CE,Federal Contract Tower,0,8,18,0,26,0,24,40,2,66,0,32,58,2,92,8,0,8,100
11/26/2003,MGW,WV,AEA,CE,Federal Contract Tower,0,11,12,0,23,0,12,15,0,27,0,23,27,0,50,0,0,0,50
11/27/2003,MGW,WV,AEA,CE,Federal Contract Tower,0,5,2,0,7,0,9,13,0,22,0,14,15,0,29,0,0,0,29
11/28/2003,MGW,WV,AEA,CE,Federal Contract Tower,0,4,4,0,8,0,7,0,0,7,0,11,4,0,15,4,0,4,19
11/29/2003,MGW,WV,AEA,CE,Federal Contract Tower,0,10,18,0,28,0,2,5,0,7,0,12,23,0,35,0,0,0,35
11/30/2003,MGW,WV,AEA,CE,Federal Contract Tower,0,10,24,0,34,0,6,31,0,37,0,16,55,0,71,0,0,0,71
12/01/2003,MGW,WV,AEA,CE,Federal Contract Tower,0,9,11,0,20,0,4,1,2,7,0,13,12,2,27,0,0,0,27
12/02/2003,MGW,WV,AEA,CE,Federal Contract Tower,0,10,14,4,28,0,4,31,2,37,0,14,45,6,65,2,8,10,75
12/03/2003,MGW,WV,AEA,CE,Federal Contract Tower,0,11,14,1,26,0,9,32,6,47,0,20,46,7,73,0,0,0,73
12/04/2003,MGW,WV,AEA,CE,Federal Contract Tower,0,10,21,0,31,0,6,22,0,28,0,16,43,0,59,0,0,0,59
12/05/2003,MGW,WV,AEA,CE,Federal Contract Tower,0,9,8,0,17,0,4,8,0,12,0,13,16,0,29,0,0,0,29
12/06/2003,MGW,WV,AEA,CE,Federal Contract Tower,0,9,6,1,16,0,18,9,3,30,0,27,15,4,46,0,0,0,46
12/07/2003,MGW,WV,AEA,CE,Federal Contract Tower,0,10,6,0,16,0,4,11,14,29,0,14,17,14,45,6,0,6,51
12/08/2003,MGW,WV,AEA,CE,Federal Contract Tower,0,10,16,2,28,0,12,30,2,44,0,22,46,4,72,14,0,14,86
12/09/2003,MGW,WV,AEA,CE,Federal Contract Tower,0,10,21,3,34,0,12,9,3,24,0,22,30,6,58,10,0,10,68
12/10/2003,MGW,WV,AEA,CE,Federal Contract Tower,0,16,24,0,40,0,18,24,0,42,0,34,48,0,82,0,0,0,82
12/11/2003,MGW,WV,AEA,CE,Federal Contract Tower,0,11,17,0,28,0,1,1,0,2,0,12,18,0,30,0,0,0,30
12/12/2003,MGW,WV,AEA,CE,Federal Contract Tower,0,12,17,4,33,0,12,42,6,60,0,24,59,10,93,14,10,24,117
12/13/2003,MGW,WV,AEA,CE,Federal Contract Tower,0,8,12,0,20,0,13,64,4,81,0,21,76,4,101,4,10,14,115
12/14/2003,MGW,WV,AEA,CE,Federal Contract Tower,0,0,0,0,0,0,0,0,0,0,0,0,0,0,0,0,0,0,0
12/15/2003,MGW,WV,AEA,CE,Federal Contract Tower,0,12,13,0,25,0,2,0,0,2,0,14,13,0,27,0,0,0,27
12/16/2003,MGW,WV,AEA,CE,Federal Contract Tower,0,10,4,0,14,0,7,74,6,87,0,17,78,6,101,40,0,40,141
12/17/2003,MGW,WV,AEA,CE,Federal Contract Tower,0,14,7,3,24,0,1,0,0,1,0,15,7,3,25,0,0,0,25
12/18/2003,MGW,WV,AEA,CE,Federal Contract Tower,0,9,11,0,20,0,6,21,0,27,0,15,32,0,47,0,0,0,47
12/19/2003,MGW,WV,AEA,CE,Federal Contract Tower,0,11,10,0,21,0,0,3,0,3,0,11,13,0,24,0,0,0,24
12/20/2003,MGW,WV,AEA,CE,Federal Contract Tower,0,9,6,0,15,0,0,10,0,10,0,9,16,0,25,0,0,0,25
12/21/2003,MGW,WV,AEA,CE,Federal Contract Tower,0,8,12,0,20,0,11,23,0,34,0,19,35,0,54,0,0,0,54
12/22/2003,MGW,WV,AEA,CE,Federal Contract Tower,0,10,11,0,21,0,3,15,0,18,0,13,26,0,39,0,0,0,39
12/23/2003,MGW,WV,AEA,CE,Federal Contract Tower,0,12,3,0,15,0,33,22,4,59,0,45,25,4,74,24,0,24,98
12/24/2003,MGW,WV,AEA,CE,Federal Contract Tower,0,4,2,0,6,0,0,4,0,4,0,4,6,0,10,0,0,0,10
12/25/2003,MGW,WV,AEA,CE,Federal Contract Tower,0,8,0,0,8,0,8,0,0,8,0,16,0,0,16,0,0,0,16
12/26/2003,MGW,WV,AEA,CE,Federal Contract Tower,0,11,9,0,20,0,14,13,0,27,0,25,22,0,47,4,0,4,51
12/27/2003,MGW,WV,AEA,CE,Federal Contract Tower,0,5,6,0,11,0,28,63,0,91,0,33,69,0,102,18,0,18,120
12/28/2003,MGW,WV,AEA,CE,Federal Contract Tower,0,12,11,0,23,0,28,55,2,85,0,40,66,2,108,44,0,44,152
12/29/2003,MGW,WV,AEA,CE,Federal Contract Tower,0,11,7,0,18,0,21,45,4,70,0,32,52,4,88,10,0,10,98
12/30/2003,MGW,WV,AEA,CE,Federal Contract Tower,0,11,4,0,15,0,10,17,6,33,0,21,21,6,48,0,0,0,48
12/31/2003,MGW,WV,AEA,CE,Federal Contract Tower,0,7,6,0,13,0,27,37,0,64,0,34,43,0,77,22,0,22,99
01/01/2004,MGW,WV,AEA,CE,Federal Contract Tower,0,7,0,0,7,0,23,43,0,66,0,30,43,0,73,60,0,60,133
01/02/2004,MGW,WV,AEA,CE,Federal Contract Tower,0,12,15,0,27,0,0,0,0,0,0,12,15,0,27,0,0,0,27
01/03/2004,MGW,WV,AEA,CE,Federal Contract Tower,0,5,6,2,13,0,12,4,2,18,0,17,10,4,31,0,0,0,31
01/04/2004,MGW,WV,AEA,CE,Federal Contract Tower,0,9,6,0,15,0,0,0,0,0,0,9,6,0,15,0,0,0,15
01/05/2004,MGW,WV,AEA,CE,Federal Contract Tower,0,8,9,0,17,0,0,5,0,5,0,8,14,0,22,0,0,0,22
01/06/2004,MGW,WV,AEA,CE,Federal Contract Tower,0,8,9,5,22,0,11,15,1,27,0,19,24,6,49,0,0,0,49
01/07/2004,MGW,WV,AEA,CE,Federal Contract Tower,0,9,10,0,19,0,20,7,1,28,0,29,17,1,47,0,0,0,47
01/08/2004,MGW,WV,AEA,CE,Federal Contract Tower,0,11,11,0,22,0,18,30,5,53,0,29,41,5,75,18,0,18,93
01/09/2004,MGW,WV,AEA,CE,Federal Contract Tower,0,11,10,5,26,0,13,24,3,40,0,24,34,8,66,0,0,0,66
01/10/2004,MGW,WV,AEA,CE,Federal Contract Tower,0,6,6,0,12,0,26,26,4,56,0,32,32,4,68,14,0,14,82
01/11/2004,MGW,WV,AEA,CE,Federal Contract Tower,0,9,5,5,19,0,11,32,1,44,0,20,37,6,63,22,0,22,85
01/12/2004,MGW,WV,AEA,CE,Federal Contract Tower,0,12,10,0,22,0,11,17,5,33,0,23,27,5,55,0,0,0,55
01/13/2004,MGW,WV,AEA,CE,Federal Contract Tower,0,8,10,0,18,0,11,14,0,25,0,19,24,0,43,0,0,0,43
01/14/2004,MGW,WV,AEA,CE,Federal Contract Tower,0,14,11,4,29,0,24,26,2,52,0,38,37,6,81,0,0,0,81
01/15/2004,MGW,WV,AEA,CE,Federal Contract Tower,0,12,9,0,21,0,10,5,0,15,0,22,14,0,36,32,0,32,68
01/16/2004,MGW,WV,AEA,CE,Federal Contract Tower,0,9,9,0,18,0,6,17,2,25,0,15,26,2,43,0,0,0,43
01/17/2004,MGW,WV,AEA,CE,Federal Contract Tower,0,5,3,0,8,0,2,3,0,5,0,7,6,0,13,0,0,0,13
01/18/2004,MGW,WV,AEA,CE,Federal Contract Tower,0,10,1,0,11,0,0,0,0,0,0,10,1,0,11,0,0,0,11
01/19/2004,MGW,WV,AEA,CE,Federal Contract Tower,0,9,3,0,12,0,0,1,0,1,0,9,4,0,13,0,0,0,13
01/20/2004,MGW,WV,AEA,CE,Federal Contract Tower,0,10,18,2,30,0,12,16,4,32,0,22,34,6,62,4,0,4,66
01/21/2004,MGW,WV,AEA,CE,Federal Contract Tower,0,10,14,4,28,0,20,26,18,64,0,30,40,22,92,8,2,10,102
01/22/2004,MGW,WV,AEA,CE,Federal Contract Tower,0,15,8,0,23,0,11,3,0,14,0,26,11,0,37,0,0,0,37
01/23/2004,MGW,WV,AEA,CE,Federal Contract Tower,0,11,13,2,26,0,7,4,1,12,0,18,17,3,38,0,0,0,38
01/24/2004,MGW,WV,AEA,CE,Federal Contract Tower,0,16,0,2,18,0,7,0,0,7,0,23,0,2,25,0,0,0,25
01/25/2004,MGW,WV,AEA,CE,Federal Contract Tower,0,8,10,0,18,0,6,3,0,9,0,14,13,0,27,0,0,0,27
01/26/2004,MGW,WV,AEA,CE,Federal Contract Tower,0,5,3,0,8,0,2,0,0,2,0,7,3,0,10,0,0,0,10
01/27/2004,MGW,WV,AEA,CE,Federal Contract Tower,0,4,0,3,7,0,0,0,3,3,0,4,0,6,10,0,0,0,10
01/28/2004,MGW,WV,AEA,CE,Federal Contract Tower,0,8,6,0,14,0,6,7,0,13,0,14,13,0,27,0,0,0,27
01/29/2004,MGW,WV,AEA,CE,Federal Contract Tower,0,9,8,1,18,0,3,0,1,4,0,12,8,2,22,0,0,0,22
01/30/2004,MGW,WV,AEA,CE,Federal Contract Tower,0,13,14,0,27,0,10,4,0,14,0,23,18,0,41,0,0,0,41
01/31/2004,MGW,WV,AEA,CE,Federal Contract Tower,0,5,4,0,9,0,12,27,0,39,0,17,31,0,48,0,0,0,48
02/01/2004,MGW,WV,AEA,CE,Federal Contract Tower,0,11,4,3,18,0,26,40,9,75,0,37,44,12,93,46,24,70,163
02/02/2004,MGW,WV,AEA,CE,Federal Contract Tower,0,11,6,2,19,0,11,19,4,34,0,22,25,6,53,4,0,4,57
02/03/2004,MGW,WV,AEA,CE,Federal Contract Tower,0,10,4,3,17,0,2,3,1,6,0,12,7,4,23,0,0,0,23
02/04/2004,MGW,WV,AEA,CE,Federal Contract Tower,0,15,12,5,32,0,16,23,24,63,0,31,35,29,95,28,0,28,123
02/05/2004,MGW,WV,AEA,CE,Federal Contract Tower,0,7,13,12,32,0,11,14,14,39,0,18,27,26,71,0,0,0,71
02/06/2004,MGW,WV,AEA,CE,Federal Contract Tower,0,13,12,5,30,0,7,5,5,17,0,20,17,10,47,0,0,0,47
02/07/2004,MGW,WV,AEA,CE,Federal Contract Tower,0,4,0,0,4,0,0,0,0,0,0,4,0,0,4,0,0,0,4
02/08/2004,MGW,WV,AEA,CE,Federal Contract Tower,0,10,6,0,16,0,13,56,0,69,0,23,62,0,85,34,0,34,119
02/09/2004,MGW,WV,AEA,CE,Federal Contract Tower,0,10,8,4,22,0,12,16,2,30,0,22,24,6,52,4,0,4,56
02/10/2004,MGW,WV,AEA,CE,Federal Contract Tower,0,12,12,1,25,0,5,24,1,30,0,17,36,2,55,0,0,0,55
02/11/2004,MGW,WV,AEA,CE,Federal Contract Tower,0,12,18,7,37,0,18,36,11,65,0,30,54,18,102,6,0,6,108
02/12/2004,MGW,WV,AEA,CE,Federal Contract Tower,0,13,9,3,25,0,24,31,3,58,0,37,40,6,83,24,0,24,107
02/13/2004,MGW,WV,AEA,CE,Federal Contract Tower,2,11,10,1,24,0,11,14,3,28,2,22,24,4,52,8,0,8,60
02/14/2004,MGW,WV,AEA,CE,Federal Contract Tower,0,12,11,0,23,0,31,30,2,63,0,43,41,2,86,4,0,4,90
02/15/2004,MGW,WV,AEA,CE,Federal Contract Tower,0,8,4,0,12,0,16,23,0,39,0,24,27,0,51,0,0,0,51
02/16/2004,MGW,WV,AEA,CE,Federal Contract Tower,0,8,12,0,20,0,36,16,0,52,0,44,28,0,72,18,0,18,90
02/17/2004,MGW,WV,AEA,CE,Federal Contract Tower,0,14,7,3,24,0,25,23,0,48,0,39,30,3,72,0,0,0,72
02/18/2004,MGW,WV,AEA,CE,Federal Contract Tower,0,11,9,0,20,0,26,42,0,68,0,37,51,0,88,12,0,12,100
02/19/2004,MGW,WV,AEA,CE,Federal Contract Tower,0,13,11,0,24,0,33,38,3,74,0,46,49,3,98,14,0,14,112
02/20/2004,MGW,WV,AEA,CE,Federal Contract Tower,0,13,18,2,33,0,18,45,4,67,0,31,63,6,100,48,0,48,148
02/21/2004,MGW,WV,AEA,CE,Federal Contract Tower,0,5,5,0,10,0,0,0,0,0,0,5,5,0,10,0,0,0,10
02/22/2004,MGW,WV,AEA,CE,Federal Contract Tower,0,10,8,0,18,0,29,53,0,82,0,39,61,0,100,20,0,20,120
02/23/2004,MGW,WV,AEA,CE,Federal Contract Tower,0,10,9,0,19,0,17,58,4,79,0,27,67,4,98,8,0,8,106
02/24/2004,MGW,WV,AEA,CE,Federal Contract Tower,0,11,5,1,17,0,3,0,1,4,0,14,5,2,21,0,0,0,21
02/25/2004,MGW,WV,AEA,CE,Federal Contract Tower,0,11,10,0,21,0,13,61,6,80,0,24,71,6,101,50,16,66,167
02/26/2004,MGW,WV,AEA,CE,Federal Contract Tower,0,14,11,0,25,0,21,33,0,54,0,35,44,0,79,14,0,14,93
02/27/2004,MGW,WV,AEA,CE,Federal Contract Tower,0,9,11,0,20,0,24,50,11,85,0,33,61,11,105,12,24,36,141
02/28/2004,MGW,WV,AEA,CE,Federal Contract Tower,0,4,7,1,12,0,13,103,3,119,0,17,110,4,131,74,0,74,205
02/29/2004,MGW,WV,AEA,CE,Federal Contract Tower,0,13,5,0,18,0,12,37,5,54,0,25,42,5,72,12,6,18,90
03/01/2004,MGW,WV,AEA,CE,Federal Contract Tower,0,10,5,0,15,0,9,12,0,21,0,19,17,0,36,0,0,0,36
03/02/2004,MGW,WV,AEA,CE,Federal Contract Tower,0,12,9,2,23,0,12,33,10,55,0,24,42,12,78,0,0,0,78
03/03/2004,MGW,WV,AEA,CE,Federal Contract Tower,0,17,16,1,34,0,14,34,9,57,0,31,50,10,91,4,8,12,103
03/04/2004,MGW,WV,AEA,CE,Federal Contract Tower,0,13,13,0,26,0,3,1,0,4,0,16,14,0,30,0,0,0,30
03/05/2004,MGW,WV,AEA,CE,Federal Contract Tower,0,9,6,4,19,0,9,28,19,56,0,18,34,23,75,0,0,0,75
03/06/2004,MGW,WV,AEA,CE,Federal Contract Tower,0,7,10,2,19,0,4,3,5,12,0,11,13,7,31,0,0,0,31
03/07/2004,MGW,WV,AEA,CE,Federal Contract Tower,0,9,9,2,20,0,8,6,2,16,0,17,15,4,36,18,0,18,54
03/08/2004,MGW,WV,AEA,CE,Federal Contract Tower,0,11,10,4,25,0,0,6,4,10,0,11,16,8,35,0,0,0,35
03/09/2004,MGW,WV,AEA,CE,Federal Contract Tower,0,13,13,5,31,0,5,6,3,14,0,18,19,8,45,0,0,0,45
03/10/2004,MGW,WV,AEA,CE,Federal Contract Tower,0,16,17,0,33,0,26,43,0,69,0,42,60,0,102,36,0,36,138
03/11/2004,MGW,WV,AEA,CE,Federal Contract Tower,0,12,6,1,19,0,19,26,6,51,0,31,32,7,70,18,2,20,90
03/12/2004,MGW,WV,AEA,CE,Federal Contract Tower,0,8,19,2,29,0,17,20,20,57,0,25,39,22,86,4,4,8,94
03/13/2004,MGW,WV,AEA,CE,Federal Contract Tower,0,6,7,0,13,0,11,52,18,81,0,17,59,18,94,0,0,0,94
03/14/2004,MGW,WV,AEA,CE,Federal Contract Tower,0,10,7,0,17,0,10,10,2,22,0,20,17,2,39,8,0,8,47
03/15/2004,MGW,WV,AEA,CE,Federal Contract Tower,0,8,14,10,32,0,33,51,11,95,0,41,65,21,127,58,6,64,191
03/16/2004,MGW,WV,AEA,CE,Federal Contract Tower,0,12,4,0,16,0,1,0,0,1,0,13,4,0,17,0,0,0,17
03/17/2004,MGW,WV,AEA,CE,Federal Contract Tower,0,11,19,0,30,0,7,10,0,17,0,18,29,0,47,0,0,0,47
03/18/2004,MGW,WV,AEA,CE,Federal Contract Tower,0,10,11,2,23,0,15,15,17,47,0,25,26,19,70,0,0,0,70
03/19/2004,MGW,WV,AEA,CE,Federal Contract Tower,0,12,12,2,26,0,18,33,0,51,0,30,45,2,77,54,0,54,131
03/20/2004,MGW,WV,AEA,CE,Federal Contract Tower,0,4,5,0,9,0,11,24,0,35,0,15,29,0,44,8,2,10,54
03/21/2004,MGW,WV,AEA,CE,Federal Contract Tower,0,10,11,2,23,0,4,2,2,8,0,14,13,4,31,2,0,2,33
03/22/2004,MGW,WV,AEA,CE,Federal Contract Tower,0,16,8,0,24,0,16,23,6,45,0,32,31,6,69,14,0,14,83
03/23/2004,MGW,WV,AEA,CE,Federal Contract Tower,0,16,11,2,29,0,18,67,13,98,0,34,78,15,127,12,14,26,153
03/24/2004,MGW,WV,AEA,CE,Federal Contract Tower,0,11,9,2,22,0,23,22,5,50,0,34,31,7,72,8,0,8,80
03/25/2004,MGW,WV,AEA,CE,Federal Contract Tower,0,15,15,5,35,0,18,30,11,59,0,33,45,16,94,6,0,6,100
03/26/2004,MGW,WV,AEA,CE,Federal Contract Tower,0,11,20,1,32,0,25,48,17,90,0,36,68,18,122,0,0,0,122
03/27/2004,MGW,WV,AEA,CE,Federal Contract Tower,0,9,11,1,21,0,1,6,0,7,0,10,17,1,28,0,0,0,28
03/28/2004,MGW,WV,AEA,CE,Federal Contract Tower,0,10,14,0,24,0,18,56,10,84,0,28,70,10,108,24,16,40,148
03/29/2004,MGW,WV,AEA,CE,Federal Contract Tower,0,12,12,4,28,0,14,40,18,72,0,26,52,22,100,38,0,38,138
03/30/2004,MGW,WV,AEA,CE,Federal Contract Tower,0,15,10,3,28,0,12,14,5,31,0,27,24,8,59,0,36,36,95
03/31/2004,MGW,WV,AEA,CE,Federal Contract Tower,0,8,10,2,20,0,8,2,5,15,0,16,12,7,35,0,0,0,35
04/01/2004,MGW,WV,AEA,CE,Federal Contract Tower,0,12,11,0,23,0,3,5,0,8,0,15,16,0,31,0,0,0,31
04/02/2004,MGW,WV,AEA,CE,Federal Contract Tower,0,9,20,3,32,0,0,0,0,0,0,9,20,3,32,0,0,0,32
04/03/2004,MGW,WV,AEA,CE,Federal Contract Tower,0,5,5,1,11,0,7,11,17,35,0,12,16,18,46,0,0,0,46
04/04/2004,MGW,WV,AEA,CE,Federal Contract Tower,0,10,4,2,16,0,5,0,0,5,0,15,4,2,21,0,0,0,21
04/05/2004,MGW,WV,AEA,CE,Federal Contract Tower,0,10,19,0,29,0,28,36,24,88,0,38,55,24,117,34,36,70,187
04/06/2004,MGW,WV,AEA,CE,Federal Contract Tower,0,12,22,1,35,0,27,36,54,117,0,39,58,55,152,12,0,12,164
04/07/2004,MGW,WV,AEA,CE,Federal Contract Tower,0,12,16,1,29,0,18,28,20,66,0,30,44,21,95,2,0,2,97
04/08/2004,MGW,WV,AEA,CE,Federal Contract Tower,0,8,21,7,36,0,5,13,7,25,0,13,34,14,61,10,0,10,71
04/09/2004,MGW,WV,AEA,CE,Federal Contract Tower,0,11,7,3,21,0,38,37,4,79,0,49,44,7,100,62,0,62,162
04/10/2004,MGW,WV,AEA,CE,Federal Contract Tower,0,6,6,0,12,0,13,65,0,78,0,19,71,0,90,46,0,46,136
04/11/2004,MGW,WV,AEA,CE,Federal Contract Tower,0,10,7,0,17,0,4,4,3,11,0,14,11,3,28,0,0,0,28
04/12/2004,MGW,WV,AEA,CE,Federal Contract Tower,0,8,17,5,30,0,6,3,5,14,0,14,20,10,44,0,0,0,44
04/13/2004,MGW,WV,AEA,CE,Federal Contract Tower,0,10,13,0,23,0,4,0,0,4,0,14,13,0,27,0,0,0,27
04/14/2004,MGW,WV,AEA,CE,Federal Contract Tower,0,14,12,6,32,0,9,9,6,24,0,23,21,12,56,0,0,0,56
04/15/2004,MGW,WV,AEA,CE,Federal Contract Tower,0,13,7,6,26,0,17,49,6,72,0,30,56,12,98,18,0,18,116
04/16/2004,MGW,WV,AEA,CE,Federal Contract Tower,0,12,13,6,31,0,29,84,27,140,0,41,97,33,171,42,0,42,213
04/17/2004,MGW,WV,AEA,CE,Federal Contract Tower,0,5,20,0,25,0,22,52,8,82,0,27,72,8,107,38,0,38,145
04/18/2004,MGW,WV,AEA,CE,Federal Contract Tower,0,10,6,0,16,0,20,36,4,60,0,30,42,4,76,16,0,16,92
04/19/2004,MGW,WV,AEA,CE,Federal Contract Tower,0,12,16,2,30,0,24,23,0,47,0,36,39,2,77,0,0,0,77
04/20/2004,MGW,WV,AEA,CE,Federal Contract Tower,0,12,14,2,28,0,26,37,6,69,0,38,51,8,97,38,0,38,135
04/21/2004,MGW,WV,AEA,CE,Federal Contract Tower,0,12,12,4,28,0,24,47,5,76,0,36,59,9,104,22,0,22,126
04/22/2004,MGW,WV,AEA,CE,Federal Contract Tower,0,13,17,1,31,0,7,16,1,24,0,20,33,2,55,0,0,0,55
04/23/2004,MGW,WV,AEA,CE,Federal Contract Tower,0,11,29,2,42,0,14,14,2,30,0,25,43,4,72,2,0,2,74
04/24/2004,MGW,WV,AEA,CE,Federal Contract Tower,0,6,10,4,20,0,38,415,57,510,0,44,425,61,530,80,6,86,616
04/25/2004,MGW,WV,AEA,CE,Federal Contract Tower,0,10,5,2,17,0,2,5,2,9,0,12,10,4,26,20,0,20,46
04/26/2004,MGW,WV,AEA,CE,Federal Contract Tower,0,10,13,0,23,0,16,15,0,31,0,26,28,0,54,18,0,18,72
04/27/2004,MGW,WV,AEA,CE,Federal Contract Tower,0,11,11,0,22,0,10,23,2,35,0,21,34,2,57,0,0,0,57
04/28/2004,MGW,WV,AEA,CE,Federal Contract Tower,0,12,8,3,23,0,12,51,5,68,0,24,59,8,91,46,12,58,149
04/29/2004,MGW,WV,AEA,CE,Federal Contract Tower,0,10,9,3,22,0,44,58,6,108,0,54,67,9,130,2,4,6,136
04/30/2004,MGW,WV,AEA,CE,Federal Contract Tower,0,10,21,3,34,0,32,57,6,95,0,42,78,9,129,20,10,30,159
05/01/2004,MGW,WV,AEA,CE,Federal Contract Tower,0,4,3,2,9,0,33,32,2,67,0,37,35,4,76,26,0,26,102
05/02/2004,MGW,WV,AEA,CE,Federal Contract Tower,0,10,4,4,18,0,4,6,0,10,0,14,10,4,28,0,0,0,28
05/03/2004,MGW,WV,AEA,CE,Federal Contract Tower,0,12,7,8,27,0,17,26,4,47,0,29,33,12,74,8,8,16,90
05/04/2004,MGW,WV,AEA,CE,Federal Contract Tower,0,11,9,1,21,0,11,44,21,76,0,22,53,22,97,8,0,8,105
05/05/2004,MGW,WV,AEA,CE,Federal Contract Tower,0,18,15,3,36,0,25,35,91,151,0,43,50,94,187,0,44,44,231
05/06/2004,MGW,WV,AEA,CE,Federal Contract Tower,0,11,19,1,31,0,29,68,29,126,0,40,87,30,157,16,6,22,179
05/07/2004,MGW,WV,AEA,CE,Federal Contract Tower,0,13,13,0,26,0,24,27,8,59,0,37,40,8,85,14,8,22,107
05/08/2004,MGW,WV,AEA,CE,Federal Contract Tower,0,7,6,0,13,0,26,43,24,93,0,33,49,24,106,20,0,20,126
05/09/2004,MGW,WV,AEA,CE,Federal Contract Tower,0,8,16,0,24,0,11,33,15,59,0,19,49,15,83,14,0,14,97
05/10/2004,MGW,WV,AEA,CE,Federal Contract Tower,0,14,26,0,40,0,38,44,76,158,0,52,70,76,198,20,0,20,218
05/11/2004,MGW,WV,AEA,CE,Federal Contract Tower,0,10,4,6,20,0,16,27,7,50,0,26,31,13,70,12,2,14,84
05/12/2004,MGW,WV,AEA,CE,Federal Contract Tower,0,11,27,1,39,0,22,48,15,85,0,33,75,16,124,0,0,0,124
05/13/2004,MGW,WV,AEA,CE,Federal Contract Tower,0,13,22,0,35,0,25,47,42,114,0,38,69,42,149,44,6,50,199
05/14/2004,MGW,WV,AEA,CE,Federal Contract Tower,0,16,9,5,30,0,23,67,33,123,0,39,76,38,153,22,0,22,175
05/15/2004,MGW,WV,AEA,CE,Federal Contract Tower,0,11,19,3,33,0,29,38,41,108,0,40,57,44,141,4,16,20,161
05/16/2004,MGW,WV,AEA,CE,Federal Contract Tower,0,11,17,1,29,0,16,10,0,26,0,27,27,1,55,0,0,0,55
05/17/2004,MGW,WV,AEA,CE,Federal Contract Tower,0,16,19,1,36,0,17,29,0,46,0,33,48,1,82,0,0,0,82
05/18/2004,MGW,WV,AEA,CE,Federal Contract Tower,0,11,22,0,33,0,9,15,0,24,0,20,37,0,57,0,0,0,57
05/19/2004,MGW,WV,AEA,CE,Federal Contract Tower,0,15,17,2,34,0,4,19,2,25,0,19,36,4,59,6,0,6,65
05/20/2004,MGW,WV,AEA,CE,Federal Contract Tower,0,13,15,0,28,0,12,37,0,49,0,25,52,0,77,10,0,10,87
05/21/2004,MGW,WV,AEA,CE,Federal Contract Tower,0,17,19,2,38,0,10,25,7,42,0,27,44,9,80,50,0,50,130
05/22/2004,MGW,WV,AEA,CE,Federal Contract Tower,0,4,8,0,12,0,34,47,4,85,0,38,55,4,97,14,0,14,111
05/23/2004,MGW,WV,AEA,CE,Federal Contract Tower,0,10,8,2,20,0,50,47,16,113,0,60,55,18,133,46,0,46,179
05/24/2004,MGW,WV,AEA,CE,Federal Contract Tower,0,10,8,4,22,0,42,23,8,73,0,52,31,12,95,16,0,16,111
05/25/2004,MGW,WV,AEA,CE,Federal Contract Tower,0,13,16,0,29,0,16,39,0,55,0,29,55,0,84,18,0,18,102
05/26/2004,MGW,WV,AEA,CE,Federal Contract Tower,0,10,15,2,27,0,21,25,7,53,0,31,40,9,80,0,0,0,80
05/27/2004,MGW,WV,AEA,CE,Federal Contract Tower,0,16,18,3,37,0,33,40,5,78,0,49,58,8,115,26,0,26,141
05/28/2004,MGW,WV,AEA,CE,Federal Contract Tower,0,12,15,0,27,0,7,12,0,19,0,19,27,0,46,0,0,0,46
05/29/2004,MGW,WV,AEA,CE,Federal Contract Tower,0,6,3,0,9,0,19,96,0,115,0,25,99,0,124,42,0,42,166
05/30/2004,MGW,WV,AEA,CE,Federal Contract Tower,0,11,15,0,26,0,9,52,2,63,0,20,67,2,89,24,0,24,113
05/31/2004,MGW,WV,AEA,CE,Federal Contract Tower,0,10,7,2,19,0,12,16,2,30,0,22,23,4,49,0,0,0,49
06/01/2004,MGW,WV,AEA,CE,Federal Contract Tower,0,9,12,0,21,0,22,55,10,87,0,31,67,10,108,8,0,8,116
06/02/2004,MGW,WV,AEA,CE,Federal Contract Tower,0,12,22,3,37,0,15,56,5,76,0,27,78,8,113,28,0,28,141
06/03/2004,MGW,WV,AEA,CE,Federal Contract Tower,0,12,14,4,30,0,29,77,20,126,0,41,91,24,156,40,18,58,214
06/04/2004,MGW,WV,AEA,CE,Federal Contract Tower,0,16,16,2,34,0,24,39,0,63,0,40,55,2,97,10,0,10,107
06/05/2004,MGW,WV,AEA,CE,Federal Contract Tower,0,6,15,0,21,0,30,3,0,33,0,36,18,0,54,0,0,0,54
06/06/2004,MGW,WV,AEA,CE,Federal Contract Tower,0,10,23,2,35,0,17,20,0,37,0,27,43,2,72,0,0,0,72
06/07/2004,MGW,WV,AEA,CE,Federal Contract Tower,0,17,4,6,27,0,18,82,10,110,0,35,86,16,137,70,0,70,207
06/08/2004,MGW,WV,AEA,CE,Federal Contract Tower,0,17,13,3,33,0,18,39,9,66,0,35,52,12,99,0,0,0,99
06/09/2004,MGW,WV,AEA,CE,Federal Contract Tower,0,12,15,5,32,0,13,45,13,71,0,25,60,18,103,42,12,54,157
06/10/2004,MGW,WV,AEA,CE,Federal Contract Tower,0,11,17,4,32,0,16,53,5,74,0,27,70,9,106,0,0,0,106
06/11/2004,MGW,WV,AEA,CE,Federal Contract Tower,0,12,16,1,29,0,0,7,0,7,0,12,23,1,36,0,0,0,36
06/12/2004,MGW,WV,AEA,CE,Federal Contract Tower,0,4,10,0,14,0,27,69,2,98,0,31,79,2,112,46,0,46,158
06/13/2004,MGW,WV,AEA,CE,Federal Contract Tower,0,12,13,1,26,0,19,63,1,83,0,31,76,2,109,30,0,30,139
06/14/2004,MGW,WV,AEA,CE,Federal Contract Tower,0,9,15,2,26,0,13,28,0,41,0,22,43,2,67,0,0,0,67
06/15/2004,MGW,WV,AEA,CE,Federal Contract Tower,0,13,4,0,17,0,12,11,0,23,0,25,15,0,40,18,0,18,58
06/16/2004,MGW,WV,AEA,CE,Federal Contract Tower,0,12,14,2,28,0,8,34,0,42,0,20,48,2,70,0,0,0,70
06/17/2004,MGW,WV,AEA,CE,Federal Contract Tower,0,6,12,5,23,0,16,26,25,67,0,22,38,30,90,6,0,6,96
06/18/2004,MGW,WV,AEA,CE,Federal Contract Tower,0,10,19,0,29,0,8,47,0,55,0,18,66,0,84,52,0,52,136
06/19/2004,MGW,WV,AEA,CE,Federal Contract Tower,0,5,3,2,10,0,14,34,5,53,0,19,37,7,63,10,0,10,73
06/20/2004,MGW,WV,AEA,CE,Federal Contract Tower,0,14,11,0,25,0,23,76,2,101,0,37,87,2,126,48,0,48,174
06/21/2004,MGW,WV,AEA,CE,Federal Contract Tower,0,11,13,0,24,0,26,57,0,83,0,37,70,0,107,40,0,40,147
06/22/2004,MGW,WV,AEA,CE,Federal Contract Tower,0,14,12,2,28,0,12,30,9,51,0,26,42,11,79,6,0,6,85
06/23/2004,MGW,WV,AEA,CE,Federal Contract Tower,0,13,12,1,26,0,16,67,3,86,0,29,79,4,112,6,0,6,118
06/24/2004,MGW,WV,AEA,CE,Federal Contract Tower,0,13,11,4,28,0,33,77,22,132,0,46,88,26,160,14,0,14,174
06/25/2004,MGW,WV,AEA,CE,Federal Contract Tower,0,13,22,2,37,0,11,42,2,55,0,24,64,4,92,0,0,0,92
06/26/2004,MGW,WV,AEA,CE,Federal Contract Tower,0,5,6,0,11,0,27,55,1,83,0,32,61,1,94,24,0,24,118
06/27/2004,MGW,WV,AEA,CE,Federal Contract Tower,0,13,13,0,26,0,14,83,2,99,0,27,96,2,125,56,0,56,181
06/28/2004,MGW,WV,AEA,CE,Federal Contract Tower,0,8,4,0,12,0,11,30,10,51,0,19,34,10,63,0,54,54,117
06/29/2004,MGW,WV,AEA,CE,Federal Contract Tower,0,16,11,6,33,0,25,45,4,74,0,41,56,10,107,10,4,14,121
06/30/2004,MGW,WV,AEA,CE,Federal Contract Tower,0,13,20,2,35,0,27,75,2,104,0,40,95,4,139,56,0,56,195
07/01/2004,MGW,WV,AEA,CE,Federal Contract Tower,0,10,15,5,30,0,26,51,8,85,0,36,66,13,115,24,0,24,139
07/02/2004,MGW,WV,AEA,CE,Federal Contract Tower,0,13,14,1,28,0,19,40,1,60,0,32,54,2,88,16,0,16,104
07/03/2004,MGW,WV,AEA,CE,Federal Contract Tower,0,6,9,3,18,0,19,34,0,53,0,25,43,3,71,36,0,36,107
07/04/2004,MGW,WV,AEA,CE,Federal Contract Tower,0,8,7,0,15,0,21,25,0,46,0,29,32,0,61,12,0,12,73
07/05/2004,MGW,WV,AEA,CE,Federal Contract Tower,0,8,20,0,28,0,11,49,0,60,0,19,69,0,88,28,0,28,116
07/06/2004,MGW,WV,AEA,CE,Federal Contract Tower,0,13,19,1,33,0,13,26,1,40,0,26,45,2,73,10,0,10,83
07/07/2004,MGW,WV,AEA,CE,Federal Contract Tower,0,10,18,3,31,0,23,51,4,78,0,33,69,7,109,30,0,30,139
07/08/2004,MGW,WV,AEA,CE,Federal Contract Tower,0,9,20,2,31,0,29,65,3,97,0,38,85,5,128,0,0,0,128
07/09/2004,MGW,WV,AEA,CE,Federal Contract Tower,0,13,13,5,31,0,20,48,2,70,0,33,61,7,101,38,0,38,139
07/10/2004,MGW,WV,AEA,CE,Federal Contract Tower,0,6,10,0,16,0,20,44,0,64,0,26,54,0,80,22,0,22,102
07/11/2004,MGW,WV,AEA,CE,Federal Contract Tower,0,10,10,4,24,0,13,32,1,46,0,23,42,5,70,6,0,6,76
07/12/2004,MGW,WV,AEA,CE,Federal Contract Tower,0,10,16,0,26,0,12,9,6,27,0,22,25,6,53,0,0,0,53
07/13/2004,MGW,WV,AEA,CE,Federal Contract Tower,0,12,12,0,24,0,11,23,2,36,0,23,35,2,60,12,0,12,72
07/14/2004,MGW,WV,AEA,CE,Federal Contract Tower,0,11,7,0,18,0,33,39,0,72,0,44,46,0,90,0,0,0,90
07/15/2004,MGW,WV,AEA,CE,Federal Contract Tower,0,10,15,0,25,0,16,58,0,74,0,26,73,0,99,10,0,10,109
07/16/2004,MGW,WV,AEA,CE,Federal Contract Tower,0,17,8,0,25,0,30,59,22,111,0,47,67,22,136,26,0,26,162
07/17/2004,MGW,WV,AEA,CE,Federal Contract Tower,0,4,8,0,12,0,10,17,2,29,0,14,25,2,41,0,0,0,41
07/18/2004,MGW,WV,AEA,CE,Federal Contract Tower,0,10,12,0,22,0,23,45,14,82,0,33,57,14,104,40,0,40,144
07/19/2004,MGW,WV,AEA,CE,Federal Contract Tower,0,12,19,0,31,0,3,41,0,44,0,15,60,0,75,30,0,30,105
07/20/2004,MGW,WV,AEA,CE,Federal Contract Tower,0,10,13,4,27,0,15,42,8,65,0,25,55,12,92,34,0,34,126
07/21/2004,MGW,WV,AEA,CE,Federal Contract Tower,0,12,11,1,24,0,18,42,2,62,0,30,53,3,86,36,2,38,124
07/22/2004,MGW,WV,AEA,CE,Federal Contract Tower,0,11,12,1,24,0,27,21,1,49,0,38,33,2,73,0,0,0,73
07/23/2004,MGW,WV,AEA,CE,Federal Contract Tower,0,14,10,5,29,0,8,17,4,29,0,22,27,9,58,0,0,0,58
07/24/2004,MGW,WV,AEA,CE,Federal Contract Tower,0,7,15,0,22,0,15,44,10,69,0,22,59,10,91,20,10,30,121
07/25/2004,MGW,WV,AEA,CE,Federal Contract Tower,0,10,6,0,16,0,24,59,29,112,0,34,65,29,128,32,4,36,164
07/26/2004,MGW,WV,AEA,CE,Federal Contract Tower,0,10,9,0,19,0,6,13,0,19,0,16,22,0,38,0,0,0,38
07/27/2004,MGW,WV,AEA,CE,Federal Contract Tower,0,12,14,0,26,0,3,3,0,6,0,15,17,0,32,0,0,0,32
07/28/2004,MGW,WV,AEA,CE,Federal Contract Tower,0,15,20,1,36,0,38,54,5,97,0,53,74,6,133,44,0,44,177
07/29/2004,MGW,WV,AEA,CE,Federal Contract Tower,0,14,18,2,34,0,34,69,2,105,0,48,87,4,139,24,0,24,163
07/30/2004,MGW,WV,AEA,CE,Federal Contract Tower,0,9,8,0,17,0,16,39,0,55,0,25,47,0,72,0,0,0,72
07/31/2004,MGW,WV,AEA,CE,Federal Contract Tower,0,4,10,0,14,0,10,9,0,19,0,14,19,0,33,0,0,0,33
08/01/2004,MGW,WV,AEA,CE,Federal Contract Tower,0,10,16,4,30,0,24,28,4,56,0,34,44,8,86,10,0,10,96
08/02/2004,MGW,WV,AEA,CE,Federal Contract Tower,0,11,16,7,34,0,18,64,7,89,0,29,80,14,123,54,4,58,181
08/03/2004,MGW,WV,AEA,CE,Federal Contract Tower,0,13,18,0,31,0,17,40,8,65,0,30,58,8,96,12,0,12,108
08/04/2004,MGW,WV,AEA,CE,Federal Contract Tower,0,11,15,3,29,0,17,34,5,56,0,28,49,8,85,6,0,6,91
08/05/2004,MGW,WV,AEA,CE,Federal Contract Tower,0,14,9,2,25,0,12,32,0,44,0,26,41,2,69,0,0,0,69
08/06/2004,MGW,WV,AEA,CE,Federal Contract Tower,0,11,13,12,36,0,32,57,20,109,0,43,70,32,145,30,0,30,175
08/07/2004,MGW,WV,AEA,CE,Federal Contract Tower,0,5,7,0,12,0,30,62,7,99,0,35,69,7,111,16,0,16,127
08/08/2004,MGW,WV,AEA,CE,Federal Contract Tower,0,10,10,4,24,0,18,48,2,68,0,28,58,6,92,0,0,0,92
08/09/2004,MGW,WV,AEA,CE,Federal Contract Tower,0,10,12,4,26,0,26,69,20,115,0,36,81,24,141,18,0,18,159
08/10/2004,MGW,WV,AEA,CE,Federal Contract Tower,0,11,16,2,29,0,5,23,6,34,0,16,39,8,63,0,0,0,63
08/11/2004,MGW,WV,AEA,CE,Federal Contract Tower,0,12,16,4,32,0,27,53,9,89,0,39,69,13,121,126,20,146,267
08/12/2004,MGW,WV,AEA,CE,Federal Contract Tower,0,10,21,0,31,0,5,9,0,14,0,15,30,0,45,0,0,0,45
08/13/2004,MGW,WV,AEA,CE,Federal Contract Tower,0,14,13,0,27,0,2,9,0,11,0,16,22,0,38,0,0,0,38
08/14/2004,MGW,WV,AEA,CE,Federal Contract Tower,0,6,21,0,27,0,27,88,6,121,0,33,109,6,148,112,0,112,260
08/15/2004,MGW,WV,AEA,CE,Federal Contract Tower,0,9,17,0,26,0,16,54,4,74,0,25,71,4,100,40,0,40,140
08/16/2004,MGW,WV,AEA,CE,Federal Contract Tower,0,11,22,0,33,0,13,39,0,52,0,24,61,0,85,0,0,0,85
08/17/2004,MGW,WV,AEA,CE,Federal Contract Tower,0,13,15,0,28,0,9,110,8,127,0,22,125,8,155,0,0,0,155
08/18/2004,MGW,WV,AEA,CE,Federal Contract Tower,0,9,17,4,30,0,22,24,14,60,0,31,41,18,90,14,0,14,104
08/19/2004,MGW,WV,AEA,CE,Federal Contract Tower,0,12,25,3,40,0,15,28,5,48,0,27,53,8,88,0,0,0,88
08/20/2004,MGW,WV,AEA,CE,Federal Contract Tower,0,9,25,0,34,0,18,32,6,56,0,27,57,6,90,18,0,18,108
08/21/2004,MGW,WV,AEA,CE,Federal Contract Tower,0,5,11,4,20,0,2,9,0,11,0,7,20,4,31,8,0,8,39
08/22/2004,MGW,WV,AEA,CE,Federal Contract Tower,0,10,19,0,29,0,4,73,2,79,0,14,92,2,108,32,0,32,140
08/23/2004,MGW,WV,AEA,CE,Federal Contract Tower,0,10,23,2,35,0,17,53,14,84,0,27,76,16,119,22,0,22,141
08/24/2004,MGW,WV,AEA,CE,Federal Contract Tower,0,16,17,4,37,0,13,59,18,90,0,29,76,22,127,42,22,64,191
08/25/2004,MGW,WV,AEA,CE,Federal Contract Tower,0,11,17,2,30,0,17,48,6,71,0,28,65,8,101,28,0,28,129
08/26/2004,MGW,WV,AEA,CE,Federal Contract Tower,0,12,21,0,33,0,6,33,0,39,0,18,54,0,72,0,0,0,72
08/27/2004,MGW,WV,AEA,CE,Federal Contract Tower,0,8,18,0,26,0,13,39,0,52,0,21,57,0,78,92,0,92,170
08/28/2004,MGW,WV,AEA,CE,Federal Contract Tower,0,5,4,0,9,0,16,52,0,68,0,21,56,0,77,78,0,78,155
08/29/2004,MGW,WV,AEA,CE,Federal Contract Tower,0,11,20,0,31,0,10,31,15,56,0,21,51,15,87,16,0,16,103
08/30/2004,MGW,WV,AEA,CE,Federal Contract Tower,0,10,22,0,32,0,5,1,0,6,0,15,23,0,38,0,0,0,38
08/31/2004,MGW,WV,AEA,CE,Federal Contract Tower,0,12,10,0,22,0,17,59,0,76,0,29,69,0,98,6,0,6,104
09/01/2004,MGW,WV,AEA,CE,Federal Contract Tower,0,12,21,0,33,0,19,52,0,71,0,31,73,0,104,36,0,36,140
09/02/2004,MGW,WV,AEA,CE,Federal Contract Tower,0,15,16,1,32,0,15,44,12,71,0,30,60,13,103,4,0,4,107
09/03/2004,MGW,WV,AEA,CE,Federal Contract Tower,0,11,18,5,34,0,15,66,1,82,0,26,84,6,116,28,0,28,144
09/04/2004,MGW,WV,AEA,CE,Federal Contract Tower,0,5,16,0,21,0,20,149,0,169,0,25,165,0,190,20,0,20,210
09/05/2004,MGW,WV,AEA,CE,Federal Contract Tower,0,13,13,0,26,0,38,60,2,100,0,51,73,2,126,28,0,28,154
09/06/2004,MGW,WV,AEA,CE,Federal Contract Tower,0,11,18,0,29,0,27,39,2,68,0,38,57,2,97,20,0,20,117
09/07/2004,MGW,WV,AEA,CE,Federal Contract Tower,0,10,5,4,19,0,18,40,4,62,0,28,45,8,81,0,0,0,81
09/08/2004,MGW,WV,AEA,CE,Federal Contract Tower,0,10,4,1,15,0,10,7,0,17,0,20,11,1,32,0,0,0,32
09/09/2004,MGW,WV,AEA,CE,Federal Contract Tower,0,11,16,0,27,0,15,22,0,37,0,26,38,0,64,16,0,16,80
09/10/2004,MGW,WV,AEA,CE,Federal Contract Tower,0,14,19,5,38,0,22,45,7,74,0,36,64,12,112,4,0,4,116
09/11/2004,MGW,WV,AEA,CE,Federal Contract Tower,0,5,14,0,19,0,19,62,2,83,0,24,76,2,102,48,0,48,150
09/12/2004,MGW,WV,AEA,CE,Federal Contract Tower,0,10,14,4,28,0,17,46,5,68,0,27,60,9,96,46,0,46,142
09/13/2004,MGW,WV,AEA,CE,Federal Contract Tower,0,9,18,3,30,0,20,33,3,56,0,29,51,6,86,30,12,42,128
09/14/2004,MGW,WV,AEA,CE,Federal Contract Tower,0,13,21,11,45,0,27,58,27,112,0,40,79,38,157,34,2,36,193
09/15/2004,MGW,WV,AEA,CE,Federal Contract Tower,0,13,17,1,31,0,25,60,8,93,0,38,77,9,124,34,20,54,178
09/16/2004,MGW,WV,AEA,CE,Federal Contract Tower,0,15,8,12,35,0,22,49,27,98,0,37,57,39,133,20,8,28,161
09/17/2004,MGW,WV,AEA,CE,Federal Contract Tower,0,10,10,5,25,0,2,5,5,12,0,12,15,10,37,0,0,0,37
09/18/2004,MGW,WV,AEA,CE,Federal Contract Tower,0,3,18,0,21,0,38,79,0,117,0,41,97,0,138,64,0,64,202
09/19/2004,MGW,WV,AEA,CE,Federal Contract Tower,0,6,4,0,10,0,28,43,2,73,0,34,47,2,83,0,0,0,83
09/20/2004,MGW,WV,AEA,CE,Federal Contract Tower,0,37,12,4,53,0,28,89,4,121,0,65,101,8,174,48,0,48,222
09/21/2004,MGW,WV,AEA,CE,Federal Contract Tower,0,36,26,12,74,0,21,96,37,154,0,57,122,49,228,32,0,32,260
09/22/2004,MGW,WV,AEA,CE,Federal Contract Tower,0,24,30,2,56,0,17,83,2,102,0,41,113,4,158,22,0,22,180
09/23/2004,MGW,WV,AEA,CE,Federal Contract Tower,0,16,33,5,54,0,1,79,18,98,0,17,112,23,152,0,92,92,244
09/24/2004,MGW,WV,AEA,CE,Federal Contract Tower,0,19,30,0,49,0,30,74,0,104,0,49,104,0,153,14,0,14,167
09/25/2004,MGW,WV,AEA,CE,Federal Contract Tower,0,15,18,0,33,0,19,162,19,200,0,34,180,19,233,70,0,70,303
09/26/2004,MGW,WV,AEA,CE,Federal Contract Tower,0,24,13,2,39,0,10,61,3,74,0,34,74,5,113,30,0,30,143
09/27/2004,MGW,WV,AEA,CE,Federal Contract Tower,0,22,18,0,40,0,22,35,0,57,0,44,53,0,97,4,0,4,101
09/28/2004,MGW,WV,AEA,CE,Federal Contract Tower,0,15,14,0,29,0,6,2,0,8,0,21,16,0,37,0,0,0,37
09/29/2004,MGW,WV,AEA,CE,Federal Contract Tower,0,16,31,3,50,0,10,24,2,36,0,26,55,5,86,0,0,0,86
09/30/2004,MGW,WV,AEA,CE,Federal Contract Tower,0,16,9,0,25,0,19,55,28,102,0,35,64,28,127,16,48,64,191
10/01/2004,MGW,WV,AEA,CE,Federal Contract Tower,0,13,20,2,35,0,29,94,0,123,0,42,114,2,158,30,0,30,188
10/02/2004,MGW,WV,AEA,CE,Federal Contract Tower,0,4,13,0,17,0,16,11,0,27,0,20,24,0,44,0,0,0,44
10/03/2004,MGW,WV,AEA,CE,Federal Contract Tower,0,12,16,2,30,0,19,118,0,137,0,31,134,2,167,24,0,24,191
10/04/2004,MGW,WV,AEA,CE,Federal Contract Tower,0,14,14,0,28,0,24,43,5,72,0,38,57,5,100,20,10,30,130
10/05/2004,MGW,WV,AEA,CE,Federal Contract Tower,0,15,26,0,41,0,15,85,14,114,0,30,111,14,155,28,20,48,203
10/06/2004,MGW,WV,AEA,CE,Federal Contract Tower,0,14,27,3,44,0,22,55,1,78,0,36,82,4,122,54,0,54,176
10/07/2004,MGW,WV,AEA,CE,Federal Contract Tower,0,13,25,0,38,0,22,73,0,95,0,35,98,0,133,52,0,52,185
10/08/2004,MGW,WV,AEA,CE,Federal Contract Tower,0,12,15,0,27,0,19,90,2,111,0,31,105,2,138,12,0,12,150
10/09/2004,MGW,WV,AEA,CE,Federal Contract Tower,0,4,8,0,12,0,41,54,0,95,0,45,62,0,107,26,0,26,133
10/10/2004,MGW,WV,AEA,CE,Federal Contract Tower,0,10,6,0,16,0,25,34,0,59,0,35,40,0,75,18,0,18,93
10/11/2004,MGW,WV,AEA,CE,Federal Contract Tower,0,16,17,0,33,0,31,47,12,90,0,47,64,12,123,50,4,54,177
10/12/2004,MGW,WV,AEA,CE,Federal Contract Tower,0,9,14,2,25,0,12,36,8,56,0,21,50,10,81,22,0,22,103
10/13/2004,MGW,WV,AEA,CE,Federal Contract Tower,0,16,14,0,30,0,13,15,24,52,0,29,29,24,82,0,0,0,82
10/14/2004,MGW,WV,AEA,CE,Federal Contract Tower,0,16,38,0,54,0,3,3,0,6,0,19,41,0,60,0,0,0,60
10/15/2004,MGW,WV,AEA,CE,Federal Contract Tower,0,14,10,0,24,0,12,15,4,31,0,26,25,4,55,0,0,0,55
10/16/2004,MGW,WV,AEA,CE,Federal Contract Tower,0,7,8,0,15,0,15,4,0,19,0,22,12,0,34,0,0,0,34
10/17/2004,MGW,WV,AEA,CE,Federal Contract Tower,0,10,11,0,21,0,25,21,12,58,0,35,32,12,79,22,0,22,101
10/18/2004,MGW,WV,AEA,CE,Federal Contract Tower,0,13,8,0,21,0,15,17,0,32,0,28,25,0,53,4,0,4,57
10/19/2004,MGW,WV,AEA,CE,Federal Contract Tower,0,13,14,0,27,0,2,21,0,23,0,15,35,0,50,0,0,0,50
10/20/2004,MGW,WV,AEA,CE,Federal Contract Tower,0,11,21,0,32,0,16,21,0,37,0,27,42,0,69,0,0,0,69
10/21/2004,MGW,WV,AEA,CE,Federal Contract Tower,0,17,42,2,61,0,20,106,14,140,0,37,148,16,201,40,0,40,241
10/22/2004,MGW,WV,AEA,CE,Federal Contract Tower,0,12,27,2,41,0,28,52,4,84,0,40,79,6,125,34,22,56,181
10/23/2004,MGW,WV,AEA,CE,Federal Contract Tower,0,8,6,0,14,0,17,59,0,76,0,25,65,0,90,28,0,28,118
10/24/2004,MGW,WV,AEA,CE,Federal Contract Tower,0,12,14,0,26,0,13,17,0,30,0,25,31,0,56,0,0,0,56
10/25/2004,MGW,WV,AEA,CE,Federal Contract Tower,0,12,13,0,25,0,16,37,0,53,0,28,50,0,78,42,0,42,120
10/26/2004,MGW,WV,AEA,CE,Federal Contract Tower,0,13,19,0,32,0,10,43,6,59,0,23,62,6,91,10,0,10,101
10/27/2004,MGW,WV,AEA,CE,Federal Contract Tower,0,12,14,1,27,0,20,37,25,82,0,32,51,26,109,0,10,10,119
10/28/2004,MGW,WV,AEA,CE,Federal Contract Tower,0,12,17,14,43,0,7,33,43,83,0,19,50,57,126,12,4,16,142
10/29/2004,MGW,WV,AEA,CE,Federal Contract Tower,0,11,8,11,30,0,5,7,7,19,0,16,15,18,49,0,0,0,49
10/30/2004,MGW,WV,AEA,CE,Federal Contract Tower,0,6,3,0,9,0,14,37,0,51,0,20,40,0,60,0,0,0,60
10/31/2004,MGW,WV,AEA,CE,Federal Contract Tower,0,10,3,0,13,0,18,17,0,35,0,28,20,0,48,0,0,0,48
11/01/2004,MGW,WV,AEA,CE,Federal Contract Tower,0,10,15,8,33,0,5,39,4,48,0,15,54,12,81,52,0,52,133
11/02/2004,MGW,WV,AEA,CE,Federal Contract Tower,0,10,17,0,27,0,14,38,10,62,0,24,55,10,89,0,0,0,89
11/03/2004,MGW,WV,AEA,CE,Federal Contract Tower,0,13,17,3,33,0,9,39,7,55,0,22,56,10,88,10,6,16,104
11/04/2004,MGW,WV,AEA,CE,Federal Contract Tower,0,16,16,1,33,0,2,4,1,7,0,18,20,2,40,0,0,0,40
11/05/2004,MGW,WV,AEA,CE,Federal Contract Tower,0,10,16,4,30,0,24,51,12,87,0,34,67,16,117,0,8,8,125
11/06/2004,MGW,WV,AEA,CE,Federal Contract Tower,0,5,17,2,24,0,19,173,6,198,0,24,190,8,222,32,6,38,260
11/07/2004,MGW,WV,AEA,CE,Federal Contract Tower,0,12,8,2,22,0,24,83,8,115,0,36,91,10,137,46,4,50,187
11/08/2004,MGW,WV,AEA,CE,Federal Contract Tower,0,11,22,3,36,0,16,24,7,47,0,27,46,10,83,38,0,38,121
11/09/2004,MGW,WV,AEA,CE,Federal Contract Tower,0,18,13,2,33,0,8,63,7,78,0,26,76,9,111,40,0,40,151
11/10/2004,MGW,WV,AEA,CE,Federal Contract Tower,0,14,32,2,48,0,22,65,8,95,0,36,97,10,143,14,42,56,199
11/11/2004,MGW,WV,AEA,CE,Federal Contract Tower,0,10,17,2,29,0,24,53,4,81,0,34,70,6,110,84,4,88,198
11/12/2004,MGW,WV,AEA,CE,Federal Contract Tower,0,20,23,0,43,0,4,12,0,16,0,24,35,0,59,0,0,0,59
11/13/2004,MGW,WV,AEA,CE,Federal Contract Tower,0,6,35,0,41,0,35,192,0,227,0,41,227,0,268,112,0,112,380
11/14/2004,MGW,WV,AEA,CE,Federal Contract Tower,0,10,13,0,23,0,24,102,16,142,0,34,115,16,165,98,58,156,321
11/15/2004,MGW,WV,AEA,CE,Federal Contract Tower,0,13,7,0,20,0,42,64,4,110,0,55,71,4,130,42,36,78,208
11/16/2004,MGW,WV,AEA,CE,Federal Contract Tower,0,12,15,8,35,0,21,54,1,76,0,33,69,9,111,12,18,30,141
11/17/2004,MGW,WV,AEA,CE,Federal Contract Tower,0,12,11,1,24,0,11,51,4,66,0,23,62,5,90,28,2,30,120
11/18/2004,MGW,WV,AEA,CE,Federal Contract Tower,0,12,24,2,38,0,1,0,0,1,0,13,24,2,39,0,0,0,39
11/19/2004,MGW,WV,AEA,CE,Federal Contract Tower,0,11,13,0,24,0,2,0,0,2,0,13,13,0,26,0,0,0,26
11/20/2004,MGW,WV,AEA,CE,Federal Contract Tower,0,4,8,2,14,0,77,18,2,97,0,81,26,4,111,10,0,10,121
11/21/2004,MGW,WV,AEA,CE,Federal Contract Tower,0,9,16,0,25,0,0,20,0,20,0,9,36,0,45,14,0,14,59
11/22/2004,MGW,WV,AEA,CE,Federal Contract Tower,0,15,13,1,29,0,2,2,1,5,0,17,15,2,34,0,0,0,34
11/23/2004,MGW,WV,AEA,CE,Federal Contract Tower,0,14,20,0,34,0,15,55,28,98,0,29,75,28,132,38,16,54,186
11/24/2004,MGW,WV,AEA,CE,Federal Contract Tower,0,13,10,0,23,0,9,10,0,19,0,22,20,0,42,8,0,8,50
11/25/2004,MGW,WV,AEA,CE,Federal Contract Tower,0,8,2,0,10,0,13,0,0,13,0,21,2,0,23,0,0,0,23
11/26/2004,MGW,WV,AEA,CE,Federal Contract Tower,0,8,2,0,10,0,34,67,0,101,0,42,69,0,111,28,0,28,139
11/27/2004,MGW,WV,AEA,CE,Federal Contract Tower,0,4,7,0,11,0,14,39,0,53,0,18,46,0,64,4,0,4,68
11/28/2004,MGW,WV,AEA,CE,Federal Contract Tower,0,11,10,0,21,0,19,14,0,33,0,30,24,0,54,0,0,0,54
11/29/2004,MGW,WV,AEA,CE,Federal Contract Tower,0,11,14,0,25,0,13,50,4,67,0,24,64,4,92,20,0,20,112
11/30/2004,MGW,WV,AEA,CE,Federal Contract Tower,0,13,13,0,26,0,12,28,0,40,0,25,41,0,66,0,0,0,66
12/01/2004,MGW,WV,AEA,CE,Federal Contract Tower,0,11,8,0,19,0,19,12,0,31,0,30,20,0,50,0,0,0,50
12/02/2004,MGW,WV,AEA,CE,Federal Contract Tower,0,12,6,6,24,0,10,62,6,78,0,22,68,12,102,18,0,18,120
12/03/2004,MGW,WV,AEA,CE,Federal Contract Tower,0,10,11,2,23,0,6,39,2,47,0,16,50,4,70,4,0,4,74
12/04/2004,MGW,WV,AEA,CE,Federal Contract Tower,0,4,6,0,10,0,20,72,2,94,0,24,78,2,104,24,0,24,128
12/05/2004,MGW,WV,AEA,CE,Federal Contract Tower,0,10,13,2,25,0,24,80,8,112,0,34,93,10,137,64,24,88,225
12/06/2004,MGW,WV,AEA,CE,Federal Contract Tower,0,10,6,0,16,0,0,0,0,0,0,10,6,0,16,0,0,0,16
12/07/2004,MGW,WV,AEA,CE,Federal Contract Tower,0,19,8,0,27,0,23,17,0,40,0,42,25,0,67,0,0,0,67
12/08/2004,MGW,WV,AEA,CE,Federal Contract Tower,0,10,21,0,31,0,15,41,0,56,0,25,62,0,87,36,0,36,123
12/09/2004,MGW,WV,AEA,CE,Federal Contract Tower,0,11,15,6,32,0,5,20,4,29,0,16,35,10,61,0,0,0,61
12/10/2004,MGW,WV,AEA,CE,Federal Contract Tower,0,7,12,3,22,0,3,36,5,44,0,10,48,8,66,0,0,0,66
12/11/2004,MGW,WV,AEA,CE,Federal Contract Tower,0,5,3,0,8,0,10,25,0,35,0,15,28,0,43,0,0,0,43
12/12/2004,MGW,WV,AEA,CE,Federal Contract Tower,0,10,14,0,24,0,5,3,0,8,0,15,17,0,32,0,0,0,32
12/13/2004,MGW,WV,AEA,CE,Federal Contract Tower,0,12,7,0,19,0,11,8,0,19,0,23,15,0,38,0,0,0,38
12/14/2004,MGW,WV,AEA,CE,Federal Contract Tower,0,10,19,2,31,0,4,14,4,22,0,14,33,6,53,0,0,0,53
12/15/2004,MGW,WV,AEA,CE,Federal Contract Tower,0,13,15,0,28,0,21,42,10,73,0,34,57,10,101,24,0,24,125
12/16/2004,MGW,WV,AEA,CE,Federal Contract Tower,0,11,12,0,23,0,23,58,0,81,0,34,70,0,104,0,0,0,104
12/17/2004,MGW,WV,AEA,CE,Federal Contract Tower,0,11,11,0,22,0,25,36,0,61,0,36,47,0,83,0,0,0,83
12/18/2004,MGW,WV,AEA,CE,Federal Contract Tower,0,5,12,0,17,0,14,77,0,91,0,19,89,0,108,26,0,26,134
12/19/2004,MGW,WV,AEA,CE,Federal Contract Tower,0,5,4,0,9,0,1,3,0,4,0,6,7,0,13,0,0,0,13
12/20/2004,MGW,WV,AEA,CE,Federal Contract Tower,0,7,14,4,25,0,22,25,1,48,0,29,39,5,73,0,0,0,73
12/21/2004,MGW,WV,AEA,CE,Federal Contract Tower,0,13,18,0,31,0,13,29,0,42,0,26,47,0,73,16,0,16,89
12/22/2004,MGW,WV,AEA,CE,Federal Contract Tower,0,11,6,2,19,0,27,37,4,68,0,38,43,6,87,14,0,14,101
12/23/2004,MGW,WV,AEA,CE,Federal Contract Tower,0,12,1,0,13,0,9,3,0,12,0,21,4,0,25,0,0,0,25
12/24/2004,MGW,WV,AEA,CE,Federal Contract Tower,0,11,10,1,22,0,9,29,0,38,0,20,39,1,60,16,0,16,76
12/25/2004,MGW,WV,AEA,CE,Federal Contract Tower,0,4,2,0,6,0,8,4,0,12,0,12,6,0,18,0,0,0,18
12/26/2004,MGW,WV,AEA,CE,Federal Contract Tower,0,8,4,0,12,0,3,6,4,13,0,11,10,4,25,0,0,0,25
12/27/2004,MGW,WV,AEA,CE,Federal Contract Tower,0,9,7,0,16,0,22,39,0,61,0,31,46,0,77,0,0,0,77
12/28/2004,MGW,WV,AEA,CE,Federal Contract Tower,0,11,7,2,20,0,18,46,12,76,0,29,53,14,96,2,6,8,104
12/29/2004,MGW,WV,AEA,CE,Federal Contract Tower,0,11,5,0,16,0,23,27,23,73,0,34,32,23,89,0,16,16,105
12/30/2004,MGW,WV,AEA,CE,Federal Contract Tower,0,11,11,0,22,0,18,23,0,41,0,29,34,0,63,4,0,4,67
12/31/2004,MGW,WV,AEA,CE,Federal Contract Tower,0,10,5,0,15,0,16,19,12,47,0,26,24,12,62,0,10,10,72
01/01/2005,MGW,WV,AEA,CE,Federal Contract Tower,0,4,11,0,15,0,11,43,0,54,0,15,54,0,69,20,0,20,89
01/02/2005,MGW,WV,AEA,CE,Federal Contract Tower,0,11,7,0,18,0,2,21,0,23,0,13,28,0,41,8,0,8,49
01/03/2005,MGW,WV,AEA,CE,Federal Contract Tower,0,13,9,0,22,0,2,0,0,2,0,15,9,0,24,0,0,0,24
01/04/2005,MGW,WV,AEA,CE,Federal Contract Tower,0,14,11,0,25,0,4,0,0,4,0,18,11,0,29,0,0,0,29
01/05/2005,MGW,WV,AEA,CE,Federal Contract Tower,0,14,9,0,23,0,3,0,0,3,0,17,9,0,26,0,0,0,26
01/06/2005,MGW,WV,AEA,CE,Federal Contract Tower,0,11,10,0,21,0,10,10,0,20,0,21,20,0,41,0,0,0,41
01/07/2005,MGW,WV,AEA,CE,Federal Contract Tower,0,11,13,2,26,0,22,34,2,58,0,33,47,4,84,0,0,0,84
01/08/2005,MGW,WV,AEA,CE,Federal Contract Tower,0,4,14,0,18,0,16,13,0,29,0,20,27,0,47,0,0,0,47
01/09/2005,MGW,WV,AEA,CE,Federal Contract Tower,0,10,13,2,25,0,30,72,6,108,0,40,85,8,133,56,0,56,189
01/10/2005,MGW,WV,AEA,CE,Federal Contract Tower,0,10,5,0,15,0,8,41,2,51,0,18,46,2,66,18,0,18,84
01/11/2005,MGW,WV,AEA,CE,Federal Contract Tower,0,17,8,0,25,0,8,12,0,20,0,25,20,0,45,0,0,0,45
01/12/2005,MGW,WV,AEA,CE,Federal Contract Tower,0,16,19,2,37,0,17,39,2,58,0,33,58,4,95,12,0,12,107
01/13/2005,MGW,WV,AEA,CE,Federal Contract Tower,0,13,14,0,27,0,25,33,0,58,0,38,47,0,85,2,0,2,87
01/14/2005,MGW,WV,AEA,CE,Federal Contract Tower,0,13,4,6,23,0,13,16,4,33,0,26,20,10,56,0,0,0,56
01/15/2005,MGW,WV,AEA,CE,Federal Contract Tower,0,5,8,0,13,0,34,83,0,117,0,39,91,0,130,50,0,50,180
01/16/2005,MGW,WV,AEA,CE,Federal Contract Tower,0,10,4,0,14,0,6,26,12,44,0,16,30,12,58,0,0,0,58
01/17/2005,MGW,WV,AEA,CE,Federal Contract Tower,0,10,10,0,20,0,8,5,0,13,0,18,15,0,33,0,0,0,33
01/18/2005,MGW,WV,AEA,CE,Federal Contract Tower,0,14,6,0,20,0,17,33,0,50,0,31,39,0,70,14,0,14,84
01/19/2005,MGW,WV,AEA,CE,Federal Contract Tower,0,4,10,1,15,0,3,1,5,9,0,7,11,6,24,0,0,0,24
01/20/2005,MGW,WV,AEA,CE,Federal Contract Tower,0,13,2,2,17,0,3,3,2,8,0,16,5,4,25,0,0,0,25
01/21/2005,MGW,WV,AEA,CE,Federal Contract Tower,0,13,1,1,15,0,16,48,1,65,0,29,49,2,80,14,0,14,94
01/22/2005,MGW,WV,AEA,CE,Federal Contract Tower,0,2,0,0,2,0,0,0,0,0,0,2,0,0,2,0,0,0,2
01/23/2005,MGW,WV,AEA,CE,Federal Contract Tower,0,12,1,0,13,0,18,0,0,18,0,30,1,0,31,0,0,0,31
01/24/2005,MGW,WV,AEA,CE,Federal Contract Tower,0,9,5,0,14,0,23,8,0,31,0,32,13,0,45,0,0,0,45
01/25/2005,MGW,WV,AEA,CE,Federal Contract Tower,0,15,8,1,24,0,7,13,1,21,0,22,21,2,45,0,0,0,45
01/26/2005,MGW,WV,AEA,CE,Federal Contract Tower,0,11,14,5,30,0,9,10,3,22,0,20,24,8,52,4,0,4,56
01/27/2005,MGW,WV,AEA,CE,Federal Contract Tower,0,11,9,6,26,0,18,30,9,57,0,29,39,15,83,2,0,2,85
01/28/2005,MGW,WV,AEA,CE,Federal Contract Tower,0,15,8,2,25,0,16,61,9,86,0,31,69,11,111,62,74,136,247
01/29/2005,MGW,WV,AEA,CE,Federal Contract Tower,0,4,0,3,7,0,9,19,16,44,0,13,19,19,51,22,6,28,79
01/30/2005,MGW,WV,AEA,CE,Federal Contract Tower,0,8,4,0,12,0,7,5,0,12,0,15,9,0,24,0,0,0,24
01/31/2005,MGW,WV,AEA,CE,Federal Contract Tower,0,12,18,0,30,0,11,38,0,49,0,23,56,0,79,12,0,12,91
02/01/2005,MGW,WV,AEA,CE,Federal Contract Tower,0,11,8,0,19,0,15,66,8,89,0,26,74,8,108,16,76,92,200
02/02/2005,MGW,WV,AEA,CE,Federal Contract Tower,0,9,6,1,16,0,26,33,1,60,0,35,39,2,76,30,0,30,106
02/03/2005,MGW,WV,AEA,CE,Federal Contract Tower,0,14,10,2,26,0,4,3,0,7,0,18,13,2,33,0,0,0,33
02/04/2005,MGW,WV,AEA,CE,Federal Contract Tower,0,12,14,6,32,0,17,31,3,51,0,29,45,9,83,16,30,46,129
02/05/2005,MGW,WV,AEA,CE,Federal Contract Tower,0,5,16,5,26,0,65,72,17,154,0,70,88,22,180,72,4,76,256
02/06/2005,MGW,WV,AEA,CE,Federal Contract Tower,0,10,15,2,27,0,13,52,9,74,0,23,67,11,101,18,0,18,119
02/07/2005,MGW,WV,AEA,CE,Federal Contract Tower,0,10,7,3,20,0,15,64,10,89,0,25,71,13,109,86,10,96,205
02/08/2005,MGW,WV,AEA,CE,Federal Contract Tower,0,18,11,4,33,0,8,2,0,10,0,26,13,4,43,0,0,0,43
02/09/2005,MGW,WV,AEA,CE,Federal Contract Tower,0,12,22,2,36,0,2,1,1,4,0,14,23,3,40,0,0,0,40
02/10/2005,MGW,WV,AEA,CE,Federal Contract Tower,0,11,20,6,37,0,12,1,0,13,0,23,21,6,50,0,0,0,50
02/11/2005,MGW,WV,AEA,CE,Federal Contract Tower,0,11,8,17,36,0,7,12,16,35,0,18,20,33,71,0,0,0,71
02/12/2005,MGW,WV,AEA,CE,Federal Contract Tower,0,4,2,3,9,0,40,23,4,67,0,44,25,7,76,26,0,26,102
02/13/2005,MGW,WV,AEA,CE,Federal Contract Tower,0,10,11,1,22,0,15,51,7,73,0,25,62,8,95,26,0,26,121
02/14/2005,MGW,WV,AEA,CE,Federal Contract Tower,0,10,7,4,21,0,10,6,4,20,0,20,13,8,41,0,0,0,41
02/15/2005,MGW,WV,AEA,CE,Federal Contract Tower,0,10,9,3,22,0,15,51,3,69,0,25,60,6,91,36,0,36,127
02/16/2005,MGW,WV,AEA,CE,Federal Contract Tower,0,14,4,2,20,0,5,6,4,15,0,19,10,6,35,0,0,0,35
02/17/2005,MGW,WV,AEA,CE,Federal Contract Tower,0,14,12,4,30,0,17,4,1,22,0,31,16,5,52,0,0,0,52
02/18/2005,MGW,WV,AEA,CE,Federal Contract Tower,0,15,12,2,29,0,23,26,2,51,0,38,38,4,80,56,0,56,136
02/19/2005,MGW,WV,AEA,CE,Federal Contract Tower,0,5,11,0,16,0,24,66,3,93,0,29,77,3,109,32,0,32,141
02/20/2005,MGW,WV,AEA,CE,Federal Contract Tower,0,10,1,0,11,0,0,4,0,4,0,10,5,0,15,0,0,0,15
02/21/2005,MGW,WV,AEA,CE,Federal Contract Tower,0,7,26,0,33,0,0,11,0,11,0,7,37,0,44,14,0,14,58
02/22/2005,MGW,WV,AEA,CE,Federal Contract Tower,0,15,15,0,30,0,14,32,0,46,0,29,47,0,76,24,0,24,100
02/23/2005,MGW,WV,AEA,CE,Federal Contract Tower,0,10,7,0,17,0,15,33,6,54,0,25,40,6,71,24,0,24,95
02/24/2005,MGW,WV,AEA,CE,Federal Contract Tower,0,13,14,0,27,0,1,2,0,3,0,14,16,0,30,0,0,0,30
02/25/2005,MGW,WV,AEA,CE,Federal Contract Tower,0,13,19,6,38,0,27,15,0,42,0,40,34,6,80,8,0,8,88
02/26/2005,MGW,WV,AEA,CE,Federal Contract Tower,0,4,8,2,14,0,17,15,0,32,0,21,23,2,46,0,0,0,46
02/27/2005,MGW,WV,AEA,CE,Federal Contract Tower,0,12,12,4,28,0,16,44,10,70,0,28,56,14,98,14,0,14,112
02/28/2005,MGW,WV,AEA,CE,Federal Contract Tower,0,8,5,0,13,0,1,1,0,2,0,9,6,0,15,0,0,0,15
03/01/2005,MGW,WV,AEA,CE,Federal Contract Tower,0,10,9,0,19,0,1,0,0,1,0,11,9,0,20,0,0,0,20
03/02/2005,MGW,WV,AEA,CE,Federal Contract Tower,0,13,7,3,23,0,3,10,2,15,0,16,17,5,38,0,0,0,38
03/03/2005,MGW,WV,AEA,CE,Federal Contract Tower,0,17,15,0,32,0,13,26,0,39,0,30,41,0,71,6,0,6,77
03/04/2005,MGW,WV,AEA,CE,Federal Contract Tower,0,15,15,20,50,0,6,36,4,46,0,21,51,24,96,28,0,28,124
03/05/2005,MGW,WV,AEA,CE,Federal Contract Tower,0,4,5,13,22,0,14,27,9,50,0,18,32,22,72,26,0,26,98
03/06/2005,MGW,WV,AEA,CE,Federal Contract Tower,0,12,8,6,26,0,24,23,2,49,0,36,31,8,75,0,0,0,75
03/07/2005,MGW,WV,AEA,CE,Federal Contract Tower,0,10,5,4,19,0,2,32,4,38,0,12,37,8,57,0,10,10,67
03/08/2005,MGW,WV,AEA,CE,Federal Contract Tower,0,15,8,0,23,0,5,3,0,8,0,20,11,0,31,0,0,0,31
03/09/2005,MGW,WV,AEA,CE,Federal Contract Tower,0,11,12,2,25,0,11,25,0,36,0,22,37,2,61,0,0,0,61
03/10/2005,MGW,WV,AEA,CE,Federal Contract Tower,0,12,9,13,34,0,15,42,14,71,0,27,51,27,105,38,4,42,147
03/11/2005,MGW,WV,AEA,CE,Federal Contract Tower,0,8,9,0,17,0,4,21,0,25,0,12,30,0,42,0,0,0,42
03/12/2005,MGW,WV,AEA,CE,Federal Contract Tower,0,6,3,0,9,0,11,15,0,26,0,17,18,0,35,0,0,0,35
03/13/2005,MGW,WV,AEA,CE,Federal Contract Tower,0,11,6,2,19,0,15,42,0,57,0,26,48,2,76,14,0,14,90
03/14/2005,MGW,WV,AEA,CE,Federal Contract Tower,0,10,12,0,22,0,26,58,3,87,0,36,70,3,109,20,0,20,129
03/15/2005,MGW,WV,AEA,CE,Federal Contract Tower,0,13,11,7,31,0,17,77,20,114,0,30,88,27,145,90,0,90,235
03/16/2005,MGW,WV,AEA,CE,Federal Contract Tower,0,15,15,8,38,0,20,45,20,85,0,35,60,28,123,16,2,18,141
03/17/2005,MGW,WV,AEA,CE,Federal Contract Tower,0,10,15,3,28,0,14,44,9,67,0,24,59,12,95,22,0,22,117
03/18/2005,MGW,WV,AEA,CE,Federal Contract Tower,0,12,13,2,27,0,22,56,2,80,0,34,69,4,107,20,0,20,127
03/19/2005,MGW,WV,AEA,CE,Federal Contract Tower,0,4,6,0,10,0,9,30,0,39,0,13,36,0,49,14,0,14,63
03/20/2005,MGW,WV,AEA,CE,Federal Contract Tower,0,12,10,0,22,0,15,7,2,24,0,27,17,2,46,0,0,0,46
03/21/2005,MGW,WV,AEA,CE,Federal Contract Tower,0,14,17,1,32,0,12,32,9,53,0,26,49,10,85,20,6,26,111
03/22/2005,MGW,WV,AEA,CE,Federal Contract Tower,0,11,15,0,26,0,22,58,0,80,0,33,73,0,106,22,0,22,128
03/23/2005,MGW,WV,AEA,CE,Federal Contract Tower,0,13,10,0,23,0,5,7,0,12,0,18,17,0,35,0,0,0,35
03/24/2005,MGW,WV,AEA,CE,Federal Contract Tower,0,11,25,2,38,0,3,1,0,4,0,14,26,2,42,0,0,0,42
03/25/2005,MGW,WV,AEA,CE,Federal Contract Tower,0,10,15,3,28,0,5,9,3,17,0,15,24,6,45,0,0,0,45
03/26/2005,MGW,WV,AEA,CE,Federal Contract Tower,0,7,14,0,21,0,20,33,4,57,0,27,47,4,78,16,0,16,94
03/27/2005,MGW,WV,AEA,CE,Federal Contract Tower,0,9,8,0,17,0,6,20,2,28,0,15,28,2,45,0,0,0,45
03/28/2005,MGW,WV,AEA,CE,Federal Contract Tower,0,14,6,0,20,0,0,2,0,2,0,14,8,0,22,0,0,0,22
03/29/2005,MGW,WV,AEA,CE,Federal Contract Tower,0,15,24,0,39,0,17,29,5,51,0,32,53,5,90,0,0,0,90
03/30/2005,MGW,WV,AEA,CE,Federal Contract Tower,0,9,13,1,23,0,25,38,9,72,0,34,51,10,95,42,10,52,147
03/31/2005,MGW,WV,AEA,CE,Federal Contract Tower,0,12,17,1,30,0,32,42,3,77,0,44,59,4,107,26,0,26,133
04/01/2005,MGW,WV,AEA,CE,Federal Contract Tower,0,12,10,8,30,0,27,28,10,65,0,39,38,18,95,10,4,14,109
04/02/2005,MGW,WV,AEA,CE,Federal Contract Tower,0,5,6,3,14,0,0,4,0,4,0,5,10,3,18,0,0,0,18
04/03/2005,MGW,WV,AEA,CE,Federal Contract Tower,0,11,7,3,21,0,13,2,1,16,0,24,9,4,37,0,0,0,37
04/04/2005,MGW,WV,AEA,CE,Federal Contract Tower,0,10,8,2,20,0,18,34,3,55,0,28,42,5,75,22,0,22,97
04/05/2005,MGW,WV,AEA,CE,Federal Contract Tower,0,11,7,7,25,0,19,50,13,82,0,30,57,20,107,26,4,30,137
04/06/2005,MGW,WV,AEA,CE,Federal Contract Tower,0,13,7,7,27,0,11,46,14,71,0,24,53,21,98,18,0,18,116
04/07/2005,MGW,WV,AEA,CE,Federal Contract Tower,0,15,5,1,21,0,20,32,11,63,0,35,37,12,84,32,0,32,116
04/08/2005,MGW,WV,AEA,CE,Federal Contract Tower,0,6,7,4,17,0,20,41,4,65,0,26,48,8,82,60,0,60,142
04/09/2005,MGW,WV,AEA,CE,Federal Contract Tower,0,11,9,0,20,0,38,85,6,129,0,49,94,6,149,60,8,68,217
04/10/2005,MGW,WV,AEA,CE,Federal Contract Tower,0,11,15,0,26,0,16,70,2,88,0,27,85,2,114,32,0,32,146
04/11/2005,MGW,WV,AEA,CE,Federal Contract Tower,0,11,7,6,24,0,14,26,10,50,0,25,33,16,74,14,0,14,88
04/12/2005,MGW,WV,AEA,CE,Federal Contract Tower,0,14,12,6,32,0,26,22,13,61,0,40,34,19,93,0,0,0,93
04/13/2005,MGW,WV,AEA,CE,Federal Contract Tower,0,10,21,4,35,0,10,53,4,67,0,20,74,8,102,52,0,52,154
04/14/2005,MGW,WV,AEA,CE,Federal Contract Tower,0,12,14,3,29,0,9,40,31,80,0,21,54,34,109,18,10,28,137
04/15/2005,MGW,WV,AEA,CE,Federal Contract Tower,0,9,19,7,35,0,17,27,13,57,0,26,46,20,92,22,0,22,114
04/16/2005,MGW,WV,AEA,CE,Federal Contract Tower,0,6,5,5,16,0,12,49,5,66,0,18,54,10,82,46,0,46,128
04/17/2005,MGW,WV,AEA,CE,Federal Contract Tower,0,10,13,0,23,0,53,55,0,108,0,63,68,0,131,8,0,8,139
04/18/2005,MGW,WV,AEA,CE,Federal Contract Tower,0,10,18,4,32,0,31,39,5,75,0,41,57,9,107,28,0,28,135
04/19/2005,MGW,WV,AEA,CE,Federal Contract Tower,0,18,16,3,37,0,28,18,4,50,0,46,34,7,87,5,2,7,94
04/20/2005,MGW,WV,AEA,CE,Federal Contract Tower,0,13,12,4,29,0,18,44,4,66,0,31,56,8,95,0,0,0,95
04/21/2005,MGW,WV,AEA,CE,Federal Contract Tower,0,22,22,1,45,0,14,5,0,19,0,36,27,1,64,0,0,0,64
04/22/2005,MGW,WV,AEA,CE,Federal Contract Tower,0,19,11,4,34,0,2,4,3,9,0,21,15,7,43,0,8,8,51
04/23/2005,MGW,WV,AEA,CE,Federal Contract Tower,0,4,8,0,12,0,9,3,0,12,0,13,11,0,24,0,0,0,24
04/24/2005,MGW,WV,AEA,CE,Federal Contract Tower,0,11,9,0,20,0,0,0,3,3,0,11,9,3,23,0,0,0,23
04/25/2005,MGW,WV,AEA,CE,Federal Contract Tower,0,10,18,1,29,0,20,28,2,50,0,30,46,3,79,150,0,150,229
04/26/2005,MGW,WV,AEA,CE,Federal Contract Tower,0,11,16,2,29,0,26,19,1,46,0,37,35,3,75,146,2,148,223
04/27/2005,MGW,WV,AEA,CE,Federal Contract Tower,0,11,11,7,29,0,14,13,8,35,0,25,24,15,64,22,6,28,92
04/28/2005,MGW,WV,AEA,CE,Federal Contract Tower,0,14,16,0,30,0,9,43,3,55,0,23,59,3,85,24,0,24,109
04/29/2005,MGW,WV,AEA,CE,Federal Contract Tower,0,13,10,2,25,0,6,13,1,20,0,19,23,3,45,14,0,14,59
04/30/2005,MGW,WV,AEA,CE,Federal Contract Tower,0,5,8,0,13,0,22,192,0,214,0,27,200,0,227,10,0,10,237
05/01/2005,MGW,WV,AEA,CE,Federal Contract Tower,0,13,12,0,25,0,4,27,0,31,0,17,39,0,56,44,0,44,100
05/02/2005,MGW,WV,AEA,CE,Federal Contract Tower,0,13,9,1,23,0,16,12,1,29,0,29,21,2,52,0,0,0,52
05/03/2005,MGW,WV,AEA,CE,Federal Contract Tower,0,12,16,2,30,0,15,49,4,68,0,27,65,6,98,48,6,54,152
05/04/2005,MGW,WV,AEA,CE,Federal Contract Tower,0,11,25,1,37,0,15,68,5,88,0,26,93,6,125,58,0,58,183
05/05/2005,MGW,WV,AEA,CE,Federal Contract Tower,0,11,14,0,25,0,17,46,6,69,0,28,60,6,94,38,0,38,132
05/06/2005,MGW,WV,AEA,CE,Federal Contract Tower,0,11,34,2,47,0,19,29,0,48,0,30,63,2,95,40,14,54,149
05/07/2005,MGW,WV,AEA,CE,Federal Contract Tower,0,7,4,0,11,0,28,33,4,65,0,35,37,4,76,24,20,44,120
05/08/2005,MGW,WV,AEA,CE,Federal Contract Tower,0,10,5,0,15,0,18,72,8,98,0,28,77,8,113,48,26,74,187
05/09/2005,MGW,WV,AEA,CE,Federal Contract Tower,0,14,15,0,29,0,35,66,7,108,0,49,81,7,137,114,6,120,257
05/10/2005,MGW,WV,AEA,CE,Federal Contract Tower,0,18,18,0,36,0,9,63,2,74,0,27,81,2,110,82,12,94,204
05/11/2005,MGW,WV,AEA,CE,Federal Contract Tower,0,15,23,2,40,0,15,37,4,56,0,30,60,6,96,70,0,70,166
05/12/2005,MGW,WV,AEA,CE,Federal Contract Tower,0,25,22,6,53,0,3,4,2,9,0,28,26,8,62,2,0,2,64
05/13/2005,MGW,WV,AEA,CE,Federal Contract Tower,0,15,15,2,32,0,31,45,0,76,0,46,60,2,108,36,0,36,144
05/14/2005,MGW,WV,AEA,CE,Federal Contract Tower,0,5,6,0,11,0,15,15,0,30,0,20,21,0,41,4,0,4,45
05/15/2005,MGW,WV,AEA,CE,Federal Contract Tower,0,13,21,2,36,0,29,48,2,79,0,42,69,4,115,80,0,80,195
05/16/2005,MGW,WV,AEA,CE,Federal Contract Tower,0,14,15,0,29,0,14,52,10,76,0,28,67,10,105,32,0,32,137
05/17/2005,MGW,WV,AEA,CE,Federal Contract Tower,0,14,30,2,46,0,13,79,10,102,0,27,109,12,148,88,0,88,236
05/18/2005,MGW,WV,AEA,CE,Federal Contract Tower,0,15,23,1,39,0,14,53,9,76,0,29,76,10,115,30,10,40,155
05/19/2005,MGW,WV,AEA,CE,Federal Contract Tower,0,16,20,1,37,0,19,21,3,43,0,35,41,4,80,24,0,24,104
05/20/2005,MGW,WV,AEA,CE,Federal Contract Tower,0,13,9,4,26,0,9,23,1,33,0,22,32,5,59,18,0,18,77
05/21/2005,MGW,WV,AEA,CE,Federal Contract Tower,0,9,7,0,16,0,20,62,2,84,0,29,69,2,100,120,0,120,220
05/22/2005,MGW,WV,AEA,CE,Federal Contract Tower,0,13,11,1,25,0,18,49,1,68,0,31,60,2,93,8,0,8,101
05/23/2005,MGW,WV,AEA,CE,Federal Contract Tower,0,16,16,2,34,0,20,46,0,66,0,36,62,2,100,0,0,0,100
05/24/2005,MGW,WV,AEA,CE,Federal Contract Tower,0,18,23,2,43,0,3,6,0,9,0,21,29,2,52,0,0,0,52
05/25/2005,MGW,WV,AEA,CE,Federal Contract Tower,0,10,11,1,22,0,15,19,7,41,0,25,30,8,63,14,4,18,81
05/26/2005,MGW,WV,AEA,CE,Federal Contract Tower,0,12,16,0,28,0,25,50,0,75,0,37,66,0,103,66,0,66,169
05/27/2005,MGW,WV,AEA,CE,Federal Contract Tower,0,13,14,3,30,0,33,49,3,85,0,46,63,6,115,34,6,40,155
05/28/2005,MGW,WV,AEA,CE,Federal Contract Tower,0,5,14,0,19,0,4,3,0,7,0,9,17,0,26,0,0,0,26
05/29/2005,MGW,WV,AEA,CE,Federal Contract Tower,0,14,17,0,31,0,26,46,8,80,0,40,63,8,111,58,10,68,179
05/30/2005,MGW,WV,AEA,CE,Federal Contract Tower,0,11,14,0,25,0,28,43,0,71,0,39,57,0,96,52,0,52,148
05/31/2005,MGW,WV,AEA,CE,Federal Contract Tower,0,11,3,0,14,0,21,57,4,82,0,32,60,4,96,18,0,18,114
06/01/2005,MGW,WV,AEA,CE,Federal Contract Tower,0,11,14,1,26,0,30,69,3,102,0,41,83,4,128,58,0,58,186
06/02/2005,MGW,WV,AEA,CE,Federal Contract Tower,0,12,16,2,30,0,31,28,0,59,0,43,44,2,89,10,8,18,107
06/03/2005,MGW,WV,AEA,CE,Federal Contract Tower,0,11,15,4,30,0,14,36,0,50,0,25,51,4,80,24,2,26,106
06/04/2005,MGW,WV,AEA,CE,Federal Contract Tower,0,5,10,3,18,0,27,43,0,70,0,32,53,3,88,14,4,18,106
06/05/2005,MGW,WV,AEA,CE,Federal Contract Tower,0,10,19,1,30,0,23,43,0,66,0,33,62,1,96,28,0,28,124
06/06/2005,MGW,WV,AEA,CE,Federal Contract Tower,0,10,14,2,26,0,16,25,0,41,0,26,39,2,67,30,2,32,99
06/07/2005,MGW,WV,AEA,CE,Federal Contract Tower,0,12,18,6,36,0,15,53,8,76,0,27,71,14,112,48,0,48,160
06/08/2005,MGW,WV,AEA,CE,Federal Contract Tower,0,12,17,4,33,0,17,36,11,64,0,29,53,15,97,46,32,78,175
06/09/2005,MGW,WV,AEA,CE,Federal Contract Tower,0,13,15,0,28,0,22,34,4,60,0,35,49,4,88,2,0,2,90
06/10/2005,MGW,WV,AEA,CE,Federal Contract Tower,0,11,14,0,25,0,22,41,0,63,0,33,55,0,88,24,0,24,112
06/11/2005,MGW,WV,AEA,CE,Federal Contract Tower,0,5,7,0,12,0,16,43,0,59,0,21,50,0,71,0,0,0,71
06/12/2005,MGW,WV,AEA,CE,Federal Contract Tower,0,14,11,0,25,0,34,44,0,78,0,48,55,0,103,46,0,46,149
06/13/2005,MGW,WV,AEA,CE,Federal Contract Tower,0,12,13,1,26,0,15,27,1,43,0,27,40,2,69,6,0,6,75
06/14/2005,MGW,WV,AEA,CE,Federal Contract Tower,0,13,23,3,39,0,24,24,3,51,0,37,47,6,90,0,0,0,90
06/15/2005,MGW,WV,AEA,CE,Federal Contract Tower,0,12,20,9,41,0,16,75,8,99,0,28,95,17,140,30,38,68,208
06/16/2005,MGW,WV,AEA,CE,Federal Contract Tower,0,10,14,2,26,0,11,14,6,31,0,21,28,8,57,10,6,16,73
06/17/2005,MGW,WV,AEA,CE,Federal Contract Tower,0,15,27,3,45,0,15,67,1,83,0,30,94,4,128,28,0,28,156
06/18/2005,MGW,WV,AEA,CE,Federal Contract Tower,0,6,8,0,14,0,36,66,12,114,0,42,74,12,128,124,22,146,274
06/19/2005,MGW,WV,AEA,CE,Federal Contract Tower,0,12,15,0,27,0,10,47,0,57,0,22,62,0,84,32,0,32,116
06/20/2005,MGW,WV,AEA,CE,Federal Contract Tower,0,13,18,0,31,0,49,43,0,92,0,62,61,0,123,20,0,20,143
06/21/2005,MGW,WV,AEA,CE,Federal Contract Tower,0,15,13,2,30,0,27,78,11,116,0,42,91,13,146,6,0,6,152
06/22/2005,MGW,WV,AEA,CE,Federal Contract Tower,0,12,12,4,28,0,20,60,4,84,0,32,72,8,112,44,0,44,156
06/23/2005,MGW,WV,AEA,CE,Federal Contract Tower,0,14,19,2,35,0,22,78,6,106,0,36,97,8,141,66,30,96,237
06/24/2005,MGW,WV,AEA,CE,Federal Contract Tower,0,13,30,0,43,0,31,66,4,101,0,44,96,4,144,18,10,28,172
06/25/2005,MGW,WV,AEA,CE,Federal Contract Tower,0,6,12,1,19,0,48,54,9,111,0,54,66,10,130,14,4,18,148
06/26/2005,MGW,WV,AEA,CE,Federal Contract Tower,0,14,17,0,31,0,35,77,6,118,0,49,94,6,149,58,8,66,215
06/27/2005,MGW,WV,AEA,CE,Federal Contract Tower,0,10,7,4,21,0,18,49,0,67,0,28,56,4,88,14,8,22,110
06/28/2005,MGW,WV,AEA,CE,Federal Contract Tower,0,13,19,4,36,0,16,45,7,68,0,29,64,11,104,18,0,18,122
06/29/2005,MGW,WV,AEA,CE,Federal Contract Tower,0,11,7,4,22,0,32,35,4,71,0,43,42,8,93,20,0,20,113
06/30/2005,MGW,WV,AEA,CE,Federal Contract Tower,0,14,18,2,34,0,16,44,2,62,0,30,62,4,96,22,0,22,118
07/01/2005,MGW,WV,AEA,CE,Federal Contract Tower,0,12,15,0,27,0,19,37,1,57,0,31,52,1,84,12,0,12,96
07/02/2005,MGW,WV,AEA,CE,Federal Contract Tower,0,6,12,0,18,0,19,59,6,84,0,25,71,6,102,44,0,44,146
07/03/2005,MGW,WV,AEA,CE,Federal Contract Tower,0,10,7,1,18,0,25,30,1,56,0,35,37,2,74,36,4,40,114
07/04/2005,MGW,WV,AEA,CE,Federal Contract Tower,0,11,6,4,21,0,28,24,1,53,0,39,30,5,74,58,0,58,132
07/05/2005,MGW,WV,AEA,CE,Federal Contract Tower,0,15,3,0,18,0,11,34,0,45,0,26,37,0,63,0,0,0,63
07/06/2005,MGW,WV,AEA,CE,Federal Contract Tower,0,11,12,4,27,0,14,24,4,42,0,25,36,8,69,36,6,42,111
07/07/2005,MGW,WV,AEA,CE,Federal Contract Tower,0,13,16,2,31,0,11,24,1,36,0,24,40,3,67,0,0,0,67
07/08/2005,MGW,WV,AEA,CE,Federal Contract Tower,0,11,15,4,30,0,27,19,0,46,0,38,34,4,76,0,0,0,76
07/09/2005,MGW,WV,AEA,CE,Federal Contract Tower,0,6,7,3,16,0,12,61,0,73,0,18,68,3,89,44,0,44,133
07/10/2005,MGW,WV,AEA,CE,Federal Contract Tower,0,10,13,3,26,0,29,77,0,106,0,39,90,3,132,62,0,62,194
07/11/2005,MGW,WV,AEA,CE,Federal Contract Tower,0,10,4,0,14,0,19,60,0,79,0,29,64,0,93,90,0,90,183
07/12/2005,MGW,WV,AEA,CE,Federal Contract Tower,0,10,8,0,18,0,20,45,6,71,0,30,53,6,89,30,0,30,119
07/13/2005,MGW,WV,AEA,CE,Federal Contract Tower,0,10,11,1,22,0,13,33,0,46,0,23,44,1,68,2,2,4,72
07/14/2005,MGW,WV,AEA,CE,Federal Contract Tower,0,12,15,0,27,0,10,33,0,43,0,22,48,0,70,22,0,22,92
07/15/2005,MGW,WV,AEA,CE,Federal Contract Tower,0,12,17,0,29,0,6,31,0,37,0,18,48,0,66,48,0,48,114
07/16/2005,MGW,WV,AEA,CE,Federal Contract Tower,0,6,6,0,12,0,33,29,0,62,0,39,35,0,74,36,0,36,110
07/17/2005,MGW,WV,AEA,CE,Federal Contract Tower,0,11,19,0,30,0,15,33,0,48,0,26,52,0,78,22,0,22,100
07/18/2005,MGW,WV,AEA,CE,Federal Contract Tower,0,11,12,0,23,0,5,39,0,44,0,16,51,0,67,16,0,16,83
07/19/2005,MGW,WV,AEA,CE,Federal Contract Tower,0,13,20,2,35,0,17,35,4,56,0,30,55,6,91,36,0,36,127
07/20/2005,MGW,WV,AEA,CE,Federal Contract Tower,0,13,14,0,27,0,12,56,0,68,0,25,70,0,95,10,0,10,105
07/21/2005,MGW,WV,AEA,CE,Federal Contract Tower,0,10,24,0,34,0,19,29,0,48,0,29,53,0,82,40,0,40,122
07/22/2005,MGW,WV,AEA,CE,Federal Contract Tower,0,14,15,0,29,0,35,30,0,65,0,49,45,0,94,18,0,18,112
07/23/2005,MGW,WV,AEA,CE,Federal Contract Tower,0,12,11,1,24,0,13,58,0,71,0,25,69,1,95,46,0,46,141
07/24/2005,MGW,WV,AEA,CE,Federal Contract Tower,0,12,14,1,27,0,48,52,5,105,0,60,66,6,132,14,0,14,146
07/25/2005,MGW,WV,AEA,CE,Federal Contract Tower,0,10,15,5,30,0,13,21,1,35,0,23,36,6,65,0,0,0,65
07/26/2005,MGW,WV,AEA,CE,Federal Contract Tower,0,10,20,5,35,0,3,58,5,66,0,13,78,10,101,0,0,0,101
07/27/2005,MGW,WV,AEA,CE,Federal Contract Tower,0,12,16,0,28,0,10,24,0,34,0,22,40,0,62,0,0,0,62
07/28/2005,MGW,WV,AEA,CE,Federal Contract Tower,0,12,19,2,33,0,17,63,0,80,0,29,82,2,113,10,0,10,123
07/29/2005,MGW,WV,AEA,CE,Federal Contract Tower,0,10,19,0,29,0,23,49,2,74,0,33,68,2,103,26,38,64,167
07/30/2005,MGW,WV,AEA,CE,Federal Contract Tower,0,5,16,0,21,0,15,58,16,89,0,20,74,16,110,64,30,94,204
07/31/2005,MGW,WV,AEA,CE,Federal Contract Tower,0,14,10,1,25,0,19,37,4,60,0,33,47,5,85,10,0,10,95
08/01/2005,MGW,WV,AEA,CE,Federal Contract Tower,0,16,9,0,25,0,24,52,0,76,0,40,61,0,101,26,0,26,127
08/02/2005,MGW,WV,AEA,CE,Federal Contract Tower,0,12,7,0,19,0,44,65,0,109,0,56,72,0,128,84,0,84,212
08/03/2005,MGW,WV,AEA,CE,Federal Contract Tower,0,13,16,0,29,0,23,37,22,82,0,36,53,22,111,36,22,58,169
08/04/2005,MGW,WV,AEA,CE,Federal Contract Tower,0,14,17,1,32,0,30,41,3,74,0,44,58,4,106,36,0,36,142
08/05/2005,MGW,WV,AEA,CE,Federal Contract Tower,0,17,2,2,21,0,19,47,0,66,0,36,49,2,87,0,0,0,87
08/06/2005,MGW,WV,AEA,CE,Federal Contract Tower,0,9,20,2,31,0,20,43,6,69,0,29,63,8,100,48,0,48,148
08/07/2005,MGW,WV,AEA,CE,Federal Contract Tower,0,11,7,2,20,0,24,41,0,65,0,35,48,2,85,40,0,40,125
08/08/2005,MGW,WV,AEA,CE,Federal Contract Tower,0,10,7,2,19,0,13,17,2,32,0,23,24,4,51,0,0,0,51
08/09/2005,MGW,WV,AEA,CE,Federal Contract Tower,0,18,16,1,35,0,17,54,11,82,0,35,70,12,117,10,4,14,131
08/10/2005,MGW,WV,AEA,CE,Federal Contract Tower,0,14,17,2,33,0,25,51,6,82,0,39,68,8,115,68,2,70,185
08/11/2005,MGW,WV,AEA,CE,Federal Contract Tower,0,11,21,5,37,0,17,53,12,82,0,28,74,17,119,36,16,52,171
08/12/2005,MGW,WV,AEA,CE,Federal Contract Tower,0,10,19,0,29,0,25,65,2,92,0,35,84,2,121,10,0,10,131
08/13/2005,MGW,WV,AEA,CE,Federal Contract Tower,0,4,8,0,12,0,26,53,2,81,0,30,61,2,93,2,0,2,95
08/14/2005,MGW,WV,AEA,CE,Federal Contract Tower,0,11,6,0,17,0,11,46,2,59,0,22,52,2,76,26,0,26,102
08/15/2005,MGW,WV,AEA,CE,Federal Contract Tower,0,13,15,5,33,0,6,60,6,72,0,19,75,11,105,0,0,0,105
08/16/2005,MGW,WV,AEA,CE,Federal Contract Tower,0,10,15,4,29,0,4,3,4,11,0,14,18,8,40,0,0,0,40
08/17/2005,MGW,WV,AEA,CE,Federal Contract Tower,0,13,25,6,44,0,18,32,4,54,0,31,57,10,98,34,2,36,134
08/18/2005,MGW,WV,AEA,CE,Federal Contract Tower,0,13,23,1,37,0,24,56,4,84,0,37,79,5,121,0,0,0,121
08/19/2005,MGW,WV,AEA,CE,Federal Contract Tower,0,14,16,2,32,0,22,43,4,69,0,36,59,6,101,14,4,18,119
08/20/2005,MGW,WV,AEA,CE,Federal Contract Tower,0,2,19,0,21,0,5,44,0,49,0,7,63,0,70,46,0,46,116
08/21/2005,MGW,WV,AEA,CE,Federal Contract Tower,0,10,19,0,29,0,14,45,0,59,0,24,64,0,88,54,0,54,142
08/22/2005,MGW,WV,AEA,CE,Federal Contract Tower,0,13,15,0,28,0,10,63,10,83,0,23,78,10,111,20,14,34,145
08/23/2005,MGW,WV,AEA,CE,Federal Contract Tower,0,10,13,0,23,0,27,68,11,106,0,37,81,11,129,76,0,76,205
08/24/2005,MGW,WV,AEA,CE,Federal Contract Tower,0,12,19,3,34,0,23,35,3,61,0,35,54,6,95,14,0,14,109
08/25/2005,MGW,WV,AEA,CE,Federal Contract Tower,0,15,17,0,32,0,29,71,0,100,0,44,88,0,132,124,0,124,256
08/26/2005,MGW,WV,AEA,CE,Federal Contract Tower,0,20,21,6,47,0,17,31,5,53,0,37,52,11,100,66,6,72,172
08/27/2005,MGW,WV,AEA,CE,Federal Contract Tower,0,5,15,0,20,0,0,2,0,2,0,5,17,0,22,0,0,0,22
08/28/2005,MGW,WV,AEA,CE,Federal Contract Tower,0,14,10,0,24,0,7,41,0,48,0,21,51,0,72,42,0,42,114
08/29/2005,MGW,WV,AEA,CE,Federal Contract Tower,0,12,10,5,27,0,16,9,5,30,0,28,19,10,57,0,0,0,57
08/30/2005,MGW,WV,AEA,CE,Federal Contract Tower,0,12,9,3,24,0,13,24,3,40,0,25,33,6,64,0,0,0,64
08/31/2005,MGW,WV,AEA,CE,Federal Contract Tower,0,9,13,0,22,0,7,2,0,9,0,16,15,0,31,0,0,0,31
09/01/2005,MGW,WV,AEA,CE,Federal Contract Tower,0,12,13,5,30,0,20,34,1,55,0,32,47,6,85,78,6,84,169
09/02/2005,MGW,WV,AEA,CE,Federal Contract Tower,0,10,17,3,30,0,23,58,3,84,0,33,75,6,114,80,0,80,194
09/03/2005,MGW,WV,AEA,CE,Federal Contract Tower,0,4,3,0,7,0,17,63,0,80,0,21,66,0,87,8,0,8,95
09/04/2005,MGW,WV,AEA,CE,Federal Contract Tower,0,6,20,0,26,0,29,59,0,88,0,35,79,0,114,70,0,70,184
09/05/2005,MGW,WV,AEA,CE,Federal Contract Tower,0,10,9,0,19,0,7,66,0,73,0,17,75,0,92,68,0,68,160
09/06/2005,MGW,WV,AEA,CE,Federal Contract Tower,0,12,10,3,25,0,22,59,3,84,0,34,69,6,109,14,0,14,123
09/07/2005,MGW,WV,AEA,CE,Federal Contract Tower,0,14,20,2,36,0,24,44,0,68,0,38,64,2,104,52,0,52,156
09/08/2005,MGW,WV,AEA,CE,Federal Contract Tower,0,15,23,6,44,0,16,44,8,68,0,31,67,14,112,50,12,62,174
09/09/2005,MGW,WV,AEA,CE,Federal Contract Tower,0,10,17,2,29,0,9,46,3,58,0,19,63,5,87,30,14,44,131
09/10/2005,MGW,WV,AEA,CE,Federal Contract Tower,0,7,17,0,24,0,34,132,0,166,0,41,149,0,190,26,0,26,216
09/11/2005,MGW,WV,AEA,CE,Federal Contract Tower,0,11,8,2,21,0,20,66,0,86,0,31,74,2,107,50,0,50,157
09/12/2005,MGW,WV,AEA,CE,Federal Contract Tower,0,19,15,0,34,0,25,70,0,95,0,44,85,0,129,30,0,30,159
09/13/2005,MGW,WV,AEA,CE,Federal Contract Tower,0,29,37,0,66,0,40,62,0,102,0,69,99,0,168,48,0,48,216
09/14/2005,MGW,WV,AEA,CE,Federal Contract Tower,0,21,29,1,51,0,22,49,1,72,0,43,78,2,123,12,0,12,135
09/15/2005,MGW,WV,AEA,CE,Federal Contract Tower,0,11,27,2,40,0,22,43,7,72,0,33,70,9,112,14,18,32,144
09/16/2005,MGW,WV,AEA,CE,Federal Contract Tower,0,23,22,9,54,0,21,42,5,68,0,44,64,14,122,20,8,28,150
09/17/2005,MGW,WV,AEA,CE,Federal Contract Tower,0,11,12,0,23,0,37,37,0,74,0,48,49,0,97,22,0,22,119
09/18/2005,MGW,WV,AEA,CE,Federal Contract Tower,0,49,18,0,67,0,22,47,0,69,0,71,65,0,136,12,0,12,148
09/19/2005,MGW,WV,AEA,CE,Federal Contract Tower,0,11,8,9,28,0,25,47,10,82,0,36,55,19,110,30,0,30,140
09/20/2005,MGW,WV,AEA,CE,Federal Contract Tower,0,10,15,7,32,0,15,53,11,79,0,25,68,18,111,0,0,0,111
09/21/2005,MGW,WV,AEA,CE,Federal Contract Tower,0,15,13,7,35,0,11,40,6,57,0,26,53,13,92,14,4,18,110
09/22/2005,MGW,WV,AEA,CE,Federal Contract Tower,0,13,18,6,37,0,46,51,6,103,0,59,69,12,140,72,8,80,220
09/23/2005,MGW,WV,AEA,CE,Federal Contract Tower,0,9,37,9,55,0,10,39,9,58,0,19,76,18,113,64,10,74,187
09/24/2005,MGW,WV,AEA,CE,Federal Contract Tower,0,8,24,0,32,0,22,53,0,75,0,30,77,0,107,124,0,124,231
09/25/2005,MGW,WV,AEA,CE,Federal Contract Tower,0,10,17,1,28,0,16,22,1,39,0,26,39,2,67,22,4,26,93
09/26/2005,MGW,WV,AEA,CE,Federal Contract Tower,0,20,4,0,24,0,12,17,0,29,0,32,21,0,53,0,0,0,53
09/27/2005,MGW,WV,AEA,CE,Federal Contract Tower,0,15,16,0,31,0,41,55,6,102,0,56,71,6,133,64,0,64,197
09/28/2005,MGW,WV,AEA,CE,Federal Contract Tower,0,11,24,0,35,0,33,60,0,93,0,44,84,0,128,20,0,20,148
09/29/2005,MGW,WV,AEA,CE,Federal Contract Tower,0,19,33,1,53,0,17,24,3,44,0,36,57,4,97,48,0,48,145
09/30/2005,MGW,WV,AEA,CE,Federal Contract Tower,0,11,40,2,53,0,28,112,7,147,0,39,152,9,200,86,0,86,286
10/01/2005,MGW,WV,AEA,CE,Federal Contract Tower,0,4,51,4,59,0,33,101,1,135,0,37,152,5,194,140,6,146,340
10/02/2005,MGW,WV,AEA,CE,Federal Contract Tower,0,14,20,2,36,0,28,75,8,111,0,42,95,10,147,98,4,102,249
10/03/2005,MGW,WV,AEA,CE,Federal Contract Tower,0,11,5,0,16,0,14,72,0,86,0,25,77,0,102,38,0,38,140
10/04/2005,MGW,WV,AEA,CE,Federal Contract Tower,0,12,8,0,20,0,15,57,0,72,0,27,65,0,92,54,0,54,146
10/05/2005,MGW,WV,AEA,CE,Federal Contract Tower,0,12,13,3,28,0,17,65,5,87,0,29,78,8,115,42,36,78,193
10/06/2005,MGW,WV,AEA,CE,Federal Contract Tower,0,17,18,2,37,0,34,42,4,80,0,51,60,6,117,22,0,22,139
10/07/2005,MGW,WV,AEA,CE,Federal Contract Tower,0,14,11,5,30,0,4,0,4,8,0,18,11,9,38,0,0,0,38
10/08/2005,MGW,WV,AEA,CE,Federal Contract Tower,0,5,5,0,10,0,0,0,0,0,0,5,5,0,10,0,0,0,10
10/09/2005,MGW,WV,AEA,CE,Federal Contract Tower,0,10,8,0,18,0,0,13,0,13,0,10,21,0,31,0,0,0,31
10/10/2005,MGW,WV,AEA,CE,Federal Contract Tower,0,9,8,10,27,0,20,75,6,101,0,29,83,16,128,40,6,46,174
10/11/2005,MGW,WV,AEA,CE,Federal Contract Tower,0,16,7,0,23,0,4,2,0,6,0,20,9,0,29,0,0,0,29
10/12/2005,MGW,WV,AEA,CE,Federal Contract Tower,0,18,45,3,66,0,20,63,15,98,0,38,108,18,164,26,22,48,212
10/13/2005,MGW,WV,AEA,CE,Federal Contract Tower,0,10,27,0,37,0,14,36,2,52,0,24,63,2,89,54,12,66,155
10/14/2005,MGW,WV,AEA,CE,Federal Contract Tower,0,23,38,0,61,0,11,24,0,35,0,34,62,0,96,4,0,4,100
10/15/2005,MGW,WV,AEA,CE,Federal Contract Tower,0,7,40,0,47,0,28,121,2,151,0,35,161,2,198,192,10,202,400
10/16/2005,MGW,WV,AEA,CE,Federal Contract Tower,0,9,22,0,31,0,5,32,0,37,0,14,54,0,68,0,0,0,68
10/17/2005,MGW,WV,AEA,CE,Federal Contract Tower,0,18,12,7,37,0,16,63,11,90,0,34,75,18,127,46,0,46,173
10/18/2005,MGW,WV,AEA,CE,Federal Contract Tower,0,12,12,9,33,0,17,53,12,82,0,29,65,21,115,18,0,18,133
10/19/2005,MGW,WV,AEA,CE,Federal Contract Tower,0,16,23,5,44,0,16,52,21,89,0,32,75,26,133,54,24,78,211
10/20/2005,MGW,WV,AEA,CE,Federal Contract Tower,0,14,13,7,34,0,7,23,14,44,0,21,36,21,78,40,34,74,152
10/21/2005,MGW,WV,AEA,CE,Federal Contract Tower,0,18,14,9,41,0,2,4,0,6,0,20,18,9,47,0,0,0,47
10/22/2005,MGW,WV,AEA,CE,Federal Contract Tower,0,5,6,4,15,0,3,1,0,4,0,8,7,4,19,0,0,0,19
10/23/2005,MGW,WV,AEA,CE,Federal Contract Tower,0,9,9,0,18,0,15,22,2,39,0,24,31,2,57,26,2,28,85
10/24/2005,MGW,WV,AEA,CE,Federal Contract Tower,0,15,10,8,33,0,2,0,2,4,0,17,10,10,37,0,0,0,37
10/25/2005,MGW,WV,AEA,CE,Federal Contract Tower,0,6,0,0,6,0,2,0,0,2,0,8,0,0,8,0,0,0,8
10/26/2005,MGW,WV,AEA,CE,Federal Contract Tower,0,17,18,4,39,0,27,9,0,36,0,44,27,4,75,0,0,0,75
10/27/2005,MGW,WV,AEA,CE,Federal Contract Tower,0,10,6,5,21,0,32,14,21,67,0,42,20,26,88,0,0,0,88
10/28/2005,MGW,WV,AEA,CE,Federal Contract Tower,0,14,9,0,23,0,17,41,0,58,0,31,50,0,81,30,0,30,111
10/29/2005,MGW,WV,AEA,CE,Federal Contract Tower,0,7,10,1,18,0,28,46,7,81,0,35,56,8,99,34,0,34,133
10/30/2005,MGW,WV,AEA,CE,Federal Contract Tower,0,8,11,1,20,0,29,65,3,97,0,37,76,4,117,50,0,50,167
10/31/2005,MGW,WV,AEA,CE,Federal Contract Tower,0,11,7,4,22,0,22,64,13,99,0,33,71,17,121,42,24,66,187
11/01/2005,MGW,WV,AEA,CE,Federal Contract Tower,0,10,13,0,23,0,4,51,0,55,0,14,64,0,78,6,0,6,84
11/02/2005,MGW,WV,AEA,CE,Federal Contract Tower,0,15,39,1,55,0,7,51,1,59,0,22,90,2,114,96,0,96,210
11/03/2005,MGW,WV,AEA,CE,Federal Contract Tower,0,17,27,1,45,0,24,44,5,73,0,41,71,6,118,14,4,18,136
11/04/2005,MGW,WV,AEA,CE,Federal Contract Tower,0,7,19,4,30,0,24,45,6,75,0,31,64,10,105,40,10,50,155
11/05/2005,MGW,WV,AEA,CE,Federal Contract Tower,0,4,8,0,12,0,49,44,2,95,0,53,52,2,107,84,0,84,191
11/06/2005,MGW,WV,AEA,CE,Federal Contract Tower,0,6,11,2,19,0,24,6,0,30,0,30,17,2,49,68,0,68,117
11/07/2005,MGW,WV,AEA,CE,Federal Contract Tower,0,9,16,0,25,0,12,81,2,95,0,21,97,2,120,92,0,92,212
11/08/2005,MGW,WV,AEA,CE,Federal Contract Tower,0,19,10,2,31,0,18,41,4,63,0,37,51,6,94,14,0,14,108
11/09/2005,MGW,WV,AEA,CE,Federal Contract Tower,0,17,14,1,32,0,10,22,1,33,0,27,36,2,65,0,0,0,65
11/10/2005,MGW,WV,AEA,CE,Federal Contract Tower,0,10,10,0,20,0,33,15,2,50,0,43,25,2,70,0,0,0,70
11/11/2005,MGW,WV,AEA,CE,Federal Contract Tower,0,9,10,2,21,0,19,36,0,55,0,28,46,2,76,44,0,44,120
11/12/2005,MGW,WV,AEA,CE,Federal Contract Tower,0,5,10,0,15,0,13,76,6,95,0,18,86,6,110,90,8,98,208
11/13/2005,MGW,WV,AEA,CE,Federal Contract Tower,0,10,19,0,29,0,19,56,0,75,0,29,75,0,104,46,0,46,150
11/14/2005,MGW,WV,AEA,CE,Federal Contract Tower,0,12,7,3,22,0,6,63,1,70,0,18,70,4,92,50,12,62,154
11/15/2005,MGW,WV,AEA,CE,Federal Contract Tower,0,18,10,0,28,0,13,33,0,46,0,31,43,0,74,16,0,16,90
11/16/2005,MGW,WV,AEA,CE,Federal Contract Tower,0,13,17,0,30,0,5,2,0,7,0,18,19,0,37,10,0,10,47
11/17/2005,MGW,WV,AEA,CE,Federal Contract Tower,0,10,20,0,30,0,15,32,8,55,0,25,52,8,85,14,14,28,113
11/18/2005,MGW,WV,AEA,CE,Federal Contract Tower,0,10,13,0,23,0,17,28,8,53,0,27,41,8,76,52,0,52,128
11/19/2005,MGW,WV,AEA,CE,Federal Contract Tower,0,4,5,0,9,0,18,87,6,111,0,22,92,6,120,68,24,92,212
11/20/2005,MGW,WV,AEA,CE,Federal Contract Tower,0,8,10,1,19,0,12,80,7,99,0,20,90,8,118,96,10,106,224
11/21/2005,MGW,WV,AEA,CE,Federal Contract Tower,0,10,4,0,14,0,21,54,0,75,0,31,58,0,89,42,0,42,131
11/22/2005,MGW,WV,AEA,CE,Federal Contract Tower,0,15,2,0,17,0,5,9,1,15,0,20,11,1,32,0,0,0,32
11/23/2005,MGW,WV,AEA,CE,Federal Contract Tower,0,9,9,0,18,0,10,15,1,26,0,19,24,1,44,6,0,6,50
11/24/2005,MGW,WV,AEA,CE,Federal Contract Tower,0,9,2,0,11,0,7,48,0,55,0,16,50,0,66,0,0,0,66
11/25/2005,MGW,WV,AEA,CE,Federal Contract Tower,0,8,4,0,12,0,40,29,0,69,0,48,33,0,81,28,0,28,109
11/26/2005,MGW,WV,AEA,CE,Federal Contract Tower,0,8,10,0,18,0,25,45,6,76,0,33,55,6,94,74,0,74,168
11/27/2005,MGW,WV,AEA,CE,Federal Contract Tower,0,9,8,0,17,0,22,28,4,54,0,31,36,4,71,28,12,40,111
11/28/2005,MGW,WV,AEA,CE,Federal Contract Tower,0,11,8,1,20,0,18,16,1,35,0,29,24,2,55,0,0,0,55
11/29/2005,MGW,WV,AEA,CE,Federal Contract Tower,0,20,13,0,33,0,6,7,0,13,0,26,20,0,46,0,0,0,46
11/30/2005,MGW,WV,AEA,CE,Federal Contract Tower,0,23,13,4,40,0,12,22,2,36,0,35,35,6,76,4,0,4,80
12/01/2005,MGW,WV,AEA,CE,Federal Contract Tower,0,13,18,4,35,0,11,35,15,61,0,24,53,19,96,0,20,20,116
12/02/2005,MGW,WV,AEA,CE,Federal Contract Tower,0,0,7,0,7,0,7,1,0,8,0,7,8,0,15,0,0,0,15
12/03/2005,MGW,WV,AEA,CE,Federal Contract Tower,0,6,10,0,16,0,9,24,2,35,0,15,34,2,51,26,24,50,101
12/04/2005,MGW,WV,AEA,CE,Federal Contract Tower,0,9,5,2,16,0,0,2,0,2,0,9,7,2,18,0,0,0,18
12/05/2005,MGW,WV,AEA,CE,Federal Contract Tower,0,15,10,0,25,0,5,5,2,12,0,20,15,2,37,0,0,0,37
12/06/2005,MGW,WV,AEA,CE,Federal Contract Tower,0,15,9,10,34,0,13,33,1,47,0,28,42,11,81,32,8,40,121
12/07/2005,MGW,WV,AEA,CE,Federal Contract Tower,0,15,19,0,34,0,18,32,0,50,0,33,51,0,84,22,0,22,106
12/08/2005,MGW,WV,AEA,CE,Federal Contract Tower,0,13,12,1,26,0,17,46,1,64,0,30,58,2,90,12,0,12,102
12/09/2005,MGW,WV,AEA,CE,Federal Contract Tower,0,5,1,0,6,0,10,2,2,14,0,15,3,2,20,0,0,0,20
12/10/2005,MGW,WV,AEA,CE,Federal Contract Tower,0,6,12,0,18,0,12,42,4,58,0,18,54,4,76,32,0,32,108
12/11/2005,MGW,WV,AEA,CE,Federal Contract Tower,0,9,7,0,16,0,0,0,0,0,0,9,7,0,16,0,0,0,16
12/12/2005,MGW,WV,AEA,CE,Federal Contract Tower,0,6,6,0,12,0,34,9,2,45,0,40,15,2,57,130,0,130,187
12/13/2005,MGW,WV,AEA,CE,Federal Contract Tower,0,7,14,0,21,0,12,42,0,54,0,19,56,0,75,8,0,8,83
12/14/2005,MGW,WV,AEA,CE,Federal Contract Tower,0,18,17,1,36,0,14,40,3,57,0,32,57,4,93,14,8,22,115
12/15/2005,MGW,WV,AEA,CE,Federal Contract Tower,0,11,13,0,24,0,4,5,0,9,0,15,18,0,33,0,0,0,33
12/16/2005,MGW,WV,AEA,CE,Federal Contract Tower,0,9,7,0,16,0,9,9,2,20,0,18,16,2,36,0,0,0,36
12/17/2005,MGW,WV,AEA,CE,Federal Contract Tower,0,5,12,0,17,0,24,52,2,78,0,29,64,2,95,64,0,64,159
12/18/2005,MGW,WV,AEA,CE,Federal Contract Tower,0,4,4,0,8,0,14,67,0,81,0,18,71,0,89,68,0,68,157
12/19/2005,MGW,WV,AEA,CE,Federal Contract Tower,0,6,8,0,14,0,9,44,0,53,0,15,52,0,67,66,0,66,133
12/20/2005,MGW,WV,AEA,CE,Federal Contract Tower,0,6,8,0,14,0,18,61,0,79,0,24,69,0,93,14,0,14,107
12/21/2005,MGW,WV,AEA,CE,Federal Contract Tower,0,6,14,0,20,0,8,14,0,22,0,14,28,0,42,0,0,0,42
12/22/2005,MGW,WV,AEA,CE,Federal Contract Tower,0,11,9,2,22,0,34,35,0,69,0,45,44,2,91,82,0,82,173
12/23/2005,MGW,WV,AEA,CE,Federal Contract Tower,0,8,10,0,18,0,42,42,2,86,0,50,52,2,104,60,28,88,192
12/24/2005,MGW,WV,AEA,CE,Federal Contract Tower,0,2,2,0,4,0,6,47,0,53,0,8,49,0,57,46,0,46,103
12/25/2005,MGW,WV,AEA,CE,Federal Contract Tower,0,4,0,0,4,0,6,1,0,7,0,10,1,0,11,0,0,0,11
12/26/2005,MGW,WV,AEA,CE,Federal Contract Tower,0,8,6,0,14,0,1,0,0,1,0,9,6,0,15,0,0,0,15
12/27/2005,MGW,WV,AEA,CE,Federal Contract Tower,0,7,6,0,13,0,14,6,0,20,0,21,12,0,33,0,0,0,33
12/28/2005,MGW,WV,AEA,CE,Federal Contract Tower,0,8,12,0,20,0,15,20,8,43,0,23,32,8,63,4,6,10,73
12/29/2005,MGW,WV,AEA,CE,Federal Contract Tower,0,9,2,1,12,0,1,1,1,3,0,10,3,2,15,0,0,0,15
12/30/2005,MGW,WV,AEA,CE,Federal Contract Tower,0,14,7,0,21,0,1,13,0,14,0,15,20,0,35,22,0,22,57
12/31/2005,MGW,WV,AEA,CE,Federal Contract Tower,0,2,6,0,8,0,15,24,0,39,0,17,30,0,47,14,0,14,61
01/01/2006,MGW,WV,AEA,CE,Federal Contract Tower,0,5,10,0,15,0,19,37,0,56,0,24,47,0,71,54,0,54,125
01/02/2006,MGW,WV,AEA,CE,Federal Contract Tower,0,6,6,0,12,0,4,5,0,9,0,10,11,0,21,10,0,10,31
01/03/2006,MGW,WV,AEA,CE,Federal Contract Tower,0,8,11,0,19,0,0,1,0,1,0,8,12,0,20,0,0,0,20
01/04/2006,MGW,WV,AEA,CE,Federal Contract Tower,0,7,11,0,18,0,3,36,2,41,0,10,47,2,59,14,14,28,87
01/05/2006,MGW,WV,AEA,CE,Federal Contract Tower,0,10,12,3,25,0,1,12,1,14,0,11,24,4,39,0,2,2,41
01/06/2006,MGW,WV,AEA,CE,Federal Contract Tower,0,10,12,2,24,0,4,8,0,12,0,14,20,2,36,0,0,0,36
01/07/2006,MGW,WV,AEA,CE,Federal Contract Tower,0,3,7,0,10,0,25,20,2,47,0,28,27,2,57,14,6,20,77
01/08/2006,MGW,WV,AEA,CE,Federal Contract Tower,0,4,10,2,16,0,25,77,6,108,0,29,87,8,124,96,20,116,240
01/09/2006,MGW,WV,AEA,CE,Federal Contract Tower,0,10,7,0,17,0,16,28,0,44,0,26,35,0,61,0,0,0,61
01/10/2006,MGW,WV,AEA,CE,Federal Contract Tower,0,14,10,4,28,0,8,47,0,55,0,22,57,4,83,34,0,34,117
01/11/2006,MGW,WV,AEA,CE,Federal Contract Tower,0,14,14,2,30,0,14,18,0,32,0,28,32,2,62,0,0,0,62
01/12/2006,MGW,WV,AEA,CE,Federal Contract Tower,0,10,20,0,30,0,17,57,4,78,0,27,77,4,108,60,0,60,168
01/13/2006,MGW,WV,AEA,CE,Federal Contract Tower,0,7,8,1,16,0,12,49,1,62,0,19,57,2,78,30,0,30,108
01/14/2006,MGW,WV,AEA,CE,Federal Contract Tower,0,5,8,0,13,0,1,2,0,3,0,6,10,0,16,0,0,0,16
01/15/2006,MGW,WV,AEA,CE,Federal Contract Tower,0,8,6,0,14,0,24,15,0,39,0,32,21,0,53,28,0,28,81
01/16/2006,MGW,WV,AEA,CE,Federal Contract Tower,0,7,7,0,14,0,7,41,0,48,0,14,48,0,62,48,0,48,110
01/17/2006,MGW,WV,AEA,CE,Federal Contract Tower,0,7,16,0,23,0,16,28,0,44,0,23,44,0,67,0,0,0,67
01/18/2006,MGW,WV,AEA,CE,Federal Contract Tower,0,6,10,0,16,0,2,0,0,2,0,8,10,0,18,0,0,0,18
01/19/2006,MGW,WV,AEA,CE,Federal Contract Tower,0,12,9,1,22,0,32,42,11,85,0,44,51,12,107,40,0,40,147
01/20/2006,MGW,WV,AEA,CE,Federal Contract Tower,0,11,18,9,38,0,27,42,12,81,0,38,60,21,119,64,6,70,189
01/21/2006,MGW,WV,AEA,CE,Federal Contract Tower,0,6,5,0,11,0,11,7,0,18,0,17,12,0,29,22,0,22,51
01/22/2006,MGW,WV,AEA,CE,Federal Contract Tower,0,8,6,0,14,0,41,48,14,103,0,49,54,14,117,40,20,60,177
01/23/2006,MGW,WV,AEA,CE,Federal Contract Tower,0,18,8,0,26,0,2,3,0,5,0,20,11,0,31,0,0,0,31
01/24/2006,MGW,WV,AEA,CE,Federal Contract Tower,0,8,7,2,17,0,5,18,0,23,0,13,25,2,40,16,0,16,56
01/25/2006,MGW,WV,AEA,CE,Federal Contract Tower,0,10,14,0,24,0,2,1,0,3,0,12,15,0,27,0,0,0,27
01/26/2006,MGW,WV,AEA,CE,Federal Contract Tower,0,14,16,2,32,0,38,30,6,74,0,52,46,8,106,50,12,62,168
01/27/2006,MGW,WV,AEA,CE,Federal Contract Tower,0,10,13,5,28,0,25,56,17,98,0,35,69,22,126,102,20,122,248
01/28/2006,MGW,WV,AEA,CE,Federal Contract Tower,0,6,3,3,12,0,17,93,9,119,0,23,96,12,131,146,24,170,301
01/29/2006,MGW,WV,AEA,CE,Federal Contract Tower,0,4,11,0,15,0,4,10,0,14,0,8,21,0,29,0,0,0,29
01/30/2006,MGW,WV,AEA,CE,Federal Contract Tower,0,8,10,4,22,0,19,44,0,63,0,27,54,4,85,30,4,34,119
01/31/2006,MGW,WV,AEA,CE,Federal Contract Tower,0,11,14,0,25,0,3,12,0,15,0,14,26,0,40,0,0,0,40
02/01/2006,MGW,WV,AEA,CE,Federal Contract Tower,0,9,18,3,30,0,18,45,7,70,0,27,63,10,100,82,6,88,188
02/02/2006,MGW,WV,AEA,CE,Federal Contract Tower,0,6,15,4,25,0,17,21,16,54,0,23,36,20,79,50,14,64,143
02/03/2006,MGW,WV,AEA,CE,Federal Contract Tower,0,9,6,2,17,0,8,35,0,43,0,17,41,2,60,46,0,46,106
02/04/2006,MGW,WV,AEA,CE,Federal Contract Tower,0,2,5,0,7,0,2,5,0,7,0,4,10,0,14,0,0,0,14
02/05/2006,MGW,WV,AEA,CE,Federal Contract Tower,0,4,9,2,15,0,0,3,0,3,0,4,12,2,18,0,0,0,18
02/06/2006,MGW,WV,AEA,CE,Federal Contract Tower,0,11,13,3,27,0,19,20,2,41,0,30,33,5,68,10,10,20,88
02/07/2006,MGW,WV,AEA,CE,Federal Contract Tower,0,8,20,1,29,0,9,54,5,68,0,17,74,6,97,68,0,68,165
02/08/2006,MGW,WV,AEA,CE,Federal Contract Tower,0,8,22,0,30,0,5,16,6,27,0,13,38,6,57,4,0,4,61
02/09/2006,MGW,WV,AEA,CE,Federal Contract Tower,0,11,17,5,33,0,35,35,8,78,0,46,52,13,111,54,16,70,181
02/10/2006,MGW,WV,AEA,CE,Federal Contract Tower,0,12,12,0,24,0,5,39,2,46,0,17,51,2,70,48,2,50,120
02/11/2006,MGW,WV,AEA,CE,Federal Contract Tower,0,4,4,0,8,0,0,2,0,2,0,4,6,0,10,50,0,50,60
02/12/2006,MGW,WV,AEA,CE,Federal Contract Tower,0,7,7,1,15,0,9,16,1,26,0,16,23,2,41,20,8,28,69
02/13/2006,MGW,WV,AEA,CE,Federal Contract Tower,0,7,15,0,22,0,1,2,0,3,0,8,17,0,25,0,0,0,25
02/14/2006,MGW,WV,AEA,CE,Federal Contract Tower,0,7,3,0,10,0,7,45,0,52,0,14,48,0,62,56,0,56,118
02/15/2006,MGW,WV,AEA,CE,Federal Contract Tower,0,16,19,2,37,0,19,42,17,78,0,35,61,19,115,76,26,102,217
02/16/2006,MGW,WV,AEA,CE,Federal Contract Tower,0,10,15,5,30,0,21,44,6,71,0,31,59,11,101,88,38,126,227
02/17/2006,MGW,WV,AEA,CE,Federal Contract Tower,0,9,3,6,18,0,17,12,1,30,0,26,15,7,48,24,14,38,86
02/18/2006,MGW,WV,AEA,CE,Federal Contract Tower,0,2,10,0,12,0,11,1,0,12,0,13,11,0,24,0,0,0,24
02/19/2006,MGW,WV,AEA,CE,Federal Contract Tower,0,10,8,0,18,0,32,88,24,144,0,42,96,24,162,90,24,114,276
02/20/2006,MGW,WV,AEA,CE,Federal Contract Tower,0,12,11,0,23,0,22,61,0,83,0,34,72,0,106,100,0,100,206
02/21/2006,MGW,WV,AEA,CE,Federal Contract Tower,0,18,10,0,28,0,32,50,0,82,0,50,60,0,110,26,0,26,136
02/22/2006,MGW,WV,AEA,CE,Federal Contract Tower,0,12,6,0,18,0,14,70,18,102,0,26,76,18,120,58,4,62,182
02/23/2006,MGW,WV,AEA,CE,Federal Contract Tower,0,12,19,8,39,0,21,58,30,109,0,33,77,38,148,124,20,144,292
02/24/2006,MGW,WV,AEA,CE,Federal Contract Tower,0,9,19,7,35,0,41,50,46,137,0,50,69,53,172,42,10,52,224
02/25/2006,MGW,WV,AEA,CE,Federal Contract Tower,0,3,8,5,16,0,35,14,3,52,0,38,22,8,68,4,0,4,72
02/26/2006,MGW,WV,AEA,CE,Federal Contract Tower,0,4,5,4,13,0,34,16,0,50,0,38,21,4,63,60,0,60,123
02/27/2006,MGW,WV,AEA,CE,Federal Contract Tower,0,7,5,5,17,0,4,2,1,7,0,11,7,6,24,0,0,0,24
02/28/2006,MGW,WV,AEA,CE,Federal Contract Tower,0,6,15,5,26,0,19,49,6,74,0,25,64,11,100,82,10,92,192
03/01/2006,MGW,WV,AEA,CE,Federal Contract Tower,0,12,7,2,21,0,48,50,2,100,0,60,57,4,121,144,0,144,265
03/02/2006,MGW,WV,AEA,CE,Federal Contract Tower,0,12,6,0,18,0,12,11,0,23,0,24,17,0,41,90,0,90,131
03/03/2006,MGW,WV,AEA,CE,Federal Contract Tower,0,7,16,3,26,0,10,16,3,29,0,17,32,6,55,4,2,6,61
03/04/2006,MGW,WV,AEA,CE,Federal Contract Tower,0,3,8,0,11,0,15,38,2,55,0,18,46,2,66,68,0,68,134
03/05/2006,MGW,WV,AEA,CE,Federal Contract Tower,0,4,5,2,11,0,14,81,9,104,0,18,86,11,115,138,40,178,293
03/06/2006,MGW,WV,AEA,CE,Federal Contract Tower,0,8,7,0,15,0,2,29,0,31,0,10,36,0,46,70,0,70,116
03/07/2006,MGW,WV,AEA,CE,Federal Contract Tower,0,13,10,0,23,0,12,46,5,63,0,25,56,5,86,132,26,158,244
03/08/2006,MGW,WV,AEA,CE,Federal Contract Tower,0,9,13,0,22,0,15,38,0,53,0,24,51,0,75,96,0,96,171
03/09/2006,MGW,WV,AEA,CE,Federal Contract Tower,0,9,4,6,19,0,28,13,8,49,0,37,17,14,68,16,4,20,88
03/10/2006,MGW,WV,AEA,CE,Federal Contract Tower,0,9,14,2,25,0,25,18,0,43,0,34,32,2,68,34,0,34,102
03/11/2006,MGW,WV,AEA,CE,Federal Contract Tower,0,4,3,2,9,0,36,65,4,105,0,40,68,6,114,76,2,78,192
03/12/2006,MGW,WV,AEA,CE,Federal Contract Tower,0,8,9,0,17,0,5,30,0,35,0,13,39,0,52,46,0,46,98
03/13/2006,MGW,WV,AEA,CE,Federal Contract Tower,0,11,8,1,20,0,8,15,3,26,0,19,23,4,46,0,0,0,46
03/14/2006,MGW,WV,AEA,CE,Federal Contract Tower,0,9,9,0,18,0,30,24,2,56,0,39,33,2,74,0,0,0,74
03/15/2006,MGW,WV,AEA,CE,Federal Contract Tower,0,11,16,0,27,0,16,9,0,25,0,27,25,0,52,0,0,0,52
03/16/2006,MGW,WV,AEA,CE,Federal Contract Tower,0,8,10,0,18,0,27,37,10,74,0,35,47,10,92,46,0,46,138
03/17/2006,MGW,WV,AEA,CE,Federal Contract Tower,0,10,19,2,31,0,27,31,3,61,0,37,50,5,92,24,0,24,116
03/18/2006,MGW,WV,AEA,CE,Federal Contract Tower,0,3,6,6,15,0,15,40,7,62,0,18,46,13,77,60,18,78,155
03/19/2006,MGW,WV,AEA,CE,Federal Contract Tower,0,6,13,0,19,0,25,32,6,63,0,31,45,6,82,48,0,48,130
03/20/2006,MGW,WV,AEA,CE,Federal Contract Tower,0,9,7,0,16,0,17,45,0,62,0,26,52,0,78,82,0,82,160
03/21/2006,MGW,WV,AEA,CE,Federal Contract Tower,0,7,5,1,13,0,7,13,5,25,0,14,18,6,38,66,0,66,104
03/22/2006,MGW,WV,AEA,CE,Federal Contract Tower,0,12,14,2,28,0,15,33,6,54,0,27,47,8,82,16,0,16,98
03/23/2006,MGW,WV,AEA,CE,Federal Contract Tower,0,10,15,9,34,0,28,22,17,67,0,38,37,26,101,36,6,42,143
03/24/2006,MGW,WV,AEA,CE,Federal Contract Tower,0,15,13,3,31,0,17,42,5,64,0,32,55,8,95,46,6,52,147
03/25/2006,MGW,WV,AEA,CE,Federal Contract Tower,0,3,14,0,17,0,14,34,5,53,0,17,48,5,70,88,0,88,158
03/26/2006,MGW,WV,AEA,CE,Federal Contract Tower,0,4,9,0,13,0,13,39,9,61,0,17,48,9,74,68,28,96,170
03/27/2006,MGW,WV,AEA,CE,Federal Contract Tower,0,11,17,4,32,0,20,62,10,92,0,31,79,14,124,132,10,142,266
03/28/2006,MGW,WV,AEA,CE,Federal Contract Tower,0,15,5,0,20,0,2,10,2,14,0,17,15,2,34,10,0,10,44
03/29/2006,MGW,WV,AEA,CE,Federal Contract Tower,0,13,14,6,33,0,6,19,13,38,0,19,33,19,71,64,10,74,145
03/30/2006,MGW,WV,AEA,CE,Federal Contract Tower,0,9,18,2,29,0,13,58,8,79,0,22,76,10,108,118,19,137,245
03/31/2006,MGW,WV,AEA,CE,Federal Contract Tower,0,12,24,4,40,0,19,18,2,39,0,31,42,6,79,26,0,26,105
04/01/2006,MGW,WV,AEA,CE,Federal Contract Tower,0,8,9,0,17,0,40,14,0,54,0,48,23,0,71,32,0,32,103
04/02/2006,MGW,WV,AEA,CE,Federal Contract Tower,0,4,10,2,16,0,47,54,9,110,0,51,64,11,126,124,34,158,284
04/03/2006,MGW,WV,AEA,CE,Federal Contract Tower,0,17,13,1,31,0,19,17,1,37,0,36,30,2,68,104,0,104,172
04/04/2006,MGW,WV,AEA,CE,Federal Contract Tower,0,11,6,1,18,0,11,29,5,45,0,22,35,6,63,8,0,8,71
04/05/2006,MGW,WV,AEA,CE,Federal Contract Tower,0,5,12,0,17,0,25,33,20,78,0,30,45,20,95,94,20,114,209
04/06/2006,MGW,WV,AEA,CE,Federal Contract Tower,0,9,12,4,25,0,9,52,3,64,0,18,64,7,89,106,12,118,207
04/07/2006,MGW,WV,AEA,CE,Federal Contract Tower,0,10,5,2,17,0,6,6,2,14,0,16,11,4,31,0,4,4,35
04/08/2006,MGW,WV,AEA,CE,Federal Contract Tower,0,4,5,0,9,0,9,14,0,23,0,13,19,0,32,0,0,0,32
04/09/2006,MGW,WV,AEA,CE,Federal Contract Tower,0,4,8,4,16,0,16,84,15,115,0,20,92,19,131,126,52,178,309
04/10/2006,MGW,WV,AEA,CE,Federal Contract Tower,0,9,8,1,18,0,21,70,5,96,0,30,78,6,114,98,0,98,212
04/11/2006,MGW,WV,AEA,CE,Federal Contract Tower,0,13,8,6,27,0,28,62,22,112,0,41,70,28,139,90,24,114,253
04/12/2006,MGW,WV,AEA,CE,Federal Contract Tower,0,14,18,6,38,0,39,25,13,77,0,53,43,19,115,22,2,24,139
04/13/2006,MGW,WV,AEA,CE,Federal Contract Tower,0,12,10,3,25,0,20,35,7,62,0,32,45,10,87,8,6,14,101
04/14/2006,MGW,WV,AEA,CE,Federal Contract Tower,0,9,5,0,14,0,21,12,0,33,0,30,17,0,47,60,0,60,107
04/15/2006,MGW,WV,AEA,CE,Federal Contract Tower,0,3,8,0,11,0,9,28,0,37,0,12,36,0,48,58,0,58,106
04/16/2006,MGW,WV,AEA,CE,Federal Contract Tower,0,4,13,0,17,0,23,41,0,64,0,27,54,0,81,66,0,66,147
04/17/2006,MGW,WV,AEA,CE,Federal Contract Tower,0,8,9,1,18,0,19,40,3,62,0,27,49,4,80,68,0,68,148
04/18/2006,MGW,WV,AEA,CE,Federal Contract Tower,0,7,11,0,18,0,29,66,8,103,0,36,77,8,121,128,26,154,275
04/19/2006,MGW,WV,AEA,CE,Federal Contract Tower,0,7,14,3,24,0,15,71,3,89,0,22,85,6,113,96,4,100,213
04/20/2006,MGW,WV,AEA,CE,Federal Contract Tower,0,10,18,5,33,0,34,48,5,87,0,44,66,10,120,80,14,94,214
04/21/2006,MGW,WV,AEA,CE,Federal Contract Tower,0,8,9,6,23,0,6,14,2,22,0,14,23,8,45,54,4,58,103
04/22/2006,MGW,WV,AEA,CE,Federal Contract Tower,0,6,17,6,29,0,4,88,8,100,0,10,105,14,129,30,0,30,159
04/23/2006,MGW,WV,AEA,CE,Federal Contract Tower,0,6,10,0,16,0,19,22,0,41,0,25,32,0,57,0,0,0,57
04/24/2006,MGW,WV,AEA,CE,Federal Contract Tower,0,14,1,4,19,0,18,53,4,75,0,32,54,8,94,110,0,110,204
04/25/2006,MGW,WV,AEA,CE,Federal Contract Tower,0,13,12,1,26,0,9,28,1,38,0,22,40,2,64,26,0,26,90
04/26/2006,MGW,WV,AEA,CE,Federal Contract Tower,0,12,15,3,30,0,26,34,3,63,0,38,49,6,93,88,2,90,183
04/27/2006,MGW,WV,AEA,CE,Federal Contract Tower,0,15,10,1,26,0,17,43,7,67,0,32,53,8,93,44,42,86,179
04/28/2006,MGW,WV,AEA,CE,Federal Contract Tower,0,6,14,1,21,0,32,45,2,79,0,38,59,3,100,56,22,78,178
04/29/2006,MGW,WV,AEA,CE,Federal Contract Tower,0,7,8,0,15,0,37,66,2,105,0,44,74,2,120,72,0,72,192
04/30/2006,MGW,WV,AEA,CE,Federal Contract Tower,0,4,10,0,14,0,38,35,0,73,0,42,45,0,87,84,0,84,171
05/01/2006,MGW,WV,AEA,CE,Federal Contract Tower,0,8,9,0,17,0,22,66,10,98,0,30,75,10,115,56,0,56,171
05/02/2006,MGW,WV,AEA,CE,Federal Contract Tower,0,8,9,3,20,0,23,31,1,55,0,31,40,4,75,68,0,68,143
05/03/2006,MGW,WV,AEA,CE,Federal Contract Tower,0,6,18,0,24,0,9,15,0,24,0,15,33,0,48,14,0,14,62
05/04/2006,MGW,WV,AEA,CE,Federal Contract Tower,0,13,15,0,28,0,23,40,6,69,0,36,55,6,97,100,0,100,197
05/05/2006,MGW,WV,AEA,CE,Federal Contract Tower,0,10,10,3,23,0,19,28,7,54,0,29,38,10,77,58,42,100,177
05/06/2006,MGW,WV,AEA,CE,Federal Contract Tower,0,4,10,0,14,0,15,32,2,49,0,19,42,2,63,56,0,56,119
05/07/2006,MGW,WV,AEA,CE,Federal Contract Tower,0,7,10,2,19,0,31,49,6,86,0,38,59,8,105,70,6,76,181
05/08/2006,MGW,WV,AEA,CE,Federal Contract Tower,0,9,11,1,21,0,27,37,1,65,0,36,48,2,86,28,0,28,114
05/09/2006,MGW,WV,AEA,CE,Federal Contract Tower,0,16,15,1,32,0,32,55,11,98,0,48,70,12,130,90,0,90,220
05/10/2006,MGW,WV,AEA,CE,Federal Contract Tower,0,13,8,1,22,0,8,61,15,84,0,21,69,16,106,90,22,112,218
05/11/2006,MGW,WV,AEA,CE,Federal Contract Tower,0,14,10,3,27,0,6,9,2,17,0,20,19,5,44,4,0,4,48
05/12/2006,MGW,WV,AEA,CE,Federal Contract Tower,0,13,16,6,35,0,17,39,0,56,0,30,55,6,91,36,0,36,127
05/13/2006,MGW,WV,AEA,CE,Federal Contract Tower,0,7,13,1,21,0,11,48,2,61,0,18,61,3,82,88,0,88,170
05/14/2006,MGW,WV,AEA,CE,Federal Contract Tower,0,4,15,0,19,0,8,15,0,23,0,12,30,0,42,2,0,2,44
05/15/2006,MGW,WV,AEA,CE,Federal Contract Tower,0,16,13,0,29,0,9,19,0,28,0,25,32,0,57,52,0,52,109
05/16/2006,MGW,WV,AEA,CE,Federal Contract Tower,0,8,22,0,30,0,2,8,0,10,0,10,30,0,40,0,0,0,40
05/17/2006,MGW,WV,AEA,CE,Federal Contract Tower,0,16,24,0,40,0,18,14,2,34,0,34,38,2,74,18,0,18,92
05/18/2006,MGW,WV,AEA,CE,Federal Contract Tower,0,13,12,0,25,0,7,2,2,11,0,20,14,2,36,4,0,4,40
05/19/2006,MGW,WV,AEA,CE,Federal Contract Tower,0,13,13,0,26,0,3,4,0,7,0,16,17,0,33,0,0,0,33
05/20/2006,MGW,WV,AEA,CE,Federal Contract Tower,0,0,12,0,12,0,18,47,2,67,0,18,59,2,79,64,0,64,143
05/21/2006,MGW,WV,AEA,CE,Federal Contract Tower,0,6,10,0,16,0,28,18,2,48,0,34,28,2,64,6,0,6,70
05/22/2006,MGW,WV,AEA,CE,Federal Contract Tower,0,10,12,1,23,0,18,59,18,95,0,28,71,19,118,64,0,64,182
05/23/2006,MGW,WV,AEA,CE,Federal Contract Tower,0,6,8,0,14,0,22,83,8,113,0,28,91,8,127,104,0,104,231
05/24/2006,MGW,WV,AEA,CE,Federal Contract Tower,0,5,13,0,18,0,26,57,0,83,0,31,70,0,101,24,0,24,125
05/25/2006,MGW,WV,AEA,CE,Federal Contract Tower,0,7,6,2,15,0,30,62,2,94,0,37,68,4,109,128,0,128,237
05/26/2006,MGW,WV,AEA,CE,Federal Contract Tower,0,13,14,0,27,0,6,48,0,54,0,19,62,0,81,138,0,138,219
05/27/2006,MGW,WV,AEA,CE,Federal Contract Tower,0,3,22,1,26,0,40,50,8,98,0,43,72,9,124,94,32,126,250
05/28/2006,MGW,WV,AEA,CE,Federal Contract Tower,0,7,6,0,13,0,37,63,0,100,0,44,69,0,113,78,0,78,191
05/29/2006,MGW,WV,AEA,CE,Federal Contract Tower,0,6,14,0,20,0,43,70,0,113,0,49,84,0,133,168,0,168,301
05/30/2006,MGW,WV,AEA,CE,Federal Contract Tower,0,3,20,0,23,0,52,61,6,119,0,55,81,6,142,132,0,132,274
05/31/2006,MGW,WV,AEA,CE,Federal Contract Tower,0,11,14,3,28,0,3,51,11,65,0,14,65,14,93,80,0,80,173
06/01/2006,MGW,WV,AEA,CE,Federal Contract Tower,0,5,13,0,18,0,11,42,2,55,0,16,55,2,73,60,6,66,139
06/02/2006,MGW,WV,AEA,CE,Federal Contract Tower,0,7,14,2,23,0,3,6,4,13,0,10,20,6,36,0,0,0,36
06/03/2006,MGW,WV,AEA,CE,Federal Contract Tower,0,5,11,0,16,0,14,63,6,83,0,19,74,6,99,92,12,104,203
06/04/2006,MGW,WV,AEA,CE,Federal Contract Tower,0,2,18,2,22,0,11,22,0,33,0,13,40,2,55,32,0,32,87
06/05/2006,MGW,WV,AEA,CE,Federal Contract Tower,0,8,9,2,19,0,12,53,22,87,0,20,62,24,106,66,18,84,190
06/06/2006,MGW,WV,AEA,CE,Federal Contract Tower,0,8,13,2,23,0,28,87,4,119,0,36,100,6,142,166,0,166,308
06/07/2006,MGW,WV,AEA,CE,Federal Contract Tower,0,9,14,2,25,0,20,65,18,103,0,29,79,20,128,64,10,74,202
06/08/2006,MGW,WV,AEA,CE,Federal Contract Tower,0,7,18,9,34,0,25,44,3,72,0,32,62,12,106,60,14,74,180
06/09/2006,MGW,WV,AEA,CE,Federal Contract Tower,0,8,17,3,28,0,13,51,12,76,0,21,68,15,104,60,20,80,184
06/10/2006,MGW,WV,AEA,CE,Federal Contract Tower,0,2,8,1,11,0,12,51,9,72,0,14,59,10,83,56,16,72,155
06/11/2006,MGW,WV,AEA,CE,Federal Contract Tower,0,5,9,2,16,0,16,46,12,74,0,21,55,14,90,56,10,66,156
06/12/2006,MGW,WV,AEA,CE,Federal Contract Tower,0,7,15,8,30,0,23,55,4,82,0,30,70,12,112,80,12,92,204
06/13/2006,MGW,WV,AEA,CE,Federal Contract Tower,0,7,26,7,40,0,9,58,12,79,0,16,84,19,119,90,24,114,233
06/14/2006,MGW,WV,AEA,CE,Federal Contract Tower,0,9,20,2,31,0,15,47,16,78,0,24,67,18,109,116,12,128,237
06/15/2006,MGW,WV,AEA,CE,Federal Contract Tower,0,5,17,0,22,0,27,66,12,105,0,32,83,12,127,128,0,128,255
06/16/2006,MGW,WV,AEA,CE,Federal Contract Tower,0,10,10,0,20,0,15,68,6,89,0,25,78,6,109,44,0,44,153
06/17/2006,MGW,WV,AEA,CE,Federal Contract Tower,0,2,10,0,12,0,22,57,3,82,0,24,67,3,94,70,2,72,166
06/18/2006,MGW,WV,AEA,CE,Federal Contract Tower,0,6,12,0,18,0,17,32,2,51,0,23,44,2,69,42,0,42,111
06/19/2006,MGW,WV,AEA,CE,Federal Contract Tower,0,2,9,3,14,0,9,19,5,33,0,11,28,8,47,32,0,32,79
06/20/2006,MGW,WV,AEA,CE,Federal Contract Tower,0,4,13,2,19,0,11,71,0,82,0,15,84,2,101,86,0,86,187
06/21/2006,MGW,WV,AEA,CE,Federal Contract Tower,0,7,16,5,28,0,14,31,3,48,0,21,47,8,76,52,0,52,128
06/22/2006,MGW,WV,AEA,CE,Federal Contract Tower,0,6,11,3,20,0,2,31,3,36,0,8,42,6,56,78,0,78,134
06/23/2006,MGW,WV,AEA,CE,Federal Contract Tower,0,5,18,0,23,0,11,28,0,39,0,16,46,0,62,8,0,8,70
06/24/2006,MGW,WV,AEA,CE,Federal Contract Tower,0,3,11,0,14,0,22,21,0,43,0,25,32,0,57,96,0,96,153
06/25/2006,MGW,WV,AEA,CE,Federal Contract Tower,0,4,19,0,23,0,0,30,0,30,0,4,49,0,53,52,0,52,105
06/26/2006,MGW,WV,AEA,CE,Federal Contract Tower,0,3,5,1,9,0,9,17,1,27,0,12,22,2,36,28,0,28,64
06/27/2006,MGW,WV,AEA,CE,Federal Contract Tower,0,6,13,0,19,0,11,23,12,46,0,17,36,12,65,100,52,152,217
06/28/2006,MGW,WV,AEA,CE,Federal Contract Tower,0,9,17,2,28,0,29,54,2,85,0,38,71,4,113,88,0,88,201
06/29/2006,MGW,WV,AEA,CE,Federal Contract Tower,0,7,19,2,28,0,18,26,8,52,0,25,45,10,80,68,20,88,168
06/30/2006,MGW,WV,AEA,CE,Federal Contract Tower,0,9,21,0,30,0,12,60,2,74,0,21,81,2,104,74,0,74,178
07/01/2006,MGW,WV,AEA,CE,Federal Contract Tower,0,4,21,0,25,0,34,68,3,105,0,38,89,3,130,108,0,108,238
07/02/2006,MGW,WV,AEA,CE,Federal Contract Tower,0,4,2,0,6,0,18,7,0,25,0,22,9,0,31,10,0,10,41
07/03/2006,MGW,WV,AEA,CE,Federal Contract Tower,0,5,6,0,11,0,11,40,0,51,0,16,46,0,62,36,0,36,98
07/04/2006,MGW,WV,AEA,CE,Federal Contract Tower,0,4,10,0,14,0,17,26,2,45,0,21,36,2,59,62,6,68,127
07/05/2006,MGW,WV,AEA,CE,Federal Contract Tower,0,4,20,0,24,0,1,5,0,6,0,5,25,0,30,10,0,10,40
07/06/2006,MGW,WV,AEA,CE,Federal Contract Tower,0,10,17,0,27,0,30,50,0,80,0,40,67,0,107,22,0,22,129
07/07/2006,MGW,WV,AEA,CE,Federal Contract Tower,0,7,8,2,17,0,23,69,0,92,0,30,77,2,109,154,0,154,263
07/08/2006,MGW,WV,AEA,CE,Federal Contract Tower,0,6,17,0,23,0,10,55,2,67,0,16,72,2,90,72,0,72,162
07/09/2006,MGW,WV,AEA,CE,Federal Contract Tower,0,6,14,2,22,0,21,32,2,55,0,27,46,4,77,56,0,56,133
07/10/2006,MGW,WV,AEA,CE,Federal Contract Tower,0,7,13,0,20,0,10,40,0,50,0,17,53,0,70,16,0,16,86
07/11/2006,MGW,WV,AEA,CE,Federal Contract Tower,0,8,12,0,20,0,34,44,0,78,0,42,56,0,98,52,0,52,150
07/12/2006,MGW,WV,AEA,CE,Federal Contract Tower,0,7,23,1,31,0,3,27,1,31,0,10,50,2,62,92,0,92,154
07/13/2006,MGW,WV,AEA,CE,Federal Contract Tower,0,7,15,2,24,0,15,21,0,36,0,22,36,2,60,78,0,78,138
07/14/2006,MGW,WV,AEA,CE,Federal Contract Tower,0,12,18,0,30,0,9,36,2,47,0,21,54,2,77,86,0,86,163
07/15/2006,MGW,WV,AEA,CE,Federal Contract Tower,0,8,17,0,25,0,18,31,0,49,0,26,48,0,74,30,0,30,104
07/16/2006,MGW,WV,AEA,CE,Federal Contract Tower,0,10,15,0,25,0,23,47,0,70,0,33,62,0,95,90,0,90,185
07/17/2006,MGW,WV,AEA,CE,Federal Contract Tower,0,10,3,1,14,0,26,53,3,82,0,36,56,4,96,60,0,60,156
07/18/2006,MGW,WV,AEA,CE,Federal Contract Tower,0,10,10,0,20,0,18,42,8,68,0,28,52,8,88,76,0,76,164
07/19/2006,MGW,WV,AEA,CE,Federal Contract Tower,0,13,20,2,35,0,17,47,0,64,0,30,67,2,99,74,0,74,173
07/20/2006,MGW,WV,AEA,CE,Federal Contract Tower,0,8,11,1,20,0,38,30,1,69,0,46,41,2,89,42,2,44,133
07/21/2006,MGW,WV,AEA,CE,Federal Contract Tower,0,14,17,0,31,0,6,20,0,26,0,20,37,0,57,32,0,32,89
07/22/2006,MGW,WV,AEA,CE,Federal Contract Tower,0,5,19,0,24,0,4,7,0,11,0,9,26,0,35,0,0,0,35
07/23/2006,MGW,WV,AEA,CE,Federal Contract Tower,0,13,26,0,39,0,25,35,1,61,0,38,61,1,100,94,0,94,194
07/24/2006,MGW,WV,AEA,CE,Federal Contract Tower,0,13,7,0,20,0,17,48,14,79,0,30,55,14,99,62,6,68,167
07/25/2006,MGW,WV,AEA,CE,Federal Contract Tower,0,7,10,0,17,0,37,58,2,97,0,44,68,2,114,64,0,64,178
07/26/2006,MGW,WV,AEA,CE,Federal Contract Tower,0,12,16,1,29,0,27,33,12,72,0,39,49,13,101,24,30,54,155
07/27/2006,MGW,WV,AEA,CE,Federal Contract Tower,0,7,18,3,28,0,26,40,8,74,0,33,58,11,102,50,4,54,156
07/28/2006,MGW,WV,AEA,CE,Federal Contract Tower,0,9,15,7,31,0,12,16,10,38,0,21,31,17,69,36,12,48,117
07/29/2006,MGW,WV,AEA,CE,Federal Contract Tower,0,7,13,0,20,0,9,24,13,46,0,16,37,13,66,58,2,60,126
07/30/2006,MGW,WV,AEA,CE,Federal Contract Tower,0,8,14,1,23,0,3,16,0,19,0,11,30,1,42,50,0,50,92
07/31/2006,MGW,WV,AEA,CE,Federal Contract Tower,0,17,13,3,33,0,18,30,7,55,0,35,43,10,88,60,0,60,148
08/01/2006,MGW,WV,AEA,CE,Federal Contract Tower,0,4,5,5,14,0,8,56,11,75,0,12,61,16,89,170,10,180,269
08/02/2006,MGW,WV,AEA,CE,Federal Contract Tower,0,10,15,4,29,0,12,47,4,63,0,22,62,8,92,80,0,80,172
08/03/2006,MGW,WV,AEA,CE,Federal Contract Tower,0,16,15,2,33,0,20,31,1,52,0,36,46,3,85,26,0,26,111
08/04/2006,MGW,WV,AEA,CE,Federal Contract Tower,0,10,21,6,37,0,23,32,8,63,0,33,53,14,100,80,2,82,182
08/05/2006,MGW,WV,AEA,CE,Federal Contract Tower,0,4,6,0,10,0,45,82,9,136,0,49,88,9,146,168,10,178,324
08/06/2006,MGW,WV,AEA,CE,Federal Contract Tower,0,6,21,2,29,0,17,43,2,62,0,23,64,4,91,88,0,88,179
08/07/2006,MGW,WV,AEA,CE,Federal Contract Tower,0,12,18,0,30,0,7,35,8,50,0,19,53,8,80,22,18,40,120
08/08/2006,MGW,WV,AEA,CE,Federal Contract Tower,0,9,10,3,22,0,19,86,5,110,0,28,96,8,132,140,0,140,272
08/09/2006,MGW,WV,AEA,CE,Federal Contract Tower,0,10,18,4,32,0,15,73,1,89,0,25,91,5,121,98,2,100,221
08/10/2006,MGW,WV,AEA,CE,Federal Contract Tower,0,14,26,0,40,0,15,28,0,43,0,29,54,0,83,76,0,76,159
08/11/2006,MGW,WV,AEA,CE,Federal Contract Tower,0,8,10,1,19,0,13,53,2,68,0,21,63,3,87,78,2,80,167
08/12/2006,MGW,WV,AEA,CE,Federal Contract Tower,0,4,8,0,12,0,39,82,4,125,0,43,90,4,137,102,0,102,239
08/13/2006,MGW,WV,AEA,CE,Federal Contract Tower,0,4,13,1,18,0,32,80,12,124,0,36,93,13,142,100,8,108,250
08/14/2006,MGW,WV,AEA,CE,Federal Contract Tower,0,10,14,0,24,0,22,34,0,56,0,32,48,0,80,50,0,50,130
08/15/2006,MGW,WV,AEA,CE,Federal Contract Tower,0,11,12,4,27,0,16,53,13,82,0,27,65,17,109,102,36,138,247
08/16/2006,MGW,WV,AEA,CE,Federal Contract Tower,0,15,25,6,46,0,16,67,2,85,0,31,92,8,131,30,0,30,161
08/17/2006,MGW,WV,AEA,CE,Federal Contract Tower,0,12,26,1,39,0,25,42,9,76,0,37,68,10,115,40,10,50,165
08/18/2006,MGW,WV,AEA,CE,Federal Contract Tower,0,17,14,2,33,0,25,60,2,87,0,42,74,4,120,80,0,80,200
08/19/2006,MGW,WV,AEA,CE,Federal Contract Tower,0,4,14,0,18,0,17,45,2,64,0,21,59,2,82,58,0,58,140
08/20/2006,MGW,WV,AEA,CE,Federal Contract Tower,0,8,23,1,32,0,31,27,3,61,0,39,50,4,93,88,0,88,181
08/21/2006,MGW,WV,AEA,CE,Federal Contract Tower,0,13,7,0,20,0,38,55,0,93,0,51,62,0,113,148,0,148,261
08/22/2006,MGW,WV,AEA,CE,Federal Contract Tower,0,10,16,3,29,0,19,70,12,101,0,29,86,15,130,112,46,158,288
08/23/2006,MGW,WV,AEA,CE,Federal Contract Tower,0,8,20,0,28,0,31,58,25,114,0,39,78,25,142,106,20,126,268
08/24/2006,MGW,WV,AEA,CE,Federal Contract Tower,0,13,14,0,27,0,41,37,15,93,0,54,51,15,120,44,26,70,190
08/25/2006,MGW,WV,AEA,CE,Federal Contract Tower,0,6,11,1,18,0,24,39,0,63,0,30,50,1,81,18,0,18,99
08/26/2006,MGW,WV,AEA,CE,Federal Contract Tower,0,4,6,0,10,0,15,45,1,61,0,19,51,1,71,98,0,98,169
08/27/2006,MGW,WV,AEA,CE,Federal Contract Tower,0,9,8,0,17,0,6,28,0,34,0,15,36,0,51,32,0,32,83
08/28/2006,MGW,WV,AEA,CE,Federal Contract Tower,0,12,16,0,28,0,1,10,2,13,0,13,26,2,41,0,0,0,41
08/29/2006,MGW,WV,AEA,CE,Federal Contract Tower,0,14,15,0,29,0,4,25,0,29,0,18,40,0,58,0,0,0,58
08/30/2006,MGW,WV,AEA,CE,Federal Contract Tower,0,10,23,0,33,0,8,37,0,45,0,18,60,0,78,68,0,68,146
08/31/2006,MGW,WV,AEA,CE,Federal Contract Tower,0,10,17,0,27,0,7,20,0,27,0,17,37,0,54,0,0,0,54
09/01/2006,MGW,WV,AEA,CE,Federal Contract Tower,0,11,20,0,31,0,14,12,0,26,0,25,32,0,57,0,0,0,57
09/02/2006,MGW,WV,AEA,CE,Federal Contract Tower,0,4,47,2,53,0,0,29,4,33,0,4,76,6,86,166,20,186,272
09/03/2006,MGW,WV,AEA,CE,Federal Contract Tower,0,6,9,0,15,0,18,48,2,68,0,24,57,2,83,70,0,70,153
09/04/2006,MGW,WV,AEA,CE,Federal Contract Tower,0,10,17,2,29,0,15,74,4,93,0,25,91,6,122,106,16,122,244
09/05/2006,MGW,WV,AEA,CE,Federal Contract Tower,0,13,8,0,21,0,3,61,0,64,0,16,69,0,85,54,0,54,139
09/06/2006,MGW,WV,AEA,CE,Federal Contract Tower,0,11,15,5,31,0,11,41,6,58,0,22,56,11,89,92,10,102,191
09/07/2006,MGW,WV,AEA,CE,Federal Contract Tower,0,10,8,0,18,0,29,50,9,88,0,39,58,9,106,56,0,56,162
09/08/2006,MGW,WV,AEA,CE,Federal Contract Tower,0,13,24,9,46,0,48,38,23,109,0,61,62,32,155,88,40,128,283
09/09/2006,MGW,WV,AEA,CE,Federal Contract Tower,0,4,20,4,28,0,21,54,29,104,0,25,74,33,132,100,62,162,294
09/10/2006,MGW,WV,AEA,CE,Federal Contract Tower,0,10,10,4,24,0,31,63,7,101,0,41,73,11,125,90,32,122,247
09/11/2006,MGW,WV,AEA,CE,Federal Contract Tower,0,19,16,2,37,0,21,45,4,70,0,40,61,6,107,64,38,102,209
09/12/2006,MGW,WV,AEA,CE,Federal Contract Tower,0,28,21,3,52,0,4,19,5,28,0,32,40,8,80,36,16,52,132
09/13/2006,MGW,WV,AEA,CE,Federal Contract Tower,0,16,21,1,38,0,3,9,0,12,0,19,30,1,50,0,2,2,52
09/14/2006,MGW,WV,AEA,CE,Federal Contract Tower,0,28,41,7,76,0,14,31,9,54,0,42,72,16,130,216,36,252,382
09/15/2006,MGW,WV,AEA,CE,Federal Contract Tower,0,14,34,8,56,0,21,34,32,87,0,35,68,40,143,48,40,88,231
09/16/2006,MGW,WV,AEA,CE,Federal Contract Tower,0,6,11,1,18,0,11,13,5,29,0,17,24,6,47,18,2,20,67
09/17/2006,MGW,WV,AEA,CE,Federal Contract Tower,0,28,23,4,55,0,20,57,2,79,0,48,80,6,134,108,0,108,242
09/18/2006,MGW,WV,AEA,CE,Federal Contract Tower,0,10,18,0,28,0,21,33,0,54,0,31,51,0,82,32,0,32,114
09/19/2006,MGW,WV,AEA,CE,Federal Contract Tower,0,12,10,2,24,0,31,48,4,83,0,43,58,6,107,50,0,50,157
09/20/2006,MGW,WV,AEA,CE,Federal Contract Tower,0,13,19,6,38,0,19,29,6,54,0,32,48,12,92,64,0,64,156
09/21/2006,MGW,WV,AEA,CE,Federal Contract Tower,0,16,18,4,38,0,21,69,8,98,0,37,87,12,136,72,16,88,224
09/22/2006,MGW,WV,AEA,CE,Federal Contract Tower,0,18,30,8,56,0,38,61,16,115,0,56,91,24,171,52,8,60,231
09/23/2006,MGW,WV,AEA,CE,Federal Contract Tower,0,8,0,0,8,0,15,14,0,29,0,23,14,0,37,20,0,20,57
09/24/2006,MGW,WV,AEA,CE,Federal Contract Tower,0,8,15,0,23,0,10,8,2,20,0,18,23,2,43,14,0,14,57
09/25/2006,MGW,WV,AEA,CE,Federal Contract Tower,0,11,12,7,30,0,12,71,8,91,0,23,83,15,121,112,0,112,233
09/26/2006,MGW,WV,AEA,CE,Federal Contract Tower,0,12,17,4,33,0,21,80,12,113,0,33,97,16,146,132,14,146,292
09/27/2006,MGW,WV,AEA,CE,Federal Contract Tower,0,13,13,1,27,0,38,53,1,92,0,51,66,2,119,118,2,120,239
09/28/2006,MGW,WV,AEA,CE,Federal Contract Tower,0,11,12,9,32,0,10,11,13,34,0,21,23,22,66,18,0,18,84
09/29/2006,MGW,WV,AEA,CE,Federal Contract Tower,0,8,21,4,33,0,29,27,4,60,0,37,48,8,93,46,2,48,141
09/30/2006,MGW,WV,AEA,CE,Federal Contract Tower,0,6,4,0,10,0,11,30,2,43,0,17,34,2,53,70,6,76,129
10/01/2006,MGW,WV,AEA,CE,Federal Contract Tower,0,6,16,0,22,0,17,30,8,55,0,23,46,8,77,36,0,36,113
10/02/2006,MGW,WV,AEA,CE,Federal Contract Tower,0,11,10,2,23,0,21,68,2,91,0,32,78,4,114,124,0,124,238
10/03/2006,MGW,WV,AEA,CE,Federal Contract Tower,0,11,10,0,21,0,9,79,0,88,0,20,89,0,109,82,0,82,191
10/04/2006,MGW,WV,AEA,CE,Federal Contract Tower,0,10,11,0,21,0,8,31,6,45,0,18,42,6,66,58,0,58,124
10/05/2006,MGW,WV,AEA,CE,Federal Contract Tower,0,17,17,8,42,0,5,7,0,12,0,22,24,8,54,0,4,4,58
10/06/2006,MGW,WV,AEA,CE,Federal Contract Tower,0,10,34,2,46,0,11,60,10,81,0,21,94,12,127,42,0,42,169
10/07/2006,MGW,WV,AEA,CE,Federal Contract Tower,0,6,11,0,17,0,21,41,4,66,0,27,52,4,83,82,0,82,165
10/08/2006,MGW,WV,AEA,CE,Federal Contract Tower,0,6,11,0,17,0,32,141,8,181,0,38,152,8,198,100,46,146,344
10/09/2006,MGW,WV,AEA,CE,Federal Contract Tower,0,10,19,2,31,0,17,52,1,70,0,27,71,3,101,110,0,110,211
10/10/2006,MGW,WV,AEA,CE,Federal Contract Tower,0,16,16,0,32,0,34,46,4,84,0,50,62,4,116,74,0,74,190
10/11/2006,MGW,WV,AEA,CE,Federal Contract Tower,0,12,19,0,31,0,20,17,0,37,0,32,36,0,68,12,0,12,80
10/12/2006,MGW,WV,AEA,CE,Federal Contract Tower,0,16,11,1,28,0,18,11,10,39,0,34,22,11,67,2,0,2,69
10/13/2006,MGW,WV,AEA,CE,Federal Contract Tower,0,15,18,4,37,0,32,36,2,70,0,47,54,6,107,52,6,58,165
10/14/2006,MGW,WV,AEA,CE,Federal Contract Tower,0,10,24,0,34,0,53,92,2,147,0,63,116,2,181,192,0,192,373
10/15/2006,MGW,WV,AEA,CE,Federal Contract Tower,0,9,18,3,30,0,27,67,9,103,0,36,85,12,133,92,14,106,239
10/16/2006,MGW,WV,AEA,CE,Federal Contract Tower,0,16,21,0,37,0,36,47,0,83,0,52,68,0,120,60,0,60,180
10/17/2006,MGW,WV,AEA,CE,Federal Contract Tower,0,15,13,0,28,0,5,36,0,41,0,20,49,0,69,48,0,48,117
10/18/2006,MGW,WV,AEA,CE,Federal Contract Tower,0,12,18,0,30,0,14,15,4,33,0,26,33,4,63,44,0,44,107
10/19/2006,MGW,WV,AEA,CE,Federal Contract Tower,0,13,24,0,37,0,13,40,0,53,0,26,64,0,90,46,0,46,136
10/20/2006,MGW,WV,AEA,CE,Federal Contract Tower,0,10,25,3,38,0,8,0,1,9,0,18,25,4,47,0,4,4,51
10/21/2006,MGW,WV,AEA,CE,Federal Contract Tower,0,5,10,2,17,0,12,49,0,61,0,17,59,2,78,72,4,76,154
10/22/2006,MGW,WV,AEA,CE,Federal Contract Tower,0,9,22,1,32,0,13,20,8,41,0,22,42,9,73,30,6,36,109
10/23/2006,MGW,WV,AEA,CE,Federal Contract Tower,0,7,6,2,15,0,3,6,4,13,0,10,12,6,28,0,0,0,28
10/24/2006,MGW,WV,AEA,CE,Federal Contract Tower,0,9,9,0,18,0,2,28,0,30,0,11,37,0,48,26,0,26,74
10/25/2006,MGW,WV,AEA,CE,Federal Contract Tower,0,5,22,2,29,0,12,36,3,51,0,17,58,5,80,46,0,46,126
10/26/2006,MGW,WV,AEA,CE,Federal Contract Tower,0,12,17,1,30,0,29,43,0,72,0,41,60,1,102,116,0,116,218
10/27/2006,MGW,WV,AEA,CE,Federal Contract Tower,0,8,22,0,30,0,10,30,25,65,0,18,52,25,95,96,0,96,191
10/28/2006,MGW,WV,AEA,CE,Federal Contract Tower,0,4,8,1,13,0,0,0,0,0,0,4,8,1,13,0,0,0,13
10/29/2006,MGW,WV,AEA,CE,Federal Contract Tower,0,6,13,0,19,0,16,9,0,25,0,22,22,0,44,6,0,6,50
10/30/2006,MGW,WV,AEA,CE,Federal Contract Tower,0,11,15,0,26,0,13,55,9,77,0,24,70,9,103,82,0,82,185
10/31/2006,MGW,WV,AEA,CE,Federal Contract Tower,0,9,7,1,17,0,20,52,9,81,0,29,59,10,98,28,0,28,126
11/01/2006,MGW,WV,AEA,CE,Federal Contract Tower,0,5,26,0,31,0,4,7,0,11,0,9,33,0,42,0,0,0,42
11/02/2006,MGW,WV,AEA,CE,Federal Contract Tower,0,12,15,2,29,0,26,35,2,63,0,38,50,4,92,2,0,2,94
11/03/2006,MGW,WV,AEA,CE,Federal Contract Tower,0,9,9,5,23,0,24,36,4,64,0,33,45,9,87,0,0,0,87
11/04/2006,MGW,WV,AEA,CE,Federal Contract Tower,0,4,11,2,17,0,20,48,17,85,0,24,59,19,102,66,70,136,238
11/05/2006,MGW,WV,AEA,CE,Federal Contract Tower,0,6,6,2,14,0,49,59,9,117,0,55,65,11,131,76,28,104,235
11/06/2006,MGW,WV,AEA,CE,Federal Contract Tower,0,9,10,4,23,0,10,52,0,62,0,19,62,4,85,38,0,38,123
11/07/2006,MGW,WV,AEA,CE,Federal Contract Tower,0,12,6,2,20,0,8,48,1,57,0,20,54,3,77,32,0,32,109
11/08/2006,MGW,WV,AEA,CE,Federal Contract Tower,0,10,26,16,52,0,6,20,14,40,0,16,46,30,92,26,0,26,118
11/09/2006,MGW,WV,AEA,CE,Federal Contract Tower,0,12,17,8,37,0,19,40,11,70,0,31,57,19,107,50,0,50,157
11/10/2006,MGW,WV,AEA,CE,Federal Contract Tower,0,15,27,5,47,0,41,50,2,93,0,56,77,7,140,82,2,84,224
11/11/2006,MGW,WV,AEA,CE,Federal Contract Tower,0,4,14,6,24,0,11,16,9,36,0,15,30,15,60,68,18,86,146
11/12/2006,MGW,WV,AEA,CE,Federal Contract Tower,0,7,12,0,19,0,0,3,0,3,0,7,15,0,22,0,0,0,22
11/13/2006,MGW,WV,AEA,CE,Federal Contract Tower,0,9,9,4,22,0,2,1,0,3,0,11,10,4,25,0,0,0,25
11/14/2006,MGW,WV,AEA,CE,Federal Contract Tower,0,14,16,2,32,0,13,5,0,18,0,27,21,2,50,8,0,8,58
11/15/2006,MGW,WV,AEA,CE,Federal Contract Tower,0,7,13,2,22,0,4,16,0,20,0,11,29,2,42,16,0,16,58
11/16/2006,MGW,WV,AEA,CE,Federal Contract Tower,0,11,7,3,21,0,5,4,3,12,0,16,11,6,33,8,0,8,41
11/17/2006,MGW,WV,AEA,CE,Federal Contract Tower,0,12,17,3,32,0,15,14,9,38,0,27,31,12,70,6,6,12,82
11/18/2006,MGW,WV,AEA,CE,Federal Contract Tower,0,5,10,2,17,0,12,34,7,53,0,17,44,9,70,33,0,33,103
11/19/2006,MGW,WV,AEA,CE,Federal Contract Tower,0,8,4,0,12,0,11,18,1,30,0,19,22,1,42,50,0,50,92
11/20/2006,MGW,WV,AEA,CE,Federal Contract Tower,0,8,2,0,10,0,9,25,0,34,0,17,27,0,44,114,0,114,158
11/21/2006,MGW,WV,AEA,CE,Federal Contract Tower,0,7,17,0,24,0,14,71,2,87,0,21,88,2,111,108,0,108,219
11/22/2006,MGW,WV,AEA,CE,Federal Contract Tower,0,7,17,2,26,0,22,33,0,55,0,29,50,2,81,58,0,58,139
11/23/2006,MGW,WV,AEA,CE,Federal Contract Tower,0,10,2,0,12,0,4,3,0,7,0,14,5,0,19,8,0,8,27
11/24/2006,MGW,WV,AEA,CE,Federal Contract Tower,0,12,8,0,20,0,34,39,0,73,0,46,47,0,93,28,0,28,121
11/25/2006,MGW,WV,AEA,CE,Federal Contract Tower,0,10,15,0,25,0,17,94,0,111,0,27,109,0,136,46,0,46,182
11/26/2006,MGW,WV,AEA,CE,Federal Contract Tower,0,6,8,0,14,0,22,77,0,99,0,28,85,0,113,122,0,122,235
11/27/2006,MGW,WV,AEA,CE,Federal Contract Tower,0,7,9,1,17,0,9,51,5,65,0,16,60,6,82,66,0,66,148
11/28/2006,MGW,WV,AEA,CE,Federal Contract Tower,0,11,12,7,30,0,23,57,7,87,0,34,69,14,117,70,22,92,209
11/29/2006,MGW,WV,AEA,CE,Federal Contract Tower,0,10,20,3,33,0,9,21,1,31,0,19,41,4,64,32,0,32,96
11/30/2006,MGW,WV,AEA,CE,Federal Contract Tower,0,11,6,2,19,0,17,17,0,34,0,28,23,2,53,4,2,6,59
12/01/2006,MGW,WV,AEA,CE,Federal Contract Tower,0,2,5,0,7,0,4,0,0,4,0,6,5,0,11,0,0,0,11
12/02/2006,MGW,WV,AEA,CE,Federal Contract Tower,0,6,20,0,26,0,35,92,10,137,0,41,112,10,163,102,12,114,277
12/03/2006,MGW,WV,AEA,CE,Federal Contract Tower,0,13,13,0,26,0,30,53,2,85,0,43,66,2,111,70,0,70,181
12/04/2006,MGW,WV,AEA,CE,Federal Contract Tower,0,11,17,0,28,0,17,30,8,55,0,28,47,8,83,56,0,56,139
12/05/2006,MGW,WV,AEA,CE,Federal Contract Tower,0,13,10,0,23,0,20,58,0,78,0,33,68,0,101,70,0,70,171
12/06/2006,MGW,WV,AEA,CE,Federal Contract Tower,0,20,12,2,34,0,13,27,0,40,0,33,39,2,74,30,0,30,104
12/07/2006,MGW,WV,AEA,CE,Federal Contract Tower,0,7,9,0,16,0,6,9,0,15,0,13,18,0,31,0,0,0,31
12/08/2006,MGW,WV,AEA,CE,Federal Contract Tower,0,12,12,4,28,0,51,30,0,81,0,63,42,4,109,28,4,32,141
12/09/2006,MGW,WV,AEA,CE,Federal Contract Tower,0,4,7,0,11,0,10,54,0,64,0,14,61,0,75,128,0,128,203
12/10/2006,MGW,WV,AEA,CE,Federal Contract Tower,0,6,1,4,11,0,10,60,7,77,0,16,61,11,88,100,20,120,208
12/11/2006,MGW,WV,AEA,CE,Federal Contract Tower,0,11,8,0,19,0,30,52,12,94,0,41,60,12,113,98,24,122,235
12/12/2006,MGW,WV,AEA,CE,Federal Contract Tower,0,7,14,1,22,0,14,64,3,81,0,21,78,4,103,60,0,60,163
12/13/2006,MGW,WV,AEA,CE,Federal Contract Tower,0,13,17,2,32,0,10,28,4,42,0,23,45,6,74,0,0,0,74
12/14/2006,MGW,WV,AEA,CE,Federal Contract Tower,0,7,22,3,32,0,11,33,1,45,0,18,55,4,77,36,8,44,121
12/15/2006,MGW,WV,AEA,CE,Federal Contract Tower,0,12,15,3,30,0,22,51,0,73,0,34,66,3,103,56,0,56,159
12/16/2006,MGW,WV,AEA,CE,Federal Contract Tower,0,8,12,2,22,0,44,66,11,121,0,52,78,13,143,82,50,132,275
12/17/2006,MGW,WV,AEA,CE,Federal Contract Tower,0,7,8,1,16,0,10,27,0,37,0,17,35,1,53,16,0,16,69
12/18/2006,MGW,WV,AEA,CE,Federal Contract Tower,0,10,6,6,22,0,24,23,2,49,0,34,29,8,71,22,16,38,109
12/19/2006,MGW,WV,AEA,CE,Federal Contract Tower,0,9,9,0,18,0,20,41,5,66,0,29,50,5,84,68,0,68,152
12/20/2006,MGW,WV,AEA,CE,Federal Contract Tower,0,11,12,0,23,0,20,42,2,64,0,31,54,2,87,56,0,56,143
12/21/2006,MGW,WV,AEA,CE,Federal Contract Tower,0,14,10,0,24,0,15,22,0,37,0,29,32,0,61,58,0,58,119
12/22/2006,MGW,WV,AEA,CE,Federal Contract Tower,0,8,5,0,13,0,8,12,0,20,0,16,17,0,33,34,0,34,67
12/23/2006,MGW,WV,AEA,CE,Federal Contract Tower,0,4,10,0,14,0,45,21,0,66,0,49,31,0,80,40,0,40,120
12/24/2006,MGW,WV,AEA,CE,Federal Contract Tower,0,6,1,0,7,0,17,15,0,32,0,23,16,0,39,102,0,102,141
12/25/2006,MGW,WV,AEA,CE,Federal Contract Tower,0,9,1,0,10,0,15,4,0,19,0,24,5,0,29,50,0,50,79
12/26/2006,MGW,WV,AEA,CE,Federal Contract Tower,0,7,3,0,10,0,5,14,0,19,0,12,17,0,29,0,0,0,29
12/27/2006,MGW,WV,AEA,CE,Federal Contract Tower,0,10,18,0,28,0,12,18,0,30,0,22,36,0,58,34,0,34,92
12/28/2006,MGW,WV,AEA,CE,Federal Contract Tower,0,9,10,0,19,0,27,31,0,58,0,36,41,0,77,30,0,30,107
12/29/2006,MGW,WV,AEA,CE,Federal Contract Tower,0,12,18,0,30,0,26,43,0,69,0,38,61,0,99,24,0,24,123
12/30/2006,MGW,WV,AEA,CE,Federal Contract Tower,0,6,6,0,12,0,28,42,6,76,0,34,48,6,88,56,18,74,162
12/31/2006,MGW,WV,AEA,CE,Federal Contract Tower,0,6,0,0,6,0,7,11,0,18,0,13,11,0,24,20,0,20,44
01/01/2007,MGW,WV,AEA,CE,Federal Contract Tower,0,7,8,0,15,0,20,24,0,44,0,27,32,0,59,34,0,34,93
01/02/2007,MGW,WV,AEA,CE,Federal Contract Tower,0,13,11,0,24,0,10,40,2,52,0,23,51,2,76,14,0,14,90
01/03/2007,MGW,WV,AEA,CE,Federal Contract Tower,0,11,15,1,27,0,14,59,7,80,0,25,74,8,107,24,10,34,141
01/04/2007,MGW,WV,AEA,CE,Federal Contract Tower,0,7,15,2,24,0,8,27,2,37,0,15,42,4,61,22,2,24,85
01/05/2007,MGW,WV,AEA,CE,Federal Contract Tower,0,7,16,2,25,0,12,16,0,28,0,19,32,2,53,2,0,2,55
01/06/2007,MGW,WV,AEA,CE,Federal Contract Tower,0,6,6,0,12,0,9,7,0,16,0,15,13,0,28,2,0,2,30
01/07/2007,MGW,WV,AEA,CE,Federal Contract Tower,0,4,10,2,16,0,13,8,4,25,0,17,18,6,41,0,0,0,41
01/08/2007,MGW,WV,AEA,CE,Federal Contract Tower,0,8,8,0,16,0,16,15,0,31,0,24,23,0,47,8,0,8,55
01/09/2007,MGW,WV,AEA,CE,Federal Contract Tower,0,8,16,0,24,0,3,6,0,9,0,11,22,0,33,0,0,0,33
01/10/2007,MGW,WV,AEA,CE,Federal Contract Tower,0,14,13,0,27,0,17,41,2,60,0,31,54,2,87,0,0,0,87
01/11/2007,MGW,WV,AEA,CE,Federal Contract Tower,0,10,10,2,22,0,23,40,13,76,0,33,50,15,98,42,2,44,142
01/12/2007,MGW,WV,AEA,CE,Federal Contract Tower,0,14,20,1,35,0,4,14,1,19,0,18,34,2,54,0,0,0,54
01/13/2007,MGW,WV,AEA,CE,Federal Contract Tower,0,5,6,3,14,0,0,0,0,0,0,5,6,3,14,0,2,2,16
01/14/2007,MGW,WV,AEA,CE,Federal Contract Tower,0,0,7,0,7,0,0,1,0,1,0,0,8,0,8,0,0,0,8
01/15/2007,MGW,WV,AEA,CE,Federal Contract Tower,0,7,11,0,18,0,6,7,0,13,0,13,18,0,31,0,0,0,31
01/16/2007,MGW,WV,AEA,CE,Federal Contract Tower,0,4,8,0,12,0,4,15,0,19,0,8,23,0,31,28,0,28,59
01/17/2007,MGW,WV,AEA,CE,Federal Contract Tower,0,10,13,0,23,0,12,41,0,53,0,22,54,0,76,50,0,50,126
01/18/2007,MGW,WV,AEA,CE,Federal Contract Tower,0,13,19,6,38,0,20,37,16,73,0,33,56,22,111,36,4,40,151
01/19/2007,MGW,WV,AEA,CE,Federal Contract Tower,0,8,3,0,11,0,12,2,0,14,0,20,5,0,25,0,0,0,25
01/20/2007,MGW,WV,AEA,CE,Federal Contract Tower,0,4,3,0,7,0,7,8,0,15,0,11,11,0,22,0,0,0,22
01/21/2007,MGW,WV,AEA,CE,Federal Contract Tower,0,0,3,3,6,0,0,0,1,1,0,0,3,4,7,0,2,2,9
01/22/2007,MGW,WV,AEA,CE,Federal Contract Tower,0,10,2,0,12,0,0,2,0,2,0,10,4,0,14,0,0,0,14
01/23/2007,MGW,WV,AEA,CE,Federal Contract Tower,0,6,10,0,16,0,5,7,0,12,0,11,17,0,28,0,0,0,28
01/24/2007,MGW,WV,AEA,CE,Federal Contract Tower,0,12,11,0,23,0,3,17,0,20,0,15,28,0,43,0,0,0,43
01/25/2007,MGW,WV,AEA,CE,Federal Contract Tower,0,15,11,0,26,0,3,1,0,4,0,18,12,0,30,0,0,0,30
01/26/2007,MGW,WV,AEA,CE,Federal Contract Tower,0,11,15,0,26,0,30,23,0,53,0,41,38,0,79,18,0,18,97
01/27/2007,MGW,WV,AEA,CE,Federal Contract Tower,0,2,7,2,11,0,10,4,0,14,0,12,11,2,25,0,2,2,27
01/28/2007,MGW,WV,AEA,CE,Federal Contract Tower,0,2,6,0,8,0,0,2,0,2,0,2,8,0,10,24,0,24,34
01/29/2007,MGW,WV,AEA,CE,Federal Contract Tower,0,14,8,0,22,0,7,23,0,30,0,21,31,0,52,0,0,0,52
01/30/2007,MGW,WV,AEA,CE,Federal Contract Tower,0,8,5,0,13,0,9,12,0,21,0,17,17,0,34,0,0,0,34
01/31/2007,MGW,WV,AEA,CE,Federal Contract Tower,0,11,13,4,28,0,31,28,2,61,0,42,41,6,89,22,2,24,113
02/01/2007,MGW,WV,AEA,CE,Federal Contract Tower,0,11,13,2,26,0,13,24,2,39,0,24,37,4,65,10,0,10,75
02/02/2007,MGW,WV,AEA,CE,Federal Contract Tower,0,13,8,3,24,0,2,5,3,10,0,15,13,6,34,30,2,32,66
02/03/2007,MGW,WV,AEA,CE,Federal Contract Tower,0,2,8,0,10,0,4,8,6,18,0,6,16,6,28,4,0,4,32
02/04/2007,MGW,WV,AEA,CE,Federal Contract Tower,0,4,1,2,7,0,15,6,0,21,0,19,7,2,28,0,0,0,28
02/05/2007,MGW,WV,AEA,CE,Federal Contract Tower,0,13,7,0,20,0,9,25,0,34,0,22,32,0,54,0,0,0,54
02/06/2007,MGW,WV,AEA,CE,Federal Contract Tower,0,13,13,2,28,0,15,11,0,26,0,28,24,2,54,14,0,14,68
02/07/2007,MGW,WV,AEA,CE,Federal Contract Tower,0,9,13,5,27,0,20,24,3,47,0,29,37,8,74,28,16,44,118
02/08/2007,MGW,WV,AEA,CE,Federal Contract Tower,0,10,12,7,29,0,14,19,5,38,0,24,31,12,67,12,4,16,83
02/09/2007,MGW,WV,AEA,CE,Federal Contract Tower,0,14,17,7,38,0,14,23,29,66,0,28,40,36,104,6,14,20,124
02/10/2007,MGW,WV,AEA,CE,Federal Contract Tower,0,8,16,4,28,0,5,34,6,45,0,13,50,10,73,92,6,98,171
02/11/2007,MGW,WV,AEA,CE,Federal Contract Tower,0,4,17,0,21,0,33,18,0,51,0,37,35,0,72,32,0,32,104
02/12/2007,MGW,WV,AEA,CE,Federal Contract Tower,0,5,8,0,13,0,10,40,0,50,0,15,48,0,63,18,0,18,81
02/13/2007,MGW,WV,AEA,CE,Federal Contract Tower,0,0,2,0,2,0,2,0,0,2,0,2,2,0,4,0,0,0,4
02/14/2007,MGW,WV,AEA,CE,Federal Contract Tower,0,3,0,0,3,0,4,1,0,5,0,7,1,0,8,0,0,0,8
02/15/2007,MGW,WV,AEA,CE,Federal Contract Tower,0,12,14,6,32,0,24,17,4,45,0,36,31,10,77,4,14,18,95
02/16/2007,MGW,WV,AEA,CE,Federal Contract Tower,0,13,12,4,29,0,21,13,6,40,0,34,25,10,69,8,8,16,85
02/17/2007,MGW,WV,AEA,CE,Federal Contract Tower,0,7,4,0,11,0,7,0,0,7,0,14,4,0,18,0,0,0,18
02/18/2007,MGW,WV,AEA,CE,Federal Contract Tower,0,2,4,0,6,0,0,0,0,0,0,2,4,0,6,0,0,0,6
02/19/2007,MGW,WV,AEA,CE,Federal Contract Tower,0,9,10,0,19,0,36,29,2,67,0,45,39,2,86,40,0,40,126
02/20/2007,MGW,WV,AEA,CE,Federal Contract Tower,0,10,4,2,16,0,10,13,2,25,0,20,17,4,41,0,0,0,41
02/21/2007,MGW,WV,AEA,CE,Federal Contract Tower,0,14,13,2,29,0,12,32,3,47,0,26,45,5,76,50,4,54,130
02/22/2007,MGW,WV,AEA,CE,Federal Contract Tower,0,13,15,0,28,0,9,7,0,16,0,22,22,0,44,0,0,0,44
02/23/2007,MGW,WV,AEA,CE,Federal Contract Tower,0,16,13,0,29,0,20,28,0,48,0,36,41,0,77,60,0,60,137
02/24/2007,MGW,WV,AEA,CE,Federal Contract Tower,0,6,4,1,11,0,31,79,7,117,0,37,83,8,128,108,22,130,258
02/25/2007,MGW,WV,AEA,CE,Federal Contract Tower,0,4,4,0,8,0,4,2,0,6,0,8,6,0,14,6,0,6,20
02/26/2007,MGW,WV,AEA,CE,Federal Contract Tower,0,14,14,2,30,0,6,20,0,26,0,20,34,2,56,48,0,48,104
02/27/2007,MGW,WV,AEA,CE,Federal Contract Tower,0,12,11,2,25,0,28,45,2,75,0,40,56,4,100,86,0,86,186
02/28/2007,MGW,WV,AEA,CE,Federal Contract Tower,0,13,14,1,28,0,18,50,1,69,0,31,64,2,97,52,0,52,149
03/01/2007,MGW,WV,AEA,CE,Federal Contract Tower,0,13,6,1,20,0,15,23,1,39,0,28,29,2,59,66,0,66,125
03/02/2007,MGW,WV,AEA,CE,Federal Contract Tower,0,12,2,2,16,0,5,14,2,21,0,17,16,4,37,0,0,0,37
03/03/2007,MGW,WV,AEA,CE,Federal Contract Tower,0,0,5,0,5,0,2,5,0,7,0,2,10,0,12,8,0,8,20
03/04/2007,MGW,WV,AEA,CE,Federal Contract Tower,0,2,3,2,7,0,0,0,0,0,0,2,3,2,7,0,0,0,7
03/05/2007,MGW,WV,AEA,CE,Federal Contract Tower,0,9,6,0,15,0,12,28,0,40,0,21,34,0,55,40,0,40,95
03/06/2007,MGW,WV,AEA,CE,Federal Contract Tower,0,15,15,1,31,0,17,50,9,76,0,32,65,10,107,44,0,44,151
03/07/2007,MGW,WV,AEA,CE,Federal Contract Tower,0,5,4,2,11,0,10,4,2,16,0,15,8,4,27,0,0,0,27
03/08/2007,MGW,WV,AEA,CE,Federal Contract Tower,0,8,15,5,28,0,33,36,2,71,0,41,51,7,99,116,4,120,219
03/09/2007,MGW,WV,AEA,CE,Federal Contract Tower,0,5,9,1,15,0,27,78,1,106,0,32,87,2,121,60,0,60,181
03/10/2007,MGW,WV,AEA,CE,Federal Contract Tower,0,1,15,0,16,0,4,8,0,12,0,5,23,0,28,16,0,16,44
03/11/2007,MGW,WV,AEA,CE,Federal Contract Tower,0,0,12,0,12,0,22,67,0,89,0,22,79,0,101,100,0,100,201
03/12/2007,MGW,WV,AEA,CE,Federal Contract Tower,0,0,9,0,9,0,18,72,2,92,0,18,81,2,101,96,22,118,219
03/13/2007,MGW,WV,AEA,CE,Federal Contract Tower,0,0,12,0,12,0,10,67,16,93,0,10,79,16,105,72,16,88,193
03/14/2007,MGW,WV,AEA,CE,Federal Contract Tower,0,9,21,1,31,0,11,22,1,34,0,20,43,2,65,22,0,22,87
03/15/2007,MGW,WV,AEA,CE,Federal Contract Tower,0,12,8,4,24,0,6,5,0,11,0,18,13,4,35,0,0,0,35
03/16/2007,MGW,WV,AEA,CE,Federal Contract Tower,0,7,8,0,15,0,2,8,0,10,0,9,16,0,25,0,0,0,25
03/17/2007,MGW,WV,AEA,CE,Federal Contract Tower,0,3,4,0,7,0,12,2,0,14,0,15,6,0,21,10,0,10,31
03/18/2007,MGW,WV,AEA,CE,Federal Contract Tower,0,0,13,0,13,0,17,60,6,83,0,17,73,6,96,58,8,66,162
03/19/2007,MGW,WV,AEA,CE,Federal Contract Tower,0,2,14,0,16,0,17,35,8,60,0,19,49,8,76,34,18,52,128
03/20/2007,MGW,WV,AEA,CE,Federal Contract Tower,0,10,13,3,26,0,11,68,15,94,0,21,81,18,120,110,54,164,284
03/21/2007,MGW,WV,AEA,CE,Federal Contract Tower,0,4,9,0,13,0,15,35,2,52,0,19,44,2,65,18,36,54,119
03/22/2007,MGW,WV,AEA,CE,Federal Contract Tower,0,6,6,1,13,0,8,19,1,28,0,14,25,2,41,6,2,8,49
03/23/2007,MGW,WV,AEA,CE,Federal Contract Tower,0,0,12,1,13,0,2,43,0,45,0,2,55,1,58,10,0,10,68
03/24/2007,MGW,WV,AEA,CE,Federal Contract Tower,0,0,13,0,13,0,8,20,0,28,0,8,33,0,41,20,0,20,61
03/25/2007,MGW,WV,AEA,CE,Federal Contract Tower,0,0,7,2,9,0,15,87,10,112,0,15,94,12,121,116,28,144,265
03/26/2007,MGW,WV,AEA,CE,Federal Contract Tower,0,1,5,0,6,0,7,77,4,88,0,8,82,4,94,86,0,86,180
03/27/2007,MGW,WV,AEA,CE,Federal Contract Tower,0,5,14,2,21,0,6,40,20,66,0,11,54,22,87,42,20,62,149
03/28/2007,MGW,WV,AEA,CE,Federal Contract Tower,0,7,21,0,28,0,33,36,0,69,0,40,57,0,97,60,0,60,157
03/29/2007,MGW,WV,AEA,CE,Federal Contract Tower,0,2,13,1,16,0,22,56,7,85,0,24,69,8,101,88,14,102,203
03/30/2007,MGW,WV,AEA,CE,Federal Contract Tower,0,7,15,3,25,0,23,80,5,108,0,30,95,8,133,126,16,142,275
03/31/2007,MGW,WV,AEA,CE,Federal Contract Tower,0,0,7,0,7,0,6,55,12,73,0,6,62,12,80,108,50,158,238
04/01/2007,MGW,WV,AEA,CE,Federal Contract Tower,0,0,7,0,7,0,0,2,0,2,0,0,9,0,9,8,0,8,17
04/02/2007,MGW,WV,AEA,CE,Federal Contract Tower,0,4,10,9,23,0,31,28,13,72,0,35,38,22,95,26,6,32,127
04/03/2007,MGW,WV,AEA,CE,Federal Contract Tower,0,1,15,5,21,0,21,55,10,86,0,22,70,15,107,28,0,28,135
04/04/2007,MGW,WV,AEA,CE,Federal Contract Tower,0,3,18,4,25,0,3,5,0,8,0,6,23,4,33,0,6,6,39
04/05/2007,MGW,WV,AEA,CE,Federal Contract Tower,0,6,5,3,14,0,3,6,0,9,0,9,11,3,23,38,4,42,65
04/06/2007,MGW,WV,AEA,CE,Federal Contract Tower,0,2,15,12,29,0,10,14,6,30,0,12,29,18,59,52,24,76,135
04/07/2007,MGW,WV,AEA,CE,Federal Contract Tower,0,0,2,0,2,0,4,8,0,12,0,4,10,0,14,18,0,18,32
04/08/2007,MGW,WV,AEA,CE,Federal Contract Tower,0,0,7,0,7,0,0,2,0,2,0,0,9,0,9,0,0,0,9
04/09/2007,MGW,WV,AEA,CE,Federal Contract Tower,0,0,13,6,19,0,14,52,8,74,0,14,65,14,93,72,0,72,165
04/10/2007,MGW,WV,AEA,CE,Federal Contract Tower,0,0,12,7,19,0,13,50,11,74,0,13,62,18,93,84,18,102,195
04/11/2007,MGW,WV,AEA,CE,Federal Contract Tower,0,9,18,4,31,0,11,17,11,39,0,20,35,15,70,28,8,36,106
04/12/2007,MGW,WV,AEA,CE,Federal Contract Tower,0,4,10,3,17,0,23,17,7,47,0,27,27,10,64,12,0,12,76
04/13/2007,MGW,WV,AEA,CE,Federal Contract Tower,0,2,11,5,18,0,15,36,3,54,0,17,47,8,72,60,16,76,148
04/14/2007,MGW,WV,AEA,CE,Federal Contract Tower,0,0,1,0,1,0,13,18,2,33,0,13,19,2,34,54,10,64,98
04/15/2007,MGW,WV,AEA,CE,Federal Contract Tower,0,0,10,0,10,0,0,0,0,0,0,0,10,0,10,0,0,0,10
04/16/2007,MGW,WV,AEA,CE,Federal Contract Tower,0,0,18,2,20,0,0,12,0,12,0,0,30,2,32,0,0,0,32
04/17/2007,MGW,WV,AEA,CE,Federal Contract Tower,0,0,15,4,19,0,6,44,5,55,0,6,59,9,74,46,14,60,134
04/18/2007,MGW,WV,AEA,CE,Federal Contract Tower,0,6,18,4,28,0,19,39,4,62,0,25,57,8,90,90,12,102,192
04/19/2007,MGW,WV,AEA,CE,Federal Contract Tower,0,0,22,2,24,0,19,35,0,54,0,19,57,2,78,48,12,60,138
04/20/2007,MGW,WV,AEA,CE,Federal Contract Tower,0,4,13,3,20,0,21,57,11,89,0,25,70,14,109,104,16,120,229
04/21/2007,MGW,WV,AEA,CE,Federal Contract Tower,0,0,12,0,12,0,37,67,0,104,0,37,79,0,116,94,0,94,210
04/22/2007,MGW,WV,AEA,CE,Federal Contract Tower,0,3,20,0,23,0,16,54,4,74,0,19,74,4,97,90,0,90,187
04/23/2007,MGW,WV,AEA,CE,Federal Contract Tower,0,10,9,4,23,0,20,45,6,71,0,30,54,10,94,0,0,0,94
04/24/2007,MGW,WV,AEA,CE,Federal Contract Tower,0,5,15,1,21,0,16,46,12,74,0,21,61,13,95,34,40,74,169
04/25/2007,MGW,WV,AEA,CE,Federal Contract Tower,0,5,20,1,26,0,3,22,1,26,0,8,42,2,52,32,0,32,84
04/26/2007,MGW,WV,AEA,CE,Federal Contract Tower,0,8,10,2,20,0,19,31,2,52,0,27,41,4,72,60,0,60,132
04/27/2007,MGW,WV,AEA,CE,Federal Contract Tower,0,3,19,0,22,0,13,25,1,39,0,16,44,1,61,68,0,68,129
04/28/2007,MGW,WV,AEA,CE,Federal Contract Tower,0,1,15,1,17,0,4,22,1,27,0,5,37,2,44,36,2,38,82
04/29/2007,MGW,WV,AEA,CE,Federal Contract Tower,0,2,7,2,11,0,28,30,1,59,0,30,37,3,70,36,0,36,106
04/30/2007,MGW,WV,AEA,CE,Federal Contract Tower,0,6,4,2,12,0,18,32,16,66,0,24,36,18,78,92,30,122,200
05/01/2007,MGW,WV,AEA,CE,Federal Contract Tower,0,10,6,1,17,0,32,42,1,75,0,42,48,2,92,106,0,106,198
05/02/2007,MGW,WV,AEA,CE,Federal Contract Tower,0,14,9,0,23,0,11,35,3,49,0,25,44,3,72,108,0,108,180
05/03/2007,MGW,WV,AEA,CE,Federal Contract Tower,0,12,19,2,33,0,16,45,0,61,0,28,64,2,94,94,0,94,188
05/04/2007,MGW,WV,AEA,CE,Federal Contract Tower,0,9,13,3,25,0,17,54,5,76,0,26,67,8,101,84,0,84,185
05/05/2007,MGW,WV,AEA,CE,Federal Contract Tower,0,6,6,0,12,0,9,0,0,9,0,15,6,0,21,2,0,2,23
05/06/2007,MGW,WV,AEA,CE,Federal Contract Tower,0,8,8,2,18,0,40,45,2,87,0,48,53,4,105,102,20,122,227
05/07/2007,MGW,WV,AEA,CE,Federal Contract Tower,0,11,10,2,23,0,30,73,4,107,0,41,83,6,130,164,34,198,328
05/08/2007,MGW,WV,AEA,CE,Federal Contract Tower,0,13,16,2,31,0,29,71,2,102,0,42,87,4,133,176,8,184,317
05/09/2007,MGW,WV,AEA,CE,Federal Contract Tower,0,7,18,2,27,0,20,70,12,102,0,27,88,14,129,94,8,102,231
05/10/2007,MGW,WV,AEA,CE,Federal Contract Tower,0,13,21,1,35,0,21,65,1,87,0,34,86,2,122,94,0,94,216
05/11/2007,MGW,WV,AEA,CE,Federal Contract Tower,0,16,21,0,37,0,12,53,2,67,0,28,74,2,104,18,0,18,122
05/12/2007,MGW,WV,AEA,CE,Federal Contract Tower,0,7,25,0,32,0,50,43,17,110,0,57,68,17,142,88,14,102,244
05/13/2007,MGW,WV,AEA,CE,Federal Contract Tower,0,11,17,0,28,0,20,53,2,75,0,31,70,2,103,106,0,106,209
05/14/2007,MGW,WV,AEA,CE,Federal Contract Tower,0,19,8,3,30,0,33,72,3,108,0,52,80,6,138,86,20,106,244
05/15/2007,MGW,WV,AEA,CE,Federal Contract Tower,0,10,9,2,21,0,18,44,14,76,0,28,53,16,97,96,22,118,215
05/16/2007,MGW,WV,AEA,CE,Federal Contract Tower,0,12,11,1,24,0,7,13,1,21,0,19,24,2,45,6,0,6,51
05/17/2007,MGW,WV,AEA,CE,Federal Contract Tower,0,29,41,6,76,0,3,50,9,62,0,32,91,15,138,56,0,56,194
05/18/2007,MGW,WV,AEA,CE,Federal Contract Tower,0,18,32,0,50,0,9,25,0,34,0,27,57,0,84,40,0,40,124
05/19/2007,MGW,WV,AEA,CE,Federal Contract Tower,0,12,24,1,37,0,29,29,1,59,0,41,53,2,96,26,0,26,122
05/20/2007,MGW,WV,AEA,CE,Federal Contract Tower,0,22,11,0,33,0,17,27,2,46,0,39,38,2,79,26,0,26,105
05/21/2007,MGW,WV,AEA,CE,Federal Contract Tower,0,12,9,5,26,0,46,54,7,107,0,58,63,12,133,72,10,82,215
05/22/2007,MGW,WV,AEA,CE,Federal Contract Tower,0,8,6,7,21,0,28,53,9,90,0,36,59,16,111,122,2,124,235
05/23/2007,MGW,WV,AEA,CE,Federal Contract Tower,0,8,18,0,26,0,19,51,4,74,0,27,69,4,100,68,28,96,196
05/24/2007,MGW,WV,AEA,CE,Federal Contract Tower,0,14,15,2,31,0,12,63,10,85,0,26,78,12,116,160,38,198,314
05/25/2007,MGW,WV,AEA,CE,Federal Contract Tower,0,12,12,2,26,0,35,38,12,85,0,47,50,14,111,50,32,82,193
05/26/2007,MGW,WV,AEA,CE,Federal Contract Tower,0,8,8,0,16,0,53,52,13,118,0,61,60,13,134,82,86,168,302
05/27/2007,MGW,WV,AEA,CE,Federal Contract Tower,0,7,7,2,16,0,25,43,3,71,0,32,50,5,87,56,2,58,145
05/28/2007,MGW,WV,AEA,CE,Federal Contract Tower,0,8,20,0,28,0,20,37,8,65,0,28,57,8,93,74,48,122,215
05/29/2007,MGW,WV,AEA,CE,Federal Contract Tower,0,10,22,0,32,0,21,37,19,77,0,31,59,19,109,66,26,92,201
05/30/2007,MGW,WV,AEA,CE,Federal Contract Tower,0,15,3,4,22,0,14,40,7,61,0,29,43,11,83,94,24,118,201
05/31/2007,MGW,WV,AEA,CE,Federal Contract Tower,0,14,12,9,35,0,12,45,26,83,0,26,57,35,118,62,40,102,220
06/01/2007,MGW,WV,AEA,CE,Federal Contract Tower,0,10,27,7,44,0,12,36,9,57,0,22,63,16,101,104,22,126,227
06/02/2007,MGW,WV,AEA,CE,Federal Contract Tower,0,10,13,2,25,0,4,21,0,25,0,14,34,2,50,66,2,68,118
06/03/2007,MGW,WV,AEA,CE,Federal Contract Tower,0,13,14,11,38,0,4,6,6,16,0,17,20,17,54,20,36,56,110
06/04/2007,MGW,WV,AEA,CE,Federal Contract Tower,0,4,9,1,14,0,2,31,3,36,0,6,40,4,50,6,0,6,56
06/05/2007,MGW,WV,AEA,CE,Federal Contract Tower,0,11,16,7,34,0,27,27,15,69,0,38,43,22,103,50,58,108,211
06/06/2007,MGW,WV,AEA,CE,Federal Contract Tower,0,9,11,11,31,0,26,63,29,118,0,35,74,40,149,122,82,204,353
06/07/2007,MGW,WV,AEA,CE,Federal Contract Tower,0,9,15,0,24,0,20,28,0,48,0,29,43,0,72,88,0,88,160
06/08/2007,MGW,WV,AEA,CE,Federal Contract Tower,0,7,12,0,19,0,11,10,0,21,0,18,22,0,40,36,0,36,76
06/09/2007,MGW,WV,AEA,CE,Federal Contract Tower,0,4,12,2,18,0,38,114,21,173,0,42,126,23,191,172,46,218,409
06/10/2007,MGW,WV,AEA,CE,Federal Contract Tower,0,8,7,1,16,0,32,69,19,120,0,40,76,20,136,80,42,122,258
06/11/2007,MGW,WV,AEA,CE,Federal Contract Tower,0,7,10,2,19,0,36,47,5,88,0,43,57,7,107,50,26,76,183
06/12/2007,MGW,WV,AEA,CE,Federal Contract Tower,0,12,25,5,42,0,21,44,5,70,0,33,69,10,112,112,30,142,254
06/13/2007,MGW,WV,AEA,CE,Federal Contract Tower,0,8,22,1,31,0,6,22,0,28,0,14,44,1,59,16,2,18,77
06/14/2007,MGW,WV,AEA,CE,Federal Contract Tower,0,12,29,2,43,0,22,57,6,85,0,34,86,8,128,114,32,146,274
06/15/2007,MGW,WV,AEA,CE,Federal Contract Tower,0,12,15,6,33,0,32,43,5,80,0,44,58,11,113,68,18,86,199
06/16/2007,MGW,WV,AEA,CE,Federal Contract Tower,0,4,8,0,12,0,52,28,2,82,0,56,36,2,94,24,0,24,118
06/17/2007,MGW,WV,AEA,CE,Federal Contract Tower,0,8,12,0,20,0,24,36,0,60,0,32,48,0,80,74,0,74,154
06/18/2007,MGW,WV,AEA,CE,Federal Contract Tower,0,10,14,2,26,0,35,18,6,59,0,45,32,8,85,0,0,0,85
06/19/2007,MGW,WV,AEA,CE,Federal Contract Tower,0,12,16,3,31,0,8,20,4,32,0,20,36,7,63,44,8,52,115
06/20/2007,MGW,WV,AEA,CE,Federal Contract Tower,0,11,20,0,31,0,15,63,14,92,0,26,83,14,123,146,54,200,323
06/21/2007,MGW,WV,AEA,CE,Federal Contract Tower,0,9,11,5,25,0,3,27,6,36,0,12,38,11,61,40,0,40,101
06/22/2007,MGW,WV,AEA,CE,Federal Contract Tower,0,14,19,0,33,0,15,36,2,53,0,29,55,2,86,116,20,136,222
06/23/2007,MGW,WV,AEA,CE,Federal Contract Tower,0,6,13,2,21,0,39,30,19,88,0,45,43,21,109,28,20,48,157
06/24/2007,MGW,WV,AEA,CE,Federal Contract Tower,0,6,6,1,13,0,44,28,5,77,0,50,34,6,90,92,6,98,188
06/25/2007,MGW,WV,AEA,CE,Federal Contract Tower,0,12,24,1,37,0,25,52,3,80,0,37,76,4,117,98,0,98,215
06/26/2007,MGW,WV,AEA,CE,Federal Contract Tower,0,13,14,4,31,0,47,63,8,118,0,60,77,12,149,160,26,186,335
06/27/2007,MGW,WV,AEA,CE,Federal Contract Tower,0,13,12,0,25,0,10,13,0,23,0,23,25,0,48,30,0,30,78
06/28/2007,MGW,WV,AEA,CE,Federal Contract Tower,0,8,14,1,23,0,2,12,1,15,0,10,26,2,38,46,16,62,100
06/29/2007,MGW,WV,AEA,CE,Federal Contract Tower,0,11,5,0,16,0,1,6,3,10,0,12,11,3,26,4,0,4,30
06/30/2007,MGW,WV,AEA,CE,Federal Contract Tower,0,2,19,1,22,0,41,54,9,104,0,43,73,10,126,116,18,134,260
07/01/2007,MGW,WV,AEA,CE,Federal Contract Tower,0,8,10,0,18,0,26,24,5,55,0,34,34,5,73,34,152,186,259
07/02/2007,MGW,WV,AEA,CE,Federal Contract Tower,0,9,5,0,14,0,11,63,5,79,0,20,68,5,93,66,0,66,159
07/03/2007,MGW,WV,AEA,CE,Federal Contract Tower,0,11,5,5,21,0,11,67,0,78,0,22,72,5,99,172,0,172,271
07/04/2007,MGW,WV,AEA,CE,Federal Contract Tower,0,6,10,1,17,0,6,12,3,21,0,12,22,4,38,0,8,8,46
07/05/2007,MGW,WV,AEA,CE,Federal Contract Tower,0,6,10,0,16,0,5,9,4,18,0,11,19,4,34,20,24,44,78
07/06/2007,MGW,WV,AEA,CE,Federal Contract Tower,0,17,18,2,37,0,19,51,1,71,0,36,69,3,108,178,0,178,286
07/07/2007,MGW,WV,AEA,CE,Federal Contract Tower,0,7,12,0,19,0,9,39,0,48,0,16,51,0,67,26,0,26,93
07/08/2007,MGW,WV,AEA,CE,Federal Contract Tower,0,7,12,0,19,0,33,43,0,76,0,40,55,0,95,104,0,104,199
07/09/2007,MGW,WV,AEA,CE,Federal Contract Tower,0,9,13,2,24,0,26,36,0,62,0,35,49,2,86,59,34,93,179
07/10/2007,MGW,WV,AEA,CE,Federal Contract Tower,0,9,12,4,25,0,15,26,15,56,0,24,38,19,81,118,4,122,203
07/11/2007,MGW,WV,AEA,CE,Federal Contract Tower,0,8,15,4,27,0,16,13,0,29,0,24,28,4,56,0,0,0,56
07/12/2007,MGW,WV,AEA,CE,Federal Contract Tower,0,14,11,3,28,0,21,51,5,77,0,35,62,8,105,60,0,60,165
07/13/2007,MGW,WV,AEA,CE,Federal Contract Tower,0,12,11,2,25,0,13,46,9,68,0,25,57,11,93,20,0,20,113
07/14/2007,MGW,WV,AEA,CE,Federal Contract Tower,0,10,13,1,24,0,24,53,1,78,0,34,66,2,102,80,0,80,182
07/15/2007,MGW,WV,AEA,CE,Federal Contract Tower,0,10,13,2,25,0,12,31,2,45,0,22,44,4,70,74,16,90,160
07/16/2007,MGW,WV,AEA,CE,Federal Contract Tower,0,6,11,2,19,0,24,25,1,50,0,30,36,3,69,22,2,24,93
07/17/2007,MGW,WV,AEA,CE,Federal Contract Tower,0,16,8,2,26,0,34,68,0,102,0,50,76,2,128,30,0,30,158
07/18/2007,MGW,WV,AEA,CE,Federal Contract Tower,0,14,14,4,32,0,19,25,2,46,0,33,39,6,78,82,22,104,182
07/19/2007,MGW,WV,AEA,CE,Federal Contract Tower,0,14,10,0,24,0,1,10,0,11,0,15,20,0,35,10,0,10,45
07/20/2007,MGW,WV,AEA,CE,Federal Contract Tower,0,18,13,2,33,0,11,43,5,59,0,29,56,7,92,88,18,106,198
07/21/2007,MGW,WV,AEA,CE,Federal Contract Tower,0,11,12,0,23,0,16,61,0,77,0,27,73,0,100,98,0,98,198
07/22/2007,MGW,WV,AEA,CE,Federal Contract Tower,0,7,14,3,24,0,19,58,11,88,0,26,72,14,112,94,10,104,216
07/23/2007,MGW,WV,AEA,CE,Federal Contract Tower,0,16,11,3,30,0,10,22,8,40,0,26,33,11,70,36,2,38,108
07/24/2007,MGW,WV,AEA,CE,Federal Contract Tower,0,10,11,0,21,0,20,28,0,48,0,30,39,0,69,48,0,48,117
07/25/2007,MGW,WV,AEA,CE,Federal Contract Tower,0,23,12,0,35,0,18,43,2,63,0,41,55,2,98,112,0,112,210
07/26/2007,MGW,WV,AEA,CE,Federal Contract Tower,0,14,17,0,31,0,48,38,0,86,0,62,55,0,117,76,0,76,193
07/27/2007,MGW,WV,AEA,CE,Federal Contract Tower,0,19,17,0,36,0,5,17,4,26,0,24,34,4,62,14,0,14,76
07/28/2007,MGW,WV,AEA,CE,Federal Contract Tower,0,10,17,3,30,0,26,7,3,36,0,36,24,6,66,0,0,0,66
07/29/2007,MGW,WV,AEA,CE,Federal Contract Tower,0,8,13,0,21,0,4,11,2,17,0,12,24,2,38,30,20,50,88
07/30/2007,MGW,WV,AEA,CE,Federal Contract Tower,0,8,11,4,23,0,13,31,2,46,0,21,42,6,69,76,0,76,145
07/31/2007,MGW,WV,AEA,CE,Federal Contract Tower,0,13,13,8,34,0,34,41,3,78,0,47,54,11,112,90,20,110,222
08/01/2007,MGW,WV,AEA,CE,Federal Contract Tower,0,17,12,1,30,0,21,64,5,90,0,38,76,6,120,178,44,222,342
08/02/2007,MGW,WV,AEA,CE,Federal Contract Tower,0,10,9,3,22,0,16,41,13,70,0,26,50,16,92,154,36,190,282
08/03/2007,MGW,WV,AEA,CE,Federal Contract Tower,0,12,8,3,23,0,10,54,0,64,0,22,62,3,87,130,0,130,217
08/04/2007,MGW,WV,AEA,CE,Federal Contract Tower,0,7,10,1,18,0,27,28,1,56,0,34,38,2,74,26,0,26,100
08/05/2007,MGW,WV,AEA,CE,Federal Contract Tower,0,10,15,6,31,0,0,1,2,3,0,10,16,8,34,0,0,0,34
08/06/2007,MGW,WV,AEA,CE,Federal Contract Tower,0,10,34,6,50,0,10,7,6,23,0,20,41,12,73,0,0,0,73
08/07/2007,MGW,WV,AEA,CE,Federal Contract Tower,0,11,23,6,40,0,20,37,8,65,0,31,60,14,105,80,6,86,191
08/08/2007,MGW,WV,AEA,CE,Federal Contract Tower,0,11,4,2,17,0,17,29,4,50,0,28,33,6,67,44,0,44,111
08/09/2007,MGW,WV,AEA,CE,Federal Contract Tower,0,10,15,4,29,0,16,21,4,41,0,26,36,8,70,40,0,40,110
08/10/2007,MGW,WV,AEA,CE,Federal Contract Tower,0,12,14,6,32,0,4,7,12,23,0,16,21,18,55,0,16,16,71
08/11/2007,MGW,WV,AEA,CE,Federal Contract Tower,0,12,10,0,22,0,20,38,3,61,0,32,48,3,83,74,10,84,167
08/12/2007,MGW,WV,AEA,CE,Federal Contract Tower,0,13,8,2,23,0,28,68,0,96,0,41,76,2,119,162,0,162,281
08/13/2007,MGW,WV,AEA,CE,Federal Contract Tower,0,7,7,12,26,0,24,48,16,88,0,31,55,28,114,94,54,148,262
08/14/2007,MGW,WV,AEA,CE,Federal Contract Tower,0,10,14,4,28,0,30,44,1,75,0,40,58,5,103,102,10,112,215
08/15/2007,MGW,WV,AEA,CE,Federal Contract Tower,0,9,17,5,31,0,28,47,2,77,0,37,64,7,108,96,0,96,204
08/16/2007,MGW,WV,AEA,CE,Federal Contract Tower,0,14,13,1,28,0,4,16,3,23,0,18,29,4,51,12,4,16,67
08/17/2007,MGW,WV,AEA,CE,Federal Contract Tower,0,11,26,3,40,0,15,29,1,45,0,26,55,4,85,100,4,104,189
08/18/2007,MGW,WV,AEA,CE,Federal Contract Tower,0,10,12,0,22,0,27,72,3,102,0,37,84,3,124,86,0,86,210
08/19/2007,MGW,WV,AEA,CE,Federal Contract Tower,0,8,18,0,26,0,16,30,6,52,0,24,48,6,78,46,0,46,124
08/20/2007,MGW,WV,AEA,CE,Federal Contract Tower,0,11,19,0,30,0,6,34,0,40,0,17,53,0,70,82,0,82,152
08/21/2007,MGW,WV,AEA,CE,Federal Contract Tower,0,14,19,1,34,0,7,9,1,17,0,21,28,2,51,18,0,18,69
08/22/2007,MGW,WV,AEA,CE,Federal Contract Tower,0,8,33,0,41,0,27,66,12,105,0,35,99,12,146,80,42,122,268
08/23/2007,MGW,WV,AEA,CE,Federal Contract Tower,0,16,14,1,31,0,28,40,0,68,0,44,54,1,99,46,0,46,145
08/24/2007,MGW,WV,AEA,CE,Federal Contract Tower,0,10,8,5,23,0,36,63,5,104,0,46,71,10,127,90,6,96,223
08/25/2007,MGW,WV,AEA,CE,Federal Contract Tower,0,9,7,0,16,0,17,37,11,65,0,26,44,11,81,88,2,90,171
08/26/2007,MGW,WV,AEA,CE,Federal Contract Tower,0,12,10,0,22,0,19,22,0,41,0,31,32,0,63,18,0,18,81
08/27/2007,MGW,WV,AEA,CE,Federal Contract Tower,0,13,12,1,26,0,22,91,1,114,0,35,103,2,140,130,0,130,270
08/28/2007,MGW,WV,AEA,CE,Federal Contract Tower,0,10,19,3,32,0,51,76,6,133,0,61,95,9,165,112,18,130,295
08/29/2007,MGW,WV,AEA,CE,Federal Contract Tower,0,12,22,2,36,0,9,57,1,67,0,21,79,3,103,92,4,96,199
08/30/2007,MGW,WV,AEA,CE,Federal Contract Tower,0,15,16,2,33,0,33,25,0,58,0,48,41,2,91,28,0,28,119
08/31/2007,MGW,WV,AEA,CE,Federal Contract Tower,0,6,25,5,36,0,22,22,3,47,0,28,47,8,83,38,10,48,131
09/01/2007,MGW,WV,AEA,CE,Federal Contract Tower,0,5,31,0,36,0,67,262,2,331,0,72,293,2,367,64,18,82,449
09/02/2007,MGW,WV,AEA,CE,Federal Contract Tower,0,10,7,0,17,0,27,40,8,75,0,37,47,8,92,100,30,130,222
09/03/2007,MGW,WV,AEA,CE,Federal Contract Tower,0,6,12,0,18,0,11,55,7,73,0,17,67,7,91,122,46,168,259
09/04/2007,MGW,WV,AEA,CE,Federal Contract Tower,0,9,10,2,21,0,18,39,16,73,0,27,49,18,94,52,26,78,172
09/05/2007,MGW,WV,AEA,CE,Federal Contract Tower,0,12,17,4,33,0,21,55,7,83,0,33,72,11,116,96,8,104,220
09/06/2007,MGW,WV,AEA,CE,Federal Contract Tower,0,14,14,1,29,0,22,49,7,78,0,36,63,8,107,106,20,126,233
09/07/2007,MGW,WV,AEA,CE,Federal Contract Tower,0,9,24,4,37,0,19,41,3,63,0,28,65,7,100,94,2,96,196
09/08/2007,MGW,WV,AEA,CE,Federal Contract Tower,0,8,21,1,30,0,8,59,0,67,0,16,80,1,97,62,0,62,159
09/09/2007,MGW,WV,AEA,CE,Federal Contract Tower,0,8,14,0,22,0,22,18,3,43,0,30,32,3,65,30,0,30,95
09/10/2007,MGW,WV,AEA,CE,Federal Contract Tower,0,9,13,3,25,0,25,44,13,82,0,34,57,16,107,148,6,154,261
09/11/2007,MGW,WV,AEA,CE,Federal Contract Tower,0,9,17,0,26,0,10,22,4,36,0,19,39,4,62,58,10,68,130
09/12/2007,MGW,WV,AEA,CE,Federal Contract Tower,0,11,19,0,30,0,10,86,9,105,0,21,105,9,135,118,38,156,291
09/13/2007,MGW,WV,AEA,CE,Federal Contract Tower,0,8,16,3,27,0,72,71,19,162,0,80,87,22,189,66,6,72,261
09/14/2007,MGW,WV,AEA,CE,Federal Contract Tower,0,11,11,3,25,0,10,31,0,41,0,21,42,3,66,42,8,50,116
09/15/2007,MGW,WV,AEA,CE,Federal Contract Tower,0,7,9,0,16,0,27,26,1,54,0,34,35,1,70,38,0,38,108
09/16/2007,MGW,WV,AEA,CE,Federal Contract Tower,0,7,13,0,20,0,38,70,18,126,0,45,83,18,146,118,38,156,302
09/17/2007,MGW,WV,AEA,CE,Federal Contract Tower,0,9,11,5,25,0,37,61,7,105,0,46,72,12,130,114,0,114,244
09/18/2007,MGW,WV,AEA,CE,Federal Contract Tower,0,9,10,6,25,0,23,42,17,82,0,32,52,23,107,100,10,110,217
09/19/2007,MGW,WV,AEA,CE,Federal Contract Tower,0,19,27,3,49,0,22,69,5,96,0,41,96,8,145,176,12,188,333
09/20/2007,MGW,WV,AEA,CE,Federal Contract Tower,0,10,22,6,38,0,18,38,12,68,0,28,60,18,106,46,18,64,170
09/21/2007,MGW,WV,AEA,CE,Federal Contract Tower,0,8,22,4,34,0,22,49,4,75,0,30,71,8,109,56,8,64,173
09/22/2007,MGW,WV,AEA,CE,Federal Contract Tower,0,7,39,1,47,0,40,57,1,98,0,47,96,2,145,144,6,150,295
09/23/2007,MGW,WV,AEA,CE,Federal Contract Tower,0,7,12,0,19,0,44,60,6,110,0,51,72,6,129,106,18,124,253
09/24/2007,MGW,WV,AEA,CE,Federal Contract Tower,0,6,15,4,25,0,28,72,6,106,0,34,87,10,131,150,0,150,281
09/25/2007,MGW,WV,AEA,CE,Federal Contract Tower,0,11,10,0,21,0,20,60,10,90,0,31,70,10,111,132,30,162,273
09/26/2007,MGW,WV,AEA,CE,Federal Contract Tower,0,16,16,2,34,0,23,54,5,82,0,39,70,7,116,100,14,114,230
09/27/2007,MGW,WV,AEA,CE,Federal Contract Tower,0,17,9,0,26,0,29,31,0,60,0,46,40,0,86,30,0,30,116
09/28/2007,MGW,WV,AEA,CE,Federal Contract Tower,0,17,21,0,38,0,23,28,7,58,0,40,49,7,96,76,0,76,172
09/29/2007,MGW,WV,AEA,CE,Federal Contract Tower,0,11,9,0,20,0,25,49,0,74,0,36,58,0,94,62,0,62,156
09/30/2007,MGW,WV,AEA,CE,Federal Contract Tower,0,16,15,0,31,0,24,64,5,93,0,40,79,5,124,96,18,114,238
10/01/2007,MGW,WV,AEA,CE,Federal Contract Tower,0,8,7,3,18,0,31,48,5,84,0,39,55,8,102,88,10,98,200
10/02/2007,MGW,WV,AEA,CE,Federal Contract Tower,0,11,13,0,24,0,20,13,3,36,0,31,26,3,60,0,12,12,72
10/03/2007,MGW,WV,AEA,CE,Federal Contract Tower,0,12,13,7,32,0,23,41,7,71,0,35,54,14,103,74,14,88,191
10/04/2007,MGW,WV,AEA,CE,Federal Contract Tower,0,11,23,0,34,0,20,42,2,64,0,31,65,2,98,78,0,78,176
10/05/2007,MGW,WV,AEA,CE,Federal Contract Tower,0,10,18,7,35,0,31,47,5,83,0,41,65,12,118,24,10,34,152
10/06/2007,MGW,WV,AEA,CE,Federal Contract Tower,0,11,15,2,28,0,21,103,2,126,0,32,118,4,154,46,4,50,204
10/07/2007,MGW,WV,AEA,CE,Federal Contract Tower,0,10,16,0,26,0,27,88,0,115,0,37,104,0,141,82,0,82,223
10/08/2007,MGW,WV,AEA,CE,Federal Contract Tower,0,10,20,0,30,0,20,41,3,64,0,30,61,3,94,72,8,80,174
10/09/2007,MGW,WV,AEA,CE,Federal Contract Tower,0,10,12,0,22,0,4,11,0,15,0,14,23,0,37,12,0,12,49
10/10/2007,MGW,WV,AEA,CE,Federal Contract Tower,0,6,17,2,25,0,13,18,5,36,0,19,35,7,61,36,34,70,131
10/11/2007,MGW,WV,AEA,CE,Federal Contract Tower,0,13,18,0,31,0,19,12,0,31,0,32,30,0,62,68,0,68,130
10/12/2007,MGW,WV,AEA,CE,Federal Contract Tower,0,12,24,3,39,0,17,9,14,40,0,29,33,17,79,18,4,22,101
10/13/2007,MGW,WV,AEA,CE,Federal Contract Tower,0,8,2,2,12,0,14,86,3,103,0,22,88,5,115,90,0,90,205
10/14/2007,MGW,WV,AEA,CE,Federal Contract Tower,0,8,16,2,26,0,30,47,9,86,0,38,63,11,112,52,28,80,192
10/15/2007,MGW,WV,AEA,CE,Federal Contract Tower,0,9,9,2,20,0,40,56,6,102,0,49,65,8,122,146,22,168,290
10/16/2007,MGW,WV,AEA,CE,Federal Contract Tower,0,13,15,2,30,0,27,36,3,66,0,40,51,5,96,132,0,132,228
10/17/2007,MGW,WV,AEA,CE,Federal Contract Tower,0,8,13,4,25,0,23,45,8,76,0,31,58,12,101,72,2,74,175
10/18/2007,MGW,WV,AEA,CE,Federal Contract Tower,0,13,17,0,30,0,20,40,0,60,0,33,57,0,90,66,0,66,156
10/19/2007,MGW,WV,AEA,CE,Federal Contract Tower,0,12,24,0,36,0,6,9,0,15,0,18,33,0,51,28,0,28,79
10/20/2007,MGW,WV,AEA,CE,Federal Contract Tower,0,13,36,0,49,0,24,73,0,97,0,37,109,0,146,210,0,210,356
10/21/2007,MGW,WV,AEA,CE,Federal Contract Tower,0,10,19,0,29,0,27,88,0,115,0,37,107,0,144,166,0,166,310
10/22/2007,MGW,WV,AEA,CE,Federal Contract Tower,0,22,15,4,41,0,31,54,6,91,0,53,69,10,132,112,0,112,244
10/23/2007,MGW,WV,AEA,CE,Federal Contract Tower,0,20,18,6,44,0,17,7,0,24,0,37,25,6,68,6,0,6,74
10/24/2007,MGW,WV,AEA,CE,Federal Contract Tower,0,13,9,2,24,0,4,3,0,7,0,17,12,2,31,0,0,0,31
10/25/2007,MGW,WV,AEA,CE,Federal Contract Tower,0,15,14,0,29,0,19,16,0,35,0,34,30,0,64,34,0,34,98
10/26/2007,MGW,WV,AEA,CE,Federal Contract Tower,0,17,13,5,35,0,6,9,1,16,0,23,22,6,51,8,0,8,59
10/27/2007,MGW,WV,AEA,CE,Federal Contract Tower,0,15,7,4,26,0,19,21,9,49,0,34,28,13,75,20,32,52,127
10/28/2007,MGW,WV,AEA,CE,Federal Contract Tower,0,10,14,0,24,0,28,41,11,80,0,38,55,11,104,60,34,94,198
10/29/2007,MGW,WV,AEA,CE,Federal Contract Tower,0,8,17,8,33,0,31,57,12,100,0,39,74,20,133,90,30,120,253
10/30/2007,MGW,WV,AEA,CE,Federal Contract Tower,0,6,7,4,17,0,17,48,6,71,0,23,55,10,88,92,34,126,214
10/31/2007,MGW,WV,AEA,CE,Federal Contract Tower,0,11,15,1,27,0,15,53,8,76,0,26,68,9,103,106,38,144,247
11/01/2007,MGW,WV,AEA,CE,Federal Contract Tower,0,16,20,3,39,0,31,24,1,56,0,47,44,4,95,66,0,66,161
11/02/2007,MGW,WV,AEA,CE,Federal Contract Tower,0,12,12,9,33,0,27,38,8,73,0,39,50,17,106,52,16,68,174
11/03/2007,MGW,WV,AEA,CE,Federal Contract Tower,0,6,3,0,9,0,10,49,2,61,0,16,52,2,70,104,0,104,174
11/04/2007,MGW,WV,AEA,CE,Federal Contract Tower,0,4,5,3,12,0,14,36,9,59,0,18,41,12,71,78,6,84,155
11/05/2007,MGW,WV,AEA,CE,Federal Contract Tower,0,9,6,6,21,0,25,29,6,60,0,34,35,12,81,66,0,66,147
11/06/2007,MGW,WV,AEA,CE,Federal Contract Tower,0,7,16,0,23,0,7,25,0,32,0,14,41,0,55,66,0,66,121
11/07/2007,MGW,WV,AEA,CE,Federal Contract Tower,0,14,15,16,45,0,18,21,15,54,0,32,36,31,99,38,10,48,147
11/08/2007,MGW,WV,AEA,CE,Federal Contract Tower,0,16,31,4,51,0,27,69,4,100,0,43,100,8,151,322,0,322,473
11/09/2007,MGW,WV,AEA,CE,Federal Contract Tower,0,17,32,10,59,0,27,51,8,86,0,44,83,18,145,72,0,72,217
11/10/2007,MGW,WV,AEA,CE,Federal Contract Tower,0,13,18,0,31,0,7,11,0,18,0,20,29,0,49,8,0,8,57
11/11/2007,MGW,WV,AEA,CE,Federal Contract Tower,0,11,20,0,31,0,23,40,0,63,0,34,60,0,94,60,0,60,154
11/12/2007,MGW,WV,AEA,CE,Federal Contract Tower,0,17,28,2,47,0,13,39,4,56,0,30,67,6,103,60,0,60,163
11/13/2007,MGW,WV,AEA,CE,Federal Contract Tower,0,12,22,9,43,0,13,54,11,78,0,25,76,20,121,116,22,138,259
11/14/2007,MGW,WV,AEA,CE,Federal Contract Tower,0,14,12,19,45,0,0,4,11,15,0,14,16,30,60,8,20,28,88
11/15/2007,MGW,WV,AEA,CE,Federal Contract Tower,0,12,24,0,36,0,12,20,0,32,0,24,44,0,68,0,0,0,68
11/16/2007,MGW,WV,AEA,CE,Federal Contract Tower,0,8,17,0,25,0,15,14,0,29,0,23,31,0,54,78,0,78,132
11/17/2007,MGW,WV,AEA,CE,Federal Contract Tower,0,9,28,1,38,0,22,13,3,38,0,31,41,4,76,10,6,16,92
11/18/2007,MGW,WV,AEA,CE,Federal Contract Tower,0,6,6,0,12,0,10,18,0,28,0,16,24,0,40,56,0,56,96
11/19/2007,MGW,WV,AEA,CE,Federal Contract Tower,0,13,12,0,25,0,17,45,7,69,0,30,57,7,94,152,0,152,246
11/20/2007,MGW,WV,AEA,CE,Federal Contract Tower,0,8,6,3,17,0,11,29,7,47,0,19,35,10,64,44,10,54,118
11/21/2007,MGW,WV,AEA,CE,Federal Contract Tower,0,12,20,0,32,0,26,33,0,59,0,38,53,0,91,86,0,86,177
11/22/2007,MGW,WV,AEA,CE,Federal Contract Tower,0,6,4,0,10,0,8,1,0,9,0,14,5,0,19,0,0,0,19
11/23/2007,MGW,WV,AEA,CE,Federal Contract Tower,0,11,8,0,19,0,15,23,0,38,0,26,31,0,57,86,0,86,143
11/24/2007,MGW,WV,AEA,CE,Federal Contract Tower,0,11,26,0,37,0,34,48,1,83,0,45,74,1,120,188,0,188,308
11/25/2007,MGW,WV,AEA,CE,Federal Contract Tower,0,10,12,0,22,0,13,50,5,68,0,23,62,5,90,106,20,126,216
11/26/2007,MGW,WV,AEA,CE,Federal Contract Tower,0,8,5,2,15,0,3,0,1,4,0,11,5,3,19,0,0,0,19
11/27/2007,MGW,WV,AEA,CE,Federal Contract Tower,0,14,4,1,19,0,21,13,1,35,0,35,17,2,54,6,0,6,60
11/28/2007,MGW,WV,AEA,CE,Federal Contract Tower,0,8,17,1,26,0,22,43,1,66,0,30,60,2,92,94,0,94,186
11/29/2007,MGW,WV,AEA,CE,Federal Contract Tower,0,19,7,5,31,0,26,9,2,37,0,45,16,7,68,12,24,36,104
11/30/2007,MGW,WV,AEA,CE,Federal Contract Tower,0,9,18,2,29,0,13,29,10,52,0,22,47,12,81,40,24,64,145
12/01/2007,MGW,WV,AEA,CE,Federal Contract Tower,0,9,25,4,38,0,10,91,0,101,0,19,116,4,139,132,10,142,281
12/02/2007,MGW,WV,AEA,CE,Federal Contract Tower,0,9,4,2,15,0,0,1,0,1,0,9,5,2,16,0,0,0,16
12/03/2007,MGW,WV,AEA,CE,Federal Contract Tower,0,14,7,0,21,0,7,0,0,7,0,21,7,0,28,0,0,0,28
12/04/2007,MGW,WV,AEA,CE,Federal Contract Tower,0,21,11,2,34,0,21,3,2,26,0,42,14,4,60,0,0,0,60
12/05/2007,MGW,WV,AEA,CE,Federal Contract Tower,0,4,5,0,9,0,1,1,0,2,0,5,6,0,11,0,0,0,11
12/06/2007,MGW,WV,AEA,CE,Federal Contract Tower,0,7,14,15,36,0,14,9,3,26,0,21,23,18,62,0,0,0,62
12/07/2007,MGW,WV,AEA,CE,Federal Contract Tower,0,10,6,0,16,0,6,3,0,9,0,16,9,0,25,6,0,6,31
12/08/2007,MGW,WV,AEA,CE,Federal Contract Tower,0,8,8,0,16,0,7,0,0,7,0,15,8,0,23,0,0,0,23
12/09/2007,MGW,WV,AEA,CE,Federal Contract Tower,0,13,9,5,27,0,1,0,2,3,0,14,9,7,30,0,0,0,30
12/10/2007,MGW,WV,AEA,CE,Federal Contract Tower,0,8,7,0,15,0,0,0,0,0,0,8,7,0,15,0,0,0,15
12/11/2007,MGW,WV,AEA,CE,Federal Contract Tower,0,14,19,4,37,0,6,11,2,19,0,20,30,6,56,12,0,12,68
12/12/2007,MGW,WV,AEA,CE,Federal Contract Tower,0,11,17,10,38,0,17,11,7,35,0,28,28,17,73,8,0,8,81
12/13/2007,MGW,WV,AEA,CE,Federal Contract Tower,0,12,7,0,19,0,4,0,0,4,0,16,7,0,23,0,0,0,23
12/14/2007,MGW,WV,AEA,CE,Federal Contract Tower,0,7,31,1,39,0,15,24,7,46,0,22,55,8,85,64,0,64,149
12/15/2007,MGW,WV,AEA,CE,Federal Contract Tower,0,14,9,0,23,0,8,4,0,12,0,22,13,0,35,0,0,0,35
12/16/2007,MGW,WV,AEA,CE,Federal Contract Tower,0,4,6,0,10,0,0,0,0,0,0,4,6,0,10,0,0,0,10
12/17/2007,MGW,WV,AEA,CE,Federal Contract Tower,0,7,16,2,25,0,14,8,1,23,0,21,24,3,48,18,0,18,66
12/18/2007,MGW,WV,AEA,CE,Federal Contract Tower,0,9,12,2,23,0,21,35,4,60,0,30,47,6,83,70,2,72,155
12/19/2007,MGW,WV,AEA,CE,Federal Contract Tower,0,13,15,0,28,0,18,11,0,29,0,31,26,0,57,14,0,14,71
12/20/2007,MGW,WV,AEA,CE,Federal Contract Tower,0,12,15,4,31,0,24,38,11,73,0,36,53,15,104,64,22,86,190
12/21/2007,MGW,WV,AEA,CE,Federal Contract Tower,0,11,11,5,27,0,59,16,3,78,0,70,27,8,105,74,8,82,187
12/22/2007,MGW,WV,AEA,CE,Federal Contract Tower,0,7,10,0,17,0,24,15,0,39,0,31,25,0,56,50,0,50,106
12/23/2007,MGW,WV,AEA,CE,Federal Contract Tower,0,8,1,0,9,0,12,0,0,12,0,20,1,0,21,0,0,0,21
12/24/2007,MGW,WV,AEA,CE,Federal Contract Tower,0,7,2,0,9,0,14,9,0,23,0,21,11,0,32,18,0,18,50
12/25/2007,MGW,WV,AEA,CE,Federal Contract Tower,0,9,1,0,10,0,18,7,0,25,0,27,8,0,35,8,0,8,43
12/26/2007,MGW,WV,AEA,CE,Federal Contract Tower,0,7,10,0,17,0,14,39,4,57,0,21,49,4,74,104,30,134,208
12/27/2007,MGW,WV,AEA,CE,Federal Contract Tower,0,11,4,0,15,0,16,6,0,22,0,27,10,0,37,0,0,0,37
12/28/2007,MGW,WV,AEA,CE,Federal Contract Tower,0,8,10,0,18,0,27,21,2,50,0,35,31,2,68,22,0,22,90
12/29/2007,MGW,WV,AEA,CE,Federal Contract Tower,0,10,4,1,15,0,46,21,1,68,0,56,25,2,83,80,6,86,169
12/30/2007,MGW,WV,AEA,CE,Federal Contract Tower,0,8,2,0,10,0,5,21,0,26,0,13,23,0,36,36,0,36,72
12/31/2007,MGW,WV,AEA,CE,Federal Contract Tower,0,5,0,0,5,0,23,26,0,49,0,28,26,0,54,56,0,56,110
01/01/2008,MGW,WV,AEA,CE,Federal Contract Tower,0,7,1,0,8,0,1,0,0,1,0,8,1,0,9,0,0,0,9
01/02/2008,MGW,WV,AEA,CE,Federal Contract Tower,0,8,4,0,12,0,2,4,0,6,0,10,8,0,18,0,0,0,18
01/03/2008,MGW,WV,AEA,CE,Federal Contract Tower,3,8,3,0,14,3,29,7,8,47,6,37,10,8,61,64,0,64,125
01/04/2008,MGW,WV,AEA,CE,Federal Contract Tower,0,14,6,0,20,0,27,31,0,58,0,41,37,0,78,72,0,72,150
01/05/2008,MGW,WV,AEA,CE,Federal Contract Tower,0,11,12,1,24,0,13,7,6,26,0,24,19,7,50,48,0,48,98
01/06/2008,MGW,WV,AEA,CE,Federal Contract Tower,0,8,15,0,23,0,14,7,0,21,0,22,22,0,44,14,0,14,58
01/07/2008,MGW,WV,AEA,CE,Federal Contract Tower,0,6,9,7,22,0,15,36,15,66,0,21,45,22,88,46,86,132,220
01/08/2008,MGW,WV,AEA,CE,Federal Contract Tower,0,14,5,5,24,0,13,21,14,48,0,27,26,19,72,44,36,80,152
01/09/2008,MGW,WV,AEA,CE,Federal Contract Tower,0,12,10,5,27,0,16,15,19,50,0,28,25,24,77,18,48,66,143
01/10/2008,MGW,WV,AEA,CE,Federal Contract Tower,0,11,14,9,34,0,25,35,16,76,0,36,49,25,110,54,84,138,248
01/11/2008,MGW,WV,AEA,CE,Federal Contract Tower,0,8,3,0,11,0,11,14,2,27,0,19,17,2,38,14,0,14,52
01/12/2008,MGW,WV,AEA,CE,Federal Contract Tower,0,8,8,6,22,0,22,34,15,71,0,30,42,21,93,100,18,118,211
01/13/2008,MGW,WV,AEA,CE,Federal Contract Tower,0,9,10,0,19,0,19,21,8,48,0,28,31,8,67,44,0,44,111
01/14/2008,MGW,WV,AEA,CE,Federal Contract Tower,0,14,3,0,17,0,2,2,0,4,0,16,5,0,21,0,0,0,21
01/15/2008,MGW,WV,AEA,CE,Federal Contract Tower,0,7,6,0,13,0,3,0,2,5,0,10,6,2,18,0,0,0,18
01/16/2008,MGW,WV,AEA,CE,Federal Contract Tower,0,6,8,8,22,0,15,43,27,85,0,21,51,35,107,122,84,206,313
01/17/2008,MGW,WV,AEA,CE,Federal Contract Tower,0,14,9,0,23,0,13,6,0,19,0,27,15,0,42,28,0,28,70
01/18/2008,MGW,WV,AEA,CE,Federal Contract Tower,0,4,7,8,19,0,21,13,5,39,0,25,20,13,58,46,6,52,110
01/19/2008,MGW,WV,AEA,CE,Federal Contract Tower,0,8,11,0,19,0,7,6,0,13,0,15,17,0,32,2,0,2,34
01/20/2008,MGW,WV,AEA,CE,Federal Contract Tower,0,8,3,5,16,0,19,14,11,44,0,27,17,16,60,16,34,50,110
01/21/2008,MGW,WV,AEA,CE,Federal Contract Tower,0,10,7,4,21,0,45,19,16,80,0,55,26,20,101,62,56,118,219
01/22/2008,MGW,WV,AEA,CE,Federal Contract Tower,0,6,8,0,14,0,10,1,0,11,0,16,9,0,25,0,0,0,25
01/23/2008,MGW,WV,AEA,CE,Federal Contract Tower,0,9,10,5,24,0,20,12,7,39,0,29,22,12,63,42,28,70,133
01/24/2008,MGW,WV,AEA,CE,Federal Contract Tower,0,9,9,14,32,0,15,0,1,16,0,24,9,15,48,0,8,8,56
01/25/2008,MGW,WV,AEA,CE,Federal Contract Tower,0,11,18,11,40,0,36,31,6,73,0,47,49,17,113,88,14,102,215
01/26/2008,MGW,WV,AEA,CE,Federal Contract Tower,0,6,15,0,21,0,42,14,5,61,0,48,29,5,82,2,42,44,126
01/27/2008,MGW,WV,AEA,CE,Federal Contract Tower,0,7,7,0,14,0,2,0,0,2,0,9,7,0,16,0,0,0,16
01/28/2008,MGW,WV,AEA,CE,Federal Contract Tower,0,12,10,12,34,0,19,30,13,62,0,31,40,25,96,46,32,78,174
01/29/2008,MGW,WV,AEA,CE,Federal Contract Tower,0,7,8,19,34,0,9,0,11,20,0,16,8,30,54,0,8,8,62
01/30/2008,MGW,WV,AEA,CE,Federal Contract Tower,0,10,14,1,25,0,8,9,3,20,0,18,23,4,45,0,8,8,53
01/31/2008,MGW,WV,AEA,CE,Federal Contract Tower,0,14,10,23,47,0,28,27,7,62,0,42,37,30,109,106,4,110,219
02/01/2008,MGW,WV,AEA,CE,Federal Contract Tower,0,10,0,2,12,0,2,0,0,2,0,12,0,2,14,0,0,0,14
02/02/2008,MGW,WV,AEA,CE,Federal Contract Tower,0,5,0,5,10,0,36,10,6,52,0,41,10,11,62,40,22,62,124
02/03/2008,MGW,WV,AEA,CE,Federal Contract Tower,0,4,3,5,12,0,14,29,2,45,0,18,32,7,57,86,0,86,143
02/04/2008,MGW,WV,AEA,CE,Federal Contract Tower,0,6,12,0,18,0,1,3,0,4,0,7,15,0,22,0,0,0,22
02/05/2008,MGW,WV,AEA,CE,Federal Contract Tower,0,9,7,3,19,0,3,11,2,16,0,12,18,5,35,26,4,30,65
02/06/2008,MGW,WV,AEA,CE,Federal Contract Tower,0,6,4,2,12,0,4,0,0,4,0,10,4,2,16,0,0,0,16
02/07/2008,MGW,WV,AEA,CE,Federal Contract Tower,0,10,9,4,23,0,11,10,5,26,0,21,19,9,49,0,26,26,75
02/08/2008,MGW,WV,AEA,CE,Federal Contract Tower,0,7,8,0,15,0,41,11,2,54,0,48,19,2,69,22,6,28,97
02/09/2008,MGW,WV,AEA,CE,Federal Contract Tower,0,4,0,0,4,0,18,1,2,21,0,22,1,2,25,0,0,0,25
02/10/2008,MGW,WV,AEA,CE,Federal Contract Tower,0,5,0,0,5,0,1,0,0,1,0,6,0,0,6,0,0,0,6
02/11/2008,MGW,WV,AEA,CE,Federal Contract Tower,0,6,3,7,16,0,13,22,20,55,0,19,25,27,71,48,36,84,155
02/12/2008,MGW,WV,AEA,CE,Federal Contract Tower,0,12,3,0,15,0,13,1,0,14,0,25,4,0,29,0,0,0,29
02/13/2008,MGW,WV,AEA,CE,Federal Contract Tower,0,7,8,0,15,0,5,0,0,5,0,12,8,0,20,0,0,0,20
02/14/2008,MGW,WV,AEA,CE,Federal Contract Tower,0,13,24,8,45,0,18,51,19,88,0,31,75,27,133,72,78,150,283
02/15/2008,MGW,WV,AEA,CE,Federal Contract Tower,0,10,17,6,33,0,13,12,25,50,0,23,29,31,83,36,18,54,137
02/16/2008,MGW,WV,AEA,CE,Federal Contract Tower,0,13,11,5,29,0,52,44,11,107,0,65,55,16,136,80,16,96,232
02/17/2008,MGW,WV,AEA,CE,Federal Contract Tower,0,10,6,0,16,0,20,5,1,26,0,30,11,1,42,10,0,10,52
02/18/2008,MGW,WV,AEA,CE,Federal Contract Tower,0,6,9,0,15,0,6,2,0,8,0,12,11,0,23,38,0,38,61
02/19/2008,MGW,WV,AEA,CE,Federal Contract Tower,0,16,15,0,31,0,41,7,10,58,0,57,22,10,89,0,0,0,89
02/20/2008,MGW,WV,AEA,CE,Federal Contract Tower,0,6,31,0,37,0,4,16,0,20,0,10,47,0,57,86,0,86,143
02/21/2008,MGW,WV,AEA,CE,Federal Contract Tower,0,10,7,7,24,0,27,23,5,55,0,37,30,12,79,54,4,58,137
02/22/2008,MGW,WV,AEA,CE,Federal Contract Tower,0,4,0,0,4,0,4,0,0,4,0,8,0,0,8,0,0,0,8
02/23/2008,MGW,WV,AEA,CE,Federal Contract Tower,0,12,1,0,13,0,3,0,0,3,0,15,1,0,16,0,0,0,16
02/24/2008,MGW,WV,AEA,CE,Federal Contract Tower,0,10,10,13,33,0,12,35,12,59,0,22,45,25,92,80,16,96,188
02/25/2008,MGW,WV,AEA,CE,Federal Contract Tower,0,10,10,16,36,0,6,4,20,30,0,16,14,36,66,0,26,26,92
02/26/2008,MGW,WV,AEA,CE,Federal Contract Tower,0,15,12,11,38,0,5,0,4,9,0,20,12,15,47,0,10,10,57
02/27/2008,MGW,WV,AEA,CE,Federal Contract Tower,0,8,13,2,23,0,2,1,0,3,0,10,14,2,26,0,0,0,26
02/28/2008,MGW,WV,AEA,CE,Federal Contract Tower,0,13,11,9,33,0,7,5,8,20,0,20,16,17,53,24,0,24,77
02/29/2008,MGW,WV,AEA,CE,Federal Contract Tower,0,18,5,8,31,0,15,3,3,21,0,33,8,11,52,2,6,8,60
03/01/2008,MGW,WV,AEA,CE,Federal Contract Tower,0,3,0,0,3,0,14,2,0,16,0,17,2,0,19,0,0,0,19
03/02/2008,MGW,WV,AEA,CE,Federal Contract Tower,0,10,2,6,18,0,24,90,8,122,0,34,92,14,140,118,4,122,262
03/03/2008,MGW,WV,AEA,CE,Federal Contract Tower,0,14,9,2,25,0,19,38,7,64,0,33,47,9,89,26,6,32,121
03/04/2008,MGW,WV,AEA,CE,Federal Contract Tower,0,12,7,2,21,0,6,0,0,6,0,18,7,2,27,0,0,0,27
03/05/2008,MGW,WV,AEA,CE,Federal Contract Tower,0,10,0,2,12,0,11,11,6,28,0,21,11,8,40,24,74,98,138
03/06/2008,MGW,WV,AEA,CE,Federal Contract Tower,0,15,9,9,33,0,31,35,4,70,0,46,44,13,103,70,2,72,175
03/07/2008,MGW,WV,AEA,CE,Federal Contract Tower,0,10,11,9,30,0,17,7,12,36,0,27,18,21,66,4,16,20,86
03/08/2008,MGW,WV,AEA,CE,Federal Contract Tower,0,3,4,0,7,0,0,0,0,0,0,3,4,0,7,0,0,0,7
03/09/2008,MGW,WV,AEA,CE,Federal Contract Tower,0,8,14,0,22,0,18,45,0,63,0,26,59,0,85,36,0,36,121
03/10/2008,MGW,WV,AEA,CE,Federal Contract Tower,0,15,26,2,43,0,29,37,4,70,0,44,63,6,113,46,28,74,187
03/11/2008,MGW,WV,AEA,CE,Federal Contract Tower,0,12,15,17,44,0,24,33,17,74,0,36,48,34,118,66,46,112,230
03/12/2008,MGW,WV,AEA,CE,Federal Contract Tower,0,8,13,2,23,0,18,27,16,61,0,26,40,18,84,52,16,68,152
03/13/2008,MGW,WV,AEA,CE,Federal Contract Tower,0,9,13,3,25,0,21,24,3,48,0,30,37,6,73,38,0,38,111
03/14/2008,MGW,WV,AEA,CE,Federal Contract Tower,0,6,20,6,32,0,8,19,5,32,0,14,39,11,64,32,28,60,124
03/15/2008,MGW,WV,AEA,CE,Federal Contract Tower,0,5,5,0,10,0,19,12,2,33,0,24,17,2,43,12,0,12,55
03/16/2008,MGW,WV,AEA,CE,Federal Contract Tower,0,2,5,0,7,0,10,6,2,18,0,12,11,2,25,14,0,14,39
03/17/2008,MGW,WV,AEA,CE,Federal Contract Tower,0,12,2,8,22,0,30,58,4,92,0,42,60,12,114,96,4,100,214
03/18/2008,MGW,WV,AEA,CE,Federal Contract Tower,0,12,10,8,30,0,6,4,4,14,0,18,14,12,44,0,0,0,44
03/19/2008,MGW,WV,AEA,CE,Federal Contract Tower,0,6,6,0,12,0,10,6,0,16,0,16,12,0,28,0,0,0,28
03/20/2008,MGW,WV,AEA,CE,Federal Contract Tower,0,12,8,6,26,0,23,7,20,50,0,35,15,26,76,0,20,20,96
03/21/2008,MGW,WV,AEA,CE,Federal Contract Tower,0,8,7,9,24,0,29,28,15,72,0,37,35,24,96,32,14,46,142
03/22/2008,MGW,WV,AEA,CE,Federal Contract Tower,0,8,6,0,14,0,4,1,0,5,0,12,7,0,19,0,0,0,19
03/23/2008,MGW,WV,AEA,CE,Federal Contract Tower,0,4,1,0,5,0,21,44,0,65,0,25,45,0,70,40,0,40,110
03/24/2008,MGW,WV,AEA,CE,Federal Contract Tower,0,6,8,8,22,0,26,26,15,67,0,32,34,23,89,64,60,124,213
03/25/2008,MGW,WV,AEA,CE,Federal Contract Tower,0,5,6,4,15,0,14,24,18,56,0,19,30,22,71,22,24,46,117
03/26/2008,MGW,WV,AEA,CE,Federal Contract Tower,0,3,4,3,10,0,9,15,12,36,0,12,19,15,46,20,14,34,80
03/27/2008,MGW,WV,AEA,CE,Federal Contract Tower,0,6,10,13,29,0,8,2,0,10,0,14,12,13,39,0,0,0,39
03/28/2008,MGW,WV,AEA,CE,Federal Contract Tower,0,8,12,7,27,0,18,2,2,22,0,26,14,9,49,0,0,0,49
03/29/2008,MGW,WV,AEA,CE,Federal Contract Tower,0,2,5,0,7,0,36,53,29,118,0,38,58,29,125,22,22,44,169
03/30/2008,MGW,WV,AEA,CE,Federal Contract Tower,0,5,9,0,14,0,14,10,0,24,0,19,19,0,38,14,0,14,52
03/31/2008,MGW,WV,AEA,CE,Federal Contract Tower,0,9,8,12,29,0,21,13,4,38,0,30,21,16,67,38,4,42,109
04/01/2008,MGW,WV,AEA,CE,Federal Contract Tower,0,4,2,6,12,0,19,2,6,27,0,23,4,12,39,0,0,0,39
04/02/2008,MGW,WV,AEA,CE,Federal Contract Tower,0,8,12,12,32,0,21,40,5,66,0,29,52,17,98,92,0,92,190
04/03/2008,MGW,WV,AEA,CE,Federal Contract Tower,0,13,8,8,29,0,14,8,3,25,0,27,16,11,54,40,0,40,94
04/04/2008,MGW,WV,AEA,CE,Federal Contract Tower,0,7,19,0,26,0,5,3,0,8,0,12,22,0,34,0,0,0,34
04/05/2008,MGW,WV,AEA,CE,Federal Contract Tower,0,8,7,1,16,0,10,11,12,33,0,18,18,13,49,30,0,30,79
04/06/2008,MGW,WV,AEA,CE,Federal Contract Tower,0,7,9,0,16,0,22,58,12,92,0,29,67,12,108,96,42,138,246
04/07/2008,MGW,WV,AEA,CE,Federal Contract Tower,0,13,7,4,24,0,33,38,12,83,0,46,45,16,107,62,10,72,179
04/08/2008,MGW,WV,AEA,CE,Federal Contract Tower,0,8,11,8,27,0,20,81,14,115,0,28,92,22,142,70,88,158,300
04/09/2008,MGW,WV,AEA,CE,Federal Contract Tower,0,7,14,4,25,0,48,26,3,77,0,55,40,7,102,32,24,56,158
04/10/2008,MGW,WV,AEA,CE,Federal Contract Tower,0,12,11,8,31,0,24,58,18,100,0,36,69,26,131,80,30,110,241
04/11/2008,MGW,WV,AEA,CE,Federal Contract Tower,0,8,7,4,19,0,9,4,2,15,0,17,11,6,34,0,0,0,34
04/12/2008,MGW,WV,AEA,CE,Federal Contract Tower,0,6,6,2,14,0,50,32,4,86,0,56,38,6,100,16,0,16,116
04/13/2008,MGW,WV,AEA,CE,Federal Contract Tower,0,8,6,0,14,0,18,5,3,26,0,26,11,3,40,12,0,12,52
04/14/2008,MGW,WV,AEA,CE,Federal Contract Tower,0,6,11,7,24,0,21,44,12,77,0,27,55,19,101,66,32,98,199
04/15/2008,MGW,WV,AEA,CE,Federal Contract Tower,0,8,12,4,24,0,14,39,8,61,0,22,51,12,85,30,6,36,121
04/16/2008,MGW,WV,AEA,CE,Federal Contract Tower,0,8,16,9,33,0,14,63,7,84,0,22,79,16,117,90,36,126,243
04/17/2008,MGW,WV,AEA,CE,Federal Contract Tower,0,10,16,5,31,0,32,64,12,108,0,42,80,17,139,128,60,188,327
04/18/2008,MGW,WV,AEA,CE,Federal Contract Tower,0,10,11,2,23,0,23,37,5,65,0,33,48,7,88,26,14,40,128
04/19/2008,MGW,WV,AEA,CE,Federal Contract Tower,0,6,9,0,15,0,19,43,0,62,0,25,52,0,77,50,0,50,127
04/20/2008,MGW,WV,AEA,CE,Federal Contract Tower,0,6,6,1,13,0,4,15,2,21,0,10,21,3,34,52,0,52,86
04/21/2008,MGW,WV,AEA,CE,Federal Contract Tower,0,12,20,5,37,0,31,21,6,58,0,43,41,11,95,0,4,4,99
04/22/2008,MGW,WV,AEA,CE,Federal Contract Tower,0,7,10,8,25,0,23,39,8,70,0,30,49,16,95,82,8,90,185
04/23/2008,MGW,WV,AEA,CE,Federal Contract Tower,0,6,18,4,28,0,18,29,6,53,0,24,47,10,81,100,0,100,181
04/24/2008,MGW,WV,AEA,CE,Federal Contract Tower,0,15,18,4,37,0,28,43,4,75,0,43,61,8,112,90,8,98,210
04/25/2008,MGW,WV,AEA,CE,Federal Contract Tower,0,14,15,5,34,0,53,19,1,73,0,67,34,6,107,56,2,58,165
04/26/2008,MGW,WV,AEA,CE,Federal Contract Tower,0,12,3,0,15,0,32,3,0,35,0,44,6,0,50,8,0,8,58
04/27/2008,MGW,WV,AEA,CE,Federal Contract Tower,0,8,16,0,24,0,18,22,0,40,0,26,38,0,64,22,0,22,86
04/28/2008,MGW,WV,AEA,CE,Federal Contract Tower,0,5,18,6,29,0,5,1,0,6,0,10,19,6,35,0,0,0,35
04/29/2008,MGW,WV,AEA,CE,Federal Contract Tower,0,6,14,3,23,0,7,12,8,27,0,13,26,11,50,4,30,34,84
04/30/2008,MGW,WV,AEA,CE,Federal Contract Tower,0,19,20,7,46,0,20,31,11,62,0,39,51,18,108,22,0,22,130
05/01/2008,MGW,WV,AEA,CE,Federal Contract Tower,0,9,19,6,34,0,34,24,2,60,0,43,43,8,94,68,6,74,168
05/02/2008,MGW,WV,AEA,CE,Federal Contract Tower,0,10,13,6,29,0,31,21,10,62,0,41,34,16,91,56,14,70,161
05/03/2008,MGW,WV,AEA,CE,Federal Contract Tower,0,7,3,0,10,0,11,4,2,17,0,18,7,2,27,0,0,0,27
05/04/2008,MGW,WV,AEA,CE,Federal Contract Tower,0,7,9,2,18,0,28,41,4,73,0,35,50,6,91,56,0,56,147
05/05/2008,MGW,WV,AEA,CE,Federal Contract Tower,0,9,6,4,19,0,29,48,6,83,0,38,54,10,102,114,8,122,224
05/06/2008,MGW,WV,AEA,CE,Federal Contract Tower,0,15,10,4,29,0,38,31,11,80,0,53,41,15,109,46,10,56,165
05/07/2008,MGW,WV,AEA,CE,Federal Contract Tower,0,6,14,7,27,0,18,53,5,76,0,24,67,12,103,78,0,78,181
05/08/2008,MGW,WV,AEA,CE,Federal Contract Tower,0,13,14,9,36,0,8,2,2,12,0,21,16,11,48,2,0,2,50
05/09/2008,MGW,WV,AEA,CE,Federal Contract Tower,0,12,8,0,20,0,8,4,0,12,0,20,12,0,32,26,0,26,58
05/10/2008,MGW,WV,AEA,CE,Federal Contract Tower,0,4,6,0,10,0,10,15,0,25,0,14,21,0,35,24,0,24,59
05/11/2008,MGW,WV,AEA,CE,Federal Contract Tower,0,4,0,0,4,0,0,7,0,7,0,4,7,0,11,0,2,2,13
05/12/2008,MGW,WV,AEA,CE,Federal Contract Tower,0,9,6,1,16,0,1,6,1,8,0,10,12,2,24,34,0,34,58
05/13/2008,MGW,WV,AEA,CE,Federal Contract Tower,0,6,19,2,27,0,19,36,8,63,0,25,55,10,90,66,6,72,162
05/14/2008,MGW,WV,AEA,CE,Federal Contract Tower,0,6,12,4,22,0,11,17,8,36,0,17,29,12,58,46,0,46,104
05/15/2008,MGW,WV,AEA,CE,Federal Contract Tower,0,12,12,3,27,0,12,12,14,38,0,24,24,17,65,0,0,0,65
05/16/2008,MGW,WV,AEA,CE,Federal Contract Tower,0,13,15,0,28,0,11,3,2,16,0,24,18,2,44,0,0,0,44
05/17/2008,MGW,WV,AEA,CE,Federal Contract Tower,0,7,10,0,17,0,39,8,4,51,0,46,18,4,68,0,0,0,68
05/18/2008,MGW,WV,AEA,CE,Federal Contract Tower,0,10,8,0,18,0,12,15,4,31,0,22,23,4,49,0,0,0,49
05/19/2008,MGW,WV,AEA,CE,Federal Contract Tower,0,9,11,1,21,0,43,34,1,78,0,52,45,2,99,50,0,50,149
05/20/2008,MGW,WV,AEA,CE,Federal Contract Tower,0,10,8,0,18,0,23,25,0,48,0,33,33,0,66,18,0,18,84
05/21/2008,MGW,WV,AEA,CE,Federal Contract Tower,0,11,6,2,19,0,33,39,4,76,0,44,45,6,95,76,10,86,181
05/22/2008,MGW,WV,AEA,CE,Federal Contract Tower,0,16,18,2,36,0,48,25,6,79,0,64,43,8,115,84,0,84,199
05/23/2008,MGW,WV,AEA,CE,Federal Contract Tower,0,7,19,1,27,0,40,63,2,105,0,47,82,3,132,120,0,120,252
05/24/2008,MGW,WV,AEA,CE,Federal Contract Tower,0,6,5,0,11,0,52,36,0,88,0,58,41,0,99,58,0,58,157
05/25/2008,MGW,WV,AEA,CE,Federal Contract Tower,0,6,8,0,14,0,37,38,0,75,0,43,46,0,89,20,0,20,109
05/26/2008,MGW,WV,AEA,CE,Federal Contract Tower,0,6,6,0,12,0,27,10,0,37,0,33,16,0,49,26,0,26,75
05/27/2008,MGW,WV,AEA,CE,Federal Contract Tower,0,5,11,2,18,0,6,3,0,9,0,11,14,2,27,0,0,0,27
05/28/2008,MGW,WV,AEA,CE,Federal Contract Tower,0,6,8,5,19,0,24,38,1,63,0,30,46,6,82,68,24,92,174
05/29/2008,MGW,WV,AEA,CE,Federal Contract Tower,0,11,11,2,24,0,35,44,2,81,0,46,55,4,105,136,0,136,241
05/30/2008,MGW,WV,AEA,CE,Federal Contract Tower,0,6,10,2,18,0,27,42,2,71,0,33,52,4,89,110,0,110,199
05/31/2008,MGW,WV,AEA,CE,Federal Contract Tower,0,6,2,0,8,0,10,2,3,15,0,16,4,3,23,8,0,8,31
06/01/2008,MGW,WV,AEA,CE,Federal Contract Tower,0,10,2,2,14,0,21,19,5,45,0,31,21,7,59,0,0,0,59
06/02/2008,MGW,WV,AEA,CE,Federal Contract Tower,0,4,4,2,10,0,48,67,4,119,0,52,71,6,129,104,0,104,233
06/03/2008,MGW,WV,AEA,CE,Federal Contract Tower,0,7,8,0,15,0,17,29,8,54,0,24,37,8,69,68,0,68,137
06/04/2008,MGW,WV,AEA,CE,Federal Contract Tower,0,7,8,3,18,0,5,3,0,8,0,12,11,3,26,2,0,2,28
06/05/2008,MGW,WV,AEA,CE,Federal Contract Tower,0,7,9,4,20,0,19,25,2,46,0,26,34,6,66,34,0,34,100
06/06/2008,MGW,WV,AEA,CE,Federal Contract Tower,0,8,12,5,25,0,34,25,8,67,0,42,37,13,92,108,0,108,200
06/07/2008,MGW,WV,AEA,CE,Federal Contract Tower,0,10,1,0,11,0,31,22,0,53,0,41,23,0,64,8,0,8,72
06/08/2008,MGW,WV,AEA,CE,Federal Contract Tower,0,6,12,9,27,0,22,29,4,55,0,28,41,13,82,54,0,54,136
06/09/2008,MGW,WV,AEA,CE,Federal Contract Tower,0,9,7,6,22,0,38,33,1,72,0,47,40,7,94,64,0,64,158
06/10/2008,MGW,WV,AEA,CE,Federal Contract Tower,0,13,10,9,32,0,29,9,0,38,0,42,19,9,70,10,0,10,80
06/11/2008,MGW,WV,AEA,CE,Federal Contract Tower,0,8,10,6,24,0,32,70,0,102,0,40,80,6,126,54,16,70,196
06/12/2008,MGW,WV,AEA,CE,Federal Contract Tower,0,9,17,8,34,0,12,41,2,55,0,21,58,10,89,38,10,48,137
06/13/2008,MGW,WV,AEA,CE,Federal Contract Tower,0,4,17,0,21,0,23,12,4,39,0,27,29,4,60,18,0,18,78
06/14/2008,MGW,WV,AEA,CE,Federal Contract Tower,0,9,9,0,18,0,10,53,2,65,0,19,62,2,83,22,0,22,105
06/15/2008,MGW,WV,AEA,CE,Federal Contract Tower,0,9,8,0,17,0,17,69,0,86,0,26,77,0,103,32,0,32,135
06/16/2008,MGW,WV,AEA,CE,Federal Contract Tower,0,9,9,0,18,0,18,26,0,44,0,27,35,0,62,0,0,0,62
06/17/2008,MGW,WV,AEA,CE,Federal Contract Tower,0,5,21,1,27,0,36,34,3,73,0,41,55,4,100,40,0,40,140
06/18/2008,MGW,WV,AEA,CE,Federal Contract Tower,0,8,26,3,37,0,18,27,1,46,0,26,53,4,83,44,6,50,133
06/19/2008,MGW,WV,AEA,CE,Federal Contract Tower,0,5,19,3,27,0,27,40,12,79,0,32,59,15,106,44,8,52,158
06/20/2008,MGW,WV,AEA,CE,Federal Contract Tower,0,9,12,2,23,0,9,22,0,31,0,18,34,2,54,32,0,32,86
06/21/2008,MGW,WV,AEA,CE,Federal Contract Tower,0,6,9,0,15,0,18,33,5,56,0,24,42,5,71,42,0,42,113
06/22/2008,MGW,WV,AEA,CE,Federal Contract Tower,0,8,9,0,17,0,14,12,14,40,0,22,21,14,57,0,12,12,69
06/23/2008,MGW,WV,AEA,CE,Federal Contract Tower,0,9,13,0,22,0,35,34,20,89,0,44,47,20,111,26,2,28,139
06/24/2008,MGW,WV,AEA,CE,Federal Contract Tower,0,13,9,2,24,0,41,30,10,81,0,54,39,12,105,0,4,4,109
06/25/2008,MGW,WV,AEA,CE,Federal Contract Tower,0,10,13,4,27,0,20,46,4,70,0,30,59,8,97,104,12,116,213
06/26/2008,MGW,WV,AEA,CE,Federal Contract Tower,0,14,16,3,33,0,19,16,0,35,0,33,32,3,68,58,0,58,126
06/27/2008,MGW,WV,AEA,CE,Federal Contract Tower,0,11,30,0,41,0,16,23,2,41,0,27,53,2,82,60,0,60,142
06/28/2008,MGW,WV,AEA,CE,Federal Contract Tower,0,8,9,2,19,0,10,0,3,13,0,18,9,5,32,0,0,0,32
06/29/2008,MGW,WV,AEA,CE,Federal Contract Tower,0,8,5,0,13,0,0,7,0,7,0,8,12,0,20,0,0,0,20
06/30/2008,MGW,WV,AEA,CE,Federal Contract Tower,0,6,15,6,27,0,6,8,2,16,0,12,23,8,43,0,6,6,49
07/01/2008,MGW,WV,AEA,CE,Federal Contract Tower,0,16,13,0,29,0,6,33,0,39,0,22,46,0,68,67,0,67,135
07/02/2008,MGW,WV,AEA,CE,Federal Contract Tower,0,13,10,0,23,0,40,58,4,102,0,53,68,4,125,84,0,84,209
07/03/2008,MGW,WV,AEA,CE,Federal Contract Tower,0,13,17,0,30,0,28,30,0,58,0,41,47,0,88,32,0,32,120
07/04/2008,MGW,WV,AEA,CE,Federal Contract Tower,0,7,3,0,10,0,0,0,0,0,0,7,3,0,10,0,0,0,10
07/05/2008,MGW,WV,AEA,CE,Federal Contract Tower,0,14,5,0,19,0,2,4,0,6,0,16,9,0,25,26,0,26,51
07/06/2008,MGW,WV,AEA,CE,Federal Contract Tower,0,8,26,0,34,0,26,10,0,36,0,34,36,0,70,0,0,0,70
07/07/2008,MGW,WV,AEA,CE,Federal Contract Tower,0,11,5,0,16,0,16,28,0,44,0,27,33,0,60,52,0,52,112
07/08/2008,MGW,WV,AEA,CE,Federal Contract Tower,0,17,8,3,28,0,23,23,0,46,0,40,31,3,74,88,0,88,162
07/09/2008,MGW,WV,AEA,CE,Federal Contract Tower,0,20,16,0,36,0,13,30,0,43,0,33,46,0,79,22,0,22,101
07/10/2008,MGW,WV,AEA,CE,Federal Contract Tower,0,13,21,7,41,0,42,39,4,85,0,55,60,11,126,52,0,52,178
07/11/2008,MGW,WV,AEA,CE,Federal Contract Tower,0,15,10,4,29,0,22,29,18,69,0,37,39,22,98,40,4,44,142
07/12/2008,MGW,WV,AEA,CE,Federal Contract Tower,0,12,20,0,32,0,10,34,2,46,0,22,54,2,78,4,0,4,82
07/13/2008,MGW,WV,AEA,CE,Federal Contract Tower,0,12,17,6,35,0,18,21,5,44,0,30,38,11,79,50,0,50,129
07/14/2008,MGW,WV,AEA,CE,Federal Contract Tower,0,11,10,2,23,0,7,30,2,39,0,18,40,4,62,84,0,84,146
07/15/2008,MGW,WV,AEA,CE,Federal Contract Tower,0,16,26,7,49,0,21,67,9,97,0,37,93,16,146,110,0,110,256
07/16/2008,MGW,WV,AEA,CE,Federal Contract Tower,0,13,16,0,29,0,9,71,13,93,0,22,87,13,122,76,0,76,198
07/17/2008,MGW,WV,AEA,CE,Federal Contract Tower,0,12,11,2,25,0,26,59,2,87,0,38,70,4,112,100,0,100,212
07/18/2008,MGW,WV,AEA,CE,Federal Contract Tower,0,10,9,8,27,0,27,37,6,70,0,37,46,14,97,62,14,76,173
07/19/2008,MGW,WV,AEA,CE,Federal Contract Tower,0,7,6,0,13,0,12,50,5,67,0,19,56,5,80,70,0,70,150
07/20/2008,MGW,WV,AEA,CE,Federal Contract Tower,0,6,6,10,22,0,2,31,16,49,0,8,37,26,71,34,0,34,105
07/21/2008,MGW,WV,AEA,CE,Federal Contract Tower,0,18,18,13,49,0,8,19,6,33,0,26,37,19,82,70,4,74,156
07/22/2008,MGW,WV,AEA,CE,Federal Contract Tower,0,16,5,13,34,0,13,43,9,65,0,29,48,22,99,122,0,122,221
07/23/2008,MGW,WV,AEA,CE,Federal Contract Tower,0,10,21,4,35,0,1,19,0,20,0,11,40,4,55,78,0,78,133
07/24/2008,MGW,WV,AEA,CE,Federal Contract Tower,0,16,27,14,57,0,25,39,9,73,0,41,66,23,130,68,12,80,210
07/25/2008,MGW,WV,AEA,CE,Federal Contract Tower,0,9,20,7,36,0,31,52,0,83,0,40,72,7,119,120,24,144,263
07/26/2008,MGW,WV,AEA,CE,Federal Contract Tower,0,11,5,0,16,0,24,31,2,57,0,35,36,2,73,56,0,56,129
07/27/2008,MGW,WV,AEA,CE,Federal Contract Tower,0,8,9,0,17,0,18,16,0,34,0,26,25,0,51,48,0,48,99
07/28/2008,MGW,WV,AEA,CE,Federal Contract Tower,0,10,16,11,37,0,28,49,2,79,0,38,65,13,116,110,0,110,226
07/29/2008,MGW,WV,AEA,CE,Federal Contract Tower,0,14,32,10,56,0,42,46,4,92,0,56,78,14,148,112,20,132,280
07/30/2008,MGW,WV,AEA,CE,Federal Contract Tower,0,19,20,22,61,0,15,32,1,48,0,34,52,23,109,42,18,60,169
07/31/2008,MGW,WV,AEA,CE,Federal Contract Tower,0,14,8,12,34,0,13,28,3,44,0,27,36,15,78,0,22,22,100
08/01/2008,MGW,WV,AEA,CE,Federal Contract Tower,0,17,14,13,44,0,8,19,5,32,0,25,33,18,76,28,6,34,110
08/02/2008,MGW,WV,AEA,CE,Federal Contract Tower,0,13,11,2,26,0,15,5,2,22,0,28,16,4,48,8,0,8,56
08/03/2008,MGW,WV,AEA,CE,Federal Contract Tower,0,9,17,8,34,0,14,31,0,45,0,23,48,8,79,28,0,28,107
08/04/2008,MGW,WV,AEA,CE,Federal Contract Tower,0,9,11,14,34,0,19,27,3,49,0,28,38,17,83,58,0,58,141
08/05/2008,MGW,WV,AEA,CE,Federal Contract Tower,0,17,7,12,36,0,13,10,8,31,0,30,17,20,67,10,4,14,81
08/06/2008,MGW,WV,AEA,CE,Federal Contract Tower,0,19,16,12,47,0,20,43,6,69,0,39,59,18,116,92,0,92,208
08/07/2008,MGW,WV,AEA,CE,Federal Contract Tower,0,13,21,8,42,0,18,28,5,51,0,31,49,13,93,46,2,48,141
08/08/2008,MGW,WV,AEA,CE,Federal Contract Tower,0,11,17,8,36,0,16,27,9,52,0,27,44,17,88,22,20,42,130
08/09/2008,MGW,WV,AEA,CE,Federal Contract Tower,0,10,18,0,28,0,39,33,0,72,0,49,51,0,100,22,0,22,122
08/10/2008,MGW,WV,AEA,CE,Federal Contract Tower,0,12,11,2,25,0,30,27,2,59,0,42,38,4,84,40,0,40,124
08/11/2008,MGW,WV,AEA,CE,Federal Contract Tower,0,7,23,7,37,0,18,27,11,56,0,25,50,18,93,92,8,100,193
08/12/2008,MGW,WV,AEA,CE,Federal Contract Tower,0,14,20,6,40,0,42,78,12,132,0,56,98,18,172,122,6,128,300
08/13/2008,MGW,WV,AEA,CE,Federal Contract Tower,0,15,13,5,33,0,20,53,12,85,0,35,66,17,118,44,52,96,214
08/14/2008,MGW,WV,AEA,CE,Federal Contract Tower,0,16,12,4,32,0,17,28,4,49,0,33,40,8,81,52,10,62,143
08/15/2008,MGW,WV,AEA,CE,Federal Contract Tower,0,11,18,9,38,0,39,32,16,87,0,50,50,25,125,86,6,92,217
08/16/2008,MGW,WV,AEA,CE,Federal Contract Tower,0,7,15,6,28,0,39,28,19,86,0,46,43,25,114,0,12,12,126
08/17/2008,MGW,WV,AEA,CE,Federal Contract Tower,0,8,7,0,15,0,34,32,2,68,0,42,39,2,83,28,0,28,111
08/18/2008,MGW,WV,AEA,CE,Federal Contract Tower,0,14,21,3,38,0,15,36,11,62,0,29,57,14,100,34,30,64,164
08/19/2008,MGW,WV,AEA,CE,Federal Contract Tower,0,10,40,14,64,0,13,59,10,82,0,23,99,24,146,82,12,94,240
08/20/2008,MGW,WV,AEA,CE,Federal Contract Tower,0,13,11,4,28,0,13,64,8,85,0,26,75,12,113,98,32,130,243
08/21/2008,MGW,WV,AEA,CE,Federal Contract Tower,0,8,41,4,53,0,15,39,6,60,0,23,80,10,113,50,44,94,207
08/22/2008,MGW,WV,AEA,CE,Federal Contract Tower,0,12,6,10,28,0,35,51,0,86,0,47,57,10,114,76,0,76,190
08/23/2008,MGW,WV,AEA,CE,Federal Contract Tower,0,10,12,0,22,0,26,44,2,72,0,36,56,2,94,56,0,56,150
08/24/2008,MGW,WV,AEA,CE,Federal Contract Tower,0,11,6,0,17,0,19,26,5,50,0,30,32,5,67,56,14,70,137
08/25/2008,MGW,WV,AEA,CE,Federal Contract Tower,0,12,17,21,50,0,18,34,4,56,0,30,51,25,106,100,0,100,206
08/26/2008,MGW,WV,AEA,CE,Federal Contract Tower,0,16,4,8,28,0,5,23,12,40,0,21,27,20,68,52,18,70,138
08/27/2008,MGW,WV,AEA,CE,Federal Contract Tower,0,14,7,13,34,0,7,5,0,12,0,21,12,13,46,4,6,10,56
08/28/2008,MGW,WV,AEA,CE,Federal Contract Tower,0,15,22,10,47,0,6,12,0,18,0,21,34,10,65,12,4,16,81
08/29/2008,MGW,WV,AEA,CE,Federal Contract Tower,0,16,26,17,59,0,36,27,8,71,0,52,53,25,130,58,12,70,200
08/30/2008,MGW,WV,AEA,CE,Federal Contract Tower,0,11,28,2,41,0,21,36,0,57,0,32,64,2,98,106,0,106,204
08/31/2008,MGW,WV,AEA,CE,Federal Contract Tower,0,4,9,0,13,0,25,40,4,69,0,29,49,4,82,50,0,50,132
09/01/2008,MGW,WV,AEA,CE,Federal Contract Tower,0,11,8,4,23,0,18,33,7,58,0,29,41,11,81,60,22,82,163
09/02/2008,MGW,WV,AEA,CE,Federal Contract Tower,0,11,11,0,22,0,23,51,16,90,0,34,62,16,112,136,72,208,320
09/03/2008,MGW,WV,AEA,CE,Federal Contract Tower,0,10,23,7,40,0,15,34,8,57,0,25,57,15,97,50,24,74,171
09/04/2008,MGW,WV,AEA,CE,Federal Contract Tower,0,13,14,9,36,0,17,32,14,63,0,30,46,23,99,40,52,92,191
09/05/2008,MGW,WV,AEA,CE,Federal Contract Tower,0,12,17,25,54,0,25,42,35,102,0,37,59,60,156,106,22,128,284
09/06/2008,MGW,WV,AEA,CE,Federal Contract Tower,0,12,8,9,29,0,14,14,4,32,0,26,22,13,61,10,16,26,87
09/07/2008,MGW,WV,AEA,CE,Federal Contract Tower,0,6,27,6,39,0,30,60,6,96,0,36,87,12,135,60,46,106,241
09/08/2008,MGW,WV,AEA,CE,Federal Contract Tower,0,12,21,0,33,0,19,53,4,76,0,31,74,4,109,58,30,88,197
09/09/2008,MGW,WV,AEA,CE,Federal Contract Tower,0,18,25,2,45,0,1,13,1,15,0,19,38,3,60,28,0,28,88
09/10/2008,MGW,WV,AEA,CE,Federal Contract Tower,0,13,26,23,62,0,27,70,28,125,0,40,96,51,187,98,144,242,429
09/11/2008,MGW,WV,AEA,CE,Federal Contract Tower,0,17,11,6,34,0,16,29,5,50,0,33,40,11,84,58,82,140,224
09/12/2008,MGW,WV,AEA,CE,Federal Contract Tower,0,13,11,4,28,0,3,0,0,3,0,16,11,4,31,0,0,0,31
09/13/2008,MGW,WV,AEA,CE,Federal Contract Tower,0,12,23,0,35,0,17,10,0,27,0,29,33,0,62,10,0,10,72
09/14/2008,MGW,WV,AEA,CE,Federal Contract Tower,0,6,11,0,17,0,21,16,4,41,0,27,27,4,58,10,44,54,112
09/15/2008,MGW,WV,AEA,CE,Federal Contract Tower,0,11,20,12,43,0,16,18,2,36,0,27,38,14,79,36,22,58,137
09/16/2008,MGW,WV,AEA,CE,Federal Contract Tower,0,10,10,5,25,0,21,42,16,79,0,31,52,21,104,72,40,112,216
09/17/2008,MGW,WV,AEA,CE,Federal Contract Tower,0,10,16,4,30,0,12,37,0,49,0,22,53,4,79,74,0,74,153
09/18/2008,MGW,WV,AEA,CE,Federal Contract Tower,0,13,18,19,50,0,18,41,8,67,0,31,59,27,117,56,10,66,183
09/19/2008,MGW,WV,AEA,CE,Federal Contract Tower,0,19,20,16,55,0,19,40,0,59,0,38,60,16,114,74,16,90,204
09/20/2008,MGW,WV,AEA,CE,Federal Contract Tower,0,10,6,0,16,0,10,51,8,69,0,20,57,8,85,24,0,24,109
09/21/2008,MGW,WV,AEA,CE,Federal Contract Tower,0,10,15,0,25,0,18,44,2,64,0,28,59,2,89,64,8,72,161
09/22/2008,MGW,WV,AEA,CE,Federal Contract Tower,0,10,16,19,45,0,7,27,6,40,0,17,43,25,85,80,8,88,173
09/23/2008,MGW,WV,AEA,CE,Federal Contract Tower,0,11,16,15,42,0,22,46,22,90,0,33,62,37,132,100,46,146,278
09/24/2008,MGW,WV,AEA,CE,Federal Contract Tower,0,13,18,29,60,0,29,50,25,104,0,42,68,54,164,106,68,174,338
09/25/2008,MGW,WV,AEA,CE,Federal Contract Tower,0,23,21,18,62,0,25,34,10,69,0,48,55,28,131,16,70,86,217
09/26/2008,MGW,WV,AEA,CE,Federal Contract Tower,0,11,16,0,27,0,12,6,2,20,0,23,22,2,47,0,0,0,47
09/27/2008,MGW,WV,AEA,CE,Federal Contract Tower,0,14,41,0,55,0,16,9,0,25,0,30,50,0,80,142,0,142,222
09/28/2008,MGW,WV,AEA,CE,Federal Contract Tower,0,12,17,2,31,0,9,20,2,31,0,21,37,4,62,30,0,30,92
09/29/2008,MGW,WV,AEA,CE,Federal Contract Tower,0,10,28,4,42,0,21,29,2,52,0,31,57,6,94,66,0,66,160
09/30/2008,MGW,WV,AEA,CE,Federal Contract Tower,0,16,18,5,39,0,18,20,5,43,0,34,38,10,82,80,18,98,180
10/01/2008,MGW,WV,AEA,CE,Federal Contract Tower,0,13,9,2,24,0,7,13,4,24,0,20,22,6,48,34,40,74,122
10/02/2008,MGW,WV,AEA,CE,Federal Contract Tower,0,16,23,10,49,0,30,16,12,58,0,46,39,22,107,28,76,104,211
10/03/2008,MGW,WV,AEA,CE,Federal Contract Tower,0,13,16,6,35,0,15,22,7,44,0,28,38,13,79,94,34,128,207
10/04/2008,MGW,WV,AEA,CE,Federal Contract Tower,0,13,19,2,34,0,6,45,2,53,0,19,64,4,87,134,0,134,221
10/05/2008,MGW,WV,AEA,CE,Federal Contract Tower,0,12,28,2,42,0,10,43,5,58,0,22,71,7,100,80,24,104,204
10/06/2008,MGW,WV,AEA,CE,Federal Contract Tower,0,16,12,0,28,0,22,40,11,73,0,38,52,11,101,82,24,106,207
10/07/2008,MGW,WV,AEA,CE,Federal Contract Tower,0,12,3,4,19,0,12,48,12,72,0,24,51,16,91,124,50,174,265
10/08/2008,MGW,WV,AEA,CE,Federal Contract Tower,0,14,22,6,42,0,4,10,0,14,0,18,32,6,56,28,0,28,84
10/09/2008,MGW,WV,AEA,CE,Federal Contract Tower,0,9,16,0,25,0,12,13,0,25,0,21,29,0,50,54,0,54,104
10/10/2008,MGW,WV,AEA,CE,Federal Contract Tower,0,13,18,6,37,0,17,51,4,72,0,30,69,10,109,4,0,4,113
10/11/2008,MGW,WV,AEA,CE,Federal Contract Tower,0,12,19,1,32,0,21,41,1,63,0,33,60,2,95,144,0,144,239
10/12/2008,MGW,WV,AEA,CE,Federal Contract Tower,0,8,7,0,15,0,20,109,3,132,0,28,116,3,147,58,0,58,205
10/13/2008,MGW,WV,AEA,CE,Federal Contract Tower,0,13,14,0,27,0,16,27,5,48,0,29,41,5,75,28,0,28,103
10/14/2008,MGW,WV,AEA,CE,Federal Contract Tower,0,18,19,4,41,0,23,24,10,57,0,41,43,14,98,6,38,44,142
10/15/2008,MGW,WV,AEA,CE,Federal Contract Tower,0,12,21,5,38,0,53,21,2,76,0,65,42,7,114,124,18,142,256
10/16/2008,MGW,WV,AEA,CE,Federal Contract Tower,0,17,17,9,43,0,12,2,0,14,0,29,19,9,57,10,4,14,71
10/17/2008,MGW,WV,AEA,CE,Federal Contract Tower,0,15,32,11,58,0,8,26,11,45,0,23,58,22,103,108,20,128,231
10/18/2008,MGW,WV,AEA,CE,Federal Contract Tower,0,11,14,2,27,0,16,15,2,33,0,27,29,4,60,12,0,12,72
10/19/2008,MGW,WV,AEA,CE,Federal Contract Tower,0,8,12,0,20,0,23,33,0,56,0,31,45,0,76,48,0,48,124
10/20/2008,MGW,WV,AEA,CE,Federal Contract Tower,0,15,18,12,45,0,27,30,2,59,0,42,48,14,104,70,0,70,174
10/21/2008,MGW,WV,AEA,CE,Federal Contract Tower,0,17,12,10,39,0,10,12,0,22,0,27,24,10,61,18,4,22,83
10/22/2008,MGW,WV,AEA,CE,Federal Contract Tower,0,15,28,12,55,0,26,30,1,57,0,41,58,13,112,58,10,68,180
10/23/2008,MGW,WV,AEA,CE,Federal Contract Tower,0,17,62,2,81,0,37,48,6,91,0,54,110,8,172,164,26,190,362
10/24/2008,MGW,WV,AEA,CE,Federal Contract Tower,0,18,20,4,42,0,11,17,2,30,0,29,37,6,72,0,14,14,86
10/25/2008,MGW,WV,AEA,CE,Federal Contract Tower,0,10,7,2,19,0,7,3,2,12,0,17,10,4,31,0,0,0,31
10/26/2008,MGW,WV,AEA,CE,Federal Contract Tower,0,6,6,0,12,0,39,11,0,50,0,45,17,0,62,20,0,20,82
10/27/2008,MGW,WV,AEA,CE,Federal Contract Tower,0,12,6,2,20,0,15,11,0,26,0,27,17,2,46,0,0,0,46
10/28/2008,MGW,WV,AEA,CE,Federal Contract Tower,0,10,9,0,19,0,4,0,0,4,0,14,9,0,23,0,0,0,23
10/29/2008,MGW,WV,AEA,CE,Federal Contract Tower,0,21,12,2,35,0,3,7,0,10,0,24,19,2,45,0,0,0,45
10/30/2008,MGW,WV,AEA,CE,Federal Contract Tower,0,13,10,2,25,0,20,30,3,53,0,33,40,5,78,96,14,110,188
10/31/2008,MGW,WV,AEA,CE,Federal Contract Tower,0,13,13,2,28,0,19,33,1,53,0,32,46,3,81,112,0,112,193
11/01/2008,MGW,WV,AEA,CE,Federal Contract Tower,0,10,8,0,18,0,41,30,1,72,0,51,38,1,90,36,0,36,126
11/02/2008,MGW,WV,AEA,CE,Federal Contract Tower,0,7,17,6,30,0,17,43,6,66,0,24,60,12,96,60,0,60,156
11/03/2008,MGW,WV,AEA,CE,Federal Contract Tower,0,22,13,4,39,0,29,22,4,55,0,51,35,8,94,80,0,80,174
11/04/2008,MGW,WV,AEA,CE,Federal Contract Tower,0,13,18,2,33,0,7,29,0,36,0,20,47,2,69,58,0,58,127
11/05/2008,MGW,WV,AEA,CE,Federal Contract Tower,0,15,18,8,41,0,0,38,3,41,0,15,56,11,82,96,18,114,196
11/06/2008,MGW,WV,AEA,CE,Federal Contract Tower,0,9,15,3,27,0,23,36,5,64,0,32,51,8,91,66,0,66,157
11/07/2008,MGW,WV,AEA,CE,Federal Contract Tower,0,13,19,5,37,0,8,22,0,30,0,21,41,5,67,58,0,58,125
11/08/2008,MGW,WV,AEA,CE,Federal Contract Tower,0,12,34,1,47,0,12,18,0,30,0,24,52,1,77,122,0,122,199
11/09/2008,MGW,WV,AEA,CE,Federal Contract Tower,0,13,15,0,28,0,18,14,0,32,0,31,29,0,60,28,0,28,88
11/10/2008,MGW,WV,AEA,CE,Federal Contract Tower,0,10,8,0,18,0,22,20,4,46,0,32,28,4,64,38,6,44,108
11/11/2008,MGW,WV,AEA,CE,Federal Contract Tower,0,24,11,0,35,0,16,25,0,41,0,40,36,0,76,44,0,44,120
11/12/2008,MGW,WV,AEA,CE,Federal Contract Tower,0,16,34,8,58,0,18,26,1,45,0,34,60,9,103,46,0,46,149
11/13/2008,MGW,WV,AEA,CE,Federal Contract Tower,0,15,7,6,28,0,0,11,0,11,0,15,18,6,39,2,0,2,41
11/14/2008,MGW,WV,AEA,CE,Federal Contract Tower,0,13,17,4,34,0,30,13,8,51,0,43,30,12,85,36,0,36,121
11/15/2008,MGW,WV,AEA,CE,Federal Contract Tower,0,11,10,0,21,0,2,1,0,3,0,13,11,0,24,0,0,0,24
11/16/2008,MGW,WV,AEA,CE,Federal Contract Tower,0,14,7,0,21,0,8,2,0,10,0,22,9,0,31,0,0,0,31
11/17/2008,MGW,WV,AEA,CE,Federal Contract Tower,0,9,9,0,18,0,0,0,0,0,0,9,9,0,18,0,0,0,18
11/18/2008,MGW,WV,AEA,CE,Federal Contract Tower,0,12,15,0,27,0,0,0,6,6,0,12,15,6,33,0,0,0,33
11/19/2008,MGW,WV,AEA,CE,Federal Contract Tower,0,18,22,6,46,0,21,29,10,60,0,39,51,16,106,84,12,96,202
11/20/2008,MGW,WV,AEA,CE,Federal Contract Tower,0,9,12,8,29,0,11,6,0,17,0,20,18,8,46,20,0,20,66
11/21/2008,MGW,WV,AEA,CE,Federal Contract Tower,0,12,20,0,32,0,6,0,0,6,0,18,20,0,38,0,0,0,38
11/22/2008,MGW,WV,AEA,CE,Federal Contract Tower,0,10,12,0,22,0,15,14,0,29,0,25,26,0,51,0,0,0,51
11/23/2008,MGW,WV,AEA,CE,Federal Contract Tower,0,8,40,0,48,0,24,27,0,51,0,32,67,0,99,86,0,86,185
11/24/2008,MGW,WV,AEA,CE,Federal Contract Tower,0,8,3,0,11,0,4,1,0,5,0,12,4,0,16,0,0,0,16
11/25/2008,MGW,WV,AEA,CE,Federal Contract Tower,0,10,6,2,18,0,0,2,2,4,0,10,8,4,22,0,0,0,22
11/26/2008,MGW,WV,AEA,CE,Federal Contract Tower,0,17,10,4,31,0,9,6,0,15,0,26,16,4,46,0,4,4,50
11/27/2008,MGW,WV,AEA,CE,Federal Contract Tower,0,8,5,0,13,0,4,10,0,14,0,12,15,0,27,22,0,22,49
11/28/2008,MGW,WV,AEA,CE,Federal Contract Tower,0,11,3,0,14,0,37,3,0,40,0,48,6,0,54,0,0,0,54
11/29/2008,MGW,WV,AEA,CE,Federal Contract Tower,0,11,16,0,27,0,16,52,2,70,0,27,68,2,97,102,0,102,199
11/30/2008,MGW,WV,AEA,CE,Federal Contract Tower,0,8,11,0,19,0,0,1,0,1,0,8,12,0,20,0,0,0,20
12/01/2008,MGW,WV,AEA,CE,Federal Contract Tower,0,9,12,0,21,0,0,2,0,2,0,9,14,0,23,0,0,0,23
12/02/2008,MGW,WV,AEA,CE,Federal Contract Tower,0,12,8,14,34,0,0,12,1,13,0,12,20,15,47,32,8,40,87
12/03/2008,MGW,WV,AEA,CE,Federal Contract Tower,0,16,13,5,34,0,9,38,12,59,0,25,51,17,93,60,30,90,183
12/04/2008,MGW,WV,AEA,CE,Federal Contract Tower,0,16,11,0,27,0,0,0,0,0,0,16,11,0,27,0,0,0,27
12/05/2008,MGW,WV,AEA,CE,Federal Contract Tower,0,9,13,4,26,0,0,7,6,13,0,9,20,10,39,0,0,0,39
12/06/2008,MGW,WV,AEA,CE,Federal Contract Tower,0,10,9,0,19,0,0,13,0,13,0,10,22,0,32,0,0,0,32
12/07/2008,MGW,WV,AEA,CE,Federal Contract Tower,0,8,14,2,24,0,12,6,0,18,0,20,20,2,42,0,0,0,42
12/08/2008,MGW,WV,AEA,CE,Federal Contract Tower,0,12,18,6,36,0,18,21,0,39,0,30,39,6,75,30,0,30,105
12/09/2008,MGW,WV,AEA,CE,Federal Contract Tower,0,14,8,4,26,0,13,14,0,27,0,27,22,4,53,36,4,40,93
12/10/2008,MGW,WV,AEA,CE,Federal Contract Tower,0,7,14,0,21,0,0,0,0,0,0,7,14,0,21,0,0,0,21
12/11/2008,MGW,WV,AEA,CE,Federal Contract Tower,0,13,6,0,19,0,0,0,0,0,0,13,6,0,19,0,0,0,19
12/12/2008,MGW,WV,AEA,CE,Federal Contract Tower,0,16,6,4,26,0,0,0,0,0,0,16,6,4,26,0,0,0,26
12/13/2008,MGW,WV,AEA,CE,Federal Contract Tower,0,14,20,2,36,0,19,28,2,49,0,33,48,4,85,106,0,106,191
12/14/2008,MGW,WV,AEA,CE,Federal Contract Tower,0,10,14,0,24,0,18,25,2,45,0,28,39,2,69,94,6,100,169
12/15/2008,MGW,WV,AEA,CE,Federal Contract Tower,0,14,4,0,18,0,6,6,0,12,0,20,10,0,30,48,0,48,78
12/16/2008,MGW,WV,AEA,CE,Federal Contract Tower,0,16,7,0,23,0,0,0,0,0,0,16,7,0,23,0,0,0,23
12/17/2008,MGW,WV,AEA,CE,Federal Contract Tower,0,10,18,7,35,0,0,2,0,2,0,10,20,7,37,40,0,40,77
12/18/2008,MGW,WV,AEA,CE,Federal Contract Tower,0,17,20,2,39,0,0,1,0,1,0,17,21,2,40,0,0,0,40
12/19/2008,MGW,WV,AEA,CE,Federal Contract Tower,0,19,1,0,20,0,13,0,0,13,0,32,1,0,33,0,0,0,33
12/20/2008,MGW,WV,AEA,CE,Federal Contract Tower,0,10,12,0,22,0,0,6,1,7,0,10,18,1,29,10,24,34,63
12/21/2008,MGW,WV,AEA,CE,Federal Contract Tower,0,10,10,0,20,0,14,1,0,15,0,24,11,0,35,0,0,0,35
12/22/2008,MGW,WV,AEA,CE,Federal Contract Tower,0,10,13,0,23,0,16,3,0,19,0,26,16,0,42,0,0,0,42
12/23/2008,MGW,WV,AEA,CE,Federal Contract Tower,0,14,9,0,23,0,25,28,4,57,0,39,37,4,80,42,0,42,122
12/24/2008,MGW,WV,AEA,CE,Federal Contract Tower,0,12,1,0,13,0,0,0,0,0,0,12,1,0,13,0,0,0,13
12/25/2008,MGW,WV,AEA,CE,Federal Contract Tower,0,6,1,0,7,0,26,6,0,32,0,32,7,0,39,36,0,36,75
12/26/2008,MGW,WV,AEA,CE,Federal Contract Tower,0,11,18,0,29,0,6,3,0,9,0,17,21,0,38,34,0,34,72
12/27/2008,MGW,WV,AEA,CE,Federal Contract Tower,0,12,11,0,23,0,7,11,1,19,0,19,22,1,42,4,0,4,46
12/28/2008,MGW,WV,AEA,CE,Federal Contract Tower,0,8,5,0,13,0,20,3,0,23,0,28,8,0,36,0,0,0,36
12/29/2008,MGW,WV,AEA,CE,Federal Contract Tower,0,16,24,0,40,0,47,13,0,60,0,63,37,0,100,30,0,30,130
12/30/2008,MGW,WV,AEA,CE,Federal Contract Tower,0,8,10,0,18,0,14,24,0,38,0,22,34,0,56,72,0,72,128
12/31/2008,MGW,WV,AEA,CE,Federal Contract Tower,0,10,11,0,21,0,2,1,0,3,0,12,12,0,24,0,0,0,24
01/01/2009,MGW,WV,AEA,CE,Federal Contract Tower,0,9,3,0,12,0,23,24,0,47,0,32,27,0,59,26,0,26,85
01/02/2009,MGW,WV,AEA,CE,Federal Contract Tower,0,10,3,0,13,0,18,6,0,24,0,28,9,0,37,4,0,4,41
01/03/2009,MGW,WV,AEA,CE,Federal Contract Tower,0,12,9,0,21,0,24,63,0,87,0,36,72,0,108,78,0,78,186
01/04/2009,MGW,WV,AEA,CE,Federal Contract Tower,0,6,7,0,13,0,0,0,0,0,0,6,7,0,13,0,0,0,13
01/05/2009,MGW,WV,AEA,CE,Federal Contract Tower,0,14,3,1,18,0,29,13,1,43,0,43,16,2,61,40,0,40,101
01/06/2009,MGW,WV,AEA,CE,Federal Contract Tower,0,14,9,0,23,0,0,2,0,2,0,14,11,0,25,24,0,24,49
01/07/2009,MGW,WV,AEA,CE,Federal Contract Tower,0,16,2,0,18,0,0,4,0,4,0,16,6,0,22,22,0,22,44
01/08/2009,MGW,WV,AEA,CE,Federal Contract Tower,0,15,14,0,29,0,2,20,0,22,0,17,34,0,51,20,0,20,71
01/09/2009,MGW,WV,AEA,CE,Federal Contract Tower,0,17,6,12,35,0,9,9,15,33,0,26,15,27,68,30,2,32,100
01/10/2009,MGW,WV,AEA,CE,Federal Contract Tower,0,10,3,0,13,0,2,8,0,10,0,12,11,0,23,0,0,0,23
01/11/2009,MGW,WV,AEA,CE,Federal Contract Tower,0,11,3,0,14,0,1,2,0,3,0,12,5,0,17,16,0,16,33
01/12/2009,MGW,WV,AEA,CE,Federal Contract Tower,0,13,9,0,22,0,4,16,0,20,0,17,25,0,42,100,0,100,142
01/13/2009,MGW,WV,AEA,CE,Federal Contract Tower,0,10,9,2,21,0,0,9,0,9,0,10,18,2,30,0,0,0,30
01/14/2009,MGW,WV,AEA,CE,Federal Contract Tower,0,15,6,2,23,0,4,15,3,22,0,19,21,5,45,0,0,0,45
01/15/2009,MGW,WV,AEA,CE,Federal Contract Tower,0,9,7,7,23,0,8,9,1,18,0,17,16,8,41,14,6,20,61
01/16/2009,MGW,WV,AEA,CE,Federal Contract Tower,0,12,17,14,43,0,13,13,2,28,0,25,30,16,71,26,14,40,111
01/17/2009,MGW,WV,AEA,CE,Federal Contract Tower,0,12,5,0,17,0,23,20,0,43,0,35,25,0,60,58,0,58,118
01/18/2009,MGW,WV,AEA,CE,Federal Contract Tower,0,6,5,0,11,0,0,0,0,0,0,6,5,0,11,0,0,0,11
01/19/2009,MGW,WV,AEA,CE,Federal Contract Tower,0,11,4,1,16,0,10,0,2,12,0,21,4,3,28,0,0,0,28
01/20/2009,MGW,WV,AEA,CE,Federal Contract Tower,0,14,9,5,28,0,0,6,1,7,0,14,15,6,35,42,0,42,77
01/21/2009,MGW,WV,AEA,CE,Federal Contract Tower,0,13,18,10,41,0,22,20,1,43,0,35,38,11,84,24,4,28,112
01/22/2009,MGW,WV,AEA,CE,Federal Contract Tower,0,14,25,18,57,0,14,32,7,53,0,28,57,25,110,26,18,44,154
01/23/2009,MGW,WV,AEA,CE,Federal Contract Tower,0,13,16,11,40,0,29,23,2,54,0,42,39,13,94,22,6,28,122
01/24/2009,MGW,WV,AEA,CE,Federal Contract Tower,0,10,7,0,17,0,10,5,0,15,0,20,12,0,32,6,0,6,38
01/25/2009,MGW,WV,AEA,CE,Federal Contract Tower,0,7,16,0,23,0,0,20,0,20,0,7,36,0,43,66,0,66,109
01/26/2009,MGW,WV,AEA,CE,Federal Contract Tower,0,11,5,6,22,0,19,17,0,36,0,30,22,6,58,36,0,36,94
01/27/2009,MGW,WV,AEA,CE,Federal Contract Tower,0,6,4,0,10,0,6,2,0,8,0,12,6,0,18,0,0,0,18
01/28/2009,MGW,WV,AEA,CE,Federal Contract Tower,0,12,3,0,15,0,0,0,0,0,0,12,3,0,15,0,0,0,15
01/29/2009,MGW,WV,AEA,CE,Federal Contract Tower,0,12,6,10,28,0,10,3,0,13,0,22,9,10,41,0,2,2,43
01/30/2009,MGW,WV,AEA,CE,Federal Contract Tower,0,17,3,0,20,0,7,2,0,9,0,24,5,0,29,0,0,0,29
01/31/2009,MGW,WV,AEA,CE,Federal Contract Tower,0,10,3,16,29,0,19,8,0,27,0,29,11,16,56,10,6,16,72
02/01/2009,MGW,WV,AEA,CE,Federal Contract Tower,0,17,5,1,23,0,24,5,0,29,0,41,10,1,52,20,0,20,72
02/02/2009,MGW,WV,AEA,CE,Federal Contract Tower,0,13,9,10,32,0,13,16,0,29,0,26,25,10,61,34,0,34,95
02/03/2009,MGW,WV,AEA,CE,Federal Contract Tower,0,12,7,4,23,0,10,0,0,10,0,22,7,4,33,0,0,0,33
02/04/2009,MGW,WV,AEA,CE,Federal Contract Tower,0,12,2,2,16,0,0,2,0,2,0,12,4,2,18,0,2,2,20
02/05/2009,MGW,WV,AEA,CE,Federal Contract Tower,0,9,11,16,36,0,14,18,2,34,0,23,29,18,70,66,0,66,136
02/06/2009,MGW,WV,AEA,CE,Federal Contract Tower,0,15,11,8,34,0,4,24,7,35,0,19,35,15,69,52,4,56,125
02/07/2009,MGW,WV,AEA,CE,Federal Contract Tower,0,10,23,0,33,0,16,33,4,53,0,26,56,4,86,52,8,60,146
02/08/2009,MGW,WV,AEA,CE,Federal Contract Tower,0,8,20,2,30,0,16,32,0,48,0,24,52,2,78,62,0,62,140
02/09/2009,MGW,WV,AEA,CE,Federal Contract Tower,0,13,13,4,30,0,19,28,8,55,0,32,41,12,85,100,18,118,203
02/10/2009,MGW,WV,AEA,CE,Federal Contract Tower,0,20,14,6,40,0,2,4,0,6,0,22,18,6,46,6,0,6,52
02/11/2009,MGW,WV,AEA,CE,Federal Contract Tower,0,12,12,4,28,0,16,10,2,28,0,28,22,6,56,2,4,6,62
02/12/2009,MGW,WV,AEA,CE,Federal Contract Tower,1,7,6,0,14,0,0,5,0,5,1,7,11,0,19,0,0,0,19
02/13/2009,MGW,WV,AEA,CE,Federal Contract Tower,0,14,14,2,30,0,9,20,2,31,0,23,34,4,61,32,8,40,101
02/14/2009,MGW,WV,AEA,CE,Federal Contract Tower,1,14,12,0,27,0,8,5,0,13,1,22,17,0,40,0,0,0,40
02/15/2009,MGW,WV,AEA,CE,Federal Contract Tower,0,6,12,0,18,0,0,12,0,12,0,6,24,0,30,104,0,104,134
02/16/2009,MGW,WV,AEA,CE,Federal Contract Tower,0,14,11,0,25,0,18,15,0,33,0,32,26,0,58,38,0,38,96
02/17/2009,MGW,WV,AEA,CE,Federal Contract Tower,0,15,14,3,32,0,12,37,9,58,0,27,51,12,90,86,16,102,192
02/18/2009,MGW,WV,AEA,CE,Federal Contract Tower,0,16,18,0,34,0,0,4,0,4,0,16,22,0,38,0,0,0,38
02/19/2009,MGW,WV,AEA,CE,Federal Contract Tower,0,12,9,0,21,0,0,4,0,4,0,12,13,0,25,0,0,0,25
02/20/2009,MGW,WV,AEA,CE,Federal Contract Tower,0,15,6,2,23,0,16,7,6,29,0,31,13,8,52,12,4,16,68
02/21/2009,MGW,WV,AEA,CE,Federal Contract Tower,0,8,12,0,20,0,4,28,4,36,0,12,40,4,56,58,14,72,128
02/22/2009,MGW,WV,AEA,CE,Federal Contract Tower,0,6,5,0,11,0,0,2,0,2,0,6,7,0,13,8,0,8,21
02/23/2009,MGW,WV,AEA,CE,Federal Contract Tower,0,13,7,6,26,0,0,2,0,2,0,13,9,6,28,0,16,16,44
02/24/2009,MGW,WV,AEA,CE,Federal Contract Tower,0,16,26,7,49,0,17,35,6,58,0,33,61,13,107,124,38,162,269
02/25/2009,MGW,WV,AEA,CE,Federal Contract Tower,0,16,6,2,24,0,10,25,6,41,0,26,31,8,65,96,6,102,167
02/26/2009,MGW,WV,AEA,CE,Federal Contract Tower,0,20,15,2,37,0,15,15,0,30,0,35,30,2,67,58,0,58,125
02/27/2009,MGW,WV,AEA,CE,Federal Contract Tower,0,21,13,2,36,0,16,1,0,17,0,37,14,2,53,0,0,0,53
02/28/2009,MGW,WV,AEA,CE,Federal Contract Tower,0,14,0,0,14,0,0,16,5,21,0,14,16,5,35,26,0,26,61
03/01/2009,MGW,WV,AEA,CE,Federal Contract Tower,0,4,10,0,14,0,8,25,4,37,0,12,35,4,51,42,0,42,93
03/02/2009,MGW,WV,AEA,CE,Federal Contract Tower,0,15,3,4,22,0,10,10,2,22,0,25,13,6,44,0,12,12,56
03/03/2009,MGW,WV,AEA,CE,Federal Contract Tower,0,13,12,10,35,0,11,26,2,39,0,24,38,12,74,56,34,90,164
03/04/2009,MGW,WV,AEA,CE,Federal Contract Tower,0,14,27,8,49,0,32,33,13,78,0,46,60,21,127,94,34,128,255
03/05/2009,MGW,WV,AEA,CE,Federal Contract Tower,0,13,22,5,40,0,26,26,6,58,0,39,48,11,98,50,10,60,158
03/06/2009,MGW,WV,AEA,CE,Federal Contract Tower,0,17,8,5,30,0,6,11,2,19,0,23,19,7,49,30,0,30,79
03/07/2009,MGW,WV,AEA,CE,Federal Contract Tower,0,16,13,0,29,0,12,12,0,24,0,28,25,0,53,40,0,40,93
03/08/2009,MGW,WV,AEA,CE,Federal Contract Tower,0,5,11,2,18,0,12,16,0,28,0,17,27,2,46,0,0,0,46
03/09/2009,MGW,WV,AEA,CE,Federal Contract Tower,0,10,10,5,25,0,10,17,12,39,0,20,27,17,64,8,8,16,80
03/10/2009,MGW,WV,AEA,CE,Federal Contract Tower,0,13,9,1,23,0,10,9,1,20,0,23,18,2,43,16,10,26,69
03/11/2009,MGW,WV,AEA,CE,Federal Contract Tower,0,11,11,0,22,0,17,8,0,25,0,28,19,0,47,18,0,18,65
03/12/2009,MGW,WV,AEA,CE,Federal Contract Tower,0,11,16,1,28,0,17,29,1,47,0,28,45,2,75,52,20,72,147
03/13/2009,MGW,WV,AEA,CE,Federal Contract Tower,0,16,16,11,43,0,5,25,5,35,0,21,41,16,78,64,18,82,160
03/14/2009,MGW,WV,AEA,CE,Federal Contract Tower,0,12,14,1,27,0,9,20,0,29,0,21,34,1,56,16,0,16,72
03/15/2009,MGW,WV,AEA,CE,Federal Contract Tower,0,6,31,0,37,0,6,5,0,11,0,12,36,0,48,0,0,0,48
03/16/2009,MGW,WV,AEA,CE,Federal Contract Tower,0,16,10,2,28,0,13,14,0,27,0,29,24,2,55,22,0,22,77
03/17/2009,MGW,WV,AEA,CE,Federal Contract Tower,0,16,22,0,38,0,8,24,0,32,0,24,46,0,70,48,0,48,118
03/18/2009,MGW,WV,AEA,CE,Federal Contract Tower,0,16,8,0,24,0,32,31,1,64,0,48,39,1,88,38,0,38,126
03/19/2009,MGW,WV,AEA,CE,Federal Contract Tower,0,14,6,1,21,0,18,15,8,41,0,32,21,9,62,34,12,46,108
03/20/2009,MGW,WV,AEA,CE,Federal Contract Tower,0,20,15,4,39,0,10,13,3,26,0,30,28,7,65,6,8,14,79
03/21/2009,MGW,WV,AEA,CE,Federal Contract Tower,0,12,16,0,28,0,23,51,0,74,0,35,67,0,102,16,0,16,118
03/22/2009,MGW,WV,AEA,CE,Federal Contract Tower,0,8,4,0,12,0,34,57,2,93,0,42,61,2,105,76,0,76,181
03/23/2009,MGW,WV,AEA,CE,Federal Contract Tower,0,11,14,8,33,0,27,38,10,75,0,38,52,18,108,36,12,48,156
03/24/2009,MGW,WV,AEA,CE,Federal Contract Tower,0,14,6,5,25,0,18,30,2,50,0,32,36,7,75,96,0,96,171
03/25/2009,MGW,WV,AEA,CE,Federal Contract Tower,0,16,9,7,32,0,4,0,11,15,0,20,9,18,47,0,6,6,53
03/26/2009,MGW,WV,AEA,CE,Federal Contract Tower,0,15,6,4,25,0,0,2,0,2,0,15,8,4,27,12,0,12,39
03/27/2009,MGW,WV,AEA,CE,Federal Contract Tower,0,13,10,7,30,0,6,32,8,46,0,19,42,15,76,38,20,58,134
03/28/2009,MGW,WV,AEA,CE,Federal Contract Tower,0,15,1,0,16,0,14,18,2,34,0,29,19,2,50,42,0,42,92
03/29/2009,MGW,WV,AEA,CE,Federal Contract Tower,0,12,4,0,16,0,9,2,0,11,0,21,6,0,27,0,0,0,27
03/30/2009,MGW,WV,AEA,CE,Federal Contract Tower,0,13,11,2,26,0,15,20,4,39,0,28,31,6,65,8,16,24,89
03/31/2009,MGW,WV,AEA,CE,Federal Contract Tower,0,8,12,0,20,0,29,58,4,91,0,37,70,4,111,48,4,52,163
04/01/2009,MGW,WV,AEA,CE,Federal Contract Tower,0,13,15,0,28,0,12,21,0,33,0,25,36,0,61,34,0,34,95
04/02/2009,MGW,WV,AEA,CE,Federal Contract Tower,0,13,24,6,43,0,29,24,4,57,0,42,48,10,100,6,0,6,106
04/03/2009,MGW,WV,AEA,CE,Federal Contract Tower,0,13,8,2,23,0,0,2,0,2,0,13,10,2,25,0,0,0,25
04/04/2009,MGW,WV,AEA,CE,Federal Contract Tower,0,8,6,3,17,0,25,29,6,60,0,33,35,9,77,20,4,24,101
04/05/2009,MGW,WV,AEA,CE,Federal Contract Tower,0,12,6,4,22,0,21,50,8,79,0,33,56,12,101,104,0,104,205
04/06/2009,MGW,WV,AEA,CE,Federal Contract Tower,0,9,3,0,12,0,0,4,0,4,0,9,7,0,16,0,0,0,16
04/07/2009,MGW,WV,AEA,CE,Federal Contract Tower,0,14,2,0,16,0,0,0,0,0,0,14,2,0,16,0,0,0,16
04/08/2009,MGW,WV,AEA,CE,Federal Contract Tower,0,10,21,4,35,0,17,12,3,32,0,27,33,7,67,28,0,28,95
04/09/2009,MGW,WV,AEA,CE,Federal Contract Tower,0,11,11,20,42,0,14,29,9,52,0,25,40,29,94,62,8,70,164
04/10/2009,MGW,WV,AEA,CE,Federal Contract Tower,0,8,15,21,44,0,10,9,2,21,0,18,24,23,65,58,12,70,135
04/11/2009,MGW,WV,AEA,CE,Federal Contract Tower,0,11,12,0,23,0,10,10,2,22,0,21,22,2,45,32,0,32,77
04/12/2009,MGW,WV,AEA,CE,Federal Contract Tower,0,6,23,0,29,0,22,33,0,55,0,28,56,0,84,68,0,68,152
04/13/2009,MGW,WV,AEA,CE,Federal Contract Tower,0,14,11,26,51,0,12,19,4,35,0,26,30,30,86,26,18,44,130
04/14/2009,MGW,WV,AEA,CE,Federal Contract Tower,0,15,17,29,61,0,19,23,10,52,0,34,40,39,113,34,24,58,171
04/15/2009,MGW,WV,AEA,CE,Federal Contract Tower,0,10,10,0,20,0,0,1,0,1,0,10,11,0,21,4,0,4,25
04/16/2009,MGW,WV,AEA,CE,Federal Contract Tower,0,13,15,29,57,0,21,35,13,69,0,34,50,42,126,70,22,92,218
04/17/2009,MGW,WV,AEA,CE,Federal Contract Tower,0,12,18,14,44,0,14,42,4,60,0,26,60,18,104,68,4,72,176
04/18/2009,MGW,WV,AEA,CE,Federal Contract Tower,0,13,11,0,24,0,25,45,0,70,0,38,56,0,94,80,0,80,174
04/19/2009,MGW,WV,AEA,CE,Federal Contract Tower,0,10,10,0,20,0,28,12,0,40,0,38,22,0,60,42,0,42,102
04/20/2009,MGW,WV,AEA,CE,Federal Contract Tower,0,16,5,16,37,0,4,8,6,18,0,20,13,22,55,0,0,0,55
04/21/2009,MGW,WV,AEA,CE,Federal Contract Tower,0,17,17,3,37,0,11,1,0,12,0,28,18,3,49,0,0,0,49
04/22/2009,MGW,WV,AEA,CE,Federal Contract Tower,0,10,6,22,38,0,0,6,4,10,0,10,12,26,48,0,16,16,64
04/23/2009,MGW,WV,AEA,CE,Federal Contract Tower,0,15,6,2,23,0,20,33,9,62,0,35,39,11,85,78,0,78,163
04/24/2009,MGW,WV,AEA,CE,Federal Contract Tower,0,13,15,11,39,0,39,24,16,79,0,52,39,27,118,60,24,84,202
04/25/2009,MGW,WV,AEA,CE,Federal Contract Tower,0,12,16,1,29,0,23,17,6,46,0,35,33,7,75,18,0,18,93
04/26/2009,MGW,WV,AEA,CE,Federal Contract Tower,0,8,4,0,12,0,36,28,0,64,0,44,32,0,76,74,0,74,150
04/27/2009,MGW,WV,AEA,CE,Federal Contract Tower,0,9,21,6,36,0,24,31,5,60,0,33,52,11,96,68,12,80,176
04/28/2009,MGW,WV,AEA,CE,Federal Contract Tower,0,22,11,0,33,0,14,26,0,40,0,36,37,0,73,100,0,100,173
04/29/2009,MGW,WV,AEA,CE,Federal Contract Tower,0,15,5,0,20,0,8,7,2,17,0,23,12,2,37,12,24,36,73
04/30/2009,MGW,WV,AEA,CE,Federal Contract Tower,0,13,4,0,17,0,2,16,0,18,0,15,20,0,35,16,0,16,51
05/01/2009,MGW,WV,AEA,CE,Federal Contract Tower,0,15,10,2,27,0,30,18,8,56,0,45,28,10,83,34,36,70,153
05/02/2009,MGW,WV,AEA,CE,Federal Contract Tower,0,8,18,0,26,0,2,7,2,11,0,10,25,2,37,26,0,26,63
05/03/2009,MGW,WV,AEA,CE,Federal Contract Tower,0,8,7,2,17,0,0,1,4,5,0,8,8,6,22,0,0,0,22
05/04/2009,MGW,WV,AEA,CE,Federal Contract Tower,0,20,4,2,26,0,0,2,0,2,0,20,6,2,28,14,0,14,42
05/05/2009,MGW,WV,AEA,CE,Federal Contract Tower,0,18,13,4,35,0,4,17,1,22,0,22,30,5,57,72,20,92,149
05/06/2009,MGW,WV,AEA,CE,Federal Contract Tower,0,13,16,4,33,0,4,8,0,12,0,17,24,4,45,48,2,50,95
05/07/2009,MGW,WV,AEA,CE,Federal Contract Tower,0,13,13,2,28,0,18,17,0,35,0,31,30,2,63,54,62,116,179
05/08/2009,MGW,WV,AEA,CE,Federal Contract Tower,0,7,5,6,18,0,6,10,0,16,0,13,15,6,34,36,2,38,72
05/09/2009,MGW,WV,AEA,CE,Federal Contract Tower,0,14,0,0,14,0,2,4,4,10,0,16,4,4,24,0,0,0,24
05/10/2009,MGW,WV,AEA,CE,Federal Contract Tower,0,10,2,0,12,0,13,18,4,35,0,23,20,4,47,44,0,44,91
05/11/2009,MGW,WV,AEA,CE,Federal Contract Tower,0,14,5,2,21,0,13,11,18,42,0,27,16,20,63,76,10,86,149
05/12/2009,MGW,WV,AEA,CE,Federal Contract Tower,0,12,11,0,23,0,11,30,0,41,0,23,41,0,64,78,0,78,142
05/13/2009,MGW,WV,AEA,CE,Federal Contract Tower,0,10,14,15,39,0,29,19,6,54,0,39,33,21,93,72,24,96,189
05/14/2009,MGW,WV,AEA,CE,Federal Contract Tower,0,13,15,0,28,0,10,5,5,20,0,23,20,5,48,0,10,10,58
05/15/2009,MGW,WV,AEA,CE,Federal Contract Tower,0,11,22,10,43,0,13,18,2,33,0,24,40,12,76,26,0,26,102
05/16/2009,MGW,WV,AEA,CE,Federal Contract Tower,0,13,3,0,16,0,14,8,0,22,0,27,11,0,38,10,0,10,48
05/17/2009,MGW,WV,AEA,CE,Federal Contract Tower,0,11,18,0,29,0,3,27,8,38,0,14,45,8,67,62,0,62,129
05/18/2009,MGW,WV,AEA,CE,Federal Contract Tower,0,13,17,24,54,0,24,28,4,56,0,37,45,28,110,42,30,72,182
05/19/2009,MGW,WV,AEA,CE,Federal Contract Tower,0,12,5,20,37,0,25,61,20,106,0,37,66,40,143,128,24,152,295
05/20/2009,MGW,WV,AEA,CE,Federal Contract Tower,0,11,42,23,76,0,24,45,6,75,0,35,87,29,151,100,34,134,285
05/21/2009,MGW,WV,AEA,CE,Federal Contract Tower,0,10,8,16,34,0,4,26,26,56,0,14,34,42,90,28,26,54,144
05/22/2009,MGW,WV,AEA,CE,Federal Contract Tower,0,9,15,0,24,0,35,22,0,57,0,44,37,0,81,28,0,28,109
05/23/2009,MGW,WV,AEA,CE,Federal Contract Tower,0,10,18,2,30,0,52,31,5,88,0,62,49,7,118,34,0,34,152
05/24/2009,MGW,WV,AEA,CE,Federal Contract Tower,0,6,10,0,16,0,33,19,0,52,0,39,29,0,68,10,0,10,78
05/25/2009,MGW,WV,AEA,CE,Federal Contract Tower,0,8,18,1,27,0,21,16,2,39,0,29,34,3,66,0,0,0,66
05/26/2009,MGW,WV,AEA,CE,Federal Contract Tower,0,14,8,0,22,0,2,3,0,5,0,16,11,0,27,0,0,0,27
05/27/2009,MGW,WV,AEA,CE,Federal Contract Tower,0,14,17,6,37,0,14,8,0,22,0,28,25,6,59,14,4,18,77
05/28/2009,MGW,WV,AEA,CE,Federal Contract Tower,0,19,10,2,31,0,32,7,0,39,0,51,17,2,70,0,0,0,70
05/29/2009,MGW,WV,AEA,CE,Federal Contract Tower,0,15,18,6,39,0,8,7,0,15,0,23,25,6,54,0,0,0,54
05/30/2009,MGW,WV,AEA,CE,Federal Contract Tower,0,10,2,0,12,0,27,24,0,51,0,37,26,0,63,52,0,52,115
05/31/2009,MGW,WV,AEA,CE,Federal Contract Tower,0,9,11,0,20,0,8,23,0,31,0,17,34,0,51,6,0,6,57
06/01/2009,MGW,WV,AEA,CE,Federal Contract Tower,0,12,15,2,29,0,25,41,2,68,0,37,56,4,97,28,0,28,125
06/02/2009,MGW,WV,AEA,CE,Federal Contract Tower,0,8,16,3,27,0,2,17,2,21,0,10,33,5,48,14,18,32,80
06/03/2009,MGW,WV,AEA,CE,Federal Contract Tower,0,14,12,12,38,0,2,4,0,6,0,16,16,12,44,0,8,8,52
06/04/2009,MGW,WV,AEA,CE,Federal Contract Tower,0,11,8,0,19,0,0,8,0,8,0,11,16,0,27,24,0,24,51
06/05/2009,MGW,WV,AEA,CE,Federal Contract Tower,0,12,13,26,51,0,8,26,8,42,0,20,39,34,93,58,36,94,187
06/06/2009,MGW,WV,AEA,CE,Federal Contract Tower,0,8,11,12,31,0,26,36,0,62,0,34,47,12,93,12,4,16,109
06/07/2009,MGW,WV,AEA,CE,Federal Contract Tower,0,8,16,17,41,0,8,30,0,38,0,16,46,17,79,66,6,72,151
06/08/2009,MGW,WV,AEA,CE,Federal Contract Tower,0,12,3,2,17,0,22,21,4,47,0,34,24,6,64,32,8,40,104
06/09/2009,MGW,WV,AEA,CE,Federal Contract Tower,0,13,4,7,24,0,6,15,8,29,0,19,19,15,53,22,4,26,79
06/10/2009,MGW,WV,AEA,CE,Federal Contract Tower,0,11,13,12,36,0,19,20,0,39,0,30,33,12,75,92,2,94,169
06/11/2009,MGW,WV,AEA,CE,Federal Contract Tower,0,13,17,10,40,0,22,18,0,40,0,35,35,10,80,32,8,40,120
06/12/2009,MGW,WV,AEA,CE,Federal Contract Tower,0,19,12,4,35,0,10,22,4,36,0,29,34,8,71,76,0,76,147
06/13/2009,MGW,WV,AEA,CE,Federal Contract Tower,0,8,17,4,29,0,30,251,3,284,0,38,268,7,313,56,0,56,369
06/14/2009,MGW,WV,AEA,CE,Federal Contract Tower,0,12,16,4,32,0,29,54,4,87,0,41,70,8,119,66,18,84,203
06/15/2009,MGW,WV,AEA,CE,Federal Contract Tower,0,16,24,7,47,0,23,43,6,72,0,39,67,13,119,52,26,78,197
06/16/2009,MGW,WV,AEA,CE,Federal Contract Tower,0,15,10,4,29,0,19,17,4,40,0,34,27,8,69,32,0,32,101
06/17/2009,MGW,WV,AEA,CE,Federal Contract Tower,0,14,17,0,31,0,8,14,0,22,0,22,31,0,53,14,0,14,67
06/18/2009,MGW,WV,AEA,CE,Federal Contract Tower,0,9,14,6,29,0,22,39,2,63,0,31,53,8,92,104,0,104,196
06/19/2009,MGW,WV,AEA,CE,Federal Contract Tower,0,12,9,0,21,0,6,7,0,13,0,18,16,0,34,16,0,16,50
06/20/2009,MGW,WV,AEA,CE,Federal Contract Tower,0,7,5,0,12,0,18,12,0,30,0,25,17,0,42,60,0,60,102
06/21/2009,MGW,WV,AEA,CE,Federal Contract Tower,0,9,10,0,19,0,17,37,0,54,0,26,47,0,73,110,0,110,183
06/22/2009,MGW,WV,AEA,CE,Federal Contract Tower,0,6,11,7,24,0,57,46,10,113,0,63,57,17,137,68,32,100,237
06/23/2009,MGW,WV,AEA,CE,Federal Contract Tower,0,13,25,14,52,0,28,60,18,106,0,41,85,32,158,134,26,160,318
06/24/2009,MGW,WV,AEA,CE,Federal Contract Tower,0,15,30,4,49,0,40,50,20,110,0,55,80,24,159,58,48,106,265
06/25/2009,MGW,WV,AEA,CE,Federal Contract Tower,0,13,9,7,29,0,21,27,4,52,0,34,36,11,81,54,6,60,141
06/26/2009,MGW,WV,AEA,CE,Federal Contract Tower,0,8,12,4,24,0,10,10,0,20,0,18,22,4,44,28,0,28,72
06/27/2009,MGW,WV,AEA,CE,Federal Contract Tower,0,8,5,3,16,0,58,44,0,102,0,66,49,3,118,80,0,80,198
06/28/2009,MGW,WV,AEA,CE,Federal Contract Tower,0,8,10,0,18,0,12,16,0,28,0,20,26,0,46,48,0,48,94
06/29/2009,MGW,WV,AEA,CE,Federal Contract Tower,0,15,8,10,33,0,12,47,2,61,0,27,55,12,94,80,4,84,178
06/30/2009,MGW,WV,AEA,CE,Federal Contract Tower,0,7,9,7,23,0,22,34,4,60,0,29,43,11,83,66,10,76,159
07/01/2009,MGW,WV,AEA,CE,Federal Contract Tower,0,9,22,4,35,0,11,28,6,45,0,20,50,10,80,74,10,84,164
07/02/2009,MGW,WV,AEA,CE,Federal Contract Tower,0,14,22,8,44,0,0,9,2,11,0,14,31,10,55,72,0,72,127
07/03/2009,MGW,WV,AEA,CE,Federal Contract Tower,0,14,9,0,23,0,34,31,0,65,0,48,40,0,88,150,0,150,238
07/04/2009,MGW,WV,AEA,CE,Federal Contract Tower,0,10,7,0,17,0,34,0,0,34,0,44,7,0,51,0,0,0,51
07/05/2009,MGW,WV,AEA,CE,Federal Contract Tower,0,7,10,0,17,0,26,42,0,68,0,33,52,0,85,88,0,88,173
07/06/2009,MGW,WV,AEA,CE,Federal Contract Tower,0,12,19,0,31,0,28,40,0,68,0,40,59,0,99,110,0,110,209
07/07/2009,MGW,WV,AEA,CE,Federal Contract Tower,0,14,23,2,39,0,29,49,6,84,0,43,72,8,123,154,22,176,299
07/08/2009,MGW,WV,AEA,CE,Federal Contract Tower,0,13,17,2,32,0,34,41,0,75,0,47,58,2,107,118,0,118,225
07/09/2009,MGW,WV,AEA,CE,Federal Contract Tower,0,17,19,0,36,0,30,63,4,97,0,47,82,4,133,158,22,180,313
07/10/2009,MGW,WV,AEA,CE,Federal Contract Tower,0,16,12,2,30,0,6,47,8,61,0,22,59,10,91,68,0,68,159
07/11/2009,MGW,WV,AEA,CE,Federal Contract Tower,0,7,11,1,19,0,8,2,0,10,0,15,13,1,29,4,0,4,33
07/12/2009,MGW,WV,AEA,CE,Federal Contract Tower,0,10,11,2,23,0,25,42,4,71,0,35,53,6,94,48,0,48,142
07/13/2009,MGW,WV,AEA,CE,Federal Contract Tower,0,20,19,9,48,0,29,46,9,84,0,49,65,18,132,106,28,134,266
07/14/2009,MGW,WV,AEA,CE,Federal Contract Tower,0,19,30,6,55,0,28,63,3,94,0,47,93,9,149,84,14,98,247
07/15/2009,MGW,WV,AEA,CE,Federal Contract Tower,0,17,19,2,38,0,27,36,7,70,0,44,55,9,108,80,16,96,204
07/16/2009,MGW,WV,AEA,CE,Federal Contract Tower,0,10,20,3,33,0,30,35,8,73,0,40,55,11,106,100,8,108,214
07/17/2009,MGW,WV,AEA,CE,Federal Contract Tower,0,16,2,4,22,0,7,13,12,32,0,23,15,16,54,14,0,14,68
07/18/2009,MGW,WV,AEA,CE,Federal Contract Tower,0,10,15,4,29,0,22,17,8,47,0,32,32,12,76,30,10,40,116
07/19/2009,MGW,WV,AEA,CE,Federal Contract Tower,0,10,8,2,20,0,21,37,2,60,0,31,45,4,80,60,0,60,140
07/20/2009,MGW,WV,AEA,CE,Federal Contract Tower,0,11,5,4,20,0,11,29,10,50,0,22,34,14,70,68,0,68,138
07/21/2009,MGW,WV,AEA,CE,Federal Contract Tower,0,9,13,0,22,0,19,39,0,58,0,28,52,0,80,114,0,114,194
07/22/2009,MGW,WV,AEA,CE,Federal Contract Tower,0,13,13,3,29,0,11,33,1,45,0,24,46,4,74,110,20,130,204
07/23/2009,MGW,WV,AEA,CE,Federal Contract Tower,0,12,23,0,35,0,4,20,2,26,0,16,43,2,61,98,0,98,159
07/24/2009,MGW,WV,AEA,CE,Federal Contract Tower,0,12,19,4,35,0,6,31,9,46,0,18,50,13,81,28,12,40,121
07/25/2009,MGW,WV,AEA,CE,Federal Contract Tower,0,10,7,0,17,0,8,24,4,36,0,18,31,4,53,48,0,48,101
07/26/2009,MGW,WV,AEA,CE,Federal Contract Tower,0,14,9,0,23,0,12,16,0,28,0,26,25,0,51,4,0,4,55
07/27/2009,MGW,WV,AEA,CE,Federal Contract Tower,0,10,15,4,29,0,10,21,1,32,0,20,36,5,61,76,30,106,167
07/28/2009,MGW,WV,AEA,CE,Federal Contract Tower,0,17,18,0,35,0,18,51,2,71,0,35,69,2,106,180,0,180,286
07/29/2009,MGW,WV,AEA,CE,Federal Contract Tower,0,13,3,2,18,0,4,2,0,6,0,17,5,2,24,0,0,0,24
07/30/2009,MGW,WV,AEA,CE,Federal Contract Tower,0,16,23,1,40,0,26,16,0,42,0,42,39,1,82,108,0,108,190
07/31/2009,MGW,WV,AEA,CE,Federal Contract Tower,0,12,3,12,27,0,0,16,0,16,0,12,19,12,43,22,0,22,65
08/01/2009,MGW,WV,AEA,CE,Federal Contract Tower,0,13,14,0,27,0,21,28,2,51,0,34,42,2,78,26,0,26,104
08/02/2009,MGW,WV,AEA,CE,Federal Contract Tower,0,8,11,6,25,0,50,41,8,99,0,58,52,14,124,38,10,48,172
08/03/2009,MGW,WV,AEA,CE,Federal Contract Tower,0,14,20,4,38,0,28,57,8,93,0,42,77,12,131,102,0,102,233
08/04/2009,MGW,WV,AEA,CE,Federal Contract Tower,0,18,18,2,38,0,24,35,7,66,0,42,53,9,104,98,2,100,204
08/05/2009,MGW,WV,AEA,CE,Federal Contract Tower,0,14,16,14,44,0,4,20,1,25,0,18,36,15,69,102,8,110,179
08/06/2009,MGW,WV,AEA,CE,Federal Contract Tower,0,11,20,24,55,0,12,41,2,55,0,23,61,26,110,90,10,100,210
08/07/2009,MGW,WV,AEA,CE,Federal Contract Tower,0,17,21,18,56,0,58,45,4,107,0,75,66,22,163,76,12,88,251
08/08/2009,MGW,WV,AEA,CE,Federal Contract Tower,0,9,22,0,31,0,30,27,0,57,0,39,49,0,88,40,0,40,128
08/09/2009,MGW,WV,AEA,CE,Federal Contract Tower,0,9,13,0,22,0,22,40,2,64,0,31,53,2,86,42,0,42,128
08/10/2009,MGW,WV,AEA,CE,Federal Contract Tower,0,12,13,14,39,0,23,9,2,34,0,35,22,16,73,10,0,10,83
08/11/2009,MGW,WV,AEA,CE,Federal Contract Tower,0,14,12,12,38,0,24,25,2,51,0,38,37,14,89,44,6,50,139
08/12/2009,MGW,WV,AEA,CE,Federal Contract Tower,0,16,11,7,34,0,10,20,1,31,0,26,31,8,65,48,4,52,117
08/13/2009,MGW,WV,AEA,CE,Federal Contract Tower,0,10,17,12,39,0,7,23,4,34,0,17,40,16,73,60,8,68,141
08/14/2009,MGW,WV,AEA,CE,Federal Contract Tower,0,13,11,8,32,0,8,42,0,50,0,21,53,8,82,66,0,66,148
08/15/2009,MGW,WV,AEA,CE,Federal Contract Tower,0,12,12,0,24,0,32,20,0,52,0,44,32,0,76,30,0,30,106
08/16/2009,MGW,WV,AEA,CE,Federal Contract Tower,0,10,8,8,26,0,23,32,2,57,0,33,40,10,83,10,0,10,93
08/17/2009,MGW,WV,AEA,CE,Federal Contract Tower,0,12,8,1,21,0,24,28,4,56,0,36,36,5,77,52,0,52,129
08/18/2009,MGW,WV,AEA,CE,Federal Contract Tower,0,15,10,0,25,0,7,17,2,26,0,22,27,2,51,16,16,32,83
08/19/2009,MGW,WV,AEA,CE,Federal Contract Tower,0,17,11,6,34,0,12,25,2,39,0,29,36,8,73,134,12,146,219
08/20/2009,MGW,WV,AEA,CE,Federal Contract Tower,0,17,5,0,22,0,6,13,0,19,0,23,18,0,41,44,0,44,85
08/21/2009,MGW,WV,AEA,CE,Federal Contract Tower,0,14,20,2,36,0,13,13,0,26,0,27,33,2,62,32,0,32,94
08/22/2009,MGW,WV,AEA,CE,Federal Contract Tower,0,11,19,0,30,0,46,35,0,81,0,57,54,0,111,74,0,74,185
08/23/2009,MGW,WV,AEA,CE,Federal Contract Tower,0,12,14,0,26,0,14,24,10,48,0,26,38,10,74,52,6,58,132
08/24/2009,MGW,WV,AEA,CE,Federal Contract Tower,0,10,15,9,34,0,8,32,7,47,0,18,47,16,81,32,18,50,131
08/25/2009,MGW,WV,AEA,CE,Federal Contract Tower,0,10,14,5,29,0,27,40,11,78,0,37,54,16,107,62,6,68,175
08/26/2009,MGW,WV,AEA,CE,Federal Contract Tower,0,12,8,3,23,0,14,30,6,50,0,26,38,9,73,112,24,136,209
08/27/2009,MGW,WV,AEA,CE,Federal Contract Tower,0,13,16,2,31,0,14,31,0,45,0,27,47,2,76,52,0,52,128
08/28/2009,MGW,WV,AEA,CE,Federal Contract Tower,0,12,25,4,41,0,2,10,0,12,0,14,35,4,53,30,0,30,83
08/29/2009,MGW,WV,AEA,CE,Federal Contract Tower,0,12,12,0,24,0,37,6,0,43,0,49,18,0,67,0,0,0,67
08/30/2009,MGW,WV,AEA,CE,Federal Contract Tower,0,8,15,0,23,0,20,45,0,65,0,28,60,0,88,8,0,8,96
08/31/2009,MGW,WV,AEA,CE,Federal Contract Tower,0,16,10,0,26,0,42,43,2,87,0,58,53,2,113,76,0,76,189
09/01/2009,MGW,WV,AEA,CE,Federal Contract Tower,0,12,8,0,20,0,24,45,8,77,0,36,53,8,97,112,0,112,209
09/02/2009,MGW,WV,AEA,CE,Federal Contract Tower,0,14,21,5,40,0,28,43,7,78,0,42,64,12,118,106,34,140,258
09/03/2009,MGW,WV,AEA,CE,Federal Contract Tower,0,15,7,12,34,0,8,25,6,39,0,23,32,18,73,98,16,114,187
09/04/2009,MGW,WV,AEA,CE,Federal Contract Tower,0,11,14,6,31,0,37,45,3,85,0,48,59,9,116,104,0,104,220
09/05/2009,MGW,WV,AEA,CE,Federal Contract Tower,0,12,22,0,34,0,18,61,0,79,0,30,83,0,113,144,0,144,257
09/06/2009,MGW,WV,AEA,CE,Federal Contract Tower,0,8,9,0,17,0,36,27,0,63,0,44,36,0,80,26,0,26,106
09/07/2009,MGW,WV,AEA,CE,Federal Contract Tower,0,15,7,1,23,0,15,10,0,25,0,30,17,1,48,32,0,32,80
09/08/2009,MGW,WV,AEA,CE,Federal Contract Tower,0,16,9,12,37,0,18,36,4,58,0,34,45,16,95,28,10,38,133
09/09/2009,MGW,WV,AEA,CE,Federal Contract Tower,0,13,14,5,32,0,19,23,2,44,0,32,37,7,76,82,6,88,164
09/10/2009,MGW,WV,AEA,CE,Federal Contract Tower,0,14,12,12,38,0,13,29,0,42,0,27,41,12,80,72,4,76,156
09/11/2009,MGW,WV,AEA,CE,Federal Contract Tower,0,15,12,24,51,0,26,20,8,54,0,41,32,32,105,18,0,18,123
09/12/2009,MGW,WV,AEA,CE,Federal Contract Tower,0,17,55,2,74,0,12,18,0,30,0,29,73,2,104,120,0,120,224
09/13/2009,MGW,WV,AEA,CE,Federal Contract Tower,0,11,15,4,30,0,36,56,2,94,0,47,71,6,124,60,0,60,184
09/14/2009,MGW,WV,AEA,CE,Federal Contract Tower,0,17,10,10,37,0,18,24,2,44,0,35,34,12,81,36,0,36,117
09/15/2009,MGW,WV,AEA,CE,Federal Contract Tower,0,18,17,9,44,0,13,49,2,64,0,31,66,11,108,114,0,114,222
09/16/2009,MGW,WV,AEA,CE,Federal Contract Tower,0,13,9,9,31,0,16,30,1,47,0,29,39,10,78,28,6,34,112
09/17/2009,MGW,WV,AEA,CE,Federal Contract Tower,0,13,23,7,43,0,17,32,6,55,0,30,55,13,98,80,28,108,206
09/18/2009,MGW,WV,AEA,CE,Federal Contract Tower,0,14,7,10,31,0,33,32,2,67,0,47,39,12,98,66,0,66,164
09/19/2009,MGW,WV,AEA,CE,Federal Contract Tower,0,14,13,1,28,0,28,33,21,82,0,42,46,22,110,34,24,58,168
09/20/2009,MGW,WV,AEA,CE,Federal Contract Tower,0,10,18,0,28,0,48,22,4,74,0,58,40,4,102,26,2,28,130
09/21/2009,MGW,WV,AEA,CE,Federal Contract Tower,0,12,10,0,22,0,2,19,0,21,0,14,29,0,43,38,0,38,81
09/22/2009,MGW,WV,AEA,CE,Federal Contract Tower,0,17,18,0,35,0,24,28,5,57,0,41,46,5,92,12,40,52,144
09/23/2009,MGW,WV,AEA,CE,Federal Contract Tower,0,11,10,0,21,0,9,26,0,35,0,20,36,0,56,56,0,56,112
09/24/2009,MGW,WV,AEA,CE,Federal Contract Tower,0,8,26,0,34,0,6,25,0,31,0,14,51,0,65,54,0,54,119
09/25/2009,MGW,WV,AEA,CE,Federal Contract Tower,0,14,17,9,40,0,8,12,5,25,0,22,29,14,65,26,10,36,101
09/26/2009,MGW,WV,AEA,CE,Federal Contract Tower,0,12,8,0,20,0,4,0,0,4,0,16,8,0,24,0,0,0,24
09/27/2009,MGW,WV,AEA,CE,Federal Contract Tower,0,12,19,0,31,0,5,7,2,14,0,17,26,2,45,0,0,0,45
09/28/2009,MGW,WV,AEA,CE,Federal Contract Tower,0,11,9,3,23,0,3,14,1,18,0,14,23,4,41,0,0,0,41
09/29/2009,MGW,WV,AEA,CE,Federal Contract Tower,0,12,15,0,27,0,15,7,2,24,0,27,22,2,51,0,0,0,51
09/30/2009,MGW,WV,AEA,CE,Federal Contract Tower,0,16,14,6,36,0,0,10,0,10,0,16,24,6,46,44,12,56,102
10/01/2009,MGW,WV,AEA,CE,Federal Contract Tower,0,15,34,8,57,0,10,44,2,56,0,25,78,10,113,260,52,312,425
10/02/2009,MGW,WV,AEA,CE,Federal Contract Tower,0,23,34,3,60,0,13,11,1,25,0,36,45,4,85,32,0,32,117
10/03/2009,MGW,WV,AEA,CE,Federal Contract Tower,0,9,20,0,29,0,39,14,1,54,0,48,34,1,83,34,0,34,117
10/04/2009,MGW,WV,AEA,CE,Federal Contract Tower,0,10,25,0,35,0,20,32,2,54,0,30,57,2,89,60,0,60,149
10/05/2009,MGW,WV,AEA,CE,Federal Contract Tower,0,15,24,1,40,0,22,43,1,66,0,37,67,2,106,88,0,88,194
10/06/2009,MGW,WV,AEA,CE,Federal Contract Tower,0,15,15,2,32,0,15,36,4,55,0,30,51,6,87,68,8,76,163
10/07/2009,MGW,WV,AEA,CE,Federal Contract Tower,0,12,4,3,19,0,12,9,1,22,0,24,13,4,41,36,0,36,77
10/08/2009,MGW,WV,AEA,CE,Federal Contract Tower,0,17,23,2,42,0,12,41,0,53,0,29,64,2,95,94,0,94,189
10/09/2009,MGW,WV,AEA,CE,Federal Contract Tower,0,11,16,4,31,0,6,9,2,17,0,17,25,6,48,25,14,39,87
10/10/2009,MGW,WV,AEA,CE,Federal Contract Tower,0,15,16,0,31,0,4,71,0,75,0,19,87,0,106,12,0,12,118
10/11/2009,MGW,WV,AEA,CE,Federal Contract Tower,0,8,13,0,21,0,6,72,0,78,0,14,85,0,99,54,0,54,153
10/12/2009,MGW,WV,AEA,CE,Federal Contract Tower,0,13,11,1,25,0,11,31,2,44,0,24,42,3,69,108,0,108,177
10/13/2009,MGW,WV,AEA,CE,Federal Contract Tower,0,20,12,0,32,0,25,29,0,54,0,45,41,0,86,56,0,56,142
10/14/2009,MGW,WV,AEA,CE,Federal Contract Tower,0,18,11,10,39,0,19,12,1,32,0,37,23,11,71,64,12,76,147
10/15/2009,MGW,WV,AEA,CE,Federal Contract Tower,0,22,14,0,36,0,0,0,0,0,0,22,14,0,36,0,0,0,36
10/16/2009,MGW,WV,AEA,CE,Federal Contract Tower,0,11,13,0,24,0,0,0,0,0,0,11,13,0,24,0,0,0,24
10/17/2009,MGW,WV,AEA,CE,Federal Contract Tower,0,11,29,0,40,0,0,13,2,15,0,11,42,2,55,0,0,0,55
10/18/2009,MGW,WV,AEA,CE,Federal Contract Tower,0,12,7,0,19,0,15,15,0,30,0,27,22,0,49,52,0,52,101
10/19/2009,MGW,WV,AEA,CE,Federal Contract Tower,0,12,4,0,16,0,19,39,0,58,0,31,43,0,74,164,0,164,238
10/20/2009,MGW,WV,AEA,CE,Federal Contract Tower,0,17,22,2,41,0,16,36,12,64,0,33,58,14,105,72,26,98,203
10/21/2009,MGW,WV,AEA,CE,Federal Contract Tower,0,17,11,0,28,0,4,56,0,60,0,21,67,0,88,60,0,60,148
10/22/2009,MGW,WV,AEA,CE,Federal Contract Tower,0,15,9,10,34,0,39,46,6,91,0,54,55,16,125,46,16,62,187
10/23/2009,MGW,WV,AEA,CE,Federal Contract Tower,0,18,17,6,41,0,14,8,0,22,0,32,25,6,63,0,4,4,67
10/24/2009,MGW,WV,AEA,CE,Federal Contract Tower,0,10,17,0,27,0,0,15,0,15,0,10,32,0,42,120,0,120,162
10/25/2009,MGW,WV,AEA,CE,Federal Contract Tower,0,8,10,0,18,0,14,44,2,60,0,22,54,2,78,86,0,86,164
10/26/2009,MGW,WV,AEA,CE,Federal Contract Tower,0,14,8,5,27,0,13,23,0,36,0,27,31,5,63,56,0,56,119
10/27/2009,MGW,WV,AEA,CE,Federal Contract Tower,0,14,9,10,33,0,7,22,15,44,0,21,31,25,77,52,4,56,133
10/28/2009,MGW,WV,AEA,CE,Federal Contract Tower,0,13,11,6,30,0,0,0,3,3,0,13,11,9,33,0,0,0,33
10/29/2009,MGW,WV,AEA,CE,Federal Contract Tower,0,10,17,6,33,0,13,33,1,47,0,23,50,7,80,38,2,40,120
10/30/2009,MGW,WV,AEA,CE,Federal Contract Tower,0,15,22,0,37,0,30,38,0,68,0,45,60,0,105,56,0,56,161
10/31/2009,MGW,WV,AEA,CE,Federal Contract Tower,0,12,4,1,17,0,0,1,3,4,0,12,5,4,21,0,0,0,21
11/01/2009,MGW,WV,AEA,CE,Federal Contract Tower,0,14,26,0,40,0,39,48,4,91,0,53,74,4,131,54,0,54,185
11/02/2009,MGW,WV,AEA,CE,Federal Contract Tower,0,12,19,3,34,0,34,31,4,69,0,46,50,7,103,52,34,86,189
11/03/2009,MGW,WV,AEA,CE,Federal Contract Tower,0,17,11,0,28,0,4,19,0,23,0,21,30,0,51,10,0,10,61
11/04/2009,MGW,WV,AEA,CE,Federal Contract Tower,0,12,18,0,30,0,12,12,2,26,0,24,30,2,56,0,0,0,56
11/05/2009,MGW,WV,AEA,CE,Federal Contract Tower,0,16,9,0,25,0,28,20,0,48,0,44,29,0,73,28,0,28,101
11/06/2009,MGW,WV,AEA,CE,Federal Contract Tower,0,13,28,2,43,0,23,29,10,62,0,36,57,12,105,94,6,100,205
11/07/2009,MGW,WV,AEA,CE,Federal Contract Tower,0,14,28,0,42,0,36,42,10,88,0,50,70,10,130,154,0,154,284
11/08/2009,MGW,WV,AEA,CE,Federal Contract Tower,0,12,25,4,41,0,18,46,2,66,0,30,71,6,107,58,0,58,165
11/09/2009,MGW,WV,AEA,CE,Federal Contract Tower,0,13,6,8,27,0,8,38,0,46,0,21,44,8,73,40,0,40,113
11/10/2009,MGW,WV,AEA,CE,Federal Contract Tower,0,15,4,6,25,0,22,17,6,45,0,37,21,12,70,18,20,38,108
11/11/2009,MGW,WV,AEA,CE,Federal Contract Tower,0,13,12,2,27,0,15,31,4,50,0,28,43,6,77,52,4,56,133
11/12/2009,MGW,WV,AEA,CE,Federal Contract Tower,0,10,9,2,21,0,26,21,0,47,0,36,30,2,68,34,2,36,104
11/13/2009,MGW,WV,AEA,CE,Federal Contract Tower,0,13,19,13,45,0,29,28,2,59,0,42,47,15,104,28,18,46,150
11/14/2009,MGW,WV,AEA,CE,Federal Contract Tower,0,9,7,0,16,0,36,40,9,85,0,45,47,9,101,78,12,90,191
11/15/2009,MGW,WV,AEA,CE,Federal Contract Tower,0,15,28,0,43,0,17,38,0,55,0,32,66,0,98,46,0,46,144
11/16/2009,MGW,WV,AEA,CE,Federal Contract Tower,0,12,14,8,34,0,28,72,8,108,0,40,86,16,142,74,4,78,220
11/17/2009,MGW,WV,AEA,CE,Federal Contract Tower,0,16,11,22,49,0,25,25,8,58,0,41,36,30,107,24,44,68,175
11/18/2009,MGW,WV,AEA,CE,Federal Contract Tower,0,14,12,15,41,0,33,14,3,50,0,47,26,18,91,16,16,32,123
11/19/2009,MGW,WV,AEA,CE,Federal Contract Tower,0,22,25,16,63,0,0,8,0,8,0,22,33,16,71,26,8,34,105
11/20/2009,MGW,WV,AEA,CE,Federal Contract Tower,0,12,12,5,29,0,7,21,2,30,0,19,33,7,59,12,38,50,109
11/21/2009,MGW,WV,AEA,CE,Federal Contract Tower,0,10,7,0,17,0,22,39,2,63,0,32,46,2,80,42,6,48,128
11/22/2009,MGW,WV,AEA,CE,Federal Contract Tower,0,10,2,2,14,0,18,23,0,41,0,28,25,2,55,58,0,58,113
11/23/2009,MGW,WV,AEA,CE,Federal Contract Tower,0,12,6,12,30,0,4,16,0,20,0,16,22,12,50,36,0,36,86
11/24/2009,MGW,WV,AEA,CE,Federal Contract Tower,0,17,17,0,34,0,11,28,0,39,0,28,45,0,73,34,0,34,107
11/25/2009,MGW,WV,AEA,CE,Federal Contract Tower,0,17,6,0,23,0,7,13,0,20,0,24,19,0,43,0,0,0,43
11/26/2009,MGW,WV,AEA,CE,Federal Contract Tower,0,13,1,0,14,0,14,10,0,24,0,27,11,0,38,12,0,12,50
11/27/2009,MGW,WV,AEA,CE,Federal Contract Tower,0,7,15,0,22,0,2,6,0,8,0,9,21,0,30,130,0,130,160
11/28/2009,MGW,WV,AEA,CE,Federal Contract Tower,0,15,5,0,20,0,20,31,0,51,0,35,36,0,71,48,0,48,119
11/29/2009,MGW,WV,AEA,CE,Federal Contract Tower,0,12,17,0,29,0,13,24,14,51,0,25,41,14,80,30,0,30,110
11/30/2009,MGW,WV,AEA,CE,Federal Contract Tower,0,15,8,6,29,0,2,1,0,3,0,17,9,6,32,0,0,0,32
12/01/2009,MGW,WV,AEA,CE,Federal Contract Tower,0,25,5,0,30,0,19,24,6,49,0,44,29,6,79,36,0,36,115
12/02/2009,MGW,WV,AEA,CE,Federal Contract Tower,0,18,16,0,34,0,4,5,0,9,0,22,21,0,43,6,0,6,49
12/03/2009,MGW,WV,AEA,CE,Federal Contract Tower,0,13,3,0,16,0,0,0,0,0,0,13,3,0,16,0,0,0,16
12/04/2009,MGW,WV,AEA,CE,Federal Contract Tower,0,11,13,2,26,0,8,17,12,37,0,19,30,14,63,84,6,90,153
12/05/2009,MGW,WV,AEA,CE,Federal Contract Tower,0,11,4,0,15,0,0,0,0,0,0,11,4,0,15,0,0,0,15
12/06/2009,MGW,WV,AEA,CE,Federal Contract Tower,0,8,26,2,36,0,15,35,4,54,0,23,61,6,90,54,18,72,162
12/07/2009,MGW,WV,AEA,CE,Federal Contract Tower,0,21,2,2,25,0,0,13,0,13,0,21,15,2,38,0,0,0,38
12/08/2009,MGW,WV,AEA,CE,Federal Contract Tower,0,17,2,2,21,0,4,6,0,10,0,21,8,2,31,0,0,0,31
12/09/2009,MGW,WV,AEA,CE,Federal Contract Tower,0,11,1,0,12,0,23,2,0,25,0,34,3,0,37,0,0,0,37
12/10/2009,MGW,WV,AEA,CE,Federal Contract Tower,0,12,17,0,29,0,3,5,0,8,0,15,22,0,37,6,0,6,43
12/11/2009,MGW,WV,AEA,CE,Federal Contract Tower,0,18,13,2,33,0,17,14,5,36,0,35,27,7,69,12,16,28,97
12/12/2009,MGW,WV,AEA,CE,Federal Contract Tower,0,17,15,0,32,0,14,55,7,76,0,31,70,7,108,86,0,86,194
12/13/2009,MGW,WV,AEA,CE,Federal Contract Tower,0,6,8,0,14,0,0,0,0,0,0,6,8,0,14,0,0,0,14
12/14/2009,MGW,WV,AEA,CE,Federal Contract Tower,0,11,12,0,23,0,5,17,4,26,0,16,29,4,49,38,0,38,87
12/15/2009,MGW,WV,AEA,CE,Federal Contract Tower,0,18,12,2,32,0,3,6,7,16,0,21,18,9,48,16,14,30,78
12/16/2009,MGW,WV,AEA,CE,Federal Contract Tower,0,11,5,0,16,0,10,23,0,33,0,21,28,0,49,42,0,42,91
12/17/2009,MGW,WV,AEA,CE,Federal Contract Tower,0,12,25,0,37,0,21,42,0,63,0,33,67,0,100,46,0,46,146
12/18/2009,MGW,WV,AEA,CE,Federal Contract Tower,0,14,9,0,23,0,4,15,0,19,0,18,24,0,42,30,0,30,72
12/19/2009,MGW,WV,AEA,CE,Federal Contract Tower,0,0,0,0,0,0,0,0,0,0,0,0,0,0,0,0,0,0,0
12/20/2009,MGW,WV,AEA,CE,Federal Contract Tower,0,6,4,0,10,0,10,9,0,19,0,16,13,0,29,0,0,0,29
12/21/2009,MGW,WV,AEA,CE,Federal Contract Tower,0,14,3,0,17,0,0,0,0,0,0,14,3,0,17,0,0,0,17
12/22/2009,MGW,WV,AEA,CE,Federal Contract Tower,0,8,9,0,17,0,0,0,0,0,0,8,9,0,17,0,0,0,17
12/23/2009,MGW,WV,AEA,CE,Federal Contract Tower,0,11,12,0,23,0,7,16,0,23,0,18,28,0,46,44,0,44,90
12/24/2009,MGW,WV,AEA,CE,Federal Contract Tower,0,9,8,0,17,0,31,20,0,51,0,40,28,0,68,30,0,30,98
12/25/2009,MGW,WV,AEA,CE,Federal Contract Tower,0,13,1,0,14,0,0,0,0,0,0,13,1,0,14,0,0,0,14
12/26/2009,MGW,WV,AEA,CE,Federal Contract Tower,0,11,6,0,17,0,13,9,0,22,0,24,15,0,39,0,0,0,39
12/27/2009,MGW,WV,AEA,CE,Federal Contract Tower,0,13,11,0,24,0,26,19,0,45,0,39,30,0,69,0,0,0,69
12/28/2009,MGW,WV,AEA,CE,Federal Contract Tower,0,11,4,0,15,0,8,0,0,8,0,19,4,0,23,0,0,0,23
12/29/2009,MGW,WV,AEA,CE,Federal Contract Tower,0,10,10,2,22,0,18,12,4,34,0,28,22,6,56,12,2,14,70
12/30/2009,MGW,WV,AEA,CE,Federal Contract Tower,0,14,6,0,20,0,14,16,2,32,0,28,22,2,52,68,8,76,128
12/31/2009,MGW,WV,AEA,CE,Federal Contract Tower,0,7,3,0,10,0,2,0,0,2,0,9,3,0,12,4,0,4,16
01/01/2010,MGW,WV,AEA,CE,Federal Contract Tower,0,14,4,0,18,0,0,0,0,0,0,14,4,0,18,0,0,0,18
01/02/2010,MGW,WV,AEA,CE,Federal Contract Tower,0,10,7,0,17,0,4,2,0,6,0,14,9,0,23,0,0,0,23
01/03/2010,MGW,WV,AEA,CE,Federal Contract Tower,0,8,3,0,11,0,4,0,0,4,0,12,3,0,15,0,0,0,15
01/04/2010,MGW,WV,AEA,CE,Federal Contract Tower,0,8,2,0,10,0,0,0,0,0,0,8,2,0,10,0,0,0,10
01/05/2010,MGW,WV,AEA,CE,Federal Contract Tower,0,11,1,0,12,0,0,0,0,0,0,11,1,0,12,0,0,0,12
01/06/2010,MGW,WV,AEA,CE,Federal Contract Tower,0,9,5,0,14,0,0,0,0,0,0,9,5,0,14,0,0,0,14
01/07/2010,MGW,WV,AEA,CE,Federal Contract Tower,0,10,7,2,19,0,4,4,1,9,0,14,11,3,28,0,2,2,30
01/08/2010,MGW,WV,AEA,CE,Federal Contract Tower,0,15,4,2,21,0,2,0,0,2,0,17,4,2,23,30,0,30,53
01/09/2010,MGW,WV,AEA,CE,Federal Contract Tower,0,12,2,0,14,0,0,0,0,0,0,12,2,0,14,0,0,0,14
01/10/2010,MGW,WV,AEA,CE,Federal Contract Tower,0,11,7,2,20,0,30,7,0,37,0,41,14,2,57,0,0,0,57
01/11/2010,MGW,WV,AEA,CE,Federal Contract Tower,0,14,7,0,21,0,11,7,8,26,0,25,14,8,47,32,4,36,83
01/12/2010,MGW,WV,AEA,CE,Federal Contract Tower,0,18,4,0,22,0,7,1,0,8,0,25,5,0,30,44,0,44,74
01/13/2010,MGW,WV,AEA,CE,Federal Contract Tower,0,16,13,6,35,0,14,13,0,27,0,30,26,6,62,10,2,12,74
01/14/2010,MGW,WV,AEA,CE,Federal Contract Tower,0,11,18,11,40,0,4,55,12,71,0,15,73,23,111,44,22,66,177
01/15/2010,MGW,WV,AEA,CE,Federal Contract Tower,0,16,24,17,57,0,10,9,0,19,0,26,33,17,76,34,4,38,114
01/16/2010,MGW,WV,AEA,CE,Federal Contract Tower,0,8,10,0,18,0,16,37,0,53,0,24,47,0,71,60,0,60,131
01/17/2010,MGW,WV,AEA,CE,Federal Contract Tower,0,8,4,0,12,0,0,4,0,4,0,8,8,0,16,10,0,10,26
01/18/2010,MGW,WV,AEA,CE,Federal Contract Tower,0,12,14,0,26,0,8,6,0,14,0,20,20,0,40,0,0,0,40
01/19/2010,MGW,WV,AEA,CE,Federal Contract Tower,0,11,18,33,62,0,2,0,0,2,0,13,18,33,64,4,6,10,74
01/20/2010,MGW,WV,AEA,CE,Federal Contract Tower,0,13,17,2,32,0,8,7,0,15,0,21,24,2,47,8,0,8,55
01/21/2010,MGW,WV,AEA,CE,Federal Contract Tower,0,13,16,16,45,0,8,11,2,21,0,21,27,18,66,42,0,42,108
01/22/2010,MGW,WV,AEA,CE,Federal Contract Tower,0,18,8,15,41,0,5,6,1,12,0,23,14,16,53,2,0,2,55
01/23/2010,MGW,WV,AEA,CE,Federal Contract Tower,0,14,23,0,37,0,12,45,0,57,0,26,68,0,94,96,0,96,190
01/24/2010,MGW,WV,AEA,CE,Federal Contract Tower,0,10,4,0,14,0,0,0,0,0,0,10,4,0,14,0,0,0,14
01/25/2010,MGW,WV,AEA,CE,Federal Contract Tower,0,8,10,6,24,0,9,10,10,29,0,17,20,16,53,0,0,0,53
01/26/2010,MGW,WV,AEA,CE,Federal Contract Tower,0,12,10,0,22,0,12,4,4,20,0,24,14,4,42,10,0,10,52
01/27/2010,MGW,WV,AEA,CE,Federal Contract Tower,0,11,10,0,21,0,8,19,4,31,0,19,29,4,52,34,6,40,92
01/28/2010,MGW,WV,AEA,CE,Federal Contract Tower,0,9,6,0,15,0,13,5,6,24,0,22,11,6,39,0,0,0,39
01/29/2010,MGW,WV,AEA,CE,Federal Contract Tower,0,25,13,20,58,0,10,26,10,46,0,35,39,30,104,38,62,100,204
01/30/2010,MGW,WV,AEA,CE,Federal Contract Tower,0,11,6,0,17,0,13,8,0,21,0,24,14,0,38,0,0,0,38
01/31/2010,MGW,WV,AEA,CE,Federal Contract Tower,0,12,9,17,38,0,27,21,6,54,0,39,30,23,92,44,4,48,140
02/01/2010,MGW,WV,AEA,CE,Federal Contract Tower,0,19,22,30,71,0,35,26,20,81,0,54,48,50,152,86,6,92,244
02/02/2010,MGW,WV,AEA,CE,Federal Contract Tower,0,19,10,20,49,0,5,14,14,33,0,24,24,34,82,56,12,68,150
02/03/2010,MGW,WV,AEA,CE,Federal Contract Tower,0,11,16,10,37,0,2,5,0,7,0,13,21,10,44,0,6,6,50
02/04/2010,MGW,WV,AEA,CE,Federal Contract Tower,0,18,15,7,40,0,25,31,4,60,0,43,46,11,100,96,26,122,222
02/05/2010,MGW,WV,AEA,CE,Federal Contract Tower,0,10,6,0,16,0,0,0,0,0,0,10,6,0,16,0,0,0,16
02/06/2010,MGW,WV,AEA,CE,Federal Contract Tower,0,0,0,0,0,0,4,0,0,4,0,4,0,0,4,0,0,0,4
02/07/2010,MGW,WV,AEA,CE,Federal Contract Tower,1,10,1,0,12,0,4,7,0,11,1,14,8,0,23,0,0,0,23
02/08/2010,MGW,WV,AEA,CE,Federal Contract Tower,1,14,13,2,30,0,13,36,2,51,1,27,49,4,81,108,0,108,189
02/09/2010,MGW,WV,AEA,CE,Federal Contract Tower,0,10,0,4,14,0,0,0,0,0,0,10,0,4,14,0,4,4,18
02/10/2010,MGW,WV,AEA,CE,Federal Contract Tower,0,4,1,0,5,0,0,0,0,0,0,4,1,0,5,0,0,0,5
02/11/2010,MGW,WV,AEA,CE,Federal Contract Tower,0,10,9,0,19,0,10,9,0,19,0,20,18,0,38,0,0,0,38
02/12/2010,MGW,WV,AEA,CE,Federal Contract Tower,0,14,7,6,27,0,6,11,4,21,0,20,18,10,48,0,0,0,48
02/13/2010,MGW,WV,AEA,CE,Federal Contract Tower,0,10,7,0,17,0,5,6,0,11,0,15,13,0,28,8,0,8,36
02/14/2010,MGW,WV,AEA,CE,Federal Contract Tower,0,12,12,0,24,0,14,5,0,19,0,26,17,0,43,0,0,0,43
02/15/2010,MGW,WV,AEA,CE,Federal Contract Tower,0,10,5,0,15,0,0,0,0,0,0,10,5,0,15,0,0,0,15
02/16/2010,MGW,WV,AEA,CE,Federal Contract Tower,0,13,3,0,16,0,0,0,0,0,0,13,3,0,16,0,0,0,16
02/17/2010,MGW,WV,AEA,CE,Federal Contract Tower,0,9,7,0,16,0,0,0,0,0,0,9,7,0,16,0,0,0,16
02/18/2010,MGW,WV,AEA,CE,Federal Contract Tower,0,11,9,0,20,0,0,0,0,0,0,11,9,0,20,0,0,0,20
02/19/2010,MGW,WV,AEA,CE,Federal Contract Tower,0,21,13,0,34,0,10,23,0,33,0,31,36,0,67,0,0,0,67
02/20/2010,MGW,WV,AEA,CE,Federal Contract Tower,0,10,10,0,20,0,9,38,2,49,0,19,48,2,69,90,18,108,177
02/21/2010,MGW,WV,AEA,CE,Federal Contract Tower,0,10,4,0,14,0,15,20,4,39,0,25,24,4,53,26,0,26,79
02/22/2010,MGW,WV,AEA,CE,Federal Contract Tower,0,13,8,0,21,0,8,0,0,8,0,21,8,0,29,0,0,0,29
02/23/2010,MGW,WV,AEA,CE,Federal Contract Tower,0,16,9,0,25,0,0,0,0,0,0,16,9,0,25,0,0,0,25
02/24/2010,MGW,WV,AEA,CE,Federal Contract Tower,0,17,30,2,49,0,24,17,1,42,0,41,47,3,91,60,0,60,151
02/25/2010,MGW,WV,AEA,CE,Federal Contract Tower,0,11,5,0,16,0,0,0,0,0,0,11,5,0,16,0,0,0,16
02/26/2010,MGW,WV,AEA,CE,Federal Contract Tower,0,11,2,0,13,0,0,0,0,0,0,11,2,0,13,0,0,0,13
02/27/2010,MGW,WV,AEA,CE,Federal Contract Tower,0,9,2,0,11,0,0,0,0,0,0,9,2,0,11,0,0,0,11
02/28/2010,MGW,WV,AEA,CE,Federal Contract Tower,0,10,5,0,15,0,17,7,0,24,0,27,12,0,39,0,0,0,39
03/01/2010,MGW,WV,AEA,CE,Federal Contract Tower,0,15,19,5,39,0,15,33,2,50,0,30,52,7,89,88,0,88,177
03/02/2010,MGW,WV,AEA,CE,Federal Contract Tower,0,17,5,3,25,0,16,22,8,46,0,33,27,11,71,36,34,70,141
03/03/2010,MGW,WV,AEA,CE,Federal Contract Tower,0,21,7,0,28,0,4,4,0,8,0,25,11,0,36,0,0,0,36
03/04/2010,MGW,WV,AEA,CE,Federal Contract Tower,0,15,36,1,52,0,20,37,14,71,0,35,73,15,123,52,0,52,175
03/05/2010,MGW,WV,AEA,CE,Federal Contract Tower,0,17,25,14,56,0,43,31,14,88,0,60,56,28,144,10,8,18,162
03/06/2010,MGW,WV,AEA,CE,Federal Contract Tower,0,11,28,0,39,0,40,58,0,98,0,51,86,0,137,112,0,112,249
03/07/2010,MGW,WV,AEA,CE,Federal Contract Tower,0,10,45,5,60,0,35,48,4,87,0,45,93,9,147,98,0,98,245
03/08/2010,MGW,WV,AEA,CE,Federal Contract Tower,0,18,15,8,41,0,33,53,1,87,0,51,68,9,128,70,0,70,198
03/09/2010,MGW,WV,AEA,CE,Federal Contract Tower,0,13,29,14,56,0,18,41,14,73,0,31,70,28,129,160,42,202,331
03/10/2010,MGW,WV,AEA,CE,Federal Contract Tower,0,14,20,5,39,0,10,33,10,53,0,24,53,15,92,124,12,136,228
03/11/2010,MGW,WV,AEA,CE,Federal Contract Tower,0,15,13,6,34,0,14,27,2,43,0,29,40,8,77,62,4,66,143
03/12/2010,MGW,WV,AEA,CE,Federal Contract Tower,0,12,11,2,25,0,14,5,8,27,0,26,16,10,52,14,0,14,66
03/13/2010,MGW,WV,AEA,CE,Federal Contract Tower,0,12,6,0,18,0,0,0,0,0,0,12,6,0,18,0,0,0,18
03/14/2010,MGW,WV,AEA,CE,Federal Contract Tower,0,10,16,0,26,0,11,4,0,15,0,21,20,0,41,0,0,0,41
03/15/2010,MGW,WV,AEA,CE,Federal Contract Tower,0,8,5,2,15,0,8,4,0,12,0,16,9,2,27,0,0,0,27
03/16/2010,MGW,WV,AEA,CE,Federal Contract Tower,0,15,5,4,24,0,17,30,12,59,0,32,35,16,83,68,0,68,151
03/17/2010,MGW,WV,AEA,CE,Federal Contract Tower,0,10,8,3,21,0,18,42,3,63,0,28,50,6,84,94,6,100,184
03/18/2010,MGW,WV,AEA,CE,Federal Contract Tower,0,10,18,4,32,0,25,51,3,79,0,35,69,7,111,110,6,116,227
03/19/2010,MGW,WV,AEA,CE,Federal Contract Tower,0,13,20,1,34,0,43,37,2,82,0,56,57,3,116,40,0,40,156
03/20/2010,MGW,WV,AEA,CE,Federal Contract Tower,0,14,14,2,30,0,18,44,0,62,0,32,58,2,92,76,0,76,168
03/21/2010,MGW,WV,AEA,CE,Federal Contract Tower,0,12,22,0,34,0,40,28,0,68,0,52,50,0,102,38,0,38,140
03/22/2010,MGW,WV,AEA,CE,Federal Contract Tower,0,6,9,2,17,0,12,15,0,27,0,18,24,2,44,2,0,2,46
03/23/2010,MGW,WV,AEA,CE,Federal Contract Tower,0,14,12,2,28,0,0,0,0,0,0,14,12,2,28,0,2,2,30
03/24/2010,MGW,WV,AEA,CE,Federal Contract Tower,0,13,5,4,22,0,12,21,4,37,0,25,26,8,59,86,0,86,145
03/25/2010,MGW,WV,AEA,CE,Federal Contract Tower,0,14,37,12,63,0,15,31,0,46,0,29,68,12,109,36,0,36,145
03/26/2010,MGW,WV,AEA,CE,Federal Contract Tower,0,17,8,4,29,0,19,28,0,47,0,36,36,4,76,0,0,0,76
03/27/2010,MGW,WV,AEA,CE,Federal Contract Tower,0,12,17,0,29,0,17,51,0,68,0,29,68,0,97,26,0,26,123
03/28/2010,MGW,WV,AEA,CE,Federal Contract Tower,0,8,9,0,17,0,4,6,0,10,0,12,15,0,27,14,0,14,41
03/29/2010,MGW,WV,AEA,CE,Federal Contract Tower,0,8,13,7,28,0,17,3,4,24,0,25,16,11,52,0,0,0,52
03/30/2010,MGW,WV,AEA,CE,Federal Contract Tower,0,11,15,4,30,0,26,16,2,44,0,37,31,6,74,36,0,36,110
03/31/2010,MGW,WV,AEA,CE,Federal Contract Tower,0,11,24,7,42,0,26,44,8,78,0,37,68,15,120,166,4,170,290
04/01/2010,MGW,WV,AEA,CE,Federal Contract Tower,0,12,2,2,16,0,35,40,0,75,0,47,42,2,91,64,2,66,157
04/02/2010,MGW,WV,AEA,CE,Federal Contract Tower,0,12,15,7,34,0,29,61,4,94,0,41,76,11,128,30,0,30,158
04/03/2010,MGW,WV,AEA,CE,Federal Contract Tower,0,8,12,0,20,0,22,11,0,33,0,30,23,0,53,18,0,18,71
04/04/2010,MGW,WV,AEA,CE,Federal Contract Tower,0,12,7,0,19,0,21,16,10,47,0,33,23,10,66,10,4,14,80
04/05/2010,MGW,WV,AEA,CE,Federal Contract Tower,4,10,9,0,23,0,48,20,0,68,4,58,29,0,91,64,0,64,155
04/06/2010,MGW,WV,AEA,CE,Federal Contract Tower,0,14,5,6,25,0,30,24,0,54,0,44,29,6,79,48,0,48,127
04/07/2010,MGW,WV,AEA,CE,Federal Contract Tower,0,13,21,0,34,0,20,52,2,74,0,33,73,2,108,90,0,90,198
04/08/2010,MGW,WV,AEA,CE,Federal Contract Tower,0,14,9,4,27,0,3,19,4,26,0,17,28,8,53,106,2,108,161
04/09/2010,MGW,WV,AEA,CE,Federal Contract Tower,0,14,20,4,38,0,16,33,10,59,0,30,53,14,97,188,0,188,285
04/10/2010,MGW,WV,AEA,CE,Federal Contract Tower,0,10,16,0,26,0,30,88,0,118,0,40,104,0,144,214,0,214,358
04/11/2010,MGW,WV,AEA,CE,Federal Contract Tower,0,13,9,4,26,0,58,60,2,120,0,71,69,6,146,150,0,150,296
04/12/2010,MGW,WV,AEA,CE,Federal Contract Tower,0,17,14,6,37,0,31,64,4,99,0,48,78,10,136,136,0,136,272
04/13/2010,MGW,WV,AEA,CE,Federal Contract Tower,0,13,22,9,44,0,22,32,0,54,0,35,54,9,98,38,6,44,142
04/14/2010,MGW,WV,AEA,CE,Federal Contract Tower,0,19,16,10,45,0,26,47,2,75,0,45,63,12,120,130,4,134,254
04/15/2010,MGW,WV,AEA,CE,Federal Contract Tower,0,24,18,15,57,0,36,49,0,85,0,60,67,15,142,98,14,112,254
04/16/2010,MGW,WV,AEA,CE,Federal Contract Tower,0,15,33,4,52,0,21,37,2,60,0,36,70,6,112,34,4,38,150
04/17/2010,MGW,WV,AEA,CE,Federal Contract Tower,0,14,14,0,28,0,16,25,2,43,0,30,39,2,71,0,0,0,71
04/18/2010,MGW,WV,AEA,CE,Federal Contract Tower,0,12,24,0,36,0,24,32,0,56,0,36,56,0,92,26,0,26,118
04/19/2010,MGW,WV,AEA,CE,Federal Contract Tower,0,12,24,0,36,0,18,43,0,61,0,30,67,0,97,88,0,88,185
04/20/2010,MGW,WV,AEA,CE,Federal Contract Tower,0,12,13,5,30,0,17,29,4,50,0,29,42,9,80,70,2,72,152
04/21/2010,MGW,WV,AEA,CE,Federal Contract Tower,0,12,28,4,44,0,34,44,6,84,0,46,72,10,128,70,0,70,198
04/22/2010,MGW,WV,AEA,CE,Federal Contract Tower,0,9,18,8,35,0,17,31,2,50,0,26,49,10,85,70,2,72,157
04/23/2010,MGW,WV,AEA,CE,Federal Contract Tower,0,20,19,9,48,0,24,31,0,55,0,44,50,9,103,128,8,136,239
04/24/2010,MGW,WV,AEA,CE,Federal Contract Tower,0,10,10,8,28,0,8,8,2,18,0,18,18,10,46,36,6,42,88
04/25/2010,MGW,WV,AEA,CE,Federal Contract Tower,0,8,2,0,10,0,36,20,0,56,0,44,22,0,66,6,0,6,72
04/26/2010,MGW,WV,AEA,CE,Federal Contract Tower,0,13,8,0,21,0,0,0,0,0,0,13,8,0,21,0,0,0,21
04/27/2010,MGW,WV,AEA,CE,Federal Contract Tower,0,13,10,2,25,0,31,17,2,50,0,44,27,4,75,32,2,34,109
04/28/2010,MGW,WV,AEA,CE,Federal Contract Tower,0,12,18,3,33,0,15,42,8,65,0,27,60,11,98,90,26,116,214
04/29/2010,MGW,WV,AEA,CE,Federal Contract Tower,0,13,18,0,31,0,16,52,6,74,0,29,70,6,105,110,0,110,215
04/30/2010,MGW,WV,AEA,CE,Federal Contract Tower,0,16,24,3,43,0,42,47,3,92,0,58,71,6,135,168,0,168,303
05/01/2010,MGW,WV,AEA,CE,Federal Contract Tower,0,10,12,0,22,0,37,14,4,55,0,47,26,4,77,2,0,2,79
05/02/2010,MGW,WV,AEA,CE,Federal Contract Tower,0,8,7,2,17,0,8,1,0,9,0,16,8,2,26,10,0,10,36
05/03/2010,MGW,WV,AEA,CE,Federal Contract Tower,0,10,5,0,15,0,42,26,2,70,0,52,31,2,85,60,0,60,145
05/04/2010,MGW,WV,AEA,CE,Federal Contract Tower,0,12,19,1,32,0,15,34,8,57,0,27,53,9,89,80,0,80,169
05/05/2010,MGW,WV,AEA,CE,Federal Contract Tower,0,11,4,4,19,0,35,39,4,78,0,46,43,8,97,112,0,112,209
05/06/2010,MGW,WV,AEA,CE,Federal Contract Tower,0,12,7,12,31,0,52,30,9,91,0,64,37,21,122,86,0,86,208
05/07/2010,MGW,WV,AEA,CE,Federal Contract Tower,0,10,7,4,21,0,38,38,0,76,0,48,45,4,97,68,2,70,167
05/08/2010,MGW,WV,AEA,CE,Federal Contract Tower,0,14,0,0,14,0,26,3,2,31,0,40,3,2,45,0,0,0,45
05/09/2010,MGW,WV,AEA,CE,Federal Contract Tower,0,8,11,0,19,0,18,13,0,31,0,26,24,0,50,0,0,0,50
05/10/2010,MGW,WV,AEA,CE,Federal Contract Tower,0,8,14,6,28,0,25,47,2,74,0,33,61,8,102,56,0,56,158
05/11/2010,MGW,WV,AEA,CE,Federal Contract Tower,0,12,6,2,20,0,15,1,0,16,0,27,7,2,36,0,0,0,36
05/12/2010,MGW,WV,AEA,CE,Federal Contract Tower,0,9,14,7,30,0,0,10,0,10,0,9,24,7,40,40,0,40,80
05/13/2010,MGW,WV,AEA,CE,Federal Contract Tower,0,16,24,10,50,0,40,23,0,63,0,56,47,10,113,64,4,68,181
05/14/2010,MGW,WV,AEA,CE,Federal Contract Tower,0,13,19,6,38,0,19,10,7,36,0,32,29,13,74,0,0,0,74
05/15/2010,MGW,WV,AEA,CE,Federal Contract Tower,0,17,6,0,23,0,35,54,10,99,0,52,60,10,122,38,0,38,160
05/16/2010,MGW,WV,AEA,CE,Federal Contract Tower,0,11,31,0,42,0,23,35,2,60,0,34,66,2,102,10,0,10,112
05/17/2010,MGW,WV,AEA,CE,Federal Contract Tower,0,14,20,6,40,0,12,16,0,28,0,26,36,6,68,0,0,0,68
05/18/2010,MGW,WV,AEA,CE,Federal Contract Tower,0,15,13,0,28,0,4,6,0,10,0,19,19,0,38,0,0,0,38
05/19/2010,MGW,WV,AEA,CE,Federal Contract Tower,0,13,24,10,47,0,5,11,0,16,0,18,35,10,63,0,8,8,71
05/20/2010,MGW,WV,AEA,CE,Federal Contract Tower,0,13,30,16,59,0,49,30,68,147,0,62,60,84,206,150,0,150,356
05/21/2010,MGW,WV,AEA,CE,Federal Contract Tower,0,16,7,0,23,0,25,38,2,65,0,41,45,2,88,88,0,88,176
05/22/2010,MGW,WV,AEA,CE,Federal Contract Tower,0,7,11,0,18,0,24,6,0,30,0,31,17,0,48,0,0,0,48
05/23/2010,MGW,WV,AEA,CE,Federal Contract Tower,0,8,13,10,31,0,9,16,30,55,0,17,29,40,86,14,8,22,108
05/24/2010,MGW,WV,AEA,CE,Federal Contract Tower,0,15,9,6,30,0,44,34,13,91,0,59,43,19,121,102,4,106,227
05/25/2010,MGW,WV,AEA,CE,Federal Contract Tower,0,14,14,6,34,0,22,37,7,66,0,36,51,13,100,124,30,154,254
05/26/2010,MGW,WV,AEA,CE,Federal Contract Tower,0,16,9,6,31,0,18,31,0,49,0,34,40,6,80,54,8,62,142
05/27/2010,MGW,WV,AEA,CE,Federal Contract Tower,0,9,17,4,30,0,27,36,2,65,0,36,53,6,95,58,0,58,153
05/28/2010,MGW,WV,AEA,CE,Federal Contract Tower,0,16,22,2,40,0,21,16,9,46,0,37,38,11,86,42,32,74,160
05/29/2010,MGW,WV,AEA,CE,Federal Contract Tower,0,11,7,6,24,0,46,25,8,79,0,57,32,14,103,2,46,48,151
05/30/2010,MGW,WV,AEA,CE,Federal Contract Tower,0,9,15,0,24,0,42,44,12,98,0,51,59,12,122,40,90,130,252
05/31/2010,MGW,WV,AEA,CE,Federal Contract Tower,0,10,16,0,26,0,18,15,0,33,0,28,31,0,59,32,0,32,91
06/01/2010,MGW,WV,AEA,CE,Federal Contract Tower,0,18,12,4,34,0,16,20,15,51,0,34,32,19,85,26,26,52,137
06/02/2010,MGW,WV,AEA,CE,Federal Contract Tower,0,8,10,2,20,0,13,33,0,46,0,21,43,2,66,158,2,160,226
06/03/2010,MGW,WV,AEA,CE,Federal Contract Tower,0,14,14,2,30,0,15,32,12,59,0,29,46,14,89,156,0,156,245
06/04/2010,MGW,WV,AEA,CE,Federal Contract Tower,0,12,11,16,39,0,30,36,2,68,0,42,47,18,107,114,14,128,235
06/05/2010,MGW,WV,AEA,CE,Federal Contract Tower,0,8,10,0,18,0,0,4,0,4,0,8,14,0,22,0,0,0,22
06/06/2010,MGW,WV,AEA,CE,Federal Contract Tower,0,8,5,2,15,0,10,8,0,18,0,18,13,2,33,0,0,0,33
06/07/2010,MGW,WV,AEA,CE,Federal Contract Tower,0,12,44,5,61,0,15,52,0,67,0,27,96,5,128,56,4,60,188
06/08/2010,MGW,WV,AEA,CE,Federal Contract Tower,0,13,27,5,45,0,26,47,14,87,0,39,74,19,132,116,34,150,282
06/09/2010,MGW,WV,AEA,CE,Federal Contract Tower,0,11,15,0,26,0,1,3,0,4,0,12,18,0,30,0,0,0,30
06/10/2010,MGW,WV,AEA,CE,Federal Contract Tower,0,13,20,5,38,0,35,26,2,63,0,48,46,7,101,28,2,30,131
06/11/2010,MGW,WV,AEA,CE,Federal Contract Tower,0,12,25,0,37,0,21,44,0,65,0,33,69,0,102,94,0,94,196
06/12/2010,MGW,WV,AEA,CE,Federal Contract Tower,0,12,7,0,19,0,10,23,0,33,0,22,30,0,52,32,0,32,84
06/13/2010,MGW,WV,AEA,CE,Federal Contract Tower,0,12,5,0,17,0,26,18,0,44,0,38,23,0,61,62,0,62,123
06/14/2010,MGW,WV,AEA,CE,Federal Contract Tower,0,10,6,0,16,0,27,1,0,28,0,37,7,0,44,0,0,0,44
06/15/2010,MGW,WV,AEA,CE,Federal Contract Tower,0,11,15,9,35,0,11,10,1,22,0,22,25,10,57,24,6,30,87
06/16/2010,MGW,WV,AEA,CE,Federal Contract Tower,0,15,9,0,24,0,6,14,6,26,0,21,23,6,50,46,6,52,102
06/17/2010,MGW,WV,AEA,CE,Federal Contract Tower,0,12,18,8,38,0,22,39,0,61,0,34,57,8,99,32,0,32,131
06/18/2010,MGW,WV,AEA,CE,Federal Contract Tower,0,16,20,6,42,0,44,52,1,97,0,60,72,7,139,58,2,60,199
06/19/2010,MGW,WV,AEA,CE,Federal Contract Tower,0,11,20,0,31,0,24,32,0,56,0,35,52,0,87,66,0,66,153
06/20/2010,MGW,WV,AEA,CE,Federal Contract Tower,0,11,12,0,23,0,29,34,0,63,0,40,46,0,86,70,0,70,156
06/21/2010,MGW,WV,AEA,CE,Federal Contract Tower,0,8,8,0,16,0,33,40,0,73,0,41,48,0,89,50,0,50,139
06/22/2010,MGW,WV,AEA,CE,Federal Contract Tower,0,12,8,2,22,0,22,15,0,37,0,34,23,2,59,14,2,16,75
06/23/2010,MGW,WV,AEA,CE,Federal Contract Tower,0,19,22,2,43,0,21,11,2,34,0,40,33,4,77,22,0,22,99
06/24/2010,MGW,WV,AEA,CE,Federal Contract Tower,0,9,10,2,21,0,8,12,0,20,0,17,22,2,41,40,2,42,83
06/25/2010,MGW,WV,AEA,CE,Federal Contract Tower,0,10,11,1,22,0,21,49,0,70,0,31,60,1,92,80,0,80,172
06/26/2010,MGW,WV,AEA,CE,Federal Contract Tower,0,12,13,1,26,0,38,17,1,56,0,50,30,2,82,38,0,38,120
06/27/2010,MGW,WV,AEA,CE,Federal Contract Tower,0,14,9,0,23,0,39,12,4,55,0,53,21,4,78,0,0,0,78
06/28/2010,MGW,WV,AEA,CE,Federal Contract Tower,0,8,8,0,16,0,38,9,4,51,0,46,17,4,67,0,0,0,67
06/29/2010,MGW,WV,AEA,CE,Federal Contract Tower,0,18,9,0,27,0,28,38,2,68,0,46,47,2,95,78,0,78,173
06/30/2010,MGW,WV,AEA,CE,Federal Contract Tower,0,12,21,4,37,0,56,31,0,87,0,68,52,4,124,92,0,92,216
07/01/2010,MGW,WV,AEA,CE,Federal Contract Tower,0,13,24,2,39,0,30,70,2,102,0,43,94,4,141,198,0,198,339
07/02/2010,MGW,WV,AEA,CE,Federal Contract Tower,0,15,8,0,23,0,24,26,0,50,0,39,34,0,73,26,0,26,99
07/03/2010,MGW,WV,AEA,CE,Federal Contract Tower,0,10,14,0,24,0,37,35,0,72,0,47,49,0,96,42,0,42,138
07/04/2010,MGW,WV,AEA,CE,Federal Contract Tower,0,6,4,0,10,0,27,34,0,61,0,33,38,0,71,82,0,82,153
07/05/2010,MGW,WV,AEA,CE,Federal Contract Tower,0,13,10,0,23,0,21,26,0,47,0,34,36,0,70,26,0,26,96
07/06/2010,MGW,WV,AEA,CE,Federal Contract Tower,0,13,8,0,21,0,12,24,0,36,0,25,32,0,57,52,0,52,109
07/07/2010,MGW,WV,AEA,CE,Federal Contract Tower,0,12,19,3,34,0,15,29,0,44,0,27,48,3,78,72,2,74,152
07/08/2010,MGW,WV,AEA,CE,Federal Contract Tower,0,10,14,6,30,0,12,27,0,39,0,22,41,6,69,54,2,56,125
07/09/2010,MGW,WV,AEA,CE,Federal Contract Tower,0,13,15,25,53,0,2,11,0,13,0,15,26,25,66,18,8,26,92
07/10/2010,MGW,WV,AEA,CE,Federal Contract Tower,0,7,16,0,23,0,36,37,0,73,0,43,53,0,96,56,0,56,152
07/11/2010,MGW,WV,AEA,CE,Federal Contract Tower,0,13,11,2,26,0,19,55,6,80,0,32,66,8,106,114,0,114,220
07/12/2010,MGW,WV,AEA,CE,Federal Contract Tower,0,12,9,0,21,0,19,20,0,39,0,31,29,0,60,94,0,94,154
07/13/2010,MGW,WV,AEA,CE,Federal Contract Tower,0,12,8,0,20,0,7,16,0,23,0,19,24,0,43,58,0,58,101
07/14/2010,MGW,WV,AEA,CE,Federal Contract Tower,0,18,31,12,61,0,12,19,0,31,0,30,50,12,92,58,0,58,150
07/15/2010,MGW,WV,AEA,CE,Federal Contract Tower,0,17,18,2,37,0,29,20,0,49,0,46,38,2,86,42,2,44,130
07/16/2010,MGW,WV,AEA,CE,Federal Contract Tower,0,10,12,2,24,0,16,18,12,46,0,26,30,14,70,24,0,24,94
07/17/2010,MGW,WV,AEA,CE,Federal Contract Tower,0,12,11,2,25,0,38,9,7,54,0,50,20,9,79,14,0,14,93
07/18/2010,MGW,WV,AEA,CE,Federal Contract Tower,0,16,10,3,29,0,10,11,1,22,0,26,21,4,51,14,0,14,65
07/19/2010,MGW,WV,AEA,CE,Federal Contract Tower,0,8,12,2,22,0,38,32,4,74,0,46,44,6,96,56,0,56,152
07/20/2010,MGW,WV,AEA,CE,Federal Contract Tower,0,13,10,2,25,0,23,22,3,48,0,36,32,5,73,50,0,50,123
07/21/2010,MGW,WV,AEA,CE,Federal Contract Tower,0,13,6,2,21,0,6,4,4,14,0,19,10,6,35,12,0,12,47
07/22/2010,MGW,WV,AEA,CE,Federal Contract Tower,0,9,26,0,35,0,4,35,4,43,0,13,61,4,78,104,0,104,182
07/23/2010,MGW,WV,AEA,CE,Federal Contract Tower,0,18,11,2,31,0,40,20,0,60,0,58,31,2,91,6,0,6,97
07/24/2010,MGW,WV,AEA,CE,Federal Contract Tower,0,13,18,0,31,0,6,38,0,44,0,19,56,0,75,34,0,34,109
07/25/2010,MGW,WV,AEA,CE,Federal Contract Tower,0,18,13,0,31,0,18,38,2,58,0,36,51,2,89,24,0,24,113
07/26/2010,MGW,WV,AEA,CE,Federal Contract Tower,0,12,10,0,22,0,21,35,1,57,0,33,45,1,79,50,0,50,129
07/27/2010,MGW,WV,AEA,CE,Federal Contract Tower,0,9,19,7,35,0,21,47,3,71,0,30,66,10,106,74,8,82,188
07/28/2010,MGW,WV,AEA,CE,Federal Contract Tower,0,12,10,4,26,0,14,28,6,48,0,26,38,10,74,20,0,20,94
07/29/2010,MGW,WV,AEA,CE,Federal Contract Tower,0,13,23,2,38,0,13,11,3,27,0,26,34,5,65,60,24,84,149
07/30/2010,MGW,WV,AEA,CE,Federal Contract Tower,0,18,12,6,36,0,9,44,8,61,0,27,56,14,97,66,4,70,167
07/31/2010,MGW,WV,AEA,CE,Federal Contract Tower,0,14,11,0,25,0,15,28,13,56,0,29,39,13,81,42,0,42,123
08/01/2010,MGW,WV,AEA,CE,Federal Contract Tower,0,11,13,0,24,0,10,38,0,48,0,21,51,0,72,74,0,74,146
08/02/2010,MGW,WV,AEA,CE,Federal Contract Tower,0,8,16,13,37,0,8,43,0,51,0,16,59,13,88,102,0,102,190
08/03/2010,MGW,WV,AEA,CE,Federal Contract Tower,0,13,14,13,40,0,19,8,2,29,0,32,22,15,69,32,2,34,103
08/04/2010,MGW,WV,AEA,CE,Federal Contract Tower,0,14,19,0,33,0,4,9,0,13,0,18,28,0,46,2,0,2,48
08/05/2010,MGW,WV,AEA,CE,Federal Contract Tower,0,21,19,0,40,0,27,23,0,50,0,48,42,0,90,38,0,38,128
08/06/2010,MGW,WV,AEA,CE,Federal Contract Tower,0,13,15,2,30,0,48,29,9,86,0,61,44,11,116,56,0,56,172
08/07/2010,MGW,WV,AEA,CE,Federal Contract Tower,0,10,6,0,16,0,48,14,4,66,0,58,20,4,82,34,4,38,120
08/08/2010,MGW,WV,AEA,CE,Federal Contract Tower,0,8,11,2,21,0,27,22,0,49,0,35,33,2,70,46,0,46,116
08/09/2010,MGW,WV,AEA,CE,Federal Contract Tower,0,6,16,6,28,0,38,33,6,77,0,44,49,12,105,106,0,106,211
08/10/2010,MGW,WV,AEA,CE,Federal Contract Tower,0,16,22,0,38,0,26,21,0,47,0,42,43,0,85,50,0,50,135
08/11/2010,MGW,WV,AEA,CE,Federal Contract Tower,0,18,16,2,36,0,4,15,4,23,0,22,31,6,59,68,6,74,133
08/12/2010,MGW,WV,AEA,CE,Federal Contract Tower,0,16,9,12,37,0,2,4,0,6,0,18,13,12,43,0,8,8,51
08/13/2010,MGW,WV,AEA,CE,Federal Contract Tower,0,13,16,4,33,0,35,25,1,61,0,48,41,5,94,22,8,30,124
08/14/2010,MGW,WV,AEA,CE,Federal Contract Tower,0,8,2,0,10,0,15,23,0,38,0,23,25,0,48,34,0,34,82
08/15/2010,MGW,WV,AEA,CE,Federal Contract Tower,0,11,24,0,35,0,29,11,0,40,0,40,35,0,75,0,0,0,75
08/16/2010,MGW,WV,AEA,CE,Federal Contract Tower,0,9,32,7,48,0,33,23,4,60,0,42,55,11,108,38,0,38,146
08/17/2010,MGW,WV,AEA,CE,Federal Contract Tower,0,14,37,0,51,0,47,59,4,110,0,61,96,4,161,44,10,54,215
08/18/2010,MGW,WV,AEA,CE,Federal Contract Tower,0,13,5,10,28,0,6,11,0,17,0,19,16,10,45,20,8,28,73
08/19/2010,MGW,WV,AEA,CE,Federal Contract Tower,0,15,28,14,57,0,11,42,6,59,0,26,70,20,116,106,14,120,236
08/20/2010,MGW,WV,AEA,CE,Federal Contract Tower,0,16,20,17,53,0,7,40,4,51,0,23,60,21,104,40,32,72,176
08/21/2010,MGW,WV,AEA,CE,Federal Contract Tower,0,14,8,0,22,0,34,25,2,61,0,48,33,2,83,20,0,20,103
08/22/2010,MGW,WV,AEA,CE,Federal Contract Tower,0,10,10,0,20,0,14,13,0,27,0,24,23,0,47,4,0,4,51
08/23/2010,MGW,WV,AEA,CE,Federal Contract Tower,0,9,15,2,26,0,4,6,0,10,0,13,21,2,36,0,0,0,36
08/24/2010,MGW,WV,AEA,CE,Federal Contract Tower,0,13,13,4,30,0,14,26,2,42,0,27,39,6,72,88,90,178,250
08/25/2010,MGW,WV,AEA,CE,Federal Contract Tower,0,12,15,12,39,0,6,38,4,48,0,18,53,16,87,104,12,116,203
08/26/2010,MGW,WV,AEA,CE,Federal Contract Tower,0,12,25,4,41,0,15,49,4,68,0,27,74,8,109,136,12,148,257
08/27/2010,MGW,WV,AEA,CE,Federal Contract Tower,0,12,13,7,32,0,38,35,2,75,0,50,48,9,107,66,2,68,175
08/28/2010,MGW,WV,AEA,CE,Federal Contract Tower,0,8,15,0,23,0,46,41,0,87,0,54,56,0,110,72,0,72,182
08/29/2010,MGW,WV,AEA,CE,Federal Contract Tower,0,6,8,0,14,0,23,29,0,52,0,29,37,0,66,20,0,20,86
08/30/2010,MGW,WV,AEA,CE,Federal Contract Tower,0,19,15,2,36,0,20,65,0,85,0,39,80,2,121,88,0,88,209
08/31/2010,MGW,WV,AEA,CE,Federal Contract Tower,0,14,15,6,35,0,15,56,4,75,0,29,71,10,110,32,0,32,142
09/01/2010,MGW,WV,AEA,CE,Federal Contract Tower,0,15,15,2,32,0,4,22,0,26,0,19,37,2,58,58,0,58,116
09/02/2010,MGW,WV,AEA,CE,Federal Contract Tower,0,13,11,4,28,0,35,30,4,69,0,48,41,8,97,48,2,50,147
09/03/2010,MGW,WV,AEA,CE,Federal Contract Tower,0,21,15,6,42,0,27,7,3,37,0,48,22,9,79,10,0,10,89
09/04/2010,MGW,WV,AEA,CE,Federal Contract Tower,0,13,15,0,28,0,33,17,0,50,0,46,32,0,78,140,0,140,218
09/05/2010,MGW,WV,AEA,CE,Federal Contract Tower,0,8,4,0,12,0,29,23,0,52,0,37,27,0,64,42,0,42,106
09/06/2010,MGW,WV,AEA,CE,Federal Contract Tower,0,14,6,0,20,0,33,34,0,67,0,47,40,0,87,48,0,48,135
09/07/2010,MGW,WV,AEA,CE,Federal Contract Tower,0,19,12,4,35,0,26,22,0,48,0,45,34,4,83,50,0,50,133
09/08/2010,MGW,WV,AEA,CE,Federal Contract Tower,0,11,23,6,40,0,19,18,0,37,0,30,41,6,77,34,2,36,113
09/09/2010,MGW,WV,AEA,CE,Federal Contract Tower,0,19,4,13,36,0,16,24,8,48,0,35,28,21,84,52,16,68,152
09/10/2010,MGW,WV,AEA,CE,Federal Contract Tower,0,15,32,15,62,0,24,28,1,53,0,39,60,16,115,22,38,60,175
09/11/2010,MGW,WV,AEA,CE,Federal Contract Tower,0,11,8,0,19,0,24,27,0,51,0,35,35,0,70,22,0,22,92
09/12/2010,MGW,WV,AEA,CE,Federal Contract Tower,0,8,16,0,24,0,50,21,4,75,0,58,37,4,99,10,0,10,109
09/13/2010,MGW,WV,AEA,CE,Federal Contract Tower,0,16,24,2,42,0,35,29,4,68,0,51,53,6,110,22,0,22,132
09/14/2010,MGW,WV,AEA,CE,Federal Contract Tower,0,12,11,0,23,0,10,31,0,41,0,22,42,0,64,72,0,72,136
09/15/2010,MGW,WV,AEA,CE,Federal Contract Tower,0,10,11,0,21,0,18,32,2,52,0,28,43,2,73,96,0,96,169
09/16/2010,MGW,WV,AEA,CE,Federal Contract Tower,0,14,17,0,31,0,0,1,0,1,0,14,18,0,32,0,0,0,32
09/17/2010,MGW,WV,AEA,CE,Federal Contract Tower,0,15,24,4,43,0,44,45,6,95,0,59,69,10,138,84,2,86,224
09/18/2010,MGW,WV,AEA,CE,Federal Contract Tower,0,10,41,0,51,0,53,73,0,126,0,63,114,0,177,218,0,218,395
09/19/2010,MGW,WV,AEA,CE,Federal Contract Tower,0,8,14,0,22,0,36,38,0,74,0,44,52,0,96,72,0,72,168
09/20/2010,MGW,WV,AEA,CE,Federal Contract Tower,0,13,7,1,21,0,12,27,4,43,0,25,34,5,64,62,10,72,136
09/21/2010,MGW,WV,AEA,CE,Federal Contract Tower,0,10,13,3,26,0,23,39,12,74,0,33,52,15,100,78,2,80,180
09/22/2010,MGW,WV,AEA,CE,Federal Contract Tower,0,9,12,2,23,0,19,20,13,52,0,28,32,15,75,22,4,26,101
09/23/2010,MGW,WV,AEA,CE,Federal Contract Tower,0,10,17,6,33,0,19,38,4,61,0,29,55,10,94,110,6,116,210
09/24/2010,MGW,WV,AEA,CE,Federal Contract Tower,0,14,15,0,29,0,17,14,0,31,0,31,29,0,60,22,0,22,82
09/25/2010,MGW,WV,AEA,CE,Federal Contract Tower,0,8,6,0,14,0,18,26,0,44,0,26,32,0,58,20,0,20,78
09/26/2010,MGW,WV,AEA,CE,Federal Contract Tower,0,16,23,1,40,0,9,16,4,29,0,25,39,5,69,0,0,0,69
09/27/2010,MGW,WV,AEA,CE,Federal Contract Tower,0,8,7,2,17,0,13,5,0,18,0,21,12,2,35,10,0,10,45
09/28/2010,MGW,WV,AEA,CE,Federal Contract Tower,0,12,14,0,26,0,0,0,0,0,0,12,14,0,26,0,0,0,26
09/29/2010,MGW,WV,AEA,CE,Federal Contract Tower,0,11,21,2,34,0,24,39,0,63,0,35,60,2,97,160,2,162,259
09/30/2010,MGW,WV,AEA,CE,Federal Contract Tower,0,8,16,2,26,0,0,3,0,3,0,8,19,2,29,0,0,0,29
10/01/2010,MGW,WV,AEA,CE,Federal Contract Tower,0,13,22,0,35,0,21,35,0,56,0,34,57,0,91,56,0,56,147
10/02/2010,MGW,WV,AEA,CE,Federal Contract Tower,0,12,10,6,28,0,31,37,0,68,0,43,47,6,96,62,0,62,158
10/03/2010,MGW,WV,AEA,CE,Federal Contract Tower,0,8,22,2,32,0,6,1,0,7,0,14,23,2,39,0,2,2,41
10/04/2010,MGW,WV,AEA,CE,Federal Contract Tower,0,8,6,7,21,0,0,4,0,4,0,8,10,7,25,0,0,0,25
10/05/2010,MGW,WV,AEA,CE,Federal Contract Tower,0,9,6,13,28,0,0,6,3,9,0,9,12,16,37,36,4,40,77
10/06/2010,MGW,WV,AEA,CE,Federal Contract Tower,0,10,26,3,39,0,0,0,0,0,0,10,26,3,39,0,0,0,39
10/07/2010,MGW,WV,AEA,CE,Federal Contract Tower,0,18,13,5,36,0,18,51,3,72,0,36,64,8,108,70,0,70,178
10/08/2010,MGW,WV,AEA,CE,Federal Contract Tower,0,11,18,6,35,0,23,56,2,81,0,34,74,8,116,64,0,64,180
10/09/2010,MGW,WV,AEA,CE,Federal Contract Tower,0,10,31,0,41,0,23,65,0,88,0,33,96,0,129,178,0,178,307
10/10/2010,MGW,WV,AEA,CE,Federal Contract Tower,0,7,20,0,27,0,74,33,0,107,0,81,53,0,134,22,0,22,156
10/11/2010,MGW,WV,AEA,CE,Federal Contract Tower,0,12,28,1,41,0,25,31,1,57,0,37,59,2,98,26,0,26,124
10/12/2010,MGW,WV,AEA,CE,Federal Contract Tower,0,12,23,8,43,0,31,54,0,85,0,43,77,8,128,66,0,66,194
10/13/2010,MGW,WV,AEA,CE,Federal Contract Tower,0,5,10,5,20,0,18,48,7,73,0,23,58,12,93,96,0,96,189
10/14/2010,MGW,WV,AEA,CE,Federal Contract Tower,0,16,42,0,58,0,2,44,4,50,0,18,86,4,108,162,0,162,270
10/15/2010,MGW,WV,AEA,CE,Federal Contract Tower,0,10,17,0,27,0,18,32,3,53,0,28,49,3,80,12,0,12,92
10/16/2010,MGW,WV,AEA,CE,Federal Contract Tower,0,9,14,0,23,0,22,26,2,50,0,31,40,2,73,24,0,24,97
10/17/2010,MGW,WV,AEA,CE,Federal Contract Tower,0,11,14,0,25,0,52,46,8,106,0,63,60,8,131,52,0,52,183
10/18/2010,MGW,WV,AEA,CE,Federal Contract Tower,0,19,17,4,40,0,12,23,2,37,0,31,40,6,77,14,0,14,91
10/19/2010,MGW,WV,AEA,CE,Federal Contract Tower,0,19,8,0,27,0,10,34,2,46,0,29,42,2,73,68,0,68,141
10/20/2010,MGW,WV,AEA,CE,Federal Contract Tower,0,12,25,6,43,0,26,32,0,58,0,38,57,6,101,58,4,62,163
10/21/2010,MGW,WV,AEA,CE,Federal Contract Tower,0,15,33,11,59,0,14,29,7,50,0,29,62,18,109,54,18,72,181
10/22/2010,MGW,WV,AEA,CE,Federal Contract Tower,0,17,44,6,67,0,27,30,6,63,0,44,74,12,130,80,20,100,230
10/23/2010,MGW,WV,AEA,CE,Federal Contract Tower,0,11,24,0,35,0,49,69,0,118,0,60,93,0,153,216,0,216,369
10/24/2010,MGW,WV,AEA,CE,Federal Contract Tower,0,6,11,0,17,0,22,33,0,55,0,28,44,0,72,46,0,46,118
10/25/2010,MGW,WV,AEA,CE,Federal Contract Tower,0,10,11,4,25,0,6,4,0,10,0,16,15,4,35,0,0,0,35
10/26/2010,MGW,WV,AEA,CE,Federal Contract Tower,0,14,16,6,36,0,0,13,0,13,0,14,29,6,49,20,4,24,73
10/27/2010,MGW,WV,AEA,CE,Federal Contract Tower,0,9,17,5,31,0,6,21,1,28,0,15,38,6,59,36,0,36,95
10/28/2010,MGW,WV,AEA,CE,Federal Contract Tower,0,10,23,0,33,0,10,27,0,37,0,20,50,0,70,44,0,44,114
10/29/2010,MGW,WV,AEA,CE,Federal Contract Tower,0,14,23,0,37,0,38,24,0,62,0,52,47,0,99,36,0,36,135
10/30/2010,MGW,WV,AEA,CE,Federal Contract Tower,0,10,14,0,24,0,37,33,6,76,0,47,47,6,100,22,0,22,122
10/31/2010,MGW,WV,AEA,CE,Federal Contract Tower,0,11,31,0,42,0,26,24,0,50,0,37,55,0,92,40,0,40,132
11/01/2010,MGW,WV,AEA,CE,Federal Contract Tower,0,15,17,6,38,0,22,20,5,47,0,37,37,11,85,12,26,38,123
11/02/2010,MGW,WV,AEA,CE,Federal Contract Tower,0,19,10,3,32,0,36,30,19,85,0,55,40,22,117,62,36,98,215
11/03/2010,MGW,WV,AEA,CE,Federal Contract Tower,0,18,22,9,49,0,17,27,5,49,0,35,49,14,98,52,28,80,178
11/04/2010,MGW,WV,AEA,CE,Federal Contract Tower,0,13,7,0,20,0,0,0,0,0,0,13,7,0,20,0,0,0,20
11/05/2010,MGW,WV,AEA,CE,Federal Contract Tower,0,17,14,0,31,0,10,9,0,19,0,27,23,0,50,0,0,0,50
11/06/2010,MGW,WV,AEA,CE,Federal Contract Tower,0,12,3,0,15,0,2,0,0,2,0,14,3,0,17,0,0,0,17
11/07/2010,MGW,WV,AEA,CE,Federal Contract Tower,0,8,23,0,31,0,16,44,0,60,0,24,67,0,91,50,0,50,141
11/08/2010,MGW,WV,AEA,CE,Federal Contract Tower,0,13,29,3,45,0,47,31,1,79,0,60,60,4,124,48,8,56,180
11/09/2010,MGW,WV,AEA,CE,Federal Contract Tower,0,10,16,11,37,0,8,21,6,35,0,18,37,17,72,40,30,70,142
11/10/2010,MGW,WV,AEA,CE,Federal Contract Tower,0,12,20,2,34,0,17,38,6,61,0,29,58,8,95,52,0,52,147
11/11/2010,MGW,WV,AEA,CE,Federal Contract Tower,0,16,31,0,47,0,16,32,0,48,0,32,63,0,95,34,0,34,129
11/12/2010,MGW,WV,AEA,CE,Federal Contract Tower,0,12,22,0,34,0,19,35,4,58,0,31,57,4,92,72,4,76,168
11/13/2010,MGW,WV,AEA,CE,Federal Contract Tower,0,9,30,0,39,0,34,56,0,90,0,43,86,0,129,142,0,142,271
11/14/2010,MGW,WV,AEA,CE,Federal Contract Tower,0,8,28,2,38,0,8,20,0,28,0,16,48,2,66,32,0,32,98
11/15/2010,MGW,WV,AEA,CE,Federal Contract Tower,0,15,19,2,36,0,30,23,6,59,0,45,42,8,95,86,0,86,181
11/16/2010,MGW,WV,AEA,CE,Federal Contract Tower,0,15,14,0,29,0,17,0,0,17,0,32,14,0,46,4,0,4,50
11/17/2010,MGW,WV,AEA,CE,Federal Contract Tower,0,16,14,0,30,0,6,8,0,14,0,22,22,0,44,2,0,2,46
11/18/2010,MGW,WV,AEA,CE,Federal Contract Tower,0,16,16,10,42,0,14,6,3,23,0,30,22,13,65,48,4,52,117
11/19/2010,MGW,WV,AEA,CE,Federal Contract Tower,0,12,25,0,37,0,12,23,0,35,0,24,48,0,72,110,0,110,182
11/20/2010,MGW,WV,AEA,CE,Federal Contract Tower,0,10,9,0,19,0,17,27,2,46,0,27,36,2,65,104,0,104,169
11/21/2010,MGW,WV,AEA,CE,Federal Contract Tower,0,10,10,0,20,0,14,35,2,51,0,24,45,2,71,76,0,76,147
11/22/2010,MGW,WV,AEA,CE,Federal Contract Tower,0,12,10,0,22,0,35,18,0,53,0,47,28,0,75,6,0,6,81
11/23/2010,MGW,WV,AEA,CE,Federal Contract Tower,0,11,7,0,18,0,22,4,0,26,0,33,11,0,44,0,0,0,44
11/24/2010,MGW,WV,AEA,CE,Federal Contract Tower,0,13,21,0,34,0,24,13,2,39,0,37,34,2,73,22,0,22,95
11/25/2010,MGW,WV,AEA,CE,Federal Contract Tower,0,10,4,0,14,0,0,0,0,0,0,10,4,0,14,0,0,0,14
11/26/2010,MGW,WV,AEA,CE,Federal Contract Tower,0,12,3,0,15,0,26,5,0,31,0,38,8,0,46,0,0,0,46
11/27/2010,MGW,WV,AEA,CE,Federal Contract Tower,0,12,6,0,18,0,4,3,0,7,0,16,9,0,25,0,0,0,25
11/28/2010,MGW,WV,AEA,CE,Federal Contract Tower,0,6,21,0,27,0,6,28,0,34,0,12,49,0,61,48,0,48,109
11/29/2010,MGW,WV,AEA,CE,Federal Contract Tower,0,13,3,2,18,0,32,21,0,53,0,45,24,2,71,44,0,44,115
11/30/2010,MGW,WV,AEA,CE,Federal Contract Tower,0,10,6,0,16,0,4,0,0,4,0,14,6,0,20,0,0,0,20
12/01/2010,MGW,WV,AEA,CE,Federal Contract Tower,0,14,4,0,18,0,0,0,0,0,0,14,4,0,18,0,0,0,18
12/02/2010,MGW,WV,AEA,CE,Federal Contract Tower,0,14,11,4,29,0,8,11,0,19,0,22,22,4,48,0,2,2,50
12/03/2010,MGW,WV,AEA,CE,Federal Contract Tower,0,10,13,2,25,0,0,1,0,1,0,10,14,2,26,0,0,0,26
12/04/2010,MGW,WV,AEA,CE,Federal Contract Tower,0,10,20,0,30,0,0,17,0,17,0,10,37,0,47,108,0,108,155
12/05/2010,MGW,WV,AEA,CE,Federal Contract Tower,0,6,5,2,13,0,4,0,0,4,0,10,5,2,17,0,0,0,17
12/06/2010,MGW,WV,AEA,CE,Federal Contract Tower,0,18,4,0,22,0,0,0,0,0,0,18,4,0,22,0,0,0,22
12/07/2010,MGW,WV,AEA,CE,Federal Contract Tower,0,17,12,0,29,0,2,2,0,4,0,19,14,0,33,0,0,0,33
12/08/2010,MGW,WV,AEA,CE,Federal Contract Tower,0,16,7,0,23,0,5,25,0,30,0,21,32,0,53,28,0,28,81
12/09/2010,MGW,WV,AEA,CE,Federal Contract Tower,0,22,10,8,40,0,12,38,0,50,0,34,48,8,90,156,4,160,250
12/10/2010,MGW,WV,AEA,CE,Federal Contract Tower,0,10,11,4,25,0,20,18,4,42,0,30,29,8,67,82,6,88,155
12/11/2010,MGW,WV,AEA,CE,Federal Contract Tower,0,10,43,1,54,0,10,32,2,44,0,20,75,3,98,142,0,142,240
12/12/2010,MGW,WV,AEA,CE,Federal Contract Tower,0,8,12,0,20,0,0,0,0,0,0,8,12,0,20,0,0,0,20
12/13/2010,MGW,WV,AEA,CE,Federal Contract Tower,0,12,1,0,13,0,0,0,0,0,0,12,1,0,13,0,0,0,13
12/14/2010,MGW,WV,AEA,CE,Federal Contract Tower,0,19,10,0,29,0,8,3,0,11,0,27,13,0,40,0,0,0,40
12/15/2010,MGW,WV,AEA,CE,Federal Contract Tower,0,15,9,0,24,0,4,28,8,40,0,19,37,8,64,72,0,72,136
12/16/2010,MGW,WV,AEA,CE,Federal Contract Tower,0,9,12,0,21,0,4,0,0,4,0,13,12,0,25,0,0,0,25
12/17/2010,MGW,WV,AEA,CE,Federal Contract Tower,0,11,6,0,17,0,10,2,0,12,0,21,8,0,29,6,0,6,35
12/18/2010,MGW,WV,AEA,CE,Federal Contract Tower,0,12,13,0,25,0,0,14,0,14,0,12,27,0,39,54,0,54,93
12/19/2010,MGW,WV,AEA,CE,Federal Contract Tower,0,10,7,0,17,0,6,9,0,15,0,16,16,0,32,32,0,32,64
12/20/2010,MGW,WV,AEA,CE,Federal Contract Tower,0,8,4,0,12,0,13,13,0,26,0,21,17,0,38,46,0,46,84
12/21/2010,MGW,WV,AEA,CE,Federal Contract Tower,0,11,5,0,16,0,11,14,0,25,0,22,19,0,41,46,0,46,87
12/22/2010,MGW,WV,AEA,CE,Federal Contract Tower,0,8,4,0,12,0,9,9,0,18,0,17,13,0,30,22,0,22,52
12/23/2010,MGW,WV,AEA,CE,Federal Contract Tower,0,10,6,0,16,0,3,0,0,3,0,13,6,0,19,0,0,0,19
12/24/2010,MGW,WV,AEA,CE,Federal Contract Tower,0,10,10,0,20,0,21,0,0,21,0,31,10,0,41,0,0,0,41
12/25/2010,MGW,WV,AEA,CE,Federal Contract Tower,0,6,2,0,8,0,7,0,0,7,0,13,2,0,15,10,0,10,25
12/26/2010,MGW,WV,AEA,CE,Federal Contract Tower,0,8,13,0,21,0,0,0,0,0,0,8,13,0,21,0,0,0,21
12/27/2010,MGW,WV,AEA,CE,Federal Contract Tower,0,10,1,0,11,0,6,4,0,10,0,16,5,0,21,12,0,12,33
12/28/2010,MGW,WV,AEA,CE,Federal Contract Tower,0,10,6,0,16,0,33,4,0,37,0,43,10,0,53,0,0,0,53
12/29/2010,MGW,WV,AEA,CE,Federal Contract Tower,0,16,9,0,25,0,27,18,0,45,0,43,27,0,70,30,0,30,100
12/30/2010,MGW,WV,AEA,CE,Federal Contract Tower,0,8,5,1,14,0,4,5,1,10,0,12,10,2,24,0,0,0,24
12/31/2010,MGW,WV,AEA,CE,Federal Contract Tower,0,12,10,0,22,0,21,21,0,42,0,33,31,0,64,88,0,88,152
01/01/2011,MGW,WV,AEA,CE,Federal Contract Tower,0,8,3,0,11,0,4,2,0,6,0,12,5,0,17,0,0,0,17
01/02/2011,MGW,WV,AEA,CE,Federal Contract Tower,0,5,19,0,24,0,22,40,0,62,0,27,59,0,86,26,0,26,112
01/03/2011,MGW,WV,AEA,CE,Federal Contract Tower,0,11,8,0,19,0,8,35,0,43,0,19,43,0,62,54,0,54,116
01/04/2011,MGW,WV,AEA,CE,Federal Contract Tower,0,10,8,0,18,0,8,21,0,29,0,18,29,0,47,28,0,28,75
01/05/2011,MGW,WV,AEA,CE,Federal Contract Tower,0,11,14,6,31,0,12,29,6,47,0,23,43,12,78,100,0,100,178
01/06/2011,MGW,WV,AEA,CE,Federal Contract Tower,0,11,10,2,23,0,12,7,0,19,0,23,17,2,42,26,6,32,74
01/07/2011,MGW,WV,AEA,CE,Federal Contract Tower,0,15,0,10,25,0,0,6,0,6,0,15,6,10,31,0,0,0,31
01/08/2011,MGW,WV,AEA,CE,Federal Contract Tower,0,10,4,3,17,0,0,1,1,2,0,10,5,4,19,0,0,0,19
01/09/2011,MGW,WV,AEA,CE,Federal Contract Tower,0,8,8,2,18,0,8,16,0,24,0,16,24,2,42,14,0,14,56
01/10/2011,MGW,WV,AEA,CE,Federal Contract Tower,0,21,1,0,22,0,9,7,4,20,0,30,8,4,42,0,0,0,42
01/11/2011,MGW,WV,AEA,CE,Federal Contract Tower,0,12,4,8,24,0,0,1,0,1,0,12,5,8,25,0,2,2,27
01/12/2011,MGW,WV,AEA,CE,Federal Contract Tower,0,18,4,0,22,0,0,0,0,0,0,18,4,0,22,0,0,0,22
01/13/2011,MGW,WV,AEA,CE,Federal Contract Tower,0,11,9,4,24,0,4,2,0,6,0,15,11,4,30,0,0,0,30
01/14/2011,MGW,WV,AEA,CE,Federal Contract Tower,0,16,8,0,24,0,5,5,0,10,0,21,13,0,34,10,0,10,44
01/15/2011,MGW,WV,AEA,CE,Federal Contract Tower,0,10,4,0,14,0,14,5,0,19,0,24,9,0,33,0,0,0,33
01/16/2011,MGW,WV,AEA,CE,Federal Contract Tower,0,8,6,0,14,0,38,16,0,54,0,46,22,0,68,38,0,38,106
01/17/2011,MGW,WV,AEA,CE,Federal Contract Tower,0,10,12,0,22,0,22,32,2,56,0,32,44,2,78,64,0,64,142
01/18/2011,MGW,WV,AEA,CE,Federal Contract Tower,0,11,5,0,16,0,11,21,0,32,0,22,26,0,48,72,0,72,120
01/19/2011,MGW,WV,AEA,CE,Federal Contract Tower,0,13,15,2,30,0,0,2,0,2,0,13,17,2,32,0,2,2,34
01/20/2011,MGW,WV,AEA,CE,Federal Contract Tower,0,9,5,6,20,0,3,7,0,10,0,12,12,6,30,10,0,10,40
01/21/2011,MGW,WV,AEA,CE,Federal Contract Tower,0,10,9,8,27,0,20,8,2,30,0,30,17,10,57,42,0,42,99
01/22/2011,MGW,WV,AEA,CE,Federal Contract Tower,0,10,3,0,13,0,24,23,6,53,0,34,26,6,66,86,0,86,152
01/23/2011,MGW,WV,AEA,CE,Federal Contract Tower,0,8,5,0,13,0,11,14,0,25,0,19,19,0,38,40,0,40,78
01/24/2011,MGW,WV,AEA,CE,Federal Contract Tower,0,10,11,8,29,0,15,33,0,48,0,25,44,8,77,62,0,62,139
01/25/2011,MGW,WV,AEA,CE,Federal Contract Tower,0,19,4,2,25,0,17,21,0,38,0,36,25,2,63,50,0,50,113
01/26/2011,MGW,WV,AEA,CE,Federal Contract Tower,0,10,4,0,14,0,0,4,0,4,0,10,8,0,18,0,0,0,18
01/27/2011,MGW,WV,AEA,CE,Federal Contract Tower,0,9,3,2,14,0,4,4,0,8,0,13,7,2,22,12,0,12,34
01/28/2011,MGW,WV,AEA,CE,Federal Contract Tower,0,18,10,6,34,0,0,6,0,6,0,18,16,6,40,0,0,0,40
01/29/2011,MGW,WV,AEA,CE,Federal Contract Tower,0,12,5,4,21,0,23,5,0,28,0,35,10,4,49,0,0,0,49
01/30/2011,MGW,WV,AEA,CE,Federal Contract Tower,0,6,9,2,17,0,4,6,0,10,0,10,15,2,27,0,0,0,27
01/31/2011,MGW,WV,AEA,CE,Federal Contract Tower,0,18,8,4,30,0,22,24,4,50,0,40,32,8,80,36,0,36,116
02/01/2011,MGW,WV,AEA,CE,Federal Contract Tower,0,11,3,0,14,0,17,2,0,19,0,28,5,0,33,54,0,54,87
02/02/2011,MGW,WV,AEA,CE,Federal Contract Tower,0,13,0,4,17,0,7,0,0,7,0,20,0,4,24,0,4,4,28
02/03/2011,MGW,WV,AEA,CE,Federal Contract Tower,0,31,31,15,77,0,31,39,1,71,0,62,70,16,148,60,2,62,210
02/04/2011,MGW,WV,AEA,CE,Federal Contract Tower,0,19,13,11,43,0,8,43,6,57,0,27,56,17,100,88,0,88,188
02/05/2011,MGW,WV,AEA,CE,Federal Contract Tower,0,13,2,0,15,0,13,2,0,15,0,26,4,0,30,0,0,0,30
02/06/2011,MGW,WV,AEA,CE,Federal Contract Tower,0,6,5,2,13,0,4,11,0,15,0,10,16,2,28,22,0,22,50
02/07/2011,MGW,WV,AEA,CE,Federal Contract Tower,0,10,10,4,24,0,0,22,0,22,0,10,32,4,46,24,0,24,70
02/08/2011,MGW,WV,AEA,CE,Federal Contract Tower,0,11,6,8,25,0,2,5,0,7,0,13,11,8,32,0,4,4,36
02/09/2011,MGW,WV,AEA,CE,Federal Contract Tower,0,16,24,2,42,0,2,37,0,39,0,18,61,2,81,20,8,28,109
02/10/2011,MGW,WV,AEA,CE,Federal Contract Tower,0,9,14,3,26,0,6,24,4,34,0,15,38,7,60,62,0,62,122
02/11/2011,MGW,WV,AEA,CE,Federal Contract Tower,0,16,11,0,27,0,30,14,0,44,0,46,25,0,71,36,0,36,107
02/12/2011,MGW,WV,AEA,CE,Federal Contract Tower,0,9,5,0,14,0,17,6,0,23,0,26,11,0,37,12,0,12,49
02/13/2011,MGW,WV,AEA,CE,Federal Contract Tower,0,6,7,8,21,0,33,23,2,58,0,39,30,10,79,46,2,48,127
02/14/2011,MGW,WV,AEA,CE,Federal Contract Tower,0,10,3,2,15,0,4,2,2,8,0,14,5,4,23,28,0,28,51
02/15/2011,MGW,WV,AEA,CE,Federal Contract Tower,0,16,17,8,41,0,18,39,4,61,0,34,56,12,102,102,6,108,210
02/16/2011,MGW,WV,AEA,CE,Federal Contract Tower,0,13,5,2,20,0,26,33,7,66,0,39,38,9,86,44,4,48,134
02/17/2011,MGW,WV,AEA,CE,Federal Contract Tower,0,15,14,2,31,0,13,28,0,41,0,28,42,2,72,36,2,38,110
02/18/2011,MGW,WV,AEA,CE,Federal Contract Tower,0,16,20,4,40,0,17,8,2,27,0,33,28,6,67,16,2,18,85
02/19/2011,MGW,WV,AEA,CE,Federal Contract Tower,0,11,6,0,17,0,25,11,0,36,0,36,17,0,53,0,0,0,53
02/20/2011,MGW,WV,AEA,CE,Federal Contract Tower,0,8,15,0,23,0,0,24,0,24,0,8,39,0,47,28,0,28,75
02/21/2011,MGW,WV,AEA,CE,Federal Contract Tower,0,14,8,0,22,0,0,0,0,0,0,14,8,0,22,0,0,0,22
02/22/2011,MGW,WV,AEA,CE,Federal Contract Tower,0,4,4,4,12,0,4,1,0,5,0,8,5,4,17,0,0,0,17
02/23/2011,MGW,WV,AEA,CE,Federal Contract Tower,0,12,9,5,26,0,15,29,2,46,0,27,38,7,72,12,0,12,84
02/24/2011,MGW,WV,AEA,CE,Federal Contract Tower,0,9,15,3,27,0,4,8,0,12,0,13,23,3,39,0,24,24,63
02/25/2011,MGW,WV,AEA,CE,Federal Contract Tower,0,14,7,0,21,0,0,0,0,0,0,14,7,0,21,0,0,0,21
02/26/2011,MGW,WV,AEA,CE,Federal Contract Tower,0,14,9,1,24,0,14,37,1,52,0,28,46,2,76,68,4,72,148
02/27/2011,MGW,WV,AEA,CE,Federal Contract Tower,0,8,14,0,22,0,29,23,0,52,0,37,37,0,74,68,0,68,142
02/28/2011,MGW,WV,AEA,CE,Federal Contract Tower,0,8,12,0,20,0,0,0,0,0,0,8,12,0,20,0,0,0,20
03/01/2011,MGW,WV,AEA,CE,Federal Contract Tower,0,17,14,7,38,0,19,26,4,49,0,36,40,11,87,56,0,56,143
03/02/2011,MGW,WV,AEA,CE,Federal Contract Tower,0,14,11,5,30,0,33,33,0,66,0,47,44,5,96,82,4,86,182
03/03/2011,MGW,WV,AEA,CE,Federal Contract Tower,0,19,28,10,57,0,24,53,0,77,0,43,81,10,134,64,2,66,200
03/04/2011,MGW,WV,AEA,CE,Federal Contract Tower,0,16,14,6,36,0,18,26,0,44,0,34,40,6,80,28,4,32,112
03/05/2011,MGW,WV,AEA,CE,Federal Contract Tower,0,17,13,0,30,0,4,5,2,11,0,21,18,2,41,0,0,0,41
03/06/2011,MGW,WV,AEA,CE,Federal Contract Tower,0,7,3,2,12,0,0,0,0,0,0,7,3,2,12,0,0,0,12
03/07/2011,MGW,WV,AEA,CE,Federal Contract Tower,0,13,13,4,30,0,20,37,0,57,0,33,50,4,87,126,0,126,213
03/08/2011,MGW,WV,AEA,CE,Federal Contract Tower,0,14,15,6,35,0,17,24,0,41,0,31,39,6,76,48,4,52,128
03/09/2011,MGW,WV,AEA,CE,Federal Contract Tower,0,11,10,6,27,0,0,5,0,5,0,11,15,6,32,0,6,6,38
03/10/2011,MGW,WV,AEA,CE,Federal Contract Tower,0,13,5,8,26,0,1,6,0,7,0,14,11,8,33,2,4,6,39
03/11/2011,MGW,WV,AEA,CE,Federal Contract Tower,0,16,8,2,26,0,0,0,0,0,0,16,8,2,26,2,2,4,30
03/12/2011,MGW,WV,AEA,CE,Federal Contract Tower,0,12,9,0,21,0,0,36,0,36,0,12,45,0,57,22,0,22,79
03/13/2011,MGW,WV,AEA,CE,Federal Contract Tower,0,10,7,0,17,0,18,28,0,46,0,28,35,0,63,100,0,100,163
03/14/2011,MGW,WV,AEA,CE,Federal Contract Tower,0,16,10,4,30,0,37,36,0,73,0,53,46,4,103,130,0,130,233
03/15/2011,MGW,WV,AEA,CE,Federal Contract Tower,0,14,26,0,40,0,2,28,0,30,0,16,54,0,70,44,0,44,114
03/16/2011,MGW,WV,AEA,CE,Federal Contract Tower,0,11,1,0,12,0,0,2,1,3,0,11,3,1,15,0,0,0,15
03/17/2011,MGW,WV,AEA,CE,Federal Contract Tower,0,9,16,4,29,0,28,38,0,66,0,37,54,4,95,44,0,44,139
03/18/2011,MGW,WV,AEA,CE,Federal Contract Tower,0,10,15,12,37,0,27,9,6,42,0,37,24,18,79,12,2,14,93
03/19/2011,MGW,WV,AEA,CE,Federal Contract Tower,0,10,15,0,25,0,25,38,2,65,0,35,53,2,90,36,0,36,126
03/20/2011,MGW,WV,AEA,CE,Federal Contract Tower,0,7,20,1,28,0,11,40,1,52,0,18,60,2,80,26,0,26,106
03/21/2011,MGW,WV,AEA,CE,Federal Contract Tower,0,14,0,4,18,0,7,11,0,18,0,21,11,4,36,38,0,38,74
03/22/2011,MGW,WV,AEA,CE,Federal Contract Tower,0,14,9,0,23,0,26,36,4,66,0,40,45,4,89,68,16,84,173
03/23/2011,MGW,WV,AEA,CE,Federal Contract Tower,0,18,13,0,31,0,10,6,0,16,0,28,19,0,47,0,0,0,47
03/24/2011,MGW,WV,AEA,CE,Federal Contract Tower,0,17,12,0,29,0,8,23,0,31,0,25,35,0,60,76,0,76,136
03/25/2011,MGW,WV,AEA,CE,Federal Contract Tower,0,13,23,2,38,0,36,30,2,68,0,49,53,4,106,88,0,88,194
03/26/2011,MGW,WV,AEA,CE,Federal Contract Tower,0,12,10,0,22,0,4,39,0,43,0,16,49,0,65,64,0,64,129
03/27/2011,MGW,WV,AEA,CE,Federal Contract Tower,0,10,12,0,22,0,12,30,0,42,0,22,42,0,64,54,0,54,118
03/28/2011,MGW,WV,AEA,CE,Federal Contract Tower,0,12,8,8,28,0,20,42,4,66,0,32,50,12,94,60,0,60,154
03/29/2011,MGW,WV,AEA,CE,Federal Contract Tower,0,14,6,0,20,0,14,22,4,40,0,28,28,4,60,18,14,32,92
03/30/2011,MGW,WV,AEA,CE,Federal Contract Tower,0,13,12,8,33,0,8,15,5,28,0,21,27,13,61,20,22,42,103
03/31/2011,MGW,WV,AEA,CE,Federal Contract Tower,0,11,12,2,25,0,0,4,0,4,0,11,16,2,29,0,0,0,29
04/01/2011,MGW,WV,AEA,CE,Federal Contract Tower,0,11,15,2,28,0,6,2,2,10,0,17,17,4,38,0,10,10,48
04/02/2011,MGW,WV,AEA,CE,Federal Contract Tower,0,8,9,2,19,0,0,3,0,3,0,8,12,2,22,0,0,0,22
04/03/2011,MGW,WV,AEA,CE,Federal Contract Tower,0,8,14,2,24,0,6,39,0,45,0,14,53,2,69,108,0,108,177
04/04/2011,MGW,WV,AEA,CE,Federal Contract Tower,0,12,6,2,20,0,4,3,0,7,0,16,9,2,27,0,0,0,27
04/05/2011,MGW,WV,AEA,CE,Federal Contract Tower,0,14,16,6,36,0,4,7,0,11,0,18,23,6,47,4,0,4,51
04/06/2011,MGW,WV,AEA,CE,Federal Contract Tower,0,16,15,15,46,0,11,27,1,39,0,27,42,16,85,8,12,20,105
04/07/2011,MGW,WV,AEA,CE,Federal Contract Tower,0,16,8,7,31,0,23,27,0,50,0,39,35,7,81,84,0,84,165
04/08/2011,MGW,WV,AEA,CE,Federal Contract Tower,0,10,6,6,22,0,6,0,0,6,0,16,6,6,28,0,0,0,28
04/09/2011,MGW,WV,AEA,CE,Federal Contract Tower,0,11,15,2,28,0,19,10,0,29,0,30,25,2,57,34,0,34,91
04/10/2011,MGW,WV,AEA,CE,Federal Contract Tower,0,15,12,0,27,0,31,40,2,73,0,46,52,2,100,64,0,64,164
04/11/2011,MGW,WV,AEA,CE,Federal Contract Tower,0,8,4,4,16,0,10,8,0,18,0,18,12,4,34,0,0,0,34
04/12/2011,MGW,WV,AEA,CE,Federal Contract Tower,0,18,8,1,27,0,0,0,0,0,0,18,8,1,27,0,0,0,27
04/13/2011,MGW,WV,AEA,CE,Federal Contract Tower,0,16,19,0,35,0,2,9,0,11,0,18,28,0,46,30,0,30,76
04/14/2011,MGW,WV,AEA,CE,Federal Contract Tower,0,13,13,0,26,0,10,68,4,82,0,23,81,4,108,150,0,150,258
04/15/2011,MGW,WV,AEA,CE,Federal Contract Tower,0,16,18,0,34,0,16,20,0,36,0,32,38,0,70,42,0,42,112
04/16/2011,MGW,WV,AEA,CE,Federal Contract Tower,0,10,2,0,12,0,8,0,0,8,0,18,2,0,20,0,0,0,20
04/17/2011,MGW,WV,AEA,CE,Federal Contract Tower,0,16,9,0,25,0,15,7,8,30,0,31,16,8,55,16,0,16,71
04/18/2011,MGW,WV,AEA,CE,Federal Contract Tower,0,16,9,8,33,0,28,21,7,56,0,44,30,15,89,56,6,62,151
04/19/2011,MGW,WV,AEA,CE,Federal Contract Tower,0,8,9,2,19,0,0,4,2,6,0,8,13,4,25,28,8,36,61
04/20/2011,MGW,WV,AEA,CE,Federal Contract Tower,0,8,9,2,19,0,0,7,0,7,0,8,16,2,26,30,0,30,56
04/21/2011,MGW,WV,AEA,CE,Federal Contract Tower,0,15,29,0,44,0,10,55,16,81,0,25,84,16,125,68,0,68,193
04/22/2011,MGW,WV,AEA,CE,Federal Contract Tower,0,14,7,0,21,0,10,1,0,11,0,24,8,0,32,0,0,0,32
04/23/2011,MGW,WV,AEA,CE,Federal Contract Tower,0,8,1,0,9,0,16,1,0,17,0,24,2,0,26,0,0,0,26
04/24/2011,MGW,WV,AEA,CE,Federal Contract Tower,0,8,4,0,12,0,10,9,0,19,0,18,13,0,31,24,0,24,55
04/25/2011,MGW,WV,AEA,CE,Federal Contract Tower,0,8,10,0,18,0,15,22,0,37,0,23,32,0,55,38,0,38,93
04/26/2011,MGW,WV,AEA,CE,Federal Contract Tower,0,16,8,0,24,0,21,13,0,34,0,37,21,0,58,0,0,0,58
04/27/2011,MGW,WV,AEA,CE,Federal Contract Tower,0,10,4,3,17,0,14,21,4,39,0,24,25,7,56,0,0,0,56
04/28/2011,MGW,WV,AEA,CE,Federal Contract Tower,0,14,11,5,30,0,10,14,0,24,0,24,25,5,54,20,0,20,74
04/29/2011,MGW,WV,AEA,CE,Federal Contract Tower,0,17,14,2,33,0,19,31,0,50,0,36,45,2,83,18,0,18,101
04/30/2011,MGW,WV,AEA,CE,Federal Contract Tower,0,10,11,0,21,0,42,56,0,98,0,52,67,0,119,46,0,46,165
05/01/2011,MGW,WV,AEA,CE,Federal Contract Tower,0,12,9,0,21,0,18,14,0,32,0,30,23,0,53,40,0,40,93
05/02/2011,MGW,WV,AEA,CE,Federal Contract Tower,0,11,11,2,24,0,25,31,0,56,0,36,42,2,80,42,0,42,122
05/03/2011,MGW,WV,AEA,CE,Federal Contract Tower,0,10,3,0,13,0,10,2,0,12,0,20,5,0,25,4,0,4,29
05/04/2011,MGW,WV,AEA,CE,Federal Contract Tower,0,11,13,3,27,0,13,3,4,20,0,24,16,7,47,0,18,18,65
05/05/2011,MGW,WV,AEA,CE,Federal Contract Tower,0,11,6,5,22,0,37,29,5,71,0,48,35,10,93,16,14,30,123
05/06/2011,MGW,WV,AEA,CE,Federal Contract Tower,0,13,7,4,24,0,31,8,0,39,0,44,15,4,63,16,0,16,79
05/07/2011,MGW,WV,AEA,CE,Federal Contract Tower,0,13,5,0,18,0,22,21,0,43,0,35,26,0,61,78,0,78,139
05/08/2011,MGW,WV,AEA,CE,Federal Contract Tower,0,8,20,2,30,0,31,47,0,78,0,39,67,2,108,30,0,30,138
05/09/2011,MGW,WV,AEA,CE,Federal Contract Tower,0,16,18,4,38,0,23,54,6,83,0,39,72,10,121,98,0,98,219
05/10/2011,MGW,WV,AEA,CE,Federal Contract Tower,0,12,13,4,29,0,21,38,4,63,0,33,51,8,92,92,4,96,188
05/11/2011,MGW,WV,AEA,CE,Federal Contract Tower,0,9,21,1,31,0,15,52,16,83,0,24,73,17,114,114,0,114,228
05/12/2011,MGW,WV,AEA,CE,Federal Contract Tower,0,15,14,0,29,0,7,14,4,25,0,22,28,4,54,0,0,0,54
05/13/2011,MGW,WV,AEA,CE,Federal Contract Tower,0,14,17,0,31,0,13,21,2,36,0,27,38,2,67,46,0,46,113
05/14/2011,MGW,WV,AEA,CE,Federal Contract Tower,0,16,14,0,30,0,17,17,2,36,0,33,31,2,66,56,0,56,122
05/15/2011,MGW,WV,AEA,CE,Federal Contract Tower,0,9,16,0,25,0,24,15,0,39,0,33,31,0,64,0,0,0,64
05/16/2011,MGW,WV,AEA,CE,Federal Contract Tower,0,12,24,4,40,0,14,9,4,27,0,26,33,8,67,0,0,0,67
05/17/2011,MGW,WV,AEA,CE,Federal Contract Tower,0,11,0,0,11,0,8,0,0,8,0,19,0,0,19,0,0,0,19
05/18/2011,MGW,WV,AEA,CE,Federal Contract Tower,0,10,17,4,31,0,4,13,0,17,0,14,30,4,48,30,2,32,80
05/19/2011,MGW,WV,AEA,CE,Federal Contract Tower,0,15,4,11,30,0,8,29,12,49,0,23,33,23,79,6,10,16,95
05/20/2011,MGW,WV,AEA,CE,Federal Contract Tower,0,8,16,5,29,0,18,23,2,43,0,26,39,7,72,24,0,24,96
05/21/2011,MGW,WV,AEA,CE,Federal Contract Tower,0,11,12,6,29,0,14,53,9,76,0,25,65,15,105,114,0,114,219
05/22/2011,MGW,WV,AEA,CE,Federal Contract Tower,0,6,14,0,20,0,25,26,0,51,0,31,40,0,71,42,0,42,113
05/23/2011,MGW,WV,AEA,CE,Federal Contract Tower,0,8,35,22,65,0,16,16,0,32,0,24,51,22,97,26,0,26,123
05/24/2011,MGW,WV,AEA,CE,Federal Contract Tower,0,18,12,4,34,0,17,17,2,36,0,35,29,6,70,44,4,48,118
05/25/2011,MGW,WV,AEA,CE,Federal Contract Tower,0,10,22,6,38,0,26,46,2,74,0,36,68,8,112,116,0,116,228
05/26/2011,MGW,WV,AEA,CE,Federal Contract Tower,0,9,7,2,18,0,2,17,2,21,0,11,24,4,39,22,0,22,61
05/27/2011,MGW,WV,AEA,CE,Federal Contract Tower,0,12,13,0,25,0,3,11,0,14,0,15,24,0,39,58,0,58,97
05/28/2011,MGW,WV,AEA,CE,Federal Contract Tower,0,13,11,0,24,0,28,11,4,43,0,41,22,4,67,8,0,8,75
05/29/2011,MGW,WV,AEA,CE,Federal Contract Tower,0,8,15,0,23,0,34,26,0,60,0,42,41,0,83,0,0,0,83
05/30/2011,MGW,WV,AEA,CE,Federal Contract Tower,0,8,5,0,13,0,56,44,0,100,0,64,49,0,113,82,0,82,195
05/31/2011,MGW,WV,AEA,CE,Federal Contract Tower,0,11,9,0,20,0,17,46,0,63,0,28,55,0,83,72,0,72,155
06/01/2011,MGW,WV,AEA,CE,Federal Contract Tower,0,9,9,0,18,0,16,21,2,39,0,25,30,2,57,42,0,42,99
06/02/2011,MGW,WV,AEA,CE,Federal Contract Tower,0,17,16,0,33,0,27,55,0,82,0,44,71,0,115,136,0,136,251
06/03/2011,MGW,WV,AEA,CE,Federal Contract Tower,0,18,13,2,33,0,24,39,0,63,0,42,52,2,96,2,0,2,98
06/04/2011,MGW,WV,AEA,CE,Federal Contract Tower,0,11,9,0,20,0,18,18,4,40,0,29,27,4,60,14,0,14,74
06/05/2011,MGW,WV,AEA,CE,Federal Contract Tower,0,12,19,2,33,0,28,23,2,53,0,40,42,4,86,26,0,26,112
06/06/2011,MGW,WV,AEA,CE,Federal Contract Tower,0,13,21,2,36,0,44,44,0,88,0,57,65,2,124,126,0,126,250
06/07/2011,MGW,WV,AEA,CE,Federal Contract Tower,0,10,4,0,14,0,14,16,0,30,0,24,20,0,44,34,0,34,78
06/08/2011,MGW,WV,AEA,CE,Federal Contract Tower,0,14,17,2,33,0,17,24,3,44,0,31,41,5,77,58,16,74,151
06/09/2011,MGW,WV,AEA,CE,Federal Contract Tower,0,10,14,1,25,0,8,19,1,28,0,18,33,2,53,16,14,30,83
06/10/2011,MGW,WV,AEA,CE,Federal Contract Tower,0,13,17,0,30,0,24,21,0,45,0,37,38,0,75,18,0,18,93
06/11/2011,MGW,WV,AEA,CE,Federal Contract Tower,0,10,10,0,20,0,37,20,0,57,0,47,30,0,77,16,0,16,93
06/12/2011,MGW,WV,AEA,CE,Federal Contract Tower,0,14,18,0,32,0,19,8,2,29,0,33,26,2,61,0,0,0,61
06/13/2011,MGW,WV,AEA,CE,Federal Contract Tower,0,9,27,0,36,0,12,39,0,51,0,21,66,0,87,84,0,84,171
06/14/2011,MGW,WV,AEA,CE,Federal Contract Tower,0,22,22,0,44,0,19,39,0,58,0,41,61,0,102,116,0,116,218
06/15/2011,MGW,WV,AEA,CE,Federal Contract Tower,0,16,23,4,43,0,9,46,2,57,0,25,69,6,100,96,0,96,196
06/16/2011,MGW,WV,AEA,CE,Federal Contract Tower,0,17,10,2,29,0,13,23,2,38,0,30,33,4,67,46,0,46,113
06/17/2011,MGW,WV,AEA,CE,Federal Contract Tower,0,10,13,10,33,0,58,9,4,71,0,68,22,14,104,20,0,20,124
06/18/2011,MGW,WV,AEA,CE,Federal Contract Tower,0,10,8,0,18,0,49,24,0,73,0,59,32,0,91,78,0,78,169
06/19/2011,MGW,WV,AEA,CE,Federal Contract Tower,0,8,8,2,18,0,16,7,0,23,0,24,15,2,41,24,0,24,65
06/20/2011,MGW,WV,AEA,CE,Federal Contract Tower,0,12,20,0,32,0,13,8,0,21,0,25,28,0,53,0,0,0,53
06/21/2011,MGW,WV,AEA,CE,Federal Contract Tower,0,10,20,0,30,0,18,41,8,67,0,28,61,8,97,120,0,120,217
06/22/2011,MGW,WV,AEA,CE,Federal Contract Tower,0,18,13,2,33,0,4,21,1,26,0,22,34,3,59,36,6,42,101
06/23/2011,MGW,WV,AEA,CE,Federal Contract Tower,0,15,18,2,35,0,20,27,6,53,0,35,45,8,88,32,0,32,120
06/24/2011,MGW,WV,AEA,CE,Federal Contract Tower,0,12,10,6,28,0,20,13,0,33,0,32,23,6,61,0,0,0,61
06/25/2011,MGW,WV,AEA,CE,Federal Contract Tower,0,10,16,0,26,0,30,153,2,185,0,40,169,2,211,90,0,90,301
06/26/2011,MGW,WV,AEA,CE,Federal Contract Tower,0,6,12,0,18,0,10,39,0,49,0,16,51,0,67,56,0,56,123
06/27/2011,MGW,WV,AEA,CE,Federal Contract Tower,0,8,28,2,38,0,12,35,0,47,0,20,63,2,85,48,0,48,133
06/28/2011,MGW,WV,AEA,CE,Federal Contract Tower,0,11,18,2,31,0,8,22,4,34,0,19,40,6,65,34,0,34,99
06/29/2011,MGW,WV,AEA,CE,Federal Contract Tower,0,20,50,9,79,0,14,53,5,72,0,34,103,14,151,114,4,118,269
06/30/2011,MGW,WV,AEA,CE,Federal Contract Tower,0,16,31,2,49,0,56,44,0,100,0,72,75,2,149,56,0,56,205
07/01/2011,MGW,WV,AEA,CE,Federal Contract Tower,0,10,22,0,32,0,36,47,0,83,0,46,69,0,115,26,0,26,141
07/02/2011,MGW,WV,AEA,CE,Federal Contract Tower,0,6,2,0,8,0,70,24,0,94,0,76,26,0,102,6,0,6,108
07/03/2011,MGW,WV,AEA,CE,Federal Contract Tower,0,6,7,0,13,0,4,3,0,7,0,10,10,0,20,0,0,0,20
07/04/2011,MGW,WV,AEA,CE,Federal Contract Tower,0,8,8,0,16,0,23,9,0,32,0,31,17,0,48,0,0,0,48
07/05/2011,MGW,WV,AEA,CE,Federal Contract Tower,0,10,1,2,13,0,47,19,0,66,0,57,20,2,79,34,0,34,113
07/06/2011,MGW,WV,AEA,CE,Federal Contract Tower,0,12,9,0,21,0,13,16,4,33,0,25,25,4,54,20,10,30,84
07/07/2011,MGW,WV,AEA,CE,Federal Contract Tower,0,10,9,4,23,0,51,32,0,83,0,61,41,4,106,28,0,28,134
07/08/2011,MGW,WV,AEA,CE,Federal Contract Tower,0,10,5,0,15,0,8,0,0,8,0,18,5,0,23,0,0,0,23
07/09/2011,MGW,WV,AEA,CE,Federal Contract Tower,0,10,11,1,22,0,33,63,1,97,0,43,74,2,119,64,0,64,183
07/10/2011,MGW,WV,AEA,CE,Federal Contract Tower,0,6,10,1,17,0,30,58,2,90,0,36,68,3,107,74,0,74,181
07/11/2011,MGW,WV,AEA,CE,Federal Contract Tower,0,11,14,2,27,0,11,27,4,42,0,22,41,6,69,30,0,30,99
07/12/2011,MGW,WV,AEA,CE,Federal Contract Tower,0,10,10,0,20,0,11,30,0,41,0,21,40,0,61,38,0,38,99
07/13/2011,MGW,WV,AEA,CE,Federal Contract Tower,0,18,17,4,39,0,20,51,0,71,0,38,68,4,110,74,0,74,184
07/14/2011,MGW,WV,AEA,CE,Federal Contract Tower,4,19,16,6,45,0,8,66,10,84,4,27,82,16,129,80,4,84,213
07/15/2011,MGW,WV,AEA,CE,Federal Contract Tower,0,13,22,2,37,0,42,48,2,92,0,55,70,4,129,54,2,56,185
07/16/2011,MGW,WV,AEA,CE,Federal Contract Tower,0,10,8,0,18,0,41,24,0,65,0,51,32,0,83,12,0,12,95
07/17/2011,MGW,WV,AEA,CE,Federal Contract Tower,0,8,11,2,21,0,30,32,5,67,0,38,43,7,88,80,6,86,174
07/18/2011,MGW,WV,AEA,CE,Federal Contract Tower,6,8,17,3,34,0,9,16,2,27,6,17,33,5,61,36,12,48,109
07/19/2011,MGW,WV,AEA,CE,Federal Contract Tower,0,12,47,5,64,0,15,27,6,48,0,27,74,11,112,68,68,136,248
07/20/2011,MGW,WV,AEA,CE,Federal Contract Tower,0,13,20,6,39,0,18,16,1,35,0,31,36,7,74,16,4,20,94
07/21/2011,MGW,WV,AEA,CE,Federal Contract Tower,0,18,11,2,31,0,20,33,0,53,0,38,44,2,84,54,2,56,140
07/22/2011,MGW,WV,AEA,CE,Federal Contract Tower,0,11,8,6,25,0,22,8,2,32,0,33,16,8,57,76,6,82,139
07/23/2011,MGW,WV,AEA,CE,Federal Contract Tower,0,10,2,0,12,0,39,15,0,54,0,49,17,0,66,6,0,6,72
07/24/2011,MGW,WV,AEA,CE,Federal Contract Tower,0,17,13,1,31,0,37,28,1,66,0,54,41,2,97,40,0,40,137
07/25/2011,MGW,WV,AEA,CE,Federal Contract Tower,0,13,16,4,33,0,7,12,0,19,0,20,28,4,52,0,0,0,52
07/26/2011,MGW,WV,AEA,CE,Federal Contract Tower,0,10,33,0,43,0,27,27,4,58,0,37,60,4,101,50,8,58,159
07/27/2011,MGW,WV,AEA,CE,Federal Contract Tower,0,12,16,2,30,0,31,50,5,86,0,43,66,7,116,110,2,112,228
07/28/2011,MGW,WV,AEA,CE,Federal Contract Tower,0,12,14,4,30,0,34,56,6,96,0,46,70,10,126,180,10,190,316
07/29/2011,MGW,WV,AEA,CE,Federal Contract Tower,0,15,12,0,27,0,41,23,0,64,0,56,35,0,91,210,0,210,301
07/30/2011,MGW,WV,AEA,CE,Federal Contract Tower,0,10,8,0,18,0,5,38,2,45,0,15,46,2,63,164,0,164,227
07/31/2011,MGW,WV,AEA,CE,Federal Contract Tower,0,13,9,0,22,0,28,46,0,74,0,41,55,0,96,108,0,108,204
08/01/2011,MGW,WV,AEA,CE,Federal Contract Tower,0,8,7,3,18,0,20,41,6,67,0,28,48,9,85,36,16,52,137
08/02/2011,MGW,WV,AEA,CE,Federal Contract Tower,0,12,12,4,28,0,31,21,2,54,0,43,33,6,82,28,4,32,114
08/03/2011,MGW,WV,AEA,CE,Federal Contract Tower,0,10,15,6,31,0,6,27,3,36,0,16,42,9,67,30,20,50,117
08/04/2011,MGW,WV,AEA,CE,Federal Contract Tower,0,14,22,5,41,0,20,26,1,47,0,34,48,6,88,34,2,36,124
08/05/2011,MGW,WV,AEA,CE,Federal Contract Tower,0,13,19,4,36,0,46,44,6,96,0,59,63,10,132,58,0,58,190
08/06/2011,MGW,WV,AEA,CE,Federal Contract Tower,0,10,6,0,16,0,24,4,0,28,0,34,10,0,44,6,0,6,50
08/07/2011,MGW,WV,AEA,CE,Federal Contract Tower,0,10,19,2,31,0,11,16,0,27,0,21,35,2,58,34,0,34,92
08/08/2011,MGW,WV,AEA,CE,Federal Contract Tower,0,11,14,4,29,0,18,16,0,34,0,29,30,4,63,68,0,68,131
08/09/2011,MGW,WV,AEA,CE,Federal Contract Tower,0,15,18,10,43,0,38,7,0,45,0,53,25,10,88,2,10,12,100
08/10/2011,MGW,WV,AEA,CE,Federal Contract Tower,0,10,14,2,26,0,32,38,3,73,0,42,52,5,99,122,18,140,239
08/11/2011,MGW,WV,AEA,CE,Federal Contract Tower,0,14,8,20,42,0,30,30,6,66,0,44,38,26,108,70,8,78,186
08/12/2011,MGW,WV,AEA,CE,Federal Contract Tower,0,10,19,9,38,0,23,36,0,59,0,33,55,9,97,60,10,70,167
08/13/2011,MGW,WV,AEA,CE,Federal Contract Tower,0,8,7,10,25,0,17,31,8,56,0,25,38,18,81,44,0,44,125
08/14/2011,MGW,WV,AEA,CE,Federal Contract Tower,0,8,11,10,29,0,8,3,2,13,0,16,14,12,42,0,0,0,42
08/15/2011,MGW,WV,AEA,CE,Federal Contract Tower,0,8,10,2,20,0,7,2,0,9,0,15,12,2,29,0,0,0,29
08/16/2011,MGW,WV,AEA,CE,Federal Contract Tower,0,13,19,21,53,0,15,41,3,59,0,28,60,24,112,96,10,106,218
08/17/2011,MGW,WV,AEA,CE,Federal Contract Tower,0,12,30,5,47,0,9,34,0,43,0,21,64,5,90,92,4,96,186
08/18/2011,MGW,WV,AEA,CE,Federal Contract Tower,0,14,10,6,30,0,22,36,4,62,0,36,46,10,92,46,14,60,152
08/19/2011,MGW,WV,AEA,CE,Federal Contract Tower,0,14,8,6,28,0,18,13,3,34,0,32,21,9,62,10,4,14,76
08/20/2011,MGW,WV,AEA,CE,Federal Contract Tower,0,15,9,0,24,0,45,40,1,86,0,60,49,1,110,199,0,199,309
08/21/2011,MGW,WV,AEA,CE,Federal Contract Tower,0,6,8,2,16,0,36,12,0,48,0,42,20,2,64,62,0,62,126
08/22/2011,MGW,WV,AEA,CE,Federal Contract Tower,0,10,4,6,20,0,40,29,3,72,0,50,33,9,92,86,10,96,188
08/23/2011,MGW,WV,AEA,CE,Federal Contract Tower,0,13,22,2,37,0,17,34,0,51,0,30,56,2,88,106,20,126,214
08/24/2011,MGW,WV,AEA,CE,Federal Contract Tower,0,14,9,4,27,0,18,21,0,39,0,32,30,4,66,34,2,36,102
08/25/2011,MGW,WV,AEA,CE,Federal Contract Tower,0,14,10,2,26,0,9,9,1,19,0,23,19,3,45,38,0,38,83
08/26/2011,MGW,WV,AEA,CE,Federal Contract Tower,0,12,18,4,34,0,27,25,3,55,0,39,43,7,89,60,10,70,159
08/27/2011,MGW,WV,AEA,CE,Federal Contract Tower,0,10,8,0,18,0,26,15,2,43,0,36,23,2,61,28,0,28,89
08/28/2011,MGW,WV,AEA,CE,Federal Contract Tower,0,7,8,0,15,0,33,23,0,56,0,40,31,0,71,32,0,32,103
08/29/2011,MGW,WV,AEA,CE,Federal Contract Tower,0,8,15,4,27,0,19,34,12,65,0,27,49,16,92,56,0,56,148
08/30/2011,MGW,WV,AEA,CE,Federal Contract Tower,0,14,4,5,23,0,36,33,8,77,0,50,37,13,100,102,0,102,202
08/31/2011,MGW,WV,AEA,CE,Federal Contract Tower,0,13,12,0,25,0,27,20,0,47,0,40,32,0,72,68,0,68,140
09/01/2011,MGW,WV,AEA,CE,Federal Contract Tower,0,10,8,0,18,0,6,17,0,23,0,16,25,0,41,62,0,62,103
09/02/2011,MGW,WV,AEA,CE,Federal Contract Tower,0,17,8,13,38,0,27,18,0,45,0,44,26,13,83,32,32,64,147
09/03/2011,MGW,WV,AEA,CE,Federal Contract Tower,0,12,8,0,20,0,29,20,0,49,0,41,28,0,69,36,0,36,105
09/04/2011,MGW,WV,AEA,CE,Federal Contract Tower,0,12,31,0,43,0,10,67,0,77,0,22,98,0,120,132,0,132,252
09/05/2011,MGW,WV,AEA,CE,Federal Contract Tower,0,6,17,0,23,0,0,0,0,0,0,6,17,0,23,0,0,0,23
09/06/2011,MGW,WV,AEA,CE,Federal Contract Tower,0,16,1,0,17,0,0,0,0,0,0,16,1,0,17,0,0,0,17
09/07/2011,MGW,WV,AEA,CE,Federal Contract Tower,0,14,27,8,49,0,4,20,29,53,0,18,47,37,102,32,46,78,180
09/08/2011,MGW,WV,AEA,CE,Federal Contract Tower,0,18,18,6,42,0,22,24,4,50,0,40,42,10,92,12,2,14,106
09/09/2011,MGW,WV,AEA,CE,Federal Contract Tower,0,17,22,12,51,0,14,7,2,23,0,31,29,14,74,12,0,12,86
09/10/2011,MGW,WV,AEA,CE,Federal Contract Tower,0,11,21,0,32,0,19,36,14,69,0,30,57,14,101,196,16,212,313
09/11/2011,MGW,WV,AEA,CE,Federal Contract Tower,0,6,9,2,17,0,34,15,0,49,0,40,24,2,66,14,0,14,80
09/12/2011,MGW,WV,AEA,CE,Federal Contract Tower,0,11,6,3,20,0,37,33,6,76,0,48,39,9,96,114,6,120,216
09/13/2011,MGW,WV,AEA,CE,Federal Contract Tower,0,12,39,0,51,0,20,45,2,67,0,32,84,2,118,126,0,126,244
09/14/2011,MGW,WV,AEA,CE,Federal Contract Tower,0,13,13,0,26,0,27,30,2,59,0,40,43,2,85,68,0,68,153
09/15/2011,MGW,WV,AEA,CE,Federal Contract Tower,0,10,15,0,25,0,12,9,2,23,0,22,24,2,48,2,0,2,50
09/16/2011,MGW,WV,AEA,CE,Federal Contract Tower,0,17,26,2,45,0,41,30,6,77,0,58,56,8,122,10,0,10,132
09/17/2011,MGW,WV,AEA,CE,Federal Contract Tower,0,16,14,0,30,0,37,31,5,73,0,53,45,5,103,8,0,8,111
09/18/2011,MGW,WV,AEA,CE,Federal Contract Tower,0,6,6,0,12,0,23,35,9,67,0,29,41,9,79,26,10,36,115
09/19/2011,MGW,WV,AEA,CE,Federal Contract Tower,0,7,11,0,18,0,32,16,0,48,0,39,27,0,66,2,0,2,68
09/20/2011,MGW,WV,AEA,CE,Federal Contract Tower,0,23,7,0,30,0,11,1,0,12,0,34,8,0,42,0,0,0,42
09/21/2011,MGW,WV,AEA,CE,Federal Contract Tower,0,19,14,6,39,0,8,23,2,33,0,27,37,8,72,50,10,60,132
09/22/2011,MGW,WV,AEA,CE,Federal Contract Tower,0,21,18,9,48,0,16,20,10,46,0,37,38,19,94,0,2,2,96
09/23/2011,MGW,WV,AEA,CE,Federal Contract Tower,0,17,18,4,39,0,0,4,0,4,0,17,22,4,43,10,2,12,55
09/24/2011,MGW,WV,AEA,CE,Federal Contract Tower,0,12,58,0,70,0,7,43,0,50,0,19,101,0,120,646,0,646,766
09/25/2011,MGW,WV,AEA,CE,Federal Contract Tower,0,10,29,0,39,0,29,30,0,59,0,39,59,0,98,32,0,32,130
09/26/2011,MGW,WV,AEA,CE,Federal Contract Tower,0,13,24,1,38,0,35,30,0,65,0,48,54,1,103,84,0,84,187
09/27/2011,MGW,WV,AEA,CE,Federal Contract Tower,0,12,14,8,34,0,26,16,5,47,0,38,30,13,81,82,22,104,185
09/28/2011,MGW,WV,AEA,CE,Federal Contract Tower,0,13,16,9,38,0,13,34,0,47,0,26,50,9,85,68,4,72,157
09/29/2011,MGW,WV,AEA,CE,Federal Contract Tower,0,14,9,0,23,0,5,19,9,33,0,19,28,9,56,64,4,68,124
09/30/2011,MGW,WV,AEA,CE,Federal Contract Tower,0,15,19,2,36,0,4,19,4,27,0,19,38,6,63,30,22,52,115
10/01/2011,MGW,WV,AEA,CE,Federal Contract Tower,0,12,10,0,22,0,4,8,0,12,0,16,18,0,34,116,0,116,150
10/02/2011,MGW,WV,AEA,CE,Federal Contract Tower,0,14,11,2,27,0,0,1,0,1,0,14,12,2,28,0,0,0,28
10/03/2011,MGW,WV,AEA,CE,Federal Contract Tower,0,6,7,0,13,0,0,0,0,0,0,6,7,0,13,0,0,0,13
10/04/2011,MGW,WV,AEA,CE,Federal Contract Tower,0,14,20,0,34,0,6,6,0,12,0,20,26,0,46,8,0,8,54
10/05/2011,MGW,WV,AEA,CE,Federal Contract Tower,0,10,49,1,60,0,4,45,6,55,0,14,94,7,115,136,0,136,251
10/06/2011,MGW,WV,AEA,CE,Federal Contract Tower,0,10,20,0,30,0,6,67,4,77,0,16,87,4,107,166,0,166,273
10/07/2011,MGW,WV,AEA,CE,Federal Contract Tower,0,10,18,2,30,0,53,67,0,120,0,63,85,2,150,106,0,106,256
10/08/2011,MGW,WV,AEA,CE,Federal Contract Tower,0,8,22,0,30,0,28,81,0,109,0,36,103,0,139,252,0,252,391
10/09/2011,MGW,WV,AEA,CE,Federal Contract Tower,0,6,17,0,23,0,67,48,2,117,0,73,65,2,140,84,0,84,224
10/10/2011,MGW,WV,AEA,CE,Federal Contract Tower,0,9,9,0,18,0,27,42,0,69,0,36,51,0,87,88,0,88,175
10/11/2011,MGW,WV,AEA,CE,Federal Contract Tower,0,12,14,0,26,0,14,43,4,61,0,26,57,4,87,80,0,80,167
10/12/2011,MGW,WV,AEA,CE,Federal Contract Tower,0,14,19,0,33,0,0,0,0,0,0,14,19,0,33,6,0,6,39
10/13/2011,MGW,WV,AEA,CE,Federal Contract Tower,0,15,13,1,29,0,10,10,2,22,0,25,23,3,51,2,20,22,73
10/14/2011,MGW,WV,AEA,CE,Federal Contract Tower,0,16,12,6,34,0,12,0,3,15,0,28,12,9,49,0,4,4,53
10/15/2011,MGW,WV,AEA,CE,Federal Contract Tower,0,7,5,0,12,0,40,10,3,53,0,47,15,3,65,18,0,18,83
10/16/2011,MGW,WV,AEA,CE,Federal Contract Tower,0,6,5,0,11,0,22,9,0,31,0,28,14,0,42,0,0,0,42
10/17/2011,MGW,WV,AEA,CE,Federal Contract Tower,0,7,15,2,24,0,42,25,2,69,0,49,40,4,93,48,0,48,141
10/18/2011,MGW,WV,AEA,CE,Federal Contract Tower,0,11,25,2,38,0,20,33,0,53,0,31,58,2,91,38,0,38,129
10/19/2011,MGW,WV,AEA,CE,Federal Contract Tower,0,15,10,2,27,0,0,2,0,2,0,15,12,2,29,2,0,2,31
10/20/2011,MGW,WV,AEA,CE,Federal Contract Tower,0,12,10,0,22,0,0,0,0,0,0,12,10,0,22,0,0,0,22
10/21/2011,MGW,WV,AEA,CE,Federal Contract Tower,0,10,13,8,31,0,16,11,6,33,0,26,24,14,64,0,22,22,86
10/22/2011,MGW,WV,AEA,CE,Federal Contract Tower,0,6,1,0,7,0,42,16,0,58,0,48,17,0,65,18,0,18,83
10/23/2011,MGW,WV,AEA,CE,Federal Contract Tower,0,6,25,0,31,0,21,57,2,80,0,27,82,2,111,128,0,128,239
10/24/2011,MGW,WV,AEA,CE,Federal Contract Tower,0,13,13,0,26,0,16,16,10,42,0,29,29,10,68,22,0,22,90
10/25/2011,MGW,WV,AEA,CE,Federal Contract Tower,0,12,21,6,39,0,13,29,8,50,0,25,50,14,89,68,6,74,163
10/26/2011,MGW,WV,AEA,CE,Federal Contract Tower,0,8,22,8,38,0,0,19,2,21,0,8,41,10,59,38,8,46,105
10/27/2011,MGW,WV,AEA,CE,Federal Contract Tower,0,13,15,4,32,0,0,4,0,4,0,13,19,4,36,2,0,2,38
10/28/2011,MGW,WV,AEA,CE,Federal Contract Tower,0,8,15,0,23,0,23,21,4,48,0,31,36,4,71,12,0,12,83
10/29/2011,MGW,WV,AEA,CE,Federal Contract Tower,0,6,1,0,7,0,0,1,0,1,0,6,2,0,8,0,0,0,8
10/30/2011,MGW,WV,AEA,CE,Federal Contract Tower,0,4,15,0,19,0,18,6,0,24,0,22,21,0,43,12,0,12,55
10/31/2011,MGW,WV,AEA,CE,Federal Contract Tower,0,8,7,1,16,0,29,3,8,40,0,37,10,9,56,0,4,4,60
11/01/2011,MGW,WV,AEA,CE,Federal Contract Tower,0,10,16,2,28,0,8,36,0,44,0,18,52,2,72,78,0,78,150
11/02/2011,MGW,WV,AEA,CE,Federal Contract Tower,0,11,25,10,46,0,25,48,6,79,0,36,73,16,125,120,2,122,247
11/03/2011,MGW,WV,AEA,CE,Federal Contract Tower,0,18,38,6,62,0,21,32,2,55,0,39,70,8,117,86,20,106,223
11/04/2011,MGW,WV,AEA,CE,Federal Contract Tower,0,15,17,8,40,0,5,15,2,22,0,20,32,10,62,24,10,34,96
11/05/2011,MGW,WV,AEA,CE,Federal Contract Tower,0,11,41,0,52,0,36,92,8,136,0,47,133,8,188,188,0,188,376
11/06/2011,MGW,WV,AEA,CE,Federal Contract Tower,0,6,37,2,45,0,23,83,0,106,0,29,120,2,151,132,0,132,283
11/07/2011,MGW,WV,AEA,CE,Federal Contract Tower,0,12,17,0,29,0,39,41,4,84,0,51,58,4,113,146,0,146,259
11/08/2011,MGW,WV,AEA,CE,Federal Contract Tower,0,8,18,0,26,0,42,34,11,87,0,50,52,11,113,150,0,150,263
11/09/2011,MGW,WV,AEA,CE,Federal Contract Tower,0,11,7,1,19,0,0,35,13,48,0,11,42,14,67,78,0,78,145
11/10/2011,MGW,WV,AEA,CE,Federal Contract Tower,0,8,22,0,30,0,21,25,0,46,0,29,47,0,76,26,0,26,102
11/11/2011,MGW,WV,AEA,CE,Federal Contract Tower,0,8,8,0,16,0,16,15,7,38,0,24,23,7,54,0,0,0,54
11/12/2011,MGW,WV,AEA,CE,Federal Contract Tower,0,8,8,0,16,0,19,22,3,44,0,27,30,3,60,36,0,36,96
11/13/2011,MGW,WV,AEA,CE,Federal Contract Tower,0,6,11,0,17,0,43,9,4,56,0,49,20,4,73,4,0,4,77
11/14/2011,MGW,WV,AEA,CE,Federal Contract Tower,0,13,0,0,13,0,19,2,0,21,0,32,2,0,34,0,0,0,34
11/15/2011,MGW,WV,AEA,CE,Federal Contract Tower,0,7,13,0,20,0,4,3,2,9,0,11,16,2,29,0,4,4,33
11/16/2011,MGW,WV,AEA,CE,Federal Contract Tower,0,14,8,2,24,0,0,0,0,0,0,14,8,2,24,0,2,2,26
11/17/2011,MGW,WV,AEA,CE,Federal Contract Tower,0,13,16,2,31,0,34,26,3,63,0,47,42,5,94,76,20,96,190
11/18/2011,MGW,WV,AEA,CE,Federal Contract Tower,0,8,22,0,30,0,34,36,3,73,0,42,58,3,103,92,0,92,195
11/19/2011,MGW,WV,AEA,CE,Federal Contract Tower,0,7,7,0,14,0,40,27,2,69,0,47,34,2,83,64,0,64,147
11/20/2011,MGW,WV,AEA,CE,Federal Contract Tower,0,4,19,0,23,0,6,8,0,14,0,10,27,0,37,30,0,30,67
11/21/2011,MGW,WV,AEA,CE,Federal Contract Tower,0,4,9,0,13,0,0,0,0,0,0,4,9,0,13,0,0,0,13
11/22/2011,MGW,WV,AEA,CE,Federal Contract Tower,0,6,3,0,9,0,2,1,0,3,0,8,4,0,12,0,0,0,12
11/23/2011,MGW,WV,AEA,CE,Federal Contract Tower,0,18,15,0,33,0,10,5,0,15,0,28,20,0,48,0,0,0,48
11/24/2011,MGW,WV,AEA,CE,Federal Contract Tower,0,12,3,0,15,0,2,14,0,16,0,14,17,0,31,0,0,0,31
11/25/2011,MGW,WV,AEA,CE,Federal Contract Tower,0,10,27,0,37,0,47,50,0,97,0,57,77,0,134,262,0,262,396
11/26/2011,MGW,WV,AEA,CE,Federal Contract Tower,0,6,7,0,13,0,22,24,0,46,0,28,31,0,59,48,0,48,107
11/27/2011,MGW,WV,AEA,CE,Federal Contract Tower,0,6,31,0,37,0,27,23,0,50,0,33,54,0,87,62,0,62,149
11/28/2011,MGW,WV,AEA,CE,Federal Contract Tower,0,6,17,7,30,0,11,12,3,26,0,17,29,10,56,0,14,14,70
11/29/2011,MGW,WV,AEA,CE,Federal Contract Tower,0,12,9,0,21,0,11,8,1,20,0,23,17,1,41,60,0,60,101
11/30/2011,MGW,WV,AEA,CE,Federal Contract Tower,0,10,4,0,14,0,12,4,0,16,0,22,8,0,30,28,0,28,58
12/01/2011,MGW,WV,AEA,CE,Federal Contract Tower,0,14,10,4,28,0,18,49,5,72,0,32,59,9,100,74,4,78,178
12/02/2011,MGW,WV,AEA,CE,Federal Contract Tower,0,15,14,8,37,0,24,30,1,55,0,39,44,9,92,92,12,104,196
12/03/2011,MGW,WV,AEA,CE,Federal Contract Tower,10,17,0,0,27,0,16,40,0,56,10,33,40,0,83,80,0,80,163
12/04/2011,MGW,WV,AEA,CE,Federal Contract Tower,0,5,9,6,20,0,23,49,0,72,0,28,58,6,92,60,0,60,152
12/05/2011,MGW,WV,AEA,CE,Federal Contract Tower,0,10,10,6,26,0,12,24,6,42,0,22,34,12,68,30,0,30,98
12/06/2011,MGW,WV,AEA,CE,Federal Contract Tower,0,10,5,0,15,0,0,0,0,0,0,10,5,0,15,2,0,2,17
12/07/2011,MGW,WV,AEA,CE,Federal Contract Tower,0,14,7,0,21,0,0,0,0,0,0,14,7,0,21,0,0,0,21
12/08/2011,MGW,WV,AEA,CE,Federal Contract Tower,0,13,19,18,50,0,21,16,0,37,0,34,35,18,87,6,0,6,93
12/09/2011,MGW,WV,AEA,CE,Federal Contract Tower,0,13,14,13,40,0,12,17,4,33,0,25,31,17,73,32,0,32,105
12/10/2011,MGW,WV,AEA,CE,Federal Contract Tower,0,8,10,0,18,0,25,16,2,43,0,33,26,2,61,10,4,14,75
12/11/2011,MGW,WV,AEA,CE,Federal Contract Tower,0,4,18,0,22,0,25,26,0,51,0,29,44,0,73,58,0,58,131
12/12/2011,MGW,WV,AEA,CE,Federal Contract Tower,0,8,22,2,32,0,25,40,0,65,0,33,62,2,97,66,0,66,163
12/13/2011,MGW,WV,AEA,CE,Federal Contract Tower,0,10,15,0,25,0,42,30,4,76,0,52,45,4,101,8,0,8,109
12/14/2011,MGW,WV,AEA,CE,Federal Contract Tower,0,13,10,0,23,0,9,7,0,16,0,22,17,0,39,20,0,20,59
12/15/2011,MGW,WV,AEA,CE,Federal Contract Tower,0,12,4,0,16,0,14,2,0,16,0,26,6,0,32,0,0,0,32
12/16/2011,MGW,WV,AEA,CE,Federal Contract Tower,0,10,20,0,30,0,4,30,0,34,0,14,50,0,64,44,0,44,108
12/17/2011,MGW,WV,AEA,CE,Federal Contract Tower,0,12,25,0,37,0,14,2,0,16,0,26,27,0,53,0,0,0,53
12/18/2011,MGW,WV,AEA,CE,Federal Contract Tower,0,9,7,0,16,0,26,15,0,41,0,35,22,0,57,24,0,24,81
12/19/2011,MGW,WV,AEA,CE,Federal Contract Tower,0,7,27,4,38,0,22,15,8,45,0,29,42,12,83,18,0,18,101
12/20/2011,MGW,WV,AEA,CE,Federal Contract Tower,0,8,2,4,14,0,16,3,0,19,0,24,5,4,33,0,2,2,35
12/21/2011,MGW,WV,AEA,CE,Federal Contract Tower,0,12,4,0,16,0,14,5,0,19,0,26,9,0,35,0,0,0,35
12/22/2011,MGW,WV,AEA,CE,Federal Contract Tower,0,8,7,0,15,0,11,13,0,24,0,19,20,0,39,20,0,20,59
12/23/2011,MGW,WV,AEA,CE,Federal Contract Tower,0,8,2,0,10,0,4,0,0,4,0,12,2,0,14,0,0,0,14
12/24/2011,MGW,WV,AEA,CE,Federal Contract Tower,0,8,2,0,10,0,11,12,0,23,0,19,14,0,33,12,0,12,45
12/25/2011,MGW,WV,AEA,CE,Federal Contract Tower,0,4,1,0,5,0,16,0,0,16,0,20,1,0,21,0,0,0,21
12/26/2011,MGW,WV,AEA,CE,Federal Contract Tower,0,8,12,0,20,0,18,23,0,41,0,26,35,0,61,8,0,8,69
12/27/2011,MGW,WV,AEA,CE,Federal Contract Tower,0,7,6,0,13,0,2,0,0,2,0,9,6,0,15,0,0,0,15
12/28/2011,MGW,WV,AEA,CE,Federal Contract Tower,0,8,5,0,13,0,23,6,0,29,0,31,11,0,42,0,0,0,42
12/29/2011,MGW,WV,AEA,CE,Federal Contract Tower,0,8,5,0,13,0,6,10,0,16,0,14,15,0,29,28,0,28,57
12/30/2011,MGW,WV,AEA,CE,Federal Contract Tower,0,8,10,0,18,0,19,14,4,37,0,27,24,4,55,36,0,36,91
12/31/2011,MGW,WV,AEA,CE,Federal Contract Tower,0,6,12,0,18,0,16,0,0,16,0,22,12,0,34,0,0,0,34
01/01/2012,MGW,WV,AEA,CE,Federal Contract Tower,0,6,9,0,15,0,12,4,0,16,0,18,13,0,31,0,0,0,31
01/02/2012,MGW,WV,AEA,CE,Federal Contract Tower,0,7,2,0,9,0,8,0,0,8,0,15,2,0,17,0,0,0,17
01/03/2012,MGW,WV,AEA,CE,Federal Contract Tower,0,7,8,0,15,0,4,1,0,5,0,11,9,0,20,0,0,0,20
01/04/2012,MGW,WV,AEA,CE,Federal Contract Tower,0,12,7,3,22,0,17,4,1,22,0,29,11,4,44,0,0,0,44
01/05/2012,MGW,WV,AEA,CE,Federal Contract Tower,0,20,10,2,32,0,17,4,0,21,0,37,14,2,53,0,0,0,53
01/06/2012,MGW,WV,AEA,CE,Federal Contract Tower,0,16,5,4,25,0,36,17,1,54,0,52,22,5,79,14,10,24,103
01/07/2012,MGW,WV,AEA,CE,Federal Contract Tower,0,8,7,0,15,0,30,18,3,51,0,38,25,3,66,20,0,20,86
01/08/2012,MGW,WV,AEA,CE,Federal Contract Tower,0,8,11,3,22,0,14,13,9,36,0,22,24,12,58,36,18,54,112
01/09/2012,MGW,WV,AEA,CE,Federal Contract Tower,0,8,19,1,28,0,43,26,0,69,0,51,45,1,97,44,0,44,141
01/10/2012,MGW,WV,AEA,CE,Federal Contract Tower,0,10,17,0,27,0,49,20,2,71,0,59,37,2,98,54,0,54,152
01/11/2012,MGW,WV,AEA,CE,Federal Contract Tower,0,18,2,0,20,0,6,0,0,6,0,24,2,0,26,0,0,0,26
01/12/2012,MGW,WV,AEA,CE,Federal Contract Tower,0,10,18,4,32,0,9,0,0,9,0,19,18,4,41,0,4,4,45
01/13/2012,MGW,WV,AEA,CE,Federal Contract Tower,0,8,9,0,17,0,0,0,0,0,0,8,9,0,17,0,0,0,17
01/14/2012,MGW,WV,AEA,CE,Federal Contract Tower,0,6,18,1,25,0,20,4,2,26,0,26,22,3,51,0,0,0,51
01/15/2012,MGW,WV,AEA,CE,Federal Contract Tower,0,4,11,1,16,0,22,0,1,23,0,26,11,2,39,0,0,0,39
01/16/2012,MGW,WV,AEA,CE,Federal Contract Tower,0,11,4,0,15,0,36,7,0,43,0,47,11,0,58,10,0,10,68
01/17/2012,MGW,WV,AEA,CE,Federal Contract Tower,0,14,9,0,23,0,5,1,2,8,0,19,10,2,31,0,0,0,31
01/18/2012,MGW,WV,AEA,CE,Federal Contract Tower,0,15,10,0,25,0,14,6,0,20,0,29,16,0,45,14,0,14,59
01/19/2012,MGW,WV,AEA,CE,Federal Contract Tower,0,13,4,5,22,0,23,18,4,45,0,36,22,9,67,30,0,30,97
01/20/2012,MGW,WV,AEA,CE,Federal Contract Tower,1,10,12,0,23,0,9,10,2,21,1,19,22,2,44,12,0,12,56
01/21/2012,MGW,WV,AEA,CE,Federal Contract Tower,1,9,7,0,17,0,0,0,0,0,1,9,7,0,17,0,0,0,17
01/22/2012,MGW,WV,AEA,CE,Federal Contract Tower,0,8,23,0,31,0,20,21,0,41,0,28,44,0,72,72,0,72,144
01/23/2012,MGW,WV,AEA,CE,Federal Contract Tower,0,6,6,4,16,0,20,2,0,22,0,26,8,4,38,0,0,0,38
01/24/2012,MGW,WV,AEA,CE,Federal Contract Tower,0,8,11,16,35,0,16,10,8,34,0,24,21,24,69,0,0,0,69
01/25/2012,MGW,WV,AEA,CE,Federal Contract Tower,0,18,21,14,53,0,24,20,8,52,0,42,41,22,105,64,18,82,187
01/26/2012,MGW,WV,AEA,CE,Federal Contract Tower,0,12,20,0,32,0,20,0,0,20,0,32,20,0,52,8,0,8,60
01/27/2012,MGW,WV,AEA,CE,Federal Contract Tower,0,10,4,0,14,0,16,1,0,17,0,26,5,0,31,0,0,0,31
01/28/2012,MGW,WV,AEA,CE,Federal Contract Tower,0,8,3,0,11,0,6,7,0,13,0,14,10,0,24,36,0,36,60
01/29/2012,MGW,WV,AEA,CE,Federal Contract Tower,0,7,1,0,8,0,23,21,0,44,0,30,22,0,52,40,0,40,92
01/30/2012,MGW,WV,AEA,CE,Federal Contract Tower,0,8,11,26,45,0,26,21,7,54,0,34,32,33,99,30,10,40,139
01/31/2012,MGW,WV,AEA,CE,Federal Contract Tower,0,8,15,22,45,0,49,15,2,66,0,57,30,24,111,46,2,48,159
02/01/2012,MGW,WV,AEA,CE,Federal Contract Tower,0,11,10,2,23,0,16,0,0,16,0,27,10,2,39,0,2,2,41
02/02/2012,MGW,WV,AEA,CE,Federal Contract Tower,0,13,5,0,18,0,34,14,9,57,0,47,19,9,75,44,0,44,119
02/03/2012,MGW,WV,AEA,CE,Federal Contract Tower,0,8,22,6,36,0,51,52,7,110,0,59,74,13,146,172,2,174,320
02/04/2012,MGW,WV,AEA,CE,Federal Contract Tower,0,6,10,0,16,0,8,5,0,13,0,14,15,0,29,10,0,10,39
02/05/2012,MGW,WV,AEA,CE,Federal Contract Tower,0,4,4,2,10,0,13,15,0,28,0,17,19,2,38,22,0,22,60
02/06/2012,MGW,WV,AEA,CE,Federal Contract Tower,0,10,14,2,26,0,16,32,0,48,0,26,46,2,74,12,0,12,86
02/07/2012,MGW,WV,AEA,CE,Federal Contract Tower,0,10,35,8,53,0,34,49,8,91,0,44,84,16,144,66,0,66,210
02/08/2012,MGW,WV,AEA,CE,Federal Contract Tower,0,14,7,0,21,0,0,0,0,0,0,14,7,0,21,0,0,0,21
02/09/2012,MGW,WV,AEA,CE,Federal Contract Tower,0,15,13,12,40,0,11,31,9,51,0,26,44,21,91,48,20,68,159
02/10/2012,MGW,WV,AEA,CE,Federal Contract Tower,0,14,30,2,46,0,4,13,4,21,0,18,43,6,67,20,0,20,87
02/11/2012,MGW,WV,AEA,CE,Federal Contract Tower,0,6,4,0,10,0,0,0,0,0,0,6,4,0,10,0,0,0,10
02/12/2012,MGW,WV,AEA,CE,Federal Contract Tower,0,8,0,2,10,0,21,0,0,21,0,29,0,2,31,0,0,0,31
02/13/2012,MGW,WV,AEA,CE,Federal Contract Tower,0,9,5,0,14,0,22,10,0,32,0,31,15,0,46,10,0,10,56
02/14/2012,MGW,WV,AEA,CE,Federal Contract Tower,0,6,3,2,11,0,8,4,2,14,0,14,7,4,25,0,0,0,25
02/15/2012,MGW,WV,AEA,CE,Federal Contract Tower,0,8,17,2,27,0,17,11,0,28,0,25,28,2,55,38,0,38,93
02/16/2012,MGW,WV,AEA,CE,Federal Contract Tower,0,11,21,0,32,0,18,0,6,24,0,29,21,6,56,0,0,0,56
02/17/2012,MGW,WV,AEA,CE,Federal Contract Tower,0,16,19,2,37,0,34,38,6,78,0,50,57,8,115,64,2,66,181
02/18/2012,MGW,WV,AEA,CE,Federal Contract Tower,0,8,15,0,23,0,26,27,0,53,0,34,42,0,76,48,0,48,124
02/19/2012,MGW,WV,AEA,CE,Federal Contract Tower,0,8,5,0,13,0,16,5,0,21,0,24,10,0,34,0,0,0,34
02/20/2012,MGW,WV,AEA,CE,Federal Contract Tower,0,8,31,0,39,0,4,39,0,43,0,12,70,0,82,112,0,112,194
02/21/2012,MGW,WV,AEA,CE,Federal Contract Tower,0,14,16,2,32,0,12,16,11,39,0,26,32,13,71,46,36,82,153
02/22/2012,MGW,WV,AEA,CE,Federal Contract Tower,0,12,12,5,29,0,11,13,2,26,0,23,25,7,55,16,8,24,79
02/23/2012,MGW,WV,AEA,CE,Federal Contract Tower,0,13,14,2,29,0,44,11,4,59,0,57,25,6,88,16,6,22,110
02/24/2012,MGW,WV,AEA,CE,Federal Contract Tower,0,9,10,4,23,0,8,4,0,12,0,17,14,4,35,40,2,42,77
02/25/2012,MGW,WV,AEA,CE,Federal Contract Tower,0,17,9,0,26,0,8,2,0,10,0,25,11,0,36,0,0,0,36
02/26/2012,MGW,WV,AEA,CE,Federal Contract Tower,0,6,18,0,24,0,38,37,0,75,0,44,55,0,99,42,0,42,141
02/27/2012,MGW,WV,AEA,CE,Federal Contract Tower,0,6,13,2,21,0,39,14,2,55,0,45,27,4,76,0,0,0,76
02/28/2012,MGW,WV,AEA,CE,Federal Contract Tower,0,10,20,0,30,0,16,13,2,31,0,26,33,2,61,10,0,10,71
02/29/2012,MGW,WV,AEA,CE,Federal Contract Tower,0,14,5,0,19,0,12,0,0,12,0,26,5,0,31,0,0,0,31
03/01/2012,MGW,WV,AEA,CE,Federal Contract Tower,0,12,22,7,41,0,30,17,2,49,0,42,39,9,90,4,16,20,110
03/02/2012,MGW,WV,AEA,CE,Federal Contract Tower,0,10,17,6,33,0,26,8,0,34,0,36,25,6,67,8,0,8,75
03/03/2012,MGW,WV,AEA,CE,Federal Contract Tower,0,11,4,4,19,0,16,0,4,20,0,27,4,8,39,0,0,0,39
03/04/2012,MGW,WV,AEA,CE,Federal Contract Tower,0,8,6,2,16,0,17,2,0,19,0,25,8,2,35,0,0,0,35
03/05/2012,MGW,WV,AEA,CE,Federal Contract Tower,0,15,6,14,35,0,0,0,0,0,0,15,6,14,35,0,0,0,35
03/06/2012,MGW,WV,AEA,CE,Federal Contract Tower,0,8,27,1,36,0,24,22,6,52,0,32,49,7,88,42,0,42,130
03/07/2012,MGW,WV,AEA,CE,Federal Contract Tower,0,10,14,8,32,0,15,10,0,25,0,25,24,8,57,22,8,30,87
03/08/2012,MGW,WV,AEA,CE,Federal Contract Tower,0,17,3,6,26,0,16,0,4,20,0,33,3,10,46,0,6,6,52
03/09/2012,MGW,WV,AEA,CE,Federal Contract Tower,0,12,20,0,32,0,14,2,4,20,0,26,22,4,52,2,0,2,54
03/10/2012,MGW,WV,AEA,CE,Federal Contract Tower,0,6,25,0,31,0,19,46,0,65,0,25,71,0,96,42,0,42,138
03/11/2012,MGW,WV,AEA,CE,Federal Contract Tower,0,7,9,0,16,0,23,49,8,80,0,30,58,8,96,74,0,74,170
03/12/2012,MGW,WV,AEA,CE,Federal Contract Tower,0,6,12,0,18,0,10,2,0,12,0,16,14,0,30,0,0,0,30
03/13/2012,MGW,WV,AEA,CE,Federal Contract Tower,0,14,17,2,33,0,27,8,0,35,0,41,25,2,68,0,0,0,68
03/14/2012,MGW,WV,AEA,CE,Federal Contract Tower,0,10,16,7,33,0,31,47,3,81,0,41,63,10,114,62,24,86,200
03/15/2012,MGW,WV,AEA,CE,Federal Contract Tower,0,10,14,12,36,0,18,23,11,52,0,28,37,23,88,58,16,74,162
03/16/2012,MGW,WV,AEA,CE,Federal Contract Tower,0,11,10,0,21,0,22,16,0,38,0,33,26,0,59,28,0,28,87
03/17/2012,MGW,WV,AEA,CE,Federal Contract Tower,0,8,2,0,10,0,71,24,0,95,0,79,26,0,105,12,0,12,117
03/18/2012,MGW,WV,AEA,CE,Federal Contract Tower,0,6,16,0,22,0,42,25,0,67,0,48,41,0,89,56,0,56,145
03/19/2012,MGW,WV,AEA,CE,Federal Contract Tower,0,8,9,3,20,0,38,34,7,79,0,46,43,10,99,76,0,76,175
03/20/2012,MGW,WV,AEA,CE,Federal Contract Tower,0,10,13,0,23,0,33,17,2,52,0,43,30,2,75,34,0,34,109
03/21/2012,MGW,WV,AEA,CE,Federal Contract Tower,0,10,9,1,20,0,20,36,0,56,0,30,45,1,76,48,0,48,124
03/22/2012,MGW,WV,AEA,CE,Federal Contract Tower,0,12,14,10,36,0,37,32,0,69,0,49,46,10,105,74,0,74,179
03/23/2012,MGW,WV,AEA,CE,Federal Contract Tower,0,14,12,2,28,0,18,20,0,38,0,32,32,2,66,44,0,44,110
03/24/2012,MGW,WV,AEA,CE,Federal Contract Tower,0,6,12,0,18,0,10,9,0,19,0,16,21,0,37,8,0,8,45
03/25/2012,MGW,WV,AEA,CE,Federal Contract Tower,0,4,3,0,7,0,10,2,0,12,0,14,5,0,19,10,0,10,29
03/26/2012,MGW,WV,AEA,CE,Federal Contract Tower,0,6,8,0,14,0,50,28,0,78,0,56,36,0,92,90,0,90,182
03/27/2012,MGW,WV,AEA,CE,Federal Contract Tower,0,9,19,0,28,0,19,31,0,50,0,28,50,0,78,44,0,44,122
03/28/2012,MGW,WV,AEA,CE,Federal Contract Tower,0,10,9,0,19,0,18,3,2,23,0,28,12,2,42,0,0,0,42
03/29/2012,MGW,WV,AEA,CE,Federal Contract Tower,0,16,14,0,30,0,19,17,0,36,0,35,31,0,66,18,0,18,84
03/30/2012,MGW,WV,AEA,CE,Federal Contract Tower,0,12,6,0,18,0,23,13,0,36,0,35,19,0,54,8,0,8,62
03/31/2012,MGW,WV,AEA,CE,Federal Contract Tower,0,8,16,0,24,0,6,8,0,14,0,14,24,0,38,4,0,4,42
04/01/2012,MGW,WV,AEA,CE,Federal Contract Tower,0,4,12,0,16,0,15,16,0,31,0,19,28,0,47,18,0,18,65
04/02/2012,MGW,WV,AEA,CE,Federal Contract Tower,0,6,16,0,22,0,10,47,0,57,0,16,63,0,79,50,0,50,129
04/03/2012,MGW,WV,AEA,CE,Federal Contract Tower,0,14,22,2,38,0,27,35,2,64,0,41,57,4,102,50,0,50,152
04/04/2012,MGW,WV,AEA,CE,Federal Contract Tower,0,14,13,14,41,0,20,14,2,36,0,34,27,16,77,34,0,34,111
04/05/2012,MGW,WV,AEA,CE,Federal Contract Tower,0,12,20,4,36,0,12,32,0,44,0,24,52,4,80,28,2,30,110
04/06/2012,MGW,WV,AEA,CE,Federal Contract Tower,0,8,19,10,37,0,56,37,0,93,0,64,56,10,130,56,10,66,196
04/07/2012,MGW,WV,AEA,CE,Federal Contract Tower,0,8,8,0,16,0,53,32,0,85,0,61,40,0,101,8,0,8,109
04/08/2012,MGW,WV,AEA,CE,Federal Contract Tower,0,7,7,0,14,0,30,20,0,50,0,37,27,0,64,22,0,22,86
04/09/2012,MGW,WV,AEA,CE,Federal Contract Tower,0,15,13,6,34,0,17,30,0,47,0,32,43,6,81,40,0,40,121
04/10/2012,MGW,WV,AEA,CE,Federal Contract Tower,0,10,29,8,47,0,23,9,0,32,0,33,38,8,79,22,2,24,103
04/11/2012,MGW,WV,AEA,CE,Federal Contract Tower,0,15,12,2,29,0,18,14,6,38,0,33,26,8,67,50,10,60,127
04/12/2012,MGW,WV,AEA,CE,Federal Contract Tower,0,16,26,8,50,0,71,27,4,102,0,87,53,12,152,66,2,68,220
04/13/2012,MGW,WV,AEA,CE,Federal Contract Tower,0,10,18,2,30,0,34,38,2,74,0,44,56,4,104,70,0,70,174
04/14/2012,MGW,WV,AEA,CE,Federal Contract Tower,0,8,4,0,12,0,52,15,0,67,0,60,19,0,79,6,0,6,85
04/15/2012,MGW,WV,AEA,CE,Federal Contract Tower,0,8,12,4,24,0,45,14,2,61,0,53,26,6,85,32,0,32,117
04/16/2012,MGW,WV,AEA,CE,Federal Contract Tower,0,10,11,4,25,0,25,11,4,40,0,35,22,8,65,0,0,0,65
04/17/2012,MGW,WV,AEA,CE,Federal Contract Tower,0,6,3,0,9,0,33,12,5,50,0,39,15,5,59,14,40,54,113
04/18/2012,MGW,WV,AEA,CE,Federal Contract Tower,0,12,28,2,42,0,16,16,4,36,0,28,44,6,78,56,0,56,134
04/19/2012,MGW,WV,AEA,CE,Federal Contract Tower,0,16,35,2,53,0,25,33,13,71,0,41,68,15,124,60,22,82,206
04/20/2012,MGW,WV,AEA,CE,Federal Contract Tower,0,13,21,4,38,0,25,47,5,77,0,38,68,9,115,62,0,62,177
04/21/2012,MGW,WV,AEA,CE,Federal Contract Tower,0,8,11,1,20,0,8,0,0,8,0,16,11,1,28,0,0,0,28
04/22/2012,MGW,WV,AEA,CE,Federal Contract Tower,0,8,18,2,28,0,0,2,4,6,0,8,20,6,34,4,0,4,38
04/23/2012,MGW,WV,AEA,CE,Federal Contract Tower,0,6,3,0,9,0,14,0,0,14,0,20,3,0,23,0,0,0,23
04/24/2012,MGW,WV,AEA,CE,Federal Contract Tower,0,11,17,2,30,0,38,12,13,63,0,49,29,15,93,4,0,4,97
04/25/2012,MGW,WV,AEA,CE,Federal Contract Tower,0,22,24,0,46,0,10,10,2,22,0,32,34,2,68,0,0,0,68
04/26/2012,MGW,WV,AEA,CE,Federal Contract Tower,0,17,14,8,39,0,16,15,2,33,0,33,29,10,72,28,0,28,100
04/27/2012,MGW,WV,AEA,CE,Federal Contract Tower,0,17,13,16,46,0,45,44,0,89,0,62,57,16,135,96,0,96,231
04/28/2012,MGW,WV,AEA,CE,Federal Contract Tower,0,8,6,0,14,0,4,6,0,10,0,12,12,0,24,0,0,0,24
04/29/2012,MGW,WV,AEA,CE,Federal Contract Tower,0,8,9,0,17,0,24,28,0,52,0,32,37,0,69,68,0,68,137
04/30/2012,MGW,WV,AEA,CE,Federal Contract Tower,0,7,11,0,18,0,48,7,0,55,0,55,18,0,73,8,0,8,81
05/01/2012,MGW,WV,AEA,CE,Federal Contract Tower,0,13,14,0,27,0,52,16,4,72,0,65,30,4,99,34,0,34,133
05/02/2012,MGW,WV,AEA,CE,Federal Contract Tower,0,10,9,5,24,0,16,11,3,30,0,26,20,8,54,26,0,26,80
05/03/2012,MGW,WV,AEA,CE,Federal Contract Tower,0,17,13,2,32,0,35,38,2,75,0,52,51,4,107,200,0,200,307
05/04/2012,MGW,WV,AEA,CE,Federal Contract Tower,0,14,8,4,26,0,18,18,23,59,0,32,26,27,85,66,40,106,191
05/05/2012,MGW,WV,AEA,CE,Federal Contract Tower,0,11,21,4,36,0,18,13,6,37,0,29,34,10,73,24,12,36,109
05/06/2012,MGW,WV,AEA,CE,Federal Contract Tower,0,12,7,3,22,0,17,28,4,49,0,29,35,7,71,34,0,34,105
05/07/2012,MGW,WV,AEA,CE,Federal Contract Tower,0,10,20,2,32,0,41,29,2,72,0,51,49,4,104,58,0,58,162
05/08/2012,MGW,WV,AEA,CE,Federal Contract Tower,0,10,15,0,25,0,4,2,0,6,0,14,17,0,31,0,0,0,31
05/09/2012,MGW,WV,AEA,CE,Federal Contract Tower,0,8,17,1,26,0,4,8,2,14,0,12,25,3,40,24,0,24,64
05/10/2012,MGW,WV,AEA,CE,Federal Contract Tower,0,10,22,6,38,0,28,22,6,56,0,38,44,12,94,50,4,54,148
05/11/2012,MGW,WV,AEA,CE,Federal Contract Tower,0,12,29,0,41,0,75,51,1,127,0,87,80,1,168,116,0,116,284
05/12/2012,MGW,WV,AEA,CE,Federal Contract Tower,0,11,17,0,28,0,48,30,0,78,0,59,47,0,106,36,0,36,142
05/13/2012,MGW,WV,AEA,CE,Federal Contract Tower,0,7,15,0,22,0,20,8,0,28,0,27,23,0,50,6,0,6,56
05/14/2012,MGW,WV,AEA,CE,Federal Contract Tower,0,13,11,0,24,0,0,2,0,2,0,13,13,0,26,0,0,0,26
05/15/2012,MGW,WV,AEA,CE,Federal Contract Tower,0,20,21,0,41,0,46,11,2,59,0,66,32,2,100,24,0,24,124
05/16/2012,MGW,WV,AEA,CE,Federal Contract Tower,0,15,17,2,34,0,39,35,4,78,0,54,52,6,112,76,0,76,188
05/17/2012,MGW,WV,AEA,CE,Federal Contract Tower,0,14,27,12,53,0,31,27,0,58,0,45,54,12,111,70,10,80,191
05/18/2012,MGW,WV,AEA,CE,Federal Contract Tower,0,15,7,14,36,0,43,21,4,68,0,58,28,18,104,20,6,26,130
05/19/2012,MGW,WV,AEA,CE,Federal Contract Tower,0,10,12,0,22,0,28,68,0,96,0,38,80,0,118,72,0,72,190
05/20/2012,MGW,WV,AEA,CE,Federal Contract Tower,0,6,19,0,25,0,37,22,0,59,0,43,41,0,84,64,0,64,148
05/21/2012,MGW,WV,AEA,CE,Federal Contract Tower,0,9,11,0,20,0,18,11,0,29,0,27,22,0,49,20,0,20,69
05/22/2012,MGW,WV,AEA,CE,Federal Contract Tower,0,11,13,0,24,0,22,9,8,39,0,33,22,8,63,32,0,32,95
05/23/2012,MGW,WV,AEA,CE,Federal Contract Tower,0,10,30,2,42,0,18,6,2,26,0,28,36,4,68,12,2,14,82
05/24/2012,MGW,WV,AEA,CE,Federal Contract Tower,0,16,19,1,36,0,31,18,5,54,0,47,37,6,90,32,0,32,122
05/25/2012,MGW,WV,AEA,CE,Federal Contract Tower,0,10,19,0,29,0,67,31,0,98,0,77,50,0,127,50,0,50,177
05/26/2012,MGW,WV,AEA,CE,Federal Contract Tower,0,8,6,0,14,0,39,19,0,58,0,47,25,0,72,0,0,0,72
05/27/2012,MGW,WV,AEA,CE,Federal Contract Tower,0,4,15,0,19,0,40,6,0,46,0,44,21,0,65,0,0,0,65
05/28/2012,MGW,WV,AEA,CE,Federal Contract Tower,0,6,7,0,13,0,25,12,0,37,0,31,19,0,50,26,0,26,76
05/29/2012,MGW,WV,AEA,CE,Federal Contract Tower,0,9,10,2,21,0,20,8,10,38,0,29,18,12,59,10,12,22,81
05/30/2012,MGW,WV,AEA,CE,Federal Contract Tower,0,12,11,0,23,0,22,34,2,58,0,34,45,2,81,60,0,60,141
05/31/2012,MGW,WV,AEA,CE,Federal Contract Tower,0,14,23,2,39,0,28,53,2,83,0,42,76,4,122,86,26,112,234
06/01/2012,MGW,WV,AEA,CE,Federal Contract Tower,0,14,8,6,28,0,23,2,0,25,0,37,10,6,53,20,4,24,77
06/02/2012,MGW,WV,AEA,CE,Federal Contract Tower,0,13,8,0,21,0,26,18,4,48,0,39,26,4,69,28,12,40,109
06/03/2012,MGW,WV,AEA,CE,Federal Contract Tower,0,13,16,4,33,0,31,43,2,76,0,44,59,6,109,86,0,86,195
06/04/2012,MGW,WV,AEA,CE,Federal Contract Tower,0,7,9,0,16,0,32,25,2,59,0,39,34,2,75,36,0,36,111
06/05/2012,MGW,WV,AEA,CE,Federal Contract Tower,0,16,14,4,34,0,35,37,2,74,0,51,51,6,108,106,0,106,214
06/06/2012,MGW,WV,AEA,CE,Federal Contract Tower,0,15,27,2,44,0,44,51,6,101,0,59,78,8,145,84,14,98,243
06/07/2012,MGW,WV,AEA,CE,Federal Contract Tower,0,13,37,0,50,0,41,54,2,97,0,54,91,2,147,84,0,84,231
06/08/2012,MGW,WV,AEA,CE,Federal Contract Tower,0,12,15,16,43,0,37,42,13,92,0,49,57,29,135,76,8,84,219
06/09/2012,MGW,WV,AEA,CE,Federal Contract Tower,0,11,21,2,34,0,49,27,5,81,0,60,48,7,115,96,0,96,211
06/10/2012,MGW,WV,AEA,CE,Federal Contract Tower,0,9,17,0,26,0,66,40,4,110,0,75,57,4,136,102,8,110,246
06/11/2012,MGW,WV,AEA,CE,Federal Contract Tower,0,17,21,0,38,0,21,29,2,52,0,38,50,2,90,48,0,48,138
06/12/2012,MGW,WV,AEA,CE,Federal Contract Tower,0,10,14,6,30,0,39,16,0,55,0,49,30,6,85,22,2,24,109
06/13/2012,MGW,WV,AEA,CE,Federal Contract Tower,0,16,25,14,55,0,56,33,2,91,0,72,58,16,146,58,0,58,204
06/14/2012,MGW,WV,AEA,CE,Federal Contract Tower,0,20,24,6,50,0,43,45,0,88,0,63,69,6,138,54,0,54,192
06/15/2012,MGW,WV,AEA,CE,Federal Contract Tower,0,16,14,2,32,0,28,22,0,50,0,44,36,2,82,34,0,34,116
06/16/2012,MGW,WV,AEA,CE,Federal Contract Tower,0,8,14,4,26,0,24,147,0,171,0,32,161,4,197,180,0,180,377
06/17/2012,MGW,WV,AEA,CE,Federal Contract Tower,0,7,8,0,15,0,12,29,0,41,0,19,37,0,56,50,0,50,106
06/18/2012,MGW,WV,AEA,CE,Federal Contract Tower,0,7,14,0,21,0,16,22,6,44,0,23,36,6,65,36,0,36,101
06/19/2012,MGW,WV,AEA,CE,Federal Contract Tower,0,6,33,2,41,0,34,35,1,70,0,40,68,3,111,82,2,84,195
06/20/2012,MGW,WV,AEA,CE,Federal Contract Tower,0,22,16,6,44,0,51,30,9,90,0,73,46,15,134,66,10,76,210
06/21/2012,MGW,WV,AEA,CE,Federal Contract Tower,0,11,21,2,34,0,14,31,0,45,0,25,52,2,79,52,0,52,131
06/22/2012,MGW,WV,AEA,CE,Federal Contract Tower,0,13,20,3,36,0,43,20,0,63,0,56,40,3,99,26,0,26,125
06/23/2012,MGW,WV,AEA,CE,Federal Contract Tower,0,11,6,1,18,0,28,25,1,54,0,39,31,2,72,12,0,12,84
06/24/2012,MGW,WV,AEA,CE,Federal Contract Tower,0,11,21,0,32,0,41,34,0,75,0,52,55,0,107,34,0,34,141
06/25/2012,MGW,WV,AEA,CE,Federal Contract Tower,0,9,17,5,31,0,29,21,9,59,0,38,38,14,90,2,0,2,92
06/26/2012,MGW,WV,AEA,CE,Federal Contract Tower,0,12,18,4,34,0,29,35,13,77,0,41,53,17,111,44,22,66,177
06/27/2012,MGW,WV,AEA,CE,Federal Contract Tower,0,19,23,2,44,0,34,45,2,81,0,53,68,4,125,80,8,88,213
06/28/2012,MGW,WV,AEA,CE,Federal Contract Tower,0,12,14,0,26,0,39,31,5,75,0,51,45,5,101,92,0,92,193
06/29/2012,MGW,WV,AEA,CE,Federal Contract Tower,0,14,30,0,44,0,21,22,0,43,0,35,52,0,87,46,0,46,133
06/30/2012,MGW,WV,AEA,CE,Federal Contract Tower,0,6,9,1,16,0,50,20,0,70,0,56,29,1,86,6,0,6,92
07/01/2012,MGW,WV,AEA,CE,Federal Contract Tower,0,6,12,0,18,0,35,22,0,57,0,41,34,0,75,26,0,26,101
07/02/2012,MGW,WV,AEA,CE,Federal Contract Tower,0,10,6,10,26,0,25,25,2,52,0,35,31,12,78,16,0,16,94
07/03/2012,MGW,WV,AEA,CE,Federal Contract Tower,0,7,15,2,24,0,38,42,2,82,0,45,57,4,106,48,0,48,154
07/04/2012,MGW,WV,AEA,CE,Federal Contract Tower,0,12,4,0,16,0,36,19,0,55,0,48,23,0,71,0,0,0,71
07/05/2012,MGW,WV,AEA,CE,Federal Contract Tower,0,8,7,0,15,0,21,15,0,36,0,29,22,0,51,38,0,38,89
07/06/2012,MGW,WV,AEA,CE,Federal Contract Tower,0,12,17,1,30,0,66,28,1,95,0,78,45,2,125,28,0,28,153
07/07/2012,MGW,WV,AEA,CE,Federal Contract Tower,0,8,3,0,11,0,37,21,5,63,0,45,24,5,74,6,0,6,80
07/08/2012,MGW,WV,AEA,CE,Federal Contract Tower,0,6,11,0,17,0,43,13,0,56,0,49,24,0,73,12,0,12,85
07/09/2012,MGW,WV,AEA,CE,Federal Contract Tower,0,8,15,0,23,0,34,24,10,68,0,42,39,10,91,54,0,54,145
07/10/2012,MGW,WV,AEA,CE,Federal Contract Tower,0,10,9,2,21,0,35,20,6,61,0,45,29,8,82,64,0,64,146
07/11/2012,MGW,WV,AEA,CE,Federal Contract Tower,0,11,11,6,28,0,24,19,5,48,0,35,30,11,76,52,8,60,136
07/12/2012,MGW,WV,AEA,CE,Federal Contract Tower,0,21,38,0,59,0,23,56,2,81,0,44,94,2,140,86,10,96,236
07/13/2012,MGW,WV,AEA,CE,Federal Contract Tower,0,10,13,2,25,0,12,5,0,17,0,22,18,2,42,10,0,10,52
07/14/2012,MGW,WV,AEA,CE,Federal Contract Tower,0,6,12,0,18,0,16,14,6,36,0,22,26,6,54,14,0,14,68
07/15/2012,MGW,WV,AEA,CE,Federal Contract Tower,0,5,10,4,19,0,22,9,0,31,0,27,19,4,50,0,0,0,50
07/16/2012,MGW,WV,AEA,CE,Federal Contract Tower,0,8,14,2,24,0,34,35,8,77,0,42,49,10,101,50,0,50,151
07/17/2012,MGW,WV,AEA,CE,Federal Contract Tower,0,6,13,8,27,0,26,26,4,56,0,32,39,12,83,24,0,24,107
07/18/2012,MGW,WV,AEA,CE,Federal Contract Tower,0,6,11,3,20,0,17,7,0,24,0,23,18,3,44,8,0,8,52
07/19/2012,MGW,WV,AEA,CE,Federal Contract Tower,0,12,11,11,34,0,12,12,0,24,0,24,23,11,58,32,2,34,92
07/20/2012,MGW,WV,AEA,CE,Federal Contract Tower,0,12,21,4,37,0,4,0,0,4,0,16,21,4,41,0,0,0,41
07/21/2012,MGW,WV,AEA,CE,Federal Contract Tower,0,8,15,5,28,0,22,7,0,29,0,30,22,5,57,10,0,10,67
07/22/2012,MGW,WV,AEA,CE,Federal Contract Tower,0,9,8,0,17,0,35,22,0,57,0,44,30,0,74,22,0,22,96
07/23/2012,MGW,WV,AEA,CE,Federal Contract Tower,0,11,20,0,31,0,52,21,0,73,0,63,41,0,104,0,0,0,104
07/24/2012,MGW,WV,AEA,CE,Federal Contract Tower,0,12,19,0,31,0,6,19,20,45,0,18,38,20,76,14,0,14,90
07/25/2012,MGW,WV,AEA,CE,Federal Contract Tower,0,13,21,0,34,0,35,30,2,67,0,48,51,2,101,52,0,52,153
07/26/2012,MGW,WV,AEA,CE,Federal Contract Tower,0,8,10,4,22,0,21,5,0,26,0,29,15,4,48,12,4,16,64
07/27/2012,MGW,WV,AEA,CE,Federal Contract Tower,0,10,21,0,31,0,20,6,0,26,0,30,27,0,57,2,0,2,59
07/28/2012,MGW,WV,AEA,CE,Federal Contract Tower,0,10,7,0,17,0,24,23,0,47,0,34,30,0,64,80,0,80,144
07/29/2012,MGW,WV,AEA,CE,Federal Contract Tower,0,4,17,0,21,0,18,17,2,37,0,22,34,2,58,14,0,14,72
07/30/2012,MGW,WV,AEA,CE,Federal Contract Tower,0,6,6,0,12,0,52,21,0,73,0,58,27,0,85,8,0,8,93
07/31/2012,MGW,WV,AEA,CE,Federal Contract Tower,0,6,19,0,25,0,9,25,0,34,0,15,44,0,59,118,0,118,177
08/01/2012,MGW,WV,AEA,CE,Federal Contract Tower,0,16,15,2,33,0,20,26,2,48,0,36,41,4,81,42,0,42,123
08/02/2012,MGW,WV,AEA,CE,Federal Contract Tower,0,17,13,2,32,0,27,37,0,64,0,44,50,2,96,28,0,28,124
08/03/2012,MGW,WV,AEA,CE,Federal Contract Tower,0,16,15,6,37,0,32,22,4,58,0,48,37,10,95,8,0,8,103
08/04/2012,MGW,WV,AEA,CE,Federal Contract Tower,0,7,14,0,21,0,49,25,24,98,0,56,39,24,119,32,16,48,167
08/05/2012,MGW,WV,AEA,CE,Federal Contract Tower,0,8,9,2,19,0,24,0,0,24,0,32,9,2,43,0,0,0,43
08/06/2012,MGW,WV,AEA,CE,Federal Contract Tower,0,8,29,1,38,0,15,29,15,59,0,23,58,16,97,8,20,28,125
08/07/2012,MGW,WV,AEA,CE,Federal Contract Tower,0,12,10,0,22,0,49,24,14,87,0,61,34,14,109,68,8,76,185
08/08/2012,MGW,WV,AEA,CE,Federal Contract Tower,0,11,8,7,26,0,30,25,11,66,0,41,33,18,92,22,56,78,170
08/09/2012,MGW,WV,AEA,CE,Federal Contract Tower,0,10,5,7,22,0,10,15,8,33,0,20,20,15,55,42,50,92,147
08/10/2012,MGW,WV,AEA,CE,Federal Contract Tower,0,18,11,3,32,0,28,15,6,49,0,46,26,9,81,26,84,110,191
08/11/2012,MGW,WV,AEA,CE,Federal Contract Tower,0,8,14,1,23,0,28,25,7,60,0,36,39,8,83,4,0,4,87
08/12/2012,MGW,WV,AEA,CE,Federal Contract Tower,0,6,16,0,22,0,27,30,2,59,0,33,46,2,81,24,0,24,105
08/13/2012,MGW,WV,AEA,CE,Federal Contract Tower,0,9,10,2,21,0,58,37,4,99,0,67,47,6,120,18,0,18,138
08/14/2012,MGW,WV,AEA,CE,Federal Contract Tower,0,16,9,2,27,0,16,26,0,42,0,32,35,2,69,8,0,8,77
08/15/2012,MGW,WV,AEA,CE,Federal Contract Tower,0,16,17,4,37,0,14,11,0,25,0,30,28,4,62,4,4,8,70
08/16/2012,MGW,WV,AEA,CE,Federal Contract Tower,0,24,13,1,38,0,40,25,1,66,0,64,38,2,104,44,0,44,148
08/17/2012,MGW,WV,AEA,CE,Federal Contract Tower,0,12,21,8,41,0,14,14,4,32,0,26,35,12,73,18,8,26,99
08/18/2012,MGW,WV,AEA,CE,Federal Contract Tower,0,14,16,1,31,0,53,49,24,126,0,67,65,25,157,84,32,116,273
08/19/2012,MGW,WV,AEA,CE,Federal Contract Tower,0,19,7,2,28,0,33,28,0,61,0,52,35,2,89,38,0,38,127
08/20/2012,MGW,WV,AEA,CE,Federal Contract Tower,0,10,13,0,23,0,21,29,0,50,0,31,42,0,73,32,0,32,105
08/21/2012,MGW,WV,AEA,CE,Federal Contract Tower,0,11,22,0,33,0,73,39,0,112,0,84,61,0,145,36,0,36,181
08/22/2012,MGW,WV,AEA,CE,Federal Contract Tower,0,14,17,2,33,0,42,30,2,74,0,56,47,4,107,106,6,112,219
08/23/2012,MGW,WV,AEA,CE,Federal Contract Tower,0,13,10,2,25,0,43,40,2,85,0,56,50,4,110,206,6,212,322
08/24/2012,MGW,WV,AEA,CE,Federal Contract Tower,0,15,14,9,38,0,21,50,7,78,0,36,64,16,116,138,0,138,254
08/25/2012,MGW,WV,AEA,CE,Federal Contract Tower,0,11,6,0,17,0,69,29,0,98,0,80,35,0,115,86,0,86,201
08/26/2012,MGW,WV,AEA,CE,Federal Contract Tower,0,9,8,0,17,0,41,26,0,67,0,50,34,0,84,10,0,10,94
08/27/2012,MGW,WV,AEA,CE,Federal Contract Tower,0,17,13,5,35,0,45,41,11,97,0,62,54,16,132,186,16,202,334
08/28/2012,MGW,WV,AEA,CE,Federal Contract Tower,0,16,6,6,28,0,33,25,2,60,0,49,31,8,88,70,6,76,164
08/29/2012,MGW,WV,AEA,CE,Federal Contract Tower,0,21,12,10,43,0,35,37,4,76,0,56,49,14,119,86,2,88,207
08/30/2012,MGW,WV,AEA,CE,Federal Contract Tower,0,10,15,8,33,0,24,48,3,75,0,34,63,11,108,56,6,62,170
08/31/2012,MGW,WV,AEA,CE,Federal Contract Tower,0,17,28,14,59,0,25,55,0,80,0,42,83,14,139,52,6,58,197
09/01/2012,MGW,WV,AEA,CE,Federal Contract Tower,0,7,25,9,41,0,35,28,0,63,0,42,53,9,104,156,0,156,260
09/02/2012,MGW,WV,AEA,CE,Federal Contract Tower,0,9,4,0,13,0,13,13,0,26,0,22,17,0,39,12,0,12,51
09/03/2012,MGW,WV,AEA,CE,Federal Contract Tower,0,8,3,0,11,0,13,30,0,43,0,21,33,0,54,92,0,92,146
09/04/2012,MGW,WV,AEA,CE,Federal Contract Tower,0,17,2,8,27,0,29,23,0,52,0,46,25,8,79,62,2,64,143
09/05/2012,MGW,WV,AEA,CE,Federal Contract Tower,0,17,15,8,40,0,31,21,0,52,0,48,36,8,92,62,4,66,158
09/06/2012,MGW,WV,AEA,CE,Federal Contract Tower,0,16,16,10,42,0,21,28,0,49,0,37,44,10,91,86,4,90,181
09/07/2012,MGW,WV,AEA,CE,Federal Contract Tower,0,18,21,10,49,0,42,14,0,56,0,60,35,10,105,8,4,12,117
09/08/2012,MGW,WV,AEA,CE,Federal Contract Tower,0,8,0,0,8,0,11,0,0,11,0,19,0,0,19,0,0,0,19
09/09/2012,MGW,WV,AEA,CE,Federal Contract Tower,0,9,0,0,9,0,19,0,0,19,0,28,0,0,28,0,0,0,28
09/10/2012,MGW,WV,AEA,CE,Federal Contract Tower,0,10,4,18,32,0,24,46,13,83,0,34,50,31,115,90,4,94,209
09/11/2012,MGW,WV,AEA,CE,Federal Contract Tower,0,12,30,4,46,0,43,43,4,90,0,55,73,8,136,108,0,108,244
09/12/2012,MGW,WV,AEA,CE,Federal Contract Tower,0,12,13,7,32,0,27,43,0,70,0,39,56,7,102,90,4,94,196
09/13/2012,MGW,WV,AEA,CE,Federal Contract Tower,0,16,22,6,44,0,33,26,4,63,0,49,48,10,107,26,2,28,135
09/14/2012,MGW,WV,AEA,CE,Federal Contract Tower,0,15,17,4,36,0,34,25,3,62,0,49,42,7,98,32,2,34,132
09/15/2012,MGW,WV,AEA,CE,Federal Contract Tower,0,12,4,0,16,0,31,6,0,37,0,43,10,0,53,0,0,0,53
09/16/2012,MGW,WV,AEA,CE,Federal Contract Tower,0,8,14,0,22,0,18,42,2,62,0,26,56,2,84,0,0,0,84
09/17/2012,MGW,WV,AEA,CE,Federal Contract Tower,0,18,19,6,43,0,30,33,2,65,0,48,52,8,108,82,0,82,190
09/18/2012,MGW,WV,AEA,CE,Federal Contract Tower,0,21,4,0,25,0,9,5,0,14,0,30,9,0,39,2,0,2,41
09/19/2012,MGW,WV,AEA,CE,Federal Contract Tower,0,15,41,10,66,0,25,25,4,54,0,40,66,14,120,92,4,96,216
09/20/2012,MGW,WV,AEA,CE,Federal Contract Tower,0,10,26,4,40,0,42,49,0,91,0,52,75,4,131,84,2,86,217
09/21/2012,MGW,WV,AEA,CE,Federal Contract Tower,0,17,31,14,62,0,54,51,0,105,0,71,82,14,167,40,2,42,209
09/22/2012,MGW,WV,AEA,CE,Federal Contract Tower,0,16,21,2,39,0,21,17,0,38,0,37,38,2,77,134,0,134,211
09/23/2012,MGW,WV,AEA,CE,Federal Contract Tower,0,7,19,0,26,0,26,37,2,65,0,33,56,2,91,38,0,38,129
09/24/2012,MGW,WV,AEA,CE,Federal Contract Tower,0,8,12,4,24,0,43,49,4,96,0,51,61,8,120,92,0,92,212
09/25/2012,MGW,WV,AEA,CE,Federal Contract Tower,0,12,11,2,25,0,37,25,0,62,0,49,36,2,87,30,2,32,119
09/26/2012,MGW,WV,AEA,CE,Federal Contract Tower,0,18,8,10,36,0,18,12,0,30,0,36,20,10,66,27,8,35,101
09/27/2012,MGW,WV,AEA,CE,Federal Contract Tower,0,11,12,4,27,0,10,16,5,31,0,21,28,9,58,60,0,60,118
09/28/2012,MGW,WV,AEA,CE,Federal Contract Tower,0,18,29,1,48,0,6,22,0,28,0,24,51,1,76,46,0,46,122
09/29/2012,MGW,WV,AEA,CE,Federal Contract Tower,0,13,43,0,56,0,22,40,0,62,0,35,83,0,118,128,0,128,246
09/30/2012,MGW,WV,AEA,CE,Federal Contract Tower,0,14,22,0,36,0,50,21,0,71,0,64,43,0,107,16,0,16,123
10/01/2012,MGW,WV,AEA,CE,Federal Contract Tower,0,12,21,0,33,0,28,29,0,57,0,40,50,0,90,146,0,146,236
10/02/2012,MGW,WV,AEA,CE,Federal Contract Tower,0,19,18,2,39,0,22,26,0,48,0,41,44,2,87,52,0,52,139
10/03/2012,MGW,WV,AEA,CE,Federal Contract Tower,0,18,17,2,37,0,15,27,2,44,0,33,44,4,81,62,0,62,143
10/04/2012,MGW,WV,AEA,CE,Federal Contract Tower,0,19,21,2,42,0,45,31,4,80,0,64,52,6,122,60,12,72,194
10/05/2012,MGW,WV,AEA,CE,Federal Contract Tower,0,18,10,0,28,0,21,32,0,53,0,39,42,0,81,78,0,78,159
10/06/2012,MGW,WV,AEA,CE,Federal Contract Tower,0,8,0,0,8,0,21,8,0,29,0,29,8,0,37,0,0,0,37
10/07/2012,MGW,WV,AEA,CE,Federal Contract Tower,0,14,14,0,28,0,27,13,0,40,0,41,27,0,68,22,0,22,90
10/08/2012,MGW,WV,AEA,CE,Federal Contract Tower,0,16,10,0,26,0,35,13,0,48,0,51,23,0,74,16,0,16,90
10/09/2012,MGW,WV,AEA,CE,Federal Contract Tower,0,25,16,0,41,0,18,26,8,52,0,43,42,8,93,114,26,140,233
10/10/2012,MGW,WV,AEA,CE,Federal Contract Tower,0,10,12,2,24,0,29,18,6,53,0,39,30,8,77,32,32,64,141
10/11/2012,MGW,WV,AEA,CE,Federal Contract Tower,0,11,18,2,31,0,26,34,5,65,0,37,52,7,96,38,0,38,134
10/12/2012,MGW,WV,AEA,CE,Federal Contract Tower,0,12,22,4,38,0,67,32,6,105,0,79,54,10,143,68,0,68,211
10/13/2012,MGW,WV,AEA,CE,Federal Contract Tower,0,7,31,0,38,0,63,37,8,108,0,70,68,8,146,46,0,46,192
10/14/2012,MGW,WV,AEA,CE,Federal Contract Tower,0,10,7,2,19,0,51,20,0,71,0,61,27,2,90,64,0,64,154
10/15/2012,MGW,WV,AEA,CE,Federal Contract Tower,0,17,11,7,35,0,25,18,8,51,0,42,29,15,86,22,60,82,168
10/16/2012,MGW,WV,AEA,CE,Federal Contract Tower,0,17,15,4,36,0,21,36,2,59,0,38,51,6,95,122,0,122,217
10/17/2012,MGW,WV,AEA,CE,Federal Contract Tower,0,15,15,8,38,0,22,27,0,49,0,37,42,8,87,74,4,78,165
10/18/2012,MGW,WV,AEA,CE,Federal Contract Tower,0,10,4,2,16,0,13,9,0,22,0,23,13,2,38,16,0,16,54
10/19/2012,MGW,WV,AEA,CE,Federal Contract Tower,0,21,14,8,43,0,38,28,0,66,0,59,42,8,109,24,0,24,133
10/20/2012,MGW,WV,AEA,CE,Federal Contract Tower,0,10,35,0,45,0,32,28,0,60,0,42,63,0,105,218,0,218,323
10/21/2012,MGW,WV,AEA,CE,Federal Contract Tower,0,14,10,0,24,0,31,35,0,66,0,45,45,0,90,28,0,28,118
10/22/2012,MGW,WV,AEA,CE,Federal Contract Tower,0,10,8,0,18,0,40,31,0,71,0,50,39,0,89,72,0,72,161
10/23/2012,MGW,WV,AEA,CE,Federal Contract Tower,0,18,11,6,35,0,39,27,6,72,0,57,38,12,107,124,16,140,247
10/24/2012,MGW,WV,AEA,CE,Federal Contract Tower,0,14,20,0,34,0,28,29,2,59,0,42,49,2,93,44,0,44,137
10/25/2012,MGW,WV,AEA,CE,Federal Contract Tower,0,16,26,3,45,0,8,34,5,47,0,24,60,8,92,28,0,28,120
10/26/2012,MGW,WV,AEA,CE,Federal Contract Tower,0,17,17,3,37,0,93,34,0,127,0,110,51,3,164,44,0,44,208
10/27/2012,MGW,WV,AEA,CE,Federal Contract Tower,0,6,4,14,24,0,6,1,2,9,0,12,5,16,33,8,0,8,41
10/28/2012,MGW,WV,AEA,CE,Federal Contract Tower,0,4,6,0,10,0,0,0,0,0,0,4,6,0,10,0,0,0,10
10/29/2012,MGW,WV,AEA,CE,Federal Contract Tower,0,0,0,0,0,0,0,0,0,0,0,0,0,0,0,0,0,0,0
10/30/2012,MGW,WV,AEA,CE,Federal Contract Tower,0,0,0,0,0,0,0,0,0,0,0,0,0,0,0,0,0,0,0
10/31/2012,MGW,WV,AEA,CE,Federal Contract Tower,0,8,4,2,14,0,0,0,0,0,0,8,4,2,14,0,0,0,14
11/01/2012,MGW,WV,AEA,CE,Federal Contract Tower,0,16,11,4,31,0,0,0,0,0,0,16,11,4,31,0,0,0,31
11/02/2012,MGW,WV,AEA,CE,Federal Contract Tower,0,19,7,6,32,0,35,12,0,47,0,54,19,6,79,0,0,0,79
11/03/2012,MGW,WV,AEA,CE,Federal Contract Tower,0,8,26,0,34,0,18,37,2,57,0,26,63,2,91,196,0,196,287
11/04/2012,MGW,WV,AEA,CE,Federal Contract Tower,0,7,9,2,18,0,18,32,10,60,0,25,41,12,78,66,0,66,144
11/05/2012,MGW,WV,AEA,CE,Federal Contract Tower,0,12,15,0,27,0,49,20,0,69,0,61,35,0,96,60,0,60,156
11/06/2012,MGW,WV,AEA,CE,Federal Contract Tower,0,13,27,0,40,0,10,24,4,38,0,23,51,4,78,56,20,76,154
11/07/2012,MGW,WV,AEA,CE,Federal Contract Tower,0,13,6,0,19,0,25,24,4,53,0,38,30,4,72,30,18,48,120
11/08/2012,MGW,WV,AEA,CE,Federal Contract Tower,0,16,11,9,36,0,22,20,1,43,0,38,31,10,79,18,4,22,101
11/09/2012,MGW,WV,AEA,CE,Federal Contract Tower,0,16,13,10,39,0,11,41,0,52,0,27,54,10,91,4,6,10,101
11/10/2012,MGW,WV,AEA,CE,Federal Contract Tower,0,6,16,0,22,0,27,45,0,72,0,33,61,0,94,62,0,62,156
11/11/2012,MGW,WV,AEA,CE,Federal Contract Tower,0,7,17,0,24,0,20,65,0,85,0,27,82,0,109,66,0,66,175
11/12/2012,MGW,WV,AEA,CE,Federal Contract Tower,0,9,5,2,16,0,2,1,0,3,0,11,6,2,19,0,0,0,19
11/13/2012,MGW,WV,AEA,CE,Federal Contract Tower,0,12,6,6,24,0,25,12,0,37,0,37,18,6,61,0,0,0,61
11/14/2012,MGW,WV,AEA,CE,Federal Contract Tower,0,10,11,0,21,0,33,23,4,60,0,43,34,4,81,12,0,12,93
11/15/2012,MGW,WV,AEA,CE,Federal Contract Tower,0,20,26,8,54,0,32,24,4,60,0,52,50,12,114,18,30,48,162
11/16/2012,MGW,WV,AEA,CE,Federal Contract Tower,0,14,13,5,32,0,35,37,2,74,0,49,50,7,106,24,14,38,144
11/17/2012,MGW,WV,AEA,CE,Federal Contract Tower,0,5,50,0,55,0,22,41,0,63,0,27,91,0,118,118,0,118,236
11/18/2012,MGW,WV,AEA,CE,Federal Contract Tower,0,10,12,6,28,0,32,41,6,79,0,42,53,12,107,58,0,58,165
11/19/2012,MGW,WV,AEA,CE,Federal Contract Tower,0,15,14,0,29,0,20,20,2,42,0,35,34,2,71,40,0,40,111
11/20/2012,MGW,WV,AEA,CE,Federal Contract Tower,0,17,3,0,20,0,31,20,0,51,0,48,23,0,71,20,0,20,91
11/21/2012,MGW,WV,AEA,CE,Federal Contract Tower,0,17,7,0,24,0,27,22,0,49,0,44,29,0,73,54,0,54,127
11/22/2012,MGW,WV,AEA,CE,Federal Contract Tower,0,11,6,0,17,0,4,17,0,21,0,15,23,0,38,0,0,0,38
11/23/2012,MGW,WV,AEA,CE,Federal Contract Tower,0,15,5,2,22,0,20,2,0,22,0,35,7,2,44,0,0,0,44
11/24/2012,MGW,WV,AEA,CE,Federal Contract Tower,0,7,3,0,10,0,0,0,0,0,0,7,3,0,10,0,0,0,10
11/25/2012,MGW,WV,AEA,CE,Federal Contract Tower,0,9,10,0,19,0,14,21,0,35,0,23,31,0,54,26,0,26,80
11/26/2012,MGW,WV,AEA,CE,Federal Contract Tower,0,15,11,6,32,0,16,24,0,40,0,31,35,6,72,10,0,10,82
11/27/2012,MGW,WV,AEA,CE,Federal Contract Tower,0,20,18,4,42,0,2,0,0,2,0,22,18,4,44,0,2,2,46
11/28/2012,MGW,WV,AEA,CE,Federal Contract Tower,0,13,4,0,17,0,28,12,2,42,0,41,16,2,59,12,0,12,71
11/29/2012,MGW,WV,AEA,CE,Federal Contract Tower,0,13,12,5,30,0,34,35,4,73,0,47,47,9,103,32,0,32,135
11/30/2012,MGW,WV,AEA,CE,Federal Contract Tower,0,12,13,6,31,0,43,21,16,80,0,55,34,22,111,0,0,0,111
12/01/2012,MGW,WV,AEA,CE,Federal Contract Tower,0,10,25,0,35,0,47,48,4,99,0,57,73,4,134,50,0,50,184
12/02/2012,MGW,WV,AEA,CE,Federal Contract Tower,0,18,13,2,33,0,12,6,0,18,0,30,19,2,51,0,0,0,51
12/03/2012,MGW,WV,AEA,CE,Federal Contract Tower,0,20,8,0,28,0,18,0,0,18,0,38,8,0,46,0,0,0,46
12/04/2012,MGW,WV,AEA,CE,Federal Contract Tower,0,16,5,0,21,0,27,1,2,30,0,43,6,2,51,0,0,0,51
12/05/2012,MGW,WV,AEA,CE,Federal Contract Tower,0,19,10,0,29,0,17,8,3,28,0,36,18,3,57,22,0,22,79
12/06/2012,MGW,WV,AEA,CE,Federal Contract Tower,0,18,14,0,32,0,23,13,0,36,0,41,27,0,68,10,0,10,78
12/07/2012,MGW,WV,AEA,CE,Federal Contract Tower,0,16,10,3,29,0,0,0,1,1,0,16,10,4,30,0,0,0,30
12/08/2012,MGW,WV,AEA,CE,Federal Contract Tower,0,9,14,1,24,0,4,1,2,7,0,13,15,3,31,2,0,2,33
12/09/2012,MGW,WV,AEA,CE,Federal Contract Tower,0,11,10,0,21,0,4,3,0,7,0,15,13,0,28,0,0,0,28
12/10/2012,MGW,WV,AEA,CE,Federal Contract Tower,0,12,5,0,17,0,4,12,0,16,0,16,17,0,33,0,0,0,33
12/11/2012,MGW,WV,AEA,CE,Federal Contract Tower,0,10,15,0,25,0,18,3,3,24,0,28,18,3,49,0,0,0,49
12/12/2012,MGW,WV,AEA,CE,Federal Contract Tower,0,10,15,2,27,0,12,13,0,25,0,22,28,2,52,18,0,18,70
12/13/2012,MGW,WV,AEA,CE,Federal Contract Tower,0,14,29,1,44,0,14,29,4,47,0,28,58,5,91,24,10,34,125
12/14/2012,MGW,WV,AEA,CE,Federal Contract Tower,0,18,14,2,34,0,16,13,0,29,0,34,27,2,63,4,0,4,67
12/15/2012,MGW,WV,AEA,CE,Federal Contract Tower,0,8,9,0,17,0,26,9,0,35,0,34,18,0,52,0,0,0,52
12/16/2012,MGW,WV,AEA,CE,Federal Contract Tower,0,12,4,0,16,0,6,10,0,16,0,18,14,0,32,0,0,0,32
12/17/2012,MGW,WV,AEA,CE,Federal Contract Tower,0,16,11,2,29,0,8,9,0,17,0,24,20,2,46,14,0,14,60
12/18/2012,MGW,WV,AEA,CE,Federal Contract Tower,0,11,15,5,31,0,4,6,0,10,0,15,21,5,41,8,0,8,49
12/19/2012,MGW,WV,AEA,CE,Federal Contract Tower,0,12,20,0,32,0,8,11,8,27,0,20,31,8,59,14,4,18,77
12/20/2012,MGW,WV,AEA,CE,Federal Contract Tower,0,11,4,2,17,0,16,4,0,20,0,27,8,2,37,0,0,0,37
12/21/2012,MGW,WV,AEA,CE,Federal Contract Tower,0,15,4,0,19,0,0,0,0,0,0,15,4,0,19,0,0,0,19
12/22/2012,MGW,WV,AEA,CE,Federal Contract Tower,0,6,4,0,10,0,10,11,0,21,0,16,15,0,31,0,0,0,31
12/23/2012,MGW,WV,AEA,CE,Federal Contract Tower,0,6,14,0,20,0,10,14,0,24,0,16,28,0,44,36,0,36,80
12/24/2012,MGW,WV,AEA,CE,Federal Contract Tower,0,10,1,0,11,0,12,2,0,14,0,22,3,0,25,0,0,0,25
12/25/2012,MGW,WV,AEA,CE,Federal Contract Tower,0,9,0,0,9,0,11,1,0,12,0,20,1,0,21,0,0,0,21
12/26/2012,MGW,WV,AEA,CE,Federal Contract Tower,0,9,5,0,14,0,0,0,0,0,0,9,5,0,14,0,0,0,14
12/27/2012,MGW,WV,AEA,CE,Federal Contract Tower,0,2,0,0,2,0,0,0,0,0,0,2,0,0,2,0,0,0,2
12/28/2012,MGW,WV,AEA,CE,Federal Contract Tower,0,17,15,0,32,0,17,10,0,27,0,34,25,0,59,0,0,0,59
12/29/2012,MGW,WV,AEA,CE,Federal Contract Tower,0,10,1,0,11,0,0,0,0,0,0,10,1,0,11,0,0,0,11
12/30/2012,MGW,WV,AEA,CE,Federal Contract Tower,0,8,2,0,10,0,2,0,0,2,0,10,2,0,12,0,0,0,12
12/31/2012,MGW,WV,AEA,CE,Federal Contract Tower,0,10,4,0,14,0,2,2,0,4,0,12,6,0,18,0,0,0,18
01/01/2013,MGW,WV,AEA,CE,Federal Contract Tower,0,13,1,0,14,0,0,1,0,1,0,13,2,0,15,0,0,0,15
01/02/2013,MGW,WV,AEA,CE,Federal Contract Tower,0,9,6,0,15,0,29,8,0,37,0,38,14,0,52,0,0,0,52
01/03/2013,MGW,WV,AEA,CE,Federal Contract Tower,0,11,10,7,28,0,14,13,4,31,0,25,23,11,59,16,18,34,93
01/04/2013,MGW,WV,AEA,CE,Federal Contract Tower,0,22,5,4,31,0,34,6,2,42,0,56,11,6,73,0,0,0,73
01/05/2013,MGW,WV,AEA,CE,Federal Contract Tower,0,7,14,0,21,0,31,23,2,56,0,38,37,2,77,26,0,26,103
01/06/2013,MGW,WV,AEA,CE,Federal Contract Tower,0,8,0,2,10,0,35,5,0,40,0,43,5,2,50,0,0,0,50
01/07/2013,MGW,WV,AEA,CE,Federal Contract Tower,0,12,17,8,37,0,29,13,0,42,0,41,30,8,79,2,0,2,81
01/08/2013,MGW,WV,AEA,CE,Federal Contract Tower,0,16,20,2,38,0,23,23,4,50,0,39,43,6,88,66,0,66,154
01/09/2013,MGW,WV,AEA,CE,Federal Contract Tower,0,14,31,0,45,0,25,11,0,36,0,39,42,0,81,18,0,18,99
01/10/2013,MGW,WV,AEA,CE,Federal Contract Tower,0,11,13,0,24,0,21,16,3,40,0,32,29,3,64,42,0,42,106
01/11/2013,MGW,WV,AEA,CE,Federal Contract Tower,0,11,5,2,18,0,19,0,0,19,0,30,5,2,37,0,0,0,37
01/12/2013,MGW,WV,AEA,CE,Federal Contract Tower,0,7,8,0,15,0,41,5,0,46,0,48,13,0,61,0,0,0,61
01/13/2013,MGW,WV,AEA,CE,Federal Contract Tower,0,2,9,2,13,0,18,12,0,30,0,20,21,2,43,0,0,0,43
01/14/2013,MGW,WV,AEA,CE,Federal Contract Tower,0,16,12,2,30,0,8,2,0,10,0,24,14,2,40,0,0,0,40
01/15/2013,MGW,WV,AEA,CE,Federal Contract Tower,0,13,9,2,24,0,21,5,2,28,0,34,14,4,52,12,12,24,76
01/16/2013,MGW,WV,AEA,CE,Federal Contract Tower,0,13,8,0,21,0,4,0,0,4,0,17,8,0,25,0,0,0,25
01/17/2013,MGW,WV,AEA,CE,Federal Contract Tower,0,13,8,16,37,0,31,20,2,53,0,44,28,18,90,20,4,24,114
01/18/2013,MGW,WV,AEA,CE,Federal Contract Tower,0,22,7,4,33,0,42,18,0,60,0,64,25,4,93,16,2,18,111
01/19/2013,MGW,WV,AEA,CE,Federal Contract Tower,0,5,4,2,11,0,18,21,0,39,0,23,25,2,50,18,0,18,68
01/20/2013,MGW,WV,AEA,CE,Federal Contract Tower,0,8,5,0,13,0,33,8,0,41,0,41,13,0,54,0,0,0,54
01/21/2013,MGW,WV,AEA,CE,Federal Contract Tower,0,8,4,0,12,0,14,0,0,14,0,22,4,0,26,0,0,0,26
01/22/2013,MGW,WV,AEA,CE,Federal Contract Tower,0,15,20,7,42,0,31,21,3,55,0,46,41,10,97,4,4,8,105
01/23/2013,MGW,WV,AEA,CE,Federal Contract Tower,0,12,6,4,22,0,14,3,2,19,0,26,9,6,41,10,2,12,53
01/24/2013,MGW,WV,AEA,CE,Federal Contract Tower,0,14,8,8,30,0,17,4,6,27,0,31,12,14,57,0,4,4,61
01/25/2013,MGW,WV,AEA,CE,Federal Contract Tower,0,12,7,6,25,0,4,1,0,5,0,16,8,6,30,0,4,4,34
01/26/2013,MGW,WV,AEA,CE,Federal Contract Tower,0,8,0,0,8,0,12,0,0,12,0,20,0,0,20,0,0,0,20
01/27/2013,MGW,WV,AEA,CE,Federal Contract Tower,0,8,8,0,16,0,33,15,0,48,0,41,23,0,64,16,0,16,80
01/28/2013,MGW,WV,AEA,CE,Federal Contract Tower,0,17,7,2,26,0,4,0,0,4,0,21,7,2,30,0,0,0,30
01/29/2013,MGW,WV,AEA,CE,Federal Contract Tower,0,15,10,0,25,0,24,20,0,44,0,39,30,0,69,32,0,32,101
01/30/2013,MGW,WV,AEA,CE,Federal Contract Tower,0,9,1,0,10,0,4,3,0,7,0,13,4,0,17,0,0,0,17
01/31/2013,MGW,WV,AEA,CE,Federal Contract Tower,0,15,5,2,22,0,14,0,0,14,0,29,5,2,36,0,0,0,36
02/01/2013,MGW,WV,AEA,CE,Federal Contract Tower,0,18,9,6,33,0,11,2,15,28,0,29,11,21,61,0,14,14,75
02/02/2013,MGW,WV,AEA,CE,Federal Contract Tower,0,7,4,0,11,0,4,0,0,4,0,11,4,0,15,0,0,0,15
02/03/2013,MGW,WV,AEA,CE,Federal Contract Tower,0,6,3,2,11,0,0,0,0,0,0,6,3,2,11,0,0,0,11
02/04/2013,MGW,WV,AEA,CE,Federal Contract Tower,0,16,1,2,19,0,10,5,0,15,0,26,6,2,34,0,0,0,34
02/05/2013,MGW,WV,AEA,CE,Federal Contract Tower,0,15,15,2,32,0,4,0,0,4,0,19,15,2,36,0,2,2,38
02/06/2013,MGW,WV,AEA,CE,Federal Contract Tower,0,16,4,4,24,0,15,6,0,21,0,31,10,4,45,6,0,6,51
02/07/2013,MGW,WV,AEA,CE,Federal Contract Tower,0,26,7,2,35,0,30,12,0,42,0,56,19,2,77,22,0,22,99
02/08/2013,MGW,WV,AEA,CE,Federal Contract Tower,0,14,6,7,27,0,10,0,0,10,0,24,6,7,37,4,6,10,47
02/09/2013,MGW,WV,AEA,CE,Federal Contract Tower,0,7,7,0,14,0,15,12,0,27,0,22,19,0,41,2,0,2,43
02/10/2013,MGW,WV,AEA,CE,Federal Contract Tower,0,9,28,0,37,0,15,23,0,38,0,24,51,0,75,72,0,72,147
02/11/2013,MGW,WV,AEA,CE,Federal Contract Tower,0,17,9,0,26,0,20,3,0,23,0,37,12,0,49,0,0,0,49
02/12/2013,MGW,WV,AEA,CE,Federal Contract Tower,0,14,20,2,36,0,16,7,0,23,0,30,27,2,59,6,0,6,65
02/13/2013,MGW,WV,AEA,CE,Federal Contract Tower,0,18,8,6,32,0,8,7,1,16,0,26,15,7,48,0,6,6,54
02/14/2013,MGW,WV,AEA,CE,Federal Contract Tower,0,11,9,10,30,0,20,10,0,30,0,31,19,10,60,8,4,12,72
02/15/2013,MGW,WV,AEA,CE,Federal Contract Tower,0,18,9,4,31,0,7,3,2,12,0,25,12,6,43,0,0,0,43
02/16/2013,MGW,WV,AEA,CE,Federal Contract Tower,0,7,2,0,9,0,30,5,0,35,0,37,7,0,44,14,0,14,58
02/17/2013,MGW,WV,AEA,CE,Federal Contract Tower,0,11,4,0,15,0,28,1,0,29,0,39,5,0,44,0,0,0,44
02/18/2013,MGW,WV,AEA,CE,Federal Contract Tower,0,14,9,0,23,0,38,26,0,64,0,52,35,0,87,38,0,38,125
02/19/2013,MGW,WV,AEA,CE,Federal Contract Tower,0,17,6,0,23,0,8,5,0,13,0,25,11,0,36,0,0,0,36
02/20/2013,MGW,WV,AEA,CE,Federal Contract Tower,0,13,10,0,23,0,18,10,2,30,0,31,20,2,53,2,0,2,55
02/21/2013,MGW,WV,AEA,CE,Federal Contract Tower,0,14,8,3,25,0,35,19,6,60,0,49,27,9,85,6,28,34,119
02/22/2013,MGW,WV,AEA,CE,Federal Contract Tower,0,18,17,0,35,0,12,2,0,14,0,30,19,0,49,0,0,0,49
02/23/2013,MGW,WV,AEA,CE,Federal Contract Tower,0,4,12,1,17,0,27,10,2,39,0,31,22,3,56,10,0,10,66
02/24/2013,MGW,WV,AEA,CE,Federal Contract Tower,0,8,15,0,23,0,49,8,0,57,0,57,23,0,80,6,0,6,86
02/25/2013,MGW,WV,AEA,CE,Federal Contract Tower,0,18,20,10,48,0,30,52,2,84,0,48,72,12,132,128,0,128,260
02/26/2013,MGW,WV,AEA,CE,Federal Contract Tower,0,17,12,0,29,0,6,3,0,9,0,23,15,0,38,0,0,0,38
02/27/2013,MGW,WV,AEA,CE,Federal Contract Tower,0,16,8,6,30,0,20,5,0,25,0,36,13,6,55,0,0,0,55
02/28/2013,MGW,WV,AEA,CE,Federal Contract Tower,0,18,14,2,34,0,4,0,0,4,0,22,14,2,38,0,0,0,38
03/01/2013,MGW,WV,AEA,CE,Federal Contract Tower,0,9,5,4,18,0,34,0,0,34,0,43,5,4,52,0,0,0,52
03/02/2013,MGW,WV,AEA,CE,Federal Contract Tower,0,8,6,0,14,0,10,1,0,11,0,18,7,0,25,0,0,0,25
03/03/2013,MGW,WV,AEA,CE,Federal Contract Tower,0,9,3,4,16,0,8,0,0,8,0,17,3,4,24,0,0,0,24
03/04/2013,MGW,WV,AEA,CE,Federal Contract Tower,0,8,16,11,35,0,44,20,0,64,0,52,36,11,99,82,0,82,181
03/05/2013,MGW,WV,AEA,CE,Federal Contract Tower,0,10,3,6,19,0,30,15,0,45,0,40,18,6,64,6,6,12,76
03/06/2013,MGW,WV,AEA,CE,Federal Contract Tower,0,2,2,2,6,0,0,0,0,0,0,2,2,2,6,0,0,0,6
03/07/2013,MGW,WV,AEA,CE,Federal Contract Tower,0,14,11,6,31,0,11,3,0,14,0,25,14,6,45,12,2,14,59
03/08/2013,MGW,WV,AEA,CE,Federal Contract Tower,0,16,11,4,31,0,55,18,6,79,0,71,29,10,110,0,0,0,110
03/09/2013,MGW,WV,AEA,CE,Federal Contract Tower,0,6,13,0,19,0,34,54,0,88,0,40,67,0,107,86,0,86,193
03/10/2013,MGW,WV,AEA,CE,Federal Contract Tower,0,7,5,0,12,0,26,29,0,55,0,33,34,0,67,62,0,62,129
03/11/2013,MGW,WV,AEA,CE,Federal Contract Tower,0,14,8,2,24,0,14,16,0,30,0,28,24,2,54,22,0,22,76
03/12/2013,MGW,WV,AEA,CE,Federal Contract Tower,0,18,11,0,29,0,17,2,2,21,0,35,13,2,50,0,0,0,50
03/13/2013,MGW,WV,AEA,CE,Federal Contract Tower,0,14,5,2,21,0,17,1,0,18,0,31,6,2,39,0,0,0,39
03/14/2013,MGW,WV,AEA,CE,Federal Contract Tower,0,20,2,9,31,0,20,14,5,39,0,40,16,14,70,28,0,28,98
03/15/2013,MGW,WV,AEA,CE,Federal Contract Tower,0,21,5,10,36,0,28,13,4,45,0,49,18,14,81,0,0,0,81
03/16/2013,MGW,WV,AEA,CE,Federal Contract Tower,0,6,11,0,17,0,14,3,0,17,0,20,14,0,34,4,0,4,38
03/17/2013,MGW,WV,AEA,CE,Federal Contract Tower,0,8,4,0,12,0,15,12,0,27,0,23,16,0,39,8,0,8,47
03/18/2013,MGW,WV,AEA,CE,Federal Contract Tower,0,8,0,1,9,0,0,0,1,1,0,8,0,2,10,0,0,0,10
03/19/2013,MGW,WV,AEA,CE,Federal Contract Tower,0,20,5,8,33,0,26,7,0,33,0,46,12,8,66,0,8,8,74
03/20/2013,MGW,WV,AEA,CE,Federal Contract Tower,0,23,30,4,57,0,54,4,8,66,0,77,34,12,123,26,6,32,155
03/21/2013,MGW,WV,AEA,CE,Federal Contract Tower,0,18,11,0,29,0,25,7,2,34,0,43,18,2,63,0,0,0,63
03/22/2013,MGW,WV,AEA,CE,Federal Contract Tower,0,20,18,0,38,0,29,20,4,53,0,49,38,4,91,20,0,20,111
03/23/2013,MGW,WV,AEA,CE,Federal Contract Tower,0,6,9,4,19,0,35,23,2,60,0,41,32,6,79,40,0,40,119
03/24/2013,MGW,WV,AEA,CE,Federal Contract Tower,0,9,6,1,16,0,7,9,0,16,0,16,15,1,32,16,0,16,48
03/25/2013,MGW,WV,AEA,CE,Federal Contract Tower,0,1,2,0,3,0,0,0,0,0,0,1,2,0,3,0,0,0,3
03/26/2013,MGW,WV,AEA,CE,Federal Contract Tower,0,14,13,6,33,0,13,1,0,14,0,27,14,6,47,0,2,2,49
03/27/2013,MGW,WV,AEA,CE,Federal Contract Tower,0,15,11,8,34,0,21,7,2,30,0,36,18,10,64,0,0,0,64
03/28/2013,MGW,WV,AEA,CE,Federal Contract Tower,0,14,10,4,28,0,21,5,0,26,0,35,15,4,54,0,0,0,54
03/29/2013,MGW,WV,AEA,CE,Federal Contract Tower,0,13,18,0,31,0,34,31,0,65,0,47,49,0,96,20,0,20,116
03/30/2013,MGW,WV,AEA,CE,Federal Contract Tower,0,6,9,0,15,0,40,35,0,75,0,46,44,0,90,70,0,70,160
03/31/2013,MGW,WV,AEA,CE,Federal Contract Tower,0,10,8,0,18,0,2,2,0,4,0,12,10,0,22,0,0,0,22
04/01/2013,MGW,WV,AEA,CE,Federal Contract Tower,0,11,1,0,12,0,24,4,0,28,0,35,5,0,40,0,0,0,40
04/02/2013,MGW,WV,AEA,CE,Federal Contract Tower,0,18,20,4,42,0,47,25,4,76,0,65,45,8,118,30,0,30,148
04/03/2013,MGW,WV,AEA,CE,Federal Contract Tower,0,6,14,3,23,0,9,24,0,33,0,15,38,3,56,58,0,58,114
04/04/2013,MGW,WV,AEA,CE,Federal Contract Tower,0,15,7,2,24,0,17,13,2,32,0,32,20,4,56,22,0,22,78
04/05/2013,MGW,WV,AEA,CE,Federal Contract Tower,0,15,12,10,37,0,59,26,0,85,0,74,38,10,122,6,8,14,136
04/06/2013,MGW,WV,AEA,CE,Federal Contract Tower,0,8,3,0,11,0,42,36,0,78,0,50,39,0,89,20,0,20,109
04/07/2013,MGW,WV,AEA,CE,Federal Contract Tower,0,10,6,2,18,0,22,19,2,43,0,32,25,4,61,6,0,6,67
04/08/2013,MGW,WV,AEA,CE,Federal Contract Tower,0,14,10,0,24,0,26,10,0,36,0,40,20,0,60,10,0,10,70
04/09/2013,MGW,WV,AEA,CE,Federal Contract Tower,0,24,6,1,31,0,35,14,2,51,0,59,20,3,82,0,4,4,86
04/10/2013,MGW,WV,AEA,CE,Federal Contract Tower,0,10,28,0,38,0,26,8,0,34,0,36,36,0,72,4,0,4,76
04/11/2013,MGW,WV,AEA,CE,Federal Contract Tower,0,14,10,2,26,0,19,9,4,32,0,33,19,6,58,24,0,24,82
04/12/2013,MGW,WV,AEA,CE,Federal Contract Tower,0,17,6,2,25,0,26,7,0,33,0,43,13,2,58,0,0,0,58
04/13/2013,MGW,WV,AEA,CE,Federal Contract Tower,0,6,5,0,11,0,22,20,0,42,0,28,25,0,53,30,0,30,83
04/14/2013,MGW,WV,AEA,CE,Federal Contract Tower,0,8,30,2,40,0,20,39,2,61,0,28,69,4,101,30,0,30,131
04/15/2013,MGW,WV,AEA,CE,Federal Contract Tower,0,10,16,10,36,0,33,26,0,59,0,43,42,10,95,20,0,20,115
04/16/2013,MGW,WV,AEA,CE,Federal Contract Tower,0,19,12,0,31,0,32,15,0,47,0,51,27,0,78,0,0,0,78
04/17/2013,MGW,WV,AEA,CE,Federal Contract Tower,0,18,16,0,34,0,12,10,6,28,0,30,26,6,62,8,0,8,70
04/18/2013,MGW,WV,AEA,CE,Federal Contract Tower,0,20,6,6,32,0,28,14,4,46,0,48,20,10,78,8,0,8,86
04/19/2013,MGW,WV,AEA,CE,Federal Contract Tower,0,13,8,2,23,0,6,2,0,8,0,19,10,2,31,0,2,2,33
04/20/2013,MGW,WV,AEA,CE,Federal Contract Tower,0,6,10,0,16,0,32,17,0,49,0,38,27,0,65,0,0,0,65
04/21/2013,MGW,WV,AEA,CE,Federal Contract Tower,0,12,16,0,28,0,32,65,0,97,0,44,81,0,125,108,0,108,233
04/22/2013,MGW,WV,AEA,CE,Federal Contract Tower,0,17,16,2,35,0,30,25,0,55,0,47,41,2,90,0,0,0,90
04/23/2013,MGW,WV,AEA,CE,Federal Contract Tower,0,14,19,0,33,0,39,44,0,83,0,53,63,0,116,58,0,58,174
04/24/2013,MGW,WV,AEA,CE,Federal Contract Tower,0,10,22,0,32,0,18,19,6,43,0,28,41,6,75,8,0,8,83
04/25/2013,MGW,WV,AEA,CE,Federal Contract Tower,0,12,15,3,30,0,11,31,13,55,0,23,46,16,85,22,4,26,111
04/26/2013,MGW,WV,AEA,CE,Federal Contract Tower,0,14,6,0,20,0,26,16,1,43,0,40,22,1,63,46,0,46,109
04/27/2013,MGW,WV,AEA,CE,Federal Contract Tower,0,3,14,1,18,0,21,40,3,64,0,24,54,4,82,34,0,34,116
04/28/2013,MGW,WV,AEA,CE,Federal Contract Tower,0,9,7,0,16,0,7,14,0,21,0,16,21,0,37,0,0,0,37
04/29/2013,MGW,WV,AEA,CE,Federal Contract Tower,0,11,4,20,35,0,12,9,0,21,0,23,13,20,56,8,0,8,64
04/30/2013,MGW,WV,AEA,CE,Federal Contract Tower,0,18,13,4,35,0,39,25,0,64,0,57,38,4,99,56,0,56,155
05/01/2013,MGW,WV,AEA,CE,Federal Contract Tower,0,15,12,0,27,0,46,23,0,69,0,61,35,0,96,42,0,42,138
05/02/2013,MGW,WV,AEA,CE,Federal Contract Tower,0,39,15,2,56,0,31,26,2,59,0,70,41,4,115,34,0,34,149
05/03/2013,MGW,WV,AEA,CE,Federal Contract Tower,0,13,7,2,22,0,47,10,0,57,0,60,17,2,79,20,0,20,99
05/04/2013,MGW,WV,AEA,CE,Federal Contract Tower,0,4,10,1,15,0,65,15,2,82,0,69,25,3,97,0,0,0,97
05/05/2013,MGW,WV,AEA,CE,Federal Contract Tower,0,13,5,2,20,0,20,10,8,38,0,33,15,10,58,0,0,0,58
05/06/2013,MGW,WV,AEA,CE,Federal Contract Tower,0,17,15,5,37,0,32,17,7,56,0,49,32,12,93,14,12,26,119
05/07/2013,MGW,WV,AEA,CE,Federal Contract Tower,0,18,33,0,51,0,29,8,4,41,0,47,41,4,92,18,0,18,110
05/08/2013,MGW,WV,AEA,CE,Federal Contract Tower,0,11,17,2,30,0,35,6,0,41,0,46,23,2,71,20,0,20,91
05/09/2013,MGW,WV,AEA,CE,Federal Contract Tower,0,8,13,4,25,0,32,10,2,44,0,40,23,6,69,22,2,24,93
05/10/2013,MGW,WV,AEA,CE,Federal Contract Tower,0,11,13,2,26,0,10,8,0,18,0,21,21,2,44,0,0,0,44
05/11/2013,MGW,WV,AEA,CE,Federal Contract Tower,0,12,4,0,16,0,10,11,0,21,0,22,15,0,37,12,0,12,49
05/12/2013,MGW,WV,AEA,CE,Federal Contract Tower,0,10,3,0,13,0,32,9,0,41,0,42,12,0,54,6,0,6,60
05/13/2013,MGW,WV,AEA,CE,Federal Contract Tower,0,13,17,0,30,0,22,18,2,42,0,35,35,2,72,16,0,16,88
05/14/2013,MGW,WV,AEA,CE,Federal Contract Tower,0,17,9,0,26,0,44,28,2,74,0,61,37,2,100,0,0,0,100
05/15/2013,MGW,WV,AEA,CE,Federal Contract Tower,0,12,8,2,22,0,18,12,0,30,0,30,20,2,52,0,0,0,52
05/16/2013,MGW,WV,AEA,CE,Federal Contract Tower,0,7,16,12,35,0,34,22,0,56,0,41,38,12,91,0,6,6,97
05/17/2013,MGW,WV,AEA,CE,Federal Contract Tower,0,11,13,2,26,0,59,27,8,94,0,70,40,10,120,18,0,18,138
05/18/2013,MGW,WV,AEA,CE,Federal Contract Tower,0,13,18,0,31,0,35,14,4,53,0,48,32,4,84,26,8,34,118
05/19/2013,MGW,WV,AEA,CE,Federal Contract Tower,0,15,24,0,39,0,15,30,0,45,0,30,54,0,84,36,0,36,120
05/20/2013,MGW,WV,AEA,CE,Federal Contract Tower,0,15,21,2,38,0,10,15,2,27,0,25,36,4,65,28,8,36,101
05/21/2013,MGW,WV,AEA,CE,Federal Contract Tower,0,15,21,0,36,0,45,22,2,69,0,60,43,2,105,36,0,36,141
05/22/2013,MGW,WV,AEA,CE,Federal Contract Tower,0,10,7,2,19,0,19,19,0,38,0,29,26,2,57,30,0,30,87
05/23/2013,MGW,WV,AEA,CE,Federal Contract Tower,0,6,7,4,17,0,2,12,0,14,0,8,19,4,31,0,0,0,31
05/24/2013,MGW,WV,AEA,CE,Federal Contract Tower,0,14,13,0,27,0,25,11,0,36,0,39,24,0,63,6,0,6,69
05/25/2013,MGW,WV,AEA,CE,Federal Contract Tower,0,4,3,0,7,0,28,31,0,59,0,32,34,0,66,22,0,22,88
05/26/2013,MGW,WV,AEA,CE,Federal Contract Tower,0,10,4,0,14,0,35,29,0,64,0,45,33,0,78,42,0,42,120
05/27/2013,MGW,WV,AEA,CE,Federal Contract Tower,0,10,4,0,14,0,29,14,0,43,0,39,18,0,57,6,0,6,63
05/28/2013,MGW,WV,AEA,CE,Federal Contract Tower,0,20,2,0,22,0,26,5,0,31,0,46,7,0,53,8,0,8,61
05/29/2013,MGW,WV,AEA,CE,Federal Contract Tower,0,21,15,2,38,0,22,28,0,50,0,43,43,2,88,56,0,56,144
05/30/2013,MGW,WV,AEA,CE,Federal Contract Tower,0,14,17,0,31,0,20,14,2,36,0,34,31,2,67,14,0,14,81
05/31/2013,MGW,WV,AEA,CE,Federal Contract Tower,0,23,14,2,39,0,51,24,0,75,0,74,38,2,114,8,0,8,122
06/01/2013,MGW,WV,AEA,CE,Federal Contract Tower,0,4,4,0,8,0,50,14,4,68,0,54,18,4,76,6,8,14,90
06/02/2013,MGW,WV,AEA,CE,Federal Contract Tower,0,9,5,0,14,0,16,10,0,26,0,25,15,0,40,4,0,4,44
06/03/2013,MGW,WV,AEA,CE,Federal Contract Tower,0,12,5,2,19,0,25,28,4,57,0,37,33,6,76,20,0,20,96
06/04/2013,MGW,WV,AEA,CE,Federal Contract Tower,0,14,9,0,23,0,47,63,8,118,0,61,72,8,141,94,0,94,235
06/05/2013,MGW,WV,AEA,CE,Federal Contract Tower,0,12,9,0,21,0,34,14,0,48,0,46,23,0,69,4,0,4,73
06/06/2013,MGW,WV,AEA,CE,Federal Contract Tower,0,14,12,2,28,0,20,21,0,41,0,34,33,2,69,14,0,14,83
06/07/2013,MGW,WV,AEA,CE,Federal Contract Tower,0,10,9,2,21,0,2,4,2,8,0,12,13,4,29,32,0,32,61
06/08/2013,MGW,WV,AEA,CE,Federal Contract Tower,0,13,16,0,29,0,43,22,0,65,0,56,38,0,94,44,0,44,138
06/09/2013,MGW,WV,AEA,CE,Federal Contract Tower,0,10,17,2,29,0,25,39,12,76,0,35,56,14,105,64,0,64,169
06/10/2013,MGW,WV,AEA,CE,Federal Contract Tower,0,10,10,7,27,0,16,11,4,31,0,26,21,11,58,0,24,24,82
06/11/2013,MGW,WV,AEA,CE,Federal Contract Tower,0,12,12,1,25,0,24,6,10,40,0,36,18,11,65,18,68,86,151
06/12/2013,MGW,WV,AEA,CE,Federal Contract Tower,0,18,3,0,21,0,29,15,2,46,0,47,18,2,67,8,0,8,75
06/13/2013,MGW,WV,AEA,CE,Federal Contract Tower,0,7,3,0,10,0,6,3,0,9,0,13,6,0,19,0,0,0,19
06/14/2013,MGW,WV,AEA,CE,Federal Contract Tower,0,15,2,14,31,0,48,13,0,61,0,63,15,14,92,42,12,54,146
06/15/2013,MGW,WV,AEA,CE,Federal Contract Tower,0,6,13,0,19,0,48,214,0,262,0,54,227,0,281,0,0,0,281
06/16/2013,MGW,WV,AEA,CE,Federal Contract Tower,0,6,3,0,9,0,19,7,0,26,0,25,10,0,35,0,0,0,35
06/17/2013,MGW,WV,AEA,CE,Federal Contract Tower,0,12,7,2,21,0,29,15,0,44,0,41,22,2,65,26,0,26,91
06/18/2013,MGW,WV,AEA,CE,Federal Contract Tower,0,17,6,6,29,0,14,13,4,31,0,31,19,10,60,20,2,22,82
06/19/2013,MGW,WV,AEA,CE,Federal Contract Tower,0,8,26,4,38,0,44,39,6,89,0,52,65,10,127,90,2,92,219
06/20/2013,MGW,WV,AEA,CE,Federal Contract Tower,0,11,22,6,39,0,50,37,0,87,0,61,59,6,126,82,0,82,208
06/21/2013,MGW,WV,AEA,CE,Federal Contract Tower,0,10,2,1,13,0,32,36,3,71,0,42,38,4,84,88,0,88,172
06/22/2013,MGW,WV,AEA,CE,Federal Contract Tower,0,5,12,0,17,0,25,41,0,66,0,30,53,0,83,50,0,50,133
06/23/2013,MGW,WV,AEA,CE,Federal Contract Tower,0,9,19,4,32,0,21,32,0,53,0,30,51,4,85,68,0,68,153
06/24/2013,MGW,WV,AEA,CE,Federal Contract Tower,0,14,11,0,25,0,20,28,0,48,0,34,39,0,73,100,0,100,173
06/25/2013,MGW,WV,AEA,CE,Federal Contract Tower,0,17,20,5,42,0,34,23,10,67,0,51,43,15,109,30,0,30,139
06/26/2013,MGW,WV,AEA,CE,Federal Contract Tower,0,21,8,0,29,0,24,7,0,31,0,45,15,0,60,16,0,16,76
06/27/2013,MGW,WV,AEA,CE,Federal Contract Tower,0,18,7,2,27,0,8,1,0,9,0,26,8,2,36,0,0,0,36
06/28/2013,MGW,WV,AEA,CE,Federal Contract Tower,0,15,9,2,26,0,11,4,0,15,0,26,13,2,41,0,2,2,43
06/29/2013,MGW,WV,AEA,CE,Federal Contract Tower,0,8,9,0,17,0,40,19,0,59,0,48,28,0,76,12,0,12,88
06/30/2013,MGW,WV,AEA,CE,Federal Contract Tower,0,7,11,0,18,0,89,23,0,112,0,96,34,0,130,32,0,32,162
07/01/2013,MGW,WV,AEA,CE,Federal Contract Tower,0,14,3,0,17,0,12,7,0,19,0,26,10,0,36,10,0,10,46
07/02/2013,MGW,WV,AEA,CE,Federal Contract Tower,0,16,12,2,30,0,41,41,6,88,0,57,53,8,118,86,0,86,204
07/03/2013,MGW,WV,AEA,CE,Federal Contract Tower,0,9,9,2,20,0,14,20,0,34,0,23,29,2,54,78,2,80,134
07/04/2013,MGW,WV,AEA,CE,Federal Contract Tower,0,9,2,0,11,0,33,10,0,43,0,42,12,0,54,36,0,36,90
07/05/2013,MGW,WV,AEA,CE,Federal Contract Tower,0,12,6,0,18,0,27,19,0,46,0,39,25,0,64,34,0,34,98
07/06/2013,MGW,WV,AEA,CE,Federal Contract Tower,0,5,10,0,15,0,52,16,0,68,0,57,26,0,83,8,0,8,91
07/07/2013,MGW,WV,AEA,CE,Federal Contract Tower,0,8,2,0,10,0,6,12,0,18,0,14,14,0,28,30,0,30,58
07/08/2013,MGW,WV,AEA,CE,Federal Contract Tower,0,16,4,0,20,0,29,16,0,45,0,45,20,0,65,44,0,44,109
07/09/2013,MGW,WV,AEA,CE,Federal Contract Tower,0,16,7,1,24,0,19,4,0,23,0,35,11,1,47,0,0,0,47
07/10/2013,MGW,WV,AEA,CE,Federal Contract Tower,0,11,8,2,21,0,17,10,1,28,0,28,18,3,49,10,2,12,61
07/11/2013,MGW,WV,AEA,CE,Federal Contract Tower,0,13,25,1,39,0,28,19,0,47,0,41,44,1,86,0,0,0,86
07/12/2013,MGW,WV,AEA,CE,Federal Contract Tower,0,20,19,3,42,0,10,12,13,35,0,30,31,16,77,12,0,12,89
07/13/2013,MGW,WV,AEA,CE,Federal Contract Tower,0,5,2,0,7,0,30,16,12,58,0,35,18,12,65,24,0,24,89
07/14/2013,MGW,WV,AEA,CE,Federal Contract Tower,0,9,17,2,28,0,35,30,7,72,0,44,47,9,100,24,0,24,124
07/15/2013,MGW,WV,AEA,CE,Federal Contract Tower,0,18,19,4,41,0,28,31,9,68,0,46,50,13,109,6,0,6,115
07/16/2013,MGW,WV,AEA,CE,Federal Contract Tower,0,18,11,0,29,0,19,40,5,64,0,37,51,5,93,12,0,12,105
07/17/2013,MGW,WV,AEA,CE,Federal Contract Tower,0,23,9,4,36,0,32,12,0,44,0,55,21,4,80,32,0,32,112
07/18/2013,MGW,WV,AEA,CE,Federal Contract Tower,0,18,11,8,37,0,81,22,10,113,0,99,33,18,150,36,0,36,186
07/19/2013,MGW,WV,AEA,CE,Federal Contract Tower,0,12,4,0,16,0,18,9,8,35,0,30,13,8,51,30,8,38,89
07/20/2013,MGW,WV,AEA,CE,Federal Contract Tower,0,6,4,0,10,0,13,2,6,21,0,19,6,6,31,0,10,10,41
07/21/2013,MGW,WV,AEA,CE,Federal Contract Tower,0,10,7,0,17,0,37,25,14,76,0,47,32,14,93,64,0,64,157
07/22/2013,MGW,WV,AEA,CE,Federal Contract Tower,0,12,8,4,24,0,24,12,2,38,0,36,20,6,62,28,0,28,90
07/23/2013,MGW,WV,AEA,CE,Federal Contract Tower,0,8,8,0,16,0,12,24,5,41,0,20,32,5,57,28,10,38,95
07/24/2013,MGW,WV,AEA,CE,Federal Contract Tower,0,15,29,0,44,0,23,20,2,45,0,38,49,2,89,60,0,60,149
07/25/2013,MGW,WV,AEA,CE,Federal Contract Tower,0,9,27,4,40,0,39,39,4,82,0,48,66,8,122,74,0,74,196
07/26/2013,MGW,WV,AEA,CE,Federal Contract Tower,0,12,15,2,29,0,56,21,4,81,0,68,36,6,110,38,0,38,148
07/27/2013,MGW,WV,AEA,CE,Federal Contract Tower,0,7,6,0,13,0,18,5,0,23,0,25,11,0,36,0,0,0,36
07/28/2013,MGW,WV,AEA,CE,Federal Contract Tower,0,6,12,0,18,0,49,32,0,81,0,55,44,0,99,42,0,42,141
07/29/2013,MGW,WV,AEA,CE,Federal Contract Tower,0,19,15,2,36,0,39,25,2,66,0,58,40,4,102,38,0,38,140
07/30/2013,MGW,WV,AEA,CE,Federal Contract Tower,0,12,11,2,25,0,44,39,0,83,0,56,50,2,108,88,0,88,196
07/31/2013,MGW,WV,AEA,CE,Federal Contract Tower,0,9,12,2,23,0,21,18,0,39,0,30,30,2,62,42,0,42,104
08/01/2013,MGW,WV,AEA,CE,Federal Contract Tower,0,13,24,2,39,0,14,25,2,41,0,27,49,4,80,68,0,68,148
08/02/2013,MGW,WV,AEA,CE,Federal Contract Tower,0,15,13,5,33,0,22,27,4,53,0,37,40,9,86,46,10,56,142
08/03/2013,MGW,WV,AEA,CE,Federal Contract Tower,0,6,15,2,23,0,4,4,0,8,0,10,19,2,31,0,0,0,31
08/04/2013,MGW,WV,AEA,CE,Federal Contract Tower,0,6,11,2,19,0,28,36,2,66,0,34,47,4,85,42,0,42,127
08/05/2013,MGW,WV,AEA,CE,Federal Contract Tower,0,17,17,4,38,0,58,50,4,112,0,75,67,8,150,38,0,38,188
08/06/2013,MGW,WV,AEA,CE,Federal Contract Tower,0,19,5,2,26,0,34,22,3,59,0,53,27,5,85,62,0,62,147
08/07/2013,MGW,WV,AEA,CE,Federal Contract Tower,0,14,13,14,41,0,15,11,0,26,0,29,24,14,67,8,12,20,87
08/08/2013,MGW,WV,AEA,CE,Federal Contract Tower,0,17,12,0,29,0,15,5,4,24,0,32,17,4,53,0,0,0,53
08/09/2013,MGW,WV,AEA,CE,Federal Contract Tower,0,19,9,2,30,0,20,5,12,37,0,39,14,14,67,0,0,0,67
08/10/2013,MGW,WV,AEA,CE,Federal Contract Tower,0,6,8,0,14,0,40,28,4,72,0,46,36,4,86,42,0,42,128
08/11/2013,MGW,WV,AEA,CE,Federal Contract Tower,0,15,8,2,25,0,27,32,2,61,0,42,40,4,86,46,0,46,132
08/12/2013,MGW,WV,AEA,CE,Federal Contract Tower,0,13,19,6,38,0,20,36,10,66,0,33,55,16,104,22,0,22,126
08/13/2013,MGW,WV,AEA,CE,Federal Contract Tower,0,12,22,6,40,0,27,22,2,51,0,39,44,8,91,8,0,8,99
08/14/2013,MGW,WV,AEA,CE,Federal Contract Tower,0,12,37,2,51,0,42,33,2,77,0,54,70,4,128,56,2,58,186
08/15/2013,MGW,WV,AEA,CE,Federal Contract Tower,0,16,26,4,46,0,40,42,10,92,0,56,68,14,138,60,0,60,198
08/16/2013,MGW,WV,AEA,CE,Federal Contract Tower,0,13,11,1,25,0,69,27,9,105,0,82,38,10,130,24,0,24,154
08/17/2013,MGW,WV,AEA,CE,Federal Contract Tower,0,12,9,8,29,0,53,30,10,93,0,65,39,18,122,60,10,70,192
08/18/2013,MGW,WV,AEA,CE,Federal Contract Tower,0,10,7,0,17,0,8,8,0,16,0,18,15,0,33,0,0,0,33
08/19/2013,MGW,WV,AEA,CE,Federal Contract Tower,0,20,4,12,36,0,4,15,0,19,0,24,19,12,55,0,0,0,55
08/20/2013,MGW,WV,AEA,CE,Federal Contract Tower,0,17,16,10,43,0,50,33,2,85,0,67,49,12,128,92,0,92,220
08/21/2013,MGW,WV,AEA,CE,Federal Contract Tower,0,13,11,4,28,0,16,13,0,29,0,29,24,4,57,4,4,8,65
08/22/2013,MGW,WV,AEA,CE,Federal Contract Tower,0,12,24,8,44,0,16,9,30,55,0,28,33,38,99,24,26,50,149
08/23/2013,MGW,WV,AEA,CE,Federal Contract Tower,0,17,10,10,37,0,35,13,2,50,0,52,23,12,87,14,0,14,101
08/24/2013,MGW,WV,AEA,CE,Federal Contract Tower,0,8,16,0,24,0,49,52,7,108,0,57,68,7,132,48,8,56,188
08/25/2013,MGW,WV,AEA,CE,Federal Contract Tower,0,5,13,0,18,0,12,26,0,38,0,17,39,0,56,10,0,10,66
08/26/2013,MGW,WV,AEA,CE,Federal Contract Tower,0,14,17,6,37,0,29,39,0,68,0,43,56,6,105,34,0,34,139
08/27/2013,MGW,WV,AEA,CE,Federal Contract Tower,0,18,14,6,38,0,9,9,0,18,0,27,23,6,56,6,0,6,62
08/28/2013,MGW,WV,AEA,CE,Federal Contract Tower,0,11,20,5,36,0,4,1,0,5,0,15,21,5,41,0,0,0,41
08/29/2013,MGW,WV,AEA,CE,Federal Contract Tower,0,9,11,2,22,0,32,24,3,59,0,41,35,5,81,44,0,44,125
08/30/2013,MGW,WV,AEA,CE,Federal Contract Tower,0,12,15,5,32,0,44,25,2,71,0,56,40,7,103,2,2,4,107
08/31/2013,MGW,WV,AEA,CE,Federal Contract Tower,0,5,20,0,25,0,55,90,0,145,0,60,110,0,170,80,0,80,250
09/01/2013,MGW,WV,AEA,CE,Federal Contract Tower,0,8,1,0,9,0,38,4,0,42,0,46,5,0,51,0,0,0,51
09/02/2013,MGW,WV,AEA,CE,Federal Contract Tower,0,10,10,0,20,0,14,2,0,16,0,24,12,0,36,8,0,8,44
09/03/2013,MGW,WV,AEA,CE,Federal Contract Tower,0,13,6,5,24,0,55,14,5,74,0,68,20,10,98,18,0,18,116
09/04/2013,MGW,WV,AEA,CE,Federal Contract Tower,0,14,7,6,27,0,23,28,2,53,0,37,35,8,80,58,0,58,138
09/05/2013,MGW,WV,AEA,CE,Federal Contract Tower,0,13,15,0,28,0,18,26,0,44,0,31,41,0,72,102,0,102,174
09/06/2013,MGW,WV,AEA,CE,Federal Contract Tower,0,15,16,6,37,0,35,34,0,69,0,50,50,6,106,48,0,48,154
09/07/2013,MGW,WV,AEA,CE,Federal Contract Tower,0,5,8,0,13,0,48,24,2,74,0,53,32,2,87,4,0,4,91
09/08/2013,MGW,WV,AEA,CE,Federal Contract Tower,0,12,17,2,31,0,42,24,0,66,0,54,41,2,97,88,0,88,185
09/09/2013,MGW,WV,AEA,CE,Federal Contract Tower,0,12,7,0,19,0,9,9,0,18,0,21,16,0,37,24,0,24,61
09/10/2013,MGW,WV,AEA,CE,Federal Contract Tower,0,19,13,2,34,0,64,19,0,83,0,83,32,2,117,30,0,30,147
09/11/2013,MGW,WV,AEA,CE,Federal Contract Tower,0,15,11,4,30,0,25,12,2,39,0,40,23,6,69,28,4,32,101
09/12/2013,MGW,WV,AEA,CE,Federal Contract Tower,0,11,16,2,29,0,10,9,0,19,0,21,25,2,48,12,0,12,60
09/13/2013,MGW,WV,AEA,CE,Federal Contract Tower,0,15,28,4,47,0,21,17,0,38,0,36,45,4,85,38,0,38,123
09/14/2013,MGW,WV,AEA,CE,Federal Contract Tower,0,11,18,0,29,0,64,22,2,88,0,75,40,2,117,104,0,104,221
09/15/2013,MGW,WV,AEA,CE,Federal Contract Tower,0,11,9,0,20,0,26,41,0,67,0,37,50,0,87,64,0,64,151
09/16/2013,MGW,WV,AEA,CE,Federal Contract Tower,0,14,10,0,24,0,11,13,0,24,0,25,23,0,48,30,0,30,78
09/17/2013,MGW,WV,AEA,CE,Federal Contract Tower,0,16,15,2,33,0,26,30,2,58,0,42,45,4,91,98,2,100,191
09/18/2013,MGW,WV,AEA,CE,Federal Contract Tower,0,12,24,4,40,0,26,30,2,58,0,38,54,6,98,78,0,78,176
09/19/2013,MGW,WV,AEA,CE,Federal Contract Tower,0,10,4,7,21,0,13,22,0,35,0,23,26,7,56,58,2,60,116
09/20/2013,MGW,WV,AEA,CE,Federal Contract Tower,0,15,14,2,31,0,59,8,0,67,0,74,22,2,98,0,0,0,98
09/21/2013,MGW,WV,AEA,CE,Federal Contract Tower,0,6,12,0,18,0,6,0,0,6,0,12,12,0,24,2,0,2,26
09/22/2013,MGW,WV,AEA,CE,Federal Contract Tower,0,6,4,1,11,0,49,34,3,86,0,55,38,4,97,38,0,38,135
09/23/2013,MGW,WV,AEA,CE,Federal Contract Tower,0,13,22,4,39,0,39,45,2,86,0,52,67,6,125,72,0,72,197
09/24/2013,MGW,WV,AEA,CE,Federal Contract Tower,0,15,19,2,36,0,52,30,4,86,0,67,49,6,122,104,0,104,226
09/25/2013,MGW,WV,AEA,CE,Federal Contract Tower,0,15,16,0,31,0,17,24,0,41,0,32,40,0,72,54,0,54,126
09/26/2013,MGW,WV,AEA,CE,Federal Contract Tower,0,9,5,2,16,0,20,29,0,49,0,29,34,2,65,34,0,34,99
09/27/2013,MGW,WV,AEA,CE,Federal Contract Tower,0,21,33,0,54,0,74,66,0,140,0,95,99,0,194,70,0,70,264
09/28/2013,MGW,WV,AEA,CE,Federal Contract Tower,0,11,30,1,42,0,84,22,0,106,0,95,52,1,148,154,0,154,302
09/29/2013,MGW,WV,AEA,CE,Federal Contract Tower,0,12,20,0,32,0,45,57,0,102,0,57,77,0,134,98,0,98,232
09/30/2013,MGW,WV,AEA,CE,Federal Contract Tower,0,10,2,6,18,0,32,14,0,46,0,42,16,6,64,20,0,20,84
10/01/2013,MGW,WV,AEA,CE,Federal Contract Tower,0,15,19,0,34,0,33,31,0,64,0,48,50,0,98,68,0,68,166
10/02/2013,MGW,WV,AEA,CE,Federal Contract Tower,0,16,8,0,24,0,23,28,0,51,0,39,36,0,75,68,0,68,143
10/03/2013,MGW,WV,AEA,CE,Federal Contract Tower,0,17,16,0,33,0,43,20,2,65,0,60,36,2,98,16,0,16,114
10/04/2013,MGW,WV,AEA,CE,Federal Contract Tower,0,16,13,0,29,0,38,22,0,60,0,54,35,0,89,10,0,10,99
10/05/2013,MGW,WV,AEA,CE,Federal Contract Tower,0,7,0,0,7,0,56,42,0,98,0,63,42,0,105,68,0,68,173
10/06/2013,MGW,WV,AEA,CE,Federal Contract Tower,0,10,8,0,18,0,37,23,0,60,0,47,31,0,78,44,0,44,122
10/07/2013,MGW,WV,AEA,CE,Federal Contract Tower,0,23,4,0,27,0,32,12,0,44,0,55,16,0,71,16,0,16,87
10/08/2013,MGW,WV,AEA,CE,Federal Contract Tower,0,23,11,0,34,0,40,29,2,71,0,63,40,2,105,40,0,40,145
10/09/2013,MGW,WV,AEA,CE,Federal Contract Tower,0,20,9,0,29,0,43,32,0,75,0,63,41,0,104,95,0,95,199
10/10/2013,MGW,WV,AEA,CE,Federal Contract Tower,0,13,7,0,20,0,24,21,1,46,0,37,28,1,66,30,0,30,96
10/11/2013,MGW,WV,AEA,CE,Federal Contract Tower,0,14,16,0,30,0,4,0,0,4,0,18,16,0,34,0,0,0,34
10/12/2013,MGW,WV,AEA,CE,Federal Contract Tower,0,6,7,0,13,0,19,120,0,139,0,25,127,0,152,80,0,80,232
10/13/2013,MGW,WV,AEA,CE,Federal Contract Tower,0,8,30,0,38,0,23,24,0,47,0,31,54,0,85,58,0,58,143
10/14/2013,MGW,WV,AEA,CE,Federal Contract Tower,0,16,12,0,28,0,7,1,0,8,0,23,13,0,36,0,0,0,36
10/15/2013,MGW,WV,AEA,CE,Federal Contract Tower,0,16,26,2,44,0,30,39,2,71,0,46,65,4,115,60,0,60,175
10/16/2013,MGW,WV,AEA,CE,Federal Contract Tower,0,14,12,10,36,0,26,21,0,47,0,40,33,10,83,14,4,18,101
10/17/2013,MGW,WV,AEA,CE,Federal Contract Tower,0,15,12,0,27,0,4,1,0,5,0,19,13,0,32,0,0,0,32
10/18/2013,MGW,WV,AEA,CE,Federal Contract Tower,0,16,18,1,35,0,37,21,1,59,0,53,39,2,94,18,0,18,112
10/19/2013,MGW,WV,AEA,CE,Federal Contract Tower,0,11,26,0,37,0,10,23,0,33,0,21,49,0,70,146,0,146,216
10/20/2013,MGW,WV,AEA,CE,Federal Contract Tower,0,8,19,0,27,0,46,44,0,90,0,54,63,0,117,70,0,70,187
10/21/2013,MGW,WV,AEA,CE,Federal Contract Tower,0,20,18,0,38,0,50,45,9,104,0,70,63,9,142,74,10,84,226
10/22/2013,MGW,WV,AEA,CE,Federal Contract Tower,0,19,5,0,24,0,32,10,0,42,0,51,15,0,66,6,0,6,72
10/23/2013,MGW,WV,AEA,CE,Federal Contract Tower,0,13,13,0,26,0,4,2,0,6,0,17,15,0,32,0,0,0,32
10/24/2013,MGW,WV,AEA,CE,Federal Contract Tower,0,15,9,0,24,0,18,17,0,35,0,33,26,0,59,8,0,8,67
10/25/2013,MGW,WV,AEA,CE,Federal Contract Tower,0,15,10,0,25,0,29,8,4,41,0,44,18,4,66,4,0,4,70
10/26/2013,MGW,WV,AEA,CE,Federal Contract Tower,0,5,5,0,10,0,21,22,0,43,0,26,27,0,53,10,0,10,63
10/27/2013,MGW,WV,AEA,CE,Federal Contract Tower,0,8,17,0,25,0,28,33,0,61,0,36,50,0,86,56,0,56,142
10/28/2013,MGW,WV,AEA,CE,Federal Contract Tower,0,11,7,2,20,0,64,43,2,109,0,75,50,4,129,118,0,118,247
10/29/2013,MGW,WV,AEA,CE,Federal Contract Tower,0,16,28,0,44,0,46,63,12,121,0,62,91,12,165,112,0,112,277
10/30/2013,MGW,WV,AEA,CE,Federal Contract Tower,0,14,9,1,24,0,10,4,1,15,0,24,13,2,39,0,0,0,39
10/31/2013,MGW,WV,AEA,CE,Federal Contract Tower,0,12,7,2,21,0,18,18,0,36,0,30,25,2,57,30,0,30,87
11/01/2013,MGW,WV,AEA,CE,Federal Contract Tower,0,10,5,2,17,0,36,20,0,56,0,46,25,2,73,0,0,0,73
11/02/2013,MGW,WV,AEA,CE,Federal Contract Tower,0,7,9,2,18,0,26,12,2,40,0,33,21,4,58,24,0,24,82
11/03/2013,MGW,WV,AEA,CE,Federal Contract Tower,0,10,13,2,25,0,12,32,2,46,0,22,45,4,71,52,0,52,123
11/04/2013,MGW,WV,AEA,CE,Federal Contract Tower,0,18,12,4,34,0,20,16,2,38,0,38,28,6,72,38,0,38,110
11/05/2013,MGW,WV,AEA,CE,Federal Contract Tower,0,17,13,2,32,0,59,27,2,88,0,76,40,4,120,90,0,90,210
11/06/2013,MGW,WV,AEA,CE,Federal Contract Tower,0,11,11,9,31,0,21,35,4,60,0,32,46,13,91,94,6,100,191
11/07/2013,MGW,WV,AEA,CE,Federal Contract Tower,0,12,13,0,25,0,8,16,2,26,0,20,29,2,51,72,0,72,123
11/08/2013,MGW,WV,AEA,CE,Federal Contract Tower,0,20,22,2,44,0,37,25,2,64,0,57,47,4,108,24,0,24,132
11/09/2013,MGW,WV,AEA,CE,Federal Contract Tower,0,24,32,0,56,0,38,54,0,92,0,62,86,0,148,246,0,246,394
11/10/2013,MGW,WV,AEA,CE,Federal Contract Tower,0,15,20,0,35,0,19,25,0,44,0,34,45,0,79,32,0,32,111
11/11/2013,MGW,WV,AEA,CE,Federal Contract Tower,0,16,21,0,37,0,14,28,0,42,0,30,49,0,79,18,0,18,97
11/12/2013,MGW,WV,AEA,CE,Federal Contract Tower,0,20,9,2,31,0,0,4,0,4,0,20,13,2,35,0,0,0,35
11/13/2013,MGW,WV,AEA,CE,Federal Contract Tower,0,18,5,4,27,0,20,22,0,42,0,38,27,4,69,74,4,78,147
11/14/2013,MGW,WV,AEA,CE,Federal Contract Tower,0,14,11,1,26,0,38,34,0,72,0,52,45,1,98,64,0,64,162
11/15/2013,MGW,WV,AEA,CE,Federal Contract Tower,0,10,8,4,22,0,48,28,10,86,0,58,36,14,108,44,0,44,152
11/16/2013,MGW,WV,AEA,CE,Federal Contract Tower,0,10,10,2,22,0,41,13,2,56,0,51,23,4,78,14,0,14,92
11/17/2013,MGW,WV,AEA,CE,Federal Contract Tower,0,6,5,4,15,0,8,11,0,19,0,14,16,4,34,36,0,36,70
11/18/2013,MGW,WV,AEA,CE,Federal Contract Tower,0,24,5,0,29,0,8,2,0,10,0,32,7,0,39,0,0,0,39
11/19/2013,MGW,WV,AEA,CE,Federal Contract Tower,0,17,9,8,34,0,42,26,0,68,0,59,35,8,102,56,0,56,158
11/20/2013,MGW,WV,AEA,CE,Federal Contract Tower,0,21,8,0,29,0,44,24,0,68,0,65,32,0,97,0,4,4,101
11/21/2013,MGW,WV,AEA,CE,Federal Contract Tower,0,14,9,11,34,0,37,13,2,52,0,51,22,13,86,14,6,20,106
11/22/2013,MGW,WV,AEA,CE,Federal Contract Tower,0,18,7,0,25,0,4,0,0,4,0,22,7,0,29,0,0,0,29
11/23/2013,MGW,WV,AEA,CE,Federal Contract Tower,0,11,1,0,12,0,13,9,3,25,0,24,10,3,37,10,0,10,47
11/24/2013,MGW,WV,AEA,CE,Federal Contract Tower,0,8,6,0,14,0,34,3,0,37,0,42,9,0,51,0,0,0,51
11/25/2013,MGW,WV,AEA,CE,Federal Contract Tower,0,19,4,0,23,0,24,12,2,38,0,43,16,2,61,12,0,12,73
11/26/2013,MGW,WV,AEA,CE,Federal Contract Tower,0,9,2,0,11,0,0,0,0,0,0,9,2,0,11,0,0,0,11
11/27/2013,MGW,WV,AEA,CE,Federal Contract Tower,0,5,6,0,11,0,2,0,0,2,0,7,6,0,13,0,0,0,13
11/28/2013,MGW,WV,AEA,CE,Federal Contract Tower,0,6,4,0,10,0,4,1,0,5,0,10,5,0,15,0,0,0,15
11/29/2013,MGW,WV,AEA,CE,Federal Contract Tower,0,8,2,0,10,0,27,19,0,46,0,35,21,0,56,44,0,44,100
11/30/2013,MGW,WV,AEA,CE,Federal Contract Tower,0,10,9,0,19,0,31,41,14,86,0,41,50,14,105,166,0,166,271
12/01/2013,MGW,WV,AEA,CE,Federal Contract Tower,0,6,18,0,24,0,24,14,4,42,0,30,32,4,66,16,0,16,82
12/02/2013,MGW,WV,AEA,CE,Federal Contract Tower,0,14,4,2,20,0,41,4,0,45,0,55,8,2,65,0,0,0,65
12/03/2013,MGW,WV,AEA,CE,Federal Contract Tower,0,18,10,2,30,0,50,28,6,84,0,68,38,8,114,86,0,86,200
12/04/2013,MGW,WV,AEA,CE,Federal Contract Tower,0,12,10,2,24,0,29,20,4,53,0,41,30,6,77,28,4,32,109
12/05/2013,MGW,WV,AEA,CE,Federal Contract Tower,0,15,4,0,19,0,29,5,0,34,0,44,9,0,53,8,0,8,61
12/06/2013,MGW,WV,AEA,CE,Federal Contract Tower,0,9,1,0,10,0,4,0,0,4,0,13,1,0,14,0,0,0,14
12/07/2013,MGW,WV,AEA,CE,Federal Contract Tower,0,9,9,0,18,0,36,2,4,42,0,45,11,4,60,4,4,8,68
12/08/2013,MGW,WV,AEA,CE,Federal Contract Tower,0,2,1,0,3,0,4,0,0,4,0,6,1,0,7,0,0,0,7
12/09/2013,MGW,WV,AEA,CE,Federal Contract Tower,0,11,4,1,16,0,4,2,1,7,0,15,6,2,23,4,0,4,27
12/10/2013,MGW,WV,AEA,CE,Federal Contract Tower,0,26,9,0,35,0,28,11,0,39,0,54,20,0,74,0,0,0,74
12/11/2013,MGW,WV,AEA,CE,Federal Contract Tower,0,18,11,7,36,0,19,8,2,29,0,37,19,9,65,2,2,4,69
12/12/2013,MGW,WV,AEA,CE,Federal Contract Tower,0,12,8,0,20,0,37,11,0,48,0,49,19,0,68,8,0,8,76
12/13/2013,MGW,WV,AEA,CE,Federal Contract Tower,0,18,19,0,37,0,29,12,2,43,0,47,31,2,80,0,0,0,80
12/14/2013,MGW,WV,AEA,CE,Federal Contract Tower,0,9,2,0,11,0,0,0,0,0,0,9,2,0,11,0,0,0,11
12/15/2013,MGW,WV,AEA,CE,Federal Contract Tower,0,2,0,0,2,0,0,0,0,0,0,2,0,0,2,0,0,0,2
12/16/2013,MGW,WV,AEA,CE,Federal Contract Tower,0,10,6,0,16,0,0,0,0,0,0,10,6,0,16,0,0,0,16
12/17/2013,MGW,WV,AEA,CE,Federal Contract Tower,0,18,5,0,23,0,4,7,4,15,0,22,12,4,38,46,0,46,84
12/18/2013,MGW,WV,AEA,CE,Federal Contract Tower,0,16,10,0,26,0,18,1,1,20,0,34,11,1,46,0,4,4,50
12/19/2013,MGW,WV,AEA,CE,Federal Contract Tower,0,13,17,0,30,0,33,25,0,58,0,46,42,0,88,20,0,20,108
12/20/2013,MGW,WV,AEA,CE,Federal Contract Tower,0,11,11,0,22,0,35,10,0,45,0,46,21,0,67,18,0,18,85
12/21/2013,MGW,WV,AEA,CE,Federal Contract Tower,0,6,4,0,10,0,17,6,0,23,0,23,10,0,33,18,0,18,51
12/22/2013,MGW,WV,AEA,CE,Federal Contract Tower,0,6,5,0,11,0,27,3,0,30,0,33,8,0,41,0,0,0,41
12/23/2013,MGW,WV,AEA,CE,Federal Contract Tower,0,10,4,0,14,0,16,0,0,16,0,26,4,0,30,0,0,0,30
12/24/2013,MGW,WV,AEA,CE,Federal Contract Tower,0,9,0,0,9,0,28,0,0,28,0,37,0,0,37,0,0,0,37
12/25/2013,MGW,WV,AEA,CE,Federal Contract Tower,0,7,1,0,8,0,18,3,0,21,0,25,4,0,29,0,0,0,29
12/26/2013,MGW,WV,AEA,CE,Federal Contract Tower,0,13,6,0,19,0,12,2,0,14,0,25,8,0,33,0,0,0,33
12/27/2013,MGW,WV,AEA,CE,Federal Contract Tower,0,13,5,0,18,0,10,16,0,26,0,23,21,0,44,30,0,30,74
12/28/2013,MGW,WV,AEA,CE,Federal Contract Tower,0,14,8,0,22,0,26,33,0,59,0,40,41,0,81,34,0,34,115
12/29/2013,MGW,WV,AEA,CE,Federal Contract Tower,0,11,1,0,12,0,0,2,0,2,0,11,3,0,14,8,0,8,22
12/30/2013,MGW,WV,AEA,CE,Federal Contract Tower,0,11,1,0,12,0,0,0,0,0,0,11,1,0,12,0,0,0,12
12/31/2013,MGW,WV,AEA,CE,Federal Contract Tower,0,8,0,0,8,0,16,0,0,16,0,24,0,0,24,0,0,0,24
01/01/2014,MGW,WV,AEA,CE,Federal Contract Tower,0,6,3,0,9,0,22,14,0,36,0,28,17,0,45,38,0,38,83
01/02/2014,MGW,WV,AEA,CE,Federal Contract Tower,0,0,0,0,0,0,6,2,0,8,0,6,2,0,8,0,0,0,8
01/03/2014,MGW,WV,AEA,CE,Federal Contract Tower,0,8,0,0,8,0,29,7,0,36,0,37,7,0,44,0,0,0,44
01/04/2014,MGW,WV,AEA,CE,Federal Contract Tower,0,15,0,0,15,0,35,6,0,41,0,50,6,0,56,4,0,4,60
01/05/2014,MGW,WV,AEA,CE,Federal Contract Tower,0,13,1,0,14,0,44,2,0,46,0,57,3,0,60,0,0,0,60
01/06/2014,MGW,WV,AEA,CE,Federal Contract Tower,0,7,2,0,9,0,0,0,0,0,0,7,2,0,9,0,0,0,9
01/07/2014,MGW,WV,AEA,CE,Federal Contract Tower,0,16,5,0,21,0,42,4,0,46,0,58,9,0,67,4,0,4,71
01/08/2014,MGW,WV,AEA,CE,Federal Contract Tower,0,21,4,0,25,0,30,6,12,48,0,51,10,12,73,4,0,4,77
01/09/2014,MGW,WV,AEA,CE,Federal Contract Tower,0,16,1,0,17,0,44,10,2,56,0,60,11,2,73,34,0,34,107
01/10/2014,MGW,WV,AEA,CE,Federal Contract Tower,0,14,5,7,26,0,34,1,0,35,0,48,6,7,61,6,2,8,69
01/11/2014,MGW,WV,AEA,CE,Federal Contract Tower,0,8,8,0,16,0,14,0,0,14,0,22,8,0,30,0,0,0,30
01/12/2014,MGW,WV,AEA,CE,Federal Contract Tower,0,10,9,0,19,0,32,8,2,42,0,42,17,2,61,50,0,50,111
01/13/2014,MGW,WV,AEA,CE,Federal Contract Tower,0,11,13,4,28,0,27,8,2,37,0,38,21,6,65,30,0,30,95
01/14/2014,MGW,WV,AEA,CE,Federal Contract Tower,0,9,7,6,22,0,17,10,0,27,0,26,17,6,49,0,0,0,49
01/15/2014,MGW,WV,AEA,CE,Federal Contract Tower,0,10,17,12,39,0,8,18,0,26,0,18,35,12,65,20,2,22,87
01/16/2014,MGW,WV,AEA,CE,Federal Contract Tower,0,13,9,2,24,0,37,20,0,57,0,50,29,2,81,50,0,50,131
01/17/2014,MGW,WV,AEA,CE,Federal Contract Tower,0,11,2,8,21,0,14,2,0,16,0,25,4,8,37,14,0,14,51
01/18/2014,MGW,WV,AEA,CE,Federal Contract Tower,0,8,5,0,13,0,12,0,0,12,0,20,5,0,25,0,0,0,25
01/19/2014,MGW,WV,AEA,CE,Federal Contract Tower,0,6,0,0,6,0,8,0,0,8,0,14,0,0,14,0,0,0,14
01/20/2014,MGW,WV,AEA,CE,Federal Contract Tower,0,10,4,0,14,0,12,5,0,17,0,22,9,0,31,0,0,0,31
01/21/2014,MGW,WV,AEA,CE,Federal Contract Tower,0,2,1,0,3,0,0,0,0,0,0,2,1,0,3,0,0,0,3
01/22/2014,MGW,WV,AEA,CE,Federal Contract Tower,0,8,3,0,11,0,33,12,0,45,0,41,15,0,56,16,0,16,72
01/23/2014,MGW,WV,AEA,CE,Federal Contract Tower,0,13,5,2,20,0,10,0,0,10,0,23,5,2,30,0,0,0,30
01/24/2014,MGW,WV,AEA,CE,Federal Contract Tower,0,8,8,2,18,0,32,11,0,43,0,40,19,2,61,0,0,0,61
01/25/2014,MGW,WV,AEA,CE,Federal Contract Tower,0,10,0,0,10,0,0,0,0,0,0,10,0,0,10,0,0,0,10
01/26/2014,MGW,WV,AEA,CE,Federal Contract Tower,0,3,1,0,4,0,17,0,0,17,0,20,1,0,21,0,0,0,21
01/27/2014,MGW,WV,AEA,CE,Federal Contract Tower,0,14,0,0,14,0,8,4,0,12,0,22,4,0,26,16,0,16,42
01/28/2014,MGW,WV,AEA,CE,Federal Contract Tower,0,8,5,4,17,0,42,12,0,54,0,50,17,4,71,20,0,20,91
01/29/2014,MGW,WV,AEA,CE,Federal Contract Tower,0,14,5,8,27,0,52,5,4,61,0,66,10,12,88,0,6,6,94
01/30/2014,MGW,WV,AEA,CE,Federal Contract Tower,0,12,9,17,38,0,21,19,2,42,0,33,28,19,80,16,14,30,110
01/31/2014,MGW,WV,AEA,CE,Federal Contract Tower,0,17,0,4,21,0,37,17,4,58,0,54,17,8,79,30,0,30,109
02/01/2014,MGW,WV,AEA,CE,Federal Contract Tower,0,7,3,0,10,0,47,19,0,66,0,54,22,0,76,44,0,44,120
02/02/2014,MGW,WV,AEA,CE,Federal Contract Tower,0,2,0,2,4,0,0,0,0,0,0,2,0,2,4,0,0,0,4
02/03/2014,MGW,WV,AEA,CE,Federal Contract Tower,0,10,0,0,10,0,9,2,0,11,0,19,2,0,21,0,0,0,21
02/04/2014,MGW,WV,AEA,CE,Federal Contract Tower,0,13,1,2,16,0,21,4,0,25,0,34,5,2,41,28,0,28,69
02/05/2014,MGW,WV,AEA,CE,Federal Contract Tower,0,8,0,2,10,0,0,2,0,2,0,8,2,2,12,0,2,2,14
02/06/2014,MGW,WV,AEA,CE,Federal Contract Tower,0,17,0,10,27,0,26,7,8,41,0,43,7,18,68,0,8,8,76
02/07/2014,MGW,WV,AEA,CE,Federal Contract Tower,0,18,9,0,27,0,6,5,4,15,0,24,14,4,42,8,0,8,50
02/08/2014,MGW,WV,AEA,CE,Federal Contract Tower,0,7,2,0,9,0,16,6,2,24,0,23,8,2,33,8,0,8,41
02/09/2014,MGW,WV,AEA,CE,Federal Contract Tower,0,4,4,0,8,0,0,0,0,0,0,4,4,0,8,0,0,0,8
02/10/2014,MGW,WV,AEA,CE,Federal Contract Tower,0,10,4,2,16,0,36,2,4,42,0,46,6,6,58,0,0,0,58
02/11/2014,MGW,WV,AEA,CE,Federal Contract Tower,0,22,12,4,38,0,51,15,0,66,0,73,27,4,104,12,0,12,116
02/12/2014,MGW,WV,AEA,CE,Federal Contract Tower,0,17,5,10,32,0,23,18,4,45,0,40,23,14,77,12,10,22,99
02/13/2014,MGW,WV,AEA,CE,Federal Contract Tower,0,1,4,0,5,0,0,0,0,0,0,1,4,0,5,0,0,0,5
02/14/2014,MGW,WV,AEA,CE,Federal Contract Tower,0,11,8,2,21,0,16,0,0,16,0,27,8,2,37,0,0,0,37
02/15/2014,MGW,WV,AEA,CE,Federal Contract Tower,0,7,0,0,7,0,17,4,0,21,0,24,4,0,28,0,0,0,28
02/16/2014,MGW,WV,AEA,CE,Federal Contract Tower,0,6,1,0,7,0,24,0,0,24,0,30,1,0,31,0,0,0,31
02/17/2014,MGW,WV,AEA,CE,Federal Contract Tower,0,17,7,0,24,0,31,14,0,45,0,48,21,0,69,28,0,28,97
02/18/2014,MGW,WV,AEA,CE,Federal Contract Tower,0,15,7,3,25,0,34,8,2,44,0,49,15,5,69,14,6,20,89
02/19/2014,MGW,WV,AEA,CE,Federal Contract Tower,0,17,5,2,24,0,24,14,0,38,0,41,19,2,62,18,2,20,82
02/20/2014,MGW,WV,AEA,CE,Federal Contract Tower,0,20,13,0,33,0,32,7,6,45,0,52,20,6,78,38,10,48,126
02/21/2014,MGW,WV,AEA,CE,Federal Contract Tower,0,18,4,0,22,0,24,1,2,27,0,42,5,2,49,0,0,0,49
02/22/2014,MGW,WV,AEA,CE,Federal Contract Tower,0,9,12,0,21,0,34,24,0,58,0,43,36,0,79,38,0,38,117
02/23/2014,MGW,WV,AEA,CE,Federal Contract Tower,0,7,6,0,13,0,10,18,0,28,0,17,24,0,41,88,0,88,129
02/24/2014,MGW,WV,AEA,CE,Federal Contract Tower,0,10,12,0,22,0,38,6,0,44,0,48,18,0,66,10,0,10,76
02/25/2014,MGW,WV,AEA,CE,Federal Contract Tower,0,20,7,0,27,0,4,0,0,4,0,24,7,0,31,0,0,0,31
02/26/2014,MGW,WV,AEA,CE,Federal Contract Tower,0,15,13,2,30,0,23,7,0,30,0,38,20,2,60,28,2,30,90
02/27/2014,MGW,WV,AEA,CE,Federal Contract Tower,0,35,8,0,43,0,42,3,1,46,0,77,11,1,89,18,0,18,107
02/28/2014,MGW,WV,AEA,CE,Federal Contract Tower,0,19,4,9,32,0,18,41,0,59,0,37,45,9,91,70,4,74,165
03/01/2014,MGW,WV,AEA,CE,Federal Contract Tower,0,13,6,2,21,0,35,5,0,40,0,48,11,2,61,4,0,4,65
03/02/2014,MGW,WV,AEA,CE,Federal Contract Tower,0,0,0,0,0,0,0,0,0,0,0,0,0,0,0,0,0,0,0
03/03/2014,MGW,WV,AEA,CE,Federal Contract Tower,0,2,2,0,4,0,32,0,0,32,0,34,2,0,36,0,0,0,36
03/04/2014,MGW,WV,AEA,CE,Federal Contract Tower,0,15,13,2,30,0,45,17,6,68,0,60,30,8,98,22,0,22,120
03/05/2014,MGW,WV,AEA,CE,Federal Contract Tower,0,13,4,2,19,0,20,8,13,41,0,33,12,15,60,12,0,12,72
03/06/2014,MGW,WV,AEA,CE,Federal Contract Tower,0,15,9,2,26,0,64,17,5,86,0,79,26,7,112,24,2,26,138
03/07/2014,MGW,WV,AEA,CE,Federal Contract Tower,0,18,8,0,26,0,32,27,4,63,0,50,35,4,89,60,0,60,149
03/08/2014,MGW,WV,AEA,CE,Federal Contract Tower,0,12,2,0,14,0,30,25,0,55,0,42,27,0,69,60,0,60,129
03/09/2014,MGW,WV,AEA,CE,Federal Contract Tower,0,8,2,0,10,0,16,26,2,44,0,24,28,2,54,36,0,36,90
03/10/2014,MGW,WV,AEA,CE,Federal Contract Tower,0,11,5,4,20,0,31,11,10,52,0,42,16,14,72,16,0,16,88
03/11/2014,MGW,WV,AEA,CE,Federal Contract Tower,0,17,7,2,26,0,64,21,4,89,0,81,28,6,115,10,0,10,125
03/12/2014,MGW,WV,AEA,CE,Federal Contract Tower,0,15,4,0,19,0,6,1,0,7,0,21,5,0,26,2,0,2,28
03/13/2014,MGW,WV,AEA,CE,Federal Contract Tower,0,12,14,9,35,0,28,12,11,51,0,40,26,20,86,24,10,34,120
03/14/2014,MGW,WV,AEA,CE,Federal Contract Tower,0,15,10,6,31,0,45,7,13,65,0,60,17,19,96,0,2,2,98
03/15/2014,MGW,WV,AEA,CE,Federal Contract Tower,0,9,5,0,14,0,38,10,8,56,0,47,15,8,70,0,0,0,70
03/16/2014,MGW,WV,AEA,CE,Federal Contract Tower,0,6,15,0,21,0,6,9,4,19,0,12,24,4,40,44,0,44,84
03/17/2014,MGW,WV,AEA,CE,Federal Contract Tower,0,6,1,0,7,0,34,11,0,45,0,40,12,0,52,0,0,0,52
03/18/2014,MGW,WV,AEA,CE,Federal Contract Tower,0,19,16,4,39,0,42,30,3,75,0,61,46,7,114,50,2,52,166
03/19/2014,MGW,WV,AEA,CE,Federal Contract Tower,0,19,6,2,27,0,17,5,1,23,0,36,11,3,50,0,0,0,50
03/20/2014,MGW,WV,AEA,CE,Federal Contract Tower,0,16,11,0,27,0,24,8,0,32,0,40,19,0,59,10,0,10,69
03/21/2014,MGW,WV,AEA,CE,Federal Contract Tower,0,15,5,4,24,0,45,10,0,55,0,60,15,4,79,14,2,16,95
03/22/2014,MGW,WV,AEA,CE,Federal Contract Tower,0,12,4,0,16,0,34,7,0,41,0,46,11,0,57,18,0,18,75
03/23/2014,MGW,WV,AEA,CE,Federal Contract Tower,0,10,0,0,10,0,32,4,0,36,0,42,4,0,46,10,0,10,56
03/24/2014,MGW,WV,AEA,CE,Federal Contract Tower,0,11,5,0,16,0,44,18,2,64,0,55,23,2,80,20,0,20,100
03/25/2014,MGW,WV,AEA,CE,Federal Contract Tower,0,19,9,0,28,0,21,4,2,27,0,40,13,2,55,32,0,32,87
03/26/2014,MGW,WV,AEA,CE,Federal Contract Tower,0,21,11,2,34,0,42,9,2,53,0,63,20,4,87,6,2,8,95
03/27/2014,MGW,WV,AEA,CE,Federal Contract Tower,0,16,6,2,24,0,54,6,2,62,0,70,12,4,86,14,0,14,100
03/28/2014,MGW,WV,AEA,CE,Federal Contract Tower,0,14,1,0,15,0,44,2,0,46,0,58,3,0,61,0,0,0,61
03/29/2014,MGW,WV,AEA,CE,Federal Contract Tower,0,11,5,0,16,0,14,2,0,16,0,25,7,0,32,0,0,0,32
03/30/2014,MGW,WV,AEA,CE,Federal Contract Tower,0,6,5,0,11,0,10,5,0,15,0,16,10,0,26,0,0,0,26
03/31/2014,MGW,WV,AEA,CE,Federal Contract Tower,0,20,11,8,39,0,25,50,8,83,0,45,61,16,122,112,0,112,234
04/01/2014,MGW,WV,AEA,CE,Federal Contract Tower,0,15,19,0,34,0,54,16,2,72,0,69,35,2,106,16,0,16,122
04/02/2014,MGW,WV,AEA,CE,Federal Contract Tower,0,10,3,6,19,0,28,2,0,30,0,38,5,6,49,0,6,6,55
04/03/2014,MGW,WV,AEA,CE,Federal Contract Tower,0,13,11,1,25,0,12,9,8,29,0,25,20,9,54,30,0,30,84
04/04/2014,MGW,WV,AEA,CE,Federal Contract Tower,0,8,12,4,24,0,19,2,3,24,0,27,14,7,48,0,0,0,48
04/05/2014,MGW,WV,AEA,CE,Federal Contract Tower,0,10,7,10,27,0,27,18,0,45,0,37,25,10,72,46,6,52,124
04/06/2014,MGW,WV,AEA,CE,Federal Contract Tower,0,5,6,6,17,0,35,58,0,93,0,40,64,6,110,296,0,296,406
04/07/2014,MGW,WV,AEA,CE,Federal Contract Tower,0,13,2,4,19,0,14,4,0,18,0,27,6,4,37,2,0,2,39
04/08/2014,MGW,WV,AEA,CE,Federal Contract Tower,0,10,6,4,20,0,18,3,7,28,0,28,9,11,48,0,0,0,48
04/09/2014,MGW,WV,AEA,CE,Federal Contract Tower,0,22,7,0,29,0,32,31,2,65,0,54,38,2,94,94,0,94,188
04/10/2014,MGW,WV,AEA,CE,Federal Contract Tower,0,15,3,2,20,0,68,29,2,99,0,83,32,4,119,112,12,124,243
04/11/2014,MGW,WV,AEA,CE,Federal Contract Tower,0,19,7,17,43,0,12,3,6,21,0,31,10,23,64,34,4,38,102
04/12/2014,MGW,WV,AEA,CE,Federal Contract Tower,0,9,14,0,23,0,59,47,8,114,0,68,61,8,137,86,14,100,237
04/13/2014,MGW,WV,AEA,CE,Federal Contract Tower,0,10,5,0,15,0,56,34,0,90,0,66,39,0,105,110,0,110,215
04/14/2014,MGW,WV,AEA,CE,Federal Contract Tower,0,24,4,0,28,0,41,4,0,45,0,65,8,0,73,0,0,0,73
04/15/2014,MGW,WV,AEA,CE,Federal Contract Tower,0,12,9,0,21,0,0,0,0,0,0,12,9,0,21,0,0,0,21
04/16/2014,MGW,WV,AEA,CE,Federal Contract Tower,0,15,3,0,18,0,39,34,0,73,0,54,37,0,91,114,0,114,205
04/17/2014,MGW,WV,AEA,CE,Federal Contract Tower,0,14,7,2,23,0,23,44,4,71,0,37,51,6,94,48,0,48,142
04/18/2014,MGW,WV,AEA,CE,Federal Contract Tower,0,14,8,2,24,0,39,33,0,72,0,53,41,2,96,30,0,30,126
04/19/2014,MGW,WV,AEA,CE,Federal Contract Tower,0,13,0,0,13,0,49,39,2,90,0,62,39,2,103,52,0,52,155
04/20/2014,MGW,WV,AEA,CE,Federal Contract Tower,0,6,6,0,12,0,41,22,0,63,0,47,28,0,75,78,0,78,153
04/21/2014,MGW,WV,AEA,CE,Federal Contract Tower,0,24,18,8,50,0,42,42,2,86,0,66,60,10,136,140,8,148,284
04/22/2014,MGW,WV,AEA,CE,Federal Contract Tower,0,12,7,0,19,0,19,4,0,23,0,31,11,0,42,0,0,0,42
04/23/2014,MGW,WV,AEA,CE,Federal Contract Tower,0,16,14,0,30,0,22,18,0,40,0,38,32,0,70,34,0,34,104
04/24/2014,MGW,WV,AEA,CE,Federal Contract Tower,0,16,5,4,25,0,26,26,2,54,0,42,31,6,79,106,0,106,185
04/25/2014,MGW,WV,AEA,CE,Federal Contract Tower,0,16,5,14,35,0,10,5,0,15,0,26,10,14,50,20,0,20,70
04/26/2014,MGW,WV,AEA,CE,Federal Contract Tower,0,12,5,0,17,0,24,21,0,45,0,36,26,0,62,16,0,16,78
04/27/2014,MGW,WV,AEA,CE,Federal Contract Tower,0,3,9,6,18,0,24,52,2,78,0,27,61,8,96,150,10,160,256
04/28/2014,MGW,WV,AEA,CE,Federal Contract Tower,0,14,7,15,36,0,26,11,0,37,0,40,18,15,73,0,0,0,73
04/29/2014,MGW,WV,AEA,CE,Federal Contract Tower,0,14,5,7,26,0,10,0,0,10,0,24,5,7,36,0,0,0,36
04/30/2014,MGW,WV,AEA,CE,Federal Contract Tower,0,12,8,6,26,0,8,18,1,27,0,20,26,7,53,56,0,56,109
05/01/2014,MGW,WV,AEA,CE,Federal Contract Tower,0,18,10,8,36,0,36,30,0,66,0,54,40,8,102,28,0,28,130
05/02/2014,MGW,WV,AEA,CE,Federal Contract Tower,0,15,8,6,29,0,28,23,4,55,0,43,31,10,84,60,8,68,152
05/03/2014,MGW,WV,AEA,CE,Federal Contract Tower,0,9,4,0,13,0,31,12,0,43,0,40,16,0,56,24,0,24,80
05/04/2014,MGW,WV,AEA,CE,Federal Contract Tower,0,11,10,2,23,0,31,21,0,52,0,42,31,2,75,114,0,114,189
05/05/2014,MGW,WV,AEA,CE,Federal Contract Tower,0,13,4,2,19,0,32,35,0,67,0,45,39,2,86,120,0,120,206
05/06/2014,MGW,WV,AEA,CE,Federal Contract Tower,0,19,8,0,27,0,74,41,2,117,0,93,49,2,144,82,28,110,254
05/07/2014,MGW,WV,AEA,CE,Federal Contract Tower,0,14,13,2,29,0,30,21,0,51,0,44,34,2,80,104,2,106,186
05/08/2014,MGW,WV,AEA,CE,Federal Contract Tower,0,18,6,0,24,0,36,33,0,69,0,54,39,0,93,88,0,88,181
05/09/2014,MGW,WV,AEA,CE,Federal Contract Tower,0,15,7,3,25,0,40,32,4,76,0,55,39,7,101,50,6,56,157
05/10/2014,MGW,WV,AEA,CE,Federal Contract Tower,0,10,15,0,25,0,14,8,0,22,0,24,23,0,47,10,0,10,57
05/11/2014,MGW,WV,AEA,CE,Federal Contract Tower,0,7,6,0,13,0,21,34,0,55,0,28,40,0,68,44,0,44,112
05/12/2014,MGW,WV,AEA,CE,Federal Contract Tower,0,16,8,0,24,0,27,29,2,58,0,43,37,2,82,42,0,42,124
05/13/2014,MGW,WV,AEA,CE,Federal Contract Tower,0,13,20,2,35,0,45,40,4,89,0,58,60,6,124,80,0,80,204
05/14/2014,MGW,WV,AEA,CE,Federal Contract Tower,0,17,9,3,29,0,27,17,1,45,0,44,26,4,74,62,2,64,138
05/15/2014,MGW,WV,AEA,CE,Federal Contract Tower,0,14,10,4,28,0,10,0,0,10,0,24,10,4,38,0,4,4,42
05/16/2014,MGW,WV,AEA,CE,Federal Contract Tower,0,20,17,0,37,0,22,19,4,45,0,42,36,4,82,30,0,30,112
05/17/2014,MGW,WV,AEA,CE,Federal Contract Tower,0,14,10,3,27,0,28,17,9,54,0,42,27,12,81,26,0,26,107
05/18/2014,MGW,WV,AEA,CE,Federal Contract Tower,0,10,7,0,17,0,58,24,19,101,0,68,31,19,118,86,0,86,204
05/19/2014,MGW,WV,AEA,CE,Federal Contract Tower,0,12,11,0,23,0,31,53,4,88,0,43,64,4,111,114,0,114,225
05/20/2014,MGW,WV,AEA,CE,Federal Contract Tower,0,23,10,0,33,0,45,44,4,93,0,68,54,4,126,102,0,102,228
05/21/2014,MGW,WV,AEA,CE,Federal Contract Tower,0,13,8,6,27,0,13,26,0,39,0,26,34,6,66,92,0,92,158
05/22/2014,MGW,WV,AEA,CE,Federal Contract Tower,0,14,6,0,20,0,38,13,0,51,0,52,19,0,71,86,0,86,157
05/23/2014,MGW,WV,AEA,CE,Federal Contract Tower,0,16,3,0,19,0,40,21,0,61,0,56,24,0,80,60,0,60,140
05/24/2014,MGW,WV,AEA,CE,Federal Contract Tower,0,7,2,0,9,0,75,17,0,92,0,82,19,0,101,18,0,18,119
05/25/2014,MGW,WV,AEA,CE,Federal Contract Tower,0,10,10,0,20,0,43,44,0,87,0,53,54,0,107,82,0,82,189
05/26/2014,MGW,WV,AEA,CE,Federal Contract Tower,0,8,4,0,12,0,49,28,0,77,0,57,32,0,89,100,0,100,189
05/27/2014,MGW,WV,AEA,CE,Federal Contract Tower,0,15,11,0,26,0,28,14,0,42,0,43,25,0,68,12,0,12,80
05/28/2014,MGW,WV,AEA,CE,Federal Contract Tower,0,13,7,2,22,0,6,9,2,17,0,19,16,4,39,14,0,14,53
05/29/2014,MGW,WV,AEA,CE,Federal Contract Tower,0,11,8,7,26,0,6,5,2,13,0,17,13,9,39,46,2,48,87
05/30/2014,MGW,WV,AEA,CE,Federal Contract Tower,0,12,21,3,36,0,59,27,3,89,0,71,48,6,125,68,0,68,193
05/31/2014,MGW,WV,AEA,CE,Federal Contract Tower,0,9,2,2,13,0,28,27,6,61,0,37,29,8,74,56,0,56,130
06/01/2014,MGW,WV,AEA,CE,Federal Contract Tower,0,9,3,0,12,0,55,38,0,93,0,64,41,0,105,42,0,42,147
06/02/2014,MGW,WV,AEA,CE,Federal Contract Tower,0,10,4,1,15,0,47,15,3,65,0,57,19,4,80,26,0,26,106
06/03/2014,MGW,WV,AEA,CE,Federal Contract Tower,0,23,7,0,30,0,31,11,4,46,0,54,18,4,76,0,0,0,76
06/04/2014,MGW,WV,AEA,CE,Federal Contract Tower,0,15,5,0,20,0,20,3,0,23,0,35,8,0,43,16,0,16,59
06/05/2014,MGW,WV,AEA,CE,Federal Contract Tower,0,20,19,2,41,0,38,27,8,73,0,58,46,10,114,60,2,62,176
06/06/2014,MGW,WV,AEA,CE,Federal Contract Tower,0,13,8,6,27,0,41,40,4,85,0,54,48,10,112,124,0,124,236
06/07/2014,MGW,WV,AEA,CE,Federal Contract Tower,0,8,21,2,31,0,57,54,16,127,0,65,75,18,158,84,0,84,242
06/08/2014,MGW,WV,AEA,CE,Federal Contract Tower,0,6,9,2,17,0,6,0,0,6,0,12,9,2,23,0,0,0,23
06/09/2014,MGW,WV,AEA,CE,Federal Contract Tower,0,13,10,9,32,0,0,12,3,15,0,13,22,12,47,74,4,78,125
06/10/2014,MGW,WV,AEA,CE,Federal Contract Tower,0,23,9,2,34,0,36,20,6,62,0,59,29,8,96,82,0,82,178
06/11/2014,MGW,WV,AEA,CE,Federal Contract Tower,0,12,10,2,24,0,16,9,0,25,0,28,19,2,49,30,0,30,79
06/12/2014,MGW,WV,AEA,CE,Federal Contract Tower,0,19,25,8,52,0,17,12,1,30,0,36,37,9,82,42,0,42,124
06/13/2014,MGW,WV,AEA,CE,Federal Contract Tower,0,16,9,6,31,0,24,23,2,49,0,40,32,8,80,26,0,26,106
06/14/2014,MGW,WV,AEA,CE,Federal Contract Tower,0,13,10,2,25,0,72,38,4,114,0,85,48,6,139,62,0,62,201
06/15/2014,MGW,WV,AEA,CE,Federal Contract Tower,0,4,7,0,11,0,32,33,2,67,0,36,40,2,78,78,0,78,156
06/16/2014,MGW,WV,AEA,CE,Federal Contract Tower,0,20,11,6,37,0,34,43,6,83,0,54,54,12,120,18,0,18,138
06/17/2014,MGW,WV,AEA,CE,Federal Contract Tower,0,16,4,2,22,0,42,35,15,92,0,58,39,17,114,34,4,38,152
06/18/2014,MGW,WV,AEA,CE,Federal Contract Tower,0,20,12,6,38,0,25,35,4,64,0,45,47,10,102,92,6,98,200
06/19/2014,MGW,WV,AEA,CE,Federal Contract Tower,0,9,9,0,18,0,28,10,0,38,0,37,19,0,56,22,0,22,78
06/20/2014,MGW,WV,AEA,CE,Federal Contract Tower,0,10,11,3,24,0,22,29,1,52,0,32,40,4,76,32,0,32,108
06/21/2014,MGW,WV,AEA,CE,Federal Contract Tower,0,10,14,0,24,0,22,34,0,56,0,32,48,0,80,32,0,32,112
06/22/2014,MGW,WV,AEA,CE,Federal Contract Tower,0,6,3,0,9,0,70,20,2,92,0,76,23,2,101,38,0,38,139
06/23/2014,MGW,WV,AEA,CE,Federal Contract Tower,0,9,13,4,26,0,24,35,0,59,0,33,48,4,85,106,0,106,191
06/24/2014,MGW,WV,AEA,CE,Federal Contract Tower,0,14,4,15,33,0,42,24,2,68,0,56,28,17,101,46,0,46,147
06/25/2014,MGW,WV,AEA,CE,Federal Contract Tower,0,20,13,6,39,0,36,13,0,49,0,56,26,6,88,56,6,62,150
06/26/2014,MGW,WV,AEA,CE,Federal Contract Tower,0,14,7,7,28,0,58,40,4,102,0,72,47,11,130,138,0,138,268
06/27/2014,MGW,WV,AEA,CE,Federal Contract Tower,0,15,4,0,19,0,35,36,4,75,0,50,40,4,94,56,0,56,150
06/28/2014,MGW,WV,AEA,CE,Federal Contract Tower,0,11,9,0,20,0,47,12,0,59,0,58,21,0,79,16,0,16,95
06/29/2014,MGW,WV,AEA,CE,Federal Contract Tower,0,4,7,0,11,0,13,12,2,27,0,17,19,2,38,34,0,34,72
06/30/2014,MGW,WV,AEA,CE,Federal Contract Tower,0,17,14,0,31,0,40,31,0,71,0,57,45,0,102,144,0,144,246
07/01/2014,MGW,WV,AEA,CE,Federal Contract Tower,0,14,13,0,27,0,42,12,0,54,0,56,25,0,81,34,0,34,115
07/02/2014,MGW,WV,AEA,CE,Federal Contract Tower,0,15,3,0,18,0,44,25,2,71,0,59,28,2,89,66,0,66,155
07/03/2014,MGW,WV,AEA,CE,Federal Contract Tower,0,7,13,0,20,0,28,9,0,37,0,35,22,0,57,2,0,2,59
07/04/2014,MGW,WV,AEA,CE,Federal Contract Tower,0,13,5,0,18,0,75,15,0,90,0,88,20,0,108,34,0,34,142
07/05/2014,MGW,WV,AEA,CE,Federal Contract Tower,0,9,6,0,15,0,60,45,0,105,0,69,51,0,120,70,0,70,190
07/06/2014,MGW,WV,AEA,CE,Federal Contract Tower,0,6,3,0,9,0,46,21,2,69,0,52,24,2,78,48,0,48,126
07/07/2014,MGW,WV,AEA,CE,Federal Contract Tower,0,11,2,0,13,0,26,12,0,38,0,37,14,0,51,16,0,16,67
07/08/2014,MGW,WV,AEA,CE,Federal Contract Tower,0,16,14,6,36,0,39,13,1,53,0,55,27,7,89,40,4,44,133
07/09/2014,MGW,WV,AEA,CE,Federal Contract Tower,0,14,17,0,31,0,42,41,14,97,0,56,58,14,128,136,40,176,304
07/10/2014,MGW,WV,AEA,CE,Federal Contract Tower,0,16,10,0,26,0,14,40,0,54,0,30,50,0,80,94,0,94,174
07/11/2014,MGW,WV,AEA,CE,Federal Contract Tower,0,15,14,22,51,0,55,47,6,108,0,70,61,28,159,48,0,48,207
07/12/2014,MGW,WV,AEA,CE,Federal Contract Tower,0,14,3,0,17,0,54,38,0,92,0,68,41,0,109,18,0,18,127
07/13/2014,MGW,WV,AEA,CE,Federal Contract Tower,0,4,0,2,6,0,42,9,0,51,0,46,9,2,57,0,0,0,57
07/14/2014,MGW,WV,AEA,CE,Federal Contract Tower,0,14,4,0,18,0,20,3,0,23,0,34,7,0,41,10,0,10,51
07/15/2014,MGW,WV,AEA,CE,Federal Contract Tower,0,20,6,0,26,0,43,17,0,60,0,63,23,0,86,68,0,68,154
07/16/2014,MGW,WV,AEA,CE,Federal Contract Tower,0,12,29,1,42,0,43,44,8,95,0,55,73,9,137,100,0,100,237
07/17/2014,MGW,WV,AEA,CE,Federal Contract Tower,0,9,7,2,18,0,32,34,0,66,0,41,41,2,84,118,0,118,202
07/18/2014,MGW,WV,AEA,CE,Federal Contract Tower,0,13,12,0,25,0,46,32,0,78,0,59,44,0,103,46,0,46,149
07/19/2014,MGW,WV,AEA,CE,Federal Contract Tower,0,8,5,2,15,0,23,15,0,38,0,31,20,2,53,10,0,10,63
07/20/2014,MGW,WV,AEA,CE,Federal Contract Tower,0,8,8,0,16,0,39,39,4,82,0,47,47,4,98,68,0,68,166
07/21/2014,MGW,WV,AEA,CE,Federal Contract Tower,0,17,8,6,31,0,31,28,8,67,0,48,36,14,98,72,0,72,170
07/22/2014,MGW,WV,AEA,CE,Federal Contract Tower,0,15,25,8,48,0,74,31,8,113,0,89,56,16,161,14,0,14,175
07/23/2014,MGW,WV,AEA,CE,Federal Contract Tower,0,19,7,2,28,0,44,14,0,58,0,63,21,2,86,32,0,32,118
07/24/2014,MGW,WV,AEA,CE,Federal Contract Tower,0,12,10,6,28,0,48,42,0,90,0,60,52,6,118,62,0,62,180
07/25/2014,MGW,WV,AEA,CE,Federal Contract Tower,0,19,12,6,37,0,43,39,2,84,0,62,51,8,121,48,4,52,173
07/26/2014,MGW,WV,AEA,CE,Federal Contract Tower,0,11,5,0,16,0,37,24,0,61,0,48,29,0,77,32,0,32,109
07/27/2014,MGW,WV,AEA,CE,Federal Contract Tower,0,8,5,0,13,0,4,0,0,4,0,12,5,0,17,0,0,0,17
07/28/2014,MGW,WV,AEA,CE,Federal Contract Tower,0,22,9,0,31,0,20,4,0,24,0,42,13,0,55,0,0,0,55
07/29/2014,MGW,WV,AEA,CE,Federal Contract Tower,0,13,5,2,20,0,26,39,0,65,0,39,44,2,85,68,0,68,153
07/30/2014,MGW,WV,AEA,CE,Federal Contract Tower,0,13,10,7,30,0,43,22,0,65,0,56,32,7,95,32,8,40,135
07/31/2014,MGW,WV,AEA,CE,Federal Contract Tower,0,16,10,2,28,0,20,40,2,62,0,36,50,4,90,94,0,94,184
08/01/2014,MGW,WV,AEA,CE,Federal Contract Tower,0,22,7,4,33,0,35,32,16,83,0,57,39,20,116,68,0,68,184
08/02/2014,MGW,WV,AEA,CE,Federal Contract Tower,0,7,8,0,15,0,16,4,0,20,0,23,12,0,35,0,0,0,35
08/03/2014,MGW,WV,AEA,CE,Federal Contract Tower,0,8,13,2,23,0,39,20,0,59,0,47,33,2,82,0,0,0,82
08/04/2014,MGW,WV,AEA,CE,Federal Contract Tower,0,12,9,2,23,0,25,33,2,60,0,37,42,4,83,32,6,38,121
08/05/2014,MGW,WV,AEA,CE,Federal Contract Tower,0,15,21,2,38,0,35,42,0,77,0,50,63,2,115,100,0,100,215
08/06/2014,MGW,WV,AEA,CE,Federal Contract Tower,0,15,7,6,28,0,36,18,2,56,0,51,25,8,84,76,4,80,164
08/07/2014,MGW,WV,AEA,CE,Federal Contract Tower,0,19,15,0,34,0,56,35,0,91,0,75,50,0,125,134,0,134,259
08/08/2014,MGW,WV,AEA,CE,Federal Contract Tower,0,15,11,4,30,0,28,31,2,61,0,43,42,6,91,90,12,102,193
08/09/2014,MGW,WV,AEA,CE,Federal Contract Tower,0,11,3,3,17,0,49,20,6,75,0,60,23,9,92,46,8,54,146
08/10/2014,MGW,WV,AEA,CE,Federal Contract Tower,0,6,9,0,15,0,45,15,0,60,0,51,24,0,75,26,0,26,101
08/11/2014,MGW,WV,AEA,CE,Federal Contract Tower,0,19,13,8,40,0,21,10,0,31,0,40,23,8,71,24,0,24,95
08/12/2014,MGW,WV,AEA,CE,Federal Contract Tower,0,12,22,8,42,0,16,13,0,29,0,28,35,8,71,50,0,50,121
08/13/2014,MGW,WV,AEA,CE,Federal Contract Tower,0,13,16,6,35,0,28,12,0,40,0,41,28,6,75,34,0,34,109
08/14/2014,MGW,WV,AEA,CE,Federal Contract Tower,0,15,7,0,22,0,28,40,6,74,0,43,47,6,96,98,0,98,194
08/15/2014,MGW,WV,AEA,CE,Federal Contract Tower,0,14,23,0,37,0,56,46,3,105,0,70,69,3,142,82,26,108,250
08/16/2014,MGW,WV,AEA,CE,Federal Contract Tower,0,12,4,2,18,0,77,39,4,120,0,89,43,6,138,40,2,42,180
08/17/2014,MGW,WV,AEA,CE,Federal Contract Tower,0,6,11,0,17,0,6,2,0,8,0,12,13,0,25,0,0,0,25
08/18/2014,MGW,WV,AEA,CE,Federal Contract Tower,0,21,10,6,37,0,54,25,2,81,0,75,35,8,118,68,0,68,186
08/19/2014,MGW,WV,AEA,CE,Federal Contract Tower,0,19,9,7,35,0,16,20,2,38,0,35,29,9,73,60,0,60,133
08/20/2014,MGW,WV,AEA,CE,Federal Contract Tower,0,15,7,4,26,0,27,23,2,52,0,42,30,6,78,70,0,70,148
08/21/2014,MGW,WV,AEA,CE,Federal Contract Tower,0,8,10,4,22,0,8,16,0,24,0,16,26,4,46,2,2,4,50
08/22/2014,MGW,WV,AEA,CE,Federal Contract Tower,0,23,8,4,35,0,14,11,2,27,0,37,19,6,62,14,0,14,76
08/23/2014,MGW,WV,AEA,CE,Federal Contract Tower,0,9,7,0,16,0,35,3,0,38,0,44,10,0,54,0,0,0,54
08/24/2014,MGW,WV,AEA,CE,Federal Contract Tower,0,4,16,0,20,0,24,23,0,47,0,28,39,0,67,56,0,56,123
08/25/2014,MGW,WV,AEA,CE,Federal Contract Tower,0,17,13,0,30,0,27,49,4,80,0,44,62,4,110,60,0,60,170
08/26/2014,MGW,WV,AEA,CE,Federal Contract Tower,0,17,14,0,31,0,43,47,4,94,0,60,61,4,125,146,0,146,271
08/27/2014,MGW,WV,AEA,CE,Federal Contract Tower,0,19,20,0,39,0,38,34,0,72,0,57,54,0,111,104,0,104,215
08/28/2014,MGW,WV,AEA,CE,Federal Contract Tower,0,16,15,0,31,0,24,49,2,75,0,40,64,2,106,136,0,136,242
08/29/2014,MGW,WV,AEA,CE,Federal Contract Tower,0,18,11,1,30,0,65,57,3,125,0,83,68,4,155,88,8,96,251
08/30/2014,MGW,WV,AEA,CE,Federal Contract Tower,0,15,10,0,25,0,36,20,3,59,0,51,30,3,84,14,8,22,106
08/31/2014,MGW,WV,AEA,CE,Federal Contract Tower,0,9,2,0,11,0,34,4,0,38,0,43,6,0,49,0,0,0,49
09/01/2014,MGW,WV,AEA,CE,Federal Contract Tower,0,14,5,0,19,0,26,4,0,30,0,40,9,0,49,0,0,0,49
09/02/2014,MGW,WV,AEA,CE,Federal Contract Tower,0,14,11,0,25,0,34,11,2,47,0,48,22,2,72,56,0,56,128
09/03/2014,MGW,WV,AEA,CE,Federal Contract Tower,0,15,20,2,37,0,32,43,4,79,0,47,63,6,116,160,2,162,278
09/04/2014,MGW,WV,AEA,CE,Federal Contract Tower,0,22,11,0,33,0,34,45,3,82,0,56,56,3,115,110,0,110,225
09/05/2014,MGW,WV,AEA,CE,Federal Contract Tower,0,25,8,2,35,0,46,36,17,99,0,71,44,19,134,94,0,94,228
09/06/2014,MGW,WV,AEA,CE,Federal Contract Tower,0,11,11,0,22,0,30,61,9,100,0,41,72,9,122,0,0,0,122
09/07/2014,MGW,WV,AEA,CE,Federal Contract Tower,0,15,32,2,49,0,42,57,0,99,0,57,89,2,148,108,0,108,256
09/08/2014,MGW,WV,AEA,CE,Federal Contract Tower,0,14,11,0,25,0,46,39,0,85,0,60,50,0,110,82,0,82,192
09/09/2014,MGW,WV,AEA,CE,Federal Contract Tower,0,13,10,4,27,0,39,35,12,86,0,52,45,16,113,84,24,108,221
09/10/2014,MGW,WV,AEA,CE,Federal Contract Tower,0,20,10,0,30,0,33,30,0,63,0,53,40,0,93,76,0,76,169
09/11/2014,MGW,WV,AEA,CE,Federal Contract Tower,0,10,10,2,22,0,0,0,0,0,0,10,10,2,22,0,0,0,22
09/12/2014,MGW,WV,AEA,CE,Federal Contract Tower,0,19,13,6,38,0,13,33,1,47,0,32,46,7,85,58,0,58,143
09/13/2014,MGW,WV,AEA,CE,Federal Contract Tower,0,15,3,1,19,0,24,5,1,30,0,39,8,2,49,24,0,24,73
09/14/2014,MGW,WV,AEA,CE,Federal Contract Tower,0,12,24,2,38,0,23,53,4,80,0,35,77,6,118,104,0,104,222
09/15/2014,MGW,WV,AEA,CE,Federal Contract Tower,0,12,17,0,29,0,42,33,6,81,0,54,50,6,110,76,0,76,186
09/16/2014,MGW,WV,AEA,CE,Federal Contract Tower,0,26,14,0,40,0,22,28,0,50,0,48,42,0,90,82,0,82,172
09/17/2014,MGW,WV,AEA,CE,Federal Contract Tower,0,23,42,0,65,0,35,28,2,65,0,58,70,2,130,72,0,72,202
09/18/2014,MGW,WV,AEA,CE,Federal Contract Tower,0,13,15,0,28,0,40,34,10,84,0,53,49,10,112,80,8,88,200
09/19/2014,MGW,WV,AEA,CE,Federal Contract Tower,0,12,16,0,28,0,50,40,0,90,0,62,56,0,118,52,0,52,170
09/20/2014,MGW,WV,AEA,CE,Federal Contract Tower,0,9,37,0,46,0,36,182,4,222,0,45,219,4,268,44,0,44,312
09/21/2014,MGW,WV,AEA,CE,Federal Contract Tower,0,4,15,2,21,0,27,9,2,38,0,31,24,4,59,14,0,14,73
09/22/2014,MGW,WV,AEA,CE,Federal Contract Tower,0,13,23,0,36,0,30,34,0,64,0,43,57,0,100,94,0,94,194
09/23/2014,MGW,WV,AEA,CE,Federal Contract Tower,0,20,26,0,46,0,52,32,0,84,0,72,58,0,130,76,0,76,206
09/24/2014,MGW,WV,AEA,CE,Federal Contract Tower,0,10,26,0,36,0,56,39,8,103,0,66,65,8,139,64,0,64,203
09/25/2014,MGW,WV,AEA,CE,Federal Contract Tower,0,14,9,0,23,0,40,46,9,95,0,54,55,9,118,94,0,94,212
09/26/2014,MGW,WV,AEA,CE,Federal Contract Tower,0,19,1,4,24,0,43,28,0,71,0,62,29,4,95,34,0,34,129
09/27/2014,MGW,WV,AEA,CE,Federal Contract Tower,0,5,12,0,17,0,32,29,2,63,0,37,41,2,80,34,0,34,114
09/28/2014,MGW,WV,AEA,CE,Federal Contract Tower,0,10,12,0,22,0,36,31,0,67,0,46,43,0,89,78,0,78,167
09/29/2014,MGW,WV,AEA,CE,Federal Contract Tower,0,15,15,0,30,0,62,50,8,120,0,77,65,8,150,128,0,128,278
09/30/2014,MGW,WV,AEA,CE,Federal Contract Tower,0,23,9,2,34,0,20,33,14,67,0,43,42,16,101,78,4,82,183
10/01/2014,MGW,WV,AEA,CE,Federal Contract Tower,0,13,17,4,34,0,60,15,0,75,0,73,32,4,109,62,0,62,171
10/02/2014,MGW,WV,AEA,CE,Federal Contract Tower,0,12,21,2,35,0,34,41,2,77,0,46,62,4,112,106,0,106,218
10/03/2014,MGW,WV,AEA,CE,Federal Contract Tower,0,19,15,8,42,0,14,5,3,22,0,33,20,11,64,0,8,8,72
10/04/2014,MGW,WV,AEA,CE,Federal Contract Tower,0,7,7,0,14,0,45,51,0,96,0,52,58,0,110,58,0,58,168
10/05/2014,MGW,WV,AEA,CE,Federal Contract Tower,0,4,7,2,13,0,48,30,0,78,0,52,37,2,91,60,0,60,151
10/06/2014,MGW,WV,AEA,CE,Federal Contract Tower,0,16,31,4,51,0,14,6,0,20,0,30,37,4,71,0,0,0,71
10/07/2014,MGW,WV,AEA,CE,Federal Contract Tower,0,17,19,0,36,0,22,18,0,40,0,39,37,0,76,28,0,28,104
10/09/2014,MGW,WV,AEA,CE,Federal Contract Tower,0,14,21,0,35,0,22,33,0,55,0,36,54,0,90,122,0,122,212
10/10/2014,MGW,WV,AEA,CE,Federal Contract Tower,0,13,17,0,30,0,12,23,0,35,0,25,40,0,65,40,0,40,105
10/11/2014,MGW,WV,AEA,CE,Federal Contract Tower,0,8,9,0,17,0,8,46,0,54,0,16,55,0,71,0,0,0,71
10/12/2014,MGW,WV,AEA,CE,Federal Contract Tower,0,6,9,0,15,0,10,24,4,38,0,16,33,4,53,34,0,34,87
10/13/2014,MGW,WV,AEA,CE,Federal Contract Tower,0,19,13,0,32,0,32,33,0,65,0,51,46,0,97,74,0,74,171
10/14/2014,MGW,WV,AEA,CE,Federal Contract Tower,0,10,6,2,18,0,10,7,0,17,0,20,13,2,35,0,0,0,35
10/15/2014,MGW,WV,AEA,CE,Federal Contract Tower,0,19,9,0,28,0,46,26,6,78,0,65,35,6,106,94,4,98,204
10/16/2014,MGW,WV,AEA,CE,Federal Contract Tower,0,14,15,9,38,0,29,12,11,52,0,43,27,20,90,8,0,8,98
10/17/2014,MGW,WV,AEA,CE,Federal Contract Tower,0,17,17,0,34,0,32,17,4,53,0,49,34,4,87,10,0,10,97
10/18/2014,MGW,WV,AEA,CE,Federal Contract Tower,0,12,25,2,39,0,25,63,0,88,0,37,88,2,127,60,0,60,187
10/19/2014,MGW,WV,AEA,CE,Federal Contract Tower,0,12,15,0,27,0,39,61,10,110,0,51,76,10,137,90,0,90,227
10/20/2014,MGW,WV,AEA,CE,Federal Contract Tower,0,20,9,2,31,0,48,27,0,75,0,68,36,2,106,64,0,64,170
10/21/2014,MGW,WV,AEA,CE,Federal Contract Tower,0,14,15,8,37,0,10,4,5,19,0,24,19,13,56,0,2,2,58
10/22/2014,MGW,WV,AEA,CE,Federal Contract Tower,0,17,12,5,34,0,8,4,4,16,0,25,16,9,50,0,2,2,52
10/23/2014,MGW,WV,AEA,CE,Federal Contract Tower,0,15,20,1,36,0,43,19,4,66,0,58,39,5,102,58,0,58,160
10/24/2014,MGW,WV,AEA,CE,Federal Contract Tower,0,14,12,2,28,0,53,29,2,84,0,67,41,4,112,42,0,42,154
10/25/2014,MGW,WV,AEA,CE,Federal Contract Tower,0,10,1,0,11,0,40,13,0,53,0,50,14,0,64,0,0,0,64
10/26/2014,MGW,WV,AEA,CE,Federal Contract Tower,0,11,9,18,38,0,65,31,0,96,0,76,40,18,134,98,0,98,232
10/27/2014,MGW,WV,AEA,CE,Federal Contract Tower,0,15,13,4,32,0,34,41,8,83,0,49,54,12,115,68,0,68,183
10/28/2014,MGW,WV,AEA,CE,Federal Contract Tower,0,21,18,2,41,0,37,11,4,52,0,58,29,6,93,22,0,22,115
10/29/2014,MGW,WV,AEA,CE,Federal Contract Tower,0,11,10,19,40,0,38,16,10,64,0,49,26,29,104,76,0,76,180
10/30/2014,MGW,WV,AEA,CE,Federal Contract Tower,0,15,11,6,32,0,42,36,4,82,0,57,47,10,114,54,2,56,170
10/31/2014,MGW,WV,AEA,CE,Federal Contract Tower,0,13,14,4,31,0,32,22,0,54,0,45,36,4,85,68,0,68,153
11/01/2014,MGW,WV,AEA,CE,Federal Contract Tower,0,7,30,0,37,0,14,2,0,16,0,21,32,0,53,0,0,0,53
11/02/2014,MGW,WV,AEA,CE,Federal Contract Tower,0,8,7,2,17,0,35,32,0,67,0,43,39,2,84,68,0,68,152
11/03/2014,MGW,WV,AEA,CE,Federal Contract Tower,0,14,6,2,22,0,44,43,4,91,0,58,49,6,113,54,0,54,167
11/04/2014,MGW,WV,AEA,CE,Federal Contract Tower,0,25,6,2,33,0,71,32,0,103,0,96,38,2,136,30,0,30,166
11/05/2014,MGW,WV,AEA,CE,Federal Contract Tower,0,23,8,4,35,0,17,11,1,29,0,40,19,5,64,24,20,44,108
11/06/2014,MGW,WV,AEA,CE,Federal Contract Tower,0,19,12,4,35,0,36,4,2,42,0,55,16,6,77,6,18,24,101
11/07/2014,MGW,WV,AEA,CE,Federal Contract Tower,0,21,14,0,35,0,26,2,0,28,0,47,16,0,63,0,0,0,63
11/08/2014,MGW,WV,AEA,CE,Federal Contract Tower,0,43,9,0,52,0,46,32,0,78,0,89,41,0,130,18,0,18,148
11/09/2014,MGW,WV,AEA,CE,Federal Contract Tower,0,8,21,0,29,0,44,32,0,76,0,52,53,0,105,60,0,60,165
11/10/2014,MGW,WV,AEA,CE,Federal Contract Tower,0,17,2,4,23,0,42,44,0,86,0,59,46,4,109,140,0,140,249
11/11/2014,MGW,WV,AEA,CE,Federal Contract Tower,0,20,10,0,30,0,54,43,0,97,0,74,53,0,127,142,0,142,269
11/12/2014,MGW,WV,AEA,CE,Federal Contract Tower,0,20,2,2,24,0,28,23,0,51,0,48,25,2,75,74,0,74,149
11/13/2014,MGW,WV,AEA,CE,Federal Contract Tower,0,10,4,0,14,0,16,20,0,36,0,26,24,0,50,50,0,50,100
11/14/2014,MGW,WV,AEA,CE,Federal Contract Tower,0,17,9,3,29,0,42,21,5,68,0,59,30,8,97,66,0,66,163
11/15/2014,MGW,WV,AEA,CE,Federal Contract Tower,0,35,21,6,62,0,57,31,11,99,0,92,52,17,161,84,2,86,247
11/16/2014,MGW,WV,AEA,CE,Federal Contract Tower,0,10,9,2,21,0,18,13,0,31,0,28,22,2,52,38,0,38,90
11/17/2014,MGW,WV,AEA,CE,Federal Contract Tower,0,18,0,2,20,0,0,0,0,0,0,18,0,2,20,0,0,0,20
11/18/2014,MGW,WV,AEA,CE,Federal Contract Tower,0,22,21,5,48,0,33,8,1,42,0,55,29,6,90,0,4,4,94
11/19/2014,MGW,WV,AEA,CE,Federal Contract Tower,0,12,8,0,20,0,19,18,0,37,0,31,26,0,57,0,0,0,57
11/20/2014,MGW,WV,AEA,CE,Federal Contract Tower,0,20,50,0,70,0,39,34,5,78,0,59,84,5,148,156,0,156,304
11/21/2014,MGW,WV,AEA,CE,Federal Contract Tower,0,24,9,0,33,0,60,26,0,86,0,84,35,0,119,84,0,84,203
11/22/2014,MGW,WV,AEA,CE,Federal Contract Tower,0,7,0,0,7,0,36,23,0,59,0,43,23,0,66,126,0,126,192
11/23/2014,MGW,WV,AEA,CE,Federal Contract Tower,0,4,14,0,18,0,51,32,0,83,0,55,46,0,101,134,0,134,235
11/24/2014,MGW,WV,AEA,CE,Federal Contract Tower,0,9,2,0,11,0,34,6,0,40,0,43,8,0,51,0,0,0,51
11/25/2014,MGW,WV,AEA,CE,Federal Contract Tower,0,17,20,2,39,0,51,31,4,86,0,68,51,6,125,72,0,72,197
11/26/2014,MGW,WV,AEA,CE,Federal Contract Tower,0,7,8,1,16,0,6,0,0,6,0,13,8,1,22,0,0,0,22
11/27/2014,MGW,WV,AEA,CE,Federal Contract Tower,0,8,2,0,10,0,0,0,0,0,0,8,2,0,10,0,0,0,10
11/28/2014,MGW,WV,AEA,CE,Federal Contract Tower,0,7,4,0,11,0,8,6,0,14,0,15,10,0,25,26,0,26,51
11/29/2014,MGW,WV,AEA,CE,Federal Contract Tower,0,10,8,0,18,0,28,29,0,57,0,38,37,0,75,50,0,50,125
11/30/2014,MGW,WV,AEA,CE,Federal Contract Tower,0,6,9,0,15,0,28,13,0,41,0,34,22,0,56,54,0,54,110
12/01/2014,MGW,WV,AEA,CE,Federal Contract Tower,0,10,6,1,17,0,6,0,0,6,0,16,6,1,23,0,0,0,23
12/02/2014,MGW,WV,AEA,CE,Federal Contract Tower,0,14,14,0,28,0,13,4,0,17,0,27,18,0,45,18,0,18,63
12/03/2014,MGW,WV,AEA,CE,Federal Contract Tower,0,15,9,0,24,0,18,0,0,18,0,33,9,0,42,0,0,0,42
12/04/2014,MGW,WV,AEA,CE,Federal Contract Tower,0,13,25,0,38,0,17,32,2,51,0,30,57,2,89,86,0,86,175
12/05/2014,MGW,WV,AEA,CE,Federal Contract Tower,0,20,8,2,30,0,4,2,0,6,0,24,10,2,36,0,0,0,36
12/06/2014,MGW,WV,AEA,CE,Federal Contract Tower,0,6,3,0,9,0,4,0,0,4,0,10,3,0,13,0,0,0,13
12/07/2014,MGW,WV,AEA,CE,Federal Contract Tower,0,22,16,4,42,0,15,42,38,95,0,37,58,42,137,150,26,176,313
12/08/2014,MGW,WV,AEA,CE,Federal Contract Tower,0,17,11,2,30,0,55,32,4,91,0,72,43,6,121,70,8,78,199
12/09/2014,MGW,WV,AEA,CE,Federal Contract Tower,0,16,19,0,35,0,47,35,0,82,0,63,54,0,117,122,0,122,239
12/10/2014,MGW,WV,AEA,CE,Federal Contract Tower,0,17,2,0,19,0,16,0,0,16,0,33,2,0,35,0,0,0,35
12/11/2014,MGW,WV,AEA,CE,Federal Contract Tower,0,14,9,2,25,0,17,14,8,39,0,31,23,10,64,36,0,36,100
12/12/2014,MGW,WV,AEA,CE,Federal Contract Tower,0,17,17,0,34,0,36,19,1,56,0,53,36,1,90,94,0,94,184
12/13/2014,MGW,WV,AEA,CE,Federal Contract Tower,0,13,4,0,17,0,0,4,0,4,0,13,8,0,21,0,0,0,21
12/14/2014,MGW,WV,AEA,CE,Federal Contract Tower,0,5,5,0,10,0,0,0,0,0,0,5,5,0,10,0,0,0,10
12/15/2014,MGW,WV,AEA,CE,Federal Contract Tower,0,13,4,5,22,0,4,15,0,19,0,17,19,5,41,50,0,50,91
12/16/2014,MGW,WV,AEA,CE,Federal Contract Tower,0,11,10,0,21,0,28,16,0,44,0,39,26,0,65,60,0,60,125
12/17/2014,MGW,WV,AEA,CE,Federal Contract Tower,0,11,20,0,31,0,18,7,3,28,0,29,27,3,59,12,0,12,71
12/18/2014,MGW,WV,AEA,CE,Federal Contract Tower,0,14,13,2,29,0,26,26,0,52,0,40,39,2,81,82,0,82,163
12/19/2014,MGW,WV,AEA,CE,Federal Contract Tower,0,12,13,2,27,0,6,19,0,25,0,18,32,2,52,146,0,146,198
12/20/2014,MGW,WV,AEA,CE,Federal Contract Tower,0,7,9,0,16,0,20,17,0,37,0,27,26,0,53,34,0,34,87
12/21/2014,MGW,WV,AEA,CE,Federal Contract Tower,0,8,20,0,28,0,32,39,0,71,0,40,59,0,99,46,0,46,145
12/22/2014,MGW,WV,AEA,CE,Federal Contract Tower,0,13,16,0,29,0,53,26,2,81,0,66,42,2,110,74,0,74,184
12/23/2014,MGW,WV,AEA,CE,Federal Contract Tower,0,14,7,0,21,0,45,26,0,71,0,59,33,0,92,72,0,72,164
12/24/2014,MGW,WV,AEA,CE,Federal Contract Tower,0,11,0,0,11,0,20,1,0,21,0,31,1,0,32,24,0,24,56
12/25/2014,MGW,WV,AEA,CE,Federal Contract Tower,0,11,2,0,13,0,15,2,0,17,0,26,4,0,30,0,0,0,30
12/26/2014,MGW,WV,AEA,CE,Federal Contract Tower,0,17,3,0,20,0,22,26,0,48,0,39,29,0,68,16,0,16,84
12/27/2014,MGW,WV,AEA,CE,Federal Contract Tower,0,16,17,0,33,0,56,27,0,83,0,72,44,0,116,26,0,26,142
12/28/2014,MGW,WV,AEA,CE,Federal Contract Tower,0,10,2,0,12,0,0,0,0,0,0,10,2,0,12,0,0,0,12
12/29/2014,MGW,WV,AEA,CE,Federal Contract Tower,0,13,9,0,22,0,37,7,0,44,0,50,16,0,66,98,0,98,164
12/30/2014,MGW,WV,AEA,CE,Federal Contract Tower,0,13,10,2,25,0,67,28,0,95,0,80,38,2,120,58,2,60,180
12/31/2014,MGW,WV,AEA,CE,Federal Contract Tower,0,15,5,0,20,0,41,7,0,48,0,56,12,0,68,0,0,0,68
01/01/2015,MGW,WV,AEA,CE,Federal Contract Tower,0,8,0,0,8,0,26,18,0,44,0,34,18,0,52,10,0,10,62
01/02/2015,MGW,WV,AEA,CE,Federal Contract Tower,0,7,15,1,23,0,33,18,0,51,0,40,33,1,74,16,0,16,90
01/03/2015,MGW,WV,AEA,CE,Federal Contract Tower,0,15,5,0,20,0,12,0,0,12,0,27,5,0,32,0,0,0,32
01/04/2015,MGW,WV,AEA,CE,Federal Contract Tower,0,6,2,0,8,0,24,2,0,26,0,30,4,0,34,0,0,0,34
01/05/2015,MGW,WV,AEA,CE,Federal Contract Tower,0,11,3,4,18,0,51,2,2,55,0,62,5,6,73,16,0,16,89
01/06/2015,MGW,WV,AEA,CE,Federal Contract Tower,0,15,0,0,15,0,8,0,0,8,0,23,0,0,23,0,0,0,23
01/07/2015,MGW,WV,AEA,CE,Federal Contract Tower,0,10,9,2,21,0,2,0,2,4,0,12,9,4,25,0,0,0,25
01/08/2015,MGW,WV,AEA,CE,Federal Contract Tower,0,5,6,1,12,0,30,13,10,53,0,35,19,11,65,14,0,14,79
01/09/2015,MGW,WV,AEA,CE,Federal Contract Tower,0,10,6,2,18,0,54,12,0,66,0,64,18,2,84,6,0,6,90
01/10/2015,MGW,WV,AEA,CE,Federal Contract Tower,0,9,4,1,14,0,38,14,0,52,0,47,18,1,66,6,0,6,72
01/11/2015,MGW,WV,AEA,CE,Federal Contract Tower,0,8,15,2,25,0,18,17,0,35,0,26,32,2,60,0,0,0,60
01/12/2015,MGW,WV,AEA,CE,Federal Contract Tower,0,13,0,0,13,0,0,0,0,0,0,13,0,0,13,0,0,0,13
01/13/2015,MGW,WV,AEA,CE,Federal Contract Tower,0,22,16,0,38,0,35,15,2,52,0,57,31,2,90,66,0,66,156
01/14/2015,MGW,WV,AEA,CE,Federal Contract Tower,0,11,3,0,14,0,4,2,0,6,0,15,5,0,20,6,0,6,26
01/15/2015,MGW,WV,AEA,CE,Federal Contract Tower,0,14,7,0,21,0,21,18,0,39,0,35,25,0,60,40,0,40,100
01/16/2015,MGW,WV,AEA,CE,Federal Contract Tower,0,17,3,0,20,0,28,1,0,29,0,45,4,0,49,0,0,0,49
01/17/2015,MGW,WV,AEA,CE,Federal Contract Tower,0,7,16,0,23,0,93,50,0,143,0,100,66,0,166,98,0,98,264
01/18/2015,MGW,WV,AEA,CE,Federal Contract Tower,0,12,5,0,17,0,55,8,0,63,0,67,13,0,80,14,0,14,94
01/19/2015,MGW,WV,AEA,CE,Federal Contract Tower,0,14,7,0,21,0,93,36,2,131,0,107,43,2,152,120,0,120,272
01/20/2015,MGW,WV,AEA,CE,Federal Contract Tower,0,15,4,6,25,0,79,27,2,108,0,94,31,8,133,150,0,150,283
01/21/2015,MGW,WV,AEA,CE,Federal Contract Tower,0,4,11,0,15,0,26,10,0,36,0,30,21,0,51,46,0,46,97
01/22/2015,MGW,WV,AEA,CE,Federal Contract Tower,0,18,9,0,27,0,34,5,0,39,0,52,14,0,66,0,0,0,66
01/23/2015,MGW,WV,AEA,CE,Federal Contract Tower,0,11,3,0,14,0,27,22,2,51,0,38,25,2,65,54,0,54,119
01/24/2015,MGW,WV,AEA,CE,Federal Contract Tower,0,13,0,0,13,0,10,0,0,10,0,23,0,0,23,0,0,0,23
01/25/2015,MGW,WV,AEA,CE,Federal Contract Tower,0,8,2,0,10,0,10,0,0,10,0,18,2,0,20,0,0,0,20
01/26/2015,MGW,WV,AEA,CE,Federal Contract Tower,0,9,5,2,16,0,0,0,0,0,0,9,5,2,16,0,0,0,16
01/27/2015,MGW,WV,AEA,CE,Federal Contract Tower,0,25,5,4,34,0,4,1,0,5,0,29,6,4,39,0,0,0,39
01/28/2015,MGW,WV,AEA,CE,Federal Contract Tower,0,12,12,0,24,0,32,29,3,64,0,44,41,3,88,98,0,98,186
01/29/2015,MGW,WV,AEA,CE,Federal Contract Tower,0,10,8,0,18,0,34,21,0,55,0,44,29,0,73,70,0,70,143
01/30/2015,MGW,WV,AEA,CE,Federal Contract Tower,0,12,2,0,14,0,8,2,0,10,0,20,4,0,24,16,0,16,40
01/31/2015,MGW,WV,AEA,CE,Federal Contract Tower,0,20,18,8,46,0,63,45,4,112,0,83,63,12,158,32,4,36,194
02/01/2015,MGW,WV,AEA,CE,Federal Contract Tower,0,2,0,0,2,0,2,0,0,2,0,4,0,0,4,0,0,0,4
02/02/2015,MGW,WV,AEA,CE,Federal Contract Tower,0,10,4,0,14,0,2,0,0,2,0,12,4,0,16,0,0,0,16
02/03/2015,MGW,WV,AEA,CE,Federal Contract Tower,0,22,19,0,41,0,45,34,0,79,0,67,53,0,120,100,0,100,220
02/04/2015,MGW,WV,AEA,CE,Federal Contract Tower,0,12,8,2,22,0,46,10,0,56,0,58,18,2,78,46,0,46,124
02/05/2015,MGW,WV,AEA,CE,Federal Contract Tower,0,13,3,0,16,0,16,11,0,27,0,29,14,0,43,20,0,20,63
02/06/2015,MGW,WV,AEA,CE,Federal Contract Tower,0,13,16,4,33,0,28,13,0,41,0,41,29,4,74,62,0,62,136
02/07/2015,MGW,WV,AEA,CE,Federal Contract Tower,0,10,3,0,13,0,56,15,14,85,0,66,18,14,98,34,0,34,132
02/08/2015,MGW,WV,AEA,CE,Federal Contract Tower,0,4,1,2,7,0,49,5,6,60,0,53,6,8,67,16,0,16,83
02/09/2015,MGW,WV,AEA,CE,Federal Contract Tower,0,14,3,1,18,0,2,0,0,2,0,16,3,1,20,0,0,0,20
02/10/2015,MGW,WV,AEA,CE,Federal Contract Tower,0,26,9,3,38,0,51,9,0,60,0,77,18,3,98,42,0,42,140
02/11/2015,MGW,WV,AEA,CE,Federal Contract Tower,0,15,13,0,28,0,36,18,0,54,0,51,31,0,82,70,0,70,152
02/12/2015,MGW,WV,AEA,CE,Federal Contract Tower,0,8,2,0,10,0,36,0,0,36,0,44,2,0,46,0,0,0,46
02/13/2015,MGW,WV,AEA,CE,Federal Contract Tower,0,22,12,0,34,0,39,31,0,70,0,61,43,0,104,38,0,38,142
02/14/2015,MGW,WV,AEA,CE,Federal Contract Tower,0,7,0,0,7,0,9,0,0,9,0,16,0,0,16,0,0,0,16
02/15/2015,MGW,WV,AEA,CE,Federal Contract Tower,0,6,2,0,8,0,12,3,0,15,0,18,5,0,23,12,0,12,35
02/16/2015,MGW,WV,AEA,CE,Federal Contract Tower,0,12,12,0,24,0,10,6,0,16,0,22,18,0,40,16,0,16,56
02/17/2015,MGW,WV,AEA,CE,Federal Contract Tower,0,20,4,2,26,0,28,25,0,53,0,48,29,2,79,36,0,36,115
02/18/2015,MGW,WV,AEA,CE,Federal Contract Tower,0,10,0,0,10,0,10,8,0,18,0,20,8,0,28,14,0,14,42
02/19/2015,MGW,WV,AEA,CE,Federal Contract Tower,0,10,12,0,22,0,8,2,4,14,0,18,14,4,36,12,0,12,48
02/20/2015,MGW,WV,AEA,CE,Federal Contract Tower,0,20,21,3,44,0,28,11,0,39,0,48,32,3,83,42,0,42,125
02/21/2015,MGW,WV,AEA,CE,Federal Contract Tower,0,3,0,0,3,0,0,0,0,0,0,3,0,0,3,0,0,0,3
02/22/2015,MGW,WV,AEA,CE,Federal Contract Tower,0,5,1,0,6,0,14,2,0,16,0,19,3,0,22,8,0,8,30
02/23/2015,MGW,WV,AEA,CE,Federal Contract Tower,0,9,5,0,14,0,18,18,10,46,0,27,23,10,60,48,12,60,120
02/24/2015,MGW,WV,AEA,CE,Federal Contract Tower,0,17,9,0,26,0,51,21,0,72,0,68,30,0,98,84,0,84,182
02/25/2015,MGW,WV,AEA,CE,Federal Contract Tower,0,15,18,0,33,0,50,25,0,75,0,65,43,0,108,90,0,90,198
02/26/2015,MGW,WV,AEA,CE,Federal Contract Tower,0,11,8,2,21,0,16,19,2,37,0,27,27,4,58,48,0,48,106
02/27/2015,MGW,WV,AEA,CE,Federal Contract Tower,0,18,13,4,35,0,15,14,2,31,0,33,27,6,66,56,0,56,122
02/28/2015,MGW,WV,AEA,CE,Federal Contract Tower,0,9,7,4,20,0,47,19,0,66,0,56,26,4,86,2,0,2,88
03/01/2015,MGW,WV,AEA,CE,Federal Contract Tower,0,5,2,0,7,0,0,0,0,0,0,5,2,0,7,0,0,0,7
03/02/2015,MGW,WV,AEA,CE,Federal Contract Tower,0,22,5,0,27,0,30,17,2,49,0,52,22,2,76,64,0,64,140
03/03/2015,MGW,WV,AEA,CE,Federal Contract Tower,0,14,5,0,19,0,8,10,0,18,0,22,15,0,37,30,0,30,67
03/04/2015,MGW,WV,AEA,CE,Federal Contract Tower,0,9,7,0,16,0,4,0,0,4,0,13,7,0,20,0,0,0,20
03/05/2015,MGW,WV,AEA,CE,Federal Contract Tower,0,4,3,0,7,0,2,0,0,2,0,6,3,0,9,0,0,0,9
03/06/2015,MGW,WV,AEA,CE,Federal Contract Tower,0,14,10,4,28,0,50,19,0,69,0,64,29,4,97,38,2,40,137
03/07/2015,MGW,WV,AEA,CE,Federal Contract Tower,0,8,20,0,28,0,21,19,10,50,0,29,39,10,78,28,24,52,130
03/08/2015,MGW,WV,AEA,CE,Federal Contract Tower,0,10,8,2,20,0,30,24,4,58,0,40,32,6,78,82,0,82,160
03/09/2015,MGW,WV,AEA,CE,Federal Contract Tower,0,16,12,2,30,0,84,41,4,129,0,100,53,6,159,102,0,102,261
03/10/2015,MGW,WV,AEA,CE,Federal Contract Tower,0,11,5,4,20,0,23,16,2,41,0,34,21,6,61,52,0,52,113
03/11/2015,MGW,WV,AEA,CE,Federal Contract Tower,0,16,11,0,27,0,47,24,2,73,0,63,35,2,100,82,0,82,182
03/12/2015,MGW,WV,AEA,CE,Federal Contract Tower,0,11,19,2,32,0,68,37,6,111,0,79,56,8,143,86,0,86,229
03/13/2015,MGW,WV,AEA,CE,Federal Contract Tower,0,24,10,2,36,0,15,19,2,36,0,39,29,4,72,34,0,34,106
03/14/2015,MGW,WV,AEA,CE,Federal Contract Tower,0,8,10,3,21,0,12,0,0,12,0,20,10,3,33,0,0,0,33
03/15/2015,MGW,WV,AEA,CE,Federal Contract Tower,0,3,3,0,6,0,22,10,0,32,0,25,13,0,38,30,0,30,68
03/16/2015,MGW,WV,AEA,CE,Federal Contract Tower,0,12,6,0,18,0,37,38,0,75,0,49,44,0,93,70,0,70,163
03/17/2015,MGW,WV,AEA,CE,Federal Contract Tower,0,16,13,0,29,0,51,19,2,72,0,67,32,2,101,66,0,66,167
03/18/2015,MGW,WV,AEA,CE,Federal Contract Tower,0,13,25,0,38,0,31,25,0,56,0,44,50,0,94,74,0,74,168
03/19/2015,MGW,WV,AEA,CE,Federal Contract Tower,0,8,21,10,39,0,36,40,4,80,0,44,61,14,119,106,0,106,225
03/20/2015,MGW,WV,AEA,CE,Federal Contract Tower,0,14,13,0,27,0,6,2,0,8,0,20,15,0,35,0,0,0,35
03/21/2015,MGW,WV,AEA,CE,Federal Contract Tower,0,5,5,0,10,0,38,7,0,45,0,43,12,0,55,0,0,0,55
03/22/2015,MGW,WV,AEA,CE,Federal Contract Tower,0,6,20,0,26,0,47,32,0,79,0,53,52,0,105,100,0,100,205
03/23/2015,MGW,WV,AEA,CE,Federal Contract Tower,0,9,18,4,31,0,39,30,0,69,0,48,48,4,100,104,0,104,204
03/24/2015,MGW,WV,AEA,CE,Federal Contract Tower,0,11,14,1,26,0,37,19,3,59,0,48,33,4,85,26,0,26,111
03/25/2015,MGW,WV,AEA,CE,Federal Contract Tower,0,8,10,0,18,0,39,25,8,72,0,47,35,8,90,44,14,58,148
03/26/2015,MGW,WV,AEA,CE,Federal Contract Tower,0,17,8,4,29,0,4,6,0,10,0,21,14,4,39,6,0,6,45
03/27/2015,MGW,WV,AEA,CE,Federal Contract Tower,0,7,17,0,24,0,16,26,2,44,0,23,43,2,68,74,0,74,142
03/28/2015,MGW,WV,AEA,CE,Federal Contract Tower,0,7,6,1,14,0,52,10,2,64,0,59,16,3,78,32,0,32,110
03/29/2015,MGW,WV,AEA,CE,Federal Contract Tower,0,12,26,1,39,0,66,73,4,143,0,78,99,5,182,108,10,118,300
03/30/2015,MGW,WV,AEA,CE,Federal Contract Tower,0,18,5,4,27,0,27,21,4,52,0,45,26,8,79,10,0,10,89
03/31/2015,MGW,WV,AEA,CE,Federal Contract Tower,0,16,14,0,30,0,47,11,14,72,0,63,25,14,102,8,38,46,148
04/01/2015,MGW,WV,AEA,CE,Federal Contract Tower,0,15,11,3,29,0,69,38,6,113,0,84,49,9,142,86,12,98,240
04/02/2015,MGW,WV,AEA,CE,Federal Contract Tower,0,14,4,4,22,0,17,15,0,32,0,31,19,4,54,16,0,16,70
04/03/2015,MGW,WV,AEA,CE,Federal Contract Tower,0,12,3,2,17,0,17,9,0,26,0,29,12,2,43,30,0,30,73
04/04/2015,MGW,WV,AEA,CE,Federal Contract Tower,0,14,3,1,18,0,9,13,1,23,0,23,16,2,41,6,2,8,49
04/05/2015,MGW,WV,AEA,CE,Federal Contract Tower,0,6,8,3,17,0,10,3,5,18,0,16,11,8,35,0,2,2,37
04/06/2015,MGW,WV,AEA,CE,Federal Contract Tower,0,10,4,2,16,0,27,17,0,44,0,37,21,2,60,6,0,6,66
04/07/2015,MGW,WV,AEA,CE,Federal Contract Tower,0,15,10,0,25,0,31,17,0,48,0,46,27,0,73,96,0,96,169
04/08/2015,MGW,WV,AEA,CE,Federal Contract Tower,0,11,4,0,15,0,22,21,2,45,0,33,25,2,60,70,0,70,130
04/09/2015,MGW,WV,AEA,CE,Federal Contract Tower,0,12,14,2,28,0,32,17,2,51,0,44,31,4,79,46,0,46,125
04/10/2015,MGW,WV,AEA,CE,Federal Contract Tower,0,9,16,2,27,0,20,8,2,30,0,29,24,4,57,38,0,38,95
04/11/2015,MGW,WV,AEA,CE,Federal Contract Tower,0,11,4,0,15,0,69,51,0,120,0,80,55,0,135,94,0,94,229
04/12/2015,MGW,WV,AEA,CE,Federal Contract Tower,0,10,22,2,34,0,83,60,2,145,0,93,82,4,179,134,0,134,313
04/13/2015,MGW,WV,AEA,CE,Federal Contract Tower,0,20,30,12,62,0,24,45,2,71,0,44,75,14,133,92,0,92,225
04/14/2015,MGW,WV,AEA,CE,Federal Contract Tower,0,12,21,4,37,0,48,33,6,87,0,60,54,10,124,140,0,140,264
04/15/2015,MGW,WV,AEA,CE,Federal Contract Tower,0,12,35,2,49,0,51,46,12,109,0,63,81,14,158,120,8,128,286
04/16/2015,MGW,WV,AEA,CE,Federal Contract Tower,0,20,14,0,34,0,36,19,6,61,0,56,33,6,95,62,0,62,157
04/17/2015,MGW,WV,AEA,CE,Federal Contract Tower,0,12,16,4,32,0,28,21,0,49,0,40,37,4,81,42,4,46,127
04/18/2015,MGW,WV,AEA,CE,Federal Contract Tower,0,8,8,0,16,0,42,33,2,77,0,50,41,2,93,38,10,48,141
04/19/2015,MGW,WV,AEA,CE,Federal Contract Tower,0,9,10,0,19,0,22,30,4,56,0,31,40,4,75,28,6,34,109
04/20/2015,MGW,WV,AEA,CE,Federal Contract Tower,0,5,2,2,9,0,27,9,4,40,0,32,11,6,49,32,2,34,83
04/21/2015,MGW,WV,AEA,CE,Federal Contract Tower,0,7,17,0,24,0,22,15,0,37,0,29,32,0,61,22,0,22,83
04/22/2015,MGW,WV,AEA,CE,Federal Contract Tower,0,12,4,4,20,0,23,4,1,28,0,35,8,5,48,8,0,8,56
04/23/2015,MGW,WV,AEA,CE,Federal Contract Tower,0,12,7,0,19,0,46,14,0,60,0,58,21,0,79,62,0,62,141
04/24/2015,MGW,WV,AEA,CE,Federal Contract Tower,0,16,11,8,35,0,43,34,12,89,0,59,45,20,124,42,28,70,194
04/25/2015,MGW,WV,AEA,CE,Federal Contract Tower,0,9,7,1,17,0,21,10,10,41,0,30,17,11,58,42,16,58,116
04/26/2015,MGW,WV,AEA,CE,Federal Contract Tower,0,6,21,2,29,0,34,38,12,84,0,40,59,14,113,114,16,130,243
04/27/2015,MGW,WV,AEA,CE,Federal Contract Tower,0,11,23,2,36,0,40,33,13,86,0,51,56,15,122,70,82,152,274
04/28/2015,MGW,WV,AEA,CE,Federal Contract Tower,0,16,15,2,33,0,54,38,7,99,0,70,53,9,132,82,90,172,304
04/29/2015,MGW,WV,AEA,CE,Federal Contract Tower,0,10,22,4,36,0,58,53,13,124,0,68,75,17,160,142,98,240,400
04/30/2015,MGW,WV,AEA,CE,Federal Contract Tower,0,9,23,6,38,0,50,36,6,92,0,59,59,12,130,76,120,196,326
05/01/2015,MGW,WV,AEA,CE,Federal Contract Tower,0,14,15,15,44,0,8,19,19,46,0,22,34,34,90,30,0,30,120
05/02/2015,MGW,WV,AEA,CE,Federal Contract Tower,0,7,10,0,17,0,41,24,14,79,0,48,34,14,96,58,0,58,154
05/03/2015,MGW,WV,AEA,CE,Federal Contract Tower,0,16,6,4,26,0,61,29,2,92,0,77,35,6,118,106,0,106,224
05/04/2015,MGW,WV,AEA,CE,Federal Contract Tower,0,15,9,4,28,0,56,36,7,99,0,71,45,11,127,90,0,90,217
05/05/2015,MGW,WV,AEA,CE,Federal Contract Tower,0,16,0,8,24,0,35,33,8,76,0,51,33,16,100,106,4,110,210
05/06/2015,MGW,WV,AEA,CE,Federal Contract Tower,0,13,9,2,24,0,37,32,2,71,0,50,41,4,95,116,0,116,211
05/07/2015,MGW,WV,AEA,CE,Federal Contract Tower,0,20,22,8,50,0,39,38,10,87,0,59,60,18,137,132,12,144,281
05/08/2015,MGW,WV,AEA,CE,Federal Contract Tower,0,19,14,0,33,0,45,20,0,65,0,64,34,0,98,18,0,18,116
05/09/2015,MGW,WV,AEA,CE,Federal Contract Tower,0,12,11,2,25,0,55,10,0,65,0,67,21,2,90,0,0,0,90
05/10/2015,MGW,WV,AEA,CE,Federal Contract Tower,0,6,9,0,15,0,31,22,0,53,0,37,31,0,68,64,0,64,132
05/11/2015,MGW,WV,AEA,CE,Federal Contract Tower,0,18,13,5,36,0,17,24,0,41,0,35,37,5,77,60,0,60,137
05/12/2015,MGW,WV,AEA,CE,Federal Contract Tower,0,27,9,0,36,0,49,14,2,65,0,76,23,2,101,18,0,18,119
05/13/2015,MGW,WV,AEA,CE,Federal Contract Tower,0,14,22,0,36,0,32,27,4,63,0,46,49,4,99,88,0,88,187
05/14/2015,MGW,WV,AEA,CE,Federal Contract Tower,0,17,16,4,37,0,53,37,4,94,0,70,53,8,131,122,16,138,269
05/15/2015,MGW,WV,AEA,CE,Federal Contract Tower,0,16,17,9,42,0,39,13,3,55,0,55,30,12,97,46,2,48,145
05/16/2015,MGW,WV,AEA,CE,Federal Contract Tower,0,9,10,0,19,0,15,3,0,18,0,24,13,0,37,18,0,18,55
05/17/2015,MGW,WV,AEA,CE,Federal Contract Tower,0,4,14,1,19,0,20,20,1,41,0,24,34,2,60,44,0,44,104
05/18/2015,MGW,WV,AEA,CE,Federal Contract Tower,0,14,17,0,31,0,32,20,0,52,0,46,37,0,83,26,0,26,109
05/19/2015,MGW,WV,AEA,CE,Federal Contract Tower,0,16,5,7,28,0,50,20,5,75,0,66,25,12,103,58,22,80,183
05/20/2015,MGW,WV,AEA,CE,Federal Contract Tower,0,16,16,2,34,0,32,29,2,63,0,48,45,4,97,114,4,118,215
05/21/2015,MGW,WV,AEA,CE,Federal Contract Tower,0,13,13,2,28,0,28,10,0,38,0,41,23,2,66,26,0,26,92
05/22/2015,MGW,WV,AEA,CE,Federal Contract Tower,0,16,14,6,36,0,45,12,2,59,0,61,26,8,95,26,4,30,125
05/23/2015,MGW,WV,AEA,CE,Federal Contract Tower,0,8,10,0,18,0,50,41,0,91,0,58,51,0,109,46,0,46,155
05/24/2015,MGW,WV,AEA,CE,Federal Contract Tower,0,5,2,0,7,0,59,51,7,117,0,64,53,7,124,84,0,84,208
05/25/2015,MGW,WV,AEA,CE,Federal Contract Tower,0,13,8,0,21,0,67,31,0,98,0,80,39,0,119,98,0,98,217
05/26/2015,MGW,WV,AEA,CE,Federal Contract Tower,0,15,12,0,27,0,40,24,0,64,0,55,36,0,91,46,0,46,137
05/27/2015,MGW,WV,AEA,CE,Federal Contract Tower,0,18,11,2,31,0,34,22,2,58,0,52,33,4,89,66,0,66,155
05/28/2015,MGW,WV,AEA,CE,Federal Contract Tower,0,13,4,0,17,0,38,44,4,86,0,51,48,4,103,102,10,112,215
05/29/2015,MGW,WV,AEA,CE,Federal Contract Tower,0,22,17,0,39,0,19,31,2,52,0,41,48,2,91,56,0,56,147
05/30/2015,MGW,WV,AEA,CE,Federal Contract Tower,0,7,3,0,10,0,41,19,0,60,0,48,22,0,70,42,0,42,112
05/31/2015,MGW,WV,AEA,CE,Federal Contract Tower,0,8,12,0,20,0,53,33,0,86,0,61,45,0,106,124,0,124,230
06/01/2015,MGW,WV,AEA,CE,Federal Contract Tower,0,8,18,4,30,0,12,6,0,18,0,20,24,4,48,20,0,20,68
06/02/2015,MGW,WV,AEA,CE,Federal Contract Tower,0,13,12,0,25,0,4,1,0,5,0,17,13,0,30,0,0,0,30
06/03/2015,MGW,WV,AEA,CE,Federal Contract Tower,0,16,20,0,36,0,33,33,0,66,0,49,53,0,102,60,0,60,162
06/04/2015,MGW,WV,AEA,CE,Federal Contract Tower,0,17,21,0,38,0,53,42,2,97,0,70,63,2,135,100,0,100,235
06/05/2015,MGW,WV,AEA,CE,Federal Contract Tower,0,16,18,4,38,0,39,32,2,73,0,55,50,6,111,48,0,48,159
06/06/2015,MGW,WV,AEA,CE,Federal Contract Tower,0,7,6,0,13,0,26,5,8,39,0,33,11,8,52,14,0,14,66
06/07/2015,MGW,WV,AEA,CE,Federal Contract Tower,0,4,7,2,13,0,80,36,0,116,0,84,43,2,129,28,0,28,157
06/08/2015,MGW,WV,AEA,CE,Federal Contract Tower,0,8,7,2,17,0,11,18,10,39,0,19,25,12,56,0,0,0,56
06/09/2015,MGW,WV,AEA,CE,Federal Contract Tower,0,23,27,2,52,0,60,24,8,92,0,83,51,10,144,80,0,80,224
06/10/2015,MGW,WV,AEA,CE,Federal Contract Tower,0,18,12,6,36,0,36,29,4,69,0,54,41,10,105,82,2,84,189
06/11/2015,MGW,WV,AEA,CE,Federal Contract Tower,0,17,11,0,28,0,52,56,10,118,0,69,67,10,146,164,0,164,310
06/12/2015,MGW,WV,AEA,CE,Federal Contract Tower,0,12,5,0,17,0,34,27,0,61,0,46,32,0,78,80,0,80,158
06/13/2015,MGW,WV,AEA,CE,Federal Contract Tower,0,8,12,0,20,0,14,56,0,70,0,22,68,0,90,0,0,0,90
06/14/2015,MGW,WV,AEA,CE,Federal Contract Tower,0,6,8,0,14,0,25,23,0,48,0,31,31,0,62,40,0,40,102
06/15/2015,MGW,WV,AEA,CE,Federal Contract Tower,0,15,34,2,51,0,6,22,7,35,0,21,56,9,86,62,0,62,148
06/16/2015,MGW,WV,AEA,CE,Federal Contract Tower,0,21,15,6,42,0,34,8,2,44,0,55,23,8,86,14,2,16,102
06/17/2015,MGW,WV,AEA,CE,Federal Contract Tower,0,15,13,2,30,0,16,18,0,34,0,31,31,2,64,48,0,48,112
06/18/2015,MGW,WV,AEA,CE,Federal Contract Tower,0,16,19,0,35,0,9,21,0,30,0,25,40,0,65,42,0,42,107
06/19/2015,MGW,WV,AEA,CE,Federal Contract Tower,0,12,17,0,29,0,7,11,0,18,0,19,28,0,47,40,0,40,87
06/20/2015,MGW,WV,AEA,CE,Federal Contract Tower,0,8,7,0,15,0,33,2,0,35,0,41,9,0,50,4,0,4,54
06/21/2015,MGW,WV,AEA,CE,Federal Contract Tower,0,10,5,0,15,0,32,8,0,40,0,42,13,0,55,14,0,14,69
06/22/2015,MGW,WV,AEA,CE,Federal Contract Tower,0,16,6,0,22,0,33,83,2,118,0,49,89,2,140,14,0,14,154
06/23/2015,MGW,WV,AEA,CE,Federal Contract Tower,0,17,7,2,26,0,20,21,2,43,0,37,28,4,69,36,0,36,105
06/24/2015,MGW,WV,AEA,CE,Federal Contract Tower,0,14,24,0,38,0,74,69,0,143,0,88,93,0,181,144,0,144,325
06/25/2015,MGW,WV,AEA,CE,Federal Contract Tower,0,12,5,2,19,0,37,11,0,48,0,49,16,2,67,32,2,34,101
06/26/2015,MGW,WV,AEA,CE,Federal Contract Tower,0,13,8,2,23,0,33,36,4,73,0,46,44,6,96,26,42,68,164
06/27/2015,MGW,WV,AEA,CE,Federal Contract Tower,0,7,5,0,12,0,11,0,2,13,0,18,5,2,25,0,0,0,25
06/28/2015,MGW,WV,AEA,CE,Federal Contract Tower,0,6,14,0,20,0,21,8,0,29,0,27,22,0,49,22,0,22,71
06/29/2015,MGW,WV,AEA,CE,Federal Contract Tower,0,17,8,2,27,0,56,77,0,133,0,73,85,2,160,108,0,108,268
06/30/2015,MGW,WV,AEA,CE,Federal Contract Tower,0,18,13,10,41,0,53,28,0,81,0,71,41,10,122,68,0,68,190
07/01/2015,MGW,WV,AEA,CE,Federal Contract Tower,0,13,10,6,29,0,55,20,2,77,0,68,30,8,106,72,10,82,188
07/02/2015,MGW,WV,AEA,CE,Federal Contract Tower,0,14,9,0,23,0,47,34,0,81,0,61,43,0,104,118,0,118,222
07/03/2015,MGW,WV,AEA,CE,Federal Contract Tower,0,10,5,0,15,0,16,11,0,27,0,26,16,0,42,10,0,10,52
07/04/2015,MGW,WV,AEA,CE,Federal Contract Tower,0,6,3,0,9,0,75,8,0,83,0,81,11,0,92,24,0,24,116
07/05/2015,MGW,WV,AEA,CE,Federal Contract Tower,0,6,5,0,11,0,67,33,2,102,0,73,38,2,113,100,4,104,217
07/06/2015,MGW,WV,AEA,CE,Federal Contract Tower,0,14,10,0,24,0,34,26,0,60,0,48,36,0,84,28,0,28,112
07/07/2015,MGW,WV,AEA,CE,Federal Contract Tower,0,16,14,1,31,0,50,36,3,89,0,66,50,4,120,44,0,44,164
07/08/2015,MGW,WV,AEA,CE,Federal Contract Tower,0,9,16,0,25,0,4,0,0,4,0,13,16,0,29,2,0,2,31
07/09/2015,MGW,WV,AEA,CE,Federal Contract Tower,0,15,9,0,24,0,14,8,0,22,0,29,17,0,46,20,0,20,66
07/10/2015,MGW,WV,AEA,CE,Federal Contract Tower,0,13,8,4,25,0,53,14,0,67,0,66,22,4,92,38,0,38,130
07/11/2015,MGW,WV,AEA,CE,Federal Contract Tower,0,7,3,2,12,0,38,22,2,62,0,45,25,4,74,40,0,40,114
07/12/2015,MGW,WV,AEA,CE,Federal Contract Tower,0,10,19,2,31,0,26,19,0,45,0,36,38,2,76,50,0,50,126
07/13/2015,MGW,WV,AEA,CE,Federal Contract Tower,0,13,6,4,23,0,41,45,8,94,0,54,51,12,117,64,38,102,219
07/14/2015,MGW,WV,AEA,CE,Federal Contract Tower,0,15,7,0,22,0,53,31,10,94,0,68,38,10,116,58,0,58,174
07/15/2015,MGW,WV,AEA,CE,Federal Contract Tower,0,13,21,5,39,0,16,20,12,48,0,29,41,17,87,62,0,62,149
07/16/2015,MGW,WV,AEA,CE,Federal Contract Tower,0,9,16,0,25,0,65,66,10,141,0,74,82,10,166,116,0,116,282
07/17/2015,MGW,WV,AEA,CE,Federal Contract Tower,0,16,6,2,24,0,56,31,0,87,0,72,37,2,111,70,0,70,181
07/18/2015,MGW,WV,AEA,CE,Federal Contract Tower,0,9,21,1,31,0,48,21,16,85,0,57,42,17,116,20,0,20,136
07/19/2015,MGW,WV,AEA,CE,Federal Contract Tower,0,6,15,0,21,0,42,29,4,75,0,48,44,4,96,46,0,46,142
07/20/2015,MGW,WV,AEA,CE,Federal Contract Tower,0,12,17,0,29,0,39,36,18,93,0,51,53,18,122,52,0,52,174
07/21/2015,MGW,WV,AEA,CE,Federal Contract Tower,0,19,19,0,38,0,62,37,8,107,0,81,56,8,145,52,0,52,197
07/22/2015,MGW,WV,AEA,CE,Federal Contract Tower,0,15,21,0,36,0,52,38,18,108,0,67,59,18,144,80,4,84,228
07/23/2015,MGW,WV,AEA,CE,Federal Contract Tower,0,11,14,2,27,0,60,38,2,100,0,71,52,4,127,72,0,72,199
07/24/2015,MGW,WV,AEA,CE,Federal Contract Tower,0,16,17,0,33,0,49,29,5,83,0,65,46,5,116,86,8,94,210
07/25/2015,MGW,WV,AEA,CE,Federal Contract Tower,0,4,3,0,7,0,57,20,3,80,0,61,23,3,87,12,6,18,105
07/26/2015,MGW,WV,AEA,CE,Federal Contract Tower,0,9,12,0,21,0,47,11,1,59,0,56,23,1,80,6,0,6,86
07/27/2015,MGW,WV,AEA,CE,Federal Contract Tower,0,20,4,1,25,0,32,22,5,59,0,52,26,6,84,62,0,62,146
07/28/2015,MGW,WV,AEA,CE,Federal Contract Tower,0,21,26,3,50,0,66,22,3,91,0,87,48,6,141,40,2,42,183
07/29/2015,MGW,WV,AEA,CE,Federal Contract Tower,0,17,19,4,40,0,25,45,14,84,0,42,64,18,124,94,20,114,238
07/30/2015,MGW,WV,AEA,CE,Federal Contract Tower,0,9,13,4,26,0,40,40,8,88,0,49,53,12,114,110,24,134,248
07/31/2015,MGW,WV,AEA,CE,Federal Contract Tower,0,15,14,4,33,0,35,32,9,76,0,50,46,13,109,26,4,30,139
08/01/2015,MGW,WV,AEA,CE,Federal Contract Tower,0,8,16,0,24,0,39,25,2,66,0,47,41,2,90,16,0,16,106
08/02/2015,MGW,WV,AEA,CE,Federal Contract Tower,0,12,4,1,17,0,90,33,5,128,0,102,37,6,145,72,0,72,217
08/03/2015,MGW,WV,AEA,CE,Federal Contract Tower,0,14,3,8,25,0,39,22,10,71,0,53,25,18,96,48,0,48,144
08/04/2015,MGW,WV,AEA,CE,Federal Contract Tower,0,16,11,0,27,0,57,43,0,100,0,73,54,0,127,72,0,72,199
08/05/2015,MGW,WV,AEA,CE,Federal Contract Tower,0,15,11,14,40,0,48,31,0,79,0,63,42,14,119,106,8,114,233
08/06/2015,MGW,WV,AEA,CE,Federal Contract Tower,0,14,12,6,32,0,18,6,0,24,0,32,18,6,56,18,6,24,80
08/07/2015,MGW,WV,AEA,CE,Federal Contract Tower,0,20,9,0,29,0,60,31,6,97,0,80,40,6,126,88,0,88,214
08/08/2015,MGW,WV,AEA,CE,Federal Contract Tower,0,8,8,2,18,0,58,18,1,77,0,66,26,3,95,42,0,42,137
08/09/2015,MGW,WV,AEA,CE,Federal Contract Tower,0,9,6,0,15,0,82,35,0,117,0,91,41,0,132,94,0,94,226
08/10/2015,MGW,WV,AEA,CE,Federal Contract Tower,0,11,2,0,13,0,5,8,4,17,0,16,10,4,30,4,0,4,34
08/11/2015,MGW,WV,AEA,CE,Federal Contract Tower,0,19,13,4,36,0,35,8,0,43,0,54,21,4,79,14,0,14,93
08/12/2015,MGW,WV,AEA,CE,Federal Contract Tower,0,17,8,6,31,0,61,27,6,94,0,78,35,12,125,44,6,50,175
08/13/2015,MGW,WV,AEA,CE,Federal Contract Tower,0,12,6,4,22,0,42,45,0,87,0,54,51,4,109,122,0,122,231
08/14/2015,MGW,WV,AEA,CE,Federal Contract Tower,0,10,17,10,37,0,34,39,0,73,0,44,56,10,110,78,4,82,192
08/15/2015,MGW,WV,AEA,CE,Federal Contract Tower,0,9,6,0,15,0,81,28,0,109,0,90,34,0,124,8,0,8,132
08/16/2015,MGW,WV,AEA,CE,Federal Contract Tower,0,7,8,0,15,0,93,41,2,136,0,100,49,2,151,84,0,84,235
08/17/2015,MGW,WV,AEA,CE,Federal Contract Tower,0,17,16,0,33,0,63,32,8,103,0,80,48,8,136,66,0,66,202
08/18/2015,MGW,WV,AEA,CE,Federal Contract Tower,0,16,19,2,37,0,17,15,4,36,0,33,34,6,73,62,0,62,135
08/19/2015,MGW,WV,AEA,CE,Federal Contract Tower,0,14,23,2,39,0,50,37,2,89,0,64,60,4,128,102,2,104,232
08/20/2015,MGW,WV,AEA,CE,Federal Contract Tower,0,11,16,2,29,0,11,13,2,26,0,22,29,4,55,54,14,68,123
08/21/2015,MGW,WV,AEA,CE,Federal Contract Tower,4,11,19,0,34,0,36,48,0,84,4,47,67,0,118,54,0,54,172
08/22/2015,MGW,WV,AEA,CE,Federal Contract Tower,0,11,9,0,20,0,41,47,0,88,0,52,56,0,108,12,0,12,120
08/23/2015,MGW,WV,AEA,CE,Federal Contract Tower,0,5,16,0,21,0,64,42,2,108,0,69,58,2,129,144,0,144,273
08/24/2015,MGW,WV,AEA,CE,Federal Contract Tower,0,10,12,2,24,0,61,39,7,107,0,71,51,9,131,88,0,88,219
08/25/2015,MGW,WV,AEA,CE,Federal Contract Tower,0,20,13,5,38,0,57,41,11,109,0,77,54,16,147,132,4,136,283
08/26/2015,MGW,WV,AEA,CE,Federal Contract Tower,0,12,16,2,30,0,41,30,4,75,0,53,46,6,105,110,12,122,227
08/27/2015,MGW,WV,AEA,CE,Federal Contract Tower,0,16,12,0,28,0,51,30,7,88,0,67,42,7,116,98,4,102,218
08/28/2015,MGW,WV,AEA,CE,Federal Contract Tower,0,10,13,0,23,0,49,28,11,88,0,59,41,11,111,46,0,46,157
08/29/2015,MGW,WV,AEA,CE,Federal Contract Tower,0,11,5,1,17,0,33,34,6,73,0,44,39,7,90,18,12,30,120
08/30/2015,MGW,WV,AEA,CE,Federal Contract Tower,0,4,12,0,16,0,88,34,2,124,0,92,46,2,140,104,6,110,250
08/31/2015,MGW,WV,AEA,CE,Federal Contract Tower,0,15,26,0,41,0,64,54,2,120,0,79,80,2,161,108,2,110,271
09/01/2015,MGW,WV,AEA,CE,Federal Contract Tower,0,16,17,3,36,0,77,41,6,124,0,93,58,9,160,86,24,110,270
09/02/2015,MGW,WV,AEA,CE,Federal Contract Tower,0,14,19,2,35,0,34,44,11,89,0,48,63,13,124,96,12,108,232
09/03/2015,MGW,WV,AEA,CE,Federal Contract Tower,0,22,8,2,32,0,46,35,7,88,0,68,43,9,120,84,2,86,206
09/04/2015,MGW,WV,AEA,CE,Federal Contract Tower,0,10,15,0,25,0,28,36,2,66,0,38,51,2,91,60,0,60,151
09/05/2015,MGW,WV,AEA,CE,Federal Contract Tower,0,10,11,0,21,0,59,22,0,81,0,69,33,0,102,114,10,124,226
09/06/2015,MGW,WV,AEA,CE,Federal Contract Tower,0,5,11,0,16,0,54,44,0,98,0,59,55,0,114,112,0,112,226
09/07/2015,MGW,WV,AEA,CE,Federal Contract Tower,0,8,17,0,25,0,79,33,0,112,0,87,50,0,137,94,0,94,231
09/08/2015,MGW,WV,AEA,CE,Federal Contract Tower,0,10,7,2,19,0,22,30,0,52,0,32,37,2,71,46,0,46,117
09/09/2015,MGW,WV,AEA,CE,Federal Contract Tower,0,10,3,0,13,0,39,28,0,67,0,49,31,0,80,64,0,64,144
09/10/2015,MGW,WV,AEA,CE,Federal Contract Tower,0,15,14,4,33,0,11,0,0,11,0,26,14,4,44,0,2,2,46
09/11/2015,MGW,WV,AEA,CE,Federal Contract Tower,0,17,17,10,44,0,75,22,8,105,0,92,39,18,149,66,16,82,231
09/12/2015,MGW,WV,AEA,CE,Federal Contract Tower,0,6,4,0,10,0,4,4,0,8,0,10,8,0,18,54,0,54,72
09/13/2015,MGW,WV,AEA,CE,Federal Contract Tower,0,9,20,2,31,0,31,6,2,39,0,40,26,4,70,24,0,24,94
09/14/2015,MGW,WV,AEA,CE,Federal Contract Tower,0,10,9,0,19,0,75,31,0,106,0,85,40,0,125,110,0,110,235
09/15/2015,MGW,WV,AEA,CE,Federal Contract Tower,0,18,3,2,23,0,58,45,2,105,0,76,48,4,128,102,14,116,244
09/16/2015,MGW,WV,AEA,CE,Federal Contract Tower,0,10,24,0,34,0,37,34,2,73,0,47,58,2,107,100,0,100,207
09/17/2015,MGW,WV,AEA,CE,Federal Contract Tower,0,17,25,8,50,0,66,38,5,109,0,83,63,13,159,86,22,108,267
09/18/2015,MGW,WV,AEA,CE,Federal Contract Tower,0,12,8,0,20,0,57,22,2,81,0,69,30,2,101,8,0,8,109
09/19/2015,MGW,WV,AEA,CE,Federal Contract Tower,0,9,12,2,23,0,42,28,0,70,0,51,40,2,93,24,0,24,117
09/20/2015,MGW,WV,AEA,CE,Federal Contract Tower,0,14,34,0,48,0,55,30,12,97,0,69,64,12,145,104,2,106,251
09/21/2015,MGW,WV,AEA,CE,Federal Contract Tower,0,15,8,0,23,0,47,18,2,67,0,62,26,2,90,12,0,12,102
09/22/2015,MGW,WV,AEA,CE,Federal Contract Tower,0,20,18,5,43,0,48,22,7,77,0,68,40,12,120,64,0,64,184
09/23/2015,MGW,WV,AEA,CE,Federal Contract Tower,0,27,8,0,35,0,40,40,0,80,0,67,48,0,115,124,0,124,239
09/24/2015,MGW,WV,AEA,CE,Federal Contract Tower,0,15,11,4,30,0,62,33,0,95,0,77,44,4,125,102,0,102,227
09/25/2015,MGW,WV,AEA,CE,Federal Contract Tower,0,16,11,6,33,0,60,19,4,83,0,76,30,10,116,56,0,56,172
09/26/2015,MGW,WV,AEA,CE,Federal Contract Tower,0,11,23,2,36,0,37,16,0,53,0,48,39,2,89,108,0,108,197
09/27/2015,MGW,WV,AEA,CE,Federal Contract Tower,0,4,12,0,16,0,22,20,4,46,0,26,32,4,62,64,0,64,126
09/28/2015,MGW,WV,AEA,CE,Federal Contract Tower,0,18,18,2,38,0,69,28,0,97,0,87,46,2,135,98,0,98,233
09/29/2015,MGW,WV,AEA,CE,Federal Contract Tower,0,13,16,4,33,0,10,9,0,19,0,23,25,4,52,24,4,28,80
09/30/2015,MGW,WV,AEA,CE,Federal Contract Tower,0,20,15,4,39,0,36,7,0,43,0,56,22,4,82,26,4,30,112
10/01/2015,MGW,WV,AEA,CE,Federal Contract Tower,0,25,7,0,32,0,40,26,4,70,0,65,33,4,102,36,26,62,164
10/02/2015,MGW,WV,AEA,CE,Federal Contract Tower,0,8,17,6,31,0,32,4,0,36,0,40,21,6,67,0,4,4,71
10/03/2015,MGW,WV,AEA,CE,Federal Contract Tower,0,11,3,0,14,0,16,0,0,16,0,27,3,0,30,0,0,0,30
10/04/2015,MGW,WV,AEA,CE,Federal Contract Tower,0,5,12,2,19,0,48,22,0,70,0,53,34,2,89,26,0,26,115
10/05/2015,MGW,WV,AEA,CE,Federal Contract Tower,0,13,13,2,28,0,47,44,2,93,0,60,57,4,121,142,0,142,263
10/06/2015,MGW,WV,AEA,CE,Federal Contract Tower,0,28,17,0,45,0,82,53,2,137,0,110,70,2,182,126,0,126,308
10/07/2015,MGW,WV,AEA,CE,Federal Contract Tower,0,13,17,0,30,0,48,36,2,86,0,61,53,2,116,112,10,122,238
10/08/2015,MGW,WV,AEA,CE,Federal Contract Tower,0,17,20,0,37,0,55,31,2,88,0,72,51,2,125,74,14,88,213
10/09/2015,MGW,WV,AEA,CE,Federal Contract Tower,0,28,23,0,51,0,20,5,0,25,0,48,28,0,76,8,0,8,84
10/10/2015,MGW,WV,AEA,CE,Federal Contract Tower,0,15,28,0,43,0,99,54,4,157,0,114,82,4,200,278,0,278,478
10/11/2015,MGW,WV,AEA,CE,Federal Contract Tower,0,5,23,0,28,0,46,32,6,84,0,51,55,6,112,84,0,84,196
10/12/2015,MGW,WV,AEA,CE,Federal Contract Tower,0,15,11,4,30,0,27,34,4,65,0,42,45,8,95,44,0,44,139
10/13/2015,MGW,WV,AEA,CE,Federal Contract Tower,0,12,23,2,37,0,58,11,0,69,0,70,34,2,106,6,0,6,112
10/14/2015,MGW,WV,AEA,CE,Federal Contract Tower,0,16,21,0,37,0,32,42,4,78,0,48,63,4,115,114,0,114,229
10/15/2015,MGW,WV,AEA,CE,Federal Contract Tower,0,23,22,1,46,0,46,49,4,99,0,69,71,5,145,124,24,148,293
10/16/2015,MGW,WV,AEA,CE,Federal Contract Tower,0,15,19,2,36,0,100,37,2,139,0,115,56,4,175,32,0,32,207
10/17/2015,MGW,WV,AEA,CE,Federal Contract Tower,0,9,6,0,15,0,30,13,2,45,0,39,19,2,60,38,0,38,98
10/18/2015,MGW,WV,AEA,CE,Federal Contract Tower,0,2,10,2,14,0,36,32,0,68,0,38,42,2,82,54,0,54,136
10/19/2015,MGW,WV,AEA,CE,Federal Contract Tower,0,14,10,0,24,0,42,24,8,74,0,56,34,8,98,64,0,64,162
10/20/2015,MGW,WV,AEA,CE,Federal Contract Tower,0,10,15,4,29,0,72,32,8,112,0,82,47,12,141,96,8,104,245
10/21/2015,MGW,WV,AEA,CE,Federal Contract Tower,0,10,12,0,22,0,47,37,2,86,0,57,49,2,108,110,22,132,240
10/22/2015,MGW,WV,AEA,CE,Federal Contract Tower,0,10,21,5,36,0,50,32,11,93,0,60,53,16,129,68,24,92,221
10/23/2015,MGW,WV,AEA,CE,Federal Contract Tower,0,12,9,0,21,0,66,26,2,94,0,78,35,2,115,50,0,50,165
10/24/2015,MGW,WV,AEA,CE,Federal Contract Tower,0,9,6,0,15,0,27,22,4,53,0,36,28,4,68,32,0,32,100
10/25/2015,MGW,WV,AEA,CE,Federal Contract Tower,0,10,3,0,13,0,34,11,4,49,0,44,14,4,62,48,6,54,116
10/26/2015,MGW,WV,AEA,CE,Federal Contract Tower,0,13,8,0,21,0,22,27,4,53,0,35,35,4,74,58,8,66,140
10/28/2015,MGW,WV,AEA,CE,Federal Contract Tower,0,15,2,2,19,0,14,6,0,20,0,29,8,2,39,4,0,4,43
10/29/2015,MGW,WV,AEA,CE,Federal Contract Tower,0,23,8,2,33,0,54,23,19,96,0,77,31,21,129,40,4,44,173
10/30/2015,MGW,WV,AEA,CE,Federal Contract Tower,0,20,6,1,27,0,48,25,7,80,0,68,31,8,107,26,8,34,141
10/31/2015,MGW,WV,AEA,CE,Federal Contract Tower,0,8,13,0,21,0,56,32,1,89,0,64,45,1,110,88,0,88,198
11/01/2015,MGW,WV,AEA,CE,Federal Contract Tower,0,9,7,0,16,0,16,21,0,37,0,25,28,0,53,30,0,30,83
11/02/2015,MGW,WV,AEA,CE,Federal Contract Tower,0,14,14,0,28,0,46,25,2,73,0,60,39,2,101,52,6,58,159
11/03/2015,MGW,WV,AEA,CE,Federal Contract Tower,0,12,25,5,42,0,78,39,8,125,0,90,64,13,167,86,10,96,263
11/04/2015,MGW,WV,AEA,CE,Federal Contract Tower,0,15,18,0,33,0,56,40,2,98,0,71,58,2,131,110,4,114,245
11/05/2015,MGW,WV,AEA,CE,Federal Contract Tower,0,16,24,0,40,0,67,33,0,100,0,83,57,0,140,74,0,74,214
11/06/2015,MGW,WV,AEA,CE,Federal Contract Tower,0,12,18,2,32,0,46,1,0,47,0,58,19,2,79,0,0,0,79
11/07/2015,MGW,WV,AEA,CE,Federal Contract Tower,0,11,20,0,31,0,49,20,1,70,0,60,40,1,101,170,0,170,271
11/08/2015,MGW,WV,AEA,CE,Federal Contract Tower,0,7,14,2,23,0,46,46,4,96,0,53,60,6,119,166,0,166,285
11/09/2015,MGW,WV,AEA,CE,Federal Contract Tower,0,19,12,0,31,0,42,34,6,82,0,61,46,6,113,62,0,62,175
11/10/2015,MGW,WV,AEA,CE,Federal Contract Tower,0,20,5,0,25,0,4,0,0,4,0,24,5,0,29,0,0,0,29
11/11/2015,MGW,WV,AEA,CE,Federal Contract Tower,0,13,36,0,49,0,38,34,0,72,0,51,70,0,121,126,0,126,247
11/12/2015,MGW,WV,AEA,CE,Federal Contract Tower,0,8,4,0,12,0,28,5,2,35,0,36,9,2,47,16,0,16,63
11/13/2015,MGW,WV,AEA,CE,Federal Contract Tower,0,11,5,1,17,0,20,4,2,26,0,31,9,3,43,0,0,0,43
11/14/2015,MGW,WV,AEA,CE,Federal Contract Tower,0,9,12,2,23,0,20,28,6,54,0,29,40,8,77,170,0,170,247
11/15/2015,MGW,WV,AEA,CE,Federal Contract Tower,0,13,18,0,31,0,49,55,2,106,0,62,73,2,137,74,4,78,215
11/16/2015,MGW,WV,AEA,CE,Federal Contract Tower,0,10,7,0,17,0,51,39,0,90,0,61,46,0,107,104,0,104,211
11/17/2015,MGW,WV,AEA,CE,Federal Contract Tower,0,20,13,4,37,0,52,23,4,79,0,72,36,8,116,64,0,64,180
11/18/2015,MGW,WV,AEA,CE,Federal Contract Tower,0,19,12,4,35,0,36,3,0,39,0,55,15,4,74,8,0,8,82
11/19/2015,MGW,WV,AEA,CE,Federal Contract Tower,0,14,25,0,39,0,32,19,6,57,0,46,44,6,96,44,0,44,140
11/20/2015,MGW,WV,AEA,CE,Federal Contract Tower,0,19,15,2,36,0,51,35,0,86,0,70,50,2,122,20,0,20,142
11/21/2015,MGW,WV,AEA,CE,Federal Contract Tower,0,8,11,0,19,0,36,19,2,57,0,44,30,2,76,24,0,24,100
11/22/2015,MGW,WV,AEA,CE,Federal Contract Tower,0,6,6,2,14,0,30,3,0,33,0,36,9,2,47,8,0,8,55
11/23/2015,MGW,WV,AEA,CE,Federal Contract Tower,0,13,5,6,24,0,44,17,3,64,0,57,22,9,88,36,0,36,124
11/24/2015,MGW,WV,AEA,CE,Federal Contract Tower,0,13,11,0,24,0,43,15,0,58,0,56,26,0,82,42,0,42,124
11/25/2015,MGW,WV,AEA,CE,Federal Contract Tower,0,16,13,0,29,0,40,23,0,63,0,56,36,0,92,52,0,52,144
11/26/2015,MGW,WV,AEA,CE,Federal Contract Tower,0,5,2,0,7,0,66,6,0,72,0,71,8,0,79,22,0,22,101
11/27/2015,MGW,WV,AEA,CE,Federal Contract Tower,0,8,14,0,22,0,53,28,0,81,0,61,42,0,103,36,0,36,139
11/28/2015,MGW,WV,AEA,CE,Federal Contract Tower,0,9,18,0,27,0,12,2,0,14,0,21,20,0,41,62,0,62,103
11/29/2015,MGW,WV,AEA,CE,Federal Contract Tower,0,4,10,0,14,0,0,0,0,0,0,4,10,0,14,0,0,0,14
11/30/2015,MGW,WV,AEA,CE,Federal Contract Tower,0,17,30,0,47,0,18,8,0,26,0,35,38,0,73,14,0,14,87
12/01/2015,MGW,WV,AEA,CE,Federal Contract Tower,0,17,15,0,32,0,29,10,0,39,0,46,25,0,71,28,0,28,99
12/02/2015,MGW,WV,AEA,CE,Federal Contract Tower,0,20,10,0,30,0,46,10,0,56,0,66,20,0,86,36,0,36,122
12/03/2015,MGW,WV,AEA,CE,Federal Contract Tower,0,21,15,0,36,0,30,4,0,34,0,51,19,0,70,16,0,16,86
12/04/2015,MGW,WV,AEA,CE,Federal Contract Tower,0,15,11,2,28,0,45,14,2,61,0,60,25,4,89,40,0,40,129
12/05/2015,MGW,WV,AEA,CE,Federal Contract Tower,0,5,8,0,13,0,73,13,0,86,0,78,21,0,99,16,0,16,115
12/06/2015,MGW,WV,AEA,CE,Federal Contract Tower,0,9,22,4,35,0,42,31,10,83,0,51,53,14,118,94,0,94,212
12/07/2015,MGW,WV,AEA,CE,Federal Contract Tower,0,12,4,2,18,0,80,7,2,89,0,92,11,4,107,0,0,0,107
12/08/2015,MGW,WV,AEA,CE,Federal Contract Tower,0,15,10,2,27,0,53,22,2,77,0,68,32,4,104,58,0,58,162
12/09/2015,MGW,WV,AEA,CE,Federal Contract Tower,0,16,27,1,44,0,30,24,4,58,0,46,51,5,102,76,0,76,178
12/10/2015,MGW,WV,AEA,CE,Federal Contract Tower,0,17,17,2,36,0,68,22,4,94,0,85,39,6,130,62,6,68,198
12/11/2015,MGW,WV,AEA,CE,Federal Contract Tower,0,12,16,3,31,0,76,13,3,92,0,88,29,6,123,24,0,24,147
12/12/2015,MGW,WV,AEA,CE,Federal Contract Tower,0,7,8,0,15,0,44,17,0,61,0,51,25,0,76,28,0,28,104
12/13/2015,MGW,WV,AEA,CE,Federal Contract Tower,0,4,20,0,24,0,39,28,0,67,0,43,48,0,91,100,0,100,191
12/14/2015,MGW,WV,AEA,CE,Federal Contract Tower,0,12,9,2,23,0,16,18,0,34,0,28,27,2,57,28,0,28,85
12/15/2015,MGW,WV,AEA,CE,Federal Contract Tower,0,18,14,0,32,0,25,18,4,47,0,43,32,4,79,42,0,42,121
12/16/2015,MGW,WV,AEA,CE,Federal Contract Tower,0,22,19,6,47,0,51,25,0,76,0,73,44,6,123,84,6,90,213
12/17/2015,MGW,WV,AEA,CE,Federal Contract Tower,0,13,9,0,22,0,4,2,0,6,0,17,11,0,28,0,0,0,28
12/18/2015,MGW,WV,AEA,CE,Federal Contract Tower,0,14,9,4,27,0,0,2,0,2,0,14,11,4,29,0,0,0,29
12/19/2015,MGW,WV,AEA,CE,Federal Contract Tower,0,10,2,0,12,0,74,10,0,84,0,84,12,0,96,4,0,4,100
12/20/2015,MGW,WV,AEA,CE,Federal Contract Tower,0,8,19,0,27,0,48,20,2,70,0,56,39,2,97,46,0,46,143
12/21/2015,MGW,WV,AEA,CE,Federal Contract Tower,0,16,6,0,22,0,34,6,0,40,0,50,12,0,62,18,0,18,80
12/22/2015,MGW,WV,AEA,CE,Federal Contract Tower,0,12,10,6,28,0,54,6,2,62,0,66,16,8,90,16,6,22,112
12/23/2015,MGW,WV,AEA,CE,Federal Contract Tower,0,12,5,0,17,0,38,2,0,40,0,50,7,0,57,0,0,0,57
12/24/2015,MGW,WV,AEA,CE,Federal Contract Tower,0,11,12,0,23,0,26,6,0,32,0,37,18,0,55,22,0,22,77
12/25/2015,MGW,WV,AEA,CE,Federal Contract Tower,0,10,3,0,13,0,2,0,0,2,0,12,3,0,15,0,0,0,15
12/26/2015,MGW,WV,AEA,CE,Federal Contract Tower,0,6,12,0,18,0,23,4,0,27,0,29,16,0,45,0,0,0,45
12/27/2015,MGW,WV,AEA,CE,Federal Contract Tower,0,4,3,0,7,0,2,1,0,3,0,6,4,0,10,0,0,0,10
12/28/2015,MGW,WV,AEA,CE,Federal Contract Tower,0,10,4,0,14,0,31,2,0,33,0,41,6,0,47,14,0,14,61
12/29/2015,MGW,WV,AEA,CE,Federal Contract Tower,0,13,3,0,16,0,114,10,0,124,0,127,13,0,140,26,6,32,172
12/30/2015,MGW,WV,AEA,CE,Federal Contract Tower,0,11,7,0,18,0,46,19,0,65,0,57,26,0,83,34,0,34,117
12/31/2015,MGW,WV,AEA,CE,Federal Contract Tower,0,12,4,0,16,0,32,2,0,34,0,44,6,0,50,30,0,30,80
01/01/2016,MGW,WV,AEA,CE,Federal Contract Tower,0,10,0,0,10,0,16,0,0,16,0,26,0,0,26,0,0,0,26
01/02/2016,MGW,WV,AEA,CE,Federal Contract Tower,0,6,8,0,14,0,22,12,0,34,0,28,20,0,48,26,2,28,76
01/03/2016,MGW,WV,AEA,CE,Federal Contract Tower,0,6,4,0,10,0,36,14,0,50,0,42,18,0,60,60,0,60,120
01/04/2016,MGW,WV,AEA,CE,Federal Contract Tower,0,12,8,0,20,0,0,11,0,11,0,12,19,0,31,38,0,38,69
01/05/2016,MGW,WV,AEA,CE,Federal Contract Tower,0,18,15,0,33,0,61,29,0,90,0,79,44,0,123,86,0,86,209
01/06/2016,MGW,WV,AEA,CE,Federal Contract Tower,0,12,8,1,21,0,54,21,1,76,0,66,29,2,97,68,0,68,165
01/07/2016,MGW,WV,AEA,CE,Federal Contract Tower,0,13,13,0,26,0,48,28,2,78,0,61,41,2,104,63,0,63,167
01/08/2016,MGW,WV,AEA,CE,Federal Contract Tower,0,11,5,3,19,0,12,7,2,21,0,23,12,5,40,23,0,23,63
01/09/2016,MGW,WV,AEA,CE,Federal Contract Tower,0,10,27,0,37,0,45,37,6,88,0,55,64,6,125,106,0,106,231
01/10/2016,MGW,WV,AEA,CE,Federal Contract Tower,0,3,2,2,7,0,2,4,0,6,0,5,6,2,13,0,0,0,13
01/11/2016,MGW,WV,AEA,CE,Federal Contract Tower,0,12,4,0,16,0,43,10,4,57,0,55,14,4,73,20,6,26,99
01/12/2016,MGW,WV,AEA,CE,Federal Contract Tower,0,11,8,0,19,0,12,0,0,12,0,23,8,0,31,0,0,0,31
01/13/2016,MGW,WV,AEA,CE,Federal Contract Tower,0,16,9,1,26,0,20,6,6,32,0,36,15,7,58,0,0,0,58
01/14/2016,MGW,WV,AEA,CE,Federal Contract Tower,0,15,14,0,29,0,37,21,7,65,0,52,35,7,94,48,0,48,142
01/15/2016,MGW,WV,AEA,CE,Federal Contract Tower,0,13,2,0,15,0,26,10,0,36,0,39,12,0,51,36,0,36,87
01/16/2016,MGW,WV,AEA,CE,Federal Contract Tower,0,6,4,0,10,0,4,0,0,4,0,10,4,0,14,0,0,0,14
01/17/2016,MGW,WV,AEA,CE,Federal Contract Tower,0,5,5,0,10,0,2,0,0,2,0,7,5,0,12,0,0,0,12
01/18/2016,MGW,WV,AEA,CE,Federal Contract Tower,0,9,1,0,10,0,35,0,0,35,0,44,1,0,45,0,0,0,45
01/19/2016,MGW,WV,AEA,CE,Federal Contract Tower,0,17,10,0,27,0,40,7,4,51,0,57,17,4,78,18,2,20,98
01/20/2016,MGW,WV,AEA,CE,Federal Contract Tower,0,11,17,2,30,0,18,4,0,22,0,29,21,2,52,4,2,6,58
01/21/2016,MGW,WV,AEA,CE,Federal Contract Tower,0,12,21,0,33,0,38,8,0,46,0,50,29,0,79,8,0,8,87
01/22/2016,MGW,WV,AEA,CE,Federal Contract Tower,0,4,3,4,11,0,6,2,0,8,0,10,5,4,19,2,4,6,25
01/23/2016,MGW,WV,AEA,CE,Federal Contract Tower,0,0,0,0,0,0,0,0,0,0,0,0,0,0,0,0,0,0,0
01/24/2016,MGW,WV,AEA,CE,Federal Contract Tower,0,0,0,0,0,0,35,0,2,37,0,35,0,2,37,0,8,8,45
01/25/2016,MGW,WV,AEA,CE,Federal Contract Tower,0,10,9,2,21,0,72,8,6,86,0,82,17,8,107,26,0,26,133
01/26/2016,MGW,WV,AEA,CE,Federal Contract Tower,0,6,6,2,14,0,20,2,2,24,0,26,8,4,38,0,0,0,38
01/27/2016,MGW,WV,AEA,CE,Federal Contract Tower,0,9,8,4,21,0,35,4,2,41,0,44,12,6,62,18,4,22,84
01/28/2016,MGW,WV,AEA,CE,Federal Contract Tower,0,12,10,0,22,0,48,19,4,71,0,60,29,4,93,64,32,96,189
01/29/2016,MGW,WV,AEA,CE,Federal Contract Tower,0,18,14,0,32,0,24,2,0,26,0,42,16,0,58,2,0,2,60
01/30/2016,MGW,WV,AEA,CE,Federal Contract Tower,0,4,13,0,17,0,38,20,0,58,0,42,33,0,75,0,0,0,75
01/31/2016,MGW,WV,AEA,CE,Federal Contract Tower,0,6,25,0,31,0,48,97,2,147,0,54,122,2,178,86,0,86,264
02/01/2016,MGW,WV,AEA,CE,Federal Contract Tower,0,10,0,4,14,0,27,14,0,41,0,37,14,4,55,8,0,8,63
02/02/2016,MGW,WV,AEA,CE,Federal Contract Tower,0,10,20,0,30,0,80,23,0,103,0,90,43,0,133,78,0,78,211
02/03/2016,MGW,WV,AEA,CE,Federal Contract Tower,0,8,6,2,16,0,49,13,0,62,0,57,19,2,78,38,0,38,116
02/04/2016,MGW,WV,AEA,CE,Federal Contract Tower,0,14,12,0,26,0,38,46,12,96,0,52,58,12,122,62,0,62,184
02/05/2016,MGW,WV,AEA,CE,Federal Contract Tower,0,17,17,4,38,0,47,21,0,68,0,64,38,4,106,32,0,32,138
02/06/2016,MGW,WV,AEA,CE,Federal Contract Tower,0,8,8,0,16,0,38,26,6,70,0,46,34,6,86,36,0,36,122
02/07/2016,MGW,WV,AEA,CE,Federal Contract Tower,0,8,36,2,46,0,54,40,4,98,0,62,76,6,144,106,8,114,258
02/08/2016,MGW,WV,AEA,CE,Federal Contract Tower,0,11,7,4,22,0,4,1,0,5,0,15,8,4,27,0,0,0,27
02/09/2016,MGW,WV,AEA,CE,Federal Contract Tower,0,10,1,0,11,0,0,0,0,0,0,10,1,0,11,0,0,0,11
02/10/2016,MGW,WV,AEA,CE,Federal Contract Tower,0,4,8,2,14,0,4,3,0,7,0,8,11,2,21,0,2,2,23
02/11/2016,MGW,WV,AEA,CE,Federal Contract Tower,0,7,13,0,20,0,22,11,5,38,0,29,24,5,58,0,0,0,58
02/12/2016,MGW,WV,AEA,CE,Federal Contract Tower,0,18,6,0,24,0,1,4,0,5,0,19,10,0,29,0,0,0,29
02/13/2016,MGW,WV,AEA,CE,Federal Contract Tower,0,5,6,0,11,0,53,3,0,56,0,58,9,0,67,0,0,0,67
02/14/2016,MGW,WV,AEA,CE,Federal Contract Tower,0,4,7,0,11,0,14,3,0,17,0,18,10,0,28,0,0,0,28
02/15/2016,MGW,WV,AEA,CE,Federal Contract Tower,0,4,5,0,9,0,0,2,0,2,0,4,7,0,11,0,0,0,11
02/16/2016,MGW,WV,AEA,CE,Federal Contract Tower,0,8,9,4,21,0,0,2,0,2,0,8,11,4,23,0,0,0,23
02/17/2016,MGW,WV,AEA,CE,Federal Contract Tower,0,14,7,0,21,0,10,2,0,12,0,24,9,0,33,6,0,6,39
02/18/2016,MGW,WV,AEA,CE,Federal Contract Tower,0,9,12,2,23,0,70,31,2,103,0,79,43,4,126,106,2,108,234
02/19/2016,MGW,WV,AEA,CE,Federal Contract Tower,0,19,9,2,30,0,47,8,7,62,0,66,17,9,92,18,8,26,118
02/20/2016,MGW,WV,AEA,CE,Federal Contract Tower,0,6,12,0,18,0,44,19,0,63,0,50,31,0,81,88,0,88,169
02/21/2016,MGW,WV,AEA,CE,Federal Contract Tower,0,12,13,0,25,0,12,1,0,13,0,24,14,0,38,2,0,2,40
02/22/2016,MGW,WV,AEA,CE,Federal Contract Tower,0,8,8,0,16,0,22,46,4,72,0,30,54,4,88,76,0,76,164
02/23/2016,MGW,WV,AEA,CE,Federal Contract Tower,0,13,7,2,22,0,58,20,0,78,0,71,27,2,100,92,0,92,192
02/24/2016,MGW,WV,AEA,CE,Federal Contract Tower,0,9,5,0,14,0,12,2,0,14,0,21,7,0,28,8,0,8,36
02/25/2016,MGW,WV,AEA,CE,Federal Contract Tower,0,12,3,2,17,0,4,2,0,6,0,16,5,2,23,0,0,0,23
02/26/2016,MGW,WV,AEA,CE,Federal Contract Tower,0,11,7,2,20,0,28,5,0,33,0,39,12,2,53,0,0,0,53
02/27/2016,MGW,WV,AEA,CE,Federal Contract Tower,0,6,6,0,12,0,29,15,0,44,0,35,21,0,56,32,0,32,88
02/28/2016,MGW,WV,AEA,CE,Federal Contract Tower,0,8,6,0,14,0,31,8,0,39,0,39,14,0,53,8,0,8,61
02/29/2016,MGW,WV,AEA,CE,Federal Contract Tower,0,14,3,0,17,0,46,17,0,63,0,60,20,0,80,12,0,12,92
03/01/2016,MGW,WV,AEA,CE,Federal Contract Tower,0,10,8,0,18,0,58,15,0,73,0,68,23,0,91,38,0,38,129
03/02/2016,MGW,WV,AEA,CE,Federal Contract Tower,0,15,16,0,31,0,32,17,0,49,0,47,33,0,80,46,0,46,126
03/03/2016,MGW,WV,AEA,CE,Federal Contract Tower,0,13,7,5,25,0,32,14,4,50,0,45,21,9,75,20,0,20,95
03/04/2016,MGW,WV,AEA,CE,Federal Contract Tower,0,13,3,6,22,0,16,1,0,17,0,29,4,6,39,0,2,2,41
03/05/2016,MGW,WV,AEA,CE,Federal Contract Tower,0,10,1,0,11,0,22,9,0,31,0,32,10,0,42,26,0,26,68
03/06/2016,MGW,WV,AEA,CE,Federal Contract Tower,0,8,11,2,21,0,20,12,4,36,0,28,23,6,57,16,0,16,73
03/07/2016,MGW,WV,AEA,CE,Federal Contract Tower,0,8,12,0,20,0,43,31,2,76,0,51,43,2,96,0,0,0,96
03/08/2016,MGW,WV,AEA,CE,Federal Contract Tower,0,13,13,8,34,0,47,26,2,75,0,60,39,10,109,74,12,86,195
03/09/2016,MGW,WV,AEA,CE,Federal Contract Tower,0,18,14,0,32,0,51,46,0,97,0,69,60,0,129,118,0,118,247
03/10/2016,MGW,WV,AEA,CE,Federal Contract Tower,0,13,8,2,23,0,38,14,8,60,0,51,22,10,83,26,0,26,109
03/11/2016,MGW,WV,AEA,CE,Federal Contract Tower,0,16,12,6,34,0,18,26,4,48,0,34,38,10,82,34,0,34,116
03/12/2016,MGW,WV,AEA,CE,Federal Contract Tower,0,11,9,0,20,0,32,17,0,49,0,43,26,0,69,18,0,18,87
03/13/2016,MGW,WV,AEA,CE,Federal Contract Tower,0,7,11,0,18,0,0,0,0,0,0,7,11,0,18,0,0,0,18
03/14/2016,MGW,WV,AEA,CE,Federal Contract Tower,0,7,8,0,15,0,52,17,1,70,0,59,25,1,85,34,0,34,119
03/15/2016,MGW,WV,AEA,CE,Federal Contract Tower,0,10,13,6,29,0,28,21,11,60,0,38,34,17,89,44,16,60,149
03/16/2016,MGW,WV,AEA,CE,Federal Contract Tower,2,15,9,0,26,0,34,13,0,47,2,49,22,0,73,34,0,34,107
03/17/2016,MGW,WV,AEA,CE,Federal Contract Tower,0,10,5,0,15,0,40,13,0,53,0,50,18,0,68,16,0,16,84
03/18/2016,MGW,WV,AEA,CE,Federal Contract Tower,0,13,19,0,32,0,52,33,0,85,0,65,52,0,117,12,0,12,129
03/19/2016,MGW,WV,AEA,CE,Federal Contract Tower,0,7,1,0,8,0,4,1,0,5,0,11,2,0,13,0,0,0,13
03/20/2016,MGW,WV,AEA,CE,Federal Contract Tower,0,8,3,0,11,0,0,0,0,0,0,8,3,0,11,0,0,0,11
03/21/2016,MGW,WV,AEA,CE,Federal Contract Tower,0,10,15,0,25,0,29,14,6,49,0,39,29,6,74,28,0,28,102
03/22/2016,MGW,WV,AEA,CE,Federal Contract Tower,0,38,13,1,52,0,53,28,7,88,0,91,41,8,140,46,0,46,186
03/23/2016,MGW,WV,AEA,CE,Federal Contract Tower,0,9,11,1,21,0,42,14,7,63,0,51,25,8,84,48,0,48,132
03/24/2016,MGW,WV,AEA,CE,Federal Contract Tower,0,10,18,0,28,0,40,16,2,58,0,50,34,2,86,28,0,28,114
03/25/2016,MGW,WV,AEA,CE,Federal Contract Tower,0,9,6,0,15,0,38,4,0,42,0,47,10,0,57,56,0,56,113
03/26/2016,MGW,WV,AEA,CE,Federal Contract Tower,0,11,9,0,20,0,88,38,0,126,0,99,47,0,146,60,0,60,206
03/27/2016,MGW,WV,AEA,CE,Federal Contract Tower,0,10,6,0,16,0,48,19,0,67,0,58,25,0,83,30,0,30,113
03/28/2016,MGW,WV,AEA,CE,Federal Contract Tower,0,9,8,0,17,0,45,3,0,48,0,54,11,0,65,0,0,0,65
03/29/2016,MGW,WV,AEA,CE,Federal Contract Tower,0,12,25,0,37,0,43,27,0,70,0,55,52,0,107,60,0,60,167
03/30/2016,MGW,WV,AEA,CE,Federal Contract Tower,0,16,18,2,36,0,80,46,2,128,0,96,64,4,164,86,0,86,250
03/31/2016,MGW,WV,AEA,CE,Federal Contract Tower,0,12,5,4,21,0,50,3,6,59,0,62,8,10,80,0,0,0,80
04/01/2016,MGW,WV,AEA,CE,Federal Contract Tower,0,12,14,2,28,0,55,4,16,75,0,67,18,18,103,6,12,18,121
04/02/2016,MGW,WV,AEA,CE,Federal Contract Tower,0,10,1,0,11,0,22,4,2,28,0,32,5,2,39,0,0,0,39
04/03/2016,MGW,WV,AEA,CE,Federal Contract Tower,0,7,7,2,16,0,53,13,0,66,0,60,20,2,82,24,0,24,106
04/04/2016,MGW,WV,AEA,CE,Federal Contract Tower,0,11,3,0,14,0,40,0,0,40,0,51,3,0,54,0,0,0,54
04/05/2016,MGW,WV,AEA,CE,Federal Contract Tower,0,7,7,2,16,0,43,27,6,76,0,50,34,8,92,66,0,66,158
04/06/2016,MGW,WV,AEA,CE,Federal Contract Tower,0,15,7,1,23,0,42,13,8,63,0,57,20,9,86,48,0,48,134
04/07/2016,MGW,WV,AEA,CE,Federal Contract Tower,0,13,6,2,21,0,24,2,0,26,0,37,8,2,47,0,2,2,49
04/08/2016,MGW,WV,AEA,CE,Federal Contract Tower,0,9,2,2,13,0,37,2,2,41,0,46,4,4,54,16,24,40,94
04/09/2016,MGW,WV,AEA,CE,Federal Contract Tower,0,8,0,2,10,0,6,0,0,6,0,14,0,2,16,0,0,0,16
04/10/2016,MGW,WV,AEA,CE,Federal Contract Tower,0,6,15,0,21,0,68,23,2,93,0,74,38,2,114,80,0,80,194
04/11/2016,MGW,WV,AEA,CE,Federal Contract Tower,0,14,12,0,26,0,77,13,0,90,0,91,25,0,116,24,0,24,140
04/12/2016,MGW,WV,AEA,CE,Federal Contract Tower,0,13,7,0,20,0,95,13,11,119,0,108,20,11,139,44,0,44,183
04/13/2016,MGW,WV,AEA,CE,Federal Contract Tower,0,12,28,2,42,0,68,36,6,110,0,80,64,8,152,108,6,114,266
04/14/2016,MGW,WV,AEA,CE,Federal Contract Tower,0,12,11,0,23,0,40,30,7,77,0,52,41,7,100,46,0,46,146
04/15/2016,MGW,WV,AEA,CE,Federal Contract Tower,0,13,14,3,30,0,45,28,4,77,0,58,42,7,107,36,0,36,143
04/16/2016,MGW,WV,AEA,CE,Federal Contract Tower,0,9,7,0,16,0,59,57,2,118,0,68,64,2,134,22,0,22,156
04/17/2016,MGW,WV,AEA,CE,Federal Contract Tower,0,5,9,0,14,0,38,27,0,65,0,43,36,0,79,30,0,30,109
04/18/2016,MGW,WV,AEA,CE,Federal Contract Tower,0,11,10,0,21,0,64,27,0,91,0,75,37,0,112,84,0,84,196
04/19/2016,MGW,WV,AEA,CE,Federal Contract Tower,0,13,8,0,21,0,45,34,0,79,0,58,42,0,100,142,0,142,242
04/20/2016,MGW,WV,AEA,CE,Federal Contract Tower,0,8,15,0,23,0,22,52,4,78,0,30,67,4,101,102,10,112,213
04/21/2016,MGW,WV,AEA,CE,Federal Contract Tower,0,10,14,5,29,0,54,20,4,78,0,64,34,9,107,46,2,48,155
04/22/2016,MGW,WV,AEA,CE,Federal Contract Tower,0,14,11,8,33,0,25,11,0,36,0,39,22,8,69,14,0,14,83
04/23/2016,MGW,WV,AEA,CE,Federal Contract Tower,0,9,10,0,19,0,38,2,4,44,0,47,12,4,63,0,6,6,69
04/24/2016,MGW,WV,AEA,CE,Federal Contract Tower,0,14,31,1,46,0,57,71,8,136,0,71,102,9,182,134,24,158,340
04/25/2016,MGW,WV,AEA,CE,Federal Contract Tower,0,9,8,4,21,0,89,36,2,127,0,98,44,6,148,40,4,44,192
04/26/2016,MGW,WV,AEA,CE,Federal Contract Tower,0,18,6,0,24,0,53,12,0,65,0,71,18,0,89,4,0,4,93
04/27/2016,MGW,WV,AEA,CE,Federal Contract Tower,0,9,17,5,31,0,34,12,3,49,0,43,29,8,80,18,0,18,98
04/28/2016,MGW,WV,AEA,CE,Federal Contract Tower,0,12,14,0,26,0,8,1,0,9,0,20,15,0,35,0,0,0,35
04/29/2016,MGW,WV,AEA,CE,Federal Contract Tower,0,11,6,0,17,0,57,7,0,64,0,68,13,0,81,4,0,4,85
04/30/2016,MGW,WV,AEA,CE,Federal Contract Tower,0,5,12,0,17,0,10,30,0,40,0,15,42,0,57,34,0,34,91
05/01/2016,MGW,WV,AEA,CE,Federal Contract Tower,0,9,4,0,13,0,18,15,2,35,0,27,19,2,48,52,0,52,100
05/02/2016,MGW,WV,AEA,CE,Federal Contract Tower,0,12,10,6,28,0,57,20,2,79,0,69,30,8,107,22,4,26,133
05/03/2016,MGW,WV,AEA,CE,Federal Contract Tower,0,4,17,12,33,0,15,6,0,21,0,19,23,12,54,0,0,0,54
05/04/2016,MGW,WV,AEA,CE,Federal Contract Tower,0,13,7,8,28,0,8,6,0,14,0,21,13,8,42,0,0,0,42
05/05/2016,MGW,WV,AEA,CE,Federal Contract Tower,0,19,17,4,40,0,4,1,0,5,0,23,18,4,45,0,0,0,45
05/06/2016,MGW,WV,AEA,CE,Federal Contract Tower,0,10,12,4,26,0,19,9,0,28,0,29,21,4,54,14,0,14,68
05/07/2016,MGW,WV,AEA,CE,Federal Contract Tower,0,8,9,0,17,0,73,25,2,100,0,81,34,2,117,38,0,38,155
05/08/2016,MGW,WV,AEA,CE,Federal Contract Tower,0,8,7,0,15,0,56,19,0,75,0,64,26,0,90,16,0,16,106
05/09/2016,MGW,WV,AEA,CE,Federal Contract Tower,0,12,4,4,20,0,6,7,0,13,0,18,11,4,33,0,0,0,33
05/10/2016,MGW,WV,AEA,CE,Federal Contract Tower,0,18,21,8,47,0,47,28,2,77,0,65,49,10,124,86,0,86,210
05/11/2016,MGW,WV,AEA,CE,Federal Contract Tower,0,9,7,8,24,0,35,22,0,57,0,44,29,8,81,54,4,58,139
05/12/2016,MGW,WV,AEA,CE,Federal Contract Tower,0,10,25,5,40,0,14,15,0,29,0,24,40,5,69,46,0,46,115
05/13/2016,MGW,WV,AEA,CE,Federal Contract Tower,0,9,19,8,36,0,69,12,11,92,0,78,31,19,128,6,4,10,138
05/14/2016,MGW,WV,AEA,CE,Federal Contract Tower,0,8,6,0,14,0,12,8,0,20,0,20,14,0,34,0,0,0,34
05/15/2016,MGW,WV,AEA,CE,Federal Contract Tower,0,10,9,2,21,0,17,4,2,23,0,27,13,4,44,0,0,0,44
05/16/2016,MGW,WV,AEA,CE,Federal Contract Tower,0,11,22,2,35,0,48,37,0,85,0,59,59,2,120,134,6,140,260
05/17/2016,MGW,WV,AEA,CE,Federal Contract Tower,0,17,13,4,34,0,30,17,0,47,0,47,30,4,81,68,0,68,149
05/18/2016,MGW,WV,AEA,CE,Federal Contract Tower,0,14,13,4,31,0,14,6,0,20,0,28,19,4,51,16,4,20,71
05/19/2016,MGW,WV,AEA,CE,Federal Contract Tower,0,20,52,2,74,0,54,45,6,105,0,74,97,8,179,130,4,134,313
05/20/2016,MGW,WV,AEA,CE,Federal Contract Tower,0,19,17,4,40,0,96,26,1,123,0,115,43,5,163,10,2,12,175
05/21/2016,MGW,WV,AEA,CE,Federal Contract Tower,0,7,3,0,10,0,10,0,0,10,0,17,3,0,20,0,0,0,20
05/22/2016,MGW,WV,AEA,CE,Federal Contract Tower,0,9,18,0,27,0,38,10,4,52,0,47,28,4,79,0,0,0,79
05/23/2016,MGW,WV,AEA,CE,Federal Contract Tower,0,7,8,2,17,0,41,13,2,56,0,48,21,4,73,34,6,40,113
05/24/2016,MGW,WV,AEA,CE,Federal Contract Tower,0,14,18,0,32,0,70,36,0,106,0,84,54,0,138,74,0,74,212
05/25/2016,MGW,WV,AEA,CE,Federal Contract Tower,0,10,12,0,22,0,30,26,4,60,0,40,38,4,82,112,12,124,206
05/26/2016,MGW,WV,AEA,CE,Federal Contract Tower,0,8,9,0,17,0,52,23,0,75,0,60,32,0,92,64,0,64,156
05/27/2016,MGW,WV,AEA,CE,Federal Contract Tower,0,11,14,1,26,0,58,20,1,79,0,69,34,2,105,54,12,66,171
05/28/2016,MGW,WV,AEA,CE,Federal Contract Tower,0,5,4,0,9,0,50,35,0,85,0,55,39,0,94,36,0,36,130
05/29/2016,MGW,WV,AEA,CE,Federal Contract Tower,0,3,9,16,28,0,61,13,0,74,0,64,22,16,102,34,0,34,136
05/30/2016,MGW,WV,AEA,CE,Federal Contract Tower,0,3,10,0,13,0,58,21,0,79,0,61,31,0,92,36,0,36,128
05/31/2016,MGW,WV,AEA,CE,Federal Contract Tower,0,10,36,6,52,0,81,25,23,129,0,91,61,29,181,78,0,78,259
06/01/2016,MGW,WV,AEA,CE,Federal Contract Tower,0,12,29,8,49,0,46,34,2,82,0,58,63,10,131,68,0,68,199
06/02/2016,MGW,WV,AEA,CE,Federal Contract Tower,0,11,23,4,38,0,38,37,3,78,0,49,60,7,116,76,0,76,192
06/03/2016,MGW,WV,AEA,CE,Federal Contract Tower,0,14,13,2,29,0,61,8,4,73,0,75,21,6,102,0,0,0,102
06/04/2016,MGW,WV,AEA,CE,Federal Contract Tower,0,7,10,0,17,0,40,18,0,58,0,47,28,0,75,34,0,34,109
06/05/2016,MGW,WV,AEA,CE,Federal Contract Tower,0,8,11,2,21,0,21,19,0,40,0,29,30,2,61,2,0,2,63
06/06/2016,MGW,WV,AEA,CE,Federal Contract Tower,0,14,16,0,30,0,34,23,0,57,0,48,39,0,87,38,0,38,125
06/07/2016,MGW,WV,AEA,CE,Federal Contract Tower,0,13,19,0,32,0,51,35,0,86,0,64,54,0,118,68,0,68,186
06/08/2016,MGW,WV,AEA,CE,Federal Contract Tower,0,7,18,0,25,0,58,28,10,96,0,65,46,10,121,46,0,46,167
06/09/2016,MGW,WV,AEA,CE,Federal Contract Tower,0,19,11,0,30,0,34,55,10,99,0,53,66,10,129,116,0,116,245
06/10/2016,MGW,WV,AEA,CE,Federal Contract Tower,0,15,20,0,35,0,66,25,0,91,0,81,45,0,126,42,0,42,168
06/11/2016,MGW,WV,AEA,CE,Federal Contract Tower,0,7,10,0,17,0,55,10,0,65,0,62,20,0,82,18,0,18,100
06/12/2016,MGW,WV,AEA,CE,Federal Contract Tower,0,7,7,0,14,0,74,9,0,83,0,81,16,0,97,14,0,14,111
06/13/2016,MGW,WV,AEA,CE,Federal Contract Tower,0,14,19,2,35,0,71,35,0,106,0,85,54,2,141,88,0,88,229
06/14/2016,MGW,WV,AEA,CE,Federal Contract Tower,0,14,7,2,23,0,73,42,12,127,0,87,49,14,150,184,0,184,334
06/15/2016,MGW,WV,AEA,CE,Federal Contract Tower,0,13,20,0,33,0,82,41,4,127,0,95,61,4,160,164,2,166,326
06/16/2016,MGW,WV,AEA,CE,Federal Contract Tower,0,9,13,0,22,0,30,19,0,49,0,39,32,0,71,52,0,52,123
06/17/2016,MGW,WV,AEA,CE,Federal Contract Tower,0,14,20,0,34,0,54,28,2,84,0,68,48,2,118,26,0,26,144
06/18/2016,MGW,WV,AEA,CE,Federal Contract Tower,0,9,3,0,12,0,81,69,28,178,0,90,72,28,190,220,0,220,410
06/19/2016,MGW,WV,AEA,CE,Federal Contract Tower,0,9,12,0,21,0,71,34,24,129,0,80,46,24,150,54,0,54,204
06/20/2016,MGW,WV,AEA,CE,Federal Contract Tower,0,15,15,0,30,0,28,29,2,59,0,43,44,2,89,74,0,74,163
06/21/2016,MGW,WV,AEA,CE,Federal Contract Tower,0,24,11,2,37,0,51,21,5,77,0,75,32,7,114,76,12,88,202
06/22/2016,MGW,WV,AEA,CE,Federal Contract Tower,0,14,21,0,35,0,42,50,4,96,0,56,71,4,131,82,0,82,213
06/23/2016,MGW,WV,AEA,CE,Federal Contract Tower,0,14,15,10,39,0,20,3,0,23,0,34,18,10,62,0,0,0,62
06/24/2016,MGW,WV,AEA,CE,Federal Contract Tower,0,14,17,3,34,0,27,21,1,49,0,41,38,4,83,0,0,0,83
06/25/2016,MGW,WV,AEA,CE,Federal Contract Tower,0,12,23,3,38,0,76,28,2,106,0,88,51,5,144,0,0,0,144
06/26/2016,MGW,WV,AEA,CE,Federal Contract Tower,0,7,15,0,22,0,88,35,3,126,0,95,50,3,148,68,14,82,230
06/27/2016,MGW,WV,AEA,CE,Federal Contract Tower,0,13,6,2,21,0,62,15,0,77,0,75,21,2,98,40,0,40,138
06/28/2016,MGW,WV,AEA,CE,Federal Contract Tower,0,11,5,2,18,0,36,24,10,70,0,47,29,12,88,70,6,76,164
06/29/2016,MGW,WV,AEA,CE,Federal Contract Tower,0,13,28,1,42,0,44,41,7,92,0,57,69,8,134,110,10,120,254
06/30/2016,MGW,WV,AEA,CE,Federal Contract Tower,0,15,20,0,35,0,37,41,1,79,0,52,61,1,114,92,2,94,208
07/01/2016,MGW,WV,AEA,CE,Federal Contract Tower,0,13,23,0,36,0,66,40,2,108,0,79,63,2,144,70,0,70,214
07/02/2016,MGW,WV,AEA,CE,Federal Contract Tower,0,12,3,1,16,0,54,33,6,93,0,66,36,7,109,54,0,54,163
07/03/2016,MGW,WV,AEA,CE,Federal Contract Tower,0,4,3,0,7,0,59,18,0,77,0,63,21,0,84,26,0,26,110
07/04/2016,MGW,WV,AEA,CE,Federal Contract Tower,0,10,2,0,12,0,2,5,0,7,0,12,7,0,19,0,0,0,19
07/05/2016,MGW,WV,AEA,CE,Federal Contract Tower,0,14,15,1,30,0,32,10,3,45,0,46,25,4,75,12,0,12,87
07/06/2016,MGW,WV,AEA,CE,Federal Contract Tower,0,14,23,2,39,0,30,27,2,59,0,44,50,4,98,104,2,106,204
07/07/2016,MGW,WV,AEA,CE,Federal Contract Tower,0,9,10,0,19,0,28,16,0,44,0,37,26,0,63,58,0,58,121
07/08/2016,MGW,WV,AEA,CE,Federal Contract Tower,0,13,10,2,25,0,23,15,4,42,0,36,25,6,67,26,0,26,93
07/09/2016,MGW,WV,AEA,CE,Federal Contract Tower,0,8,13,0,21,0,17,12,0,29,0,25,25,0,50,28,0,28,78
07/10/2016,MGW,WV,AEA,CE,Federal Contract Tower,0,5,6,2,13,0,66,23,0,89,0,71,29,2,102,6,0,6,108
07/11/2016,MGW,WV,AEA,CE,Federal Contract Tower,0,8,14,0,22,0,45,28,2,75,0,53,42,2,97,76,0,76,173
07/12/2016,MGW,WV,AEA,CE,Federal Contract Tower,0,15,27,2,44,0,96,36,4,136,0,111,63,6,180,92,0,92,272
07/13/2016,MGW,WV,AEA,CE,Federal Contract Tower,0,19,16,0,35,0,38,33,2,73,0,57,49,2,108,94,0,94,202
07/14/2016,MGW,WV,AEA,CE,Federal Contract Tower,0,12,23,2,37,0,57,25,4,86,0,69,48,6,123,74,0,74,197
07/15/2016,MGW,WV,AEA,CE,Federal Contract Tower,0,27,14,0,41,0,70,9,0,79,0,97,23,0,120,34,0,34,154
07/16/2016,MGW,WV,AEA,CE,Federal Contract Tower,0,8,8,0,16,0,36,36,0,72,0,44,44,0,88,84,0,84,172
07/17/2016,MGW,WV,AEA,CE,Federal Contract Tower,0,11,20,0,31,0,73,35,4,112,0,84,55,4,143,70,0,70,213
07/18/2016,MGW,WV,AEA,CE,Federal Contract Tower,0,16,13,0,29,0,72,25,0,97,0,88,38,0,126,86,0,86,212
07/19/2016,MGW,WV,AEA,CE,Federal Contract Tower,0,10,14,0,24,0,56,38,11,105,0,66,52,11,129,84,0,84,213
07/20/2016,MGW,WV,AEA,CE,Federal Contract Tower,0,10,6,0,16,0,30,33,2,65,0,40,39,2,81,74,0,74,155
07/21/2016,MGW,WV,AEA,CE,Federal Contract Tower,0,14,19,1,34,0,31,49,6,86,0,45,68,7,120,120,2,122,242
07/22/2016,MGW,WV,AEA,CE,Federal Contract Tower,0,22,16,1,39,0,62,5,4,71,0,84,21,5,110,40,6,46,156
07/23/2016,MGW,WV,AEA,CE,Federal Contract Tower,0,7,3,1,11,0,47,7,0,54,0,54,10,1,65,8,0,8,73
07/24/2016,MGW,WV,AEA,CE,Federal Contract Tower,0,7,11,0,18,0,33,19,0,52,0,40,30,0,70,20,0,20,90
07/25/2016,MGW,WV,AEA,CE,Federal Contract Tower,0,14,6,2,22,0,16,8,4,28,0,30,14,6,50,28,4,32,82
07/26/2016,MGW,WV,AEA,CE,Federal Contract Tower,0,12,12,5,29,0,63,8,0,71,0,75,20,5,100,24,0,24,124
07/27/2016,MGW,WV,AEA,CE,Federal Contract Tower,0,10,18,3,31,0,45,27,2,74,0,55,45,5,105,34,0,34,139
07/28/2016,MGW,WV,AEA,CE,Federal Contract Tower,0,12,7,0,19,0,6,2,0,8,0,18,9,0,27,0,0,0,27
07/29/2016,MGW,WV,AEA,CE,Federal Contract Tower,0,16,12,0,28,0,52,19,0,71,0,68,31,0,99,50,0,50,149
07/30/2016,MGW,WV,AEA,CE,Federal Contract Tower,0,7,9,0,16,0,12,9,0,21,0,19,18,0,37,18,0,18,55
07/31/2016,MGW,WV,AEA,CE,Federal Contract Tower,0,7,10,0,17,0,56,15,2,73,0,63,25,2,90,32,0,32,122
08/01/2016,MGW,WV,AEA,CE,Federal Contract Tower,0,12,6,1,19,0,72,21,17,110,0,84,27,18,129,50,20,70,199
08/02/2016,MGW,WV,AEA,CE,Federal Contract Tower,0,12,15,6,33,0,64,30,2,96,0,76,45,8,129,64,10,74,203
08/03/2016,MGW,WV,AEA,CE,Federal Contract Tower,0,13,14,0,27,0,53,30,0,83,0,66,44,0,110,92,0,92,202
08/04/2016,MGW,WV,AEA,CE,Federal Contract Tower,0,17,18,2,37,0,64,43,2,109,0,81,61,4,146,150,4,154,300
08/05/2016,MGW,WV,AEA,CE,Federal Contract Tower,0,14,21,22,57,0,36,23,2,61,0,50,44,24,118,26,0,26,144
08/06/2016,MGW,WV,AEA,CE,Federal Contract Tower,0,8,18,2,28,0,20,19,2,41,0,28,37,4,69,0,0,0,69
08/07/2016,MGW,WV,AEA,CE,Federal Contract Tower,0,4,18,8,30,0,37,41,2,80,0,41,59,10,110,62,2,64,174
08/08/2016,MGW,WV,AEA,CE,Federal Contract Tower,0,10,4,0,14,0,56,25,2,83,0,66,29,2,97,62,0,62,159
08/09/2016,MGW,WV,AEA,CE,Federal Contract Tower,0,17,9,6,32,0,56,30,1,87,0,73,39,7,119,72,0,72,191
08/10/2016,MGW,WV,AEA,CE,Federal Contract Tower,0,12,18,2,32,0,58,29,0,87,0,70,47,2,119,82,0,82,201
08/11/2016,MGW,WV,AEA,CE,Federal Contract Tower,0,8,8,2,18,0,94,33,4,131,0,102,41,6,149,80,16,96,245
08/12/2016,MGW,WV,AEA,CE,Federal Contract Tower,0,12,10,4,26,0,14,17,2,33,0,26,27,6,59,16,0,16,75
08/13/2016,MGW,WV,AEA,CE,Federal Contract Tower,0,9,3,2,14,0,49,19,0,68,0,58,22,2,82,0,0,0,82
08/14/2016,MGW,WV,AEA,CE,Federal Contract Tower,0,8,3,0,11,0,23,8,0,31,0,31,11,0,42,22,0,22,64
08/15/2016,MGW,WV,AEA,CE,Federal Contract Tower,0,14,8,0,22,0,54,13,0,67,0,68,21,0,89,14,0,14,103
08/16/2016,MGW,WV,AEA,CE,Federal Contract Tower,0,12,11,0,23,0,28,17,0,45,0,40,28,0,68,24,0,24,92
08/17/2016,MGW,WV,AEA,CE,Federal Contract Tower,0,10,19,0,29,0,17,13,0,30,0,27,32,0,59,46,0,46,105
08/18/2016,MGW,WV,AEA,CE,Federal Contract Tower,0,16,21,0,37,0,50,18,2,70,0,66,39,2,107,88,0,88,195
08/19/2016,MGW,WV,AEA,CE,Federal Contract Tower,0,16,12,0,28,0,47,32,2,81,0,63,44,2,109,48,0,48,157
08/20/2016,MGW,WV,AEA,CE,Federal Contract Tower,0,12,7,0,19,0,25,14,6,45,0,37,21,6,64,72,0,72,136
08/21/2016,MGW,WV,AEA,CE,Federal Contract Tower,0,4,9,0,13,0,52,19,0,71,0,56,28,0,84,4,0,4,88
08/22/2016,MGW,WV,AEA,CE,Federal Contract Tower,0,8,28,0,36,0,90,48,2,140,0,98,76,2,176,148,0,148,324
08/23/2016,MGW,WV,AEA,CE,Federal Contract Tower,0,20,15,0,35,0,66,47,2,115,0,86,62,2,150,116,0,116,266
08/24/2016,MGW,WV,AEA,CE,Federal Contract Tower,0,19,26,0,45,0,31,61,0,92,0,50,87,0,137,74,14,88,225
08/25/2016,MGW,WV,AEA,CE,Federal Contract Tower,0,12,12,2,26,0,44,24,0,68,0,56,36,2,94,136,0,136,230
08/26/2016,MGW,WV,AEA,CE,Federal Contract Tower,0,12,13,5,30,0,39,29,0,68,0,51,42,5,98,22,0,22,120
08/27/2016,MGW,WV,AEA,CE,Federal Contract Tower,0,12,13,0,25,0,79,32,3,114,0,91,45,3,139,64,0,64,203
08/28/2016,MGW,WV,AEA,CE,Federal Contract Tower,0,7,9,0,16,0,44,20,4,68,0,51,29,4,84,54,12,66,150
08/29/2016,MGW,WV,AEA,CE,Federal Contract Tower,0,8,14,5,27,0,46,36,3,85,0,54,50,8,112,110,0,110,222
08/30/2016,MGW,WV,AEA,CE,Federal Contract Tower,0,14,12,0,26,0,46,42,8,96,0,60,54,8,122,102,8,110,232
08/31/2016,MGW,WV,AEA,CE,Federal Contract Tower,0,12,17,4,33,0,52,60,0,112,0,64,77,4,145,124,0,124,269
09/01/2016,MGW,WV,AEA,CE,Federal Contract Tower,0,13,16,0,29,0,54,40,2,96,0,67,56,2,125,94,0,94,219
09/02/2016,MGW,WV,AEA,CE,Federal Contract Tower,0,19,11,0,30,0,41,31,0,72,0,60,42,0,102,134,0,134,236
09/03/2016,MGW,WV,AEA,CE,Federal Contract Tower,0,13,23,0,36,0,82,43,0,125,0,95,66,0,161,204,0,204,365
09/04/2016,MGW,WV,AEA,CE,Federal Contract Tower,0,10,15,0,25,0,103,34,4,141,0,113,49,4,166,96,0,96,262
09/05/2016,MGW,WV,AEA,CE,Federal Contract Tower,0,10,4,0,14,0,36,29,4,69,0,46,33,4,83,72,12,84,167
09/06/2016,MGW,WV,AEA,CE,Federal Contract Tower,0,11,31,5,47,0,80,41,2,123,0,91,72,7,170,106,6,112,282
09/07/2016,MGW,WV,AEA,CE,Federal Contract Tower,0,12,13,2,27,0,50,32,6,88,0,62,45,8,115,96,14,110,225
09/08/2016,MGW,WV,AEA,CE,Federal Contract Tower,0,11,15,2,28,0,86,51,6,143,0,97,66,8,171,106,10,116,287
09/09/2016,MGW,WV,AEA,CE,Federal Contract Tower,0,12,13,10,35,0,42,30,8,80,0,54,43,18,115,56,0,56,171
09/10/2016,MGW,WV,AEA,CE,Federal Contract Tower,0,12,15,0,27,0,64,27,3,94,0,76,42,3,121,96,0,96,217
09/11/2016,MGW,WV,AEA,CE,Federal Contract Tower,0,9,17,2,28,0,38,30,0,68,0,47,47,2,96,52,0,52,148
09/12/2016,MGW,WV,AEA,CE,Federal Contract Tower,0,10,14,4,28,0,60,37,8,105,0,70,51,12,133,88,24,112,245
09/13/2016,MGW,WV,AEA,CE,Federal Contract Tower,0,13,12,3,28,0,80,37,4,121,0,93,49,7,149,104,10,114,263
09/14/2016,MGW,WV,AEA,CE,Federal Contract Tower,0,18,33,0,51,0,37,25,3,65,0,55,58,3,116,38,0,38,154
09/15/2016,MGW,WV,AEA,CE,Federal Contract Tower,0,19,16,0,35,0,44,25,4,73,0,63,41,4,108,72,0,72,180
09/16/2016,MGW,WV,AEA,CE,Federal Contract Tower,0,10,12,0,22,0,22,40,2,64,0,32,52,2,86,56,0,56,142
09/17/2016,MGW,WV,AEA,CE,Federal Contract Tower,0,7,2,0,9,0,40,18,0,58,0,47,20,0,67,0,0,0,67
09/18/2016,MGW,WV,AEA,CE,Federal Contract Tower,0,11,6,0,17,0,49,7,2,58,0,60,13,2,75,46,0,46,121
09/19/2016,MGW,WV,AEA,CE,Federal Contract Tower,0,23,10,2,35,0,52,35,0,87,0,75,45,2,122,90,0,90,212
09/20/2016,MGW,WV,AEA,CE,Federal Contract Tower,0,11,11,2,24,0,100,32,8,140,0,111,43,10,164,84,2,86,250
09/21/2016,MGW,WV,AEA,CE,Federal Contract Tower,0,10,31,8,49,0,24,36,6,66,0,34,67,14,115,100,2,102,217
09/22/2016,MGW,WV,AEA,CE,Federal Contract Tower,0,13,12,3,28,0,54,49,4,107,0,67,61,7,135,118,0,118,253
09/23/2016,MGW,WV,AEA,CE,Federal Contract Tower,0,19,11,0,30,0,38,25,0,63,0,57,36,0,93,24,0,24,117
09/24/2016,MGW,WV,AEA,CE,Federal Contract Tower,0,15,13,1,29,0,67,11,0,78,0,82,24,1,107,38,0,38,145
09/25/2016,MGW,WV,AEA,CE,Federal Contract Tower,0,8,14,0,22,0,68,58,5,131,0,76,72,5,153,94,10,104,257
09/26/2016,MGW,WV,AEA,CE,Federal Contract Tower,0,14,8,1,23,0,34,17,4,55,0,48,25,5,78,48,2,50,128
09/27/2016,MGW,WV,AEA,CE,Federal Contract Tower,0,12,20,3,35,0,38,49,6,93,0,50,69,9,128,92,10,102,230
09/28/2016,MGW,WV,AEA,CE,Federal Contract Tower,0,8,14,0,22,0,64,21,0,85,0,72,35,0,107,26,0,26,133
09/29/2016,MGW,WV,AEA,CE,Federal Contract Tower,0,13,14,6,33,0,48,24,0,72,0,61,38,6,105,84,0,84,189
09/30/2016,MGW,WV,AEA,CE,Federal Contract Tower,0,16,13,2,31,0,22,1,0,23,0,38,14,2,54,0,0,0,54
10/01/2016,MGW,WV,AEA,CE,Federal Contract Tower,0,6,32,0,38,0,48,18,4,70,0,54,50,4,108,152,0,152,260
10/02/2016,MGW,WV,AEA,CE,Federal Contract Tower,0,6,35,6,47,0,57,19,4,80,0,63,54,10,127,64,6,70,197
10/03/2016,MGW,WV,AEA,CE,Federal Contract Tower,0,7,31,0,38,0,48,23,4,75,0,55,54,4,113,84,4,88,201
10/04/2016,MGW,WV,AEA,CE,Federal Contract Tower,0,11,7,2,20,0,50,43,4,97,0,61,50,6,117,108,0,108,225
10/05/2016,MGW,WV,AEA,CE,Federal Contract Tower,0,21,17,4,42,0,44,51,6,101,0,65,68,10,143,98,6,104,247
10/06/2016,MGW,WV,AEA,CE,Federal Contract Tower,0,14,17,0,31,0,80,34,2,116,0,94,51,2,147,144,0,144,291
10/07/2016,MGW,WV,AEA,CE,Federal Contract Tower,0,10,14,0,24,0,20,11,2,33,0,30,25,2,57,94,0,94,151
10/08/2016,MGW,WV,AEA,CE,Federal Contract Tower,0,7,6,0,13,0,10,1,0,11,0,17,7,0,24,0,0,0,24
10/09/2016,MGW,WV,AEA,CE,Federal Contract Tower,0,4,8,0,12,0,60,35,2,97,0,64,43,2,109,60,0,60,169
10/10/2016,MGW,WV,AEA,CE,Federal Contract Tower,0,12,23,0,35,0,64,39,2,105,0,76,62,2,140,82,6,88,228
10/11/2016,MGW,WV,AEA,CE,Federal Contract Tower,0,12,17,0,29,0,75,38,4,117,0,87,55,4,146,80,0,80,226
10/12/2016,MGW,WV,AEA,CE,Federal Contract Tower,0,12,15,2,29,0,78,45,4,127,0,90,60,6,156,98,0,98,254
10/13/2016,MGW,WV,AEA,CE,Federal Contract Tower,0,20,20,2,42,0,36,22,2,60,0,56,42,4,102,114,0,114,216
10/14/2016,MGW,WV,AEA,CE,Federal Contract Tower,0,10,13,1,24,0,22,19,0,41,0,32,32,1,65,58,0,58,123
10/15/2016,MGW,WV,AEA,CE,Federal Contract Tower,0,4,5,0,9,0,46,58,0,104,0,50,63,0,113,60,0,60,173
10/16/2016,MGW,WV,AEA,CE,Federal Contract Tower,0,10,18,1,29,0,78,36,14,128,0,88,54,15,157,126,6,132,289
10/17/2016,MGW,WV,AEA,CE,Federal Contract Tower,0,13,12,4,29,0,40,28,4,72,0,53,40,8,101,76,8,84,185
10/18/2016,MGW,WV,AEA,CE,Federal Contract Tower,0,16,13,0,29,0,41,35,4,80,0,57,48,4,109,84,0,84,193
10/19/2016,MGW,WV,AEA,CE,Federal Contract Tower,0,11,11,0,22,0,48,34,4,86,0,59,45,4,108,80,12,92,200
10/20/2016,MGW,WV,AEA,CE,Federal Contract Tower,0,13,17,0,30,0,58,25,2,85,0,71,42,2,115,90,0,90,205
10/21/2016,MGW,WV,AEA,CE,Federal Contract Tower,0,7,17,0,24,0,6,0,0,6,0,13,17,0,30,0,0,0,30
10/22/2016,MGW,WV,AEA,CE,Federal Contract Tower,0,10,28,0,38,0,38,33,0,71,0,48,61,0,109,138,4,142,251
10/23/2016,MGW,WV,AEA,CE,Federal Contract Tower,0,8,17,0,25,0,78,31,2,111,0,86,48,2,136,82,0,82,218
10/24/2016,MGW,WV,AEA,CE,Federal Contract Tower,0,8,14,0,22,0,38,31,2,71,0,46,45,2,93,44,0,44,137
10/25/2016,MGW,WV,AEA,CE,Federal Contract Tower,0,13,17,0,30,0,54,35,14,103,0,67,52,14,133,94,0,94,227
10/26/2016,MGW,WV,AEA,CE,Federal Contract Tower,0,6,13,7,26,0,14,30,4,48,0,20,43,11,74,64,20,84,158
10/27/2016,MGW,WV,AEA,CE,Federal Contract Tower,0,11,11,0,22,0,28,10,0,38,0,39,21,0,60,20,0,20,80
10/28/2016,MGW,WV,AEA,CE,Federal Contract Tower,0,18,10,0,28,0,36,18,6,60,0,54,28,6,88,0,0,0,88
10/29/2016,MGW,WV,AEA,CE,Federal Contract Tower,0,4,5,0,9,0,48,19,4,71,0,52,24,4,80,20,0,20,100
10/30/2016,MGW,WV,AEA,CE,Federal Contract Tower,0,7,16,0,23,0,14,13,0,27,0,21,29,0,50,0,0,0,50
10/31/2016,MGW,WV,AEA,CE,Federal Contract Tower,0,10,22,2,34,0,76,29,0,105,0,86,51,2,139,106,4,110,249
11/01/2016,MGW,WV,AEA,CE,Federal Contract Tower,0,13,14,4,31,0,36,46,12,94,0,49,60,16,125,84,24,108,233
11/02/2016,MGW,WV,AEA,CE,Federal Contract Tower,0,9,18,2,29,0,44,42,4,90,0,53,60,6,119,114,12,126,245
11/03/2016,MGW,WV,AEA,CE,Federal Contract Tower,0,18,12,0,30,0,30,5,4,39,0,48,17,4,69,0,0,0,69
11/04/2016,MGW,WV,AEA,CE,Federal Contract Tower,0,12,26,3,41,0,52,20,19,91,0,64,46,22,132,38,0,38,170
11/05/2016,MGW,WV,AEA,CE,Federal Contract Tower,0,6,14,0,20,0,32,36,16,84,0,38,50,16,104,166,0,166,270
11/06/2016,MGW,WV,AEA,CE,Federal Contract Tower,0,9,21,2,32,0,62,33,8,103,0,71,54,10,135,74,0,74,209
11/07/2016,MGW,WV,AEA,CE,Federal Contract Tower,0,13,19,2,34,0,82,37,2,121,0,95,56,4,155,80,2,82,237
11/08/2016,MGW,WV,AEA,CE,Federal Contract Tower,0,10,16,1,27,0,50,25,1,76,0,60,41,2,103,68,0,68,171
11/09/2016,MGW,WV,AEA,CE,Federal Contract Tower,0,14,10,0,24,0,12,5,0,17,0,26,15,0,41,0,0,0,41
11/10/2016,MGW,WV,AEA,CE,Federal Contract Tower,0,13,13,1,27,0,70,42,14,126,0,83,55,15,153,110,28,138,291
11/11/2016,MGW,WV,AEA,CE,Federal Contract Tower,0,10,6,1,17,0,30,8,2,40,0,40,14,3,57,24,0,24,81
11/12/2016,MGW,WV,AEA,CE,Federal Contract Tower,0,8,8,1,17,0,62,13,1,76,0,70,21,2,93,0,0,0,93
11/13/2016,MGW,WV,AEA,CE,Federal Contract Tower,0,5,31,0,36,0,60,34,0,94,0,65,65,0,130,76,0,76,206
11/14/2016,MGW,WV,AEA,CE,Federal Contract Tower,0,11,19,0,30,0,60,34,4,98,0,71,53,4,128,44,2,46,174
11/15/2016,MGW,WV,AEA,CE,Federal Contract Tower,0,10,26,0,36,0,74,29,4,107,0,84,55,4,143,54,0,54,197
11/16/2016,MGW,WV,AEA,CE,Federal Contract Tower,0,16,23,4,43,0,64,24,4,92,0,80,47,8,135,78,10,88,223
11/17/2016,MGW,WV,AEA,CE,Federal Contract Tower,0,7,12,0,19,0,42,24,8,74,0,49,36,8,93,92,0,92,185
11/18/2016,MGW,WV,AEA,CE,Federal Contract Tower,0,10,20,2,32,0,57,38,11,106,0,67,58,13,138,76,12,88,226
11/19/2016,MGW,WV,AEA,CE,Federal Contract Tower,0,7,11,0,18,0,2,5,4,11,0,9,16,4,29,0,0,0,29
11/20/2016,MGW,WV,AEA,CE,Federal Contract Tower,0,5,8,1,14,0,6,0,2,8,0,11,8,3,22,0,0,0,22
11/21/2016,MGW,WV,AEA,CE,Federal Contract Tower,0,9,5,2,16,0,64,8,6,78,0,73,13,8,94,10,0,10,104
11/22/2016,MGW,WV,AEA,CE,Federal Contract Tower,0,10,8,5,23,0,66,32,0,98,0,76,40,5,121,40,0,40,161
11/23/2016,MGW,WV,AEA,CE,Federal Contract Tower,0,9,11,0,20,0,49,25,0,74,0,58,36,0,94,0,0,0,94
11/24/2016,MGW,WV,AEA,CE,Federal Contract Tower,0,8,3,0,11,0,16,0,0,16,0,24,3,0,27,0,0,0,27
11/25/2016,MGW,WV,AEA,CE,Federal Contract Tower,0,9,7,0,16,0,4,0,0,4,0,13,7,0,20,0,0,0,20
11/26/2016,MGW,WV,AEA,CE,Federal Contract Tower,0,8,5,0,13,0,42,0,0,42,0,50,5,0,55,0,0,0,55
11/27/2016,MGW,WV,AEA,CE,Federal Contract Tower,0,4,4,0,8,0,18,21,8,47,0,22,25,8,55,54,0,54,109
11/28/2016,MGW,WV,AEA,CE,Federal Contract Tower,0,9,24,8,41,0,53,25,9,87,0,62,49,17,128,56,12,68,196
11/29/2016,MGW,WV,AEA,CE,Federal Contract Tower,0,8,5,2,15,0,30,26,6,62,0,38,31,8,77,84,0,84,161
11/30/2016,MGW,WV,AEA,CE,Federal Contract Tower,0,21,13,0,34,0,16,3,0,19,0,37,16,0,53,0,0,0,53
12/01/2016,MGW,WV,AEA,CE,Federal Contract Tower,0,10,12,2,24,0,24,14,9,47,0,34,26,11,71,12,0,12,83
12/02/2016,MGW,WV,AEA,CE,Federal Contract Tower,0,12,20,6,38,0,26,1,5,32,0,38,21,11,70,0,8,8,78
12/03/2016,MGW,WV,AEA,CE,Federal Contract Tower,0,10,17,0,27,0,66,17,4,87,0,76,34,4,114,210,0,210,324
12/04/2016,MGW,WV,AEA,CE,Federal Contract Tower,0,8,16,9,33,0,24,20,24,68,0,32,36,33,101,92,4,96,197
12/05/2016,MGW,WV,AEA,CE,Federal Contract Tower,0,21,11,8,40,0,76,28,7,111,0,97,39,15,151,62,10,72,223
12/06/2016,MGW,WV,AEA,CE,Federal Contract Tower,0,15,7,0,22,0,12,2,0,14,0,27,9,0,36,0,0,0,36
12/07/2016,MGW,WV,AEA,CE,Federal Contract Tower,0,19,10,5,34,0,56,31,9,96,0,75,41,14,130,88,12,100,230
12/08/2016,MGW,WV,AEA,CE,Federal Contract Tower,0,19,14,2,35,0,14,5,12,31,0,33,19,14,66,6,0,6,72
12/09/2016,MGW,WV,AEA,CE,Federal Contract Tower,0,18,14,0,32,0,38,5,8,51,0,56,19,8,83,24,0,24,107
12/10/2016,MGW,WV,AEA,CE,Federal Contract Tower,0,7,14,3,24,0,34,7,2,43,0,41,21,5,67,0,0,0,67
12/11/2016,MGW,WV,AEA,CE,Federal Contract Tower,0,10,10,0,20,0,34,7,0,41,0,44,17,0,61,10,0,10,71
12/12/2016,MGW,WV,AEA,CE,Federal Contract Tower,0,14,12,0,26,0,26,9,0,35,0,40,21,0,61,18,0,18,79
12/13/2016,MGW,WV,AEA,CE,Federal Contract Tower,0,10,4,0,14,0,12,5,0,17,0,22,9,0,31,20,0,20,51
12/14/2016,MGW,WV,AEA,CE,Federal Contract Tower,0,17,15,1,33,0,20,19,7,46,0,37,34,8,79,60,8,68,147
12/15/2016,MGW,WV,AEA,CE,Federal Contract Tower,0,27,9,0,36,0,42,5,0,47,0,69,14,0,83,14,0,14,97
12/16/2016,MGW,WV,AEA,CE,Federal Contract Tower,0,13,4,1,18,0,78,27,2,107,0,91,31,3,125,52,0,52,177
12/17/2016,MGW,WV,AEA,CE,Federal Contract Tower,0,8,5,0,13,0,22,0,0,22,0,30,5,0,35,0,0,0,35
12/18/2016,MGW,WV,AEA,CE,Federal Contract Tower,0,10,3,0,13,0,10,0,0,10,0,20,3,0,23,0,0,0,23
12/19/2016,MGW,WV,AEA,CE,Federal Contract Tower,0,16,15,4,35,0,74,30,0,104,0,90,45,4,139,58,0,58,197
12/20/2016,MGW,WV,AEA,CE,Federal Contract Tower,0,15,13,5,33,0,74,26,8,108,0,89,39,13,141,104,12,116,257
12/21/2016,MGW,WV,AEA,CE,Federal Contract Tower,0,18,7,2,27,0,90,43,2,135,0,108,50,4,162,116,0,116,278
12/22/2016,MGW,WV,AEA,CE,Federal Contract Tower,0,12,9,0,21,0,64,17,0,81,0,76,26,0,102,66,0,66,168
12/23/2016,MGW,WV,AEA,CE,Federal Contract Tower,0,18,3,0,21,0,69,17,0,86,0,87,20,0,107,38,0,38,145
12/24/2016,MGW,WV,AEA,CE,Federal Contract Tower,0,7,0,0,7,0,0,0,0,0,0,7,0,0,7,0,0,0,7
12/25/2016,MGW,WV,AEA,CE,Federal Contract Tower,0,10,0,0,10,0,82,3,0,85,0,92,3,0,95,0,0,0,95
12/26/2016,MGW,WV,AEA,CE,Federal Contract Tower,0,11,19,0,30,0,54,12,4,70,0,65,31,4,100,28,10,38,138
12/27/2016,MGW,WV,AEA,CE,Federal Contract Tower,0,11,8,0,19,0,48,7,0,55,0,59,15,0,74,8,0,8,82
12/28/2016,MGW,WV,AEA,CE,Federal Contract Tower,0,12,6,0,18,0,42,32,8,82,0,54,38,8,100,62,0,62,162
12/29/2016,MGW,WV,AEA,CE,Federal Contract Tower,0,15,6,0,21,0,42,8,0,50,0,57,14,0,71,30,0,30,101
12/30/2016,MGW,WV,AEA,CE,Federal Contract Tower,0,13,8,0,21,0,22,3,0,25,0,35,11,0,46,0,0,0,46
12/31/2016,MGW,WV,AEA,CE,Federal Contract Tower,0,6,1,0,7,0,9,0,6,15,0,15,1,6,22,0,0,0,22
01/01/2017,MGW,WV,AEA,CE,Federal Contract Tower,0,12,9,0,21,0,56,17,0,73,0,68,26,0,94,48,0,48,142
01/02/2017,MGW,WV,AEA,CE,Federal Contract Tower,0,10,10,0,20,0,22,9,0,31,0,32,19,0,51,44,0,44,95
01/03/2017,MGW,WV,AEA,CE,Federal Contract Tower,0,12,4,0,16,0,0,0,0,0,0,12,4,0,16,0,0,0,16
01/04/2017,MGW,WV,AEA,CE,Federal Contract Tower,0,13,8,1,22,0,46,15,0,61,0,59,23,1,83,30,0,30,113
01/05/2017,MGW,WV,AEA,CE,Federal Contract Tower,0,10,2,2,14,0,10,4,0,14,0,20,6,2,28,14,0,14,42
01/06/2017,MGW,WV,AEA,CE,Federal Contract Tower,0,12,7,3,22,0,42,8,6,56,0,54,15,9,78,40,0,40,118
01/07/2017,MGW,WV,AEA,CE,Federal Contract Tower,0,6,11,2,19,0,38,7,3,48,0,44,18,5,67,18,0,18,85
01/08/2017,MGW,WV,AEA,CE,Federal Contract Tower,0,16,12,2,30,0,22,6,2,30,0,38,18,4,60,14,0,14,74
01/09/2017,MGW,WV,AEA,CE,Federal Contract Tower,0,10,11,4,25,0,58,18,4,80,0,68,29,8,105,52,0,52,157
01/10/2017,MGW,WV,AEA,CE,Federal Contract Tower,0,17,7,2,26,0,20,6,14,40,0,37,13,16,66,22,10,32,98
01/11/2017,MGW,WV,AEA,CE,Federal Contract Tower,0,13,5,2,20,0,40,16,4,60,0,53,21,6,80,48,4,52,132
01/12/2017,MGW,WV,AEA,CE,Federal Contract Tower,0,13,2,0,15,0,36,7,9,52,0,49,9,9,67,4,0,4,71
01/13/2017,MGW,WV,AEA,CE,Federal Contract Tower,0,16,12,3,31,0,44,13,7,64,0,60,25,10,95,16,0,16,111
01/14/2017,MGW,WV,AEA,CE,Federal Contract Tower,0,2,0,0,2,0,0,0,0,0,0,2,0,0,2,0,0,0,2
01/15/2017,MGW,WV,AEA,CE,Federal Contract Tower,0,8,9,0,17,0,26,13,2,41,0,34,22,2,58,20,0,20,78
01/16/2017,MGW,WV,AEA,CE,Federal Contract Tower,0,21,13,0,34,0,60,23,0,83,0,81,36,0,117,58,0,58,175
01/17/2017,MGW,WV,AEA,CE,Federal Contract Tower,0,15,15,3,33,0,0,0,1,1,0,15,15,4,34,0,0,0,34
01/18/2017,MGW,WV,AEA,CE,Federal Contract Tower,0,11,11,4,26,0,34,7,4,45,0,45,18,8,71,34,0,34,105
01/19/2017,MGW,WV,AEA,CE,Federal Contract Tower,0,10,23,0,33,0,26,18,1,45,0,36,41,1,78,46,0,46,124
01/20/2017,MGW,WV,AEA,CE,Federal Contract Tower,0,12,1,4,17,0,54,2,0,56,0,66,3,4,73,12,0,12,85
01/22/2017,MGW,WV,AEA,CE,Federal Contract Tower,0,9,8,0,17,0,32,17,2,51,0,41,25,2,68,54,0,54,122
01/23/2017,MGW,WV,AEA,CE,Federal Contract Tower,0,8,4,0,12,0,2,2,0,4,0,10,6,0,16,12,0,12,28
01/24/2017,MGW,WV,AEA,CE,Federal Contract Tower,0,10,17,0,27,0,0,0,0,0,0,10,17,0,27,0,0,0,27
01/25/2017,MGW,WV,AEA,CE,Federal Contract Tower,0,14,19,1,34,0,43,45,15,103,0,57,64,16,137,94,4,98,235
01/26/2017,MGW,WV,AEA,CE,Federal Contract Tower,0,8,7,4,19,0,0,0,0,0,0,8,7,4,19,10,0,10,29
01/27/2017,MGW,WV,AEA,CE,Federal Contract Tower,0,14,3,0,17,0,6,1,2,9,0,20,4,2,26,0,0,0,26
01/28/2017,MGW,WV,AEA,CE,Federal Contract Tower,0,6,8,0,14,0,24,3,2,29,0,30,11,2,43,18,0,18,61
01/29/2017,MGW,WV,AEA,CE,Federal Contract Tower,0,8,6,0,14,0,4,2,0,6,0,12,8,0,20,0,0,0,20
01/30/2017,MGW,WV,AEA,CE,Federal Contract Tower,0,11,3,0,14,0,12,7,0,19,0,23,10,0,33,8,0,8,41
01/31/2017,MGW,WV,AEA,CE,Federal Contract Tower,0,18,9,4,31,0,68,11,2,81,0,86,20,6,112,18,0,18,130
02/01/2017,MGW,WV,AEA,CE,Federal Contract Tower,0,15,2,0,17,0,6,0,0,6,0,21,2,0,23,0,0,0,23
02/02/2017,MGW,WV,AEA,CE,Federal Contract Tower,0,14,13,2,29,0,78,40,12,130,0,92,53,14,159,86,38,124,283
02/03/2017,MGW,WV,AEA,CE,Federal Contract Tower,0,14,11,2,27,0,41,39,4,84,0,55,50,6,111,12,0,12,123
02/04/2017,MGW,WV,AEA,CE,Federal Contract Tower,0,9,14,0,23,0,50,34,0,84,0,59,48,0,107,54,0,54,161
02/05/2017,MGW,WV,AEA,CE,Federal Contract Tower,0,10,0,2,12,0,73,3,0,76,0,83,3,2,88,0,0,0,88
02/06/2017,MGW,WV,AEA,CE,Federal Contract Tower,0,14,13,0,27,0,98,35,4,137,0,112,48,4,164,78,6,84,248
02/07/2017,MGW,WV,AEA,CE,Federal Contract Tower,0,8,5,8,21,0,54,5,0,59,0,62,10,8,80,0,0,0,80
02/08/2017,MGW,WV,AEA,CE,Federal Contract Tower,0,18,13,13,44,0,16,21,10,47,0,34,34,23,91,70,28,98,189
02/09/2017,MGW,WV,AEA,CE,Federal Contract Tower,0,10,6,0,16,0,0,0,0,0,0,10,6,0,16,0,0,0,16
02/10/2017,MGW,WV,AEA,CE,Federal Contract Tower,0,17,27,7,51,0,92,24,5,121,0,109,51,12,172,52,0,52,224
02/11/2017,MGW,WV,AEA,CE,Federal Contract Tower,0,5,4,0,9,0,48,22,10,80,0,53,26,10,89,14,0,14,103
02/12/2017,MGW,WV,AEA,CE,Federal Contract Tower,0,6,4,0,10,0,15,1,0,16,0,21,5,0,26,0,0,0,26
02/13/2017,MGW,WV,AEA,CE,Federal Contract Tower,0,14,6,0,20,0,78,17,4,99,0,92,23,4,119,36,12,48,167
02/14/2017,MGW,WV,AEA,CE,Federal Contract Tower,0,7,6,2,15,0,66,16,6,88,0,73,22,8,103,30,0,30,133
02/15/2017,MGW,WV,AEA,CE,Federal Contract Tower,0,18,8,2,28,0,42,9,0,51,0,60,17,2,79,16,0,16,95
02/16/2017,MGW,WV,AEA,CE,Federal Contract Tower,0,11,4,0,15,0,26,15,2,43,0,37,19,2,58,48,0,48,106
02/17/2017,MGW,WV,AEA,CE,Federal Contract Tower,0,12,8,2,22,0,48,32,1,81,0,60,40,3,103,62,0,62,165
02/18/2017,MGW,WV,AEA,CE,Federal Contract Tower,0,11,7,0,18,0,68,34,2,104,0,79,41,2,122,50,0,50,172
02/19/2017,MGW,WV,AEA,CE,Federal Contract Tower,0,9,8,0,17,0,49,6,0,55,0,58,14,0,72,28,0,28,100
02/20/2017,MGW,WV,AEA,CE,Federal Contract Tower,0,11,18,0,29,0,62,30,0,92,0,73,48,0,121,96,0,96,217
02/21/2017,MGW,WV,AEA,CE,Federal Contract Tower,0,10,16,2,28,0,61,37,8,106,0,71,53,10,134,110,2,112,246
02/22/2017,MGW,WV,AEA,CE,Federal Contract Tower,0,17,22,2,41,0,64,25,6,95,0,81,47,8,136,72,16,88,224
02/23/2017,MGW,WV,AEA,CE,Federal Contract Tower,0,13,23,1,37,0,40,16,6,62,0,53,39,7,99,48,0,48,147
02/24/2017,MGW,WV,AEA,CE,Federal Contract Tower,0,10,14,2,26,0,31,20,10,61,0,41,34,12,87,18,0,18,105
02/25/2017,MGW,WV,AEA,CE,Federal Contract Tower,0,8,0,0,8,0,32,4,0,36,0,40,4,0,44,0,0,0,44
02/26/2017,MGW,WV,AEA,CE,Federal Contract Tower,0,13,5,0,18,0,33,25,0,58,0,46,30,0,76,28,0,28,104
02/27/2017,MGW,WV,AEA,CE,Federal Contract Tower,0,12,9,0,21,0,48,5,10,63,0,60,14,10,84,26,0,26,110
02/28/2017,MGW,WV,AEA,CE,Federal Contract Tower,0,9,9,2,20,0,6,9,0,15,0,15,18,2,35,12,0,12,47
03/01/2017,MGW,WV,AEA,CE,Federal Contract Tower,0,13,0,0,13,0,6,2,0,8,0,19,2,0,21,0,0,0,21
03/02/2017,MGW,WV,AEA,CE,Federal Contract Tower,0,26,16,3,45,0,8,14,1,23,0,34,30,4,68,6,0,6,74
03/03/2017,MGW,WV,AEA,CE,Federal Contract Tower,0,9,22,3,34,0,4,9,10,23,0,13,31,13,57,0,24,24,81
03/04/2017,MGW,WV,AEA,CE,Federal Contract Tower,0,9,2,0,11,0,82,40,0,122,0,91,42,0,133,72,0,72,205
03/05/2017,MGW,WV,AEA,CE,Federal Contract Tower,0,6,8,2,16,0,38,12,0,50,0,44,20,2,66,22,8,30,96
03/06/2017,MGW,WV,AEA,CE,Federal Contract Tower,0,17,7,2,26,0,32,21,0,53,0,49,28,2,79,52,0,52,131
03/07/2017,MGW,WV,AEA,CE,Federal Contract Tower,0,13,9,0,22,0,0,8,0,8,0,13,17,0,30,0,0,0,30
03/08/2017,MGW,WV,AEA,CE,Federal Contract Tower,0,15,5,0,20,0,38,13,2,53,0,53,18,2,73,0,0,0,73
03/09/2017,MGW,WV,AEA,CE,Federal Contract Tower,0,16,12,2,30,0,34,17,0,51,0,50,29,2,81,32,0,32,113
03/10/2017,MGW,WV,AEA,CE,Federal Contract Tower,0,12,5,0,17,0,6,0,2,8,0,18,5,2,25,0,0,0,25
03/11/2017,MGW,WV,AEA,CE,Federal Contract Tower,0,11,3,1,15,0,71,16,1,88,0,82,19,2,103,16,0,16,119
03/12/2017,MGW,WV,AEA,CE,Federal Contract Tower,0,17,15,0,32,0,79,26,4,109,0,96,41,4,141,30,10,40,181
03/13/2017,MGW,WV,AEA,CE,Federal Contract Tower,0,17,21,0,38,0,45,27,2,74,0,62,48,2,112,84,0,84,196
03/14/2017,MGW,WV,AEA,CE,Federal Contract Tower,0,4,1,0,5,0,0,0,0,0,0,4,1,0,5,0,0,0,5
03/15/2017,MGW,WV,AEA,CE,Federal Contract Tower,0,16,7,9,32,0,26,5,0,31,0,42,12,9,63,4,8,12,75
03/16/2017,MGW,WV,AEA,CE,Federal Contract Tower,0,13,11,3,27,0,31,9,2,42,0,44,20,5,69,0,0,0,69
03/17/2017,MGW,WV,AEA,CE,Federal Contract Tower,0,19,18,0,37,0,19,11,1,31,0,38,29,1,68,0,0,0,68
03/18/2017,MGW,WV,AEA,CE,Federal Contract Tower,0,8,2,0,10,0,0,0,0,0,0,8,2,0,10,0,0,0,10
03/19/2017,MGW,WV,AEA,CE,Federal Contract Tower,0,9,15,0,24,0,10,8,2,20,0,19,23,2,44,10,0,10,54
03/20/2017,MGW,WV,AEA,CE,Federal Contract Tower,0,15,13,0,28,0,67,25,2,94,0,82,38,2,122,32,0,32,154
03/21/2017,MGW,WV,AEA,CE,Federal Contract Tower,0,9,15,2,26,0,42,14,2,58,0,51,29,4,84,28,0,28,112
03/22/2017,MGW,WV,AEA,CE,Federal Contract Tower,0,13,12,0,25,0,42,10,10,62,0,55,22,10,87,32,4,36,123
03/23/2017,MGW,WV,AEA,CE,Federal Contract Tower,0,15,13,1,29,0,39,37,10,86,0,54,50,11,115,134,4,138,253
03/24/2017,MGW,WV,AEA,CE,Federal Contract Tower,0,12,7,0,19,0,50,11,1,62,0,62,18,1,81,4,0,4,85
03/25/2017,MGW,WV,AEA,CE,Federal Contract Tower,0,7,2,2,11,0,69,27,2,98,0,76,29,4,109,42,0,42,151
03/26/2017,MGW,WV,AEA,CE,Federal Contract Tower,0,8,3,0,11,0,23,5,6,34,0,31,8,6,45,16,2,18,63
03/27/2017,MGW,WV,AEA,CE,Federal Contract Tower,0,14,8,4,26,0,62,28,5,95,0,76,36,9,121,44,0,44,165
03/28/2017,MGW,WV,AEA,CE,Federal Contract Tower,0,17,11,0,28,0,34,15,2,51,0,51,26,2,79,40,0,40,119
03/29/2017,MGW,WV,AEA,CE,Federal Contract Tower,0,13,24,2,39,0,72,26,0,98,0,85,50,2,137,84,0,84,221
03/30/2017,MGW,WV,AEA,CE,Federal Contract Tower,0,19,11,2,32,0,42,25,6,73,0,61,36,8,105,68,0,68,173
03/31/2017,MGW,WV,AEA,CE,Federal Contract Tower,0,18,11,6,35,0,12,4,0,16,0,30,15,6,51,0,0,0,51
04/01/2017,MGW,WV,AEA,CE,Federal Contract Tower,0,12,2,0,14,0,0,2,0,2,0,12,4,0,16,0,0,0,16
04/02/2017,MGW,WV,AEA,CE,Federal Contract Tower,0,12,3,2,17,0,57,44,0,101,0,69,47,2,118,58,0,58,176
04/03/2017,MGW,WV,AEA,CE,Federal Contract Tower,0,20,4,0,24,0,48,12,1,61,0,68,16,1,85,54,0,54,139
04/04/2017,MGW,WV,AEA,CE,Federal Contract Tower,0,14,16,2,32,0,54,12,0,66,0,68,28,2,98,10,0,10,108
04/05/2017,MGW,WV,AEA,CE,Federal Contract Tower,0,12,14,6,32,0,38,25,6,69,0,50,39,12,101,66,0,66,167
04/06/2017,MGW,WV,AEA,CE,Federal Contract Tower,0,19,7,6,32,0,12,0,0,12,0,31,7,6,44,0,0,0,44
04/07/2017,MGW,WV,AEA,CE,Federal Contract Tower,0,16,1,4,21,0,32,0,8,40,0,48,1,12,61,0,0,0,61
04/08/2017,MGW,WV,AEA,CE,Federal Contract Tower,0,11,12,2,25,0,68,41,9,118,0,79,53,11,143,46,0,46,189
04/09/2017,MGW,WV,AEA,CE,Federal Contract Tower,0,16,23,4,43,0,44,42,12,98,0,60,65,16,141,16,0,16,157
04/10/2017,MGW,WV,AEA,CE,Federal Contract Tower,0,18,22,1,41,0,61,23,2,86,0,79,45,3,127,54,0,54,181
04/11/2017,MGW,WV,AEA,CE,Federal Contract Tower,0,16,11,1,28,0,37,25,2,64,0,53,36,3,92,40,0,40,132
04/12/2017,MGW,WV,AEA,CE,Federal Contract Tower,0,14,12,0,26,0,74,35,3,112,0,88,47,3,138,88,0,88,226
04/13/2017,MGW,WV,AEA,CE,Federal Contract Tower,0,18,17,0,35,0,60,31,6,97,0,78,48,6,132,32,6,38,170
04/14/2017,MGW,WV,AEA,CE,Federal Contract Tower,0,20,18,4,42,0,91,24,0,115,0,111,42,4,157,28,2,30,187
04/15/2017,MGW,WV,AEA,CE,Federal Contract Tower,0,11,4,0,15,0,66,36,0,102,0,77,40,0,117,10,0,10,127
04/16/2017,MGW,WV,AEA,CE,Federal Contract Tower,0,8,2,0,10,0,33,8,0,41,0,41,10,0,51,0,0,0,51
04/17/2017,MGW,WV,AEA,CE,Federal Contract Tower,0,16,9,12,37,0,52,35,4,91,0,68,44,16,128,74,0,74,202
04/18/2017,MGW,WV,AEA,CE,Federal Contract Tower,0,28,17,2,47,0,36,36,1,73,0,64,53,3,120,92,0,92,212
04/19/2017,MGW,WV,AEA,CE,Federal Contract Tower,0,19,13,0,32,0,56,27,6,89,0,75,40,6,121,72,0,72,193
04/20/2017,MGW,WV,AEA,CE,Federal Contract Tower,0,16,8,2,26,0,26,11,14,51,0,42,19,16,77,32,26,58,135
04/21/2017,MGW,WV,AEA,CE,Federal Contract Tower,0,18,13,1,32,0,18,14,4,36,0,36,27,5,68,26,44,70,138
04/22/2017,MGW,WV,AEA,CE,Federal Contract Tower,0,13,7,1,21,0,6,2,3,11,0,19,9,4,32,10,0,10,42
04/23/2017,MGW,WV,AEA,CE,Federal Contract Tower,0,11,11,0,22,0,64,37,4,105,0,75,48,4,127,30,0,30,157
04/24/2017,MGW,WV,AEA,CE,Federal Contract Tower,0,20,9,0,29,0,32,21,2,55,0,52,30,2,84,30,0,30,114
04/25/2017,MGW,WV,AEA,CE,Federal Contract Tower,0,15,18,0,33,0,40,10,8,58,0,55,28,8,91,62,12,74,165
04/26/2017,MGW,WV,AEA,CE,Federal Contract Tower,0,18,19,0,37,0,72,38,12,122,0,90,57,12,159,110,14,124,283
04/27/2017,MGW,WV,AEA,CE,Federal Contract Tower,0,14,14,5,33,0,30,18,6,54,0,44,32,11,87,58,4,62,149
04/28/2017,MGW,WV,AEA,CE,Federal Contract Tower,0,13,15,1,29,0,57,16,4,77,0,70,31,5,106,42,0,42,148
04/29/2017,MGW,WV,AEA,CE,Federal Contract Tower,0,6,3,0,9,0,84,11,4,99,0,90,14,4,108,16,0,16,124
04/30/2017,MGW,WV,AEA,CE,Federal Contract Tower,0,10,8,4,22,0,99,17,4,120,0,109,25,8,142,32,0,32,174
05/01/2017,MGW,WV,AEA,CE,Federal Contract Tower,0,16,3,7,26,0,38,1,2,41,0,54,4,9,67,0,0,0,67
05/02/2017,MGW,WV,AEA,CE,Federal Contract Tower,0,17,13,0,30,0,24,4,5,33,0,41,17,5,63,0,0,0,63
05/03/2017,MGW,WV,AEA,CE,Federal Contract Tower,0,18,17,7,42,0,38,21,10,69,0,56,38,17,111,62,0,62,173
05/04/2017,MGW,WV,AEA,CE,Federal Contract Tower,0,26,8,5,39,0,37,8,2,47,0,63,16,7,86,14,0,14,100
05/05/2017,MGW,WV,AEA,CE,Federal Contract Tower,0,16,3,5,24,0,44,2,3,49,0,60,5,8,73,0,6,6,79
05/06/2017,MGW,WV,AEA,CE,Federal Contract Tower,0,10,8,6,24,0,39,0,4,43,0,49,8,10,67,0,0,0,67
05/07/2017,MGW,WV,AEA,CE,Federal Contract Tower,0,12,10,2,24,0,62,10,16,88,0,74,20,18,112,38,0,38,150
05/08/2017,MGW,WV,AEA,CE,Federal Contract Tower,0,21,8,2,31,0,43,28,4,75,0,64,36,6,106,62,0,62,168
05/09/2017,MGW,WV,AEA,CE,Federal Contract Tower,0,13,10,4,27,0,88,36,4,128,0,101,46,8,155,76,6,82,237
05/10/2017,MGW,WV,AEA,CE,Federal Contract Tower,0,14,20,2,36,0,85,39,4,128,0,99,59,6,164,116,0,116,280
05/11/2017,MGW,WV,AEA,CE,Federal Contract Tower,0,16,16,2,34,0,7,1,0,8,0,23,17,2,42,0,0,0,42
05/12/2017,MGW,WV,AEA,CE,Federal Contract Tower,0,16,15,5,36,0,28,4,1,33,0,44,19,6,69,52,2,54,123
05/13/2017,MGW,WV,AEA,CE,Federal Contract Tower,0,10,20,0,30,0,24,9,0,33,0,34,29,0,63,22,0,22,85
05/14/2017,MGW,WV,AEA,CE,Federal Contract Tower,0,12,12,4,28,0,71,16,0,87,0,83,28,4,115,0,0,0,115
05/15/2017,MGW,WV,AEA,CE,Federal Contract Tower,0,13,25,0,38,0,44,36,0,80,0,57,61,0,118,46,0,46,164
05/16/2017,MGW,WV,AEA,CE,Federal Contract Tower,0,17,16,2,35,0,50,61,6,117,0,67,77,8,152,28,8,36,188
05/17/2017,MGW,WV,AEA,CE,Federal Contract Tower,0,27,28,4,59,0,84,54,5,143,0,111,82,9,202,90,0,90,292
05/18/2017,MGW,WV,AEA,CE,Federal Contract Tower,0,15,27,3,45,0,48,21,2,71,0,63,48,5,116,64,0,64,180
05/19/2017,MGW,WV,AEA,CE,Federal Contract Tower,0,13,9,0,22,0,40,15,14,69,0,53,24,14,91,16,0,16,107
05/20/2017,MGW,WV,AEA,CE,Federal Contract Tower,0,9,12,1,22,0,78,6,10,94,0,87,18,11,116,16,0,16,132
05/21/2017,MGW,WV,AEA,CE,Federal Contract Tower,0,16,6,0,22,0,60,4,0,64,0,76,10,0,86,0,0,0,86
05/22/2017,MGW,WV,AEA,CE,Federal Contract Tower,0,13,13,0,26,0,71,17,0,88,0,84,30,0,114,40,0,40,154
05/23/2017,MGW,WV,AEA,CE,Federal Contract Tower,0,16,20,0,36,0,46,25,12,83,0,62,45,12,119,80,0,80,199
05/24/2017,MGW,WV,AEA,CE,Federal Contract Tower,0,14,11,1,26,0,32,8,3,43,0,46,19,4,69,16,4,20,89
05/25/2017,MGW,WV,AEA,CE,Federal Contract Tower,0,16,19,4,39,0,21,15,3,39,0,37,34,7,78,54,6,60,138
05/26/2017,MGW,WV,AEA,CE,Federal Contract Tower,0,12,20,0,32,0,58,13,0,71,0,70,33,0,103,2,0,2,105
05/27/2017,MGW,WV,AEA,CE,Federal Contract Tower,0,9,3,0,12,0,37,13,0,50,0,46,16,0,62,8,0,8,70
05/28/2017,MGW,WV,AEA,CE,Federal Contract Tower,0,13,8,0,21,0,46,20,0,66,0,59,28,0,87,10,0,10,97
05/29/2017,MGW,WV,AEA,CE,Federal Contract Tower,0,11,6,0,17,0,46,24,2,72,0,57,30,2,89,78,0,78,167
05/30/2017,MGW,WV,AEA,CE,Federal Contract Tower,0,19,15,0,34,0,80,25,2,107,0,99,40,2,141,32,0,32,173
05/31/2017,MGW,WV,AEA,CE,Federal Contract Tower,0,17,16,1,34,0,28,15,1,44,0,45,31,2,78,12,0,12,90
06/01/2017,MGW,WV,AEA,CE,Federal Contract Tower,0,20,27,0,47,0,60,53,2,115,0,80,80,2,162,110,0,110,272
06/02/2017,MGW,WV,AEA,CE,Federal Contract Tower,0,23,15,9,47,0,48,32,2,82,0,71,47,11,129,44,0,44,173
06/03/2017,MGW,WV,AEA,CE,Federal Contract Tower,0,12,13,0,25,0,48,33,0,81,0,60,46,0,106,10,0,10,116
06/04/2017,MGW,WV,AEA,CE,Federal Contract Tower,0,11,9,2,22,0,70,37,2,109,0,81,46,4,131,134,0,134,265
06/05/2017,MGW,WV,AEA,CE,Federal Contract Tower,0,18,17,2,37,0,29,22,12,63,0,47,39,14,100,112,0,112,212
06/06/2017,MGW,WV,AEA,CE,Federal Contract Tower,0,17,19,0,36,0,64,25,10,99,0,81,44,10,135,82,0,82,217
06/07/2017,MGW,WV,AEA,CE,Federal Contract Tower,0,20,28,10,58,0,52,32,4,88,0,72,60,14,146,78,0,78,224
06/08/2017,MGW,WV,AEA,CE,Federal Contract Tower,0,18,18,1,37,0,35,32,18,85,0,53,50,19,122,82,4,86,208
06/09/2017,MGW,WV,AEA,CE,Federal Contract Tower,0,20,18,0,38,0,100,47,9,156,0,120,65,9,194,50,0,50,244
06/10/2017,MGW,WV,AEA,CE,Federal Contract Tower,0,13,10,0,23,0,61,28,1,90,0,74,38,1,113,12,0,12,125
06/11/2017,MGW,WV,AEA,CE,Federal Contract Tower,0,9,7,0,16,0,69,25,0,94,0,78,32,0,110,6,0,6,116
06/12/2017,MGW,WV,AEA,CE,Federal Contract Tower,0,12,3,0,15,0,91,23,2,116,0,103,26,2,131,78,0,78,209
06/13/2017,MGW,WV,AEA,CE,Federal Contract Tower,0,17,11,0,28,0,56,31,2,89,0,73,42,2,117,56,0,56,173
06/14/2017,MGW,WV,AEA,CE,Federal Contract Tower,0,11,12,5,28,0,33,12,0,45,0,44,24,5,73,44,4,48,121
06/15/2017,MGW,WV,AEA,CE,Federal Contract Tower,0,19,7,4,30,0,79,16,4,99,0,98,23,8,129,70,2,72,201
06/16/2017,MGW,WV,AEA,CE,Federal Contract Tower,0,16,15,0,31,0,22,1,2,25,0,38,16,2,56,50,6,56,112
06/17/2017,MGW,WV,AEA,CE,Federal Contract Tower,0,9,9,0,18,0,55,55,3,113,0,64,64,3,131,180,0,180,311
06/18/2017,MGW,WV,AEA,CE,Federal Contract Tower,0,10,2,0,12,0,55,5,12,72,0,65,7,12,84,14,0,14,98
06/19/2017,MGW,WV,AEA,CE,Federal Contract Tower,0,14,7,0,21,0,45,15,0,60,0,59,22,0,81,40,0,40,121
06/20/2017,MGW,WV,AEA,CE,Federal Contract Tower,0,15,10,10,35,0,118,40,15,173,0,133,50,25,208,118,6,124,332
06/21/2017,MGW,WV,AEA,CE,Federal Contract Tower,0,17,14,1,32,0,96,40,24,160,0,113,54,25,192,120,4,124,316
06/22/2017,MGW,WV,AEA,CE,Federal Contract Tower,0,13,13,0,26,0,48,32,11,91,0,61,45,11,117,186,0,186,303
06/23/2017,MGW,WV,AEA,CE,Federal Contract Tower,0,15,7,2,24,0,32,0,0,32,0,47,7,2,56,0,0,0,56
06/24/2017,MGW,WV,AEA,CE,Federal Contract Tower,0,10,13,2,25,0,55,19,5,79,0,65,32,7,104,22,0,22,126
06/25/2017,MGW,WV,AEA,CE,Federal Contract Tower,0,11,20,2,33,0,70,35,8,113,0,81,55,10,146,54,2,56,202
06/26/2017,MGW,WV,AEA,CE,Federal Contract Tower,0,14,23,7,44,0,84,35,12,131,0,98,58,19,175,62,6,68,243
06/27/2017,MGW,WV,AEA,CE,Federal Contract Tower,0,16,10,1,27,0,92,36,22,150,0,108,46,23,177,64,18,82,259
06/28/2017,MGW,WV,AEA,CE,Federal Contract Tower,0,14,27,6,47,0,82,42,14,138,0,96,69,20,185,84,34,118,303
06/29/2017,MGW,WV,AEA,CE,Federal Contract Tower,0,18,17,2,37,0,102,34,24,160,0,120,51,26,197,38,4,42,239
06/30/2017,MGW,WV,AEA,CE,Federal Contract Tower,0,20,17,8,45,0,72,24,4,100,0,92,41,12,145,42,0,42,187
07/01/2017,MGW,WV,AEA,CE,Federal Contract Tower,0,11,16,0,27,0,66,18,0,84,0,77,34,0,111,10,0,10,121
07/02/2017,MGW,WV,AEA,CE,Federal Contract Tower,0,8,5,0,13,0,106,27,0,133,0,114,32,0,146,14,2,16,162
07/04/2017,MGW,WV,AEA,CE,Federal Contract Tower,0,13,7,6,26,0,38,24,4,66,0,51,31,10,92,40,6,46,138
07/05/2017,MGW,WV,AEA,CE,Federal Contract Tower,0,11,13,1,25,0,30,12,0,42,0,41,25,1,67,26,0,26,93
07/06/2017,MGW,WV,AEA,CE,Federal Contract Tower,0,11,8,4,23,0,18,1,0,19,0,29,9,4,42,0,0,0,42
07/07/2017,MGW,WV,AEA,CE,Federal Contract Tower,0,8,11,1,20,0,4,5,5,14,0,12,16,6,34,0,0,0,34
07/08/2017,MGW,WV,AEA,CE,Federal Contract Tower,0,6,3,0,9,0,28,10,0,38,0,34,13,0,47,46,0,46,93
07/09/2017,MGW,WV,AEA,CE,Federal Contract Tower,0,15,19,2,36,0,52,61,20,133,0,67,80,22,169,50,0,50,219
07/10/2017,MGW,WV,AEA,CE,Federal Contract Tower,0,15,11,1,27,0,27,36,0,63,0,42,47,1,90,30,0,30,120
07/11/2017,MGW,WV,AEA,CE,Federal Contract Tower,0,22,6,6,34,0,70,22,0,92,0,92,28,6,126,24,0,24,150
07/12/2017,MGW,WV,AEA,CE,Federal Contract Tower,0,13,26,10,49,0,70,42,2,114,0,83,68,12,163,82,0,82,245
07/13/2017,MGW,WV,AEA,CE,Federal Contract Tower,0,18,20,12,50,0,50,9,4,63,0,68,29,16,113,6,0,6,119
07/14/2017,MGW,WV,AEA,CE,Federal Contract Tower,0,17,6,6,29,0,37,4,10,51,0,54,10,16,80,48,0,48,128
07/15/2017,MGW,WV,AEA,CE,Federal Contract Tower,0,15,7,6,28,0,38,34,1,73,0,53,41,7,101,62,0,62,163
07/16/2017,MGW,WV,AEA,CE,Federal Contract Tower,0,10,11,0,21,0,67,32,7,106,0,77,43,7,127,2,0,2,129
07/17/2017,MGW,WV,AEA,CE,Federal Contract Tower,0,18,14,0,32,0,55,25,6,86,0,73,39,6,118,40,0,40,158
07/18/2017,MGW,WV,AEA,CE,Federal Contract Tower,0,24,8,4,36,0,84,38,0,122,0,108,46,4,158,64,0,64,222
07/19/2017,MGW,WV,AEA,CE,Federal Contract Tower,0,25,21,3,49,0,64,43,10,117,0,89,64,13,166,82,0,82,248
07/20/2017,MGW,WV,AEA,CE,Federal Contract Tower,0,12,14,3,29,0,22,34,2,58,0,34,48,5,87,52,0,52,139
07/21/2017,MGW,WV,AEA,CE,Federal Contract Tower,0,19,24,0,43,0,29,10,2,41,0,48,34,2,84,28,0,28,112
07/22/2017,MGW,WV,AEA,CE,Federal Contract Tower,0,13,3,0,16,0,10,1,8,19,0,23,4,8,35,0,0,0,35
07/23/2017,MGW,WV,AEA,CE,Federal Contract Tower,0,9,9,0,18,0,22,2,2,26,0,31,11,2,44,0,0,0,44
07/24/2017,MGW,WV,AEA,CE,Federal Contract Tower,0,17,19,1,37,0,58,13,23,94,0,75,32,24,131,12,0,12,143
07/25/2017,MGW,WV,AEA,CE,Federal Contract Tower,0,14,7,0,21,0,68,38,8,114,0,82,45,8,135,78,16,94,229
07/26/2017,MGW,WV,AEA,CE,Federal Contract Tower,0,20,14,1,35,0,50,38,4,92,0,70,52,5,127,96,0,96,223
07/27/2017,MGW,WV,AEA,CE,Federal Contract Tower,0,14,14,0,28,0,23,19,0,42,0,37,33,0,70,44,0,44,114
07/28/2017,MGW,WV,AEA,CE,Federal Contract Tower,0,16,16,0,32,0,0,13,0,13,0,16,29,0,45,0,0,0,45
07/29/2017,MGW,WV,AEA,CE,Federal Contract Tower,0,4,5,0,9,0,46,11,2,59,0,50,16,2,68,16,0,16,84
07/30/2017,MGW,WV,AEA,CE,Federal Contract Tower,0,12,9,0,21,0,39,44,0,83,0,51,53,0,104,26,0,26,130
07/31/2017,MGW,WV,AEA,CE,Federal Contract Tower,0,9,9,2,20,0,52,43,2,97,0,61,52,4,117,56,22,78,195
08/01/2017,MGW,WV,AEA,CE,Federal Contract Tower,0,15,10,2,27,0,66,54,1,121,0,81,64,3,148,44,0,44,192
08/02/2017,MGW,WV,AEA,CE,Federal Contract Tower,0,9,12,2,23,0,38,21,0,59,0,47,33,2,82,54,0,54,136
08/03/2017,MGW,WV,AEA,CE,Federal Contract Tower,0,20,5,0,25,0,52,26,4,82,0,72,31,4,107,66,0,66,173
08/04/2017,MGW,WV,AEA,CE,Federal Contract Tower,0,12,7,2,21,0,22,10,0,32,0,34,17,2,53,12,0,12,65
08/05/2017,MGW,WV,AEA,CE,Federal Contract Tower,0,8,6,0,14,0,53,11,0,64,0,61,17,0,78,50,0,50,128
08/06/2017,MGW,WV,AEA,CE,Federal Contract Tower,0,11,19,2,32,0,31,25,6,62,0,42,44,8,94,26,0,26,120
08/07/2017,MGW,WV,AEA,CE,Federal Contract Tower,0,9,6,2,17,0,18,6,0,24,0,27,12,2,41,4,0,4,45
08/08/2017,MGW,WV,AEA,CE,Federal Contract Tower,0,14,13,3,30,0,70,27,12,109,0,84,40,15,139,12,0,12,151
08/09/2017,MGW,WV,AEA,CE,Federal Contract Tower,0,15,13,4,32,0,37,30,16,83,0,52,43,20,115,88,0,88,203
08/10/2017,MGW,WV,AEA,CE,Federal Contract Tower,0,15,9,4,28,0,22,30,2,54,0,37,39,6,82,82,0,82,164
08/11/2017,MGW,WV,AEA,CE,Federal Contract Tower,0,16,14,1,31,0,31,24,0,55,0,47,38,1,86,44,0,44,130
08/12/2017,MGW,WV,AEA,CE,Federal Contract Tower,0,11,7,0,18,0,49,14,0,63,0,60,21,0,81,38,0,38,119
08/13/2017,MGW,WV,AEA,CE,Federal Contract Tower,0,12,12,0,24,0,86,32,0,118,0,98,44,0,142,56,0,56,198
08/14/2017,MGW,WV,AEA,CE,Federal Contract Tower,0,13,6,4,23,0,47,14,0,61,0,60,20,4,84,24,0,24,108
08/15/2017,MGW,WV,AEA,CE,Federal Contract Tower,0,21,16,0,37,0,116,57,0,173,0,137,73,0,210,112,0,112,322
08/16/2017,MGW,WV,AEA,CE,Federal Contract Tower,0,21,14,1,36,0,50,25,0,75,0,71,39,1,111,38,0,38,149
08/17/2017,MGW,WV,AEA,CE,Federal Contract Tower,0,22,7,0,29,0,22,15,0,37,0,44,22,0,66,44,0,44,110
08/18/2017,MGW,WV,AEA,CE,Federal Contract Tower,0,20,10,2,32,0,34,16,0,50,0,54,26,2,82,12,0,12,94
08/19/2017,MGW,WV,AEA,CE,Federal Contract Tower,0,11,10,1,22,0,54,38,12,104,0,65,48,13,126,16,0,16,142
08/20/2017,MGW,WV,AEA,CE,Federal Contract Tower,0,8,8,0,16,0,47,31,0,78,0,55,39,0,94,92,0,92,186
08/21/2017,MGW,WV,AEA,CE,Federal Contract Tower,0,13,11,0,24,0,55,32,0,87,0,68,43,0,111,68,0,68,179
08/22/2017,MGW,WV,AEA,CE,Federal Contract Tower,0,10,7,3,20,0,4,24,2,30,0,14,31,5,50,68,0,68,118
08/23/2017,MGW,WV,AEA,CE,Federal Contract Tower,0,19,13,4,36,0,42,21,0,63,0,61,34,4,99,30,0,30,129
08/24/2017,MGW,WV,AEA,CE,Federal Contract Tower,0,17,7,2,26,0,60,26,2,88,0,77,33,4,114,62,0,62,176
08/25/2017,MGW,WV,AEA,CE,Federal Contract Tower,0,19,9,0,28,0,77,32,14,123,0,96,41,14,151,72,0,72,223
08/26/2017,MGW,WV,AEA,CE,Federal Contract Tower,0,10,14,0,24,0,27,29,0,56,0,37,43,0,80,50,0,50,130
08/27/2017,MGW,WV,AEA,CE,Federal Contract Tower,0,14,12,0,26,0,64,21,0,85,0,78,33,0,111,36,0,36,147
08/28/2017,MGW,WV,AEA,CE,Federal Contract Tower,0,14,12,2,28,0,59,36,4,99,0,73,48,6,127,74,2,76,203
08/29/2017,MGW,WV,AEA,CE,Federal Contract Tower,0,17,23,1,41,0,86,32,3,121,0,103,55,4,162,52,0,52,214
08/30/2017,MGW,WV,AEA,CE,Federal Contract Tower,0,17,11,5,33,0,40,19,7,66,0,57,30,12,99,96,20,116,215
08/31/2017,MGW,WV,AEA,CE,Federal Contract Tower,0,16,24,0,40,0,83,43,0,126,0,99,67,0,166,64,0,64,230
09/01/2017,MGW,WV,AEA,CE,Federal Contract Tower,0,16,13,2,31,0,31,13,2,46,0,47,26,4,77,74,0,74,151
09/02/2017,MGW,WV,AEA,CE,Federal Contract Tower,0,13,11,0,24,0,10,8,0,18,0,23,19,0,42,20,0,20,62
09/03/2017,MGW,WV,AEA,CE,Federal Contract Tower,0,17,8,0,25,0,42,4,0,46,0,59,12,0,71,0,0,0,71
09/04/2017,MGW,WV,AEA,CE,Federal Contract Tower,0,14,13,2,29,0,60,34,1,95,0,74,47,3,124,56,0,56,180
09/05/2017,MGW,WV,AEA,CE,Federal Contract Tower,0,14,12,0,26,0,18,6,0,24,0,32,18,0,50,22,0,22,72
09/06/2017,MGW,WV,AEA,CE,Federal Contract Tower,0,20,6,4,30,0,35,30,4,69,0,55,36,8,99,112,0,112,211
09/07/2017,MGW,WV,AEA,CE,Federal Contract Tower,0,16,15,8,39,0,39,23,6,68,0,55,38,14,107,60,0,60,167
09/08/2017,MGW,WV,AEA,CE,Federal Contract Tower,0,15,11,3,29,0,34,39,14,87,0,49,50,17,116,50,0,50,166
09/09/2017,MGW,WV,AEA,CE,Federal Contract Tower,0,13,25,5,43,0,77,23,4,104,0,90,48,9,147,102,8,110,257
09/10/2017,MGW,WV,AEA,CE,Federal Contract Tower,0,8,10,0,18,0,104,44,0,148,0,112,54,0,166,56,0,56,222
09/11/2017,MGW,WV,AEA,CE,Federal Contract Tower,0,11,0,0,11,0,119,33,0,152,0,130,33,0,163,102,0,102,265
09/12/2017,MGW,WV,AEA,CE,Federal Contract Tower,0,17,4,2,23,0,68,26,2,96,0,85,30,4,119,70,4,74,193
09/13/2017,MGW,WV,AEA,CE,Federal Contract Tower,0,11,8,0,19,0,34,24,0,58,0,45,32,0,77,64,0,64,141
09/14/2017,MGW,WV,AEA,CE,Federal Contract Tower,0,24,24,3,51,0,11,0,2,13,0,35,24,5,64,0,0,0,64
09/15/2017,MGW,WV,AEA,CE,Federal Contract Tower,0,10,18,1,29,0,68,31,2,101,0,78,49,3,130,100,0,100,230
09/16/2017,MGW,WV,AEA,CE,Federal Contract Tower,0,8,11,0,19,0,79,25,4,108,0,87,36,4,127,149,0,149,276
09/17/2017,MGW,WV,AEA,CE,Federal Contract Tower,0,10,18,2,30,0,45,33,0,78,0,55,51,2,108,60,0,60,168
09/18/2017,MGW,WV,AEA,CE,Federal Contract Tower,0,16,11,4,31,0,60,35,10,105,0,76,46,14,136,70,0,70,206
09/19/2017,MGW,WV,AEA,CE,Federal Contract Tower,0,19,18,1,38,0,82,43,9,134,0,101,61,10,172,94,4,98,270
09/20/2017,MGW,WV,AEA,CE,Federal Contract Tower,0,8,20,0,28,0,76,22,13,111,0,84,42,13,139,52,20,72,211
09/21/2017,MGW,WV,AEA,CE,Federal Contract Tower,0,21,17,4,42,0,43,20,35,98,0,64,37,39,140,42,24,66,206
09/22/2017,MGW,WV,AEA,CE,Federal Contract Tower,0,18,14,0,32,0,64,23,0,87,0,82,37,0,119,66,0,66,185
09/23/2017,MGW,WV,AEA,CE,Federal Contract Tower,0,16,17,0,33,0,49,30,0,79,0,65,47,0,112,18,0,18,130
09/24/2017,MGW,WV,AEA,CE,Federal Contract Tower,0,15,8,1,24,0,60,35,4,99,0,75,43,5,123,66,0,66,189
09/25/2017,MGW,WV,AEA,CE,Federal Contract Tower,0,13,4,0,17,0,43,24,8,75,0,56,28,8,92,62,8,70,162
09/26/2017,MGW,WV,AEA,CE,Federal Contract Tower,0,25,18,3,46,0,84,42,13,139,0,109,60,16,185,100,8,108,293
09/27/2017,MGW,WV,AEA,CE,Federal Contract Tower,0,27,13,0,40,0,68,28,16,112,0,95,41,16,152,60,4,64,216
09/28/2017,MGW,WV,AEA,CE,Federal Contract Tower,0,17,18,1,36,0,68,19,6,93,0,85,37,7,129,24,14,38,167
09/29/2017,MGW,WV,AEA,CE,Federal Contract Tower,0,18,18,3,39,0,40,30,0,70,0,58,48,3,109,60,0,60,169
09/30/2017,MGW,WV,AEA,CE,Federal Contract Tower,0,13,16,0,29,0,67,22,0,89,0,80,38,0,118,46,0,46,164
10/01/2017,MGW,WV,AEA,CE,Federal Contract Tower,0,12,14,2,28,0,42,27,4,73,0,54,41,6,101,54,0,54,155
10/02/2017,MGW,WV,AEA,CE,Federal Contract Tower,0,12,8,1,21,0,72,18,5,95,0,84,26,6,116,22,4,26,142
10/03/2017,MGW,WV,AEA,CE,Federal Contract Tower,0,16,10,3,29,0,62,25,2,89,0,78,35,5,118,30,0,30,148
10/04/2017,MGW,WV,AEA,CE,Federal Contract Tower,0,13,17,2,32,0,52,38,7,97,0,65,55,9,129,64,0,64,193
10/05/2017,MGW,WV,AEA,CE,Federal Contract Tower,0,15,8,2,25,0,46,20,11,77,0,61,28,13,102,24,0,24,126
10/06/2017,MGW,WV,AEA,CE,Federal Contract Tower,0,15,16,2,33,0,46,29,3,78,0,61,45,5,111,38,0,38,149
10/07/2017,MGW,WV,AEA,CE,Federal Contract Tower,0,8,9,0,17,0,45,29,0,74,0,53,38,0,91,0,0,0,91
10/08/2017,MGW,WV,AEA,CE,Federal Contract Tower,0,16,8,2,26,0,8,0,0,8,0,24,8,2,34,6,0,6,40
10/09/2017,MGW,WV,AEA,CE,Federal Contract Tower,0,17,7,0,24,0,26,8,0,34,0,43,15,0,58,40,0,40,98
10/10/2017,MGW,WV,AEA,CE,Federal Contract Tower,0,9,5,2,16,0,84,17,2,103,0,93,22,4,119,88,0,88,207
10/11/2017,MGW,WV,AEA,CE,Federal Contract Tower,0,14,19,4,37,0,37,10,0,47,0,51,29,4,84,42,0,42,126
10/12/2017,MGW,WV,AEA,CE,Federal Contract Tower,0,12,6,0,18,0,30,10,0,40,0,42,16,0,58,38,0,38,96
10/13/2017,MGW,WV,AEA,CE,Federal Contract Tower,0,14,23,2,39,0,57,31,0,88,0,71,54,2,127,80,0,80,207
10/14/2017,MGW,WV,AEA,CE,Federal Contract Tower,0,17,30,0,47,0,28,50,0,78,0,45,80,0,125,144,0,144,269
10/15/2017,MGW,WV,AEA,CE,Federal Contract Tower,0,10,13,0,23,0,36,14,0,50,0,46,27,0,73,8,0,8,81
10/16/2017,MGW,WV,AEA,CE,Federal Contract Tower,0,11,7,2,20,0,49,27,4,80,0,60,34,6,100,110,24,134,234
10/17/2017,MGW,WV,AEA,CE,Federal Contract Tower,0,13,14,0,27,0,52,27,0,79,0,65,41,0,106,42,0,42,148
10/18/2017,MGW,WV,AEA,CE,Federal Contract Tower,0,8,22,4,34,0,88,40,7,135,0,96,62,11,169,94,0,94,263
10/19/2017,MGW,WV,AEA,CE,Federal Contract Tower,0,9,16,0,25,0,70,36,2,108,0,79,52,2,133,50,0,50,183
10/20/2017,MGW,WV,AEA,CE,Federal Contract Tower,0,16,19,0,35,0,72,106,1,179,0,88,125,1,214,74,0,74,288
10/21/2017,MGW,WV,AEA,CE,Federal Contract Tower,0,11,2,0,13,0,113,84,6,203,0,124,86,6,216,34,0,34,250
10/22/2017,MGW,WV,AEA,CE,Federal Contract Tower,0,12,6,0,18,0,46,48,12,106,0,58,54,12,124,44,0,44,168
10/23/2017,MGW,WV,AEA,CE,Federal Contract Tower,0,18,7,0,25,0,18,10,0,28,0,36,17,0,53,22,0,22,75
10/24/2017,MGW,WV,AEA,CE,Federal Contract Tower,0,15,8,0,23,0,26,16,0,42,0,41,24,0,65,10,0,10,75
10/25/2017,MGW,WV,AEA,CE,Federal Contract Tower,0,20,7,0,27,0,15,11,4,30,0,35,18,4,57,52,0,52,109
10/26/2017,MGW,WV,AEA,CE,Federal Contract Tower,0,19,14,0,33,0,49,28,8,85,0,68,42,8,118,34,28,62,180
10/27/2017,MGW,WV,AEA,CE,Federal Contract Tower,0,16,13,7,36,0,92,37,8,137,0,108,50,15,173,26,0,26,199
10/28/2017,MGW,WV,AEA,CE,Federal Contract Tower,0,14,44,0,58,0,20,15,0,35,0,34,59,0,93,72,0,72,165
10/29/2017,MGW,WV,AEA,CE,Federal Contract Tower,0,14,9,0,23,0,0,0,0,0,0,14,9,0,23,0,0,0,23
10/30/2017,MGW,WV,AEA,CE,Federal Contract Tower,0,17,20,0,37,0,67,12,4,83,0,84,32,4,120,6,0,6,126
10/31/2017,MGW,WV,AEA,CE,Federal Contract Tower,0,12,4,0,16,0,130,31,14,175,0,142,35,14,191,30,0,30,221
11/01/2017,MGW,WV,AEA,CE,Federal Contract Tower,0,18,22,2,42,0,28,11,0,39,0,46,33,2,81,32,0,32,113
11/02/2017,MGW,WV,AEA,CE,Federal Contract Tower,0,18,9,0,27,0,65,23,0,88,0,83,32,0,115,28,0,28,143
11/03/2017,MGW,WV,AEA,CE,Federal Contract Tower,0,13,15,3,31,0,28,0,12,40,0,41,15,15,71,0,10,10,81
11/04/2017,MGW,WV,AEA,CE,Federal Contract Tower,0,11,21,2,34,0,68,30,12,110,0,79,51,14,144,130,0,130,274
11/05/2017,MGW,WV,AEA,CE,Federal Contract Tower,0,14,19,2,35,0,59,24,4,87,0,73,43,6,122,58,0,58,180
11/06/2017,MGW,WV,AEA,CE,Federal Contract Tower,0,15,20,0,35,0,20,3,0,23,0,35,23,0,58,10,0,10,68
11/07/2017,MGW,WV,AEA,CE,Federal Contract Tower,0,19,8,6,33,0,4,0,0,4,0,23,8,6,37,0,0,0,37
11/08/2017,MGW,WV,AEA,CE,Federal Contract Tower,0,15,36,12,63,0,32,33,4,69,0,47,69,16,132,48,0,48,180
11/09/2017,MGW,WV,AEA,CE,Federal Contract Tower,0,18,16,1,35,0,27,20,1,48,0,45,36,2,83,46,0,46,129
11/10/2017,MGW,WV,AEA,CE,Federal Contract Tower,0,21,21,0,42,0,30,32,0,62,0,51,53,0,104,48,0,48,152
11/11/2017,MGW,WV,AEA,CE,Federal Contract Tower,0,14,10,0,24,0,44,24,0,68,0,58,34,0,92,36,0,36,128
11/12/2017,MGW,WV,AEA,CE,Federal Contract Tower,0,14,20,0,34,0,74,26,1,101,0,88,46,1,135,54,0,54,189
11/13/2017,MGW,WV,AEA,CE,Federal Contract Tower,0,18,4,0,22,0,0,6,0,6,0,18,10,0,28,0,0,0,28
11/14/2017,MGW,WV,AEA,CE,Federal Contract Tower,0,14,18,5,37,0,74,23,0,97,0,88,41,5,134,40,0,40,174
11/15/2017,MGW,WV,AEA,CE,Federal Contract Tower,0,24,13,2,39,0,38,31,14,83,0,62,44,16,122,92,0,92,214
11/16/2017,MGW,WV,AEA,CE,Federal Contract Tower,0,9,6,0,15,0,36,10,8,54,0,45,16,8,69,46,0,46,115
11/17/2017,MGW,WV,AEA,CE,Federal Contract Tower,0,16,15,0,31,0,54,58,4,116,0,70,73,4,147,64,0,64,211
11/18/2017,MGW,WV,AEA,CE,Federal Contract Tower,0,9,13,0,22,0,17,10,0,27,0,26,23,0,49,182,0,182,231
11/19/2017,MGW,WV,AEA,CE,Federal Contract Tower,0,9,4,0,13,0,4,2,7,13,0,13,6,7,26,0,2,2,28
11/20/2017,MGW,WV,AEA,CE,Federal Contract Tower,0,10,12,0,22,0,53,22,10,85,0,63,34,10,107,78,0,78,185
11/21/2017,MGW,WV,AEA,CE,Federal Contract Tower,0,15,8,0,23,0,124,21,6,151,0,139,29,6,174,28,0,28,202
11/22/2017,MGW,WV,AEA,CE,Federal Contract Tower,0,16,3,0,19,0,66,10,0,76,0,82,13,0,95,34,0,34,129
11/23/2017,MGW,WV,AEA,CE,Federal Contract Tower,0,10,6,0,16,0,32,9,0,41,0,42,15,0,57,0,0,0,57
11/24/2017,MGW,WV,AEA,CE,Federal Contract Tower,0,10,7,0,17,0,50,28,0,78,0,60,35,0,95,58,0,58,153
11/25/2017,MGW,WV,AEA,CE,Federal Contract Tower,0,10,7,0,17,0,49,9,0,58,0,59,16,0,75,0,0,0,75
11/26/2017,MGW,WV,AEA,CE,Federal Contract Tower,0,8,6,0,14,0,58,24,0,82,0,66,30,0,96,38,0,38,134
11/27/2017,MGW,WV,AEA,CE,Federal Contract Tower,0,13,12,1,26,0,87,21,2,110,0,100,33,3,136,42,0,42,178
11/28/2017,MGW,WV,AEA,CE,Federal Contract Tower,0,12,11,0,23,0,98,39,8,145,0,110,50,8,168,72,0,72,240
11/29/2017,MGW,WV,AEA,CE,Federal Contract Tower,0,14,23,0,37,0,60,31,4,95,0,74,54,4,132,88,0,88,220
11/30/2017,MGW,WV,AEA,CE,Federal Contract Tower,0,12,17,0,29,0,54,21,0,75,0,66,38,0,104,84,0,84,188
12/01/2017,MGW,WV,AEA,CE,Federal Contract Tower,0,20,19,2,41,0,72,8,4,84,0,92,27,6,125,0,0,0,125
12/02/2017,MGW,WV,AEA,CE,Federal Contract Tower,0,13,12,2,27,0,47,25,2,74,0,60,37,4,101,34,0,34,135
12/03/2017,MGW,WV,AEA,CE,Federal Contract Tower,0,14,10,2,26,0,56,31,0,87,0,70,41,2,113,64,0,64,177
12/04/2017,MGW,WV,AEA,CE,Federal Contract Tower,0,21,20,2,43,0,56,45,4,105,0,77,65,6,148,86,0,86,234
12/05/2017,MGW,WV,AEA,CE,Federal Contract Tower,0,19,14,0,33,0,24,9,0,33,0,43,23,0,66,44,0,44,110
12/06/2017,MGW,WV,AEA,CE,Federal Contract Tower,0,30,10,2,42,0,43,24,1,68,0,73,34,3,110,54,0,54,164
12/07/2017,MGW,WV,AEA,CE,Federal Contract Tower,0,20,5,0,25,0,26,1,1,28,0,46,6,1,53,0,0,0,53
12/08/2017,MGW,WV,AEA,CE,Federal Contract Tower,0,18,12,2,32,0,72,12,0,84,0,90,24,2,116,28,0,28,144
12/09/2017,MGW,WV,AEA,CE,Federal Contract Tower,0,8,2,1,11,0,19,17,0,36,0,27,19,1,47,0,0,0,47
12/10/2017,MGW,WV,AEA,CE,Federal Contract Tower,0,9,18,0,27,0,62,13,0,75,0,71,31,0,102,66,0,66,168
12/11/2017,MGW,WV,AEA,CE,Federal Contract Tower,0,19,10,2,31,0,76,28,5,109,0,95,38,7,140,44,0,44,184
12/12/2017,MGW,WV,AEA,CE,Federal Contract Tower,0,13,4,0,17,0,4,0,0,4,0,17,4,0,21,0,0,0,21
12/13/2017,MGW,WV,AEA,CE,Federal Contract Tower,0,27,8,0,35,0,22,9,0,31,0,49,17,0,66,16,0,16,82
12/14/2017,MGW,WV,AEA,CE,Federal Contract Tower,0,16,12,0,28,0,13,4,8,25,0,29,16,8,53,20,0,20,73
12/15/2017,MGW,WV,AEA,CE,Federal Contract Tower,0,12,7,1,20,0,44,14,13,71,0,56,21,14,91,0,0,0,91
12/16/2017,MGW,WV,AEA,CE,Federal Contract Tower,0,8,8,3,19,0,73,18,4,95,0,81,26,7,114,0,0,0,114
12/17/2017,MGW,WV,AEA,CE,Federal Contract Tower,0,14,7,0,21,0,80,12,0,92,0,94,19,0,113,14,0,14,127
12/18/2017,MGW,WV,AEA,CE,Federal Contract Tower,0,8,5,2,15,0,0,0,0,0,0,8,5,2,15,0,0,0,15
12/19/2017,MGW,WV,AEA,CE,Federal Contract Tower,0,19,3,4,26,0,90,24,0,114,0,109,27,4,140,20,0,20,160
12/20/2017,MGW,WV,AEA,CE,Federal Contract Tower,0,17,19,0,36,0,68,28,8,104,0,85,47,8,140,88,14,102,242
12/21/2017,MGW,WV,AEA,CE,Federal Contract Tower,0,12,21,4,37,0,98,36,4,138,0,110,57,8,175,74,0,74,249
12/22/2017,MGW,WV,AEA,CE,Federal Contract Tower,0,16,10,2,28,0,30,13,0,43,0,46,23,2,71,24,0,24,95
12/23/2017,MGW,WV,AEA,CE,Federal Contract Tower,0,6,2,0,8,0,0,0,0,0,0,6,2,0,8,0,0,0,8
12/24/2017,MGW,WV,AEA,CE,Federal Contract Tower,0,4,1,0,5,0,24,2,0,26,0,28,3,0,31,0,0,0,31
12/25/2017,MGW,WV,AEA,CE,Federal Contract Tower,0,12,0,0,12,0,36,1,0,37,0,48,1,0,49,0,0,0,49
12/26/2017,MGW,WV,AEA,CE,Federal Contract Tower,0,14,6,2,22,0,46,18,0,64,0,60,24,2,86,0,0,0,86
12/27/2017,MGW,WV,AEA,CE,Federal Contract Tower,0,15,5,0,20,0,46,14,0,60,0,61,19,0,80,20,0,20,100
12/28/2017,MGW,WV,AEA,CE,Federal Contract Tower,0,13,4,5,22,0,39,28,3,70,0,52,32,8,92,50,0,50,142
12/29/2017,MGW,WV,AEA,CE,Federal Contract Tower,0,16,9,0,25,0,64,9,2,75,0,80,18,2,100,32,0,32,132
12/30/2017,MGW,WV,AEA,CE,Federal Contract Tower,0,9,5,0,14,0,0,0,0,0,0,9,5,0,14,0,0,0,14
12/31/2017,MGW,WV,AEA,CE,Federal Contract Tower,0,12,6,0,18,0,14,0,0,14,0,26,6,0,32,0,0,0,32
01/01/2018,MGW,WV,AEA,CE,Federal Contract Tower,0,13,3,0,16,0,32,0,0,32,0,45,3,0,48,0,0,0,48
01/02/2018,MGW,WV,AEA,CE,Federal Contract Tower,0,14,8,0,22,0,66,15,0,81,0,80,23,0,103,16,0,16,119
01/03/2018,MGW,WV,AEA,CE,Federal Contract Tower,0,17,3,0,20,0,68,17,5,90,0,85,20,5,110,60,10,70,180
01/04/2018,MGW,WV,AEA,CE,Federal Contract Tower,0,14,0,0,14,0,16,0,4,20,0,30,0,4,34,0,0,0,34
01/05/2018,MGW,WV,AEA,CE,Federal Contract Tower,0,15,1,5,21,0,37,3,11,51,0,52,4,16,72,0,18,18,90
01/06/2018,MGW,WV,AEA,CE,Federal Contract Tower,0,17,7,0,24,0,30,4,0,34,0,47,11,0,58,24,0,24,82
01/07/2018,MGW,WV,AEA,CE,Federal Contract Tower,0,15,7,3,25,0,64,21,10,95,0,79,28,13,120,62,16,78,198
01/08/2018,MGW,WV,AEA,CE,Federal Contract Tower,0,8,2,0,10,0,0,0,0,0,0,8,2,0,10,0,0,0,10
01/09/2018,MGW,WV,AEA,CE,Federal Contract Tower,0,17,15,0,32,0,46,18,2,66,0,63,33,2,98,50,0,50,148
01/10/2018,MGW,WV,AEA,CE,Federal Contract Tower,0,16,20,0,36,0,54,32,14,100,0,70,52,14,136,78,12,90,226
01/11/2018,MGW,WV,AEA,CE,Federal Contract Tower,0,15,9,4,28,0,46,28,18,92,0,61,37,22,120,76,18,94,214
01/12/2018,MGW,WV,AEA,CE,Federal Contract Tower,0,10,17,2,29,0,7,3,0,10,0,17,20,2,39,38,0,38,77
01/13/2018,MGW,WV,AEA,CE,Federal Contract Tower,0,0,2,0,2,0,22,0,0,22,0,22,2,0,24,0,0,0,24
01/14/2018,MGW,WV,AEA,CE,Federal Contract Tower,0,4,4,0,8,0,45,7,0,52,0,49,11,0,60,30,0,30,90
01/15/2018,MGW,WV,AEA,CE,Federal Contract Tower,0,14,4,0,18,0,25,5,8,38,0,39,9,8,56,20,8,28,84
01/16/2018,MGW,WV,AEA,CE,Federal Contract Tower,0,16,1,0,17,0,0,0,0,0,0,16,1,0,17,0,0,0,17
01/17/2018,MGW,WV,AEA,CE,Federal Contract Tower,0,12,11,0,23,0,9,0,0,9,0,21,11,0,32,0,0,0,32
01/18/2018,MGW,WV,AEA,CE,Federal Contract Tower,0,9,7,1,17,0,58,19,12,89,0,67,26,13,106,30,8,38,144
01/19/2018,MGW,WV,AEA,CE,Federal Contract Tower,0,14,9,6,29,0,81,17,8,106,0,95,26,14,135,0,0,0,135
01/20/2018,MGW,WV,AEA,CE,Federal Contract Tower,0,12,11,0,23,0,43,15,2,60,0,55,26,2,83,0,0,0,83
01/21/2018,MGW,WV,AEA,CE,Federal Contract Tower,0,9,6,0,15,0,35,3,0,38,0,44,9,0,53,0,0,0,53
01/22/2018,MGW,WV,AEA,CE,Federal Contract Tower,0,9,15,2,26,0,53,19,4,76,0,62,34,6,102,70,0,70,172
01/23/2018,MGW,WV,AEA,CE,Federal Contract Tower,0,19,9,1,29,0,70,10,1,81,0,89,19,2,110,16,0,16,126
01/24/2018,MGW,WV,AEA,CE,Federal Contract Tower,0,8,10,0,18,0,10,2,0,12,0,18,12,0,30,0,0,0,30
01/25/2018,MGW,WV,AEA,CE,Federal Contract Tower,0,20,9,0,29,0,52,27,20,99,0,72,36,20,128,72,0,72,200
01/26/2018,MGW,WV,AEA,CE,Federal Contract Tower,0,13,15,2,30,0,61,32,4,97,0,74,47,6,127,58,0,58,185
01/27/2018,MGW,WV,AEA,CE,Federal Contract Tower,0,13,9,0,22,0,30,12,0,42,0,43,21,0,64,0,0,0,64
01/28/2018,MGW,WV,AEA,CE,Federal Contract Tower,0,8,7,0,15,0,42,24,0,66,0,50,31,0,81,18,0,18,99
01/29/2018,MGW,WV,AEA,CE,Federal Contract Tower,0,19,14,2,35,0,34,20,0,54,0,53,34,2,89,54,0,54,143
01/30/2018,MGW,WV,AEA,CE,Federal Contract Tower,0,20,7,0,27,0,30,3,6,39,0,50,10,6,66,0,0,0,66
01/31/2018,MGW,WV,AEA,CE,Federal Contract Tower,0,14,17,0,31,0,61,23,6,90,0,75,40,6,121,72,12,84,205
02/01/2018,MGW,WV,AEA,CE,Federal Contract Tower,0,26,7,0,33,0,34,8,0,42,0,60,15,0,75,16,0,16,91
02/02/2018,MGW,WV,AEA,CE,Federal Contract Tower,0,12,13,2,27,0,34,16,2,52,0,46,29,4,79,30,0,30,109
02/03/2018,MGW,WV,AEA,CE,Federal Contract Tower,0,11,6,0,17,0,59,20,2,81,0,70,26,2,98,36,0,36,134
02/04/2018,MGW,WV,AEA,CE,Federal Contract Tower,0,11,5,2,18,0,0,0,0,0,0,11,5,2,18,0,0,0,18
02/05/2018,MGW,WV,AEA,CE,Federal Contract Tower,0,15,8,0,23,0,34,10,2,46,0,49,18,2,69,2,0,2,71
02/06/2018,MGW,WV,AEA,CE,Federal Contract Tower,0,14,14,1,29,0,18,14,3,35,0,32,28,4,64,54,0,54,118
02/07/2018,MGW,WV,AEA,CE,Federal Contract Tower,0,2,3,2,7,0,0,0,0,0,0,2,3,2,7,0,0,0,7
02/08/2018,MGW,WV,AEA,CE,Federal Contract Tower,0,15,8,4,27,0,31,24,4,59,0,46,32,8,86,74,2,76,162
02/09/2018,MGW,WV,AEA,CE,Federal Contract Tower,0,18,16,0,34,0,79,30,2,111,0,97,46,2,145,42,0,42,187
02/10/2018,MGW,WV,AEA,CE,Federal Contract Tower,0,8,5,0,13,0,55,10,4,69,0,63,15,4,82,14,0,14,96
02/11/2018,MGW,WV,AEA,CE,Federal Contract Tower,0,4,1,0,5,0,0,0,0,0,0,4,1,0,5,0,0,0,5
02/12/2018,MGW,WV,AEA,CE,Federal Contract Tower,0,15,8,0,23,0,16,17,4,37,0,31,25,4,60,32,0,32,92
02/13/2018,MGW,WV,AEA,CE,Federal Contract Tower,0,14,13,2,29,0,42,32,0,74,0,56,45,2,103,46,0,46,149
02/14/2018,MGW,WV,AEA,CE,Federal Contract Tower,0,13,11,3,27,0,6,0,0,6,0,19,11,3,33,0,0,0,33
02/15/2018,MGW,WV,AEA,CE,Federal Contract Tower,0,27,9,2,38,0,16,7,2,25,0,43,16,4,63,52,10,62,125
02/16/2018,MGW,WV,AEA,CE,Federal Contract Tower,0,18,5,0,23,0,24,3,0,27,0,42,8,0,50,0,0,0,50
02/17/2018,MGW,WV,AEA,CE,Federal Contract Tower,0,8,5,0,13,0,6,9,0,15,0,14,14,0,28,0,0,0,28
02/18/2018,MGW,WV,AEA,CE,Federal Contract Tower,0,9,14,0,23,0,53,32,0,85,0,62,46,0,108,92,0,92,200
02/19/2018,MGW,WV,AEA,CE,Federal Contract Tower,0,9,4,0,13,0,84,15,0,99,0,93,19,0,112,38,0,38,150
02/20/2018,MGW,WV,AEA,CE,Federal Contract Tower,0,20,8,4,32,0,52,34,3,89,0,72,42,7,121,64,0,64,185
02/21/2018,MGW,WV,AEA,CE,Federal Contract Tower,0,18,13,0,31,0,28,11,2,41,0,46,24,2,72,16,0,16,88
02/22/2018,MGW,WV,AEA,CE,Federal Contract Tower,0,18,6,0,24,0,4,0,0,4,0,22,6,0,28,0,0,0,28
02/23/2018,MGW,WV,AEA,CE,Federal Contract Tower,0,12,5,2,19,0,20,17,2,39,0,32,22,4,58,20,0,20,78
02/24/2018,MGW,WV,AEA,CE,Federal Contract Tower,0,13,4,1,18,0,7,0,0,7,0,20,4,1,25,0,0,0,25
02/25/2018,MGW,WV,AEA,CE,Federal Contract Tower,0,13,18,0,31,0,31,8,0,39,0,44,26,0,70,8,0,8,78
02/26/2018,MGW,WV,AEA,CE,Federal Contract Tower,0,12,13,2,27,0,69,42,2,113,0,81,55,4,140,102,2,104,244
02/27/2018,MGW,WV,AEA,CE,Federal Contract Tower,0,18,15,2,35,0,56,65,4,125,0,74,80,6,160,130,10,140,300
02/28/2018,MGW,WV,AEA,CE,Federal Contract Tower,0,19,13,5,37,0,62,34,5,101,0,81,47,10,138,74,4,78,216
03/01/2018,MGW,WV,AEA,CE,Federal Contract Tower,0,13,17,0,30,0,14,2,0,16,0,27,19,0,46,0,0,0,46
03/02/2018,MGW,WV,AEA,CE,Federal Contract Tower,0,0,4,2,6,0,22,0,4,26,0,22,4,6,32,0,0,0,32
03/03/2018,MGW,WV,AEA,CE,Federal Contract Tower,0,10,9,0,19,0,61,20,2,83,0,71,29,2,102,4,0,4,106
03/04/2018,MGW,WV,AEA,CE,Federal Contract Tower,0,11,8,2,21,0,72,38,4,114,0,83,46,6,135,146,0,146,281
03/05/2018,MGW,WV,AEA,CE,Federal Contract Tower,0,15,15,2,32,0,54,34,2,90,0,69,49,4,122,116,0,116,238
03/06/2018,MGW,WV,AEA,CE,Federal Contract Tower,0,15,5,0,20,0,36,25,0,61,0,51,30,0,81,45,0,45,126
03/07/2018,MGW,WV,AEA,CE,Federal Contract Tower,0,4,6,0,10,0,0,2,0,2,0,4,8,0,12,0,0,0,12
03/08/2018,MGW,WV,AEA,CE,Federal Contract Tower,0,16,4,0,20,0,4,9,0,13,0,20,13,0,33,32,0,32,65
03/09/2018,MGW,WV,AEA,CE,Federal Contract Tower,0,16,7,0,23,0,32,4,1,37,0,48,11,1,60,0,0,0,60
03/10/2018,MGW,WV,AEA,CE,Federal Contract Tower,0,12,18,0,30,0,41,45,8,94,0,53,63,8,124,44,0,44,168
03/11/2018,MGW,WV,AEA,CE,Federal Contract Tower,0,8,6,0,14,0,46,31,0,77,0,54,37,0,91,56,0,56,147
03/12/2018,MGW,WV,AEA,CE,Federal Contract Tower,0,16,10,0,26,0,30,7,0,37,0,46,17,0,63,26,0,26,89
03/13/2018,MGW,WV,AEA,CE,Federal Contract Tower,0,17,9,0,26,0,4,6,0,10,0,21,15,0,36,24,0,24,60
03/14/2018,MGW,WV,AEA,CE,Federal Contract Tower,0,19,10,0,29,0,12,2,10,24,0,31,12,10,53,0,0,0,53
03/15/2018,MGW,WV,AEA,CE,Federal Contract Tower,0,20,11,0,31,0,49,17,0,66,0,69,28,0,97,0,0,0,97
03/16/2018,MGW,WV,AEA,CE,Federal Contract Tower,0,19,10,0,29,0,58,32,2,92,0,77,42,2,121,32,0,32,153
03/17/2018,MGW,WV,AEA,CE,Federal Contract Tower,0,11,1,0,12,0,24,5,0,29,0,35,6,0,41,0,0,0,41
03/18/2018,MGW,WV,AEA,CE,Federal Contract Tower,0,11,32,6,49,0,73,48,2,123,0,84,80,8,172,138,0,138,310
03/19/2018,MGW,WV,AEA,CE,Federal Contract Tower,0,17,11,0,28,0,53,36,10,99,0,70,47,10,127,82,0,82,209
03/20/2018,MGW,WV,AEA,CE,Federal Contract Tower,0,3,8,0,11,0,0,0,0,0,0,3,8,0,11,0,0,0,11
03/21/2018,MGW,WV,AEA,CE,Federal Contract Tower,0,9,2,0,11,0,6,0,0,6,0,15,2,0,17,0,0,0,17
03/22/2018,MGW,WV,AEA,CE,Federal Contract Tower,0,12,10,2,24,0,60,28,4,92,0,72,38,6,116,78,0,78,194
03/23/2018,MGW,WV,AEA,CE,Federal Contract Tower,0,22,18,2,42,0,38,29,0,67,0,60,47,2,109,90,0,90,199
03/24/2018,MGW,WV,AEA,CE,Federal Contract Tower,0,12,11,1,24,0,39,35,5,79,0,51,46,6,103,44,0,44,147
03/25/2018,MGW,WV,AEA,CE,Federal Contract Tower,0,9,5,0,14,0,64,24,0,88,0,73,29,0,102,54,0,54,156
03/26/2018,MGW,WV,AEA,CE,Federal Contract Tower,0,13,11,0,24,0,67,23,4,94,0,80,34,4,118,18,0,18,136
03/27/2018,MGW,WV,AEA,CE,Federal Contract Tower,0,18,9,4,31,0,6,2,0,8,0,24,11,4,39,0,4,4,43
03/28/2018,MGW,WV,AEA,CE,Federal Contract Tower,0,33,7,0,40,0,0,0,0,0,0,33,7,0,40,0,0,0,40
03/29/2018,MGW,WV,AEA,CE,Federal Contract Tower,0,14,14,4,32,0,18,8,0,26,0,32,22,4,58,32,4,36,94
03/30/2018,MGW,WV,AEA,CE,Federal Contract Tower,0,10,6,0,16,0,6,0,0,6,0,16,6,0,22,0,0,0,22
03/31/2018,MGW,WV,AEA,CE,Federal Contract Tower,0,10,6,0,16,0,51,19,0,70,0,61,25,0,86,20,0,20,106
04/01/2018,MGW,WV,AEA,CE,Federal Contract Tower,0,12,6,0,18,0,22,5,0,27,0,34,11,0,45,26,0,26,71
04/02/2018,MGW,WV,AEA,CE,Federal Contract Tower,0,10,17,6,33,0,14,7,2,23,0,24,24,8,56,18,0,18,74
04/03/2018,MGW,WV,AEA,CE,Federal Contract Tower,0,16,5,0,21,0,4,3,0,7,0,20,8,0,28,8,0,8,36
04/04/2018,MGW,WV,AEA,CE,Federal Contract Tower,0,10,2,2,14,0,4,1,32,37,0,14,3,34,51,0,14,14,65
04/05/2018,MGW,WV,AEA,CE,Federal Contract Tower,0,18,14,0,32,0,102,24,12,138,0,120,38,12,170,52,26,78,248
04/06/2018,MGW,WV,AEA,CE,Federal Contract Tower,0,17,6,2,25,0,48,7,4,59,0,65,13,6,84,0,0,0,84
04/07/2018,MGW,WV,AEA,CE,Federal Contract Tower,0,9,5,0,14,0,36,12,0,48,0,45,17,0,62,0,0,0,62
04/08/2018,MGW,WV,AEA,CE,Federal Contract Tower,0,11,20,2,33,0,66,25,8,99,0,77,45,10,132,66,8,74,206
04/09/2018,MGW,WV,AEA,CE,Federal Contract Tower,0,9,6,2,17,0,0,6,0,6,0,9,12,2,23,44,0,44,67
04/10/2018,MGW,WV,AEA,CE,Federal Contract Tower,0,15,5,0,20,0,42,20,8,70,0,57,25,8,90,66,0,66,156
04/11/2018,MGW,WV,AEA,CE,Federal Contract Tower,0,15,12,6,33,0,66,23,0,89,0,81,35,6,122,48,0,48,170
04/12/2018,MGW,WV,AEA,CE,Federal Contract Tower,0,24,4,1,29,0,51,4,9,64,0,75,8,10,93,8,0,8,101
04/13/2018,MGW,WV,AEA,CE,Federal Contract Tower,0,18,9,0,27,0,46,26,4,76,0,64,35,4,103,10,0,10,113
04/14/2018,MGW,WV,AEA,CE,Federal Contract Tower,0,15,14,0,29,0,63,20,1,84,0,78,34,1,113,42,0,42,155
04/15/2018,MGW,WV,AEA,CE,Federal Contract Tower,0,10,4,0,14,0,8,4,0,12,0,18,8,0,26,6,0,6,32
04/16/2018,MGW,WV,AEA,CE,Federal Contract Tower,0,6,7,4,17,0,0,2,6,8,0,6,9,10,25,6,0,6,31
04/17/2018,MGW,WV,AEA,CE,Federal Contract Tower,0,10,6,6,22,0,8,2,0,10,0,18,8,6,32,10,0,10,42
04/18/2018,MGW,WV,AEA,CE,Federal Contract Tower,0,18,21,2,41,0,45,41,6,92,0,63,62,8,133,74,0,74,207
04/19/2018,MGW,WV,AEA,CE,Federal Contract Tower,0,14,5,3,22,0,6,2,0,8,0,20,7,3,30,18,0,18,48
04/20/2018,MGW,WV,AEA,CE,Federal Contract Tower,0,13,17,5,35,0,87,38,2,127,0,100,55,7,162,52,6,58,220
04/21/2018,MGW,WV,AEA,CE,Federal Contract Tower,0,8,4,0,12,0,61,31,5,97,0,69,35,5,109,34,0,34,143
04/22/2018,MGW,WV,AEA,CE,Federal Contract Tower,0,12,17,2,31,0,59,42,4,105,0,71,59,6,136,68,0,68,204
04/23/2018,MGW,WV,AEA,CE,Federal Contract Tower,0,18,18,1,37,0,56,28,0,84,0,74,46,1,121,38,0,38,159
04/24/2018,MGW,WV,AEA,CE,Federal Contract Tower,0,15,3,4,22,0,24,10,4,38,0,39,13,8,60,4,4,8,68
04/25/2018,MGW,WV,AEA,CE,Federal Contract Tower,0,15,13,7,35,0,22,10,2,34,0,37,23,9,69,44,0,44,113
04/26/2018,MGW,WV,AEA,CE,Federal Contract Tower,0,16,20,4,40,0,44,29,4,77,0,60,49,8,117,62,0,62,179
04/27/2018,MGW,WV,AEA,CE,Federal Contract Tower,0,13,10,0,23,0,63,30,0,93,0,76,40,0,116,36,0,36,152
04/28/2018,MGW,WV,AEA,CE,Federal Contract Tower,0,8,7,0,15,0,60,24,1,85,0,68,31,1,100,0,0,0,100
04/29/2018,MGW,WV,AEA,CE,Federal Contract Tower,0,13,18,0,31,0,85,38,13,136,0,98,56,13,167,92,18,110,277
04/30/2018,MGW,WV,AEA,CE,Federal Contract Tower,0,14,15,3,32,0,59,28,5,92,0,73,43,8,124,40,0,40,164
05/01/2018,MGW,WV,AEA,CE,Federal Contract Tower,0,14,16,2,32,0,72,44,6,122,0,86,60,8,154,62,0,62,216
05/02/2018,MGW,WV,AEA,CE,Federal Contract Tower,0,15,18,4,37,0,68,34,20,122,0,83,52,24,159,72,0,72,231
05/03/2018,MGW,WV,AEA,CE,Federal Contract Tower,0,22,7,0,29,0,69,26,8,103,0,91,33,8,132,78,0,78,210
05/04/2018,MGW,WV,AEA,CE,Federal Contract Tower,0,20,13,6,39,0,41,21,20,82,0,61,34,26,121,22,16,38,159
05/05/2018,MGW,WV,AEA,CE,Federal Contract Tower,0,9,3,0,12,0,33,14,12,59,0,42,17,12,71,14,0,14,85
05/06/2018,MGW,WV,AEA,CE,Federal Contract Tower,0,10,10,2,22,0,22,2,0,24,0,32,12,2,46,0,0,0,46
05/07/2018,MGW,WV,AEA,CE,Federal Contract Tower,0,15,4,0,19,0,70,17,24,111,0,85,21,24,130,54,0,54,184
05/08/2018,MGW,WV,AEA,CE,Federal Contract Tower,0,11,7,0,18,0,80,40,8,128,0,91,47,8,146,126,0,126,272
05/09/2018,MGW,WV,AEA,CE,Federal Contract Tower,0,18,13,2,33,0,36,28,2,66,0,54,41,4,99,68,0,68,167
05/10/2018,MGW,WV,AEA,CE,Federal Contract Tower,0,12,18,2,32,0,58,24,4,86,0,70,42,6,118,76,0,76,194
05/11/2018,MGW,WV,AEA,CE,Federal Contract Tower,0,19,4,2,25,0,68,31,12,111,0,87,35,14,136,108,0,108,244
05/12/2018,MGW,WV,AEA,CE,Federal Contract Tower,0,10,10,0,20,0,49,20,2,71,0,59,30,2,91,28,0,28,119
05/13/2018,MGW,WV,AEA,CE,Federal Contract Tower,0,10,9,0,19,0,27,6,0,33,0,37,15,0,52,10,0,10,62
05/14/2018,MGW,WV,AEA,CE,Federal Contract Tower,0,16,8,0,24,0,35,9,0,44,0,51,17,0,68,8,0,8,76
05/15/2018,MGW,WV,AEA,CE,Federal Contract Tower,0,12,8,0,20,0,34,22,12,68,0,46,30,12,88,70,12,82,170
05/16/2018,MGW,WV,AEA,CE,Federal Contract Tower,0,13,15,0,28,0,32,7,0,39,0,45,22,0,67,38,0,38,105
05/17/2018,MGW,WV,AEA,CE,Federal Contract Tower,0,19,17,0,36,0,70,38,2,110,0,89,55,2,146,98,0,98,244
05/18/2018,MGW,WV,AEA,CE,Federal Contract Tower,0,14,18,0,32,0,72,12,0,84,0,86,30,0,116,20,0,20,136
05/19/2018,MGW,WV,AEA,CE,Federal Contract Tower,0,14,8,0,22,0,55,13,4,72,0,69,21,4,94,6,0,6,100
05/20/2018,MGW,WV,AEA,CE,Federal Contract Tower,0,15,12,0,27,0,52,32,6,90,0,67,44,6,117,32,8,40,157
05/21/2018,MGW,WV,AEA,CE,Federal Contract Tower,0,13,15,4,32,0,24,13,4,41,0,37,28,8,73,34,6,40,113
05/22/2018,MGW,WV,AEA,CE,Federal Contract Tower,0,15,10,0,25,0,20,6,0,26,0,35,16,0,51,0,0,0,51
05/23/2018,MGW,WV,AEA,CE,Federal Contract Tower,0,16,15,5,36,0,49,12,12,73,0,65,27,17,109,0,0,0,109
05/24/2018,MGW,WV,AEA,CE,Federal Contract Tower,0,22,14,0,36,0,56,49,3,108,0,78,63,3,144,50,0,50,194
05/25/2018,MGW,WV,AEA,CE,Federal Contract Tower,0,12,15,0,27,0,53,46,5,104,0,65,61,5,131,16,0,16,147
05/26/2018,MGW,WV,AEA,CE,Federal Contract Tower,0,12,7,0,19,0,50,19,0,69,0,62,26,0,88,6,0,6,94
05/27/2018,MGW,WV,AEA,CE,Federal Contract Tower,0,6,0,0,6,0,69,10,0,79,0,75,10,0,85,2,0,2,87
05/28/2018,MGW,WV,AEA,CE,Federal Contract Tower,0,16,7,0,23,0,71,24,0,95,0,87,31,0,118,44,0,44,162
05/29/2018,MGW,WV,AEA,CE,Federal Contract Tower,0,20,21,1,42,0,75,31,4,110,0,95,52,5,152,22,6,28,180
05/30/2018,MGW,WV,AEA,CE,Federal Contract Tower,0,16,23,0,39,0,56,37,0,93,0,72,60,0,132,114,0,114,246
05/31/2018,MGW,WV,AEA,CE,Federal Contract Tower,0,12,4,3,19,0,57,20,2,79,0,69,24,5,98,42,0,42,140
06/01/2018,MGW,WV,AEA,CE,Federal Contract Tower,0,17,13,2,32,0,15,14,2,31,0,32,27,4,63,84,0,84,147
06/02/2018,MGW,WV,AEA,CE,Federal Contract Tower,0,7,9,2,18,0,13,4,0,17,0,20,13,2,35,0,0,0,35
06/03/2018,MGW,WV,AEA,CE,Federal Contract Tower,0,13,13,4,30,0,44,16,2,62,0,57,29,6,92,38,16,54,146
06/04/2018,MGW,WV,AEA,CE,Federal Contract Tower,0,18,25,0,43,0,61,58,4,123,0,79,83,4,166,88,0,88,254
06/05/2018,MGW,WV,AEA,CE,Federal Contract Tower,0,17,10,0,27,0,58,13,2,73,0,75,23,2,100,12,0,12,112
06/06/2018,MGW,WV,AEA,CE,Federal Contract Tower,0,21,24,2,47,0,52,24,17,93,0,73,48,19,140,50,4,54,194
06/07/2018,MGW,WV,AEA,CE,Federal Contract Tower,0,18,20,0,38,0,81,44,26,151,0,99,64,26,189,90,22,112,301
06/08/2018,MGW,WV,AEA,CE,Federal Contract Tower,0,14,10,2,26,0,81,21,6,108,0,95,31,8,134,44,6,50,184
06/09/2018,MGW,WV,AEA,CE,Federal Contract Tower,0,9,9,0,18,0,58,20,0,78,0,67,29,0,96,20,0,20,116
06/10/2018,MGW,WV,AEA,CE,Federal Contract Tower,0,7,10,0,17,0,96,8,10,114,0,103,18,10,131,20,0,20,151
06/11/2018,MGW,WV,AEA,CE,Federal Contract Tower,0,25,11,6,42,0,22,19,8,49,0,47,30,14,91,70,0,70,161
06/12/2018,MGW,WV,AEA,CE,Federal Contract Tower,0,27,5,2,34,0,80,41,4,125,0,107,46,6,159,78,4,82,241
06/13/2018,MGW,WV,AEA,CE,Federal Contract Tower,0,17,17,5,39,0,38,17,17,72,0,55,34,22,111,52,18,70,181
06/14/2018,MGW,WV,AEA,CE,Federal Contract Tower,0,21,16,2,39,0,69,48,14,131,0,90,64,16,170,70,4,74,244
06/15/2018,MGW,WV,AEA,CE,Federal Contract Tower,0,20,12,0,32,0,85,21,2,108,0,105,33,2,140,54,0,54,194
06/16/2018,MGW,WV,AEA,CE,Federal Contract Tower,0,10,5,0,15,0,80,28,4,112,0,90,33,4,127,10,4,14,141
06/17/2018,MGW,WV,AEA,CE,Federal Contract Tower,0,11,13,0,24,0,58,29,2,89,0,69,42,2,113,34,0,34,147
06/18/2018,MGW,WV,AEA,CE,Federal Contract Tower,0,17,13,0,30,0,48,18,2,68,0,65,31,2,98,62,4,66,164
06/19/2018,MGW,WV,AEA,CE,Federal Contract Tower,0,16,4,0,20,0,72,19,16,107,0,88,23,16,127,22,0,22,149
06/20/2018,MGW,WV,AEA,CE,Federal Contract Tower,0,21,16,0,37,0,16,8,2,26,0,37,24,2,63,32,0,32,95
06/21/2018,MGW,WV,AEA,CE,Federal Contract Tower,0,19,16,4,39,0,24,16,2,42,0,43,32,6,81,82,2,84,165
06/22/2018,MGW,WV,AEA,CE,Federal Contract Tower,0,27,10,4,41,0,22,18,5,45,0,49,28,9,86,12,0,12,98
06/23/2018,MGW,WV,AEA,CE,Federal Contract Tower,0,12,10,0,22,0,73,40,0,113,0,85,50,0,135,154,0,154,289
06/24/2018,MGW,WV,AEA,CE,Federal Contract Tower,0,8,12,2,22,0,94,25,6,125,0,102,37,8,147,38,0,38,185
06/25/2018,MGW,WV,AEA,CE,Federal Contract Tower,0,20,14,2,36,0,67,38,4,109,0,87,52,6,145,84,0,84,229
06/26/2018,MGW,WV,AEA,CE,Federal Contract Tower,0,18,11,6,35,0,46,41,4,91,0,64,52,10,126,88,4,92,218
06/27/2018,MGW,WV,AEA,CE,Federal Contract Tower,0,12,19,4,35,0,30,21,2,53,0,42,40,6,88,74,4,78,166
06/28/2018,MGW,WV,AEA,CE,Federal Contract Tower,0,24,27,1,52,0,71,44,5,120,0,95,71,6,172,110,0,110,282
06/29/2018,MGW,WV,AEA,CE,Federal Contract Tower,0,16,8,0,24,0,91,30,10,131,0,107,38,10,155,36,0,36,191
06/30/2018,MGW,WV,AEA,CE,Federal Contract Tower,0,10,9,0,19,0,62,31,4,97,0,72,40,4,116,88,0,88,204
07/01/2018,MGW,WV,AEA,CE,Federal Contract Tower,0,12,4,0,16,0,75,30,4,109,0,87,34,4,125,54,0,54,179
07/02/2018,MGW,WV,AEA,CE,Federal Contract Tower,0,12,13,1,26,0,52,36,8,96,0,64,49,9,122,44,0,44,166
07/03/2018,MGW,WV,AEA,CE,Federal Contract Tower,0,22,3,0,25,0,46,35,0,81,0,68,38,0,106,62,0,62,168
07/04/2018,MGW,WV,AEA,CE,Federal Contract Tower,0,12,5,0,17,0,72,22,0,94,0,84,27,0,111,50,0,50,161
07/05/2018,MGW,WV,AEA,CE,Federal Contract Tower,0,16,6,1,23,0,27,28,2,57,0,43,34,3,80,86,0,86,166
07/06/2018,MGW,WV,AEA,CE,Federal Contract Tower,0,20,12,0,32,0,37,19,2,58,0,57,31,2,90,48,0,48,138
07/07/2018,MGW,WV,AEA,CE,Federal Contract Tower,0,14,8,0,22,0,60,39,0,99,0,74,47,0,121,32,0,32,153
07/08/2018,MGW,WV,AEA,CE,Federal Contract Tower,0,11,6,0,17,0,44,28,0,72,0,55,34,0,89,92,0,92,181
07/09/2018,MGW,WV,AEA,CE,Federal Contract Tower,0,14,5,0,19,0,49,35,2,86,0,63,40,2,105,40,0,40,145
07/10/2018,MGW,WV,AEA,CE,Federal Contract Tower,0,14,13,0,27,0,43,28,10,81,0,57,41,10,108,72,0,72,180
07/11/2018,MGW,WV,AEA,CE,Federal Contract Tower,0,21,17,0,38,0,65,50,9,124,0,86,67,9,162,140,0,140,302
07/12/2018,MGW,WV,AEA,CE,Federal Contract Tower,0,15,14,3,32,0,81,57,4,142,0,96,71,7,174,114,0,114,288
07/13/2018,MGW,WV,AEA,CE,Federal Contract Tower,0,14,16,2,32,0,66,23,1,90,0,80,39,3,122,38,0,38,160
07/14/2018,MGW,WV,AEA,CE,Federal Contract Tower,0,20,7,0,27,0,64,31,6,101,0,84,38,6,128,58,0,58,186
07/15/2018,MGW,WV,AEA,CE,Federal Contract Tower,0,11,14,0,25,0,28,19,0,47,0,39,33,0,72,34,0,34,106
07/16/2018,MGW,WV,AEA,CE,Federal Contract Tower,0,13,9,0,22,0,28,49,0,77,0,41,58,0,99,120,0,120,219
07/17/2018,MGW,WV,AEA,CE,Federal Contract Tower,0,24,16,1,41,0,32,17,4,53,0,56,33,5,94,62,0,62,156
07/18/2018,MGW,WV,AEA,CE,Federal Contract Tower,0,21,16,0,37,0,48,57,3,108,0,69,73,3,145,110,0,110,255
07/19/2018,MGW,WV,AEA,CE,Federal Contract Tower,0,26,15,0,41,0,34,39,10,83,0,60,54,10,124,76,0,76,200
07/20/2018,MGW,WV,AEA,CE,Federal Contract Tower,0,16,12,3,31,0,55,24,3,82,0,71,36,6,113,34,0,34,147
07/21/2018,MGW,WV,AEA,CE,Federal Contract Tower,0,8,6,0,14,0,35,14,2,51,0,43,20,2,65,14,0,14,79
07/22/2018,MGW,WV,AEA,CE,Federal Contract Tower,0,14,10,0,24,0,39,22,0,61,0,53,32,0,85,48,0,48,133
07/23/2018,MGW,WV,AEA,CE,Federal Contract Tower,0,12,11,0,23,0,23,31,2,56,0,35,42,2,79,66,22,88,167
07/24/2018,MGW,WV,AEA,CE,Federal Contract Tower,0,13,16,0,29,0,24,29,8,61,0,37,45,8,90,74,0,74,164
07/25/2018,MGW,WV,AEA,CE,Federal Contract Tower,0,18,12,4,34,0,8,4,0,12,0,26,16,4,46,0,2,2,48
07/26/2018,MGW,WV,AEA,CE,Federal Contract Tower,0,14,7,7,28,0,36,31,6,73,0,50,38,13,101,62,20,82,183
07/27/2018,MGW,WV,AEA,CE,Federal Contract Tower,0,12,9,0,21,0,56,18,0,74,0,68,27,0,95,78,0,78,173
07/28/2018,MGW,WV,AEA,CE,Federal Contract Tower,0,9,9,0,18,0,76,44,3,123,0,85,53,3,141,34,6,40,181
07/29/2018,MGW,WV,AEA,CE,Federal Contract Tower,0,8,12,0,20,0,62,46,7,115,0,70,58,7,135,66,10,76,211
07/30/2018,MGW,WV,AEA,CE,Federal Contract Tower,0,13,6,2,21,0,65,26,2,93,0,78,32,4,114,76,8,84,198
07/31/2018,MGW,WV,AEA,CE,Federal Contract Tower,0,14,9,2,25,0,32,28,0,60,0,46,37,2,85,58,0,58,143
08/01/2018,MGW,WV,AEA,CE,Federal Contract Tower,0,11,13,2,26,0,28,9,0,37,0,39,22,2,63,28,0,28,91
08/02/2018,MGW,WV,AEA,CE,Federal Contract Tower,0,26,9,9,44,0,34,22,9,65,0,60,31,18,109,80,30,110,219
08/03/2018,MGW,WV,AEA,CE,Federal Contract Tower,0,14,11,4,29,0,27,11,10,48,0,41,22,14,77,14,14,28,105
08/04/2018,MGW,WV,AEA,CE,Federal Contract Tower,0,13,8,1,22,0,51,26,3,80,0,64,34,4,102,28,0,28,130
08/05/2018,MGW,WV,AEA,CE,Federal Contract Tower,0,11,38,1,50,0,82,36,6,124,0,93,74,7,174,108,0,108,282
08/06/2018,MGW,WV,AEA,CE,Federal Contract Tower,0,19,18,2,39,0,65,44,4,113,0,84,62,6,152,72,0,72,224
08/07/2018,MGW,WV,AEA,CE,Federal Contract Tower,0,14,8,2,24,0,42,22,0,64,0,56,30,2,88,20,0,20,108
08/08/2018,MGW,WV,AEA,CE,Federal Contract Tower,0,16,10,2,28,0,26,3,0,29,0,42,13,2,57,0,0,0,57
08/09/2018,MGW,WV,AEA,CE,Federal Contract Tower,0,14,12,0,26,0,69,20,6,95,0,83,32,6,121,36,0,36,157
08/10/2018,MGW,WV,AEA,CE,Federal Contract Tower,0,16,8,1,25,0,61,26,1,88,0,77,34,2,113,76,0,76,189
08/11/2018,MGW,WV,AEA,CE,Federal Contract Tower,0,8,11,2,21,0,36,18,1,55,0,44,29,3,76,10,0,10,86
08/12/2018,MGW,WV,AEA,CE,Federal Contract Tower,0,12,9,0,21,0,70,28,0,98,0,82,37,0,119,40,0,40,159
08/13/2018,MGW,WV,AEA,CE,Federal Contract Tower,0,11,7,0,18,0,38,20,2,60,0,49,27,2,78,66,0,66,144
08/14/2018,MGW,WV,AEA,CE,Federal Contract Tower,0,13,13,2,28,0,56,10,4,70,0,69,23,6,98,24,20,44,142
08/15/2018,MGW,WV,AEA,CE,Federal Contract Tower,0,14,12,0,26,0,46,43,3,92,0,60,55,3,118,114,0,114,232
08/16/2018,MGW,WV,AEA,CE,Federal Contract Tower,0,25,11,2,38,0,52,32,0,84,0,77,43,2,122,38,0,38,160
08/17/2018,MGW,WV,AEA,CE,Federal Contract Tower,0,21,10,0,31,0,26,9,2,37,0,47,19,2,68,16,0,16,84
08/18/2018,MGW,WV,AEA,CE,Federal Contract Tower,0,11,7,2,20,0,23,8,1,32,0,34,15,3,52,38,0,38,90
08/19/2018,MGW,WV,AEA,CE,Federal Contract Tower,0,15,10,0,25,0,54,30,2,86,0,69,40,2,111,66,20,86,197
08/20/2018,MGW,WV,AEA,CE,Federal Contract Tower,0,12,9,1,22,0,54,62,8,124,0,66,71,9,146,156,2,158,304
08/21/2018,MGW,WV,AEA,CE,Federal Contract Tower,0,13,4,0,17,0,24,23,1,48,0,37,27,1,65,0,0,0,65
08/22/2018,MGW,WV,AEA,CE,Federal Contract Tower,0,22,6,0,28,0,45,33,14,92,0,67,39,14,120,96,16,112,232
08/23/2018,MGW,WV,AEA,CE,Federal Contract Tower,0,13,14,2,29,0,60,55,6,121,0,73,69,8,150,114,16,130,280
08/24/2018,MGW,WV,AEA,CE,Federal Contract Tower,0,17,6,0,23,0,50,53,3,106,0,67,59,3,129,62,0,62,191
08/25/2018,MGW,WV,AEA,CE,Federal Contract Tower,0,12,7,2,21,0,95,38,6,139,0,107,45,8,160,54,18,72,232
08/26/2018,MGW,WV,AEA,CE,Federal Contract Tower,0,9,13,2,24,0,70,13,2,85,0,79,26,4,109,0,8,8,117
08/27/2018,MGW,WV,AEA,CE,Federal Contract Tower,0,11,5,0,16,0,60,32,4,96,0,71,37,4,112,60,8,68,180
08/28/2018,MGW,WV,AEA,CE,Federal Contract Tower,0,16,17,0,33,0,42,49,18,109,0,58,66,18,142,90,4,94,236
08/29/2018,MGW,WV,AEA,CE,Federal Contract Tower,0,14,16,0,30,0,58,34,4,96,0,72,50,4,126,108,0,108,234
08/30/2018,MGW,WV,AEA,CE,Federal Contract Tower,0,22,11,4,37,0,34,37,2,73,0,56,48,6,110,70,0,70,180
08/31/2018,MGW,WV,AEA,CE,Federal Contract Tower,0,21,6,0,27,0,28,23,0,51,0,49,29,0,78,0,0,0,78
09/01/2018,MGW,WV,AEA,CE,Federal Contract Tower,0,19,8,0,27,0,32,28,6,66,0,51,36,6,93,18,14,32,125
09/02/2018,MGW,WV,AEA,CE,Federal Contract Tower,0,12,14,0,26,0,97,29,2,128,0,109,43,2,154,62,0,62,216
09/03/2018,MGW,WV,AEA,CE,Federal Contract Tower,0,14,10,0,24,0,53,32,1,86,0,67,42,1,110,56,0,56,166
09/04/2018,MGW,WV,AEA,CE,Federal Contract Tower,0,15,13,0,28,0,38,44,0,82,0,53,57,0,110,106,0,106,216
09/05/2018,MGW,WV,AEA,CE,Federal Contract Tower,0,19,15,2,36,0,64,54,4,122,0,83,69,6,158,120,10,130,288
09/06/2018,MGW,WV,AEA,CE,Federal Contract Tower,0,12,10,2,24,0,65,29,16,110,0,77,39,18,134,80,0,80,214
09/07/2018,MGW,WV,AEA,CE,Federal Contract Tower,0,19,10,5,34,0,34,14,1,49,0,53,24,6,83,22,0,22,105
09/08/2018,MGW,WV,AEA,CE,Federal Contract Tower,0,12,9,0,21,0,24,23,0,47,0,36,32,0,68,104,0,104,172
09/09/2018,MGW,WV,AEA,CE,Federal Contract Tower,0,10,8,0,18,0,0,3,0,3,0,10,11,0,21,6,0,6,27
09/10/2018,MGW,WV,AEA,CE,Federal Contract Tower,0,10,2,0,12,0,15,3,1,19,0,25,5,1,31,0,0,0,31
09/11/2018,MGW,WV,AEA,CE,Federal Contract Tower,0,14,20,0,34,0,64,24,4,92,0,78,44,4,126,110,22,132,258
09/12/2018,MGW,WV,AEA,CE,Federal Contract Tower,0,19,13,4,36,0,20,15,2,37,0,39,28,6,73,58,14,72,145
09/13/2018,MGW,WV,AEA,CE,Federal Contract Tower,0,23,15,0,38,0,34,42,1,77,0,57,57,1,115,108,0,108,223
09/14/2018,MGW,WV,AEA,CE,Federal Contract Tower,0,22,10,0,32,0,57,41,5,103,0,79,51,5,135,114,0,114,249
09/15/2018,MGW,WV,AEA,CE,Federal Contract Tower,0,13,3,0,16,0,51,69,3,123,0,64,72,3,139,144,0,144,283
09/16/2018,MGW,WV,AEA,CE,Federal Contract Tower,0,15,19,0,34,0,95,28,8,131,0,110,47,8,165,70,26,96,261
09/17/2018,MGW,WV,AEA,CE,Federal Contract Tower,0,13,6,0,19,0,12,9,0,21,0,25,15,0,40,0,0,0,40
09/18/2018,MGW,WV,AEA,CE,Federal Contract Tower,0,13,20,0,33,0,76,37,4,117,0,89,57,4,150,126,10,136,286
09/19/2018,MGW,WV,AEA,CE,Federal Contract Tower,0,19,21,0,40,0,78,40,10,128,0,97,61,10,168,92,0,92,260
09/20/2018,MGW,WV,AEA,CE,Federal Contract Tower,0,25,11,3,39,0,63,62,11,136,0,88,73,14,175,62,6,68,243
09/21/2018,MGW,WV,AEA,CE,Federal Contract Tower,0,13,22,0,35,0,59,53,9,121,0,72,75,9,156,58,0,58,214
09/22/2018,MGW,WV,AEA,CE,Federal Contract Tower,0,20,18,0,38,0,63,40,5,108,0,83,58,5,146,162,0,162,308
09/23/2018,MGW,WV,AEA,CE,Federal Contract Tower,0,14,13,0,27,0,31,26,0,57,0,45,39,0,84,60,0,60,144
09/24/2018,MGW,WV,AEA,CE,Federal Contract Tower,0,16,5,0,21,0,37,6,0,43,0,53,11,0,64,0,0,0,64
09/25/2018,MGW,WV,AEA,CE,Federal Contract Tower,0,20,14,0,34,0,24,2,0,26,0,44,16,0,60,0,0,0,60
09/26/2018,MGW,WV,AEA,CE,Federal Contract Tower,0,20,9,0,29,0,22,7,2,31,0,42,16,2,60,60,12,72,132
09/27/2018,MGW,WV,AEA,CE,Federal Contract Tower,0,23,10,4,37,0,14,16,0,30,0,37,26,4,67,48,0,48,115
09/28/2018,MGW,WV,AEA,CE,Federal Contract Tower,0,17,15,5,37,0,40,47,4,91,0,57,62,9,128,42,0,42,170
09/29/2018,MGW,WV,AEA,CE,Federal Contract Tower,0,11,7,0,18,0,90,39,13,142,0,101,46,13,160,46,4,50,210
09/30/2018,MGW,WV,AEA,CE,Federal Contract Tower,0,13,20,0,33,0,71,49,6,126,0,84,69,6,159,128,12,140,299
10/01/2018,MGW,WV,AEA,CE,Federal Contract Tower,0,16,10,0,26,0,69,41,9,119,0,85,51,9,145,142,4,146,291
10/02/2018,MGW,WV,AEA,CE,Federal Contract Tower,0,17,14,0,31,0,48,21,4,73,0,65,35,4,104,60,0,60,164
10/03/2018,MGW,WV,AEA,CE,Federal Contract Tower,0,22,19,2,43,0,38,24,4,66,0,60,43,6,109,82,10,92,201
10/04/2018,MGW,WV,AEA,CE,Federal Contract Tower,0,21,15,5,41,0,49,41,4,94,0,70,56,9,135,126,8,134,269
10/05/2018,MGW,WV,AEA,CE,Federal Contract Tower,0,23,13,5,41,0,32,17,8,57,0,55,30,13,98,80,0,80,178
10/06/2018,MGW,WV,AEA,CE,Federal Contract Tower,0,10,21,0,31,0,89,36,3,128,0,99,57,3,159,142,0,142,301
10/07/2018,MGW,WV,AEA,CE,Federal Contract Tower,0,18,17,2,37,0,91,57,9,157,0,109,74,11,194,108,10,118,312
10/08/2018,MGW,WV,AEA,CE,Federal Contract Tower,0,12,8,0,20,0,46,33,6,85,0,58,41,6,105,62,0,62,167
10/09/2018,MGW,WV,AEA,CE,Federal Contract Tower,0,17,8,0,25,0,47,41,4,92,0,64,49,4,117,102,0,102,219
10/10/2018,MGW,WV,AEA,CE,Federal Contract Tower,0,20,9,6,35,0,28,26,6,60,0,48,35,12,95,40,0,40,135
10/11/2018,MGW,WV,AEA,CE,Federal Contract Tower,0,22,17,0,39,0,20,11,1,32,0,42,28,1,71,30,0,30,101
10/12/2018,MGW,WV,AEA,CE,Federal Contract Tower,0,12,25,2,39,0,51,30,3,84,0,63,55,5,123,68,2,70,193
10/13/2018,MGW,WV,AEA,CE,Federal Contract Tower,0,10,5,0,15,0,43,7,0,50,0,53,12,0,65,44,0,44,109
10/14/2018,MGW,WV,AEA,CE,Federal Contract Tower,0,13,17,2,32,0,19,2,0,21,0,32,19,2,53,2,0,2,55
10/15/2018,MGW,WV,AEA,CE,Federal Contract Tower,0,13,11,4,28,0,4,2,2,8,0,17,13,6,36,0,0,0,36
10/16/2018,MGW,WV,AEA,CE,Federal Contract Tower,0,19,26,1,46,0,28,50,5,83,0,47,76,6,129,124,2,126,255
10/17/2018,MGW,WV,AEA,CE,Federal Contract Tower,0,15,10,0,25,0,42,25,1,68,0,57,35,1,93,62,0,62,155
10/18/2018,MGW,WV,AEA,CE,Federal Contract Tower,0,25,20,0,45,0,47,37,1,85,0,72,57,1,130,118,0,118,248
10/19/2018,MGW,WV,AEA,CE,Federal Contract Tower,0,19,19,0,38,0,62,41,4,107,0,81,60,4,145,84,0,84,229
10/20/2018,MGW,WV,AEA,CE,Federal Contract Tower,0,15,4,0,19,0,19,5,0,24,0,34,9,0,43,0,0,0,43
10/21/2018,MGW,WV,AEA,CE,Federal Contract Tower,0,17,9,1,27,0,26,24,0,50,0,43,33,1,77,62,0,62,139
10/22/2018,MGW,WV,AEA,CE,Federal Contract Tower,0,15,13,0,28,0,89,40,3,132,0,104,53,3,160,64,0,64,224
10/23/2018,MGW,WV,AEA,CE,Federal Contract Tower,0,19,14,0,33,0,48,31,0,79,0,67,45,0,112,38,0,38,150
10/24/2018,MGW,WV,AEA,CE,Federal Contract Tower,0,21,7,5,33,0,68,24,2,94,0,89,31,7,127,78,8,86,213
10/25/2018,MGW,WV,AEA,CE,Federal Contract Tower,0,24,32,0,56,0,98,63,6,167,0,122,95,6,223,176,0,176,399
10/26/2018,MGW,WV,AEA,CE,Federal Contract Tower,0,16,12,2,30,0,9,10,2,21,0,25,22,4,51,6,0,6,57
10/27/2018,MGW,WV,AEA,CE,Federal Contract Tower,0,8,1,1,10,0,0,0,0,0,0,8,1,1,10,0,0,0,10
10/28/2018,MGW,WV,AEA,CE,Federal Contract Tower,0,15,3,0,18,0,2,6,0,8,0,17,9,0,26,28,0,28,54
10/29/2018,MGW,WV,AEA,CE,Federal Contract Tower,0,8,9,2,19,0,36,7,0,43,0,44,16,2,62,14,0,14,76
10/30/2018,MGW,WV,AEA,CE,Federal Contract Tower,0,16,8,2,26,0,68,39,12,119,0,84,47,14,145,112,24,136,281
10/31/2018,MGW,WV,AEA,CE,Federal Contract Tower,0,15,8,7,30,0,40,23,9,72,0,55,31,16,102,56,6,62,164
11/01/2018,MGW,WV,AEA,CE,Federal Contract Tower,0,14,24,4,42,0,47,27,10,84,0,61,51,14,126,48,6,54,180
11/02/2018,MGW,WV,AEA,CE,Federal Contract Tower,0,16,17,4,37,0,23,19,2,44,0,39,36,6,81,24,0,24,105
11/03/2018,MGW,WV,AEA,CE,Federal Contract Tower,0,10,8,4,22,0,51,17,2,70,0,61,25,6,92,24,0,24,116
11/04/2018,MGW,WV,AEA,CE,Federal Contract Tower,0,11,16,2,29,0,66,30,2,98,0,77,46,4,127,78,8,86,213
11/05/2018,MGW,WV,AEA,CE,Federal Contract Tower,0,13,23,0,36,0,48,38,4,90,0,61,61,4,126,72,0,72,198
11/06/2018,MGW,WV,AEA,CE,Federal Contract Tower,0,12,7,3,22,0,12,2,5,19,0,24,9,8,41,0,0,0,41
11/07/2018,MGW,WV,AEA,CE,Federal Contract Tower,0,22,8,10,40,0,53,31,2,86,0,75,39,12,126,138,8,146,272
11/08/2018,MGW,WV,AEA,CE,Federal Contract Tower,0,19,23,0,42,0,38,33,0,71,0,57,56,0,113,92,0,92,205
11/09/2018,MGW,WV,AEA,CE,Federal Contract Tower,0,13,8,0,21,0,0,1,2,3,0,13,9,2,24,0,0,0,24
11/10/2018,MGW,WV,AEA,CE,Federal Contract Tower,0,15,16,0,31,0,28,14,8,50,0,43,30,8,81,68,40,108,189
11/11/2018,MGW,WV,AEA,CE,Federal Contract Tower,0,14,16,0,30,0,39,40,4,83,0,53,56,4,113,84,8,92,205
11/12/2018,MGW,WV,AEA,CE,Federal Contract Tower,0,11,18,0,29,0,24,20,0,44,0,35,38,0,73,72,0,72,145
11/13/2018,MGW,WV,AEA,CE,Federal Contract Tower,0,15,6,2,23,0,0,1,0,1,0,15,7,2,24,0,0,0,24
11/14/2018,MGW,WV,AEA,CE,Federal Contract Tower,0,15,21,0,36,0,50,44,2,96,0,65,65,2,132,68,0,68,200
11/15/2018,MGW,WV,AEA,CE,Federal Contract Tower,0,2,13,0,15,0,0,0,0,0,0,2,13,0,15,0,0,0,15
11/16/2018,MGW,WV,AEA,CE,Federal Contract Tower,0,23,6,0,29,0,0,0,0,0,0,23,6,0,29,18,0,18,47
11/17/2018,MGW,WV,AEA,CE,Federal Contract Tower,0,12,9,0,21,0,55,18,0,73,0,67,27,0,94,72,0,72,166
11/18/2018,MGW,WV,AEA,CE,Federal Contract Tower,0,18,14,2,34,0,57,27,3,87,0,75,41,5,121,90,0,90,211
11/19/2018,MGW,WV,AEA,CE,Federal Contract Tower,0,11,7,0,18,0,22,12,0,34,0,33,19,0,52,28,0,28,80
11/20/2018,MGW,WV,AEA,CE,Federal Contract Tower,0,14,14,0,28,0,22,9,2,33,0,36,23,2,61,28,0,28,89
11/21/2018,MGW,WV,AEA,CE,Federal Contract Tower,0,7,11,0,18,0,28,14,0,42,0,35,25,0,60,8,0,8,68
11/22/2018,MGW,WV,AEA,CE,Federal Contract Tower,0,19,4,0,23,0,30,5,0,35,0,49,9,0,58,0,0,0,58
11/23/2018,MGW,WV,AEA,CE,Federal Contract Tower,0,22,22,1,45,0,89,40,4,133,0,111,62,5,178,148,0,148,326
11/24/2018,MGW,WV,AEA,CE,Federal Contract Tower,0,11,15,0,26,0,11,3,0,14,0,22,18,0,40,22,0,22,62
11/25/2018,MGW,WV,AEA,CE,Federal Contract Tower,0,15,16,0,31,0,52,39,0,91,0,67,55,0,122,44,0,44,166
11/26/2018,MGW,WV,AEA,CE,Federal Contract Tower,0,11,4,2,17,0,14,2,4,20,0,25,6,6,37,0,0,0,37
11/27/2018,MGW,WV,AEA,CE,Federal Contract Tower,0,9,7,0,16,0,0,0,0,0,0,9,7,0,16,0,0,0,16
11/28/2018,MGW,WV,AEA,CE,Federal Contract Tower,0,11,1,0,12,0,0,4,0,4,0,11,5,0,16,0,0,0,16
11/29/2018,MGW,WV,AEA,CE,Federal Contract Tower,0,19,15,0,34,0,53,39,4,96,0,72,54,4,130,48,0,48,178
11/30/2018,MGW,WV,AEA,CE,Federal Contract Tower,0,19,6,2,27,0,0,1,0,1,0,19,7,2,28,0,0,0,28
12/01/2018,MGW,WV,AEA,CE,Federal Contract Tower,0,13,4,0,17,0,3,0,0,3,0,16,4,0,20,0,0,0,20
12/02/2018,MGW,WV,AEA,CE,Federal Contract Tower,0,12,14,2,28,0,51,27,6,84,0,63,41,8,112,68,10,78,190
12/03/2018,MGW,WV,AEA,CE,Federal Contract Tower,0,9,6,2,17,0,39,13,3,55,0,48,19,5,72,54,8,62,134
12/04/2018,MGW,WV,AEA,CE,Federal Contract Tower,0,17,3,0,20,0,46,17,6,69,0,63,20,6,89,14,0,14,103
12/05/2018,MGW,WV,AEA,CE,Federal Contract Tower,0,19,8,2,29,0,4,0,0,4,0,23,8,2,33,0,0,0,33
12/06/2018,MGW,WV,AEA,CE,Federal Contract Tower,0,18,16,0,34,0,22,28,0,50,0,40,44,0,84,86,0,86,170
12/07/2018,MGW,WV,AEA,CE,Federal Contract Tower,0,18,15,2,35,0,58,60,4,122,0,76,75,6,157,50,0,50,207
12/08/2018,MGW,WV,AEA,CE,Federal Contract Tower,0,10,13,0,23,0,25,33,1,59,0,35,46,1,82,46,0,46,128
12/09/2018,MGW,WV,AEA,CE,Federal Contract Tower,0,8,17,4,29,0,49,27,4,80,0,57,44,8,109,58,6,64,173
12/10/2018,MGW,WV,AEA,CE,Federal Contract Tower,0,13,8,2,23,0,0,0,0,0,0,13,8,2,23,0,0,0,23
12/11/2018,MGW,WV,AEA,CE,Federal Contract Tower,0,24,18,4,46,0,82,36,5,123,0,106,54,9,169,72,0,72,241
12/12/2018,MGW,WV,AEA,CE,Federal Contract Tower,0,15,19,0,34,0,58,47,4,109,0,73,66,4,143,76,0,76,219
12/13/2018,MGW,WV,AEA,CE,Federal Contract Tower,0,14,33,2,49,0,65,27,1,93,0,79,60,3,142,68,0,68,210
12/14/2018,MGW,WV,AEA,CE,Federal Contract Tower,0,16,11,0,27,0,9,15,5,29,0,25,26,5,56,2,0,2,58
12/15/2018,MGW,WV,AEA,CE,Federal Contract Tower,0,10,5,0,15,0,2,0,0,2,0,12,5,0,17,0,0,0,17
12/16/2018,MGW,WV,AEA,CE,Federal Contract Tower,0,15,4,0,19,0,0,0,0,0,0,15,4,0,19,0,0,0,19
12/17/2018,MGW,WV,AEA,CE,Federal Contract Tower,0,11,8,0,19,0,71,32,1,104,0,82,40,1,123,58,0,58,181
12/18/2018,MGW,WV,AEA,CE,Federal Contract Tower,0,20,21,1,42,0,74,42,10,126,0,94,63,11,168,88,4,92,260
12/19/2018,MGW,WV,AEA,CE,Federal Contract Tower,0,13,24,8,45,0,54,38,5,97,0,67,62,13,142,88,16,104,246
12/20/2018,MGW,WV,AEA,CE,Federal Contract Tower,0,15,13,0,28,0,40,17,2,59,0,55,30,2,87,68,0,68,155
12/21/2018,MGW,WV,AEA,CE,Federal Contract Tower,0,16,9,0,25,0,0,0,0,0,0,16,9,0,25,0,0,0,25
12/22/2018,MGW,WV,AEA,CE,Federal Contract Tower,0,11,6,0,17,0,0,0,0,0,0,11,6,0,17,0,0,0,17
12/23/2018,MGW,WV,AEA,CE,Federal Contract Tower,0,12,10,2,24,0,36,22,4,62,0,48,32,6,86,36,6,42,128
12/24/2018,MGW,WV,AEA,CE,Federal Contract Tower,0,11,3,0,14,0,32,3,2,37,0,43,6,2,51,0,6,6,57
12/25/2018,MGW,WV,AEA,CE,Federal Contract Tower,0,14,0,0,14,0,44,4,4,52,0,58,4,4,66,6,6,12,78
12/26/2018,MGW,WV,AEA,CE,Federal Contract Tower,0,12,13,0,25,0,65,25,0,90,0,77,38,0,115,46,0,46,161
12/27/2018,MGW,WV,AEA,CE,Federal Contract Tower,0,13,18,3,34,0,78,26,4,108,0,91,44,7,142,70,0,70,212
12/28/2018,MGW,WV,AEA,CE,Federal Contract Tower,0,19,5,0,24,0,41,3,0,44,0,60,8,0,68,8,0,8,76
12/29/2018,MGW,WV,AEA,CE,Federal Contract Tower,0,8,4,0,12,0,26,13,1,40,0,34,17,1,52,42,0,42,94
12/30/2018,MGW,WV,AEA,CE,Federal Contract Tower,0,12,21,0,33,0,92,46,2,140,0,104,67,2,173,104,0,104,277
12/31/2018,MGW,WV,AEA,CE,Federal Contract Tower,0,11,8,0,19,0,30,9,0,39,0,41,17,0,58,38,0,38,96
01/01/2019,MGW,WV,AEA,CE,Federal Contract Tower,0,12,6,0,18,0,24,4,0,28,0,36,10,0,46,10,0,10,56
01/02/2019,MGW,WV,AEA,CE,Federal Contract Tower,0,10,2,0,12,0,40,18,0,58,0,50,20,0,70,80,0,80,150
01/03/2019,MGW,WV,AEA,CE,Federal Contract Tower,0,17,12,0,29,0,44,23,6,73,0,61,35,6,102,62,6,68,170
01/04/2019,MGW,WV,AEA,CE,Federal Contract Tower,0,13,16,9,38,0,42,28,5,75,0,55,44,14,113,32,20,52,165
01/05/2019,MGW,WV,AEA,CE,Federal Contract Tower,0,8,7,0,15,0,39,21,0,60,0,47,28,0,75,32,0,32,107
01/06/2019,MGW,WV,AEA,CE,Federal Contract Tower,0,12,20,3,35,0,62,36,0,98,0,74,56,3,133,146,0,146,279
01/07/2019,MGW,WV,AEA,CE,Federal Contract Tower,0,13,7,0,20,0,52,29,4,85,0,65,36,4,105,48,0,48,153
01/08/2019,MGW,WV,AEA,CE,Federal Contract Tower,0,10,6,2,18,0,49,11,0,60,0,59,17,2,78,36,0,36,114
01/09/2019,MGW,WV,AEA,CE,Federal Contract Tower,0,15,8,0,23,0,6,2,2,10,0,21,10,2,33,0,0,0,33
01/10/2019,MGW,WV,AEA,CE,Federal Contract Tower,0,20,3,0,23,0,20,2,0,22,0,40,5,0,45,0,0,0,45
01/11/2019,MGW,WV,AEA,CE,Federal Contract Tower,0,13,6,0,19,0,70,13,2,85,0,83,19,2,104,30,0,30,134
01/12/2019,MGW,WV,AEA,CE,Federal Contract Tower,0,12,3,0,15,0,5,0,0,5,0,17,3,0,20,30,0,30,50
01/13/2019,MGW,WV,AEA,CE,Federal Contract Tower,0,6,5,2,13,0,10,0,0,10,0,16,5,2,23,0,0,0,23
01/14/2019,MGW,WV,AEA,CE,Federal Contract Tower,0,21,1,0,22,0,0,0,0,0,0,21,1,0,22,0,0,0,22
01/15/2019,MGW,WV,AEA,CE,Federal Contract Tower,0,20,15,2,37,0,16,19,0,35,0,36,34,2,72,28,0,28,100
01/16/2019,MGW,WV,AEA,CE,Federal Contract Tower,0,13,1,0,14,0,0,0,0,0,0,13,1,0,14,0,0,0,14
01/17/2019,MGW,WV,AEA,CE,Federal Contract Tower,0,20,6,0,26,0,10,8,2,20,0,30,14,2,46,0,0,0,46
01/18/2019,MGW,WV,AEA,CE,Federal Contract Tower,0,11,1,6,18,0,0,0,0,0,0,11,1,6,18,0,0,0,18
01/19/2019,MGW,WV,AEA,CE,Federal Contract Tower,0,1,0,0,1,0,7,11,0,18,0,8,11,0,19,16,0,16,35
01/20/2019,MGW,WV,AEA,CE,Federal Contract Tower,0,5,1,0,6,0,0,0,0,0,0,5,1,0,6,0,0,0,6
01/21/2019,MGW,WV,AEA,CE,Federal Contract Tower,0,18,13,2,33,0,23,24,0,47,0,41,37,2,80,34,0,34,114
01/22/2019,MGW,WV,AEA,CE,Federal Contract Tower,0,23,16,2,41,0,30,26,5,61,0,53,42,7,102,50,6,56,158
01/23/2019,MGW,WV,AEA,CE,Federal Contract Tower,0,13,5,0,18,0,14,4,0,18,0,27,9,0,36,0,0,0,36
01/24/2019,MGW,WV,AEA,CE,Federal Contract Tower,0,21,3,2,26,0,0,0,0,0,0,21,3,2,26,0,0,0,26
01/25/2019,MGW,WV,AEA,CE,Federal Contract Tower,0,14,9,0,23,0,44,14,2,60,0,58,23,2,83,8,0,8,91
01/26/2019,MGW,WV,AEA,CE,Federal Contract Tower,0,8,6,0,14,0,27,10,0,37,0,35,16,0,51,0,0,0,51
01/27/2019,MGW,WV,AEA,CE,Federal Contract Tower,0,11,6,0,17,0,32,3,0,35,0,43,9,0,52,4,0,4,56
01/28/2019,MGW,WV,AEA,CE,Federal Contract Tower,0,14,21,8,43,0,51,49,8,108,0,65,70,16,151,66,20,86,237
01/29/2019,MGW,WV,AEA,CE,Federal Contract Tower,0,19,2,4,25,0,4,4,0,8,0,23,6,4,33,0,0,0,33
01/30/2019,MGW,WV,AEA,CE,Federal Contract Tower,0,14,8,0,22,0,20,4,0,24,0,34,12,0,46,0,0,0,46
01/31/2019,MGW,WV,AEA,CE,Federal Contract Tower,0,13,6,2,21,0,42,18,4,64,0,55,24,6,85,40,0,40,125
02/01/2019,MGW,WV,AEA,CE,Federal Contract Tower,0,17,6,0,23,0,0,0,0,0,0,17,6,0,23,0,0,0,23
02/02/2019,MGW,WV,AEA,CE,Federal Contract Tower,0,11,10,0,21,0,30,29,2,61,0,41,39,2,82,24,0,24,106
02/03/2019,MGW,WV,AEA,CE,Federal Contract Tower,0,12,12,0,24,0,71,32,4,107,0,83,44,4,131,72,0,72,203
02/04/2019,MGW,WV,AEA,CE,Federal Contract Tower,0,11,24,0,35,0,98,54,13,165,0,109,78,13,200,122,14,136,336
02/05/2019,MGW,WV,AEA,CE,Federal Contract Tower,0,14,7,2,23,0,16,7,0,23,0,30,14,2,46,10,0,10,56
02/06/2019,MGW,WV,AEA,CE,Federal Contract Tower,0,17,5,2,24,0,4,0,0,4,0,21,5,2,28,0,2,2,30
02/07/2019,MGW,WV,AEA,CE,Federal Contract Tower,0,15,8,4,27,0,22,13,0,35,0,37,21,4,62,12,0,12,74
02/08/2019,MGW,WV,AEA,CE,Federal Contract Tower,0,15,6,3,24,0,81,18,4,103,0,96,24,7,127,18,2,20,147
02/09/2019,MGW,WV,AEA,CE,Federal Contract Tower,0,12,12,8,32,0,101,42,17,160,0,113,54,25,192,52,0,52,244
02/10/2019,MGW,WV,AEA,CE,Federal Contract Tower,0,8,20,2,30,0,46,26,2,74,0,54,46,4,104,44,6,50,154
02/11/2019,MGW,WV,AEA,CE,Federal Contract Tower,0,13,2,0,15,0,0,0,0,0,0,13,2,0,15,0,0,0,15
02/12/2019,MGW,WV,AEA,CE,Federal Contract Tower,0,15,0,0,15,0,8,2,0,10,0,23,2,0,25,12,0,12,37
02/13/2019,MGW,WV,AEA,CE,Federal Contract Tower,0,19,9,5,33,0,44,5,2,51,0,63,14,7,84,10,4,14,98
02/14/2019,MGW,WV,AEA,CE,Federal Contract Tower,0,21,25,2,48,0,96,39,2,137,0,117,64,4,185,64,0,64,249
02/15/2019,MGW,WV,AEA,CE,Federal Contract Tower,0,19,10,0,29,0,30,8,0,38,0,49,18,0,67,16,0,16,83
02/16/2019,MGW,WV,AEA,CE,Federal Contract Tower,0,12,19,0,31,0,62,33,5,100,0,74,52,5,131,54,6,60,191
02/17/2019,MGW,WV,AEA,CE,Federal Contract Tower,0,13,13,0,26,0,4,10,2,16,0,17,23,2,42,6,0,6,48
02/18/2019,MGW,WV,AEA,CE,Federal Contract Tower,0,15,5,2,22,0,11,1,0,12,0,26,6,2,34,8,2,10,44
02/19/2019,MGW,WV,AEA,CE,Federal Contract Tower,0,14,14,4,32,0,60,37,8,105,0,74,51,12,137,64,2,66,203
02/20/2019,MGW,WV,AEA,CE,Federal Contract Tower,0,8,3,0,11,0,4,0,0,4,0,12,3,0,15,0,0,0,15
02/21/2019,MGW,WV,AEA,CE,Federal Contract Tower,0,26,29,0,55,0,58,28,3,89,0,84,57,3,144,72,0,72,216
02/22/2019,MGW,WV,AEA,CE,Federal Contract Tower,0,15,7,2,24,0,73,33,2,108,0,88,40,4,132,74,0,74,206
02/23/2019,MGW,WV,AEA,CE,Federal Contract Tower,0,14,2,0,16,0,33,5,0,38,0,47,7,0,54,0,0,0,54
02/24/2019,MGW,WV,AEA,CE,Federal Contract Tower,0,3,3,0,6,0,17,1,0,18,0,20,4,0,24,0,0,0,24
02/25/2019,MGW,WV,AEA,CE,Federal Contract Tower,0,11,3,0,14,0,74,3,0,77,0,85,6,0,91,0,0,0,91
02/26/2019,MGW,WV,AEA,CE,Federal Contract Tower,0,15,31,0,46,0,58,27,4,89,0,73,58,4,135,40,0,40,175
02/27/2019,MGW,WV,AEA,CE,Federal Contract Tower,0,18,17,6,41,0,30,13,2,45,0,48,30,8,86,40,4,44,130
02/28/2019,MGW,WV,AEA,CE,Federal Contract Tower,0,18,7,0,25,0,28,41,0,69,0,46,48,0,94,90,0,90,184
03/01/2019,MGW,WV,AEA,CE,Federal Contract Tower,0,12,2,2,16,0,17,1,0,18,0,29,3,2,34,0,0,0,34
03/02/2019,MGW,WV,AEA,CE,Federal Contract Tower,0,12,16,8,36,0,20,20,6,46,0,32,36,14,82,90,0,90,172
03/03/2019,MGW,WV,AEA,CE,Federal Contract Tower,0,6,4,0,10,0,0,0,0,0,0,6,4,0,10,0,0,0,10
03/04/2019,MGW,WV,AEA,CE,Federal Contract Tower,0,10,6,0,16,0,23,15,1,39,0,33,21,1,55,30,0,30,85
03/05/2019,MGW,WV,AEA,CE,Federal Contract Tower,0,19,16,0,35,0,27,21,0,48,0,46,37,0,83,38,0,38,121
03/06/2019,MGW,WV,AEA,CE,Federal Contract Tower,0,14,13,0,27,0,31,12,0,43,0,45,25,0,70,32,0,32,102
03/07/2019,MGW,WV,AEA,CE,Federal Contract Tower,0,18,13,4,35,0,93,48,2,143,0,111,61,6,178,116,0,116,294
03/08/2019,MGW,WV,AEA,CE,Federal Contract Tower,0,14,15,0,29,0,14,0,0,14,0,28,15,0,43,0,0,0,43
03/09/2019,MGW,WV,AEA,CE,Federal Contract Tower,0,12,9,0,21,0,37,45,0,82,0,49,54,0,103,50,0,50,153
03/10/2019,MGW,WV,AEA,CE,Federal Contract Tower,0,10,4,0,14,0,71,4,0,75,0,81,8,0,89,0,0,0,89
03/11/2019,MGW,WV,AEA,CE,Federal Contract Tower,0,17,7,0,24,0,80,16,0,96,0,97,23,0,120,12,0,12,132
03/12/2019,MGW,WV,AEA,CE,Federal Contract Tower,0,17,6,0,23,0,52,33,2,87,0,69,39,2,110,118,0,118,228
03/13/2019,MGW,WV,AEA,CE,Federal Contract Tower,0,15,13,6,34,0,64,41,6,111,0,79,54,12,145,90,8,98,243
03/14/2019,MGW,WV,AEA,CE,Federal Contract Tower,0,12,8,4,24,0,30,21,1,52,0,42,29,5,76,14,0,14,90
03/15/2019,MGW,WV,AEA,CE,Federal Contract Tower,0,16,7,0,23,0,92,13,0,105,0,108,20,0,128,0,0,0,128
03/16/2019,MGW,WV,AEA,CE,Federal Contract Tower,0,13,6,0,19,0,74,13,2,89,0,87,19,2,108,4,0,4,112
03/17/2019,MGW,WV,AEA,CE,Federal Contract Tower,0,11,23,0,34,0,52,39,0,91,0,63,62,0,125,92,0,92,217
03/18/2019,MGW,WV,AEA,CE,Federal Contract Tower,0,18,5,1,24,0,59,25,1,85,0,77,30,2,109,22,0,22,131
03/19/2019,MGW,WV,AEA,CE,Federal Contract Tower,0,17,25,0,42,0,45,36,2,83,0,62,61,2,125,60,0,60,185
03/20/2019,MGW,WV,AEA,CE,Federal Contract Tower,0,19,7,0,26,0,99,31,0,130,0,118,38,0,156,78,0,78,234
03/21/2019,MGW,WV,AEA,CE,Federal Contract Tower,0,27,13,0,40,0,35,31,1,67,0,62,44,1,107,74,0,74,181
03/22/2019,MGW,WV,AEA,CE,Federal Contract Tower,0,17,4,0,21,0,7,6,0,13,0,24,10,0,34,0,0,0,34
03/23/2019,MGW,WV,AEA,CE,Federal Contract Tower,0,16,18,1,35,0,43,67,12,122,0,59,85,13,157,38,0,38,195
03/24/2019,MGW,WV,AEA,CE,Federal Contract Tower,0,10,19,0,29,0,99,30,0,129,0,109,49,0,158,76,0,76,234
03/25/2019,MGW,WV,AEA,CE,Federal Contract Tower,0,13,5,0,18,0,0,0,0,0,0,13,5,0,18,0,0,0,18
03/26/2019,MGW,WV,AEA,CE,Federal Contract Tower,0,17,16,0,33,0,68,56,2,126,0,85,72,2,159,114,0,114,273
03/27/2019,MGW,WV,AEA,CE,Federal Contract Tower,0,16,31,0,47,0,54,61,3,118,0,70,92,3,165,150,0,150,315
03/28/2019,MGW,WV,AEA,CE,Federal Contract Tower,0,15,20,2,37,0,46,40,2,88,0,61,60,4,125,118,0,118,243
03/29/2019,MGW,WV,AEA,CE,Federal Contract Tower,0,15,22,0,37,0,70,32,0,102,0,85,54,0,139,68,0,68,207
03/30/2019,MGW,WV,AEA,CE,Federal Contract Tower,0,17,16,0,33,0,105,40,5,150,0,122,56,5,183,24,0,24,207
03/31/2019,MGW,WV,AEA,CE,Federal Contract Tower,0,10,10,0,20,0,8,5,12,25,0,18,15,12,45,26,0,26,71
04/01/2019,MGW,WV,AEA,CE,Federal Contract Tower,0,18,21,4,43,0,81,49,2,132,0,99,70,6,175,74,0,74,249
04/02/2019,MGW,WV,AEA,CE,Federal Contract Tower,0,17,13,3,33,0,100,46,0,146,0,117,59,3,179,88,0,88,267
04/03/2019,MGW,WV,AEA,CE,Federal Contract Tower,0,14,8,0,22,0,52,47,0,99,0,66,55,0,121,112,0,112,233
04/04/2019,MGW,WV,AEA,CE,Federal Contract Tower,0,14,24,0,38,0,54,46,0,100,0,68,70,0,138,112,0,112,250
04/05/2019,MGW,WV,AEA,CE,Federal Contract Tower,0,17,4,0,21,0,40,11,1,52,0,57,15,1,73,38,0,38,111
04/06/2019,MGW,WV,AEA,CE,Federal Contract Tower,0,9,5,0,14,0,76,33,4,113,0,85,38,4,127,42,0,42,169
04/07/2019,MGW,WV,AEA,CE,Federal Contract Tower,0,10,16,0,26,0,53,27,3,83,0,63,43,3,109,62,0,62,171
04/08/2019,MGW,WV,AEA,CE,Federal Contract Tower,0,13,10,5,28,0,40,15,0,55,0,53,25,5,83,42,0,42,125
04/09/2019,MGW,WV,AEA,CE,Federal Contract Tower,0,18,14,2,34,0,88,27,4,119,0,106,41,6,153,46,0,46,199
04/10/2019,MGW,WV,AEA,CE,Federal Contract Tower,0,12,11,2,25,0,68,39,8,115,0,80,50,10,140,86,12,98,238
04/11/2019,MGW,WV,AEA,CE,Federal Contract Tower,0,18,21,3,42,0,100,47,6,153,0,118,68,9,195,80,0,80,275
04/12/2019,MGW,WV,AEA,CE,Federal Contract Tower,0,15,2,0,17,0,46,6,0,52,0,61,8,0,69,20,0,20,89
04/13/2019,MGW,WV,AEA,CE,Federal Contract Tower,0,17,4,0,21,0,67,37,2,106,0,84,41,2,127,44,0,44,171
04/14/2019,MGW,WV,AEA,CE,Federal Contract Tower,0,10,5,0,15,0,21,3,4,28,0,31,8,4,43,0,0,0,43
04/15/2019,MGW,WV,AEA,CE,Federal Contract Tower,0,10,4,0,14,0,20,9,0,29,0,30,13,0,43,8,0,8,51
04/16/2019,MGW,WV,AEA,CE,Federal Contract Tower,0,17,11,0,28,0,33,42,8,83,0,50,53,8,111,76,12,88,199
04/17/2019,MGW,WV,AEA,CE,Federal Contract Tower,0,16,18,5,39,0,87,55,7,149,0,103,73,12,188,106,2,108,296
04/18/2019,MGW,WV,AEA,CE,Federal Contract Tower,0,19,9,2,30,0,56,38,1,95,0,75,47,3,125,68,0,68,193
04/19/2019,MGW,WV,AEA,CE,Federal Contract Tower,0,13,9,0,22,0,11,5,0,16,0,24,14,0,38,0,0,0,38
04/20/2019,MGW,WV,AEA,CE,Federal Contract Tower,0,10,5,0,15,0,33,6,4,43,0,43,11,4,58,12,0,12,70
04/21/2019,MGW,WV,AEA,CE,Federal Contract Tower,0,8,3,2,13,0,40,6,0,46,0,48,9,2,59,0,0,0,59
04/22/2019,MGW,WV,AEA,CE,Federal Contract Tower,0,12,21,2,35,0,51,34,0,85,0,63,55,2,120,80,0,80,200
04/23/2019,MGW,WV,AEA,CE,Federal Contract Tower,0,16,14,3,33,0,62,35,9,106,0,78,49,12,139,70,0,70,209
04/24/2019,MGW,WV,AEA,CE,Federal Contract Tower,0,18,22,7,47,0,59,51,4,114,0,77,73,11,161,130,2,132,293
04/25/2019,MGW,WV,AEA,CE,Federal Contract Tower,0,20,21,6,47,0,41,16,2,59,0,61,37,8,106,36,2,38,144
04/26/2019,MGW,WV,AEA,CE,Federal Contract Tower,0,17,10,0,27,0,15,2,0,17,0,32,12,0,44,0,0,0,44
04/27/2019,MGW,WV,AEA,CE,Federal Contract Tower,0,8,5,0,13,0,81,18,0,99,0,89,23,0,112,4,0,4,116
04/28/2019,MGW,WV,AEA,CE,Federal Contract Tower,0,11,18,0,29,0,42,1,0,43,0,53,19,0,72,0,0,0,72
04/29/2019,MGW,WV,AEA,CE,Federal Contract Tower,0,14,35,0,49,0,68,60,0,128,0,82,95,0,177,120,0,120,297
04/30/2019,MGW,WV,AEA,CE,Federal Contract Tower,0,14,19,0,33,0,40,26,4,70,0,54,45,4,103,92,0,92,195
05/01/2019,MGW,WV,AEA,CE,Federal Contract Tower,0,17,16,4,37,0,68,35,2,105,0,85,51,6,142,66,4,70,212
05/02/2019,MGW,WV,AEA,CE,Federal Contract Tower,0,21,31,0,52,0,81,33,27,141,0,102,64,27,193,106,42,148,341
05/03/2019,MGW,WV,AEA,CE,Federal Contract Tower,0,15,11,2,28,0,13,13,18,44,0,28,24,20,72,8,8,16,88
05/04/2019,MGW,WV,AEA,CE,Federal Contract Tower,0,11,5,0,16,0,40,6,0,46,0,51,11,0,62,0,0,0,62
05/05/2019,MGW,WV,AEA,CE,Federal Contract Tower,0,12,11,8,31,0,12,0,0,12,0,24,11,8,43,0,0,0,43
05/06/2019,MGW,WV,AEA,CE,Federal Contract Tower,0,20,26,0,46,0,85,62,8,155,0,105,88,8,201,128,4,132,333
05/07/2019,MGW,WV,AEA,CE,Federal Contract Tower,0,16,14,0,30,0,92,41,8,141,0,108,55,8,171,112,0,112,283
05/08/2019,MGW,WV,AEA,CE,Federal Contract Tower,0,15,17,3,35,0,46,43,20,109,0,61,60,23,144,138,8,146,290
05/09/2019,MGW,WV,AEA,CE,Federal Contract Tower,0,20,13,2,35,0,67,23,5,95,0,87,36,7,130,48,0,48,178
05/10/2019,MGW,WV,AEA,CE,Federal Contract Tower,0,16,16,0,32,0,43,8,0,51,0,59,24,0,83,0,0,0,83
05/11/2019,MGW,WV,AEA,CE,Federal Contract Tower,0,17,21,0,38,0,19,14,4,37,0,36,35,4,75,0,0,0,75
05/12/2019,MGW,WV,AEA,CE,Federal Contract Tower,0,15,5,0,20,0,20,0,0,20,0,35,5,0,40,0,0,0,40
05/13/2019,MGW,WV,AEA,CE,Federal Contract Tower,0,15,16,0,31,0,17,7,0,24,0,32,23,0,55,32,0,32,87
05/14/2019,MGW,WV,AEA,CE,Federal Contract Tower,0,16,8,0,24,0,52,25,2,79,0,68,33,2,103,82,0,82,185
05/15/2019,MGW,WV,AEA,CE,Federal Contract Tower,0,21,19,0,40,0,58,50,4,112,0,79,69,4,152,104,16,120,272
05/16/2019,MGW,WV,AEA,CE,Federal Contract Tower,0,17,12,4,33,0,49,40,4,93,0,66,52,8,126,138,6,144,270
05/17/2019,MGW,WV,AEA,CE,Federal Contract Tower,0,15,7,0,22,0,27,7,1,35,0,42,14,1,57,0,0,0,57
05/18/2019,MGW,WV,AEA,CE,Federal Contract Tower,0,12,16,5,33,0,49,24,13,86,0,61,40,18,119,20,12,32,151
05/19/2019,MGW,WV,AEA,CE,Federal Contract Tower,0,10,6,2,18,0,68,23,6,97,0,78,29,8,115,76,0,76,191
05/20/2019,MGW,WV,AEA,CE,Federal Contract Tower,0,12,7,5,24,0,75,36,1,112,0,87,43,6,136,90,0,90,226
05/21/2019,MGW,WV,AEA,CE,Federal Contract Tower,0,17,12,2,31,0,74,51,18,143,0,91,63,20,174,104,0,104,278
05/22/2019,MGW,WV,AEA,CE,Federal Contract Tower,0,19,19,4,42,0,43,37,0,80,0,62,56,4,122,100,0,100,222
05/23/2019,MGW,WV,AEA,CE,Federal Contract Tower,0,16,8,0,24,0,50,14,0,64,0,66,22,0,88,38,0,38,126
05/24/2019,MGW,WV,AEA,CE,Federal Contract Tower,0,16,14,2,32,0,56,35,0,91,0,72,49,2,123,70,2,72,195
05/25/2019,MGW,WV,AEA,CE,Federal Contract Tower,0,9,7,0,16,0,42,21,0,63,0,51,28,0,79,36,0,36,115
05/26/2019,MGW,WV,AEA,CE,Federal Contract Tower,0,8,3,0,11,0,36,4,0,40,0,44,7,0,51,8,0,8,59
05/27/2019,MGW,WV,AEA,CE,Federal Contract Tower,0,11,9,0,20,0,28,7,0,35,0,39,16,0,55,6,0,6,61
05/28/2019,MGW,WV,AEA,CE,Federal Contract Tower,0,16,10,0,26,0,78,14,2,94,0,94,24,2,120,22,0,22,142
05/29/2019,MGW,WV,AEA,CE,Federal Contract Tower,0,16,10,0,26,0,48,23,4,75,0,64,33,4,101,50,0,50,151
05/30/2019,MGW,WV,AEA,CE,Federal Contract Tower,0,17,5,0,22,0,28,9,2,39,0,45,14,2,61,32,6,38,99
05/31/2019,MGW,WV,AEA,CE,Federal Contract Tower,0,18,12,0,30,0,40,46,2,88,0,58,58,2,118,136,0,136,254
06/01/2019,MGW,WV,AEA,CE,Federal Contract Tower,0,13,7,0,20,0,71,27,8,106,0,84,34,8,126,20,0,20,146
06/02/2019,MGW,WV,AEA,CE,Federal Contract Tower,0,13,10,0,23,0,41,8,0,49,0,54,18,0,72,0,0,0,72
06/03/2019,MGW,WV,AEA,CE,Federal Contract Tower,0,17,7,0,24,0,85,51,14,150,0,102,58,14,174,86,12,98,272
06/04/2019,MGW,WV,AEA,CE,Federal Contract Tower,0,18,20,0,38,0,66,32,11,109,0,84,52,11,147,54,6,60,207
06/05/2019,MGW,WV,AEA,CE,Federal Contract Tower,0,17,10,0,27,0,31,4,0,35,0,48,14,0,62,0,0,0,62
06/06/2019,MGW,WV,AEA,CE,Federal Contract Tower,0,19,20,3,42,0,38,38,4,80,0,57,58,7,122,90,0,90,212
06/07/2019,MGW,WV,AEA,CE,Federal Contract Tower,0,18,15,4,37,0,77,18,2,97,0,95,33,6,134,30,0,30,164
06/08/2019,MGW,WV,AEA,CE,Federal Contract Tower,0,12,7,2,21,0,81,25,4,110,0,93,32,6,131,30,6,36,167
06/09/2019,MGW,WV,AEA,CE,Federal Contract Tower,0,12,10,2,24,0,67,6,4,77,0,79,16,6,101,6,0,6,107
06/10/2019,MGW,WV,AEA,CE,Federal Contract Tower,0,15,4,4,23,0,18,5,1,24,0,33,9,5,47,0,0,0,47
06/11/2019,MGW,WV,AEA,CE,Federal Contract Tower,0,15,6,0,21,0,92,31,7,130,0,107,37,7,151,68,0,68,219
06/12/2019,MGW,WV,AEA,CE,Federal Contract Tower,0,15,24,2,41,0,127,42,5,174,0,142,66,7,215,66,6,72,287
06/13/2019,MGW,WV,AEA,CE,Federal Contract Tower,0,25,10,2,37,0,25,3,2,30,0,50,13,4,67,8,0,8,75
06/14/2019,MGW,WV,AEA,CE,Federal Contract Tower,0,12,18,0,30,0,54,38,5,97,0,66,56,5,127,68,0,68,195
06/15/2019,MGW,WV,AEA,CE,Federal Contract Tower,0,10,9,0,19,0,46,26,6,78,0,56,35,6,97,26,0,26,123
06/16/2019,MGW,WV,AEA,CE,Federal Contract Tower,0,8,1,0,9,0,65,3,0,68,0,73,4,0,77,0,0,0,77
06/17/2019,MGW,WV,AEA,CE,Federal Contract Tower,0,13,22,2,37,0,74,11,4,89,0,87,33,6,126,32,0,32,158
06/18/2019,MGW,WV,AEA,CE,Federal Contract Tower,0,19,14,4,37,0,18,1,0,19,0,37,15,4,56,0,0,0,56
06/19/2019,MGW,WV,AEA,CE,Federal Contract Tower,0,23,19,2,44,0,21,16,0,37,0,44,35,2,81,26,0,26,107
06/20/2019,MGW,WV,AEA,CE,Federal Contract Tower,0,21,10,0,31,0,36,16,0,52,0,57,26,0,83,38,0,38,121
06/21/2019,MGW,WV,AEA,CE,Federal Contract Tower,0,13,12,2,27,0,40,23,4,67,0,53,35,6,94,58,20,78,172
06/22/2019,MGW,WV,AEA,CE,Federal Contract Tower,0,13,11,0,24,0,116,55,2,173,0,129,66,2,197,78,0,78,275
06/23/2019,MGW,WV,AEA,CE,Federal Contract Tower,0,9,4,0,13,0,89,34,0,123,0,98,38,0,136,106,0,106,242
06/24/2019,MGW,WV,AEA,CE,Federal Contract Tower,0,13,13,2,28,0,36,22,4,62,0,49,35,6,90,38,0,38,128
06/25/2019,MGW,WV,AEA,CE,Federal Contract Tower,0,14,13,0,27,0,98,34,6,138,0,112,47,6,165,112,0,112,277
06/26/2019,MGW,WV,AEA,CE,Federal Contract Tower,0,15,14,0,29,0,42,42,4,88,0,57,56,4,117,108,0,108,225
06/27/2019,MGW,WV,AEA,CE,Federal Contract Tower,0,23,25,1,49,0,36,42,14,92,0,59,67,15,141,76,0,76,217
06/28/2019,MGW,WV,AEA,CE,Federal Contract Tower,0,15,13,1,29,0,59,47,8,114,0,74,60,9,143,26,0,26,169
06/30/2019,MGW,WV,AEA,CE,Federal Contract Tower,0,11,10,0,21,0,70,26,0,96,0,81,36,0,117,68,0,68,185
07/01/2019,MGW,WV,AEA,CE,Federal Contract Tower,0,11,10,0,21,0,84,30,1,115,0,95,40,1,136,62,0,62,198
07/02/2019,MGW,WV,AEA,CE,Federal Contract Tower,0,8,6,0,14,0,48,16,2,66,0,56,22,2,80,12,0,12,92
07/03/2019,MGW,WV,AEA,CE,Federal Contract Tower,0,16,7,0,23,0,45,22,12,79,0,61,29,12,102,52,4,56,158
07/04/2019,MGW,WV,AEA,CE,Federal Contract Tower,0,12,7,0,19,0,34,22,2,58,0,46,29,2,77,50,0,50,127
07/05/2019,MGW,WV,AEA,CE,Federal Contract Tower,0,15,3,0,18,0,18,10,2,30,0,33,13,2,48,40,0,40,88
07/06/2019,MGW,WV,AEA,CE,Federal Contract Tower,0,11,3,0,14,0,7,13,0,20,0,18,16,0,34,18,0,18,52
07/07/2019,MGW,WV,AEA,CE,Federal Contract Tower,0,12,11,0,23,0,77,18,0,95,0,89,29,0,118,38,0,38,156
07/08/2019,MGW,WV,AEA,CE,Federal Contract Tower,0,11,6,0,17,0,50,18,0,68,0,61,24,0,85,46,0,46,131
07/09/2019,MGW,WV,AEA,CE,Federal Contract Tower,0,13,11,0,24,0,68,46,8,122,0,81,57,8,146,100,8,108,254
07/10/2019,MGW,WV,AEA,CE,Federal Contract Tower,0,20,6,1,27,0,63,37,9,109,0,83,43,10,136,66,0,66,202
07/11/2019,MGW,WV,AEA,CE,Federal Contract Tower,0,18,6,2,26,0,13,6,0,19,0,31,12,2,45,8,0,8,53
07/12/2019,MGW,WV,AEA,CE,Federal Contract Tower,0,16,15,7,38,0,61,14,6,81,0,77,29,13,119,32,0,32,151
07/13/2019,MGW,WV,AEA,CE,Federal Contract Tower,0,18,11,4,33,0,25,28,8,61,0,43,39,12,94,40,0,40,134
07/14/2019,MGW,WV,AEA,CE,Federal Contract Tower,0,15,8,0,23,0,63,30,2,95,0,78,38,2,118,56,0,56,174
07/15/2019,MGW,WV,AEA,CE,Federal Contract Tower,0,13,9,1,23,0,92,35,6,133,0,105,44,7,156,62,2,64,220
07/16/2019,MGW,WV,AEA,CE,Federal Contract Tower,0,14,9,1,24,0,76,23,9,108,0,90,32,10,132,38,8,46,178
07/17/2019,MGW,WV,AEA,CE,Federal Contract Tower,0,17,9,6,32,0,26,18,0,44,0,43,27,6,76,28,0,28,104
07/18/2019,MGW,WV,AEA,CE,Federal Contract Tower,0,19,6,1,26,0,48,18,4,70,0,67,24,5,96,40,10,50,146
07/19/2019,MGW,WV,AEA,CE,Federal Contract Tower,0,19,12,2,33,0,67,40,5,112,0,86,52,7,145,42,0,42,187
07/20/2019,MGW,WV,AEA,CE,Federal Contract Tower,0,13,13,0,26,0,52,175,2,229,0,65,188,2,255,54,0,54,309
07/21/2019,MGW,WV,AEA,CE,Federal Contract Tower,0,13,8,0,21,0,50,20,0,70,0,63,28,0,91,54,0,54,145
07/22/2019,MGW,WV,AEA,CE,Federal Contract Tower,0,11,2,2,15,0,2,1,0,3,0,13,3,2,18,0,0,0,18
07/23/2019,MGW,WV,AEA,CE,Federal Contract Tower,0,14,12,0,26,0,68,38,8,114,0,82,50,8,140,142,8,150,290
07/24/2019,MGW,WV,AEA,CE,Federal Contract Tower,0,22,8,0,30,0,55,28,0,83,0,77,36,0,113,88,0,88,201
07/25/2019,MGW,WV,AEA,CE,Federal Contract Tower,0,16,5,0,21,0,42,34,16,92,0,58,39,16,113,118,2,120,233
07/26/2019,MGW,WV,AEA,CE,Federal Contract Tower,0,16,23,0,39,0,58,35,4,97,0,74,58,4,136,114,0,114,250
07/27/2019,MGW,WV,AEA,CE,Federal Contract Tower,0,13,11,0,24,0,101,37,10,148,0,114,48,10,172,38,6,44,216
07/28/2019,MGW,WV,AEA,CE,Federal Contract Tower,0,10,5,0,15,0,56,35,2,93,0,66,40,2,108,60,0,60,168
07/29/2019,MGW,WV,AEA,CE,Federal Contract Tower,0,29,6,3,38,0,51,36,3,90,0,80,42,6,128,86,12,98,226
07/30/2019,MGW,WV,AEA,CE,Federal Contract Tower,0,24,13,2,39,0,51,24,2,77,0,75,37,4,116,72,12,84,200
07/31/2019,MGW,WV,AEA,CE,Federal Contract Tower,0,15,8,0,23,0,35,24,0,59,0,50,32,0,82,72,0,72,154
08/01/2019,MGW,WV,AEA,CE,Federal Contract Tower,0,15,16,0,31,0,30,39,2,71,0,45,55,2,102,72,0,72,174
08/02/2019,MGW,WV,AEA,CE,Federal Contract Tower,0,13,24,4,41,0,42,30,0,72,0,55,54,4,113,14,0,14,127
08/03/2019,MGW,WV,AEA,CE,Federal Contract Tower,0,12,5,0,17,0,38,21,2,61,0,50,26,2,78,10,0,10,88
08/04/2019,MGW,WV,AEA,CE,Federal Contract Tower,0,11,6,2,19,0,59,31,2,92,0,70,37,4,111,54,4,58,169
08/05/2019,MGW,WV,AEA,CE,Federal Contract Tower,0,17,15,0,32,0,61,35,6,102,0,78,50,6,134,74,0,74,208
08/06/2019,MGW,WV,AEA,CE,Federal Contract Tower,0,14,10,0,24,0,90,25,2,117,0,104,35,2,141,66,4,70,211
08/07/2019,MGW,WV,AEA,CE,Federal Contract Tower,0,20,9,2,31,0,39,10,0,49,0,59,19,2,80,28,2,30,110
08/08/2019,MGW,WV,AEA,CE,Federal Contract Tower,0,14,8,0,22,0,43,19,5,67,0,57,27,5,89,58,0,58,147
08/09/2019,MGW,WV,AEA,CE,Federal Contract Tower,0,19,14,2,35,0,59,19,2,80,0,78,33,4,115,28,0,28,143
08/10/2019,MGW,WV,AEA,CE,Federal Contract Tower,0,9,10,0,19,0,97,29,3,129,0,106,39,3,148,54,0,54,202
08/11/2019,MGW,WV,AEA,CE,Federal Contract Tower,0,10,9,0,19,0,70,44,2,116,0,80,53,2,135,152,8,160,295
08/12/2019,MGW,WV,AEA,CE,Federal Contract Tower,0,14,10,0,24,0,59,50,0,109,0,73,60,0,133,136,0,136,269
08/13/2019,MGW,WV,AEA,CE,Federal Contract Tower,0,19,17,0,36,0,50,5,0,55,0,69,22,0,91,0,0,0,91
08/14/2019,MGW,WV,AEA,CE,Federal Contract Tower,0,15,25,2,42,0,67,21,13,101,0,82,46,15,143,72,22,94,237
08/15/2019,MGW,WV,AEA,CE,Federal Contract Tower,0,18,12,0,30,0,50,28,4,82,0,68,40,4,112,54,12,66,178
08/16/2019,MGW,WV,AEA,CE,Federal Contract Tower,0,11,17,0,28,0,45,37,3,85,0,56,54,3,113,124,0,124,237
08/17/2019,MGW,WV,AEA,CE,Federal Contract Tower,0,10,8,0,18,0,83,28,1,112,0,93,36,1,130,88,0,88,218
08/18/2019,MGW,WV,AEA,CE,Federal Contract Tower,0,8,3,0,11,0,30,28,0,58,0,38,31,0,69,38,0,38,107
08/19/2019,MGW,WV,AEA,CE,Federal Contract Tower,0,13,5,2,20,0,63,28,4,95,0,76,33,6,115,58,0,58,173
08/20/2019,MGW,WV,AEA,CE,Federal Contract Tower,0,18,8,0,26,0,28,14,0,42,0,46,22,0,68,40,0,40,108
08/21/2019,MGW,WV,AEA,CE,Federal Contract Tower,0,20,10,0,30,0,47,22,2,71,0,67,32,2,101,44,0,44,145
08/22/2019,MGW,WV,AEA,CE,Federal Contract Tower,0,12,32,0,44,0,69,34,2,105,0,81,66,2,149,100,0,100,249
08/23/2019,MGW,WV,AEA,CE,Federal Contract Tower,0,24,9,1,34,0,34,24,2,60,0,58,33,3,94,84,0,84,178
08/24/2019,MGW,WV,AEA,CE,Federal Contract Tower,0,14,11,3,28,0,59,40,2,101,0,73,51,5,129,170,0,170,299
08/25/2019,MGW,WV,AEA,CE,Federal Contract Tower,0,11,10,2,23,0,45,50,0,95,0,56,60,2,118,148,0,148,266
08/26/2019,MGW,WV,AEA,CE,Federal Contract Tower,0,13,7,2,22,0,72,25,0,97,0,85,32,2,119,70,0,70,189
08/27/2019,MGW,WV,AEA,CE,Federal Contract Tower,0,21,6,2,29,0,18,10,0,28,0,39,16,2,57,22,0,22,79
08/28/2019,MGW,WV,AEA,CE,Federal Contract Tower,0,16,12,0,28,0,62,24,0,86,0,78,36,0,114,68,0,68,182
08/29/2019,MGW,WV,AEA,CE,Federal Contract Tower,0,14,22,2,38,0,37,39,10,86,0,51,61,12,124,70,0,70,194
08/30/2019,MGW,WV,AEA,CE,Federal Contract Tower,0,18,9,2,29,0,92,59,6,157,0,110,68,8,186,86,0,86,272
08/31/2019,MGW,WV,AEA,CE,Federal Contract Tower,0,11,12,0,23,0,80,23,3,106,0,91,35,3,129,168,0,168,297
09/01/2019,MGW,WV,AEA,CE,Federal Contract Tower,0,10,6,0,16,0,49,22,2,73,0,59,28,2,89,82,0,82,171
09/02/2019,MGW,WV,AEA,CE,Federal Contract Tower,0,11,12,0,23,0,54,22,0,76,0,65,34,0,99,98,0,98,197
09/03/2019,MGW,WV,AEA,CE,Federal Contract Tower,0,16,11,2,29,0,50,38,4,92,0,66,49,6,121,90,4,94,215
09/04/2019,MGW,WV,AEA,CE,Federal Contract Tower,0,13,12,0,25,0,44,58,2,104,0,57,70,2,129,58,6,64,193
09/05/2019,MGW,WV,AEA,CE,Federal Contract Tower,0,10,12,0,22,0,62,36,6,104,0,72,48,6,126,64,0,64,190
09/06/2019,MGW,WV,AEA,CE,Federal Contract Tower,0,20,20,2,42,0,74,31,8,113,0,94,51,10,155,56,0,56,211
09/07/2019,MGW,WV,AEA,CE,Federal Contract Tower,0,9,5,2,16,0,47,28,11,86,0,56,33,13,102,102,0,102,204
09/08/2019,MGW,WV,AEA,CE,Federal Contract Tower,0,8,12,3,23,0,89,37,0,126,0,97,49,3,149,84,0,84,233
09/09/2019,MGW,WV,AEA,CE,Federal Contract Tower,0,12,14,0,26,0,95,41,4,140,0,107,55,4,166,122,0,122,288
09/10/2019,MGW,WV,AEA,CE,Federal Contract Tower,0,20,7,2,29,0,86,49,0,135,0,106,56,2,164,106,0,106,270
09/11/2019,MGW,WV,AEA,CE,Federal Contract Tower,0,24,15,0,39,0,49,22,4,75,0,73,37,4,114,58,0,58,172
09/12/2019,MGW,WV,AEA,CE,Federal Contract Tower,0,17,25,2,44,0,107,29,14,150,0,124,54,16,194,74,0,74,268
09/14/2019,MGW,WV,AEA,CE,Federal Contract Tower,0,15,29,0,44,0,64,20,6,90,0,79,49,6,134,200,0,200,334
09/15/2019,MGW,WV,AEA,CE,Federal Contract Tower,0,13,16,0,29,0,78,34,1,113,0,91,50,1,142,96,0,96,238
09/16/2019,MGW,WV,AEA,CE,Federal Contract Tower,0,16,11,2,29,0,75,27,4,106,0,91,38,6,135,52,0,52,187
09/17/2019,MGW,WV,AEA,CE,Federal Contract Tower,0,16,9,0,25,0,50,26,2,78,0,66,35,2,103,22,0,22,125
09/18/2019,MGW,WV,AEA,CE,Federal Contract Tower,0,14,11,0,25,0,80,30,0,110,0,94,41,0,135,60,0,60,195
09/19/2019,MGW,WV,AEA,CE,Federal Contract Tower,0,23,11,0,34,0,45,31,2,78,0,68,42,2,112,36,0,36,148
09/20/2019,MGW,WV,AEA,CE,Federal Contract Tower,0,13,10,2,25,0,71,33,2,106,0,84,43,4,131,20,0,20,151
09/21/2019,MGW,WV,AEA,CE,Federal Contract Tower,0,8,11,0,19,0,52,40,1,93,0,60,51,1,112,34,0,34,146
09/22/2019,MGW,WV,AEA,CE,Federal Contract Tower,0,11,4,0,15,0,103,25,1,129,0,114,29,1,144,66,0,66,210
09/23/2019,MGW,WV,AEA,CE,Federal Contract Tower,0,19,12,2,33,0,13,10,5,28,0,32,22,7,61,24,0,24,85
09/24/2019,MGW,WV,AEA,CE,Federal Contract Tower,0,13,7,4,24,0,68,19,3,90,0,81,26,7,114,20,12,32,146
09/25/2019,MGW,WV,AEA,CE,Federal Contract Tower,0,14,10,3,27,0,70,36,10,116,0,84,46,13,143,82,0,82,225
09/26/2019,MGW,WV,AEA,CE,Federal Contract Tower,0,15,24,0,39,0,59,21,6,86,0,74,45,6,125,36,0,36,161
09/27/2019,MGW,WV,AEA,CE,Federal Contract Tower,0,17,17,1,35,0,47,47,3,97,0,64,64,4,132,46,0,46,178
09/28/2019,MGW,WV,AEA,CE,Federal Contract Tower,0,8,11,0,19,0,71,22,4,97,0,79,33,4,116,22,0,22,138
09/29/2019,MGW,WV,AEA,CE,Federal Contract Tower,0,11,26,0,37,0,70,33,2,105,0,81,59,2,142,56,0,56,198
09/30/2019,MGW,WV,AEA,CE,Federal Contract Tower,0,25,6,0,31,0,44,15,0,59,0,69,21,0,90,36,0,36,126
10/01/2019,MGW,WV,AEA,CE,Federal Contract Tower,0,12,11,0,23,0,38,25,4,67,0,50,36,4,90,56,0,56,146
10/02/2019,MGW,WV,AEA,CE,Federal Contract Tower,0,16,15,0,31,0,72,38,2,112,0,88,53,2,143,56,0,56,199
10/03/2019,MGW,WV,AEA,CE,Federal Contract Tower,0,25,10,0,35,0,76,20,6,102,0,101,30,6,137,22,2,24,161
10/04/2019,MGW,WV,AEA,CE,Federal Contract Tower,0,22,23,2,47,0,84,23,2,109,0,106,46,4,156,50,0,50,206
10/05/2019,MGW,WV,AEA,CE,Federal Contract Tower,0,20,36,0,56,0,73,41,2,116,0,93,77,2,172,94,0,94,266
10/06/2019,MGW,WV,AEA,CE,Federal Contract Tower,0,13,19,2,34,0,46,11,0,57,0,59,30,2,91,36,0,36,127
10/07/2019,MGW,WV,AEA,CE,Federal Contract Tower,0,15,11,0,26,0,0,1,0,1,0,15,12,0,27,0,0,0,27
10/08/2019,MGW,WV,AEA,CE,Federal Contract Tower,0,16,6,0,22,0,34,26,0,60,0,50,32,0,82,64,0,64,146
10/09/2019,MGW,WV,AEA,CE,Federal Contract Tower,0,15,24,7,46,0,45,32,2,79,0,60,56,9,125,72,0,72,197
10/10/2019,MGW,WV,AEA,CE,Federal Contract Tower,0,14,21,1,36,0,80,52,18,150,0,94,73,19,186,110,38,148,334
10/11/2019,MGW,WV,AEA,CE,Federal Contract Tower,0,22,16,0,38,0,95,38,8,141,0,117,54,8,179,88,0,88,267
10/12/2019,MGW,WV,AEA,CE,Federal Contract Tower,0,12,12,0,24,0,74,13,0,87,0,86,25,0,111,84,0,84,195
10/13/2019,MGW,WV,AEA,CE,Federal Contract Tower,0,15,23,0,38,0,71,54,3,128,0,86,77,3,166,118,4,122,288
10/14/2019,MGW,WV,AEA,CE,Federal Contract Tower,0,11,12,5,28,0,89,23,3,115,0,100,35,8,143,60,0,60,203
10/15/2019,MGW,WV,AEA,CE,Federal Contract Tower,0,14,13,0,27,0,70,37,4,111,0,84,50,4,138,80,0,80,218
10/16/2019,MGW,WV,AEA,CE,Federal Contract Tower,0,14,9,0,23,0,14,2,0,16,0,28,11,0,39,24,0,24,63
10/17/2019,MGW,WV,AEA,CE,Federal Contract Tower,0,20,15,0,35,0,51,22,19,92,0,71,37,19,127,56,6,62,189
10/18/2019,MGW,WV,AEA,CE,Federal Contract Tower,0,12,11,0,23,0,62,26,7,95,0,74,37,7,118,22,36,58,176
10/19/2019,MGW,WV,AEA,CE,Federal Contract Tower,0,10,6,2,18,0,59,38,6,103,0,69,44,8,121,64,10,74,195
10/20/2019,MGW,WV,AEA,CE,Federal Contract Tower,0,10,15,0,25,0,60,23,1,84,0,70,38,1,109,88,0,88,197
10/21/2019,MGW,WV,AEA,CE,Federal Contract Tower,0,17,24,7,48,0,84,38,6,128,0,101,62,13,176,76,20,96,272
10/22/2019,MGW,WV,AEA,CE,Federal Contract Tower,0,19,13,3,35,0,45,18,0,63,0,64,31,3,98,52,0,52,150
10/23/2019,MGW,WV,AEA,CE,Federal Contract Tower,0,30,15,0,45,0,64,35,8,107,0,94,50,8,152,38,8,46,198
10/24/2019,MGW,WV,AEA,CE,Federal Contract Tower,0,12,18,1,31,0,75,52,16,143,0,87,70,17,174,124,4,128,302
10/25/2019,MGW,WV,AEA,CE,Federal Contract Tower,0,17,15,0,32,0,74,45,18,137,0,91,60,18,169,36,10,46,215
10/26/2019,MGW,WV,AEA,CE,Federal Contract Tower,0,11,2,1,14,0,33,32,5,70,0,44,34,6,84,14,12,26,110
10/27/2019,MGW,WV,AEA,CE,Federal Contract Tower,0,18,2,1,21,0,49,5,0,54,0,67,7,1,75,0,0,0,75
10/28/2019,MGW,WV,AEA,CE,Federal Contract Tower,0,17,13,1,31,0,60,38,2,100,0,77,51,3,131,106,0,106,237
10/29/2019,MGW,WV,AEA,CE,Federal Contract Tower,0,16,27,0,43,0,60,42,9,111,0,76,69,9,154,100,0,100,254
10/30/2019,MGW,WV,AEA,CE,Federal Contract Tower,0,18,12,4,34,0,31,38,0,69,0,49,50,4,103,38,0,38,141
10/31/2019,MGW,WV,AEA,CE,Federal Contract Tower,0,12,6,2,20,0,18,4,0,22,0,30,10,2,42,0,0,0,42
11/01/2019,MGW,WV,AEA,CE,Federal Contract Tower,0,16,13,0,29,0,43,14,4,61,0,59,27,4,90,20,0,20,110
11/02/2019,MGW,WV,AEA,CE,Federal Contract Tower,0,15,11,0,26,0,58,33,14,105,0,73,44,14,131,62,0,62,193
11/03/2019,MGW,WV,AEA,CE,Federal Contract Tower,0,11,19,2,32,0,75,32,0,107,0,86,51,2,139,58,0,58,197
11/04/2019,MGW,WV,AEA,CE,Federal Contract Tower,0,11,19,0,30,0,40,28,2,70,0,51,47,2,100,26,0,26,126
11/05/2019,MGW,WV,AEA,CE,Federal Contract Tower,0,18,8,0,26,0,64,29,0,93,0,82,37,0,119,58,0,58,177
11/06/2019,MGW,WV,AEA,CE,Federal Contract Tower,0,22,11,1,34,0,39,21,5,65,0,61,32,6,99,50,12,62,161
11/07/2019,MGW,WV,AEA,CE,Federal Contract Tower,0,18,4,2,24,0,4,0,0,4,0,22,4,2,28,0,0,0,28
11/08/2019,MGW,WV,AEA,CE,Federal Contract Tower,0,23,13,6,42,0,52,33,8,93,0,75,46,14,135,76,4,80,215
11/09/2019,MGW,WV,AEA,CE,Federal Contract Tower,0,12,11,0,23,0,51,39,11,101,0,63,50,11,124,210,0,210,334
11/10/2019,MGW,WV,AEA,CE,Federal Contract Tower,0,13,10,1,24,0,43,21,17,81,0,56,31,18,105,38,32,70,175
11/11/2019,MGW,WV,AEA,CE,Federal Contract Tower,0,11,3,2,16,0,87,31,4,122,0,98,34,6,138,56,0,56,194
11/12/2019,MGW,WV,AEA,CE,Federal Contract Tower,0,21,3,5,29,0,8,3,4,15,0,29,6,9,44,0,0,0,44
11/14/2019,MGW,WV,AEA,CE,Federal Contract Tower,0,18,6,4,28,0,60,12,7,79,0,78,18,11,107,18,0,18,125
11/15/2019,MGW,WV,AEA,CE,Federal Contract Tower,0,13,8,3,24,0,51,39,2,92,0,64,47,5,116,66,0,66,182
11/16/2019,MGW,WV,AEA,CE,Federal Contract Tower,0,9,12,1,22,0,41,44,2,87,0,50,56,3,109,86,0,86,195
11/17/2019,MGW,WV,AEA,CE,Federal Contract Tower,0,8,6,3,17,0,51,29,6,86,0,59,35,9,103,46,0,46,149
11/18/2019,MGW,WV,AEA,CE,Federal Contract Tower,0,17,4,0,21,0,83,26,0,109,0,100,30,0,130,44,0,44,174
11/19/2019,MGW,WV,AEA,CE,Federal Contract Tower,0,18,9,0,27,0,4,0,1,5,0,22,9,1,32,0,0,0,32
11/20/2019,MGW,WV,AEA,CE,Federal Contract Tower,0,16,6,2,24,0,49,7,3,59,0,65,13,5,83,28,2,30,113
11/21/2019,MGW,WV,AEA,CE,Federal Contract Tower,0,20,18,0,38,0,64,17,0,81,0,84,35,0,119,44,0,44,163
11/22/2019,MGW,WV,AEA,CE,Federal Contract Tower,0,19,0,0,19,0,22,7,0,29,0,41,7,0,48,26,0,26,74
11/23/2019,MGW,WV,AEA,CE,Federal Contract Tower,0,12,12,0,24,0,17,10,0,27,0,29,22,0,51,116,0,116,167
11/24/2019,MGW,WV,AEA,CE,Federal Contract Tower,0,8,6,0,14,0,32,3,0,35,0,40,9,0,49,4,0,4,53
11/25/2019,MGW,WV,AEA,CE,Federal Contract Tower,0,13,3,3,19,0,76,22,5,103,0,89,25,8,122,62,12,74,196
11/26/2019,MGW,WV,AEA,CE,Federal Contract Tower,0,14,11,2,27,0,46,42,3,91,0,60,53,5,118,64,0,64,182
11/27/2019,MGW,WV,AEA,CE,Federal Contract Tower,0,13,6,0,19,0,15,1,0,16,0,28,7,0,35,0,0,0,35
11/28/2019,MGW,WV,AEA,CE,Federal Contract Tower,0,11,1,0,12,0,50,0,0,50,0,61,1,0,62,0,0,0,62
11/29/2019,MGW,WV,AEA,CE,Federal Contract Tower,0,15,7,0,22,0,38,17,0,55,0,53,24,0,77,26,0,26,103
11/30/2019,MGW,WV,AEA,CE,Federal Contract Tower,0,15,7,0,22,0,34,18,0,52,0,49,25,0,74,52,0,52,126
12/01/2019,MGW,WV,AEA,CE,Federal Contract Tower,0,12,13,0,25,0,37,6,0,43,0,49,19,0,68,20,0,20,88
12/02/2019,MGW,WV,AEA,CE,Federal Contract Tower,0,13,2,0,15,0,0,0,0,0,0,13,2,0,15,0,0,0,15
12/03/2019,MGW,WV,AEA,CE,Federal Contract Tower,0,16,7,1,24,0,16,1,2,19,0,32,8,3,43,0,0,0,43
12/04/2019,MGW,WV,AEA,CE,Federal Contract Tower,0,20,1,2,23,0,26,1,4,31,0,46,2,6,54,0,2,2,56
12/05/2019,MGW,WV,AEA,CE,Federal Contract Tower,0,11,6,0,17,0,80,24,2,106,0,91,30,2,123,68,0,68,191
12/06/2019,MGW,WV,AEA,CE,Federal Contract Tower,0,20,15,4,39,0,43,17,4,64,0,63,32,8,103,4,8,12,115
12/07/2019,MGW,WV,AEA,CE,Federal Contract Tower,0,13,13,1,27,0,53,24,2,79,0,66,37,3,106,80,0,80,186
12/08/2019,MGW,WV,AEA,CE,Federal Contract Tower,0,10,12,2,24,0,75,23,0,98,0,85,35,2,122,44,0,44,166
12/09/2019,MGW,WV,AEA,CE,Federal Contract Tower,0,14,12,0,26,0,7,0,0,7,0,21,12,0,33,0,0,0,33
12/10/2019,MGW,WV,AEA,CE,Federal Contract Tower,0,14,4,0,18,0,12,0,2,14,0,26,4,2,32,0,0,0,32
12/11/2019,MGW,WV,AEA,CE,Federal Contract Tower,0,15,9,3,27,0,69,18,4,91,0,84,27,7,118,52,0,52,170
12/12/2019,MGW,WV,AEA,CE,Federal Contract Tower,0,17,24,0,41,0,61,42,6,109,0,78,66,6,150,102,0,102,252
12/13/2019,MGW,WV,AEA,CE,Federal Contract Tower,0,16,6,0,22,0,17,0,2,19,0,33,6,2,41,0,0,0,41
12/14/2019,MGW,WV,AEA,CE,Federal Contract Tower,0,10,3,0,13,0,0,0,0,0,0,10,3,0,13,0,0,0,13
12/15/2019,MGW,WV,AEA,CE,Federal Contract Tower,0,11,7,1,19,0,32,4,2,38,0,43,11,3,57,12,0,12,69
12/16/2019,MGW,WV,AEA,CE,Federal Contract Tower,0,13,3,0,16,0,0,0,0,0,0,13,3,0,16,0,0,0,16
12/17/2019,MGW,WV,AEA,CE,Federal Contract Tower,0,13,4,0,17,0,0,0,0,0,0,13,4,0,17,0,0,0,17
12/18/2019,MGW,WV,AEA,CE,Federal Contract Tower,0,15,7,5,27,0,8,4,0,12,0,23,11,5,39,0,0,0,39
12/19/2019,MGW,WV,AEA,CE,Federal Contract Tower,0,17,16,0,33,0,64,36,1,101,0,81,52,1,134,80,0,80,214
12/20/2019,MGW,WV,AEA,CE,Federal Contract Tower,0,13,10,2,25,0,78,27,4,109,0,91,37,6,134,60,12,72,206
12/21/2019,MGW,WV,AEA,CE,Federal Contract Tower,0,11,11,0,22,0,78,46,0,124,0,89,57,0,146,52,0,52,198
12/22/2019,MGW,WV,AEA,CE,Federal Contract Tower,0,8,29,0,37,0,79,36,1,116,0,87,65,1,153,62,0,62,215
12/23/2019,MGW,WV,AEA,CE,Federal Contract Tower,0,13,8,0,21,0,77,22,0,99,0,90,30,0,120,44,0,44,164
12/24/2019,MGW,WV,AEA,CE,Federal Contract Tower,0,5,8,0,13,0,53,10,0,63,0,58,18,0,76,6,0,6,82
12/25/2019,MGW,WV,AEA,CE,Federal Contract Tower,0,9,2,0,11,0,14,15,0,29,0,23,17,0,40,4,0,4,44
12/26/2019,MGW,WV,AEA,CE,Federal Contract Tower,0,12,15,0,27,0,60,17,0,77,0,72,32,0,104,36,0,36,140
12/27/2019,MGW,WV,AEA,CE,Federal Contract Tower,0,12,14,0,26,0,90,9,2,101,0,102,23,2,127,66,0,66,193
12/28/2019,MGW,WV,AEA,CE,Federal Contract Tower,0,4,5,0,9,0,0,0,0,0,0,4,5,0,9,0,0,0,9
12/29/2019,MGW,WV,AEA,CE,Federal Contract Tower,0,7,5,0,12,0,4,4,0,8,0,11,9,0,20,4,0,4,24
12/30/2019,MGW,WV,AEA,CE,Federal Contract Tower,0,12,4,0,16,0,108,3,0,111,0,120,7,0,127,0,0,0,127
12/31/2019,MGW,WV,AEA,CE,Federal Contract Tower,0,10,0,0,10,0,42,0,0,42,0,52,0,0,52,0,0,0,52
01/01/2020,MGW,WV,AEA,CE,Federal Contract Tower,0,18,0,0,18,0,52,0,0,52,0,70,0,0,70,0,0,0,70
01/02/2020,MGW,WV,AEA,CE,Federal Contract Tower,0,14,2,5,21,0,51,19,4,74,0,65,21,9,95,28,0,28,123
01/03/2020,MGW,WV,AEA,CE,Federal Contract Tower,0,11,3,0,14,0,0,0,0,0,0,11,3,0,14,0,0,0,14
01/04/2020,MGW,WV,AEA,CE,Federal Contract Tower,0,10,6,0,16,0,0,0,0,0,0,10,6,0,16,0,0,0,16
01/05/2020,MGW,WV,AEA,CE,Federal Contract Tower,0,7,5,0,12,0,0,0,0,0,0,7,5,0,12,0,0,0,12
01/06/2020,MGW,WV,AEA,CE,Federal Contract Tower,0,11,1,0,12,0,81,12,4,97,0,92,13,4,109,62,8,70,179
01/07/2020,MGW,WV,AEA,CE,Federal Contract Tower,0,12,0,0,12,0,21,0,0,21,0,33,0,0,33,0,0,0,33
01/08/2020,MGW,WV,AEA,CE,Federal Contract Tower,0,13,3,0,16,0,35,9,0,44,0,48,12,0,60,28,0,28,88
01/09/2020,MGW,WV,AEA,CE,Federal Contract Tower,0,12,16,0,28,0,76,33,2,111,0,88,49,2,139,96,0,96,235
01/10/2020,MGW,WV,AEA,CE,Federal Contract Tower,0,15,7,0,22,0,46,6,0,52,0,61,13,0,74,8,0,8,82
01/11/2020,MGW,WV,AEA,CE,Federal Contract Tower,0,8,1,2,11,0,22,7,0,29,0,30,8,2,40,0,0,0,40
01/12/2020,MGW,WV,AEA,CE,Federal Contract Tower,0,11,13,2,26,0,60,23,0,83,0,71,36,2,109,62,0,62,171
01/13/2020,MGW,WV,AEA,CE,Federal Contract Tower,0,11,9,0,20,0,47,28,1,76,0,58,37,1,96,62,0,62,158
01/14/2020,MGW,WV,AEA,CE,Federal Contract Tower,0,21,2,0,23,0,30,9,0,39,0,51,11,0,62,18,0,18,80
01/15/2020,MGW,WV,AEA,CE,Federal Contract Tower,0,11,5,0,16,0,58,5,5,68,0,69,10,5,84,18,2,20,104
01/16/2020,MGW,WV,AEA,CE,Federal Contract Tower,0,16,11,0,27,0,33,10,2,45,0,49,21,2,72,0,0,0,72
01/17/2020,MGW,WV,AEA,CE,Federal Contract Tower,0,22,11,0,33,0,57,21,7,85,0,79,32,7,118,42,0,42,160
01/18/2020,MGW,WV,AEA,CE,Federal Contract Tower,0,6,0,0,6,0,4,0,0,4,0,10,0,0,10,0,0,0,10
01/19/2020,MGW,WV,AEA,CE,Federal Contract Tower,0,8,8,2,18,0,8,7,0,15,0,16,15,2,33,18,0,18,51
01/20/2020,MGW,WV,AEA,CE,Federal Contract Tower,0,11,4,0,15,0,6,8,0,14,0,17,12,0,29,42,0,42,71
01/21/2020,MGW,WV,AEA,CE,Federal Contract Tower,0,23,2,0,25,0,44,12,0,56,0,67,14,0,81,44,0,44,125
01/22/2020,MGW,WV,AEA,CE,Federal Contract Tower,0,17,15,1,33,0,56,32,1,89,0,73,47,2,122,68,12,80,202
01/23/2020,MGW,WV,AEA,CE,Federal Contract Tower,0,25,2,2,29,0,42,20,0,62,0,67,22,2,91,18,0,18,109
01/24/2020,MGW,WV,AEA,CE,Federal Contract Tower,0,14,13,0,27,0,23,11,5,39,0,37,24,5,66,0,0,0,66
01/25/2020,MGW,WV,AEA,CE,Federal Contract Tower,0,2,3,0,5,0,7,1,0,8,0,9,4,0,13,0,0,0,13
01/26/2020,MGW,WV,AEA,CE,Federal Contract Tower,0,10,6,0,16,0,1,3,0,4,0,11,9,0,20,12,0,12,32
01/27/2020,MGW,WV,AEA,CE,Federal Contract Tower,0,16,5,0,21,0,14,4,0,18,0,30,9,0,39,0,0,0,39
01/28/2020,MGW,WV,AEA,CE,Federal Contract Tower,0,13,4,2,19,0,0,0,2,2,0,13,4,4,21,0,0,0,21
01/29/2020,MGW,WV,AEA,CE,Federal Contract Tower,0,15,3,0,18,0,57,7,2,66,0,72,10,2,84,28,0,28,112
01/30/2020,MGW,WV,AEA,CE,Federal Contract Tower,0,15,9,0,24,0,31,19,2,52,0,46,28,2,76,50,0,50,126
01/31/2020,MGW,WV,AEA,CE,Federal Contract Tower,0,13,12,2,27,0,13,19,6,38,0,26,31,8,65,84,0,84,149
02/01/2020,MGW,WV,AEA,CE,Federal Contract Tower,0,11,5,0,16,0,0,0,0,0,0,11,5,0,16,0,0,0,16
02/02/2020,MGW,WV,AEA,CE,Federal Contract Tower,0,8,5,0,13,0,40,3,0,43,0,48,8,0,56,0,0,0,56
02/03/2020,MGW,WV,AEA,CE,Federal Contract Tower,0,15,21,0,36,0,99,42,0,141,0,114,63,0,177,66,0,66,243
02/04/2020,MGW,WV,AEA,CE,Federal Contract Tower,0,14,6,2,22,0,4,0,0,4,0,18,6,2,26,0,0,0,26
02/05/2020,MGW,WV,AEA,CE,Federal Contract Tower,0,13,7,0,20,0,32,6,2,40,0,45,13,2,60,16,0,16,76
02/06/2020,MGW,WV,AEA,CE,Federal Contract Tower,0,17,7,0,24,0,10,0,0,10,0,27,7,0,34,0,0,0,34
02/07/2020,MGW,WV,AEA,CE,Federal Contract Tower,0,12,3,0,15,0,0,0,0,0,0,12,3,0,15,0,0,0,15
02/08/2020,MGW,WV,AEA,CE,Federal Contract Tower,0,12,4,0,16,0,14,3,0,17,0,26,7,0,33,0,0,0,33
02/09/2020,MGW,WV,AEA,CE,Federal Contract Tower,0,9,7,0,16,0,28,39,0,67,0,37,46,0,83,94,0,94,177
02/10/2020,MGW,WV,AEA,CE,Federal Contract Tower,0,12,9,0,21,0,0,0,0,0,0,12,9,0,21,0,0,0,21
02/11/2020,MGW,WV,AEA,CE,Federal Contract Tower,0,15,10,0,25,0,10,0,0,10,0,25,10,0,35,0,0,0,35
02/12/2020,MGW,WV,AEA,CE,Federal Contract Tower,0,15,26,2,43,0,41,13,0,54,0,56,39,2,97,16,0,16,113
02/13/2020,MGW,WV,AEA,CE,Federal Contract Tower,0,16,14,0,30,0,14,0,0,14,0,30,14,0,44,0,0,0,44
02/14/2020,MGW,WV,AEA,CE,Federal Contract Tower,0,14,7,3,24,0,18,9,0,27,0,32,16,3,51,0,0,0,51
02/15/2020,MGW,WV,AEA,CE,Federal Contract Tower,0,8,9,2,19,0,35,47,0,82,0,43,56,2,101,46,0,46,147
02/16/2020,MGW,WV,AEA,CE,Federal Contract Tower,0,8,4,0,12,0,48,19,0,67,0,56,23,0,79,16,0,16,95
02/17/2020,MGW,WV,AEA,CE,Federal Contract Tower,0,13,16,0,29,0,81,36,3,120,0,94,52,3,149,88,0,88,237
02/18/2020,MGW,WV,AEA,CE,Federal Contract Tower,0,18,13,0,31,0,4,1,0,5,0,22,14,0,36,0,0,0,36
02/19/2020,MGW,WV,AEA,CE,Federal Contract Tower,0,16,11,0,27,0,78,31,2,111,0,94,42,2,138,52,0,52,190
02/20/2020,MGW,WV,AEA,CE,Federal Contract Tower,0,21,0,4,25,0,52,39,8,99,0,73,39,12,124,64,0,64,188
02/21/2020,MGW,WV,AEA,CE,Federal Contract Tower,0,14,19,0,33,0,38,36,2,76,0,52,55,2,109,34,0,34,143
02/22/2020,MGW,WV,AEA,CE,Federal Contract Tower,0,11,11,0,22,0,57,41,3,101,0,68,52,3,123,18,0,18,141
02/23/2020,MGW,WV,AEA,CE,Federal Contract Tower,0,12,11,0,23,0,66,28,2,96,0,78,39,2,119,68,0,68,187
02/24/2020,MGW,WV,AEA,CE,Federal Contract Tower,0,19,17,2,38,0,24,27,2,53,0,43,44,4,91,58,4,62,153
02/25/2020,MGW,WV,AEA,CE,Federal Contract Tower,0,18,9,0,27,0,4,0,0,4,0,22,9,0,31,0,0,0,31
02/26/2020,MGW,WV,AEA,CE,Federal Contract Tower,0,21,2,3,26,0,38,8,1,47,0,59,10,4,73,22,0,22,95
02/27/2020,MGW,WV,AEA,CE,Federal Contract Tower,0,18,4,0,22,0,8,0,0,8,0,26,4,0,30,0,0,0,30
02/28/2020,MGW,WV,AEA,CE,Federal Contract Tower,0,14,9,0,23,0,40,27,2,69,0,54,36,2,92,0,12,12,104
02/29/2020,MGW,WV,AEA,CE,Federal Contract Tower,0,10,7,0,17,0,39,17,0,56,0,49,24,0,73,28,0,28,101
03/01/2020,MGW,WV,AEA,CE,Federal Contract Tower,0,13,20,0,33,0,65,40,0,105,0,78,60,0,138,110,0,110,248
03/02/2020,MGW,WV,AEA,CE,Federal Contract Tower,0,11,4,4,19,0,9,11,0,20,0,20,15,4,39,12,0,12,51
03/03/2020,MGW,WV,AEA,CE,Federal Contract Tower,0,16,10,2,28,0,14,1,2,17,0,30,11,4,45,0,0,0,45
03/04/2020,MGW,WV,AEA,CE,Federal Contract Tower,0,24,4,2,30,0,64,25,2,91,0,88,29,4,121,26,4,30,151
03/05/2020,MGW,WV,AEA,CE,Federal Contract Tower,0,15,23,4,42,0,71,39,4,114,0,86,62,8,156,82,10,92,248
03/06/2020,MGW,WV,AEA,CE,Federal Contract Tower,0,8,6,4,18,0,7,2,0,9,0,15,8,4,27,0,0,0,27
03/07/2020,MGW,WV,AEA,CE,Federal Contract Tower,0,10,17,2,29,0,27,34,12,73,0,37,51,14,102,58,0,58,160
03/08/2020,MGW,WV,AEA,CE,Federal Contract Tower,0,9,18,2,29,0,68,41,1,110,0,77,59,3,139,34,0,34,173
03/09/2020,MGW,WV,AEA,CE,Federal Contract Tower,0,13,10,2,25,0,60,17,10,87,0,73,27,12,112,18,0,18,130
03/10/2020,MGW,WV,AEA,CE,Federal Contract Tower,0,25,10,2,37,0,6,2,0,8,0,31,12,2,45,0,0,0,45
03/11/2020,MGW,WV,AEA,CE,Federal Contract Tower,0,23,11,1,35,0,42,14,3,59,0,65,25,4,94,70,0,70,164
03/12/2020,MGW,WV,AEA,CE,Federal Contract Tower,0,16,8,2,26,0,80,34,12,126,0,96,42,14,152,96,0,96,248
03/13/2020,MGW,WV,AEA,CE,Federal Contract Tower,0,11,8,0,19,0,60,11,1,72,0,71,19,1,91,8,0,8,99
03/14/2020,MGW,WV,AEA,CE,Federal Contract Tower,0,6,5,0,11,0,41,34,0,75,0,47,39,0,86,64,0,64,150
03/15/2020,MGW,WV,AEA,CE,Federal Contract Tower,0,8,1,0,9,0,16,13,0,29,0,24,14,0,38,20,0,20,58
03/16/2020,MGW,WV,AEA,CE,Federal Contract Tower,0,11,4,2,17,0,48,15,0,63,0,59,19,2,80,18,0,18,98
03/17/2020,MGW,WV,AEA,CE,Federal Contract Tower,0,16,8,0,24,0,4,0,0,4,0,20,8,0,28,0,0,0,28
03/18/2020,MGW,WV,AEA,CE,Federal Contract Tower,0,14,3,6,23,0,20,9,2,31,0,34,12,8,54,22,6,28,82
03/19/2020,MGW,WV,AEA,CE,Federal Contract Tower,0,16,12,3,31,0,45,11,4,60,0,61,23,7,91,26,0,26,117
03/20/2020,MGW,WV,AEA,CE,Federal Contract Tower,0,11,6,2,19,0,33,3,0,36,0,44,9,2,55,0,0,0,55
03/21/2020,MGW,WV,AEA,CE,Federal Contract Tower,0,8,2,0,10,0,25,12,2,39,0,33,14,2,49,22,2,24,73
03/22/2020,MGW,WV,AEA,CE,Federal Contract Tower,0,14,3,0,17,0,65,39,4,108,0,79,42,4,125,32,0,32,157
03/23/2020,MGW,WV,AEA,CE,Federal Contract Tower,0,13,0,0,13,0,1,0,0,1,0,14,0,0,14,0,0,0,14
03/24/2020,MGW,WV,AEA,CE,Federal Contract Tower,0,15,1,4,20,0,54,8,0,62,0,69,9,4,82,42,0,42,124
03/25/2020,MGW,WV,AEA,CE,Federal Contract Tower,0,12,0,2,14,0,28,4,2,34,0,40,4,4,48,12,0,12,60
03/26/2020,MGW,WV,AEA,CE,Federal Contract Tower,0,15,13,0,28,0,50,34,2,86,0,65,47,2,114,60,4,64,178
03/27/2020,MGW,WV,AEA,CE,Federal Contract Tower,0,12,6,0,18,0,27,4,0,31,0,39,10,0,49,16,0,16,65
03/28/2020,MGW,WV,AEA,CE,Federal Contract Tower,0,10,2,0,12,0,15,10,0,25,0,25,12,0,37,0,0,0,37
03/29/2020,MGW,WV,AEA,CE,Federal Contract Tower,0,8,0,0,8,0,7,0,0,7,0,15,0,0,15,0,0,0,15
03/30/2020,MGW,WV,AEA,CE,Federal Contract Tower,0,15,1,0,16,0,63,11,2,76,0,78,12,2,92,18,0,18,110
03/31/2020,MGW,WV,AEA,CE,Federal Contract Tower,0,13,3,0,16,0,38,3,0,41,0,51,6,0,57,0,0,0,57
04/01/2020,MGW,WV,AEA,CE,Federal Contract Tower,0,13,0,0,13,0,34,2,0,36,0,47,2,0,49,0,0,0,49
04/02/2020,MGW,WV,AEA,CE,Federal Contract Tower,0,14,6,2,22,0,52,14,5,71,0,66,20,7,93,12,0,12,105
04/03/2020,MGW,WV,AEA,CE,Federal Contract Tower,0,13,0,0,13,0,24,21,5,50,0,37,21,5,63,42,0,42,105
04/04/2020,MGW,WV,AEA,CE,Federal Contract Tower,0,8,7,0,15,0,60,55,3,118,0,68,62,3,133,82,0,82,215
04/05/2020,MGW,WV,AEA,CE,Federal Contract Tower,0,12,5,0,17,0,33,6,0,39,0,45,11,0,56,12,0,12,68
04/06/2020,MGW,WV,AEA,CE,Federal Contract Tower,0,12,0,0,12,0,24,29,2,55,0,36,29,2,67,30,0,30,97
04/07/2020,MGW,WV,AEA,CE,Federal Contract Tower,0,11,0,0,11,0,16,4,0,20,0,27,4,0,31,32,0,32,63
04/08/2020,MGW,WV,AEA,CE,Federal Contract Tower,0,13,3,0,16,0,62,17,0,79,0,75,20,0,95,0,0,0,95
04/09/2020,MGW,WV,AEA,CE,Federal Contract Tower,0,11,0,0,11,0,13,2,0,15,0,24,2,0,26,0,0,0,26
04/10/2020,MGW,WV,AEA,CE,Federal Contract Tower,0,10,0,0,10,0,25,8,0,33,0,35,8,0,43,6,0,6,49
04/11/2020,MGW,WV,AEA,CE,Federal Contract Tower,0,8,4,0,12,0,55,44,2,101,0,63,48,2,113,28,0,28,141
04/12/2020,MGW,WV,AEA,CE,Federal Contract Tower,0,10,4,0,14,0,52,27,0,79,0,62,31,0,93,22,0,22,115
04/13/2020,MGW,WV,AEA,CE,Federal Contract Tower,0,11,0,0,11,0,12,1,0,13,0,23,1,0,24,0,0,0,24
04/14/2020,MGW,WV,AEA,CE,Federal Contract Tower,0,12,8,0,20,0,18,24,0,42,0,30,32,0,62,36,0,36,98
04/15/2020,MGW,WV,AEA,CE,Federal Contract Tower,0,16,6,0,22,0,41,18,0,59,0,57,24,0,81,22,0,22,103
04/16/2020,MGW,WV,AEA,CE,Federal Contract Tower,0,12,3,0,15,0,30,14,2,46,0,42,17,2,61,14,6,20,81
04/17/2020,MGW,WV,AEA,CE,Federal Contract Tower,0,8,2,0,10,0,5,4,0,9,0,13,6,0,19,0,0,0,19
04/18/2020,MGW,WV,AEA,CE,Federal Contract Tower,0,8,4,0,12,0,6,10,0,16,0,14,14,0,28,32,0,32,60
04/19/2020,MGW,WV,AEA,CE,Federal Contract Tower,0,8,4,0,12,0,54,23,2,79,0,62,27,2,91,20,0,20,111
04/20/2020,MGW,WV,AEA,CE,Federal Contract Tower,0,14,2,2,18,0,33,23,0,56,0,47,25,2,74,36,0,36,110
04/21/2020,MGW,WV,AEA,CE,Federal Contract Tower,0,12,0,0,12,0,55,5,0,60,0,67,5,0,72,0,0,0,72
04/22/2020,MGW,WV,AEA,CE,Federal Contract Tower,0,13,11,2,26,0,44,45,0,89,0,57,56,2,115,76,0,76,191
04/23/2020,MGW,WV,AEA,CE,Federal Contract Tower,0,12,0,0,12,0,12,12,0,24,0,24,12,0,36,0,0,0,36
04/24/2020,MGW,WV,AEA,CE,Federal Contract Tower,0,19,7,0,26,0,28,0,0,28,0,47,7,0,54,0,0,0,54
04/25/2020,MGW,WV,AEA,CE,Federal Contract Tower,0,9,9,0,18,0,43,32,6,81,0,52,41,6,99,20,0,20,119
04/26/2020,MGW,WV,AEA,CE,Federal Contract Tower,0,8,2,0,10,0,2,0,0,2,0,10,2,0,12,0,0,0,12
04/27/2020,MGW,WV,AEA,CE,Federal Contract Tower,0,15,2,4,21,0,49,29,0,78,0,64,31,4,99,52,2,54,153
04/28/2020,MGW,WV,AEA,CE,Federal Contract Tower,0,12,7,0,19,0,24,9,0,33,0,36,16,0,52,0,0,0,52
04/29/2020,MGW,WV,AEA,CE,Federal Contract Tower,0,12,2,0,14,0,26,11,0,37,0,38,13,0,51,0,0,0,51
04/30/2020,MGW,WV,AEA,CE,Federal Contract Tower,0,12,6,0,18,0,31,8,2,41,0,43,14,2,59,24,0,24,83
05/01/2020,MGW,WV,AEA,CE,Federal Contract Tower,0,12,4,0,16,0,18,0,0,18,0,30,4,0,34,0,0,0,34
05/02/2020,MGW,WV,AEA,CE,Federal Contract Tower,0,8,4,0,12,0,54,38,4,96,0,62,42,4,108,126,4,130,238
05/03/2020,MGW,WV,AEA,CE,Federal Contract Tower,0,9,4,0,13,0,21,2,0,23,0,30,6,0,36,0,0,0,36
05/04/2020,MGW,WV,AEA,CE,Federal Contract Tower,0,11,7,0,18,0,55,24,0,79,0,66,31,0,97,80,0,80,177
05/05/2020,MGW,WV,AEA,CE,Federal Contract Tower,0,12,4,0,16,0,38,30,0,68,0,50,34,0,84,26,0,26,110
05/06/2020,MGW,WV,AEA,CE,Federal Contract Tower,0,14,2,0,16,0,18,0,0,18,0,32,2,0,34,0,0,0,34
05/07/2020,MGW,WV,AEA,CE,Federal Contract Tower,0,14,1,0,15,0,77,32,0,109,0,91,33,0,124,58,0,58,182
05/08/2020,MGW,WV,AEA,CE,Federal Contract Tower,0,14,5,1,20,0,12,2,1,15,0,26,7,2,35,8,0,8,43
05/09/2020,MGW,WV,AEA,CE,Federal Contract Tower,0,9,1,0,10,0,52,9,0,61,0,61,10,0,71,34,0,34,105
05/10/2020,MGW,WV,AEA,CE,Federal Contract Tower,0,8,17,0,25,0,49,23,0,72,0,57,40,0,97,50,0,50,147
05/11/2020,MGW,WV,AEA,CE,Federal Contract Tower,0,11,1,2,14,0,8,0,0,8,0,19,1,2,22,0,0,0,22
05/12/2020,MGW,WV,AEA,CE,Federal Contract Tower,0,17,10,2,29,0,30,37,2,69,0,47,47,4,98,62,0,62,160
05/13/2020,MGW,WV,AEA,CE,Federal Contract Tower,0,12,11,2,25,0,49,74,10,133,0,61,85,12,158,108,0,108,266
05/14/2020,MGW,WV,AEA,CE,Federal Contract Tower,0,13,6,0,19,0,48,20,0,68,0,61,26,0,87,64,0,64,151
05/15/2020,MGW,WV,AEA,CE,Federal Contract Tower,0,11,1,0,12,0,30,11,0,41,0,41,12,0,53,16,0,16,69
05/16/2020,MGW,WV,AEA,CE,Federal Contract Tower,0,10,9,0,19,0,66,42,0,108,0,76,51,0,127,70,0,70,197
05/17/2020,MGW,WV,AEA,CE,Federal Contract Tower,0,10,17,0,27,0,42,27,2,71,0,52,44,2,98,66,0,66,164
05/18/2020,MGW,WV,AEA,CE,Federal Contract Tower,0,12,12,0,24,0,59,26,2,87,0,71,38,2,111,74,0,74,185
05/19/2020,MGW,WV,AEA,CE,Federal Contract Tower,0,17,3,6,26,0,32,5,0,37,0,49,8,6,63,0,0,0,63
05/20/2020,MGW,WV,AEA,CE,Federal Contract Tower,0,12,4,0,16,0,44,6,1,51,0,56,10,1,67,6,0,6,73
05/21/2020,MGW,WV,AEA,CE,Federal Contract Tower,0,18,4,0,22,0,26,6,0,32,0,44,10,0,54,14,0,14,68
05/22/2020,MGW,WV,AEA,CE,Federal Contract Tower,0,15,14,0,29,0,43,15,0,58,0,58,29,0,87,28,0,28,115
05/23/2020,MGW,WV,AEA,CE,Federal Contract Tower,0,8,10,0,18,0,43,21,4,68,0,51,31,4,86,12,0,12,98
05/24/2020,MGW,WV,AEA,CE,Federal Contract Tower,0,9,9,0,18,0,28,35,0,63,0,37,44,0,81,18,0,18,99
05/25/2020,MGW,WV,AEA,CE,Federal Contract Tower,0,11,12,0,23,0,71,28,0,99,0,82,40,0,122,8,0,8,130
05/26/2020,MGW,WV,AEA,CE,Federal Contract Tower,0,14,11,0,25,0,90,41,10,141,0,104,52,10,166,84,10,94,260
05/27/2020,MGW,WV,AEA,CE,Federal Contract Tower,0,13,15,0,28,0,27,35,0,62,0,40,50,0,90,118,0,118,208
05/28/2020,MGW,WV,AEA,CE,Federal Contract Tower,0,14,13,0,27,0,45,35,0,80,0,59,48,0,107,94,0,94,201
05/29/2020,MGW,WV,AEA,CE,Federal Contract Tower,0,13,2,0,15,0,24,22,4,50,0,37,24,4,65,42,0,42,107
05/30/2020,MGW,WV,AEA,CE,Federal Contract Tower,0,8,6,0,14,0,89,28,4,121,0,97,34,4,135,32,4,36,171
05/31/2020,MGW,WV,AEA,CE,Federal Contract Tower,0,11,12,0,23,0,64,47,0,111,0,75,59,0,134,88,0,88,222
06/01/2020,MGW,WV,AEA,CE,Federal Contract Tower,0,11,11,0,22,0,70,42,4,116,0,81,53,4,138,106,0,106,244
06/02/2020,MGW,WV,AEA,CE,Federal Contract Tower,0,12,2,4,18,0,74,31,4,109,0,86,33,8,127,86,0,86,213
06/03/2020,MGW,WV,AEA,CE,Federal Contract Tower,0,14,6,3,23,0,57,31,4,92,0,71,37,7,115,62,6,68,183
06/04/2020,MGW,WV,AEA,CE,Federal Contract Tower,0,13,0,0,13,0,32,15,0,47,0,45,15,0,60,42,0,42,102
06/05/2020,MGW,WV,AEA,CE,Federal Contract Tower,0,13,4,0,17,0,28,4,0,32,0,41,8,0,49,68,0,68,117
06/06/2020,MGW,WV,AEA,CE,Federal Contract Tower,0,8,16,0,24,0,60,31,1,92,0,68,47,1,116,30,0,30,146
06/07/2020,MGW,WV,AEA,CE,Federal Contract Tower,0,8,17,0,25,0,87,64,8,159,0,95,81,8,184,46,32,78,262
06/08/2020,MGW,WV,AEA,CE,Federal Contract Tower,0,11,14,0,25,0,64,50,6,120,0,75,64,6,145,112,0,112,257
06/09/2020,MGW,WV,AEA,CE,Federal Contract Tower,0,12,4,0,16,0,53,31,7,91,0,65,35,7,107,54,4,58,165
06/10/2020,MGW,WV,AEA,CE,Federal Contract Tower,0,14,4,0,18,0,56,13,0,69,0,70,17,0,87,28,0,28,115
06/11/2020,MGW,WV,AEA,CE,Federal Contract Tower,0,12,14,2,28,0,48,34,0,82,0,60,48,2,110,46,0,46,156
06/12/2020,MGW,WV,AEA,CE,Federal Contract Tower,0,16,5,1,22,0,52,42,4,98,0,68,47,5,120,60,0,60,180
06/13/2020,MGW,WV,AEA,CE,Federal Contract Tower,0,8,13,0,21,0,68,52,0,120,0,76,65,0,141,64,0,64,205
06/14/2020,MGW,WV,AEA,CE,Federal Contract Tower,0,10,4,0,14,0,25,18,0,43,0,35,22,0,57,22,0,22,79
06/15/2020,MGW,WV,AEA,CE,Federal Contract Tower,0,11,11,0,22,0,53,33,4,90,0,64,44,4,112,80,0,80,192
06/16/2020,MGW,WV,AEA,CE,Federal Contract Tower,0,13,14,0,27,0,58,34,8,100,0,71,48,8,127,74,12,86,213
06/17/2020,MGW,WV,AEA,CE,Federal Contract Tower,0,20,23,0,43,0,94,47,4,145,0,114,70,4,188,102,8,110,298
06/18/2020,MGW,WV,AEA,CE,Federal Contract Tower,0,21,11,0,32,0,39,20,0,59,0,60,31,0,91,32,0,32,123
06/19/2020,MGW,WV,AEA,CE,Federal Contract Tower,0,9,7,1,17,0,33,28,3,64,0,42,35,4,81,28,0,28,109
06/20/2020,MGW,WV,AEA,CE,Federal Contract Tower,0,9,8,0,17,0,64,58,6,128,0,73,66,6,145,42,0,42,187
06/21/2020,MGW,WV,AEA,CE,Federal Contract Tower,0,10,10,0,20,0,79,31,1,111,0,89,41,1,131,54,0,54,185
06/22/2020,MGW,WV,AEA,CE,Federal Contract Tower,0,14,5,2,21,0,63,15,0,78,0,77,20,2,99,36,0,36,135
06/23/2020,MGW,WV,AEA,CE,Federal Contract Tower,0,14,7,0,21,0,35,29,0,64,0,49,36,0,85,72,0,72,157
06/24/2020,MGW,WV,AEA,CE,Federal Contract Tower,0,14,8,0,22,0,64,23,3,90,0,78,31,3,112,46,2,48,160
06/25/2020,MGW,WV,AEA,CE,Federal Contract Tower,0,14,11,0,25,0,48,39,0,87,0,62,50,0,112,54,0,54,166
06/26/2020,MGW,WV,AEA,CE,Federal Contract Tower,0,17,8,4,29,0,59,34,2,95,0,76,42,6,124,36,0,36,160
06/27/2020,MGW,WV,AEA,CE,Federal Contract Tower,0,9,3,0,12,0,19,5,4,28,0,28,8,4,40,0,4,4,44
06/28/2020,MGW,WV,AEA,CE,Federal Contract Tower,0,10,11,0,21,0,51,16,0,67,0,61,27,0,88,60,0,60,148
06/29/2020,MGW,WV,AEA,CE,Federal Contract Tower,0,11,21,6,38,0,86,36,6,128,0,97,57,12,166,88,8,96,262
06/30/2020,MGW,WV,AEA,CE,Federal Contract Tower,0,12,12,0,24,0,89,51,2,142,0,101,63,2,166,84,0,84,250
07/01/2020,MGW,WV,AEA,CE,Federal Contract Tower,0,16,16,0,32,0,42,36,0,78,0,58,52,0,110,72,0,72,182
07/02/2020,MGW,WV,AEA,CE,Federal Contract Tower,0,12,25,2,39,0,71,56,0,127,0,83,81,2,166,148,0,148,314
07/03/2020,MGW,WV,AEA,CE,Federal Contract Tower,0,15,5,0,20,0,67,48,18,133,0,82,53,18,153,108,0,108,261
07/04/2020,MGW,WV,AEA,CE,Federal Contract Tower,0,8,8,0,16,0,65,28,0,93,0,73,36,0,109,22,0,22,131
07/05/2020,MGW,WV,AEA,CE,Federal Contract Tower,0,10,4,0,14,0,61,21,0,82,0,71,25,0,96,48,0,48,144
07/06/2020,MGW,WV,AEA,CE,Federal Contract Tower,0,17,5,0,22,0,73,31,0,104,0,90,36,0,126,88,0,88,214
07/07/2020,MGW,WV,AEA,CE,Federal Contract Tower,0,10,3,0,13,0,30,15,4,49,0,40,18,4,62,22,0,22,84
07/08/2020,MGW,WV,AEA,CE,Federal Contract Tower,0,14,10,8,32,0,69,30,4,103,0,83,40,12,135,76,16,92,227
07/09/2020,MGW,WV,AEA,CE,Federal Contract Tower,0,13,14,0,27,0,76,43,0,119,0,89,57,0,146,74,0,74,220
07/10/2020,MGW,WV,AEA,CE,Federal Contract Tower,0,14,12,2,28,0,50,33,6,89,0,64,45,8,117,96,0,96,213
07/11/2020,MGW,WV,AEA,CE,Federal Contract Tower,0,9,9,2,20,0,64,33,2,99,0,73,42,4,119,20,0,20,139
07/12/2020,MGW,WV,AEA,CE,Federal Contract Tower,0,8,21,0,29,0,74,59,0,133,0,82,80,0,162,120,0,120,282
07/13/2020,MGW,WV,AEA,CE,Federal Contract Tower,0,15,14,2,31,0,85,29,4,118,0,100,43,6,149,52,0,52,201
07/14/2020,MGW,WV,AEA,CE,Federal Contract Tower,0,24,9,2,35,0,65,42,27,134,0,89,51,29,169,92,10,102,271
07/15/2020,MGW,WV,AEA,CE,Federal Contract Tower,0,17,5,0,22,0,42,42,0,84,0,59,47,0,106,58,0,58,164
07/16/2020,MGW,WV,AEA,CE,Federal Contract Tower,0,14,7,0,21,0,64,17,0,81,0,78,24,0,102,60,0,60,162
07/17/2020,MGW,WV,AEA,CE,Federal Contract Tower,0,19,6,2,27,0,88,29,0,117,0,107,35,2,144,76,0,76,220
07/18/2020,MGW,WV,AEA,CE,Federal Contract Tower,0,9,4,1,14,0,72,59,5,136,0,81,63,6,150,60,0,60,210
07/19/2020,MGW,WV,AEA,CE,Federal Contract Tower,0,12,15,2,29,0,35,30,0,65,0,47,45,2,94,38,0,38,132
07/20/2020,MGW,WV,AEA,CE,Federal Contract Tower,0,12,15,1,28,0,68,23,0,91,0,80,38,1,119,64,0,64,183
07/21/2020,MGW,WV,AEA,CE,Federal Contract Tower,0,7,6,0,13,0,44,19,0,63,0,51,25,0,76,24,0,24,100
07/22/2020,MGW,WV,AEA,CE,Federal Contract Tower,0,26,1,1,28,0,64,19,2,85,0,90,20,3,113,70,18,88,201
07/23/2020,MGW,WV,AEA,CE,Federal Contract Tower,0,15,8,4,27,0,51,30,5,86,0,66,38,9,113,92,0,92,205
07/24/2020,MGW,WV,AEA,CE,Federal Contract Tower,0,18,23,4,45,0,28,23,2,53,0,46,46,6,98,20,0,20,118
07/25/2020,MGW,WV,AEA,CE,Federal Contract Tower,0,9,9,0,18,0,90,54,2,146,0,99,63,2,164,60,0,60,224
07/26/2020,MGW,WV,AEA,CE,Federal Contract Tower,0,13,5,0,18,0,77,40,0,117,0,90,45,0,135,26,0,26,161
07/27/2020,MGW,WV,AEA,CE,Federal Contract Tower,0,12,11,0,23,0,77,28,2,107,0,89,39,2,130,46,0,46,176
07/28/2020,MGW,WV,AEA,CE,Federal Contract Tower,0,16,8,0,24,0,77,17,2,96,0,93,25,2,120,44,0,44,164
07/29/2020,MGW,WV,AEA,CE,Federal Contract Tower,0,13,7,0,20,0,51,36,2,89,0,64,43,2,109,108,6,114,223
07/30/2020,MGW,WV,AEA,CE,Federal Contract Tower,0,16,17,2,35,0,36,25,0,61,0,52,42,2,96,78,0,78,174
07/31/2020,MGW,WV,AEA,CE,Federal Contract Tower,0,15,6,3,24,0,27,11,0,38,0,42,17,3,62,16,0,16,78
08/01/2020,MGW,WV,AEA,CE,Federal Contract Tower,0,12,12,0,24,0,27,16,0,43,0,39,28,0,67,18,0,18,85
08/02/2020,MGW,WV,AEA,CE,Federal Contract Tower,0,14,9,0,23,0,59,14,0,73,0,73,23,0,96,24,0,24,120
08/03/2020,MGW,WV,AEA,CE,Federal Contract Tower,0,17,10,0,27,0,53,37,1,91,0,70,47,1,118,80,0,80,198
08/04/2020,MGW,WV,AEA,CE,Federal Contract Tower,0,12,1,1,14,0,57,18,3,78,0,69,19,4,92,48,6,54,146
08/05/2020,MGW,WV,AEA,CE,Federal Contract Tower,0,14,14,0,28,0,29,60,7,96,0,43,74,7,124,118,8,126,250
08/06/2020,MGW,WV,AEA,CE,Federal Contract Tower,0,18,6,2,26,0,72,35,6,113,0,90,41,8,139,82,0,82,221
08/07/2020,MGW,WV,AEA,CE,Federal Contract Tower,0,12,9,7,28,0,74,39,26,139,0,86,48,33,167,70,12,82,249
08/08/2020,MGW,WV,AEA,CE,Federal Contract Tower,0,13,1,0,14,0,74,57,2,133,0,87,58,2,147,24,0,24,171
08/09/2020,MGW,WV,AEA,CE,Federal Contract Tower,0,10,11,0,21,0,103,63,3,169,0,113,74,3,190,66,0,66,256
08/10/2020,MGW,WV,AEA,CE,Federal Contract Tower,0,20,19,0,39,0,75,58,1,134,0,95,77,1,173,132,0,132,305
08/11/2020,MGW,WV,AEA,CE,Federal Contract Tower,0,13,17,5,35,0,74,51,2,127,0,87,68,7,162,84,24,108,270
08/12/2020,MGW,WV,AEA,CE,Federal Contract Tower,0,13,6,0,19,0,68,33,2,103,0,81,39,2,122,73,10,83,205
08/13/2020,MGW,WV,AEA,CE,Federal Contract Tower,0,11,10,0,21,0,63,57,8,128,0,74,67,8,149,98,10,108,257
08/14/2020,MGW,WV,AEA,CE,Federal Contract Tower,0,22,11,0,33,0,40,35,0,75,0,62,46,0,108,24,0,24,132
08/15/2020,MGW,WV,AEA,CE,Federal Contract Tower,0,17,15,0,32,0,14,3,0,17,0,31,18,0,49,4,0,4,53
08/16/2020,MGW,WV,AEA,CE,Federal Contract Tower,0,12,15,0,27,0,83,40,2,125,0,95,55,2,152,104,0,104,256
08/17/2020,MGW,WV,AEA,CE,Federal Contract Tower,0,16,8,0,24,0,72,35,0,107,0,88,43,0,131,84,0,84,215
08/18/2020,MGW,WV,AEA,CE,Federal Contract Tower,0,14,9,0,23,0,52,43,0,95,0,66,52,0,118,120,0,120,238
08/19/2020,MGW,WV,AEA,CE,Federal Contract Tower,0,20,22,0,42,0,56,41,0,97,0,76,63,0,139,80,0,80,219
08/20/2020,MGW,WV,AEA,CE,Federal Contract Tower,0,19,7,5,31,0,63,60,2,125,0,82,67,7,156,100,0,100,256
08/21/2020,MGW,WV,AEA,CE,Federal Contract Tower,0,19,9,0,28,0,60,49,2,111,0,79,58,2,139,142,0,142,281
08/22/2020,MGW,WV,AEA,CE,Federal Contract Tower,0,8,8,0,16,0,40,34,0,74,0,48,42,0,90,44,0,44,134
08/23/2020,MGW,WV,AEA,CE,Federal Contract Tower,0,14,18,0,32,0,81,53,2,136,0,95,71,2,168,96,6,102,270
08/24/2020,MGW,WV,AEA,CE,Federal Contract Tower,0,14,7,0,21,0,47,14,2,63,0,61,21,2,84,0,0,0,84
08/25/2020,MGW,WV,AEA,CE,Federal Contract Tower,0,13,7,1,21,0,37,24,3,64,0,50,31,4,85,14,0,14,99
08/26/2020,MGW,WV,AEA,CE,Federal Contract Tower,0,23,15,0,38,0,62,29,2,93,0,85,44,2,131,92,0,92,223
08/27/2020,MGW,WV,AEA,CE,Federal Contract Tower,0,14,3,1,18,0,54,59,2,115,0,68,62,3,133,40,0,40,173
08/28/2020,MGW,WV,AEA,CE,Federal Contract Tower,0,13,2,0,15,0,22,10,4,36,0,35,12,4,51,28,0,28,79
08/29/2020,MGW,WV,AEA,CE,Federal Contract Tower,0,11,9,0,20,0,82,22,0,104,0,93,31,0,124,16,0,16,140
08/30/2020,MGW,WV,AEA,CE,Federal Contract Tower,0,10,12,0,22,0,60,39,0,99,0,70,51,0,121,82,0,82,203
08/31/2020,MGW,WV,AEA,CE,Federal Contract Tower,0,18,4,0,22,0,56,29,1,86,0,74,33,1,108,130,0,130,238
09/01/2020,MGW,WV,AEA,CE,Federal Contract Tower,0,14,11,0,25,0,55,35,0,90,0,69,46,0,115,62,0,62,177
09/02/2020,MGW,WV,AEA,CE,Federal Contract Tower,0,13,5,1,19,0,37,17,0,54,0,50,22,1,73,54,0,54,127
09/03/2020,MGW,WV,AEA,CE,Federal Contract Tower,0,16,3,0,19,0,29,1,2,32,0,45,4,2,51,12,0,12,63
09/04/2020,MGW,WV,AEA,CE,Federal Contract Tower,0,19,18,1,38,0,46,28,2,76,0,65,46,3,114,36,0,36,150
09/05/2020,MGW,WV,AEA,CE,Federal Contract Tower,0,12,8,0,20,0,134,67,0,201,0,146,75,0,221,66,0,66,287
09/06/2020,MGW,WV,AEA,CE,Federal Contract Tower,0,12,15,0,27,0,58,70,0,128,0,70,85,0,155,138,0,138,293
09/07/2020,MGW,WV,AEA,CE,Federal Contract Tower,0,13,14,2,29,0,71,43,0,114,0,84,57,2,143,94,8,102,245
09/08/2020,MGW,WV,AEA,CE,Federal Contract Tower,0,16,16,0,32,0,68,44,0,112,0,84,60,0,144,148,0,148,292
09/09/2020,MGW,WV,AEA,CE,Federal Contract Tower,0,14,10,0,24,0,52,38,2,92,0,66,48,2,116,78,0,78,194
09/10/2020,MGW,WV,AEA,CE,Federal Contract Tower,0,17,10,2,29,0,88,33,2,123,0,105,43,4,152,66,4,70,222
09/11/2020,MGW,WV,AEA,CE,Federal Contract Tower,0,28,11,9,48,0,39,9,0,48,0,67,20,9,96,8,6,14,110
09/12/2020,MGW,WV,AEA,CE,Federal Contract Tower,0,13,7,0,20,0,60,24,0,84,0,73,31,0,104,20,0,20,124
09/13/2020,MGW,WV,AEA,CE,Federal Contract Tower,0,12,3,7,22,0,34,1,0,35,0,46,4,7,57,0,0,0,57
09/14/2020,MGW,WV,AEA,CE,Federal Contract Tower,0,17,8,0,25,0,57,19,2,78,0,74,27,2,103,44,0,44,147
09/15/2020,MGW,WV,AEA,CE,Federal Contract Tower,0,16,3,0,19,0,55,37,2,94,0,71,40,2,113,78,0,78,191
09/16/2020,MGW,WV,AEA,CE,Federal Contract Tower,0,17,7,0,24,0,70,41,2,113,0,87,48,2,137,54,0,54,191
09/17/2020,MGW,WV,AEA,CE,Federal Contract Tower,0,19,10,0,29,0,44,40,0,84,0,63,50,0,113,92,0,92,205
09/18/2020,MGW,WV,AEA,CE,Federal Contract Tower,0,23,13,8,44,0,55,29,4,88,0,78,42,12,132,22,14,36,168
09/19/2020,MGW,WV,AEA,CE,Federal Contract Tower,0,12,14,0,26,0,70,48,13,131,0,82,62,13,157,40,0,40,197
09/20/2020,MGW,WV,AEA,CE,Federal Contract Tower,0,15,15,0,30,0,86,58,2,146,0,101,73,2,176,102,0,102,278
09/21/2020,MGW,WV,AEA,CE,Federal Contract Tower,0,12,12,0,24,0,87,31,6,124,0,99,43,6,148,62,0,62,210
09/22/2020,MGW,WV,AEA,CE,Federal Contract Tower,0,16,7,4,27,0,38,41,4,83,0,54,48,8,110,66,8,74,184
09/23/2020,MGW,WV,AEA,CE,Federal Contract Tower,0,24,16,4,44,0,72,29,2,103,0,96,45,6,147,44,2,46,193
09/24/2020,MGW,WV,AEA,CE,Federal Contract Tower,0,18,12,0,30,0,68,41,1,110,0,86,53,1,140,68,0,68,208
09/25/2020,MGW,WV,AEA,CE,Federal Contract Tower,0,15,11,4,30,0,58,34,4,96,0,73,45,8,126,54,0,54,180
09/26/2020,MGW,WV,AEA,CE,Federal Contract Tower,0,12,9,2,23,0,67,47,10,124,0,79,56,12,147,28,6,34,181
09/27/2020,MGW,WV,AEA,CE,Federal Contract Tower,0,9,8,0,17,0,61,44,1,106,0,70,52,1,123,84,0,84,207
09/28/2020,MGW,WV,AEA,CE,Federal Contract Tower,0,13,13,0,26,0,81,34,2,117,0,94,47,2,143,68,0,68,211
09/29/2020,MGW,WV,AEA,CE,Federal Contract Tower,0,12,4,0,16,0,4,4,0,8,0,16,8,0,24,0,0,0,24
09/30/2020,MGW,WV,AEA,CE,Federal Contract Tower,0,17,11,2,30,0,45,27,4,76,0,62,38,6,106,30,2,32,138
10/01/2020,MGW,WV,AEA,CE,Federal Contract Tower,0,12,17,4,33,0,44,54,6,104,0,56,71,10,137,90,10,100,237
10/02/2020,MGW,WV,AEA,CE,Federal Contract Tower,0,13,20,4,37,0,58,11,4,73,0,71,31,8,110,36,0,36,146
10/03/2020,MGW,WV,AEA,CE,Federal Contract Tower,0,10,11,0,21,0,103,32,0,135,0,113,43,0,156,30,0,30,186
10/04/2020,MGW,WV,AEA,CE,Federal Contract Tower,0,8,8,2,18,0,53,35,0,88,0,61,43,2,106,48,0,48,154
10/05/2020,MGW,WV,AEA,CE,Federal Contract Tower,0,11,5,0,16,0,51,10,2,63,0,62,15,2,79,20,0,20,99
10/06/2020,MGW,WV,AEA,CE,Federal Contract Tower,0,13,6,2,21,0,53,13,2,68,0,66,19,4,89,44,0,44,133
10/07/2020,MGW,WV,AEA,CE,Federal Contract Tower,0,26,0,0,26,0,51,8,0,59,0,77,8,0,85,32,0,32,117
10/08/2020,MGW,WV,AEA,CE,Federal Contract Tower,0,13,12,0,25,0,67,32,0,99,0,80,44,0,124,64,0,64,188
10/09/2020,MGW,WV,AEA,CE,Federal Contract Tower,0,9,14,2,25,0,57,44,4,105,0,66,58,6,130,52,0,52,182
10/10/2020,MGW,WV,AEA,CE,Federal Contract Tower,0,10,11,1,22,0,92,23,0,115,0,102,34,1,137,54,0,54,191
10/11/2020,MGW,WV,AEA,CE,Federal Contract Tower,0,9,13,0,22,0,24,4,0,28,0,33,17,0,50,8,0,8,58
10/12/2020,MGW,WV,AEA,CE,Federal Contract Tower,0,13,11,0,24,0,70,14,0,84,0,83,25,0,108,54,0,54,162
10/13/2020,MGW,WV,AEA,CE,Federal Contract Tower,0,13,12,0,25,0,46,37,4,87,0,59,49,4,112,76,0,76,188
10/14/2020,MGW,WV,AEA,CE,Federal Contract Tower,0,13,16,0,29,0,64,44,0,108,0,77,60,0,137,86,0,86,223
10/15/2020,MGW,WV,AEA,CE,Federal Contract Tower,0,20,10,0,30,0,76,26,5,107,0,96,36,5,137,82,0,82,219
10/16/2020,MGW,WV,AEA,CE,Federal Contract Tower,0,14,11,0,25,0,42,10,3,55,0,56,21,3,80,12,0,12,92
10/17/2020,MGW,WV,AEA,CE,Federal Contract Tower,0,10,13,0,23,0,74,50,4,128,0,84,63,4,151,38,0,38,189
10/18/2020,MGW,WV,AEA,CE,Federal Contract Tower,0,8,17,0,25,0,75,46,2,123,0,83,63,2,148,90,0,90,238
10/19/2020,MGW,WV,AEA,CE,Federal Contract Tower,0,12,11,0,23,0,68,17,1,86,0,80,28,1,109,48,0,48,157
10/20/2020,MGW,WV,AEA,CE,Federal Contract Tower,0,16,13,0,29,0,60,29,0,89,0,76,42,0,118,100,0,100,218
10/21/2020,MGW,WV,AEA,CE,Federal Contract Tower,0,11,9,3,23,0,52,30,7,89,0,63,39,10,112,58,12,70,182
10/22/2020,MGW,WV,AEA,CE,Federal Contract Tower,0,17,20,0,37,0,31,27,0,58,0,48,47,0,95,52,0,52,147
10/23/2020,MGW,WV,AEA,CE,Federal Contract Tower,0,14,7,4,25,0,110,23,2,135,0,124,30,6,160,0,2,2,162
10/24/2020,MGW,WV,AEA,CE,Federal Contract Tower,0,12,9,4,25,0,8,0,0,8,0,20,9,4,33,0,0,0,33
10/25/2020,MGW,WV,AEA,CE,Federal Contract Tower,0,8,8,0,16,0,24,6,0,30,0,32,14,0,46,48,0,48,94
10/26/2020,MGW,WV,AEA,CE,Federal Contract Tower,0,14,7,0,21,0,13,12,0,25,0,27,19,0,46,60,0,60,106
10/27/2020,MGW,WV,AEA,CE,Federal Contract Tower,0,16,3,0,19,0,44,11,0,55,0,60,14,0,74,42,0,42,116
10/28/2020,MGW,WV,AEA,CE,Federal Contract Tower,0,12,5,1,18,0,0,0,0,0,0,12,5,1,18,0,0,0,18
10/29/2020,MGW,WV,AEA,CE,Federal Contract Tower,0,8,4,0,12,0,0,0,0,0,0,8,4,0,12,0,0,0,12
10/30/2020,MGW,WV,AEA,CE,Federal Contract Tower,0,12,8,0,20,0,42,0,0,42,0,54,8,0,62,0,0,0,62
10/31/2020,MGW,WV,AEA,CE,Federal Contract Tower,0,8,5,0,13,0,62,24,2,88,0,70,29,2,101,48,0,48,149
11/01/2020,MGW,WV,AEA,CE,Federal Contract Tower,0,8,0,0,8,0,17,3,0,20,0,25,3,0,28,0,0,0,28
11/02/2020,MGW,WV,AEA,CE,Federal Contract Tower,0,11,11,0,22,0,64,33,1,98,0,75,44,1,120,82,0,82,202
11/03/2020,MGW,WV,AEA,CE,Federal Contract Tower,0,12,5,0,17,0,60,23,2,85,0,72,28,2,102,42,0,42,144
11/04/2020,MGW,WV,AEA,CE,Federal Contract Tower,0,22,11,4,37,0,64,27,5,96,0,86,38,9,133,78,4,82,215
11/05/2020,MGW,WV,AEA,CE,Federal Contract Tower,0,15,6,2,23,0,76,31,0,107,0,91,37,2,130,72,0,72,202
11/06/2020,MGW,WV,AEA,CE,Federal Contract Tower,0,14,18,0,32,0,59,44,4,107,0,73,62,4,139,36,0,36,175
11/07/2020,MGW,WV,AEA,CE,Federal Contract Tower,0,11,9,0,20,0,84,53,7,144,0,95,62,7,164,26,0,26,190
11/08/2020,MGW,WV,AEA,CE,Federal Contract Tower,0,10,8,2,20,0,66,53,1,120,0,76,61,3,140,68,0,68,208
11/09/2020,MGW,WV,AEA,CE,Federal Contract Tower,0,10,9,2,21,0,37,34,1,72,0,47,43,3,93,40,0,40,133
11/10/2020,MGW,WV,AEA,CE,Federal Contract Tower,0,14,6,0,20,0,25,46,2,73,0,39,52,2,93,76,22,98,191
11/11/2020,MGW,WV,AEA,CE,Federal Contract Tower,0,23,3,0,26,0,14,0,0,14,0,37,3,0,40,0,0,0,40
11/12/2020,MGW,WV,AEA,CE,Federal Contract Tower,0,15,10,2,27,0,61,21,0,82,0,76,31,2,109,58,0,58,167
11/13/2020,MGW,WV,AEA,CE,Federal Contract Tower,0,15,9,1,25,0,50,32,7,89,0,65,41,8,114,26,0,26,140
11/14/2020,MGW,WV,AEA,CE,Federal Contract Tower,0,10,11,0,21,0,69,35,14,118,0,79,46,14,139,54,6,60,199
11/15/2020,MGW,WV,AEA,CE,Federal Contract Tower,0,11,2,0,13,0,13,1,0,14,0,24,3,0,27,0,0,0,27
11/16/2020,MGW,WV,AEA,CE,Federal Contract Tower,0,20,9,0,29,0,66,14,0,80,0,86,23,0,109,0,0,0,109
11/17/2020,MGW,WV,AEA,CE,Federal Contract Tower,0,14,4,2,20,0,15,3,0,18,0,29,7,2,38,0,0,0,38
11/18/2020,MGW,WV,AEA,CE,Federal Contract Tower,0,13,4,0,17,0,40,27,0,67,0,53,31,0,84,48,0,48,132
11/19/2020,MGW,WV,AEA,CE,Federal Contract Tower,0,12,3,0,15,0,29,22,2,53,0,41,25,2,68,52,0,52,120
11/20/2020,MGW,WV,AEA,CE,Federal Contract Tower,0,11,6,0,17,0,42,26,4,72,0,53,32,4,89,24,8,32,121
11/21/2020,MGW,WV,AEA,CE,Federal Contract Tower,0,9,10,1,20,0,3,4,1,8,0,12,14,2,28,8,0,8,36
11/22/2020,MGW,WV,AEA,CE,Federal Contract Tower,0,11,5,0,16,0,40,7,0,47,0,51,12,0,63,0,0,0,63
11/23/2020,MGW,WV,AEA,CE,Federal Contract Tower,0,17,0,0,17,0,61,1,0,62,0,78,1,0,79,0,0,0,79
11/24/2020,MGW,WV,AEA,CE,Federal Contract Tower,0,12,4,1,17,0,73,26,4,103,0,85,30,5,120,34,0,34,154
11/25/2020,MGW,WV,AEA,CE,Federal Contract Tower,0,16,15,0,31,0,50,18,0,68,0,66,33,0,99,40,0,40,139
11/26/2020,MGW,WV,AEA,CE,Federal Contract Tower,0,11,1,0,12,0,49,7,0,56,0,60,8,0,68,8,0,8,76
11/27/2020,MGW,WV,AEA,CE,Federal Contract Tower,0,14,2,0,16,0,37,17,0,54,0,51,19,0,70,44,0,44,114
11/28/2020,MGW,WV,AEA,CE,Federal Contract Tower,0,9,6,0,15,0,68,24,2,94,0,77,30,2,109,30,0,30,139
11/29/2020,MGW,WV,AEA,CE,Federal Contract Tower,0,10,13,0,23,0,59,49,5,113,0,69,62,5,136,62,0,62,198
11/30/2020,MGW,WV,AEA,CE,Federal Contract Tower,0,12,5,0,17,0,4,0,0,4,0,16,5,0,21,0,0,0,21
12/01/2020,MGW,WV,AEA,CE,Federal Contract Tower,0,13,5,0,18,0,0,0,0,0,0,13,5,0,18,0,0,0,18
12/02/2020,MGW,WV,AEA,CE,Federal Contract Tower,0,10,2,0,12,0,74,0,4,78,0,84,2,4,90,0,0,0,90
12/03/2020,MGW,WV,AEA,CE,Federal Contract Tower,0,19,22,0,41,0,63,33,0,96,0,82,55,0,137,78,0,78,215
12/04/2020,MGW,WV,AEA,CE,Federal Contract Tower,0,13,2,0,15,0,4,1,0,5,0,17,3,0,20,0,0,0,20
12/05/2020,MGW,WV,AEA,CE,Federal Contract Tower,0,8,2,0,10,0,28,5,0,33,0,36,7,0,43,16,0,16,59
12/06/2020,MGW,WV,AEA,CE,Federal Contract Tower,0,8,0,2,10,0,47,3,0,50,0,55,3,2,60,0,0,0,60
12/07/2020,MGW,WV,AEA,CE,Federal Contract Tower,0,11,2,0,13,0,40,19,0,59,0,51,21,0,72,46,0,46,118
12/08/2020,MGW,WV,AEA,CE,Federal Contract Tower,0,12,7,0,19,0,70,17,0,87,0,82,24,0,106,70,0,70,176
12/09/2020,MGW,WV,AEA,CE,Federal Contract Tower,0,14,3,2,19,0,41,6,2,49,0,55,9,4,68,32,6,38,106
12/10/2020,MGW,WV,AEA,CE,Federal Contract Tower,0,13,15,2,30,0,34,38,2,74,0,47,53,4,104,80,8,88,192
12/11/2020,MGW,WV,AEA,CE,Federal Contract Tower,0,12,17,0,29,0,65,30,5,100,0,77,47,5,129,60,0,60,189
12/12/2020,MGW,WV,AEA,CE,Federal Contract Tower,0,9,9,0,18,0,42,17,4,63,0,51,26,4,81,16,12,28,109
12/13/2020,MGW,WV,AEA,CE,Federal Contract Tower,0,11,2,0,13,0,60,15,4,79,0,71,17,4,92,24,6,30,122
12/14/2020,MGW,WV,AEA,CE,Federal Contract Tower,0,11,1,0,12,0,21,0,0,21,0,32,1,0,33,0,0,0,33
12/15/2020,MGW,WV,AEA,CE,Federal Contract Tower,0,13,8,0,21,0,45,36,0,81,0,58,44,0,102,38,0,38,140
12/16/2020,MGW,WV,AEA,CE,Federal Contract Tower,0,6,0,0,6,0,0,0,0,0,0,6,0,0,6,0,0,0,6
12/17/2020,MGW,WV,AEA,CE,Federal Contract Tower,0,13,5,0,18,0,0,0,0,0,0,13,5,0,18,0,0,0,18
12/18/2020,MGW,WV,AEA,CE,Federal Contract Tower,0,8,5,0,13,0,0,0,0,0,0,8,5,0,13,0,0,0,13
12/19/2020,MGW,WV,AEA,CE,Federal Contract Tower,0,8,14,0,22,0,21,46,0,67,0,29,60,0,89,6,0,6,95
12/20/2020,MGW,WV,AEA,CE,Federal Contract Tower,0,10,5,0,15,0,0,0,0,0,0,10,5,0,15,0,0,0,15
12/21/2020,MGW,WV,AEA,CE,Federal Contract Tower,0,12,6,0,18,0,25,6,0,31,0,37,12,0,49,28,0,28,77
12/22/2020,MGW,WV,AEA,CE,Federal Contract Tower,0,17,0,0,17,0,62,4,2,68,0,79,4,2,85,6,10,16,101
12/23/2020,MGW,WV,AEA,CE,Federal Contract Tower,0,17,18,0,35,0,62,29,4,95,0,79,47,4,130,76,10,86,216
12/24/2020,MGW,WV,AEA,CE,Federal Contract Tower,0,12,0,0,12,0,4,0,0,4,0,16,0,0,16,0,0,0,16
12/25/2020,MGW,WV,AEA,CE,Federal Contract Tower,0,0,0,0,0,0,0,0,0,0,0,0,0,0,0,0,0,0,0
12/26/2020,MGW,WV,AEA,CE,Federal Contract Tower,0,6,2,0,8,0,42,7,0,49,0,48,9,0,57,12,0,12,69
12/27/2020,MGW,WV,AEA,CE,Federal Contract Tower,0,10,9,0,19,0,79,42,4,125,0,89,51,4,144,122,14,136,280
12/28/2020,MGW,WV,AEA,CE,Federal Contract Tower,0,11,4,0,15,0,28,12,0,40,0,39,16,0,55,14,0,14,69
12/29/2020,MGW,WV,AEA,CE,Federal Contract Tower,0,21,9,0,30,0,106,46,4,156,0,127,55,4,186,72,0,72,258
12/30/2020,MGW,WV,AEA,CE,Federal Contract Tower,0,13,2,0,15,0,29,5,2,36,0,42,7,2,51,0,0,0,51
12/31/2020,MGW,WV,AEA,CE,Federal Contract Tower,0,14,3,0,17,0,4,0,0,4,0,18,3,0,21,0,0,0,21
01/01/2021,MGW,WV,AEA,CE,Federal Contract Tower,0,10,4,0,14,0,11,0,0,11,0,21,4,0,25,0,0,0,25
01/02/2021,MGW,WV,AEA,CE,Federal Contract Tower,0,8,9,0,17,0,15,3,0,18,0,23,12,0,35,0,0,0,35
01/03/2021,MGW,WV,AEA,CE,Federal Contract Tower,0,8,1,0,9,0,0,0,0,0,0,8,1,0,9,0,0,0,9
01/04/2021,MGW,WV,AEA,CE,Federal Contract Tower,0,11,1,0,12,0,2,0,0,2,0,13,1,0,14,0,0,0,14
01/05/2021,MGW,WV,AEA,CE,Federal Contract Tower,0,12,2,0,14,0,26,9,4,39,0,38,11,4,53,30,0,30,83
01/06/2021,MGW,WV,AEA,CE,Federal Contract Tower,0,11,2,2,15,0,16,0,0,16,0,27,2,2,31,0,0,0,31
01/07/2021,MGW,WV,AEA,CE,Federal Contract Tower,0,14,2,0,16,0,63,22,0,85,0,77,24,0,101,76,0,76,177
01/08/2021,MGW,WV,AEA,CE,Federal Contract Tower,0,12,9,0,21,0,37,12,2,51,0,49,21,2,72,30,0,30,102
01/09/2021,MGW,WV,AEA,CE,Federal Contract Tower,0,10,13,0,23,0,54,46,0,100,0,64,59,0,123,70,0,70,193
01/10/2021,MGW,WV,AEA,CE,Federal Contract Tower,0,8,4,2,14,0,57,61,4,122,0,65,65,6,136,112,0,112,248
01/11/2021,MGW,WV,AEA,CE,Federal Contract Tower,0,11,15,0,26,0,49,27,8,84,0,60,42,8,110,54,0,54,164
01/12/2021,MGW,WV,AEA,CE,Federal Contract Tower,0,12,4,0,16,0,50,14,1,65,0,62,18,1,81,38,0,38,119
01/13/2021,MGW,WV,AEA,CE,Federal Contract Tower,0,14,7,0,21,0,40,28,0,68,0,54,35,0,89,42,0,42,131
01/14/2021,MGW,WV,AEA,CE,Federal Contract Tower,0,12,18,0,30,0,43,38,4,85,0,55,56,4,115,102,0,102,217
01/15/2021,MGW,WV,AEA,CE,Federal Contract Tower,0,16,11,2,29,0,33,10,0,43,0,49,21,2,72,14,0,14,86
01/16/2021,MGW,WV,AEA,CE,Federal Contract Tower,0,9,2,0,11,0,4,0,0,4,0,13,2,0,15,0,0,0,15
01/17/2021,MGW,WV,AEA,CE,Federal Contract Tower,0,10,2,0,12,0,0,2,0,2,0,10,4,0,14,0,0,0,14
01/18/2021,MGW,WV,AEA,CE,Federal Contract Tower,0,11,1,0,12,0,0,0,0,0,0,11,1,0,12,0,0,0,12
01/19/2021,MGW,WV,AEA,CE,Federal Contract Tower,0,16,9,0,25,0,76,29,0,105,0,92,38,0,130,80,0,80,210
01/20/2021,MGW,WV,AEA,CE,Federal Contract Tower,0,11,3,0,14,0,34,16,3,53,0,45,19,3,67,36,0,36,103
01/21/2021,MGW,WV,AEA,CE,Federal Contract Tower,0,12,6,0,18,0,74,27,8,109,0,86,33,8,127,62,0,62,189
01/22/2021,MGW,WV,AEA,CE,Federal Contract Tower,0,22,3,0,25,0,108,27,5,140,0,130,30,5,165,28,0,28,193
01/23/2021,MGW,WV,AEA,CE,Federal Contract Tower,0,9,4,0,13,0,49,36,8,93,0,58,40,8,106,96,10,106,212
01/24/2021,MGW,WV,AEA,CE,Federal Contract Tower,0,7,6,0,13,0,17,26,6,49,0,24,32,6,62,78,0,78,140
01/25/2021,MGW,WV,AEA,CE,Federal Contract Tower,0,9,3,0,12,0,0,0,0,0,0,9,3,0,12,0,0,0,12
01/26/2021,MGW,WV,AEA,CE,Federal Contract Tower,0,11,5,10,26,0,47,15,1,63,0,58,20,11,89,38,8,46,135
01/27/2021,MGW,WV,AEA,CE,Federal Contract Tower,0,15,2,0,17,0,14,10,0,24,0,29,12,0,41,86,0,86,127
01/28/2021,MGW,WV,AEA,CE,Federal Contract Tower,0,15,4,2,21,0,44,20,0,64,0,59,24,2,85,68,0,68,153
01/29/2021,MGW,WV,AEA,CE,Federal Contract Tower,0,12,10,0,22,0,61,47,3,111,0,73,57,3,133,60,0,60,193
01/30/2021,MGW,WV,AEA,CE,Federal Contract Tower,0,11,14,0,25,0,55,77,4,136,0,66,91,4,161,94,0,94,255
01/31/2021,MGW,WV,AEA,CE,Federal Contract Tower,0,2,0,0,2,0,0,0,0,0,0,2,0,0,2,0,0,0,2
02/01/2021,MGW,WV,AEA,CE,Federal Contract Tower,0,7,2,0,9,0,0,0,0,0,0,7,2,0,9,0,0,0,9
02/02/2021,MGW,WV,AEA,CE,Federal Contract Tower,0,6,0,0,6,0,14,3,0,17,0,20,3,0,23,0,0,0,23
02/03/2021,MGW,WV,AEA,CE,Federal Contract Tower,0,7,7,0,14,0,34,18,6,58,0,41,25,6,72,46,0,46,118
02/04/2021,MGW,WV,AEA,CE,Federal Contract Tower,0,28,6,4,38,0,44,35,4,83,0,72,41,8,121,60,0,60,181
02/05/2021,MGW,WV,AEA,CE,Federal Contract Tower,0,16,9,8,33,0,57,7,2,66,0,73,16,10,99,14,0,14,113
02/06/2021,MGW,WV,AEA,CE,Federal Contract Tower,0,8,15,0,23,0,54,32,2,88,0,62,47,2,111,34,0,34,145
02/07/2021,MGW,WV,AEA,CE,Federal Contract Tower,0,8,1,2,11,0,45,14,0,59,0,53,15,2,70,48,0,48,118
02/08/2021,MGW,WV,AEA,CE,Federal Contract Tower,0,10,7,3,20,0,76,39,2,117,0,86,46,5,137,126,4,130,267
02/09/2021,MGW,WV,AEA,CE,Federal Contract Tower,0,16,0,0,16,0,4,1,0,5,0,20,1,0,21,0,0,0,21
02/10/2021,MGW,WV,AEA,CE,Federal Contract Tower,0,11,2,0,13,0,8,3,0,11,0,19,5,0,24,14,0,14,38
02/11/2021,MGW,WV,AEA,CE,Federal Contract Tower,0,11,4,0,15,0,11,2,0,13,0,22,6,0,28,0,0,0,28
02/12/2021,MGW,WV,AEA,CE,Federal Contract Tower,0,13,6,0,19,0,16,6,4,26,0,29,12,4,45,8,0,8,53
02/13/2021,MGW,WV,AEA,CE,Federal Contract Tower,0,6,0,0,6,0,0,0,0,0,0,6,0,0,6,0,0,0,6
02/14/2021,MGW,WV,AEA,CE,Federal Contract Tower,0,8,6,0,14,0,0,0,0,0,0,8,6,0,14,0,0,0,14
02/15/2021,MGW,WV,AEA,CE,Federal Contract Tower,0,4,0,0,4,0,0,0,0,0,0,4,0,0,4,0,0,0,4
02/16/2021,MGW,WV,AEA,CE,Federal Contract Tower,0,8,1,0,9,0,0,0,0,0,0,8,1,0,9,0,0,0,9
02/17/2021,MGW,WV,AEA,CE,Federal Contract Tower,0,14,6,0,20,0,60,45,4,109,0,74,51,4,129,76,0,76,205
02/18/2021,MGW,WV,AEA,CE,Federal Contract Tower,0,12,0,0,12,0,0,0,0,0,0,12,0,0,12,0,0,0,12
02/19/2021,MGW,WV,AEA,CE,Federal Contract Tower,0,10,2,0,12,0,0,0,0,0,0,10,2,0,12,0,0,0,12
02/20/2021,MGW,WV,AEA,CE,Federal Contract Tower,0,12,3,0,15,0,15,7,0,22,0,27,10,0,37,24,0,24,61
02/21/2021,MGW,WV,AEA,CE,Federal Contract Tower,0,10,16,0,26,0,50,66,14,130,0,60,82,14,156,94,10,104,260
02/22/2021,MGW,WV,AEA,CE,Federal Contract Tower,0,13,0,0,13,0,6,0,0,6,0,19,0,0,19,0,0,0,19
02/23/2021,MGW,WV,AEA,CE,Federal Contract Tower,0,16,2,0,18,0,85,17,4,106,0,101,19,4,124,6,0,6,130
02/24/2021,MGW,WV,AEA,CE,Federal Contract Tower,0,20,7,1,28,0,52,10,0,62,0,72,17,1,90,0,0,0,90
02/25/2021,MGW,WV,AEA,CE,Federal Contract Tower,0,15,11,0,26,0,74,52,14,140,0,89,63,14,166,74,22,96,262
02/26/2021,MGW,WV,AEA,CE,Federal Contract Tower,0,13,10,0,23,0,37,21,2,60,0,50,31,2,83,8,0,8,91
02/27/2021,MGW,WV,AEA,CE,Federal Contract Tower,0,12,4,0,16,0,29,4,0,33,0,41,8,0,49,0,0,0,49
02/28/2021,MGW,WV,AEA,CE,Federal Contract Tower,0,11,6,0,17,0,0,0,0,0,0,11,6,0,17,0,0,0,17
03/01/2021,MGW,WV,AEA,CE,Federal Contract Tower,0,11,4,0,15,0,28,7,0,35,0,39,11,0,50,6,0,6,56
03/02/2021,MGW,WV,AEA,CE,Federal Contract Tower,0,12,18,0,30,0,93,31,0,124,0,105,49,0,154,66,0,66,220
03/03/2021,MGW,WV,AEA,CE,Federal Contract Tower,0,15,8,8,31,0,50,37,3,90,0,65,45,11,121,62,22,84,205
03/04/2021,MGW,WV,AEA,CE,Federal Contract Tower,0,17,16,0,33,0,70,13,0,83,0,87,29,0,116,26,0,26,142
03/05/2021,MGW,WV,AEA,CE,Federal Contract Tower,0,16,9,2,27,0,70,49,12,131,0,86,58,14,158,32,14,46,204
03/06/2021,MGW,WV,AEA,CE,Federal Contract Tower,0,12,12,0,24,0,37,63,1,101,0,49,75,1,125,22,0,22,147
03/07/2021,MGW,WV,AEA,CE,Federal Contract Tower,0,16,15,2,33,0,40,61,0,101,0,56,76,2,134,92,0,92,226
03/08/2021,MGW,WV,AEA,CE,Federal Contract Tower,0,17,4,6,27,0,99,32,0,131,0,116,36,6,158,56,6,62,220
03/09/2021,MGW,WV,AEA,CE,Federal Contract Tower,0,14,14,0,28,0,81,39,0,120,0,95,53,0,148,132,0,132,280
03/10/2021,MGW,WV,AEA,CE,Federal Contract Tower,0,16,14,0,30,0,60,36,0,96,0,76,50,0,126,106,0,106,232
03/11/2021,MGW,WV,AEA,CE,Federal Contract Tower,0,22,8,0,30,0,35,4,2,41,0,57,12,2,71,0,0,0,71
03/12/2021,MGW,WV,AEA,CE,Federal Contract Tower,0,23,12,0,35,0,64,32,16,112,0,87,44,16,147,34,0,34,181
03/13/2021,MGW,WV,AEA,CE,Federal Contract Tower,0,9,9,0,18,0,63,58,6,127,0,72,67,6,145,60,0,60,205
03/14/2021,MGW,WV,AEA,CE,Federal Contract Tower,0,8,14,0,22,0,66,33,0,99,0,74,47,0,121,28,0,28,149
03/15/2021,MGW,WV,AEA,CE,Federal Contract Tower,0,12,9,0,21,0,35,38,0,73,0,47,47,0,94,54,0,54,148
03/16/2021,MGW,WV,AEA,CE,Federal Contract Tower,0,12,6,0,18,0,43,17,0,60,0,55,23,0,78,46,0,46,124
03/17/2021,MGW,WV,AEA,CE,Federal Contract Tower,0,21,11,7,39,0,40,29,0,69,0,61,40,7,108,68,8,76,184
03/18/2021,MGW,WV,AEA,CE,Federal Contract Tower,0,16,2,0,18,0,0,0,0,0,0,16,2,0,18,0,0,0,18
03/19/2021,MGW,WV,AEA,CE,Federal Contract Tower,0,12,15,2,29,0,68,20,2,90,0,80,35,4,119,4,0,4,123
03/20/2021,MGW,WV,AEA,CE,Federal Contract Tower,0,8,10,0,18,0,62,57,6,125,0,70,67,6,143,76,0,76,219
03/21/2021,MGW,WV,AEA,CE,Federal Contract Tower,0,15,12,0,27,0,79,54,8,141,0,94,66,8,168,94,0,94,262
03/22/2021,MGW,WV,AEA,CE,Federal Contract Tower,0,15,12,1,28,0,61,54,0,115,0,76,66,1,143,78,0,78,221
03/23/2021,MGW,WV,AEA,CE,Federal Contract Tower,0,12,11,0,23,0,62,36,0,98,0,74,47,0,121,100,0,100,221
03/24/2021,MGW,WV,AEA,CE,Federal Contract Tower,0,20,11,0,31,0,59,26,0,85,0,79,37,0,116,98,0,98,214
03/25/2021,MGW,WV,AEA,CE,Federal Contract Tower,0,13,8,2,23,0,56,20,0,76,0,69,28,2,99,62,0,62,161
03/26/2021,MGW,WV,AEA,CE,Federal Contract Tower,0,12,7,0,19,0,55,6,0,61,0,67,13,0,80,8,0,8,88
03/27/2021,MGW,WV,AEA,CE,Federal Contract Tower,0,10,9,0,19,0,48,58,2,108,0,58,67,2,127,94,0,94,221
03/28/2021,MGW,WV,AEA,CE,Federal Contract Tower,0,10,6,0,16,0,13,0,0,13,0,23,6,0,29,0,0,0,29
03/29/2021,MGW,WV,AEA,CE,Federal Contract Tower,0,18,9,0,27,0,89,54,2,145,0,107,63,2,172,74,0,74,246
03/30/2021,MGW,WV,AEA,CE,Federal Contract Tower,0,15,12,2,29,0,56,36,3,95,0,71,48,5,124,42,8,50,174
03/31/2021,MGW,WV,AEA,CE,Federal Contract Tower,0,15,2,0,17,0,8,2,0,10,0,23,4,0,27,0,0,0,27
04/02/2021,MGW,WV,AEA,CE,Federal Contract Tower,0,17,7,0,24,0,38,12,0,50,0,55,19,0,74,14,0,14,88
04/03/2021,MGW,WV,AEA,CE,Federal Contract Tower,0,13,9,0,22,0,52,41,2,95,0,65,50,2,117,20,0,20,137
04/04/2021,MGW,WV,AEA,CE,Federal Contract Tower,0,10,11,0,21,0,90,12,2,104,0,100,23,2,125,24,0,24,149
04/05/2021,MGW,WV,AEA,CE,Federal Contract Tower,0,13,8,0,21,0,83,49,0,132,0,96,57,0,153,70,0,70,223
04/06/2021,MGW,WV,AEA,CE,Federal Contract Tower,0,22,15,1,38,0,111,44,2,157,0,133,59,3,195,144,0,144,339
04/07/2021,MGW,WV,AEA,CE,Federal Contract Tower,0,13,22,2,37,0,43,36,0,79,0,56,58,2,116,86,0,86,202
04/08/2021,MGW,WV,AEA,CE,Federal Contract Tower,0,14,10,4,28,0,69,24,2,95,0,83,34,6,123,34,0,34,157
04/09/2021,MGW,WV,AEA,CE,Federal Contract Tower,0,12,18,2,32,0,51,29,1,81,0,63,47,3,113,56,0,56,169
04/10/2021,MGW,WV,AEA,CE,Federal Contract Tower,0,8,4,0,12,0,82,36,2,120,0,90,40,2,132,26,0,26,158
04/11/2021,MGW,WV,AEA,CE,Federal Contract Tower,0,8,5,2,15,0,31,20,0,51,0,39,25,2,66,30,0,30,96
04/12/2021,MGW,WV,AEA,CE,Federal Contract Tower,0,17,11,1,29,0,41,16,0,57,0,58,27,1,86,34,0,34,120
04/13/2021,MGW,WV,AEA,CE,Federal Contract Tower,0,14,16,2,32,0,94,30,0,124,0,108,46,2,156,54,0,54,210
04/14/2021,MGW,WV,AEA,CE,Federal Contract Tower,0,20,15,2,37,0,28,16,0,44,0,48,31,2,81,34,2,36,117
04/15/2021,MGW,WV,AEA,CE,Federal Contract Tower,0,17,11,0,28,0,62,33,6,101,0,79,44,6,129,80,0,80,209
04/16/2021,MGW,WV,AEA,CE,Federal Contract Tower,0,12,13,7,32,0,51,26,26,103,0,63,39,33,135,90,0,90,225
04/17/2021,MGW,WV,AEA,CE,Federal Contract Tower,0,10,3,0,13,0,64,45,0,109,0,74,48,0,122,56,0,56,178
04/18/2021,MGW,WV,AEA,CE,Federal Contract Tower,0,10,13,0,23,0,64,33,0,97,0,74,46,0,120,70,0,70,190
04/19/2021,MGW,WV,AEA,CE,Federal Contract Tower,0,15,10,0,25,0,74,55,10,139,0,89,65,10,164,48,0,48,212
04/20/2021,MGW,WV,AEA,CE,Federal Contract Tower,0,13,9,0,22,0,53,39,3,95,0,66,48,3,117,16,0,16,133
04/21/2021,MGW,WV,AEA,CE,Federal Contract Tower,0,13,4,0,17,0,4,0,0,4,0,17,4,0,21,0,0,0,21
04/22/2021,MGW,WV,AEA,CE,Federal Contract Tower,0,14,6,13,33,0,45,37,4,86,0,59,43,17,119,38,0,38,157
04/23/2021,MGW,WV,AEA,CE,Federal Contract Tower,0,30,10,0,40,0,73,38,10,121,0,103,48,10,161,32,0,32,193
04/24/2021,MGW,WV,AEA,CE,Federal Contract Tower,0,15,3,0,18,0,54,40,4,98,0,69,43,4,116,50,0,50,166
04/25/2021,MGW,WV,AEA,CE,Federal Contract Tower,0,14,5,3,22,0,37,7,0,44,0,51,12,3,66,12,0,12,78
04/26/2021,MGW,WV,AEA,CE,Federal Contract Tower,0,13,11,0,24,0,100,68,6,174,0,113,79,6,198,102,0,102,300
04/27/2021,MGW,WV,AEA,CE,Federal Contract Tower,0,12,13,2,27,0,141,32,5,178,0,153,45,7,205,74,10,84,289
04/28/2021,MGW,WV,AEA,CE,Federal Contract Tower,0,21,12,1,34,0,108,32,1,141,0,129,44,2,175,100,0,100,275
04/29/2021,MGW,WV,AEA,CE,Federal Contract Tower,0,19,8,0,27,0,18,8,0,26,0,37,16,0,53,24,0,24,77
04/30/2021,MGW,WV,AEA,CE,Federal Contract Tower,0,15,7,2,24,0,39,8,2,49,0,54,15,4,73,0,0,0,73
05/01/2021,MGW,WV,AEA,CE,Federal Contract Tower,0,9,3,0,12,0,46,60,1,107,0,55,63,1,119,122,0,122,241
05/02/2021,MGW,WV,AEA,CE,Federal Contract Tower,0,9,9,2,20,0,83,38,4,125,0,92,47,6,145,68,0,68,213
05/03/2021,MGW,WV,AEA,CE,Federal Contract Tower,0,12,10,1,23,0,13,15,2,30,0,25,25,3,53,28,0,28,81
05/04/2021,MGW,WV,AEA,CE,Federal Contract Tower,0,14,4,0,18,0,26,2,0,28,0,40,6,0,46,20,0,20,66
05/05/2021,MGW,WV,AEA,CE,Federal Contract Tower,0,16,17,0,33,0,19,0,0,19,0,35,17,0,52,0,0,0,52
05/06/2021,MGW,WV,AEA,CE,Federal Contract Tower,0,15,16,2,33,0,80,56,2,138,0,95,72,4,171,116,2,118,289
05/07/2021,MGW,WV,AEA,CE,Federal Contract Tower,0,12,8,2,22,0,23,6,0,29,0,35,14,2,51,24,0,24,75
05/08/2021,MGW,WV,AEA,CE,Federal Contract Tower,0,12,6,0,18,0,33,21,0,54,0,45,27,0,72,54,0,54,126
05/09/2021,MGW,WV,AEA,CE,Federal Contract Tower,0,8,4,0,12,0,0,0,0,0,0,8,4,0,12,0,0,0,12
05/10/2021,MGW,WV,AEA,CE,Federal Contract Tower,0,13,27,0,40,0,66,33,4,103,0,79,60,4,143,54,0,54,197
05/11/2021,MGW,WV,AEA,CE,Federal Contract Tower,0,15,8,0,23,0,58,56,2,116,0,73,64,2,139,136,0,136,275
05/12/2021,MGW,WV,AEA,CE,Federal Contract Tower,0,14,19,1,34,0,52,37,1,90,0,66,56,2,124,65,0,65,189
05/13/2021,MGW,WV,AEA,CE,Federal Contract Tower,0,15,17,1,33,0,58,50,2,110,0,73,67,3,143,84,2,86,229
05/14/2021,MGW,WV,AEA,CE,Federal Contract Tower,0,16,18,0,34,0,79,52,2,133,0,95,70,2,167,58,0,58,225
05/15/2021,MGW,WV,AEA,CE,Federal Contract Tower,0,12,8,0,20,0,77,77,8,162,0,89,85,8,182,82,0,82,264
05/16/2021,MGW,WV,AEA,CE,Federal Contract Tower,0,9,11,0,20,0,71,49,0,120,0,80,60,0,140,60,0,60,200
05/17/2021,MGW,WV,AEA,CE,Federal Contract Tower,0,15,14,1,30,0,65,37,4,106,0,80,51,5,136,54,8,62,198
05/18/2021,MGW,WV,AEA,CE,Federal Contract Tower,0,19,18,0,37,0,90,57,0,147,0,109,75,0,184,132,0,132,316
05/19/2021,MGW,WV,AEA,CE,Federal Contract Tower,0,18,24,0,42,0,60,48,2,110,0,78,72,2,152,132,0,132,284
05/20/2021,MGW,WV,AEA,CE,Federal Contract Tower,0,22,6,0,28,0,65,65,6,136,0,87,71,6,164,128,0,128,292
05/21/2021,MGW,WV,AEA,CE,Federal Contract Tower,0,19,13,0,32,0,88,32,10,130,0,107,45,10,162,44,0,44,206
05/22/2021,MGW,WV,AEA,CE,Federal Contract Tower,0,10,3,0,13,0,86,65,6,157,0,96,68,6,170,62,12,74,244
05/23/2021,MGW,WV,AEA,CE,Federal Contract Tower,0,9,11,0,20,0,81,46,4,131,0,90,57,4,151,116,0,116,267
05/24/2021,MGW,WV,AEA,CE,Federal Contract Tower,0,14,4,2,20,0,41,37,0,78,0,55,41,2,98,94,0,94,192
05/25/2021,MGW,WV,AEA,CE,Federal Contract Tower,0,12,10,4,26,0,79,39,2,120,0,91,49,6,146,70,8,78,224
05/26/2021,MGW,WV,AEA,CE,Federal Contract Tower,0,16,13,0,29,0,64,28,0,92,0,80,41,0,121,54,0,54,175
05/27/2021,MGW,WV,AEA,CE,Federal Contract Tower,0,19,17,0,36,0,59,58,4,121,0,78,75,4,157,126,6,132,289
05/28/2021,MGW,WV,AEA,CE,Federal Contract Tower,0,12,10,0,22,0,7,10,0,17,0,19,20,0,39,10,0,10,49
05/29/2021,MGW,WV,AEA,CE,Federal Contract Tower,0,13,8,0,21,0,0,0,0,0,0,13,8,0,21,0,0,0,21
05/30/2021,MGW,WV,AEA,CE,Federal Contract Tower,0,23,10,0,33,0,49,22,0,71,0,72,32,0,104,84,0,84,188
05/31/2021,MGW,WV,AEA,CE,Federal Contract Tower,0,16,15,0,31,0,91,50,0,141,0,107,65,0,172,64,0,64,236
06/01/2021,MGW,WV,AEA,CE,Federal Contract Tower,0,20,12,2,34,0,67,38,9,114,0,87,50,11,148,82,0,82,230
06/02/2021,MGW,WV,AEA,CE,Federal Contract Tower,0,15,18,0,33,0,64,18,0,82,0,79,36,0,115,42,0,42,157
06/03/2021,MGW,WV,AEA,CE,Federal Contract Tower,0,18,8,0,26,0,46,8,0,54,0,64,16,0,80,28,0,28,108
06/04/2021,MGW,WV,AEA,CE,Federal Contract Tower,0,16,29,3,48,0,63,36,2,101,0,79,65,5,149,56,0,56,205
06/05/2021,MGW,WV,AEA,CE,Federal Contract Tower,0,10,19,0,29,0,117,70,3,190,0,127,89,3,219,30,0,30,249
06/06/2021,MGW,WV,AEA,CE,Federal Contract Tower,0,19,12,2,33,0,108,61,4,173,0,127,73,6,206,98,0,98,304
06/07/2021,MGW,WV,AEA,CE,Federal Contract Tower,0,12,19,6,37,0,57,30,0,87,0,69,49,6,124,122,0,122,246
06/08/2021,MGW,WV,AEA,CE,Federal Contract Tower,0,19,8,2,29,0,40,18,6,64,0,59,26,8,93,38,0,38,131
06/09/2021,MGW,WV,AEA,CE,Federal Contract Tower,0,17,15,0,32,0,36,22,0,58,0,53,37,0,90,78,0,78,168
06/10/2021,MGW,WV,AEA,CE,Federal Contract Tower,0,21,17,0,38,0,62,17,0,79,0,83,34,0,117,18,0,18,135
06/11/2021,MGW,WV,AEA,CE,Federal Contract Tower,0,24,5,0,29,0,16,33,4,53,0,40,38,4,82,64,0,64,146
06/12/2021,MGW,WV,AEA,CE,Federal Contract Tower,0,12,13,0,25,0,81,59,7,147,0,93,72,7,172,62,0,62,234
06/13/2021,MGW,WV,AEA,CE,Federal Contract Tower,0,13,3,0,16,0,16,21,0,37,0,29,24,0,53,14,0,14,67
06/14/2021,MGW,WV,AEA,CE,Federal Contract Tower,0,15,7,0,22,0,47,25,30,102,0,62,32,30,124,72,0,72,196
06/15/2021,MGW,WV,AEA,CE,Federal Contract Tower,0,21,16,1,38,0,87,29,19,135,0,108,45,20,173,44,32,76,249
06/16/2021,MGW,WV,AEA,CE,Federal Contract Tower,0,17,13,2,32,0,57,38,2,97,0,74,51,4,129,88,6,94,223
06/17/2021,MGW,WV,AEA,CE,Federal Contract Tower,0,12,16,4,32,0,47,47,2,96,0,59,63,6,128,68,0,68,196
06/18/2021,MGW,WV,AEA,CE,Federal Contract Tower,0,19,18,0,37,0,77,38,12,127,0,96,56,12,164,94,0,94,258
06/19/2021,MGW,WV,AEA,CE,Federal Contract Tower,0,7,8,0,15,0,65,24,0,89,0,72,32,0,104,10,0,10,114
06/20/2021,MGW,WV,AEA,CE,Federal Contract Tower,0,13,4,0,17,0,93,25,0,118,0,106,29,0,135,46,0,46,181
06/21/2021,MGW,WV,AEA,CE,Federal Contract Tower,0,12,7,0,19,0,23,25,0,48,0,35,32,0,67,54,0,54,121
06/22/2021,MGW,WV,AEA,CE,Federal Contract Tower,0,20,6,1,27,0,56,18,1,75,0,76,24,2,102,26,0,26,128
06/23/2021,MGW,WV,AEA,CE,Federal Contract Tower,0,14,20,0,34,0,74,49,2,125,0,88,69,2,159,114,0,114,273
06/24/2021,MGW,WV,AEA,CE,Federal Contract Tower,0,12,32,0,44,0,61,70,2,133,0,73,102,2,177,164,0,164,341
06/25/2021,MGW,WV,AEA,CE,Federal Contract Tower,0,17,11,0,28,0,65,46,0,111,0,82,57,0,139,54,0,54,193
06/26/2021,MGW,WV,AEA,CE,Federal Contract Tower,0,10,5,0,15,0,66,55,2,123,0,76,60,2,138,36,0,36,174
06/27/2021,MGW,WV,AEA,CE,Federal Contract Tower,0,9,2,0,11,0,66,52,0,118,0,75,54,0,129,32,0,32,161
06/28/2021,MGW,WV,AEA,CE,Federal Contract Tower,0,14,7,0,21,0,44,49,0,93,0,58,56,0,114,98,0,98,212
06/29/2021,MGW,WV,AEA,CE,Federal Contract Tower,0,21,7,2,30,0,89,69,8,166,0,110,76,10,196,132,16,148,344
06/30/2021,MGW,WV,AEA,CE,Federal Contract Tower,0,16,10,2,28,0,48,20,0,68,0,64,30,2,96,34,0,34,130
07/01/2021,MGW,WV,AEA,CE,Federal Contract Tower,0,18,4,0,22,0,4,4,0,8,0,22,8,0,30,0,0,0,30
07/02/2021,MGW,WV,AEA,CE,Federal Contract Tower,0,22,14,0,36,0,99,39,1,139,0,121,53,1,175,60,0,60,235
07/03/2021,MGW,WV,AEA,CE,Federal Contract Tower,0,13,7,0,20,0,67,38,2,107,0,80,45,2,127,36,0,36,163
07/04/2021,MGW,WV,AEA,CE,Federal Contract Tower,0,8,7,0,15,0,112,37,0,149,0,120,44,0,164,82,0,82,246
07/05/2021,MGW,WV,AEA,CE,Federal Contract Tower,0,14,13,0,27,0,45,47,0,92,0,59,60,0,119,94,0,94,213
07/06/2021,MGW,WV,AEA,CE,Federal Contract Tower,0,12,10,0,22,0,88,38,4,130,0,100,48,4,152,42,0,42,194
07/07/2021,MGW,WV,AEA,CE,Federal Contract Tower,0,16,10,0,26,0,58,14,0,72,0,74,24,0,98,34,0,34,132
07/08/2021,MGW,WV,AEA,CE,Federal Contract Tower,0,15,12,0,27,0,50,32,0,82,0,65,44,0,109,58,0,58,167
07/09/2021,MGW,WV,AEA,CE,Federal Contract Tower,0,17,7,4,28,0,63,21,0,84,0,80,28,4,112,12,0,12,124
07/10/2021,MGW,WV,AEA,CE,Federal Contract Tower,0,9,7,0,16,0,75,92,0,167,0,84,99,0,183,36,0,36,219
07/11/2021,MGW,WV,AEA,CE,Federal Contract Tower,0,9,14,0,23,0,33,25,14,72,0,42,39,14,95,70,0,70,165
07/12/2021,MGW,WV,AEA,CE,Federal Contract Tower,0,14,14,2,30,0,72,50,14,136,0,86,64,16,166,80,0,80,246
07/13/2021,MGW,WV,AEA,CE,Federal Contract Tower,0,20,18,1,39,0,87,32,0,119,0,107,50,1,158,98,0,98,256
07/14/2021,MGW,WV,AEA,CE,Federal Contract Tower,0,27,16,2,45,0,59,30,0,89,0,86,46,2,134,122,0,122,256
07/15/2021,MGW,WV,AEA,CE,Federal Contract Tower,0,17,10,0,27,0,49,41,2,92,0,66,51,2,119,114,0,114,233
07/16/2021,MGW,WV,AEA,CE,Federal Contract Tower,0,17,15,0,32,0,20,36,6,62,0,37,51,6,94,0,0,0,94
07/17/2021,MGW,WV,AEA,CE,Federal Contract Tower,0,7,5,0,12,0,37,21,6,64,0,44,26,6,76,0,0,0,76
07/18/2021,MGW,WV,AEA,CE,Federal Contract Tower,0,12,14,0,26,0,30,43,2,75,0,42,57,2,101,72,0,72,173
07/19/2021,MGW,WV,AEA,CE,Federal Contract Tower,0,13,7,4,24,0,47,43,4,94,0,60,50,8,118,112,24,136,254
07/20/2021,MGW,WV,AEA,CE,Federal Contract Tower,0,14,6,0,20,0,79,26,1,106,0,93,32,1,126,54,0,54,180
07/21/2021,MGW,WV,AEA,CE,Federal Contract Tower,0,16,17,0,33,0,40,18,3,61,0,56,35,3,94,54,0,54,148
07/22/2021,MGW,WV,AEA,CE,Federal Contract Tower,0,12,5,0,17,0,67,50,14,131,0,79,55,14,148,66,26,92,240
07/23/2021,MGW,WV,AEA,CE,Federal Contract Tower,0,15,6,3,24,0,67,39,4,110,0,82,45,7,134,22,0,22,156
07/24/2021,MGW,WV,AEA,CE,Federal Contract Tower,0,10,12,2,24,0,115,54,5,174,0,125,66,7,198,32,0,32,230
07/25/2021,MGW,WV,AEA,CE,Federal Contract Tower,0,14,7,1,22,0,82,33,0,115,0,96,40,1,137,70,0,70,207
07/26/2021,MGW,WV,AEA,CE,Federal Contract Tower,0,13,12,0,25,0,63,56,0,119,0,76,68,0,144,36,0,36,180
07/27/2021,MGW,WV,AEA,CE,Federal Contract Tower,0,15,19,4,38,0,38,38,0,76,0,53,57,4,114,62,0,62,176
07/28/2021,MGW,WV,AEA,CE,Federal Contract Tower,0,21,23,0,44,0,92,33,2,127,0,113,56,2,171,48,2,50,221
07/29/2021,MGW,WV,AEA,CE,Federal Contract Tower,0,18,4,0,22,0,20,26,2,48,0,38,30,2,70,24,0,24,94
07/30/2021,MGW,WV,AEA,CE,Federal Contract Tower,0,13,12,1,26,0,67,33,3,103,0,80,45,4,129,54,30,84,213
07/31/2021,MGW,WV,AEA,CE,Federal Contract Tower,0,10,10,0,20,0,28,61,0,89,0,38,71,0,109,66,0,66,175
08/01/2021,MGW,WV,AEA,CE,Federal Contract Tower,0,7,11,0,18,0,48,29,3,80,0,55,40,3,98,24,0,24,122
08/02/2021,MGW,WV,AEA,CE,Federal Contract Tower,0,11,21,0,32,0,54,18,0,72,0,65,39,0,104,40,0,40,144
08/03/2021,MGW,WV,AEA,CE,Federal Contract Tower,0,21,17,4,42,0,48,25,3,76,0,69,42,7,118,80,6,86,204
08/04/2021,MGW,WV,AEA,CE,Federal Contract Tower,0,22,16,0,38,0,62,31,0,93,0,84,47,0,131,128,0,128,259
08/05/2021,MGW,WV,AEA,CE,Federal Contract Tower,0,17,11,2,30,0,89,36,0,125,0,106,47,2,155,68,0,68,223
08/06/2021,MGW,WV,AEA,CE,Federal Contract Tower,0,15,10,0,25,0,87,37,2,126,0,102,47,2,151,48,0,48,199
08/07/2021,MGW,WV,AEA,CE,Federal Contract Tower,0,13,7,0,20,0,74,37,2,113,0,87,44,2,133,48,0,48,181
08/08/2021,MGW,WV,AEA,CE,Federal Contract Tower,0,7,7,0,14,0,69,48,0,117,0,76,55,0,131,34,0,34,165
08/09/2021,MGW,WV,AEA,CE,Federal Contract Tower,0,14,17,1,32,0,41,40,2,83,0,55,57,3,115,60,0,60,175
08/10/2021,MGW,WV,AEA,CE,Federal Contract Tower,0,15,1,0,16,0,22,6,0,28,0,37,7,0,44,0,0,0,44
08/11/2021,MGW,WV,AEA,CE,Federal Contract Tower,0,13,10,2,25,0,38,16,2,56,0,51,26,4,81,30,0,30,111
08/12/2021,MGW,WV,AEA,CE,Federal Contract Tower,0,14,7,0,21,0,32,23,4,59,0,46,30,4,80,0,0,0,80
08/13/2021,MGW,WV,AEA,CE,Federal Contract Tower,0,20,9,0,29,0,62,14,2,78,0,82,23,2,107,30,0,30,137
08/14/2021,MGW,WV,AEA,CE,Federal Contract Tower,0,17,10,0,27,0,54,12,8,74,0,71,22,8,101,0,0,0,101
08/15/2021,MGW,WV,AEA,CE,Federal Contract Tower,0,11,21,0,32,0,68,35,2,105,0,79,56,2,137,68,0,68,205
08/16/2021,MGW,WV,AEA,CE,Federal Contract Tower,0,11,2,0,13,0,12,8,0,20,0,23,10,0,33,8,0,8,41
08/17/2021,MGW,WV,AEA,CE,Federal Contract Tower,0,19,6,0,25,0,46,14,0,60,0,65,20,0,85,56,0,56,141
08/18/2021,MGW,WV,AEA,CE,Federal Contract Tower,0,15,4,0,19,0,10,2,0,12,0,25,6,0,31,4,0,4,35
08/19/2021,MGW,WV,AEA,CE,Federal Contract Tower,0,20,16,0,36,0,39,13,0,52,0,59,29,0,88,12,0,12,100
08/20/2021,MGW,WV,AEA,CE,Federal Contract Tower,0,16,12,0,28,0,42,29,3,74,0,58,41,3,102,66,8,74,176
08/21/2021,MGW,WV,AEA,CE,Federal Contract Tower,0,19,14,0,33,0,68,35,2,105,0,87,49,2,138,30,0,30,168
08/22/2021,MGW,WV,AEA,CE,Federal Contract Tower,0,10,10,0,20,0,51,35,0,86,0,61,45,0,106,42,0,42,148
08/23/2021,MGW,WV,AEA,CE,Federal Contract Tower,0,19,4,5,28,0,31,28,2,61,0,50,32,7,89,50,0,50,139
08/24/2021,MGW,WV,AEA,CE,Federal Contract Tower,0,15,12,2,29,0,66,31,2,99,0,81,43,4,128,98,6,104,232
08/25/2021,MGW,WV,AEA,CE,Federal Contract Tower,0,19,12,0,31,0,52,42,0,94,0,71,54,0,125,92,0,92,217
08/27/2021,MGW,WV,AEA,CE,Federal Contract Tower,0,20,12,1,33,0,64,92,2,158,0,84,104,3,191,74,0,74,265
08/28/2021,MGW,WV,AEA,CE,Federal Contract Tower,0,18,12,0,30,0,70,40,15,125,0,88,52,15,155,52,0,52,207
08/29/2021,MGW,WV,AEA,CE,Federal Contract Tower,0,9,6,0,15,0,40,31,0,71,0,49,37,0,86,34,0,34,120
08/30/2021,MGW,WV,AEA,CE,Federal Contract Tower,0,12,8,0,20,0,54,25,4,83,0,66,33,4,103,86,0,86,189
08/31/2021,MGW,WV,AEA,CE,Federal Contract Tower,0,16,16,0,32,0,35,7,0,42,0,51,23,0,74,0,0,0,74
09/01/2021,MGW,WV,AEA,CE,Federal Contract Tower,0,15,3,0,18,0,9,3,0,12,0,24,6,0,30,0,0,0,30
09/02/2021,MGW,WV,AEA,CE,Federal Contract Tower,0,21,8,0,29,0,73,46,0,119,0,94,54,0,148,68,0,68,216
09/03/2021,MGW,WV,AEA,CE,Federal Contract Tower,0,29,12,1,42,0,48,50,2,100,0,77,62,3,142,58,0,58,200
09/04/2021,MGW,WV,AEA,CE,Federal Contract Tower,0,8,11,0,19,0,63,52,4,119,0,71,63,4,138,64,0,64,202
09/05/2021,MGW,WV,AEA,CE,Federal Contract Tower,0,7,10,0,17,0,0,0,0,0,0,7,10,0,17,0,0,0,17
09/06/2021,MGW,WV,AEA,CE,Federal Contract Tower,0,15,6,0,21,0,66,27,0,93,0,81,33,0,114,56,0,56,170
09/07/2021,MGW,WV,AEA,CE,Federal Contract Tower,0,15,14,11,40,0,78,29,0,107,0,93,43,11,147,54,0,54,201
09/08/2021,MGW,WV,AEA,CE,Federal Contract Tower,0,17,10,2,29,0,30,13,0,43,0,47,23,2,72,0,0,0,72
09/09/2021,MGW,WV,AEA,CE,Federal Contract Tower,0,19,11,0,30,0,53,26,0,79,0,72,37,0,109,44,0,44,153
09/10/2021,MGW,WV,AEA,CE,Federal Contract Tower,0,22,22,0,44,0,58,40,10,108,0,80,62,10,152,72,12,84,236
09/11/2021,MGW,WV,AEA,CE,Federal Contract Tower,0,9,14,2,25,0,98,36,6,140,0,107,50,8,165,100,0,100,265
09/12/2021,MGW,WV,AEA,CE,Federal Contract Tower,0,10,14,0,24,0,58,46,8,112,0,68,60,8,136,20,18,38,174
09/13/2021,MGW,WV,AEA,CE,Federal Contract Tower,0,11,11,0,22,0,70,31,0,101,0,81,42,0,123,64,0,64,187
09/14/2021,MGW,WV,AEA,CE,Federal Contract Tower,0,15,19,0,34,0,56,16,0,72,0,71,35,0,106,34,0,34,140
09/15/2021,MGW,WV,AEA,CE,Federal Contract Tower,0,11,10,0,21,0,48,9,2,59,0,59,19,2,80,30,10,40,120
09/16/2021,MGW,WV,AEA,CE,Federal Contract Tower,0,24,14,1,39,0,56,25,6,87,0,80,39,7,126,40,0,40,166
09/17/2021,MGW,WV,AEA,CE,Federal Contract Tower,0,15,17,0,32,0,75,28,2,105,0,90,45,2,137,34,0,34,171
09/18/2021,MGW,WV,AEA,CE,Federal Contract Tower,0,14,30,0,44,0,66,49,4,119,0,80,79,4,163,156,0,156,319
09/19/2021,MGW,WV,AEA,CE,Federal Contract Tower,0,11,4,1,16,0,62,52,0,114,0,73,56,1,130,72,0,72,202
09/20/2021,MGW,WV,AEA,CE,Federal Contract Tower,0,22,12,1,35,0,98,40,0,138,0,120,52,1,173,92,0,92,265
09/21/2021,MGW,WV,AEA,CE,Federal Contract Tower,0,14,8,6,28,0,36,24,0,60,0,50,32,6,88,44,0,44,132
09/22/2021,MGW,WV,AEA,CE,Federal Contract Tower,0,15,8,2,25,0,32,12,2,46,0,47,20,4,71,8,0,8,79
09/23/2021,MGW,WV,AEA,CE,Federal Contract Tower,0,15,9,10,34,0,40,13,3,56,0,55,22,13,90,54,0,54,144
09/24/2021,MGW,WV,AEA,CE,Federal Contract Tower,0,17,8,0,25,0,45,43,2,90,0,62,51,2,115,14,0,14,129
09/25/2021,MGW,WV,AEA,CE,Federal Contract Tower,0,9,14,2,25,0,65,38,4,107,0,74,52,6,132,66,0,66,198
09/26/2021,MGW,WV,AEA,CE,Federal Contract Tower,0,20,9,0,29,0,129,43,0,172,0,149,52,0,201,46,0,46,247
09/27/2021,MGW,WV,AEA,CE,Federal Contract Tower,0,11,6,0,17,0,87,33,2,122,0,98,39,2,139,64,0,64,203
09/28/2021,MGW,WV,AEA,CE,Federal Contract Tower,0,20,12,0,32,0,77,14,22,113,0,97,26,22,145,52,0,52,197
09/29/2021,MGW,WV,AEA,CE,Federal Contract Tower,0,16,21,2,39,0,68,42,5,115,0,84,63,7,154,68,0,68,222
09/30/2021,MGW,WV,AEA,CE,Federal Contract Tower,0,20,19,2,41,0,40,35,10,85,0,60,54,12,126,68,0,68,194
10/01/2021,MGW,WV,AEA,CE,Federal Contract Tower,0,21,28,0,49,0,39,22,0,61,0,60,50,0,110,26,0,26,136
10/02/2021,MGW,WV,AEA,CE,Federal Contract Tower,0,11,26,0,37,0,98,39,0,137,0,109,65,0,174,106,0,106,280
10/03/2021,MGW,WV,AEA,CE,Federal Contract Tower,0,26,25,0,51,0,64,34,0,98,0,90,59,0,149,68,0,68,217
10/04/2021,MGW,WV,AEA,CE,Federal Contract Tower,0,15,11,0,26,0,26,9,0,35,0,41,20,0,61,8,0,8,69
10/05/2021,MGW,WV,AEA,CE,Federal Contract Tower,0,18,12,0,30,0,61,25,2,88,0,79,37,2,118,60,0,60,178
10/06/2021,MGW,WV,AEA,CE,Federal Contract Tower,0,19,7,0,26,0,81,29,0,110,0,100,36,0,136,84,0,84,220
10/07/2021,MGW,WV,AEA,CE,Federal Contract Tower,0,20,11,0,31,0,55,21,0,76,0,75,32,0,107,48,0,48,155
10/08/2021,MGW,WV,AEA,CE,Federal Contract Tower,0,22,12,0,34,0,42,45,4,91,0,64,57,4,125,60,0,60,185
10/09/2021,MGW,WV,AEA,CE,Federal Contract Tower,0,13,16,0,29,0,52,18,0,70,0,65,34,0,99,16,0,16,115
10/10/2021,MGW,WV,AEA,CE,Federal Contract Tower,0,15,7,0,22,0,71,41,4,116,0,86,48,4,138,108,0,108,246
10/11/2021,MGW,WV,AEA,CE,Federal Contract Tower,0,11,13,0,24,0,59,34,2,95,0,70,47,2,119,68,0,68,187
10/12/2021,MGW,WV,AEA,CE,Federal Contract Tower,0,32,18,1,51,0,93,37,5,135,0,125,55,6,186,98,0,98,284
10/13/2021,MGW,WV,AEA,CE,Federal Contract Tower,0,19,32,0,51,0,97,35,0,132,0,116,67,0,183,44,0,44,227
10/14/2021,MGW,WV,AEA,CE,Federal Contract Tower,0,22,20,0,42,0,77,37,0,114,0,99,57,0,156,92,0,92,248
10/15/2021,MGW,WV,AEA,CE,Federal Contract Tower,0,15,16,0,31,0,69,31,4,104,0,84,47,4,135,66,0,66,201
10/16/2021,MGW,WV,AEA,CE,Federal Contract Tower,0,8,9,0,17,0,37,5,0,42,0,45,14,0,59,12,0,12,71
10/17/2021,MGW,WV,AEA,CE,Federal Contract Tower,0,8,14,0,22,0,51,30,2,83,0,59,44,2,105,46,0,46,151
10/18/2021,MGW,WV,AEA,CE,Federal Contract Tower,0,15,8,0,23,0,91,18,6,115,0,106,26,6,138,0,12,12,150
10/19/2021,MGW,WV,AEA,CE,Federal Contract Tower,0,24,17,5,46,0,88,46,9,143,0,112,63,14,189,60,0,60,249
10/20/2021,MGW,WV,AEA,CE,Federal Contract Tower,0,17,16,0,33,0,50,52,9,111,0,67,68,9,144,114,0,114,258
10/21/2021,MGW,WV,AEA,CE,Federal Contract Tower,0,12,14,0,26,0,36,27,4,67,0,48,41,4,93,52,0,52,145
10/22/2021,MGW,WV,AEA,CE,Federal Contract Tower,0,15,9,0,24,0,4,10,0,14,0,19,19,0,38,48,0,48,86
10/23/2021,MGW,WV,AEA,CE,Federal Contract Tower,0,10,15,0,25,0,49,4,0,53,0,59,19,0,78,0,0,0,78
10/24/2021,MGW,WV,AEA,CE,Federal Contract Tower,0,11,7,0,18,0,51,35,2,88,0,62,42,2,106,66,0,66,172
10/25/2021,MGW,WV,AEA,CE,Federal Contract Tower,0,16,6,0,22,0,25,15,4,44,0,41,21,4,66,6,0,6,72
10/26/2021,MGW,WV,AEA,CE,Federal Contract Tower,0,15,0,0,15,0,13,1,6,20,0,28,1,6,35,0,0,0,35
10/27/2021,MGW,WV,AEA,CE,Federal Contract Tower,0,16,9,2,27,0,0,0,0,0,0,16,9,2,27,0,0,0,27
10/28/2021,MGW,WV,AEA,CE,Federal Contract Tower,0,21,17,2,40,0,62,34,0,96,0,83,51,2,136,12,0,12,148
10/29/2021,MGW,WV,AEA,CE,Federal Contract Tower,0,19,15,8,42,0,43,3,0,46,0,62,18,8,88,28,0,28,116
10/30/2021,MGW,WV,AEA,CE,Federal Contract Tower,0,19,9,0,28,0,14,0,0,14,0,33,9,0,42,0,0,0,42
10/31/2021,MGW,WV,AEA,CE,Federal Contract Tower,0,20,13,0,33,0,56,4,0,60,0,76,17,0,93,0,0,0,93
11/01/2021,MGW,WV,AEA,CE,Federal Contract Tower,0,13,10,0,23,0,76,38,8,122,0,89,48,8,145,100,4,104,249
11/02/2021,MGW,WV,AEA,CE,Federal Contract Tower,0,13,9,0,22,0,48,23,3,74,0,61,32,3,96,124,8,132,228
11/03/2021,MGW,WV,AEA,CE,Federal Contract Tower,0,14,19,0,33,0,64,22,15,101,0,78,41,15,134,26,0,26,160
11/04/2021,MGW,WV,AEA,CE,Federal Contract Tower,0,20,9,0,29,0,55,46,20,121,0,75,55,20,150,82,26,108,258
11/05/2021,MGW,WV,AEA,CE,Federal Contract Tower,0,16,13,0,29,0,91,46,5,142,0,107,59,5,171,88,0,88,259
11/06/2021,MGW,WV,AEA,CE,Federal Contract Tower,0,18,16,3,37,0,94,37,11,142,0,112,53,14,179,128,6,134,313
11/07/2021,MGW,WV,AEA,CE,Federal Contract Tower,0,22,15,2,39,0,86,47,8,141,0,108,62,10,180,170,0,170,350
11/08/2021,MGW,WV,AEA,CE,Federal Contract Tower,0,12,8,0,20,0,31,29,4,64,0,43,37,4,84,26,0,26,110
11/09/2021,MGW,WV,AEA,CE,Federal Contract Tower,0,13,5,0,18,0,63,32,3,98,0,76,37,3,116,82,4,86,202
11/10/2021,MGW,WV,AEA,CE,Federal Contract Tower,0,10,11,0,21,0,66,30,2,98,0,76,41,2,119,46,0,46,165
11/11/2021,MGW,WV,AEA,CE,Federal Contract Tower,0,16,12,0,28,0,84,23,0,107,0,100,35,0,135,36,0,36,171
11/12/2021,MGW,WV,AEA,CE,Federal Contract Tower,0,14,11,0,25,0,100,33,4,137,0,114,44,4,162,46,0,46,208
11/13/2021,MGW,WV,AEA,CE,Federal Contract Tower,0,11,4,0,15,0,27,16,1,44,0,38,20,1,59,24,0,24,83
11/14/2021,MGW,WV,AEA,CE,Federal Contract Tower,0,19,3,0,22,0,34,19,2,55,0,53,22,2,77,14,0,14,91
11/15/2021,MGW,WV,AEA,CE,Federal Contract Tower,0,15,7,0,22,0,66,19,0,85,0,81,26,0,107,0,0,0,107
11/16/2021,MGW,WV,AEA,CE,Federal Contract Tower,0,17,14,0,31,0,76,41,4,121,0,93,55,4,152,74,0,74,226
11/17/2021,MGW,WV,AEA,CE,Federal Contract Tower,0,24,10,0,34,0,38,21,2,61,0,62,31,2,95,58,0,58,153
11/18/2021,MGW,WV,AEA,CE,Federal Contract Tower,0,20,14,0,34,0,18,11,0,29,0,38,25,0,63,12,0,12,75
11/19/2021,MGW,WV,AEA,CE,Federal Contract Tower,0,17,12,2,31,0,46,29,4,79,0,63,41,6,110,60,4,64,174
11/20/2021,MGW,WV,AEA,CE,Federal Contract Tower,0,21,24,0,45,0,74,33,8,115,0,95,57,8,160,214,0,214,374
11/21/2021,MGW,WV,AEA,CE,Federal Contract Tower,0,19,11,1,31,0,38,24,4,66,0,57,35,5,97,78,0,78,175
11/22/2021,MGW,WV,AEA,CE,Federal Contract Tower,0,17,9,2,28,0,51,21,1,73,0,68,30,3,101,40,0,40,141
11/23/2021,MGW,WV,AEA,CE,Federal Contract Tower,0,15,4,0,19,0,72,24,0,96,0,87,28,0,115,76,0,76,191
11/24/2021,MGW,WV,AEA,CE,Federal Contract Tower,0,12,7,0,19,0,76,34,0,110,0,88,41,0,129,64,0,64,193
11/25/2021,MGW,WV,AEA,CE,Federal Contract Tower,0,10,0,0,10,0,18,9,0,27,0,28,9,0,37,4,0,4,41
11/26/2021,MGW,WV,AEA,CE,Federal Contract Tower,0,14,2,0,16,0,30,8,0,38,0,44,10,0,54,0,0,0,54
11/27/2021,MGW,WV,AEA,CE,Federal Contract Tower,0,7,8,0,15,0,83,35,1,119,0,90,43,1,134,96,0,96,230
11/28/2021,MGW,WV,AEA,CE,Federal Contract Tower,0,11,6,0,17,0,35,6,0,41,0,46,12,0,58,0,0,0,58
11/29/2021,MGW,WV,AEA,CE,Federal Contract Tower,0,12,6,0,18,0,82,27,4,113,0,94,33,4,131,44,0,44,175
11/30/2021,MGW,WV,AEA,CE,Federal Contract Tower,0,20,5,0,25,0,51,24,2,77,0,71,29,2,102,68,0,68,170
12/01/2021,MGW,WV,AEA,CE,Federal Contract Tower,0,19,11,3,33,0,32,16,4,52,0,51,27,7,85,28,6,34,119
12/02/2021,MGW,WV,AEA,CE,Federal Contract Tower,0,16,3,0,19,0,50,11,2,63,0,66,14,2,82,16,0,16,98
12/03/2021,MGW,WV,AEA,CE,Federal Contract Tower,0,13,4,4,21,0,81,39,8,128,0,94,43,12,149,94,0,94,243
12/04/2021,MGW,WV,AEA,CE,Federal Contract Tower,0,10,7,0,17,0,88,37,3,128,0,98,44,3,145,74,0,74,219
12/05/2021,MGW,WV,AEA,CE,Federal Contract Tower,0,6,9,2,17,0,63,27,1,91,0,69,36,3,108,58,0,58,166
12/06/2021,MGW,WV,AEA,CE,Federal Contract Tower,0,15,6,0,21,0,11,0,0,11,0,26,6,0,32,0,0,0,32
12/07/2021,MGW,WV,AEA,CE,Federal Contract Tower,0,17,10,2,29,0,84,29,0,113,0,101,39,2,142,64,0,64,206
12/08/2021,MGW,WV,AEA,CE,Federal Contract Tower,0,13,5,0,18,0,24,10,2,36,0,37,15,2,54,24,0,24,78
12/09/2021,MGW,WV,AEA,CE,Federal Contract Tower,0,17,7,2,26,0,39,52,0,91,0,56,59,2,117,70,0,70,187
12/10/2021,MGW,WV,AEA,CE,Federal Contract Tower,0,17,8,0,25,0,73,32,4,109,0,90,40,4,134,54,0,54,188
12/11/2021,MGW,WV,AEA,CE,Federal Contract Tower,0,9,5,0,14,0,6,0,0,6,0,15,5,0,20,0,0,0,20
12/12/2021,MGW,WV,AEA,CE,Federal Contract Tower,0,12,15,0,27,0,54,41,2,97,0,66,56,2,124,74,0,74,198
12/13/2021,MGW,WV,AEA,CE,Federal Contract Tower,0,23,13,0,36,0,78,58,0,136,0,101,71,0,172,60,0,60,232
12/14/2021,MGW,WV,AEA,CE,Federal Contract Tower,0,12,17,0,29,0,50,33,5,88,0,62,50,5,117,114,0,114,231
12/15/2021,MGW,WV,AEA,CE,Federal Contract Tower,0,28,16,0,44,0,46,39,2,87,0,74,55,2,131,78,0,78,209
12/16/2021,MGW,WV,AEA,CE,Federal Contract Tower,0,15,7,1,23,0,72,28,2,102,0,87,35,3,125,34,20,54,179
12/17/2021,MGW,WV,AEA,CE,Federal Contract Tower,0,22,7,0,29,0,21,15,2,38,0,43,22,2,67,30,10,40,107
12/18/2021,MGW,WV,AEA,CE,Federal Contract Tower,0,15,11,0,26,0,9,5,0,14,0,24,16,0,40,0,0,0,40
12/19/2021,MGW,WV,AEA,CE,Federal Contract Tower,0,8,7,0,15,0,35,9,0,44,0,43,16,0,59,0,0,0,59
12/20/2021,MGW,WV,AEA,CE,Federal Contract Tower,0,11,8,0,19,0,84,39,2,125,0,95,47,2,144,88,0,88,232
12/21/2021,MGW,WV,AEA,CE,Federal Contract Tower,0,15,17,1,33,0,75,27,2,104,0,90,44,3,137,64,0,64,201
12/22/2021,MGW,WV,AEA,CE,Federal Contract Tower,0,19,8,2,29,0,54,17,0,71,0,73,25,2,100,28,0,28,128
12/23/2021,MGW,WV,AEA,CE,Federal Contract Tower,0,12,15,0,27,0,57,35,0,92,0,69,50,0,119,76,0,76,195
12/24/2021,MGW,WV,AEA,CE,Federal Contract Tower,0,13,0,0,13,0,92,14,0,106,0,105,14,0,119,26,0,26,145
12/25/2021,MGW,WV,AEA,CE,Federal Contract Tower,0,2,0,0,2,0,14,0,0,14,0,16,0,0,16,0,0,0,16
12/26/2021,MGW,WV,AEA,CE,Federal Contract Tower,0,11,5,0,16,0,62,25,0,87,0,73,30,0,103,62,0,62,165
12/27/2021,MGW,WV,AEA,CE,Federal Contract Tower,0,17,11,0,28,0,48,12,2,62,0,65,23,2,90,24,2,26,116
12/28/2021,MGW,WV,AEA,CE,Federal Contract Tower,0,13,2,0,15,0,34,8,0,42,0,47,10,0,57,2,0,2,59
12/29/2021,MGW,WV,AEA,CE,Federal Contract Tower,0,18,10,4,32,0,42,1,2,45,0,60,11,6,77,0,12,12,89
12/30/2021,MGW,WV,AEA,CE,Federal Contract Tower,0,12,12,0,24,0,25,13,0,38,0,37,25,0,62,48,0,48,110
12/31/2021,MGW,WV,AEA,CE,Federal Contract Tower,0,14,6,0,20,0,98,32,2,132,0,112,38,2,152,94,0,94,246
01/01/2022,MGW,WV,AEA,CE,Federal Contract Tower,0,3,1,0,4,0,0,0,0,0,0,3,1,0,4,0,0,0,4
01/02/2022,MGW,WV,AEA,CE,Federal Contract Tower,0,15,5,0,20,0,0,0,0,0,0,15,5,0,20,0,0,0,20
01/03/2022,MGW,WV,AEA,CE,Federal Contract Tower,0,12,9,0,21,0,37,2,2,41,0,49,11,2,62,22,0,22,84
01/04/2022,MGW,WV,AEA,CE,Federal Contract Tower,0,15,8,0,23,0,64,46,8,118,0,79,54,8,141,72,0,72,213
01/05/2022,MGW,WV,AEA,CE,Federal Contract Tower,0,14,5,0,19,0,30,5,2,37,0,44,10,2,56,16,0,16,72
01/06/2022,MGW,WV,AEA,CE,Federal Contract Tower,0,13,10,0,23,0,38,18,0,56,0,51,28,0,79,28,0,28,107
01/07/2022,MGW,WV,AEA,CE,Federal Contract Tower,0,0,0,0,0,0,4,3,0,7,0,4,3,0,7,0,0,0,7
01/08/2022,MGW,WV,AEA,CE,Federal Contract Tower,0,9,5,0,14,0,92,43,2,137,0,101,48,2,151,94,0,94,245
01/09/2022,MGW,WV,AEA,CE,Federal Contract Tower,0,11,4,0,15,0,0,0,0,0,0,11,4,0,15,0,0,0,15
01/10/2022,MGW,WV,AEA,CE,Federal Contract Tower,0,15,3,0,18,0,76,21,2,99,0,91,24,2,117,24,0,24,141
01/11/2022,MGW,WV,AEA,CE,Federal Contract Tower,0,19,4,0,23,0,48,14,2,64,0,67,18,2,87,42,0,42,129
01/12/2022,MGW,WV,AEA,CE,Federal Contract Tower,0,13,8,2,23,0,80,10,6,96,0,93,18,8,119,28,2,30,149
01/13/2022,MGW,WV,AEA,CE,Federal Contract Tower,0,12,7,0,19,0,30,17,0,47,0,42,24,0,66,12,0,12,78
01/14/2022,MGW,WV,AEA,CE,Federal Contract Tower,0,16,6,0,22,0,8,4,0,12,0,24,10,0,34,6,0,6,40
01/15/2022,MGW,WV,AEA,CE,Federal Contract Tower,0,11,8,0,19,0,87,38,1,126,0,98,46,1,145,42,0,42,187
01/16/2022,MGW,WV,AEA,CE,Federal Contract Tower,0,7,0,0,7,0,10,14,0,24,0,17,14,0,31,0,0,0,31
01/17/2022,MGW,WV,AEA,CE,Federal Contract Tower,0,0,0,0,0,0,4,0,0,4,0,4,0,0,4,0,0,0,4
01/18/2022,MGW,WV,AEA,CE,Federal Contract Tower,0,0,0,0,0,0,30,0,0,30,0,30,0,0,30,0,0,0,30
01/19/2022,MGW,WV,AEA,CE,Federal Contract Tower,0,11,4,2,17,0,32,10,0,42,0,43,14,2,59,2,0,2,61
01/20/2022,MGW,WV,AEA,CE,Federal Contract Tower,0,12,0,0,12,0,25,2,0,27,0,37,2,0,39,0,0,0,39
01/21/2022,MGW,WV,AEA,CE,Federal Contract Tower,0,15,6,4,25,0,56,33,8,97,0,71,39,12,122,24,10,34,156
01/22/2022,MGW,WV,AEA,CE,Federal Contract Tower,0,8,2,0,10,0,73,49,6,128,0,81,51,6,138,64,0,64,202
01/23/2022,MGW,WV,AEA,CE,Federal Contract Tower,0,6,2,0,8,0,14,7,0,21,0,20,9,0,29,0,0,0,29
01/24/2022,MGW,WV,AEA,CE,Federal Contract Tower,0,9,11,2,22,0,34,5,0,39,0,43,16,2,61,0,0,0,61
01/25/2022,MGW,WV,AEA,CE,Federal Contract Tower,0,13,6,0,19,0,61,10,2,73,0,74,16,2,92,0,0,0,92
01/26/2022,MGW,WV,AEA,CE,Federal Contract Tower,0,15,2,0,17,0,26,6,0,32,0,41,8,0,49,0,0,0,49
01/27/2022,MGW,WV,AEA,CE,Federal Contract Tower,0,14,3,0,17,0,74,34,6,114,0,88,37,6,131,66,0,66,197
01/28/2022,MGW,WV,AEA,CE,Federal Contract Tower,0,7,10,0,17,0,4,0,0,4,0,11,10,0,21,0,0,0,21
01/29/2022,MGW,WV,AEA,CE,Federal Contract Tower,0,9,8,0,17,0,67,34,0,101,0,76,42,0,118,44,0,44,162
01/30/2022,MGW,WV,AEA,CE,Federal Contract Tower,0,12,6,0,18,0,76,29,0,105,0,88,35,0,123,72,0,72,195
01/31/2022,MGW,WV,AEA,CE,Federal Contract Tower,0,11,8,4,23,0,74,46,11,131,0,85,54,15,154,68,2,70,224
02/01/2022,MGW,WV,AEA,CE,Federal Contract Tower,0,23,6,0,29,0,95,42,11,148,0,118,48,11,177,58,0,58,235
02/02/2022,MGW,WV,AEA,CE,Federal Contract Tower,0,12,4,0,16,0,20,11,0,31,0,32,15,0,47,18,0,18,65
02/03/2022,MGW,WV,AEA,CE,Federal Contract Tower,0,9,2,0,11,0,4,0,0,4,0,13,2,0,15,0,0,0,15
02/04/2022,MGW,WV,AEA,CE,Federal Contract Tower,0,8,1,0,9,0,0,0,0,0,0,8,1,0,9,0,0,0,9
02/05/2022,MGW,WV,AEA,CE,Federal Contract Tower,0,10,9,0,19,0,23,7,0,30,0,33,16,0,49,12,0,12,61
02/06/2022,MGW,WV,AEA,CE,Federal Contract Tower,0,9,4,0,13,0,86,34,2,122,0,95,38,2,135,84,0,84,219
02/07/2022,MGW,WV,AEA,CE,Federal Contract Tower,0,21,11,0,32,0,76,37,7,120,0,97,48,7,152,90,0,90,242
02/08/2022,MGW,WV,AEA,CE,Federal Contract Tower,0,18,18,0,36,0,77,25,0,102,0,95,43,0,138,74,0,74,212
02/09/2022,MGW,WV,AEA,CE,Federal Contract Tower,0,18,10,0,28,0,44,16,0,60,0,62,26,0,88,26,0,26,114
02/10/2022,MGW,WV,AEA,CE,Federal Contract Tower,0,17,12,0,29,0,125,28,0,153,0,142,40,0,182,54,0,54,236
02/11/2022,MGW,WV,AEA,CE,Federal Contract Tower,0,11,6,0,17,0,84,18,2,104,0,95,24,2,121,8,0,8,129
02/12/2022,MGW,WV,AEA,CE,Federal Contract Tower,0,9,4,0,13,0,93,15,0,108,0,102,19,0,121,32,0,32,153
02/13/2022,MGW,WV,AEA,CE,Federal Contract Tower,0,7,8,0,15,0,38,12,0,50,0,45,20,0,65,60,0,60,125
02/14/2022,MGW,WV,AEA,CE,Federal Contract Tower,0,12,8,0,20,0,76,15,2,93,0,88,23,2,113,0,0,0,113
02/15/2022,MGW,WV,AEA,CE,Federal Contract Tower,0,16,22,0,38,0,54,25,2,81,0,70,47,2,119,60,0,60,179
02/16/2022,MGW,WV,AEA,CE,Federal Contract Tower,0,16,7,0,23,0,60,23,0,83,0,76,30,0,106,60,0,60,166
02/17/2022,MGW,WV,AEA,CE,Federal Contract Tower,0,12,6,2,20,0,34,2,2,38,0,46,8,4,58,0,0,0,58
02/18/2022,MGW,WV,AEA,CE,Federal Contract Tower,0,13,8,0,21,0,16,12,0,28,0,29,20,0,49,30,0,30,79
02/19/2022,MGW,WV,AEA,CE,Federal Contract Tower,0,9,4,0,13,0,37,0,0,37,0,46,4,0,50,0,0,0,50
02/20/2022,MGW,WV,AEA,CE,Federal Contract Tower,0,8,15,0,23,0,68,73,0,141,0,76,88,0,164,84,0,84,248
02/21/2022,MGW,WV,AEA,CE,Federal Contract Tower,0,17,22,0,39,0,94,49,2,145,0,111,71,2,184,112,0,112,296
02/22/2022,MGW,WV,AEA,CE,Federal Contract Tower,0,17,6,2,25,0,42,6,0,48,0,59,12,2,73,0,0,0,73
02/23/2022,MGW,WV,AEA,CE,Federal Contract Tower,0,15,6,2,23,0,37,15,0,52,0,52,21,2,75,24,0,24,99
02/24/2022,MGW,WV,AEA,CE,Federal Contract Tower,0,21,4,0,25,0,13,2,0,15,0,34,6,0,40,18,0,18,58
02/25/2022,MGW,WV,AEA,CE,Federal Contract Tower,0,14,7,0,21,0,6,5,0,11,0,20,12,0,32,0,0,0,32
02/26/2022,MGW,WV,AEA,CE,Federal Contract Tower,0,11,35,0,46,0,68,51,5,124,0,79,86,5,170,66,0,66,236
02/27/2022,MGW,WV,AEA,CE,Federal Contract Tower,0,7,7,0,14,0,53,32,0,85,0,60,39,0,99,32,0,32,131
02/28/2022,MGW,WV,AEA,CE,Federal Contract Tower,0,12,23,2,37,0,79,63,2,144,0,91,86,4,181,132,0,132,313
03/01/2022,MGW,WV,AEA,CE,Federal Contract Tower,0,13,8,0,21,0,70,25,5,100,0,83,33,5,121,44,0,44,165
03/02/2022,MGW,WV,AEA,CE,Federal Contract Tower,0,11,6,0,17,0,30,20,1,51,0,41,26,1,68,46,12,58,126
03/03/2022,MGW,WV,AEA,CE,Federal Contract Tower,0,11,25,0,36,0,96,20,0,116,0,107,45,0,152,80,0,80,232
03/04/2022,MGW,WV,AEA,CE,Federal Contract Tower,0,17,11,2,30,0,89,67,16,172,0,106,78,18,202,88,0,88,290
03/05/2022,MGW,WV,AEA,CE,Federal Contract Tower,0,10,10,0,20,0,53,40,13,106,0,63,50,13,126,64,0,64,190
03/06/2022,MGW,WV,AEA,CE,Federal Contract Tower,0,11,12,2,25,0,45,15,0,60,0,56,27,2,85,18,0,18,103
03/07/2022,MGW,WV,AEA,CE,Federal Contract Tower,0,9,4,0,13,0,11,0,0,11,0,20,4,0,24,0,0,0,24
03/08/2022,MGW,WV,AEA,CE,Federal Contract Tower,0,12,3,2,17,0,46,14,1,61,0,58,17,3,78,32,0,32,110
03/09/2022,MGW,WV,AEA,CE,Federal Contract Tower,0,14,6,0,20,0,30,9,0,39,0,44,15,0,59,42,0,42,101
03/10/2022,MGW,WV,AEA,CE,Federal Contract Tower,0,17,13,0,30,0,34,41,0,75,0,51,54,0,105,48,0,48,153
03/11/2022,MGW,WV,AEA,CE,Federal Contract Tower,0,16,14,0,30,0,63,51,4,118,0,79,65,4,148,88,10,98,246
03/12/2022,MGW,WV,AEA,CE,Federal Contract Tower,0,5,0,0,5,0,2,0,0,2,0,7,0,0,7,0,0,0,7
03/13/2022,MGW,WV,AEA,CE,Federal Contract Tower,0,8,2,0,10,0,62,32,2,96,0,70,34,2,106,26,0,26,132
03/14/2022,MGW,WV,AEA,CE,Federal Contract Tower,0,11,13,1,25,0,70,33,4,107,0,81,46,5,132,58,0,58,190
03/15/2022,MGW,WV,AEA,CE,Federal Contract Tower,0,19,14,0,33,0,82,40,4,126,0,101,54,4,159,60,0,60,219
03/16/2022,MGW,WV,AEA,CE,Federal Contract Tower,0,15,12,0,27,0,78,44,5,127,0,93,56,5,154,96,0,96,250
03/17/2022,MGW,WV,AEA,CE,Federal Contract Tower,0,24,18,2,44,0,71,38,9,118,0,95,56,11,162,86,8,94,256
03/18/2022,MGW,WV,AEA,CE,Federal Contract Tower,0,17,19,2,38,0,55,49,9,113,0,72,68,11,151,70,2,72,223
03/19/2022,MGW,WV,AEA,CE,Federal Contract Tower,0,8,2,0,10,0,40,11,7,58,0,48,13,7,68,8,4,12,80
03/20/2022,MGW,WV,AEA,CE,Federal Contract Tower,0,6,3,0,9,0,43,7,0,50,0,49,10,0,59,34,0,34,93
03/21/2022,MGW,WV,AEA,CE,Federal Contract Tower,0,12,9,0,21,0,39,45,9,93,0,51,54,9,114,64,0,64,178
03/22/2022,MGW,WV,AEA,CE,Federal Contract Tower,0,19,11,0,30,0,66,45,3,114,0,85,56,3,144,38,0,38,182
03/23/2022,MGW,WV,AEA,CE,Federal Contract Tower,0,13,8,0,21,0,42,7,0,49,0,55,15,0,70,26,0,26,96
03/24/2022,MGW,WV,AEA,CE,Federal Contract Tower,0,13,10,0,23,0,53,42,3,98,0,66,52,3,121,96,0,96,217
03/25/2022,MGW,WV,AEA,CE,Federal Contract Tower,0,14,10,2,26,0,50,20,1,71,0,64,30,3,97,38,0,38,135
03/26/2022,MGW,WV,AEA,CE,Federal Contract Tower,0,14,2,2,18,0,12,3,2,17,0,26,5,4,35,0,0,0,35
03/27/2022,MGW,WV,AEA,CE,Federal Contract Tower,0,9,3,0,12,0,10,1,0,11,0,19,4,0,23,0,0,0,23
03/28/2022,MGW,WV,AEA,CE,Federal Contract Tower,0,20,15,0,35,0,42,19,2,63,0,62,34,2,98,0,0,0,98
03/29/2022,MGW,WV,AEA,CE,Federal Contract Tower,0,18,10,0,28,0,65,50,4,119,0,83,60,4,147,140,0,140,287
03/30/2022,MGW,WV,AEA,CE,Federal Contract Tower,0,12,19,2,33,0,46,19,0,65,0,58,38,2,98,40,0,40,138
03/31/2022,MGW,WV,AEA,CE,Federal Contract Tower,0,18,5,0,23,0,62,19,1,82,0,80,24,1,105,50,0,50,155
04/01/2022,MGW,WV,AEA,CE,Federal Contract Tower,0,15,8,0,23,0,26,1,0,27,0,41,9,0,50,0,0,0,50
04/02/2022,MGW,WV,AEA,CE,Federal Contract Tower,0,10,17,0,27,0,67,96,17,180,0,77,113,17,207,192,12,204,411
04/03/2022,MGW,WV,AEA,CE,Federal Contract Tower,0,14,8,2,24,0,45,20,0,65,0,59,28,2,89,58,0,58,147
04/04/2022,MGW,WV,AEA,CE,Federal Contract Tower,0,11,13,0,24,0,42,40,0,82,0,53,53,0,106,44,0,44,150
04/05/2022,MGW,WV,AEA,CE,Federal Contract Tower,0,16,4,0,20,0,46,13,4,63,0,62,17,4,83,40,0,40,123
04/06/2022,MGW,WV,AEA,CE,Federal Contract Tower,0,12,9,0,21,0,24,11,0,35,0,36,20,0,56,70,0,70,126
04/07/2022,MGW,WV,AEA,CE,Federal Contract Tower,0,12,9,0,21,0,47,29,0,76,0,59,38,0,97,100,0,100,197
04/08/2022,MGW,WV,AEA,CE,Federal Contract Tower,0,20,9,0,29,0,26,34,4,64,0,46,43,4,93,74,0,74,167
04/09/2022,MGW,WV,AEA,CE,Federal Contract Tower,0,9,6,0,15,0,8,7,0,15,0,17,13,0,30,16,0,16,46
04/10/2022,MGW,WV,AEA,CE,Federal Contract Tower,0,7,14,0,21,0,78,38,0,116,0,85,52,0,137,40,0,40,177
04/11/2022,MGW,WV,AEA,CE,Federal Contract Tower,0,15,16,0,31,0,76,48,9,133,0,91,64,9,164,38,0,38,202
04/12/2022,MGW,WV,AEA,CE,Federal Contract Tower,0,15,20,0,35,0,61,25,2,88,0,76,45,2,123,60,0,60,183
04/13/2022,MGW,WV,AEA,CE,Federal Contract Tower,0,11,9,0,20,0,53,32,0,85,0,64,41,0,105,58,0,58,163
04/14/2022,MGW,WV,AEA,CE,Federal Contract Tower,0,21,14,1,36,0,59,35,1,95,0,80,49,2,131,52,0,52,183
04/15/2022,MGW,WV,AEA,CE,Federal Contract Tower,0,16,12,0,28,0,94,46,5,145,0,110,58,5,173,48,0,48,221
04/16/2022,MGW,WV,AEA,CE,Federal Contract Tower,0,12,14,0,26,0,76,30,0,106,0,88,44,0,132,34,0,34,166
04/17/2022,MGW,WV,AEA,CE,Federal Contract Tower,0,8,6,0,14,0,45,45,0,90,0,53,51,0,104,56,0,56,160
04/18/2022,MGW,WV,AEA,CE,Federal Contract Tower,0,4,5,0,9,0,0,0,0,0,0,4,5,0,9,0,0,0,9
04/19/2022,MGW,WV,AEA,CE,Federal Contract Tower,0,14,10,0,24,0,8,2,0,10,0,22,12,0,34,0,0,0,34
04/20/2022,MGW,WV,AEA,CE,Federal Contract Tower,0,16,18,2,36,0,94,66,2,162,0,110,84,4,198,134,2,136,334
04/21/2022,MGW,WV,AEA,CE,Federal Contract Tower,0,20,12,4,36,0,40,27,13,80,0,60,39,17,116,26,0,26,142
04/22/2022,MGW,WV,AEA,CE,Federal Contract Tower,0,17,4,0,21,0,65,68,7,140,0,82,72,7,161,40,16,56,217
04/23/2022,MGW,WV,AEA,CE,Federal Contract Tower,0,12,9,0,21,0,68,72,2,142,0,80,81,2,163,120,0,120,283
04/24/2022,MGW,WV,AEA,CE,Federal Contract Tower,0,7,12,0,19,0,105,78,4,187,0,112,90,4,206,98,0,98,304
04/25/2022,MGW,WV,AEA,CE,Federal Contract Tower,0,14,5,0,19,0,88,56,2,146,0,102,61,2,165,128,0,128,293
04/26/2022,MGW,WV,AEA,CE,Federal Contract Tower,0,13,9,1,23,0,24,8,1,33,0,37,17,2,56,0,0,0,56
04/27/2022,MGW,WV,AEA,CE,Federal Contract Tower,0,15,8,0,23,0,64,17,6,87,0,79,25,6,110,70,0,70,180
04/28/2022,MGW,WV,AEA,CE,Federal Contract Tower,0,18,7,4,29,0,74,60,3,137,0,92,67,7,166,116,0,116,282
04/29/2022,MGW,WV,AEA,CE,Federal Contract Tower,0,15,11,6,32,0,61,66,4,131,0,76,77,10,163,88,0,88,251
04/30/2022,MGW,WV,AEA,CE,Federal Contract Tower,0,15,26,0,41,0,124,70,0,194,0,139,96,0,235,38,0,38,273
05/01/2022,MGW,WV,AEA,CE,Federal Contract Tower,0,11,7,0,18,0,21,8,0,29,0,32,15,0,47,0,0,0,47
05/02/2022,MGW,WV,AEA,CE,Federal Contract Tower,0,12,11,0,23,0,59,44,2,105,0,71,55,2,128,40,0,40,168
05/03/2022,MGW,WV,AEA,CE,Federal Contract Tower,0,14,10,8,32,0,60,24,0,84,0,74,34,8,116,52,0,52,168
05/04/2022,MGW,WV,AEA,CE,Federal Contract Tower,0,15,10,5,30,0,28,11,2,41,0,43,21,7,71,10,6,16,87
05/05/2022,MGW,WV,AEA,CE,Federal Contract Tower,0,10,13,4,27,0,50,34,2,86,0,60,47,6,113,52,4,56,169
05/06/2022,MGW,WV,AEA,CE,Federal Contract Tower,0,11,7,0,18,0,6,2,0,8,0,17,9,0,26,0,0,0,26
05/07/2022,MGW,WV,AEA,CE,Federal Contract Tower,0,13,10,0,23,0,10,0,0,10,0,23,10,0,33,0,0,0,33
05/08/2022,MGW,WV,AEA,CE,Federal Contract Tower,0,7,8,0,15,0,53,38,0,91,0,60,46,0,106,58,0,58,164
05/09/2022,MGW,WV,AEA,CE,Federal Contract Tower,0,14,11,0,25,0,90,50,4,144,0,104,61,4,169,64,0,64,233
05/10/2022,MGW,WV,AEA,CE,Federal Contract Tower,0,13,19,0,32,0,60,68,0,128,0,73,87,0,160,122,0,122,282
05/11/2022,MGW,WV,AEA,CE,Federal Contract Tower,0,16,18,0,34,0,74,49,16,139,0,90,67,16,173,122,0,122,295
05/12/2022,MGW,WV,AEA,CE,Federal Contract Tower,0,14,21,1,36,0,60,50,25,135,0,74,71,26,171,76,16,92,263
05/13/2022,MGW,WV,AEA,CE,Federal Contract Tower,0,18,9,0,27,0,97,36,17,150,0,115,45,17,177,50,0,50,227
05/14/2022,MGW,WV,AEA,CE,Federal Contract Tower,0,15,6,0,21,0,32,29,3,64,0,47,35,3,85,34,0,34,119
05/15/2022,MGW,WV,AEA,CE,Federal Contract Tower,0,10,22,1,33,0,55,20,1,76,0,65,42,2,109,68,0,68,177
05/16/2022,MGW,WV,AEA,CE,Federal Contract Tower,0,14,5,0,19,0,23,13,0,36,0,37,18,0,55,24,0,24,79
05/17/2022,MGW,WV,AEA,CE,Federal Contract Tower,0,18,11,0,29,0,89,43,0,132,0,107,54,0,161,84,0,84,245
05/18/2022,MGW,WV,AEA,CE,Federal Contract Tower,0,24,12,0,36,0,68,24,1,93,0,92,36,1,129,32,8,40,169
05/19/2022,MGW,WV,AEA,CE,Federal Contract Tower,0,25,19,1,45,0,62,37,10,109,0,87,56,11,154,68,0,68,222
05/20/2022,MGW,WV,AEA,CE,Federal Contract Tower,0,19,12,2,33,0,48,27,6,81,0,67,39,8,114,44,10,54,168
05/21/2022,MGW,WV,AEA,CE,Federal Contract Tower,0,10,10,1,21,0,86,38,5,129,0,96,48,6,150,64,0,64,214
05/22/2022,MGW,WV,AEA,CE,Federal Contract Tower,0,9,8,0,17,0,38,19,5,62,0,47,27,5,79,50,4,54,133
05/23/2022,MGW,WV,AEA,CE,Federal Contract Tower,0,11,13,0,24,0,44,31,1,76,0,55,44,1,100,18,0,18,118
05/24/2022,MGW,WV,AEA,CE,Federal Contract Tower,0,15,8,0,23,0,57,15,2,74,0,72,23,2,97,28,10,38,135
05/25/2022,MGW,WV,AEA,CE,Federal Contract Tower,0,20,9,0,29,0,72,42,4,118,0,92,51,4,147,90,0,90,237
05/26/2022,MGW,WV,AEA,CE,Federal Contract Tower,0,19,9,5,33,0,71,27,3,101,0,90,36,8,134,60,6,66,200
05/27/2022,MGW,WV,AEA,CE,Federal Contract Tower,0,14,6,0,20,0,41,5,0,46,0,55,11,0,66,8,0,8,74
05/28/2022,MGW,WV,AEA,CE,Federal Contract Tower,0,12,10,1,23,0,25,5,0,30,0,37,15,1,53,22,0,22,75
05/29/2022,MGW,WV,AEA,CE,Federal Contract Tower,0,9,18,0,27,0,58,54,0,112,0,67,72,0,139,76,0,76,215
05/30/2022,MGW,WV,AEA,CE,Federal Contract Tower,0,16,11,0,27,0,75,43,2,120,0,91,54,2,147,52,0,52,199
05/31/2022,MGW,WV,AEA,CE,Federal Contract Tower,0,17,8,0,25,0,55,26,2,83,0,72,34,2,108,28,2,30,138
06/01/2022,MGW,WV,AEA,CE,Federal Contract Tower,0,17,12,2,31,0,72,25,2,99,0,89,37,4,130,30,0,30,160
06/02/2022,MGW,WV,AEA,CE,Federal Contract Tower,0,18,11,0,29,0,32,14,0,46,0,50,25,0,75,34,0,34,109
06/03/2022,MGW,WV,AEA,CE,Federal Contract Tower,0,18,9,0,27,0,42,47,8,97,0,60,56,8,124,104,0,104,228
06/04/2022,MGW,WV,AEA,CE,Federal Contract Tower,0,14,10,0,24,0,74,65,2,141,0,88,75,2,165,60,0,60,225
06/05/2022,MGW,WV,AEA,CE,Federal Contract Tower,0,14,9,0,23,0,48,56,0,104,0,62,65,0,127,108,0,108,235
06/06/2022,MGW,WV,AEA,CE,Federal Contract Tower,0,15,15,0,30,0,60,55,3,118,0,75,70,3,148,122,0,122,270
06/07/2022,MGW,WV,AEA,CE,Federal Contract Tower,0,18,8,3,29,0,23,0,0,23,0,41,8,3,52,0,0,0,52
06/08/2022,MGW,WV,AEA,CE,Federal Contract Tower,0,16,15,2,33,0,42,21,4,67,0,58,36,6,100,74,0,74,174
06/09/2022,MGW,WV,AEA,CE,Federal Contract Tower,0,12,20,0,32,0,48,46,4,98,0,60,66,4,130,106,0,106,236
06/10/2022,MGW,WV,AEA,CE,Federal Contract Tower,0,23,15,0,38,0,55,52,2,109,0,78,67,2,147,108,0,108,255
06/11/2022,MGW,WV,AEA,CE,Federal Contract Tower,0,11,13,0,24,0,67,54,2,123,0,78,67,2,147,86,0,86,233
06/12/2022,MGW,WV,AEA,CE,Federal Contract Tower,0,10,4,0,14,0,59,26,0,85,0,69,30,0,99,18,0,18,117
06/13/2022,MGW,WV,AEA,CE,Federal Contract Tower,0,17,17,0,34,0,79,42,8,129,0,96,59,8,163,62,0,62,225
06/14/2022,MGW,WV,AEA,CE,Federal Contract Tower,0,13,3,0,16,0,11,7,4,22,0,24,10,4,38,18,0,18,56
06/15/2022,MGW,WV,AEA,CE,Federal Contract Tower,0,15,20,0,35,0,46,34,0,80,0,61,54,0,115,38,0,38,153
06/16/2022,MGW,WV,AEA,CE,Federal Contract Tower,0,25,10,0,35,0,52,30,6,88,0,77,40,6,123,28,0,28,151
06/17/2022,MGW,WV,AEA,CE,Federal Contract Tower,0,33,12,2,47,0,99,36,3,138,0,132,48,5,185,52,0,52,237
06/18/2022,MGW,WV,AEA,CE,Federal Contract Tower,0,13,14,0,27,0,76,29,0,105,0,89,43,0,132,36,0,36,168
06/19/2022,MGW,WV,AEA,CE,Federal Contract Tower,0,12,5,0,17,0,74,47,1,122,0,86,52,1,139,64,0,64,203
06/20/2022,MGW,WV,AEA,CE,Federal Contract Tower,0,17,18,0,35,0,75,45,3,123,0,92,63,3,158,76,0,76,234
06/21/2022,MGW,WV,AEA,CE,Federal Contract Tower,0,26,7,2,35,0,104,43,9,156,0,130,50,11,191,72,20,92,283
06/22/2022,MGW,WV,AEA,CE,Federal Contract Tower,0,25,6,4,35,0,34,33,10,77,0,59,39,14,112,56,4,60,172
06/23/2022,MGW,WV,AEA,CE,Federal Contract Tower,0,16,20,2,38,0,54,72,3,129,0,70,92,5,167,158,8,166,333
06/24/2022,MGW,WV,AEA,CE,Federal Contract Tower,0,21,22,2,45,0,66,74,3,143,0,87,96,5,188,122,0,122,310
06/25/2022,MGW,WV,AEA,CE,Federal Contract Tower,0,9,10,0,19,0,79,70,4,153,0,88,80,4,172,68,0,68,240
06/26/2022,MGW,WV,AEA,CE,Federal Contract Tower,0,13,8,0,21,0,28,26,2,56,0,41,34,2,77,62,10,72,149
06/27/2022,MGW,WV,AEA,CE,Federal Contract Tower,0,13,9,0,22,0,68,53,0,121,0,81,62,0,143,88,0,88,231
06/28/2022,MGW,WV,AEA,CE,Federal Contract Tower,0,18,24,0,42,0,71,57,4,132,0,89,81,4,174,114,24,138,312
06/29/2022,MGW,WV,AEA,CE,Federal Contract Tower,0,15,19,0,34,0,66,54,8,128,0,81,73,8,162,92,8,100,262
06/30/2022,MGW,WV,AEA,CE,Federal Contract Tower,0,12,10,0,22,0,55,47,4,106,0,67,57,4,128,78,0,78,206
07/01/2022,MGW,WV,AEA,CE,Federal Contract Tower,0,14,9,0,23,0,46,32,3,81,0,60,41,3,104,74,0,74,178
07/02/2022,MGW,WV,AEA,CE,Federal Contract Tower,0,18,4,0,22,0,71,28,0,99,0,89,32,0,121,96,0,96,217
07/03/2022,MGW,WV,AEA,CE,Federal Contract Tower,0,10,5,0,15,0,58,53,0,111,0,68,58,0,126,108,0,108,234
07/04/2022,MGW,WV,AEA,CE,Federal Contract Tower,0,14,10,0,24,0,75,36,4,115,0,89,46,4,139,72,6,78,217
07/05/2022,MGW,WV,AEA,CE,Federal Contract Tower,0,14,4,0,18,0,51,16,0,67,0,65,20,0,85,20,0,20,105
07/06/2022,MGW,WV,AEA,CE,Federal Contract Tower,0,15,4,0,19,0,18,9,0,27,0,33,13,0,46,32,0,32,78
07/07/2022,MGW,WV,AEA,CE,Federal Contract Tower,0,20,6,0,26,0,44,21,0,65,0,64,27,0,91,52,0,52,143
07/08/2022,MGW,WV,AEA,CE,Federal Contract Tower,0,14,6,0,20,0,35,31,5,71,0,49,37,5,91,90,0,90,181
07/09/2022,MGW,WV,AEA,CE,Federal Contract Tower,0,9,5,0,14,0,33,17,12,62,0,42,22,12,76,34,0,34,110
07/10/2022,MGW,WV,AEA,CE,Federal Contract Tower,0,11,6,0,17,0,92,48,8,148,0,103,54,8,165,88,0,88,253
07/11/2022,MGW,WV,AEA,CE,Federal Contract Tower,0,21,5,0,26,0,61,42,2,105,0,82,47,2,131,104,0,104,235
07/12/2022,MGW,WV,AEA,CE,Federal Contract Tower,0,15,6,0,21,0,29,11,0,40,0,44,17,0,61,0,0,0,61
07/13/2022,MGW,WV,AEA,CE,Federal Contract Tower,0,18,18,0,36,0,105,51,0,156,0,123,69,0,192,108,0,108,300
07/14/2022,MGW,WV,AEA,CE,Federal Contract Tower,0,15,11,2,28,0,51,59,4,114,0,66,70,6,142,68,0,68,210
07/15/2022,MGW,WV,AEA,CE,Federal Contract Tower,0,15,16,0,31,0,41,63,4,108,0,56,79,4,139,86,16,102,241
07/16/2022,MGW,WV,AEA,CE,Federal Contract Tower,0,9,5,0,14,0,63,47,0,110,0,72,52,0,124,102,0,102,226
07/17/2022,MGW,WV,AEA,CE,Federal Contract Tower,0,14,11,0,25,0,16,24,0,40,0,30,35,0,65,50,0,50,115
07/18/2022,MGW,WV,AEA,CE,Federal Contract Tower,0,12,7,4,23,0,36,0,2,38,0,48,7,6,61,0,2,2,63
07/19/2022,MGW,WV,AEA,CE,Federal Contract Tower,0,13,12,0,25,0,90,25,9,124,0,103,37,9,149,78,14,92,241
07/20/2022,MGW,WV,AEA,CE,Federal Contract Tower,0,10,10,0,20,0,66,46,0,112,0,76,56,0,132,114,0,114,246
07/21/2022,MGW,WV,AEA,CE,Federal Contract Tower,0,20,14,4,38,0,44,31,0,75,0,64,45,4,113,58,2,60,173
07/22/2022,MGW,WV,AEA,CE,Federal Contract Tower,0,19,9,0,28,0,95,65,13,173,0,114,74,13,201,148,4,152,353
07/23/2022,MGW,WV,AEA,CE,Federal Contract Tower,0,12,7,0,19,0,84,41,2,127,0,96,48,2,146,54,0,54,200
07/24/2022,MGW,WV,AEA,CE,Federal Contract Tower,0,8,8,0,16,0,92,45,0,137,0,100,53,0,153,120,0,120,273
07/25/2022,MGW,WV,AEA,CE,Federal Contract Tower,0,14,10,4,28,0,36,47,2,85,0,50,57,6,113,46,0,46,159
07/26/2022,MGW,WV,AEA,CE,Federal Contract Tower,0,15,18,0,33,0,60,25,2,87,0,75,43,2,120,76,0,76,196
07/27/2022,MGW,WV,AEA,CE,Federal Contract Tower,0,16,21,4,41,0,50,12,0,62,0,66,33,4,103,28,0,28,131
07/28/2022,MGW,WV,AEA,CE,Federal Contract Tower,0,8,6,0,14,0,70,26,3,99,0,78,32,3,113,42,0,42,155
07/29/2022,MGW,WV,AEA,CE,Federal Contract Tower,0,9,0,0,9,0,27,5,3,35,0,36,5,3,44,0,0,0,44
07/30/2022,MGW,WV,AEA,CE,Federal Contract Tower,0,10,16,0,26,0,89,64,0,153,0,99,80,0,179,146,0,146,325
07/31/2022,MGW,WV,AEA,CE,Federal Contract Tower,0,7,7,0,14,0,15,19,0,34,0,22,26,0,48,26,0,26,74
08/01/2022,MGW,WV,AEA,CE,Federal Contract Tower,0,15,13,4,32,0,48,30,0,78,0,63,43,4,110,4,0,4,114
08/02/2022,MGW,WV,AEA,CE,Federal Contract Tower,0,14,7,6,27,0,67,18,12,97,0,81,25,18,124,22,0,22,146
08/03/2022,MGW,WV,AEA,CE,Federal Contract Tower,0,10,13,1,24,0,80,46,2,128,0,90,59,3,152,124,0,124,276
08/04/2022,MGW,WV,AEA,CE,Federal Contract Tower,0,3,14,0,17,0,25,22,0,47,0,28,36,0,64,40,0,40,104
08/05/2022,MGW,WV,AEA,CE,Federal Contract Tower,0,11,2,0,13,0,13,11,0,24,0,24,13,0,37,52,0,52,89
08/06/2022,MGW,WV,AEA,CE,Federal Contract Tower,0,12,0,2,14,0,16,8,10,34,0,28,8,12,48,8,6,14,62
08/07/2022,MGW,WV,AEA,CE,Federal Contract Tower,0,9,12,1,22,0,46,33,0,79,0,55,45,1,101,80,0,80,181
08/08/2022,MGW,WV,AEA,CE,Federal Contract Tower,0,10,4,0,14,0,43,22,0,65,0,53,26,0,79,50,0,50,129
08/09/2022,MGW,WV,AEA,CE,Federal Contract Tower,0,15,6,2,23,0,33,9,0,42,0,48,15,2,65,0,0,0,65
08/10/2022,MGW,WV,AEA,CE,Federal Contract Tower,0,10,12,4,26,0,10,5,0,15,0,20,17,4,41,0,0,0,41
08/11/2022,MGW,WV,AEA,CE,Federal Contract Tower,0,12,8,7,27,0,81,29,8,118,0,93,37,15,145,40,10,50,195
08/12/2022,MGW,WV,AEA,CE,Federal Contract Tower,0,9,13,2,24,0,92,47,4,143,0,101,60,6,167,52,0,52,219
08/13/2022,MGW,WV,AEA,CE,Federal Contract Tower,0,18,6,0,24,0,71,36,2,109,0,89,42,2,133,128,0,128,261
08/14/2022,MGW,WV,AEA,CE,Federal Contract Tower,0,14,10,0,24,0,43,35,0,78,0,57,45,0,102,106,0,106,208
08/15/2022,MGW,WV,AEA,CE,Federal Contract Tower,0,10,13,2,25,0,38,21,0,59,0,48,34,2,84,124,0,124,208
08/16/2022,MGW,WV,AEA,CE,Federal Contract Tower,0,17,6,0,23,0,45,19,0,64,0,62,25,0,87,38,0,38,125
08/17/2022,MGW,WV,AEA,CE,Federal Contract Tower,0,16,12,2,30,0,66,37,2,105,0,82,49,4,135,58,0,58,193
08/18/2022,MGW,WV,AEA,CE,Federal Contract Tower,0,17,27,3,47,0,52,41,13,106,0,69,68,16,153,108,0,108,261
08/19/2022,MGW,WV,AEA,CE,Federal Contract Tower,0,15,14,0,29,0,102,44,1,147,0,117,58,1,176,118,0,118,294
08/20/2022,MGW,WV,AEA,CE,Federal Contract Tower,0,7,7,0,14,0,64,80,4,148,0,71,87,4,162,80,0,80,242
08/21/2022,MGW,WV,AEA,CE,Federal Contract Tower,0,15,1,0,16,0,10,13,0,23,0,25,14,0,39,38,0,38,77
08/22/2022,MGW,WV,AEA,CE,Federal Contract Tower,0,12,3,0,15,0,10,3,0,13,0,22,6,0,28,0,0,0,28
08/23/2022,MGW,WV,AEA,CE,Federal Contract Tower,0,13,19,3,35,0,44,41,5,90,0,57,60,8,125,64,12,76,201
08/24/2022,MGW,WV,AEA,CE,Federal Contract Tower,0,18,14,0,32,0,70,47,0,117,0,88,61,0,149,76,0,76,225
08/25/2022,MGW,WV,AEA,CE,Federal Contract Tower,0,18,18,0,36,0,68,111,4,183,0,86,129,4,219,74,0,74,293
08/26/2022,MGW,WV,AEA,CE,Federal Contract Tower,0,16,13,1,30,0,50,58,18,126,0,66,71,19,156,48,0,48,204
08/27/2022,MGW,WV,AEA,CE,Federal Contract Tower,0,12,15,1,28,0,39,48,5,92,0,51,63,6,120,48,0,48,168
08/28/2022,MGW,WV,AEA,CE,Federal Contract Tower,0,9,9,0,18,0,85,66,4,155,0,94,75,4,173,56,0,56,229
08/29/2022,MGW,WV,AEA,CE,Federal Contract Tower,0,10,6,0,16,0,44,41,2,87,0,54,47,2,103,59,0,59,162
08/30/2022,MGW,WV,AEA,CE,Federal Contract Tower,0,17,5,0,22,0,24,2,2,28,0,41,7,2,50,0,14,14,64
08/31/2022,MGW,WV,AEA,CE,Federal Contract Tower,0,8,20,0,28,0,74,50,8,132,0,82,70,8,160,92,24,116,276
09/01/2022,MGW,WV,AEA,CE,Federal Contract Tower,0,13,4,0,17,0,39,35,5,79,0,52,39,5,96,24,0,24,120
09/02/2022,MGW,WV,AEA,CE,Federal Contract Tower,0,20,7,0,27,0,60,55,5,120,0,80,62,5,147,116,0,116,263
09/03/2022,MGW,WV,AEA,CE,Federal Contract Tower,0,5,11,0,16,0,93,45,2,140,0,98,56,2,156,76,0,76,232
09/04/2022,MGW,WV,AEA,CE,Federal Contract Tower,0,7,7,4,18,0,34,32,0,66,0,41,39,4,84,14,0,14,98
09/05/2022,MGW,WV,AEA,CE,Federal Contract Tower,0,10,8,0,18,0,0,0,0,0,0,10,8,0,18,0,0,0,18
09/06/2022,MGW,WV,AEA,CE,Federal Contract Tower,0,15,4,2,21,0,56,6,0,62,0,71,10,2,83,0,0,0,83
09/07/2022,MGW,WV,AEA,CE,Federal Contract Tower,0,15,11,1,27,0,36,25,0,61,0,51,36,1,88,58,0,58,146
09/08/2022,MGW,WV,AEA,CE,Federal Contract Tower,0,17,14,0,31,0,57,34,0,91,0,74,48,0,122,82,0,82,204
09/09/2022,MGW,WV,AEA,CE,Federal Contract Tower,0,13,16,2,31,0,86,91,11,188,0,99,107,13,219,108,0,108,327
09/10/2022,MGW,WV,AEA,CE,Federal Contract Tower,0,16,21,0,37,0,31,92,2,125,0,47,113,2,162,48,0,48,210
09/11/2022,MGW,WV,AEA,CE,Federal Contract Tower,0,7,14,2,23,0,66,26,0,92,0,73,40,2,115,44,0,44,159
09/12/2022,MGW,WV,AEA,CE,Federal Contract Tower,0,14,3,4,21,0,34,10,0,44,0,48,13,4,65,32,0,32,97
09/13/2022,MGW,WV,AEA,CE,Federal Contract Tower,0,16,16,4,36,0,91,39,0,130,0,107,55,4,166,64,0,64,230
09/14/2022,MGW,WV,AEA,CE,Federal Contract Tower,0,17,21,2,40,0,106,49,2,157,0,123,70,4,197,116,8,124,321
09/15/2022,MGW,WV,AEA,CE,Federal Contract Tower,0,23,7,0,30,0,84,48,2,134,0,107,55,2,164,120,0,120,284
09/16/2022,MGW,WV,AEA,CE,Federal Contract Tower,0,12,19,0,31,0,41,58,4,103,0,53,77,4,134,70,0,70,204
09/17/2022,MGW,WV,AEA,CE,Federal Contract Tower,0,15,13,0,28,0,88,71,0,159,0,103,84,0,187,112,0,112,299
09/18/2022,MGW,WV,AEA,CE,Federal Contract Tower,0,13,11,0,24,0,82,47,0,129,0,95,58,0,153,62,0,62,215
09/19/2022,MGW,WV,AEA,CE,Federal Contract Tower,0,17,13,0,30,0,7,4,0,11,0,24,17,0,41,8,0,8,49
09/20/2022,MGW,WV,AEA,CE,Federal Contract Tower,0,18,15,0,33,0,92,41,0,133,0,110,56,0,166,28,0,28,194
09/21/2022,MGW,WV,AEA,CE,Federal Contract Tower,0,15,13,8,36,0,60,49,3,112,0,75,62,11,148,80,10,90,238
09/22/2022,MGW,WV,AEA,CE,Federal Contract Tower,0,16,12,2,30,0,65,20,6,91,0,81,32,8,121,14,0,14,135
09/23/2022,MGW,WV,AEA,CE,Federal Contract Tower,0,16,16,0,32,0,85,75,4,164,0,101,91,4,196,136,12,148,344
09/24/2022,MGW,WV,AEA,CE,Federal Contract Tower,0,13,16,3,32,0,84,42,4,130,0,97,58,7,162,90,4,94,256
09/25/2022,MGW,WV,AEA,CE,Federal Contract Tower,0,13,11,0,24,0,50,18,0,68,0,63,29,0,92,24,0,24,116
09/26/2022,MGW,WV,AEA,CE,Federal Contract Tower,0,15,4,0,19,0,86,21,4,111,0,101,25,4,130,36,0,36,166
09/27/2022,MGW,WV,AEA,CE,Federal Contract Tower,0,18,7,0,25,0,55,26,2,83,0,73,33,2,108,22,0,22,130
09/28/2022,MGW,WV,AEA,CE,Federal Contract Tower,0,20,5,2,27,0,34,13,0,47,0,54,18,2,74,48,0,48,122
09/29/2022,MGW,WV,AEA,CE,Federal Contract Tower,0,15,14,6,35,0,75,44,2,121,0,90,58,8,156,98,6,104,260
09/30/2022,MGW,WV,AEA,CE,Federal Contract Tower,0,24,7,2,33,0,57,63,2,122,0,81,70,4,155,108,0,108,263
10/01/2022,MGW,WV,AEA,CE,Federal Contract Tower,0,14,3,0,17,0,4,0,0,4,0,18,3,0,21,0,0,0,21
10/02/2022,MGW,WV,AEA,CE,Federal Contract Tower,0,11,4,2,17,0,7,1,0,8,0,18,5,2,25,0,0,0,25
10/03/2022,MGW,WV,AEA,CE,Federal Contract Tower,0,10,5,0,15,0,52,21,4,77,0,62,26,4,92,64,4,68,160
10/04/2022,MGW,WV,AEA,CE,Federal Contract Tower,0,13,12,0,25,0,55,38,0,93,0,68,50,0,118,78,0,78,196
10/05/2022,MGW,WV,AEA,CE,Federal Contract Tower,0,16,23,1,40,0,76,55,2,133,0,92,78,3,173,140,12,152,325
10/06/2022,MGW,WV,AEA,CE,Federal Contract Tower,0,11,6,0,17,0,79,56,2,137,0,90,62,2,154,122,0,122,276
10/07/2022,MGW,WV,AEA,CE,Federal Contract Tower,0,28,18,4,50,0,32,24,2,58,0,60,42,6,108,110,0,110,218
10/08/2022,MGW,WV,AEA,CE,Federal Contract Tower,0,8,20,0,28,0,78,49,0,127,0,86,69,0,155,56,0,56,211
10/09/2022,MGW,WV,AEA,CE,Federal Contract Tower,0,10,17,0,27,0,75,68,2,145,0,85,85,2,172,88,0,88,260
10/10/2022,MGW,WV,AEA,CE,Federal Contract Tower,0,15,5,1,21,0,101,50,3,154,0,116,55,4,175,154,6,160,335
10/11/2022,MGW,WV,AEA,CE,Federal Contract Tower,0,20,22,2,44,0,73,52,7,132,0,93,74,9,176,68,0,68,244
10/12/2022,MGW,WV,AEA,CE,Federal Contract Tower,0,20,19,2,41,0,103,46,0,149,0,123,65,2,190,148,0,148,338
10/13/2022,MGW,WV,AEA,CE,Federal Contract Tower,0,22,23,0,45,0,64,75,0,139,0,86,98,0,184,82,0,82,266
10/14/2022,MGW,WV,AEA,CE,Federal Contract Tower,0,24,13,7,44,0,72,61,6,139,0,96,74,13,183,32,2,34,217
10/15/2022,MGW,WV,AEA,CE,Federal Contract Tower,0,8,9,2,19,0,87,31,2,120,0,95,40,4,139,36,0,36,175
10/16/2022,MGW,WV,AEA,CE,Federal Contract Tower,0,15,16,4,35,0,70,58,10,138,0,85,74,14,173,104,0,104,277
10/17/2022,MGW,WV,AEA,CE,Federal Contract Tower,0,15,8,0,23,0,53,30,2,85,0,68,38,2,108,6,0,6,114
10/18/2022,MGW,WV,AEA,CE,Federal Contract Tower,0,21,15,2,38,0,14,7,0,21,0,35,22,2,59,0,0,0,59
10/19/2022,MGW,WV,AEA,CE,Federal Contract Tower,0,13,4,0,17,0,7,0,0,7,0,20,4,0,24,0,0,0,24
10/20/2022,MGW,WV,AEA,CE,Federal Contract Tower,0,18,13,0,31,0,78,43,6,127,0,96,56,6,158,30,0,30,188
10/21/2022,MGW,WV,AEA,CE,Federal Contract Tower,0,17,19,0,36,0,77,65,5,147,0,94,84,5,183,128,0,128,311
10/22/2022,MGW,WV,AEA,CE,Federal Contract Tower,0,13,7,0,20,0,76,62,0,138,0,89,69,0,158,36,0,36,194
10/23/2022,MGW,WV,AEA,CE,Federal Contract Tower,0,17,16,0,33,0,83,79,0,162,0,100,95,0,195,16,0,16,211
10/24/2022,MGW,WV,AEA,CE,Federal Contract Tower,0,11,10,0,21,0,54,37,0,91,0,65,47,0,112,40,0,40,152
10/25/2022,MGW,WV,AEA,CE,Federal Contract Tower,0,12,9,0,21,0,84,43,2,129,0,96,52,2,150,34,0,34,184
10/26/2022,MGW,WV,AEA,CE,Federal Contract Tower,0,12,12,0,24,0,24,1,0,25,0,36,13,0,49,0,0,0,49
10/27/2022,MGW,WV,AEA,CE,Federal Contract Tower,0,20,12,2,34,0,67,32,0,99,0,87,44,2,133,106,14,120,253
10/28/2022,MGW,WV,AEA,CE,Federal Contract Tower,0,16,10,0,26,0,86,63,5,154,0,102,73,5,180,72,0,72,252
10/29/2022,MGW,WV,AEA,CE,Federal Contract Tower,0,8,25,0,33,0,108,63,7,178,0,116,88,7,211,146,0,146,357
10/30/2022,MGW,WV,AEA,CE,Federal Contract Tower,0,11,19,0,30,0,81,53,0,134,0,92,72,0,164,108,0,108,272
10/31/2022,MGW,WV,AEA,CE,Federal Contract Tower,0,5,4,0,9,0,4,1,0,5,0,9,5,0,14,0,0,0,14
11/01/2022,MGW,WV,AEA,CE,Federal Contract Tower,0,5,9,1,15,0,36,7,1,44,0,41,16,2,59,0,0,0,59
11/02/2022,MGW,WV,AEA,CE,Federal Contract Tower,0,15,9,0,24,0,30,18,0,48,0,45,27,0,72,38,0,38,110
11/03/2022,MGW,WV,AEA,CE,Federal Contract Tower,0,18,11,0,29,0,62,45,6,113,0,80,56,6,142,138,0,138,280
11/04/2022,MGW,WV,AEA,CE,Federal Contract Tower,0,13,11,2,26,0,92,49,26,167,0,105,60,28,193,56,0,56,249
11/05/2022,MGW,WV,AEA,CE,Federal Contract Tower,0,9,4,1,14,0,62,14,2,78,0,71,18,3,92,18,0,18,110
11/06/2022,MGW,WV,AEA,CE,Federal Contract Tower,0,8,16,3,27,0,86,27,1,114,0,94,43,4,141,54,0,54,195
11/07/2022,MGW,WV,AEA,CE,Federal Contract Tower,0,13,8,0,21,0,58,46,2,106,0,71,54,2,127,48,0,48,175
11/08/2022,MGW,WV,AEA,CE,Federal Contract Tower,0,17,12,0,29,0,72,54,0,126,0,89,66,0,155,100,0,100,255
11/09/2022,MGW,WV,AEA,CE,Federal Contract Tower,0,23,15,0,38,0,52,42,4,98,0,75,57,4,136,100,0,100,236
11/10/2022,MGW,WV,AEA,CE,Federal Contract Tower,0,18,23,12,53,0,57,48,5,110,0,75,71,17,163,76,0,76,239
11/11/2022,MGW,WV,AEA,CE,Federal Contract Tower,0,15,7,0,22,0,17,3,0,20,0,32,10,0,42,0,0,0,42
11/12/2022,MGW,WV,AEA,CE,Federal Contract Tower,0,12,13,4,29,0,0,0,0,0,0,12,13,4,29,0,0,0,29
11/13/2022,MGW,WV,AEA,CE,Federal Contract Tower,0,9,8,0,17,0,30,5,0,35,0,39,13,0,52,0,0,0,52
11/14/2022,MGW,WV,AEA,CE,Federal Contract Tower,0,15,9,2,26,0,83,26,6,115,0,98,35,8,141,56,6,62,203
11/15/2022,MGW,WV,AEA,CE,Federal Contract Tower,0,21,11,0,32,0,8,7,0,15,0,29,18,0,47,0,0,0,47
11/16/2022,MGW,WV,AEA,CE,Federal Contract Tower,0,14,10,0,24,0,22,2,0,24,0,36,12,0,48,0,0,0,48
11/17/2022,MGW,WV,AEA,CE,Federal Contract Tower,0,9,8,0,17,0,15,4,6,25,0,24,12,6,42,0,0,0,42
11/18/2022,MGW,WV,AEA,CE,Federal Contract Tower,0,15,8,0,23,0,16,1,0,17,0,31,9,0,40,0,0,0,40
11/19/2022,MGW,WV,AEA,CE,Federal Contract Tower,0,14,6,0,20,0,100,63,0,163,0,114,69,0,183,102,0,102,285
11/20/2022,MGW,WV,AEA,CE,Federal Contract Tower,0,8,4,0,12,0,92,38,0,130,0,100,42,0,142,40,0,40,182
11/21/2022,MGW,WV,AEA,CE,Federal Contract Tower,0,10,2,0,12,0,91,25,5,121,0,101,27,5,133,10,0,10,143
11/22/2022,MGW,WV,AEA,CE,Federal Contract Tower,0,16,11,0,27,0,106,51,0,157,0,122,62,0,184,92,0,92,276
11/23/2022,MGW,WV,AEA,CE,Federal Contract Tower,0,11,17,0,28,0,66,33,0,99,0,77,50,0,127,40,0,40,167
11/24/2022,MGW,WV,AEA,CE,Federal Contract Tower,0,3,5,0,8,0,57,18,0,75,0,60,23,0,83,10,0,10,93
11/25/2022,MGW,WV,AEA,CE,Federal Contract Tower,0,10,0,0,10,0,58,8,0,66,0,68,8,0,76,0,0,0,76
11/26/2022,MGW,WV,AEA,CE,Federal Contract Tower,0,12,4,0,16,0,80,55,2,137,0,92,59,2,153,128,0,128,281
11/27/2022,MGW,WV,AEA,CE,Federal Contract Tower,0,11,9,0,20,0,3,4,0,7,0,14,13,0,27,0,0,0,27
11/28/2022,MGW,WV,AEA,CE,Federal Contract Tower,0,3,6,0,9,0,50,11,0,61,0,53,17,0,70,0,0,0,70
11/29/2022,MGW,WV,AEA,CE,Federal Contract Tower,0,12,7,0,19,0,114,39,0,153,0,126,46,0,172,90,0,90,262
11/30/2022,MGW,WV,AEA,CE,Federal Contract Tower,0,21,3,0,24,0,44,8,0,52,0,65,11,0,76,0,0,0,76
12/01/2022,MGW,WV,AEA,CE,Federal Contract Tower,0,12,7,0,19,0,70,22,0,92,0,82,29,0,111,38,0,38,149
12/02/2022,MGW,WV,AEA,CE,Federal Contract Tower,0,16,9,2,27,0,78,36,0,114,0,94,45,2,141,48,0,48,189
12/03/2022,MGW,WV,AEA,CE,Federal Contract Tower,0,12,4,0,16,0,14,6,0,20,0,26,10,0,36,0,0,0,36
12/04/2022,MGW,WV,AEA,CE,Federal Contract Tower,0,12,20,2,34,0,98,34,3,135,0,110,54,5,169,94,6,100,269
12/05/2022,MGW,WV,AEA,CE,Federal Contract Tower,0,12,13,6,31,0,48,41,6,95,0,60,54,12,126,40,0,40,166
12/06/2022,MGW,WV,AEA,CE,Federal Contract Tower,0,7,1,2,10,0,22,5,0,27,0,29,6,2,37,14,0,14,51
12/07/2022,MGW,WV,AEA,CE,Federal Contract Tower,0,10,8,0,18,0,44,6,0,50,0,54,14,0,68,6,0,6,74
12/08/2022,MGW,WV,AEA,CE,Federal Contract Tower,0,18,8,2,28,0,35,16,4,55,0,53,24,6,83,46,0,46,129
12/09/2022,MGW,WV,AEA,CE,Federal Contract Tower,0,23,18,1,42,0,74,37,4,115,0,97,55,5,157,62,0,62,219
12/10/2022,MGW,WV,AEA,CE,Federal Contract Tower,0,12,5,1,18,0,34,0,0,34,0,46,5,1,52,0,0,0,52
12/11/2022,MGW,WV,AEA,CE,Federal Contract Tower,0,5,7,0,12,0,32,2,0,34,0,37,9,0,46,0,0,0,46
12/12/2022,MGW,WV,AEA,CE,Federal Contract Tower,0,18,4,1,23,0,68,12,2,82,0,86,16,3,105,22,0,22,127
12/13/2022,MGW,WV,AEA,CE,Federal Contract Tower,0,20,12,2,34,0,90,32,2,124,0,110,44,4,158,58,0,58,216
12/14/2022,MGW,WV,AEA,CE,Federal Contract Tower,0,14,21,0,35,0,28,32,0,60,0,42,53,0,95,18,0,18,113
12/15/2022,MGW,WV,AEA,CE,Federal Contract Tower,0,8,12,0,20,0,23,2,0,25,0,31,14,0,45,0,0,0,45
12/16/2022,MGW,WV,AEA,CE,Federal Contract Tower,0,16,9,0,25,0,63,33,2,98,0,79,42,2,123,98,0,98,221
12/17/2022,MGW,WV,AEA,CE,Federal Contract Tower,0,11,18,0,29,0,36,12,0,48,0,47,30,0,77,50,0,50,127
12/18/2022,MGW,WV,AEA,CE,Federal Contract Tower,0,6,10,0,16,0,16,3,0,19,0,22,13,0,35,0,0,0,35
12/19/2022,MGW,WV,AEA,CE,Federal Contract Tower,0,15,11,2,28,0,81,42,0,123,0,96,53,2,151,68,0,68,219
12/20/2022,MGW,WV,AEA,CE,Federal Contract Tower,0,11,10,0,21,0,72,36,0,108,0,83,46,0,129,66,0,66,195
12/21/2022,MGW,WV,AEA,CE,Federal Contract Tower,0,21,5,1,27,0,64,48,0,112,0,85,53,1,139,48,4,52,191
12/22/2022,MGW,WV,AEA,CE,Federal Contract Tower,0,4,2,0,6,0,4,0,0,4,0,8,2,0,10,0,0,0,10
12/23/2022,MGW,WV,AEA,CE,Federal Contract Tower,0,0,0,0,0,0,0,0,0,0,0,0,0,0,0,0,0,0,0
12/24/2022,MGW,WV,AEA,CE,Federal Contract Tower,0,0,0,0,0,0,0,0,0,0,0,0,0,0,0,0,0,0,0
12/25/2022,MGW,WV,AEA,CE,Federal Contract Tower,0,2,0,0,2,0,82,0,0,82,0,84,0,0,84,0,0,0,84
12/26/2022,MGW,WV,AEA,CE,Federal Contract Tower,0,12,4,0,16,0,36,3,0,39,0,48,7,0,55,0,0,0,55
12/27/2022,MGW,WV,AEA,CE,Federal Contract Tower,0,17,4,0,21,0,30,4,0,34,0,47,8,0,55,8,0,8,63
12/28/2022,MGW,WV,AEA,CE,Federal Contract Tower,0,11,8,0,19,0,66,36,2,104,0,77,44,2,123,38,10,48,171
12/29/2022,MGW,WV,AEA,CE,Federal Contract Tower,0,8,5,0,13,0,82,37,2,121,0,90,42,2,134,46,0,46,180
12/30/2022,MGW,WV,AEA,CE,Federal Contract Tower,0,10,7,0,17,0,83,64,2,149,0,93,71,2,166,90,0,90,256
12/31/2022,MGW,WV,AEA,CE,Federal Contract Tower,0,8,2,0,10,0,4,0,0,4,0,12,2,0,14,0,0,0,14
01/01/2023,MGW,WV,AEA,CE,Federal Contract Tower,0,8,2,0,10,0,44,4,0,48,0,52,6,0,58,0,0,0,58
01/02/2023,MGW,WV,AEA,CE,Federal Contract Tower,0,13,6,0,19,0,75,17,0,92,0,88,23,0,111,56,0,56,167
01/03/2023,MGW,WV,AEA,CE,Federal Contract Tower,0,15,1,0,16,0,4,0,0,4,0,19,1,0,20,0,0,0,20
01/04/2023,MGW,WV,AEA,CE,Federal Contract Tower,0,10,2,4,16,0,54,3,0,57,0,64,5,4,73,10,4,14,87
01/05/2023,MGW,WV,AEA,CE,Federal Contract Tower,0,13,5,4,22,0,77,24,6,107,0,90,29,10,129,62,24,86,215
01/06/2023,MGW,WV,AEA,CE,Federal Contract Tower,0,14,2,2,18,0,17,2,0,19,0,31,4,2,37,0,0,0,37
01/07/2023,MGW,WV,AEA,CE,Federal Contract Tower,0,14,11,0,25,0,95,29,0,124,0,109,40,0,149,78,0,78,227
01/08/2023,MGW,WV,AEA,CE,Federal Contract Tower,0,7,9,2,18,0,41,34,2,77,0,48,43,4,95,134,0,134,229
01/09/2023,MGW,WV,AEA,CE,Federal Contract Tower,0,16,2,3,21,0,80,5,6,91,0,96,7,9,112,0,0,0,112
01/10/2023,MGW,WV,AEA,CE,Federal Contract Tower,0,12,11,0,23,0,72,29,0,101,0,84,40,0,124,52,0,52,176
01/11/2023,MGW,WV,AEA,CE,Federal Contract Tower,0,14,11,0,25,0,42,37,0,79,0,56,48,0,104,84,0,84,188
01/12/2023,MGW,WV,AEA,CE,Federal Contract Tower,0,6,1,2,9,0,20,8,0,28,0,26,9,2,37,12,0,12,49
01/13/2023,MGW,WV,AEA,CE,Federal Contract Tower,0,13,6,0,19,0,4,0,0,4,0,17,6,0,23,0,0,0,23
01/14/2023,MGW,WV,AEA,CE,Federal Contract Tower,0,6,3,0,9,0,59,3,0,62,0,65,6,0,71,6,0,6,77
01/15/2023,MGW,WV,AEA,CE,Federal Contract Tower,0,9,12,0,21,0,81,37,0,118,0,90,49,0,139,100,0,100,239
01/16/2023,MGW,WV,AEA,CE,Federal Contract Tower,0,9,5,0,14,0,71,36,4,111,0,80,41,4,125,148,0,148,273
01/17/2023,MGW,WV,AEA,CE,Federal Contract Tower,0,16,3,0,19,0,18,9,0,27,0,34,12,0,46,34,0,34,80
01/18/2023,MGW,WV,AEA,CE,Federal Contract Tower,0,11,4,0,15,0,28,4,0,32,0,39,8,0,47,0,0,0,47
01/19/2023,MGW,WV,AEA,CE,Federal Contract Tower,0,17,11,0,28,0,35,17,0,52,0,52,28,0,80,36,0,36,116
01/20/2023,MGW,WV,AEA,CE,Federal Contract Tower,0,13,5,0,18,0,8,3,0,11,0,21,8,0,29,6,0,6,35
01/21/2023,MGW,WV,AEA,CE,Federal Contract Tower,0,9,0,0,9,0,50,14,4,68,0,59,14,4,77,6,0,6,83
01/22/2023,MGW,WV,AEA,CE,Federal Contract Tower,0,9,5,0,14,0,40,24,0,64,0,49,29,0,78,76,0,76,154
01/23/2023,MGW,WV,AEA,CE,Federal Contract Tower,0,4,7,0,11,0,0,0,0,0,0,4,7,0,11,0,0,0,11
01/24/2023,MGW,WV,AEA,CE,Federal Contract Tower,0,26,16,1,43,0,46,25,7,78,0,72,41,8,121,92,0,92,213
01/25/2023,MGW,WV,AEA,CE,Federal Contract Tower,0,7,3,0,10,0,12,7,0,19,0,19,10,0,29,12,0,12,41
01/27/2023,MGW,WV,AEA,CE,Federal Contract Tower,0,16,4,0,20,0,75,24,0,99,0,91,28,0,119,36,0,36,155
01/28/2023,MGW,WV,AEA,CE,Federal Contract Tower,0,13,6,0,19,0,81,86,2,169,0,94,92,2,188,54,0,54,242
01/29/2023,MGW,WV,AEA,CE,Federal Contract Tower,0,4,0,0,4,0,0,4,0,4,0,4,4,0,8,0,0,0,8
01/30/2023,MGW,WV,AEA,CE,Federal Contract Tower,0,19,4,0,23,0,30,14,0,44,0,49,18,0,67,48,0,48,115
01/31/2023,MGW,WV,AEA,CE,Federal Contract Tower,0,8,4,0,12,0,4,0,0,4,0,12,4,0,16,0,0,0,16
02/01/2023,MGW,WV,AEA,CE,Federal Contract Tower,0,12,11,0,23,0,40,39,0,79,0,52,50,0,102,94,0,94,196
02/02/2023,MGW,WV,AEA,CE,Federal Contract Tower,0,12,5,0,17,0,56,36,3,95,0,68,41,3,112,74,0,74,186
02/03/2023,MGW,WV,AEA,CE,Federal Contract Tower,0,13,12,2,27,0,54,10,8,72,0,67,22,10,99,6,0,6,105
02/04/2023,MGW,WV,AEA,CE,Federal Contract Tower,0,9,9,0,18,0,107,55,5,167,0,116,64,5,185,106,0,106,291
02/05/2023,MGW,WV,AEA,CE,Federal Contract Tower,0,9,2,2,13,0,53,16,0,69,0,62,18,2,82,16,0,16,98
02/06/2023,MGW,WV,AEA,CE,Federal Contract Tower,0,11,3,0,14,0,38,11,0,49,0,49,14,0,63,52,0,52,115
02/07/2023,MGW,WV,AEA,CE,Federal Contract Tower,0,10,8,0,18,0,62,16,6,84,0,72,24,6,102,40,0,40,142
02/08/2023,MGW,WV,AEA,CE,Federal Contract Tower,0,13,19,2,34,0,36,40,1,77,0,49,59,3,111,102,0,102,213
02/09/2023,MGW,WV,AEA,CE,Federal Contract Tower,0,9,1,0,10,0,43,11,1,55,0,52,12,1,65,38,0,38,103
02/10/2023,MGW,WV,AEA,CE,Federal Contract Tower,0,6,5,0,11,0,31,8,0,39,0,37,13,0,50,6,0,6,56
02/11/2023,MGW,WV,AEA,CE,Federal Contract Tower,0,10,10,0,20,0,97,90,6,193,0,107,100,6,213,68,0,68,281
02/12/2023,MGW,WV,AEA,CE,Federal Contract Tower,0,7,2,0,9,0,45,45,2,92,0,52,47,2,101,108,0,108,209
02/13/2023,MGW,WV,AEA,CE,Federal Contract Tower,0,8,4,4,16,0,56,29,6,91,0,64,33,10,107,36,6,42,149
02/14/2023,MGW,WV,AEA,CE,Federal Contract Tower,0,9,6,0,15,0,34,29,0,63,0,43,35,0,78,94,0,94,172
02/15/2023,MGW,WV,AEA,CE,Federal Contract Tower,0,6,5,0,11,0,50,10,0,60,0,56,15,0,71,6,0,6,77
02/16/2023,MGW,WV,AEA,CE,Federal Contract Tower,0,10,8,2,20,0,24,6,0,30,0,34,14,2,50,34,0,34,84
02/17/2023,MGW,WV,AEA,CE,Federal Contract Tower,0,7,3,0,10,0,4,1,0,5,0,11,4,0,15,0,0,0,15
02/18/2023,MGW,WV,AEA,CE,Federal Contract Tower,0,11,4,0,15,0,128,80,4,212,0,139,84,4,227,62,0,62,289
02/19/2023,MGW,WV,AEA,CE,Federal Contract Tower,0,8,5,0,13,0,96,41,0,137,0,104,46,0,150,38,0,38,188
02/20/2023,MGW,WV,AEA,CE,Federal Contract Tower,0,12,6,0,18,0,58,22,0,80,0,70,28,0,98,32,0,32,130
02/21/2023,MGW,WV,AEA,CE,Federal Contract Tower,0,9,3,2,14,0,60,2,0,62,0,69,5,2,76,4,0,4,80
02/22/2023,MGW,WV,AEA,CE,Federal Contract Tower,0,12,7,0,19,0,54,11,4,69,0,66,18,4,88,10,0,10,98
02/23/2023,MGW,WV,AEA,CE,Federal Contract Tower,0,13,2,2,17,0,62,23,0,85,0,75,25,2,102,42,0,42,144
02/24/2023,MGW,WV,AEA,CE,Federal Contract Tower,0,12,11,0,23,0,77,45,0,122,0,89,56,0,145,128,0,128,273
02/25/2023,MGW,WV,AEA,CE,Federal Contract Tower,0,9,7,2,18,0,64,51,6,121,0,73,58,8,139,98,0,98,237
02/26/2023,MGW,WV,AEA,CE,Federal Contract Tower,0,12,10,0,22,0,42,21,0,63,0,54,31,0,85,44,0,44,129
02/27/2023,MGW,WV,AEA,CE,Federal Contract Tower,0,11,2,0,13,0,31,2,0,33,0,42,4,0,46,14,0,14,60
02/28/2023,MGW,WV,AEA,CE,Federal Contract Tower,0,10,11,0,21,0,90,13,0,103,0,100,24,0,124,40,0,40,164
03/01/2023,MGW,WV,AEA,CE,Federal Contract Tower,0,11,16,0,27,0,68,27,9,104,0,79,43,9,131,38,0,38,169
03/02/2023,MGW,WV,AEA,CE,Federal Contract Tower,0,12,10,1,23,0,69,40,0,109,0,81,50,1,132,76,0,76,208
03/03/2023,MGW,WV,AEA,CE,Federal Contract Tower,0,7,3,0,10,0,13,2,0,15,0,20,5,0,25,16,0,16,41
03/04/2023,MGW,WV,AEA,CE,Federal Contract Tower,0,9,2,0,11,0,64,2,4,70,0,73,4,4,81,0,0,0,81
03/05/2023,MGW,WV,AEA,CE,Federal Contract Tower,0,9,4,0,13,0,66,49,0,115,0,75,53,0,128,50,0,50,178
03/06/2023,MGW,WV,AEA,CE,Federal Contract Tower,0,7,6,0,13,0,111,54,0,165,0,118,60,0,178,106,0,106,284
03/07/2023,MGW,WV,AEA,CE,Federal Contract Tower,0,10,7,0,17,0,42,19,4,65,0,52,26,4,82,36,6,42,124
03/08/2023,MGW,WV,AEA,CE,Federal Contract Tower,0,14,6,0,20,0,70,34,10,114,0,84,40,10,134,72,8,80,214
03/09/2023,MGW,WV,AEA,CE,Federal Contract Tower,0,15,9,0,24,0,53,46,4,103,0,68,55,4,127,130,6,136,263
03/10/2023,MGW,WV,AEA,CE,Federal Contract Tower,0,5,5,0,10,0,4,2,0,6,0,9,7,0,16,8,0,8,24
03/11/2023,MGW,WV,AEA,CE,Federal Contract Tower,0,20,1,0,21,0,84,17,2,103,0,104,18,2,124,38,0,38,162
03/12/2023,MGW,WV,AEA,CE,Federal Contract Tower,0,7,4,0,11,0,20,7,0,27,0,27,11,0,38,0,0,0,38
03/13/2023,MGW,WV,AEA,CE,Federal Contract Tower,0,4,2,0,6,0,0,0,0,0,0,4,2,0,6,0,0,0,6
03/14/2023,MGW,WV,AEA,CE,Federal Contract Tower,0,7,6,0,13,0,6,1,2,9,0,13,7,2,22,0,4,4,26
03/15/2023,MGW,WV,AEA,CE,Federal Contract Tower,0,14,19,0,33,0,59,43,2,104,0,73,62,2,137,128,0,128,265
03/16/2023,MGW,WV,AEA,CE,Federal Contract Tower,0,13,21,0,34,0,80,67,2,149,0,93,88,2,183,138,0,138,321
03/17/2023,MGW,WV,AEA,CE,Federal Contract Tower,0,4,10,0,14,0,22,0,0,22,0,26,10,0,36,0,0,0,36
03/18/2023,MGW,WV,AEA,CE,Federal Contract Tower,0,6,7,0,13,0,35,13,4,52,0,41,20,4,65,8,8,16,81
03/19/2023,MGW,WV,AEA,CE,Federal Contract Tower,0,18,6,0,24,0,81,17,0,98,0,99,23,0,122,42,0,42,164
03/20/2023,MGW,WV,AEA,CE,Federal Contract Tower,0,30,25,2,57,0,97,51,2,150,0,127,76,4,207,154,0,154,361
03/21/2023,MGW,WV,AEA,CE,Federal Contract Tower,0,6,5,0,11,0,82,41,0,123,0,88,46,0,134,110,0,110,244
03/22/2023,MGW,WV,AEA,CE,Federal Contract Tower,0,16,2,4,22,0,48,32,0,80,0,64,34,4,102,52,0,52,154
03/23/2023,MGW,WV,AEA,CE,Federal Contract Tower,0,14,2,0,16,0,55,6,0,61,0,69,8,0,77,20,0,20,97
03/24/2023,MGW,WV,AEA,CE,Federal Contract Tower,0,15,4,0,19,0,0,0,0,0,0,15,4,0,19,0,0,0,19
03/25/2023,MGW,WV,AEA,CE,Federal Contract Tower,0,5,2,0,7,0,0,0,0,0,0,5,2,0,7,0,0,0,7
03/26/2023,MGW,WV,AEA,CE,Federal Contract Tower,0,10,8,0,18,0,78,54,4,136,0,88,62,4,154,92,0,92,246
03/27/2023,MGW,WV,AEA,CE,Federal Contract Tower,0,11,11,4,26,0,86,30,4,120,0,97,41,8,146,136,2,138,284
03/28/2023,MGW,WV,AEA,CE,Federal Contract Tower,0,6,3,0,9,0,56,37,2,95,0,62,40,2,104,62,4,66,170
03/29/2023,MGW,WV,AEA,CE,Federal Contract Tower,0,16,11,0,27,0,56,30,2,88,0,72,41,2,115,70,0,70,185
03/30/2023,MGW,WV,AEA,CE,Federal Contract Tower,0,10,13,0,23,0,78,72,7,157,0,88,85,7,180,138,0,138,318
03/31/2023,MGW,WV,AEA,CE,Federal Contract Tower,0,12,6,0,18,0,43,13,0,56,0,55,19,0,74,8,0,8,82
04/01/2023,MGW,WV,AEA,CE,Federal Contract Tower,0,5,1,0,6,0,0,0,0,0,0,5,1,0,6,0,0,0,6
04/02/2023,MGW,WV,AEA,CE,Federal Contract Tower,0,11,6,0,17,0,56,42,2,100,0,67,48,2,117,120,0,120,237
04/03/2023,MGW,WV,AEA,CE,Federal Contract Tower,0,9,13,4,26,0,90,56,6,152,0,99,69,10,178,110,4,114,292
04/04/2023,MGW,WV,AEA,CE,Federal Contract Tower,0,16,17,0,33,0,48,48,0,96,0,64,65,0,129,140,0,140,269
04/05/2023,MGW,WV,AEA,CE,Federal Contract Tower,0,9,3,0,12,0,44,23,0,67,0,53,26,0,79,54,0,54,133
04/06/2023,MGW,WV,AEA,CE,Federal Contract Tower,0,14,7,0,21,0,16,5,0,21,0,30,12,0,42,0,0,0,42
04/07/2023,MGW,WV,AEA,CE,Federal Contract Tower,0,12,4,2,18,0,76,48,1,125,0,88,52,3,143,98,0,98,241
04/08/2023,MGW,WV,AEA,CE,Federal Contract Tower,0,10,11,0,21,0,89,60,0,149,0,99,71,0,170,78,0,78,248
04/09/2023,MGW,WV,AEA,CE,Federal Contract Tower,0,5,6,0,11,0,64,25,0,89,0,69,31,0,100,48,0,48,148
04/10/2023,MGW,WV,AEA,CE,Federal Contract Tower,0,10,11,0,21,0,100,77,2,179,0,110,88,2,200,180,0,180,380
04/11/2023,MGW,WV,AEA,CE,Federal Contract Tower,0,17,19,10,46,0,86,53,0,139,0,103,72,10,185,86,0,86,271
04/12/2023,MGW,WV,AEA,CE,Federal Contract Tower,0,20,0,0,20,0,62,30,0,92,0,82,30,0,112,98,0,98,210
04/13/2023,MGW,WV,AEA,CE,Federal Contract Tower,0,16,10,0,26,0,85,60,12,157,0,101,70,12,183,162,0,162,345
04/14/2023,MGW,WV,AEA,CE,Federal Contract Tower,0,14,7,2,23,0,85,60,7,152,0,99,67,9,175,122,0,122,297
04/15/2023,MGW,WV,AEA,CE,Federal Contract Tower,0,12,4,0,16,0,68,35,0,103,0,80,39,0,119,28,0,28,147
04/16/2023,MGW,WV,AEA,CE,Federal Contract Tower,0,9,4,0,13,0,40,33,0,73,0,49,37,0,86,80,0,80,166
04/17/2023,MGW,WV,AEA,CE,Federal Contract Tower,0,6,7,2,15,0,30,7,0,37,0,36,14,2,52,0,0,0,52
04/18/2023,MGW,WV,AEA,CE,Federal Contract Tower,0,8,6,0,14,0,127,8,5,140,0,135,14,5,154,8,0,8,162
04/19/2023,MGW,WV,AEA,CE,Federal Contract Tower,0,16,9,0,25,0,48,41,0,89,0,64,50,0,114,142,0,142,256
04/20/2023,MGW,WV,AEA,CE,Federal Contract Tower,0,21,5,5,31,0,85,59,4,148,0,106,64,9,179,122,0,122,301
04/21/2023,MGW,WV,AEA,CE,Federal Contract Tower,0,14,11,0,25,0,69,47,3,119,0,83,58,3,144,22,0,22,166
04/22/2023,MGW,WV,AEA,CE,Federal Contract Tower,0,15,4,0,19,0,45,12,0,57,0,60,16,0,76,60,0,60,136
04/23/2023,MGW,WV,AEA,CE,Federal Contract Tower,0,9,6,0,15,0,57,25,0,82,0,66,31,0,97,76,0,76,173
04/24/2023,MGW,WV,AEA,CE,Federal Contract Tower,0,11,4,0,15,0,64,34,0,98,0,75,38,0,113,96,0,96,209
04/25/2023,MGW,WV,AEA,CE,Federal Contract Tower,0,10,16,0,26,0,88,44,8,140,0,98,60,8,166,112,22,134,300
04/26/2023,MGW,WV,AEA,CE,Federal Contract Tower,0,17,24,0,41,0,100,49,8,157,0,117,73,8,198,94,0,94,292
04/27/2023,MGW,WV,AEA,CE,Federal Contract Tower,0,17,2,6,25,0,83,64,7,154,0,100,66,13,179,150,0,150,329
04/28/2023,MGW,WV,AEA,CE,Federal Contract Tower,0,10,6,0,16,0,14,0,0,14,0,24,6,0,30,0,0,0,30
04/29/2023,MGW,WV,AEA,CE,Federal Contract Tower,0,10,12,0,22,0,82,20,0,102,0,92,32,0,124,32,0,32,156
04/30/2023,MGW,WV,AEA,CE,Federal Contract Tower,0,15,3,0,18,0,54,6,0,60,0,69,9,0,78,0,0,0,78
05/01/2023,MGW,WV,AEA,CE,Federal Contract Tower,0,2,2,0,4,0,2,2,0,4,0,4,4,0,8,6,0,6,14
05/02/2023,MGW,WV,AEA,CE,Federal Contract Tower,0,14,0,0,14,0,4,0,0,4,0,18,0,0,18,0,0,0,18
05/03/2023,MGW,WV,AEA,CE,Federal Contract Tower,0,8,4,0,12,0,6,0,0,6,0,14,4,0,18,0,0,0,18
05/04/2023,MGW,WV,AEA,CE,Federal Contract Tower,0,10,12,0,22,0,64,42,0,106,0,74,54,0,128,78,0,78,206
05/05/2023,MGW,WV,AEA,CE,Federal Contract Tower,0,23,12,2,37,0,74,88,2,164,0,97,100,4,201,178,0,178,379
05/06/2023,MGW,WV,AEA,CE,Federal Contract Tower,0,12,12,0,24,0,143,60,4,207,0,155,72,4,231,60,0,60,291
05/07/2023,MGW,WV,AEA,CE,Federal Contract Tower,0,9,8,0,17,0,17,7,0,24,0,26,15,0,41,4,0,4,45
05/08/2023,MGW,WV,AEA,CE,Federal Contract Tower,0,11,17,0,28,0,84,23,0,107,0,95,40,0,135,60,0,60,195
05/09/2023,MGW,WV,AEA,CE,Federal Contract Tower,0,16,11,2,29,0,58,18,0,76,0,74,29,2,105,62,0,62,167
05/10/2023,MGW,WV,AEA,CE,Federal Contract Tower,0,9,6,2,17,0,48,39,2,89,0,57,45,4,106,56,0,56,162
05/11/2023,MGW,WV,AEA,CE,Federal Contract Tower,0,11,26,2,39,0,49,97,5,151,0,60,123,7,190,136,0,136,326
05/12/2023,MGW,WV,AEA,CE,Federal Contract Tower,0,12,8,0,20,0,104,58,0,162,0,116,66,0,182,90,0,90,272
05/13/2023,MGW,WV,AEA,CE,Federal Contract Tower,0,12,4,0,16,0,12,0,0,12,0,24,4,0,28,0,0,0,28
05/14/2023,MGW,WV,AEA,CE,Federal Contract Tower,0,10,6,0,16,0,32,31,0,63,0,42,37,0,79,0,0,0,79
05/15/2023,MGW,WV,AEA,CE,Federal Contract Tower,0,16,13,0,29,0,102,52,4,158,0,118,65,4,187,46,0,46,233
05/16/2023,MGW,WV,AEA,CE,Federal Contract Tower,0,18,8,0,26,0,58,16,0,74,0,76,24,0,100,8,0,8,108
05/17/2023,MGW,WV,AEA,CE,Federal Contract Tower,0,15,18,0,33,0,84,43,2,129,0,99,61,2,162,62,0,62,224
05/18/2023,MGW,WV,AEA,CE,Federal Contract Tower,0,17,10,1,28,0,54,55,6,115,0,71,65,7,143,52,0,52,195
05/19/2023,MGW,WV,AEA,CE,Federal Contract Tower,0,17,8,0,25,0,76,60,6,142,0,93,68,6,167,92,8,100,267
05/20/2023,MGW,WV,AEA,CE,Federal Contract Tower,0,12,17,0,29,0,8,2,0,10,0,20,19,0,39,0,0,0,39
05/21/2023,MGW,WV,AEA,CE,Federal Contract Tower,0,13,12,0,25,0,89,30,2,121,0,102,42,2,146,50,0,50,196
05/22/2023,MGW,WV,AEA,CE,Federal Contract Tower,0,16,10,0,26,0,68,38,0,106,0,84,48,0,132,68,0,68,200
05/23/2023,MGW,WV,AEA,CE,Federal Contract Tower,0,25,23,0,48,0,94,46,12,152,0,119,69,12,200,84,0,84,284
05/24/2023,MGW,WV,AEA,CE,Federal Contract Tower,0,13,9,4,26,0,68,43,0,111,0,81,52,4,137,110,0,110,247
05/25/2023,MGW,WV,AEA,CE,Federal Contract Tower,0,12,7,0,19,0,126,65,0,191,0,138,72,0,210,134,0,134,344
05/26/2023,MGW,WV,AEA,CE,Federal Contract Tower,0,15,13,0,28,0,120,72,6,198,0,135,85,6,226,178,0,178,404
05/27/2023,MGW,WV,AEA,CE,Federal Contract Tower,0,14,10,0,24,0,140,54,0,194,0,154,64,0,218,74,0,74,292
05/28/2023,MGW,WV,AEA,CE,Federal Contract Tower,0,10,1,0,11,0,136,39,2,177,0,146,40,2,188,72,0,72,260
05/29/2023,MGW,WV,AEA,CE,Federal Contract Tower,0,12,5,0,17,0,102,35,0,137,0,114,40,0,154,52,0,52,206
05/30/2023,MGW,WV,AEA,CE,Federal Contract Tower,0,14,11,0,25,0,77,39,10,126,0,91,50,10,151,90,0,90,241
05/31/2023,MGW,WV,AEA,CE,Federal Contract Tower,0,10,4,0,14,0,52,45,0,97,0,62,49,0,111,112,0,112,223
06/01/2023,MGW,WV,AEA,CE,Federal Contract Tower,0,20,10,1,31,0,88,41,6,135,0,108,51,7,166,84,0,84,250
06/06/2023,MGW,WV,AEA,CE,Federal Contract Tower,0,14,8,0,22,0,104,30,4,138,0,118,38,4,160,90,0,90,250
06/07/2023,MGW,WV,AEA,CE,Federal Contract Tower,0,18,4,4,26,0,52,27,0,79,0,70,31,4,105,104,0,104,209
06/08/2023,MGW,WV,AEA,CE,Federal Contract Tower,0,16,16,0,32,0,133,57,0,190,0,149,73,0,222,100,0,100,322
06/09/2023,MGW,WV,AEA,CE,Federal Contract Tower,0,13,9,0,22,0,74,41,10,125,0,87,50,10,147,24,0,24,171
06/10/2023,MGW,WV,AEA,CE,Federal Contract Tower,0,13,11,0,24,0,93,72,0,165,0,106,83,0,189,36,0,36,225
06/11/2023,MGW,WV,AEA,CE,Federal Contract Tower,0,13,7,0,20,0,62,39,0,101,0,75,46,0,121,72,0,72,193
06/12/2023,MGW,WV,AEA,CE,Federal Contract Tower,0,12,10,3,25,0,28,3,0,31,0,40,13,3,56,30,0,30,86
06/13/2023,MGW,WV,AEA,CE,Federal Contract Tower,0,17,14,0,31,0,50,34,0,84,0,67,48,0,115,62,0,62,177
06/14/2023,MGW,WV,AEA,CE,Federal Contract Tower,0,13,14,0,27,0,46,13,0,59,0,59,27,0,86,46,0,46,132
06/15/2023,MGW,WV,AEA,CE,Federal Contract Tower,0,34,22,0,56,0,66,68,12,146,0,100,90,12,202,156,22,178,380
06/16/2023,MGW,WV,AEA,CE,Federal Contract Tower,0,14,9,0,23,0,19,16,1,36,0,33,25,1,59,32,0,32,91
06/17/2023,MGW,WV,AEA,CE,Federal Contract Tower,0,11,15,0,26,0,91,13,0,104,0,102,28,0,130,14,0,14,144
06/18/2023,MGW,WV,AEA,CE,Federal Contract Tower,0,16,11,0,27,0,75,45,0,120,0,91,56,0,147,110,0,110,257
06/19/2023,MGW,WV,AEA,CE,Federal Contract Tower,0,10,3,0,13,0,60,25,0,85,0,70,28,0,98,94,0,94,192
06/20/2023,MGW,WV,AEA,CE,Federal Contract Tower,0,16,9,0,25,0,78,15,6,99,0,94,24,6,124,56,6,62,186
06/21/2023,MGW,WV,AEA,CE,Federal Contract Tower,0,16,8,3,27,0,34,21,8,63,0,50,29,11,90,30,0,30,120
06/22/2023,MGW,WV,AEA,CE,Federal Contract Tower,0,8,10,7,25,0,25,21,8,54,0,33,31,15,79,56,0,56,135
06/23/2023,MGW,WV,AEA,CE,Federal Contract Tower,0,15,6,3,24,0,37,21,1,59,0,52,27,4,83,58,0,58,141
06/24/2023,MGW,WV,AEA,CE,Federal Contract Tower,0,12,3,0,15,0,100,24,2,126,0,112,27,2,141,24,0,24,165
06/25/2023,MGW,WV,AEA,CE,Federal Contract Tower,0,11,12,0,23,0,86,41,2,129,0,97,53,2,152,116,4,120,272
06/26/2023,MGW,WV,AEA,CE,Federal Contract Tower,0,15,6,1,22,0,79,33,3,115,0,94,39,4,137,34,10,44,181
06/27/2023,MGW,WV,AEA,CE,Federal Contract Tower,0,18,14,2,34,0,22,1,0,23,0,40,15,2,57,0,0,0,57
06/29/2023,MGW,WV,AEA,CE,Federal Contract Tower,0,19,10,0,29,0,16,4,0,20,0,35,14,0,49,16,0,16,65
06/30/2023,MGW,WV,AEA,CE,Federal Contract Tower,0,13,11,3,27,0,77,59,1,137,0,90,70,4,164,118,0,118,282
07/01/2023,MGW,WV,AEA,CE,Federal Contract Tower,0,16,4,2,22,0,102,31,0,133,0,118,35,2,155,84,0,84,239
07/02/2023,MGW,WV,AEA,CE,Federal Contract Tower,0,8,0,0,8,0,46,11,0,57,0,54,11,0,65,40,0,40,105
07/03/2023,MGW,WV,AEA,CE,Federal Contract Tower,0,11,6,0,17,0,24,10,0,34,0,35,16,0,51,26,0,26,77
07/04/2023,MGW,WV,AEA,CE,Federal Contract Tower,0,16,7,0,23,0,56,21,0,77,0,72,28,0,100,38,0,38,138
07/05/2023,MGW,WV,AEA,CE,Federal Contract Tower,0,18,13,2,33,0,46,59,5,110,0,64,72,7,143,92,6,98,241
07/06/2023,MGW,WV,AEA,CE,Federal Contract Tower,0,16,7,0,23,0,46,34,5,85,0,62,41,5,108,62,0,62,170
07/07/2023,MGW,WV,AEA,CE,Federal Contract Tower,0,16,13,3,32,0,106,16,8,130,0,122,29,11,162,46,6,52,214
07/08/2023,MGW,WV,AEA,CE,Federal Contract Tower,0,8,20,0,28,0,98,38,3,139,0,106,58,3,167,42,0,42,209
07/09/2023,MGW,WV,AEA,CE,Federal Contract Tower,0,12,0,2,14,0,22,10,1,33,0,34,10,3,47,50,0,50,97
07/11/2023,MGW,WV,AEA,CE,Federal Contract Tower,0,15,6,0,21,0,84,36,6,126,0,99,42,6,147,80,0,80,227
07/12/2023,MGW,WV,AEA,CE,Federal Contract Tower,0,16,11,1,28,0,78,31,2,111,0,94,42,3,139,68,0,68,207
07/13/2023,MGW,WV,AEA,CE,Federal Contract Tower,0,23,16,4,43,0,64,29,3,96,0,87,45,7,139,74,0,74,213
07/14/2023,MGW,WV,AEA,CE,Federal Contract Tower,0,16,16,0,32,0,66,33,0,99,0,82,49,0,131,28,0,28,159
07/15/2023,MGW,WV,AEA,CE,Federal Contract Tower,0,8,7,3,18,0,86,25,4,115,0,94,32,7,133,20,0,20,153
07/16/2023,MGW,WV,AEA,CE,Federal Contract Tower,0,7,14,0,21,0,56,21,0,77,0,63,35,0,98,46,0,46,144
07/17/2023,MGW,WV,AEA,CE,Federal Contract Tower,0,14,8,0,22,0,30,7,0,37,0,44,15,0,59,30,0,30,89
07/18/2023,MGW,WV,AEA,CE,Federal Contract Tower,0,15,10,0,25,0,86,19,2,107,0,101,29,2,132,34,0,34,166
07/19/2023,MGW,WV,AEA,CE,Federal Contract Tower,0,24,7,0,31,0,52,22,0,74,0,76,29,0,105,62,0,62,167
07/20/2023,MGW,WV,AEA,CE,Federal Contract Tower,0,31,9,0,40,0,56,25,8,89,0,87,34,8,129,82,0,82,211
07/21/2023,MGW,WV,AEA,CE,Federal Contract Tower,0,15,19,2,36,0,71,47,0,118,0,86,66,2,154,52,0,52,206
07/22/2023,MGW,WV,AEA,CE,Federal Contract Tower,0,10,1,2,13,0,88,62,0,150,0,98,63,2,163,32,0,32,195
07/23/2023,MGW,WV,AEA,CE,Federal Contract Tower,0,17,8,0,25,0,78,45,0,123,0,95,53,0,148,124,0,124,272
07/24/2023,MGW,WV,AEA,CE,Federal Contract Tower,0,11,14,0,25,0,60,24,2,86,0,71,38,2,111,4,0,4,115
07/25/2023,MGW,WV,AEA,CE,Federal Contract Tower,0,11,13,1,25,0,110,36,1,147,0,121,49,2,172,36,0,36,208
07/26/2023,MGW,WV,AEA,CE,Federal Contract Tower,0,13,18,4,35,0,54,50,10,114,0,67,68,14,149,96,4,100,249
07/27/2023,MGW,WV,AEA,CE,Federal Contract Tower,0,15,14,0,29,0,46,25,0,71,0,61,39,0,100,66,0,66,166
07/28/2023,MGW,WV,AEA,CE,Federal Contract Tower,0,7,8,2,17,0,50,43,0,93,0,57,51,2,110,66,0,66,176
07/29/2023,MGW,WV,AEA,CE,Federal Contract Tower,0,7,4,0,11,0,72,14,0,86,0,79,18,0,97,2,0,2,99
07/30/2023,MGW,WV,AEA,CE,Federal Contract Tower,0,8,4,0,12,0,95,35,2,132,0,103,39,2,144,20,0,20,164
07/31/2023,MGW,WV,AEA,CE,Federal Contract Tower,0,26,9,2,37,0,68,30,4,102,0,94,39,6,139,8,6,14,153
08/01/2023,MGW,WV,AEA,CE,Federal Contract Tower,0,12,12,0,24,0,120,32,2,154,0,132,44,2,178,10,0,10,188
08/02/2023,MGW,WV,AEA,CE,Federal Contract Tower,0,24,17,3,44,0,52,44,6,102,0,76,61,9,146,52,0,52,198
08/03/2023,MGW,WV,AEA,CE,Federal Contract Tower,0,15,9,2,26,0,50,36,4,90,0,65,45,6,116,30,0,30,146
08/04/2023,MGW,WV,AEA,CE,Federal Contract Tower,0,13,5,2,20,0,70,58,2,130,0,83,63,4,150,14,0,14,164
08/05/2023,MGW,WV,AEA,CE,Federal Contract Tower,0,9,13,0,22,0,89,50,0,139,0,98,63,0,161,80,0,80,241
08/06/2023,MGW,WV,AEA,CE,Federal Contract Tower,0,9,7,3,19,0,38,25,0,63,0,47,32,3,82,44,0,44,126
08/07/2023,MGW,WV,AEA,CE,Federal Contract Tower,0,7,2,0,9,0,4,3,0,7,0,11,5,0,16,6,0,6,22
08/08/2023,MGW,WV,AEA,CE,Federal Contract Tower,0,15,6,0,21,0,82,30,4,116,0,97,36,4,137,58,0,58,195
08/09/2023,MGW,WV,AEA,CE,Federal Contract Tower,0,11,12,2,25,0,66,47,2,115,0,77,59,4,140,76,0,76,216
08/10/2023,MGW,WV,AEA,CE,Federal Contract Tower,0,17,20,0,37,0,28,17,4,49,0,45,37,4,86,32,0,32,118
08/11/2023,MGW,WV,AEA,CE,Federal Contract Tower,0,17,7,2,26,0,97,55,2,154,0,114,62,4,180,66,0,66,246
08/12/2023,MGW,WV,AEA,CE,Federal Contract Tower,0,11,9,2,22,0,73,41,4,118,0,84,50,6,140,54,10,64,204
08/13/2023,MGW,WV,AEA,CE,Federal Contract Tower,0,15,9,0,24,0,76,41,0,117,0,91,50,0,141,40,0,40,181
08/14/2023,MGW,WV,AEA,CE,Federal Contract Tower,0,13,6,0,19,0,24,5,0,29,0,37,11,0,48,40,0,40,88
08/15/2023,MGW,WV,AEA,CE,Federal Contract Tower,0,20,9,0,29,0,116,26,4,146,0,136,35,4,175,28,0,28,203
08/16/2023,MGW,WV,AEA,CE,Federal Contract Tower,0,19,12,0,31,0,52,24,6,82,0,71,36,6,113,68,6,74,187
08/17/2023,MGW,WV,AEA,CE,Federal Contract Tower,0,12,12,1,25,0,71,37,7,115,0,83,49,8,140,44,0,44,184
08/18/2023,MGW,WV,AEA,CE,Federal Contract Tower,0,21,14,0,35,0,57,29,0,86,0,78,43,0,121,18,0,18,139
08/19/2023,MGW,WV,AEA,CE,Federal Contract Tower,0,12,26,0,38,0,87,59,1,147,0,99,85,1,185,40,0,40,225
08/20/2023,MGW,WV,AEA,CE,Federal Contract Tower,0,9,14,0,23,0,105,53,0,158,0,114,67,0,181,50,0,50,231
08/21/2023,MGW,WV,AEA,CE,Federal Contract Tower,0,11,3,0,14,0,81,30,0,111,0,92,33,0,125,12,0,12,137
08/22/2023,MGW,WV,AEA,CE,Federal Contract Tower,0,15,17,0,32,0,86,24,0,110,0,101,41,0,142,0,0,0,142
08/23/2023,MGW,WV,AEA,CE,Federal Contract Tower,0,20,24,0,44,0,46,45,7,98,0,66,69,7,142,12,8,20,162
08/24/2023,MGW,WV,AEA,CE,Federal Contract Tower,0,19,8,2,29,0,70,31,2,103,0,89,39,4,132,20,4,24,156
08/25/2023,MGW,WV,AEA,CE,Federal Contract Tower,0,14,10,0,24,0,33,25,0,58,0,47,35,0,82,20,0,20,102
08/26/2023,MGW,WV,AEA,CE,Federal Contract Tower,0,13,11,0,24,0,71,36,1,108,0,84,47,1,132,36,0,36,168
08/27/2023,MGW,WV,AEA,CE,Federal Contract Tower,0,13,16,0,29,0,65,30,0,95,0,78,46,0,124,28,0,28,152
08/28/2023,MGW,WV,AEA,CE,Federal Contract Tower,0,14,8,0,22,0,59,31,2,92,0,73,39,2,114,22,0,22,136
08/29/2023,MGW,WV,AEA,CE,Federal Contract Tower,0,17,11,0,28,0,40,20,0,60,0,57,31,0,88,16,0,16,104
08/30/2023,MGW,WV,AEA,CE,Federal Contract Tower,0,12,11,4,27,0,52,32,0,84,0,64,43,4,111,52,0,52,163
08/31/2023,MGW,WV,AEA,CE,Federal Contract Tower,0,15,6,4,25,0,90,65,5,160,0,105,71,9,185,96,0,96,281
