02/01/2002,MHK,KS,ACE,CE,Federal Contract Tower,0,8,12,2,22,0,0,14,4,18,0,8,26,6,40,20,0,20,60
02/02/2002,MHK,KS,ACE,CE,Federal Contract Tower,0,5,6,0,11,0,0,27,0,27,0,5,33,0,38,12,0,12,50
02/03/2002,MHK,KS,ACE,CE,Federal Contract Tower,0,4,5,1,10,0,2,29,1,32,0,6,34,2,42,6,0,6,48
02/04/2002,MHK,KS,ACE,CE,Federal Contract Tower,0,5,5,1,11,0,3,25,1,29,0,8,30,2,40,8,4,12,52
02/05/2002,MHK,KS,ACE,CE,Federal Contract Tower,0,6,12,2,20,0,0,15,3,18,0,6,27,5,38,34,18,52,90
02/06/2002,MHK,KS,ACE,CE,Federal Contract Tower,0,7,11,2,20,0,0,4,6,10,0,7,15,8,30,4,6,10,40
02/07/2002,MHK,KS,ACE,CE,Federal Contract Tower,0,8,13,4,25,0,0,23,1,24,0,8,36,5,49,32,0,32,81
02/08/2002,MHK,KS,ACE,CE,Federal Contract Tower,0,6,9,2,17,0,0,38,0,38,0,6,47,2,55,12,0,12,67
02/09/2002,MHK,KS,ACE,CE,Federal Contract Tower,0,4,5,2,11,0,0,2,1,3,0,4,7,3,14,4,0,4,18
02/10/2002,MHK,KS,ACE,CE,Federal Contract Tower,0,6,7,1,14,2,0,7,0,9,2,6,14,1,23,6,0,6,29
02/11/2002,MHK,KS,ACE,CE,Federal Contract Tower,0,6,8,3,17,2,0,22,0,24,2,6,30,3,41,12,0,12,53
02/12/2002,MHK,KS,ACE,CE,Federal Contract Tower,0,6,9,3,18,0,0,19,3,22,0,6,28,6,40,68,2,70,110
02/13/2002,MHK,KS,ACE,CE,Federal Contract Tower,0,6,7,2,15,0,0,31,0,31,0,6,38,2,46,30,10,40,86
02/14/2002,MHK,KS,ACE,CE,Federal Contract Tower,0,8,11,2,21,0,0,18,0,18,0,8,29,2,39,8,0,8,47
02/15/2002,MHK,KS,ACE,CE,Federal Contract Tower,0,6,7,2,15,0,0,31,2,33,0,6,38,4,48,14,0,14,62
02/16/2002,MHK,KS,ACE,CE,Federal Contract Tower,0,8,12,2,22,0,0,66,0,66,0,8,78,2,88,110,0,110,198
02/17/2002,MHK,KS,ACE,CE,Federal Contract Tower,0,6,9,0,15,0,0,44,0,44,0,6,53,0,59,86,0,86,145
02/18/2002,MHK,KS,ACE,CE,Federal Contract Tower,0,4,5,0,9,0,2,17,0,19,0,6,22,0,28,22,0,22,50
02/19/2002,MHK,KS,ACE,CE,Federal Contract Tower,0,8,13,2,23,0,0,8,0,8,0,8,21,2,31,24,0,24,55
02/20/2002,MHK,KS,ACE,CE,Federal Contract Tower,0,6,7,1,14,0,0,25,1,26,0,6,32,2,40,54,0,54,94
02/21/2002,MHK,KS,ACE,CE,Federal Contract Tower,0,8,12,2,22,0,0,30,4,34,0,8,42,6,56,20,4,24,80
02/22/2002,MHK,KS,ACE,CE,Federal Contract Tower,0,10,12,2,24,0,0,40,2,42,0,10,52,4,66,48,0,48,114
02/23/2002,MHK,KS,ACE,CE,Federal Contract Tower,0,4,6,0,10,0,2,49,0,51,0,6,55,0,61,58,0,58,119
02/24/2002,MHK,KS,ACE,CE,Federal Contract Tower,0,6,7,1,14,0,3,8,3,14,0,9,15,4,28,2,2,4,32
02/25/2002,MHK,KS,ACE,CE,Federal Contract Tower,0,7,10,0,17,0,4,3,0,7,0,11,13,0,24,0,0,0,24
02/26/2002,MHK,KS,ACE,CE,Federal Contract Tower,0,5,7,0,12,0,5,11,0,16,0,10,18,0,28,14,0,14,42
02/27/2002,MHK,KS,ACE,CE,Federal Contract Tower,0,10,12,2,24,0,1,52,2,55,0,11,64,4,79,36,6,42,121
02/28/2002,MHK,KS,ACE,CE,Federal Contract Tower,0,11,15,2,28,2,0,54,0,56,2,11,69,2,84,28,10,38,122
03/01/2002,MHK,KS,ACE,CE,Federal Contract Tower,2,8,3,0,13,4,3,0,0,7,6,11,3,0,20,0,0,0,20
03/02/2002,MHK,KS,ACE,CE,Federal Contract Tower,1,4,5,0,10,3,0,5,0,8,4,4,10,0,18,6,0,6,24
03/03/2002,MHK,KS,ACE,CE,Federal Contract Tower,0,6,8,1,15,0,0,22,0,22,0,6,30,1,37,32,14,46,83
03/04/2002,MHK,KS,ACE,CE,Federal Contract Tower,0,12,1,1,14,0,0,26,0,26,0,12,27,1,40,30,0,30,70
03/05/2002,MHK,KS,ACE,CE,Federal Contract Tower,0,10,12,4,26,0,0,35,4,39,0,10,47,8,65,46,18,64,129
03/06/2002,MHK,KS,ACE,CE,Federal Contract Tower,0,11,5,3,19,0,0,39,1,40,0,11,44,4,59,56,12,68,127
03/07/2002,MHK,KS,ACE,CE,Federal Contract Tower,0,8,27,2,37,0,0,11,0,11,0,8,38,2,48,28,0,28,76
03/08/2002,MHK,KS,ACE,CE,Federal Contract Tower,14,12,19,1,46,0,0,12,1,13,14,12,31,2,59,26,12,38,97
03/09/2002,MHK,KS,ACE,CE,Federal Contract Tower,12,7,11,0,30,0,0,43,0,43,12,7,54,0,73,62,0,62,135
03/10/2002,MHK,KS,ACE,CE,Federal Contract Tower,2,6,6,0,14,0,0,44,0,44,2,6,50,0,58,68,0,68,126
03/11/2002,MHK,KS,ACE,CE,Federal Contract Tower,0,12,5,1,18,0,0,42,1,43,0,12,47,2,61,26,0,26,87
03/12/2002,MHK,KS,ACE,CE,Federal Contract Tower,0,10,14,2,26,0,0,33,0,33,0,10,47,2,59,78,0,78,137
03/13/2002,MHK,KS,ACE,CE,Federal Contract Tower,0,14,6,0,20,0,0,35,0,35,0,14,41,0,55,28,0,28,83
03/14/2002,MHK,KS,ACE,CE,Federal Contract Tower,0,11,11,2,24,0,0,19,0,19,0,11,30,2,43,8,0,8,51
03/15/2002,MHK,KS,ACE,CE,Federal Contract Tower,0,10,14,0,24,0,0,45,0,45,0,10,59,0,69,24,2,26,95
03/16/2002,MHK,KS,ACE,CE,Federal Contract Tower,1,5,15,0,21,0,0,35,5,40,1,5,50,5,61,50,12,62,123
03/17/2002,MHK,KS,ACE,CE,Federal Contract Tower,0,6,12,2,20,0,0,40,0,40,0,6,52,2,60,32,0,32,92
03/18/2002,MHK,KS,ACE,CE,Federal Contract Tower,0,8,10,0,18,0,0,13,2,15,0,8,23,2,33,26,8,34,67
03/19/2002,MHK,KS,ACE,CE,Federal Contract Tower,0,10,16,5,31,0,0,0,0,0,0,10,16,5,31,0,0,0,31
03/20/2002,MHK,KS,ACE,CE,Federal Contract Tower,2,10,21,3,36,0,0,37,4,41,2,10,58,7,77,68,16,84,161
03/21/2002,MHK,KS,ACE,CE,Federal Contract Tower,0,10,8,4,22,0,0,17,0,17,0,10,25,4,39,14,0,14,53
03/22/2002,MHK,KS,ACE,CE,Federal Contract Tower,0,12,16,8,36,0,0,35,2,37,0,12,51,10,73,16,6,22,95
03/23/2002,MHK,KS,ACE,CE,Federal Contract Tower,0,4,13,1,18,0,0,38,0,38,0,4,51,1,56,52,0,52,108
03/24/2002,MHK,KS,ACE,CE,Federal Contract Tower,2,6,9,3,20,0,0,2,0,2,2,6,11,3,22,0,0,0,22
03/25/2002,MHK,KS,ACE,CE,Federal Contract Tower,0,16,5,0,21,0,0,4,0,4,0,16,9,0,25,0,0,0,25
03/26/2002,MHK,KS,ACE,CE,Federal Contract Tower,0,10,7,14,31,0,0,38,0,38,0,10,45,14,69,98,8,106,175
03/27/2002,MHK,KS,ACE,CE,Federal Contract Tower,0,13,20,0,33,0,0,16,2,18,0,13,36,2,51,4,0,4,55
03/28/2002,MHK,KS,ACE,CE,Federal Contract Tower,0,12,12,2,26,0,0,40,0,40,0,12,52,2,66,66,0,66,132
03/29/2002,MHK,KS,ACE,CE,Federal Contract Tower,0,12,8,0,20,0,0,51,0,51,0,12,59,0,71,30,0,30,101
03/30/2002,MHK,KS,ACE,CE,Federal Contract Tower,0,4,6,2,12,0,0,49,6,55,0,4,55,8,67,58,0,58,125
03/31/2002,MHK,KS,ACE,CE,Federal Contract Tower,0,8,9,2,19,0,0,55,0,55,0,8,64,2,74,22,0,22,96
04/01/2002,MHK,KS,ACE,CE,Federal Contract Tower,4,12,5,2,23,0,0,33,2,35,4,12,38,4,58,54,6,60,118
04/02/2002,MHK,KS,ACE,CE,Federal Contract Tower,0,10,11,6,27,0,0,18,0,18,0,10,29,6,45,6,6,12,57
04/03/2002,MHK,KS,ACE,CE,Federal Contract Tower,0,14,18,0,32,0,0,35,0,35,0,14,53,0,67,50,0,50,117
04/04/2002,MHK,KS,ACE,CE,Federal Contract Tower,6,14,15,2,37,0,0,43,0,43,6,14,58,2,80,50,0,50,130
04/05/2002,MHK,KS,ACE,CE,Federal Contract Tower,4,12,18,2,36,4,0,36,0,40,8,12,54,2,76,52,8,60,136
04/06/2002,MHK,KS,ACE,CE,Federal Contract Tower,4,4,16,2,26,0,0,19,0,19,4,4,35,2,45,12,6,18,63
04/07/2002,MHK,KS,ACE,CE,Federal Contract Tower,4,10,18,4,36,3,0,5,0,8,7,10,23,4,44,10,0,10,54
04/08/2002,MHK,KS,ACE,CE,Federal Contract Tower,4,14,13,0,31,0,0,4,0,4,4,14,17,0,35,4,0,4,39
04/09/2002,MHK,KS,ACE,CE,Federal Contract Tower,0,10,13,2,25,8,0,48,0,56,8,10,61,2,81,86,2,88,169
04/10/2002,MHK,KS,ACE,CE,Federal Contract Tower,0,10,8,0,18,0,0,28,2,30,0,10,36,2,48,14,0,14,62
04/11/2002,MHK,KS,ACE,CE,Federal Contract Tower,0,10,20,2,32,0,0,18,0,18,0,10,38,2,50,68,0,68,118
04/12/2002,MHK,KS,ACE,CE,Federal Contract Tower,0,12,24,0,36,0,0,30,4,34,0,12,54,4,70,44,0,44,114
04/13/2002,MHK,KS,ACE,CE,Federal Contract Tower,0,6,8,2,16,0,0,17,2,19,0,6,25,4,35,10,0,10,45
04/14/2002,MHK,KS,ACE,CE,Federal Contract Tower,0,7,7,0,14,0,0,29,0,29,0,7,36,0,43,28,0,28,71
04/15/2002,MHK,KS,ACE,CE,Federal Contract Tower,0,13,12,0,25,0,0,20,0,20,0,13,32,0,45,12,0,12,57
04/16/2002,MHK,KS,ACE,CE,Federal Contract Tower,0,10,10,2,22,0,0,10,0,10,0,10,20,2,32,4,0,4,36
04/17/2002,MHK,KS,ACE,CE,Federal Contract Tower,0,10,16,0,26,0,0,50,0,50,0,10,66,0,76,42,0,42,118
04/18/2002,MHK,KS,ACE,CE,Federal Contract Tower,0,10,19,2,31,0,0,21,0,21,0,10,40,2,52,6,0,6,58
04/19/2002,MHK,KS,ACE,CE,Federal Contract Tower,0,15,20,4,39,0,0,15,2,17,0,15,35,6,56,18,0,18,74
04/20/2002,MHK,KS,ACE,CE,Federal Contract Tower,0,4,12,1,17,0,0,23,0,23,0,4,35,1,40,36,0,36,76
04/21/2002,MHK,KS,ACE,CE,Federal Contract Tower,0,6,16,3,25,0,0,36,5,41,0,6,52,8,66,10,2,12,78
04/22/2002,MHK,KS,ACE,CE,Federal Contract Tower,0,14,8,0,22,0,0,39,2,41,0,14,47,2,63,50,0,50,113
04/23/2002,MHK,KS,ACE,CE,Federal Contract Tower,0,12,20,2,34,0,0,40,2,42,0,12,60,4,76,54,8,62,138
04/24/2002,MHK,KS,ACE,CE,Federal Contract Tower,0,10,9,0,19,0,0,16,0,16,0,10,25,0,35,0,0,0,35
04/25/2002,MHK,KS,ACE,CE,Federal Contract Tower,0,14,14,0,28,0,0,45,0,45,0,14,59,0,73,72,0,72,145
04/26/2002,MHK,KS,ACE,CE,Federal Contract Tower,0,14,26,2,42,0,0,14,2,16,0,14,40,4,58,34,8,42,100
04/27/2002,MHK,KS,ACE,CE,Federal Contract Tower,0,6,13,0,19,0,0,7,0,7,0,6,20,0,26,6,0,6,32
04/28/2002,MHK,KS,ACE,CE,Federal Contract Tower,0,16,10,2,28,0,0,49,2,51,0,16,59,4,79,50,0,50,129
04/29/2002,MHK,KS,ACE,CE,Federal Contract Tower,0,12,12,0,24,0,0,37,2,39,0,12,49,2,63,60,0,60,123
04/30/2002,MHK,KS,ACE,CE,Federal Contract Tower,0,10,11,4,25,0,0,35,0,35,0,10,46,4,60,82,0,82,142
05/01/2002,MHK,KS,ACE,CE,Federal Contract Tower,0,12,26,2,40,0,0,3,0,3,0,12,29,2,43,14,0,14,57
05/02/2002,MHK,KS,ACE,CE,Federal Contract Tower,0,10,6,3,19,0,0,39,1,40,0,10,45,4,59,48,0,48,107
05/03/2002,MHK,KS,ACE,CE,Federal Contract Tower,0,10,14,0,24,0,0,52,0,52,0,10,66,0,76,54,0,54,130
05/04/2002,MHK,KS,ACE,CE,Federal Contract Tower,0,4,13,0,17,0,0,46,8,54,0,4,59,8,71,30,0,30,101
05/05/2002,MHK,KS,ACE,CE,Federal Contract Tower,0,6,11,1,18,0,0,35,2,37,0,6,46,3,55,50,0,50,105
05/06/2002,MHK,KS,ACE,CE,Federal Contract Tower,0,8,10,0,18,0,0,23,0,23,0,8,33,0,41,30,0,30,71
05/07/2002,MHK,KS,ACE,CE,Federal Contract Tower,0,10,17,2,29,0,0,15,0,15,0,10,32,2,44,34,0,34,78
05/08/2002,MHK,KS,ACE,CE,Federal Contract Tower,0,10,22,0,32,0,0,12,0,12,0,10,34,0,44,8,0,8,52
05/09/2002,MHK,KS,ACE,CE,Federal Contract Tower,0,10,14,1,25,0,0,42,2,44,0,10,56,3,69,16,0,16,85
05/10/2002,MHK,KS,ACE,CE,Federal Contract Tower,0,10,23,3,36,0,0,26,0,26,0,10,49,3,62,12,4,16,78
05/11/2002,MHK,KS,ACE,CE,Federal Contract Tower,0,6,6,3,15,0,0,4,3,7,0,6,10,6,22,8,2,10,32
05/12/2002,MHK,KS,ACE,CE,Federal Contract Tower,0,10,15,1,26,0,0,3,0,3,0,10,18,1,29,0,0,0,29
05/13/2002,MHK,KS,ACE,CE,Federal Contract Tower,0,11,11,1,23,0,0,46,0,46,0,11,57,1,69,110,0,110,179
05/14/2002,MHK,KS,ACE,CE,Federal Contract Tower,0,11,11,3,25,0,0,50,0,50,0,11,61,3,75,108,0,108,183
05/15/2002,MHK,KS,ACE,CE,Federal Contract Tower,0,10,16,2,28,0,0,35,0,35,0,10,51,2,63,22,0,22,85
05/16/2002,MHK,KS,ACE,CE,Federal Contract Tower,0,8,11,2,21,0,0,25,0,25,0,8,36,2,46,80,0,80,126
05/17/2002,MHK,KS,ACE,CE,Federal Contract Tower,0,12,17,0,29,0,0,34,0,34,0,12,51,0,63,54,0,54,117
05/18/2002,MHK,KS,ACE,CE,Federal Contract Tower,0,4,8,0,12,0,0,71,0,71,0,4,79,0,83,122,0,122,205
05/19/2002,MHK,KS,ACE,CE,Federal Contract Tower,0,7,9,0,16,0,0,34,0,34,0,7,43,0,50,24,0,24,74
05/20/2002,MHK,KS,ACE,CE,Federal Contract Tower,0,10,9,0,19,0,0,42,2,44,0,10,51,2,63,32,2,34,97
05/21/2002,MHK,KS,ACE,CE,Federal Contract Tower,0,10,11,2,23,0,0,27,0,27,0,10,38,2,50,32,0,32,82
05/22/2002,MHK,KS,ACE,CE,Federal Contract Tower,0,10,11,0,21,0,0,12,0,12,0,10,23,0,33,10,0,10,43
05/23/2002,MHK,KS,ACE,CE,Federal Contract Tower,0,10,11,2,23,0,0,34,0,34,0,10,45,2,57,50,0,50,107
05/24/2002,MHK,KS,ACE,CE,Federal Contract Tower,0,10,15,0,25,0,0,10,0,10,0,10,25,0,35,14,0,14,49
05/25/2002,MHK,KS,ACE,CE,Federal Contract Tower,0,4,9,0,13,0,0,50,2,52,0,4,59,2,65,44,0,44,109
05/26/2002,MHK,KS,ACE,CE,Federal Contract Tower,0,5,4,0,9,0,0,43,0,43,0,5,47,0,52,4,0,4,56
05/27/2002,MHK,KS,ACE,CE,Federal Contract Tower,0,7,12,0,19,0,0,42,0,42,0,7,54,0,61,32,0,32,93
05/28/2002,MHK,KS,ACE,CE,Federal Contract Tower,0,12,12,3,27,0,0,26,0,26,0,12,38,3,53,26,0,26,79
05/29/2002,MHK,KS,ACE,CE,Federal Contract Tower,0,12,12,1,25,0,0,45,2,47,0,12,57,3,72,26,0,26,98
05/30/2002,MHK,KS,ACE,CE,Federal Contract Tower,0,13,13,2,28,0,0,53,0,53,0,13,66,2,81,68,0,68,149
05/31/2002,MHK,KS,ACE,CE,Federal Contract Tower,0,8,11,0,19,0,0,53,2,55,0,8,64,2,74,70,0,70,144
06/01/2002,MHK,KS,ACE,CE,Federal Contract Tower,0,3,10,0,13,0,1,45,4,50,0,4,55,4,63,54,6,60,123
06/02/2002,MHK,KS,ACE,CE,Federal Contract Tower,0,5,4,0,9,0,1,26,3,30,0,6,30,3,39,20,0,20,59
06/03/2002,MHK,KS,ACE,CE,Federal Contract Tower,0,14,1,1,16,0,0,25,1,26,0,14,26,2,42,28,0,28,70
06/04/2002,MHK,KS,ACE,CE,Federal Contract Tower,0,10,14,5,29,0,0,12,1,13,0,10,26,6,42,30,0,30,72
06/05/2002,MHK,KS,ACE,CE,Federal Contract Tower,0,12,18,0,30,0,0,52,0,52,0,12,70,0,82,46,0,46,128
06/06/2002,MHK,KS,ACE,CE,Federal Contract Tower,0,8,14,9,31,0,0,42,1,43,0,8,56,10,74,30,2,32,106
06/07/2002,MHK,KS,ACE,CE,Federal Contract Tower,0,10,15,4,29,0,0,27,2,29,0,10,42,6,58,40,8,48,106
06/08/2002,MHK,KS,ACE,CE,Federal Contract Tower,0,4,4,1,9,0,0,66,0,66,0,4,70,1,75,62,0,62,137
06/09/2002,MHK,KS,ACE,CE,Federal Contract Tower,0,6,16,2,24,0,0,23,0,23,0,6,39,2,47,4,0,4,51
06/10/2002,MHK,KS,ACE,CE,Federal Contract Tower,0,10,11,3,24,0,0,15,0,15,0,10,26,3,39,0,34,34,73
06/11/2002,MHK,KS,ACE,CE,Federal Contract Tower,0,10,12,5,27,0,0,27,1,28,0,10,39,6,55,62,0,62,117
06/12/2002,MHK,KS,ACE,CE,Federal Contract Tower,0,11,11,0,22,0,0,37,2,39,0,11,48,2,61,52,4,56,117
06/13/2002,MHK,KS,ACE,CE,Federal Contract Tower,0,12,28,2,42,0,0,26,2,28,0,12,54,4,70,46,0,46,116
06/14/2002,MHK,KS,ACE,CE,Federal Contract Tower,0,12,20,7,39,0,0,49,3,52,0,12,69,10,91,44,0,44,135
06/15/2002,MHK,KS,ACE,CE,Federal Contract Tower,0,4,6,2,12,0,0,37,0,37,0,4,43,2,49,60,8,68,117
06/16/2002,MHK,KS,ACE,CE,Federal Contract Tower,0,6,2,2,10,0,0,53,0,53,0,6,55,2,63,72,16,88,151
06/17/2002,MHK,KS,ACE,CE,Federal Contract Tower,0,10,8,2,20,0,0,50,2,52,0,10,58,4,72,60,22,82,154
06/18/2002,MHK,KS,ACE,CE,Federal Contract Tower,0,10,14,4,28,0,0,32,2,34,0,10,46,6,62,32,2,34,96
06/19/2002,MHK,KS,ACE,CE,Federal Contract Tower,0,10,12,0,22,0,0,34,2,36,0,10,46,2,58,6,4,10,68
06/20/2002,MHK,KS,ACE,CE,Federal Contract Tower,0,10,10,2,22,0,0,35,0,35,0,10,45,2,57,50,2,52,109
06/21/2002,MHK,KS,ACE,CE,Federal Contract Tower,0,10,4,2,16,0,0,36,0,36,0,10,40,2,52,32,0,32,84
06/22/2002,MHK,KS,ACE,CE,Federal Contract Tower,0,4,7,0,11,0,0,38,6,44,0,4,45,6,55,12,0,12,67
06/23/2002,MHK,KS,ACE,CE,Federal Contract Tower,0,6,4,6,16,0,0,56,0,56,0,6,60,6,72,18,0,18,90
06/24/2002,MHK,KS,ACE,CE,Federal Contract Tower,0,10,16,0,26,0,0,29,0,29,0,10,45,0,55,76,0,76,131
06/25/2002,MHK,KS,ACE,CE,Federal Contract Tower,0,12,15,4,31,0,0,29,2,31,0,12,44,6,62,90,0,90,152
06/26/2002,MHK,KS,ACE,CE,Federal Contract Tower,0,11,22,0,33,0,0,40,4,44,0,11,62,4,77,46,0,46,123
06/27/2002,MHK,KS,ACE,CE,Federal Contract Tower,0,10,13,1,24,0,3,36,0,39,0,13,49,1,63,38,0,38,101
06/28/2002,MHK,KS,ACE,CE,Federal Contract Tower,0,10,18,3,31,0,0,67,5,72,0,10,85,8,103,74,0,74,177
06/29/2002,MHK,KS,ACE,CE,Federal Contract Tower,0,4,2,0,6,0,0,30,0,30,0,4,32,0,36,22,0,22,58
06/30/2002,MHK,KS,ACE,CE,Federal Contract Tower,0,8,10,0,18,0,0,31,2,33,0,8,41,2,51,30,0,30,81
07/01/2002,MHK,KS,ACE,CE,Federal Contract Tower,0,12,19,2,33,0,0,22,0,22,0,12,41,2,55,14,0,14,69
07/02/2002,MHK,KS,ACE,CE,Federal Contract Tower,0,11,10,3,24,0,0,24,1,25,0,11,34,4,49,30,0,30,79
07/03/2002,MHK,KS,ACE,CE,Federal Contract Tower,0,13,8,0,21,0,0,24,0,24,0,13,32,0,45,50,0,50,95
07/04/2002,MHK,KS,ACE,CE,Federal Contract Tower,0,5,7,0,12,0,0,36,0,36,0,5,43,0,48,36,0,36,84
07/05/2002,MHK,KS,ACE,CE,Federal Contract Tower,0,4,9,0,13,0,0,47,0,47,0,4,56,0,60,22,0,22,82
07/06/2002,MHK,KS,ACE,CE,Federal Contract Tower,0,4,7,0,11,0,0,59,0,59,0,4,66,0,70,62,0,62,132
07/07/2002,MHK,KS,ACE,CE,Federal Contract Tower,0,6,9,0,15,0,0,46,3,49,0,6,55,3,64,66,2,68,132
07/08/2002,MHK,KS,ACE,CE,Federal Contract Tower,0,12,9,4,25,0,0,26,2,28,0,12,35,6,53,16,2,18,71
07/09/2002,MHK,KS,ACE,CE,Federal Contract Tower,0,12,11,4,27,0,0,43,2,45,0,12,54,6,72,24,2,26,98
07/10/2002,MHK,KS,ACE,CE,Federal Contract Tower,2,10,13,2,27,0,0,24,0,24,2,10,37,2,51,16,0,16,67
07/11/2002,MHK,KS,ACE,CE,Federal Contract Tower,0,10,18,0,28,0,0,34,0,34,0,10,52,0,62,8,0,8,70
07/12/2002,MHK,KS,ACE,CE,Federal Contract Tower,0,10,17,4,31,0,0,20,2,22,0,10,37,6,53,16,0,16,69
07/13/2002,MHK,KS,ACE,CE,Federal Contract Tower,2,4,12,3,21,0,0,33,1,34,2,4,45,4,55,50,4,54,109
07/14/2002,MHK,KS,ACE,CE,Federal Contract Tower,0,8,6,0,14,0,0,38,2,40,0,8,44,2,54,54,0,54,108
07/15/2002,MHK,KS,ACE,CE,Federal Contract Tower,0,10,9,3,22,0,0,54,0,54,0,10,63,3,76,82,4,86,162
07/16/2002,MHK,KS,ACE,CE,Federal Contract Tower,1,12,12,3,28,0,0,50,2,52,1,12,62,5,80,54,10,64,144
07/17/2002,MHK,KS,ACE,CE,Federal Contract Tower,0,10,4,4,18,0,0,36,1,37,0,10,40,5,55,28,0,28,83
07/18/2002,MHK,KS,ACE,CE,Federal Contract Tower,0,10,9,7,26,0,0,47,6,53,0,10,56,13,79,74,0,74,153
07/19/2002,MHK,KS,ACE,CE,Federal Contract Tower,0,10,3,3,16,0,0,47,3,50,0,10,50,6,66,64,0,64,130
07/20/2002,MHK,KS,ACE,CE,Federal Contract Tower,12,4,8,10,34,0,0,51,3,54,12,4,59,13,88,64,0,64,152
07/21/2002,MHK,KS,ACE,CE,Federal Contract Tower,2,7,12,4,25,0,0,35,2,37,2,7,47,6,62,30,0,30,92
07/22/2002,MHK,KS,ACE,CE,Federal Contract Tower,0,12,12,8,32,0,0,46,6,52,0,12,58,14,84,26,8,34,118
07/23/2002,MHK,KS,ACE,CE,Federal Contract Tower,0,10,9,5,24,0,0,57,8,65,0,10,66,13,89,40,0,40,129
07/24/2002,MHK,KS,ACE,CE,Federal Contract Tower,0,10,15,4,29,0,0,53,14,67,0,10,68,18,96,14,0,14,110
07/25/2002,MHK,KS,ACE,CE,Federal Contract Tower,0,10,12,6,28,0,0,38,11,49,0,10,50,17,77,16,2,18,95
07/26/2002,MHK,KS,ACE,CE,Federal Contract Tower,0,10,15,11,36,0,0,36,13,49,0,10,51,24,85,10,2,12,97
07/27/2002,MHK,KS,ACE,CE,Federal Contract Tower,2,4,4,6,16,0,0,39,4,43,2,4,43,10,59,42,10,52,111
07/28/2002,MHK,KS,ACE,CE,Federal Contract Tower,0,8,7,7,22,0,0,36,0,36,0,8,43,7,58,34,0,34,92
07/29/2002,MHK,KS,ACE,CE,Federal Contract Tower,0,12,9,4,25,0,0,36,4,40,0,12,45,8,65,28,2,30,95
07/30/2002,MHK,KS,ACE,CE,Federal Contract Tower,0,11,5,4,20,0,0,37,8,45,0,11,42,12,65,16,2,18,83
07/31/2002,MHK,KS,ACE,CE,Federal Contract Tower,0,11,12,6,29,0,0,38,7,45,0,11,50,13,74,18,2,20,94
08/01/2002,MHK,KS,ACE,CE,Federal Contract Tower,0,11,12,8,31,0,0,38,0,38,0,11,50,8,69,40,2,42,111
08/02/2002,MHK,KS,ACE,CE,Federal Contract Tower,1,10,14,10,35,0,0,46,0,46,1,10,60,10,81,18,0,18,99
08/03/2002,MHK,KS,ACE,CE,Federal Contract Tower,5,4,1,8,18,0,0,54,0,54,5,4,55,8,72,30,0,30,102
08/04/2002,MHK,KS,ACE,CE,Federal Contract Tower,0,6,7,0,13,0,0,22,0,22,0,6,29,0,35,6,0,6,41
08/05/2002,MHK,KS,ACE,CE,Federal Contract Tower,0,10,13,2,25,0,0,29,0,29,0,10,42,2,54,42,0,42,96
08/06/2002,MHK,KS,ACE,CE,Federal Contract Tower,0,13,10,2,25,0,0,50,0,50,0,13,60,2,75,78,0,78,153
08/07/2002,MHK,KS,ACE,CE,Federal Contract Tower,0,12,9,4,25,0,0,35,0,35,0,12,44,4,60,38,0,38,98
08/08/2002,MHK,KS,ACE,CE,Federal Contract Tower,0,10,14,2,26,0,0,46,0,46,0,10,60,2,72,66,2,68,140
08/09/2002,MHK,KS,ACE,CE,Federal Contract Tower,0,14,13,0,27,0,0,23,2,25,0,14,36,2,52,34,10,44,96
08/10/2002,MHK,KS,ACE,CE,Federal Contract Tower,3,10,1,6,20,0,0,37,0,37,3,10,38,6,57,50,0,50,107
08/11/2002,MHK,KS,ACE,CE,Federal Contract Tower,0,6,6,0,12,0,0,50,0,50,0,6,56,0,62,68,0,68,130
08/12/2002,MHK,KS,ACE,CE,Federal Contract Tower,0,10,9,4,23,0,0,21,2,23,0,10,30,6,46,36,2,38,84
08/13/2002,MHK,KS,ACE,CE,Federal Contract Tower,0,12,12,2,26,0,0,23,2,25,0,12,35,4,51,58,8,66,117
08/14/2002,MHK,KS,ACE,CE,Federal Contract Tower,0,10,17,2,29,0,0,45,0,45,0,10,62,2,74,26,0,26,100
08/15/2002,MHK,KS,ACE,CE,Federal Contract Tower,0,9,12,3,24,0,0,25,1,26,0,9,37,4,50,26,4,30,80
08/16/2002,MHK,KS,ACE,CE,Federal Contract Tower,4,10,25,4,43,0,0,40,0,40,4,10,65,4,83,32,8,40,123
08/17/2002,MHK,KS,ACE,CE,Federal Contract Tower,0,6,16,0,22,0,0,30,0,30,0,6,46,0,52,28,0,28,80
08/18/2002,MHK,KS,ACE,CE,Federal Contract Tower,1,6,10,3,20,0,0,45,0,45,1,6,55,3,65,68,6,74,139
08/19/2002,MHK,KS,ACE,CE,Federal Contract Tower,0,11,15,2,28,0,0,27,0,27,0,11,42,2,55,10,2,12,67
08/20/2002,MHK,KS,ACE,CE,Federal Contract Tower,0,12,5,2,19,0,0,41,0,41,0,12,46,2,60,38,0,38,98
08/21/2002,MHK,KS,ACE,CE,Federal Contract Tower,0,10,16,0,26,0,0,24,0,24,0,10,40,0,50,28,0,28,78
08/22/2002,MHK,KS,ACE,CE,Federal Contract Tower,0,10,15,2,27,0,0,22,0,22,0,10,37,2,49,18,0,18,67
08/23/2002,MHK,KS,ACE,CE,Federal Contract Tower,0,10,18,0,28,0,0,31,3,34,0,10,49,3,62,28,0,28,90
08/24/2002,MHK,KS,ACE,CE,Federal Contract Tower,0,4,6,0,10,0,0,27,0,27,0,4,33,0,37,52,2,54,91
08/25/2002,MHK,KS,ACE,CE,Federal Contract Tower,0,6,5,0,11,0,0,65,1,66,0,6,70,1,77,68,0,68,145
08/26/2002,MHK,KS,ACE,CE,Federal Contract Tower,0,14,12,0,26,0,0,40,0,40,0,14,52,0,66,64,0,64,130
08/27/2002,MHK,KS,ACE,CE,Federal Contract Tower,0,10,13,2,25,0,0,47,0,47,0,10,60,2,72,40,0,40,112
08/28/2002,MHK,KS,ACE,CE,Federal Contract Tower,0,11,12,0,23,0,0,50,2,52,0,11,62,2,75,80,6,86,161
08/29/2002,MHK,KS,ACE,CE,Federal Contract Tower,0,11,17,3,31,0,0,58,1,59,0,11,75,4,90,58,0,58,148
08/30/2002,MHK,KS,ACE,CE,Federal Contract Tower,1,10,16,0,27,0,0,54,2,56,1,10,70,2,83,38,0,38,121
08/31/2002,MHK,KS,ACE,CE,Federal Contract Tower,0,7,16,0,23,0,0,51,0,51,0,7,67,0,74,20,0,20,94
09/01/2002,MHK,KS,ACE,CE,Federal Contract Tower,0,4,8,0,12,0,0,36,0,36,0,4,44,0,48,24,0,24,72
09/02/2002,MHK,KS,ACE,CE,Federal Contract Tower,0,6,13,0,19,0,0,44,0,44,0,6,57,0,63,22,0,22,85
09/03/2002,MHK,KS,ACE,CE,Federal Contract Tower,0,10,9,4,23,0,0,37,0,37,0,10,46,4,60,70,0,70,130
09/04/2002,MHK,KS,ACE,CE,Federal Contract Tower,0,10,5,6,21,0,0,38,0,38,0,10,43,6,59,40,4,44,103
09/05/2002,MHK,KS,ACE,CE,Federal Contract Tower,2,10,10,2,24,0,0,38,0,38,2,10,48,2,62,46,0,46,108
09/06/2002,MHK,KS,ACE,CE,Federal Contract Tower,2,10,14,0,26,0,0,30,0,30,2,10,44,0,56,40,0,40,96
09/07/2002,MHK,KS,ACE,CE,Federal Contract Tower,1,4,17,5,27,0,0,52,6,58,1,4,69,11,85,12,6,18,103
09/08/2002,MHK,KS,ACE,CE,Federal Contract Tower,0,8,10,2,20,0,0,55,0,55,0,8,65,2,75,38,0,38,113
09/09/2002,MHK,KS,ACE,CE,Federal Contract Tower,0,10,7,0,17,0,0,21,0,21,0,10,28,0,38,26,0,26,64
09/10/2002,MHK,KS,ACE,CE,Federal Contract Tower,0,14,11,2,27,0,0,36,0,36,0,14,47,2,63,124,0,124,187
09/11/2002,MHK,KS,ACE,CE,Federal Contract Tower,0,3,20,0,23,0,0,48,1,49,0,3,68,1,72,60,0,60,132
09/12/2002,MHK,KS,ACE,CE,Federal Contract Tower,0,12,5,4,21,0,0,35,0,35,0,12,40,4,56,86,2,88,144
09/13/2002,MHK,KS,ACE,CE,Federal Contract Tower,0,11,19,0,30,0,0,14,2,16,0,11,33,2,46,26,6,32,78
09/14/2002,MHK,KS,ACE,CE,Federal Contract Tower,1,8,22,2,33,0,0,23,0,23,1,8,45,2,56,12,0,12,68
09/15/2002,MHK,KS,ACE,CE,Federal Contract Tower,0,7,15,0,22,0,0,53,2,55,0,7,68,2,77,60,4,64,141
09/16/2002,MHK,KS,ACE,CE,Federal Contract Tower,0,10,7,0,17,0,0,43,0,43,0,10,50,0,60,40,0,40,100
09/17/2002,MHK,KS,ACE,CE,Federal Contract Tower,0,10,22,4,36,0,0,36,0,36,0,10,58,4,72,62,2,64,136
09/18/2002,MHK,KS,ACE,CE,Federal Contract Tower,0,10,26,2,38,0,0,32,0,32,0,10,58,2,70,16,0,16,86
09/19/2002,MHK,KS,ACE,CE,Federal Contract Tower,0,12,31,1,44,0,0,23,0,23,0,12,54,1,67,24,0,24,91
09/20/2002,MHK,KS,ACE,CE,Federal Contract Tower,2,15,23,2,42,0,0,70,0,70,2,15,93,2,112,50,10,60,172
09/21/2002,MHK,KS,ACE,CE,Federal Contract Tower,1,6,9,0,16,0,0,64,0,64,1,6,73,0,80,54,0,54,134
09/22/2002,MHK,KS,ACE,CE,Federal Contract Tower,2,6,14,0,22,0,0,76,0,76,2,6,90,0,98,68,0,68,166
09/23/2002,MHK,KS,ACE,CE,Federal Contract Tower,0,14,24,4,42,0,0,50,0,50,0,14,74,4,92,70,0,70,162
09/24/2002,MHK,KS,ACE,CE,Federal Contract Tower,0,15,15,8,38,0,0,43,0,43,0,15,58,8,81,24,0,24,105
09/25/2002,MHK,KS,ACE,CE,Federal Contract Tower,0,11,20,2,33,0,0,30,0,30,0,11,50,2,63,32,0,32,95
09/26/2002,MHK,KS,ACE,CE,Federal Contract Tower,0,12,13,6,31,0,0,41,0,41,0,12,54,6,72,38,0,38,110
09/27/2002,MHK,KS,ACE,CE,Federal Contract Tower,0,15,24,0,39,0,0,15,0,15,0,15,39,0,54,16,0,16,70
09/28/2002,MHK,KS,ACE,CE,Federal Contract Tower,0,4,17,0,21,0,0,33,4,37,0,4,50,4,58,18,0,18,76
09/29/2002,MHK,KS,ACE,CE,Federal Contract Tower,0,5,7,0,12,0,1,23,0,24,0,6,30,0,36,0,0,0,36
09/30/2002,MHK,KS,ACE,CE,Federal Contract Tower,2,10,7,1,20,0,0,18,0,18,2,10,25,1,38,22,0,22,60
10/01/2002,MHK,KS,ACE,CE,Federal Contract Tower,0,10,14,3,27,0,0,39,0,39,0,10,53,3,66,40,6,46,112
10/02/2002,MHK,KS,ACE,CE,Federal Contract Tower,0,8,12,0,20,0,0,0,0,0,0,8,12,0,20,0,0,0,20
10/03/2002,MHK,KS,ACE,CE,Federal Contract Tower,0,10,17,2,29,0,0,0,0,0,0,10,17,2,29,0,0,0,29
10/04/2002,MHK,KS,ACE,CE,Federal Contract Tower,2,10,22,0,34,0,0,41,0,41,2,10,63,0,75,60,0,60,135
10/05/2002,MHK,KS,ACE,CE,Federal Contract Tower,0,4,16,1,21,0,0,39,1,40,0,4,55,2,61,12,0,12,73
10/06/2002,MHK,KS,ACE,CE,Federal Contract Tower,0,6,17,0,23,0,0,26,1,27,0,6,43,1,50,0,0,0,50
10/07/2002,MHK,KS,ACE,CE,Federal Contract Tower,0,10,11,3,24,0,0,33,0,33,0,10,44,3,57,44,6,50,107
10/08/2002,MHK,KS,ACE,CE,Federal Contract Tower,0,14,10,6,30,0,0,47,0,47,0,14,57,6,77,84,6,90,167
10/09/2002,MHK,KS,ACE,CE,Federal Contract Tower,0,10,8,2,20,0,0,49,0,49,0,10,57,2,69,62,12,74,143
10/10/2002,MHK,KS,ACE,CE,Federal Contract Tower,1,12,13,6,32,0,0,47,0,47,1,12,60,6,79,52,4,56,135
10/11/2002,MHK,KS,ACE,CE,Federal Contract Tower,0,12,17,0,29,0,0,16,0,16,0,12,33,0,45,2,0,2,47
10/12/2002,MHK,KS,ACE,CE,Federal Contract Tower,0,4,31,1,36,0,0,21,1,22,0,4,52,2,58,6,0,6,64
10/13/2002,MHK,KS,ACE,CE,Federal Contract Tower,0,7,11,0,18,0,0,46,4,50,0,7,57,4,68,22,0,22,90
10/14/2002,MHK,KS,ACE,CE,Federal Contract Tower,0,10,11,0,21,0,0,39,0,39,0,10,50,0,60,10,0,10,70
10/15/2002,MHK,KS,ACE,CE,Federal Contract Tower,0,11,8,2,21,0,0,30,0,30,0,11,38,2,51,34,0,34,85
10/16/2002,MHK,KS,ACE,CE,Federal Contract Tower,0,11,21,0,32,0,0,21,0,21,0,11,42,0,53,22,0,22,75
10/17/2002,MHK,KS,ACE,CE,Federal Contract Tower,0,11,11,4,26,0,0,36,2,38,0,11,47,6,64,22,0,22,86
10/18/2002,MHK,KS,ACE,CE,Federal Contract Tower,2,11,17,9,39,0,0,56,4,60,2,11,73,13,99,36,24,60,159
10/19/2002,MHK,KS,ACE,CE,Federal Contract Tower,0,11,28,0,39,0,0,71,2,73,0,11,99,2,112,14,4,18,130
10/20/2002,MHK,KS,ACE,CE,Federal Contract Tower,0,6,24,1,31,0,0,64,0,64,0,6,88,1,95,36,0,36,131
10/21/2002,MHK,KS,ACE,CE,Federal Contract Tower,0,14,13,0,27,0,0,57,1,58,0,14,70,1,85,64,0,64,149
10/22/2002,MHK,KS,ACE,CE,Federal Contract Tower,0,11,25,2,38,0,0,6,0,6,0,11,31,2,44,24,0,24,68
10/23/2002,MHK,KS,ACE,CE,Federal Contract Tower,0,13,19,0,32,0,0,0,0,0,0,13,19,0,32,8,0,8,40
10/24/2002,MHK,KS,ACE,CE,Federal Contract Tower,0,13,15,2,30,0,0,0,0,0,0,13,15,2,30,0,0,0,30
10/25/2002,MHK,KS,ACE,CE,Federal Contract Tower,2,10,37,3,52,0,0,11,0,11,2,10,48,3,63,24,0,24,87
10/26/2002,MHK,KS,ACE,CE,Federal Contract Tower,2,6,7,0,15,0,0,21,0,21,2,6,28,0,36,2,0,2,38
10/27/2002,MHK,KS,ACE,CE,Federal Contract Tower,0,5,19,2,26,0,0,0,0,0,0,5,19,2,26,0,0,0,26
10/28/2002,MHK,KS,ACE,CE,Federal Contract Tower,0,11,18,0,29,0,0,2,0,2,0,11,20,0,31,4,0,4,35
10/29/2002,MHK,KS,ACE,CE,Federal Contract Tower,0,14,38,11,63,0,0,2,0,2,0,14,40,11,65,0,0,0,65
10/30/2002,MHK,KS,ACE,CE,Federal Contract Tower,0,13,8,0,21,0,0,9,0,9,0,13,17,0,30,32,0,32,62
10/31/2002,MHK,KS,ACE,CE,Federal Contract Tower,0,10,16,4,30,0,0,9,0,9,0,10,25,4,39,66,0,66,105
11/01/2002,MHK,KS,ACE,CE,Federal Contract Tower,0,11,10,2,23,0,0,17,2,19,0,11,27,4,42,14,2,16,58
11/02/2002,MHK,KS,ACE,CE,Federal Contract Tower,0,5,20,1,26,0,0,7,0,7,0,5,27,1,33,4,0,4,37
11/03/2002,MHK,KS,ACE,CE,Federal Contract Tower,0,6,10,0,16,0,0,26,1,27,0,6,36,1,43,48,0,48,91
11/04/2002,MHK,KS,ACE,CE,Federal Contract Tower,0,10,9,2,21,0,0,37,0,37,0,10,46,2,58,54,2,56,114
11/05/2002,MHK,KS,ACE,CE,Federal Contract Tower,0,12,12,2,26,0,0,25,0,25,0,12,37,2,51,36,0,36,87
11/06/2002,MHK,KS,ACE,CE,Federal Contract Tower,0,10,13,0,23,0,0,40,2,42,0,10,53,2,65,64,4,68,133
11/07/2002,MHK,KS,ACE,CE,Federal Contract Tower,0,10,7,2,19,0,0,56,2,58,0,10,63,4,77,54,0,54,131
11/08/2002,MHK,KS,ACE,CE,Federal Contract Tower,1,8,17,2,28,0,0,37,2,39,1,8,54,4,67,46,6,52,119
11/09/2002,MHK,KS,ACE,CE,Federal Contract Tower,2,4,30,0,36,0,0,79,0,79,2,4,109,0,115,38,0,38,153
11/10/2002,MHK,KS,ACE,CE,Federal Contract Tower,0,6,22,0,28,0,0,41,0,41,0,6,63,0,69,22,0,22,91
11/11/2002,MHK,KS,ACE,CE,Federal Contract Tower,0,10,6,0,16,0,0,39,2,41,0,10,45,2,57,62,2,64,121
11/12/2002,MHK,KS,ACE,CE,Federal Contract Tower,0,12,11,3,26,0,0,40,3,43,0,12,51,6,69,40,10,50,119
11/13/2002,MHK,KS,ACE,CE,Federal Contract Tower,0,10,14,11,35,0,0,40,11,51,0,10,54,22,86,86,10,96,182
11/14/2002,MHK,KS,ACE,CE,Federal Contract Tower,0,11,11,2,24,0,0,13,0,13,0,11,24,2,37,12,0,12,49
11/15/2002,MHK,KS,ACE,CE,Federal Contract Tower,0,11,10,0,21,0,0,24,6,30,0,11,34,6,51,22,0,22,73
11/16/2002,MHK,KS,ACE,CE,Federal Contract Tower,0,11,52,0,63,0,0,102,0,102,0,11,154,0,165,28,0,28,193
11/17/2002,MHK,KS,ACE,CE,Federal Contract Tower,0,9,15,0,24,0,0,63,0,63,0,9,78,0,87,56,0,56,143
11/18/2002,MHK,KS,ACE,CE,Federal Contract Tower,0,14,4,3,21,0,0,29,0,29,0,14,33,3,50,48,0,48,98
11/19/2002,MHK,KS,ACE,CE,Federal Contract Tower,0,10,5,2,17,0,0,40,3,43,0,10,45,5,60,58,6,64,124
11/20/2002,MHK,KS,ACE,CE,Federal Contract Tower,0,10,20,2,32,0,0,39,5,44,0,10,59,7,76,34,0,34,110
11/21/2002,MHK,KS,ACE,CE,Federal Contract Tower,0,10,13,2,25,0,0,24,2,26,0,10,37,4,51,12,12,24,75
11/22/2002,MHK,KS,ACE,CE,Federal Contract Tower,4,11,12,4,31,0,0,33,0,33,4,11,45,4,64,54,16,70,134
11/23/2002,MHK,KS,ACE,CE,Federal Contract Tower,1,4,10,0,15,0,0,41,2,43,1,4,51,2,58,30,0,30,88
11/24/2002,MHK,KS,ACE,CE,Federal Contract Tower,1,6,2,0,9,0,0,13,2,15,1,6,15,2,24,10,10,20,44
11/25/2002,MHK,KS,ACE,CE,Federal Contract Tower,0,12,9,2,23,0,0,25,2,27,0,12,34,4,50,52,2,54,104
11/26/2002,MHK,KS,ACE,CE,Federal Contract Tower,0,14,13,8,35,0,0,22,2,24,0,14,35,10,59,6,0,6,65
11/27/2002,MHK,KS,ACE,CE,Federal Contract Tower,0,12,12,0,24,0,0,24,4,28,0,12,36,4,52,14,8,22,74
11/28/2002,MHK,KS,ACE,CE,Federal Contract Tower,0,2,3,0,5,0,0,38,4,42,0,2,41,4,47,8,8,16,63
11/29/2002,MHK,KS,ACE,CE,Federal Contract Tower,0,4,6,0,10,0,0,18,0,18,0,4,24,0,28,2,0,2,30
11/30/2002,MHK,KS,ACE,CE,Federal Contract Tower,0,5,5,0,10,0,0,20,0,20,0,5,25,0,30,0,0,0,30
12/01/2002,MHK,KS,ACE,CE,Federal Contract Tower,0,6,9,2,17,0,0,24,0,24,0,6,33,2,41,0,0,0,41
12/02/2002,MHK,KS,ACE,CE,Federal Contract Tower,0,10,6,0,16,0,0,34,0,34,0,10,40,0,50,36,0,36,86
12/03/2002,MHK,KS,ACE,CE,Federal Contract Tower,0,11,16,2,29,0,0,17,0,17,0,11,33,2,46,12,0,12,58
12/04/2002,MHK,KS,ACE,CE,Federal Contract Tower,0,10,14,2,26,0,0,19,2,21,0,10,33,4,47,36,0,36,83
12/05/2002,MHK,KS,ACE,CE,Federal Contract Tower,0,8,19,2,29,0,0,21,0,21,0,8,40,2,50,14,8,22,72
12/06/2002,MHK,KS,ACE,CE,Federal Contract Tower,0,10,15,0,25,0,0,33,3,36,0,10,48,3,61,34,0,34,95
12/07/2002,MHK,KS,ACE,CE,Federal Contract Tower,0,0,7,3,10,0,0,18,1,19,0,0,25,4,29,16,2,18,47
12/08/2002,MHK,KS,ACE,CE,Federal Contract Tower,0,6,9,0,15,0,0,36,2,38,0,6,45,2,53,68,4,72,125
12/09/2002,MHK,KS,ACE,CE,Federal Contract Tower,0,10,8,2,20,0,0,34,0,34,0,10,42,2,54,48,6,54,108
12/10/2002,MHK,KS,ACE,CE,Federal Contract Tower,0,8,33,2,43,0,0,0,0,0,0,8,33,2,43,0,0,0,43
12/11/2002,MHK,KS,ACE,CE,Federal Contract Tower,0,12,33,3,48,0,0,8,1,9,0,12,41,4,57,18,0,18,75
12/12/2002,MHK,KS,ACE,CE,Federal Contract Tower,0,10,24,6,40,0,0,0,0,0,0,10,24,6,40,0,0,0,40
12/13/2002,MHK,KS,ACE,CE,Federal Contract Tower,0,11,20,4,35,0,0,31,0,31,0,11,51,4,66,54,0,54,120
12/14/2002,MHK,KS,ACE,CE,Federal Contract Tower,0,6,10,0,16,0,0,75,2,77,0,6,85,2,93,66,0,66,159
12/15/2002,MHK,KS,ACE,CE,Federal Contract Tower,0,6,13,0,19,0,0,51,3,54,0,6,64,3,73,58,0,58,131
12/16/2002,MHK,KS,ACE,CE,Federal Contract Tower,0,8,11,0,19,0,0,39,2,41,0,8,50,2,60,50,0,50,110
12/17/2002,MHK,KS,ACE,CE,Federal Contract Tower,0,8,20,4,32,0,0,15,2,17,0,8,35,6,49,24,0,24,73
12/18/2002,MHK,KS,ACE,CE,Federal Contract Tower,0,11,12,8,31,0,0,32,2,34,0,11,44,10,65,36,8,44,109
12/19/2002,MHK,KS,ACE,CE,Federal Contract Tower,0,10,7,5,22,0,0,33,1,34,0,10,40,6,56,40,0,40,96
12/20/2002,MHK,KS,ACE,CE,Federal Contract Tower,0,10,11,0,21,0,0,32,0,32,0,10,43,0,53,18,0,18,71
12/21/2002,MHK,KS,ACE,CE,Federal Contract Tower,3,4,4,0,11,0,0,41,0,41,3,4,45,0,52,32,0,32,84
12/22/2002,MHK,KS,ACE,CE,Federal Contract Tower,0,6,5,0,11,0,0,33,1,34,0,6,38,1,45,6,0,6,51
12/23/2002,MHK,KS,ACE,CE,Federal Contract Tower,0,12,8,2,22,0,0,12,1,13,0,12,20,3,35,28,0,28,63
12/24/2002,MHK,KS,ACE,CE,Federal Contract Tower,0,10,2,0,12,0,0,12,0,12,0,10,14,0,24,4,0,4,28
12/25/2002,MHK,KS,ACE,CE,Federal Contract Tower,0,4,4,0,8,0,0,11,0,11,0,4,15,0,19,0,0,0,19
12/26/2002,MHK,KS,ACE,CE,Federal Contract Tower,2,6,14,0,22,0,0,13,2,15,2,6,27,2,37,10,0,10,47
12/27/2002,MHK,KS,ACE,CE,Federal Contract Tower,0,8,4,0,12,0,0,22,2,24,0,8,26,2,36,24,0,24,60
12/28/2002,MHK,KS,ACE,CE,Federal Contract Tower,2,4,6,0,12,0,0,26,0,26,2,4,32,0,38,6,0,6,44
12/29/2002,MHK,KS,ACE,CE,Federal Contract Tower,4,6,15,2,27,0,0,30,0,30,4,6,45,2,57,8,0,8,65
12/30/2002,MHK,KS,ACE,CE,Federal Contract Tower,0,10,3,2,15,0,0,27,0,27,0,10,30,2,42,26,0,26,68
12/31/2002,MHK,KS,ACE,CE,Federal Contract Tower,0,10,4,0,14,0,0,31,0,31,0,10,35,0,45,76,0,76,121
01/01/2003,MHK,KS,ACE,CE,Federal Contract Tower,0,7,8,0,15,0,0,10,4,14,0,7,18,4,29,10,0,10,39
01/02/2003,MHK,KS,ACE,CE,Federal Contract Tower,0,10,9,0,19,0,0,20,0,20,0,10,29,0,39,26,0,26,65
01/03/2003,MHK,KS,ACE,CE,Federal Contract Tower,0,10,0,2,12,0,0,0,0,0,0,10,0,2,12,46,0,46,58
01/04/2003,MHK,KS,ACE,CE,Federal Contract Tower,0,6,11,0,17,0,0,31,0,31,0,6,42,0,48,2,0,2,50
01/05/2003,MHK,KS,ACE,CE,Federal Contract Tower,2,7,9,0,18,0,0,18,0,18,2,7,27,0,36,36,0,36,72
01/06/2003,MHK,KS,ACE,CE,Federal Contract Tower,0,10,11,0,21,0,0,12,0,12,0,10,23,0,33,0,0,0,33
01/07/2003,MHK,KS,ACE,CE,Federal Contract Tower,0,10,14,2,26,0,0,28,2,30,0,10,42,4,56,28,0,28,84
01/08/2003,MHK,KS,ACE,CE,Federal Contract Tower,2,10,3,2,17,0,0,46,0,46,2,10,49,2,63,78,2,80,143
01/09/2003,MHK,KS,ACE,CE,Federal Contract Tower,1,10,7,2,20,0,0,21,0,21,1,10,28,2,41,24,0,24,65
01/10/2003,MHK,KS,ACE,CE,Federal Contract Tower,3,10,9,2,24,0,0,24,0,24,3,10,33,2,48,28,10,38,86
01/11/2003,MHK,KS,ACE,CE,Federal Contract Tower,19,2,6,0,27,0,0,23,0,23,19,2,29,0,50,14,0,14,64
01/12/2003,MHK,KS,ACE,CE,Federal Contract Tower,18,2,9,0,29,0,0,31,0,31,18,2,40,0,60,56,0,56,116
01/13/2003,MHK,KS,ACE,CE,Federal Contract Tower,1,9,3,0,13,0,0,19,0,19,1,9,22,0,32,14,0,14,46
01/14/2003,MHK,KS,ACE,CE,Federal Contract Tower,0,14,9,6,29,0,0,36,5,41,0,14,45,11,70,30,8,38,108
01/15/2003,MHK,KS,ACE,CE,Federal Contract Tower,0,11,18,1,30,0,0,12,0,12,0,11,30,1,42,24,0,24,66
01/16/2003,MHK,KS,ACE,CE,Federal Contract Tower,0,9,9,6,24,0,0,16,4,20,0,9,25,10,44,6,4,10,54
01/17/2003,MHK,KS,ACE,CE,Federal Contract Tower,0,11,14,0,25,0,0,20,0,20,0,11,34,0,45,16,0,16,61
01/18/2003,MHK,KS,ACE,CE,Federal Contract Tower,0,4,9,2,15,0,0,28,0,28,0,4,37,2,43,18,0,18,61
01/19/2003,MHK,KS,ACE,CE,Federal Contract Tower,0,6,5,6,17,0,0,44,0,44,0,6,49,6,61,40,0,40,101
01/20/2003,MHK,KS,ACE,CE,Federal Contract Tower,0,10,15,0,25,0,0,27,0,27,0,10,42,0,52,32,0,32,84
01/21/2003,MHK,KS,ACE,CE,Federal Contract Tower,0,10,14,2,26,0,0,19,0,19,0,10,33,2,45,36,0,36,81
01/22/2003,MHK,KS,ACE,CE,Federal Contract Tower,0,9,9,0,18,0,0,0,0,0,0,9,9,0,18,0,0,0,18
01/23/2003,MHK,KS,ACE,CE,Federal Contract Tower,0,6,8,2,16,0,0,18,0,18,0,6,26,2,34,40,0,40,74
01/24/2003,MHK,KS,ACE,CE,Federal Contract Tower,0,14,13,6,33,0,0,38,6,44,0,14,51,12,77,58,0,58,135
01/25/2003,MHK,KS,ACE,CE,Federal Contract Tower,0,8,7,0,15,0,0,31,2,33,0,8,38,2,48,62,0,62,110
01/26/2003,MHK,KS,ACE,CE,Federal Contract Tower,0,6,11,2,19,0,0,22,0,22,0,6,33,2,41,12,2,14,55
01/27/2003,MHK,KS,ACE,CE,Federal Contract Tower,0,10,9,0,19,0,0,39,0,39,0,10,48,0,58,68,0,68,126
01/28/2003,MHK,KS,ACE,CE,Federal Contract Tower,0,10,17,2,29,0,0,13,0,13,0,10,30,2,42,26,0,26,68
01/29/2003,MHK,KS,ACE,CE,Federal Contract Tower,0,14,16,2,32,0,0,12,0,12,0,14,28,2,44,4,0,4,48
01/30/2003,MHK,KS,ACE,CE,Federal Contract Tower,0,10,14,2,26,0,0,36,0,36,0,10,50,2,62,12,0,12,74
01/31/2003,MHK,KS,ACE,CE,Federal Contract Tower,0,13,9,2,24,0,0,35,0,35,0,13,44,2,59,60,0,60,119
02/01/2003,MHK,KS,ACE,CE,Federal Contract Tower,0,5,4,2,11,0,0,46,0,46,0,5,50,2,57,64,0,64,121
02/02/2003,MHK,KS,ACE,CE,Federal Contract Tower,2,6,9,0,17,0,0,51,2,53,2,6,60,2,70,56,0,56,126
02/03/2003,MHK,KS,ACE,CE,Federal Contract Tower,4,4,2,0,10,0,0,0,0,0,4,4,2,0,10,0,0,0,10
02/04/2003,MHK,KS,ACE,CE,Federal Contract Tower,0,12,14,2,28,0,0,11,2,13,0,12,25,4,41,12,2,14,55
02/05/2003,MHK,KS,ACE,CE,Federal Contract Tower,2,11,20,4,37,0,0,15,0,15,2,11,35,4,52,10,2,12,64
02/06/2003,MHK,KS,ACE,CE,Federal Contract Tower,4,9,10,2,25,0,0,7,0,7,4,9,17,2,32,2,2,4,36
02/07/2003,MHK,KS,ACE,CE,Federal Contract Tower,8,10,9,2,29,0,0,21,8,29,8,10,30,10,58,14,0,14,72
02/08/2003,MHK,KS,ACE,CE,Federal Contract Tower,9,6,6,2,23,0,0,46,6,52,9,6,52,8,75,50,14,64,139
02/09/2003,MHK,KS,ACE,CE,Federal Contract Tower,6,8,5,2,21,0,0,9,2,11,6,8,14,4,32,12,0,12,44
02/10/2003,MHK,KS,ACE,CE,Federal Contract Tower,3,11,8,4,26,0,0,48,2,50,3,11,56,6,76,108,8,116,192
02/11/2003,MHK,KS,ACE,CE,Federal Contract Tower,0,8,12,2,22,0,0,31,0,31,0,8,43,2,53,42,0,42,95
02/12/2003,MHK,KS,ACE,CE,Federal Contract Tower,2,10,10,2,24,0,0,41,0,41,2,10,51,2,65,108,0,108,173
02/13/2003,MHK,KS,ACE,CE,Federal Contract Tower,0,10,10,2,22,0,0,30,0,30,0,10,40,2,52,78,0,78,130
02/14/2003,MHK,KS,ACE,CE,Federal Contract Tower,0,4,9,0,13,0,0,0,0,0,0,4,9,0,13,0,0,0,13
02/15/2003,MHK,KS,ACE,CE,Federal Contract Tower,0,4,1,0,5,0,0,4,0,4,0,4,5,0,9,6,0,6,15
02/16/2003,MHK,KS,ACE,CE,Federal Contract Tower,0,8,6,0,14,0,0,28,0,28,0,8,34,0,42,52,0,52,94
02/17/2003,MHK,KS,ACE,CE,Federal Contract Tower,0,11,17,2,30,0,0,51,0,51,0,11,68,2,81,58,0,58,139
02/18/2003,MHK,KS,ACE,CE,Federal Contract Tower,0,9,13,6,28,0,0,34,0,34,0,9,47,6,62,54,0,54,116
02/19/2003,MHK,KS,ACE,CE,Federal Contract Tower,0,13,9,1,23,0,0,51,0,51,0,13,60,1,74,68,2,70,144
02/20/2003,MHK,KS,ACE,CE,Federal Contract Tower,0,11,19,4,34,0,0,33,0,33,0,11,52,4,67,70,20,90,157
02/21/2003,MHK,KS,ACE,CE,Federal Contract Tower,0,12,12,4,28,0,0,39,0,39,0,12,51,4,67,74,16,90,157
02/22/2003,MHK,KS,ACE,CE,Federal Contract Tower,0,6,12,0,18,0,0,7,0,7,0,6,19,0,25,62,0,62,87
02/23/2003,MHK,KS,ACE,CE,Federal Contract Tower,0,2,1,1,4,0,0,0,0,0,0,2,1,1,4,0,0,0,4
02/24/2003,MHK,KS,ACE,CE,Federal Contract Tower,0,8,10,0,18,0,0,11,2,13,0,8,21,2,31,6,0,6,37
02/25/2003,MHK,KS,ACE,CE,Federal Contract Tower,0,10,12,2,24,0,0,19,4,23,0,10,31,6,47,36,4,40,87
02/26/2003,MHK,KS,ACE,CE,Federal Contract Tower,0,14,5,0,19,0,0,29,4,33,0,14,34,4,52,26,0,26,78
02/27/2003,MHK,KS,ACE,CE,Federal Contract Tower,0,10,14,0,24,0,0,1,2,3,0,10,15,2,27,20,0,20,47
02/28/2003,MHK,KS,ACE,CE,Federal Contract Tower,0,14,13,0,27,0,0,4,0,4,0,14,17,0,31,4,0,4,35
03/01/2003,MHK,KS,ACE,CE,Federal Contract Tower,0,8,12,0,20,0,0,14,0,14,0,8,26,0,34,44,0,44,78
03/02/2003,MHK,KS,ACE,CE,Federal Contract Tower,0,6,14,0,20,0,0,32,0,32,0,6,46,0,52,48,0,48,100
03/03/2003,MHK,KS,ACE,CE,Federal Contract Tower,0,12,9,0,21,0,0,47,0,47,0,12,56,0,68,50,0,50,118
03/04/2003,MHK,KS,ACE,CE,Federal Contract Tower,0,4,4,0,8,0,1,0,0,1,0,5,4,0,9,0,0,0,9
03/05/2003,MHK,KS,ACE,CE,Federal Contract Tower,0,11,12,0,23,0,0,12,2,14,0,11,24,2,37,2,0,2,39
03/06/2003,MHK,KS,ACE,CE,Federal Contract Tower,0,9,23,2,34,0,0,32,0,32,0,9,55,2,66,10,0,10,76
03/07/2003,MHK,KS,ACE,CE,Federal Contract Tower,0,13,24,4,41,0,0,35,0,35,0,13,59,4,76,42,0,42,118
03/08/2003,MHK,KS,ACE,CE,Federal Contract Tower,0,7,12,1,20,0,0,18,0,18,0,7,30,1,38,10,0,10,48
03/09/2003,MHK,KS,ACE,CE,Federal Contract Tower,0,10,7,1,18,0,0,37,0,37,0,10,44,1,55,56,0,56,111
03/10/2003,MHK,KS,ACE,CE,Federal Contract Tower,0,14,0,0,14,0,0,0,0,0,0,14,0,0,14,0,0,0,14
03/11/2003,MHK,KS,ACE,CE,Federal Contract Tower,0,10,14,4,28,0,0,36,0,36,0,10,50,4,64,30,0,30,94
03/12/2003,MHK,KS,ACE,CE,Federal Contract Tower,0,13,23,0,36,0,0,13,0,13,0,13,36,0,49,4,0,4,53
03/13/2003,MHK,KS,ACE,CE,Federal Contract Tower,0,8,28,2,38,0,0,36,0,36,0,8,64,2,74,26,0,26,100
03/14/2003,MHK,KS,ACE,CE,Federal Contract Tower,0,14,16,0,30,0,0,80,0,80,0,14,96,0,110,58,0,58,168
03/15/2003,MHK,KS,ACE,CE,Federal Contract Tower,0,4,8,2,14,0,0,40,0,40,0,4,48,2,54,18,0,18,72
03/16/2003,MHK,KS,ACE,CE,Federal Contract Tower,0,6,8,0,14,0,0,19,0,19,0,6,27,0,33,14,0,14,47
03/17/2003,MHK,KS,ACE,CE,Federal Contract Tower,0,10,4,0,14,0,0,16,0,16,0,10,20,0,30,22,0,22,52
03/18/2003,MHK,KS,ACE,CE,Federal Contract Tower,0,11,16,2,29,0,0,16,0,16,0,11,32,2,45,0,0,0,45
03/19/2003,MHK,KS,ACE,CE,Federal Contract Tower,0,8,19,0,27,0,0,1,0,1,0,8,20,0,28,0,0,0,28
03/20/2003,MHK,KS,ACE,CE,Federal Contract Tower,0,10,7,0,17,0,0,0,0,0,0,10,7,0,17,0,0,0,17
03/21/2003,MHK,KS,ACE,CE,Federal Contract Tower,4,10,9,2,25,0,0,47,0,47,4,10,56,2,72,26,0,26,98
03/22/2003,MHK,KS,ACE,CE,Federal Contract Tower,0,4,4,2,10,0,0,53,0,53,0,4,57,2,63,28,2,30,93
03/23/2003,MHK,KS,ACE,CE,Federal Contract Tower,0,6,6,0,12,0,0,52,0,52,0,6,58,0,64,36,0,36,100
03/24/2003,MHK,KS,ACE,CE,Federal Contract Tower,2,12,7,2,23,0,0,26,0,26,2,12,33,2,49,28,2,30,79
03/25/2003,MHK,KS,ACE,CE,Federal Contract Tower,1,12,7,2,22,0,0,40,0,40,1,12,47,2,62,26,0,26,88
03/26/2003,MHK,KS,ACE,CE,Federal Contract Tower,0,12,12,1,25,0,0,28,0,28,0,12,40,1,53,4,0,4,57
03/27/2003,MHK,KS,ACE,CE,Federal Contract Tower,0,10,13,2,25,0,0,18,3,21,0,10,31,5,46,8,4,12,58
03/28/2003,MHK,KS,ACE,CE,Federal Contract Tower,0,8,8,8,24,0,0,25,0,25,0,8,33,8,49,46,0,46,95
03/29/2003,MHK,KS,ACE,CE,Federal Contract Tower,0,4,11,0,15,0,0,36,0,36,0,4,47,0,51,34,0,34,85
03/30/2003,MHK,KS,ACE,CE,Federal Contract Tower,0,6,4,2,12,0,0,51,0,51,0,6,55,2,63,48,0,48,111
03/31/2003,MHK,KS,ACE,CE,Federal Contract Tower,0,6,12,0,18,0,0,41,0,41,0,6,53,0,59,58,0,58,117
04/01/2003,MHK,KS,ACE,CE,Federal Contract Tower,0,8,6,0,14,0,0,45,2,47,0,8,51,2,61,60,0,60,121
04/02/2003,MHK,KS,ACE,CE,Federal Contract Tower,0,10,9,8,27,0,0,39,10,49,0,10,48,18,76,36,8,44,120
04/03/2003,MHK,KS,ACE,CE,Federal Contract Tower,0,10,14,2,26,0,0,22,8,30,0,10,36,10,56,20,0,20,76
04/04/2003,MHK,KS,ACE,CE,Federal Contract Tower,0,10,17,2,29,0,0,15,3,18,0,10,32,5,47,34,0,34,81
04/05/2003,MHK,KS,ACE,CE,Federal Contract Tower,0,4,6,0,10,0,0,28,0,28,0,4,34,0,38,4,0,4,42
04/06/2003,MHK,KS,ACE,CE,Federal Contract Tower,0,8,3,0,11,0,0,0,0,0,0,8,3,0,11,0,0,0,11
04/07/2003,MHK,KS,ACE,CE,Federal Contract Tower,0,10,8,0,18,0,0,16,0,16,0,10,24,0,34,20,0,20,54
04/08/2003,MHK,KS,ACE,CE,Federal Contract Tower,0,4,14,2,20,0,0,21,6,27,0,4,35,8,47,12,0,12,59
04/09/2003,MHK,KS,ACE,CE,Federal Contract Tower,0,12,11,4,27,0,0,57,0,57,0,12,68,4,84,94,0,94,178
04/10/2003,MHK,KS,ACE,CE,Federal Contract Tower,0,11,19,2,32,0,0,106,2,108,0,11,125,4,140,110,0,110,250
04/11/2003,MHK,KS,ACE,CE,Federal Contract Tower,0,12,19,0,31,0,0,43,0,43,0,12,62,0,74,54,0,54,128
04/12/2003,MHK,KS,ACE,CE,Federal Contract Tower,0,4,11,0,15,0,0,59,0,59,0,4,70,0,74,60,0,60,134
04/13/2003,MHK,KS,ACE,CE,Federal Contract Tower,0,7,13,0,20,0,0,23,0,23,0,7,36,0,43,18,0,18,61
04/14/2003,MHK,KS,ACE,CE,Federal Contract Tower,0,12,10,4,26,0,0,19,0,19,0,12,29,4,45,16,0,16,61
04/15/2003,MHK,KS,ACE,CE,Federal Contract Tower,0,12,10,4,26,0,0,4,2,6,0,12,14,6,32,4,0,4,36
04/16/2003,MHK,KS,ACE,CE,Federal Contract Tower,0,10,13,3,26,0,0,18,0,18,0,10,31,3,44,24,0,24,68
04/17/2003,MHK,KS,ACE,CE,Federal Contract Tower,0,10,16,2,28,0,0,34,0,34,0,10,50,2,62,24,0,24,86
04/18/2003,MHK,KS,ACE,CE,Federal Contract Tower,0,11,9,1,21,0,0,7,2,9,0,11,16,3,30,0,0,0,30
04/19/2003,MHK,KS,ACE,CE,Federal Contract Tower,0,4,5,1,10,0,0,9,3,12,0,4,14,4,22,2,0,2,24
04/20/2003,MHK,KS,ACE,CE,Federal Contract Tower,0,8,6,0,14,0,0,10,9,19,0,8,16,9,33,46,0,46,79
04/21/2003,MHK,KS,ACE,CE,Federal Contract Tower,0,14,9,9,32,0,0,44,0,44,0,14,53,9,76,56,0,56,132
04/22/2003,MHK,KS,ACE,CE,Federal Contract Tower,0,12,15,4,31,0,0,56,6,62,0,12,71,10,93,100,0,100,193
04/23/2003,MHK,KS,ACE,CE,Federal Contract Tower,0,12,9,2,23,0,0,10,1,11,0,12,19,3,34,24,2,26,60
04/24/2003,MHK,KS,ACE,CE,Federal Contract Tower,0,12,30,2,44,0,0,0,0,0,0,12,30,2,44,0,0,0,44
04/25/2003,MHK,KS,ACE,CE,Federal Contract Tower,0,10,22,0,32,0,0,30,0,30,0,10,52,0,62,74,0,74,136
04/26/2003,MHK,KS,ACE,CE,Federal Contract Tower,0,4,14,0,18,0,0,110,1,111,0,4,124,1,129,76,0,76,205
04/27/2003,MHK,KS,ACE,CE,Federal Contract Tower,0,6,7,1,14,0,0,50,0,50,0,6,57,1,64,50,0,50,114
04/28/2003,MHK,KS,ACE,CE,Federal Contract Tower,0,14,11,3,28,0,0,53,0,53,0,14,64,3,81,36,0,36,117
04/29/2003,MHK,KS,ACE,CE,Federal Contract Tower,0,11,12,2,25,0,0,23,2,25,0,11,35,4,50,36,0,36,86
04/30/2003,MHK,KS,ACE,CE,Federal Contract Tower,0,11,19,6,36,0,0,35,2,37,0,11,54,8,73,40,0,40,113
05/01/2003,MHK,KS,ACE,CE,Federal Contract Tower,0,8,24,2,34,0,0,20,0,20,0,8,44,2,54,54,0,54,108
05/02/2003,MHK,KS,ACE,CE,Federal Contract Tower,0,10,18,3,31,0,0,48,1,49,0,10,66,4,80,50,8,58,138
05/03/2003,MHK,KS,ACE,CE,Federal Contract Tower,0,4,4,2,10,0,0,44,0,44,0,4,48,2,54,26,0,26,80
05/04/2003,MHK,KS,ACE,CE,Federal Contract Tower,0,8,7,2,17,0,0,8,1,9,0,8,15,3,26,6,0,6,32
05/05/2003,MHK,KS,ACE,CE,Federal Contract Tower,0,12,13,2,27,0,0,32,0,32,0,12,45,2,59,55,0,55,114
05/06/2003,MHK,KS,ACE,CE,Federal Contract Tower,0,6,11,2,19,0,0,16,0,16,0,6,27,2,35,34,0,34,69
05/07/2003,MHK,KS,ACE,CE,Federal Contract Tower,0,14,24,0,38,0,0,71,0,71,0,14,95,0,109,70,0,70,179
05/08/2003,MHK,KS,ACE,CE,Federal Contract Tower,0,10,14,0,24,0,0,11,0,11,0,10,25,0,35,42,0,42,77
05/09/2003,MHK,KS,ACE,CE,Federal Contract Tower,0,10,20,0,30,0,0,48,0,48,0,10,68,0,78,26,0,26,104
05/10/2003,MHK,KS,ACE,CE,Federal Contract Tower,0,4,13,0,17,0,0,7,0,7,0,4,20,0,24,14,0,14,38
05/11/2003,MHK,KS,ACE,CE,Federal Contract Tower,0,9,4,2,15,0,0,41,0,41,0,9,45,2,56,36,0,36,92
05/12/2003,MHK,KS,ACE,CE,Federal Contract Tower,0,12,14,0,26,0,0,45,2,47,0,12,59,2,73,42,10,52,125
05/13/2003,MHK,KS,ACE,CE,Federal Contract Tower,0,10,11,0,21,0,0,16,2,18,0,10,27,2,39,10,0,10,49
05/14/2003,MHK,KS,ACE,CE,Federal Contract Tower,0,11,11,10,32,0,0,46,0,46,0,11,57,10,78,32,0,32,110
05/15/2003,MHK,KS,ACE,CE,Federal Contract Tower,0,10,15,4,29,0,0,47,4,51,0,10,62,8,80,60,0,60,140
05/16/2003,MHK,KS,ACE,CE,Federal Contract Tower,0,8,20,6,34,0,0,10,2,12,0,8,30,8,46,8,0,8,54
05/17/2003,MHK,KS,ACE,CE,Federal Contract Tower,0,4,41,0,45,0,0,102,0,102,0,4,143,0,147,20,0,20,167
05/18/2003,MHK,KS,ACE,CE,Federal Contract Tower,0,6,16,0,22,0,0,49,0,49,0,6,65,0,71,70,0,70,141
05/19/2003,MHK,KS,ACE,CE,Federal Contract Tower,0,12,5,2,19,0,0,3,0,3,0,12,8,2,22,0,0,0,22
05/20/2003,MHK,KS,ACE,CE,Federal Contract Tower,0,10,19,4,33,0,0,46,2,48,0,10,65,6,81,28,0,28,109
05/21/2003,MHK,KS,ACE,CE,Federal Contract Tower,0,10,12,0,22,0,0,78,4,82,0,10,90,4,104,74,0,74,178
05/22/2003,MHK,KS,ACE,CE,Federal Contract Tower,0,10,13,4,27,0,0,51,2,53,0,10,64,6,80,44,0,44,124
05/23/2003,MHK,KS,ACE,CE,Federal Contract Tower,0,8,25,0,33,0,0,30,0,30,0,8,55,0,63,14,0,14,77
05/24/2003,MHK,KS,ACE,CE,Federal Contract Tower,0,4,14,0,18,0,0,20,0,20,0,4,34,0,38,38,0,38,76
05/25/2003,MHK,KS,ACE,CE,Federal Contract Tower,0,6,8,2,16,0,0,32,0,32,0,6,40,2,48,18,0,18,66
05/26/2003,MHK,KS,ACE,CE,Federal Contract Tower,0,8,18,2,28,0,0,50,0,50,0,8,68,2,78,42,0,42,120
05/27/2003,MHK,KS,ACE,CE,Federal Contract Tower,0,14,11,2,27,0,0,49,2,51,0,14,60,4,78,18,0,18,96
05/28/2003,MHK,KS,ACE,CE,Federal Contract Tower,0,10,12,8,30,0,0,30,0,30,0,10,42,8,60,12,0,12,72
05/29/2003,MHK,KS,ACE,CE,Federal Contract Tower,0,10,12,0,22,0,0,58,4,62,0,10,70,4,84,28,0,28,112
05/30/2003,MHK,KS,ACE,CE,Federal Contract Tower,0,8,13,2,23,0,0,44,4,48,0,8,57,6,71,6,0,6,77
05/31/2003,MHK,KS,ACE,CE,Federal Contract Tower,0,4,9,0,13,0,0,22,2,24,0,4,31,2,37,30,0,30,67
06/01/2003,MHK,KS,ACE,CE,Federal Contract Tower,0,9,7,0,16,0,1,35,2,38,0,10,42,2,54,6,0,6,60
06/02/2003,MHK,KS,ACE,CE,Federal Contract Tower,0,10,31,4,45,0,0,22,4,26,0,10,53,8,71,38,0,38,109
06/03/2003,MHK,KS,ACE,CE,Federal Contract Tower,0,10,21,7,38,0,0,21,1,22,0,10,42,8,60,18,0,18,78
06/04/2003,MHK,KS,ACE,CE,Federal Contract Tower,0,11,18,2,31,0,0,27,4,31,0,11,45,6,62,10,0,10,72
06/05/2003,MHK,KS,ACE,CE,Federal Contract Tower,0,10,17,0,27,0,0,17,0,17,0,10,34,0,44,26,0,26,70
06/06/2003,MHK,KS,ACE,CE,Federal Contract Tower,0,11,16,6,33,0,0,34,11,45,0,11,50,17,78,8,0,8,86
06/07/2003,MHK,KS,ACE,CE,Federal Contract Tower,0,5,8,2,15,0,0,22,4,26,0,5,30,6,41,40,0,40,81
06/08/2003,MHK,KS,ACE,CE,Federal Contract Tower,0,8,6,0,14,0,0,32,0,32,0,8,38,0,46,34,0,34,80
06/09/2003,MHK,KS,ACE,CE,Federal Contract Tower,0,10,11,2,23,0,0,21,0,21,0,10,32,2,44,6,0,6,50
06/10/2003,MHK,KS,ACE,CE,Federal Contract Tower,0,12,23,2,37,0,0,20,0,20,0,12,43,2,57,18,0,18,75
06/11/2003,MHK,KS,ACE,CE,Federal Contract Tower,0,10,4,4,18,0,0,39,2,41,0,10,43,6,59,12,2,14,73
06/12/2003,MHK,KS,ACE,CE,Federal Contract Tower,0,11,19,4,34,0,0,16,0,16,0,11,35,4,50,0,0,0,50
06/13/2003,MHK,KS,ACE,CE,Federal Contract Tower,0,10,10,2,22,0,0,50,0,50,0,10,60,2,72,40,0,40,112
06/14/2003,MHK,KS,ACE,CE,Federal Contract Tower,0,6,2,0,8,0,0,45,0,45,0,6,47,0,53,50,0,50,103
06/15/2003,MHK,KS,ACE,CE,Federal Contract Tower,0,8,6,2,16,0,0,43,0,43,0,8,49,2,59,44,0,44,103
06/16/2003,MHK,KS,ACE,CE,Federal Contract Tower,0,6,6,0,12,0,0,41,0,41,0,6,47,0,53,32,0,32,85
06/17/2003,MHK,KS,ACE,CE,Federal Contract Tower,0,8,18,2,28,0,0,42,0,42,0,8,60,2,70,60,0,60,130
06/18/2003,MHK,KS,ACE,CE,Federal Contract Tower,0,6,26,2,34,0,0,24,0,24,0,6,50,2,58,36,0,36,94
06/19/2003,MHK,KS,ACE,CE,Federal Contract Tower,0,14,16,4,34,0,0,54,0,54,0,14,70,4,88,42,0,42,130
06/20/2003,MHK,KS,ACE,CE,Federal Contract Tower,0,8,19,0,27,0,0,27,2,29,0,8,46,2,56,6,0,6,62
06/21/2003,MHK,KS,ACE,CE,Federal Contract Tower,0,4,14,2,20,0,0,17,0,17,0,4,31,2,37,0,0,0,37
06/22/2003,MHK,KS,ACE,CE,Federal Contract Tower,0,6,17,2,25,0,0,15,0,15,0,6,32,2,40,0,0,0,40
06/23/2003,MHK,KS,ACE,CE,Federal Contract Tower,0,11,8,2,21,0,0,20,0,20,0,11,28,2,41,4,0,4,45
06/24/2003,MHK,KS,ACE,CE,Federal Contract Tower,0,10,12,2,24,0,0,19,0,19,0,10,31,2,43,34,0,34,77
06/25/2003,MHK,KS,ACE,CE,Federal Contract Tower,0,5,10,2,17,0,0,16,0,16,0,5,26,2,33,8,0,8,41
06/26/2003,MHK,KS,ACE,CE,Federal Contract Tower,0,8,13,0,21,0,0,39,0,39,0,8,52,0,60,12,0,12,72
06/27/2003,MHK,KS,ACE,CE,Federal Contract Tower,0,9,12,2,23,0,0,38,0,38,0,9,50,2,61,40,0,40,101
06/28/2003,MHK,KS,ACE,CE,Federal Contract Tower,0,6,5,0,11,0,0,25,0,25,0,6,30,0,36,20,0,20,56
06/29/2003,MHK,KS,ACE,CE,Federal Contract Tower,0,5,6,0,11,0,0,2,0,2,0,5,8,0,13,0,0,0,13
06/30/2003,MHK,KS,ACE,CE,Federal Contract Tower,0,8,8,2,18,0,0,24,0,24,0,8,32,2,42,16,0,16,58
07/01/2003,MHK,KS,ACE,CE,Federal Contract Tower,0,4,7,2,13,0,0,27,0,27,0,4,34,2,40,24,0,24,64
07/02/2003,MHK,KS,ACE,CE,Federal Contract Tower,0,8,22,0,30,0,0,33,0,33,0,8,55,0,63,26,0,26,89
07/03/2003,MHK,KS,ACE,CE,Federal Contract Tower,0,8,8,0,16,0,0,39,0,39,0,8,47,0,55,2,0,2,57
07/04/2003,MHK,KS,ACE,CE,Federal Contract Tower,0,8,4,0,12,0,0,26,0,26,0,8,30,0,38,2,0,2,40
07/05/2003,MHK,KS,ACE,CE,Federal Contract Tower,0,2,5,2,9,0,0,21,0,21,0,2,26,2,30,6,0,6,36
07/06/2003,MHK,KS,ACE,CE,Federal Contract Tower,0,9,5,0,14,0,0,25,0,25,0,9,30,0,39,4,0,4,43
07/07/2003,MHK,KS,ACE,CE,Federal Contract Tower,0,8,8,2,18,0,0,17,2,19,0,8,25,4,37,22,0,22,59
07/08/2003,MHK,KS,ACE,CE,Federal Contract Tower,0,9,12,0,21,0,0,21,2,23,0,9,33,2,44,20,8,28,72
07/09/2003,MHK,KS,ACE,CE,Federal Contract Tower,0,8,15,2,25,0,0,15,0,15,0,8,30,2,40,8,0,8,48
07/10/2003,MHK,KS,ACE,CE,Federal Contract Tower,0,10,12,2,24,0,0,14,2,16,0,10,26,4,40,20,0,20,60
07/11/2003,MHK,KS,ACE,CE,Federal Contract Tower,0,5,8,0,13,0,1,60,2,63,0,6,68,2,76,38,0,38,114
07/12/2003,MHK,KS,ACE,CE,Federal Contract Tower,0,2,7,1,10,0,0,43,3,46,0,2,50,4,56,16,0,16,72
07/13/2003,MHK,KS,ACE,CE,Federal Contract Tower,0,8,5,0,13,0,0,37,0,37,0,8,42,0,50,40,0,40,90
07/14/2003,MHK,KS,ACE,CE,Federal Contract Tower,0,8,13,6,27,0,0,23,0,23,0,8,36,6,50,12,6,18,68
07/15/2003,MHK,KS,ACE,CE,Federal Contract Tower,0,8,16,0,24,0,0,31,0,31,0,8,47,0,55,20,0,20,75
07/16/2003,MHK,KS,ACE,CE,Federal Contract Tower,0,8,9,0,17,0,0,40,2,42,0,8,49,2,59,34,0,34,93
07/17/2003,MHK,KS,ACE,CE,Federal Contract Tower,0,8,9,0,17,0,0,36,0,36,0,8,45,0,53,14,0,14,67
07/18/2003,MHK,KS,ACE,CE,Federal Contract Tower,0,8,13,2,23,0,0,47,2,49,0,8,60,4,72,8,0,8,80
07/19/2003,MHK,KS,ACE,CE,Federal Contract Tower,0,2,19,0,21,0,0,37,0,37,0,2,56,0,58,12,0,12,70
07/20/2003,MHK,KS,ACE,CE,Federal Contract Tower,0,6,9,0,15,0,0,26,0,26,0,6,35,0,41,14,0,14,55
07/21/2003,MHK,KS,ACE,CE,Federal Contract Tower,2,8,6,4,20,0,0,20,0,20,2,8,26,4,40,14,0,14,54
07/22/2003,MHK,KS,ACE,CE,Federal Contract Tower,0,6,12,4,22,0,0,36,0,36,0,6,48,4,58,34,0,34,92
07/23/2003,MHK,KS,ACE,CE,Federal Contract Tower,0,6,9,0,15,0,0,33,2,35,0,6,42,2,50,26,0,26,76
07/24/2003,MHK,KS,ACE,CE,Federal Contract Tower,0,8,12,0,20,0,0,27,2,29,0,8,39,2,49,14,0,14,63
07/25/2003,MHK,KS,ACE,CE,Federal Contract Tower,0,8,13,2,23,0,0,36,0,36,0,8,49,2,59,4,0,4,63
07/26/2003,MHK,KS,ACE,CE,Federal Contract Tower,0,3,10,2,15,0,0,39,2,41,0,3,49,4,56,6,0,6,62
07/27/2003,MHK,KS,ACE,CE,Federal Contract Tower,0,6,16,0,22,0,0,41,2,43,0,6,57,2,65,12,0,12,77
07/28/2003,MHK,KS,ACE,CE,Federal Contract Tower,0,9,14,5,28,0,0,53,0,53,0,9,67,5,81,24,0,24,105
07/29/2003,MHK,KS,ACE,CE,Federal Contract Tower,0,8,14,3,25,0,0,15,0,15,0,8,29,3,40,36,0,36,76
07/30/2003,MHK,KS,ACE,CE,Federal Contract Tower,0,8,16,2,26,0,0,31,2,33,0,8,47,4,59,50,0,50,109
07/31/2003,MHK,KS,ACE,CE,Federal Contract Tower,0,8,11,2,21,0,0,38,4,42,0,8,49,6,63,12,8,20,83
08/01/2003,MHK,KS,ACE,CE,Federal Contract Tower,0,7,11,1,19,0,1,26,1,28,0,8,37,2,47,10,0,10,57
08/02/2003,MHK,KS,ACE,CE,Federal Contract Tower,0,1,10,3,14,0,1,80,9,90,0,2,90,12,104,6,0,6,110
08/03/2003,MHK,KS,ACE,CE,Federal Contract Tower,0,8,4,0,12,0,0,46,2,48,0,8,50,2,60,22,0,22,82
08/04/2003,MHK,KS,ACE,CE,Federal Contract Tower,0,9,9,4,22,0,0,26,0,26,0,9,35,4,48,22,0,22,70
08/05/2003,MHK,KS,ACE,CE,Federal Contract Tower,0,11,13,0,24,0,0,27,0,27,0,11,40,0,51,32,0,32,83
08/06/2003,MHK,KS,ACE,CE,Federal Contract Tower,0,8,15,0,23,0,0,30,0,30,0,8,45,0,53,18,0,18,71
08/07/2003,MHK,KS,ACE,CE,Federal Contract Tower,0,6,10,1,17,0,3,15,3,21,0,9,25,4,38,12,0,12,50
08/08/2003,MHK,KS,ACE,CE,Federal Contract Tower,1,8,11,0,20,0,0,27,2,29,1,8,38,2,49,44,0,44,93
08/09/2003,MHK,KS,ACE,CE,Federal Contract Tower,0,2,5,2,9,0,0,40,0,40,0,2,45,2,49,8,0,8,57
08/10/2003,MHK,KS,ACE,CE,Federal Contract Tower,0,4,7,4,15,0,0,43,0,43,0,4,50,4,58,16,0,16,74
08/11/2003,MHK,KS,ACE,CE,Federal Contract Tower,0,8,7,0,15,0,0,25,0,25,0,8,32,0,40,32,0,32,72
08/12/2003,MHK,KS,ACE,CE,Federal Contract Tower,0,8,20,0,28,0,0,32,2,34,0,8,52,2,62,36,0,36,98
08/13/2003,MHK,KS,ACE,CE,Federal Contract Tower,0,12,10,2,24,0,0,41,4,45,0,12,51,6,69,28,0,28,97
08/14/2003,MHK,KS,ACE,CE,Federal Contract Tower,0,9,12,0,21,0,0,38,2,40,0,9,50,2,61,56,0,56,117
08/15/2003,MHK,KS,ACE,CE,Federal Contract Tower,0,8,10,0,18,0,0,20,1,21,0,8,30,1,39,4,0,4,43
08/16/2003,MHK,KS,ACE,CE,Federal Contract Tower,0,4,4,11,19,0,0,33,1,34,0,4,37,12,53,50,4,54,107
08/17/2003,MHK,KS,ACE,CE,Federal Contract Tower,0,6,5,6,17,0,0,27,0,27,0,6,32,6,44,6,0,6,50
08/18/2003,MHK,KS,ACE,CE,Federal Contract Tower,0,9,19,3,31,0,0,18,5,23,0,9,37,8,54,8,6,14,68
08/19/2003,MHK,KS,ACE,CE,Federal Contract Tower,0,10,16,1,27,0,0,26,0,26,0,10,42,1,53,50,0,50,103
08/20/2003,MHK,KS,ACE,CE,Federal Contract Tower,0,11,17,2,30,0,0,22,2,24,0,11,39,4,54,12,0,12,66
08/21/2003,MHK,KS,ACE,CE,Federal Contract Tower,0,8,15,2,25,0,0,35,16,51,0,8,50,18,76,20,0,20,96
08/22/2003,MHK,KS,ACE,CE,Federal Contract Tower,0,10,16,8,34,0,0,29,0,29,0,10,45,8,63,14,0,14,77
08/23/2003,MHK,KS,ACE,CE,Federal Contract Tower,0,4,4,0,8,0,0,31,8,39,0,4,35,8,47,40,0,40,87
08/24/2003,MHK,KS,ACE,CE,Federal Contract Tower,0,8,4,4,16,0,0,19,0,19,0,8,23,4,35,50,0,50,85
08/25/2003,MHK,KS,ACE,CE,Federal Contract Tower,0,10,3,0,13,0,0,17,0,17,0,10,20,0,30,24,0,24,54
08/26/2003,MHK,KS,ACE,CE,Federal Contract Tower,0,8,16,0,24,0,0,22,2,24,0,8,38,2,48,30,0,30,78
08/27/2003,MHK,KS,ACE,CE,Federal Contract Tower,0,8,15,0,23,0,0,21,6,27,0,8,36,6,50,30,0,30,80
08/28/2003,MHK,KS,ACE,CE,Federal Contract Tower,0,8,15,0,23,0,0,15,2,17,0,8,30,2,40,6,0,6,46
08/29/2003,MHK,KS,ACE,CE,Federal Contract Tower,1,4,19,2,26,0,0,5,0,5,1,4,24,2,31,18,0,18,49
08/30/2003,MHK,KS,ACE,CE,Federal Contract Tower,0,2,17,0,19,0,0,13,0,13,0,2,30,0,32,6,0,6,38
08/31/2003,MHK,KS,ACE,CE,Federal Contract Tower,0,6,8,2,16,0,0,0,2,2,0,6,8,4,18,0,0,0,18
09/01/2003,MHK,KS,ACE,CE,Federal Contract Tower,0,7,21,0,28,0,1,35,2,38,0,8,56,2,66,26,0,26,92
09/02/2003,MHK,KS,ACE,CE,Federal Contract Tower,2,4,9,2,17,0,2,46,3,51,2,6,55,5,68,38,0,38,106
09/03/2003,MHK,KS,ACE,CE,Federal Contract Tower,0,6,11,1,18,0,2,29,2,33,0,8,40,3,51,18,2,20,71
09/04/2003,MHK,KS,ACE,CE,Federal Contract Tower,0,6,22,3,31,0,2,38,0,40,0,8,60,3,71,34,0,34,105
09/05/2003,MHK,KS,ACE,CE,Federal Contract Tower,2,7,17,1,27,0,1,46,3,50,2,8,63,4,77,24,0,24,101
09/06/2003,MHK,KS,ACE,CE,Federal Contract Tower,0,1,11,1,13,0,1,34,3,38,0,2,45,4,51,22,0,22,73
09/07/2003,MHK,KS,ACE,CE,Federal Contract Tower,0,7,20,1,28,0,1,45,5,51,0,8,65,6,79,28,0,28,107
09/08/2003,MHK,KS,ACE,CE,Federal Contract Tower,0,5,13,0,18,0,1,35,2,38,0,6,48,2,56,22,4,26,82
09/09/2003,MHK,KS,ACE,CE,Federal Contract Tower,2,8,21,6,37,0,0,29,0,29,2,8,50,6,66,32,0,32,98
09/10/2003,MHK,KS,ACE,CE,Federal Contract Tower,0,8,14,0,22,0,0,20,4,24,0,8,34,4,46,14,0,14,60
09/11/2003,MHK,KS,ACE,CE,Federal Contract Tower,0,8,4,0,12,0,0,3,2,5,0,8,7,2,17,10,0,10,27
09/12/2003,MHK,KS,ACE,CE,Federal Contract Tower,1,6,19,2,28,0,0,57,4,61,1,6,76,6,89,70,0,70,159
09/13/2003,MHK,KS,ACE,CE,Federal Contract Tower,1,2,17,2,22,0,0,27,2,29,1,2,44,4,51,10,0,10,61
09/14/2003,MHK,KS,ACE,CE,Federal Contract Tower,0,4,6,2,12,0,0,66,0,66,0,4,72,2,78,28,0,28,106
09/15/2003,MHK,KS,ACE,CE,Federal Contract Tower,0,10,10,3,23,0,0,59,0,59,0,10,69,3,82,38,0,38,120
09/16/2003,MHK,KS,ACE,CE,Federal Contract Tower,0,6,11,6,23,0,0,42,4,46,0,6,53,10,69,26,8,34,103
09/17/2003,MHK,KS,ACE,CE,Federal Contract Tower,0,8,14,0,22,0,0,13,0,13,0,8,27,0,35,2,0,2,37
09/18/2003,MHK,KS,ACE,CE,Federal Contract Tower,0,9,10,2,21,0,0,20,0,20,0,9,30,2,41,16,0,16,57
09/19/2003,MHK,KS,ACE,CE,Federal Contract Tower,1,11,25,2,39,0,0,61,8,69,1,11,86,10,108,92,0,92,200
09/20/2003,MHK,KS,ACE,CE,Federal Contract Tower,1,2,22,0,25,0,0,68,4,72,1,2,90,4,97,36,0,36,133
09/21/2003,MHK,KS,ACE,CE,Federal Contract Tower,0,8,19,2,29,0,0,32,0,32,0,8,51,2,61,42,0,42,103
09/22/2003,MHK,KS,ACE,CE,Federal Contract Tower,0,10,11,2,23,0,0,43,4,47,0,10,54,6,70,10,2,12,82
09/23/2003,MHK,KS,ACE,CE,Federal Contract Tower,0,10,14,0,24,0,0,34,0,34,0,10,48,0,58,14,0,14,72
09/24/2003,MHK,KS,ACE,CE,Federal Contract Tower,2,8,24,0,34,0,0,42,0,42,2,8,66,0,76,10,0,10,86
09/25/2003,MHK,KS,ACE,CE,Federal Contract Tower,3,6,9,0,18,0,0,68,0,68,3,6,77,0,86,26,0,26,112
09/26/2003,MHK,KS,ACE,CE,Federal Contract Tower,0,12,4,3,19,0,0,41,0,41,0,12,45,3,60,24,0,24,84
09/27/2003,MHK,KS,ACE,CE,Federal Contract Tower,0,2,28,0,30,0,0,20,0,20,0,2,48,0,50,18,0,18,68
09/28/2003,MHK,KS,ACE,CE,Federal Contract Tower,0,6,19,0,25,0,0,33,2,35,0,6,52,2,60,2,0,2,62
09/29/2003,MHK,KS,ACE,CE,Federal Contract Tower,0,10,14,2,26,0,0,34,0,34,0,10,48,2,60,26,0,26,86
09/30/2003,MHK,KS,ACE,CE,Federal Contract Tower,0,8,16,6,30,0,0,6,0,6,0,8,22,6,36,0,0,0,36
10/01/2003,MHK,KS,ACE,CE,Federal Contract Tower,0,5,14,1,20,0,3,56,3,62,0,8,70,4,82,56,0,56,138
10/02/2003,MHK,KS,ACE,CE,Federal Contract Tower,0,5,16,2,23,0,1,65,6,72,0,6,81,8,95,62,6,68,163
10/03/2003,MHK,KS,ACE,CE,Federal Contract Tower,1,9,21,2,33,1,1,35,2,39,2,10,56,4,72,24,0,24,96
10/04/2003,MHK,KS,ACE,CE,Federal Contract Tower,0,2,9,0,11,0,0,34,2,36,0,2,43,2,47,54,0,54,101
10/05/2003,MHK,KS,ACE,CE,Federal Contract Tower,0,6,15,1,22,0,0,37,3,40,0,6,52,4,62,58,2,60,122
10/06/2003,MHK,KS,ACE,CE,Federal Contract Tower,0,7,17,1,25,0,5,23,3,31,0,12,40,4,56,54,2,56,112
10/07/2003,MHK,KS,ACE,CE,Federal Contract Tower,0,6,13,1,20,0,0,35,1,36,0,6,48,2,56,38,0,38,94
10/08/2003,MHK,KS,ACE,CE,Federal Contract Tower,0,6,19,1,26,0,0,16,0,16,0,6,35,1,42,12,0,12,54
10/09/2003,MHK,KS,ACE,CE,Federal Contract Tower,0,6,14,1,21,0,0,32,1,33,0,6,46,2,54,36,0,36,90
10/10/2003,MHK,KS,ACE,CE,Federal Contract Tower,0,6,23,0,29,2,0,25,0,27,2,6,48,0,56,34,0,34,90
10/11/2003,MHK,KS,ACE,CE,Federal Contract Tower,0,2,12,0,14,2,0,15,0,17,2,2,27,0,31,28,0,28,59
10/12/2003,MHK,KS,ACE,CE,Federal Contract Tower,0,5,8,1,14,0,2,42,7,51,0,7,50,8,65,40,0,40,105
10/13/2003,MHK,KS,ACE,CE,Federal Contract Tower,0,6,12,1,19,0,3,25,0,28,0,9,37,1,47,32,0,32,79
10/14/2003,MHK,KS,ACE,CE,Federal Contract Tower,0,6,12,2,20,0,1,46,3,50,0,7,58,5,70,62,12,74,144
10/15/2003,MHK,KS,ACE,CE,Federal Contract Tower,0,9,19,2,30,0,3,25,0,28,0,12,44,2,58,28,6,34,92
10/16/2003,MHK,KS,ACE,CE,Federal Contract Tower,0,6,12,0,18,0,4,30,0,34,0,10,42,0,52,26,0,26,78
10/17/2003,MHK,KS,ACE,CE,Federal Contract Tower,0,9,20,1,30,2,0,90,0,92,2,9,110,1,122,60,0,60,182
10/18/2003,MHK,KS,ACE,CE,Federal Contract Tower,0,4,16,0,20,1,0,82,0,83,1,4,98,0,103,44,0,44,147
10/19/2003,MHK,KS,ACE,CE,Federal Contract Tower,0,8,16,1,25,0,0,69,0,69,0,8,85,1,94,50,0,50,144
10/20/2003,MHK,KS,ACE,CE,Federal Contract Tower,0,7,15,2,24,0,1,41,0,42,0,8,56,2,66,40,0,40,106
10/21/2003,MHK,KS,ACE,CE,Federal Contract Tower,0,8,20,1,29,0,0,29,5,34,0,8,49,6,63,62,0,62,125
10/22/2003,MHK,KS,ACE,CE,Federal Contract Tower,0,9,18,1,28,0,1,38,1,40,0,10,56,2,68,70,0,70,138
10/23/2003,MHK,KS,ACE,CE,Federal Contract Tower,0,9,20,1,30,0,0,71,1,72,0,9,91,2,102,20,2,22,124
10/24/2003,MHK,KS,ACE,CE,Federal Contract Tower,0,7,16,1,24,0,1,46,1,48,0,8,62,2,72,26,0,26,98
10/25/2003,MHK,KS,ACE,CE,Federal Contract Tower,0,5,27,0,32,0,0,66,0,66,0,5,93,0,98,0,0,0,98
10/26/2003,MHK,KS,ACE,CE,Federal Contract Tower,0,8,18,1,27,0,1,42,1,44,0,9,60,2,71,44,0,44,115
10/27/2003,MHK,KS,ACE,CE,Federal Contract Tower,0,6,13,0,19,0,4,32,2,38,0,10,45,2,57,40,0,40,97
10/28/2003,MHK,KS,ACE,CE,Federal Contract Tower,0,6,14,1,21,0,0,23,3,26,0,6,37,4,47,28,0,28,75
10/29/2003,MHK,KS,ACE,CE,Federal Contract Tower,0,7,15,0,22,0,1,35,0,36,0,8,50,0,58,30,0,30,88
10/30/2003,MHK,KS,ACE,CE,Federal Contract Tower,0,8,22,1,31,0,0,24,1,25,0,8,46,2,56,12,0,12,68
10/31/2003,MHK,KS,ACE,CE,Federal Contract Tower,0,0,0,0,0,0,0,0,0,0,0,0,0,0,0,0,0,0,0
11/01/2003,MHK,KS,ACE,CE,Federal Contract Tower,1,2,17,1,21,0,0,30,1,31,1,2,47,2,52,22,0,22,74
11/02/2003,MHK,KS,ACE,CE,Federal Contract Tower,0,9,16,1,26,0,1,0,1,2,0,10,16,2,28,16,0,16,44
11/03/2003,MHK,KS,ACE,CE,Federal Contract Tower,0,5,9,0,14,0,2,0,0,2,0,7,9,0,16,0,0,0,16
11/04/2003,MHK,KS,ACE,CE,Federal Contract Tower,0,8,28,2,38,0,0,12,2,14,0,8,40,4,52,20,0,20,72
11/05/2003,MHK,KS,ACE,CE,Federal Contract Tower,0,5,13,0,18,0,1,18,0,19,0,6,31,0,37,14,0,14,51
11/06/2003,MHK,KS,ACE,CE,Federal Contract Tower,0,5,10,0,15,0,1,21,2,24,0,6,31,2,39,32,2,34,73
11/07/2003,MHK,KS,ACE,CE,Federal Contract Tower,0,8,21,2,31,2,0,49,0,51,2,8,70,2,82,20,2,22,104
11/08/2003,MHK,KS,ACE,CE,Federal Contract Tower,0,2,7,0,9,2,0,29,0,31,2,2,36,0,40,30,0,30,70
11/09/2003,MHK,KS,ACE,CE,Federal Contract Tower,0,5,8,0,13,0,1,28,0,29,0,6,36,0,42,30,0,30,72
11/10/2003,MHK,KS,ACE,CE,Federal Contract Tower,0,8,16,2,26,0,0,7,2,9,0,8,23,4,35,4,0,4,39
11/11/2003,MHK,KS,ACE,CE,Federal Contract Tower,0,10,23,0,33,0,0,47,0,47,0,10,70,0,80,98,0,98,178
11/12/2003,MHK,KS,ACE,CE,Federal Contract Tower,0,5,8,1,14,0,3,18,1,22,0,8,26,2,36,24,0,24,60
11/13/2003,MHK,KS,ACE,CE,Federal Contract Tower,0,8,16,2,26,0,0,24,2,26,0,8,40,4,52,20,4,24,76
11/14/2003,MHK,KS,ACE,CE,Federal Contract Tower,0,11,18,2,31,0,0,20,0,20,0,11,38,2,51,36,6,42,93
11/15/2003,MHK,KS,ACE,CE,Federal Contract Tower,0,2,6,0,8,0,0,34,0,34,0,2,40,0,42,32,0,32,74
11/16/2003,MHK,KS,ACE,CE,Federal Contract Tower,0,5,9,1,15,0,1,52,1,54,0,6,61,2,69,46,0,46,115
11/17/2003,MHK,KS,ACE,CE,Federal Contract Tower,0,6,12,2,20,0,2,5,0,7,0,8,17,2,27,0,0,0,27
11/18/2003,MHK,KS,ACE,CE,Federal Contract Tower,0,6,19,3,28,0,0,19,5,24,0,6,38,8,52,8,0,8,60
11/19/2003,MHK,KS,ACE,CE,Federal Contract Tower,0,6,11,1,18,0,4,41,9,54,0,10,52,10,72,36,0,36,108
11/20/2003,MHK,KS,ACE,CE,Federal Contract Tower,0,6,11,2,19,0,2,26,0,28,0,8,37,2,47,12,4,16,63
11/21/2003,MHK,KS,ACE,CE,Federal Contract Tower,0,6,10,1,17,1,2,32,1,36,1,8,42,2,53,56,0,56,109
11/22/2003,MHK,KS,ACE,CE,Federal Contract Tower,0,6,22,2,30,0,0,26,2,28,0,6,48,4,58,0,20,20,78
11/23/2003,MHK,KS,ACE,CE,Federal Contract Tower,0,7,13,1,21,0,3,3,1,7,0,10,16,2,28,4,0,4,32
11/24/2003,MHK,KS,ACE,CE,Federal Contract Tower,0,7,13,1,21,0,4,34,5,43,0,11,47,6,64,48,0,48,112
11/25/2003,MHK,KS,ACE,CE,Federal Contract Tower,0,10,18,1,29,0,1,25,1,27,0,11,43,2,56,26,0,26,82
11/26/2003,MHK,KS,ACE,CE,Federal Contract Tower,0,5,10,0,15,0,3,38,6,47,0,8,48,6,62,18,10,28,90
11/27/2003,MHK,KS,ACE,CE,Federal Contract Tower,0,3,5,0,8,0,3,12,0,15,0,6,17,0,23,0,0,0,23
11/28/2003,MHK,KS,ACE,CE,Federal Contract Tower,0,8,14,0,22,0,5,17,0,22,0,13,31,0,44,4,0,4,48
11/29/2003,MHK,KS,ACE,CE,Federal Contract Tower,0,3,5,0,8,0,0,17,2,19,0,3,22,2,27,6,0,6,33
11/30/2003,MHK,KS,ACE,CE,Federal Contract Tower,0,6,12,0,18,0,0,34,2,36,0,6,46,2,54,8,0,8,62
12/01/2003,MHK,KS,ACE,CE,Federal Contract Tower,0,7,11,2,20,0,1,16,15,32,0,8,27,17,52,42,0,42,94
12/02/2003,MHK,KS,ACE,CE,Federal Contract Tower,0,10,14,3,27,0,0,13,7,20,0,10,27,10,47,8,0,8,55
12/03/2003,MHK,KS,ACE,CE,Federal Contract Tower,0,8,12,0,20,0,0,5,0,5,0,8,17,0,25,8,16,24,49
12/04/2003,MHK,KS,ACE,CE,Federal Contract Tower,0,10,14,3,27,0,0,11,5,16,0,10,25,8,43,0,0,0,43
12/05/2003,MHK,KS,ACE,CE,Federal Contract Tower,0,8,17,2,27,0,0,12,6,18,0,8,29,8,45,16,0,16,61
12/06/2003,MHK,KS,ACE,CE,Federal Contract Tower,0,4,9,1,14,0,0,10,2,12,0,4,19,3,26,6,0,6,32
12/07/2003,MHK,KS,ACE,CE,Federal Contract Tower,0,5,8,0,13,0,2,51,0,53,0,7,59,0,66,28,0,28,94
12/08/2003,MHK,KS,ACE,CE,Federal Contract Tower,0,7,11,1,19,0,3,31,1,35,0,10,42,2,54,30,0,30,84
12/09/2003,MHK,KS,ACE,CE,Federal Contract Tower,0,0,5,0,5,0,0,6,0,6,0,0,11,0,11,0,0,0,11
12/10/2003,MHK,KS,ACE,CE,Federal Contract Tower,0,13,18,3,34,0,1,30,1,32,0,14,48,4,66,18,0,18,84
12/11/2003,MHK,KS,ACE,CE,Federal Contract Tower,0,8,11,3,22,0,0,15,7,22,0,8,26,10,44,16,8,24,68
12/12/2003,MHK,KS,ACE,CE,Federal Contract Tower,0,6,16,4,26,0,0,24,2,26,0,6,40,6,52,22,2,24,76
12/13/2003,MHK,KS,ACE,CE,Federal Contract Tower,0,8,10,0,18,0,1,2,0,3,0,9,12,0,21,0,0,0,21
12/14/2003,MHK,KS,ACE,CE,Federal Contract Tower,0,7,8,2,17,0,1,16,0,17,0,8,24,2,34,26,0,26,60
12/15/2003,MHK,KS,ACE,CE,Federal Contract Tower,0,8,10,3,21,0,0,7,7,14,0,8,17,10,35,8,0,8,43
12/16/2003,MHK,KS,ACE,CE,Federal Contract Tower,0,8,13,3,24,0,0,7,9,16,0,8,20,12,40,6,14,20,60
12/17/2003,MHK,KS,ACE,CE,Federal Contract Tower,0,8,17,4,29,0,0,26,10,36,0,8,43,14,65,46,14,60,125
12/18/2003,MHK,KS,ACE,CE,Federal Contract Tower,0,8,11,3,22,0,0,32,9,41,0,8,43,12,63,16,0,16,79
12/19/2003,MHK,KS,ACE,CE,Federal Contract Tower,0,6,12,3,21,0,0,34,7,41,0,6,46,10,62,36,2,38,100
12/20/2003,MHK,KS,ACE,CE,Federal Contract Tower,0,2,4,0,6,0,0,32,0,32,0,2,36,0,38,36,0,36,74
12/21/2003,MHK,KS,ACE,CE,Federal Contract Tower,0,8,12,2,22,0,1,28,0,29,0,9,40,2,51,26,0,26,77
12/22/2003,MHK,KS,ACE,CE,Federal Contract Tower,0,8,12,2,22,0,2,4,0,6,0,10,16,2,28,28,0,28,56
12/23/2003,MHK,KS,ACE,CE,Federal Contract Tower,0,6,9,1,16,0,0,18,5,23,0,6,27,6,39,6,0,6,45
12/24/2003,MHK,KS,ACE,CE,Federal Contract Tower,0,4,6,0,10,0,2,21,0,23,0,6,27,0,33,24,0,24,57
12/25/2003,MHK,KS,ACE,CE,Federal Contract Tower,0,6,8,1,15,0,4,4,1,9,0,10,12,2,24,0,0,0,24
12/26/2003,MHK,KS,ACE,CE,Federal Contract Tower,0,4,8,2,14,0,0,0,18,18,0,4,8,20,32,0,0,0,32
12/27/2003,MHK,KS,ACE,CE,Federal Contract Tower,0,5,7,1,13,0,3,21,1,25,0,8,28,2,38,28,0,28,66
12/28/2003,MHK,KS,ACE,CE,Federal Contract Tower,0,4,6,1,11,0,2,20,3,25,0,6,26,4,36,48,0,48,84
12/29/2003,MHK,KS,ACE,CE,Federal Contract Tower,0,5,8,0,13,2,3,18,0,23,2,8,26,0,36,30,0,30,66
12/30/2003,MHK,KS,ACE,CE,Federal Contract Tower,0,7,10,2,19,0,1,17,2,20,0,8,27,4,39,2,0,2,41
12/31/2003,MHK,KS,ACE,CE,Federal Contract Tower,0,6,9,0,15,4,0,23,0,27,4,6,32,0,42,4,0,4,46
01/01/2004,MHK,KS,ACE,CE,Federal Contract Tower,0,3,7,0,10,0,7,9,0,16,0,10,16,0,26,12,0,12,38
01/02/2004,MHK,KS,ACE,CE,Federal Contract Tower,0,3,7,0,10,0,5,18,0,23,0,8,25,0,33,4,0,4,37
01/03/2004,MHK,KS,ACE,CE,Federal Contract Tower,1,8,16,0,25,10,0,8,0,18,11,8,24,0,43,2,0,2,45
01/04/2004,MHK,KS,ACE,CE,Federal Contract Tower,0,6,11,2,19,0,2,1,0,3,0,8,12,2,22,6,0,6,28
01/05/2004,MHK,KS,ACE,CE,Federal Contract Tower,0,5,6,0,11,0,1,12,0,13,0,6,18,0,24,8,0,8,32
01/06/2004,MHK,KS,ACE,CE,Federal Contract Tower,0,3,6,2,11,0,0,17,2,19,0,3,23,4,30,16,4,20,50
01/07/2004,MHK,KS,ACE,CE,Federal Contract Tower,0,6,10,2,18,0,0,19,4,23,0,6,29,6,41,6,0,6,47
01/08/2004,MHK,KS,ACE,CE,Federal Contract Tower,0,8,12,3,23,0,0,18,8,26,0,8,30,11,49,16,8,24,73
01/09/2004,MHK,KS,ACE,CE,Federal Contract Tower,0,8,12,3,23,0,0,12,5,17,0,8,24,8,40,18,0,18,58
01/10/2004,MHK,KS,ACE,CE,Federal Contract Tower,0,4,5,0,9,0,0,31,0,31,0,4,36,0,40,24,0,24,64
01/11/2004,MHK,KS,ACE,CE,Federal Contract Tower,0,6,7,2,15,0,0,21,4,25,0,6,28,6,40,2,12,14,54
01/12/2004,MHK,KS,ACE,CE,Federal Contract Tower,0,6,7,2,15,0,2,20,6,28,0,8,27,8,43,28,0,28,71
01/13/2004,MHK,KS,ACE,CE,Federal Contract Tower,0,8,10,0,18,0,0,24,0,24,0,8,34,0,42,58,0,58,100
01/14/2004,MHK,KS,ACE,CE,Federal Contract Tower,0,6,7,2,15,0,2,10,12,24,0,8,17,14,39,50,2,52,91
01/15/2004,MHK,KS,ACE,CE,Federal Contract Tower,0,6,8,1,15,0,3,18,5,26,0,9,26,6,41,24,0,24,65
01/16/2004,MHK,KS,ACE,CE,Federal Contract Tower,0,8,11,0,19,0,1,1,0,2,0,9,12,0,21,0,0,0,21
01/17/2004,MHK,KS,ACE,CE,Federal Contract Tower,0,2,6,0,8,0,0,2,2,4,0,2,8,2,12,0,0,0,12
01/18/2004,MHK,KS,ACE,CE,Federal Contract Tower,0,5,8,1,14,0,1,36,3,40,0,6,44,4,54,56,0,56,110
01/19/2004,MHK,KS,ACE,CE,Federal Contract Tower,0,7,10,0,17,0,1,29,0,30,0,8,39,0,47,30,0,30,77
01/20/2004,MHK,KS,ACE,CE,Federal Contract Tower,0,10,16,2,28,0,0,18,6,24,0,10,34,8,52,36,0,36,88
01/21/2004,MHK,KS,ACE,CE,Federal Contract Tower,0,8,12,1,21,0,0,18,3,21,0,8,30,4,42,2,0,2,44
01/22/2004,MHK,KS,ACE,CE,Federal Contract Tower,0,10,15,2,27,0,0,11,12,23,0,10,26,14,50,16,0,16,66
01/23/2004,MHK,KS,ACE,CE,Federal Contract Tower,0,8,12,1,21,0,0,20,15,35,0,8,32,16,56,22,0,22,78
01/24/2004,MHK,KS,ACE,CE,Federal Contract Tower,0,2,7,1,10,0,0,35,3,38,0,2,42,4,48,30,0,30,78
01/25/2004,MHK,KS,ACE,CE,Federal Contract Tower,0,1,0,0,1,0,3,0,0,3,0,4,0,0,4,0,0,0,4
01/26/2004,MHK,KS,ACE,CE,Federal Contract Tower,0,4,3,0,7,0,1,0,4,5,0,5,3,4,12,0,0,0,12
01/27/2004,MHK,KS,ACE,CE,Federal Contract Tower,0,7,11,1,19,0,0,19,3,22,0,7,30,4,41,32,0,32,73
01/28/2004,MHK,KS,ACE,CE,Federal Contract Tower,0,8,18,2,28,0,0,25,4,29,0,8,43,6,57,24,0,24,81
01/29/2004,MHK,KS,ACE,CE,Federal Contract Tower,0,12,16,2,30,0,0,9,2,11,0,12,25,4,41,10,0,10,51
01/30/2004,MHK,KS,ACE,CE,Federal Contract Tower,0,13,19,3,35,0,0,24,1,25,0,13,43,4,60,46,0,46,106
01/31/2004,MHK,KS,ACE,CE,Federal Contract Tower,0,6,14,0,20,0,0,11,0,11,0,6,25,0,31,12,0,12,43
02/01/2004,MHK,KS,ACE,CE,Federal Contract Tower,0,0,1,0,1,0,0,1,0,1,0,0,2,0,2,0,0,0,2
02/02/2004,MHK,KS,ACE,CE,Federal Contract Tower,0,4,6,0,10,0,0,9,0,9,0,4,15,0,19,0,0,0,19
02/03/2004,MHK,KS,ACE,CE,Federal Contract Tower,0,8,14,2,24,0,0,33,0,33,0,8,47,2,57,60,0,60,117
02/04/2004,MHK,KS,ACE,CE,Federal Contract Tower,0,6,8,0,14,0,0,3,0,3,0,6,11,0,17,0,0,0,17
02/05/2004,MHK,KS,ACE,CE,Federal Contract Tower,0,0,4,0,4,0,0,7,0,7,0,0,11,0,11,10,0,10,21
02/06/2004,MHK,KS,ACE,CE,Federal Contract Tower,0,8,13,1,22,0,0,4,0,4,0,8,17,1,26,2,0,2,28
02/07/2004,MHK,KS,ACE,CE,Federal Contract Tower,0,3,6,0,9,0,0,25,2,27,0,3,31,2,36,6,0,6,42
02/08/2004,MHK,KS,ACE,CE,Federal Contract Tower,0,8,11,2,21,0,1,6,4,11,0,9,17,6,32,10,0,10,42
02/09/2004,MHK,KS,ACE,CE,Federal Contract Tower,0,7,10,2,19,0,3,16,0,19,0,10,26,2,38,6,0,6,44
02/10/2004,MHK,KS,ACE,CE,Federal Contract Tower,0,8,12,2,22,0,0,22,2,24,0,8,34,4,46,114,0,114,160
02/11/2004,MHK,KS,ACE,CE,Federal Contract Tower,0,8,13,3,24,0,0,19,3,22,0,8,32,6,46,30,0,30,76
02/12/2004,MHK,KS,ACE,CE,Federal Contract Tower,0,6,10,2,18,0,0,18,2,20,0,6,28,4,38,50,6,56,94
02/13/2004,MHK,KS,ACE,CE,Federal Contract Tower,0,7,13,2,22,0,0,32,4,36,0,7,45,6,58,10,2,12,70
02/14/2004,MHK,KS,ACE,CE,Federal Contract Tower,0,2,4,0,6,0,0,42,2,44,0,2,46,2,50,40,0,40,90
02/15/2004,MHK,KS,ACE,CE,Federal Contract Tower,0,4,6,0,10,0,2,46,0,48,0,6,52,0,58,40,0,40,98
02/16/2004,MHK,KS,ACE,CE,Federal Contract Tower,0,6,10,2,18,0,0,12,2,14,0,6,22,4,32,12,0,12,44
02/17/2004,MHK,KS,ACE,CE,Federal Contract Tower,0,7,12,2,21,0,0,20,0,20,0,7,32,2,41,72,0,72,113
02/18/2004,MHK,KS,ACE,CE,Federal Contract Tower,0,9,13,2,24,0,1,29,2,32,0,10,42,4,56,58,0,58,114
02/19/2004,MHK,KS,ACE,CE,Federal Contract Tower,0,8,13,2,23,0,0,28,0,28,0,8,41,2,51,34,0,34,85
02/20/2004,MHK,KS,ACE,CE,Federal Contract Tower,0,7,10,2,19,0,4,10,6,20,0,11,20,8,39,4,0,4,43
02/21/2004,MHK,KS,ACE,CE,Federal Contract Tower,0,4,6,0,10,0,0,53,4,57,0,4,59,4,67,74,0,74,141
02/22/2004,MHK,KS,ACE,CE,Federal Contract Tower,0,8,13,1,22,0,0,25,2,27,0,8,38,3,49,42,0,42,91
02/23/2004,MHK,KS,ACE,CE,Federal Contract Tower,0,11,18,2,31,0,2,6,2,10,0,13,24,4,41,22,0,22,63
02/24/2004,MHK,KS,ACE,CE,Federal Contract Tower,0,8,14,1,23,0,0,19,1,20,0,8,33,2,43,60,0,60,103
02/25/2004,MHK,KS,ACE,CE,Federal Contract Tower,0,8,15,2,25,0,0,25,3,28,0,8,40,5,53,86,0,86,139
02/26/2004,MHK,KS,ACE,CE,Federal Contract Tower,0,9,15,2,26,0,0,39,4,43,0,9,54,6,69,44,2,46,115
02/27/2004,MHK,KS,ACE,CE,Federal Contract Tower,0,6,10,1,17,0,4,17,3,24,0,10,27,4,41,12,2,14,55
02/28/2004,MHK,KS,ACE,CE,Federal Contract Tower,0,4,8,1,13,0,0,20,1,21,0,4,28,2,34,6,0,6,40
02/29/2004,MHK,KS,ACE,CE,Federal Contract Tower,0,4,8,0,12,0,2,7,0,9,0,6,15,0,21,4,0,4,25
03/01/2004,MHK,KS,ACE,CE,Federal Contract Tower,0,5,7,0,12,0,3,9,0,12,0,8,16,0,24,6,0,6,30
03/02/2004,MHK,KS,ACE,CE,Federal Contract Tower,0,7,12,2,21,0,4,32,0,36,0,11,44,2,57,96,0,96,153
03/03/2004,MHK,KS,ACE,CE,Federal Contract Tower,0,11,21,2,34,0,0,5,0,5,0,11,26,2,39,0,0,0,39
03/04/2004,MHK,KS,ACE,CE,Federal Contract Tower,0,7,11,2,20,0,0,3,0,3,0,7,14,2,23,0,0,0,23
03/05/2004,MHK,KS,ACE,CE,Federal Contract Tower,0,10,15,2,27,0,0,12,5,17,0,10,27,7,44,32,0,32,76
03/06/2004,MHK,KS,ACE,CE,Federal Contract Tower,0,6,9,0,15,0,0,29,0,29,0,6,38,0,44,14,0,14,58
03/07/2004,MHK,KS,ACE,CE,Federal Contract Tower,0,6,8,0,14,0,0,28,0,28,0,6,36,0,42,10,0,10,52
03/08/2004,MHK,KS,ACE,CE,Federal Contract Tower,0,7,7,1,15,0,3,27,3,33,0,10,34,4,48,10,0,10,58
03/09/2004,MHK,KS,ACE,CE,Federal Contract Tower,0,11,12,2,25,0,0,51,0,51,0,11,63,2,76,74,0,74,150
03/10/2004,MHK,KS,ACE,CE,Federal Contract Tower,0,7,8,1,16,0,1,20,9,30,0,8,28,10,46,0,6,6,52
03/11/2004,MHK,KS,ACE,CE,Federal Contract Tower,0,9,9,3,21,0,0,51,1,52,0,9,60,4,73,86,2,88,161
03/12/2004,MHK,KS,ACE,CE,Federal Contract Tower,0,9,10,3,22,0,4,69,1,74,0,13,79,4,96,84,2,86,182
03/13/2004,MHK,KS,ACE,CE,Federal Contract Tower,0,5,8,0,13,0,0,5,0,5,0,5,13,0,18,0,0,0,18
03/14/2004,MHK,KS,ACE,CE,Federal Contract Tower,0,6,7,0,13,0,0,41,6,47,0,6,48,6,60,90,0,90,150
03/15/2004,MHK,KS,ACE,CE,Federal Contract Tower,0,7,9,0,16,0,2,17,0,19,0,9,26,0,35,32,0,32,67
03/16/2004,MHK,KS,ACE,CE,Federal Contract Tower,0,10,14,2,26,0,0,26,4,30,0,10,40,6,56,80,0,80,136
03/17/2004,MHK,KS,ACE,CE,Federal Contract Tower,0,10,12,1,23,0,0,24,0,24,0,10,36,1,47,20,0,20,67
03/18/2004,MHK,KS,ACE,CE,Federal Contract Tower,0,8,12,1,21,0,0,37,6,43,0,8,49,7,64,78,0,78,142
03/19/2004,MHK,KS,ACE,CE,Federal Contract Tower,0,10,13,1,24,1,0,20,3,24,1,10,33,4,48,22,0,22,70
03/20/2004,MHK,KS,ACE,CE,Federal Contract Tower,0,2,6,0,8,2,0,11,2,15,2,2,17,2,23,20,4,24,47
03/21/2004,MHK,KS,ACE,CE,Federal Contract Tower,0,6,11,1,18,0,0,42,5,47,0,6,53,6,65,24,6,30,95
03/22/2004,MHK,KS,ACE,CE,Federal Contract Tower,0,9,11,1,21,0,3,36,1,40,0,12,47,2,61,10,0,10,71
03/23/2004,MHK,KS,ACE,CE,Federal Contract Tower,0,7,9,0,16,0,1,23,0,24,0,8,32,0,40,22,0,22,62
03/24/2004,MHK,KS,ACE,CE,Federal Contract Tower,0,8,14,1,23,4,0,26,1,31,4,8,40,2,54,26,0,26,80
03/25/2004,MHK,KS,ACE,CE,Federal Contract Tower,0,8,12,1,21,0,0,12,1,13,0,8,24,2,34,16,0,16,50
03/26/2004,MHK,KS,ACE,CE,Federal Contract Tower,0,8,10,0,18,0,0,13,0,13,0,8,23,0,31,4,0,4,35
03/27/2004,MHK,KS,ACE,CE,Federal Contract Tower,0,2,5,0,7,0,0,9,0,9,0,2,14,0,16,16,0,16,32
03/28/2004,MHK,KS,ACE,CE,Federal Contract Tower,0,6,11,1,18,0,0,44,1,45,0,6,55,2,63,8,4,12,75
03/29/2004,MHK,KS,ACE,CE,Federal Contract Tower,0,7,10,1,18,0,1,22,1,24,0,8,32,2,42,24,0,24,66
03/30/2004,MHK,KS,ACE,CE,Federal Contract Tower,0,5,7,0,12,0,3,27,2,32,0,8,34,2,44,42,0,42,86
03/31/2004,MHK,KS,ACE,CE,Federal Contract Tower,0,7,10,1,18,0,1,53,3,57,0,8,63,4,75,42,0,42,117
04/01/2004,MHK,KS,ACE,CE,Federal Contract Tower,0,6,14,2,22,0,0,74,6,80,0,6,88,8,102,74,0,74,176
04/02/2004,MHK,KS,ACE,CE,Federal Contract Tower,0,4,9,1,14,0,0,48,1,49,0,4,57,2,63,54,0,54,117
04/03/2004,MHK,KS,ACE,CE,Federal Contract Tower,0,2,8,0,10,0,0,55,0,55,0,2,63,0,65,30,0,30,95
04/04/2004,MHK,KS,ACE,CE,Federal Contract Tower,0,3,5,1,9,0,3,48,1,52,0,6,53,2,61,36,0,36,97
04/05/2004,MHK,KS,ACE,CE,Federal Contract Tower,0,5,8,0,13,0,5,16,0,21,0,10,24,0,34,8,0,8,42
04/06/2004,MHK,KS,ACE,CE,Federal Contract Tower,0,5,7,2,14,0,3,37,0,40,0,8,44,2,54,48,26,74,128
04/07/2004,MHK,KS,ACE,CE,Federal Contract Tower,0,6,12,2,20,0,0,26,6,32,0,6,38,8,52,12,0,12,64
04/08/2004,MHK,KS,ACE,CE,Federal Contract Tower,0,9,14,2,25,0,2,48,0,50,0,11,62,2,75,82,0,82,157
04/09/2004,MHK,KS,ACE,CE,Federal Contract Tower,0,6,9,2,17,0,2,21,0,23,0,8,30,2,40,30,0,30,70
04/10/2004,MHK,KS,ACE,CE,Federal Contract Tower,0,2,4,0,6,0,0,24,0,24,0,2,28,0,30,26,0,26,56
04/11/2004,MHK,KS,ACE,CE,Federal Contract Tower,0,4,5,0,9,0,2,30,0,32,0,6,35,0,41,12,0,12,53
04/12/2004,MHK,KS,ACE,CE,Federal Contract Tower,0,10,16,0,26,0,0,31,0,31,0,10,47,0,57,28,0,28,85
04/13/2004,MHK,KS,ACE,CE,Federal Contract Tower,0,8,18,3,29,0,0,29,7,36,0,8,47,10,65,22,2,24,89
04/14/2004,MHK,KS,ACE,CE,Federal Contract Tower,0,7,10,2,19,0,1,30,2,33,0,8,40,4,52,36,0,36,88
04/15/2004,MHK,KS,ACE,CE,Federal Contract Tower,0,8,12,2,22,0,2,57,2,61,0,10,69,4,83,52,0,52,135
04/16/2004,MHK,KS,ACE,CE,Federal Contract Tower,0,8,19,2,29,0,0,45,9,54,0,8,64,11,83,46,0,46,129
04/17/2004,MHK,KS,ACE,CE,Federal Contract Tower,0,1,2,0,3,0,1,34,3,38,0,2,36,3,41,18,0,18,59
04/18/2004,MHK,KS,ACE,CE,Federal Contract Tower,0,6,12,1,19,0,0,8,4,12,0,6,20,5,31,0,0,0,31
04/19/2004,MHK,KS,ACE,CE,Federal Contract Tower,0,5,10,1,16,0,3,46,3,52,0,8,56,4,68,64,0,64,132
04/20/2004,MHK,KS,ACE,CE,Federal Contract Tower,0,8,15,2,25,0,0,25,0,25,0,8,40,2,50,30,0,30,80
04/21/2004,MHK,KS,ACE,CE,Federal Contract Tower,0,8,14,2,24,0,2,31,4,37,0,10,45,6,61,18,2,20,81
04/22/2004,MHK,KS,ACE,CE,Federal Contract Tower,0,8,20,2,30,0,0,9,2,11,0,8,29,4,41,0,0,0,41
04/23/2004,MHK,KS,ACE,CE,Federal Contract Tower,0,8,15,2,25,0,0,21,2,23,0,8,36,4,48,40,0,40,88
04/24/2004,MHK,KS,ACE,CE,Federal Contract Tower,0,4,12,0,16,0,0,12,0,12,0,4,24,0,28,0,0,0,28
04/25/2004,MHK,KS,ACE,CE,Federal Contract Tower,0,4,7,1,12,0,2,33,0,35,0,6,40,1,47,14,0,14,61
04/26/2004,MHK,KS,ACE,CE,Federal Contract Tower,0,9,15,2,26,0,1,35,1,37,0,10,50,3,63,14,0,14,77
04/27/2004,MHK,KS,ACE,CE,Federal Contract Tower,0,6,10,1,17,0,2,31,11,44,0,8,41,12,61,20,0,20,81
04/28/2004,MHK,KS,ACE,CE,Federal Contract Tower,0,6,10,1,17,0,2,13,7,22,0,8,23,8,39,0,0,0,39
04/29/2004,MHK,KS,ACE,CE,Federal Contract Tower,0,12,23,3,38,0,0,13,2,15,0,12,36,5,53,0,0,0,53
04/30/2004,MHK,KS,ACE,CE,Federal Contract Tower,0,8,15,2,25,0,0,0,8,8,0,8,15,10,33,6,0,6,39
05/01/2004,MHK,KS,ACE,CE,Federal Contract Tower,0,3,11,2,16,0,1,50,0,51,0,4,61,2,67,14,0,14,81
05/02/2004,MHK,KS,ACE,CE,Federal Contract Tower,0,6,13,2,21,0,2,47,2,51,0,8,60,4,72,8,0,8,80
05/03/2004,MHK,KS,ACE,CE,Federal Contract Tower,0,6,14,1,21,0,0,36,0,36,0,6,50,1,57,66,0,66,123
05/04/2004,MHK,KS,ACE,CE,Federal Contract Tower,0,8,17,3,28,0,0,40,0,40,0,8,57,3,68,98,0,98,166
05/05/2004,MHK,KS,ACE,CE,Federal Contract Tower,0,10,21,3,34,0,0,43,7,50,0,10,64,10,84,58,0,58,142
05/06/2004,MHK,KS,ACE,CE,Federal Contract Tower,0,9,16,2,27,0,1,26,6,33,0,10,42,8,60,24,0,24,84
05/07/2004,MHK,KS,ACE,CE,Federal Contract Tower,0,8,23,3,34,0,0,40,10,50,0,8,63,13,84,16,0,16,100
05/08/2004,MHK,KS,ACE,CE,Federal Contract Tower,0,2,10,2,14,0,0,30,2,32,0,2,40,4,46,22,0,22,68
05/09/2004,MHK,KS,ACE,CE,Federal Contract Tower,0,6,20,0,26,0,0,25,0,25,0,6,45,0,51,10,0,10,61
05/10/2004,MHK,KS,ACE,CE,Federal Contract Tower,0,6,13,0,19,0,3,15,0,18,0,9,28,0,37,22,0,22,59
05/11/2004,MHK,KS,ACE,CE,Federal Contract Tower,0,9,18,3,30,0,3,10,5,18,0,12,28,8,48,52,2,54,102
05/12/2004,MHK,KS,ACE,CE,Federal Contract Tower,0,8,27,0,35,0,0,20,0,20,0,8,47,0,55,38,0,38,93
05/13/2004,MHK,KS,ACE,CE,Federal Contract Tower,0,8,16,0,24,0,0,3,0,3,0,8,19,0,27,0,0,0,27
05/14/2004,MHK,KS,ACE,CE,Federal Contract Tower,0,7,24,2,33,0,0,66,0,66,0,7,90,2,99,40,0,40,139
05/15/2004,MHK,KS,ACE,CE,Federal Contract Tower,0,2,8,0,10,0,0,46,2,48,0,2,54,2,58,42,0,42,100
05/16/2004,MHK,KS,ACE,CE,Federal Contract Tower,0,6,12,1,19,0,0,44,3,47,0,6,56,4,66,34,0,34,100
05/17/2004,MHK,KS,ACE,CE,Federal Contract Tower,0,6,12,1,19,0,3,23,1,27,0,9,35,2,46,38,0,38,84
05/18/2004,MHK,KS,ACE,CE,Federal Contract Tower,0,8,19,2,29,0,0,24,0,24,0,8,43,2,53,64,2,66,119
05/19/2004,MHK,KS,ACE,CE,Federal Contract Tower,0,8,19,2,29,0,0,40,7,47,0,8,59,9,76,54,0,54,130
05/20/2004,MHK,KS,ACE,CE,Federal Contract Tower,0,8,20,2,30,0,0,28,14,42,0,8,48,16,72,52,28,80,152
05/21/2004,MHK,KS,ACE,CE,Federal Contract Tower,0,7,15,1,23,0,3,14,4,21,0,10,29,5,44,22,4,26,70
05/22/2004,MHK,KS,ACE,CE,Federal Contract Tower,0,4,13,1,18,0,0,39,0,39,0,4,52,1,57,24,0,24,81
05/23/2004,MHK,KS,ACE,CE,Federal Contract Tower,0,3,6,0,9,0,3,38,0,41,0,6,44,0,50,30,0,30,80
05/24/2004,MHK,KS,ACE,CE,Federal Contract Tower,0,7,15,1,23,0,3,1,1,5,0,10,16,2,28,24,0,24,52
05/25/2004,MHK,KS,ACE,CE,Federal Contract Tower,0,7,15,1,23,0,1,39,1,41,0,8,54,2,64,50,0,50,114
05/26/2004,MHK,KS,ACE,CE,Federal Contract Tower,0,8,19,2,29,0,0,37,2,39,0,8,56,4,68,76,4,80,148
05/27/2004,MHK,KS,ACE,CE,Federal Contract Tower,0,8,17,0,25,0,0,41,0,41,0,8,58,0,66,66,0,66,132
05/28/2004,MHK,KS,ACE,CE,Federal Contract Tower,0,4,11,0,15,0,4,54,0,58,0,8,65,0,73,32,0,32,105
05/29/2004,MHK,KS,ACE,CE,Federal Contract Tower,0,2,7,0,9,0,0,13,0,13,0,2,20,0,22,8,0,8,30
05/30/2004,MHK,KS,ACE,CE,Federal Contract Tower,0,4,8,0,12,0,4,32,0,36,0,8,40,0,48,0,0,0,48
05/31/2004,MHK,KS,ACE,CE,Federal Contract Tower,0,7,14,0,21,0,1,40,0,41,0,8,54,0,62,36,0,36,98
06/01/2004,MHK,KS,ACE,CE,Federal Contract Tower,0,10,17,1,28,0,0,25,3,28,0,10,42,4,56,8,0,8,64
06/02/2004,MHK,KS,ACE,CE,Federal Contract Tower,0,8,12,0,20,0,0,34,0,34,0,8,46,0,54,22,0,22,76
06/03/2004,MHK,KS,ACE,CE,Federal Contract Tower,0,7,12,1,20,0,1,22,3,26,0,8,34,4,46,6,0,6,52
06/04/2004,MHK,KS,ACE,CE,Federal Contract Tower,0,8,14,1,23,0,0,14,5,19,0,8,28,6,42,0,0,0,42
06/05/2004,MHK,KS,ACE,CE,Federal Contract Tower,0,2,4,1,7,0,0,14,1,15,0,2,18,2,22,0,0,0,22
06/06/2004,MHK,KS,ACE,CE,Federal Contract Tower,0,6,11,0,17,0,0,38,0,38,0,6,49,0,55,30,0,30,85
06/07/2004,MHK,KS,ACE,CE,Federal Contract Tower,0,8,15,0,23,0,2,27,0,29,0,10,42,0,52,6,0,6,58
06/08/2004,MHK,KS,ACE,CE,Federal Contract Tower,0,8,16,2,26,0,0,19,0,19,0,8,35,2,45,0,0,0,45
06/09/2004,MHK,KS,ACE,CE,Federal Contract Tower,0,10,18,2,30,0,0,17,0,17,0,10,35,2,47,40,0,40,87
06/10/2004,MHK,KS,ACE,CE,Federal Contract Tower,0,10,22,2,34,0,0,23,2,25,0,10,45,4,59,36,4,40,99
06/11/2004,MHK,KS,ACE,CE,Federal Contract Tower,0,8,14,0,22,0,1,34,0,35,0,9,48,0,57,64,0,64,121
06/12/2004,MHK,KS,ACE,CE,Federal Contract Tower,0,2,5,1,8,0,0,47,1,48,0,2,52,2,56,8,0,8,64
06/13/2004,MHK,KS,ACE,CE,Federal Contract Tower,0,6,9,0,15,0,0,27,0,27,0,6,36,0,42,36,0,36,78
06/14/2004,MHK,KS,ACE,CE,Federal Contract Tower,0,7,13,0,20,0,1,17,0,18,0,8,30,0,38,2,0,2,40
06/15/2004,MHK,KS,ACE,CE,Federal Contract Tower,0,6,9,1,16,0,2,26,1,29,0,8,35,2,45,26,0,26,71
06/16/2004,MHK,KS,ACE,CE,Federal Contract Tower,0,4,6,0,10,0,4,24,0,28,0,8,30,0,38,26,0,26,64
06/17/2004,MHK,KS,ACE,CE,Federal Contract Tower,0,6,17,0,23,0,0,30,0,30,0,6,47,0,53,30,0,30,83
06/18/2004,MHK,KS,ACE,CE,Federal Contract Tower,0,8,31,1,40,0,0,28,0,28,0,8,59,1,68,26,0,26,94
06/19/2004,MHK,KS,ACE,CE,Federal Contract Tower,0,2,11,0,13,0,0,55,4,59,0,2,66,4,72,82,0,82,154
06/20/2004,MHK,KS,ACE,CE,Federal Contract Tower,0,6,11,0,17,0,0,26,0,26,0,6,37,0,43,42,0,42,85
06/21/2004,MHK,KS,ACE,CE,Federal Contract Tower,0,9,21,1,31,0,0,38,7,45,0,9,59,8,76,34,0,34,110
06/22/2004,MHK,KS,ACE,CE,Federal Contract Tower,0,12,24,2,38,0,3,53,8,64,0,15,77,10,102,102,4,106,208
06/23/2004,MHK,KS,ACE,CE,Federal Contract Tower,0,7,15,1,23,0,1,29,3,33,0,8,44,4,56,48,0,48,104
06/24/2004,MHK,KS,ACE,CE,Federal Contract Tower,0,7,13,1,21,0,5,32,1,38,0,12,45,2,59,46,2,48,107
06/25/2004,MHK,KS,ACE,CE,Federal Contract Tower,0,9,18,1,28,0,1,32,2,35,0,10,50,3,63,8,6,14,77
06/26/2004,MHK,KS,ACE,CE,Federal Contract Tower,0,2,6,0,8,0,0,40,0,40,0,2,46,0,48,28,0,28,76
06/27/2004,MHK,KS,ACE,CE,Federal Contract Tower,0,8,16,1,25,0,0,7,1,8,0,8,23,2,33,0,0,0,33
06/28/2004,MHK,KS,ACE,CE,Federal Contract Tower,0,8,16,1,25,0,1,39,9,49,0,9,55,10,74,68,0,68,142
06/29/2004,MHK,KS,ACE,CE,Federal Contract Tower,0,6,12,1,19,0,3,42,6,51,0,9,54,7,70,76,14,90,160
06/30/2004,MHK,KS,ACE,CE,Federal Contract Tower,0,7,14,1,22,0,2,41,7,50,0,9,55,8,72,28,0,28,100
07/01/2004,MHK,KS,ACE,CE,Federal Contract Tower,0,10,21,0,31,0,0,17,0,17,0,10,38,0,48,62,0,62,110
07/02/2004,MHK,KS,ACE,CE,Federal Contract Tower,0,8,14,2,24,0,2,2,0,4,0,10,16,2,28,0,0,0,28
07/03/2004,MHK,KS,ACE,CE,Federal Contract Tower,0,2,5,1,8,0,0,16,3,19,0,2,21,4,27,8,0,8,35
07/04/2004,MHK,KS,ACE,CE,Federal Contract Tower,0,5,8,0,13,0,3,28,0,31,0,8,36,0,44,42,0,42,86
07/05/2004,MHK,KS,ACE,CE,Federal Contract Tower,0,9,12,1,22,0,1,25,1,27,0,10,37,2,49,8,2,10,59
07/06/2004,MHK,KS,ACE,CE,Federal Contract Tower,0,8,11,1,20,0,0,30,1,31,0,8,41,2,51,74,0,74,125
07/07/2004,MHK,KS,ACE,CE,Federal Contract Tower,0,8,11,0,19,0,0,57,0,57,0,8,68,0,76,76,0,76,152
07/08/2004,MHK,KS,ACE,CE,Federal Contract Tower,0,7,11,0,18,0,1,28,0,29,0,8,39,0,47,22,0,22,69
07/09/2004,MHK,KS,ACE,CE,Federal Contract Tower,0,8,13,2,23,0,1,10,1,12,0,9,23,3,35,6,0,6,41
07/10/2004,MHK,KS,ACE,CE,Federal Contract Tower,0,2,5,0,7,0,0,41,0,41,0,2,46,0,48,16,0,16,64
07/11/2004,MHK,KS,ACE,CE,Federal Contract Tower,0,6,10,1,17,0,0,28,1,29,0,6,38,2,46,26,0,26,72
07/12/2004,MHK,KS,ACE,CE,Federal Contract Tower,0,5,7,1,13,0,3,26,1,30,0,8,33,2,43,34,0,34,77
07/13/2004,MHK,KS,ACE,CE,Federal Contract Tower,0,7,10,1,18,0,1,51,7,59,0,8,61,8,77,94,0,94,171
07/14/2004,MHK,KS,ACE,CE,Federal Contract Tower,0,8,18,2,28,0,0,32,8,40,0,8,50,10,68,76,0,76,144
07/15/2004,MHK,KS,ACE,CE,Federal Contract Tower,0,8,13,2,23,0,0,51,4,55,0,8,64,6,78,16,0,16,94
07/16/2004,MHK,KS,ACE,CE,Federal Contract Tower,0,8,17,2,27,0,0,29,2,31,0,8,46,4,58,24,2,26,84
07/17/2004,MHK,KS,ACE,CE,Federal Contract Tower,0,2,3,0,5,0,0,49,0,49,0,2,52,0,54,84,0,84,138
07/18/2004,MHK,KS,ACE,CE,Federal Contract Tower,0,6,11,0,17,0,0,29,0,29,0,6,40,0,46,22,0,22,68
07/19/2004,MHK,KS,ACE,CE,Federal Contract Tower,0,8,15,1,24,0,0,44,1,45,0,8,59,2,69,60,0,60,129
07/20/2004,MHK,KS,ACE,CE,Federal Contract Tower,0,6,11,0,17,0,2,33,6,41,0,8,44,6,58,70,0,70,128
07/21/2004,MHK,KS,ACE,CE,Federal Contract Tower,0,8,18,1,27,0,0,28,3,31,0,8,46,4,58,66,0,66,124
07/22/2004,MHK,KS,ACE,CE,Federal Contract Tower,0,7,11,0,18,0,1,36,0,37,0,8,47,0,55,34,0,34,89
07/23/2004,MHK,KS,ACE,CE,Federal Contract Tower,0,8,16,1,25,0,0,2,0,2,0,8,18,1,27,18,0,18,45
07/24/2004,MHK,KS,ACE,CE,Federal Contract Tower,0,2,12,0,14,0,0,9,0,9,0,2,21,0,23,0,0,0,23
07/25/2004,MHK,KS,ACE,CE,Federal Contract Tower,0,7,11,0,18,0,0,30,1,31,0,7,41,1,49,28,0,28,77
07/26/2004,MHK,KS,ACE,CE,Federal Contract Tower,0,9,16,0,25,0,6,44,0,50,0,15,60,0,75,28,0,28,103
07/27/2004,MHK,KS,ACE,CE,Federal Contract Tower,0,7,11,0,18,0,1,40,0,41,0,8,51,0,59,26,0,26,85
07/28/2004,MHK,KS,ACE,CE,Federal Contract Tower,0,8,18,1,27,0,0,8,10,18,0,8,26,11,45,10,0,10,55
07/29/2004,MHK,KS,ACE,CE,Federal Contract Tower,0,9,15,1,25,0,1,31,3,35,0,10,46,4,60,26,0,26,86
07/30/2004,MHK,KS,ACE,CE,Federal Contract Tower,0,8,16,1,25,0,0,22,10,32,0,8,38,11,57,6,0,6,63
07/31/2004,MHK,KS,ACE,CE,Federal Contract Tower,0,2,8,0,10,0,0,57,4,61,0,2,65,4,71,40,0,40,111
08/01/2004,MHK,KS,ACE,CE,Federal Contract Tower,0,6,11,0,17,0,0,32,1,33,0,6,43,1,50,22,0,22,72
08/02/2004,MHK,KS,ACE,CE,Federal Contract Tower,0,8,14,0,22,0,0,30,0,30,0,8,44,0,52,14,0,14,66
08/03/2004,MHK,KS,ACE,CE,Federal Contract Tower,0,8,15,0,23,0,2,14,4,20,0,10,29,4,43,16,0,16,59
08/04/2004,MHK,KS,ACE,CE,Federal Contract Tower,1,8,15,0,24,0,0,24,9,33,1,8,39,9,57,16,0,16,73
08/05/2004,MHK,KS,ACE,CE,Federal Contract Tower,8,12,21,1,42,1,0,26,3,30,9,12,47,4,72,40,0,40,112
08/06/2004,MHK,KS,ACE,CE,Federal Contract Tower,0,7,12,0,19,0,3,40,0,43,0,10,52,0,62,30,0,30,92
08/07/2004,MHK,KS,ACE,CE,Federal Contract Tower,0,2,5,0,7,0,0,54,0,54,0,2,59,0,61,62,0,62,123
08/08/2004,MHK,KS,ACE,CE,Federal Contract Tower,0,9,14,0,23,0,1,24,2,27,0,10,38,2,50,12,0,12,62
08/09/2004,MHK,KS,ACE,CE,Federal Contract Tower,0,8,14,1,23,0,0,28,1,29,0,8,42,2,52,36,0,36,88
08/10/2004,MHK,KS,ACE,CE,Federal Contract Tower,0,8,12,1,21,0,0,22,1,23,0,8,34,2,44,26,0,26,70
08/11/2004,MHK,KS,ACE,CE,Federal Contract Tower,0,8,11,4,23,0,0,29,0,29,0,8,40,4,52,22,0,22,74
08/12/2004,MHK,KS,ACE,CE,Federal Contract Tower,0,9,13,1,23,0,1,37,1,39,0,10,50,2,62,28,0,28,90
08/13/2004,MHK,KS,ACE,CE,Federal Contract Tower,0,8,15,2,25,0,0,52,3,55,0,8,67,5,80,20,0,20,100
08/14/2004,MHK,KS,ACE,CE,Federal Contract Tower,0,4,9,0,13,0,0,79,0,79,0,4,88,0,92,8,0,8,100
08/15/2004,MHK,KS,ACE,CE,Federal Contract Tower,0,6,7,0,13,0,2,32,0,34,0,8,39,0,47,24,0,24,71
08/16/2004,MHK,KS,ACE,CE,Federal Contract Tower,0,6,9,0,15,0,2,21,0,23,0,8,30,0,38,8,0,8,46
08/17/2004,MHK,KS,ACE,CE,Federal Contract Tower,0,7,11,0,18,0,1,33,0,34,0,8,44,0,52,48,0,48,100
08/18/2004,MHK,KS,ACE,CE,Federal Contract Tower,0,8,14,1,23,0,0,33,1,34,0,8,47,2,57,18,0,18,75
08/19/2004,MHK,KS,ACE,CE,Federal Contract Tower,0,9,13,0,22,0,1,24,0,25,0,10,37,0,47,14,0,14,61
08/20/2004,MHK,KS,ACE,CE,Federal Contract Tower,0,8,13,0,21,0,0,39,4,43,0,8,52,4,64,10,0,10,74
08/21/2004,MHK,KS,ACE,CE,Federal Contract Tower,0,4,6,0,10,0,0,55,0,55,0,4,61,0,65,30,0,30,95
08/22/2004,MHK,KS,ACE,CE,Federal Contract Tower,0,6,10,0,16,0,0,27,2,29,0,6,37,2,45,32,0,32,77
08/23/2004,MHK,KS,ACE,CE,Federal Contract Tower,0,7,10,0,17,0,3,16,0,19,0,10,26,0,36,22,0,22,58
08/24/2004,MHK,KS,ACE,CE,Federal Contract Tower,0,8,11,0,19,0,0,30,0,30,0,8,41,0,49,12,0,12,61
08/25/2004,MHK,KS,ACE,CE,Federal Contract Tower,0,8,12,0,20,0,1,17,4,22,0,9,29,4,42,8,0,8,50
08/26/2004,MHK,KS,ACE,CE,Federal Contract Tower,0,6,8,0,14,0,0,32,0,32,0,6,40,0,46,30,0,30,76
08/27/2004,MHK,KS,ACE,CE,Federal Contract Tower,0,7,11,0,18,0,1,49,2,52,0,8,60,2,70,10,0,10,80
08/28/2004,MHK,KS,ACE,CE,Federal Contract Tower,0,2,12,0,14,7,0,48,0,55,7,2,60,0,69,116,0,116,185
08/29/2004,MHK,KS,ACE,CE,Federal Contract Tower,0,6,14,0,20,4,0,87,13,104,4,6,101,13,124,68,0,68,192
08/30/2004,MHK,KS,ACE,CE,Federal Contract Tower,0,7,11,0,18,0,1,33,20,54,0,8,44,20,72,54,0,54,126
08/31/2004,MHK,KS,ACE,CE,Federal Contract Tower,0,7,11,0,18,0,1,28,11,40,0,8,39,11,58,54,0,54,112
09/01/2004,MHK,KS,ACE,CE,Federal Contract Tower,0,5,12,1,18,0,3,38,14,55,0,8,50,15,73,64,0,64,137
09/02/2004,MHK,KS,ACE,CE,Federal Contract Tower,0,8,14,1,23,0,0,50,1,51,0,8,64,2,74,56,0,56,130
09/03/2004,MHK,KS,ACE,CE,Federal Contract Tower,0,7,12,1,20,0,3,31,5,39,0,10,43,6,59,10,0,10,69
09/04/2004,MHK,KS,ACE,CE,Federal Contract Tower,0,2,11,0,13,0,0,42,0,42,0,2,53,0,55,30,2,32,87
09/05/2004,MHK,KS,ACE,CE,Federal Contract Tower,0,3,5,1,9,0,1,15,1,17,0,4,20,2,26,0,0,0,26
09/06/2004,MHK,KS,ACE,CE,Federal Contract Tower,0,4,9,1,14,0,0,79,3,82,0,4,88,4,96,38,0,38,134
09/07/2004,MHK,KS,ACE,CE,Federal Contract Tower,0,6,12,2,20,0,2,35,0,37,0,8,47,2,57,54,0,54,111
09/08/2004,MHK,KS,ACE,CE,Federal Contract Tower,0,7,12,0,19,0,1,41,0,42,0,8,53,0,61,62,0,62,123
09/09/2004,MHK,KS,ACE,CE,Federal Contract Tower,0,7,12,0,19,0,1,40,0,41,0,8,52,0,60,100,0,100,160
09/10/2004,MHK,KS,ACE,CE,Federal Contract Tower,0,8,16,2,26,0,0,31,8,39,0,8,47,10,65,6,0,6,71
09/11/2004,MHK,KS,ACE,CE,Federal Contract Tower,0,2,12,0,14,1,0,61,0,62,1,2,73,0,76,8,0,8,84
09/12/2004,MHK,KS,ACE,CE,Federal Contract Tower,0,6,13,2,21,0,0,35,2,37,0,6,48,4,58,38,0,38,96
09/13/2004,MHK,KS,ACE,CE,Federal Contract Tower,0,6,11,0,17,0,2,27,0,29,0,8,38,0,46,4,0,4,50
09/14/2004,MHK,KS,ACE,CE,Federal Contract Tower,0,10,17,1,28,0,0,34,1,35,0,10,51,2,63,6,0,6,69
09/15/2004,MHK,KS,ACE,CE,Federal Contract Tower,0,7,13,0,20,0,3,26,0,29,0,10,39,0,49,70,0,70,119
09/16/2004,MHK,KS,ACE,CE,Federal Contract Tower,0,9,16,0,25,0,1,37,0,38,0,10,53,0,63,104,0,104,167
09/17/2004,MHK,KS,ACE,CE,Federal Contract Tower,0,7,14,1,22,1,3,24,1,29,1,10,38,2,51,14,2,16,67
09/18/2004,MHK,KS,ACE,CE,Federal Contract Tower,0,2,16,1,19,2,0,46,1,49,2,2,62,2,68,8,2,10,78
09/19/2004,MHK,KS,ACE,CE,Federal Contract Tower,0,6,12,1,19,0,0,26,1,27,0,6,38,2,46,2,0,2,48
09/20/2004,MHK,KS,ACE,CE,Federal Contract Tower,0,6,12,1,19,0,4,23,5,32,0,10,35,6,51,10,0,10,61
09/21/2004,MHK,KS,ACE,CE,Federal Contract Tower,0,10,17,1,28,0,2,11,5,18,0,12,28,6,46,14,0,14,60
09/22/2004,MHK,KS,ACE,CE,Federal Contract Tower,0,6,13,1,20,0,3,25,2,30,0,9,38,3,50,24,0,24,74
09/23/2004,MHK,KS,ACE,CE,Federal Contract Tower,0,8,17,1,26,0,0,34,5,39,0,8,51,6,65,84,2,86,151
09/24/2004,MHK,KS,ACE,CE,Federal Contract Tower,0,10,17,1,28,0,0,35,3,38,0,10,52,4,66,36,0,36,102
09/25/2004,MHK,KS,ACE,CE,Federal Contract Tower,0,2,17,1,20,0,0,57,3,60,0,2,74,4,80,74,0,74,154
09/26/2004,MHK,KS,ACE,CE,Federal Contract Tower,0,6,11,0,17,0,2,59,3,64,0,8,70,3,81,52,0,52,133
09/27/2004,MHK,KS,ACE,CE,Federal Contract Tower,0,7,13,1,21,0,3,35,1,39,0,10,48,2,60,40,0,40,100
09/28/2004,MHK,KS,ACE,CE,Federal Contract Tower,0,8,15,1,24,0,1,41,3,45,0,9,56,4,69,82,0,82,151
09/29/2004,MHK,KS,ACE,CE,Federal Contract Tower,0,4,17,1,22,0,0,39,9,48,0,4,56,10,70,2,0,2,72
09/30/2004,MHK,KS,ACE,CE,Federal Contract Tower,0,8,15,1,24,0,0,29,3,32,0,8,44,4,56,62,2,64,120
10/01/2004,MHK,KS,ACE,CE,Federal Contract Tower,2,14,22,0,38,0,0,11,2,13,2,14,33,2,51,6,2,8,59
10/02/2004,MHK,KS,ACE,CE,Federal Contract Tower,0,3,12,0,15,0,0,65,19,84,0,3,77,19,99,42,2,44,143
10/03/2004,MHK,KS,ACE,CE,Federal Contract Tower,0,10,8,0,18,0,0,32,0,32,0,10,40,0,50,42,0,42,92
10/04/2004,MHK,KS,ACE,CE,Federal Contract Tower,0,8,17,0,25,0,0,14,4,18,0,8,31,4,43,32,0,32,75
10/05/2004,MHK,KS,ACE,CE,Federal Contract Tower,0,6,10,1,17,0,0,61,6,67,0,6,71,7,84,72,2,74,158
10/06/2004,MHK,KS,ACE,CE,Federal Contract Tower,0,8,11,0,19,0,0,30,10,40,0,8,41,10,59,28,22,50,109
10/07/2004,MHK,KS,ACE,CE,Federal Contract Tower,0,10,25,2,37,0,0,8,2,10,0,10,33,4,47,2,0,2,49
10/08/2004,MHK,KS,ACE,CE,Federal Contract Tower,0,9,16,0,25,0,0,36,1,37,0,9,52,1,62,16,6,22,84
10/09/2004,MHK,KS,ACE,CE,Federal Contract Tower,0,2,11,0,13,0,0,34,3,37,0,2,45,3,50,46,0,46,96
10/10/2004,MHK,KS,ACE,CE,Federal Contract Tower,0,8,17,0,25,0,0,9,0,9,0,8,26,0,34,10,0,10,44
10/11/2004,MHK,KS,ACE,CE,Federal Contract Tower,0,8,23,3,34,0,0,38,1,39,0,8,61,4,73,14,2,16,89
10/12/2004,MHK,KS,ACE,CE,Federal Contract Tower,0,8,22,2,32,0,0,43,1,44,0,8,65,3,76,14,0,14,90
10/13/2004,MHK,KS,ACE,CE,Federal Contract Tower,0,8,22,0,30,0,0,13,7,20,0,8,35,7,50,4,2,6,56
10/14/2004,MHK,KS,ACE,CE,Federal Contract Tower,0,8,26,0,34,0,0,33,4,37,0,8,59,4,71,10,0,10,81
10/15/2004,MHK,KS,ACE,CE,Federal Contract Tower,2,10,39,0,51,0,0,45,2,47,2,10,84,2,98,36,2,38,136
10/16/2004,MHK,KS,ACE,CE,Federal Contract Tower,2,6,78,0,86,0,0,104,0,104,2,6,182,0,190,34,0,34,224
10/17/2004,MHK,KS,ACE,CE,Federal Contract Tower,1,6,9,2,18,0,0,36,0,36,1,6,45,2,54,30,0,30,84
10/18/2004,MHK,KS,ACE,CE,Federal Contract Tower,3,8,15,0,26,0,0,17,4,21,3,8,32,4,47,0,0,0,47
10/19/2004,MHK,KS,ACE,CE,Federal Contract Tower,0,10,20,0,30,0,0,20,0,20,0,10,40,0,50,36,0,36,86
10/20/2004,MHK,KS,ACE,CE,Federal Contract Tower,0,11,8,0,19,0,0,3,0,3,0,11,11,0,22,16,0,16,38
10/21/2004,MHK,KS,ACE,CE,Federal Contract Tower,7,10,38,1,56,0,0,12,1,13,7,10,50,2,69,14,0,14,83
10/22/2004,MHK,KS,ACE,CE,Federal Contract Tower,5,8,18,0,31,0,0,16,2,18,5,8,34,2,49,10,0,10,59
10/23/2004,MHK,KS,ACE,CE,Federal Contract Tower,5,6,47,0,58,0,4,74,6,84,5,10,121,6,142,6,2,8,150
10/24/2004,MHK,KS,ACE,CE,Federal Contract Tower,2,6,11,2,21,0,0,43,4,47,2,6,54,6,68,50,0,50,118
10/25/2004,MHK,KS,ACE,CE,Federal Contract Tower,0,10,8,5,23,0,0,38,5,43,0,10,46,10,66,44,0,44,110
10/26/2004,MHK,KS,ACE,CE,Federal Contract Tower,0,8,19,0,27,0,0,4,0,4,0,8,23,0,31,14,0,14,45
10/27/2004,MHK,KS,ACE,CE,Federal Contract Tower,0,8,30,2,40,0,0,4,5,9,0,8,34,7,49,16,0,16,65
10/28/2004,MHK,KS,ACE,CE,Federal Contract Tower,0,8,27,0,35,0,0,8,2,10,0,8,35,2,45,16,0,16,61
10/29/2004,MHK,KS,ACE,CE,Federal Contract Tower,2,8,4,3,17,0,0,17,9,26,2,8,21,12,43,0,0,0,43
10/30/2004,MHK,KS,ACE,CE,Federal Contract Tower,0,5,21,0,26,0,0,38,0,38,0,5,59,0,64,36,0,36,100
10/31/2004,MHK,KS,ACE,CE,Federal Contract Tower,0,4,11,1,16,0,0,34,0,34,0,4,45,1,50,36,4,40,90
11/01/2004,MHK,KS,ACE,CE,Federal Contract Tower,0,6,16,2,24,0,0,1,1,2,0,6,17,3,26,0,0,0,26
11/02/2004,MHK,KS,ACE,CE,Federal Contract Tower,0,6,20,1,27,0,0,10,10,20,0,6,30,11,47,26,0,26,73
11/03/2004,MHK,KS,ACE,CE,Federal Contract Tower,0,8,9,3,20,0,0,23,5,28,0,8,32,8,48,36,4,40,88
11/04/2004,MHK,KS,ACE,CE,Federal Contract Tower,0,10,12,1,23,0,0,33,5,38,0,10,45,6,61,50,4,54,115
11/05/2004,MHK,KS,ACE,CE,Federal Contract Tower,2,8,17,2,29,0,0,44,2,46,2,8,61,4,75,20,0,20,95
11/06/2004,MHK,KS,ACE,CE,Federal Contract Tower,2,2,13,1,18,0,0,47,2,49,2,2,60,3,67,52,2,54,121
11/07/2004,MHK,KS,ACE,CE,Federal Contract Tower,0,6,9,2,17,0,0,54,2,56,0,6,63,4,73,80,0,80,153
11/08/2004,MHK,KS,ACE,CE,Federal Contract Tower,0,8,12,2,22,0,0,38,0,38,0,8,50,2,60,76,2,78,138
11/09/2004,MHK,KS,ACE,CE,Federal Contract Tower,0,8,14,0,22,0,0,18,8,26,0,8,32,8,48,12,2,14,62
11/10/2004,MHK,KS,ACE,CE,Federal Contract Tower,0,8,14,0,22,0,0,7,4,11,0,8,21,4,33,26,2,28,61
11/11/2004,MHK,KS,ACE,CE,Federal Contract Tower,0,7,18,0,25,0,0,47,0,47,0,7,65,0,72,22,0,22,94
11/12/2004,MHK,KS,ACE,CE,Federal Contract Tower,2,4,24,2,32,0,0,56,0,56,2,4,80,2,88,34,0,34,122
11/13/2004,MHK,KS,ACE,CE,Federal Contract Tower,1,2,11,0,14,0,0,23,0,23,1,2,34,0,37,30,0,30,67
11/14/2004,MHK,KS,ACE,CE,Federal Contract Tower,0,6,13,2,21,0,0,54,0,54,0,6,67,2,75,32,2,34,109
11/15/2004,MHK,KS,ACE,CE,Federal Contract Tower,0,9,29,2,40,0,0,15,0,15,0,9,44,2,55,28,0,28,83
11/16/2004,MHK,KS,ACE,CE,Federal Contract Tower,3,8,24,1,36,0,0,9,2,11,3,8,33,3,47,16,0,16,63
11/17/2004,MHK,KS,ACE,CE,Federal Contract Tower,1,9,16,0,26,0,0,18,9,27,1,9,34,9,53,10,0,10,63
11/18/2004,MHK,KS,ACE,CE,Federal Contract Tower,8,11,32,0,51,0,0,2,0,2,8,11,34,0,53,0,0,0,53
11/19/2004,MHK,KS,ACE,CE,Federal Contract Tower,12,7,33,2,54,0,0,5,0,5,12,7,38,2,59,20,0,20,79
11/20/2004,MHK,KS,ACE,CE,Federal Contract Tower,11,4,24,0,39,0,0,38,4,42,11,4,62,4,81,6,0,6,87
11/21/2004,MHK,KS,ACE,CE,Federal Contract Tower,0,9,6,0,15,0,0,35,3,38,0,9,41,3,53,76,4,80,133
11/22/2004,MHK,KS,ACE,CE,Federal Contract Tower,0,10,22,0,32,0,0,10,0,10,0,10,32,0,42,46,2,48,90
11/23/2004,MHK,KS,ACE,CE,Federal Contract Tower,0,6,34,4,44,0,0,16,5,21,0,6,50,9,65,30,0,30,95
11/24/2004,MHK,KS,ACE,CE,Federal Contract Tower,0,11,13,0,24,0,0,18,3,21,0,11,31,3,45,14,2,16,61
11/25/2004,MHK,KS,ACE,CE,Federal Contract Tower,0,10,13,0,23,0,0,11,0,11,0,10,24,0,34,10,0,10,44
11/26/2004,MHK,KS,ACE,CE,Federal Contract Tower,0,9,7,0,16,0,0,26,0,26,0,9,33,0,42,14,0,14,56
11/27/2004,MHK,KS,ACE,CE,Federal Contract Tower,0,8,8,0,16,0,0,25,0,25,0,8,33,0,41,12,0,12,53
11/28/2004,MHK,KS,ACE,CE,Federal Contract Tower,0,6,13,0,19,0,0,27,0,27,0,6,40,0,46,14,0,14,60
11/29/2004,MHK,KS,ACE,CE,Federal Contract Tower,0,6,3,0,9,0,0,1,0,1,0,6,4,0,10,0,0,0,10
11/30/2004,MHK,KS,ACE,CE,Federal Contract Tower,0,8,11,4,23,0,0,11,0,11,0,8,22,4,34,14,2,16,50
12/01/2004,MHK,KS,ACE,CE,Federal Contract Tower,0,4,6,9,19,0,0,41,1,42,0,4,47,10,61,42,16,58,119
12/02/2004,MHK,KS,ACE,CE,Federal Contract Tower,0,8,15,2,25,0,0,50,8,58,0,8,65,10,83,28,2,30,113
12/03/2004,MHK,KS,ACE,CE,Federal Contract Tower,0,8,12,2,22,0,0,27,0,27,0,8,39,2,49,34,2,36,85
12/04/2004,MHK,KS,ACE,CE,Federal Contract Tower,0,2,4,0,6,0,0,51,4,55,0,2,55,4,61,38,0,38,99
12/05/2004,MHK,KS,ACE,CE,Federal Contract Tower,0,6,12,2,20,0,0,6,0,6,0,6,18,2,26,18,0,18,44
12/06/2004,MHK,KS,ACE,CE,Federal Contract Tower,0,6,7,6,19,0,0,0,0,0,0,6,7,6,19,0,0,0,19
12/07/2004,MHK,KS,ACE,CE,Federal Contract Tower,0,9,19,9,37,0,0,26,7,33,0,9,45,16,70,28,2,30,100
12/08/2004,MHK,KS,ACE,CE,Federal Contract Tower,0,9,19,2,30,0,0,28,2,30,0,9,47,4,60,60,0,60,120
12/09/2004,MHK,KS,ACE,CE,Federal Contract Tower,0,10,10,0,20,0,0,50,2,52,0,10,60,2,72,26,0,26,98
12/10/2004,MHK,KS,ACE,CE,Federal Contract Tower,0,10,9,4,23,0,0,18,0,18,0,10,27,4,41,32,0,32,73
12/11/2004,MHK,KS,ACE,CE,Federal Contract Tower,0,4,9,0,13,0,0,59,0,59,0,4,68,0,72,54,0,54,126
12/12/2004,MHK,KS,ACE,CE,Federal Contract Tower,0,8,0,0,8,0,0,16,0,16,0,8,16,0,24,6,0,6,30
12/13/2004,MHK,KS,ACE,CE,Federal Contract Tower,0,6,7,0,13,0,0,31,2,33,0,6,38,2,46,52,2,54,100
12/14/2004,MHK,KS,ACE,CE,Federal Contract Tower,0,6,20,0,26,0,0,38,3,41,0,6,58,3,67,100,0,100,167
12/15/2004,MHK,KS,ACE,CE,Federal Contract Tower,0,8,14,0,22,0,0,20,2,22,0,8,34,2,44,44,0,44,88
12/16/2004,MHK,KS,ACE,CE,Federal Contract Tower,0,8,14,0,22,0,0,28,0,28,0,8,42,0,50,62,0,62,112
12/17/2004,MHK,KS,ACE,CE,Federal Contract Tower,2,8,13,0,23,0,0,25,4,29,2,8,38,4,52,64,4,68,120
12/18/2004,MHK,KS,ACE,CE,Federal Contract Tower,0,2,6,7,15,0,0,37,0,37,0,2,43,7,52,26,4,30,82
12/19/2004,MHK,KS,ACE,CE,Federal Contract Tower,0,6,5,0,11,0,0,16,0,16,0,6,21,0,27,28,2,30,57
12/20/2004,MHK,KS,ACE,CE,Federal Contract Tower,0,8,7,0,15,0,0,26,0,26,0,8,33,0,41,54,0,54,95
12/21/2004,MHK,KS,ACE,CE,Federal Contract Tower,0,8,11,1,20,0,0,17,3,20,0,8,28,4,40,8,0,8,48
12/22/2004,MHK,KS,ACE,CE,Federal Contract Tower,0,8,12,1,21,0,0,10,3,13,0,8,22,4,34,6,0,6,40
12/23/2004,MHK,KS,ACE,CE,Federal Contract Tower,0,8,12,0,20,0,0,9,0,9,0,8,21,0,29,44,0,44,73
12/24/2004,MHK,KS,ACE,CE,Federal Contract Tower,0,10,3,2,15,0,0,4,0,4,0,10,7,2,19,0,0,0,19
12/25/2004,MHK,KS,ACE,CE,Federal Contract Tower,0,2,1,0,3,0,0,0,0,0,0,2,1,0,3,2,0,2,5
12/26/2004,MHK,KS,ACE,CE,Federal Contract Tower,0,6,7,0,13,0,0,12,0,12,0,6,19,0,25,0,0,0,25
12/27/2004,MHK,KS,ACE,CE,Federal Contract Tower,0,8,5,2,15,0,0,18,5,23,0,8,23,7,38,2,0,2,40
12/28/2004,MHK,KS,ACE,CE,Federal Contract Tower,0,8,8,0,16,0,0,42,5,47,0,8,50,5,63,70,0,70,133
12/29/2004,MHK,KS,ACE,CE,Federal Contract Tower,0,10,11,0,21,0,0,50,11,61,0,10,61,11,82,72,0,72,154
12/30/2004,MHK,KS,ACE,CE,Federal Contract Tower,0,8,11,0,19,0,0,20,0,20,0,8,31,0,39,36,0,36,75
12/31/2004,MHK,KS,ACE,CE,Federal Contract Tower,0,8,15,0,23,0,0,55,0,55,0,8,70,0,78,58,0,58,136
01/01/2005,MHK,KS,ACE,CE,Federal Contract Tower,0,2,3,0,5,0,0,1,0,1,0,2,4,0,6,2,0,2,8
01/02/2005,MHK,KS,ACE,CE,Federal Contract Tower,0,4,7,2,13,0,0,5,0,5,0,4,12,2,18,0,0,0,18
01/03/2005,MHK,KS,ACE,CE,Federal Contract Tower,0,9,2,0,11,0,0,0,0,0,0,9,2,0,11,0,0,0,11
01/04/2005,MHK,KS,ACE,CE,Federal Contract Tower,0,3,0,0,3,0,0,0,0,0,0,3,0,0,3,0,0,0,3
01/05/2005,MHK,KS,ACE,CE,Federal Contract Tower,0,2,0,0,2,0,0,0,0,0,0,2,0,0,2,0,0,0,2
01/06/2005,MHK,KS,ACE,CE,Federal Contract Tower,0,9,7,0,16,0,0,11,2,13,0,9,18,2,29,0,0,0,29
01/07/2005,MHK,KS,ACE,CE,Federal Contract Tower,0,9,6,1,16,0,0,8,0,8,0,9,14,1,24,26,0,26,50
01/08/2005,MHK,KS,ACE,CE,Federal Contract Tower,0,6,1,0,7,0,0,1,0,1,0,6,2,0,8,0,0,0,8
01/09/2005,MHK,KS,ACE,CE,Federal Contract Tower,0,6,8,2,16,0,0,32,1,33,0,6,40,3,49,16,4,20,69
01/10/2005,MHK,KS,ACE,CE,Federal Contract Tower,0,8,6,0,14,0,0,0,0,0,0,8,6,0,14,0,0,0,14
01/11/2005,MHK,KS,ACE,CE,Federal Contract Tower,0,7,5,2,14,0,0,0,0,0,0,7,5,2,14,0,0,0,14
01/12/2005,MHK,KS,ACE,CE,Federal Contract Tower,0,7,8,0,15,0,0,0,0,0,0,7,8,0,15,0,0,0,15
01/13/2005,MHK,KS,ACE,CE,Federal Contract Tower,2,8,14,0,24,0,0,13,2,15,2,8,27,2,39,20,0,20,59
01/14/2005,MHK,KS,ACE,CE,Federal Contract Tower,0,8,14,0,22,0,0,12,0,12,0,8,26,0,34,28,0,28,62
01/15/2005,MHK,KS,ACE,CE,Federal Contract Tower,0,4,5,0,9,0,0,25,0,25,0,4,30,0,34,24,0,24,58
01/16/2005,MHK,KS,ACE,CE,Federal Contract Tower,0,6,4,0,10,0,0,26,0,26,0,6,30,0,36,26,2,28,64
01/17/2005,MHK,KS,ACE,CE,Federal Contract Tower,0,8,14,0,22,0,0,12,0,12,0,8,26,0,34,6,0,6,40
01/18/2005,MHK,KS,ACE,CE,Federal Contract Tower,0,10,7,0,17,0,0,19,0,19,0,10,26,0,36,6,2,8,44
01/19/2005,MHK,KS,ACE,CE,Federal Contract Tower,0,8,12,0,20,0,0,39,0,39,0,8,51,0,59,60,0,60,119
01/20/2005,MHK,KS,ACE,CE,Federal Contract Tower,0,8,6,2,16,0,0,41,0,41,0,8,47,2,57,64,4,68,125
01/21/2005,MHK,KS,ACE,CE,Federal Contract Tower,0,11,8,0,19,0,0,0,0,0,0,11,8,0,19,0,0,0,19
01/22/2005,MHK,KS,ACE,CE,Federal Contract Tower,0,3,2,2,7,0,0,20,0,20,0,3,22,2,27,32,2,34,61
01/23/2005,MHK,KS,ACE,CE,Federal Contract Tower,0,6,6,0,12,0,0,36,0,36,0,6,42,0,48,30,2,32,80
01/24/2005,MHK,KS,ACE,CE,Federal Contract Tower,0,9,11,0,20,0,0,22,0,22,0,9,33,0,42,56,2,58,100
01/25/2005,MHK,KS,ACE,CE,Federal Contract Tower,0,12,9,0,21,0,0,29,4,33,0,12,38,4,54,50,2,52,106
01/26/2005,MHK,KS,ACE,CE,Federal Contract Tower,0,8,10,0,18,0,0,22,0,22,0,8,32,0,40,46,0,46,86
01/27/2005,MHK,KS,ACE,CE,Federal Contract Tower,0,8,19,2,29,0,0,7,0,7,0,8,26,2,36,22,4,26,62
01/28/2005,MHK,KS,ACE,CE,Federal Contract Tower,0,10,6,0,16,0,0,5,0,5,0,10,11,0,21,10,0,10,31
01/29/2005,MHK,KS,ACE,CE,Federal Contract Tower,0,4,8,2,14,0,0,9,2,11,0,4,17,4,25,10,0,10,35
01/30/2005,MHK,KS,ACE,CE,Federal Contract Tower,0,6,0,2,8,0,0,0,0,0,0,6,0,2,8,0,0,0,8
01/31/2005,MHK,KS,ACE,CE,Federal Contract Tower,0,10,3,2,15,0,0,0,0,0,0,10,3,2,15,0,0,0,15
02/01/2005,MHK,KS,ACE,CE,Federal Contract Tower,0,9,11,4,24,0,0,8,2,10,0,9,19,6,34,40,0,40,74
02/02/2005,MHK,KS,ACE,CE,Federal Contract Tower,0,10,11,0,21,0,0,41,1,42,0,10,52,1,63,100,0,100,163
02/03/2005,MHK,KS,ACE,CE,Federal Contract Tower,0,8,6,0,14,0,0,41,0,41,0,8,47,0,55,46,4,50,105
02/04/2005,MHK,KS,ACE,CE,Federal Contract Tower,0,9,14,0,23,0,0,51,3,54,0,9,65,3,77,70,2,72,149
02/05/2005,MHK,KS,ACE,CE,Federal Contract Tower,0,2,13,0,15,0,0,38,0,38,0,2,51,0,53,30,2,32,85
02/06/2005,MHK,KS,ACE,CE,Federal Contract Tower,0,3,5,0,8,0,0,0,0,0,0,3,5,0,8,0,0,0,8
02/07/2005,MHK,KS,ACE,CE,Federal Contract Tower,0,8,6,2,16,0,0,5,4,9,0,8,11,6,25,14,0,14,39
02/08/2005,MHK,KS,ACE,CE,Federal Contract Tower,0,9,4,2,15,0,0,0,0,0,0,9,4,2,15,0,0,0,15
02/09/2005,MHK,KS,ACE,CE,Federal Contract Tower,0,11,15,0,26,0,0,26,0,26,0,11,41,0,52,48,0,48,100
02/10/2005,MHK,KS,ACE,CE,Federal Contract Tower,0,8,4,2,14,0,0,36,0,36,0,8,40,2,50,88,0,88,138
02/11/2005,MHK,KS,ACE,CE,Federal Contract Tower,0,11,10,0,21,0,0,49,2,51,0,11,59,2,72,74,0,74,146
02/12/2005,MHK,KS,ACE,CE,Federal Contract Tower,0,5,8,0,13,0,0,7,4,11,0,5,15,4,24,22,0,22,46
02/13/2005,MHK,KS,ACE,CE,Federal Contract Tower,0,6,5,2,13,0,2,6,0,8,0,8,11,2,21,0,0,0,21
02/14/2005,MHK,KS,ACE,CE,Federal Contract Tower,0,10,3,2,15,0,0,25,5,30,0,10,28,7,45,8,0,8,53
02/15/2005,MHK,KS,ACE,CE,Federal Contract Tower,0,9,18,2,29,0,0,44,1,45,0,9,62,3,74,26,0,26,100
02/16/2005,MHK,KS,ACE,CE,Federal Contract Tower,0,10,13,0,23,0,0,64,3,67,0,10,77,3,90,60,0,60,150
02/17/2005,MHK,KS,ACE,CE,Federal Contract Tower,0,8,18,0,26,0,0,28,0,28,0,8,46,0,54,40,0,40,94
02/18/2005,MHK,KS,ACE,CE,Federal Contract Tower,0,11,12,0,23,0,0,23,0,23,0,11,35,0,46,30,0,30,76
02/19/2005,MHK,KS,ACE,CE,Federal Contract Tower,0,4,17,0,21,0,0,0,0,0,0,4,17,0,21,0,0,0,21
02/20/2005,MHK,KS,ACE,CE,Federal Contract Tower,0,10,17,0,27,0,0,25,2,27,0,10,42,2,54,20,2,22,76
02/21/2005,MHK,KS,ACE,CE,Federal Contract Tower,0,8,22,0,30,0,0,27,4,31,0,8,49,4,61,24,0,24,85
02/22/2005,MHK,KS,ACE,CE,Federal Contract Tower,0,8,11,5,24,0,0,21,7,28,0,8,32,12,52,18,0,18,70
02/23/2005,MHK,KS,ACE,CE,Federal Contract Tower,1,8,15,0,24,0,0,36,2,38,1,8,51,2,62,38,0,38,100
02/24/2005,MHK,KS,ACE,CE,Federal Contract Tower,0,8,7,2,17,0,0,46,1,47,0,8,53,3,64,98,2,100,164
02/25/2005,MHK,KS,ACE,CE,Federal Contract Tower,0,10,8,0,18,0,0,66,3,69,0,10,74,3,87,80,4,84,171
02/26/2005,MHK,KS,ACE,CE,Federal Contract Tower,0,4,2,2,8,0,0,46,2,48,0,4,48,4,56,40,0,40,96
02/27/2005,MHK,KS,ACE,CE,Federal Contract Tower,0,6,8,0,14,0,0,8,0,8,0,6,16,0,22,12,0,12,34
02/28/2005,MHK,KS,ACE,CE,Federal Contract Tower,0,15,13,0,28,0,0,20,0,20,0,15,33,0,48,14,0,14,62
03/01/2005,MHK,KS,ACE,CE,Federal Contract Tower,0,10,13,2,25,0,0,32,0,32,0,10,45,2,57,42,0,42,99
03/02/2005,MHK,KS,ACE,CE,Federal Contract Tower,0,8,13,2,23,0,0,35,0,35,0,8,48,2,58,40,0,40,98
03/03/2005,MHK,KS,ACE,CE,Federal Contract Tower,2,8,18,1,29,0,0,31,1,32,2,8,49,2,61,26,0,26,87
03/04/2005,MHK,KS,ACE,CE,Federal Contract Tower,0,8,15,0,23,0,0,23,3,26,0,8,38,3,49,4,0,4,53
03/05/2005,MHK,KS,ACE,CE,Federal Contract Tower,0,4,6,0,10,0,0,50,0,50,0,4,56,0,60,62,0,62,122
03/06/2005,MHK,KS,ACE,CE,Federal Contract Tower,0,6,8,0,14,0,0,35,0,35,0,6,43,0,49,34,0,34,83
03/07/2005,MHK,KS,ACE,CE,Federal Contract Tower,0,8,8,0,16,0,0,16,2,18,0,8,24,2,34,22,2,24,58
03/08/2005,MHK,KS,ACE,CE,Federal Contract Tower,0,8,20,3,31,0,0,20,0,20,0,8,40,3,51,24,0,24,75
03/09/2005,MHK,KS,ACE,CE,Federal Contract Tower,0,8,4,0,12,0,0,23,0,23,0,8,27,0,35,76,0,76,111
03/10/2005,MHK,KS,ACE,CE,Federal Contract Tower,0,8,3,2,13,0,0,9,2,11,0,8,12,4,24,0,4,4,28
03/11/2005,MHK,KS,ACE,CE,Federal Contract Tower,0,6,14,2,22,0,0,21,4,25,0,6,35,6,47,32,0,32,79
03/12/2005,MHK,KS,ACE,CE,Federal Contract Tower,0,2,9,0,11,0,0,44,0,44,0,2,53,0,55,16,0,16,71
03/13/2005,MHK,KS,ACE,CE,Federal Contract Tower,0,6,7,2,15,0,0,24,0,24,0,6,31,2,39,46,0,46,85
03/14/2005,MHK,KS,ACE,CE,Federal Contract Tower,0,10,1,6,17,0,0,41,1,42,0,10,42,7,59,26,0,26,85
03/15/2005,MHK,KS,ACE,CE,Federal Contract Tower,0,10,9,2,21,0,0,43,2,45,0,10,52,4,66,38,0,38,104
03/16/2005,MHK,KS,ACE,CE,Federal Contract Tower,0,8,14,2,24,0,0,44,2,46,0,8,58,4,70,30,0,30,100
03/17/2005,MHK,KS,ACE,CE,Federal Contract Tower,1,8,10,0,19,0,0,10,0,10,1,8,20,0,29,8,0,8,37
03/18/2005,MHK,KS,ACE,CE,Federal Contract Tower,0,10,19,2,31,0,0,22,0,22,0,10,41,2,53,34,2,36,89
03/19/2005,MHK,KS,ACE,CE,Federal Contract Tower,0,2,12,0,14,0,0,52,0,52,0,2,64,0,66,52,0,52,118
03/20/2005,MHK,KS,ACE,CE,Federal Contract Tower,0,6,10,4,20,0,0,31,6,37,0,6,41,10,57,32,0,32,89
03/21/2005,MHK,KS,ACE,CE,Federal Contract Tower,0,8,6,0,14,0,0,2,0,2,0,8,8,0,16,0,0,0,16
03/22/2005,MHK,KS,ACE,CE,Federal Contract Tower,2,8,6,2,18,0,0,1,0,1,2,8,7,2,19,0,0,0,19
03/23/2005,MHK,KS,ACE,CE,Federal Contract Tower,0,8,23,1,32,0,0,40,3,43,0,8,63,4,75,46,0,46,121
03/24/2005,MHK,KS,ACE,CE,Federal Contract Tower,0,8,12,0,20,0,0,0,0,0,0,8,12,0,20,0,0,0,20
03/25/2005,MHK,KS,ACE,CE,Federal Contract Tower,0,8,20,0,28,0,0,4,0,4,0,8,24,0,32,0,2,2,34
03/26/2005,MHK,KS,ACE,CE,Federal Contract Tower,0,2,14,0,16,0,0,17,0,17,0,2,31,0,33,6,0,6,39
03/27/2005,MHK,KS,ACE,CE,Federal Contract Tower,0,6,4,0,10,0,0,31,0,31,0,6,35,0,41,24,0,24,65
03/28/2005,MHK,KS,ACE,CE,Federal Contract Tower,0,10,11,0,21,0,0,21,2,23,0,10,32,2,44,30,0,30,74
03/29/2005,MHK,KS,ACE,CE,Federal Contract Tower,0,8,15,4,27,0,0,16,4,20,0,8,31,8,47,22,0,22,69
03/30/2005,MHK,KS,ACE,CE,Federal Contract Tower,0,10,5,0,15,0,0,5,2,7,0,10,10,2,22,16,0,16,38
03/31/2005,MHK,KS,ACE,CE,Federal Contract Tower,0,12,12,4,28,0,0,23,0,23,0,12,35,4,51,8,10,18,69
04/01/2005,MHK,KS,ACE,CE,Federal Contract Tower,0,8,10,0,18,0,0,26,0,26,0,8,36,0,44,16,0,16,60
04/02/2005,MHK,KS,ACE,CE,Federal Contract Tower,0,4,5,2,11,0,0,51,2,53,0,4,56,4,64,60,0,60,124
04/03/2005,MHK,KS,ACE,CE,Federal Contract Tower,0,6,6,0,12,0,0,35,0,35,0,6,41,0,47,88,0,88,135
04/04/2005,MHK,KS,ACE,CE,Federal Contract Tower,0,8,12,0,20,0,0,14,0,14,0,8,26,0,34,2,0,2,36
04/05/2005,MHK,KS,ACE,CE,Federal Contract Tower,0,10,15,0,25,0,0,13,4,17,0,10,28,4,42,12,0,12,54
04/06/2005,MHK,KS,ACE,CE,Federal Contract Tower,0,8,22,0,30,0,0,0,2,2,0,8,22,2,32,0,0,0,32
04/07/2005,MHK,KS,ACE,CE,Federal Contract Tower,0,8,21,0,29,0,0,28,2,30,0,8,49,2,59,82,0,82,141
04/08/2005,MHK,KS,ACE,CE,Federal Contract Tower,0,15,8,2,25,0,0,32,3,35,0,15,40,5,60,16,0,16,76
04/09/2005,MHK,KS,ACE,CE,Federal Contract Tower,0,2,9,0,11,0,0,27,3,30,0,2,36,3,41,18,0,18,59
04/10/2005,MHK,KS,ACE,CE,Federal Contract Tower,0,8,5,0,13,0,0,11,9,20,0,8,16,9,33,14,2,16,49
04/11/2005,MHK,KS,ACE,CE,Federal Contract Tower,0,8,16,0,24,0,0,22,0,22,0,8,38,0,46,56,0,56,102
04/12/2005,MHK,KS,ACE,CE,Federal Contract Tower,0,10,9,4,23,0,0,15,0,15,0,10,24,4,38,70,0,70,108
04/13/2005,MHK,KS,ACE,CE,Federal Contract Tower,0,12,21,3,36,0,0,21,1,22,0,12,42,4,58,52,0,52,110
04/14/2005,MHK,KS,ACE,CE,Federal Contract Tower,0,8,14,1,23,0,0,40,1,41,0,8,54,2,64,46,0,46,110
04/15/2005,MHK,KS,ACE,CE,Federal Contract Tower,0,9,5,0,14,0,0,33,2,35,0,9,38,2,49,68,14,82,131
04/16/2005,MHK,KS,ACE,CE,Federal Contract Tower,0,2,11,0,13,0,0,50,0,50,0,2,61,0,63,26,0,26,89
04/17/2005,MHK,KS,ACE,CE,Federal Contract Tower,0,7,7,0,14,0,0,42,1,43,0,7,49,1,57,18,0,18,75
04/18/2005,MHK,KS,ACE,CE,Federal Contract Tower,0,11,10,0,21,0,0,11,0,11,0,11,21,0,32,2,0,2,34
04/19/2005,MHK,KS,ACE,CE,Federal Contract Tower,0,8,18,2,28,0,0,8,6,14,0,8,26,8,42,0,0,0,42
04/20/2005,MHK,KS,ACE,CE,Federal Contract Tower,0,8,10,6,24,0,0,21,1,22,0,8,31,7,46,50,6,56,102
04/21/2005,MHK,KS,ACE,CE,Federal Contract Tower,1,8,14,5,28,0,0,16,0,16,1,8,30,5,44,10,4,14,58
04/22/2005,MHK,KS,ACE,CE,Federal Contract Tower,0,8,6,1,15,0,0,5,2,7,0,8,11,3,22,0,0,0,22
04/23/2005,MHK,KS,ACE,CE,Federal Contract Tower,0,2,4,0,6,0,0,64,4,68,0,2,68,4,74,28,0,28,102
04/24/2005,MHK,KS,ACE,CE,Federal Contract Tower,1,7,8,2,18,0,0,36,2,38,1,7,44,4,56,8,0,8,64
04/25/2005,MHK,KS,ACE,CE,Federal Contract Tower,0,14,12,0,26,0,0,14,0,14,0,14,26,0,40,22,0,22,62
04/26/2005,MHK,KS,ACE,CE,Federal Contract Tower,0,10,18,0,28,0,0,22,14,36,0,10,40,14,64,20,0,20,84
04/27/2005,MHK,KS,ACE,CE,Federal Contract Tower,0,8,17,2,27,0,0,64,4,68,0,8,81,6,95,62,0,62,157
04/28/2005,MHK,KS,ACE,CE,Federal Contract Tower,0,9,21,0,30,0,0,14,2,16,0,9,35,2,46,32,0,32,78
04/29/2005,MHK,KS,ACE,CE,Federal Contract Tower,0,9,13,2,24,0,0,13,0,13,0,9,26,2,37,36,2,38,75
04/30/2005,MHK,KS,ACE,CE,Federal Contract Tower,0,2,8,1,11,0,0,45,0,45,0,2,53,1,56,38,0,38,94
05/01/2005,MHK,KS,ACE,CE,Federal Contract Tower,0,8,8,3,19,0,0,38,0,38,0,8,46,3,57,18,0,18,75
05/02/2005,MHK,KS,ACE,CE,Federal Contract Tower,0,10,16,0,26,0,0,53,0,53,0,10,69,0,79,62,4,66,145
05/03/2005,MHK,KS,ACE,CE,Federal Contract Tower,0,8,14,0,22,0,0,46,0,46,0,8,60,0,68,52,0,52,120
05/04/2005,MHK,KS,ACE,CE,Federal Contract Tower,0,8,19,6,33,0,0,47,6,53,0,8,66,12,86,116,10,126,212
05/05/2005,MHK,KS,ACE,CE,Federal Contract Tower,0,10,20,2,32,0,0,22,6,28,0,10,42,8,60,66,8,74,134
05/06/2005,MHK,KS,ACE,CE,Federal Contract Tower,0,11,29,4,44,0,0,28,8,36,0,11,57,12,80,22,4,26,106
05/07/2005,MHK,KS,ACE,CE,Federal Contract Tower,0,2,15,2,19,0,0,12,0,12,0,2,27,2,31,6,0,6,37
05/08/2005,MHK,KS,ACE,CE,Federal Contract Tower,0,8,6,4,18,0,0,19,0,19,0,8,25,4,37,2,0,2,39
05/09/2005,MHK,KS,ACE,CE,Federal Contract Tower,0,9,9,2,20,0,0,30,0,30,0,9,39,2,50,46,4,50,100
05/10/2005,MHK,KS,ACE,CE,Federal Contract Tower,0,8,16,2,26,0,0,28,0,28,0,8,44,2,54,34,0,34,88
05/11/2005,MHK,KS,ACE,CE,Federal Contract Tower,0,10,15,2,27,0,0,23,0,23,0,10,38,2,50,40,0,40,90
05/12/2005,MHK,KS,ACE,CE,Federal Contract Tower,0,8,7,0,15,0,0,10,0,10,0,8,17,0,25,44,0,44,69
05/13/2005,MHK,KS,ACE,CE,Federal Contract Tower,0,8,6,4,18,0,0,7,2,9,0,8,13,6,27,16,0,16,43
05/14/2005,MHK,KS,ACE,CE,Federal Contract Tower,0,2,12,4,18,0,0,23,2,25,0,2,35,6,43,10,2,12,55
05/15/2005,MHK,KS,ACE,CE,Federal Contract Tower,0,6,2,0,8,0,0,74,3,77,0,6,76,3,85,16,0,16,101
05/16/2005,MHK,KS,ACE,CE,Federal Contract Tower,0,9,17,0,26,0,0,46,0,46,0,9,63,0,72,10,4,14,86
05/17/2005,MHK,KS,ACE,CE,Federal Contract Tower,0,8,17,2,27,0,0,16,2,18,0,8,33,4,45,6,0,6,51
05/18/2005,MHK,KS,ACE,CE,Federal Contract Tower,0,9,15,0,24,0,0,34,0,34,0,9,49,0,58,14,0,14,72
05/19/2005,MHK,KS,ACE,CE,Federal Contract Tower,0,10,17,2,29,0,0,31,0,31,0,10,48,2,60,52,0,52,112
05/20/2005,MHK,KS,ACE,CE,Federal Contract Tower,0,10,13,0,23,0,0,38,0,38,0,10,51,0,61,48,0,48,109
05/21/2005,MHK,KS,ACE,CE,Federal Contract Tower,0,4,10,2,16,0,0,24,0,24,0,4,34,2,40,22,0,22,62
05/22/2005,MHK,KS,ACE,CE,Federal Contract Tower,0,8,3,0,11,0,0,32,0,32,0,8,35,0,43,10,0,10,53
05/23/2005,MHK,KS,ACE,CE,Federal Contract Tower,0,8,12,0,20,0,0,26,6,32,0,8,38,6,52,60,0,60,112
05/24/2005,MHK,KS,ACE,CE,Federal Contract Tower,0,6,12,1,19,0,2,20,5,27,0,8,32,6,46,56,6,62,108
05/25/2005,MHK,KS,ACE,CE,Federal Contract Tower,0,14,7,0,21,0,0,41,4,45,0,14,48,4,66,42,4,46,112
05/26/2005,MHK,KS,ACE,CE,Federal Contract Tower,0,8,13,9,30,0,0,33,1,34,0,8,46,10,64,60,2,62,126
05/27/2005,MHK,KS,ACE,CE,Federal Contract Tower,0,8,13,2,23,0,0,29,2,31,0,8,42,4,54,44,4,48,102
05/28/2005,MHK,KS,ACE,CE,Federal Contract Tower,0,4,9,0,13,0,0,33,0,33,0,4,42,0,46,18,0,18,64
05/29/2005,MHK,KS,ACE,CE,Federal Contract Tower,0,9,4,0,13,0,0,24,0,24,0,9,28,0,37,2,0,2,39
05/30/2005,MHK,KS,ACE,CE,Federal Contract Tower,0,10,5,0,15,0,0,5,2,7,0,10,10,2,22,16,0,16,38
05/31/2005,MHK,KS,ACE,CE,Federal Contract Tower,0,10,10,1,21,0,0,19,5,24,0,10,29,6,45,40,0,40,85
06/01/2005,MHK,KS,ACE,CE,Federal Contract Tower,0,10,9,2,21,0,0,18,2,20,0,10,27,4,41,52,2,54,95
06/02/2005,MHK,KS,ACE,CE,Federal Contract Tower,0,10,14,0,24,0,0,12,0,12,0,10,26,0,36,28,0,28,64
06/03/2005,MHK,KS,ACE,CE,Federal Contract Tower,0,10,8,0,18,0,0,5,0,5,0,10,13,0,23,8,0,8,31
06/04/2005,MHK,KS,ACE,CE,Federal Contract Tower,0,2,9,0,11,0,0,24,0,24,0,2,33,0,35,32,0,32,67
06/05/2005,MHK,KS,ACE,CE,Federal Contract Tower,0,6,10,0,16,0,0,41,0,41,0,6,51,0,57,30,0,30,87
06/06/2005,MHK,KS,ACE,CE,Federal Contract Tower,0,10,18,2,30,0,0,32,1,33,0,10,50,3,63,42,2,44,107
06/07/2005,MHK,KS,ACE,CE,Federal Contract Tower,0,8,9,0,17,0,0,30,4,34,0,8,39,4,51,50,0,50,101
06/08/2005,MHK,KS,ACE,CE,Federal Contract Tower,0,8,7,4,19,0,0,51,3,54,0,8,58,7,73,28,0,28,101
06/09/2005,MHK,KS,ACE,CE,Federal Contract Tower,0,8,10,0,18,0,0,15,0,15,0,8,25,0,33,8,4,12,45
06/10/2005,MHK,KS,ACE,CE,Federal Contract Tower,0,9,9,2,20,0,0,15,2,17,0,9,24,4,37,26,4,30,67
06/11/2005,MHK,KS,ACE,CE,Federal Contract Tower,0,4,7,2,13,0,0,21,0,21,0,4,28,2,34,12,0,12,46
06/12/2005,MHK,KS,ACE,CE,Federal Contract Tower,0,6,12,0,18,0,0,9,0,9,0,6,21,0,27,0,0,0,27
06/13/2005,MHK,KS,ACE,CE,Federal Contract Tower,0,10,8,2,20,0,0,21,8,29,0,10,29,10,49,8,0,8,57
06/14/2005,MHK,KS,ACE,CE,Federal Contract Tower,2,10,14,1,27,0,0,68,7,75,2,10,82,8,102,42,6,48,150
06/15/2005,MHK,KS,ACE,CE,Federal Contract Tower,0,8,19,0,27,0,0,62,5,67,0,8,81,5,94,96,0,96,190
06/16/2005,MHK,KS,ACE,CE,Federal Contract Tower,0,12,22,2,36,0,0,31,14,45,0,12,53,16,81,30,2,32,113
06/17/2005,MHK,KS,ACE,CE,Federal Contract Tower,0,8,20,1,29,0,0,39,0,39,0,8,59,1,68,34,0,34,102
06/18/2005,MHK,KS,ACE,CE,Federal Contract Tower,0,2,6,0,8,0,0,74,0,74,0,2,80,0,82,14,0,14,96
06/19/2005,MHK,KS,ACE,CE,Federal Contract Tower,0,2,11,2,15,0,0,49,0,49,0,2,60,2,64,40,0,40,104
06/20/2005,MHK,KS,ACE,CE,Federal Contract Tower,0,8,11,0,19,0,0,39,10,49,0,8,50,10,68,42,0,42,110
06/21/2005,MHK,KS,ACE,CE,Federal Contract Tower,0,10,21,0,31,0,0,45,4,49,0,10,66,4,80,34,0,34,114
06/22/2005,MHK,KS,ACE,CE,Federal Contract Tower,0,6,20,2,28,0,0,38,2,40,0,6,58,4,68,66,0,66,134
06/23/2005,MHK,KS,ACE,CE,Federal Contract Tower,0,8,21,0,29,0,0,38,0,38,0,8,59,0,67,20,0,20,87
06/24/2005,MHK,KS,ACE,CE,Federal Contract Tower,0,8,10,4,22,0,0,39,0,39,0,8,49,4,61,50,2,52,113
06/25/2005,MHK,KS,ACE,CE,Federal Contract Tower,0,2,11,0,13,0,0,41,0,41,0,2,52,0,54,50,0,50,104
06/26/2005,MHK,KS,ACE,CE,Federal Contract Tower,0,8,10,0,18,0,0,32,0,32,0,8,42,0,50,30,0,30,80
06/27/2005,MHK,KS,ACE,CE,Federal Contract Tower,0,10,11,0,21,0,0,27,4,31,0,10,38,4,52,14,2,16,68
06/28/2005,MHK,KS,ACE,CE,Federal Contract Tower,0,10,12,5,27,0,0,18,1,19,0,10,30,6,46,26,0,26,72
06/29/2005,MHK,KS,ACE,CE,Federal Contract Tower,0,6,8,2,16,0,0,18,2,20,0,6,26,4,36,20,0,20,56
06/30/2005,MHK,KS,ACE,CE,Federal Contract Tower,0,6,9,0,15,0,0,26,0,26,0,6,35,0,41,56,0,56,97
07/01/2005,MHK,KS,ACE,CE,Federal Contract Tower,0,8,24,0,32,0,0,36,2,38,0,8,60,2,70,54,4,58,128
07/02/2005,MHK,KS,ACE,CE,Federal Contract Tower,0,2,10,0,12,0,0,26,0,26,0,2,36,0,38,10,0,10,48
07/03/2005,MHK,KS,ACE,CE,Federal Contract Tower,0,12,4,0,16,0,0,11,0,11,0,12,15,0,27,0,0,0,27
07/04/2005,MHK,KS,ACE,CE,Federal Contract Tower,0,8,0,0,8,0,0,29,3,32,0,8,29,3,40,20,0,20,60
07/05/2005,MHK,KS,ACE,CE,Federal Contract Tower,0,6,9,0,15,0,0,15,2,17,0,6,24,2,32,8,2,10,42
07/06/2005,MHK,KS,ACE,CE,Federal Contract Tower,0,8,7,2,17,0,0,33,0,33,0,8,40,2,50,68,0,68,118
07/07/2005,MHK,KS,ACE,CE,Federal Contract Tower,0,14,9,2,25,0,0,26,0,26,0,14,35,2,51,38,2,40,91
07/08/2005,MHK,KS,ACE,CE,Federal Contract Tower,0,8,9,1,18,0,0,15,2,17,0,8,24,3,35,18,4,22,57
07/09/2005,MHK,KS,ACE,CE,Federal Contract Tower,0,2,8,0,10,0,0,33,2,35,0,2,41,2,45,26,0,26,71
07/10/2005,MHK,KS,ACE,CE,Federal Contract Tower,0,8,5,0,13,0,0,29,0,29,0,8,34,0,42,16,0,16,58
07/11/2005,MHK,KS,ACE,CE,Federal Contract Tower,0,8,9,0,17,0,0,27,2,29,0,8,36,2,46,46,2,48,94
07/12/2005,MHK,KS,ACE,CE,Federal Contract Tower,0,10,11,0,21,0,0,29,0,29,0,10,40,0,50,38,0,38,88
07/13/2005,MHK,KS,ACE,CE,Federal Contract Tower,0,11,10,2,23,0,0,31,1,32,0,11,41,3,55,64,12,76,131
07/14/2005,MHK,KS,ACE,CE,Federal Contract Tower,0,11,7,0,18,0,0,36,2,38,0,11,43,2,56,16,12,28,84
07/15/2005,MHK,KS,ACE,CE,Federal Contract Tower,0,8,13,2,23,0,0,33,1,34,0,8,46,3,57,28,14,42,99
07/16/2005,MHK,KS,ACE,CE,Federal Contract Tower,0,2,3,0,5,0,0,43,2,45,0,2,46,2,50,12,0,12,62
07/17/2005,MHK,KS,ACE,CE,Federal Contract Tower,0,8,13,2,23,0,0,19,0,19,0,8,32,2,42,2,0,2,44
07/18/2005,MHK,KS,ACE,CE,Federal Contract Tower,0,8,8,2,18,0,0,12,1,13,0,8,20,3,31,14,8,22,53
07/19/2005,MHK,KS,ACE,CE,Federal Contract Tower,0,8,10,0,18,0,0,15,2,17,0,8,25,2,35,26,4,30,65
07/20/2005,MHK,KS,ACE,CE,Federal Contract Tower,0,8,14,1,23,0,0,31,0,31,0,8,45,1,54,54,2,56,110
07/21/2005,MHK,KS,ACE,CE,Federal Contract Tower,0,8,17,2,27,0,0,28,3,31,0,8,45,5,58,24,4,28,86
07/22/2005,MHK,KS,ACE,CE,Federal Contract Tower,0,8,14,2,24,0,0,37,0,37,0,8,51,2,61,62,4,66,127
07/23/2005,MHK,KS,ACE,CE,Federal Contract Tower,0,3,11,1,15,0,0,27,0,27,0,3,38,1,42,68,0,68,110
07/24/2005,MHK,KS,ACE,CE,Federal Contract Tower,0,7,13,0,20,0,0,17,0,17,0,7,30,0,37,22,0,22,59
07/25/2005,MHK,KS,ACE,CE,Federal Contract Tower,0,10,16,2,28,0,0,24,4,28,0,10,40,6,56,12,0,12,68
07/26/2005,MHK,KS,ACE,CE,Federal Contract Tower,0,10,17,3,30,0,0,9,1,10,0,10,26,4,40,58,0,58,98
07/27/2005,MHK,KS,ACE,CE,Federal Contract Tower,0,9,11,0,20,0,0,51,2,53,0,9,62,2,73,56,0,56,129
07/28/2005,MHK,KS,ACE,CE,Federal Contract Tower,0,9,20,0,29,0,0,44,0,44,0,9,64,0,73,28,0,28,101
07/29/2005,MHK,KS,ACE,CE,Federal Contract Tower,0,10,16,0,26,0,0,48,1,49,0,10,64,1,75,22,2,24,99
07/30/2005,MHK,KS,ACE,CE,Federal Contract Tower,0,3,6,0,9,0,0,46,0,46,0,3,52,0,55,48,0,48,103
07/31/2005,MHK,KS,ACE,CE,Federal Contract Tower,1,7,6,0,14,0,0,38,2,40,1,7,44,2,54,34,0,34,88
08/01/2005,MHK,KS,ACE,CE,Federal Contract Tower,14,12,11,1,38,0,0,44,1,45,14,12,55,2,83,52,2,54,137
08/02/2005,MHK,KS,ACE,CE,Federal Contract Tower,12,15,11,0,38,0,0,25,2,27,12,15,36,2,65,54,6,60,125
08/03/2005,MHK,KS,ACE,CE,Federal Contract Tower,8,16,6,1,31,0,0,24,1,25,8,16,30,2,56,20,0,20,76
08/04/2005,MHK,KS,ACE,CE,Federal Contract Tower,0,8,9,0,17,0,0,8,0,8,0,8,17,0,25,4,2,6,31
08/05/2005,MHK,KS,ACE,CE,Federal Contract Tower,0,12,18,1,31,0,0,23,0,23,0,12,41,1,54,14,0,14,68
08/06/2005,MHK,KS,ACE,CE,Federal Contract Tower,0,4,11,0,15,0,0,27,0,27,0,4,38,0,42,46,0,46,88
08/07/2005,MHK,KS,ACE,CE,Federal Contract Tower,0,7,4,0,11,0,0,16,0,16,0,7,20,0,27,4,0,4,31
08/08/2005,MHK,KS,ACE,CE,Federal Contract Tower,4,12,14,2,32,0,0,32,3,35,4,12,46,5,67,68,8,76,143
08/09/2005,MHK,KS,ACE,CE,Federal Contract Tower,0,11,6,4,21,0,0,30,0,30,0,11,36,4,51,20,2,22,73
08/10/2005,MHK,KS,ACE,CE,Federal Contract Tower,0,8,11,0,19,0,0,13,2,15,0,8,24,2,34,10,4,14,48
08/11/2005,MHK,KS,ACE,CE,Federal Contract Tower,0,9,18,4,31,0,0,29,4,33,0,9,47,8,64,42,0,42,106
08/12/2005,MHK,KS,ACE,CE,Federal Contract Tower,0,9,9,1,19,0,0,16,2,18,0,9,25,3,37,2,0,2,39
08/13/2005,MHK,KS,ACE,CE,Federal Contract Tower,0,9,6,0,15,0,0,0,0,0,0,9,6,0,15,0,0,0,15
08/14/2005,MHK,KS,ACE,CE,Federal Contract Tower,0,6,6,0,12,0,0,19,0,19,0,6,25,0,31,28,0,28,59
08/15/2005,MHK,KS,ACE,CE,Federal Contract Tower,0,10,14,0,24,0,0,19,0,19,0,10,33,0,43,24,0,24,67
08/16/2005,MHK,KS,ACE,CE,Federal Contract Tower,0,8,17,2,27,0,0,23,2,25,0,8,40,4,52,32,0,32,84
08/17/2005,MHK,KS,ACE,CE,Federal Contract Tower,0,8,16,1,25,0,0,12,1,13,0,8,28,2,38,20,0,20,58
08/18/2005,MHK,KS,ACE,CE,Federal Contract Tower,0,10,11,0,21,0,0,33,0,33,0,10,44,0,54,28,0,28,82
08/19/2005,MHK,KS,ACE,CE,Federal Contract Tower,0,12,17,0,29,0,0,18,2,20,0,12,35,2,49,20,2,22,71
08/20/2005,MHK,KS,ACE,CE,Federal Contract Tower,0,3,11,0,14,0,0,33,0,33,0,3,44,0,47,32,0,32,79
08/21/2005,MHK,KS,ACE,CE,Federal Contract Tower,0,6,10,0,16,0,0,23,0,23,0,6,33,0,39,24,0,24,63
08/22/2005,MHK,KS,ACE,CE,Federal Contract Tower,0,12,19,1,32,0,0,10,0,10,0,12,29,1,42,6,2,8,50
08/23/2005,MHK,KS,ACE,CE,Federal Contract Tower,0,8,19,0,27,0,0,3,0,3,0,8,22,0,30,0,0,0,30
08/24/2005,MHK,KS,ACE,CE,Federal Contract Tower,0,8,14,3,25,0,0,13,2,15,0,8,27,5,40,60,14,74,114
08/25/2005,MHK,KS,ACE,CE,Federal Contract Tower,0,9,7,3,19,0,1,36,0,37,0,10,43,3,56,42,0,42,98
08/26/2005,MHK,KS,ACE,CE,Federal Contract Tower,0,9,10,2,21,0,0,34,0,34,0,9,44,2,55,84,0,84,139
08/27/2005,MHK,KS,ACE,CE,Federal Contract Tower,6,5,7,2,20,0,0,65,0,65,6,5,72,2,85,28,0,28,113
08/28/2005,MHK,KS,ACE,CE,Federal Contract Tower,12,7,10,0,29,0,0,13,0,13,12,7,23,0,42,26,0,26,68
08/29/2005,MHK,KS,ACE,CE,Federal Contract Tower,8,10,12,2,32,0,0,31,1,32,8,10,43,3,64,26,2,28,92
08/30/2005,MHK,KS,ACE,CE,Federal Contract Tower,11,11,13,1,36,0,0,24,1,25,11,11,37,2,61,50,0,50,111
08/31/2005,MHK,KS,ACE,CE,Federal Contract Tower,1,8,10,2,21,0,0,31,2,33,1,8,41,4,54,42,0,42,96
09/01/2005,MHK,KS,ACE,CE,Federal Contract Tower,0,8,10,2,20,0,0,31,0,31,0,8,41,2,51,26,4,30,81
09/02/2005,MHK,KS,ACE,CE,Federal Contract Tower,2,10,17,0,29,0,0,28,0,28,2,10,45,0,57,32,0,32,89
09/03/2005,MHK,KS,ACE,CE,Federal Contract Tower,2,2,15,2,21,0,0,30,0,30,2,2,45,2,51,32,0,32,83
09/04/2005,MHK,KS,ACE,CE,Federal Contract Tower,0,8,2,2,12,0,0,23,0,23,0,8,25,2,35,8,0,8,43
09/05/2005,MHK,KS,ACE,CE,Federal Contract Tower,0,10,11,0,21,0,0,27,0,27,0,10,38,0,48,22,0,22,70
09/06/2005,MHK,KS,ACE,CE,Federal Contract Tower,0,8,7,0,15,0,0,17,3,20,0,8,24,3,35,6,0,6,41
09/07/2005,MHK,KS,ACE,CE,Federal Contract Tower,0,10,18,2,30,0,0,20,1,21,0,10,38,3,51,32,0,32,83
09/08/2005,MHK,KS,ACE,CE,Federal Contract Tower,0,8,10,2,20,0,0,23,2,25,0,8,33,4,45,12,0,12,57
09/09/2005,MHK,KS,ACE,CE,Federal Contract Tower,2,8,11,1,22,0,0,29,9,38,2,8,40,10,60,2,10,12,72
09/10/2005,MHK,KS,ACE,CE,Federal Contract Tower,2,3,4,0,9,0,0,17,0,17,2,3,21,0,26,12,0,12,38
09/11/2005,MHK,KS,ACE,CE,Federal Contract Tower,0,7,5,0,12,0,0,19,0,19,0,7,24,0,31,28,0,28,59
09/12/2005,MHK,KS,ACE,CE,Federal Contract Tower,0,10,8,0,18,0,0,26,0,26,0,10,34,0,44,32,0,32,76
09/13/2005,MHK,KS,ACE,CE,Federal Contract Tower,0,8,13,2,23,0,0,25,2,27,0,8,38,4,50,40,4,44,94
09/14/2005,MHK,KS,ACE,CE,Federal Contract Tower,2,6,8,1,17,0,0,29,4,33,2,6,37,5,50,32,2,34,84
09/15/2005,MHK,KS,ACE,CE,Federal Contract Tower,0,10,19,2,31,0,0,20,0,20,0,10,39,2,51,10,2,12,63
09/16/2005,MHK,KS,ACE,CE,Federal Contract Tower,0,10,10,0,20,0,0,30,2,32,0,10,40,2,52,8,0,8,60
09/17/2005,MHK,KS,ACE,CE,Federal Contract Tower,0,6,7,0,13,0,0,18,0,18,0,6,25,0,31,14,0,14,45
09/18/2005,MHK,KS,ACE,CE,Federal Contract Tower,0,8,8,0,16,0,0,22,0,22,0,8,30,0,38,6,0,6,44
09/19/2005,MHK,KS,ACE,CE,Federal Contract Tower,0,8,17,0,25,0,0,22,1,23,0,8,39,1,48,34,0,34,82
09/20/2005,MHK,KS,ACE,CE,Federal Contract Tower,0,8,11,0,19,0,0,33,0,33,0,8,44,0,52,50,0,50,102
09/21/2005,MHK,KS,ACE,CE,Federal Contract Tower,0,8,18,0,26,0,0,23,0,23,0,8,41,0,49,62,2,64,113
09/22/2005,MHK,KS,ACE,CE,Federal Contract Tower,0,6,9,0,15,0,0,36,0,36,0,6,45,0,51,40,0,40,91
09/23/2005,MHK,KS,ACE,CE,Federal Contract Tower,2,10,25,0,37,0,0,2,0,2,2,10,27,0,39,0,0,0,39
09/24/2005,MHK,KS,ACE,CE,Federal Contract Tower,2,6,22,0,30,0,0,22,0,22,2,6,44,0,52,24,0,24,76
09/25/2005,MHK,KS,ACE,CE,Federal Contract Tower,0,6,7,0,13,0,0,18,0,18,0,6,25,0,31,16,0,16,47
09/26/2005,MHK,KS,ACE,CE,Federal Contract Tower,0,8,11,1,20,0,0,26,0,26,0,8,37,1,46,44,0,44,90
09/27/2005,MHK,KS,ACE,CE,Federal Contract Tower,0,5,17,3,25,0,0,21,1,22,0,5,38,4,47,28,0,28,75
09/28/2005,MHK,KS,ACE,CE,Federal Contract Tower,0,8,11,2,21,0,0,9,1,10,0,8,20,3,31,22,4,26,57
09/29/2005,MHK,KS,ACE,CE,Federal Contract Tower,0,8,20,2,30,0,0,36,1,37,0,8,56,3,67,24,2,26,93
09/30/2005,MHK,KS,ACE,CE,Federal Contract Tower,2,8,11,3,24,0,0,19,2,21,2,8,30,5,45,24,4,28,73
10/01/2005,MHK,KS,ACE,CE,Federal Contract Tower,0,2,7,10,19,0,0,8,0,8,0,2,15,10,27,14,0,14,41
10/02/2005,MHK,KS,ACE,CE,Federal Contract Tower,0,6,6,3,15,0,0,13,6,19,0,6,19,9,34,4,0,4,38
10/03/2005,MHK,KS,ACE,CE,Federal Contract Tower,0,8,9,0,17,0,0,18,1,19,0,8,27,1,36,2,2,4,40
10/04/2005,MHK,KS,ACE,CE,Federal Contract Tower,0,8,13,0,21,0,0,10,0,10,0,8,23,0,31,8,12,20,51
10/05/2005,MHK,KS,ACE,CE,Federal Contract Tower,0,10,10,0,20,0,0,7,4,11,0,10,17,4,31,4,0,4,35
10/06/2005,MHK,KS,ACE,CE,Federal Contract Tower,0,9,17,3,29,0,0,16,2,18,0,9,33,5,47,18,2,20,67
10/07/2005,MHK,KS,ACE,CE,Federal Contract Tower,0,10,13,2,25,0,0,37,0,37,0,10,50,2,62,88,0,88,150
10/08/2005,MHK,KS,ACE,CE,Federal Contract Tower,0,4,25,0,29,0,0,37,0,37,0,4,62,0,66,2,0,2,68
10/09/2005,MHK,KS,ACE,CE,Federal Contract Tower,0,9,12,0,21,0,0,21,0,21,0,9,33,0,42,28,0,28,70
10/10/2005,MHK,KS,ACE,CE,Federal Contract Tower,0,8,12,0,20,0,0,17,0,17,0,8,29,0,37,30,0,30,67
10/11/2005,MHK,KS,ACE,CE,Federal Contract Tower,1,10,22,2,35,0,0,3,1,4,1,10,25,3,39,24,0,24,63
10/12/2005,MHK,KS,ACE,CE,Federal Contract Tower,0,10,13,3,26,0,0,19,0,19,0,10,32,3,45,18,0,18,63
10/13/2005,MHK,KS,ACE,CE,Federal Contract Tower,0,12,13,2,27,0,0,31,0,31,0,12,44,2,58,70,2,72,130
10/14/2005,MHK,KS,ACE,CE,Federal Contract Tower,2,14,12,3,31,0,0,31,0,31,2,14,43,3,62,48,0,48,110
10/15/2005,MHK,KS,ACE,CE,Federal Contract Tower,4,3,8,6,21,0,0,37,4,41,4,3,45,10,62,20,40,60,122
10/16/2005,MHK,KS,ACE,CE,Federal Contract Tower,0,5,4,2,11,0,0,15,2,17,0,5,19,4,28,30,0,30,58
10/17/2005,MHK,KS,ACE,CE,Federal Contract Tower,2,8,14,0,24,0,0,28,2,30,2,8,42,2,54,56,0,56,110
10/18/2005,MHK,KS,ACE,CE,Federal Contract Tower,0,10,15,2,27,0,0,36,0,36,0,10,51,2,63,44,0,44,107
10/19/2005,MHK,KS,ACE,CE,Federal Contract Tower,0,10,21,0,31,0,0,16,2,18,0,10,37,2,49,10,0,10,59
10/20/2005,MHK,KS,ACE,CE,Federal Contract Tower,0,15,28,0,43,0,0,3,0,3,0,15,31,0,46,4,0,4,50
10/21/2005,MHK,KS,ACE,CE,Federal Contract Tower,2,12,19,8,41,0,0,29,0,29,2,12,48,8,70,0,50,50,120
10/22/2005,MHK,KS,ACE,CE,Federal Contract Tower,4,5,39,4,52,0,0,47,17,64,4,5,86,21,116,18,2,20,136
10/23/2005,MHK,KS,ACE,CE,Federal Contract Tower,0,9,18,5,32,0,0,23,0,23,0,9,41,5,55,0,4,4,59
10/24/2005,MHK,KS,ACE,CE,Federal Contract Tower,0,11,9,2,22,0,0,29,0,29,0,11,38,2,51,26,0,26,77
10/25/2005,MHK,KS,ACE,CE,Federal Contract Tower,0,8,11,2,21,0,0,28,2,30,0,8,39,4,51,46,0,46,97
10/26/2005,MHK,KS,ACE,CE,Federal Contract Tower,0,9,16,0,25,0,0,27,0,27,0,9,43,0,52,34,0,34,86
10/27/2005,MHK,KS,ACE,CE,Federal Contract Tower,0,8,11,2,21,0,0,23,1,24,0,8,34,3,45,28,0,28,73
10/28/2005,MHK,KS,ACE,CE,Federal Contract Tower,2,8,22,6,38,0,0,22,2,24,2,8,44,8,62,40,0,40,102
10/29/2005,MHK,KS,ACE,CE,Federal Contract Tower,2,2,26,2,32,0,0,29,1,30,2,2,55,3,62,6,0,6,68
10/30/2005,MHK,KS,ACE,CE,Federal Contract Tower,0,6,19,2,27,0,0,20,3,23,0,6,39,5,50,26,14,40,90
10/31/2005,MHK,KS,ACE,CE,Federal Contract Tower,0,8,8,2,18,0,0,17,0,17,0,8,25,2,35,36,0,36,71
11/01/2005,MHK,KS,ACE,CE,Federal Contract Tower,0,8,18,4,30,0,0,23,12,35,0,8,41,16,65,32,12,44,109
11/02/2005,MHK,KS,ACE,CE,Federal Contract Tower,0,8,11,8,27,0,0,15,11,26,0,8,26,19,53,16,24,40,93
11/03/2005,MHK,KS,ACE,CE,Federal Contract Tower,0,8,6,6,20,0,0,16,0,16,0,8,22,6,36,14,0,14,50
11/04/2005,MHK,KS,ACE,CE,Federal Contract Tower,2,6,8,7,23,0,0,20,0,20,2,6,28,7,43,32,6,38,81
11/05/2005,MHK,KS,ACE,CE,Federal Contract Tower,2,4,12,3,21,0,0,19,0,19,2,4,31,3,40,22,0,22,62
11/06/2005,MHK,KS,ACE,CE,Federal Contract Tower,0,6,8,5,19,0,0,27,0,27,0,6,35,5,46,30,0,30,76
11/07/2005,MHK,KS,ACE,CE,Federal Contract Tower,0,8,12,2,22,0,0,21,0,21,0,8,33,2,43,34,0,34,77
11/08/2005,MHK,KS,ACE,CE,Federal Contract Tower,0,11,18,8,37,0,0,8,0,8,0,11,26,8,45,8,2,10,55
11/09/2005,MHK,KS,ACE,CE,Federal Contract Tower,0,9,20,0,29,0,0,27,0,27,0,9,47,0,56,0,14,14,70
11/10/2005,MHK,KS,ACE,CE,Federal Contract Tower,0,11,10,2,23,0,0,24,0,24,0,11,34,2,47,36,0,36,83
11/11/2005,MHK,KS,ACE,CE,Federal Contract Tower,0,11,21,0,32,0,0,26,0,26,0,11,47,0,58,26,0,26,84
11/12/2005,MHK,KS,ACE,CE,Federal Contract Tower,0,2,10,0,12,0,0,13,0,13,0,2,23,0,25,2,0,2,27
11/13/2005,MHK,KS,ACE,CE,Federal Contract Tower,0,6,4,0,10,0,0,40,0,40,0,6,44,0,50,28,0,28,78
11/14/2005,MHK,KS,ACE,CE,Federal Contract Tower,0,10,13,0,23,0,0,26,0,26,0,10,39,0,49,30,0,30,79
11/15/2005,MHK,KS,ACE,CE,Federal Contract Tower,0,9,7,0,16,0,0,1,0,1,0,9,8,0,17,0,0,0,17
11/16/2005,MHK,KS,ACE,CE,Federal Contract Tower,0,12,15,2,29,0,0,34,0,34,0,12,49,2,63,36,2,38,101
11/17/2005,MHK,KS,ACE,CE,Federal Contract Tower,0,8,16,0,24,0,0,21,0,21,0,8,37,0,45,0,24,24,69
11/18/2005,MHK,KS,ACE,CE,Federal Contract Tower,1,12,16,0,29,0,0,44,0,44,1,12,60,0,73,0,70,70,143
11/19/2005,MHK,KS,ACE,CE,Federal Contract Tower,0,6,33,4,43,0,0,27,9,36,0,6,60,13,79,20,0,20,99
11/20/2005,MHK,KS,ACE,CE,Federal Contract Tower,0,0,14,0,14,0,6,23,4,33,0,6,37,4,47,10,0,10,57
11/21/2005,MHK,KS,ACE,CE,Federal Contract Tower,0,8,9,3,20,0,0,32,1,33,0,8,41,4,53,58,0,58,111
11/22/2005,MHK,KS,ACE,CE,Federal Contract Tower,0,8,9,1,18,0,0,24,2,26,0,8,33,3,44,32,0,32,76
11/23/2005,MHK,KS,ACE,CE,Federal Contract Tower,0,8,10,0,18,0,0,13,0,13,0,8,23,0,31,8,0,8,39
11/24/2005,MHK,KS,ACE,CE,Federal Contract Tower,0,8,5,0,13,0,0,12,1,13,0,8,17,1,26,0,0,0,26
11/25/2005,MHK,KS,ACE,CE,Federal Contract Tower,0,10,3,0,13,0,0,19,0,19,0,10,22,0,32,12,0,12,44
11/26/2005,MHK,KS,ACE,CE,Federal Contract Tower,0,6,5,1,12,0,0,40,0,40,0,6,45,1,52,12,0,12,64
11/27/2005,MHK,KS,ACE,CE,Federal Contract Tower,0,8,10,0,18,0,0,0,0,0,0,8,10,0,18,0,0,0,18
11/28/2005,MHK,KS,ACE,CE,Federal Contract Tower,0,11,12,2,25,0,0,6,0,6,0,11,18,2,31,0,0,0,31
11/29/2005,MHK,KS,ACE,CE,Federal Contract Tower,0,11,12,2,25,0,0,5,0,5,0,11,17,2,30,26,0,26,56
11/30/2005,MHK,KS,ACE,CE,Federal Contract Tower,0,11,6,0,17,0,0,17,0,17,0,11,23,0,34,32,0,32,66
12/01/2005,MHK,KS,ACE,CE,Federal Contract Tower,0,8,12,3,23,0,0,22,0,22,0,8,34,3,45,42,0,42,87
12/02/2005,MHK,KS,ACE,CE,Federal Contract Tower,0,10,10,6,26,0,0,15,2,17,0,10,25,8,43,66,16,82,125
12/03/2005,MHK,KS,ACE,CE,Federal Contract Tower,0,2,1,0,3,0,0,15,0,15,0,2,16,0,18,38,2,40,58
12/04/2005,MHK,KS,ACE,CE,Federal Contract Tower,0,7,6,0,13,0,0,23,0,23,0,7,29,0,36,42,0,42,78
12/05/2005,MHK,KS,ACE,CE,Federal Contract Tower,0,5,5,2,12,0,0,18,3,21,0,5,23,5,33,32,0,32,65
12/06/2005,MHK,KS,ACE,CE,Federal Contract Tower,0,9,7,1,17,0,0,18,0,18,0,9,25,1,35,44,0,44,79
12/07/2005,MHK,KS,ACE,CE,Federal Contract Tower,0,9,5,0,14,0,0,0,14,14,0,9,5,14,28,0,0,0,28
12/08/2005,MHK,KS,ACE,CE,Federal Contract Tower,0,8,9,0,17,0,0,10,0,10,0,8,19,0,27,14,0,14,41
12/09/2005,MHK,KS,ACE,CE,Federal Contract Tower,0,10,22,3,35,0,0,16,0,16,0,10,38,3,51,6,0,6,57
12/10/2005,MHK,KS,ACE,CE,Federal Contract Tower,0,2,10,1,13,0,0,13,0,13,0,2,23,1,26,16,2,18,44
12/11/2005,MHK,KS,ACE,CE,Federal Contract Tower,0,6,5,1,12,0,0,11,0,11,0,6,16,1,23,6,0,6,29
12/12/2005,MHK,KS,ACE,CE,Federal Contract Tower,0,8,8,0,16,0,0,32,0,32,0,8,40,0,48,56,0,56,104
12/13/2005,MHK,KS,ACE,CE,Federal Contract Tower,0,8,16,2,26,0,0,17,2,19,0,8,33,4,45,38,0,38,83
12/14/2005,MHK,KS,ACE,CE,Federal Contract Tower,0,8,9,0,17,0,0,26,2,28,0,8,35,2,45,48,2,50,95
12/15/2005,MHK,KS,ACE,CE,Federal Contract Tower,0,8,16,0,24,0,0,19,4,23,0,8,35,4,47,28,0,28,75
12/16/2005,MHK,KS,ACE,CE,Federal Contract Tower,0,8,13,0,21,0,0,27,0,27,0,8,40,0,48,34,0,34,82
12/17/2005,MHK,KS,ACE,CE,Federal Contract Tower,0,6,1,0,7,0,0,0,0,0,0,6,1,0,7,0,0,0,7
12/18/2005,MHK,KS,ACE,CE,Federal Contract Tower,0,8,3,0,11,0,0,9,0,9,0,8,12,0,20,18,0,18,38
12/19/2005,MHK,KS,ACE,CE,Federal Contract Tower,0,8,7,4,19,0,0,19,0,19,0,8,26,4,38,16,0,16,54
12/20/2005,MHK,KS,ACE,CE,Federal Contract Tower,0,10,13,7,30,0,0,16,1,17,0,10,29,8,47,36,14,50,97
12/21/2005,MHK,KS,ACE,CE,Federal Contract Tower,0,9,6,2,17,0,0,26,0,26,0,9,32,2,43,24,0,24,67
12/22/2005,MHK,KS,ACE,CE,Federal Contract Tower,0,10,18,3,31,0,0,25,0,25,0,10,43,3,56,26,0,26,82
12/23/2005,MHK,KS,ACE,CE,Federal Contract Tower,0,8,11,0,19,0,0,22,0,22,0,8,33,0,41,16,0,16,57
12/24/2005,MHK,KS,ACE,CE,Federal Contract Tower,0,2,3,0,5,0,0,2,0,2,0,2,5,0,7,0,0,0,7
12/25/2005,MHK,KS,ACE,CE,Federal Contract Tower,0,8,0,0,8,0,0,4,0,4,0,8,4,0,12,4,0,4,16
12/26/2005,MHK,KS,ACE,CE,Federal Contract Tower,0,8,1,0,9,0,0,51,0,51,0,8,52,0,60,62,0,62,122
12/27/2005,MHK,KS,ACE,CE,Federal Contract Tower,0,8,8,0,16,0,0,20,0,20,0,8,28,0,36,12,0,12,48
12/28/2005,MHK,KS,ACE,CE,Federal Contract Tower,0,12,6,2,20,0,0,17,0,17,0,12,23,2,37,16,0,16,53
12/29/2005,MHK,KS,ACE,CE,Federal Contract Tower,0,12,11,0,23,0,0,26,0,26,0,12,37,0,49,14,0,14,63
12/30/2005,MHK,KS,ACE,CE,Federal Contract Tower,0,9,5,0,14,0,0,16,0,16,0,9,21,0,30,22,0,22,52
12/31/2005,MHK,KS,ACE,CE,Federal Contract Tower,0,4,3,0,7,0,0,23,0,23,0,4,26,0,30,26,0,26,56
01/01/2006,MHK,KS,ACE,CE,Federal Contract Tower,0,8,5,0,13,0,0,14,0,14,0,8,19,0,27,20,0,20,47
01/02/2006,MHK,KS,ACE,CE,Federal Contract Tower,0,8,10,0,18,0,0,10,0,10,0,8,20,0,28,32,0,32,60
01/03/2006,MHK,KS,ACE,CE,Federal Contract Tower,0,10,5,0,15,0,0,21,0,21,0,10,26,0,36,26,0,26,62
01/04/2006,MHK,KS,ACE,CE,Federal Contract Tower,0,11,9,2,22,0,0,26,2,28,0,11,35,4,50,14,0,14,64
01/05/2006,MHK,KS,ACE,CE,Federal Contract Tower,2,8,15,2,27,0,0,24,2,26,2,8,39,4,53,36,0,36,89
01/06/2006,MHK,KS,ACE,CE,Federal Contract Tower,0,10,12,0,22,0,0,28,2,30,0,10,40,2,52,36,0,36,88
01/07/2006,MHK,KS,ACE,CE,Federal Contract Tower,0,8,8,0,16,0,0,42,0,42,0,8,50,0,58,40,0,40,98
01/08/2006,MHK,KS,ACE,CE,Federal Contract Tower,2,6,8,0,16,0,0,17,0,17,2,6,25,0,33,2,0,2,35
01/09/2006,MHK,KS,ACE,CE,Federal Contract Tower,0,10,10,0,20,0,0,14,0,14,0,10,24,0,34,20,0,20,54
01/10/2006,MHK,KS,ACE,CE,Federal Contract Tower,0,6,9,2,17,0,0,29,0,29,0,6,38,2,46,52,0,52,98
01/11/2006,MHK,KS,ACE,CE,Federal Contract Tower,0,10,8,2,20,0,0,35,1,36,0,10,43,3,56,58,0,58,114
01/12/2006,MHK,KS,ACE,CE,Federal Contract Tower,0,8,11,2,21,0,0,23,1,24,0,8,34,3,45,34,0,34,79
01/13/2006,MHK,KS,ACE,CE,Federal Contract Tower,0,8,2,0,10,0,0,26,0,26,0,8,28,0,36,14,6,20,56
01/14/2006,MHK,KS,ACE,CE,Federal Contract Tower,2,2,7,0,11,0,0,35,0,35,2,2,42,0,46,46,0,46,92
01/15/2006,MHK,KS,ACE,CE,Federal Contract Tower,0,6,4,0,10,0,0,28,0,28,0,6,32,0,38,44,0,44,82
01/16/2006,MHK,KS,ACE,CE,Federal Contract Tower,0,8,7,0,15,0,0,17,0,17,0,8,24,0,32,30,0,30,62
01/17/2006,MHK,KS,ACE,CE,Federal Contract Tower,2,12,9,4,27,0,0,30,1,31,2,12,39,5,58,22,0,22,80
01/18/2006,MHK,KS,ACE,CE,Federal Contract Tower,0,8,12,2,22,0,0,29,0,29,0,8,41,2,51,8,0,8,59
01/19/2006,MHK,KS,ACE,CE,Federal Contract Tower,0,11,12,0,23,0,0,25,0,25,0,11,37,0,48,52,2,54,102
01/20/2006,MHK,KS,ACE,CE,Federal Contract Tower,0,8,6,0,14,0,0,0,0,0,0,8,6,0,14,0,0,0,14
01/21/2006,MHK,KS,ACE,CE,Federal Contract Tower,0,4,15,0,19,0,0,25,0,25,0,4,40,0,44,66,0,66,110
01/22/2006,MHK,KS,ACE,CE,Federal Contract Tower,0,6,11,2,19,0,0,31,0,31,0,6,42,2,50,0,10,10,60
01/23/2006,MHK,KS,ACE,CE,Federal Contract Tower,2,10,11,4,27,0,0,6,0,6,2,10,17,4,33,0,8,8,41
01/24/2006,MHK,KS,ACE,CE,Federal Contract Tower,0,6,4,0,10,0,0,20,0,20,0,6,24,0,30,12,0,12,42
01/25/2006,MHK,KS,ACE,CE,Federal Contract Tower,0,8,11,2,21,0,0,20,0,20,0,8,31,2,41,26,0,26,67
01/26/2006,MHK,KS,ACE,CE,Federal Contract Tower,0,8,12,0,20,0,0,14,0,14,0,8,26,0,34,4,0,4,38
01/27/2006,MHK,KS,ACE,CE,Federal Contract Tower,0,6,14,0,20,0,0,31,0,31,0,6,45,0,51,36,0,36,87
01/28/2006,MHK,KS,ACE,CE,Federal Contract Tower,0,2,8,0,10,0,0,0,0,0,0,2,8,0,10,0,0,0,10
01/29/2006,MHK,KS,ACE,CE,Federal Contract Tower,0,7,11,0,18,0,0,29,0,29,0,7,40,0,47,40,0,40,87
01/30/2006,MHK,KS,ACE,CE,Federal Contract Tower,0,8,5,2,15,0,0,34,0,34,0,8,39,2,49,62,0,62,111
01/31/2006,MHK,KS,ACE,CE,Federal Contract Tower,0,11,8,1,20,0,0,16,4,20,0,11,24,5,40,26,0,26,66
02/01/2006,MHK,KS,ACE,CE,Federal Contract Tower,0,9,14,2,25,0,0,33,0,33,0,9,47,2,58,40,6,46,104
02/02/2006,MHK,KS,ACE,CE,Federal Contract Tower,0,8,11,2,21,0,0,33,0,33,0,8,44,2,54,60,0,60,114
02/03/2006,MHK,KS,ACE,CE,Federal Contract Tower,0,8,14,2,24,0,0,41,0,41,0,8,55,2,65,32,4,36,101
02/04/2006,MHK,KS,ACE,CE,Federal Contract Tower,0,4,7,0,11,0,0,41,0,41,0,4,48,0,52,52,0,52,104
02/05/2006,MHK,KS,ACE,CE,Federal Contract Tower,0,4,9,0,13,0,0,16,4,20,0,4,25,4,33,16,0,16,49
02/06/2006,MHK,KS,ACE,CE,Federal Contract Tower,0,8,5,0,13,0,0,17,0,17,0,8,22,0,30,16,0,16,46
02/07/2006,MHK,KS,ACE,CE,Federal Contract Tower,0,8,14,0,22,0,0,15,2,17,0,8,29,2,39,14,2,16,55
02/08/2006,MHK,KS,ACE,CE,Federal Contract Tower,0,10,12,2,24,0,0,22,2,24,0,10,34,4,48,30,0,30,78
02/09/2006,MHK,KS,ACE,CE,Federal Contract Tower,0,10,11,0,21,0,0,16,0,16,0,10,27,0,37,26,0,26,63
02/10/2006,MHK,KS,ACE,CE,Federal Contract Tower,0,11,10,2,23,0,0,11,0,11,0,11,21,2,34,28,0,28,62
02/11/2006,MHK,KS,ACE,CE,Federal Contract Tower,0,5,3,0,8,0,0,6,0,6,0,5,9,0,14,8,0,8,22
02/12/2006,MHK,KS,ACE,CE,Federal Contract Tower,1,6,7,0,14,0,0,23,0,23,1,6,30,0,37,18,0,18,55
02/13/2006,MHK,KS,ACE,CE,Federal Contract Tower,0,10,1,0,11,0,0,24,0,24,0,10,25,0,35,42,0,42,77
02/14/2006,MHK,KS,ACE,CE,Federal Contract Tower,0,8,10,0,18,0,0,30,0,30,0,8,40,0,48,36,0,36,84
02/15/2006,MHK,KS,ACE,CE,Federal Contract Tower,0,10,4,2,16,0,0,15,0,15,0,10,19,2,31,26,0,26,57
02/16/2006,MHK,KS,ACE,CE,Federal Contract Tower,0,8,5,0,13,0,0,5,0,5,0,8,10,0,18,28,0,28,46
02/17/2006,MHK,KS,ACE,CE,Federal Contract Tower,0,8,13,0,21,0,0,8,0,8,0,8,21,0,29,26,0,26,55
02/18/2006,MHK,KS,ACE,CE,Federal Contract Tower,0,2,3,0,5,0,0,17,0,17,0,2,20,0,22,34,0,34,56
02/19/2006,MHK,KS,ACE,CE,Federal Contract Tower,0,8,5,0,13,0,0,20,0,20,0,8,25,0,33,10,0,10,43
02/20/2006,MHK,KS,ACE,CE,Federal Contract Tower,0,9,5,1,15,0,0,27,0,27,0,9,32,1,42,48,0,48,90
02/21/2006,MHK,KS,ACE,CE,Federal Contract Tower,0,10,4,2,16,0,0,21,0,21,0,10,25,2,37,68,0,68,105
02/22/2006,MHK,KS,ACE,CE,Federal Contract Tower,0,10,13,0,23,0,0,30,0,30,0,10,43,0,53,26,0,26,79
02/23/2006,MHK,KS,ACE,CE,Federal Contract Tower,0,8,5,0,13,0,0,31,0,31,0,8,36,0,44,54,0,54,98
02/24/2006,MHK,KS,ACE,CE,Federal Contract Tower,0,8,15,0,23,0,0,10,0,10,0,8,25,0,33,8,0,8,41
02/25/2006,MHK,KS,ACE,CE,Federal Contract Tower,0,2,14,0,16,0,0,35,0,35,0,2,49,0,51,22,0,22,73
02/26/2006,MHK,KS,ACE,CE,Federal Contract Tower,0,6,12,0,18,0,0,28,0,28,0,6,40,0,46,20,0,20,66
02/27/2006,MHK,KS,ACE,CE,Federal Contract Tower,0,10,6,0,16,0,0,15,0,15,0,10,21,0,31,8,0,8,39
02/28/2006,MHK,KS,ACE,CE,Federal Contract Tower,0,12,7,0,19,0,0,12,0,12,0,12,19,0,31,0,0,0,31
03/01/2006,MHK,KS,ACE,CE,Federal Contract Tower,0,8,8,0,16,0,0,18,0,18,0,8,26,0,34,14,4,18,52
03/02/2006,MHK,KS,ACE,CE,Federal Contract Tower,0,13,9,0,22,0,0,16,4,20,0,13,25,4,42,22,0,22,64
03/03/2006,MHK,KS,ACE,CE,Federal Contract Tower,0,8,8,0,16,0,0,29,6,35,0,8,37,6,51,30,0,30,81
03/04/2006,MHK,KS,ACE,CE,Federal Contract Tower,1,2,12,0,15,0,0,18,0,18,1,2,30,0,33,30,0,30,63
03/05/2006,MHK,KS,ACE,CE,Federal Contract Tower,1,8,12,1,22,0,0,40,0,40,1,8,52,1,62,24,0,24,86
03/06/2006,MHK,KS,ACE,CE,Federal Contract Tower,0,8,16,0,24,0,0,33,0,33,0,8,49,0,57,40,0,40,97
03/07/2006,MHK,KS,ACE,CE,Federal Contract Tower,0,10,12,2,24,0,0,5,0,5,0,10,17,2,29,0,0,0,29
03/08/2006,MHK,KS,ACE,CE,Federal Contract Tower,0,9,10,2,21,0,0,12,0,12,0,9,22,2,33,12,0,12,45
03/09/2006,MHK,KS,ACE,CE,Federal Contract Tower,0,10,12,8,30,0,0,10,0,10,0,10,22,8,40,22,0,22,62
03/10/2006,MHK,KS,ACE,CE,Federal Contract Tower,0,9,19,14,42,0,0,22,0,22,0,9,41,14,64,20,0,20,84
03/11/2006,MHK,KS,ACE,CE,Federal Contract Tower,0,3,6,1,10,0,0,34,0,34,0,3,40,1,44,32,0,32,76
03/12/2006,MHK,KS,ACE,CE,Federal Contract Tower,0,6,2,0,8,0,0,11,0,11,0,6,13,0,19,16,0,16,35
03/13/2006,MHK,KS,ACE,CE,Federal Contract Tower,0,8,13,0,21,0,0,18,0,18,0,8,31,0,39,24,0,24,63
03/14/2006,MHK,KS,ACE,CE,Federal Contract Tower,0,8,13,4,25,0,0,33,2,35,0,8,46,6,60,42,10,52,112
03/15/2006,MHK,KS,ACE,CE,Federal Contract Tower,0,8,16,1,25,0,0,14,0,14,0,8,30,1,39,20,0,20,59
03/16/2006,MHK,KS,ACE,CE,Federal Contract Tower,0,8,12,2,22,0,0,19,0,19,0,8,31,2,41,12,0,12,53
03/17/2006,MHK,KS,ACE,CE,Federal Contract Tower,0,14,18,0,32,0,0,12,0,12,0,14,30,0,44,22,0,22,66
03/18/2006,MHK,KS,ACE,CE,Federal Contract Tower,0,2,4,0,6,0,0,1,0,1,0,2,5,0,7,12,0,12,19
03/19/2006,MHK,KS,ACE,CE,Federal Contract Tower,0,6,9,0,15,0,0,0,0,0,0,6,9,0,15,4,0,4,19
03/20/2006,MHK,KS,ACE,CE,Federal Contract Tower,0,10,0,0,10,0,0,0,0,0,0,10,0,0,10,0,0,0,10
03/21/2006,MHK,KS,ACE,CE,Federal Contract Tower,0,10,4,2,16,0,0,2,0,2,0,10,6,2,18,6,0,6,24
03/22/2006,MHK,KS,ACE,CE,Federal Contract Tower,0,6,9,0,15,0,0,11,0,11,0,6,20,0,26,24,0,24,50
03/23/2006,MHK,KS,ACE,CE,Federal Contract Tower,0,8,11,2,21,0,0,21,0,21,0,8,32,2,42,30,0,30,72
03/24/2006,MHK,KS,ACE,CE,Federal Contract Tower,0,10,7,1,18,0,0,16,0,16,0,10,23,1,34,14,0,14,48
03/25/2006,MHK,KS,ACE,CE,Federal Contract Tower,0,2,12,0,14,0,0,28,0,28,0,2,40,0,42,40,0,40,82
03/26/2006,MHK,KS,ACE,CE,Federal Contract Tower,0,6,11,2,19,0,0,9,0,9,0,6,20,2,28,14,0,14,42
03/27/2006,MHK,KS,ACE,CE,Federal Contract Tower,0,10,15,0,25,0,0,9,0,9,0,10,24,0,34,10,0,10,44
03/28/2006,MHK,KS,ACE,CE,Federal Contract Tower,0,8,16,0,24,0,0,37,0,37,0,8,53,0,61,56,0,56,117
03/29/2006,MHK,KS,ACE,CE,Federal Contract Tower,0,9,15,2,26,0,0,17,0,17,0,9,32,2,43,28,0,28,71
03/30/2006,MHK,KS,ACE,CE,Federal Contract Tower,0,8,11,0,19,0,0,7,0,7,0,8,18,0,26,6,0,6,32
03/31/2006,MHK,KS,ACE,CE,Federal Contract Tower,0,9,7,1,17,0,0,24,0,24,0,9,31,1,41,14,0,14,55
04/01/2006,MHK,KS,ACE,CE,Federal Contract Tower,0,2,6,0,8,0,0,60,0,60,0,2,66,0,68,42,0,42,110
04/02/2006,MHK,KS,ACE,CE,Federal Contract Tower,0,8,13,0,21,0,0,7,0,7,0,8,20,0,28,0,0,0,28
04/03/2006,MHK,KS,ACE,CE,Federal Contract Tower,0,10,6,0,16,0,0,25,0,25,0,10,31,0,41,30,0,30,71
04/04/2006,MHK,KS,ACE,CE,Federal Contract Tower,0,7,7,2,16,0,0,37,0,37,0,7,44,2,53,58,0,58,111
04/05/2006,MHK,KS,ACE,CE,Federal Contract Tower,0,9,14,2,25,0,0,11,0,11,0,9,25,2,36,24,0,24,60
04/06/2006,MHK,KS,ACE,CE,Federal Contract Tower,0,12,9,0,21,0,0,10,0,10,0,12,19,0,31,20,0,20,51
04/07/2006,MHK,KS,ACE,CE,Federal Contract Tower,0,9,13,0,22,0,0,7,0,7,0,9,20,0,29,14,0,14,43
04/08/2006,MHK,KS,ACE,CE,Federal Contract Tower,0,2,18,2,22,0,0,53,0,53,0,2,71,2,75,52,0,52,127
04/09/2006,MHK,KS,ACE,CE,Federal Contract Tower,0,6,7,0,13,0,0,31,0,31,0,6,38,0,44,16,0,16,60
04/10/2006,MHK,KS,ACE,CE,Federal Contract Tower,0,10,9,4,23,0,0,11,2,13,0,10,20,6,36,0,0,0,36
04/11/2006,MHK,KS,ACE,CE,Federal Contract Tower,0,8,9,2,19,0,0,9,0,9,0,8,18,2,28,8,0,8,36
04/12/2006,MHK,KS,ACE,CE,Federal Contract Tower,0,12,10,6,28,0,0,40,3,43,0,12,50,9,71,44,0,44,115
04/13/2006,MHK,KS,ACE,CE,Federal Contract Tower,0,8,11,0,19,0,0,21,0,21,0,8,32,0,40,4,0,4,44
04/14/2006,MHK,KS,ACE,CE,Federal Contract Tower,0,8,8,0,16,0,0,28,0,28,0,8,36,0,44,6,0,6,50
04/15/2006,MHK,KS,ACE,CE,Federal Contract Tower,0,2,0,0,2,0,0,16,0,16,0,2,16,0,18,0,0,0,18
04/16/2006,MHK,KS,ACE,CE,Federal Contract Tower,0,6,5,0,11,0,0,17,0,17,0,6,22,0,28,6,0,6,34
04/17/2006,MHK,KS,ACE,CE,Federal Contract Tower,0,8,13,1,22,0,0,11,0,11,0,8,24,1,33,12,0,12,45
04/18/2006,MHK,KS,ACE,CE,Federal Contract Tower,0,8,8,3,19,0,0,10,3,13,0,8,18,6,32,0,0,0,32
04/19/2006,MHK,KS,ACE,CE,Federal Contract Tower,0,8,7,3,18,0,0,29,0,29,0,8,36,3,47,52,0,52,99
04/20/2006,MHK,KS,ACE,CE,Federal Contract Tower,0,7,9,0,16,0,0,38,0,38,0,7,47,0,54,36,0,36,90
04/21/2006,MHK,KS,ACE,CE,Federal Contract Tower,0,10,12,6,28,0,0,45,3,48,0,10,57,9,76,34,18,52,128
04/22/2006,MHK,KS,ACE,CE,Federal Contract Tower,0,2,12,0,14,0,0,43,1,44,0,2,55,1,58,22,0,22,80
04/23/2006,MHK,KS,ACE,CE,Federal Contract Tower,0,6,11,4,21,0,0,18,0,18,0,6,29,4,39,30,0,30,69
04/24/2006,MHK,KS,ACE,CE,Federal Contract Tower,0,10,9,0,19,0,0,13,0,13,0,10,22,0,32,24,0,24,56
04/25/2006,MHK,KS,ACE,CE,Federal Contract Tower,0,9,15,1,25,0,0,1,1,2,0,9,16,2,27,0,0,0,27
04/26/2006,MHK,KS,ACE,CE,Federal Contract Tower,0,12,13,3,28,0,0,33,0,33,0,12,46,3,61,22,2,24,85
04/27/2006,MHK,KS,ACE,CE,Federal Contract Tower,0,12,15,4,31,0,0,34,2,36,0,12,49,6,67,28,0,28,95
04/28/2006,MHK,KS,ACE,CE,Federal Contract Tower,0,10,8,0,18,0,0,0,0,0,0,10,8,0,18,0,0,0,18
04/29/2006,MHK,KS,ACE,CE,Federal Contract Tower,0,2,11,0,13,0,0,0,0,0,0,2,11,0,13,0,0,0,13
04/30/2006,MHK,KS,ACE,CE,Federal Contract Tower,0,8,10,4,22,0,0,19,0,19,0,8,29,4,41,8,0,8,49
05/01/2006,MHK,KS,ACE,CE,Federal Contract Tower,0,10,7,0,17,0,0,22,4,26,0,10,29,4,43,50,2,52,95
05/02/2006,MHK,KS,ACE,CE,Federal Contract Tower,0,8,21,1,30,0,0,9,0,9,0,8,30,1,39,42,0,42,81
05/03/2006,MHK,KS,ACE,CE,Federal Contract Tower,0,15,22,0,37,0,0,12,0,12,0,15,34,0,49,44,0,44,93
05/04/2006,MHK,KS,ACE,CE,Federal Contract Tower,0,10,14,2,26,0,0,16,0,16,0,10,30,2,42,18,2,20,62
05/05/2006,MHK,KS,ACE,CE,Federal Contract Tower,0,8,13,10,31,0,0,11,3,14,0,8,24,13,45,4,14,18,63
05/06/2006,MHK,KS,ACE,CE,Federal Contract Tower,0,6,11,0,17,0,0,16,0,16,0,6,27,0,33,10,2,12,45
05/07/2006,MHK,KS,ACE,CE,Federal Contract Tower,0,8,8,0,16,0,0,17,0,17,0,8,25,0,33,10,0,10,43
05/08/2006,MHK,KS,ACE,CE,Federal Contract Tower,0,8,8,2,18,0,0,10,0,10,0,8,18,2,28,14,0,14,42
05/09/2006,MHK,KS,ACE,CE,Federal Contract Tower,0,10,6,0,16,0,0,20,0,20,0,10,26,0,36,6,0,6,42
05/10/2006,MHK,KS,ACE,CE,Federal Contract Tower,0,8,10,0,18,0,0,23,0,23,0,8,33,0,41,8,0,8,49
05/11/2006,MHK,KS,ACE,CE,Federal Contract Tower,0,8,7,2,17,0,0,13,0,13,0,8,20,2,30,14,4,18,48
05/12/2006,MHK,KS,ACE,CE,Federal Contract Tower,0,8,18,2,28,0,0,45,0,45,0,8,63,2,73,46,0,46,119
05/13/2006,MHK,KS,ACE,CE,Federal Contract Tower,0,2,13,2,17,0,0,29,0,29,0,2,42,2,46,56,0,56,102
05/14/2006,MHK,KS,ACE,CE,Federal Contract Tower,0,7,8,2,17,0,0,17,0,17,0,7,25,2,34,6,0,6,40
05/15/2006,MHK,KS,ACE,CE,Federal Contract Tower,0,8,16,0,24,0,0,13,0,13,0,8,29,0,37,2,0,2,39
05/16/2006,MHK,KS,ACE,CE,Federal Contract Tower,0,6,13,0,19,0,0,28,0,28,0,6,41,0,47,22,0,22,69
05/17/2006,MHK,KS,ACE,CE,Federal Contract Tower,0,8,16,2,26,0,0,23,0,23,0,8,39,2,49,20,0,20,69
05/18/2006,MHK,KS,ACE,CE,Federal Contract Tower,0,6,14,2,22,0,0,34,0,34,0,6,48,2,56,12,0,12,68
05/19/2006,MHK,KS,ACE,CE,Federal Contract Tower,0,10,16,1,27,0,0,34,0,34,0,10,50,1,61,10,0,10,71
05/20/2006,MHK,KS,ACE,CE,Federal Contract Tower,0,2,5,0,7,0,0,22,0,22,0,2,27,0,29,30,0,30,59
05/21/2006,MHK,KS,ACE,CE,Federal Contract Tower,0,6,7,6,19,0,0,49,0,49,0,6,56,6,68,22,0,22,90
05/22/2006,MHK,KS,ACE,CE,Federal Contract Tower,0,10,14,1,25,0,0,31,1,32,0,10,45,2,57,26,0,26,83
05/23/2006,MHK,KS,ACE,CE,Federal Contract Tower,0,8,19,2,29,0,0,13,0,13,0,8,32,2,42,10,2,12,54
05/24/2006,MHK,KS,ACE,CE,Federal Contract Tower,0,8,16,2,26,0,0,30,2,32,0,8,46,4,58,46,0,46,104
05/25/2006,MHK,KS,ACE,CE,Federal Contract Tower,0,8,11,1,20,0,0,25,1,26,0,8,36,2,46,12,0,12,58
05/26/2006,MHK,KS,ACE,CE,Federal Contract Tower,0,10,17,0,27,0,0,27,0,27,0,10,44,0,54,10,0,10,64
05/27/2006,MHK,KS,ACE,CE,Federal Contract Tower,0,2,6,0,8,0,0,15,2,17,0,2,21,2,25,0,10,10,35
05/28/2006,MHK,KS,ACE,CE,Federal Contract Tower,0,8,7,0,15,0,0,12,0,12,0,8,19,0,27,6,0,6,33
05/29/2006,MHK,KS,ACE,CE,Federal Contract Tower,0,10,12,2,24,0,0,6,0,6,0,10,18,2,30,0,0,0,30
05/30/2006,MHK,KS,ACE,CE,Federal Contract Tower,0,10,12,2,24,0,0,13,0,13,0,10,25,2,37,8,0,8,45
05/31/2006,MHK,KS,ACE,CE,Federal Contract Tower,0,8,12,2,22,0,0,28,0,28,0,8,40,2,50,40,0,40,90
06/01/2006,MHK,KS,ACE,CE,Federal Contract Tower,0,8,15,0,23,0,0,17,0,17,0,8,32,0,40,22,0,22,62
06/02/2006,MHK,KS,ACE,CE,Federal Contract Tower,0,11,4,4,19,0,0,41,0,41,0,11,45,4,60,10,0,10,70
06/03/2006,MHK,KS,ACE,CE,Federal Contract Tower,0,2,3,0,5,0,0,30,0,30,0,2,33,0,35,32,0,32,67
06/04/2006,MHK,KS,ACE,CE,Federal Contract Tower,0,8,7,2,17,0,0,28,0,28,0,8,35,2,45,18,0,18,63
06/05/2006,MHK,KS,ACE,CE,Federal Contract Tower,0,8,18,0,26,0,0,28,0,28,0,8,46,0,54,8,0,8,62
06/06/2006,MHK,KS,ACE,CE,Federal Contract Tower,0,8,18,0,26,0,0,28,0,28,0,8,46,0,54,8,0,8,62
06/07/2006,MHK,KS,ACE,CE,Federal Contract Tower,0,9,15,0,24,0,0,22,2,24,0,9,37,2,48,26,2,28,76
06/08/2006,MHK,KS,ACE,CE,Federal Contract Tower,0,12,13,0,25,0,0,20,8,28,0,12,33,8,53,18,0,18,71
06/09/2006,MHK,KS,ACE,CE,Federal Contract Tower,0,8,6,0,14,0,0,25,0,25,0,8,31,0,39,22,0,22,61
06/10/2006,MHK,KS,ACE,CE,Federal Contract Tower,0,6,4,4,14,0,0,9,4,13,0,6,13,8,27,6,0,6,33
06/11/2006,MHK,KS,ACE,CE,Federal Contract Tower,0,7,16,2,25,0,0,29,8,37,0,7,45,10,62,32,0,32,94
06/12/2006,MHK,KS,ACE,CE,Federal Contract Tower,2,9,10,0,21,0,0,27,2,29,2,9,37,2,50,40,0,40,90
06/13/2006,MHK,KS,ACE,CE,Federal Contract Tower,0,10,17,0,27,0,0,35,0,35,0,10,52,0,62,28,0,28,90
06/14/2006,MHK,KS,ACE,CE,Federal Contract Tower,0,8,18,0,26,0,0,33,3,36,0,8,51,3,62,20,0,20,82
06/15/2006,MHK,KS,ACE,CE,Federal Contract Tower,0,9,9,2,20,0,0,24,0,24,0,9,33,2,44,26,18,44,88
06/16/2006,MHK,KS,ACE,CE,Federal Contract Tower,0,8,14,0,22,0,0,24,0,24,0,8,38,0,46,26,0,26,72
06/17/2006,MHK,KS,ACE,CE,Federal Contract Tower,0,2,15,0,17,0,0,9,0,9,0,2,24,0,26,24,0,24,50
06/18/2006,MHK,KS,ACE,CE,Federal Contract Tower,0,6,9,1,16,0,0,27,0,27,0,6,36,1,43,18,0,18,61
06/19/2006,MHK,KS,ACE,CE,Federal Contract Tower,0,10,8,0,18,0,0,21,0,21,0,10,29,0,39,16,0,16,55
06/20/2006,MHK,KS,ACE,CE,Federal Contract Tower,0,10,15,0,25,0,0,9,0,9,0,10,24,0,34,8,0,8,42
06/21/2006,MHK,KS,ACE,CE,Federal Contract Tower,0,8,11,2,21,0,0,8,0,8,0,8,19,2,29,26,0,26,55
06/22/2006,MHK,KS,ACE,CE,Federal Contract Tower,0,8,13,5,26,0,0,12,2,14,0,8,25,7,40,48,0,48,88
06/23/2006,MHK,KS,ACE,CE,Federal Contract Tower,0,10,18,0,28,0,0,31,2,33,0,10,49,2,61,36,0,36,97
06/24/2006,MHK,KS,ACE,CE,Federal Contract Tower,0,2,4,0,6,0,0,25,0,25,0,2,29,0,31,34,0,34,65
06/25/2006,MHK,KS,ACE,CE,Federal Contract Tower,0,4,4,2,10,0,0,11,0,11,0,4,15,2,21,2,0,2,23
06/26/2006,MHK,KS,ACE,CE,Federal Contract Tower,0,10,11,4,25,0,0,19,0,19,0,10,30,4,44,22,6,28,72
06/27/2006,MHK,KS,ACE,CE,Federal Contract Tower,0,10,10,4,24,0,0,23,1,24,0,10,33,5,48,18,2,20,68
06/28/2006,MHK,KS,ACE,CE,Federal Contract Tower,0,6,11,2,19,0,0,49,0,49,0,6,60,2,68,26,0,26,94
06/29/2006,MHK,KS,ACE,CE,Federal Contract Tower,0,9,8,0,17,0,0,14,0,14,0,9,22,0,31,10,0,10,41
06/30/2006,MHK,KS,ACE,CE,Federal Contract Tower,0,9,16,0,25,0,0,36,0,36,0,9,52,0,61,32,0,32,93
07/01/2006,MHK,KS,ACE,CE,Federal Contract Tower,0,2,8,0,10,0,0,28,0,28,0,2,36,0,38,22,0,22,60
07/02/2006,MHK,KS,ACE,CE,Federal Contract Tower,0,6,9,0,15,0,0,35,0,35,0,6,44,0,50,40,0,40,90
07/03/2006,MHK,KS,ACE,CE,Federal Contract Tower,0,6,2,0,8,0,0,30,0,30,0,6,32,0,38,28,0,28,66
07/04/2006,MHK,KS,ACE,CE,Federal Contract Tower,0,8,6,0,14,0,0,14,2,16,0,8,20,2,30,14,0,14,44
07/05/2006,MHK,KS,ACE,CE,Federal Contract Tower,0,8,9,0,17,0,0,29,1,30,0,8,38,1,47,12,0,12,59
07/06/2006,MHK,KS,ACE,CE,Federal Contract Tower,1,8,7,2,18,0,0,28,0,28,1,8,35,2,46,10,0,10,56
07/07/2006,MHK,KS,ACE,CE,Federal Contract Tower,0,8,9,2,19,0,0,15,1,16,0,8,24,3,35,14,4,18,53
07/08/2006,MHK,KS,ACE,CE,Federal Contract Tower,0,2,12,0,14,0,0,13,0,13,0,2,25,0,27,24,0,24,51
07/09/2006,MHK,KS,ACE,CE,Federal Contract Tower,0,6,10,2,18,2,0,11,1,14,2,6,21,3,32,14,0,14,46
07/10/2006,MHK,KS,ACE,CE,Federal Contract Tower,0,8,11,0,19,0,0,8,1,9,0,8,19,1,28,12,2,14,42
07/11/2006,MHK,KS,ACE,CE,Federal Contract Tower,1,10,18,0,29,0,0,14,1,15,1,10,32,1,44,16,2,18,62
07/12/2006,MHK,KS,ACE,CE,Federal Contract Tower,0,6,8,1,15,0,0,14,2,16,0,6,22,3,31,6,12,18,49
07/13/2006,MHK,KS,ACE,CE,Federal Contract Tower,0,9,6,0,15,0,0,8,0,8,0,9,14,0,23,4,2,6,29
07/14/2006,MHK,KS,ACE,CE,Federal Contract Tower,0,8,6,2,16,0,0,27,0,27,0,8,33,2,43,14,0,14,57
07/15/2006,MHK,KS,ACE,CE,Federal Contract Tower,0,2,13,0,15,0,0,37,0,37,0,2,50,0,52,42,0,42,94
07/16/2006,MHK,KS,ACE,CE,Federal Contract Tower,0,6,10,0,16,0,0,40,0,40,0,6,50,0,56,32,0,32,88
07/17/2006,MHK,KS,ACE,CE,Federal Contract Tower,0,8,12,2,22,0,0,25,0,25,0,8,37,2,47,40,6,46,93
07/18/2006,MHK,KS,ACE,CE,Federal Contract Tower,0,8,11,2,21,0,0,27,2,29,0,8,38,4,50,26,2,28,78
07/19/2006,MHK,KS,ACE,CE,Federal Contract Tower,0,8,7,6,21,0,0,14,0,14,0,8,21,6,35,42,4,46,81
07/20/2006,MHK,KS,ACE,CE,Federal Contract Tower,0,8,21,0,29,0,0,25,0,25,0,8,46,0,54,32,2,34,88
07/21/2006,MHK,KS,ACE,CE,Federal Contract Tower,0,8,21,2,31,0,0,15,0,15,0,8,36,2,46,16,0,16,62
07/22/2006,MHK,KS,ACE,CE,Federal Contract Tower,0,0,11,0,11,0,0,42,0,42,0,0,53,0,53,46,0,46,99
07/23/2006,MHK,KS,ACE,CE,Federal Contract Tower,0,6,8,0,14,0,0,41,0,41,0,6,49,0,55,18,0,18,73
07/24/2006,MHK,KS,ACE,CE,Federal Contract Tower,0,8,12,0,20,0,0,27,0,27,0,8,39,0,47,36,8,44,91
07/25/2006,MHK,KS,ACE,CE,Federal Contract Tower,0,6,12,0,18,0,0,24,2,26,0,6,36,2,44,10,0,10,54
07/26/2006,MHK,KS,ACE,CE,Federal Contract Tower,0,8,6,0,14,0,0,23,0,23,0,8,29,0,37,24,0,24,61
07/27/2006,MHK,KS,ACE,CE,Federal Contract Tower,0,9,14,0,23,0,0,22,0,22,0,9,36,0,45,8,0,8,53
07/28/2006,MHK,KS,ACE,CE,Federal Contract Tower,0,9,12,0,21,0,0,30,0,30,0,9,42,0,51,28,0,28,79
07/29/2006,MHK,KS,ACE,CE,Federal Contract Tower,0,2,4,2,8,0,0,27,0,27,0,2,31,2,35,26,0,26,61
07/30/2006,MHK,KS,ACE,CE,Federal Contract Tower,0,6,7,0,13,0,0,28,0,28,0,6,35,0,41,10,0,10,51
07/31/2006,MHK,KS,ACE,CE,Federal Contract Tower,2,13,0,6,21,0,0,15,0,15,2,13,15,6,36,4,2,6,42
08/01/2006,MHK,KS,ACE,CE,Federal Contract Tower,0,9,10,5,24,0,0,15,0,15,0,9,25,5,39,6,0,6,45
08/02/2006,MHK,KS,ACE,CE,Federal Contract Tower,0,8,14,6,28,0,0,20,1,21,0,8,34,7,49,12,0,12,61
08/03/2006,MHK,KS,ACE,CE,Federal Contract Tower,2,8,11,2,23,0,0,14,0,14,2,8,25,2,37,6,12,18,55
08/04/2006,MHK,KS,ACE,CE,Federal Contract Tower,2,8,4,4,18,0,0,20,0,20,2,8,24,4,38,18,2,20,58
08/05/2006,MHK,KS,ACE,CE,Federal Contract Tower,2,2,8,0,12,0,0,22,0,22,2,2,30,0,34,8,0,8,42
08/06/2006,MHK,KS,ACE,CE,Federal Contract Tower,0,8,9,4,21,0,0,19,0,19,0,8,28,4,40,16,0,16,56
08/07/2006,MHK,KS,ACE,CE,Federal Contract Tower,2,8,10,1,21,0,0,16,3,19,2,8,26,4,40,24,6,30,70
08/08/2006,MHK,KS,ACE,CE,Federal Contract Tower,0,8,12,0,20,0,0,14,7,21,0,8,26,7,41,14,2,16,57
08/09/2006,MHK,KS,ACE,CE,Federal Contract Tower,0,8,7,0,15,0,0,20,0,20,0,8,27,0,35,6,0,6,41
08/10/2006,MHK,KS,ACE,CE,Federal Contract Tower,0,8,16,0,24,0,0,21,3,24,0,8,37,3,48,10,2,12,60
08/11/2006,MHK,KS,ACE,CE,Federal Contract Tower,0,9,12,2,23,0,0,24,1,25,0,9,36,3,48,26,0,26,74
08/12/2006,MHK,KS,ACE,CE,Federal Contract Tower,0,2,5,0,7,0,0,35,0,35,0,2,40,0,42,24,0,24,66
08/13/2006,MHK,KS,ACE,CE,Federal Contract Tower,0,6,8,0,14,0,0,30,0,30,0,6,38,0,44,32,0,32,76
08/14/2006,MHK,KS,ACE,CE,Federal Contract Tower,0,8,11,0,19,0,0,15,2,17,0,8,26,2,36,32,8,40,76
08/15/2006,MHK,KS,ACE,CE,Federal Contract Tower,2,8,9,1,20,0,0,36,6,42,2,8,45,7,62,38,20,58,120
08/16/2006,MHK,KS,ACE,CE,Federal Contract Tower,2,6,21,1,30,0,0,4,4,8,2,6,25,5,38,6,2,8,46
08/17/2006,MHK,KS,ACE,CE,Federal Contract Tower,0,6,13,0,19,0,0,25,0,25,0,6,38,0,44,24,0,24,68
08/18/2006,MHK,KS,ACE,CE,Federal Contract Tower,0,8,10,2,20,0,0,18,0,18,0,8,28,2,38,8,30,38,76
08/19/2006,MHK,KS,ACE,CE,Federal Contract Tower,0,0,11,0,11,0,0,7,0,7,0,0,18,0,18,14,0,14,32
08/20/2006,MHK,KS,ACE,CE,Federal Contract Tower,0,8,7,0,15,0,0,18,0,18,0,8,25,0,33,18,0,18,51
08/21/2006,MHK,KS,ACE,CE,Federal Contract Tower,0,8,19,1,28,0,0,20,1,21,0,8,39,2,49,40,12,52,101
08/22/2006,MHK,KS,ACE,CE,Federal Contract Tower,0,6,13,2,21,0,0,20,0,20,0,6,33,2,41,50,2,52,93
08/23/2006,MHK,KS,ACE,CE,Federal Contract Tower,0,8,20,6,34,0,0,19,7,26,0,8,39,13,60,30,2,32,92
08/24/2006,MHK,KS,ACE,CE,Federal Contract Tower,0,8,15,2,25,0,0,13,2,15,0,8,28,4,40,8,4,12,52
08/25/2006,MHK,KS,ACE,CE,Federal Contract Tower,0,9,18,2,29,0,0,22,0,22,0,9,40,2,51,24,4,28,79
08/26/2006,MHK,KS,ACE,CE,Federal Contract Tower,0,2,6,1,9,0,0,0,0,0,0,2,6,1,9,24,0,24,33
08/27/2006,MHK,KS,ACE,CE,Federal Contract Tower,0,6,7,2,15,0,0,1,0,1,0,6,8,2,16,10,0,10,26
08/28/2006,MHK,KS,ACE,CE,Federal Contract Tower,3,9,15,0,27,0,0,5,0,5,3,9,20,0,32,28,0,28,60
08/29/2006,MHK,KS,ACE,CE,Federal Contract Tower,0,10,14,2,26,0,0,24,2,26,0,10,38,4,52,44,0,44,96
08/30/2006,MHK,KS,ACE,CE,Federal Contract Tower,0,10,9,1,20,0,0,30,0,30,0,10,39,1,50,24,12,36,86
08/31/2006,MHK,KS,ACE,CE,Federal Contract Tower,0,6,1,0,7,0,2,34,3,39,0,8,35,3,46,46,8,54,100
09/01/2006,MHK,KS,ACE,CE,Federal Contract Tower,1,8,15,0,24,0,0,20,0,20,1,8,35,0,44,20,0,20,64
09/02/2006,MHK,KS,ACE,CE,Federal Contract Tower,0,2,27,0,29,0,0,7,0,7,0,2,34,0,36,0,0,0,36
09/03/2006,MHK,KS,ACE,CE,Federal Contract Tower,0,6,4,0,10,0,0,22,0,22,0,6,26,0,32,6,0,6,38
09/04/2006,MHK,KS,ACE,CE,Federal Contract Tower,0,8,16,0,24,0,0,44,0,44,0,8,60,0,68,10,0,10,78
09/05/2006,MHK,KS,ACE,CE,Federal Contract Tower,0,8,13,2,23,0,0,15,1,16,0,8,28,3,39,34,2,36,75
09/06/2006,MHK,KS,ACE,CE,Federal Contract Tower,0,8,15,3,26,0,0,28,0,28,0,8,43,3,54,16,2,18,72
09/07/2006,MHK,KS,ACE,CE,Federal Contract Tower,0,8,7,2,17,0,0,23,0,23,0,8,30,2,40,50,12,62,102
09/08/2006,MHK,KS,ACE,CE,Federal Contract Tower,1,8,27,3,39,0,0,23,0,23,1,8,50,3,62,28,0,28,90
09/09/2006,MHK,KS,ACE,CE,Federal Contract Tower,0,2,12,0,14,0,0,7,0,7,0,2,19,0,21,12,0,12,33
09/10/2006,MHK,KS,ACE,CE,Federal Contract Tower,0,6,16,2,24,0,0,11,0,11,0,6,27,2,35,10,0,10,45
09/11/2006,MHK,KS,ACE,CE,Federal Contract Tower,0,8,18,2,28,0,0,6,3,9,0,8,24,5,37,0,0,0,37
09/12/2006,MHK,KS,ACE,CE,Federal Contract Tower,0,10,28,0,38,0,0,8,2,10,0,10,36,2,48,14,2,16,64
09/13/2006,MHK,KS,ACE,CE,Federal Contract Tower,0,8,11,0,19,0,0,17,0,17,0,8,28,0,36,28,0,28,64
09/14/2006,MHK,KS,ACE,CE,Federal Contract Tower,0,4,7,0,11,0,0,23,0,23,0,4,30,0,34,30,0,30,64
09/15/2006,MHK,KS,ACE,CE,Federal Contract Tower,3,11,10,0,24,0,0,19,0,19,3,11,29,0,43,2,0,2,45
09/16/2006,MHK,KS,ACE,CE,Federal Contract Tower,1,2,11,0,14,0,0,17,0,17,1,2,28,0,31,10,0,10,41
09/17/2006,MHK,KS,ACE,CE,Federal Contract Tower,0,6,8,0,14,0,0,23,0,23,0,6,31,0,37,0,0,0,37
09/18/2006,MHK,KS,ACE,CE,Federal Contract Tower,1,7,9,2,19,0,0,24,1,25,1,7,33,3,44,30,0,30,74
09/19/2006,MHK,KS,ACE,CE,Federal Contract Tower,0,10,19,0,29,0,0,22,2,24,0,10,41,2,53,38,8,46,99
09/20/2006,MHK,KS,ACE,CE,Federal Contract Tower,2,8,17,0,27,0,0,15,4,19,2,8,32,4,46,16,4,20,66
09/21/2006,MHK,KS,ACE,CE,Federal Contract Tower,0,8,8,0,16,0,0,0,0,0,0,8,8,0,16,0,0,0,16
09/22/2006,MHK,KS,ACE,CE,Federal Contract Tower,5,10,17,2,34,0,0,28,0,28,5,10,45,2,62,28,0,28,90
09/23/2006,MHK,KS,ACE,CE,Federal Contract Tower,1,4,32,0,37,0,0,31,0,31,1,4,63,0,68,32,0,32,100
09/24/2006,MHK,KS,ACE,CE,Federal Contract Tower,2,6,10,2,20,0,0,36,0,36,2,6,46,2,56,30,0,30,86
09/25/2006,MHK,KS,ACE,CE,Federal Contract Tower,0,10,6,0,16,0,0,19,0,19,0,10,25,0,35,30,0,30,65
09/26/2006,MHK,KS,ACE,CE,Federal Contract Tower,0,8,15,0,23,0,0,21,0,21,0,8,36,0,44,32,0,32,76
09/27/2006,MHK,KS,ACE,CE,Federal Contract Tower,0,8,17,0,25,0,0,19,1,20,0,8,36,1,45,24,2,26,71
09/28/2006,MHK,KS,ACE,CE,Federal Contract Tower,0,10,17,1,28,0,0,19,0,19,0,10,36,1,47,14,0,14,61
09/29/2006,MHK,KS,ACE,CE,Federal Contract Tower,2,8,14,2,26,0,0,16,0,16,2,8,30,2,42,58,0,58,100
09/30/2006,MHK,KS,ACE,CE,Federal Contract Tower,2,8,11,3,24,0,0,19,2,21,2,8,30,5,45,24,4,28,73
10/01/2006,MHK,KS,ACE,CE,Federal Contract Tower,0,6,9,2,17,0,0,19,2,21,0,6,28,4,38,24,0,24,62
10/02/2006,MHK,KS,ACE,CE,Federal Contract Tower,2,8,5,2,17,0,0,19,0,19,2,8,24,2,36,18,0,18,54
10/03/2006,MHK,KS,ACE,CE,Federal Contract Tower,0,8,15,3,26,0,0,13,1,14,0,8,28,4,40,4,0,4,44
10/04/2006,MHK,KS,ACE,CE,Federal Contract Tower,2,8,28,0,38,0,0,6,0,6,2,8,34,0,44,18,0,18,62
10/05/2006,MHK,KS,ACE,CE,Federal Contract Tower,0,12,15,0,27,0,0,31,0,31,0,12,46,0,58,64,0,64,122
10/06/2006,MHK,KS,ACE,CE,Federal Contract Tower,0,9,16,0,25,0,0,22,2,24,0,9,38,2,49,60,0,60,109
10/07/2006,MHK,KS,ACE,CE,Federal Contract Tower,2,2,22,0,26,0,0,54,1,55,2,2,76,1,81,26,2,28,109
10/08/2006,MHK,KS,ACE,CE,Federal Contract Tower,0,6,8,0,14,0,0,32,0,32,0,6,40,0,46,60,0,60,106
10/09/2006,MHK,KS,ACE,CE,Federal Contract Tower,0,8,13,0,21,0,0,19,0,19,0,8,32,0,40,24,0,24,64
10/10/2006,MHK,KS,ACE,CE,Federal Contract Tower,0,11,9,4,24,0,0,2,0,2,0,11,11,4,26,2,0,2,28
10/11/2006,MHK,KS,ACE,CE,Federal Contract Tower,0,8,12,0,20,0,0,14,0,14,0,8,26,0,34,10,0,10,44
10/12/2006,MHK,KS,ACE,CE,Federal Contract Tower,0,8,16,0,24,0,0,11,2,13,0,8,27,2,37,30,0,30,67
10/13/2006,MHK,KS,ACE,CE,Federal Contract Tower,0,8,22,2,32,0,0,39,0,39,0,8,61,2,71,24,2,26,97
10/14/2006,MHK,KS,ACE,CE,Federal Contract Tower,1,2,32,0,35,0,0,47,0,47,1,2,79,0,82,18,0,18,100
10/15/2006,MHK,KS,ACE,CE,Federal Contract Tower,0,8,19,0,27,0,0,9,0,9,0,8,28,0,36,0,0,0,36
10/16/2006,MHK,KS,ACE,CE,Federal Contract Tower,0,8,11,4,23,0,0,0,0,0,0,8,11,4,23,6,0,6,29
10/17/2006,MHK,KS,ACE,CE,Federal Contract Tower,0,12,25,2,39,0,0,9,0,9,0,12,34,2,48,4,10,14,62
10/18/2006,MHK,KS,ACE,CE,Federal Contract Tower,0,8,15,6,29,0,0,6,2,8,0,8,21,8,37,0,10,10,47
10/19/2006,MHK,KS,ACE,CE,Federal Contract Tower,0,8,12,3,23,0,0,21,0,21,0,8,33,3,44,24,6,30,74
10/20/2006,MHK,KS,ACE,CE,Federal Contract Tower,4,10,23,0,37,0,0,23,0,23,4,10,46,0,60,32,0,32,92
10/21/2006,MHK,KS,ACE,CE,Federal Contract Tower,2,2,10,2,16,0,0,1,0,1,2,2,11,2,17,0,0,0,17
10/22/2006,MHK,KS,ACE,CE,Federal Contract Tower,3,7,14,0,24,0,0,21,0,21,3,7,35,0,45,18,0,18,63
10/23/2006,MHK,KS,ACE,CE,Federal Contract Tower,0,9,10,1,20,0,0,23,6,29,0,9,33,7,49,10,8,18,67
10/24/2006,MHK,KS,ACE,CE,Federal Contract Tower,0,9,10,6,25,0,0,4,0,4,0,9,14,6,29,28,6,34,63
10/25/2006,MHK,KS,ACE,CE,Federal Contract Tower,0,9,21,5,35,0,0,5,0,5,0,9,26,5,40,0,0,0,40
10/26/2006,MHK,KS,ACE,CE,Federal Contract Tower,0,9,23,3,35,0,0,0,0,0,0,9,23,3,35,0,0,0,35
10/27/2006,MHK,KS,ACE,CE,Federal Contract Tower,0,6,32,2,40,1,0,21,0,22,1,6,53,2,62,30,0,30,92
10/28/2006,MHK,KS,ACE,CE,Federal Contract Tower,1,2,24,2,29,0,0,61,0,61,1,2,85,2,90,26,0,26,116
10/29/2006,MHK,KS,ACE,CE,Federal Contract Tower,2,8,9,0,19,0,0,28,0,28,2,8,37,0,47,64,0,64,111
10/30/2006,MHK,KS,ACE,CE,Federal Contract Tower,0,8,14,0,22,0,0,14,2,16,0,8,28,2,38,0,34,34,72
10/31/2006,MHK,KS,ACE,CE,Federal Contract Tower,0,10,14,2,26,0,0,10,2,12,0,10,24,4,38,18,44,62,100
11/01/2006,MHK,KS,ACE,CE,Federal Contract Tower,0,8,17,4,29,0,0,26,0,26,0,8,43,4,55,0,16,16,71
11/02/2006,MHK,KS,ACE,CE,Federal Contract Tower,0,8,15,2,25,0,0,24,2,26,0,8,39,4,51,20,30,50,101
11/03/2006,MHK,KS,ACE,CE,Federal Contract Tower,2,8,18,1,29,0,0,23,1,24,2,8,41,2,53,6,0,6,59
11/04/2006,MHK,KS,ACE,CE,Federal Contract Tower,0,2,12,0,14,0,0,18,6,24,0,2,30,6,38,16,10,26,64
11/05/2006,MHK,KS,ACE,CE,Federal Contract Tower,0,6,9,2,17,0,0,7,0,7,0,6,16,2,24,2,0,2,26
11/06/2006,MHK,KS,ACE,CE,Federal Contract Tower,0,8,13,0,21,0,0,7,8,15,0,8,20,8,36,2,0,2,38
11/07/2006,MHK,KS,ACE,CE,Federal Contract Tower,0,12,12,0,24,0,0,10,2,12,0,12,22,2,36,22,30,52,88
11/08/2006,MHK,KS,ACE,CE,Federal Contract Tower,0,8,14,0,22,0,0,15,2,17,0,8,29,2,39,28,22,50,89
11/09/2006,MHK,KS,ACE,CE,Federal Contract Tower,0,8,12,5,25,0,0,32,0,32,0,8,44,5,57,2,0,2,59
11/10/2006,MHK,KS,ACE,CE,Federal Contract Tower,2,9,26,0,37,0,0,11,0,11,2,9,37,0,48,8,0,8,56
11/11/2006,MHK,KS,ACE,CE,Federal Contract Tower,4,3,34,0,41,0,0,62,0,62,4,3,96,0,103,2,0,2,105
11/12/2006,MHK,KS,ACE,CE,Federal Contract Tower,0,6,26,0,32,0,0,24,0,24,0,6,50,0,56,6,10,16,72
11/13/2006,MHK,KS,ACE,CE,Federal Contract Tower,0,8,19,0,27,0,0,0,0,0,0,8,19,0,27,30,0,30,57
11/14/2006,MHK,KS,ACE,CE,Federal Contract Tower,2,9,21,2,34,0,0,15,3,18,2,9,36,5,52,36,12,48,100
11/15/2006,MHK,KS,ACE,CE,Federal Contract Tower,0,10,12,2,24,0,0,6,0,6,0,10,18,2,30,22,20,42,72
11/16/2006,MHK,KS,ACE,CE,Federal Contract Tower,2,8,18,0,28,0,0,11,2,13,2,8,29,2,41,8,8,16,57
11/17/2006,MHK,KS,ACE,CE,Federal Contract Tower,0,10,9,2,21,0,0,27,6,33,0,10,36,8,54,12,22,34,88
11/18/2006,MHK,KS,ACE,CE,Federal Contract Tower,2,2,11,0,15,0,0,26,0,26,2,2,37,0,41,48,0,48,89
11/19/2006,MHK,KS,ACE,CE,Federal Contract Tower,2,6,6,2,16,0,0,48,0,48,2,6,54,2,64,42,0,42,106
11/20/2006,MHK,KS,ACE,CE,Federal Contract Tower,4,6,16,2,28,0,0,52,6,58,4,6,68,8,86,20,0,20,106
11/21/2006,MHK,KS,ACE,CE,Federal Contract Tower,0,6,8,2,16,0,0,13,0,13,0,6,21,2,29,2,10,12,41
11/22/2006,MHK,KS,ACE,CE,Federal Contract Tower,2,8,16,0,26,0,0,20,0,20,2,8,36,0,46,10,0,10,56
11/23/2006,MHK,KS,ACE,CE,Federal Contract Tower,0,6,2,0,8,0,0,16,0,16,0,6,18,0,24,0,0,0,24
11/24/2006,MHK,KS,ACE,CE,Federal Contract Tower,2,8,9,1,20,0,0,18,0,18,2,8,27,1,38,20,0,20,58
11/25/2006,MHK,KS,ACE,CE,Federal Contract Tower,7,14,9,0,30,0,0,9,0,9,7,14,18,0,39,24,0,24,63
11/26/2006,MHK,KS,ACE,CE,Federal Contract Tower,0,6,9,0,15,0,0,12,0,12,0,6,21,0,27,32,2,34,61
11/27/2006,MHK,KS,ACE,CE,Federal Contract Tower,0,13,15,0,28,0,0,0,0,0,0,13,15,0,28,0,0,0,28
11/28/2006,MHK,KS,ACE,CE,Federal Contract Tower,0,8,17,0,25,0,0,15,6,21,0,8,32,6,46,24,26,50,96
11/29/2006,MHK,KS,ACE,CE,Federal Contract Tower,0,6,10,0,16,0,0,1,0,1,0,6,11,0,17,0,0,0,17
11/30/2006,MHK,KS,ACE,CE,Federal Contract Tower,0,6,2,0,8,0,0,17,2,19,0,6,19,2,27,18,8,26,53
12/01/2006,MHK,KS,ACE,CE,Federal Contract Tower,0,6,8,0,14,0,0,10,2,12,0,6,18,2,26,24,2,26,52
12/02/2006,MHK,KS,ACE,CE,Federal Contract Tower,0,2,11,0,13,0,0,34,0,34,0,2,45,0,47,82,0,82,129
12/03/2006,MHK,KS,ACE,CE,Federal Contract Tower,0,10,9,1,20,0,0,12,0,12,0,10,21,1,32,18,0,18,50
12/04/2006,MHK,KS,ACE,CE,Federal Contract Tower,0,8,7,3,18,0,0,15,9,24,0,8,22,12,42,14,34,48,90
12/05/2006,MHK,KS,ACE,CE,Federal Contract Tower,0,8,23,0,31,0,0,16,10,26,0,8,39,10,57,10,20,30,87
12/06/2006,MHK,KS,ACE,CE,Federal Contract Tower,0,8,4,0,12,0,0,27,2,29,0,8,31,2,41,14,30,44,85
12/07/2006,MHK,KS,ACE,CE,Federal Contract Tower,0,8,0,0,8,0,0,34,4,38,0,8,34,4,46,18,16,34,80
12/08/2006,MHK,KS,ACE,CE,Federal Contract Tower,2,8,8,0,18,0,0,21,0,21,2,8,29,0,39,38,0,38,77
12/09/2006,MHK,KS,ACE,CE,Federal Contract Tower,0,4,10,2,16,0,0,26,0,26,0,4,36,2,42,54,0,54,96
12/10/2006,MHK,KS,ACE,CE,Federal Contract Tower,0,6,6,0,12,0,0,21,0,21,0,6,27,0,33,24,0,24,57
12/11/2006,MHK,KS,ACE,CE,Federal Contract Tower,0,9,19,3,31,0,0,5,7,12,0,9,24,10,43,0,52,52,95
12/12/2006,MHK,KS,ACE,CE,Federal Contract Tower,0,8,13,0,21,0,0,0,9,9,0,8,13,9,30,30,48,78,108
12/13/2006,MHK,KS,ACE,CE,Federal Contract Tower,0,9,17,0,26,0,0,25,11,36,0,9,42,11,62,18,42,60,122
12/14/2006,MHK,KS,ACE,CE,Federal Contract Tower,0,8,8,1,17,0,0,31,16,47,0,8,39,17,64,26,74,100,164
12/15/2006,MHK,KS,ACE,CE,Federal Contract Tower,0,8,11,0,19,0,0,44,4,48,0,8,55,4,67,42,2,44,111
12/16/2006,MHK,KS,ACE,CE,Federal Contract Tower,0,2,9,0,11,0,0,21,0,21,0,2,30,0,32,42,0,42,74
12/17/2006,MHK,KS,ACE,CE,Federal Contract Tower,0,4,11,0,15,0,0,16,0,16,0,4,27,0,31,40,0,40,71
12/18/2006,MHK,KS,ACE,CE,Federal Contract Tower,2,8,18,0,28,0,0,17,1,18,2,8,35,1,46,32,50,82,128
12/19/2006,MHK,KS,ACE,CE,Federal Contract Tower,4,8,11,10,33,0,0,24,2,26,4,8,35,12,59,30,36,66,125
12/20/2006,MHK,KS,ACE,CE,Federal Contract Tower,0,8,9,2,19,0,0,0,0,0,0,8,9,2,19,0,0,0,19
12/21/2006,MHK,KS,ACE,CE,Federal Contract Tower,0,10,11,2,23,0,0,21,0,21,0,10,32,2,44,2,0,2,46
12/22/2006,MHK,KS,ACE,CE,Federal Contract Tower,0,8,9,0,17,0,0,8,0,8,0,8,17,0,25,0,0,0,25
12/23/2006,MHK,KS,ACE,CE,Federal Contract Tower,2,2,3,0,7,0,0,15,0,15,2,2,18,0,22,6,0,6,28
12/24/2006,MHK,KS,ACE,CE,Federal Contract Tower,0,6,3,0,9,0,0,3,0,3,0,6,6,0,12,0,0,0,12
12/25/2006,MHK,KS,ACE,CE,Federal Contract Tower,0,8,2,0,10,0,0,2,0,2,0,8,4,0,12,0,0,0,12
12/26/2006,MHK,KS,ACE,CE,Federal Contract Tower,5,8,8,0,21,0,0,19,0,19,5,8,27,0,40,0,0,0,40
12/27/2006,MHK,KS,ACE,CE,Federal Contract Tower,0,8,10,1,19,0,0,8,0,8,0,8,18,1,27,24,0,24,51
12/28/2006,MHK,KS,ACE,CE,Federal Contract Tower,0,11,3,0,14,0,0,5,2,7,0,11,8,2,21,0,6,6,27
12/29/2006,MHK,KS,ACE,CE,Federal Contract Tower,4,8,9,0,21,0,0,0,0,0,4,8,9,0,21,0,0,0,21
12/30/2006,MHK,KS,ACE,CE,Federal Contract Tower,0,2,5,0,7,0,0,0,0,0,0,2,5,0,7,0,0,0,7
12/31/2006,MHK,KS,ACE,CE,Federal Contract Tower,1,4,3,0,8,0,0,0,0,0,1,4,3,0,8,0,0,0,8
01/01/2007,MHK,KS,ACE,CE,Federal Contract Tower,0,9,3,0,12,0,0,10,0,10,0,9,13,0,22,8,0,8,30
01/02/2007,MHK,KS,ACE,CE,Federal Contract Tower,0,8,7,0,15,0,0,8,0,8,0,8,15,0,23,20,0,20,43
01/03/2007,MHK,KS,ACE,CE,Federal Contract Tower,0,10,15,0,25,0,0,11,0,11,0,10,26,0,36,20,16,36,72
01/04/2007,MHK,KS,ACE,CE,Federal Contract Tower,0,7,6,2,15,0,0,19,8,27,0,7,25,10,42,14,26,40,82
01/05/2007,MHK,KS,ACE,CE,Federal Contract Tower,1,10,10,2,23,0,0,13,2,15,1,10,23,4,38,16,0,16,54
01/06/2007,MHK,KS,ACE,CE,Federal Contract Tower,1,3,7,2,13,0,0,15,1,16,1,3,22,3,29,32,0,32,61
01/07/2007,MHK,KS,ACE,CE,Federal Contract Tower,1,6,8,0,15,0,0,5,2,7,1,6,13,2,22,0,0,0,22
01/08/2007,MHK,KS,ACE,CE,Federal Contract Tower,0,10,10,0,20,0,0,17,12,29,0,10,27,12,49,6,10,16,65
01/09/2007,MHK,KS,ACE,CE,Federal Contract Tower,0,8,17,4,29,0,0,18,3,21,0,8,35,7,50,14,80,94,144
01/10/2007,MHK,KS,ACE,CE,Federal Contract Tower,0,8,5,0,13,0,0,15,0,15,0,8,20,0,28,12,0,12,40
01/11/2007,MHK,KS,ACE,CE,Federal Contract Tower,0,8,4,0,12,0,0,6,0,6,0,8,10,0,18,14,0,14,32
01/12/2007,MHK,KS,ACE,CE,Federal Contract Tower,0,10,3,0,13,0,0,6,0,6,0,10,9,0,19,0,0,0,19
01/13/2007,MHK,KS,ACE,CE,Federal Contract Tower,0,2,0,0,2,0,0,0,0,0,0,2,0,0,2,0,0,0,2
01/14/2007,MHK,KS,ACE,CE,Federal Contract Tower,0,3,0,0,3,0,0,0,0,0,0,3,0,0,3,0,0,0,3
01/15/2007,MHK,KS,ACE,CE,Federal Contract Tower,0,8,15,0,23,0,0,1,0,1,0,8,16,0,24,0,0,0,24
01/16/2007,MHK,KS,ACE,CE,Federal Contract Tower,0,9,2,2,13,0,0,9,4,13,0,9,11,6,26,14,6,20,46
01/17/2007,MHK,KS,ACE,CE,Federal Contract Tower,0,11,13,5,29,0,0,14,5,19,0,11,27,10,48,22,50,72,120
01/18/2007,MHK,KS,ACE,CE,Federal Contract Tower,0,8,9,5,22,0,0,13,15,28,0,8,22,20,50,4,42,46,96
01/19/2007,MHK,KS,ACE,CE,Federal Contract Tower,0,10,11,6,27,0,0,25,14,39,0,10,36,20,66,26,94,120,186
01/20/2007,MHK,KS,ACE,CE,Federal Contract Tower,0,4,3,0,7,0,0,1,1,2,0,4,4,1,9,0,6,6,15
01/21/2007,MHK,KS,ACE,CE,Federal Contract Tower,1,6,1,0,8,0,0,8,0,8,1,6,9,0,16,22,0,22,38
01/22/2007,MHK,KS,ACE,CE,Federal Contract Tower,0,10,15,6,31,0,0,8,4,12,0,10,23,10,43,20,42,62,105
01/23/2007,MHK,KS,ACE,CE,Federal Contract Tower,0,7,8,3,18,0,0,12,0,12,0,7,20,3,30,12,18,30,60
01/24/2007,MHK,KS,ACE,CE,Federal Contract Tower,0,8,15,0,23,0,0,14,8,22,0,8,29,8,45,10,106,116,161
01/25/2007,MHK,KS,ACE,CE,Federal Contract Tower,1,8,8,2,19,0,0,16,1,17,1,8,24,3,36,22,4,26,62
01/26/2007,MHK,KS,ACE,CE,Federal Contract Tower,1,9,6,3,19,0,0,21,5,26,1,9,27,8,45,4,48,52,97
01/27/2007,MHK,KS,ACE,CE,Federal Contract Tower,0,2,9,2,13,0,0,15,0,15,0,2,24,2,28,34,0,34,62
01/28/2007,MHK,KS,ACE,CE,Federal Contract Tower,2,6,15,4,27,0,0,1,2,3,2,6,16,6,30,10,0,10,40
01/29/2007,MHK,KS,ACE,CE,Federal Contract Tower,0,10,5,0,15,0,0,13,16,29,0,10,18,16,44,4,48,52,96
01/30/2007,MHK,KS,ACE,CE,Federal Contract Tower,0,9,17,4,30,0,0,8,0,8,0,9,25,4,38,0,58,58,96
01/31/2007,MHK,KS,ACE,CE,Federal Contract Tower,0,8,16,2,26,0,0,0,1,1,0,8,16,3,27,0,12,12,39
02/01/2007,MHK,KS,ACE,CE,Federal Contract Tower,0,9,5,0,14,0,0,8,12,20,0,9,13,12,34,16,102,118,152
02/02/2007,MHK,KS,ACE,CE,Federal Contract Tower,0,9,3,0,12,0,0,11,0,11,0,9,14,0,23,34,0,34,57
02/03/2007,MHK,KS,ACE,CE,Federal Contract Tower,0,5,8,0,13,0,0,29,0,29,0,5,37,0,42,10,0,10,52
02/04/2007,MHK,KS,ACE,CE,Federal Contract Tower,0,6,3,0,9,0,0,28,0,28,0,6,31,0,37,28,0,28,65
02/05/2007,MHK,KS,ACE,CE,Federal Contract Tower,0,8,8,0,16,0,0,6,16,22,0,8,14,16,38,0,80,80,118
02/06/2007,MHK,KS,ACE,CE,Federal Contract Tower,0,8,9,1,18,0,0,24,3,27,0,8,33,4,45,12,28,40,85
02/07/2007,MHK,KS,ACE,CE,Federal Contract Tower,0,8,10,2,20,0,0,17,5,22,0,8,27,7,42,36,56,92,134
02/08/2007,MHK,KS,ACE,CE,Federal Contract Tower,0,7,4,1,12,3,0,19,0,22,3,7,23,1,34,4,112,116,150
02/09/2007,MHK,KS,ACE,CE,Federal Contract Tower,0,8,2,2,12,0,0,5,1,6,0,8,7,3,18,2,12,14,32
02/10/2007,MHK,KS,ACE,CE,Federal Contract Tower,0,4,8,2,14,0,0,21,0,21,0,4,29,2,35,14,0,14,49
02/11/2007,MHK,KS,ACE,CE,Federal Contract Tower,2,8,6,4,20,0,0,15,0,15,2,8,21,4,35,0,0,0,35
02/12/2007,MHK,KS,ACE,CE,Federal Contract Tower,0,4,3,0,7,0,0,0,0,0,0,4,3,0,7,0,0,0,7
02/13/2007,MHK,KS,ACE,CE,Federal Contract Tower,0,4,7,0,11,0,0,0,4,4,0,4,7,4,15,0,0,0,15
02/14/2007,MHK,KS,ACE,CE,Federal Contract Tower,0,8,5,0,13,0,0,7,3,10,0,8,12,3,23,16,18,34,57
02/15/2007,MHK,KS,ACE,CE,Federal Contract Tower,0,8,13,0,21,0,0,7,2,9,0,8,20,2,30,12,0,12,42
02/16/2007,MHK,KS,ACE,CE,Federal Contract Tower,0,6,18,2,26,0,0,6,0,6,0,6,24,2,32,8,0,8,40
02/17/2007,MHK,KS,ACE,CE,Federal Contract Tower,0,3,16,0,19,0,0,3,1,4,0,3,19,1,23,12,0,12,35
02/18/2007,MHK,KS,ACE,CE,Federal Contract Tower,0,6,3,0,9,0,0,24,0,24,0,6,27,0,33,10,0,10,43
02/19/2007,MHK,KS,ACE,CE,Federal Contract Tower,0,8,18,0,26,0,0,19,2,21,0,8,37,2,47,14,0,14,61
02/20/2007,MHK,KS,ACE,CE,Federal Contract Tower,0,9,14,0,23,0,0,33,3,36,0,9,47,3,59,64,84,148,207
02/21/2007,MHK,KS,ACE,CE,Federal Contract Tower,0,6,14,2,22,0,0,19,0,19,0,6,33,2,41,42,42,84,125
02/22/2007,MHK,KS,ACE,CE,Federal Contract Tower,0,8,12,4,24,0,0,31,5,36,0,8,43,9,60,44,80,124,184
02/23/2007,MHK,KS,ACE,CE,Federal Contract Tower,2,8,10,2,22,0,0,13,0,13,2,8,23,2,35,8,0,8,43
02/24/2007,MHK,KS,ACE,CE,Federal Contract Tower,2,3,7,0,12,0,0,1,0,1,2,3,8,0,13,0,0,0,13
02/25/2007,MHK,KS,ACE,CE,Federal Contract Tower,0,4,3,0,7,0,0,1,0,1,0,4,4,0,8,6,0,6,14
02/26/2007,MHK,KS,ACE,CE,Federal Contract Tower,0,9,13,0,22,0,0,17,8,25,0,9,30,8,47,16,82,98,145
02/27/2007,MHK,KS,ACE,CE,Federal Contract Tower,0,8,7,0,15,0,0,16,2,18,0,8,23,2,33,38,40,78,111
02/28/2007,MHK,KS,ACE,CE,Federal Contract Tower,0,8,18,4,30,0,0,5,5,10,0,8,23,9,40,52,32,84,124
03/01/2007,MHK,KS,ACE,CE,Federal Contract Tower,0,9,9,0,18,0,0,10,2,12,0,9,19,2,30,4,2,6,36
03/02/2007,MHK,KS,ACE,CE,Federal Contract Tower,0,12,20,0,32,0,0,15,2,17,0,12,35,2,49,8,0,8,57
03/03/2007,MHK,KS,ACE,CE,Federal Contract Tower,0,5,12,0,17,0,0,11,0,11,0,5,23,0,28,12,14,26,54
03/04/2007,MHK,KS,ACE,CE,Federal Contract Tower,0,8,7,2,17,0,0,20,2,22,0,8,27,4,39,12,2,14,53
03/05/2007,MHK,KS,ACE,CE,Federal Contract Tower,0,8,3,0,11,0,0,26,12,38,0,8,29,12,49,6,78,84,133
03/06/2007,MHK,KS,ACE,CE,Federal Contract Tower,2,9,15,5,31,0,0,34,4,38,2,9,49,9,69,32,6,38,107
03/07/2007,MHK,KS,ACE,CE,Federal Contract Tower,0,10,18,0,28,0,0,2,0,2,0,10,20,0,30,0,0,0,30
03/08/2007,MHK,KS,ACE,CE,Federal Contract Tower,0,10,14,0,24,0,0,32,4,36,0,10,46,4,60,30,20,50,110
03/09/2007,MHK,KS,ACE,CE,Federal Contract Tower,0,10,16,0,26,0,0,19,2,21,0,10,35,2,47,24,0,24,71
03/10/2007,MHK,KS,ACE,CE,Federal Contract Tower,0,2,7,0,9,0,0,35,0,35,0,2,42,0,44,32,0,32,76
03/11/2007,MHK,KS,ACE,CE,Federal Contract Tower,0,11,11,0,22,0,0,9,0,9,0,11,20,0,31,12,0,12,43
03/12/2007,MHK,KS,ACE,CE,Federal Contract Tower,0,8,9,0,17,0,0,27,6,33,0,8,36,6,50,26,58,84,134
03/13/2007,MHK,KS,ACE,CE,Federal Contract Tower,2,8,18,0,28,0,0,12,0,12,2,8,30,0,40,24,58,82,122
03/14/2007,MHK,KS,ACE,CE,Federal Contract Tower,0,8,12,2,22,0,0,15,10,25,0,8,27,12,47,16,38,54,101
03/15/2007,MHK,KS,ACE,CE,Federal Contract Tower,0,8,13,2,23,0,0,20,10,30,0,8,33,12,53,16,70,86,139
03/16/2007,MHK,KS,ACE,CE,Federal Contract Tower,0,8,13,1,22,0,0,28,3,31,0,8,41,4,53,10,12,22,75
03/17/2007,MHK,KS,ACE,CE,Federal Contract Tower,0,2,5,1,8,0,0,19,0,19,0,2,24,1,27,22,0,22,49
03/18/2007,MHK,KS,ACE,CE,Federal Contract Tower,1,6,5,1,13,0,0,10,1,11,1,6,15,2,24,14,0,14,38
03/19/2007,MHK,KS,ACE,CE,Federal Contract Tower,0,8,15,0,23,0,0,11,0,11,0,8,26,0,34,32,0,32,66
03/20/2007,MHK,KS,ACE,CE,Federal Contract Tower,0,8,12,2,22,0,0,3,2,5,0,8,15,4,27,60,0,60,87
03/21/2007,MHK,KS,ACE,CE,Federal Contract Tower,0,11,14,1,26,0,0,1,3,4,0,11,15,4,30,6,16,22,52
03/22/2007,MHK,KS,ACE,CE,Federal Contract Tower,0,6,5,3,14,0,0,21,6,27,0,6,26,9,41,36,12,48,89
03/23/2007,MHK,KS,ACE,CE,Federal Contract Tower,0,13,11,2,26,0,0,16,0,16,0,13,27,2,42,40,2,42,84
03/24/2007,MHK,KS,ACE,CE,Federal Contract Tower,0,2,4,0,6,0,0,19,4,23,0,2,23,4,29,36,12,48,77
03/25/2007,MHK,KS,ACE,CE,Federal Contract Tower,0,6,15,1,22,0,0,14,0,14,0,6,29,1,36,14,0,14,50
03/26/2007,MHK,KS,ACE,CE,Federal Contract Tower,0,9,21,4,34,0,0,15,1,16,0,9,36,5,50,6,14,20,70
03/27/2007,MHK,KS,ACE,CE,Federal Contract Tower,2,12,23,0,37,0,0,15,6,21,2,12,38,6,58,24,20,44,102
03/28/2007,MHK,KS,ACE,CE,Federal Contract Tower,0,10,13,0,23,0,0,0,2,2,0,10,13,2,25,0,6,6,31
03/29/2007,MHK,KS,ACE,CE,Federal Contract Tower,0,8,7,0,15,0,0,17,6,23,0,8,24,6,38,50,4,54,92
03/30/2007,MHK,KS,ACE,CE,Federal Contract Tower,0,8,10,2,20,0,0,13,3,16,0,8,23,5,36,12,12,24,60
03/31/2007,MHK,KS,ACE,CE,Federal Contract Tower,0,3,4,6,13,0,0,10,3,13,0,3,14,9,26,0,0,0,26
04/01/2007,MHK,KS,ACE,CE,Federal Contract Tower,0,6,6,2,14,0,0,45,0,45,0,6,51,2,59,40,0,40,99
04/02/2007,MHK,KS,ACE,CE,Federal Contract Tower,0,8,13,1,22,0,0,13,8,21,0,8,26,9,43,0,0,0,43
04/03/2007,MHK,KS,ACE,CE,Federal Contract Tower,0,10,3,1,14,0,0,26,3,29,0,10,29,4,43,8,6,14,57
04/04/2007,MHK,KS,ACE,CE,Federal Contract Tower,0,8,8,1,17,0,0,24,3,27,0,8,32,4,44,60,2,62,106
04/05/2007,MHK,KS,ACE,CE,Federal Contract Tower,0,6,8,0,14,0,0,12,2,14,0,6,20,2,28,14,0,14,42
04/06/2007,MHK,KS,ACE,CE,Federal Contract Tower,0,10,10,1,21,0,0,18,4,22,0,10,28,5,43,0,10,10,53
04/07/2007,MHK,KS,ACE,CE,Federal Contract Tower,0,4,7,0,11,0,0,13,4,17,0,4,20,4,28,4,6,10,38
04/08/2007,MHK,KS,ACE,CE,Federal Contract Tower,0,6,6,0,12,0,0,33,0,33,0,6,39,0,45,0,0,0,45
04/09/2007,MHK,KS,ACE,CE,Federal Contract Tower,0,8,20,2,30,0,0,15,2,17,0,8,35,4,47,14,0,14,61
04/10/2007,MHK,KS,ACE,CE,Federal Contract Tower,4,5,13,0,22,0,0,0,0,0,4,5,13,0,22,2,0,2,24
04/11/2007,MHK,KS,ACE,CE,Federal Contract Tower,2,11,17,0,30,0,0,5,0,5,2,11,22,0,35,0,0,0,35
04/12/2007,MHK,KS,ACE,CE,Federal Contract Tower,0,10,17,0,27,0,0,30,0,30,0,10,47,0,57,62,0,62,119
04/13/2007,MHK,KS,ACE,CE,Federal Contract Tower,0,11,9,0,20,0,0,1,0,1,0,11,10,0,21,0,0,0,21
04/14/2007,MHK,KS,ACE,CE,Federal Contract Tower,0,2,3,1,6,0,0,8,1,9,0,2,11,2,15,8,0,8,23
04/15/2007,MHK,KS,ACE,CE,Federal Contract Tower,0,6,4,0,10,0,0,18,2,20,0,6,22,2,30,41,4,45,75
04/16/2007,MHK,KS,ACE,CE,Federal Contract Tower,0,8,8,0,16,0,0,25,2,27,0,8,33,2,43,10,6,16,59
04/17/2007,MHK,KS,ACE,CE,Federal Contract Tower,0,10,11,0,21,0,0,14,3,17,0,10,25,3,38,34,28,62,100
04/18/2007,MHK,KS,ACE,CE,Federal Contract Tower,0,7,15,1,23,0,0,35,6,41,0,7,50,7,64,32,38,70,134
04/19/2007,MHK,KS,ACE,CE,Federal Contract Tower,0,8,10,5,23,0,0,33,3,36,0,8,43,8,59,48,42,90,149
04/20/2007,MHK,KS,ACE,CE,Federal Contract Tower,0,8,14,1,23,0,0,24,2,26,0,8,38,3,49,64,4,68,117
04/21/2007,MHK,KS,ACE,CE,Federal Contract Tower,0,2,6,0,8,0,0,21,2,23,0,2,27,2,31,26,0,26,57
04/22/2007,MHK,KS,ACE,CE,Federal Contract Tower,0,6,7,0,13,0,0,5,0,5,0,6,12,0,18,0,0,0,18
04/23/2007,MHK,KS,ACE,CE,Federal Contract Tower,0,12,14,3,29,0,0,21,3,24,0,12,35,6,53,0,6,6,59
04/24/2007,MHK,KS,ACE,CE,Federal Contract Tower,0,8,10,0,18,0,0,0,0,0,0,8,10,0,18,0,0,0,18
04/25/2007,MHK,KS,ACE,CE,Federal Contract Tower,0,8,13,0,21,0,0,3,0,3,0,8,16,0,24,0,0,0,24
04/26/2007,MHK,KS,ACE,CE,Federal Contract Tower,2,8,12,0,22,0,0,40,0,40,2,8,52,0,62,96,22,118,180
04/27/2007,MHK,KS,ACE,CE,Federal Contract Tower,0,10,10,4,24,0,0,46,7,53,0,10,56,11,77,52,6,58,135
04/28/2007,MHK,KS,ACE,CE,Federal Contract Tower,0,2,9,0,11,0,0,54,3,57,0,2,63,3,68,28,0,28,96
04/29/2007,MHK,KS,ACE,CE,Federal Contract Tower,0,6,13,0,19,0,0,36,0,36,0,6,49,0,55,0,0,0,55
04/30/2007,MHK,KS,ACE,CE,Federal Contract Tower,0,8,10,2,20,0,0,14,2,16,0,8,24,4,36,6,0,6,42
05/01/2007,MHK,KS,ACE,CE,Federal Contract Tower,2,4,12,2,20,0,0,24,0,24,2,4,36,2,44,52,0,52,96
05/02/2007,MHK,KS,ACE,CE,Federal Contract Tower,0,10,18,4,32,0,0,15,0,15,0,10,33,4,47,78,12,90,137
05/03/2007,MHK,KS,ACE,CE,Federal Contract Tower,0,8,16,0,24,0,0,6,0,6,0,8,22,0,30,10,0,10,40
05/04/2007,MHK,KS,ACE,CE,Federal Contract Tower,0,8,19,2,29,0,0,24,6,30,0,8,43,8,59,68,6,74,133
05/05/2007,MHK,KS,ACE,CE,Federal Contract Tower,0,4,10,0,14,0,0,22,2,24,0,4,32,2,38,44,8,52,90
05/06/2007,MHK,KS,ACE,CE,Federal Contract Tower,0,6,6,1,13,0,0,10,0,10,0,6,16,1,23,28,0,28,51
05/07/2007,MHK,KS,ACE,CE,Federal Contract Tower,3,6,3,1,13,0,0,23,2,25,3,6,26,3,38,30,14,44,82
05/08/2007,MHK,KS,ACE,CE,Federal Contract Tower,2,8,13,0,23,0,0,32,2,34,2,8,45,2,57,62,12,74,131
05/09/2007,MHK,KS,ACE,CE,Federal Contract Tower,0,8,13,3,24,0,0,33,1,34,0,8,46,4,58,30,18,48,106
05/10/2007,MHK,KS,ACE,CE,Federal Contract Tower,2,10,17,2,31,0,0,31,4,35,2,10,48,6,66,56,28,84,150
05/11/2007,MHK,KS,ACE,CE,Federal Contract Tower,0,8,14,1,23,0,0,54,0,54,0,8,68,1,77,50,2,52,129
05/12/2007,MHK,KS,ACE,CE,Federal Contract Tower,0,2,16,0,18,0,0,34,0,34,0,2,50,0,52,64,0,64,116
05/13/2007,MHK,KS,ACE,CE,Federal Contract Tower,0,9,5,1,15,0,0,23,0,23,0,9,28,1,38,6,0,6,44
05/14/2007,MHK,KS,ACE,CE,Federal Contract Tower,0,12,10,12,34,0,0,15,0,15,0,12,25,12,49,0,0,0,49
05/15/2007,MHK,KS,ACE,CE,Federal Contract Tower,0,8,6,1,15,0,0,30,2,32,0,8,36,3,47,44,14,58,105
05/16/2007,MHK,KS,ACE,CE,Federal Contract Tower,0,8,19,0,27,0,0,34,12,46,0,8,53,12,73,48,44,92,165
05/17/2007,MHK,KS,ACE,CE,Federal Contract Tower,0,9,7,2,18,0,0,37,14,51,0,9,44,16,69,70,10,80,149
05/18/2007,MHK,KS,ACE,CE,Federal Contract Tower,2,9,17,3,31,0,0,26,2,28,2,9,43,5,59,64,16,80,139
05/19/2007,MHK,KS,ACE,CE,Federal Contract Tower,0,4,9,0,13,0,0,27,2,29,0,4,36,2,42,42,8,50,92
05/20/2007,MHK,KS,ACE,CE,Federal Contract Tower,0,8,9,0,17,0,0,15,2,17,0,8,24,2,34,16,0,16,50
05/21/2007,MHK,KS,ACE,CE,Federal Contract Tower,0,8,11,0,19,0,0,27,0,27,0,8,38,0,46,50,34,84,130
05/22/2007,MHK,KS,ACE,CE,Federal Contract Tower,0,8,10,2,20,0,0,10,2,12,0,8,20,4,32,10,6,16,48
05/23/2007,MHK,KS,ACE,CE,Federal Contract Tower,0,6,11,0,17,0,0,2,0,2,0,6,13,0,19,2,0,2,21
05/24/2007,MHK,KS,ACE,CE,Federal Contract Tower,0,12,9,2,23,0,0,9,2,11,0,12,18,4,34,48,6,54,88
05/25/2007,MHK,KS,ACE,CE,Federal Contract Tower,0,8,7,0,15,0,0,35,2,37,0,8,42,2,52,46,0,46,98
05/26/2007,MHK,KS,ACE,CE,Federal Contract Tower,0,2,2,2,6,0,0,16,0,16,0,2,18,2,22,22,0,22,44
05/27/2007,MHK,KS,ACE,CE,Federal Contract Tower,0,6,12,0,18,0,0,20,0,20,0,6,32,0,38,30,0,30,68
05/28/2007,MHK,KS,ACE,CE,Federal Contract Tower,0,8,5,2,15,0,0,11,0,11,0,8,16,2,26,10,0,10,36
05/29/2007,MHK,KS,ACE,CE,Federal Contract Tower,2,11,13,1,27,0,0,20,1,21,2,11,33,2,48,50,10,60,108
05/30/2007,MHK,KS,ACE,CE,Federal Contract Tower,2,11,13,1,27,0,0,20,1,21,2,11,33,2,48,50,10,60,108
05/31/2007,MHK,KS,ACE,CE,Federal Contract Tower,0,10,10,0,20,0,0,39,4,43,0,10,49,4,63,50,14,64,127
06/01/2007,MHK,KS,ACE,CE,Federal Contract Tower,0,8,11,0,19,0,0,17,0,17,0,8,28,0,36,72,0,72,108
06/02/2007,MHK,KS,ACE,CE,Federal Contract Tower,0,2,3,0,5,0,0,32,0,32,0,2,35,0,37,36,0,36,73
06/03/2007,MHK,KS,ACE,CE,Federal Contract Tower,0,4,3,0,7,0,0,22,0,22,0,4,25,0,29,0,0,0,29
06/04/2007,MHK,KS,ACE,CE,Federal Contract Tower,0,5,9,0,14,0,0,36,8,44,0,5,45,8,58,60,16,76,134
06/05/2007,MHK,KS,ACE,CE,Federal Contract Tower,0,4,7,0,11,0,0,41,4,45,0,4,48,4,56,86,20,106,162
06/06/2007,MHK,KS,ACE,CE,Federal Contract Tower,0,4,11,4,19,0,0,21,0,21,0,4,32,4,40,28,2,30,70
06/07/2007,MHK,KS,ACE,CE,Federal Contract Tower,0,4,15,2,21,0,0,21,0,21,0,4,36,2,42,30,4,34,76
06/08/2007,MHK,KS,ACE,CE,Federal Contract Tower,0,4,7,0,11,0,0,44,5,49,0,4,51,5,60,68,26,94,154
06/09/2007,MHK,KS,ACE,CE,Federal Contract Tower,0,2,7,2,11,0,0,36,0,36,0,2,43,2,47,42,0,42,89
06/10/2007,MHK,KS,ACE,CE,Federal Contract Tower,0,5,5,3,13,0,0,22,4,26,0,5,27,7,39,0,32,32,71
06/11/2007,MHK,KS,ACE,CE,Federal Contract Tower,2,4,9,1,16,0,0,7,2,9,2,4,16,3,25,8,18,26,51
06/12/2007,MHK,KS,ACE,CE,Federal Contract Tower,0,4,7,0,11,0,0,1,4,5,0,4,8,4,16,0,26,26,42
06/13/2007,MHK,KS,ACE,CE,Federal Contract Tower,0,4,11,3,18,0,0,8,1,9,0,4,19,4,27,26,12,38,65
06/14/2007,MHK,KS,ACE,CE,Federal Contract Tower,0,4,13,1,18,0,0,12,5,17,0,4,25,6,35,34,8,42,77
06/15/2007,MHK,KS,ACE,CE,Federal Contract Tower,0,4,14,0,18,0,0,16,0,16,0,4,30,0,34,14,0,14,48
06/16/2007,MHK,KS,ACE,CE,Federal Contract Tower,0,2,8,2,12,0,0,35,2,37,0,2,43,4,49,60,12,72,121
06/17/2007,MHK,KS,ACE,CE,Federal Contract Tower,0,4,5,2,11,0,0,19,1,20,0,4,24,3,31,14,4,18,49
06/18/2007,MHK,KS,ACE,CE,Federal Contract Tower,0,4,5,4,13,0,0,28,2,30,0,4,33,6,43,56,10,66,109
06/19/2007,MHK,KS,ACE,CE,Federal Contract Tower,0,6,7,4,17,0,0,35,0,35,0,6,42,4,52,28,42,70,122
06/20/2007,MHK,KS,ACE,CE,Federal Contract Tower,0,6,14,3,23,0,0,31,2,33,0,6,45,5,56,72,20,92,148
06/21/2007,MHK,KS,ACE,CE,Federal Contract Tower,0,4,13,3,20,0,0,22,0,22,0,4,35,3,42,40,8,48,90
06/22/2007,MHK,KS,ACE,CE,Federal Contract Tower,0,6,13,2,21,0,0,31,0,31,0,6,44,2,52,66,22,88,140
06/23/2007,MHK,KS,ACE,CE,Federal Contract Tower,0,2,7,0,9,0,0,22,0,22,0,2,29,0,31,28,0,28,59
06/24/2007,MHK,KS,ACE,CE,Federal Contract Tower,0,6,11,4,21,0,0,14,0,14,0,6,25,4,35,8,2,10,45
06/25/2007,MHK,KS,ACE,CE,Federal Contract Tower,0,6,5,0,11,0,0,21,2,23,0,6,26,2,34,18,32,50,84
06/26/2007,MHK,KS,ACE,CE,Federal Contract Tower,0,6,10,3,19,0,0,14,7,21,0,6,24,10,40,10,8,18,58
06/27/2007,MHK,KS,ACE,CE,Federal Contract Tower,0,5,8,1,14,0,0,19,7,26,0,5,27,8,40,2,62,64,104
06/28/2007,MHK,KS,ACE,CE,Federal Contract Tower,0,4,5,2,11,0,0,26,4,30,0,4,31,6,41,52,30,82,123
06/29/2007,MHK,KS,ACE,CE,Federal Contract Tower,0,4,11,2,17,0,0,12,0,12,0,4,23,2,29,0,0,0,29
06/30/2007,MHK,KS,ACE,CE,Federal Contract Tower,0,2,10,3,15,0,0,6,0,6,0,2,16,3,21,0,0,0,21
07/01/2007,MHK,KS,ACE,CE,Federal Contract Tower,0,3,10,1,14,0,0,6,2,8,0,3,16,3,22,0,0,0,22
07/02/2007,MHK,KS,ACE,CE,Federal Contract Tower,0,4,11,0,15,0,0,19,1,20,0,4,30,1,35,50,14,64,99
07/03/2007,MHK,KS,ACE,CE,Federal Contract Tower,0,4,13,0,17,0,0,24,4,28,0,4,37,4,45,76,8,84,129
07/04/2007,MHK,KS,ACE,CE,Federal Contract Tower,0,4,1,0,5,0,0,16,0,16,0,4,17,0,21,26,0,26,47
07/05/2007,MHK,KS,ACE,CE,Federal Contract Tower,0,6,10,2,18,0,0,40,0,40,0,6,50,2,58,64,0,64,122
07/06/2007,MHK,KS,ACE,CE,Federal Contract Tower,0,2,13,2,17,0,0,27,11,38,0,2,40,13,55,44,0,44,99
07/07/2007,MHK,KS,ACE,CE,Federal Contract Tower,0,2,9,0,11,0,0,25,0,25,0,2,34,0,36,32,0,32,68
07/08/2007,MHK,KS,ACE,CE,Federal Contract Tower,0,4,5,0,9,0,0,30,0,30,0,4,35,0,39,24,0,24,63
07/09/2007,MHK,KS,ACE,CE,Federal Contract Tower,0,4,14,3,21,0,0,12,3,15,0,4,26,6,36,0,0,0,36
07/10/2007,MHK,KS,ACE,CE,Federal Contract Tower,0,7,2,1,10,0,0,21,2,23,0,7,23,3,33,56,0,56,89
07/11/2007,MHK,KS,ACE,CE,Federal Contract Tower,0,4,16,1,21,0,0,17,4,21,0,4,33,5,42,40,28,68,110
07/12/2007,MHK,KS,ACE,CE,Federal Contract Tower,0,4,13,3,20,0,0,23,1,24,0,4,36,4,44,32,16,48,92
07/13/2007,MHK,KS,ACE,CE,Federal Contract Tower,0,9,17,2,28,0,0,30,0,30,0,9,47,2,58,60,0,60,118
07/14/2007,MHK,KS,ACE,CE,Federal Contract Tower,0,2,6,0,8,0,0,34,0,34,0,2,40,0,42,72,0,72,114
07/15/2007,MHK,KS,ACE,CE,Federal Contract Tower,0,6,2,2,10,0,0,40,0,40,0,6,42,2,50,54,0,54,104
07/16/2007,MHK,KS,ACE,CE,Federal Contract Tower,0,10,8,2,20,0,0,25,3,28,0,10,33,5,48,48,0,48,96
07/17/2007,MHK,KS,ACE,CE,Federal Contract Tower,0,6,6,0,12,0,0,26,0,26,0,6,32,0,38,48,12,60,98
07/18/2007,MHK,KS,ACE,CE,Federal Contract Tower,0,6,10,2,18,0,0,39,13,52,0,6,49,15,70,60,26,86,156
07/19/2007,MHK,KS,ACE,CE,Federal Contract Tower,0,5,16,1,22,0,0,22,2,24,0,5,38,3,46,86,14,100,146
07/20/2007,MHK,KS,ACE,CE,Federal Contract Tower,0,6,15,1,22,0,0,21,3,24,0,6,36,4,46,38,4,42,88
07/21/2007,MHK,KS,ACE,CE,Federal Contract Tower,0,2,7,2,11,0,0,20,0,20,0,2,27,2,31,32,0,32,63
07/22/2007,MHK,KS,ACE,CE,Federal Contract Tower,0,4,8,0,12,0,0,20,0,20,0,4,28,0,32,36,0,36,68
07/23/2007,MHK,KS,ACE,CE,Federal Contract Tower,0,4,12,1,17,0,0,11,2,13,0,4,23,3,30,6,0,6,36
07/24/2007,MHK,KS,ACE,CE,Federal Contract Tower,0,6,10,1,17,0,0,20,0,20,0,6,30,1,37,62,0,62,99
07/25/2007,MHK,KS,ACE,CE,Federal Contract Tower,0,4,6,2,12,0,0,11,0,11,0,4,17,2,23,62,0,62,85
07/26/2007,MHK,KS,ACE,CE,Federal Contract Tower,0,6,10,3,19,0,0,17,0,17,0,6,27,3,36,38,0,38,74
07/27/2007,MHK,KS,ACE,CE,Federal Contract Tower,0,4,13,0,17,0,0,29,4,33,0,4,42,4,50,48,16,64,114
07/28/2007,MHK,KS,ACE,CE,Federal Contract Tower,0,2,8,2,12,0,0,31,1,32,0,2,39,3,44,64,0,64,108
07/29/2007,MHK,KS,ACE,CE,Federal Contract Tower,0,5,4,2,11,0,0,20,3,23,0,5,24,5,34,14,4,18,52
07/30/2007,MHK,KS,ACE,CE,Federal Contract Tower,0,4,6,4,14,0,0,13,0,13,0,4,19,4,27,30,0,30,57
07/31/2007,MHK,KS,ACE,CE,Federal Contract Tower,0,6,10,3,19,0,0,24,1,25,0,6,34,4,44,50,0,50,94
08/01/2007,MHK,KS,ACE,CE,Federal Contract Tower,0,8,3,2,13,0,0,36,0,36,0,8,39,2,49,66,20,86,135
08/02/2007,MHK,KS,ACE,CE,Federal Contract Tower,0,6,14,0,20,0,0,27,2,29,0,6,41,2,49,40,10,50,99
08/03/2007,MHK,KS,ACE,CE,Federal Contract Tower,0,6,8,0,14,0,0,36,0,36,0,6,44,0,50,38,0,38,88
08/04/2007,MHK,KS,ACE,CE,Federal Contract Tower,0,3,8,0,11,0,0,21,0,21,0,3,29,0,32,24,0,24,56
08/05/2007,MHK,KS,ACE,CE,Federal Contract Tower,0,6,5,0,11,0,0,36,0,36,0,6,41,0,47,52,0,52,99
08/06/2007,MHK,KS,ACE,CE,Federal Contract Tower,0,7,8,0,15,0,0,23,0,23,0,7,31,0,38,50,0,50,88
08/07/2007,MHK,KS,ACE,CE,Federal Contract Tower,0,4,13,2,19,0,0,15,2,17,0,4,28,4,36,28,0,28,64
08/08/2007,MHK,KS,ACE,CE,Federal Contract Tower,0,4,13,2,19,0,0,25,0,25,0,4,38,2,44,52,0,52,96
08/09/2007,MHK,KS,ACE,CE,Federal Contract Tower,0,6,11,8,25,0,0,29,1,30,0,6,40,9,55,36,0,36,91
08/10/2007,MHK,KS,ACE,CE,Federal Contract Tower,2,4,12,0,18,0,0,30,0,30,2,4,42,0,48,36,0,36,84
08/11/2007,MHK,KS,ACE,CE,Federal Contract Tower,0,2,13,2,17,0,0,27,0,27,0,2,40,2,44,42,0,42,86
08/12/2007,MHK,KS,ACE,CE,Federal Contract Tower,0,4,4,0,8,0,0,28,0,28,0,4,32,0,36,22,0,22,58
08/13/2007,MHK,KS,ACE,CE,Federal Contract Tower,0,4,8,0,12,0,0,29,0,29,0,4,37,0,41,56,0,56,97
08/14/2007,MHK,KS,ACE,CE,Federal Contract Tower,0,4,16,0,20,0,0,16,0,16,0,4,32,0,36,62,0,62,98
08/15/2007,MHK,KS,ACE,CE,Federal Contract Tower,0,4,9,0,13,0,0,30,0,30,0,4,39,0,43,50,0,50,93
08/16/2007,MHK,KS,ACE,CE,Federal Contract Tower,0,4,4,0,8,0,0,36,2,38,0,4,40,2,46,80,0,80,126
08/17/2007,MHK,KS,ACE,CE,Federal Contract Tower,0,6,11,2,19,0,0,37,4,41,0,6,48,6,60,52,20,72,132
08/18/2007,MHK,KS,ACE,CE,Federal Contract Tower,0,2,3,2,7,0,0,32,0,32,0,2,35,2,39,14,0,14,53
08/19/2007,MHK,KS,ACE,CE,Federal Contract Tower,0,7,4,0,11,0,0,32,0,32,0,7,36,0,43,6,0,6,49
08/20/2007,MHK,KS,ACE,CE,Federal Contract Tower,0,4,11,0,15,0,0,29,0,29,0,4,40,0,44,34,0,34,78
08/21/2007,MHK,KS,ACE,CE,Federal Contract Tower,0,4,13,2,19,0,0,40,2,42,0,4,53,4,61,52,0,52,113
08/22/2007,MHK,KS,ACE,CE,Federal Contract Tower,0,6,13,2,21,0,0,32,1,33,0,6,45,3,54,38,4,42,96
08/23/2007,MHK,KS,ACE,CE,Federal Contract Tower,0,5,12,0,17,0,0,32,0,32,0,5,44,0,49,50,0,50,99
08/24/2007,MHK,KS,ACE,CE,Federal Contract Tower,0,4,15,0,19,0,0,33,0,33,0,4,48,0,52,32,0,32,84
08/25/2007,MHK,KS,ACE,CE,Federal Contract Tower,0,3,11,3,17,0,0,27,0,27,0,3,38,3,44,16,0,16,60
08/26/2007,MHK,KS,ACE,CE,Federal Contract Tower,0,4,7,2,13,0,0,27,0,27,0,4,34,2,40,8,0,8,48
08/27/2007,MHK,KS,ACE,CE,Federal Contract Tower,0,5,5,2,12,0,0,28,0,28,0,5,33,2,40,12,0,12,52
08/28/2007,MHK,KS,ACE,CE,Federal Contract Tower,0,6,8,0,14,0,0,30,5,35,0,6,38,5,49,36,2,38,87
08/29/2007,MHK,KS,ACE,CE,Federal Contract Tower,0,4,10,2,16,0,0,21,0,21,0,4,31,2,37,16,0,16,53
08/30/2007,MHK,KS,ACE,CE,Federal Contract Tower,0,6,6,0,12,0,0,40,8,48,0,6,46,8,60,36,0,36,96
08/31/2007,MHK,KS,ACE,CE,Federal Contract Tower,2,4,9,0,15,0,0,59,0,59,2,4,68,0,74,110,0,110,184
09/01/2007,MHK,KS,ACE,CE,Federal Contract Tower,0,2,8,0,10,0,0,43,0,43,0,2,51,0,53,36,0,36,89
09/02/2007,MHK,KS,ACE,CE,Federal Contract Tower,0,3,5,0,8,0,0,25,0,25,0,3,30,0,33,0,0,0,33
09/03/2007,MHK,KS,ACE,CE,Federal Contract Tower,0,5,10,0,15,0,0,34,0,34,0,5,44,0,49,18,0,18,67
09/04/2007,MHK,KS,ACE,CE,Federal Contract Tower,0,4,5,4,13,0,0,23,0,23,0,4,28,4,36,18,0,18,54
09/05/2007,MHK,KS,ACE,CE,Federal Contract Tower,0,4,17,5,26,0,0,18,0,18,0,4,35,5,44,38,0,38,82
09/06/2007,MHK,KS,ACE,CE,Federal Contract Tower,0,5,19,2,26,0,0,16,0,16,0,5,35,2,42,40,0,40,82
09/07/2007,MHK,KS,ACE,CE,Federal Contract Tower,2,4,12,1,19,0,0,36,2,38,2,4,48,3,57,46,2,48,105
09/08/2007,MHK,KS,ACE,CE,Federal Contract Tower,0,2,10,2,14,0,0,34,0,34,0,2,44,2,48,42,0,42,90
09/09/2007,MHK,KS,ACE,CE,Federal Contract Tower,0,2,10,2,14,0,0,34,0,34,0,2,44,2,48,42,0,42,90
09/10/2007,MHK,KS,ACE,CE,Federal Contract Tower,0,9,14,0,23,0,0,5,0,5,0,9,19,0,28,0,0,0,28
09/11/2007,MHK,KS,ACE,CE,Federal Contract Tower,0,4,7,0,11,0,0,39,0,39,0,4,46,0,50,58,0,58,108
09/12/2007,MHK,KS,ACE,CE,Federal Contract Tower,0,4,13,0,17,0,0,37,0,37,0,4,50,0,54,48,0,48,102
09/13/2007,MHK,KS,ACE,CE,Federal Contract Tower,0,6,14,0,20,0,0,32,0,32,0,6,46,0,52,34,0,34,86
09/14/2007,MHK,KS,ACE,CE,Federal Contract Tower,0,4,13,0,17,0,0,33,0,33,0,4,46,0,50,68,0,68,118
09/15/2007,MHK,KS,ACE,CE,Federal Contract Tower,0,4,12,0,16,0,0,9,0,9,0,4,21,0,25,10,0,10,35
09/16/2007,MHK,KS,ACE,CE,Federal Contract Tower,0,4,6,2,12,0,0,15,0,15,0,4,21,2,27,12,0,12,39
09/17/2007,MHK,KS,ACE,CE,Federal Contract Tower,0,4,11,0,15,0,0,4,2,6,0,4,15,2,21,0,0,0,21
09/18/2007,MHK,KS,ACE,CE,Federal Contract Tower,0,4,8,2,14,0,0,2,0,2,0,4,10,2,16,4,0,4,20
09/19/2007,MHK,KS,ACE,CE,Federal Contract Tower,0,5,13,0,18,0,0,20,0,20,0,5,33,0,38,18,0,18,56
09/20/2007,MHK,KS,ACE,CE,Federal Contract Tower,0,4,18,2,24,0,0,22,0,22,0,4,40,2,46,48,0,48,94
09/21/2007,MHK,KS,ACE,CE,Federal Contract Tower,0,6,13,0,19,0,0,36,2,38,0,6,49,2,57,40,0,40,97
09/22/2007,MHK,KS,ACE,CE,Federal Contract Tower,0,3,5,1,9,0,0,24,0,24,0,3,29,1,33,10,0,10,43
09/23/2007,MHK,KS,ACE,CE,Federal Contract Tower,0,5,8,0,13,0,0,25,0,25,0,5,33,0,38,10,0,10,48
09/24/2007,MHK,KS,ACE,CE,Federal Contract Tower,2,4,6,4,16,0,0,28,2,30,2,4,34,6,46,30,0,30,76
09/25/2007,MHK,KS,ACE,CE,Federal Contract Tower,0,4,14,0,18,0,0,27,0,27,0,4,41,0,45,38,0,38,83
09/26/2007,MHK,KS,ACE,CE,Federal Contract Tower,0,6,18,2,26,0,0,24,0,24,0,6,42,2,50,32,0,32,82
09/27/2007,MHK,KS,ACE,CE,Federal Contract Tower,0,4,18,0,22,0,0,49,2,51,0,4,67,2,73,56,22,78,151
09/28/2007,MHK,KS,ACE,CE,Federal Contract Tower,2,6,14,0,22,0,0,42,0,42,2,6,56,0,64,58,0,58,122
09/29/2007,MHK,KS,ACE,CE,Federal Contract Tower,0,2,9,2,13,0,0,19,0,19,0,2,28,2,32,10,0,10,42
09/30/2007,MHK,KS,ACE,CE,Federal Contract Tower,0,4,3,2,9,0,0,9,0,9,0,4,12,2,18,0,0,0,18
10/01/2007,MHK,KS,ACE,CE,Federal Contract Tower,0,4,12,0,16,0,0,48,0,48,0,4,60,0,64,48,0,48,112
10/02/2007,MHK,KS,ACE,CE,Federal Contract Tower,0,6,3,2,11,0,0,17,0,17,0,6,20,2,28,44,0,44,72
10/03/2007,MHK,KS,ACE,CE,Federal Contract Tower,0,4,12,0,16,0,0,20,0,20,0,4,32,0,36,44,0,44,80
10/04/2007,MHK,KS,ACE,CE,Federal Contract Tower,0,4,15,0,19,0,0,20,0,20,0,4,35,0,39,34,0,34,73
10/05/2007,MHK,KS,ACE,CE,Federal Contract Tower,0,4,12,0,16,0,0,23,2,25,0,4,35,2,41,10,0,10,51
10/06/2007,MHK,KS,ACE,CE,Federal Contract Tower,0,4,46,0,50,0,0,89,0,89,0,4,135,0,139,14,0,14,153
10/07/2007,MHK,KS,ACE,CE,Federal Contract Tower,0,4,3,0,7,0,0,17,0,17,0,4,20,0,24,0,0,0,24
10/08/2007,MHK,KS,ACE,CE,Federal Contract Tower,0,4,12,2,18,0,0,35,0,35,0,4,47,2,53,62,0,62,115
10/09/2007,MHK,KS,ACE,CE,Federal Contract Tower,0,4,10,0,14,0,0,21,0,21,0,4,31,0,35,68,0,68,103
10/10/2007,MHK,KS,ACE,CE,Federal Contract Tower,0,4,20,0,24,0,0,42,0,42,0,4,62,0,66,76,0,76,142
10/11/2007,MHK,KS,ACE,CE,Federal Contract Tower,0,6,14,0,20,0,0,50,2,52,0,6,64,2,72,44,8,52,124
10/12/2007,MHK,KS,ACE,CE,Federal Contract Tower,2,9,20,0,31,0,0,22,0,22,2,9,42,0,53,62,0,62,115
10/13/2007,MHK,KS,ACE,CE,Federal Contract Tower,0,5,15,0,20,0,0,24,0,24,0,5,39,0,44,32,0,32,76
10/14/2007,MHK,KS,ACE,CE,Federal Contract Tower,0,9,10,2,21,0,0,2,0,2,0,9,12,2,23,0,0,0,23
10/15/2007,MHK,KS,ACE,CE,Federal Contract Tower,0,5,8,4,17,0,0,6,0,6,0,5,14,4,23,4,0,4,27
10/16/2007,MHK,KS,ACE,CE,Federal Contract Tower,0,4,13,0,17,0,0,44,0,44,0,4,57,0,61,28,0,28,89
10/17/2007,MHK,KS,ACE,CE,Federal Contract Tower,0,7,18,0,25,0,0,9,0,9,0,7,27,0,34,8,0,8,42
10/18/2007,MHK,KS,ACE,CE,Federal Contract Tower,0,4,15,2,21,0,0,14,0,14,0,4,29,2,35,0,0,0,35
10/19/2007,MHK,KS,ACE,CE,Federal Contract Tower,0,4,13,0,17,0,0,35,0,35,0,4,48,0,52,32,0,32,84
10/20/2007,MHK,KS,ACE,CE,Federal Contract Tower,0,2,11,2,15,0,0,32,0,32,0,2,43,2,47,10,0,10,57
10/21/2007,MHK,KS,ACE,CE,Federal Contract Tower,0,4,2,0,6,0,0,13,0,13,0,4,15,0,19,14,0,14,33
10/22/2007,MHK,KS,ACE,CE,Federal Contract Tower,0,6,7,4,17,0,0,37,0,37,0,6,44,4,54,40,0,40,94
10/23/2007,MHK,KS,ACE,CE,Federal Contract Tower,0,6,14,0,20,0,0,22,0,22,0,6,36,0,42,40,8,48,90
10/24/2007,MHK,KS,ACE,CE,Federal Contract Tower,0,6,4,2,12,0,0,37,0,37,0,6,41,2,49,46,0,46,95
10/25/2007,MHK,KS,ACE,CE,Federal Contract Tower,0,8,7,2,17,0,0,34,0,34,0,8,41,2,51,70,0,70,121
10/26/2007,MHK,KS,ACE,CE,Federal Contract Tower,1,4,16,0,21,0,0,37,0,37,1,4,53,0,58,48,0,48,106
10/27/2007,MHK,KS,ACE,CE,Federal Contract Tower,1,2,24,2,29,0,0,68,0,68,1,2,92,2,97,76,0,76,173
10/28/2007,MHK,KS,ACE,CE,Federal Contract Tower,0,8,5,0,13,0,0,38,0,38,0,8,43,0,51,12,0,12,63
10/29/2007,MHK,KS,ACE,CE,Federal Contract Tower,0,4,8,4,16,0,0,32,0,32,0,4,40,4,48,46,0,46,94
10/30/2007,MHK,KS,ACE,CE,Federal Contract Tower,0,4,11,0,15,0,0,43,0,43,0,4,54,0,58,48,0,48,106
10/31/2007,MHK,KS,ACE,CE,Federal Contract Tower,0,6,10,4,20,0,0,27,0,27,0,6,37,4,47,36,0,36,83
11/01/2007,MHK,KS,ACE,CE,Federal Contract Tower,0,5,5,0,10,0,0,42,0,42,0,5,47,0,52,72,0,72,124
11/02/2007,MHK,KS,ACE,CE,Federal Contract Tower,0,6,11,0,17,0,0,37,0,37,0,6,48,0,54,52,0,52,106
11/03/2007,MHK,KS,ACE,CE,Federal Contract Tower,2,4,10,1,17,0,0,41,1,42,2,4,51,2,59,28,0,28,87
11/04/2007,MHK,KS,ACE,CE,Federal Contract Tower,0,4,8,1,13,0,0,33,0,33,0,4,41,1,46,4,0,4,50
11/05/2007,MHK,KS,ACE,CE,Federal Contract Tower,4,4,12,0,20,0,0,12,0,12,4,4,24,0,32,14,0,14,46
11/06/2007,MHK,KS,ACE,CE,Federal Contract Tower,0,7,8,2,17,0,0,39,2,41,0,7,47,4,58,46,0,46,104
11/07/2007,MHK,KS,ACE,CE,Federal Contract Tower,0,6,14,0,20,0,0,32,2,34,0,6,46,2,54,40,0,40,94
11/08/2007,MHK,KS,ACE,CE,Federal Contract Tower,0,6,17,4,27,0,0,36,0,36,0,6,53,4,63,64,0,64,127
11/09/2007,MHK,KS,ACE,CE,Federal Contract Tower,0,4,14,0,18,0,0,24,0,24,0,4,38,0,42,30,0,30,72
11/10/2007,MHK,KS,ACE,CE,Federal Contract Tower,0,2,9,0,11,0,0,30,2,32,0,2,39,2,43,14,6,20,63
11/11/2007,MHK,KS,ACE,CE,Federal Contract Tower,0,4,9,0,13,0,0,24,0,24,0,4,33,0,37,50,0,50,87
11/12/2007,MHK,KS,ACE,CE,Federal Contract Tower,0,5,8,0,13,0,0,18,0,18,0,5,26,0,31,26,0,26,57
11/13/2007,MHK,KS,ACE,CE,Federal Contract Tower,0,4,10,0,14,0,0,35,0,35,0,4,45,0,49,66,0,66,115
11/14/2007,MHK,KS,ACE,CE,Federal Contract Tower,3,10,14,0,27,0,0,30,0,30,3,10,44,0,57,38,0,38,95
11/15/2007,MHK,KS,ACE,CE,Federal Contract Tower,0,4,10,0,14,0,0,34,0,34,0,4,44,0,48,62,0,62,110
11/16/2007,MHK,KS,ACE,CE,Federal Contract Tower,1,7,16,2,26,0,0,51,0,51,1,7,67,2,77,50,0,50,127
11/17/2007,MHK,KS,ACE,CE,Federal Contract Tower,2,3,26,0,31,0,0,53,0,53,2,3,79,0,84,34,0,34,118
11/18/2007,MHK,KS,ACE,CE,Federal Contract Tower,0,14,6,0,20,0,0,40,0,40,0,14,46,0,60,2,0,2,62
11/19/2007,MHK,KS,ACE,CE,Federal Contract Tower,0,4,7,2,13,0,0,19,0,19,0,4,26,2,32,18,0,18,50
11/20/2007,MHK,KS,ACE,CE,Federal Contract Tower,2,6,26,2,36,0,0,4,0,4,2,6,30,2,40,2,0,2,42
11/21/2007,MHK,KS,ACE,CE,Federal Contract Tower,0,4,11,0,15,0,0,0,0,0,0,4,11,0,15,0,0,0,15
11/22/2007,MHK,KS,ACE,CE,Federal Contract Tower,0,4,3,0,7,0,0,3,0,3,0,4,6,0,10,0,0,0,10
11/23/2007,MHK,KS,ACE,CE,Federal Contract Tower,2,4,9,0,15,0,0,13,0,13,2,4,22,0,28,14,0,14,42
11/24/2007,MHK,KS,ACE,CE,Federal Contract Tower,0,6,4,0,10,0,0,4,0,4,0,6,8,0,14,0,0,0,14
11/25/2007,MHK,KS,ACE,CE,Federal Contract Tower,0,4,5,2,11,0,0,15,0,15,0,4,20,2,26,16,0,16,42
11/26/2007,MHK,KS,ACE,CE,Federal Contract Tower,0,4,2,7,13,0,0,21,1,22,0,4,23,8,35,6,0,6,41
11/27/2007,MHK,KS,ACE,CE,Federal Contract Tower,0,8,13,0,21,0,0,30,0,30,0,8,43,0,51,42,0,42,93
11/28/2007,MHK,KS,ACE,CE,Federal Contract Tower,0,6,14,1,21,0,0,18,1,19,0,6,32,2,40,18,0,18,58
11/29/2007,MHK,KS,ACE,CE,Federal Contract Tower,0,4,16,0,20,0,0,38,0,38,0,4,54,0,58,78,0,78,136
11/30/2007,MHK,KS,ACE,CE,Federal Contract Tower,0,4,9,1,14,0,0,23,1,24,0,4,32,2,38,16,6,22,60
12/01/2007,MHK,KS,ACE,CE,Federal Contract Tower,1,2,5,2,10,0,0,0,0,0,1,2,5,2,10,0,0,0,10
12/02/2007,MHK,KS,ACE,CE,Federal Contract Tower,2,4,9,0,15,0,0,5,0,5,2,4,14,0,20,0,0,0,20
12/03/2007,MHK,KS,ACE,CE,Federal Contract Tower,0,4,3,0,7,0,0,38,0,38,0,4,41,0,45,34,0,34,79
12/04/2007,MHK,KS,ACE,CE,Federal Contract Tower,0,4,11,2,17,0,0,32,0,32,0,4,43,2,49,46,0,46,95
12/05/2007,MHK,KS,ACE,CE,Federal Contract Tower,0,4,11,1,16,0,0,20,3,23,0,4,31,4,39,38,0,38,77
12/06/2007,MHK,KS,ACE,CE,Federal Contract Tower,0,5,1,4,10,0,0,3,0,3,0,5,4,4,13,0,0,0,13
12/07/2007,MHK,KS,ACE,CE,Federal Contract Tower,0,8,6,4,18,0,0,1,0,1,0,8,7,4,19,0,0,0,19
12/08/2007,MHK,KS,ACE,CE,Federal Contract Tower,0,2,2,0,4,0,0,0,0,0,0,2,2,0,4,0,0,0,4
12/09/2007,MHK,KS,ACE,CE,Federal Contract Tower,0,4,5,0,9,0,0,1,0,1,0,4,6,0,10,0,0,0,10
12/10/2007,MHK,KS,ACE,CE,Federal Contract Tower,0,4,11,2,17,0,0,5,1,6,0,4,16,3,23,44,0,44,67
12/11/2007,MHK,KS,ACE,CE,Federal Contract Tower,0,0,0,0,0,0,0,0,0,0,0,0,0,0,0,0,0,0,0
12/12/2007,MHK,KS,ACE,CE,Federal Contract Tower,0,0,3,2,5,0,0,0,0,0,0,0,3,2,5,0,0,0,5
12/13/2007,MHK,KS,ACE,CE,Federal Contract Tower,0,6,5,0,11,0,0,17,8,25,0,6,22,8,36,20,0,20,56
12/14/2007,MHK,KS,ACE,CE,Federal Contract Tower,0,6,4,0,10,0,0,10,0,10,0,6,14,0,20,0,0,0,20
12/15/2007,MHK,KS,ACE,CE,Federal Contract Tower,0,6,0,0,6,0,0,0,0,0,0,6,0,0,6,0,0,0,6
12/16/2007,MHK,KS,ACE,CE,Federal Contract Tower,0,4,1,3,8,0,0,5,0,5,0,4,6,3,13,0,0,0,13
12/17/2007,MHK,KS,ACE,CE,Federal Contract Tower,0,5,15,3,23,0,0,15,0,15,0,5,30,3,38,28,0,28,66
12/18/2007,MHK,KS,ACE,CE,Federal Contract Tower,0,6,11,0,17,0,0,26,0,26,0,6,37,0,43,20,0,20,63
12/19/2007,MHK,KS,ACE,CE,Federal Contract Tower,0,6,9,3,18,0,0,34,0,34,0,6,43,3,52,44,0,44,96
12/20/2007,MHK,KS,ACE,CE,Federal Contract Tower,0,4,12,2,18,0,0,32,2,34,0,4,44,4,52,38,2,40,92
12/21/2007,MHK,KS,ACE,CE,Federal Contract Tower,0,5,5,2,12,0,0,35,0,35,0,5,40,2,47,54,2,56,103
12/22/2007,MHK,KS,ACE,CE,Federal Contract Tower,0,0,7,0,7,0,0,0,0,0,0,0,7,0,7,0,0,0,7
12/23/2007,MHK,KS,ACE,CE,Federal Contract Tower,0,4,8,0,12,0,0,6,0,6,0,4,14,0,18,0,0,0,18
12/24/2007,MHK,KS,ACE,CE,Federal Contract Tower,0,6,2,2,10,0,0,3,0,3,0,6,5,2,13,0,0,0,13
12/25/2007,MHK,KS,ACE,CE,Federal Contract Tower,0,5,4,0,9,0,0,18,0,18,0,5,22,0,27,0,0,0,27
12/26/2007,MHK,KS,ACE,CE,Federal Contract Tower,0,5,10,2,17,0,0,3,0,3,0,5,13,2,20,0,0,0,20
12/27/2007,MHK,KS,ACE,CE,Federal Contract Tower,0,5,7,0,12,0,0,0,0,0,0,5,7,0,12,0,0,0,12
12/28/2007,MHK,KS,ACE,CE,Federal Contract Tower,0,2,2,0,4,0,0,1,0,1,0,2,3,0,5,0,0,0,5
12/29/2007,MHK,KS,ACE,CE,Federal Contract Tower,0,5,5,0,10,0,0,16,1,17,0,5,21,1,27,10,2,12,39
12/30/2007,MHK,KS,ACE,CE,Federal Contract Tower,0,5,6,0,11,0,0,17,0,17,0,5,23,0,28,12,0,12,40
12/31/2007,MHK,KS,ACE,CE,Federal Contract Tower,0,4,5,2,11,0,0,24,0,24,0,4,29,2,35,37,0,37,72
01/01/2008,MHK,KS,ACE,CE,Federal Contract Tower,0,6,2,0,8,0,0,14,0,14,0,6,16,0,22,14,0,14,36
01/02/2008,MHK,KS,ACE,CE,Federal Contract Tower,0,5,7,0,12,0,0,33,0,33,0,5,40,0,45,42,0,42,87
01/03/2008,MHK,KS,ACE,CE,Federal Contract Tower,0,6,13,2,21,0,0,9,0,9,0,6,22,2,30,32,0,32,62
01/04/2008,MHK,KS,ACE,CE,Federal Contract Tower,0,4,6,0,10,0,0,11,2,13,0,4,17,2,23,12,0,12,35
01/05/2008,MHK,KS,ACE,CE,Federal Contract Tower,2,2,7,2,13,0,0,26,0,26,2,2,33,2,39,4,0,4,43
01/06/2008,MHK,KS,ACE,CE,Federal Contract Tower,0,4,1,0,5,0,0,28,0,28,0,4,29,0,33,8,0,8,41
01/07/2008,MHK,KS,ACE,CE,Federal Contract Tower,0,6,5,2,13,0,0,24,0,24,0,6,29,2,37,30,0,30,67
01/08/2008,MHK,KS,ACE,CE,Federal Contract Tower,1,9,13,0,23,0,0,19,0,19,1,9,32,0,42,24,0,24,66
01/09/2008,MHK,KS,ACE,CE,Federal Contract Tower,0,5,6,1,12,0,0,25,1,26,0,5,31,2,38,18,0,18,56
01/10/2008,MHK,KS,ACE,CE,Federal Contract Tower,0,6,10,1,17,0,0,5,1,6,0,6,15,2,23,8,0,8,31
01/11/2008,MHK,KS,ACE,CE,Federal Contract Tower,0,6,19,0,25,0,0,32,0,32,0,6,51,0,57,58,0,58,115
01/12/2008,MHK,KS,ACE,CE,Federal Contract Tower,0,3,4,0,7,0,0,17,0,17,0,3,21,0,24,40,0,40,64
01/13/2008,MHK,KS,ACE,CE,Federal Contract Tower,0,3,8,2,13,0,0,20,2,22,0,3,28,4,35,12,0,12,47
01/14/2008,MHK,KS,ACE,CE,Federal Contract Tower,0,7,11,1,19,0,0,21,3,24,0,7,32,4,43,36,12,48,91
01/15/2008,MHK,KS,ACE,CE,Federal Contract Tower,0,7,7,1,15,0,0,29,0,29,0,7,36,1,44,36,0,36,80
01/16/2008,MHK,KS,ACE,CE,Federal Contract Tower,0,6,9,3,18,0,0,22,0,22,0,6,31,3,40,30,0,30,70
01/17/2008,MHK,KS,ACE,CE,Federal Contract Tower,0,4,7,0,11,0,0,25,0,25,0,4,32,0,36,38,0,38,74
01/18/2008,MHK,KS,ACE,CE,Federal Contract Tower,1,4,3,0,8,0,0,22,0,22,1,4,25,0,30,20,0,20,50
01/19/2008,MHK,KS,ACE,CE,Federal Contract Tower,1,3,10,1,15,0,0,14,0,14,1,3,24,1,29,4,0,4,33
01/20/2008,MHK,KS,ACE,CE,Federal Contract Tower,0,4,9,0,13,0,0,11,0,11,0,4,20,0,24,2,0,2,26
01/21/2008,MHK,KS,ACE,CE,Federal Contract Tower,0,4,5,0,9,0,0,0,0,0,0,4,5,0,9,0,0,0,9
01/22/2008,MHK,KS,ACE,CE,Federal Contract Tower,2,4,8,0,14,0,0,30,0,30,2,4,38,0,44,48,0,48,92
01/23/2008,MHK,KS,ACE,CE,Federal Contract Tower,3,3,8,0,14,0,0,15,0,15,3,3,23,0,29,14,0,14,43
01/24/2008,MHK,KS,ACE,CE,Federal Contract Tower,0,4,9,0,13,0,0,34,0,34,0,4,43,0,47,56,0,56,103
01/25/2008,MHK,KS,ACE,CE,Federal Contract Tower,1,5,5,2,13,0,0,22,0,22,1,5,27,2,35,30,0,30,65
01/26/2008,MHK,KS,ACE,CE,Federal Contract Tower,0,5,14,0,19,0,0,34,0,34,0,5,48,0,53,38,0,38,91
01/27/2008,MHK,KS,ACE,CE,Federal Contract Tower,0,6,4,2,12,0,0,29,0,29,0,6,33,2,41,8,0,8,49
01/28/2008,MHK,KS,ACE,CE,Federal Contract Tower,0,6,6,0,12,0,0,11,0,11,0,6,17,0,23,18,0,18,41
01/29/2008,MHK,KS,ACE,CE,Federal Contract Tower,0,4,14,0,18,0,0,16,0,16,0,4,30,0,34,6,0,6,40
01/30/2008,MHK,KS,ACE,CE,Federal Contract Tower,2,6,11,4,23,0,0,23,0,23,2,6,34,4,46,10,0,10,56
01/31/2008,MHK,KS,ACE,CE,Federal Contract Tower,0,5,7,2,14,0,0,3,1,4,0,5,10,3,18,6,0,6,24
02/01/2008,MHK,KS,ACE,CE,Federal Contract Tower,0,10,8,3,21,0,0,35,0,35,0,10,43,3,56,34,0,34,90
02/02/2008,MHK,KS,ACE,CE,Federal Contract Tower,0,4,5,1,10,0,0,34,0,34,0,4,39,1,44,40,0,40,84
02/03/2008,MHK,KS,ACE,CE,Federal Contract Tower,0,4,14,0,18,0,0,3,0,3,0,4,17,0,21,8,0,8,29
02/04/2008,MHK,KS,ACE,CE,Federal Contract Tower,0,5,6,0,11,0,0,18,0,18,0,5,24,0,29,12,0,12,41
02/05/2008,MHK,KS,ACE,CE,Federal Contract Tower,0,6,4,0,10,0,0,0,0,0,0,6,4,0,10,0,0,0,10
02/06/2008,MHK,KS,ACE,CE,Federal Contract Tower,0,5,9,0,14,0,0,13,0,13,0,5,22,0,27,20,0,20,47
02/07/2008,MHK,KS,ACE,CE,Federal Contract Tower,0,4,6,0,10,0,0,30,0,30,0,4,36,0,40,74,0,74,114
02/08/2008,MHK,KS,ACE,CE,Federal Contract Tower,0,6,3,0,9,0,0,18,0,18,0,6,21,0,27,22,0,22,49
02/09/2008,MHK,KS,ACE,CE,Federal Contract Tower,0,5,8,0,13,0,0,35,0,35,0,5,43,0,48,58,0,58,106
02/10/2008,MHK,KS,ACE,CE,Federal Contract Tower,0,5,7,2,14,0,0,20,0,20,0,5,27,2,34,12,0,12,46
02/11/2008,MHK,KS,ACE,CE,Federal Contract Tower,0,5,11,2,18,0,0,20,0,20,0,5,31,2,38,28,0,28,66
02/12/2008,MHK,KS,ACE,CE,Federal Contract Tower,0,7,12,2,21,0,0,14,0,14,0,7,26,2,35,50,0,50,85
02/13/2008,MHK,KS,ACE,CE,Federal Contract Tower,0,4,10,3,17,0,0,20,0,20,0,4,30,3,37,22,0,22,59
02/14/2008,MHK,KS,ACE,CE,Federal Contract Tower,0,5,6,1,12,0,0,4,0,4,0,5,10,1,16,10,0,10,26
02/15/2008,MHK,KS,ACE,CE,Federal Contract Tower,0,4,11,0,15,0,0,33,6,39,0,4,44,6,54,60,0,60,114
02/16/2008,MHK,KS,ACE,CE,Federal Contract Tower,0,0,11,0,11,0,0,8,0,8,0,0,19,0,19,12,0,12,31
02/17/2008,MHK,KS,ACE,CE,Federal Contract Tower,0,3,2,2,7,0,0,1,0,1,0,3,3,2,8,0,0,0,8
02/18/2008,MHK,KS,ACE,CE,Federal Contract Tower,0,4,2,0,6,0,0,9,2,11,0,4,11,2,17,16,0,16,33
02/19/2008,MHK,KS,ACE,CE,Federal Contract Tower,1,4,9,2,16,0,0,27,1,28,1,4,36,3,44,76,0,76,120
02/20/2008,MHK,KS,ACE,CE,Federal Contract Tower,0,4,18,2,24,0,0,21,0,21,0,4,39,2,45,32,0,32,77
02/21/2008,MHK,KS,ACE,CE,Federal Contract Tower,0,2,10,0,12,0,0,0,0,0,0,2,10,0,12,0,0,0,12
02/22/2008,MHK,KS,ACE,CE,Federal Contract Tower,2,4,9,0,15,0,0,24,0,24,2,4,33,0,39,38,0,38,77
02/23/2008,MHK,KS,ACE,CE,Federal Contract Tower,0,1,9,0,10,0,0,6,0,6,0,1,15,0,16,20,0,20,36
02/24/2008,MHK,KS,ACE,CE,Federal Contract Tower,1,3,7,2,13,0,0,18,0,18,1,3,25,2,31,34,0,34,65
02/25/2008,MHK,KS,ACE,CE,Federal Contract Tower,0,4,12,0,16,0,0,11,0,11,0,4,23,0,27,6,0,6,33
02/26/2008,MHK,KS,ACE,CE,Federal Contract Tower,0,5,13,0,18,0,0,27,0,27,0,5,40,0,45,24,0,24,69
02/27/2008,MHK,KS,ACE,CE,Federal Contract Tower,0,9,10,0,19,0,0,25,2,27,0,9,35,2,46,40,0,40,86
02/28/2008,MHK,KS,ACE,CE,Federal Contract Tower,0,4,9,1,14,0,0,19,0,19,0,4,28,1,33,38,0,38,71
02/29/2008,MHK,KS,ACE,CE,Federal Contract Tower,0,4,16,2,22,0,0,38,2,40,0,4,54,4,62,26,0,26,88
03/01/2008,MHK,KS,ACE,CE,Federal Contract Tower,0,1,7,1,9,0,0,8,0,8,0,1,15,1,17,0,0,0,17
03/02/2008,MHK,KS,ACE,CE,Federal Contract Tower,3,3,1,2,9,0,0,2,0,2,3,3,3,2,11,0,0,0,11
03/03/2008,MHK,KS,ACE,CE,Federal Contract Tower,0,5,4,1,10,0,0,5,0,5,0,5,9,1,15,14,0,14,29
03/04/2008,MHK,KS,ACE,CE,Federal Contract Tower,0,4,16,1,21,0,0,29,0,29,0,4,45,1,50,52,0,52,102
03/05/2008,MHK,KS,ACE,CE,Federal Contract Tower,0,4,14,0,18,0,0,6,0,6,0,4,20,0,24,48,0,48,72
03/06/2008,MHK,KS,ACE,CE,Federal Contract Tower,0,4,10,2,16,0,0,36,0,36,0,4,46,2,52,42,2,44,96
03/07/2008,MHK,KS,ACE,CE,Federal Contract Tower,0,10,18,1,29,0,0,17,0,17,0,10,35,1,46,20,0,20,66
03/08/2008,MHK,KS,ACE,CE,Federal Contract Tower,0,4,8,0,12,0,0,31,0,31,0,4,39,0,43,30,0,30,73
03/09/2008,MHK,KS,ACE,CE,Federal Contract Tower,4,4,8,4,20,0,0,37,0,37,4,4,45,4,57,30,2,32,89
03/10/2008,MHK,KS,ACE,CE,Federal Contract Tower,0,9,2,0,11,0,0,37,0,37,0,9,39,0,48,54,0,54,102
03/11/2008,MHK,KS,ACE,CE,Federal Contract Tower,0,4,10,2,16,0,0,34,0,34,0,4,44,2,50,78,0,78,128
03/12/2008,MHK,KS,ACE,CE,Federal Contract Tower,0,4,7,0,11,0,0,26,0,26,0,4,33,0,37,24,0,24,61
03/13/2008,MHK,KS,ACE,CE,Federal Contract Tower,0,4,7,0,11,0,0,27,0,27,0,4,34,0,38,46,0,46,84
03/14/2008,MHK,KS,ACE,CE,Federal Contract Tower,0,6,17,0,23,0,0,22,2,24,0,6,39,2,47,46,0,46,93
03/15/2008,MHK,KS,ACE,CE,Federal Contract Tower,0,3,7,0,10,0,0,1,2,3,0,3,8,2,13,0,0,0,13
03/16/2008,MHK,KS,ACE,CE,Federal Contract Tower,0,3,7,0,10,0,0,10,0,10,0,3,17,0,20,0,0,0,20
03/17/2008,MHK,KS,ACE,CE,Federal Contract Tower,0,6,6,3,15,0,0,0,0,0,0,6,6,3,15,0,0,0,15
03/18/2008,MHK,KS,ACE,CE,Federal Contract Tower,1,4,7,0,12,0,0,4,0,4,1,4,11,0,16,4,0,4,20
03/19/2008,MHK,KS,ACE,CE,Federal Contract Tower,0,6,11,0,17,0,0,18,0,18,0,6,29,0,35,18,0,18,53
03/20/2008,MHK,KS,ACE,CE,Federal Contract Tower,0,6,10,2,18,0,0,23,0,23,0,6,33,2,41,16,0,16,57
03/21/2008,MHK,KS,ACE,CE,Federal Contract Tower,0,5,9,0,14,0,0,27,0,27,0,5,36,0,41,2,0,2,43
03/22/2008,MHK,KS,ACE,CE,Federal Contract Tower,2,4,7,0,13,0,0,25,0,25,2,4,32,0,38,18,0,18,56
03/23/2008,MHK,KS,ACE,CE,Federal Contract Tower,0,4,7,1,12,0,0,16,0,16,0,4,23,1,28,12,0,12,40
03/24/2008,MHK,KS,ACE,CE,Federal Contract Tower,0,4,7,6,17,0,0,16,0,16,0,4,23,6,33,10,0,10,43
03/25/2008,MHK,KS,ACE,CE,Federal Contract Tower,0,4,14,1,19,0,0,37,1,38,0,4,51,2,57,58,0,58,115
03/26/2008,MHK,KS,ACE,CE,Federal Contract Tower,2,6,5,7,20,0,0,29,0,29,2,6,34,7,49,54,0,54,103
03/27/2008,MHK,KS,ACE,CE,Federal Contract Tower,0,5,14,3,22,0,0,2,0,2,0,5,16,3,24,0,0,0,24
03/28/2008,MHK,KS,ACE,CE,Federal Contract Tower,0,4,16,1,21,0,0,19,0,19,0,4,35,1,40,14,0,14,54
03/29/2008,MHK,KS,ACE,CE,Federal Contract Tower,0,1,7,0,8,0,0,10,0,10,0,1,17,0,18,0,0,0,18
03/30/2008,MHK,KS,ACE,CE,Federal Contract Tower,0,12,10,0,22,0,0,0,0,0,0,12,10,0,22,0,0,0,22
03/31/2008,MHK,KS,ACE,CE,Federal Contract Tower,0,17,9,1,27,0,0,2,0,2,0,17,11,1,29,14,0,14,43
04/01/2008,MHK,KS,ACE,CE,Federal Contract Tower,0,10,18,3,31,0,0,20,0,20,0,10,38,3,51,66,0,66,117
04/02/2008,MHK,KS,ACE,CE,Federal Contract Tower,0,9,9,0,18,0,0,29,2,31,0,9,38,2,49,24,0,24,73
04/03/2008,MHK,KS,ACE,CE,Federal Contract Tower,0,9,14,7,30,0,0,0,0,0,0,9,14,7,30,0,0,0,30
04/04/2008,MHK,KS,ACE,CE,Federal Contract Tower,0,10,9,3,22,0,0,37,0,37,0,10,46,3,59,18,0,18,77
04/05/2008,MHK,KS,ACE,CE,Federal Contract Tower,0,9,5,0,14,0,0,30,0,30,0,9,35,0,44,0,0,0,44
04/06/2008,MHK,KS,ACE,CE,Federal Contract Tower,0,9,11,0,20,0,0,23,0,23,0,9,34,0,43,14,0,14,57
04/07/2008,MHK,KS,ACE,CE,Federal Contract Tower,0,9,7,0,16,0,0,21,0,21,0,9,28,0,37,14,0,14,51
04/08/2008,MHK,KS,ACE,CE,Federal Contract Tower,1,9,16,1,27,0,0,2,0,2,1,9,18,1,29,2,0,2,31
04/09/2008,MHK,KS,ACE,CE,Federal Contract Tower,0,13,11,3,27,0,0,16,0,16,0,13,27,3,43,14,0,14,57
04/10/2008,MHK,KS,ACE,CE,Federal Contract Tower,0,17,6,0,23,0,0,3,0,3,0,17,9,0,26,0,0,0,26
04/11/2008,MHK,KS,ACE,CE,Federal Contract Tower,0,9,5,0,14,0,0,6,0,6,0,9,11,0,20,18,0,18,38
04/12/2008,MHK,KS,ACE,CE,Federal Contract Tower,0,10,2,0,12,0,0,8,5,13,0,10,10,5,25,4,0,4,29
04/13/2008,MHK,KS,ACE,CE,Federal Contract Tower,0,10,7,0,17,0,0,21,4,25,0,10,28,4,42,18,0,18,60
04/14/2008,MHK,KS,ACE,CE,Federal Contract Tower,0,8,5,0,13,0,0,33,0,33,0,8,38,0,46,20,0,20,66
04/15/2008,MHK,KS,ACE,CE,Federal Contract Tower,0,8,4,0,12,0,0,12,0,12,0,8,16,0,24,8,0,8,32
04/16/2008,MHK,KS,ACE,CE,Federal Contract Tower,0,12,8,1,21,0,0,19,0,19,0,12,27,1,40,48,0,48,88
04/17/2008,MHK,KS,ACE,CE,Federal Contract Tower,0,15,16,4,35,0,0,0,0,0,0,15,16,4,35,0,0,0,35
04/18/2008,MHK,KS,ACE,CE,Federal Contract Tower,0,11,19,0,30,0,0,21,2,23,0,11,40,2,53,40,0,40,93
04/19/2008,MHK,KS,ACE,CE,Federal Contract Tower,0,8,6,2,16,0,0,45,0,45,0,8,51,2,61,52,0,52,113
04/20/2008,MHK,KS,ACE,CE,Federal Contract Tower,0,9,9,2,20,0,0,19,0,19,0,9,28,2,39,8,0,8,47
04/21/2008,MHK,KS,ACE,CE,Federal Contract Tower,0,16,9,2,27,0,0,19,0,19,0,16,28,2,46,44,0,44,90
04/22/2008,MHK,KS,ACE,CE,Federal Contract Tower,0,11,17,2,30,0,0,28,0,28,0,11,45,2,58,66,0,66,124
04/23/2008,MHK,KS,ACE,CE,Federal Contract Tower,0,9,10,2,21,0,0,8,2,10,0,9,18,4,31,24,0,24,55
04/24/2008,MHK,KS,ACE,CE,Federal Contract Tower,0,11,25,0,36,0,0,10,0,10,0,11,35,0,46,40,0,40,86
04/25/2008,MHK,KS,ACE,CE,Federal Contract Tower,0,10,12,0,22,0,0,13,0,13,0,10,25,0,35,40,0,40,75
04/26/2008,MHK,KS,ACE,CE,Federal Contract Tower,0,8,6,0,14,0,0,49,0,49,0,8,55,0,63,30,0,30,93
04/27/2008,MHK,KS,ACE,CE,Federal Contract Tower,0,15,8,2,25,0,0,32,0,32,0,15,40,2,57,42,0,42,99
04/28/2008,MHK,KS,ACE,CE,Federal Contract Tower,0,9,3,0,12,0,0,32,0,32,0,9,35,0,44,34,0,34,78
04/29/2008,MHK,KS,ACE,CE,Federal Contract Tower,0,9,4,0,13,0,0,32,0,32,0,9,36,0,45,58,0,58,103
04/30/2008,MHK,KS,ACE,CE,Federal Contract Tower,0,12,4,1,17,0,0,27,0,27,0,12,31,1,44,30,6,36,80
05/01/2008,MHK,KS,ACE,CE,Federal Contract Tower,0,9,21,0,30,0,0,20,0,20,0,9,41,0,50,52,0,52,102
05/02/2008,MHK,KS,ACE,CE,Federal Contract Tower,0,9,13,0,22,0,0,17,0,17,0,9,30,0,39,20,0,20,59
05/03/2008,MHK,KS,ACE,CE,Federal Contract Tower,0,11,5,4,20,0,0,32,0,32,0,11,37,4,52,30,0,30,82
05/04/2008,MHK,KS,ACE,CE,Federal Contract Tower,0,10,4,0,14,0,0,28,0,28,0,10,32,0,42,24,0,24,66
05/05/2008,MHK,KS,ACE,CE,Federal Contract Tower,0,10,6,0,16,0,0,30,0,30,0,10,36,0,46,48,0,48,94
05/06/2008,MHK,KS,ACE,CE,Federal Contract Tower,0,10,18,4,32,0,0,25,0,25,0,10,43,4,57,40,0,40,97
05/07/2008,MHK,KS,ACE,CE,Federal Contract Tower,0,13,7,0,20,0,0,17,0,17,0,13,24,0,37,6,0,6,43
05/08/2008,MHK,KS,ACE,CE,Federal Contract Tower,0,15,5,4,24,0,0,36,2,38,0,15,41,6,62,74,0,74,136
05/09/2008,MHK,KS,ACE,CE,Federal Contract Tower,0,11,23,0,34,0,0,16,0,16,0,11,39,0,50,8,0,8,58
05/10/2008,MHK,KS,ACE,CE,Federal Contract Tower,0,9,3,0,12,0,0,15,0,15,0,9,18,0,27,12,0,12,39
05/11/2008,MHK,KS,ACE,CE,Federal Contract Tower,0,14,4,0,18,0,0,31,0,31,0,14,35,0,49,14,0,14,63
05/12/2008,MHK,KS,ACE,CE,Federal Contract Tower,4,9,10,3,26,0,0,21,0,21,4,9,31,3,47,18,0,18,65
05/13/2008,MHK,KS,ACE,CE,Federal Contract Tower,0,10,5,2,17,0,0,24,0,24,0,10,29,2,41,60,0,60,101
05/14/2008,MHK,KS,ACE,CE,Federal Contract Tower,0,14,18,0,32,0,0,39,0,39,0,14,57,0,71,86,0,86,157
05/15/2008,MHK,KS,ACE,CE,Federal Contract Tower,4,12,9,2,27,0,0,18,0,18,4,12,27,2,45,10,0,10,55
05/16/2008,MHK,KS,ACE,CE,Federal Contract Tower,4,8,5,2,19,0,0,22,0,22,4,8,27,2,41,38,0,38,79
05/17/2008,MHK,KS,ACE,CE,Federal Contract Tower,4,12,11,0,27,0,0,25,0,25,4,12,36,0,52,0,0,0,52
05/18/2008,MHK,KS,ACE,CE,Federal Contract Tower,2,9,4,0,15,0,0,15,0,15,2,9,19,0,30,12,0,12,42
05/19/2008,MHK,KS,ACE,CE,Federal Contract Tower,0,15,11,6,32,0,0,28,2,30,0,15,39,8,62,50,2,52,114
05/20/2008,MHK,KS,ACE,CE,Federal Contract Tower,0,8,12,2,22,0,0,31,0,31,0,8,43,2,53,42,0,42,95
05/21/2008,MHK,KS,ACE,CE,Federal Contract Tower,0,12,17,0,29,0,0,26,0,26,0,12,43,0,55,50,0,50,105
05/22/2008,MHK,KS,ACE,CE,Federal Contract Tower,0,11,6,0,17,0,0,8,0,8,0,11,14,0,25,0,0,0,25
05/23/2008,MHK,KS,ACE,CE,Federal Contract Tower,0,9,10,0,19,0,0,3,0,3,0,9,13,0,22,2,0,2,24
05/24/2008,MHK,KS,ACE,CE,Federal Contract Tower,0,10,4,0,14,0,0,13,0,13,0,10,17,0,27,8,0,8,35
05/25/2008,MHK,KS,ACE,CE,Federal Contract Tower,0,12,3,0,15,0,0,27,0,27,0,12,30,0,42,0,0,0,42
05/26/2008,MHK,KS,ACE,CE,Federal Contract Tower,0,7,4,0,11,0,0,6,0,6,0,7,10,0,17,12,0,12,29
05/27/2008,MHK,KS,ACE,CE,Federal Contract Tower,0,11,9,1,21,0,0,19,0,19,0,11,28,1,40,30,0,30,70
05/28/2008,MHK,KS,ACE,CE,Federal Contract Tower,0,15,15,4,34,0,0,3,0,3,0,15,18,4,37,0,0,0,37
05/29/2008,MHK,KS,ACE,CE,Federal Contract Tower,0,11,14,4,29,0,0,12,0,12,0,11,26,4,41,24,0,24,65
05/30/2008,MHK,KS,ACE,CE,Federal Contract Tower,0,10,6,2,18,0,0,40,0,40,0,10,46,2,58,72,0,72,130
05/31/2008,MHK,KS,ACE,CE,Federal Contract Tower,0,9,0,2,11,0,0,40,0,40,0,9,40,2,51,40,0,40,91
06/01/2008,MHK,KS,ACE,CE,Federal Contract Tower,0,12,7,0,19,0,0,18,0,18,0,12,25,0,37,18,0,18,55
06/02/2008,MHK,KS,ACE,CE,Federal Contract Tower,0,11,6,0,17,0,0,8,0,8,0,11,14,0,25,6,0,6,31
06/03/2008,MHK,KS,ACE,CE,Federal Contract Tower,0,10,4,0,14,0,0,12,0,12,0,10,16,0,26,0,0,0,26
06/04/2008,MHK,KS,ACE,CE,Federal Contract Tower,0,12,9,0,21,0,0,19,2,21,0,12,28,2,42,20,0,20,62
06/05/2008,MHK,KS,ACE,CE,Federal Contract Tower,0,4,6,0,10,0,0,5,0,5,0,4,11,0,15,0,0,0,15
06/06/2008,MHK,KS,ACE,CE,Federal Contract Tower,0,11,9,0,20,0,0,33,0,33,0,11,42,0,53,32,0,32,85
06/07/2008,MHK,KS,ACE,CE,Federal Contract Tower,0,10,1,0,11,0,0,13,0,13,0,10,14,0,24,0,0,0,24
06/08/2008,MHK,KS,ACE,CE,Federal Contract Tower,0,10,6,0,16,0,0,13,0,13,0,10,19,0,29,4,0,4,33
06/09/2008,MHK,KS,ACE,CE,Federal Contract Tower,0,12,8,0,20,0,0,31,3,34,0,12,39,3,54,36,0,36,90
06/10/2008,MHK,KS,ACE,CE,Federal Contract Tower,0,13,9,4,26,0,0,29,2,31,0,13,38,6,57,8,0,8,65
06/11/2008,MHK,KS,ACE,CE,Federal Contract Tower,2,11,13,0,26,0,0,9,1,10,2,11,22,1,36,4,0,4,40
06/12/2008,MHK,KS,ACE,CE,Federal Contract Tower,5,11,43,6,65,0,0,0,0,0,5,11,43,6,65,2,0,2,67
06/13/2008,MHK,KS,ACE,CE,Federal Contract Tower,6,15,5,0,26,0,0,30,0,30,6,15,35,0,56,36,4,40,96
06/14/2008,MHK,KS,ACE,CE,Federal Contract Tower,2,12,5,0,19,0,0,33,0,33,2,12,38,0,52,30,0,30,82
06/15/2008,MHK,KS,ACE,CE,Federal Contract Tower,0,9,6,2,17,0,0,7,0,7,0,9,13,2,24,0,0,0,24
06/16/2008,MHK,KS,ACE,CE,Federal Contract Tower,0,10,13,0,23,0,0,28,0,28,0,10,41,0,51,30,0,30,81
06/17/2008,MHK,KS,ACE,CE,Federal Contract Tower,0,9,10,0,19,0,0,31,0,31,0,9,41,0,50,4,0,4,54
06/18/2008,MHK,KS,ACE,CE,Federal Contract Tower,0,10,12,2,24,0,0,19,0,19,0,10,31,2,43,50,0,50,93
06/19/2008,MHK,KS,ACE,CE,Federal Contract Tower,0,8,11,2,21,0,0,24,0,24,0,8,35,2,45,32,25,57,102
06/20/2008,MHK,KS,ACE,CE,Federal Contract Tower,0,9,26,2,37,0,0,39,2,41,0,9,65,4,78,28,2,30,108
06/21/2008,MHK,KS,ACE,CE,Federal Contract Tower,0,10,8,2,20,0,0,48,2,50,0,10,56,4,70,48,0,48,118
06/22/2008,MHK,KS,ACE,CE,Federal Contract Tower,0,8,5,0,13,0,0,32,0,32,0,8,37,0,45,16,0,16,61
06/23/2008,MHK,KS,ACE,CE,Federal Contract Tower,0,17,4,0,21,0,0,16,0,16,0,17,20,0,37,18,0,18,55
06/24/2008,MHK,KS,ACE,CE,Federal Contract Tower,0,9,6,1,16,0,0,14,0,14,0,9,20,1,30,16,0,16,46
06/25/2008,MHK,KS,ACE,CE,Federal Contract Tower,0,10,3,0,13,0,0,33,2,35,0,10,36,2,48,14,0,14,62
06/26/2008,MHK,KS,ACE,CE,Federal Contract Tower,0,10,7,4,21,0,0,18,0,18,0,10,25,4,39,8,0,8,47
06/27/2008,MHK,KS,ACE,CE,Federal Contract Tower,0,13,8,2,23,0,0,13,0,13,0,13,21,2,36,10,0,10,46
06/28/2008,MHK,KS,ACE,CE,Federal Contract Tower,0,10,5,2,17,0,0,27,1,28,0,10,32,3,45,16,0,16,61
06/29/2008,MHK,KS,ACE,CE,Federal Contract Tower,0,11,4,0,15,0,0,24,0,24,0,11,28,0,39,2,0,2,41
06/30/2008,MHK,KS,ACE,CE,Federal Contract Tower,0,10,1,0,11,0,0,26,0,26,0,10,27,0,37,2,0,2,39
07/01/2008,MHK,KS,ACE,CE,Federal Contract Tower,0,8,11,0,19,0,0,21,0,21,0,8,32,0,40,4,0,4,44
07/02/2008,MHK,KS,ACE,CE,Federal Contract Tower,0,11,12,0,23,0,0,20,0,20,0,11,32,0,43,28,0,28,71
07/03/2008,MHK,KS,ACE,CE,Federal Contract Tower,0,11,6,0,17,0,0,10,0,10,0,11,16,0,27,0,0,0,27
07/04/2008,MHK,KS,ACE,CE,Federal Contract Tower,8,9,3,0,20,0,0,8,0,8,8,9,11,0,28,0,0,0,28
07/05/2008,MHK,KS,ACE,CE,Federal Contract Tower,0,7,5,0,12,0,0,8,0,8,0,7,13,0,20,2,0,2,22
07/06/2008,MHK,KS,ACE,CE,Federal Contract Tower,0,10,13,0,23,0,0,18,0,18,0,10,31,0,41,4,0,4,45
07/07/2008,MHK,KS,ACE,CE,Federal Contract Tower,0,16,8,0,24,0,0,23,0,23,0,16,31,0,47,20,0,20,67
07/08/2008,MHK,KS,ACE,CE,Federal Contract Tower,0,14,17,0,31,0,0,22,0,22,0,14,39,0,53,20,0,20,73
07/09/2008,MHK,KS,ACE,CE,Federal Contract Tower,0,9,18,0,27,0,0,21,0,21,0,9,39,0,48,46,0,46,94
07/10/2008,MHK,KS,ACE,CE,Federal Contract Tower,0,14,11,0,25,0,0,36,0,36,0,14,47,0,61,30,0,30,91
07/11/2008,MHK,KS,ACE,CE,Federal Contract Tower,0,13,10,2,25,0,0,21,0,21,0,13,31,2,46,46,0,46,92
07/12/2008,MHK,KS,ACE,CE,Federal Contract Tower,0,6,15,0,21,0,0,2,0,2,0,6,17,0,23,10,0,10,33
07/13/2008,MHK,KS,ACE,CE,Federal Contract Tower,0,11,11,0,22,0,0,44,0,44,0,11,55,0,66,42,0,42,108
07/14/2008,MHK,KS,ACE,CE,Federal Contract Tower,0,14,4,1,19,0,0,26,0,26,0,14,30,1,45,12,0,12,57
07/15/2008,MHK,KS,ACE,CE,Federal Contract Tower,0,13,21,2,36,0,0,24,0,24,0,13,45,2,60,14,0,14,74
07/16/2008,MHK,KS,ACE,CE,Federal Contract Tower,0,11,11,2,24,0,0,33,0,33,0,11,44,2,57,34,0,34,91
07/17/2008,MHK,KS,ACE,CE,Federal Contract Tower,0,14,8,1,23,0,0,21,0,21,0,14,29,1,44,18,0,18,62
07/18/2008,MHK,KS,ACE,CE,Federal Contract Tower,2,17,12,0,31,0,0,7,0,7,2,17,19,0,38,0,0,0,38
07/19/2008,MHK,KS,ACE,CE,Federal Contract Tower,0,8,7,0,15,0,0,18,0,18,0,8,25,0,33,24,0,24,57
07/20/2008,MHK,KS,ACE,CE,Federal Contract Tower,0,8,8,0,16,0,0,17,0,17,0,8,25,0,33,6,0,6,39
07/21/2008,MHK,KS,ACE,CE,Federal Contract Tower,0,11,3,0,14,0,0,25,0,25,0,11,28,0,39,16,0,16,55
07/22/2008,MHK,KS,ACE,CE,Federal Contract Tower,0,11,6,0,17,0,0,40,0,40,0,11,46,0,57,54,0,54,111
07/23/2008,MHK,KS,ACE,CE,Federal Contract Tower,0,15,12,0,27,0,0,21,0,21,0,15,33,0,48,14,2,16,64
07/24/2008,MHK,KS,ACE,CE,Federal Contract Tower,0,12,10,0,22,0,0,17,4,21,0,12,27,4,43,8,0,8,51
07/25/2008,MHK,KS,ACE,CE,Federal Contract Tower,0,9,11,4,24,0,0,26,0,26,0,9,37,4,50,0,0,0,50
07/26/2008,MHK,KS,ACE,CE,Federal Contract Tower,0,2,10,9,21,0,13,0,0,13,0,15,10,9,34,0,0,0,34
07/27/2008,MHK,KS,ACE,CE,Federal Contract Tower,0,9,7,1,17,0,0,24,0,24,0,9,31,1,41,20,0,20,61
07/28/2008,MHK,KS,ACE,CE,Federal Contract Tower,0,10,5,2,17,0,0,11,0,11,0,10,16,2,28,4,0,4,32
07/29/2008,MHK,KS,ACE,CE,Federal Contract Tower,0,12,10,0,22,0,0,17,0,17,0,12,27,0,39,24,0,24,63
07/30/2008,MHK,KS,ACE,CE,Federal Contract Tower,0,14,20,2,36,0,0,21,0,21,0,14,41,2,57,46,0,46,103
07/31/2008,MHK,KS,ACE,CE,Federal Contract Tower,0,10,16,5,31,0,0,15,0,15,0,10,31,5,46,34,0,34,80
08/01/2008,MHK,KS,ACE,CE,Federal Contract Tower,0,12,17,0,29,0,0,20,0,20,0,12,37,0,49,16,0,16,65
08/02/2008,MHK,KS,ACE,CE,Federal Contract Tower,0,8,7,0,15,0,21,0,0,21,0,29,7,0,36,30,0,30,66
08/03/2008,MHK,KS,ACE,CE,Federal Contract Tower,0,12,8,0,20,0,0,35,0,35,0,12,43,0,55,6,0,6,61
08/04/2008,MHK,KS,ACE,CE,Federal Contract Tower,0,18,8,2,28,0,0,24,0,24,0,18,32,2,52,16,0,16,68
08/05/2008,MHK,KS,ACE,CE,Federal Contract Tower,0,12,11,2,25,0,0,10,0,10,0,12,21,2,35,28,0,28,63
08/06/2008,MHK,KS,ACE,CE,Federal Contract Tower,0,14,10,0,24,0,0,10,0,10,0,14,20,0,34,38,0,38,72
08/07/2008,MHK,KS,ACE,CE,Federal Contract Tower,0,16,7,0,23,0,0,17,0,17,0,16,24,0,40,26,0,26,66
08/08/2008,MHK,KS,ACE,CE,Federal Contract Tower,0,14,4,0,18,0,1,44,0,45,0,15,48,0,63,28,0,28,91
08/09/2008,MHK,KS,ACE,CE,Federal Contract Tower,0,5,8,2,15,0,0,0,0,0,0,5,8,2,15,0,0,0,15
08/10/2008,MHK,KS,ACE,CE,Federal Contract Tower,0,11,4,0,15,0,0,12,0,12,0,11,16,0,27,6,0,6,33
08/11/2008,MHK,KS,ACE,CE,Federal Contract Tower,0,12,11,3,26,0,0,18,6,24,0,12,29,9,50,14,12,26,76
08/12/2008,MHK,KS,ACE,CE,Federal Contract Tower,0,10,10,1,21,0,0,28,6,34,0,10,38,7,55,18,0,18,73
08/13/2008,MHK,KS,ACE,CE,Federal Contract Tower,0,11,6,0,17,0,0,23,2,25,0,11,29,2,42,30,0,30,72
08/14/2008,MHK,KS,ACE,CE,Federal Contract Tower,0,13,9,2,24,0,0,15,0,15,0,13,24,2,39,6,2,8,47
08/15/2008,MHK,KS,ACE,CE,Federal Contract Tower,0,10,7,7,24,0,0,15,1,16,0,10,22,8,40,4,10,14,54
08/16/2008,MHK,KS,ACE,CE,Federal Contract Tower,0,6,9,3,18,0,0,27,1,28,0,6,36,4,46,6,6,12,58
08/17/2008,MHK,KS,ACE,CE,Federal Contract Tower,0,9,6,0,15,0,1,16,0,17,0,10,22,0,32,16,0,16,48
08/18/2008,MHK,KS,ACE,CE,Federal Contract Tower,0,12,6,4,22,0,0,27,2,29,0,12,33,6,51,22,0,22,73
08/19/2008,MHK,KS,ACE,CE,Federal Contract Tower,0,12,8,2,22,0,0,15,2,17,0,12,23,4,39,24,0,24,63
08/20/2008,MHK,KS,ACE,CE,Federal Contract Tower,0,12,15,2,29,0,0,14,0,14,0,12,29,2,43,10,0,10,53
08/21/2008,MHK,KS,ACE,CE,Federal Contract Tower,0,10,15,0,25,0,0,19,0,19,0,10,34,0,44,14,0,14,58
08/22/2008,MHK,KS,ACE,CE,Federal Contract Tower,0,11,12,0,23,0,0,18,0,18,0,11,30,0,41,6,0,6,47
08/23/2008,MHK,KS,ACE,CE,Federal Contract Tower,0,7,9,6,22,0,0,29,1,30,0,7,38,7,52,32,0,32,84
08/24/2008,MHK,KS,ACE,CE,Federal Contract Tower,0,12,4,0,16,0,0,19,0,19,0,12,23,0,35,8,0,8,43
08/25/2008,MHK,KS,ACE,CE,Federal Contract Tower,0,14,6,0,20,0,0,16,0,16,0,14,22,0,36,0,0,0,36
08/26/2008,MHK,KS,ACE,CE,Federal Contract Tower,0,14,3,0,17,0,0,23,0,23,0,14,26,0,40,38,0,38,78
08/27/2008,MHK,KS,ACE,CE,Federal Contract Tower,0,14,7,4,25,0,0,20,0,20,0,14,27,4,45,32,6,38,83
08/28/2008,MHK,KS,ACE,CE,Federal Contract Tower,0,15,12,0,27,0,0,21,0,21,0,15,33,0,48,18,0,18,66
08/29/2008,MHK,KS,ACE,CE,Federal Contract Tower,2,19,7,0,28,0,0,28,0,28,2,19,35,0,56,2,0,2,58
08/30/2008,MHK,KS,ACE,CE,Federal Contract Tower,0,9,13,0,22,0,0,29,0,29,0,9,42,0,51,14,0,14,65
08/31/2008,MHK,KS,ACE,CE,Federal Contract Tower,0,14,10,0,24,0,0,22,0,22,0,14,32,0,46,2,0,2,48
09/01/2008,MHK,KS,ACE,CE,Federal Contract Tower,0,15,1,0,16,0,0,21,0,21,0,15,22,0,37,18,0,18,55
09/02/2008,MHK,KS,ACE,CE,Federal Contract Tower,0,12,3,0,15,0,0,13,0,13,0,12,16,0,28,6,0,6,34
09/03/2008,MHK,KS,ACE,CE,Federal Contract Tower,0,19,7,0,26,0,0,11,2,13,0,19,18,2,39,0,0,0,39
09/04/2008,MHK,KS,ACE,CE,Federal Contract Tower,0,12,5,1,18,0,0,18,0,18,0,12,23,1,36,60,0,60,96
09/05/2008,MHK,KS,ACE,CE,Federal Contract Tower,2,15,14,0,31,0,0,27,0,27,2,15,41,0,58,23,0,23,81
09/06/2008,MHK,KS,ACE,CE,Federal Contract Tower,0,6,17,0,23,0,0,1,0,1,0,6,18,0,24,0,0,0,24
09/07/2008,MHK,KS,ACE,CE,Federal Contract Tower,0,11,10,0,21,0,0,25,0,25,0,11,35,0,46,52,0,52,98
09/08/2008,MHK,KS,ACE,CE,Federal Contract Tower,0,13,11,0,24,0,0,3,0,3,0,13,14,0,27,4,0,4,31
09/09/2008,MHK,KS,ACE,CE,Federal Contract Tower,0,11,9,1,21,0,0,20,0,20,0,11,29,1,41,18,0,18,59
09/10/2008,MHK,KS,ACE,CE,Federal Contract Tower,0,15,7,4,26,0,0,5,2,7,0,15,12,6,33,18,0,18,51
09/11/2008,MHK,KS,ACE,CE,Federal Contract Tower,0,18,7,0,25,0,2,7,0,9,0,20,14,0,34,36,0,36,70
09/12/2008,MHK,KS,ACE,CE,Federal Contract Tower,0,18,7,0,25,0,2,7,0,9,0,20,14,0,34,36,0,36,70
09/13/2008,MHK,KS,ACE,CE,Federal Contract Tower,0,6,8,4,18,0,0,13,0,13,0,6,21,4,31,33,0,33,64
09/14/2008,MHK,KS,ACE,CE,Federal Contract Tower,0,11,4,0,15,0,0,18,0,18,0,11,22,0,33,10,0,10,43
09/15/2008,MHK,KS,ACE,CE,Federal Contract Tower,0,11,3,0,14,0,0,32,0,32,0,11,35,0,46,4,0,4,50
09/16/2008,MHK,KS,ACE,CE,Federal Contract Tower,2,14,14,4,34,0,0,30,0,30,2,14,44,4,64,16,0,16,80
09/17/2008,MHK,KS,ACE,CE,Federal Contract Tower,0,13,9,0,22,0,0,32,0,32,0,13,41,0,54,6,0,6,60
09/18/2008,MHK,KS,ACE,CE,Federal Contract Tower,0,13,15,3,31,0,0,25,1,26,0,13,40,4,57,2,16,18,75
09/19/2008,MHK,KS,ACE,CE,Federal Contract Tower,0,10,12,1,23,0,0,10,0,10,0,10,22,1,33,7,0,7,40
09/20/2008,MHK,KS,ACE,CE,Federal Contract Tower,0,10,5,0,15,0,0,32,0,32,0,10,37,0,47,34,0,34,81
09/21/2008,MHK,KS,ACE,CE,Federal Contract Tower,0,10,8,0,18,0,1,29,0,30,0,11,37,0,48,6,0,6,54
09/22/2008,MHK,KS,ACE,CE,Federal Contract Tower,0,12,6,2,20,0,0,19,0,19,0,12,25,2,39,10,0,10,49
09/23/2008,MHK,KS,ACE,CE,Federal Contract Tower,0,17,11,0,28,0,0,6,0,6,0,17,17,0,34,7,0,7,41
09/24/2008,MHK,KS,ACE,CE,Federal Contract Tower,0,13,8,0,21,0,0,30,0,30,0,13,38,0,51,33,0,33,84
09/25/2008,MHK,KS,ACE,CE,Federal Contract Tower,0,18,19,0,37,0,0,24,12,36,0,18,43,12,73,16,8,24,97
09/26/2008,MHK,KS,ACE,CE,Federal Contract Tower,1,14,10,0,25,0,0,16,12,28,1,14,26,12,53,4,25,29,82
09/27/2008,MHK,KS,ACE,CE,Federal Contract Tower,1,10,15,4,30,0,0,61,0,61,1,10,76,4,91,12,9,21,112
09/28/2008,MHK,KS,ACE,CE,Federal Contract Tower,0,13,6,2,21,0,0,20,0,20,0,13,26,2,41,2,0,2,43
09/29/2008,MHK,KS,ACE,CE,Federal Contract Tower,0,14,3,2,19,0,0,13,0,13,0,14,16,2,32,32,0,32,64
09/30/2008,MHK,KS,ACE,CE,Federal Contract Tower,0,16,6,0,22,0,0,27,0,27,0,16,33,0,49,14,0,14,63
10/01/2008,MHK,KS,ACE,CE,Federal Contract Tower,0,10,5,0,15,0,0,35,0,35,0,10,40,0,50,38,0,38,88
10/02/2008,MHK,KS,ACE,CE,Federal Contract Tower,0,8,26,0,34,0,0,16,2,18,0,8,42,2,52,12,0,12,64
10/03/2008,MHK,KS,ACE,CE,Federal Contract Tower,2,11,10,0,23,0,1,23,0,24,2,12,33,0,47,0,0,0,47
10/04/2008,MHK,KS,ACE,CE,Federal Contract Tower,2,8,21,2,33,0,0,31,0,31,2,8,52,2,64,6,0,6,70
10/05/2008,MHK,KS,ACE,CE,Federal Contract Tower,0,8,14,0,22,0,0,21,0,21,0,8,35,0,43,6,0,6,49
10/06/2008,MHK,KS,ACE,CE,Federal Contract Tower,0,12,8,2,22,0,0,6,0,6,0,12,14,2,28,0,0,0,28
10/07/2008,MHK,KS,ACE,CE,Federal Contract Tower,0,10,8,2,20,0,0,12,0,12,0,10,20,2,32,6,0,6,38
10/08/2008,MHK,KS,ACE,CE,Federal Contract Tower,0,10,8,4,22,0,0,26,0,26,0,10,34,4,48,4,2,6,54
10/09/2008,MHK,KS,ACE,CE,Federal Contract Tower,0,12,5,0,17,0,0,22,0,22,0,12,27,0,39,8,0,8,47
10/10/2008,MHK,KS,ACE,CE,Federal Contract Tower,2,14,10,0,26,0,1,29,0,30,2,15,39,0,56,0,0,0,56
10/11/2008,MHK,KS,ACE,CE,Federal Contract Tower,2,13,4,0,19,0,0,30,0,30,2,13,34,0,49,2,0,2,51
10/12/2008,MHK,KS,ACE,CE,Federal Contract Tower,0,11,5,0,16,0,0,7,0,7,0,11,12,0,23,0,0,0,23
10/13/2008,MHK,KS,ACE,CE,Federal Contract Tower,0,13,10,0,23,0,0,0,0,0,0,13,10,0,23,0,0,0,23
10/14/2008,MHK,KS,ACE,CE,Federal Contract Tower,0,12,13,0,25,0,0,4,0,4,0,12,17,0,29,12,0,12,41
10/15/2008,MHK,KS,ACE,CE,Federal Contract Tower,0,16,8,0,24,0,0,4,0,4,0,16,12,0,28,0,0,0,28
10/16/2008,MHK,KS,ACE,CE,Federal Contract Tower,0,12,8,2,22,0,0,40,0,40,0,12,48,2,62,10,0,10,72
10/17/2008,MHK,KS,ACE,CE,Federal Contract Tower,2,14,3,0,19,0,0,34,2,36,2,14,37,2,55,14,0,14,69
10/18/2008,MHK,KS,ACE,CE,Federal Contract Tower,0,6,11,6,23,0,0,25,0,25,0,6,36,6,48,0,0,0,48
10/19/2008,MHK,KS,ACE,CE,Federal Contract Tower,0,9,4,0,13,0,0,24,0,24,0,9,28,0,37,4,0,4,41
10/20/2008,MHK,KS,ACE,CE,Federal Contract Tower,0,12,11,0,23,0,1,16,0,17,0,13,27,0,40,40,0,40,80
10/21/2008,MHK,KS,ACE,CE,Federal Contract Tower,0,12,8,0,20,0,0,8,0,8,0,12,16,0,28,0,0,0,28
10/22/2008,MHK,KS,ACE,CE,Federal Contract Tower,0,16,11,3,30,0,0,11,1,12,0,16,22,4,42,0,0,0,42
10/23/2008,MHK,KS,ACE,CE,Federal Contract Tower,0,13,7,2,22,0,0,7,0,7,0,13,14,2,29,22,0,22,51
10/24/2008,MHK,KS,ACE,CE,Federal Contract Tower,2,11,11,2,26,0,0,16,0,16,2,11,27,2,42,6,0,6,48
10/25/2008,MHK,KS,ACE,CE,Federal Contract Tower,2,9,30,2,43,0,0,42,0,42,2,9,72,2,85,0,0,0,85
10/26/2008,MHK,KS,ACE,CE,Federal Contract Tower,0,9,8,0,17,0,0,11,0,11,0,9,19,0,28,2,0,2,30
10/27/2008,MHK,KS,ACE,CE,Federal Contract Tower,0,13,10,0,23,0,0,17,0,17,0,13,27,0,40,6,0,6,46
10/28/2008,MHK,KS,ACE,CE,Federal Contract Tower,0,10,15,0,25,0,0,28,0,28,0,10,43,0,53,28,0,28,81
10/29/2008,MHK,KS,ACE,CE,Federal Contract Tower,0,10,11,0,21,0,0,24,2,26,0,10,35,2,47,4,0,4,51
10/30/2008,MHK,KS,ACE,CE,Federal Contract Tower,0,15,5,0,20,0,3,13,0,16,0,18,18,0,36,0,0,0,36
10/31/2008,MHK,KS,ACE,CE,Federal Contract Tower,0,15,0,0,15,0,0,26,0,26,0,15,26,0,41,10,0,10,51
11/01/2008,MHK,KS,ACE,CE,Federal Contract Tower,0,6,1,0,7,0,0,28,0,28,0,6,29,0,35,46,0,46,81
11/02/2008,MHK,KS,ACE,CE,Federal Contract Tower,0,10,11,0,21,0,0,16,2,18,0,10,27,2,39,28,2,30,69
11/03/2008,MHK,KS,ACE,CE,Federal Contract Tower,0,13,12,0,25,0,0,19,0,19,0,13,31,0,44,8,0,8,52
11/04/2008,MHK,KS,ACE,CE,Federal Contract Tower,0,12,7,0,19,0,0,7,0,7,0,12,14,0,26,4,0,4,30
11/05/2008,MHK,KS,ACE,CE,Federal Contract Tower,0,12,5,2,19,0,0,6,2,8,0,12,11,4,27,0,0,0,27
11/06/2008,MHK,KS,ACE,CE,Federal Contract Tower,0,8,2,3,13,0,0,1,0,1,0,8,3,3,14,0,0,0,14
11/07/2008,MHK,KS,ACE,CE,Federal Contract Tower,0,8,8,1,17,0,0,7,0,7,0,8,15,1,24,2,0,2,26
11/08/2008,MHK,KS,ACE,CE,Federal Contract Tower,0,9,1,0,10,0,0,5,0,5,0,9,6,0,15,0,0,0,15
11/09/2008,MHK,KS,ACE,CE,Federal Contract Tower,0,9,9,0,18,0,0,29,0,29,0,9,38,0,47,18,0,18,65
11/10/2008,MHK,KS,ACE,CE,Federal Contract Tower,0,8,8,0,16,0,0,4,0,4,0,8,12,0,20,2,0,2,22
11/11/2008,MHK,KS,ACE,CE,Federal Contract Tower,0,12,10,0,22,0,0,2,0,2,0,12,12,0,24,0,0,0,24
11/12/2008,MHK,KS,ACE,CE,Federal Contract Tower,36,15,10,0,61,0,0,15,0,15,36,15,25,0,76,35,0,35,111
11/13/2008,MHK,KS,ACE,CE,Federal Contract Tower,0,20,11,2,33,0,0,7,4,11,0,20,18,6,44,0,6,6,50
11/14/2008,MHK,KS,ACE,CE,Federal Contract Tower,0,15,12,0,27,0,0,5,1,6,0,15,17,1,33,2,0,2,35
11/15/2008,MHK,KS,ACE,CE,Federal Contract Tower,0,10,35,0,45,0,0,23,1,24,0,10,58,1,69,2,0,2,71
11/16/2008,MHK,KS,ACE,CE,Federal Contract Tower,0,9,10,2,21,0,0,22,2,24,0,9,32,4,45,32,0,32,77
11/17/2008,MHK,KS,ACE,CE,Federal Contract Tower,0,15,4,0,19,0,0,17,3,20,0,15,21,3,39,26,0,26,65
11/18/2008,MHK,KS,ACE,CE,Federal Contract Tower,0,12,7,0,19,0,0,22,0,22,0,12,29,0,41,32,0,32,73
11/19/2008,MHK,KS,ACE,CE,Federal Contract Tower,22,14,12,0,48,0,0,30,2,32,22,14,42,2,80,22,0,22,102
11/20/2008,MHK,KS,ACE,CE,Federal Contract Tower,0,13,14,0,27,0,0,11,2,13,0,13,25,2,40,12,0,12,52
11/21/2008,MHK,KS,ACE,CE,Federal Contract Tower,1,12,15,0,28,0,0,17,0,17,1,12,32,0,45,10,0,10,55
11/22/2008,MHK,KS,ACE,CE,Federal Contract Tower,0,8,21,0,29,0,0,35,0,35,0,8,56,0,64,18,0,18,82
11/23/2008,MHK,KS,ACE,CE,Federal Contract Tower,0,11,6,0,17,0,0,26,0,26,0,11,32,0,43,22,0,22,65
11/24/2008,MHK,KS,ACE,CE,Federal Contract Tower,0,10,10,0,20,0,0,13,0,13,0,10,23,0,33,26,0,26,59
11/25/2008,MHK,KS,ACE,CE,Federal Contract Tower,0,10,20,2,32,0,0,24,0,24,0,10,44,2,56,17,0,17,73
11/26/2008,MHK,KS,ACE,CE,Federal Contract Tower,0,10,10,0,20,0,0,16,0,16,0,10,26,0,36,50,0,50,86
11/27/2008,MHK,KS,ACE,CE,Federal Contract Tower,0,10,3,0,13,0,0,6,0,6,0,10,9,0,19,0,0,0,19
11/28/2008,MHK,KS,ACE,CE,Federal Contract Tower,0,12,4,0,16,0,0,0,0,0,0,12,4,0,16,0,0,0,16
11/29/2008,MHK,KS,ACE,CE,Federal Contract Tower,0,6,2,5,13,0,0,1,0,1,0,6,3,5,14,0,0,0,14
11/30/2008,MHK,KS,ACE,CE,Federal Contract Tower,0,9,7,0,16,0,0,3,0,3,0,9,10,0,19,0,0,0,19
12/01/2008,MHK,KS,ACE,CE,Federal Contract Tower,0,10,5,0,15,0,0,8,0,8,0,10,13,0,23,8,0,8,31
12/02/2008,MHK,KS,ACE,CE,Federal Contract Tower,0,10,14,0,24,0,0,20,0,20,0,10,34,0,44,46,0,46,90
12/03/2008,MHK,KS,ACE,CE,Federal Contract Tower,0,9,4,0,13,0,0,2,0,2,0,9,6,0,15,10,0,10,25
12/04/2008,MHK,KS,ACE,CE,Federal Contract Tower,0,13,8,0,21,0,0,16,0,16,0,13,24,0,37,22,2,24,61
12/05/2008,MHK,KS,ACE,CE,Federal Contract Tower,0,17,4,0,21,0,0,9,0,9,0,17,13,0,30,4,0,4,34
12/06/2008,MHK,KS,ACE,CE,Federal Contract Tower,2,7,7,2,18,0,0,14,1,15,2,7,21,3,33,12,0,12,45
12/07/2008,MHK,KS,ACE,CE,Federal Contract Tower,0,10,10,0,20,0,0,20,0,20,0,10,30,0,40,26,0,26,66
12/08/2008,MHK,KS,ACE,CE,Federal Contract Tower,2,11,10,2,25,0,0,11,0,11,2,11,21,2,36,18,0,18,54
12/09/2008,MHK,KS,ACE,CE,Federal Contract Tower,0,9,3,0,12,0,0,4,0,4,0,9,7,0,16,6,0,6,22
12/10/2008,MHK,KS,ACE,CE,Federal Contract Tower,0,10,5,2,17,0,0,0,22,22,0,10,5,24,39,46,0,46,85
12/11/2008,MHK,KS,ACE,CE,Federal Contract Tower,0,13,5,5,23,0,0,26,2,28,0,13,31,7,51,24,0,24,75
12/12/2008,MHK,KS,ACE,CE,Federal Contract Tower,0,13,15,2,30,0,0,22,0,22,0,13,37,2,52,36,0,36,88
12/13/2008,MHK,KS,ACE,CE,Federal Contract Tower,0,11,6,0,17,0,0,8,0,8,0,11,14,0,25,0,0,0,25
12/14/2008,MHK,KS,ACE,CE,Federal Contract Tower,0,10,4,0,14,0,0,1,0,1,0,10,5,0,15,0,0,0,15
12/15/2008,MHK,KS,ACE,CE,Federal Contract Tower,0,14,3,0,17,0,0,18,0,18,0,14,21,0,35,8,0,8,43
12/16/2008,MHK,KS,ACE,CE,Federal Contract Tower,0,9,6,0,15,0,0,0,0,0,0,9,6,0,15,0,0,0,15
12/17/2008,MHK,KS,ACE,CE,Federal Contract Tower,0,12,6,0,18,0,0,20,0,20,0,12,26,0,38,30,0,30,68
12/18/2008,MHK,KS,ACE,CE,Federal Contract Tower,0,2,1,0,3,0,0,0,0,0,0,2,1,0,3,0,0,0,3
12/19/2008,MHK,KS,ACE,CE,Federal Contract Tower,0,16,9,0,25,0,0,17,0,17,0,16,26,0,42,12,0,12,54
12/20/2008,MHK,KS,ACE,CE,Federal Contract Tower,0,9,2,0,11,0,0,5,0,5,0,9,7,0,16,0,0,0,16
12/21/2008,MHK,KS,ACE,CE,Federal Contract Tower,0,9,3,3,15,0,0,4,0,4,0,9,7,3,19,0,0,0,19
12/22/2008,MHK,KS,ACE,CE,Federal Contract Tower,0,9,9,2,20,0,0,5,2,7,0,9,14,4,27,0,2,2,29
12/23/2008,MHK,KS,ACE,CE,Federal Contract Tower,0,8,0,0,8,0,0,0,0,0,0,8,0,0,8,0,0,0,8
12/24/2008,MHK,KS,ACE,CE,Federal Contract Tower,0,10,0,0,10,0,0,10,0,10,0,10,10,0,20,14,0,14,34
12/25/2008,MHK,KS,ACE,CE,Federal Contract Tower,0,8,2,0,10,0,0,0,0,0,0,8,2,0,10,0,0,0,10
12/26/2008,MHK,KS,ACE,CE,Federal Contract Tower,0,10,4,0,14,0,0,2,0,2,0,10,6,0,16,4,0,4,20
12/27/2008,MHK,KS,ACE,CE,Federal Contract Tower,0,5,0,0,5,0,0,0,0,0,0,5,0,0,5,10,0,10,15
12/28/2008,MHK,KS,ACE,CE,Federal Contract Tower,0,10,5,0,15,0,0,17,0,17,0,10,22,0,32,2,0,2,34
12/29/2008,MHK,KS,ACE,CE,Federal Contract Tower,0,10,1,0,11,0,0,15,2,17,0,10,16,2,28,40,0,40,68
12/30/2008,MHK,KS,ACE,CE,Federal Contract Tower,0,10,0,0,10,0,0,9,0,9,0,10,9,0,19,12,0,12,31
12/31/2008,MHK,KS,ACE,CE,Federal Contract Tower,0,10,8,2,20,0,0,17,0,17,0,10,25,2,37,18,0,18,55
01/01/2009,MHK,KS,ACE,CE,Federal Contract Tower,0,10,4,1,15,0,0,24,0,24,0,10,28,1,39,33,0,33,72
01/02/2009,MHK,KS,ACE,CE,Federal Contract Tower,0,10,5,0,15,0,0,15,2,17,0,10,20,2,32,18,0,18,50
01/03/2009,MHK,KS,ACE,CE,Federal Contract Tower,0,7,11,0,18,0,0,0,0,0,0,7,11,0,18,0,0,0,18
01/04/2009,MHK,KS,ACE,CE,Federal Contract Tower,0,9,2,1,12,0,0,5,0,5,0,9,7,1,17,6,0,6,23
01/05/2009,MHK,KS,ACE,CE,Federal Contract Tower,0,11,7,0,18,0,0,10,0,10,0,11,17,0,28,0,0,0,28
01/06/2009,MHK,KS,ACE,CE,Federal Contract Tower,0,10,8,0,18,0,0,10,1,11,0,10,18,1,29,9,0,9,38
01/07/2009,MHK,KS,ACE,CE,Federal Contract Tower,0,10,7,1,18,0,0,13,3,16,0,10,20,4,34,14,8,22,56
01/08/2009,MHK,KS,ACE,CE,Federal Contract Tower,2,12,7,0,21,0,0,16,0,16,2,12,23,0,37,10,0,10,47
01/09/2009,MHK,KS,ACE,CE,Federal Contract Tower,0,10,6,2,18,0,0,15,0,15,0,10,21,2,33,8,0,8,41
01/10/2009,MHK,KS,ACE,CE,Federal Contract Tower,0,9,7,0,16,0,0,19,0,19,0,9,26,0,35,0,0,0,35
01/11/2009,MHK,KS,ACE,CE,Federal Contract Tower,0,9,2,0,11,0,0,9,0,9,0,9,11,0,20,2,0,2,22
01/12/2009,MHK,KS,ACE,CE,Federal Contract Tower,0,10,2,0,12,0,0,3,0,3,0,10,5,0,15,0,0,0,15
01/13/2009,MHK,KS,ACE,CE,Federal Contract Tower,0,16,0,3,19,0,0,6,2,8,0,16,6,5,27,0,0,0,27
01/14/2009,MHK,KS,ACE,CE,Federal Contract Tower,10,10,4,4,28,0,0,1,0,1,10,10,5,4,29,0,0,0,29
01/15/2009,MHK,KS,ACE,CE,Federal Contract Tower,0,8,6,3,17,0,0,12,0,12,0,8,18,3,29,0,0,0,29
01/16/2009,MHK,KS,ACE,CE,Federal Contract Tower,4,11,9,0,24,0,0,4,6,10,4,11,13,6,34,6,0,6,40
01/17/2009,MHK,KS,ACE,CE,Federal Contract Tower,0,11,8,2,21,0,0,18,0,18,0,11,26,2,39,2,0,2,41
01/18/2009,MHK,KS,ACE,CE,Federal Contract Tower,0,6,5,0,11,0,0,25,0,25,0,6,30,0,36,36,0,36,72
01/19/2009,MHK,KS,ACE,CE,Federal Contract Tower,0,8,11,0,19,0,0,17,0,17,0,8,28,0,36,68,0,68,104
01/20/2009,MHK,KS,ACE,CE,Federal Contract Tower,0,14,6,0,20,0,0,25,0,25,0,14,31,0,45,50,0,50,95
01/21/2009,MHK,KS,ACE,CE,Federal Contract Tower,0,16,4,0,20,0,0,21,2,23,0,16,25,2,43,16,0,16,59
01/22/2009,MHK,KS,ACE,CE,Federal Contract Tower,0,10,4,0,14,0,0,30,2,32,0,10,34,2,46,64,0,64,110
01/23/2009,MHK,KS,ACE,CE,Federal Contract Tower,0,12,8,0,20,0,0,13,2,15,0,12,21,2,35,16,0,16,51
01/24/2009,MHK,KS,ACE,CE,Federal Contract Tower,0,10,8,1,19,0,0,27,0,27,0,10,35,1,46,30,0,30,76
01/25/2009,MHK,KS,ACE,CE,Federal Contract Tower,0,8,1,3,12,0,0,8,0,8,0,8,9,3,20,20,0,20,40
01/26/2009,MHK,KS,ACE,CE,Federal Contract Tower,0,8,16,2,26,0,0,2,0,2,0,8,18,2,28,12,0,12,40
01/27/2009,MHK,KS,ACE,CE,Federal Contract Tower,0,10,10,0,20,0,0,3,0,3,0,10,13,0,23,0,0,0,23
01/28/2009,MHK,KS,ACE,CE,Federal Contract Tower,0,14,20,3,37,0,0,18,1,19,0,14,38,4,56,12,0,12,68
01/29/2009,MHK,KS,ACE,CE,Federal Contract Tower,3,15,9,10,37,0,0,25,8,33,3,15,34,18,70,24,36,60,130
01/30/2009,MHK,KS,ACE,CE,Federal Contract Tower,0,13,9,2,24,0,0,17,2,19,0,13,26,4,43,34,0,34,77
01/31/2009,MHK,KS,ACE,CE,Federal Contract Tower,0,11,5,0,16,0,0,32,2,34,0,11,37,2,50,6,0,6,56
02/01/2009,MHK,KS,ACE,CE,Federal Contract Tower,0,9,11,0,20,0,0,21,0,21,0,9,32,0,41,14,0,14,55
02/02/2009,MHK,KS,ACE,CE,Federal Contract Tower,0,11,7,3,21,0,0,17,3,20,0,11,24,6,41,14,0,14,55
02/03/2009,MHK,KS,ACE,CE,Federal Contract Tower,0,12,10,0,22,0,0,17,4,21,0,12,27,4,43,16,0,16,59
02/04/2009,MHK,KS,ACE,CE,Federal Contract Tower,2,16,3,4,25,0,0,27,6,33,2,16,30,10,58,18,12,30,88
02/05/2009,MHK,KS,ACE,CE,Federal Contract Tower,0,10,7,4,21,0,0,20,4,24,0,10,27,8,45,16,10,26,71
02/06/2009,MHK,KS,ACE,CE,Federal Contract Tower,0,16,10,0,26,0,0,17,0,17,0,16,27,0,43,18,0,18,61
02/07/2009,MHK,KS,ACE,CE,Federal Contract Tower,0,10,10,0,20,0,0,86,0,86,0,10,96,0,106,28,0,28,134
02/08/2009,MHK,KS,ACE,CE,Federal Contract Tower,0,11,0,0,11,0,0,6,0,6,0,11,6,0,17,8,0,8,25
02/09/2009,MHK,KS,ACE,CE,Federal Contract Tower,0,11,0,0,11,0,0,1,0,1,0,11,1,0,12,0,0,0,12
02/10/2009,MHK,KS,ACE,CE,Federal Contract Tower,0,13,8,6,27,0,0,26,16,42,0,13,34,22,69,22,18,40,109
02/11/2009,MHK,KS,ACE,CE,Federal Contract Tower,0,15,7,5,27,0,0,9,3,12,0,15,16,8,39,64,28,92,131
02/12/2009,MHK,KS,ACE,CE,Federal Contract Tower,0,12,8,0,20,0,0,42,0,42,0,12,50,0,62,38,0,38,100
02/13/2009,MHK,KS,ACE,CE,Federal Contract Tower,0,7,12,0,19,0,0,5,0,5,0,7,17,0,24,6,0,6,30
02/14/2009,MHK,KS,ACE,CE,Federal Contract Tower,0,8,14,4,26,0,0,37,0,37,0,8,51,4,63,26,0,26,89
02/15/2009,MHK,KS,ACE,CE,Federal Contract Tower,0,9,3,0,12,0,0,31,0,31,0,9,34,0,43,30,0,30,73
02/16/2009,MHK,KS,ACE,CE,Federal Contract Tower,0,10,14,0,24,0,2,12,0,14,0,12,26,0,38,10,0,10,48
02/17/2009,MHK,KS,ACE,CE,Federal Contract Tower,0,14,9,2,25,0,0,15,0,15,0,14,24,2,40,42,34,76,116
02/18/2009,MHK,KS,ACE,CE,Federal Contract Tower,0,10,9,3,22,0,0,13,3,16,0,10,22,6,38,14,6,20,58
02/19/2009,MHK,KS,ACE,CE,Federal Contract Tower,0,12,11,2,25,0,0,28,4,32,0,12,39,6,57,64,4,68,125
02/20/2009,MHK,KS,ACE,CE,Federal Contract Tower,0,13,6,0,19,0,0,24,0,24,0,13,30,0,43,62,0,62,105
02/21/2009,MHK,KS,ACE,CE,Federal Contract Tower,0,7,4,0,11,0,0,21,0,21,0,7,25,0,32,18,0,18,50
02/22/2009,MHK,KS,ACE,CE,Federal Contract Tower,0,7,4,0,11,0,0,33,0,33,0,7,37,0,44,46,0,46,90
02/23/2009,MHK,KS,ACE,CE,Federal Contract Tower,0,10,5,1,16,0,0,18,0,18,0,10,23,1,34,10,14,24,58
02/24/2009,MHK,KS,ACE,CE,Federal Contract Tower,0,10,6,2,18,0,0,43,2,45,0,10,49,4,63,64,30,94,157
02/25/2009,MHK,KS,ACE,CE,Federal Contract Tower,0,16,9,5,30,0,0,28,6,34,0,16,37,11,64,24,34,58,122
02/26/2009,MHK,KS,ACE,CE,Federal Contract Tower,0,11,8,0,19,0,1,6,0,7,0,12,14,0,26,8,0,8,34
02/27/2009,MHK,KS,ACE,CE,Federal Contract Tower,0,8,4,2,14,0,0,12,0,12,0,8,16,2,26,26,0,26,52
02/28/2009,MHK,KS,ACE,CE,Federal Contract Tower,0,12,1,2,15,0,0,4,0,4,0,12,5,2,19,0,0,0,19
03/01/2009,MHK,KS,ACE,CE,Federal Contract Tower,0,9,10,0,19,0,0,10,0,10,0,9,20,0,29,10,0,10,39
03/02/2009,MHK,KS,ACE,CE,Federal Contract Tower,0,10,4,2,16,0,0,8,10,18,0,10,12,12,34,4,22,26,60
03/03/2009,MHK,KS,ACE,CE,Federal Contract Tower,2,12,8,2,24,0,0,14,2,16,2,12,22,4,40,16,0,16,56
03/04/2009,MHK,KS,ACE,CE,Federal Contract Tower,0,10,7,0,17,0,0,20,2,22,0,10,27,2,39,2,26,28,67
03/05/2009,MHK,KS,ACE,CE,Federal Contract Tower,0,10,1,0,11,0,0,17,2,19,0,10,18,2,30,20,22,42,72
03/06/2009,MHK,KS,ACE,CE,Federal Contract Tower,0,9,14,0,23,0,0,30,0,30,0,9,44,0,53,16,0,16,69
03/07/2009,MHK,KS,ACE,CE,Federal Contract Tower,0,6,6,0,12,0,0,1,0,1,0,6,7,0,13,0,0,0,13
03/08/2009,MHK,KS,ACE,CE,Federal Contract Tower,0,11,11,0,22,0,0,15,0,15,0,11,26,0,37,6,0,6,43
03/09/2009,MHK,KS,ACE,CE,Federal Contract Tower,0,9,3,0,12,0,0,1,0,1,0,9,4,0,13,0,0,0,13
03/10/2009,MHK,KS,ACE,CE,Federal Contract Tower,0,8,4,2,14,0,0,0,0,0,0,8,4,2,14,0,4,4,18
03/11/2009,MHK,KS,ACE,CE,Federal Contract Tower,0,10,2,0,12,0,0,15,4,19,0,10,17,4,31,0,32,32,63
03/12/2009,MHK,KS,ACE,CE,Federal Contract Tower,0,13,5,3,21,0,0,21,0,21,0,13,26,3,42,4,20,24,66
03/13/2009,MHK,KS,ACE,CE,Federal Contract Tower,0,10,4,2,16,0,0,17,0,17,0,10,21,2,33,14,0,14,47
03/14/2009,MHK,KS,ACE,CE,Federal Contract Tower,0,6,6,0,12,0,0,18,2,20,0,6,24,2,32,32,12,44,76
03/15/2009,MHK,KS,ACE,CE,Federal Contract Tower,0,9,10,0,19,0,0,17,0,17,0,9,27,0,36,16,0,16,52
03/16/2009,MHK,KS,ACE,CE,Federal Contract Tower,0,11,1,2,14,0,0,13,0,13,0,11,14,2,27,20,4,24,51
03/17/2009,MHK,KS,ACE,CE,Federal Contract Tower,0,13,8,0,21,0,0,24,4,28,0,13,32,4,49,6,4,10,59
03/18/2009,MHK,KS,ACE,CE,Federal Contract Tower,0,10,4,0,14,0,0,14,0,14,0,10,18,0,28,8,2,10,38
03/19/2009,MHK,KS,ACE,CE,Federal Contract Tower,0,16,8,0,24,0,0,27,0,27,0,16,35,0,51,28,0,28,79
03/20/2009,MHK,KS,ACE,CE,Federal Contract Tower,0,13,9,0,22,0,0,23,0,23,0,13,32,0,45,34,0,34,79
03/21/2009,MHK,KS,ACE,CE,Federal Contract Tower,0,10,7,4,21,0,0,15,2,17,0,10,22,6,38,18,0,18,56
03/22/2009,MHK,KS,ACE,CE,Federal Contract Tower,0,10,5,2,17,0,0,2,0,2,0,10,7,2,19,0,0,0,19
03/23/2009,MHK,KS,ACE,CE,Federal Contract Tower,0,2,0,0,2,0,0,0,0,0,0,2,0,0,2,0,0,0,2
03/24/2009,MHK,KS,ACE,CE,Federal Contract Tower,2,10,0,2,14,0,0,1,2,3,2,10,1,4,17,0,10,10,27
03/25/2009,MHK,KS,ACE,CE,Federal Contract Tower,0,12,6,0,18,0,0,16,2,18,0,12,22,2,36,12,14,26,62
03/26/2009,MHK,KS,ACE,CE,Federal Contract Tower,0,7,1,0,8,0,0,13,0,13,0,7,14,0,21,30,20,50,71
03/27/2009,MHK,KS,ACE,CE,Federal Contract Tower,0,10,0,0,10,0,0,0,0,0,0,10,0,0,10,0,0,0,10
03/28/2009,MHK,KS,ACE,CE,Federal Contract Tower,0,3,0,0,3,0,0,0,0,0,0,3,0,0,3,0,0,0,3
03/29/2009,MHK,KS,ACE,CE,Federal Contract Tower,0,9,1,0,10,0,0,15,0,15,0,9,16,0,25,10,0,10,35
03/30/2009,MHK,KS,ACE,CE,Federal Contract Tower,0,8,1,0,9,0,0,2,2,4,0,8,3,2,13,0,6,6,19
03/31/2009,MHK,KS,ACE,CE,Federal Contract Tower,0,11,5,0,16,0,1,5,0,6,0,12,10,0,22,0,2,2,24
04/01/2009,MHK,KS,ACE,CE,Federal Contract Tower,0,10,12,0,22,0,0,20,4,24,0,10,32,4,46,12,14,26,72
04/02/2009,MHK,KS,ACE,CE,Federal Contract Tower,0,10,0,0,10,0,0,8,2,10,0,10,8,2,20,18,10,28,48
04/03/2009,MHK,KS,ACE,CE,Federal Contract Tower,0,12,8,1,21,0,0,20,2,22,0,12,28,3,43,14,16,30,73
04/04/2009,MHK,KS,ACE,CE,Federal Contract Tower,0,7,4,2,13,0,0,13,0,13,0,7,17,2,26,14,0,14,40
04/05/2009,MHK,KS,ACE,CE,Federal Contract Tower,0,11,2,0,13,0,0,0,0,0,0,11,2,0,13,0,0,0,13
04/06/2009,MHK,KS,ACE,CE,Federal Contract Tower,0,10,7,0,17,0,0,4,4,8,0,10,11,4,25,6,6,12,37
04/07/2009,MHK,KS,ACE,CE,Federal Contract Tower,0,12,2,0,14,0,0,36,0,36,0,12,38,0,50,32,10,42,92
04/08/2009,MHK,KS,ACE,CE,Federal Contract Tower,0,15,13,0,28,0,0,34,6,40,0,15,47,6,68,64,36,100,168
04/09/2009,MHK,KS,ACE,CE,Federal Contract Tower,0,10,4,0,14,0,0,3,0,3,0,10,7,0,17,0,0,0,17
04/10/2009,MHK,KS,ACE,CE,Federal Contract Tower,0,10,12,0,22,0,1,18,0,19,0,11,30,0,41,48,0,48,89
04/11/2009,MHK,KS,ACE,CE,Federal Contract Tower,0,4,5,0,9,0,0,19,0,19,0,4,24,0,28,38,0,38,66
04/12/2009,MHK,KS,ACE,CE,Federal Contract Tower,0,5,10,0,15,0,0,0,0,0,0,5,10,0,15,0,0,0,15
04/13/2009,MHK,KS,ACE,CE,Federal Contract Tower,0,12,6,0,18,0,0,6,0,6,0,12,12,0,24,6,0,6,30
04/14/2009,MHK,KS,ACE,CE,Federal Contract Tower,0,14,10,3,27,0,0,28,0,28,0,14,38,3,55,24,64,88,143
04/15/2009,MHK,KS,ACE,CE,Federal Contract Tower,0,12,7,1,20,0,0,23,1,24,0,12,30,2,44,56,0,56,100
04/16/2009,MHK,KS,ACE,CE,Federal Contract Tower,0,13,4,11,28,0,0,16,0,16,0,13,20,11,44,30,2,32,76
04/17/2009,MHK,KS,ACE,CE,Federal Contract Tower,2,7,8,1,18,0,0,19,1,20,2,7,27,2,38,20,0,20,58
04/18/2009,MHK,KS,ACE,CE,Federal Contract Tower,0,3,5,0,8,0,0,18,0,18,0,3,23,0,26,20,0,20,46
04/19/2009,MHK,KS,ACE,CE,Federal Contract Tower,0,5,3,1,9,0,0,8,0,8,0,5,11,1,17,24,0,24,41
04/20/2009,MHK,KS,ACE,CE,Federal Contract Tower,0,10,2,0,12,0,0,12,1,13,0,10,14,1,25,22,8,30,55
04/21/2009,MHK,KS,ACE,CE,Federal Contract Tower,0,12,3,0,15,0,1,32,0,33,0,13,35,0,48,62,2,64,112
04/22/2009,MHK,KS,ACE,CE,Federal Contract Tower,0,11,8,2,21,0,0,34,0,34,0,11,42,2,55,38,2,40,95
04/23/2009,MHK,KS,ACE,CE,Federal Contract Tower,0,14,10,10,34,0,0,19,0,19,0,14,29,10,53,26,10,36,89
04/24/2009,MHK,KS,ACE,CE,Federal Contract Tower,0,12,10,6,28,0,0,10,0,10,0,12,20,6,38,6,2,8,46
04/25/2009,MHK,KS,ACE,CE,Federal Contract Tower,0,6,9,0,15,0,0,13,0,13,0,6,22,0,28,38,0,38,66
04/26/2009,MHK,KS,ACE,CE,Federal Contract Tower,1,4,2,0,7,0,0,0,0,0,1,4,2,0,7,0,0,0,7
04/27/2009,MHK,KS,ACE,CE,Federal Contract Tower,0,8,6,3,17,0,0,2,3,5,0,8,8,6,22,0,36,36,58
04/28/2009,MHK,KS,ACE,CE,Federal Contract Tower,0,15,1,2,18,0,1,31,2,34,0,16,32,4,52,58,14,72,124
04/29/2009,MHK,KS,ACE,CE,Federal Contract Tower,0,16,7,0,23,0,0,6,0,6,0,16,13,0,29,26,0,26,55
04/30/2009,MHK,KS,ACE,CE,Federal Contract Tower,0,16,10,0,26,0,0,4,0,4,0,16,14,0,30,4,6,10,40
05/01/2009,MHK,KS,ACE,CE,Federal Contract Tower,0,10,4,0,14,0,0,22,0,22,0,10,26,0,36,20,0,20,56
05/02/2009,MHK,KS,ACE,CE,Federal Contract Tower,2,4,4,0,10,0,0,27,0,27,2,4,31,0,37,12,0,12,49
05/03/2009,MHK,KS,ACE,CE,Federal Contract Tower,0,8,12,2,22,0,0,8,0,8,0,8,20,2,30,0,0,0,30
05/04/2009,MHK,KS,ACE,CE,Federal Contract Tower,0,16,7,0,23,0,0,27,0,27,0,16,34,0,50,36,14,50,100
05/05/2009,MHK,KS,ACE,CE,Federal Contract Tower,0,11,12,0,23,0,0,22,2,24,0,11,34,2,47,60,16,76,123
05/06/2009,MHK,KS,ACE,CE,Federal Contract Tower,0,11,5,1,17,0,0,19,3,22,0,11,24,4,39,34,14,48,87
05/07/2009,MHK,KS,ACE,CE,Federal Contract Tower,0,16,3,5,24,0,0,16,3,19,0,16,19,8,43,26,14,40,83
05/08/2009,MHK,KS,ACE,CE,Federal Contract Tower,0,13,8,1,22,0,0,37,0,37,0,13,45,1,59,38,0,38,97
05/09/2009,MHK,KS,ACE,CE,Federal Contract Tower,3,4,6,0,13,0,0,46,0,46,3,4,52,0,59,52,0,52,111
05/10/2009,MHK,KS,ACE,CE,Federal Contract Tower,0,7,6,0,13,0,0,12,0,12,0,7,18,0,25,26,0,26,51
05/11/2009,MHK,KS,ACE,CE,Federal Contract Tower,1,12,5,2,20,0,0,24,3,27,1,12,29,5,47,18,28,46,93
05/12/2009,MHK,KS,ACE,CE,Federal Contract Tower,0,13,13,0,26,0,0,7,0,7,0,13,20,0,33,4,0,4,37
05/13/2009,MHK,KS,ACE,CE,Federal Contract Tower,6,12,7,0,25,0,0,17,0,17,6,12,24,0,42,16,6,22,64
05/14/2009,MHK,KS,ACE,CE,Federal Contract Tower,5,11,11,2,29,0,0,31,0,31,5,11,42,2,60,20,2,22,82
05/15/2009,MHK,KS,ACE,CE,Federal Contract Tower,8,9,11,0,28,0,0,11,0,11,8,9,22,0,39,14,0,14,53
05/16/2009,MHK,KS,ACE,CE,Federal Contract Tower,8,4,7,0,19,0,0,41,0,41,8,4,48,0,60,38,0,38,98
05/17/2009,MHK,KS,ACE,CE,Federal Contract Tower,5,7,9,0,21,0,0,28,0,28,5,7,37,0,49,18,0,18,67
05/18/2009,MHK,KS,ACE,CE,Federal Contract Tower,0,14,5,0,19,0,0,22,0,22,0,14,27,0,41,8,8,16,57
05/19/2009,MHK,KS,ACE,CE,Federal Contract Tower,0,13,7,0,20,0,0,17,0,17,0,13,24,0,37,22,10,32,69
05/20/2009,MHK,KS,ACE,CE,Federal Contract Tower,0,11,16,1,28,0,0,21,4,25,0,11,37,5,53,10,2,12,65
05/21/2009,MHK,KS,ACE,CE,Federal Contract Tower,0,15,9,1,25,0,0,19,11,30,0,15,28,12,55,22,10,32,87
05/22/2009,MHK,KS,ACE,CE,Federal Contract Tower,0,12,8,0,20,0,0,33,6,39,0,12,41,6,59,66,0,66,125
05/23/2009,MHK,KS,ACE,CE,Federal Contract Tower,0,4,5,0,9,0,0,17,0,17,0,4,22,0,26,16,0,16,42
05/24/2009,MHK,KS,ACE,CE,Federal Contract Tower,0,7,6,0,13,0,0,24,0,24,0,7,30,0,37,10,0,10,47
05/25/2009,MHK,KS,ACE,CE,Federal Contract Tower,0,8,3,2,13,0,0,23,0,23,0,8,26,2,36,16,0,16,52
05/26/2009,MHK,KS,ACE,CE,Federal Contract Tower,0,12,13,4,29,0,0,7,10,17,0,12,20,14,46,0,10,10,56
05/27/2009,MHK,KS,ACE,CE,Federal Contract Tower,0,13,6,4,23,0,0,2,6,8,0,13,8,10,31,14,6,20,51
05/28/2009,MHK,KS,ACE,CE,Federal Contract Tower,0,12,0,8,20,0,0,18,0,18,0,12,18,8,38,22,4,26,64
05/29/2009,MHK,KS,ACE,CE,Federal Contract Tower,0,10,10,0,20,0,0,42,0,42,0,10,52,0,62,46,10,56,118
05/30/2009,MHK,KS,ACE,CE,Federal Contract Tower,0,3,1,0,4,0,0,20,0,20,0,3,21,0,24,10,0,10,34
05/31/2009,MHK,KS,ACE,CE,Federal Contract Tower,0,7,5,0,12,0,0,28,0,28,0,7,33,0,40,12,0,12,52
06/01/2009,MHK,KS,ACE,CE,Federal Contract Tower,0,10,6,1,17,0,0,16,4,20,0,10,22,5,37,8,2,10,47
06/02/2009,MHK,KS,ACE,CE,Federal Contract Tower,0,8,6,1,15,0,0,1,3,4,0,8,7,4,19,0,0,0,19
06/03/2009,MHK,KS,ACE,CE,Federal Contract Tower,0,9,7,0,16,0,0,9,1,10,0,9,16,1,26,12,6,18,44
06/04/2009,MHK,KS,ACE,CE,Federal Contract Tower,0,12,11,0,23,0,0,2,5,7,0,12,13,5,30,4,0,4,34
06/05/2009,MHK,KS,ACE,CE,Federal Contract Tower,0,11,9,6,26,0,0,20,0,20,0,11,29,6,46,14,0,14,60
06/06/2009,MHK,KS,ACE,CE,Federal Contract Tower,0,4,6,0,10,0,0,20,3,23,0,4,26,3,33,6,0,6,39
06/07/2009,MHK,KS,ACE,CE,Federal Contract Tower,0,7,3,3,13,0,0,25,0,25,0,7,28,3,38,4,0,4,42
06/08/2009,MHK,KS,ACE,CE,Federal Contract Tower,4,13,3,2,22,0,0,12,0,12,4,13,15,2,34,22,2,24,58
06/09/2009,MHK,KS,ACE,CE,Federal Contract Tower,7,9,7,0,23,0,0,2,0,2,7,9,9,0,25,0,0,0,25
06/10/2009,MHK,KS,ACE,CE,Federal Contract Tower,7,17,12,6,42,0,0,7,3,10,7,17,19,9,52,18,8,26,78
06/11/2009,MHK,KS,ACE,CE,Federal Contract Tower,8,13,11,0,32,0,0,12,0,12,8,13,23,0,44,16,6,22,66
06/12/2009,MHK,KS,ACE,CE,Federal Contract Tower,5,7,10,0,22,0,0,24,0,24,5,7,34,0,46,30,0,30,76
06/13/2009,MHK,KS,ACE,CE,Federal Contract Tower,0,4,10,0,14,0,0,19,0,19,0,4,29,0,33,24,0,24,57
06/14/2009,MHK,KS,ACE,CE,Federal Contract Tower,0,7,9,0,16,0,0,22,0,22,0,7,31,0,38,36,0,36,74
06/15/2009,MHK,KS,ACE,CE,Federal Contract Tower,0,10,0,1,11,0,0,19,0,19,0,10,19,1,30,20,0,20,50
06/16/2009,MHK,KS,ACE,CE,Federal Contract Tower,0,12,6,2,20,0,0,9,0,9,0,12,15,2,29,0,0,0,29
06/17/2009,MHK,KS,ACE,CE,Federal Contract Tower,0,14,5,0,19,0,0,15,1,16,0,14,20,1,35,28,0,28,63
06/18/2009,MHK,KS,ACE,CE,Federal Contract Tower,0,14,8,0,22,0,0,17,1,18,0,14,25,1,40,26,10,36,76
06/19/2009,MHK,KS,ACE,CE,Federal Contract Tower,0,11,10,6,27,0,0,10,0,10,0,11,20,6,37,14,22,36,73
06/20/2009,MHK,KS,ACE,CE,Federal Contract Tower,0,4,4,0,8,0,0,4,0,4,0,4,8,0,12,4,0,4,16
06/21/2009,MHK,KS,ACE,CE,Federal Contract Tower,0,7,5,0,12,0,0,24,0,24,0,7,29,0,36,24,0,24,60
06/22/2009,MHK,KS,ACE,CE,Federal Contract Tower,0,12,3,4,19,0,0,8,2,10,0,12,11,6,29,8,12,20,49
06/23/2009,MHK,KS,ACE,CE,Federal Contract Tower,0,9,3,4,16,0,0,10,3,13,0,9,13,7,29,2,8,10,39
06/24/2009,MHK,KS,ACE,CE,Federal Contract Tower,0,10,14,0,24,0,0,20,0,20,0,10,34,0,44,20,0,20,64
06/25/2009,MHK,KS,ACE,CE,Federal Contract Tower,0,9,16,0,25,0,0,33,0,33,0,9,49,0,58,32,10,42,100
06/26/2009,MHK,KS,ACE,CE,Federal Contract Tower,0,14,13,2,29,0,0,18,2,20,0,14,31,4,49,28,4,32,81
06/27/2009,MHK,KS,ACE,CE,Federal Contract Tower,0,4,2,2,8,0,0,20,0,20,0,4,22,2,28,14,0,14,42
06/28/2009,MHK,KS,ACE,CE,Federal Contract Tower,0,7,7,0,14,0,0,21,2,23,0,7,28,2,37,0,0,0,37
06/29/2009,MHK,KS,ACE,CE,Federal Contract Tower,0,10,5,0,15,0,0,9,0,9,0,10,14,0,24,0,10,10,34
06/30/2009,MHK,KS,ACE,CE,Federal Contract Tower,0,12,14,0,26,0,0,10,1,11,0,12,24,1,37,2,22,24,61
07/01/2009,MHK,KS,ACE,CE,Federal Contract Tower,0,10,8,0,18,0,0,8,2,10,0,10,16,2,28,0,6,6,34
07/02/2009,MHK,KS,ACE,CE,Federal Contract Tower,0,16,7,0,23,0,0,12,1,13,0,16,19,1,36,4,8,12,48
07/03/2009,MHK,KS,ACE,CE,Federal Contract Tower,0,12,6,0,18,0,0,14,2,16,0,12,20,2,34,10,0,10,44
07/04/2009,MHK,KS,ACE,CE,Federal Contract Tower,0,3,7,0,10,0,0,10,0,10,0,3,17,0,20,14,8,22,42
07/05/2009,MHK,KS,ACE,CE,Federal Contract Tower,0,7,7,0,14,0,0,14,0,14,0,7,21,0,28,22,0,22,50
07/06/2009,MHK,KS,ACE,CE,Federal Contract Tower,0,13,4,0,17,0,0,22,8,30,0,13,26,8,47,4,0,4,51
07/07/2009,MHK,KS,ACE,CE,Federal Contract Tower,0,14,8,0,22,0,0,22,6,28,0,14,30,6,50,20,8,28,78
07/08/2009,MHK,KS,ACE,CE,Federal Contract Tower,0,14,11,0,25,0,0,14,3,17,0,14,25,3,42,12,10,22,64
07/09/2009,MHK,KS,ACE,CE,Federal Contract Tower,0,14,9,0,23,0,0,21,4,25,0,14,30,4,48,12,12,24,72
07/10/2009,MHK,KS,ACE,CE,Federal Contract Tower,0,9,4,0,13,0,0,20,0,20,0,9,24,0,33,32,0,32,65
07/11/2009,MHK,KS,ACE,CE,Federal Contract Tower,0,6,2,0,8,0,0,16,0,16,0,6,18,0,24,20,0,20,44
07/12/2009,MHK,KS,ACE,CE,Federal Contract Tower,0,7,5,0,12,0,0,10,0,10,0,7,15,0,22,36,0,36,58
07/13/2009,MHK,KS,ACE,CE,Federal Contract Tower,0,10,7,0,17,0,0,18,0,18,0,10,25,0,35,0,0,0,35
07/14/2009,MHK,KS,ACE,CE,Federal Contract Tower,0,12,3,0,15,0,0,9,4,13,0,12,12,4,28,6,0,6,34
07/15/2009,MHK,KS,ACE,CE,Federal Contract Tower,0,14,6,1,21,0,0,12,2,14,0,14,18,3,35,28,8,36,71
07/16/2009,MHK,KS,ACE,CE,Federal Contract Tower,0,12,20,1,33,0,0,8,0,8,0,12,28,1,41,2,0,2,43
07/17/2009,MHK,KS,ACE,CE,Federal Contract Tower,0,11,2,0,13,0,0,29,3,32,0,11,31,3,45,36,0,36,81
07/18/2009,MHK,KS,ACE,CE,Federal Contract Tower,0,4,0,0,4,0,2,39,1,42,0,6,39,1,46,36,0,36,82
07/19/2009,MHK,KS,ACE,CE,Federal Contract Tower,0,6,4,0,10,0,0,26,0,26,0,6,30,0,36,6,0,6,42
07/20/2009,MHK,KS,ACE,CE,Federal Contract Tower,0,10,6,0,16,0,0,9,0,9,0,10,15,0,25,2,0,2,27
07/21/2009,MHK,KS,ACE,CE,Federal Contract Tower,0,10,13,0,23,0,0,18,4,22,0,10,31,4,45,8,0,8,53
07/22/2009,MHK,KS,ACE,CE,Federal Contract Tower,0,16,9,2,27,0,0,29,0,29,0,16,38,2,56,34,2,36,92
07/23/2009,MHK,KS,ACE,CE,Federal Contract Tower,0,15,13,0,28,0,0,20,0,20,0,15,33,0,48,38,2,40,88
07/24/2009,MHK,KS,ACE,CE,Federal Contract Tower,0,14,9,6,29,0,0,21,0,21,0,14,30,6,50,28,0,28,78
07/25/2009,MHK,KS,ACE,CE,Federal Contract Tower,0,5,4,0,9,0,0,31,0,31,0,5,35,0,40,16,0,16,56
07/26/2009,MHK,KS,ACE,CE,Federal Contract Tower,0,7,5,0,12,0,0,29,0,29,0,7,34,0,41,12,0,12,53
07/27/2009,MHK,KS,ACE,CE,Federal Contract Tower,0,12,5,6,23,0,0,8,11,19,0,12,13,17,42,0,0,0,42
07/28/2009,MHK,KS,ACE,CE,Federal Contract Tower,0,12,10,0,22,0,0,7,0,7,0,12,17,0,29,12,2,14,43
07/29/2009,MHK,KS,ACE,CE,Federal Contract Tower,0,10,11,2,23,0,0,16,4,20,0,10,27,6,43,10,0,10,53
07/30/2009,MHK,KS,ACE,CE,Federal Contract Tower,0,7,17,0,24,0,0,24,4,28,0,7,41,4,52,4,2,6,58
07/31/2009,MHK,KS,ACE,CE,Federal Contract Tower,0,14,7,0,21,0,0,26,1,27,0,14,33,1,48,26,0,26,74
08/01/2009,MHK,KS,ACE,CE,Federal Contract Tower,0,13,6,9,28,0,0,21,3,24,0,13,27,12,52,8,14,22,74
08/02/2009,MHK,KS,ACE,CE,Federal Contract Tower,0,10,2,0,12,0,0,24,0,24,0,10,26,0,36,2,0,2,38
08/03/2009,MHK,KS,ACE,CE,Federal Contract Tower,0,12,6,2,20,0,0,22,2,24,0,12,28,4,44,0,0,0,44
08/04/2009,MHK,KS,ACE,CE,Federal Contract Tower,0,11,4,0,15,0,0,8,0,8,0,11,12,0,23,0,0,0,23
08/05/2009,MHK,KS,ACE,CE,Federal Contract Tower,0,14,13,0,27,0,0,14,0,14,0,14,27,0,41,38,0,38,79
08/06/2009,MHK,KS,ACE,CE,Federal Contract Tower,0,13,9,3,25,0,0,16,0,16,0,13,25,3,41,2,0,2,43
08/07/2009,MHK,KS,ACE,CE,Federal Contract Tower,0,12,11,2,25,0,0,23,0,23,0,12,34,2,48,20,0,20,68
08/08/2009,MHK,KS,ACE,CE,Federal Contract Tower,0,11,4,4,19,0,0,11,2,13,0,11,15,6,32,2,12,14,46
08/09/2009,MHK,KS,ACE,CE,Federal Contract Tower,0,9,5,0,14,0,0,12,0,12,0,9,17,0,26,2,0,2,28
08/10/2009,MHK,KS,ACE,CE,Federal Contract Tower,0,12,5,0,17,0,0,6,0,6,0,12,11,0,23,0,0,0,23
08/11/2009,MHK,KS,ACE,CE,Federal Contract Tower,0,15,4,0,19,0,1,32,3,36,0,16,36,3,55,0,16,16,71
08/12/2009,MHK,KS,ACE,CE,Federal Contract Tower,0,14,10,0,24,0,0,22,0,22,0,14,32,0,46,14,0,14,60
08/13/2009,MHK,KS,ACE,CE,Federal Contract Tower,0,10,4,0,14,0,0,19,0,19,0,10,23,0,33,2,0,2,35
08/14/2009,MHK,KS,ACE,CE,Federal Contract Tower,0,14,7,0,21,0,0,28,1,29,0,14,35,1,50,38,0,38,88
08/15/2009,MHK,KS,ACE,CE,Federal Contract Tower,0,10,2,2,14,0,0,10,0,10,0,10,12,2,24,8,0,8,32
08/16/2009,MHK,KS,ACE,CE,Federal Contract Tower,0,14,4,0,18,0,1,18,1,20,0,15,22,1,38,30,0,30,68
08/17/2009,MHK,KS,ACE,CE,Federal Contract Tower,0,8,7,0,15,0,0,7,2,9,0,8,14,2,24,0,2,2,26
08/18/2009,MHK,KS,ACE,CE,Federal Contract Tower,0,13,7,0,20,0,0,15,0,15,0,13,22,0,35,34,0,34,69
08/19/2009,MHK,KS,ACE,CE,Federal Contract Tower,0,15,9,0,24,0,0,12,2,14,0,15,21,2,38,20,0,20,58
08/20/2009,MHK,KS,ACE,CE,Federal Contract Tower,0,14,8,0,22,0,0,18,2,20,0,14,26,2,42,12,0,12,54
08/21/2009,MHK,KS,ACE,CE,Federal Contract Tower,0,13,9,0,22,0,0,14,0,14,0,13,23,0,36,8,0,8,44
08/22/2009,MHK,KS,ACE,CE,Federal Contract Tower,0,15,6,0,21,0,0,24,0,24,0,15,30,0,45,4,0,4,49
08/23/2009,MHK,KS,ACE,CE,Federal Contract Tower,0,12,8,0,20,0,0,17,0,17,0,12,25,0,37,18,0,18,55
08/24/2009,MHK,KS,ACE,CE,Federal Contract Tower,0,12,0,0,12,0,0,19,0,19,0,12,19,0,31,10,0,10,41
08/25/2009,MHK,KS,ACE,CE,Federal Contract Tower,0,13,8,0,21,0,0,12,0,12,0,13,20,0,33,20,0,20,53
08/26/2009,MHK,KS,ACE,CE,Federal Contract Tower,0,15,6,0,21,0,0,1,0,1,0,15,7,0,22,4,0,4,26
08/27/2009,MHK,KS,ACE,CE,Federal Contract Tower,0,18,9,0,27,0,0,3,0,3,0,18,12,0,30,14,0,14,44
08/28/2009,MHK,KS,ACE,CE,Federal Contract Tower,0,12,6,1,19,0,0,20,10,30,0,12,26,11,49,10,2,12,61
08/29/2009,MHK,KS,ACE,CE,Federal Contract Tower,0,14,8,2,24,0,0,33,0,33,0,14,41,2,57,50,0,50,107
08/30/2009,MHK,KS,ACE,CE,Federal Contract Tower,0,16,4,2,22,0,0,40,0,40,0,16,44,2,62,38,0,38,100
08/31/2009,MHK,KS,ACE,CE,Federal Contract Tower,0,14,2,2,18,0,0,20,4,24,0,14,22,6,42,34,0,34,76
09/01/2009,MHK,KS,ACE,CE,Federal Contract Tower,0,15,10,0,25,0,0,20,12,32,0,15,30,12,57,22,0,22,79
09/02/2009,MHK,KS,ACE,CE,Federal Contract Tower,0,16,6,2,24,0,0,27,8,35,0,16,33,10,59,18,4,22,81
09/03/2009,MHK,KS,ACE,CE,Federal Contract Tower,0,16,8,2,26,0,0,20,5,25,0,16,28,7,51,28,8,36,87
09/04/2009,MHK,KS,ACE,CE,Federal Contract Tower,0,17,24,0,41,0,0,21,0,21,0,17,45,0,62,10,0,10,72
09/05/2009,MHK,KS,ACE,CE,Federal Contract Tower,0,17,26,0,43,0,0,8,0,8,0,17,34,0,51,20,0,20,71
09/06/2009,MHK,KS,ACE,CE,Federal Contract Tower,0,13,13,0,26,0,0,10,0,10,0,13,23,0,36,0,0,0,36
09/07/2009,MHK,KS,ACE,CE,Federal Contract Tower,0,16,13,2,31,0,0,31,0,31,0,16,44,2,62,18,0,18,80
09/08/2009,MHK,KS,ACE,CE,Federal Contract Tower,2,16,8,0,26,0,1,0,12,13,2,17,8,12,39,14,0,14,53
09/09/2009,MHK,KS,ACE,CE,Federal Contract Tower,0,18,10,5,33,0,0,8,5,13,0,18,18,10,46,8,0,8,54
09/10/2009,MHK,KS,ACE,CE,Federal Contract Tower,0,15,5,8,28,0,0,4,2,6,0,15,9,10,34,6,6,12,46
09/11/2009,MHK,KS,ACE,CE,Federal Contract Tower,2,15,9,2,28,0,0,14,2,16,2,15,23,4,44,0,0,0,44
09/12/2009,MHK,KS,ACE,CE,Federal Contract Tower,0,13,5,0,18,0,0,14,0,14,0,13,19,0,32,16,0,16,48
09/13/2009,MHK,KS,ACE,CE,Federal Contract Tower,0,18,6,2,26,0,0,27,0,27,0,18,33,2,53,50,0,50,103
09/14/2009,MHK,KS,ACE,CE,Federal Contract Tower,0,15,4,0,19,0,0,16,2,18,0,15,20,2,37,28,2,30,67
09/15/2009,MHK,KS,ACE,CE,Federal Contract Tower,0,17,10,2,29,0,0,17,10,27,0,17,27,12,56,30,26,56,112
09/16/2009,MHK,KS,ACE,CE,Federal Contract Tower,0,19,15,1,35,0,0,13,0,13,0,19,28,1,48,16,10,26,74
09/17/2009,MHK,KS,ACE,CE,Federal Contract Tower,0,9,7,3,19,0,0,20,3,23,0,9,27,6,42,28,2,30,72
09/18/2009,MHK,KS,ACE,CE,Federal Contract Tower,2,16,20,0,38,0,0,33,0,33,2,16,53,0,71,18,0,18,89
09/19/2009,MHK,KS,ACE,CE,Federal Contract Tower,0,13,7,2,22,0,0,27,0,27,0,13,34,2,49,16,0,16,65
09/20/2009,MHK,KS,ACE,CE,Federal Contract Tower,0,14,6,0,20,0,0,22,0,22,0,14,28,0,42,16,0,16,58
09/21/2009,MHK,KS,ACE,CE,Federal Contract Tower,0,11,5,0,16,0,0,0,6,6,0,11,5,6,22,0,12,12,34
09/22/2009,MHK,KS,ACE,CE,Federal Contract Tower,0,16,11,0,27,0,0,18,5,23,0,16,29,5,50,42,10,52,102
09/23/2009,MHK,KS,ACE,CE,Federal Contract Tower,1,12,10,5,28,0,0,19,1,20,1,12,29,6,48,54,2,56,104
09/24/2009,MHK,KS,ACE,CE,Federal Contract Tower,0,14,11,5,30,0,0,22,0,22,0,14,33,5,52,38,0,38,90
09/25/2009,MHK,KS,ACE,CE,Federal Contract Tower,0,18,12,0,30,0,0,24,0,24,0,18,36,0,54,56,4,60,114
09/26/2009,MHK,KS,ACE,CE,Federal Contract Tower,0,14,22,0,36,0,0,40,2,42,0,14,62,2,78,26,0,26,104
09/27/2009,MHK,KS,ACE,CE,Federal Contract Tower,0,16,5,0,21,0,2,14,2,18,0,18,19,2,39,2,0,2,41
09/28/2009,MHK,KS,ACE,CE,Federal Contract Tower,0,14,3,1,18,0,0,16,2,18,0,14,19,3,36,10,2,12,48
09/29/2009,MHK,KS,ACE,CE,Federal Contract Tower,0,14,17,0,31,0,0,26,6,32,0,14,43,6,63,52,18,70,133
09/30/2009,MHK,KS,ACE,CE,Federal Contract Tower,0,18,13,2,33,0,0,8,2,10,0,18,21,4,43,0,14,14,57
10/01/2009,MHK,KS,ACE,CE,Federal Contract Tower,0,15,1,0,16,0,0,10,2,12,0,15,11,2,28,18,6,24,52
10/02/2009,MHK,KS,ACE,CE,Federal Contract Tower,0,10,5,0,15,0,0,3,0,3,0,10,8,0,18,0,0,0,18
10/03/2009,MHK,KS,ACE,CE,Federal Contract Tower,0,14,4,0,18,0,0,24,0,24,0,14,28,0,42,16,0,16,58
10/04/2009,MHK,KS,ACE,CE,Federal Contract Tower,0,15,9,0,24,0,0,25,0,25,0,15,34,0,49,26,0,26,75
10/05/2009,MHK,KS,ACE,CE,Federal Contract Tower,0,16,6,0,22,0,0,11,0,11,0,16,17,0,33,20,0,20,53
10/06/2009,MHK,KS,ACE,CE,Federal Contract Tower,0,20,7,0,27,0,2,15,1,18,0,22,22,1,45,2,10,12,57
10/07/2009,MHK,KS,ACE,CE,Federal Contract Tower,0,13,13,0,26,0,0,16,0,16,0,13,29,0,42,4,12,16,58
10/08/2009,MHK,KS,ACE,CE,Federal Contract Tower,0,21,10,2,33,0,0,2,0,2,0,21,12,2,35,12,0,12,47
10/09/2009,MHK,KS,ACE,CE,Federal Contract Tower,2,18,9,0,29,0,0,22,0,22,2,18,31,0,51,54,0,54,105
10/10/2009,MHK,KS,ACE,CE,Federal Contract Tower,0,13,6,0,19,0,0,2,0,2,0,13,8,0,21,0,0,0,21
10/11/2009,MHK,KS,ACE,CE,Federal Contract Tower,0,21,7,0,28,0,0,7,0,7,0,21,14,0,35,0,0,0,35
10/12/2009,MHK,KS,ACE,CE,Federal Contract Tower,0,15,16,0,31,0,0,4,0,4,0,15,20,0,35,18,0,18,53
10/13/2009,MHK,KS,ACE,CE,Federal Contract Tower,0,11,20,2,33,0,0,4,0,4,0,11,24,2,37,16,0,16,53
10/14/2009,MHK,KS,ACE,CE,Federal Contract Tower,0,10,15,4,29,0,0,0,1,1,0,10,15,5,30,0,0,0,30
10/15/2009,MHK,KS,ACE,CE,Federal Contract Tower,0,19,23,0,42,0,0,8,6,14,0,19,31,6,56,14,6,20,76
10/16/2009,MHK,KS,ACE,CE,Federal Contract Tower,2,15,11,0,28,0,3,43,0,46,2,18,54,0,74,48,2,50,124
10/17/2009,MHK,KS,ACE,CE,Federal Contract Tower,2,15,16,0,33,0,0,26,0,26,2,15,42,0,59,26,0,26,85
10/18/2009,MHK,KS,ACE,CE,Federal Contract Tower,0,15,9,0,24,0,4,19,0,23,0,19,28,0,47,0,0,0,47
10/19/2009,MHK,KS,ACE,CE,Federal Contract Tower,0,14,5,1,20,0,0,27,6,33,0,14,32,7,53,10,6,16,69
10/20/2009,MHK,KS,ACE,CE,Federal Contract Tower,0,17,13,0,30,0,0,23,8,31,0,17,36,8,61,34,26,60,121
10/21/2009,MHK,KS,ACE,CE,Federal Contract Tower,0,17,19,4,40,0,0,9,0,9,0,17,28,4,49,18,0,18,67
10/22/2009,MHK,KS,ACE,CE,Federal Contract Tower,0,12,10,1,23,0,0,0,1,1,0,12,10,2,24,0,4,4,28
10/23/2009,MHK,KS,ACE,CE,Federal Contract Tower,2,17,14,4,37,0,0,6,0,6,2,17,20,4,43,0,0,0,43
10/24/2009,MHK,KS,ACE,CE,Federal Contract Tower,2,13,23,0,38,0,0,38,0,38,2,13,61,0,76,50,0,50,126
10/25/2009,MHK,KS,ACE,CE,Federal Contract Tower,0,17,3,2,22,0,0,15,0,15,0,17,18,2,37,20,0,20,57
10/26/2009,MHK,KS,ACE,CE,Federal Contract Tower,0,19,7,2,28,0,0,34,6,40,0,19,41,8,68,80,30,110,178
10/27/2009,MHK,KS,ACE,CE,Federal Contract Tower,0,19,9,6,34,0,0,31,0,31,0,19,40,6,65,38,18,56,121
10/28/2009,MHK,KS,ACE,CE,Federal Contract Tower,0,18,2,4,24,0,0,4,6,10,0,18,6,10,34,2,12,14,48
10/29/2009,MHK,KS,ACE,CE,Federal Contract Tower,0,12,3,0,15,0,0,0,0,0,0,12,3,0,15,0,0,0,15
10/30/2009,MHK,KS,ACE,CE,Federal Contract Tower,0,18,25,0,43,0,0,13,0,13,0,18,38,0,56,4,4,8,64
10/31/2009,MHK,KS,ACE,CE,Federal Contract Tower,0,17,1,2,20,0,0,60,0,60,0,17,61,2,80,56,0,56,136
11/01/2009,MHK,KS,ACE,CE,Federal Contract Tower,0,17,6,0,23,0,0,27,0,27,0,17,33,0,50,18,0,18,68
11/02/2009,MHK,KS,ACE,CE,Federal Contract Tower,0,15,2,5,22,0,0,27,1,28,0,15,29,6,50,46,8,54,104
11/03/2009,MHK,KS,ACE,CE,Federal Contract Tower,0,17,7,6,30,0,0,11,3,14,0,17,18,9,44,32,18,50,94
11/04/2009,MHK,KS,ACE,CE,Federal Contract Tower,0,19,9,3,31,0,0,28,0,28,0,19,37,3,59,26,10,36,95
11/05/2009,MHK,KS,ACE,CE,Federal Contract Tower,0,16,6,5,27,0,0,29,2,31,0,16,35,7,58,16,4,20,78
11/06/2009,MHK,KS,ACE,CE,Federal Contract Tower,0,19,15,1,35,0,0,26,1,27,0,19,41,2,62,18,4,22,84
11/07/2009,MHK,KS,ACE,CE,Federal Contract Tower,0,13,15,0,28,0,0,62,8,70,0,13,77,8,98,44,0,44,142
11/08/2009,MHK,KS,ACE,CE,Federal Contract Tower,0,15,8,4,27,0,0,26,0,26,0,15,34,4,53,16,0,16,69
11/09/2009,MHK,KS,ACE,CE,Federal Contract Tower,0,16,7,0,23,0,0,15,0,15,0,16,22,0,38,36,0,36,74
11/10/2009,MHK,KS,ACE,CE,Federal Contract Tower,0,17,1,4,22,0,0,29,1,30,0,17,30,5,52,102,0,102,154
11/11/2009,MHK,KS,ACE,CE,Federal Contract Tower,0,13,3,0,16,0,1,20,4,25,0,14,23,4,41,40,20,60,101
11/12/2009,MHK,KS,ACE,CE,Federal Contract Tower,0,16,18,1,35,0,0,11,3,14,0,16,29,4,49,10,0,10,59
11/13/2009,MHK,KS,ACE,CE,Federal Contract Tower,2,14,6,0,22,0,0,25,2,27,2,14,31,2,49,22,0,22,71
11/14/2009,MHK,KS,ACE,CE,Federal Contract Tower,0,18,31,0,49,0,0,14,0,14,0,18,45,0,63,42,0,42,105
11/15/2009,MHK,KS,ACE,CE,Federal Contract Tower,0,15,5,0,20,0,0,7,0,7,0,15,12,0,27,4,0,4,31
11/16/2009,MHK,KS,ACE,CE,Federal Contract Tower,0,16,6,0,22,0,0,0,0,0,0,16,6,0,22,0,0,0,22
11/17/2009,MHK,KS,ACE,CE,Federal Contract Tower,1,18,9,2,30,0,0,13,2,15,1,18,22,4,45,2,8,10,55
11/18/2009,MHK,KS,ACE,CE,Federal Contract Tower,0,18,11,4,33,0,0,30,0,30,0,18,41,4,63,94,8,102,165
11/19/2009,MHK,KS,ACE,CE,Federal Contract Tower,0,14,5,0,19,0,0,49,2,51,0,14,54,2,70,64,2,66,136
11/20/2009,MHK,KS,ACE,CE,Federal Contract Tower,0,12,10,0,22,0,0,31,0,31,0,12,41,0,53,34,8,42,95
11/21/2009,MHK,KS,ACE,CE,Federal Contract Tower,0,17,6,2,25,0,0,25,0,25,0,17,31,2,50,58,0,58,108
11/22/2009,MHK,KS,ACE,CE,Federal Contract Tower,0,17,4,2,23,0,0,57,0,57,0,17,61,2,80,120,0,120,200
11/23/2009,MHK,KS,ACE,CE,Federal Contract Tower,1,15,11,4,31,0,0,10,1,11,1,15,21,5,42,32,14,46,88
11/24/2009,MHK,KS,ACE,CE,Federal Contract Tower,0,15,5,6,26,0,0,10,2,12,0,15,15,8,38,10,26,36,74
11/25/2009,MHK,KS,ACE,CE,Federal Contract Tower,0,19,11,0,30,0,0,10,3,13,0,19,21,3,43,14,14,28,71
11/26/2009,MHK,KS,ACE,CE,Federal Contract Tower,0,14,4,2,20,0,0,19,0,19,0,14,23,2,39,8,0,8,47
11/27/2009,MHK,KS,ACE,CE,Federal Contract Tower,0,16,4,0,20,0,2,45,0,47,0,18,49,0,67,64,0,64,131
11/28/2009,MHK,KS,ACE,CE,Federal Contract Tower,0,15,4,1,20,0,0,41,0,41,0,15,45,1,61,38,0,38,99
11/29/2009,MHK,KS,ACE,CE,Federal Contract Tower,0,15,6,1,22,0,0,11,0,11,0,15,17,1,33,12,0,12,45
11/30/2009,MHK,KS,ACE,CE,Federal Contract Tower,0,12,3,2,17,0,0,15,0,15,0,12,18,2,32,66,4,70,102
12/01/2009,MHK,KS,ACE,CE,Federal Contract Tower,0,10,8,0,18,0,0,32,0,32,0,10,40,0,50,28,24,52,102
12/02/2009,MHK,KS,ACE,CE,Federal Contract Tower,0,11,7,0,18,0,0,16,5,21,0,11,23,5,39,18,40,58,97
12/03/2009,MHK,KS,ACE,CE,Federal Contract Tower,0,12,3,2,17,0,0,31,5,36,0,12,34,7,53,56,26,82,135
12/04/2009,MHK,KS,ACE,CE,Federal Contract Tower,0,14,4,2,20,0,3,37,4,44,0,17,41,6,64,42,2,44,108
12/05/2009,MHK,KS,ACE,CE,Federal Contract Tower,0,12,2,2,16,0,0,42,0,42,0,12,44,2,58,92,0,92,150
12/06/2009,MHK,KS,ACE,CE,Federal Contract Tower,0,9,9,0,18,0,0,22,0,22,0,9,31,0,40,60,0,60,100
12/07/2009,MHK,KS,ACE,CE,Federal Contract Tower,4,14,5,1,24,0,0,11,2,13,4,14,16,3,37,18,32,50,87
12/08/2009,MHK,KS,ACE,CE,Federal Contract Tower,0,9,2,0,11,0,0,0,0,0,0,9,2,0,11,0,0,0,11
12/09/2009,MHK,KS,ACE,CE,Federal Contract Tower,0,7,0,2,9,0,0,0,0,0,0,7,0,2,9,0,0,0,9
12/10/2009,MHK,KS,ACE,CE,Federal Contract Tower,0,13,7,0,20,0,2,23,16,41,0,15,30,16,61,48,18,66,127
12/11/2009,MHK,KS,ACE,CE,Federal Contract Tower,0,13,9,1,23,0,0,32,2,34,0,13,41,3,57,58,2,60,117
12/12/2009,MHK,KS,ACE,CE,Federal Contract Tower,0,8,6,0,14,0,0,8,2,10,0,8,14,2,24,20,0,20,44
12/13/2009,MHK,KS,ACE,CE,Federal Contract Tower,0,10,12,2,24,0,0,0,0,0,0,10,12,2,24,0,0,0,24
12/14/2009,MHK,KS,ACE,CE,Federal Contract Tower,0,12,9,4,25,0,0,20,4,24,0,12,29,8,49,78,78,156,205
12/15/2009,MHK,KS,ACE,CE,Federal Contract Tower,0,15,4,2,21,0,0,20,4,24,0,15,24,6,45,38,80,118,163
12/16/2009,MHK,KS,ACE,CE,Federal Contract Tower,4,10,6,2,22,0,0,23,0,23,4,10,29,2,45,44,36,80,125
12/17/2009,MHK,KS,ACE,CE,Federal Contract Tower,0,12,10,2,24,0,0,33,20,53,0,12,43,22,77,44,86,130,207
12/18/2009,MHK,KS,ACE,CE,Federal Contract Tower,0,16,11,0,27,0,0,16,0,16,0,16,27,0,43,46,0,46,89
12/19/2009,MHK,KS,ACE,CE,Federal Contract Tower,0,10,5,3,18,0,0,17,0,17,0,10,22,3,35,86,0,86,121
12/20/2009,MHK,KS,ACE,CE,Federal Contract Tower,0,10,0,6,16,0,0,26,0,26,0,10,26,6,42,48,0,48,90
12/21/2009,MHK,KS,ACE,CE,Federal Contract Tower,0,11,2,0,13,0,0,30,0,30,0,11,32,0,43,108,0,108,151
12/22/2009,MHK,KS,ACE,CE,Federal Contract Tower,0,11,9,4,24,0,0,1,0,1,0,11,10,4,25,0,0,0,25
12/23/2009,MHK,KS,ACE,CE,Federal Contract Tower,0,10,2,0,12,0,0,0,0,0,0,10,2,0,12,0,0,0,12
12/24/2009,MHK,KS,ACE,CE,Federal Contract Tower,0,7,0,0,7,0,0,0,0,0,0,7,0,0,7,0,0,0,7
12/25/2009,MHK,KS,ACE,CE,Federal Contract Tower,0,2,1,0,3,0,0,0,0,0,0,2,1,0,3,0,0,0,3
12/26/2009,MHK,KS,ACE,CE,Federal Contract Tower,0,6,2,2,10,0,0,0,0,0,0,6,2,2,10,0,0,0,10
12/27/2009,MHK,KS,ACE,CE,Federal Contract Tower,0,11,3,0,14,0,0,6,0,6,0,11,9,0,20,26,0,26,46
12/28/2009,MHK,KS,ACE,CE,Federal Contract Tower,0,10,2,0,12,0,0,16,0,16,0,10,18,0,28,46,0,46,74
12/29/2009,MHK,KS,ACE,CE,Federal Contract Tower,0,6,8,2,16,0,0,9,0,9,0,6,17,2,25,32,0,32,57
12/30/2009,MHK,KS,ACE,CE,Federal Contract Tower,0,10,0,0,10,0,0,0,0,0,0,10,0,0,10,0,0,0,10
12/31/2009,MHK,KS,ACE,CE,Federal Contract Tower,1,10,3,0,14,0,0,37,0,37,1,10,40,0,51,44,0,44,95
01/01/2010,MHK,KS,ACE,CE,Federal Contract Tower,1,10,3,0,14,0,0,5,0,5,1,10,8,0,19,10,0,10,29
01/02/2010,MHK,KS,ACE,CE,Federal Contract Tower,0,13,1,0,14,0,0,17,0,17,0,13,18,0,31,42,0,42,73
01/03/2010,MHK,KS,ACE,CE,Federal Contract Tower,0,14,2,0,16,0,0,4,0,4,0,14,6,0,20,0,0,0,20
01/04/2010,MHK,KS,ACE,CE,Federal Contract Tower,0,9,0,0,9,0,0,9,10,19,0,9,9,10,28,16,6,22,50
01/05/2010,MHK,KS,ACE,CE,Federal Contract Tower,0,12,14,0,26,0,0,15,2,17,0,12,29,2,43,8,40,48,91
01/06/2010,MHK,KS,ACE,CE,Federal Contract Tower,0,6,1,0,7,0,0,4,0,4,0,6,5,0,11,8,0,8,19
01/07/2010,MHK,KS,ACE,CE,Federal Contract Tower,0,8,3,2,13,0,0,0,4,4,0,8,3,6,17,0,12,12,29
01/08/2010,MHK,KS,ACE,CE,Federal Contract Tower,0,14,8,6,28,0,0,7,8,15,0,14,15,14,43,4,16,20,63
01/09/2010,MHK,KS,ACE,CE,Federal Contract Tower,0,11,5,0,16,0,0,18,0,18,0,11,23,0,34,18,0,18,52
01/10/2010,MHK,KS,ACE,CE,Federal Contract Tower,0,10,1,0,11,0,0,36,1,37,0,10,37,1,48,56,0,56,104
01/11/2010,MHK,KS,ACE,CE,Federal Contract Tower,1,11,8,0,20,0,0,5,3,8,1,11,13,3,28,4,2,6,34
01/12/2010,MHK,KS,ACE,CE,Federal Contract Tower,0,12,17,7,36,0,0,1,0,1,0,12,18,7,37,0,0,0,37
01/13/2010,MHK,KS,ACE,CE,Federal Contract Tower,0,11,17,11,39,0,0,16,4,20,0,11,33,15,59,6,2,8,67
01/14/2010,MHK,KS,ACE,CE,Federal Contract Tower,0,14,5,3,22,0,0,13,8,21,0,14,18,11,43,16,20,36,79
01/15/2010,MHK,KS,ACE,CE,Federal Contract Tower,0,14,6,0,20,0,0,12,0,12,0,14,18,0,32,6,0,6,38
01/16/2010,MHK,KS,ACE,CE,Federal Contract Tower,0,3,3,2,8,0,0,0,0,0,0,3,3,2,8,0,0,0,8
01/17/2010,MHK,KS,ACE,CE,Federal Contract Tower,1,3,5,0,9,0,0,37,0,37,1,3,42,0,46,140,0,140,186
01/18/2010,MHK,KS,ACE,CE,Federal Contract Tower,2,6,14,0,22,0,0,0,0,0,2,6,14,0,22,0,0,0,22
01/19/2010,MHK,KS,ACE,CE,Federal Contract Tower,0,4,2,0,6,0,0,0,0,0,0,4,2,0,6,0,0,0,6
01/20/2010,MHK,KS,ACE,CE,Federal Contract Tower,0,12,15,8,35,0,0,1,0,1,0,12,16,8,36,0,0,0,36
01/21/2010,MHK,KS,ACE,CE,Federal Contract Tower,0,10,8,2,20,0,0,0,0,0,0,10,8,2,20,0,0,0,20
01/22/2010,MHK,KS,ACE,CE,Federal Contract Tower,0,12,8,6,26,0,0,2,0,2,0,12,10,6,28,8,2,10,38
01/23/2010,MHK,KS,ACE,CE,Federal Contract Tower,0,11,8,3,22,0,0,18,6,24,0,11,26,9,46,28,0,28,74
01/24/2010,MHK,KS,ACE,CE,Federal Contract Tower,0,11,1,0,12,0,0,15,0,15,0,11,16,0,27,26,0,26,53
01/25/2010,MHK,KS,ACE,CE,Federal Contract Tower,0,17,3,0,20,0,0,6,0,6,0,17,9,0,26,0,6,6,32
01/26/2010,MHK,KS,ACE,CE,Federal Contract Tower,0,9,12,0,21,0,0,36,0,36,0,9,48,0,57,44,2,46,103
01/27/2010,MHK,KS,ACE,CE,Federal Contract Tower,0,12,13,2,27,0,0,26,2,28,0,12,39,4,55,68,2,70,125
01/28/2010,MHK,KS,ACE,CE,Federal Contract Tower,0,14,8,0,22,0,0,10,0,10,0,14,18,0,32,16,0,16,48
01/29/2010,MHK,KS,ACE,CE,Federal Contract Tower,0,10,3,0,13,0,0,15,0,15,0,10,18,0,28,46,2,48,76
01/30/2010,MHK,KS,ACE,CE,Federal Contract Tower,0,11,15,0,26,0,0,33,0,33,0,11,48,0,59,30,0,30,89
01/31/2010,MHK,KS,ACE,CE,Federal Contract Tower,0,15,5,0,20,0,0,24,0,24,0,15,29,0,44,50,0,50,94
02/01/2010,MHK,KS,ACE,CE,Federal Contract Tower,0,11,3,0,14,0,0,0,0,0,0,11,3,0,14,0,0,0,14
02/02/2010,MHK,KS,ACE,CE,Federal Contract Tower,0,14,5,0,19,0,1,20,0,21,0,15,25,0,40,24,0,24,64
02/03/2010,MHK,KS,ACE,CE,Federal Contract Tower,0,16,5,2,23,0,2,11,1,14,0,18,16,3,37,44,0,44,81
02/04/2010,MHK,KS,ACE,CE,Federal Contract Tower,0,11,3,1,15,0,0,2,1,3,0,11,5,2,18,0,0,0,18
02/05/2010,MHK,KS,ACE,CE,Federal Contract Tower,0,12,3,0,15,0,0,0,0,0,0,12,3,0,15,0,0,0,15
02/06/2010,MHK,KS,ACE,CE,Federal Contract Tower,0,10,4,0,14,0,0,6,0,6,0,10,10,0,20,10,0,10,30
02/07/2010,MHK,KS,ACE,CE,Federal Contract Tower,0,5,0,2,7,0,0,0,0,0,0,5,0,2,7,0,0,0,7
02/08/2010,MHK,KS,ACE,CE,Federal Contract Tower,0,7,2,2,11,0,0,4,0,4,0,7,6,2,15,12,0,12,27
02/09/2010,MHK,KS,ACE,CE,Federal Contract Tower,0,7,5,2,14,0,0,6,0,6,0,7,11,2,20,2,0,2,22
02/10/2010,MHK,KS,ACE,CE,Federal Contract Tower,0,12,3,6,21,0,0,25,7,32,0,12,28,13,53,80,8,88,141
02/11/2010,MHK,KS,ACE,CE,Federal Contract Tower,0,13,11,4,28,0,0,18,5,23,0,13,29,9,51,50,0,50,101
02/12/2010,MHK,KS,ACE,CE,Federal Contract Tower,0,13,6,2,21,0,0,28,0,28,0,13,34,2,49,54,0,54,103
02/13/2010,MHK,KS,ACE,CE,Federal Contract Tower,0,12,14,2,28,0,0,0,0,0,0,12,14,2,28,0,0,0,28
02/14/2010,MHK,KS,ACE,CE,Federal Contract Tower,0,7,2,0,9,0,0,1,0,1,0,7,3,0,10,0,0,0,10
02/15/2010,MHK,KS,ACE,CE,Federal Contract Tower,0,11,4,2,17,0,0,6,0,6,0,11,10,2,23,8,0,8,31
02/16/2010,MHK,KS,ACE,CE,Federal Contract Tower,0,12,6,0,18,0,0,15,0,15,0,12,21,0,33,8,0,8,41
02/17/2010,MHK,KS,ACE,CE,Federal Contract Tower,0,11,7,0,18,0,0,37,6,43,0,11,44,6,61,56,0,56,117
02/18/2010,MHK,KS,ACE,CE,Federal Contract Tower,0,13,5,2,20,0,2,40,0,42,0,15,45,2,62,66,0,66,128
02/19/2010,MHK,KS,ACE,CE,Federal Contract Tower,0,11,2,1,14,0,0,1,0,1,0,11,3,1,15,2,0,2,17
02/20/2010,MHK,KS,ACE,CE,Federal Contract Tower,0,9,0,1,10,0,0,0,0,0,0,9,0,1,10,0,0,0,10
02/21/2010,MHK,KS,ACE,CE,Federal Contract Tower,0,9,0,0,9,0,0,2,0,2,0,9,2,0,11,0,0,0,11
02/22/2010,MHK,KS,ACE,CE,Federal Contract Tower,0,12,4,0,16,0,0,15,2,17,0,12,19,2,33,40,0,40,73
02/23/2010,MHK,KS,ACE,CE,Federal Contract Tower,0,10,9,0,19,0,0,13,0,13,0,10,22,0,32,8,0,8,40
02/24/2010,MHK,KS,ACE,CE,Federal Contract Tower,0,11,2,2,15,0,0,34,0,34,0,11,36,2,49,78,0,78,127
02/25/2010,MHK,KS,ACE,CE,Federal Contract Tower,0,10,5,3,18,0,0,23,3,26,0,10,28,6,44,20,2,22,66
02/26/2010,MHK,KS,ACE,CE,Federal Contract Tower,0,15,3,0,18,0,0,24,0,24,0,15,27,0,42,24,0,24,66
02/27/2010,MHK,KS,ACE,CE,Federal Contract Tower,0,13,9,0,22,0,0,33,0,33,0,13,42,0,55,30,0,30,85
02/28/2010,MHK,KS,ACE,CE,Federal Contract Tower,0,8,4,0,12,0,0,16,0,16,0,8,20,0,28,18,0,18,46
03/01/2010,MHK,KS,ACE,CE,Federal Contract Tower,0,11,6,2,19,0,0,10,10,20,0,11,16,12,39,14,0,14,53
03/02/2010,MHK,KS,ACE,CE,Federal Contract Tower,0,14,4,0,18,0,0,20,10,30,0,14,24,10,48,72,20,92,140
03/03/2010,MHK,KS,ACE,CE,Federal Contract Tower,0,14,6,3,23,0,0,20,9,29,0,14,26,12,52,44,6,50,102
03/04/2010,MHK,KS,ACE,CE,Federal Contract Tower,0,15,6,1,22,0,0,13,0,13,0,15,19,1,35,22,0,22,57
03/05/2010,MHK,KS,ACE,CE,Federal Contract Tower,0,13,7,2,22,0,0,22,0,22,0,13,29,2,44,26,0,26,70
03/06/2010,MHK,KS,ACE,CE,Federal Contract Tower,0,11,11,0,22,0,0,28,0,28,0,11,39,0,50,42,0,42,92
03/07/2010,MHK,KS,ACE,CE,Federal Contract Tower,0,9,4,0,13,0,0,37,0,37,0,9,41,0,50,50,0,50,100
03/08/2010,MHK,KS,ACE,CE,Federal Contract Tower,2,8,4,0,14,0,0,6,0,6,2,8,10,0,20,14,0,14,34
03/09/2010,MHK,KS,ACE,CE,Federal Contract Tower,0,12,6,2,20,0,0,1,0,1,0,12,7,2,21,0,0,0,21
03/10/2010,MHK,KS,ACE,CE,Federal Contract Tower,0,13,4,0,17,0,1,16,0,17,0,14,20,0,34,20,0,20,54
03/11/2010,MHK,KS,ACE,CE,Federal Contract Tower,0,15,10,0,25,0,0,1,0,1,0,15,11,0,26,0,0,0,26
03/12/2010,MHK,KS,ACE,CE,Federal Contract Tower,0,8,3,0,11,0,0,1,0,1,0,8,4,0,12,0,0,0,12
03/13/2010,MHK,KS,ACE,CE,Federal Contract Tower,0,8,10,4,22,0,1,6,0,7,0,9,16,4,29,4,0,4,33
03/14/2010,MHK,KS,ACE,CE,Federal Contract Tower,0,10,1,0,11,0,0,2,0,2,0,10,3,0,13,0,0,0,13
03/15/2010,MHK,KS,ACE,CE,Federal Contract Tower,0,13,12,2,27,0,0,2,0,2,0,13,14,2,29,0,0,0,29
03/16/2010,MHK,KS,ACE,CE,Federal Contract Tower,0,13,13,2,28,0,0,0,0,0,0,13,13,2,28,0,0,0,28
03/17/2010,MHK,KS,ACE,CE,Federal Contract Tower,0,12,10,1,23,0,0,9,0,9,0,12,19,1,32,24,0,24,56
03/18/2010,MHK,KS,ACE,CE,Federal Contract Tower,0,10,8,2,20,0,0,27,1,28,0,10,35,3,48,46,0,46,94
03/19/2010,MHK,KS,ACE,CE,Federal Contract Tower,0,9,7,0,16,0,0,5,0,5,0,9,12,0,21,0,0,0,21
03/20/2010,MHK,KS,ACE,CE,Federal Contract Tower,0,8,2,2,12,0,0,7,0,7,0,8,9,2,19,6,0,6,25
03/21/2010,MHK,KS,ACE,CE,Federal Contract Tower,0,9,3,4,16,0,0,4,0,4,0,9,7,4,20,6,0,6,26
03/22/2010,MHK,KS,ACE,CE,Federal Contract Tower,0,10,2,2,14,0,0,21,0,21,0,10,23,2,35,58,0,58,93
03/23/2010,MHK,KS,ACE,CE,Federal Contract Tower,2,15,13,0,30,0,0,15,0,15,2,15,28,0,45,38,0,38,83
03/24/2010,MHK,KS,ACE,CE,Federal Contract Tower,0,8,7,0,15,0,0,0,0,0,0,8,7,0,15,0,0,0,15
03/25/2010,MHK,KS,ACE,CE,Federal Contract Tower,0,11,4,0,15,0,0,19,0,19,0,11,23,0,34,12,0,12,46
03/26/2010,MHK,KS,ACE,CE,Federal Contract Tower,0,13,4,0,17,0,0,8,0,8,0,13,12,0,25,12,0,12,37
03/27/2010,MHK,KS,ACE,CE,Federal Contract Tower,0,8,0,0,8,0,0,1,0,1,0,8,1,0,9,0,0,0,9
03/28/2010,MHK,KS,ACE,CE,Federal Contract Tower,0,13,2,1,16,0,0,6,0,6,0,13,8,1,22,4,0,4,26
03/29/2010,MHK,KS,ACE,CE,Federal Contract Tower,0,11,4,0,15,0,2,20,0,22,0,13,24,0,37,42,0,42,79
03/30/2010,MHK,KS,ACE,CE,Federal Contract Tower,0,13,9,0,22,0,0,11,0,11,0,13,20,0,33,0,0,0,33
03/31/2010,MHK,KS,ACE,CE,Federal Contract Tower,0,9,10,2,21,0,0,24,1,25,0,9,34,3,46,38,2,40,86
04/01/2010,MHK,KS,ACE,CE,Federal Contract Tower,0,13,11,0,24,0,2,6,1,9,0,15,17,1,33,0,0,0,33
04/02/2010,MHK,KS,ACE,CE,Federal Contract Tower,0,10,7,0,17,0,0,17,2,19,0,10,24,2,36,52,0,52,88
04/03/2010,MHK,KS,ACE,CE,Federal Contract Tower,0,11,7,0,18,0,0,31,0,31,0,11,38,0,49,8,0,8,57
04/04/2010,MHK,KS,ACE,CE,Federal Contract Tower,0,12,12,0,24,0,0,26,0,26,0,12,38,0,50,6,0,6,56
04/05/2010,MHK,KS,ACE,CE,Federal Contract Tower,0,9,4,2,15,0,0,5,0,5,0,9,9,2,20,8,0,8,28
04/06/2010,MHK,KS,ACE,CE,Federal Contract Tower,0,12,3,5,20,0,0,2,0,2,0,12,5,5,22,2,0,2,24
04/07/2010,MHK,KS,ACE,CE,Federal Contract Tower,0,6,6,0,12,0,0,6,2,8,0,6,12,2,20,18,0,18,38
04/08/2010,MHK,KS,ACE,CE,Federal Contract Tower,0,8,8,2,18,0,0,28,0,28,0,8,36,2,46,28,0,28,74
04/09/2010,MHK,KS,ACE,CE,Federal Contract Tower,0,8,7,1,16,0,0,31,0,31,0,8,38,1,47,20,0,20,67
04/10/2010,MHK,KS,ACE,CE,Federal Contract Tower,0,6,3,2,11,0,9,25,0,34,0,15,28,2,45,22,0,22,67
04/11/2010,MHK,KS,ACE,CE,Federal Contract Tower,0,6,1,0,7,0,0,32,2,34,0,6,33,2,41,40,0,40,81
04/12/2010,MHK,KS,ACE,CE,Federal Contract Tower,0,7,10,0,17,0,0,15,0,15,0,7,25,0,32,6,0,6,38
04/13/2010,MHK,KS,ACE,CE,Federal Contract Tower,0,9,13,0,22,0,0,5,0,5,0,9,18,0,27,0,0,0,27
04/14/2010,MHK,KS,ACE,CE,Federal Contract Tower,0,5,2,0,7,0,0,9,0,9,0,5,11,0,16,6,0,6,22
04/15/2010,MHK,KS,ACE,CE,Federal Contract Tower,0,10,13,0,23,0,0,23,0,23,0,10,36,0,46,6,0,6,52
04/16/2010,MHK,KS,ACE,CE,Federal Contract Tower,0,9,15,0,24,0,0,13,2,15,0,9,28,2,39,12,0,12,51
04/17/2010,MHK,KS,ACE,CE,Federal Contract Tower,0,11,4,0,15,0,0,45,0,45,0,11,49,0,60,24,0,24,84
04/18/2010,MHK,KS,ACE,CE,Federal Contract Tower,0,7,6,0,13,0,3,24,1,28,0,10,30,1,41,52,0,52,93
04/19/2010,MHK,KS,ACE,CE,Federal Contract Tower,0,8,2,2,12,0,0,33,0,33,0,8,35,2,45,42,0,42,87
04/20/2010,MHK,KS,ACE,CE,Federal Contract Tower,0,11,8,0,19,0,0,17,0,17,0,11,25,0,36,46,0,46,82
04/21/2010,MHK,KS,ACE,CE,Federal Contract Tower,0,6,11,0,17,0,0,16,0,16,0,6,27,0,33,46,0,46,79
04/22/2010,MHK,KS,ACE,CE,Federal Contract Tower,0,8,10,2,20,0,0,0,0,0,0,8,10,2,20,0,0,0,20
04/23/2010,MHK,KS,ACE,CE,Federal Contract Tower,0,9,8,1,18,0,0,8,0,8,0,9,16,1,26,2,0,2,28
04/24/2010,MHK,KS,ACE,CE,Federal Contract Tower,0,8,3,0,11,0,0,22,0,22,0,8,25,0,33,32,0,32,65
04/25/2010,MHK,KS,ACE,CE,Federal Contract Tower,0,6,8,0,14,0,2,5,0,7,0,8,13,0,21,0,0,0,21
04/26/2010,MHK,KS,ACE,CE,Federal Contract Tower,0,10,6,2,18,0,0,14,0,14,0,10,20,2,32,0,0,0,32
04/27/2010,MHK,KS,ACE,CE,Federal Contract Tower,0,5,14,2,21,0,2,22,0,24,0,7,36,2,45,4,2,6,51
04/28/2010,MHK,KS,ACE,CE,Federal Contract Tower,0,9,5,0,14,0,1,8,0,9,0,10,13,0,23,4,0,4,27
04/29/2010,MHK,KS,ACE,CE,Federal Contract Tower,0,6,8,1,15,0,0,4,1,5,0,6,12,2,20,0,2,2,22
04/30/2010,MHK,KS,ACE,CE,Federal Contract Tower,0,7,7,0,14,0,0,7,0,7,0,7,14,0,21,18,0,18,39
05/01/2010,MHK,KS,ACE,CE,Federal Contract Tower,0,7,6,2,15,0,0,35,0,35,0,7,41,2,50,42,0,42,92
05/02/2010,MHK,KS,ACE,CE,Federal Contract Tower,0,7,5,0,12,0,0,23,0,23,0,7,28,0,35,16,0,16,51
05/03/2010,MHK,KS,ACE,CE,Federal Contract Tower,0,9,4,2,15,0,0,20,0,20,0,9,24,2,35,52,0,52,87
05/04/2010,MHK,KS,ACE,CE,Federal Contract Tower,0,5,9,0,14,0,0,13,0,13,0,5,22,0,27,20,0,20,47
05/05/2010,MHK,KS,ACE,CE,Federal Contract Tower,0,7,6,2,15,0,0,24,0,24,0,7,30,2,39,22,0,22,61
05/06/2010,MHK,KS,ACE,CE,Federal Contract Tower,0,12,2,0,14,0,0,8,0,8,0,12,10,0,22,0,0,0,22
05/07/2010,MHK,KS,ACE,CE,Federal Contract Tower,0,11,8,0,19,0,0,4,0,4,0,11,12,0,23,2,0,2,25
05/08/2010,MHK,KS,ACE,CE,Federal Contract Tower,0,7,10,4,21,0,0,18,0,18,0,7,28,4,39,20,0,20,59
05/09/2010,MHK,KS,ACE,CE,Federal Contract Tower,0,7,3,0,10,0,0,8,0,8,0,7,11,0,18,40,0,40,58
05/10/2010,MHK,KS,ACE,CE,Federal Contract Tower,0,5,1,0,6,0,0,1,0,1,0,5,2,0,7,0,0,0,7
05/11/2010,MHK,KS,ACE,CE,Federal Contract Tower,0,11,11,2,24,0,2,26,0,28,0,13,37,2,52,50,0,50,102
05/12/2010,MHK,KS,ACE,CE,Federal Contract Tower,0,11,5,0,16,0,0,0,0,0,0,11,5,0,16,0,0,0,16
05/13/2010,MHK,KS,ACE,CE,Federal Contract Tower,0,6,10,2,18,0,0,24,0,24,0,6,34,2,42,44,0,44,86
05/14/2010,MHK,KS,ACE,CE,Federal Contract Tower,0,2,3,0,5,0,0,33,0,33,0,2,36,0,38,44,0,44,82
05/15/2010,MHK,KS,ACE,CE,Federal Contract Tower,0,6,9,0,15,0,0,2,0,2,0,6,11,0,17,0,0,0,17
05/16/2010,MHK,KS,ACE,CE,Federal Contract Tower,0,6,4,0,10,0,0,2,0,2,0,6,6,0,12,0,0,0,12
05/17/2010,MHK,KS,ACE,CE,Federal Contract Tower,0,5,7,0,12,0,0,6,0,6,0,5,13,0,18,0,2,2,20
05/18/2010,MHK,KS,ACE,CE,Federal Contract Tower,0,6,10,0,16,0,0,27,0,27,0,6,37,0,43,58,0,58,101
05/19/2010,MHK,KS,ACE,CE,Federal Contract Tower,0,6,12,2,20,0,0,2,2,4,0,6,14,4,24,0,0,0,24
05/20/2010,MHK,KS,ACE,CE,Federal Contract Tower,0,7,1,0,8,0,0,0,0,0,0,7,1,0,8,0,0,0,8
05/21/2010,MHK,KS,ACE,CE,Federal Contract Tower,0,6,12,0,18,0,0,25,0,25,0,6,37,0,43,84,0,84,127
05/22/2010,MHK,KS,ACE,CE,Federal Contract Tower,0,6,11,0,17,0,0,11,0,11,0,6,22,0,28,6,0,6,34
05/23/2010,MHK,KS,ACE,CE,Federal Contract Tower,0,6,9,2,17,0,0,16,0,16,0,6,25,2,33,26,0,26,59
05/24/2010,MHK,KS,ACE,CE,Federal Contract Tower,0,6,6,0,12,0,0,8,0,8,0,6,14,0,20,0,0,0,20
05/25/2010,MHK,KS,ACE,CE,Federal Contract Tower,0,6,11,0,17,0,0,29,0,29,0,6,40,0,46,64,0,64,110
05/26/2010,MHK,KS,ACE,CE,Federal Contract Tower,0,8,16,0,24,0,0,16,0,16,0,8,32,0,40,42,0,42,82
05/27/2010,MHK,KS,ACE,CE,Federal Contract Tower,0,8,2,4,14,0,0,36,0,36,0,8,38,4,50,26,0,26,76
05/28/2010,MHK,KS,ACE,CE,Federal Contract Tower,0,9,4,0,13,0,0,26,0,26,0,9,30,0,39,14,0,14,53
05/29/2010,MHK,KS,ACE,CE,Federal Contract Tower,0,6,3,1,10,0,0,9,0,9,0,6,12,1,19,0,0,0,19
05/30/2010,MHK,KS,ACE,CE,Federal Contract Tower,0,5,4,0,9,0,0,11,0,11,0,5,15,0,20,10,0,10,30
05/31/2010,MHK,KS,ACE,CE,Federal Contract Tower,0,6,5,2,13,0,0,16,0,16,0,6,21,2,29,24,0,24,53
06/01/2010,MHK,KS,ACE,CE,Federal Contract Tower,0,6,6,0,12,0,0,14,0,14,0,6,20,0,26,14,0,14,40
06/02/2010,MHK,KS,ACE,CE,Federal Contract Tower,0,6,10,0,16,0,0,20,0,20,0,6,30,0,36,66,0,66,102
06/03/2010,MHK,KS,ACE,CE,Federal Contract Tower,0,6,7,0,13,0,2,18,0,20,0,8,25,0,33,20,0,20,53
06/04/2010,MHK,KS,ACE,CE,Federal Contract Tower,0,8,7,0,15,0,0,19,0,19,0,8,26,0,34,28,0,28,62
06/05/2010,MHK,KS,ACE,CE,Federal Contract Tower,0,6,0,0,6,0,0,19,2,21,0,6,19,2,27,4,0,4,31
06/06/2010,MHK,KS,ACE,CE,Federal Contract Tower,0,6,1,2,9,0,0,27,0,27,0,6,28,2,36,14,0,14,50
06/07/2010,MHK,KS,ACE,CE,Federal Contract Tower,0,5,4,0,9,0,0,10,0,10,0,5,14,0,19,14,0,14,33
06/08/2010,MHK,KS,ACE,CE,Federal Contract Tower,0,6,6,0,12,0,0,15,0,15,0,6,21,0,27,10,0,10,37
06/09/2010,MHK,KS,ACE,CE,Federal Contract Tower,0,6,9,3,18,0,0,16,0,16,0,6,25,3,34,44,0,44,78
06/10/2010,MHK,KS,ACE,CE,Federal Contract Tower,0,11,12,0,23,0,2,12,0,14,0,13,24,0,37,12,0,12,49
06/11/2010,MHK,KS,ACE,CE,Federal Contract Tower,0,6,20,2,28,0,0,20,0,20,0,6,40,2,48,28,0,28,76
06/12/2010,MHK,KS,ACE,CE,Federal Contract Tower,0,6,2,2,10,0,0,5,0,5,0,6,7,2,15,16,0,16,31
06/13/2010,MHK,KS,ACE,CE,Federal Contract Tower,0,5,4,0,9,0,0,1,0,1,0,5,5,0,10,2,0,2,12
06/14/2010,MHK,KS,ACE,CE,Federal Contract Tower,0,8,7,0,15,0,0,10,0,10,0,8,17,0,25,8,0,8,33
06/15/2010,MHK,KS,ACE,CE,Federal Contract Tower,0,7,7,9,23,0,2,12,0,14,0,9,19,9,37,26,0,26,63
06/16/2010,MHK,KS,ACE,CE,Federal Contract Tower,0,7,3,2,12,0,0,10,0,10,0,7,13,2,22,12,0,12,34
06/17/2010,MHK,KS,ACE,CE,Federal Contract Tower,0,8,6,2,16,0,0,15,0,15,0,8,21,2,31,10,0,10,41
06/18/2010,MHK,KS,ACE,CE,Federal Contract Tower,0,10,9,0,19,0,0,9,0,9,0,10,18,0,28,6,0,6,34
06/19/2010,MHK,KS,ACE,CE,Federal Contract Tower,0,6,8,2,16,0,0,3,0,3,0,6,11,2,19,0,0,0,19
06/20/2010,MHK,KS,ACE,CE,Federal Contract Tower,0,6,7,0,13,0,0,10,0,10,0,6,17,0,23,6,0,6,29
06/21/2010,MHK,KS,ACE,CE,Federal Contract Tower,0,6,7,2,15,0,0,18,0,18,0,6,25,2,33,10,0,10,43
06/22/2010,MHK,KS,ACE,CE,Federal Contract Tower,0,8,9,0,17,0,0,19,2,21,0,8,28,2,38,20,0,20,58
06/23/2010,MHK,KS,ACE,CE,Federal Contract Tower,0,6,5,2,13,0,0,20,0,20,0,6,25,2,33,34,0,34,67
06/24/2010,MHK,KS,ACE,CE,Federal Contract Tower,0,5,11,0,16,0,0,23,0,23,0,5,34,0,39,8,0,8,47
06/25/2010,MHK,KS,ACE,CE,Federal Contract Tower,0,13,9,0,22,0,0,19,0,19,0,13,28,0,41,16,0,16,57
06/26/2010,MHK,KS,ACE,CE,Federal Contract Tower,0,5,2,2,9,0,0,9,0,9,0,5,11,2,18,0,0,0,18
06/27/2010,MHK,KS,ACE,CE,Federal Contract Tower,0,12,6,0,18,0,0,4,5,9,0,12,10,5,27,0,0,0,27
06/28/2010,MHK,KS,ACE,CE,Federal Contract Tower,0,6,4,2,12,0,1,19,0,20,0,7,23,2,32,10,0,10,42
06/29/2010,MHK,KS,ACE,CE,Federal Contract Tower,0,8,9,0,17,0,2,29,0,31,0,10,38,0,48,46,0,46,94
06/30/2010,MHK,KS,ACE,CE,Federal Contract Tower,0,7,12,2,21,0,0,29,2,31,0,7,41,4,52,16,0,16,68
07/01/2010,MHK,KS,ACE,CE,Federal Contract Tower,0,6,7,0,13,0,0,17,0,17,0,6,24,0,30,26,0,26,56
07/02/2010,MHK,KS,ACE,CE,Federal Contract Tower,0,5,10,0,15,0,2,25,0,27,0,7,35,0,42,16,0,16,58
07/03/2010,MHK,KS,ACE,CE,Federal Contract Tower,0,6,7,2,15,0,0,4,0,4,0,6,11,2,19,14,0,14,33
07/04/2010,MHK,KS,ACE,CE,Federal Contract Tower,0,9,2,0,11,0,0,2,0,2,0,9,4,0,13,0,0,0,13
07/05/2010,MHK,KS,ACE,CE,Federal Contract Tower,0,5,11,0,16,0,0,8,0,8,0,5,19,0,24,12,0,12,36
07/06/2010,MHK,KS,ACE,CE,Federal Contract Tower,0,5,8,0,13,0,0,10,0,10,0,5,18,0,23,6,0,6,29
07/07/2010,MHK,KS,ACE,CE,Federal Contract Tower,0,8,3,0,11,0,0,10,0,10,0,8,13,0,21,22,0,22,43
07/08/2010,MHK,KS,ACE,CE,Federal Contract Tower,0,5,11,2,18,0,0,9,0,9,0,5,20,2,27,32,0,32,59
07/09/2010,MHK,KS,ACE,CE,Federal Contract Tower,0,6,7,2,15,0,0,28,0,28,0,6,35,2,43,20,0,20,63
07/10/2010,MHK,KS,ACE,CE,Federal Contract Tower,0,8,3,0,11,0,0,23,0,23,0,8,26,0,34,44,0,44,78
07/11/2010,MHK,KS,ACE,CE,Federal Contract Tower,0,8,3,0,11,0,0,18,0,18,0,8,21,0,29,14,0,14,43
07/12/2010,MHK,KS,ACE,CE,Federal Contract Tower,0,8,4,0,12,0,0,8,0,8,0,8,12,0,20,66,0,66,86
07/13/2010,MHK,KS,ACE,CE,Federal Contract Tower,0,5,5,0,10,0,0,18,0,18,0,5,23,0,28,8,0,8,36
07/14/2010,MHK,KS,ACE,CE,Federal Contract Tower,0,7,4,2,13,0,7,11,0,18,0,14,15,2,31,0,0,0,31
07/15/2010,MHK,KS,ACE,CE,Federal Contract Tower,0,6,2,0,8,0,1,24,0,25,0,7,26,0,33,14,0,14,47
07/16/2010,MHK,KS,ACE,CE,Federal Contract Tower,0,6,2,0,8,0,0,26,0,26,0,6,28,0,34,20,0,20,54
07/17/2010,MHK,KS,ACE,CE,Federal Contract Tower,0,6,2,0,8,0,0,11,0,11,0,6,13,0,19,4,0,4,23
07/18/2010,MHK,KS,ACE,CE,Federal Contract Tower,0,4,4,0,8,0,0,9,0,9,0,4,13,0,17,14,0,14,31
07/19/2010,MHK,KS,ACE,CE,Federal Contract Tower,0,7,6,0,13,0,0,11,0,11,0,7,17,0,24,8,0,8,32
07/20/2010,MHK,KS,ACE,CE,Federal Contract Tower,0,7,4,2,13,0,0,17,2,19,0,7,21,4,32,36,0,36,68
07/21/2010,MHK,KS,ACE,CE,Federal Contract Tower,0,8,6,2,16,0,2,12,0,14,0,10,18,2,30,14,0,14,44
07/22/2010,MHK,KS,ACE,CE,Federal Contract Tower,0,6,10,0,16,0,0,11,0,11,0,6,21,0,27,0,0,0,27
07/23/2010,MHK,KS,ACE,CE,Federal Contract Tower,0,6,12,0,18,0,0,18,0,18,0,6,30,0,36,66,0,66,102
07/24/2010,MHK,KS,ACE,CE,Federal Contract Tower,0,7,7,2,16,0,0,17,0,17,0,7,24,2,33,28,0,28,61
07/25/2010,MHK,KS,ACE,CE,Federal Contract Tower,0,8,7,0,15,0,0,13,0,13,0,8,20,0,28,8,0,8,36
07/26/2010,MHK,KS,ACE,CE,Federal Contract Tower,0,6,3,0,9,0,0,23,0,23,0,6,26,0,32,34,0,34,66
07/27/2010,MHK,KS,ACE,CE,Federal Contract Tower,0,6,9,0,15,0,0,26,0,26,0,6,35,0,41,42,0,42,83
07/28/2010,MHK,KS,ACE,CE,Federal Contract Tower,0,7,10,4,21,0,1,36,0,37,0,8,46,4,58,12,0,12,70
07/29/2010,MHK,KS,ACE,CE,Federal Contract Tower,0,6,8,2,16,0,0,17,0,17,0,6,25,2,33,12,0,12,45
07/30/2010,MHK,KS,ACE,CE,Federal Contract Tower,0,6,7,0,13,0,0,10,0,10,0,6,17,0,23,22,0,22,45
07/31/2010,MHK,KS,ACE,CE,Federal Contract Tower,0,8,6,2,16,0,0,19,0,19,0,8,25,2,35,0,0,0,35
08/01/2010,MHK,KS,ACE,CE,Federal Contract Tower,0,8,6,0,14,0,0,21,0,21,0,8,27,0,35,10,0,10,45
08/02/2010,MHK,KS,ACE,CE,Federal Contract Tower,0,5,6,2,13,0,2,13,0,15,0,7,19,2,28,10,0,10,38
08/03/2010,MHK,KS,ACE,CE,Federal Contract Tower,0,12,6,0,18,0,0,14,0,14,0,12,20,0,32,8,0,8,40
08/04/2010,MHK,KS,ACE,CE,Federal Contract Tower,0,5,9,2,16,0,0,9,2,11,0,5,18,4,27,6,0,6,33
08/05/2010,MHK,KS,ACE,CE,Federal Contract Tower,0,7,10,0,17,0,0,27,0,27,0,7,37,0,44,16,0,16,60
08/06/2010,MHK,KS,ACE,CE,Federal Contract Tower,0,5,7,0,12,0,0,14,0,14,0,5,21,0,26,4,0,4,30
08/07/2010,MHK,KS,ACE,CE,Federal Contract Tower,0,5,7,2,14,0,0,11,0,11,0,5,18,2,25,14,0,14,39
08/08/2010,MHK,KS,ACE,CE,Federal Contract Tower,0,10,7,0,17,0,0,18,0,18,0,10,25,0,35,0,0,0,35
08/09/2010,MHK,KS,ACE,CE,Federal Contract Tower,0,6,9,0,15,0,0,11,0,11,0,6,20,0,26,22,0,22,48
08/10/2010,MHK,KS,ACE,CE,Federal Contract Tower,0,6,8,1,15,0,0,23,0,23,0,6,31,1,38,20,0,20,58
08/11/2010,MHK,KS,ACE,CE,Federal Contract Tower,0,9,9,5,23,0,0,12,0,12,0,9,21,5,35,26,0,26,61
08/12/2010,MHK,KS,ACE,CE,Federal Contract Tower,0,7,8,0,15,0,0,21,0,21,0,7,29,0,36,18,0,18,54
08/13/2010,MHK,KS,ACE,CE,Federal Contract Tower,0,8,8,0,16,0,0,5,0,5,0,8,13,0,21,0,0,0,21
08/14/2010,MHK,KS,ACE,CE,Federal Contract Tower,0,8,2,2,12,0,0,16,0,16,0,8,18,2,28,4,0,4,32
08/15/2010,MHK,KS,ACE,CE,Federal Contract Tower,3,8,4,0,15,0,0,20,0,20,3,8,24,0,35,30,0,30,65
08/16/2010,MHK,KS,ACE,CE,Federal Contract Tower,11,6,12,0,29,0,0,24,0,24,11,6,36,0,53,78,0,78,131
08/17/2010,MHK,KS,ACE,CE,Federal Contract Tower,12,5,6,0,23,0,0,9,0,9,12,5,15,0,32,0,0,0,32
08/18/2010,MHK,KS,ACE,CE,Federal Contract Tower,9,5,8,0,22,0,0,18,2,20,9,5,26,2,42,18,0,18,60
08/19/2010,MHK,KS,ACE,CE,Federal Contract Tower,0,8,10,0,18,0,0,19,0,19,0,8,29,0,37,6,0,6,43
08/20/2010,MHK,KS,ACE,CE,Federal Contract Tower,0,6,6,0,12,0,0,14,3,17,0,6,20,3,29,0,0,0,29
08/21/2010,MHK,KS,ACE,CE,Federal Contract Tower,0,6,1,2,9,0,0,33,0,33,0,6,34,2,42,82,0,82,124
08/22/2010,MHK,KS,ACE,CE,Federal Contract Tower,0,6,6,0,12,0,0,25,0,25,0,6,31,0,37,6,0,6,43
08/23/2010,MHK,KS,ACE,CE,Federal Contract Tower,0,6,5,0,11,0,0,20,0,20,0,6,25,0,31,15,0,15,46
08/24/2010,MHK,KS,ACE,CE,Federal Contract Tower,0,6,3,0,9,0,3,4,0,7,0,9,7,0,16,0,0,0,16
08/25/2010,MHK,KS,ACE,CE,Federal Contract Tower,0,6,11,0,17,0,0,20,3,23,0,6,31,3,40,20,0,20,60
08/26/2010,MHK,KS,ACE,CE,Federal Contract Tower,0,6,13,9,28,0,0,27,1,28,0,6,40,10,56,68,4,72,128
08/27/2010,MHK,KS,ACE,CE,Federal Contract Tower,0,6,15,16,37,0,0,15,4,19,0,6,30,20,56,4,26,30,86
08/28/2010,MHK,KS,ACE,CE,Federal Contract Tower,0,6,6,2,14,0,0,25,0,25,0,6,31,2,39,10,0,10,49
08/29/2010,MHK,KS,ACE,CE,Federal Contract Tower,0,6,3,0,9,0,0,10,0,10,0,6,13,0,19,6,0,6,25
08/30/2010,MHK,KS,ACE,CE,Federal Contract Tower,0,10,7,3,20,0,0,8,0,8,0,10,15,3,28,16,0,16,44
08/31/2010,MHK,KS,ACE,CE,Federal Contract Tower,0,10,6,0,16,0,0,13,0,13,0,10,19,0,29,0,0,0,29
09/01/2010,MHK,KS,ACE,CE,Federal Contract Tower,0,4,8,0,12,0,0,3,0,3,0,4,11,0,15,0,0,0,15
09/02/2010,MHK,KS,ACE,CE,Federal Contract Tower,0,5,18,0,23,0,0,5,0,5,0,5,23,0,28,2,0,2,30
09/03/2010,MHK,KS,ACE,CE,Federal Contract Tower,2,7,7,0,16,0,0,30,0,30,2,7,37,0,46,4,0,4,50
09/04/2010,MHK,KS,ACE,CE,Federal Contract Tower,2,9,17,0,28,0,0,48,1,49,2,9,65,1,77,2,0,2,79
09/05/2010,MHK,KS,ACE,CE,Federal Contract Tower,0,9,8,0,17,0,0,11,1,12,0,9,19,1,29,0,0,0,29
09/06/2010,MHK,KS,ACE,CE,Federal Contract Tower,0,6,6,0,12,0,0,9,0,9,0,6,15,0,21,0,0,0,21
09/07/2010,MHK,KS,ACE,CE,Federal Contract Tower,0,6,8,0,14,0,0,20,0,20,0,6,28,0,34,24,0,24,58
09/08/2010,MHK,KS,ACE,CE,Federal Contract Tower,9,4,7,0,20,0,0,6,4,10,9,4,13,4,30,8,0,8,38
09/09/2010,MHK,KS,ACE,CE,Federal Contract Tower,11,10,6,4,31,0,0,0,0,0,11,10,6,4,31,0,0,0,31
09/10/2010,MHK,KS,ACE,CE,Federal Contract Tower,5,7,11,0,23,0,0,9,0,9,5,7,20,0,32,4,0,4,36
09/11/2010,MHK,KS,ACE,CE,Federal Contract Tower,4,8,8,0,20,0,3,31,0,34,4,11,39,0,54,42,0,42,96
09/12/2010,MHK,KS,ACE,CE,Federal Contract Tower,0,4,10,3,17,0,0,29,0,29,0,4,39,3,46,8,0,8,54
09/13/2010,MHK,KS,ACE,CE,Federal Contract Tower,0,6,9,2,17,0,0,15,0,15,0,6,24,2,32,18,0,18,50
09/14/2010,MHK,KS,ACE,CE,Federal Contract Tower,0,7,8,2,17,0,0,7,0,7,0,7,15,2,24,0,0,0,24
09/15/2010,MHK,KS,ACE,CE,Federal Contract Tower,0,6,3,0,9,0,0,2,0,2,0,6,5,0,11,0,0,0,11
09/16/2010,MHK,KS,ACE,CE,Federal Contract Tower,0,7,6,0,13,0,0,17,4,21,0,7,23,4,34,6,0,6,40
09/17/2010,MHK,KS,ACE,CE,Federal Contract Tower,0,10,4,0,14,0,0,31,2,33,0,10,35,2,47,36,0,36,83
09/18/2010,MHK,KS,ACE,CE,Federal Contract Tower,0,7,5,0,12,0,0,17,0,17,0,7,22,0,29,18,0,18,47
09/19/2010,MHK,KS,ACE,CE,Federal Contract Tower,0,6,2,2,10,0,0,16,0,16,0,6,18,2,26,22,0,22,48
09/20/2010,MHK,KS,ACE,CE,Federal Contract Tower,0,8,12,0,20,0,0,9,0,9,0,8,21,0,29,16,0,16,45
09/21/2010,MHK,KS,ACE,CE,Federal Contract Tower,0,8,4,0,12,0,4,8,0,12,0,12,12,0,24,10,6,16,40
09/22/2010,MHK,KS,ACE,CE,Federal Contract Tower,0,10,12,0,22,0,1,9,3,13,0,11,21,3,35,4,2,6,41
09/23/2010,MHK,KS,ACE,CE,Federal Contract Tower,0,12,2,0,14,0,0,5,0,5,0,12,7,0,19,0,0,0,19
09/24/2010,MHK,KS,ACE,CE,Federal Contract Tower,1,7,8,0,16,0,0,37,2,39,1,7,45,2,55,16,24,40,95
09/25/2010,MHK,KS,ACE,CE,Federal Contract Tower,1,6,21,4,32,0,0,15,0,15,1,6,36,4,47,0,0,0,47
09/26/2010,MHK,KS,ACE,CE,Federal Contract Tower,0,10,5,0,15,0,0,31,0,31,0,10,36,0,46,14,0,14,60
09/27/2010,MHK,KS,ACE,CE,Federal Contract Tower,0,6,8,0,14,0,0,19,0,19,0,6,27,0,33,52,0,52,85
09/28/2010,MHK,KS,ACE,CE,Federal Contract Tower,0,7,12,2,21,0,0,24,0,24,0,7,36,2,45,40,0,40,85
09/29/2010,MHK,KS,ACE,CE,Federal Contract Tower,0,6,6,0,12,0,2,43,0,45,0,8,49,0,57,32,0,32,89
09/30/2010,MHK,KS,ACE,CE,Federal Contract Tower,0,8,12,0,20,0,0,30,0,30,0,8,42,0,50,18,2,20,70
10/01/2010,MHK,KS,ACE,CE,Federal Contract Tower,0,8,2,0,10,0,0,21,0,21,0,8,23,0,31,14,0,14,45
10/02/2010,MHK,KS,ACE,CE,Federal Contract Tower,0,9,1,2,12,0,0,31,0,31,0,9,32,2,43,22,0,22,65
10/03/2010,MHK,KS,ACE,CE,Federal Contract Tower,2,6,5,0,13,0,0,27,0,27,2,6,32,0,40,20,0,20,60
10/04/2010,MHK,KS,ACE,CE,Federal Contract Tower,0,6,11,0,17,0,0,29,0,29,0,6,40,0,46,74,0,74,120
10/05/2010,MHK,KS,ACE,CE,Federal Contract Tower,0,8,10,0,18,0,0,12,0,12,0,8,22,0,30,14,0,14,44
10/06/2010,MHK,KS,ACE,CE,Federal Contract Tower,0,7,13,1,21,0,0,19,6,25,0,7,32,7,46,24,0,24,70
10/07/2010,MHK,KS,ACE,CE,Federal Contract Tower,0,16,45,2,63,0,0,65,0,65,0,16,110,2,128,48,0,48,176
10/08/2010,MHK,KS,ACE,CE,Federal Contract Tower,0,7,21,2,30,0,0,30,0,30,0,7,51,2,60,26,4,30,90
10/09/2010,MHK,KS,ACE,CE,Federal Contract Tower,0,6,0,0,6,0,0,19,0,19,0,6,19,0,25,8,0,8,33
10/10/2010,MHK,KS,ACE,CE,Federal Contract Tower,0,6,8,1,15,0,0,5,0,5,0,6,13,1,20,0,2,2,22
10/11/2010,MHK,KS,ACE,CE,Federal Contract Tower,0,4,7,0,11,0,0,12,0,12,0,4,19,0,23,52,0,52,75
10/12/2010,MHK,KS,ACE,CE,Federal Contract Tower,0,8,8,0,16,0,0,11,0,11,0,8,19,0,27,58,0,58,85
10/13/2010,MHK,KS,ACE,CE,Federal Contract Tower,0,8,6,0,14,0,1,18,2,21,0,9,24,2,35,58,0,58,93
10/14/2010,MHK,KS,ACE,CE,Federal Contract Tower,0,7,6,0,13,0,0,26,2,28,0,7,32,2,41,42,0,42,83
10/15/2010,MHK,KS,ACE,CE,Federal Contract Tower,0,8,4,0,12,0,0,34,0,34,0,8,38,0,46,64,0,64,110
10/16/2010,MHK,KS,ACE,CE,Federal Contract Tower,0,6,9,0,15,0,0,38,0,38,0,6,47,0,53,68,0,68,121
10/17/2010,MHK,KS,ACE,CE,Federal Contract Tower,0,8,4,0,12,0,0,34,0,34,0,8,38,0,46,38,0,38,84
10/18/2010,MHK,KS,ACE,CE,Federal Contract Tower,0,6,16,0,22,0,0,22,0,22,0,6,38,0,44,104,0,104,148
10/19/2010,MHK,KS,ACE,CE,Federal Contract Tower,0,6,10,0,16,0,0,22,0,22,0,6,32,0,38,76,0,76,114
10/20/2010,MHK,KS,ACE,CE,Federal Contract Tower,0,6,6,0,12,0,0,20,0,20,0,6,26,0,32,48,2,50,82
10/21/2010,MHK,KS,ACE,CE,Federal Contract Tower,0,8,11,0,19,0,0,33,0,33,0,8,44,0,52,48,0,48,100
10/22/2010,MHK,KS,ACE,CE,Federal Contract Tower,2,6,7,0,15,0,0,21,0,21,2,6,28,0,36,30,0,30,66
10/23/2010,MHK,KS,ACE,CE,Federal Contract Tower,0,4,7,0,11,0,0,15,0,15,0,4,22,0,26,14,0,14,40
10/24/2010,MHK,KS,ACE,CE,Federal Contract Tower,0,5,7,0,12,0,0,25,0,25,0,5,32,0,37,66,0,66,103
10/25/2010,MHK,KS,ACE,CE,Federal Contract Tower,0,6,6,0,12,0,0,13,0,13,0,6,19,0,25,20,0,20,45
10/26/2010,MHK,KS,ACE,CE,Federal Contract Tower,0,7,13,0,20,0,2,11,0,13,0,9,24,0,33,2,0,2,35
10/27/2010,MHK,KS,ACE,CE,Federal Contract Tower,0,6,8,0,14,0,1,6,0,7,0,7,14,0,21,4,0,4,25
10/28/2010,MHK,KS,ACE,CE,Federal Contract Tower,0,10,10,0,20,0,0,30,0,30,0,10,40,0,50,50,0,50,100
10/29/2010,MHK,KS,ACE,CE,Federal Contract Tower,0,11,5,0,16,0,2,28,0,30,0,13,33,0,46,24,0,24,70
10/30/2010,MHK,KS,ACE,CE,Federal Contract Tower,0,8,24,0,32,0,0,84,0,84,0,8,108,0,116,42,0,42,158
10/31/2010,MHK,KS,ACE,CE,Federal Contract Tower,0,7,4,0,11,0,0,23,0,23,0,7,27,0,34,12,0,12,46
11/01/2010,MHK,KS,ACE,CE,Federal Contract Tower,0,6,4,0,10,0,0,16,0,16,0,6,20,0,26,52,0,52,78
11/02/2010,MHK,KS,ACE,CE,Federal Contract Tower,0,8,9,0,17,0,2,35,0,37,0,10,44,0,54,80,0,80,134
11/03/2010,MHK,KS,ACE,CE,Federal Contract Tower,0,8,1,0,9,0,0,16,2,18,0,8,17,2,27,28,0,28,55
11/04/2010,MHK,KS,ACE,CE,Federal Contract Tower,0,8,8,0,16,0,0,18,0,18,0,8,26,0,34,18,0,18,52
11/05/2010,MHK,KS,ACE,CE,Federal Contract Tower,2,10,7,0,19,0,0,33,0,33,2,10,40,0,52,36,0,36,88
11/06/2010,MHK,KS,ACE,CE,Federal Contract Tower,3,8,10,0,21,0,0,44,0,44,3,8,54,0,65,8,0,8,73
11/07/2010,MHK,KS,ACE,CE,Federal Contract Tower,0,9,14,0,23,0,0,25,0,25,0,9,39,0,48,42,0,42,90
11/08/2010,MHK,KS,ACE,CE,Federal Contract Tower,0,6,9,0,15,0,0,10,1,11,0,6,19,1,26,22,0,22,48
11/09/2010,MHK,KS,ACE,CE,Federal Contract Tower,0,10,6,0,16,0,0,12,2,14,0,10,18,2,30,18,0,18,48
11/10/2010,MHK,KS,ACE,CE,Federal Contract Tower,0,6,14,3,23,0,0,26,2,28,0,6,40,5,51,10,0,10,61
11/11/2010,MHK,KS,ACE,CE,Federal Contract Tower,0,10,5,0,15,0,0,13,0,13,0,10,18,0,28,52,0,52,80
11/12/2010,MHK,KS,ACE,CE,Federal Contract Tower,0,6,5,0,11,0,0,1,0,1,0,6,6,0,12,0,0,0,12
11/13/2010,MHK,KS,ACE,CE,Federal Contract Tower,2,6,4,2,14,0,1,18,0,19,2,7,22,2,33,6,0,6,39
11/14/2010,MHK,KS,ACE,CE,Federal Contract Tower,0,10,4,0,14,0,4,30,0,34,0,14,34,0,48,26,0,26,74
11/15/2010,MHK,KS,ACE,CE,Federal Contract Tower,0,7,2,0,9,0,2,18,0,20,0,9,20,0,29,40,0,40,69
11/16/2010,MHK,KS,ACE,CE,Federal Contract Tower,0,9,13,2,24,0,0,27,0,27,0,9,40,2,51,24,0,24,75
11/17/2010,MHK,KS,ACE,CE,Federal Contract Tower,0,5,13,0,18,0,0,1,0,1,0,5,14,0,19,0,0,0,19
11/18/2010,MHK,KS,ACE,CE,Federal Contract Tower,0,5,13,2,20,0,0,19,0,19,0,5,32,2,39,26,0,26,65
11/19/2010,MHK,KS,ACE,CE,Federal Contract Tower,2,10,2,1,15,0,0,23,0,23,2,10,25,1,38,58,0,58,96
11/20/2010,MHK,KS,ACE,CE,Federal Contract Tower,2,10,11,2,25,0,0,9,0,9,2,10,20,2,34,2,0,2,36
11/21/2010,MHK,KS,ACE,CE,Federal Contract Tower,0,6,1,0,7,0,0,3,0,3,0,6,4,0,10,16,0,16,26
11/22/2010,MHK,KS,ACE,CE,Federal Contract Tower,0,9,11,0,20,0,0,10,2,12,0,9,21,2,32,6,0,6,38
11/23/2010,MHK,KS,ACE,CE,Federal Contract Tower,0,8,12,2,22,0,0,3,0,3,0,8,15,2,25,0,0,0,25
11/24/2010,MHK,KS,ACE,CE,Federal Contract Tower,0,8,16,0,24,0,0,4,0,4,0,8,20,0,28,8,0,8,36
11/25/2010,MHK,KS,ACE,CE,Federal Contract Tower,0,6,4,0,10,0,0,0,0,0,0,6,4,0,10,0,0,0,10
11/26/2010,MHK,KS,ACE,CE,Federal Contract Tower,2,8,10,0,20,0,0,12,0,12,2,8,22,0,32,0,0,0,32
11/27/2010,MHK,KS,ACE,CE,Federal Contract Tower,0,8,4,0,12,0,0,20,0,20,0,8,24,0,32,40,0,40,72
11/28/2010,MHK,KS,ACE,CE,Federal Contract Tower,0,7,4,0,11,0,0,5,0,5,0,7,9,0,16,2,0,2,18
11/29/2010,MHK,KS,ACE,CE,Federal Contract Tower,0,10,12,2,24,0,0,3,0,3,0,10,15,2,27,0,0,0,27
11/30/2010,MHK,KS,ACE,CE,Federal Contract Tower,0,9,12,0,21,0,6,9,0,15,0,15,21,0,36,2,2,4,40
12/01/2010,MHK,KS,ACE,CE,Federal Contract Tower,0,10,3,2,15,0,0,15,0,15,0,10,18,2,30,46,0,46,76
12/02/2010,MHK,KS,ACE,CE,Federal Contract Tower,0,14,12,2,28,0,0,22,2,24,0,14,34,4,52,46,0,46,98
12/03/2010,MHK,KS,ACE,CE,Federal Contract Tower,0,10,6,0,16,0,1,19,2,22,0,11,25,2,38,32,0,32,70
12/04/2010,MHK,KS,ACE,CE,Federal Contract Tower,0,12,8,2,22,0,6,17,0,23,0,18,25,2,45,0,0,0,45
12/05/2010,MHK,KS,ACE,CE,Federal Contract Tower,0,13,6,0,19,0,6,24,0,30,0,19,30,0,49,42,0,42,91
12/06/2010,MHK,KS,ACE,CE,Federal Contract Tower,0,10,12,2,24,0,1,16,0,17,0,11,28,2,41,44,0,44,85
12/07/2010,MHK,KS,ACE,CE,Federal Contract Tower,0,11,5,0,16,0,0,19,0,19,0,11,24,0,35,64,2,66,101
12/08/2010,MHK,KS,ACE,CE,Federal Contract Tower,0,7,4,0,11,0,0,23,0,23,0,7,27,0,34,14,0,14,48
12/09/2010,MHK,KS,ACE,CE,Federal Contract Tower,0,11,7,0,18,0,0,18,0,18,0,11,25,0,36,14,0,14,50
12/10/2010,MHK,KS,ACE,CE,Federal Contract Tower,0,8,6,0,14,0,2,25,0,27,0,10,31,0,41,0,0,0,41
12/11/2010,MHK,KS,ACE,CE,Federal Contract Tower,0,7,2,0,9,0,0,1,0,1,0,7,3,0,10,0,0,0,10
12/12/2010,MHK,KS,ACE,CE,Federal Contract Tower,0,10,5,0,15,0,0,14,0,14,0,10,19,0,29,28,0,28,57
12/13/2010,MHK,KS,ACE,CE,Federal Contract Tower,0,8,10,2,20,0,0,20,0,20,0,8,30,2,40,68,0,68,108
12/14/2010,MHK,KS,ACE,CE,Federal Contract Tower,0,11,8,0,19,0,0,14,0,14,0,11,22,0,33,12,0,12,45
12/15/2010,MHK,KS,ACE,CE,Federal Contract Tower,0,9,10,2,21,0,0,5,0,5,0,9,15,2,26,0,0,0,26
12/16/2010,MHK,KS,ACE,CE,Federal Contract Tower,0,8,3,2,13,0,2,23,0,25,0,10,26,2,38,20,0,20,58
12/17/2010,MHK,KS,ACE,CE,Federal Contract Tower,0,16,5,0,21,0,0,3,0,3,0,16,8,0,24,8,0,8,32
12/18/2010,MHK,KS,ACE,CE,Federal Contract Tower,0,10,4,0,14,0,0,9,0,9,0,10,13,0,23,8,0,8,31
12/19/2010,MHK,KS,ACE,CE,Federal Contract Tower,0,10,4,0,14,0,0,15,0,15,0,10,19,0,29,12,0,12,41
12/20/2010,MHK,KS,ACE,CE,Federal Contract Tower,0,9,6,2,17,0,0,15,1,16,0,9,21,3,33,44,0,44,77
12/21/2010,MHK,KS,ACE,CE,Federal Contract Tower,0,8,9,0,17,0,0,14,0,14,0,8,23,0,31,32,0,32,63
12/22/2010,MHK,KS,ACE,CE,Federal Contract Tower,0,11,4,0,15,0,0,7,0,7,0,11,11,0,22,0,0,0,22
12/23/2010,MHK,KS,ACE,CE,Federal Contract Tower,0,8,1,2,11,0,0,3,0,3,0,8,4,2,14,0,0,0,14
12/24/2010,MHK,KS,ACE,CE,Federal Contract Tower,0,6,0,0,6,0,0,0,0,0,0,6,0,0,6,0,0,0,6
12/25/2010,MHK,KS,ACE,CE,Federal Contract Tower,0,4,0,0,4,0,0,2,0,2,0,4,2,0,6,0,0,0,6
12/26/2010,MHK,KS,ACE,CE,Federal Contract Tower,0,7,2,0,9,0,0,2,0,2,0,7,4,0,11,8,0,8,19
12/27/2010,MHK,KS,ACE,CE,Federal Contract Tower,0,8,2,0,10,0,0,19,0,19,0,8,21,0,29,16,0,16,45
12/28/2010,MHK,KS,ACE,CE,Federal Contract Tower,2,10,10,0,22,0,0,16,0,16,2,10,26,0,38,16,0,16,54
12/29/2010,MHK,KS,ACE,CE,Federal Contract Tower,0,8,2,0,10,0,0,0,0,0,0,8,2,0,10,0,0,0,10
12/30/2010,MHK,KS,ACE,CE,Federal Contract Tower,0,10,0,1,11,0,0,13,1,14,0,10,13,2,25,18,0,18,43
12/31/2010,MHK,KS,ACE,CE,Federal Contract Tower,2,10,2,0,14,0,0,2,0,2,2,10,4,0,16,16,0,16,32
01/01/2011,MHK,KS,ACE,CE,Federal Contract Tower,0,7,1,0,8,0,0,15,0,15,0,7,16,0,23,26,0,26,49
01/02/2011,MHK,KS,ACE,CE,Federal Contract Tower,0,8,2,0,10,0,0,7,0,7,0,8,9,0,17,14,0,14,31
01/03/2011,MHK,KS,ACE,CE,Federal Contract Tower,1,10,5,0,16,0,0,10,0,10,1,10,15,0,26,6,0,6,32
01/04/2011,MHK,KS,ACE,CE,Federal Contract Tower,0,4,11,2,17,0,0,16,0,16,0,4,27,2,33,52,0,52,85
01/05/2011,MHK,KS,ACE,CE,Federal Contract Tower,5,8,3,0,16,0,0,12,2,14,5,8,15,2,30,2,0,2,32
01/06/2011,MHK,KS,ACE,CE,Federal Contract Tower,1,8,5,0,14,0,0,8,0,8,1,8,13,0,22,0,0,0,22
01/07/2011,MHK,KS,ACE,CE,Federal Contract Tower,0,10,3,0,13,0,0,1,2,3,0,10,4,2,16,0,10,10,26
01/08/2011,MHK,KS,ACE,CE,Federal Contract Tower,0,8,0,0,8,0,0,17,0,17,0,8,17,0,25,20,0,20,45
01/09/2011,MHK,KS,ACE,CE,Federal Contract Tower,0,5,4,0,9,0,0,0,0,0,0,5,4,0,9,0,0,0,9
01/10/2011,MHK,KS,ACE,CE,Federal Contract Tower,0,7,6,2,15,0,0,0,0,0,0,7,6,2,15,0,0,0,15
01/11/2011,MHK,KS,ACE,CE,Federal Contract Tower,8,11,2,0,21,0,0,0,0,0,8,11,2,0,21,0,0,0,21
01/12/2011,MHK,KS,ACE,CE,Federal Contract Tower,0,8,2,0,10,0,0,13,1,14,0,8,15,1,24,4,0,4,28
01/13/2011,MHK,KS,ACE,CE,Federal Contract Tower,0,10,4,1,15,0,0,4,0,4,0,10,8,1,19,0,0,0,19
01/14/2011,MHK,KS,ACE,CE,Federal Contract Tower,0,13,5,0,18,0,0,19,0,19,0,13,24,0,37,24,0,24,61
01/15/2011,MHK,KS,ACE,CE,Federal Contract Tower,2,10,4,1,17,0,0,15,0,15,2,10,19,1,32,8,0,8,40
01/16/2011,MHK,KS,ACE,CE,Federal Contract Tower,0,11,2,1,14,0,0,6,0,6,0,11,8,1,20,14,0,14,34
01/17/2011,MHK,KS,ACE,CE,Federal Contract Tower,0,6,4,2,12,0,0,15,0,15,0,6,19,2,27,26,0,26,53
01/18/2011,MHK,KS,ACE,CE,Federal Contract Tower,0,8,2,0,10,0,0,3,0,3,0,8,5,0,13,20,0,20,33
01/19/2011,MHK,KS,ACE,CE,Federal Contract Tower,0,6,9,0,15,0,0,4,0,4,0,6,13,0,19,4,0,4,23
01/20/2011,MHK,KS,ACE,CE,Federal Contract Tower,0,13,2,2,17,0,0,7,0,7,0,13,9,2,24,4,0,4,28
01/21/2011,MHK,KS,ACE,CE,Federal Contract Tower,0,8,6,0,14,0,0,8,0,8,0,8,14,0,22,8,0,8,30
01/22/2011,MHK,KS,ACE,CE,Federal Contract Tower,0,10,1,2,13,0,0,15,0,15,0,10,16,2,28,28,0,28,56
01/23/2011,MHK,KS,ACE,CE,Federal Contract Tower,0,8,5,0,13,0,0,2,0,2,0,8,7,0,15,16,0,16,31
01/24/2011,MHK,KS,ACE,CE,Federal Contract Tower,0,9,12,2,23,0,0,9,0,9,0,9,21,2,32,16,0,16,48
01/25/2011,MHK,KS,ACE,CE,Federal Contract Tower,0,10,5,0,15,0,0,16,0,16,0,10,21,0,31,6,0,6,37
01/26/2011,MHK,KS,ACE,CE,Federal Contract Tower,0,7,11,8,26,0,0,8,0,8,0,7,19,8,34,20,0,20,54
01/27/2011,MHK,KS,ACE,CE,Federal Contract Tower,0,10,10,0,20,0,0,21,0,21,0,10,31,0,41,2,0,2,43
01/28/2011,MHK,KS,ACE,CE,Federal Contract Tower,2,9,5,2,18,0,0,28,0,28,2,9,33,2,46,58,4,62,108
01/29/2011,MHK,KS,ACE,CE,Federal Contract Tower,3,8,2,2,15,0,0,25,0,25,3,8,27,2,40,58,0,58,98
01/30/2011,MHK,KS,ACE,CE,Federal Contract Tower,0,7,3,2,12,0,0,6,0,6,0,7,9,2,18,26,0,26,44
01/31/2011,MHK,KS,ACE,CE,Federal Contract Tower,2,9,3,0,14,0,0,0,0,0,2,9,3,0,14,0,0,0,14
02/01/2011,MHK,KS,ACE,CE,Federal Contract Tower,0,0,1,0,1,0,0,0,0,0,0,0,1,0,1,0,0,0,1
02/02/2011,MHK,KS,ACE,CE,Federal Contract Tower,0,2,11,0,13,0,0,7,0,7,0,2,18,0,20,2,0,2,22
02/03/2011,MHK,KS,ACE,CE,Federal Contract Tower,0,7,9,0,16,0,0,9,0,9,0,7,18,0,25,2,0,2,27
02/04/2011,MHK,KS,ACE,CE,Federal Contract Tower,0,5,10,2,17,0,0,9,0,9,0,5,19,2,26,6,0,6,32
02/05/2011,MHK,KS,ACE,CE,Federal Contract Tower,0,10,4,1,15,0,5,22,0,27,0,15,26,1,42,26,0,26,68
02/06/2011,MHK,KS,ACE,CE,Federal Contract Tower,0,7,1,0,8,0,0,7,0,7,0,7,8,0,15,28,0,28,43
02/07/2011,MHK,KS,ACE,CE,Federal Contract Tower,0,8,8,1,17,0,0,6,0,6,0,8,14,1,23,0,0,0,23
02/08/2011,MHK,KS,ACE,CE,Federal Contract Tower,0,12,8,0,20,0,0,0,0,0,0,12,8,0,20,0,0,0,20
02/09/2011,MHK,KS,ACE,CE,Federal Contract Tower,0,5,9,2,16,0,0,12,0,12,0,5,21,2,28,8,0,8,36
02/10/2011,MHK,KS,ACE,CE,Federal Contract Tower,0,9,8,0,17,0,0,8,0,8,0,9,16,0,25,2,0,2,27
02/11/2011,MHK,KS,ACE,CE,Federal Contract Tower,0,10,4,0,14,0,0,22,0,22,0,10,26,0,36,30,0,30,66
02/12/2011,MHK,KS,ACE,CE,Federal Contract Tower,0,7,9,0,16,0,0,29,0,29,0,7,38,0,45,56,0,56,101
02/13/2011,MHK,KS,ACE,CE,Federal Contract Tower,0,8,0,0,8,0,0,27,0,27,0,8,27,0,35,2,0,2,37
02/14/2011,MHK,KS,ACE,CE,Federal Contract Tower,0,7,14,2,23,0,0,20,0,20,0,7,34,2,43,32,0,32,75
02/15/2011,MHK,KS,ACE,CE,Federal Contract Tower,0,13,15,4,32,0,0,9,0,9,0,13,24,4,41,18,0,18,59
02/16/2011,MHK,KS,ACE,CE,Federal Contract Tower,0,7,7,2,16,0,0,16,0,16,0,7,23,2,32,20,0,20,52
02/17/2011,MHK,KS,ACE,CE,Federal Contract Tower,0,6,5,0,11,0,0,17,1,18,0,6,22,1,29,14,0,14,43
02/18/2011,MHK,KS,ACE,CE,Federal Contract Tower,0,8,5,0,13,0,0,39,1,40,0,8,44,1,53,24,0,24,77
02/19/2011,MHK,KS,ACE,CE,Federal Contract Tower,0,11,13,0,24,0,0,10,0,10,0,11,23,0,34,14,0,14,48
02/20/2011,MHK,KS,ACE,CE,Federal Contract Tower,0,12,9,0,21,0,0,10,0,10,0,12,19,0,31,0,0,0,31
02/21/2011,MHK,KS,ACE,CE,Federal Contract Tower,0,6,9,2,17,0,0,10,0,10,0,6,19,2,27,6,0,6,33
02/22/2011,MHK,KS,ACE,CE,Federal Contract Tower,0,10,8,0,18,0,0,15,0,15,0,10,23,0,33,2,0,2,35
02/23/2011,MHK,KS,ACE,CE,Federal Contract Tower,0,7,11,0,18,0,0,27,0,27,0,7,38,0,45,50,0,50,95
02/24/2011,MHK,KS,ACE,CE,Federal Contract Tower,0,4,5,0,9,0,0,0,0,0,0,4,5,0,9,0,0,0,9
02/25/2011,MHK,KS,ACE,CE,Federal Contract Tower,0,15,12,0,27,0,0,4,0,4,0,15,16,0,31,12,0,12,43
02/26/2011,MHK,KS,ACE,CE,Federal Contract Tower,0,10,10,0,20,0,0,0,0,0,0,10,10,0,20,0,0,0,20
02/27/2011,MHK,KS,ACE,CE,Federal Contract Tower,0,6,2,0,8,0,0,0,0,0,0,6,2,0,8,0,0,0,8
02/28/2011,MHK,KS,ACE,CE,Federal Contract Tower,0,8,4,0,12,0,1,22,0,23,0,9,26,0,35,20,0,20,55
03/01/2011,MHK,KS,ACE,CE,Federal Contract Tower,0,10,8,0,18,0,0,29,0,29,0,10,37,0,47,32,2,34,81
03/02/2011,MHK,KS,ACE,CE,Federal Contract Tower,0,6,9,2,17,0,0,10,0,10,0,6,19,2,27,28,2,30,57
03/03/2011,MHK,KS,ACE,CE,Federal Contract Tower,0,6,4,0,10,0,0,15,0,15,0,6,19,0,25,8,0,8,33
03/04/2011,MHK,KS,ACE,CE,Federal Contract Tower,0,7,10,0,17,0,0,6,0,6,0,7,16,0,23,28,0,28,51
03/05/2011,MHK,KS,ACE,CE,Federal Contract Tower,0,8,4,2,14,0,0,42,0,42,0,8,46,2,56,14,0,14,70
03/06/2011,MHK,KS,ACE,CE,Federal Contract Tower,3,7,4,0,14,0,0,44,0,44,3,7,48,0,58,54,0,54,112
03/07/2011,MHK,KS,ACE,CE,Federal Contract Tower,0,8,16,0,24,0,0,6,0,6,0,8,22,0,30,2,0,2,32
03/08/2011,MHK,KS,ACE,CE,Federal Contract Tower,0,6,7,0,13,0,0,0,0,0,0,6,7,0,13,0,0,0,13
03/09/2011,MHK,KS,ACE,CE,Federal Contract Tower,2,8,13,2,25,0,0,5,0,5,2,8,18,2,30,6,0,6,36
03/10/2011,MHK,KS,ACE,CE,Federal Contract Tower,0,7,5,0,12,0,0,41,0,41,0,7,46,0,53,34,0,34,87
03/11/2011,MHK,KS,ACE,CE,Federal Contract Tower,0,6,9,0,15,0,0,18,0,18,0,6,27,0,33,14,0,14,47
03/12/2011,MHK,KS,ACE,CE,Federal Contract Tower,0,5,3,0,8,0,0,43,0,43,0,5,46,0,51,46,0,46,97
03/13/2011,MHK,KS,ACE,CE,Federal Contract Tower,0,6,4,0,10,0,0,27,0,27,0,6,31,0,37,46,0,46,83
03/14/2011,MHK,KS,ACE,CE,Federal Contract Tower,0,10,13,2,25,0,0,16,0,16,0,10,29,2,41,46,0,46,87
03/15/2011,MHK,KS,ACE,CE,Federal Contract Tower,2,8,5,0,15,0,1,21,0,22,2,9,26,0,37,22,0,22,59
03/16/2011,MHK,KS,ACE,CE,Federal Contract Tower,0,8,3,0,11,0,0,25,2,27,0,8,28,2,38,60,0,60,98
03/17/2011,MHK,KS,ACE,CE,Federal Contract Tower,0,8,8,0,16,0,1,16,0,17,0,9,24,0,33,16,0,16,49
03/18/2011,MHK,KS,ACE,CE,Federal Contract Tower,2,7,12,0,21,0,0,28,0,28,2,7,40,0,49,26,0,26,75
03/19/2011,MHK,KS,ACE,CE,Federal Contract Tower,0,5,3,0,8,0,0,7,0,7,0,5,10,0,15,16,0,16,31
03/20/2011,MHK,KS,ACE,CE,Federal Contract Tower,0,6,5,0,11,0,0,9,0,9,0,6,14,0,20,28,0,28,48
03/21/2011,MHK,KS,ACE,CE,Federal Contract Tower,2,7,7,0,16,0,0,13,0,13,2,7,20,0,29,10,0,10,39
03/22/2011,MHK,KS,ACE,CE,Federal Contract Tower,0,6,9,0,15,0,0,3,0,3,0,6,12,0,18,6,0,6,24
03/23/2011,MHK,KS,ACE,CE,Federal Contract Tower,0,7,4,3,14,0,0,14,0,14,0,7,18,3,28,0,0,0,28
03/24/2011,MHK,KS,ACE,CE,Federal Contract Tower,0,7,1,2,10,0,2,17,5,24,0,9,18,7,34,8,0,8,42
03/25/2011,MHK,KS,ACE,CE,Federal Contract Tower,0,7,6,0,13,0,0,9,0,9,0,7,15,0,22,44,0,44,66
03/26/2011,MHK,KS,ACE,CE,Federal Contract Tower,0,6,6,2,14,0,0,2,0,2,0,6,8,2,16,0,0,0,16
03/27/2011,MHK,KS,ACE,CE,Federal Contract Tower,0,6,4,0,10,0,0,12,0,12,0,6,16,0,22,26,0,26,48
03/28/2011,MHK,KS,ACE,CE,Federal Contract Tower,0,9,4,2,15,0,0,3,0,3,0,9,7,2,18,4,0,4,22
03/29/2011,MHK,KS,ACE,CE,Federal Contract Tower,0,6,0,0,6,0,0,6,0,6,0,6,6,0,12,22,0,22,34
03/30/2011,MHK,KS,ACE,CE,Federal Contract Tower,0,8,6,0,14,0,0,16,0,16,0,8,22,0,30,38,0,38,68
03/31/2011,MHK,KS,ACE,CE,Federal Contract Tower,0,9,5,0,14,0,0,6,0,6,0,9,11,0,20,2,0,2,22
04/01/2011,MHK,KS,ACE,CE,Federal Contract Tower,0,7,12,0,19,0,0,38,0,38,0,7,50,0,57,76,0,76,133
04/02/2011,MHK,KS,ACE,CE,Federal Contract Tower,0,9,1,0,10,0,0,22,0,22,0,9,23,0,32,10,0,10,42
04/03/2011,MHK,KS,ACE,CE,Federal Contract Tower,0,9,2,0,11,0,0,13,0,13,0,9,15,0,24,20,0,20,44
04/04/2011,MHK,KS,ACE,CE,Federal Contract Tower,0,7,7,2,16,0,0,11,2,13,0,7,18,4,29,24,0,24,53
04/05/2011,MHK,KS,ACE,CE,Federal Contract Tower,0,6,6,2,14,0,0,18,1,19,0,6,24,3,33,48,0,48,81
04/06/2011,MHK,KS,ACE,CE,Federal Contract Tower,0,6,5,1,12,0,0,27,1,28,0,6,32,2,40,60,0,60,100
04/07/2011,MHK,KS,ACE,CE,Federal Contract Tower,0,5,6,1,12,0,2,8,0,10,0,7,14,1,22,12,0,12,34
04/08/2011,MHK,KS,ACE,CE,Federal Contract Tower,0,6,4,0,10,0,0,4,0,4,0,6,8,0,14,0,0,0,14
04/09/2011,MHK,KS,ACE,CE,Federal Contract Tower,0,6,8,0,14,0,0,11,0,11,0,6,19,0,25,10,0,10,35
04/10/2011,MHK,KS,ACE,CE,Federal Contract Tower,0,5,8,0,13,0,2,20,0,22,0,7,28,0,35,0,0,0,35
04/11/2011,MHK,KS,ACE,CE,Federal Contract Tower,0,6,6,0,12,0,0,14,0,14,0,6,20,0,26,18,0,18,44
04/12/2011,MHK,KS,ACE,CE,Federal Contract Tower,0,8,10,0,18,0,0,27,0,27,0,8,37,0,45,30,0,30,75
04/13/2011,MHK,KS,ACE,CE,Federal Contract Tower,0,5,2,0,7,0,2,28,0,30,0,7,30,0,37,40,0,40,77
04/14/2011,MHK,KS,ACE,CE,Federal Contract Tower,0,8,5,0,13,0,0,10,0,10,0,8,15,0,23,2,0,2,25
04/15/2011,MHK,KS,ACE,CE,Federal Contract Tower,0,5,2,0,7,0,0,0,0,0,0,5,2,0,7,0,0,0,7
04/16/2011,MHK,KS,ACE,CE,Federal Contract Tower,0,6,7,0,13,0,0,28,0,28,0,6,35,0,41,36,0,36,77
04/17/2011,MHK,KS,ACE,CE,Federal Contract Tower,0,7,3,2,12,0,0,38,0,38,0,7,41,2,50,104,0,104,154
04/18/2011,MHK,KS,ACE,CE,Federal Contract Tower,0,5,16,0,21,0,0,32,0,32,0,5,48,0,53,54,0,54,107
04/19/2011,MHK,KS,ACE,CE,Federal Contract Tower,0,5,13,8,26,0,0,4,4,8,0,5,17,12,34,0,0,0,34
04/20/2011,MHK,KS,ACE,CE,Federal Contract Tower,1,5,12,0,18,0,0,16,2,18,1,5,28,2,36,16,0,16,52
04/21/2011,MHK,KS,ACE,CE,Federal Contract Tower,0,7,2,0,9,0,0,5,0,5,0,7,7,0,14,6,0,6,20
04/22/2011,MHK,KS,ACE,CE,Federal Contract Tower,0,7,11,0,18,0,0,11,0,11,0,7,22,0,29,14,0,14,43
04/23/2011,MHK,KS,ACE,CE,Federal Contract Tower,0,8,9,2,19,0,0,25,0,25,0,8,34,2,44,26,0,26,70
04/24/2011,MHK,KS,ACE,CE,Federal Contract Tower,0,5,6,0,11,0,0,7,0,7,0,5,13,0,18,32,0,32,50
04/25/2011,MHK,KS,ACE,CE,Federal Contract Tower,0,5,9,0,14,0,0,0,0,0,0,5,9,0,14,0,0,0,14
04/26/2011,MHK,KS,ACE,CE,Federal Contract Tower,0,7,6,0,13,0,0,11,0,11,0,7,17,0,24,24,0,24,48
04/27/2011,MHK,KS,ACE,CE,Federal Contract Tower,0,5,5,2,12,0,0,14,0,14,0,5,19,2,26,30,0,30,56
04/28/2011,MHK,KS,ACE,CE,Federal Contract Tower,0,7,4,2,13,0,0,21,0,21,0,7,25,2,34,40,0,40,74
04/29/2011,MHK,KS,ACE,CE,Federal Contract Tower,0,5,9,3,17,0,0,6,0,6,0,5,15,3,23,2,0,2,25
04/30/2011,MHK,KS,ACE,CE,Federal Contract Tower,0,5,3,2,10,0,0,20,0,20,0,5,23,2,30,22,0,22,52
05/01/2011,MHK,KS,ACE,CE,Federal Contract Tower,0,3,4,1,8,0,0,25,0,25,0,3,29,1,33,36,0,36,69
05/02/2011,MHK,KS,ACE,CE,Federal Contract Tower,0,5,3,0,8,0,0,18,0,18,0,5,21,0,26,4,0,4,30
05/03/2011,MHK,KS,ACE,CE,Federal Contract Tower,2,6,10,0,18,0,1,28,0,29,2,7,38,0,47,18,0,18,65
05/04/2011,MHK,KS,ACE,CE,Federal Contract Tower,0,8,7,2,17,0,0,5,0,5,0,8,12,2,22,0,0,0,22
05/05/2011,MHK,KS,ACE,CE,Federal Contract Tower,0,8,12,0,20,0,0,18,4,22,0,8,30,4,42,4,0,4,46
05/06/2011,MHK,KS,ACE,CE,Federal Contract Tower,0,8,8,0,16,0,0,17,0,17,0,8,25,0,33,6,0,6,39
05/07/2011,MHK,KS,ACE,CE,Federal Contract Tower,0,5,5,0,10,0,4,44,0,48,0,9,49,0,58,44,0,44,102
05/08/2011,MHK,KS,ACE,CE,Federal Contract Tower,0,6,7,0,13,0,0,19,0,19,0,6,26,0,32,6,0,6,38
05/09/2011,MHK,KS,ACE,CE,Federal Contract Tower,0,5,12,0,17,0,0,7,1,8,0,5,19,1,25,6,0,6,31
05/10/2011,MHK,KS,ACE,CE,Federal Contract Tower,0,7,6,3,16,0,0,18,0,18,0,7,24,3,34,36,0,36,70
05/11/2011,MHK,KS,ACE,CE,Federal Contract Tower,0,3,5,0,8,0,0,8,0,8,0,3,13,0,16,24,0,24,40
05/12/2011,MHK,KS,ACE,CE,Federal Contract Tower,0,8,8,0,16,0,0,23,0,23,0,8,31,0,39,48,0,48,87
05/13/2011,MHK,KS,ACE,CE,Federal Contract Tower,0,11,12,2,25,0,0,4,0,4,0,11,16,2,29,0,0,0,29
05/14/2011,MHK,KS,ACE,CE,Federal Contract Tower,0,6,6,0,12,0,0,18,0,18,0,6,24,0,30,16,0,16,46
05/15/2011,MHK,KS,ACE,CE,Federal Contract Tower,0,5,9,0,14,0,0,15,0,15,0,5,24,0,29,62,0,62,91
05/16/2011,MHK,KS,ACE,CE,Federal Contract Tower,0,7,8,2,17,0,0,24,0,24,0,7,32,2,41,34,0,34,75
05/17/2011,MHK,KS,ACE,CE,Federal Contract Tower,0,6,8,0,14,0,0,27,0,27,0,6,35,0,41,38,0,38,79
05/18/2011,MHK,KS,ACE,CE,Federal Contract Tower,0,13,9,2,24,0,0,8,0,8,0,13,17,2,32,2,0,2,34
05/19/2011,MHK,KS,ACE,CE,Federal Contract Tower,0,8,16,2,26,0,0,1,0,1,0,8,17,2,27,0,0,0,27
05/20/2011,MHK,KS,ACE,CE,Federal Contract Tower,0,7,4,0,11,0,0,7,0,7,0,7,11,0,18,10,0,10,28
05/21/2011,MHK,KS,ACE,CE,Federal Contract Tower,0,8,4,0,12,0,3,44,0,47,0,11,48,0,59,56,0,56,115
05/22/2011,MHK,KS,ACE,CE,Federal Contract Tower,0,7,2,0,9,0,0,23,0,23,0,7,25,0,32,56,0,56,88
05/23/2011,MHK,KS,ACE,CE,Federal Contract Tower,0,2,6,2,10,0,0,31,0,31,0,2,37,2,41,92,0,92,133
05/24/2011,MHK,KS,ACE,CE,Federal Contract Tower,0,5,11,5,21,0,0,4,0,4,0,5,15,5,25,18,0,18,43
05/25/2011,MHK,KS,ACE,CE,Federal Contract Tower,0,5,5,3,13,0,0,6,0,6,0,5,11,3,19,20,0,20,39
05/26/2011,MHK,KS,ACE,CE,Federal Contract Tower,0,5,5,2,12,0,0,11,0,11,0,5,16,2,23,0,2,2,25
05/27/2011,MHK,KS,ACE,CE,Federal Contract Tower,0,10,13,0,23,0,0,5,6,11,0,10,18,6,34,24,0,24,58
05/28/2011,MHK,KS,ACE,CE,Federal Contract Tower,0,5,6,2,13,0,0,9,0,9,0,5,15,2,22,36,0,36,58
05/29/2011,MHK,KS,ACE,CE,Federal Contract Tower,0,7,6,0,13,0,0,6,3,9,0,7,12,3,22,38,0,38,60
05/30/2011,MHK,KS,ACE,CE,Federal Contract Tower,0,6,4,2,12,0,0,6,0,6,0,6,10,2,18,2,0,2,20
05/31/2011,MHK,KS,ACE,CE,Federal Contract Tower,0,6,7,4,17,0,0,23,1,24,0,6,30,5,41,52,2,54,95
06/01/2011,MHK,KS,ACE,CE,Federal Contract Tower,2,5,8,0,15,0,0,17,0,17,2,5,25,0,32,50,2,52,84
06/02/2011,MHK,KS,ACE,CE,Federal Contract Tower,0,8,7,1,16,0,0,25,0,25,0,8,32,1,41,10,14,24,65
06/03/2011,MHK,KS,ACE,CE,Federal Contract Tower,0,7,6,0,13,0,0,16,0,16,0,7,22,0,29,0,0,0,29
06/04/2011,MHK,KS,ACE,CE,Federal Contract Tower,0,7,1,2,10,0,0,24,0,24,0,7,25,2,34,56,0,56,90
06/05/2011,MHK,KS,ACE,CE,Federal Contract Tower,2,6,1,0,9,0,0,47,0,47,2,6,48,0,56,64,0,64,120
06/06/2011,MHK,KS,ACE,CE,Federal Contract Tower,0,6,9,5,20,0,0,16,2,18,0,6,25,7,38,0,16,16,54
06/07/2011,MHK,KS,ACE,CE,Federal Contract Tower,0,4,7,2,13,0,0,15,0,15,0,4,22,2,28,2,6,8,36
06/08/2011,MHK,KS,ACE,CE,Federal Contract Tower,0,8,2,2,12,0,1,19,4,24,0,9,21,6,36,42,0,42,78
06/09/2011,MHK,KS,ACE,CE,Federal Contract Tower,0,5,6,0,11,0,0,10,0,10,0,5,16,0,21,4,2,6,27
06/10/2011,MHK,KS,ACE,CE,Federal Contract Tower,0,11,23,0,34,0,0,12,0,12,0,11,35,0,46,28,0,28,74
06/11/2011,MHK,KS,ACE,CE,Federal Contract Tower,0,6,5,0,11,0,0,27,0,27,0,6,32,0,38,16,0,16,54
06/12/2011,MHK,KS,ACE,CE,Federal Contract Tower,0,6,2,0,8,0,0,17,0,17,0,6,19,0,25,66,0,66,91
06/13/2011,MHK,KS,ACE,CE,Federal Contract Tower,0,5,10,2,17,0,2,14,0,16,0,7,24,2,33,16,0,16,49
06/14/2011,MHK,KS,ACE,CE,Federal Contract Tower,0,8,13,5,26,0,0,17,1,18,0,8,30,6,44,26,6,32,76
06/15/2011,MHK,KS,ACE,CE,Federal Contract Tower,0,10,2,0,12,0,0,27,2,29,0,10,29,2,41,40,6,46,87
06/16/2011,MHK,KS,ACE,CE,Federal Contract Tower,0,10,6,2,18,0,0,15,0,15,0,10,21,2,33,6,4,10,43
06/17/2011,MHK,KS,ACE,CE,Federal Contract Tower,0,8,8,0,16,0,0,34,0,34,0,8,42,0,50,54,0,54,104
06/18/2011,MHK,KS,ACE,CE,Federal Contract Tower,0,5,3,0,8,0,0,39,0,39,0,5,42,0,47,18,0,18,65
06/19/2011,MHK,KS,ACE,CE,Federal Contract Tower,0,6,3,0,9,0,0,30,0,30,0,6,33,0,39,52,0,52,91
06/20/2011,MHK,KS,ACE,CE,Federal Contract Tower,0,5,9,2,16,0,0,4,1,5,0,5,13,3,21,2,0,2,23
06/21/2011,MHK,KS,ACE,CE,Federal Contract Tower,0,8,11,2,21,0,0,8,3,11,0,8,19,5,32,2,0,2,34
06/22/2011,MHK,KS,ACE,CE,Federal Contract Tower,0,5,6,2,13,0,0,21,2,23,0,5,27,4,36,10,2,12,48
06/23/2011,MHK,KS,ACE,CE,Federal Contract Tower,0,6,11,0,17,0,0,43,2,45,0,6,54,2,62,44,4,48,110
06/24/2011,MHK,KS,ACE,CE,Federal Contract Tower,0,6,9,0,15,0,2,22,2,26,0,8,31,2,41,46,0,46,87
06/25/2011,MHK,KS,ACE,CE,Federal Contract Tower,0,6,7,0,13,0,0,15,0,15,0,6,22,0,28,52,0,52,80
06/26/2011,MHK,KS,ACE,CE,Federal Contract Tower,0,5,5,0,10,0,0,17,0,17,0,5,22,0,27,22,0,22,49
06/27/2011,MHK,KS,ACE,CE,Federal Contract Tower,0,5,13,2,20,0,0,11,0,11,0,5,24,2,31,32,2,34,65
06/28/2011,MHK,KS,ACE,CE,Federal Contract Tower,0,6,8,2,16,0,0,22,0,22,0,6,30,2,38,14,0,14,52
06/29/2011,MHK,KS,ACE,CE,Federal Contract Tower,0,8,3,5,16,0,0,13,7,20,0,8,16,12,36,20,0,20,56
06/30/2011,MHK,KS,ACE,CE,Federal Contract Tower,0,9,1,0,10,0,0,11,0,11,0,9,12,0,21,14,0,14,35
07/01/2011,MHK,KS,ACE,CE,Federal Contract Tower,0,4,7,0,11,0,0,23,0,23,0,4,30,0,34,16,0,16,50
07/02/2011,MHK,KS,ACE,CE,Federal Contract Tower,0,5,3,0,8,0,0,18,0,18,0,5,21,0,26,18,0,18,44
07/03/2011,MHK,KS,ACE,CE,Federal Contract Tower,0,7,2,0,9,0,0,4,0,4,0,7,6,0,13,10,0,10,23
07/04/2011,MHK,KS,ACE,CE,Federal Contract Tower,0,5,2,0,7,0,0,11,0,11,0,5,13,0,18,10,0,10,28
07/05/2011,MHK,KS,ACE,CE,Federal Contract Tower,0,5,11,2,18,0,0,11,0,11,0,5,22,2,29,10,12,22,51
07/06/2011,MHK,KS,ACE,CE,Federal Contract Tower,0,6,2,2,10,0,0,13,0,13,0,6,15,2,23,32,10,42,65
07/07/2011,MHK,KS,ACE,CE,Federal Contract Tower,0,8,6,4,18,0,0,23,0,23,0,8,29,4,41,26,4,30,71
07/08/2011,MHK,KS,ACE,CE,Federal Contract Tower,0,6,5,0,11,0,0,14,0,14,0,6,19,0,25,4,0,4,29
07/09/2011,MHK,KS,ACE,CE,Federal Contract Tower,0,6,2,0,8,0,0,21,0,21,0,6,23,0,29,14,0,14,43
07/10/2011,MHK,KS,ACE,CE,Federal Contract Tower,0,6,4,0,10,0,0,27,0,27,0,6,31,0,37,48,0,48,85
07/11/2011,MHK,KS,ACE,CE,Federal Contract Tower,0,6,7,1,14,0,0,12,2,14,0,6,19,3,28,26,2,28,56
07/12/2011,MHK,KS,ACE,CE,Federal Contract Tower,0,6,17,2,25,0,0,12,2,14,0,6,29,4,39,4,4,8,47
07/13/2011,MHK,KS,ACE,CE,Federal Contract Tower,0,7,2,1,10,0,0,12,0,12,0,7,14,1,22,18,10,28,50
07/14/2011,MHK,KS,ACE,CE,Federal Contract Tower,2,6,5,2,15,0,0,21,2,23,2,6,26,4,38,22,20,42,80
07/15/2011,MHK,KS,ACE,CE,Federal Contract Tower,0,5,6,0,11,0,0,28,0,28,0,5,34,0,39,8,0,8,47
07/16/2011,MHK,KS,ACE,CE,Federal Contract Tower,0,6,1,0,7,0,0,24,0,24,0,6,25,0,31,18,0,18,49
07/17/2011,MHK,KS,ACE,CE,Federal Contract Tower,0,11,2,0,13,0,0,25,0,25,0,11,27,0,38,36,0,36,74
07/18/2011,MHK,KS,ACE,CE,Federal Contract Tower,0,10,14,0,24,0,0,15,0,15,0,10,29,0,39,10,2,12,51
07/19/2011,MHK,KS,ACE,CE,Federal Contract Tower,0,7,14,8,29,0,0,10,0,10,0,7,24,8,39,4,4,8,47
07/20/2011,MHK,KS,ACE,CE,Federal Contract Tower,0,6,6,3,15,0,0,15,0,15,0,6,21,3,30,12,10,22,52
07/21/2011,MHK,KS,ACE,CE,Federal Contract Tower,0,6,2,2,10,0,0,23,1,24,0,6,25,3,34,32,2,34,68
07/22/2011,MHK,KS,ACE,CE,Federal Contract Tower,0,5,11,0,16,0,0,9,0,9,0,5,20,0,25,6,0,6,31
07/23/2011,MHK,KS,ACE,CE,Federal Contract Tower,0,8,3,4,15,0,0,18,0,18,0,8,21,4,33,30,0,30,63
07/24/2011,MHK,KS,ACE,CE,Federal Contract Tower,0,5,6,2,13,0,0,9,0,9,0,5,15,2,22,0,0,0,22
07/25/2011,MHK,KS,ACE,CE,Federal Contract Tower,0,7,13,0,20,0,0,11,0,11,0,7,24,0,31,0,2,2,33
07/26/2011,MHK,KS,ACE,CE,Federal Contract Tower,0,9,13,2,24,0,0,13,0,13,0,9,26,2,37,8,2,10,47
07/27/2011,MHK,KS,ACE,CE,Federal Contract Tower,0,5,6,2,13,0,0,4,0,4,0,5,10,2,17,2,0,2,19
07/28/2011,MHK,KS,ACE,CE,Federal Contract Tower,0,8,4,0,12,0,0,13,0,13,0,8,17,0,25,12,6,18,43
07/29/2011,MHK,KS,ACE,CE,Federal Contract Tower,0,7,3,0,10,0,0,4,0,4,0,7,7,0,14,0,0,0,14
07/30/2011,MHK,KS,ACE,CE,Federal Contract Tower,0,5,2,0,7,0,0,16,0,16,0,5,18,0,23,10,0,10,33
07/31/2011,MHK,KS,ACE,CE,Federal Contract Tower,0,5,2,0,7,0,0,27,0,27,0,5,29,0,34,20,0,20,54
08/01/2011,MHK,KS,ACE,CE,Federal Contract Tower,0,9,1,0,10,0,0,17,0,17,0,9,18,0,27,8,2,10,37
08/02/2011,MHK,KS,ACE,CE,Federal Contract Tower,0,9,13,2,24,0,0,8,2,10,0,9,21,4,34,12,0,12,46
08/03/2011,MHK,KS,ACE,CE,Federal Contract Tower,0,6,3,2,11,0,0,14,2,16,0,6,17,4,27,8,12,20,47
08/04/2011,MHK,KS,ACE,CE,Federal Contract Tower,0,6,7,2,15,0,0,8,0,8,0,6,15,2,23,4,0,4,27
08/05/2011,MHK,KS,ACE,CE,Federal Contract Tower,0,7,1,2,10,0,0,19,0,19,0,7,20,2,29,24,0,24,53
08/06/2011,MHK,KS,ACE,CE,Federal Contract Tower,0,6,6,0,12,0,0,15,0,15,0,6,21,0,27,8,0,8,35
08/07/2011,MHK,KS,ACE,CE,Federal Contract Tower,0,5,4,2,11,0,0,13,0,13,0,5,17,2,24,24,0,24,48
08/08/2011,MHK,KS,ACE,CE,Federal Contract Tower,0,7,1,2,10,0,0,11,0,11,0,7,12,2,21,12,0,12,33
08/09/2011,MHK,KS,ACE,CE,Federal Contract Tower,0,5,7,2,14,0,0,15,0,15,0,5,22,2,29,8,10,18,47
08/10/2011,MHK,KS,ACE,CE,Federal Contract Tower,0,6,8,2,16,0,0,14,0,14,0,6,22,2,30,22,2,24,54
08/11/2011,MHK,KS,ACE,CE,Federal Contract Tower,0,5,3,0,8,0,0,33,0,33,0,5,36,0,41,16,4,20,61
08/12/2011,MHK,KS,ACE,CE,Federal Contract Tower,0,10,5,0,15,0,0,7,0,7,0,10,12,0,22,8,0,8,30
08/13/2011,MHK,KS,ACE,CE,Federal Contract Tower,0,7,2,0,9,0,0,26,0,26,0,7,28,0,35,28,0,28,63
08/14/2011,MHK,KS,ACE,CE,Federal Contract Tower,0,9,3,0,12,0,0,22,0,22,0,9,25,0,34,36,0,36,70
08/15/2011,MHK,KS,ACE,CE,Federal Contract Tower,0,5,12,2,19,0,0,5,1,6,0,5,17,3,25,0,0,0,25
08/16/2011,MHK,KS,ACE,CE,Federal Contract Tower,0,6,9,0,15,0,0,30,0,30,0,6,39,0,45,8,4,12,57
08/17/2011,MHK,KS,ACE,CE,Federal Contract Tower,0,6,4,0,10,0,0,17,2,19,0,6,21,2,29,20,12,32,61
08/18/2011,MHK,KS,ACE,CE,Federal Contract Tower,0,7,5,2,14,0,0,10,2,12,0,7,15,4,26,8,20,28,54
08/19/2011,MHK,KS,ACE,CE,Federal Contract Tower,0,6,16,0,22,0,2,19,0,21,0,8,35,0,43,6,0,6,49
08/20/2011,MHK,KS,ACE,CE,Federal Contract Tower,0,5,5,0,10,0,0,15,0,15,0,5,20,0,25,8,0,8,33
08/21/2011,MHK,KS,ACE,CE,Federal Contract Tower,0,7,4,0,11,0,0,36,1,37,0,7,40,1,48,2,0,2,50
08/22/2011,MHK,KS,ACE,CE,Federal Contract Tower,0,7,15,2,24,0,0,7,0,7,0,7,22,2,31,2,6,8,39
08/23/2011,MHK,KS,ACE,CE,Federal Contract Tower,0,8,15,2,25,0,0,10,0,10,0,8,25,2,35,14,2,16,51
08/24/2011,MHK,KS,ACE,CE,Federal Contract Tower,0,8,6,4,18,0,0,14,0,14,0,8,20,4,32,18,2,20,52
08/25/2011,MHK,KS,ACE,CE,Federal Contract Tower,0,6,6,6,18,0,0,17,0,17,0,6,23,6,35,2,0,2,37
08/26/2011,MHK,KS,ACE,CE,Federal Contract Tower,0,6,8,5,19,0,0,20,1,21,0,6,28,6,40,20,0,20,60
08/27/2011,MHK,KS,ACE,CE,Federal Contract Tower,0,6,9,4,19,0,0,29,1,30,0,6,38,5,49,32,0,32,81
08/28/2011,MHK,KS,ACE,CE,Federal Contract Tower,0,6,8,0,14,0,2,22,1,25,0,8,30,1,39,44,0,44,83
08/29/2011,MHK,KS,ACE,CE,Federal Contract Tower,0,5,9,8,22,0,0,7,2,9,0,5,16,10,31,4,8,12,43
08/30/2011,MHK,KS,ACE,CE,Federal Contract Tower,0,7,17,4,28,0,0,18,0,18,0,7,35,4,46,18,0,18,64
08/31/2011,MHK,KS,ACE,CE,Federal Contract Tower,0,6,6,0,12,0,0,26,0,26,0,6,32,0,38,30,18,48,86
09/01/2011,MHK,KS,ACE,CE,Federal Contract Tower,0,6,10,0,16,0,0,12,0,12,0,6,22,0,28,4,0,4,32
09/02/2011,MHK,KS,ACE,CE,Federal Contract Tower,2,8,9,0,19,0,0,19,0,19,2,8,28,0,38,0,0,0,38
09/03/2011,MHK,KS,ACE,CE,Federal Contract Tower,0,4,11,0,15,0,0,17,0,17,0,4,28,0,32,14,0,14,46
09/04/2011,MHK,KS,ACE,CE,Federal Contract Tower,0,5,4,0,9,0,0,19,0,19,0,5,23,0,28,48,0,48,76
09/05/2011,MHK,KS,ACE,CE,Federal Contract Tower,0,5,10,0,15,0,0,40,0,40,0,5,50,0,55,28,0,28,83
09/06/2011,MHK,KS,ACE,CE,Federal Contract Tower,0,6,15,2,23,0,0,25,0,25,0,6,40,2,48,0,2,2,50
09/07/2011,MHK,KS,ACE,CE,Federal Contract Tower,0,6,11,0,17,0,0,11,0,11,0,6,22,0,28,20,2,22,50
09/08/2011,MHK,KS,ACE,CE,Federal Contract Tower,0,10,3,0,13,0,0,21,1,22,0,10,24,1,35,10,4,14,49
09/09/2011,MHK,KS,ACE,CE,Federal Contract Tower,0,10,8,7,25,0,0,22,1,23,0,10,30,8,48,22,2,24,72
09/10/2011,MHK,KS,ACE,CE,Federal Contract Tower,0,6,4,1,11,0,0,19,0,19,0,6,23,1,30,72,0,72,102
09/11/2011,MHK,KS,ACE,CE,Federal Contract Tower,0,6,5,0,11,0,0,30,0,30,0,6,35,0,41,27,0,27,68
09/12/2011,MHK,KS,ACE,CE,Federal Contract Tower,2,6,13,0,21,0,0,13,0,13,2,6,26,0,34,2,0,2,36
09/13/2011,MHK,KS,ACE,CE,Federal Contract Tower,0,8,5,4,17,0,0,20,0,20,0,8,25,4,37,8,0,8,45
09/14/2011,MHK,KS,ACE,CE,Federal Contract Tower,0,11,6,1,18,0,0,16,0,16,0,11,22,1,34,20,14,34,68
09/15/2011,MHK,KS,ACE,CE,Federal Contract Tower,0,6,13,4,23,0,0,27,2,29,0,6,40,6,52,16,4,20,72
09/16/2011,MHK,KS,ACE,CE,Federal Contract Tower,1,8,9,8,26,0,0,10,0,10,1,8,19,8,36,8,8,16,52
09/17/2011,MHK,KS,ACE,CE,Federal Contract Tower,0,6,7,2,15,0,0,2,0,2,0,6,9,2,17,0,0,0,17
09/18/2011,MHK,KS,ACE,CE,Federal Contract Tower,0,5,5,0,10,0,0,7,0,7,0,5,12,0,17,34,0,34,51
09/19/2011,MHK,KS,ACE,CE,Federal Contract Tower,0,6,7,6,19,0,0,10,1,11,0,6,17,7,30,2,20,22,52
09/20/2011,MHK,KS,ACE,CE,Federal Contract Tower,0,5,10,15,30,0,0,22,10,32,0,5,32,25,62,46,8,54,116
09/21/2011,MHK,KS,ACE,CE,Federal Contract Tower,0,4,15,4,23,0,0,20,2,22,0,4,35,6,45,22,14,36,81
09/22/2011,MHK,KS,ACE,CE,Federal Contract Tower,0,10,8,1,19,0,0,28,0,28,0,10,36,1,47,42,24,66,113
09/23/2011,MHK,KS,ACE,CE,Federal Contract Tower,3,6,5,1,15,0,0,27,0,27,3,6,32,1,42,16,2,18,60
09/24/2011,MHK,KS,ACE,CE,Federal Contract Tower,0,6,5,2,13,0,0,28,0,28,0,6,33,2,41,50,0,50,91
09/25/2011,MHK,KS,ACE,CE,Federal Contract Tower,0,6,1,0,7,0,0,45,0,45,0,6,46,0,52,38,0,38,90
09/26/2011,MHK,KS,ACE,CE,Federal Contract Tower,0,5,7,0,12,0,0,23,0,23,0,5,30,0,35,6,12,18,53
09/27/2011,MHK,KS,ACE,CE,Federal Contract Tower,0,6,10,2,18,0,0,30,0,30,0,6,40,2,48,32,12,44,92
09/28/2011,MHK,KS,ACE,CE,Federal Contract Tower,0,7,4,0,11,0,1,17,0,18,0,8,21,0,29,8,0,8,37
09/29/2011,MHK,KS,ACE,CE,Federal Contract Tower,0,6,3,2,11,0,1,22,0,23,0,7,25,2,34,8,44,52,86
09/30/2011,MHK,KS,ACE,CE,Federal Contract Tower,2,7,6,0,15,0,0,38,0,38,2,7,44,0,53,20,0,20,73
10/01/2011,MHK,KS,ACE,CE,Federal Contract Tower,2,6,19,0,27,0,0,54,0,54,2,6,73,0,81,30,0,30,111
10/02/2011,MHK,KS,ACE,CE,Federal Contract Tower,0,6,5,0,11,0,0,40,0,40,0,6,45,0,51,14,0,14,65
10/03/2011,MHK,KS,ACE,CE,Federal Contract Tower,0,6,6,1,13,0,0,20,1,21,0,6,26,2,34,10,12,22,56
10/04/2011,MHK,KS,ACE,CE,Federal Contract Tower,0,6,10,3,19,0,0,23,0,23,0,6,33,3,42,40,52,92,134
10/05/2011,MHK,KS,ACE,CE,Federal Contract Tower,0,8,9,6,23,0,0,12,2,14,0,8,21,8,37,30,6,36,73
10/06/2011,MHK,KS,ACE,CE,Federal Contract Tower,0,7,7,0,14,0,0,10,0,10,0,7,17,0,24,0,0,0,24
10/07/2011,MHK,KS,ACE,CE,Federal Contract Tower,3,7,9,4,23,0,0,9,0,9,3,7,18,4,32,0,2,2,34
10/08/2011,MHK,KS,ACE,CE,Federal Contract Tower,1,7,21,0,29,0,0,12,0,12,1,7,33,0,41,2,0,2,43
10/09/2011,MHK,KS,ACE,CE,Federal Contract Tower,0,8,7,2,17,0,0,7,0,7,0,8,14,2,24,6,0,6,30
10/10/2011,MHK,KS,ACE,CE,Federal Contract Tower,0,8,8,1,17,0,0,4,0,4,0,8,12,1,21,0,0,0,21
10/11/2011,MHK,KS,ACE,CE,Federal Contract Tower,0,6,9,2,17,0,0,27,0,27,0,6,36,2,44,52,32,84,128
10/12/2011,MHK,KS,ACE,CE,Federal Contract Tower,0,10,2,0,12,0,0,19,0,19,0,10,21,0,31,18,24,42,73
10/13/2011,MHK,KS,ACE,CE,Federal Contract Tower,0,7,6,5,18,0,0,26,0,26,0,7,32,5,44,12,40,52,96
10/14/2011,MHK,KS,ACE,CE,Federal Contract Tower,2,5,5,0,12,0,0,35,2,37,2,5,40,2,49,46,6,52,101
10/15/2011,MHK,KS,ACE,CE,Federal Contract Tower,0,6,9,0,15,0,0,23,0,23,0,6,32,0,38,8,0,8,46
10/16/2011,MHK,KS,ACE,CE,Federal Contract Tower,0,7,5,2,14,0,0,18,0,18,0,7,23,2,32,0,0,0,32
10/17/2011,MHK,KS,ACE,CE,Federal Contract Tower,0,7,7,2,16,0,0,9,2,11,0,7,16,4,27,14,2,16,43
10/18/2011,MHK,KS,ACE,CE,Federal Contract Tower,0,6,14,3,23,0,0,10,10,20,0,6,24,13,43,40,16,56,99
10/19/2011,MHK,KS,ACE,CE,Federal Contract Tower,0,6,6,2,14,0,0,18,26,44,0,6,24,28,58,16,30,46,104
10/20/2011,MHK,KS,ACE,CE,Federal Contract Tower,0,14,8,0,22,0,0,27,4,31,0,14,35,4,53,62,14,76,129
10/21/2011,MHK,KS,ACE,CE,Federal Contract Tower,0,7,13,10,30,0,0,41,0,41,0,7,54,10,71,42,2,44,115
10/22/2011,MHK,KS,ACE,CE,Federal Contract Tower,0,8,2,0,10,0,0,22,0,22,0,8,24,0,32,20,0,20,52
10/23/2011,MHK,KS,ACE,CE,Federal Contract Tower,0,7,6,0,13,0,0,31,0,31,0,7,37,0,44,40,0,40,84
10/24/2011,MHK,KS,ACE,CE,Federal Contract Tower,0,3,5,0,8,0,0,19,0,19,0,3,24,0,27,10,2,12,39
10/25/2011,MHK,KS,ACE,CE,Federal Contract Tower,0,5,14,0,19,0,0,7,0,7,0,5,21,0,26,0,6,6,32
10/26/2011,MHK,KS,ACE,CE,Federal Contract Tower,1,10,13,4,28,0,0,11,2,13,1,10,24,6,41,14,22,36,77
10/27/2011,MHK,KS,ACE,CE,Federal Contract Tower,1,8,6,10,25,0,0,33,2,35,1,8,39,12,60,46,16,62,122
10/28/2011,MHK,KS,ACE,CE,Federal Contract Tower,2,7,17,1,27,0,0,33,1,34,2,7,50,2,61,24,0,24,85
10/29/2011,MHK,KS,ACE,CE,Federal Contract Tower,2,6,42,3,53,0,0,85,0,85,2,6,127,3,138,24,0,24,162
10/30/2011,MHK,KS,ACE,CE,Federal Contract Tower,0,5,6,3,14,0,0,26,0,26,0,5,32,3,40,24,0,24,64
10/31/2011,MHK,KS,ACE,CE,Federal Contract Tower,0,7,8,0,15,0,0,23,2,25,0,7,31,2,40,18,0,18,58
11/01/2011,MHK,KS,ACE,CE,Federal Contract Tower,0,10,9,3,22,0,0,10,1,11,0,10,19,4,33,12,0,12,45
11/02/2011,MHK,KS,ACE,CE,Federal Contract Tower,0,6,4,0,10,0,0,3,0,3,0,6,7,0,13,0,0,0,13
11/03/2011,MHK,KS,ACE,CE,Federal Contract Tower,0,5,4,2,11,0,0,24,2,26,0,5,28,4,37,30,26,56,93
11/04/2011,MHK,KS,ACE,CE,Federal Contract Tower,0,10,8,4,22,0,0,32,2,34,0,10,40,6,56,12,0,12,68
11/05/2011,MHK,KS,ACE,CE,Federal Contract Tower,0,10,9,0,19,0,0,12,2,14,0,10,21,2,33,0,0,0,33
11/06/2011,MHK,KS,ACE,CE,Federal Contract Tower,0,5,9,2,16,0,0,39,0,39,0,5,48,2,55,66,0,66,121
11/07/2011,MHK,KS,ACE,CE,Federal Contract Tower,0,7,14,2,23,0,0,11,0,11,0,7,25,2,34,18,0,18,52
11/08/2011,MHK,KS,ACE,CE,Federal Contract Tower,0,5,10,0,15,0,0,0,0,0,0,5,10,0,15,0,0,0,15
11/09/2011,MHK,KS,ACE,CE,Federal Contract Tower,0,10,10,0,20,0,1,23,0,24,0,11,33,0,44,14,2,16,60
11/10/2011,MHK,KS,ACE,CE,Federal Contract Tower,0,5,8,2,15,0,0,32,0,32,0,5,40,2,47,72,0,72,119
11/11/2011,MHK,KS,ACE,CE,Federal Contract Tower,2,6,15,0,23,0,0,24,0,24,2,6,39,0,47,2,0,2,49
11/12/2011,MHK,KS,ACE,CE,Federal Contract Tower,2,6,17,0,25,0,0,23,0,23,2,6,40,0,48,14,0,14,62
11/13/2011,MHK,KS,ACE,CE,Federal Contract Tower,0,5,12,0,17,0,0,22,0,22,0,5,34,0,39,32,0,32,71
11/14/2011,MHK,KS,ACE,CE,Federal Contract Tower,0,5,13,2,20,0,0,13,0,13,0,5,26,2,33,12,0,12,45
11/15/2011,MHK,KS,ACE,CE,Federal Contract Tower,0,9,9,1,19,0,0,17,0,17,0,9,26,1,36,12,32,44,80
11/16/2011,MHK,KS,ACE,CE,Federal Contract Tower,0,6,15,1,22,0,0,8,0,8,0,6,23,1,30,44,2,46,76
11/17/2011,MHK,KS,ACE,CE,Federal Contract Tower,0,8,5,4,17,0,0,23,2,25,0,8,28,6,42,8,36,44,86
11/18/2011,MHK,KS,ACE,CE,Federal Contract Tower,2,13,6,0,21,0,0,13,0,13,2,13,19,0,34,34,0,34,68
11/19/2011,MHK,KS,ACE,CE,Federal Contract Tower,0,8,4,0,12,0,0,7,0,7,0,8,11,0,19,0,0,0,19
11/20/2011,MHK,KS,ACE,CE,Federal Contract Tower,2,8,8,0,18,0,0,13,0,13,2,8,21,0,31,60,0,60,91
11/21/2011,MHK,KS,ACE,CE,Federal Contract Tower,2,11,8,0,21,0,0,5,3,8,2,11,13,3,29,26,0,26,55
11/22/2011,MHK,KS,ACE,CE,Federal Contract Tower,0,5,16,0,21,0,0,1,2,3,0,5,17,2,24,0,14,14,38
11/23/2011,MHK,KS,ACE,CE,Federal Contract Tower,0,11,8,0,19,0,0,20,0,20,0,11,28,0,39,12,0,12,51
11/24/2011,MHK,KS,ACE,CE,Federal Contract Tower,0,8,3,0,11,0,0,0,0,0,0,8,3,0,11,0,0,0,11
11/25/2011,MHK,KS,ACE,CE,Federal Contract Tower,0,5,6,0,11,0,0,1,0,1,0,5,7,0,12,0,0,0,12
11/26/2011,MHK,KS,ACE,CE,Federal Contract Tower,0,6,0,2,8,0,0,2,0,2,0,6,2,2,10,0,0,0,10
11/27/2011,MHK,KS,ACE,CE,Federal Contract Tower,0,9,5,0,14,0,0,14,0,14,0,9,19,0,28,40,0,40,68
11/28/2011,MHK,KS,ACE,CE,Federal Contract Tower,0,8,5,2,15,0,0,9,0,9,0,8,14,2,24,14,4,18,42
11/29/2011,MHK,KS,ACE,CE,Federal Contract Tower,0,11,9,1,21,0,2,11,1,14,0,13,20,2,35,14,44,58,93
11/30/2011,MHK,KS,ACE,CE,Federal Contract Tower,0,7,6,0,13,0,0,17,1,18,0,7,23,1,31,18,4,22,53
12/01/2011,MHK,KS,ACE,CE,Federal Contract Tower,0,8,5,4,17,0,1,8,3,12,0,9,13,7,29,2,26,28,57
12/02/2011,MHK,KS,ACE,CE,Federal Contract Tower,3,8,15,0,26,0,0,12,0,12,3,8,27,0,38,10,0,10,48
12/03/2011,MHK,KS,ACE,CE,Federal Contract Tower,3,12,5,0,20,0,0,0,0,0,3,12,5,0,20,0,0,0,20
12/04/2011,MHK,KS,ACE,CE,Federal Contract Tower,0,10,10,2,22,0,0,20,0,20,0,10,30,2,42,50,0,50,92
12/05/2011,MHK,KS,ACE,CE,Federal Contract Tower,2,9,11,0,22,0,0,7,2,9,2,9,18,2,31,2,16,18,49
12/06/2011,MHK,KS,ACE,CE,Federal Contract Tower,0,12,18,4,34,0,1,17,2,20,0,13,35,6,54,8,0,8,62
12/07/2011,MHK,KS,ACE,CE,Federal Contract Tower,0,10,5,10,25,0,0,21,0,21,0,10,26,10,46,30,40,70,116
12/08/2011,MHK,KS,ACE,CE,Federal Contract Tower,0,12,6,4,22,0,0,14,2,16,0,12,20,6,38,16,12,28,66
12/09/2011,MHK,KS,ACE,CE,Federal Contract Tower,0,9,8,0,17,0,0,18,0,18,0,9,26,0,35,38,0,38,73
12/10/2011,MHK,KS,ACE,CE,Federal Contract Tower,0,11,6,0,17,0,0,22,0,22,0,11,28,0,39,16,0,16,55
12/11/2011,MHK,KS,ACE,CE,Federal Contract Tower,0,8,6,0,14,0,0,7,0,7,0,8,13,0,21,16,0,16,37
12/12/2011,MHK,KS,ACE,CE,Federal Contract Tower,0,7,6,2,15,0,0,10,2,12,0,7,16,4,27,2,48,50,77
12/13/2011,MHK,KS,ACE,CE,Federal Contract Tower,0,6,10,2,18,0,0,0,0,0,0,6,10,2,18,0,0,0,18
12/14/2011,MHK,KS,ACE,CE,Federal Contract Tower,0,4,3,8,15,0,0,5,8,13,0,4,8,16,28,2,24,26,54
12/15/2011,MHK,KS,ACE,CE,Federal Contract Tower,0,10,9,4,23,0,0,19,5,24,0,10,28,9,47,20,54,74,121
12/16/2011,MHK,KS,ACE,CE,Federal Contract Tower,0,10,8,2,20,0,0,25,0,25,0,10,33,2,45,16,0,16,61
12/17/2011,MHK,KS,ACE,CE,Federal Contract Tower,0,10,4,6,20,0,0,26,0,26,0,10,30,6,46,42,4,46,92
12/18/2011,MHK,KS,ACE,CE,Federal Contract Tower,0,10,5,0,15,0,0,31,0,31,0,10,36,0,46,32,0,32,78
12/19/2011,MHK,KS,ACE,CE,Federal Contract Tower,0,7,4,0,11,0,0,2,0,2,0,7,6,0,13,0,0,0,13
12/20/2011,MHK,KS,ACE,CE,Federal Contract Tower,0,6,0,0,6,0,0,0,0,0,0,6,0,0,6,0,0,0,6
12/21/2011,MHK,KS,ACE,CE,Federal Contract Tower,0,7,3,2,12,0,0,16,2,18,0,7,19,4,30,18,0,18,48
12/22/2011,MHK,KS,ACE,CE,Federal Contract Tower,0,8,0,0,8,0,0,6,0,6,0,8,6,0,14,6,0,6,20
12/23/2011,MHK,KS,ACE,CE,Federal Contract Tower,0,10,8,0,18,0,0,15,0,15,0,10,23,0,33,2,0,2,35
12/24/2011,MHK,KS,ACE,CE,Federal Contract Tower,0,8,4,2,14,0,0,5,0,5,0,8,9,2,19,6,0,6,25
12/25/2011,MHK,KS,ACE,CE,Federal Contract Tower,0,8,4,0,12,0,0,4,0,4,0,8,8,0,16,0,0,0,16
12/26/2011,MHK,KS,ACE,CE,Federal Contract Tower,0,7,9,0,16,0,0,21,0,21,0,7,30,0,37,2,0,2,39
12/27/2011,MHK,KS,ACE,CE,Federal Contract Tower,0,5,4,0,9,0,0,10,0,10,0,5,14,0,19,16,0,16,35
12/28/2011,MHK,KS,ACE,CE,Federal Contract Tower,0,6,8,0,14,0,0,15,0,15,0,6,23,0,29,2,2,4,33
12/29/2011,MHK,KS,ACE,CE,Federal Contract Tower,0,12,11,2,25,0,0,22,0,22,0,12,33,2,47,8,0,8,55
12/30/2011,MHK,KS,ACE,CE,Federal Contract Tower,0,7,3,0,10,0,0,12,0,12,0,7,15,0,22,8,0,8,30
12/31/2011,MHK,KS,ACE,CE,Federal Contract Tower,4,9,4,0,17,0,0,4,0,4,4,9,8,0,21,12,0,12,33
01/01/2012,MHK,KS,ACE,CE,Federal Contract Tower,0,8,1,0,9,0,0,2,0,2,0,8,3,0,11,0,0,0,11
01/02/2012,MHK,KS,ACE,CE,Federal Contract Tower,0,8,5,0,13,0,0,26,0,26,0,8,31,0,39,18,0,18,57
01/03/2012,MHK,KS,ACE,CE,Federal Contract Tower,0,7,4,0,11,0,0,15,4,19,0,7,19,4,30,20,10,30,60
01/04/2012,MHK,KS,ACE,CE,Federal Contract Tower,2,9,7,2,20,0,0,23,0,23,2,9,30,2,43,46,20,66,109
01/05/2012,MHK,KS,ACE,CE,Federal Contract Tower,0,9,10,0,19,0,0,21,10,31,0,9,31,10,50,4,36,40,90
01/06/2012,MHK,KS,ACE,CE,Federal Contract Tower,0,7,6,0,13,0,0,14,2,16,0,7,20,2,29,2,0,2,31
01/07/2012,MHK,KS,ACE,CE,Federal Contract Tower,4,10,9,4,27,0,0,34,0,34,4,10,43,4,61,14,0,14,75
01/08/2012,MHK,KS,ACE,CE,Federal Contract Tower,0,8,8,0,16,0,0,21,0,21,0,8,29,0,37,70,0,70,107
01/09/2012,MHK,KS,ACE,CE,Federal Contract Tower,3,8,5,1,17,0,0,9,0,9,3,8,14,1,26,14,32,46,72
01/10/2012,MHK,KS,ACE,CE,Federal Contract Tower,0,6,18,4,28,0,0,26,4,30,0,6,44,8,58,18,22,40,98
01/11/2012,MHK,KS,ACE,CE,Federal Contract Tower,0,6,3,0,9,0,0,3,0,3,0,6,6,0,12,0,0,0,12
01/12/2012,MHK,KS,ACE,CE,Federal Contract Tower,0,12,3,2,17,0,0,3,2,5,0,12,6,4,22,0,0,0,22
01/13/2012,MHK,KS,ACE,CE,Federal Contract Tower,0,7,11,2,20,0,0,30,0,30,0,7,41,2,50,58,0,58,108
01/14/2012,MHK,KS,ACE,CE,Federal Contract Tower,0,8,6,0,14,0,0,32,0,32,0,8,38,0,46,70,0,70,116
01/15/2012,MHK,KS,ACE,CE,Federal Contract Tower,0,8,2,0,10,0,0,21,0,21,0,8,23,0,31,68,0,68,99
01/16/2012,MHK,KS,ACE,CE,Federal Contract Tower,4,13,3,0,20,0,0,9,0,9,4,13,12,0,29,24,0,24,53
01/17/2012,MHK,KS,ACE,CE,Federal Contract Tower,0,6,10,3,19,0,0,17,4,21,0,6,27,7,40,28,30,58,98
01/18/2012,MHK,KS,ACE,CE,Federal Contract Tower,0,6,16,0,22,0,2,21,14,37,0,8,37,14,59,18,36,54,113
01/19/2012,MHK,KS,ACE,CE,Federal Contract Tower,0,12,12,2,26,0,0,23,6,29,0,12,35,8,55,44,24,68,123
01/20/2012,MHK,KS,ACE,CE,Federal Contract Tower,0,11,7,0,18,0,0,16,4,20,0,11,23,4,38,24,0,24,62
01/21/2012,MHK,KS,ACE,CE,Federal Contract Tower,0,11,3,5,19,0,0,19,0,19,0,11,22,5,38,26,0,26,64
01/22/2012,MHK,KS,ACE,CE,Federal Contract Tower,0,10,1,2,13,0,0,6,0,6,0,10,7,2,19,8,0,8,27
01/23/2012,MHK,KS,ACE,CE,Federal Contract Tower,0,8,5,2,15,0,0,12,3,15,0,8,17,5,30,10,14,24,54
01/24/2012,MHK,KS,ACE,CE,Federal Contract Tower,2,7,8,0,17,0,0,22,12,34,2,7,30,12,51,12,18,30,81
01/25/2012,MHK,KS,ACE,CE,Federal Contract Tower,2,5,17,0,24,0,2,14,8,24,2,7,31,8,48,26,22,48,96
01/26/2012,MHK,KS,ACE,CE,Federal Contract Tower,0,14,5,2,21,0,0,16,0,16,0,14,21,2,37,10,0,10,47
01/27/2012,MHK,KS,ACE,CE,Federal Contract Tower,0,10,3,1,14,0,0,21,2,23,0,10,24,3,37,10,0,10,47
01/28/2012,MHK,KS,ACE,CE,Federal Contract Tower,1,8,6,1,16,0,0,37,0,37,1,8,43,1,53,18,0,18,71
01/29/2012,MHK,KS,ACE,CE,Federal Contract Tower,0,10,8,0,18,0,0,43,0,43,0,10,51,0,61,48,0,48,109
01/30/2012,MHK,KS,ACE,CE,Federal Contract Tower,1,8,9,4,22,0,0,16,4,20,1,8,25,8,42,18,2,20,62
01/31/2012,MHK,KS,ACE,CE,Federal Contract Tower,2,8,18,4,32,0,0,18,0,18,2,8,36,4,50,28,2,30,80
02/01/2012,MHK,KS,ACE,CE,Federal Contract Tower,11,9,10,2,32,0,1,19,0,20,11,10,29,2,52,42,0,42,94
02/02/2012,MHK,KS,ACE,CE,Federal Contract Tower,15,11,15,0,41,0,0,33,8,41,15,11,48,8,82,20,2,22,104
02/03/2012,MHK,KS,ACE,CE,Federal Contract Tower,10,14,2,6,32,0,0,0,0,0,10,14,2,6,32,0,0,0,32
02/04/2012,MHK,KS,ACE,CE,Federal Contract Tower,5,13,1,2,21,0,0,1,0,1,5,13,2,2,22,0,0,0,22
02/05/2012,MHK,KS,ACE,CE,Federal Contract Tower,0,7,4,0,11,0,0,36,0,36,0,7,40,0,47,32,0,32,79
02/06/2012,MHK,KS,ACE,CE,Federal Contract Tower,0,9,12,2,23,0,0,31,0,31,0,9,43,2,54,16,0,16,70
02/07/2012,MHK,KS,ACE,CE,Federal Contract Tower,2,4,18,0,24,0,0,4,0,4,2,4,22,0,28,8,0,8,36
02/08/2012,MHK,KS,ACE,CE,Federal Contract Tower,0,5,13,0,18,0,0,8,4,12,0,5,21,4,30,46,0,46,76
02/09/2012,MHK,KS,ACE,CE,Federal Contract Tower,0,10,15,0,25,0,0,3,4,7,0,10,18,4,32,18,10,28,60
02/10/2012,MHK,KS,ACE,CE,Federal Contract Tower,2,7,7,0,16,0,0,13,0,13,2,7,20,0,29,0,0,0,29
02/11/2012,MHK,KS,ACE,CE,Federal Contract Tower,1,10,1,0,12,0,0,33,0,33,1,10,34,0,45,36,0,36,81
02/12/2012,MHK,KS,ACE,CE,Federal Contract Tower,1,6,5,2,14,0,0,14,0,14,1,6,19,2,28,6,0,6,34
02/13/2012,MHK,KS,ACE,CE,Federal Contract Tower,0,10,16,2,28,0,0,0,0,0,0,10,16,2,28,0,0,0,28
02/14/2012,MHK,KS,ACE,CE,Federal Contract Tower,0,11,9,0,20,0,0,20,2,22,0,11,29,2,42,20,20,40,82
02/15/2012,MHK,KS,ACE,CE,Federal Contract Tower,0,6,3,0,9,0,0,0,0,0,0,6,3,0,9,0,0,0,9
02/16/2012,MHK,KS,ACE,CE,Federal Contract Tower,0,8,8,2,18,0,0,29,2,31,0,8,37,4,49,28,12,40,89
02/17/2012,MHK,KS,ACE,CE,Federal Contract Tower,3,7,2,1,13,0,0,29,0,29,3,7,31,1,42,74,0,74,116
02/18/2012,MHK,KS,ACE,CE,Federal Contract Tower,2,12,1,1,16,0,0,38,0,38,2,12,39,1,54,48,0,48,102
02/19/2012,MHK,KS,ACE,CE,Federal Contract Tower,0,9,7,0,16,0,0,31,2,33,0,9,38,2,49,44,0,44,93
02/20/2012,MHK,KS,ACE,CE,Federal Contract Tower,0,10,5,0,15,0,0,3,0,3,0,10,8,0,18,8,0,8,26
02/21/2012,MHK,KS,ACE,CE,Federal Contract Tower,0,9,4,0,13,0,0,22,2,24,0,9,26,2,37,46,42,88,125
02/22/2012,MHK,KS,ACE,CE,Federal Contract Tower,0,7,13,2,22,0,1,23,2,26,0,8,36,4,48,16,0,16,64
02/23/2012,MHK,KS,ACE,CE,Federal Contract Tower,0,6,6,2,14,0,0,9,2,11,0,6,15,4,25,0,4,4,29
02/24/2012,MHK,KS,ACE,CE,Federal Contract Tower,0,9,9,0,18,0,0,17,2,19,0,9,26,2,37,4,0,4,41
02/25/2012,MHK,KS,ACE,CE,Federal Contract Tower,0,10,9,0,19,0,0,26,0,26,0,10,35,0,45,26,0,26,71
02/26/2012,MHK,KS,ACE,CE,Federal Contract Tower,1,6,8,2,17,0,0,35,0,35,1,6,43,2,52,24,0,24,76
02/27/2012,MHK,KS,ACE,CE,Federal Contract Tower,1,9,16,0,26,0,1,21,2,24,1,10,37,2,50,8,0,8,58
02/28/2012,MHK,KS,ACE,CE,Federal Contract Tower,0,10,11,0,21,0,0,3,0,3,0,10,14,0,24,0,0,0,24
02/29/2012,MHK,KS,ACE,CE,Federal Contract Tower,1,5,6,2,14,0,0,11,0,11,1,5,17,2,25,4,10,14,39
03/01/2012,MHK,KS,ACE,CE,Federal Contract Tower,2,8,5,7,22,0,0,26,2,28,2,8,31,9,50,50,0,50,100
03/02/2012,MHK,KS,ACE,CE,Federal Contract Tower,0,11,7,2,20,0,0,21,2,23,0,11,28,4,43,20,6,26,69
03/03/2012,MHK,KS,ACE,CE,Federal Contract Tower,2,12,7,0,21,0,0,25,0,25,2,12,32,0,46,48,0,48,94
03/04/2012,MHK,KS,ACE,CE,Federal Contract Tower,2,8,6,0,16,0,0,18,0,18,2,8,24,0,34,34,0,34,68
03/05/2012,MHK,KS,ACE,CE,Federal Contract Tower,1,10,11,0,22,0,0,14,2,16,1,10,25,2,38,26,16,42,80
03/06/2012,MHK,KS,ACE,CE,Federal Contract Tower,0,6,8,0,14,0,2,8,0,10,0,8,16,0,24,0,0,0,24
03/07/2012,MHK,KS,ACE,CE,Federal Contract Tower,0,6,3,1,10,0,0,12,1,13,0,6,15,2,23,24,0,24,47
03/08/2012,MHK,KS,ACE,CE,Federal Contract Tower,0,10,10,6,26,0,0,25,0,25,0,10,35,6,51,22,0,22,73
03/09/2012,MHK,KS,ACE,CE,Federal Contract Tower,0,9,2,0,11,0,0,33,2,35,0,9,35,2,46,48,0,48,94
03/10/2012,MHK,KS,ACE,CE,Federal Contract Tower,0,10,4,0,14,0,0,39,0,39,0,10,43,0,53,46,0,46,99
03/11/2012,MHK,KS,ACE,CE,Federal Contract Tower,0,8,3,2,13,0,0,2,0,2,0,8,5,2,15,2,0,2,17
03/12/2012,MHK,KS,ACE,CE,Federal Contract Tower,0,10,17,6,33,0,0,19,5,24,0,10,36,11,57,12,10,22,79
03/13/2012,MHK,KS,ACE,CE,Federal Contract Tower,2,9,7,2,20,0,0,23,2,25,2,9,30,4,45,34,0,34,79
03/14/2012,MHK,KS,ACE,CE,Federal Contract Tower,0,6,5,2,13,0,0,25,0,25,0,6,30,2,38,6,2,8,46
03/15/2012,MHK,KS,ACE,CE,Federal Contract Tower,1,9,11,3,24,0,0,15,2,17,1,9,26,5,41,28,0,28,69
03/16/2012,MHK,KS,ACE,CE,Federal Contract Tower,0,7,6,8,21,0,0,5,0,5,0,7,11,8,26,10,0,10,36
03/17/2012,MHK,KS,ACE,CE,Federal Contract Tower,2,9,5,3,19,0,0,8,0,8,2,9,13,3,27,0,0,0,27
03/18/2012,MHK,KS,ACE,CE,Federal Contract Tower,0,7,13,3,23,0,0,4,0,4,0,7,17,3,27,0,0,0,27
03/19/2012,MHK,KS,ACE,CE,Federal Contract Tower,0,5,9,0,14,0,0,10,2,12,0,5,19,2,26,8,0,8,34
03/20/2012,MHK,KS,ACE,CE,Federal Contract Tower,2,5,15,0,22,0,0,4,0,4,2,5,19,0,26,10,0,10,36
03/21/2012,MHK,KS,ACE,CE,Federal Contract Tower,0,6,9,0,15,0,0,1,0,1,0,6,10,0,16,0,0,0,16
03/22/2012,MHK,KS,ACE,CE,Federal Contract Tower,1,8,7,0,16,0,0,3,10,13,1,8,10,10,29,14,0,14,43
03/23/2012,MHK,KS,ACE,CE,Federal Contract Tower,1,7,8,0,16,0,0,19,0,19,1,7,27,0,35,34,0,34,69
03/24/2012,MHK,KS,ACE,CE,Federal Contract Tower,0,8,3,0,11,0,0,44,0,44,0,8,47,0,55,64,0,64,119
03/25/2012,MHK,KS,ACE,CE,Federal Contract Tower,2,8,4,0,14,0,0,48,0,48,2,8,52,0,62,58,0,58,120
03/26/2012,MHK,KS,ACE,CE,Federal Contract Tower,0,8,4,1,13,0,0,11,3,14,0,8,15,4,27,0,0,0,27
03/27/2012,MHK,KS,ACE,CE,Federal Contract Tower,0,7,9,1,17,0,29,1,0,30,0,36,10,1,47,40,0,40,87
03/28/2012,MHK,KS,ACE,CE,Federal Contract Tower,0,7,7,2,16,0,0,21,0,21,0,7,28,2,37,24,0,24,61
03/29/2012,MHK,KS,ACE,CE,Federal Contract Tower,0,8,10,1,19,0,0,16,1,17,0,8,26,2,36,26,0,26,62
03/30/2012,MHK,KS,ACE,CE,Federal Contract Tower,4,7,2,0,13,0,0,42,8,50,4,7,44,8,63,34,0,34,97
03/31/2012,MHK,KS,ACE,CE,Federal Contract Tower,0,8,5,2,15,0,0,29,1,30,0,8,34,3,45,56,2,58,103
04/01/2012,MHK,KS,ACE,CE,Federal Contract Tower,0,10,1,0,11,0,1,14,2,17,0,11,15,2,28,18,0,18,46
04/02/2012,MHK,KS,ACE,CE,Federal Contract Tower,0,9,7,3,19,0,1,22,1,24,0,10,29,4,43,18,0,18,61
04/03/2012,MHK,KS,ACE,CE,Federal Contract Tower,0,8,9,0,17,0,2,21,0,23,0,10,30,0,40,0,2,2,42
04/04/2012,MHK,KS,ACE,CE,Federal Contract Tower,0,5,7,0,12,0,0,2,0,2,0,5,9,0,14,0,0,0,14
04/05/2012,MHK,KS,ACE,CE,Federal Contract Tower,0,10,6,2,18,0,0,5,0,5,0,10,11,2,23,6,0,6,29
04/06/2012,MHK,KS,ACE,CE,Federal Contract Tower,0,12,10,0,22,0,0,38,0,38,0,12,48,0,60,52,0,52,112
04/07/2012,MHK,KS,ACE,CE,Federal Contract Tower,0,8,6,0,14,0,0,10,0,10,0,8,16,0,24,14,0,14,38
04/08/2012,MHK,KS,ACE,CE,Federal Contract Tower,0,5,4,0,9,0,0,31,0,31,0,5,35,0,40,46,0,46,86
04/09/2012,MHK,KS,ACE,CE,Federal Contract Tower,0,10,12,0,22,0,0,33,0,33,0,10,45,0,55,22,0,22,77
04/10/2012,MHK,KS,ACE,CE,Federal Contract Tower,0,8,21,2,31,0,2,37,3,42,0,10,58,5,73,20,14,34,107
04/11/2012,MHK,KS,ACE,CE,Federal Contract Tower,0,6,12,0,18,0,1,20,0,21,0,7,32,0,39,38,58,96,135
04/12/2012,MHK,KS,ACE,CE,Federal Contract Tower,0,14,4,0,18,0,0,7,6,13,0,14,11,6,31,20,22,42,73
04/13/2012,MHK,KS,ACE,CE,Federal Contract Tower,0,8,5,2,15,0,0,10,2,12,0,8,15,4,27,12,0,12,39
04/14/2012,MHK,KS,ACE,CE,Federal Contract Tower,0,8,0,0,8,0,0,5,0,5,0,8,5,0,13,4,0,4,17
04/15/2012,MHK,KS,ACE,CE,Federal Contract Tower,0,10,8,0,18,0,0,13,0,13,0,10,21,0,31,0,0,0,31
04/16/2012,MHK,KS,ACE,CE,Federal Contract Tower,0,7,7,0,14,0,0,23,6,29,0,7,30,6,43,12,52,64,107
04/17/2012,MHK,KS,ACE,CE,Federal Contract Tower,0,7,2,1,10,0,2,30,1,33,0,9,32,2,43,20,10,30,73
04/18/2012,MHK,KS,ACE,CE,Federal Contract Tower,0,8,8,3,19,0,0,16,3,19,0,8,24,6,38,44,0,44,82
04/19/2012,MHK,KS,ACE,CE,Federal Contract Tower,0,7,7,2,16,0,0,11,2,13,0,7,18,4,29,4,10,14,43
04/20/2012,MHK,KS,ACE,CE,Federal Contract Tower,0,10,14,0,24,0,0,16,2,18,0,10,30,2,42,0,2,2,44
04/21/2012,MHK,KS,ACE,CE,Federal Contract Tower,0,8,2,0,10,0,0,32,0,32,0,8,34,0,42,44,0,44,86
04/22/2012,MHK,KS,ACE,CE,Federal Contract Tower,0,9,3,0,12,0,0,38,0,38,0,9,41,0,50,66,0,66,116
04/23/2012,MHK,KS,ACE,CE,Federal Contract Tower,0,10,17,2,29,0,0,15,1,16,0,10,32,3,45,4,0,4,49
04/24/2012,MHK,KS,ACE,CE,Federal Contract Tower,0,7,15,0,22,0,0,12,2,14,0,7,27,2,36,18,8,26,62
04/25/2012,MHK,KS,ACE,CE,Federal Contract Tower,0,9,4,2,15,0,0,15,0,15,0,9,19,2,30,14,0,14,44
04/26/2012,MHK,KS,ACE,CE,Federal Contract Tower,0,8,9,2,19,0,0,26,8,34,0,8,35,10,53,58,20,78,131
04/27/2012,MHK,KS,ACE,CE,Federal Contract Tower,0,12,4,0,16,0,0,1,0,1,0,12,5,0,17,0,0,0,17
04/28/2012,MHK,KS,ACE,CE,Federal Contract Tower,0,9,21,0,30,0,0,31,2,33,0,9,52,2,63,90,0,90,153
04/29/2012,MHK,KS,ACE,CE,Federal Contract Tower,0,7,6,0,13,0,0,0,0,0,0,7,6,0,13,0,0,0,13
04/30/2012,MHK,KS,ACE,CE,Federal Contract Tower,0,10,13,9,32,0,0,7,1,8,0,10,20,10,40,0,8,8,48
05/01/2012,MHK,KS,ACE,CE,Federal Contract Tower,1,8,14,0,23,0,0,18,8,26,1,8,32,8,49,8,36,44,93
05/02/2012,MHK,KS,ACE,CE,Federal Contract Tower,1,10,11,2,24,0,3,6,0,9,1,13,17,2,33,12,28,40,73
05/03/2012,MHK,KS,ACE,CE,Federal Contract Tower,0,7,13,1,21,0,0,15,8,23,0,7,28,9,44,16,18,34,78
05/04/2012,MHK,KS,ACE,CE,Federal Contract Tower,0,6,9,2,17,0,0,31,4,35,0,6,40,6,52,68,0,68,120
05/05/2012,MHK,KS,ACE,CE,Federal Contract Tower,0,8,0,0,8,0,0,24,0,24,0,8,24,0,32,34,0,34,66
05/06/2012,MHK,KS,ACE,CE,Federal Contract Tower,0,6,6,0,12,0,0,15,0,15,0,6,21,0,27,72,0,72,99
05/07/2012,MHK,KS,ACE,CE,Federal Contract Tower,0,7,5,0,12,0,0,5,0,5,0,7,10,0,17,8,30,38,55
05/08/2012,MHK,KS,ACE,CE,Federal Contract Tower,0,7,9,4,20,0,0,29,6,35,0,7,38,10,55,36,34,70,125
05/09/2012,MHK,KS,ACE,CE,Federal Contract Tower,0,11,11,0,22,0,0,38,0,38,0,11,49,0,60,58,14,72,132
05/10/2012,MHK,KS,ACE,CE,Federal Contract Tower,0,11,10,2,23,0,0,39,6,45,0,11,49,8,68,96,18,114,182
05/11/2012,MHK,KS,ACE,CE,Federal Contract Tower,0,7,14,10,31,0,0,27,4,31,0,7,41,14,62,18,12,30,92
05/12/2012,MHK,KS,ACE,CE,Federal Contract Tower,0,8,4,2,14,0,0,27,0,27,0,8,31,2,41,40,0,40,81
05/13/2012,MHK,KS,ACE,CE,Federal Contract Tower,0,10,17,0,27,0,0,29,0,29,0,10,46,0,56,20,0,20,76
05/14/2012,MHK,KS,ACE,CE,Federal Contract Tower,0,9,6,4,19,0,1,17,0,18,0,10,23,4,37,0,10,10,47
05/15/2012,MHK,KS,ACE,CE,Federal Contract Tower,0,9,18,4,31,0,2,25,1,28,0,11,43,5,59,52,4,56,115
05/16/2012,MHK,KS,ACE,CE,Federal Contract Tower,0,9,7,2,18,0,1,22,0,23,0,10,29,2,41,28,8,36,77
05/17/2012,MHK,KS,ACE,CE,Federal Contract Tower,0,8,11,5,24,0,0,24,0,24,0,8,35,5,48,12,14,26,74
05/18/2012,MHK,KS,ACE,CE,Federal Contract Tower,0,10,4,1,15,0,0,15,1,16,0,10,19,2,31,6,0,6,37
05/19/2012,MHK,KS,ACE,CE,Federal Contract Tower,0,8,4,0,12,0,0,5,0,5,0,8,9,0,17,4,0,4,21
05/20/2012,MHK,KS,ACE,CE,Federal Contract Tower,0,7,9,0,16,0,0,31,0,31,0,7,40,0,47,22,0,22,69
05/21/2012,MHK,KS,ACE,CE,Federal Contract Tower,0,10,8,1,19,0,0,30,2,32,0,10,38,3,51,50,6,56,107
05/22/2012,MHK,KS,ACE,CE,Federal Contract Tower,1,9,14,0,24,0,0,26,1,27,1,9,40,1,51,8,0,8,59
05/23/2012,MHK,KS,ACE,CE,Federal Contract Tower,0,6,5,3,14,0,0,7,3,10,0,6,12,6,24,0,0,0,24
05/24/2012,MHK,KS,ACE,CE,Federal Contract Tower,0,8,10,0,18,0,0,20,0,20,0,8,30,0,38,40,0,40,78
05/25/2012,MHK,KS,ACE,CE,Federal Contract Tower,0,15,11,0,26,0,0,18,6,24,0,15,29,6,50,22,0,22,72
05/26/2012,MHK,KS,ACE,CE,Federal Contract Tower,0,7,0,0,7,0,0,9,0,9,0,7,9,0,16,8,0,8,24
05/27/2012,MHK,KS,ACE,CE,Federal Contract Tower,0,5,7,0,12,0,0,14,0,14,0,5,21,0,26,0,0,0,26
05/28/2012,MHK,KS,ACE,CE,Federal Contract Tower,0,8,0,0,8,0,0,27,0,27,0,8,27,0,35,54,0,54,89
05/29/2012,MHK,KS,ACE,CE,Federal Contract Tower,0,8,10,0,18,0,2,34,0,36,0,10,44,0,54,16,10,26,80
05/30/2012,MHK,KS,ACE,CE,Federal Contract Tower,0,7,11,4,22,0,0,11,0,11,0,7,22,4,33,24,2,26,59
05/31/2012,MHK,KS,ACE,CE,Federal Contract Tower,0,7,4,2,13,0,0,8,0,8,0,7,12,2,21,6,2,8,29
06/01/2012,MHK,KS,ACE,CE,Federal Contract Tower,0,7,7,0,14,0,0,18,0,18,0,7,25,0,32,30,0,30,62
06/02/2012,MHK,KS,ACE,CE,Federal Contract Tower,0,7,3,0,10,0,0,33,0,33,0,7,36,0,43,34,0,34,77
06/03/2012,MHK,KS,ACE,CE,Federal Contract Tower,0,7,10,0,17,0,0,17,0,17,0,7,27,0,34,16,0,16,50
06/04/2012,MHK,KS,ACE,CE,Federal Contract Tower,0,8,15,2,25,0,0,17,2,19,0,8,32,4,44,20,0,20,64
06/05/2012,MHK,KS,ACE,CE,Federal Contract Tower,0,11,11,2,24,0,0,21,4,25,0,11,32,6,49,18,14,32,81
06/06/2012,MHK,KS,ACE,CE,Federal Contract Tower,0,9,5,5,19,0,0,13,1,14,0,9,18,6,33,26,8,34,67
06/07/2012,MHK,KS,ACE,CE,Federal Contract Tower,0,13,12,5,30,0,0,29,5,34,0,13,41,10,64,56,0,56,120
06/08/2012,MHK,KS,ACE,CE,Federal Contract Tower,0,11,10,2,23,0,2,29,0,31,0,13,39,2,54,32,0,32,86
06/09/2012,MHK,KS,ACE,CE,Federal Contract Tower,0,7,5,0,12,0,0,22,0,22,0,7,27,0,34,14,0,14,48
06/10/2012,MHK,KS,ACE,CE,Federal Contract Tower,0,7,7,0,14,0,0,11,0,11,0,7,18,0,25,10,0,10,35
06/11/2012,MHK,KS,ACE,CE,Federal Contract Tower,0,7,8,0,15,0,0,20,0,20,0,7,28,0,35,42,0,42,77
06/12/2012,MHK,KS,ACE,CE,Federal Contract Tower,0,10,7,2,19,0,0,13,0,13,0,10,20,2,32,6,0,6,38
06/13/2012,MHK,KS,ACE,CE,Federal Contract Tower,0,8,7,4,19,0,0,10,0,10,0,8,17,4,29,28,0,28,57
06/14/2012,MHK,KS,ACE,CE,Federal Contract Tower,0,8,10,2,20,0,0,10,0,10,0,8,20,2,30,0,0,0,30
06/15/2012,MHK,KS,ACE,CE,Federal Contract Tower,0,8,11,2,21,0,0,9,0,9,0,8,20,2,30,22,0,22,52
06/16/2012,MHK,KS,ACE,CE,Federal Contract Tower,0,9,0,2,11,0,0,5,0,5,0,9,5,2,16,0,0,0,16
06/17/2012,MHK,KS,ACE,CE,Federal Contract Tower,0,7,6,0,13,0,0,7,2,9,0,7,13,2,22,0,0,0,22
06/18/2012,MHK,KS,ACE,CE,Federal Contract Tower,0,9,8,0,17,0,0,7,0,7,0,9,15,0,24,2,0,2,26
06/19/2012,MHK,KS,ACE,CE,Federal Contract Tower,0,8,13,0,21,0,0,12,1,13,0,8,25,1,34,0,0,0,34
06/20/2012,MHK,KS,ACE,CE,Federal Contract Tower,0,11,14,3,28,0,0,5,3,8,0,11,19,6,36,4,4,8,44
06/21/2012,MHK,KS,ACE,CE,Federal Contract Tower,0,7,7,0,14,0,1,17,0,18,0,8,24,0,32,32,4,36,68
06/22/2012,MHK,KS,ACE,CE,Federal Contract Tower,0,10,6,2,18,0,0,24,0,24,0,10,30,2,42,28,0,28,70
06/23/2012,MHK,KS,ACE,CE,Federal Contract Tower,0,7,4,0,11,0,0,19,0,19,0,7,23,0,30,10,0,10,40
06/24/2012,MHK,KS,ACE,CE,Federal Contract Tower,0,7,3,0,10,0,0,25,0,25,0,7,28,0,35,34,0,34,69
06/25/2012,MHK,KS,ACE,CE,Federal Contract Tower,0,7,8,3,18,0,0,8,1,9,0,7,16,4,27,6,14,20,47
06/26/2012,MHK,KS,ACE,CE,Federal Contract Tower,0,12,7,2,21,0,0,7,0,7,0,12,14,2,28,2,4,6,34
06/27/2012,MHK,KS,ACE,CE,Federal Contract Tower,2,6,9,2,19,0,2,11,0,13,2,8,20,2,32,10,12,22,54
06/28/2012,MHK,KS,ACE,CE,Federal Contract Tower,0,13,5,2,20,0,0,16,0,16,0,13,21,2,36,8,2,10,46
06/29/2012,MHK,KS,ACE,CE,Federal Contract Tower,0,7,2,2,11,0,0,10,0,10,0,7,12,2,21,4,0,4,25
06/30/2012,MHK,KS,ACE,CE,Federal Contract Tower,0,7,0,2,9,0,0,21,0,21,0,7,21,2,30,26,0,26,56
07/01/2012,MHK,KS,ACE,CE,Federal Contract Tower,0,7,2,0,9,0,0,8,0,8,0,7,10,0,17,16,0,16,33
07/02/2012,MHK,KS,ACE,CE,Federal Contract Tower,0,6,12,3,21,0,2,16,1,19,0,8,28,4,40,2,0,2,42
07/03/2012,MHK,KS,ACE,CE,Federal Contract Tower,0,4,9,0,13,0,0,18,0,18,0,4,27,0,31,22,0,22,53
07/04/2012,MHK,KS,ACE,CE,Federal Contract Tower,0,3,2,0,5,0,0,19,0,19,0,3,21,0,24,10,0,10,34
07/05/2012,MHK,KS,ACE,CE,Federal Contract Tower,0,6,6,0,12,0,0,18,0,18,0,6,24,0,30,6,0,6,36
07/06/2012,MHK,KS,ACE,CE,Federal Contract Tower,0,10,8,0,18,0,0,17,0,17,0,10,25,0,35,52,0,52,87
07/07/2012,MHK,KS,ACE,CE,Federal Contract Tower,0,8,5,0,13,0,0,14,0,14,0,8,19,0,27,20,0,20,47
07/08/2012,MHK,KS,ACE,CE,Federal Contract Tower,0,6,10,0,16,0,0,7,0,7,0,6,17,0,23,36,0,36,59
07/09/2012,MHK,KS,ACE,CE,Federal Contract Tower,0,8,7,4,19,0,0,15,0,15,0,8,22,4,34,2,0,2,36
07/10/2012,MHK,KS,ACE,CE,Federal Contract Tower,0,8,20,2,30,0,0,17,10,27,0,8,37,12,57,6,6,12,69
07/11/2012,MHK,KS,ACE,CE,Federal Contract Tower,0,7,6,1,14,0,0,20,0,20,0,7,26,1,34,26,2,28,62
07/12/2012,MHK,KS,ACE,CE,Federal Contract Tower,0,9,2,0,11,0,0,19,8,27,0,9,21,8,38,22,0,22,60
07/13/2012,MHK,KS,ACE,CE,Federal Contract Tower,0,9,3,2,14,0,0,13,4,17,0,9,16,6,31,28,18,46,77
07/14/2012,MHK,KS,ACE,CE,Federal Contract Tower,0,8,3,0,11,0,0,40,0,40,0,8,43,0,51,34,0,34,85
07/15/2012,MHK,KS,ACE,CE,Federal Contract Tower,0,8,3,2,13,0,0,21,0,21,0,8,24,2,34,34,0,34,68
07/16/2012,MHK,KS,ACE,CE,Federal Contract Tower,0,6,8,2,16,0,0,19,3,22,0,6,27,5,38,20,10,30,68
07/17/2012,MHK,KS,ACE,CE,Federal Contract Tower,0,5,11,0,16,0,0,18,0,18,0,5,29,0,34,6,0,6,40
07/18/2012,MHK,KS,ACE,CE,Federal Contract Tower,0,10,9,0,19,0,0,13,0,13,0,10,22,0,32,18,0,18,50
07/19/2012,MHK,KS,ACE,CE,Federal Contract Tower,0,7,4,2,13,0,0,23,2,25,0,7,27,4,38,6,0,6,44
07/20/2012,MHK,KS,ACE,CE,Federal Contract Tower,0,13,5,0,18,0,4,26,0,30,0,17,31,0,48,62,2,64,112
07/21/2012,MHK,KS,ACE,CE,Federal Contract Tower,0,10,8,0,18,0,0,17,0,17,0,10,25,0,35,50,0,50,85
07/22/2012,MHK,KS,ACE,CE,Federal Contract Tower,0,8,7,0,15,0,0,26,0,26,0,8,33,0,41,26,0,26,67
07/23/2012,MHK,KS,ACE,CE,Federal Contract Tower,0,11,6,6,23,0,0,13,2,15,0,11,19,8,38,8,14,22,60
07/24/2012,MHK,KS,ACE,CE,Federal Contract Tower,0,6,5,2,13,0,0,8,2,10,0,6,13,4,23,4,4,8,31
07/25/2012,MHK,KS,ACE,CE,Federal Contract Tower,0,8,13,2,23,0,0,17,0,17,0,8,30,2,40,10,2,12,52
07/26/2012,MHK,KS,ACE,CE,Federal Contract Tower,1,8,5,5,19,0,0,25,0,25,1,8,30,5,44,38,12,50,94
07/27/2012,MHK,KS,ACE,CE,Federal Contract Tower,1,9,4,0,14,0,0,15,0,15,1,9,19,0,29,20,0,20,49
07/28/2012,MHK,KS,ACE,CE,Federal Contract Tower,2,9,1,0,12,0,0,24,0,24,2,9,25,0,36,36,0,36,72
07/29/2012,MHK,KS,ACE,CE,Federal Contract Tower,1,8,8,2,19,0,0,15,0,15,1,8,23,2,34,38,0,38,72
07/30/2012,MHK,KS,ACE,CE,Federal Contract Tower,3,11,9,2,25,0,0,17,2,19,3,11,26,4,44,28,8,36,80
07/31/2012,MHK,KS,ACE,CE,Federal Contract Tower,0,7,9,0,16,0,0,25,2,27,0,7,34,2,43,38,0,38,81
08/01/2012,MHK,KS,ACE,CE,Federal Contract Tower,0,6,10,6,22,0,0,9,0,9,0,6,19,6,31,2,8,10,41
08/02/2012,MHK,KS,ACE,CE,Federal Contract Tower,1,9,10,4,24,0,0,23,4,27,1,9,33,8,51,34,2,36,87
08/03/2012,MHK,KS,ACE,CE,Federal Contract Tower,0,8,8,0,16,0,0,14,0,14,0,8,22,0,30,46,0,46,76
08/04/2012,MHK,KS,ACE,CE,Federal Contract Tower,0,7,5,2,14,0,0,19,0,19,0,7,24,2,33,34,0,34,67
08/05/2012,MHK,KS,ACE,CE,Federal Contract Tower,0,5,3,0,8,0,0,29,0,29,0,5,32,0,37,54,0,54,91
08/06/2012,MHK,KS,ACE,CE,Federal Contract Tower,4,9,7,0,20,0,0,20,0,20,4,9,27,0,40,4,0,4,44
08/07/2012,MHK,KS,ACE,CE,Federal Contract Tower,0,7,7,3,17,0,0,18,1,19,0,7,25,4,36,4,12,16,52
08/08/2012,MHK,KS,ACE,CE,Federal Contract Tower,0,9,16,0,25,0,0,25,2,27,0,9,41,2,52,32,14,46,98
08/09/2012,MHK,KS,ACE,CE,Federal Contract Tower,0,14,7,2,23,0,0,16,4,20,0,14,23,6,43,2,0,2,45
08/10/2012,MHK,KS,ACE,CE,Federal Contract Tower,0,6,7,4,17,0,0,21,0,21,0,6,28,4,38,0,0,0,38
08/11/2012,MHK,KS,ACE,CE,Federal Contract Tower,0,8,4,0,12,0,0,31,3,34,0,8,35,3,46,20,0,20,66
08/12/2012,MHK,KS,ACE,CE,Federal Contract Tower,0,7,1,0,8,0,2,18,3,23,0,9,19,3,31,8,0,8,39
08/13/2012,MHK,KS,ACE,CE,Federal Contract Tower,0,7,14,5,26,0,0,13,1,14,0,7,27,6,40,18,8,26,66
08/14/2012,MHK,KS,ACE,CE,Federal Contract Tower,0,9,13,2,24,0,0,3,0,3,0,9,16,2,27,4,12,16,43
08/15/2012,MHK,KS,ACE,CE,Federal Contract Tower,0,7,4,4,15,0,0,18,0,18,0,7,22,4,33,30,26,56,89
08/16/2012,MHK,KS,ACE,CE,Federal Contract Tower,0,7,10,4,21,0,0,7,0,7,0,7,17,4,28,8,0,8,36
08/17/2012,MHK,KS,ACE,CE,Federal Contract Tower,0,11,9,0,20,0,2,11,0,13,0,13,20,0,33,10,0,10,43
08/18/2012,MHK,KS,ACE,CE,Federal Contract Tower,0,7,4,2,13,0,0,21,0,21,0,7,25,2,34,58,0,58,92
08/19/2012,MHK,KS,ACE,CE,Federal Contract Tower,0,7,4,0,11,0,0,23,0,23,0,7,27,0,34,58,0,58,92
08/20/2012,MHK,KS,ACE,CE,Federal Contract Tower,0,8,9,2,19,0,0,25,0,25,0,8,34,2,44,18,0,18,62
08/21/2012,MHK,KS,ACE,CE,Federal Contract Tower,0,8,6,0,14,0,1,7,4,12,0,9,13,4,26,16,32,48,74
08/22/2012,MHK,KS,ACE,CE,Federal Contract Tower,0,7,14,2,23,0,0,13,4,17,0,7,27,6,40,4,14,18,58
08/23/2012,MHK,KS,ACE,CE,Federal Contract Tower,0,7,5,1,13,0,0,13,8,21,0,7,18,9,34,22,20,42,76
08/24/2012,MHK,KS,ACE,CE,Federal Contract Tower,0,10,5,0,15,0,0,3,1,4,0,10,8,1,19,8,2,10,29
08/25/2012,MHK,KS,ACE,CE,Federal Contract Tower,0,7,3,0,10,0,0,3,0,3,0,7,6,0,13,0,0,0,13
08/26/2012,MHK,KS,ACE,CE,Federal Contract Tower,3,6,6,0,15,0,0,18,0,18,3,6,24,0,33,22,0,22,55
08/27/2012,MHK,KS,ACE,CE,Federal Contract Tower,0,7,16,0,23,0,0,12,0,12,0,7,28,0,35,20,6,26,61
08/28/2012,MHK,KS,ACE,CE,Federal Contract Tower,0,8,9,0,17,0,0,19,0,19,0,8,28,0,36,30,12,42,78
08/29/2012,MHK,KS,ACE,CE,Federal Contract Tower,0,6,9,0,15,0,0,8,0,8,0,6,17,0,23,34,4,38,61
08/30/2012,MHK,KS,ACE,CE,Federal Contract Tower,0,6,10,0,16,0,0,20,0,20,0,6,30,0,36,50,0,50,86
08/31/2012,MHK,KS,ACE,CE,Federal Contract Tower,0,6,6,0,12,0,0,15,0,15,0,6,21,0,27,38,0,38,65
09/01/2012,MHK,KS,ACE,CE,Federal Contract Tower,0,6,7,2,15,0,0,33,0,33,0,6,40,2,48,16,0,16,64
09/02/2012,MHK,KS,ACE,CE,Federal Contract Tower,0,3,7,0,10,0,2,22,0,24,0,5,29,0,34,36,0,36,70
09/03/2012,MHK,KS,ACE,CE,Federal Contract Tower,0,7,8,0,15,0,0,38,0,38,0,7,46,0,53,44,0,44,97
09/04/2012,MHK,KS,ACE,CE,Federal Contract Tower,0,6,3,2,11,0,0,7,0,7,0,6,10,2,18,2,4,6,24
09/05/2012,MHK,KS,ACE,CE,Federal Contract Tower,0,7,9,0,16,0,1,22,1,24,0,8,31,1,40,42,22,64,104
09/06/2012,MHK,KS,ACE,CE,Federal Contract Tower,0,6,17,6,29,0,0,22,4,26,0,6,39,10,55,16,4,20,75
09/07/2012,MHK,KS,ACE,CE,Federal Contract Tower,2,6,4,4,16,0,0,12,2,14,2,6,16,6,30,10,0,10,40
09/08/2012,MHK,KS,ACE,CE,Federal Contract Tower,2,12,21,2,37,0,1,65,0,66,2,13,86,2,103,38,0,38,141
09/09/2012,MHK,KS,ACE,CE,Federal Contract Tower,0,10,5,0,15,0,1,27,0,28,0,11,32,0,43,32,0,32,75
09/10/2012,MHK,KS,ACE,CE,Federal Contract Tower,0,8,6,1,15,0,0,12,1,13,0,8,18,2,28,0,0,0,28
09/11/2012,MHK,KS,ACE,CE,Federal Contract Tower,0,6,7,4,17,0,0,10,2,12,0,6,17,6,29,12,12,24,53
09/12/2012,MHK,KS,ACE,CE,Federal Contract Tower,0,8,13,0,21,0,0,15,0,15,0,8,28,0,36,14,0,14,50
09/13/2012,MHK,KS,ACE,CE,Federal Contract Tower,0,6,5,3,14,0,0,1,1,2,0,6,6,4,16,0,2,2,18
09/14/2012,MHK,KS,ACE,CE,Federal Contract Tower,2,10,11,2,25,0,0,22,0,22,2,10,33,2,47,32,10,42,89
09/15/2012,MHK,KS,ACE,CE,Federal Contract Tower,0,8,12,0,20,0,0,14,0,14,0,8,26,0,34,36,0,36,70
09/16/2012,MHK,KS,ACE,CE,Federal Contract Tower,0,10,8,0,18,0,0,20,0,20,0,10,28,0,38,32,0,32,70
09/17/2012,MHK,KS,ACE,CE,Federal Contract Tower,0,8,16,0,24,0,0,3,0,3,0,8,19,0,27,0,0,0,27
09/18/2012,MHK,KS,ACE,CE,Federal Contract Tower,0,9,11,2,22,0,0,11,0,11,0,9,22,2,33,2,0,2,35
09/19/2012,MHK,KS,ACE,CE,Federal Contract Tower,0,6,17,4,27,0,0,23,0,23,0,6,40,4,50,14,2,16,66
09/20/2012,MHK,KS,ACE,CE,Federal Contract Tower,0,8,7,0,15,0,0,24,0,24,0,8,31,0,39,4,4,8,47
09/21/2012,MHK,KS,ACE,CE,Federal Contract Tower,2,7,7,1,17,0,0,15,0,15,2,7,22,1,32,8,6,14,46
09/22/2012,MHK,KS,ACE,CE,Federal Contract Tower,0,6,8,0,14,0,0,37,2,39,0,6,45,2,53,50,6,56,109
09/23/2012,MHK,KS,ACE,CE,Federal Contract Tower,0,12,8,0,20,0,0,19,0,19,0,12,27,0,39,56,0,56,95
09/24/2012,MHK,KS,ACE,CE,Federal Contract Tower,0,8,7,2,17,0,0,13,0,13,0,8,20,2,30,24,2,26,56
09/25/2012,MHK,KS,ACE,CE,Federal Contract Tower,0,9,9,0,18,0,2,22,7,31,0,11,31,7,49,38,26,64,113
09/26/2012,MHK,KS,ACE,CE,Federal Contract Tower,0,6,18,2,26,0,0,8,2,10,0,6,26,4,36,16,2,18,54
09/27/2012,MHK,KS,ACE,CE,Federal Contract Tower,0,6,11,1,18,0,0,20,4,24,0,6,31,5,42,14,0,14,56
09/28/2012,MHK,KS,ACE,CE,Federal Contract Tower,0,5,8,0,13,0,0,12,0,12,0,5,20,0,25,8,0,8,33
09/29/2012,MHK,KS,ACE,CE,Federal Contract Tower,0,6,8,0,14,0,0,29,3,32,0,6,37,3,46,34,0,34,80
09/30/2012,MHK,KS,ACE,CE,Federal Contract Tower,0,7,5,0,12,0,0,38,0,38,0,7,43,0,50,64,0,64,114
10/01/2012,MHK,KS,ACE,CE,Federal Contract Tower,0,9,7,2,18,0,0,12,0,12,0,9,19,2,30,8,0,8,38
10/02/2012,MHK,KS,ACE,CE,Federal Contract Tower,0,7,4,2,13,0,0,19,0,19,0,7,23,2,32,10,4,14,46
10/03/2012,MHK,KS,ACE,CE,Federal Contract Tower,0,6,14,0,20,0,0,21,1,22,0,6,35,1,42,12,8,20,62
10/04/2012,MHK,KS,ACE,CE,Federal Contract Tower,0,8,3,0,11,0,0,23,0,23,0,8,26,0,34,52,0,52,86
10/05/2012,MHK,KS,ACE,CE,Federal Contract Tower,0,8,12,0,20,0,0,19,0,19,0,8,31,0,39,42,0,42,81
10/06/2012,MHK,KS,ACE,CE,Federal Contract Tower,0,7,32,0,39,0,0,25,0,25,0,7,57,0,64,14,0,14,78
10/07/2012,MHK,KS,ACE,CE,Federal Contract Tower,0,8,7,0,15,0,4,28,0,32,0,12,35,0,47,24,0,24,71
10/08/2012,MHK,KS,ACE,CE,Federal Contract Tower,0,7,4,0,11,0,0,20,1,21,0,7,24,1,32,34,0,34,66
10/09/2012,MHK,KS,ACE,CE,Federal Contract Tower,0,6,17,2,25,0,2,13,2,17,0,8,30,4,42,12,0,12,54
10/10/2012,MHK,KS,ACE,CE,Federal Contract Tower,0,7,6,0,13,0,2,36,3,41,0,9,42,3,54,40,4,44,98
10/11/2012,MHK,KS,ACE,CE,Federal Contract Tower,0,6,12,3,21,0,0,24,2,26,0,6,36,5,47,40,10,50,97
10/12/2012,MHK,KS,ACE,CE,Federal Contract Tower,2,6,5,2,15,0,0,7,0,7,2,6,12,2,22,2,0,2,24
10/13/2012,MHK,KS,ACE,CE,Federal Contract Tower,2,7,0,0,9,0,0,0,0,0,2,7,0,0,9,0,0,0,9
10/14/2012,MHK,KS,ACE,CE,Federal Contract Tower,0,6,3,0,9,0,0,27,0,27,0,6,30,0,36,26,0,26,62
10/15/2012,MHK,KS,ACE,CE,Federal Contract Tower,0,7,7,5,19,0,0,24,1,25,0,7,31,6,44,28,28,56,100
10/16/2012,MHK,KS,ACE,CE,Federal Contract Tower,0,7,6,4,17,0,0,5,4,9,0,7,11,8,26,0,0,0,26
10/17/2012,MHK,KS,ACE,CE,Federal Contract Tower,0,6,6,0,12,0,0,5,10,15,0,6,11,10,27,0,0,0,27
10/18/2012,MHK,KS,ACE,CE,Federal Contract Tower,0,3,7,0,10,0,0,4,0,4,0,3,11,0,14,0,0,0,14
10/19/2012,MHK,KS,ACE,CE,Federal Contract Tower,3,10,9,0,22,0,0,23,0,23,3,10,32,0,45,30,0,30,75
10/20/2012,MHK,KS,ACE,CE,Federal Contract Tower,0,8,13,0,21,0,2,28,0,30,0,10,41,0,51,44,0,44,95
10/21/2012,MHK,KS,ACE,CE,Federal Contract Tower,0,6,11,0,17,0,0,18,1,19,0,6,29,1,36,18,0,18,54
10/22/2012,MHK,KS,ACE,CE,Federal Contract Tower,0,9,22,0,31,0,0,2,1,3,0,9,24,1,34,0,2,2,36
10/23/2012,MHK,KS,ACE,CE,Federal Contract Tower,0,10,0,0,10,0,0,7,0,7,0,10,7,0,17,10,12,22,39
10/24/2012,MHK,KS,ACE,CE,Federal Contract Tower,0,11,13,3,27,0,0,16,1,17,0,11,29,4,44,14,0,14,58
10/25/2012,MHK,KS,ACE,CE,Federal Contract Tower,0,9,14,1,24,0,0,5,5,10,0,9,19,6,34,16,74,90,124
10/26/2012,MHK,KS,ACE,CE,Federal Contract Tower,2,7,15,20,44,0,0,31,4,35,2,7,46,24,79,20,8,28,107
10/27/2012,MHK,KS,ACE,CE,Federal Contract Tower,2,11,25,2,40,0,0,44,4,48,2,11,69,6,88,36,0,36,124
10/28/2012,MHK,KS,ACE,CE,Federal Contract Tower,0,10,13,0,23,0,0,45,2,47,0,10,58,2,70,36,2,38,108
10/29/2012,MHK,KS,ACE,CE,Federal Contract Tower,0,7,12,0,19,0,0,18,2,20,0,7,30,2,39,2,38,40,79
10/30/2012,MHK,KS,ACE,CE,Federal Contract Tower,0,7,13,0,20,0,2,26,1,29,0,9,39,1,49,20,8,28,77
10/31/2012,MHK,KS,ACE,CE,Federal Contract Tower,0,8,10,0,18,0,0,11,2,13,0,8,21,2,31,2,26,28,59
11/01/2012,MHK,KS,ACE,CE,Federal Contract Tower,0,6,8,4,18,0,0,33,0,33,0,6,41,4,51,24,0,24,75
11/02/2012,MHK,KS,ACE,CE,Federal Contract Tower,2,6,17,5,30,0,0,28,3,31,2,6,45,8,61,16,22,38,99
11/03/2012,MHK,KS,ACE,CE,Federal Contract Tower,0,9,24,2,35,0,0,48,0,48,0,9,72,2,83,8,0,8,91
11/04/2012,MHK,KS,ACE,CE,Federal Contract Tower,0,7,10,2,19,0,0,39,0,39,0,7,49,2,58,38,0,38,96
11/05/2012,MHK,KS,ACE,CE,Federal Contract Tower,0,9,6,7,22,0,0,5,2,7,0,9,11,9,29,0,4,4,33
11/06/2012,MHK,KS,ACE,CE,Federal Contract Tower,0,10,12,1,23,0,3,16,3,22,0,13,28,4,45,18,0,18,63
11/07/2012,MHK,KS,ACE,CE,Federal Contract Tower,0,7,13,4,24,0,2,15,1,18,0,9,28,5,42,6,2,8,50
11/08/2012,MHK,KS,ACE,CE,Federal Contract Tower,0,9,8,2,19,0,2,26,2,30,0,11,34,4,49,54,0,54,103
11/09/2012,MHK,KS,ACE,CE,Federal Contract Tower,2,8,5,0,15,0,0,31,0,31,2,8,36,0,46,16,0,16,62
11/10/2012,MHK,KS,ACE,CE,Federal Contract Tower,0,5,1,0,6,0,0,7,0,7,0,5,8,0,13,2,0,2,15
11/11/2012,MHK,KS,ACE,CE,Federal Contract Tower,0,6,4,0,10,0,0,11,0,11,0,6,15,0,21,0,0,0,21
11/12/2012,MHK,KS,ACE,CE,Federal Contract Tower,0,7,6,0,13,0,2,14,0,16,0,9,20,0,29,10,0,10,39
11/13/2012,MHK,KS,ACE,CE,Federal Contract Tower,0,10,20,0,30,0,2,8,2,12,0,12,28,2,42,10,30,40,82
11/14/2012,MHK,KS,ACE,CE,Federal Contract Tower,2,10,20,0,32,0,4,12,0,16,2,14,32,0,48,8,0,8,56
11/15/2012,MHK,KS,ACE,CE,Federal Contract Tower,0,10,6,4,20,0,2,23,8,33,0,12,29,12,53,46,38,84,137
11/16/2012,MHK,KS,ACE,CE,Federal Contract Tower,2,12,9,0,23,0,0,22,0,22,2,12,31,0,45,20,4,24,69
11/17/2012,MHK,KS,ACE,CE,Federal Contract Tower,0,8,12,4,24,0,0,28,0,28,0,8,40,4,52,18,0,18,70
11/18/2012,MHK,KS,ACE,CE,Federal Contract Tower,0,8,2,2,12,0,0,13,0,13,0,8,15,2,25,16,0,16,41
11/19/2012,MHK,KS,ACE,CE,Federal Contract Tower,2,8,19,6,35,0,0,17,1,18,2,8,36,7,53,38,12,50,103
11/20/2012,MHK,KS,ACE,CE,Federal Contract Tower,0,8,11,8,27,0,0,17,8,25,0,8,28,16,52,0,46,46,98
11/21/2012,MHK,KS,ACE,CE,Federal Contract Tower,0,5,8,0,13,0,0,19,0,19,0,5,27,0,32,4,0,4,36
11/22/2012,MHK,KS,ACE,CE,Federal Contract Tower,0,4,3,0,7,0,0,5,0,5,0,4,8,0,12,22,0,22,34
11/23/2012,MHK,KS,ACE,CE,Federal Contract Tower,0,4,9,0,13,0,0,14,0,14,0,4,23,0,27,28,0,28,55
11/24/2012,MHK,KS,ACE,CE,Federal Contract Tower,2,8,5,0,15,0,0,24,0,24,2,8,29,0,39,12,0,12,51
11/25/2012,MHK,KS,ACE,CE,Federal Contract Tower,0,8,4,0,12,0,0,23,0,23,0,8,27,0,35,20,0,20,55
11/26/2012,MHK,KS,ACE,CE,Federal Contract Tower,0,8,4,11,23,0,0,8,1,9,0,8,12,12,32,0,10,10,42
11/27/2012,MHK,KS,ACE,CE,Federal Contract Tower,0,11,17,4,32,0,2,9,0,11,0,13,26,4,43,0,10,10,53
11/28/2012,MHK,KS,ACE,CE,Federal Contract Tower,0,7,11,1,19,0,0,17,3,20,0,7,28,4,39,14,16,30,69
11/29/2012,MHK,KS,ACE,CE,Federal Contract Tower,0,15,14,2,31,0,2,26,2,30,0,17,40,4,61,48,6,54,115
11/30/2012,MHK,KS,ACE,CE,Federal Contract Tower,2,8,12,3,25,0,0,31,0,31,2,8,43,3,56,26,0,26,82
12/01/2012,MHK,KS,ACE,CE,Federal Contract Tower,4,10,36,1,51,0,0,24,1,25,4,10,60,2,76,12,0,12,88
12/02/2012,MHK,KS,ACE,CE,Federal Contract Tower,0,8,16,1,25,0,0,54,0,54,0,8,70,1,79,32,0,32,111
12/03/2012,MHK,KS,ACE,CE,Federal Contract Tower,0,10,13,1,24,0,0,14,1,15,0,10,27,2,39,12,16,28,67
12/04/2012,MHK,KS,ACE,CE,Federal Contract Tower,0,6,15,0,21,0,0,16,2,18,0,6,31,2,39,12,12,24,63
12/05/2012,MHK,KS,ACE,CE,Federal Contract Tower,0,11,15,0,26,0,0,14,0,14,0,11,29,0,40,8,0,8,48
12/06/2012,MHK,KS,ACE,CE,Federal Contract Tower,2,12,12,2,28,0,0,21,2,23,2,12,33,4,51,48,6,54,105
12/07/2012,MHK,KS,ACE,CE,Federal Contract Tower,0,9,9,0,18,0,0,7,0,7,0,9,16,0,25,18,0,18,43
12/08/2012,MHK,KS,ACE,CE,Federal Contract Tower,1,8,14,2,25,0,0,29,2,31,1,8,43,4,56,52,0,52,108
12/09/2012,MHK,KS,ACE,CE,Federal Contract Tower,0,7,1,0,8,0,0,0,0,0,0,7,1,0,8,0,0,0,8
12/10/2012,MHK,KS,ACE,CE,Federal Contract Tower,0,8,4,2,14,0,0,22,0,22,0,8,26,2,36,36,0,36,72
12/11/2012,MHK,KS,ACE,CE,Federal Contract Tower,0,7,12,3,22,0,0,34,0,34,0,7,46,3,56,18,2,20,76
12/12/2012,MHK,KS,ACE,CE,Federal Contract Tower,0,9,10,1,20,0,0,18,1,19,0,9,28,2,39,16,10,26,65
12/13/2012,MHK,KS,ACE,CE,Federal Contract Tower,0,10,9,2,21,0,0,31,2,33,0,10,40,4,54,24,2,26,80
12/14/2012,MHK,KS,ACE,CE,Federal Contract Tower,2,8,6,5,21,0,0,11,0,11,2,8,17,5,32,12,0,12,44
12/15/2012,MHK,KS,ACE,CE,Federal Contract Tower,0,6,10,2,18,0,0,5,0,5,0,6,15,2,23,8,0,8,31
12/16/2012,MHK,KS,ACE,CE,Federal Contract Tower,2,8,7,1,18,0,0,0,0,0,2,8,7,1,18,0,0,0,18
12/17/2012,MHK,KS,ACE,CE,Federal Contract Tower,0,8,14,2,24,0,0,18,2,20,0,8,32,4,44,6,22,28,72
12/18/2012,MHK,KS,ACE,CE,Federal Contract Tower,0,6,10,0,16,0,0,25,2,27,0,6,35,2,43,38,2,40,83
12/19/2012,MHK,KS,ACE,CE,Federal Contract Tower,0,4,9,0,13,0,0,8,0,8,0,4,17,0,21,4,0,4,25
12/20/2012,MHK,KS,ACE,CE,Federal Contract Tower,0,3,4,0,7,0,0,1,2,3,0,3,5,2,10,0,2,2,12
12/21/2012,MHK,KS,ACE,CE,Federal Contract Tower,0,7,3,0,10,0,0,21,0,21,0,7,24,0,31,38,0,38,69
12/22/2012,MHK,KS,ACE,CE,Federal Contract Tower,0,8,6,2,16,0,0,24,0,24,0,8,30,2,40,10,0,10,50
12/23/2012,MHK,KS,ACE,CE,Federal Contract Tower,0,8,2,0,10,0,0,6,0,6,0,8,8,0,16,6,0,6,22
12/24/2012,MHK,KS,ACE,CE,Federal Contract Tower,0,2,0,0,2,0,0,2,0,2,0,2,2,0,4,0,0,0,4
12/25/2012,MHK,KS,ACE,CE,Federal Contract Tower,0,5,0,0,5,0,0,1,0,1,0,5,1,0,6,0,0,0,6
12/26/2012,MHK,KS,ACE,CE,Federal Contract Tower,0,2,1,0,3,0,0,14,0,14,0,2,15,0,17,48,0,48,65
12/27/2012,MHK,KS,ACE,CE,Federal Contract Tower,0,9,5,0,14,0,0,5,0,5,0,9,10,0,19,2,0,2,21
12/28/2012,MHK,KS,ACE,CE,Federal Contract Tower,4,6,0,0,10,0,0,2,0,2,4,6,2,0,12,0,0,0,12
12/29/2012,MHK,KS,ACE,CE,Federal Contract Tower,0,8,4,2,14,0,0,20,0,20,0,8,24,2,34,6,0,6,40
12/30/2012,MHK,KS,ACE,CE,Federal Contract Tower,0,8,6,0,14,0,0,11,0,11,0,8,17,0,25,8,0,8,33
12/31/2012,MHK,KS,ACE,CE,Federal Contract Tower,0,4,0,0,4,0,0,1,0,1,0,4,1,0,5,0,0,0,5
01/01/2013,MHK,KS,ACE,CE,Federal Contract Tower,10,6,2,0,18,0,0,4,0,4,10,6,6,0,22,0,0,0,22
01/02/2013,MHK,KS,ACE,CE,Federal Contract Tower,0,7,0,0,7,0,0,11,0,11,0,7,11,0,18,20,0,20,38
01/03/2013,MHK,KS,ACE,CE,Federal Contract Tower,0,9,7,3,19,0,0,19,2,21,0,9,26,5,40,16,0,16,56
01/04/2013,MHK,KS,ACE,CE,Federal Contract Tower,14,11,6,2,33,0,0,17,0,17,14,11,23,2,50,14,0,14,64
01/05/2013,MHK,KS,ACE,CE,Federal Contract Tower,0,7,3,0,10,0,0,29,0,29,0,7,32,0,39,32,0,32,71
01/06/2013,MHK,KS,ACE,CE,Federal Contract Tower,0,7,13,0,20,0,0,17,0,17,0,7,30,0,37,10,0,10,47
01/07/2013,MHK,KS,ACE,CE,Federal Contract Tower,0,10,6,2,18,0,0,7,0,7,0,10,13,2,25,32,0,32,57
01/08/2013,MHK,KS,ACE,CE,Federal Contract Tower,0,8,13,1,22,0,0,13,1,14,0,8,26,2,36,0,0,0,36
01/09/2013,MHK,KS,ACE,CE,Federal Contract Tower,0,7,5,3,15,0,0,20,4,24,0,7,25,7,39,34,0,34,73
01/10/2013,MHK,KS,ACE,CE,Federal Contract Tower,0,11,7,0,18,0,0,0,0,0,0,11,7,0,18,0,0,0,18
01/11/2013,MHK,KS,ACE,CE,Federal Contract Tower,4,14,3,0,21,0,0,6,10,16,4,14,9,10,37,6,0,6,43
01/12/2013,MHK,KS,ACE,CE,Federal Contract Tower,2,10,4,2,18,0,0,9,15,24,2,10,13,17,42,12,0,12,54
01/13/2013,MHK,KS,ACE,CE,Federal Contract Tower,0,12,4,0,16,0,0,7,6,13,0,12,11,6,29,8,0,8,37
01/14/2013,MHK,KS,ACE,CE,Federal Contract Tower,0,7,10,0,17,0,0,14,2,16,0,7,24,2,33,58,0,58,91
01/15/2013,MHK,KS,ACE,CE,Federal Contract Tower,2,9,12,0,23,0,0,9,4,13,2,9,21,4,36,0,2,2,38
01/16/2013,MHK,KS,ACE,CE,Federal Contract Tower,0,10,8,2,20,0,0,10,1,11,0,10,18,3,31,18,34,52,83
01/17/2013,MHK,KS,ACE,CE,Federal Contract Tower,0,8,2,0,10,0,0,5,2,7,0,8,7,2,17,24,0,24,41
01/18/2013,MHK,KS,ACE,CE,Federal Contract Tower,0,11,10,0,21,0,0,10,12,22,0,11,20,12,43,4,0,4,47
01/19/2013,MHK,KS,ACE,CE,Federal Contract Tower,0,10,7,2,19,0,0,38,0,38,0,10,45,2,57,44,0,44,101
01/20/2013,MHK,KS,ACE,CE,Federal Contract Tower,0,7,2,0,9,0,2,24,0,26,0,9,26,0,35,38,0,38,73
01/21/2013,MHK,KS,ACE,CE,Federal Contract Tower,0,15,9,1,25,0,0,33,0,33,0,15,42,1,58,50,0,50,108
01/22/2013,MHK,KS,ACE,CE,Federal Contract Tower,0,9,18,1,28,0,0,30,0,30,0,9,48,1,58,42,16,58,116
01/23/2013,MHK,KS,ACE,CE,Federal Contract Tower,0,5,18,0,23,0,1,28,1,30,0,6,46,1,53,46,30,76,129
01/24/2013,MHK,KS,ACE,CE,Federal Contract Tower,0,7,8,2,17,0,0,10,0,10,0,7,18,2,27,10,16,26,53
01/25/2013,MHK,KS,ACE,CE,Federal Contract Tower,0,6,7,1,14,0,0,25,3,28,0,6,32,4,42,28,0,28,70
01/26/2013,MHK,KS,ACE,CE,Federal Contract Tower,0,13,2,0,15,0,0,33,3,36,0,13,35,3,51,68,0,68,119
01/27/2013,MHK,KS,ACE,CE,Federal Contract Tower,0,5,8,6,19,0,0,1,0,1,0,5,9,6,20,0,0,0,20
01/28/2013,MHK,KS,ACE,CE,Federal Contract Tower,0,7,6,4,17,0,0,7,1,8,0,7,13,5,25,8,0,8,33
01/29/2013,MHK,KS,ACE,CE,Federal Contract Tower,1,14,4,0,19,0,0,1,0,1,1,14,5,0,20,0,0,0,20
01/30/2013,MHK,KS,ACE,CE,Federal Contract Tower,0,8,11,0,19,0,0,1,0,1,0,8,12,0,20,0,2,2,22
01/31/2013,MHK,KS,ACE,CE,Federal Contract Tower,0,12,7,0,19,0,0,1,0,1,0,12,8,0,20,2,32,34,54
02/01/2013,MHK,KS,ACE,CE,Federal Contract Tower,2,9,8,4,23,0,0,13,4,17,2,9,21,8,40,30,10,40,80
02/02/2013,MHK,KS,ACE,CE,Federal Contract Tower,0,8,7,0,15,0,0,46,5,51,0,8,53,5,66,42,0,42,108
02/03/2013,MHK,KS,ACE,CE,Federal Contract Tower,0,7,5,2,14,0,1,21,6,28,0,8,26,8,42,10,0,10,52
02/04/2013,MHK,KS,ACE,CE,Federal Contract Tower,2,7,10,3,22,0,0,40,8,48,2,7,50,11,70,50,0,50,120
02/05/2013,MHK,KS,ACE,CE,Federal Contract Tower,0,10,12,3,25,0,0,26,2,28,0,10,38,5,53,20,2,22,75
02/06/2013,MHK,KS,ACE,CE,Federal Contract Tower,0,7,7,0,14,0,0,24,3,27,0,7,31,3,41,48,0,48,89
02/07/2013,MHK,KS,ACE,CE,Federal Contract Tower,0,8,6,4,18,0,0,8,0,8,0,8,14,4,26,6,0,6,32
02/08/2013,MHK,KS,ACE,CE,Federal Contract Tower,1,9,3,3,16,0,0,21,0,21,1,9,24,3,37,8,0,8,45
02/09/2013,MHK,KS,ACE,CE,Federal Contract Tower,0,11,2,0,13,0,0,5,2,7,0,11,7,2,20,0,0,0,20
02/10/2013,MHK,KS,ACE,CE,Federal Contract Tower,0,6,4,0,10,0,0,5,1,6,0,6,9,1,16,0,0,0,16
02/11/2013,MHK,KS,ACE,CE,Federal Contract Tower,0,10,4,4,18,0,0,16,0,16,0,10,20,4,34,22,6,28,62
02/12/2013,MHK,KS,ACE,CE,Federal Contract Tower,1,10,21,6,38,0,0,31,4,35,1,10,52,10,73,66,10,76,149
02/13/2013,MHK,KS,ACE,CE,Federal Contract Tower,0,9,11,6,26,0,0,20,0,20,0,9,31,6,46,30,0,30,76
02/14/2013,MHK,KS,ACE,CE,Federal Contract Tower,0,8,7,4,19,0,0,8,4,12,0,8,15,8,31,4,0,4,35
02/15/2013,MHK,KS,ACE,CE,Federal Contract Tower,0,15,8,0,23,0,0,23,0,23,0,15,31,0,46,30,0,30,76
02/16/2013,MHK,KS,ACE,CE,Federal Contract Tower,0,11,3,0,14,0,0,26,0,26,0,11,29,0,40,10,0,10,50
02/17/2013,MHK,KS,ACE,CE,Federal Contract Tower,3,11,7,1,22,0,0,36,0,36,3,11,43,1,58,48,0,48,106
02/18/2013,MHK,KS,ACE,CE,Federal Contract Tower,0,7,9,3,19,0,0,10,0,10,0,7,19,3,29,4,0,4,33
02/19/2013,MHK,KS,ACE,CE,Federal Contract Tower,1,10,5,4,20,0,2,19,0,21,1,12,24,4,41,20,8,28,69
02/20/2013,MHK,KS,ACE,CE,Federal Contract Tower,0,5,15,10,30,0,0,14,0,14,0,5,29,10,44,0,0,0,44
02/21/2013,MHK,KS,ACE,CE,Federal Contract Tower,0,0,0,0,0,0,0,0,0,0,0,0,0,0,0,0,0,0,0
02/22/2013,MHK,KS,ACE,CE,Federal Contract Tower,2,7,9,0,18,0,0,3,0,3,2,7,12,0,21,0,0,0,21
02/23/2013,MHK,KS,ACE,CE,Federal Contract Tower,0,9,4,0,13,0,0,17,0,17,0,9,21,0,30,32,0,32,62
02/24/2013,MHK,KS,ACE,CE,Federal Contract Tower,1,17,5,0,23,0,1,24,2,27,1,18,29,2,50,52,0,52,102
02/25/2013,MHK,KS,ACE,CE,Federal Contract Tower,0,9,1,1,11,0,0,0,0,0,0,9,1,1,11,0,0,0,11
02/26/2013,MHK,KS,ACE,CE,Federal Contract Tower,0,9,2,0,11,0,0,0,0,0,0,9,2,0,11,0,0,0,11
02/27/2013,MHK,KS,ACE,CE,Federal Contract Tower,0,8,11,2,21,0,0,3,2,5,0,8,14,4,26,0,34,34,60
02/28/2013,MHK,KS,ACE,CE,Federal Contract Tower,0,12,5,1,18,0,0,11,1,12,0,12,16,2,30,12,0,12,42
03/01/2013,MHK,KS,ACE,CE,Federal Contract Tower,0,13,7,4,24,0,2,7,0,9,0,15,14,4,33,16,0,16,49
03/02/2013,MHK,KS,ACE,CE,Federal Contract Tower,0,9,8,1,18,0,2,40,0,42,0,11,48,1,60,68,0,68,128
03/03/2013,MHK,KS,ACE,CE,Federal Contract Tower,1,10,5,0,16,0,0,12,0,12,1,10,17,0,28,0,0,0,28
03/04/2013,MHK,KS,ACE,CE,Federal Contract Tower,0,11,15,0,26,0,0,14,0,14,0,11,29,0,40,20,0,20,60
03/05/2013,MHK,KS,ACE,CE,Federal Contract Tower,0,5,5,2,12,0,1,14,0,15,0,6,19,2,27,22,2,24,51
03/06/2013,MHK,KS,ACE,CE,Federal Contract Tower,0,9,15,0,24,0,0,10,0,10,0,9,25,0,34,24,8,32,66
03/07/2013,MHK,KS,ACE,CE,Federal Contract Tower,0,14,3,0,17,0,6,30,2,38,0,20,33,2,55,60,22,82,137
03/08/2013,MHK,KS,ACE,CE,Federal Contract Tower,0,14,19,0,33,0,0,13,0,13,0,14,32,0,46,58,2,60,106
03/09/2013,MHK,KS,ACE,CE,Federal Contract Tower,0,11,9,2,22,0,0,2,0,2,0,11,11,2,24,10,0,10,34
03/10/2013,MHK,KS,ACE,CE,Federal Contract Tower,0,7,4,0,11,0,0,0,0,0,0,7,4,0,11,0,0,0,11
03/11/2013,MHK,KS,ACE,CE,Federal Contract Tower,0,8,4,4,16,0,2,17,0,19,0,10,21,4,35,34,0,34,69
03/12/2013,MHK,KS,ACE,CE,Federal Contract Tower,0,6,8,2,16,0,2,14,0,16,0,8,22,2,32,2,18,20,52
03/13/2013,MHK,KS,ACE,CE,Federal Contract Tower,0,6,6,2,14,0,0,17,0,17,0,6,23,2,31,32,4,36,67
03/14/2013,MHK,KS,ACE,CE,Federal Contract Tower,0,8,9,2,19,0,0,26,0,26,0,8,35,2,45,68,10,78,123
03/15/2013,MHK,KS,ACE,CE,Federal Contract Tower,0,8,7,0,15,0,0,44,2,46,0,8,51,2,61,68,20,88,149
03/16/2013,MHK,KS,ACE,CE,Federal Contract Tower,0,11,10,0,21,0,0,5,0,5,0,11,15,0,26,2,0,2,28
03/17/2013,MHK,KS,ACE,CE,Federal Contract Tower,0,8,1,2,11,0,0,1,0,1,0,8,2,2,12,0,0,0,12
03/18/2013,MHK,KS,ACE,CE,Federal Contract Tower,0,11,18,0,29,0,0,30,1,31,0,11,48,1,60,98,0,98,158
03/19/2013,MHK,KS,ACE,CE,Federal Contract Tower,0,6,12,1,19,0,0,8,0,8,0,6,20,1,27,14,10,24,51
03/20/2013,MHK,KS,ACE,CE,Federal Contract Tower,0,6,7,3,16,0,0,35,3,38,0,6,42,6,54,72,24,96,150
03/21/2013,MHK,KS,ACE,CE,Federal Contract Tower,0,7,13,1,21,0,0,10,0,10,0,7,23,1,31,18,0,18,49
03/22/2013,MHK,KS,ACE,CE,Federal Contract Tower,0,11,4,0,15,0,0,3,0,3,0,11,7,0,18,32,0,32,50
03/23/2013,MHK,KS,ACE,CE,Federal Contract Tower,0,6,0,0,6,0,0,0,0,0,0,6,0,0,6,0,0,0,6
03/24/2013,MHK,KS,ACE,CE,Federal Contract Tower,0,10,4,0,14,0,0,7,0,7,0,10,11,0,21,14,0,14,35
03/25/2013,MHK,KS,ACE,CE,Federal Contract Tower,0,11,4,2,17,0,0,7,0,7,0,11,11,2,24,20,2,22,46
03/26/2013,MHK,KS,ACE,CE,Federal Contract Tower,0,6,6,3,15,0,0,25,2,27,0,6,31,5,42,16,34,50,92
03/27/2013,MHK,KS,ACE,CE,Federal Contract Tower,0,8,10,4,22,0,0,10,4,14,0,8,20,8,36,22,64,86,122
03/28/2013,MHK,KS,ACE,CE,Federal Contract Tower,0,7,3,2,12,0,0,28,0,28,0,7,31,2,40,74,2,76,116
03/29/2013,MHK,KS,ACE,CE,Federal Contract Tower,0,13,6,1,20,0,1,32,0,33,0,14,38,1,53,34,0,34,87
03/30/2013,MHK,KS,ACE,CE,Federal Contract Tower,0,8,12,0,20,0,0,21,0,21,0,8,33,0,41,34,0,34,75
03/31/2013,MHK,KS,ACE,CE,Federal Contract Tower,0,6,2,0,8,0,0,26,0,26,0,6,28,0,34,28,0,28,62
04/01/2013,MHK,KS,ACE,CE,Federal Contract Tower,0,8,10,1,19,0,0,21,0,21,0,8,31,1,40,32,0,32,72
04/02/2013,MHK,KS,ACE,CE,Federal Contract Tower,0,11,3,0,14,0,0,16,0,16,0,11,19,0,30,22,4,26,56
04/03/2013,MHK,KS,ACE,CE,Federal Contract Tower,0,33,18,14,65,0,4,16,18,38,0,37,34,32,103,12,58,70,173
04/04/2013,MHK,KS,ACE,CE,Federal Contract Tower,0,7,6,12,25,0,0,22,0,22,0,7,28,12,47,50,34,84,131
04/05/2013,MHK,KS,ACE,CE,Federal Contract Tower,0,10,4,0,14,0,0,20,0,20,0,10,24,0,34,40,0,40,74
04/06/2013,MHK,KS,ACE,CE,Federal Contract Tower,0,7,7,0,14,0,0,30,0,30,0,7,37,0,44,66,0,66,110
04/07/2013,MHK,KS,ACE,CE,Federal Contract Tower,0,7,1,2,10,0,2,10,3,15,0,9,11,5,25,8,2,10,35
04/08/2013,MHK,KS,ACE,CE,Federal Contract Tower,0,7,16,2,25,0,0,7,0,7,0,7,23,2,32,0,14,14,46
04/09/2013,MHK,KS,ACE,CE,Federal Contract Tower,0,9,14,2,25,0,0,3,0,3,0,9,17,2,28,0,0,0,28
04/10/2013,MHK,KS,ACE,CE,Federal Contract Tower,0,7,2,0,9,0,0,0,0,0,0,7,2,0,9,0,0,0,9
04/11/2013,MHK,KS,ACE,CE,Federal Contract Tower,0,11,10,10,31,0,0,14,0,14,0,11,24,10,45,34,4,38,83
04/12/2013,MHK,KS,ACE,CE,Federal Contract Tower,0,9,10,6,25,0,0,29,2,31,0,9,39,8,56,60,0,60,116
04/13/2013,MHK,KS,ACE,CE,Federal Contract Tower,0,8,7,2,17,0,2,36,0,38,0,10,43,2,55,96,0,96,151
04/14/2013,MHK,KS,ACE,CE,Federal Contract Tower,0,6,4,0,10,0,0,9,0,9,0,6,13,0,19,18,0,18,37
04/15/2013,MHK,KS,ACE,CE,Federal Contract Tower,0,8,17,12,37,0,0,18,0,18,0,8,35,12,55,26,14,40,95
04/16/2013,MHK,KS,ACE,CE,Federal Contract Tower,0,13,12,6,31,0,0,10,1,11,0,13,22,7,42,10,8,18,60
04/17/2013,MHK,KS,ACE,CE,Federal Contract Tower,0,4,4,0,8,0,0,0,0,0,0,4,4,0,8,0,0,0,8
04/18/2013,MHK,KS,ACE,CE,Federal Contract Tower,0,6,5,8,19,0,0,2,2,4,0,6,7,10,23,8,2,10,33
04/19/2013,MHK,KS,ACE,CE,Federal Contract Tower,0,9,14,8,31,0,0,27,0,27,0,9,41,8,58,48,0,48,106
04/20/2013,MHK,KS,ACE,CE,Federal Contract Tower,0,8,5,0,13,0,0,36,0,36,0,8,41,0,49,24,0,24,73
04/21/2013,MHK,KS,ACE,CE,Federal Contract Tower,0,7,5,0,12,0,0,19,6,25,0,7,24,6,37,0,0,0,37
04/22/2013,MHK,KS,ACE,CE,Federal Contract Tower,0,7,0,0,7,0,0,6,0,6,0,7,6,0,13,6,0,6,19
04/23/2013,MHK,KS,ACE,CE,Federal Contract Tower,0,7,2,2,11,0,0,0,0,0,0,7,2,2,11,0,0,0,11
04/24/2013,MHK,KS,ACE,CE,Federal Contract Tower,0,15,6,0,21,0,0,20,2,22,0,15,26,2,43,40,0,40,83
04/25/2013,MHK,KS,ACE,CE,Federal Contract Tower,0,9,3,2,14,0,0,13,0,13,0,9,16,2,27,0,0,0,27
04/26/2013,MHK,KS,ACE,CE,Federal Contract Tower,0,8,3,0,11,0,0,5,0,5,0,8,8,0,16,12,0,12,28
04/27/2013,MHK,KS,ACE,CE,Federal Contract Tower,0,13,3,0,16,0,0,20,0,20,0,13,23,0,36,10,0,10,46
04/28/2013,MHK,KS,ACE,CE,Federal Contract Tower,0,9,4,0,13,0,1,26,0,27,0,10,30,0,40,60,0,60,100
04/29/2013,MHK,KS,ACE,CE,Federal Contract Tower,0,9,12,2,23,0,2,62,0,64,0,11,74,2,87,12,0,12,99
04/30/2013,MHK,KS,ACE,CE,Federal Contract Tower,0,7,9,0,16,0,1,25,0,26,0,8,34,0,42,10,4,14,56
05/01/2013,MHK,KS,ACE,CE,Federal Contract Tower,0,12,7,2,21,0,0,3,0,3,0,12,10,2,24,0,0,0,24
05/02/2013,MHK,KS,ACE,CE,Federal Contract Tower,0,7,6,2,15,0,0,1,0,1,0,7,7,2,16,0,0,0,16
05/03/2013,MHK,KS,ACE,CE,Federal Contract Tower,0,8,4,2,14,0,2,10,0,12,0,10,14,2,26,18,0,18,44
05/04/2013,MHK,KS,ACE,CE,Federal Contract Tower,0,9,2,0,11,0,0,0,0,0,0,9,2,0,11,0,0,0,11
05/05/2013,MHK,KS,ACE,CE,Federal Contract Tower,0,7,12,0,19,0,0,9,0,9,0,7,21,0,28,10,0,10,38
05/06/2013,MHK,KS,ACE,CE,Federal Contract Tower,0,10,11,0,21,0,0,9,4,13,0,10,20,4,34,12,2,14,48
05/07/2013,MHK,KS,ACE,CE,Federal Contract Tower,0,8,7,0,15,0,0,23,4,27,0,8,30,4,42,40,30,70,112
05/08/2013,MHK,KS,ACE,CE,Federal Contract Tower,0,15,11,2,28,0,1,28,7,36,0,16,39,9,64,32,8,40,104
05/09/2013,MHK,KS,ACE,CE,Federal Contract Tower,0,12,8,0,20,0,0,7,2,9,0,12,15,2,29,8,0,8,37
05/10/2013,MHK,KS,ACE,CE,Federal Contract Tower,0,7,11,0,18,0,0,35,0,35,0,7,46,0,53,38,0,38,91
05/11/2013,MHK,KS,ACE,CE,Federal Contract Tower,0,8,4,5,17,0,0,27,1,28,0,8,31,6,45,36,18,54,99
05/12/2013,MHK,KS,ACE,CE,Federal Contract Tower,0,12,6,0,18,0,0,27,0,27,0,12,33,0,45,42,0,42,87
05/13/2013,MHK,KS,ACE,CE,Federal Contract Tower,0,9,3,3,15,0,0,19,1,20,0,9,22,4,35,8,18,26,61
05/14/2013,MHK,KS,ACE,CE,Federal Contract Tower,0,9,8,1,18,0,0,21,0,21,0,9,29,1,39,10,4,14,53
05/15/2013,MHK,KS,ACE,CE,Federal Contract Tower,0,13,18,1,32,0,0,22,1,23,0,13,40,2,55,26,0,26,81
05/16/2013,MHK,KS,ACE,CE,Federal Contract Tower,0,12,15,2,29,0,2,13,0,15,0,14,28,2,44,14,0,14,58
05/17/2013,MHK,KS,ACE,CE,Federal Contract Tower,0,10,11,1,22,0,0,46,1,47,0,10,57,2,69,44,2,46,115
05/18/2013,MHK,KS,ACE,CE,Federal Contract Tower,0,10,4,0,14,0,0,17,0,17,0,10,21,0,31,26,0,26,57
05/19/2013,MHK,KS,ACE,CE,Federal Contract Tower,0,9,3,0,12,0,0,9,0,9,0,9,12,0,21,12,0,12,33
05/20/2013,MHK,KS,ACE,CE,Federal Contract Tower,0,6,8,0,14,0,0,23,2,25,0,6,31,2,39,66,20,86,125
05/21/2013,MHK,KS,ACE,CE,Federal Contract Tower,0,7,9,0,16,0,0,18,2,20,0,7,27,2,36,24,4,28,64
05/22/2013,MHK,KS,ACE,CE,Federal Contract Tower,0,7,22,0,29,0,0,35,0,35,0,7,57,0,64,32,0,32,96
05/23/2013,MHK,KS,ACE,CE,Federal Contract Tower,0,9,26,0,35,0,0,39,0,39,0,9,65,0,74,48,0,48,122
05/24/2013,MHK,KS,ACE,CE,Federal Contract Tower,0,8,4,0,12,0,0,25,0,25,0,8,29,0,37,32,0,32,69
05/25/2013,MHK,KS,ACE,CE,Federal Contract Tower,0,7,3,0,10,0,0,13,0,13,0,7,16,0,23,40,0,40,63
05/26/2013,MHK,KS,ACE,CE,Federal Contract Tower,0,6,6,0,12,0,2,10,0,12,0,8,16,0,24,8,0,8,32
05/27/2013,MHK,KS,ACE,CE,Federal Contract Tower,0,9,10,0,19,0,0,6,0,6,0,9,16,0,25,14,0,14,39
05/28/2013,MHK,KS,ACE,CE,Federal Contract Tower,0,9,7,0,16,0,0,10,2,12,0,9,17,2,28,44,0,44,72
05/29/2013,MHK,KS,ACE,CE,Federal Contract Tower,0,7,9,0,16,0,0,3,0,3,0,7,12,0,19,0,0,0,19
05/30/2013,MHK,KS,ACE,CE,Federal Contract Tower,0,7,9,0,16,0,0,9,2,11,0,7,18,2,27,4,0,4,31
05/31/2013,MHK,KS,ACE,CE,Federal Contract Tower,0,7,12,0,19,0,0,35,0,35,0,7,47,0,54,54,0,54,108
06/01/2013,MHK,KS,ACE,CE,Federal Contract Tower,0,6,5,2,13,0,0,19,0,19,0,6,24,2,32,34,0,34,66
06/02/2013,MHK,KS,ACE,CE,Federal Contract Tower,1,9,7,2,19,0,0,31,0,31,1,9,38,2,50,28,0,28,78
06/03/2013,MHK,KS,ACE,CE,Federal Contract Tower,0,8,5,0,13,0,0,32,2,34,0,8,37,2,47,36,0,36,83
06/04/2013,MHK,KS,ACE,CE,Federal Contract Tower,0,8,8,0,16,0,0,22,0,22,0,8,30,0,38,50,10,60,98
06/05/2013,MHK,KS,ACE,CE,Federal Contract Tower,0,14,18,10,42,0,0,6,2,8,0,14,24,12,50,12,4,16,66
06/06/2013,MHK,KS,ACE,CE,Federal Contract Tower,2,8,15,14,39,0,2,28,3,33,2,10,43,17,72,72,6,78,150
06/07/2013,MHK,KS,ACE,CE,Federal Contract Tower,0,7,5,0,12,0,0,30,2,32,0,7,35,2,44,80,0,80,124
06/08/2013,MHK,KS,ACE,CE,Federal Contract Tower,0,7,4,0,11,0,0,15,0,15,0,7,19,0,26,14,0,14,40
06/09/2013,MHK,KS,ACE,CE,Federal Contract Tower,0,8,2,2,12,0,0,24,0,24,0,8,26,2,36,48,0,48,84
06/10/2013,MHK,KS,ACE,CE,Federal Contract Tower,0,8,17,6,31,0,1,33,2,36,0,9,50,8,67,32,18,50,117
06/11/2013,MHK,KS,ACE,CE,Federal Contract Tower,2,7,11,0,20,0,2,13,3,18,2,9,24,3,38,18,2,20,58
06/12/2013,MHK,KS,ACE,CE,Federal Contract Tower,0,8,11,4,23,0,0,24,6,30,0,8,35,10,53,46,0,46,99
06/13/2013,MHK,KS,ACE,CE,Federal Contract Tower,0,10,10,4,24,0,2,21,0,23,0,12,31,4,47,16,0,16,63
06/14/2013,MHK,KS,ACE,CE,Federal Contract Tower,0,9,10,0,19,0,0,23,0,23,0,9,33,0,42,18,0,18,60
06/15/2013,MHK,KS,ACE,CE,Federal Contract Tower,0,10,7,2,19,0,0,67,0,67,0,10,74,2,86,4,0,4,90
06/16/2013,MHK,KS,ACE,CE,Federal Contract Tower,0,8,11,0,19,0,0,18,0,18,0,8,29,0,37,32,0,32,69
06/17/2013,MHK,KS,ACE,CE,Federal Contract Tower,0,5,6,0,11,0,0,21,0,21,0,5,27,0,32,4,0,4,36
06/18/2013,MHK,KS,ACE,CE,Federal Contract Tower,0,12,4,0,16,0,0,19,2,21,0,12,23,2,37,12,2,14,51
06/19/2013,MHK,KS,ACE,CE,Federal Contract Tower,0,11,7,0,18,0,5,20,0,25,0,16,27,0,43,56,0,56,99
06/20/2013,MHK,KS,ACE,CE,Federal Contract Tower,0,10,7,4,21,0,0,9,4,13,0,10,16,8,34,4,6,10,44
06/21/2013,MHK,KS,ACE,CE,Federal Contract Tower,0,10,2,0,12,0,0,12,0,12,0,10,14,0,24,32,2,34,58
06/22/2013,MHK,KS,ACE,CE,Federal Contract Tower,0,8,4,0,12,0,0,27,4,31,0,8,31,4,43,64,14,78,121
06/23/2013,MHK,KS,ACE,CE,Federal Contract Tower,0,6,3,0,9,0,0,6,0,6,0,6,9,0,15,0,0,0,15
06/24/2013,MHK,KS,ACE,CE,Federal Contract Tower,0,7,5,2,14,0,2,6,0,8,0,9,11,2,22,24,2,26,48
06/25/2013,MHK,KS,ACE,CE,Federal Contract Tower,0,8,2,6,16,0,2,6,0,8,0,10,8,6,24,22,0,22,46
06/26/2013,MHK,KS,ACE,CE,Federal Contract Tower,0,7,5,2,14,0,0,39,2,41,0,7,44,4,55,60,2,62,117
06/27/2013,MHK,KS,ACE,CE,Federal Contract Tower,0,8,5,2,15,0,1,18,0,19,0,9,23,2,34,38,0,38,72
06/28/2013,MHK,KS,ACE,CE,Federal Contract Tower,0,8,7,0,15,0,2,56,2,60,0,10,63,2,75,90,0,90,165
06/29/2013,MHK,KS,ACE,CE,Federal Contract Tower,0,11,20,0,31,0,3,34,2,39,0,14,54,2,70,34,0,34,104
06/30/2013,MHK,KS,ACE,CE,Federal Contract Tower,0,7,3,0,10,0,0,27,0,27,0,7,30,0,37,36,0,36,73
07/01/2013,MHK,KS,ACE,CE,Federal Contract Tower,0,6,5,0,11,0,2,21,0,23,0,8,26,0,34,16,0,16,50
07/02/2013,MHK,KS,ACE,CE,Federal Contract Tower,0,8,0,0,8,0,2,31,0,33,0,10,31,0,41,42,4,46,87
07/03/2013,MHK,KS,ACE,CE,Federal Contract Tower,0,7,15,2,24,0,0,26,0,26,0,7,41,2,50,46,0,46,96
07/04/2013,MHK,KS,ACE,CE,Federal Contract Tower,0,8,11,0,19,0,0,34,0,34,0,8,45,0,53,22,0,22,75
07/05/2013,MHK,KS,ACE,CE,Federal Contract Tower,0,9,7,0,16,0,0,5,0,5,0,9,12,0,21,8,0,8,29
07/06/2013,MHK,KS,ACE,CE,Federal Contract Tower,0,8,4,0,12,0,0,17,0,17,0,8,21,0,29,0,0,0,29
07/07/2013,MHK,KS,ACE,CE,Federal Contract Tower,0,9,8,0,17,0,0,14,0,14,0,9,22,0,31,2,0,2,33
07/08/2013,MHK,KS,ACE,CE,Federal Contract Tower,0,6,7,0,13,0,1,16,0,17,0,7,23,0,30,10,0,10,40
07/09/2013,MHK,KS,ACE,CE,Federal Contract Tower,0,7,4,0,11,0,0,15,0,15,0,7,19,0,26,32,2,34,60
07/10/2013,MHK,KS,ACE,CE,Federal Contract Tower,0,5,14,0,19,0,0,43,3,46,0,5,57,3,65,56,2,58,123
07/11/2013,MHK,KS,ACE,CE,Federal Contract Tower,0,7,15,2,24,0,2,25,4,31,0,9,40,6,55,50,2,52,107
07/12/2013,MHK,KS,ACE,CE,Federal Contract Tower,0,6,9,3,18,0,6,37,0,43,0,12,46,3,61,58,0,58,119
07/13/2013,MHK,KS,ACE,CE,Federal Contract Tower,0,7,3,0,10,0,0,18,0,18,0,7,21,0,28,28,0,28,56
07/14/2013,MHK,KS,ACE,CE,Federal Contract Tower,0,7,3,0,10,0,0,19,0,19,0,7,22,0,29,24,0,24,53
07/15/2013,MHK,KS,ACE,CE,Federal Contract Tower,0,10,13,0,23,0,1,17,0,18,0,11,30,0,41,32,2,34,75
07/16/2013,MHK,KS,ACE,CE,Federal Contract Tower,0,10,13,0,23,0,0,9,0,9,0,10,22,0,32,14,2,16,48
07/17/2013,MHK,KS,ACE,CE,Federal Contract Tower,0,12,10,0,22,0,2,19,0,21,0,14,29,0,43,52,2,54,97
07/18/2013,MHK,KS,ACE,CE,Federal Contract Tower,0,10,12,1,23,0,1,23,1,25,0,11,35,2,48,22,0,22,70
07/19/2013,MHK,KS,ACE,CE,Federal Contract Tower,0,7,1,1,9,0,6,31,0,37,0,13,32,1,46,50,0,50,96
07/20/2013,MHK,KS,ACE,CE,Federal Contract Tower,0,7,8,0,15,0,0,30,0,30,0,7,38,0,45,60,0,60,105
07/21/2013,MHK,KS,ACE,CE,Federal Contract Tower,0,10,24,0,34,0,1,18,0,19,0,11,42,0,53,16,0,16,69
07/22/2013,MHK,KS,ACE,CE,Federal Contract Tower,0,7,22,0,29,0,0,11,0,11,0,7,33,0,40,6,2,8,48
07/23/2013,MHK,KS,ACE,CE,Federal Contract Tower,0,8,9,0,17,0,0,10,1,11,0,8,19,1,28,2,0,2,30
07/24/2013,MHK,KS,ACE,CE,Federal Contract Tower,0,7,17,0,24,0,0,18,0,18,0,7,35,0,42,6,0,6,48
07/25/2013,MHK,KS,ACE,CE,Federal Contract Tower,0,9,7,0,16,0,0,12,0,12,0,9,19,0,28,18,0,18,46
07/26/2013,MHK,KS,ACE,CE,Federal Contract Tower,0,10,5,0,15,0,0,33,0,33,0,10,38,0,48,20,0,20,68
07/27/2013,MHK,KS,ACE,CE,Federal Contract Tower,0,6,4,0,10,0,0,23,0,23,0,6,27,0,33,30,0,30,63
07/28/2013,MHK,KS,ACE,CE,Federal Contract Tower,0,9,6,0,15,0,0,12,0,12,0,9,18,0,27,46,0,46,73
07/29/2013,MHK,KS,ACE,CE,Federal Contract Tower,0,7,10,0,17,0,0,0,0,0,0,7,10,0,17,0,0,0,17
07/30/2013,MHK,KS,ACE,CE,Federal Contract Tower,0,8,10,0,18,0,0,6,0,6,0,8,16,0,24,10,0,10,34
07/31/2013,MHK,KS,ACE,CE,Federal Contract Tower,0,11,14,0,25,0,0,47,2,49,0,11,61,2,74,36,0,36,110
08/01/2013,MHK,KS,ACE,CE,Federal Contract Tower,0,8,10,0,18,0,2,27,0,29,0,10,37,0,47,46,0,46,93
08/02/2013,MHK,KS,ACE,CE,Federal Contract Tower,0,7,2,1,10,0,0,18,2,20,0,7,20,3,30,38,2,40,70
08/03/2013,MHK,KS,ACE,CE,Federal Contract Tower,0,7,3,2,12,0,2,16,0,18,0,9,19,2,30,0,0,0,30
08/04/2013,MHK,KS,ACE,CE,Federal Contract Tower,0,6,9,0,15,0,0,7,0,7,0,6,16,0,22,0,0,0,22
08/05/2013,MHK,KS,ACE,CE,Federal Contract Tower,0,7,17,0,24,0,0,12,0,12,0,7,29,0,36,26,0,26,62
08/06/2013,MHK,KS,ACE,CE,Federal Contract Tower,0,7,9,0,16,0,0,34,0,34,0,7,43,0,50,64,2,66,116
08/07/2013,MHK,KS,ACE,CE,Federal Contract Tower,0,8,10,0,18,0,0,14,0,14,0,8,24,0,32,22,0,22,54
08/08/2013,MHK,KS,ACE,CE,Federal Contract Tower,0,7,4,0,11,0,0,5,1,6,0,7,9,1,17,32,2,34,51
08/09/2013,MHK,KS,ACE,CE,Federal Contract Tower,0,10,11,0,21,0,1,29,0,30,0,11,40,0,51,38,0,38,89
08/10/2013,MHK,KS,ACE,CE,Federal Contract Tower,0,8,2,0,10,0,1,34,9,44,0,9,36,9,54,74,1,75,129
08/11/2013,MHK,KS,ACE,CE,Federal Contract Tower,0,7,7,0,14,0,0,27,0,27,0,7,34,0,41,62,0,62,103
08/12/2013,MHK,KS,ACE,CE,Federal Contract Tower,0,8,10,0,18,0,2,7,0,9,0,10,17,0,27,10,0,10,37
08/13/2013,MHK,KS,ACE,CE,Federal Contract Tower,0,7,13,2,22,0,0,28,2,30,0,7,41,4,52,52,0,52,104
08/14/2013,MHK,KS,ACE,CE,Federal Contract Tower,0,7,13,4,24,0,0,23,2,25,0,7,36,6,49,42,2,44,93
08/15/2013,MHK,KS,ACE,CE,Federal Contract Tower,0,9,9,2,20,0,0,12,2,14,0,9,21,4,34,32,0,32,66
08/16/2013,MHK,KS,ACE,CE,Federal Contract Tower,0,8,9,2,19,0,2,30,0,32,0,10,39,2,51,4,0,4,55
08/17/2013,MHK,KS,ACE,CE,Federal Contract Tower,0,8,2,2,12,0,0,28,0,28,0,8,30,2,40,30,0,30,70
08/18/2013,MHK,KS,ACE,CE,Federal Contract Tower,0,8,3,0,11,0,2,28,1,31,0,10,31,1,42,54,0,54,96
08/19/2013,MHK,KS,ACE,CE,Federal Contract Tower,0,8,12,0,20,0,0,18,0,18,0,8,30,0,38,14,0,14,52
08/20/2013,MHK,KS,ACE,CE,Federal Contract Tower,0,16,6,0,22,0,1,20,1,22,0,17,26,1,44,46,0,46,90
08/21/2013,MHK,KS,ACE,CE,Federal Contract Tower,0,7,15,0,22,0,3,16,1,20,0,10,31,1,42,2,0,2,44
08/22/2013,MHK,KS,ACE,CE,Federal Contract Tower,0,5,5,0,10,0,0,13,0,13,0,5,18,0,23,16,0,16,39
08/23/2013,MHK,KS,ACE,CE,Federal Contract Tower,0,7,4,1,12,0,0,24,1,25,0,7,28,2,37,34,0,34,71
08/24/2013,MHK,KS,ACE,CE,Federal Contract Tower,0,7,1,0,8,0,0,32,0,32,0,7,33,0,40,20,0,20,60
08/25/2013,MHK,KS,ACE,CE,Federal Contract Tower,0,8,14,3,25,0,0,12,0,12,0,8,26,3,37,8,0,8,45
08/26/2013,MHK,KS,ACE,CE,Federal Contract Tower,0,7,19,0,26,0,0,19,0,19,0,7,38,0,45,34,0,34,79
08/27/2013,MHK,KS,ACE,CE,Federal Contract Tower,0,10,6,0,16,0,0,14,0,14,0,10,20,0,30,8,0,8,38
08/28/2013,MHK,KS,ACE,CE,Federal Contract Tower,0,8,9,2,19,0,0,18,2,20,0,8,27,4,39,52,0,52,91
08/29/2013,MHK,KS,ACE,CE,Federal Contract Tower,2,13,24,0,39,0,0,23,0,23,2,13,47,0,62,26,0,26,88
08/30/2013,MHK,KS,ACE,CE,Federal Contract Tower,0,11,41,2,54,0,3,79,0,82,0,14,120,2,136,32,0,32,168
08/31/2013,MHK,KS,ACE,CE,Federal Contract Tower,0,11,18,0,29,0,0,31,0,31,0,11,49,0,60,32,0,32,92
09/01/2013,MHK,KS,ACE,CE,Federal Contract Tower,0,5,9,0,14,0,0,16,0,16,0,5,25,0,30,26,0,26,56
09/02/2013,MHK,KS,ACE,CE,Federal Contract Tower,0,10,8,0,18,0,0,42,0,42,0,10,50,0,60,62,0,62,122
09/03/2013,MHK,KS,ACE,CE,Federal Contract Tower,0,12,7,0,19,0,0,22,0,22,0,12,29,0,41,50,0,50,91
09/04/2013,MHK,KS,ACE,CE,Federal Contract Tower,0,10,5,1,16,0,0,11,0,11,0,10,16,1,27,28,0,28,55
09/05/2013,MHK,KS,ACE,CE,Federal Contract Tower,0,9,5,0,14,0,0,11,2,13,0,9,16,2,27,52,0,52,79
09/06/2013,MHK,KS,ACE,CE,Federal Contract Tower,2,8,6,1,17,0,0,28,0,28,2,8,34,1,45,34,0,34,79
09/07/2013,MHK,KS,ACE,CE,Federal Contract Tower,0,14,13,0,27,0,0,26,0,26,0,14,39,0,53,34,0,34,87
09/08/2013,MHK,KS,ACE,CE,Federal Contract Tower,0,7,15,1,23,0,0,27,0,27,0,7,42,1,50,22,0,22,72
09/09/2013,MHK,KS,ACE,CE,Federal Contract Tower,0,9,5,0,14,0,1,12,0,13,0,10,17,0,27,30,0,30,57
09/10/2013,MHK,KS,ACE,CE,Federal Contract Tower,0,9,6,0,15,0,0,3,1,4,0,9,9,1,19,28,0,28,47
09/11/2013,MHK,KS,ACE,CE,Federal Contract Tower,0,11,15,3,29,0,0,14,0,14,0,11,29,3,43,28,0,28,71
09/12/2013,MHK,KS,ACE,CE,Federal Contract Tower,0,7,7,4,18,0,0,15,2,17,0,7,22,6,35,8,0,8,43
09/13/2013,MHK,KS,ACE,CE,Federal Contract Tower,1,8,8,3,20,0,3,28,11,42,1,11,36,14,62,18,18,36,98
09/14/2013,MHK,KS,ACE,CE,Federal Contract Tower,1,11,13,2,27,0,0,38,0,38,1,11,51,2,65,50,0,50,115
09/15/2013,MHK,KS,ACE,CE,Federal Contract Tower,0,12,11,6,29,0,0,21,0,21,0,12,32,6,50,36,0,36,86
09/16/2013,MHK,KS,ACE,CE,Federal Contract Tower,0,13,7,0,20,0,0,0,0,0,0,13,7,0,20,0,0,0,20
09/17/2013,MHK,KS,ACE,CE,Federal Contract Tower,0,11,6,0,17,0,0,12,4,16,0,11,18,4,33,14,0,14,47
09/18/2013,MHK,KS,ACE,CE,Federal Contract Tower,0,8,10,0,18,0,0,30,0,30,0,8,40,0,48,0,0,0,48
09/19/2013,MHK,KS,ACE,CE,Federal Contract Tower,0,7,6,0,13,0,0,4,0,4,0,7,10,0,17,2,0,2,19
09/20/2013,MHK,KS,ACE,CE,Federal Contract Tower,2,7,6,1,16,0,0,45,2,47,2,7,51,3,63,56,0,56,119
09/21/2013,MHK,KS,ACE,CE,Federal Contract Tower,0,6,4,2,12,0,0,51,2,53,0,6,55,4,65,112,8,120,185
09/22/2013,MHK,KS,ACE,CE,Federal Contract Tower,0,7,4,1,12,0,0,38,0,38,0,7,42,1,50,48,0,48,98
09/23/2013,MHK,KS,ACE,CE,Federal Contract Tower,0,8,7,0,15,0,0,10,0,10,0,8,17,0,25,2,0,2,27
09/24/2013,MHK,KS,ACE,CE,Federal Contract Tower,0,7,12,0,19,0,0,17,0,17,0,7,29,0,36,0,0,0,36
09/25/2013,MHK,KS,ACE,CE,Federal Contract Tower,0,10,19,2,31,0,0,11,0,11,0,10,30,2,42,20,0,20,62
09/26/2013,MHK,KS,ACE,CE,Federal Contract Tower,0,7,13,0,20,0,0,12,2,14,0,7,25,2,34,2,0,2,36
09/27/2013,MHK,KS,ACE,CE,Federal Contract Tower,0,9,9,0,18,0,0,10,0,10,0,9,19,0,28,2,0,2,30
09/28/2013,MHK,KS,ACE,CE,Federal Contract Tower,0,9,7,2,18,0,0,13,0,13,0,9,20,2,31,16,0,16,47
09/29/2013,MHK,KS,ACE,CE,Federal Contract Tower,0,8,7,2,17,0,0,26,0,26,0,8,33,2,43,62,0,62,105
09/30/2013,MHK,KS,ACE,CE,Federal Contract Tower,0,10,10,0,20,0,2,19,0,21,0,12,29,0,41,10,0,10,51
10/01/2013,MHK,KS,ACE,CE,Federal Contract Tower,0,9,4,0,13,0,0,15,0,15,0,9,19,0,28,22,0,22,50
10/02/2013,MHK,KS,ACE,CE,Federal Contract Tower,0,13,8,2,23,0,2,8,0,10,0,15,16,2,33,32,2,34,67
10/03/2013,MHK,KS,ACE,CE,Federal Contract Tower,0,11,8,0,19,0,0,5,0,5,0,11,13,0,24,0,0,0,24
10/04/2013,MHK,KS,ACE,CE,Federal Contract Tower,2,9,6,0,17,0,0,10,0,10,2,9,16,0,27,0,0,0,27
10/05/2013,MHK,KS,ACE,CE,Federal Contract Tower,2,12,4,0,18,0,0,12,0,12,2,12,16,0,30,6,0,6,36
10/06/2013,MHK,KS,ACE,CE,Federal Contract Tower,0,12,3,0,15,0,0,8,0,8,0,12,11,0,23,0,0,0,23
10/07/2013,MHK,KS,ACE,CE,Federal Contract Tower,0,9,13,0,22,0,1,27,0,28,0,10,40,0,50,52,0,52,102
10/08/2013,MHK,KS,ACE,CE,Federal Contract Tower,0,16,22,0,38,0,0,20,0,20,0,16,42,0,58,28,0,28,86
10/09/2013,MHK,KS,ACE,CE,Federal Contract Tower,0,11,14,0,25,0,1,21,0,22,0,12,35,0,47,44,0,44,91
10/10/2013,MHK,KS,ACE,CE,Federal Contract Tower,0,11,6,0,17,0,4,28,1,33,0,15,34,1,50,8,2,10,60
10/11/2013,MHK,KS,ACE,CE,Federal Contract Tower,2,8,18,0,28,0,1,19,0,20,2,9,37,0,48,8,0,8,56
10/12/2013,MHK,KS,ACE,CE,Federal Contract Tower,2,10,29,0,41,0,0,51,0,51,2,10,80,0,92,28,0,28,120
10/13/2013,MHK,KS,ACE,CE,Federal Contract Tower,0,9,12,0,21,0,0,26,0,26,0,9,38,0,47,54,0,54,101
10/14/2013,MHK,KS,ACE,CE,Federal Contract Tower,0,7,11,0,18,0,0,4,0,4,0,7,15,0,22,2,0,2,24
10/15/2013,MHK,KS,ACE,CE,Federal Contract Tower,0,7,5,0,12,0,2,23,0,25,0,9,28,0,37,2,0,2,39
10/16/2013,MHK,KS,ACE,CE,Federal Contract Tower,0,11,28,0,39,0,0,22,0,22,0,11,50,0,61,6,0,6,67
10/17/2013,MHK,KS,ACE,CE,Federal Contract Tower,0,8,6,0,14,0,0,33,1,34,0,8,39,1,48,44,2,46,94
10/18/2013,MHK,KS,ACE,CE,Federal Contract Tower,0,14,10,0,24,0,0,2,0,2,0,14,12,0,26,6,0,6,32
10/19/2013,MHK,KS,ACE,CE,Federal Contract Tower,0,8,12,0,20,0,0,50,0,50,0,8,62,0,70,64,0,64,134
10/20/2013,MHK,KS,ACE,CE,Federal Contract Tower,0,8,5,0,13,0,0,39,0,39,0,8,44,0,52,78,0,78,130
10/21/2013,MHK,KS,ACE,CE,Federal Contract Tower,0,8,17,0,25,0,0,22,0,22,0,8,39,0,47,50,0,50,97
10/22/2013,MHK,KS,ACE,CE,Federal Contract Tower,0,16,6,0,22,0,0,21,0,21,0,16,27,0,43,22,0,22,65
10/23/2013,MHK,KS,ACE,CE,Federal Contract Tower,0,8,14,2,24,0,0,20,0,20,0,8,34,2,44,32,0,32,76
10/24/2013,MHK,KS,ACE,CE,Federal Contract Tower,0,9,16,0,25,0,0,27,2,29,0,9,43,2,54,6,0,6,60
10/25/2013,MHK,KS,ACE,CE,Federal Contract Tower,2,7,20,6,35,0,1,18,0,19,2,8,38,6,54,24,0,24,78
10/26/2013,MHK,KS,ACE,CE,Federal Contract Tower,2,13,43,0,58,0,2,38,0,40,2,15,81,0,98,6,0,6,104
10/27/2013,MHK,KS,ACE,CE,Federal Contract Tower,2,10,14,1,27,0,0,38,0,38,2,10,52,1,65,70,0,70,135
10/28/2013,MHK,KS,ACE,CE,Federal Contract Tower,0,10,21,0,31,0,0,7,0,7,0,10,28,0,38,0,0,0,38
10/29/2013,MHK,KS,ACE,CE,Federal Contract Tower,0,8,10,3,21,0,0,0,0,0,0,8,10,3,21,0,0,0,21
10/30/2013,MHK,KS,ACE,CE,Federal Contract Tower,0,8,19,2,29,0,0,0,0,0,0,8,19,2,29,0,0,0,29
10/31/2013,MHK,KS,ACE,CE,Federal Contract Tower,0,7,6,0,13,0,1,10,1,12,0,8,16,1,25,0,0,0,25
11/01/2013,MHK,KS,ACE,CE,Federal Contract Tower,2,7,24,2,35,0,0,33,4,37,2,7,57,6,72,8,0,8,80
11/02/2013,MHK,KS,ACE,CE,Federal Contract Tower,1,9,28,1,39,0,0,35,4,39,1,9,63,5,78,14,0,14,92
11/03/2013,MHK,KS,ACE,CE,Federal Contract Tower,0,10,11,0,21,0,0,10,0,10,0,10,21,0,31,0,0,0,31
11/04/2013,MHK,KS,ACE,CE,Federal Contract Tower,0,10,12,15,37,0,0,12,4,16,0,10,24,19,53,20,40,60,113
11/05/2013,MHK,KS,ACE,CE,Federal Contract Tower,0,11,18,0,29,0,0,0,0,0,0,11,18,0,29,0,0,0,29
11/06/2013,MHK,KS,ACE,CE,Federal Contract Tower,0,10,16,0,26,0,0,4,0,4,0,10,20,0,30,8,0,8,38
11/07/2013,MHK,KS,ACE,CE,Federal Contract Tower,2,7,18,4,31,0,0,28,0,28,2,7,46,4,59,32,0,32,91
11/08/2013,MHK,KS,ACE,CE,Federal Contract Tower,4,7,8,0,19,0,0,15,0,15,4,7,23,0,34,8,0,8,42
11/09/2013,MHK,KS,ACE,CE,Federal Contract Tower,2,11,4,0,17,0,1,31,0,32,2,12,35,0,49,34,0,34,83
11/10/2013,MHK,KS,ACE,CE,Federal Contract Tower,2,9,8,2,21,0,0,17,0,17,2,9,25,2,38,10,0,10,48
11/11/2013,MHK,KS,ACE,CE,Federal Contract Tower,0,9,7,0,16,0,0,1,0,1,0,9,8,0,17,2,0,2,19
11/12/2013,MHK,KS,ACE,CE,Federal Contract Tower,0,10,8,3,21,0,0,21,1,22,0,10,29,4,43,18,0,18,61
11/13/2013,MHK,KS,ACE,CE,Federal Contract Tower,0,8,11,1,20,0,0,17,3,20,0,8,28,4,40,14,0,14,54
11/14/2013,MHK,KS,ACE,CE,Federal Contract Tower,2,9,12,2,25,0,2,19,6,27,2,11,31,8,52,16,0,16,68
11/15/2013,MHK,KS,ACE,CE,Federal Contract Tower,4,8,10,0,22,0,0,15,3,18,4,8,25,3,40,14,0,14,54
11/16/2013,MHK,KS,ACE,CE,Federal Contract Tower,2,12,34,0,48,0,0,17,0,17,2,12,51,0,65,20,0,20,85
11/17/2013,MHK,KS,ACE,CE,Federal Contract Tower,2,5,4,1,12,0,0,8,0,8,2,5,12,1,20,0,0,0,20
11/18/2013,MHK,KS,ACE,CE,Federal Contract Tower,2,8,10,2,22,0,0,42,0,42,2,8,52,2,64,46,0,46,110
11/19/2013,MHK,KS,ACE,CE,Federal Contract Tower,0,8,11,4,23,0,0,19,2,21,0,8,30,6,44,14,2,16,60
11/20/2013,MHK,KS,ACE,CE,Federal Contract Tower,0,12,17,0,29,0,0,11,10,21,0,12,28,10,50,30,0,30,80
11/21/2013,MHK,KS,ACE,CE,Federal Contract Tower,2,8,10,2,22,0,0,1,0,1,2,8,11,2,23,0,0,0,23
11/22/2013,MHK,KS,ACE,CE,Federal Contract Tower,3,9,16,1,29,0,0,14,0,14,3,9,30,1,43,6,0,6,49
11/23/2013,MHK,KS,ACE,CE,Federal Contract Tower,2,10,33,0,45,0,0,29,0,29,2,10,62,0,74,14,0,14,88
11/24/2013,MHK,KS,ACE,CE,Federal Contract Tower,2,5,9,0,16,0,0,17,0,17,2,5,26,0,33,18,0,18,51
11/25/2013,MHK,KS,ACE,CE,Federal Contract Tower,0,7,4,0,11,0,0,13,0,13,0,7,17,0,24,12,0,12,36
11/26/2013,MHK,KS,ACE,CE,Federal Contract Tower,0,8,9,0,17,0,0,18,0,18,0,8,27,0,35,22,0,22,57
11/27/2013,MHK,KS,ACE,CE,Federal Contract Tower,0,6,15,0,21,0,0,35,0,35,0,6,50,0,56,46,0,46,102
11/28/2013,MHK,KS,ACE,CE,Federal Contract Tower,2,7,4,0,13,0,0,6,0,6,2,7,10,0,19,0,0,0,19
11/29/2013,MHK,KS,ACE,CE,Federal Contract Tower,0,6,3,0,9,0,2,18,0,20,0,8,21,0,29,0,2,2,31
11/30/2013,MHK,KS,ACE,CE,Federal Contract Tower,0,8,2,0,10,0,0,29,0,29,0,8,31,0,39,12,0,12,51
12/01/2013,MHK,KS,ACE,CE,Federal Contract Tower,2,8,5,0,15,0,0,26,0,26,2,8,31,0,41,24,0,24,65
12/02/2013,MHK,KS,ACE,CE,Federal Contract Tower,2,8,2,2,14,0,0,10,0,10,2,8,12,2,24,20,0,20,44
12/03/2013,MHK,KS,ACE,CE,Federal Contract Tower,0,6,15,0,21,0,0,32,0,32,0,6,47,0,53,44,0,44,97
12/04/2013,MHK,KS,ACE,CE,Federal Contract Tower,0,8,15,0,23,0,0,0,0,0,0,8,15,0,23,0,0,0,23
12/05/2013,MHK,KS,ACE,CE,Federal Contract Tower,2,7,7,0,16,0,2,12,3,17,2,9,19,3,33,22,2,24,57
12/06/2013,MHK,KS,ACE,CE,Federal Contract Tower,2,4,7,0,13,0,0,9,2,11,2,4,16,2,24,10,0,10,34
12/07/2013,MHK,KS,ACE,CE,Federal Contract Tower,2,7,7,0,16,0,0,10,0,10,2,7,17,0,26,2,0,2,28
12/08/2013,MHK,KS,ACE,CE,Federal Contract Tower,2,4,0,0,6,0,0,0,0,0,2,4,0,0,6,0,0,0,6
12/09/2013,MHK,KS,ACE,CE,Federal Contract Tower,0,6,14,2,22,0,2,6,0,8,0,8,20,2,30,8,0,8,38
12/10/2013,MHK,KS,ACE,CE,Federal Contract Tower,0,11,11,2,24,0,0,19,0,19,0,11,30,2,43,18,0,18,61
12/11/2013,MHK,KS,ACE,CE,Federal Contract Tower,0,8,12,0,20,0,0,14,2,16,0,8,26,2,36,14,0,14,50
12/12/2013,MHK,KS,ACE,CE,Federal Contract Tower,4,15,3,6,28,0,3,19,2,24,4,18,22,8,52,8,0,8,60
12/13/2013,MHK,KS,ACE,CE,Federal Contract Tower,0,14,6,3,23,0,0,17,0,17,0,14,23,3,40,30,0,30,70
12/14/2013,MHK,KS,ACE,CE,Federal Contract Tower,0,7,7,0,14,0,0,19,0,19,0,7,26,0,33,32,0,32,65
12/15/2013,MHK,KS,ACE,CE,Federal Contract Tower,2,12,3,0,17,0,0,30,0,30,2,12,33,0,47,28,0,28,75
12/16/2013,MHK,KS,ACE,CE,Federal Contract Tower,0,11,8,5,24,0,0,13,1,14,0,11,21,6,38,4,0,4,42
12/17/2013,MHK,KS,ACE,CE,Federal Contract Tower,0,7,17,0,24,0,2,29,0,31,0,9,46,0,55,24,0,24,79
12/18/2013,MHK,KS,ACE,CE,Federal Contract Tower,0,7,15,0,22,0,2,6,2,10,0,9,21,2,32,4,0,4,36
12/19/2013,MHK,KS,ACE,CE,Federal Contract Tower,2,8,19,1,30,0,0,9,1,10,2,8,28,2,40,14,0,14,54
12/20/2013,MHK,KS,ACE,CE,Federal Contract Tower,0,7,5,0,12,0,0,2,0,2,0,7,7,0,14,0,0,0,14
12/21/2013,MHK,KS,ACE,CE,Federal Contract Tower,0,7,3,0,10,0,0,1,0,1,0,7,4,0,11,0,0,0,11
12/22/2013,MHK,KS,ACE,CE,Federal Contract Tower,2,6,7,0,15,0,0,0,0,0,2,6,7,0,15,0,0,0,15
12/23/2013,MHK,KS,ACE,CE,Federal Contract Tower,4,6,1,0,11,0,0,14,0,14,4,6,15,0,25,34,0,34,59
12/24/2013,MHK,KS,ACE,CE,Federal Contract Tower,0,7,0,2,9,0,0,2,0,2,0,7,2,2,11,22,0,22,33
12/25/2013,MHK,KS,ACE,CE,Federal Contract Tower,0,3,0,0,3,0,0,3,0,3,0,3,3,0,6,8,0,8,14
12/26/2013,MHK,KS,ACE,CE,Federal Contract Tower,4,9,4,0,17,0,0,8,0,8,4,9,12,0,25,16,0,16,41
12/27/2013,MHK,KS,ACE,CE,Federal Contract Tower,0,8,1,2,11,0,0,17,0,17,0,8,18,2,28,4,0,4,32
12/28/2013,MHK,KS,ACE,CE,Federal Contract Tower,0,10,2,0,12,0,0,21,0,21,0,10,23,0,33,6,0,6,39
12/29/2013,MHK,KS,ACE,CE,Federal Contract Tower,8,8,7,0,23,0,0,6,0,6,8,8,13,0,29,0,0,0,29
12/30/2013,MHK,KS,ACE,CE,Federal Contract Tower,0,7,3,2,12,0,0,6,0,6,0,7,9,2,18,14,0,14,32
12/31/2013,MHK,KS,ACE,CE,Federal Contract Tower,0,4,10,0,14,0,0,13,0,13,0,4,23,0,27,2,0,2,29
01/01/2014,MHK,KS,ACE,CE,Federal Contract Tower,0,4,0,0,4,0,0,0,0,0,0,4,0,0,4,0,0,0,4
01/02/2014,MHK,KS,ACE,CE,Federal Contract Tower,2,5,6,0,13,0,0,5,0,5,2,5,11,0,18,0,0,0,18
01/03/2014,MHK,KS,ACE,CE,Federal Contract Tower,0,7,4,2,13,0,0,1,0,1,0,7,5,2,14,0,0,0,14
01/04/2014,MHK,KS,ACE,CE,Federal Contract Tower,0,10,9,0,19,0,0,4,0,4,0,10,13,0,23,4,0,4,27
01/05/2014,MHK,KS,ACE,CE,Federal Contract Tower,2,6,1,0,9,0,0,2,0,2,2,6,3,0,11,0,0,0,11
01/06/2014,MHK,KS,ACE,CE,Federal Contract Tower,0,10,1,0,11,0,1,2,0,3,0,11,3,0,14,2,0,2,16
01/07/2014,MHK,KS,ACE,CE,Federal Contract Tower,0,3,4,0,7,0,0,22,0,22,0,3,26,0,29,40,0,40,69
01/08/2014,MHK,KS,ACE,CE,Federal Contract Tower,0,6,14,0,20,0,4,23,0,27,0,10,37,0,47,42,0,42,89
01/09/2014,MHK,KS,ACE,CE,Federal Contract Tower,2,10,1,0,13,0,0,0,0,0,2,10,1,0,13,0,0,0,13
01/10/2014,MHK,KS,ACE,CE,Federal Contract Tower,0,8,1,1,10,0,0,0,0,0,0,8,1,1,10,0,0,0,10
01/11/2014,MHK,KS,ACE,CE,Federal Contract Tower,0,9,0,0,9,0,0,22,2,24,0,9,22,2,33,30,0,30,63
01/12/2014,MHK,KS,ACE,CE,Federal Contract Tower,2,8,3,0,13,0,0,30,0,30,2,8,33,0,43,36,0,36,79
01/13/2014,MHK,KS,ACE,CE,Federal Contract Tower,0,12,9,2,23,0,2,8,0,10,0,14,17,2,33,0,0,0,33
01/14/2014,MHK,KS,ACE,CE,Federal Contract Tower,0,12,6,0,18,0,1,11,0,12,0,13,17,0,30,2,0,2,32
01/15/2014,MHK,KS,ACE,CE,Federal Contract Tower,0,8,14,0,22,0,0,12,2,14,0,8,26,2,36,20,0,20,56
01/16/2014,MHK,KS,ACE,CE,Federal Contract Tower,2,11,18,2,33,0,1,3,0,4,2,12,21,2,37,0,0,0,37
01/17/2014,MHK,KS,ACE,CE,Federal Contract Tower,1,10,8,5,24,0,0,12,2,14,1,10,20,7,38,12,0,12,50
01/18/2014,MHK,KS,ACE,CE,Federal Contract Tower,1,9,10,0,20,0,0,2,0,2,1,9,12,0,22,0,0,0,22
01/19/2014,MHK,KS,ACE,CE,Federal Contract Tower,2,10,8,0,20,0,0,35,0,35,2,10,43,0,55,26,0,26,81
01/20/2014,MHK,KS,ACE,CE,Federal Contract Tower,0,13,2,0,15,0,0,18,0,18,0,13,20,0,33,12,0,12,45
01/21/2014,MHK,KS,ACE,CE,Federal Contract Tower,0,8,9,0,17,0,0,20,0,20,0,8,29,0,37,12,0,12,49
01/22/2014,MHK,KS,ACE,CE,Federal Contract Tower,0,6,15,0,21,0,0,8,8,16,0,6,23,8,37,0,0,0,37
01/23/2014,MHK,KS,ACE,CE,Federal Contract Tower,2,9,6,2,19,0,0,3,0,3,2,9,9,2,22,2,0,2,24
01/24/2014,MHK,KS,ACE,CE,Federal Contract Tower,0,7,9,0,16,0,0,14,0,14,0,7,23,0,30,0,0,0,30
01/25/2014,MHK,KS,ACE,CE,Federal Contract Tower,0,11,7,0,18,0,4,25,0,29,0,15,32,0,47,16,0,16,63
01/26/2014,MHK,KS,ACE,CE,Federal Contract Tower,2,7,11,0,20,0,3,21,0,24,2,10,32,0,44,18,0,18,62
01/27/2014,MHK,KS,ACE,CE,Federal Contract Tower,0,10,7,2,19,0,1,5,2,8,0,11,12,4,27,14,0,14,41
01/28/2014,MHK,KS,ACE,CE,Federal Contract Tower,0,4,13,0,17,0,0,14,0,14,0,4,27,0,31,12,2,14,45
01/29/2014,MHK,KS,ACE,CE,Federal Contract Tower,2,9,9,0,20,0,0,7,0,7,2,9,16,0,27,2,0,2,29
01/30/2014,MHK,KS,ACE,CE,Federal Contract Tower,2,8,8,0,18,0,1,28,0,29,2,9,36,0,47,24,0,24,71
01/31/2014,MHK,KS,ACE,CE,Federal Contract Tower,0,10,7,2,19,0,0,9,0,9,0,10,16,2,28,14,0,14,42
02/01/2014,MHK,KS,ACE,CE,Federal Contract Tower,0,8,4,0,12,0,0,4,0,4,0,8,8,0,16,0,0,0,16
02/02/2014,MHK,KS,ACE,CE,Federal Contract Tower,2,6,3,0,11,0,0,17,0,17,2,6,20,0,28,8,0,8,36
02/03/2014,MHK,KS,ACE,CE,Federal Contract Tower,0,8,5,2,15,0,0,13,0,13,0,8,18,2,28,10,0,10,38
02/04/2014,MHK,KS,ACE,CE,Federal Contract Tower,0,2,0,0,2,0,0,0,0,0,0,2,0,0,2,0,0,0,2
02/05/2014,MHK,KS,ACE,CE,Federal Contract Tower,0,6,2,0,8,0,0,0,2,2,0,6,2,2,10,0,8,8,18
02/06/2014,MHK,KS,ACE,CE,Federal Contract Tower,2,8,9,0,19,0,0,5,0,5,2,8,14,0,24,0,0,0,24
02/07/2014,MHK,KS,ACE,CE,Federal Contract Tower,3,9,4,2,18,0,0,2,8,10,3,9,6,10,28,0,0,0,28
02/08/2014,MHK,KS,ACE,CE,Federal Contract Tower,1,11,9,4,25,0,0,0,0,0,1,11,9,4,25,0,0,0,25
02/09/2014,MHK,KS,ACE,CE,Federal Contract Tower,2,8,1,0,11,0,0,3,0,3,2,8,4,0,14,0,0,0,14
02/10/2014,MHK,KS,ACE,CE,Federal Contract Tower,0,6,11,5,22,0,0,4,4,8,0,6,15,9,30,0,6,6,36
02/11/2014,MHK,KS,ACE,CE,Federal Contract Tower,0,6,8,1,15,0,1,15,3,19,0,7,23,4,34,56,0,56,90
02/12/2014,MHK,KS,ACE,CE,Federal Contract Tower,0,6,9,2,17,0,0,9,2,11,0,6,18,4,28,28,0,28,56
02/13/2014,MHK,KS,ACE,CE,Federal Contract Tower,2,5,5,0,12,0,3,12,0,15,2,8,17,0,27,18,0,18,45
02/14/2014,MHK,KS,ACE,CE,Federal Contract Tower,1,8,10,1,20,0,2,13,0,15,1,10,23,1,35,8,0,8,43
02/15/2014,MHK,KS,ACE,CE,Federal Contract Tower,21,232,187,39,479,0,13,371,24,408,21,245,558,63,887,588,32,620,1507
02/16/2014,MHK,KS,ACE,CE,Federal Contract Tower,2,9,9,0,20,0,2,43,0,45,2,11,52,0,65,78,0,78,143
02/17/2014,MHK,KS,ACE,CE,Federal Contract Tower,0,4,6,1,11,0,0,16,0,16,0,4,22,1,27,32,0,32,59
02/18/2014,MHK,KS,ACE,CE,Federal Contract Tower,0,10,9,1,20,0,0,14,1,15,0,10,23,2,35,12,12,24,59
02/19/2014,MHK,KS,ACE,CE,Federal Contract Tower,0,6,18,2,26,0,0,17,2,19,0,6,35,4,45,34,0,34,79
02/20/2014,MHK,KS,ACE,CE,Federal Contract Tower,4,5,2,0,11,0,0,1,0,1,4,5,3,0,12,0,0,0,12
02/21/2014,MHK,KS,ACE,CE,Federal Contract Tower,0,15,3,2,20,0,0,30,0,30,0,15,33,2,50,40,0,40,90
02/22/2014,MHK,KS,ACE,CE,Federal Contract Tower,0,11,5,0,16,0,2,42,0,44,0,13,47,0,60,94,0,94,154
02/23/2014,MHK,KS,ACE,CE,Federal Contract Tower,2,11,3,2,18,0,0,4,0,4,2,11,7,2,22,0,0,0,22
02/24/2014,MHK,KS,ACE,CE,Federal Contract Tower,0,11,9,2,22,0,3,14,0,17,0,14,23,2,39,28,0,28,67
02/25/2014,MHK,KS,ACE,CE,Federal Contract Tower,0,7,3,2,12,0,0,0,0,0,0,7,3,2,12,0,0,0,12
02/26/2014,MHK,KS,ACE,CE,Federal Contract Tower,0,13,11,2,26,0,0,20,0,20,0,13,31,2,46,38,6,44,90
02/27/2014,MHK,KS,ACE,CE,Federal Contract Tower,0,10,14,4,28,0,0,10,2,12,0,10,24,6,40,6,0,6,46
02/28/2014,MHK,KS,ACE,CE,Federal Contract Tower,0,16,10,2,28,0,0,19,0,19,0,16,29,2,47,48,0,48,95
03/01/2014,MHK,KS,ACE,CE,Federal Contract Tower,0,5,0,0,5,0,0,0,0,0,0,5,0,0,5,0,0,0,5
03/02/2014,MHK,KS,ACE,CE,Federal Contract Tower,0,7,5,0,12,0,0,3,0,3,0,7,8,0,15,0,0,0,15
03/03/2014,MHK,KS,ACE,CE,Federal Contract Tower,0,9,6,2,17,0,0,8,0,8,0,9,14,2,25,20,0,20,45
03/04/2014,MHK,KS,ACE,CE,Federal Contract Tower,0,6,5,4,15,0,0,17,0,17,0,6,22,4,32,50,6,56,88
03/05/2014,MHK,KS,ACE,CE,Federal Contract Tower,0,4,8,2,14,0,0,7,0,7,0,4,15,2,21,0,0,0,21
03/06/2014,MHK,KS,ACE,CE,Federal Contract Tower,0,10,4,0,14,0,0,9,0,9,0,10,13,0,23,14,0,14,37
03/07/2014,MHK,KS,ACE,CE,Federal Contract Tower,1,12,2,6,21,0,0,17,0,17,1,12,19,6,38,40,0,40,78
03/08/2014,MHK,KS,ACE,CE,Federal Contract Tower,2,12,9,0,23,0,0,9,0,9,2,12,18,0,32,12,0,12,44
03/09/2014,MHK,KS,ACE,CE,Federal Contract Tower,3,8,4,0,15,0,1,23,0,24,3,9,27,0,39,30,0,30,69
03/10/2014,MHK,KS,ACE,CE,Federal Contract Tower,0,9,3,4,16,0,8,24,0,32,0,17,27,4,48,54,0,54,102
03/11/2014,MHK,KS,ACE,CE,Federal Contract Tower,0,5,5,2,12,0,0,9,0,9,0,5,14,2,21,0,0,0,21
03/12/2014,MHK,KS,ACE,CE,Federal Contract Tower,0,5,7,5,17,0,0,34,0,34,0,5,41,5,51,18,2,20,71
03/13/2014,MHK,KS,ACE,CE,Federal Contract Tower,0,7,4,2,13,0,4,51,0,55,0,11,55,2,68,32,0,32,100
03/14/2014,MHK,KS,ACE,CE,Federal Contract Tower,0,7,2,0,9,0,0,34,11,45,0,7,36,11,54,24,0,24,78
03/15/2014,MHK,KS,ACE,CE,Federal Contract Tower,0,9,5,0,14,0,0,63,0,63,0,9,68,0,77,82,0,82,159
03/16/2014,MHK,KS,ACE,CE,Federal Contract Tower,0,12,2,0,14,0,0,24,0,24,0,12,26,0,38,26,0,26,64
03/17/2014,MHK,KS,ACE,CE,Federal Contract Tower,0,9,8,2,19,0,0,32,0,32,0,9,40,2,51,38,0,38,89
03/18/2014,MHK,KS,ACE,CE,Federal Contract Tower,4,6,7,2,19,0,0,16,0,16,4,6,23,2,35,28,0,28,63
03/19/2014,MHK,KS,ACE,CE,Federal Contract Tower,2,6,8,4,20,0,2,18,1,21,2,8,26,5,41,38,0,38,79
03/20/2014,MHK,KS,ACE,CE,Federal Contract Tower,0,8,1,3,12,0,0,19,2,21,0,8,20,5,33,20,0,20,53
03/21/2014,MHK,KS,ACE,CE,Federal Contract Tower,0,9,2,2,13,0,0,20,0,20,0,9,22,2,33,0,0,0,33
03/22/2014,MHK,KS,ACE,CE,Federal Contract Tower,2,7,7,0,16,0,0,18,0,18,2,7,25,0,34,28,0,28,62
03/23/2014,MHK,KS,ACE,CE,Federal Contract Tower,0,7,4,0,11,0,3,30,0,33,0,10,34,0,44,40,0,40,84
03/24/2014,MHK,KS,ACE,CE,Federal Contract Tower,0,8,6,0,14,0,0,6,0,6,0,8,12,0,20,26,0,26,46
03/25/2014,MHK,KS,ACE,CE,Federal Contract Tower,0,10,4,4,18,0,0,23,0,23,0,10,27,4,41,106,0,106,147
03/26/2014,MHK,KS,ACE,CE,Federal Contract Tower,0,17,7,2,26,0,0,3,0,3,0,17,10,2,29,0,0,0,29
03/27/2014,MHK,KS,ACE,CE,Federal Contract Tower,0,9,8,0,17,0,0,0,0,0,0,9,8,0,17,0,0,0,17
03/28/2014,MHK,KS,ACE,CE,Federal Contract Tower,0,7,13,2,22,0,0,25,0,25,0,7,38,2,47,76,0,76,123
03/29/2014,MHK,KS,ACE,CE,Federal Contract Tower,0,8,3,0,11,0,4,54,3,61,0,12,57,3,72,54,0,54,126
03/30/2014,MHK,KS,ACE,CE,Federal Contract Tower,0,10,3,0,13,0,0,0,0,0,0,10,3,0,13,0,0,0,13
03/31/2014,MHK,KS,ACE,CE,Federal Contract Tower,0,15,6,1,22,0,0,2,2,4,0,15,8,3,26,0,4,4,30
04/01/2014,MHK,KS,ACE,CE,Federal Contract Tower,0,7,7,3,17,0,0,16,0,16,0,7,23,3,33,18,0,18,51
04/02/2014,MHK,KS,ACE,CE,Federal Contract Tower,0,8,11,2,21,0,0,0,0,0,0,8,11,2,21,0,0,0,21
04/03/2014,MHK,KS,ACE,CE,Federal Contract Tower,0,12,10,2,24,0,0,0,0,0,0,12,10,2,24,0,0,0,24
04/04/2014,MHK,KS,ACE,CE,Federal Contract Tower,0,11,8,8,27,0,0,16,0,16,0,11,24,8,43,24,0,24,67
04/05/2014,MHK,KS,ACE,CE,Federal Contract Tower,0,9,4,3,16,0,0,26,0,26,0,9,30,3,42,24,4,28,70
04/06/2014,MHK,KS,ACE,CE,Federal Contract Tower,0,9,8,1,18,0,0,23,0,23,0,9,31,1,41,34,6,40,81
04/07/2014,MHK,KS,ACE,CE,Federal Contract Tower,0,9,9,2,20,0,1,20,0,21,0,10,29,2,41,26,0,26,67
04/08/2014,MHK,KS,ACE,CE,Federal Contract Tower,0,6,11,2,19,0,0,27,0,27,0,6,38,2,46,22,0,22,68
04/09/2014,MHK,KS,ACE,CE,Federal Contract Tower,0,7,12,0,19,0,0,12,0,12,0,7,24,0,31,0,0,0,31
04/10/2014,MHK,KS,ACE,CE,Federal Contract Tower,0,9,10,0,19,0,0,11,0,11,0,9,21,0,30,16,0,16,46
04/11/2014,MHK,KS,ACE,CE,Federal Contract Tower,0,8,15,6,29,0,0,14,0,14,0,8,29,6,43,66,0,66,109
04/12/2014,MHK,KS,ACE,CE,Federal Contract Tower,0,10,6,2,18,0,0,15,0,15,0,10,21,2,33,10,0,10,43
04/13/2014,MHK,KS,ACE,CE,Federal Contract Tower,0,7,15,0,22,0,0,4,0,4,0,7,19,0,26,6,0,6,32
04/14/2014,MHK,KS,ACE,CE,Federal Contract Tower,0,9,9,6,24,0,0,10,0,10,0,9,19,6,34,0,0,0,34
04/15/2014,MHK,KS,ACE,CE,Federal Contract Tower,0,11,6,2,19,0,4,25,0,29,0,15,31,2,48,74,2,76,124
04/16/2014,MHK,KS,ACE,CE,Federal Contract Tower,0,9,15,4,28,0,0,8,0,8,0,9,23,4,36,4,0,4,40
04/17/2014,MHK,KS,ACE,CE,Federal Contract Tower,0,9,5,0,14,0,0,25,0,25,0,9,30,0,39,40,0,40,79
04/18/2014,MHK,KS,ACE,CE,Federal Contract Tower,0,7,9,0,16,0,0,14,0,14,0,7,23,0,30,34,0,34,64
04/19/2014,MHK,KS,ACE,CE,Federal Contract Tower,0,8,1,0,9,0,0,16,0,16,0,8,17,0,25,12,0,12,37
04/20/2014,MHK,KS,ACE,CE,Federal Contract Tower,0,7,6,2,15,0,0,6,0,6,0,7,12,2,21,0,0,0,21
04/21/2014,MHK,KS,ACE,CE,Federal Contract Tower,0,6,10,2,18,0,0,14,0,14,0,6,24,2,32,14,0,14,46
04/22/2014,MHK,KS,ACE,CE,Federal Contract Tower,0,5,2,1,8,0,0,30,3,33,0,5,32,4,41,66,4,70,111
04/23/2014,MHK,KS,ACE,CE,Federal Contract Tower,0,6,10,1,17,0,0,4,14,18,0,6,14,15,35,6,34,40,75
04/24/2014,MHK,KS,ACE,CE,Federal Contract Tower,0,11,10,0,21,0,0,5,2,7,0,11,15,2,28,10,26,36,64
04/25/2014,MHK,KS,ACE,CE,Federal Contract Tower,0,6,14,3,23,0,0,46,2,48,0,6,60,5,71,32,2,34,105
04/26/2014,MHK,KS,ACE,CE,Federal Contract Tower,0,8,12,0,20,0,2,12,0,14,0,10,24,0,34,12,0,12,46
04/27/2014,MHK,KS,ACE,CE,Federal Contract Tower,0,7,8,0,15,0,0,5,0,5,0,7,13,0,20,0,0,0,20
04/28/2014,MHK,KS,ACE,CE,Federal Contract Tower,0,9,10,0,19,0,0,10,12,22,0,9,20,12,41,0,46,46,87
04/29/2014,MHK,KS,ACE,CE,Federal Contract Tower,0,9,10,0,19,0,0,2,0,2,0,9,12,0,21,6,0,6,27
04/30/2014,MHK,KS,ACE,CE,Federal Contract Tower,0,10,10,2,22,0,0,17,2,19,0,10,27,4,41,6,0,6,47
05/01/2014,MHK,KS,ACE,CE,Federal Contract Tower,0,8,9,4,21,0,0,18,1,19,0,8,27,5,40,4,0,4,44
05/02/2014,MHK,KS,ACE,CE,Federal Contract Tower,0,8,13,4,25,0,0,79,0,79,0,8,92,4,104,94,0,94,198
05/03/2014,MHK,KS,ACE,CE,Federal Contract Tower,0,7,2,2,11,0,1,50,0,51,0,8,52,2,62,54,0,54,116
05/04/2014,MHK,KS,ACE,CE,Federal Contract Tower,0,8,3,0,11,0,2,38,0,40,0,10,41,0,51,102,0,102,153
05/05/2014,MHK,KS,ACE,CE,Federal Contract Tower,0,11,6,2,19,0,0,47,0,47,0,11,53,2,66,128,0,128,194
05/06/2014,MHK,KS,ACE,CE,Federal Contract Tower,0,8,8,0,16,0,2,24,4,30,0,10,32,4,46,32,76,108,154
05/07/2014,MHK,KS,ACE,CE,Federal Contract Tower,0,7,13,0,20,0,0,20,2,22,0,7,33,2,42,26,0,26,68
05/08/2014,MHK,KS,ACE,CE,Federal Contract Tower,0,8,8,4,20,0,0,20,0,20,0,8,28,4,40,8,4,12,52
05/09/2014,MHK,KS,ACE,CE,Federal Contract Tower,0,7,11,2,20,0,0,30,0,30,0,7,41,2,50,12,0,12,62
05/10/2014,MHK,KS,ACE,CE,Federal Contract Tower,0,10,11,0,21,0,2,20,0,22,0,12,31,0,43,26,0,26,69
05/11/2014,MHK,KS,ACE,CE,Federal Contract Tower,0,10,5,0,15,0,0,11,0,11,0,10,16,0,26,4,0,4,30
05/12/2014,MHK,KS,ACE,CE,Federal Contract Tower,0,4,12,0,16,0,0,10,0,10,0,4,22,0,26,0,0,0,26
05/13/2014,MHK,KS,ACE,CE,Federal Contract Tower,0,5,11,2,18,0,0,18,0,18,0,5,29,2,36,2,0,2,38
05/14/2014,MHK,KS,ACE,CE,Federal Contract Tower,0,6,8,0,14,0,0,34,0,34,0,6,42,0,48,44,0,44,92
05/15/2014,MHK,KS,ACE,CE,Federal Contract Tower,2,7,12,0,21,0,0,20,0,20,2,7,32,0,41,2,0,2,43
05/16/2014,MHK,KS,ACE,CE,Federal Contract Tower,0,11,16,0,27,0,0,15,0,15,0,11,31,0,42,26,0,26,68
05/17/2014,MHK,KS,ACE,CE,Federal Contract Tower,0,6,11,0,17,0,1,43,0,44,0,7,54,0,61,92,0,92,153
05/18/2014,MHK,KS,ACE,CE,Federal Contract Tower,0,7,6,0,13,0,0,30,0,30,0,7,36,0,43,34,0,34,77
05/19/2014,MHK,KS,ACE,CE,Federal Contract Tower,0,9,19,0,28,0,0,10,2,12,0,9,29,2,40,10,0,10,50
05/20/2014,MHK,KS,ACE,CE,Federal Contract Tower,0,12,10,0,22,0,0,38,3,41,0,12,48,3,63,80,40,120,183
05/21/2014,MHK,KS,ACE,CE,Federal Contract Tower,0,10,31,0,41,0,5,37,3,45,0,15,68,3,86,114,0,114,200
05/22/2014,MHK,KS,ACE,CE,Federal Contract Tower,0,9,3,0,12,0,0,17,1,18,0,9,20,1,30,42,0,42,72
05/23/2014,MHK,KS,ACE,CE,Federal Contract Tower,0,7,6,2,15,0,0,19,0,19,0,7,25,2,34,24,0,24,58
05/24/2014,MHK,KS,ACE,CE,Federal Contract Tower,0,10,4,0,14,0,0,9,0,9,0,10,13,0,23,28,0,28,51
05/25/2014,MHK,KS,ACE,CE,Federal Contract Tower,0,7,6,0,13,0,0,5,0,5,0,7,11,0,18,12,0,12,30
05/26/2014,MHK,KS,ACE,CE,Federal Contract Tower,0,10,7,0,17,0,0,13,0,13,0,10,20,0,30,32,0,32,62
05/27/2014,MHK,KS,ACE,CE,Federal Contract Tower,0,9,3,0,12,0,2,28,2,32,0,11,31,2,44,54,6,60,104
05/28/2014,MHK,KS,ACE,CE,Federal Contract Tower,0,7,11,2,20,0,0,18,4,22,0,7,29,6,42,50,0,50,92
05/29/2014,MHK,KS,ACE,CE,Federal Contract Tower,0,7,3,1,11,0,0,22,0,22,0,7,25,1,33,28,0,28,61
05/30/2014,MHK,KS,ACE,CE,Federal Contract Tower,0,8,4,0,12,0,0,24,0,24,0,8,28,0,36,54,0,54,90
05/31/2014,MHK,KS,ACE,CE,Federal Contract Tower,0,12,4,0,16,0,0,21,0,21,0,12,25,0,37,18,0,18,55
06/01/2014,MHK,KS,ACE,CE,Federal Contract Tower,0,5,4,0,9,0,0,11,0,11,0,5,15,0,20,20,0,20,40
06/02/2014,MHK,KS,ACE,CE,Federal Contract Tower,0,7,10,2,19,0,2,17,0,19,0,9,27,2,38,48,0,48,86
06/03/2014,MHK,KS,ACE,CE,Federal Contract Tower,0,7,5,2,14,0,0,20,0,20,0,7,25,2,34,36,0,36,70
06/04/2014,MHK,KS,ACE,CE,Federal Contract Tower,0,7,9,0,16,0,0,41,3,44,0,7,50,3,60,52,0,52,112
06/05/2014,MHK,KS,ACE,CE,Federal Contract Tower,0,4,6,0,10,0,0,19,4,23,0,4,25,4,33,38,6,44,77
06/06/2014,MHK,KS,ACE,CE,Federal Contract Tower,0,9,12,2,23,0,0,31,0,31,0,9,43,2,54,48,0,48,102
06/07/2014,MHK,KS,ACE,CE,Federal Contract Tower,0,9,3,0,12,0,0,16,0,16,0,9,19,0,28,14,0,14,42
06/08/2014,MHK,KS,ACE,CE,Federal Contract Tower,0,7,3,0,10,0,0,23,0,23,0,7,26,0,33,60,0,60,93
06/09/2014,MHK,KS,ACE,CE,Federal Contract Tower,0,7,13,0,20,0,0,2,0,2,0,7,15,0,22,26,0,26,48
06/10/2014,MHK,KS,ACE,CE,Federal Contract Tower,0,6,10,0,16,0,0,26,0,26,0,6,36,0,42,104,0,104,146
06/11/2014,MHK,KS,ACE,CE,Federal Contract Tower,0,10,8,4,22,0,2,42,0,44,0,12,50,4,66,32,0,32,98
06/12/2014,MHK,KS,ACE,CE,Federal Contract Tower,0,9,14,2,25,0,2,10,0,12,0,11,24,2,37,34,0,34,71
06/13/2014,MHK,KS,ACE,CE,Federal Contract Tower,0,9,7,13,29,0,0,33,0,33,0,9,40,13,62,18,0,18,80
06/14/2014,MHK,KS,ACE,CE,Federal Contract Tower,0,6,5,0,11,0,0,5,0,5,0,6,10,0,16,2,0,2,18
06/15/2014,MHK,KS,ACE,CE,Federal Contract Tower,0,7,9,0,16,0,0,18,0,18,0,7,27,0,34,34,0,34,68
06/16/2014,MHK,KS,ACE,CE,Federal Contract Tower,0,7,11,0,18,0,2,9,5,16,0,9,20,5,34,12,0,12,46
06/17/2014,MHK,KS,ACE,CE,Federal Contract Tower,0,7,5,0,12,0,2,9,2,13,0,9,14,2,25,0,0,0,25
06/18/2014,MHK,KS,ACE,CE,Federal Contract Tower,0,16,19,0,35,0,0,14,0,14,0,16,33,0,49,0,0,0,49
06/19/2014,MHK,KS,ACE,CE,Federal Contract Tower,0,10,7,0,17,0,0,16,0,16,0,10,23,0,33,22,0,22,55
06/20/2014,MHK,KS,ACE,CE,Federal Contract Tower,0,6,11,0,17,0,0,23,0,23,0,6,34,0,40,24,0,24,64
06/21/2014,MHK,KS,ACE,CE,Federal Contract Tower,0,8,8,0,16,0,0,29,0,29,0,8,37,0,45,12,0,12,57
06/22/2014,MHK,KS,ACE,CE,Federal Contract Tower,0,5,4,0,9,0,0,20,0,20,0,5,24,0,29,64,0,64,93
06/23/2014,MHK,KS,ACE,CE,Federal Contract Tower,0,8,10,2,20,0,0,2,4,6,0,8,12,6,26,0,0,0,26
06/24/2014,MHK,KS,ACE,CE,Federal Contract Tower,0,7,14,0,21,0,0,25,0,25,0,7,39,0,46,64,0,64,110
06/25/2014,MHK,KS,ACE,CE,Federal Contract Tower,0,8,11,2,21,0,1,8,4,13,0,9,19,6,34,4,8,12,46
06/26/2014,MHK,KS,ACE,CE,Federal Contract Tower,0,7,8,10,25,0,0,7,4,11,0,7,15,14,36,12,0,12,48
06/27/2014,MHK,KS,ACE,CE,Federal Contract Tower,0,9,11,0,20,0,0,16,0,16,0,9,27,0,36,10,0,10,46
06/28/2014,MHK,KS,ACE,CE,Federal Contract Tower,0,7,7,0,14,0,0,16,0,16,0,7,23,0,30,14,0,14,44
06/29/2014,MHK,KS,ACE,CE,Federal Contract Tower,0,8,5,0,13,0,0,17,0,17,0,8,22,0,30,38,0,38,68
06/30/2014,MHK,KS,ACE,CE,Federal Contract Tower,0,9,5,10,24,0,0,14,5,19,0,9,19,15,43,12,4,16,59
07/01/2014,MHK,KS,ACE,CE,Federal Contract Tower,0,8,5,0,13,0,0,12,2,14,0,8,17,2,27,16,10,26,53
07/02/2014,MHK,KS,ACE,CE,Federal Contract Tower,0,7,12,5,24,0,0,17,7,24,0,7,29,12,48,32,8,40,88
07/03/2014,MHK,KS,ACE,CE,Federal Contract Tower,0,7,4,2,13,0,4,30,0,34,0,11,34,2,47,52,0,52,99
07/04/2014,MHK,KS,ACE,CE,Federal Contract Tower,0,4,2,0,6,0,1,11,0,12,0,5,13,0,18,22,0,22,40
07/05/2014,MHK,KS,ACE,CE,Federal Contract Tower,0,7,3,0,10,0,0,12,0,12,0,7,15,0,22,30,0,30,52
07/06/2014,MHK,KS,ACE,CE,Federal Contract Tower,0,10,6,0,16,0,0,14,0,14,0,10,20,0,30,17,0,17,47
07/07/2014,MHK,KS,ACE,CE,Federal Contract Tower,0,7,21,0,28,0,0,7,0,7,0,7,28,0,35,18,0,18,53
07/08/2014,MHK,KS,ACE,CE,Federal Contract Tower,0,8,6,12,26,0,0,5,0,5,0,8,11,12,31,0,0,0,31
07/09/2014,MHK,KS,ACE,CE,Federal Contract Tower,0,10,7,4,21,0,0,17,0,17,0,10,24,4,38,17,0,17,55
07/10/2014,MHK,KS,ACE,CE,Federal Contract Tower,0,9,4,6,19,0,2,6,0,8,0,11,10,6,27,20,0,20,47
07/11/2014,MHK,KS,ACE,CE,Federal Contract Tower,0,9,5,2,16,0,0,21,0,21,0,9,26,2,37,28,0,28,65
07/12/2014,MHK,KS,ACE,CE,Federal Contract Tower,0,5,7,0,12,0,2,21,0,23,0,7,28,0,35,0,0,0,35
07/13/2014,MHK,KS,ACE,CE,Federal Contract Tower,0,7,5,0,12,0,0,8,0,8,0,7,13,0,20,16,0,16,36
07/14/2014,MHK,KS,ACE,CE,Federal Contract Tower,0,7,7,4,18,0,0,17,0,17,0,7,24,4,35,5,0,5,40
07/15/2014,MHK,KS,ACE,CE,Federal Contract Tower,0,7,10,0,17,0,0,32,0,32,0,7,42,0,49,40,0,40,89
07/16/2014,MHK,KS,ACE,CE,Federal Contract Tower,0,7,7,5,19,0,0,31,4,35,0,7,38,9,54,30,6,36,90
07/17/2014,MHK,KS,ACE,CE,Federal Contract Tower,0,3,3,0,6,0,2,33,2,37,0,5,36,2,43,60,2,62,105
07/18/2014,MHK,KS,ACE,CE,Federal Contract Tower,0,7,11,0,18,0,0,28,0,28,0,7,39,0,46,148,0,148,194
07/19/2014,MHK,KS,ACE,CE,Federal Contract Tower,0,8,1,0,9,0,0,34,0,34,0,8,35,0,43,50,0,50,93
07/20/2014,MHK,KS,ACE,CE,Federal Contract Tower,0,8,4,0,12,0,0,20,20,40,0,8,24,20,52,2,0,2,54
07/21/2014,MHK,KS,ACE,CE,Federal Contract Tower,0,6,4,4,14,0,0,6,2,8,0,6,10,6,22,0,2,2,24
07/22/2014,MHK,KS,ACE,CE,Federal Contract Tower,0,7,9,2,18,0,0,21,0,21,0,7,30,2,39,6,0,6,45
07/23/2014,MHK,KS,ACE,CE,Federal Contract Tower,0,9,20,7,36,0,0,12,2,14,0,9,32,9,50,59,0,59,109
07/24/2014,MHK,KS,ACE,CE,Federal Contract Tower,0,7,7,0,14,0,0,23,5,28,0,7,30,5,42,58,12,70,112
07/25/2014,MHK,KS,ACE,CE,Federal Contract Tower,0,9,7,0,16,0,0,8,0,8,0,9,15,0,24,10,0,10,34
07/26/2014,MHK,KS,ACE,CE,Federal Contract Tower,0,7,7,0,14,0,0,30,0,30,0,7,37,0,44,41,0,41,85
07/27/2014,MHK,KS,ACE,CE,Federal Contract Tower,0,5,8,2,15,0,0,21,0,21,0,5,29,2,36,14,0,14,50
07/28/2014,MHK,KS,ACE,CE,Federal Contract Tower,0,7,4,3,14,0,0,29,1,30,0,7,33,4,44,32,2,34,78
07/29/2014,MHK,KS,ACE,CE,Federal Contract Tower,0,9,6,0,15,0,0,18,2,20,0,9,24,2,35,34,6,40,75
07/30/2014,MHK,KS,ACE,CE,Federal Contract Tower,0,8,12,4,24,0,0,11,0,11,0,8,23,4,35,0,0,0,35
07/31/2014,MHK,KS,ACE,CE,Federal Contract Tower,0,9,24,3,36,0,0,35,1,36,0,9,59,4,72,40,0,40,112
08/01/2014,MHK,KS,ACE,CE,Federal Contract Tower,0,11,12,6,29,0,0,20,0,20,0,11,32,6,49,12,0,12,61
08/02/2014,MHK,KS,ACE,CE,Federal Contract Tower,0,7,2,0,9,0,0,14,0,14,0,7,16,0,23,8,0,8,31
08/03/2014,MHK,KS,ACE,CE,Federal Contract Tower,0,7,8,0,15,0,0,7,0,7,0,7,15,0,22,0,0,0,22
08/04/2014,MHK,KS,ACE,CE,Federal Contract Tower,0,8,6,0,14,0,1,21,0,22,0,9,27,0,36,2,0,2,38
08/05/2014,MHK,KS,ACE,CE,Federal Contract Tower,0,7,2,4,13,0,1,28,2,31,0,8,30,6,44,34,0,34,78
08/06/2014,MHK,KS,ACE,CE,Federal Contract Tower,0,7,13,6,26,0,0,21,0,21,0,7,34,6,47,20,0,20,67
08/07/2014,MHK,KS,ACE,CE,Federal Contract Tower,0,10,4,10,24,0,4,15,0,19,0,14,19,10,43,52,4,56,99
08/08/2014,MHK,KS,ACE,CE,Federal Contract Tower,0,8,9,4,21,0,1,10,0,11,0,9,19,4,32,12,6,18,50
08/09/2014,MHK,KS,ACE,CE,Federal Contract Tower,0,7,6,2,15,0,4,6,0,10,0,11,12,2,25,6,0,6,31
08/10/2014,MHK,KS,ACE,CE,Federal Contract Tower,0,10,19,0,29,0,2,24,0,26,0,12,43,0,55,12,0,12,67
08/11/2014,MHK,KS,ACE,CE,Federal Contract Tower,0,8,20,6,34,0,0,15,3,18,0,8,35,9,52,8,20,28,80
08/12/2014,MHK,KS,ACE,CE,Federal Contract Tower,0,11,11,22,44,0,1,31,1,33,0,12,42,23,77,30,0,30,107
08/13/2014,MHK,KS,ACE,CE,Federal Contract Tower,0,7,10,12,29,0,0,34,1,35,0,7,44,13,64,46,0,46,110
08/14/2014,MHK,KS,ACE,CE,Federal Contract Tower,0,6,4,3,13,0,2,44,3,49,0,8,48,6,62,54,18,72,134
08/15/2014,MHK,KS,ACE,CE,Federal Contract Tower,0,7,6,0,13,0,0,9,0,9,0,7,15,0,22,22,0,22,44
08/16/2014,MHK,KS,ACE,CE,Federal Contract Tower,0,6,7,0,13,0,0,13,0,13,0,6,20,0,26,6,0,6,32
08/17/2014,MHK,KS,ACE,CE,Federal Contract Tower,0,8,7,0,15,0,0,12,0,12,0,8,19,0,27,12,0,12,39
08/18/2014,MHK,KS,ACE,CE,Federal Contract Tower,0,7,5,8,20,0,0,17,0,17,0,7,22,8,37,32,0,32,69
08/19/2014,MHK,KS,ACE,CE,Federal Contract Tower,0,9,23,1,33,0,2,20,3,25,0,11,43,4,58,38,14,52,110
08/20/2014,MHK,KS,ACE,CE,Federal Contract Tower,0,9,12,8,29,0,2,21,3,26,0,11,33,11,55,20,0,20,75
08/21/2014,MHK,KS,ACE,CE,Federal Contract Tower,0,7,9,4,20,0,0,33,0,33,0,7,42,4,53,20,0,20,73
08/22/2014,MHK,KS,ACE,CE,Federal Contract Tower,0,10,13,0,23,0,0,17,0,17,0,10,30,0,40,18,0,18,58
08/23/2014,MHK,KS,ACE,CE,Federal Contract Tower,0,8,6,0,14,0,2,24,0,26,0,10,30,0,40,28,0,28,68
08/24/2014,MHK,KS,ACE,CE,Federal Contract Tower,0,7,3,0,10,0,0,17,0,17,0,7,20,0,27,6,0,6,33
08/25/2014,MHK,KS,ACE,CE,Federal Contract Tower,0,10,3,4,17,0,0,13,3,16,0,10,16,7,33,10,22,32,65
08/26/2014,MHK,KS,ACE,CE,Federal Contract Tower,0,11,10,0,21,0,0,16,2,18,0,11,26,2,39,0,0,0,39
08/27/2014,MHK,KS,ACE,CE,Federal Contract Tower,0,7,15,0,22,0,0,25,0,25,0,7,40,0,47,48,0,48,95
08/28/2014,MHK,KS,ACE,CE,Federal Contract Tower,0,9,12,0,21,0,0,16,0,16,0,9,28,0,37,32,0,32,69
08/29/2014,MHK,KS,ACE,CE,Federal Contract Tower,1,8,10,0,19,0,2,43,0,45,1,10,53,0,64,48,0,48,112
08/30/2014,MHK,KS,ACE,CE,Federal Contract Tower,0,7,14,0,21,0,0,44,0,44,0,7,58,0,65,24,0,24,89
08/31/2014,MHK,KS,ACE,CE,Federal Contract Tower,0,5,8,0,13,0,0,13,0,13,0,5,21,0,26,6,0,6,32
09/01/2014,MHK,KS,ACE,CE,Federal Contract Tower,0,7,8,0,15,0,0,26,0,26,0,7,34,0,41,48,0,48,89
09/02/2014,MHK,KS,ACE,CE,Federal Contract Tower,0,9,7,0,16,0,0,13,0,13,0,9,20,0,29,46,0,46,75
09/03/2014,MHK,KS,ACE,CE,Federal Contract Tower,0,10,14,0,24,0,2,7,0,9,0,12,21,0,33,22,0,22,55
09/04/2014,MHK,KS,ACE,CE,Federal Contract Tower,0,9,7,3,19,0,0,18,1,19,0,9,25,4,38,0,0,0,38
09/05/2014,MHK,KS,ACE,CE,Federal Contract Tower,2,7,9,4,22,0,0,21,0,21,2,7,30,4,43,10,0,10,53
09/06/2014,MHK,KS,ACE,CE,Federal Contract Tower,0,11,9,0,20,0,0,34,0,34,0,11,43,0,54,46,0,46,100
09/07/2014,MHK,KS,ACE,CE,Federal Contract Tower,0,9,9,0,18,0,0,32,3,35,0,9,41,3,53,66,0,66,119
09/08/2014,MHK,KS,ACE,CE,Federal Contract Tower,0,9,7,2,18,0,0,11,3,14,0,9,18,5,32,12,0,12,44
09/09/2014,MHK,KS,ACE,CE,Federal Contract Tower,0,14,11,0,25,0,0,16,1,17,0,14,27,1,42,0,0,0,42
09/10/2014,MHK,KS,ACE,CE,Federal Contract Tower,0,13,21,2,36,0,0,12,4,16,0,13,33,6,52,50,8,58,110
09/11/2014,MHK,KS,ACE,CE,Federal Contract Tower,0,9,16,2,27,0,0,13,0,13,0,9,29,2,40,42,0,42,82
09/12/2014,MHK,KS,ACE,CE,Federal Contract Tower,0,9,6,4,19,0,0,3,2,5,0,9,9,6,24,0,20,20,44
09/13/2014,MHK,KS,ACE,CE,Federal Contract Tower,0,9,4,0,13,0,2,15,0,17,0,11,19,0,30,8,0,8,38
09/14/2014,MHK,KS,ACE,CE,Federal Contract Tower,0,10,5,0,15,0,2,24,0,26,0,12,29,0,41,20,0,20,61
09/15/2014,MHK,KS,ACE,CE,Federal Contract Tower,0,9,7,10,26,0,0,12,0,12,0,9,19,10,38,24,0,24,62
09/16/2014,MHK,KS,ACE,CE,Federal Contract Tower,0,10,16,2,28,0,0,25,8,33,0,10,41,10,61,62,34,96,157
09/17/2014,MHK,KS,ACE,CE,Federal Contract Tower,2,13,29,2,46,0,0,13,2,15,2,13,42,4,61,50,12,62,123
09/18/2014,MHK,KS,ACE,CE,Federal Contract Tower,1,18,73,0,92,0,0,18,0,18,1,18,91,0,110,4,0,4,114
09/19/2014,MHK,KS,ACE,CE,Federal Contract Tower,0,12,15,2,29,0,0,17,0,17,0,12,32,2,46,18,0,18,64
09/20/2014,MHK,KS,ACE,CE,Federal Contract Tower,0,7,4,0,11,0,0,26,0,26,0,7,30,0,37,24,0,24,61
09/21/2014,MHK,KS,ACE,CE,Federal Contract Tower,0,8,5,0,13,0,0,22,0,22,0,8,27,0,35,0,0,0,35
09/22/2014,MHK,KS,ACE,CE,Federal Contract Tower,0,7,4,0,11,0,0,17,4,21,0,7,21,4,32,22,14,36,68
09/23/2014,MHK,KS,ACE,CE,Federal Contract Tower,0,7,1,2,10,0,0,6,2,8,0,7,7,4,18,0,20,20,38
09/24/2014,MHK,KS,ACE,CE,Federal Contract Tower,0,8,11,2,21,0,0,20,2,22,0,8,31,4,43,44,2,46,89
09/25/2014,MHK,KS,ACE,CE,Federal Contract Tower,0,10,4,0,14,0,0,40,0,40,0,10,44,0,54,0,0,0,54
09/26/2014,MHK,KS,ACE,CE,Federal Contract Tower,1,4,13,1,19,0,0,40,4,44,1,4,53,5,63,18,0,18,81
09/27/2014,MHK,KS,ACE,CE,Federal Contract Tower,0,7,28,0,35,0,0,48,0,48,0,7,76,0,83,22,0,22,105
09/28/2014,MHK,KS,ACE,CE,Federal Contract Tower,0,11,6,0,17,0,0,31,0,31,0,11,37,0,48,44,0,44,92
09/29/2014,MHK,KS,ACE,CE,Federal Contract Tower,0,6,17,2,25,0,0,8,0,8,0,6,25,2,33,0,0,0,33
09/30/2014,MHK,KS,ACE,CE,Federal Contract Tower,0,7,5,7,19,0,0,11,0,11,0,7,16,7,30,48,0,48,78
10/01/2014,MHK,KS,ACE,CE,Federal Contract Tower,0,9,5,3,17,0,2,12,2,16,0,11,17,5,33,24,0,24,57
10/02/2014,MHK,KS,ACE,CE,Federal Contract Tower,0,7,10,13,30,0,0,10,0,10,0,7,20,13,40,20,0,20,60
10/03/2014,MHK,KS,ACE,CE,Federal Contract Tower,2,11,11,0,24,0,0,7,0,7,2,11,18,0,31,6,0,6,37
10/04/2014,MHK,KS,ACE,CE,Federal Contract Tower,0,9,21,0,30,0,0,21,0,21,0,9,42,0,51,46,0,46,97
10/05/2014,MHK,KS,ACE,CE,Federal Contract Tower,0,7,15,0,22,0,0,34,0,34,0,7,49,0,56,28,0,28,84
10/06/2014,MHK,KS,ACE,CE,Federal Contract Tower,0,8,2,0,10,0,0,23,0,23,0,8,25,0,33,18,0,18,51
10/07/2014,MHK,KS,ACE,CE,Federal Contract Tower,0,8,11,4,23,0,2,42,0,44,0,10,53,4,67,46,0,46,113
10/08/2014,MHK,KS,ACE,CE,Federal Contract Tower,0,9,8,3,20,0,0,29,10,39,0,9,37,13,59,64,16,80,139
10/09/2014,MHK,KS,ACE,CE,Federal Contract Tower,0,7,13,0,20,0,0,0,0,0,0,7,13,0,20,0,0,0,20
10/10/2014,MHK,KS,ACE,CE,Federal Contract Tower,0,6,11,0,17,0,0,15,0,15,0,6,26,0,32,8,0,8,40
10/11/2014,MHK,KS,ACE,CE,Federal Contract Tower,0,7,4,2,13,0,0,28,0,28,0,7,32,2,41,42,0,42,83
10/12/2014,MHK,KS,ACE,CE,Federal Contract Tower,0,7,8,0,15,0,0,20,0,20,0,7,28,0,35,26,0,26,61
10/13/2014,MHK,KS,ACE,CE,Federal Contract Tower,0,6,11,0,17,0,0,3,0,3,0,6,14,0,20,0,0,0,20
10/14/2014,MHK,KS,ACE,CE,Federal Contract Tower,0,9,14,7,30,0,0,9,5,14,0,9,23,12,44,14,10,24,68
10/15/2014,MHK,KS,ACE,CE,Federal Contract Tower,0,11,16,6,33,0,0,29,2,31,0,11,45,8,64,38,2,40,104
10/16/2014,MHK,KS,ACE,CE,Federal Contract Tower,0,7,6,2,15,0,5,19,0,24,0,12,25,2,39,24,0,24,63
10/17/2014,MHK,KS,ACE,CE,Federal Contract Tower,2,9,0,0,11,0,0,24,0,24,2,9,24,0,35,38,0,38,73
10/18/2014,MHK,KS,ACE,CE,Federal Contract Tower,0,11,6,0,17,0,0,28,0,28,0,11,34,0,45,30,0,30,75
10/19/2014,MHK,KS,ACE,CE,Federal Contract Tower,0,8,8,0,16,0,0,18,2,20,0,8,26,2,36,12,0,12,48
10/20/2014,MHK,KS,ACE,CE,Federal Contract Tower,0,10,12,4,26,0,2,11,0,13,0,12,23,4,39,18,0,18,57
10/21/2014,MHK,KS,ACE,CE,Federal Contract Tower,0,8,10,0,18,0,0,37,4,41,0,8,47,4,59,56,6,62,121
10/22/2014,MHK,KS,ACE,CE,Federal Contract Tower,0,9,17,0,26,0,0,9,0,9,0,9,26,0,35,6,0,6,41
10/23/2014,MHK,KS,ACE,CE,Federal Contract Tower,0,11,8,0,19,0,0,11,0,11,0,11,19,0,30,32,10,42,72
10/24/2014,MHK,KS,ACE,CE,Federal Contract Tower,2,9,14,2,27,0,0,28,0,28,2,9,42,2,55,50,0,50,105
10/25/2014,MHK,KS,ACE,CE,Federal Contract Tower,6,9,26,0,41,0,0,34,0,34,6,9,60,0,75,14,0,14,89
10/26/2014,MHK,KS,ACE,CE,Federal Contract Tower,0,13,11,1,25,0,0,15,0,15,0,13,26,1,40,0,0,0,40
10/27/2014,MHK,KS,ACE,CE,Federal Contract Tower,0,7,11,2,20,0,0,12,10,22,0,7,23,12,42,8,34,42,84
10/28/2014,MHK,KS,ACE,CE,Federal Contract Tower,0,12,14,3,29,0,2,14,7,23,0,14,28,10,52,48,2,50,102
10/29/2014,MHK,KS,ACE,CE,Federal Contract Tower,0,7,18,0,25,0,2,51,6,59,0,9,69,6,84,76,22,98,182
10/30/2014,MHK,KS,ACE,CE,Federal Contract Tower,0,7,9,2,18,0,2,29,17,48,0,9,38,19,66,52,2,54,120
10/31/2014,MHK,KS,ACE,CE,Federal Contract Tower,2,9,13,0,24,0,0,27,0,27,2,9,40,0,51,14,0,14,65
11/01/2014,MHK,KS,ACE,CE,Federal Contract Tower,0,12,31,0,43,0,0,21,0,21,0,12,52,0,64,12,0,12,76
11/02/2014,MHK,KS,ACE,CE,Federal Contract Tower,0,9,19,0,28,0,0,13,0,13,0,9,32,0,41,0,0,0,41
11/03/2014,MHK,KS,ACE,CE,Federal Contract Tower,0,8,1,0,9,0,0,3,0,3,0,8,4,0,12,0,0,0,12
11/04/2014,MHK,KS,ACE,CE,Federal Contract Tower,0,7,14,2,23,0,2,19,14,35,0,9,33,16,58,20,38,58,116
11/05/2014,MHK,KS,ACE,CE,Federal Contract Tower,0,8,9,4,21,0,0,17,0,17,0,8,26,4,38,24,0,24,62
11/06/2014,MHK,KS,ACE,CE,Federal Contract Tower,0,10,18,0,28,0,0,18,3,21,0,10,36,3,49,48,0,48,97
11/07/2014,MHK,KS,ACE,CE,Federal Contract Tower,2,13,13,0,28,0,0,23,5,28,2,13,36,5,56,14,32,46,102
11/08/2014,MHK,KS,ACE,CE,Federal Contract Tower,0,7,9,0,16,0,0,20,0,20,0,7,29,0,36,4,0,4,40
11/09/2014,MHK,KS,ACE,CE,Federal Contract Tower,0,7,10,0,17,0,0,23,0,23,0,7,33,0,40,20,0,20,60
11/10/2014,MHK,KS,ACE,CE,Federal Contract Tower,0,7,12,2,21,0,0,14,0,14,0,7,26,2,35,6,0,6,41
11/11/2014,MHK,KS,ACE,CE,Federal Contract Tower,0,7,11,0,18,0,0,13,0,13,0,7,24,0,31,44,0,44,75
11/12/2014,MHK,KS,ACE,CE,Federal Contract Tower,0,9,14,0,23,0,2,20,4,26,0,11,34,4,49,36,18,54,103
11/13/2014,MHK,KS,ACE,CE,Federal Contract Tower,0,9,14,2,25,0,1,37,2,40,0,10,51,4,65,66,0,66,131
11/14/2014,MHK,KS,ACE,CE,Federal Contract Tower,0,6,11,2,19,0,0,41,8,49,0,6,52,10,68,56,8,64,132
11/15/2014,MHK,KS,ACE,CE,Federal Contract Tower,0,9,4,1,14,0,0,1,0,1,0,9,5,1,15,0,0,0,15
11/16/2014,MHK,KS,ACE,CE,Federal Contract Tower,0,7,5,0,12,0,0,23,0,23,0,7,28,0,35,50,0,50,85
11/17/2014,MHK,KS,ACE,CE,Federal Contract Tower,0,7,11,4,22,0,0,22,6,28,0,7,33,10,50,14,14,28,78
11/18/2014,MHK,KS,ACE,CE,Federal Contract Tower,0,7,17,0,24,0,1,23,1,25,0,8,40,1,49,24,0,24,73
11/19/2014,MHK,KS,ACE,CE,Federal Contract Tower,4,10,13,6,33,0,7,36,0,43,4,17,49,6,76,86,0,86,162
11/20/2014,MHK,KS,ACE,CE,Federal Contract Tower,0,11,13,0,24,0,0,37,8,45,0,11,50,8,69,88,0,88,157
11/21/2014,MHK,KS,ACE,CE,Federal Contract Tower,0,5,10,6,21,0,0,4,4,8,0,5,14,10,29,0,0,0,29
11/22/2014,MHK,KS,ACE,CE,Federal Contract Tower,0,12,8,0,20,0,0,0,0,0,0,12,8,0,20,0,0,0,20
11/23/2014,MHK,KS,ACE,CE,Federal Contract Tower,0,9,3,0,12,0,0,0,0,0,0,9,3,0,12,0,0,0,12
11/24/2014,MHK,KS,ACE,CE,Federal Contract Tower,0,10,3,6,19,0,0,7,6,13,0,10,10,12,32,10,18,28,60
11/25/2014,MHK,KS,ACE,CE,Federal Contract Tower,0,8,11,11,30,0,2,20,3,25,0,10,31,14,55,18,0,18,73
11/26/2014,MHK,KS,ACE,CE,Federal Contract Tower,0,9,6,0,15,0,0,10,2,12,0,9,16,2,27,0,0,0,27
11/27/2014,MHK,KS,ACE,CE,Federal Contract Tower,0,7,1,0,8,0,0,3,0,3,0,7,4,0,11,0,0,0,11
11/28/2014,MHK,KS,ACE,CE,Federal Contract Tower,2,8,12,2,24,0,0,28,0,28,2,8,40,2,52,24,0,24,76
11/29/2014,MHK,KS,ACE,CE,Federal Contract Tower,0,14,30,0,44,0,0,25,0,25,0,14,55,0,69,6,0,6,75
11/30/2014,MHK,KS,ACE,CE,Federal Contract Tower,0,10,7,0,17,0,0,16,0,16,0,10,23,0,33,0,0,0,33
12/01/2014,MHK,KS,ACE,CE,Federal Contract Tower,0,7,7,0,14,0,0,13,2,15,0,7,20,2,29,48,0,48,77
12/02/2014,MHK,KS,ACE,CE,Federal Contract Tower,0,9,12,0,21,0,0,12,8,20,0,9,24,8,41,10,4,14,55
12/03/2014,MHK,KS,ACE,CE,Federal Contract Tower,0,12,16,2,30,0,0,6,9,15,0,12,22,11,45,0,54,54,99
12/04/2014,MHK,KS,ACE,CE,Federal Contract Tower,0,9,7,0,16,0,0,9,5,14,0,9,16,5,30,30,0,30,60
12/05/2014,MHK,KS,ACE,CE,Federal Contract Tower,2,11,10,0,23,0,0,5,0,5,2,11,15,0,28,0,0,0,28
12/06/2014,MHK,KS,ACE,CE,Federal Contract Tower,0,10,7,0,17,0,0,0,0,0,0,10,7,0,17,0,0,0,17
12/07/2014,MHK,KS,ACE,CE,Federal Contract Tower,0,8,9,2,19,0,0,3,1,4,0,8,12,3,23,10,0,10,33
12/08/2014,MHK,KS,ACE,CE,Federal Contract Tower,0,11,9,3,23,0,2,11,10,23,0,13,20,13,46,22,26,48,94
12/09/2014,MHK,KS,ACE,CE,Federal Contract Tower,0,9,19,3,31,0,6,19,3,28,0,15,38,6,59,10,4,14,73
12/10/2014,MHK,KS,ACE,CE,Federal Contract Tower,0,12,12,3,27,0,0,4,4,8,0,12,16,7,35,0,6,6,41
12/11/2014,MHK,KS,ACE,CE,Federal Contract Tower,0,8,18,2,28,0,0,0,0,0,0,8,18,2,28,0,0,0,28
12/12/2014,MHK,KS,ACE,CE,Federal Contract Tower,0,7,9,0,16,0,0,5,0,5,0,7,14,0,21,64,2,66,87
12/13/2014,MHK,KS,ACE,CE,Federal Contract Tower,0,10,13,1,24,0,0,0,0,0,0,10,13,1,24,0,0,0,24
12/14/2014,MHK,KS,ACE,CE,Federal Contract Tower,0,7,1,0,8,0,0,1,0,1,0,7,2,0,9,0,0,0,9
12/15/2014,MHK,KS,ACE,CE,Federal Contract Tower,0,7,3,0,10,0,0,0,0,0,0,7,3,0,10,0,0,0,10
12/16/2014,MHK,KS,ACE,CE,Federal Contract Tower,0,7,8,1,16,0,2,30,7,39,0,9,38,8,55,70,44,114,169
12/17/2014,MHK,KS,ACE,CE,Federal Contract Tower,0,8,7,0,15,0,0,9,0,9,0,8,16,0,24,30,0,30,54
12/18/2014,MHK,KS,ACE,CE,Federal Contract Tower,0,10,8,0,18,0,0,2,0,2,0,10,10,0,20,14,0,14,34
12/19/2014,MHK,KS,ACE,CE,Federal Contract Tower,0,7,6,2,15,0,0,0,0,0,0,7,6,2,15,0,0,0,15
12/20/2014,MHK,KS,ACE,CE,Federal Contract Tower,0,7,5,0,12,0,0,9,0,9,0,7,14,0,21,8,0,8,29
12/21/2014,MHK,KS,ACE,CE,Federal Contract Tower,0,7,4,0,11,0,0,5,0,5,0,7,9,0,16,14,0,14,30
12/22/2014,MHK,KS,ACE,CE,Federal Contract Tower,0,9,9,0,18,0,2,3,0,5,0,11,12,0,23,0,0,0,23
12/23/2014,MHK,KS,ACE,CE,Federal Contract Tower,2,8,5,0,15,0,0,7,0,7,2,8,12,0,22,32,0,32,54
12/24/2014,MHK,KS,ACE,CE,Federal Contract Tower,0,7,5,0,12,0,0,12,0,12,0,7,17,0,24,36,0,36,60
12/25/2014,MHK,KS,ACE,CE,Federal Contract Tower,0,8,1,0,9,0,0,3,0,3,0,8,4,0,12,0,10,10,22
12/26/2014,MHK,KS,ACE,CE,Federal Contract Tower,0,7,7,0,14,0,0,0,0,0,0,7,7,0,14,0,0,0,14
12/27/2014,MHK,KS,ACE,CE,Federal Contract Tower,0,9,1,0,10,0,0,25,0,25,0,9,26,0,35,42,0,42,77
12/28/2014,MHK,KS,ACE,CE,Federal Contract Tower,3,7,5,0,15,0,1,34,0,35,3,8,39,0,50,80,0,80,130
12/29/2014,MHK,KS,ACE,CE,Federal Contract Tower,0,7,0,0,7,0,0,9,0,9,0,7,9,0,16,6,0,6,22
12/30/2014,MHK,KS,ACE,CE,Federal Contract Tower,0,9,7,0,16,0,0,6,0,6,0,9,13,0,22,28,0,28,50
12/31/2014,MHK,KS,ACE,CE,Federal Contract Tower,2,9,4,0,15,0,2,18,0,20,2,11,22,0,35,38,0,38,73
01/01/2015,MHK,KS,ACE,CE,Federal Contract Tower,0,6,3,0,9,0,0,11,0,11,0,6,14,0,20,2,0,2,22
01/02/2015,MHK,KS,ACE,CE,Federal Contract Tower,0,8,4,2,14,0,0,8,0,8,0,8,12,2,22,22,0,22,44
01/03/2015,MHK,KS,ACE,CE,Federal Contract Tower,4,9,4,0,17,0,0,1,0,1,4,9,5,0,18,0,0,0,18
01/04/2015,MHK,KS,ACE,CE,Federal Contract Tower,0,4,1,0,5,0,0,7,0,7,0,4,8,0,12,16,0,16,28
01/05/2015,MHK,KS,ACE,CE,Federal Contract Tower,0,7,7,0,14,0,0,15,4,19,0,7,22,4,33,12,0,12,45
01/06/2015,MHK,KS,ACE,CE,Federal Contract Tower,0,9,6,3,18,0,2,18,4,24,0,11,24,7,42,30,26,56,98
01/07/2015,MHK,KS,ACE,CE,Federal Contract Tower,0,13,10,0,23,0,2,18,2,22,0,15,28,2,45,33,2,35,80
01/08/2015,MHK,KS,ACE,CE,Federal Contract Tower,0,6,4,0,10,0,0,5,2,7,0,6,9,2,17,10,12,22,39
01/09/2015,MHK,KS,ACE,CE,Federal Contract Tower,0,8,10,3,21,0,4,26,1,31,0,12,36,4,52,2,0,2,54
01/10/2015,MHK,KS,ACE,CE,Federal Contract Tower,0,5,2,0,7,0,0,24,0,24,0,5,26,0,31,88,0,88,119
01/11/2015,MHK,KS,ACE,CE,Federal Contract Tower,0,7,15,0,22,0,0,10,0,10,0,7,25,0,32,68,0,68,100
01/12/2015,MHK,KS,ACE,CE,Federal Contract Tower,0,7,9,0,16,0,0,14,8,22,0,7,23,8,38,14,32,46,84
01/13/2015,MHK,KS,ACE,CE,Federal Contract Tower,0,8,17,0,25,0,0,18,8,26,0,8,35,8,51,8,36,44,95
01/14/2015,MHK,KS,ACE,CE,Federal Contract Tower,0,7,13,5,25,0,0,33,6,39,0,7,46,11,64,78,6,84,148
01/15/2015,MHK,KS,ACE,CE,Federal Contract Tower,0,7,12,2,21,0,0,31,0,31,0,7,43,2,52,60,0,60,112
01/16/2015,MHK,KS,ACE,CE,Federal Contract Tower,0,11,6,0,17,0,0,35,1,36,0,11,41,1,53,94,0,94,147
01/17/2015,MHK,KS,ACE,CE,Federal Contract Tower,2,6,6,0,14,0,0,23,0,23,2,6,29,0,37,80,0,80,117
01/18/2015,MHK,KS,ACE,CE,Federal Contract Tower,0,8,6,0,14,0,0,28,0,28,0,8,34,0,42,86,0,86,128
01/19/2015,MHK,KS,ACE,CE,Federal Contract Tower,0,8,7,0,15,0,0,33,0,33,0,8,40,0,48,38,0,38,86
01/20/2015,MHK,KS,ACE,CE,Federal Contract Tower,0,8,6,4,18,0,0,19,7,26,0,8,25,11,44,16,12,28,72
01/21/2015,MHK,KS,ACE,CE,Federal Contract Tower,0,9,18,1,28,0,0,7,9,16,0,9,25,10,44,8,52,60,104
01/22/2015,MHK,KS,ACE,CE,Federal Contract Tower,0,6,6,2,14,0,0,16,4,20,0,6,22,6,34,56,0,56,90
01/23/2015,MHK,KS,ACE,CE,Federal Contract Tower,0,10,11,0,21,0,0,31,2,33,0,10,42,2,54,82,2,84,138
01/24/2015,MHK,KS,ACE,CE,Federal Contract Tower,0,9,14,0,23,0,2,40,0,42,0,11,54,0,65,46,0,46,111
01/25/2015,MHK,KS,ACE,CE,Federal Contract Tower,0,5,4,0,9,0,0,2,5,7,0,5,6,5,16,0,0,0,16
01/26/2015,MHK,KS,ACE,CE,Federal Contract Tower,0,11,9,0,20,0,0,18,0,18,0,11,27,0,38,30,0,30,68
01/27/2015,MHK,KS,ACE,CE,Federal Contract Tower,1,13,12,0,26,0,0,23,5,28,1,13,35,5,54,34,34,68,122
01/28/2015,MHK,KS,ACE,CE,Federal Contract Tower,0,7,28,2,37,0,0,28,5,33,0,7,56,7,70,52,6,58,128
01/29/2015,MHK,KS,ACE,CE,Federal Contract Tower,0,11,12,2,25,0,0,17,2,19,0,11,29,4,44,54,0,54,98
01/30/2015,MHK,KS,ACE,CE,Federal Contract Tower,0,13,10,0,23,0,0,12,0,12,0,13,22,0,35,38,0,38,73
01/31/2015,MHK,KS,ACE,CE,Federal Contract Tower,0,8,7,0,15,0,0,0,0,0,0,8,7,0,15,0,0,0,15
02/01/2015,MHK,KS,ACE,CE,Federal Contract Tower,0,2,2,0,4,0,0,0,0,0,0,2,2,0,4,0,0,0,4
02/02/2015,MHK,KS,ACE,CE,Federal Contract Tower,0,3,14,0,17,0,0,14,0,14,0,3,28,0,31,10,0,10,41
02/03/2015,MHK,KS,ACE,CE,Federal Contract Tower,0,8,12,2,22,0,0,12,0,12,0,8,24,2,34,12,0,12,46
02/04/2015,MHK,KS,ACE,CE,Federal Contract Tower,0,10,6,4,20,0,0,1,2,3,0,10,7,6,23,0,2,2,25
02/05/2015,MHK,KS,ACE,CE,Federal Contract Tower,0,6,13,0,19,0,0,19,11,30,0,6,32,11,49,62,10,72,121
02/06/2015,MHK,KS,ACE,CE,Federal Contract Tower,0,12,11,3,26,0,0,21,2,23,0,12,32,5,49,6,0,6,55
02/07/2015,MHK,KS,ACE,CE,Federal Contract Tower,0,8,10,0,18,0,1,43,0,44,0,9,53,0,62,76,0,76,138
02/08/2015,MHK,KS,ACE,CE,Federal Contract Tower,0,10,8,0,18,0,0,31,0,31,0,10,39,0,49,14,0,14,63
02/09/2015,MHK,KS,ACE,CE,Federal Contract Tower,0,9,13,0,22,0,0,0,0,0,0,9,13,0,22,0,0,0,22
02/10/2015,MHK,KS,ACE,CE,Federal Contract Tower,0,8,26,2,36,0,2,31,4,37,0,10,57,6,73,46,10,56,129
02/11/2015,MHK,KS,ACE,CE,Federal Contract Tower,0,9,12,2,23,0,0,8,6,14,0,9,20,8,37,10,28,38,75
02/12/2015,MHK,KS,ACE,CE,Federal Contract Tower,0,14,12,6,32,0,0,26,4,30,0,14,38,10,62,60,8,68,130
02/13/2015,MHK,KS,ACE,CE,Federal Contract Tower,0,10,9,0,19,0,0,31,0,31,0,10,40,0,50,10,0,10,60
02/14/2015,MHK,KS,ACE,CE,Federal Contract Tower,0,10,6,0,16,0,0,9,0,9,0,10,15,0,25,0,0,0,25
02/15/2015,MHK,KS,ACE,CE,Federal Contract Tower,0,6,7,0,13,0,0,0,0,0,0,6,7,0,13,0,0,0,13
02/16/2015,MHK,KS,ACE,CE,Federal Contract Tower,0,10,0,0,10,0,0,7,0,7,0,10,7,0,17,8,0,8,25
02/17/2015,MHK,KS,ACE,CE,Federal Contract Tower,0,10,6,2,18,0,0,7,2,9,0,10,13,4,27,20,16,36,63
02/18/2015,MHK,KS,ACE,CE,Federal Contract Tower,0,8,14,0,22,0,2,26,2,30,0,10,40,2,52,74,0,74,126
02/19/2015,MHK,KS,ACE,CE,Federal Contract Tower,0,8,4,2,14,0,0,21,6,27,0,8,25,8,41,84,12,96,137
02/20/2015,MHK,KS,ACE,CE,Federal Contract Tower,0,13,6,0,19,0,0,19,0,19,0,13,25,0,38,24,0,24,62
02/21/2015,MHK,KS,ACE,CE,Federal Contract Tower,0,8,4,0,12,0,0,19,0,19,0,8,23,0,31,44,0,44,75
02/22/2015,MHK,KS,ACE,CE,Federal Contract Tower,0,6,2,0,8,0,0,13,0,13,0,6,15,0,21,14,0,14,35
02/23/2015,MHK,KS,ACE,CE,Federal Contract Tower,0,8,14,0,22,0,0,33,0,33,0,8,47,0,55,42,0,42,97
02/24/2015,MHK,KS,ACE,CE,Federal Contract Tower,0,4,0,2,6,0,4,36,12,52,0,8,36,14,58,46,32,78,136
02/25/2015,MHK,KS,ACE,CE,Federal Contract Tower,0,8,6,1,15,0,0,16,1,17,0,8,22,2,32,20,0,20,52
02/26/2015,MHK,KS,ACE,CE,Federal Contract Tower,0,8,11,0,19,0,0,0,6,6,0,8,11,6,25,54,6,60,85
02/27/2015,MHK,KS,ACE,CE,Federal Contract Tower,0,8,11,0,19,0,0,44,0,44,0,8,55,0,63,64,0,64,127
02/28/2015,MHK,KS,ACE,CE,Federal Contract Tower,0,4,2,0,6,0,0,0,0,0,0,4,2,0,6,0,0,0,6
03/01/2015,MHK,KS,ACE,CE,Federal Contract Tower,0,7,12,0,19,0,0,9,0,9,0,7,21,0,28,16,0,16,44
03/02/2015,MHK,KS,ACE,CE,Federal Contract Tower,0,10,10,0,20,0,0,7,0,7,0,10,17,0,27,2,0,2,29
03/03/2015,MHK,KS,ACE,CE,Federal Contract Tower,0,4,5,0,9,0,0,16,4,20,0,4,21,4,29,52,22,74,103
03/04/2015,MHK,KS,ACE,CE,Federal Contract Tower,0,8,7,3,18,0,6,24,3,33,0,14,31,6,51,54,4,58,109
03/05/2015,MHK,KS,ACE,CE,Federal Contract Tower,0,5,3,2,10,0,0,15,0,15,0,5,18,2,25,90,2,92,117
03/06/2015,MHK,KS,ACE,CE,Federal Contract Tower,0,11,13,0,24,0,2,20,0,22,0,13,33,0,46,10,0,10,56
03/07/2015,MHK,KS,ACE,CE,Federal Contract Tower,0,9,3,0,12,0,0,42,0,42,0,9,45,0,54,44,0,44,98
03/08/2015,MHK,KS,ACE,CE,Federal Contract Tower,0,10,1,0,11,0,0,53,0,53,0,10,54,0,64,62,0,62,126
03/09/2015,MHK,KS,ACE,CE,Federal Contract Tower,0,9,9,2,20,0,0,27,0,27,0,9,36,2,47,68,0,68,115
03/10/2015,MHK,KS,ACE,CE,Federal Contract Tower,0,12,23,4,39,0,0,30,5,35,0,12,53,9,74,52,14,66,140
03/11/2015,MHK,KS,ACE,CE,Federal Contract Tower,0,8,8,1,17,0,2,26,6,34,0,10,34,7,51,42,26,68,119
03/12/2015,MHK,KS,ACE,CE,Federal Contract Tower,0,7,10,0,17,0,2,59,0,61,0,9,69,0,78,80,0,80,158
03/13/2015,MHK,KS,ACE,CE,Federal Contract Tower,0,7,5,2,14,0,0,10,0,10,0,7,15,2,24,0,0,0,24
03/14/2015,MHK,KS,ACE,CE,Federal Contract Tower,0,9,11,3,23,0,0,27,3,30,0,9,38,6,53,14,2,16,69
03/15/2015,MHK,KS,ACE,CE,Federal Contract Tower,0,7,7,0,14,0,0,16,0,16,0,7,23,0,30,26,0,26,56
03/16/2015,MHK,KS,ACE,CE,Federal Contract Tower,0,7,0,0,7,0,0,8,2,10,0,7,8,2,17,0,0,0,17
03/17/2015,MHK,KS,ACE,CE,Federal Contract Tower,0,7,15,0,22,0,0,24,0,24,0,7,39,0,46,86,0,86,132
03/18/2015,MHK,KS,ACE,CE,Federal Contract Tower,0,9,2,0,11,0,0,4,0,4,0,9,6,0,15,40,0,40,55
03/19/2015,MHK,KS,ACE,CE,Federal Contract Tower,0,7,5,0,12,0,0,0,0,0,0,7,5,0,12,20,0,20,32
03/20/2015,MHK,KS,ACE,CE,Federal Contract Tower,0,11,0,0,11,0,0,24,2,26,0,11,24,2,37,32,0,32,69
03/21/2015,MHK,KS,ACE,CE,Federal Contract Tower,0,8,1,0,9,0,0,32,0,32,0,8,33,0,41,20,0,20,61
03/22/2015,MHK,KS,ACE,CE,Federal Contract Tower,0,8,9,1,18,0,0,18,2,20,0,8,27,3,38,6,0,6,44
03/23/2015,MHK,KS,ACE,CE,Federal Contract Tower,0,9,4,0,13,0,0,14,0,14,0,9,18,0,27,16,0,16,43
03/24/2015,MHK,KS,ACE,CE,Federal Contract Tower,0,11,21,0,32,0,0,0,0,0,0,11,21,0,32,0,0,0,32
03/25/2015,MHK,KS,ACE,CE,Federal Contract Tower,0,11,8,2,21,0,0,1,2,3,0,11,9,4,24,0,0,0,24
03/26/2015,MHK,KS,ACE,CE,Federal Contract Tower,0,6,18,0,24,0,0,15,0,15,0,6,33,0,39,2,0,2,41
03/27/2015,MHK,KS,ACE,CE,Federal Contract Tower,0,7,10,2,19,0,0,21,0,21,0,7,31,2,40,18,0,18,58
03/28/2015,MHK,KS,ACE,CE,Federal Contract Tower,0,8,5,0,13,0,0,34,0,34,0,8,39,0,47,6,0,6,53
03/29/2015,MHK,KS,ACE,CE,Federal Contract Tower,0,13,4,0,17,0,0,14,0,14,0,13,18,0,31,8,0,8,39
03/30/2015,MHK,KS,ACE,CE,Federal Contract Tower,0,10,7,1,18,0,2,10,1,13,0,12,17,2,31,8,0,8,39
03/31/2015,MHK,KS,ACE,CE,Federal Contract Tower,0,7,8,6,21,0,1,32,2,35,0,8,40,8,56,70,0,70,126
04/01/2015,MHK,KS,ACE,CE,Federal Contract Tower,0,8,12,2,22,0,0,4,2,6,0,8,16,4,28,0,0,0,28
04/02/2015,MHK,KS,ACE,CE,Federal Contract Tower,0,9,7,0,16,0,0,15,4,19,0,9,22,4,35,68,20,88,123
04/03/2015,MHK,KS,ACE,CE,Federal Contract Tower,0,9,16,0,25,0,0,9,0,9,0,9,25,0,34,18,0,18,52
04/04/2015,MHK,KS,ACE,CE,Federal Contract Tower,0,4,6,0,10,0,1,30,0,31,0,5,36,0,41,28,0,28,69
04/05/2015,MHK,KS,ACE,CE,Federal Contract Tower,0,7,5,0,12,0,0,4,0,4,0,7,9,0,16,0,0,0,16
04/06/2015,MHK,KS,ACE,CE,Federal Contract Tower,0,7,11,0,18,0,0,2,0,2,0,7,13,0,20,6,0,6,26
04/07/2015,MHK,KS,ACE,CE,Federal Contract Tower,0,6,23,4,33,0,0,19,0,19,0,6,42,4,52,38,0,38,90
04/08/2015,MHK,KS,ACE,CE,Federal Contract Tower,0,9,14,2,25,0,0,0,0,0,0,9,14,2,25,0,0,0,25
04/09/2015,MHK,KS,ACE,CE,Federal Contract Tower,0,5,12,3,20,0,0,2,22,24,0,5,14,25,44,0,0,0,44
04/10/2015,MHK,KS,ACE,CE,Federal Contract Tower,0,7,8,2,17,0,0,47,1,48,0,7,55,3,65,78,0,78,143
04/11/2015,MHK,KS,ACE,CE,Federal Contract Tower,0,4,7,0,11,0,0,11,2,13,0,4,18,2,24,10,0,10,34
04/12/2015,MHK,KS,ACE,CE,Federal Contract Tower,0,11,7,0,18,0,0,12,0,12,0,11,19,0,30,14,0,14,44
04/13/2015,MHK,KS,ACE,CE,Federal Contract Tower,0,7,11,0,18,0,2,15,4,21,0,9,26,4,39,4,14,18,57
04/14/2015,MHK,KS,ACE,CE,Federal Contract Tower,0,9,5,1,15,0,0,37,3,40,0,9,42,4,55,66,12,78,133
04/15/2015,MHK,KS,ACE,CE,Federal Contract Tower,0,7,17,0,24,0,0,12,6,18,0,7,29,6,42,6,4,10,52
04/16/2015,MHK,KS,ACE,CE,Federal Contract Tower,0,11,5,0,16,0,0,33,0,33,0,11,38,0,49,52,0,52,101
04/17/2015,MHK,KS,ACE,CE,Federal Contract Tower,0,9,19,4,32,0,0,15,4,19,0,9,34,8,51,38,0,38,89
04/18/2015,MHK,KS,ACE,CE,Federal Contract Tower,0,5,3,0,8,0,0,5,1,6,0,5,8,1,14,20,0,20,34
04/19/2015,MHK,KS,ACE,CE,Federal Contract Tower,0,14,2,0,16,0,0,11,1,12,0,14,13,1,28,20,0,20,48
04/20/2015,MHK,KS,ACE,CE,Federal Contract Tower,0,7,7,0,14,0,0,18,4,22,0,7,25,4,36,6,0,6,42
04/21/2015,MHK,KS,ACE,CE,Federal Contract Tower,0,12,11,2,25,0,2,37,4,43,0,14,48,6,68,62,0,62,130
04/22/2015,MHK,KS,ACE,CE,Federal Contract Tower,0,7,27,2,36,0,2,32,8,42,0,9,59,10,78,8,2,10,88
04/23/2015,MHK,KS,ACE,CE,Federal Contract Tower,0,8,18,0,26,0,0,7,2,9,0,8,25,2,35,23,0,23,58
04/24/2015,MHK,KS,ACE,CE,Federal Contract Tower,0,7,12,4,23,0,0,3,0,3,0,7,15,4,26,12,0,12,38
04/25/2015,MHK,KS,ACE,CE,Federal Contract Tower,0,6,4,0,10,0,0,6,0,6,0,6,10,0,16,44,0,44,60
04/26/2015,MHK,KS,ACE,CE,Federal Contract Tower,0,8,10,0,18,0,0,6,0,6,0,8,16,0,24,12,0,12,36
04/27/2015,MHK,KS,ACE,CE,Federal Contract Tower,0,6,8,4,18,0,2,19,2,23,0,8,27,6,41,40,0,40,81
04/28/2015,MHK,KS,ACE,CE,Federal Contract Tower,2,7,11,5,25,0,0,42,13,55,2,7,53,18,80,54,8,62,142
04/29/2015,MHK,KS,ACE,CE,Federal Contract Tower,0,11,8,4,23,0,0,43,4,47,0,11,51,8,70,100,4,104,174
04/30/2015,MHK,KS,ACE,CE,Federal Contract Tower,0,7,5,5,17,0,4,32,1,37,0,11,37,6,54,58,0,58,112
05/01/2015,MHK,KS,ACE,CE,Federal Contract Tower,0,9,12,2,23,0,2,29,4,35,0,11,41,6,58,40,0,40,98
05/02/2015,MHK,KS,ACE,CE,Federal Contract Tower,0,6,3,0,9,0,0,16,0,16,0,6,19,0,25,4,0,4,29
05/03/2015,MHK,KS,ACE,CE,Federal Contract Tower,0,7,3,0,10,0,0,21,0,21,0,7,24,0,31,8,0,8,39
05/04/2015,MHK,KS,ACE,CE,Federal Contract Tower,0,5,6,0,11,0,0,5,0,5,0,5,11,0,16,12,0,12,28
05/05/2015,MHK,KS,ACE,CE,Federal Contract Tower,0,8,11,0,19,0,2,21,7,30,0,10,32,7,49,34,22,56,105
05/06/2015,MHK,KS,ACE,CE,Federal Contract Tower,0,7,7,2,16,0,0,5,0,5,0,7,12,2,21,4,0,4,25
05/07/2015,MHK,KS,ACE,CE,Federal Contract Tower,0,9,0,0,9,0,0,4,4,8,0,9,4,4,17,36,6,42,59
05/08/2015,MHK,KS,ACE,CE,Federal Contract Tower,0,6,13,2,21,0,0,5,2,7,0,6,18,4,28,22,0,22,50
05/09/2015,MHK,KS,ACE,CE,Federal Contract Tower,0,7,2,0,9,0,0,6,2,8,0,7,8,2,17,50,0,50,67
05/10/2015,MHK,KS,ACE,CE,Federal Contract Tower,0,5,2,0,7,0,0,5,0,5,0,5,7,0,12,12,0,12,24
05/11/2015,MHK,KS,ACE,CE,Federal Contract Tower,0,10,16,0,26,0,0,22,8,30,0,10,38,8,56,4,24,28,84
05/12/2015,MHK,KS,ACE,CE,Federal Contract Tower,0,7,9,2,18,0,0,64,2,66,0,7,73,4,84,98,8,106,190
05/13/2015,MHK,KS,ACE,CE,Federal Contract Tower,0,10,4,2,16,0,2,8,0,10,0,12,12,2,26,12,0,12,38
05/14/2015,MHK,KS,ACE,CE,Federal Contract Tower,0,12,9,5,26,0,0,8,5,13,0,12,17,10,39,6,12,18,57
05/15/2015,MHK,KS,ACE,CE,Federal Contract Tower,0,10,14,0,24,0,0,11,2,13,0,10,25,2,37,24,0,24,61
05/16/2015,MHK,KS,ACE,CE,Federal Contract Tower,0,9,3,0,12,0,0,0,0,0,0,9,3,0,12,0,0,0,12
05/17/2015,MHK,KS,ACE,CE,Federal Contract Tower,0,12,7,0,19,0,0,14,0,14,0,12,21,0,33,12,0,12,45
05/18/2015,MHK,KS,ACE,CE,Federal Contract Tower,0,9,18,0,27,0,0,33,6,39,0,9,51,6,66,36,2,38,104
05/19/2015,MHK,KS,ACE,CE,Federal Contract Tower,0,9,10,2,21,0,0,33,1,34,0,9,43,3,55,44,0,44,99
05/20/2015,MHK,KS,ACE,CE,Federal Contract Tower,0,7,15,3,25,0,0,6,3,9,0,7,21,6,34,48,8,56,90
05/21/2015,MHK,KS,ACE,CE,Federal Contract Tower,0,9,7,0,16,0,0,35,0,35,0,9,42,0,51,28,0,28,79
05/22/2015,MHK,KS,ACE,CE,Federal Contract Tower,0,7,17,5,29,0,0,24,10,34,0,7,41,15,63,46,0,46,109
05/23/2015,MHK,KS,ACE,CE,Federal Contract Tower,0,8,0,0,8,0,0,1,4,5,0,8,1,4,13,16,0,16,29
05/24/2015,MHK,KS,ACE,CE,Federal Contract Tower,0,8,0,0,8,0,0,9,9,18,0,8,9,9,26,62,0,62,88
05/25/2015,MHK,KS,ACE,CE,Federal Contract Tower,0,8,5,0,13,0,0,8,0,8,0,8,13,0,21,4,0,4,25
05/26/2015,MHK,KS,ACE,CE,Federal Contract Tower,0,7,7,1,15,0,0,22,1,23,0,7,29,2,38,30,0,30,68
05/27/2015,MHK,KS,ACE,CE,Federal Contract Tower,0,7,15,6,28,0,4,36,4,44,0,11,51,10,72,56,8,64,136
05/28/2015,MHK,KS,ACE,CE,Federal Contract Tower,0,7,9,0,16,0,0,24,4,28,0,7,33,4,44,64,0,64,108
05/29/2015,MHK,KS,ACE,CE,Federal Contract Tower,0,6,8,0,14,0,0,10,0,10,0,6,18,0,24,12,0,12,36
05/30/2015,MHK,KS,ACE,CE,Federal Contract Tower,0,15,6,0,21,0,0,18,0,18,0,15,24,0,39,24,0,24,63
05/31/2015,MHK,KS,ACE,CE,Federal Contract Tower,0,8,12,0,20,0,0,58,0,58,0,8,70,0,78,132,0,132,210
06/01/2015,MHK,KS,ACE,CE,Federal Contract Tower,0,7,9,0,16,0,0,23,0,23,0,7,32,0,39,34,0,34,73
06/02/2015,MHK,KS,ACE,CE,Federal Contract Tower,0,8,14,0,22,0,0,39,2,41,0,8,53,2,63,52,2,54,117
06/03/2015,MHK,KS,ACE,CE,Federal Contract Tower,0,8,17,4,29,0,0,16,2,18,0,8,33,6,47,46,12,58,105
06/04/2015,MHK,KS,ACE,CE,Federal Contract Tower,0,6,7,0,13,0,0,8,0,8,0,6,15,0,21,0,2,2,23
06/05/2015,MHK,KS,ACE,CE,Federal Contract Tower,0,7,7,4,18,0,0,27,0,27,0,7,34,4,45,72,0,72,117
06/06/2015,MHK,KS,ACE,CE,Federal Contract Tower,0,6,4,0,10,0,0,25,0,25,0,6,29,0,35,36,0,36,71
06/07/2015,MHK,KS,ACE,CE,Federal Contract Tower,0,6,3,0,9,0,0,20,0,20,0,6,23,0,29,32,0,32,61
06/08/2015,MHK,KS,ACE,CE,Federal Contract Tower,0,8,6,2,16,0,1,46,0,47,0,9,52,2,63,34,0,34,97
06/09/2015,MHK,KS,ACE,CE,Federal Contract Tower,0,6,20,2,28,0,0,38,0,38,0,6,58,2,66,88,6,94,160
06/10/2015,MHK,KS,ACE,CE,Federal Contract Tower,0,5,21,4,30,0,0,41,2,43,0,5,62,6,73,82,10,92,165
06/11/2015,MHK,KS,ACE,CE,Federal Contract Tower,0,8,18,0,26,0,0,17,0,17,0,8,35,0,43,32,0,32,75
06/12/2015,MHK,KS,ACE,CE,Federal Contract Tower,0,6,4,0,10,0,0,7,0,7,0,6,11,0,17,0,0,0,17
06/13/2015,MHK,KS,ACE,CE,Federal Contract Tower,0,9,3,0,12,0,0,4,0,4,0,9,7,0,16,0,0,0,16
06/14/2015,MHK,KS,ACE,CE,Federal Contract Tower,0,6,10,0,16,0,0,13,0,13,0,6,23,0,29,22,0,22,51
06/15/2015,MHK,KS,ACE,CE,Federal Contract Tower,0,5,4,0,9,0,0,9,0,9,0,5,13,0,18,0,0,0,18
06/16/2015,MHK,KS,ACE,CE,Federal Contract Tower,0,8,8,8,24,0,2,30,14,46,0,10,38,22,70,44,60,104,174
06/17/2015,MHK,KS,ACE,CE,Federal Contract Tower,0,14,13,5,32,0,0,14,4,18,0,14,27,9,50,40,0,40,90
06/18/2015,MHK,KS,ACE,CE,Federal Contract Tower,0,7,13,0,20,0,0,17,0,17,0,7,30,0,37,6,0,6,43
06/19/2015,MHK,KS,ACE,CE,Federal Contract Tower,0,6,5,0,11,0,0,38,0,38,0,6,43,0,49,74,0,74,123
06/20/2015,MHK,KS,ACE,CE,Federal Contract Tower,0,6,6,0,12,0,0,27,0,27,0,6,33,0,39,8,0,8,47
06/21/2015,MHK,KS,ACE,CE,Federal Contract Tower,0,7,5,0,12,0,0,14,0,14,0,7,19,0,26,8,0,8,34
06/22/2015,MHK,KS,ACE,CE,Federal Contract Tower,0,6,3,0,9,0,0,24,3,27,0,6,27,3,36,8,0,8,44
06/23/2015,MHK,KS,ACE,CE,Federal Contract Tower,0,6,7,4,17,0,2,21,4,27,0,8,28,8,44,24,26,50,94
06/24/2015,MHK,KS,ACE,CE,Federal Contract Tower,0,6,16,4,26,0,0,10,0,10,0,6,26,4,36,0,0,0,36
06/25/2015,MHK,KS,ACE,CE,Federal Contract Tower,0,11,8,2,21,0,4,14,16,34,0,15,22,18,55,34,20,54,109
06/26/2015,MHK,KS,ACE,CE,Federal Contract Tower,0,6,9,0,15,0,0,16,0,16,0,6,25,0,31,52,0,52,83
06/27/2015,MHK,KS,ACE,CE,Federal Contract Tower,0,9,6,0,15,0,4,26,0,30,0,13,32,0,45,8,0,8,53
06/28/2015,MHK,KS,ACE,CE,Federal Contract Tower,0,9,12,0,21,0,0,25,0,25,0,9,37,0,46,28,0,28,74
06/29/2015,MHK,KS,ACE,CE,Federal Contract Tower,0,6,7,1,14,0,2,33,0,35,0,8,40,1,49,0,0,0,49
06/30/2015,MHK,KS,ACE,CE,Federal Contract Tower,0,4,5,2,11,0,0,21,2,23,0,4,26,4,34,18,0,18,52
07/01/2015,MHK,KS,ACE,CE,Federal Contract Tower,0,6,11,0,17,0,4,20,4,28,0,10,31,4,45,34,0,34,79
07/02/2015,MHK,KS,ACE,CE,Federal Contract Tower,0,6,5,0,11,0,0,5,0,5,0,6,10,0,16,0,0,0,16
07/03/2015,MHK,KS,ACE,CE,Federal Contract Tower,0,4,6,0,10,0,0,27,0,27,0,4,33,0,37,56,0,56,93
07/04/2015,MHK,KS,ACE,CE,Federal Contract Tower,0,4,9,0,13,0,0,47,0,47,0,4,56,0,60,18,0,18,78
07/05/2015,MHK,KS,ACE,CE,Federal Contract Tower,0,6,6,0,12,0,0,25,0,25,0,6,31,0,37,0,0,0,37
07/06/2015,MHK,KS,ACE,CE,Federal Contract Tower,0,5,4,0,9,0,0,13,2,15,0,5,17,2,24,0,0,0,24
07/07/2015,MHK,KS,ACE,CE,Federal Contract Tower,0,6,5,4,15,0,0,21,4,25,0,6,26,8,40,36,4,40,80
07/08/2015,MHK,KS,ACE,CE,Federal Contract Tower,0,7,17,2,26,0,0,12,0,12,0,7,29,2,38,2,0,2,40
07/09/2015,MHK,KS,ACE,CE,Federal Contract Tower,0,6,8,0,14,0,0,10,0,10,0,6,18,0,24,0,0,0,24
07/10/2015,MHK,KS,ACE,CE,Federal Contract Tower,0,8,7,0,15,0,0,4,0,4,0,8,11,0,19,16,0,16,35
07/11/2015,MHK,KS,ACE,CE,Federal Contract Tower,0,6,3,0,9,0,0,28,0,28,0,6,31,0,37,4,0,4,41
07/12/2015,MHK,KS,ACE,CE,Federal Contract Tower,0,6,10,0,16,0,0,23,0,23,0,6,33,0,39,30,0,30,69
07/13/2015,MHK,KS,ACE,CE,Federal Contract Tower,0,7,3,2,12,0,0,19,0,19,0,7,22,2,31,14,0,14,45
07/14/2015,MHK,KS,ACE,CE,Federal Contract Tower,0,6,16,0,22,0,0,18,2,20,0,6,34,2,42,12,14,26,68
07/15/2015,MHK,KS,ACE,CE,Federal Contract Tower,2,6,19,2,29,0,0,14,0,14,2,6,33,2,43,2,0,2,45
07/16/2015,MHK,KS,ACE,CE,Federal Contract Tower,0,6,16,4,26,0,0,23,0,23,0,6,39,4,49,10,0,10,59
07/17/2015,MHK,KS,ACE,CE,Federal Contract Tower,0,7,9,3,19,0,2,25,5,32,0,9,34,8,51,2,2,4,55
07/18/2015,MHK,KS,ACE,CE,Federal Contract Tower,0,7,5,0,12,0,0,24,0,24,0,7,29,0,36,36,0,36,72
07/19/2015,MHK,KS,ACE,CE,Federal Contract Tower,0,6,11,1,18,0,0,17,0,17,0,6,28,1,35,40,0,40,75
07/20/2015,MHK,KS,ACE,CE,Federal Contract Tower,0,7,5,0,12,0,0,17,0,17,0,7,22,0,29,22,0,22,51
07/21/2015,MHK,KS,ACE,CE,Federal Contract Tower,0,6,14,0,20,0,4,27,2,33,0,10,41,2,53,4,0,4,57
07/22/2015,MHK,KS,ACE,CE,Federal Contract Tower,0,6,23,4,33,0,0,28,4,32,0,6,51,8,65,30,0,30,95
07/23/2015,MHK,KS,ACE,CE,Federal Contract Tower,0,5,11,0,16,0,0,31,4,35,0,5,42,4,51,34,14,48,99
07/24/2015,MHK,KS,ACE,CE,Federal Contract Tower,0,6,9,2,17,0,0,31,2,33,0,6,40,4,50,10,0,10,60
07/25/2015,MHK,KS,ACE,CE,Federal Contract Tower,0,6,2,0,8,0,0,20,0,20,0,6,22,0,28,16,0,16,44
07/26/2015,MHK,KS,ACE,CE,Federal Contract Tower,0,6,10,0,16,0,0,17,1,18,0,6,27,1,34,10,0,10,44
07/27/2015,MHK,KS,ACE,CE,Federal Contract Tower,0,10,1,4,15,0,0,14,0,14,0,10,15,4,29,0,0,0,29
07/28/2015,MHK,KS,ACE,CE,Federal Contract Tower,0,7,10,2,19,0,1,7,7,15,0,8,17,9,34,0,0,0,34
07/29/2015,MHK,KS,ACE,CE,Federal Contract Tower,0,11,8,0,19,0,0,12,0,12,0,11,20,0,31,0,0,0,31
07/30/2015,MHK,KS,ACE,CE,Federal Contract Tower,0,8,16,0,24,0,0,32,0,32,0,8,48,0,56,20,0,20,76
07/31/2015,MHK,KS,ACE,CE,Federal Contract Tower,0,6,12,2,20,0,0,36,0,36,0,6,48,2,56,22,0,22,78
08/01/2015,MHK,KS,ACE,CE,Federal Contract Tower,0,8,1,0,9,0,0,25,0,25,0,8,26,0,34,38,0,38,72
08/02/2015,MHK,KS,ACE,CE,Federal Contract Tower,0,10,8,0,18,0,0,34,5,39,0,10,42,5,57,8,0,8,65
08/03/2015,MHK,KS,ACE,CE,Federal Contract Tower,0,7,10,0,17,0,0,15,0,15,0,7,25,0,32,0,0,0,32
08/04/2015,MHK,KS,ACE,CE,Federal Contract Tower,0,8,3,0,11,0,0,16,1,17,0,8,19,1,28,4,12,16,44
08/05/2015,MHK,KS,ACE,CE,Federal Contract Tower,0,6,3,0,9,0,0,5,2,7,0,6,8,2,16,0,10,10,26
08/06/2015,MHK,KS,ACE,CE,Federal Contract Tower,0,7,9,2,18,0,0,9,3,12,0,7,18,5,30,2,10,12,42
08/07/2015,MHK,KS,ACE,CE,Federal Contract Tower,0,6,8,2,16,0,0,23,0,23,0,6,31,2,39,36,0,36,75
08/08/2015,MHK,KS,ACE,CE,Federal Contract Tower,0,7,7,0,14,0,1,60,0,61,0,8,67,0,75,50,0,50,125
08/09/2015,MHK,KS,ACE,CE,Federal Contract Tower,0,10,4,0,14,0,0,10,0,10,0,10,14,0,24,6,0,6,30
08/10/2015,MHK,KS,ACE,CE,Federal Contract Tower,0,9,7,1,17,0,0,15,1,16,0,9,22,2,33,22,0,22,55
08/11/2015,MHK,KS,ACE,CE,Federal Contract Tower,0,6,4,0,10,0,0,23,7,30,0,6,27,7,40,36,0,36,76
08/12/2015,MHK,KS,ACE,CE,Federal Contract Tower,0,8,9,0,17,0,0,25,0,25,0,8,34,0,42,34,0,34,76
08/13/2015,MHK,KS,ACE,CE,Federal Contract Tower,0,10,18,0,28,0,2,38,2,42,0,12,56,2,70,40,0,40,110
08/14/2015,MHK,KS,ACE,CE,Federal Contract Tower,0,6,12,0,18,0,0,23,0,23,0,6,35,0,41,30,0,30,71
08/15/2015,MHK,KS,ACE,CE,Federal Contract Tower,0,7,5,0,12,0,0,25,0,25,0,7,30,0,37,4,0,4,41
08/16/2015,MHK,KS,ACE,CE,Federal Contract Tower,0,6,6,0,12,0,0,25,0,25,0,6,31,0,37,10,0,10,47
08/17/2015,MHK,KS,ACE,CE,Federal Contract Tower,0,5,6,0,11,0,0,20,0,20,0,5,26,0,31,0,0,0,31
08/18/2015,MHK,KS,ACE,CE,Federal Contract Tower,0,6,12,0,18,0,0,4,0,4,0,6,16,0,22,12,0,12,34
08/19/2015,MHK,KS,ACE,CE,Federal Contract Tower,0,6,6,2,14,0,0,17,0,17,0,6,23,2,31,16,0,16,47
08/20/2015,MHK,KS,ACE,CE,Federal Contract Tower,0,6,9,2,17,0,0,8,1,9,0,6,17,3,26,0,0,0,26
08/21/2015,MHK,KS,ACE,CE,Federal Contract Tower,0,7,14,4,25,0,0,19,3,22,0,7,33,7,47,28,6,34,81
08/22/2015,MHK,KS,ACE,CE,Federal Contract Tower,0,6,5,0,11,0,0,16,0,16,0,6,21,0,27,26,0,26,53
08/23/2015,MHK,KS,ACE,CE,Federal Contract Tower,0,9,12,0,21,0,0,22,0,22,0,9,34,0,43,52,0,52,95
08/24/2015,MHK,KS,ACE,CE,Federal Contract Tower,0,6,5,0,11,0,2,35,12,49,0,8,40,12,60,26,10,36,96
08/25/2015,MHK,KS,ACE,CE,Federal Contract Tower,0,6,16,0,22,0,0,31,4,35,0,6,47,4,57,30,2,32,89
08/26/2015,MHK,KS,ACE,CE,Federal Contract Tower,0,10,5,10,25,0,0,44,14,58,0,10,49,24,83,86,44,130,213
08/27/2015,MHK,KS,ACE,CE,Federal Contract Tower,0,6,4,6,16,0,0,15,2,17,0,6,19,8,33,0,30,30,63
08/28/2015,MHK,KS,ACE,CE,Federal Contract Tower,0,6,7,0,13,0,0,19,4,23,0,6,26,4,36,42,4,46,82
08/29/2015,MHK,KS,ACE,CE,Federal Contract Tower,0,6,14,3,23,0,0,30,0,30,0,6,44,3,53,142,0,142,195
08/30/2015,MHK,KS,ACE,CE,Federal Contract Tower,0,6,11,0,17,0,0,27,0,27,0,6,38,0,44,54,0,54,98
08/31/2015,MHK,KS,ACE,CE,Federal Contract Tower,0,8,13,4,25,0,2,17,0,19,0,10,30,4,44,8,0,8,52
09/01/2015,MHK,KS,ACE,CE,Federal Contract Tower,0,8,12,3,23,0,0,33,3,36,0,8,45,6,59,24,2,26,85
09/02/2015,MHK,KS,ACE,CE,Federal Contract Tower,0,8,12,3,23,0,1,24,2,27,0,9,36,5,50,70,0,70,120
09/03/2015,MHK,KS,ACE,CE,Federal Contract Tower,0,6,6,0,12,0,0,28,0,28,0,6,34,0,40,44,0,44,84
09/04/2015,MHK,KS,ACE,CE,Federal Contract Tower,2,7,10,0,19,0,0,31,0,31,2,7,41,0,50,26,0,26,76
09/05/2015,MHK,KS,ACE,CE,Federal Contract Tower,0,6,19,0,25,0,0,35,0,35,0,6,54,0,60,46,0,46,106
09/06/2015,MHK,KS,ACE,CE,Federal Contract Tower,0,4,9,0,13,0,0,27,0,27,0,4,36,0,40,22,0,22,62
09/07/2015,MHK,KS,ACE,CE,Federal Contract Tower,0,7,0,0,7,0,0,20,0,20,0,7,20,0,27,64,0,64,91
09/08/2015,MHK,KS,ACE,CE,Federal Contract Tower,0,6,7,1,14,0,0,17,3,20,0,6,24,4,34,60,8,68,102
09/09/2015,MHK,KS,ACE,CE,Federal Contract Tower,0,8,13,1,22,0,1,34,3,38,0,9,47,4,60,56,4,60,120
09/10/2015,MHK,KS,ACE,CE,Federal Contract Tower,0,12,7,0,19,0,0,12,4,16,0,12,19,4,35,26,0,26,61
09/11/2015,MHK,KS,ACE,CE,Federal Contract Tower,2,7,12,12,33,0,0,28,5,33,2,7,40,17,66,54,2,56,122
09/12/2015,MHK,KS,ACE,CE,Federal Contract Tower,2,6,2,0,10,0,0,26,0,26,2,6,28,0,36,8,0,8,44
09/13/2015,MHK,KS,ACE,CE,Federal Contract Tower,0,6,11,8,25,0,0,28,0,28,0,6,39,8,53,36,0,36,89
09/14/2015,MHK,KS,ACE,CE,Federal Contract Tower,0,6,3,21,30,0,0,17,0,17,0,6,20,21,47,2,0,2,49
09/15/2015,MHK,KS,ACE,CE,Federal Contract Tower,0,8,12,20,40,0,0,20,0,20,0,8,32,20,60,14,14,28,88
09/16/2015,MHK,KS,ACE,CE,Federal Contract Tower,0,6,9,6,21,0,0,9,4,13,0,6,18,10,34,0,8,8,42
09/17/2015,MHK,KS,ACE,CE,Federal Contract Tower,0,10,7,4,21,0,0,16,0,16,0,10,23,4,37,10,0,10,47
09/18/2015,MHK,KS,ACE,CE,Federal Contract Tower,1,7,10,4,22,0,0,13,4,17,1,7,23,8,39,2,26,28,67
09/19/2015,MHK,KS,ACE,CE,Federal Contract Tower,1,10,29,0,40,0,2,44,0,46,1,12,73,0,86,56,0,56,142
09/20/2015,MHK,KS,ACE,CE,Federal Contract Tower,0,4,16,1,21,0,0,11,0,11,0,4,27,1,32,50,0,50,82
09/21/2015,MHK,KS,ACE,CE,Federal Contract Tower,0,9,16,0,25,0,0,14,2,16,0,9,30,2,41,66,0,66,107
09/22/2015,MHK,KS,ACE,CE,Federal Contract Tower,0,8,8,10,26,0,0,42,6,48,0,8,50,16,74,134,50,184,258
09/23/2015,MHK,KS,ACE,CE,Federal Contract Tower,0,8,12,6,26,0,0,26,15,41,0,8,38,21,67,142,48,190,257
09/24/2015,MHK,KS,ACE,CE,Federal Contract Tower,0,6,11,2,19,0,0,25,10,35,0,6,36,12,54,68,8,76,130
09/25/2015,MHK,KS,ACE,CE,Federal Contract Tower,0,8,10,0,18,0,0,7,0,7,0,8,17,0,25,10,0,10,35
09/26/2015,MHK,KS,ACE,CE,Federal Contract Tower,0,5,1,0,6,0,0,34,6,40,0,5,35,6,46,26,0,26,72
09/27/2015,MHK,KS,ACE,CE,Federal Contract Tower,0,6,12,0,18,0,0,26,0,26,0,6,38,0,44,14,0,14,58
09/28/2015,MHK,KS,ACE,CE,Federal Contract Tower,0,6,6,0,12,0,0,22,4,26,0,6,28,4,38,62,8,70,108
09/29/2015,MHK,KS,ACE,CE,Federal Contract Tower,0,6,9,3,18,0,0,5,1,6,0,6,14,4,24,0,0,0,24
09/30/2015,MHK,KS,ACE,CE,Federal Contract Tower,0,9,4,6,19,0,1,24,0,25,0,10,28,6,44,70,0,70,114
10/01/2015,MHK,KS,ACE,CE,Federal Contract Tower,2,11,3,4,20,0,0,16,4,20,2,11,19,8,40,28,0,28,68
10/02/2015,MHK,KS,ACE,CE,Federal Contract Tower,2,7,7,6,22,0,0,16,0,16,2,7,23,6,38,8,0,8,46
10/03/2015,MHK,KS,ACE,CE,Federal Contract Tower,1,6,2,0,9,0,0,12,0,12,1,6,14,0,21,12,0,12,33
10/04/2015,MHK,KS,ACE,CE,Federal Contract Tower,0,6,9,0,15,0,0,16,0,16,0,6,25,0,31,4,0,4,35
10/05/2015,MHK,KS,ACE,CE,Federal Contract Tower,0,10,10,8,28,0,0,2,14,16,0,10,12,22,44,0,82,82,126
10/06/2015,MHK,KS,ACE,CE,Federal Contract Tower,0,10,8,11,29,0,0,9,7,16,0,10,17,18,45,6,50,56,101
10/07/2015,MHK,KS,ACE,CE,Federal Contract Tower,0,8,6,8,22,0,2,15,8,25,0,10,21,16,47,26,26,52,99
10/08/2015,MHK,KS,ACE,CE,Federal Contract Tower,0,10,6,8,24,0,0,22,4,26,0,10,28,12,50,48,10,58,108
10/09/2015,MHK,KS,ACE,CE,Federal Contract Tower,0,9,26,0,35,0,0,36,2,38,0,9,62,2,73,28,0,28,101
10/10/2015,MHK,KS,ACE,CE,Federal Contract Tower,2,10,20,0,32,0,0,38,0,38,2,10,58,0,70,6,0,6,76
10/11/2015,MHK,KS,ACE,CE,Federal Contract Tower,0,10,20,0,30,0,0,26,0,26,0,10,46,0,56,16,0,16,72
10/12/2015,MHK,KS,ACE,CE,Federal Contract Tower,0,9,9,0,18,0,0,17,0,17,0,9,26,0,35,12,0,12,47
10/13/2015,MHK,KS,ACE,CE,Federal Contract Tower,0,6,3,4,13,0,2,15,2,19,0,8,18,6,32,28,18,46,78
10/14/2015,MHK,KS,ACE,CE,Federal Contract Tower,0,10,7,9,26,0,0,23,8,31,0,10,30,17,57,44,10,54,111
10/15/2015,MHK,KS,ACE,CE,Federal Contract Tower,0,8,7,0,15,0,0,23,0,23,0,8,30,0,38,22,0,22,60
10/16/2015,MHK,KS,ACE,CE,Federal Contract Tower,0,8,11,4,23,0,0,27,0,27,0,8,38,4,50,58,0,58,108
10/17/2015,MHK,KS,ACE,CE,Federal Contract Tower,3,5,58,0,66,0,0,29,2,31,3,5,87,2,97,4,0,4,101
10/18/2015,MHK,KS,ACE,CE,Federal Contract Tower,0,9,12,0,21,0,0,12,0,12,0,9,24,0,33,0,0,0,33
10/19/2015,MHK,KS,ACE,CE,Federal Contract Tower,0,6,4,6,16,0,0,0,0,0,0,6,4,6,16,0,0,0,16
10/20/2015,MHK,KS,ACE,CE,Federal Contract Tower,0,6,12,6,24,0,0,14,0,14,0,6,26,6,38,4,0,4,42
10/21/2015,MHK,KS,ACE,CE,Federal Contract Tower,0,6,14,14,34,0,0,44,2,46,0,6,58,16,80,28,0,28,108
10/22/2015,MHK,KS,ACE,CE,Federal Contract Tower,0,6,7,13,26,0,0,12,3,15,0,6,19,16,41,26,0,26,67
10/23/2015,MHK,KS,ACE,CE,Federal Contract Tower,2,6,9,20,37,0,0,4,2,6,2,6,13,22,43,2,0,2,45
10/24/2015,MHK,KS,ACE,CE,Federal Contract Tower,2,6,0,2,10,0,0,30,0,30,2,6,30,2,40,14,0,14,54
10/25/2015,MHK,KS,ACE,CE,Federal Contract Tower,0,7,11,0,18,0,0,24,0,24,0,7,35,0,42,16,0,16,58
10/26/2015,MHK,KS,ACE,CE,Federal Contract Tower,0,8,6,8,22,0,0,20,4,24,0,8,26,12,46,2,2,4,50
10/27/2015,MHK,KS,ACE,CE,Federal Contract Tower,0,8,17,8,33,0,0,9,0,9,0,8,26,8,42,0,0,0,42
10/28/2015,MHK,KS,ACE,CE,Federal Contract Tower,0,10,12,6,28,0,0,33,2,35,0,10,45,8,63,2,2,4,67
10/29/2015,MHK,KS,ACE,CE,Federal Contract Tower,0,7,5,4,16,0,0,31,0,31,0,7,36,4,47,20,2,22,69
10/30/2015,MHK,KS,ACE,CE,Federal Contract Tower,2,8,12,8,30,0,0,10,0,10,2,8,22,8,40,0,0,0,40
10/31/2015,MHK,KS,ACE,CE,Federal Contract Tower,0,6,2,2,10,0,0,4,0,4,0,6,6,2,14,8,0,8,22
11/01/2015,MHK,KS,ACE,CE,Federal Contract Tower,0,7,4,0,11,0,0,11,0,11,0,7,15,0,22,14,0,14,36
11/02/2015,MHK,KS,ACE,CE,Federal Contract Tower,0,6,6,8,20,0,0,27,2,29,0,6,33,10,49,32,0,32,81
11/03/2015,MHK,KS,ACE,CE,Federal Contract Tower,0,8,3,15,26,0,0,8,11,19,0,8,11,26,45,0,56,56,101
11/04/2015,MHK,KS,ACE,CE,Federal Contract Tower,2,10,11,4,27,0,0,3,0,3,2,10,14,4,30,0,0,0,30
11/05/2015,MHK,KS,ACE,CE,Federal Contract Tower,2,16,39,4,61,0,0,30,0,30,2,16,69,4,91,0,0,0,91
11/06/2015,MHK,KS,ACE,CE,Federal Contract Tower,0,10,14,0,24,0,2,18,0,20,0,12,32,0,44,10,0,10,54
11/07/2015,MHK,KS,ACE,CE,Federal Contract Tower,0,3,9,0,12,0,2,14,0,16,0,5,23,0,28,8,0,8,36
11/08/2015,MHK,KS,ACE,CE,Federal Contract Tower,0,6,4,0,10,0,0,23,0,23,0,6,27,0,33,14,0,14,47
11/09/2015,MHK,KS,ACE,CE,Federal Contract Tower,0,6,6,8,20,0,0,10,8,18,0,6,16,16,38,2,20,22,60
11/10/2015,MHK,KS,ACE,CE,Federal Contract Tower,0,7,8,6,21,0,0,8,0,8,0,7,16,6,29,10,0,10,39
11/11/2015,MHK,KS,ACE,CE,Federal Contract Tower,0,6,4,0,10,0,0,0,1,1,0,6,4,1,11,0,0,0,11
11/13/2015,MHK,KS,ACE,CE,Federal Contract Tower,2,4,4,0,10,0,0,13,0,13,2,4,17,0,23,0,0,0,23
11/14/2015,MHK,KS,ACE,CE,Federal Contract Tower,0,4,10,0,14,0,2,19,1,22,0,6,29,1,36,14,0,14,50
11/15/2015,MHK,KS,ACE,CE,Federal Contract Tower,0,6,6,0,12,0,0,5,0,5,0,6,11,0,17,0,0,0,17
11/16/2015,MHK,KS,ACE,CE,Federal Contract Tower,0,6,11,0,17,0,0,0,0,0,0,6,11,0,17,0,0,0,17
11/17/2015,MHK,KS,ACE,CE,Federal Contract Tower,0,14,9,2,25,0,2,0,2,4,0,16,9,4,29,2,2,4,33
11/18/2015,MHK,KS,ACE,CE,Federal Contract Tower,0,5,10,0,15,0,0,4,2,6,0,5,14,2,21,22,0,22,43
11/19/2015,MHK,KS,ACE,CE,Federal Contract Tower,0,8,7,0,15,0,6,23,12,41,0,14,30,12,56,10,0,10,66
11/20/2015,MHK,KS,ACE,CE,Federal Contract Tower,2,12,7,0,21,0,0,1,0,1,2,12,8,0,22,2,0,2,24
11/21/2015,MHK,KS,ACE,CE,Federal Contract Tower,2,5,20,0,27,0,0,26,0,26,2,5,46,0,53,24,0,24,77
11/22/2015,MHK,KS,ACE,CE,Federal Contract Tower,0,6,7,0,13,0,0,31,0,31,0,6,38,0,44,66,0,66,110
11/23/2015,MHK,KS,ACE,CE,Federal Contract Tower,0,6,4,4,14,0,0,20,2,22,0,6,24,6,36,12,2,14,50
11/24/2015,MHK,KS,ACE,CE,Federal Contract Tower,0,6,1,6,13,0,2,9,0,11,0,8,10,6,24,2,0,2,26
11/25/2015,MHK,KS,ACE,CE,Federal Contract Tower,2,6,8,0,16,0,0,3,2,5,2,6,11,2,21,0,0,0,21
11/26/2015,MHK,KS,ACE,CE,Federal Contract Tower,0,3,3,0,6,0,0,0,0,0,0,3,3,0,6,0,0,0,6
11/27/2015,MHK,KS,ACE,CE,Federal Contract Tower,0,8,0,0,8,0,0,0,0,0,0,8,0,0,8,0,0,0,8
11/28/2015,MHK,KS,ACE,CE,Federal Contract Tower,0,7,0,0,7,0,0,0,0,0,0,7,0,0,7,0,0,0,7
11/29/2015,MHK,KS,ACE,CE,Federal Contract Tower,0,7,1,0,8,0,0,0,0,0,0,7,1,0,8,0,0,0,8
11/30/2015,MHK,KS,ACE,CE,Federal Contract Tower,0,6,6,9,21,0,0,1,0,1,0,6,7,9,22,0,0,0,22
12/01/2015,MHK,KS,ACE,CE,Federal Contract Tower,0,7,14,0,21,0,0,8,4,12,0,7,22,4,33,2,6,8,41
12/02/2015,MHK,KS,ACE,CE,Federal Contract Tower,0,9,5,2,16,0,2,23,7,32,0,11,28,9,48,0,28,28,76
12/03/2015,MHK,KS,ACE,CE,Federal Contract Tower,0,11,1,0,12,0,4,14,1,19,0,15,15,1,31,36,0,36,67
12/04/2015,MHK,KS,ACE,CE,Federal Contract Tower,1,9,9,0,19,0,0,16,0,16,1,9,25,0,35,20,0,20,55
12/05/2015,MHK,KS,ACE,CE,Federal Contract Tower,0,11,16,0,27,0,0,18,0,18,0,11,34,0,45,4,0,4,49
12/06/2015,MHK,KS,ACE,CE,Federal Contract Tower,0,11,14,0,25,0,0,30,0,30,0,11,44,0,55,32,0,32,87
12/07/2015,MHK,KS,ACE,CE,Federal Contract Tower,0,9,6,0,15,0,0,12,0,12,0,9,18,0,27,6,0,6,33
12/08/2015,MHK,KS,ACE,CE,Federal Contract Tower,0,8,0,0,8,0,0,22,0,22,0,8,22,0,30,78,0,78,108
12/09/2015,MHK,KS,ACE,CE,Federal Contract Tower,0,7,10,1,18,0,4,30,3,37,0,11,40,4,55,107,6,113,168
12/10/2015,MHK,KS,ACE,CE,Federal Contract Tower,0,6,8,0,14,0,0,21,0,21,0,6,29,0,35,14,0,14,49
12/11/2015,MHK,KS,ACE,CE,Federal Contract Tower,0,11,4,2,17,0,0,22,1,23,0,11,26,3,40,60,0,60,100
12/12/2015,MHK,KS,ACE,CE,Federal Contract Tower,0,4,10,2,16,0,0,0,0,0,0,4,10,2,16,0,0,0,16
12/13/2015,MHK,KS,ACE,CE,Federal Contract Tower,0,10,0,0,10,0,0,0,0,0,0,10,0,0,10,0,0,0,10
12/14/2015,MHK,KS,ACE,CE,Federal Contract Tower,0,6,5,4,15,0,0,0,0,0,0,6,5,4,15,0,0,0,15
12/15/2015,MHK,KS,ACE,CE,Federal Contract Tower,0,6,5,5,16,0,2,3,2,7,0,8,8,7,23,4,12,16,39
12/16/2015,MHK,KS,ACE,CE,Federal Contract Tower,0,8,3,8,19,0,2,8,4,14,0,10,11,12,33,2,12,14,47
12/17/2015,MHK,KS,ACE,CE,Federal Contract Tower,0,6,7,3,16,0,2,12,6,20,0,8,19,9,36,36,26,62,98
12/18/2015,MHK,KS,ACE,CE,Federal Contract Tower,0,6,8,0,14,0,2,29,0,31,0,8,37,0,45,24,0,24,69
12/19/2015,MHK,KS,ACE,CE,Federal Contract Tower,0,9,4,0,13,0,0,17,0,17,0,9,21,0,30,2,0,2,32
12/20/2015,MHK,KS,ACE,CE,Federal Contract Tower,0,8,1,0,9,0,0,0,0,0,0,8,1,0,9,0,0,0,9
12/21/2015,MHK,KS,ACE,CE,Federal Contract Tower,0,6,2,0,8,0,0,2,0,2,0,6,4,0,10,0,0,0,10
12/22/2015,MHK,KS,ACE,CE,Federal Contract Tower,0,7,7,0,14,0,2,11,0,13,0,9,18,0,27,10,0,10,37
12/23/2015,MHK,KS,ACE,CE,Federal Contract Tower,0,6,6,0,12,0,0,5,0,5,0,6,11,0,17,2,0,2,19
12/24/2015,MHK,KS,ACE,CE,Federal Contract Tower,0,6,4,0,10,0,0,2,0,2,0,6,6,0,12,2,0,2,14
12/25/2015,MHK,KS,ACE,CE,Federal Contract Tower,0,8,3,0,11,0,0,2,0,2,0,8,5,0,13,0,0,0,13
12/26/2015,MHK,KS,ACE,CE,Federal Contract Tower,0,7,2,0,9,0,0,2,0,2,0,7,4,0,11,0,0,0,11
12/27/2015,MHK,KS,ACE,CE,Federal Contract Tower,0,6,1,0,7,0,0,0,0,0,0,6,1,0,7,0,0,0,7
12/28/2015,MHK,KS,ACE,CE,Federal Contract Tower,4,7,2,0,13,0,0,0,0,0,4,7,2,0,13,0,0,0,13
12/29/2015,MHK,KS,ACE,CE,Federal Contract Tower,0,9,4,0,13,0,0,13,2,15,0,9,17,2,28,46,0,46,74
12/30/2015,MHK,KS,ACE,CE,Federal Contract Tower,2,6,4,2,14,0,0,8,2,10,2,6,12,4,24,18,0,18,42
12/31/2015,MHK,KS,ACE,CE,Federal Contract Tower,0,6,3,0,9,0,0,26,0,26,0,6,29,0,35,12,0,12,47
01/01/2016,MHK,KS,ACE,CE,Federal Contract Tower,0,9,1,0,10,0,0,13,0,13,0,9,14,0,23,0,0,0,23
01/02/2016,MHK,KS,ACE,CE,Federal Contract Tower,2,10,4,2,18,0,0,17,0,17,2,10,21,2,35,24,0,24,59
01/03/2016,MHK,KS,ACE,CE,Federal Contract Tower,4,6,4,0,14,0,0,29,0,29,4,6,33,0,43,56,0,56,99
01/04/2016,MHK,KS,ACE,CE,Federal Contract Tower,0,7,2,0,9,0,0,1,0,1,0,7,3,0,10,0,0,0,10
01/05/2016,MHK,KS,ACE,CE,Federal Contract Tower,0,6,0,14,20,0,0,16,0,16,0,6,16,14,36,16,0,16,52
01/06/2016,MHK,KS,ACE,CE,Federal Contract Tower,0,8,7,2,17,0,0,0,0,0,0,8,7,2,17,0,0,0,17
01/07/2016,MHK,KS,ACE,CE,Federal Contract Tower,0,11,4,0,15,0,0,0,0,0,0,11,4,0,15,0,0,0,15
01/08/2016,MHK,KS,ACE,CE,Federal Contract Tower,0,8,4,0,12,0,0,0,0,0,0,8,4,0,12,0,0,0,12
01/09/2016,MHK,KS,ACE,CE,Federal Contract Tower,0,6,1,0,7,0,0,7,0,7,0,6,8,0,14,2,0,2,16
01/10/2016,MHK,KS,ACE,CE,Federal Contract Tower,0,8,3,0,11,0,0,15,0,15,0,8,18,0,26,14,0,14,40
01/11/2016,MHK,KS,ACE,CE,Federal Contract Tower,0,6,7,6,19,0,0,6,0,6,0,6,13,6,25,0,0,0,25
01/12/2016,MHK,KS,ACE,CE,Federal Contract Tower,0,8,5,10,23,0,0,22,0,22,0,8,27,10,45,0,0,0,45
01/13/2016,MHK,KS,ACE,CE,Federal Contract Tower,0,6,5,10,21,0,0,9,6,15,0,6,14,16,36,0,22,22,58
01/14/2016,MHK,KS,ACE,CE,Federal Contract Tower,0,6,2,7,15,0,0,14,1,15,0,6,16,8,30,0,0,0,30
01/15/2016,MHK,KS,ACE,CE,Federal Contract Tower,0,6,12,0,18,0,0,3,0,3,0,6,15,0,21,0,0,0,21
01/16/2016,MHK,KS,ACE,CE,Federal Contract Tower,0,2,7,0,9,0,0,7,0,7,0,2,14,0,16,0,0,0,16
01/17/2016,MHK,KS,ACE,CE,Federal Contract Tower,0,9,1,0,10,0,0,5,0,5,0,9,6,0,15,0,0,0,15
01/18/2016,MHK,KS,ACE,CE,Federal Contract Tower,0,9,5,0,14,0,0,20,0,20,0,9,25,0,34,4,0,4,38
01/19/2016,MHK,KS,ACE,CE,Federal Contract Tower,0,6,3,0,9,0,0,1,0,1,0,6,4,0,10,0,0,0,10
01/20/2016,MHK,KS,ACE,CE,Federal Contract Tower,0,7,6,16,29,0,0,0,4,4,0,7,6,20,33,0,18,18,51
01/21/2016,MHK,KS,ACE,CE,Federal Contract Tower,0,10,4,2,16,0,0,0,0,0,0,10,4,2,16,0,0,0,16
01/22/2016,MHK,KS,ACE,CE,Federal Contract Tower,0,5,6,0,11,0,0,0,0,0,0,5,6,0,11,0,0,0,11
01/23/2016,MHK,KS,ACE,CE,Federal Contract Tower,0,4,7,0,11,0,0,2,0,2,0,4,9,0,13,0,0,0,13
01/24/2016,MHK,KS,ACE,CE,Federal Contract Tower,0,9,4,0,13,0,0,15,0,15,0,9,19,0,28,22,0,22,50
01/25/2016,MHK,KS,ACE,CE,Federal Contract Tower,2,4,0,0,6,0,0,1,0,1,2,4,1,0,7,0,0,0,7
01/26/2016,MHK,KS,ACE,CE,Federal Contract Tower,0,6,7,10,23,0,0,9,4,13,0,6,16,14,36,0,22,22,58
01/27/2016,MHK,KS,ACE,CE,Federal Contract Tower,0,10,7,0,17,0,4,11,9,24,0,14,18,9,41,8,18,26,67
01/28/2016,MHK,KS,ACE,CE,Federal Contract Tower,0,8,3,8,19,0,0,14,12,26,0,8,17,20,45,0,0,0,45
01/29/2016,MHK,KS,ACE,CE,Federal Contract Tower,1,8,6,2,17,0,0,18,8,26,1,8,24,10,43,26,0,26,69
01/30/2016,MHK,KS,ACE,CE,Federal Contract Tower,0,3,6,0,9,0,0,21,0,21,0,3,27,0,30,0,0,0,30
01/31/2016,MHK,KS,ACE,CE,Federal Contract Tower,0,7,5,0,12,0,0,8,0,8,0,7,13,0,20,0,0,0,20
02/01/2016,MHK,KS,ACE,CE,Federal Contract Tower,0,7,2,0,9,0,0,12,7,19,0,7,14,7,28,0,38,38,66
02/02/2016,MHK,KS,ACE,CE,Federal Contract Tower,0,8,1,4,13,0,0,0,4,4,0,8,1,8,17,0,2,2,19
02/03/2016,MHK,KS,ACE,CE,Federal Contract Tower,0,9,5,0,14,0,0,11,10,21,0,9,16,10,35,2,52,54,89
02/04/2016,MHK,KS,ACE,CE,Federal Contract Tower,0,7,10,1,18,0,0,23,17,40,0,7,33,18,58,30,110,140,198
02/05/2016,MHK,KS,ACE,CE,Federal Contract Tower,0,10,0,2,12,0,0,19,2,21,0,10,19,4,33,2,0,2,35
02/06/2016,MHK,KS,ACE,CE,Federal Contract Tower,0,8,6,2,16,0,0,21,0,21,0,8,27,2,37,6,0,6,43
02/07/2016,MHK,KS,ACE,CE,Federal Contract Tower,0,8,6,0,14,0,0,13,0,13,0,8,19,0,27,2,0,2,29
02/08/2016,MHK,KS,ACE,CE,Federal Contract Tower,0,8,11,0,19,0,0,3,0,3,0,8,14,0,22,0,0,0,22
02/09/2016,MHK,KS,ACE,CE,Federal Contract Tower,2,10,6,3,21,0,0,4,7,11,2,10,10,10,32,0,12,12,44
02/10/2016,MHK,KS,ACE,CE,Federal Contract Tower,1,6,12,1,20,0,4,11,5,20,1,10,23,6,40,4,22,26,66
02/11/2016,MHK,KS,ACE,CE,Federal Contract Tower,0,8,10,0,18,0,0,10,2,12,0,8,20,2,30,14,0,14,44
02/12/2016,MHK,KS,ACE,CE,Federal Contract Tower,0,12,7,0,19,0,0,5,0,5,0,12,12,0,24,10,0,10,34
02/13/2016,MHK,KS,ACE,CE,Federal Contract Tower,0,2,5,0,7,0,0,3,0,3,0,2,8,0,10,0,0,0,10
02/14/2016,MHK,KS,ACE,CE,Federal Contract Tower,0,7,3,0,10,0,0,17,0,17,0,7,20,0,27,6,0,6,33
02/15/2016,MHK,KS,ACE,CE,Federal Contract Tower,0,8,4,0,12,0,0,16,0,16,0,8,20,0,28,22,0,22,50
02/16/2016,MHK,KS,ACE,CE,Federal Contract Tower,0,6,18,2,26,0,0,3,4,7,0,6,21,6,33,6,12,18,51
02/17/2016,MHK,KS,ACE,CE,Federal Contract Tower,0,6,34,2,42,0,2,26,4,32,0,8,60,6,74,2,26,28,102
02/18/2016,MHK,KS,ACE,CE,Federal Contract Tower,0,8,3,1,12,0,0,8,4,12,0,8,11,5,24,0,8,8,32
02/19/2016,MHK,KS,ACE,CE,Federal Contract Tower,0,8,13,2,23,0,0,23,0,23,0,8,36,2,46,8,0,8,54
02/20/2016,MHK,KS,ACE,CE,Federal Contract Tower,0,6,24,0,30,0,0,54,0,54,0,6,78,0,84,10,0,10,94
02/21/2016,MHK,KS,ACE,CE,Federal Contract Tower,2,6,7,0,15,0,0,24,0,24,2,6,31,0,39,0,0,0,39
02/22/2016,MHK,KS,ACE,CE,Federal Contract Tower,0,7,6,4,17,0,0,19,6,25,0,7,25,10,42,18,10,28,70
02/23/2016,MHK,KS,ACE,CE,Federal Contract Tower,0,9,8,0,17,0,2,24,4,30,0,11,32,4,47,2,32,34,81
02/24/2016,MHK,KS,ACE,CE,Federal Contract Tower,0,7,6,5,18,0,0,34,6,40,0,7,40,11,58,6,42,48,106
02/25/2016,MHK,KS,ACE,CE,Federal Contract Tower,0,5,4,2,11,0,0,4,3,7,0,5,8,5,18,0,16,16,34
02/26/2016,MHK,KS,ACE,CE,Federal Contract Tower,4,6,6,0,16,0,0,13,0,13,4,6,19,0,29,32,0,32,61
02/27/2016,MHK,KS,ACE,CE,Federal Contract Tower,0,6,6,0,12,0,0,6,1,7,0,6,12,1,19,0,0,0,19
02/28/2016,MHK,KS,ACE,CE,Federal Contract Tower,0,7,4,0,11,0,0,20,0,20,0,7,24,0,31,0,0,0,31
02/29/2016,MHK,KS,ACE,CE,Federal Contract Tower,0,5,5,4,14,0,0,2,0,2,0,5,7,4,16,0,0,0,16
03/01/2016,MHK,KS,ACE,CE,Federal Contract Tower,0,7,5,0,12,0,4,7,4,15,0,11,12,4,27,6,30,36,63
03/02/2016,MHK,KS,ACE,CE,Federal Contract Tower,0,6,13,3,22,0,0,2,1,3,0,6,15,4,25,0,0,0,25
03/03/2016,MHK,KS,ACE,CE,Federal Contract Tower,0,5,9,4,18,0,0,5,11,16,0,5,14,15,34,0,38,38,72
03/04/2016,MHK,KS,ACE,CE,Federal Contract Tower,2,9,5,2,18,0,0,11,0,11,2,9,16,2,29,2,0,2,31
03/05/2016,MHK,KS,ACE,CE,Federal Contract Tower,2,4,3,0,9,0,0,36,0,36,2,4,39,0,45,10,0,10,55
03/06/2016,MHK,KS,ACE,CE,Federal Contract Tower,0,6,0,0,6,0,0,4,0,4,0,6,4,0,10,0,0,0,10
03/07/2016,MHK,KS,ACE,CE,Federal Contract Tower,0,6,5,3,14,0,0,1,5,6,0,6,6,8,20,0,6,6,26
03/08/2016,MHK,KS,ACE,CE,Federal Contract Tower,0,8,0,0,8,0,0,1,5,6,0,8,1,5,14,0,10,10,24
03/09/2016,MHK,KS,ACE,CE,Federal Contract Tower,0,8,13,0,21,0,0,15,5,20,0,8,28,5,41,0,26,26,67
03/10/2016,MHK,KS,ACE,CE,Federal Contract Tower,0,5,6,1,12,0,0,15,3,18,0,5,21,4,30,26,30,56,86
03/11/2016,MHK,KS,ACE,CE,Federal Contract Tower,0,8,12,13,33,0,0,16,0,16,0,8,28,13,49,16,4,20,69
03/12/2016,MHK,KS,ACE,CE,Federal Contract Tower,0,4,6,0,10,0,0,2,0,2,0,4,8,0,12,0,0,0,12
03/13/2016,MHK,KS,ACE,CE,Federal Contract Tower,0,6,3,0,9,0,0,1,0,1,0,6,4,0,10,0,0,0,10
03/14/2016,MHK,KS,ACE,CE,Federal Contract Tower,0,7,3,1,11,0,0,9,2,11,0,7,12,3,22,24,0,24,46
03/15/2016,MHK,KS,ACE,CE,Federal Contract Tower,0,9,3,1,13,0,1,9,4,14,0,10,12,5,27,0,40,40,67
03/16/2016,MHK,KS,ACE,CE,Federal Contract Tower,2,14,4,6,26,0,2,12,7,21,2,16,16,13,47,18,0,18,65
03/17/2016,MHK,KS,ACE,CE,Federal Contract Tower,0,7,4,0,11,0,0,9,0,9,0,7,13,0,20,0,0,0,20
03/18/2016,MHK,KS,ACE,CE,Federal Contract Tower,0,7,3,0,10,0,0,8,4,12,0,7,11,4,22,0,10,10,32
03/19/2016,MHK,KS,ACE,CE,Federal Contract Tower,0,2,3,0,5,0,0,6,6,12,0,2,9,6,17,0,0,0,17
03/20/2016,MHK,KS,ACE,CE,Federal Contract Tower,0,8,2,2,12,0,0,26,0,26,0,8,28,2,38,18,0,18,56
03/21/2016,MHK,KS,ACE,CE,Federal Contract Tower,4,7,1,4,16,0,0,10,0,10,4,7,11,4,26,2,0,2,28
03/22/2016,MHK,KS,ACE,CE,Federal Contract Tower,0,8,11,0,19,0,2,14,6,22,0,10,25,6,41,10,24,34,75
03/23/2016,MHK,KS,ACE,CE,Federal Contract Tower,0,6,5,1,12,0,0,10,0,10,0,6,15,1,22,6,0,6,28
03/24/2016,MHK,KS,ACE,CE,Federal Contract Tower,0,6,3,1,10,0,0,17,0,17,0,6,20,1,27,52,0,52,79
03/25/2016,MHK,KS,ACE,CE,Federal Contract Tower,0,8,13,0,21,0,0,21,0,21,0,8,34,0,42,36,0,36,78
03/26/2016,MHK,KS,ACE,CE,Federal Contract Tower,0,4,8,0,12,0,0,3,0,3,0,4,11,0,15,0,0,0,15
03/27/2016,MHK,KS,ACE,CE,Federal Contract Tower,0,6,3,1,10,0,0,10,0,10,0,6,13,1,20,0,0,0,20
03/28/2016,MHK,KS,ACE,CE,Federal Contract Tower,0,8,4,5,17,0,0,15,0,15,0,8,19,5,32,12,0,12,44
03/29/2016,MHK,KS,ACE,CE,Federal Contract Tower,0,8,13,12,33,0,1,21,2,24,0,9,34,14,57,24,22,46,103
03/30/2016,MHK,KS,ACE,CE,Federal Contract Tower,4,10,9,2,25,0,2,19,2,23,4,12,28,4,48,86,2,88,136
03/31/2016,MHK,KS,ACE,CE,Federal Contract Tower,0,6,6,7,19,0,0,5,4,9,0,6,11,11,28,0,0,0,28
04/01/2016,MHK,KS,ACE,CE,Federal Contract Tower,0,9,4,2,15,0,1,15,3,19,0,10,19,5,34,18,10,28,62
04/02/2016,MHK,KS,ACE,CE,Federal Contract Tower,0,0,5,5,10,0,0,17,0,17,0,0,22,5,27,0,0,0,27
04/03/2016,MHK,KS,ACE,CE,Federal Contract Tower,0,7,4,0,11,0,0,11,4,15,0,7,15,4,26,24,0,24,50
04/04/2016,MHK,KS,ACE,CE,Federal Contract Tower,0,6,17,2,25,0,0,19,16,35,0,6,36,18,60,22,20,42,102
04/05/2016,MHK,KS,ACE,CE,Federal Contract Tower,1,13,10,4,28,0,0,1,6,7,1,13,11,10,35,0,0,0,35
04/06/2016,MHK,KS,ACE,CE,Federal Contract Tower,1,10,4,2,17,0,0,4,10,14,1,10,8,12,31,0,38,38,69
04/07/2016,MHK,KS,ACE,CE,Federal Contract Tower,0,15,2,4,21,0,0,8,12,20,0,15,10,16,41,0,76,76,117
04/08/2016,MHK,KS,ACE,CE,Federal Contract Tower,0,7,4,0,11,0,0,31,2,33,0,7,35,2,44,22,4,26,70
04/09/2016,MHK,KS,ACE,CE,Federal Contract Tower,0,3,5,0,8,0,0,11,0,11,0,3,16,0,19,4,0,4,23
04/10/2016,MHK,KS,ACE,CE,Federal Contract Tower,0,9,2,0,11,0,0,18,0,18,0,9,20,0,29,28,0,28,57
04/11/2016,MHK,KS,ACE,CE,Federal Contract Tower,0,7,6,0,13,0,0,8,5,13,0,7,14,5,26,20,0,20,46
04/12/2016,MHK,KS,ACE,CE,Federal Contract Tower,0,7,13,1,21,0,0,26,1,27,0,7,39,2,48,30,0,30,78
04/13/2016,MHK,KS,ACE,CE,Federal Contract Tower,0,7,9,3,19,0,0,28,16,44,0,7,37,19,63,38,32,70,133
04/14/2016,MHK,KS,ACE,CE,Federal Contract Tower,0,11,7,0,18,0,0,22,0,22,0,11,29,0,40,28,26,54,94
04/15/2016,MHK,KS,ACE,CE,Federal Contract Tower,0,12,16,1,29,0,2,26,1,29,0,14,42,2,58,16,0,16,74
04/16/2016,MHK,KS,ACE,CE,Federal Contract Tower,0,4,1,0,5,0,0,4,0,4,0,4,5,0,9,0,0,0,9
04/17/2016,MHK,KS,ACE,CE,Federal Contract Tower,0,5,4,1,10,0,0,1,0,1,0,5,5,1,11,0,0,0,11
04/18/2016,MHK,KS,ACE,CE,Federal Contract Tower,0,12,7,0,19,0,0,16,4,20,0,12,23,4,39,24,12,36,75
04/19/2016,MHK,KS,ACE,CE,Federal Contract Tower,0,8,4,4,16,0,0,13,10,23,0,8,17,14,39,18,32,50,89
04/20/2016,MHK,KS,ACE,CE,Federal Contract Tower,0,9,11,13,33,0,0,29,2,31,0,9,40,15,64,130,10,140,204
04/21/2016,MHK,KS,ACE,CE,Federal Contract Tower,0,9,6,1,16,0,4,23,5,32,0,13,29,6,48,76,42,118,166
04/22/2016,MHK,KS,ACE,CE,Federal Contract Tower,0,9,8,2,19,0,0,45,0,45,0,9,53,2,64,54,0,54,118
04/23/2016,MHK,KS,ACE,CE,Federal Contract Tower,0,5,9,5,19,0,0,21,4,25,0,5,30,9,44,28,8,36,80
04/24/2016,MHK,KS,ACE,CE,Federal Contract Tower,0,9,3,2,14,0,0,10,0,10,0,9,13,2,24,0,0,0,24
04/25/2016,MHK,KS,ACE,CE,Federal Contract Tower,0,9,3,1,13,0,2,33,1,36,0,11,36,2,49,88,0,88,137
04/26/2016,MHK,KS,ACE,CE,Federal Contract Tower,0,5,0,2,7,0,0,7,12,19,0,5,7,14,26,0,0,0,26
04/27/2016,MHK,KS,ACE,CE,Federal Contract Tower,0,8,12,2,22,0,0,5,4,9,0,8,17,6,31,0,44,44,75
04/28/2016,MHK,KS,ACE,CE,Federal Contract Tower,0,8,12,0,20,0,1,17,2,20,0,9,29,2,40,60,32,92,132
04/29/2016,MHK,KS,ACE,CE,Federal Contract Tower,0,6,6,0,12,0,0,4,0,4,0,6,10,0,16,0,0,0,16
04/30/2016,MHK,KS,ACE,CE,Federal Contract Tower,0,3,4,0,7,0,0,5,0,5,0,3,9,0,12,8,0,8,20
05/01/2016,MHK,KS,ACE,CE,Federal Contract Tower,0,7,9,1,17,0,0,2,0,2,0,7,11,1,19,0,0,0,19
05/02/2016,MHK,KS,ACE,CE,Federal Contract Tower,0,9,7,3,19,0,0,4,0,4,0,9,11,3,23,0,0,0,23
05/03/2016,MHK,KS,ACE,CE,Federal Contract Tower,0,9,3,6,18,0,0,15,4,19,0,9,18,10,37,6,28,34,71
05/04/2016,MHK,KS,ACE,CE,Federal Contract Tower,0,20,6,6,32,0,0,26,10,36,0,20,32,16,68,24,30,54,122
05/05/2016,MHK,KS,ACE,CE,Federal Contract Tower,0,6,10,2,18,0,0,42,2,44,0,6,52,4,62,22,0,22,84
05/06/2016,MHK,KS,ACE,CE,Federal Contract Tower,0,6,10,0,16,0,0,43,5,48,0,6,53,5,64,110,0,110,174
05/07/2016,MHK,KS,ACE,CE,Federal Contract Tower,0,6,3,0,9,0,0,33,3,36,0,6,36,3,45,26,0,26,71
05/08/2016,MHK,KS,ACE,CE,Federal Contract Tower,0,7,6,0,13,0,0,1,0,1,0,7,7,0,14,0,0,0,14
05/09/2016,MHK,KS,ACE,CE,Federal Contract Tower,0,6,6,0,12,0,0,4,0,4,0,6,10,0,16,10,0,10,26
05/10/2016,MHK,KS,ACE,CE,Federal Contract Tower,0,10,9,0,19,0,2,14,8,24,0,12,23,8,43,2,42,44,87
05/11/2016,MHK,KS,ACE,CE,Federal Contract Tower,0,7,9,6,22,0,0,2,2,4,0,7,11,8,26,0,8,8,34
05/12/2016,MHK,KS,ACE,CE,Federal Contract Tower,0,7,5,2,14,0,2,31,8,41,0,9,36,10,55,14,2,16,71
05/13/2016,MHK,KS,ACE,CE,Federal Contract Tower,0,8,16,0,24,0,0,12,0,12,0,8,28,0,36,0,0,0,36
05/14/2016,MHK,KS,ACE,CE,Federal Contract Tower,0,7,10,0,17,0,0,19,1,20,0,7,29,1,37,0,0,0,37
05/15/2016,MHK,KS,ACE,CE,Federal Contract Tower,0,8,5,0,13,0,0,17,0,17,0,8,22,0,30,16,0,16,46
05/16/2016,MHK,KS,ACE,CE,Federal Contract Tower,0,10,9,0,19,0,0,0,0,0,0,10,9,0,19,0,0,0,19
05/17/2016,MHK,KS,ACE,CE,Federal Contract Tower,0,10,5,4,19,0,0,4,14,18,0,10,9,18,37,10,24,34,71
05/18/2016,MHK,KS,ACE,CE,Federal Contract Tower,0,7,23,3,33,0,0,27,0,27,0,7,50,3,60,50,0,50,110
05/19/2016,MHK,KS,ACE,CE,Federal Contract Tower,0,7,19,5,31,0,0,21,0,21,0,7,40,5,52,54,0,54,106
05/20/2016,MHK,KS,ACE,CE,Federal Contract Tower,0,17,11,0,28,0,0,6,0,6,0,17,17,0,34,0,0,0,34
05/21/2016,MHK,KS,ACE,CE,Federal Contract Tower,0,7,12,2,21,0,0,19,0,19,0,7,31,2,40,20,0,20,60
05/22/2016,MHK,KS,ACE,CE,Federal Contract Tower,0,6,9,0,15,0,0,10,2,12,0,6,19,2,27,12,0,12,39
05/23/2016,MHK,KS,ACE,CE,Federal Contract Tower,0,8,2,2,12,0,0,2,3,5,0,8,4,5,17,0,22,22,39
05/24/2016,MHK,KS,ACE,CE,Federal Contract Tower,0,16,5,2,23,0,0,3,12,15,0,16,8,14,38,0,28,28,66
05/25/2016,MHK,KS,ACE,CE,Federal Contract Tower,0,12,4,2,18,0,0,4,0,4,0,12,8,2,22,0,0,0,22
05/26/2016,MHK,KS,ACE,CE,Federal Contract Tower,0,5,3,0,8,0,0,2,0,2,0,5,5,0,10,0,0,0,10
05/27/2016,MHK,KS,ACE,CE,Federal Contract Tower,0,8,7,2,17,0,0,10,0,10,0,8,17,2,27,0,0,0,27
05/28/2016,MHK,KS,ACE,CE,Federal Contract Tower,0,6,2,0,8,0,0,19,0,19,0,6,21,0,27,46,0,46,73
05/29/2016,MHK,KS,ACE,CE,Federal Contract Tower,0,6,4,0,10,0,0,28,0,28,0,6,32,0,38,6,0,6,44
05/30/2016,MHK,KS,ACE,CE,Federal Contract Tower,0,10,3,0,13,0,0,18,0,18,0,10,21,0,31,38,0,38,69
05/31/2016,MHK,KS,ACE,CE,Federal Contract Tower,0,4,0,5,9,0,0,3,2,5,0,4,3,7,14,0,2,2,16
06/01/2016,MHK,KS,ACE,CE,Federal Contract Tower,0,9,17,5,31,0,0,15,1,16,0,9,32,6,47,6,0,6,53
06/02/2016,MHK,KS,ACE,CE,Federal Contract Tower,0,9,4,1,14,0,0,15,1,16,0,9,19,2,30,14,0,14,44
06/03/2016,MHK,KS,ACE,CE,Federal Contract Tower,0,9,13,0,22,0,0,23,0,23,0,9,36,0,45,10,0,10,55
06/04/2016,MHK,KS,ACE,CE,Federal Contract Tower,0,8,5,10,23,0,2,14,15,31,0,10,19,25,54,38,2,40,94
06/05/2016,MHK,KS,ACE,CE,Federal Contract Tower,0,8,7,1,16,0,0,21,6,27,0,8,28,7,43,38,0,38,81
06/06/2016,MHK,KS,ACE,CE,Federal Contract Tower,0,9,4,2,15,0,0,26,1,27,0,9,30,3,42,64,0,64,106
06/07/2016,MHK,KS,ACE,CE,Federal Contract Tower,0,9,4,2,15,0,2,20,2,24,0,11,24,4,39,44,0,44,83
06/08/2016,MHK,KS,ACE,CE,Federal Contract Tower,0,8,9,2,19,0,1,20,2,23,0,9,29,4,42,14,0,14,56
06/09/2016,MHK,KS,ACE,CE,Federal Contract Tower,0,16,13,2,31,0,0,24,4,28,0,16,37,6,59,24,0,24,83
06/10/2016,MHK,KS,ACE,CE,Federal Contract Tower,0,7,19,0,26,0,0,21,6,27,0,7,40,6,53,12,0,12,65
06/11/2016,MHK,KS,ACE,CE,Federal Contract Tower,0,7,5,0,12,0,0,19,3,22,0,7,24,3,34,24,0,24,58
06/12/2016,MHK,KS,ACE,CE,Federal Contract Tower,0,9,9,0,18,0,0,19,4,23,0,9,28,4,41,30,0,30,71
06/13/2016,MHK,KS,ACE,CE,Federal Contract Tower,0,7,4,0,11,0,0,8,10,18,0,7,12,10,29,0,0,0,29
06/14/2016,MHK,KS,ACE,CE,Federal Contract Tower,0,7,5,0,12,0,0,9,0,9,0,7,14,0,21,6,0,6,27
06/15/2016,MHK,KS,ACE,CE,Federal Contract Tower,0,9,10,5,24,0,0,8,5,13,0,9,18,10,37,10,0,10,47
06/16/2016,MHK,KS,ACE,CE,Federal Contract Tower,0,9,3,1,13,0,2,15,2,19,0,11,18,3,32,6,12,18,50
06/17/2016,MHK,KS,ACE,CE,Federal Contract Tower,0,9,4,0,13,0,2,12,0,14,0,11,16,0,27,0,0,0,27
06/18/2016,MHK,KS,ACE,CE,Federal Contract Tower,0,7,7,0,14,0,0,19,0,19,0,7,26,0,33,8,0,8,41
06/19/2016,MHK,KS,ACE,CE,Federal Contract Tower,0,8,6,0,14,0,0,11,0,11,0,8,17,0,25,10,0,10,35
06/20/2016,MHK,KS,ACE,CE,Federal Contract Tower,0,8,14,2,24,0,0,17,6,23,0,8,31,8,47,4,0,4,51
06/21/2016,MHK,KS,ACE,CE,Federal Contract Tower,0,8,8,4,20,0,0,22,0,22,0,8,30,4,42,12,0,12,54
06/22/2016,MHK,KS,ACE,CE,Federal Contract Tower,0,7,4,0,11,0,0,11,0,11,0,7,15,0,22,2,0,2,24
06/23/2016,MHK,KS,ACE,CE,Federal Contract Tower,0,10,15,7,32,0,0,25,5,30,0,10,40,12,62,64,14,78,140
06/24/2016,MHK,KS,ACE,CE,Federal Contract Tower,0,8,10,0,18,0,0,12,0,12,0,8,22,0,30,0,0,0,30
06/25/2016,MHK,KS,ACE,CE,Federal Contract Tower,0,7,0,0,7,0,0,4,0,4,0,7,4,0,11,0,0,0,11
06/26/2016,MHK,KS,ACE,CE,Federal Contract Tower,0,8,8,0,16,0,0,23,0,23,0,8,31,0,39,94,0,94,133
06/27/2016,MHK,KS,ACE,CE,Federal Contract Tower,0,7,9,0,16,0,0,16,0,16,0,7,25,0,32,14,0,14,46
06/28/2016,MHK,KS,ACE,CE,Federal Contract Tower,0,9,10,0,19,0,2,6,2,10,0,11,16,2,29,6,0,6,35
06/29/2016,MHK,KS,ACE,CE,Federal Contract Tower,0,7,3,2,12,0,0,12,6,18,0,7,15,8,30,12,50,62,92
06/30/2016,MHK,KS,ACE,CE,Federal Contract Tower,0,9,5,0,14,0,0,11,0,11,0,9,16,0,25,6,0,6,31
07/01/2016,MHK,KS,ACE,CE,Federal Contract Tower,0,7,4,0,11,0,0,17,0,17,0,7,21,0,28,16,0,16,44
07/02/2016,MHK,KS,ACE,CE,Federal Contract Tower,0,9,3,0,12,0,0,0,0,0,0,9,3,0,12,0,0,0,12
07/03/2016,MHK,KS,ACE,CE,Federal Contract Tower,0,5,2,0,7,0,0,1,0,1,0,5,3,0,8,0,0,0,8
07/04/2016,MHK,KS,ACE,CE,Federal Contract Tower,0,7,4,0,11,0,0,7,0,7,0,7,11,0,18,16,0,16,34
07/05/2016,MHK,KS,ACE,CE,Federal Contract Tower,0,10,7,0,17,0,0,9,2,11,0,10,16,2,28,12,0,12,40
07/06/2016,MHK,KS,ACE,CE,Federal Contract Tower,0,7,7,0,14,0,0,8,0,8,0,7,15,0,22,6,0,6,28
07/07/2016,MHK,KS,ACE,CE,Federal Contract Tower,0,9,2,3,14,0,0,9,3,12,0,9,11,6,26,4,14,18,44
07/08/2016,MHK,KS,ACE,CE,Federal Contract Tower,0,7,8,2,17,0,0,6,0,6,0,7,14,2,23,0,0,0,23
07/09/2016,MHK,KS,ACE,CE,Federal Contract Tower,0,8,3,0,11,0,2,16,0,18,0,10,19,0,29,34,0,34,63
07/10/2016,MHK,KS,ACE,CE,Federal Contract Tower,0,7,4,0,11,0,0,15,2,17,0,7,19,2,28,0,0,0,28
07/11/2016,MHK,KS,ACE,CE,Federal Contract Tower,0,7,2,0,9,0,0,8,7,15,0,7,10,7,24,4,0,4,28
07/12/2016,MHK,KS,ACE,CE,Federal Contract Tower,3,10,13,0,26,0,0,9,2,11,3,10,22,2,37,82,0,82,119
07/13/2016,MHK,KS,ACE,CE,Federal Contract Tower,0,11,1,0,12,0,0,12,2,14,0,11,13,2,26,30,0,30,56
07/14/2016,MHK,KS,ACE,CE,Federal Contract Tower,0,14,9,0,23,0,0,10,1,11,0,14,19,1,34,24,0,24,58
07/15/2016,MHK,KS,ACE,CE,Federal Contract Tower,0,7,4,0,11,0,0,16,19,35,0,7,20,19,46,72,10,82,128
07/16/2016,MHK,KS,ACE,CE,Federal Contract Tower,0,9,7,0,16,0,0,10,0,10,0,9,17,0,26,0,0,0,26
07/17/2016,MHK,KS,ACE,CE,Federal Contract Tower,0,8,3,0,11,0,0,4,0,4,0,8,7,0,15,0,0,0,15
07/18/2016,MHK,KS,ACE,CE,Federal Contract Tower,6,11,6,0,23,0,2,16,0,18,6,13,22,0,41,18,0,18,59
07/19/2016,MHK,KS,ACE,CE,Federal Contract Tower,0,8,12,0,20,0,0,17,0,17,0,8,29,0,37,2,0,2,39
07/20/2016,MHK,KS,ACE,CE,Federal Contract Tower,0,7,8,4,19,0,1,31,1,33,0,8,39,5,52,34,0,34,86
07/21/2016,MHK,KS,ACE,CE,Federal Contract Tower,0,13,5,5,23,0,0,21,2,23,0,13,26,7,46,6,0,6,52
07/22/2016,MHK,KS,ACE,CE,Federal Contract Tower,0,7,6,0,13,0,0,12,9,21,0,7,18,9,34,0,0,0,34
07/23/2016,MHK,KS,ACE,CE,Federal Contract Tower,0,7,4,2,13,0,0,15,3,18,0,7,19,5,31,2,0,2,33
07/24/2016,MHK,KS,ACE,CE,Federal Contract Tower,0,7,5,0,12,0,0,13,0,13,0,7,18,0,25,30,0,30,55
07/25/2016,MHK,KS,ACE,CE,Federal Contract Tower,0,9,8,2,19,0,0,4,1,5,0,9,12,3,24,0,0,0,24
07/26/2016,MHK,KS,ACE,CE,Federal Contract Tower,0,7,4,4,15,0,0,17,2,19,0,7,21,6,34,14,0,14,48
07/27/2016,MHK,KS,ACE,CE,Federal Contract Tower,0,6,11,0,17,0,0,19,1,20,0,6,30,1,37,12,0,12,49
07/28/2016,MHK,KS,ACE,CE,Federal Contract Tower,0,11,6,0,17,0,0,32,0,32,0,11,38,0,49,20,0,20,69
07/29/2016,MHK,KS,ACE,CE,Federal Contract Tower,0,8,5,2,15,0,0,21,1,22,0,8,26,3,37,50,0,50,87
07/30/2016,MHK,KS,ACE,CE,Federal Contract Tower,0,7,10,0,17,0,0,26,0,26,0,7,36,0,43,22,0,22,65
07/31/2016,MHK,KS,ACE,CE,Federal Contract Tower,0,7,7,0,14,0,0,9,0,9,0,7,16,0,23,20,0,20,43
08/01/2016,MHK,KS,ACE,CE,Federal Contract Tower,0,7,5,0,12,0,2,6,5,13,0,9,11,5,25,2,0,2,27
08/02/2016,MHK,KS,ACE,CE,Federal Contract Tower,0,9,3,2,14,0,0,11,0,11,0,9,14,2,25,0,0,0,25
08/03/2016,MHK,KS,ACE,CE,Federal Contract Tower,0,8,4,0,12,0,0,15,2,17,0,8,19,2,29,0,6,6,35
08/04/2016,MHK,KS,ACE,CE,Federal Contract Tower,0,6,9,2,17,0,2,24,1,27,0,8,33,3,44,8,0,8,52
08/05/2016,MHK,KS,ACE,CE,Federal Contract Tower,0,11,10,0,21,0,0,0,0,0,0,11,10,0,21,0,0,0,21
08/06/2016,MHK,KS,ACE,CE,Federal Contract Tower,0,7,11,0,18,0,0,23,0,23,0,7,34,0,41,40,0,40,81
08/07/2016,MHK,KS,ACE,CE,Federal Contract Tower,0,7,9,0,16,0,0,4,0,4,0,7,13,0,20,0,0,0,20
08/08/2016,MHK,KS,ACE,CE,Federal Contract Tower,0,6,6,0,12,0,0,1,0,1,0,6,7,0,13,0,0,0,13
08/09/2016,MHK,KS,ACE,CE,Federal Contract Tower,0,7,10,2,19,0,2,5,6,13,0,9,15,8,32,0,42,42,74
08/10/2016,MHK,KS,ACE,CE,Federal Contract Tower,0,7,5,0,12,0,0,18,2,20,0,7,23,2,32,26,0,26,58
08/11/2016,MHK,KS,ACE,CE,Federal Contract Tower,0,6,8,0,14,0,0,16,0,16,0,6,24,0,30,12,0,12,42
08/12/2016,MHK,KS,ACE,CE,Federal Contract Tower,0,5,4,0,9,0,0,2,0,2,0,5,6,0,11,0,0,0,11
08/13/2016,MHK,KS,ACE,CE,Federal Contract Tower,0,8,3,0,11,0,0,20,0,20,0,8,23,0,31,18,0,18,49
08/14/2016,MHK,KS,ACE,CE,Federal Contract Tower,0,7,7,0,14,0,0,33,0,33,0,7,40,0,47,40,0,40,87
08/15/2016,MHK,KS,ACE,CE,Federal Contract Tower,0,7,8,0,15,0,0,13,2,15,0,7,21,2,30,2,0,2,32
08/16/2016,MHK,KS,ACE,CE,Federal Contract Tower,0,7,12,2,21,0,0,11,1,12,0,7,23,3,33,14,0,14,47
08/17/2016,MHK,KS,ACE,CE,Federal Contract Tower,0,11,22,0,33,0,0,14,0,14,0,11,36,0,47,20,0,20,67
08/18/2016,MHK,KS,ACE,CE,Federal Contract Tower,0,8,10,0,18,0,0,18,1,19,0,8,28,1,37,18,0,18,55
08/19/2016,MHK,KS,ACE,CE,Federal Contract Tower,0,5,19,0,24,0,0,17,0,17,0,5,36,0,41,26,0,26,67
08/20/2016,MHK,KS,ACE,CE,Federal Contract Tower,0,6,15,0,21,0,0,19,2,21,0,6,34,2,42,8,0,8,50
08/21/2016,MHK,KS,ACE,CE,Federal Contract Tower,0,9,4,0,13,0,0,28,0,28,0,9,32,0,41,20,0,20,61
08/22/2016,MHK,KS,ACE,CE,Federal Contract Tower,0,9,23,2,34,0,0,11,0,11,0,9,34,2,45,16,0,16,61
08/23/2016,MHK,KS,ACE,CE,Federal Contract Tower,0,11,16,0,27,0,0,4,0,4,0,11,20,0,31,0,0,0,31
08/24/2016,MHK,KS,ACE,CE,Federal Contract Tower,0,9,4,1,14,0,0,9,1,10,0,9,13,2,24,18,0,18,42
08/25/2016,MHK,KS,ACE,CE,Federal Contract Tower,0,7,4,0,11,0,0,14,4,18,0,7,18,4,29,4,20,24,53
08/26/2016,MHK,KS,ACE,CE,Federal Contract Tower,0,11,9,0,20,0,0,11,0,11,0,11,20,0,31,26,0,26,57
08/27/2016,MHK,KS,ACE,CE,Federal Contract Tower,0,5,4,2,11,0,0,35,0,35,0,5,39,2,46,88,0,88,134
08/28/2016,MHK,KS,ACE,CE,Federal Contract Tower,0,9,9,0,18,0,0,38,0,38,0,9,47,0,56,34,0,34,90
08/29/2016,MHK,KS,ACE,CE,Federal Contract Tower,0,9,1,0,10,0,0,12,1,13,0,9,13,1,23,6,0,6,29
08/30/2016,MHK,KS,ACE,CE,Federal Contract Tower,0,8,6,0,14,0,0,3,2,5,0,8,9,2,19,0,0,0,19
08/31/2016,MHK,KS,ACE,CE,Federal Contract Tower,0,10,4,2,16,0,2,4,4,10,0,12,8,6,26,26,0,26,52
09/01/2016,MHK,KS,ACE,CE,Federal Contract Tower,3,11,15,0,29,0,0,23,2,25,3,11,38,2,54,56,0,56,110
09/02/2016,MHK,KS,ACE,CE,Federal Contract Tower,0,12,4,0,16,0,0,25,2,27,0,12,29,2,43,76,0,76,119
09/03/2016,MHK,KS,ACE,CE,Federal Contract Tower,2,5,0,0,7,0,0,35,0,35,2,5,35,0,42,30,0,30,72
09/04/2016,MHK,KS,ACE,CE,Federal Contract Tower,0,6,3,0,9,0,0,22,0,22,0,6,25,0,31,0,0,0,31
09/05/2016,MHK,KS,ACE,CE,Federal Contract Tower,0,8,7,0,15,0,0,22,0,22,0,8,29,0,37,26,0,26,63
09/06/2016,MHK,KS,ACE,CE,Federal Contract Tower,0,7,5,0,12,0,2,21,2,25,0,9,26,2,37,14,0,14,51
09/07/2016,MHK,KS,ACE,CE,Federal Contract Tower,0,7,5,0,12,0,0,3,5,8,0,7,8,5,20,4,34,38,58
09/08/2016,MHK,KS,ACE,CE,Federal Contract Tower,0,7,3,0,10,0,0,9,0,9,0,7,12,0,19,12,0,12,31
09/09/2016,MHK,KS,ACE,CE,Federal Contract Tower,0,7,8,0,15,0,0,11,2,13,0,7,19,2,28,58,0,58,86
09/10/2016,MHK,KS,ACE,CE,Federal Contract Tower,0,4,9,0,13,0,0,19,4,23,0,4,28,4,36,4,0,4,40
09/11/2016,MHK,KS,ACE,CE,Federal Contract Tower,2,9,8,0,19,1,0,21,2,24,3,9,29,2,43,26,0,26,69
09/12/2016,MHK,KS,ACE,CE,Federal Contract Tower,0,9,3,0,12,0,0,13,2,15,0,9,16,2,27,2,10,12,39
09/13/2016,MHK,KS,ACE,CE,Federal Contract Tower,0,8,5,2,15,0,0,1,4,5,0,8,6,6,20,0,0,0,20
09/14/2016,MHK,KS,ACE,CE,Federal Contract Tower,0,7,9,0,16,0,0,3,0,3,0,7,12,0,19,2,0,2,21
09/15/2016,MHK,KS,ACE,CE,Federal Contract Tower,0,7,6,0,13,0,4,18,4,26,0,11,24,4,39,50,14,64,103
09/16/2016,MHK,KS,ACE,CE,Federal Contract Tower,1,11,19,0,31,0,0,17,0,17,1,11,36,0,48,42,0,42,90
09/17/2016,MHK,KS,ACE,CE,Federal Contract Tower,1,6,18,0,25,0,0,54,0,54,1,6,72,0,79,22,0,22,101
09/18/2016,MHK,KS,ACE,CE,Federal Contract Tower,0,11,5,0,16,0,0,39,0,39,0,11,44,0,55,30,0,30,85
09/19/2016,MHK,KS,ACE,CE,Federal Contract Tower,0,7,14,2,23,0,0,9,1,10,0,7,23,3,33,6,2,8,41
09/20/2016,MHK,KS,ACE,CE,Federal Contract Tower,0,8,12,1,21,0,0,9,7,16,0,8,21,8,37,12,48,60,97
09/21/2016,MHK,KS,ACE,CE,Federal Contract Tower,0,10,11,0,21,0,0,13,14,27,0,10,24,14,48,0,64,64,112
09/22/2016,MHK,KS,ACE,CE,Federal Contract Tower,0,8,5,0,13,0,0,24,11,35,0,8,29,11,48,28,38,66,114
09/23/2016,MHK,KS,ACE,CE,Federal Contract Tower,0,9,8,2,19,0,0,62,0,62,0,9,70,2,81,22,0,22,103
09/24/2016,MHK,KS,ACE,CE,Federal Contract Tower,0,6,6,0,12,0,0,7,0,7,0,6,13,0,19,0,0,0,19
09/25/2016,MHK,KS,ACE,CE,Federal Contract Tower,0,11,10,0,21,0,1,35,0,36,0,12,45,0,57,52,0,52,109
09/26/2016,MHK,KS,ACE,CE,Federal Contract Tower,0,9,6,2,17,0,2,23,6,31,0,11,29,8,48,0,12,12,60
09/27/2016,MHK,KS,ACE,CE,Federal Contract Tower,0,10,6,0,16,0,0,18,0,18,0,10,24,0,34,24,0,24,58
09/28/2016,MHK,KS,ACE,CE,Federal Contract Tower,0,9,27,0,36,0,2,12,0,14,0,11,39,0,50,2,0,2,52
09/29/2016,MHK,KS,ACE,CE,Federal Contract Tower,0,13,7,1,21,0,0,35,1,36,0,13,42,2,57,34,0,34,91
09/30/2016,MHK,KS,ACE,CE,Federal Contract Tower,2,14,14,0,30,0,2,46,0,48,2,16,60,0,78,64,0,64,142
10/01/2016,MHK,KS,ACE,CE,Federal Contract Tower,0,6,8,0,14,0,0,27,0,27,0,6,35,0,41,26,0,26,67
10/02/2016,MHK,KS,ACE,CE,Federal Contract Tower,0,7,7,0,14,0,0,34,0,34,0,7,41,0,48,6,0,6,54
10/03/2016,MHK,KS,ACE,CE,Federal Contract Tower,0,16,11,0,27,0,0,10,0,10,0,16,21,0,37,4,0,4,41
10/04/2016,MHK,KS,ACE,CE,Federal Contract Tower,0,15,5,0,20,0,0,2,0,2,0,15,7,0,22,0,0,0,22
10/05/2016,MHK,KS,ACE,CE,Federal Contract Tower,0,9,15,1,25,0,0,17,1,18,0,9,32,2,43,16,0,16,59
10/06/2016,MHK,KS,ACE,CE,Federal Contract Tower,0,10,18,2,30,0,0,4,0,4,0,10,22,2,34,0,0,0,34
10/07/2016,MHK,KS,ACE,CE,Federal Contract Tower,2,12,15,6,35,0,0,51,2,53,2,12,66,8,88,108,34,142,230
10/08/2016,MHK,KS,ACE,CE,Federal Contract Tower,0,10,30,2,42,0,0,67,0,67,0,10,97,2,109,58,0,58,167
10/09/2016,MHK,KS,ACE,CE,Federal Contract Tower,0,7,10,0,17,0,0,45,0,45,0,7,55,0,62,28,0,28,90
10/10/2016,MHK,KS,ACE,CE,Federal Contract Tower,0,10,5,0,15,0,0,17,0,17,0,10,22,0,32,10,0,10,42
10/11/2016,MHK,KS,ACE,CE,Federal Contract Tower,0,9,6,0,15,0,2,24,7,33,0,11,30,7,48,62,50,112,160
10/12/2016,MHK,KS,ACE,CE,Federal Contract Tower,0,6,10,2,18,0,0,0,2,2,0,6,10,4,20,0,20,20,40
10/13/2016,MHK,KS,ACE,CE,Federal Contract Tower,0,7,3,0,10,0,0,23,0,23,0,7,26,0,33,30,0,30,63
10/14/2016,MHK,KS,ACE,CE,Federal Contract Tower,2,9,11,5,27,0,0,25,0,25,2,9,36,5,52,30,54,84,136
10/15/2016,MHK,KS,ACE,CE,Federal Contract Tower,2,7,6,0,15,0,0,13,6,19,2,7,19,6,34,0,0,0,34
10/16/2016,MHK,KS,ACE,CE,Federal Contract Tower,0,8,8,0,16,0,0,35,2,37,0,8,43,2,53,74,14,88,141
10/17/2016,MHK,KS,ACE,CE,Federal Contract Tower,0,7,5,2,14,0,0,8,2,10,0,7,13,4,24,0,8,8,32
10/18/2016,MHK,KS,ACE,CE,Federal Contract Tower,0,7,21,0,28,0,0,20,13,33,0,7,41,13,61,52,16,68,129
10/19/2016,MHK,KS,ACE,CE,Federal Contract Tower,0,7,9,0,16,0,0,27,11,38,0,7,36,11,54,50,18,68,122
10/20/2016,MHK,KS,ACE,CE,Federal Contract Tower,0,8,10,2,20,0,0,34,2,36,0,8,44,4,56,56,8,64,120
10/21/2016,MHK,KS,ACE,CE,Federal Contract Tower,2,9,12,2,25,0,2,60,0,62,2,11,72,2,87,74,0,74,161
10/22/2016,MHK,KS,ACE,CE,Federal Contract Tower,6,12,35,0,53,0,0,68,0,68,6,12,103,0,121,12,0,12,133
10/23/2016,MHK,KS,ACE,CE,Federal Contract Tower,0,7,15,0,22,0,0,50,2,52,0,7,65,2,74,56,2,58,132
10/24/2016,MHK,KS,ACE,CE,Federal Contract Tower,0,10,4,4,18,0,3,9,7,19,0,13,13,11,37,0,52,52,89
10/25/2016,MHK,KS,ACE,CE,Federal Contract Tower,0,11,10,0,21,0,0,14,12,26,0,11,24,12,47,42,58,100,147
10/26/2016,MHK,KS,ACE,CE,Federal Contract Tower,0,9,9,0,18,0,0,13,14,27,0,9,22,14,45,16,54,70,115
10/27/2016,MHK,KS,ACE,CE,Federal Contract Tower,0,7,14,6,27,0,2,34,0,36,0,9,48,6,63,46,26,72,135
10/28/2016,MHK,KS,ACE,CE,Federal Contract Tower,2,13,3,0,18,0,0,11,0,11,2,13,14,0,29,14,0,14,43
10/29/2016,MHK,KS,ACE,CE,Federal Contract Tower,2,6,11,0,19,0,0,30,0,30,2,6,41,0,49,26,0,26,75
10/30/2016,MHK,KS,ACE,CE,Federal Contract Tower,0,11,6,0,17,0,0,12,0,12,0,11,18,0,29,16,0,16,45
10/31/2016,MHK,KS,ACE,CE,Federal Contract Tower,0,8,7,0,15,0,1,2,0,3,0,9,9,0,18,0,0,0,18
11/01/2016,MHK,KS,ACE,CE,Federal Contract Tower,0,7,3,0,10,0,0,22,16,38,0,7,25,16,48,22,66,88,136
11/02/2016,MHK,KS,ACE,CE,Federal Contract Tower,0,8,8,0,16,0,0,5,6,11,0,8,13,6,27,0,10,10,37
11/03/2016,MHK,KS,ACE,CE,Federal Contract Tower,0,9,6,1,16,0,0,26,8,34,0,9,32,9,50,50,62,112,162
11/04/2016,MHK,KS,ACE,CE,Federal Contract Tower,2,13,15,0,30,0,0,58,2,60,2,13,73,2,90,50,0,50,140
11/05/2016,MHK,KS,ACE,CE,Federal Contract Tower,2,12,38,0,52,0,0,69,0,69,2,12,107,0,121,80,0,80,201
11/06/2016,MHK,KS,ACE,CE,Federal Contract Tower,0,12,8,2,22,0,0,36,0,36,0,12,44,2,58,36,0,36,94
11/07/2016,MHK,KS,ACE,CE,Federal Contract Tower,0,8,24,0,32,0,0,4,6,10,0,8,28,6,42,8,24,32,74
11/08/2016,MHK,KS,ACE,CE,Federal Contract Tower,0,7,7,2,16,0,2,16,16,34,0,9,23,18,50,6,86,92,142
11/09/2016,MHK,KS,ACE,CE,Federal Contract Tower,0,10,8,6,24,0,10,19,3,32,0,20,27,9,56,24,10,34,90
11/10/2016,MHK,KS,ACE,CE,Federal Contract Tower,0,10,14,0,24,0,0,18,0,18,0,10,32,0,42,40,0,40,82
11/11/2016,MHK,KS,ACE,CE,Federal Contract Tower,0,7,5,0,12,0,0,21,0,21,0,7,26,0,33,54,0,54,87
11/12/2016,MHK,KS,ACE,CE,Federal Contract Tower,0,6,3,0,9,0,0,36,0,36,0,6,39,0,45,82,0,82,127
11/13/2016,MHK,KS,ACE,CE,Federal Contract Tower,0,7,4,0,11,0,1,32,0,33,0,8,36,0,44,36,0,36,80
11/14/2016,MHK,KS,ACE,CE,Federal Contract Tower,0,9,11,2,22,0,0,13,7,20,0,9,24,9,42,0,20,20,62
11/15/2016,MHK,KS,ACE,CE,Federal Contract Tower,0,8,15,4,27,0,3,18,6,27,0,11,33,10,54,20,26,46,100
11/16/2016,MHK,KS,ACE,CE,Federal Contract Tower,0,13,18,0,31,0,0,24,14,38,0,13,42,14,69,2,66,68,137
11/17/2016,MHK,KS,ACE,CE,Federal Contract Tower,0,8,15,2,25,0,0,6,0,6,0,8,21,2,31,6,6,12,43
11/18/2016,MHK,KS,ACE,CE,Federal Contract Tower,2,15,5,0,22,0,6,0,0,6,2,21,5,0,28,0,0,0,28
11/19/2016,MHK,KS,ACE,CE,Federal Contract Tower,2,9,3,0,14,0,0,29,0,29,2,9,32,0,43,38,0,38,81
11/20/2016,MHK,KS,ACE,CE,Federal Contract Tower,0,10,4,0,14,0,0,10,0,10,0,10,14,0,24,44,0,44,68
11/21/2016,MHK,KS,ACE,CE,Federal Contract Tower,0,7,8,2,17,0,3,17,3,23,0,10,25,5,40,20,16,36,76
11/22/2016,MHK,KS,ACE,CE,Federal Contract Tower,0,7,10,0,17,0,0,0,2,2,0,7,10,2,19,0,12,12,31
11/23/2016,MHK,KS,ACE,CE,Federal Contract Tower,0,11,10,0,21,0,0,0,0,0,0,11,10,0,21,0,0,0,21
11/24/2016,MHK,KS,ACE,CE,Federal Contract Tower,0,3,1,0,4,0,0,4,0,4,0,3,5,0,8,0,0,0,8
11/25/2016,MHK,KS,ACE,CE,Federal Contract Tower,0,4,4,0,8,0,0,32,0,32,0,4,36,0,40,0,0,0,40
11/26/2016,MHK,KS,ACE,CE,Federal Contract Tower,0,13,31,0,44,0,0,31,0,31,0,13,62,0,75,0,0,0,75
11/27/2016,MHK,KS,ACE,CE,Federal Contract Tower,0,13,8,0,21,0,0,2,0,2,0,13,10,0,23,0,0,0,23
11/28/2016,MHK,KS,ACE,CE,Federal Contract Tower,0,9,9,0,18,0,0,7,10,17,0,9,16,10,35,0,42,42,77
11/29/2016,MHK,KS,ACE,CE,Federal Contract Tower,0,8,14,2,24,0,6,18,5,29,0,14,32,7,53,22,16,38,91
11/30/2016,MHK,KS,ACE,CE,Federal Contract Tower,0,11,7,2,20,0,0,17,2,19,0,11,24,4,39,28,0,28,67
12/01/2016,MHK,KS,ACE,CE,Federal Contract Tower,0,10,6,1,17,0,0,44,10,54,0,10,50,11,71,108,88,196,267
12/02/2016,MHK,KS,ACE,CE,Federal Contract Tower,2,12,12,0,26,0,0,32,2,34,2,12,44,2,60,28,0,28,88
12/03/2016,MHK,KS,ACE,CE,Federal Contract Tower,2,4,3,0,9,0,0,0,0,0,2,4,3,0,9,0,0,0,9
12/04/2016,MHK,KS,ACE,CE,Federal Contract Tower,0,7,3,0,10,0,0,16,0,16,0,7,19,0,26,28,0,28,54
12/05/2016,MHK,KS,ACE,CE,Federal Contract Tower,0,9,14,0,23,0,2,12,6,20,0,11,26,6,43,36,28,64,107
12/06/2016,MHK,KS,ACE,CE,Federal Contract Tower,0,9,11,0,20,0,4,12,0,16,0,13,23,0,36,6,0,6,42
12/07/2016,MHK,KS,ACE,CE,Federal Contract Tower,0,7,5,0,12,0,0,6,0,6,0,7,11,0,18,18,0,18,36
12/08/2016,MHK,KS,ACE,CE,Federal Contract Tower,0,15,10,0,25,0,2,27,2,31,0,17,37,2,56,64,24,88,144
12/09/2016,MHK,KS,ACE,CE,Federal Contract Tower,0,11,14,4,29,0,6,28,0,34,0,17,42,4,63,64,0,64,127
12/10/2016,MHK,KS,ACE,CE,Federal Contract Tower,0,6,12,0,18,0,0,18,2,20,0,6,30,2,38,2,0,2,40
12/11/2016,MHK,KS,ACE,CE,Federal Contract Tower,0,9,9,0,18,0,2,3,0,5,0,11,12,0,23,14,0,14,37
12/12/2016,MHK,KS,ACE,CE,Federal Contract Tower,0,9,6,0,15,0,0,20,0,20,0,9,26,0,35,0,0,0,35
12/13/2016,MHK,KS,ACE,CE,Federal Contract Tower,0,10,7,2,19,0,3,14,2,19,0,13,21,4,38,26,6,32,70
12/14/2016,MHK,KS,ACE,CE,Federal Contract Tower,0,5,8,0,13,0,4,20,0,24,0,9,28,0,37,74,0,74,111
12/15/2016,MHK,KS,ACE,CE,Federal Contract Tower,0,10,3,0,13,0,0,25,0,25,0,10,28,0,38,44,0,44,82
12/16/2016,MHK,KS,ACE,CE,Federal Contract Tower,0,9,3,0,12,0,0,0,0,0,0,9,3,0,12,0,0,0,12
12/17/2016,MHK,KS,ACE,CE,Federal Contract Tower,0,8,0,0,8,0,0,0,0,0,0,8,0,0,8,0,0,0,8
12/18/2016,MHK,KS,ACE,CE,Federal Contract Tower,0,8,1,0,9,0,0,1,0,1,0,8,2,0,10,0,0,0,10
12/19/2016,MHK,KS,ACE,CE,Federal Contract Tower,0,7,2,0,9,0,0,8,0,8,0,7,10,0,17,64,0,64,81
12/20/2016,MHK,KS,ACE,CE,Federal Contract Tower,0,7,3,0,10,0,0,18,0,18,0,7,21,0,28,34,0,34,62
12/21/2016,MHK,KS,ACE,CE,Federal Contract Tower,0,11,5,0,16,0,0,38,4,42,0,11,43,4,58,38,0,38,96
12/22/2016,MHK,KS,ACE,CE,Federal Contract Tower,0,14,6,0,20,0,0,14,0,14,0,14,20,0,34,12,0,12,46
12/23/2016,MHK,KS,ACE,CE,Federal Contract Tower,4,10,8,0,22,0,0,16,0,16,4,10,24,0,38,60,0,60,98
12/24/2016,MHK,KS,ACE,CE,Federal Contract Tower,0,10,5,0,15,0,0,11,0,11,0,10,16,0,26,38,0,38,64
12/25/2016,MHK,KS,ACE,CE,Federal Contract Tower,0,6,1,0,7,0,0,0,0,0,0,6,1,0,7,0,0,0,7
12/26/2016,MHK,KS,ACE,CE,Federal Contract Tower,0,9,7,0,16,0,0,17,0,17,0,9,24,0,33,16,0,16,49
12/27/2016,MHK,KS,ACE,CE,Federal Contract Tower,0,12,8,0,20,0,0,13,0,13,0,12,21,0,33,28,0,28,61
12/28/2016,MHK,KS,ACE,CE,Federal Contract Tower,0,9,1,0,10,0,2,5,8,15,0,11,6,8,25,0,0,0,25
12/29/2016,MHK,KS,ACE,CE,Federal Contract Tower,6,9,5,0,20,0,0,11,0,11,6,9,16,0,31,24,0,24,55
12/30/2016,MHK,KS,ACE,CE,Federal Contract Tower,3,10,9,0,22,0,0,21,0,21,3,10,30,0,43,26,0,26,69
12/31/2016,MHK,KS,ACE,CE,Federal Contract Tower,0,6,6,0,12,0,0,19,0,19,0,6,25,0,31,14,0,14,45
01/01/2017,MHK,KS,ACE,CE,Federal Contract Tower,0,12,0,0,12,0,0,14,0,14,0,12,14,0,26,0,0,0,26
01/02/2017,MHK,KS,ACE,CE,Federal Contract Tower,0,7,3,0,10,0,0,0,0,0,0,7,3,0,10,0,0,0,10
01/03/2017,MHK,KS,ACE,CE,Federal Contract Tower,0,14,3,2,19,0,0,11,2,13,0,14,14,4,32,6,0,6,38
01/04/2017,MHK,KS,ACE,CE,Federal Contract Tower,0,7,8,2,17,0,0,7,2,9,0,7,15,4,26,20,6,26,52
01/05/2017,MHK,KS,ACE,CE,Federal Contract Tower,0,7,5,0,12,0,0,6,4,10,0,7,11,4,22,2,16,18,40
01/06/2017,MHK,KS,ACE,CE,Federal Contract Tower,0,8,11,3,22,0,0,11,2,13,0,8,22,5,35,16,2,18,53
01/07/2017,MHK,KS,ACE,CE,Federal Contract Tower,0,11,10,0,21,0,0,16,0,16,0,11,26,0,37,36,0,36,73
01/08/2017,MHK,KS,ACE,CE,Federal Contract Tower,0,7,1,0,8,0,0,10,0,10,0,7,11,0,18,32,0,32,50
01/09/2017,MHK,KS,ACE,CE,Federal Contract Tower,0,11,12,2,25,0,0,14,0,14,0,11,26,2,39,10,0,10,49
01/10/2017,MHK,KS,ACE,CE,Federal Contract Tower,0,5,6,1,12,0,0,9,0,9,0,5,15,1,21,12,0,12,33
01/11/2017,MHK,KS,ACE,CE,Federal Contract Tower,0,6,10,0,16,0,4,13,2,19,0,10,23,2,35,26,12,38,73
01/12/2017,MHK,KS,ACE,CE,Federal Contract Tower,0,9,4,9,22,0,0,14,4,18,0,9,18,13,40,12,6,18,58
01/13/2017,MHK,KS,ACE,CE,Federal Contract Tower,6,9,7,2,24,0,0,3,0,3,6,9,10,2,27,0,0,0,27
01/14/2017,MHK,KS,ACE,CE,Federal Contract Tower,0,11,0,0,11,0,0,0,0,0,0,11,0,0,11,0,0,0,11
01/15/2017,MHK,KS,ACE,CE,Federal Contract Tower,0,2,1,0,3,0,0,0,0,0,0,2,1,0,3,0,0,0,3
01/16/2017,MHK,KS,ACE,CE,Federal Contract Tower,0,8,2,0,10,0,0,0,0,0,0,8,2,0,10,0,0,0,10
01/17/2017,MHK,KS,ACE,CE,Federal Contract Tower,0,7,20,0,27,0,1,13,0,14,0,8,33,0,41,0,0,0,41
01/18/2017,MHK,KS,ACE,CE,Federal Contract Tower,0,7,13,2,22,0,0,13,0,13,0,7,26,2,35,2,0,2,37
01/19/2017,MHK,KS,ACE,CE,Federal Contract Tower,0,7,5,0,12,0,0,0,0,0,0,7,5,0,12,0,0,0,12
01/20/2017,MHK,KS,ACE,CE,Federal Contract Tower,1,10,2,1,14,0,0,2,0,2,1,10,4,1,16,8,0,8,24
01/21/2017,MHK,KS,ACE,CE,Federal Contract Tower,3,4,5,4,16,0,0,32,2,34,3,4,37,6,50,42,0,42,92
01/22/2017,MHK,KS,ACE,CE,Federal Contract Tower,1,7,9,0,17,0,0,11,2,13,1,7,20,2,30,14,0,14,44
01/23/2017,MHK,KS,ACE,CE,Federal Contract Tower,0,9,6,0,15,0,2,16,2,20,0,11,22,2,35,12,20,32,67
01/24/2017,MHK,KS,ACE,CE,Federal Contract Tower,0,8,8,0,16,0,0,7,0,7,0,8,15,0,23,2,0,2,25
01/25/2017,MHK,KS,ACE,CE,Federal Contract Tower,0,9,6,2,17,0,0,5,0,5,0,9,11,2,22,8,0,8,30
01/26/2017,MHK,KS,ACE,CE,Federal Contract Tower,0,9,5,0,14,0,0,16,2,18,0,9,21,2,32,4,0,4,36
01/27/2017,MHK,KS,ACE,CE,Federal Contract Tower,0,16,4,2,22,0,1,28,0,29,0,17,32,2,51,16,0,16,67
01/28/2017,MHK,KS,ACE,CE,Federal Contract Tower,0,8,3,0,11,0,0,20,0,20,0,8,23,0,31,16,0,16,47
01/29/2017,MHK,KS,ACE,CE,Federal Contract Tower,0,7,1,0,8,0,0,18,0,18,0,7,19,0,26,10,0,10,36
01/30/2017,MHK,KS,ACE,CE,Federal Contract Tower,0,8,5,1,14,0,0,27,1,28,0,8,32,2,42,24,0,24,66
01/31/2017,MHK,KS,ACE,CE,Federal Contract Tower,0,11,6,0,17,0,0,19,0,19,0,11,25,0,36,14,0,14,50
02/01/2017,MHK,KS,ACE,CE,Federal Contract Tower,0,5,10,2,17,0,1,11,0,12,0,6,21,2,29,0,0,0,29
02/02/2017,MHK,KS,ACE,CE,Federal Contract Tower,0,8,10,0,18,0,1,10,0,11,0,9,20,0,29,0,0,0,29
02/03/2017,MHK,KS,ACE,CE,Federal Contract Tower,0,13,8,0,21,0,12,23,0,35,0,25,31,0,56,8,0,8,64
02/04/2017,MHK,KS,ACE,CE,Federal Contract Tower,0,6,3,0,9,0,0,9,0,9,0,6,12,0,18,0,0,0,18
02/05/2017,MHK,KS,ACE,CE,Federal Contract Tower,0,7,1,0,8,0,0,32,0,32,0,7,33,0,40,8,0,8,48
02/06/2017,MHK,KS,ACE,CE,Federal Contract Tower,0,9,16,1,26,0,0,2,1,3,0,9,18,2,29,0,0,0,29
02/07/2017,MHK,KS,ACE,CE,Federal Contract Tower,0,10,5,4,19,0,0,8,0,8,0,10,13,4,27,20,0,20,47
02/08/2017,MHK,KS,ACE,CE,Federal Contract Tower,0,7,14,1,22,0,0,5,1,6,0,7,19,2,28,0,2,2,30
02/09/2017,MHK,KS,ACE,CE,Federal Contract Tower,0,9,2,2,13,0,2,6,0,8,0,11,8,2,21,0,0,0,21
02/10/2017,MHK,KS,ACE,CE,Federal Contract Tower,0,9,1,0,10,0,1,34,8,43,0,10,35,8,53,126,0,126,179
02/11/2017,MHK,KS,ACE,CE,Federal Contract Tower,0,7,10,0,17,0,0,31,0,31,0,7,41,0,48,82,0,82,130
02/12/2017,MHK,KS,ACE,CE,Federal Contract Tower,0,7,9,0,16,0,0,29,0,29,0,7,38,0,45,78,0,78,123
02/13/2017,MHK,KS,ACE,CE,Federal Contract Tower,0,9,6,0,15,0,0,8,0,8,0,9,14,0,23,30,0,30,53
02/14/2017,MHK,KS,ACE,CE,Federal Contract Tower,0,14,6,1,21,0,2,19,2,23,0,16,25,3,44,46,2,48,92
02/15/2017,MHK,KS,ACE,CE,Federal Contract Tower,0,7,12,0,19,0,2,22,0,24,0,9,34,0,43,0,0,0,43
02/16/2017,MHK,KS,ACE,CE,Federal Contract Tower,0,8,6,2,16,0,0,11,0,11,0,8,17,2,27,2,0,2,29
02/17/2017,MHK,KS,ACE,CE,Federal Contract Tower,0,15,11,2,28,0,3,28,6,37,0,18,39,8,65,10,0,10,75
02/18/2017,MHK,KS,ACE,CE,Federal Contract Tower,0,7,7,5,19,0,0,38,4,42,0,7,45,9,61,72,0,72,133
02/19/2017,MHK,KS,ACE,CE,Federal Contract Tower,0,9,5,0,14,0,0,11,0,11,0,9,16,0,25,0,0,0,25
02/20/2017,MHK,KS,ACE,CE,Federal Contract Tower,0,12,6,0,18,0,0,13,0,13,0,12,19,0,31,56,0,56,87
02/21/2017,MHK,KS,ACE,CE,Federal Contract Tower,0,7,12,1,20,0,0,43,1,44,0,7,55,2,64,66,0,66,130
02/22/2017,MHK,KS,ACE,CE,Federal Contract Tower,0,12,9,0,21,0,9,49,2,60,0,21,58,2,81,84,4,88,169
02/23/2017,MHK,KS,ACE,CE,Federal Contract Tower,0,8,6,0,14,0,0,13,0,13,0,8,19,0,27,14,0,14,41
02/24/2017,MHK,KS,ACE,CE,Federal Contract Tower,0,9,2,0,11,0,0,0,0,0,0,9,2,0,11,0,0,0,11
02/25/2017,MHK,KS,ACE,CE,Federal Contract Tower,0,6,8,0,14,0,0,39,4,43,0,6,47,4,57,60,0,60,117
02/26/2017,MHK,KS,ACE,CE,Federal Contract Tower,0,8,8,0,16,0,0,33,0,33,0,8,41,0,49,16,0,16,65
02/27/2017,MHK,KS,ACE,CE,Federal Contract Tower,0,11,7,2,20,0,0,8,0,8,0,11,15,2,28,0,0,0,28
02/28/2017,MHK,KS,ACE,CE,Federal Contract Tower,0,12,7,2,21,0,0,16,0,16,0,12,23,2,37,10,0,10,47
03/01/2017,MHK,KS,ACE,CE,Federal Contract Tower,0,8,4,1,13,0,0,14,1,15,0,8,18,2,28,6,0,6,34
03/02/2017,MHK,KS,ACE,CE,Federal Contract Tower,0,6,11,0,17,0,0,26,0,26,0,6,37,0,43,40,0,40,83
03/03/2017,MHK,KS,ACE,CE,Federal Contract Tower,0,9,15,2,26,0,0,16,0,16,0,9,31,2,42,20,0,20,62
03/04/2017,MHK,KS,ACE,CE,Federal Contract Tower,0,4,12,0,16,0,0,20,0,20,0,4,32,0,36,4,0,4,40
03/05/2017,MHK,KS,ACE,CE,Federal Contract Tower,0,10,8,0,18,0,0,1,0,1,0,10,9,0,19,0,0,0,19
03/06/2017,MHK,KS,ACE,CE,Federal Contract Tower,0,10,5,0,15,0,0,0,0,0,0,10,5,0,15,0,0,0,15
03/07/2017,MHK,KS,ACE,CE,Federal Contract Tower,0,7,9,0,16,0,0,4,0,4,0,7,13,0,20,10,0,10,30
03/08/2017,MHK,KS,ACE,CE,Federal Contract Tower,0,9,12,0,21,0,1,32,2,35,0,10,44,2,56,44,0,44,100
03/09/2017,MHK,KS,ACE,CE,Federal Contract Tower,0,7,4,0,11,0,0,10,0,10,0,7,14,0,21,6,0,6,27
03/10/2017,MHK,KS,ACE,CE,Federal Contract Tower,0,8,8,0,16,0,2,11,0,13,0,10,19,0,29,10,0,10,39
03/11/2017,MHK,KS,ACE,CE,Federal Contract Tower,0,5,4,0,9,0,0,1,0,1,0,5,5,0,10,0,0,0,10
03/12/2017,MHK,KS,ACE,CE,Federal Contract Tower,0,7,6,0,13,0,0,0,0,0,0,7,6,0,13,0,0,0,13
03/13/2017,MHK,KS,ACE,CE,Federal Contract Tower,2,9,10,0,21,0,2,4,0,6,2,11,14,0,27,0,0,0,27
03/14/2017,MHK,KS,ACE,CE,Federal Contract Tower,0,8,6,2,16,0,0,12,2,14,0,8,18,4,30,42,0,42,72
03/15/2017,MHK,KS,ACE,CE,Federal Contract Tower,0,8,15,0,23,0,1,14,0,15,0,9,29,0,38,6,0,6,44
03/16/2017,MHK,KS,ACE,CE,Federal Contract Tower,4,10,6,0,20,0,0,9,0,9,4,10,15,0,29,14,0,14,43
03/17/2017,MHK,KS,ACE,CE,Federal Contract Tower,0,13,6,0,19,0,0,10,0,10,0,13,16,0,29,34,0,34,63
03/18/2017,MHK,KS,ACE,CE,Federal Contract Tower,6,5,4,0,15,0,0,38,0,38,6,5,42,0,53,76,0,76,129
03/19/2017,MHK,KS,ACE,CE,Federal Contract Tower,0,9,2,0,11,0,0,29,1,30,0,9,31,1,41,54,0,54,95
03/20/2017,MHK,KS,ACE,CE,Federal Contract Tower,0,11,6,0,17,0,0,20,0,20,0,11,26,0,37,32,0,32,69
03/21/2017,MHK,KS,ACE,CE,Federal Contract Tower,2,8,17,1,28,0,3,14,6,23,2,11,31,7,51,30,0,30,81
03/22/2017,MHK,KS,ACE,CE,Federal Contract Tower,1,10,12,0,23,0,2,21,10,33,1,12,33,10,56,52,16,68,124
03/23/2017,MHK,KS,ACE,CE,Federal Contract Tower,0,8,4,1,13,0,0,1,4,5,0,8,5,5,18,0,0,0,18
03/24/2017,MHK,KS,ACE,CE,Federal Contract Tower,0,10,4,2,16,0,0,8,0,8,0,10,12,2,24,14,0,14,38
03/25/2017,MHK,KS,ACE,CE,Federal Contract Tower,0,3,7,4,14,0,0,0,0,0,0,3,7,4,14,0,0,0,14
03/26/2017,MHK,KS,ACE,CE,Federal Contract Tower,0,8,8,0,16,0,0,10,0,10,0,8,18,0,26,18,0,18,44
03/27/2017,MHK,KS,ACE,CE,Federal Contract Tower,0,12,10,0,22,0,0,0,0,0,0,12,10,0,22,0,0,0,22
03/28/2017,MHK,KS,ACE,CE,Federal Contract Tower,0,7,9,0,16,0,0,11,0,11,0,7,20,0,27,50,0,50,77
03/29/2017,MHK,KS,ACE,CE,Federal Contract Tower,0,9,0,0,9,0,0,0,0,0,0,9,0,0,9,0,0,0,9
03/30/2017,MHK,KS,ACE,CE,Federal Contract Tower,0,10,0,0,10,0,0,0,0,0,0,10,0,0,10,0,0,0,10
03/31/2017,MHK,KS,ACE,CE,Federal Contract Tower,0,7,3,0,10,0,0,6,0,6,0,7,9,0,16,36,0,36,52
04/01/2017,MHK,KS,ACE,CE,Federal Contract Tower,2,10,2,0,14,0,0,5,0,5,2,10,7,0,19,12,0,12,31
04/02/2017,MHK,KS,ACE,CE,Federal Contract Tower,0,11,3,0,14,0,0,0,0,0,0,11,3,0,14,0,0,0,14
04/03/2017,MHK,KS,ACE,CE,Federal Contract Tower,0,11,10,0,21,0,0,5,0,5,0,11,15,0,26,0,0,0,26
04/04/2017,MHK,KS,ACE,CE,Federal Contract Tower,0,6,1,0,7,0,0,2,0,2,0,6,3,0,9,0,0,0,9
04/05/2017,MHK,KS,ACE,CE,Federal Contract Tower,0,8,3,2,13,0,0,16,0,16,0,8,19,2,29,24,0,24,53
04/06/2017,MHK,KS,ACE,CE,Federal Contract Tower,0,10,11,3,24,0,0,36,1,37,0,10,47,4,61,20,0,20,81
04/07/2017,MHK,KS,ACE,CE,Federal Contract Tower,0,7,3,0,10,0,0,21,1,22,0,7,24,1,32,25,0,25,57
04/08/2017,MHK,KS,ACE,CE,Federal Contract Tower,0,5,9,0,14,0,0,31,0,31,0,5,40,0,45,0,0,0,45
04/09/2017,MHK,KS,ACE,CE,Federal Contract Tower,0,12,4,0,16,0,0,20,0,20,0,12,24,0,36,30,0,30,66
04/10/2017,MHK,KS,ACE,CE,Federal Contract Tower,1,12,3,0,16,0,2,7,0,9,1,14,10,0,25,32,0,32,57
04/11/2017,MHK,KS,ACE,CE,Federal Contract Tower,1,6,5,0,12,0,0,25,0,25,1,6,30,0,37,50,0,50,87
04/12/2017,MHK,KS,ACE,CE,Federal Contract Tower,0,11,4,0,15,0,2,15,1,18,0,13,19,1,33,22,0,22,55
04/13/2017,MHK,KS,ACE,CE,Federal Contract Tower,0,13,13,2,28,0,0,3,0,3,0,13,16,2,31,0,0,0,31
04/14/2017,MHK,KS,ACE,CE,Federal Contract Tower,0,10,3,0,13,0,0,6,0,6,0,10,9,0,19,20,0,20,39
04/15/2017,MHK,KS,ACE,CE,Federal Contract Tower,0,8,1,0,9,0,0,5,0,5,0,8,6,0,14,34,0,34,48
04/16/2017,MHK,KS,ACE,CE,Federal Contract Tower,0,8,3,0,11,0,0,15,0,15,0,8,18,0,26,40,0,40,66
04/17/2017,MHK,KS,ACE,CE,Federal Contract Tower,4,9,7,2,22,0,0,11,0,11,4,9,18,2,33,24,0,24,57
04/18/2017,MHK,KS,ACE,CE,Federal Contract Tower,0,7,13,2,22,0,0,19,0,19,0,7,32,2,41,28,0,28,69
04/19/2017,MHK,KS,ACE,CE,Federal Contract Tower,0,8,15,0,23,0,7,7,4,18,0,15,22,4,41,0,0,0,41
04/20/2017,MHK,KS,ACE,CE,Federal Contract Tower,0,13,6,1,20,0,0,30,0,30,0,13,36,1,50,16,0,16,66
04/21/2017,MHK,KS,ACE,CE,Federal Contract Tower,0,8,3,0,11,0,0,11,0,11,0,8,14,0,22,34,0,34,56
04/22/2017,MHK,KS,ACE,CE,Federal Contract Tower,0,6,11,0,17,0,0,15,0,15,0,6,26,0,32,24,0,24,56
04/23/2017,MHK,KS,ACE,CE,Federal Contract Tower,0,10,6,0,16,0,0,48,0,48,0,10,54,0,64,38,0,38,102
04/24/2017,MHK,KS,ACE,CE,Federal Contract Tower,0,11,1,0,12,0,0,8,0,8,0,11,9,0,20,20,0,20,40
04/25/2017,MHK,KS,ACE,CE,Federal Contract Tower,0,6,8,0,14,0,0,18,0,18,0,6,26,0,32,40,0,40,72
04/26/2017,MHK,KS,ACE,CE,Federal Contract Tower,0,9,6,0,15,0,2,4,0,6,0,11,10,0,21,30,0,30,51
04/27/2017,MHK,KS,ACE,CE,Federal Contract Tower,0,11,4,2,17,0,1,22,0,23,0,12,26,2,40,39,0,39,79
04/28/2017,MHK,KS,ACE,CE,Federal Contract Tower,0,10,14,0,24,0,0,2,0,2,0,10,16,0,26,30,0,30,56
04/29/2017,MHK,KS,ACE,CE,Federal Contract Tower,0,7,3,0,10,0,0,0,0,0,0,7,3,0,10,0,0,0,10
04/30/2017,MHK,KS,ACE,CE,Federal Contract Tower,0,7,1,0,8,0,0,0,0,0,0,7,1,0,8,0,0,0,8
05/01/2017,MHK,KS,ACE,CE,Federal Contract Tower,0,11,11,2,24,0,6,9,0,15,0,17,20,2,39,22,0,22,61
05/02/2017,MHK,KS,ACE,CE,Federal Contract Tower,0,5,7,2,14,0,6,25,0,31,0,11,32,2,45,70,0,70,115
05/03/2017,MHK,KS,ACE,CE,Federal Contract Tower,0,7,8,3,18,0,2,13,3,18,0,9,21,6,36,56,2,58,94
05/04/2017,MHK,KS,ACE,CE,Federal Contract Tower,0,10,12,3,25,0,0,24,0,24,0,10,36,3,49,28,0,28,77
05/05/2017,MHK,KS,ACE,CE,Federal Contract Tower,5,7,9,1,22,0,2,27,0,29,5,9,36,1,51,32,0,32,83
05/06/2017,MHK,KS,ACE,CE,Federal Contract Tower,4,0,6,0,10,0,0,38,2,40,4,0,44,2,50,38,12,50,100
05/07/2017,MHK,KS,ACE,CE,Federal Contract Tower,6,4,6,0,16,0,0,42,0,42,6,4,48,0,58,76,0,76,134
05/08/2017,MHK,KS,ACE,CE,Federal Contract Tower,6,3,6,0,15,0,0,11,0,11,6,3,17,0,26,20,0,20,46
05/09/2017,MHK,KS,ACE,CE,Federal Contract Tower,4,5,11,2,22,0,2,24,0,26,4,7,35,2,48,30,0,30,78
05/10/2017,MHK,KS,ACE,CE,Federal Contract Tower,5,3,7,4,19,0,0,0,0,0,5,3,7,4,19,0,0,0,19
05/11/2017,MHK,KS,ACE,CE,Federal Contract Tower,5,6,5,2,18,0,0,0,0,0,5,6,5,2,18,18,0,18,36
05/12/2017,MHK,KS,ACE,CE,Federal Contract Tower,5,2,6,0,13,0,0,21,0,21,5,2,27,0,34,8,0,8,42
05/13/2017,MHK,KS,ACE,CE,Federal Contract Tower,4,0,15,0,19,0,0,22,0,22,4,0,37,0,41,30,0,30,71
05/14/2017,MHK,KS,ACE,CE,Federal Contract Tower,6,4,5,0,15,0,0,18,0,18,6,4,23,0,33,10,8,18,51
05/15/2017,MHK,KS,ACE,CE,Federal Contract Tower,6,7,8,0,21,0,0,33,4,37,6,7,41,4,58,42,0,42,100
05/16/2017,MHK,KS,ACE,CE,Federal Contract Tower,4,3,9,0,16,0,2,9,3,14,4,5,18,3,30,28,0,28,58
05/17/2017,MHK,KS,ACE,CE,Federal Contract Tower,8,2,9,2,21,0,0,2,0,2,8,2,11,2,23,0,0,0,23
05/18/2017,MHK,KS,ACE,CE,Federal Contract Tower,5,4,10,4,23,0,0,7,10,17,5,4,17,14,40,14,6,20,60
05/19/2017,MHK,KS,ACE,CE,Federal Contract Tower,4,2,3,2,11,0,0,0,0,0,4,2,3,2,11,0,0,0,11
05/20/2017,MHK,KS,ACE,CE,Federal Contract Tower,4,1,2,1,8,0,0,9,4,13,4,1,11,5,21,0,0,0,21
05/21/2017,MHK,KS,ACE,CE,Federal Contract Tower,4,3,4,0,11,0,0,28,0,28,4,3,32,0,39,100,0,100,139
05/22/2017,MHK,KS,ACE,CE,Federal Contract Tower,5,4,7,2,18,0,0,10,0,10,5,4,17,2,28,76,0,76,104
05/23/2017,MHK,KS,ACE,CE,Federal Contract Tower,4,2,6,0,12,0,0,16,0,16,4,2,22,0,28,66,0,66,94
05/24/2017,MHK,KS,ACE,CE,Federal Contract Tower,5,4,15,3,27,0,2,13,1,16,5,6,28,4,43,2,0,2,45
05/25/2017,MHK,KS,ACE,CE,Federal Contract Tower,6,2,4,2,14,0,3,9,0,12,6,5,13,2,26,2,0,2,28
05/26/2017,MHK,KS,ACE,CE,Federal Contract Tower,6,4,3,0,13,0,1,11,0,12,6,5,14,0,25,24,0,24,49
05/27/2017,MHK,KS,ACE,CE,Federal Contract Tower,4,1,0,0,5,0,0,3,0,3,4,1,3,0,8,16,0,16,24
05/28/2017,MHK,KS,ACE,CE,Federal Contract Tower,4,2,10,0,16,0,0,23,0,23,4,2,33,0,39,48,0,48,87
05/29/2017,MHK,KS,ACE,CE,Federal Contract Tower,6,2,4,0,12,0,0,34,0,34,6,2,38,0,46,64,0,64,110
05/30/2017,MHK,KS,ACE,CE,Federal Contract Tower,4,2,1,1,8,0,0,19,0,19,4,2,20,1,27,10,0,10,37
05/31/2017,MHK,KS,ACE,CE,Federal Contract Tower,5,3,8,0,16,0,0,19,2,21,5,3,27,2,37,44,2,46,83
06/01/2017,MHK,KS,ACE,CE,Federal Contract Tower,5,4,12,0,21,0,1,14,0,15,5,5,26,0,36,10,0,10,46
06/02/2017,MHK,KS,ACE,CE,Federal Contract Tower,2,4,2,3,11,0,0,25,1,26,2,4,27,4,37,70,2,72,109
06/03/2017,MHK,KS,ACE,CE,Federal Contract Tower,3,4,11,0,18,0,0,21,0,21,3,4,32,0,39,24,0,24,63
06/04/2017,MHK,KS,ACE,CE,Federal Contract Tower,4,2,6,0,12,0,0,12,0,12,4,2,18,0,24,28,0,28,52
06/05/2017,MHK,KS,ACE,CE,Federal Contract Tower,4,5,3,4,16,0,1,22,2,25,4,6,25,6,41,56,4,60,101
06/06/2017,MHK,KS,ACE,CE,Federal Contract Tower,3,2,8,9,22,0,0,17,2,19,3,2,25,11,41,50,2,52,93
06/07/2017,MHK,KS,ACE,CE,Federal Contract Tower,4,3,8,2,17,0,0,14,7,21,4,3,22,9,38,20,0,20,58
06/08/2017,MHK,KS,ACE,CE,Federal Contract Tower,4,5,23,3,35,0,0,17,6,23,4,5,40,9,58,10,0,10,68
06/09/2017,MHK,KS,ACE,CE,Federal Contract Tower,5,3,13,3,24,0,0,22,12,34,5,3,35,15,58,78,0,78,136
06/10/2017,MHK,KS,ACE,CE,Federal Contract Tower,3,3,1,0,7,0,0,5,0,5,3,3,6,0,12,2,0,2,14
06/11/2017,MHK,KS,ACE,CE,Federal Contract Tower,6,2,8,0,16,0,0,10,0,10,6,2,18,0,26,10,0,10,36
06/12/2017,MHK,KS,ACE,CE,Federal Contract Tower,4,2,5,4,15,0,0,13,0,13,4,2,18,4,28,32,0,32,60
06/13/2017,MHK,KS,ACE,CE,Federal Contract Tower,3,6,7,8,24,0,0,6,2,8,3,6,13,10,32,0,0,0,32
06/14/2017,MHK,KS,ACE,CE,Federal Contract Tower,7,0,5,3,15,0,2,41,0,43,7,2,46,3,58,116,0,116,174
06/15/2017,MHK,KS,ACE,CE,Federal Contract Tower,4,6,6,6,22,0,1,9,0,10,4,7,15,6,32,26,0,26,58
06/16/2017,MHK,KS,ACE,CE,Federal Contract Tower,4,6,9,10,29,0,0,23,0,23,4,6,32,10,52,42,0,42,94
06/17/2017,MHK,KS,ACE,CE,Federal Contract Tower,3,4,3,0,10,0,2,19,0,21,3,6,22,0,31,12,0,12,43
06/18/2017,MHK,KS,ACE,CE,Federal Contract Tower,4,6,2,0,12,0,0,26,2,28,4,6,28,2,40,36,0,36,76
06/19/2017,MHK,KS,ACE,CE,Federal Contract Tower,5,2,14,2,23,0,0,22,0,22,5,2,36,2,45,14,0,14,59
06/20/2017,MHK,KS,ACE,CE,Federal Contract Tower,3,2,8,1,14,0,0,23,3,26,3,2,31,4,40,56,6,62,102
06/21/2017,MHK,KS,ACE,CE,Federal Contract Tower,4,2,9,0,15,0,0,24,3,27,4,2,33,3,42,38,2,40,82
06/22/2017,MHK,KS,ACE,CE,Federal Contract Tower,4,4,2,4,14,0,0,19,2,21,4,4,21,6,35,28,2,30,65
06/23/2017,MHK,KS,ACE,CE,Federal Contract Tower,4,3,19,4,30,0,0,25,3,28,4,3,44,7,58,12,16,28,86
06/24/2017,MHK,KS,ACE,CE,Federal Contract Tower,4,2,12,0,18,0,0,33,0,33,4,2,45,0,51,20,0,20,71
06/25/2017,MHK,KS,ACE,CE,Federal Contract Tower,4,2,7,0,13,0,0,20,0,20,4,2,27,0,33,34,0,34,67
06/26/2017,MHK,KS,ACE,CE,Federal Contract Tower,4,2,3,0,9,0,0,12,8,20,4,2,15,8,29,22,8,30,59
06/27/2017,MHK,KS,ACE,CE,Federal Contract Tower,3,2,4,2,11,0,0,29,6,35,3,2,33,8,46,92,6,98,144
06/28/2017,MHK,KS,ACE,CE,Federal Contract Tower,4,7,7,0,18,0,2,9,0,11,4,9,16,0,29,2,0,2,31
06/29/2017,MHK,KS,ACE,CE,Federal Contract Tower,4,4,2,6,16,0,0,20,6,26,4,4,22,12,42,44,6,50,92
06/30/2017,MHK,KS,ACE,CE,Federal Contract Tower,4,3,9,3,19,0,0,23,1,24,4,3,32,4,43,68,0,68,111
07/01/2017,MHK,KS,ACE,CE,Federal Contract Tower,3,0,3,0,6,0,0,32,0,32,3,0,35,0,38,22,0,22,60
07/02/2017,MHK,KS,ACE,CE,Federal Contract Tower,4,2,7,0,13,0,0,14,0,14,4,2,21,0,27,0,0,0,27
07/03/2017,MHK,KS,ACE,CE,Federal Contract Tower,3,2,3,0,8,0,0,13,0,13,3,2,16,0,21,16,0,16,37
07/04/2017,MHK,KS,ACE,CE,Federal Contract Tower,3,2,4,0,9,0,0,16,0,16,3,2,20,0,25,0,0,0,25
07/05/2017,MHK,KS,ACE,CE,Federal Contract Tower,4,2,10,2,18,0,0,8,1,9,4,2,18,3,27,38,2,40,67
07/06/2017,MHK,KS,ACE,CE,Federal Contract Tower,4,4,1,2,11,0,0,22,9,31,4,4,23,11,42,56,4,60,102
07/07/2017,MHK,KS,ACE,CE,Federal Contract Tower,4,0,6,4,14,0,2,21,2,25,4,2,27,6,39,30,0,30,69
07/08/2017,MHK,KS,ACE,CE,Federal Contract Tower,3,1,3,0,7,0,0,16,0,16,3,1,19,0,23,8,0,8,31
07/09/2017,MHK,KS,ACE,CE,Federal Contract Tower,4,2,7,0,13,0,0,34,0,34,4,2,41,0,47,78,0,78,125
07/10/2017,MHK,KS,ACE,CE,Federal Contract Tower,4,3,6,0,13,0,0,16,2,18,4,3,22,2,31,42,0,42,73
07/11/2017,MHK,KS,ACE,CE,Federal Contract Tower,3,2,13,2,20,0,4,14,4,22,3,6,27,6,42,14,0,14,56
07/12/2017,MHK,KS,ACE,CE,Federal Contract Tower,4,2,12,0,18,0,0,22,5,27,4,2,34,5,45,14,20,34,79
07/13/2017,MHK,KS,ACE,CE,Federal Contract Tower,4,2,4,0,10,0,0,18,2,20,4,2,22,2,30,14,0,14,44
07/14/2017,MHK,KS,ACE,CE,Federal Contract Tower,4,4,9,2,19,0,0,24,2,26,4,4,33,4,45,38,10,48,93
07/15/2017,MHK,KS,ACE,CE,Federal Contract Tower,3,0,6,0,9,0,0,28,0,28,3,0,34,0,37,48,0,48,85
07/16/2017,MHK,KS,ACE,CE,Federal Contract Tower,4,2,7,0,13,0,0,18,0,18,4,2,25,0,31,22,0,22,53
07/17/2017,MHK,KS,ACE,CE,Federal Contract Tower,4,4,8,2,18,0,0,17,0,17,4,4,25,2,35,22,0,22,57
07/18/2017,MHK,KS,ACE,CE,Federal Contract Tower,3,2,17,0,22,0,0,25,2,27,3,2,42,2,49,62,4,66,115
07/19/2017,MHK,KS,ACE,CE,Federal Contract Tower,4,2,7,0,13,0,0,9,2,11,4,2,16,2,24,12,24,36,60
07/20/2017,MHK,KS,ACE,CE,Federal Contract Tower,4,3,13,4,24,0,0,13,4,17,4,3,26,8,41,34,16,50,91
07/21/2017,MHK,KS,ACE,CE,Federal Contract Tower,5,6,13,1,25,0,0,32,5,37,5,6,45,6,62,64,0,64,126
07/22/2017,MHK,KS,ACE,CE,Federal Contract Tower,3,2,4,1,10,0,0,23,0,23,3,2,27,1,33,42,0,42,75
07/23/2017,MHK,KS,ACE,CE,Federal Contract Tower,4,1,9,0,14,0,0,28,0,28,4,1,37,0,42,46,0,46,88
07/24/2017,MHK,KS,ACE,CE,Federal Contract Tower,4,4,11,0,19,0,0,27,0,27,4,4,38,0,46,46,0,46,92
07/25/2017,MHK,KS,ACE,CE,Federal Contract Tower,3,3,0,4,10,0,0,23,0,23,3,3,23,4,33,48,0,48,81
07/26/2017,MHK,KS,ACE,CE,Federal Contract Tower,3,5,4,4,16,0,0,4,0,4,3,5,8,4,20,0,0,0,20
07/27/2017,MHK,KS,ACE,CE,Federal Contract Tower,4,4,6,1,15,0,0,13,2,15,4,4,19,3,30,14,0,14,44
07/28/2017,MHK,KS,ACE,CE,Federal Contract Tower,4,2,0,7,13,0,0,18,3,21,4,2,18,10,34,46,4,50,84
07/29/2017,MHK,KS,ACE,CE,Federal Contract Tower,3,2,2,0,7,0,0,34,0,34,3,2,36,0,41,22,0,22,63
07/30/2017,MHK,KS,ACE,CE,Federal Contract Tower,4,2,5,0,11,0,0,15,0,15,4,2,20,0,26,20,0,20,46
07/31/2017,MHK,KS,ACE,CE,Federal Contract Tower,4,2,8,2,16,0,0,14,6,20,4,2,22,8,36,40,18,58,94
08/01/2017,MHK,KS,ACE,CE,Federal Contract Tower,3,5,2,3,13,0,2,24,1,27,3,7,26,4,40,40,0,40,80
08/02/2017,MHK,KS,ACE,CE,Federal Contract Tower,4,3,4,4,15,0,2,14,2,18,4,5,18,6,33,14,2,16,49
08/03/2017,MHK,KS,ACE,CE,Federal Contract Tower,4,2,7,7,20,0,0,21,5,26,4,2,28,12,46,8,0,8,54
08/04/2017,MHK,KS,ACE,CE,Federal Contract Tower,5,6,5,1,17,0,0,35,2,37,5,6,40,3,54,96,6,102,156
08/05/2017,MHK,KS,ACE,CE,Federal Contract Tower,4,1,3,0,8,0,0,10,0,10,4,1,13,0,18,40,0,40,58
08/06/2017,MHK,KS,ACE,CE,Federal Contract Tower,4,2,4,0,10,0,0,5,0,5,4,2,9,0,15,10,0,10,25
08/07/2017,MHK,KS,ACE,CE,Federal Contract Tower,4,7,5,2,18,0,2,15,2,19,4,9,20,4,37,26,4,30,67
08/08/2017,MHK,KS,ACE,CE,Federal Contract Tower,3,3,6,1,13,0,0,23,1,24,3,3,29,2,37,18,2,20,57
08/09/2017,MHK,KS,ACE,CE,Federal Contract Tower,4,3,6,9,22,0,0,22,7,29,4,3,28,16,51,76,10,86,137
08/10/2017,MHK,KS,ACE,CE,Federal Contract Tower,4,4,7,4,19,0,0,9,2,11,4,4,16,6,30,14,2,16,46
08/11/2017,MHK,KS,ACE,CE,Federal Contract Tower,2,4,2,0,8,0,0,13,0,13,2,4,15,0,21,6,0,6,27
08/12/2017,MHK,KS,ACE,CE,Federal Contract Tower,3,1,5,0,9,0,0,17,0,17,3,1,22,0,26,8,0,8,34
08/13/2017,MHK,KS,ACE,CE,Federal Contract Tower,4,7,7,0,18,0,0,15,0,15,4,7,22,0,33,18,0,18,51
08/14/2017,MHK,KS,ACE,CE,Federal Contract Tower,5,4,5,0,14,0,0,0,0,0,5,4,5,0,14,0,0,0,14
08/15/2017,MHK,KS,ACE,CE,Federal Contract Tower,3,5,5,0,13,0,0,7,0,7,3,5,12,0,20,10,0,10,30
08/16/2017,MHK,KS,ACE,CE,Federal Contract Tower,4,4,6,0,14,0,0,8,0,8,4,4,14,0,22,10,0,10,32
08/17/2017,MHK,KS,ACE,CE,Federal Contract Tower,4,4,1,0,9,0,0,32,2,34,4,4,33,2,43,34,0,34,77
08/18/2017,MHK,KS,ACE,CE,Federal Contract Tower,4,2,5,0,11,0,0,17,0,17,4,2,22,0,28,6,0,6,34
08/19/2017,MHK,KS,ACE,CE,Federal Contract Tower,3,1,12,0,16,0,1,31,0,32,3,2,43,0,48,22,0,22,70
08/20/2017,MHK,KS,ACE,CE,Federal Contract Tower,4,4,7,0,15,0,0,32,0,32,4,4,39,0,47,18,0,18,65
08/21/2017,MHK,KS,ACE,CE,Federal Contract Tower,4,2,4,0,10,0,0,33,0,33,4,2,37,0,43,0,0,0,43
08/22/2017,MHK,KS,ACE,CE,Federal Contract Tower,4,2,10,3,19,0,0,9,2,11,4,2,19,5,30,36,0,36,66
08/23/2017,MHK,KS,ACE,CE,Federal Contract Tower,4,2,15,1,22,0,0,26,1,27,4,2,41,2,49,70,0,70,119
08/24/2017,MHK,KS,ACE,CE,Federal Contract Tower,4,7,8,4,23,0,0,18,7,25,4,7,26,11,48,34,0,34,82
08/25/2017,MHK,KS,ACE,CE,Federal Contract Tower,4,6,5,4,19,0,0,27,0,27,4,6,32,4,46,76,0,76,122
08/26/2017,MHK,KS,ACE,CE,Federal Contract Tower,4,8,1,0,13,0,0,38,0,38,4,8,39,0,51,94,0,94,145
08/27/2017,MHK,KS,ACE,CE,Federal Contract Tower,4,4,1,1,10,0,0,20,0,20,4,4,21,1,30,74,0,74,104
08/28/2017,MHK,KS,ACE,CE,Federal Contract Tower,4,4,4,9,21,0,0,16,0,16,4,4,20,9,37,40,0,40,77
08/29/2017,MHK,KS,ACE,CE,Federal Contract Tower,4,4,11,2,21,0,0,24,2,26,4,4,35,4,47,72,0,72,119
08/30/2017,MHK,KS,ACE,CE,Federal Contract Tower,4,2,1,0,7,0,0,5,4,9,4,2,6,4,16,20,0,20,36
08/31/2017,MHK,KS,ACE,CE,Federal Contract Tower,4,7,2,0,13,0,0,27,2,29,4,7,29,2,42,56,2,58,100
09/01/2017,MHK,KS,ACE,CE,Federal Contract Tower,4,10,15,0,29,0,0,22,0,22,4,10,37,0,51,46,0,46,97
09/02/2017,MHK,KS,ACE,CE,Federal Contract Tower,3,5,15,0,23,0,0,15,0,15,3,5,30,0,38,40,0,40,78
09/03/2017,MHK,KS,ACE,CE,Federal Contract Tower,5,3,10,0,18,0,0,19,0,19,5,3,29,0,37,0,0,0,37
09/04/2017,MHK,KS,ACE,CE,Federal Contract Tower,4,2,10,0,16,0,0,36,0,36,4,2,46,0,52,20,0,20,72
09/05/2017,MHK,KS,ACE,CE,Federal Contract Tower,3,6,4,0,13,0,4,5,3,12,3,10,9,3,25,22,0,22,47
09/06/2017,MHK,KS,ACE,CE,Federal Contract Tower,3,10,1,4,18,0,4,15,0,19,3,14,16,4,37,72,0,72,109
09/07/2017,MHK,KS,ACE,CE,Federal Contract Tower,4,4,2,5,15,0,0,16,1,17,4,4,18,6,32,38,0,38,70
09/08/2017,MHK,KS,ACE,CE,Federal Contract Tower,5,6,8,2,21,0,1,18,6,25,5,7,26,8,46,0,0,0,46
09/09/2017,MHK,KS,ACE,CE,Federal Contract Tower,5,5,22,0,32,0,0,36,0,36,5,5,58,0,68,28,0,28,96
09/10/2017,MHK,KS,ACE,CE,Federal Contract Tower,4,3,2,0,9,0,0,29,0,29,4,3,31,0,38,28,0,28,66
09/11/2017,MHK,KS,ACE,CE,Federal Contract Tower,4,4,4,0,12,0,0,21,0,21,4,4,25,0,33,94,0,94,127
09/12/2017,MHK,KS,ACE,CE,Federal Contract Tower,4,6,8,0,18,0,0,13,2,15,4,6,21,2,33,0,0,0,33
09/13/2017,MHK,KS,ACE,CE,Federal Contract Tower,4,4,6,1,15,0,0,20,1,21,4,4,26,2,36,18,0,18,54
09/14/2017,MHK,KS,ACE,CE,Federal Contract Tower,4,2,13,0,19,0,0,9,4,13,4,2,22,4,32,2,0,2,34
09/15/2017,MHK,KS,ACE,CE,Federal Contract Tower,6,2,12,1,21,0,0,15,0,15,6,2,27,1,36,2,0,2,38
09/16/2017,MHK,KS,ACE,CE,Federal Contract Tower,4,4,4,0,12,0,0,9,0,9,4,4,13,0,21,0,0,0,21
09/17/2017,MHK,KS,ACE,CE,Federal Contract Tower,4,2,17,1,24,0,0,7,9,16,4,2,24,10,40,22,0,22,62
09/18/2017,MHK,KS,ACE,CE,Federal Contract Tower,4,2,9,0,15,0,0,11,0,11,4,2,20,0,26,36,0,36,62
09/19/2017,MHK,KS,ACE,CE,Federal Contract Tower,4,8,8,0,20,0,0,13,2,15,4,8,21,2,35,16,2,18,53
09/20/2017,MHK,KS,ACE,CE,Federal Contract Tower,4,4,16,0,24,0,0,26,1,27,4,4,42,1,51,88,0,88,139
09/21/2017,MHK,KS,ACE,CE,Federal Contract Tower,4,2,6,2,14,0,0,11,0,11,4,2,17,2,25,22,0,22,47
09/22/2017,MHK,KS,ACE,CE,Federal Contract Tower,4,2,4,4,14,0,0,29,0,29,4,2,33,4,43,70,0,70,113
09/23/2017,MHK,KS,ACE,CE,Federal Contract Tower,4,2,3,0,9,0,2,25,0,27,4,4,28,0,36,10,0,10,46
09/24/2017,MHK,KS,ACE,CE,Federal Contract Tower,4,2,14,0,20,0,0,17,0,17,4,2,31,0,37,12,0,12,49
09/25/2017,MHK,KS,ACE,CE,Federal Contract Tower,4,2,4,0,10,0,0,4,0,4,4,2,8,0,14,16,0,16,30
09/26/2017,MHK,KS,ACE,CE,Federal Contract Tower,4,4,9,5,22,0,0,0,1,1,4,4,9,6,23,0,0,0,23
09/27/2017,MHK,KS,ACE,CE,Federal Contract Tower,4,6,5,0,15,0,0,12,2,14,4,6,17,2,29,12,0,12,41
09/28/2017,MHK,KS,ACE,CE,Federal Contract Tower,4,5,9,4,22,0,0,37,0,37,4,5,46,4,59,60,0,60,119
09/29/2017,MHK,KS,ACE,CE,Federal Contract Tower,6,5,9,5,25,0,0,17,0,17,6,5,26,5,42,30,0,30,72
09/30/2017,MHK,KS,ACE,CE,Federal Contract Tower,6,5,27,0,38,0,0,57,4,61,6,5,84,4,99,22,0,22,121
10/01/2017,MHK,KS,ACE,CE,Federal Contract Tower,4,4,12,2,22,0,0,27,0,27,4,4,39,2,49,5,0,5,54
10/02/2017,MHK,KS,ACE,CE,Federal Contract Tower,4,4,5,0,13,0,0,10,0,10,4,4,15,0,23,18,0,18,41
10/03/2017,MHK,KS,ACE,CE,Federal Contract Tower,4,4,9,2,19,0,0,2,0,2,4,4,11,2,21,4,0,4,25
10/04/2017,MHK,KS,ACE,CE,Federal Contract Tower,4,2,13,0,19,0,0,0,0,0,4,2,13,0,19,0,0,0,19
10/05/2017,MHK,KS,ACE,CE,Federal Contract Tower,4,2,1,0,7,0,0,16,0,16,4,2,17,0,23,58,0,58,81
10/06/2017,MHK,KS,ACE,CE,Federal Contract Tower,7,2,6,0,15,0,0,18,0,18,7,2,24,0,33,0,0,0,33
10/07/2017,MHK,KS,ACE,CE,Federal Contract Tower,3,2,12,0,17,0,0,18,0,18,3,2,30,0,35,28,0,28,63
10/08/2017,MHK,KS,ACE,CE,Federal Contract Tower,4,2,7,0,13,0,0,40,0,40,4,2,47,0,53,36,0,36,89
10/09/2017,MHK,KS,ACE,CE,Federal Contract Tower,4,4,0,2,10,0,0,12,0,12,4,4,12,2,22,14,0,14,36
10/10/2017,MHK,KS,ACE,CE,Federal Contract Tower,4,6,3,2,15,0,0,2,1,3,4,6,5,3,18,2,0,2,20
10/11/2017,MHK,KS,ACE,CE,Federal Contract Tower,4,2,11,0,17,0,0,12,3,15,4,2,23,3,32,14,18,32,64
10/12/2017,MHK,KS,ACE,CE,Federal Contract Tower,4,2,6,4,16,0,2,16,0,18,4,4,22,4,34,34,0,34,68
10/13/2017,MHK,KS,ACE,CE,Federal Contract Tower,6,3,14,2,25,0,0,57,3,60,6,3,71,5,85,82,0,82,167
10/14/2017,MHK,KS,ACE,CE,Federal Contract Tower,5,0,28,0,33,0,0,3,0,3,5,0,31,0,36,10,0,10,46
10/15/2017,MHK,KS,ACE,CE,Federal Contract Tower,4,3,4,0,11,0,0,44,0,44,4,3,48,0,55,62,0,62,117
10/16/2017,MHK,KS,ACE,CE,Federal Contract Tower,4,3,5,1,13,0,0,45,6,51,4,3,50,7,64,76,6,82,146
10/17/2017,MHK,KS,ACE,CE,Federal Contract Tower,4,2,5,4,15,0,0,20,12,32,4,2,25,16,47,50,60,110,157
10/18/2017,MHK,KS,ACE,CE,Federal Contract Tower,4,2,19,2,27,0,2,8,4,14,4,4,27,6,41,20,14,34,75
10/19/2017,MHK,KS,ACE,CE,Federal Contract Tower,4,4,13,4,25,0,0,22,2,24,4,4,35,6,49,98,32,130,179
10/20/2017,MHK,KS,ACE,CE,Federal Contract Tower,6,6,9,4,25,0,2,27,0,29,6,8,36,4,54,50,0,50,104
10/21/2017,MHK,KS,ACE,CE,Federal Contract Tower,4,6,15,0,25,0,0,7,0,7,4,6,22,0,32,58,0,58,90
10/22/2017,MHK,KS,ACE,CE,Federal Contract Tower,4,5,9,0,18,0,0,38,0,38,4,5,47,0,56,42,0,42,98
10/23/2017,MHK,KS,ACE,CE,Federal Contract Tower,4,4,9,0,17,0,0,30,0,30,4,4,39,0,47,50,0,50,97
10/24/2017,MHK,KS,ACE,CE,Federal Contract Tower,4,3,4,1,12,0,0,4,2,6,4,3,8,3,18,4,2,6,24
10/25/2017,MHK,KS,ACE,CE,Federal Contract Tower,4,2,15,0,21,0,0,30,0,30,4,2,45,0,51,72,0,72,123
10/26/2017,MHK,KS,ACE,CE,Federal Contract Tower,4,2,5,8,19,0,0,22,0,22,4,2,27,8,41,78,4,82,123
10/27/2017,MHK,KS,ACE,CE,Federal Contract Tower,4,5,5,3,17,0,0,27,0,27,4,5,32,3,44,162,0,162,206
10/28/2017,MHK,KS,ACE,CE,Federal Contract Tower,3,5,3,1,12,0,0,43,0,43,3,5,46,1,55,128,0,128,183
10/29/2017,MHK,KS,ACE,CE,Federal Contract Tower,4,2,6,0,12,0,0,35,0,35,4,2,41,0,47,52,0,52,99
10/30/2017,MHK,KS,ACE,CE,Federal Contract Tower,4,6,4,1,15,0,0,15,1,16,4,6,19,2,31,52,0,52,83
10/31/2017,MHK,KS,ACE,CE,Federal Contract Tower,5,2,9,0,16,0,0,7,2,9,5,2,16,2,25,34,0,34,59
11/01/2017,MHK,KS,ACE,CE,Federal Contract Tower,4,2,7,5,18,0,2,16,2,20,4,4,23,7,38,66,2,68,106
11/02/2017,MHK,KS,ACE,CE,Federal Contract Tower,4,5,7,0,16,0,0,7,2,9,4,5,14,2,25,0,2,2,27
11/03/2017,MHK,KS,ACE,CE,Federal Contract Tower,7,6,13,2,28,0,1,16,1,18,7,7,29,3,46,66,0,66,112
11/04/2017,MHK,KS,ACE,CE,Federal Contract Tower,5,7,10,1,23,0,0,5,0,5,5,7,15,1,28,24,0,24,52
11/05/2017,MHK,KS,ACE,CE,Federal Contract Tower,3,7,5,0,15,0,0,18,0,18,3,7,23,0,33,88,0,88,121
11/06/2017,MHK,KS,ACE,CE,Federal Contract Tower,4,9,7,4,24,0,3,58,2,63,4,12,65,6,87,32,0,32,119
11/07/2017,MHK,KS,ACE,CE,Federal Contract Tower,4,4,27,1,36,0,2,28,1,31,4,6,55,2,67,40,0,40,107
11/08/2017,MHK,KS,ACE,CE,Federal Contract Tower,4,2,5,3,14,0,0,25,3,28,4,2,30,6,42,70,0,70,112
11/09/2017,MHK,KS,ACE,CE,Federal Contract Tower,4,4,6,0,14,0,0,36,0,36,4,4,42,0,50,78,0,78,128
11/10/2017,MHK,KS,ACE,CE,Federal Contract Tower,6,3,18,0,27,0,2,32,0,34,6,5,50,0,61,24,0,24,85
11/11/2017,MHK,KS,ACE,CE,Federal Contract Tower,5,7,30,0,42,0,0,16,0,16,5,7,46,0,58,28,0,28,86
11/12/2017,MHK,KS,ACE,CE,Federal Contract Tower,4,2,14,0,20,0,0,15,0,15,4,2,29,0,35,46,0,46,81
11/13/2017,MHK,KS,ACE,CE,Federal Contract Tower,4,3,15,0,22,0,0,6,0,6,4,3,21,0,28,10,0,10,38
11/14/2017,MHK,KS,ACE,CE,Federal Contract Tower,4,11,5,0,20,0,0,0,0,0,4,11,5,0,20,0,0,0,20
11/15/2017,MHK,KS,ACE,CE,Federal Contract Tower,4,7,16,0,27,0,6,39,0,45,4,13,55,0,72,136,0,136,208
11/16/2017,MHK,KS,ACE,CE,Federal Contract Tower,4,11,11,0,26,0,2,32,1,35,4,13,43,1,61,56,0,56,117
11/17/2017,MHK,KS,ACE,CE,Federal Contract Tower,6,2,5,0,13,0,0,20,0,20,6,2,25,0,33,62,0,62,95
11/18/2017,MHK,KS,ACE,CE,Federal Contract Tower,4,3,2,0,9,0,0,19,0,19,4,3,21,0,28,16,0,16,44
11/19/2017,MHK,KS,ACE,CE,Federal Contract Tower,4,4,5,0,13,0,0,49,0,49,4,4,54,0,62,82,0,82,144
11/20/2017,MHK,KS,ACE,CE,Federal Contract Tower,4,2,4,0,10,0,2,10,0,12,4,4,14,0,22,18,0,18,40
11/21/2017,MHK,KS,ACE,CE,Federal Contract Tower,8,3,6,2,19,0,0,10,0,10,8,3,16,2,29,10,0,10,39
11/22/2017,MHK,KS,ACE,CE,Federal Contract Tower,4,4,4,8,20,0,0,23,0,23,4,4,27,8,43,64,0,64,107
11/23/2017,MHK,KS,ACE,CE,Federal Contract Tower,2,0,0,0,2,0,0,14,0,14,2,0,14,0,16,6,0,6,22
11/24/2017,MHK,KS,ACE,CE,Federal Contract Tower,4,1,6,0,11,0,0,20,0,20,4,1,26,0,31,20,0,20,51
11/25/2017,MHK,KS,ACE,CE,Federal Contract Tower,8,5,32,0,45,0,0,53,0,53,8,5,85,0,98,100,0,100,198
11/26/2017,MHK,KS,ACE,CE,Federal Contract Tower,4,3,8,0,15,0,0,24,0,24,4,3,32,0,39,0,0,0,39
11/27/2017,MHK,KS,ACE,CE,Federal Contract Tower,4,2,2,2,10,0,14,0,0,14,4,16,2,2,24,0,0,0,24
11/28/2017,MHK,KS,ACE,CE,Federal Contract Tower,4,4,5,0,13,0,0,11,0,11,4,4,16,0,24,6,0,6,30
11/29/2017,MHK,KS,ACE,CE,Federal Contract Tower,4,2,17,2,25,0,0,27,4,31,4,2,44,6,56,70,2,72,128
11/30/2017,MHK,KS,ACE,CE,Federal Contract Tower,4,4,7,3,18,0,2,21,9,32,4,6,28,12,50,76,18,94,144
12/01/2017,MHK,KS,ACE,CE,Federal Contract Tower,4,6,15,2,27,0,2,34,3,39,4,8,49,5,66,28,4,32,98
12/02/2017,MHK,KS,ACE,CE,Federal Contract Tower,4,5,0,1,10,0,2,30,3,35,4,7,30,4,45,20,28,48,93
12/03/2017,MHK,KS,ACE,CE,Federal Contract Tower,5,4,4,0,13,0,0,10,0,10,5,4,14,0,23,4,0,4,27
12/04/2017,MHK,KS,ACE,CE,Federal Contract Tower,4,2,4,2,12,0,2,5,2,9,4,4,9,4,21,12,0,12,33
12/05/2017,MHK,KS,ACE,CE,Federal Contract Tower,4,4,11,3,22,0,0,12,1,13,4,4,23,4,35,10,2,12,47
12/06/2017,MHK,KS,ACE,CE,Federal Contract Tower,4,8,17,3,32,0,0,17,3,20,4,8,34,6,52,88,4,92,144
12/07/2017,MHK,KS,ACE,CE,Federal Contract Tower,4,8,3,0,15,0,0,22,0,22,4,8,25,0,37,22,0,22,59
12/08/2017,MHK,KS,ACE,CE,Federal Contract Tower,4,6,17,1,28,0,0,15,8,23,4,6,32,9,51,6,2,8,59
12/09/2017,MHK,KS,ACE,CE,Federal Contract Tower,3,2,9,2,16,0,2,23,0,25,3,4,32,2,41,6,0,6,47
12/10/2017,MHK,KS,ACE,CE,Federal Contract Tower,4,2,1,0,7,0,0,29,0,29,4,2,30,0,36,58,0,58,94
12/11/2017,MHK,KS,ACE,CE,Federal Contract Tower,4,7,7,9,27,0,4,10,3,17,4,11,17,12,44,42,0,42,86
12/12/2017,MHK,KS,ACE,CE,Federal Contract Tower,4,7,6,1,18,0,0,17,1,18,4,7,23,2,36,0,0,0,36
12/13/2017,MHK,KS,ACE,CE,Federal Contract Tower,4,5,10,0,19,0,0,10,0,10,4,5,20,0,29,4,0,4,33
12/14/2017,MHK,KS,ACE,CE,Federal Contract Tower,6,7,1,0,14,0,0,25,4,29,6,7,26,4,43,58,0,58,101
12/15/2017,MHK,KS,ACE,CE,Federal Contract Tower,3,7,8,0,18,0,0,19,2,21,3,7,27,2,39,78,2,80,119
12/16/2017,MHK,KS,ACE,CE,Federal Contract Tower,1,7,3,0,11,0,1,27,0,28,1,8,30,0,39,24,0,24,63
12/17/2017,MHK,KS,ACE,CE,Federal Contract Tower,2,6,4,0,12,0,0,5,0,5,2,6,9,0,17,8,0,8,25
12/18/2017,MHK,KS,ACE,CE,Federal Contract Tower,5,5,9,0,19,0,3,30,0,33,5,8,39,0,52,62,2,64,116
12/19/2017,MHK,KS,ACE,CE,Federal Contract Tower,2,4,13,0,19,0,2,17,0,19,2,6,30,0,38,18,0,18,56
12/20/2017,MHK,KS,ACE,CE,Federal Contract Tower,2,12,27,1,42,0,9,30,0,39,2,21,57,1,81,54,0,54,135
12/21/2017,MHK,KS,ACE,CE,Federal Contract Tower,6,3,7,0,16,0,0,0,0,0,6,3,7,0,16,0,0,0,16
12/22/2017,MHK,KS,ACE,CE,Federal Contract Tower,3,4,3,2,12,0,0,8,0,8,3,4,11,2,20,12,0,12,32
12/23/2017,MHK,KS,ACE,CE,Federal Contract Tower,1,4,2,0,7,0,0,14,0,14,1,4,16,0,21,6,0,6,27
12/24/2017,MHK,KS,ACE,CE,Federal Contract Tower,3,4,4,0,11,0,0,4,0,4,3,4,8,0,15,20,0,20,35
12/25/2017,MHK,KS,ACE,CE,Federal Contract Tower,2,4,1,2,9,0,0,0,0,0,2,4,1,2,9,0,0,0,9
12/26/2017,MHK,KS,ACE,CE,Federal Contract Tower,3,7,2,0,12,0,1,3,0,4,3,8,5,0,16,10,0,10,26
12/27/2017,MHK,KS,ACE,CE,Federal Contract Tower,6,13,0,0,19,0,0,15,0,15,6,13,15,0,34,44,0,44,78
12/28/2017,MHK,KS,ACE,CE,Federal Contract Tower,2,10,4,0,16,0,0,23,0,23,2,10,27,0,39,34,0,34,73
12/29/2017,MHK,KS,ACE,CE,Federal Contract Tower,2,4,2,0,8,0,0,6,0,6,2,4,8,0,14,20,0,20,34
12/30/2017,MHK,KS,ACE,CE,Federal Contract Tower,1,5,5,0,11,0,0,13,0,13,1,5,18,0,24,28,0,28,52
12/31/2017,MHK,KS,ACE,CE,Federal Contract Tower,0,2,2,0,4,0,0,16,0,16,0,2,18,0,20,30,0,30,50
01/01/2018,MHK,KS,ACE,CE,Federal Contract Tower,4,7,11,0,22,0,0,7,0,7,4,7,18,0,29,10,0,10,39
01/02/2018,MHK,KS,ACE,CE,Federal Contract Tower,3,7,6,3,19,0,0,3,1,4,3,7,9,4,23,0,4,4,27
01/03/2018,MHK,KS,ACE,CE,Federal Contract Tower,2,4,5,9,20,0,0,6,5,11,2,4,11,14,31,0,12,12,43
01/04/2018,MHK,KS,ACE,CE,Federal Contract Tower,2,5,6,6,19,0,0,12,4,16,2,5,18,10,35,20,12,32,67
01/05/2018,MHK,KS,ACE,CE,Federal Contract Tower,2,5,5,2,14,0,0,13,0,13,2,5,18,2,27,8,0,8,35
01/06/2018,MHK,KS,ACE,CE,Federal Contract Tower,3,5,6,0,14,0,0,25,2,27,3,5,31,2,41,34,0,34,75
01/07/2018,MHK,KS,ACE,CE,Federal Contract Tower,2,5,1,1,9,0,0,2,0,2,2,5,3,1,11,14,0,14,25
01/08/2018,MHK,KS,ACE,CE,Federal Contract Tower,0,7,6,6,19,0,2,41,3,46,0,9,47,9,65,66,0,66,131
01/09/2018,MHK,KS,ACE,CE,Federal Contract Tower,0,8,5,0,13,0,0,21,2,23,0,8,26,2,36,68,0,68,104
01/10/2018,MHK,KS,ACE,CE,Federal Contract Tower,0,7,13,5,25,0,0,14,9,23,0,7,27,14,48,20,32,52,100
01/11/2018,MHK,KS,ACE,CE,Federal Contract Tower,0,9,3,0,12,0,0,0,0,0,0,9,3,0,12,0,0,0,12
01/12/2018,MHK,KS,ACE,CE,Federal Contract Tower,0,11,14,0,25,0,0,20,0,20,0,11,34,0,45,54,0,54,99
01/13/2018,MHK,KS,ACE,CE,Federal Contract Tower,0,6,6,2,14,0,0,27,2,29,0,6,33,4,43,46,0,46,89
01/14/2018,MHK,KS,ACE,CE,Federal Contract Tower,0,8,2,0,10,0,0,20,1,21,0,8,22,1,31,30,0,30,61
01/15/2018,MHK,KS,ACE,CE,Federal Contract Tower,0,4,3,0,7,0,0,15,0,15,0,4,18,0,22,4,0,4,26
01/16/2018,MHK,KS,ACE,CE,Federal Contract Tower,0,10,11,1,22,0,0,4,4,8,0,10,15,5,30,10,12,22,52
01/17/2018,MHK,KS,ACE,CE,Federal Contract Tower,0,8,23,2,33,0,4,10,4,18,0,12,33,6,51,46,4,50,101
01/18/2018,MHK,KS,ACE,CE,Federal Contract Tower,0,6,5,3,14,0,0,21,4,25,0,6,26,7,39,8,6,14,53
01/19/2018,MHK,KS,ACE,CE,Federal Contract Tower,1,10,5,8,24,0,0,42,2,44,1,10,47,10,68,88,2,90,158
01/20/2018,MHK,KS,ACE,CE,Federal Contract Tower,0,5,9,0,14,0,0,34,0,34,0,5,43,0,48,110,0,110,158
01/21/2018,MHK,KS,ACE,CE,Federal Contract Tower,2,8,3,0,13,0,0,29,0,29,2,8,32,0,42,102,0,102,144
01/22/2018,MHK,KS,ACE,CE,Federal Contract Tower,0,6,0,0,6,0,0,0,0,0,0,6,0,0,6,0,0,0,6
01/23/2018,MHK,KS,ACE,CE,Federal Contract Tower,0,7,6,0,13,0,0,15,3,18,0,7,21,3,31,62,16,78,109
01/24/2018,MHK,KS,ACE,CE,Federal Contract Tower,0,5,12,7,24,0,3,38,1,42,0,8,50,8,66,98,2,100,166
01/25/2018,MHK,KS,ACE,CE,Federal Contract Tower,0,12,8,0,20,0,2,32,9,43,0,14,40,9,63,6,14,20,83
01/26/2018,MHK,KS,ACE,CE,Federal Contract Tower,1,9,2,1,13,0,0,20,1,21,1,9,22,2,34,30,0,30,64
01/27/2018,MHK,KS,ACE,CE,Federal Contract Tower,1,5,8,1,15,0,1,63,0,64,1,6,71,1,79,46,0,46,125
01/28/2018,MHK,KS,ACE,CE,Federal Contract Tower,0,6,7,0,13,0,0,35,0,35,0,6,42,0,48,60,0,60,108
01/29/2018,MHK,KS,ACE,CE,Federal Contract Tower,0,6,11,2,19,0,2,35,2,39,0,8,46,4,58,30,8,38,96
01/30/2018,MHK,KS,ACE,CE,Federal Contract Tower,0,10,7,0,17,0,0,18,8,26,0,10,25,8,43,28,32,60,103
01/31/2018,MHK,KS,ACE,CE,Federal Contract Tower,0,8,2,1,11,0,0,31,5,36,0,8,33,6,47,76,28,104,151
02/01/2018,MHK,KS,ACE,CE,Federal Contract Tower,0,6,2,0,8,0,0,4,4,8,0,6,6,4,16,24,10,34,50
02/02/2018,MHK,KS,ACE,CE,Federal Contract Tower,0,13,10,1,24,0,0,27,4,31,0,13,37,5,55,60,0,60,115
02/03/2018,MHK,KS,ACE,CE,Federal Contract Tower,0,8,2,0,10,0,0,21,0,21,0,8,23,0,31,20,0,20,51
02/04/2018,MHK,KS,ACE,CE,Federal Contract Tower,0,5,3,0,8,0,0,0,0,0,0,5,3,0,8,0,0,0,8
02/05/2018,MHK,KS,ACE,CE,Federal Contract Tower,0,6,7,0,13,0,2,9,4,15,0,8,16,4,28,12,34,46,74
02/06/2018,MHK,KS,ACE,CE,Federal Contract Tower,0,11,2,2,15,0,0,0,0,0,0,11,2,2,15,0,0,0,15
02/07/2018,MHK,KS,ACE,CE,Federal Contract Tower,0,5,11,5,21,0,0,19,5,24,0,5,30,10,45,48,26,74,119
02/08/2018,MHK,KS,ACE,CE,Federal Contract Tower,0,6,3,0,9,0,0,20,12,32,0,6,23,12,41,24,52,76,117
02/09/2018,MHK,KS,ACE,CE,Federal Contract Tower,4,7,6,2,19,0,0,0,0,0,4,7,6,2,19,0,0,0,19
02/10/2018,MHK,KS,ACE,CE,Federal Contract Tower,0,6,4,0,10,0,0,7,0,7,0,6,11,0,17,0,0,0,17
02/11/2018,MHK,KS,ACE,CE,Federal Contract Tower,0,6,9,0,15,0,0,27,0,27,0,6,36,0,42,96,0,96,138
02/12/2018,MHK,KS,ACE,CE,Federal Contract Tower,0,6,3,3,12,0,2,24,12,38,0,8,27,15,50,54,60,114,164
02/13/2018,MHK,KS,ACE,CE,Federal Contract Tower,0,7,1,3,11,0,0,11,7,18,0,7,12,10,29,0,22,22,51
02/14/2018,MHK,KS,ACE,CE,Federal Contract Tower,0,5,7,4,16,0,2,8,10,20,0,7,15,14,36,2,46,48,84
02/15/2018,MHK,KS,ACE,CE,Federal Contract Tower,0,6,2,0,8,0,0,17,0,17,0,6,19,0,25,6,0,6,31
02/16/2018,MHK,KS,ACE,CE,Federal Contract Tower,1,10,10,2,23,0,0,24,0,24,1,10,34,2,47,76,0,76,123
02/17/2018,MHK,KS,ACE,CE,Federal Contract Tower,0,10,11,0,21,0,0,39,0,39,0,10,50,0,60,58,0,58,118
02/18/2018,MHK,KS,ACE,CE,Federal Contract Tower,0,6,2,0,8,0,0,4,0,4,0,6,6,0,12,0,0,0,12
02/19/2018,MHK,KS,ACE,CE,Federal Contract Tower,0,8,5,0,13,0,0,1,0,1,0,8,6,0,14,0,0,0,14
02/20/2018,MHK,KS,ACE,CE,Federal Contract Tower,2,4,0,3,9,0,0,4,11,15,2,4,4,14,24,22,40,62,86
02/21/2018,MHK,KS,ACE,CE,Federal Contract Tower,0,10,7,4,21,0,0,11,6,17,0,10,18,10,38,26,34,60,98
02/22/2018,MHK,KS,ACE,CE,Federal Contract Tower,1,6,0,0,7,0,0,0,0,0,1,6,0,0,7,0,0,0,7
02/23/2018,MHK,KS,ACE,CE,Federal Contract Tower,0,23,7,0,30,0,0,12,4,16,0,23,19,4,46,62,12,74,120
02/24/2018,MHK,KS,ACE,CE,Federal Contract Tower,0,7,4,0,11,0,0,1,0,1,0,7,5,0,12,0,0,0,12
02/25/2018,MHK,KS,ACE,CE,Federal Contract Tower,0,10,2,0,12,0,0,36,0,36,0,10,38,0,48,88,0,88,136
02/26/2018,MHK,KS,ACE,CE,Federal Contract Tower,0,8,2,25,35,0,0,26,5,31,0,8,28,30,66,0,16,16,82
02/27/2018,MHK,KS,ACE,CE,Federal Contract Tower,0,11,13,14,38,0,0,9,13,22,0,11,22,27,60,8,46,54,114
02/28/2018,MHK,KS,ACE,CE,Federal Contract Tower,0,10,0,12,22,0,0,0,0,0,0,10,0,12,22,0,0,0,22
03/01/2018,MHK,KS,ACE,CE,Federal Contract Tower,0,9,2,20,31,0,0,24,4,28,0,9,26,24,59,50,4,54,113
03/02/2018,MHK,KS,ACE,CE,Federal Contract Tower,0,8,3,19,30,0,0,41,1,42,0,8,44,20,72,24,2,26,98
03/03/2018,MHK,KS,ACE,CE,Federal Contract Tower,2,5,5,2,14,0,0,12,1,13,2,5,17,3,27,6,0,6,33
03/04/2018,MHK,KS,ACE,CE,Federal Contract Tower,0,8,5,0,13,0,0,5,0,5,0,8,10,0,18,12,0,12,30
03/05/2018,MHK,KS,ACE,CE,Federal Contract Tower,0,5,5,8,18,0,0,0,2,2,0,5,5,10,20,0,0,0,20
03/06/2018,MHK,KS,ACE,CE,Federal Contract Tower,0,6,0,1,7,0,0,2,1,3,0,6,2,2,10,0,2,2,12
03/07/2018,MHK,KS,ACE,CE,Federal Contract Tower,0,7,7,5,19,0,4,25,5,34,0,11,32,10,53,0,8,8,61
03/08/2018,MHK,KS,ACE,CE,Federal Contract Tower,0,6,8,8,22,0,0,52,4,56,0,6,60,12,78,76,26,102,180
03/09/2018,MHK,KS,ACE,CE,Federal Contract Tower,0,6,4,0,10,0,0,55,0,55,0,6,59,0,65,46,0,46,111
03/10/2018,MHK,KS,ACE,CE,Federal Contract Tower,0,5,1,2,8,0,0,47,0,47,0,5,48,2,55,40,0,40,95
03/11/2018,MHK,KS,ACE,CE,Federal Contract Tower,0,6,4,0,10,0,0,4,0,4,0,6,8,0,14,26,0,26,40
03/12/2018,MHK,KS,ACE,CE,Federal Contract Tower,0,8,8,4,20,0,0,36,6,42,0,8,44,10,62,32,24,56,118
03/13/2018,MHK,KS,ACE,CE,Federal Contract Tower,0,10,10,6,26,0,0,55,5,60,0,10,65,11,86,82,6,88,174
03/14/2018,MHK,KS,ACE,CE,Federal Contract Tower,2,8,16,6,32,0,4,34,19,57,2,12,50,25,89,36,98,134,223
03/15/2018,MHK,KS,ACE,CE,Federal Contract Tower,0,9,21,16,46,0,0,14,14,28,0,9,35,30,74,10,20,30,104
03/16/2018,MHK,KS,ACE,CE,Federal Contract Tower,0,10,2,12,24,0,0,2,8,10,0,10,4,20,34,0,0,0,34
03/17/2018,MHK,KS,ACE,CE,Federal Contract Tower,0,5,2,0,7,0,0,22,0,22,0,5,24,0,29,20,0,20,49
03/18/2018,MHK,KS,ACE,CE,Federal Contract Tower,0,6,8,0,14,0,0,15,0,15,0,6,23,0,29,10,0,10,39
03/19/2018,MHK,KS,ACE,CE,Federal Contract Tower,2,6,1,2,11,0,0,0,6,6,2,6,1,8,17,0,30,30,47
03/20/2018,MHK,KS,ACE,CE,Federal Contract Tower,2,13,2,11,28,0,4,9,10,23,2,17,11,21,51,38,12,50,101
03/21/2018,MHK,KS,ACE,CE,Federal Contract Tower,0,5,11,16,32,0,0,33,2,35,0,5,44,18,67,74,0,74,141
03/22/2018,MHK,KS,ACE,CE,Federal Contract Tower,0,7,28,1,36,0,0,42,5,47,0,7,70,6,83,68,0,68,151
03/23/2018,MHK,KS,ACE,CE,Federal Contract Tower,0,7,25,2,34,0,0,17,0,17,0,7,42,2,51,40,0,40,91
03/24/2018,MHK,KS,ACE,CE,Federal Contract Tower,0,5,3,0,8,0,0,14,0,14,0,5,17,0,22,20,0,20,42
03/25/2018,MHK,KS,ACE,CE,Federal Contract Tower,2,10,0,0,12,0,0,11,0,11,2,10,11,0,23,0,0,0,23
03/26/2018,MHK,KS,ACE,CE,Federal Contract Tower,0,8,3,1,12,0,0,0,0,0,0,8,3,1,12,0,0,0,12
03/27/2018,MHK,KS,ACE,CE,Federal Contract Tower,0,7,22,3,32,0,0,19,3,22,0,7,41,6,54,50,14,64,118
03/28/2018,MHK,KS,ACE,CE,Federal Contract Tower,0,20,20,10,50,0,3,22,4,29,0,23,42,14,79,54,16,70,149
03/29/2018,MHK,KS,ACE,CE,Federal Contract Tower,0,7,5,0,12,0,0,7,0,7,0,7,12,0,19,70,0,70,89
03/30/2018,MHK,KS,ACE,CE,Federal Contract Tower,0,8,6,4,18,0,3,41,0,44,0,11,47,4,62,76,0,76,138
03/31/2018,MHK,KS,ACE,CE,Federal Contract Tower,0,7,6,2,15,0,0,33,0,33,0,7,39,2,48,32,0,32,80
04/01/2018,MHK,KS,ACE,CE,Federal Contract Tower,0,7,3,0,10,0,0,19,0,19,0,7,22,0,29,66,0,66,95
04/02/2018,MHK,KS,ACE,CE,Federal Contract Tower,0,9,5,0,14,0,0,6,0,6,0,9,11,0,20,18,0,18,38
04/03/2018,MHK,KS,ACE,CE,Federal Contract Tower,2,2,8,2,14,0,0,6,0,6,2,2,14,2,20,12,0,12,32
04/04/2018,MHK,KS,ACE,CE,Federal Contract Tower,2,8,11,2,23,0,0,30,3,33,2,8,41,5,56,8,0,8,64
04/05/2018,MHK,KS,ACE,CE,Federal Contract Tower,2,4,20,4,30,0,0,40,1,41,2,4,60,5,71,110,0,110,181
04/06/2018,MHK,KS,ACE,CE,Federal Contract Tower,2,5,8,0,15,0,0,8,0,8,2,5,16,0,23,54,0,54,77
04/07/2018,MHK,KS,ACE,CE,Federal Contract Tower,0,6,1,2,9,0,1,66,0,67,0,7,67,2,76,112,0,112,188
04/08/2018,MHK,KS,ACE,CE,Federal Contract Tower,4,6,5,0,15,0,0,16,0,16,4,6,21,0,31,22,0,22,53
04/09/2018,MHK,KS,ACE,CE,Federal Contract Tower,3,5,7,0,15,0,0,26,0,26,3,5,33,0,41,112,0,112,153
04/10/2018,MHK,KS,ACE,CE,Federal Contract Tower,2,6,8,3,19,0,0,38,1,39,2,6,46,4,58,32,0,32,90
04/11/2018,MHK,KS,ACE,CE,Federal Contract Tower,2,7,7,4,20,0,0,10,0,10,2,7,17,4,30,8,0,8,38
04/12/2018,MHK,KS,ACE,CE,Federal Contract Tower,2,9,6,0,17,0,0,23,0,23,2,9,29,0,40,48,0,48,88
04/13/2018,MHK,KS,ACE,CE,Federal Contract Tower,2,2,7,2,13,0,0,8,1,9,2,2,15,3,22,2,0,2,24
04/14/2018,MHK,KS,ACE,CE,Federal Contract Tower,0,3,0,2,5,0,0,0,0,0,0,3,0,2,5,0,0,0,5
04/15/2018,MHK,KS,ACE,CE,Federal Contract Tower,2,4,3,0,9,0,0,15,0,15,2,4,18,0,24,72,0,72,96
04/16/2018,MHK,KS,ACE,CE,Federal Contract Tower,2,4,9,2,17,0,4,39,0,43,2,8,48,2,60,62,0,62,122
04/17/2018,MHK,KS,ACE,CE,Federal Contract Tower,2,9,6,2,19,0,0,12,2,14,2,9,18,4,33,10,0,10,43
04/18/2018,MHK,KS,ACE,CE,Federal Contract Tower,2,7,12,1,22,0,0,7,1,8,2,7,19,2,30,10,0,10,40
04/19/2018,MHK,KS,ACE,CE,Federal Contract Tower,2,9,16,0,27,0,2,23,8,33,2,11,39,8,60,22,88,110,170
04/20/2018,MHK,KS,ACE,CE,Federal Contract Tower,2,11,20,4,37,0,0,32,8,40,2,11,52,12,77,60,28,88,165
04/21/2018,MHK,KS,ACE,CE,Federal Contract Tower,0,6,16,2,24,0,0,8,0,8,0,6,24,2,32,36,0,36,68
04/22/2018,MHK,KS,ACE,CE,Federal Contract Tower,2,8,8,1,19,0,0,28,2,30,2,8,36,3,49,38,0,38,87
04/23/2018,MHK,KS,ACE,CE,Federal Contract Tower,2,4,24,16,46,0,0,37,2,39,2,4,61,18,85,58,12,70,155
04/24/2018,MHK,KS,ACE,CE,Federal Contract Tower,2,6,2,13,23,0,0,18,9,27,2,6,20,22,50,34,44,78,128
04/25/2018,MHK,KS,ACE,CE,Federal Contract Tower,2,6,16,21,45,0,0,1,3,4,2,6,17,24,49,0,36,36,85
04/26/2018,MHK,KS,ACE,CE,Federal Contract Tower,0,8,15,18,41,0,0,18,6,24,0,8,33,24,65,36,30,66,131
04/27/2018,MHK,KS,ACE,CE,Federal Contract Tower,2,6,14,4,26,0,0,33,6,39,2,6,47,10,65,48,8,56,121
04/28/2018,MHK,KS,ACE,CE,Federal Contract Tower,0,5,10,0,15,0,0,49,0,49,0,5,59,0,64,84,0,84,148
04/29/2018,MHK,KS,ACE,CE,Federal Contract Tower,2,8,6,0,16,0,0,20,0,20,2,8,26,0,36,30,0,30,66
04/30/2018,MHK,KS,ACE,CE,Federal Contract Tower,2,4,5,3,14,0,0,3,1,4,2,4,8,4,18,0,0,0,18
05/01/2018,MHK,KS,ACE,CE,Federal Contract Tower,2,6,6,0,14,0,0,13,0,13,2,6,19,0,27,92,0,92,119
05/02/2018,MHK,KS,ACE,CE,Federal Contract Tower,2,5,15,0,22,0,0,13,0,13,2,5,28,0,35,36,0,36,71
05/03/2018,MHK,KS,ACE,CE,Federal Contract Tower,2,4,22,2,30,0,0,13,1,14,2,4,35,3,44,12,0,12,56
05/04/2018,MHK,KS,ACE,CE,Federal Contract Tower,2,4,16,1,23,0,1,52,0,53,2,5,68,1,76,72,0,72,148
05/05/2018,MHK,KS,ACE,CE,Federal Contract Tower,2,7,5,0,14,0,2,80,0,82,2,9,85,0,96,162,0,162,258
05/06/2018,MHK,KS,ACE,CE,Federal Contract Tower,4,4,13,4,25,0,0,51,0,51,4,4,64,4,76,124,0,124,200
05/07/2018,MHK,KS,ACE,CE,Federal Contract Tower,2,6,12,0,20,0,0,47,14,61,2,6,59,14,81,128,0,128,209
05/08/2018,MHK,KS,ACE,CE,Federal Contract Tower,2,6,9,7,24,0,0,25,2,27,2,6,34,9,51,42,8,50,101
05/09/2018,MHK,KS,ACE,CE,Federal Contract Tower,2,4,9,4,19,0,0,32,12,44,2,4,41,16,63,24,14,38,101
05/10/2018,MHK,KS,ACE,CE,Federal Contract Tower,2,8,13,3,26,0,0,37,9,46,2,8,50,12,72,26,6,32,104
05/11/2018,MHK,KS,ACE,CE,Federal Contract Tower,2,4,14,2,22,0,0,37,0,37,2,4,51,2,59,26,0,26,85
05/12/2018,MHK,KS,ACE,CE,Federal Contract Tower,2,8,15,0,25,0,0,33,0,33,2,8,48,0,58,62,0,62,120
05/13/2018,MHK,KS,ACE,CE,Federal Contract Tower,2,6,11,0,19,0,0,21,0,21,2,6,32,0,40,36,0,36,76
05/14/2018,MHK,KS,ACE,CE,Federal Contract Tower,2,4,13,4,23,0,0,6,0,6,2,4,19,4,29,14,0,14,43
05/15/2018,MHK,KS,ACE,CE,Federal Contract Tower,6,6,31,4,47,0,0,21,4,25,6,6,52,8,72,70,24,94,166
05/16/2018,MHK,KS,ACE,CE,Federal Contract Tower,2,6,19,3,30,0,0,8,6,14,2,6,27,9,44,0,94,94,138
05/17/2018,MHK,KS,ACE,CE,Federal Contract Tower,2,4,15,11,32,0,0,27,11,38,2,4,42,22,70,8,44,52,122
05/18/2018,MHK,KS,ACE,CE,Federal Contract Tower,2,7,8,12,29,0,0,26,3,29,2,7,34,15,58,72,0,72,130
05/19/2018,MHK,KS,ACE,CE,Federal Contract Tower,2,4,15,0,21,0,0,16,0,16,2,4,31,0,37,16,0,16,53
05/20/2018,MHK,KS,ACE,CE,Federal Contract Tower,3,4,8,0,15,0,0,3,0,3,3,4,11,0,18,14,0,14,32
05/21/2018,MHK,KS,ACE,CE,Federal Contract Tower,2,4,17,16,39,0,2,32,1,35,2,6,49,17,74,62,0,62,136
05/22/2018,MHK,KS,ACE,CE,Federal Contract Tower,2,4,27,24,57,0,0,47,2,49,2,4,74,26,106,50,0,50,156
05/23/2018,MHK,KS,ACE,CE,Federal Contract Tower,2,4,32,4,42,0,0,9,7,16,2,4,41,11,58,8,14,22,80
05/24/2018,MHK,KS,ACE,CE,Federal Contract Tower,3,16,17,4,40,0,2,20,0,22,3,18,37,4,62,14,0,14,76
05/25/2018,MHK,KS,ACE,CE,Federal Contract Tower,2,4,10,2,18,0,2,49,0,51,2,6,59,2,69,36,0,36,105
05/26/2018,MHK,KS,ACE,CE,Federal Contract Tower,2,6,6,0,14,0,0,36,0,36,2,6,42,0,50,0,0,0,50
05/27/2018,MHK,KS,ACE,CE,Federal Contract Tower,2,4,2,0,8,0,0,21,0,21,2,4,23,0,29,24,0,24,53
05/28/2018,MHK,KS,ACE,CE,Federal Contract Tower,2,5,7,2,16,0,0,34,0,34,2,5,41,2,50,26,0,26,76
05/29/2018,MHK,KS,ACE,CE,Federal Contract Tower,2,4,19,4,29,0,0,9,0,9,2,4,28,4,38,0,0,0,38
05/30/2018,MHK,KS,ACE,CE,Federal Contract Tower,2,5,41,2,50,0,0,27,2,29,2,5,68,4,79,32,0,32,111
05/31/2018,MHK,KS,ACE,CE,Federal Contract Tower,2,4,22,1,29,0,0,13,0,13,2,4,35,1,42,0,0,0,42
06/01/2018,MHK,KS,ACE,CE,Federal Contract Tower,2,8,8,0,18,0,0,20,2,22,2,8,28,2,40,30,0,30,70
06/02/2018,MHK,KS,ACE,CE,Federal Contract Tower,2,4,6,0,12,0,0,14,0,14,2,4,20,0,26,12,0,12,38
06/03/2018,MHK,KS,ACE,CE,Federal Contract Tower,2,4,4,0,10,0,0,25,0,25,2,4,29,0,35,40,0,40,75
06/04/2018,MHK,KS,ACE,CE,Federal Contract Tower,2,2,5,2,11,0,0,20,3,23,2,2,25,5,34,18,0,18,52
06/05/2018,MHK,KS,ACE,CE,Federal Contract Tower,2,4,10,3,19,0,0,31,4,35,2,4,41,7,54,34,8,42,96
06/06/2018,MHK,KS,ACE,CE,Federal Contract Tower,0,4,14,0,18,0,0,19,0,19,0,4,33,0,37,30,0,30,67
06/07/2018,MHK,KS,ACE,CE,Federal Contract Tower,2,8,12,3,25,0,0,11,0,11,2,8,23,3,36,18,0,18,54
06/09/2018,MHK,KS,ACE,CE,Federal Contract Tower,2,5,7,2,16,0,0,36,0,36,2,5,43,2,52,42,0,42,94
06/10/2018,MHK,KS,ACE,CE,Federal Contract Tower,2,4,13,0,19,0,1,37,0,38,2,5,50,0,57,56,0,56,113
06/11/2018,MHK,KS,ACE,CE,Federal Contract Tower,2,5,10,5,22,0,0,17,0,17,2,5,27,5,39,10,0,10,49
06/12/2018,MHK,KS,ACE,CE,Federal Contract Tower,2,4,8,4,18,0,0,24,2,26,2,4,32,6,44,34,2,36,80
06/13/2018,MHK,KS,ACE,CE,Federal Contract Tower,2,6,10,1,19,0,0,18,1,19,2,6,28,2,38,58,0,58,96
06/14/2018,MHK,KS,ACE,CE,Federal Contract Tower,2,5,13,3,23,0,1,11,7,19,2,6,24,10,42,0,2,2,44
06/15/2018,MHK,KS,ACE,CE,Federal Contract Tower,2,4,9,2,17,0,0,25,0,25,2,4,34,2,42,42,0,42,84
06/16/2018,MHK,KS,ACE,CE,Federal Contract Tower,2,6,6,0,14,0,0,22,0,22,2,6,28,0,36,24,0,24,60
06/17/2018,MHK,KS,ACE,CE,Federal Contract Tower,2,6,5,0,13,0,0,22,0,22,2,6,27,0,35,4,0,4,39
06/18/2018,MHK,KS,ACE,CE,Federal Contract Tower,2,4,21,3,30,0,0,21,3,24,2,4,42,6,54,12,0,12,66
06/19/2018,MHK,KS,ACE,CE,Federal Contract Tower,2,3,5,0,10,0,0,23,0,23,2,3,28,0,33,68,0,68,101
06/20/2018,MHK,KS,ACE,CE,Federal Contract Tower,2,8,18,1,29,0,0,21,11,32,2,8,39,12,61,34,62,96,157
06/21/2018,MHK,KS,ACE,CE,Federal Contract Tower,2,7,10,13,32,0,0,9,13,22,2,7,19,26,54,16,8,24,78
06/22/2018,MHK,KS,ACE,CE,Federal Contract Tower,2,4,8,11,25,0,2,25,3,30,2,6,33,14,55,48,0,48,103
06/23/2018,MHK,KS,ACE,CE,Federal Contract Tower,2,4,6,0,12,0,0,42,0,42,2,4,48,0,54,40,0,40,94
06/24/2018,MHK,KS,ACE,CE,Federal Contract Tower,2,12,3,0,17,0,0,53,0,53,2,12,56,0,70,70,0,70,140
06/25/2018,MHK,KS,ACE,CE,Federal Contract Tower,2,6,21,19,48,0,0,24,1,25,2,6,45,20,73,56,0,56,129
06/26/2018,MHK,KS,ACE,CE,Federal Contract Tower,2,3,28,17,50,0,0,24,3,27,2,3,52,20,77,42,0,42,119
06/27/2018,MHK,KS,ACE,CE,Federal Contract Tower,2,8,35,4,49,0,0,28,2,30,2,8,63,6,79,30,2,32,111
06/28/2018,MHK,KS,ACE,CE,Federal Contract Tower,2,7,10,0,19,0,0,25,0,25,2,7,35,0,44,24,0,24,68
06/29/2018,MHK,KS,ACE,CE,Federal Contract Tower,2,4,3,0,9,0,0,28,0,28,2,4,31,0,37,24,0,24,61
06/30/2018,MHK,KS,ACE,CE,Federal Contract Tower,2,4,10,0,16,0,0,24,0,24,2,4,34,0,40,28,0,28,68
07/01/2018,MHK,KS,ACE,CE,Federal Contract Tower,2,6,7,0,15,0,0,39,0,39,2,6,46,0,54,82,0,82,136
07/02/2018,MHK,KS,ACE,CE,Federal Contract Tower,2,5,10,0,17,0,0,25,0,25,2,5,35,0,42,20,0,20,62
07/03/2018,MHK,KS,ACE,CE,Federal Contract Tower,0,6,6,4,16,0,2,21,6,29,0,8,27,10,45,60,2,62,107
07/04/2018,MHK,KS,ACE,CE,Federal Contract Tower,0,3,1,0,4,0,0,17,0,17,0,3,18,0,21,10,0,10,31
07/05/2018,MHK,KS,ACE,CE,Federal Contract Tower,0,8,8,1,17,0,0,29,1,30,0,8,37,2,47,20,0,20,67
07/06/2018,MHK,KS,ACE,CE,Federal Contract Tower,1,6,11,2,20,0,0,25,2,27,1,6,36,4,47,60,2,62,109
07/07/2018,MHK,KS,ACE,CE,Federal Contract Tower,2,6,16,0,24,0,0,34,0,34,2,6,50,0,58,34,0,34,92
07/08/2018,MHK,KS,ACE,CE,Federal Contract Tower,2,6,2,0,10,0,0,38,0,38,2,6,40,0,48,50,0,50,98
07/09/2018,MHK,KS,ACE,CE,Federal Contract Tower,1,6,13,2,22,0,0,14,0,14,1,6,27,2,36,42,0,42,78
07/10/2018,MHK,KS,ACE,CE,Federal Contract Tower,3,8,25,8,44,0,0,23,2,25,3,8,48,10,69,52,2,54,123
07/11/2018,MHK,KS,ACE,CE,Federal Contract Tower,2,6,15,0,23,0,0,23,0,23,2,6,38,0,46,34,0,34,80
07/12/2018,MHK,KS,ACE,CE,Federal Contract Tower,0,8,25,8,41,0,1,34,0,35,0,9,59,8,76,50,0,50,126
07/13/2018,MHK,KS,ACE,CE,Federal Contract Tower,2,6,9,0,17,0,0,18,0,18,2,6,27,0,35,26,0,26,61
07/14/2018,MHK,KS,ACE,CE,Federal Contract Tower,2,6,16,0,24,0,0,20,2,22,2,6,36,2,46,12,0,12,58
07/15/2018,MHK,KS,ACE,CE,Federal Contract Tower,2,6,8,0,16,0,0,15,0,15,2,6,23,0,31,18,0,18,49
07/16/2018,MHK,KS,ACE,CE,Federal Contract Tower,2,6,15,6,29,0,0,16,2,18,2,6,31,8,47,34,0,34,81
07/17/2018,MHK,KS,ACE,CE,Federal Contract Tower,2,6,22,5,35,0,0,9,1,10,2,6,31,6,45,26,0,26,71
07/18/2018,MHK,KS,ACE,CE,Federal Contract Tower,2,9,21,1,33,0,0,22,2,24,2,9,43,3,57,36,2,38,95
07/19/2018,MHK,KS,ACE,CE,Federal Contract Tower,2,6,21,10,39,0,3,30,11,44,2,9,51,21,83,42,58,100,183
07/20/2018,MHK,KS,ACE,CE,Federal Contract Tower,2,10,11,19,42,0,0,43,17,60,2,10,54,36,102,28,34,62,164
07/21/2018,MHK,KS,ACE,CE,Federal Contract Tower,2,8,4,2,16,0,0,56,0,56,2,8,60,2,72,14,0,14,86
07/22/2018,MHK,KS,ACE,CE,Federal Contract Tower,2,6,5,1,14,0,0,31,0,31,2,6,36,1,45,28,0,28,73
07/23/2018,MHK,KS,ACE,CE,Federal Contract Tower,2,6,15,24,47,0,0,45,7,52,2,6,60,31,99,52,0,52,151
07/24/2018,MHK,KS,ACE,CE,Federal Contract Tower,2,8,13,23,46,0,2,22,8,32,2,10,35,31,78,20,14,34,112
07/25/2018,MHK,KS,ACE,CE,Federal Contract Tower,2,8,23,20,53,0,0,19,4,23,2,8,42,24,76,20,2,22,98
07/26/2018,MHK,KS,ACE,CE,Federal Contract Tower,2,6,14,5,27,0,0,23,0,23,2,6,37,5,50,18,0,18,68
07/27/2018,MHK,KS,ACE,CE,Federal Contract Tower,2,8,11,4,25,0,0,8,0,8,2,8,19,4,33,0,0,0,33
07/28/2018,MHK,KS,ACE,CE,Federal Contract Tower,2,6,14,2,24,0,0,46,2,48,2,6,60,4,72,56,0,56,128
07/29/2018,MHK,KS,ACE,CE,Federal Contract Tower,2,8,11,0,21,0,0,11,0,11,2,8,22,0,32,10,0,10,42
07/30/2018,MHK,KS,ACE,CE,Federal Contract Tower,2,6,10,7,25,0,0,12,2,14,2,6,22,9,39,10,0,10,49
07/31/2018,MHK,KS,ACE,CE,Federal Contract Tower,2,8,17,1,28,0,2,32,7,41,2,10,49,8,69,26,30,56,125
08/01/2018,MHK,KS,ACE,CE,Federal Contract Tower,2,10,10,4,26,0,0,43,2,45,2,10,53,6,71,64,0,64,135
08/02/2018,MHK,KS,ACE,CE,Federal Contract Tower,0,8,17,4,29,0,0,26,8,34,0,8,43,12,63,4,10,14,77
08/03/2018,MHK,KS,ACE,CE,Federal Contract Tower,2,6,9,0,17,0,0,21,3,24,2,6,30,3,41,16,0,16,57
08/04/2018,MHK,KS,ACE,CE,Federal Contract Tower,2,6,6,0,14,0,0,26,0,26,2,6,32,0,40,22,0,22,62
08/05/2018,MHK,KS,ACE,CE,Federal Contract Tower,2,4,5,0,11,0,0,16,0,16,2,4,21,0,27,8,0,8,35
08/06/2018,MHK,KS,ACE,CE,Federal Contract Tower,3,7,33,4,47,0,0,18,6,24,3,7,51,10,71,0,40,40,111
08/07/2018,MHK,KS,ACE,CE,Federal Contract Tower,2,4,6,3,15,0,4,35,1,40,2,8,41,4,55,66,0,66,121
08/08/2018,MHK,KS,ACE,CE,Federal Contract Tower,2,4,14,3,23,0,0,39,6,45,2,4,53,9,68,40,8,48,116
08/09/2018,MHK,KS,ACE,CE,Federal Contract Tower,2,10,35,5,52,0,0,35,5,40,2,10,70,10,92,10,24,34,126
08/10/2018,MHK,KS,ACE,CE,Federal Contract Tower,2,5,7,1,15,0,0,35,1,36,2,5,42,2,51,32,0,32,83
08/11/2018,MHK,KS,ACE,CE,Federal Contract Tower,2,4,4,0,10,0,0,37,0,37,2,4,41,0,47,2,0,2,49
08/12/2018,MHK,KS,ACE,CE,Federal Contract Tower,2,7,9,0,18,0,0,34,0,34,2,7,43,0,52,34,0,34,86
08/13/2018,MHK,KS,ACE,CE,Federal Contract Tower,2,5,18,0,25,0,0,24,0,24,2,5,42,0,49,44,0,44,93
08/14/2018,MHK,KS,ACE,CE,Federal Contract Tower,4,4,10,0,18,0,0,13,0,13,4,4,23,0,31,92,0,92,123
08/15/2018,MHK,KS,ACE,CE,Federal Contract Tower,2,6,28,12,48,0,0,13,2,15,2,6,41,14,63,0,28,28,91
08/16/2018,MHK,KS,ACE,CE,Federal Contract Tower,2,8,27,10,47,0,0,25,12,37,2,8,52,22,84,34,46,80,164
08/17/2018,MHK,KS,ACE,CE,Federal Contract Tower,2,6,10,8,26,0,0,17,21,38,2,6,27,29,64,6,18,24,88
08/18/2018,MHK,KS,ACE,CE,Federal Contract Tower,2,4,7,0,13,0,0,38,0,38,2,4,45,0,51,10,0,10,61
08/19/2018,MHK,KS,ACE,CE,Federal Contract Tower,4,4,3,0,11,0,0,0,0,0,4,4,3,0,11,10,0,10,21
08/20/2018,MHK,KS,ACE,CE,Federal Contract Tower,2,2,7,17,28,0,0,4,4,8,2,2,11,21,36,12,0,12,48
08/21/2018,MHK,KS,ACE,CE,Federal Contract Tower,2,4,16,18,40,0,0,25,8,33,2,4,41,26,73,32,2,34,107
08/22/2018,MHK,KS,ACE,CE,Federal Contract Tower,2,6,39,32,79,0,0,19,9,28,2,6,58,41,107,8,2,10,117
08/23/2018,MHK,KS,ACE,CE,Federal Contract Tower,2,6,12,4,24,0,0,4,0,4,2,6,16,4,28,6,0,6,34
08/24/2018,MHK,KS,ACE,CE,Federal Contract Tower,2,10,12,0,24,0,0,46,0,46,2,10,58,0,70,38,0,38,108
08/25/2018,MHK,KS,ACE,CE,Federal Contract Tower,1,4,2,0,7,0,3,35,0,38,1,7,37,0,45,28,0,28,73
08/26/2018,MHK,KS,ACE,CE,Federal Contract Tower,2,4,7,0,13,0,0,9,0,9,2,4,16,0,22,0,0,0,22
08/27/2018,MHK,KS,ACE,CE,Federal Contract Tower,2,5,12,2,21,0,0,15,0,15,2,5,27,2,36,0,0,0,36
08/28/2018,MHK,KS,ACE,CE,Federal Contract Tower,2,4,17,2,25,0,0,10,0,10,2,4,27,2,35,0,0,0,35
08/29/2018,MHK,KS,ACE,CE,Federal Contract Tower,2,9,46,0,57,0,0,51,4,55,2,9,97,4,112,70,20,90,202
08/30/2018,MHK,KS,ACE,CE,Federal Contract Tower,2,8,6,0,16,0,0,8,0,8,2,8,14,0,24,24,0,24,48
08/31/2018,MHK,KS,ACE,CE,Federal Contract Tower,2,6,7,0,15,0,0,22,0,22,2,6,29,0,37,24,0,24,61
09/01/2018,MHK,KS,ACE,CE,Federal Contract Tower,1,5,13,0,19,0,0,28,0,28,1,5,41,0,47,8,0,8,55
09/02/2018,MHK,KS,ACE,CE,Federal Contract Tower,2,3,8,0,13,0,0,20,0,20,2,3,28,0,33,32,0,32,65
09/03/2018,MHK,KS,ACE,CE,Federal Contract Tower,4,4,11,0,19,0,0,8,0,8,4,4,19,0,27,36,0,36,63
09/04/2018,MHK,KS,ACE,CE,Federal Contract Tower,1,6,12,2,21,0,0,2,0,2,1,6,14,2,23,0,0,0,23
09/05/2018,MHK,KS,ACE,CE,Federal Contract Tower,2,6,7,2,17,0,0,2,0,2,2,6,9,2,19,0,0,0,19
09/06/2018,MHK,KS,ACE,CE,Federal Contract Tower,2,7,2,2,13,0,0,0,0,0,2,7,2,2,13,0,0,0,13
09/07/2018,MHK,KS,ACE,CE,Federal Contract Tower,3,14,19,0,36,0,0,0,0,0,3,14,19,0,36,0,0,0,36
09/08/2018,MHK,KS,ACE,CE,Federal Contract Tower,3,13,38,0,54,0,0,22,0,22,3,13,60,0,76,30,0,30,106
09/09/2018,MHK,KS,ACE,CE,Federal Contract Tower,2,6,9,0,17,0,0,46,0,46,2,6,55,0,63,64,0,64,127
09/10/2018,MHK,KS,ACE,CE,Federal Contract Tower,3,4,27,21,55,0,0,7,16,23,3,4,34,37,78,2,42,44,122
09/11/2018,MHK,KS,ACE,CE,Federal Contract Tower,2,10,22,24,58,0,0,23,4,27,2,10,45,28,85,0,0,0,85
09/12/2018,MHK,KS,ACE,CE,Federal Contract Tower,2,9,43,24,78,0,0,17,6,23,2,9,60,30,101,0,10,10,111
09/13/2018,MHK,KS,ACE,CE,Federal Contract Tower,2,6,21,33,62,0,0,11,3,14,2,6,32,36,76,0,12,12,88
09/14/2018,MHK,KS,ACE,CE,Federal Contract Tower,4,4,16,2,26,0,0,20,2,22,4,4,36,4,48,12,0,12,60
09/15/2018,MHK,KS,ACE,CE,Federal Contract Tower,3,6,14,0,23,0,0,37,0,37,3,6,51,0,60,24,0,24,84
09/16/2018,MHK,KS,ACE,CE,Federal Contract Tower,4,4,9,0,17,0,0,27,0,27,4,4,36,0,44,10,0,10,54
09/17/2018,MHK,KS,ACE,CE,Federal Contract Tower,2,4,12,5,23,0,0,10,1,11,2,4,22,6,34,10,0,10,44
09/18/2018,MHK,KS,ACE,CE,Federal Contract Tower,2,10,11,2,25,0,0,15,6,21,2,10,26,8,46,8,18,26,72
09/19/2018,MHK,KS,ACE,CE,Federal Contract Tower,2,6,16,2,26,0,0,20,0,20,2,6,36,2,46,12,0,12,58
09/20/2018,MHK,KS,ACE,CE,Federal Contract Tower,2,6,1,3,12,0,0,5,1,6,2,6,6,4,18,0,0,0,18
09/21/2018,MHK,KS,ACE,CE,Federal Contract Tower,3,6,8,3,20,0,0,25,3,28,3,6,33,6,48,48,0,48,96
09/22/2018,MHK,KS,ACE,CE,Federal Contract Tower,1,4,3,0,8,0,2,67,4,73,1,6,70,4,81,40,22,62,143
09/23/2018,MHK,KS,ACE,CE,Federal Contract Tower,2,6,5,0,13,0,6,38,0,44,2,12,43,0,57,28,0,28,85
09/24/2018,MHK,KS,ACE,CE,Federal Contract Tower,2,5,9,1,17,0,0,10,6,16,2,5,19,7,33,0,34,34,67
09/25/2018,MHK,KS,ACE,CE,Federal Contract Tower,2,4,17,9,32,0,0,11,5,16,2,4,28,14,48,14,42,56,104
09/26/2018,MHK,KS,ACE,CE,Federal Contract Tower,3,6,22,7,38,0,0,12,11,23,3,6,34,18,61,18,46,64,125
09/27/2018,MHK,KS,ACE,CE,Federal Contract Tower,0,8,12,18,38,0,0,39,28,67,0,8,51,46,105,32,72,104,209
09/28/2018,MHK,KS,ACE,CE,Federal Contract Tower,6,4,17,20,47,0,0,25,6,31,6,4,42,26,78,0,4,4,82
09/29/2018,MHK,KS,ACE,CE,Federal Contract Tower,9,9,45,0,63,0,0,1,0,1,9,9,46,0,64,0,0,0,64
09/30/2018,MHK,KS,ACE,CE,Federal Contract Tower,2,6,15,0,23,0,0,0,0,0,2,6,15,0,23,0,0,0,23
10/01/2018,MHK,KS,ACE,CE,Federal Contract Tower,2,6,12,17,37,0,0,5,2,7,2,6,17,19,44,10,0,10,54
10/02/2018,MHK,KS,ACE,CE,Federal Contract Tower,2,5,12,24,43,0,2,20,0,22,2,7,32,24,65,2,0,2,67
10/03/2018,MHK,KS,ACE,CE,Federal Contract Tower,2,4,21,10,37,0,0,7,0,7,2,4,28,10,44,0,0,0,44
10/04/2018,MHK,KS,ACE,CE,Federal Contract Tower,2,5,8,7,22,0,0,21,5,26,2,5,29,12,48,58,0,58,106
10/05/2018,MHK,KS,ACE,CE,Federal Contract Tower,4,7,10,0,21,0,0,5,0,5,4,7,15,0,26,0,0,0,26
10/06/2018,MHK,KS,ACE,CE,Federal Contract Tower,1,4,3,0,8,0,0,1,0,1,1,4,4,0,9,0,0,0,9
10/07/2018,MHK,KS,ACE,CE,Federal Contract Tower,2,4,4,0,10,0,0,0,0,0,2,4,4,0,10,0,0,0,10
10/08/2018,MHK,KS,ACE,CE,Federal Contract Tower,2,4,4,0,10,0,0,3,0,3,2,4,7,0,13,8,0,8,21
10/09/2018,MHK,KS,ACE,CE,Federal Contract Tower,2,3,4,0,9,0,0,0,0,0,2,3,4,0,9,0,0,0,9
10/10/2018,MHK,KS,ACE,CE,Federal Contract Tower,2,8,14,3,27,0,0,25,5,30,2,8,39,8,57,66,12,78,135
10/11/2018,MHK,KS,ACE,CE,Federal Contract Tower,2,7,18,4,31,0,0,28,1,29,2,7,46,5,60,58,0,58,118
10/12/2018,MHK,KS,ACE,CE,Federal Contract Tower,5,5,7,0,17,0,0,2,0,2,5,5,9,0,19,0,0,0,19
10/13/2018,MHK,KS,ACE,CE,Federal Contract Tower,2,13,36,1,52,0,0,34,1,35,2,13,70,2,87,42,0,42,129
10/14/2018,MHK,KS,ACE,CE,Federal Contract Tower,2,5,3,1,11,0,0,1,0,1,2,5,4,1,12,0,0,0,12
10/15/2018,MHK,KS,ACE,CE,Federal Contract Tower,2,4,15,3,24,0,2,32,1,35,2,6,47,4,59,88,0,88,147
10/16/2018,MHK,KS,ACE,CE,Federal Contract Tower,2,6,9,12,29,0,1,20,7,28,2,7,29,19,57,6,12,18,75
10/17/2018,MHK,KS,ACE,CE,Federal Contract Tower,2,4,14,4,24,0,0,50,15,65,2,4,64,19,89,36,42,78,167
10/18/2018,MHK,KS,ACE,CE,Federal Contract Tower,1,4,10,4,19,0,0,27,7,34,1,4,37,11,53,20,0,20,73
10/19/2018,MHK,KS,ACE,CE,Federal Contract Tower,2,6,17,9,34,0,0,13,2,15,2,6,30,11,49,6,0,6,55
10/20/2018,MHK,KS,ACE,CE,Federal Contract Tower,1,6,6,2,15,0,0,38,2,40,1,6,44,4,55,64,0,64,119
10/21/2018,MHK,KS,ACE,CE,Federal Contract Tower,2,6,6,0,14,0,0,44,0,44,2,6,50,0,58,30,0,30,88
10/22/2018,MHK,KS,ACE,CE,Federal Contract Tower,2,4,18,2,26,0,0,34,0,34,2,4,52,2,60,52,0,52,112
10/23/2018,MHK,KS,ACE,CE,Federal Contract Tower,2,6,2,7,17,0,2,42,1,45,2,8,44,8,62,86,0,86,148
10/24/2018,MHK,KS,ACE,CE,Federal Contract Tower,2,4,15,9,30,0,0,17,8,25,2,4,32,17,55,10,2,12,67
10/25/2018,MHK,KS,ACE,CE,Federal Contract Tower,2,7,13,6,28,0,0,0,0,0,2,7,13,6,28,0,0,0,28
10/26/2018,MHK,KS,ACE,CE,Federal Contract Tower,4,7,11,1,23,0,0,15,3,18,4,7,26,4,41,42,0,42,83
10/27/2018,MHK,KS,ACE,CE,Federal Contract Tower,2,4,2,0,8,0,2,57,0,59,2,6,59,0,67,56,0,56,123
10/28/2018,MHK,KS,ACE,CE,Federal Contract Tower,2,4,4,0,10,0,0,38,0,38,2,4,42,0,48,48,0,48,96
10/29/2018,MHK,KS,ACE,CE,Federal Contract Tower,2,6,24,0,32,0,2,16,0,18,2,8,40,0,50,14,0,14,64
10/30/2018,MHK,KS,ACE,CE,Federal Contract Tower,2,7,27,11,47,0,0,5,2,7,2,7,32,13,54,20,14,34,88
10/31/2018,MHK,KS,ACE,CE,Federal Contract Tower,1,7,10,11,29,0,4,24,13,41,1,11,34,24,70,16,42,58,128
11/01/2018,MHK,KS,ACE,CE,Federal Contract Tower,2,8,17,42,69,0,3,37,31,71,2,11,54,73,140,18,158,176,316
11/02/2018,MHK,KS,ACE,CE,Federal Contract Tower,4,4,14,22,44,0,0,22,9,31,4,4,36,31,75,26,4,30,105
11/03/2018,MHK,KS,ACE,CE,Federal Contract Tower,2,5,12,0,19,0,0,16,2,18,2,5,28,2,37,8,0,8,45
11/04/2018,MHK,KS,ACE,CE,Federal Contract Tower,2,6,8,0,16,0,0,28,0,28,2,6,36,0,44,40,0,40,84
11/05/2018,MHK,KS,ACE,CE,Federal Contract Tower,2,8,6,13,29,0,2,26,13,41,2,10,32,26,70,30,24,54,124
11/06/2018,MHK,KS,ACE,CE,Federal Contract Tower,2,8,25,23,58,0,0,21,9,30,2,8,46,32,88,36,20,56,144
11/07/2018,MHK,KS,ACE,CE,Federal Contract Tower,2,7,20,14,43,0,5,15,6,26,2,12,35,20,69,30,22,52,121
11/08/2018,MHK,KS,ACE,CE,Federal Contract Tower,1,6,3,0,10,0,0,0,0,0,1,6,3,0,10,0,0,0,10
11/09/2018,MHK,KS,ACE,CE,Federal Contract Tower,2,7,20,0,29,0,0,12,0,12,2,7,32,0,41,6,0,6,47
11/10/2018,MHK,KS,ACE,CE,Federal Contract Tower,1,14,32,2,49,0,0,49,5,54,1,14,81,7,103,14,0,14,117
11/11/2018,MHK,KS,ACE,CE,Federal Contract Tower,2,6,10,0,18,0,0,31,4,35,2,6,41,4,53,8,0,8,61
11/12/2018,MHK,KS,ACE,CE,Federal Contract Tower,1,6,5,0,12,0,0,3,0,3,1,6,8,0,15,0,0,0,15
11/13/2018,MHK,KS,ACE,CE,Federal Contract Tower,2,10,42,3,57,0,2,27,9,38,2,12,69,12,95,0,28,28,123
11/14/2018,MHK,KS,ACE,CE,Federal Contract Tower,4,10,34,0,48,0,2,25,10,37,4,12,59,10,85,4,60,64,149
11/15/2018,MHK,KS,ACE,CE,Federal Contract Tower,2,6,13,12,33,0,0,51,3,54,2,6,64,15,87,12,16,28,115
11/16/2018,MHK,KS,ACE,CE,Federal Contract Tower,4,8,31,9,52,0,0,36,5,41,4,8,67,14,93,14,0,14,107
11/17/2018,MHK,KS,ACE,CE,Federal Contract Tower,3,10,11,0,24,0,0,4,0,4,3,10,15,0,28,16,0,16,44
11/18/2018,MHK,KS,ACE,CE,Federal Contract Tower,2,7,19,0,28,0,0,32,4,36,2,7,51,4,64,36,0,36,100
11/19/2018,MHK,KS,ACE,CE,Federal Contract Tower,2,11,6,0,19,0,2,21,2,25,2,13,27,2,44,30,10,40,84
11/20/2018,MHK,KS,ACE,CE,Federal Contract Tower,4,13,9,2,28,0,0,21,4,25,4,13,30,6,53,8,24,32,85
11/21/2018,MHK,KS,ACE,CE,Federal Contract Tower,2,10,17,0,29,0,2,29,6,37,2,12,46,6,66,42,0,42,108
11/22/2018,MHK,KS,ACE,CE,Federal Contract Tower,1,7,0,0,8,0,0,6,0,6,1,7,6,0,14,0,0,0,14
11/23/2018,MHK,KS,ACE,CE,Federal Contract Tower,3,4,5,0,12,0,0,11,0,11,3,4,16,0,23,20,0,20,43
11/24/2018,MHK,KS,ACE,CE,Federal Contract Tower,2,10,9,0,21,0,0,19,1,20,2,10,28,1,41,14,0,14,55
11/25/2018,MHK,KS,ACE,CE,Federal Contract Tower,0,0,2,0,2,0,0,0,1,1,0,0,2,1,3,0,0,0,3
11/26/2018,MHK,KS,ACE,CE,Federal Contract Tower,2,2,7,4,15,0,0,1,2,3,2,2,8,6,18,0,0,0,18
11/27/2018,MHK,KS,ACE,CE,Federal Contract Tower,2,6,4,2,14,0,0,9,0,9,2,6,13,2,23,10,0,10,33
11/28/2018,MHK,KS,ACE,CE,Federal Contract Tower,3,13,12,12,40,0,0,14,9,23,3,13,26,21,63,0,36,36,99
11/29/2018,MHK,KS,ACE,CE,Federal Contract Tower,2,13,6,4,25,0,2,12,37,51,2,15,18,41,76,6,6,12,88
11/30/2018,MHK,KS,ACE,CE,Federal Contract Tower,2,11,4,6,23,0,0,0,0,0,2,11,4,6,23,0,0,0,23
12/01/2018,MHK,KS,ACE,CE,Federal Contract Tower,1,10,2,0,13,0,0,0,0,0,1,10,2,0,13,0,0,0,13
12/02/2018,MHK,KS,ACE,CE,Federal Contract Tower,3,7,6,0,16,0,0,7,0,7,3,7,13,0,23,36,0,36,59
12/03/2018,MHK,KS,ACE,CE,Federal Contract Tower,5,11,10,10,36,0,0,5,10,15,5,11,15,20,51,22,34,56,107
12/04/2018,MHK,KS,ACE,CE,Federal Contract Tower,3,6,12,4,25,0,0,5,20,25,3,6,17,24,50,6,72,78,128
12/05/2018,MHK,KS,ACE,CE,Federal Contract Tower,2,16,16,4,38,0,2,50,2,54,2,18,66,6,92,44,0,44,136
12/06/2018,MHK,KS,ACE,CE,Federal Contract Tower,2,8,29,12,51,0,0,30,2,32,2,8,59,14,83,28,0,28,111
12/07/2018,MHK,KS,ACE,CE,Federal Contract Tower,2,12,12,0,26,0,6,27,2,35,2,18,39,2,61,22,0,22,83
12/08/2018,MHK,KS,ACE,CE,Federal Contract Tower,1,10,4,0,15,0,0,26,0,26,1,10,30,0,41,48,0,48,89
12/09/2018,MHK,KS,ACE,CE,Federal Contract Tower,2,6,0,0,8,0,0,53,0,53,2,6,53,0,61,36,0,36,97
12/10/2018,MHK,KS,ACE,CE,Federal Contract Tower,2,6,23,6,37,0,2,31,9,42,2,8,54,15,79,26,26,52,131
12/11/2018,MHK,KS,ACE,CE,Federal Contract Tower,2,6,12,4,24,0,2,32,2,36,2,8,44,6,60,28,4,32,92
12/12/2018,MHK,KS,ACE,CE,Federal Contract Tower,2,7,11,14,34,0,5,25,6,36,2,12,36,20,70,38,6,44,114
12/13/2018,MHK,KS,ACE,CE,Federal Contract Tower,2,6,4,6,18,0,0,14,5,19,2,6,18,11,37,30,8,38,75
12/14/2018,MHK,KS,ACE,CE,Federal Contract Tower,6,5,10,18,39,0,20,42,7,69,6,25,52,25,108,86,40,126,234
12/15/2018,MHK,KS,ACE,CE,Federal Contract Tower,1,7,4,0,12,0,0,61,2,63,1,7,65,2,75,100,0,100,175
12/16/2018,MHK,KS,ACE,CE,Federal Contract Tower,3,7,7,0,17,0,0,38,0,38,3,7,45,0,55,6,0,6,61
12/17/2018,MHK,KS,ACE,CE,Federal Contract Tower,2,7,19,0,28,0,5,29,0,34,2,12,48,0,62,12,0,12,74
12/18/2018,MHK,KS,ACE,CE,Federal Contract Tower,3,6,24,13,46,0,0,48,4,52,3,6,72,17,98,94,12,106,204
12/19/2018,MHK,KS,ACE,CE,Federal Contract Tower,4,6,28,3,41,0,0,14,5,19,4,6,42,8,60,2,4,6,66
12/20/2018,MHK,KS,ACE,CE,Federal Contract Tower,4,6,5,2,17,0,0,9,3,12,4,6,14,5,29,0,8,8,37
12/21/2018,MHK,KS,ACE,CE,Federal Contract Tower,2,4,6,2,14,0,4,31,0,35,2,8,37,2,49,0,0,0,49
12/22/2018,MHK,KS,ACE,CE,Federal Contract Tower,3,2,5,0,10,0,0,7,0,7,3,2,12,0,17,0,0,0,17
12/23/2018,MHK,KS,ACE,CE,Federal Contract Tower,3,2,4,0,9,0,0,31,0,31,3,2,35,0,40,20,0,20,60
12/24/2018,MHK,KS,ACE,CE,Federal Contract Tower,4,4,1,0,9,0,0,8,0,8,4,4,9,0,17,10,0,10,27
12/25/2018,MHK,KS,ACE,CE,Federal Contract Tower,5,4,1,0,10,0,0,1,0,1,5,4,2,0,11,0,0,0,11
12/26/2018,MHK,KS,ACE,CE,Federal Contract Tower,2,3,3,0,8,0,0,0,0,0,2,3,3,0,8,0,0,0,8
12/27/2018,MHK,KS,ACE,CE,Federal Contract Tower,4,5,3,2,14,0,0,0,0,0,4,5,3,2,14,0,0,0,14
12/28/2018,MHK,KS,ACE,CE,Federal Contract Tower,4,3,5,0,12,0,0,5,0,5,4,3,10,0,17,6,0,6,23
12/29/2018,MHK,KS,ACE,CE,Federal Contract Tower,3,2,8,0,13,0,0,13,0,13,3,2,21,0,26,12,0,12,38
12/30/2018,MHK,KS,ACE,CE,Federal Contract Tower,2,7,10,0,19,0,0,25,0,25,2,7,35,0,44,40,0,40,84
12/31/2018,MHK,KS,ACE,CE,Federal Contract Tower,4,2,0,0,6,0,0,13,0,13,4,2,13,0,19,20,0,20,39
01/01/2019,MHK,KS,ACE,CE,Federal Contract Tower,6,4,3,0,13,0,0,11,0,11,6,4,14,0,24,30,0,30,54
01/02/2019,MHK,KS,ACE,CE,Federal Contract Tower,4,3,5,0,12,0,0,25,0,25,4,3,30,0,37,20,0,20,57
01/03/2019,MHK,KS,ACE,CE,Federal Contract Tower,5,4,13,4,26,0,0,35,4,39,5,4,48,8,65,38,10,48,113
01/04/2019,MHK,KS,ACE,CE,Federal Contract Tower,5,5,14,2,26,0,0,44,0,44,5,5,58,2,70,52,0,52,122
01/05/2019,MHK,KS,ACE,CE,Federal Contract Tower,3,4,14,0,21,0,0,86,0,86,3,4,100,0,107,70,0,70,177
01/06/2019,MHK,KS,ACE,CE,Federal Contract Tower,2,4,0,5,11,0,0,6,5,11,2,4,6,10,22,0,22,22,44
01/07/2019,MHK,KS,ACE,CE,Federal Contract Tower,2,6,8,19,35,0,0,14,7,21,2,6,22,26,56,10,34,44,100
01/08/2019,MHK,KS,ACE,CE,Federal Contract Tower,3,2,13,0,18,0,0,15,0,15,3,2,28,0,33,6,0,6,39
01/09/2019,MHK,KS,ACE,CE,Federal Contract Tower,2,2,23,15,42,0,0,24,8,32,2,2,47,23,74,16,10,26,100
01/10/2019,MHK,KS,ACE,CE,Federal Contract Tower,2,7,13,4,26,0,0,23,0,23,2,7,36,4,49,28,0,28,77
01/11/2019,MHK,KS,ACE,CE,Federal Contract Tower,2,3,3,0,8,0,0,3,0,3,2,3,6,0,11,0,0,0,11
01/12/2019,MHK,KS,ACE,CE,Federal Contract Tower,4,5,0,0,9,0,0,0,0,0,4,5,0,0,9,0,0,0,9
01/13/2019,MHK,KS,ACE,CE,Federal Contract Tower,2,5,3,0,10,0,0,2,0,2,2,5,5,0,12,10,0,10,22
01/14/2019,MHK,KS,ACE,CE,Federal Contract Tower,2,4,7,0,13,0,0,0,0,0,2,4,7,0,13,0,0,0,13
01/15/2019,MHK,KS,ACE,CE,Federal Contract Tower,2,6,6,0,14,0,0,0,0,0,2,6,6,0,14,0,0,0,14
01/16/2019,MHK,KS,ACE,CE,Federal Contract Tower,4,2,6,0,12,0,0,0,0,0,4,2,6,0,12,0,0,0,12
01/17/2019,MHK,KS,ACE,CE,Federal Contract Tower,2,3,8,0,13,0,0,0,0,0,2,3,8,0,13,0,0,0,13
01/18/2019,MHK,KS,ACE,CE,Federal Contract Tower,2,7,0,0,9,0,0,0,0,0,2,7,0,0,9,0,0,0,9
01/19/2019,MHK,KS,ACE,CE,Federal Contract Tower,5,4,1,0,10,0,0,9,0,9,5,4,10,0,19,6,0,6,25
01/20/2019,MHK,KS,ACE,CE,Federal Contract Tower,2,4,2,0,8,0,0,14,2,16,2,4,16,2,24,30,0,30,54
01/21/2019,MHK,KS,ACE,CE,Federal Contract Tower,4,8,3,0,15,0,0,21,0,21,4,8,24,0,36,20,0,20,56
01/22/2019,MHK,KS,ACE,CE,Federal Contract Tower,2,0,0,0,2,0,0,0,0,0,2,0,0,0,2,0,0,0,2
01/23/2019,MHK,KS,ACE,CE,Federal Contract Tower,2,8,26,2,38,0,0,19,4,23,2,8,45,6,61,60,16,76,137
01/24/2019,MHK,KS,ACE,CE,Federal Contract Tower,2,8,3,0,13,0,0,15,0,15,2,8,18,0,28,48,0,48,76
01/25/2019,MHK,KS,ACE,CE,Federal Contract Tower,2,14,6,0,22,0,0,14,0,14,2,14,20,0,36,38,0,38,74
01/26/2019,MHK,KS,ACE,CE,Federal Contract Tower,3,5,5,2,15,0,2,35,0,37,3,7,40,2,52,44,0,44,96
01/27/2019,MHK,KS,ACE,CE,Federal Contract Tower,2,6,3,0,11,0,0,14,0,14,2,6,17,0,25,20,0,20,45
01/28/2019,MHK,KS,ACE,CE,Federal Contract Tower,2,2,0,0,4,0,0,0,0,0,2,2,0,0,4,0,0,0,4
01/29/2019,MHK,KS,ACE,CE,Federal Contract Tower,2,3,6,0,11,0,2,17,0,19,2,5,23,0,30,54,0,54,84
01/30/2019,MHK,KS,ACE,CE,Federal Contract Tower,2,0,5,0,7,0,0,11,0,11,2,0,16,0,18,6,0,6,24
01/31/2019,MHK,KS,ACE,CE,Federal Contract Tower,2,2,6,0,10,0,0,20,0,20,2,2,26,0,30,34,0,34,64
02/01/2019,MHK,KS,ACE,CE,Federal Contract Tower,1,6,13,3,23,0,0,77,2,79,1,6,90,5,102,96,4,100,202
02/02/2019,MHK,KS,ACE,CE,Federal Contract Tower,3,3,9,0,15,0,0,2,0,2,3,3,11,0,17,0,0,0,17
02/03/2019,MHK,KS,ACE,CE,Federal Contract Tower,2,4,5,0,11,0,0,15,0,15,2,4,20,0,26,0,0,0,26
02/04/2019,MHK,KS,ACE,CE,Federal Contract Tower,2,11,17,0,30,0,0,17,0,17,2,11,34,0,47,8,0,8,55
02/05/2019,MHK,KS,ACE,CE,Federal Contract Tower,2,4,3,1,10,0,0,2,0,2,2,4,5,1,12,0,0,0,12
02/06/2019,MHK,KS,ACE,CE,Federal Contract Tower,2,5,8,4,19,0,0,0,0,0,2,5,8,4,19,0,0,0,19
02/07/2019,MHK,KS,ACE,CE,Federal Contract Tower,2,3,3,0,8,0,0,0,0,0,2,3,3,0,8,0,0,0,8
02/08/2019,MHK,KS,ACE,CE,Federal Contract Tower,2,7,10,6,25,0,1,23,0,24,2,8,33,6,49,22,0,22,71
02/09/2019,MHK,KS,ACE,CE,Federal Contract Tower,2,10,4,0,16,0,0,15,0,15,2,10,19,0,31,2,0,2,33
02/10/2019,MHK,KS,ACE,CE,Federal Contract Tower,3,6,2,0,11,0,0,2,0,2,3,6,4,0,13,0,0,0,13
02/11/2019,MHK,KS,ACE,CE,Federal Contract Tower,4,8,1,0,13,0,0,0,0,0,4,8,1,0,13,0,0,0,13
02/12/2019,MHK,KS,ACE,CE,Federal Contract Tower,2,6,4,0,12,0,0,18,0,18,2,6,22,0,30,28,0,28,58
02/13/2019,MHK,KS,ACE,CE,Federal Contract Tower,2,5,10,0,17,0,2,21,0,23,2,7,31,0,40,10,0,10,50
02/14/2019,MHK,KS,ACE,CE,Federal Contract Tower,2,4,15,0,21,0,0,26,0,26,2,4,41,0,47,24,0,24,71
02/15/2019,MHK,KS,ACE,CE,Federal Contract Tower,2,6,4,2,14,0,0,0,0,0,2,6,4,2,14,0,0,0,14
02/16/2019,MHK,KS,ACE,CE,Federal Contract Tower,2,5,6,0,13,0,0,14,0,14,2,5,20,0,27,18,0,18,45
02/17/2019,MHK,KS,ACE,CE,Federal Contract Tower,2,3,4,0,9,0,0,9,0,9,2,3,13,0,18,2,0,2,20
02/18/2019,MHK,KS,ACE,CE,Federal Contract Tower,2,5,10,0,17,0,0,13,0,13,2,5,23,0,30,22,0,22,52
02/19/2019,MHK,KS,ACE,CE,Federal Contract Tower,4,6,7,2,19,0,0,6,0,6,4,6,13,2,25,10,0,10,35
02/20/2019,MHK,KS,ACE,CE,Federal Contract Tower,2,2,5,0,9,0,0,11,0,11,2,2,16,0,20,38,0,38,58
02/21/2019,MHK,KS,ACE,CE,Federal Contract Tower,2,7,12,0,21,0,0,14,0,14,2,7,26,0,35,6,0,6,41
02/22/2019,MHK,KS,ACE,CE,Federal Contract Tower,2,6,0,0,8,0,0,9,0,9,2,6,9,0,17,20,0,20,37
02/23/2019,MHK,KS,ACE,CE,Federal Contract Tower,0,2,0,0,2,0,0,0,0,0,0,2,0,0,2,0,0,0,2
02/24/2019,MHK,KS,ACE,CE,Federal Contract Tower,2,6,3,0,11,0,0,16,0,16,2,6,19,0,27,18,0,18,45
02/25/2019,MHK,KS,ACE,CE,Federal Contract Tower,8,6,1,0,15,0,0,31,0,31,8,6,32,0,46,62,0,62,108
02/26/2019,MHK,KS,ACE,CE,Federal Contract Tower,2,6,4,0,12,0,0,0,0,0,2,6,4,0,12,0,0,0,12
02/27/2019,MHK,KS,ACE,CE,Federal Contract Tower,2,4,2,0,8,0,0,9,0,9,2,4,11,0,17,20,0,20,37
02/28/2019,MHK,KS,ACE,CE,Federal Contract Tower,2,8,28,0,38,0,0,43,0,43,2,8,71,0,81,58,0,58,139
03/01/2019,MHK,KS,ACE,CE,Federal Contract Tower,2,5,7,0,14,0,0,29,3,32,2,5,36,3,46,38,0,38,84
03/02/2019,MHK,KS,ACE,CE,Federal Contract Tower,4,7,5,2,18,0,0,19,3,22,4,7,24,5,40,26,0,26,66
03/03/2019,MHK,KS,ACE,CE,Federal Contract Tower,3,8,1,0,12,0,0,5,0,5,3,8,6,0,17,10,0,10,27
03/04/2019,MHK,KS,ACE,CE,Federal Contract Tower,2,10,24,0,36,0,0,27,0,27,2,10,51,0,63,18,0,18,81
03/05/2019,MHK,KS,ACE,CE,Federal Contract Tower,2,8,3,0,13,0,2,14,0,16,2,10,17,0,29,44,0,44,73
03/06/2019,MHK,KS,ACE,CE,Federal Contract Tower,2,6,26,6,40,0,4,31,0,35,2,10,57,6,75,18,0,18,93
03/07/2019,MHK,KS,ACE,CE,Federal Contract Tower,2,4,2,0,8,0,0,8,4,12,2,4,10,4,20,18,0,18,38
03/08/2019,MHK,KS,ACE,CE,Federal Contract Tower,2,10,8,2,22,0,0,0,0,0,2,10,8,2,22,0,0,0,22
03/09/2019,MHK,KS,ACE,CE,Federal Contract Tower,2,10,6,0,18,0,0,2,0,2,2,10,8,0,20,0,0,0,20
03/10/2019,MHK,KS,ACE,CE,Federal Contract Tower,2,5,5,0,12,0,0,49,0,49,2,5,54,0,61,52,0,52,113
03/11/2019,MHK,KS,ACE,CE,Federal Contract Tower,4,6,10,0,20,0,0,29,0,29,4,6,39,0,49,50,0,50,99
03/12/2019,MHK,KS,ACE,CE,Federal Contract Tower,2,4,2,0,8,0,0,3,0,3,2,4,5,0,11,10,0,10,21
03/13/2019,MHK,KS,ACE,CE,Federal Contract Tower,5,5,2,0,12,0,0,0,0,0,5,5,2,0,12,0,0,0,12
03/14/2019,MHK,KS,ACE,CE,Federal Contract Tower,2,3,0,0,5,0,0,0,0,0,2,3,0,0,5,0,0,0,5
03/15/2019,MHK,KS,ACE,CE,Federal Contract Tower,2,7,6,0,15,0,2,26,0,28,2,9,32,0,43,38,0,38,81
03/16/2019,MHK,KS,ACE,CE,Federal Contract Tower,2,2,5,2,11,0,0,40,0,40,2,2,45,2,51,28,0,28,79
03/17/2019,MHK,KS,ACE,CE,Federal Contract Tower,2,4,3,0,9,0,0,55,0,55,2,4,58,0,64,8,0,8,72
03/18/2019,MHK,KS,ACE,CE,Federal Contract Tower,2,4,11,0,17,0,0,19,0,19,2,4,30,0,36,4,0,4,40
03/19/2019,MHK,KS,ACE,CE,Federal Contract Tower,4,4,5,2,15,0,0,4,7,11,4,4,9,9,26,14,0,14,40
03/20/2019,MHK,KS,ACE,CE,Federal Contract Tower,4,8,10,0,22,0,0,20,0,20,4,8,30,0,42,42,0,42,84
03/21/2019,MHK,KS,ACE,CE,Federal Contract Tower,2,8,15,0,25,0,0,39,0,39,2,8,54,0,64,52,0,52,116
03/22/2019,MHK,KS,ACE,CE,Federal Contract Tower,4,5,3,0,12,0,0,41,1,42,4,5,44,1,54,36,0,36,90
03/23/2019,MHK,KS,ACE,CE,Federal Contract Tower,4,3,2,2,11,0,0,8,1,9,4,3,10,3,20,8,0,8,28
03/24/2019,MHK,KS,ACE,CE,Federal Contract Tower,2,4,8,0,14,0,0,5,1,6,2,4,13,1,20,22,0,22,42
03/25/2019,MHK,KS,ACE,CE,Federal Contract Tower,3,6,4,0,13,0,2,19,0,21,3,8,23,0,34,64,0,64,98
03/26/2019,MHK,KS,ACE,CE,Federal Contract Tower,5,6,15,0,26,0,0,34,2,36,5,6,49,2,62,54,0,54,116
03/27/2019,MHK,KS,ACE,CE,Federal Contract Tower,2,6,3,0,11,0,1,13,0,14,2,7,16,0,25,8,0,8,33
03/28/2019,MHK,KS,ACE,CE,Federal Contract Tower,4,6,7,0,17,0,0,11,0,11,4,6,18,0,28,24,0,24,52
03/29/2019,MHK,KS,ACE,CE,Federal Contract Tower,2,3,1,0,6,0,0,0,0,0,2,3,1,0,6,0,0,0,6
03/30/2019,MHK,KS,ACE,CE,Federal Contract Tower,3,3,1,2,9,0,0,8,0,8,3,3,9,2,17,10,0,10,27
04/01/2019,MHK,KS,ACE,CE,Federal Contract Tower,1,7,25,5,38,0,4,15,0,19,1,11,40,5,57,52,0,52,109
04/02/2019,MHK,KS,ACE,CE,Federal Contract Tower,6,6,10,0,22,0,0,27,0,27,6,6,37,0,49,18,0,18,67
04/03/2019,MHK,KS,ACE,CE,Federal Contract Tower,6,0,4,0,10,0,2,24,2,28,6,2,28,2,38,36,0,36,74
04/04/2019,MHK,KS,ACE,CE,Federal Contract Tower,6,4,9,0,19,0,0,12,0,12,6,4,21,0,31,32,0,32,63
04/05/2019,MHK,KS,ACE,CE,Federal Contract Tower,6,10,10,0,26,0,0,25,0,25,6,10,35,0,51,18,0,18,69
04/06/2019,MHK,KS,ACE,CE,Federal Contract Tower,4,2,6,0,12,0,3,29,0,32,4,5,35,0,44,48,0,48,92
04/07/2019,MHK,KS,ACE,CE,Federal Contract Tower,6,2,4,4,16,0,0,22,2,24,6,2,26,6,40,22,12,34,74
04/08/2019,MHK,KS,ACE,CE,Federal Contract Tower,6,2,17,0,25,0,0,25,0,25,6,2,42,0,50,20,0,20,70
04/09/2019,MHK,KS,ACE,CE,Federal Contract Tower,6,3,9,0,18,0,2,43,0,45,6,5,52,0,63,26,0,26,89
04/10/2019,MHK,KS,ACE,CE,Federal Contract Tower,6,0,4,4,14,0,0,13,0,13,6,0,17,4,27,22,0,22,49
04/11/2019,MHK,KS,ACE,CE,Federal Contract Tower,6,0,4,2,12,0,0,2,0,2,6,0,6,2,14,0,0,0,14
04/12/2019,MHK,KS,ACE,CE,Federal Contract Tower,6,5,9,12,32,0,0,29,0,29,6,5,38,12,61,8,0,8,69
04/13/2019,MHK,KS,ACE,CE,Federal Contract Tower,5,2,8,5,20,0,0,44,3,47,5,2,52,8,67,48,0,48,115
04/14/2019,MHK,KS,ACE,CE,Federal Contract Tower,6,1,8,0,15,0,0,37,0,37,6,1,45,0,52,18,0,18,70
04/15/2019,MHK,KS,ACE,CE,Federal Contract Tower,6,0,15,0,21,0,0,18,0,18,6,0,33,0,39,14,0,14,53
04/16/2019,MHK,KS,ACE,CE,Federal Contract Tower,6,2,24,3,35,0,2,43,0,45,6,4,67,3,80,58,0,58,138
04/17/2019,MHK,KS,ACE,CE,Federal Contract Tower,8,7,15,8,38,0,4,30,2,36,8,11,45,10,74,34,26,60,134
04/18/2019,MHK,KS,ACE,CE,Federal Contract Tower,6,3,8,0,17,0,1,20,0,21,6,4,28,0,38,22,0,22,60
04/19/2019,MHK,KS,ACE,CE,Federal Contract Tower,6,2,20,2,30,0,0,38,0,38,6,2,58,2,68,50,0,50,118
04/20/2019,MHK,KS,ACE,CE,Federal Contract Tower,4,0,6,2,12,0,0,39,0,39,4,0,45,2,51,64,0,64,115
04/21/2019,MHK,KS,ACE,CE,Federal Contract Tower,6,0,2,0,8,0,0,9,0,9,6,0,11,0,17,0,0,0,17
04/22/2019,MHK,KS,ACE,CE,Federal Contract Tower,6,4,15,4,29,0,2,16,2,20,6,6,31,6,49,14,14,28,77
04/23/2019,MHK,KS,ACE,CE,Federal Contract Tower,6,4,9,0,19,0,0,18,0,18,6,4,27,0,37,42,0,42,79
04/24/2019,MHK,KS,ACE,CE,Federal Contract Tower,6,0,34,0,40,0,0,23,0,23,6,0,57,0,63,26,0,26,89
04/25/2019,MHK,KS,ACE,CE,Federal Contract Tower,6,5,14,1,26,0,0,18,4,22,6,5,32,5,48,0,20,20,68
04/26/2019,MHK,KS,ACE,CE,Federal Contract Tower,6,0,11,0,17,0,2,44,0,46,6,2,55,0,63,30,0,30,93
04/27/2019,MHK,KS,ACE,CE,Federal Contract Tower,5,0,3,0,8,0,0,14,0,14,5,0,17,0,22,4,0,4,26
04/28/2019,MHK,KS,ACE,CE,Federal Contract Tower,6,0,6,0,12,0,0,9,4,13,6,0,15,4,25,0,0,0,25
04/29/2019,MHK,KS,ACE,CE,Federal Contract Tower,6,4,9,0,19,0,2,21,0,23,6,6,30,0,42,68,0,68,110
04/30/2019,MHK,KS,ACE,CE,Federal Contract Tower,6,0,3,0,9,0,0,0,0,0,6,0,3,0,9,0,0,0,9
05/01/2019,MHK,KS,ACE,CE,Federal Contract Tower,6,0,6,0,12,0,0,8,0,8,6,0,14,0,20,34,0,34,54
05/02/2019,MHK,KS,ACE,CE,Federal Contract Tower,6,5,9,2,22,0,0,46,2,48,6,5,55,4,70,72,10,82,152
05/03/2019,MHK,KS,ACE,CE,Federal Contract Tower,2,8,16,2,28,0,0,19,0,19,2,8,35,2,47,48,0,48,95
05/04/2019,MHK,KS,ACE,CE,Federal Contract Tower,2,9,11,0,22,0,0,39,0,39,2,9,50,0,61,58,0,58,119
05/05/2019,MHK,KS,ACE,CE,Federal Contract Tower,2,8,9,0,19,0,0,20,0,20,2,8,29,0,39,58,0,58,97
05/06/2019,MHK,KS,ACE,CE,Federal Contract Tower,1,10,5,0,16,0,0,12,0,12,1,10,17,0,28,34,0,34,62
05/07/2019,MHK,KS,ACE,CE,Federal Contract Tower,2,13,4,0,19,0,0,0,0,0,2,13,4,0,19,0,0,0,19
05/08/2019,MHK,KS,ACE,CE,Federal Contract Tower,1,10,4,0,15,0,0,2,0,2,1,10,6,0,17,0,0,0,17
05/09/2019,MHK,KS,ACE,CE,Federal Contract Tower,2,6,11,0,19,0,0,18,0,18,2,6,29,0,37,36,0,36,73
05/10/2019,MHK,KS,ACE,CE,Federal Contract Tower,2,8,16,0,26,0,2,31,0,33,2,10,47,0,59,44,0,44,103
05/11/2019,MHK,KS,ACE,CE,Federal Contract Tower,3,6,5,4,18,0,0,23,3,26,3,6,28,7,44,48,8,56,100
05/12/2019,MHK,KS,ACE,CE,Federal Contract Tower,2,6,3,0,11,0,0,11,0,11,2,6,14,0,22,0,0,0,22
05/13/2019,MHK,KS,ACE,CE,Federal Contract Tower,2,8,6,0,16,0,0,39,0,39,2,8,45,0,55,44,0,44,99
05/14/2019,MHK,KS,ACE,CE,Federal Contract Tower,1,9,17,0,27,0,2,44,0,46,1,11,61,0,73,52,0,52,125
05/15/2019,MHK,KS,ACE,CE,Federal Contract Tower,2,12,11,0,25,0,1,34,0,35,2,13,45,0,60,24,0,24,84
05/16/2019,MHK,KS,ACE,CE,Federal Contract Tower,2,10,11,0,23,0,0,33,0,33,2,10,44,0,56,32,0,32,88
05/17/2019,MHK,KS,ACE,CE,Federal Contract Tower,2,8,10,2,22,0,1,29,0,30,2,9,39,2,52,14,0,14,66
05/18/2019,MHK,KS,ACE,CE,Federal Contract Tower,0,5,5,0,10,0,0,7,0,7,0,5,12,0,17,12,0,12,29
05/19/2019,MHK,KS,ACE,CE,Federal Contract Tower,2,10,1,0,13,0,0,25,0,25,2,10,26,0,38,82,0,82,120
05/20/2019,MHK,KS,ACE,CE,Federal Contract Tower,0,6,5,0,11,0,0,13,0,13,0,6,18,0,24,24,0,24,48
05/21/2019,MHK,KS,ACE,CE,Federal Contract Tower,2,9,7,0,18,0,0,0,0,0,2,9,7,0,18,0,0,0,18
05/22/2019,MHK,KS,ACE,CE,Federal Contract Tower,2,10,41,0,53,0,0,62,0,62,2,10,103,0,115,56,0,56,171
05/23/2019,MHK,KS,ACE,CE,Federal Contract Tower,4,5,20,0,29,0,0,31,0,31,4,5,51,0,60,36,0,36,96
05/24/2019,MHK,KS,ACE,CE,Federal Contract Tower,2,6,17,0,25,0,0,20,1,21,2,6,37,1,46,14,0,14,60
05/25/2019,MHK,KS,ACE,CE,Federal Contract Tower,2,4,2,2,10,0,0,38,1,39,2,4,40,3,49,52,0,52,101
05/26/2019,MHK,KS,ACE,CE,Federal Contract Tower,2,6,0,0,8,0,0,37,0,37,2,6,37,0,45,8,0,8,53
05/27/2019,MHK,KS,ACE,CE,Federal Contract Tower,3,5,6,0,14,0,0,20,0,20,3,5,26,0,34,24,0,24,58
05/28/2019,MHK,KS,ACE,CE,Federal Contract Tower,3,8,3,2,16,0,0,5,0,5,3,8,8,2,21,4,0,4,25
05/29/2019,MHK,KS,ACE,CE,Federal Contract Tower,0,6,18,1,25,0,0,36,6,42,0,6,54,7,67,62,0,62,129
05/30/2019,MHK,KS,ACE,CE,Federal Contract Tower,2,8,7,0,17,0,2,28,1,31,2,10,35,1,48,44,0,44,92
05/31/2019,MHK,KS,ACE,CE,Federal Contract Tower,2,7,9,0,18,0,0,58,2,60,2,7,67,2,78,62,0,62,140
06/01/2019,MHK,KS,ACE,CE,Federal Contract Tower,2,5,3,2,12,0,1,60,0,61,2,6,63,2,73,68,0,68,141
06/02/2019,MHK,KS,ACE,CE,Federal Contract Tower,2,8,5,0,15,0,0,36,0,36,2,8,41,0,51,46,0,46,97
06/03/2019,MHK,KS,ACE,CE,Federal Contract Tower,2,10,9,0,21,0,1,31,2,34,2,11,40,2,55,60,6,66,121
06/04/2019,MHK,KS,ACE,CE,Federal Contract Tower,2,6,8,2,18,0,0,29,0,29,2,6,37,2,47,42,0,42,89
06/05/2019,MHK,KS,ACE,CE,Federal Contract Tower,2,6,17,2,27,0,0,35,0,35,2,6,52,2,62,54,0,54,116
06/06/2019,MHK,KS,ACE,CE,Federal Contract Tower,2,6,26,2,36,0,0,23,0,23,2,6,49,2,59,18,0,18,77
06/07/2019,MHK,KS,ACE,CE,Federal Contract Tower,2,8,21,0,31,0,2,47,0,49,2,10,68,0,80,92,0,92,172
06/08/2019,MHK,KS,ACE,CE,Federal Contract Tower,2,6,4,0,12,0,0,37,0,37,2,6,41,0,49,90,0,90,139
06/09/2019,MHK,KS,ACE,CE,Federal Contract Tower,2,6,2,0,10,0,0,18,0,18,2,6,20,0,28,48,0,48,76
06/10/2019,MHK,KS,ACE,CE,Federal Contract Tower,2,6,29,0,37,0,2,47,2,51,2,8,76,2,88,64,0,64,152
06/11/2019,MHK,KS,ACE,CE,Federal Contract Tower,2,8,5,0,15,0,0,23,0,23,2,8,28,0,38,2,0,2,40
06/12/2019,MHK,KS,ACE,CE,Federal Contract Tower,2,6,9,2,19,0,0,15,1,16,2,6,24,3,35,8,0,8,43
06/13/2019,MHK,KS,ACE,CE,Federal Contract Tower,2,8,12,2,24,0,2,44,3,49,2,10,56,5,73,64,0,64,137
06/14/2019,MHK,KS,ACE,CE,Federal Contract Tower,2,10,10,4,26,0,2,31,4,37,2,12,41,8,63,58,2,60,123
06/15/2019,MHK,KS,ACE,CE,Federal Contract Tower,2,6,2,2,12,0,0,33,0,33,2,6,35,2,45,54,0,54,99
06/16/2019,MHK,KS,ACE,CE,Federal Contract Tower,0,8,4,0,12,0,0,26,0,26,0,8,30,0,38,10,0,10,48
06/17/2019,MHK,KS,ACE,CE,Federal Contract Tower,2,8,18,0,28,0,0,30,0,30,2,8,48,0,58,20,0,20,78
06/18/2019,MHK,KS,ACE,CE,Federal Contract Tower,2,7,14,0,23,0,0,9,0,9,2,7,23,0,32,22,0,22,54
06/19/2019,MHK,KS,ACE,CE,Federal Contract Tower,2,9,22,0,33,0,0,19,0,19,2,9,41,0,52,66,0,66,118
06/20/2019,MHK,KS,ACE,CE,Federal Contract Tower,2,6,9,0,17,0,0,35,0,35,2,6,44,0,52,40,0,40,92
06/21/2019,MHK,KS,ACE,CE,Federal Contract Tower,2,9,22,0,33,0,0,20,0,20,2,9,42,0,53,58,0,58,111
06/22/2019,MHK,KS,ACE,CE,Federal Contract Tower,2,7,4,0,13,0,0,22,0,22,2,7,26,0,35,30,0,30,65
06/23/2019,MHK,KS,ACE,CE,Federal Contract Tower,2,5,0,0,7,0,0,24,0,24,2,5,24,0,31,12,0,12,43
06/24/2019,MHK,KS,ACE,CE,Federal Contract Tower,2,6,6,0,14,0,2,48,0,50,2,8,54,0,64,18,0,18,82
06/25/2019,MHK,KS,ACE,CE,Federal Contract Tower,2,8,11,0,21,0,0,27,0,27,2,8,38,0,48,22,0,22,70
06/26/2019,MHK,KS,ACE,CE,Federal Contract Tower,2,6,10,0,18,0,0,42,2,44,2,6,52,2,62,56,0,56,118
06/27/2019,MHK,KS,ACE,CE,Federal Contract Tower,2,7,4,5,18,0,0,21,0,21,2,7,25,5,39,42,0,42,81
06/28/2019,MHK,KS,ACE,CE,Federal Contract Tower,2,8,14,2,26,0,0,26,6,32,2,8,40,8,58,48,0,48,106
06/29/2019,MHK,KS,ACE,CE,Federal Contract Tower,2,6,6,0,14,0,0,39,0,39,2,6,45,0,53,54,0,54,107
06/30/2019,MHK,KS,ACE,CE,Federal Contract Tower,2,8,5,0,15,0,0,23,0,23,2,8,28,0,38,22,0,22,60
07/01/2019,MHK,KS,ACE,CE,Federal Contract Tower,2,8,7,0,17,0,2,29,0,31,2,10,36,0,48,32,0,32,80
07/02/2019,MHK,KS,ACE,CE,Federal Contract Tower,2,9,10,0,21,0,1,18,0,19,2,10,28,0,40,24,0,24,64
07/03/2019,MHK,KS,ACE,CE,Federal Contract Tower,0,6,12,0,18,0,0,33,0,33,0,6,45,0,51,44,0,44,95
07/04/2019,MHK,KS,ACE,CE,Federal Contract Tower,1,5,3,0,9,0,2,13,0,15,1,7,16,0,24,36,0,36,60
07/05/2019,MHK,KS,ACE,CE,Federal Contract Tower,3,5,1,0,9,0,0,13,0,13,3,5,14,0,22,30,0,30,52
07/06/2019,MHK,KS,ACE,CE,Federal Contract Tower,1,6,6,2,15,0,0,23,2,25,1,6,29,4,40,24,0,24,64
07/07/2019,MHK,KS,ACE,CE,Federal Contract Tower,2,10,4,0,16,0,0,18,10,28,2,10,22,10,44,2,0,2,46
07/08/2019,MHK,KS,ACE,CE,Federal Contract Tower,2,8,7,0,17,0,0,25,8,33,2,8,32,8,50,44,0,44,94
07/09/2019,MHK,KS,ACE,CE,Federal Contract Tower,2,6,11,1,20,0,0,35,4,39,2,6,46,5,59,64,0,64,123
07/10/2019,MHK,KS,ACE,CE,Federal Contract Tower,1,9,17,1,28,0,0,39,8,47,1,9,56,9,75,44,0,44,119
07/11/2019,MHK,KS,ACE,CE,Federal Contract Tower,2,8,8,0,18,0,0,45,2,47,2,8,53,2,65,60,0,60,125
07/12/2019,MHK,KS,ACE,CE,Federal Contract Tower,2,6,6,11,25,0,0,34,4,38,2,6,40,15,63,42,10,52,115
07/13/2019,MHK,KS,ACE,CE,Federal Contract Tower,2,8,1,2,13,0,0,19,2,21,2,8,20,4,34,10,0,10,44
07/14/2019,MHK,KS,ACE,CE,Federal Contract Tower,2,7,6,0,15,0,1,45,0,46,2,8,51,0,61,78,0,78,139
07/15/2019,MHK,KS,ACE,CE,Federal Contract Tower,2,6,9,0,17,0,0,24,0,24,2,6,33,0,41,46,0,46,87
07/16/2019,MHK,KS,ACE,CE,Federal Contract Tower,3,8,12,0,23,0,0,37,0,37,3,8,49,0,60,70,0,70,130
07/17/2019,MHK,KS,ACE,CE,Federal Contract Tower,2,8,5,0,15,0,0,33,6,39,2,8,38,6,54,54,0,54,108
07/18/2019,MHK,KS,ACE,CE,Federal Contract Tower,2,5,15,0,22,0,0,39,0,39,2,5,54,0,61,36,0,36,97
07/19/2019,MHK,KS,ACE,CE,Federal Contract Tower,2,5,6,0,13,0,0,51,6,57,2,5,57,6,70,34,2,36,106
07/20/2019,MHK,KS,ACE,CE,Federal Contract Tower,2,6,0,2,10,0,4,28,1,33,2,10,28,3,43,10,0,10,53
07/21/2019,MHK,KS,ACE,CE,Federal Contract Tower,2,6,6,0,14,0,0,25,2,27,2,6,31,2,41,58,0,58,99
07/22/2019,MHK,KS,ACE,CE,Federal Contract Tower,2,6,3,0,11,0,0,35,1,36,2,6,38,1,47,90,0,90,137
07/23/2019,MHK,KS,ACE,CE,Federal Contract Tower,2,6,6,4,18,0,2,45,2,49,2,8,51,6,67,106,0,106,173
07/24/2019,MHK,KS,ACE,CE,Federal Contract Tower,2,7,7,0,16,0,2,22,0,24,2,9,29,0,40,10,0,10,50
07/25/2019,MHK,KS,ACE,CE,Federal Contract Tower,2,9,3,4,18,0,2,23,4,29,2,11,26,8,47,24,0,24,71
07/26/2019,MHK,KS,ACE,CE,Federal Contract Tower,2,8,7,0,17,0,0,35,1,36,2,8,42,1,53,86,0,86,139
07/27/2019,MHK,KS,ACE,CE,Federal Contract Tower,2,7,4,2,15,0,2,33,0,35,2,9,37,2,50,46,0,46,96
07/28/2019,MHK,KS,ACE,CE,Federal Contract Tower,1,9,7,0,17,0,0,30,0,30,1,9,37,0,47,20,0,20,67
07/29/2019,MHK,KS,ACE,CE,Federal Contract Tower,2,6,7,1,16,0,0,39,3,42,2,6,46,4,58,80,8,88,146
07/30/2019,MHK,KS,ACE,CE,Federal Contract Tower,2,6,11,0,19,0,0,44,0,44,2,6,55,0,63,76,0,76,139
07/31/2019,MHK,KS,ACE,CE,Federal Contract Tower,2,8,5,4,19,0,0,25,0,25,2,8,30,4,44,18,0,18,62
08/01/2019,MHK,KS,ACE,CE,Federal Contract Tower,2,8,7,0,17,0,0,19,0,19,2,8,26,0,36,44,0,44,80
08/02/2019,MHK,KS,ACE,CE,Federal Contract Tower,2,6,5,0,13,0,0,4,0,4,2,6,9,0,17,12,0,12,29
08/03/2019,MHK,KS,ACE,CE,Federal Contract Tower,3,5,8,0,16,0,0,21,0,21,3,5,29,0,37,34,0,34,71
08/04/2019,MHK,KS,ACE,CE,Federal Contract Tower,2,7,11,0,20,0,0,30,0,30,2,7,41,0,50,18,0,18,68
08/05/2019,MHK,KS,ACE,CE,Federal Contract Tower,2,10,4,0,16,0,0,23,2,25,2,10,27,2,41,38,6,44,85
08/06/2019,MHK,KS,ACE,CE,Federal Contract Tower,2,6,4,2,14,0,0,44,2,46,2,6,48,4,60,56,0,56,116
08/07/2019,MHK,KS,ACE,CE,Federal Contract Tower,4,7,0,0,11,0,0,25,0,25,4,7,25,0,36,64,0,64,100
08/08/2019,MHK,KS,ACE,CE,Federal Contract Tower,2,9,9,1,21,0,0,23,0,23,2,9,32,1,44,40,0,40,84
08/09/2019,MHK,KS,ACE,CE,Federal Contract Tower,2,7,0,1,10,0,0,41,3,44,2,7,41,4,54,88,0,88,142
08/10/2019,MHK,KS,ACE,CE,Federal Contract Tower,2,8,3,2,15,0,0,13,0,13,2,8,16,2,28,16,0,16,44
08/11/2019,MHK,KS,ACE,CE,Federal Contract Tower,2,8,4,0,14,0,0,26,0,26,2,8,30,0,40,34,0,34,74
08/12/2019,MHK,KS,ACE,CE,Federal Contract Tower,2,6,15,0,23,0,0,41,2,43,2,6,56,2,66,86,0,86,152
08/13/2019,MHK,KS,ACE,CE,Federal Contract Tower,2,8,23,0,33,0,0,33,0,33,2,8,56,0,66,44,0,44,110
08/14/2019,MHK,KS,ACE,CE,Federal Contract Tower,2,10,20,0,32,0,3,30,2,35,2,13,50,2,67,64,0,64,131
08/15/2019,MHK,KS,ACE,CE,Federal Contract Tower,2,9,13,0,24,0,0,30,0,30,2,9,43,0,54,58,0,58,112
08/16/2019,MHK,KS,ACE,CE,Federal Contract Tower,2,6,8,2,18,0,0,31,2,33,2,6,39,4,51,44,2,46,97
08/17/2019,MHK,KS,ACE,CE,Federal Contract Tower,4,4,4,0,12,0,2,28,0,30,4,6,32,0,42,20,0,20,62
08/18/2019,MHK,KS,ACE,CE,Federal Contract Tower,3,4,10,0,17,0,0,51,0,51,3,4,61,0,68,8,0,8,76
08/19/2019,MHK,KS,ACE,CE,Federal Contract Tower,2,7,11,1,21,0,0,21,1,22,2,7,32,2,43,20,0,20,63
08/20/2019,MHK,KS,ACE,CE,Federal Contract Tower,2,13,8,0,23,0,2,37,2,41,2,15,45,2,64,38,0,38,102
08/21/2019,MHK,KS,ACE,CE,Federal Contract Tower,3,7,12,0,22,0,0,18,0,18,3,7,30,0,40,82,0,82,122
08/22/2019,MHK,KS,ACE,CE,Federal Contract Tower,2,6,21,0,29,0,0,35,0,35,2,6,56,0,64,116,0,116,180
08/23/2019,MHK,KS,ACE,CE,Federal Contract Tower,2,8,18,0,28,0,0,24,0,24,2,8,42,0,52,28,0,28,80
08/24/2019,MHK,KS,ACE,CE,Federal Contract Tower,2,8,7,0,17,0,0,6,0,6,2,8,13,0,23,0,0,0,23
08/25/2019,MHK,KS,ACE,CE,Federal Contract Tower,2,6,7,0,15,0,0,7,0,7,2,6,14,0,22,0,0,0,22
08/26/2019,MHK,KS,ACE,CE,Federal Contract Tower,2,9,5,1,17,0,0,9,0,9,2,9,14,1,26,0,0,0,26
08/27/2019,MHK,KS,ACE,CE,Federal Contract Tower,2,7,5,0,14,0,2,63,3,68,2,9,68,3,82,78,0,78,160
08/28/2019,MHK,KS,ACE,CE,Federal Contract Tower,2,8,15,1,26,0,2,56,2,60,2,10,71,3,86,100,16,116,202
08/29/2019,MHK,KS,ACE,CE,Federal Contract Tower,2,7,15,0,24,0,1,75,2,78,2,8,90,2,102,74,0,74,176
08/30/2019,MHK,KS,ACE,CE,Federal Contract Tower,1,6,8,0,15,0,0,32,3,35,1,6,40,3,50,42,0,42,92
08/31/2019,MHK,KS,ACE,CE,Federal Contract Tower,3,6,14,2,25,0,2,26,2,30,3,8,40,4,55,38,0,38,93
09/01/2019,MHK,KS,ACE,CE,Federal Contract Tower,2,9,5,0,16,0,0,19,5,24,2,9,24,5,40,14,0,14,54
09/02/2019,MHK,KS,ACE,CE,Federal Contract Tower,2,6,6,0,14,0,0,58,0,58,2,6,64,0,72,28,0,28,100
09/03/2019,MHK,KS,ACE,CE,Federal Contract Tower,2,9,6,0,17,0,0,13,0,13,2,9,19,0,30,26,0,26,56
09/04/2019,MHK,KS,ACE,CE,Federal Contract Tower,2,8,7,2,19,0,0,24,2,26,2,8,31,4,45,38,0,38,83
09/05/2019,MHK,KS,ACE,CE,Federal Contract Tower,3,6,9,2,20,0,0,29,1,30,3,6,38,3,50,40,0,40,90
09/06/2019,MHK,KS,ACE,CE,Federal Contract Tower,5,9,16,1,31,0,0,29,0,29,5,9,45,1,60,12,0,12,72
09/07/2019,MHK,KS,ACE,CE,Federal Contract Tower,3,9,25,2,39,0,0,19,0,19,3,9,44,2,58,12,0,12,70
09/08/2019,MHK,KS,ACE,CE,Federal Contract Tower,2,8,8,0,18,0,0,25,0,25,2,8,33,0,43,32,0,32,75
09/09/2019,MHK,KS,ACE,CE,Federal Contract Tower,2,6,12,0,20,0,2,24,0,26,2,8,36,0,46,34,0,34,80
09/10/2019,MHK,KS,ACE,CE,Federal Contract Tower,2,8,6,0,16,0,0,30,0,30,2,8,36,0,46,30,0,30,76
09/11/2019,MHK,KS,ACE,CE,Federal Contract Tower,2,6,16,0,24,0,0,28,0,28,2,6,44,0,52,34,0,34,86
09/12/2019,MHK,KS,ACE,CE,Federal Contract Tower,1,6,4,0,11,0,0,23,0,23,1,6,27,0,34,40,0,40,74
09/13/2019,MHK,KS,ACE,CE,Federal Contract Tower,5,11,3,7,26,0,0,40,0,40,5,11,43,7,66,58,0,58,124
09/14/2019,MHK,KS,ACE,CE,Federal Contract Tower,3,10,4,0,17,0,0,22,0,22,3,10,26,0,39,24,0,24,63
09/15/2019,MHK,KS,ACE,CE,Federal Contract Tower,2,6,4,0,12,0,0,15,0,15,2,6,19,0,27,0,0,0,27
09/16/2019,MHK,KS,ACE,CE,Federal Contract Tower,2,8,9,0,19,0,4,19,0,23,2,12,28,0,42,4,0,4,46
09/17/2019,MHK,KS,ACE,CE,Federal Contract Tower,2,7,15,0,24,0,4,17,0,21,2,11,32,0,45,0,0,0,45
09/18/2019,MHK,KS,ACE,CE,Federal Contract Tower,2,7,18,0,27,0,2,19,0,21,2,9,37,0,48,18,0,18,66
09/19/2019,MHK,KS,ACE,CE,Federal Contract Tower,2,6,4,0,12,0,0,32,0,32,2,6,36,0,44,54,0,54,98
09/20/2019,MHK,KS,ACE,CE,Federal Contract Tower,0,10,5,0,15,0,0,30,0,30,0,10,35,0,45,20,0,20,65
09/21/2019,MHK,KS,ACE,CE,Federal Contract Tower,2,8,1,0,11,0,0,9,0,9,2,8,10,0,20,10,0,10,30
09/22/2019,MHK,KS,ACE,CE,Federal Contract Tower,2,11,5,0,18,0,0,14,0,14,2,11,19,0,32,66,0,66,98
09/23/2019,MHK,KS,ACE,CE,Federal Contract Tower,2,6,14,0,22,0,2,58,0,60,2,8,72,0,82,58,0,58,140
09/24/2019,MHK,KS,ACE,CE,Federal Contract Tower,2,6,15,0,23,0,0,15,2,17,2,6,30,2,40,60,10,70,110
09/25/2019,MHK,KS,ACE,CE,Federal Contract Tower,2,6,7,2,17,0,2,45,2,49,2,8,52,4,66,120,0,120,186
09/26/2019,MHK,KS,ACE,CE,Federal Contract Tower,2,6,14,2,24,0,2,27,11,40,2,8,41,13,64,19,0,19,83
09/27/2019,MHK,KS,ACE,CE,Federal Contract Tower,4,4,12,0,20,0,0,34,0,34,4,4,46,0,54,52,0,52,106
09/28/2019,MHK,KS,ACE,CE,Federal Contract Tower,2,6,3,0,11,0,0,0,0,0,2,6,3,0,11,0,0,0,11
09/29/2019,MHK,KS,ACE,CE,Federal Contract Tower,2,9,11,0,22,0,0,20,0,20,2,9,31,0,42,48,0,48,90
09/30/2019,MHK,KS,ACE,CE,Federal Contract Tower,2,8,6,0,16,0,2,20,0,22,2,10,26,0,38,2,0,2,40
10/01/2019,MHK,KS,ACE,CE,Federal Contract Tower,2,9,3,0,14,0,2,13,0,15,2,11,16,0,29,14,0,14,43
10/02/2019,MHK,KS,ACE,CE,Federal Contract Tower,2,9,14,0,25,0,0,0,0,0,2,9,14,0,25,0,0,0,25
10/03/2019,MHK,KS,ACE,CE,Federal Contract Tower,2,8,17,0,27,0,1,49,0,50,2,9,66,0,77,130,0,130,207
10/04/2019,MHK,KS,ACE,CE,Federal Contract Tower,4,17,15,2,38,0,0,14,0,14,4,17,29,2,52,26,0,26,78
10/05/2019,MHK,KS,ACE,CE,Federal Contract Tower,3,17,22,0,42,0,0,22,0,22,3,17,44,0,64,40,0,40,104
10/06/2019,MHK,KS,ACE,CE,Federal Contract Tower,2,6,7,0,15,0,0,40,0,40,2,6,47,0,55,4,0,4,59
10/07/2019,MHK,KS,ACE,CE,Federal Contract Tower,2,10,19,0,31,0,0,52,1,53,2,10,71,1,84,100,0,100,184
10/08/2019,MHK,KS,ACE,CE,Federal Contract Tower,2,8,14,0,24,0,0,23,1,24,2,8,37,1,48,6,0,6,54
10/09/2019,MHK,KS,ACE,CE,Federal Contract Tower,2,9,16,0,27,0,0,13,0,13,2,9,29,0,40,10,0,10,50
10/10/2019,MHK,KS,ACE,CE,Federal Contract Tower,2,6,5,0,13,0,0,4,0,4,2,6,9,0,17,10,0,10,27
10/11/2019,MHK,KS,ACE,CE,Federal Contract Tower,2,6,2,2,12,0,0,20,0,20,2,6,22,2,32,6,0,6,38
10/12/2019,MHK,KS,ACE,CE,Federal Contract Tower,3,7,3,0,13,0,2,42,0,44,3,9,45,0,57,28,0,28,85
10/13/2019,MHK,KS,ACE,CE,Federal Contract Tower,2,6,6,0,14,0,0,53,0,53,2,6,59,0,67,30,0,30,97
10/14/2019,MHK,KS,ACE,CE,Federal Contract Tower,2,6,2,0,10,0,0,36,0,36,2,6,38,0,46,2,0,2,48
10/15/2019,MHK,KS,ACE,CE,Federal Contract Tower,2,9,9,2,22,0,4,8,0,12,2,13,17,2,34,8,0,8,42
10/16/2019,MHK,KS,ACE,CE,Federal Contract Tower,3,7,11,2,23,0,2,32,0,34,3,9,43,2,57,42,0,42,99
10/17/2019,MHK,KS,ACE,CE,Federal Contract Tower,4,6,26,0,36,0,0,24,0,24,4,6,50,0,60,20,0,20,80
10/18/2019,MHK,KS,ACE,CE,Federal Contract Tower,5,7,9,0,21,0,0,4,2,6,5,7,13,2,27,0,0,0,27
10/19/2019,MHK,KS,ACE,CE,Federal Contract Tower,4,13,27,0,44,0,0,27,0,27,4,13,54,0,71,20,0,20,91
10/20/2019,MHK,KS,ACE,CE,Federal Contract Tower,2,6,5,0,13,0,1,36,0,37,2,7,41,0,50,16,0,16,66
10/21/2019,MHK,KS,ACE,CE,Federal Contract Tower,2,9,8,0,19,0,0,8,0,8,2,9,16,0,27,0,0,0,27
10/22/2019,MHK,KS,ACE,CE,Federal Contract Tower,2,6,12,0,20,0,0,9,0,9,2,6,21,0,29,2,0,2,31
10/23/2019,MHK,KS,ACE,CE,Federal Contract Tower,2,6,23,1,32,0,2,25,1,28,2,8,48,2,60,26,0,26,86
10/24/2019,MHK,KS,ACE,CE,Federal Contract Tower,2,7,13,3,25,0,2,17,0,19,2,9,30,3,44,24,0,24,68
10/25/2019,MHK,KS,ACE,CE,Federal Contract Tower,4,8,16,7,35,0,6,52,8,66,4,14,68,15,101,100,2,102,203
10/26/2019,MHK,KS,ACE,CE,Federal Contract Tower,3,15,29,0,47,0,0,37,3,40,3,15,66,3,87,38,0,38,125
10/27/2019,MHK,KS,ACE,CE,Federal Contract Tower,2,14,6,3,25,0,0,24,0,24,2,14,30,3,49,26,0,26,75
10/28/2019,MHK,KS,ACE,CE,Federal Contract Tower,2,7,10,0,19,0,0,7,0,7,2,7,17,0,26,0,0,0,26
10/29/2019,MHK,KS,ACE,CE,Federal Contract Tower,1,8,2,0,11,0,0,15,0,15,1,8,17,0,26,34,0,34,60
10/30/2019,MHK,KS,ACE,CE,Federal Contract Tower,2,6,3,0,11,0,0,0,0,0,2,6,3,0,11,0,0,0,11
10/31/2019,MHK,KS,ACE,CE,Federal Contract Tower,1,6,7,3,17,0,0,26,4,30,1,6,33,7,47,34,0,34,81
11/01/2019,MHK,KS,ACE,CE,Federal Contract Tower,3,6,10,4,23,0,0,30,0,30,3,6,40,4,53,40,0,40,93
11/02/2019,MHK,KS,ACE,CE,Federal Contract Tower,1,8,3,0,12,0,0,23,4,27,1,8,26,4,39,36,0,36,75
11/03/2019,MHK,KS,ACE,CE,Federal Contract Tower,2,7,8,0,17,0,0,25,0,25,2,7,33,0,42,38,0,38,80
11/04/2019,MHK,KS,ACE,CE,Federal Contract Tower,2,12,22,3,39,0,2,26,1,29,2,14,48,4,68,34,0,34,102
11/05/2019,MHK,KS,ACE,CE,Federal Contract Tower,2,7,14,0,23,0,3,24,4,31,2,10,38,4,54,34,0,34,88
11/06/2019,MHK,KS,ACE,CE,Federal Contract Tower,2,8,13,4,27,0,0,13,0,13,2,8,26,4,40,8,0,8,48
11/07/2019,MHK,KS,ACE,CE,Federal Contract Tower,4,8,5,2,19,0,0,23,2,25,4,8,28,4,44,14,0,14,58
11/08/2019,MHK,KS,ACE,CE,Federal Contract Tower,4,7,26,2,39,0,2,35,2,39,4,9,61,4,78,44,0,44,122
11/09/2019,MHK,KS,ACE,CE,Federal Contract Tower,1,5,5,0,11,0,2,44,0,46,1,7,49,0,57,44,0,44,101
11/10/2019,MHK,KS,ACE,CE,Federal Contract Tower,2,7,9,0,18,0,0,35,0,35,2,7,44,0,53,26,0,26,79
11/11/2019,MHK,KS,ACE,CE,Federal Contract Tower,2,5,4,0,11,0,0,0,0,0,2,5,4,0,11,0,0,0,11
11/12/2019,MHK,KS,ACE,CE,Federal Contract Tower,2,8,5,0,15,0,0,14,0,14,2,8,19,0,29,2,0,2,31
11/13/2019,MHK,KS,ACE,CE,Federal Contract Tower,2,6,8,0,16,0,2,17,2,21,2,8,25,2,37,34,0,34,71
11/14/2019,MHK,KS,ACE,CE,Federal Contract Tower,2,9,11,1,23,0,0,28,0,28,2,9,39,1,51,40,0,40,91
11/15/2019,MHK,KS,ACE,CE,Federal Contract Tower,6,9,15,0,30,0,0,35,0,35,6,9,50,0,65,46,0,46,111
11/16/2019,MHK,KS,ACE,CE,Federal Contract Tower,5,12,25,0,42,0,0,38,0,38,5,12,63,0,80,6,0,6,86
11/17/2019,MHK,KS,ACE,CE,Federal Contract Tower,2,7,13,0,22,0,0,35,0,35,2,7,48,0,57,34,0,34,91
11/18/2019,MHK,KS,ACE,CE,Federal Contract Tower,2,6,5,2,15,0,0,33,0,33,2,6,38,2,48,60,0,60,108
11/19/2019,MHK,KS,ACE,CE,Federal Contract Tower,4,9,9,0,22,0,0,33,4,37,4,9,42,4,59,28,0,28,87
11/20/2019,MHK,KS,ACE,CE,Federal Contract Tower,2,7,10,0,19,0,0,18,2,20,2,7,28,2,39,38,0,38,77
11/21/2019,MHK,KS,ACE,CE,Federal Contract Tower,0,10,16,3,29,0,0,19,1,20,0,10,35,4,49,70,0,70,119
11/22/2019,MHK,KS,ACE,CE,Federal Contract Tower,4,14,14,2,34,0,0,7,0,7,4,14,21,2,41,12,0,12,53
11/23/2019,MHK,KS,ACE,CE,Federal Contract Tower,0,12,9,2,23,0,0,48,0,48,0,12,57,2,71,42,0,42,113
11/24/2019,MHK,KS,ACE,CE,Federal Contract Tower,0,12,4,0,16,0,0,56,2,58,0,12,60,2,74,38,0,38,112
11/25/2019,MHK,KS,ACE,CE,Federal Contract Tower,0,10,0,0,10,0,2,40,0,42,0,12,40,0,52,18,0,18,70
11/26/2019,MHK,KS,ACE,CE,Federal Contract Tower,0,10,8,0,18,0,0,2,0,2,0,10,10,0,20,0,0,0,20
11/27/2019,MHK,KS,ACE,CE,Federal Contract Tower,0,10,4,0,14,0,0,18,0,18,0,10,22,0,32,10,0,10,42
11/28/2019,MHK,KS,ACE,CE,Federal Contract Tower,1,3,0,0,4,0,0,0,0,0,1,3,0,0,4,0,0,0,4
11/29/2019,MHK,KS,ACE,CE,Federal Contract Tower,4,6,6,2,18,0,0,0,0,0,4,6,6,2,18,0,0,0,18
11/30/2019,MHK,KS,ACE,CE,Federal Contract Tower,0,12,11,0,23,0,0,16,0,16,0,12,27,0,39,20,0,20,59
12/01/2019,MHK,KS,ACE,CE,Federal Contract Tower,1,17,6,0,24,0,0,10,0,10,1,17,16,0,34,8,0,8,42
12/02/2019,MHK,KS,ACE,CE,Federal Contract Tower,0,16,4,0,20,0,0,35,0,35,0,16,39,0,55,14,0,14,69
12/03/2019,MHK,KS,ACE,CE,Federal Contract Tower,0,12,15,0,27,0,0,36,0,36,0,12,51,0,63,40,0,40,103
12/04/2019,MHK,KS,ACE,CE,Federal Contract Tower,0,8,7,0,15,0,0,40,0,40,0,8,47,0,55,42,0,42,97
12/05/2019,MHK,KS,ACE,CE,Federal Contract Tower,2,10,2,2,16,0,2,45,0,47,2,12,47,2,63,86,0,86,149
12/06/2019,MHK,KS,ACE,CE,Federal Contract Tower,3,8,26,1,38,0,0,15,3,18,3,8,41,4,56,4,0,4,60
12/07/2019,MHK,KS,ACE,CE,Federal Contract Tower,1,9,8,0,18,0,0,35,0,35,1,9,43,0,53,32,0,32,85
12/08/2019,MHK,KS,ACE,CE,Federal Contract Tower,2,8,6,0,16,0,0,40,0,40,2,8,46,0,56,32,0,32,88
12/09/2019,MHK,KS,ACE,CE,Federal Contract Tower,3,6,11,2,22,0,2,8,18,28,3,8,19,20,50,0,8,8,58
12/10/2019,MHK,KS,ACE,CE,Federal Contract Tower,2,8,6,2,18,0,0,28,16,44,2,8,34,18,62,28,24,52,114
12/11/2019,MHK,KS,ACE,CE,Federal Contract Tower,0,10,11,2,23,0,0,30,2,32,0,10,41,4,55,6,0,6,61
12/12/2019,MHK,KS,ACE,CE,Federal Contract Tower,2,8,20,2,32,0,0,22,3,25,2,8,42,5,57,26,0,26,83
12/13/2019,MHK,KS,ACE,CE,Federal Contract Tower,2,10,8,0,20,0,0,42,4,46,2,10,50,4,66,44,0,44,110
12/14/2019,MHK,KS,ACE,CE,Federal Contract Tower,1,6,11,0,18,0,0,21,0,21,1,6,32,0,39,32,0,32,71
12/15/2019,MHK,KS,ACE,CE,Federal Contract Tower,2,7,1,0,10,0,0,1,0,1,2,7,2,0,11,0,0,0,11
12/16/2019,MHK,KS,ACE,CE,Federal Contract Tower,2,7,0,0,9,0,0,0,0,0,2,7,0,0,9,0,0,0,9
12/17/2019,MHK,KS,ACE,CE,Federal Contract Tower,2,6,9,0,17,0,2,15,0,17,2,8,24,0,34,16,0,16,50
12/18/2019,MHK,KS,ACE,CE,Federal Contract Tower,0,4,6,0,10,0,0,38,4,42,0,4,44,4,52,40,0,40,92
12/19/2019,MHK,KS,ACE,CE,Federal Contract Tower,2,5,3,4,14,0,2,35,0,37,2,7,38,4,51,32,0,32,83
12/20/2019,MHK,KS,ACE,CE,Federal Contract Tower,4,4,6,0,14,0,0,41,0,41,4,4,47,0,55,60,0,60,115
12/21/2019,MHK,KS,ACE,CE,Federal Contract Tower,2,7,7,0,16,0,0,10,0,10,2,7,17,0,26,4,0,4,30
12/22/2019,MHK,KS,ACE,CE,Federal Contract Tower,2,6,6,0,14,0,0,10,0,10,2,6,16,0,24,12,0,12,36
12/23/2019,MHK,KS,ACE,CE,Federal Contract Tower,2,4,2,0,8,0,0,20,0,20,2,4,22,0,28,4,0,4,32
12/24/2019,MHK,KS,ACE,CE,Federal Contract Tower,1,6,0,0,7,0,0,7,0,7,1,6,7,0,14,0,0,0,14
12/25/2019,MHK,KS,ACE,CE,Federal Contract Tower,1,2,0,0,3,0,0,4,0,4,1,2,4,0,7,0,0,0,7
12/26/2019,MHK,KS,ACE,CE,Federal Contract Tower,6,4,4,0,14,0,0,1,0,1,6,4,5,0,15,0,0,0,15
12/27/2019,MHK,KS,ACE,CE,Federal Contract Tower,4,7,1,0,12,0,0,1,0,1,4,7,2,0,13,0,0,0,13
12/28/2019,MHK,KS,ACE,CE,Federal Contract Tower,2,5,2,2,11,0,0,1,0,1,2,5,3,2,12,0,0,0,12
12/29/2019,MHK,KS,ACE,CE,Federal Contract Tower,2,4,4,0,10,0,0,1,0,1,2,4,5,0,11,0,0,0,11
12/30/2019,MHK,KS,ACE,CE,Federal Contract Tower,2,3,2,0,7,0,0,8,0,8,2,3,10,0,15,0,0,0,15
12/31/2019,MHK,KS,ACE,CE,Federal Contract Tower,2,5,12,0,19,0,0,20,0,20,2,5,32,0,39,0,0,0,39
01/01/2020,MHK,KS,ACE,CE,Federal Contract Tower,4,4,4,0,12,0,0,12,0,12,4,4,16,0,24,0,0,0,24
01/02/2020,MHK,KS,ACE,CE,Federal Contract Tower,2,4,17,0,23,0,0,37,2,39,2,4,54,2,62,34,0,34,96
01/03/2020,MHK,KS,ACE,CE,Federal Contract Tower,2,6,6,1,15,0,0,27,1,28,2,6,33,2,43,52,0,52,95
01/04/2020,MHK,KS,ACE,CE,Federal Contract Tower,2,8,4,0,14,0,0,42,4,46,2,8,46,4,60,42,0,42,102
01/05/2020,MHK,KS,ACE,CE,Federal Contract Tower,2,4,2,0,8,0,0,17,0,17,2,4,19,0,25,0,0,0,25
01/06/2020,MHK,KS,ACE,CE,Federal Contract Tower,4,4,2,0,10,0,0,28,8,36,4,4,30,8,46,14,0,14,60
01/07/2020,MHK,KS,ACE,CE,Federal Contract Tower,5,4,7,2,18,0,2,33,5,40,5,6,40,7,58,26,2,28,86
01/08/2020,MHK,KS,ACE,CE,Federal Contract Tower,4,4,5,4,17,0,0,19,18,37,4,4,24,22,54,4,8,12,66
01/09/2020,MHK,KS,ACE,CE,Federal Contract Tower,4,8,6,4,22,0,0,26,21,47,4,8,32,25,69,34,12,46,115
01/10/2020,MHK,KS,ACE,CE,Federal Contract Tower,2,0,0,0,2,0,0,0,0,0,2,0,0,0,2,0,0,0,2
01/11/2020,MHK,KS,ACE,CE,Federal Contract Tower,3,6,0,0,9,0,0,7,0,7,3,6,7,0,16,0,0,0,16
01/12/2020,MHK,KS,ACE,CE,Federal Contract Tower,3,5,3,0,11,0,0,0,0,0,3,5,3,0,11,0,0,0,11
01/13/2020,MHK,KS,ACE,CE,Federal Contract Tower,6,2,2,0,10,0,0,0,0,0,6,2,2,0,10,0,0,0,10
01/14/2020,MHK,KS,ACE,CE,Federal Contract Tower,4,3,8,25,40,0,0,14,12,26,4,3,22,37,66,22,0,22,88
01/15/2020,MHK,KS,ACE,CE,Federal Contract Tower,4,2,9,11,26,0,0,8,26,34,4,2,17,37,60,28,24,52,112
01/16/2020,MHK,KS,ACE,CE,Federal Contract Tower,4,6,3,6,19,0,0,33,10,43,4,6,36,16,62,50,0,50,112
01/17/2020,MHK,KS,ACE,CE,Federal Contract Tower,4,5,2,0,11,0,0,0,0,0,4,5,2,0,11,0,0,0,11
01/18/2020,MHK,KS,ACE,CE,Federal Contract Tower,4,2,7,0,13,0,0,17,0,17,4,2,24,0,30,18,0,18,48
01/19/2020,MHK,KS,ACE,CE,Federal Contract Tower,4,2,5,0,11,0,0,20,1,21,4,2,25,1,32,28,0,28,60
01/20/2020,MHK,KS,ACE,CE,Federal Contract Tower,5,2,7,0,14,0,0,36,1,37,5,2,43,1,51,38,0,38,89
01/21/2020,MHK,KS,ACE,CE,Federal Contract Tower,4,4,12,5,25,0,0,18,34,52,4,4,30,39,77,34,62,96,173
01/22/2020,MHK,KS,ACE,CE,Federal Contract Tower,2,5,4,0,11,0,0,0,0,0,2,5,4,0,11,0,0,0,11
01/23/2020,MHK,KS,ACE,CE,Federal Contract Tower,4,2,1,0,7,0,0,0,0,0,4,2,1,0,7,0,0,0,7
01/24/2020,MHK,KS,ACE,CE,Federal Contract Tower,4,10,5,0,19,0,0,1,16,17,4,10,6,16,36,12,0,12,48
01/25/2020,MHK,KS,ACE,CE,Federal Contract Tower,3,1,14,0,18,0,0,17,0,17,3,1,31,0,35,12,0,12,47
01/26/2020,MHK,KS,ACE,CE,Federal Contract Tower,2,4,11,0,17,0,0,42,0,42,2,4,53,0,59,10,0,10,69
01/27/2020,MHK,KS,ACE,CE,Federal Contract Tower,5,2,9,6,22,0,0,14,19,33,5,2,23,25,55,40,32,72,127
01/28/2020,MHK,KS,ACE,CE,Federal Contract Tower,4,2,3,0,9,0,0,0,0,0,4,2,3,0,9,0,0,0,9
01/29/2020,MHK,KS,ACE,CE,Federal Contract Tower,4,7,12,0,23,0,0,11,24,35,4,7,23,24,58,40,32,72,130
01/30/2020,MHK,KS,ACE,CE,Federal Contract Tower,4,3,4,1,12,0,0,16,17,33,4,3,20,18,45,66,6,72,117
01/31/2020,MHK,KS,ACE,CE,Federal Contract Tower,4,10,6,2,22,0,0,25,6,31,4,10,31,8,53,68,2,70,123
02/01/2020,MHK,KS,ACE,CE,Federal Contract Tower,3,5,5,0,13,0,0,50,0,50,3,5,55,0,63,52,0,52,115
02/02/2020,MHK,KS,ACE,CE,Federal Contract Tower,4,7,5,2,18,0,0,35,6,41,4,7,40,8,59,26,20,46,105
02/03/2020,MHK,KS,ACE,CE,Federal Contract Tower,5,5,10,0,20,0,0,0,1,1,5,5,10,1,21,0,0,0,21
02/04/2020,MHK,KS,ACE,CE,Federal Contract Tower,4,5,2,4,15,0,0,0,17,17,4,5,2,21,32,0,36,36,68
02/05/2020,MHK,KS,ACE,CE,Federal Contract Tower,5,4,3,2,14,0,0,10,20,30,5,4,13,22,44,0,30,30,74
02/06/2020,MHK,KS,ACE,CE,Federal Contract Tower,4,2,6,3,15,0,0,46,17,63,4,2,52,20,78,36,18,54,132
02/07/2020,MHK,KS,ACE,CE,Federal Contract Tower,5,7,13,0,25,0,0,16,0,16,5,7,29,0,41,20,0,20,61
02/08/2020,MHK,KS,ACE,CE,Federal Contract Tower,4,6,0,0,10,0,0,42,0,42,4,6,42,0,52,18,0,18,70
02/09/2020,MHK,KS,ACE,CE,Federal Contract Tower,5,2,4,2,13,0,0,21,0,21,5,2,25,2,34,10,0,10,44
02/10/2020,MHK,KS,ACE,CE,Federal Contract Tower,5,7,27,12,51,0,0,17,8,25,5,7,44,20,76,24,6,30,106
02/11/2020,MHK,KS,ACE,CE,Federal Contract Tower,5,15,6,2,28,0,3,17,4,24,5,18,23,6,52,14,12,26,78
02/12/2020,MHK,KS,ACE,CE,Federal Contract Tower,5,2,4,0,11,0,0,0,0,0,5,2,4,0,11,0,0,0,11
02/13/2020,MHK,KS,ACE,CE,Federal Contract Tower,4,2,7,5,18,0,0,19,5,24,4,2,26,10,42,10,0,10,52
02/14/2020,MHK,KS,ACE,CE,Federal Contract Tower,5,4,13,0,22,0,0,28,0,28,5,4,41,0,50,8,0,8,58
02/15/2020,MHK,KS,ACE,CE,Federal Contract Tower,2,12,7,0,21,0,2,40,0,42,2,14,47,0,63,58,0,58,121
02/16/2020,MHK,KS,ACE,CE,Federal Contract Tower,4,4,9,0,17,0,0,26,0,26,4,4,35,0,43,0,0,0,43
02/17/2020,MHK,KS,ACE,CE,Federal Contract Tower,4,2,6,0,12,0,0,33,8,41,4,2,39,8,53,20,0,20,73
02/18/2020,MHK,KS,ACE,CE,Federal Contract Tower,4,7,8,6,25,0,2,22,6,30,4,9,30,12,55,30,0,30,85
02/19/2020,MHK,KS,ACE,CE,Federal Contract Tower,4,6,0,7,17,0,0,28,4,32,4,6,28,11,49,46,0,46,95
02/20/2020,MHK,KS,ACE,CE,Federal Contract Tower,5,7,10,6,28,0,0,20,20,40,5,7,30,26,68,58,2,60,128
02/21/2020,MHK,KS,ACE,CE,Federal Contract Tower,7,9,5,2,23,0,2,19,3,24,7,11,24,5,47,20,0,20,67
02/22/2020,MHK,KS,ACE,CE,Federal Contract Tower,2,9,4,0,15,0,0,46,6,52,2,9,50,6,67,84,0,84,151
02/23/2020,MHK,KS,ACE,CE,Federal Contract Tower,6,4,1,0,11,0,0,16,4,20,6,4,17,4,31,30,0,30,61
02/24/2020,MHK,KS,ACE,CE,Federal Contract Tower,4,9,6,4,23,0,0,13,12,25,4,9,19,16,48,64,32,96,144
02/25/2020,MHK,KS,ACE,CE,Federal Contract Tower,4,3,3,4,14,0,0,2,9,11,4,3,5,13,25,26,24,50,75
02/26/2020,MHK,KS,ACE,CE,Federal Contract Tower,4,4,1,1,10,0,6,26,11,43,4,10,27,12,53,28,48,76,129
02/27/2020,MHK,KS,ACE,CE,Federal Contract Tower,4,2,5,5,16,0,0,19,5,24,4,2,24,10,40,20,0,20,60
02/28/2020,MHK,KS,ACE,CE,Federal Contract Tower,5,4,8,0,17,0,2,37,2,41,5,6,45,2,58,48,0,48,106
02/29/2020,MHK,KS,ACE,CE,Federal Contract Tower,3,12,14,0,29,0,0,43,0,43,3,12,57,0,72,34,0,34,106
03/01/2020,MHK,KS,ACE,CE,Federal Contract Tower,4,4,3,0,11,0,2,74,0,76,4,6,77,0,87,80,0,80,167
03/02/2020,MHK,KS,ACE,CE,Federal Contract Tower,4,6,13,0,23,0,0,53,3,56,4,6,66,3,79,124,24,148,227
03/03/2020,MHK,KS,ACE,CE,Federal Contract Tower,4,6,6,8,24,0,0,9,6,15,4,6,15,14,39,46,22,68,107
03/04/2020,MHK,KS,ACE,CE,Federal Contract Tower,5,7,9,2,23,0,2,50,2,54,5,9,59,4,77,78,32,110,187
03/05/2020,MHK,KS,ACE,CE,Federal Contract Tower,4,6,8,8,26,0,0,17,0,17,4,6,25,8,43,18,0,18,61
03/06/2020,MHK,KS,ACE,CE,Federal Contract Tower,5,6,9,1,21,0,0,49,1,50,5,6,58,2,71,64,0,64,135
03/07/2020,MHK,KS,ACE,CE,Federal Contract Tower,3,7,16,0,26,0,0,18,0,18,3,7,34,0,44,16,0,16,60
03/08/2020,MHK,KS,ACE,CE,Federal Contract Tower,4,3,2,2,11,0,0,7,0,7,4,3,9,2,18,8,0,8,26
03/09/2020,MHK,KS,ACE,CE,Federal Contract Tower,4,4,3,6,17,0,0,0,4,4,4,4,3,10,21,0,14,14,35
03/10/2020,MHK,KS,ACE,CE,Federal Contract Tower,4,3,7,4,18,0,0,15,4,19,4,3,22,8,37,40,20,60,97
03/11/2020,MHK,KS,ACE,CE,Federal Contract Tower,4,3,15,4,26,0,0,84,2,86,4,3,99,6,112,66,0,66,178
03/12/2020,MHK,KS,ACE,CE,Federal Contract Tower,3,2,8,2,15,0,0,41,2,43,3,2,49,4,58,66,6,72,130
03/13/2020,MHK,KS,ACE,CE,Federal Contract Tower,6,2,9,6,23,0,0,52,0,52,6,2,61,6,75,78,0,78,153
03/14/2020,MHK,KS,ACE,CE,Federal Contract Tower,3,4,3,0,10,0,0,0,0,0,3,4,3,0,10,0,0,0,10
03/15/2020,MHK,KS,ACE,CE,Federal Contract Tower,4,2,2,0,8,0,0,0,0,0,4,2,2,0,8,0,0,0,8
03/16/2020,MHK,KS,ACE,CE,Federal Contract Tower,4,2,9,0,15,0,0,3,0,3,4,2,12,0,18,0,0,0,18
03/17/2020,MHK,KS,ACE,CE,Federal Contract Tower,4,2,3,0,9,0,0,28,0,28,4,2,31,0,37,90,0,90,127
03/18/2020,MHK,KS,ACE,CE,Federal Contract Tower,4,4,17,3,28,0,0,13,2,15,4,4,30,5,43,32,36,68,111
03/19/2020,MHK,KS,ACE,CE,Federal Contract Tower,4,5,11,9,29,0,2,23,9,34,4,7,34,18,63,12,38,50,113
03/20/2020,MHK,KS,ACE,CE,Federal Contract Tower,4,3,9,0,16,0,2,28,0,30,4,5,37,0,46,14,0,14,60
03/21/2020,MHK,KS,ACE,CE,Federal Contract Tower,2,5,4,0,11,0,9,90,0,99,2,14,94,0,110,76,0,76,186
03/22/2020,MHK,KS,ACE,CE,Federal Contract Tower,4,2,4,0,10,0,0,0,0,0,4,2,4,0,10,0,0,0,10
03/23/2020,MHK,KS,ACE,CE,Federal Contract Tower,2,4,11,9,26,0,0,15,1,16,2,4,26,10,42,28,0,28,70
03/24/2020,MHK,KS,ACE,CE,Federal Contract Tower,3,1,15,2,21,0,0,11,4,15,3,1,26,6,36,38,16,54,90
03/25/2020,MHK,KS,ACE,CE,Federal Contract Tower,2,3,14,3,22,0,0,18,12,30,2,3,32,15,52,2,58,60,112
03/26/2020,MHK,KS,ACE,CE,Federal Contract Tower,2,4,13,2,21,0,0,18,1,19,2,4,31,3,40,78,0,78,118
03/27/2020,MHK,KS,ACE,CE,Federal Contract Tower,2,2,2,2,8,0,0,0,2,2,2,2,2,4,10,0,0,0,10
03/28/2020,MHK,KS,ACE,CE,Federal Contract Tower,2,2,2,0,6,0,0,6,0,6,2,2,8,0,12,2,0,2,14
03/29/2020,MHK,KS,ACE,CE,Federal Contract Tower,2,1,2,0,5,0,0,48,0,48,2,1,50,0,53,36,0,36,89
03/30/2020,MHK,KS,ACE,CE,Federal Contract Tower,2,2,6,2,12,2,0,23,6,31,4,2,29,8,43,30,20,50,93
03/31/2020,MHK,KS,ACE,CE,Federal Contract Tower,2,3,8,0,13,2,0,34,0,36,4,3,42,0,49,60,0,60,109
04/01/2020,MHK,KS,ACE,CE,Federal Contract Tower,2,3,6,4,15,0,1,13,0,14,2,4,19,4,29,22,0,22,51
04/02/2020,MHK,KS,ACE,CE,Federal Contract Tower,0,4,8,0,12,0,2,22,0,24,0,6,30,0,36,46,0,46,82
04/03/2020,MHK,KS,ACE,CE,Federal Contract Tower,1,0,0,0,1,0,0,22,0,22,1,0,22,0,23,20,0,20,43
04/04/2020,MHK,KS,ACE,CE,Federal Contract Tower,0,2,1,2,5,0,2,51,0,53,0,4,52,2,58,76,0,76,134
04/05/2020,MHK,KS,ACE,CE,Federal Contract Tower,0,0,7,0,7,0,0,9,0,9,0,0,16,0,16,8,0,8,24
04/06/2020,MHK,KS,ACE,CE,Federal Contract Tower,1,0,9,0,10,0,0,22,0,22,1,0,31,0,32,34,0,34,66
04/07/2020,MHK,KS,ACE,CE,Federal Contract Tower,0,2,25,0,27,0,4,73,4,81,0,6,98,4,108,84,0,84,192
04/08/2020,MHK,KS,ACE,CE,Federal Contract Tower,0,2,15,2,19,0,2,32,2,36,0,4,47,4,55,42,0,42,97
04/09/2020,MHK,KS,ACE,CE,Federal Contract Tower,0,2,2,0,4,0,4,20,0,24,0,6,22,0,28,34,0,34,62
04/10/2020,MHK,KS,ACE,CE,Federal Contract Tower,1,2,6,0,9,0,0,23,2,25,1,2,29,2,34,48,2,50,84
04/11/2020,MHK,KS,ACE,CE,Federal Contract Tower,0,0,3,0,3,0,2,20,0,22,0,2,23,0,25,50,0,50,75
04/12/2020,MHK,KS,ACE,CE,Federal Contract Tower,0,2,0,0,2,0,0,0,0,0,0,2,0,0,2,0,0,0,2
04/13/2020,MHK,KS,ACE,CE,Federal Contract Tower,0,2,22,0,24,0,0,36,2,38,0,2,58,2,62,24,10,34,96
04/14/2020,MHK,KS,ACE,CE,Federal Contract Tower,0,2,2,3,7,0,1,24,2,27,0,3,26,5,34,36,0,36,70
04/15/2020,MHK,KS,ACE,CE,Federal Contract Tower,0,4,6,4,14,0,0,45,5,50,0,4,51,9,64,46,12,58,122
04/16/2020,MHK,KS,ACE,CE,Federal Contract Tower,0,2,0,0,2,0,0,0,0,0,0,2,0,0,2,0,0,0,2
04/17/2020,MHK,KS,ACE,CE,Federal Contract Tower,5,2,2,0,9,0,0,29,0,29,5,2,31,0,38,50,0,50,88
04/18/2020,MHK,KS,ACE,CE,Federal Contract Tower,0,0,0,2,2,0,0,22,0,22,0,0,22,2,24,26,0,26,50
04/19/2020,MHK,KS,ACE,CE,Federal Contract Tower,0,2,0,0,2,0,0,35,0,35,0,2,35,0,37,80,0,80,117
04/20/2020,MHK,KS,ACE,CE,Federal Contract Tower,0,3,4,1,8,0,0,21,13,34,0,3,25,14,42,68,60,128,170
04/21/2020,MHK,KS,ACE,CE,Federal Contract Tower,0,0,18,2,20,0,0,58,6,64,0,0,76,8,84,66,40,106,190
04/22/2020,MHK,KS,ACE,CE,Federal Contract Tower,0,2,6,2,10,0,0,12,0,12,0,2,18,2,22,22,0,22,44
04/23/2020,MHK,KS,ACE,CE,Federal Contract Tower,0,4,4,1,9,0,0,26,3,29,0,4,30,4,38,32,0,32,70
04/24/2020,MHK,KS,ACE,CE,Federal Contract Tower,0,2,6,2,10,0,0,2,0,2,0,2,8,2,12,0,0,0,12
04/25/2020,MHK,KS,ACE,CE,Federal Contract Tower,0,0,3,0,3,0,0,41,0,41,0,0,44,0,44,30,0,30,74
04/26/2020,MHK,KS,ACE,CE,Federal Contract Tower,0,2,1,2,5,0,0,32,0,32,0,2,33,2,37,16,0,16,53
04/27/2020,MHK,KS,ACE,CE,Federal Contract Tower,0,0,7,10,17,0,0,31,22,53,0,0,38,32,70,26,80,106,176
04/28/2020,MHK,KS,ACE,CE,Federal Contract Tower,0,2,4,2,8,0,0,15,0,15,0,2,19,2,23,38,0,38,61
04/29/2020,MHK,KS,ACE,CE,Federal Contract Tower,0,2,3,12,17,0,0,18,8,26,0,2,21,20,43,0,22,22,65
04/30/2020,MHK,KS,ACE,CE,Federal Contract Tower,0,3,6,1,10,0,0,31,7,38,0,3,37,8,48,48,10,58,106
05/01/2020,MHK,KS,ACE,CE,Federal Contract Tower,0,3,5,0,8,0,0,39,2,41,0,3,44,2,49,46,0,46,95
05/02/2020,MHK,KS,ACE,CE,Federal Contract Tower,1,2,3,0,6,0,0,31,0,31,1,2,34,0,37,26,0,26,63
05/03/2020,MHK,KS,ACE,CE,Federal Contract Tower,0,2,3,0,5,0,0,36,0,36,0,2,39,0,41,32,0,32,73
05/04/2020,MHK,KS,ACE,CE,Federal Contract Tower,2,4,4,7,17,0,0,5,11,16,2,4,9,18,33,16,40,56,89
05/05/2020,MHK,KS,ACE,CE,Federal Contract Tower,0,0,25,6,31,0,0,30,12,42,0,0,55,18,73,32,44,76,149
05/06/2020,MHK,KS,ACE,CE,Federal Contract Tower,7,2,33,6,48,0,0,37,13,50,7,2,70,19,98,34,32,66,164
05/07/2020,MHK,KS,ACE,CE,Federal Contract Tower,0,5,5,4,14,0,0,10,0,10,0,5,15,4,24,42,0,42,66
05/08/2020,MHK,KS,ACE,CE,Federal Contract Tower,1,1,6,4,12,0,0,33,5,38,1,1,39,9,50,24,0,24,74
05/09/2020,MHK,KS,ACE,CE,Federal Contract Tower,0,2,4,0,6,0,1,37,1,39,0,3,41,1,45,18,0,18,63
05/10/2020,MHK,KS,ACE,CE,Federal Contract Tower,0,2,6,0,8,0,0,21,0,21,0,2,27,0,29,0,0,0,29
05/11/2020,MHK,KS,ACE,CE,Federal Contract Tower,0,4,3,2,9,0,0,8,0,8,0,4,11,2,17,12,0,12,29
05/12/2020,MHK,KS,ACE,CE,Federal Contract Tower,0,2,13,11,26,0,0,15,5,20,0,2,28,16,46,66,6,72,118
05/13/2020,MHK,KS,ACE,CE,Federal Contract Tower,4,2,5,2,13,0,0,0,0,0,4,2,5,2,13,0,0,0,13
05/14/2020,MHK,KS,ACE,CE,Federal Contract Tower,0,2,8,4,14,0,0,32,0,32,0,2,40,4,46,46,0,46,92
05/15/2020,MHK,KS,ACE,CE,Federal Contract Tower,0,4,2,5,11,0,0,15,1,16,0,4,17,6,27,58,0,58,85
05/16/2020,MHK,KS,ACE,CE,Federal Contract Tower,0,3,0,0,3,0,0,15,0,15,0,3,15,0,18,48,0,48,66
05/17/2020,MHK,KS,ACE,CE,Federal Contract Tower,0,4,3,0,7,0,0,9,0,9,0,4,12,0,16,0,0,0,16
05/18/2020,MHK,KS,ACE,CE,Federal Contract Tower,0,3,7,8,18,0,0,23,23,46,0,3,30,31,64,48,8,56,120
05/19/2020,MHK,KS,ACE,CE,Federal Contract Tower,0,4,1,5,10,0,0,31,20,51,0,4,32,25,61,36,32,68,129
05/20/2020,MHK,KS,ACE,CE,Federal Contract Tower,0,2,8,10,20,0,0,40,24,64,0,2,48,34,84,86,50,136,220
05/21/2020,MHK,KS,ACE,CE,Federal Contract Tower,4,2,11,2,19,0,0,5,2,7,4,2,16,4,26,4,0,4,30
05/22/2020,MHK,KS,ACE,CE,Federal Contract Tower,0,2,2,0,4,0,0,24,20,44,0,2,26,20,48,44,0,44,92
05/23/2020,MHK,KS,ACE,CE,Federal Contract Tower,0,2,9,0,11,0,0,78,0,78,0,2,87,0,89,114,0,114,203
05/24/2020,MHK,KS,ACE,CE,Federal Contract Tower,0,2,0,0,2,0,0,14,0,14,0,2,14,0,16,22,0,22,38
05/25/2020,MHK,KS,ACE,CE,Federal Contract Tower,0,2,2,2,6,0,0,17,0,17,0,2,19,2,23,16,0,16,39
05/26/2020,MHK,KS,ACE,CE,Federal Contract Tower,0,2,7,10,19,0,0,5,6,11,0,2,12,16,30,22,32,54,84
05/27/2020,MHK,KS,ACE,CE,Federal Contract Tower,0,6,17,6,29,0,0,23,11,34,0,6,40,17,63,60,32,92,155
05/28/2020,MHK,KS,ACE,CE,Federal Contract Tower,2,3,10,2,17,0,0,12,6,18,2,3,22,8,35,22,6,28,63
05/29/2020,MHK,KS,ACE,CE,Federal Contract Tower,0,2,9,2,13,0,2,73,0,75,0,4,82,2,88,110,0,110,198
05/30/2020,MHK,KS,ACE,CE,Federal Contract Tower,0,2,0,2,4,0,0,78,0,78,0,2,78,2,82,74,0,74,156
05/31/2020,MHK,KS,ACE,CE,Federal Contract Tower,0,2,2,0,4,0,0,36,0,36,0,2,38,0,40,38,0,38,78
06/01/2020,MHK,KS,ACE,CE,Federal Contract Tower,0,2,14,10,26,0,0,11,3,14,0,2,25,13,40,0,6,6,46
06/02/2020,MHK,KS,ACE,CE,Federal Contract Tower,0,3,14,3,20,0,3,30,20,53,0,6,44,23,73,44,0,44,117
06/03/2020,MHK,KS,ACE,CE,Federal Contract Tower,2,3,17,6,28,0,0,39,4,43,2,3,56,10,71,70,34,104,175
06/04/2020,MHK,KS,ACE,CE,Federal Contract Tower,1,3,3,8,15,0,0,27,7,34,1,3,30,15,49,22,38,60,109
06/05/2020,MHK,KS,ACE,CE,Federal Contract Tower,1,1,6,0,8,0,0,52,0,52,1,1,58,0,60,84,0,84,144
06/06/2020,MHK,KS,ACE,CE,Federal Contract Tower,3,1,9,2,15,0,0,58,0,58,3,1,67,2,73,60,0,60,133
06/07/2020,MHK,KS,ACE,CE,Federal Contract Tower,1,1,3,0,5,0,0,24,0,24,1,1,27,0,29,6,0,6,35
06/08/2020,MHK,KS,ACE,CE,Federal Contract Tower,2,0,26,3,31,0,0,27,6,33,2,0,53,9,64,30,28,58,122
06/09/2020,MHK,KS,ACE,CE,Federal Contract Tower,2,4,14,3,23,0,2,19,2,23,2,6,33,5,46,30,2,32,78
06/10/2020,MHK,KS,ACE,CE,Federal Contract Tower,2,0,6,10,18,0,0,1,10,11,2,0,7,20,29,0,4,4,33
06/11/2020,MHK,KS,ACE,CE,Federal Contract Tower,1,3,20,2,26,0,0,51,5,56,1,3,71,7,82,88,12,100,182
06/12/2020,MHK,KS,ACE,CE,Federal Contract Tower,2,0,5,0,7,0,0,52,0,52,2,0,57,0,59,70,0,70,129
06/13/2020,MHK,KS,ACE,CE,Federal Contract Tower,2,0,6,0,8,0,0,34,0,34,2,0,40,0,42,56,0,56,98
06/14/2020,MHK,KS,ACE,CE,Federal Contract Tower,2,2,5,0,9,0,0,17,0,17,2,2,22,0,26,4,0,4,30
06/15/2020,MHK,KS,ACE,CE,Federal Contract Tower,2,0,5,2,9,0,0,15,5,20,2,0,20,7,29,20,6,26,55
06/16/2020,MHK,KS,ACE,CE,Federal Contract Tower,2,3,10,0,15,0,0,32,9,41,2,3,42,9,56,78,30,108,164
06/17/2020,MHK,KS,ACE,CE,Federal Contract Tower,2,0,5,7,14,0,2,14,4,20,2,2,19,11,34,18,28,46,80
06/18/2020,MHK,KS,ACE,CE,Federal Contract Tower,2,0,2,0,4,0,0,12,7,19,2,0,14,7,23,18,6,24,47
06/19/2020,MHK,KS,ACE,CE,Federal Contract Tower,4,0,5,0,9,0,0,13,0,13,4,0,18,0,22,20,0,20,42
06/20/2020,MHK,KS,ACE,CE,Federal Contract Tower,2,0,9,0,11,0,0,43,0,43,2,0,52,0,54,78,0,78,132
06/21/2020,MHK,KS,ACE,CE,Federal Contract Tower,4,0,7,0,11,0,0,20,0,20,4,0,27,0,31,18,0,18,49
06/22/2020,MHK,KS,ACE,CE,Federal Contract Tower,2,0,15,1,18,0,0,24,0,24,2,0,39,1,42,16,0,16,58
06/23/2020,MHK,KS,ACE,CE,Federal Contract Tower,2,3,15,5,25,0,0,50,6,56,2,3,65,11,81,26,16,42,123
06/24/2020,MHK,KS,ACE,CE,Federal Contract Tower,2,5,13,8,28,0,0,40,6,46,2,5,53,14,74,18,0,18,92
06/25/2020,MHK,KS,ACE,CE,Federal Contract Tower,2,0,14,3,19,0,0,30,3,33,2,0,44,6,52,0,12,12,64
06/26/2020,MHK,KS,ACE,CE,Federal Contract Tower,2,0,6,2,10,0,0,31,4,35,2,0,37,6,45,90,0,90,135
06/27/2020,MHK,KS,ACE,CE,Federal Contract Tower,2,2,5,0,9,0,0,37,0,37,2,2,42,0,46,104,0,104,150
06/28/2020,MHK,KS,ACE,CE,Federal Contract Tower,2,2,3,0,7,0,0,24,0,24,2,2,27,0,31,8,0,8,39
06/29/2020,MHK,KS,ACE,CE,Federal Contract Tower,4,0,9,0,13,0,0,12,1,13,4,0,21,1,26,4,4,8,34
06/30/2020,MHK,KS,ACE,CE,Federal Contract Tower,2,2,27,0,31,0,2,24,1,27,2,4,51,1,58,12,0,12,70
07/01/2020,MHK,KS,ACE,CE,Federal Contract Tower,2,6,13,2,23,0,0,44,2,46,2,6,57,4,69,40,0,40,109
07/02/2020,MHK,KS,ACE,CE,Federal Contract Tower,2,0,8,0,10,0,4,43,2,49,2,4,51,2,59,72,0,72,131
07/03/2020,MHK,KS,ACE,CE,Federal Contract Tower,2,3,5,0,10,0,0,42,0,42,2,3,47,0,52,96,0,96,148
07/04/2020,MHK,KS,ACE,CE,Federal Contract Tower,2,0,2,0,4,0,0,16,0,16,2,0,18,0,20,28,0,28,48
07/05/2020,MHK,KS,ACE,CE,Federal Contract Tower,2,5,10,0,17,0,0,13,0,13,2,5,23,0,30,22,0,22,52
07/06/2020,MHK,KS,ACE,CE,Federal Contract Tower,2,0,7,0,9,0,0,42,0,42,2,0,49,0,51,42,0,42,93
07/07/2020,MHK,KS,ACE,CE,Federal Contract Tower,3,1,5,5,14,0,0,36,3,39,3,1,41,8,53,36,0,36,89
07/08/2020,MHK,KS,ACE,CE,Federal Contract Tower,4,2,4,6,16,0,0,46,0,46,4,2,50,6,62,30,0,30,92
07/09/2020,MHK,KS,ACE,CE,Federal Contract Tower,4,4,6,4,18,0,0,34,6,40,4,4,40,10,58,52,22,74,132
07/10/2020,MHK,KS,ACE,CE,Federal Contract Tower,3,3,6,1,13,0,0,36,2,38,3,3,42,3,51,52,0,52,103
07/11/2020,MHK,KS,ACE,CE,Federal Contract Tower,3,1,0,2,6,0,0,60,0,60,3,1,60,2,66,108,0,108,174
07/12/2020,MHK,KS,ACE,CE,Federal Contract Tower,6,0,3,0,9,26,0,0,0,26,32,0,3,0,35,6,0,6,41
07/13/2020,MHK,KS,ACE,CE,Federal Contract Tower,6,0,7,0,13,0,0,28,0,28,6,0,35,0,41,18,0,18,59
07/14/2020,MHK,KS,ACE,CE,Federal Contract Tower,3,0,4,0,7,0,4,27,12,43,3,4,31,12,50,32,14,46,96
07/15/2020,MHK,KS,ACE,CE,Federal Contract Tower,2,1,2,6,11,0,0,0,3,3,2,1,2,9,14,0,0,0,14
07/16/2020,MHK,KS,ACE,CE,Federal Contract Tower,8,0,1,1,10,0,0,16,0,16,8,0,17,1,26,2,0,2,28
07/17/2020,MHK,KS,ACE,CE,Federal Contract Tower,6,0,6,2,14,0,0,34,0,34,6,0,40,2,48,68,0,68,116
07/18/2020,MHK,KS,ACE,CE,Federal Contract Tower,4,0,2,0,6,0,0,28,0,28,4,0,30,0,34,10,0,10,44
07/19/2020,MHK,KS,ACE,CE,Federal Contract Tower,6,0,4,0,10,0,0,26,0,26,6,0,30,0,36,10,0,10,46
07/20/2020,MHK,KS,ACE,CE,Federal Contract Tower,3,2,8,0,13,0,0,9,2,11,3,2,17,2,24,8,0,8,32
07/21/2020,MHK,KS,ACE,CE,Federal Contract Tower,2,5,8,4,19,0,0,19,1,20,2,5,27,5,39,24,8,32,71
07/22/2020,MHK,KS,ACE,CE,Federal Contract Tower,2,2,8,5,17,0,0,50,0,50,2,2,58,5,67,94,0,94,161
07/23/2020,MHK,KS,ACE,CE,Federal Contract Tower,3,3,15,4,25,0,0,42,9,51,3,3,57,13,76,70,4,74,150
07/24/2020,MHK,KS,ACE,CE,Federal Contract Tower,3,4,12,2,21,0,0,47,0,47,3,4,59,2,68,118,20,138,206
07/25/2020,MHK,KS,ACE,CE,Federal Contract Tower,3,1,5,0,9,0,0,38,0,38,3,1,43,0,47,36,0,36,83
07/26/2020,MHK,KS,ACE,CE,Federal Contract Tower,5,1,6,0,12,0,0,36,0,36,5,1,42,0,48,36,0,36,84
07/27/2020,MHK,KS,ACE,CE,Federal Contract Tower,6,0,9,2,17,0,0,5,3,8,6,0,14,5,25,6,12,18,43
07/28/2020,MHK,KS,ACE,CE,Federal Contract Tower,3,4,10,5,22,0,0,21,2,23,3,4,31,7,45,34,0,34,79
07/29/2020,MHK,KS,ACE,CE,Federal Contract Tower,3,0,10,2,15,0,0,2,0,2,3,0,12,2,17,0,0,0,17
07/30/2020,MHK,KS,ACE,CE,Federal Contract Tower,3,0,0,0,3,0,0,0,6,6,3,0,0,6,9,0,0,0,9
07/31/2020,MHK,KS,ACE,CE,Federal Contract Tower,3,2,16,1,22,0,0,23,2,25,3,2,39,3,47,2,0,2,49
08/01/2020,MHK,KS,ACE,CE,Federal Contract Tower,3,0,4,0,7,0,0,58,12,70,3,0,62,12,77,58,0,58,135
08/02/2020,MHK,KS,ACE,CE,Federal Contract Tower,3,0,2,2,7,0,0,39,0,39,3,0,41,2,46,38,0,38,84
08/03/2020,MHK,KS,ACE,CE,Federal Contract Tower,3,0,4,5,12,0,0,32,10,42,3,0,36,15,54,62,0,62,116
08/04/2020,MHK,KS,ACE,CE,Federal Contract Tower,2,0,21,5,28,0,0,41,2,43,2,0,62,7,71,50,0,50,121
08/05/2020,MHK,KS,ACE,CE,Federal Contract Tower,4,0,14,2,20,0,0,43,9,52,4,0,57,11,72,54,0,54,126
08/06/2020,MHK,KS,ACE,CE,Federal Contract Tower,5,2,15,4,26,0,0,35,2,37,5,2,50,6,63,38,0,38,101
08/07/2020,MHK,KS,ACE,CE,Federal Contract Tower,3,0,5,0,8,0,0,14,0,14,3,0,19,0,22,16,0,16,38
08/08/2020,MHK,KS,ACE,CE,Federal Contract Tower,3,2,7,0,12,0,0,49,0,49,3,2,56,0,61,60,0,60,121
08/09/2020,MHK,KS,ACE,CE,Federal Contract Tower,3,0,6,0,9,0,0,21,0,21,3,0,27,0,30,4,0,4,34
08/10/2020,MHK,KS,ACE,CE,Federal Contract Tower,3,0,14,2,19,0,0,18,1,19,3,0,32,3,38,46,2,48,86
08/11/2020,MHK,KS,ACE,CE,Federal Contract Tower,2,0,34,5,41,0,2,45,15,62,2,2,79,20,103,24,2,26,129
08/12/2020,MHK,KS,ACE,CE,Federal Contract Tower,2,2,23,6,33,0,0,30,2,32,2,2,53,8,65,42,0,42,107
08/13/2020,MHK,KS,ACE,CE,Federal Contract Tower,5,3,21,7,36,0,1,44,1,46,5,4,65,8,82,26,0,26,108
08/14/2020,MHK,KS,ACE,CE,Federal Contract Tower,3,2,28,1,34,0,0,43,0,43,3,2,71,1,77,68,0,68,145
08/15/2020,MHK,KS,ACE,CE,Federal Contract Tower,3,1,4,0,8,0,0,60,0,60,3,1,64,0,68,16,0,16,84
08/16/2020,MHK,KS,ACE,CE,Federal Contract Tower,2,0,10,0,12,0,0,48,0,48,2,0,58,0,60,24,0,24,84
08/17/2020,MHK,KS,ACE,CE,Federal Contract Tower,3,0,19,0,22,0,0,40,0,40,3,0,59,0,62,4,0,4,66
08/18/2020,MHK,KS,ACE,CE,Federal Contract Tower,2,0,27,4,33,0,0,38,3,41,2,0,65,7,74,28,10,38,112
08/19/2020,MHK,KS,ACE,CE,Federal Contract Tower,2,0,12,6,20,0,2,34,14,50,2,2,46,20,70,30,0,30,100
08/20/2020,MHK,KS,ACE,CE,Federal Contract Tower,3,0,13,3,19,0,0,45,10,55,3,0,58,13,74,68,4,72,146
08/21/2020,MHK,KS,ACE,CE,Federal Contract Tower,3,0,3,2,8,0,0,46,12,58,3,0,49,14,66,54,0,54,120
08/22/2020,MHK,KS,ACE,CE,Federal Contract Tower,3,2,1,0,6,0,0,42,4,46,3,2,43,4,52,70,0,70,122
08/23/2020,MHK,KS,ACE,CE,Federal Contract Tower,3,0,7,0,10,0,0,40,2,42,3,0,47,2,52,42,0,42,94
08/24/2020,MHK,KS,ACE,CE,Federal Contract Tower,3,0,14,1,18,0,2,47,22,71,3,2,61,23,89,46,20,66,155
08/25/2020,MHK,KS,ACE,CE,Federal Contract Tower,2,3,2,0,7,0,2,44,15,61,2,5,46,15,68,26,6,32,100
08/26/2020,MHK,KS,ACE,CE,Federal Contract Tower,2,3,8,0,13,0,0,26,29,55,2,3,34,29,68,38,10,48,116
08/27/2020,MHK,KS,ACE,CE,Federal Contract Tower,3,2,13,4,22,0,2,39,0,41,3,4,52,4,63,58,0,58,121
08/28/2020,MHK,KS,ACE,CE,Federal Contract Tower,3,4,6,0,13,0,2,31,2,35,3,6,37,2,48,34,10,44,92
08/29/2020,MHK,KS,ACE,CE,Federal Contract Tower,3,0,12,0,15,0,0,27,0,27,3,0,39,0,42,40,0,40,82
08/30/2020,MHK,KS,ACE,CE,Federal Contract Tower,3,2,9,0,14,0,0,34,0,34,3,2,43,0,48,26,0,26,74
08/31/2020,MHK,KS,ACE,CE,Federal Contract Tower,5,3,5,2,15,0,4,22,0,26,5,7,27,2,41,36,0,36,77
09/01/2020,MHK,KS,ACE,CE,Federal Contract Tower,2,0,12,4,18,0,0,28,0,28,2,0,40,4,46,46,0,46,92
09/02/2020,MHK,KS,ACE,CE,Federal Contract Tower,13,3,5,0,21,0,0,41,0,41,13,3,46,0,62,94,0,94,156
09/03/2020,MHK,KS,ACE,CE,Federal Contract Tower,10,0,15,0,25,0,2,35,0,37,10,2,50,0,62,72,0,72,134
09/04/2020,MHK,KS,ACE,CE,Federal Contract Tower,15,6,8,0,29,0,2,33,0,35,15,8,41,0,64,68,0,68,132
09/05/2020,MHK,KS,ACE,CE,Federal Contract Tower,14,0,7,2,23,0,0,48,0,48,14,0,55,2,71,44,0,44,115
09/06/2020,MHK,KS,ACE,CE,Federal Contract Tower,4,0,1,0,5,0,0,3,0,3,4,0,4,0,8,0,0,0,8
09/07/2020,MHK,KS,ACE,CE,Federal Contract Tower,3,2,3,0,8,0,0,44,0,44,3,2,47,0,52,60,0,60,112
09/08/2020,MHK,KS,ACE,CE,Federal Contract Tower,2,4,2,0,8,0,0,0,0,0,2,4,2,0,8,0,0,0,8
09/09/2020,MHK,KS,ACE,CE,Federal Contract Tower,3,5,2,2,12,0,0,0,0,0,3,5,2,2,12,0,0,0,12
09/10/2020,MHK,KS,ACE,CE,Federal Contract Tower,3,5,2,2,12,0,0,0,0,0,3,5,2,2,12,0,0,0,12
09/11/2020,MHK,KS,ACE,CE,Federal Contract Tower,4,11,17,8,40,0,0,6,0,6,4,11,23,8,46,24,0,24,70
09/12/2020,MHK,KS,ACE,CE,Federal Contract Tower,4,2,14,0,20,0,0,36,0,36,4,2,50,0,56,64,0,64,120
09/13/2020,MHK,KS,ACE,CE,Federal Contract Tower,3,1,2,0,6,0,0,52,0,52,3,1,54,0,58,56,0,56,114
09/14/2020,MHK,KS,ACE,CE,Federal Contract Tower,3,2,13,0,18,0,0,47,2,49,3,2,60,2,67,84,0,84,151
09/15/2020,MHK,KS,ACE,CE,Federal Contract Tower,4,2,10,3,19,0,0,58,7,65,4,2,68,10,84,140,0,140,224
09/16/2020,MHK,KS,ACE,CE,Federal Contract Tower,3,0,14,0,17,0,4,47,0,51,3,4,61,0,68,96,0,96,164
09/17/2020,MHK,KS,ACE,CE,Federal Contract Tower,3,2,18,5,28,0,2,43,7,52,3,4,61,12,80,70,0,70,150
09/18/2020,MHK,KS,ACE,CE,Federal Contract Tower,3,6,8,2,19,0,0,41,0,41,3,6,49,2,60,68,0,68,128
09/19/2020,MHK,KS,ACE,CE,Federal Contract Tower,3,0,2,0,5,0,0,41,0,41,3,0,43,0,46,30,0,30,76
09/20/2020,MHK,KS,ACE,CE,Federal Contract Tower,3,3,4,2,12,0,0,21,0,21,3,3,25,2,33,6,0,6,39
09/21/2020,MHK,KS,ACE,CE,Federal Contract Tower,3,1,7,0,11,0,0,20,12,32,3,1,27,12,43,36,6,42,85
09/22/2020,MHK,KS,ACE,CE,Federal Contract Tower,4,0,11,8,23,0,0,36,5,41,4,0,47,13,64,64,18,82,146
09/23/2020,MHK,KS,ACE,CE,Federal Contract Tower,3,4,11,12,30,0,0,18,4,22,3,4,29,16,52,36,0,36,88
09/24/2020,MHK,KS,ACE,CE,Federal Contract Tower,3,2,14,4,23,0,2,42,5,49,3,4,56,9,72,26,8,34,106
09/25/2020,MHK,KS,ACE,CE,Federal Contract Tower,3,0,27,2,32,0,2,35,0,37,3,2,62,2,69,38,0,38,107
09/26/2020,MHK,KS,ACE,CE,Federal Contract Tower,5,0,7,1,13,0,2,15,1,18,5,2,22,2,31,6,10,16,47
09/27/2020,MHK,KS,ACE,CE,Federal Contract Tower,5,0,5,0,10,0,0,16,0,16,5,0,21,0,26,4,0,4,30
09/28/2020,MHK,KS,ACE,CE,Federal Contract Tower,3,4,10,3,20,0,0,36,8,44,3,4,46,11,64,8,10,18,82
09/29/2020,MHK,KS,ACE,CE,Federal Contract Tower,6,0,6,12,24,0,0,37,2,39,6,0,43,14,63,20,14,34,97
09/30/2020,MHK,KS,ACE,CE,Federal Contract Tower,3,2,8,0,13,0,0,21,6,27,3,2,29,6,40,0,0,0,40
10/01/2020,MHK,KS,ACE,CE,Federal Contract Tower,3,1,17,3,24,0,2,31,7,40,3,3,48,10,64,22,20,42,106
10/02/2020,MHK,KS,ACE,CE,Federal Contract Tower,4,2,11,1,18,0,0,52,21,73,4,2,63,22,91,38,0,38,129
10/03/2020,MHK,KS,ACE,CE,Federal Contract Tower,6,3,11,0,20,0,0,32,2,34,6,3,43,2,54,8,0,8,62
10/04/2020,MHK,KS,ACE,CE,Federal Contract Tower,3,2,4,0,9,0,0,39,0,39,3,2,43,0,48,48,0,48,96
10/05/2020,MHK,KS,ACE,CE,Federal Contract Tower,9,0,6,2,17,0,0,12,3,15,9,0,18,5,32,10,16,26,58
10/06/2020,MHK,KS,ACE,CE,Federal Contract Tower,11,0,10,0,21,0,0,50,0,50,11,0,60,0,71,110,0,110,181
10/07/2020,MHK,KS,ACE,CE,Federal Contract Tower,20,0,9,4,33,0,0,44,2,46,20,0,53,6,79,92,0,92,171
10/08/2020,MHK,KS,ACE,CE,Federal Contract Tower,20,4,17,0,41,0,0,34,0,34,20,4,51,0,75,26,0,26,101
10/09/2020,MHK,KS,ACE,CE,Federal Contract Tower,5,0,15,0,20,0,0,41,0,41,5,0,56,0,61,24,0,24,85
10/10/2020,MHK,KS,ACE,CE,Federal Contract Tower,3,0,13,1,17,0,0,23,0,23,3,0,36,1,40,52,0,52,92
10/11/2020,MHK,KS,ACE,CE,Federal Contract Tower,3,2,2,3,10,0,0,13,0,13,3,2,15,3,23,0,0,0,23
10/12/2020,MHK,KS,ACE,CE,Federal Contract Tower,3,2,1,0,6,0,0,54,0,54,3,2,55,0,60,18,0,18,78
10/13/2020,MHK,KS,ACE,CE,Federal Contract Tower,4,2,19,1,26,0,0,54,1,55,4,2,73,2,81,16,0,16,97
10/14/2020,MHK,KS,ACE,CE,Federal Contract Tower,4,0,9,7,20,0,0,32,3,35,4,0,41,10,55,38,0,38,93
10/15/2020,MHK,KS,ACE,CE,Federal Contract Tower,4,4,22,1,31,0,2,34,7,43,4,6,56,8,74,42,2,44,118
10/16/2020,MHK,KS,ACE,CE,Federal Contract Tower,3,1,13,0,17,0,0,42,2,44,3,1,55,2,61,38,0,38,99
10/17/2020,MHK,KS,ACE,CE,Federal Contract Tower,3,1,6,0,10,0,0,5,0,5,3,1,11,0,15,4,0,4,19
10/18/2020,MHK,KS,ACE,CE,Federal Contract Tower,3,1,4,2,10,0,0,25,0,25,3,1,29,2,35,30,0,30,65
10/19/2020,MHK,KS,ACE,CE,Federal Contract Tower,5,2,20,12,39,0,0,15,9,24,5,2,35,21,63,72,0,72,135
10/20/2020,MHK,KS,ACE,CE,Federal Contract Tower,4,0,7,7,18,0,0,15,6,21,4,0,22,13,39,20,10,30,69
10/21/2020,MHK,KS,ACE,CE,Federal Contract Tower,4,0,9,0,13,0,0,8,0,8,4,0,17,0,21,10,0,10,31
10/22/2020,MHK,KS,ACE,CE,Federal Contract Tower,6,2,8,0,16,0,0,7,0,7,6,2,15,0,23,10,0,10,33
10/23/2020,MHK,KS,ACE,CE,Federal Contract Tower,5,3,5,1,14,0,0,7,2,9,5,3,12,3,23,2,0,2,25
10/24/2020,MHK,KS,ACE,CE,Federal Contract Tower,3,8,14,2,27,0,2,20,3,25,3,10,34,5,52,18,0,18,70
10/25/2020,MHK,KS,ACE,CE,Federal Contract Tower,3,2,2,0,7,0,0,0,0,0,3,2,2,0,7,0,0,0,7
10/26/2020,MHK,KS,ACE,CE,Federal Contract Tower,3,0,5,0,8,0,0,5,6,11,3,0,10,6,19,18,30,48,67
10/27/2020,MHK,KS,ACE,CE,Federal Contract Tower,5,1,2,7,15,0,0,26,13,39,5,1,28,20,54,34,28,62,116
10/28/2020,MHK,KS,ACE,CE,Federal Contract Tower,5,2,8,16,31,0,4,46,7,57,5,6,54,23,88,56,4,60,148
10/29/2020,MHK,KS,ACE,CE,Federal Contract Tower,4,12,22,6,44,0,2,37,7,46,4,14,59,13,90,42,10,52,142
10/30/2020,MHK,KS,ACE,CE,Federal Contract Tower,5,0,14,4,23,0,2,50,0,52,5,2,64,4,75,40,0,40,115
10/31/2020,MHK,KS,ACE,CE,Federal Contract Tower,6,1,8,4,19,0,0,24,1,25,6,1,32,5,44,12,0,12,56
11/02/2020,MHK,KS,ACE,CE,Federal Contract Tower,3,0,4,5,12,0,0,34,11,45,3,0,38,16,57,28,4,32,89
11/03/2020,MHK,KS,ACE,CE,Federal Contract Tower,4,0,4,8,16,0,0,37,10,47,4,0,41,18,63,66,32,98,161
11/04/2020,MHK,KS,ACE,CE,Federal Contract Tower,4,2,6,1,13,0,0,20,3,23,4,2,26,4,36,28,26,54,90
11/05/2020,MHK,KS,ACE,CE,Federal Contract Tower,4,0,10,3,17,0,0,50,9,59,4,0,60,12,76,102,32,134,210
11/06/2020,MHK,KS,ACE,CE,Federal Contract Tower,3,5,14,0,22,0,0,26,0,26,3,5,40,0,48,54,0,54,102
11/07/2020,MHK,KS,ACE,CE,Federal Contract Tower,3,5,14,2,24,0,0,23,0,23,3,5,37,2,47,0,0,0,47
11/08/2020,MHK,KS,ACE,CE,Federal Contract Tower,3,5,2,0,10,0,0,1,0,1,3,5,3,0,11,0,0,0,11
11/09/2020,MHK,KS,ACE,CE,Federal Contract Tower,3,0,1,2,6,0,0,3,10,13,3,0,4,12,19,12,74,86,105
11/10/2020,MHK,KS,ACE,CE,Federal Contract Tower,4,0,5,11,20,0,0,5,24,29,4,0,10,35,49,12,40,52,101
11/11/2020,MHK,KS,ACE,CE,Federal Contract Tower,4,0,4,0,8,0,0,95,0,95,4,0,99,0,103,60,0,60,163
11/12/2020,MHK,KS,ACE,CE,Federal Contract Tower,6,2,9,4,21,0,0,41,3,44,6,2,50,7,65,54,0,54,119
11/13/2020,MHK,KS,ACE,CE,Federal Contract Tower,3,4,7,0,14,0,0,54,0,54,3,4,61,0,68,156,0,156,224
11/14/2020,MHK,KS,ACE,CE,Federal Contract Tower,3,2,2,0,7,0,0,8,0,8,3,2,10,0,15,12,0,12,27
11/15/2020,MHK,KS,ACE,CE,Federal Contract Tower,3,0,5,0,8,0,0,16,0,16,3,0,21,0,24,40,0,40,64
11/16/2020,MHK,KS,ACE,CE,Federal Contract Tower,4,0,2,0,6,0,0,49,0,49,4,0,51,0,55,78,0,78,133
11/17/2020,MHK,KS,ACE,CE,Federal Contract Tower,5,2,8,6,21,0,0,21,7,28,5,2,29,13,49,34,10,44,93
11/18/2020,MHK,KS,ACE,CE,Federal Contract Tower,4,2,11,1,18,0,0,8,3,11,4,2,19,4,29,0,10,10,39
11/19/2020,MHK,KS,ACE,CE,Federal Contract Tower,6,2,3,1,12,0,0,37,8,45,6,2,40,9,57,50,0,50,107
11/20/2020,MHK,KS,ACE,CE,Federal Contract Tower,3,2,10,0,15,0,4,60,4,68,3,6,70,4,83,44,0,44,127
11/21/2020,MHK,KS,ACE,CE,Federal Contract Tower,5,0,4,0,9,0,0,21,0,21,5,0,25,0,30,52,0,52,82
11/22/2020,MHK,KS,ACE,CE,Federal Contract Tower,3,2,5,0,10,0,0,42,0,42,3,2,47,0,52,58,0,58,110
11/23/2020,MHK,KS,ACE,CE,Federal Contract Tower,4,2,1,0,7,0,0,6,2,8,4,2,7,2,15,22,0,22,37
11/24/2020,MHK,KS,ACE,CE,Federal Contract Tower,3,2,0,0,5,0,0,0,2,2,3,2,0,2,7,0,0,0,7
11/25/2020,MHK,KS,ACE,CE,Federal Contract Tower,4,4,11,0,19,0,0,13,0,13,4,4,24,0,32,18,0,18,50
11/26/2020,MHK,KS,ACE,CE,Federal Contract Tower,2,0,4,0,6,0,0,17,0,17,2,0,21,0,23,32,0,32,55
11/28/2020,MHK,KS,ACE,CE,Federal Contract Tower,3,0,10,0,13,0,38,0,0,38,3,38,10,0,51,50,0,50,101
11/29/2020,MHK,KS,ACE,CE,Federal Contract Tower,2,3,3,0,8,0,0,6,0,6,2,3,9,0,14,2,0,2,16
11/30/2020,MHK,KS,ACE,CE,Federal Contract Tower,5,1,2,7,15,0,0,82,13,95,5,1,84,20,110,90,20,110,220
12/01/2020,MHK,KS,ACE,CE,Federal Contract Tower,4,4,5,3,16,0,6,46,17,69,4,10,51,20,85,48,2,50,135
12/02/2020,MHK,KS,ACE,CE,Federal Contract Tower,4,0,11,7,22,0,0,44,15,59,4,0,55,22,81,78,20,98,179
12/03/2020,MHK,KS,ACE,CE,Federal Contract Tower,5,0,5,2,12,0,0,39,4,43,5,0,44,6,55,86,6,92,147
12/04/2020,MHK,KS,ACE,CE,Federal Contract Tower,4,3,8,0,15,0,0,60,0,60,4,3,68,0,75,84,0,84,159
12/05/2020,MHK,KS,ACE,CE,Federal Contract Tower,5,8,25,0,38,0,0,42,0,42,5,8,67,0,80,22,0,22,102
12/06/2020,MHK,KS,ACE,CE,Federal Contract Tower,3,1,1,0,5,0,0,35,0,35,3,1,36,0,40,42,0,42,82
12/07/2020,MHK,KS,ACE,CE,Federal Contract Tower,3,3,2,0,8,0,0,59,6,65,3,3,61,6,73,55,24,79,152
12/08/2020,MHK,KS,ACE,CE,Federal Contract Tower,6,0,2,0,8,0,0,64,16,80,6,0,66,16,88,40,10,50,138
12/09/2020,MHK,KS,ACE,CE,Federal Contract Tower,4,1,10,7,22,0,0,49,24,73,4,1,59,31,95,72,18,90,185
12/10/2020,MHK,KS,ACE,CE,Federal Contract Tower,4,1,4,2,11,0,0,49,9,58,4,1,53,11,69,80,12,92,161
12/11/2020,MHK,KS,ACE,CE,Federal Contract Tower,3,3,0,0,6,0,0,2,0,2,3,3,2,0,8,0,0,0,8
12/12/2020,MHK,KS,ACE,CE,Federal Contract Tower,3,0,3,0,6,0,0,13,0,13,3,0,16,0,19,100,0,100,119
12/13/2020,MHK,KS,ACE,CE,Federal Contract Tower,5,0,6,2,13,0,0,54,0,54,5,0,60,2,67,86,0,86,153
12/14/2020,MHK,KS,ACE,CE,Federal Contract Tower,5,2,2,8,17,0,0,42,0,42,5,2,44,8,59,126,0,126,185
12/15/2020,MHK,KS,ACE,CE,Federal Contract Tower,4,0,4,0,8,0,0,16,2,18,4,0,20,2,26,60,0,60,86
12/16/2020,MHK,KS,ACE,CE,Federal Contract Tower,4,0,9,2,15,0,0,10,2,12,4,0,19,4,27,14,4,18,45
12/17/2020,MHK,KS,ACE,CE,Federal Contract Tower,5,0,8,0,13,0,0,52,12,64,5,0,60,12,77,130,0,130,207
12/18/2020,MHK,KS,ACE,CE,Federal Contract Tower,0,4,8,0,12,0,0,14,0,14,0,4,22,0,26,10,0,10,36
12/19/2020,MHK,KS,ACE,CE,Federal Contract Tower,5,0,3,0,8,0,0,43,0,43,5,0,46,0,51,96,0,96,147
12/20/2020,MHK,KS,ACE,CE,Federal Contract Tower,0,3,3,0,6,0,0,39,0,39,0,3,42,0,45,52,0,52,97
12/21/2020,MHK,KS,ACE,CE,Federal Contract Tower,0,3,3,0,6,0,0,40,0,40,0,3,43,0,46,46,0,46,92
12/22/2020,MHK,KS,ACE,CE,Federal Contract Tower,0,3,5,0,8,0,2,11,2,15,0,5,16,2,23,16,4,20,43
12/23/2020,MHK,KS,ACE,CE,Federal Contract Tower,0,4,0,0,4,0,1,0,0,1,0,5,0,0,5,0,0,0,5
12/24/2020,MHK,KS,ACE,CE,Federal Contract Tower,0,2,0,0,2,0,0,1,0,1,0,2,1,0,3,0,0,0,3
12/25/2020,MHK,KS,ACE,CE,Federal Contract Tower,0,0,2,2,4,0,0,4,0,4,0,0,6,2,8,0,0,0,8
12/26/2020,MHK,KS,ACE,CE,Federal Contract Tower,0,4,2,0,6,0,0,35,0,35,0,4,37,0,41,18,0,18,59
12/27/2020,MHK,KS,ACE,CE,Federal Contract Tower,0,3,3,0,6,0,0,10,0,10,0,3,13,0,16,0,0,0,16
12/28/2020,MHK,KS,ACE,CE,Federal Contract Tower,0,5,4,0,9,0,0,13,0,13,0,5,17,0,22,14,0,14,36
12/29/2020,MHK,KS,ACE,CE,Federal Contract Tower,0,3,0,0,3,0,0,0,0,0,0,3,0,0,3,0,0,0,3
12/30/2020,MHK,KS,ACE,CE,Federal Contract Tower,0,5,2,2,9,0,0,33,0,33,0,5,35,2,42,64,0,64,106
12/31/2020,MHK,KS,ACE,CE,Federal Contract Tower,0,3,2,0,5,0,2,26,0,28,0,5,28,0,33,52,0,52,85
01/01/2021,MHK,KS,ACE,CE,Federal Contract Tower,1,3,1,0,5,0,0,0,0,0,1,3,1,0,5,0,0,0,5
01/02/2021,MHK,KS,ACE,CE,Federal Contract Tower,1,5,7,0,13,0,0,26,0,26,1,5,33,0,39,62,0,62,101
01/03/2021,MHK,KS,ACE,CE,Federal Contract Tower,0,7,7,0,14,0,0,35,0,35,0,7,42,0,49,80,0,80,129
01/04/2021,MHK,KS,ACE,CE,Federal Contract Tower,0,7,2,0,9,0,0,40,2,42,0,7,42,2,51,16,0,16,67
01/05/2021,MHK,KS,ACE,CE,Federal Contract Tower,0,3,7,2,12,0,0,38,11,49,0,3,45,13,61,20,0,20,81
01/06/2021,MHK,KS,ACE,CE,Federal Contract Tower,0,3,16,0,19,0,0,44,4,48,0,3,60,4,67,136,0,136,203
01/07/2021,MHK,KS,ACE,CE,Federal Contract Tower,0,3,0,5,8,0,0,2,15,17,0,3,2,20,25,24,24,48,73
01/08/2021,MHK,KS,ACE,CE,Federal Contract Tower,3,0,5,4,12,0,0,46,2,48,3,0,51,6,60,84,0,84,144
01/09/2021,MHK,KS,ACE,CE,Federal Contract Tower,0,3,6,2,11,0,0,6,0,6,0,3,12,2,17,0,0,0,17
01/10/2021,MHK,KS,ACE,CE,Federal Contract Tower,0,5,2,0,7,0,0,28,0,28,0,5,30,0,35,24,0,24,59
01/11/2021,MHK,KS,ACE,CE,Federal Contract Tower,0,2,20,6,28,0,0,36,19,55,0,2,56,25,83,32,26,58,141
01/12/2021,MHK,KS,ACE,CE,Federal Contract Tower,1,3,26,2,32,0,0,49,30,79,1,3,75,32,111,90,16,106,217
01/13/2021,MHK,KS,ACE,CE,Federal Contract Tower,0,5,2,0,7,0,0,64,34,98,0,5,66,34,105,32,102,134,239
01/14/2021,MHK,KS,ACE,CE,Federal Contract Tower,0,2,2,2,6,0,0,4,12,16,0,2,6,14,22,0,0,0,22
01/15/2021,MHK,KS,ACE,CE,Federal Contract Tower,0,5,0,0,5,0,0,0,3,3,0,5,0,3,8,0,0,0,8
01/16/2021,MHK,KS,ACE,CE,Federal Contract Tower,0,3,2,2,7,0,0,62,1,63,0,3,64,3,70,80,0,80,150
01/17/2021,MHK,KS,ACE,CE,Federal Contract Tower,0,3,2,3,8,0,0,52,0,52,0,3,54,3,60,48,0,48,108
01/18/2021,MHK,KS,ACE,CE,Federal Contract Tower,0,5,4,1,10,0,0,67,0,67,0,5,71,1,77,72,0,72,149
01/19/2021,MHK,KS,ACE,CE,Federal Contract Tower,0,7,5,3,15,0,2,33,13,48,0,9,38,16,63,58,8,66,129
01/20/2021,MHK,KS,ACE,CE,Federal Contract Tower,0,3,11,1,15,0,0,21,7,28,0,3,32,8,43,66,32,98,141
01/21/2021,MHK,KS,ACE,CE,Federal Contract Tower,0,10,6,0,16,0,0,64,0,64,0,10,70,0,80,78,0,78,158
01/22/2021,MHK,KS,ACE,CE,Federal Contract Tower,1,3,2,3,9,0,0,57,1,58,1,3,59,4,67,180,2,182,249
01/23/2021,MHK,KS,ACE,CE,Federal Contract Tower,2,4,7,0,13,0,0,28,0,28,2,4,35,0,41,152,0,152,193
01/24/2021,MHK,KS,ACE,CE,Federal Contract Tower,1,5,4,0,10,0,0,3,0,3,1,5,7,0,13,48,0,48,61
01/25/2021,MHK,KS,ACE,CE,Federal Contract Tower,1,3,0,0,4,0,0,0,0,0,1,3,0,0,4,0,0,0,4
01/26/2021,MHK,KS,ACE,CE,Federal Contract Tower,0,5,0,0,5,0,0,0,0,0,0,5,0,0,5,0,0,0,5
01/27/2021,MHK,KS,ACE,CE,Federal Contract Tower,0,3,4,0,7,0,0,10,0,10,0,3,14,0,17,76,0,76,93
01/28/2021,MHK,KS,ACE,CE,Federal Contract Tower,0,3,4,0,7,0,0,24,0,24,0,3,28,0,31,114,0,114,145
01/29/2021,MHK,KS,ACE,CE,Federal Contract Tower,0,5,5,2,12,0,2,46,6,54,0,7,51,8,66,56,0,56,122
01/30/2021,MHK,KS,ACE,CE,Federal Contract Tower,1,3,6,0,10,0,0,0,0,0,1,3,6,0,10,0,0,0,10
01/31/2021,MHK,KS,ACE,CE,Federal Contract Tower,0,3,2,0,5,0,0,2,0,2,0,3,4,0,7,0,0,0,7
02/01/2021,MHK,KS,ACE,CE,Federal Contract Tower,0,3,1,2,6,0,0,28,0,28,0,3,29,2,34,62,0,62,96
02/02/2021,MHK,KS,ACE,CE,Federal Contract Tower,0,8,6,0,14,0,3,49,0,52,0,11,55,0,66,82,0,82,148
02/03/2021,MHK,KS,ACE,CE,Federal Contract Tower,0,4,4,0,8,0,0,52,6,58,0,4,56,6,66,26,0,26,92
02/04/2021,MHK,KS,ACE,CE,Federal Contract Tower,0,8,6,0,14,0,0,11,0,11,0,8,17,0,25,18,0,18,43
02/05/2021,MHK,KS,ACE,CE,Federal Contract Tower,2,3,9,2,16,0,0,59,1,60,2,3,68,3,76,50,0,50,126
02/06/2021,MHK,KS,ACE,CE,Federal Contract Tower,2,5,2,0,9,0,0,3,14,17,2,5,5,14,26,6,0,6,32
02/07/2021,MHK,KS,ACE,CE,Federal Contract Tower,0,4,1,0,5,0,0,0,0,0,0,4,1,0,5,0,0,0,5
02/08/2021,MHK,KS,ACE,CE,Federal Contract Tower,0,4,6,0,10,0,0,0,0,0,0,4,6,0,10,0,0,0,10
02/09/2021,MHK,KS,ACE,CE,Federal Contract Tower,0,5,4,0,9,0,0,15,0,15,0,5,19,0,24,67,0,67,91
02/10/2021,MHK,KS,ACE,CE,Federal Contract Tower,0,3,3,0,6,0,0,11,0,11,0,3,14,0,17,62,0,62,79
02/11/2021,MHK,KS,ACE,CE,Federal Contract Tower,2,4,2,0,8,0,3,25,0,28,2,7,27,0,36,24,0,24,60
02/12/2021,MHK,KS,ACE,CE,Federal Contract Tower,2,3,4,0,9,0,0,28,0,28,2,3,32,0,37,28,0,28,65
02/13/2021,MHK,KS,ACE,CE,Federal Contract Tower,0,3,2,0,5,0,0,28,0,28,0,3,30,0,33,58,0,58,91
02/14/2021,MHK,KS,ACE,CE,Federal Contract Tower,0,2,0,0,2,0,0,0,0,0,0,2,0,0,2,0,0,0,2
02/15/2021,MHK,KS,ACE,CE,Federal Contract Tower,0,0,2,0,2,0,0,2,0,2,0,0,4,0,4,0,0,0,4
02/16/2021,MHK,KS,ACE,CE,Federal Contract Tower,1,2,4,0,7,0,0,2,0,2,1,2,6,0,9,0,0,0,9
02/17/2021,MHK,KS,ACE,CE,Federal Contract Tower,1,0,0,1,2,0,0,29,1,30,1,0,29,2,32,44,0,44,76
02/18/2021,MHK,KS,ACE,CE,Federal Contract Tower,0,3,5,0,8,0,12,28,0,40,0,15,33,0,48,48,0,48,96
02/19/2021,MHK,KS,ACE,CE,Federal Contract Tower,1,3,8,2,14,0,0,47,8,55,1,3,55,10,69,62,0,62,131
02/20/2021,MHK,KS,ACE,CE,Federal Contract Tower,0,8,8,2,18,0,0,70,0,70,0,8,78,2,88,76,0,76,164
02/21/2021,MHK,KS,ACE,CE,Federal Contract Tower,0,5,0,0,5,0,0,13,0,13,0,5,13,0,18,28,0,28,46
02/22/2021,MHK,KS,ACE,CE,Federal Contract Tower,0,3,5,0,8,0,2,57,3,62,0,5,62,3,70,76,0,76,146
02/23/2021,MHK,KS,ACE,CE,Federal Contract Tower,0,6,7,2,15,0,0,43,4,47,0,6,50,6,62,50,0,50,112
02/24/2021,MHK,KS,ACE,CE,Federal Contract Tower,0,3,11,0,14,0,0,48,2,50,0,3,59,2,64,74,0,74,138
02/25/2021,MHK,KS,ACE,CE,Federal Contract Tower,0,4,9,0,13,0,0,45,0,45,0,4,54,0,58,42,0,42,100
02/26/2021,MHK,KS,ACE,CE,Federal Contract Tower,2,7,3,0,12,0,0,43,0,43,2,7,46,0,55,72,0,72,127
02/27/2021,MHK,KS,ACE,CE,Federal Contract Tower,0,6,2,0,8,0,0,13,0,13,0,6,15,0,21,6,0,6,27
02/28/2021,MHK,KS,ACE,CE,Federal Contract Tower,0,3,8,0,11,0,0,39,0,39,0,3,47,0,50,20,0,20,70
03/01/2021,MHK,KS,ACE,CE,Federal Contract Tower,0,5,4,0,9,0,1,38,2,41,0,6,42,2,50,40,0,40,90
03/02/2021,MHK,KS,ACE,CE,Federal Contract Tower,0,5,8,2,15,0,0,35,0,35,0,5,43,2,50,68,0,68,118
03/03/2021,MHK,KS,ACE,CE,Federal Contract Tower,0,3,7,2,12,0,0,61,0,61,0,3,68,2,73,122,0,122,195
03/04/2021,MHK,KS,ACE,CE,Federal Contract Tower,0,7,7,0,14,0,0,45,6,51,0,7,52,6,65,64,0,64,129
03/05/2021,MHK,KS,ACE,CE,Federal Contract Tower,0,5,13,0,18,0,0,52,0,52,0,5,65,0,70,74,0,74,144
03/06/2021,MHK,KS,ACE,CE,Federal Contract Tower,0,7,7,0,14,0,0,47,2,49,0,7,54,2,63,112,0,112,175
03/07/2021,MHK,KS,ACE,CE,Federal Contract Tower,0,5,2,0,7,0,0,14,0,14,0,5,16,0,21,0,0,0,21
03/08/2021,MHK,KS,ACE,CE,Federal Contract Tower,0,7,4,0,11,0,0,25,7,32,0,7,29,7,43,28,0,28,71
03/09/2021,MHK,KS,ACE,CE,Federal Contract Tower,0,9,5,0,14,0,0,13,3,16,0,9,18,3,30,0,0,0,30
03/10/2021,MHK,KS,ACE,CE,Federal Contract Tower,0,7,4,0,11,0,0,6,0,6,0,7,10,0,17,6,0,6,23
03/11/2021,MHK,KS,ACE,CE,Federal Contract Tower,0,7,8,0,15,0,0,50,2,52,0,7,58,2,67,104,0,104,171
03/12/2021,MHK,KS,ACE,CE,Federal Contract Tower,0,6,9,0,15,0,0,2,0,2,0,6,11,0,17,10,0,10,27
03/13/2021,MHK,KS,ACE,CE,Federal Contract Tower,0,5,10,0,15,0,0,1,0,1,0,5,11,0,16,8,0,8,24
03/14/2021,MHK,KS,ACE,CE,Federal Contract Tower,0,7,2,0,9,0,0,0,0,0,0,7,2,0,9,0,0,0,9
03/15/2021,MHK,KS,ACE,CE,Federal Contract Tower,0,7,4,0,11,0,0,24,0,24,0,7,28,0,35,64,0,64,99
03/16/2021,MHK,KS,ACE,CE,Federal Contract Tower,0,9,17,3,29,0,0,7,1,8,0,9,24,4,37,26,0,26,63
03/17/2021,MHK,KS,ACE,CE,Federal Contract Tower,0,3,3,2,8,0,0,0,0,0,0,3,3,2,8,0,0,0,8
03/18/2021,MHK,KS,ACE,CE,Federal Contract Tower,0,7,13,0,20,0,0,0,0,0,0,7,13,0,20,8,0,8,28
03/19/2021,MHK,KS,ACE,CE,Federal Contract Tower,0,7,4,0,11,0,0,51,0,51,0,7,55,0,62,64,0,64,126
03/20/2021,MHK,KS,ACE,CE,Federal Contract Tower,0,9,2,0,11,0,4,22,2,28,0,13,24,2,39,30,0,30,69
03/21/2021,MHK,KS,ACE,CE,Federal Contract Tower,0,7,6,0,13,0,0,7,0,7,0,7,13,0,20,12,0,12,32
03/22/2021,MHK,KS,ACE,CE,Federal Contract Tower,0,5,7,0,12,0,0,8,0,8,0,5,15,0,20,18,0,18,38
03/23/2021,MHK,KS,ACE,CE,Federal Contract Tower,0,9,0,0,9,0,0,0,0,0,0,9,0,0,9,0,0,0,9
03/24/2021,MHK,KS,ACE,CE,Federal Contract Tower,0,10,15,2,27,0,0,20,0,20,0,10,35,2,47,112,0,112,159
03/25/2021,MHK,KS,ACE,CE,Federal Contract Tower,0,5,3,4,12,0,0,17,0,17,0,5,20,4,29,58,0,58,87
03/26/2021,MHK,KS,ACE,CE,Federal Contract Tower,0,5,8,0,13,0,2,33,0,35,0,7,41,0,48,32,0,32,80
03/27/2021,MHK,KS,ACE,CE,Federal Contract Tower,0,6,17,0,23,0,0,11,0,11,0,6,28,0,34,46,0,46,80
03/28/2021,MHK,KS,ACE,CE,Federal Contract Tower,0,7,7,0,14,0,0,80,0,80,0,7,87,0,94,48,0,48,142
03/29/2021,MHK,KS,ACE,CE,Federal Contract Tower,0,12,1,0,13,0,0,3,0,3,0,12,4,0,16,0,0,0,16
03/30/2021,MHK,KS,ACE,CE,Federal Contract Tower,0,4,1,0,5,0,0,25,0,25,0,4,26,0,30,14,6,20,50
03/31/2021,MHK,KS,ACE,CE,Federal Contract Tower,1,12,12,4,29,0,0,45,0,45,1,12,57,4,74,50,0,50,124
04/01/2021,MHK,KS,ACE,CE,Federal Contract Tower,0,9,12,0,21,0,0,42,0,42,0,9,54,0,63,74,0,74,137
04/02/2021,MHK,KS,ACE,CE,Federal Contract Tower,0,7,5,0,12,0,0,9,0,9,0,7,14,0,21,0,0,0,21
04/03/2021,MHK,KS,ACE,CE,Federal Contract Tower,0,5,0,2,7,0,0,31,0,31,0,5,31,2,38,34,0,34,72
04/04/2021,MHK,KS,ACE,CE,Federal Contract Tower,0,6,2,0,8,0,0,10,0,10,0,6,12,0,18,2,0,2,20
04/05/2021,MHK,KS,ACE,CE,Federal Contract Tower,0,10,2,0,12,0,0,10,0,10,0,10,12,0,22,6,0,6,28
04/06/2021,MHK,KS,ACE,CE,Federal Contract Tower,0,8,2,0,10,0,0,4,0,4,0,8,6,0,14,10,0,10,24
04/07/2021,MHK,KS,ACE,CE,Federal Contract Tower,0,5,2,0,7,0,0,0,0,0,0,5,2,0,7,0,0,0,7
04/08/2021,MHK,KS,ACE,CE,Federal Contract Tower,0,6,8,1,15,0,0,7,2,9,0,6,15,3,24,18,0,18,42
04/09/2021,MHK,KS,ACE,CE,Federal Contract Tower,0,5,5,0,10,0,0,32,1,33,0,5,37,1,43,20,0,20,63
04/10/2021,MHK,KS,ACE,CE,Federal Contract Tower,0,8,5,0,13,0,0,25,0,25,0,8,30,0,38,40,0,40,78
04/11/2021,MHK,KS,ACE,CE,Federal Contract Tower,0,8,12,0,20,0,0,52,4,56,0,8,64,4,76,48,0,48,124
04/12/2021,MHK,KS,ACE,CE,Federal Contract Tower,0,8,12,0,20,0,1,36,0,37,0,9,48,0,57,60,0,60,117
04/13/2021,MHK,KS,ACE,CE,Federal Contract Tower,0,4,9,0,13,0,2,30,0,32,0,6,39,0,45,52,0,52,97
04/14/2021,MHK,KS,ACE,CE,Federal Contract Tower,0,10,5,2,17,0,0,35,0,35,0,10,40,2,52,64,0,64,116
04/15/2021,MHK,KS,ACE,CE,Federal Contract Tower,0,6,9,0,15,0,2,27,4,33,0,8,36,4,48,58,0,58,106
04/16/2021,MHK,KS,ACE,CE,Federal Contract Tower,0,5,1,0,6,0,0,0,0,0,0,5,1,0,6,0,0,0,6
04/17/2021,MHK,KS,ACE,CE,Federal Contract Tower,0,6,9,0,15,0,0,8,2,10,0,6,17,2,25,22,0,22,47
04/18/2021,MHK,KS,ACE,CE,Federal Contract Tower,0,6,10,0,16,0,0,36,0,36,0,6,46,0,52,22,0,22,74
04/19/2021,MHK,KS,ACE,CE,Federal Contract Tower,0,8,9,0,17,0,0,3,0,3,0,8,12,0,20,0,0,0,20
04/20/2021,MHK,KS,ACE,CE,Federal Contract Tower,0,4,2,0,6,0,0,15,0,15,0,4,17,0,21,50,0,50,71
04/21/2021,MHK,KS,ACE,CE,Federal Contract Tower,0,4,3,0,7,0,0,26,2,28,0,4,29,2,35,42,0,42,77
04/22/2021,MHK,KS,ACE,CE,Federal Contract Tower,0,6,8,0,14,0,0,10,0,10,0,6,18,0,24,20,0,20,44
04/23/2021,MHK,KS,ACE,CE,Federal Contract Tower,0,7,15,0,22,0,0,0,0,0,0,7,15,0,22,0,0,0,22
04/24/2021,MHK,KS,ACE,CE,Federal Contract Tower,0,8,7,0,15,0,0,39,0,39,0,8,46,0,54,84,0,84,138
04/25/2021,MHK,KS,ACE,CE,Federal Contract Tower,0,6,10,0,16,0,0,14,0,14,0,6,24,0,30,8,0,8,38
04/26/2021,MHK,KS,ACE,CE,Federal Contract Tower,0,7,3,0,10,0,0,5,0,5,0,7,8,0,15,0,0,0,15
04/27/2021,MHK,KS,ACE,CE,Federal Contract Tower,2,7,3,0,12,0,6,9,0,15,2,13,12,0,27,8,0,8,35
04/28/2021,MHK,KS,ACE,CE,Federal Contract Tower,0,6,14,0,20,0,0,5,1,6,0,6,19,1,26,14,0,14,40
04/29/2021,MHK,KS,ACE,CE,Federal Contract Tower,1,5,8,0,14,0,0,70,0,70,1,5,78,0,84,58,0,58,142
04/30/2021,MHK,KS,ACE,CE,Federal Contract Tower,2,5,8,4,19,0,0,53,0,53,2,5,61,4,72,60,0,60,132
05/01/2021,MHK,KS,ACE,CE,Federal Contract Tower,2,9,2,0,13,0,0,23,0,23,2,9,25,0,36,42,0,42,78
05/02/2021,MHK,KS,ACE,CE,Federal Contract Tower,0,6,7,0,13,0,0,11,0,11,0,6,18,0,24,24,0,24,48
05/03/2021,MHK,KS,ACE,CE,Federal Contract Tower,1,4,7,0,12,0,0,12,0,12,1,4,19,0,24,12,0,12,36
05/04/2021,MHK,KS,ACE,CE,Federal Contract Tower,2,10,4,0,16,0,0,17,0,17,2,10,21,0,33,24,0,24,57
05/05/2021,MHK,KS,ACE,CE,Federal Contract Tower,1,6,3,0,10,0,0,42,3,45,1,6,45,3,55,82,0,82,137
05/06/2021,MHK,KS,ACE,CE,Federal Contract Tower,5,1,7,0,13,0,2,46,1,49,5,3,53,1,62,56,0,56,118
05/07/2021,MHK,KS,ACE,CE,Federal Contract Tower,5,2,2,0,9,0,2,21,2,25,5,4,23,2,34,20,0,20,54
05/08/2021,MHK,KS,ACE,CE,Federal Contract Tower,5,4,10,2,21,0,1,18,2,21,5,5,28,4,42,12,0,12,54
05/09/2021,MHK,KS,ACE,CE,Federal Contract Tower,5,2,8,0,15,0,0,5,0,5,5,2,13,0,20,22,0,22,42
05/10/2021,MHK,KS,ACE,CE,Federal Contract Tower,7,6,8,0,21,0,0,45,0,45,7,6,53,0,66,68,0,68,134
05/11/2021,MHK,KS,ACE,CE,Federal Contract Tower,2,4,6,8,20,0,0,26,2,28,2,4,32,10,48,24,0,24,72
05/12/2021,MHK,KS,ACE,CE,Federal Contract Tower,6,2,21,0,29,0,0,47,0,47,6,2,68,0,76,70,1,71,147
05/13/2021,MHK,KS,ACE,CE,Federal Contract Tower,7,7,10,0,24,0,5,71,2,78,7,12,81,2,102,58,0,58,160
05/14/2021,MHK,KS,ACE,CE,Federal Contract Tower,5,4,8,0,17,0,0,26,0,26,5,4,34,0,43,10,0,10,53
05/15/2021,MHK,KS,ACE,CE,Federal Contract Tower,5,2,15,0,22,0,0,8,0,8,5,2,23,0,30,62,0,62,92
05/16/2021,MHK,KS,ACE,CE,Federal Contract Tower,7,9,2,2,20,0,0,1,0,1,7,9,3,2,21,0,0,0,21
05/17/2021,MHK,KS,ACE,CE,Federal Contract Tower,5,5,5,0,15,0,0,11,0,11,5,5,16,0,26,58,0,58,84
05/18/2021,MHK,KS,ACE,CE,Federal Contract Tower,6,5,12,0,23,0,0,14,0,14,6,5,26,0,37,34,0,34,71
05/19/2021,MHK,KS,ACE,CE,Federal Contract Tower,8,6,9,0,23,0,0,4,0,4,8,6,13,0,27,0,0,0,27
05/20/2021,MHK,KS,ACE,CE,Federal Contract Tower,6,2,8,0,16,0,0,1,0,1,6,2,9,0,17,0,0,0,17
05/21/2021,MHK,KS,ACE,CE,Federal Contract Tower,6,9,8,0,23,0,2,14,0,16,6,11,22,0,39,0,0,0,39
05/22/2021,MHK,KS,ACE,CE,Federal Contract Tower,6,3,2,0,11,0,0,3,0,3,6,3,5,0,14,0,0,0,14
05/23/2021,MHK,KS,ACE,CE,Federal Contract Tower,5,3,10,0,18,0,0,5,0,5,5,3,15,0,23,0,0,0,23
05/24/2021,MHK,KS,ACE,CE,Federal Contract Tower,5,4,9,0,18,0,0,17,0,17,5,4,26,0,35,32,0,32,67
05/25/2021,MHK,KS,ACE,CE,Federal Contract Tower,5,6,7,0,18,0,0,36,2,38,5,6,43,2,56,64,0,64,120
05/26/2021,MHK,KS,ACE,CE,Federal Contract Tower,6,1,6,0,13,0,0,42,0,42,6,1,48,0,55,70,0,70,125
05/27/2021,MHK,KS,ACE,CE,Federal Contract Tower,5,2,5,0,12,0,2,15,0,17,5,4,20,0,29,42,0,42,71
05/28/2021,MHK,KS,ACE,CE,Federal Contract Tower,5,4,6,0,15,0,0,46,0,46,5,4,52,0,61,40,0,40,101
05/29/2021,MHK,KS,ACE,CE,Federal Contract Tower,5,2,5,0,12,0,0,32,0,32,5,2,37,0,44,52,0,52,96
05/30/2021,MHK,KS,ACE,CE,Federal Contract Tower,5,7,2,0,14,0,0,7,0,7,5,7,9,0,21,14,0,14,35
05/31/2021,MHK,KS,ACE,CE,Federal Contract Tower,5,2,1,0,8,0,0,0,0,0,5,2,1,0,8,0,0,0,8
06/01/2021,MHK,KS,ACE,CE,Federal Contract Tower,5,5,4,0,14,0,0,7,0,7,5,5,11,0,21,0,0,0,21
06/02/2021,MHK,KS,ACE,CE,Federal Contract Tower,5,3,4,2,14,0,0,48,2,50,5,3,52,4,64,38,0,38,102
06/03/2021,MHK,KS,ACE,CE,Federal Contract Tower,5,6,3,0,14,0,0,48,0,48,5,6,51,0,62,60,0,60,122
06/04/2021,MHK,KS,ACE,CE,Federal Contract Tower,5,7,11,0,23,0,0,46,0,46,5,7,57,0,69,70,0,70,139
06/05/2021,MHK,KS,ACE,CE,Federal Contract Tower,5,3,7,1,16,0,0,59,0,59,5,3,66,1,75,52,0,52,127
06/06/2021,MHK,KS,ACE,CE,Federal Contract Tower,4,7,12,0,23,0,0,16,0,16,4,7,28,0,39,12,0,12,51
06/07/2021,MHK,KS,ACE,CE,Federal Contract Tower,4,6,4,0,14,0,0,27,0,27,4,6,31,0,41,40,0,40,81
06/08/2021,MHK,KS,ACE,CE,Federal Contract Tower,6,6,7,0,19,0,0,29,0,29,6,6,36,0,48,64,0,64,112
06/09/2021,MHK,KS,ACE,CE,Federal Contract Tower,5,6,4,0,15,0,0,48,2,50,5,6,52,2,65,124,0,124,189
06/10/2021,MHK,KS,ACE,CE,Federal Contract Tower,5,6,5,2,18,0,0,48,1,49,5,6,53,3,67,96,0,96,163
06/11/2021,MHK,KS,ACE,CE,Federal Contract Tower,5,5,11,3,24,0,0,35,0,35,5,5,46,3,59,28,0,28,87
06/12/2021,MHK,KS,ACE,CE,Federal Contract Tower,5,4,13,0,22,0,0,47,0,47,5,4,60,0,69,62,0,62,131
06/13/2021,MHK,KS,ACE,CE,Federal Contract Tower,5,4,3,2,14,0,0,36,0,36,5,4,39,2,50,22,0,22,72
06/14/2021,MHK,KS,ACE,CE,Federal Contract Tower,5,4,4,0,13,0,2,34,2,38,5,6,38,2,51,88,0,88,139
06/15/2021,MHK,KS,ACE,CE,Federal Contract Tower,5,6,5,0,16,0,0,42,0,42,5,6,47,0,58,8,0,8,66
06/16/2021,MHK,KS,ACE,CE,Federal Contract Tower,5,4,4,0,13,0,0,18,2,20,5,4,22,2,33,22,0,22,55
06/17/2021,MHK,KS,ACE,CE,Federal Contract Tower,5,5,1,0,11,0,2,15,3,20,5,7,16,3,31,16,0,16,47
06/18/2021,MHK,KS,ACE,CE,Federal Contract Tower,4,7,1,0,12,0,0,19,1,20,4,7,20,1,32,36,0,36,68
06/19/2021,MHK,KS,ACE,CE,Federal Contract Tower,5,3,0,0,8,0,0,20,0,20,5,3,20,0,28,30,0,30,58
06/20/2021,MHK,KS,ACE,CE,Federal Contract Tower,5,2,3,0,10,0,0,9,0,9,5,2,12,0,19,20,0,20,39
06/21/2021,MHK,KS,ACE,CE,Federal Contract Tower,3,5,1,6,15,0,0,13,0,13,3,5,14,6,28,22,0,22,50
06/22/2021,MHK,KS,ACE,CE,Federal Contract Tower,5,5,2,0,12,0,1,40,0,41,5,6,42,0,53,46,0,46,99
06/23/2021,MHK,KS,ACE,CE,Federal Contract Tower,5,8,2,0,15,0,0,17,0,17,5,8,19,0,32,16,0,16,48
06/24/2021,MHK,KS,ACE,CE,Federal Contract Tower,5,4,7,0,16,0,0,12,0,12,5,4,19,0,28,30,0,30,58
06/25/2021,MHK,KS,ACE,CE,Federal Contract Tower,6,5,4,0,15,0,0,17,10,27,6,5,21,10,42,52,0,52,94
06/26/2021,MHK,KS,ACE,CE,Federal Contract Tower,6,4,5,2,17,0,0,3,0,3,6,4,8,2,20,40,0,40,60
06/27/2021,MHK,KS,ACE,CE,Federal Contract Tower,5,4,0,0,9,0,0,20,0,20,5,4,20,0,29,28,0,28,57
06/28/2021,MHK,KS,ACE,CE,Federal Contract Tower,4,5,10,0,19,0,0,34,0,34,4,5,44,0,53,34,0,34,87
06/29/2021,MHK,KS,ACE,CE,Federal Contract Tower,5,5,8,0,18,0,0,22,0,22,5,5,30,0,40,68,0,68,108
06/30/2021,MHK,KS,ACE,CE,Federal Contract Tower,5,6,16,0,27,0,0,4,0,4,5,6,20,0,31,30,0,30,61
07/01/2021,MHK,KS,ACE,CE,Federal Contract Tower,5,8,4,0,17,0,0,29,2,31,5,8,33,2,48,42,0,42,90
07/02/2021,MHK,KS,ACE,CE,Federal Contract Tower,2,6,6,2,16,0,0,18,0,18,2,6,24,2,34,32,0,32,66
07/03/2021,MHK,KS,ACE,CE,Federal Contract Tower,5,4,5,0,14,0,0,10,0,10,5,4,15,0,24,8,0,8,32
07/04/2021,MHK,KS,ACE,CE,Federal Contract Tower,3,4,0,0,7,0,0,13,0,13,3,4,13,0,20,18,0,18,38
07/05/2021,MHK,KS,ACE,CE,Federal Contract Tower,5,5,1,0,11,0,0,33,0,33,5,5,34,0,44,38,0,38,82
07/06/2021,MHK,KS,ACE,CE,Federal Contract Tower,5,4,7,0,16,0,0,26,4,30,5,4,33,4,46,56,0,56,102
07/07/2021,MHK,KS,ACE,CE,Federal Contract Tower,5,10,8,1,24,0,0,18,0,18,5,10,26,1,42,92,0,92,134
07/08/2021,MHK,KS,ACE,CE,Federal Contract Tower,5,5,14,5,29,0,0,33,0,33,5,5,47,5,62,42,8,50,112
07/09/2021,MHK,KS,ACE,CE,Federal Contract Tower,5,4,1,0,10,0,0,15,0,15,5,4,16,0,25,28,0,28,53
07/10/2021,MHK,KS,ACE,CE,Federal Contract Tower,5,11,9,2,27,0,0,7,0,7,5,11,16,2,34,6,0,6,40
07/11/2021,MHK,KS,ACE,CE,Federal Contract Tower,5,6,9,0,20,0,0,13,0,13,5,6,22,0,33,42,0,42,75
07/12/2021,MHK,KS,ACE,CE,Federal Contract Tower,5,7,7,0,19,0,0,36,0,36,5,7,43,0,55,80,0,80,135
07/13/2021,MHK,KS,ACE,CE,Federal Contract Tower,5,5,8,2,20,0,0,30,0,30,5,5,38,2,50,52,0,52,102
07/14/2021,MHK,KS,ACE,CE,Federal Contract Tower,5,5,8,0,18,0,0,19,0,19,5,5,27,0,37,24,0,24,61
07/15/2021,MHK,KS,ACE,CE,Federal Contract Tower,5,4,12,0,21,0,0,9,1,10,5,4,21,1,31,46,0,46,77
07/16/2021,MHK,KS,ACE,CE,Federal Contract Tower,5,2,13,3,23,0,0,35,0,35,5,2,48,3,58,16,0,16,74
07/17/2021,MHK,KS,ACE,CE,Federal Contract Tower,6,3,3,0,12,0,0,12,0,12,6,3,15,0,24,0,0,0,24
07/18/2021,MHK,KS,ACE,CE,Federal Contract Tower,5,4,9,0,18,0,0,32,0,32,5,4,41,0,50,10,0,10,60
07/19/2021,MHK,KS,ACE,CE,Federal Contract Tower,3,5,3,0,11,0,0,17,0,17,3,5,20,0,28,58,0,58,86
07/20/2021,MHK,KS,ACE,CE,Federal Contract Tower,5,8,9,0,22,0,4,30,6,40,5,12,39,6,62,38,0,38,100
07/21/2021,MHK,KS,ACE,CE,Federal Contract Tower,5,8,6,0,19,0,0,27,0,27,5,8,33,0,46,50,0,50,96
07/22/2021,MHK,KS,ACE,CE,Federal Contract Tower,5,8,9,0,22,0,0,42,0,42,5,8,51,0,64,62,0,62,126
07/23/2021,MHK,KS,ACE,CE,Federal Contract Tower,4,9,5,4,22,0,2,22,8,32,4,11,27,12,54,18,0,18,72
07/24/2021,MHK,KS,ACE,CE,Federal Contract Tower,3,3,2,2,10,0,0,37,0,37,3,3,39,2,47,48,0,48,95
07/25/2021,MHK,KS,ACE,CE,Federal Contract Tower,5,4,4,0,13,0,0,29,0,29,5,4,33,0,42,36,0,36,78
07/26/2021,MHK,KS,ACE,CE,Federal Contract Tower,5,8,7,0,20,0,0,24,0,24,5,8,31,0,44,38,0,38,82
07/27/2021,MHK,KS,ACE,CE,Federal Contract Tower,5,6,11,0,22,0,0,29,0,29,5,6,40,0,51,40,0,40,91
07/28/2021,MHK,KS,ACE,CE,Federal Contract Tower,6,6,9,0,21,0,0,43,0,43,6,6,52,0,64,68,0,68,132
07/29/2021,MHK,KS,ACE,CE,Federal Contract Tower,5,5,3,0,13,0,0,31,2,33,5,5,34,2,46,42,0,42,88
07/30/2021,MHK,KS,ACE,CE,Federal Contract Tower,4,8,12,2,26,0,0,26,0,26,4,8,38,2,52,40,0,40,92
08/01/2021,MHK,KS,ACE,CE,Federal Contract Tower,3,3,1,0,7,0,0,14,0,14,3,3,15,0,21,0,0,0,21
08/02/2021,MHK,KS,ACE,CE,Federal Contract Tower,4,6,1,0,11,0,0,19,0,19,4,6,20,0,30,36,0,36,66
08/03/2021,MHK,KS,ACE,CE,Federal Contract Tower,5,4,5,4,18,0,0,33,0,33,5,4,38,4,51,46,0,46,97
08/04/2021,MHK,KS,ACE,CE,Federal Contract Tower,5,6,4,0,15,0,0,37,2,39,5,6,41,2,54,46,0,46,100
08/05/2021,MHK,KS,ACE,CE,Federal Contract Tower,5,4,6,0,15,0,0,18,2,20,5,4,24,2,35,66,0,66,101
08/06/2021,MHK,KS,ACE,CE,Federal Contract Tower,5,7,9,2,23,0,4,36,0,40,5,11,45,2,63,34,0,34,97
08/07/2021,MHK,KS,ACE,CE,Federal Contract Tower,5,4,0,2,11,0,0,7,0,7,5,4,7,2,18,0,0,0,18
08/08/2021,MHK,KS,ACE,CE,Federal Contract Tower,4,3,10,0,17,0,0,15,0,15,4,3,25,0,32,60,0,60,92
08/09/2021,MHK,KS,ACE,CE,Federal Contract Tower,4,2,3,0,9,0,0,22,0,22,4,2,25,0,31,12,0,12,43
08/10/2021,MHK,KS,ACE,CE,Federal Contract Tower,5,3,6,0,14,0,0,8,2,10,5,3,14,2,24,2,0,2,26
08/11/2021,MHK,KS,ACE,CE,Federal Contract Tower,6,4,3,0,13,0,2,34,2,38,6,6,37,2,51,36,0,36,87
08/12/2021,MHK,KS,ACE,CE,Federal Contract Tower,5,3,1,0,9,0,0,10,1,11,5,3,11,1,20,54,0,54,74
08/13/2021,MHK,KS,ACE,CE,Federal Contract Tower,6,5,3,2,16,0,0,16,0,16,6,5,19,2,32,38,0,38,70
08/14/2021,MHK,KS,ACE,CE,Federal Contract Tower,3,4,3,7,17,0,0,19,0,19,3,4,22,7,36,4,6,10,46
08/15/2021,MHK,KS,ACE,CE,Federal Contract Tower,4,3,1,0,8,0,0,37,0,37,4,3,38,0,45,26,0,26,71
08/16/2021,MHK,KS,ACE,CE,Federal Contract Tower,6,6,6,0,18,0,0,43,2,45,6,6,49,2,63,64,0,64,127
08/17/2021,MHK,KS,ACE,CE,Federal Contract Tower,7,4,13,0,24,0,0,36,0,36,7,4,49,0,60,22,0,22,82
08/18/2021,MHK,KS,ACE,CE,Federal Contract Tower,4,6,15,2,27,0,2,22,0,24,4,8,37,2,51,72,0,72,123
08/19/2021,MHK,KS,ACE,CE,Federal Contract Tower,5,5,6,0,16,0,0,5,0,5,5,5,11,0,21,46,0,46,67
08/20/2021,MHK,KS,ACE,CE,Federal Contract Tower,7,10,21,0,38,0,0,2,1,3,7,10,23,1,41,10,0,10,51
08/21/2021,MHK,KS,ACE,CE,Federal Contract Tower,6,3,4,0,13,0,0,20,0,20,6,3,24,0,33,54,0,54,87
08/22/2021,MHK,KS,ACE,CE,Federal Contract Tower,3,5,11,1,20,0,0,25,0,25,3,5,36,1,45,34,0,34,79
08/23/2021,MHK,KS,ACE,CE,Federal Contract Tower,4,7,4,2,17,0,2,33,1,36,4,9,37,3,53,2,0,2,55
08/24/2021,MHK,KS,ACE,CE,Federal Contract Tower,5,5,7,4,21,0,0,41,0,41,5,5,48,4,62,10,0,10,72
08/25/2021,MHK,KS,ACE,CE,Federal Contract Tower,4,5,8,0,17,0,1,31,0,32,4,6,39,0,49,40,0,40,89
08/26/2021,MHK,KS,ACE,CE,Federal Contract Tower,9,3,3,0,15,0,0,28,4,32,9,3,31,4,47,46,0,46,93
08/27/2021,MHK,KS,ACE,CE,Federal Contract Tower,5,4,2,2,13,0,0,13,2,15,5,4,15,4,28,24,0,24,52
08/28/2021,MHK,KS,ACE,CE,Federal Contract Tower,5,6,7,0,18,0,0,33,0,33,5,6,40,0,51,0,0,0,51
08/29/2021,MHK,KS,ACE,CE,Federal Contract Tower,5,5,5,0,15,0,0,18,0,18,5,5,23,0,33,6,0,6,39
08/30/2021,MHK,KS,ACE,CE,Federal Contract Tower,4,9,5,0,18,0,2,24,0,26,4,11,29,0,44,8,0,8,52
08/31/2021,MHK,KS,ACE,CE,Federal Contract Tower,5,4,4,0,13,0,2,22,2,26,5,6,26,2,39,18,0,18,57
09/01/2021,MHK,KS,ACE,CE,Federal Contract Tower,5,10,5,0,20,0,2,21,5,28,5,12,26,5,48,48,0,48,96
09/02/2021,MHK,KS,ACE,CE,Federal Contract Tower,5,5,8,0,18,0,0,19,0,19,5,5,27,0,37,26,0,26,63
09/03/2021,MHK,KS,ACE,CE,Federal Contract Tower,7,7,10,0,24,0,0,17,0,17,7,7,27,0,41,40,0,40,81
09/04/2021,MHK,KS,ACE,CE,Federal Contract Tower,6,3,6,0,15,0,0,10,0,10,6,3,16,0,25,22,0,22,47
09/05/2021,MHK,KS,ACE,CE,Federal Contract Tower,3,4,3,0,10,0,0,27,0,27,3,4,30,0,37,10,0,10,47
09/06/2021,MHK,KS,ACE,CE,Federal Contract Tower,5,5,4,0,14,0,7,43,0,50,5,12,47,0,64,26,0,26,90
09/07/2021,MHK,KS,ACE,CE,Federal Contract Tower,5,3,4,0,12,0,2,12,2,16,5,5,16,2,28,0,0,0,28
09/08/2021,MHK,KS,ACE,CE,Federal Contract Tower,6,11,10,0,27,0,2,26,0,28,6,13,36,0,55,22,0,22,77
09/09/2021,MHK,KS,ACE,CE,Federal Contract Tower,4,4,6,0,14,0,0,36,6,42,4,4,42,6,56,40,0,40,96
09/10/2021,MHK,KS,ACE,CE,Federal Contract Tower,5,8,3,2,18,0,0,39,0,39,5,8,42,2,57,24,0,24,81
09/11/2021,MHK,KS,ACE,CE,Federal Contract Tower,4,7,8,3,22,0,0,26,1,27,4,7,34,4,49,0,0,0,49
09/12/2021,MHK,KS,ACE,CE,Federal Contract Tower,6,10,7,0,23,0,0,33,2,35,6,10,40,2,58,24,0,24,82
09/13/2021,MHK,KS,ACE,CE,Federal Contract Tower,6,8,5,0,19,0,0,21,0,21,6,8,26,0,40,10,0,10,50
09/14/2021,MHK,KS,ACE,CE,Federal Contract Tower,5,6,0,0,11,0,0,17,0,17,5,6,17,0,28,22,0,22,50
09/15/2021,MHK,KS,ACE,CE,Federal Contract Tower,5,6,17,0,28,0,0,8,4,12,5,6,25,4,40,0,0,0,40
09/16/2021,MHK,KS,ACE,CE,Federal Contract Tower,6,10,9,0,25,0,0,29,0,29,6,10,38,0,54,28,0,28,82
09/17/2021,MHK,KS,ACE,CE,Federal Contract Tower,4,7,9,2,22,0,0,26,4,30,4,7,35,6,52,42,0,42,94
09/18/2021,MHK,KS,ACE,CE,Federal Contract Tower,5,5,24,0,34,0,0,35,0,35,5,5,59,0,69,6,0,6,75
09/19/2021,MHK,KS,ACE,CE,Federal Contract Tower,5,6,11,0,22,0,0,37,0,37,5,6,48,0,59,16,0,16,75
09/20/2021,MHK,KS,ACE,CE,Federal Contract Tower,19,5,2,5,31,0,2,11,0,13,19,7,13,5,44,0,0,0,44
09/21/2021,MHK,KS,ACE,CE,Federal Contract Tower,7,8,12,2,29,0,0,18,2,20,7,8,30,4,49,32,4,36,85
09/22/2021,MHK,KS,ACE,CE,Federal Contract Tower,5,4,8,0,17,0,0,33,0,33,5,4,41,0,50,67,0,67,117
09/23/2021,MHK,KS,ACE,CE,Federal Contract Tower,5,5,9,0,19,0,0,37,0,37,5,5,46,0,56,44,0,44,100
09/24/2021,MHK,KS,ACE,CE,Federal Contract Tower,8,3,9,0,20,0,0,21,0,21,8,3,30,0,41,18,0,18,59
09/25/2021,MHK,KS,ACE,CE,Federal Contract Tower,4,4,6,0,14,0,0,24,0,24,4,4,30,0,38,32,0,32,70
09/26/2021,MHK,KS,ACE,CE,Federal Contract Tower,4,4,7,2,17,0,0,12,0,12,4,4,19,2,29,4,0,4,33
09/27/2021,MHK,KS,ACE,CE,Federal Contract Tower,5,6,5,0,16,0,0,31,0,31,5,6,36,0,47,12,0,12,59
09/28/2021,MHK,KS,ACE,CE,Federal Contract Tower,5,6,0,0,11,0,0,26,0,26,5,6,26,0,37,20,0,20,57
09/29/2021,MHK,KS,ACE,CE,Federal Contract Tower,5,4,6,0,15,0,0,31,0,31,5,4,37,0,46,38,0,38,84
09/30/2021,MHK,KS,ACE,CE,Federal Contract Tower,7,8,1,0,16,0,0,8,0,8,7,8,9,0,24,14,0,14,38
10/01/2021,MHK,KS,ACE,CE,Federal Contract Tower,5,5,11,0,21,0,0,14,0,14,5,5,25,0,35,14,0,14,49
10/02/2021,MHK,KS,ACE,CE,Federal Contract Tower,5,10,33,0,48,0,0,11,0,11,5,10,44,0,59,10,0,10,69
10/03/2021,MHK,KS,ACE,CE,Federal Contract Tower,5,8,12,6,31,0,0,34,0,34,5,8,46,6,65,50,2,52,117
10/04/2021,MHK,KS,ACE,CE,Federal Contract Tower,5,10,9,3,27,0,2,42,0,44,5,12,51,3,71,54,0,54,125
10/05/2021,MHK,KS,ACE,CE,Federal Contract Tower,5,5,8,3,21,0,0,38,0,38,5,5,46,3,59,14,0,14,73
10/06/2021,MHK,KS,ACE,CE,Federal Contract Tower,7,5,6,0,18,0,0,29,0,29,7,5,35,0,47,38,0,38,85
10/07/2021,MHK,KS,ACE,CE,Federal Contract Tower,11,8,6,2,27,0,0,17,0,17,11,8,23,2,44,14,0,14,58
10/08/2021,MHK,KS,ACE,CE,Federal Contract Tower,5,10,12,2,29,0,0,43,0,43,5,10,55,2,72,86,0,86,158
10/09/2021,MHK,KS,ACE,CE,Federal Contract Tower,6,3,4,0,13,0,0,44,0,44,6,3,48,0,57,28,0,28,85
10/10/2021,MHK,KS,ACE,CE,Federal Contract Tower,5,4,11,0,20,0,0,6,0,6,5,4,17,0,26,0,0,0,26
10/11/2021,MHK,KS,ACE,CE,Federal Contract Tower,4,4,13,0,21,0,0,35,0,35,4,4,48,0,56,51,0,51,107
10/12/2021,MHK,KS,ACE,CE,Federal Contract Tower,6,3,9,0,18,0,0,11,0,11,6,3,20,0,29,0,0,0,29
10/13/2021,MHK,KS,ACE,CE,Federal Contract Tower,4,8,7,0,19,0,0,12,0,12,4,8,19,0,31,28,0,28,59
10/14/2021,MHK,KS,ACE,CE,Federal Contract Tower,4,5,15,0,24,0,0,51,0,51,4,5,66,0,75,48,0,48,123
10/15/2021,MHK,KS,ACE,CE,Federal Contract Tower,6,7,10,0,23,0,2,32,3,37,6,9,42,3,60,32,0,32,92
10/16/2021,MHK,KS,ACE,CE,Federal Contract Tower,5,27,20,2,54,0,0,44,0,44,5,27,64,2,98,28,0,28,126
10/17/2021,MHK,KS,ACE,CE,Federal Contract Tower,5,11,10,0,26,0,0,39,0,39,5,11,49,0,65,26,0,26,91
10/18/2021,MHK,KS,ACE,CE,Federal Contract Tower,5,5,7,0,17,0,2,13,0,15,5,7,20,0,32,6,0,6,38
10/19/2021,MHK,KS,ACE,CE,Federal Contract Tower,4,8,5,0,17,0,0,22,2,24,4,8,27,2,41,14,0,14,55
10/20/2021,MHK,KS,ACE,CE,Federal Contract Tower,4,5,7,0,16,0,0,18,1,19,4,5,25,1,35,8,0,8,43
10/21/2021,MHK,KS,ACE,CE,Federal Contract Tower,3,4,6,0,13,0,0,27,0,27,3,4,33,0,40,76,0,76,116
10/22/2021,MHK,KS,ACE,CE,Federal Contract Tower,4,8,5,0,17,0,0,15,0,15,4,8,20,0,32,24,0,24,56
10/23/2021,MHK,KS,ACE,CE,Federal Contract Tower,7,5,9,2,23,0,0,5,1,6,7,5,14,3,29,0,0,0,29
10/24/2021,MHK,KS,ACE,CE,Federal Contract Tower,5,4,3,0,12,0,0,4,0,4,5,4,7,0,16,0,0,0,16
10/25/2021,MHK,KS,ACE,CE,Federal Contract Tower,5,4,10,0,19,0,0,8,0,8,5,4,18,0,27,10,0,10,37
10/26/2021,MHK,KS,ACE,CE,Federal Contract Tower,5,8,6,1,20,0,0,4,3,7,5,8,10,4,27,0,2,2,29
10/27/2021,MHK,KS,ACE,CE,Federal Contract Tower,6,6,8,2,22,0,0,0,0,0,6,6,8,2,22,0,0,0,22
10/28/2021,MHK,KS,ACE,CE,Federal Contract Tower,3,3,16,1,23,0,0,0,1,1,3,3,16,2,24,0,0,0,24
10/29/2021,MHK,KS,ACE,CE,Federal Contract Tower,7,9,7,2,25,0,0,32,2,34,7,9,39,4,59,2,4,6,65
10/30/2021,MHK,KS,ACE,CE,Federal Contract Tower,7,11,30,0,48,0,7,63,0,70,7,18,93,0,118,6,0,6,124
10/31/2021,MHK,KS,ACE,CE,Federal Contract Tower,3,5,15,3,26,0,0,0,0,0,3,5,15,3,26,14,0,14,40
11/01/2021,MHK,KS,ACE,CE,Federal Contract Tower,5,8,10,0,23,0,0,6,0,6,5,8,16,0,29,44,0,44,73
11/02/2021,MHK,KS,ACE,CE,Federal Contract Tower,3,10,5,4,22,0,2,34,9,45,3,12,39,13,67,94,12,106,173
11/03/2021,MHK,KS,ACE,CE,Federal Contract Tower,3,8,8,0,19,0,0,21,2,23,3,8,29,2,42,60,10,70,112
11/04/2021,MHK,KS,ACE,CE,Federal Contract Tower,3,9,3,2,17,0,0,24,0,24,3,9,27,2,41,76,0,76,117
11/05/2021,MHK,KS,ACE,CE,Federal Contract Tower,2,13,9,0,24,0,0,30,0,30,2,13,39,0,54,38,0,38,92
11/06/2021,MHK,KS,ACE,CE,Federal Contract Tower,2,7,5,1,15,0,0,35,4,39,2,7,40,5,54,36,0,36,90
11/07/2021,MHK,KS,ACE,CE,Federal Contract Tower,3,11,8,14,36,0,1,7,3,11,3,12,15,17,47,0,0,0,47
11/08/2021,MHK,KS,ACE,CE,Federal Contract Tower,3,6,4,4,17,0,0,36,4,40,3,6,40,8,57,34,0,34,91
11/09/2021,MHK,KS,ACE,CE,Federal Contract Tower,3,8,10,0,21,0,0,32,0,32,3,8,42,0,53,46,0,46,99
11/10/2021,MHK,KS,ACE,CE,Federal Contract Tower,3,14,5,0,22,0,0,0,0,0,3,14,5,0,22,0,0,0,22
11/11/2021,MHK,KS,ACE,CE,Federal Contract Tower,3,12,7,0,22,0,0,16,0,16,3,12,23,0,38,10,0,10,48
11/12/2021,MHK,KS,ACE,CE,Federal Contract Tower,4,9,19,0,32,0,0,14,0,14,4,9,33,0,46,28,0,28,74
11/13/2021,MHK,KS,ACE,CE,Federal Contract Tower,5,19,34,0,58,0,2,34,0,36,5,21,68,0,94,70,0,70,164
11/14/2021,MHK,KS,ACE,CE,Federal Contract Tower,2,10,7,0,19,0,0,17,0,17,2,10,24,0,36,20,0,20,56
11/15/2021,MHK,KS,ACE,CE,Federal Contract Tower,3,7,19,0,29,0,2,22,4,28,3,9,41,4,57,40,0,40,97
11/16/2021,MHK,KS,ACE,CE,Federal Contract Tower,3,5,16,2,26,0,2,19,4,25,3,7,35,6,51,68,0,68,119
11/17/2021,MHK,KS,ACE,CE,Federal Contract Tower,3,11,11,0,25,0,2,11,4,17,3,13,22,4,42,10,0,10,52
11/18/2021,MHK,KS,ACE,CE,Federal Contract Tower,3,12,15,4,34,0,0,30,7,37,3,12,45,11,71,50,6,56,127
11/19/2021,MHK,KS,ACE,CE,Federal Contract Tower,5,8,17,1,31,0,0,16,4,20,5,8,33,5,51,0,0,0,51
11/20/2021,MHK,KS,ACE,CE,Federal Contract Tower,5,10,24,0,39,0,0,42,2,44,5,10,66,2,83,34,0,34,117
11/21/2021,MHK,KS,ACE,CE,Federal Contract Tower,3,7,10,0,20,0,0,18,0,18,3,7,28,0,38,0,0,0,38
11/22/2021,MHK,KS,ACE,CE,Federal Contract Tower,3,6,6,0,15,0,0,28,2,30,3,6,34,2,45,32,0,32,77
11/23/2021,MHK,KS,ACE,CE,Federal Contract Tower,1,6,7,2,16,0,0,11,0,11,1,6,18,2,27,36,0,36,63
11/24/2021,MHK,KS,ACE,CE,Federal Contract Tower,5,7,7,2,21,0,0,16,0,16,5,7,23,2,37,0,0,0,37
11/25/2021,MHK,KS,ACE,CE,Federal Contract Tower,5,6,2,0,13,0,0,12,0,12,5,6,14,0,25,8,0,8,33
11/26/2021,MHK,KS,ACE,CE,Federal Contract Tower,5,4,8,2,19,0,0,10,0,10,5,4,18,2,29,4,0,4,33
11/27/2021,MHK,KS,ACE,CE,Federal Contract Tower,5,5,5,0,15,0,0,12,0,12,5,5,17,0,27,18,0,18,45
11/28/2021,MHK,KS,ACE,CE,Federal Contract Tower,3,7,6,0,16,0,0,24,0,24,3,7,30,0,40,14,0,14,54
11/29/2021,MHK,KS,ACE,CE,Federal Contract Tower,3,13,11,2,29,0,0,20,6,26,3,13,31,8,55,24,12,36,91
11/30/2021,MHK,KS,ACE,CE,Federal Contract Tower,3,8,14,4,29,0,0,21,2,23,3,8,35,6,52,34,0,34,86
12/01/2021,MHK,KS,ACE,CE,Federal Contract Tower,3,7,9,2,21,0,2,67,0,69,3,9,76,2,90,48,6,54,144
12/02/2021,MHK,KS,ACE,CE,Federal Contract Tower,3,9,3,0,15,0,4,62,8,74,3,13,65,8,89,110,0,110,199
12/03/2021,MHK,KS,ACE,CE,Federal Contract Tower,3,8,4,0,15,0,0,44,1,45,3,8,48,1,60,54,0,54,114
12/04/2021,MHK,KS,ACE,CE,Federal Contract Tower,3,6,4,0,13,0,0,39,1,40,3,6,43,1,53,88,4,92,145
12/05/2021,MHK,KS,ACE,CE,Federal Contract Tower,3,5,1,0,9,0,0,14,0,14,3,5,15,0,23,8,0,8,31
12/06/2021,MHK,KS,ACE,CE,Federal Contract Tower,4,12,7,3,26,0,0,26,4,30,4,12,33,7,56,96,0,96,152
12/07/2021,MHK,KS,ACE,CE,Federal Contract Tower,4,9,5,0,18,0,0,25,0,25,4,9,30,0,43,34,0,34,77
12/08/2021,MHK,KS,ACE,CE,Federal Contract Tower,3,13,17,0,33,0,4,23,2,29,3,17,40,2,62,74,8,82,144
12/09/2021,MHK,KS,ACE,CE,Federal Contract Tower,3,10,4,0,17,0,4,43,2,49,3,14,47,2,66,42,2,44,110
12/10/2021,MHK,KS,ACE,CE,Federal Contract Tower,3,6,10,7,26,0,0,31,0,31,3,6,41,7,57,6,0,6,63
12/11/2021,MHK,KS,ACE,CE,Federal Contract Tower,3,8,8,0,19,0,0,24,6,30,3,8,32,6,49,16,0,16,65
12/12/2021,MHK,KS,ACE,CE,Federal Contract Tower,3,9,10,0,22,0,0,6,0,6,3,9,16,0,28,0,0,0,28
12/13/2021,MHK,KS,ACE,CE,Federal Contract Tower,3,6,3,0,12,0,0,60,0,60,3,6,63,0,72,90,0,90,162
12/14/2021,MHK,KS,ACE,CE,Federal Contract Tower,3,8,8,0,19,0,0,18,1,19,3,8,26,1,38,0,72,72,110
12/15/2021,MHK,KS,ACE,CE,Federal Contract Tower,3,3,0,0,6,0,0,0,0,0,3,3,0,0,6,0,0,0,6
12/16/2021,MHK,KS,ACE,CE,Federal Contract Tower,2,6,5,0,13,0,0,39,0,39,2,6,44,0,52,70,0,70,122
12/17/2021,MHK,KS,ACE,CE,Federal Contract Tower,3,6,3,3,15,0,0,36,0,36,3,6,39,3,51,100,0,100,151
12/18/2021,MHK,KS,ACE,CE,Federal Contract Tower,3,6,9,2,20,0,0,12,0,12,3,6,21,2,32,4,0,4,36
12/19/2021,MHK,KS,ACE,CE,Federal Contract Tower,3,7,2,0,12,0,0,24,0,24,3,7,26,0,36,10,0,10,46
12/20/2021,MHK,KS,ACE,CE,Federal Contract Tower,2,10,3,0,15,0,0,28,0,28,2,10,31,0,43,32,0,32,75
12/21/2021,MHK,KS,ACE,CE,Federal Contract Tower,3,7,13,0,23,0,0,29,0,29,3,7,42,0,52,72,0,72,124
12/22/2021,MHK,KS,ACE,CE,Federal Contract Tower,3,6,6,0,15,0,0,25,0,25,3,6,31,0,40,70,0,70,110
12/23/2021,MHK,KS,ACE,CE,Federal Contract Tower,2,7,1,0,10,0,0,32,2,34,2,7,33,2,44,18,0,18,62
12/24/2021,MHK,KS,ACE,CE,Federal Contract Tower,2,3,1,0,6,0,0,13,0,13,2,3,14,0,19,22,0,22,41
12/25/2021,MHK,KS,ACE,CE,Federal Contract Tower,0,7,4,2,13,0,0,17,0,17,0,7,21,2,30,24,0,24,54
12/26/2021,MHK,KS,ACE,CE,Federal Contract Tower,2,7,8,0,17,0,0,7,0,7,2,7,15,0,24,0,0,0,24
12/27/2021,MHK,KS,ACE,CE,Federal Contract Tower,2,6,6,0,14,0,0,16,0,16,2,6,22,0,30,12,0,12,42
12/28/2021,MHK,KS,ACE,CE,Federal Contract Tower,2,5,6,0,13,0,0,11,0,11,2,5,17,0,24,0,0,0,24
12/29/2021,MHK,KS,ACE,CE,Federal Contract Tower,2,5,3,0,10,0,0,4,0,4,2,5,7,0,14,6,0,6,20
12/30/2021,MHK,KS,ACE,CE,Federal Contract Tower,7,5,5,0,17,0,0,31,1,32,7,5,36,1,49,30,0,30,79
12/31/2021,MHK,KS,ACE,CE,Federal Contract Tower,3,3,2,0,8,0,0,36,0,36,3,3,38,0,44,24,0,24,68
01/01/2022,MHK,KS,ACE,CE,Federal Contract Tower,2,5,0,0,7,0,0,0,0,0,2,5,0,0,7,0,0,0,7
01/02/2022,MHK,KS,ACE,CE,Federal Contract Tower,4,6,4,0,14,0,0,0,0,0,4,6,4,0,14,0,0,0,14
01/03/2022,MHK,KS,ACE,CE,Federal Contract Tower,2,7,10,0,19,0,0,26,0,26,2,7,36,0,45,14,0,14,59
01/04/2022,MHK,KS,ACE,CE,Federal Contract Tower,3,9,3,0,15,0,2,15,6,23,3,11,18,6,38,16,0,16,54
01/05/2022,MHK,KS,ACE,CE,Federal Contract Tower,6,6,5,15,32,0,0,30,0,30,6,6,35,15,62,16,0,16,78
01/06/2022,MHK,KS,ACE,CE,Federal Contract Tower,3,6,0,0,9,0,0,3,4,7,3,6,3,4,16,18,0,18,34
01/07/2022,MHK,KS,ACE,CE,Federal Contract Tower,5,6,2,0,13,0,0,22,0,22,5,6,24,0,35,14,0,14,49
01/08/2022,MHK,KS,ACE,CE,Federal Contract Tower,3,6,2,0,11,0,0,2,0,2,3,6,4,0,13,0,0,0,13
01/09/2022,MHK,KS,ACE,CE,Federal Contract Tower,3,5,5,0,13,0,0,32,0,32,3,5,37,0,45,70,0,70,115
01/10/2022,MHK,KS,ACE,CE,Federal Contract Tower,2,6,8,0,16,0,0,23,6,29,2,6,31,6,45,28,0,28,73
01/11/2022,MHK,KS,ACE,CE,Federal Contract Tower,5,6,5,3,19,0,0,19,2,21,5,6,24,5,40,34,8,42,82
01/12/2022,MHK,KS,ACE,CE,Federal Contract Tower,4,8,5,0,17,0,0,39,2,41,4,8,44,2,58,88,0,88,146
01/13/2022,MHK,KS,ACE,CE,Federal Contract Tower,2,8,4,2,16,0,0,36,1,37,2,8,40,3,53,86,2,88,141
01/14/2022,MHK,KS,ACE,CE,Federal Contract Tower,6,8,3,0,17,0,0,22,5,27,6,8,25,5,44,72,6,78,122
01/15/2022,MHK,KS,ACE,CE,Federal Contract Tower,7,5,0,2,14,0,0,0,2,2,7,5,0,4,16,0,0,0,16
01/16/2022,MHK,KS,ACE,CE,Federal Contract Tower,3,8,4,0,15,0,0,28,0,28,3,8,32,0,43,124,0,124,167
01/17/2022,MHK,KS,ACE,CE,Federal Contract Tower,5,10,3,0,18,0,0,25,0,25,5,10,28,0,43,0,0,0,43
01/18/2022,MHK,KS,ACE,CE,Federal Contract Tower,3,8,1,0,12,0,0,29,2,31,3,8,30,2,43,32,0,32,75
01/19/2022,MHK,KS,ACE,CE,Federal Contract Tower,3,6,9,0,18,0,0,1,10,11,3,6,10,10,29,0,0,0,29
01/20/2022,MHK,KS,ACE,CE,Federal Contract Tower,3,8,4,4,19,0,0,29,17,46,3,8,33,21,65,48,26,74,139
01/21/2022,MHK,KS,ACE,CE,Federal Contract Tower,3,11,11,2,27,0,0,40,0,40,3,11,51,2,67,42,0,42,109
01/22/2022,MHK,KS,ACE,CE,Federal Contract Tower,2,9,11,0,22,0,0,65,0,65,2,9,76,0,87,58,0,58,145
01/23/2022,MHK,KS,ACE,CE,Federal Contract Tower,2,7,5,0,14,0,0,0,0,0,2,7,5,0,14,54,0,54,68
01/24/2022,MHK,KS,ACE,CE,Federal Contract Tower,9,8,4,7,28,0,2,28,13,43,9,10,32,20,71,6,0,6,77
01/25/2022,MHK,KS,ACE,CE,Federal Contract Tower,4,6,13,2,25,0,0,33,10,43,4,6,46,12,68,64,10,74,142
01/26/2022,MHK,KS,ACE,CE,Federal Contract Tower,3,8,4,2,17,0,2,36,5,43,3,10,40,7,60,74,0,74,134
01/27/2022,MHK,KS,ACE,CE,Federal Contract Tower,3,11,6,0,20,0,0,44,4,48,3,11,50,4,68,64,0,64,132
01/28/2022,MHK,KS,ACE,CE,Federal Contract Tower,3,5,12,1,21,0,2,38,0,40,3,7,50,1,61,130,0,130,191
01/29/2022,MHK,KS,ACE,CE,Federal Contract Tower,5,6,4,0,15,0,0,48,0,48,5,6,52,0,63,26,0,26,89
01/30/2022,MHK,KS,ACE,CE,Federal Contract Tower,3,8,5,0,16,0,0,29,0,29,3,8,34,0,45,0,0,0,45
01/31/2022,MHK,KS,ACE,CE,Federal Contract Tower,5,5,1,0,11,0,0,32,21,53,5,5,33,21,64,50,12,62,126
02/01/2022,MHK,KS,ACE,CE,Federal Contract Tower,4,4,2,0,10,0,0,19,9,28,4,4,21,9,38,40,0,40,78
02/02/2022,MHK,KS,ACE,CE,Federal Contract Tower,14,5,1,0,20,0,0,3,0,3,14,5,4,0,23,0,0,0,23
02/03/2022,MHK,KS,ACE,CE,Federal Contract Tower,1,4,4,2,11,0,0,8,20,28,1,4,12,22,39,16,42,58,97
02/04/2022,MHK,KS,ACE,CE,Federal Contract Tower,11,6,7,2,26,0,2,30,3,35,11,8,37,5,61,54,0,54,115
02/05/2022,MHK,KS,ACE,CE,Federal Contract Tower,4,6,0,0,10,0,0,19,0,19,4,6,19,0,29,4,0,4,33
02/06/2022,MHK,KS,ACE,CE,Federal Contract Tower,6,7,1,0,14,0,0,24,0,24,6,7,25,0,38,28,0,28,66
02/07/2022,MHK,KS,ACE,CE,Federal Contract Tower,3,6,3,1,13,0,2,23,0,25,3,8,26,1,38,28,0,28,66
02/08/2022,MHK,KS,ACE,CE,Federal Contract Tower,4,4,5,0,13,0,2,23,0,25,4,6,28,0,38,40,0,40,78
02/09/2022,MHK,KS,ACE,CE,Federal Contract Tower,3,8,5,0,16,0,0,18,0,18,3,8,23,0,34,26,0,26,60
02/10/2022,MHK,KS,ACE,CE,Federal Contract Tower,2,8,0,0,10,0,0,46,0,46,2,8,46,0,56,82,0,82,138
02/11/2022,MHK,KS,ACE,CE,Federal Contract Tower,4,7,6,2,19,0,0,20,0,20,4,7,26,2,39,6,0,6,45
02/12/2022,MHK,KS,ACE,CE,Federal Contract Tower,6,4,6,6,22,0,0,69,0,69,6,4,75,6,91,144,0,144,235
02/13/2022,MHK,KS,ACE,CE,Federal Contract Tower,2,5,6,0,13,0,0,42,0,42,2,5,48,0,55,50,0,50,105
02/14/2022,MHK,KS,ACE,CE,Federal Contract Tower,5,8,6,0,19,0,1,43,20,64,5,9,49,20,83,98,0,98,181
02/15/2022,MHK,KS,ACE,CE,Federal Contract Tower,2,3,9,0,14,0,0,0,6,6,2,3,9,6,20,0,0,0,20
02/16/2022,MHK,KS,ACE,CE,Federal Contract Tower,4,3,4,0,11,0,2,24,36,62,4,5,28,36,73,178,30,208,281
02/17/2022,MHK,KS,ACE,CE,Federal Contract Tower,2,3,2,0,7,0,0,6,4,10,2,3,8,4,17,0,0,0,17
02/18/2022,MHK,KS,ACE,CE,Federal Contract Tower,1,6,11,0,18,0,0,32,0,32,1,6,43,0,50,56,0,56,106
02/19/2022,MHK,KS,ACE,CE,Federal Contract Tower,0,6,6,2,14,0,0,43,0,43,0,6,49,2,57,28,0,28,85
02/20/2022,MHK,KS,ACE,CE,Federal Contract Tower,0,8,5,0,13,0,0,0,0,0,0,8,5,0,13,106,0,106,119
02/21/2022,MHK,KS,ACE,CE,Federal Contract Tower,2,8,3,0,13,0,0,74,0,74,2,8,77,0,87,124,0,124,211
02/22/2022,MHK,KS,ACE,CE,Federal Contract Tower,1,8,3,2,14,0,0,3,18,21,1,8,6,20,35,0,0,0,35
02/23/2022,MHK,KS,ACE,CE,Federal Contract Tower,1,5,13,3,22,0,0,18,35,53,1,5,31,38,75,24,32,56,131
02/24/2022,MHK,KS,ACE,CE,Federal Contract Tower,0,3,3,0,6,0,0,0,17,17,0,3,3,17,23,0,38,38,61
02/25/2022,MHK,KS,ACE,CE,Federal Contract Tower,3,5,10,0,18,0,0,71,8,79,3,5,81,8,97,52,0,52,149
02/26/2022,MHK,KS,ACE,CE,Federal Contract Tower,2,3,6,2,13,0,0,59,0,59,2,3,65,2,72,52,0,52,124
02/27/2022,MHK,KS,ACE,CE,Federal Contract Tower,2,6,11,0,19,0,0,56,0,56,2,6,67,0,75,54,0,54,129
02/28/2022,MHK,KS,ACE,CE,Federal Contract Tower,2,8,9,4,23,0,0,36,27,63,2,8,45,31,86,82,38,120,206
03/01/2022,MHK,KS,ACE,CE,Federal Contract Tower,2,7,8,2,19,0,4,61,22,87,2,11,69,24,106,132,14,146,252
03/02/2022,MHK,KS,ACE,CE,Federal Contract Tower,10,7,7,2,26,0,0,58,17,75,10,7,65,19,101,52,6,58,159
03/03/2022,MHK,KS,ACE,CE,Federal Contract Tower,9,6,12,2,29,0,6,36,14,56,9,12,48,16,85,106,0,106,191
03/04/2022,MHK,KS,ACE,CE,Federal Contract Tower,7,10,5,2,24,0,0,15,0,15,7,10,20,2,39,52,0,52,91
03/05/2022,MHK,KS,ACE,CE,Federal Contract Tower,4,9,10,0,23,0,0,1,0,1,4,9,11,0,24,0,0,0,24
03/06/2022,MHK,KS,ACE,CE,Federal Contract Tower,3,5,0,0,8,0,0,26,0,26,3,5,26,0,34,6,0,6,40
03/07/2022,MHK,KS,ACE,CE,Federal Contract Tower,3,5,2,5,15,0,0,39,23,62,3,5,41,28,77,64,8,72,149
03/08/2022,MHK,KS,ACE,CE,Federal Contract Tower,2,5,5,6,18,0,0,41,10,51,2,5,46,16,69,84,60,144,213
03/09/2022,MHK,KS,ACE,CE,Federal Contract Tower,3,8,7,1,19,0,6,42,2,50,3,14,49,3,69,74,0,74,143
03/10/2022,MHK,KS,ACE,CE,Federal Contract Tower,3,7,0,0,10,0,0,0,0,0,3,7,0,0,10,0,0,0,10
03/11/2022,MHK,KS,ACE,CE,Federal Contract Tower,3,9,10,2,24,0,0,24,4,28,3,9,34,6,52,86,0,86,138
03/12/2022,MHK,KS,ACE,CE,Federal Contract Tower,3,7,7,0,17,0,0,55,0,55,3,7,62,0,72,40,0,40,112
03/13/2022,MHK,KS,ACE,CE,Federal Contract Tower,3,8,5,0,16,0,0,40,0,40,3,8,45,0,56,30,0,30,86
03/14/2022,MHK,KS,ACE,CE,Federal Contract Tower,5,8,8,9,30,0,0,99,14,113,5,8,107,23,143,100,0,100,243
03/15/2022,MHK,KS,ACE,CE,Federal Contract Tower,3,4,2,0,9,0,0,59,5,64,3,4,61,5,73,200,6,206,279
03/16/2022,MHK,KS,ACE,CE,Federal Contract Tower,3,6,6,1,16,0,0,70,2,72,3,6,76,3,88,126,0,126,214
03/17/2022,MHK,KS,ACE,CE,Federal Contract Tower,5,5,5,1,16,0,0,36,1,37,5,5,41,2,53,54,4,58,111
03/18/2022,MHK,KS,ACE,CE,Federal Contract Tower,3,5,1,3,12,0,0,9,0,9,3,5,10,3,21,20,0,20,41
03/19/2022,MHK,KS,ACE,CE,Federal Contract Tower,3,5,2,2,12,0,0,66,4,70,3,5,68,6,82,148,0,148,230
03/20/2022,MHK,KS,ACE,CE,Federal Contract Tower,3,9,7,0,19,0,0,22,0,22,3,9,29,0,41,80,0,80,121
03/21/2022,MHK,KS,ACE,CE,Federal Contract Tower,4,5,3,0,12,0,0,10,4,14,4,5,13,4,26,0,12,12,38
03/22/2022,MHK,KS,ACE,CE,Federal Contract Tower,2,4,2,1,9,0,0,0,0,0,2,4,2,1,9,0,0,0,9
03/23/2022,MHK,KS,ACE,CE,Federal Contract Tower,3,4,6,7,20,0,0,2,12,14,3,4,8,19,34,2,0,2,36
03/24/2022,MHK,KS,ACE,CE,Federal Contract Tower,3,10,5,1,19,0,0,29,23,52,3,10,34,24,71,104,4,108,179
03/25/2022,MHK,KS,ACE,CE,Federal Contract Tower,3,8,8,0,19,0,2,46,2,50,3,10,54,2,69,121,0,121,190
03/26/2022,MHK,KS,ACE,CE,Federal Contract Tower,3,6,2,3,14,0,0,61,0,61,3,6,63,3,75,236,0,236,311
03/27/2022,MHK,KS,ACE,CE,Federal Contract Tower,3,5,6,0,14,0,0,0,0,0,3,5,6,0,14,140,0,140,154
03/28/2022,MHK,KS,ACE,CE,Federal Contract Tower,3,8,8,1,20,0,0,0,0,0,3,8,8,1,20,76,0,76,96
03/29/2022,MHK,KS,ACE,CE,Federal Contract Tower,3,4,4,2,13,0,0,6,7,13,3,4,10,9,26,22,4,26,52
03/30/2022,MHK,KS,ACE,CE,Federal Contract Tower,3,4,4,0,11,0,0,13,10,23,3,4,17,10,34,158,0,158,192
03/31/2022,MHK,KS,ACE,CE,Federal Contract Tower,5,5,6,0,16,0,2,26,5,33,5,7,32,5,49,126,6,132,181
04/01/2022,MHK,KS,ACE,CE,Federal Contract Tower,3,9,10,1,23,0,0,39,2,41,3,9,49,3,64,88,0,88,152
04/02/2022,MHK,KS,ACE,CE,Federal Contract Tower,3,6,1,0,10,0,1,70,0,71,3,7,71,0,81,156,0,156,237
04/03/2022,MHK,KS,ACE,CE,Federal Contract Tower,2,9,5,0,16,0,37,0,0,37,2,46,5,0,53,80,0,80,133
04/04/2022,MHK,KS,ACE,CE,Federal Contract Tower,4,6,4,6,20,0,4,58,59,121,4,10,62,65,141,264,30,294,435
04/05/2022,MHK,KS,ACE,CE,Federal Contract Tower,3,13,4,8,28,0,1,3,27,31,3,14,7,35,59,62,80,142,201
04/06/2022,MHK,KS,ACE,CE,Federal Contract Tower,5,12,10,2,29,0,0,22,25,47,5,12,32,27,76,36,0,36,112
04/07/2022,MHK,KS,ACE,CE,Federal Contract Tower,5,6,4,0,15,0,0,5,11,16,5,6,9,11,31,0,0,0,31
04/08/2022,MHK,KS,ACE,CE,Federal Contract Tower,7,6,7,13,33,0,2,24,9,35,7,8,31,22,68,24,0,24,92
04/09/2022,MHK,KS,ACE,CE,Federal Contract Tower,4,5,4,0,13,0,0,60,1,61,4,5,64,1,74,48,0,48,122
04/10/2022,MHK,KS,ACE,CE,Federal Contract Tower,6,3,1,0,10,0,0,0,0,0,6,3,1,0,10,64,0,64,74
04/11/2022,MHK,KS,ACE,CE,Federal Contract Tower,5,4,3,5,17,0,0,68,28,96,5,4,71,33,113,154,42,196,309
04/12/2022,MHK,KS,ACE,CE,Federal Contract Tower,5,4,4,3,16,0,0,0,0,0,5,4,4,3,16,0,0,0,16
04/13/2022,MHK,KS,ACE,CE,Federal Contract Tower,7,4,1,0,12,0,2,48,44,94,7,6,49,44,106,166,12,178,284
04/14/2022,MHK,KS,ACE,CE,Federal Contract Tower,5,6,4,1,16,0,4,62,13,79,5,10,66,14,95,118,0,118,213
04/15/2022,MHK,KS,ACE,CE,Federal Contract Tower,4,6,5,2,17,0,0,42,0,42,4,6,47,2,59,92,0,92,151
04/16/2022,MHK,KS,ACE,CE,Federal Contract Tower,5,5,4,0,14,0,0,35,2,37,5,5,39,2,51,48,0,48,99
04/17/2022,MHK,KS,ACE,CE,Federal Contract Tower,5,5,5,0,15,0,0,18,0,18,5,5,23,0,33,36,0,36,69
04/18/2022,MHK,KS,ACE,CE,Federal Contract Tower,5,6,8,0,19,0,3,45,0,48,5,9,53,0,67,110,0,110,177
04/19/2022,MHK,KS,ACE,CE,Federal Contract Tower,4,5,11,0,20,0,0,21,23,44,4,5,32,23,64,82,28,110,174
04/20/2022,MHK,KS,ACE,CE,Federal Contract Tower,5,11,9,0,25,0,1,18,3,22,5,12,27,3,47,38,30,68,115
04/21/2022,MHK,KS,ACE,CE,Federal Contract Tower,5,9,18,3,35,0,0,26,7,33,5,9,44,10,68,40,0,40,108
04/22/2022,MHK,KS,ACE,CE,Federal Contract Tower,6,5,7,0,18,0,2,3,0,5,6,7,10,0,23,0,0,0,23
04/23/2022,MHK,KS,ACE,CE,Federal Contract Tower,6,3,2,0,11,0,0,0,0,0,6,3,2,0,11,0,0,0,11
04/24/2022,MHK,KS,ACE,CE,Federal Contract Tower,5,4,6,0,15,0,0,45,1,46,5,4,51,1,61,34,0,34,95
04/25/2022,MHK,KS,ACE,CE,Federal Contract Tower,5,13,10,1,29,0,8,48,9,65,5,21,58,10,94,38,8,46,140
04/26/2022,MHK,KS,ACE,CE,Federal Contract Tower,7,4,13,0,24,0,6,89,16,111,7,10,102,16,135,116,0,116,251
04/27/2022,MHK,KS,ACE,CE,Federal Contract Tower,4,4,13,1,22,0,1,7,6,14,4,5,20,7,36,4,12,16,52
04/28/2022,MHK,KS,ACE,CE,Federal Contract Tower,4,6,4,0,14,0,0,50,15,65,4,6,54,15,79,66,18,84,163
04/29/2022,MHK,KS,ACE,CE,Federal Contract Tower,5,6,7,2,20,0,0,5,0,5,5,6,12,2,25,0,0,0,25
04/30/2022,MHK,KS,ACE,CE,Federal Contract Tower,6,3,6,0,15,0,2,3,0,5,6,5,9,0,20,2,0,2,22
05/01/2022,MHK,KS,ACE,CE,Federal Contract Tower,5,4,8,0,17,0,2,57,0,59,5,6,65,0,76,66,0,66,142
05/02/2022,MHK,KS,ACE,CE,Federal Contract Tower,5,7,1,3,16,0,0,0,0,0,5,7,1,3,16,0,0,0,16
05/03/2022,MHK,KS,ACE,CE,Federal Contract Tower,5,12,13,3,33,0,0,11,3,14,5,12,24,6,47,76,18,94,141
05/04/2022,MHK,KS,ACE,CE,Federal Contract Tower,5,5,3,0,13,0,0,3,0,3,5,5,6,0,16,50,0,50,66
05/05/2022,MHK,KS,ACE,CE,Federal Contract Tower,2,4,8,0,14,0,0,0,0,0,2,4,8,0,14,0,0,0,14
05/06/2022,MHK,KS,ACE,CE,Federal Contract Tower,4,6,13,4,27,0,0,13,3,16,4,6,26,7,43,108,0,108,151
05/07/2022,MHK,KS,ACE,CE,Federal Contract Tower,4,4,2,0,10,0,0,37,4,41,4,4,39,4,51,28,0,28,79
05/08/2022,MHK,KS,ACE,CE,Federal Contract Tower,5,4,4,0,13,0,0,20,0,20,5,4,24,0,33,34,0,34,67
05/09/2022,MHK,KS,ACE,CE,Federal Contract Tower,4,4,6,0,14,0,0,21,0,21,4,4,27,0,35,12,0,12,47
05/10/2022,MHK,KS,ACE,CE,Federal Contract Tower,4,4,8,2,18,0,0,61,9,70,4,4,69,11,88,62,0,62,150
05/11/2022,MHK,KS,ACE,CE,Federal Contract Tower,4,8,5,2,19,0,2,42,4,48,4,10,47,6,67,34,0,34,101
05/12/2022,MHK,KS,ACE,CE,Federal Contract Tower,5,5,7,0,17,0,0,18,2,20,5,5,25,2,37,10,0,10,47
05/13/2022,MHK,KS,ACE,CE,Federal Contract Tower,4,7,12,5,28,0,0,31,3,34,4,7,43,8,62,54,0,54,116
05/14/2022,MHK,KS,ACE,CE,Federal Contract Tower,5,5,6,0,16,0,0,58,2,60,5,5,64,2,76,68,0,68,144
05/15/2022,MHK,KS,ACE,CE,Federal Contract Tower,4,11,5,2,22,0,0,0,0,0,4,11,5,2,22,108,0,108,130
05/16/2022,MHK,KS,ACE,CE,Federal Contract Tower,4,4,3,3,14,0,0,62,1,63,4,4,65,4,77,76,0,76,153
05/17/2022,MHK,KS,ACE,CE,Federal Contract Tower,3,6,5,2,16,0,0,51,3,54,3,6,56,5,70,52,0,52,122
05/18/2022,MHK,KS,ACE,CE,Federal Contract Tower,5,4,16,0,25,0,0,84,6,90,5,4,100,6,115,136,8,144,259
05/19/2022,MHK,KS,ACE,CE,Federal Contract Tower,4,6,13,0,23,0,0,68,1,69,4,6,81,1,92,156,0,156,248
05/20/2022,MHK,KS,ACE,CE,Federal Contract Tower,4,3,4,2,13,0,1,51,0,52,4,4,55,2,65,36,2,38,103
05/21/2022,MHK,KS,ACE,CE,Federal Contract Tower,5,6,7,0,18,0,0,47,0,47,5,6,54,0,65,40,0,40,105
05/22/2022,MHK,KS,ACE,CE,Federal Contract Tower,4,6,5,2,17,0,0,58,0,58,4,6,63,2,75,60,0,60,135
05/23/2022,MHK,KS,ACE,CE,Federal Contract Tower,4,6,21,0,31,0,0,14,4,18,4,6,35,4,49,28,0,28,77
05/24/2022,MHK,KS,ACE,CE,Federal Contract Tower,6,7,1,0,14,0,0,0,0,0,6,7,1,0,14,0,0,0,14
05/25/2022,MHK,KS,ACE,CE,Federal Contract Tower,5,5,6,0,16,0,0,0,0,0,5,5,6,0,16,0,0,0,16
05/26/2022,MHK,KS,ACE,CE,Federal Contract Tower,5,8,13,0,26,0,0,8,0,8,5,8,21,0,34,86,12,98,132
05/27/2022,MHK,KS,ACE,CE,Federal Contract Tower,5,6,9,0,20,0,0,43,0,43,5,6,52,0,63,186,0,186,249
05/28/2022,MHK,KS,ACE,CE,Federal Contract Tower,5,4,3,2,14,0,48,14,0,62,5,52,17,2,76,10,0,10,86
05/29/2022,MHK,KS,ACE,CE,Federal Contract Tower,5,4,3,0,12,0,0,4,0,4,5,4,7,0,16,0,0,0,16
05/30/2022,MHK,KS,ACE,CE,Federal Contract Tower,5,5,4,1,15,0,0,0,0,0,5,5,4,1,15,0,0,0,15
05/31/2022,MHK,KS,ACE,CE,Federal Contract Tower,5,6,7,0,18,0,0,43,4,47,5,6,50,4,65,90,10,100,165
06/01/2022,MHK,KS,ACE,CE,Federal Contract Tower,3,3,11,1,18,0,0,39,24,63,3,3,50,25,81,32,2,34,115
06/02/2022,MHK,KS,ACE,CE,Federal Contract Tower,5,4,4,2,15,0,0,70,3,73,5,4,74,5,88,94,10,104,192
06/03/2022,MHK,KS,ACE,CE,Federal Contract Tower,3,6,8,0,17,0,1,89,2,92,3,7,97,2,109,64,0,64,173
06/04/2022,MHK,KS,ACE,CE,Federal Contract Tower,2,5,7,0,14,0,0,25,0,25,2,5,32,0,39,68,0,68,107
06/05/2022,MHK,KS,ACE,CE,Federal Contract Tower,3,8,26,0,37,0,0,42,0,42,3,8,68,0,79,112,0,112,191
06/06/2022,MHK,KS,ACE,CE,Federal Contract Tower,3,12,16,1,32,0,0,51,3,54,3,12,67,4,86,66,0,66,152
06/07/2022,MHK,KS,ACE,CE,Federal Contract Tower,2,8,27,0,37,0,0,62,14,76,2,8,89,14,113,116,22,138,251
06/08/2022,MHK,KS,ACE,CE,Federal Contract Tower,2,7,12,0,21,0,0,44,4,48,2,7,56,4,69,94,13,107,176
06/09/2022,MHK,KS,ACE,CE,Federal Contract Tower,2,8,11,2,23,0,2,72,10,84,2,10,83,12,107,136,18,154,261
06/10/2022,MHK,KS,ACE,CE,Federal Contract Tower,3,12,2,0,17,0,11,45,0,56,3,23,47,0,73,80,0,80,153
06/11/2022,MHK,KS,ACE,CE,Federal Contract Tower,1,6,5,2,14,0,0,44,0,44,1,6,49,2,58,54,0,54,112
06/12/2022,MHK,KS,ACE,CE,Federal Contract Tower,0,6,0,0,6,0,0,14,0,14,0,6,14,0,20,12,0,12,32
06/13/2022,MHK,KS,ACE,CE,Federal Contract Tower,3,11,2,2,18,0,0,12,0,12,3,11,14,2,30,0,0,0,30
06/14/2022,MHK,KS,ACE,CE,Federal Contract Tower,3,9,2,6,20,0,0,11,0,11,3,9,13,6,31,22,0,22,53
06/15/2022,MHK,KS,ACE,CE,Federal Contract Tower,3,13,3,0,19,0,0,36,7,43,3,13,39,7,62,42,12,54,116
06/16/2022,MHK,KS,ACE,CE,Federal Contract Tower,3,11,3,0,17,0,0,47,0,47,3,11,50,0,64,62,0,62,126
06/17/2022,MHK,KS,ACE,CE,Federal Contract Tower,2,13,11,3,29,0,1,50,0,51,2,14,61,3,80,30,0,30,110
06/18/2022,MHK,KS,ACE,CE,Federal Contract Tower,1,6,1,0,8,0,0,24,0,24,1,6,25,0,32,32,0,32,64
06/19/2022,MHK,KS,ACE,CE,Federal Contract Tower,3,10,2,0,15,0,0,15,0,15,3,10,17,0,30,8,0,8,38
06/20/2022,MHK,KS,ACE,CE,Federal Contract Tower,3,8,7,0,18,0,0,30,0,30,3,8,37,0,48,24,0,24,72
06/21/2022,MHK,KS,ACE,CE,Federal Contract Tower,3,6,5,2,16,0,2,39,6,47,3,8,44,8,63,84,0,84,147
06/22/2022,MHK,KS,ACE,CE,Federal Contract Tower,3,7,14,4,28,0,0,13,8,21,3,7,27,12,49,22,0,22,71
06/23/2022,MHK,KS,ACE,CE,Federal Contract Tower,3,6,12,0,21,0,0,2,0,2,3,6,14,0,23,0,0,0,23
06/24/2022,MHK,KS,ACE,CE,Federal Contract Tower,3,8,12,0,23,0,0,25,0,25,3,8,37,0,48,40,0,40,88
06/25/2022,MHK,KS,ACE,CE,Federal Contract Tower,1,6,2,0,9,0,0,25,0,25,1,6,27,0,34,60,0,60,94
06/26/2022,MHK,KS,ACE,CE,Federal Contract Tower,3,9,9,0,21,0,0,32,0,32,3,9,41,0,53,42,0,42,95
06/27/2022,MHK,KS,ACE,CE,Federal Contract Tower,3,7,9,4,23,0,0,41,2,43,3,7,50,6,66,74,2,76,142
06/28/2022,MHK,KS,ACE,CE,Federal Contract Tower,3,10,9,2,24,0,0,39,7,46,3,10,48,9,70,102,0,102,172
06/29/2022,MHK,KS,ACE,CE,Federal Contract Tower,3,9,7,0,19,0,4,44,7,55,3,13,51,7,74,82,8,90,164
06/30/2022,MHK,KS,ACE,CE,Federal Contract Tower,3,8,4,0,15,0,0,51,5,56,3,8,55,5,71,40,0,40,111
07/01/2022,MHK,KS,ACE,CE,Federal Contract Tower,3,8,2,0,13,0,2,35,0,37,3,10,37,0,50,104,0,104,154
07/02/2022,MHK,KS,ACE,CE,Federal Contract Tower,1,8,4,2,15,0,0,4,0,4,1,8,8,2,19,8,0,8,27
07/03/2022,MHK,KS,ACE,CE,Federal Contract Tower,3,6,2,0,11,0,0,6,0,6,3,6,8,0,17,26,0,26,43
07/04/2022,MHK,KS,ACE,CE,Federal Contract Tower,3,10,1,0,14,0,0,13,0,13,3,10,14,0,27,2,0,2,29
07/05/2022,MHK,KS,ACE,CE,Federal Contract Tower,3,5,2,0,10,0,0,31,3,34,3,5,33,3,44,82,6,88,132
07/06/2022,MHK,KS,ACE,CE,Federal Contract Tower,3,9,4,0,16,0,0,26,2,28,3,9,30,2,44,24,0,24,68
07/07/2022,MHK,KS,ACE,CE,Federal Contract Tower,3,5,3,0,11,0,0,25,1,26,3,5,28,1,37,52,6,58,95
07/08/2022,MHK,KS,ACE,CE,Federal Contract Tower,3,6,6,0,15,0,0,30,0,30,3,6,36,0,45,88,0,88,133
07/09/2022,MHK,KS,ACE,CE,Federal Contract Tower,1,6,6,10,23,0,4,48,0,52,1,10,54,10,75,28,0,28,103
07/10/2022,MHK,KS,ACE,CE,Federal Contract Tower,3,6,4,0,13,0,0,68,0,68,3,6,72,0,81,40,0,40,121
07/11/2022,MHK,KS,ACE,CE,Federal Contract Tower,3,10,2,1,16,0,2,78,9,89,3,12,80,10,105,86,8,94,199
07/12/2022,MHK,KS,ACE,CE,Federal Contract Tower,3,8,3,2,16,0,0,57,4,61,3,8,60,6,77,24,0,24,101
07/13/2022,MHK,KS,ACE,CE,Federal Contract Tower,3,8,8,0,19,0,0,80,2,82,3,8,88,2,101,160,0,160,261
07/14/2022,MHK,KS,ACE,CE,Federal Contract Tower,3,5,8,0,16,0,0,53,4,57,3,5,61,4,73,72,8,80,153
07/15/2022,MHK,KS,ACE,CE,Federal Contract Tower,3,6,4,4,17,0,0,58,2,60,3,6,62,6,77,144,0,144,221
07/16/2022,MHK,KS,ACE,CE,Federal Contract Tower,1,6,6,0,13,0,0,42,0,42,1,6,48,0,55,84,0,84,139
07/17/2022,MHK,KS,ACE,CE,Federal Contract Tower,3,7,6,0,16,0,0,14,0,14,3,7,20,0,30,22,0,22,52
07/18/2022,MHK,KS,ACE,CE,Federal Contract Tower,3,12,5,4,24,0,2,32,10,44,3,14,37,14,68,20,0,20,88
07/19/2022,MHK,KS,ACE,CE,Federal Contract Tower,3,6,4,0,13,0,0,39,2,41,3,6,43,2,54,28,0,28,82
07/20/2022,MHK,KS,ACE,CE,Federal Contract Tower,4,8,5,2,19,0,0,51,2,53,4,8,56,4,72,44,0,44,116
07/21/2022,MHK,KS,ACE,CE,Federal Contract Tower,3,6,7,0,16,0,2,56,4,62,3,8,63,4,78,106,12,118,196
07/22/2022,MHK,KS,ACE,CE,Federal Contract Tower,3,6,4,2,15,0,0,28,0,28,3,6,32,2,43,22,0,22,65
07/23/2022,MHK,KS,ACE,CE,Federal Contract Tower,1,4,3,0,8,0,0,30,0,30,1,4,33,0,38,14,0,14,52
07/24/2022,MHK,KS,ACE,CE,Federal Contract Tower,3,7,4,0,14,0,0,50,0,50,3,7,54,0,64,34,0,34,98
07/25/2022,MHK,KS,ACE,CE,Federal Contract Tower,3,6,15,0,24,0,0,9,6,15,3,6,24,6,39,26,0,26,65
07/26/2022,MHK,KS,ACE,CE,Federal Contract Tower,3,8,6,0,17,0,0,7,7,14,3,8,13,7,31,4,0,4,35
07/27/2022,MHK,KS,ACE,CE,Federal Contract Tower,3,8,9,0,20,0,0,46,13,59,3,8,55,13,79,114,0,114,193
07/28/2022,MHK,KS,ACE,CE,Federal Contract Tower,3,6,8,2,19,0,0,23,0,23,3,6,31,2,42,94,0,94,136
07/29/2022,MHK,KS,ACE,CE,Federal Contract Tower,4,7,14,0,25,0,0,32,4,36,4,7,46,4,61,90,0,90,151
07/30/2022,MHK,KS,ACE,CE,Federal Contract Tower,1,6,9,0,16,0,0,28,0,28,1,6,37,0,44,34,0,34,78
07/31/2022,MHK,KS,ACE,CE,Federal Contract Tower,3,6,2,0,11,0,2,35,0,37,3,8,37,0,48,56,0,56,104
08/01/2022,MHK,KS,ACE,CE,Federal Contract Tower,3,10,9,6,28,0,4,72,2,78,3,14,81,8,106,100,0,100,206
08/02/2022,MHK,KS,ACE,CE,Federal Contract Tower,3,8,5,4,20,0,0,51,0,51,3,8,56,4,71,54,0,54,125
08/03/2022,MHK,KS,ACE,CE,Federal Contract Tower,3,6,6,0,15,0,2,35,6,43,3,8,41,6,58,20,0,20,78
08/04/2022,MHK,KS,ACE,CE,Federal Contract Tower,3,10,13,0,26,0,0,39,4,43,3,10,52,4,69,56,0,56,125
08/05/2022,MHK,KS,ACE,CE,Federal Contract Tower,3,5,2,2,12,0,2,42,6,50,3,7,44,8,62,50,0,50,112
08/06/2022,MHK,KS,ACE,CE,Federal Contract Tower,1,6,3,0,10,0,0,27,0,27,1,6,30,0,37,16,0,16,53
08/07/2022,MHK,KS,ACE,CE,Federal Contract Tower,3,6,5,0,14,0,0,28,0,28,3,6,33,0,42,16,0,16,58
08/08/2022,MHK,KS,ACE,CE,Federal Contract Tower,3,8,12,4,27,0,0,4,0,4,3,8,16,4,31,24,0,24,55
08/09/2022,MHK,KS,ACE,CE,Federal Contract Tower,3,9,3,0,15,0,4,56,4,64,3,13,59,4,79,88,2,90,169
08/10/2022,MHK,KS,ACE,CE,Federal Contract Tower,3,5,7,0,15,0,0,55,2,57,3,5,62,2,72,50,0,50,122
08/11/2022,MHK,KS,ACE,CE,Federal Contract Tower,3,8,3,2,16,0,0,38,4,42,3,8,41,6,58,84,2,86,144
08/12/2022,MHK,KS,ACE,CE,Federal Contract Tower,3,8,1,0,12,0,0,60,0,60,3,8,61,0,72,96,0,96,168
08/13/2022,MHK,KS,ACE,CE,Federal Contract Tower,1,8,2,0,11,0,1,34,0,35,1,9,36,0,46,28,0,28,74
08/14/2022,MHK,KS,ACE,CE,Federal Contract Tower,3,10,5,0,18,0,0,63,6,69,3,10,68,6,87,80,0,80,167
08/15/2022,MHK,KS,ACE,CE,Federal Contract Tower,3,8,0,2,13,0,0,28,10,38,3,8,28,12,51,80,14,94,145
08/16/2022,MHK,KS,ACE,CE,Federal Contract Tower,3,5,11,5,24,0,0,0,2,2,3,5,11,7,26,0,0,0,26
08/17/2022,MHK,KS,ACE,CE,Federal Contract Tower,2,6,13,0,21,0,2,55,8,65,2,8,68,8,86,98,6,104,190
08/18/2022,MHK,KS,ACE,CE,Federal Contract Tower,3,6,7,0,16,0,0,57,11,68,3,6,64,11,84,118,4,122,206
08/19/2022,MHK,KS,ACE,CE,Federal Contract Tower,3,6,6,2,17,0,0,3,0,3,3,6,9,2,20,18,0,18,38
08/20/2022,MHK,KS,ACE,CE,Federal Contract Tower,3,6,6,0,15,0,0,70,0,70,3,6,76,0,85,34,0,34,119
08/21/2022,MHK,KS,ACE,CE,Federal Contract Tower,2,6,7,4,19,0,0,90,0,90,2,6,97,4,109,86,0,86,195
08/22/2022,MHK,KS,ACE,CE,Federal Contract Tower,3,8,15,2,28,0,0,95,8,103,3,8,110,10,131,44,0,44,175
08/23/2022,MHK,KS,ACE,CE,Federal Contract Tower,5,7,17,0,29,0,4,86,2,92,5,11,103,2,121,106,0,106,227
08/24/2022,MHK,KS,ACE,CE,Federal Contract Tower,3,7,19,0,29,0,2,84,2,88,3,9,103,2,117,50,0,50,167
08/25/2022,MHK,KS,ACE,CE,Federal Contract Tower,2,7,2,2,13,0,6,52,6,64,2,13,54,8,77,14,0,14,91
08/26/2022,MHK,KS,ACE,CE,Federal Contract Tower,2,7,17,0,26,0,0,30,0,30,2,7,47,0,56,66,0,66,122
08/27/2022,MHK,KS,ACE,CE,Federal Contract Tower,5,6,5,1,17,0,0,25,0,25,5,6,30,1,42,20,0,20,62
08/28/2022,MHK,KS,ACE,CE,Federal Contract Tower,2,8,8,0,18,0,2,18,0,20,2,10,26,0,38,16,0,16,54
08/29/2022,MHK,KS,ACE,CE,Federal Contract Tower,3,6,0,0,9,0,0,50,8,58,3,6,50,8,67,80,0,80,147
08/30/2022,MHK,KS,ACE,CE,Federal Contract Tower,3,9,2,0,14,0,2,44,8,54,3,11,46,8,68,50,0,50,118
08/31/2022,MHK,KS,ACE,CE,Federal Contract Tower,3,7,4,0,14,0,2,41,11,54,3,9,45,11,68,102,16,118,186
09/01/2022,MHK,KS,ACE,CE,Federal Contract Tower,3,8,12,0,23,0,2,76,4,82,3,10,88,4,105,184,0,184,289
09/02/2022,MHK,KS,ACE,CE,Federal Contract Tower,2,8,14,0,24,0,4,59,0,63,2,12,73,0,87,86,0,86,173
09/03/2022,MHK,KS,ACE,CE,Federal Contract Tower,4,8,7,0,19,0,2,30,0,32,4,10,37,0,51,12,0,12,63
09/04/2022,MHK,KS,ACE,CE,Federal Contract Tower,1,9,8,0,18,0,0,63,0,63,1,9,71,0,81,72,0,72,153
09/05/2022,MHK,KS,ACE,CE,Federal Contract Tower,3,6,14,0,23,0,0,52,0,52,3,6,66,0,75,40,0,40,115
09/06/2022,MHK,KS,ACE,CE,Federal Contract Tower,2,10,6,0,18,0,0,61,2,63,2,10,67,2,81,84,0,84,165
09/07/2022,MHK,KS,ACE,CE,Federal Contract Tower,3,6,16,0,25,0,2,52,6,60,3,8,68,6,85,86,0,86,171
09/08/2022,MHK,KS,ACE,CE,Federal Contract Tower,3,6,7,0,16,0,4,58,13,75,3,10,65,13,91,92,20,112,203
09/09/2022,MHK,KS,ACE,CE,Federal Contract Tower,5,13,17,0,35,0,0,54,0,54,5,13,71,0,89,78,0,78,167
09/10/2022,MHK,KS,ACE,CE,Federal Contract Tower,4,14,36,2,56,0,0,2,0,2,4,14,38,2,58,0,0,0,58
09/11/2022,MHK,KS,ACE,CE,Federal Contract Tower,3,8,14,2,27,0,0,37,0,37,3,8,51,2,64,150,0,150,214
09/12/2022,MHK,KS,ACE,CE,Federal Contract Tower,3,6,7,2,18,0,1,40,6,47,3,7,47,8,65,126,0,126,191
09/13/2022,MHK,KS,ACE,CE,Federal Contract Tower,3,4,9,0,16,0,4,69,8,81,3,8,78,8,97,138,0,138,235
09/14/2022,MHK,KS,ACE,CE,Federal Contract Tower,3,5,8,0,16,0,0,51,1,52,3,5,59,1,68,48,0,48,116
09/15/2022,MHK,KS,ACE,CE,Federal Contract Tower,3,9,6,0,18,0,2,30,2,34,3,11,36,2,52,46,10,56,108
09/16/2022,MHK,KS,ACE,CE,Federal Contract Tower,4,7,9,0,20,0,0,32,0,32,4,7,41,0,52,38,0,38,90
09/17/2022,MHK,KS,ACE,CE,Federal Contract Tower,4,9,17,0,30,0,0,32,0,32,4,9,49,0,62,28,0,28,90
09/18/2022,MHK,KS,ACE,CE,Federal Contract Tower,2,8,6,0,16,0,0,32,0,32,2,8,38,0,48,2,0,2,50
09/19/2022,MHK,KS,ACE,CE,Federal Contract Tower,2,8,3,0,13,0,2,34,2,38,2,10,37,2,51,76,26,102,153
09/20/2022,MHK,KS,ACE,CE,Federal Contract Tower,2,6,2,2,12,0,0,32,4,36,2,6,34,6,48,36,4,40,88
09/21/2022,MHK,KS,ACE,CE,Federal Contract Tower,2,7,5,0,14,0,0,40,2,42,2,7,45,2,56,22,0,22,78
09/22/2022,MHK,KS,ACE,CE,Federal Contract Tower,3,5,8,2,18,0,0,51,2,53,3,5,59,4,71,90,0,90,161
09/23/2022,MHK,KS,ACE,CE,Federal Contract Tower,5,8,16,0,29,0,0,37,0,37,5,8,53,0,66,32,0,32,98
09/24/2022,MHK,KS,ACE,CE,Federal Contract Tower,3,5,5,2,15,0,4,42,0,46,3,9,47,2,61,102,0,102,163
09/25/2022,MHK,KS,ACE,CE,Federal Contract Tower,3,8,6,0,17,0,0,35,4,39,3,8,41,4,56,22,0,22,78
09/26/2022,MHK,KS,ACE,CE,Federal Contract Tower,4,8,13,0,25,0,2,55,0,57,4,10,68,0,82,90,0,90,172
09/27/2022,MHK,KS,ACE,CE,Federal Contract Tower,4,6,7,0,17,0,0,63,8,71,4,6,70,8,88,122,8,130,218
09/28/2022,MHK,KS,ACE,CE,Federal Contract Tower,2,12,9,2,25,0,2,37,1,40,2,14,46,3,65,94,0,94,159
09/30/2022,MHK,KS,ACE,CE,Federal Contract Tower,7,13,21,0,41,0,0,45,0,45,7,13,66,0,86,136,0,136,222
10/01/2022,MHK,KS,ACE,CE,Federal Contract Tower,5,12,31,2,50,0,0,49,0,49,5,12,80,2,99,50,0,50,149
10/02/2022,MHK,KS,ACE,CE,Federal Contract Tower,3,10,12,0,25,0,0,51,0,51,3,10,63,0,76,10,0,10,86
10/03/2022,MHK,KS,ACE,CE,Federal Contract Tower,3,6,3,3,15,0,0,35,5,40,3,6,38,8,55,32,0,32,87
10/04/2022,MHK,KS,ACE,CE,Federal Contract Tower,2,6,8,0,16,0,0,59,2,61,2,6,67,2,77,104,8,112,189
10/05/2022,MHK,KS,ACE,CE,Federal Contract Tower,3,6,7,0,16,0,5,72,6,83,3,11,79,6,99,94,0,94,193
10/06/2022,MHK,KS,ACE,CE,Federal Contract Tower,2,5,10,0,17,0,2,87,4,93,2,7,97,4,110,72,0,72,182
10/07/2022,MHK,KS,ACE,CE,Federal Contract Tower,5,6,6,2,19,0,0,51,0,51,5,6,57,2,70,38,0,38,108
10/08/2022,MHK,KS,ACE,CE,Federal Contract Tower,3,4,8,0,15,0,4,59,0,63,3,8,67,0,78,92,0,92,170
10/09/2022,MHK,KS,ACE,CE,Federal Contract Tower,3,11,2,0,16,0,0,55,0,55,3,11,57,0,71,60,0,60,131
10/10/2022,MHK,KS,ACE,CE,Federal Contract Tower,2,5,10,0,17,0,2,58,0,60,2,7,68,0,77,92,0,92,169
10/11/2022,MHK,KS,ACE,CE,Federal Contract Tower,2,8,12,0,22,0,0,17,11,28,2,8,29,11,50,8,0,8,58
10/12/2022,MHK,KS,ACE,CE,Federal Contract Tower,3,8,1,0,12,0,2,60,2,64,3,10,61,2,76,34,2,36,112
10/13/2022,MHK,KS,ACE,CE,Federal Contract Tower,2,8,3,0,13,0,0,40,8,48,2,8,43,8,61,58,38,96,157
10/14/2022,MHK,KS,ACE,CE,Federal Contract Tower,3,7,4,0,14,0,2,61,5,68,3,9,65,5,82,108,0,108,190
10/15/2022,MHK,KS,ACE,CE,Federal Contract Tower,2,4,2,2,10,0,0,92,2,94,2,4,94,4,104,78,0,78,182
10/16/2022,MHK,KS,ACE,CE,Federal Contract Tower,3,4,4,0,11,0,2,40,0,42,3,6,44,0,53,6,0,6,59
10/17/2022,MHK,KS,ACE,CE,Federal Contract Tower,4,4,5,0,13,0,0,54,4,58,4,4,59,4,71,60,0,60,131
10/18/2022,MHK,KS,ACE,CE,Federal Contract Tower,3,7,12,0,22,0,0,40,4,44,3,7,52,4,66,42,6,48,114
10/19/2022,MHK,KS,ACE,CE,Federal Contract Tower,3,5,13,4,25,0,0,70,2,72,3,5,83,6,97,46,0,46,143
10/20/2022,MHK,KS,ACE,CE,Federal Contract Tower,3,7,11,0,21,0,2,49,2,53,3,9,60,2,74,90,0,90,164
10/21/2022,MHK,KS,ACE,CE,Federal Contract Tower,5,6,15,0,26,0,0,53,0,53,5,6,68,0,79,52,0,52,131
10/22/2022,MHK,KS,ACE,CE,Federal Contract Tower,4,6,4,0,14,0,0,28,0,28,4,6,32,0,42,8,0,8,50
10/23/2022,MHK,KS,ACE,CE,Federal Contract Tower,2,4,9,0,15,0,0,6,0,6,2,4,15,0,21,0,0,0,21
10/24/2022,MHK,KS,ACE,CE,Federal Contract Tower,2,5,8,4,19,0,0,6,2,8,2,5,14,6,27,16,0,16,43
10/25/2022,MHK,KS,ACE,CE,Federal Contract Tower,3,5,7,1,16,0,2,49,2,53,3,7,56,3,69,28,0,28,97
10/26/2022,MHK,KS,ACE,CE,Federal Contract Tower,3,8,7,1,19,0,0,52,6,58,3,8,59,7,77,164,0,164,241
10/27/2022,MHK,KS,ACE,CE,Federal Contract Tower,3,4,15,0,22,0,2,29,0,31,3,6,44,0,53,18,0,18,71
10/28/2022,MHK,KS,ACE,CE,Federal Contract Tower,3,15,11,4,33,0,2,46,2,50,3,17,57,6,83,78,4,82,165
10/29/2022,MHK,KS,ACE,CE,Federal Contract Tower,6,11,41,0,58,0,0,66,0,66,6,11,107,0,124,6,0,6,130
10/30/2022,MHK,KS,ACE,CE,Federal Contract Tower,2,6,11,0,19,0,0,28,0,28,2,6,39,0,47,0,0,0,47
10/31/2022,MHK,KS,ACE,CE,Federal Contract Tower,3,6,1,2,12,0,4,48,17,69,3,10,49,19,81,16,0,16,97
11/01/2022,MHK,KS,ACE,CE,Federal Contract Tower,3,5,10,0,18,0,4,47,8,59,3,9,57,8,77,62,6,68,145
11/02/2022,MHK,KS,ACE,CE,Federal Contract Tower,3,5,9,0,17,0,0,24,0,24,3,5,33,0,41,30,0,30,71
11/03/2022,MHK,KS,ACE,CE,Federal Contract Tower,5,7,13,0,25,0,0,5,4,9,5,7,18,4,34,0,0,0,34
11/04/2022,MHK,KS,ACE,CE,Federal Contract Tower,7,7,0,0,14,0,0,0,0,0,7,7,0,0,14,0,0,0,14
11/05/2022,MHK,KS,ACE,CE,Federal Contract Tower,5,9,14,0,28,0,0,66,1,67,5,9,80,1,95,20,0,20,115
11/06/2022,MHK,KS,ACE,CE,Federal Contract Tower,5,4,5,0,14,0,0,54,1,55,5,4,59,1,69,26,0,26,95
11/07/2022,MHK,KS,ACE,CE,Federal Contract Tower,5,9,7,0,21,0,2,67,12,81,5,11,74,12,102,18,0,18,120
11/08/2022,MHK,KS,ACE,CE,Federal Contract Tower,6,4,20,0,30,0,0,2,0,2,6,4,22,0,32,12,0,12,44
11/09/2022,MHK,KS,ACE,CE,Federal Contract Tower,5,7,9,0,21,0,0,4,2,6,5,7,13,2,27,0,0,0,27
11/10/2022,MHK,KS,ACE,CE,Federal Contract Tower,6,8,4,0,18,0,0,29,0,29,6,8,33,0,47,32,0,32,79
11/11/2022,MHK,KS,ACE,CE,Federal Contract Tower,8,2,12,0,22,0,0,0,0,0,8,2,12,0,22,54,0,54,76
11/12/2022,MHK,KS,ACE,CE,Federal Contract Tower,6,7,8,0,21,0,2,17,6,25,6,9,25,6,46,14,10,24,70
11/13/2022,MHK,KS,ACE,CE,Federal Contract Tower,6,4,7,0,17,0,0,49,0,49,6,4,56,0,66,0,0,0,66
11/14/2022,MHK,KS,ACE,CE,Federal Contract Tower,5,6,7,0,18,0,0,14,2,16,5,6,21,2,34,72,0,72,106
11/15/2022,MHK,KS,ACE,CE,Federal Contract Tower,6,6,3,0,15,0,2,39,8,49,6,8,42,8,64,42,0,42,106
11/16/2022,MHK,KS,ACE,CE,Federal Contract Tower,5,5,18,0,28,0,4,53,14,71,5,9,71,14,99,18,0,18,117
11/17/2022,MHK,KS,ACE,CE,Federal Contract Tower,6,3,5,0,14,0,0,57,3,60,6,3,62,3,74,18,0,18,92
11/18/2022,MHK,KS,ACE,CE,Federal Contract Tower,7,5,11,6,29,0,0,29,10,39,7,5,40,16,68,4,0,4,72
11/19/2022,MHK,KS,ACE,CE,Federal Contract Tower,6,3,7,0,16,0,2,28,0,30,6,5,35,0,46,60,0,60,106
11/20/2022,MHK,KS,ACE,CE,Federal Contract Tower,5,2,4,0,11,0,0,18,0,18,5,2,22,0,29,20,0,20,49
11/21/2022,MHK,KS,ACE,CE,Federal Contract Tower,5,5,7,0,17,0,0,53,2,55,5,5,60,2,72,73,8,81,153
11/22/2022,MHK,KS,ACE,CE,Federal Contract Tower,7,4,14,1,26,0,2,39,3,44,7,6,53,4,70,18,4,22,92
11/23/2022,MHK,KS,ACE,CE,Federal Contract Tower,7,4,4,0,15,0,0,19,2,21,7,4,23,2,36,2,0,2,38
11/25/2022,MHK,KS,ACE,CE,Federal Contract Tower,7,3,3,0,13,0,0,22,0,22,7,3,25,0,35,28,0,28,63
11/26/2022,MHK,KS,ACE,CE,Federal Contract Tower,5,8,14,0,27,0,0,13,0,13,5,8,27,0,40,18,0,18,58
11/27/2022,MHK,KS,ACE,CE,Federal Contract Tower,7,4,16,0,27,0,0,19,0,19,7,4,35,0,46,10,0,10,56
11/28/2022,MHK,KS,ACE,CE,Federal Contract Tower,5,2,0,0,7,0,0,39,6,45,5,2,39,6,52,0,30,30,82
11/29/2022,MHK,KS,ACE,CE,Federal Contract Tower,9,5,1,0,15,0,0,4,10,14,9,5,5,10,29,4,8,12,41
11/30/2022,MHK,KS,ACE,CE,Federal Contract Tower,9,0,4,0,13,0,2,67,4,73,9,2,71,4,86,12,2,14,100
12/01/2022,MHK,KS,ACE,CE,Federal Contract Tower,8,3,4,0,15,0,2,15,0,17,8,5,19,0,32,0,0,0,32
12/02/2022,MHK,KS,ACE,CE,Federal Contract Tower,8,2,5,2,17,0,0,10,0,10,8,2,15,2,27,6,0,6,33
12/03/2022,MHK,KS,ACE,CE,Federal Contract Tower,8,4,11,4,27,0,1,48,0,49,8,5,59,4,76,80,0,80,156
12/04/2022,MHK,KS,ACE,CE,Federal Contract Tower,6,7,12,0,25,0,0,36,0,36,6,7,48,0,61,50,0,50,111
12/05/2022,MHK,KS,ACE,CE,Federal Contract Tower,6,5,8,1,20,0,4,47,10,61,6,9,55,11,81,94,24,118,199
12/06/2022,MHK,KS,ACE,CE,Federal Contract Tower,6,6,4,1,17,0,0,27,15,42,6,6,31,16,59,75,6,81,140
12/07/2022,MHK,KS,ACE,CE,Federal Contract Tower,8,2,3,0,13,0,0,18,7,25,8,2,21,7,38,28,20,48,86
12/08/2022,MHK,KS,ACE,CE,Federal Contract Tower,4,0,4,0,8,0,0,0,0,0,4,0,4,0,8,0,0,0,8
12/09/2022,MHK,KS,ACE,CE,Federal Contract Tower,8,3,11,1,23,0,0,0,1,1,8,3,11,2,24,0,0,0,24
12/10/2022,MHK,KS,ACE,CE,Federal Contract Tower,7,8,5,2,22,0,3,23,0,26,7,11,28,2,48,54,0,54,102
12/11/2022,MHK,KS,ACE,CE,Federal Contract Tower,7,1,10,0,18,0,0,27,0,27,7,1,37,0,45,12,0,12,57
12/12/2022,MHK,KS,ACE,CE,Federal Contract Tower,8,0,6,0,14,0,0,0,0,0,8,0,6,0,14,0,0,0,14
12/13/2022,MHK,KS,ACE,CE,Federal Contract Tower,8,1,13,0,22,0,0,4,9,13,8,1,17,9,35,0,12,12,47
12/14/2022,MHK,KS,ACE,CE,Federal Contract Tower,7,3,2,0,12,0,2,74,4,80,7,5,76,4,92,32,6,38,130
12/15/2022,MHK,KS,ACE,CE,Federal Contract Tower,6,8,2,0,16,0,0,26,4,30,6,8,28,4,46,0,6,6,52
12/16/2022,MHK,KS,ACE,CE,Federal Contract Tower,5,5,2,0,12,0,2,9,2,13,5,7,11,2,25,20,0,20,45
12/17/2022,MHK,KS,ACE,CE,Federal Contract Tower,5,4,3,2,14,0,0,32,0,32,5,4,35,2,46,8,0,8,54
12/18/2022,MHK,KS,ACE,CE,Federal Contract Tower,4,4,8,0,16,0,0,48,0,48,4,4,56,0,64,68,0,68,132
12/19/2022,MHK,KS,ACE,CE,Federal Contract Tower,4,7,7,0,18,0,0,12,0,12,4,7,19,0,30,20,0,20,50
12/20/2022,MHK,KS,ACE,CE,Federal Contract Tower,4,4,4,0,12,0,0,3,0,3,4,4,7,0,15,20,0,20,35
12/23/2022,MHK,KS,ACE,CE,Federal Contract Tower,5,4,0,0,9,0,0,2,0,2,5,4,2,0,11,0,0,0,11
12/24/2022,MHK,KS,ACE,CE,Federal Contract Tower,4,3,0,0,7,0,2,6,0,8,4,5,6,0,15,4,0,4,19
12/25/2022,MHK,KS,ACE,CE,Federal Contract Tower,2,3,0,0,5,0,0,2,0,2,2,3,2,0,7,0,0,0,7
12/26/2022,MHK,KS,ACE,CE,Federal Contract Tower,9,4,4,0,17,0,0,4,0,4,9,4,8,0,21,6,0,6,27
12/27/2022,MHK,KS,ACE,CE,Federal Contract Tower,4,4,3,0,11,0,0,17,0,17,4,4,20,0,28,20,0,20,48
12/28/2022,MHK,KS,ACE,CE,Federal Contract Tower,5,4,1,0,10,0,0,26,0,26,5,4,27,0,36,30,0,30,66
12/29/2022,MHK,KS,ACE,CE,Federal Contract Tower,9,8,7,0,24,0,0,16,5,21,9,8,23,5,45,30,0,30,75
12/30/2022,MHK,KS,ACE,CE,Federal Contract Tower,9,5,5,4,23,0,0,22,0,22,9,5,27,4,45,60,0,60,105
12/31/2022,MHK,KS,ACE,CE,Federal Contract Tower,6,6,2,0,14,0,0,22,0,22,6,6,24,0,36,46,0,46,82
01/01/2023,MHK,KS,ACE,CE,Federal Contract Tower,11,6,1,0,18,0,0,12,0,12,11,6,13,0,30,36,0,36,66
01/02/2023,MHK,KS,ACE,CE,Federal Contract Tower,8,5,2,0,15,0,0,0,0,0,8,5,2,0,15,0,0,0,15
01/03/2023,MHK,KS,ACE,CE,Federal Contract Tower,5,4,4,0,13,0,0,3,0,3,5,4,7,0,16,28,0,28,44
01/04/2023,MHK,KS,ACE,CE,Federal Contract Tower,6,4,8,0,18,0,0,63,7,70,6,4,71,7,88,106,0,106,194
01/05/2023,MHK,KS,ACE,CE,Federal Contract Tower,4,4,3,0,11,0,0,42,10,52,4,4,45,10,63,82,0,82,145
01/06/2023,MHK,KS,ACE,CE,Federal Contract Tower,7,7,6,5,25,0,0,46,4,50,7,7,52,9,75,96,0,96,171
01/07/2023,MHK,KS,ACE,CE,Federal Contract Tower,6,8,5,0,19,0,0,47,8,55,6,8,52,8,74,42,0,42,116
01/08/2023,MHK,KS,ACE,CE,Federal Contract Tower,5,6,0,0,11,0,0,37,0,37,5,6,37,0,48,104,0,104,152
01/09/2023,MHK,KS,ACE,CE,Federal Contract Tower,5,5,11,0,21,0,0,59,2,61,5,5,70,2,82,94,0,94,176
01/10/2023,MHK,KS,ACE,CE,Federal Contract Tower,2,5,11,0,18,0,0,38,2,40,2,5,49,2,58,110,12,122,180
01/11/2023,MHK,KS,ACE,CE,Federal Contract Tower,3,2,9,0,14,0,2,55,4,61,3,4,64,4,75,70,0,70,145
01/12/2023,MHK,KS,ACE,CE,Federal Contract Tower,5,6,8,0,19,0,0,17,4,21,5,6,25,4,40,36,4,40,80
01/13/2023,MHK,KS,ACE,CE,Federal Contract Tower,6,4,9,2,21,0,0,38,0,38,6,4,47,2,59,98,0,98,157
01/14/2023,MHK,KS,ACE,CE,Federal Contract Tower,6,5,3,0,14,0,1,31,0,32,6,6,34,0,46,42,0,42,88
01/15/2023,MHK,KS,ACE,CE,Federal Contract Tower,1,2,4,0,7,0,0,23,0,23,1,2,27,0,30,24,0,24,54
01/16/2023,MHK,KS,ACE,CE,Federal Contract Tower,3,5,9,0,17,0,4,37,4,45,3,9,46,4,62,42,0,42,104
01/17/2023,MHK,KS,ACE,CE,Federal Contract Tower,4,6,19,2,31,0,0,30,10,40,4,6,49,12,71,82,20,102,173
01/18/2023,MHK,KS,ACE,CE,Federal Contract Tower,3,5,11,0,19,0,0,0,0,0,3,5,11,0,19,0,0,0,19
01/19/2023,MHK,KS,ACE,CE,Federal Contract Tower,3,5,12,0,20,0,0,23,6,29,3,5,35,6,49,134,18,152,201
01/20/2023,MHK,KS,ACE,CE,Federal Contract Tower,4,5,10,0,19,0,2,69,10,81,4,7,79,10,100,84,6,90,190
01/21/2023,MHK,KS,ACE,CE,Federal Contract Tower,4,4,1,0,9,0,0,0,0,0,4,4,1,0,9,0,0,0,9
01/22/2023,MHK,KS,ACE,CE,Federal Contract Tower,3,4,1,0,8,0,0,3,0,3,3,4,4,0,11,6,0,6,17
01/23/2023,MHK,KS,ACE,CE,Federal Contract Tower,5,4,12,0,21,0,6,90,0,96,5,10,102,0,117,80,0,80,197
01/24/2023,MHK,KS,ACE,CE,Federal Contract Tower,3,4,0,0,7,0,0,59,2,61,3,4,59,2,68,54,0,54,122
01/25/2023,MHK,KS,ACE,CE,Federal Contract Tower,4,3,2,0,9,0,0,26,0,26,4,3,28,0,35,14,0,14,49
01/26/2023,MHK,KS,ACE,CE,Federal Contract Tower,4,6,10,0,20,0,0,54,0,54,4,6,64,0,74,50,0,50,124
01/27/2023,MHK,KS,ACE,CE,Federal Contract Tower,4,5,7,0,16,0,0,80,13,93,4,5,87,13,109,64,0,64,173
01/28/2023,MHK,KS,ACE,CE,Federal Contract Tower,5,6,1,0,12,0,0,34,0,34,5,6,35,0,46,42,0,42,88
01/29/2023,MHK,KS,ACE,CE,Federal Contract Tower,3,7,1,2,13,0,0,29,0,29,3,7,30,2,42,8,0,8,50
01/30/2023,MHK,KS,ACE,CE,Federal Contract Tower,1,3,3,0,7,0,4,19,12,35,1,7,22,12,42,20,0,20,62
01/31/2023,MHK,KS,ACE,CE,Federal Contract Tower,0,6,7,0,13,0,6,36,7,49,0,12,43,7,62,38,0,38,100
02/01/2023,MHK,KS,ACE,CE,Federal Contract Tower,1,6,3,0,10,0,6,58,4,68,1,12,61,4,78,44,32,76,154
02/02/2023,MHK,KS,ACE,CE,Federal Contract Tower,3,5,3,0,11,0,4,44,4,52,3,9,47,4,63,50,6,56,119
02/03/2023,MHK,KS,ACE,CE,Federal Contract Tower,6,5,6,0,17,0,2,44,2,48,6,7,50,2,65,34,0,34,99
02/04/2023,MHK,KS,ACE,CE,Federal Contract Tower,7,6,6,0,19,0,2,29,0,31,7,8,35,0,50,16,0,16,66
02/05/2023,MHK,KS,ACE,CE,Federal Contract Tower,6,2,2,0,10,0,2,68,0,70,6,4,70,0,80,132,0,132,212
02/06/2023,MHK,KS,ACE,CE,Federal Contract Tower,8,3,1,0,12,0,0,22,0,22,8,3,23,0,34,8,0,8,42
02/07/2023,MHK,KS,ACE,CE,Federal Contract Tower,5,5,8,0,18,0,8,62,0,70,5,13,70,0,88,82,0,82,170
02/08/2023,MHK,KS,ACE,CE,Federal Contract Tower,5,6,6,0,17,0,0,46,0,46,5,6,52,0,63,156,0,156,219
02/09/2023,MHK,KS,ACE,CE,Federal Contract Tower,6,6,5,0,17,0,0,17,7,24,6,6,22,7,41,6,0,6,47
02/10/2023,MHK,KS,ACE,CE,Federal Contract Tower,6,8,3,2,19,0,3,54,0,57,6,11,57,2,76,68,0,68,144
02/11/2023,MHK,KS,ACE,CE,Federal Contract Tower,5,4,5,0,14,0,0,49,0,49,5,4,54,0,63,118,0,118,181
02/12/2023,MHK,KS,ACE,CE,Federal Contract Tower,6,3,4,0,13,0,6,41,0,47,6,9,45,0,60,94,0,94,154
02/13/2023,MHK,KS,ACE,CE,Federal Contract Tower,6,3,5,1,15,0,0,66,11,77,6,3,71,12,92,86,0,86,178
02/14/2023,MHK,KS,ACE,CE,Federal Contract Tower,7,5,2,0,14,0,0,4,11,15,7,5,6,11,29,0,10,10,39
02/15/2023,MHK,KS,ACE,CE,Federal Contract Tower,5,3,1,0,9,0,0,4,5,9,5,3,5,5,18,56,0,56,74
02/16/2023,MHK,KS,ACE,CE,Federal Contract Tower,5,3,8,0,16,0,0,0,0,0,5,3,8,0,16,0,0,0,16
02/17/2023,MHK,KS,ACE,CE,Federal Contract Tower,7,4,7,2,20,0,0,53,3,56,7,4,60,5,76,78,0,78,154
02/18/2023,MHK,KS,ACE,CE,Federal Contract Tower,4,1,12,0,17,0,0,16,0,16,4,1,28,0,33,18,0,18,51
02/19/2023,MHK,KS,ACE,CE,Federal Contract Tower,5,5,8,0,18,0,2,84,0,86,5,7,92,0,104,150,0,150,254
02/20/2023,MHK,KS,ACE,CE,Federal Contract Tower,6,5,10,0,21,0,0,70,0,70,6,5,80,0,91,124,0,124,215
02/21/2023,MHK,KS,ACE,CE,Federal Contract Tower,7,5,10,1,23,0,0,50,19,69,7,5,60,20,92,28,24,52,144
02/22/2023,MHK,KS,ACE,CE,Federal Contract Tower,5,8,6,0,19,0,0,18,11,29,5,8,24,11,48,198,24,222,270
02/23/2023,MHK,KS,ACE,CE,Federal Contract Tower,5,5,7,0,17,0,8,31,3,42,5,13,38,3,59,24,16,40,99
02/24/2023,MHK,KS,ACE,CE,Federal Contract Tower,8,4,9,0,21,0,0,36,0,36,8,4,45,0,57,26,0,26,83
02/25/2023,MHK,KS,ACE,CE,Federal Contract Tower,7,3,3,0,13,0,0,60,0,60,7,3,63,0,73,84,0,84,157
02/26/2023,MHK,KS,ACE,CE,Federal Contract Tower,6,4,4,2,16,0,0,9,0,9,6,4,13,2,25,8,0,8,33
02/27/2023,MHK,KS,ACE,CE,Federal Contract Tower,6,5,4,1,16,0,0,25,7,32,6,5,29,8,48,56,6,62,110
02/28/2023,MHK,KS,ACE,CE,Federal Contract Tower,5,4,2,0,11,0,4,78,6,88,5,8,80,6,99,134,14,148,247
03/01/2023,MHK,KS,ACE,CE,Federal Contract Tower,4,7,7,1,19,0,0,70,10,80,4,7,77,11,99,179,0,179,278
03/02/2023,MHK,KS,ACE,CE,Federal Contract Tower,5,3,4,2,14,0,0,29,2,31,5,3,33,4,45,38,2,40,85
03/03/2023,MHK,KS,ACE,CE,Federal Contract Tower,9,5,2,0,16,0,4,32,3,39,9,9,34,3,55,114,0,114,169
03/04/2023,MHK,KS,ACE,CE,Federal Contract Tower,6,3,1,0,10,0,0,40,2,42,6,3,41,2,52,64,0,64,116
03/05/2023,MHK,KS,ACE,CE,Federal Contract Tower,6,2,7,0,15,0,2,27,0,29,6,4,34,0,44,32,0,32,76
03/06/2023,MHK,KS,ACE,CE,Federal Contract Tower,5,3,18,0,26,0,2,41,0,43,5,5,59,0,69,68,0,68,137
03/07/2023,MHK,KS,ACE,CE,Federal Contract Tower,4,8,6,0,18,0,0,43,8,51,4,8,49,8,69,26,24,50,119
03/08/2023,MHK,KS,ACE,CE,Federal Contract Tower,3,5,2,3,13,0,0,1,0,1,3,5,3,3,14,0,0,0,14
03/09/2023,MHK,KS,ACE,CE,Federal Contract Tower,4,5,12,0,21,0,0,3,1,4,4,5,15,1,25,20,24,44,69
03/10/2023,MHK,KS,ACE,CE,Federal Contract Tower,5,4,9,4,22,0,0,42,4,46,5,4,51,8,68,210,0,210,278
03/11/2023,MHK,KS,ACE,CE,Federal Contract Tower,3,4,0,0,7,0,0,0,1,1,3,4,0,1,8,0,0,0,8
03/12/2023,MHK,KS,ACE,CE,Federal Contract Tower,7,5,2,0,14,0,0,81,1,82,7,5,83,1,96,78,0,78,174
03/13/2023,MHK,KS,ACE,CE,Federal Contract Tower,3,5,1,0,9,0,6,66,6,78,3,11,67,6,87,66,0,66,153
03/14/2023,MHK,KS,ACE,CE,Federal Contract Tower,3,5,5,0,13,0,6,83,0,89,3,11,88,0,102,28,0,28,130
03/15/2023,MHK,KS,ACE,CE,Federal Contract Tower,4,8,7,4,23,0,0,8,2,10,4,8,15,6,33,0,0,0,33
03/16/2023,MHK,KS,ACE,CE,Federal Contract Tower,3,0,0,2,5,0,0,0,2,2,3,0,0,4,7,0,0,0,7
03/17/2023,MHK,KS,ACE,CE,Federal Contract Tower,5,5,2,2,14,0,0,41,3,44,5,5,43,5,58,8,0,8,66
03/18/2023,MHK,KS,ACE,CE,Federal Contract Tower,3,4,3,0,10,0,1,23,0,24,3,5,26,0,34,16,0,16,50
03/19/2023,MHK,KS,ACE,CE,Federal Contract Tower,6,7,10,0,23,0,0,59,0,59,6,7,69,0,82,34,0,34,116
03/20/2023,MHK,KS,ACE,CE,Federal Contract Tower,5,9,6,0,20,0,2,27,2,31,5,11,33,2,51,8,0,8,59
03/21/2023,MHK,KS,ACE,CE,Federal Contract Tower,5,5,29,8,47,0,0,1,0,1,5,5,30,8,48,0,0,0,48
03/22/2023,MHK,KS,ACE,CE,Federal Contract Tower,3,6,16,8,33,0,0,0,0,0,3,6,16,8,33,0,0,0,33
03/23/2023,MHK,KS,ACE,CE,Federal Contract Tower,7,9,14,1,31,0,0,25,6,31,7,9,39,7,62,160,26,186,248
03/24/2023,MHK,KS,ACE,CE,Federal Contract Tower,4,3,6,2,15,0,0,38,1,39,4,3,44,3,54,224,0,224,278
03/25/2023,MHK,KS,ACE,CE,Federal Contract Tower,3,6,2,0,11,0,0,32,2,34,3,6,34,2,45,76,0,76,121
03/26/2023,MHK,KS,ACE,CE,Federal Contract Tower,9,3,3,2,17,0,0,13,0,13,9,3,16,2,30,10,0,10,40
03/27/2023,MHK,KS,ACE,CE,Federal Contract Tower,5,3,4,4,16,0,2,33,8,43,5,5,37,12,59,52,0,52,111
03/28/2023,MHK,KS,ACE,CE,Federal Contract Tower,3,4,0,0,7,0,2,21,0,23,3,6,21,0,30,46,0,46,76
03/29/2023,MHK,KS,ACE,CE,Federal Contract Tower,0,0,0,0,0,0,0,12,2,14,0,0,12,2,14,0,0,0,14
03/30/2023,MHK,KS,ACE,CE,Federal Contract Tower,0,0,0,0,0,0,0,0,2,2,0,0,0,2,2,0,0,0,2
03/31/2023,MHK,KS,ACE,CE,Federal Contract Tower,4,1,12,0,17,0,0,7,0,7,4,1,19,0,24,6,0,6,30
04/01/2023,MHK,KS,ACE,CE,Federal Contract Tower,3,4,8,0,15,0,0,47,5,52,3,4,55,5,67,102,0,102,169
04/02/2023,MHK,KS,ACE,CE,Federal Contract Tower,5,3,0,0,8,0,0,54,8,62,5,3,54,8,70,150,0,150,220
04/03/2023,MHK,KS,ACE,CE,Federal Contract Tower,5,4,19,0,28,0,2,15,12,29,5,6,34,12,57,48,0,48,105
04/04/2023,MHK,KS,ACE,CE,Federal Contract Tower,3,4,2,0,9,0,2,22,4,28,3,6,24,4,37,8,0,8,45
04/05/2023,MHK,KS,ACE,CE,Federal Contract Tower,5,4,3,0,12,0,0,0,0,0,5,4,3,0,12,58,0,58,70
04/06/2023,MHK,KS,ACE,CE,Federal Contract Tower,5,6,4,0,15,0,0,41,0,41,5,6,45,0,56,206,0,206,262
04/07/2023,MHK,KS,ACE,CE,Federal Contract Tower,5,6,9,2,22,0,0,33,0,33,5,6,42,2,55,42,0,42,97
04/08/2023,MHK,KS,ACE,CE,Federal Contract Tower,4,2,9,0,15,0,0,37,0,37,4,2,46,0,52,234,0,234,286
04/09/2023,MHK,KS,ACE,CE,Federal Contract Tower,3,4,4,0,11,0,0,22,0,22,3,4,26,0,33,18,0,18,51
04/10/2023,MHK,KS,ACE,CE,Federal Contract Tower,5,6,6,0,17,0,0,57,0,57,5,6,63,0,74,134,0,134,208
04/11/2023,MHK,KS,ACE,CE,Federal Contract Tower,3,4,5,0,12,0,0,99,0,99,3,4,104,0,111,170,0,170,281
04/12/2023,MHK,KS,ACE,CE,Federal Contract Tower,5,4,8,2,19,0,0,42,4,46,5,4,50,6,65,60,2,62,127
04/13/2023,MHK,KS,ACE,CE,Federal Contract Tower,4,4,2,0,10,0,0,19,2,21,4,4,21,2,31,38,18,56,87
04/14/2023,MHK,KS,ACE,CE,Federal Contract Tower,5,4,5,2,16,0,0,10,0,10,5,4,15,2,26,10,0,10,36
04/15/2023,MHK,KS,ACE,CE,Federal Contract Tower,5,6,8,0,19,0,0,3,0,3,5,6,11,0,22,4,0,4,26
04/16/2023,MHK,KS,ACE,CE,Federal Contract Tower,5,4,9,0,18,0,0,8,0,8,5,4,17,0,26,0,0,0,26
04/17/2023,MHK,KS,ACE,CE,Federal Contract Tower,5,5,9,0,19,0,0,62,4,66,5,5,71,4,85,130,0,130,215
04/18/2023,MHK,KS,ACE,CE,Federal Contract Tower,3,5,2,0,10,0,4,51,0,55,3,9,53,0,65,98,0,98,163
04/19/2023,MHK,KS,ACE,CE,Federal Contract Tower,6,5,7,0,18,0,2,32,2,36,6,7,39,2,54,108,0,108,162
04/20/2023,MHK,KS,ACE,CE,Federal Contract Tower,5,3,7,0,15,0,2,35,2,39,5,5,42,2,54,96,0,96,150
04/21/2023,MHK,KS,ACE,CE,Federal Contract Tower,4,6,7,1,18,0,0,32,0,32,4,6,39,1,50,90,20,110,160
04/22/2023,MHK,KS,ACE,CE,Federal Contract Tower,5,4,8,4,21,0,0,20,0,20,5,4,28,4,41,40,0,40,81
04/23/2023,MHK,KS,ACE,CE,Federal Contract Tower,5,5,7,0,17,0,0,110,0,110,5,5,117,0,127,116,0,116,243
04/24/2023,MHK,KS,ACE,CE,Federal Contract Tower,5,4,4,0,13,0,0,68,0,68,5,4,72,0,81,140,0,140,221
04/25/2023,MHK,KS,ACE,CE,Federal Contract Tower,3,4,14,0,21,0,0,54,2,56,3,4,68,2,77,150,2,152,229
04/26/2023,MHK,KS,ACE,CE,Federal Contract Tower,5,7,4,0,16,0,2,59,4,65,5,9,63,4,81,88,0,88,169
04/27/2023,MHK,KS,ACE,CE,Federal Contract Tower,5,4,4,0,13,0,0,40,3,43,5,4,44,3,56,118,46,164,220
04/28/2023,MHK,KS,ACE,CE,Federal Contract Tower,5,4,6,0,15,0,0,3,0,3,5,4,9,0,18,4,0,4,22
04/29/2023,MHK,KS,ACE,CE,Federal Contract Tower,5,4,4,2,15,0,4,32,0,36,5,8,36,2,51,8,0,8,59
04/30/2023,MHK,KS,ACE,CE,Federal Contract Tower,5,4,5,0,14,0,2,11,0,13,5,6,16,0,27,0,0,0,27
05/01/2023,MHK,KS,ACE,CE,Federal Contract Tower,6,4,7,0,17,0,2,63,0,65,6,6,70,0,82,24,0,24,106
05/02/2023,MHK,KS,ACE,CE,Federal Contract Tower,4,4,9,0,17,0,0,44,0,44,4,4,53,0,61,34,0,34,95
05/03/2023,MHK,KS,ACE,CE,Federal Contract Tower,5,4,8,0,17,0,0,45,2,47,5,4,53,2,64,56,0,56,120
05/04/2023,MHK,KS,ACE,CE,Federal Contract Tower,3,2,7,0,12,0,0,17,4,21,3,2,24,4,33,22,20,42,75
05/05/2023,MHK,KS,ACE,CE,Federal Contract Tower,1,1,5,0,7,0,2,12,0,14,1,3,17,0,21,10,0,10,31
05/07/2023,MHK,KS,ACE,CE,Federal Contract Tower,0,0,4,0,4,0,0,24,0,24,0,0,28,0,28,0,0,0,28
05/08/2023,MHK,KS,ACE,CE,Federal Contract Tower,0,0,4,0,4,0,0,56,3,59,0,0,60,3,63,34,8,42,105
05/09/2023,MHK,KS,ACE,CE,Federal Contract Tower,0,0,5,0,5,0,2,20,0,22,0,2,25,0,27,10,0,10,37
05/10/2023,MHK,KS,ACE,CE,Federal Contract Tower,0,0,5,0,5,0,0,37,0,37,0,0,42,0,42,46,0,46,88
05/11/2023,MHK,KS,ACE,CE,Federal Contract Tower,0,0,4,0,4,0,0,3,2,5,0,0,7,2,9,0,0,0,9
05/12/2023,MHK,KS,ACE,CE,Federal Contract Tower,0,0,0,0,0,0,0,0,0,0,0,0,0,0,0,0,0,0,0
05/13/2023,MHK,KS,ACE,CE,Federal Contract Tower,0,0,0,0,0,0,0,4,0,4,0,0,4,0,4,0,0,0,4
05/14/2023,MHK,KS,ACE,CE,Federal Contract Tower,0,0,0,0,0,0,0,0,0,0,0,0,0,0,0,0,0,0,0
05/15/2023,MHK,KS,ACE,CE,Federal Contract Tower,0,0,2,0,2,0,0,0,0,0,0,0,2,0,2,0,0,0,2
05/16/2023,MHK,KS,ACE,CE,Federal Contract Tower,0,0,2,0,2,0,0,2,2,4,0,0,4,2,6,0,0,0,6
05/17/2023,MHK,KS,ACE,CE,Federal Contract Tower,0,0,0,0,0,0,0,0,0,0,0,0,0,0,0,0,0,0,0
05/18/2023,MHK,KS,ACE,CE,Federal Contract Tower,0,0,0,0,0,0,0,1,3,4,0,0,1,3,4,0,0,0,4
05/19/2023,MHK,KS,ACE,CE,Federal Contract Tower,0,0,0,0,0,0,0,1,0,1,0,0,1,0,1,10,0,10,11
05/20/2023,MHK,KS,ACE,CE,Federal Contract Tower,0,0,0,0,0,0,0,0,0,0,0,0,0,0,0,0,8,8,8
05/21/2023,MHK,KS,ACE,CE,Federal Contract Tower,0,0,0,0,0,0,0,2,0,2,0,0,2,0,2,4,4,8,10
05/22/2023,MHK,KS,ACE,CE,Federal Contract Tower,0,0,0,0,0,0,0,3,0,3,0,0,3,0,3,0,0,0,3
05/23/2023,MHK,KS,ACE,CE,Federal Contract Tower,0,0,0,0,0,0,0,4,3,7,0,0,4,3,7,0,0,0,7
05/24/2023,MHK,KS,ACE,CE,Federal Contract Tower,0,0,0,0,0,0,0,1,0,1,0,0,1,0,1,0,0,0,1
05/25/2023,MHK,KS,ACE,CE,Federal Contract Tower,0,0,0,0,0,0,0,0,2,2,0,0,0,2,2,0,0,0,2
05/26/2023,MHK,KS,ACE,CE,Federal Contract Tower,0,0,0,2,2,0,0,0,2,2,0,0,0,4,4,0,0,0,4
05/27/2023,MHK,KS,ACE,CE,Federal Contract Tower,0,0,0,0,0,0,0,0,0,0,0,0,0,0,0,0,0,0,0
05/28/2023,MHK,KS,ACE,CE,Federal Contract Tower,0,0,0,0,0,0,0,0,0,0,0,0,0,0,0,0,0,0,0
05/29/2023,MHK,KS,ACE,CE,Federal Contract Tower,0,0,0,0,0,0,0,0,0,0,0,0,0,0,0,0,0,0,0
05/30/2023,MHK,KS,ACE,CE,Federal Contract Tower,0,0,0,0,0,0,0,0,0,0,0,0,0,0,0,0,0,0,0
05/31/2023,MHK,KS,ACE,CE,Federal Contract Tower,0,0,0,0,0,0,0,0,0,0,0,0,0,0,0,0,0,0,0
06/01/2023,MHK,KS,ACE,CE,Federal Contract Tower,0,0,0,0,0,0,0,0,0,0,0,0,0,0,0,0,0,0,0
06/02/2023,MHK,KS,ACE,CE,Federal Contract Tower,0,0,0,0,0,0,0,0,0,0,0,0,0,0,0,0,0,0,0
06/03/2023,MHK,KS,ACE,CE,Federal Contract Tower,0,0,0,0,0,0,0,0,0,0,0,0,0,0,0,0,0,0,0
06/04/2023,MHK,KS,ACE,CE,Federal Contract Tower,0,0,0,0,0,0,0,2,0,2,0,0,2,0,2,0,0,0,2
06/05/2023,MHK,KS,ACE,CE,Federal Contract Tower,0,0,0,0,0,0,0,0,7,7,0,0,0,7,7,0,0,0,7
06/06/2023,MHK,KS,ACE,CE,Federal Contract Tower,0,0,0,0,0,0,0,2,4,6,0,0,2,4,6,0,0,0,6
06/07/2023,MHK,KS,ACE,CE,Federal Contract Tower,0,0,0,0,0,0,0,0,4,4,0,0,0,4,4,0,0,0,4
06/08/2023,MHK,KS,ACE,CE,Federal Contract Tower,0,0,0,0,0,0,0,0,0,0,0,0,0,0,0,0,0,0,0
06/09/2023,MHK,KS,ACE,CE,Federal Contract Tower,0,0,0,0,0,0,0,4,4,8,0,0,4,4,8,0,0,0,8
06/10/2023,MHK,KS,ACE,CE,Federal Contract Tower,0,0,0,0,0,0,0,0,0,0,0,0,0,0,0,0,0,0,0
06/11/2023,MHK,KS,ACE,CE,Federal Contract Tower,0,0,0,0,0,0,0,0,0,0,0,0,0,0,0,0,0,0,0
06/12/2023,MHK,KS,ACE,CE,Federal Contract Tower,0,0,0,0,0,0,0,4,0,4,0,0,4,0,4,0,0,0,4
06/13/2023,MHK,KS,ACE,CE,Federal Contract Tower,0,0,0,0,0,0,0,11,2,13,0,0,11,2,13,0,0,0,13
06/14/2023,MHK,KS,ACE,CE,Federal Contract Tower,0,0,0,0,0,0,0,7,0,7,0,0,7,0,7,0,0,0,7
06/15/2023,MHK,KS,ACE,CE,Federal Contract Tower,0,0,0,0,0,0,0,3,0,3,0,0,3,0,3,0,0,0,3
06/16/2023,MHK,KS,ACE,CE,Federal Contract Tower,0,0,0,0,0,0,0,2,0,2,0,0,2,0,2,0,0,0,2
06/17/2023,MHK,KS,ACE,CE,Federal Contract Tower,0,0,0,0,0,0,0,3,0,3,0,0,3,0,3,0,0,0,3
06/18/2023,MHK,KS,ACE,CE,Federal Contract Tower,0,0,0,0,0,0,0,0,0,0,0,0,0,0,0,0,0,0,0
06/19/2023,MHK,KS,ACE,CE,Federal Contract Tower,0,0,0,0,0,0,0,0,0,0,0,0,0,0,0,0,0,0,0
06/20/2023,MHK,KS,ACE,CE,Federal Contract Tower,0,0,0,0,0,0,0,6,4,10,0,0,6,4,10,0,0,0,10
06/21/2023,MHK,KS,ACE,CE,Federal Contract Tower,0,0,0,0,0,0,0,2,0,2,0,0,2,0,2,0,0,0,2
06/22/2023,MHK,KS,ACE,CE,Federal Contract Tower,0,0,0,0,0,0,0,14,1,15,0,0,14,1,15,0,0,0,15
06/23/2023,MHK,KS,ACE,CE,Federal Contract Tower,0,0,0,0,0,0,0,2,0,2,0,0,2,0,2,0,0,0,2
06/24/2023,MHK,KS,ACE,CE,Federal Contract Tower,0,0,0,0,0,0,0,0,0,0,0,0,0,0,0,0,0,0,0
06/25/2023,MHK,KS,ACE,CE,Federal Contract Tower,0,0,0,0,0,0,0,2,0,2,0,0,2,0,2,0,0,0,2
06/26/2023,MHK,KS,ACE,CE,Federal Contract Tower,0,0,0,0,0,0,0,0,0,0,0,0,0,0,0,0,0,0,0
06/27/2023,MHK,KS,ACE,CE,Federal Contract Tower,0,0,0,0,0,0,0,10,0,10,0,0,10,0,10,0,0,0,10
06/28/2023,MHK,KS,ACE,CE,Federal Contract Tower,0,0,0,0,0,0,0,2,0,2,0,0,2,0,2,0,0,0,2
06/29/2023,MHK,KS,ACE,CE,Federal Contract Tower,0,0,0,0,0,0,0,0,2,2,0,0,0,2,2,0,0,0,2
06/30/2023,MHK,KS,ACE,CE,Federal Contract Tower,0,0,0,0,0,0,0,0,0,0,0,0,0,0,0,0,0,0,0
07/01/2023,MHK,KS,ACE,CE,Federal Contract Tower,0,0,0,0,0,0,0,0,0,0,0,0,0,0,0,0,0,0,0
07/02/2023,MHK,KS,ACE,CE,Federal Contract Tower,0,0,0,0,0,0,0,2,0,2,0,0,2,0,2,0,0,0,2
07/03/2023,MHK,KS,ACE,CE,Federal Contract Tower,0,0,0,0,0,0,0,0,0,0,0,0,0,0,0,0,0,0,0
07/04/2023,MHK,KS,ACE,CE,Federal Contract Tower,0,0,0,0,0,0,0,0,0,0,0,0,0,0,0,0,0,0,0
07/05/2023,MHK,KS,ACE,CE,Federal Contract Tower,0,0,0,0,0,0,0,0,2,2,0,0,0,2,2,0,0,0,2
07/06/2023,MHK,KS,ACE,CE,Federal Contract Tower,0,0,0,0,0,0,0,2,0,2,0,0,2,0,2,0,0,0,2
07/07/2023,MHK,KS,ACE,CE,Federal Contract Tower,0,0,0,0,0,0,0,4,0,4,0,0,4,0,4,0,0,0,4
07/08/2023,MHK,KS,ACE,CE,Federal Contract Tower,0,0,0,0,0,0,0,0,0,0,0,0,0,0,0,0,0,0,0
07/09/2023,MHK,KS,ACE,CE,Federal Contract Tower,0,0,0,0,0,0,0,0,0,0,0,0,0,0,0,0,0,0,0
07/10/2023,MHK,KS,ACE,CE,Federal Contract Tower,0,0,0,0,0,0,0,8,0,8,0,0,8,0,8,0,0,0,8
07/11/2023,MHK,KS,ACE,CE,Federal Contract Tower,0,0,0,0,0,0,0,0,2,2,0,0,0,2,2,0,0,0,2
07/12/2023,MHK,KS,ACE,CE,Federal Contract Tower,0,0,0,0,0,0,0,2,0,2,0,0,2,0,2,0,0,0,2
07/13/2023,MHK,KS,ACE,CE,Federal Contract Tower,0,0,0,0,0,0,0,8,0,8,0,0,8,0,8,0,0,0,8
07/14/2023,MHK,KS,ACE,CE,Federal Contract Tower,0,0,0,0,0,0,0,0,0,0,0,0,0,0,0,0,0,0,0
07/15/2023,MHK,KS,ACE,CE,Federal Contract Tower,0,0,0,0,0,0,0,0,0,0,0,0,0,0,0,0,0,0,0
07/16/2023,MHK,KS,ACE,CE,Federal Contract Tower,0,0,0,0,0,0,0,0,0,0,0,0,0,0,0,0,0,0,0
07/17/2023,MHK,KS,ACE,CE,Federal Contract Tower,0,0,0,0,0,0,0,0,0,0,0,0,0,0,0,0,0,0,0
07/18/2023,MHK,KS,ACE,CE,Federal Contract Tower,0,0,0,0,0,0,0,0,0,0,0,0,0,0,0,0,0,0,0
07/19/2023,MHK,KS,ACE,CE,Federal Contract Tower,0,0,0,0,0,0,0,0,0,0,0,0,0,0,0,0,0,0,0
07/20/2023,MHK,KS,ACE,CE,Federal Contract Tower,0,0,0,0,0,0,0,2,2,4,0,0,2,2,4,0,0,0,4
07/21/2023,MHK,KS,ACE,CE,Federal Contract Tower,0,0,0,0,0,0,0,2,0,2,0,0,2,0,2,0,0,0,2
07/22/2023,MHK,KS,ACE,CE,Federal Contract Tower,0,0,0,0,0,0,0,0,0,0,0,0,0,0,0,0,0,0,0
07/23/2023,MHK,KS,ACE,CE,Federal Contract Tower,0,0,0,0,0,0,0,0,0,0,0,0,0,0,0,0,0,0,0
07/24/2023,MHK,KS,ACE,CE,Federal Contract Tower,0,0,0,0,0,0,0,0,4,4,0,0,0,4,4,0,0,0,4
07/25/2023,MHK,KS,ACE,CE,Federal Contract Tower,0,0,0,0,0,0,0,6,0,6,0,0,6,0,6,0,0,0,6
07/26/2023,MHK,KS,ACE,CE,Federal Contract Tower,0,0,0,0,0,0,0,2,2,4,0,0,2,2,4,0,0,0,4
07/27/2023,MHK,KS,ACE,CE,Federal Contract Tower,0,0,0,0,0,0,0,10,0,10,0,0,10,0,10,0,0,0,10
07/28/2023,MHK,KS,ACE,CE,Federal Contract Tower,0,0,0,0,0,0,0,0,0,0,0,0,0,0,0,0,0,0,0
07/29/2023,MHK,KS,ACE,CE,Federal Contract Tower,0,0,0,0,0,0,0,0,0,0,0,0,0,0,0,0,0,0,0
07/30/2023,MHK,KS,ACE,CE,Federal Contract Tower,0,0,0,0,0,0,0,4,0,4,0,0,4,0,4,0,0,0,4
07/31/2023,MHK,KS,ACE,CE,Federal Contract Tower,0,0,0,0,0,0,0,1,0,1,0,0,1,0,1,0,0,0,1
08/01/2023,MHK,KS,ACE,CE,Federal Contract Tower,0,0,0,0,0,0,0,0,0,0,0,0,0,0,0,0,0,0,0
08/02/2023,MHK,KS,ACE,CE,Federal Contract Tower,0,0,0,0,0,0,0,0,0,0,0,0,0,0,0,0,0,0,0
08/03/2023,MHK,KS,ACE,CE,Federal Contract Tower,0,0,0,0,0,0,0,0,4,4,0,0,0,4,4,0,0,0,4
08/04/2023,MHK,KS,ACE,CE,Federal Contract Tower,0,0,0,0,0,0,0,0,2,2,0,0,0,2,2,0,0,0,2
08/05/2023,MHK,KS,ACE,CE,Federal Contract Tower,0,0,0,0,0,0,0,0,2,2,0,0,0,2,2,0,0,0,2
08/06/2023,MHK,KS,ACE,CE,Federal Contract Tower,0,0,0,0,0,0,0,0,0,0,0,0,0,0,0,0,0,0,0
08/07/2023,MHK,KS,ACE,CE,Federal Contract Tower,0,0,0,0,0,0,0,0,0,0,0,0,0,0,0,0,0,0,0
08/08/2023,MHK,KS,ACE,CE,Federal Contract Tower,0,0,0,0,0,0,0,2,0,2,0,0,2,0,2,0,0,0,2
08/09/2023,MHK,KS,ACE,CE,Federal Contract Tower,0,0,0,0,0,0,0,0,0,0,0,0,0,0,0,0,0,0,0
08/10/2023,MHK,KS,ACE,CE,Federal Contract Tower,0,0,0,0,0,0,0,2,2,4,0,0,2,2,4,0,0,0,4
08/11/2023,MHK,KS,ACE,CE,Federal Contract Tower,0,0,0,0,0,0,0,0,0,0,0,0,0,0,0,0,0,0,0
08/12/2023,MHK,KS,ACE,CE,Federal Contract Tower,0,0,0,0,0,0,0,0,0,0,0,0,0,0,0,0,0,0,0
08/13/2023,MHK,KS,ACE,CE,Federal Contract Tower,0,0,0,0,0,0,0,0,0,0,0,0,0,0,0,0,0,0,0
08/14/2023,MHK,KS,ACE,CE,Federal Contract Tower,0,0,0,0,0,0,0,10,0,10,0,0,10,0,10,0,0,0,10
08/15/2023,MHK,KS,ACE,CE,Federal Contract Tower,0,0,0,0,0,0,0,0,2,2,0,0,0,2,2,0,0,0,2
08/16/2023,MHK,KS,ACE,CE,Federal Contract Tower,0,0,0,0,0,0,0,13,0,13,0,0,13,0,13,0,0,0,13
08/17/2023,MHK,KS,ACE,CE,Federal Contract Tower,0,0,6,0,6,0,0,15,2,17,0,0,21,2,23,8,30,38,61
08/18/2023,MHK,KS,ACE,CE,Federal Contract Tower,0,0,1,0,1,0,0,34,0,34,0,0,35,0,35,6,0,6,41
08/19/2023,MHK,KS,ACE,CE,Federal Contract Tower,0,0,2,0,2,0,0,22,0,22,0,0,24,0,24,8,4,12,36
08/20/2023,MHK,KS,ACE,CE,Federal Contract Tower,0,0,1,0,1,0,0,16,0,16,0,0,17,0,17,14,0,14,31
08/21/2023,MHK,KS,ACE,CE,Federal Contract Tower,0,1,3,0,4,0,0,6,4,10,0,1,9,4,14,10,0,10,24
08/22/2023,MHK,KS,ACE,CE,Federal Contract Tower,0,0,3,0,3,0,2,16,0,18,0,2,19,0,21,40,0,40,61
08/23/2023,MHK,KS,ACE,CE,Federal Contract Tower,0,0,2,0,2,0,2,22,4,28,0,2,24,4,30,14,0,14,44
08/24/2023,MHK,KS,ACE,CE,Federal Contract Tower,0,0,2,0,2,0,1,11,1,13,0,1,13,1,15,0,16,16,31
08/25/2023,MHK,KS,ACE,CE,Federal Contract Tower,0,1,1,0,2,0,0,25,0,25,0,1,26,0,27,20,12,32,59
08/26/2023,MHK,KS,ACE,CE,Federal Contract Tower,0,0,4,0,4,0,0,6,2,8,0,0,10,2,12,12,0,12,24
08/27/2023,MHK,KS,ACE,CE,Federal Contract Tower,0,0,3,0,3,0,1,21,0,22,0,1,24,0,25,30,0,30,55
08/28/2023,MHK,KS,ACE,CE,Federal Contract Tower,0,0,3,0,3,0,0,37,0,37,0,0,40,0,40,64,0,64,104
08/29/2023,MHK,KS,ACE,CE,Federal Contract Tower,0,2,1,0,3,0,2,53,0,55,0,4,54,0,58,60,0,60,118
08/30/2023,MHK,KS,ACE,CE,Federal Contract Tower,0,1,0,2,3,0,2,28,2,32,0,3,28,4,35,78,2,80,115
08/31/2023,MHK,KS,ACE,CE,Federal Contract Tower,0,0,2,2,4,0,0,42,0,42,0,0,44,2,46,104,0,104,150
