10/01/2000,MHR,CA,AWP,WE,Federal Contract Tower,10,3,9,1,23,0,0,66,0,66,10,3,75,1,89,38,0,38,127
10/02/2000,MHR,CA,AWP,WE,Federal Contract Tower,9,12,12,0,33,0,23,65,0,88,9,35,77,0,121,58,0,58,179
10/03/2000,MHR,CA,AWP,WE,Federal Contract Tower,38,25,29,8,100,14,34,85,4,137,52,59,114,12,237,108,16,124,361
10/04/2000,MHR,CA,AWP,WE,Federal Contract Tower,60,38,44,13,155,10,21,66,6,103,70,59,110,19,258,102,24,126,384
10/05/2000,MHR,CA,AWP,WE,Federal Contract Tower,54,34,39,11,138,9,17,56,0,82,63,51,95,11,220,72,26,98,318
10/06/2000,MHR,CA,AWP,WE,Federal Contract Tower,30,19,22,4,75,15,31,68,0,114,45,50,90,4,189,63,8,71,260
10/07/2000,MHR,CA,AWP,WE,Federal Contract Tower,20,13,15,2,50,12,10,71,0,93,32,23,86,2,143,70,0,70,213
10/08/2000,MHR,CA,AWP,WE,Federal Contract Tower,2,3,4,1,10,0,0,55,1,56,2,3,59,2,66,28,0,28,94
10/09/2000,MHR,CA,AWP,WE,Federal Contract Tower,6,10,14,1,31,0,25,44,0,69,6,35,58,1,100,93,0,93,193
10/10/2000,MHR,CA,AWP,WE,Federal Contract Tower,53,32,39,6,130,2,19,3,0,24,55,51,42,6,154,36,34,70,224
10/11/2000,MHR,CA,AWP,WE,Federal Contract Tower,52,44,54,10,160,0,4,9,0,13,52,48,63,10,173,46,23,69,242
10/12/2000,MHR,CA,AWP,WE,Federal Contract Tower,38,22,28,9,97,17,29,44,4,94,55,51,72,13,191,50,0,50,241
10/13/2000,MHR,CA,AWP,WE,Federal Contract Tower,29,18,22,4,73,15,20,95,0,130,44,38,117,4,203,76,0,76,279
10/14/2000,MHR,CA,AWP,WE,Federal Contract Tower,27,16,19,6,68,12,6,65,2,85,39,22,84,8,153,48,0,48,201
10/15/2000,MHR,CA,AWP,WE,Federal Contract Tower,10,6,15,5,36,0,0,110,5,115,10,6,125,10,151,38,4,42,193
10/16/2000,MHR,CA,AWP,WE,Federal Contract Tower,16,11,13,5,45,0,37,75,8,120,16,48,88,13,165,78,8,86,251
10/17/2000,MHR,CA,AWP,WE,Federal Contract Tower,53,34,41,13,141,0,31,91,24,146,53,65,132,37,287,64,64,128,415
10/18/2000,MHR,CA,AWP,WE,Federal Contract Tower,41,24,28,4,97,8,35,104,0,147,49,59,132,4,244,48,5,53,297
10/19/2000,MHR,CA,AWP,WE,Federal Contract Tower,49,31,38,11,129,0,24,69,0,93,49,55,107,11,222,88,58,146,368
10/20/2000,MHR,CA,AWP,WE,Federal Contract Tower,35,20,25,8,88,13,33,16,5,67,48,53,41,13,155,63,14,77,232
10/21/2000,MHR,CA,AWP,WE,Federal Contract Tower,20,11,13,5,49,11,10,6,0,27,31,21,19,5,76,6,0,6,82
10/22/2000,MHR,CA,AWP,WE,Federal Contract Tower,6,3,3,2,14,3,1,25,0,29,9,4,28,2,43,0,0,0,43
10/23/2000,MHR,CA,AWP,WE,Federal Contract Tower,10,17,20,6,53,0,28,108,3,139,10,45,128,9,192,149,1,150,342
10/24/2000,MHR,CA,AWP,WE,Federal Contract Tower,42,25,30,8,105,6,47,117,13,183,48,72,147,21,288,146,68,214,502
10/25/2000,MHR,CA,AWP,WE,Federal Contract Tower,47,36,44,12,139,0,31,46,9,86,47,67,90,21,225,69,58,127,352
10/26/2000,MHR,CA,AWP,WE,Federal Contract Tower,48,43,53,9,153,0,22,5,0,27,48,65,58,9,180,50,43,93,273
10/27/2000,MHR,CA,AWP,WE,Federal Contract Tower,38,22,27,7,94,11,22,56,0,89,49,44,83,7,183,76,4,80,263
10/28/2000,MHR,CA,AWP,WE,Federal Contract Tower,29,14,21,4,68,1,0,46,0,47,30,14,67,4,115,28,2,30,145
10/29/2000,MHR,CA,AWP,WE,Federal Contract Tower,10,4,21,0,35,0,0,75,0,75,10,4,96,0,110,20,0,20,130
10/30/2000,MHR,CA,AWP,WE,Federal Contract Tower,8,15,19,5,47,0,20,37,24,81,8,35,56,29,128,10,58,68,196
10/31/2000,MHR,CA,AWP,WE,Federal Contract Tower,45,27,33,9,114,7,36,68,7,118,52,63,101,16,232,38,56,94,326
11/01/2000,MHR,CA,AWP,WE,Federal Contract Tower,48,36,37,13,134,5,41,100,14,160,53,77,137,27,294,142,36,178,472
11/02/2000,MHR,CA,AWP,WE,Federal Contract Tower,48,36,38,13,135,2,19,63,15,99,50,55,101,28,234,78,10,88,322
11/03/2000,MHR,CA,AWP,WE,Federal Contract Tower,36,27,29,7,99,20,31,75,0,126,56,58,104,7,225,74,4,78,303
11/04/2000,MHR,CA,AWP,WE,Federal Contract Tower,21,17,17,5,60,10,8,43,0,61,31,25,60,5,121,52,6,58,179
11/05/2000,MHR,CA,AWP,WE,Federal Contract Tower,11,1,11,3,26,0,0,30,4,34,11,1,41,7,60,20,1,21,81
11/06/2000,MHR,CA,AWP,WE,Federal Contract Tower,9,11,12,0,32,0,16,44,0,60,9,27,56,0,92,26,8,34,126
11/07/2000,MHR,CA,AWP,WE,Federal Contract Tower,38,28,30,7,103,12,21,70,0,103,50,49,100,7,206,61,42,103,309
11/08/2000,MHR,CA,AWP,WE,Federal Contract Tower,34,25,27,10,96,12,26,61,0,99,46,51,88,10,195,69,12,81,276
11/09/2000,MHR,CA,AWP,WE,Federal Contract Tower,41,30,33,12,116,0,17,72,14,103,41,47,105,26,219,68,60,128,347
11/10/2000,MHR,CA,AWP,WE,Federal Contract Tower,30,22,25,0,77,12,27,36,0,75,42,49,61,0,152,76,0,76,228
11/11/2000,MHR,CA,AWP,WE,Federal Contract Tower,22,16,17,2,57,13,6,24,0,43,35,22,41,2,100,67,0,67,167
11/12/2000,MHR,CA,AWP,WE,Federal Contract Tower,1,1,9,2,13,0,0,78,0,78,1,1,87,2,91,28,0,28,119
11/13/2000,MHR,CA,AWP,WE,Federal Contract Tower,7,17,19,0,43,0,21,52,0,73,7,38,71,0,116,46,2,48,164
11/14/2000,MHR,CA,AWP,WE,Federal Contract Tower,40,34,36,13,123,0,31,34,23,88,40,65,70,36,211,36,66,102,313
11/15/2000,MHR,CA,AWP,WE,Federal Contract Tower,47,40,41,15,143,0,20,50,11,81,47,60,91,26,224,40,36,76,300
11/16/2000,MHR,CA,AWP,WE,Federal Contract Tower,48,34,36,9,127,3,27,20,0,50,51,61,56,9,177,44,33,77,254
11/17/2000,MHR,CA,AWP,WE,Federal Contract Tower,44,32,33,10,119,7,26,79,0,112,51,58,112,10,231,116,36,152,383
11/18/2000,MHR,CA,AWP,WE,Federal Contract Tower,27,19,19,8,73,10,2,96,3,111,37,21,115,11,184,74,2,76,260
11/19/2000,MHR,CA,AWP,WE,Federal Contract Tower,11,4,9,4,28,0,0,34,4,38,11,4,43,8,66,13,0,13,79
11/20/2000,MHR,CA,AWP,WE,Federal Contract Tower,9,16,16,6,47,0,10,57,23,90,9,26,73,29,137,23,40,63,200
11/21/2000,MHR,CA,AWP,WE,Federal Contract Tower,51,36,39,12,138,6,16,15,0,37,57,52,54,12,175,5,6,11,186
11/22/2000,MHR,CA,AWP,WE,Federal Contract Tower,56,43,46,15,160,0,22,55,0,77,56,65,101,15,237,22,7,29,266
11/23/2000,MHR,CA,AWP,WE,Federal Contract Tower,21,13,17,0,51,14,0,0,0,14,35,13,17,0,65,2,0,2,67
11/24/2000,MHR,CA,AWP,WE,Federal Contract Tower,12,13,14,0,39,0,23,21,0,44,12,36,35,0,83,29,0,29,112
11/25/2000,MHR,CA,AWP,WE,Federal Contract Tower,18,13,15,2,48,0,7,1,0,8,18,20,16,2,56,14,0,14,70
11/26/2000,MHR,CA,AWP,WE,Federal Contract Tower,8,4,12,1,25,0,0,17,0,17,8,4,29,1,42,0,0,0,42
11/27/2000,MHR,CA,AWP,WE,Federal Contract Tower,12,29,31,2,74,0,11,18,0,29,12,40,49,2,103,10,10,20,123
11/28/2000,MHR,CA,AWP,WE,Federal Contract Tower,48,47,52,11,158,0,14,6,0,20,48,61,58,11,178,18,6,24,202
11/29/2000,MHR,CA,AWP,WE,Federal Contract Tower,52,39,43,7,141,0,26,4,0,30,52,65,47,7,171,10,6,16,187
11/30/2000,MHR,CA,AWP,WE,Federal Contract Tower,50,36,39,13,138,3,27,107,3,140,53,63,146,16,278,60,31,91,369
12/01/2000,MHR,CA,AWP,WE,Federal Contract Tower,49,39,34,7,129,0,6,68,0,74,49,45,102,7,203,36,10,46,249
12/02/2000,MHR,CA,AWP,WE,Federal Contract Tower,36,20,25,6,87,0,0,18,0,18,36,20,43,6,105,64,0,64,169
12/03/2000,MHR,CA,AWP,WE,Federal Contract Tower,12,2,9,2,25,0,0,15,1,16,12,2,24,3,41,40,0,40,81
12/04/2000,MHR,CA,AWP,WE,Federal Contract Tower,6,17,15,1,39,0,0,10,0,10,6,17,25,1,49,14,8,22,71
12/05/2000,MHR,CA,AWP,WE,Federal Contract Tower,26,36,30,3,95,0,3,0,0,3,26,39,30,3,98,21,18,39,137
12/06/2000,MHR,CA,AWP,WE,Federal Contract Tower,21,29,25,2,77,0,9,36,0,45,21,38,61,2,122,15,14,29,151
12/07/2000,MHR,CA,AWP,WE,Federal Contract Tower,48,38,33,8,127,5,20,42,7,74,53,58,75,15,201,58,67,125,326
12/08/2000,MHR,CA,AWP,WE,Federal Contract Tower,42,32,29,7,110,4,39,123,2,168,46,71,152,9,278,52,24,76,354
12/09/2000,MHR,CA,AWP,WE,Federal Contract Tower,34,28,27,5,94,0,0,35,0,35,34,28,62,5,129,28,9,37,166
12/10/2000,MHR,CA,AWP,WE,Federal Contract Tower,12,4,12,1,29,0,0,12,0,12,12,4,24,1,41,48,0,48,89
12/11/2000,MHR,CA,AWP,WE,Federal Contract Tower,10,34,31,7,82,0,6,22,1,29,10,40,53,8,111,18,40,58,169
12/12/2000,MHR,CA,AWP,WE,Federal Contract Tower,56,48,42,11,157,0,10,22,1,33,56,58,64,12,190,48,6,54,244
12/13/2000,MHR,CA,AWP,WE,Federal Contract Tower,53,44,39,6,142,0,29,8,0,37,53,73,47,6,179,20,64,84,263
12/14/2000,MHR,CA,AWP,WE,Federal Contract Tower,53,50,41,12,156,0,27,0,0,27,53,77,41,12,183,24,72,96,279
12/15/2000,MHR,CA,AWP,WE,Federal Contract Tower,57,45,38,7,147,3,20,43,0,66,60,65,81,7,213,50,17,67,280
12/16/2000,MHR,CA,AWP,WE,Federal Contract Tower,35,27,23,2,87,9,1,40,0,50,44,28,63,2,137,27,0,27,164
12/17/2000,MHR,CA,AWP,WE,Federal Contract Tower,20,7,12,2,41,18,0,21,0,39,38,7,33,2,80,0,0,0,80
12/18/2000,MHR,CA,AWP,WE,Federal Contract Tower,26,21,18,6,71,0,15,60,3,78,26,36,78,9,149,56,44,100,249
12/19/2000,MHR,CA,AWP,WE,Federal Contract Tower,46,34,30,7,117,13,41,35,0,89,59,75,65,7,206,41,45,86,292
12/20/2000,MHR,CA,AWP,WE,Federal Contract Tower,55,42,37,7,141,4,22,43,0,69,59,64,80,7,210,28,72,100,310
12/21/2000,MHR,CA,AWP,WE,Federal Contract Tower,59,44,39,11,153,0,20,10,7,37,59,64,49,18,190,16,22,38,228
12/22/2000,MHR,CA,AWP,WE,Federal Contract Tower,52,39,35,4,130,8,24,64,0,96,60,63,99,4,226,62,16,78,304
12/23/2000,MHR,CA,AWP,WE,Federal Contract Tower,34,25,22,0,81,9,27,71,0,107,43,52,93,0,188,50,0,50,238
12/24/2000,MHR,CA,AWP,WE,Federal Contract Tower,19,8,12,0,39,15,0,17,0,32,34,8,29,0,71,10,0,10,81
12/25/2000,MHR,CA,AWP,WE,Federal Contract Tower,8,4,5,0,17,7,0,13,0,20,15,4,18,0,37,2,0,2,39
12/26/2000,MHR,CA,AWP,WE,Federal Contract Tower,14,19,17,5,55,0,10,66,4,80,14,29,83,9,135,10,14,24,159
12/27/2000,MHR,CA,AWP,WE,Federal Contract Tower,40,30,26,8,104,6,9,33,3,51,46,39,59,11,155,20,39,59,214
12/28/2000,MHR,CA,AWP,WE,Federal Contract Tower,32,24,21,3,80,18,18,30,0,66,50,42,51,3,146,5,10,15,161
12/29/2000,MHR,CA,AWP,WE,Federal Contract Tower,34,26,22,5,87,8,17,43,0,68,42,43,65,5,155,41,6,47,202
12/30/2000,MHR,CA,AWP,WE,Federal Contract Tower,23,17,15,1,56,5,9,30,0,44,28,26,45,1,100,26,6,32,132
12/31/2000,MHR,CA,AWP,WE,Federal Contract Tower,6,4,5,0,15,0,0,30,0,30,6,4,35,0,45,27,0,27,72
01/01/2001,MHR,CA,AWP,WE,Federal Contract Tower,0,2,7,0,9,0,0,27,0,27,0,2,34,0,36,38,0,38,74
01/02/2001,MHR,CA,AWP,WE,Federal Contract Tower,9,16,15,0,40,0,21,43,0,64,9,37,58,0,104,40,1,41,145
01/03/2001,MHR,CA,AWP,WE,Federal Contract Tower,34,32,31,3,100,5,33,63,0,101,39,65,94,3,201,29,20,49,250
01/04/2001,MHR,CA,AWP,WE,Federal Contract Tower,29,28,28,8,93,10,22,41,6,79,39,50,69,14,172,53,26,79,251
01/05/2001,MHR,CA,AWP,WE,Federal Contract Tower,26,25,25,8,84,17,29,32,7,85,43,54,57,15,169,30,25,55,224
01/06/2001,MHR,CA,AWP,WE,Federal Contract Tower,24,20,23,7,74,4,0,76,29,109,28,20,99,36,183,75,59,134,317
01/07/2001,MHR,CA,AWP,WE,Federal Contract Tower,7,2,13,4,26,0,0,46,18,64,7,2,59,22,90,18,22,40,130
01/08/2001,MHR,CA,AWP,WE,Federal Contract Tower,7,27,27,1,62,0,20,33,0,53,7,47,60,1,115,16,10,26,141
01/09/2001,MHR,CA,AWP,WE,Federal Contract Tower,43,46,46,7,142,0,30,75,0,105,43,76,121,7,247,20,0,20,267
01/10/2001,MHR,CA,AWP,WE,Federal Contract Tower,40,34,27,8,109,4,20,0,0,24,44,54,27,8,133,40,32,72,205
01/11/2001,MHR,CA,AWP,WE,Federal Contract Tower,43,37,30,2,112,5,31,0,0,36,48,68,30,2,148,48,38,86,234
01/12/2001,MHR,CA,AWP,WE,Federal Contract Tower,29,24,26,6,85,11,20,28,0,59,40,44,54,6,144,70,42,112,256
01/13/2001,MHR,CA,AWP,WE,Federal Contract Tower,19,9,16,1,45,9,0,41,0,50,28,9,57,1,95,48,1,49,144
01/14/2001,MHR,CA,AWP,WE,Federal Contract Tower,0,0,2,1,3,0,0,30,0,30,0,0,32,1,33,42,0,42,75
01/15/2001,MHR,CA,AWP,WE,Federal Contract Tower,8,17,17,2,44,0,27,53,0,80,8,44,70,2,124,36,0,36,160
01/16/2001,MHR,CA,AWP,WE,Federal Contract Tower,28,25,23,4,80,0,34,77,0,111,28,59,100,4,191,100,14,114,305
01/17/2001,MHR,CA,AWP,WE,Federal Contract Tower,45,46,44,8,143,0,14,116,0,130,45,60,160,8,273,136,66,202,475
01/18/2001,MHR,CA,AWP,WE,Federal Contract Tower,41,36,34,11,122,1,27,89,10,127,42,63,123,21,249,50,65,115,364
01/19/2001,MHR,CA,AWP,WE,Federal Contract Tower,28,25,22,7,82,13,15,60,1,89,41,40,82,8,171,44,33,77,248
01/20/2001,MHR,CA,AWP,WE,Federal Contract Tower,24,19,20,1,64,14,0,10,0,24,38,19,30,1,88,71,8,79,167
01/21/2001,MHR,CA,AWP,WE,Federal Contract Tower,8,3,8,0,19,0,0,89,0,89,8,3,97,0,108,30,0,30,138
01/22/2001,MHR,CA,AWP,WE,Federal Contract Tower,7,14,12,0,33,0,27,109,0,136,7,41,121,0,169,62,8,70,239
01/23/2001,MHR,CA,AWP,WE,Federal Contract Tower,52,48,46,12,158,0,11,3,0,14,52,59,49,12,172,6,50,56,228
01/24/2001,MHR,CA,AWP,WE,Federal Contract Tower,46,41,39,11,137,1,18,89,21,129,47,59,128,32,266,80,100,180,446
01/25/2001,MHR,CA,AWP,WE,Federal Contract Tower,39,41,40,11,131,0,16,7,2,25,39,57,47,13,156,14,0,14,170
01/26/2001,MHR,CA,AWP,WE,Federal Contract Tower,35,31,30,4,100,5,26,28,0,59,40,57,58,4,159,22,12,34,193
01/27/2001,MHR,CA,AWP,WE,Federal Contract Tower,18,16,15,2,51,11,4,39,0,54,29,20,54,2,105,33,1,34,139
01/28/2001,MHR,CA,AWP,WE,Federal Contract Tower,4,5,8,0,17,0,0,43,0,43,4,5,51,0,60,46,0,46,106
01/29/2001,MHR,CA,AWP,WE,Federal Contract Tower,6,19,17,5,47,0,16,72,6,94,6,35,89,11,141,36,24,60,201
01/30/2001,MHR,CA,AWP,WE,Federal Contract Tower,41,37,35,10,123,4,26,93,15,138,45,63,128,25,261,62,72,134,395
01/31/2001,MHR,CA,AWP,WE,Federal Contract Tower,44,42,39,11,136,0,20,131,39,190,44,62,170,50,326,53,86,139,465
02/01/2001,MHR,CA,AWP,WE,Federal Contract Tower,41,36,37,8,122,3,30,62,12,107,44,66,99,20,229,64,22,86,315
02/02/2001,MHR,CA,AWP,WE,Federal Contract Tower,41,36,37,5,119,4,21,21,0,46,45,57,58,5,165,16,31,47,212
02/03/2001,MHR,CA,AWP,WE,Federal Contract Tower,18,16,17,3,54,13,10,32,6,61,31,26,49,9,115,62,4,66,181
02/04/2001,MHR,CA,AWP,WE,Federal Contract Tower,1,0,10,2,13,0,0,42,3,45,1,0,52,5,58,57,0,57,115
02/05/2001,MHR,CA,AWP,WE,Federal Contract Tower,8,19,18,0,45,0,21,48,0,69,8,40,66,0,114,31,0,31,145
02/06/2001,MHR,CA,AWP,WE,Federal Contract Tower,36,32,33,5,106,9,24,9,0,42,45,56,42,5,148,18,16,34,182
02/07/2001,MHR,CA,AWP,WE,Federal Contract Tower,37,33,33,7,110,13,26,62,9,110,50,59,95,16,220,32,16,48,268
02/08/2001,MHR,CA,AWP,WE,Federal Contract Tower,38,34,35,7,114,7,28,115,14,164,45,62,150,21,278,105,4,109,387
02/09/2001,MHR,CA,AWP,WE,Federal Contract Tower,36,39,39,8,122,0,18,14,0,32,36,57,53,8,154,26,12,38,192
02/10/2001,MHR,CA,AWP,WE,Federal Contract Tower,22,17,19,2,60,14,0,3,0,17,36,17,22,2,77,14,0,14,91
02/11/2001,MHR,CA,AWP,WE,Federal Contract Tower,1,1,3,0,5,0,0,19,6,25,1,1,22,6,30,2,0,2,32
02/12/2001,MHR,CA,AWP,WE,Federal Contract Tower,5,23,23,1,52,0,17,20,0,37,5,40,43,1,89,24,31,55,144
02/13/2001,MHR,CA,AWP,WE,Federal Contract Tower,38,34,34,7,113,12,19,20,3,54,50,53,54,10,167,32,9,41,208
02/14/2001,MHR,CA,AWP,WE,Federal Contract Tower,37,33,32,7,109,12,26,99,1,138,49,59,131,8,247,64,6,70,317
02/15/2001,MHR,CA,AWP,WE,Federal Contract Tower,48,41,43,10,142,4,15,109,8,136,52,56,152,18,278,72,10,82,360
02/16/2001,MHR,CA,AWP,WE,Federal Contract Tower,39,33,35,8,115,9,25,95,19,148,48,58,130,27,263,82,24,106,369
02/17/2001,MHR,CA,AWP,WE,Federal Contract Tower,27,22,23,3,75,7,2,31,0,40,34,24,54,3,115,82,0,82,197
02/18/2001,MHR,CA,AWP,WE,Federal Contract Tower,2,0,4,1,7,0,0,22,0,22,2,0,26,1,29,0,2,2,31
02/19/2001,MHR,CA,AWP,WE,Federal Contract Tower,6,12,11,0,29,0,12,11,0,23,6,24,22,0,52,0,0,0,52
02/20/2001,MHR,CA,AWP,WE,Federal Contract Tower,18,33,34,7,92,0,28,17,0,45,18,61,51,7,137,42,22,64,201
02/21/2001,MHR,CA,AWP,WE,Federal Contract Tower,48,48,41,12,149,0,10,0,14,24,48,58,41,26,173,26,54,80,253
02/22/2001,MHR,CA,AWP,WE,Federal Contract Tower,48,42,42,10,142,0,15,67,15,97,48,57,109,25,239,54,42,96,335
02/23/2001,MHR,CA,AWP,WE,Federal Contract Tower,40,33,34,8,115,5,28,77,19,129,45,61,111,27,244,64,30,94,338
02/24/2001,MHR,CA,AWP,WE,Federal Contract Tower,20,16,17,2,55,3,3,1,0,7,23,19,18,2,62,0,0,0,62
02/25/2001,MHR,CA,AWP,WE,Federal Contract Tower,2,1,6,0,9,0,0,47,0,47,2,1,53,0,56,75,0,75,131
02/26/2001,MHR,CA,AWP,WE,Federal Contract Tower,5,20,19,4,48,0,15,34,0,49,5,35,53,4,97,43,14,57,154
02/27/2001,MHR,CA,AWP,WE,Federal Contract Tower,32,26,27,6,91,3,34,42,6,85,35,60,69,12,176,18,19,37,213
02/28/2001,MHR,CA,AWP,WE,Federal Contract Tower,33,27,28,6,94,2,36,33,4,75,35,63,61,10,169,34,34,68,237
03/01/2001,MHR,CA,AWP,WE,Federal Contract Tower,32,36,39,14,121,0,27,96,31,154,32,63,135,45,275,44,66,110,385
03/02/2001,MHR,CA,AWP,WE,Federal Contract Tower,42,48,50,19,159,0,16,54,3,73,42,64,104,22,232,4,0,4,236
03/03/2001,MHR,CA,AWP,WE,Federal Contract Tower,20,24,25,9,78,0,10,41,11,62,20,34,66,20,140,74,30,104,244
03/04/2001,MHR,CA,AWP,WE,Federal Contract Tower,2,1,4,1,8,0,0,4,2,6,2,1,8,3,14,0,4,4,18
03/05/2001,MHR,CA,AWP,WE,Federal Contract Tower,9,21,23,8,61,0,12,13,12,37,9,33,36,20,98,6,104,110,208
03/06/2001,MHR,CA,AWP,WE,Federal Contract Tower,31,29,30,9,99,1,23,35,0,59,32,52,65,9,158,26,34,60,218
03/07/2001,MHR,CA,AWP,WE,Federal Contract Tower,42,40,42,15,139,0,27,34,2,63,42,67,76,17,202,76,27,103,305
03/08/2001,MHR,CA,AWP,WE,Federal Contract Tower,33,31,33,12,109,0,17,27,4,48,33,48,60,16,157,46,18,64,221
03/09/2001,MHR,CA,AWP,WE,Federal Contract Tower,35,31,33,4,103,0,31,65,0,96,35,62,98,4,199,24,42,66,265
03/10/2001,MHR,CA,AWP,WE,Federal Contract Tower,13,12,13,4,42,6,6,47,2,61,19,18,60,6,103,30,2,32,135
03/11/2001,MHR,CA,AWP,WE,Federal Contract Tower,4,0,8,2,14,0,0,75,0,75,4,0,83,2,89,78,0,78,167
03/12/2001,MHR,CA,AWP,WE,Federal Contract Tower,8,16,18,7,49,0,26,78,2,106,8,42,96,9,155,68,15,83,238
03/13/2001,MHR,CA,AWP,WE,Federal Contract Tower,22,19,22,6,69,10,38,73,0,121,32,57,95,6,190,56,30,86,276
03/14/2001,MHR,CA,AWP,WE,Federal Contract Tower,29,26,28,11,94,13,32,46,7,98,42,58,74,18,192,30,12,42,234
03/15/2001,MHR,CA,AWP,WE,Federal Contract Tower,37,32,35,11,115,6,16,33,0,55,43,48,68,11,170,72,60,132,302
03/16/2001,MHR,CA,AWP,WE,Federal Contract Tower,29,25,26,11,91,5,38,103,18,164,34,63,129,29,255,28,26,54,309
03/17/2001,MHR,CA,AWP,WE,Federal Contract Tower,13,10,10,5,38,10,7,100,6,123,23,17,110,11,161,60,0,60,221
03/18/2001,MHR,CA,AWP,WE,Federal Contract Tower,2,2,7,0,11,0,0,65,0,65,2,2,72,0,76,62,0,62,138
03/19/2001,MHR,CA,AWP,WE,Federal Contract Tower,9,16,18,7,50,0,18,83,3,104,9,34,101,10,154,20,34,54,208
03/20/2001,MHR,CA,AWP,WE,Federal Contract Tower,32,26,29,8,95,2,29,74,0,105,34,55,103,8,200,55,19,74,274
03/21/2001,MHR,CA,AWP,WE,Federal Contract Tower,33,28,29,9,99,3,25,75,0,103,36,53,104,9,202,69,33,102,304
03/22/2001,MHR,CA,AWP,WE,Federal Contract Tower,40,34,37,14,125,3,32,93,6,134,43,66,130,20,259,80,40,120,379
03/23/2001,MHR,CA,AWP,WE,Federal Contract Tower,29,25,26,7,87,6,26,53,0,85,35,51,79,7,172,74,4,78,250
03/24/2001,MHR,CA,AWP,WE,Federal Contract Tower,21,17,19,4,61,3,2,68,0,73,24,19,87,4,134,64,0,64,198
03/25/2001,MHR,CA,AWP,WE,Federal Contract Tower,3,0,10,3,16,0,0,80,0,80,3,0,90,3,96,50,0,50,146
03/26/2001,MHR,CA,AWP,WE,Federal Contract Tower,10,14,16,5,45,0,18,77,12,107,10,32,93,17,152,42,4,46,198
03/27/2001,MHR,CA,AWP,WE,Federal Contract Tower,37,31,35,12,115,7,34,79,1,121,44,65,114,13,236,78,12,90,326
03/28/2001,MHR,CA,AWP,WE,Federal Contract Tower,32,28,30,10,100,7,21,69,0,97,39,49,99,10,197,70,27,97,294
03/29/2001,MHR,CA,AWP,WE,Federal Contract Tower,38,32,34,11,115,6,32,56,0,94,44,64,90,11,209,55,48,103,312
03/30/2001,MHR,CA,AWP,WE,Federal Contract Tower,29,25,27,10,91,0,22,106,0,128,29,47,133,10,219,28,46,74,293
03/31/2001,MHR,CA,AWP,WE,Federal Contract Tower,16,14,15,2,47,7,3,64,0,74,23,17,79,2,121,46,2,48,169
04/01/2001,MHR,CA,AWP,WE,Federal Contract Tower,2,1,8,2,13,0,0,86,1,87,2,1,94,3,100,44,0,44,144
04/02/2001,MHR,CA,AWP,WE,Federal Contract Tower,8,16,18,10,52,2,20,60,2,84,10,36,78,12,136,166,60,226,362
04/03/2001,MHR,CA,AWP,WE,Federal Contract Tower,36,28,30,14,108,2,28,98,9,137,38,56,128,23,245,305,70,375,620
04/04/2001,MHR,CA,AWP,WE,Federal Contract Tower,37,23,28,10,98,2,27,52,1,82,39,50,80,11,180,284,96,380,560
04/05/2001,MHR,CA,AWP,WE,Federal Contract Tower,35,23,14,6,78,2,24,72,10,108,37,47,86,16,186,134,10,144,330
04/06/2001,MHR,CA,AWP,WE,Federal Contract Tower,28,54,31,17,130,2,6,6,0,14,30,60,37,17,144,123,47,170,314
04/07/2001,MHR,CA,AWP,WE,Federal Contract Tower,22,12,6,1,41,2,3,24,3,32,24,15,30,4,73,8,0,8,81
04/08/2001,MHR,CA,AWP,WE,Federal Contract Tower,3,0,7,1,11,0,0,49,3,52,3,0,56,4,63,82,0,82,145
04/09/2001,MHR,CA,AWP,WE,Federal Contract Tower,12,16,10,0,38,1,24,36,2,63,13,40,46,2,101,200,2,202,303
04/10/2001,MHR,CA,AWP,WE,Federal Contract Tower,40,26,17,15,98,0,37,117,6,160,40,63,134,21,258,346,56,402,660
04/11/2001,MHR,CA,AWP,WE,Federal Contract Tower,36,49,19,15,119,0,17,61,7,85,36,66,80,22,204,356,88,444,648
04/12/2001,MHR,CA,AWP,WE,Federal Contract Tower,37,23,19,9,88,0,28,68,1,97,37,51,87,10,185,225,20,245,430
04/13/2001,MHR,CA,AWP,WE,Federal Contract Tower,30,22,42,3,97,0,32,65,2,99,30,54,107,5,196,192,7,199,395
04/14/2001,MHR,CA,AWP,WE,Federal Contract Tower,26,9,37,1,73,0,10,92,0,102,26,19,129,1,175,124,2,126,301
04/15/2001,MHR,CA,AWP,WE,Federal Contract Tower,1,0,4,0,5,0,0,32,0,32,1,0,36,0,37,22,0,22,59
04/16/2001,MHR,CA,AWP,WE,Federal Contract Tower,8,11,27,4,50,0,19,45,3,67,8,30,72,7,117,74,18,92,209
04/17/2001,MHR,CA,AWP,WE,Federal Contract Tower,39,26,36,12,113,0,35,81,5,121,39,61,117,17,234,56,20,76,310
04/18/2001,MHR,CA,AWP,WE,Federal Contract Tower,38,33,35,13,119,0,27,68,7,102,38,60,103,20,221,134,57,191,412
04/19/2001,MHR,CA,AWP,WE,Federal Contract Tower,42,35,10,15,102,0,22,55,11,88,42,57,65,26,190,113,29,142,332
04/20/2001,MHR,CA,AWP,WE,Federal Contract Tower,30,51,30,5,116,0,6,2,2,10,30,57,32,7,126,10,1,11,137
04/21/2001,MHR,CA,AWP,WE,Federal Contract Tower,23,9,32,6,70,1,8,67,4,80,24,17,99,10,150,58,9,67,217
04/22/2001,MHR,CA,AWP,WE,Federal Contract Tower,2,7,37,4,50,0,0,52,3,55,2,7,89,7,105,120,2,122,227
04/23/2001,MHR,CA,AWP,WE,Federal Contract Tower,9,15,32,7,63,0,22,91,0,113,9,37,123,7,176,126,2,128,304
04/24/2001,MHR,CA,AWP,WE,Federal Contract Tower,41,29,25,17,112,0,37,114,6,157,41,66,139,23,269,161,92,253,522
04/25/2001,MHR,CA,AWP,WE,Federal Contract Tower,39,24,46,6,115,0,22,79,4,105,39,46,125,10,220,126,40,166,386
04/26/2001,MHR,CA,AWP,WE,Federal Contract Tower,44,26,13,21,104,0,32,0,0,32,44,58,13,21,136,140,8,148,284
04/27/2001,MHR,CA,AWP,WE,Federal Contract Tower,40,16,27,7,90,0,36,46,10,92,40,52,73,17,182,92,8,100,282
04/28/2001,MHR,CA,AWP,WE,Federal Contract Tower,23,9,28,0,60,0,6,38,6,50,23,15,66,6,110,82,0,82,192
04/29/2001,MHR,CA,AWP,WE,Federal Contract Tower,4,1,9,3,17,0,0,55,2,57,4,1,64,5,74,82,0,82,156
04/30/2001,MHR,CA,AWP,WE,Federal Contract Tower,13,13,6,2,34,0,22,65,3,90,13,35,71,5,124,44,6,50,174
05/01/2001,MHR,CA,AWP,WE,Federal Contract Tower,41,28,22,12,103,0,28,81,3,112,41,56,103,15,215,58,22,80,295
05/02/2001,MHR,CA,AWP,WE,Federal Contract Tower,43,16,10,12,81,0,25,29,2,56,43,41,39,14,137,2,11,13,150
05/03/2001,MHR,CA,AWP,WE,Federal Contract Tower,45,25,35,8,113,0,21,100,4,125,45,46,135,12,238,60,25,85,323
05/04/2001,MHR,CA,AWP,WE,Federal Contract Tower,38,21,36,9,104,0,25,83,6,114,38,46,119,15,218,100,5,105,323
05/05/2001,MHR,CA,AWP,WE,Federal Contract Tower,23,5,22,3,53,0,10,63,13,86,23,15,85,16,139,152,36,188,327
05/06/2001,MHR,CA,AWP,WE,Federal Contract Tower,5,1,21,1,28,0,0,46,33,79,5,1,67,34,107,36,28,64,171
05/07/2001,MHR,CA,AWP,WE,Federal Contract Tower,7,11,30,5,53,0,20,90,2,112,7,31,120,7,165,110,46,156,321
05/08/2001,MHR,CA,AWP,WE,Federal Contract Tower,39,23,33,8,103,0,32,77,7,116,39,55,110,15,219,110,30,140,359
05/09/2001,MHR,CA,AWP,WE,Federal Contract Tower,40,25,37,15,117,0,34,106,0,140,40,59,143,15,257,145,86,231,488
05/10/2001,MHR,CA,AWP,WE,Federal Contract Tower,40,23,16,9,88,0,28,105,13,146,40,51,121,22,234,38,14,52,286
05/11/2001,MHR,CA,AWP,WE,Federal Contract Tower,31,33,3,8,75,0,29,87,5,121,31,62,90,13,196,103,16,119,315
05/12/2001,MHR,CA,AWP,WE,Federal Contract Tower,22,6,9,4,41,0,12,48,6,66,22,18,57,10,107,136,4,140,247
05/13/2001,MHR,CA,AWP,WE,Federal Contract Tower,4,0,18,1,23,0,0,49,5,54,4,0,67,6,77,55,2,57,134
05/14/2001,MHR,CA,AWP,WE,Federal Contract Tower,8,16,17,9,50,0,14,67,0,81,8,30,84,9,131,88,15,103,234
05/15/2001,MHR,CA,AWP,WE,Federal Contract Tower,42,28,37,12,119,0,21,51,20,92,42,49,88,32,211,71,76,147,358
05/16/2001,MHR,CA,AWP,WE,Federal Contract Tower,42,19,22,3,86,0,28,89,19,136,42,47,111,22,222,82,2,84,306
05/17/2001,MHR,CA,AWP,WE,Federal Contract Tower,43,20,35,12,110,0,33,125,5,163,43,53,160,17,273,138,26,164,437
05/18/2001,MHR,CA,AWP,WE,Federal Contract Tower,30,17,22,8,77,6,34,84,2,126,36,51,106,10,203,51,16,67,270
05/19/2001,MHR,CA,AWP,WE,Federal Contract Tower,28,7,6,4,45,0,9,75,11,95,28,16,81,15,140,98,10,108,248
05/20/2001,MHR,CA,AWP,WE,Federal Contract Tower,4,0,14,1,19,0,0,46,1,47,4,0,60,2,66,52,0,52,118
05/21/2001,MHR,CA,AWP,WE,Federal Contract Tower,10,15,17,4,46,0,16,53,3,72,10,31,70,7,118,82,5,87,205
05/22/2001,MHR,CA,AWP,WE,Federal Contract Tower,39,26,10,5,80,2,23,100,3,128,41,49,110,8,208,91,0,91,299
05/23/2001,MHR,CA,AWP,WE,Federal Contract Tower,40,20,29,13,102,0,20,121,22,163,40,40,150,35,265,110,72,182,447
05/24/2001,MHR,CA,AWP,WE,Federal Contract Tower,41,20,50,9,120,0,57,100,16,173,41,77,150,25,293,110,65,175,468
05/25/2001,MHR,CA,AWP,WE,Federal Contract Tower,28,16,22,6,72,8,36,92,3,139,36,52,114,9,211,38,4,42,253
05/26/2001,MHR,CA,AWP,WE,Federal Contract Tower,24,6,12,0,42,0,9,62,0,71,24,15,74,0,113,33,0,33,146
05/27/2001,MHR,CA,AWP,WE,Federal Contract Tower,3,1,17,1,22,0,1,37,0,38,3,2,54,1,60,30,4,34,94
05/28/2001,MHR,CA,AWP,WE,Federal Contract Tower,0,0,18,7,25,2,0,56,0,58,2,0,74,7,83,60,14,74,157
05/29/2001,MHR,CA,AWP,WE,Federal Contract Tower,13,23,11,0,47,0,14,103,2,119,13,37,114,2,166,74,0,74,240
05/30/2001,MHR,CA,AWP,WE,Federal Contract Tower,41,24,15,8,88,0,28,97,5,130,41,52,112,13,218,49,16,65,283
05/31/2001,MHR,CA,AWP,WE,Federal Contract Tower,36,22,20,7,85,0,28,70,3,101,36,50,90,10,186,78,40,118,304
06/01/2001,MHR,CA,AWP,WE,Federal Contract Tower,32,18,11,8,69,1,29,114,0,144,33,47,125,8,213,72,30,102,315
06/02/2001,MHR,CA,AWP,WE,Federal Contract Tower,23,6,2,11,42,1,10,67,13,91,24,16,69,24,133,50,2,52,185
06/03/2001,MHR,CA,AWP,WE,Federal Contract Tower,5,0,5,3,13,0,0,53,20,73,5,0,58,23,86,110,0,110,196
06/04/2001,MHR,CA,AWP,WE,Federal Contract Tower,10,14,24,23,71,0,18,59,3,80,10,32,83,26,151,41,43,84,235
06/05/2001,MHR,CA,AWP,WE,Federal Contract Tower,34,24,26,13,97,0,28,64,8,100,34,52,90,21,197,30,46,76,273
06/06/2001,MHR,CA,AWP,WE,Federal Contract Tower,37,25,15,32,109,0,29,58,6,93,37,54,73,38,202,51,56,107,309
06/07/2001,MHR,CA,AWP,WE,Federal Contract Tower,31,19,13,25,88,0,31,68,8,107,31,50,81,33,195,104,70,174,369
06/08/2001,MHR,CA,AWP,WE,Federal Contract Tower,30,16,12,4,62,0,31,123,16,170,30,47,135,20,232,135,96,231,463
06/09/2001,MHR,CA,AWP,WE,Federal Contract Tower,24,5,24,2,55,0,11,83,4,98,24,16,107,6,153,142,0,142,295
06/10/2001,MHR,CA,AWP,WE,Federal Contract Tower,2,0,12,0,14,0,0,48,2,50,2,0,60,2,64,58,0,58,122
06/11/2001,MHR,CA,AWP,WE,Federal Contract Tower,11,14,21,2,48,0,16,51,3,70,11,30,72,5,118,78,10,88,206
06/12/2001,MHR,CA,AWP,WE,Federal Contract Tower,36,25,28,7,96,0,28,62,0,90,36,53,90,7,186,36,38,74,260
06/13/2001,MHR,CA,AWP,WE,Federal Contract Tower,35,26,22,7,90,0,26,67,3,96,35,52,89,10,186,4,23,27,213
06/14/2001,MHR,CA,AWP,WE,Federal Contract Tower,35,24,19,16,94,0,23,78,1,102,35,47,97,17,196,116,79,195,391
06/15/2001,MHR,CA,AWP,WE,Federal Contract Tower,33,22,6,8,69,0,23,71,0,94,33,45,77,8,163,71,20,91,254
06/16/2001,MHR,CA,AWP,WE,Federal Contract Tower,21,5,18,7,51,0,9,42,0,51,21,14,60,7,102,64,26,90,192
06/17/2001,MHR,CA,AWP,WE,Federal Contract Tower,5,0,19,2,26,0,2,37,2,41,5,2,56,4,67,34,4,38,105
06/18/2001,MHR,CA,AWP,WE,Federal Contract Tower,10,10,16,4,40,0,11,65,2,78,10,21,81,6,118,64,0,64,182
06/19/2001,MHR,CA,AWP,WE,Federal Contract Tower,33,19,14,6,72,0,32,79,7,118,33,51,93,13,190,70,0,70,260
06/20/2001,MHR,CA,AWP,WE,Federal Contract Tower,37,23,13,12,85,0,29,92,3,124,37,52,105,15,209,82,19,101,310
06/21/2001,MHR,CA,AWP,WE,Federal Contract Tower,35,25,8,10,78,0,29,90,1,120,35,54,98,11,198,99,18,117,315
06/22/2001,MHR,CA,AWP,WE,Federal Contract Tower,35,17,19,3,74,0,26,96,2,124,35,43,115,5,198,90,1,91,289
06/23/2001,MHR,CA,AWP,WE,Federal Contract Tower,22,4,8,0,34,0,10,60,2,72,22,14,68,2,106,78,1,79,185
06/24/2001,MHR,CA,AWP,WE,Federal Contract Tower,2,0,16,1,19,0,0,41,3,44,2,0,57,4,63,42,2,44,107
06/25/2001,MHR,CA,AWP,WE,Federal Contract Tower,6,20,22,9,57,0,11,68,0,79,6,31,90,9,136,59,34,93,229
06/26/2001,MHR,CA,AWP,WE,Federal Contract Tower,35,27,35,7,104,0,31,44,1,76,35,58,79,8,180,10,16,26,206
06/27/2001,MHR,CA,AWP,WE,Federal Contract Tower,37,24,27,17,105,0,21,59,7,87,37,45,86,24,192,52,40,92,284
06/28/2001,MHR,CA,AWP,WE,Federal Contract Tower,34,24,29,8,95,0,29,88,12,129,34,53,117,20,224,56,36,92,316
06/29/2001,MHR,CA,AWP,WE,Federal Contract Tower,31,16,14,23,84,0,26,78,3,107,31,42,92,26,191,88,51,139,330
06/30/2001,MHR,CA,AWP,WE,Federal Contract Tower,24,4,12,0,40,2,10,61,0,73,26,14,73,0,113,106,0,106,219
07/01/2001,MHR,CA,AWP,WE,Federal Contract Tower,3,0,8,4,15,0,3,27,3,33,3,3,35,7,48,38,0,38,86
07/02/2001,MHR,CA,AWP,WE,Federal Contract Tower,8,12,5,6,31,0,21,43,5,69,8,33,48,11,100,44,32,76,176
07/03/2001,MHR,CA,AWP,WE,Federal Contract Tower,33,23,20,7,83,0,16,128,2,146,33,39,148,9,229,59,36,95,324
07/04/2001,MHR,CA,AWP,WE,Federal Contract Tower,14,4,7,3,28,7,0,44,7,58,21,4,51,10,86,40,20,60,146
07/05/2001,MHR,CA,AWP,WE,Federal Contract Tower,11,22,7,23,63,0,32,73,10,115,11,54,80,33,178,96,23,119,297
07/06/2001,MHR,CA,AWP,WE,Federal Contract Tower,33,26,23,3,85,0,25,39,12,76,33,51,62,15,161,137,18,155,316
07/07/2001,MHR,CA,AWP,WE,Federal Contract Tower,22,6,22,4,54,0,10,78,6,94,22,16,100,10,148,90,0,90,238
07/08/2001,MHR,CA,AWP,WE,Federal Contract Tower,2,0,12,1,15,0,0,36,3,39,2,0,48,4,54,103,1,104,158
07/09/2001,MHR,CA,AWP,WE,Federal Contract Tower,6,11,18,5,40,0,20,52,6,78,6,31,70,11,118,110,50,160,278
07/10/2001,MHR,CA,AWP,WE,Federal Contract Tower,33,20,24,6,83,6,47,103,17,173,39,67,127,23,256,144,90,234,490
07/11/2001,MHR,CA,AWP,WE,Federal Contract Tower,32,24,31,0,87,0,38,98,4,140,32,62,129,4,227,100,6,106,333
07/12/2001,MHR,CA,AWP,WE,Federal Contract Tower,36,32,33,15,116,0,16,70,0,86,36,48,103,15,202,48,31,79,281
07/13/2001,MHR,CA,AWP,WE,Federal Contract Tower,31,18,28,8,85,0,30,57,1,88,31,48,85,9,173,88,40,128,301
07/14/2001,MHR,CA,AWP,WE,Federal Contract Tower,27,6,10,0,43,0,12,59,2,73,27,18,69,2,116,94,0,94,210
07/15/2001,MHR,CA,AWP,WE,Federal Contract Tower,3,0,8,1,12,0,0,54,5,59,3,0,62,6,71,42,0,42,113
07/16/2001,MHR,CA,AWP,WE,Federal Contract Tower,6,15,6,1,28,0,24,77,5,106,6,39,83,6,134,50,0,50,184
07/17/2001,MHR,CA,AWP,WE,Federal Contract Tower,31,22,28,0,81,0,32,97,10,139,31,54,125,10,220,138,50,188,408
07/18/2001,MHR,CA,AWP,WE,Federal Contract Tower,37,22,10,9,78,0,26,68,15,109,37,48,78,24,187,52,52,104,291
07/19/2001,MHR,CA,AWP,WE,Federal Contract Tower,37,25,16,8,86,0,30,94,9,133,37,55,110,17,219,64,32,96,315
07/20/2001,MHR,CA,AWP,WE,Federal Contract Tower,33,22,22,1,78,0,29,87,4,120,33,51,109,5,198,106,0,106,304
07/21/2001,MHR,CA,AWP,WE,Federal Contract Tower,25,6,17,1,49,0,14,47,3,64,25,20,64,4,113,44,2,46,159
07/22/2001,MHR,CA,AWP,WE,Federal Contract Tower,3,0,15,3,21,0,3,55,12,70,3,3,70,15,91,90,1,91,182
07/23/2001,MHR,CA,AWP,WE,Federal Contract Tower,10,19,36,3,68,0,18,29,3,50,10,37,65,6,118,89,0,89,207
07/24/2001,MHR,CA,AWP,WE,Federal Contract Tower,40,19,25,7,91,0,41,105,3,149,40,60,130,10,240,114,30,144,384
07/25/2001,MHR,CA,AWP,WE,Federal Contract Tower,28,29,9,10,76,0,26,114,12,152,28,55,123,22,228,112,28,140,368
07/26/2001,MHR,CA,AWP,WE,Federal Contract Tower,38,27,18,7,90,0,28,59,3,90,38,55,77,10,180,62,28,90,270
07/27/2001,MHR,CA,AWP,WE,Federal Contract Tower,24,16,19,6,65,11,43,58,9,121,35,59,77,15,186,56,22,78,264
07/28/2001,MHR,CA,AWP,WE,Federal Contract Tower,20,13,16,5,54,3,9,64,4,80,23,22,80,9,134,68,0,68,202
07/29/2001,MHR,CA,AWP,WE,Federal Contract Tower,1,0,14,1,16,0,0,41,4,45,1,0,55,5,61,37,0,37,98
07/30/2001,MHR,CA,AWP,WE,Federal Contract Tower,8,17,15,19,59,0,14,46,0,60,8,31,61,19,119,42,37,79,198
07/31/2001,MHR,CA,AWP,WE,Federal Contract Tower,36,23,26,17,102,0,27,85,3,115,36,50,111,20,217,56,20,76,293
08/01/2001,MHR,CA,AWP,WE,Federal Contract Tower,39,20,27,15,101,0,25,81,2,108,39,45,108,17,209,106,36,142,351
08/02/2001,MHR,CA,AWP,WE,Federal Contract Tower,38,24,29,15,106,0,27,86,10,123,38,51,115,25,229,114,41,155,384
08/03/2001,MHR,CA,AWP,WE,Federal Contract Tower,33,21,25,13,92,1,32,78,0,111,34,53,103,13,203,22,64,86,289
08/04/2001,MHR,CA,AWP,WE,Federal Contract Tower,23,14,23,3,63,0,2,43,2,47,23,16,66,5,110,20,10,30,140
08/05/2001,MHR,CA,AWP,WE,Federal Contract Tower,2,1,18,5,26,0,0,73,3,76,2,1,91,8,102,18,4,22,124
08/06/2001,MHR,CA,AWP,WE,Federal Contract Tower,8,10,19,2,39,0,19,41,2,62,8,29,60,4,101,60,6,66,167
08/07/2001,MHR,CA,AWP,WE,Federal Contract Tower,37,24,12,10,83,0,29,36,0,65,37,53,48,10,148,59,21,80,228
08/08/2001,MHR,CA,AWP,WE,Federal Contract Tower,36,24,30,13,103,0,20,60,1,81,36,44,90,14,184,81,47,128,312
08/09/2001,MHR,CA,AWP,WE,Federal Contract Tower,37,20,23,21,101,0,30,54,4,88,37,50,77,25,189,62,45,107,296
08/10/2001,MHR,CA,AWP,WE,Federal Contract Tower,33,22,21,21,97,0,36,61,0,97,33,58,82,21,194,71,44,115,309
08/11/2001,MHR,CA,AWP,WE,Federal Contract Tower,24,4,15,10,53,0,12,50,0,62,24,16,65,10,115,34,27,61,176
08/12/2001,MHR,CA,AWP,WE,Federal Contract Tower,2,0,6,4,12,0,0,50,4,54,2,0,56,8,66,21,4,25,91
08/13/2001,MHR,CA,AWP,WE,Federal Contract Tower,10,15,20,6,51,0,19,80,4,103,10,34,100,10,154,80,45,125,279
08/14/2001,MHR,CA,AWP,WE,Federal Contract Tower,40,26,27,14,107,0,43,96,3,142,40,69,123,17,249,100,36,136,385
08/15/2001,MHR,CA,AWP,WE,Federal Contract Tower,36,22,20,13,91,0,28,76,2,106,36,50,96,15,197,126,36,162,359
08/16/2001,MHR,CA,AWP,WE,Federal Contract Tower,37,24,22,20,103,0,23,83,11,117,37,47,105,31,220,28,32,60,280
08/17/2001,MHR,CA,AWP,WE,Federal Contract Tower,32,22,10,9,73,0,29,104,7,140,32,51,114,16,213,56,6,62,275
08/18/2001,MHR,CA,AWP,WE,Federal Contract Tower,30,11,9,2,52,0,14,57,1,72,30,25,66,3,124,41,0,41,165
08/19/2001,MHR,CA,AWP,WE,Federal Contract Tower,3,1,10,0,14,0,0,63,7,70,3,1,73,7,84,51,0,51,135
08/20/2001,MHR,CA,AWP,WE,Federal Contract Tower,14,15,20,6,55,0,15,106,7,128,14,30,126,13,183,90,8,98,281
08/21/2001,MHR,CA,AWP,WE,Federal Contract Tower,39,21,17,10,87,0,29,91,1,121,39,50,108,11,208,66,20,86,294
08/22/2001,MHR,CA,AWP,WE,Federal Contract Tower,34,34,17,16,101,0,17,91,5,113,34,51,108,21,214,62,28,90,304
08/23/2001,MHR,CA,AWP,WE,Federal Contract Tower,32,24,18,11,85,0,25,92,12,129,32,49,110,23,214,29,16,45,259
08/24/2001,MHR,CA,AWP,WE,Federal Contract Tower,31,22,32,16,101,0,28,112,3,143,31,50,144,19,244,92,58,150,394
08/25/2001,MHR,CA,AWP,WE,Federal Contract Tower,23,7,7,2,39,0,10,120,5,135,23,17,127,7,174,67,2,69,243
08/26/2001,MHR,CA,AWP,WE,Federal Contract Tower,5,1,22,7,35,0,0,44,5,49,5,1,66,12,84,45,0,45,129
08/27/2001,MHR,CA,AWP,WE,Federal Contract Tower,6,15,12,9,42,0,16,61,17,94,6,31,73,26,136,20,1,21,157
08/28/2001,MHR,CA,AWP,WE,Federal Contract Tower,20,22,10,1,53,0,22,59,10,91,20,44,69,11,144,44,2,46,190
08/29/2001,MHR,CA,AWP,WE,Federal Contract Tower,17,21,16,13,67,0,26,75,0,101,17,47,91,13,168,27,11,38,206
08/30/2001,MHR,CA,AWP,WE,Federal Contract Tower,17,21,33,1,72,0,24,57,17,98,17,45,90,18,170,65,0,65,235
08/31/2001,MHR,CA,AWP,WE,Federal Contract Tower,13,17,33,14,77,0,26,77,0,103,13,43,110,14,180,42,42,84,264
09/01/2001,MHR,CA,AWP,WE,Federal Contract Tower,8,1,6,0,15,0,10,56,2,68,8,11,62,2,83,74,20,94,177
09/02/2001,MHR,CA,AWP,WE,Federal Contract Tower,0,0,11,0,11,0,1,32,2,35,0,1,43,2,46,42,0,42,88
09/03/2001,MHR,CA,AWP,WE,Federal Contract Tower,0,0,15,0,15,0,1,50,1,52,0,1,65,1,67,36,0,36,103
09/04/2001,MHR,CA,AWP,WE,Federal Contract Tower,11,15,18,3,47,0,20,52,0,72,11,35,70,3,119,21,2,23,142
09/05/2001,MHR,CA,AWP,WE,Federal Contract Tower,19,19,43,12,93,0,28,58,1,87,19,47,101,13,180,122,26,148,328
09/06/2001,MHR,CA,AWP,WE,Federal Contract Tower,19,21,37,9,86,0,38,73,3,114,19,59,110,12,200,73,7,80,280
09/07/2001,MHR,CA,AWP,WE,Federal Contract Tower,12,20,24,11,67,0,24,59,7,90,12,44,83,18,157,51,25,76,233
09/08/2001,MHR,CA,AWP,WE,Federal Contract Tower,9,6,6,6,27,0,7,48,6,61,9,13,54,12,88,66,19,85,173
09/09/2001,MHR,CA,AWP,WE,Federal Contract Tower,0,1,23,6,30,0,0,43,2,45,0,1,66,8,75,52,4,56,131
09/10/2001,MHR,CA,AWP,WE,Federal Contract Tower,7,14,16,3,40,0,17,64,0,81,7,31,80,3,121,78,8,86,207
09/11/2001,MHR,CA,AWP,WE,Federal Contract Tower,6,5,1,2,14,0,0,12,0,12,6,5,13,2,26,0,0,0,26
09/12/2001,MHR,CA,AWP,WE,Federal Contract Tower,0,1,4,0,5,0,0,24,2,26,0,1,28,2,31,2,0,2,33
09/13/2001,MHR,CA,AWP,WE,Federal Contract Tower,10,29,16,2,57,0,0,13,0,13,10,29,29,2,70,4,0,4,74
09/14/2001,MHR,CA,AWP,WE,Federal Contract Tower,14,27,9,5,55,0,12,21,0,33,14,39,30,5,88,0,2,2,90
09/15/2001,MHR,CA,AWP,WE,Federal Contract Tower,7,13,29,0,49,0,0,0,3,3,7,13,29,3,52,0,0,0,52
09/16/2001,MHR,CA,AWP,WE,Federal Contract Tower,0,2,19,0,21,0,0,2,4,6,0,2,21,4,27,2,0,2,29
09/17/2001,MHR,CA,AWP,WE,Federal Contract Tower,7,36,56,1,100,0,2,11,0,13,7,38,67,1,113,2,39,41,154
09/18/2001,MHR,CA,AWP,WE,Federal Contract Tower,16,45,39,8,108,0,13,26,19,58,16,58,65,27,166,0,23,23,189
09/19/2001,MHR,CA,AWP,WE,Federal Contract Tower,18,33,66,12,129,0,13,33,2,48,18,46,99,14,177,4,58,62,239
09/20/2001,MHR,CA,AWP,WE,Federal Contract Tower,16,25,34,14,89,0,29,34,0,63,16,54,68,14,152,2,46,48,200
09/21/2001,MHR,CA,AWP,WE,Federal Contract Tower,12,18,26,13,69,0,23,63,4,90,12,41,89,17,159,32,36,68,227
09/22/2001,MHR,CA,AWP,WE,Federal Contract Tower,4,8,14,1,27,3,4,24,0,31,7,12,38,1,58,78,0,78,136
09/23/2001,MHR,CA,AWP,WE,Federal Contract Tower,1,0,42,0,43,0,2,9,9,20,1,2,51,9,63,58,0,58,121
09/24/2001,MHR,CA,AWP,WE,Federal Contract Tower,7,21,35,19,82,0,6,44,1,51,7,27,79,20,133,48,69,117,250
09/25/2001,MHR,CA,AWP,WE,Federal Contract Tower,15,25,27,5,72,0,16,28,0,44,15,41,55,5,116,30,22,52,168
09/26/2001,MHR,CA,AWP,WE,Federal Contract Tower,17,29,34,10,90,0,16,84,0,100,17,45,118,10,190,70,24,94,284
09/27/2001,MHR,CA,AWP,WE,Federal Contract Tower,16,28,32,10,86,0,19,58,5,82,16,47,90,15,168,50,3,53,221
09/28/2001,MHR,CA,AWP,WE,Federal Contract Tower,12,19,19,8,58,0,24,97,5,126,12,43,116,13,184,86,10,96,280
09/29/2001,MHR,CA,AWP,WE,Federal Contract Tower,7,2,21,3,33,0,12,24,7,43,7,14,45,10,76,26,0,26,102
09/30/2001,MHR,CA,AWP,WE,Federal Contract Tower,1,9,35,2,47,0,0,29,0,29,1,9,64,2,76,50,10,60,136
10/01/2001,MHR,CA,AWP,WE,Federal Contract Tower,9,16,19,14,58,0,14,65,1,80,9,30,84,15,138,22,32,54,192
10/02/2001,MHR,CA,AWP,WE,Federal Contract Tower,17,27,29,8,81,0,20,89,5,114,17,47,118,13,195,42,34,76,271
10/03/2001,MHR,CA,AWP,WE,Federal Contract Tower,19,34,33,14,100,0,26,87,3,116,19,60,120,17,216,20,26,46,262
10/04/2001,MHR,CA,AWP,WE,Federal Contract Tower,17,31,22,9,79,0,20,110,11,141,17,51,132,20,220,90,15,105,325
10/05/2001,MHR,CA,AWP,WE,Federal Contract Tower,15,18,15,3,51,0,31,53,0,84,15,49,68,3,135,20,8,28,163
10/06/2001,MHR,CA,AWP,WE,Federal Contract Tower,7,3,18,2,30,0,7,45,0,52,7,10,63,2,82,81,0,81,163
10/07/2001,MHR,CA,AWP,WE,Federal Contract Tower,1,2,8,2,13,0,0,26,0,26,1,2,34,2,39,32,0,32,71
10/08/2001,MHR,CA,AWP,WE,Federal Contract Tower,9,16,14,0,39,0,15,39,0,54,9,31,53,0,93,106,0,106,199
10/09/2001,MHR,CA,AWP,WE,Federal Contract Tower,21,30,20,3,74,0,28,86,7,121,21,58,106,10,195,50,0,50,245
10/10/2001,MHR,CA,AWP,WE,Federal Contract Tower,18,29,30,10,87,0,29,110,2,141,18,58,140,12,228,70,10,80,308
10/11/2001,MHR,CA,AWP,WE,Federal Contract Tower,16,28,22,39,105,0,17,71,0,88,16,45,93,39,193,128,34,162,355
10/12/2001,MHR,CA,AWP,WE,Federal Contract Tower,17,20,10,9,56,0,25,64,2,91,17,45,74,11,147,70,20,90,237
10/13/2001,MHR,CA,AWP,WE,Federal Contract Tower,6,2,17,13,38,0,7,31,5,43,6,9,48,18,81,20,13,33,114
10/14/2001,MHR,CA,AWP,WE,Federal Contract Tower,3,3,10,12,28,0,0,29,4,33,3,3,39,16,61,58,12,70,131
10/15/2001,MHR,CA,AWP,WE,Federal Contract Tower,10,20,34,9,73,0,20,68,6,94,10,40,102,15,167,50,14,64,231
10/16/2001,MHR,CA,AWP,WE,Federal Contract Tower,16,28,34,2,80,0,26,82,1,109,16,54,116,3,189,36,4,40,229
10/17/2001,MHR,CA,AWP,WE,Federal Contract Tower,20,21,17,16,74,0,27,63,5,95,20,48,80,21,169,70,60,130,299
10/18/2001,MHR,CA,AWP,WE,Federal Contract Tower,17,23,30,10,80,0,20,59,1,80,17,43,89,11,160,134,10,144,304
10/19/2001,MHR,CA,AWP,WE,Federal Contract Tower,17,16,22,13,68,0,27,47,0,74,17,43,69,13,142,14,30,44,186
10/20/2001,MHR,CA,AWP,WE,Federal Contract Tower,7,4,20,2,33,0,12,40,0,52,7,16,60,2,85,46,0,46,131
10/21/2001,MHR,CA,AWP,WE,Federal Contract Tower,0,0,24,3,27,0,0,40,2,42,0,0,64,5,69,14,0,14,83
10/22/2001,MHR,CA,AWP,WE,Federal Contract Tower,10,16,34,13,73,0,11,48,8,67,10,27,82,21,140,21,26,47,187
10/23/2001,MHR,CA,AWP,WE,Federal Contract Tower,17,27,7,10,61,0,22,61,6,89,17,49,68,16,150,4,12,16,166
10/24/2001,MHR,CA,AWP,WE,Federal Contract Tower,18,26,24,8,76,0,22,66,2,90,18,48,90,10,166,90,16,106,272
10/25/2001,MHR,CA,AWP,WE,Federal Contract Tower,17,23,28,8,76,0,24,52,0,76,17,47,80,8,152,70,54,124,276
10/26/2001,MHR,CA,AWP,WE,Federal Contract Tower,14,15,15,5,49,0,28,58,2,88,14,43,73,7,137,46,30,76,213
10/27/2001,MHR,CA,AWP,WE,Federal Contract Tower,7,8,26,4,45,0,2,16,0,18,7,10,42,4,63,26,2,28,91
10/28/2001,MHR,CA,AWP,WE,Federal Contract Tower,0,1,34,0,35,0,0,30,1,31,0,1,64,1,66,70,2,72,138
10/29/2001,MHR,CA,AWP,WE,Federal Contract Tower,9,17,37,1,64,0,14,42,1,57,9,31,79,2,121,20,0,20,141
10/30/2001,MHR,CA,AWP,WE,Federal Contract Tower,14,41,36,12,103,0,8,16,1,25,14,49,52,13,128,10,13,23,151
10/31/2001,MHR,CA,AWP,WE,Federal Contract Tower,21,27,18,6,72,0,18,72,6,96,21,45,90,12,168,150,32,182,350
11/01/2001,MHR,CA,AWP,WE,Federal Contract Tower,19,27,26,14,86,1,22,81,7,111,20,49,107,21,197,68,35,103,300
11/02/2001,MHR,CA,AWP,WE,Federal Contract Tower,14,12,11,8,45,0,20,70,0,90,14,32,81,8,135,58,34,92,227
11/03/2001,MHR,CA,AWP,WE,Federal Contract Tower,6,10,18,15,49,0,9,101,21,131,6,19,119,36,180,40,0,40,220
11/04/2001,MHR,CA,AWP,WE,Federal Contract Tower,0,0,17,1,18,0,0,43,4,47,0,0,60,5,65,40,0,40,105
11/05/2001,MHR,CA,AWP,WE,Federal Contract Tower,8,18,31,15,72,1,18,49,0,68,9,36,80,15,140,65,50,115,255
11/06/2001,MHR,CA,AWP,WE,Federal Contract Tower,21,35,21,12,89,1,24,103,10,138,22,59,124,22,227,76,32,108,335
11/07/2001,MHR,CA,AWP,WE,Federal Contract Tower,21,31,20,10,82,0,14,39,13,66,21,45,59,23,148,16,24,40,188
11/08/2001,MHR,CA,AWP,WE,Federal Contract Tower,19,19,36,21,95,0,33,49,4,86,19,52,85,25,181,39,39,78,259
11/09/2001,MHR,CA,AWP,WE,Federal Contract Tower,13,20,41,8,82,0,27,34,2,63,13,47,75,10,145,136,2,138,283
11/10/2001,MHR,CA,AWP,WE,Federal Contract Tower,8,4,15,0,27,0,13,41,0,54,8,17,56,0,81,24,0,24,105
11/11/2001,MHR,CA,AWP,WE,Federal Contract Tower,2,0,15,0,17,0,1,16,0,17,2,1,31,0,34,0,0,0,34
11/12/2001,MHR,CA,AWP,WE,Federal Contract Tower,9,29,16,0,54,0,4,3,0,7,9,33,19,0,61,10,0,10,71
11/13/2001,MHR,CA,AWP,WE,Federal Contract Tower,18,42,26,16,102,0,8,27,1,36,18,50,53,17,138,5,78,83,221
11/14/2001,MHR,CA,AWP,WE,Federal Contract Tower,18,40,46,20,124,0,15,46,21,82,18,55,92,41,206,96,64,160,366
11/15/2001,MHR,CA,AWP,WE,Federal Contract Tower,20,42,44,16,122,0,0,52,4,56,20,42,96,20,178,102,14,116,294
11/16/2001,MHR,CA,AWP,WE,Federal Contract Tower,14,41,28,24,107,0,10,48,0,58,14,51,76,24,165,32,62,94,259
11/17/2001,MHR,CA,AWP,WE,Federal Contract Tower,10,17,26,4,57,0,0,34,1,35,10,17,60,5,92,10,22,32,124
11/18/2001,MHR,CA,AWP,WE,Federal Contract Tower,1,2,32,4,39,0,0,16,2,18,1,2,48,6,57,22,0,22,79
11/19/2001,MHR,CA,AWP,WE,Federal Contract Tower,9,26,23,10,68,0,3,12,2,17,9,29,35,12,85,32,2,34,119
11/20/2001,MHR,CA,AWP,WE,Federal Contract Tower,30,33,25,11,99,0,12,71,1,84,30,45,96,12,183,96,50,146,329
11/21/2001,MHR,CA,AWP,WE,Federal Contract Tower,27,45,27,13,112,0,0,7,0,7,27,45,34,13,119,22,41,63,182
11/22/2001,MHR,CA,AWP,WE,Federal Contract Tower,5,2,8,0,15,0,0,7,0,7,5,2,15,0,22,0,0,0,22
11/23/2001,MHR,CA,AWP,WE,Federal Contract Tower,9,14,22,0,45,0,2,44,2,48,9,16,66,2,93,67,0,67,160
11/24/2001,MHR,CA,AWP,WE,Federal Contract Tower,6,5,4,0,15,0,1,7,0,8,6,6,11,0,23,0,0,0,23
11/25/2001,MHR,CA,AWP,WE,Federal Contract Tower,2,0,18,0,20,0,2,15,1,18,2,2,33,1,38,28,0,28,66
11/26/2001,MHR,CA,AWP,WE,Federal Contract Tower,11,25,27,5,68,0,7,56,0,63,11,32,83,5,131,101,26,127,258
11/27/2001,MHR,CA,AWP,WE,Federal Contract Tower,29,31,30,4,94,0,25,56,2,83,29,56,86,6,177,112,28,140,317
11/28/2001,MHR,CA,AWP,WE,Federal Contract Tower,26,72,38,25,161,0,9,0,0,9,26,81,38,25,170,22,33,55,225
11/29/2001,MHR,CA,AWP,WE,Federal Contract Tower,27,63,27,7,124,0,6,16,0,22,27,69,43,7,146,58,31,89,235
11/30/2001,MHR,CA,AWP,WE,Federal Contract Tower,18,42,37,24,121,0,6,35,0,41,18,48,72,24,162,22,39,61,223
12/01/2001,MHR,CA,AWP,WE,Federal Contract Tower,6,14,8,3,31,0,1,3,1,5,6,15,11,4,36,0,6,6,42
12/02/2001,MHR,CA,AWP,WE,Federal Contract Tower,3,2,3,1,9,0,1,5,0,6,3,3,8,1,15,0,0,0,15
12/03/2001,MHR,CA,AWP,WE,Federal Contract Tower,9,17,6,3,35,0,22,28,12,62,9,39,34,15,97,39,88,127,224
12/04/2001,MHR,CA,AWP,WE,Federal Contract Tower,28,40,41,8,117,0,12,22,3,37,28,52,63,11,154,22,20,42,196
12/05/2001,MHR,CA,AWP,WE,Federal Contract Tower,30,68,41,15,154,0,2,1,0,3,30,70,42,15,157,16,35,51,208
12/06/2001,MHR,CA,AWP,WE,Federal Contract Tower,31,51,56,13,151,0,4,37,3,44,31,55,93,16,195,4,35,39,234
12/07/2001,MHR,CA,AWP,WE,Federal Contract Tower,23,33,31,15,102,0,12,49,0,61,23,45,80,15,163,20,65,85,248
12/08/2001,MHR,CA,AWP,WE,Federal Contract Tower,11,10,11,1,33,0,10,20,0,30,11,20,31,1,63,30,30,60,123
12/09/2001,MHR,CA,AWP,WE,Federal Contract Tower,8,0,16,0,24,0,0,22,0,22,8,0,38,0,46,4,0,4,50
12/10/2001,MHR,CA,AWP,WE,Federal Contract Tower,13,29,16,8,66,0,12,41,4,57,13,41,57,12,123,24,23,47,170
12/11/2001,MHR,CA,AWP,WE,Federal Contract Tower,48,32,30,2,112,0,16,48,0,64,48,48,78,2,176,50,22,72,248
12/12/2001,MHR,CA,AWP,WE,Federal Contract Tower,51,37,29,16,133,0,18,29,2,49,51,55,58,18,182,8,69,77,259
12/13/2001,MHR,CA,AWP,WE,Federal Contract Tower,53,41,47,13,154,0,13,43,19,75,53,54,90,32,229,21,43,64,293
12/14/2001,MHR,CA,AWP,WE,Federal Contract Tower,43,42,14,5,104,0,21,40,2,63,43,63,54,7,167,10,14,24,191
12/15/2001,MHR,CA,AWP,WE,Federal Contract Tower,30,6,6,0,42,0,10,34,5,49,30,16,40,5,91,30,0,30,121
12/16/2001,MHR,CA,AWP,WE,Federal Contract Tower,28,0,22,0,50,0,1,15,0,16,28,1,37,0,66,42,0,42,108
12/17/2001,MHR,CA,AWP,WE,Federal Contract Tower,38,30,27,6,101,0,2,11,0,13,38,32,38,6,114,0,22,22,136
12/18/2001,MHR,CA,AWP,WE,Federal Contract Tower,35,34,30,10,109,4,13,24,0,41,39,47,54,10,150,10,50,60,210
12/19/2001,MHR,CA,AWP,WE,Federal Contract Tower,41,47,41,2,131,0,4,14,0,18,41,51,55,2,149,4,6,10,159
12/20/2001,MHR,CA,AWP,WE,Federal Contract Tower,51,45,24,10,130,0,7,16,0,23,51,52,40,10,153,8,64,72,225
12/21/2001,MHR,CA,AWP,WE,Federal Contract Tower,45,35,15,9,104,0,14,63,5,82,45,49,78,14,186,126,10,136,322
12/22/2001,MHR,CA,AWP,WE,Federal Contract Tower,33,19,8,0,60,0,1,13,0,14,33,20,21,0,74,0,0,0,74
12/23/2001,MHR,CA,AWP,WE,Federal Contract Tower,23,4,6,0,33,0,3,26,0,29,23,7,32,0,62,14,0,14,76
12/24/2001,MHR,CA,AWP,WE,Federal Contract Tower,27,14,7,0,48,0,14,19,0,33,27,28,26,0,81,2,0,2,83
12/25/2001,MHR,CA,AWP,WE,Federal Contract Tower,1,2,1,1,5,0,0,5,0,5,1,2,6,1,10,0,0,0,10
12/26/2001,MHR,CA,AWP,WE,Federal Contract Tower,21,21,37,17,96,0,11,30,4,45,21,32,67,21,141,10,44,54,195
12/27/2001,MHR,CA,AWP,WE,Federal Contract Tower,18,27,41,4,90,0,6,29,1,36,18,33,70,5,126,0,0,0,126
12/28/2001,MHR,CA,AWP,WE,Federal Contract Tower,17,30,18,7,72,0,5,3,3,11,17,35,21,10,83,13,56,69,152
12/29/2001,MHR,CA,AWP,WE,Federal Contract Tower,6,14,19,1,40,0,0,0,0,0,6,14,19,1,40,20,0,20,60
12/30/2001,MHR,CA,AWP,WE,Federal Contract Tower,2,1,10,0,13,0,0,0,0,0,2,1,10,0,13,2,0,2,15
12/31/2001,MHR,CA,AWP,WE,Federal Contract Tower,6,14,20,6,46,0,11,19,0,30,6,25,39,6,76,26,14,40,116
01/01/2002,MHR,CA,AWP,WE,Federal Contract Tower,1,1,10,1,13,0,1,11,0,12,1,2,21,1,25,22,0,22,47
01/02/2002,MHR,CA,AWP,WE,Federal Contract Tower,13,31,30,16,90,0,0,8,0,8,13,31,38,16,98,0,2,2,100
01/03/2002,MHR,CA,AWP,WE,Federal Contract Tower,21,23,81,30,155,0,10,0,7,17,21,33,81,37,172,93,20,113,285
01/04/2002,MHR,CA,AWP,WE,Federal Contract Tower,12,35,23,4,74,0,0,12,1,13,12,35,35,5,87,4,32,36,123
01/05/2002,MHR,CA,AWP,WE,Federal Contract Tower,8,17,6,5,36,0,0,0,0,0,8,17,6,5,36,2,0,2,38
01/06/2002,MHR,CA,AWP,WE,Federal Contract Tower,1,2,15,4,22,0,0,8,0,8,1,2,23,4,30,16,0,16,46
01/07/2002,MHR,CA,AWP,WE,Federal Contract Tower,11,25,42,4,82,0,7,6,0,13,11,32,48,4,95,21,0,21,116
01/08/2002,MHR,CA,AWP,WE,Federal Contract Tower,15,44,38,27,124,0,4,21,0,25,15,48,59,27,149,58,41,99,248
01/09/2002,MHR,CA,AWP,WE,Federal Contract Tower,21,41,26,17,105,0,4,53,10,67,21,45,79,27,172,18,21,39,211
01/10/2002,MHR,CA,AWP,WE,Federal Contract Tower,20,29,21,10,80,0,13,76,12,101,20,42,97,22,181,100,36,136,317
01/11/2002,MHR,CA,AWP,WE,Federal Contract Tower,17,48,33,2,100,0,0,43,8,51,17,48,76,10,151,72,0,72,223
01/12/2002,MHR,CA,AWP,WE,Federal Contract Tower,4,17,13,0,34,0,0,0,2,2,4,17,13,2,36,20,10,30,66
01/13/2002,MHR,CA,AWP,WE,Federal Contract Tower,0,2,18,5,25,0,0,12,0,12,0,2,30,5,37,80,7,87,124
01/14/2002,MHR,CA,AWP,WE,Federal Contract Tower,12,25,29,6,72,0,6,31,0,37,12,31,60,6,109,30,15,45,154
01/15/2002,MHR,CA,AWP,WE,Federal Contract Tower,19,35,17,3,74,0,19,48,3,70,19,54,65,6,144,27,2,29,173
01/16/2002,MHR,CA,AWP,WE,Federal Contract Tower,20,42,17,25,104,0,8,54,11,73,20,50,71,36,177,48,22,70,247
01/17/2002,MHR,CA,AWP,WE,Federal Contract Tower,24,38,35,19,116,0,21,80,12,113,24,59,115,31,229,50,80,130,359
01/18/2002,MHR,CA,AWP,WE,Federal Contract Tower,14,29,15,2,60,0,23,93,3,119,14,52,108,5,179,60,25,85,264
01/19/2002,MHR,CA,AWP,WE,Federal Contract Tower,7,7,33,4,51,0,12,30,1,43,7,19,63,5,94,86,2,88,182
01/20/2002,MHR,CA,AWP,WE,Federal Contract Tower,2,2,20,2,26,0,1,23,0,24,2,3,43,2,50,6,0,6,56
01/21/2002,MHR,CA,AWP,WE,Federal Contract Tower,11,30,20,2,63,0,4,23,5,32,11,34,43,7,95,1,0,1,96
01/22/2002,MHR,CA,AWP,WE,Federal Contract Tower,19,35,24,8,86,0,19,76,9,104,19,54,100,17,190,42,36,78,268
01/23/2002,MHR,CA,AWP,WE,Federal Contract Tower,20,30,16,7,73,0,21,104,0,125,20,51,120,7,198,24,30,54,252
01/24/2002,MHR,CA,AWP,WE,Federal Contract Tower,18,27,18,20,83,0,37,94,20,151,18,64,112,40,234,66,60,126,360
01/25/2002,MHR,CA,AWP,WE,Federal Contract Tower,13,30,26,9,78,0,24,108,7,139,13,54,134,16,217,115,41,156,373
01/26/2002,MHR,CA,AWP,WE,Federal Contract Tower,7,16,15,0,38,0,2,8,4,14,7,18,23,4,52,6,26,32,84
01/27/2002,MHR,CA,AWP,WE,Federal Contract Tower,0,4,18,1,23,0,0,49,0,49,0,4,67,1,72,14,0,14,86
01/28/2002,MHR,CA,AWP,WE,Federal Contract Tower,9,26,36,7,78,0,7,1,0,8,9,33,37,7,86,36,6,42,128
01/29/2002,MHR,CA,AWP,WE,Federal Contract Tower,19,42,33,14,108,0,14,58,3,75,19,56,91,17,183,15,6,21,204
01/30/2002,MHR,CA,AWP,WE,Federal Contract Tower,19,38,26,16,99,0,18,92,12,122,19,56,118,28,221,26,37,63,284
01/31/2002,MHR,CA,AWP,WE,Federal Contract Tower,19,38,18,25,100,0,25,133,8,166,19,63,151,33,266,88,46,134,400
02/01/2002,MHR,CA,AWP,WE,Federal Contract Tower,13,39,12,17,81,0,26,109,5,140,13,65,121,22,221,136,74,210,431
02/02/2002,MHR,CA,AWP,WE,Federal Contract Tower,6,9,12,0,27,1,8,48,6,63,7,17,60,6,90,37,1,38,128
02/03/2002,MHR,CA,AWP,WE,Federal Contract Tower,1,0,21,1,23,0,0,43,1,44,1,0,64,2,67,37,0,37,104
02/04/2002,MHR,CA,AWP,WE,Federal Contract Tower,12,23,31,5,71,0,16,27,0,43,12,39,58,5,114,54,16,70,184
02/05/2002,MHR,CA,AWP,WE,Federal Contract Tower,19,31,22,10,82,0,21,110,0,131,19,52,132,10,213,26,50,76,289
02/06/2002,MHR,CA,AWP,WE,Federal Contract Tower,19,37,33,5,94,0,18,51,1,70,19,55,84,6,164,63,21,84,248
02/07/2002,MHR,CA,AWP,WE,Federal Contract Tower,18,50,35,15,118,0,3,21,0,24,18,53,56,15,142,7,76,83,225
02/08/2002,MHR,CA,AWP,WE,Federal Contract Tower,11,22,17,20,70,0,15,54,3,72,11,37,71,23,142,3,12,15,157
02/09/2002,MHR,CA,AWP,WE,Federal Contract Tower,7,2,8,5,22,0,11,73,13,97,7,13,81,18,119,42,6,48,167
02/10/2002,MHR,CA,AWP,WE,Federal Contract Tower,2,4,11,5,22,0,0,29,6,35,2,4,40,11,57,15,2,17,74
02/11/2002,MHR,CA,AWP,WE,Federal Contract Tower,10,16,35,5,66,0,14,76,6,96,10,30,111,11,162,28,8,36,198
02/12/2002,MHR,CA,AWP,WE,Federal Contract Tower,17,33,9,15,74,0,17,101,0,118,17,50,110,15,192,76,94,170,362
02/13/2002,MHR,CA,AWP,WE,Federal Contract Tower,18,40,48,12,118,0,6,43,7,56,18,46,91,19,174,37,78,115,289
02/14/2002,MHR,CA,AWP,WE,Federal Contract Tower,19,39,31,8,97,0,18,68,13,99,19,57,99,21,196,22,22,44,240
02/15/2002,MHR,CA,AWP,WE,Federal Contract Tower,14,39,44,8,105,0,8,45,0,53,14,47,89,8,158,37,18,55,213
02/16/2002,MHR,CA,AWP,WE,Federal Contract Tower,6,9,11,0,26,0,3,39,1,43,6,12,50,1,69,10,1,11,80
02/17/2002,MHR,CA,AWP,WE,Federal Contract Tower,1,6,10,0,17,0,0,29,1,30,1,6,39,1,47,0,0,0,47
02/18/2002,MHR,CA,AWP,WE,Federal Contract Tower,10,11,18,1,40,0,4,37,1,42,10,15,55,2,82,34,0,34,116
02/19/2002,MHR,CA,AWP,WE,Federal Contract Tower,19,47,44,13,123,0,2,10,0,12,19,49,54,13,135,0,1,1,136
02/20/2002,MHR,CA,AWP,WE,Federal Contract Tower,21,46,33,10,110,0,17,77,0,94,21,63,110,10,204,70,64,134,338
02/21/2002,MHR,CA,AWP,WE,Federal Contract Tower,16,39,27,13,95,0,28,112,13,153,16,67,139,26,248,90,63,153,401
02/22/2002,MHR,CA,AWP,WE,Federal Contract Tower,16,37,27,5,85,0,18,113,0,131,16,55,140,5,216,81,42,123,339
02/23/2002,MHR,CA,AWP,WE,Federal Contract Tower,7,11,31,2,51,0,5,54,0,59,7,16,85,2,110,68,0,68,178
02/24/2002,MHR,CA,AWP,WE,Federal Contract Tower,2,5,33,0,40,0,1,65,0,66,2,6,98,0,106,60,0,60,166
02/25/2002,MHR,CA,AWP,WE,Federal Contract Tower,10,15,27,11,63,0,19,98,8,125,10,34,125,19,188,202,59,261,449
02/26/2002,MHR,CA,AWP,WE,Federal Contract Tower,20,28,19,11,78,0,25,85,0,110,20,53,104,11,188,38,24,62,250
02/27/2002,MHR,CA,AWP,WE,Federal Contract Tower,17,30,37,22,106,0,25,103,1,129,17,55,140,23,235,100,90,190,425
02/28/2002,MHR,CA,AWP,WE,Federal Contract Tower,21,35,16,15,87,0,24,78,0,102,21,59,94,15,189,94,56,150,339
03/01/2002,MHR,CA,AWP,WE,Federal Contract Tower,13,23,5,5,46,0,21,59,0,80,13,44,64,5,126,13,23,36,162
03/02/2002,MHR,CA,AWP,WE,Federal Contract Tower,6,3,11,7,27,0,12,73,3,88,6,15,84,10,115,39,21,60,175
03/03/2002,MHR,CA,AWP,WE,Federal Contract Tower,3,0,19,8,30,0,0,52,11,63,3,0,71,19,93,8,2,10,103
03/04/2002,MHR,CA,AWP,WE,Federal Contract Tower,10,22,18,13,63,0,16,76,5,97,10,38,94,18,160,120,44,164,324
03/05/2002,MHR,CA,AWP,WE,Federal Contract Tower,18,38,49,14,119,0,17,73,0,90,18,55,122,14,209,122,86,208,417
03/06/2002,MHR,CA,AWP,WE,Federal Contract Tower,22,53,28,4,107,0,5,16,5,26,22,58,44,9,133,46,28,74,207
03/07/2002,MHR,CA,AWP,WE,Federal Contract Tower,21,35,29,12,97,0,20,14,0,34,21,55,43,12,131,42,12,54,185
03/08/2002,MHR,CA,AWP,WE,Federal Contract Tower,14,16,19,8,57,0,24,82,0,106,14,40,101,8,163,102,68,170,333
03/09/2002,MHR,CA,AWP,WE,Federal Contract Tower,8,5,7,1,21,0,8,41,4,53,8,13,48,5,74,12,1,13,87
03/10/2002,MHR,CA,AWP,WE,Federal Contract Tower,1,1,10,0,12,0,0,28,0,28,1,1,38,0,40,64,0,64,104
03/11/2002,MHR,CA,AWP,WE,Federal Contract Tower,9,23,25,5,62,1,18,55,1,75,10,41,80,6,137,63,31,94,231
03/12/2002,MHR,CA,AWP,WE,Federal Contract Tower,18,35,23,6,82,0,23,65,0,88,18,58,88,6,170,104,78,182,352
03/13/2002,MHR,CA,AWP,WE,Federal Contract Tower,18,30,18,11,77,0,24,109,9,142,18,54,127,20,219,215,30,245,464
03/14/2002,MHR,CA,AWP,WE,Federal Contract Tower,24,29,21,10,84,0,24,89,10,123,24,53,110,20,207,120,30,150,357
03/15/2002,MHR,CA,AWP,WE,Federal Contract Tower,11,28,18,5,62,0,20,82,12,114,11,48,100,17,176,76,10,86,262
03/16/2002,MHR,CA,AWP,WE,Federal Contract Tower,6,13,11,2,32,0,3,25,2,30,6,16,36,4,62,43,0,43,105
03/17/2002,MHR,CA,AWP,WE,Federal Contract Tower,1,4,12,0,17,0,1,44,0,45,1,5,56,0,62,20,0,20,82
03/18/2002,MHR,CA,AWP,WE,Federal Contract Tower,9,16,14,6,45,0,19,64,12,95,9,35,78,18,140,32,52,84,224
03/19/2002,MHR,CA,AWP,WE,Federal Contract Tower,20,30,12,15,77,0,27,85,3,115,20,57,97,18,192,46,34,80,272
03/20/2002,MHR,CA,AWP,WE,Federal Contract Tower,21,34,30,8,93,0,29,164,12,205,21,63,194,20,298,210,80,290,588
03/21/2002,MHR,CA,AWP,WE,Federal Contract Tower,21,32,30,8,91,0,21,150,14,185,21,53,180,22,276,190,70,260,536
03/22/2002,MHR,CA,AWP,WE,Federal Contract Tower,13,39,45,5,102,0,8,34,0,42,13,47,79,5,144,50,35,85,229
03/23/2002,MHR,CA,AWP,WE,Federal Contract Tower,8,13,16,2,39,0,0,30,9,39,8,13,46,11,78,26,2,28,106
03/24/2002,MHR,CA,AWP,WE,Federal Contract Tower,0,3,15,2,20,0,1,29,1,31,0,4,44,3,51,32,0,32,83
03/25/2002,MHR,CA,AWP,WE,Federal Contract Tower,10,16,19,11,56,0,8,78,1,87,10,24,97,12,143,48,9,57,200
03/26/2002,MHR,CA,AWP,WE,Federal Contract Tower,19,33,26,9,87,0,18,75,3,96,19,51,101,12,183,44,21,65,248
03/27/2002,MHR,CA,AWP,WE,Federal Contract Tower,19,28,38,5,90,0,17,77,5,99,19,45,115,10,189,108,30,138,327
03/28/2002,MHR,CA,AWP,WE,Federal Contract Tower,23,28,50,11,112,0,27,137,2,166,23,55,187,13,278,253,18,271,549
03/29/2002,MHR,CA,AWP,WE,Federal Contract Tower,15,23,17,4,59,0,21,127,1,149,15,44,144,5,208,96,14,110,318
03/30/2002,MHR,CA,AWP,WE,Federal Contract Tower,8,5,9,0,22,0,9,76,1,86,8,14,85,1,108,57,0,57,165
03/31/2002,MHR,CA,AWP,WE,Federal Contract Tower,1,0,17,1,19,0,1,64,0,65,1,1,81,1,84,28,0,28,112
04/01/2002,MHR,CA,AWP,WE,Federal Contract Tower,7,21,20,12,60,0,9,79,3,91,7,30,99,15,151,148,75,223,374
04/02/2002,MHR,CA,AWP,WE,Federal Contract Tower,19,23,23,9,74,0,24,73,0,97,19,47,96,9,171,232,87,319,490
04/03/2002,MHR,CA,AWP,WE,Federal Contract Tower,20,30,26,15,91,0,25,140,11,176,20,55,166,26,267,342,116,458,725
04/04/2002,MHR,CA,AWP,WE,Federal Contract Tower,21,43,58,15,137,0,9,42,0,51,21,52,100,15,188,416,48,464,652
04/05/2002,MHR,CA,AWP,WE,Federal Contract Tower,12,35,34,16,97,0,5,82,5,92,12,40,116,21,189,187,50,237,426
04/06/2002,MHR,CA,AWP,WE,Federal Contract Tower,8,8,10,8,34,0,11,81,27,119,8,19,91,35,153,36,28,64,217
04/07/2002,MHR,CA,AWP,WE,Federal Contract Tower,1,1,30,15,47,0,1,43,7,51,1,2,73,22,98,38,8,46,144
04/08/2002,MHR,CA,AWP,WE,Federal Contract Tower,8,12,42,5,67,0,4,93,11,108,8,16,135,16,175,149,26,175,350
04/09/2002,MHR,CA,AWP,WE,Federal Contract Tower,18,39,23,19,99,0,13,37,0,50,18,52,60,19,149,228,56,284,433
04/10/2002,MHR,CA,AWP,WE,Federal Contract Tower,18,30,27,20,95,0,14,83,0,97,18,44,110,20,192,322,80,402,594
04/11/2002,MHR,CA,AWP,WE,Federal Contract Tower,19,29,24,27,99,0,12,76,9,97,19,41,100,36,196,277,68,345,541
04/12/2002,MHR,CA,AWP,WE,Federal Contract Tower,13,25,46,2,86,0,11,117,4,132,13,36,163,6,218,145,6,151,369
04/13/2002,MHR,CA,AWP,WE,Federal Contract Tower,9,6,22,2,39,0,8,50,0,58,9,14,72,2,97,44,0,44,141
04/14/2002,MHR,CA,AWP,WE,Federal Contract Tower,1,2,17,5,25,0,1,61,0,62,1,3,78,5,87,44,0,44,131
04/15/2002,MHR,CA,AWP,WE,Federal Contract Tower,9,23,28,1,61,0,4,43,3,50,9,27,71,4,111,67,15,82,193
04/16/2002,MHR,CA,AWP,WE,Federal Contract Tower,19,34,24,12,89,0,20,62,0,82,19,54,86,12,171,78,62,140,311
04/17/2002,MHR,CA,AWP,WE,Federal Contract Tower,16,37,14,6,73,0,20,93,94,207,16,57,107,100,280,150,36,186,466
04/18/2002,MHR,CA,AWP,WE,Federal Contract Tower,19,38,27,12,96,0,16,101,9,126,19,54,128,21,222,198,98,296,518
04/19/2002,MHR,CA,AWP,WE,Federal Contract Tower,11,22,31,11,75,0,33,86,14,133,11,55,117,25,208,94,33,127,335
04/20/2002,MHR,CA,AWP,WE,Federal Contract Tower,9,7,9,4,29,0,8,51,16,75,9,15,60,20,104,25,17,42,146
04/21/2002,MHR,CA,AWP,WE,Federal Contract Tower,0,1,22,0,23,1,0,63,3,67,1,1,85,3,90,40,0,40,130
04/22/2002,MHR,CA,AWP,WE,Federal Contract Tower,8,22,27,3,60,0,15,95,2,112,8,37,122,5,172,98,11,109,281
04/23/2002,MHR,CA,AWP,WE,Federal Contract Tower,19,31,12,6,68,0,26,75,5,106,19,57,87,11,174,32,17,49,223
04/24/2002,MHR,CA,AWP,WE,Federal Contract Tower,16,21,22,5,64,0,36,108,5,149,16,57,130,10,213,70,30,100,313
04/25/2002,MHR,CA,AWP,WE,Federal Contract Tower,17,29,29,5,80,0,22,74,18,114,17,51,103,23,194,78,38,116,310
04/26/2002,MHR,CA,AWP,WE,Federal Contract Tower,13,39,35,10,97,0,4,38,6,48,13,43,73,16,145,21,4,25,170
04/27/2002,MHR,CA,AWP,WE,Federal Contract Tower,8,9,24,0,41,0,4,21,3,28,8,13,45,3,69,10,0,10,79
04/28/2002,MHR,CA,AWP,WE,Federal Contract Tower,0,5,53,0,58,0,0,45,0,45,0,5,98,0,103,29,0,29,132
04/29/2002,MHR,CA,AWP,WE,Federal Contract Tower,10,33,26,1,70,0,5,42,14,61,10,38,68,15,131,34,74,108,239
04/30/2002,MHR,CA,AWP,WE,Federal Contract Tower,18,36,28,10,92,0,29,40,2,71,18,65,68,12,163,108,40,148,311
05/01/2002,MHR,CA,AWP,WE,Federal Contract Tower,18,44,22,7,91,0,12,76,0,88,18,56,98,7,179,58,38,96,275
05/02/2002,MHR,CA,AWP,WE,Federal Contract Tower,17,31,29,8,85,0,33,71,2,106,17,64,100,10,191,30,16,46,237
05/03/2002,MHR,CA,AWP,WE,Federal Contract Tower,13,33,6,7,59,0,10,90,3,103,13,43,96,10,162,40,10,50,212
05/04/2002,MHR,CA,AWP,WE,Federal Contract Tower,7,1,5,1,14,1,17,47,3,68,8,18,52,4,82,68,0,68,150
05/05/2002,MHR,CA,AWP,WE,Federal Contract Tower,2,1,8,4,15,0,1,63,2,66,2,2,71,6,81,88,14,102,183
05/06/2002,MHR,CA,AWP,WE,Federal Contract Tower,11,23,11,9,54,0,14,91,5,110,11,37,102,14,164,44,42,86,250
05/07/2002,MHR,CA,AWP,WE,Federal Contract Tower,20,29,24,15,88,0,36,105,0,141,20,65,129,15,229,24,50,74,303
05/08/2002,MHR,CA,AWP,WE,Federal Contract Tower,21,29,6,9,65,0,29,98,1,128,21,58,104,10,193,32,18,50,243
05/09/2002,MHR,CA,AWP,WE,Federal Contract Tower,21,21,26,7,75,0,33,84,7,124,21,54,110,14,199,40,66,106,305
05/10/2002,MHR,CA,AWP,WE,Federal Contract Tower,14,30,21,3,68,0,27,47,0,74,14,57,68,3,142,102,24,126,268
05/11/2002,MHR,CA,AWP,WE,Federal Contract Tower,6,3,5,1,15,0,11,45,0,56,6,14,50,1,71,16,0,16,87
05/12/2002,MHR,CA,AWP,WE,Federal Contract Tower,0,5,40,0,45,0,0,35,0,35,0,5,75,0,80,32,0,32,112
05/13/2002,MHR,CA,AWP,WE,Federal Contract Tower,11,20,33,13,77,0,17,71,3,91,11,37,104,16,168,39,12,51,219
05/14/2002,MHR,CA,AWP,WE,Federal Contract Tower,18,29,36,15,98,0,31,103,4,138,18,60,139,19,236,36,46,82,318
05/15/2002,MHR,CA,AWP,WE,Federal Contract Tower,19,32,24,7,82,0,23,80,9,112,19,55,104,16,194,134,34,168,362
05/16/2002,MHR,CA,AWP,WE,Federal Contract Tower,21,29,37,4,91,0,27,133,20,180,21,56,170,24,271,90,50,140,411
05/17/2002,MHR,CA,AWP,WE,Federal Contract Tower,13,28,12,2,55,0,24,80,5,109,13,52,92,7,164,124,28,152,316
05/18/2002,MHR,CA,AWP,WE,Federal Contract Tower,8,10,6,2,26,0,12,44,5,61,8,22,50,7,87,94,10,104,191
05/19/2002,MHR,CA,AWP,WE,Federal Contract Tower,0,4,41,3,48,0,4,29,1,34,0,8,70,4,82,27,22,49,131
05/20/2002,MHR,CA,AWP,WE,Federal Contract Tower,11,43,19,2,75,0,11,16,0,27,11,54,35,2,102,88,0,88,190
05/21/2002,MHR,CA,AWP,WE,Federal Contract Tower,19,46,13,34,112,0,13,55,1,69,19,59,68,35,181,76,88,164,345
05/22/2002,MHR,CA,AWP,WE,Federal Contract Tower,14,33,37,23,107,0,19,95,8,122,14,52,132,31,229,120,28,148,377
05/23/2002,MHR,CA,AWP,WE,Federal Contract Tower,15,29,30,10,84,2,27,110,13,152,17,56,140,23,236,80,70,150,386
05/24/2002,MHR,CA,AWP,WE,Federal Contract Tower,12,25,17,0,54,0,22,145,1,168,12,47,162,1,222,118,6,124,346
05/25/2002,MHR,CA,AWP,WE,Federal Contract Tower,7,1,15,0,23,0,9,16,0,25,7,10,31,0,48,42,0,42,90
05/26/2002,MHR,CA,AWP,WE,Federal Contract Tower,0,1,55,0,56,0,3,20,1,24,0,4,75,1,80,92,0,92,172
05/27/2002,MHR,CA,AWP,WE,Federal Contract Tower,2,2,23,0,27,0,2,63,2,67,2,4,86,2,94,32,0,32,126
05/28/2002,MHR,CA,AWP,WE,Federal Contract Tower,12,28,31,16,87,0,11,71,9,91,12,39,102,25,178,124,26,150,328
05/29/2002,MHR,CA,AWP,WE,Federal Contract Tower,18,27,44,10,99,0,40,74,10,124,18,67,118,20,223,96,40,136,359
05/30/2002,MHR,CA,AWP,WE,Federal Contract Tower,20,32,32,10,94,0,25,62,8,95,20,57,94,18,189,70,33,103,292
05/31/2002,MHR,CA,AWP,WE,Federal Contract Tower,16,29,23,5,73,0,33,84,1,118,16,62,107,6,191,130,14,144,335
06/01/2002,MHR,CA,AWP,WE,Federal Contract Tower,7,5,11,2,25,1,9,59,9,78,8,14,70,11,103,38,6,44,147
06/02/2002,MHR,CA,AWP,WE,Federal Contract Tower,1,2,33,6,42,0,2,38,7,47,1,4,71,13,89,50,3,53,142
06/03/2002,MHR,CA,AWP,WE,Federal Contract Tower,8,16,12,3,39,1,30,88,24,143,9,46,100,27,182,144,52,196,378
06/04/2002,MHR,CA,AWP,WE,Federal Contract Tower,17,39,24,8,88,0,22,90,9,121,17,61,114,17,209,96,14,110,319
06/05/2002,MHR,CA,AWP,WE,Federal Contract Tower,20,33,21,12,86,0,25,113,6,144,20,58,134,18,230,102,140,242,472
06/06/2002,MHR,CA,AWP,WE,Federal Contract Tower,16,35,26,8,85,2,20,71,20,113,18,55,97,28,198,144,60,204,402
06/07/2002,MHR,CA,AWP,WE,Federal Contract Tower,11,26,19,6,62,2,36,70,18,126,13,62,89,24,188,102,0,102,290
06/08/2002,MHR,CA,AWP,WE,Federal Contract Tower,5,5,7,0,17,1,9,25,14,49,6,14,32,14,66,54,6,60,126
06/09/2002,MHR,CA,AWP,WE,Federal Contract Tower,1,1,4,0,6,0,0,41,16,57,1,1,45,16,63,21,0,21,84
06/10/2002,MHR,CA,AWP,WE,Federal Contract Tower,11,26,18,7,62,0,11,64,11,86,11,37,82,18,148,16,10,26,174
06/11/2002,MHR,CA,AWP,WE,Federal Contract Tower,20,39,9,7,75,0,18,80,4,102,20,57,89,11,177,110,33,143,320
06/12/2002,MHR,CA,AWP,WE,Federal Contract Tower,17,30,32,10,89,0,18,72,8,98,17,48,104,18,187,72,22,94,281
06/13/2002,MHR,CA,AWP,WE,Federal Contract Tower,19,39,18,5,81,0,19,91,0,110,19,58,109,5,191,69,27,96,287
06/14/2002,MHR,CA,AWP,WE,Federal Contract Tower,13,29,23,10,75,0,21,129,3,153,13,50,152,13,228,146,13,159,387
06/15/2002,MHR,CA,AWP,WE,Federal Contract Tower,7,2,13,0,22,0,11,68,0,79,7,13,81,0,101,24,0,24,125
06/16/2002,MHR,CA,AWP,WE,Federal Contract Tower,1,0,17,0,18,0,4,52,0,56,1,4,69,0,74,12,0,12,86
06/17/2002,MHR,CA,AWP,WE,Federal Contract Tower,9,24,26,10,69,0,16,57,1,74,9,40,83,11,143,44,28,72,215
06/18/2002,MHR,CA,AWP,WE,Federal Contract Tower,17,37,15,6,75,0,13,70,0,83,17,50,85,6,158,68,42,110,268
06/19/2002,MHR,CA,AWP,WE,Federal Contract Tower,16,31,24,9,80,0,17,105,8,130,16,48,129,17,210,133,12,145,355
06/20/2002,MHR,CA,AWP,WE,Federal Contract Tower,20,31,13,5,69,0,26,73,11,110,20,57,86,16,179,21,20,41,220
06/21/2002,MHR,CA,AWP,WE,Federal Contract Tower,12,24,20,4,60,0,22,77,4,103,12,46,97,8,163,41,9,50,213
06/22/2002,MHR,CA,AWP,WE,Federal Contract Tower,6,11,14,0,31,0,0,65,0,65,6,11,79,0,96,40,0,40,136
06/23/2002,MHR,CA,AWP,WE,Federal Contract Tower,0,0,23,2,25,0,0,58,0,58,0,0,81,2,83,24,0,24,107
06/24/2002,MHR,CA,AWP,WE,Federal Contract Tower,9,32,26,8,75,0,16,53,16,85,9,48,79,24,160,34,16,50,210
06/25/2002,MHR,CA,AWP,WE,Federal Contract Tower,14,29,19,7,69,0,21,54,5,80,14,50,73,12,149,26,14,40,189
06/26/2002,MHR,CA,AWP,WE,Federal Contract Tower,19,32,11,2,64,0,22,66,7,95,19,54,77,9,159,48,10,58,217
06/27/2002,MHR,CA,AWP,WE,Federal Contract Tower,19,34,15,12,80,0,30,101,9,140,19,64,116,21,220,108,2,110,330
06/28/2002,MHR,CA,AWP,WE,Federal Contract Tower,13,28,7,13,61,0,24,63,0,87,13,52,70,13,148,66,40,106,254
06/29/2002,MHR,CA,AWP,WE,Federal Contract Tower,8,4,28,0,40,0,13,35,4,52,8,17,63,4,92,56,0,56,148
06/30/2002,MHR,CA,AWP,WE,Federal Contract Tower,0,2,6,0,8,0,5,65,0,70,0,7,71,0,78,56,0,56,134
07/01/2002,MHR,CA,AWP,WE,Federal Contract Tower,10,27,9,7,53,1,28,142,2,173,11,55,151,9,226,106,30,136,362
07/02/2002,MHR,CA,AWP,WE,Federal Contract Tower,18,31,14,4,67,1,28,91,0,120,19,59,105,4,187,94,26,120,307
07/03/2002,MHR,CA,AWP,WE,Federal Contract Tower,20,38,5,3,66,1,29,95,8,133,21,67,100,11,199,26,20,46,245
07/04/2002,MHR,CA,AWP,WE,Federal Contract Tower,3,3,2,1,9,1,0,78,0,79,4,3,80,1,88,23,0,23,111
07/05/2002,MHR,CA,AWP,WE,Federal Contract Tower,8,9,7,1,25,1,24,113,0,138,9,33,120,1,163,10,0,10,173
07/06/2002,MHR,CA,AWP,WE,Federal Contract Tower,6,0,16,0,22,0,3,114,0,117,6,3,130,0,139,38,0,38,177
07/07/2002,MHR,CA,AWP,WE,Federal Contract Tower,2,1,10,2,15,0,1,54,0,55,2,2,64,2,70,14,0,14,84
07/08/2002,MHR,CA,AWP,WE,Federal Contract Tower,13,35,12,8,68,0,13,81,8,102,13,48,93,16,170,80,36,116,286
07/09/2002,MHR,CA,AWP,WE,Federal Contract Tower,21,33,11,12,77,0,31,62,0,93,21,64,73,12,170,44,56,100,270
07/10/2002,MHR,CA,AWP,WE,Federal Contract Tower,23,25,17,2,67,0,46,132,7,185,23,71,149,9,252,47,8,55,307
07/11/2002,MHR,CA,AWP,WE,Federal Contract Tower,20,42,40,9,111,0,31,81,7,119,20,73,121,16,230,25,32,57,287
07/12/2002,MHR,CA,AWP,WE,Federal Contract Tower,16,22,26,10,74,0,34,97,10,141,16,56,123,20,215,70,30,100,315
07/13/2002,MHR,CA,AWP,WE,Federal Contract Tower,8,5,6,2,21,0,10,84,21,115,8,15,90,23,136,12,0,12,148
07/14/2002,MHR,CA,AWP,WE,Federal Contract Tower,0,0,7,2,9,0,2,55,12,69,0,2,62,14,78,34,0,34,112
07/15/2002,MHR,CA,AWP,WE,Federal Contract Tower,10,20,12,7,49,0,14,80,13,107,10,34,92,20,156,45,48,93,249
07/16/2002,MHR,CA,AWP,WE,Federal Contract Tower,20,30,34,5,89,0,27,66,10,103,20,57,100,15,192,14,22,36,228
07/17/2002,MHR,CA,AWP,WE,Federal Contract Tower,20,32,25,11,88,0,30,133,23,186,20,62,158,34,274,150,72,222,496
07/18/2002,MHR,CA,AWP,WE,Federal Contract Tower,20,41,13,18,92,0,21,119,7,147,20,62,132,25,239,55,29,84,323
07/19/2002,MHR,CA,AWP,WE,Federal Contract Tower,15,30,7,1,53,0,37,110,16,163,15,67,117,17,216,74,34,108,324
07/20/2002,MHR,CA,AWP,WE,Federal Contract Tower,8,6,16,1,31,0,13,41,1,55,8,19,57,2,86,50,0,50,136
07/21/2002,MHR,CA,AWP,WE,Federal Contract Tower,0,7,13,0,20,0,1,79,1,81,0,8,92,1,101,28,0,28,129
07/22/2002,MHR,CA,AWP,WE,Federal Contract Tower,10,21,17,6,54,0,15,68,8,91,10,36,85,14,145,76,28,104,249
07/23/2002,MHR,CA,AWP,WE,Federal Contract Tower,25,23,16,13,77,0,52,70,11,133,25,75,86,24,210,44,64,108,318
07/24/2002,MHR,CA,AWP,WE,Federal Contract Tower,19,28,13,11,71,0,28,130,10,168,19,56,143,21,239,6,104,110,349
07/25/2002,MHR,CA,AWP,WE,Federal Contract Tower,20,33,16,5,74,0,24,71,6,101,20,57,87,11,175,8,14,22,197
07/26/2002,MHR,CA,AWP,WE,Federal Contract Tower,14,29,22,4,69,0,31,66,16,113,14,60,88,20,182,120,10,130,312
07/27/2002,MHR,CA,AWP,WE,Federal Contract Tower,7,15,10,4,36,0,6,86,0,92,7,21,96,4,128,56,0,56,184
07/28/2002,MHR,CA,AWP,WE,Federal Contract Tower,1,9,6,1,17,0,1,50,0,51,1,10,56,1,68,74,0,74,142
07/29/2002,MHR,CA,AWP,WE,Federal Contract Tower,10,23,37,17,87,0,21,51,3,75,10,44,88,20,162,94,42,136,298
07/30/2002,MHR,CA,AWP,WE,Federal Contract Tower,19,29,24,19,91,0,24,90,7,121,19,53,114,26,212,58,39,97,309
07/31/2002,MHR,CA,AWP,WE,Federal Contract Tower,21,27,25,12,85,0,15,109,22,146,21,42,134,34,231,36,46,82,313
08/01/2002,MHR,CA,AWP,WE,Federal Contract Tower,25,34,26,15,100,0,28,78,14,120,25,62,104,29,220,62,70,132,352
08/02/2002,MHR,CA,AWP,WE,Federal Contract Tower,16,43,54,10,123,0,11,76,8,95,16,54,130,18,218,72,50,122,340
08/03/2002,MHR,CA,AWP,WE,Federal Contract Tower,8,17,19,6,50,0,5,30,11,46,8,22,49,17,96,68,32,100,196
08/04/2002,MHR,CA,AWP,WE,Federal Contract Tower,0,2,14,1,17,0,0,57,18,75,0,2,71,19,92,26,0,26,118
08/05/2002,MHR,CA,AWP,WE,Federal Contract Tower,11,22,18,6,57,0,9,61,14,84,11,31,79,20,141,56,17,73,214
08/06/2002,MHR,CA,AWP,WE,Federal Contract Tower,23,34,11,10,78,0,26,66,14,106,23,60,77,24,184,25,16,41,225
08/07/2002,MHR,CA,AWP,WE,Federal Contract Tower,20,32,19,5,76,0,16,108,11,135,20,48,127,16,211,32,28,60,271
08/08/2002,MHR,CA,AWP,WE,Federal Contract Tower,21,34,20,21,96,0,27,75,19,121,21,61,95,40,217,52,18,70,287
08/09/2002,MHR,CA,AWP,WE,Federal Contract Tower,16,28,15,21,80,0,32,83,14,129,16,60,98,35,209,74,29,103,312
08/10/2002,MHR,CA,AWP,WE,Federal Contract Tower,8,3,8,1,20,0,14,22,3,39,8,17,30,4,59,26,12,38,97
08/11/2002,MHR,CA,AWP,WE,Federal Contract Tower,0,2,18,3,23,0,6,84,6,96,0,8,102,9,119,50,0,50,169
08/12/2002,MHR,CA,AWP,WE,Federal Contract Tower,11,25,28,3,67,0,13,64,8,85,11,38,92,11,152,13,33,46,198
08/13/2002,MHR,CA,AWP,WE,Federal Contract Tower,21,34,24,11,90,0,17,95,11,123,21,51,119,22,213,45,42,87,300
08/14/2002,MHR,CA,AWP,WE,Federal Contract Tower,22,33,23,9,87,0,12,120,5,137,22,45,143,14,224,66,74,140,364
08/15/2002,MHR,CA,AWP,WE,Federal Contract Tower,21,30,22,12,85,0,30,53,6,89,21,60,75,18,174,86,72,158,332
08/16/2002,MHR,CA,AWP,WE,Federal Contract Tower,16,21,19,2,58,0,20,60,5,85,16,41,79,7,143,44,16,60,203
08/17/2002,MHR,CA,AWP,WE,Federal Contract Tower,8,5,4,4,21,0,13,29,10,52,8,18,33,14,73,28,18,46,119
08/18/2002,MHR,CA,AWP,WE,Federal Contract Tower,0,1,21,0,22,0,0,67,4,71,0,1,88,4,93,50,0,50,143
08/19/2002,MHR,CA,AWP,WE,Federal Contract Tower,10,44,21,7,82,0,4,54,12,70,10,48,75,19,152,12,12,24,176
08/20/2002,MHR,CA,AWP,WE,Federal Contract Tower,18,41,39,10,108,0,5,91,5,101,18,46,130,15,209,28,24,52,261
08/21/2002,MHR,CA,AWP,WE,Federal Contract Tower,21,31,34,8,94,0,25,66,7,98,21,56,100,15,192,36,26,62,254
08/22/2002,MHR,CA,AWP,WE,Federal Contract Tower,18,36,31,6,91,0,32,55,8,95,18,68,86,14,186,46,26,72,258
08/23/2002,MHR,CA,AWP,WE,Federal Contract Tower,15,42,46,19,122,0,27,41,10,78,15,69,87,29,200,74,46,120,320
08/24/2002,MHR,CA,AWP,WE,Federal Contract Tower,11,6,5,0,22,0,19,43,0,62,11,25,48,0,84,18,0,18,102
08/25/2002,MHR,CA,AWP,WE,Federal Contract Tower,0,5,21,0,26,0,0,39,2,41,0,5,60,2,67,8,0,8,75
08/26/2002,MHR,CA,AWP,WE,Federal Contract Tower,10,26,13,7,56,0,14,60,8,82,10,40,73,15,138,18,20,38,176
08/27/2002,MHR,CA,AWP,WE,Federal Contract Tower,21,30,33,9,93,0,23,118,17,158,21,53,151,26,251,24,30,54,305
08/28/2002,MHR,CA,AWP,WE,Federal Contract Tower,20,28,27,6,81,0,30,83,4,117,20,58,110,10,198,64,30,94,292
08/29/2002,MHR,CA,AWP,WE,Federal Contract Tower,20,10,20,12,62,0,22,89,4,115,20,32,109,16,177,97,52,149,326
08/30/2002,MHR,CA,AWP,WE,Federal Contract Tower,17,12,17,6,52,0,33,73,2,108,17,45,90,8,160,108,4,112,272
08/31/2002,MHR,CA,AWP,WE,Federal Contract Tower,9,6,11,0,26,0,11,41,0,52,9,17,52,0,78,40,0,40,118
09/01/2002,MHR,CA,AWP,WE,Federal Contract Tower,0,0,20,0,20,0,0,71,0,71,0,0,91,0,91,70,0,70,161
09/02/2002,MHR,CA,AWP,WE,Federal Contract Tower,0,0,8,0,8,1,1,79,0,81,1,1,87,0,89,42,0,42,131
09/03/2002,MHR,CA,AWP,WE,Federal Contract Tower,11,8,17,3,39,1,18,78,3,100,12,26,95,6,139,42,22,64,203
09/04/2002,MHR,CA,AWP,WE,Federal Contract Tower,22,12,13,14,61,1,23,85,2,111,23,35,98,16,172,25,69,94,266
09/05/2002,MHR,CA,AWP,WE,Federal Contract Tower,17,26,32,5,80,1,29,88,23,141,18,55,120,28,221,48,60,108,329
09/06/2002,MHR,CA,AWP,WE,Federal Contract Tower,14,35,63,16,128,0,8,59,0,67,14,43,122,16,195,58,60,118,313
09/07/2002,MHR,CA,AWP,WE,Federal Contract Tower,7,6,13,5,31,1,14,49,25,89,8,20,62,30,120,52,36,88,208
09/08/2002,MHR,CA,AWP,WE,Federal Contract Tower,0,0,18,2,20,1,0,58,9,68,1,0,76,11,88,34,8,42,130
09/09/2002,MHR,CA,AWP,WE,Federal Contract Tower,10,12,11,2,35,1,17,56,6,80,11,29,67,8,115,10,58,68,183
09/10/2002,MHR,CA,AWP,WE,Federal Contract Tower,26,23,16,10,75,2,22,91,5,120,28,45,107,15,195,38,80,118,313
09/11/2002,MHR,CA,AWP,WE,Federal Contract Tower,20,18,21,17,76,1,30,78,0,109,21,48,99,17,185,32,35,67,252
09/12/2002,MHR,CA,AWP,WE,Federal Contract Tower,22,16,43,20,101,1,28,89,17,135,23,44,132,37,236,35,78,113,349
09/13/2002,MHR,CA,AWP,WE,Federal Contract Tower,14,19,41,15,89,1,20,96,11,128,15,39,137,26,217,110,30,140,357
09/14/2002,MHR,CA,AWP,WE,Federal Contract Tower,8,9,9,1,27,1,14,54,0,69,9,23,63,1,96,66,0,66,162
09/15/2002,MHR,CA,AWP,WE,Federal Contract Tower,0,4,15,0,19,0,2,58,0,60,0,6,73,0,79,16,0,16,95
09/16/2002,MHR,CA,AWP,WE,Federal Contract Tower,11,10,7,10,38,1,18,82,0,101,12,28,89,10,139,48,22,70,209
09/17/2002,MHR,CA,AWP,WE,Federal Contract Tower,25,21,49,5,100,0,29,34,0,63,25,50,83,5,163,181,50,231,394
09/18/2002,MHR,CA,AWP,WE,Federal Contract Tower,26,19,28,2,75,0,33,81,22,136,26,52,109,24,211,81,16,97,308
09/19/2002,MHR,CA,AWP,WE,Federal Contract Tower,21,18,56,29,124,0,26,100,15,141,21,44,156,44,265,80,66,146,411
09/20/2002,MHR,CA,AWP,WE,Federal Contract Tower,18,18,13,4,53,1,47,48,6,102,19,65,61,10,155,20,0,20,175
09/21/2002,MHR,CA,AWP,WE,Federal Contract Tower,6,1,19,0,26,0,16,50,4,70,6,17,69,4,96,54,0,54,150
09/22/2002,MHR,CA,AWP,WE,Federal Contract Tower,0,4,16,2,22,0,2,66,0,68,0,6,82,2,90,18,2,20,110
09/23/2002,MHR,CA,AWP,WE,Federal Contract Tower,11,13,18,3,45,0,20,62,9,91,11,33,80,12,136,40,14,54,190
09/24/2002,MHR,CA,AWP,WE,Federal Contract Tower,17,24,17,4,62,0,26,73,7,106,17,50,90,11,168,26,8,34,202
09/25/2002,MHR,CA,AWP,WE,Federal Contract Tower,18,21,31,2,72,0,28,101,23,152,18,49,132,25,224,23,19,42,266
09/26/2002,MHR,CA,AWP,WE,Federal Contract Tower,20,19,21,14,74,0,20,80,9,109,20,39,101,23,183,56,8,64,247
09/27/2002,MHR,CA,AWP,WE,Federal Contract Tower,19,21,36,2,78,0,20,106,3,129,19,41,142,5,207,42,0,42,249
09/28/2002,MHR,CA,AWP,WE,Federal Contract Tower,5,5,22,0,32,0,11,29,0,40,5,16,51,0,72,16,0,16,88
09/29/2002,MHR,CA,AWP,WE,Federal Contract Tower,0,2,14,2,18,0,0,75,0,75,0,2,89,2,93,6,0,6,99
09/30/2002,MHR,CA,AWP,WE,Federal Contract Tower,9,19,13,1,42,0,15,52,9,76,9,34,65,10,118,34,6,40,158
10/01/2002,MHR,CA,AWP,WE,Federal Contract Tower,27,23,59,8,117,1,22,13,0,36,28,45,72,8,153,68,0,68,221
10/02/2002,MHR,CA,AWP,WE,Federal Contract Tower,20,24,42,7,93,0,29,56,41,126,20,53,98,48,219,45,22,67,286
10/03/2002,MHR,CA,AWP,WE,Federal Contract Tower,20,21,24,7,72,0,22,89,19,130,20,43,113,26,202,122,16,138,340
10/04/2002,MHR,CA,AWP,WE,Federal Contract Tower,14,22,47,4,87,0,24,80,13,117,14,46,127,17,204,72,8,80,284
10/05/2002,MHR,CA,AWP,WE,Federal Contract Tower,6,2,10,4,22,0,13,51,28,92,6,15,61,32,114,12,10,22,136
10/06/2002,MHR,CA,AWP,WE,Federal Contract Tower,0,6,15,5,26,0,2,44,20,66,0,8,59,25,92,54,10,64,156
10/07/2002,MHR,CA,AWP,WE,Federal Contract Tower,15,18,8,1,42,1,22,62,1,86,16,40,70,2,128,86,0,86,214
10/08/2002,MHR,CA,AWP,WE,Federal Contract Tower,23,20,43,10,96,0,30,63,13,106,23,50,106,23,202,136,46,182,384
10/09/2002,MHR,CA,AWP,WE,Federal Contract Tower,21,29,43,5,98,0,34,85,16,135,21,63,128,21,233,44,20,64,297
10/10/2002,MHR,CA,AWP,WE,Federal Contract Tower,24,23,34,16,97,0,20,71,16,107,24,43,105,32,204,28,78,106,310
10/11/2002,MHR,CA,AWP,WE,Federal Contract Tower,16,21,39,12,88,0,18,123,0,141,16,39,162,12,229,122,10,132,361
10/12/2002,MHR,CA,AWP,WE,Federal Contract Tower,8,7,16,0,31,0,16,27,2,45,8,23,43,2,76,20,0,20,96
10/13/2002,MHR,CA,AWP,WE,Federal Contract Tower,1,0,30,0,31,0,0,22,0,22,1,0,52,0,53,42,0,42,95
10/14/2002,MHR,CA,AWP,WE,Federal Contract Tower,13,15,7,0,35,0,21,59,0,80,13,36,66,0,115,16,0,16,131
10/15/2002,MHR,CA,AWP,WE,Federal Contract Tower,21,22,37,21,101,0,24,72,9,105,21,46,109,30,206,34,42,76,282
10/16/2002,MHR,CA,AWP,WE,Federal Contract Tower,18,23,91,12,144,0,24,74,19,117,18,47,165,31,261,86,84,170,431
10/17/2002,MHR,CA,AWP,WE,Federal Contract Tower,16,20,16,23,75,0,30,86,1,117,16,50,102,24,192,46,46,92,284
10/18/2002,MHR,CA,AWP,WE,Federal Contract Tower,14,16,11,28,69,0,28,54,11,93,14,44,65,39,162,68,70,138,300
10/19/2002,MHR,CA,AWP,WE,Federal Contract Tower,9,8,12,0,29,0,11,48,8,67,9,19,60,8,96,36,10,46,142
10/20/2002,MHR,CA,AWP,WE,Federal Contract Tower,0,2,45,0,47,0,0,35,7,42,0,2,80,7,89,32,0,32,121
10/21/2002,MHR,CA,AWP,WE,Federal Contract Tower,13,25,46,20,104,0,18,63,1,82,13,43,109,21,186,71,53,124,310
10/22/2002,MHR,CA,AWP,WE,Federal Contract Tower,24,17,49,24,114,0,19,69,4,92,24,36,118,28,206,108,56,164,370
10/23/2002,MHR,CA,AWP,WE,Federal Contract Tower,18,36,55,21,130,0,8,66,6,80,18,44,121,27,210,123,48,171,381
10/24/2002,MHR,CA,AWP,WE,Federal Contract Tower,18,23,32,19,92,0,21,48,5,74,18,44,80,24,166,50,18,68,234
10/25/2002,MHR,CA,AWP,WE,Federal Contract Tower,13,16,21,11,61,0,26,62,4,92,13,42,83,15,153,34,56,90,243
10/26/2002,MHR,CA,AWP,WE,Federal Contract Tower,6,3,12,2,23,0,9,26,0,35,6,12,38,2,58,32,0,32,90
10/27/2002,MHR,CA,AWP,WE,Federal Contract Tower,0,5,10,4,19,0,1,47,0,48,0,6,57,4,67,20,0,20,87
10/28/2002,MHR,CA,AWP,WE,Federal Contract Tower,10,18,22,5,55,0,8,89,4,101,10,26,111,9,156,50,24,74,230
10/29/2002,MHR,CA,AWP,WE,Federal Contract Tower,18,20,16,6,60,0,15,89,12,116,18,35,105,18,176,60,16,76,252
10/30/2002,MHR,CA,AWP,WE,Federal Contract Tower,17,18,6,14,55,0,28,71,9,108,17,46,77,23,163,38,50,88,251
10/31/2002,MHR,CA,AWP,WE,Federal Contract Tower,22,23,21,7,73,0,29,72,0,101,22,52,93,7,174,30,14,44,218
11/01/2002,MHR,CA,AWP,WE,Federal Contract Tower,9,17,26,6,58,4,27,80,3,114,13,44,106,9,172,46,38,84,256
11/02/2002,MHR,CA,AWP,WE,Federal Contract Tower,8,4,10,6,28,0,12,60,14,86,8,16,70,20,114,48,90,138,252
11/03/2002,MHR,CA,AWP,WE,Federal Contract Tower,1,2,24,11,38,0,1,58,17,76,1,3,82,28,114,32,36,68,182
11/04/2002,MHR,CA,AWP,WE,Federal Contract Tower,8,15,60,4,87,1,19,50,1,71,9,34,110,5,158,96,22,118,276
11/05/2002,MHR,CA,AWP,WE,Federal Contract Tower,20,20,32,22,94,1,33,88,4,126,21,53,120,26,220,110,58,168,388
11/06/2002,MHR,CA,AWP,WE,Federal Contract Tower,20,23,42,11,96,1,24,49,9,83,21,47,91,20,179,122,28,150,329
11/07/2002,MHR,CA,AWP,WE,Federal Contract Tower,23,40,5,10,78,0,1,5,2,8,23,41,10,12,86,0,4,4,90
11/08/2002,MHR,CA,AWP,WE,Federal Contract Tower,17,43,26,2,88,0,10,5,0,15,17,53,31,2,103,10,22,32,135
11/09/2002,MHR,CA,AWP,WE,Federal Contract Tower,9,6,11,0,26,0,8,19,0,27,9,14,30,0,53,17,0,17,70
11/10/2002,MHR,CA,AWP,WE,Federal Contract Tower,1,2,32,0,35,0,1,9,2,12,1,3,41,2,47,4,0,4,51
11/11/2002,MHR,CA,AWP,WE,Federal Contract Tower,9,21,41,2,73,0,12,59,7,78,9,33,100,9,151,128,12,140,291
11/12/2002,MHR,CA,AWP,WE,Federal Contract Tower,19,24,19,7,69,0,22,48,9,79,19,46,67,16,148,20,32,52,200
11/13/2002,MHR,CA,AWP,WE,Federal Contract Tower,21,38,49,7,115,0,12,43,8,63,21,50,92,15,178,57,66,123,301
11/14/2002,MHR,CA,AWP,WE,Federal Contract Tower,20,20,23,13,76,0,38,67,14,119,20,58,90,27,195,34,23,57,252
11/15/2002,MHR,CA,AWP,WE,Federal Contract Tower,22,23,36,8,89,0,26,49,10,85,22,49,85,18,174,47,41,88,262
11/16/2002,MHR,CA,AWP,WE,Federal Contract Tower,5,13,20,1,39,0,9,27,1,37,5,22,47,2,76,30,2,32,108
11/17/2002,MHR,CA,AWP,WE,Federal Contract Tower,0,7,18,4,29,0,0,37,1,38,0,7,55,5,67,34,0,34,101
11/18/2002,MHR,CA,AWP,WE,Federal Contract Tower,11,19,21,16,67,0,17,48,0,65,11,36,69,16,132,36,16,52,184
11/19/2002,MHR,CA,AWP,WE,Federal Contract Tower,20,38,36,11,105,0,12,53,0,65,20,50,89,11,170,66,0,66,236
11/20/2002,MHR,CA,AWP,WE,Federal Contract Tower,18,34,37,17,106,0,10,26,0,36,18,44,63,17,142,36,18,54,196
11/21/2002,MHR,CA,AWP,WE,Federal Contract Tower,16,26,35,10,87,0,19,44,4,67,16,45,79,14,154,50,21,71,225
11/22/2002,MHR,CA,AWP,WE,Federal Contract Tower,15,42,49,0,106,0,0,45,4,49,15,42,94,4,155,26,0,26,181
11/23/2002,MHR,CA,AWP,WE,Federal Contract Tower,8,15,44,10,77,0,0,4,3,7,8,15,48,13,84,6,4,10,94
11/24/2002,MHR,CA,AWP,WE,Federal Contract Tower,1,4,60,2,67,0,0,5,0,5,1,4,65,2,72,32,0,32,104
11/25/2002,MHR,CA,AWP,WE,Federal Contract Tower,9,16,16,8,49,0,13,50,0,63,9,29,66,8,112,14,10,24,136
11/26/2002,MHR,CA,AWP,WE,Federal Contract Tower,24,20,18,10,72,0,28,62,1,91,24,48,80,11,163,30,20,50,213
11/27/2002,MHR,CA,AWP,WE,Federal Contract Tower,24,36,27,10,97,0,19,78,0,97,24,55,105,10,194,30,26,56,250
11/28/2002,MHR,CA,AWP,WE,Federal Contract Tower,5,4,20,0,29,0,0,34,0,34,5,4,54,0,63,10,0,10,73
11/29/2002,MHR,CA,AWP,WE,Federal Contract Tower,9,17,11,0,37,0,22,74,0,96,9,39,85,0,133,64,0,64,197
11/30/2002,MHR,CA,AWP,WE,Federal Contract Tower,6,10,26,0,42,0,14,32,0,46,6,24,58,0,88,22,0,22,110
12/01/2002,MHR,CA,AWP,WE,Federal Contract Tower,0,7,21,2,30,1,0,43,0,44,1,7,64,2,74,54,0,54,128
12/02/2002,MHR,CA,AWP,WE,Federal Contract Tower,10,19,42,8,79,0,14,33,18,65,10,33,75,26,144,50,48,98,242
12/03/2002,MHR,CA,AWP,WE,Federal Contract Tower,26,39,30,3,98,0,16,46,0,62,26,55,76,3,160,32,38,70,230
12/04/2002,MHR,CA,AWP,WE,Federal Contract Tower,25,24,45,10,104,0,28,58,0,86,25,52,103,10,190,72,66,138,328
12/05/2002,MHR,CA,AWP,WE,Federal Contract Tower,25,26,35,18,104,0,11,81,0,92,25,37,116,18,196,70,47,117,313
12/06/2002,MHR,CA,AWP,WE,Federal Contract Tower,23,38,29,8,98,0,24,71,15,110,23,62,100,23,208,68,2,70,278
12/07/2002,MHR,CA,AWP,WE,Federal Contract Tower,9,7,29,24,69,0,13,97,21,131,9,20,126,45,200,56,20,76,276
12/08/2002,MHR,CA,AWP,WE,Federal Contract Tower,1,2,12,3,18,0,1,41,1,43,1,3,53,4,61,34,0,34,95
12/09/2002,MHR,CA,AWP,WE,Federal Contract Tower,10,36,36,13,95,0,4,0,0,4,10,40,36,13,99,22,60,82,181
12/10/2002,MHR,CA,AWP,WE,Federal Contract Tower,27,47,38,15,127,0,12,47,5,64,27,59,85,20,191,52,58,110,301
12/11/2002,MHR,CA,AWP,WE,Federal Contract Tower,18,36,27,10,91,0,8,26,4,38,18,44,53,14,129,14,4,18,147
12/12/2002,MHR,CA,AWP,WE,Federal Contract Tower,22,42,41,15,120,0,4,0,7,11,22,46,41,22,131,8,34,42,173
12/13/2002,MHR,CA,AWP,WE,Federal Contract Tower,19,56,19,5,99,0,3,1,0,4,19,59,20,5,103,2,1,3,106
12/14/2002,MHR,CA,AWP,WE,Federal Contract Tower,8,9,3,0,20,0,4,0,0,4,8,13,3,0,24,0,0,0,24
12/15/2002,MHR,CA,AWP,WE,Federal Contract Tower,2,6,18,0,26,0,1,0,1,2,2,7,18,1,28,6,0,6,34
12/16/2002,MHR,CA,AWP,WE,Federal Contract Tower,12,20,20,0,52,0,17,9,0,26,12,37,29,0,78,14,0,14,92
12/17/2002,MHR,CA,AWP,WE,Federal Contract Tower,33,43,22,18,116,0,5,38,10,53,33,48,60,28,169,30,18,48,217
12/18/2002,MHR,CA,AWP,WE,Federal Contract Tower,28,42,18,12,100,0,12,80,25,117,28,54,98,37,217,112,23,135,352
12/19/2002,MHR,CA,AWP,WE,Federal Contract Tower,31,51,8,2,92,0,17,10,0,27,31,68,18,2,119,0,0,0,119
12/20/2002,MHR,CA,AWP,WE,Federal Contract Tower,24,43,17,1,85,0,13,12,1,26,24,56,29,2,111,4,0,4,115
12/21/2002,MHR,CA,AWP,WE,Federal Contract Tower,11,24,25,0,60,0,2,21,0,23,11,26,46,0,83,8,0,8,91
12/22/2002,MHR,CA,AWP,WE,Federal Contract Tower,2,5,18,0,25,0,1,26,1,28,2,6,44,1,53,0,2,2,55
12/23/2002,MHR,CA,AWP,WE,Federal Contract Tower,8,11,36,9,64,0,22,100,11,133,8,33,136,20,197,70,62,132,329
12/24/2002,MHR,CA,AWP,WE,Federal Contract Tower,20,21,19,0,60,0,18,35,0,53,20,39,54,0,113,18,0,18,131
12/25/2002,MHR,CA,AWP,WE,Federal Contract Tower,0,1,7,0,8,0,0,17,0,17,0,1,24,0,25,0,0,0,25
12/26/2002,MHR,CA,AWP,WE,Federal Contract Tower,13,29,25,0,67,0,13,20,1,34,13,42,45,1,101,32,2,34,135
12/27/2002,MHR,CA,AWP,WE,Federal Contract Tower,11,13,18,1,43,0,14,13,0,27,11,27,31,1,70,6,6,12,82
12/28/2002,MHR,CA,AWP,WE,Federal Contract Tower,5,19,4,0,28,2,0,9,0,11,7,19,13,0,39,0,0,0,39
12/29/2002,MHR,CA,AWP,WE,Federal Contract Tower,1,0,24,0,25,0,3,44,0,47,1,3,68,0,72,26,0,26,98
12/30/2002,MHR,CA,AWP,WE,Federal Contract Tower,10,13,31,19,73,0,23,26,3,52,10,36,57,22,125,70,28,98,223
12/31/2002,MHR,CA,AWP,WE,Federal Contract Tower,15,14,22,1,52,0,13,25,0,38,15,27,47,1,90,0,4,4,94
01/01/2003,MHR,CA,AWP,WE,Federal Contract Tower,0,0,15,0,15,0,3,44,0,47,0,3,59,0,62,30,0,30,92
01/02/2003,MHR,CA,AWP,WE,Federal Contract Tower,12,9,38,12,71,1,24,66,10,101,13,33,104,22,172,30,102,132,304
01/03/2003,MHR,CA,AWP,WE,Federal Contract Tower,10,10,18,6,44,1,23,58,9,91,11,33,76,15,135,54,38,92,227
01/04/2003,MHR,CA,AWP,WE,Federal Contract Tower,7,1,22,6,36,0,9,48,4,61,7,10,70,10,97,102,12,114,211
01/05/2003,MHR,CA,AWP,WE,Federal Contract Tower,1,3,13,4,21,0,3,28,6,37,1,6,41,10,58,30,8,38,96
01/06/2003,MHR,CA,AWP,WE,Federal Contract Tower,9,16,29,14,68,0,14,41,17,72,9,30,70,31,140,14,8,22,162
01/07/2003,MHR,CA,AWP,WE,Federal Contract Tower,21,29,18,9,77,0,11,22,7,40,21,40,40,16,117,14,26,40,157
01/08/2003,MHR,CA,AWP,WE,Federal Contract Tower,18,38,33,5,94,0,2,11,2,15,18,40,44,7,109,4,4,8,117
01/09/2003,MHR,CA,AWP,WE,Federal Contract Tower,23,48,35,1,107,0,0,0,2,2,23,48,35,3,109,4,2,6,115
01/10/2003,MHR,CA,AWP,WE,Federal Contract Tower,19,50,58,25,152,0,0,20,0,20,19,50,78,25,172,10,31,41,213
01/11/2003,MHR,CA,AWP,WE,Federal Contract Tower,9,7,33,8,57,0,14,12,4,30,9,21,45,12,87,54,23,77,164
01/12/2003,MHR,CA,AWP,WE,Federal Contract Tower,2,3,10,12,27,0,0,23,1,24,2,3,33,13,51,40,22,62,113
01/13/2003,MHR,CA,AWP,WE,Federal Contract Tower,14,18,47,10,89,0,9,18,6,33,14,27,65,16,122,70,26,96,218
01/14/2003,MHR,CA,AWP,WE,Federal Contract Tower,23,34,51,2,110,0,7,8,2,17,23,41,59,4,127,0,8,8,135
01/15/2003,MHR,CA,AWP,WE,Federal Contract Tower,17,33,54,8,112,2,9,20,4,35,19,42,74,12,147,26,16,42,189
01/16/2003,MHR,CA,AWP,WE,Federal Contract Tower,23,41,89,10,163,0,9,131,40,180,23,50,220,50,343,104,40,144,487
01/17/2003,MHR,CA,AWP,WE,Federal Contract Tower,4,9,53,3,69,0,0,0,0,0,4,9,53,3,69,0,0,0,69
01/18/2003,MHR,CA,AWP,WE,Federal Contract Tower,6,17,18,2,43,0,0,0,2,2,6,17,18,4,45,0,0,0,45
01/19/2003,MHR,CA,AWP,WE,Federal Contract Tower,1,0,12,2,15,0,0,10,0,10,1,0,22,2,25,0,0,0,25
01/20/2003,MHR,CA,AWP,WE,Federal Contract Tower,10,26,31,2,69,0,3,0,2,5,10,29,31,4,74,10,0,10,84
01/21/2003,MHR,CA,AWP,WE,Federal Contract Tower,21,47,51,15,134,0,2,7,7,16,21,49,58,22,150,58,45,103,253
01/22/2003,MHR,CA,AWP,WE,Federal Contract Tower,18,43,48,8,117,0,5,11,6,22,18,48,59,14,139,2,8,10,149
01/23/2003,MHR,CA,AWP,WE,Federal Contract Tower,19,49,44,9,121,0,1,0,3,4,19,50,44,12,125,54,7,61,186
01/24/2003,MHR,CA,AWP,WE,Federal Contract Tower,14,32,54,4,104,0,8,0,0,8,14,40,54,4,112,78,38,116,228
01/25/2003,MHR,CA,AWP,WE,Federal Contract Tower,8,15,24,0,47,0,0,31,0,31,8,15,55,0,78,44,0,44,122
01/26/2003,MHR,CA,AWP,WE,Federal Contract Tower,1,6,17,1,25,0,0,13,0,13,1,6,30,1,38,4,0,4,42
01/27/2003,MHR,CA,AWP,WE,Federal Contract Tower,9,22,36,5,72,0,10,8,0,18,9,32,44,5,90,30,0,30,120
01/28/2003,MHR,CA,AWP,WE,Federal Contract Tower,22,38,47,5,112,0,15,32,2,49,22,53,79,7,161,40,6,46,207
01/29/2003,MHR,CA,AWP,WE,Federal Contract Tower,19,25,71,6,121,0,17,0,0,17,19,42,71,6,138,101,4,105,243
01/30/2003,MHR,CA,AWP,WE,Federal Contract Tower,16,31,36,0,83,0,7,2,0,9,16,38,38,0,92,68,0,68,160
01/31/2003,MHR,CA,AWP,WE,Federal Contract Tower,10,36,23,1,70,0,0,0,1,1,10,36,23,2,71,0,0,0,71
02/01/2003,MHR,CA,AWP,WE,Federal Contract Tower,6,15,37,2,60,0,1,0,0,1,6,16,37,2,61,26,0,26,87
02/02/2003,MHR,CA,AWP,WE,Federal Contract Tower,3,0,9,0,12,0,0,25,7,32,3,0,34,7,44,30,5,35,79
02/03/2003,MHR,CA,AWP,WE,Federal Contract Tower,9,17,22,1,49,0,17,52,5,74,9,34,74,6,123,68,10,78,201
02/04/2003,MHR,CA,AWP,WE,Federal Contract Tower,20,22,41,20,103,0,22,79,3,104,20,44,120,23,207,96,74,170,377
02/05/2003,MHR,CA,AWP,WE,Federal Contract Tower,22,20,23,15,80,0,33,70,19,122,22,53,93,34,202,74,48,122,324
02/06/2003,MHR,CA,AWP,WE,Federal Contract Tower,22,26,38,10,96,0,28,61,16,105,22,54,99,26,201,44,14,58,259
02/07/2003,MHR,CA,AWP,WE,Federal Contract Tower,15,15,13,0,43,0,30,73,22,125,15,45,86,22,168,60,0,60,228
02/08/2003,MHR,CA,AWP,WE,Federal Contract Tower,8,2,7,1,18,0,15,58,3,76,8,17,65,4,94,18,0,18,112
02/09/2003,MHR,CA,AWP,WE,Federal Contract Tower,1,1,11,5,18,0,4,66,7,77,1,5,77,12,95,42,10,52,147
02/10/2003,MHR,CA,AWP,WE,Federal Contract Tower,10,16,26,6,58,0,12,49,10,71,10,28,75,16,129,92,12,104,233
02/11/2003,MHR,CA,AWP,WE,Federal Contract Tower,21,17,36,35,109,0,24,59,4,87,21,41,95,39,196,90,80,170,366
02/12/2003,MHR,CA,AWP,WE,Federal Contract Tower,22,33,32,17,104,0,21,34,3,58,22,54,66,20,162,32,30,62,224
02/13/2003,MHR,CA,AWP,WE,Federal Contract Tower,19,45,33,10,107,0,6,41,9,56,19,51,74,19,163,24,20,44,207
02/14/2003,MHR,CA,AWP,WE,Federal Contract Tower,14,38,32,5,89,0,8,22,3,33,14,46,54,8,122,32,2,34,156
02/15/2003,MHR,CA,AWP,WE,Federal Contract Tower,9,13,14,1,37,0,0,51,1,52,9,13,65,2,89,48,0,48,137
02/16/2003,MHR,CA,AWP,WE,Federal Contract Tower,2,2,6,1,11,0,0,26,0,26,2,2,32,1,37,10,0,10,47
02/17/2003,MHR,CA,AWP,WE,Federal Contract Tower,10,6,20,0,36,0,14,46,0,60,10,20,66,0,96,56,0,56,152
02/18/2003,MHR,CA,AWP,WE,Federal Contract Tower,19,24,31,16,90,0,22,65,9,96,19,46,96,25,186,44,8,52,238
02/19/2003,MHR,CA,AWP,WE,Federal Contract Tower,20,32,17,17,86,0,10,59,0,69,20,42,76,17,155,40,40,80,235
02/20/2003,MHR,CA,AWP,WE,Federal Contract Tower,21,25,20,7,73,0,24,49,11,84,21,49,69,18,157,16,8,24,181
02/21/2003,MHR,CA,AWP,WE,Federal Contract Tower,14,19,25,9,67,3,21,64,8,96,17,40,89,17,163,74,24,98,261
02/22/2003,MHR,CA,AWP,WE,Federal Contract Tower,7,11,13,4,35,6,5,76,0,87,13,16,89,4,122,34,0,34,156
02/23/2003,MHR,CA,AWP,WE,Federal Contract Tower,4,3,12,2,21,0,0,90,0,90,4,3,102,2,111,74,0,74,185
02/24/2003,MHR,CA,AWP,WE,Federal Contract Tower,11,27,24,10,72,0,5,36,0,41,11,32,60,10,113,46,6,52,165
02/25/2003,MHR,CA,AWP,WE,Federal Contract Tower,21,33,33,9,96,0,11,38,2,51,21,44,71,11,147,22,0,22,169
02/26/2003,MHR,CA,AWP,WE,Federal Contract Tower,24,18,50,14,106,0,20,54,16,90,24,38,104,30,196,103,80,183,379
02/27/2003,MHR,CA,AWP,WE,Federal Contract Tower,20,33,30,21,104,0,8,70,9,87,20,41,100,30,191,58,54,112,303
02/28/2003,MHR,CA,AWP,WE,Federal Contract Tower,14,20,30,7,71,0,22,73,19,114,14,42,103,26,185,64,41,105,290
03/01/2003,MHR,CA,AWP,WE,Federal Contract Tower,7,12,7,4,30,1,9,61,13,84,8,21,68,17,114,18,46,64,178
03/02/2003,MHR,CA,AWP,WE,Federal Contract Tower,4,3,23,1,31,0,0,62,2,64,4,3,85,3,95,24,0,24,119
03/03/2003,MHR,CA,AWP,WE,Federal Contract Tower,12,15,17,0,44,0,9,33,0,42,12,24,50,0,86,6,0,6,92
03/04/2003,MHR,CA,AWP,WE,Federal Contract Tower,12,19,20,4,55,7,18,54,5,84,19,37,74,9,139,8,8,16,155
03/05/2003,MHR,CA,AWP,WE,Federal Contract Tower,19,22,28,2,71,0,22,54,13,89,19,44,82,15,160,12,4,16,176
03/06/2003,MHR,CA,AWP,WE,Federal Contract Tower,19,27,44,0,90,0,18,52,7,77,19,45,96,7,167,53,8,61,228
03/07/2003,MHR,CA,AWP,WE,Federal Contract Tower,12,19,19,4,54,1,27,114,4,146,13,46,133,8,200,36,14,50,250
03/08/2003,MHR,CA,AWP,WE,Federal Contract Tower,10,6,9,0,25,0,7,62,3,72,10,13,71,3,97,72,18,90,187
03/09/2003,MHR,CA,AWP,WE,Federal Contract Tower,2,1,14,3,20,0,0,43,9,52,2,1,57,12,72,12,8,20,92
03/10/2003,MHR,CA,AWP,WE,Federal Contract Tower,13,18,12,15,58,0,11,57,3,71,13,29,69,18,129,26,60,86,215
03/11/2003,MHR,CA,AWP,WE,Federal Contract Tower,19,39,54,8,120,0,14,64,4,82,19,53,118,12,202,80,48,128,330
03/12/2003,MHR,CA,AWP,WE,Federal Contract Tower,17,29,41,11,98,0,8,35,1,44,17,37,76,12,142,44,34,78,220
03/13/2003,MHR,CA,AWP,WE,Federal Contract Tower,18,39,32,17,106,0,18,22,17,57,18,57,54,34,163,13,30,43,206
03/14/2003,MHR,CA,AWP,WE,Federal Contract Tower,17,31,20,11,79,0,11,33,5,49,17,42,53,16,128,8,0,8,136
03/15/2003,MHR,CA,AWP,WE,Federal Contract Tower,8,7,16,0,31,0,3,24,0,27,8,10,40,0,58,6,0,6,64
03/16/2003,MHR,CA,AWP,WE,Federal Contract Tower,4,3,14,0,21,0,0,23,0,23,4,3,37,0,44,16,0,16,60
03/17/2003,MHR,CA,AWP,WE,Federal Contract Tower,7,23,26,5,61,0,10,43,1,54,7,33,69,6,115,78,10,88,203
03/18/2003,MHR,CA,AWP,WE,Federal Contract Tower,13,17,26,4,60,0,32,50,0,82,13,49,76,4,142,16,24,40,182
03/19/2003,MHR,CA,AWP,WE,Federal Contract Tower,19,28,23,8,78,0,14,79,9,102,19,42,102,17,180,40,24,64,244
03/20/2003,MHR,CA,AWP,WE,Federal Contract Tower,16,24,29,5,74,5,14,77,16,112,21,38,106,21,186,80,16,96,282
03/21/2003,MHR,CA,AWP,WE,Federal Contract Tower,16,26,31,7,80,0,19,65,9,93,16,45,96,16,173,18,17,35,208
03/22/2003,MHR,CA,AWP,WE,Federal Contract Tower,6,12,21,0,39,0,0,48,2,50,6,12,69,2,89,34,0,34,123
03/23/2003,MHR,CA,AWP,WE,Federal Contract Tower,2,3,4,0,9,0,2,23,0,25,2,5,27,0,34,0,0,0,34
03/24/2003,MHR,CA,AWP,WE,Federal Contract Tower,7,17,26,5,55,0,8,71,2,81,7,25,97,7,136,46,6,52,188
03/25/2003,MHR,CA,AWP,WE,Federal Contract Tower,18,18,34,6,76,0,26,79,4,109,18,44,113,10,185,48,36,84,269
03/26/2003,MHR,CA,AWP,WE,Federal Contract Tower,21,38,23,14,96,0,13,54,9,76,21,51,77,23,172,66,10,76,248
03/27/2003,MHR,CA,AWP,WE,Federal Contract Tower,24,27,13,14,78,0,28,76,6,110,24,55,89,20,188,34,12,46,234
03/28/2003,MHR,CA,AWP,WE,Federal Contract Tower,13,25,19,6,63,0,23,61,27,111,13,48,80,33,174,80,20,100,274
03/29/2003,MHR,CA,AWP,WE,Federal Contract Tower,9,2,16,0,27,0,10,66,0,76,9,12,82,0,103,8,0,8,111
03/30/2003,MHR,CA,AWP,WE,Federal Contract Tower,3,1,4,0,8,0,0,66,1,67,3,1,70,1,75,42,0,42,117
03/31/2003,MHR,CA,AWP,WE,Federal Contract Tower,9,16,20,5,50,0,17,72,12,101,9,33,92,17,151,87,30,117,268
04/01/2003,MHR,CA,AWP,WE,Federal Contract Tower,13,36,40,0,89,1,16,18,0,35,14,52,58,0,124,0,0,0,124
04/02/2003,MHR,CA,AWP,WE,Federal Contract Tower,23,22,18,17,80,0,8,42,1,51,23,30,60,18,131,2,54,56,187
04/03/2003,MHR,CA,AWP,WE,Federal Contract Tower,12,29,26,1,68,0,21,25,13,59,12,50,51,14,127,39,17,56,183
04/04/2003,MHR,CA,AWP,WE,Federal Contract Tower,9,19,23,2,53,2,14,42,8,66,11,33,65,10,119,20,0,20,139
04/05/2003,MHR,CA,AWP,WE,Federal Contract Tower,1,4,6,0,11,6,11,65,13,95,7,15,71,13,106,53,13,66,172
04/06/2003,MHR,CA,AWP,WE,Federal Contract Tower,3,4,16,0,23,0,0,63,9,72,3,4,79,9,95,36,8,44,139
04/07/2003,MHR,CA,AWP,WE,Federal Contract Tower,7,22,33,3,65,0,11,48,7,66,7,33,81,10,131,88,20,108,239
04/08/2003,MHR,CA,AWP,WE,Federal Contract Tower,13,19,23,11,66,0,24,73,15,112,13,43,96,26,178,134,60,194,372
04/09/2003,MHR,CA,AWP,WE,Federal Contract Tower,18,15,15,6,54,0,22,4,10,36,18,37,19,16,90,90,24,114,204
04/10/2003,MHR,CA,AWP,WE,Federal Contract Tower,18,27,29,8,82,0,11,74,4,89,18,38,103,12,171,37,48,85,256
04/11/2003,MHR,CA,AWP,WE,Federal Contract Tower,9,28,21,8,66,0,13,0,0,13,9,41,21,8,79,54,13,67,146
04/12/2003,MHR,CA,AWP,WE,Federal Contract Tower,5,15,14,0,34,1,2,13,0,16,6,17,27,0,50,10,0,10,60
04/13/2003,MHR,CA,AWP,WE,Federal Contract Tower,2,0,8,0,10,0,0,28,1,29,2,0,36,1,39,38,0,38,77
04/14/2003,MHR,CA,AWP,WE,Federal Contract Tower,6,19,39,5,69,13,6,24,4,47,19,25,63,9,116,97,28,125,241
04/15/2003,MHR,CA,AWP,WE,Federal Contract Tower,16,28,45,3,92,0,18,42,3,63,16,46,87,6,155,80,26,106,261
04/16/2003,MHR,CA,AWP,WE,Federal Contract Tower,19,42,24,7,92,0,7,50,12,69,19,49,74,19,161,82,38,120,281
04/17/2003,MHR,CA,AWP,WE,Federal Contract Tower,16,27,36,6,85,1,44,44,29,118,17,71,80,35,203,32,48,80,283
04/18/2003,MHR,CA,AWP,WE,Federal Contract Tower,11,19,25,3,58,0,23,53,12,88,11,42,78,15,146,18,30,48,194
04/19/2003,MHR,CA,AWP,WE,Federal Contract Tower,6,5,8,0,19,0,9,62,0,71,6,14,70,0,90,62,0,62,152
04/20/2003,MHR,CA,AWP,WE,Federal Contract Tower,2,4,8,0,14,0,0,59,0,59,2,4,67,0,73,44,0,44,117
04/21/2003,MHR,CA,AWP,WE,Federal Contract Tower,7,21,19,12,59,0,8,7,0,15,7,29,26,12,74,8,12,20,94
04/22/2003,MHR,CA,AWP,WE,Federal Contract Tower,17,22,42,5,86,0,19,48,1,68,17,41,90,6,154,68,18,86,240
04/23/2003,MHR,CA,AWP,WE,Federal Contract Tower,16,22,26,16,80,0,19,61,9,89,16,41,87,25,169,48,34,82,251
04/24/2003,MHR,CA,AWP,WE,Federal Contract Tower,17,31,38,6,92,2,23,20,5,50,19,54,58,11,142,50,1,51,193
04/25/2003,MHR,CA,AWP,WE,Federal Contract Tower,10,27,34,5,76,0,7,20,26,53,10,34,54,31,129,8,11,19,148
04/26/2003,MHR,CA,AWP,WE,Federal Contract Tower,7,7,15,1,30,0,8,65,1,74,7,15,80,2,104,80,0,80,184
04/27/2003,MHR,CA,AWP,WE,Federal Contract Tower,0,0,11,1,12,0,0,58,2,60,0,0,69,3,72,50,0,50,122
04/28/2003,MHR,CA,AWP,WE,Federal Contract Tower,17,22,24,6,69,0,9,18,9,36,17,31,42,15,105,14,14,28,133
04/29/2003,MHR,CA,AWP,WE,Federal Contract Tower,16,28,60,8,112,0,11,11,0,22,16,39,71,8,134,56,39,95,229
04/30/2003,MHR,CA,AWP,WE,Federal Contract Tower,16,32,40,6,94,0,26,115,54,195,16,58,155,60,289,156,60,216,505
05/01/2003,MHR,CA,AWP,WE,Federal Contract Tower,15,27,38,3,83,0,22,65,18,105,15,49,103,21,188,74,30,104,292
05/02/2003,MHR,CA,AWP,WE,Federal Contract Tower,12,41,39,3,95,0,3,0,5,8,12,44,39,8,103,14,7,21,124
05/03/2003,MHR,CA,AWP,WE,Federal Contract Tower,6,15,18,0,39,0,3,30,10,43,6,18,48,10,82,2,6,8,90
05/04/2003,MHR,CA,AWP,WE,Federal Contract Tower,2,5,13,4,24,0,0,53,10,63,2,5,66,14,87,26,0,26,113
05/05/2003,MHR,CA,AWP,WE,Federal Contract Tower,7,32,60,0,99,1,0,43,9,53,8,32,103,9,152,61,53,114,266
05/06/2003,MHR,CA,AWP,WE,Federal Contract Tower,15,24,34,7,80,0,19,33,14,66,15,43,67,21,146,93,72,165,311
05/07/2003,MHR,CA,AWP,WE,Federal Contract Tower,18,43,62,3,126,0,6,53,42,101,18,49,115,45,227,134,60,194,421
05/08/2003,MHR,CA,AWP,WE,Federal Contract Tower,15,29,41,0,85,0,10,47,4,61,15,39,88,4,146,53,28,81,227
05/09/2003,MHR,CA,AWP,WE,Federal Contract Tower,10,22,11,0,43,0,18,75,7,100,10,40,86,7,143,114,0,114,257
05/10/2003,MHR,CA,AWP,WE,Federal Contract Tower,3,8,14,0,25,0,5,76,6,87,3,13,90,6,112,11,0,11,123
05/11/2003,MHR,CA,AWP,WE,Federal Contract Tower,3,0,13,0,16,0,0,60,48,108,3,0,73,48,124,54,94,148,272
05/12/2003,MHR,CA,AWP,WE,Federal Contract Tower,6,14,11,8,39,0,11,71,2,84,6,25,82,10,123,86,24,110,233
05/13/2003,MHR,CA,AWP,WE,Federal Contract Tower,18,20,26,4,68,0,24,59,5,88,18,44,85,9,156,62,24,86,242
05/14/2003,MHR,CA,AWP,WE,Federal Contract Tower,12,25,36,2,75,0,10,25,2,37,12,35,61,4,112,76,58,134,246
05/15/2003,MHR,CA,AWP,WE,Federal Contract Tower,12,18,25,1,56,6,24,48,7,85,18,42,73,8,141,64,0,64,205
05/16/2003,MHR,CA,AWP,WE,Federal Contract Tower,12,14,32,0,58,0,24,57,1,82,12,38,89,1,140,38,28,66,206
05/17/2003,MHR,CA,AWP,WE,Federal Contract Tower,5,2,4,0,11,0,9,66,0,75,5,11,70,0,86,38,0,38,124
05/18/2003,MHR,CA,AWP,WE,Federal Contract Tower,1,1,11,0,13,0,0,41,3,44,1,1,52,3,57,22,0,22,79
05/19/2003,MHR,CA,AWP,WE,Federal Contract Tower,5,15,22,12,54,0,15,87,3,105,5,30,109,15,159,94,34,128,287
05/20/2003,MHR,CA,AWP,WE,Federal Contract Tower,17,22,22,8,69,0,21,69,0,90,17,43,91,8,159,68,18,86,245
05/21/2003,MHR,CA,AWP,WE,Federal Contract Tower,11,17,24,1,53,5,19,116,10,150,16,36,140,11,203,56,0,56,259
05/22/2003,MHR,CA,AWP,WE,Federal Contract Tower,10,15,21,1,47,6,46,92,11,155,16,61,113,12,202,12,39,51,253
05/23/2003,MHR,CA,AWP,WE,Federal Contract Tower,12,18,26,1,57,0,40,76,0,116,12,58,102,1,173,41,6,47,220
05/24/2003,MHR,CA,AWP,WE,Federal Contract Tower,5,9,5,0,19,1,2,73,0,76,6,11,78,0,95,0,0,0,95
05/25/2003,MHR,CA,AWP,WE,Federal Contract Tower,2,0,11,0,13,0,0,65,0,65,2,0,76,0,78,24,0,24,102
05/26/2003,MHR,CA,AWP,WE,Federal Contract Tower,0,0,46,1,47,0,0,55,4,59,0,0,101,5,106,80,1,81,187
05/27/2003,MHR,CA,AWP,WE,Federal Contract Tower,15,11,20,5,51,0,13,101,0,114,15,24,121,5,165,48,24,72,237
05/28/2003,MHR,CA,AWP,WE,Federal Contract Tower,17,25,37,2,81,1,19,101,14,135,18,44,138,16,216,40,0,40,256
05/29/2003,MHR,CA,AWP,WE,Federal Contract Tower,12,17,24,1,54,3,15,88,14,120,15,32,112,15,174,17,36,53,227
05/30/2003,MHR,CA,AWP,WE,Federal Contract Tower,12,30,44,3,89,0,23,57,8,88,12,53,101,11,177,65,14,79,256
05/31/2003,MHR,CA,AWP,WE,Federal Contract Tower,5,2,13,0,20,0,5,97,0,102,5,7,110,0,122,40,0,40,162
06/01/2003,MHR,CA,AWP,WE,Federal Contract Tower,1,2,4,0,7,2,3,68,1,74,3,5,72,1,81,42,0,42,123
06/02/2003,MHR,CA,AWP,WE,Federal Contract Tower,7,17,21,10,55,0,11,85,5,101,7,28,106,15,156,134,2,136,292
06/03/2003,MHR,CA,AWP,WE,Federal Contract Tower,19,20,19,3,61,0,24,94,7,125,19,44,113,10,186,46,22,68,254
06/04/2003,MHR,CA,AWP,WE,Federal Contract Tower,16,18,29,2,65,8,32,75,26,141,24,50,104,28,206,28,54,82,288
06/05/2003,MHR,CA,AWP,WE,Federal Contract Tower,15,19,26,1,61,3,17,96,19,135,18,36,122,20,196,46,42,88,284
06/06/2003,MHR,CA,AWP,WE,Federal Contract Tower,11,22,31,2,66,0,21,73,16,110,11,43,104,18,176,16,41,57,233
06/07/2003,MHR,CA,AWP,WE,Federal Contract Tower,5,10,9,2,26,0,1,66,1,68,5,11,75,3,94,47,0,47,141
06/08/2003,MHR,CA,AWP,WE,Federal Contract Tower,3,3,13,1,20,0,1,50,13,64,3,4,63,14,84,22,8,30,114
06/09/2003,MHR,CA,AWP,WE,Federal Contract Tower,6,13,13,5,37,0,17,55,13,85,6,30,68,18,122,26,38,64,186
06/10/2003,MHR,CA,AWP,WE,Federal Contract Tower,18,25,48,11,102,0,14,48,17,79,18,39,96,28,181,8,38,46,227
06/11/2003,MHR,CA,AWP,WE,Federal Contract Tower,13,17,24,1,55,2,28,86,11,127,15,45,110,12,182,72,24,96,278
06/12/2003,MHR,CA,AWP,WE,Federal Contract Tower,17,20,30,2,69,0,18,84,7,109,17,38,114,9,178,54,0,54,232
06/13/2003,MHR,CA,AWP,WE,Federal Contract Tower,15,19,26,1,61,3,24,45,6,78,18,43,71,7,139,24,50,74,213
06/14/2003,MHR,CA,AWP,WE,Federal Contract Tower,6,4,5,0,15,0,8,80,0,88,6,12,85,0,103,28,0,28,131
06/15/2003,MHR,CA,AWP,WE,Federal Contract Tower,4,1,10,0,15,0,0,91,5,96,4,1,101,5,111,30,0,30,141
06/16/2003,MHR,CA,AWP,WE,Federal Contract Tower,13,26,25,0,64,0,16,85,1,102,13,42,110,1,166,112,92,204,370
06/17/2003,MHR,CA,AWP,WE,Federal Contract Tower,14,22,32,1,69,0,31,50,0,81,14,53,82,1,150,32,20,52,202
06/18/2003,MHR,CA,AWP,WE,Federal Contract Tower,16,19,27,1,63,1,19,75,5,100,17,38,102,6,163,31,28,59,222
06/19/2003,MHR,CA,AWP,WE,Federal Contract Tower,18,21,32,2,73,2,26,68,5,101,20,47,100,7,174,60,2,62,236
06/20/2003,MHR,CA,AWP,WE,Federal Contract Tower,9,15,22,2,48,0,18,132,6,156,9,33,154,8,204,68,8,76,280
06/21/2003,MHR,CA,AWP,WE,Federal Contract Tower,7,3,7,1,18,0,13,65,3,81,7,16,72,4,99,28,0,28,127
06/22/2003,MHR,CA,AWP,WE,Federal Contract Tower,4,1,10,0,15,0,0,73,7,80,4,1,83,7,95,30,0,30,125
06/23/2003,MHR,CA,AWP,WE,Federal Contract Tower,7,11,23,0,41,0,21,66,2,89,7,32,89,2,130,10,0,10,140
06/24/2003,MHR,CA,AWP,WE,Federal Contract Tower,20,17,30,12,79,0,24,68,13,105,20,41,98,25,184,16,44,60,244
06/25/2003,MHR,CA,AWP,WE,Federal Contract Tower,19,20,21,16,76,0,26,126,10,162,19,46,147,26,238,48,74,122,360
06/26/2003,MHR,CA,AWP,WE,Federal Contract Tower,14,18,26,2,60,5,21,82,7,115,19,39,108,9,175,18,24,42,217
06/27/2003,MHR,CA,AWP,WE,Federal Contract Tower,11,19,27,2,59,0,21,96,6,123,11,40,123,8,182,44,14,58,240
06/28/2003,MHR,CA,AWP,WE,Federal Contract Tower,6,2,6,3,17,0,14,48,7,69,6,16,54,10,86,30,4,34,120
06/29/2003,MHR,CA,AWP,WE,Federal Contract Tower,3,2,16,3,24,0,0,64,2,66,3,2,80,5,90,10,0,10,100
06/30/2003,MHR,CA,AWP,WE,Federal Contract Tower,6,10,21,6,43,0,9,38,2,49,6,19,59,8,92,32,18,50,142
07/01/2003,MHR,CA,AWP,WE,Federal Contract Tower,20,23,27,12,82,0,22,61,7,90,20,45,88,19,172,32,28,60,232
07/02/2003,MHR,CA,AWP,WE,Federal Contract Tower,19,13,59,9,100,0,27,63,0,90,19,40,122,9,190,100,48,148,338
07/03/2003,MHR,CA,AWP,WE,Federal Contract Tower,9,8,21,7,45,0,18,87,0,105,9,26,108,7,150,50,24,74,224
07/04/2003,MHR,CA,AWP,WE,Federal Contract Tower,2,0,17,1,20,0,0,22,2,24,2,0,39,3,44,0,1,1,45
07/05/2003,MHR,CA,AWP,WE,Federal Contract Tower,3,3,1,0,7,0,9,62,0,71,3,12,63,0,78,20,0,20,98
07/06/2003,MHR,CA,AWP,WE,Federal Contract Tower,2,0,9,0,11,0,1,52,0,53,2,1,61,0,64,16,0,16,80
07/07/2003,MHR,CA,AWP,WE,Federal Contract Tower,9,13,11,1,34,0,16,59,5,80,9,29,70,6,114,26,13,39,153
07/08/2003,MHR,CA,AWP,WE,Federal Contract Tower,17,17,14,9,57,0,29,86,5,120,17,46,100,14,177,140,32,172,349
07/09/2003,MHR,CA,AWP,WE,Federal Contract Tower,16,10,31,8,65,0,24,106,0,130,16,34,137,8,195,80,14,94,289
07/10/2003,MHR,CA,AWP,WE,Federal Contract Tower,15,10,11,10,46,1,22,79,10,112,16,32,90,20,158,50,80,130,288
07/11/2003,MHR,CA,AWP,WE,Federal Contract Tower,12,14,35,4,65,0,21,91,9,121,12,35,126,13,186,40,42,82,268
07/12/2003,MHR,CA,AWP,WE,Federal Contract Tower,7,1,12,2,22,0,20,71,5,96,7,21,83,7,118,33,4,37,155
07/13/2003,MHR,CA,AWP,WE,Federal Contract Tower,2,5,8,2,17,0,6,74,4,84,2,11,82,6,101,56,16,72,173
07/14/2003,MHR,CA,AWP,WE,Federal Contract Tower,8,16,25,3,52,0,14,40,0,54,8,30,65,3,106,32,24,56,162
07/15/2003,MHR,CA,AWP,WE,Federal Contract Tower,20,17,66,5,108,0,29,54,21,104,20,46,120,26,212,68,50,118,330
07/16/2003,MHR,CA,AWP,WE,Federal Contract Tower,19,25,22,16,82,0,23,80,1,104,19,48,102,17,186,56,40,96,282
07/17/2003,MHR,CA,AWP,WE,Federal Contract Tower,14,17,26,9,66,1,21,93,13,128,15,38,119,22,194,45,34,79,273
07/18/2003,MHR,CA,AWP,WE,Federal Contract Tower,10,16,23,2,51,0,18,79,0,97,10,34,102,2,148,73,6,79,227
07/19/2003,MHR,CA,AWP,WE,Federal Contract Tower,5,8,9,0,22,0,12,47,4,63,5,20,56,4,85,54,0,54,139
07/20/2003,MHR,CA,AWP,WE,Federal Contract Tower,1,3,16,0,20,0,1,56,2,59,1,4,72,2,79,10,0,10,89
07/21/2003,MHR,CA,AWP,WE,Federal Contract Tower,6,10,4,4,24,0,12,39,9,60,6,22,43,13,84,4,12,16,100
07/22/2003,MHR,CA,AWP,WE,Federal Contract Tower,18,17,33,13,81,0,22,83,0,105,18,39,116,13,186,94,22,116,302
07/23/2003,MHR,CA,AWP,WE,Federal Contract Tower,16,17,20,7,60,0,17,99,5,121,16,34,119,12,181,62,10,72,253
07/24/2003,MHR,CA,AWP,WE,Federal Contract Tower,17,20,34,15,86,2,24,76,2,104,19,44,110,17,190,66,48,114,304
07/25/2003,MHR,CA,AWP,WE,Federal Contract Tower,12,14,21,8,55,0,20,78,6,104,12,34,99,14,159,62,34,96,255
07/26/2003,MHR,CA,AWP,WE,Federal Contract Tower,7,3,3,0,13,0,10,40,0,50,7,13,43,0,63,0,0,0,63
07/27/2003,MHR,CA,AWP,WE,Federal Contract Tower,1,1,9,2,13,0,0,38,1,39,1,1,47,3,52,18,0,18,70
07/28/2003,MHR,CA,AWP,WE,Federal Contract Tower,6,12,16,3,37,0,13,46,3,62,6,25,62,6,99,28,6,34,133
07/29/2003,MHR,CA,AWP,WE,Federal Contract Tower,20,17,8,2,47,0,17,60,8,85,20,34,68,10,132,52,2,54,186
07/30/2003,MHR,CA,AWP,WE,Federal Contract Tower,16,17,19,3,55,0,27,82,6,115,16,44,101,9,170,108,39,147,317
07/31/2003,MHR,CA,AWP,WE,Federal Contract Tower,18,13,37,5,73,0,27,81,11,119,18,40,118,16,192,22,28,50,242
08/01/2003,MHR,CA,AWP,WE,Federal Contract Tower,10,13,27,3,53,0,22,79,2,103,10,35,106,5,156,38,8,46,202
08/02/2003,MHR,CA,AWP,WE,Federal Contract Tower,6,7,15,1,29,0,6,49,22,77,6,13,64,23,106,36,4,40,146
08/03/2003,MHR,CA,AWP,WE,Federal Contract Tower,1,1,13,7,22,0,0,65,25,90,1,1,78,32,112,32,4,36,148
08/04/2003,MHR,CA,AWP,WE,Federal Contract Tower,7,12,17,4,40,0,12,54,8,74,7,24,71,12,114,38,14,52,166
08/05/2003,MHR,CA,AWP,WE,Federal Contract Tower,20,20,34,4,78,0,26,69,8,103,20,46,103,12,181,38,3,41,222
08/06/2003,MHR,CA,AWP,WE,Federal Contract Tower,13,14,25,4,56,7,24,79,7,117,20,38,104,11,173,94,9,103,276
08/07/2003,MHR,CA,AWP,WE,Federal Contract Tower,15,16,18,9,58,0,27,86,9,122,15,43,104,18,180,86,52,138,318
08/08/2003,MHR,CA,AWP,WE,Federal Contract Tower,12,20,47,1,80,0,13,56,5,74,12,33,103,6,154,90,20,110,264
08/09/2003,MHR,CA,AWP,WE,Federal Contract Tower,8,3,5,1,17,0,10,39,7,56,8,13,44,8,73,24,4,28,101
08/10/2003,MHR,CA,AWP,WE,Federal Contract Tower,4,3,20,2,29,0,0,85,5,90,4,3,105,7,119,42,2,44,163
08/11/2003,MHR,CA,AWP,WE,Federal Contract Tower,8,11,19,3,41,0,11,47,11,69,8,22,66,14,110,36,12,48,158
08/12/2003,MHR,CA,AWP,WE,Federal Contract Tower,21,15,8,7,51,0,35,87,0,122,21,50,95,7,173,72,4,76,249
08/13/2003,MHR,CA,AWP,WE,Federal Contract Tower,15,25,32,3,75,1,8,38,7,54,16,33,70,10,129,28,12,40,169
08/14/2003,MHR,CA,AWP,WE,Federal Contract Tower,17,23,36,9,85,0,12,78,0,90,17,35,114,9,175,98,0,98,273
08/15/2003,MHR,CA,AWP,WE,Federal Contract Tower,10,19,57,4,90,0,12,26,4,42,10,31,83,8,132,38,12,50,182
08/16/2003,MHR,CA,AWP,WE,Federal Contract Tower,6,3,15,2,26,0,11,61,0,72,6,14,76,2,98,42,0,42,140
08/17/2003,MHR,CA,AWP,WE,Federal Contract Tower,1,1,40,1,43,0,0,23,4,27,1,1,63,5,70,18,0,18,88
08/18/2003,MHR,CA,AWP,WE,Federal Contract Tower,10,11,12,6,39,0,17,41,8,66,10,28,53,14,105,22,6,28,133
08/19/2003,MHR,CA,AWP,WE,Federal Contract Tower,20,16,19,4,59,0,24,80,8,112,20,40,99,12,171,64,2,66,237
08/20/2003,MHR,CA,AWP,WE,Federal Contract Tower,18,25,35,3,81,0,20,45,3,68,18,45,80,6,149,48,26,74,223
08/21/2003,MHR,CA,AWP,WE,Federal Contract Tower,13,18,7,3,41,0,12,43,3,58,13,30,50,6,99,48,3,51,150
08/22/2003,MHR,CA,AWP,WE,Federal Contract Tower,9,25,20,6,60,0,15,38,3,56,9,40,58,9,116,25,26,51,167
08/23/2003,MHR,CA,AWP,WE,Federal Contract Tower,6,4,17,4,31,0,10,57,0,67,6,14,74,4,98,62,0,62,160
08/24/2003,MHR,CA,AWP,WE,Federal Contract Tower,1,0,22,0,23,0,1,82,0,83,1,1,104,0,106,34,0,34,140
08/25/2003,MHR,CA,AWP,WE,Federal Contract Tower,7,15,18,1,41,0,4,108,4,116,7,19,126,5,157,70,6,76,233
08/26/2003,MHR,CA,AWP,WE,Federal Contract Tower,22,18,18,4,62,0,25,73,7,105,22,43,91,11,167,116,6,122,289
08/27/2003,MHR,CA,AWP,WE,Federal Contract Tower,19,12,37,13,81,0,21,100,15,136,19,33,137,28,217,110,22,132,349
08/28/2003,MHR,CA,AWP,WE,Federal Contract Tower,18,21,20,6,65,0,17,96,9,122,18,38,116,15,187,90,26,116,303
08/29/2003,MHR,CA,AWP,WE,Federal Contract Tower,16,3,12,4,35,0,26,67,1,94,16,29,79,5,129,55,6,61,190
08/30/2003,MHR,CA,AWP,WE,Federal Contract Tower,6,5,18,0,29,0,8,79,0,87,6,13,97,0,116,23,0,23,139
08/31/2003,MHR,CA,AWP,WE,Federal Contract Tower,1,2,8,0,11,0,0,77,0,77,1,2,85,0,88,30,0,30,118
09/01/2003,MHR,CA,AWP,WE,Federal Contract Tower,0,3,11,1,15,0,1,63,1,65,0,4,74,2,80,18,0,18,98
09/02/2003,MHR,CA,AWP,WE,Federal Contract Tower,11,13,22,0,46,0,18,81,10,109,11,31,103,10,155,20,16,36,191
09/03/2003,MHR,CA,AWP,WE,Federal Contract Tower,19,13,42,17,91,0,17,54,11,82,19,30,96,28,173,72,44,116,289
09/04/2003,MHR,CA,AWP,WE,Federal Contract Tower,14,14,16,9,53,0,24,94,6,124,14,38,110,15,177,38,41,79,256
09/05/2003,MHR,CA,AWP,WE,Federal Contract Tower,9,13,11,2,35,0,21,83,13,117,9,34,94,15,152,24,24,48,200
09/06/2003,MHR,CA,AWP,WE,Federal Contract Tower,7,5,7,8,27,0,7,102,15,124,7,12,109,23,151,54,12,66,217
09/07/2003,MHR,CA,AWP,WE,Federal Contract Tower,1,3,3,0,7,0,0,77,10,87,1,3,80,10,94,6,0,6,100
09/08/2003,MHR,CA,AWP,WE,Federal Contract Tower,7,18,20,5,50,0,15,76,2,93,7,33,96,7,143,74,0,74,217
09/09/2003,MHR,CA,AWP,WE,Federal Contract Tower,19,30,29,24,102,0,14,77,6,97,19,44,106,30,199,56,72,128,327
09/10/2003,MHR,CA,AWP,WE,Federal Contract Tower,12,17,30,10,69,0,9,59,0,68,12,26,89,10,137,84,58,142,279
09/11/2003,MHR,CA,AWP,WE,Federal Contract Tower,12,17,19,13,61,0,16,49,8,73,12,33,68,21,134,22,60,82,216
09/12/2003,MHR,CA,AWP,WE,Federal Contract Tower,12,23,16,4,55,0,31,86,4,121,12,54,102,8,176,10,4,14,190
09/13/2003,MHR,CA,AWP,WE,Federal Contract Tower,7,4,14,3,28,0,7,45,4,56,7,11,59,7,84,12,0,12,96
09/14/2003,MHR,CA,AWP,WE,Federal Contract Tower,7,4,23,0,34,0,0,25,3,28,7,4,48,3,62,16,0,16,78
09/15/2003,MHR,CA,AWP,WE,Federal Contract Tower,9,15,16,1,41,0,14,88,6,108,9,29,104,7,149,24,6,30,179
09/16/2003,MHR,CA,AWP,WE,Federal Contract Tower,23,19,25,6,73,0,23,74,9,106,23,42,99,15,179,27,4,31,210
09/17/2003,MHR,CA,AWP,WE,Federal Contract Tower,16,24,27,5,72,0,21,92,14,127,16,45,119,19,199,46,14,60,259
09/18/2003,MHR,CA,AWP,WE,Federal Contract Tower,17,29,14,1,61,0,13,61,1,75,17,42,75,2,136,30,0,30,166
09/19/2003,MHR,CA,AWP,WE,Federal Contract Tower,15,18,21,0,54,0,31,55,3,89,15,49,76,3,143,28,6,34,177
09/20/2003,MHR,CA,AWP,WE,Federal Contract Tower,7,5,18,0,30,0,6,100,2,108,7,11,118,2,138,42,0,42,180
09/21/2003,MHR,CA,AWP,WE,Federal Contract Tower,1,2,15,0,18,0,0,61,0,61,1,2,76,0,79,28,0,28,107
09/22/2003,MHR,CA,AWP,WE,Federal Contract Tower,11,16,10,13,50,0,11,80,12,103,11,27,90,25,153,16,33,49,202
09/23/2003,MHR,CA,AWP,WE,Federal Contract Tower,22,21,28,1,72,0,22,67,5,94,22,43,95,6,166,20,0,20,186
09/24/2003,MHR,CA,AWP,WE,Federal Contract Tower,17,18,19,2,56,0,25,70,17,112,17,43,89,19,168,68,13,81,249
09/25/2003,MHR,CA,AWP,WE,Federal Contract Tower,20,26,32,6,84,0,17,66,5,88,20,43,98,11,172,28,12,40,212
09/26/2003,MHR,CA,AWP,WE,Federal Contract Tower,14,24,19,6,63,0,21,82,5,108,14,45,101,11,171,70,0,70,241
09/27/2003,MHR,CA,AWP,WE,Federal Contract Tower,5,11,16,0,32,0,1,53,0,54,5,12,69,0,86,46,0,46,132
09/28/2003,MHR,CA,AWP,WE,Federal Contract Tower,2,1,12,0,15,0,0,70,0,70,2,1,82,0,85,20,0,20,105
09/29/2003,MHR,CA,AWP,WE,Federal Contract Tower,8,16,12,6,42,0,14,83,2,99,8,30,95,8,141,36,8,44,185
09/30/2003,MHR,CA,AWP,WE,Federal Contract Tower,19,27,9,0,55,0,21,78,0,99,19,48,87,0,154,60,0,60,214
10/01/2003,MHR,CA,AWP,WE,Federal Contract Tower,19,21,27,11,78,0,25,94,14,133,19,46,121,25,211,86,18,104,315
10/02/2003,MHR,CA,AWP,WE,Federal Contract Tower,16,19,25,10,70,0,11,65,4,80,16,30,90,14,150,40,38,78,228
10/03/2003,MHR,CA,AWP,WE,Federal Contract Tower,13,19,24,10,66,0,10,62,15,87,13,29,86,25,153,116,8,124,277
10/04/2003,MHR,CA,AWP,WE,Federal Contract Tower,8,10,13,5,36,0,0,76,9,85,8,10,89,14,121,38,8,46,167
10/05/2003,MHR,CA,AWP,WE,Federal Contract Tower,3,4,7,1,15,0,0,88,0,88,3,4,95,1,103,30,0,30,133
10/06/2003,MHR,CA,AWP,WE,Federal Contract Tower,8,13,17,6,44,0,19,70,10,99,8,32,87,16,143,16,42,58,201
10/07/2003,MHR,CA,AWP,WE,Federal Contract Tower,15,16,22,7,60,6,14,84,0,104,21,30,106,7,164,80,11,91,255
10/08/2003,MHR,CA,AWP,WE,Federal Contract Tower,11,13,17,6,47,7,16,60,2,85,18,29,77,8,132,42,16,58,190
10/09/2003,MHR,CA,AWP,WE,Federal Contract Tower,13,18,23,7,61,0,5,37,0,42,13,23,60,7,103,8,12,20,123
10/10/2003,MHR,CA,AWP,WE,Federal Contract Tower,13,15,19,8,55,1,22,70,5,98,14,37,89,13,153,40,11,51,204
10/11/2003,MHR,CA,AWP,WE,Federal Contract Tower,7,6,9,0,22,1,8,75,0,84,8,14,84,0,106,64,0,64,170
10/12/2003,MHR,CA,AWP,WE,Federal Contract Tower,2,3,5,3,13,0,2,61,2,65,2,5,66,5,78,2,10,12,90
10/13/2003,MHR,CA,AWP,WE,Federal Contract Tower,9,12,15,3,39,0,0,62,0,62,9,12,77,3,101,44,0,44,145
10/14/2003,MHR,CA,AWP,WE,Federal Contract Tower,15,17,22,6,60,8,12,89,0,109,23,29,111,6,169,32,22,54,223
10/15/2003,MHR,CA,AWP,WE,Federal Contract Tower,19,25,29,13,86,0,4,60,14,78,19,29,89,27,164,22,46,68,232
10/16/2003,MHR,CA,AWP,WE,Federal Contract Tower,15,19,22,10,66,1,12,48,21,82,16,31,70,31,148,32,69,101,249
10/17/2003,MHR,CA,AWP,WE,Federal Contract Tower,27,33,39,11,110,14,2,81,0,97,41,35,120,11,207,33,6,39,246
10/18/2003,MHR,CA,AWP,WE,Federal Contract Tower,7,10,11,5,33,2,5,86,3,96,9,15,97,8,129,10,0,10,139
10/19/2003,MHR,CA,AWP,WE,Federal Contract Tower,4,5,8,4,21,0,0,80,2,82,4,5,88,6,103,6,12,18,121
10/20/2003,MHR,CA,AWP,WE,Federal Contract Tower,7,12,13,6,38,0,11,65,17,93,7,23,78,23,131,26,44,70,201
10/21/2003,MHR,CA,AWP,WE,Federal Contract Tower,18,23,27,8,76,4,7,88,0,99,22,30,115,8,175,68,26,94,269
10/22/2003,MHR,CA,AWP,WE,Federal Contract Tower,15,19,23,11,68,1,16,98,3,118,16,35,121,14,186,50,54,104,290
10/23/2003,MHR,CA,AWP,WE,Federal Contract Tower,14,18,21,10,63,4,19,64,16,103,18,37,85,26,166,86,45,131,297
10/24/2003,MHR,CA,AWP,WE,Federal Contract Tower,12,21,25,11,69,0,20,84,5,109,12,41,109,16,178,30,8,38,216
10/25/2003,MHR,CA,AWP,WE,Federal Contract Tower,6,7,8,0,21,2,6,82,0,90,8,13,90,0,111,20,0,20,131
10/26/2003,MHR,CA,AWP,WE,Federal Contract Tower,3,5,10,4,22,0,0,73,0,73,3,5,83,4,95,34,0,34,129
10/27/2003,MHR,CA,AWP,WE,Federal Contract Tower,7,15,18,8,48,0,7,80,2,89,7,22,98,10,137,62,12,74,211
10/28/2003,MHR,CA,AWP,WE,Federal Contract Tower,19,28,35,16,98,0,14,61,12,87,19,42,96,28,185,50,44,94,279
10/29/2003,MHR,CA,AWP,WE,Federal Contract Tower,16,24,28,13,81,0,10,84,3,97,16,34,112,16,178,104,4,108,286
10/30/2003,MHR,CA,AWP,WE,Federal Contract Tower,17,21,25,11,74,2,12,88,5,107,19,33,113,16,181,62,0,62,243
10/31/2003,MHR,CA,AWP,WE,Federal Contract Tower,12,25,30,12,79,0,19,34,4,57,12,44,64,16,136,0,24,24,160
11/01/2003,MHR,CA,AWP,WE,Federal Contract Tower,5,6,11,2,24,3,7,64,2,76,8,13,75,4,100,21,0,21,121
11/02/2003,MHR,CA,AWP,WE,Federal Contract Tower,0,6,14,3,23,0,2,38,3,43,0,8,52,6,66,20,0,20,86
11/03/2003,MHR,CA,AWP,WE,Federal Contract Tower,8,17,31,3,59,0,13,49,0,62,8,30,80,3,121,21,4,25,146
11/04/2003,MHR,CA,AWP,WE,Federal Contract Tower,15,19,35,9,78,6,29,71,4,110,21,48,106,13,188,60,38,98,286
11/05/2003,MHR,CA,AWP,WE,Federal Contract Tower,23,33,58,14,128,2,9,76,39,126,25,42,134,53,254,136,82,218,472
11/06/2003,MHR,CA,AWP,WE,Federal Contract Tower,16,20,39,10,85,2,21,22,10,55,18,41,61,20,140,6,1,7,147
11/07/2003,MHR,CA,AWP,WE,Federal Contract Tower,12,29,48,12,101,0,15,40,8,63,12,44,88,20,164,48,16,64,228
11/08/2003,MHR,CA,AWP,WE,Federal Contract Tower,8,11,16,1,36,0,2,24,0,26,8,13,40,1,62,0,2,2,64
11/09/2003,MHR,CA,AWP,WE,Federal Contract Tower,2,3,13,2,20,0,0,24,0,24,2,3,37,2,44,0,0,0,44
11/10/2003,MHR,CA,AWP,WE,Federal Contract Tower,8,13,20,0,41,1,16,67,0,84,9,29,87,0,125,40,0,40,165
11/11/2003,MHR,CA,AWP,WE,Federal Contract Tower,11,18,29,2,60,9,28,54,0,91,20,46,83,2,151,10,0,10,161
11/12/2003,MHR,CA,AWP,WE,Federal Contract Tower,11,18,29,7,65,2,17,76,4,99,13,35,105,11,164,34,20,54,218
11/13/2003,MHR,CA,AWP,WE,Federal Contract Tower,16,28,46,12,102,0,10,74,7,91,16,38,120,19,193,11,34,45,238
11/14/2003,MHR,CA,AWP,WE,Federal Contract Tower,14,34,55,14,117,0,6,33,16,55,14,40,88,30,172,2,48,50,222
11/15/2003,MHR,CA,AWP,WE,Federal Contract Tower,6,11,17,5,39,3,3,50,4,60,9,14,67,9,99,4,0,4,103
11/16/2003,MHR,CA,AWP,WE,Federal Contract Tower,2,0,20,5,27,0,0,83,3,86,2,0,103,8,113,2,0,2,115
11/17/2003,MHR,CA,AWP,WE,Federal Contract Tower,8,25,40,10,83,0,26,43,7,76,8,51,83,17,159,34,10,44,203
11/18/2003,MHR,CA,AWP,WE,Federal Contract Tower,13,20,32,8,73,5,18,46,2,71,18,38,78,10,144,42,2,44,188
11/19/2003,MHR,CA,AWP,WE,Federal Contract Tower,12,19,31,7,69,3,18,86,16,123,15,37,117,23,192,34,36,70,262
11/20/2003,MHR,CA,AWP,WE,Federal Contract Tower,14,26,43,2,85,0,6,37,0,43,14,32,80,2,128,0,2,2,130
11/21/2003,MHR,CA,AWP,WE,Federal Contract Tower,12,24,40,9,85,0,21,88,9,118,12,45,128,18,203,24,14,38,241
11/22/2003,MHR,CA,AWP,WE,Federal Contract Tower,9,10,25,3,47,2,0,45,0,47,11,10,70,3,94,0,0,0,94
11/23/2003,MHR,CA,AWP,WE,Federal Contract Tower,2,0,7,0,9,1,0,79,0,80,3,0,86,0,89,27,0,27,116
11/24/2003,MHR,CA,AWP,WE,Federal Contract Tower,9,14,23,5,51,0,6,48,10,64,9,20,71,15,115,12,32,44,159
11/25/2003,MHR,CA,AWP,WE,Federal Contract Tower,19,30,50,11,110,6,14,70,17,107,25,44,120,28,217,72,50,122,339
11/26/2003,MHR,CA,AWP,WE,Federal Contract Tower,12,18,31,7,68,5,12,68,10,95,17,30,99,17,163,39,32,71,234
11/27/2003,MHR,CA,AWP,WE,Federal Contract Tower,2,0,8,1,11,1,0,27,1,29,3,0,35,2,40,6,0,6,46
11/28/2003,MHR,CA,AWP,WE,Federal Contract Tower,7,12,20,1,40,3,25,55,0,83,10,37,75,1,123,24,0,24,147
11/29/2003,MHR,CA,AWP,WE,Federal Contract Tower,6,10,16,0,32,1,5,48,0,54,7,15,64,0,86,0,0,0,86
11/30/2003,MHR,CA,AWP,WE,Federal Contract Tower,3,4,15,0,22,0,0,23,0,23,3,4,38,0,45,14,0,14,59
12/01/2003,MHR,CA,AWP,WE,Federal Contract Tower,10,31,31,8,80,0,4,70,5,79,10,35,101,13,159,59,6,65,224
12/02/2003,MHR,CA,AWP,WE,Federal Contract Tower,23,38,37,10,108,0,19,27,1,47,23,57,64,11,155,54,8,62,217
12/03/2003,MHR,CA,AWP,WE,Federal Contract Tower,19,29,29,8,85,0,26,34,11,71,19,55,63,19,156,65,4,69,225
12/04/2003,MHR,CA,AWP,WE,Federal Contract Tower,20,34,20,5,79,0,22,0,0,22,20,56,20,5,101,0,0,0,101
12/05/2003,MHR,CA,AWP,WE,Federal Contract Tower,17,35,35,9,96,0,20,38,7,65,17,55,73,16,161,20,30,50,211
12/06/2003,MHR,CA,AWP,WE,Federal Contract Tower,8,11,17,4,40,0,0,12,13,25,8,11,29,17,65,18,2,20,85
12/07/2003,MHR,CA,AWP,WE,Federal Contract Tower,1,3,8,2,14,0,0,46,3,49,1,3,54,5,63,8,12,20,83
12/08/2003,MHR,CA,AWP,WE,Federal Contract Tower,11,22,21,6,60,0,13,106,18,137,11,35,127,24,197,14,60,74,271
12/09/2003,MHR,CA,AWP,WE,Federal Contract Tower,18,34,34,9,95,0,31,34,10,75,18,65,68,19,170,12,32,44,214
12/10/2003,MHR,CA,AWP,WE,Federal Contract Tower,23,41,41,12,117,0,1,33,1,35,23,42,74,13,152,12,10,22,174
12/11/2003,MHR,CA,AWP,WE,Federal Contract Tower,18,30,30,6,84,0,18,32,0,50,18,48,62,6,134,58,4,62,196
12/12/2003,MHR,CA,AWP,WE,Federal Contract Tower,18,42,41,12,113,0,10,47,2,59,18,52,88,14,172,52,22,74,246
12/13/2003,MHR,CA,AWP,WE,Federal Contract Tower,8,13,13,2,36,0,2,42,0,44,8,15,55,2,80,32,8,40,120
12/14/2003,MHR,CA,AWP,WE,Federal Contract Tower,2,6,11,2,21,0,0,66,0,66,2,6,77,2,87,14,0,14,101
12/15/2003,MHR,CA,AWP,WE,Federal Contract Tower,12,25,26,8,71,0,10,86,13,109,12,35,112,21,180,60,18,78,258
12/16/2003,MHR,CA,AWP,WE,Federal Contract Tower,19,33,31,10,93,11,28,61,10,110,30,61,92,20,203,118,34,152,355
12/17/2003,MHR,CA,AWP,WE,Federal Contract Tower,29,50,47,14,140,2,11,97,5,115,31,61,144,19,255,88,34,122,377
12/18/2003,MHR,CA,AWP,WE,Federal Contract Tower,25,43,41,12,121,10,13,69,18,110,35,56,110,30,231,78,42,120,351
12/19/2003,MHR,CA,AWP,WE,Federal Contract Tower,17,29,27,8,81,7,25,36,11,79,24,54,63,19,160,94,44,138,298
12/20/2003,MHR,CA,AWP,WE,Federal Contract Tower,9,13,22,2,46,0,0,19,0,19,9,13,41,2,65,0,0,0,65
12/21/2003,MHR,CA,AWP,WE,Federal Contract Tower,8,1,13,2,24,0,0,58,0,58,8,1,71,2,82,28,0,28,110
12/22/2003,MHR,CA,AWP,WE,Federal Contract Tower,16,29,27,2,74,0,9,35,0,44,16,38,62,2,118,9,0,9,127
12/23/2003,MHR,CA,AWP,WE,Federal Contract Tower,21,36,33,0,90,13,11,40,0,64,34,47,73,0,154,0,0,0,154
12/24/2003,MHR,CA,AWP,WE,Federal Contract Tower,16,29,12,0,57,5,24,0,0,29,21,53,12,0,86,0,0,0,86
12/25/2003,MHR,CA,AWP,WE,Federal Contract Tower,0,4,3,0,7,0,0,10,0,10,0,4,13,0,17,14,0,14,31
12/26/2003,MHR,CA,AWP,WE,Federal Contract Tower,9,17,15,0,41,3,22,86,0,111,12,39,101,0,152,12,0,12,164
12/27/2003,MHR,CA,AWP,WE,Federal Contract Tower,6,11,10,3,30,1,8,112,5,126,7,19,122,8,156,31,0,31,187
12/28/2003,MHR,CA,AWP,WE,Federal Contract Tower,2,1,12,0,15,0,0,54,0,54,2,1,66,0,69,16,0,16,85
12/29/2003,MHR,CA,AWP,WE,Federal Contract Tower,6,11,5,3,25,1,7,0,0,8,7,18,5,3,33,0,0,0,33
12/30/2003,MHR,CA,AWP,WE,Federal Contract Tower,16,28,26,7,77,6,17,58,6,87,22,45,84,13,164,6,6,12,176
12/31/2003,MHR,CA,AWP,WE,Federal Contract Tower,14,25,25,7,71,3,11,48,8,70,17,36,73,15,141,18,12,30,171
01/01/2004,MHR,CA,AWP,WE,Federal Contract Tower,0,2,4,0,6,0,0,16,0,16,0,2,20,0,22,0,0,0,22
01/02/2004,MHR,CA,AWP,WE,Federal Contract Tower,6,13,18,0,37,4,14,5,0,23,10,27,23,0,60,0,0,0,60
01/03/2004,MHR,CA,AWP,WE,Federal Contract Tower,4,5,9,1,19,3,12,77,0,92,7,17,86,1,111,20,0,20,131
01/04/2004,MHR,CA,AWP,WE,Federal Contract Tower,2,1,10,0,13,0,0,85,0,85,2,1,95,0,98,22,0,22,120
01/05/2004,MHR,CA,AWP,WE,Federal Contract Tower,9,14,21,4,48,0,18,75,11,104,9,32,96,15,152,8,36,44,196
01/06/2004,MHR,CA,AWP,WE,Federal Contract Tower,14,30,40,8,92,7,10,57,14,88,21,40,97,22,180,34,72,106,286
01/07/2004,MHR,CA,AWP,WE,Federal Contract Tower,16,33,44,9,102,3,12,19,28,62,19,45,63,37,164,20,58,78,242
01/08/2004,MHR,CA,AWP,WE,Federal Contract Tower,16,34,43,9,102,5,5,28,29,67,21,39,71,38,169,10,70,80,249
01/09/2004,MHR,CA,AWP,WE,Federal Contract Tower,7,25,32,8,72,0,16,20,6,42,7,41,52,14,114,22,21,43,157
01/10/2004,MHR,CA,AWP,WE,Federal Contract Tower,7,12,20,4,43,0,0,50,14,64,7,12,70,18,107,0,2,2,109
01/11/2004,MHR,CA,AWP,WE,Federal Contract Tower,1,6,19,4,30,0,0,87,0,87,1,6,106,4,117,30,6,36,153
01/12/2004,MHR,CA,AWP,WE,Federal Contract Tower,8,20,25,1,54,1,14,7,0,22,9,34,32,1,76,0,0,0,76
01/13/2004,MHR,CA,AWP,WE,Federal Contract Tower,16,36,47,8,107,3,11,5,0,19,19,47,52,8,126,14,4,18,144
01/14/2004,MHR,CA,AWP,WE,Federal Contract Tower,21,44,65,4,134,0,0,16,0,16,21,44,81,4,150,4,4,8,158
01/15/2004,MHR,CA,AWP,WE,Federal Contract Tower,19,40,52,4,115,0,5,17,0,22,19,45,69,4,137,22,0,22,159
01/16/2004,MHR,CA,AWP,WE,Federal Contract Tower,11,39,51,8,109,0,4,6,0,10,11,43,57,8,119,0,0,0,119
01/17/2004,MHR,CA,AWP,WE,Federal Contract Tower,9,16,33,2,60,0,0,42,0,42,9,16,75,2,102,0,0,0,102
01/18/2004,MHR,CA,AWP,WE,Federal Contract Tower,1,0,20,0,21,0,0,41,0,41,1,0,61,0,62,0,0,0,62
01/19/2004,MHR,CA,AWP,WE,Federal Contract Tower,9,22,28,2,61,1,3,13,0,17,10,25,41,2,78,6,0,6,84
01/20/2004,MHR,CA,AWP,WE,Federal Contract Tower,18,42,56,6,122,2,10,19,0,31,20,52,75,6,153,32,0,32,185
01/21/2004,MHR,CA,AWP,WE,Federal Contract Tower,16,35,46,8,105,3,15,92,4,114,19,50,138,12,219,90,16,106,325
01/22/2004,MHR,CA,AWP,WE,Federal Contract Tower,12,29,38,7,86,9,26,97,0,132,21,55,135,7,218,134,14,148,366
01/23/2004,MHR,CA,AWP,WE,Federal Contract Tower,9,28,37,6,80,0,18,36,8,62,9,46,73,14,142,86,24,110,252
01/24/2004,MHR,CA,AWP,WE,Federal Contract Tower,8,14,33,2,57,0,0,49,0,49,8,14,82,2,106,0,0,0,106
01/25/2004,MHR,CA,AWP,WE,Federal Contract Tower,1,7,22,2,32,0,0,79,0,79,1,7,101,2,111,50,0,50,161
01/26/2004,MHR,CA,AWP,WE,Federal Contract Tower,9,19,25,3,56,0,12,74,0,86,9,31,99,3,142,42,0,42,184
01/27/2004,MHR,CA,AWP,WE,Federal Contract Tower,21,47,48,11,127,2,6,0,30,38,23,53,48,41,165,4,14,18,183
01/28/2004,MHR,CA,AWP,WE,Federal Contract Tower,16,36,49,9,110,4,16,26,6,52,20,52,75,15,162,70,26,96,258
01/29/2004,MHR,CA,AWP,WE,Federal Contract Tower,15,38,50,9,112,0,19,30,1,50,15,57,80,10,162,26,0,26,188
01/30/2004,MHR,CA,AWP,WE,Federal Contract Tower,10,33,43,8,94,0,9,14,5,28,10,42,57,13,122,16,0,16,138
01/31/2004,MHR,CA,AWP,WE,Federal Contract Tower,7,11,20,0,38,0,0,65,0,65,7,11,85,0,103,24,0,24,127
02/01/2004,MHR,CA,AWP,WE,Federal Contract Tower,1,2,12,3,18,0,0,51,0,51,1,2,63,3,69,0,0,0,69
02/02/2004,MHR,CA,AWP,WE,Federal Contract Tower,11,14,20,7,52,0,14,8,3,25,11,28,28,10,77,2,12,14,91
02/03/2004,MHR,CA,AWP,WE,Federal Contract Tower,18,41,54,20,133,0,7,8,37,52,18,48,62,57,185,2,22,24,209
02/04/2004,MHR,CA,AWP,WE,Federal Contract Tower,20,31,40,15,106,1,16,87,25,129,21,47,127,40,235,104,80,184,419
02/05/2004,MHR,CA,AWP,WE,Federal Contract Tower,18,30,40,14,102,1,25,53,9,88,19,55,93,23,190,60,22,82,272
02/06/2004,MHR,CA,AWP,WE,Federal Contract Tower,11,20,28,9,68,0,17,35,3,55,11,37,63,12,123,10,23,33,156
02/07/2004,MHR,CA,AWP,WE,Federal Contract Tower,6,9,13,4,32,2,3,72,2,79,8,12,85,6,111,10,14,24,135
02/08/2004,MHR,CA,AWP,WE,Federal Contract Tower,1,1,14,5,21,0,0,69,0,69,1,1,83,5,90,4,4,8,98
02/09/2004,MHR,CA,AWP,WE,Federal Contract Tower,5,15,21,8,49,0,12,86,11,109,5,27,107,19,158,46,20,66,224
02/10/2004,MHR,CA,AWP,WE,Federal Contract Tower,13,23,30,12,78,9,25,74,12,120,22,48,104,24,198,28,6,34,232
02/11/2004,MHR,CA,AWP,WE,Federal Contract Tower,15,28,35,13,91,5,14,91,24,134,20,42,126,37,225,52,40,92,317
02/12/2004,MHR,CA,AWP,WE,Federal Contract Tower,17,31,39,15,102,3,14,87,32,136,20,45,126,47,238,14,82,96,334
02/13/2004,MHR,CA,AWP,WE,Federal Contract Tower,12,22,27,11,72,1,32,44,19,96,13,54,71,30,168,60,66,126,294
02/14/2004,MHR,CA,AWP,WE,Federal Contract Tower,4,7,9,0,20,3,12,58,0,73,7,19,67,0,93,26,0,26,119
02/15/2004,MHR,CA,AWP,WE,Federal Contract Tower,1,6,27,2,36,0,0,86,0,86,1,6,113,2,122,0,0,0,122
02/16/2004,MHR,CA,AWP,WE,Federal Contract Tower,7,12,15,0,34,2,11,1,0,14,9,23,16,0,48,0,0,0,48
02/17/2004,MHR,CA,AWP,WE,Federal Contract Tower,16,29,36,5,86,8,23,14,0,45,24,52,50,5,131,12,4,16,147
02/18/2004,MHR,CA,AWP,WE,Federal Contract Tower,19,40,51,19,129,0,9,24,11,44,19,49,75,30,173,20,50,70,243
02/19/2004,MHR,CA,AWP,WE,Federal Contract Tower,14,24,31,9,78,6,27,75,0,108,20,51,106,9,186,24,8,32,218
02/20/2004,MHR,CA,AWP,WE,Federal Contract Tower,12,20,25,8,65,0,24,41,0,65,12,44,66,8,130,24,24,48,178
02/21/2004,MHR,CA,AWP,WE,Federal Contract Tower,7,13,17,6,43,2,3,39,0,44,9,16,56,6,87,6,0,6,93
02/22/2004,MHR,CA,AWP,WE,Federal Contract Tower,1,2,11,3,17,0,0,34,11,45,1,2,45,14,62,0,6,6,68
02/23/2004,MHR,CA,AWP,WE,Federal Contract Tower,7,27,35,12,81,0,5,47,2,54,7,32,82,14,135,46,18,64,199
02/24/2004,MHR,CA,AWP,WE,Federal Contract Tower,19,34,43,15,111,2,7,20,27,56,21,41,63,42,167,22,30,52,219
02/25/2004,MHR,CA,AWP,WE,Federal Contract Tower,9,16,19,0,44,13,7,0,0,20,22,23,19,0,64,0,1,1,65
02/26/2004,MHR,CA,AWP,WE,Federal Contract Tower,18,31,41,12,102,1,17,25,0,43,19,48,66,12,145,0,4,4,149
02/27/2004,MHR,CA,AWP,WE,Federal Contract Tower,13,26,33,9,81,0,19,53,0,72,13,45,86,9,153,76,28,104,257
02/28/2004,MHR,CA,AWP,WE,Federal Contract Tower,7,13,21,0,41,0,0,108,0,108,7,13,129,0,149,36,0,36,185
02/29/2004,MHR,CA,AWP,WE,Federal Contract Tower,1,2,10,3,16,0,0,99,3,102,1,2,109,6,118,30,6,36,154
03/01/2004,MHR,CA,AWP,WE,Federal Contract Tower,8,18,28,4,58,0,12,8,0,20,8,30,36,4,78,0,0,0,78
03/02/2004,MHR,CA,AWP,WE,Federal Contract Tower,17,23,35,6,81,2,23,55,9,89,19,46,90,15,170,18,8,26,196
03/03/2004,MHR,CA,AWP,WE,Federal Contract Tower,17,23,36,6,82,3,20,78,17,118,20,43,114,23,200,42,8,50,250
03/04/2004,MHR,CA,AWP,WE,Federal Contract Tower,16,21,34,6,77,4,29,96,13,142,20,50,130,19,219,106,18,124,343
03/05/2004,MHR,CA,AWP,WE,Federal Contract Tower,9,17,28,5,59,0,29,76,5,110,9,46,104,10,169,70,6,76,245
03/06/2004,MHR,CA,AWP,WE,Federal Contract Tower,7,12,20,3,42,0,0,102,0,102,7,12,122,3,144,22,0,22,166
03/07/2004,MHR,CA,AWP,WE,Federal Contract Tower,2,3,16,2,23,0,0,86,1,87,2,3,102,3,110,10,0,10,120
03/08/2004,MHR,CA,AWP,WE,Federal Contract Tower,8,14,23,1,46,0,8,95,0,103,8,22,118,1,149,44,0,44,193
03/09/2004,MHR,CA,AWP,WE,Federal Contract Tower,14,19,30,5,68,5,13,79,0,97,19,32,109,5,165,48,0,48,213
03/10/2004,MHR,CA,AWP,WE,Federal Contract Tower,17,25,36,6,84,4,24,116,12,156,21,49,152,18,240,36,0,36,276
03/11/2004,MHR,CA,AWP,WE,Federal Contract Tower,17,23,33,6,79,2,22,87,11,122,19,45,120,17,201,34,2,36,237
03/12/2004,MHR,CA,AWP,WE,Federal Contract Tower,11,18,26,5,60,0,28,52,7,87,11,46,78,12,147,4,6,10,157
03/13/2004,MHR,CA,AWP,WE,Federal Contract Tower,7,10,14,2,33,1,2,84,8,95,8,12,98,10,128,16,20,36,164
03/14/2004,MHR,CA,AWP,WE,Federal Contract Tower,2,1,15,3,21,0,0,102,12,114,2,1,117,15,135,26,14,40,175
03/15/2004,MHR,CA,AWP,WE,Federal Contract Tower,8,16,24,3,51,0,15,90,0,105,8,31,114,3,156,42,0,42,198
03/16/2004,MHR,CA,AWP,WE,Federal Contract Tower,17,25,37,8,87,4,23,78,5,110,21,48,115,13,197,98,0,98,295
03/17/2004,MHR,CA,AWP,WE,Federal Contract Tower,17,26,37,8,88,5,25,102,8,140,22,51,139,16,228,48,4,52,280
03/18/2004,MHR,CA,AWP,WE,Federal Contract Tower,18,28,40,8,94,4,25,113,13,155,22,53,153,21,249,30,30,60,309
03/19/2004,MHR,CA,AWP,WE,Federal Contract Tower,9,18,27,6,60,0,25,54,14,93,9,43,81,20,153,41,22,63,216
03/20/2004,MHR,CA,AWP,WE,Federal Contract Tower,8,11,22,5,46,0,0,84,7,91,8,11,106,12,137,14,22,36,173
03/21/2004,MHR,CA,AWP,WE,Federal Contract Tower,6,0,18,4,28,0,0,93,5,98,6,0,111,9,126,16,10,26,152
03/22/2004,MHR,CA,AWP,WE,Federal Contract Tower,8,14,19,4,45,0,21,125,1,147,8,35,144,5,192,74,0,74,266
03/23/2004,MHR,CA,AWP,WE,Federal Contract Tower,18,26,38,0,82,1,18,68,0,87,19,44,106,0,169,16,0,16,185
03/24/2004,MHR,CA,AWP,WE,Federal Contract Tower,13,20,29,6,68,9,26,83,6,124,22,46,112,12,192,81,16,97,289
03/25/2004,MHR,CA,AWP,WE,Federal Contract Tower,19,30,45,9,103,0,22,54,16,92,19,52,99,25,195,28,22,50,245
03/26/2004,MHR,CA,AWP,WE,Federal Contract Tower,10,18,27,6,61,0,32,78,2,112,10,50,105,8,173,46,20,66,239
03/27/2004,MHR,CA,AWP,WE,Federal Contract Tower,7,11,22,1,41,0,0,70,0,70,7,11,92,1,111,22,2,24,135
03/28/2004,MHR,CA,AWP,WE,Federal Contract Tower,3,0,13,2,18,0,0,113,0,113,3,0,126,2,131,20,0,20,151
03/29/2004,MHR,CA,AWP,WE,Federal Contract Tower,7,17,24,5,53,0,5,100,7,112,7,22,124,12,165,75,24,99,264
03/30/2004,MHR,CA,AWP,WE,Federal Contract Tower,19,27,40,7,93,3,18,64,5,90,22,45,104,12,183,70,38,108,291
03/31/2004,MHR,CA,AWP,WE,Federal Contract Tower,11,16,25,4,56,9,22,82,15,128,20,38,107,19,184,102,40,142,326
04/01/2004,MHR,CA,AWP,WE,Federal Contract Tower,14,17,26,8,65,7,29,31,14,81,21,46,57,22,146,8,26,34,180
04/02/2004,MHR,CA,AWP,WE,Federal Contract Tower,9,12,20,6,47,0,23,46,1,70,9,35,66,7,117,12,6,18,135
04/03/2004,MHR,CA,AWP,WE,Federal Contract Tower,5,6,10,2,23,2,5,58,1,66,7,11,68,3,89,26,2,28,117
04/04/2004,MHR,CA,AWP,WE,Federal Contract Tower,2,0,13,4,19,0,0,97,3,100,2,0,110,7,119,20,0,20,139
04/05/2004,MHR,CA,AWP,WE,Federal Contract Tower,5,15,24,7,51,0,16,67,13,96,5,31,91,20,147,58,42,100,247
04/06/2004,MHR,CA,AWP,WE,Federal Contract Tower,21,26,39,12,98,2,20,107,14,143,23,46,146,26,241,168,42,210,451
04/07/2004,MHR,CA,AWP,WE,Federal Contract Tower,18,21,32,10,81,3,30,74,15,122,21,51,106,25,203,62,60,122,325
04/08/2004,MHR,CA,AWP,WE,Federal Contract Tower,17,20,30,9,76,5,28,85,5,123,22,48,115,14,199,98,52,150,349
04/09/2004,MHR,CA,AWP,WE,Federal Contract Tower,10,12,19,5,46,2,32,88,11,133,12,44,107,16,179,60,32,92,271
04/10/2004,MHR,CA,AWP,WE,Federal Contract Tower,6,7,10,0,23,2,5,71,0,78,8,12,81,0,101,54,0,54,155
04/11/2004,MHR,CA,AWP,WE,Federal Contract Tower,3,1,5,0,9,0,0,56,0,56,3,1,61,0,65,46,0,46,111
04/12/2004,MHR,CA,AWP,WE,Federal Contract Tower,9,14,20,6,49,0,16,99,2,117,9,30,119,8,166,90,2,92,258
04/13/2004,MHR,CA,AWP,WE,Federal Contract Tower,17,23,32,11,83,4,26,82,6,118,21,49,114,17,201,36,40,76,277
04/14/2004,MHR,CA,AWP,WE,Federal Contract Tower,15,19,28,10,72,9,21,67,14,111,24,40,95,24,183,30,38,68,251
04/15/2004,MHR,CA,AWP,WE,Federal Contract Tower,20,31,45,15,111,0,8,94,18,120,20,39,139,33,231,48,64,112,343
04/16/2004,MHR,CA,AWP,WE,Federal Contract Tower,9,18,26,9,62,0,25,43,10,78,9,43,69,19,140,44,24,68,208
04/17/2004,MHR,CA,AWP,WE,Federal Contract Tower,8,10,16,6,40,0,0,65,7,72,8,10,81,13,112,50,4,54,166
04/18/2004,MHR,CA,AWP,WE,Federal Contract Tower,2,3,21,7,33,0,0,71,12,83,2,3,92,19,116,6,18,24,140
04/19/2004,MHR,CA,AWP,WE,Federal Contract Tower,13,31,44,15,103,0,6,67,27,100,13,37,111,42,203,12,100,112,315
04/20/2004,MHR,CA,AWP,WE,Federal Contract Tower,23,32,46,16,117,0,14,42,19,75,23,46,88,35,192,30,48,78,270
04/21/2004,MHR,CA,AWP,WE,Federal Contract Tower,21,30,42,14,107,0,25,90,13,128,21,55,132,27,235,12,54,66,301
04/22/2004,MHR,CA,AWP,WE,Federal Contract Tower,16,21,30,10,77,5,23,83,2,113,21,44,113,12,190,28,10,38,228
04/23/2004,MHR,CA,AWP,WE,Federal Contract Tower,12,16,22,8,58,0,16,66,15,97,12,32,88,23,155,54,30,84,239
04/24/2004,MHR,CA,AWP,WE,Federal Contract Tower,6,10,14,5,35,0,3,96,14,113,6,13,110,19,148,32,6,38,186
04/25/2004,MHR,CA,AWP,WE,Federal Contract Tower,2,8,11,2,23,0,0,102,0,102,2,8,113,2,125,30,0,30,155
04/26/2004,MHR,CA,AWP,WE,Federal Contract Tower,8,12,16,1,37,2,22,95,0,119,10,34,111,1,156,81,4,85,241
04/27/2004,MHR,CA,AWP,WE,Federal Contract Tower,18,24,36,9,87,3,41,118,0,162,21,65,154,9,249,72,16,88,337
04/28/2004,MHR,CA,AWP,WE,Federal Contract Tower,20,26,39,9,94,0,20,97,0,117,20,46,136,9,211,22,16,38,249
04/29/2004,MHR,CA,AWP,WE,Federal Contract Tower,16,22,32,10,80,5,32,104,3,144,21,54,136,13,224,32,12,44,268
04/30/2004,MHR,CA,AWP,WE,Federal Contract Tower,10,13,20,6,49,3,27,78,1,109,13,40,98,7,158,144,8,152,310
05/01/2004,MHR,CA,AWP,WE,Federal Contract Tower,7,9,13,2,31,0,1,76,0,77,7,10,89,2,108,60,0,60,168
05/02/2004,MHR,CA,AWP,WE,Federal Contract Tower,0,4,9,1,14,0,0,83,6,89,0,4,92,7,103,24,0,24,127
05/03/2004,MHR,CA,AWP,WE,Federal Contract Tower,8,14,19,4,45,0,14,108,10,132,8,28,127,14,177,70,42,112,289
05/04/2004,MHR,CA,AWP,WE,Federal Contract Tower,17,19,26,5,67,5,24,98,13,140,22,43,124,18,207,94,44,138,345
05/05/2004,MHR,CA,AWP,WE,Federal Contract Tower,15,18,25,5,63,4,26,142,16,188,19,44,167,21,251,116,28,144,395
05/06/2004,MHR,CA,AWP,WE,Federal Contract Tower,18,21,29,6,74,4,24,105,10,143,22,45,134,16,217,120,8,128,345
05/07/2004,MHR,CA,AWP,WE,Federal Contract Tower,15,17,26,5,63,0,23,73,3,99,15,40,99,8,162,62,1,63,225
05/08/2004,MHR,CA,AWP,WE,Federal Contract Tower,9,14,20,2,45,0,6,83,0,89,9,20,103,2,134,46,0,46,180
05/09/2004,MHR,CA,AWP,WE,Federal Contract Tower,2,0,8,0,10,0,0,89,0,89,2,0,97,0,99,44,0,44,143
05/10/2004,MHR,CA,AWP,WE,Federal Contract Tower,8,14,20,4,46,0,9,82,3,94,8,23,102,7,140,46,22,68,208
05/11/2004,MHR,CA,AWP,WE,Federal Contract Tower,17,23,29,7,76,4,21,63,11,99,21,44,92,18,175,50,32,82,257
05/12/2004,MHR,CA,AWP,WE,Federal Contract Tower,22,27,35,8,92,0,30,144,5,179,22,57,179,13,271,54,0,54,325
05/13/2004,MHR,CA,AWP,WE,Federal Contract Tower,16,20,26,6,68,5,18,124,15,162,21,38,150,21,230,48,18,66,296
05/14/2004,MHR,CA,AWP,WE,Federal Contract Tower,11,18,24,6,59,0,24,117,6,147,11,42,141,12,206,26,8,34,240
05/15/2004,MHR,CA,AWP,WE,Federal Contract Tower,4,5,6,2,17,3,6,65,2,76,7,11,71,4,93,40,0,40,133
05/16/2004,MHR,CA,AWP,WE,Federal Contract Tower,3,5,7,2,17,0,1,77,28,106,3,6,84,30,123,46,0,46,169
05/17/2004,MHR,CA,AWP,WE,Federal Contract Tower,10,15,20,3,48,0,18,64,0,82,10,33,84,3,130,0,2,2,132
05/18/2004,MHR,CA,AWP,WE,Federal Contract Tower,20,31,40,9,100,0,22,79,9,110,20,53,119,18,210,22,38,60,270
05/19/2004,MHR,CA,AWP,WE,Federal Contract Tower,20,25,33,7,85,0,27,83,16,126,20,52,116,23,211,78,44,122,333
05/20/2004,MHR,CA,AWP,WE,Federal Contract Tower,16,21,26,6,69,5,19,76,15,115,21,40,102,21,184,20,32,52,236
05/21/2004,MHR,CA,AWP,WE,Federal Contract Tower,13,17,21,5,56,0,20,92,10,122,13,37,113,15,178,84,10,94,272
05/22/2004,MHR,CA,AWP,WE,Federal Contract Tower,6,9,11,3,29,1,5,66,15,87,7,14,77,18,116,50,18,68,184
05/23/2004,MHR,CA,AWP,WE,Federal Contract Tower,2,1,10,3,16,0,0,92,4,96,2,1,102,7,112,0,16,16,128
05/24/2004,MHR,CA,AWP,WE,Federal Contract Tower,11,19,25,5,60,0,17,74,4,95,11,36,99,9,155,32,0,32,187
05/25/2004,MHR,CA,AWP,WE,Federal Contract Tower,17,23,30,6,76,2,27,94,6,129,19,50,124,12,205,90,14,104,309
05/26/2004,MHR,CA,AWP,WE,Federal Contract Tower,20,25,35,7,87,0,19,108,19,146,20,44,143,26,233,110,4,114,347
05/27/2004,MHR,CA,AWP,WE,Federal Contract Tower,17,22,29,5,73,4,25,91,3,123,21,47,120,8,196,24,30,54,250
05/28/2004,MHR,CA,AWP,WE,Federal Contract Tower,12,16,22,4,54,4,11,28,7,50,16,27,50,11,104,10,0,10,114
05/29/2004,MHR,CA,AWP,WE,Federal Contract Tower,2,4,5,0,11,5,7,86,0,98,7,11,91,0,109,32,2,34,143
05/30/2004,MHR,CA,AWP,WE,Federal Contract Tower,1,1,4,0,6,1,0,104,0,105,2,1,108,0,111,14,0,14,125
05/31/2004,MHR,CA,AWP,WE,Federal Contract Tower,1,5,11,2,19,0,0,120,2,122,1,5,131,4,141,92,0,92,233
06/01/2004,MHR,CA,AWP,WE,Federal Contract Tower,10,12,22,5,49,0,17,83,33,133,10,29,105,38,182,100,76,176,358
06/02/2004,MHR,CA,AWP,WE,Federal Contract Tower,18,20,34,8,80,3,25,120,17,165,21,45,154,25,245,74,52,126,371
06/03/2004,MHR,CA,AWP,WE,Federal Contract Tower,17,19,32,7,75,3,21,100,15,139,20,40,132,22,214,22,36,58,272
06/04/2004,MHR,CA,AWP,WE,Federal Contract Tower,10,14,25,6,55,0,25,60,5,90,10,39,85,11,145,144,9,153,298
06/05/2004,MHR,CA,AWP,WE,Federal Contract Tower,7,6,13,3,29,0,7,88,3,98,7,13,101,6,127,46,0,46,173
06/06/2004,MHR,CA,AWP,WE,Federal Contract Tower,2,4,9,2,17,0,3,82,8,93,2,7,91,10,110,48,0,48,158
06/07/2004,MHR,CA,AWP,WE,Federal Contract Tower,9,13,24,5,51,0,19,88,19,126,9,32,112,24,177,89,18,107,284
06/08/2004,MHR,CA,AWP,WE,Federal Contract Tower,18,20,35,8,81,4,33,88,0,125,22,53,123,8,206,92,6,98,304
06/09/2004,MHR,CA,AWP,WE,Federal Contract Tower,19,21,37,8,85,2,20,77,3,102,21,41,114,11,187,80,4,84,271
06/10/2004,MHR,CA,AWP,WE,Federal Contract Tower,20,23,38,9,90,0,27,88,14,129,20,50,126,23,219,28,34,62,281
06/11/2004,MHR,CA,AWP,WE,Federal Contract Tower,14,17,27,6,64,0,21,95,7,123,14,38,122,13,187,26,14,40,227
06/12/2004,MHR,CA,AWP,WE,Federal Contract Tower,6,6,10,2,24,1,5,108,2,116,7,11,118,4,140,32,2,34,174
06/13/2004,MHR,CA,AWP,WE,Federal Contract Tower,2,0,9,3,14,0,0,92,2,94,2,0,101,5,108,20,2,22,130
06/14/2004,MHR,CA,AWP,WE,Federal Contract Tower,9,18,30,8,65,0,22,90,28,140,9,40,120,36,205,40,79,119,324
06/15/2004,MHR,CA,AWP,WE,Federal Contract Tower,15,19,30,8,72,5,27,86,13,131,20,46,116,21,203,50,56,106,309
06/16/2004,MHR,CA,AWP,WE,Federal Contract Tower,13,16,25,7,61,7,30,136,29,202,20,46,161,36,263,112,54,166,429
06/17/2004,MHR,CA,AWP,WE,Federal Contract Tower,16,19,32,9,76,6,30,114,15,165,22,49,146,24,241,26,34,60,301
06/18/2004,MHR,CA,AWP,WE,Federal Contract Tower,12,17,26,7,62,0,23,87,6,116,12,40,113,13,178,52,2,54,232
06/19/2004,MHR,CA,AWP,WE,Federal Contract Tower,8,9,14,3,34,0,4,52,0,56,8,13,66,3,90,48,0,48,138
06/20/2004,MHR,CA,AWP,WE,Federal Contract Tower,3,2,16,0,21,0,0,118,0,118,3,2,134,0,139,40,0,40,179
06/21/2004,MHR,CA,AWP,WE,Federal Contract Tower,11,23,36,10,80,0,8,99,13,120,11,31,135,23,200,46,50,96,296
06/22/2004,MHR,CA,AWP,WE,Federal Contract Tower,20,28,46,12,106,0,20,143,14,177,20,48,189,26,283,120,22,142,425
06/23/2004,MHR,CA,AWP,WE,Federal Contract Tower,19,23,37,10,89,2,21,152,23,198,21,44,189,33,287,76,14,90,377
06/24/2004,MHR,CA,AWP,WE,Federal Contract Tower,16,20,33,9,78,5,33,102,26,166,21,53,135,35,244,40,58,98,342
06/25/2004,MHR,CA,AWP,WE,Federal Contract Tower,10,13,20,6,49,1,30,91,18,140,11,43,111,24,189,44,16,60,249
06/26/2004,MHR,CA,AWP,WE,Federal Contract Tower,4,6,10,2,22,3,6,91,0,100,7,12,101,2,122,22,0,22,144
06/27/2004,MHR,CA,AWP,WE,Federal Contract Tower,1,2,10,0,13,0,0,116,0,116,1,2,126,0,129,38,0,38,167
06/28/2004,MHR,CA,AWP,WE,Federal Contract Tower,8,12,19,4,43,0,23,97,3,123,8,35,116,7,166,72,8,80,246
06/29/2004,MHR,CA,AWP,WE,Federal Contract Tower,20,27,45,11,103,0,19,103,35,157,20,46,148,46,260,66,40,106,366
06/30/2004,MHR,CA,AWP,WE,Federal Contract Tower,19,24,40,9,92,1,16,115,37,169,20,40,155,46,261,96,46,142,403
07/01/2004,MHR,CA,AWP,WE,Federal Contract Tower,15,17,28,7,67,5,19,115,21,160,20,36,143,28,227,34,24,58,285
07/02/2004,MHR,CA,AWP,WE,Federal Contract Tower,7,11,19,4,41,0,25,94,4,123,7,36,113,8,164,94,9,103,267
07/03/2004,MHR,CA,AWP,WE,Federal Contract Tower,8,9,15,0,32,0,6,76,0,82,8,15,91,0,114,48,0,48,162
07/04/2004,MHR,CA,AWP,WE,Federal Contract Tower,2,2,11,2,17,0,0,83,5,88,2,2,94,7,105,36,0,36,141
07/05/2004,MHR,CA,AWP,WE,Federal Contract Tower,1,2,4,0,7,0,0,104,0,104,1,2,108,0,111,52,0,52,163
07/06/2004,MHR,CA,AWP,WE,Federal Contract Tower,9,24,39,10,82,0,10,133,9,152,9,34,172,19,234,80,8,88,322
07/07/2004,MHR,CA,AWP,WE,Federal Contract Tower,20,27,46,12,105,0,27,128,13,168,20,54,174,25,273,88,24,112,385
07/08/2004,MHR,CA,AWP,WE,Federal Contract Tower,17,20,33,8,78,3,25,124,14,166,20,45,157,22,244,76,12,88,332
07/09/2004,MHR,CA,AWP,WE,Federal Contract Tower,10,15,25,6,56,0,29,106,13,148,10,44,131,19,204,136,6,142,346
07/10/2004,MHR,CA,AWP,WE,Federal Contract Tower,7,11,19,5,42,0,2,101,8,111,7,13,120,13,153,78,2,80,233
07/11/2004,MHR,CA,AWP,WE,Federal Contract Tower,2,0,4,0,6,0,0,51,3,54,2,0,55,3,60,32,0,32,92
07/12/2004,MHR,CA,AWP,WE,Federal Contract Tower,8,21,32,8,69,0,15,133,7,155,8,36,165,15,224,145,18,163,387
07/13/2004,MHR,CA,AWP,WE,Federal Contract Tower,15,19,30,9,73,5,18,126,18,167,20,37,156,27,240,80,37,117,357
07/14/2004,MHR,CA,AWP,WE,Federal Contract Tower,19,23,36,10,88,3,28,121,2,154,22,51,157,12,242,116,12,128,370
07/15/2004,MHR,CA,AWP,WE,Federal Contract Tower,19,23,37,11,90,2,25,115,29,171,21,48,152,40,261,102,14,116,377
07/16/2004,MHR,CA,AWP,WE,Federal Contract Tower,11,14,21,6,52,1,22,64,4,91,12,36,85,10,143,108,8,116,259
07/17/2004,MHR,CA,AWP,WE,Federal Contract Tower,3,4,6,2,15,4,9,79,0,92,7,13,85,2,107,112,0,112,219
07/18/2004,MHR,CA,AWP,WE,Federal Contract Tower,2,3,8,3,16,0,0,77,4,81,2,3,85,7,97,20,0,20,117
07/19/2004,MHR,CA,AWP,WE,Federal Contract Tower,11,17,25,7,60,0,13,121,3,137,11,30,146,10,197,82,14,96,293
07/20/2004,MHR,CA,AWP,WE,Federal Contract Tower,19,25,38,11,93,0,22,91,13,126,19,47,129,24,219,84,36,120,339
07/21/2004,MHR,CA,AWP,WE,Federal Contract Tower,13,17,27,8,65,8,25,113,8,154,21,42,140,16,219,154,4,158,377
07/22/2004,MHR,CA,AWP,WE,Federal Contract Tower,15,19,29,8,71,6,18,98,21,143,21,37,127,29,214,58,26,84,298
07/23/2004,MHR,CA,AWP,WE,Federal Contract Tower,7,11,17,5,40,0,34,123,15,172,7,45,140,20,212,96,36,132,344
07/24/2004,MHR,CA,AWP,WE,Federal Contract Tower,7,10,15,5,37,0,7,95,0,102,7,17,110,5,139,42,2,44,183
07/25/2004,MHR,CA,AWP,WE,Federal Contract Tower,2,2,8,3,15,0,0,95,2,97,2,2,103,5,112,40,22,62,174
07/26/2004,MHR,CA,AWP,WE,Federal Contract Tower,7,10,15,5,37,1,22,86,12,121,8,32,101,17,158,24,18,42,200
07/27/2004,MHR,CA,AWP,WE,Federal Contract Tower,14,19,29,8,70,4,31,113,11,159,18,50,142,19,229,62,20,82,311
07/28/2004,MHR,CA,AWP,WE,Federal Contract Tower,15,18,31,8,72,6,40,86,1,133,21,58,117,9,205,124,2,126,331
07/29/2004,MHR,CA,AWP,WE,Federal Contract Tower,18,23,37,9,87,3,23,94,3,123,21,46,131,12,210,52,16,68,278
07/30/2004,MHR,CA,AWP,WE,Federal Contract Tower,8,16,26,6,56,0,29,60,3,92,8,45,86,9,148,38,12,50,198
07/31/2004,MHR,CA,AWP,WE,Federal Contract Tower,6,7,13,2,28,1,6,73,0,80,7,13,86,2,108,34,0,34,142
08/01/2004,MHR,CA,AWP,WE,Federal Contract Tower,2,2,6,0,10,0,0,97,0,97,2,2,103,0,107,50,0,50,157
08/02/2004,MHR,CA,AWP,WE,Federal Contract Tower,9,20,28,7,64,0,8,84,5,97,9,28,112,12,161,26,0,26,187
08/03/2004,MHR,CA,AWP,WE,Federal Contract Tower,19,26,37,9,91,0,20,132,18,170,19,46,169,27,261,120,16,136,397
08/04/2004,MHR,CA,AWP,WE,Federal Contract Tower,20,24,35,9,88,0,21,133,7,161,20,45,168,16,249,86,8,94,343
08/05/2004,MHR,CA,AWP,WE,Federal Contract Tower,17,19,28,7,71,3,25,86,12,126,20,44,114,19,197,60,8,68,265
08/06/2004,MHR,CA,AWP,WE,Federal Contract Tower,9,19,28,7,63,0,45,78,63,186,9,64,106,70,249,70,30,100,349
08/07/2004,MHR,CA,AWP,WE,Federal Contract Tower,7,9,13,4,33,0,2,90,5,97,7,11,103,9,130,50,6,56,186
08/08/2004,MHR,CA,AWP,WE,Federal Contract Tower,4,3,7,2,16,0,0,75,0,75,4,3,82,2,91,70,0,70,161
08/09/2004,MHR,CA,AWP,WE,Federal Contract Tower,9,14,17,5,45,0,19,154,11,184,9,33,171,16,229,94,2,96,325
08/10/2004,MHR,CA,AWP,WE,Federal Contract Tower,16,21,25,7,69,4,24,117,13,158,20,45,142,20,227,134,0,134,361
08/11/2004,MHR,CA,AWP,WE,Federal Contract Tower,19,25,31,8,83,0,22,108,15,145,19,47,139,23,228,90,36,126,354
08/12/2004,MHR,CA,AWP,WE,Federal Contract Tower,17,22,26,7,72,3,36,97,7,143,20,58,123,14,215,96,20,116,331
08/13/2004,MHR,CA,AWP,WE,Federal Contract Tower,12,21,25,7,65,0,28,111,15,154,12,49,136,22,219,90,32,122,341
08/14/2004,MHR,CA,AWP,WE,Federal Contract Tower,8,11,14,3,36,0,7,91,6,104,8,18,105,9,140,60,8,68,208
08/15/2004,MHR,CA,AWP,WE,Federal Contract Tower,3,3,6,1,13,0,0,104,2,106,3,3,110,3,119,58,0,58,177
08/16/2004,MHR,CA,AWP,WE,Federal Contract Tower,10,14,18,5,47,0,11,96,9,116,10,25,114,14,163,64,4,68,231
08/17/2004,MHR,CA,AWP,WE,Federal Contract Tower,14,19,25,7,65,10,24,75,3,112,24,43,100,10,177,70,16,86,263
08/18/2004,MHR,CA,AWP,WE,Federal Contract Tower,13,18,24,5,60,6,29,99,6,140,19,47,123,11,200,66,20,86,286
08/19/2004,MHR,CA,AWP,WE,Federal Contract Tower,14,18,24,5,61,1,34,99,6,140,15,52,123,11,201,74,2,76,277
08/20/2004,MHR,CA,AWP,WE,Federal Contract Tower,10,22,30,7,69,0,26,59,28,113,10,48,89,35,182,44,114,158,340
08/21/2004,MHR,CA,AWP,WE,Federal Contract Tower,8,16,22,5,51,0,0,101,5,106,8,16,123,10,157,74,6,80,237
08/22/2004,MHR,CA,AWP,WE,Federal Contract Tower,2,7,14,3,26,0,0,94,1,95,2,7,108,4,121,10,2,12,133
08/23/2004,MHR,CA,AWP,WE,Federal Contract Tower,8,15,20,4,47,0,13,75,8,96,8,28,95,12,143,24,6,30,173
08/24/2004,MHR,CA,AWP,WE,Federal Contract Tower,18,24,32,7,81,3,23,102,1,129,21,47,134,8,210,100,25,125,335
08/25/2004,MHR,CA,AWP,WE,Federal Contract Tower,14,18,25,5,62,7,30,101,6,144,21,48,126,11,206,38,20,58,264
08/26/2004,MHR,CA,AWP,WE,Federal Contract Tower,12,17,22,5,56,7,22,95,5,129,19,39,117,10,185,42,32,74,259
08/27/2004,MHR,CA,AWP,WE,Federal Contract Tower,9,12,16,3,40,3,34,84,4,125,12,46,100,7,165,30,12,42,207
08/28/2004,MHR,CA,AWP,WE,Federal Contract Tower,8,13,16,3,40,0,1,114,7,122,8,14,130,10,162,28,0,28,190
08/29/2004,MHR,CA,AWP,WE,Federal Contract Tower,2,0,9,1,12,0,0,94,1,95,2,0,103,2,107,56,0,56,163
08/30/2004,MHR,CA,AWP,WE,Federal Contract Tower,6,11,15,3,35,0,22,111,2,135,6,33,126,5,170,46,14,60,230
08/31/2004,MHR,CA,AWP,WE,Federal Contract Tower,14,18,25,5,62,7,29,100,0,136,21,47,125,5,198,70,16,86,284
09/01/2004,MHR,CA,AWP,WE,Federal Contract Tower,18,20,29,4,71,2,28,105,15,150,20,48,134,19,221,90,26,116,337
09/02/2004,MHR,CA,AWP,WE,Federal Contract Tower,17,20,28,3,68,3,31,71,6,111,20,51,99,9,179,44,8,52,231
09/03/2004,MHR,CA,AWP,WE,Federal Contract Tower,7,8,11,1,27,2,34,65,8,109,9,42,76,9,136,0,0,0,136
09/04/2004,MHR,CA,AWP,WE,Federal Contract Tower,6,5,9,0,20,2,10,62,0,74,8,15,71,0,94,40,0,40,134
09/05/2004,MHR,CA,AWP,WE,Federal Contract Tower,3,2,5,0,10,0,0,56,2,58,3,2,61,2,68,22,0,22,90
09/06/2004,MHR,CA,AWP,WE,Federal Contract Tower,1,0,10,0,11,0,0,138,0,138,1,0,148,0,149,48,0,48,197
09/07/2004,MHR,CA,AWP,WE,Federal Contract Tower,10,14,20,2,46,0,18,148,7,173,10,32,168,9,219,126,4,130,349
09/08/2004,MHR,CA,AWP,WE,Federal Contract Tower,20,22,31,4,77,0,33,96,5,134,20,55,127,9,211,58,34,92,303
09/09/2004,MHR,CA,AWP,WE,Federal Contract Tower,21,23,32,4,80,0,27,122,26,175,21,50,154,30,255,60,42,102,357
09/10/2004,MHR,CA,AWP,WE,Federal Contract Tower,11,16,24,3,54,0,35,96,7,138,11,51,120,10,192,62,0,62,254
09/11/2004,MHR,CA,AWP,WE,Federal Contract Tower,7,9,10,1,27,1,1,77,4,83,8,10,87,5,110,80,0,80,190
09/12/2004,MHR,CA,AWP,WE,Federal Contract Tower,3,4,10,2,19,0,0,124,0,124,3,4,134,2,143,46,10,56,199
09/13/2004,MHR,CA,AWP,WE,Federal Contract Tower,14,22,28,5,69,0,16,145,7,168,14,38,173,12,237,63,2,65,302
09/14/2004,MHR,CA,AWP,WE,Federal Contract Tower,14,17,22,4,57,6,28,75,3,112,20,45,97,7,169,94,6,100,269
09/15/2004,MHR,CA,AWP,WE,Federal Contract Tower,14,18,23,4,59,6,29,131,26,192,20,47,154,30,251,108,52,160,411
09/16/2004,MHR,CA,AWP,WE,Federal Contract Tower,18,21,27,4,70,2,30,110,22,164,20,51,137,26,234,58,40,98,332
09/17/2004,MHR,CA,AWP,WE,Federal Contract Tower,8,11,15,3,37,0,31,88,13,132,8,42,103,16,169,68,20,88,257
09/18/2004,MHR,CA,AWP,WE,Federal Contract Tower,6,9,11,2,28,1,7,70,5,83,7,16,81,7,111,74,0,74,185
09/19/2004,MHR,CA,AWP,WE,Federal Contract Tower,2,1,7,0,10,0,0,81,0,81,2,1,88,0,91,14,0,14,105
09/20/2004,MHR,CA,AWP,WE,Federal Contract Tower,8,13,17,3,41,0,23,104,5,132,8,36,121,8,173,47,6,53,226
09/21/2004,MHR,CA,AWP,WE,Federal Contract Tower,16,21,27,4,68,5,20,82,5,112,21,41,109,9,180,50,4,54,234
09/22/2004,MHR,CA,AWP,WE,Federal Contract Tower,19,24,32,5,80,0,18,126,12,156,19,42,158,17,236,78,68,146,382
09/23/2004,MHR,CA,AWP,WE,Federal Contract Tower,17,21,27,4,69,3,25,99,7,134,20,46,126,11,203,36,6,42,245
09/24/2004,MHR,CA,AWP,WE,Federal Contract Tower,10,12,16,3,41,2,29,129,3,163,12,41,145,6,204,78,12,90,294
09/25/2004,MHR,CA,AWP,WE,Federal Contract Tower,4,5,6,1,16,3,8,71,1,83,7,13,77,2,99,50,0,50,149
09/26/2004,MHR,CA,AWP,WE,Federal Contract Tower,1,4,9,2,16,0,0,93,2,95,1,4,102,4,111,62,0,62,173
09/27/2004,MHR,CA,AWP,WE,Federal Contract Tower,8,16,21,2,47,0,16,124,15,155,8,32,145,17,202,90,6,96,298
09/28/2004,MHR,CA,AWP,WE,Federal Contract Tower,20,27,36,5,88,0,15,82,7,104,20,42,118,12,192,18,8,26,218
09/29/2004,MHR,CA,AWP,WE,Federal Contract Tower,19,23,31,4,77,1,28,114,12,155,20,51,145,16,232,72,0,72,304
09/30/2004,MHR,CA,AWP,WE,Federal Contract Tower,20,25,33,4,82,0,30,108,13,151,20,55,141,17,233,36,10,46,279
10/01/2004,MHR,CA,AWP,WE,Federal Contract Tower,8,18,25,5,56,0,23,92,6,121,8,41,117,11,177,110,16,126,303
10/02/2004,MHR,CA,AWP,WE,Federal Contract Tower,7,2,15,2,26,0,7,53,0,60,7,9,68,2,86,32,0,32,118
10/03/2004,MHR,CA,AWP,WE,Federal Contract Tower,2,2,20,7,31,0,1,80,21,102,2,3,100,28,133,42,12,54,187
10/04/2004,MHR,CA,AWP,WE,Federal Contract Tower,8,17,9,3,37,0,9,97,2,108,8,26,106,5,145,50,6,56,201
10/05/2004,MHR,CA,AWP,WE,Federal Contract Tower,20,32,29,6,87,0,14,104,2,120,20,46,133,8,207,90,22,112,319
10/06/2004,MHR,CA,AWP,WE,Federal Contract Tower,20,20,14,3,57,0,29,126,14,169,20,49,140,17,226,16,24,40,266
10/07/2004,MHR,CA,AWP,WE,Federal Contract Tower,20,19,23,3,65,0,25,127,9,161,20,44,150,12,226,52,8,60,286
10/08/2004,MHR,CA,AWP,WE,Federal Contract Tower,12,15,18,3,48,0,35,82,6,123,12,50,100,9,171,28,24,52,223
10/09/2004,MHR,CA,AWP,WE,Federal Contract Tower,8,16,27,4,55,0,3,45,0,48,8,19,72,4,103,10,0,10,113
10/10/2004,MHR,CA,AWP,WE,Federal Contract Tower,1,2,12,2,17,0,0,58,0,58,1,2,70,2,75,0,0,0,75
10/11/2004,MHR,CA,AWP,WE,Federal Contract Tower,8,15,15,0,38,0,16,94,0,110,8,31,109,0,148,56,0,56,204
10/12/2004,MHR,CA,AWP,WE,Federal Contract Tower,20,23,15,2,60,0,24,113,2,139,20,47,128,4,199,54,12,66,265
10/13/2004,MHR,CA,AWP,WE,Federal Contract Tower,20,26,21,2,69,0,25,135,11,171,20,51,156,13,240,36,60,96,336
10/14/2004,MHR,CA,AWP,WE,Federal Contract Tower,21,26,19,6,72,0,18,112,7,137,21,44,131,13,209,38,18,56,265
10/15/2004,MHR,CA,AWP,WE,Federal Contract Tower,8,28,34,1,71,0,15,76,4,95,8,43,110,5,166,10,2,12,178
10/16/2004,MHR,CA,AWP,WE,Federal Contract Tower,8,6,31,0,45,0,8,58,8,74,8,14,89,8,119,46,2,48,167
10/17/2004,MHR,CA,AWP,WE,Federal Contract Tower,2,2,18,1,23,0,0,30,0,30,2,2,48,1,53,4,0,4,57
10/18/2004,MHR,CA,AWP,WE,Federal Contract Tower,9,23,32,5,69,0,12,66,2,80,9,35,98,7,149,82,0,82,231
10/19/2004,MHR,CA,AWP,WE,Federal Contract Tower,21,38,23,0,82,0,13,31,0,44,21,51,54,0,126,2,0,2,128
10/20/2004,MHR,CA,AWP,WE,Federal Contract Tower,19,27,24,3,73,0,12,88,2,102,19,39,112,5,175,22,0,22,197
10/21/2004,MHR,CA,AWP,WE,Federal Contract Tower,22,22,25,4,73,0,23,130,17,170,22,45,155,21,243,74,4,78,321
10/22/2004,MHR,CA,AWP,WE,Federal Contract Tower,7,20,12,1,40,0,31,95,4,130,7,51,107,5,170,84,0,84,254
10/23/2004,MHR,CA,AWP,WE,Federal Contract Tower,7,11,20,0,38,0,3,11,0,14,7,14,31,0,52,6,0,6,58
10/24/2004,MHR,CA,AWP,WE,Federal Contract Tower,3,2,18,1,24,0,0,58,1,59,3,2,76,2,83,38,6,44,127
10/25/2004,MHR,CA,AWP,WE,Federal Contract Tower,8,13,28,5,54,0,13,56,5,74,8,26,84,10,128,26,20,46,174
10/26/2004,MHR,CA,AWP,WE,Federal Contract Tower,20,37,25,1,83,0,8,37,3,48,20,45,62,4,131,0,16,16,147
10/27/2004,MHR,CA,AWP,WE,Federal Contract Tower,19,30,35,1,85,0,14,84,14,112,19,44,119,15,197,4,6,10,207
10/28/2004,MHR,CA,AWP,WE,Federal Contract Tower,21,26,20,2,69,0,19,78,8,105,21,45,98,10,174,66,0,66,240
10/29/2004,MHR,CA,AWP,WE,Federal Contract Tower,8,17,18,4,47,0,31,82,9,122,8,48,100,13,169,98,4,102,271
10/30/2004,MHR,CA,AWP,WE,Federal Contract Tower,8,3,7,0,18,0,9,62,0,71,8,12,69,0,89,40,0,40,129
10/31/2004,MHR,CA,AWP,WE,Federal Contract Tower,2,4,19,0,25,0,0,58,1,59,2,4,77,1,84,4,0,4,88
11/01/2004,MHR,CA,AWP,WE,Federal Contract Tower,8,17,21,3,49,0,16,126,5,147,8,33,147,8,196,82,12,94,290
11/02/2004,MHR,CA,AWP,WE,Federal Contract Tower,19,26,24,4,73,0,18,163,14,195,19,44,187,18,268,86,60,146,414
11/03/2004,MHR,CA,AWP,WE,Federal Contract Tower,20,45,55,3,123,0,4,19,6,29,20,49,74,9,152,0,30,30,182
11/04/2004,MHR,CA,AWP,WE,Federal Contract Tower,22,36,56,3,117,0,15,88,8,111,22,51,144,11,228,106,0,106,334
11/05/2004,MHR,CA,AWP,WE,Federal Contract Tower,12,15,15,0,42,0,29,115,8,152,12,44,130,8,194,42,32,74,268
11/06/2004,MHR,CA,AWP,WE,Federal Contract Tower,8,3,8,0,19,0,7,74,14,95,8,10,82,14,114,70,2,72,186
11/07/2004,MHR,CA,AWP,WE,Federal Contract Tower,5,2,10,5,22,0,2,41,0,43,5,4,51,5,65,8,0,8,73
11/08/2004,MHR,CA,AWP,WE,Federal Contract Tower,8,24,20,0,52,0,9,63,4,76,8,33,83,4,128,76,0,76,204
11/09/2004,MHR,CA,AWP,WE,Federal Contract Tower,19,38,36,6,99,0,7,67,6,80,19,45,103,12,179,0,16,16,195
11/10/2004,MHR,CA,AWP,WE,Federal Contract Tower,21,41,48,14,124,0,5,29,0,34,21,46,77,14,158,22,0,22,180
11/11/2004,MHR,CA,AWP,WE,Federal Contract Tower,20,35,36,4,95,0,7,15,1,23,20,42,51,5,118,0,0,0,118
11/12/2004,MHR,CA,AWP,WE,Federal Contract Tower,12,32,27,2,73,0,10,77,1,88,12,42,104,3,161,80,0,80,241
11/13/2004,MHR,CA,AWP,WE,Federal Contract Tower,7,9,14,2,32,0,6,48,1,55,7,15,62,3,87,12,14,26,113
11/14/2004,MHR,CA,AWP,WE,Federal Contract Tower,1,2,20,1,24,0,5,66,0,71,1,7,86,1,95,90,0,90,185
11/15/2004,MHR,CA,AWP,WE,Federal Contract Tower,9,21,9,9,48,0,13,81,1,95,9,34,90,10,143,66,4,70,213
11/16/2004,MHR,CA,AWP,WE,Federal Contract Tower,16,31,15,13,75,0,15,70,4,89,16,46,85,17,164,88,14,102,266
11/17/2004,MHR,CA,AWP,WE,Federal Contract Tower,14,37,32,2,85,0,0,0,0,0,14,37,32,2,85,0,0,0,85
11/18/2004,MHR,CA,AWP,WE,Federal Contract Tower,19,48,62,4,133,0,0,0,0,0,19,48,62,4,133,0,0,0,133
11/19/2004,MHR,CA,AWP,WE,Federal Contract Tower,11,33,39,5,88,0,6,28,5,39,11,39,67,10,127,6,20,26,153
11/20/2004,MHR,CA,AWP,WE,Federal Contract Tower,7,5,24,8,44,0,9,83,1,93,7,14,107,9,137,26,14,40,177
11/21/2004,MHR,CA,AWP,WE,Federal Contract Tower,2,4,6,24,36,0,1,53,2,56,2,5,59,26,92,2,28,30,122
11/22/2004,MHR,CA,AWP,WE,Federal Contract Tower,8,12,20,10,50,0,21,118,3,142,8,33,138,13,192,118,0,118,310
11/23/2004,MHR,CA,AWP,WE,Federal Contract Tower,23,16,13,11,63,0,30,106,3,139,23,46,119,14,202,92,30,122,324
11/24/2004,MHR,CA,AWP,WE,Federal Contract Tower,21,19,22,9,71,0,30,124,3,157,21,49,146,12,228,116,30,146,374
11/25/2004,MHR,CA,AWP,WE,Federal Contract Tower,2,0,19,0,21,0,0,4,0,4,2,0,23,0,25,0,0,0,25
11/26/2004,MHR,CA,AWP,WE,Federal Contract Tower,9,23,25,0,57,0,8,42,0,50,9,31,67,0,107,42,0,42,149
11/27/2004,MHR,CA,AWP,WE,Federal Contract Tower,6,10,6,0,22,0,0,31,0,31,6,10,37,0,53,0,0,0,53
11/28/2004,MHR,CA,AWP,WE,Federal Contract Tower,1,2,15,0,18,0,0,70,1,71,1,2,85,1,89,0,2,2,91
11/29/2004,MHR,CA,AWP,WE,Federal Contract Tower,7,25,18,12,62,0,17,85,6,108,7,42,103,18,170,38,44,82,252
11/30/2004,MHR,CA,AWP,WE,Federal Contract Tower,21,26,30,13,90,0,29,94,14,137,21,55,124,27,227,60,60,120,347
12/01/2004,MHR,CA,AWP,WE,Federal Contract Tower,23,29,24,6,82,0,25,120,8,153,23,54,144,14,235,40,2,42,277
12/02/2004,MHR,CA,AWP,WE,Federal Contract Tower,23,23,28,6,80,0,27,70,3,100,23,50,98,9,180,24,10,34,214
12/03/2004,MHR,CA,AWP,WE,Federal Contract Tower,17,21,29,1,68,0,18,95,20,133,17,39,124,21,201,16,12,28,229
12/04/2004,MHR,CA,AWP,WE,Federal Contract Tower,7,3,23,3,36,0,6,46,2,54,7,9,69,5,90,8,8,16,106
12/05/2004,MHR,CA,AWP,WE,Federal Contract Tower,2,2,20,2,26,0,1,70,2,73,2,3,90,4,99,36,2,38,137
12/06/2004,MHR,CA,AWP,WE,Federal Contract Tower,9,41,22,6,78,0,7,38,11,56,9,48,60,17,134,36,28,64,198
12/07/2004,MHR,CA,AWP,WE,Federal Contract Tower,22,53,30,30,135,0,10,31,0,41,22,63,61,30,176,12,8,20,196
12/08/2004,MHR,CA,AWP,WE,Federal Contract Tower,23,46,23,0,92,0,3,13,0,16,23,49,36,0,108,0,0,0,108
12/09/2004,MHR,CA,AWP,WE,Federal Contract Tower,22,38,32,12,104,0,20,76,13,109,22,58,108,25,213,6,54,60,273
12/10/2004,MHR,CA,AWP,WE,Federal Contract Tower,13,33,25,10,81,0,9,45,6,60,13,42,70,16,141,32,22,54,195
12/11/2004,MHR,CA,AWP,WE,Federal Contract Tower,9,5,20,0,34,0,0,16,0,16,9,5,36,0,50,16,0,16,66
12/12/2004,MHR,CA,AWP,WE,Federal Contract Tower,1,0,22,0,23,0,0,18,0,18,1,0,40,0,41,0,0,0,41
12/13/2004,MHR,CA,AWP,WE,Federal Contract Tower,9,33,39,4,85,0,3,48,2,53,9,36,87,6,138,26,2,28,166
12/14/2004,MHR,CA,AWP,WE,Federal Contract Tower,32,51,60,6,149,0,5,49,2,56,32,56,109,8,205,6,0,6,211
12/15/2004,MHR,CA,AWP,WE,Federal Contract Tower,31,48,43,6,128,0,14,59,14,87,31,62,102,20,215,24,12,36,251
12/16/2004,MHR,CA,AWP,WE,Federal Contract Tower,30,38,26,3,97,0,20,67,10,97,30,58,93,13,194,76,40,116,310
12/17/2004,MHR,CA,AWP,WE,Federal Contract Tower,17,29,16,3,65,0,26,52,6,84,17,55,68,9,149,18,14,32,181
12/18/2004,MHR,CA,AWP,WE,Federal Contract Tower,5,6,33,0,44,0,0,0,0,0,5,6,33,0,44,0,0,0,44
12/19/2004,MHR,CA,AWP,WE,Federal Contract Tower,3,0,30,3,36,0,0,0,0,0,3,0,30,3,36,0,0,0,36
12/20/2004,MHR,CA,AWP,WE,Federal Contract Tower,11,31,38,4,84,0,0,0,0,0,11,31,38,4,84,0,0,0,84
12/21/2004,MHR,CA,AWP,WE,Federal Contract Tower,40,32,28,1,101,1,14,69,2,86,41,46,97,3,187,66,10,76,263
12/22/2004,MHR,CA,AWP,WE,Federal Contract Tower,34,34,27,3,98,0,12,89,7,108,34,46,116,10,206,56,22,78,284
12/23/2004,MHR,CA,AWP,WE,Federal Contract Tower,17,16,21,3,57,0,21,82,1,104,17,37,103,4,161,38,0,38,199
12/24/2004,MHR,CA,AWP,WE,Federal Contract Tower,6,16,16,0,38,0,2,1,0,3,6,18,17,0,41,0,0,0,41
12/25/2004,MHR,CA,AWP,WE,Federal Contract Tower,1,2,5,0,8,0,0,0,0,0,1,2,5,0,8,0,0,0,8
12/26/2004,MHR,CA,AWP,WE,Federal Contract Tower,6,4,12,0,22,0,1,34,0,35,6,5,46,0,57,0,0,0,57
12/27/2004,MHR,CA,AWP,WE,Federal Contract Tower,15,24,13,2,54,0,16,23,0,39,15,40,36,2,93,4,0,4,97
12/28/2004,MHR,CA,AWP,WE,Federal Contract Tower,19,31,13,27,90,0,6,19,3,28,19,37,32,30,118,6,48,54,172
12/29/2004,MHR,CA,AWP,WE,Federal Contract Tower,20,24,51,10,105,0,8,32,13,53,20,32,83,23,158,0,34,34,192
12/30/2004,MHR,CA,AWP,WE,Federal Contract Tower,20,36,39,3,98,0,0,0,3,3,20,36,39,6,101,0,2,2,103
12/31/2004,MHR,CA,AWP,WE,Federal Contract Tower,14,23,24,0,61,0,3,35,0,38,14,26,59,0,99,18,0,18,117
01/01/2005,MHR,CA,AWP,WE,Federal Contract Tower,0,5,12,0,17,0,0,18,0,18,0,5,30,0,35,6,0,6,41
01/02/2005,MHR,CA,AWP,WE,Federal Contract Tower,4,5,17,0,26,0,0,11,0,11,4,5,28,0,37,2,0,2,39
01/03/2005,MHR,CA,AWP,WE,Federal Contract Tower,10,19,17,17,63,0,4,28,5,37,10,23,45,22,100,10,28,38,138
01/04/2005,MHR,CA,AWP,WE,Federal Contract Tower,18,21,21,15,75,0,3,23,3,29,18,24,44,18,104,28,30,58,162
01/05/2005,MHR,CA,AWP,WE,Federal Contract Tower,20,23,28,21,92,0,13,78,24,115,20,36,106,45,207,48,72,120,327
01/06/2005,MHR,CA,AWP,WE,Federal Contract Tower,20,29,20,3,72,0,8,67,7,82,20,37,87,10,154,62,24,86,240
01/07/2005,MHR,CA,AWP,WE,Federal Contract Tower,13,22,12,2,49,0,8,10,0,18,13,30,22,2,67,0,0,0,67
01/08/2005,MHR,CA,AWP,WE,Federal Contract Tower,8,4,13,2,27,0,5,21,2,28,8,9,34,4,55,16,2,18,73
01/09/2005,MHR,CA,AWP,WE,Federal Contract Tower,4,0,28,4,36,0,0,36,4,40,4,0,64,8,76,52,8,60,136
01/10/2005,MHR,CA,AWP,WE,Federal Contract Tower,9,20,19,20,68,0,10,33,3,46,9,30,52,23,114,0,12,12,126
01/11/2005,MHR,CA,AWP,WE,Federal Contract Tower,21,37,22,32,112,0,4,31,10,45,21,41,53,42,157,20,30,50,207
01/12/2005,MHR,CA,AWP,WE,Federal Contract Tower,15,32,15,23,85,0,7,61,12,80,15,39,76,35,165,12,6,18,183
01/13/2005,MHR,CA,AWP,WE,Federal Contract Tower,19,35,38,7,99,0,7,18,22,47,19,42,56,29,146,28,12,40,186
01/14/2005,MHR,CA,AWP,WE,Federal Contract Tower,9,40,30,3,82,0,6,21,2,29,9,46,51,5,111,16,4,20,131
01/15/2005,MHR,CA,AWP,WE,Federal Contract Tower,7,10,33,2,52,0,0,0,0,0,7,10,33,2,52,0,0,0,52
01/16/2005,MHR,CA,AWP,WE,Federal Contract Tower,2,0,27,0,29,0,0,25,0,25,2,0,52,0,54,17,0,17,71
01/17/2005,MHR,CA,AWP,WE,Federal Contract Tower,10,30,46,0,86,0,0,0,0,0,10,30,46,0,86,0,0,0,86
01/18/2005,MHR,CA,AWP,WE,Federal Contract Tower,25,47,60,3,135,0,0,5,0,5,25,47,65,3,140,0,0,0,140
01/19/2005,MHR,CA,AWP,WE,Federal Contract Tower,22,45,52,4,123,0,0,0,0,0,22,45,52,4,123,0,0,0,123
01/20/2005,MHR,CA,AWP,WE,Federal Contract Tower,24,45,42,5,116,0,3,13,5,21,24,48,55,10,137,68,22,90,227
01/21/2005,MHR,CA,AWP,WE,Federal Contract Tower,12,38,57,1,108,0,0,0,0,0,12,38,57,1,108,0,0,0,108
01/22/2005,MHR,CA,AWP,WE,Federal Contract Tower,9,17,22,0,48,0,0,0,0,0,9,17,22,0,48,0,0,0,48
01/23/2005,MHR,CA,AWP,WE,Federal Contract Tower,1,4,30,0,35,0,1,20,0,21,1,5,50,0,56,20,0,20,76
01/24/2005,MHR,CA,AWP,WE,Federal Contract Tower,9,27,28,6,70,0,6,13,0,19,9,33,41,6,89,40,0,40,129
01/25/2005,MHR,CA,AWP,WE,Federal Contract Tower,23,43,30,24,120,1,4,47,8,60,24,47,77,32,180,89,44,133,313
01/26/2005,MHR,CA,AWP,WE,Federal Contract Tower,22,33,52,12,119,0,4,18,7,29,22,37,70,19,148,18,12,30,178
01/27/2005,MHR,CA,AWP,WE,Federal Contract Tower,20,35,30,12,97,0,10,66,7,83,20,45,96,19,180,62,28,90,270
01/28/2005,MHR,CA,AWP,WE,Federal Contract Tower,11,32,36,7,86,0,15,23,5,43,11,47,59,12,129,0,10,10,139
01/29/2005,MHR,CA,AWP,WE,Federal Contract Tower,7,3,47,1,58,0,7,37,0,44,7,10,84,1,102,8,0,8,110
01/30/2005,MHR,CA,AWP,WE,Federal Contract Tower,2,3,27,6,38,0,0,39,11,50,2,3,66,17,88,20,29,49,137
01/31/2005,MHR,CA,AWP,WE,Federal Contract Tower,9,24,29,4,66,0,28,127,8,163,9,52,156,12,229,68,16,84,313
02/01/2005,MHR,CA,AWP,WE,Federal Contract Tower,20,22,42,10,94,0,8,66,7,81,20,30,108,17,175,52,26,78,253
02/02/2005,MHR,CA,AWP,WE,Federal Contract Tower,26,33,40,10,109,0,8,70,16,94,26,41,110,26,203,52,18,70,273
02/03/2005,MHR,CA,AWP,WE,Federal Contract Tower,21,37,42,11,111,0,13,69,10,92,21,50,111,21,203,18,42,60,263
02/04/2005,MHR,CA,AWP,WE,Federal Contract Tower,13,25,28,1,67,0,17,47,7,71,13,42,75,8,138,38,28,66,204
02/05/2005,MHR,CA,AWP,WE,Federal Contract Tower,9,3,28,0,40,0,8,61,0,69,9,11,89,0,109,44,0,44,153
02/06/2005,MHR,CA,AWP,WE,Federal Contract Tower,2,2,18,0,22,0,0,46,2,48,2,2,64,2,70,38,0,38,108
02/07/2005,MHR,CA,AWP,WE,Federal Contract Tower,10,28,34,6,78,0,10,34,5,49,10,38,68,11,127,0,16,16,143
02/08/2005,MHR,CA,AWP,WE,Federal Contract Tower,20,27,41,11,99,1,14,87,15,117,21,41,128,26,216,94,66,160,376
02/09/2005,MHR,CA,AWP,WE,Federal Contract Tower,19,29,37,8,93,0,14,93,9,116,19,43,130,17,209,58,33,91,300
02/10/2005,MHR,CA,AWP,WE,Federal Contract Tower,19,19,35,8,81,0,24,98,18,140,19,43,133,26,221,44,24,68,289
02/11/2005,MHR,CA,AWP,WE,Federal Contract Tower,12,26,18,9,65,0,21,95,9,125,12,47,113,18,190,14,24,38,228
02/12/2005,MHR,CA,AWP,WE,Federal Contract Tower,7,2,24,0,33,0,8,86,4,98,7,10,110,4,131,22,0,22,153
02/13/2005,MHR,CA,AWP,WE,Federal Contract Tower,1,2,26,0,29,0,1,44,1,46,1,3,70,1,75,74,0,74,149
02/14/2005,MHR,CA,AWP,WE,Federal Contract Tower,9,27,16,5,57,0,6,52,7,65,9,33,68,12,122,52,42,94,216
02/15/2005,MHR,CA,AWP,WE,Federal Contract Tower,18,37,24,29,108,0,3,11,0,14,18,40,35,29,122,0,1,1,123
02/16/2005,MHR,CA,AWP,WE,Federal Contract Tower,21,38,51,16,126,0,6,23,2,31,21,44,74,18,157,0,20,20,177
02/17/2005,MHR,CA,AWP,WE,Federal Contract Tower,20,33,31,3,87,0,14,86,21,121,20,47,117,24,208,66,34,100,308
02/18/2005,MHR,CA,AWP,WE,Federal Contract Tower,14,25,18,12,69,0,18,44,5,67,14,43,62,17,136,26,30,56,192
02/19/2005,MHR,CA,AWP,WE,Federal Contract Tower,8,3,22,2,35,0,8,30,0,38,8,11,52,2,73,10,0,10,83
02/20/2005,MHR,CA,AWP,WE,Federal Contract Tower,3,1,22,3,29,0,0,36,0,36,3,1,58,3,65,20,0,20,85
02/21/2005,MHR,CA,AWP,WE,Federal Contract Tower,9,11,16,1,37,0,2,40,0,42,9,13,56,1,79,32,0,32,111
02/22/2005,MHR,CA,AWP,WE,Federal Contract Tower,19,27,22,8,76,0,12,96,8,116,19,39,118,16,192,20,19,39,231
02/23/2005,MHR,CA,AWP,WE,Federal Contract Tower,20,20,10,11,61,0,19,100,6,125,20,39,110,17,186,84,30,114,300
02/24/2005,MHR,CA,AWP,WE,Federal Contract Tower,18,36,27,5,86,0,8,70,6,84,18,44,97,11,170,40,0,40,210
02/25/2005,MHR,CA,AWP,WE,Federal Contract Tower,9,37,26,4,76,0,12,70,8,90,9,49,96,12,166,40,20,60,226
02/26/2005,MHR,CA,AWP,WE,Federal Contract Tower,7,14,13,1,35,0,2,52,1,55,7,16,65,2,90,8,0,8,98
02/27/2005,MHR,CA,AWP,WE,Federal Contract Tower,1,7,22,3,33,0,0,27,2,29,1,7,49,5,62,6,0,6,68
02/28/2005,MHR,CA,AWP,WE,Federal Contract Tower,14,27,36,6,83,0,11,66,9,86,14,38,102,15,169,80,40,120,289
03/01/2005,MHR,CA,AWP,WE,Federal Contract Tower,27,28,32,1,88,0,14,93,2,109,27,42,125,3,197,58,0,58,255
03/02/2005,MHR,CA,AWP,WE,Federal Contract Tower,24,28,43,7,102,0,9,63,11,83,24,37,106,18,185,20,14,34,219
03/03/2005,MHR,CA,AWP,WE,Federal Contract Tower,23,30,23,10,86,0,16,122,12,150,23,46,145,22,236,64,46,110,346
03/04/2005,MHR,CA,AWP,WE,Federal Contract Tower,11,36,36,0,83,0,14,33,2,49,11,50,69,2,132,28,0,28,160
03/05/2005,MHR,CA,AWP,WE,Federal Contract Tower,9,11,33,7,60,0,0,87,5,92,9,11,120,12,152,27,24,51,203
03/06/2005,MHR,CA,AWP,WE,Federal Contract Tower,1,0,51,9,61,0,0,62,1,63,1,0,113,10,124,18,0,18,142
03/07/2005,MHR,CA,AWP,WE,Federal Contract Tower,10,15,19,7,51,0,11,96,2,109,10,26,115,9,160,90,4,94,254
03/08/2005,MHR,CA,AWP,WE,Federal Contract Tower,22,23,32,6,83,0,16,116,7,139,22,39,148,13,222,86,20,106,328
03/09/2005,MHR,CA,AWP,WE,Federal Contract Tower,23,22,35,11,91,0,25,117,3,145,23,47,152,14,236,52,18,70,306
03/10/2005,MHR,CA,AWP,WE,Federal Contract Tower,19,24,18,15,76,0,18,102,0,120,19,42,120,15,196,6,62,68,264
03/11/2005,MHR,CA,AWP,WE,Federal Contract Tower,9,18,26,8,61,0,17,109,10,136,9,35,135,18,197,40,24,64,261
03/12/2005,MHR,CA,AWP,WE,Federal Contract Tower,9,2,16,0,27,0,10,91,7,108,9,12,107,7,135,50,18,68,203
03/13/2005,MHR,CA,AWP,WE,Federal Contract Tower,2,0,30,1,33,0,0,41,3,44,2,0,71,4,77,38,0,38,115
03/14/2005,MHR,CA,AWP,WE,Federal Contract Tower,9,23,14,6,52,0,6,62,5,73,9,29,76,11,125,48,36,84,209
03/15/2005,MHR,CA,AWP,WE,Federal Contract Tower,22,19,31,9,81,0,23,92,10,125,22,42,123,19,206,44,36,80,286
03/16/2005,MHR,CA,AWP,WE,Federal Contract Tower,22,21,24,10,77,0,24,139,10,173,22,45,163,20,250,61,44,105,355
03/17/2005,MHR,CA,AWP,WE,Federal Contract Tower,21,24,31,3,79,0,27,144,18,189,21,51,175,21,268,102,14,116,384
03/18/2005,MHR,CA,AWP,WE,Federal Contract Tower,9,17,37,5,68,0,34,72,9,115,9,51,109,14,183,42,30,72,255
03/19/2005,MHR,CA,AWP,WE,Federal Contract Tower,7,10,14,0,31,0,1,20,1,22,7,11,34,1,53,0,0,0,53
03/20/2005,MHR,CA,AWP,WE,Federal Contract Tower,3,2,17,6,28,0,0,10,1,11,3,2,27,7,39,2,19,21,60
03/21/2005,MHR,CA,AWP,WE,Federal Contract Tower,9,33,54,25,121,0,10,57,32,99,9,43,111,57,220,34,94,128,348
03/22/2005,MHR,CA,AWP,WE,Federal Contract Tower,21,46,43,6,116,0,4,17,17,38,21,50,60,23,154,16,56,72,226
03/23/2005,MHR,CA,AWP,WE,Federal Contract Tower,23,43,37,6,109,0,8,101,8,117,23,51,138,14,226,28,0,28,254
03/24/2005,MHR,CA,AWP,WE,Federal Contract Tower,19,31,22,9,81,0,16,94,5,115,19,47,116,14,196,18,62,80,276
03/25/2005,MHR,CA,AWP,WE,Federal Contract Tower,10,19,19,3,51,0,25,130,15,170,10,44,149,18,221,96,24,120,341
03/26/2005,MHR,CA,AWP,WE,Federal Contract Tower,7,7,17,3,34,0,8,54,0,62,7,15,71,3,96,44,18,62,158
03/27/2005,MHR,CA,AWP,WE,Federal Contract Tower,1,2,21,1,25,0,0,24,1,25,1,2,45,2,50,20,0,20,70
03/28/2005,MHR,CA,AWP,WE,Federal Contract Tower,8,24,15,4,51,0,5,95,3,103,8,29,110,7,154,94,6,100,254
03/29/2005,MHR,CA,AWP,WE,Federal Contract Tower,21,37,40,1,99,0,4,57,25,86,21,41,97,26,185,6,36,42,227
03/30/2005,MHR,CA,AWP,WE,Federal Contract Tower,22,26,29,29,106,0,23,95,3,121,22,49,124,32,227,78,40,118,345
03/31/2005,MHR,CA,AWP,WE,Federal Contract Tower,21,17,17,2,57,0,22,130,3,155,21,39,147,5,212,76,6,82,294
04/01/2005,MHR,CA,AWP,WE,Federal Contract Tower,22,25,14,4,65,0,22,126,6,154,22,47,140,10,219,52,14,66,285
04/02/2005,MHR,CA,AWP,WE,Federal Contract Tower,9,2,22,2,35,0,8,124,7,139,9,10,146,9,174,50,4,54,228
04/03/2005,MHR,CA,AWP,WE,Federal Contract Tower,2,6,17,5,30,0,0,30,0,30,2,6,47,5,60,32,0,32,92
04/04/2005,MHR,CA,AWP,WE,Federal Contract Tower,8,18,26,6,58,0,9,123,9,141,8,27,149,15,199,82,20,102,301
04/05/2005,MHR,CA,AWP,WE,Federal Contract Tower,19,17,20,1,57,0,21,116,14,151,19,38,136,15,208,90,16,106,314
04/06/2005,MHR,CA,AWP,WE,Federal Contract Tower,20,19,30,1,70,0,22,109,14,145,20,41,139,15,215,60,12,72,287
04/07/2005,MHR,CA,AWP,WE,Federal Contract Tower,21,28,43,3,95,0,24,82,6,112,21,52,125,9,207,34,14,48,255
04/08/2005,MHR,CA,AWP,WE,Federal Contract Tower,11,24,9,2,46,0,5,19,0,24,11,29,28,2,70,6,0,6,76
04/09/2005,MHR,CA,AWP,WE,Federal Contract Tower,7,7,15,2,31,0,6,55,6,67,7,13,70,8,98,26,8,34,132
04/10/2005,MHR,CA,AWP,WE,Federal Contract Tower,2,3,32,5,42,0,0,65,1,66,2,3,97,6,108,30,0,30,138
04/11/2005,MHR,CA,AWP,WE,Federal Contract Tower,8,20,44,4,76,0,8,77,4,89,8,28,121,8,165,48,14,62,227
04/12/2005,MHR,CA,AWP,WE,Federal Contract Tower,21,21,14,2,58,0,13,105,3,121,21,34,119,5,179,68,20,88,267
04/13/2005,MHR,CA,AWP,WE,Federal Contract Tower,19,16,16,5,56,0,30,106,16,152,19,46,122,21,208,38,10,48,256
04/14/2005,MHR,CA,AWP,WE,Federal Contract Tower,20,21,23,3,67,0,23,101,8,132,20,44,124,11,199,4,12,16,215
04/15/2005,MHR,CA,AWP,WE,Federal Contract Tower,7,15,24,1,47,0,41,91,1,133,7,56,115,2,180,30,8,38,218
04/16/2005,MHR,CA,AWP,WE,Federal Contract Tower,7,2,10,4,23,0,10,78,0,88,7,12,88,4,111,52,12,64,175
04/17/2005,MHR,CA,AWP,WE,Federal Contract Tower,1,2,16,0,19,0,1,61,0,62,1,3,77,0,81,48,0,48,129
04/18/2005,MHR,CA,AWP,WE,Federal Contract Tower,8,17,23,12,60,0,14,137,5,156,8,31,160,17,216,72,26,98,314
04/19/2005,MHR,CA,AWP,WE,Federal Contract Tower,12,35,33,7,87,0,19,79,5,103,12,54,112,12,190,42,8,50,240
04/20/2005,MHR,CA,AWP,WE,Federal Contract Tower,17,22,35,5,79,0,29,119,11,159,17,51,154,16,238,128,16,144,382
04/21/2005,MHR,CA,AWP,WE,Federal Contract Tower,19,13,32,5,69,0,23,113,8,144,19,36,145,13,213,120,30,150,363
04/22/2005,MHR,CA,AWP,WE,Federal Contract Tower,11,19,13,7,50,0,21,83,5,109,11,40,96,12,159,6,24,30,189
04/23/2005,MHR,CA,AWP,WE,Federal Contract Tower,7,8,14,0,29,0,6,22,2,30,7,14,36,2,59,10,0,10,69
04/24/2005,MHR,CA,AWP,WE,Federal Contract Tower,2,4,42,2,50,0,0,75,3,78,2,4,117,5,128,46,0,46,174
04/25/2005,MHR,CA,AWP,WE,Federal Contract Tower,11,15,31,0,57,0,6,128,3,137,11,21,159,3,194,100,0,100,294
04/26/2005,MHR,CA,AWP,WE,Federal Contract Tower,22,22,48,7,99,0,25,110,8,143,22,47,158,15,242,18,33,51,293
04/27/2005,MHR,CA,AWP,WE,Federal Contract Tower,22,26,33,5,86,0,23,74,17,114,22,49,107,22,200,20,64,84,284
04/28/2005,MHR,CA,AWP,WE,Federal Contract Tower,23,31,32,16,102,0,8,42,5,55,23,39,74,21,157,8,0,8,165
04/29/2005,MHR,CA,AWP,WE,Federal Contract Tower,16,14,19,2,51,0,17,124,12,153,16,31,143,14,204,110,10,120,324
04/30/2005,MHR,CA,AWP,WE,Federal Contract Tower,7,4,7,0,18,0,11,67,2,80,7,15,74,2,98,44,0,44,142
05/01/2005,MHR,CA,AWP,WE,Federal Contract Tower,3,0,17,0,20,0,0,71,1,72,3,0,88,1,92,68,0,68,160
05/02/2005,MHR,CA,AWP,WE,Federal Contract Tower,8,16,29,7,60,0,10,91,12,113,8,26,120,19,173,82,64,146,319
05/03/2005,MHR,CA,AWP,WE,Federal Contract Tower,22,17,54,5,98,0,21,97,8,126,22,38,151,13,224,70,24,94,318
05/04/2005,MHR,CA,AWP,WE,Federal Contract Tower,20,31,33,16,100,0,12,98,21,131,20,43,131,37,231,62,50,112,343
05/05/2005,MHR,CA,AWP,WE,Federal Contract Tower,18,35,36,9,98,0,9,14,7,30,18,44,50,16,128,26,17,43,171
05/06/2005,MHR,CA,AWP,WE,Federal Contract Tower,13,30,16,4,63,0,23,74,14,111,13,53,90,18,174,8,34,42,216
05/07/2005,MHR,CA,AWP,WE,Federal Contract Tower,7,3,26,1,37,0,8,79,16,103,7,11,105,17,140,54,30,84,224
05/08/2005,MHR,CA,AWP,WE,Federal Contract Tower,2,7,45,2,56,0,0,48,4,52,2,7,93,6,108,8,18,26,134
05/09/2005,MHR,CA,AWP,WE,Federal Contract Tower,9,19,24,6,58,0,10,45,8,63,9,29,69,14,121,4,2,6,127
05/10/2005,MHR,CA,AWP,WE,Federal Contract Tower,22,22,34,1,79,0,18,117,4,139,22,40,151,5,218,126,0,126,344
05/11/2005,MHR,CA,AWP,WE,Federal Contract Tower,20,29,43,3,95,0,22,143,7,172,20,51,186,10,267,88,18,106,373
05/12/2005,MHR,CA,AWP,WE,Federal Contract Tower,20,15,41,3,79,0,21,112,8,141,20,36,153,11,220,56,0,56,276
05/13/2005,MHR,CA,AWP,WE,Federal Contract Tower,9,16,15,5,45,0,31,103,5,139,9,47,118,10,184,60,4,64,248
05/14/2005,MHR,CA,AWP,WE,Federal Contract Tower,7,4,9,0,20,0,9,81,15,105,7,13,90,15,125,46,0,46,171
05/15/2005,MHR,CA,AWP,WE,Federal Contract Tower,1,21,43,2,67,0,1,61,2,64,1,22,104,4,131,58,0,58,189
05/16/2005,MHR,CA,AWP,WE,Federal Contract Tower,8,16,27,2,53,0,12,99,4,115,8,28,126,6,168,34,10,44,212
05/17/2005,MHR,CA,AWP,WE,Federal Contract Tower,21,24,55,12,112,0,16,119,5,140,21,40,174,17,252,40,52,92,344
05/18/2005,MHR,CA,AWP,WE,Federal Contract Tower,20,36,46,14,116,0,14,48,7,69,20,50,94,21,185,28,38,66,251
05/19/2005,MHR,CA,AWP,WE,Federal Contract Tower,19,32,43,6,100,0,11,59,10,80,19,43,102,16,180,28,10,38,218
05/20/2005,MHR,CA,AWP,WE,Federal Contract Tower,11,18,33,4,66,0,29,102,11,142,11,47,135,15,208,52,8,60,268
05/21/2005,MHR,CA,AWP,WE,Federal Contract Tower,7,4,32,2,45,0,9,88,6,103,7,13,120,8,148,14,18,32,180
05/22/2005,MHR,CA,AWP,WE,Federal Contract Tower,1,8,16,0,25,0,0,95,2,97,1,8,111,2,122,20,0,20,142
05/23/2005,MHR,CA,AWP,WE,Federal Contract Tower,8,20,29,5,62,0,19,114,5,138,8,39,143,10,200,52,10,62,262
05/24/2005,MHR,CA,AWP,WE,Federal Contract Tower,20,24,59,4,107,0,16,119,8,143,20,40,178,12,250,66,4,70,320
05/25/2005,MHR,CA,AWP,WE,Federal Contract Tower,20,19,38,6,83,0,28,77,12,117,20,47,115,18,200,34,18,52,252
05/26/2005,MHR,CA,AWP,WE,Federal Contract Tower,20,20,19,1,60,0,20,124,11,155,20,40,143,12,215,18,2,20,235
05/27/2005,MHR,CA,AWP,WE,Federal Contract Tower,8,6,23,0,37,0,20,116,6,142,8,26,139,6,179,30,0,30,209
05/28/2005,MHR,CA,AWP,WE,Federal Contract Tower,7,5,18,0,30,0,6,106,1,113,7,11,124,1,143,6,0,6,149
05/29/2005,MHR,CA,AWP,WE,Federal Contract Tower,1,3,22,0,26,0,0,79,0,79,1,3,101,0,105,60,0,60,165
05/30/2005,MHR,CA,AWP,WE,Federal Contract Tower,0,2,25,0,27,0,0,127,2,129,0,2,152,2,156,54,0,54,210
05/31/2005,MHR,CA,AWP,WE,Federal Contract Tower,12,13,24,3,52,0,15,107,9,131,12,28,131,12,183,36,52,88,271
06/01/2005,MHR,CA,AWP,WE,Federal Contract Tower,20,23,38,7,88,0,36,106,9,151,20,59,144,16,239,28,14,42,281
06/02/2005,MHR,CA,AWP,WE,Federal Contract Tower,20,23,21,1,65,0,23,101,15,139,20,46,122,16,204,38,0,38,242
06/03/2005,MHR,CA,AWP,WE,Federal Contract Tower,10,17,30,3,60,0,29,109,11,149,10,46,139,14,209,40,8,48,257
06/04/2005,MHR,CA,AWP,WE,Federal Contract Tower,7,2,28,0,37,0,7,51,0,58,7,9,79,0,95,20,0,20,115
06/05/2005,MHR,CA,AWP,WE,Federal Contract Tower,3,5,14,0,22,0,0,58,0,58,3,5,72,0,80,8,0,8,88
06/06/2005,MHR,CA,AWP,WE,Federal Contract Tower,9,18,58,2,87,0,11,118,5,134,9,29,176,7,221,84,0,84,305
06/07/2005,MHR,CA,AWP,WE,Federal Contract Tower,22,24,36,4,86,0,18,86,6,110,22,42,122,10,196,56,0,56,252
06/08/2005,MHR,CA,AWP,WE,Federal Contract Tower,20,42,94,1,157,0,1,14,5,20,20,43,108,6,177,2,0,2,179
06/09/2005,MHR,CA,AWP,WE,Federal Contract Tower,21,31,35,6,93,0,8,67,10,85,21,39,102,16,178,18,20,38,216
06/10/2005,MHR,CA,AWP,WE,Federal Contract Tower,9,17,23,4,53,0,31,143,12,186,9,48,166,16,239,116,2,118,357
06/11/2005,MHR,CA,AWP,WE,Federal Contract Tower,7,1,20,0,28,0,8,91,0,99,7,9,111,0,127,46,0,46,173
06/12/2005,MHR,CA,AWP,WE,Federal Contract Tower,1,6,13,1,21,0,1,62,1,64,1,7,75,2,85,24,0,24,109
06/13/2005,MHR,CA,AWP,WE,Federal Contract Tower,13,12,17,0,42,0,17,86,2,105,13,29,103,2,147,148,0,148,295
06/14/2005,MHR,CA,AWP,WE,Federal Contract Tower,16,17,16,10,59,2,28,106,4,140,18,45,122,14,199,98,14,112,311
06/15/2005,MHR,CA,AWP,WE,Federal Contract Tower,21,15,38,6,80,0,25,114,14,153,21,40,152,20,233,138,10,148,381
06/16/2005,MHR,CA,AWP,WE,Federal Contract Tower,20,28,33,15,96,0,14,113,3,130,20,42,146,18,226,122,22,144,370
06/17/2005,MHR,CA,AWP,WE,Federal Contract Tower,12,27,37,3,79,0,16,92,8,116,12,43,129,11,195,40,10,50,245
06/18/2005,MHR,CA,AWP,WE,Federal Contract Tower,7,9,15,1,32,0,7,61,1,69,7,16,76,2,101,16,2,18,119
06/19/2005,MHR,CA,AWP,WE,Federal Contract Tower,1,5,18,1,25,0,0,62,0,62,1,5,80,1,87,18,0,18,105
06/20/2005,MHR,CA,AWP,WE,Federal Contract Tower,9,15,26,0,50,0,12,158,5,175,9,27,184,5,225,122,18,140,365
06/21/2005,MHR,CA,AWP,WE,Federal Contract Tower,15,25,37,2,79,0,20,124,9,153,15,45,161,11,232,46,0,46,278
06/22/2005,MHR,CA,AWP,WE,Federal Contract Tower,21,16,33,3,73,0,25,147,6,178,21,41,180,9,251,164,0,164,415
06/23/2005,MHR,CA,AWP,WE,Federal Contract Tower,20,31,46,3,100,0,10,116,15,141,20,41,162,18,241,168,20,188,429
06/24/2005,MHR,CA,AWP,WE,Federal Contract Tower,11,17,21,3,52,0,23,147,17,187,11,40,168,20,239,140,26,166,405
06/25/2005,MHR,CA,AWP,WE,Federal Contract Tower,7,2,31,2,42,0,7,79,3,89,7,9,110,5,131,88,30,118,249
06/26/2005,MHR,CA,AWP,WE,Federal Contract Tower,1,2,26,6,35,0,0,59,1,60,1,2,85,7,95,8,14,22,117
06/27/2005,MHR,CA,AWP,WE,Federal Contract Tower,8,14,34,15,71,0,9,82,4,95,8,23,116,19,166,72,22,94,260
06/28/2005,MHR,CA,AWP,WE,Federal Contract Tower,20,28,37,3,88,0,8,122,14,144,20,36,159,17,232,88,2,90,322
06/29/2005,MHR,CA,AWP,WE,Federal Contract Tower,19,19,24,17,79,0,20,175,13,208,19,39,199,30,287,134,12,146,433
06/30/2005,MHR,CA,AWP,WE,Federal Contract Tower,16,16,26,4,62,0,22,124,14,160,16,38,150,18,222,86,4,90,312
07/01/2005,MHR,CA,AWP,WE,Federal Contract Tower,7,12,13,0,32,0,27,161,9,197,7,39,174,9,229,102,0,102,331
07/02/2005,MHR,CA,AWP,WE,Federal Contract Tower,7,1,18,0,26,0,7,82,1,90,7,8,100,1,116,72,0,72,188
07/03/2005,MHR,CA,AWP,WE,Federal Contract Tower,1,1,15,0,17,0,0,87,0,87,1,1,102,0,104,58,0,58,162
07/04/2005,MHR,CA,AWP,WE,Federal Contract Tower,0,2,13,0,15,0,0,84,1,85,0,2,97,1,100,14,0,14,114
07/05/2005,MHR,CA,AWP,WE,Federal Contract Tower,12,7,24,15,58,0,8,103,13,124,12,15,127,28,182,36,30,66,248
07/06/2005,MHR,CA,AWP,WE,Federal Contract Tower,20,14,41,17,92,0,17,111,14,142,20,31,152,31,234,144,54,198,432
07/07/2005,MHR,CA,AWP,WE,Federal Contract Tower,19,3,34,4,60,0,27,115,12,154,19,30,149,16,214,146,20,166,380
07/08/2005,MHR,CA,AWP,WE,Federal Contract Tower,9,7,18,7,41,0,26,104,18,148,9,33,122,25,189,56,36,92,281
07/09/2005,MHR,CA,AWP,WE,Federal Contract Tower,7,2,8,7,24,0,7,61,9,77,7,9,69,16,101,34,10,44,145
07/10/2005,MHR,CA,AWP,WE,Federal Contract Tower,2,2,10,1,15,0,0,121,0,121,2,2,131,1,136,94,0,94,230
07/11/2005,MHR,CA,AWP,WE,Federal Contract Tower,8,22,29,15,74,0,17,116,11,144,8,39,145,26,218,174,18,192,410
07/12/2005,MHR,CA,AWP,WE,Federal Contract Tower,21,17,50,11,99,0,19,111,14,144,21,36,161,25,243,148,22,170,413
07/13/2005,MHR,CA,AWP,WE,Federal Contract Tower,20,19,26,6,71,0,16,113,21,150,20,35,139,27,221,128,22,150,371
07/14/2005,MHR,CA,AWP,WE,Federal Contract Tower,20,20,25,3,68,0,28,115,10,153,20,48,140,13,221,100,8,108,329
07/15/2005,MHR,CA,AWP,WE,Federal Contract Tower,10,16,19,5,50,0,23,111,11,145,10,39,130,16,195,102,18,120,315
07/16/2005,MHR,CA,AWP,WE,Federal Contract Tower,7,2,19,4,32,0,6,54,2,62,7,8,73,6,94,72,2,74,168
07/17/2005,MHR,CA,AWP,WE,Federal Contract Tower,1,3,16,0,20,1,0,33,0,34,2,3,49,0,54,24,0,24,78
07/18/2005,MHR,CA,AWP,WE,Federal Contract Tower,10,17,37,2,66,0,12,61,3,76,10,29,98,5,142,160,0,160,302
07/19/2005,MHR,CA,AWP,WE,Federal Contract Tower,21,17,43,1,82,0,30,159,11,200,21,47,202,12,282,212,11,223,505
07/20/2005,MHR,CA,AWP,WE,Federal Contract Tower,24,17,27,10,78,0,30,180,16,226,24,47,207,26,304,132,8,140,444
07/21/2005,MHR,CA,AWP,WE,Federal Contract Tower,20,17,20,8,65,0,26,95,10,131,20,43,115,18,196,116,76,192,388
07/22/2005,MHR,CA,AWP,WE,Federal Contract Tower,9,14,17,13,53,0,20,112,17,149,9,34,129,30,202,92,48,140,342
07/23/2005,MHR,CA,AWP,WE,Federal Contract Tower,10,3,24,6,43,0,7,76,3,86,10,10,100,9,129,76,42,118,247
07/24/2005,MHR,CA,AWP,WE,Federal Contract Tower,2,4,14,0,20,0,0,88,0,88,2,4,102,0,108,70,12,82,190
07/25/2005,MHR,CA,AWP,WE,Federal Contract Tower,9,12,25,9,55,0,17,113,14,144,9,29,138,23,199,108,24,132,331
07/26/2005,MHR,CA,AWP,WE,Federal Contract Tower,24,17,17,3,61,0,28,133,18,179,24,45,150,21,240,116,46,162,402
07/27/2005,MHR,CA,AWP,WE,Federal Contract Tower,19,20,18,4,61,0,24,144,11,179,19,44,162,15,240,132,16,148,388
07/28/2005,MHR,CA,AWP,WE,Federal Contract Tower,19,18,40,6,83,0,28,102,6,136,19,46,142,12,219,140,46,186,405
07/29/2005,MHR,CA,AWP,WE,Federal Contract Tower,9,15,34,3,61,0,26,111,13,150,9,41,145,16,211,68,14,82,293
07/30/2005,MHR,CA,AWP,WE,Federal Contract Tower,7,1,16,0,24,0,7,67,1,75,7,8,83,1,99,102,2,104,203
07/31/2005,MHR,CA,AWP,WE,Federal Contract Tower,1,1,25,0,27,0,0,71,1,72,1,1,96,1,99,52,0,52,151
08/01/2005,MHR,CA,AWP,WE,Federal Contract Tower,9,20,32,6,67,0,16,78,5,99,9,36,110,11,166,148,0,148,314
08/02/2005,MHR,CA,AWP,WE,Federal Contract Tower,20,15,28,4,67,0,22,76,19,117,20,37,104,23,184,60,0,60,244
08/03/2005,MHR,CA,AWP,WE,Federal Contract Tower,21,17,47,8,93,0,23,116,9,148,21,40,163,17,241,102,28,130,371
08/04/2005,MHR,CA,AWP,WE,Federal Contract Tower,18,16,37,6,77,0,25,119,5,149,18,41,156,11,226,42,12,54,280
08/05/2005,MHR,CA,AWP,WE,Federal Contract Tower,12,13,23,2,50,0,22,114,6,142,12,35,137,8,192,60,2,62,254
08/06/2005,MHR,CA,AWP,WE,Federal Contract Tower,7,2,10,2,21,0,11,54,0,65,7,13,64,2,86,86,0,86,172
08/07/2005,MHR,CA,AWP,WE,Federal Contract Tower,1,1,7,0,9,0,0,63,0,63,1,1,70,0,72,50,0,50,122
08/08/2005,MHR,CA,AWP,WE,Federal Contract Tower,8,18,52,5,83,0,11,82,10,103,8,29,134,15,186,88,14,102,288
08/09/2005,MHR,CA,AWP,WE,Federal Contract Tower,18,20,42,8,88,0,22,109,12,143,18,42,151,20,231,20,16,36,267
08/10/2005,MHR,CA,AWP,WE,Federal Contract Tower,20,18,38,2,78,0,29,121,14,164,20,47,159,16,242,88,10,98,340
08/11/2005,MHR,CA,AWP,WE,Federal Contract Tower,19,22,17,9,67,0,19,98,16,133,19,41,115,25,200,42,18,60,260
08/12/2005,MHR,CA,AWP,WE,Federal Contract Tower,10,19,32,4,65,0,25,81,25,131,10,44,113,29,196,60,10,70,266
08/13/2005,MHR,CA,AWP,WE,Federal Contract Tower,8,1,25,1,35,0,10,64,1,75,8,11,89,2,110,16,0,16,126
08/14/2005,MHR,CA,AWP,WE,Federal Contract Tower,2,1,26,2,31,0,0,86,29,115,2,1,112,31,146,31,62,93,239
08/15/2005,MHR,CA,AWP,WE,Federal Contract Tower,8,16,23,6,53,0,11,82,10,103,8,27,105,16,156,70,16,86,242
08/16/2005,MHR,CA,AWP,WE,Federal Contract Tower,19,23,20,12,74,0,19,116,8,143,19,42,136,20,217,56,2,58,275
08/17/2005,MHR,CA,AWP,WE,Federal Contract Tower,18,17,27,12,74,0,25,85,15,125,18,42,112,27,199,86,28,114,313
08/18/2005,MHR,CA,AWP,WE,Federal Contract Tower,20,23,27,2,72,0,25,98,15,138,20,48,125,17,210,42,14,56,266
08/19/2005,MHR,CA,AWP,WE,Federal Contract Tower,12,30,38,2,82,0,13,125,8,146,12,43,163,10,228,66,6,72,300
08/20/2005,MHR,CA,AWP,WE,Federal Contract Tower,7,2,17,3,29,0,6,108,0,114,7,8,125,3,143,80,14,94,237
08/21/2005,MHR,CA,AWP,WE,Federal Contract Tower,1,3,17,2,23,0,0,86,0,86,1,3,103,2,109,90,20,110,219
08/22/2005,MHR,CA,AWP,WE,Federal Contract Tower,9,24,37,7,77,0,11,99,10,120,9,35,136,17,197,82,20,102,299
08/23/2005,MHR,CA,AWP,WE,Federal Contract Tower,21,22,42,17,102,0,23,136,16,175,21,45,178,33,277,66,34,100,377
08/24/2005,MHR,CA,AWP,WE,Federal Contract Tower,19,17,41,8,85,0,30,121,14,165,19,47,162,22,250,72,40,112,362
08/25/2005,MHR,CA,AWP,WE,Federal Contract Tower,22,21,22,10,75,0,22,131,17,170,22,43,153,27,245,70,58,128,373
08/26/2005,MHR,CA,AWP,WE,Federal Contract Tower,8,23,32,2,65,0,29,113,14,156,8,52,145,16,221,168,26,194,415
08/27/2005,MHR,CA,AWP,WE,Federal Contract Tower,11,4,32,2,49,0,10,60,2,72,11,14,92,4,121,34,8,42,163
08/28/2005,MHR,CA,AWP,WE,Federal Contract Tower,2,3,24,4,33,0,2,87,1,90,2,5,111,5,123,30,14,44,167
08/29/2005,MHR,CA,AWP,WE,Federal Contract Tower,8,15,26,5,54,0,14,110,6,130,8,29,136,11,184,102,0,102,286
08/30/2005,MHR,CA,AWP,WE,Federal Contract Tower,19,15,25,13,72,0,20,98,13,131,19,35,123,26,203,92,45,137,340
08/31/2005,MHR,CA,AWP,WE,Federal Contract Tower,21,13,12,3,49,0,20,146,13,179,21,33,158,16,228,80,22,102,330
09/01/2005,MHR,CA,AWP,WE,Federal Contract Tower,19,18,49,7,93,0,33,127,13,173,19,51,176,20,266,94,16,110,376
09/02/2005,MHR,CA,AWP,WE,Federal Contract Tower,9,4,21,3,37,0,19,89,10,118,9,23,110,13,155,116,20,136,291
09/03/2005,MHR,CA,AWP,WE,Federal Contract Tower,7,2,17,7,33,0,6,77,3,86,7,8,94,10,119,36,24,60,179
09/04/2005,MHR,CA,AWP,WE,Federal Contract Tower,2,1,20,5,28,0,0,52,3,55,2,1,72,8,83,8,2,10,93
09/05/2005,MHR,CA,AWP,WE,Federal Contract Tower,0,1,16,6,23,0,0,89,0,89,0,1,105,6,112,48,0,48,160
09/06/2005,MHR,CA,AWP,WE,Federal Contract Tower,8,21,29,6,64,0,22,79,12,113,8,43,108,18,177,96,16,112,289
09/07/2005,MHR,CA,AWP,WE,Federal Contract Tower,21,20,33,5,79,0,19,122,7,148,21,39,155,12,227,118,16,134,361
09/08/2005,MHR,CA,AWP,WE,Federal Contract Tower,21,14,28,7,70,0,32,121,5,158,21,46,149,12,228,124,10,134,362
09/09/2005,MHR,CA,AWP,WE,Federal Contract Tower,12,16,32,15,75,0,20,119,12,151,12,36,151,27,226,42,6,48,274
09/10/2005,MHR,CA,AWP,WE,Federal Contract Tower,5,7,50,4,66,0,4,72,0,76,5,11,122,4,142,94,16,110,252
09/11/2005,MHR,CA,AWP,WE,Federal Contract Tower,2,1,10,9,22,0,0,85,0,85,2,1,95,9,107,78,2,80,187
09/12/2005,MHR,CA,AWP,WE,Federal Contract Tower,7,15,32,6,60,0,18,126,6,150,7,33,158,12,210,136,0,136,346
09/13/2005,MHR,CA,AWP,WE,Federal Contract Tower,21,32,33,19,105,0,29,69,6,104,21,61,102,25,209,54,12,66,275
09/14/2005,MHR,CA,AWP,WE,Federal Contract Tower,17,21,31,7,76,0,21,100,6,127,17,42,131,13,203,108,24,132,335
09/15/2005,MHR,CA,AWP,WE,Federal Contract Tower,18,28,37,6,89,0,11,92,9,112,18,39,129,15,201,52,24,76,277
09/16/2005,MHR,CA,AWP,WE,Federal Contract Tower,10,20,24,9,63,0,13,59,11,83,10,33,83,20,146,104,18,122,268
09/17/2005,MHR,CA,AWP,WE,Federal Contract Tower,4,1,13,0,18,0,8,85,0,93,4,9,98,0,111,100,0,100,211
09/18/2005,MHR,CA,AWP,WE,Federal Contract Tower,3,1,23,6,33,0,0,78,1,79,3,1,101,7,112,90,2,92,204
09/19/2005,MHR,CA,AWP,WE,Federal Contract Tower,6,15,34,5,60,0,16,114,9,139,6,31,148,14,199,94,34,128,327
09/20/2005,MHR,CA,AWP,WE,Federal Contract Tower,16,28,48,5,97,0,21,60,11,92,16,49,108,16,189,60,18,78,267
09/21/2005,MHR,CA,AWP,WE,Federal Contract Tower,17,16,38,15,86,0,31,114,14,159,17,47,152,29,245,52,28,80,325
09/22/2005,MHR,CA,AWP,WE,Federal Contract Tower,19,14,24,0,57,0,23,99,5,127,19,37,123,5,184,60,0,60,244
09/23/2005,MHR,CA,AWP,WE,Federal Contract Tower,9,20,12,3,44,0,34,108,11,153,9,54,120,14,197,40,6,46,243
09/24/2005,MHR,CA,AWP,WE,Federal Contract Tower,5,9,4,2,20,0,6,61,2,69,5,15,65,4,89,56,0,56,145
09/25/2005,MHR,CA,AWP,WE,Federal Contract Tower,4,1,22,2,29,0,0,79,0,79,4,1,101,2,108,92,0,92,200
09/26/2005,MHR,CA,AWP,WE,Federal Contract Tower,9,14,74,0,97,0,19,55,0,74,9,33,129,0,171,100,0,100,271
09/27/2005,MHR,CA,AWP,WE,Federal Contract Tower,18,16,34,10,78,0,23,89,5,117,18,39,123,15,195,134,4,138,333
09/28/2005,MHR,CA,AWP,WE,Federal Contract Tower,19,18,28,6,71,0,22,79,15,116,19,40,107,21,187,90,20,110,297
09/29/2005,MHR,CA,AWP,WE,Federal Contract Tower,18,16,48,2,84,0,17,104,1,122,18,33,152,3,206,104,2,106,312
09/30/2005,MHR,CA,AWP,WE,Federal Contract Tower,11,15,21,4,51,0,41,85,5,131,11,56,106,9,182,56,0,56,238
10/01/2005,MHR,CA,AWP,WE,Federal Contract Tower,5,1,16,0,22,0,6,60,0,66,5,7,76,0,88,34,0,34,122
10/02/2005,MHR,CA,AWP,WE,Federal Contract Tower,2,4,7,2,15,0,0,65,0,65,2,4,72,2,80,52,2,54,134
10/03/2005,MHR,CA,AWP,WE,Federal Contract Tower,10,21,41,5,77,0,19,112,7,138,10,40,153,12,215,130,18,148,363
10/04/2005,MHR,CA,AWP,WE,Federal Contract Tower,21,14,50,14,99,0,21,79,6,106,21,35,129,20,205,84,66,150,355
10/05/2005,MHR,CA,AWP,WE,Federal Contract Tower,16,15,23,8,62,2,28,133,10,173,18,43,156,18,235,132,20,152,387
10/06/2005,MHR,CA,AWP,WE,Federal Contract Tower,18,28,36,11,93,0,32,111,3,146,18,60,147,14,239,96,58,154,393
10/07/2005,MHR,CA,AWP,WE,Federal Contract Tower,12,23,31,10,76,0,18,124,1,143,12,41,155,11,219,58,12,70,289
10/08/2005,MHR,CA,AWP,WE,Federal Contract Tower,6,5,14,5,30,0,6,70,3,79,6,11,84,8,109,34,16,50,159
10/09/2005,MHR,CA,AWP,WE,Federal Contract Tower,3,2,29,0,34,0,0,36,0,36,3,2,65,0,70,40,0,40,110
10/10/2005,MHR,CA,AWP,WE,Federal Contract Tower,9,18,24,0,51,0,11,71,0,82,9,29,95,0,133,154,0,154,287
10/11/2005,MHR,CA,AWP,WE,Federal Contract Tower,20,22,35,8,85,0,18,84,5,107,20,40,119,13,192,98,26,124,316
10/12/2005,MHR,CA,AWP,WE,Federal Contract Tower,18,16,25,8,67,0,26,108,15,149,18,42,133,23,216,62,10,72,288
10/13/2005,MHR,CA,AWP,WE,Federal Contract Tower,21,11,43,8,83,0,21,100,8,129,21,32,143,16,212,76,22,98,310
10/14/2005,MHR,CA,AWP,WE,Federal Contract Tower,13,15,24,14,66,0,34,99,19,152,13,49,123,33,218,56,26,82,300
10/15/2005,MHR,CA,AWP,WE,Federal Contract Tower,5,5,16,5,31,0,4,62,2,68,5,9,78,7,99,36,4,40,139
10/16/2005,MHR,CA,AWP,WE,Federal Contract Tower,4,1,16,3,24,0,0,50,0,50,4,1,66,3,74,88,0,88,162
10/17/2005,MHR,CA,AWP,WE,Federal Contract Tower,9,15,40,8,72,0,9,81,2,92,9,24,121,10,164,56,10,66,230
10/18/2005,MHR,CA,AWP,WE,Federal Contract Tower,17,24,37,9,87,0,20,94,13,127,17,44,131,22,214,94,40,134,348
10/19/2005,MHR,CA,AWP,WE,Federal Contract Tower,19,28,52,8,107,0,15,74,3,92,19,43,126,11,199,130,22,152,351
10/20/2005,MHR,CA,AWP,WE,Federal Contract Tower,18,21,33,5,77,0,25,89,1,115,18,46,122,6,192,48,0,48,240
10/21/2005,MHR,CA,AWP,WE,Federal Contract Tower,11,17,21,3,52,0,25,102,9,136,11,42,123,12,188,38,0,38,226
10/22/2005,MHR,CA,AWP,WE,Federal Contract Tower,5,5,23,3,36,0,7,52,1,60,5,12,75,4,96,36,0,36,132
10/23/2005,MHR,CA,AWP,WE,Federal Contract Tower,4,7,29,0,40,0,0,59,0,59,4,7,88,0,99,86,0,86,185
10/24/2005,MHR,CA,AWP,WE,Federal Contract Tower,7,13,28,9,57,0,19,90,7,116,7,32,118,16,173,40,29,69,242
10/25/2005,MHR,CA,AWP,WE,Federal Contract Tower,19,31,56,14,120,0,13,82,16,111,19,44,138,30,231,102,70,172,403
10/26/2005,MHR,CA,AWP,WE,Federal Contract Tower,21,30,46,27,124,0,12,75,17,104,21,42,121,44,228,50,34,84,312
10/27/2005,MHR,CA,AWP,WE,Federal Contract Tower,18,33,38,18,107,0,9,119,4,132,18,42,157,22,239,52,16,68,307
10/28/2005,MHR,CA,AWP,WE,Federal Contract Tower,9,30,29,7,75,0,16,76,19,111,9,46,105,26,186,30,22,52,238
10/29/2005,MHR,CA,AWP,WE,Federal Contract Tower,8,8,26,1,43,0,0,45,1,46,8,8,71,2,89,60,0,60,149
10/30/2005,MHR,CA,AWP,WE,Federal Contract Tower,3,2,20,1,26,0,0,74,0,74,3,2,94,1,100,44,2,46,146
10/31/2005,MHR,CA,AWP,WE,Federal Contract Tower,7,18,39,1,65,0,6,79,2,87,7,24,118,3,152,74,0,74,226
11/01/2005,MHR,CA,AWP,WE,Federal Contract Tower,18,23,22,2,65,0,26,108,9,143,18,49,130,11,208,52,24,76,284
11/02/2005,MHR,CA,AWP,WE,Federal Contract Tower,16,34,44,7,101,0,9,78,7,94,16,43,122,14,195,48,12,60,255
11/03/2005,MHR,CA,AWP,WE,Federal Contract Tower,17,21,37,15,90,0,21,103,17,141,17,42,140,32,231,90,84,174,405
11/04/2005,MHR,CA,AWP,WE,Federal Contract Tower,13,37,30,12,92,0,9,53,13,75,13,46,83,25,167,51,28,79,246
11/05/2005,MHR,CA,AWP,WE,Federal Contract Tower,6,5,30,4,45,0,5,75,5,85,6,10,105,9,130,52,14,66,196
11/06/2005,MHR,CA,AWP,WE,Federal Contract Tower,4,4,26,2,36,0,0,48,4,52,4,4,74,6,88,12,2,14,102
11/07/2005,MHR,CA,AWP,WE,Federal Contract Tower,8,25,23,43,99,0,8,36,4,48,8,33,59,47,147,80,44,124,271
11/08/2005,MHR,CA,AWP,WE,Federal Contract Tower,21,36,24,30,111,0,9,63,8,80,21,45,87,38,191,80,32,112,303
11/09/2005,MHR,CA,AWP,WE,Federal Contract Tower,22,21,31,6,80,0,21,130,17,168,22,42,161,23,248,120,36,156,404
11/10/2005,MHR,CA,AWP,WE,Federal Contract Tower,18,19,52,15,104,0,21,115,16,152,18,40,167,31,256,74,34,108,364
11/11/2005,MHR,CA,AWP,WE,Federal Contract Tower,11,29,27,2,69,0,7,63,6,76,11,36,90,8,145,44,8,52,197
11/12/2005,MHR,CA,AWP,WE,Federal Contract Tower,17,7,9,0,33,0,0,60,0,60,17,7,69,0,93,4,0,4,97
11/13/2005,MHR,CA,AWP,WE,Federal Contract Tower,3,3,22,0,28,0,0,43,0,43,3,3,65,0,71,22,0,22,93
11/14/2005,MHR,CA,AWP,WE,Federal Contract Tower,7,17,15,6,45,0,16,49,8,73,7,33,64,14,118,26,18,44,162
11/15/2005,MHR,CA,AWP,WE,Federal Contract Tower,18,19,38,6,81,0,27,50,9,86,18,46,88,15,167,22,36,58,225
11/16/2005,MHR,CA,AWP,WE,Federal Contract Tower,19,18,51,3,91,0,20,96,12,128,19,38,147,15,219,56,30,86,305
11/17/2005,MHR,CA,AWP,WE,Federal Contract Tower,20,25,26,14,85,0,21,111,16,148,20,46,137,30,233,62,64,126,359
11/18/2005,MHR,CA,AWP,WE,Federal Contract Tower,12,17,12,4,45,0,25,113,9,147,12,42,125,13,192,66,12,78,270
11/19/2005,MHR,CA,AWP,WE,Federal Contract Tower,5,2,21,0,28,0,8,57,1,66,5,10,78,1,94,32,0,32,126
11/20/2005,MHR,CA,AWP,WE,Federal Contract Tower,6,4,34,0,44,0,0,62,0,62,6,4,96,0,106,46,0,46,152
11/21/2005,MHR,CA,AWP,WE,Federal Contract Tower,7,10,32,11,60,0,24,112,17,153,7,34,144,28,213,136,32,168,381
11/22/2005,MHR,CA,AWP,WE,Federal Contract Tower,22,15,34,18,89,0,27,158,28,213,22,42,192,46,302,152,60,212,514
11/23/2005,MHR,CA,AWP,WE,Federal Contract Tower,23,8,36,3,70,0,31,124,5,160,23,39,160,8,230,102,18,120,350
11/24/2005,MHR,CA,AWP,WE,Federal Contract Tower,2,1,15,0,18,0,1,48,0,49,2,2,63,0,67,0,0,0,67
11/25/2005,MHR,CA,AWP,WE,Federal Contract Tower,10,20,29,0,59,0,10,38,0,48,10,30,67,0,107,44,0,44,151
11/26/2005,MHR,CA,AWP,WE,Federal Contract Tower,3,4,24,0,31,0,7,51,0,58,3,11,75,0,89,2,0,2,91
11/27/2005,MHR,CA,AWP,WE,Federal Contract Tower,2,6,29,0,37,0,0,63,0,63,2,6,92,0,100,76,0,76,176
11/28/2005,MHR,CA,AWP,WE,Federal Contract Tower,5,26,52,17,100,0,5,41,14,60,5,31,93,31,160,2,48,50,210
11/29/2005,MHR,CA,AWP,WE,Federal Contract Tower,19,48,57,4,128,0,7,20,6,33,19,55,77,10,161,24,13,37,198
11/30/2005,MHR,CA,AWP,WE,Federal Contract Tower,20,47,62,1,130,0,4,19,0,23,20,51,81,1,153,14,0,14,167
12/01/2005,MHR,CA,AWP,WE,Federal Contract Tower,25,39,17,3,84,0,3,7,0,10,25,42,24,3,94,2,0,2,96
12/02/2005,MHR,CA,AWP,WE,Federal Contract Tower,12,28,19,17,76,0,15,90,12,117,12,43,109,29,193,86,26,112,305
12/03/2005,MHR,CA,AWP,WE,Federal Contract Tower,5,2,17,2,26,0,7,48,0,55,5,9,65,2,81,76,0,76,157
12/04/2005,MHR,CA,AWP,WE,Federal Contract Tower,4,5,21,1,31,0,1,70,3,74,4,6,91,4,105,56,0,56,161
12/05/2005,MHR,CA,AWP,WE,Federal Contract Tower,7,19,55,8,89,0,24,89,17,130,7,43,144,25,219,70,24,94,313
12/06/2005,MHR,CA,AWP,WE,Federal Contract Tower,21,16,30,12,79,0,22,132,14,168,21,38,162,26,247,106,60,166,413
12/07/2005,MHR,CA,AWP,WE,Federal Contract Tower,22,43,44,10,119,0,8,51,15,74,22,51,95,25,193,24,60,84,277
12/08/2005,MHR,CA,AWP,WE,Federal Contract Tower,23,26,31,5,85,0,14,51,5,70,23,40,82,10,155,50,11,61,216
12/09/2005,MHR,CA,AWP,WE,Federal Contract Tower,16,24,42,7,89,0,18,70,15,103,16,42,112,22,192,56,40,96,288
12/10/2005,MHR,CA,AWP,WE,Federal Contract Tower,6,6,17,0,29,0,6,36,0,42,6,12,53,0,71,48,0,48,119
12/11/2005,MHR,CA,AWP,WE,Federal Contract Tower,4,1,28,4,37,0,0,35,0,35,4,1,63,4,72,14,0,14,86
12/12/2005,MHR,CA,AWP,WE,Federal Contract Tower,9,35,66,5,115,0,5,51,1,57,9,40,117,6,172,28,4,32,204
12/13/2005,MHR,CA,AWP,WE,Federal Contract Tower,29,30,64,14,137,0,21,35,8,64,29,51,99,22,201,58,38,96,297
12/14/2005,MHR,CA,AWP,WE,Federal Contract Tower,29,51,62,19,161,0,10,54,14,78,29,61,116,33,239,62,22,84,323
12/15/2005,MHR,CA,AWP,WE,Federal Contract Tower,24,36,57,2,119,0,4,4,0,8,24,40,61,2,127,0,0,0,127
12/16/2005,MHR,CA,AWP,WE,Federal Contract Tower,16,45,56,0,117,0,5,1,0,6,16,50,57,0,123,0,0,0,123
12/17/2005,MHR,CA,AWP,WE,Federal Contract Tower,10,10,13,0,33,0,0,3,0,3,10,10,16,0,36,0,0,0,36
12/18/2005,MHR,CA,AWP,WE,Federal Contract Tower,8,3,13,0,24,0,0,0,0,0,8,3,13,0,24,0,0,0,24
12/19/2005,MHR,CA,AWP,WE,Federal Contract Tower,12,27,31,5,75,0,17,85,7,109,12,44,116,12,184,10,30,40,224
12/20/2005,MHR,CA,AWP,WE,Federal Contract Tower,34,36,16,15,101,0,13,44,2,59,34,49,60,17,160,32,30,62,222
12/21/2005,MHR,CA,AWP,WE,Federal Contract Tower,34,64,52,19,169,0,2,16,24,42,34,66,68,43,211,0,62,62,273
12/22/2005,MHR,CA,AWP,WE,Federal Contract Tower,33,48,30,19,130,0,0,4,0,4,33,48,34,19,134,10,10,20,154
12/23/2005,MHR,CA,AWP,WE,Federal Contract Tower,23,44,37,5,109,1,4,11,2,18,24,48,48,7,127,10,10,20,147
12/24/2005,MHR,CA,AWP,WE,Federal Contract Tower,11,17,11,0,39,1,0,13,0,14,12,17,24,0,53,8,0,8,61
12/25/2005,MHR,CA,AWP,WE,Federal Contract Tower,1,3,7,0,11,0,0,0,0,0,1,3,7,0,11,0,0,0,11
12/26/2005,MHR,CA,AWP,WE,Federal Contract Tower,4,7,24,0,35,0,1,56,0,57,4,8,80,0,92,10,0,10,102
12/27/2005,MHR,CA,AWP,WE,Federal Contract Tower,10,26,20,0,56,0,8,36,0,44,10,34,56,0,100,0,0,0,100
12/28/2005,MHR,CA,AWP,WE,Federal Contract Tower,18,20,15,4,57,0,4,29,4,37,18,24,44,8,94,2,10,12,106
12/29/2005,MHR,CA,AWP,WE,Federal Contract Tower,18,15,29,0,62,0,10,39,3,52,18,25,68,3,114,32,8,40,154
12/30/2005,MHR,CA,AWP,WE,Federal Contract Tower,15,31,13,0,59,0,5,10,1,16,15,36,23,1,75,2,0,2,77
12/31/2005,MHR,CA,AWP,WE,Federal Contract Tower,5,6,2,2,15,0,0,18,0,18,5,6,20,2,33,0,0,0,33
01/01/2006,MHR,CA,AWP,WE,Federal Contract Tower,1,0,9,0,10,0,0,3,0,3,1,0,12,0,13,0,0,0,13
01/02/2006,MHR,CA,AWP,WE,Federal Contract Tower,3,7,20,0,30,1,0,7,2,10,4,7,27,2,40,0,0,0,40
01/03/2006,MHR,CA,AWP,WE,Federal Contract Tower,11,17,61,10,99,0,7,51,8,66,11,24,112,18,165,0,56,56,221
01/04/2006,MHR,CA,AWP,WE,Federal Contract Tower,17,15,27,11,70,0,13,91,11,115,17,28,118,22,185,86,20,106,291
01/05/2006,MHR,CA,AWP,WE,Federal Contract Tower,18,15,38,13,84,0,18,86,10,114,18,33,124,23,198,38,2,40,238
01/06/2006,MHR,CA,AWP,WE,Federal Contract Tower,11,17,21,2,51,0,14,49,3,66,11,31,70,5,117,8,14,22,139
01/07/2006,MHR,CA,AWP,WE,Federal Contract Tower,7,8,29,0,44,0,1,47,0,48,7,9,76,0,92,38,0,38,130
01/08/2006,MHR,CA,AWP,WE,Federal Contract Tower,3,3,18,1,25,0,0,27,4,31,3,3,45,5,56,16,4,20,76
01/09/2006,MHR,CA,AWP,WE,Federal Contract Tower,8,14,33,18,73,0,17,97,7,121,8,31,130,25,194,72,42,114,308
01/10/2006,MHR,CA,AWP,WE,Federal Contract Tower,20,33,29,8,90,0,5,62,14,81,20,38,91,22,171,96,58,154,325
01/11/2006,MHR,CA,AWP,WE,Federal Contract Tower,18,31,31,17,97,0,4,41,12,57,18,35,72,29,154,22,14,36,190
01/12/2006,MHR,CA,AWP,WE,Federal Contract Tower,18,32,79,10,139,0,8,34,8,50,18,40,113,18,189,14,30,44,233
01/13/2006,MHR,CA,AWP,WE,Federal Contract Tower,14,42,37,6,99,0,5,43,4,52,14,47,80,10,151,14,10,24,175
01/14/2006,MHR,CA,AWP,WE,Federal Contract Tower,6,9,10,2,27,0,0,13,3,16,6,9,23,5,43,0,0,0,43
01/15/2006,MHR,CA,AWP,WE,Federal Contract Tower,3,1,25,0,29,0,0,68,0,68,3,1,93,0,97,42,0,42,139
01/16/2006,MHR,CA,AWP,WE,Federal Contract Tower,7,18,34,0,59,0,14,58,0,72,7,32,92,0,131,92,0,92,223
01/17/2006,MHR,CA,AWP,WE,Federal Contract Tower,17,31,46,11,105,1,3,66,9,79,18,34,112,20,184,116,16,132,316
01/18/2006,MHR,CA,AWP,WE,Federal Contract Tower,19,41,36,13,109,0,5,34,9,48,19,46,70,22,157,4,4,8,165
01/19/2006,MHR,CA,AWP,WE,Federal Contract Tower,19,24,38,11,92,0,19,98,5,122,19,43,136,16,214,68,14,82,296
01/20/2006,MHR,CA,AWP,WE,Federal Contract Tower,14,32,26,7,79,0,14,74,10,98,14,46,100,17,177,46,20,66,243
01/21/2006,MHR,CA,AWP,WE,Federal Contract Tower,5,8,19,0,32,0,1,23,20,44,5,9,42,20,76,66,0,66,142
01/22/2006,MHR,CA,AWP,WE,Federal Contract Tower,4,1,40,0,45,0,0,32,3,35,4,1,72,3,80,28,2,30,110
01/23/2006,MHR,CA,AWP,WE,Federal Contract Tower,7,23,11,14,55,0,14,76,5,95,7,37,87,19,150,52,38,90,240
01/24/2006,MHR,CA,AWP,WE,Federal Contract Tower,19,29,106,18,172,1,19,91,17,128,20,48,197,35,300,89,66,155,455
01/25/2006,MHR,CA,AWP,WE,Federal Contract Tower,18,40,69,6,133,0,22,94,6,122,18,62,163,12,255,82,12,94,349
01/26/2006,MHR,CA,AWP,WE,Federal Contract Tower,17,28,61,12,118,0,13,73,28,114,17,41,134,40,232,20,40,60,292
01/27/2006,MHR,CA,AWP,WE,Federal Contract Tower,11,32,34,10,87,0,21,36,5,62,11,53,70,15,149,10,16,26,175
01/28/2006,MHR,CA,AWP,WE,Federal Contract Tower,5,4,21,1,31,0,4,16,1,21,5,8,37,2,52,0,0,0,52
01/29/2006,MHR,CA,AWP,WE,Federal Contract Tower,5,2,18,1,26,0,0,32,0,32,5,2,50,1,58,66,0,66,124
01/30/2006,MHR,CA,AWP,WE,Federal Contract Tower,7,27,24,23,81,0,12,36,7,55,7,39,60,30,136,18,22,40,176
01/31/2006,MHR,CA,AWP,WE,Federal Contract Tower,19,33,36,12,100,4,19,64,9,96,23,52,100,21,196,61,20,81,277
02/01/2006,MHR,CA,AWP,WE,Federal Contract Tower,18,32,47,29,126,0,1,27,17,45,18,33,74,46,171,24,42,66,237
02/02/2006,MHR,CA,AWP,WE,Federal Contract Tower,19,40,49,12,120,0,7,68,16,91,19,47,117,28,211,38,18,56,267
02/03/2006,MHR,CA,AWP,WE,Federal Contract Tower,10,22,23,4,59,0,27,56,19,102,10,49,79,23,161,94,8,102,263
02/04/2006,MHR,CA,AWP,WE,Federal Contract Tower,5,11,19,4,39,0,0,14,2,16,5,11,33,6,55,28,6,34,89
02/05/2006,MHR,CA,AWP,WE,Federal Contract Tower,3,1,27,0,31,0,1,47,0,48,3,2,74,0,79,46,0,46,125
02/06/2006,MHR,CA,AWP,WE,Federal Contract Tower,8,14,22,22,66,0,19,55,11,85,8,33,77,33,151,18,32,50,201
02/07/2006,MHR,CA,AWP,WE,Federal Contract Tower,21,25,63,12,121,0,15,100,19,134,21,40,163,31,255,130,50,180,435
02/08/2006,MHR,CA,AWP,WE,Federal Contract Tower,21,25,40,21,107,0,18,124,2,144,21,43,164,23,251,158,36,194,445
02/09/2006,MHR,CA,AWP,WE,Federal Contract Tower,20,18,52,13,103,0,19,107,10,136,20,37,159,23,239,130,48,178,417
02/10/2006,MHR,CA,AWP,WE,Federal Contract Tower,11,21,48,8,88,0,39,94,11,144,11,60,142,19,232,98,37,135,367
02/11/2006,MHR,CA,AWP,WE,Federal Contract Tower,5,5,13,0,23,0,7,52,5,64,5,12,65,5,87,92,0,92,179
02/12/2006,MHR,CA,AWP,WE,Federal Contract Tower,5,6,28,4,43,0,0,58,9,67,5,6,86,13,110,74,42,116,226
02/13/2006,MHR,CA,AWP,WE,Federal Contract Tower,9,16,23,21,69,0,16,64,15,95,9,32,87,36,164,46,28,74,238
02/14/2006,MHR,CA,AWP,WE,Federal Contract Tower,16,16,16,13,61,0,21,92,19,132,16,37,108,32,193,64,26,90,283
02/15/2006,MHR,CA,AWP,WE,Federal Contract Tower,19,25,44,15,103,0,20,102,7,129,19,45,146,22,232,98,26,124,356
02/16/2006,MHR,CA,AWP,WE,Federal Contract Tower,17,18,31,11,77,0,21,100,28,149,17,39,131,39,226,54,42,96,322
02/17/2006,MHR,CA,AWP,WE,Federal Contract Tower,9,30,25,6,70,0,18,56,1,75,9,48,81,7,145,48,0,48,193
02/18/2006,MHR,CA,AWP,WE,Federal Contract Tower,8,7,13,3,31,0,2,50,0,52,8,9,63,3,83,70,0,70,153
02/19/2006,MHR,CA,AWP,WE,Federal Contract Tower,3,2,19,0,24,0,0,23,0,23,3,2,42,0,47,20,0,20,67
02/20/2006,MHR,CA,AWP,WE,Federal Contract Tower,7,7,23,1,38,0,13,89,1,103,7,20,112,2,141,64,0,64,205
02/21/2006,MHR,CA,AWP,WE,Federal Contract Tower,21,19,26,14,80,0,18,93,12,123,21,37,119,26,203,28,12,40,243
02/22/2006,MHR,CA,AWP,WE,Federal Contract Tower,18,21,41,9,89,0,17,108,20,145,18,38,149,29,234,58,56,114,348
02/23/2006,MHR,CA,AWP,WE,Federal Contract Tower,18,13,30,10,71,0,22,122,22,166,18,35,152,32,237,84,38,122,359
02/24/2006,MHR,CA,AWP,WE,Federal Contract Tower,10,14,29,3,56,0,13,97,40,150,10,27,126,43,206,88,64,152,358
02/25/2006,MHR,CA,AWP,WE,Federal Contract Tower,5,2,41,3,51,0,10,70,13,93,5,12,111,16,144,38,8,46,190
02/26/2006,MHR,CA,AWP,WE,Federal Contract Tower,4,5,23,5,37,0,2,15,4,21,4,7,38,9,58,0,4,4,62
02/27/2006,MHR,CA,AWP,WE,Federal Contract Tower,5,13,20,1,39,0,8,7,0,15,5,21,27,1,54,0,0,0,54
02/28/2006,MHR,CA,AWP,WE,Federal Contract Tower,19,28,36,8,91,0,12,41,12,65,19,40,77,20,156,44,14,58,214
03/01/2006,MHR,CA,AWP,WE,Federal Contract Tower,17,24,47,10,98,0,12,95,27,134,17,36,142,37,232,118,54,172,404
03/02/2006,MHR,CA,AWP,WE,Federal Contract Tower,18,34,33,10,95,0,8,53,16,77,18,42,86,26,172,56,38,94,266
03/03/2006,MHR,CA,AWP,WE,Federal Contract Tower,13,24,29,12,78,0,14,46,17,77,13,38,75,29,155,12,30,42,197
03/04/2006,MHR,CA,AWP,WE,Federal Contract Tower,7,5,12,3,27,0,4,48,2,54,7,9,60,5,81,62,0,62,143
03/05/2006,MHR,CA,AWP,WE,Federal Contract Tower,3,6,7,4,20,0,0,9,0,9,3,6,16,4,29,0,0,0,29
03/06/2006,MHR,CA,AWP,WE,Federal Contract Tower,7,18,35,35,95,0,15,32,1,48,7,33,67,36,143,24,24,48,191
03/07/2006,MHR,CA,AWP,WE,Federal Contract Tower,19,35,40,8,102,0,13,52,23,88,19,48,92,31,190,12,38,50,240
03/08/2006,MHR,CA,AWP,WE,Federal Contract Tower,18,28,50,9,105,0,20,125,26,171,18,48,175,35,276,54,40,94,370
03/09/2006,MHR,CA,AWP,WE,Federal Contract Tower,18,24,18,7,67,0,9,63,14,86,18,33,81,21,153,2,6,8,161
03/10/2006,MHR,CA,AWP,WE,Federal Contract Tower,13,19,17,1,50,0,17,38,5,60,13,36,55,6,110,10,21,31,141
03/11/2006,MHR,CA,AWP,WE,Federal Contract Tower,5,11,15,1,32,0,0,27,7,34,5,11,42,8,66,58,0,58,124
03/12/2006,MHR,CA,AWP,WE,Federal Contract Tower,7,2,16,2,27,0,0,16,0,16,7,2,32,2,43,2,0,2,45
03/13/2006,MHR,CA,AWP,WE,Federal Contract Tower,9,21,39,10,79,0,14,49,2,65,9,35,88,12,144,48,18,66,210
03/14/2006,MHR,CA,AWP,WE,Federal Contract Tower,18,28,25,3,74,0,10,52,0,62,18,38,77,3,136,0,0,0,136
03/15/2006,MHR,CA,AWP,WE,Federal Contract Tower,18,21,39,10,88,0,24,124,17,165,18,45,163,27,253,110,6,116,369
03/16/2006,MHR,CA,AWP,WE,Federal Contract Tower,20,34,15,9,78,0,14,35,25,74,20,48,50,34,152,12,30,42,194
03/17/2006,MHR,CA,AWP,WE,Federal Contract Tower,11,31,13,10,65,0,8,51,29,88,11,39,64,39,153,12,20,32,185
03/18/2006,MHR,CA,AWP,WE,Federal Contract Tower,5,4,3,0,12,0,4,17,3,24,5,8,20,3,36,0,4,4,40
03/19/2006,MHR,CA,AWP,WE,Federal Contract Tower,2,1,0,4,7,0,0,19,1,20,2,1,19,5,27,0,0,0,27
03/20/2006,MHR,CA,AWP,WE,Federal Contract Tower,8,24,40,49,121,0,9,29,4,42,8,33,69,53,163,4,12,16,179
03/21/2006,MHR,CA,AWP,WE,Federal Contract Tower,20,28,32,3,83,0,11,84,10,105,20,39,116,13,188,77,0,77,265
03/22/2006,MHR,CA,AWP,WE,Federal Contract Tower,19,19,28,19,85,0,17,129,26,172,19,36,157,45,257,46,34,80,337
03/23/2006,MHR,CA,AWP,WE,Federal Contract Tower,18,20,21,6,65,0,15,125,29,169,18,35,146,35,234,92,28,120,354
03/24/2006,MHR,CA,AWP,WE,Federal Contract Tower,10,26,26,5,67,0,14,94,21,129,10,40,120,26,196,42,24,66,262
03/25/2006,MHR,CA,AWP,WE,Federal Contract Tower,5,10,19,3,37,0,3,31,0,34,5,13,50,3,71,36,0,36,107
03/26/2006,MHR,CA,AWP,WE,Federal Contract Tower,4,0,38,0,42,0,0,85,1,86,4,0,123,1,128,68,0,68,196
03/27/2006,MHR,CA,AWP,WE,Federal Contract Tower,8,38,26,2,74,0,6,77,5,88,8,44,103,7,162,58,1,59,221
03/28/2006,MHR,CA,AWP,WE,Federal Contract Tower,19,29,52,3,103,0,9,20,1,30,19,38,72,4,133,0,0,0,133
03/29/2006,MHR,CA,AWP,WE,Federal Contract Tower,20,29,34,18,101,0,7,48,23,78,20,36,82,41,179,26,34,60,239
03/30/2006,MHR,CA,AWP,WE,Federal Contract Tower,18,26,61,4,109,0,7,87,8,102,18,33,148,12,211,120,28,148,359
03/31/2006,MHR,CA,AWP,WE,Federal Contract Tower,12,32,39,8,91,0,5,43,14,62,12,37,82,22,153,10,28,38,191
04/01/2006,MHR,CA,AWP,WE,Federal Contract Tower,7,9,19,1,36,0,2,41,1,44,7,11,60,2,80,36,0,36,116
04/02/2006,MHR,CA,AWP,WE,Federal Contract Tower,4,5,11,7,27,0,0,24,1,25,4,5,35,8,52,18,18,36,88
04/03/2006,MHR,CA,AWP,WE,Federal Contract Tower,9,38,18,7,72,0,3,26,0,29,9,41,44,7,101,10,10,20,121
04/04/2006,MHR,CA,AWP,WE,Federal Contract Tower,20,39,19,4,82,0,2,56,2,60,20,41,75,6,142,12,16,28,170
04/05/2006,MHR,CA,AWP,WE,Federal Contract Tower,20,24,26,11,81,0,8,44,17,69,20,32,70,28,150,62,16,78,228
04/06/2006,MHR,CA,AWP,WE,Federal Contract Tower,23,34,71,4,132,0,18,152,21,191,23,52,223,25,323,158,34,192,515
04/07/2006,MHR,CA,AWP,WE,Federal Contract Tower,13,26,59,1,99,0,18,75,2,95,13,44,134,3,194,40,18,58,252
04/08/2006,MHR,CA,AWP,WE,Federal Contract Tower,18,8,17,0,43,0,3,70,0,73,18,11,87,0,116,66,0,66,182
04/09/2006,MHR,CA,AWP,WE,Federal Contract Tower,4,7,17,7,35,0,0,59,12,71,4,7,76,19,106,42,4,46,152
04/10/2006,MHR,CA,AWP,WE,Federal Contract Tower,22,26,26,2,76,0,7,30,1,38,22,33,56,3,114,16,6,22,136
04/11/2006,MHR,CA,AWP,WE,Federal Contract Tower,21,39,24,6,90,0,5,33,5,43,21,44,57,11,133,14,0,14,147
04/12/2006,MHR,CA,AWP,WE,Federal Contract Tower,19,33,44,7,103,0,6,48,23,77,19,39,92,30,180,16,20,36,216
04/13/2006,MHR,CA,AWP,WE,Federal Contract Tower,20,39,32,7,98,0,20,150,18,188,20,59,182,25,286,108,16,124,410
04/14/2006,MHR,CA,AWP,WE,Federal Contract Tower,10,30,26,5,71,0,9,71,22,102,10,39,97,27,173,36,30,66,239
04/15/2006,MHR,CA,AWP,WE,Federal Contract Tower,5,9,21,0,35,0,5,44,1,50,5,14,65,1,85,4,0,4,89
04/16/2006,MHR,CA,AWP,WE,Federal Contract Tower,3,2,24,0,29,0,0,15,0,15,3,2,39,0,44,10,0,10,54
04/17/2006,MHR,CA,AWP,WE,Federal Contract Tower,12,18,34,7,71,0,10,79,10,99,12,28,113,17,170,70,26,96,266
04/18/2006,MHR,CA,AWP,WE,Federal Contract Tower,18,20,39,13,90,0,17,111,15,143,18,37,150,28,233,88,32,120,353
04/19/2006,MHR,CA,AWP,WE,Federal Contract Tower,16,22,26,6,70,0,23,142,23,188,16,45,168,29,258,106,36,142,400
04/20/2006,MHR,CA,AWP,WE,Federal Contract Tower,19,20,34,4,77,0,20,112,11,143,19,40,146,15,220,82,0,82,302
04/21/2006,MHR,CA,AWP,WE,Federal Contract Tower,9,22,30,2,63,0,18,72,15,105,9,40,102,17,168,16,6,22,190
04/22/2006,MHR,CA,AWP,WE,Federal Contract Tower,5,7,9,0,21,0,1,22,0,23,5,8,31,0,44,22,0,22,66
04/23/2006,MHR,CA,AWP,WE,Federal Contract Tower,3,3,34,1,41,0,0,36,0,36,3,3,70,1,77,18,0,18,95
04/24/2006,MHR,CA,AWP,WE,Federal Contract Tower,8,24,28,0,60,0,9,37,8,54,8,33,65,8,114,22,0,22,136
04/25/2006,MHR,CA,AWP,WE,Federal Contract Tower,20,30,33,4,87,0,16,103,23,142,20,46,136,27,229,60,24,84,313
04/26/2006,MHR,CA,AWP,WE,Federal Contract Tower,19,27,69,4,119,0,12,87,12,111,19,39,156,16,230,28,24,52,282
04/27/2006,MHR,CA,AWP,WE,Federal Contract Tower,21,26,27,1,75,0,20,103,9,132,21,46,130,10,207,48,6,54,261
04/28/2006,MHR,CA,AWP,WE,Federal Contract Tower,13,25,34,5,77,0,11,111,30,152,13,36,145,35,229,34,36,70,299
04/29/2006,MHR,CA,AWP,WE,Federal Contract Tower,7,8,14,2,31,0,0,52,0,52,7,8,66,2,83,58,0,58,141
04/30/2006,MHR,CA,AWP,WE,Federal Contract Tower,4,4,17,0,25,1,0,63,0,64,5,4,80,0,89,24,0,24,113
05/01/2006,MHR,CA,AWP,WE,Federal Contract Tower,9,13,15,2,39,0,14,77,6,97,9,27,92,8,136,60,6,66,202
05/02/2006,MHR,CA,AWP,WE,Federal Contract Tower,20,25,45,11,101,0,18,134,12,164,20,43,179,23,265,72,2,74,339
05/03/2006,MHR,CA,AWP,WE,Federal Contract Tower,15,23,43,2,83,0,10,98,5,113,15,33,141,7,196,70,0,70,266
05/04/2006,MHR,CA,AWP,WE,Federal Contract Tower,17,27,35,1,80,1,20,109,6,136,18,47,144,7,216,78,0,78,294
05/05/2006,MHR,CA,AWP,WE,Federal Contract Tower,11,23,25,4,63,0,8,102,10,120,11,31,127,14,183,94,4,98,281
05/06/2006,MHR,CA,AWP,WE,Federal Contract Tower,5,5,16,0,26,0,2,56,8,66,5,7,72,8,92,44,0,44,136
05/07/2006,MHR,CA,AWP,WE,Federal Contract Tower,5,9,26,1,41,0,0,87,8,95,5,9,113,9,136,24,0,24,160
05/08/2006,MHR,CA,AWP,WE,Federal Contract Tower,7,16,16,5,44,0,12,95,5,112,7,28,111,10,156,26,0,26,182
05/09/2006,MHR,CA,AWP,WE,Federal Contract Tower,17,19,23,2,61,0,17,108,9,134,17,36,131,11,195,56,0,56,251
05/10/2006,MHR,CA,AWP,WE,Federal Contract Tower,19,25,42,6,92,0,16,113,12,141,19,41,155,18,233,88,8,96,329
05/11/2006,MHR,CA,AWP,WE,Federal Contract Tower,19,31,38,3,91,0,16,136,17,169,19,47,174,20,260,82,4,86,346
05/12/2006,MHR,CA,AWP,WE,Federal Contract Tower,10,20,28,2,60,0,17,101,9,127,10,37,129,11,187,28,4,32,219
05/13/2006,MHR,CA,AWP,WE,Federal Contract Tower,6,10,17,2,35,0,2,65,0,67,6,12,82,2,102,58,0,58,160
05/14/2006,MHR,CA,AWP,WE,Federal Contract Tower,4,1,7,0,12,0,0,53,0,53,4,1,60,0,65,28,0,28,93
05/15/2006,MHR,CA,AWP,WE,Federal Contract Tower,9,15,29,4,57,0,11,93,7,111,9,26,122,11,168,50,0,50,218
05/16/2006,MHR,CA,AWP,WE,Federal Contract Tower,18,24,16,0,58,0,26,119,7,152,18,50,135,7,210,30,4,34,244
05/17/2006,MHR,CA,AWP,WE,Federal Contract Tower,19,22,39,3,83,0,17,139,3,159,19,39,178,6,242,56,12,68,310
05/18/2006,MHR,CA,AWP,WE,Federal Contract Tower,18,19,31,7,75,0,23,116,15,154,18,42,147,22,229,22,12,34,263
05/19/2006,MHR,CA,AWP,WE,Federal Contract Tower,12,21,31,4,68,0,18,71,5,94,12,39,102,9,162,46,20,66,228
05/20/2006,MHR,CA,AWP,WE,Federal Contract Tower,5,7,7,0,19,0,2,55,0,57,5,9,62,0,76,64,0,64,140
05/21/2006,MHR,CA,AWP,WE,Federal Contract Tower,6,2,24,0,32,0,4,40,6,50,6,6,64,6,82,0,0,0,82
05/22/2006,MHR,CA,AWP,WE,Federal Contract Tower,8,21,29,0,58,0,10,65,2,77,8,31,94,2,135,26,0,26,161
05/23/2006,MHR,CA,AWP,WE,Federal Contract Tower,17,24,37,6,84,1,21,83,25,130,18,45,120,31,214,42,26,68,282
05/24/2006,MHR,CA,AWP,WE,Federal Contract Tower,21,26,31,2,80,0,13,132,22,167,21,39,163,24,247,44,0,44,291
05/25/2006,MHR,CA,AWP,WE,Federal Contract Tower,17,18,26,1,62,0,26,138,8,172,17,44,164,9,234,52,0,52,286
05/26/2006,MHR,CA,AWP,WE,Federal Contract Tower,11,9,26,0,46,0,15,108,1,124,11,24,134,1,170,82,0,82,252
05/27/2006,MHR,CA,AWP,WE,Federal Contract Tower,7,8,12,0,27,0,1,81,0,82,7,9,93,0,109,32,0,32,141
05/28/2006,MHR,CA,AWP,WE,Federal Contract Tower,2,0,13,0,15,0,0,41,0,41,2,0,54,0,56,32,0,32,88
05/29/2006,MHR,CA,AWP,WE,Federal Contract Tower,2,1,8,0,11,0,0,79,4,83,2,1,87,4,94,32,0,32,126
05/30/2006,MHR,CA,AWP,WE,Federal Contract Tower,9,20,26,3,58,0,18,77,11,106,9,38,103,14,164,38,10,48,212
05/31/2006,MHR,CA,AWP,WE,Federal Contract Tower,21,24,30,0,75,0,19,100,19,138,21,43,130,19,213,102,20,122,335
06/01/2006,MHR,CA,AWP,WE,Federal Contract Tower,18,25,26,3,72,0,18,121,20,159,18,43,147,23,231,82,6,88,319
06/02/2006,MHR,CA,AWP,WE,Federal Contract Tower,14,23,38,1,76,0,16,108,15,139,14,39,146,16,215,58,2,60,275
06/03/2006,MHR,CA,AWP,WE,Federal Contract Tower,6,4,16,0,26,0,4,41,4,49,6,8,57,4,75,12,0,12,87
06/04/2006,MHR,CA,AWP,WE,Federal Contract Tower,3,3,40,1,47,0,3,33,2,38,3,6,73,3,85,4,0,4,89
06/05/2006,MHR,CA,AWP,WE,Federal Contract Tower,9,17,24,0,50,0,13,64,13,90,9,30,88,13,140,54,8,62,202
06/06/2006,MHR,CA,AWP,WE,Federal Contract Tower,19,21,24,5,69,0,20,101,14,135,19,41,125,19,204,62,12,74,278
06/07/2006,MHR,CA,AWP,WE,Federal Contract Tower,19,22,48,2,91,0,19,135,11,165,19,41,183,13,256,86,0,86,342
06/08/2006,MHR,CA,AWP,WE,Federal Contract Tower,15,21,37,0,73,0,27,107,13,147,15,48,144,13,220,74,0,74,294
06/09/2006,MHR,CA,AWP,WE,Federal Contract Tower,11,16,24,4,55,0,19,98,4,121,11,35,122,8,176,26,1,27,203
06/10/2006,MHR,CA,AWP,WE,Federal Contract Tower,6,5,14,1,26,0,3,64,15,82,6,8,78,16,108,44,40,84,192
06/11/2006,MHR,CA,AWP,WE,Federal Contract Tower,5,0,30,1,36,0,0,58,2,60,5,0,88,3,96,36,0,36,132
06/12/2006,MHR,CA,AWP,WE,Federal Contract Tower,14,22,27,1,64,0,10,47,3,60,14,32,74,4,124,34,6,40,164
06/13/2006,MHR,CA,AWP,WE,Federal Contract Tower,19,27,50,7,103,0,11,87,11,109,19,38,137,18,212,46,14,60,272
06/14/2006,MHR,CA,AWP,WE,Federal Contract Tower,18,27,37,1,83,0,14,138,13,165,18,41,175,14,248,82,14,96,344
06/15/2006,MHR,CA,AWP,WE,Federal Contract Tower,18,26,30,2,76,0,19,111,13,143,18,45,141,15,219,32,6,38,257
06/16/2006,MHR,CA,AWP,WE,Federal Contract Tower,12,15,14,1,42,0,21,55,5,81,12,36,69,6,123,0,0,0,123
06/17/2006,MHR,CA,AWP,WE,Federal Contract Tower,5,5,0,0,10,0,3,49,1,53,5,8,49,1,63,40,0,40,103
06/18/2006,MHR,CA,AWP,WE,Federal Contract Tower,3,5,11,0,19,0,0,43,0,43,3,5,54,0,62,8,0,8,70
06/19/2006,MHR,CA,AWP,WE,Federal Contract Tower,8,16,33,5,62,0,9,114,9,132,8,25,147,14,194,72,6,78,272
06/20/2006,MHR,CA,AWP,WE,Federal Contract Tower,17,25,16,5,63,0,19,90,17,126,17,44,106,22,189,32,21,53,242
06/21/2006,MHR,CA,AWP,WE,Federal Contract Tower,16,21,18,0,55,0,18,98,7,123,16,39,116,7,178,6,2,8,186
06/22/2006,MHR,CA,AWP,WE,Federal Contract Tower,18,18,24,3,63,0,19,140,15,174,18,37,164,18,237,92,20,112,349
06/23/2006,MHR,CA,AWP,WE,Federal Contract Tower,12,20,15,0,47,0,21,91,14,126,12,41,106,14,173,56,2,58,231
06/24/2006,MHR,CA,AWP,WE,Federal Contract Tower,5,3,19,3,30,0,3,38,3,44,5,6,57,6,74,20,8,28,102
06/25/2006,MHR,CA,AWP,WE,Federal Contract Tower,3,8,14,0,25,0,0,76,2,78,3,8,90,2,103,78,0,78,181
06/26/2006,MHR,CA,AWP,WE,Federal Contract Tower,8,14,14,0,36,0,15,100,10,125,8,29,114,10,161,71,0,71,232
06/27/2006,MHR,CA,AWP,WE,Federal Contract Tower,16,17,21,4,58,0,22,108,10,140,16,39,129,14,198,42,16,58,256
06/28/2006,MHR,CA,AWP,WE,Federal Contract Tower,19,18,20,1,58,0,20,114,12,146,19,38,134,13,204,58,4,62,266
06/29/2006,MHR,CA,AWP,WE,Federal Contract Tower,20,20,12,0,52,0,17,135,22,174,20,37,147,22,226,48,22,70,296
06/30/2006,MHR,CA,AWP,WE,Federal Contract Tower,9,20,10,0,39,0,25,77,14,116,9,45,87,14,155,56,6,62,217
07/01/2006,MHR,CA,AWP,WE,Federal Contract Tower,7,6,12,0,25,0,8,49,1,58,7,14,61,1,83,6,4,10,93
07/02/2006,MHR,CA,AWP,WE,Federal Contract Tower,3,0,9,0,12,0,0,49,0,49,3,0,58,0,61,5,0,5,66
07/03/2006,MHR,CA,AWP,WE,Federal Contract Tower,7,4,3,0,14,0,26,107,2,135,7,30,110,2,149,40,0,40,189
07/04/2006,MHR,CA,AWP,WE,Federal Contract Tower,2,0,3,0,5,0,2,75,1,78,2,2,78,1,83,26,0,26,109
07/05/2006,MHR,CA,AWP,WE,Federal Contract Tower,17,8,25,2,52,0,23,105,17,145,17,31,130,19,197,28,20,48,245
07/06/2006,MHR,CA,AWP,WE,Federal Contract Tower,17,6,10,3,36,0,20,146,30,196,17,26,156,33,232,84,22,106,338
07/07/2006,MHR,CA,AWP,WE,Federal Contract Tower,10,5,12,0,27,0,25,121,12,158,10,30,133,12,185,32,0,32,217
07/08/2006,MHR,CA,AWP,WE,Federal Contract Tower,5,3,5,9,22,0,6,75,15,96,5,9,80,24,118,36,8,44,162
07/09/2006,MHR,CA,AWP,WE,Federal Contract Tower,3,1,3,0,7,0,0,42,0,42,3,1,45,0,49,0,0,0,49
07/10/2006,MHR,CA,AWP,WE,Federal Contract Tower,7,14,8,1,30,0,13,96,9,118,7,27,104,10,148,100,6,106,254
07/11/2006,MHR,CA,AWP,WE,Federal Contract Tower,17,20,20,4,61,0,15,79,17,111,17,35,99,21,172,70,10,80,252
07/12/2006,MHR,CA,AWP,WE,Federal Contract Tower,16,22,28,2,68,0,21,134,10,165,16,43,162,12,233,86,4,90,323
07/13/2006,MHR,CA,AWP,WE,Federal Contract Tower,18,23,24,0,65,0,17,127,10,154,18,40,151,10,219,74,0,74,293
07/14/2006,MHR,CA,AWP,WE,Federal Contract Tower,11,19,16,0,46,0,23,107,9,139,11,42,123,9,185,30,2,32,217
07/15/2006,MHR,CA,AWP,WE,Federal Contract Tower,5,4,7,0,16,0,4,64,3,71,5,8,71,3,87,28,26,54,141
07/16/2006,MHR,CA,AWP,WE,Federal Contract Tower,3,4,16,0,23,0,1,65,3,69,3,5,81,3,92,16,0,16,108
07/17/2006,MHR,CA,AWP,WE,Federal Contract Tower,9,17,26,3,55,0,17,94,5,116,9,34,120,8,171,22,2,24,195
07/18/2006,MHR,CA,AWP,WE,Federal Contract Tower,20,20,22,2,64,0,19,125,9,153,20,39,147,11,217,74,22,96,313
07/19/2006,MHR,CA,AWP,WE,Federal Contract Tower,18,29,7,1,55,0,25,101,11,137,18,54,108,12,192,44,4,48,240
07/20/2006,MHR,CA,AWP,WE,Federal Contract Tower,19,16,31,0,66,0,24,91,9,124,19,40,122,9,190,86,10,96,286
07/21/2006,MHR,CA,AWP,WE,Federal Contract Tower,16,13,20,2,51,0,18,110,8,136,16,31,130,10,187,44,0,44,231
07/22/2006,MHR,CA,AWP,WE,Federal Contract Tower,5,2,7,0,14,0,6,85,0,91,5,8,92,0,105,64,0,64,169
07/23/2006,MHR,CA,AWP,WE,Federal Contract Tower,3,5,16,0,24,0,1,38,1,40,3,6,54,1,64,8,0,8,72
07/24/2006,MHR,CA,AWP,WE,Federal Contract Tower,8,14,25,2,49,0,13,102,5,120,8,27,127,7,169,30,8,38,207
07/25/2006,MHR,CA,AWP,WE,Federal Contract Tower,19,19,23,0,61,0,16,75,3,94,19,35,98,3,155,52,0,52,207
07/26/2006,MHR,CA,AWP,WE,Federal Contract Tower,17,18,11,0,46,0,22,126,2,150,17,40,137,2,196,120,0,120,316
07/27/2006,MHR,CA,AWP,WE,Federal Contract Tower,17,20,16,4,57,0,23,120,7,150,17,43,136,11,207,6,16,22,229
07/28/2006,MHR,CA,AWP,WE,Federal Contract Tower,17,16,13,4,50,0,17,102,7,126,17,33,115,11,176,94,0,94,270
07/29/2006,MHR,CA,AWP,WE,Federal Contract Tower,5,2,10,1,18,0,5,63,2,70,5,7,73,3,88,66,0,66,154
07/30/2006,MHR,CA,AWP,WE,Federal Contract Tower,2,5,6,0,13,0,5,54,0,59,2,10,60,0,72,12,0,12,84
07/31/2006,MHR,CA,AWP,WE,Federal Contract Tower,7,15,19,8,49,0,15,98,5,118,7,30,117,13,167,52,0,52,219
08/01/2006,MHR,CA,AWP,WE,Federal Contract Tower,17,22,11,0,50,0,22,105,4,131,17,44,116,4,181,26,8,34,215
08/02/2006,MHR,CA,AWP,WE,Federal Contract Tower,18,23,21,2,64,0,19,89,5,113,18,42,110,7,177,52,10,62,239
08/03/2006,MHR,CA,AWP,WE,Federal Contract Tower,16,21,18,2,57,0,19,113,11,143,16,40,131,13,200,44,8,52,252
08/04/2006,MHR,CA,AWP,WE,Federal Contract Tower,15,22,19,0,56,0,23,83,11,117,15,45,102,11,173,16,18,34,207
08/05/2006,MHR,CA,AWP,WE,Federal Contract Tower,5,9,7,1,22,0,6,75,4,85,5,15,82,5,107,46,0,46,153
08/06/2006,MHR,CA,AWP,WE,Federal Contract Tower,3,2,13,2,20,0,1,52,2,55,3,3,65,4,75,6,0,6,81
08/07/2006,MHR,CA,AWP,WE,Federal Contract Tower,9,15,23,4,51,0,11,77,7,95,9,26,100,11,146,52,16,68,214
08/08/2006,MHR,CA,AWP,WE,Federal Contract Tower,19,16,20,15,70,0,17,74,5,96,19,33,94,20,166,62,26,88,254
08/09/2006,MHR,CA,AWP,WE,Federal Contract Tower,19,18,14,6,57,0,21,98,15,134,19,39,112,21,191,74,40,114,305
08/10/2006,MHR,CA,AWP,WE,Federal Contract Tower,17,17,18,6,58,0,28,110,12,150,17,45,128,18,208,34,16,50,258
08/11/2006,MHR,CA,AWP,WE,Federal Contract Tower,13,22,12,0,47,0,19,131,12,162,13,41,143,12,209,124,16,140,349
08/12/2006,MHR,CA,AWP,WE,Federal Contract Tower,5,7,6,0,18,0,4,65,0,69,5,11,71,0,87,20,0,20,107
08/13/2006,MHR,CA,AWP,WE,Federal Contract Tower,2,1,6,0,9,0,1,73,1,75,2,2,79,1,84,8,0,8,92
08/14/2006,MHR,CA,AWP,WE,Federal Contract Tower,7,12,18,3,40,0,14,95,1,110,7,26,113,4,150,58,10,68,218
08/15/2006,MHR,CA,AWP,WE,Federal Contract Tower,17,21,22,2,62,0,9,92,9,110,17,30,114,11,172,94,6,100,272
08/16/2006,MHR,CA,AWP,WE,Federal Contract Tower,17,21,32,4,74,0,22,173,9,204,17,43,205,13,278,120,2,122,400
08/17/2006,MHR,CA,AWP,WE,Federal Contract Tower,17,23,29,0,69,0,19,86,8,113,17,42,115,8,182,134,0,134,316
08/18/2006,MHR,CA,AWP,WE,Federal Contract Tower,16,15,9,1,41,0,25,133,8,166,16,40,142,9,207,114,24,138,345
08/19/2006,MHR,CA,AWP,WE,Federal Contract Tower,5,7,8,1,21,0,6,83,4,93,5,13,91,5,114,32,12,44,158
08/20/2006,MHR,CA,AWP,WE,Federal Contract Tower,2,4,16,1,23,0,1,63,4,68,2,5,79,5,91,32,10,42,133
08/21/2006,MHR,CA,AWP,WE,Federal Contract Tower,8,14,20,14,56,0,15,82,4,101,8,29,102,18,157,78,16,94,251
08/22/2006,MHR,CA,AWP,WE,Federal Contract Tower,18,27,14,5,64,0,16,129,12,157,18,43,143,17,221,72,34,106,327
08/23/2006,MHR,CA,AWP,WE,Federal Contract Tower,17,19,35,5,76,0,14,88,9,111,17,33,123,14,187,76,12,88,275
08/24/2006,MHR,CA,AWP,WE,Federal Contract Tower,18,23,41,6,88,0,19,125,20,164,18,42,166,26,252,58,50,108,360
08/25/2006,MHR,CA,AWP,WE,Federal Contract Tower,14,22,51,7,94,0,17,126,10,153,14,39,177,17,247,60,0,60,307
08/26/2006,MHR,CA,AWP,WE,Federal Contract Tower,5,6,9,0,20,0,4,66,1,71,5,10,75,1,91,20,0,20,111
08/27/2006,MHR,CA,AWP,WE,Federal Contract Tower,3,5,9,2,19,0,0,78,0,78,3,5,87,2,97,46,0,46,143
08/28/2006,MHR,CA,AWP,WE,Federal Contract Tower,8,22,12,9,51,0,18,146,9,173,8,40,158,18,224,98,14,112,336
08/29/2006,MHR,CA,AWP,WE,Federal Contract Tower,21,21,11,9,62,0,24,116,3,143,21,45,127,12,205,96,0,96,301
08/30/2006,MHR,CA,AWP,WE,Federal Contract Tower,16,20,28,0,64,0,20,107,23,150,16,40,135,23,214,68,8,76,290
08/31/2006,MHR,CA,AWP,WE,Federal Contract Tower,19,23,30,5,77,0,33,119,5,157,19,56,149,10,234,84,6,90,324
09/01/2006,MHR,CA,AWP,WE,Federal Contract Tower,15,7,21,0,43,0,21,111,9,141,15,28,132,9,184,70,0,70,254
09/02/2006,MHR,CA,AWP,WE,Federal Contract Tower,5,4,6,0,15,0,5,66,0,71,5,9,72,0,86,30,0,30,116
09/03/2006,MHR,CA,AWP,WE,Federal Contract Tower,2,0,15,0,17,0,0,71,0,71,2,0,86,0,88,8,0,8,96
09/04/2006,MHR,CA,AWP,WE,Federal Contract Tower,2,13,26,0,41,0,0,60,0,60,2,13,86,0,101,16,0,16,117
09/05/2006,MHR,CA,AWP,WE,Federal Contract Tower,11,14,16,1,42,0,22,100,9,131,11,36,116,10,173,52,12,64,237
09/06/2006,MHR,CA,AWP,WE,Federal Contract Tower,18,15,28,3,64,0,26,110,18,154,18,41,138,21,218,60,2,62,280
09/07/2006,MHR,CA,AWP,WE,Federal Contract Tower,19,20,28,1,68,0,16,94,2,112,19,36,122,3,180,18,6,24,204
09/08/2006,MHR,CA,AWP,WE,Federal Contract Tower,14,25,26,2,67,0,25,104,5,134,14,50,130,7,201,48,6,54,255
09/09/2006,MHR,CA,AWP,WE,Federal Contract Tower,6,12,22,1,41,0,6,59,10,75,6,18,81,11,116,44,2,46,162
09/10/2006,MHR,CA,AWP,WE,Federal Contract Tower,2,6,16,1,25,0,2,60,6,68,2,8,76,7,93,12,0,12,105
09/11/2006,MHR,CA,AWP,WE,Federal Contract Tower,8,19,13,3,43,0,15,92,17,124,8,34,105,20,167,56,0,56,223
09/12/2006,MHR,CA,AWP,WE,Federal Contract Tower,18,21,35,4,78,0,18,93,18,129,18,39,128,22,207,32,22,54,261
09/13/2006,MHR,CA,AWP,WE,Federal Contract Tower,17,24,25,0,66,0,22,123,25,170,17,46,148,25,236,26,24,50,286
09/14/2006,MHR,CA,AWP,WE,Federal Contract Tower,17,19,15,2,53,0,19,111,15,145,17,38,126,17,198,34,6,40,238
09/15/2006,MHR,CA,AWP,WE,Federal Contract Tower,15,27,22,0,64,0,26,106,16,148,15,53,128,16,212,44,0,44,256
09/16/2006,MHR,CA,AWP,WE,Federal Contract Tower,5,6,13,0,24,0,4,65,3,72,5,10,78,3,96,28,0,28,124
09/17/2006,MHR,CA,AWP,WE,Federal Contract Tower,3,2,11,0,16,0,0,75,0,75,3,2,86,0,91,16,0,16,107
09/18/2006,MHR,CA,AWP,WE,Federal Contract Tower,7,22,17,0,46,0,10,89,5,104,7,32,106,5,150,48,1,49,199
09/19/2006,MHR,CA,AWP,WE,Federal Contract Tower,20,29,28,0,77,0,20,122,26,168,20,49,150,26,245,70,26,96,341
09/20/2006,MHR,CA,AWP,WE,Federal Contract Tower,18,20,24,7,69,0,30,112,16,158,18,50,136,23,227,44,8,52,279
09/21/2006,MHR,CA,AWP,WE,Federal Contract Tower,18,22,31,4,75,0,23,108,15,146,18,45,139,19,221,40,30,70,291
09/22/2006,MHR,CA,AWP,WE,Federal Contract Tower,14,12,13,0,39,0,32,59,3,94,14,44,72,3,133,10,0,10,143
09/23/2006,MHR,CA,AWP,WE,Federal Contract Tower,5,4,10,0,19,0,7,69,6,82,5,11,79,6,101,60,0,60,161
09/24/2006,MHR,CA,AWP,WE,Federal Contract Tower,4,4,1,0,9,0,1,70,3,74,4,5,71,3,83,22,0,22,105
09/25/2006,MHR,CA,AWP,WE,Federal Contract Tower,7,14,14,1,36,0,15,75,10,100,7,29,89,11,136,58,2,60,196
09/26/2006,MHR,CA,AWP,WE,Federal Contract Tower,20,25,29,1,75,0,23,107,14,144,20,48,136,15,219,80,6,86,305
09/27/2006,MHR,CA,AWP,WE,Federal Contract Tower,18,27,49,8,102,0,19,118,15,152,18,46,167,23,254,80,2,82,336
09/28/2006,MHR,CA,AWP,WE,Federal Contract Tower,18,20,34,3,75,0,20,123,14,157,18,40,157,17,232,78,2,80,312
09/29/2006,MHR,CA,AWP,WE,Federal Contract Tower,16,22,31,1,70,0,20,143,5,168,16,42,174,6,238,52,0,52,290
09/30/2006,MHR,CA,AWP,WE,Federal Contract Tower,5,4,14,1,24,0,7,62,0,69,5,11,76,1,93,62,0,62,155
10/01/2006,MHR,CA,AWP,WE,Federal Contract Tower,3,2,14,0,19,0,2,60,1,63,3,4,74,1,82,18,0,18,100
10/02/2006,MHR,CA,AWP,WE,Federal Contract Tower,8,22,44,7,81,0,8,54,6,68,8,30,98,13,149,12,14,26,175
10/03/2006,MHR,CA,AWP,WE,Federal Contract Tower,19,35,23,2,79,0,9,84,3,96,19,44,107,5,175,32,30,62,237
10/04/2006,MHR,CA,AWP,WE,Federal Contract Tower,19,28,41,4,92,0,11,83,8,102,19,39,124,12,194,42,10,52,246
10/05/2006,MHR,CA,AWP,WE,Federal Contract Tower,19,39,33,19,110,0,10,59,20,89,19,49,92,39,199,36,42,78,277
10/06/2006,MHR,CA,AWP,WE,Federal Contract Tower,18,27,17,4,66,0,21,84,8,113,18,48,101,12,179,74,14,88,267
10/07/2006,MHR,CA,AWP,WE,Federal Contract Tower,6,5,5,0,16,0,4,80,2,86,6,9,85,2,102,52,0,52,154
10/08/2006,MHR,CA,AWP,WE,Federal Contract Tower,3,2,21,0,26,0,2,68,0,70,3,4,89,0,96,52,2,54,150
10/09/2006,MHR,CA,AWP,WE,Federal Contract Tower,7,14,20,0,41,0,15,128,0,143,7,29,148,0,184,64,0,64,248
10/10/2006,MHR,CA,AWP,WE,Federal Contract Tower,21,34,22,10,87,0,17,103,8,128,21,51,125,18,215,34,16,50,265
10/11/2006,MHR,CA,AWP,WE,Federal Contract Tower,19,18,32,6,75,0,28,81,26,135,19,46,113,32,210,30,66,96,306
10/12/2006,MHR,CA,AWP,WE,Federal Contract Tower,21,21,22,3,67,0,25,137,18,180,21,46,159,21,247,80,28,108,355
10/13/2006,MHR,CA,AWP,WE,Federal Contract Tower,14,20,21,3,58,0,24,142,7,173,14,44,163,10,231,98,6,104,335
10/14/2006,MHR,CA,AWP,WE,Federal Contract Tower,5,4,30,1,40,0,5,72,5,82,5,9,102,6,122,90,0,90,212
10/15/2006,MHR,CA,AWP,WE,Federal Contract Tower,4,5,34,0,43,0,0,36,0,36,4,5,70,0,79,16,0,16,95
10/16/2006,MHR,CA,AWP,WE,Federal Contract Tower,12,31,32,11,86,0,20,63,2,85,12,51,95,13,171,22,6,28,199
10/17/2006,MHR,CA,AWP,WE,Federal Contract Tower,23,14,67,12,116,0,44,129,12,185,23,58,196,24,301,130,20,150,451
10/18/2006,MHR,CA,AWP,WE,Federal Contract Tower,23,25,37,8,93,100,27,89,20,236,123,52,126,28,329,98,34,132,461
10/19/2006,MHR,CA,AWP,WE,Federal Contract Tower,21,32,45,5,103,0,26,118,24,168,21,58,163,29,271,78,52,130,401
10/20/2006,MHR,CA,AWP,WE,Federal Contract Tower,14,17,24,2,57,0,18,131,8,157,14,35,155,10,214,86,32,118,332
10/21/2006,MHR,CA,AWP,WE,Federal Contract Tower,5,7,7,0,19,0,5,86,0,91,5,12,93,0,110,24,0,24,134
10/22/2006,MHR,CA,AWP,WE,Federal Contract Tower,2,5,25,0,32,0,3,69,0,72,2,8,94,0,104,78,0,78,182
10/23/2006,MHR,CA,AWP,WE,Federal Contract Tower,11,18,31,2,62,0,18,94,12,124,11,36,125,14,186,68,32,100,286
10/24/2006,MHR,CA,AWP,WE,Federal Contract Tower,20,14,48,8,90,0,21,105,14,140,20,35,153,22,230,80,54,134,364
10/25/2006,MHR,CA,AWP,WE,Federal Contract Tower,22,18,26,2,68,0,25,74,12,111,22,43,100,14,179,0,0,0,179
10/26/2006,MHR,CA,AWP,WE,Federal Contract Tower,20,21,22,6,69,0,22,137,20,179,20,43,159,26,248,88,40,128,376
10/27/2006,MHR,CA,AWP,WE,Federal Contract Tower,17,15,16,6,54,0,24,159,19,202,17,39,175,25,256,28,16,44,300
10/28/2006,MHR,CA,AWP,WE,Federal Contract Tower,5,4,15,0,24,0,7,72,0,79,5,11,87,0,103,26,0,26,129
10/29/2006,MHR,CA,AWP,WE,Federal Contract Tower,2,4,19,0,25,0,1,81,0,82,2,5,100,0,107,22,0,22,129
10/30/2006,MHR,CA,AWP,WE,Federal Contract Tower,8,17,24,3,52,0,10,96,17,123,8,27,120,20,175,62,24,86,261
10/31/2006,MHR,CA,AWP,WE,Federal Contract Tower,20,25,24,0,69,0,25,101,10,136,20,50,125,10,205,86,12,98,303
11/01/2006,MHR,CA,AWP,WE,Federal Contract Tower,20,31,26,9,86,0,14,90,32,136,20,45,116,41,222,52,58,110,332
11/02/2006,MHR,CA,AWP,WE,Federal Contract Tower,20,39,47,2,108,0,1,14,3,18,20,40,61,5,126,12,2,14,140
11/03/2006,MHR,CA,AWP,WE,Federal Contract Tower,15,35,31,4,85,0,6,85,11,102,15,41,116,15,187,30,2,32,219
11/04/2006,MHR,CA,AWP,WE,Federal Contract Tower,6,10,17,3,36,0,1,57,32,90,6,11,74,35,126,26,14,40,166
11/05/2006,MHR,CA,AWP,WE,Federal Contract Tower,2,4,31,3,40,0,1,52,4,57,2,5,83,7,97,42,0,42,139
11/06/2006,MHR,CA,AWP,WE,Federal Contract Tower,7,20,24,3,54,0,14,126,13,153,7,34,150,16,207,92,32,124,331
11/07/2006,MHR,CA,AWP,WE,Federal Contract Tower,25,28,24,15,92,0,26,133,11,170,25,54,157,26,262,100,64,164,426
11/08/2006,MHR,CA,AWP,WE,Federal Contract Tower,20,34,40,10,104,0,13,61,11,85,20,47,101,21,189,28,38,66,255
11/09/2006,MHR,CA,AWP,WE,Federal Contract Tower,21,22,20,3,66,0,22,121,13,156,21,44,141,16,222,14,18,32,254
11/10/2006,MHR,CA,AWP,WE,Federal Contract Tower,15,28,28,0,71,0,18,80,0,98,15,46,108,0,169,30,0,30,199
11/11/2006,MHR,CA,AWP,WE,Federal Contract Tower,9,10,51,1,71,0,0,20,2,22,9,10,71,3,93,4,0,4,97
11/12/2006,MHR,CA,AWP,WE,Federal Contract Tower,2,2,35,0,39,0,2,50,0,52,2,4,85,0,91,0,0,0,91
11/13/2006,MHR,CA,AWP,WE,Federal Contract Tower,10,42,37,15,104,0,3,30,5,38,10,45,67,20,142,14,36,50,192
11/14/2006,MHR,CA,AWP,WE,Federal Contract Tower,19,34,57,11,121,0,3,82,8,93,19,37,139,19,214,70,16,86,300
11/15/2006,MHR,CA,AWP,WE,Federal Contract Tower,17,26,45,7,95,0,31,94,12,137,17,57,139,19,232,72,30,102,334
11/16/2006,MHR,CA,AWP,WE,Federal Contract Tower,20,33,42,2,97,0,10,54,11,75,20,43,96,13,172,28,12,40,212
11/17/2006,MHR,CA,AWP,WE,Federal Contract Tower,8,34,42,0,84,0,6,26,0,32,8,40,68,0,116,24,0,24,140
11/18/2006,MHR,CA,AWP,WE,Federal Contract Tower,8,9,28,0,45,0,0,37,0,37,8,9,65,0,82,14,0,14,96
11/19/2006,MHR,CA,AWP,WE,Federal Contract Tower,4,4,24,0,32,0,0,23,0,23,4,4,47,0,55,26,0,26,81
11/20/2006,MHR,CA,AWP,WE,Federal Contract Tower,6,19,29,3,57,0,7,8,1,16,6,26,37,4,73,0,0,0,73
11/21/2006,MHR,CA,AWP,WE,Federal Contract Tower,22,21,34,6,83,0,14,47,9,70,22,35,81,15,153,22,10,32,185
11/22/2006,MHR,CA,AWP,WE,Federal Contract Tower,22,35,42,1,100,0,8,73,7,88,22,43,115,8,188,38,8,46,234
11/23/2006,MHR,CA,AWP,WE,Federal Contract Tower,2,2,7,0,11,0,1,25,0,26,2,3,32,0,37,0,0,0,37
11/24/2006,MHR,CA,AWP,WE,Federal Contract Tower,9,12,22,0,43,0,18,83,0,101,9,30,105,0,144,36,0,36,180
11/25/2006,MHR,CA,AWP,WE,Federal Contract Tower,4,3,41,0,48,0,6,61,0,67,4,9,102,0,115,88,0,88,203
11/26/2006,MHR,CA,AWP,WE,Federal Contract Tower,2,3,26,1,32,0,0,34,1,35,2,3,60,2,67,42,0,42,109
11/27/2006,MHR,CA,AWP,WE,Federal Contract Tower,5,35,20,5,65,0,18,77,3,98,5,53,97,8,163,60,16,76,239
11/28/2006,MHR,CA,AWP,WE,Federal Contract Tower,27,27,27,9,90,0,23,125,13,161,27,50,152,22,251,72,12,84,335
11/29/2006,MHR,CA,AWP,WE,Federal Contract Tower,25,22,18,0,65,0,24,125,6,155,25,46,143,6,220,36,0,36,256
11/30/2006,MHR,CA,AWP,WE,Federal Contract Tower,23,23,31,1,78,0,24,110,4,138,23,47,141,5,216,24,16,40,256
12/01/2006,MHR,CA,AWP,WE,Federal Contract Tower,16,23,21,4,64,0,23,77,15,115,16,46,98,19,179,64,24,88,267
12/02/2006,MHR,CA,AWP,WE,Federal Contract Tower,10,2,14,1,27,0,6,54,4,64,10,8,68,5,91,32,18,50,141
12/03/2006,MHR,CA,AWP,WE,Federal Contract Tower,2,0,14,3,19,0,0,57,4,61,2,0,71,7,80,60,6,66,146
12/04/2006,MHR,CA,AWP,WE,Federal Contract Tower,9,22,19,2,52,0,16,91,7,114,9,38,110,9,166,58,26,84,250
12/05/2006,MHR,CA,AWP,WE,Federal Contract Tower,24,17,55,2,98,0,28,109,7,144,24,45,164,9,242,30,8,38,280
12/06/2006,MHR,CA,AWP,WE,Federal Contract Tower,23,24,17,6,70,0,28,89,10,127,23,52,106,16,197,36,10,46,243
12/07/2006,MHR,CA,AWP,WE,Federal Contract Tower,22,29,41,3,95,0,33,98,8,139,22,62,139,11,234,54,6,60,294
12/08/2006,MHR,CA,AWP,WE,Federal Contract Tower,18,32,42,1,93,0,15,59,2,76,18,47,101,3,169,28,24,52,221
12/09/2006,MHR,CA,AWP,WE,Federal Contract Tower,10,12,22,0,44,0,0,13,0,13,10,12,35,0,57,0,0,0,57
12/10/2006,MHR,CA,AWP,WE,Federal Contract Tower,3,3,21,0,27,0,0,8,0,8,3,3,29,0,35,0,0,0,35
12/11/2006,MHR,CA,AWP,WE,Federal Contract Tower,12,32,27,12,83,0,10,77,13,100,12,42,104,25,183,34,88,122,305
12/12/2006,MHR,CA,AWP,WE,Federal Contract Tower,31,52,47,6,136,0,1,38,4,43,31,53,85,10,179,16,0,16,195
12/13/2006,MHR,CA,AWP,WE,Federal Contract Tower,29,49,60,8,146,0,4,43,8,55,29,53,103,16,201,26,30,56,257
12/14/2006,MHR,CA,AWP,WE,Federal Contract Tower,35,39,56,8,138,0,2,25,7,34,35,41,81,15,172,14,14,28,200
12/15/2006,MHR,CA,AWP,WE,Federal Contract Tower,19,32,26,7,84,0,10,58,9,77,19,42,84,16,161,46,16,62,223
12/16/2006,MHR,CA,AWP,WE,Federal Contract Tower,13,10,19,0,42,0,8,44,0,52,13,18,63,0,94,20,0,20,114
12/17/2006,MHR,CA,AWP,WE,Federal Contract Tower,4,3,33,1,41,0,0,53,1,54,4,3,86,2,95,12,0,12,107
12/18/2006,MHR,CA,AWP,WE,Federal Contract Tower,14,16,28,5,63,0,27,83,6,116,14,43,111,11,179,52,8,60,239
12/19/2006,MHR,CA,AWP,WE,Federal Contract Tower,37,19,41,9,106,0,24,79,6,109,37,43,120,15,215,40,8,48,263
12/20/2006,MHR,CA,AWP,WE,Federal Contract Tower,36,26,38,7,107,0,26,94,10,130,36,52,132,17,237,30,20,50,287
12/21/2006,MHR,CA,AWP,WE,Federal Contract Tower,37,55,43,8,143,0,0,20,7,27,37,55,63,15,170,14,20,34,204
12/22/2006,MHR,CA,AWP,WE,Federal Contract Tower,28,32,25,0,85,0,16,62,2,80,28,48,87,2,165,20,4,24,189
12/23/2006,MHR,CA,AWP,WE,Federal Contract Tower,15,12,19,0,46,0,16,46,1,63,15,28,65,1,109,18,0,18,127
12/24/2006,MHR,CA,AWP,WE,Federal Contract Tower,2,3,8,0,13,0,0,1,0,1,2,3,9,0,14,0,0,0,14
12/25/2006,MHR,CA,AWP,WE,Federal Contract Tower,0,4,9,0,13,0,0,6,0,6,0,4,15,0,19,0,0,0,19
12/26/2006,MHR,CA,AWP,WE,Federal Contract Tower,12,26,28,0,66,0,9,25,0,34,12,35,53,0,100,4,0,4,104
12/27/2006,MHR,CA,AWP,WE,Federal Contract Tower,19,15,16,2,52,0,13,42,8,63,19,28,58,10,115,20,0,20,135
12/28/2006,MHR,CA,AWP,WE,Federal Contract Tower,22,10,10,7,49,0,30,61,14,105,22,40,71,21,154,12,14,26,180
12/29/2006,MHR,CA,AWP,WE,Federal Contract Tower,17,11,22,0,50,0,21,94,4,119,17,32,116,4,169,70,2,72,241
12/30/2006,MHR,CA,AWP,WE,Federal Contract Tower,9,2,8,1,20,0,7,75,0,82,9,9,83,1,102,30,0,30,132
12/31/2006,MHR,CA,AWP,WE,Federal Contract Tower,2,0,6,0,8,0,1,40,1,42,2,1,46,1,50,0,0,0,50
01/01/2007,MHR,CA,AWP,WE,Federal Contract Tower,1,5,2,0,8,1,0,56,0,57,2,5,58,0,65,0,0,0,65
01/02/2007,MHR,CA,AWP,WE,Federal Contract Tower,9,11,29,2,51,0,9,57,1,67,9,20,86,3,118,54,0,54,172
01/03/2007,MHR,CA,AWP,WE,Federal Contract Tower,21,13,40,14,88,0,14,49,4,67,21,27,89,18,155,10,24,34,189
01/04/2007,MHR,CA,AWP,WE,Federal Contract Tower,19,27,31,7,84,0,9,49,9,67,19,36,80,16,151,42,8,50,201
01/05/2007,MHR,CA,AWP,WE,Federal Contract Tower,15,4,27,0,46,0,21,71,4,96,15,25,98,4,142,34,0,34,176
01/06/2007,MHR,CA,AWP,WE,Federal Contract Tower,6,2,16,0,24,0,6,74,7,87,6,8,90,7,111,38,30,68,179
01/07/2007,MHR,CA,AWP,WE,Federal Contract Tower,1,4,6,0,11,0,0,71,3,74,1,4,77,3,85,50,0,50,135
01/08/2007,MHR,CA,AWP,WE,Federal Contract Tower,11,16,19,4,50,0,22,80,6,108,11,38,99,10,158,58,28,86,244
01/09/2007,MHR,CA,AWP,WE,Federal Contract Tower,21,21,45,5,92,0,23,84,10,117,21,44,129,15,209,92,66,158,367
01/10/2007,MHR,CA,AWP,WE,Federal Contract Tower,19,24,31,23,97,0,16,88,4,108,19,40,119,27,205,82,52,134,339
01/11/2007,MHR,CA,AWP,WE,Federal Contract Tower,20,17,26,5,68,0,27,89,11,127,20,44,115,16,195,38,10,48,243
01/12/2007,MHR,CA,AWP,WE,Federal Contract Tower,15,21,14,4,54,0,19,49,4,72,15,40,63,8,126,36,0,36,162
01/13/2007,MHR,CA,AWP,WE,Federal Contract Tower,6,8,9,0,23,0,9,85,1,95,6,17,94,1,118,34,0,34,152
01/14/2007,MHR,CA,AWP,WE,Federal Contract Tower,1,1,6,2,10,0,0,32,7,39,1,1,38,9,49,4,0,4,53
01/15/2007,MHR,CA,AWP,WE,Federal Contract Tower,8,18,26,7,59,0,16,80,1,97,8,34,106,8,156,42,8,50,206
01/16/2007,MHR,CA,AWP,WE,Federal Contract Tower,19,24,29,7,79,0,18,91,10,119,19,42,120,17,198,26,0,26,224
01/17/2007,MHR,CA,AWP,WE,Federal Contract Tower,19,22,30,9,80,0,20,118,18,156,19,42,148,27,236,92,34,126,362
01/18/2007,MHR,CA,AWP,WE,Federal Contract Tower,18,15,33,9,75,0,23,108,13,144,18,38,141,22,219,82,6,88,307
01/19/2007,MHR,CA,AWP,WE,Federal Contract Tower,15,19,7,5,46,0,18,76,6,100,15,37,83,11,146,48,14,62,208
01/20/2007,MHR,CA,AWP,WE,Federal Contract Tower,7,3,3,2,15,0,5,81,1,87,7,8,84,3,102,40,0,40,142
01/21/2007,MHR,CA,AWP,WE,Federal Contract Tower,2,3,5,2,12,0,2,31,0,33,2,5,36,2,45,16,0,16,61
01/22/2007,MHR,CA,AWP,WE,Federal Contract Tower,7,19,20,5,51,0,9,89,1,99,7,28,109,6,150,10,0,10,160
01/23/2007,MHR,CA,AWP,WE,Federal Contract Tower,19,19,29,6,73,0,24,100,11,135,19,43,129,17,208,20,28,48,256
01/24/2007,MHR,CA,AWP,WE,Federal Contract Tower,18,16,25,7,66,0,24,112,29,165,18,40,137,36,231,102,54,156,387
01/25/2007,MHR,CA,AWP,WE,Federal Contract Tower,22,22,20,7,71,0,23,82,10,115,22,45,102,17,186,40,20,60,246
01/26/2007,MHR,CA,AWP,WE,Federal Contract Tower,17,18,29,5,69,0,14,50,7,71,17,32,79,12,140,148,14,162,302
01/27/2007,MHR,CA,AWP,WE,Federal Contract Tower,6,5,28,1,40,0,3,49,0,52,6,8,77,1,92,26,0,26,118
01/28/2007,MHR,CA,AWP,WE,Federal Contract Tower,3,5,14,0,22,0,0,36,0,36,3,5,50,0,58,20,0,20,78
01/29/2007,MHR,CA,AWP,WE,Federal Contract Tower,10,11,23,0,44,0,26,96,1,123,10,37,119,1,167,84,16,100,267
01/30/2007,MHR,CA,AWP,WE,Federal Contract Tower,24,23,44,3,94,0,27,98,13,138,24,50,142,16,232,96,32,128,360
01/31/2007,MHR,CA,AWP,WE,Federal Contract Tower,19,26,49,11,105,0,11,29,18,58,19,37,78,29,163,6,0,6,169
02/01/2007,MHR,CA,AWP,WE,Federal Contract Tower,18,40,35,2,95,0,0,18,12,30,18,40,53,14,125,10,18,28,153
02/02/2007,MHR,CA,AWP,WE,Federal Contract Tower,18,28,27,1,74,0,8,51,4,63,18,36,78,5,137,26,8,34,171
02/03/2007,MHR,CA,AWP,WE,Federal Contract Tower,6,7,26,2,41,0,4,66,2,72,6,11,92,4,113,18,4,22,135
02/04/2007,MHR,CA,AWP,WE,Federal Contract Tower,3,3,5,0,11,0,0,73,7,80,3,3,78,7,91,6,0,6,97
02/05/2007,MHR,CA,AWP,WE,Federal Contract Tower,9,12,15,2,38,0,30,99,12,141,9,42,114,14,179,94,16,110,289
02/06/2007,MHR,CA,AWP,WE,Federal Contract Tower,22,24,44,11,101,0,19,90,8,117,22,43,134,19,218,134,48,182,400
02/07/2007,MHR,CA,AWP,WE,Federal Contract Tower,19,36,46,11,112,0,9,40,13,62,19,45,86,24,174,20,70,90,264
02/08/2007,MHR,CA,AWP,WE,Federal Contract Tower,21,44,50,21,136,0,1,5,14,20,21,45,55,35,156,0,16,16,172
02/09/2007,MHR,CA,AWP,WE,Federal Contract Tower,17,40,29,13,99,0,6,13,0,19,17,46,42,13,118,0,14,14,132
02/10/2007,MHR,CA,AWP,WE,Federal Contract Tower,6,15,13,5,39,0,0,16,15,31,6,15,29,20,70,0,16,16,86
02/11/2007,MHR,CA,AWP,WE,Federal Contract Tower,4,2,16,1,23,0,0,29,1,30,4,2,45,2,53,20,0,20,73
02/12/2007,MHR,CA,AWP,WE,Federal Contract Tower,7,23,41,16,87,0,12,73,0,85,7,35,114,16,172,48,50,98,270
02/13/2007,MHR,CA,AWP,WE,Federal Contract Tower,19,32,40,3,94,0,15,82,3,100,19,47,122,6,194,70,20,90,284
02/14/2007,MHR,CA,AWP,WE,Federal Contract Tower,20,24,41,6,91,0,28,116,11,155,20,52,157,17,246,162,30,192,438
02/15/2007,MHR,CA,AWP,WE,Federal Contract Tower,20,26,27,10,83,0,22,115,10,147,20,48,142,20,230,196,10,206,436
02/16/2007,MHR,CA,AWP,WE,Federal Contract Tower,19,10,33,0,62,0,21,131,8,160,19,31,164,8,222,50,14,64,286
02/17/2007,MHR,CA,AWP,WE,Federal Contract Tower,6,5,9,0,20,0,5,89,0,94,6,10,98,0,114,36,0,36,150
02/18/2007,MHR,CA,AWP,WE,Federal Contract Tower,3,0,16,0,19,0,2,31,0,33,3,2,47,0,52,20,0,20,72
02/19/2007,MHR,CA,AWP,WE,Federal Contract Tower,8,3,24,0,35,0,22,69,1,92,8,25,93,1,127,70,0,70,197
02/20/2007,MHR,CA,AWP,WE,Federal Contract Tower,20,38,27,21,106,0,16,70,3,89,20,54,97,24,195,102,62,164,359
02/21/2007,MHR,CA,AWP,WE,Federal Contract Tower,21,31,83,12,147,0,6,47,7,60,21,37,130,19,207,72,62,134,341
02/22/2007,MHR,CA,AWP,WE,Federal Contract Tower,20,41,24,14,99,0,17,49,7,73,20,58,73,21,172,6,18,24,196
02/23/2007,MHR,CA,AWP,WE,Federal Contract Tower,17,22,24,5,68,0,19,92,6,117,17,41,116,11,185,14,10,24,209
02/24/2007,MHR,CA,AWP,WE,Federal Contract Tower,6,3,15,4,28,0,6,31,0,37,6,9,46,4,65,32,0,32,97
02/25/2007,MHR,CA,AWP,WE,Federal Contract Tower,3,6,10,2,21,0,0,14,4,18,3,6,24,6,39,6,0,6,45
02/26/2007,MHR,CA,AWP,WE,Federal Contract Tower,8,30,21,5,64,0,5,22,0,27,8,35,43,5,91,0,0,0,91
02/27/2007,MHR,CA,AWP,WE,Federal Contract Tower,22,30,24,10,86,0,9,57,9,75,22,39,81,19,161,32,78,110,271
02/28/2007,MHR,CA,AWP,WE,Federal Contract Tower,18,28,45,11,102,0,13,75,17,105,18,41,120,28,207,110,36,146,353
03/01/2007,MHR,CA,AWP,WE,Federal Contract Tower,20,29,36,6,91,0,12,82,36,130,20,41,118,42,221,92,84,176,397
03/02/2007,MHR,CA,AWP,WE,Federal Contract Tower,15,24,16,5,60,0,19,61,7,87,15,43,77,12,147,38,26,64,211
03/03/2007,MHR,CA,AWP,WE,Federal Contract Tower,7,2,8,3,20,0,8,68,3,79,7,10,76,6,99,44,12,56,155
03/04/2007,MHR,CA,AWP,WE,Federal Contract Tower,2,8,18,6,34,0,0,65,2,67,2,8,83,8,101,28,26,54,155
03/05/2007,MHR,CA,AWP,WE,Federal Contract Tower,8,21,38,12,79,12,19,109,7,147,20,40,147,19,226,110,14,124,350
03/06/2007,MHR,CA,AWP,WE,Federal Contract Tower,20,19,25,3,67,11,15,130,4,160,31,34,155,7,227,114,6,120,347
03/07/2007,MHR,CA,AWP,WE,Federal Contract Tower,19,19,57,12,107,0,28,120,30,178,19,47,177,42,285,92,98,190,475
03/08/2007,MHR,CA,AWP,WE,Federal Contract Tower,22,27,32,10,91,0,16,132,33,181,22,43,164,43,272,120,74,194,466
03/09/2007,MHR,CA,AWP,WE,Federal Contract Tower,16,19,19,8,62,0,19,83,8,110,16,38,102,16,172,52,54,106,278
03/10/2007,MHR,CA,AWP,WE,Federal Contract Tower,6,5,12,0,23,0,7,78,21,106,6,12,90,21,129,74,0,74,203
03/11/2007,MHR,CA,AWP,WE,Federal Contract Tower,1,6,15,0,22,0,0,65,7,72,1,6,80,7,94,54,12,66,160
03/12/2007,MHR,CA,AWP,WE,Federal Contract Tower,10,19,15,11,55,0,24,105,10,139,10,43,120,21,194,84,38,122,316
03/13/2007,MHR,CA,AWP,WE,Federal Contract Tower,20,17,34,1,72,0,31,128,16,175,20,48,162,17,247,110,14,124,371
03/14/2007,MHR,CA,AWP,WE,Federal Contract Tower,20,19,30,9,78,0,19,68,18,105,20,38,98,27,183,52,26,78,261
03/15/2007,MHR,CA,AWP,WE,Federal Contract Tower,20,16,42,6,84,0,20,113,10,143,20,36,155,16,227,124,18,142,369
03/16/2007,MHR,CA,AWP,WE,Federal Contract Tower,16,15,37,5,73,0,21,160,16,197,16,36,197,21,270,136,22,158,428
03/17/2007,MHR,CA,AWP,WE,Federal Contract Tower,6,3,2,1,12,0,9,67,1,77,6,12,69,2,89,28,0,28,117
03/18/2007,MHR,CA,AWP,WE,Federal Contract Tower,2,2,16,0,20,0,0,64,0,64,2,2,80,0,84,40,0,40,124
03/19/2007,MHR,CA,AWP,WE,Federal Contract Tower,8,15,36,8,67,0,30,122,13,165,8,45,158,21,232,128,22,150,382
03/20/2007,MHR,CA,AWP,WE,Federal Contract Tower,20,42,38,25,125,0,4,71,6,81,20,46,109,31,206,30,72,102,308
03/21/2007,MHR,CA,AWP,WE,Federal Contract Tower,20,24,40,8,92,0,27,82,13,122,20,51,122,21,214,46,6,52,266
03/22/2007,MHR,CA,AWP,WE,Federal Contract Tower,18,16,22,4,60,0,18,133,13,164,18,34,155,17,224,100,20,120,344
03/23/2007,MHR,CA,AWP,WE,Federal Contract Tower,16,23,15,1,55,0,22,83,12,117,16,45,98,13,172,112,19,131,303
03/24/2007,MHR,CA,AWP,WE,Federal Contract Tower,6,4,8,0,18,0,6,63,0,69,6,10,71,0,87,28,0,28,115
03/25/2007,MHR,CA,AWP,WE,Federal Contract Tower,1,6,15,1,23,0,0,43,0,43,1,6,58,1,66,10,6,16,82
03/26/2007,MHR,CA,AWP,WE,Federal Contract Tower,8,31,23,6,68,0,11,44,2,57,8,42,67,8,125,28,14,42,167
03/27/2007,MHR,CA,AWP,WE,Federal Contract Tower,21,18,47,14,100,0,19,83,18,120,21,37,130,32,220,104,36,140,360
03/28/2007,MHR,CA,AWP,WE,Federal Contract Tower,22,13,33,4,72,0,27,85,7,119,22,40,118,11,191,28,20,48,239
03/29/2007,MHR,CA,AWP,WE,Federal Contract Tower,19,18,45,7,89,0,27,83,17,127,19,45,128,24,216,162,32,194,410
03/30/2007,MHR,CA,AWP,WE,Federal Contract Tower,15,22,23,3,63,0,23,94,4,121,15,45,117,7,184,48,2,50,234
03/31/2007,MHR,CA,AWP,WE,Federal Contract Tower,8,2,20,0,30,0,5,53,0,58,8,7,73,0,88,50,0,50,138
04/01/2007,MHR,CA,AWP,WE,Federal Contract Tower,1,2,24,2,29,0,1,56,1,58,1,3,80,3,87,26,2,28,115
04/02/2007,MHR,CA,AWP,WE,Federal Contract Tower,8,14,18,2,42,0,20,62,2,84,8,34,80,4,126,32,0,32,158
04/03/2007,MHR,CA,AWP,WE,Federal Contract Tower,20,16,34,9,79,0,28,63,8,99,20,44,97,17,178,34,14,48,226
04/04/2007,MHR,CA,AWP,WE,Federal Contract Tower,21,18,28,16,83,0,23,82,21,126,21,41,110,37,209,36,66,102,311
04/05/2007,MHR,CA,AWP,WE,Federal Contract Tower,18,17,41,16,92,60,28,105,35,228,78,45,146,51,320,58,64,122,442
04/06/2007,MHR,CA,AWP,WE,Federal Contract Tower,15,16,20,7,58,0,21,120,20,161,15,37,140,27,219,14,46,60,279
04/07/2007,MHR,CA,AWP,WE,Federal Contract Tower,7,5,18,1,31,0,0,34,0,34,7,5,52,1,65,2,0,2,67
04/08/2007,MHR,CA,AWP,WE,Federal Contract Tower,2,4,14,0,20,0,2,50,0,52,2,6,64,0,72,4,0,4,76
04/09/2007,MHR,CA,AWP,WE,Federal Contract Tower,9,14,35,28,86,0,20,74,2,96,9,34,109,30,182,63,58,121,303
04/10/2007,MHR,CA,AWP,WE,Federal Contract Tower,20,14,32,14,80,0,27,73,7,107,20,41,105,21,187,34,74,108,295
04/11/2007,MHR,CA,AWP,WE,Federal Contract Tower,20,30,41,20,111,0,9,34,13,56,20,39,75,33,167,8,20,28,195
04/12/2007,MHR,CA,AWP,WE,Federal Contract Tower,19,21,23,3,66,0,19,53,8,80,19,40,76,11,146,32,24,56,202
04/13/2007,MHR,CA,AWP,WE,Federal Contract Tower,17,14,17,1,49,0,18,73,9,100,17,32,90,10,149,44,14,58,207
04/14/2007,MHR,CA,AWP,WE,Federal Contract Tower,7,7,17,0,31,0,2,12,7,21,7,9,29,7,52,0,10,10,62
04/15/2007,MHR,CA,AWP,WE,Federal Contract Tower,2,2,18,2,24,0,1,27,8,36,2,3,45,10,60,4,18,22,82
04/16/2007,MHR,CA,AWP,WE,Federal Contract Tower,8,19,20,17,64,0,23,93,16,132,8,42,113,33,196,40,76,116,312
04/17/2007,MHR,CA,AWP,WE,Federal Contract Tower,21,23,37,19,100,0,23,52,10,85,21,46,89,29,185,42,8,50,235
04/18/2007,MHR,CA,AWP,WE,Federal Contract Tower,21,17,38,4,80,0,25,111,15,151,21,42,149,19,231,46,40,86,317
04/19/2007,MHR,CA,AWP,WE,Federal Contract Tower,22,21,35,24,102,0,24,64,28,116,22,45,99,52,218,52,116,168,386
04/20/2007,MHR,CA,AWP,WE,Federal Contract Tower,17,15,26,3,61,0,21,62,10,93,17,36,88,13,154,34,26,60,214
04/21/2007,MHR,CA,AWP,WE,Federal Contract Tower,7,3,14,1,25,0,4,55,5,64,7,7,69,6,89,38,0,38,127
04/22/2007,MHR,CA,AWP,WE,Federal Contract Tower,1,5,15,0,21,0,2,25,0,27,1,7,40,0,48,62,0,62,110
04/23/2007,MHR,CA,AWP,WE,Federal Contract Tower,9,11,36,16,72,0,28,121,18,167,9,39,157,34,239,104,40,144,383
04/24/2007,MHR,CA,AWP,WE,Federal Contract Tower,19,19,57,11,106,0,29,113,21,163,19,48,170,32,269,74,60,134,403
04/25/2007,MHR,CA,AWP,WE,Federal Contract Tower,22,27,30,3,82,0,26,107,9,142,22,53,137,12,224,38,0,38,262
04/26/2007,MHR,CA,AWP,WE,Federal Contract Tower,19,17,40,6,82,0,32,92,10,134,19,49,132,16,216,32,18,50,266
04/27/2007,MHR,CA,AWP,WE,Federal Contract Tower,13,20,36,15,84,0,18,112,8,138,13,38,148,23,222,66,54,120,342
04/28/2007,MHR,CA,AWP,WE,Federal Contract Tower,7,2,20,0,29,0,5,115,3,123,7,7,135,3,152,48,0,48,200
04/29/2007,MHR,CA,AWP,WE,Federal Contract Tower,1,3,22,0,26,0,0,108,2,110,1,3,130,2,136,70,0,70,206
04/30/2007,MHR,CA,AWP,WE,Federal Contract Tower,6,18,30,5,59,0,17,107,3,127,6,35,137,8,186,156,28,184,370
05/01/2007,MHR,CA,AWP,WE,Federal Contract Tower,19,21,46,19,105,0,17,83,5,105,19,38,129,24,210,60,66,126,336
05/02/2007,MHR,CA,AWP,WE,Federal Contract Tower,20,30,58,13,121,0,20,53,10,83,20,50,111,23,204,0,44,44,248
05/03/2007,MHR,CA,AWP,WE,Federal Contract Tower,21,26,37,8,92,0,25,123,13,161,21,51,160,21,253,134,12,146,399
05/04/2007,MHR,CA,AWP,WE,Federal Contract Tower,15,33,47,3,98,0,17,70,11,98,15,50,117,14,196,46,20,66,262
05/05/2007,MHR,CA,AWP,WE,Federal Contract Tower,7,7,3,3,20,0,5,42,6,53,7,12,45,9,73,2,14,16,89
05/06/2007,MHR,CA,AWP,WE,Federal Contract Tower,1,7,11,8,27,0,2,50,8,60,1,9,61,16,87,40,6,46,133
05/07/2007,MHR,CA,AWP,WE,Federal Contract Tower,11,17,25,13,66,0,23,90,11,124,11,40,115,24,190,70,56,126,316
05/08/2007,MHR,CA,AWP,WE,Federal Contract Tower,20,17,37,17,91,0,26,97,16,139,20,43,134,33,230,74,26,100,330
05/09/2007,MHR,CA,AWP,WE,Federal Contract Tower,20,21,24,8,73,0,24,79,5,108,20,45,103,13,181,92,14,106,287
05/10/2007,MHR,CA,AWP,WE,Federal Contract Tower,19,22,38,12,91,0,32,115,7,154,19,54,153,19,245,64,70,134,379
05/11/2007,MHR,CA,AWP,WE,Federal Contract Tower,13,28,38,6,85,0,31,131,15,177,13,59,169,21,262,70,36,106,368
05/12/2007,MHR,CA,AWP,WE,Federal Contract Tower,7,3,11,1,22,0,3,87,1,91,7,6,98,2,113,57,1,58,171
05/13/2007,MHR,CA,AWP,WE,Federal Contract Tower,1,2,20,1,24,0,2,80,3,85,1,4,100,4,109,26,0,26,135
05/14/2007,MHR,CA,AWP,WE,Federal Contract Tower,12,24,30,3,69,0,19,117,5,141,12,43,147,8,210,56,12,68,278
05/15/2007,MHR,CA,AWP,WE,Federal Contract Tower,20,27,28,13,88,0,23,98,17,138,20,50,126,30,226,74,38,112,338
05/16/2007,MHR,CA,AWP,WE,Federal Contract Tower,17,29,37,24,107,0,12,93,13,118,17,41,130,37,225,24,30,54,279
05/17/2007,MHR,CA,AWP,WE,Federal Contract Tower,20,36,51,11,118,0,17,101,22,140,20,53,152,33,258,22,6,28,286
05/18/2007,MHR,CA,AWP,WE,Federal Contract Tower,17,18,36,3,74,0,12,72,4,88,17,30,108,7,162,30,2,32,194
05/19/2007,MHR,CA,AWP,WE,Federal Contract Tower,9,3,19,1,32,0,5,54,2,61,9,8,73,3,93,8,0,8,101
05/20/2007,MHR,CA,AWP,WE,Federal Contract Tower,2,3,19,0,24,0,4,77,5,86,2,7,96,5,110,48,12,60,170
05/21/2007,MHR,CA,AWP,WE,Federal Contract Tower,9,14,18,5,46,0,29,97,9,135,9,43,115,14,181,24,16,40,221
05/22/2007,MHR,CA,AWP,WE,Federal Contract Tower,25,25,19,7,76,0,30,107,15,152,25,55,126,22,228,52,42,94,322
05/23/2007,MHR,CA,AWP,WE,Federal Contract Tower,21,21,19,4,65,0,23,84,9,116,21,44,103,13,181,42,24,66,247
05/24/2007,MHR,CA,AWP,WE,Federal Contract Tower,23,21,36,9,89,0,17,60,15,92,23,38,96,24,181,28,6,34,215
05/25/2007,MHR,CA,AWP,WE,Federal Contract Tower,17,15,34,0,66,0,24,95,1,120,17,39,129,1,186,56,0,56,242
05/26/2007,MHR,CA,AWP,WE,Federal Contract Tower,9,4,24,1,38,0,5,101,3,109,9,9,125,4,147,80,0,80,227
05/27/2007,MHR,CA,AWP,WE,Federal Contract Tower,1,0,16,0,17,0,1,62,0,63,1,1,78,0,80,18,0,18,98
05/28/2007,MHR,CA,AWP,WE,Federal Contract Tower,1,2,37,0,40,0,0,73,2,75,1,2,110,2,115,28,4,32,147
05/29/2007,MHR,CA,AWP,WE,Federal Contract Tower,10,16,30,5,61,0,20,107,7,134,10,36,137,12,195,56,32,88,283
05/30/2007,MHR,CA,AWP,WE,Federal Contract Tower,24,27,52,9,112,0,16,79,19,114,24,43,131,28,226,42,48,90,316
05/31/2007,MHR,CA,AWP,WE,Federal Contract Tower,20,38,35,8,101,0,16,72,12,100,20,54,107,20,201,54,36,90,291
06/01/2007,MHR,CA,AWP,WE,Federal Contract Tower,16,22,40,5,83,0,13,123,6,142,16,35,163,11,225,112,8,120,345
06/02/2007,MHR,CA,AWP,WE,Federal Contract Tower,7,9,27,1,44,0,2,58,1,61,7,11,85,2,105,40,0,40,145
06/03/2007,MHR,CA,AWP,WE,Federal Contract Tower,2,1,20,5,28,0,4,88,2,94,2,5,108,7,122,62,28,90,212
06/04/2007,MHR,CA,AWP,WE,Federal Contract Tower,9,19,28,4,60,0,18,96,7,121,9,37,124,11,181,91,28,119,300
06/05/2007,MHR,CA,AWP,WE,Federal Contract Tower,21,29,29,7,86,0,13,88,5,106,21,42,117,12,192,108,22,130,322
06/06/2007,MHR,CA,AWP,WE,Federal Contract Tower,22,16,17,7,62,0,28,118,8,154,22,44,135,15,216,56,10,66,282
06/07/2007,MHR,CA,AWP,WE,Federal Contract Tower,20,13,6,9,48,0,26,72,16,114,20,39,78,25,162,22,18,40,202
06/08/2007,MHR,CA,AWP,WE,Federal Contract Tower,14,10,3,3,30,0,31,52,35,118,14,41,55,38,148,28,28,56,204
06/09/2007,MHR,CA,AWP,WE,Federal Contract Tower,6,2,0,0,8,0,0,24,1,25,6,2,24,1,33,4,24,28,61
06/10/2007,MHR,CA,AWP,WE,Federal Contract Tower,2,0,0,3,5,0,4,51,28,83,2,4,51,31,88,42,38,80,168
06/11/2007,MHR,CA,AWP,WE,Federal Contract Tower,8,26,23,19,76,0,23,136,17,176,8,49,159,36,252,74,14,88,340
06/12/2007,MHR,CA,AWP,WE,Federal Contract Tower,21,17,36,5,79,0,23,128,11,162,21,40,164,16,241,80,50,130,371
06/13/2007,MHR,CA,AWP,WE,Federal Contract Tower,21,16,29,12,78,0,26,131,14,171,21,42,160,26,249,70,40,110,359
06/14/2007,MHR,CA,AWP,WE,Federal Contract Tower,21,20,28,18,87,0,31,83,16,130,21,51,111,34,217,78,24,102,319
06/15/2007,MHR,CA,AWP,WE,Federal Contract Tower,18,14,15,10,57,0,31,119,22,172,18,45,134,32,229,58,32,90,319
06/16/2007,MHR,CA,AWP,WE,Federal Contract Tower,8,4,18,2,32,0,5,61,3,69,8,9,79,5,101,28,0,28,129
06/17/2007,MHR,CA,AWP,WE,Federal Contract Tower,1,4,22,1,28,0,0,57,7,64,1,4,79,8,92,12,2,14,106
06/18/2007,MHR,CA,AWP,WE,Federal Contract Tower,7,16,18,5,46,0,18,98,6,122,7,34,116,11,168,60,10,70,238
06/19/2007,MHR,CA,AWP,WE,Federal Contract Tower,22,17,23,17,79,0,20,81,28,129,22,37,104,45,208,56,40,96,304
06/20/2007,MHR,CA,AWP,WE,Federal Contract Tower,18,18,26,9,71,0,26,99,17,142,18,44,125,26,213,52,18,70,283
06/21/2007,MHR,CA,AWP,WE,Federal Contract Tower,22,16,21,12,71,0,25,110,12,147,22,41,131,24,218,64,30,94,312
06/22/2007,MHR,CA,AWP,WE,Federal Contract Tower,18,21,22,4,65,0,27,103,5,135,18,48,125,9,200,40,18,58,258
06/23/2007,MHR,CA,AWP,WE,Federal Contract Tower,7,5,15,0,27,0,7,61,0,68,7,12,76,0,95,60,0,60,155
06/24/2007,MHR,CA,AWP,WE,Federal Contract Tower,2,3,23,0,28,0,0,58,3,61,2,3,81,3,89,24,0,24,113
06/25/2007,MHR,CA,AWP,WE,Federal Contract Tower,7,16,14,5,42,0,19,91,8,118,7,35,105,13,160,14,8,22,182
06/26/2007,MHR,CA,AWP,WE,Federal Contract Tower,22,8,34,5,69,0,29,138,4,171,22,37,172,9,240,38,4,42,282
06/27/2007,MHR,CA,AWP,WE,Federal Contract Tower,21,3,59,15,98,0,25,59,15,99,21,28,118,30,197,56,20,76,273
06/28/2007,MHR,CA,AWP,WE,Federal Contract Tower,24,7,37,3,71,0,22,127,29,178,24,29,164,32,249,144,10,154,403
06/29/2007,MHR,CA,AWP,WE,Federal Contract Tower,18,16,36,3,73,0,30,127,6,163,18,46,163,9,236,108,6,114,350
06/30/2007,MHR,CA,AWP,WE,Federal Contract Tower,7,4,22,0,33,0,4,74,0,78,7,8,96,0,111,34,0,34,145
07/01/2007,MHR,CA,AWP,WE,Federal Contract Tower,2,8,19,0,29,0,0,72,5,77,2,8,91,5,106,70,2,72,178
07/02/2007,MHR,CA,AWP,WE,Federal Contract Tower,8,13,34,3,58,0,12,143,12,167,8,25,177,15,225,110,22,132,357
07/03/2007,MHR,CA,AWP,WE,Federal Contract Tower,21,6,21,5,53,0,33,128,17,178,21,39,149,22,231,94,24,118,349
07/04/2007,MHR,CA,AWP,WE,Federal Contract Tower,2,0,8,0,10,0,5,39,0,44,2,5,47,0,54,8,0,8,62
07/05/2007,MHR,CA,AWP,WE,Federal Contract Tower,18,6,36,7,67,0,22,108,19,149,18,28,144,26,216,132,38,170,386
07/06/2007,MHR,CA,AWP,WE,Federal Contract Tower,16,7,14,1,38,0,22,76,2,100,16,29,90,3,138,70,8,78,216
07/07/2007,MHR,CA,AWP,WE,Federal Contract Tower,6,4,2,1,13,0,6,71,4,81,6,10,73,5,94,18,0,18,112
07/08/2007,MHR,CA,AWP,WE,Federal Contract Tower,2,1,9,1,13,0,0,71,5,76,2,1,80,6,89,28,0,28,117
07/09/2007,MHR,CA,AWP,WE,Federal Contract Tower,12,13,50,0,75,0,16,134,10,160,12,29,184,10,235,148,32,180,415
07/10/2007,MHR,CA,AWP,WE,Federal Contract Tower,19,15,38,16,88,0,25,81,13,119,19,40,119,29,207,124,28,152,359
07/11/2007,MHR,CA,AWP,WE,Federal Contract Tower,19,20,40,14,93,0,21,114,12,147,19,41,154,26,240,142,14,156,396
07/12/2007,MHR,CA,AWP,WE,Federal Contract Tower,19,19,27,3,68,0,27,113,11,151,19,46,140,14,219,100,24,124,343
07/13/2007,MHR,CA,AWP,WE,Federal Contract Tower,18,17,19,3,57,0,23,102,7,132,18,40,121,10,189,62,32,94,283
07/14/2007,MHR,CA,AWP,WE,Federal Contract Tower,5,7,9,1,22,0,7,75,8,90,5,14,84,9,112,5,6,11,123
07/15/2007,MHR,CA,AWP,WE,Federal Contract Tower,1,5,18,11,35,0,3,56,6,65,1,8,74,17,100,4,52,56,156
07/16/2007,MHR,CA,AWP,WE,Federal Contract Tower,7,24,21,1,53,0,14,105,13,132,7,38,126,14,185,88,32,120,305
07/17/2007,MHR,CA,AWP,WE,Federal Contract Tower,20,16,21,5,62,0,26,129,3,158,20,42,150,8,220,92,2,94,314
07/18/2007,MHR,CA,AWP,WE,Federal Contract Tower,20,25,51,1,97,0,17,77,4,98,20,42,128,5,195,18,0,18,213
07/19/2007,MHR,CA,AWP,WE,Federal Contract Tower,21,23,31,5,80,0,29,87,13,129,21,52,118,18,209,90,10,100,309
07/20/2007,MHR,CA,AWP,WE,Federal Contract Tower,16,14,33,4,67,0,23,135,30,188,16,37,168,34,255,140,22,162,417
07/21/2007,MHR,CA,AWP,WE,Federal Contract Tower,7,4,18,0,29,0,6,62,5,73,7,10,80,5,102,10,6,16,118
07/22/2007,MHR,CA,AWP,WE,Federal Contract Tower,1,7,20,0,28,0,0,55,0,55,1,7,75,0,83,48,0,48,131
07/23/2007,MHR,CA,AWP,WE,Federal Contract Tower,7,20,26,12,65,0,23,133,4,160,7,43,159,16,225,96,34,130,355
07/24/2007,MHR,CA,AWP,WE,Federal Contract Tower,21,18,32,6,77,0,19,94,0,113,21,37,126,6,190,116,14,130,320
07/25/2007,MHR,CA,AWP,WE,Federal Contract Tower,21,32,42,5,100,0,30,94,9,133,21,62,136,14,233,120,14,134,367
07/26/2007,MHR,CA,AWP,WE,Federal Contract Tower,23,23,36,18,100,0,24,130,20,174,23,47,166,38,274,112,60,172,446
07/27/2007,MHR,CA,AWP,WE,Federal Contract Tower,15,14,26,4,59,0,18,102,8,128,15,32,128,12,187,124,22,146,333
07/28/2007,MHR,CA,AWP,WE,Federal Contract Tower,7,3,9,0,19,0,4,47,0,51,7,7,56,0,70,6,0,6,76
07/29/2007,MHR,CA,AWP,WE,Federal Contract Tower,1,4,12,0,17,0,2,38,4,44,1,6,50,4,61,38,0,38,99
07/30/2007,MHR,CA,AWP,WE,Federal Contract Tower,8,15,30,3,56,0,34,160,13,207,8,49,190,16,263,116,26,142,405
07/31/2007,MHR,CA,AWP,WE,Federal Contract Tower,21,19,21,2,63,0,17,110,1,128,21,36,131,3,191,118,18,136,327
08/01/2007,MHR,CA,AWP,WE,Federal Contract Tower,20,18,54,14,106,0,19,128,19,166,20,37,182,33,272,124,30,154,426
08/02/2007,MHR,CA,AWP,WE,Federal Contract Tower,20,17,31,6,74,0,23,149,15,187,20,40,180,21,261,52,14,66,327
08/03/2007,MHR,CA,AWP,WE,Federal Contract Tower,15,18,26,3,62,0,25,88,15,128,15,43,114,18,190,38,42,80,270
08/04/2007,MHR,CA,AWP,WE,Federal Contract Tower,7,1,14,5,27,0,7,77,12,96,7,8,91,17,123,50,34,84,207
08/05/2007,MHR,CA,AWP,WE,Federal Contract Tower,2,1,14,2,19,0,0,42,9,51,2,1,56,11,70,30,8,38,108
08/06/2007,MHR,CA,AWP,WE,Federal Contract Tower,7,17,58,18,100,0,17,86,8,111,7,34,144,26,211,148,4,152,363
08/07/2007,MHR,CA,AWP,WE,Federal Contract Tower,21,26,50,6,103,0,13,103,20,136,21,39,153,26,239,162,52,214,453
08/08/2007,MHR,CA,AWP,WE,Federal Contract Tower,17,21,47,2,87,0,26,116,13,155,17,47,163,15,242,94,16,110,352
08/09/2007,MHR,CA,AWP,WE,Federal Contract Tower,21,19,41,4,85,0,28,102,17,147,21,47,143,21,232,100,34,134,366
08/10/2007,MHR,CA,AWP,WE,Federal Contract Tower,16,17,24,2,59,0,23,80,6,109,16,40,104,8,168,92,16,108,276
08/11/2007,MHR,CA,AWP,WE,Federal Contract Tower,6,4,21,0,31,0,8,0,0,8,6,12,21,0,39,56,0,56,95
08/12/2007,MHR,CA,AWP,WE,Federal Contract Tower,1,1,8,1,11,1,2,80,1,84,2,3,88,2,95,20,0,20,115
08/13/2007,MHR,CA,AWP,WE,Federal Contract Tower,10,14,30,21,75,0,30,128,41,199,10,44,158,62,274,34,80,114,388
08/14/2007,MHR,CA,AWP,WE,Federal Contract Tower,20,30,46,12,108,0,28,106,18,152,20,58,152,30,260,40,62,102,362
08/15/2007,MHR,CA,AWP,WE,Federal Contract Tower,20,20,41,17,98,0,23,170,26,219,20,43,211,43,317,52,30,82,399
08/16/2007,MHR,CA,AWP,WE,Federal Contract Tower,20,18,44,8,90,0,22,114,16,152,20,40,158,24,242,74,100,174,416
08/17/2007,MHR,CA,AWP,WE,Federal Contract Tower,16,27,37,7,87,0,23,106,11,140,16,50,143,18,227,64,34,98,325
08/18/2007,MHR,CA,AWP,WE,Federal Contract Tower,14,4,22,4,44,0,13,131,8,152,14,17,153,12,196,8,8,16,212
08/19/2007,MHR,CA,AWP,WE,Federal Contract Tower,1,4,19,3,27,0,1,82,10,93,1,5,101,13,120,46,50,96,216
08/20/2007,MHR,CA,AWP,WE,Federal Contract Tower,7,21,48,20,96,0,18,109,17,144,7,39,157,37,240,170,42,212,452
08/21/2007,MHR,CA,AWP,WE,Federal Contract Tower,20,23,66,6,115,0,27,107,16,150,20,50,173,22,265,64,54,118,383
08/22/2007,MHR,CA,AWP,WE,Federal Contract Tower,17,15,19,1,52,0,25,103,24,152,17,40,122,25,204,118,32,150,354
08/23/2007,MHR,CA,AWP,WE,Federal Contract Tower,19,31,33,1,84,0,20,130,10,160,19,51,163,11,244,144,2,146,390
08/24/2007,MHR,CA,AWP,WE,Federal Contract Tower,16,21,27,5,69,0,22,99,5,126,16,43,126,10,195,40,0,40,235
08/25/2007,MHR,CA,AWP,WE,Federal Contract Tower,13,5,14,2,34,0,6,86,12,104,13,11,100,14,138,22,12,34,172
08/26/2007,MHR,CA,AWP,WE,Federal Contract Tower,0,2,5,1,8,0,1,93,9,103,0,3,98,10,111,12,0,12,123
08/27/2007,MHR,CA,AWP,WE,Federal Contract Tower,7,13,24,6,50,0,21,91,9,121,7,34,115,15,171,38,22,60,231
08/28/2007,MHR,CA,AWP,WE,Federal Contract Tower,20,22,42,6,90,0,24,81,10,115,20,46,123,16,205,132,12,144,349
08/29/2007,MHR,CA,AWP,WE,Federal Contract Tower,22,17,31,2,72,0,28,138,21,187,22,45,169,23,259,68,36,104,363
08/30/2007,MHR,CA,AWP,WE,Federal Contract Tower,20,15,42,11,88,0,22,97,17,136,20,37,139,28,224,44,34,78,302
08/31/2007,MHR,CA,AWP,WE,Federal Contract Tower,13,12,30,0,55,0,22,116,0,138,13,34,146,0,193,104,0,104,297
09/01/2007,MHR,CA,AWP,WE,Federal Contract Tower,7,4,19,0,30,0,6,51,0,57,7,10,70,0,87,30,0,30,117
09/02/2007,MHR,CA,AWP,WE,Federal Contract Tower,3,1,11,0,15,0,0,56,0,56,3,1,67,0,71,26,0,26,97
09/03/2007,MHR,CA,AWP,WE,Federal Contract Tower,1,2,46,0,49,0,1,83,0,84,1,3,129,0,133,74,0,74,207
09/04/2007,MHR,CA,AWP,WE,Federal Contract Tower,9,20,17,9,55,0,18,92,17,127,9,38,109,26,182,46,68,114,296
09/05/2007,MHR,CA,AWP,WE,Federal Contract Tower,20,29,31,19,99,0,14,98,12,124,20,43,129,31,223,46,42,88,311
09/06/2007,MHR,CA,AWP,WE,Federal Contract Tower,20,31,52,7,110,0,20,92,26,138,20,51,144,33,248,54,68,122,370
09/07/2007,MHR,CA,AWP,WE,Federal Contract Tower,17,24,39,3,83,0,22,115,7,144,17,46,154,10,227,36,14,50,277
09/08/2007,MHR,CA,AWP,WE,Federal Contract Tower,8,4,26,5,43,0,7,68,2,77,8,11,94,7,120,26,0,26,146
09/09/2007,MHR,CA,AWP,WE,Federal Contract Tower,1,2,24,0,27,0,0,92,2,94,1,2,116,2,121,18,0,18,139
09/10/2007,MHR,CA,AWP,WE,Federal Contract Tower,8,12,21,8,49,0,26,83,8,117,8,38,104,16,166,17,64,81,247
09/11/2007,MHR,CA,AWP,WE,Federal Contract Tower,18,20,27,10,75,0,25,110,13,148,18,45,137,23,223,68,62,130,353
09/12/2007,MHR,CA,AWP,WE,Federal Contract Tower,21,36,32,3,92,0,14,96,17,127,21,50,128,20,219,26,38,64,283
09/14/2007,MHR,CA,AWP,WE,Federal Contract Tower,17,21,55,1,94,0,26,93,15,134,17,47,148,16,228,90,2,92,320
09/15/2007,MHR,CA,AWP,WE,Federal Contract Tower,8,9,13,4,34,0,4,55,14,73,8,13,68,18,107,24,10,34,141
09/16/2007,MHR,CA,AWP,WE,Federal Contract Tower,1,3,6,8,18,0,1,52,11,64,1,4,58,19,82,46,20,66,148
09/17/2007,MHR,CA,AWP,WE,Federal Contract Tower,10,20,25,6,61,0,15,87,13,115,10,35,112,19,176,62,26,88,264
09/18/2007,MHR,CA,AWP,WE,Federal Contract Tower,21,25,46,8,100,0,24,101,16,141,21,49,147,24,241,92,48,140,381
09/19/2007,MHR,CA,AWP,WE,Federal Contract Tower,21,19,39,11,90,0,17,87,16,120,21,36,126,27,210,28,14,42,252
09/20/2007,MHR,CA,AWP,WE,Federal Contract Tower,28,25,41,25,119,0,17,85,30,132,28,42,126,55,251,6,58,64,315
09/21/2007,MHR,CA,AWP,WE,Federal Contract Tower,20,20,28,4,72,0,20,106,7,133,20,40,134,11,205,10,18,28,233
09/22/2007,MHR,CA,AWP,WE,Federal Contract Tower,7,7,10,2,26,0,4,30,0,34,7,11,40,2,60,14,0,14,74
09/23/2007,MHR,CA,AWP,WE,Federal Contract Tower,1,6,30,0,37,0,0,63,0,63,1,6,93,0,100,30,0,30,130
09/24/2007,MHR,CA,AWP,WE,Federal Contract Tower,8,24,23,0,55,0,16,87,6,109,8,40,110,6,164,54,0,54,218
09/25/2007,MHR,CA,AWP,WE,Federal Contract Tower,21,21,28,5,75,0,32,89,8,129,21,53,117,13,204,50,8,58,262
09/26/2007,MHR,CA,AWP,WE,Federal Contract Tower,21,18,16,6,61,0,22,120,15,157,21,40,136,21,218,8,0,8,226
09/27/2007,MHR,CA,AWP,WE,Federal Contract Tower,21,19,23,7,70,0,27,105,13,145,21,46,128,20,215,72,18,90,305
09/28/2007,MHR,CA,AWP,WE,Federal Contract Tower,19,24,41,2,86,0,10,75,4,89,19,34,116,6,175,72,0,72,247
09/29/2007,MHR,CA,AWP,WE,Federal Contract Tower,8,5,27,0,40,0,8,64,6,78,8,13,91,6,118,12,2,14,132
09/30/2007,MHR,CA,AWP,WE,Federal Contract Tower,1,3,13,2,19,0,0,61,1,62,1,3,74,3,81,10,0,10,91
10/01/2007,MHR,CA,AWP,WE,Federal Contract Tower,8,22,48,10,88,0,17,52,3,72,8,39,100,13,160,54,40,94,254
10/02/2007,MHR,CA,AWP,WE,Federal Contract Tower,22,26,31,8,87,0,25,78,11,114,22,51,109,19,201,54,22,76,277
10/03/2007,MHR,CA,AWP,WE,Federal Contract Tower,21,19,47,10,97,0,25,110,20,155,21,44,157,30,252,96,46,142,394
10/04/2007,MHR,CA,AWP,WE,Federal Contract Tower,18,20,30,10,78,0,30,74,29,133,18,50,104,39,211,54,28,82,293
10/05/2007,MHR,CA,AWP,WE,Federal Contract Tower,17,30,45,0,92,0,15,71,0,86,17,45,116,0,178,56,16,72,250
10/06/2007,MHR,CA,AWP,WE,Federal Contract Tower,8,5,29,1,43,0,8,62,1,71,8,13,91,2,114,34,0,34,148
10/07/2007,MHR,CA,AWP,WE,Federal Contract Tower,1,6,14,0,21,0,3,62,0,65,1,9,76,0,86,36,0,36,122
10/08/2007,MHR,CA,AWP,WE,Federal Contract Tower,8,18,44,0,70,0,15,72,0,87,8,33,116,0,157,56,0,56,213
10/09/2007,MHR,CA,AWP,WE,Federal Contract Tower,22,19,46,9,96,0,20,86,7,113,22,39,132,16,209,10,12,22,231
10/10/2007,MHR,CA,AWP,WE,Federal Contract Tower,26,38,25,9,98,0,11,86,18,115,26,49,111,27,213,102,48,150,363
10/11/2007,MHR,CA,AWP,WE,Federal Contract Tower,21,22,33,6,82,0,20,105,14,139,21,42,138,20,221,96,16,112,333
10/12/2007,MHR,CA,AWP,WE,Federal Contract Tower,16,31,31,17,95,0,16,37,16,69,16,47,68,33,164,14,38,52,216
10/13/2007,MHR,CA,AWP,WE,Federal Contract Tower,6,7,16,1,30,0,7,67,14,88,6,14,83,15,118,8,0,8,126
10/14/2007,MHR,CA,AWP,WE,Federal Contract Tower,1,3,23,2,29,0,2,75,12,89,1,5,98,14,118,32,0,32,150
10/15/2007,MHR,CA,AWP,WE,Federal Contract Tower,9,24,30,9,72,0,19,69,0,88,9,43,99,9,160,46,13,59,219
10/16/2007,MHR,CA,AWP,WE,Federal Contract Tower,23,37,29,8,97,0,7,39,9,55,23,44,68,17,152,120,16,136,288
10/17/2007,MHR,CA,AWP,WE,Federal Contract Tower,25,29,35,11,100,0,14,70,13,97,25,43,105,24,197,14,36,50,247
10/18/2007,MHR,CA,AWP,WE,Federal Contract Tower,21,28,43,17,109,0,11,87,15,113,21,39,130,32,222,76,50,126,348
10/19/2007,MHR,CA,AWP,WE,Federal Contract Tower,18,40,22,17,97,0,22,60,13,95,18,62,82,30,192,46,32,78,270
10/20/2007,MHR,CA,AWP,WE,Federal Contract Tower,8,4,23,0,35,0,6,54,0,60,8,10,77,0,95,26,0,26,121
10/21/2007,MHR,CA,AWP,WE,Federal Contract Tower,1,4,20,3,28,0,0,73,4,77,1,4,93,7,105,34,0,34,139
10/22/2007,MHR,CA,AWP,WE,Federal Contract Tower,7,22,42,13,84,0,28,125,6,159,7,50,167,19,243,68,14,82,325
10/23/2007,MHR,CA,AWP,WE,Federal Contract Tower,23,18,50,10,101,0,29,150,11,190,23,47,200,21,291,122,12,134,425
10/24/2007,MHR,CA,AWP,WE,Federal Contract Tower,23,22,35,7,87,0,25,124,12,161,23,47,159,19,248,76,50,126,374
10/25/2007,MHR,CA,AWP,WE,Federal Contract Tower,21,20,38,9,88,0,26,126,13,165,21,46,164,22,253,56,24,80,333
10/26/2007,MHR,CA,AWP,WE,Federal Contract Tower,16,16,26,1,59,0,25,83,7,115,16,41,109,8,174,20,30,50,224
10/27/2007,MHR,CA,AWP,WE,Federal Contract Tower,8,4,3,4,19,0,8,62,0,70,8,12,65,4,89,8,0,8,97
10/28/2007,MHR,CA,AWP,WE,Federal Contract Tower,1,8,25,1,35,0,1,56,1,58,1,9,81,2,93,14,2,16,109
10/29/2007,MHR,CA,AWP,WE,Federal Contract Tower,7,24,20,3,54,0,13,87,3,103,7,37,107,6,157,24,0,24,181
10/30/2007,MHR,CA,AWP,WE,Federal Contract Tower,23,32,34,9,98,0,18,51,0,69,23,50,85,9,167,52,0,52,219
10/31/2007,MHR,CA,AWP,WE,Federal Contract Tower,23,29,25,6,83,0,11,69,9,89,23,40,94,15,172,80,22,102,274
11/01/2007,MHR,CA,AWP,WE,Federal Contract Tower,25,26,47,6,104,0,16,100,12,128,25,42,147,18,232,78,18,96,328
11/02/2007,MHR,CA,AWP,WE,Federal Contract Tower,17,21,22,7,67,0,20,123,39,182,17,41,145,46,249,64,51,115,364
11/03/2007,MHR,CA,AWP,WE,Federal Contract Tower,8,5,9,6,28,0,6,68,24,98,8,11,77,30,126,6,12,18,144
11/04/2007,MHR,CA,AWP,WE,Federal Contract Tower,1,1,20,10,32,0,0,77,12,89,1,1,97,22,121,14,14,28,149
11/05/2007,MHR,CA,AWP,WE,Federal Contract Tower,0,17,29,5,51,0,0,61,7,68,0,17,90,12,119,108,28,136,255
11/06/2007,MHR,CA,AWP,WE,Federal Contract Tower,0,20,29,3,52,0,4,39,0,43,0,24,68,3,95,96,22,118,213
11/07/2007,MHR,CA,AWP,WE,Federal Contract Tower,18,19,18,5,60,0,6,80,0,86,18,25,98,5,146,266,48,314,460
11/08/2007,MHR,CA,AWP,WE,Federal Contract Tower,22,36,29,1,88,0,6,67,10,83,22,42,96,11,171,140,14,154,325
11/09/2007,MHR,CA,AWP,WE,Federal Contract Tower,13,30,33,0,76,0,0,55,9,64,13,30,88,9,140,20,95,115,255
11/10/2007,MHR,CA,AWP,WE,Federal Contract Tower,8,7,14,8,37,0,5,25,2,32,8,12,39,10,69,62,10,72,141
11/11/2007,MHR,CA,AWP,WE,Federal Contract Tower,1,2,36,1,40,0,0,17,3,20,1,2,53,4,60,2,0,2,62
11/12/2007,MHR,CA,AWP,WE,Federal Contract Tower,8,21,26,6,61,0,3,60,2,65,8,24,86,8,126,145,28,173,299
11/13/2007,MHR,CA,AWP,WE,Federal Contract Tower,21,29,42,6,98,0,12,76,23,111,21,41,118,29,209,162,32,194,403
11/14/2007,MHR,CA,AWP,WE,Federal Contract Tower,22,24,46,5,97,0,13,92,4,109,22,37,138,9,206,125,18,143,349
11/15/2007,MHR,CA,AWP,WE,Federal Contract Tower,20,26,38,1,85,0,8,61,27,96,20,34,99,28,181,156,20,176,357
11/16/2007,MHR,CA,AWP,WE,Federal Contract Tower,14,33,13,0,60,2,10,35,6,53,16,43,48,6,113,40,2,42,155
11/17/2007,MHR,CA,AWP,WE,Federal Contract Tower,3,8,16,3,30,0,5,15,1,21,3,13,31,4,51,10,0,10,61
11/18/2007,MHR,CA,AWP,WE,Federal Contract Tower,1,5,28,0,34,0,3,36,0,39,1,8,64,0,73,19,0,19,92
11/19/2007,MHR,CA,AWP,WE,Federal Contract Tower,8,17,17,11,53,0,14,37,8,59,8,31,54,19,112,0,11,11,123
11/20/2007,MHR,CA,AWP,WE,Federal Contract Tower,25,13,34,11,83,0,21,54,11,86,25,34,88,22,169,32,14,46,215
11/21/2007,MHR,CA,AWP,WE,Federal Contract Tower,25,13,20,12,70,0,18,95,12,125,25,31,115,24,195,148,66,214,409
11/22/2007,MHR,CA,AWP,WE,Federal Contract Tower,2,0,2,0,4,0,0,19,0,19,2,0,21,0,23,0,0,0,23
11/23/2007,MHR,CA,AWP,WE,Federal Contract Tower,12,10,12,0,34,1,25,60,2,88,13,35,72,2,122,12,8,20,142
11/24/2007,MHR,CA,AWP,WE,Federal Contract Tower,5,12,6,0,23,0,0,41,0,41,5,12,47,0,64,34,0,34,98
11/25/2007,MHR,CA,AWP,WE,Federal Contract Tower,1,3,22,0,26,0,0,39,0,39,1,3,61,0,65,8,0,8,73
11/26/2007,MHR,CA,AWP,WE,Federal Contract Tower,8,24,16,5,53,0,13,76,1,90,8,37,92,6,143,82,2,84,227
11/27/2007,MHR,CA,AWP,WE,Federal Contract Tower,22,28,41,6,97,0,12,79,21,112,22,40,120,27,209,106,48,154,363
11/28/2007,MHR,CA,AWP,WE,Federal Contract Tower,26,31,36,10,103,0,24,80,46,150,26,55,116,56,253,76,72,148,401
11/29/2007,MHR,CA,AWP,WE,Federal Contract Tower,24,32,37,5,98,1,17,72,20,110,25,49,109,25,208,90,10,100,308
11/30/2007,MHR,CA,AWP,WE,Federal Contract Tower,18,27,19,4,68,0,15,63,1,79,18,42,82,5,147,90,0,90,237
12/01/2007,MHR,CA,AWP,WE,Federal Contract Tower,10,2,15,4,31,0,9,39,5,53,10,11,54,9,84,14,2,16,100
12/02/2007,MHR,CA,AWP,WE,Federal Contract Tower,1,0,10,0,11,0,2,17,5,24,1,2,27,5,35,6,0,6,41
12/03/2007,MHR,CA,AWP,WE,Federal Contract Tower,8,25,22,5,60,0,23,74,11,108,8,48,96,16,168,124,18,142,310
12/04/2007,MHR,CA,AWP,WE,Federal Contract Tower,22,51,36,4,113,0,1,4,6,11,22,52,40,10,124,0,6,6,130
12/05/2007,MHR,CA,AWP,WE,Federal Contract Tower,24,35,57,15,131,0,10,51,11,72,24,45,108,26,203,54,16,70,273
12/06/2007,MHR,CA,AWP,WE,Federal Contract Tower,23,37,51,4,115,0,6,12,6,24,23,43,63,10,139,2,0,2,141
12/07/2007,MHR,CA,AWP,WE,Federal Contract Tower,16,39,36,0,91,10,14,40,12,76,26,53,76,12,167,64,6,70,237
12/08/2007,MHR,CA,AWP,WE,Federal Contract Tower,10,5,12,0,27,0,6,36,1,43,10,11,48,1,70,34,0,34,104
12/09/2007,MHR,CA,AWP,WE,Federal Contract Tower,1,3,8,0,12,0,2,40,0,42,1,5,48,0,54,28,0,28,82
12/10/2007,MHR,CA,AWP,WE,Federal Contract Tower,8,35,46,10,99,0,14,85,2,101,8,49,131,12,200,90,16,106,306
12/11/2007,MHR,CA,AWP,WE,Federal Contract Tower,25,18,33,1,77,0,25,76,43,144,25,43,109,44,221,62,36,98,319
12/12/2007,MHR,CA,AWP,WE,Federal Contract Tower,34,34,29,11,108,0,20,78,32,130,34,54,107,43,238,84,48,132,370
12/13/2007,MHR,CA,AWP,WE,Federal Contract Tower,26,27,24,21,98,1,26,79,19,125,27,53,103,40,223,108,36,144,367
12/14/2007,MHR,CA,AWP,WE,Federal Contract Tower,12,14,30,4,60,8,34,71,6,119,20,48,101,10,179,44,14,58,237
12/15/2007,MHR,CA,AWP,WE,Federal Contract Tower,10,6,24,1,41,0,10,19,1,30,10,16,43,2,71,24,0,24,95
12/16/2007,MHR,CA,AWP,WE,Federal Contract Tower,4,2,9,1,16,0,1,9,1,11,4,3,18,2,27,6,0,6,33
12/17/2007,MHR,CA,AWP,WE,Federal Contract Tower,11,22,37,0,70,0,10,25,21,56,11,32,62,21,126,4,58,62,188
12/18/2007,MHR,CA,AWP,WE,Federal Contract Tower,37,29,18,11,95,0,9,10,7,26,37,38,28,18,121,2,24,26,147
12/19/2007,MHR,CA,AWP,WE,Federal Contract Tower,42,31,29,23,125,0,7,39,20,66,42,38,68,43,191,22,64,86,277
12/20/2007,MHR,CA,AWP,WE,Federal Contract Tower,40,28,21,19,108,0,8,34,13,55,40,36,55,32,163,30,28,58,221
12/21/2007,MHR,CA,AWP,WE,Federal Contract Tower,23,20,14,3,60,0,24,77,14,115,23,44,91,17,175,56,18,74,249
12/22/2007,MHR,CA,AWP,WE,Federal Contract Tower,14,5,11,0,30,0,13,66,0,79,14,18,77,0,109,84,0,84,193
12/23/2007,MHR,CA,AWP,WE,Federal Contract Tower,2,2,7,0,11,0,3,45,0,48,2,5,52,0,59,16,0,16,75
12/24/2007,MHR,CA,AWP,WE,Federal Contract Tower,3,13,15,0,31,0,12,10,0,22,3,25,25,0,53,14,0,14,67
12/25/2007,MHR,CA,AWP,WE,Federal Contract Tower,0,5,0,0,5,0,1,10,0,11,0,6,10,0,16,0,0,0,16
12/26/2007,MHR,CA,AWP,WE,Federal Contract Tower,11,25,13,6,55,0,13,41,5,59,11,38,54,11,114,56,0,56,170
12/27/2007,MHR,CA,AWP,WE,Federal Contract Tower,20,21,21,2,64,0,13,50,14,77,20,34,71,16,141,80,0,80,221
12/28/2007,MHR,CA,AWP,WE,Federal Contract Tower,18,29,31,0,78,0,0,4,0,4,18,29,35,0,82,0,0,0,82
12/29/2007,MHR,CA,AWP,WE,Federal Contract Tower,8,11,10,0,29,0,1,6,0,7,8,12,16,0,36,0,0,0,36
12/30/2007,MHR,CA,AWP,WE,Federal Contract Tower,1,1,13,0,15,0,1,11,0,12,1,2,24,0,27,1,0,1,28
12/31/2007,MHR,CA,AWP,WE,Federal Contract Tower,6,8,9,1,24,0,13,54,2,69,6,21,63,3,93,48,0,48,141
01/01/2008,MHR,CA,AWP,WE,Federal Contract Tower,0,1,7,0,8,0,2,60,1,63,0,3,67,1,71,18,0,18,89
01/02/2008,MHR,CA,AWP,WE,Federal Contract Tower,12,9,30,6,57,0,24,52,14,90,12,33,82,20,147,116,24,140,287
01/03/2008,MHR,CA,AWP,WE,Federal Contract Tower,21,26,28,25,100,0,11,23,17,51,21,37,51,42,151,44,42,86,237
01/04/2008,MHR,CA,AWP,WE,Federal Contract Tower,18,20,5,0,43,0,6,0,0,6,18,26,5,0,49,0,0,0,49
01/05/2008,MHR,CA,AWP,WE,Federal Contract Tower,8,7,6,0,21,0,3,6,0,9,8,10,12,0,30,0,0,0,30
01/06/2008,MHR,CA,AWP,WE,Federal Contract Tower,1,2,11,0,14,0,0,14,0,14,1,2,25,0,28,8,0,8,36
01/07/2008,MHR,CA,AWP,WE,Federal Contract Tower,9,36,31,17,93,0,8,42,14,64,9,44,73,31,157,66,68,134,291
01/08/2008,MHR,CA,AWP,WE,Federal Contract Tower,19,36,24,16,95,0,4,13,11,28,19,40,37,27,123,14,56,70,193
01/09/2008,MHR,CA,AWP,WE,Federal Contract Tower,23,35,65,25,148,0,5,21,24,50,23,40,86,49,198,8,34,42,240
01/10/2008,MHR,CA,AWP,WE,Federal Contract Tower,21,31,31,18,101,0,1,21,15,37,21,32,52,33,138,0,46,46,184
01/11/2008,MHR,CA,AWP,WE,Federal Contract Tower,17,44,81,5,147,0,1,21,5,27,17,45,102,10,174,0,0,0,174
01/12/2008,MHR,CA,AWP,WE,Federal Contract Tower,8,9,13,4,34,0,0,20,17,37,8,9,33,21,71,0,2,2,73
01/13/2008,MHR,CA,AWP,WE,Federal Contract Tower,1,0,32,5,38,0,0,42,5,47,1,0,74,10,85,22,0,22,107
01/14/2008,MHR,CA,AWP,WE,Federal Contract Tower,6,34,38,18,96,0,15,47,27,89,6,49,85,45,185,86,52,138,323
01/15/2008,MHR,CA,AWP,WE,Federal Contract Tower,15,22,30,5,72,0,12,27,10,49,15,34,57,15,121,10,0,10,131
01/16/2008,MHR,CA,AWP,WE,Federal Contract Tower,21,25,31,6,83,0,15,79,24,118,21,40,110,30,201,32,26,58,259
01/17/2008,MHR,CA,AWP,WE,Federal Contract Tower,20,26,15,10,71,0,23,65,23,111,20,49,80,33,182,34,36,70,252
01/18/2008,MHR,CA,AWP,WE,Federal Contract Tower,17,23,37,8,85,0,20,55,8,83,17,43,92,16,168,74,30,104,272
01/19/2008,MHR,CA,AWP,WE,Federal Contract Tower,9,4,32,0,45,0,5,50,1,56,9,9,82,1,101,64,0,64,165
01/20/2008,MHR,CA,AWP,WE,Federal Contract Tower,0,1,12,0,13,0,0,14,0,14,0,1,26,0,27,0,0,0,27
01/21/2008,MHR,CA,AWP,WE,Federal Contract Tower,8,21,16,0,45,0,11,20,0,31,8,32,36,0,76,0,0,0,76
01/22/2008,MHR,CA,AWP,WE,Federal Contract Tower,22,40,36,1,99,0,0,6,7,13,22,40,42,8,112,0,0,0,112
01/23/2008,MHR,CA,AWP,WE,Federal Contract Tower,24,40,55,3,122,0,0,11,1,12,24,40,66,4,134,0,0,0,134
01/24/2008,MHR,CA,AWP,WE,Federal Contract Tower,21,36,47,0,104,1,4,20,51,76,22,40,67,51,180,4,34,38,218
01/25/2008,MHR,CA,AWP,WE,Federal Contract Tower,16,21,13,0,50,0,14,14,0,28,16,35,27,0,78,0,16,16,94
01/26/2008,MHR,CA,AWP,WE,Federal Contract Tower,8,8,19,6,41,0,0,50,6,56,8,8,69,12,97,32,12,44,141
01/27/2008,MHR,CA,AWP,WE,Federal Contract Tower,1,2,5,0,8,0,0,0,0,0,1,2,5,0,8,8,0,8,16
01/28/2008,MHR,CA,AWP,WE,Federal Contract Tower,8,24,33,8,73,0,8,56,3,67,8,32,89,11,140,18,18,36,176
01/29/2008,MHR,CA,AWP,WE,Federal Contract Tower,19,36,26,10,91,0,7,15,33,55,19,43,41,43,146,14,48,62,208
01/30/2008,MHR,CA,AWP,WE,Federal Contract Tower,22,25,49,12,108,0,17,80,18,115,22,42,129,30,223,32,60,92,315
01/31/2008,MHR,CA,AWP,WE,Federal Contract Tower,22,43,29,32,126,0,1,15,33,49,22,44,44,65,175,4,65,69,244
02/01/2008,MHR,CA,AWP,WE,Federal Contract Tower,12,22,54,1,89,0,15,55,8,78,12,37,109,9,167,94,0,94,261
02/02/2008,MHR,CA,AWP,WE,Federal Contract Tower,8,7,11,0,26,0,3,17,0,20,8,10,28,0,46,0,0,0,46
02/03/2008,MHR,CA,AWP,WE,Federal Contract Tower,2,1,8,0,11,0,0,11,0,11,2,1,19,0,22,16,0,16,38
02/04/2008,MHR,CA,AWP,WE,Federal Contract Tower,9,19,27,5,60,0,14,45,13,72,9,33,72,18,132,10,22,32,164
02/05/2008,MHR,CA,AWP,WE,Federal Contract Tower,21,20,29,9,79,0,20,66,22,108,21,40,95,31,187,42,44,86,273
02/06/2008,MHR,CA,AWP,WE,Federal Contract Tower,23,19,29,7,78,0,18,80,15,113,23,37,109,22,191,68,0,68,259
02/07/2008,MHR,CA,AWP,WE,Federal Contract Tower,21,20,29,0,70,2,14,68,0,84,23,34,97,0,154,82,54,136,290
02/08/2008,MHR,CA,AWP,WE,Federal Contract Tower,17,20,22,10,69,0,23,59,2,84,17,43,81,12,153,20,16,36,189
02/09/2008,MHR,CA,AWP,WE,Federal Contract Tower,8,5,11,3,27,0,5,47,14,66,8,10,58,17,93,73,6,79,172
02/10/2008,MHR,CA,AWP,WE,Federal Contract Tower,0,0,17,0,17,0,0,50,7,57,0,0,67,7,74,84,0,84,158
02/11/2008,MHR,CA,AWP,WE,Federal Contract Tower,8,15,31,7,61,0,14,66,7,87,8,29,97,14,148,50,28,78,226
02/12/2008,MHR,CA,AWP,WE,Federal Contract Tower,21,16,27,14,78,1,32,53,33,119,22,48,80,47,197,58,50,108,305
02/13/2008,MHR,CA,AWP,WE,Federal Contract Tower,22,30,34,4,90,0,23,50,26,99,22,53,84,30,189,44,22,66,255
02/14/2008,MHR,CA,AWP,WE,Federal Contract Tower,23,18,16,7,64,0,19,41,24,84,23,37,57,31,148,54,56,110,258
02/15/2008,MHR,CA,AWP,WE,Federal Contract Tower,18,6,19,2,45,0,28,60,4,92,18,34,79,6,137,114,28,142,279
02/16/2008,MHR,CA,AWP,WE,Federal Contract Tower,8,1,12,4,25,0,8,42,6,56,8,9,54,10,81,18,24,42,123
02/17/2008,MHR,CA,AWP,WE,Federal Contract Tower,1,5,14,0,20,0,6,46,0,52,1,11,60,0,72,40,0,40,112
02/18/2008,MHR,CA,AWP,WE,Federal Contract Tower,8,10,25,0,43,0,15,57,0,72,8,25,82,0,115,68,0,68,183
02/19/2008,MHR,CA,AWP,WE,Federal Contract Tower,25,33,28,5,91,0,9,41,14,64,25,42,69,19,155,50,8,58,213
02/20/2008,MHR,CA,AWP,WE,Federal Contract Tower,22,31,35,3,91,0,13,42,22,77,22,44,77,25,168,60,6,66,234
02/21/2008,MHR,CA,AWP,WE,Federal Contract Tower,21,35,45,0,101,4,5,38,0,47,25,40,83,0,148,46,16,62,210
02/22/2008,MHR,CA,AWP,WE,Federal Contract Tower,18,29,27,0,74,0,10,11,13,34,18,39,38,13,108,0,12,12,120
02/23/2008,MHR,CA,AWP,WE,Federal Contract Tower,8,8,12,1,29,0,2,14,2,18,8,10,26,3,47,0,10,10,57
02/24/2008,MHR,CA,AWP,WE,Federal Contract Tower,1,3,8,0,12,0,0,12,0,12,1,3,20,0,24,10,0,10,34
02/25/2008,MHR,CA,AWP,WE,Federal Contract Tower,7,22,32,3,64,0,18,75,27,120,7,40,107,30,184,170,16,186,370
02/26/2008,MHR,CA,AWP,WE,Federal Contract Tower,20,25,21,2,68,0,22,76,7,105,20,47,97,9,173,68,0,68,241
02/27/2008,MHR,CA,AWP,WE,Federal Contract Tower,21,20,21,8,70,3,20,94,12,129,24,40,115,20,199,70,10,80,279
02/28/2008,MHR,CA,AWP,WE,Federal Contract Tower,23,20,18,9,70,0,28,101,21,150,23,48,119,30,220,108,42,150,370
02/29/2008,MHR,CA,AWP,WE,Federal Contract Tower,18,25,25,13,81,1,16,95,26,138,19,41,120,39,219,57,50,107,326
03/01/2008,MHR,CA,AWP,WE,Federal Contract Tower,9,5,11,2,27,0,7,46,30,83,9,12,57,32,110,8,2,10,120
03/02/2008,MHR,CA,AWP,WE,Federal Contract Tower,0,1,15,6,22,0,1,38,5,44,0,2,53,11,66,44,18,62,128
03/03/2008,MHR,CA,AWP,WE,Federal Contract Tower,8,16,45,6,75,0,13,142,11,166,8,29,187,17,241,154,106,260,501
03/04/2008,MHR,CA,AWP,WE,Federal Contract Tower,22,26,18,11,77,0,32,91,10,133,22,58,109,21,210,40,72,112,322
03/05/2008,MHR,CA,AWP,WE,Federal Contract Tower,20,24,38,16,98,0,21,103,15,139,20,45,141,31,237,56,84,140,377
03/06/2008,MHR,CA,AWP,WE,Federal Contract Tower,22,23,24,12,81,0,18,71,9,98,22,41,95,21,179,180,30,210,389
03/07/2008,MHR,CA,AWP,WE,Federal Contract Tower,19,20,20,2,61,0,21,75,11,107,19,41,95,13,168,114,8,122,290
03/08/2008,MHR,CA,AWP,WE,Federal Contract Tower,8,1,17,1,27,0,8,60,4,72,8,9,77,5,99,14,2,16,115
03/09/2008,MHR,CA,AWP,WE,Federal Contract Tower,1,3,11,3,18,0,3,42,0,45,1,6,53,3,63,0,0,0,63
03/10/2008,MHR,CA,AWP,WE,Federal Contract Tower,9,19,15,0,43,0,16,67,3,86,9,35,82,3,129,110,0,110,239
03/11/2008,MHR,CA,AWP,WE,Federal Contract Tower,22,17,16,6,61,0,22,78,11,111,22,39,94,17,172,86,2,88,260
03/12/2008,MHR,CA,AWP,WE,Federal Contract Tower,21,26,34,20,101,0,20,87,22,129,21,46,121,42,230,34,8,42,272
03/13/2008,MHR,CA,AWP,WE,Federal Contract Tower,21,26,8,14,69,0,15,23,19,57,21,41,31,33,126,18,106,124,250
03/14/2008,MHR,CA,AWP,WE,Federal Contract Tower,16,20,2,1,39,0,11,0,0,11,16,31,2,1,50,12,36,48,98
03/15/2008,MHR,CA,AWP,WE,Federal Contract Tower,8,6,0,0,14,0,4,21,4,29,8,10,21,4,43,56,42,98,141
03/16/2008,MHR,CA,AWP,WE,Federal Contract Tower,3,2,0,2,7,1,1,29,6,37,4,3,29,8,44,0,6,6,50
03/17/2008,MHR,CA,AWP,WE,Federal Contract Tower,11,19,29,26,85,0,13,93,26,132,11,32,122,52,217,78,20,98,315
03/18/2008,MHR,CA,AWP,WE,Federal Contract Tower,23,18,25,10,76,0,20,100,14,134,23,38,125,24,210,58,50,108,318
03/19/2008,MHR,CA,AWP,WE,Federal Contract Tower,23,23,27,11,84,0,11,85,14,110,23,34,112,25,194,72,40,112,306
03/20/2008,MHR,CA,AWP,WE,Federal Contract Tower,21,23,26,9,79,0,19,79,20,118,21,42,105,29,197,51,36,87,284
03/21/2008,MHR,CA,AWP,WE,Federal Contract Tower,17,17,16,21,71,0,21,69,15,105,17,38,85,36,176,76,26,102,278
03/22/2008,MHR,CA,AWP,WE,Federal Contract Tower,8,5,12,5,30,0,14,68,4,86,8,19,80,9,116,80,8,88,204
03/23/2008,MHR,CA,AWP,WE,Federal Contract Tower,2,1,12,0,15,0,0,45,0,45,2,1,57,0,60,22,0,22,82
03/24/2008,MHR,CA,AWP,WE,Federal Contract Tower,8,21,14,2,45,0,10,76,14,100,8,31,90,16,145,40,14,54,199
03/25/2008,MHR,CA,AWP,WE,Federal Contract Tower,22,28,21,5,76,0,17,72,12,101,22,45,93,17,177,116,22,138,315
03/26/2008,MHR,CA,AWP,WE,Federal Contract Tower,22,32,22,8,84,0,15,76,23,114,22,47,98,31,198,26,36,62,260
03/27/2008,MHR,CA,AWP,WE,Federal Contract Tower,22,27,12,7,68,0,23,92,14,129,22,50,104,21,197,78,24,102,299
03/28/2008,MHR,CA,AWP,WE,Federal Contract Tower,21,30,26,5,82,0,7,47,14,68,21,37,73,19,150,18,86,104,254
03/29/2008,MHR,CA,AWP,WE,Federal Contract Tower,8,8,18,4,38,0,0,14,4,18,8,8,32,8,56,20,4,24,80
03/30/2008,MHR,CA,AWP,WE,Federal Contract Tower,2,2,9,2,15,0,0,61,4,65,2,2,70,6,80,52,6,58,138
03/31/2008,MHR,CA,AWP,WE,Federal Contract Tower,10,22,25,1,58,0,12,53,1,66,10,34,78,2,124,14,4,18,142
04/01/2008,MHR,CA,AWP,WE,Federal Contract Tower,21,22,31,5,79,0,17,70,4,91,21,39,101,9,170,82,0,82,252
04/02/2008,MHR,CA,AWP,WE,Federal Contract Tower,24,30,37,12,103,0,12,70,28,110,24,42,107,40,213,80,22,102,315
04/03/2008,MHR,CA,AWP,WE,Federal Contract Tower,20,18,32,2,72,0,13,124,10,147,20,31,156,12,219,108,9,117,336
04/04/2008,MHR,CA,AWP,WE,Federal Contract Tower,14,27,36,11,88,2,17,93,24,136,16,44,129,35,224,70,23,93,317
04/05/2008,MHR,CA,AWP,WE,Federal Contract Tower,8,4,19,12,43,0,6,36,29,71,8,10,55,41,114,38,46,84,198
04/06/2008,MHR,CA,AWP,WE,Federal Contract Tower,1,0,7,5,13,0,0,50,10,60,1,0,57,15,73,4,0,4,77
04/07/2008,MHR,CA,AWP,WE,Federal Contract Tower,8,21,21,12,62,0,12,92,15,119,8,33,113,27,181,72,52,124,305
04/08/2008,MHR,CA,AWP,WE,Federal Contract Tower,22,23,26,11,82,1,36,53,16,106,23,59,79,27,188,44,42,86,274
04/09/2008,MHR,CA,AWP,WE,Federal Contract Tower,21,18,33,9,81,0,21,118,11,150,21,39,151,20,231,60,14,74,305
04/10/2008,MHR,CA,AWP,WE,Federal Contract Tower,17,16,28,0,61,0,11,95,0,106,17,27,123,0,167,28,48,76,243
04/11/2008,MHR,CA,AWP,WE,Federal Contract Tower,18,22,10,2,52,0,19,71,5,95,18,41,81,7,147,24,16,40,187
04/12/2008,MHR,CA,AWP,WE,Federal Contract Tower,9,1,14,3,27,0,9,83,0,92,9,10,97,3,119,22,0,22,141
04/13/2008,MHR,CA,AWP,WE,Federal Contract Tower,1,3,11,0,15,0,0,65,0,65,1,3,76,0,80,2,0,2,82
04/14/2008,MHR,CA,AWP,WE,Federal Contract Tower,8,11,15,19,53,0,21,59,37,117,8,32,74,56,170,24,42,66,236
04/15/2008,MHR,CA,AWP,WE,Federal Contract Tower,25,33,27,7,92,0,23,106,17,146,25,56,133,24,238,60,38,98,336
04/16/2008,MHR,CA,AWP,WE,Federal Contract Tower,20,21,13,6,60,0,20,111,11,142,20,41,124,17,202,45,36,81,283
04/17/2008,MHR,CA,AWP,WE,Federal Contract Tower,19,15,12,6,52,2,27,85,32,146,21,42,97,38,198,65,86,151,349
04/18/2008,MHR,CA,AWP,WE,Federal Contract Tower,19,19,37,12,87,0,20,89,24,133,19,39,126,36,220,40,14,54,274
04/19/2008,MHR,CA,AWP,WE,Federal Contract Tower,9,5,10,2,26,0,9,43,3,55,9,14,53,5,81,2,4,6,87
04/20/2008,MHR,CA,AWP,WE,Federal Contract Tower,0,3,7,1,11,0,1,38,5,44,0,4,45,6,55,10,0,10,65
04/21/2008,MHR,CA,AWP,WE,Federal Contract Tower,9,14,19,12,54,0,19,78,17,114,9,33,97,29,168,96,70,166,334
04/22/2008,MHR,CA,AWP,WE,Federal Contract Tower,21,31,34,14,100,0,13,92,34,139,21,44,126,48,239,132,60,192,431
04/23/2008,MHR,CA,AWP,WE,Federal Contract Tower,25,26,37,15,103,0,9,63,16,88,25,35,100,31,191,58,18,76,267
04/24/2008,MHR,CA,AWP,WE,Federal Contract Tower,22,16,41,1,80,2,30,86,15,133,24,46,127,16,213,88,16,104,317
04/25/2008,MHR,CA,AWP,WE,Federal Contract Tower,16,16,36,7,75,0,28,56,10,94,16,44,92,17,169,58,36,94,263
04/26/2008,MHR,CA,AWP,WE,Federal Contract Tower,7,4,29,0,40,1,5,107,0,113,8,9,136,0,153,38,0,38,191
04/27/2008,MHR,CA,AWP,WE,Federal Contract Tower,0,1,18,0,19,0,0,78,9,87,0,1,96,9,106,48,0,48,154
04/28/2008,MHR,CA,AWP,WE,Federal Contract Tower,8,23,15,0,46,1,14,87,3,105,9,37,102,3,151,66,0,66,217
04/29/2008,MHR,CA,AWP,WE,Federal Contract Tower,22,23,36,4,85,0,19,83,0,102,22,42,119,4,187,63,2,65,252
04/30/2008,MHR,CA,AWP,WE,Federal Contract Tower,22,26,29,11,88,0,24,90,21,135,22,50,119,32,223,40,50,90,313
05/01/2008,MHR,CA,AWP,WE,Federal Contract Tower,20,20,25,4,69,0,28,72,7,107,20,48,97,11,176,34,50,84,260
05/02/2008,MHR,CA,AWP,WE,Federal Contract Tower,17,15,32,0,64,0,21,115,13,149,17,36,147,13,213,36,14,50,263
05/03/2008,MHR,CA,AWP,WE,Federal Contract Tower,9,1,28,3,41,0,0,35,23,58,9,1,63,26,99,8,16,24,123
05/04/2008,MHR,CA,AWP,WE,Federal Contract Tower,1,0,19,5,25,0,0,29,19,48,1,0,48,24,73,4,6,10,83
05/05/2008,MHR,CA,AWP,WE,Federal Contract Tower,12,19,13,2,46,0,10,63,0,73,12,29,76,2,119,6,0,6,125
05/06/2008,MHR,CA,AWP,WE,Federal Contract Tower,20,20,26,5,71,0,15,71,11,97,20,35,97,16,168,40,8,48,216
05/07/2008,MHR,CA,AWP,WE,Federal Contract Tower,20,18,52,2,92,0,10,52,8,70,20,28,104,10,162,38,3,41,203
05/08/2008,MHR,CA,AWP,WE,Federal Contract Tower,25,19,21,5,70,0,24,88,7,119,25,43,109,12,189,114,2,116,305
05/09/2008,MHR,CA,AWP,WE,Federal Contract Tower,17,21,44,1,83,0,22,67,6,95,17,43,111,7,178,18,2,20,198
05/10/2008,MHR,CA,AWP,WE,Federal Contract Tower,7,8,17,0,32,0,3,78,0,81,7,11,95,0,113,26,0,26,139
05/11/2008,MHR,CA,AWP,WE,Federal Contract Tower,0,1,8,0,9,0,0,51,0,51,0,1,59,0,60,37,0,37,97
05/12/2008,MHR,CA,AWP,WE,Federal Contract Tower,8,19,14,3,44,0,22,50,4,76,8,41,64,7,120,32,10,42,162
05/13/2008,MHR,CA,AWP,WE,Federal Contract Tower,19,15,14,3,51,0,30,68,8,106,19,45,82,11,157,36,30,66,223
05/14/2008,MHR,CA,AWP,WE,Federal Contract Tower,25,17,24,4,70,0,2,49,15,66,25,19,73,19,136,18,48,66,202
05/15/2008,MHR,CA,AWP,WE,Federal Contract Tower,19,25,26,8,78,0,21,52,20,93,19,46,78,28,171,60,78,138,309
05/16/2008,MHR,CA,AWP,WE,Federal Contract Tower,18,20,48,4,90,0,12,83,5,100,18,32,131,9,190,52,2,54,244
05/17/2008,MHR,CA,AWP,WE,Federal Contract Tower,1,0,11,0,12,8,8,42,4,62,9,8,53,4,74,40,0,40,114
05/18/2008,MHR,CA,AWP,WE,Federal Contract Tower,1,4,18,1,24,0,0,43,3,46,1,4,61,4,70,0,0,0,70
05/19/2008,MHR,CA,AWP,WE,Federal Contract Tower,4,15,33,10,62,0,2,71,8,81,4,17,104,18,143,48,28,76,219
05/20/2008,MHR,CA,AWP,WE,Federal Contract Tower,22,19,18,7,66,0,20,74,20,114,22,39,92,27,180,10,16,26,206
05/21/2008,MHR,CA,AWP,WE,Federal Contract Tower,19,18,29,4,70,0,11,40,8,59,19,29,69,12,129,0,2,2,131
05/22/2008,MHR,CA,AWP,WE,Federal Contract Tower,25,16,19,2,62,0,28,16,2,46,25,44,35,4,108,28,0,28,136
05/23/2008,MHR,CA,AWP,WE,Federal Contract Tower,18,7,14,1,40,0,18,83,5,106,18,25,97,6,146,26,12,38,184
05/24/2008,MHR,CA,AWP,WE,Federal Contract Tower,16,16,36,7,75,0,28,56,10,94,16,44,92,17,169,58,36,94,263
05/25/2008,MHR,CA,AWP,WE,Federal Contract Tower,1,2,4,0,7,0,0,34,0,34,1,2,38,0,41,12,0,12,53
05/26/2008,MHR,CA,AWP,WE,Federal Contract Tower,0,1,7,5,13,0,0,44,9,53,0,1,51,14,66,20,44,64,130
05/27/2008,MHR,CA,AWP,WE,Federal Contract Tower,10,27,29,3,69,0,15,79,20,114,10,42,108,23,183,60,0,60,243
05/28/2008,MHR,CA,AWP,WE,Federal Contract Tower,21,19,32,8,80,0,17,93,20,130,21,36,125,28,210,42,64,106,316
05/29/2008,MHR,CA,AWP,WE,Federal Contract Tower,19,32,13,8,72,0,15,69,2,86,19,47,82,10,158,14,18,32,190
05/30/2008,MHR,CA,AWP,WE,Federal Contract Tower,15,26,11,10,62,0,16,96,31,143,15,42,107,41,205,108,34,142,347
05/31/2008,MHR,CA,AWP,WE,Federal Contract Tower,8,0,20,2,30,0,2,73,2,77,8,2,93,4,107,76,0,76,183
06/01/2008,MHR,CA,AWP,WE,Federal Contract Tower,0,2,11,6,19,0,0,74,23,97,0,2,85,29,116,42,38,80,196
06/02/2008,MHR,CA,AWP,WE,Federal Contract Tower,8,19,18,2,47,0,10,52,19,81,8,29,70,21,128,30,24,54,182
06/03/2008,MHR,CA,AWP,WE,Federal Contract Tower,22,23,34,5,84,0,13,73,17,103,22,36,107,22,187,52,28,80,267
06/04/2008,MHR,CA,AWP,WE,Federal Contract Tower,21,18,39,0,78,0,8,83,24,115,21,26,122,24,193,148,17,165,358
06/05/2008,MHR,CA,AWP,WE,Federal Contract Tower,19,15,23,11,68,0,19,93,20,132,19,34,116,31,200,72,56,128,328
06/06/2008,MHR,CA,AWP,WE,Federal Contract Tower,17,16,41,0,74,0,11,51,29,91,17,27,92,29,165,24,20,44,209
06/07/2008,MHR,CA,AWP,WE,Federal Contract Tower,7,5,8,2,22,0,4,58,3,65,7,9,66,5,87,10,8,18,105
06/08/2008,MHR,CA,AWP,WE,Federal Contract Tower,1,3,12,3,19,0,0,72,1,73,1,3,84,4,92,18,0,18,110
06/09/2008,MHR,CA,AWP,WE,Federal Contract Tower,8,16,23,6,53,0,23,72,12,107,8,39,95,18,160,72,20,92,252
06/10/2008,MHR,CA,AWP,WE,Federal Contract Tower,22,20,9,5,56,0,27,76,9,112,22,47,85,14,168,0,8,8,176
06/11/2008,MHR,CA,AWP,WE,Federal Contract Tower,25,16,22,0,63,0,13,55,7,75,25,29,77,7,138,0,18,18,156
06/12/2008,MHR,CA,AWP,WE,Federal Contract Tower,23,21,39,5,88,0,8,74,9,91,23,29,113,14,179,66,30,96,275
06/13/2008,MHR,CA,AWP,WE,Federal Contract Tower,16,22,52,10,100,0,13,77,14,104,16,35,129,24,204,62,30,92,296
06/14/2008,MHR,CA,AWP,WE,Federal Contract Tower,8,6,6,9,29,0,8,52,10,70,8,14,58,19,99,8,0,8,107
06/15/2008,MHR,CA,AWP,WE,Federal Contract Tower,1,2,7,0,10,0,0,45,0,45,1,2,52,0,55,0,0,0,55
06/16/2008,MHR,CA,AWP,WE,Federal Contract Tower,8,17,29,8,62,0,20,87,8,115,8,37,116,16,177,70,46,116,293
06/17/2008,MHR,CA,AWP,WE,Federal Contract Tower,23,26,18,11,78,0,14,85,12,111,23,40,103,23,189,22,64,86,275
06/18/2008,MHR,CA,AWP,WE,Federal Contract Tower,21,24,17,7,69,0,21,48,19,88,21,45,65,26,157,12,34,46,203
06/19/2008,MHR,CA,AWP,WE,Federal Contract Tower,19,15,18,4,56,0,24,72,12,108,19,39,90,16,164,70,24,94,258
06/20/2008,MHR,CA,AWP,WE,Federal Contract Tower,17,19,5,0,41,0,18,83,11,112,17,37,88,11,153,18,20,38,191
06/21/2008,MHR,CA,AWP,WE,Federal Contract Tower,9,1,5,1,16,0,7,28,0,35,9,8,33,1,51,22,0,22,73
06/22/2008,MHR,CA,AWP,WE,Federal Contract Tower,2,0,5,1,8,0,2,43,10,55,2,2,48,11,63,0,0,0,63
06/23/2008,MHR,CA,AWP,WE,Federal Contract Tower,8,24,35,11,78,0,7,35,16,58,8,31,70,27,136,24,0,24,160
06/24/2008,MHR,CA,AWP,WE,Federal Contract Tower,22,37,34,13,106,0,6,57,18,81,22,43,91,31,187,38,0,38,225
06/25/2008,MHR,CA,AWP,WE,Federal Contract Tower,22,26,26,18,92,0,4,50,26,80,22,30,76,44,172,0,26,26,198
06/26/2008,MHR,CA,AWP,WE,Federal Contract Tower,22,28,28,10,88,0,11,12,10,33,22,39,40,20,121,0,2,2,123
06/27/2008,MHR,CA,AWP,WE,Federal Contract Tower,19,44,38,13,114,0,0,7,1,8,19,44,45,14,122,0,0,0,122
06/28/2008,MHR,CA,AWP,WE,Federal Contract Tower,11,6,16,2,35,0,1,26,10,37,11,7,42,12,72,10,0,10,82
06/29/2008,MHR,CA,AWP,WE,Federal Contract Tower,1,1,14,0,16,0,1,40,8,49,1,2,54,8,65,14,0,14,79
06/30/2008,MHR,CA,AWP,WE,Federal Contract Tower,7,8,17,9,41,0,7,61,13,81,7,15,78,22,122,70,10,80,202
07/01/2008,MHR,CA,AWP,WE,Federal Contract Tower,22,19,60,24,125,22,8,18,8,56,44,27,78,32,181,10,52,62,243
07/02/2008,MHR,CA,AWP,WE,Federal Contract Tower,25,27,146,30,228,25,11,39,0,75,50,38,185,30,303,92,34,126,429
07/03/2008,MHR,CA,AWP,WE,Federal Contract Tower,13,18,116,35,182,13,6,22,0,41,26,24,138,35,223,80,32,112,335
07/04/2008,MHR,CA,AWP,WE,Federal Contract Tower,0,0,2,0,2,0,0,39,17,56,0,0,41,17,58,36,0,36,94
07/05/2008,MHR,CA,AWP,WE,Federal Contract Tower,6,0,9,9,24,6,0,69,26,101,12,0,78,35,125,26,0,26,151
07/06/2008,MHR,CA,AWP,WE,Federal Contract Tower,1,0,12,4,17,1,0,64,23,88,2,0,76,27,105,12,0,12,117
07/07/2008,MHR,CA,AWP,WE,Federal Contract Tower,8,16,15,4,43,8,17,53,18,96,16,33,68,22,139,8,8,16,155
07/08/2008,MHR,CA,AWP,WE,Federal Contract Tower,21,27,50,15,113,21,38,125,34,218,42,65,175,49,331,10,32,42,373
07/09/2008,MHR,CA,AWP,WE,Federal Contract Tower,24,19,38,11,92,24,22,91,34,171,48,41,129,45,263,0,30,30,293
07/10/2008,MHR,CA,AWP,WE,Federal Contract Tower,22,24,39,12,97,22,34,64,24,144,44,58,103,36,241,12,28,40,281
07/11/2008,MHR,CA,AWP,WE,Federal Contract Tower,16,23,22,14,75,16,27,73,32,148,32,50,95,46,223,4,6,10,233
07/12/2008,MHR,CA,AWP,WE,Federal Contract Tower,8,7,12,6,33,8,10,44,12,74,16,17,56,18,107,56,0,56,163
07/13/2008,MHR,CA,AWP,WE,Federal Contract Tower,1,1,15,10,27,1,1,54,33,89,2,2,69,43,116,16,40,56,172
07/14/2008,MHR,CA,AWP,WE,Federal Contract Tower,8,18,18,16,60,8,30,104,40,182,16,48,122,56,242,76,39,115,357
07/15/2008,MHR,CA,AWP,WE,Federal Contract Tower,22,20,11,10,63,22,24,97,38,181,44,44,108,48,244,64,56,120,364
07/16/2008,MHR,CA,AWP,WE,Federal Contract Tower,22,26,23,12,83,22,39,98,35,194,44,65,121,47,277,118,52,170,447
07/17/2008,MHR,CA,AWP,WE,Federal Contract Tower,21,39,29,24,113,21,46,71,34,172,42,85,100,58,285,30,56,86,371
07/18/2008,MHR,CA,AWP,WE,Federal Contract Tower,18,31,32,2,83,18,44,90,21,173,36,75,122,23,256,102,20,122,378
07/19/2008,MHR,CA,AWP,WE,Federal Contract Tower,11,5,10,4,30,11,8,70,13,102,22,13,80,17,132,26,12,38,170
07/20/2008,MHR,CA,AWP,WE,Federal Contract Tower,1,0,15,0,16,1,0,74,4,79,2,0,89,4,95,70,0,70,165
07/21/2008,MHR,CA,AWP,WE,Federal Contract Tower,9,22,22,4,57,9,29,99,18,155,18,51,121,22,212,150,32,182,394
07/22/2008,MHR,CA,AWP,WE,Federal Contract Tower,24,25,58,9,116,24,34,146,38,242,48,59,204,47,358,94,54,148,506
07/23/2008,MHR,CA,AWP,WE,Federal Contract Tower,22,20,42,16,100,22,29,146,38,235,44,49,188,54,335,162,48,210,545
07/24/2008,MHR,CA,AWP,WE,Federal Contract Tower,23,29,35,8,95,23,32,84,27,166,46,61,119,35,261,108,52,160,421
07/25/2008,MHR,CA,AWP,WE,Federal Contract Tower,16,18,28,10,72,16,30,95,30,171,32,48,123,40,243,88,18,106,349
07/26/2008,MHR,CA,AWP,WE,Federal Contract Tower,8,7,22,3,40,8,8,70,5,91,16,15,92,8,131,8,18,26,157
07/27/2008,MHR,CA,AWP,WE,Federal Contract Tower,1,4,11,5,21,1,1,48,5,55,2,5,59,10,76,24,0,24,100
07/28/2008,MHR,CA,AWP,WE,Federal Contract Tower,9,24,14,5,52,9,30,112,15,166,18,54,126,20,218,98,8,106,324
07/29/2008,MHR,CA,AWP,WE,Federal Contract Tower,22,20,17,11,70,22,33,90,20,165,44,53,107,31,235,64,16,80,315
07/30/2008,MHR,CA,AWP,WE,Federal Contract Tower,22,15,10,4,51,23,57,94,6,180,45,72,104,10,231,110,28,138,369
07/31/2008,MHR,CA,AWP,WE,Federal Contract Tower,23,24,16,12,75,23,25,90,17,155,46,49,106,29,230,72,60,132,362
08/01/2008,MHR,CA,AWP,WE,Federal Contract Tower,16,18,17,1,52,16,28,86,0,130,32,46,103,1,182,54,12,66,248
08/02/2008,MHR,CA,AWP,WE,Federal Contract Tower,8,8,2,0,18,8,13,30,3,54,16,21,32,3,72,28,0,28,100
08/03/2008,MHR,CA,AWP,WE,Federal Contract Tower,2,3,18,0,23,2,4,72,4,82,4,7,90,4,105,0,0,0,105
08/04/2008,MHR,CA,AWP,WE,Federal Contract Tower,9,15,17,1,42,9,33,110,6,158,18,48,127,7,200,112,10,122,322
08/05/2008,MHR,CA,AWP,WE,Federal Contract Tower,20,19,34,13,86,20,30,61,33,144,40,49,95,46,230,50,16,66,296
08/06/2008,MHR,CA,AWP,WE,Federal Contract Tower,22,17,29,18,86,22,35,83,36,176,44,52,112,54,262,54,0,54,316
08/07/2008,MHR,CA,AWP,WE,Federal Contract Tower,21,21,24,17,83,21,33,102,37,193,42,54,126,54,276,148,86,234,510
08/08/2008,MHR,CA,AWP,WE,Federal Contract Tower,17,25,19,8,69,17,41,86,13,157,34,66,105,21,226,42,36,78,304
08/09/2008,MHR,CA,AWP,WE,Federal Contract Tower,8,5,6,0,19,8,2,48,4,62,16,7,54,4,81,28,10,38,119
08/10/2008,MHR,CA,AWP,WE,Federal Contract Tower,1,1,5,0,7,1,1,53,8,63,2,2,58,8,70,36,0,36,106
08/11/2008,MHR,CA,AWP,WE,Federal Contract Tower,8,15,19,12,54,8,25,93,37,163,16,40,112,49,217,84,50,134,351
08/12/2008,MHR,CA,AWP,WE,Federal Contract Tower,22,20,18,21,81,22,33,109,67,231,44,53,127,88,312,86,110,196,508
08/13/2008,MHR,CA,AWP,WE,Federal Contract Tower,23,21,24,7,75,23,26,118,31,198,46,47,142,38,273,80,20,100,373
08/14/2008,MHR,CA,AWP,WE,Federal Contract Tower,23,16,14,4,57,23,23,80,15,141,46,39,94,19,198,94,10,104,302
08/15/2008,MHR,CA,AWP,WE,Federal Contract Tower,16,18,9,1,44,16,35,68,7,126,32,53,77,8,170,50,0,50,220
08/16/2008,MHR,CA,AWP,WE,Federal Contract Tower,8,5,9,4,26,8,14,62,10,94,16,19,71,14,120,78,4,82,202
08/17/2008,MHR,CA,AWP,WE,Federal Contract Tower,1,4,8,0,13,1,8,56,4,69,2,12,64,4,82,12,0,12,94
08/18/2008,MHR,CA,AWP,WE,Federal Contract Tower,8,17,43,12,80,8,22,163,24,217,16,39,206,36,297,140,34,174,471
08/19/2008,MHR,CA,AWP,WE,Federal Contract Tower,22,20,17,1,60,22,56,95,18,191,44,76,112,19,251,106,0,106,357
08/20/2008,MHR,CA,AWP,WE,Federal Contract Tower,22,18,15,8,63,22,25,113,27,187,44,43,128,35,250,86,38,124,374
08/21/2008,MHR,CA,AWP,WE,Federal Contract Tower,20,20,12,14,66,20,24,88,37,169,40,44,100,51,235,92,40,132,367
08/22/2008,MHR,CA,AWP,WE,Federal Contract Tower,17,16,16,16,65,17,25,75,21,138,34,41,91,37,203,78,86,164,367
08/23/2008,MHR,CA,AWP,WE,Federal Contract Tower,9,3,10,4,26,9,6,50,0,65,18,9,60,4,91,30,24,54,145
08/24/2008,MHR,CA,AWP,WE,Federal Contract Tower,1,1,9,3,14,1,2,49,3,55,2,3,58,6,69,6,8,14,83
08/25/2008,MHR,CA,AWP,WE,Federal Contract Tower,8,16,18,7,49,8,31,98,22,159,16,47,116,29,208,68,12,80,288
08/26/2008,MHR,CA,AWP,WE,Federal Contract Tower,22,16,30,13,81,22,27,123,35,207,44,43,153,48,288,72,4,76,364
08/27/2008,MHR,CA,AWP,WE,Federal Contract Tower,23,18,8,13,62,23,28,98,37,186,46,46,106,50,248,61,88,149,397
08/28/2008,MHR,CA,AWP,WE,Federal Contract Tower,24,13,9,21,67,24,26,84,40,174,48,39,93,61,241,112,50,162,403
08/29/2008,MHR,CA,AWP,WE,Federal Contract Tower,17,11,1,3,32,17,25,41,3,86,34,36,42,6,118,56,0,56,174
08/30/2008,MHR,CA,AWP,WE,Federal Contract Tower,7,2,8,4,21,7,6,54,4,71,14,8,62,8,92,12,0,12,104
08/31/2008,MHR,CA,AWP,WE,Federal Contract Tower,1,2,5,2,10,1,2,30,3,36,2,4,35,5,46,16,8,24,70
09/01/2008,MHR,CA,AWP,WE,Federal Contract Tower,0,3,3,3,9,0,3,36,4,43,0,6,39,7,52,0,58,58,110
09/02/2008,MHR,CA,AWP,WE,Federal Contract Tower,10,19,34,10,73,10,30,137,22,199,20,49,171,32,272,144,2,146,418
09/03/2008,MHR,CA,AWP,WE,Federal Contract Tower,22,26,34,0,82,22,29,130,0,181,44,55,164,0,263,136,0,136,399
09/04/2008,MHR,CA,AWP,WE,Federal Contract Tower,22,17,29,7,75,22,19,110,32,183,44,36,139,39,258,44,24,68,326
09/05/2008,MHR,CA,AWP,WE,Federal Contract Tower,17,19,14,8,58,17,24,78,15,134,34,43,92,23,192,100,0,100,292
09/06/2008,MHR,CA,AWP,WE,Federal Contract Tower,9,0,10,2,21,9,16,38,5,68,18,16,48,7,89,30,0,30,119
09/07/2008,MHR,CA,AWP,WE,Federal Contract Tower,1,0,12,1,14,1,0,80,3,84,2,0,92,4,98,10,0,10,108
09/08/2008,MHR,CA,AWP,WE,Federal Contract Tower,8,19,16,13,56,8,25,83,22,138,16,44,99,35,194,44,42,86,280
09/09/2008,MHR,CA,AWP,WE,Federal Contract Tower,21,22,20,12,75,21,30,111,32,194,42,52,131,44,269,130,46,176,445
09/10/2008,MHR,CA,AWP,WE,Federal Contract Tower,24,20,15,14,73,24,57,65,31,177,48,77,80,45,250,70,90,160,410
09/11/2008,MHR,CA,AWP,WE,Federal Contract Tower,21,12,11,12,56,21,23,93,0,137,42,35,104,12,193,142,12,154,347
09/12/2008,MHR,CA,AWP,WE,Federal Contract Tower,16,18,17,13,64,16,27,92,40,175,32,45,109,53,239,130,34,164,403
09/13/2008,MHR,CA,AWP,WE,Federal Contract Tower,8,0,4,5,17,8,4,70,9,91,16,4,74,14,108,26,0,26,134
09/14/2008,MHR,CA,AWP,WE,Federal Contract Tower,2,1,2,0,5,2,0,25,3,30,4,1,27,3,35,24,0,24,59
09/15/2008,MHR,CA,AWP,WE,Federal Contract Tower,8,16,34,6,64,8,30,139,21,198,16,46,173,27,262,206,20,226,488
09/16/2008,MHR,CA,AWP,WE,Federal Contract Tower,22,19,29,5,75,22,46,120,23,211,44,65,149,28,286,116,74,190,476
09/17/2008,MHR,CA,AWP,WE,Federal Contract Tower,21,15,22,0,58,21,47,106,9,183,42,62,128,9,241,140,36,176,417
09/18/2008,MHR,CA,AWP,WE,Federal Contract Tower,24,15,29,8,76,24,23,103,26,176,48,38,132,34,252,76,28,104,356
09/19/2008,MHR,CA,AWP,WE,Federal Contract Tower,16,25,14,6,61,16,35,91,7,149,32,60,105,13,210,66,4,70,280
09/20/2008,MHR,CA,AWP,WE,Federal Contract Tower,8,4,11,0,23,8,4,45,0,57,16,8,56,0,80,24,0,24,104
09/21/2008,MHR,CA,AWP,WE,Federal Contract Tower,1,3,9,0,13,1,3,65,1,70,2,6,74,1,83,0,0,0,83
09/22/2008,MHR,CA,AWP,WE,Federal Contract Tower,8,16,14,12,50,8,32,88,26,154,16,48,102,38,204,52,52,104,308
09/23/2008,MHR,CA,AWP,WE,Federal Contract Tower,23,18,19,6,66,23,29,102,12,166,46,47,121,18,232,36,14,50,282
09/24/2008,MHR,CA,AWP,WE,Federal Contract Tower,24,21,21,2,68,24,35,115,10,184,48,56,136,12,252,58,22,80,332
09/25/2008,MHR,CA,AWP,WE,Federal Contract Tower,26,23,22,9,80,26,36,96,23,181,52,59,118,32,261,42,22,64,325
09/26/2008,MHR,CA,AWP,WE,Federal Contract Tower,17,16,12,7,52,17,26,69,17,129,34,42,81,24,181,50,28,78,259
09/27/2008,MHR,CA,AWP,WE,Federal Contract Tower,8,6,11,5,30,8,12,38,3,61,16,18,49,8,91,6,0,6,97
09/28/2008,MHR,CA,AWP,WE,Federal Contract Tower,1,4,4,2,11,1,4,53,0,58,2,8,57,2,69,14,2,16,85
09/29/2008,MHR,CA,AWP,WE,Federal Contract Tower,9,19,15,5,48,9,28,145,19,201,18,47,160,24,249,12,24,36,285
09/30/2008,MHR,CA,AWP,WE,Federal Contract Tower,22,19,11,0,52,22,36,111,17,186,44,55,122,17,238,44,20,64,302
10/01/2008,MHR,CA,AWP,WE,Federal Contract Tower,22,17,21,0,60,22,28,133,30,213,44,45,154,30,273,138,10,148,421
10/02/2008,MHR,CA,AWP,WE,Federal Contract Tower,22,24,14,5,65,22,31,86,34,173,44,55,100,39,238,60,40,100,338
10/03/2008,MHR,CA,AWP,WE,Federal Contract Tower,17,25,19,3,64,17,33,79,14,143,34,58,98,17,207,72,40,112,319
10/04/2008,MHR,CA,AWP,WE,Federal Contract Tower,9,5,12,11,37,9,8,42,13,72,18,13,54,24,109,20,4,24,133
10/05/2008,MHR,CA,AWP,WE,Federal Contract Tower,1,6,6,2,15,1,13,55,3,72,2,19,61,5,87,34,0,34,121
10/06/2008,MHR,CA,AWP,WE,Federal Contract Tower,9,19,25,3,56,9,31,112,9,161,18,50,137,12,217,56,0,56,273
10/07/2008,MHR,CA,AWP,WE,Federal Contract Tower,21,16,43,5,85,21,28,108,7,164,42,44,151,12,249,12,0,12,261
10/08/2008,MHR,CA,AWP,WE,Federal Contract Tower,19,18,38,7,82,19,23,122,32,196,38,41,160,39,278,80,22,102,380
10/09/2008,MHR,CA,AWP,WE,Federal Contract Tower,22,14,14,3,53,22,28,64,9,123,44,42,78,12,176,20,0,20,196
10/10/2008,MHR,CA,AWP,WE,Federal Contract Tower,16,23,14,0,53,16,35,55,22,128,32,58,69,22,181,8,0,8,189
10/11/2008,MHR,CA,AWP,WE,Federal Contract Tower,8,4,6,0,18,8,9,45,15,77,16,13,51,15,95,0,0,0,95
10/12/2008,MHR,CA,AWP,WE,Federal Contract Tower,1,2,8,2,13,1,2,38,3,44,2,4,46,5,57,24,0,24,81
10/13/2008,MHR,CA,AWP,WE,Federal Contract Tower,10,21,7,1,39,10,32,78,1,121,20,53,85,2,160,12,0,12,172
10/14/2008,MHR,CA,AWP,WE,Federal Contract Tower,20,17,15,4,56,20,25,62,11,118,40,42,77,15,174,37,24,61,235
10/15/2008,MHR,CA,AWP,WE,Federal Contract Tower,24,29,11,5,69,24,43,74,1,142,48,72,85,6,211,14,12,26,237
10/16/2008,MHR,CA,AWP,WE,Federal Contract Tower,21,32,27,7,87,21,38,84,28,171,42,70,111,35,258,14,24,38,296
10/17/2008,MHR,CA,AWP,WE,Federal Contract Tower,16,18,16,9,59,16,30,97,17,160,32,48,113,26,219,18,16,34,253
10/18/2008,MHR,CA,AWP,WE,Federal Contract Tower,10,3,14,2,29,10,5,68,3,86,20,8,82,5,115,20,0,20,135
10/19/2008,MHR,CA,AWP,WE,Federal Contract Tower,1,1,14,6,22,1,1,67,8,77,2,2,81,14,99,46,2,48,147
10/20/2008,MHR,CA,AWP,WE,Federal Contract Tower,8,18,24,7,57,8,29,120,11,168,16,47,144,18,225,52,12,64,289
10/21/2008,MHR,CA,AWP,WE,Federal Contract Tower,22,22,41,13,98,22,29,143,30,224,44,51,184,43,322,34,46,80,402
10/22/2008,MHR,CA,AWP,WE,Federal Contract Tower,25,20,18,3,66,25,29,103,21,178,50,49,121,24,244,14,14,28,272
10/23/2008,MHR,CA,AWP,WE,Federal Contract Tower,24,23,41,11,99,24,29,143,23,219,48,52,184,34,318,60,70,130,448
10/24/2008,MHR,CA,AWP,WE,Federal Contract Tower,19,19,17,4,59,19,30,85,13,147,38,49,102,17,206,2,26,28,234
10/25/2008,MHR,CA,AWP,WE,Federal Contract Tower,8,3,16,5,32,8,9,83,8,108,16,12,99,13,140,6,0,6,146
10/26/2008,MHR,CA,AWP,WE,Federal Contract Tower,1,1,14,0,16,1,1,80,0,82,2,2,94,0,98,12,0,12,110
10/27/2008,MHR,CA,AWP,WE,Federal Contract Tower,7,15,22,8,52,7,26,103,16,152,14,41,125,24,204,80,28,108,312
10/28/2008,MHR,CA,AWP,WE,Federal Contract Tower,21,19,25,6,71,21,29,90,11,151,42,48,115,17,222,66,10,76,298
10/29/2008,MHR,CA,AWP,WE,Federal Contract Tower,23,20,20,9,72,23,27,110,15,175,46,47,130,24,247,66,16,82,329
10/30/2008,MHR,CA,AWP,WE,Federal Contract Tower,25,30,25,5,85,25,31,85,23,164,50,61,110,28,249,18,58,76,325
10/31/2008,MHR,CA,AWP,WE,Federal Contract Tower,16,17,11,0,44,16,23,45,6,90,32,40,56,6,134,46,0,46,180
11/01/2008,MHR,CA,AWP,WE,Federal Contract Tower,8,6,9,0,23,8,6,21,2,37,16,12,30,2,60,2,4,6,66
11/02/2008,MHR,CA,AWP,WE,Federal Contract Tower,1,0,14,5,20,1,0,52,7,60,2,0,66,12,80,16,0,16,96
11/03/2008,MHR,CA,AWP,WE,Federal Contract Tower,8,29,31,8,76,8,30,65,21,124,16,59,96,29,200,16,38,54,254
11/04/2008,MHR,CA,AWP,WE,Federal Contract Tower,21,20,19,7,67,21,21,73,18,133,42,41,92,25,200,14,16,30,230
11/05/2008,MHR,CA,AWP,WE,Federal Contract Tower,19,15,8,14,56,19,33,73,35,160,38,48,81,49,216,26,64,90,306
11/06/2008,MHR,CA,AWP,WE,Federal Contract Tower,22,19,20,5,66,22,25,113,21,181,44,44,133,26,247,6,60,66,313
11/07/2008,MHR,CA,AWP,WE,Federal Contract Tower,17,33,38,0,88,17,50,138,0,205,34,83,176,0,293,34,0,34,327
11/08/2008,MHR,CA,AWP,WE,Federal Contract Tower,7,7,1,0,15,6,9,42,9,66,13,16,43,9,81,24,0,24,105
11/09/2008,MHR,CA,AWP,WE,Federal Contract Tower,1,2,7,0,10,1,2,49,8,60,2,4,56,8,70,14,26,40,110
11/10/2008,MHR,CA,AWP,WE,Federal Contract Tower,7,19,12,4,42,7,32,84,10,133,14,51,96,14,175,4,0,4,179
11/11/2008,MHR,CA,AWP,WE,Federal Contract Tower,16,17,19,5,57,16,33,75,4,128,32,50,94,9,185,0,26,26,211
11/12/2008,MHR,CA,AWP,WE,Federal Contract Tower,19,19,18,11,67,19,27,105,31,182,38,46,123,42,249,46,42,88,337
11/13/2008,MHR,CA,AWP,WE,Federal Contract Tower,18,22,16,12,68,18,38,86,22,164,36,60,102,34,232,48,106,154,386
11/14/2008,MHR,CA,AWP,WE,Federal Contract Tower,19,29,9,10,67,19,35,88,22,164,38,64,97,32,231,50,38,88,319
11/15/2008,MHR,CA,AWP,WE,Federal Contract Tower,8,3,8,4,23,8,6,51,4,69,16,9,59,8,92,10,0,10,102
11/16/2008,MHR,CA,AWP,WE,Federal Contract Tower,1,0,13,1,15,1,0,66,1,68,2,0,79,2,83,62,0,62,145
11/17/2008,MHR,CA,AWP,WE,Federal Contract Tower,8,27,15,5,55,8,37,89,10,144,16,64,104,15,199,14,20,34,233
11/18/2008,MHR,CA,AWP,WE,Federal Contract Tower,21,15,23,0,59,21,20,95,24,160,42,35,118,24,219,46,52,98,317
11/19/2008,MHR,CA,AWP,WE,Federal Contract Tower,17,22,16,5,60,17,28,61,12,118,34,50,77,17,178,34,38,72,250
11/20/2008,MHR,CA,AWP,WE,Federal Contract Tower,20,25,26,16,87,20,29,100,34,183,40,54,126,50,270,32,94,126,396
11/21/2008,MHR,CA,AWP,WE,Federal Contract Tower,17,16,33,7,73,17,30,104,7,158,34,46,137,14,231,34,4,38,269
11/22/2008,MHR,CA,AWP,WE,Federal Contract Tower,6,5,14,0,25,5,6,54,0,65,11,11,68,0,90,22,0,22,112
11/23/2008,MHR,CA,AWP,WE,Federal Contract Tower,1,1,15,2,19,1,1,55,8,65,2,2,70,10,84,20,0,20,104
11/24/2008,MHR,CA,AWP,WE,Federal Contract Tower,7,12,18,3,40,7,23,61,4,95,14,35,79,7,135,10,4,14,149
11/25/2008,MHR,CA,AWP,WE,Federal Contract Tower,21,11,34,9,75,21,26,88,23,158,42,37,122,32,233,96,44,140,373
11/26/2008,MHR,CA,AWP,WE,Federal Contract Tower,23,19,26,2,70,25,22,37,2,86,48,41,63,4,156,0,0,0,156
11/27/2008,MHR,CA,AWP,WE,Federal Contract Tower,2,0,12,0,14,2,0,14,0,16,4,0,26,0,30,2,0,2,32
11/28/2008,MHR,CA,AWP,WE,Federal Contract Tower,14,15,17,0,46,14,20,32,0,66,28,35,49,0,112,6,0,6,118
11/29/2008,MHR,CA,AWP,WE,Federal Contract Tower,6,2,13,0,21,5,5,45,0,55,11,7,58,0,76,12,0,12,88
11/30/2008,MHR,CA,AWP,WE,Federal Contract Tower,1,2,15,0,18,1,1,35,0,37,2,3,50,0,55,0,0,0,55
12/01/2008,MHR,CA,AWP,WE,Federal Contract Tower,3,11,37,1,52,3,36,48,1,88,6,47,85,2,140,6,12,18,158
12/02/2008,MHR,CA,AWP,WE,Federal Contract Tower,21,39,52,1,113,21,39,56,2,118,42,78,108,3,231,0,0,0,231
12/03/2008,MHR,CA,AWP,WE,Federal Contract Tower,24,41,37,22,124,24,34,75,30,163,48,75,112,52,287,20,20,40,327
12/04/2008,MHR,CA,AWP,WE,Federal Contract Tower,27,36,32,11,106,27,37,57,20,141,54,73,89,31,247,10,8,18,265
12/05/2008,MHR,CA,AWP,WE,Federal Contract Tower,22,33,53,5,113,22,42,95,7,166,44,75,148,12,279,40,16,56,335
12/06/2008,MHR,CA,AWP,WE,Federal Contract Tower,1,4,10,0,15,1,4,15,0,20,2,8,25,0,35,0,0,0,35
12/07/2008,MHR,CA,AWP,WE,Federal Contract Tower,2,0,25,0,27,2,0,25,0,27,4,0,50,0,54,0,0,0,54
12/08/2008,MHR,CA,AWP,WE,Federal Contract Tower,8,28,27,11,74,8,30,35,16,89,16,58,62,27,163,0,0,0,163
12/09/2008,MHR,CA,AWP,WE,Federal Contract Tower,24,23,53,0,100,24,22,97,8,151,48,45,150,8,251,4,10,14,265
12/10/2008,MHR,CA,AWP,WE,Federal Contract Tower,25,27,48,22,122,25,40,117,20,202,50,67,165,42,324,28,14,42,366
12/11/2008,MHR,CA,AWP,WE,Federal Contract Tower,22,27,35,9,93,22,36,90,24,172,44,63,125,33,265,74,36,110,375
12/12/2008,MHR,CA,AWP,WE,Federal Contract Tower,22,33,22,3,80,22,48,38,9,117,44,81,60,12,197,0,18,18,215
12/13/2008,MHR,CA,AWP,WE,Federal Contract Tower,4,1,10,0,15,4,5,70,0,79,8,6,80,0,94,16,0,16,110
12/14/2008,MHR,CA,AWP,WE,Federal Contract Tower,3,1,9,2,15,3,0,26,2,31,6,1,35,4,46,0,0,0,46
12/15/2008,MHR,CA,AWP,WE,Federal Contract Tower,8,23,22,12,65,8,35,38,23,104,16,58,60,35,169,0,10,10,179
12/16/2008,MHR,CA,AWP,WE,Federal Contract Tower,38,32,23,0,93,38,39,38,0,115,76,71,61,0,208,0,0,0,208
12/17/2008,MHR,CA,AWP,WE,Federal Contract Tower,37,24,19,17,97,37,35,96,31,199,74,59,115,48,296,80,130,210,506
12/18/2008,MHR,CA,AWP,WE,Federal Contract Tower,40,29,23,7,99,40,37,80,20,177,80,66,103,27,276,56,44,100,376
12/19/2008,MHR,CA,AWP,WE,Federal Contract Tower,22,27,18,11,78,22,39,50,28,139,44,66,68,39,217,14,18,32,249
12/20/2008,MHR,CA,AWP,WE,Federal Contract Tower,5,7,20,0,32,5,10,110,0,125,10,17,130,0,157,0,0,0,157
12/21/2008,MHR,CA,AWP,WE,Federal Contract Tower,5,1,10,0,16,5,1,17,0,23,10,2,27,0,39,0,4,4,43
12/22/2008,MHR,CA,AWP,WE,Federal Contract Tower,13,14,27,12,66,13,21,94,26,154,26,35,121,38,220,8,30,38,258
12/23/2008,MHR,CA,AWP,WE,Federal Contract Tower,34,17,33,4,88,34,34,106,0,174,68,51,139,4,262,40,64,104,366
12/24/2008,MHR,CA,AWP,WE,Federal Contract Tower,18,38,2,4,62,18,39,26,6,89,36,77,28,10,151,0,12,12,163
12/25/2008,MHR,CA,AWP,WE,Federal Contract Tower,0,1,0,0,1,0,1,1,0,2,0,2,1,0,3,0,0,0,3
12/26/2008,MHR,CA,AWP,WE,Federal Contract Tower,8,12,10,5,35,8,27,73,6,114,16,39,83,11,149,0,6,6,155
12/27/2008,MHR,CA,AWP,WE,Federal Contract Tower,1,7,12,0,20,1,10,42,0,53,2,17,54,0,73,0,0,0,73
12/28/2008,MHR,CA,AWP,WE,Federal Contract Tower,2,0,2,1,5,2,0,66,2,70,4,0,68,3,75,22,4,26,101
12/29/2008,MHR,CA,AWP,WE,Federal Contract Tower,6,13,21,7,47,6,21,60,8,95,12,34,81,15,142,24,0,24,166
12/30/2008,MHR,CA,AWP,WE,Federal Contract Tower,0,13,14,3,30,0,13,24,3,40,0,26,38,6,70,0,0,0,70
12/31/2008,MHR,CA,AWP,WE,Federal Contract Tower,5,15,11,4,35,5,15,14,4,38,10,30,25,8,73,0,0,0,73
01/01/2009,MHR,CA,AWP,WE,Federal Contract Tower,0,1,8,0,9,0,1,10,0,11,0,2,18,0,20,0,0,0,20
01/02/2009,MHR,CA,AWP,WE,Federal Contract Tower,9,14,2,0,25,9,14,3,0,26,18,28,5,0,51,0,0,0,51
01/03/2009,MHR,CA,AWP,WE,Federal Contract Tower,3,7,5,0,15,3,7,41,0,51,6,14,46,0,66,10,0,10,76
01/04/2009,MHR,CA,AWP,WE,Federal Contract Tower,1,2,4,1,8,1,3,15,1,20,2,5,19,2,28,10,0,10,38
01/05/2009,MHR,CA,AWP,WE,Federal Contract Tower,6,21,18,31,76,7,21,41,62,131,13,42,59,93,207,0,32,32,239
01/06/2009,MHR,CA,AWP,WE,Federal Contract Tower,13,26,71,5,115,13,28,116,0,157,26,54,187,5,272,86,28,114,386
01/07/2009,MHR,CA,AWP,WE,Federal Contract Tower,14,32,79,3,128,14,32,114,7,167,28,64,193,10,295,2,10,12,307
01/08/2009,MHR,CA,AWP,WE,Federal Contract Tower,14,26,52,4,96,14,26,81,6,127,28,52,133,10,223,0,0,0,223
01/09/2009,MHR,CA,AWP,WE,Federal Contract Tower,7,18,12,3,40,7,18,77,6,108,14,36,89,9,148,38,0,38,186
01/10/2009,MHR,CA,AWP,WE,Federal Contract Tower,5,5,3,2,15,5,8,87,14,114,10,13,90,16,129,10,10,20,149
01/11/2009,MHR,CA,AWP,WE,Federal Contract Tower,1,2,10,2,15,1,2,89,9,101,2,4,99,11,116,32,0,32,148
01/12/2009,MHR,CA,AWP,WE,Federal Contract Tower,5,25,19,8,57,5,31,114,21,171,10,56,133,29,228,106,46,152,380
01/13/2009,MHR,CA,AWP,WE,Federal Contract Tower,11,27,53,8,99,11,43,151,0,205,22,70,204,8,304,130,34,164,468
01/14/2009,MHR,CA,AWP,WE,Federal Contract Tower,16,21,30,6,73,16,27,123,36,202,32,48,153,42,275,78,10,88,363
01/15/2009,MHR,CA,AWP,WE,Federal Contract Tower,15,20,16,7,58,15,33,95,27,170,30,53,111,34,228,104,30,134,362
01/16/2009,MHR,CA,AWP,WE,Federal Contract Tower,10,16,13,0,39,10,26,126,7,169,20,42,139,7,208,144,6,150,358
01/17/2009,MHR,CA,AWP,WE,Federal Contract Tower,3,1,2,1,7,3,4,58,1,66,6,5,60,2,73,34,0,34,107
01/18/2009,MHR,CA,AWP,WE,Federal Contract Tower,1,0,3,0,4,1,0,56,0,57,2,0,59,0,61,16,0,16,77
01/19/2009,MHR,CA,AWP,WE,Federal Contract Tower,5,20,15,2,42,5,27,112,3,147,10,47,127,5,189,22,0,22,211
01/20/2009,MHR,CA,AWP,WE,Federal Contract Tower,17,22,22,19,80,17,20,111,30,178,34,42,133,49,258,80,76,156,414
01/21/2009,MHR,CA,AWP,WE,Federal Contract Tower,14,27,27,11,79,14,30,120,23,187,28,57,147,34,266,118,32,150,416
01/22/2009,MHR,CA,AWP,WE,Federal Contract Tower,14,29,40,2,85,14,29,45,3,91,28,58,85,5,176,0,0,0,176
01/23/2009,MHR,CA,AWP,WE,Federal Contract Tower,11,29,28,15,83,11,31,31,26,99,22,60,59,41,182,0,0,0,182
01/24/2009,MHR,CA,AWP,WE,Federal Contract Tower,2,10,2,0,14,2,15,27,0,44,4,25,29,0,58,0,0,0,58
01/25/2009,MHR,CA,AWP,WE,Federal Contract Tower,1,1,4,1,7,1,1,20,1,23,2,2,24,2,30,8,0,8,38
01/26/2009,MHR,CA,AWP,WE,Federal Contract Tower,9,19,29,3,60,9,37,78,4,128,18,56,107,7,188,46,34,80,268
01/27/2009,MHR,CA,AWP,WE,Federal Contract Tower,13,18,19,12,62,13,28,84,23,148,26,46,103,35,210,86,66,152,362
01/28/2009,MHR,CA,AWP,WE,Federal Contract Tower,15,23,26,13,77,15,41,64,24,144,30,64,90,37,221,40,62,102,323
01/29/2009,MHR,CA,AWP,WE,Federal Contract Tower,15,33,21,15,84,15,40,104,39,198,30,73,125,54,282,8,54,62,344
01/30/2009,MHR,CA,AWP,WE,Federal Contract Tower,12,18,18,6,54,12,31,94,14,151,24,49,112,20,205,22,20,42,247
01/31/2009,MHR,CA,AWP,WE,Federal Contract Tower,3,1,4,0,8,3,4,97,1,105,6,5,101,1,113,0,0,0,113
02/01/2009,MHR,CA,AWP,WE,Federal Contract Tower,1,0,8,0,9,1,0,68,0,69,2,0,76,0,78,12,0,12,90
02/02/2009,MHR,CA,AWP,WE,Federal Contract Tower,5,18,48,8,79,5,30,156,20,211,10,48,204,28,290,94,44,138,428
02/03/2009,MHR,CA,AWP,WE,Federal Contract Tower,16,14,24,8,62,16,22,131,16,185,32,36,155,24,247,154,28,182,429
02/04/2009,MHR,CA,AWP,WE,Federal Contract Tower,17,18,36,21,92,17,30,106,43,196,34,48,142,64,288,34,58,92,380
02/05/2009,MHR,CA,AWP,WE,Federal Contract Tower,13,30,40,13,96,13,37,75,20,145,26,67,115,33,241,26,66,92,333
02/06/2009,MHR,CA,AWP,WE,Federal Contract Tower,10,26,24,4,64,10,28,67,15,120,20,54,91,19,184,0,8,8,192
02/07/2009,MHR,CA,AWP,WE,Federal Contract Tower,3,2,16,5,26,3,4,65,15,87,6,6,81,20,113,16,14,30,143
02/08/2009,MHR,CA,AWP,WE,Federal Contract Tower,1,0,15,2,18,1,0,29,5,35,2,0,44,7,53,0,0,0,53
02/09/2009,MHR,CA,AWP,WE,Federal Contract Tower,6,20,18,10,54,6,26,82,19,133,12,46,100,29,187,98,22,120,307
02/10/2009,MHR,CA,AWP,WE,Federal Contract Tower,17,19,21,11,68,17,26,74,19,136,34,45,95,30,204,22,38,60,264
02/11/2009,MHR,CA,AWP,WE,Federal Contract Tower,14,27,22,1,64,14,31,69,18,132,28,58,91,19,196,0,16,16,212
02/12/2009,MHR,CA,AWP,WE,Federal Contract Tower,15,29,34,24,102,15,37,69,35,156,30,66,103,59,258,62,12,74,332
02/13/2009,MHR,CA,AWP,WE,Federal Contract Tower,11,16,32,0,59,11,18,54,1,84,22,34,86,1,143,0,0,0,143
02/14/2009,MHR,CA,AWP,WE,Federal Contract Tower,4,3,1,1,9,2,6,18,1,27,6,9,19,2,36,2,0,2,38
02/15/2009,MHR,CA,AWP,WE,Federal Contract Tower,2,0,0,0,2,2,0,4,0,6,4,0,4,0,8,0,0,0,8
02/16/2009,MHR,CA,AWP,WE,Federal Contract Tower,5,11,12,0,28,5,11,30,0,46,10,22,42,0,74,4,0,4,78
02/17/2009,MHR,CA,AWP,WE,Federal Contract Tower,14,28,7,0,49,14,28,14,0,56,28,56,21,0,105,0,0,0,105
02/18/2009,MHR,CA,AWP,WE,Federal Contract Tower,15,24,55,13,107,15,29,124,26,194,30,53,179,39,301,62,68,130,431
02/19/2009,MHR,CA,AWP,WE,Federal Contract Tower,15,18,26,22,81,15,26,87,26,154,30,44,113,48,235,78,84,162,397
02/20/2009,MHR,CA,AWP,WE,Federal Contract Tower,11,17,34,3,65,11,36,148,20,215,22,53,182,23,280,120,32,152,432
02/21/2009,MHR,CA,AWP,WE,Federal Contract Tower,3,6,5,1,15,3,12,62,9,86,6,18,67,10,101,84,0,84,185
02/22/2009,MHR,CA,AWP,WE,Federal Contract Tower,1,1,5,3,10,1,1,6,3,11,2,2,11,6,21,0,0,0,21
02/23/2009,MHR,CA,AWP,WE,Federal Contract Tower,4,30,21,26,81,4,35,41,50,130,8,65,62,76,211,0,20,20,231
02/24/2009,MHR,CA,AWP,WE,Federal Contract Tower,16,20,35,8,79,16,21,88,26,151,32,41,123,34,230,96,14,110,340
02/25/2009,MHR,CA,AWP,WE,Federal Contract Tower,15,20,54,22,111,15,26,96,34,171,30,46,150,56,282,96,54,150,432
02/26/2009,MHR,CA,AWP,WE,Federal Contract Tower,14,26,25,8,73,14,26,68,15,123,28,52,93,23,196,73,8,81,277
02/27/2009,MHR,CA,AWP,WE,Federal Contract Tower,9,19,15,4,47,9,33,107,11,160,18,52,122,15,207,34,42,76,283
02/28/2009,MHR,CA,AWP,WE,Federal Contract Tower,4,2,8,9,23,0,0,0,0,0,4,2,8,9,23,14,44,58,81
03/01/2009,MHR,CA,AWP,WE,Federal Contract Tower,1,0,6,1,8,1,0,12,1,14,2,0,18,2,22,0,0,0,22
03/02/2009,MHR,CA,AWP,WE,Federal Contract Tower,5,24,26,6,61,5,25,68,14,112,10,49,94,20,173,36,38,74,247
03/03/2009,MHR,CA,AWP,WE,Federal Contract Tower,14,21,7,9,51,14,21,11,14,60,28,42,18,23,111,0,0,0,111
03/04/2009,MHR,CA,AWP,WE,Federal Contract Tower,15,19,30,8,72,15,25,58,21,119,30,44,88,29,191,6,46,52,243
03/05/2009,MHR,CA,AWP,WE,Federal Contract Tower,15,18,38,17,88,15,27,109,35,186,30,45,147,52,274,168,54,222,496
03/06/2009,MHR,CA,AWP,WE,Federal Contract Tower,12,20,31,27,90,12,28,103,47,190,24,48,134,74,280,74,36,110,390
03/07/2009,MHR,CA,AWP,WE,Federal Contract Tower,3,2,10,5,20,3,3,49,13,68,6,5,59,18,88,18,0,18,106
03/08/2009,MHR,CA,AWP,WE,Federal Contract Tower,1,0,3,1,5,1,0,61,2,64,2,0,64,3,69,6,0,6,75
03/09/2009,MHR,CA,AWP,WE,Federal Contract Tower,5,14,22,5,46,5,24,118,6,153,10,38,140,11,199,42,22,64,263
03/10/2009,MHR,CA,AWP,WE,Federal Contract Tower,15,19,24,12,70,15,27,108,19,169,30,46,132,31,239,54,38,92,331
03/11/2009,MHR,CA,AWP,WE,Federal Contract Tower,12,14,64,11,101,12,22,157,21,212,24,36,221,32,313,54,34,88,401
03/12/2009,MHR,CA,AWP,WE,Federal Contract Tower,16,11,16,9,52,16,25,82,23,146,32,36,98,32,198,88,36,124,322
03/13/2009,MHR,CA,AWP,WE,Federal Contract Tower,12,22,27,7,68,12,35,133,14,194,24,57,160,21,262,98,14,112,374
03/14/2009,MHR,CA,AWP,WE,Federal Contract Tower,3,1,6,2,12,3,5,64,3,75,6,6,70,5,87,22,4,26,113
03/15/2009,MHR,CA,AWP,WE,Federal Contract Tower,1,4,10,4,19,1,4,34,12,51,2,8,44,16,70,0,28,28,98
03/16/2009,MHR,CA,AWP,WE,Federal Contract Tower,6,18,22,6,52,6,24,86,14,130,12,42,108,20,182,22,22,44,226
03/17/2009,MHR,CA,AWP,WE,Federal Contract Tower,17,21,32,13,83,17,30,91,23,161,34,51,123,36,244,60,42,102,346
03/18/2009,MHR,CA,AWP,WE,Federal Contract Tower,13,16,21,3,53,13,29,89,8,139,26,45,110,11,192,46,0,46,238
03/19/2009,MHR,CA,AWP,WE,Federal Contract Tower,15,20,19,7,61,15,32,110,14,171,30,52,129,21,232,74,34,108,340
03/20/2009,MHR,CA,AWP,WE,Federal Contract Tower,10,19,18,5,52,10,36,89,8,143,20,55,107,13,195,74,6,80,275
03/21/2009,MHR,CA,AWP,WE,Federal Contract Tower,3,4,3,0,10,3,4,19,1,27,6,8,22,1,37,0,0,0,37
03/22/2009,MHR,CA,AWP,WE,Federal Contract Tower,0,0,1,0,1,0,0,30,2,32,0,0,31,2,33,0,8,8,41
03/23/2009,MHR,CA,AWP,WE,Federal Contract Tower,6,18,14,5,43,6,26,102,15,149,12,44,116,20,192,46,64,110,302
03/24/2009,MHR,CA,AWP,WE,Federal Contract Tower,14,21,24,0,59,14,28,100,10,152,28,49,124,10,211,30,32,62,273
03/25/2009,MHR,CA,AWP,WE,Federal Contract Tower,14,11,44,7,76,14,26,148,22,210,28,37,192,29,286,94,28,122,408
03/26/2009,MHR,CA,AWP,WE,Federal Contract Tower,14,27,29,13,83,14,46,72,32,164,28,73,101,45,247,50,94,144,391
03/27/2009,MHR,CA,AWP,WE,Federal Contract Tower,8,19,17,8,52,8,27,114,19,168,16,46,131,27,220,58,38,96,316
03/28/2009,MHR,CA,AWP,WE,Federal Contract Tower,3,0,4,1,8,3,4,93,2,102,6,4,97,3,110,52,0,52,162
03/29/2009,MHR,CA,AWP,WE,Federal Contract Tower,0,2,4,2,8,0,2,49,2,53,0,4,53,4,61,6,0,6,67
03/30/2009,MHR,CA,AWP,WE,Federal Contract Tower,6,17,40,0,63,6,23,61,0,90,12,40,101,0,153,8,0,8,161
03/31/2009,MHR,CA,AWP,WE,Federal Contract Tower,12,11,39,7,69,12,26,129,22,189,24,37,168,29,258,92,52,144,402
04/01/2009,MHR,CA,AWP,WE,Federal Contract Tower,16,11,18,6,51,16,28,73,14,131,32,39,91,20,182,18,20,38,220
04/02/2009,MHR,CA,AWP,WE,Federal Contract Tower,16,19,23,10,68,16,30,93,18,157,32,49,116,28,225,64,54,118,343
04/03/2009,MHR,CA,AWP,WE,Federal Contract Tower,9,19,5,10,43,9,35,65,19,128,18,54,70,29,171,22,22,44,215
04/04/2009,MHR,CA,AWP,WE,Federal Contract Tower,4,1,6,2,13,4,4,65,12,85,8,5,71,14,98,20,0,20,118
04/05/2009,MHR,CA,AWP,WE,Federal Contract Tower,0,0,6,2,8,0,0,73,4,77,0,0,79,6,85,28,0,28,113
04/06/2009,MHR,CA,AWP,WE,Federal Contract Tower,9,18,10,2,39,9,29,81,8,127,18,47,91,10,166,46,28,74,240
04/07/2009,MHR,CA,AWP,WE,Federal Contract Tower,14,21,28,11,74,14,28,76,25,143,28,49,104,36,217,66,98,164,381
04/08/2009,MHR,CA,AWP,WE,Federal Contract Tower,14,16,25,11,66,14,24,75,24,137,28,40,100,35,203,22,22,44,247
04/09/2009,MHR,CA,AWP,WE,Federal Contract Tower,14,28,32,19,93,14,28,48,32,122,28,56,80,51,215,14,0,14,229
04/10/2009,MHR,CA,AWP,WE,Federal Contract Tower,12,22,16,12,62,12,24,66,18,120,24,46,82,30,182,14,8,22,204
04/11/2009,MHR,CA,AWP,WE,Federal Contract Tower,4,1,8,0,13,4,5,99,0,108,8,6,107,0,121,54,0,54,175
04/12/2009,MHR,CA,AWP,WE,Federal Contract Tower,0,1,8,0,9,0,0,37,0,37,0,1,45,0,46,16,0,16,62
04/13/2009,MHR,CA,AWP,WE,Federal Contract Tower,6,14,22,9,51,6,23,98,21,148,12,37,120,30,199,24,12,36,235
04/14/2009,MHR,CA,AWP,WE,Federal Contract Tower,15,33,23,13,84,15,42,68,17,142,30,75,91,30,226,18,4,22,248
04/15/2009,MHR,CA,AWP,WE,Federal Contract Tower,11,17,20,6,54,11,33,83,33,160,22,50,103,39,214,38,63,101,315
04/16/2009,MHR,CA,AWP,WE,Federal Contract Tower,15,27,19,5,66,15,41,101,9,166,30,68,120,14,232,20,32,52,284
04/17/2009,MHR,CA,AWP,WE,Federal Contract Tower,12,27,32,4,75,12,39,166,6,223,24,66,198,10,298,26,26,52,350
04/18/2009,MHR,CA,AWP,WE,Federal Contract Tower,3,2,31,0,36,3,5,136,1,145,6,7,167,1,181,16,0,16,197
04/19/2009,MHR,CA,AWP,WE,Federal Contract Tower,0,4,27,0,31,0,1,106,21,128,0,5,133,21,159,52,0,52,211
04/20/2009,MHR,CA,AWP,WE,Federal Contract Tower,6,17,24,5,52,6,29,136,16,187,12,46,160,21,239,16,0,16,255
04/21/2009,MHR,CA,AWP,WE,Federal Contract Tower,16,18,17,4,55,16,26,111,0,153,32,44,128,4,208,59,0,59,267
04/22/2009,MHR,CA,AWP,WE,Federal Contract Tower,17,19,35,13,84,17,32,134,22,205,34,51,169,35,289,22,36,58,347
04/23/2009,MHR,CA,AWP,WE,Federal Contract Tower,14,24,21,5,64,13,29,105,13,160,27,53,126,18,224,64,36,100,324
04/24/2009,MHR,CA,AWP,WE,Federal Contract Tower,11,16,25,16,68,11,15,95,20,141,22,31,120,36,209,36,22,58,267
04/25/2009,MHR,CA,AWP,WE,Federal Contract Tower,2,0,14,11,27,2,6,86,20,114,4,6,100,31,141,26,24,50,191
04/26/2009,MHR,CA,AWP,WE,Federal Contract Tower,0,0,9,4,13,0,0,66,8,74,0,0,75,12,87,10,20,30,117
04/27/2009,MHR,CA,AWP,WE,Federal Contract Tower,6,16,28,9,59,6,23,114,21,164,12,39,142,30,223,20,18,38,261
04/28/2009,MHR,CA,AWP,WE,Federal Contract Tower,13,19,11,10,53,13,32,74,18,137,26,51,85,28,190,0,26,26,216
04/29/2009,MHR,CA,AWP,WE,Federal Contract Tower,14,18,35,8,75,14,30,141,15,200,28,48,176,23,275,68,18,86,361
04/30/2009,MHR,CA,AWP,WE,Federal Contract Tower,17,21,22,9,69,17,36,106,26,185,34,57,128,35,254,58,56,114,368
05/01/2009,MHR,CA,AWP,WE,Federal Contract Tower,11,26,26,5,68,11,29,73,14,127,22,55,99,19,195,18,20,38,233
05/02/2009,MHR,CA,AWP,WE,Federal Contract Tower,2,5,10,2,19,2,6,42,9,59,4,11,52,11,78,22,0,22,100
05/03/2009,MHR,CA,AWP,WE,Federal Contract Tower,0,0,12,2,14,0,0,24,2,26,0,0,36,4,40,0,0,0,40
05/04/2009,MHR,CA,AWP,WE,Federal Contract Tower,6,21,20,1,48,6,27,90,8,131,12,48,110,9,179,102,6,108,287
05/05/2009,MHR,CA,AWP,WE,Federal Contract Tower,15,38,36,10,99,15,42,107,21,185,30,80,143,31,284,78,28,106,390
05/06/2009,MHR,CA,AWP,WE,Federal Contract Tower,12,16,41,29,98,12,23,141,22,198,24,39,182,51,296,102,34,136,432
05/07/2009,MHR,CA,AWP,WE,Federal Contract Tower,17,27,52,12,108,17,25,81,17,140,34,52,133,29,248,40,54,94,342
05/08/2009,MHR,CA,AWP,WE,Federal Contract Tower,11,16,29,5,61,11,27,150,36,224,22,43,179,41,285,82,26,108,393
05/09/2009,MHR,CA,AWP,WE,Federal Contract Tower,3,3,5,1,12,3,8,82,5,98,6,11,87,6,110,20,0,20,130
05/10/2009,MHR,CA,AWP,WE,Federal Contract Tower,0,2,2,1,5,0,2,49,1,52,0,4,51,2,57,2,0,2,59
05/11/2009,MHR,CA,AWP,WE,Federal Contract Tower,7,18,21,1,47,7,25,100,2,134,14,43,121,3,181,88,0,88,269
05/12/2009,MHR,CA,AWP,WE,Federal Contract Tower,13,13,24,17,67,13,25,118,46,202,26,38,142,63,269,74,70,144,413
05/13/2009,MHR,CA,AWP,WE,Federal Contract Tower,13,17,44,7,81,13,25,166,17,221,26,42,210,24,302,134,42,176,478
05/14/2009,MHR,CA,AWP,WE,Federal Contract Tower,15,11,24,8,58,15,29,104,19,167,30,40,128,27,225,124,42,166,391
05/15/2009,MHR,CA,AWP,WE,Federal Contract Tower,10,11,17,10,48,10,24,81,23,138,20,35,98,33,186,96,50,146,332
05/16/2009,MHR,CA,AWP,WE,Federal Contract Tower,3,2,11,1,17,3,6,157,6,172,6,8,168,7,189,0,6,6,195
05/17/2009,MHR,CA,AWP,WE,Federal Contract Tower,0,1,15,2,18,0,2,95,1,98,0,3,110,3,116,14,2,16,132
05/18/2009,MHR,CA,AWP,WE,Federal Contract Tower,6,11,23,8,48,6,19,147,22,194,12,30,170,30,242,74,58,132,374
05/19/2009,MHR,CA,AWP,WE,Federal Contract Tower,29,18,22,15,84,29,27,109,31,196,58,45,131,46,280,136,48,184,464
05/20/2009,MHR,CA,AWP,WE,Federal Contract Tower,17,20,21,11,69,17,28,133,24,202,34,48,154,35,271,52,60,112,383
05/21/2009,MHR,CA,AWP,WE,Federal Contract Tower,13,13,23,10,59,13,29,132,17,191,26,42,155,27,250,90,26,116,366
05/22/2009,MHR,CA,AWP,WE,Federal Contract Tower,12,2,31,2,47,12,16,91,4,123,24,18,122,6,170,96,0,96,266
05/23/2009,MHR,CA,AWP,WE,Federal Contract Tower,1,3,8,4,16,1,3,102,15,121,2,6,110,19,137,46,0,46,183
05/24/2009,MHR,CA,AWP,WE,Federal Contract Tower,0,0,2,0,2,0,0,19,0,19,0,0,21,0,21,16,0,16,37
05/25/2009,MHR,CA,AWP,WE,Federal Contract Tower,0,0,11,7,18,0,0,70,13,83,0,0,81,20,101,20,28,48,149
05/26/2009,MHR,CA,AWP,WE,Federal Contract Tower,10,17,25,10,62,10,29,105,18,162,20,46,130,28,224,40,10,50,274
05/27/2009,MHR,CA,AWP,WE,Federal Contract Tower,15,15,40,4,74,15,30,116,9,170,30,45,156,13,244,76,24,100,344
05/28/2009,MHR,CA,AWP,WE,Federal Contract Tower,15,12,37,8,72,15,37,130,22,204,30,49,167,30,276,54,22,76,352
05/29/2009,MHR,CA,AWP,WE,Federal Contract Tower,7,14,13,5,39,7,20,103,12,142,14,34,116,17,181,50,20,70,251
05/30/2009,MHR,CA,AWP,WE,Federal Contract Tower,4,1,12,7,24,4,5,79,7,95,8,6,91,14,119,48,2,50,169
05/31/2009,MHR,CA,AWP,WE,Federal Contract Tower,0,0,17,1,18,0,0,72,1,73,0,0,89,2,91,8,2,10,101
06/01/2009,MHR,CA,AWP,WE,Federal Contract Tower,5,17,28,3,53,5,30,98,7,140,10,47,126,10,193,82,4,86,279
06/02/2009,MHR,CA,AWP,WE,Federal Contract Tower,15,13,7,9,44,15,23,61,25,124,30,36,68,34,168,64,46,110,278
06/03/2009,MHR,CA,AWP,WE,Federal Contract Tower,11,14,19,5,49,11,31,135,26,203,22,45,154,31,252,114,68,182,434
06/04/2009,MHR,CA,AWP,WE,Federal Contract Tower,14,18,26,13,71,14,30,83,37,164,28,48,109,50,235,48,10,58,293
06/05/2009,MHR,CA,AWP,WE,Federal Contract Tower,11,17,25,0,53,11,26,90,20,147,22,43,115,20,200,86,12,98,298
06/06/2009,MHR,CA,AWP,WE,Federal Contract Tower,3,3,14,1,21,3,4,59,1,67,6,7,73,2,88,0,0,0,88
06/07/2009,MHR,CA,AWP,WE,Federal Contract Tower,0,0,16,4,20,0,1,84,5,90,0,1,100,9,110,34,0,34,144
06/08/2009,MHR,CA,AWP,WE,Federal Contract Tower,6,18,24,0,48,6,29,101,11,147,12,47,125,11,195,126,0,126,321
06/09/2009,MHR,CA,AWP,WE,Federal Contract Tower,14,15,42,15,86,14,26,142,32,214,28,41,184,47,300,82,30,112,412
06/10/2009,MHR,CA,AWP,WE,Federal Contract Tower,15,11,42,10,78,15,29,99,21,164,30,40,141,31,242,120,42,162,404
06/11/2009,MHR,CA,AWP,WE,Federal Contract Tower,14,16,19,19,68,14,35,88,27,164,28,51,107,46,232,60,62,122,354
06/12/2009,MHR,CA,AWP,WE,Federal Contract Tower,11,13,19,15,58,11,27,110,23,171,22,40,129,38,229,48,26,74,303
06/13/2009,MHR,CA,AWP,WE,Federal Contract Tower,4,0,11,0,15,4,4,44,0,52,8,4,55,0,67,16,0,16,83
06/14/2009,MHR,CA,AWP,WE,Federal Contract Tower,0,0,6,1,7,0,0,54,9,63,0,0,60,10,70,0,0,0,70
06/15/2009,MHR,CA,AWP,WE,Federal Contract Tower,5,15,22,21,63,5,26,99,41,171,10,41,121,62,234,28,30,58,292
06/16/2009,MHR,CA,AWP,WE,Federal Contract Tower,18,13,27,7,65,18,27,99,14,158,36,40,126,21,223,14,50,64,287
06/17/2009,MHR,CA,AWP,WE,Federal Contract Tower,16,20,34,7,77,16,33,116,24,189,32,53,150,31,266,20,36,56,322
06/18/2009,MHR,CA,AWP,WE,Federal Contract Tower,14,16,29,6,65,14,25,105,24,168,28,41,134,30,233,38,52,90,323
06/19/2009,MHR,CA,AWP,WE,Federal Contract Tower,12,14,27,3,56,12,28,141,28,209,24,42,168,31,265,32,16,48,313
06/20/2009,MHR,CA,AWP,WE,Federal Contract Tower,3,0,14,4,21,3,5,93,4,105,6,5,107,8,126,38,0,38,164
06/21/2009,MHR,CA,AWP,WE,Federal Contract Tower,0,0,6,1,7,0,1,66,3,70,0,1,72,4,77,18,0,18,95
06/22/2009,MHR,CA,AWP,WE,Federal Contract Tower,6,15,19,12,52,6,31,119,33,189,12,46,138,45,241,72,38,110,351
06/23/2009,MHR,CA,AWP,WE,Federal Contract Tower,15,17,30,7,69,15,36,113,35,199,30,53,143,42,268,77,30,107,375
06/24/2009,MHR,CA,AWP,WE,Federal Contract Tower,17,14,22,8,61,17,24,111,20,172,34,38,133,28,233,84,40,124,357
06/25/2009,MHR,CA,AWP,WE,Federal Contract Tower,18,19,24,14,75,18,29,124,32,203,36,48,148,46,278,84,18,102,380
06/26/2009,MHR,CA,AWP,WE,Federal Contract Tower,13,18,22,19,72,13,37,96,21,167,26,55,118,40,239,182,92,274,513
06/27/2009,MHR,CA,AWP,WE,Federal Contract Tower,1,0,16,0,17,1,2,67,2,72,2,2,83,2,89,10,0,10,99
06/28/2009,MHR,CA,AWP,WE,Federal Contract Tower,0,1,10,2,13,0,1,51,5,57,0,2,61,7,70,8,0,8,78
06/29/2009,MHR,CA,AWP,WE,Federal Contract Tower,8,1,20,6,35,8,17,140,13,178,16,18,160,19,213,68,42,110,323
06/30/2009,MHR,CA,AWP,WE,Federal Contract Tower,16,12,27,20,75,16,23,91,36,166,32,35,118,56,241,106,62,168,409
07/01/2009,MHR,CA,AWP,WE,Federal Contract Tower,19,4,15,15,53,24,22,125,30,201,43,26,140,45,254,82,28,110,364
07/02/2009,MHR,CA,AWP,WE,Federal Contract Tower,15,7,18,4,44,15,21,79,14,129,30,28,97,18,173,90,24,114,287
07/03/2009,MHR,CA,AWP,WE,Federal Contract Tower,8,1,4,1,14,8,9,52,1,70,16,10,56,2,84,12,0,12,96
07/04/2009,MHR,CA,AWP,WE,Federal Contract Tower,0,0,2,2,4,0,0,44,2,46,0,0,46,4,50,14,0,14,64
07/05/2009,MHR,CA,AWP,WE,Federal Contract Tower,0,0,3,0,3,0,0,36,0,36,0,0,39,0,39,2,0,2,41
07/06/2009,MHR,CA,AWP,WE,Federal Contract Tower,6,15,20,4,45,6,21,113,6,146,12,36,133,10,191,98,0,98,289
07/07/2009,MHR,CA,AWP,WE,Federal Contract Tower,13,11,18,12,54,13,42,90,21,166,26,53,108,33,220,126,36,162,382
07/08/2009,MHR,CA,AWP,WE,Federal Contract Tower,14,18,33,10,75,14,42,131,29,216,28,60,164,39,291,124,76,200,491
07/09/2009,MHR,CA,AWP,WE,Federal Contract Tower,15,12,26,6,59,15,28,123,29,195,30,40,149,35,254,112,54,166,420
07/10/2009,MHR,CA,AWP,WE,Federal Contract Tower,11,15,15,0,41,11,28,63,7,109,22,43,78,7,150,48,34,82,232
07/11/2009,MHR,CA,AWP,WE,Federal Contract Tower,3,0,7,11,21,3,3,49,25,80,6,3,56,36,101,0,22,22,123
07/12/2009,MHR,CA,AWP,WE,Federal Contract Tower,0,0,13,6,19,0,0,102,18,120,0,0,115,24,139,16,18,34,173
07/13/2009,MHR,CA,AWP,WE,Federal Contract Tower,6,16,13,3,38,6,28,84,6,124,12,44,97,9,162,94,0,94,256
07/14/2009,MHR,CA,AWP,WE,Federal Contract Tower,15,9,10,13,47,15,26,95,23,159,30,35,105,36,206,110,50,160,366
07/15/2009,MHR,CA,AWP,WE,Federal Contract Tower,14,16,18,8,56,14,30,75,28,147,28,46,93,36,203,86,94,180,383
07/16/2009,MHR,CA,AWP,WE,Federal Contract Tower,15,19,17,12,63,15,33,79,31,158,30,52,96,43,221,84,42,126,347
07/17/2009,MHR,CA,AWP,WE,Federal Contract Tower,13,16,15,6,50,13,30,87,16,146,26,46,102,22,196,138,18,156,352
07/18/2009,MHR,CA,AWP,WE,Federal Contract Tower,3,0,7,0,10,3,3,65,0,71,6,3,72,0,81,44,0,44,125
07/19/2009,MHR,CA,AWP,WE,Federal Contract Tower,0,0,3,2,5,0,0,34,4,38,0,0,37,6,43,6,2,8,51
07/20/2009,MHR,CA,AWP,WE,Federal Contract Tower,8,13,33,7,61,8,39,129,23,199,16,52,162,30,260,66,78,144,404
07/21/2009,MHR,CA,AWP,WE,Federal Contract Tower,14,16,11,4,45,14,33,83,17,147,28,49,94,21,192,86,22,108,300
07/22/2009,MHR,CA,AWP,WE,Federal Contract Tower,15,13,19,11,58,15,28,100,23,166,30,41,119,34,224,64,54,118,342
07/23/2009,MHR,CA,AWP,WE,Federal Contract Tower,15,16,20,5,56,15,28,92,14,149,30,44,112,19,205,92,12,104,309
07/24/2009,MHR,CA,AWP,WE,Federal Contract Tower,12,17,18,11,58,12,27,101,21,161,24,44,119,32,219,104,36,140,359
07/25/2009,MHR,CA,AWP,WE,Federal Contract Tower,3,3,15,0,21,3,4,41,2,50,6,7,56,2,71,0,2,2,73
07/26/2009,MHR,CA,AWP,WE,Federal Contract Tower,0,0,9,0,9,0,0,46,1,47,0,0,55,1,56,0,0,0,56
07/27/2009,MHR,CA,AWP,WE,Federal Contract Tower,6,16,12,9,43,6,31,79,20,136,12,47,91,29,179,144,18,162,341
07/28/2009,MHR,CA,AWP,WE,Federal Contract Tower,16,17,16,5,54,16,25,69,25,135,32,42,85,30,189,80,56,136,325
07/29/2009,MHR,CA,AWP,WE,Federal Contract Tower,14,15,40,11,80,14,28,124,37,203,28,43,164,48,283,88,106,194,477
07/30/2009,MHR,CA,AWP,WE,Federal Contract Tower,16,23,28,20,87,16,30,108,28,182,32,53,136,48,269,74,48,122,391
07/31/2009,MHR,CA,AWP,WE,Federal Contract Tower,8,16,35,2,61,8,29,103,8,148,16,45,138,10,209,38,0,38,247
08/01/2009,MHR,CA,AWP,WE,Federal Contract Tower,1,2,12,1,16,1,6,79,6,92,2,8,91,7,108,28,2,30,138
08/02/2009,MHR,CA,AWP,WE,Federal Contract Tower,0,0,6,0,6,0,0,62,0,62,0,0,68,0,68,8,0,8,76
08/03/2009,MHR,CA,AWP,WE,Federal Contract Tower,7,20,43,13,83,7,29,143,21,200,14,49,186,34,283,96,20,116,399
08/04/2009,MHR,CA,AWP,WE,Federal Contract Tower,16,13,51,27,107,16,16,147,52,231,32,29,198,79,338,108,90,198,536
08/05/2009,MHR,CA,AWP,WE,Federal Contract Tower,13,9,30,30,82,13,36,136,54,239,26,45,166,84,321,138,170,308,629
08/06/2009,MHR,CA,AWP,WE,Federal Contract Tower,16,13,42,29,100,16,30,101,52,199,32,43,143,81,299,84,112,196,495
08/07/2009,MHR,CA,AWP,WE,Federal Contract Tower,10,19,37,7,73,10,31,117,23,181,20,50,154,30,254,48,32,80,334
08/08/2009,MHR,CA,AWP,WE,Federal Contract Tower,1,0,8,0,9,1,3,57,1,62,2,3,65,1,71,20,0,20,91
08/09/2009,MHR,CA,AWP,WE,Federal Contract Tower,0,2,11,1,14,0,2,54,2,58,0,4,65,3,72,18,4,22,94
08/10/2009,MHR,CA,AWP,WE,Federal Contract Tower,6,19,16,7,48,6,28,96,27,157,12,47,112,34,205,108,10,118,323
08/11/2009,MHR,CA,AWP,WE,Federal Contract Tower,17,14,22,19,72,17,30,67,41,155,34,44,89,60,227,68,90,158,385
08/12/2009,MHR,CA,AWP,WE,Federal Contract Tower,14,14,22,18,68,14,23,101,36,174,28,37,123,54,242,18,38,56,298
08/13/2009,MHR,CA,AWP,WE,Federal Contract Tower,14,13,10,15,52,14,25,53,30,122,28,38,63,45,174,0,86,86,260
08/14/2009,MHR,CA,AWP,WE,Federal Contract Tower,9,16,24,2,51,9,26,173,9,217,18,42,197,11,268,52,2,54,322
08/15/2009,MHR,CA,AWP,WE,Federal Contract Tower,2,2,14,0,18,2,5,71,9,87,4,7,85,9,105,22,0,22,127
08/16/2009,MHR,CA,AWP,WE,Federal Contract Tower,0,0,6,0,6,0,1,54,0,55,0,1,60,0,61,12,0,12,73
08/17/2009,MHR,CA,AWP,WE,Federal Contract Tower,7,18,27,1,53,7,31,119,25,182,14,49,146,26,235,26,0,26,261
08/18/2009,MHR,CA,AWP,WE,Federal Contract Tower,15,17,14,4,50,15,28,101,18,162,30,45,115,22,212,50,0,50,262
08/19/2009,MHR,CA,AWP,WE,Federal Contract Tower,15,25,31,9,80,15,32,113,27,187,30,57,144,36,267,48,62,110,377
08/20/2009,MHR,CA,AWP,WE,Federal Contract Tower,21,17,37,6,81,20,24,100,17,161,41,41,137,23,242,28,70,98,340
08/21/2009,MHR,CA,AWP,WE,Federal Contract Tower,10,16,28,33,87,10,24,76,41,151,20,40,104,74,238,42,68,110,348
08/22/2009,MHR,CA,AWP,WE,Federal Contract Tower,1,1,22,19,43,1,4,82,10,97,2,5,104,29,140,18,8,26,166
08/23/2009,MHR,CA,AWP,WE,Federal Contract Tower,0,0,15,5,20,0,0,50,4,54,0,0,65,9,74,20,0,20,94
08/24/2009,MHR,CA,AWP,WE,Federal Contract Tower,6,14,27,9,56,6,27,116,18,167,12,41,143,27,223,70,20,90,313
08/25/2009,MHR,CA,AWP,WE,Federal Contract Tower,14,12,37,12,75,14,28,118,24,184,28,40,155,36,259,54,70,124,383
08/26/2009,MHR,CA,AWP,WE,Federal Contract Tower,15,16,30,15,76,15,30,120,15,180,30,46,150,30,256,108,44,152,408
08/27/2009,MHR,CA,AWP,WE,Federal Contract Tower,15,16,30,17,78,15,28,115,17,175,30,44,145,34,253,108,32,140,393
08/28/2009,MHR,CA,AWP,WE,Federal Contract Tower,10,20,16,3,49,10,38,74,18,140,20,58,90,21,189,104,16,120,309
08/29/2009,MHR,CA,AWP,WE,Federal Contract Tower,1,4,18,0,23,1,6,55,2,64,2,10,73,2,87,6,2,8,95
08/30/2009,MHR,CA,AWP,WE,Federal Contract Tower,0,0,14,6,20,0,0,106,11,117,0,0,120,17,137,0,8,8,145
08/31/2009,MHR,CA,AWP,WE,Federal Contract Tower,6,19,5,9,39,6,29,56,23,114,12,48,61,32,153,46,8,54,207
09/01/2009,MHR,CA,AWP,WE,Federal Contract Tower,14,15,21,0,50,14,37,123,16,190,28,52,144,16,240,112,64,176,416
09/02/2009,MHR,CA,AWP,WE,Federal Contract Tower,12,12,37,16,77,12,23,105,21,161,24,35,142,37,238,58,14,72,310
09/03/2009,MHR,CA,AWP,WE,Federal Contract Tower,14,14,14,8,50,14,22,60,15,111,28,36,74,23,161,20,42,62,223
09/04/2009,MHR,CA,AWP,WE,Federal Contract Tower,9,2,19,8,38,9,16,115,16,156,18,18,134,24,194,54,8,62,256
09/05/2009,MHR,CA,AWP,WE,Federal Contract Tower,1,3,7,7,18,1,7,54,8,70,2,10,61,15,88,0,0,0,88
09/06/2009,MHR,CA,AWP,WE,Federal Contract Tower,0,0,7,1,8,0,0,49,1,50,0,0,56,2,58,24,0,24,82
09/07/2009,MHR,CA,AWP,WE,Federal Contract Tower,0,0,10,1,11,0,2,70,1,73,0,2,80,2,84,74,0,74,158
09/08/2009,MHR,CA,AWP,WE,Federal Contract Tower,11,19,25,18,73,11,36,117,27,191,22,55,142,45,264,64,50,114,378
09/09/2009,MHR,CA,AWP,WE,Federal Contract Tower,16,12,19,15,62,16,24,95,17,152,32,36,114,32,214,42,60,102,316
09/10/2009,MHR,CA,AWP,WE,Federal Contract Tower,13,11,6,6,36,13,33,84,50,180,26,44,90,56,216,2,0,2,218
09/11/2009,MHR,CA,AWP,WE,Federal Contract Tower,8,14,1,3,26,8,26,66,34,134,16,40,67,37,160,0,10,10,170
09/12/2009,MHR,CA,AWP,WE,Federal Contract Tower,0,0,0,0,0,0,0,5,10,15,0,0,5,10,15,0,2,2,17
09/13/2009,MHR,CA,AWP,WE,Federal Contract Tower,0,0,1,11,12,0,1,32,26,59,0,1,33,37,71,8,0,8,79
09/14/2009,MHR,CA,AWP,WE,Federal Contract Tower,6,14,27,41,88,6,27,97,54,184,12,41,124,95,272,100,56,156,428
09/15/2009,MHR,CA,AWP,WE,Federal Contract Tower,14,11,10,25,60,14,25,111,43,193,28,36,121,68,253,158,98,256,509
09/16/2009,MHR,CA,AWP,WE,Federal Contract Tower,17,15,36,25,93,17,38,117,45,217,34,53,153,70,310,78,164,242,552
09/17/2009,MHR,CA,AWP,WE,Federal Contract Tower,14,10,36,26,86,14,23,128,45,210,28,33,164,71,296,124,106,230,526
09/18/2009,MHR,CA,AWP,WE,Federal Contract Tower,10,17,25,2,54,10,32,114,9,165,20,49,139,11,219,80,2,82,301
09/19/2009,MHR,CA,AWP,WE,Federal Contract Tower,1,0,5,2,8,1,3,62,6,72,2,3,67,8,80,24,0,24,104
09/20/2009,MHR,CA,AWP,WE,Federal Contract Tower,0,3,11,0,14,0,3,48,0,51,0,6,59,0,65,10,0,10,75
09/21/2009,MHR,CA,AWP,WE,Federal Contract Tower,6,20,15,12,53,6,27,96,27,156,12,47,111,39,209,66,46,112,321
09/22/2009,MHR,CA,AWP,WE,Federal Contract Tower,16,16,17,18,67,16,29,71,36,152,32,45,88,54,219,86,90,176,395
09/23/2009,MHR,CA,AWP,WE,Federal Contract Tower,13,18,25,8,64,13,27,102,21,163,26,45,127,29,227,162,48,210,437
09/24/2009,MHR,CA,AWP,WE,Federal Contract Tower,14,20,9,12,55,14,28,84,28,154,28,48,93,40,209,104,54,158,367
09/25/2009,MHR,CA,AWP,WE,Federal Contract Tower,9,18,19,7,53,9,27,83,9,128,18,45,102,16,181,82,10,92,273
09/26/2009,MHR,CA,AWP,WE,Federal Contract Tower,1,0,8,0,9,1,3,48,0,52,2,3,56,0,61,4,0,4,65
09/27/2009,MHR,CA,AWP,WE,Federal Contract Tower,0,1,3,0,4,0,1,47,0,48,0,2,50,0,52,8,0,8,60
09/28/2009,MHR,CA,AWP,WE,Federal Contract Tower,6,16,24,0,46,6,31,87,5,129,12,47,111,5,175,18,0,18,193
09/29/2009,MHR,CA,AWP,WE,Federal Contract Tower,13,12,25,2,52,13,23,81,8,125,26,35,106,10,177,60,14,74,251
09/30/2009,MHR,CA,AWP,WE,Federal Contract Tower,16,19,23,0,58,16,31,85,5,137,32,50,108,5,195,12,8,20,215
10/01/2009,MHR,CA,AWP,WE,Federal Contract Tower,13,15,22,3,53,13,26,77,16,132,26,41,99,19,185,34,8,42,227
10/02/2009,MHR,CA,AWP,WE,Federal Contract Tower,8,17,22,5,52,8,29,107,9,153,16,46,129,14,205,62,16,78,283
10/03/2009,MHR,CA,AWP,WE,Federal Contract Tower,1,0,10,5,16,1,3,69,5,78,2,3,79,10,94,38,0,38,132
10/04/2009,MHR,CA,AWP,WE,Federal Contract Tower,0,1,21,0,22,0,2,75,2,79,0,3,96,2,101,8,4,12,113
10/05/2009,MHR,CA,AWP,WE,Federal Contract Tower,7,16,15,14,52,7,19,94,24,144,14,35,109,38,196,14,26,40,236
10/06/2009,MHR,CA,AWP,WE,Federal Contract Tower,16,13,14,16,59,16,23,102,32,173,32,36,116,48,232,122,52,174,406
10/07/2009,MHR,CA,AWP,WE,Federal Contract Tower,13,29,18,20,80,13,39,90,29,171,26,68,108,49,251,22,136,158,409
10/08/2009,MHR,CA,AWP,WE,Federal Contract Tower,17,13,17,22,69,17,23,66,38,144,34,36,83,60,213,34,77,111,324
10/09/2009,MHR,CA,AWP,WE,Federal Contract Tower,9,17,12,4,42,9,29,93,5,136,18,46,105,9,178,44,8,52,230
10/10/2009,MHR,CA,AWP,WE,Federal Contract Tower,1,0,0,1,2,1,3,32,5,41,2,3,32,6,43,12,0,12,55
10/11/2009,MHR,CA,AWP,WE,Federal Contract Tower,0,0,2,3,5,0,0,40,3,43,0,0,42,6,48,2,2,4,52
10/12/2009,MHR,CA,AWP,WE,Federal Contract Tower,6,16,33,2,57,6,28,76,3,113,12,44,109,5,170,4,0,4,174
10/13/2009,MHR,CA,AWP,WE,Federal Contract Tower,11,16,11,0,38,11,19,11,0,41,22,35,22,0,79,0,0,0,79
10/14/2009,MHR,CA,AWP,WE,Federal Contract Tower,18,22,18,13,71,18,30,40,18,106,36,52,58,31,177,6,0,6,183
10/15/2009,MHR,CA,AWP,WE,Federal Contract Tower,13,21,34,16,84,13,29,72,21,135,26,50,106,37,219,18,52,70,289
10/16/2009,MHR,CA,AWP,WE,Federal Contract Tower,9,21,23,2,55,9,25,83,7,124,18,46,106,9,179,52,20,72,251
10/17/2009,MHR,CA,AWP,WE,Federal Contract Tower,1,0,5,0,6,1,2,42,0,45,2,2,47,0,51,14,0,14,65
10/18/2009,MHR,CA,AWP,WE,Federal Contract Tower,0,0,10,0,10,0,1,68,0,69,0,1,78,0,79,10,0,10,89
10/19/2009,MHR,CA,AWP,WE,Federal Contract Tower,6,18,19,2,45,6,22,42,2,72,12,40,61,4,117,0,0,0,117
10/20/2009,MHR,CA,AWP,WE,Federal Contract Tower,14,32,23,4,73,14,37,86,13,150,28,69,109,17,223,102,8,110,333
10/21/2009,MHR,CA,AWP,WE,Federal Contract Tower,13,16,53,18,100,13,26,158,35,232,26,42,211,53,332,30,86,116,448
10/22/2009,MHR,CA,AWP,WE,Federal Contract Tower,15,14,22,9,60,16,27,91,19,153,31,41,113,28,213,50,24,74,287
10/23/2009,MHR,CA,AWP,WE,Federal Contract Tower,9,17,45,4,75,9,29,118,8,164,18,46,163,12,239,46,14,60,299
10/24/2009,MHR,CA,AWP,WE,Federal Contract Tower,1,1,4,3,9,1,4,58,7,70,2,5,62,10,79,0,6,6,85
10/25/2009,MHR,CA,AWP,WE,Federal Contract Tower,0,2,12,0,14,0,2,55,1,58,0,4,67,1,72,6,0,6,78
10/26/2009,MHR,CA,AWP,WE,Federal Contract Tower,5,21,18,9,53,5,31,74,17,127,10,52,92,26,180,82,20,102,282
10/27/2009,MHR,CA,AWP,WE,Federal Contract Tower,14,12,3,4,33,14,27,14,15,70,28,39,17,19,103,6,16,22,125
10/28/2009,MHR,CA,AWP,WE,Federal Contract Tower,14,19,8,15,56,14,30,70,26,140,28,49,78,41,196,34,32,66,262
10/29/2009,MHR,CA,AWP,WE,Federal Contract Tower,14,10,55,34,113,14,24,98,45,181,28,34,153,79,294,62,129,191,485
10/30/2009,MHR,CA,AWP,WE,Federal Contract Tower,11,21,31,5,68,11,32,100,28,171,22,53,131,33,239,66,24,90,329
10/31/2009,MHR,CA,AWP,WE,Federal Contract Tower,1,0,2,0,3,1,3,42,2,48,2,3,44,2,51,0,0,0,51
11/01/2009,MHR,CA,AWP,WE,Federal Contract Tower,0,0,8,0,8,0,0,35,0,35,0,0,43,0,43,8,0,8,51
11/02/2009,MHR,CA,AWP,WE,Federal Contract Tower,6,13,21,1,41,6,22,94,16,138,12,35,115,17,179,90,22,112,291
11/03/2009,MHR,CA,AWP,WE,Federal Contract Tower,13,10,38,3,64,13,25,120,10,168,26,35,158,13,232,56,10,66,298
11/04/2009,MHR,CA,AWP,WE,Federal Contract Tower,12,19,36,13,80,12,33,124,20,189,24,52,160,33,269,40,58,98,367
11/05/2009,MHR,CA,AWP,WE,Federal Contract Tower,14,16,43,6,79,14,38,106,9,167,28,54,149,15,246,31,76,107,353
11/06/2009,MHR,CA,AWP,WE,Federal Contract Tower,8,21,45,10,84,8,28,118,26,180,16,49,163,36,264,28,106,134,398
11/07/2009,MHR,CA,AWP,WE,Federal Contract Tower,1,3,8,2,14,1,5,39,2,47,2,8,47,4,61,2,20,22,83
11/08/2009,MHR,CA,AWP,WE,Federal Contract Tower,0,1,9,0,10,0,1,47,0,48,0,2,56,0,58,0,0,0,58
11/09/2009,MHR,CA,AWP,WE,Federal Contract Tower,4,19,16,7,46,4,31,89,14,138,8,50,105,21,184,72,20,92,276
11/10/2009,MHR,CA,AWP,WE,Federal Contract Tower,13,12,26,19,70,13,22,106,32,173,26,34,132,51,243,156,50,206,449
11/11/2009,MHR,CA,AWP,WE,Federal Contract Tower,15,13,37,1,66,15,24,98,7,144,30,37,135,8,210,42,18,60,270
11/12/2009,MHR,CA,AWP,WE,Federal Contract Tower,16,17,27,14,74,16,30,104,18,168,32,47,131,32,242,58,90,148,390
11/13/2009,MHR,CA,AWP,WE,Federal Contract Tower,9,16,16,28,69,9,22,76,34,141,18,38,92,62,210,44,54,98,308
11/14/2009,MHR,CA,AWP,WE,Federal Contract Tower,1,4,11,0,16,1,7,32,0,40,2,11,43,0,56,0,0,0,56
11/15/2009,MHR,CA,AWP,WE,Federal Contract Tower,0,1,8,1,10,0,1,49,4,54,0,2,57,5,64,10,12,22,86
11/16/2009,MHR,CA,AWP,WE,Federal Contract Tower,5,12,20,0,37,5,38,68,10,121,10,50,88,10,158,72,4,76,234
11/17/2009,MHR,CA,AWP,WE,Federal Contract Tower,14,14,31,5,64,19,19,104,16,158,33,33,135,21,222,108,24,132,354
11/18/2009,MHR,CA,AWP,WE,Federal Contract Tower,12,21,23,11,67,12,29,82,28,151,24,50,105,39,218,52,70,122,340
11/19/2009,MHR,CA,AWP,WE,Federal Contract Tower,17,21,34,3,75,17,37,110,17,181,34,58,144,20,256,90,22,112,368
11/20/2009,MHR,CA,AWP,WE,Federal Contract Tower,9,18,17,13,57,9,31,41,6,87,18,49,58,19,144,0,6,6,150
11/21/2009,MHR,CA,AWP,WE,Federal Contract Tower,1,0,17,0,18,1,1,52,2,56,2,1,69,2,74,36,0,36,110
11/22/2009,MHR,CA,AWP,WE,Federal Contract Tower,0,0,11,2,13,0,0,48,7,55,0,0,59,9,68,6,8,14,82
11/23/2009,MHR,CA,AWP,WE,Federal Contract Tower,6,6,40,11,63,6,16,97,20,139,12,22,137,31,202,46,16,62,264
11/24/2009,MHR,CA,AWP,WE,Federal Contract Tower,12,7,41,18,78,12,24,124,28,188,24,31,165,46,266,110,70,180,446
11/25/2009,MHR,CA,AWP,WE,Federal Contract Tower,14,11,37,9,71,14,22,110,31,177,28,33,147,40,248,48,58,106,354
11/26/2009,MHR,CA,AWP,WE,Federal Contract Tower,1,2,3,0,6,1,2,33,0,36,2,4,36,0,42,16,0,16,58
11/27/2009,MHR,CA,AWP,WE,Federal Contract Tower,5,13,12,0,30,5,17,33,0,55,10,30,45,0,85,6,0,6,91
11/28/2009,MHR,CA,AWP,WE,Federal Contract Tower,1,2,3,0,6,0,0,0,0,0,1,2,3,0,6,0,0,0,6
11/29/2009,MHR,CA,AWP,WE,Federal Contract Tower,0,0,23,4,27,0,0,103,13,116,0,0,126,17,143,60,0,60,203
11/30/2009,MHR,CA,AWP,WE,Federal Contract Tower,9,13,20,13,55,9,20,93,36,158,18,33,113,49,213,66,90,156,369
12/01/2009,MHR,CA,AWP,WE,Federal Contract Tower,13,12,7,13,45,13,26,57,24,120,26,38,64,37,165,94,44,138,303
12/02/2009,MHR,CA,AWP,WE,Federal Contract Tower,13,15,34,5,67,13,27,105,28,173,26,42,139,33,240,48,50,98,338
12/03/2009,MHR,CA,AWP,WE,Federal Contract Tower,13,13,15,4,45,13,22,76,17,128,26,35,91,21,173,74,26,100,273
12/04/2009,MHR,CA,AWP,WE,Federal Contract Tower,12,13,33,11,69,10,23,83,26,142,22,36,116,37,211,48,24,72,283
12/05/2009,MHR,CA,AWP,WE,Federal Contract Tower,2,5,12,8,27,2,4,25,7,38,4,9,37,15,65,24,4,28,93
12/06/2009,MHR,CA,AWP,WE,Federal Contract Tower,0,2,8,0,10,0,2,20,2,24,0,4,28,2,34,0,0,0,34
12/07/2009,MHR,CA,AWP,WE,Federal Contract Tower,6,15,8,4,33,6,20,51,7,84,12,35,59,11,117,38,16,54,171
12/08/2009,MHR,CA,AWP,WE,Federal Contract Tower,12,15,19,3,49,12,32,92,8,144,24,47,111,11,193,60,36,96,289
12/09/2009,MHR,CA,AWP,WE,Federal Contract Tower,13,13,25,4,55,13,23,103,29,168,26,36,128,33,223,52,18,70,293
12/10/2009,MHR,CA,AWP,WE,Federal Contract Tower,16,15,25,12,68,16,27,66,22,131,32,42,91,34,199,54,64,118,317
12/11/2009,MHR,CA,AWP,WE,Federal Contract Tower,11,27,19,10,67,11,27,31,15,84,22,54,50,25,151,0,0,0,151
12/12/2009,MHR,CA,AWP,WE,Federal Contract Tower,2,2,2,0,6,2,3,6,0,11,4,5,8,0,17,0,0,0,17
12/13/2009,MHR,CA,AWP,WE,Federal Contract Tower,0,2,4,0,6,0,2,5,0,7,0,4,9,0,13,0,0,0,13
12/14/2009,MHR,CA,AWP,WE,Federal Contract Tower,6,15,28,10,59,6,24,63,25,118,12,39,91,35,177,2,8,10,187
12/15/2009,MHR,CA,AWP,WE,Federal Contract Tower,23,23,39,13,98,23,34,82,23,162,46,57,121,36,260,38,34,72,332
12/16/2009,MHR,CA,AWP,WE,Federal Contract Tower,22,15,19,27,83,22,19,44,46,131,44,34,63,73,214,2,132,134,348
12/17/2009,MHR,CA,AWP,WE,Federal Contract Tower,25,22,42,20,109,25,33,83,36,177,50,55,125,56,286,0,28,28,314
12/18/2009,MHR,CA,AWP,WE,Federal Contract Tower,13,24,33,11,81,13,25,34,20,92,26,49,67,31,173,0,0,0,173
12/19/2009,MHR,CA,AWP,WE,Federal Contract Tower,8,5,28,5,46,8,5,50,7,70,16,10,78,12,116,14,2,16,132
12/20/2009,MHR,CA,AWP,WE,Federal Contract Tower,3,0,16,0,19,3,0,25,0,28,6,0,41,0,47,0,0,0,47
12/21/2009,MHR,CA,AWP,WE,Federal Contract Tower,10,12,22,36,80,10,22,30,58,120,20,34,52,94,200,0,0,0,200
12/22/2009,MHR,CA,AWP,WE,Federal Contract Tower,31,7,38,7,83,31,26,68,18,143,62,33,106,25,226,24,22,46,272
12/23/2009,MHR,CA,AWP,WE,Federal Contract Tower,30,6,18,12,66,30,24,102,32,188,60,30,120,44,254,80,96,176,430
12/24/2009,MHR,CA,AWP,WE,Federal Contract Tower,14,10,4,4,32,14,31,30,4,79,28,41,34,8,111,16,10,26,137
12/25/2009,MHR,CA,AWP,WE,Federal Contract Tower,0,2,0,0,2,0,2,23,0,25,0,4,23,0,27,0,0,0,27
12/26/2009,MHR,CA,AWP,WE,Federal Contract Tower,1,3,4,0,8,1,4,25,0,30,2,7,29,0,38,0,0,0,38
12/27/2009,MHR,CA,AWP,WE,Federal Contract Tower,0,0,4,0,4,0,0,8,0,8,0,0,12,0,12,0,0,0,12
12/28/2009,MHR,CA,AWP,WE,Federal Contract Tower,6,5,25,5,41,6,13,42,20,81,12,18,67,25,122,22,26,48,170
12/29/2009,MHR,CA,AWP,WE,Federal Contract Tower,8,7,27,0,42,8,15,40,3,66,16,22,67,3,108,16,2,18,126
12/30/2009,MHR,CA,AWP,WE,Federal Contract Tower,14,11,22,6,53,14,17,37,11,79,28,28,59,17,132,32,14,46,178
12/31/2009,MHR,CA,AWP,WE,Federal Contract Tower,10,13,41,0,64,10,15,68,0,93,20,28,109,0,157,34,0,34,191
01/01/2010,MHR,CA,AWP,WE,Federal Contract Tower,0,1,7,0,8,0,1,22,0,23,0,2,29,0,31,0,0,0,31
01/02/2010,MHR,CA,AWP,WE,Federal Contract Tower,1,2,19,0,22,1,2,29,0,32,2,4,48,0,54,0,0,0,54
01/03/2010,MHR,CA,AWP,WE,Federal Contract Tower,0,1,21,0,22,0,1,22,0,23,0,2,43,0,45,0,0,0,45
01/04/2010,MHR,CA,AWP,WE,Federal Contract Tower,3,21,41,10,75,3,30,65,18,116,6,51,106,28,191,38,34,72,263
01/05/2010,MHR,CA,AWP,WE,Federal Contract Tower,7,25,35,2,69,7,25,40,0,72,14,50,75,2,141,0,0,0,141
01/06/2010,MHR,CA,AWP,WE,Federal Contract Tower,9,31,45,22,107,9,31,58,29,127,18,62,103,51,234,0,0,0,234
01/07/2010,MHR,CA,AWP,WE,Federal Contract Tower,11,27,43,2,83,11,27,43,2,83,22,54,86,4,166,0,0,0,166
01/08/2010,MHR,CA,AWP,WE,Federal Contract Tower,6,28,29,3,66,6,26,52,3,87,12,54,81,6,153,20,0,20,173
01/09/2010,MHR,CA,AWP,WE,Federal Contract Tower,1,3,15,0,19,1,3,30,0,34,2,6,45,0,53,8,0,8,61
01/10/2010,MHR,CA,AWP,WE,Federal Contract Tower,0,4,15,2,21,0,4,21,2,27,0,8,36,4,48,0,0,0,48
01/11/2010,MHR,CA,AWP,WE,Federal Contract Tower,3,24,32,6,65,3,24,48,11,86,6,48,80,17,151,0,0,0,151
01/12/2010,MHR,CA,AWP,WE,Federal Contract Tower,12,20,32,24,88,12,20,86,39,157,24,40,118,63,245,28,52,80,325
01/13/2010,MHR,CA,AWP,WE,Federal Contract Tower,10,22,47,28,107,10,32,98,28,168,20,54,145,56,275,144,80,224,499
01/14/2010,MHR,CA,AWP,WE,Federal Contract Tower,11,22,29,7,69,11,35,79,19,144,22,57,108,26,213,44,34,78,291
01/15/2010,MHR,CA,AWP,WE,Federal Contract Tower,5,23,65,8,101,5,38,126,10,179,10,61,191,18,280,86,78,164,444
01/16/2010,MHR,CA,AWP,WE,Federal Contract Tower,1,2,16,0,19,1,2,26,0,29,2,4,42,0,48,0,0,0,48
01/17/2010,MHR,CA,AWP,WE,Federal Contract Tower,0,1,17,0,18,2,1,22,0,25,2,2,39,0,43,0,0,0,43
01/18/2010,MHR,CA,AWP,WE,Federal Contract Tower,4,21,6,0,31,4,24,13,0,41,8,45,19,0,72,6,0,6,78
01/19/2010,MHR,CA,AWP,WE,Federal Contract Tower,11,22,6,0,39,11,21,7,0,39,22,43,13,0,78,0,0,0,78
01/20/2010,MHR,CA,AWP,WE,Federal Contract Tower,9,18,3,0,30,9,24,3,0,36,18,42,6,0,66,0,0,0,66
01/21/2010,MHR,CA,AWP,WE,Federal Contract Tower,11,24,13,14,62,11,27,20,22,80,22,51,33,36,142,6,38,44,186
01/22/2010,MHR,CA,AWP,WE,Federal Contract Tower,6,18,25,15,64,6,29,48,23,106,12,47,73,38,170,22,26,48,218
01/23/2010,MHR,CA,AWP,WE,Federal Contract Tower,1,3,16,20,40,1,3,50,34,88,2,6,66,54,128,20,34,54,182
01/24/2010,MHR,CA,AWP,WE,Federal Contract Tower,0,0,8,12,20,0,0,20,18,38,0,0,28,30,58,0,102,102,160
01/25/2010,MHR,CA,AWP,WE,Federal Contract Tower,3,24,38,26,91,3,28,50,45,126,6,52,88,71,217,0,76,76,293
01/26/2010,MHR,CA,AWP,WE,Federal Contract Tower,10,33,79,17,139,10,24,92,31,157,20,57,171,48,296,32,36,68,364
01/27/2010,MHR,CA,AWP,WE,Federal Contract Tower,8,24,37,15,84,8,32,58,34,132,16,56,95,49,216,8,44,52,268
01/28/2010,MHR,CA,AWP,WE,Federal Contract Tower,13,24,55,23,115,13,34,92,40,179,26,58,147,63,294,12,50,62,356
01/29/2010,MHR,CA,AWP,WE,Federal Contract Tower,6,20,66,13,105,6,30,101,20,157,12,50,167,33,262,44,68,112,374
01/30/2010,MHR,CA,AWP,WE,Federal Contract Tower,1,5,13,0,19,1,6,48,2,57,2,11,61,2,76,32,10,42,118
01/31/2010,MHR,CA,AWP,WE,Federal Contract Tower,0,0,17,19,36,0,0,56,25,81,0,0,73,44,117,38,48,86,203
02/01/2010,MHR,CA,AWP,WE,Federal Contract Tower,2,18,52,8,80,2,24,85,15,126,4,42,137,23,206,102,40,142,348
02/02/2010,MHR,CA,AWP,WE,Federal Contract Tower,10,22,37,8,77,10,34,56,10,110,20,56,93,18,187,66,40,106,293
02/03/2010,MHR,CA,AWP,WE,Federal Contract Tower,10,20,23,12,65,10,27,77,14,128,20,47,100,26,193,72,10,82,275
02/04/2010,MHR,CA,AWP,WE,Federal Contract Tower,12,28,30,16,86,12,33,52,25,122,24,61,82,41,208,12,78,90,298
02/05/2010,MHR,CA,AWP,WE,Federal Contract Tower,6,20,44,13,83,6,25,75,22,128,12,45,119,35,211,36,40,76,287
02/06/2010,MHR,CA,AWP,WE,Federal Contract Tower,1,3,10,1,15,1,3,24,1,29,2,6,34,2,44,4,0,4,48
02/07/2010,MHR,CA,AWP,WE,Federal Contract Tower,0,0,14,0,14,0,0,19,0,19,0,0,33,0,33,8,0,8,41
02/08/2010,MHR,CA,AWP,WE,Federal Contract Tower,2,21,67,6,96,2,22,105,19,148,4,43,172,25,244,22,8,30,274
02/09/2010,MHR,CA,AWP,WE,Federal Contract Tower,9,20,46,21,96,9,27,56,28,120,18,47,102,49,216,34,14,48,264
02/10/2010,MHR,CA,AWP,WE,Federal Contract Tower,10,31,42,8,91,10,32,59,16,117,20,63,101,24,208,74,8,82,290
02/11/2010,MHR,CA,AWP,WE,Federal Contract Tower,11,19,26,19,75,11,26,56,35,128,22,45,82,54,203,80,52,132,335
02/12/2010,MHR,CA,AWP,WE,Federal Contract Tower,7,10,32,10,59,7,19,70,9,105,14,29,102,19,164,20,40,60,224
02/13/2010,MHR,CA,AWP,WE,Federal Contract Tower,1,0,14,1,16,0,0,0,0,0,1,0,14,1,16,20,2,22,38
02/14/2010,MHR,CA,AWP,WE,Federal Contract Tower,0,0,18,12,30,0,0,49,13,62,0,0,67,25,92,20,6,26,118
02/15/2010,MHR,CA,AWP,WE,Federal Contract Tower,2,5,34,5,46,2,8,56,12,78,4,13,90,17,124,8,0,8,132
02/16/2010,MHR,CA,AWP,WE,Federal Contract Tower,10,23,34,12,79,10,30,84,28,152,20,53,118,40,231,102,38,140,371
02/17/2010,MHR,CA,AWP,WE,Federal Contract Tower,11,22,45,29,107,11,34,99,20,164,22,56,144,49,271,148,60,208,479
02/18/2010,MHR,CA,AWP,WE,Federal Contract Tower,11,14,33,9,67,11,26,101,20,158,22,40,134,29,225,22,4,26,251
02/19/2010,MHR,CA,AWP,WE,Federal Contract Tower,6,25,39,10,80,6,29,70,25,130,12,54,109,35,210,22,12,34,244
02/20/2010,MHR,CA,AWP,WE,Federal Contract Tower,1,9,33,7,50,1,9,64,10,84,2,18,97,17,134,8,0,8,142
02/21/2010,MHR,CA,AWP,WE,Federal Contract Tower,0,0,11,4,15,0,0,34,6,40,0,0,45,10,55,0,0,0,55
02/22/2010,MHR,CA,AWP,WE,Federal Contract Tower,3,19,50,3,75,3,27,88,13,131,6,46,138,16,206,52,32,84,290
02/23/2010,MHR,CA,AWP,WE,Federal Contract Tower,10,21,13,30,74,10,27,35,48,120,20,48,48,78,194,26,74,100,294
02/24/2010,MHR,CA,AWP,WE,Federal Contract Tower,9,23,29,18,79,9,30,38,26,103,18,53,67,44,182,0,24,24,206
02/25/2010,MHR,CA,AWP,WE,Federal Contract Tower,6,13,28,7,54,6,21,70,15,112,12,34,98,22,166,62,14,76,242
02/26/2010,MHR,CA,AWP,WE,Federal Contract Tower,6,18,17,5,46,6,26,22,9,63,12,44,39,14,109,0,4,4,113
02/27/2010,MHR,CA,AWP,WE,Federal Contract Tower,1,4,9,4,18,1,5,27,10,43,2,9,36,14,61,30,4,34,95
02/28/2010,MHR,CA,AWP,WE,Federal Contract Tower,0,0,29,7,36,0,0,94,14,108,0,0,123,21,144,26,4,30,174
03/01/2010,MHR,CA,AWP,WE,Federal Contract Tower,3,15,35,17,70,4,21,74,35,134,7,36,109,52,204,34,38,72,276
03/02/2010,MHR,CA,AWP,WE,Federal Contract Tower,12,15,23,0,50,12,18,31,27,88,24,33,54,27,138,0,46,46,184
03/03/2010,MHR,CA,AWP,WE,Federal Contract Tower,10,26,43,26,105,10,27,49,27,113,20,53,92,53,218,2,4,6,224
03/04/2010,MHR,CA,AWP,WE,Federal Contract Tower,10,22,31,10,73,10,28,80,24,142,20,50,111,34,215,36,62,98,313
03/05/2010,MHR,CA,AWP,WE,Federal Contract Tower,7,19,96,11,133,7,27,132,29,195,14,46,228,40,328,114,48,162,490
03/06/2010,MHR,CA,AWP,WE,Federal Contract Tower,1,4,22,3,30,1,7,69,10,87,2,11,91,13,117,12,24,36,153
03/07/2010,MHR,CA,AWP,WE,Federal Contract Tower,0,0,26,7,33,0,0,94,0,94,0,0,120,7,127,16,48,64,191
03/08/2010,MHR,CA,AWP,WE,Federal Contract Tower,3,17,21,10,51,3,22,54,27,106,6,39,75,37,157,40,54,94,251
03/09/2010,MHR,CA,AWP,WE,Federal Contract Tower,12,10,32,21,75,12,20,114,37,183,24,30,146,58,258,112,50,162,420
03/10/2010,MHR,CA,AWP,WE,Federal Contract Tower,10,25,47,6,88,10,29,98,16,153,20,54,145,22,241,66,36,102,343
03/11/2010,MHR,CA,AWP,WE,Federal Contract Tower,11,25,19,16,71,11,29,88,31,159,22,54,107,47,230,142,38,180,410
03/12/2010,MHR,CA,AWP,WE,Federal Contract Tower,6,22,13,5,46,6,25,16,3,50,12,47,29,8,96,0,0,0,96
03/13/2010,MHR,CA,AWP,WE,Federal Contract Tower,1,0,13,0,14,1,3,31,3,38,2,3,44,3,52,4,0,4,56
03/14/2010,MHR,CA,AWP,WE,Federal Contract Tower,0,2,25,1,28,0,3,104,6,113,0,5,129,7,141,8,18,26,167
03/15/2010,MHR,CA,AWP,WE,Federal Contract Tower,3,17,26,14,60,3,29,88,39,159,6,46,114,53,219,180,56,236,455
03/16/2010,MHR,CA,AWP,WE,Federal Contract Tower,10,17,25,7,59,10,32,96,14,152,20,49,121,21,211,114,54,168,379
03/17/2010,MHR,CA,AWP,WE,Federal Contract Tower,10,22,54,10,96,10,33,97,29,169,20,55,151,39,265,86,60,146,411
03/18/2010,MHR,CA,AWP,WE,Federal Contract Tower,9,16,19,2,46,9,28,47,16,100,18,44,66,18,146,10,26,36,182
03/19/2010,MHR,CA,AWP,WE,Federal Contract Tower,8,18,37,7,70,8,29,117,21,175,16,47,154,28,245,66,36,102,347
03/20/2010,MHR,CA,AWP,WE,Federal Contract Tower,1,0,6,5,12,1,3,35,5,44,2,3,41,10,56,18,8,26,82
03/21/2010,MHR,CA,AWP,WE,Federal Contract Tower,0,0,7,3,10,0,0,32,13,45,0,0,39,16,55,20,46,66,121
03/22/2010,MHR,CA,AWP,WE,Federal Contract Tower,2,14,16,2,34,2,22,56,16,96,4,36,72,18,130,42,22,64,194
03/23/2010,MHR,CA,AWP,WE,Federal Contract Tower,10,19,13,10,52,10,26,60,17,113,20,45,73,27,165,96,22,118,283
03/24/2010,MHR,CA,AWP,WE,Federal Contract Tower,10,20,17,17,64,10,38,63,35,146,20,58,80,52,210,104,38,142,352
03/25/2010,MHR,CA,AWP,WE,Federal Contract Tower,12,19,22,12,65,12,30,72,28,142,24,49,94,40,207,32,34,66,273
03/26/2010,MHR,CA,AWP,WE,Federal Contract Tower,7,16,58,25,106,7,28,105,26,166,14,44,163,51,272,42,60,102,374
03/27/2010,MHR,CA,AWP,WE,Federal Contract Tower,1,2,27,0,30,1,4,87,2,94,2,6,114,2,124,0,0,0,124
03/28/2010,MHR,CA,AWP,WE,Federal Contract Tower,0,4,19,0,23,0,4,58,6,68,0,8,77,6,91,14,0,14,105
03/29/2010,MHR,CA,AWP,WE,Federal Contract Tower,4,21,15,11,51,4,26,49,29,108,8,47,64,40,159,0,96,96,255
03/30/2010,MHR,CA,AWP,WE,Federal Contract Tower,10,26,15,0,51,10,25,24,0,59,20,51,39,0,110,0,2,2,112
03/31/2010,MHR,CA,AWP,WE,Federal Contract Tower,13,13,26,24,76,13,14,70,51,148,26,27,96,75,224,30,30,60,284
04/01/2010,MHR,CA,AWP,WE,Federal Contract Tower,8,12,25,23,68,8,30,92,36,166,16,42,117,59,234,82,56,138,372
04/02/2010,MHR,CA,AWP,WE,Federal Contract Tower,8,24,24,1,57,8,27,32,1,68,16,51,56,2,125,0,0,0,125
04/03/2010,MHR,CA,AWP,WE,Federal Contract Tower,1,3,11,0,15,1,7,40,0,48,2,10,51,0,63,0,0,0,63
04/04/2010,MHR,CA,AWP,WE,Federal Contract Tower,0,0,6,0,6,0,0,7,0,7,0,0,13,0,13,0,0,0,13
04/05/2010,MHR,CA,AWP,WE,Federal Contract Tower,3,15,13,15,46,3,20,49,15,87,6,35,62,30,133,38,40,78,211
04/06/2010,MHR,CA,AWP,WE,Federal Contract Tower,9,17,44,4,74,9,22,115,4,150,18,39,159,8,224,78,10,88,312
04/07/2010,MHR,CA,AWP,WE,Federal Contract Tower,10,13,38,8,69,10,22,105,20,157,20,35,143,28,226,56,62,118,344
04/08/2010,MHR,CA,AWP,WE,Federal Contract Tower,10,15,36,11,72,10,20,109,25,164,20,35,145,36,236,60,84,144,380
04/09/2010,MHR,CA,AWP,WE,Federal Contract Tower,6,16,43,2,67,6,33,109,18,166,12,49,152,20,233,84,14,98,331
04/10/2010,MHR,CA,AWP,WE,Federal Contract Tower,1,0,21,9,31,1,3,39,27,70,2,3,60,36,101,0,38,38,139
04/11/2010,MHR,CA,AWP,WE,Federal Contract Tower,0,4,6,0,10,0,3,5,0,8,0,7,11,0,18,0,0,0,18
04/12/2010,MHR,CA,AWP,WE,Federal Contract Tower,3,17,7,0,27,3,20,21,0,44,6,37,28,0,71,0,0,0,71
04/13/2010,MHR,CA,AWP,WE,Federal Contract Tower,10,19,43,7,79,10,29,60,10,109,20,48,103,17,188,30,18,48,236
04/14/2010,MHR,CA,AWP,WE,Federal Contract Tower,11,20,40,17,88,11,34,78,26,149,22,54,118,43,237,54,52,106,343
04/15/2010,MHR,CA,AWP,WE,Federal Contract Tower,10,19,44,20,93,10,29,93,28,160,20,48,137,48,253,128,60,188,441
04/16/2010,MHR,CA,AWP,WE,Federal Contract Tower,9,20,30,11,70,9,33,96,21,159,18,53,126,32,229,78,34,112,341
04/17/2010,MHR,CA,AWP,WE,Federal Contract Tower,1,0,13,0,14,1,4,53,0,58,2,4,66,0,72,4,0,4,76
04/18/2010,MHR,CA,AWP,WE,Federal Contract Tower,0,0,10,0,10,0,0,66,0,66,0,0,76,0,76,8,0,8,84
04/19/2010,MHR,CA,AWP,WE,Federal Contract Tower,2,14,36,7,59,2,23,74,15,114,4,37,110,22,173,44,32,76,249
04/20/2010,MHR,CA,AWP,WE,Federal Contract Tower,10,16,27,2,55,10,23,39,2,74,20,39,66,4,129,0,0,0,129
04/21/2010,MHR,CA,AWP,WE,Federal Contract Tower,10,29,28,45,112,10,31,30,33,104,20,60,58,78,216,10,36,46,262
04/22/2010,MHR,CA,AWP,WE,Federal Contract Tower,13,17,28,19,77,13,31,76,20,140,26,48,104,39,217,70,28,98,315
04/23/2010,MHR,CA,AWP,WE,Federal Contract Tower,9,15,51,8,83,9,25,107,9,150,18,40,158,17,233,68,18,86,319
04/24/2010,MHR,CA,AWP,WE,Federal Contract Tower,1,1,19,3,24,1,4,79,9,93,2,5,98,12,117,30,10,40,157
04/25/2010,MHR,CA,AWP,WE,Federal Contract Tower,0,2,15,0,17,0,2,57,0,59,0,4,72,0,76,10,0,10,86
04/26/2010,MHR,CA,AWP,WE,Federal Contract Tower,4,17,13,4,38,4,21,66,10,101,8,38,79,14,139,10,8,18,157
04/27/2010,MHR,CA,AWP,WE,Federal Contract Tower,12,22,21,0,55,12,24,32,10,78,24,46,53,10,133,0,13,13,146
04/28/2010,MHR,CA,AWP,WE,Federal Contract Tower,10,22,38,25,95,10,32,53,39,134,20,54,91,64,229,10,76,86,315
04/29/2010,MHR,CA,AWP,WE,Federal Contract Tower,10,16,33,19,78,10,33,88,27,158,20,49,121,46,236,72,56,128,364
04/30/2010,MHR,CA,AWP,WE,Federal Contract Tower,5,21,23,11,60,5,32,64,26,127,10,53,87,37,187,10,10,20,207
05/01/2010,MHR,CA,AWP,WE,Federal Contract Tower,1,0,16,10,27,1,3,68,15,87,2,3,84,25,114,14,14,28,142
05/02/2010,MHR,CA,AWP,WE,Federal Contract Tower,0,3,13,2,18,0,3,33,2,38,0,6,46,4,56,0,0,0,56
05/03/2010,MHR,CA,AWP,WE,Federal Contract Tower,2,19,17,5,43,2,25,76,8,111,4,44,93,13,154,48,26,74,228
05/04/2010,MHR,CA,AWP,WE,Federal Contract Tower,10,11,17,0,38,10,22,73,7,112,20,33,90,7,150,4,8,12,162
05/05/2010,MHR,CA,AWP,WE,Federal Contract Tower,9,16,16,3,44,9,32,50,8,99,18,48,66,11,143,16,18,34,177
05/06/2010,MHR,CA,AWP,WE,Federal Contract Tower,10,17,24,1,52,10,26,63,11,110,20,43,87,12,162,4,0,4,166
05/07/2010,MHR,CA,AWP,WE,Federal Contract Tower,10,21,20,18,69,10,33,79,29,151,20,54,99,47,220,8,38,46,266
05/08/2010,MHR,CA,AWP,WE,Federal Contract Tower,1,4,16,1,22,1,10,64,2,77,2,14,80,3,99,18,10,28,127
05/09/2010,MHR,CA,AWP,WE,Federal Contract Tower,0,0,19,7,26,0,0,47,15,62,0,0,66,22,88,0,6,6,94
05/10/2010,MHR,CA,AWP,WE,Federal Contract Tower,3,18,22,4,47,3,26,35,8,72,6,44,57,12,119,0,0,0,119
05/11/2010,MHR,CA,AWP,WE,Federal Contract Tower,9,13,34,19,75,9,27,73,26,135,18,40,107,45,210,22,78,100,310
05/12/2010,MHR,CA,AWP,WE,Federal Contract Tower,10,18,17,12,57,10,29,75,24,138,20,47,92,36,195,24,86,110,305
05/13/2010,MHR,CA,AWP,WE,Federal Contract Tower,11,16,21,6,54,11,31,66,14,122,22,47,87,20,176,40,12,52,228
05/14/2010,MHR,CA,AWP,WE,Federal Contract Tower,6,23,21,2,52,6,34,95,6,141,12,57,116,8,193,28,10,38,231
05/15/2010,MHR,CA,AWP,WE,Federal Contract Tower,1,0,20,0,21,1,3,54,2,60,2,3,74,2,81,16,4,20,101
05/16/2010,MHR,CA,AWP,WE,Federal Contract Tower,0,3,9,2,14,0,3,35,4,42,0,6,44,6,56,16,6,22,78
05/17/2010,MHR,CA,AWP,WE,Federal Contract Tower,3,20,34,30,87,3,24,41,35,103,6,44,75,65,190,20,18,38,228
05/18/2010,MHR,CA,AWP,WE,Federal Contract Tower,9,19,25,25,78,9,27,76,23,135,18,46,101,48,213,2,56,58,271
05/19/2010,MHR,CA,AWP,WE,Federal Contract Tower,12,23,54,8,97,12,31,98,0,141,24,54,152,8,238,22,50,72,310
05/20/2010,MHR,CA,AWP,WE,Federal Contract Tower,12,17,22,7,58,12,24,49,19,104,24,41,71,26,162,8,40,48,210
05/21/2010,MHR,CA,AWP,WE,Federal Contract Tower,7,19,20,3,49,7,26,37,3,73,14,45,57,6,122,10,2,12,134
05/22/2010,MHR,CA,AWP,WE,Federal Contract Tower,1,1,16,0,18,1,4,42,0,47,2,5,58,0,65,8,0,8,73
05/23/2010,MHR,CA,AWP,WE,Federal Contract Tower,0,2,14,0,16,0,2,37,0,39,0,4,51,0,55,10,0,10,65
05/24/2010,MHR,CA,AWP,WE,Federal Contract Tower,3,16,21,9,49,3,20,41,24,88,6,36,62,33,137,4,38,42,179
05/25/2010,MHR,CA,AWP,WE,Federal Contract Tower,10,20,20,19,69,10,23,44,22,99,20,43,64,41,168,2,12,14,182
05/26/2010,MHR,CA,AWP,WE,Federal Contract Tower,9,26,35,23,93,9,34,52,18,113,18,60,87,41,206,20,30,50,256
05/27/2010,MHR,CA,AWP,WE,Federal Contract Tower,11,22,13,14,60,11,30,30,11,82,22,52,43,25,142,0,26,26,168
05/28/2010,MHR,CA,AWP,WE,Federal Contract Tower,7,6,32,1,46,7,17,82,5,111,14,23,114,6,157,26,0,26,183
05/29/2010,MHR,CA,AWP,WE,Federal Contract Tower,1,0,16,0,17,1,5,46,0,52,2,5,62,0,69,22,0,22,91
05/30/2010,MHR,CA,AWP,WE,Federal Contract Tower,0,3,9,1,13,0,1,60,1,62,0,4,69,2,75,14,2,16,91
05/31/2010,MHR,CA,AWP,WE,Federal Contract Tower,0,3,18,0,21,0,3,57,0,60,0,6,75,0,81,18,0,18,99
06/01/2010,MHR,CA,AWP,WE,Federal Contract Tower,5,19,52,25,101,5,22,78,20,125,10,41,130,45,226,28,4,32,258
06/02/2010,MHR,CA,AWP,WE,Federal Contract Tower,11,16,47,14,88,11,27,92,29,159,22,43,139,43,247,26,52,78,325
06/03/2010,MHR,CA,AWP,WE,Federal Contract Tower,10,25,22,11,68,10,33,80,28,151,20,58,102,39,219,32,42,74,293
06/04/2010,MHR,CA,AWP,WE,Federal Contract Tower,8,24,25,5,62,8,33,79,14,134,16,57,104,19,196,32,0,32,228
06/05/2010,MHR,CA,AWP,WE,Federal Contract Tower,2,5,19,0,26,2,5,62,1,70,4,10,81,1,96,2,0,2,98
06/06/2010,MHR,CA,AWP,WE,Federal Contract Tower,0,1,17,1,19,0,1,53,1,55,0,2,70,2,74,14,0,14,88
06/07/2010,MHR,CA,AWP,WE,Federal Contract Tower,3,16,42,11,72,3,23,75,17,118,6,39,117,28,190,20,26,46,236
06/08/2010,MHR,CA,AWP,WE,Federal Contract Tower,11,17,19,11,58,11,28,57,14,110,22,45,76,25,168,12,0,12,180
06/09/2010,MHR,CA,AWP,WE,Federal Contract Tower,10,22,25,5,62,10,24,65,7,106,20,46,90,12,168,8,28,36,204
06/10/2010,MHR,CA,AWP,WE,Federal Contract Tower,11,19,65,13,108,11,28,118,27,184,22,47,183,40,292,42,36,78,370
06/11/2010,MHR,CA,AWP,WE,Federal Contract Tower,9,18,19,6,52,9,29,56,18,112,18,47,75,24,164,0,4,4,168
06/12/2010,MHR,CA,AWP,WE,Federal Contract Tower,1,0,4,3,8,1,3,37,8,49,2,3,41,11,57,6,0,6,63
06/13/2010,MHR,CA,AWP,WE,Federal Contract Tower,0,3,16,2,21,0,3,72,4,79,0,6,88,6,100,12,0,12,112
06/14/2010,MHR,CA,AWP,WE,Federal Contract Tower,2,18,37,3,60,2,24,94,15,135,4,42,131,18,195,26,36,62,257
06/15/2010,MHR,CA,AWP,WE,Federal Contract Tower,11,19,24,12,66,11,29,66,21,127,22,48,90,33,193,2,56,58,251
06/16/2010,MHR,CA,AWP,WE,Federal Contract Tower,11,14,40,31,96,11,19,77,43,150,22,33,117,74,246,24,64,88,334
06/17/2010,MHR,CA,AWP,WE,Federal Contract Tower,13,18,26,15,72,13,31,67,26,137,26,49,93,41,209,38,58,96,305
06/18/2010,MHR,CA,AWP,WE,Federal Contract Tower,9,17,18,18,62,9,25,109,32,175,18,42,127,50,237,12,118,130,367
06/19/2010,MHR,CA,AWP,WE,Federal Contract Tower,1,0,24,2,27,1,3,73,4,81,2,3,97,6,108,8,0,8,116
06/20/2010,MHR,CA,AWP,WE,Federal Contract Tower,0,0,6,0,6,0,0,40,0,40,0,0,46,0,46,0,0,0,46
06/21/2010,MHR,CA,AWP,WE,Federal Contract Tower,6,16,24,2,48,6,25,81,4,116,12,41,105,6,164,24,12,36,200
06/22/2010,MHR,CA,AWP,WE,Federal Contract Tower,11,14,19,11,55,11,24,63,18,116,22,38,82,29,171,22,24,46,217
06/23/2010,MHR,CA,AWP,WE,Federal Contract Tower,12,15,43,4,74,12,28,136,17,193,24,43,179,21,267,56,24,80,347
06/24/2010,MHR,CA,AWP,WE,Federal Contract Tower,11,15,26,17,69,11,27,96,19,153,22,42,122,36,222,80,28,108,330
06/25/2010,MHR,CA,AWP,WE,Federal Contract Tower,8,18,16,7,49,8,29,76,14,127,16,47,92,21,176,40,36,76,252
06/26/2010,MHR,CA,AWP,WE,Federal Contract Tower,1,12,8,0,21,1,3,63,8,75,2,15,71,8,96,0,30,30,126
06/27/2010,MHR,CA,AWP,WE,Federal Contract Tower,0,0,14,0,14,0,0,58,0,58,0,0,72,0,72,8,8,16,88
06/28/2010,MHR,CA,AWP,WE,Federal Contract Tower,3,3,35,5,46,3,8,120,23,154,6,11,155,28,200,8,32,40,240
06/29/2010,MHR,CA,AWP,WE,Federal Contract Tower,24,9,13,10,56,24,19,61,38,142,48,28,74,48,198,20,42,62,260
06/30/2010,MHR,CA,AWP,WE,Federal Contract Tower,12,5,26,12,55,12,18,93,14,137,24,23,119,26,192,12,28,40,232
07/01/2010,MHR,CA,AWP,WE,Federal Contract Tower,10,6,18,0,34,10,16,91,8,125,20,22,109,8,159,18,4,22,181
07/02/2010,MHR,CA,AWP,WE,Federal Contract Tower,7,5,28,0,40,7,18,128,1,154,14,23,156,1,194,86,0,86,280
07/03/2010,MHR,CA,AWP,WE,Federal Contract Tower,2,4,8,1,15,2,11,60,7,80,4,15,68,8,95,24,20,44,139
07/04/2010,MHR,CA,AWP,WE,Federal Contract Tower,0,0,6,0,6,0,0,33,4,37,0,0,39,4,43,0,2,2,45
07/05/2010,MHR,CA,AWP,WE,Federal Contract Tower,0,1,22,0,23,0,1,67,0,68,0,2,89,0,91,4,0,4,95
07/06/2010,MHR,CA,AWP,WE,Federal Contract Tower,4,14,21,3,42,4,24,67,20,115,8,38,88,23,157,8,40,48,205
07/07/2010,MHR,CA,AWP,WE,Federal Contract Tower,11,13,21,14,59,11,24,80,31,146,22,37,101,45,205,14,52,66,271
07/08/2010,MHR,CA,AWP,WE,Federal Contract Tower,10,14,15,10,49,10,25,69,30,134,20,39,84,40,183,24,52,76,259
07/09/2010,MHR,CA,AWP,WE,Federal Contract Tower,6,20,20,4,50,6,25,84,18,133,12,45,104,22,183,24,16,40,223
07/10/2010,MHR,CA,AWP,WE,Federal Contract Tower,1,0,6,0,7,1,3,62,0,66,2,3,68,0,73,32,0,32,105
07/11/2010,MHR,CA,AWP,WE,Federal Contract Tower,0,2,3,0,5,0,3,30,0,33,0,5,33,0,38,2,0,2,40
07/12/2010,MHR,CA,AWP,WE,Federal Contract Tower,3,15,42,2,62,3,24,89,7,123,6,39,131,9,185,20,18,38,223
07/13/2010,MHR,CA,AWP,WE,Federal Contract Tower,13,14,30,7,64,13,26,82,16,137,26,40,112,23,201,22,42,64,265
07/14/2010,MHR,CA,AWP,WE,Federal Contract Tower,14,18,21,6,59,14,28,59,19,120,28,46,80,25,179,18,62,80,259
07/15/2010,MHR,CA,AWP,WE,Federal Contract Tower,11,15,16,8,50,11,28,67,23,129,22,43,83,31,179,12,22,34,213
07/16/2010,MHR,CA,AWP,WE,Federal Contract Tower,7,16,18,10,51,7,28,96,31,162,14,44,114,41,213,14,44,58,271
07/17/2010,MHR,CA,AWP,WE,Federal Contract Tower,1,0,13,0,14,1,3,62,0,66,2,3,75,0,80,24,0,24,104
07/18/2010,MHR,CA,AWP,WE,Federal Contract Tower,0,2,12,0,14,0,2,63,0,65,0,4,75,0,79,0,0,0,79
07/19/2010,MHR,CA,AWP,WE,Federal Contract Tower,4,20,20,4,48,4,19,56,11,90,8,39,76,15,138,28,26,54,192
07/20/2010,MHR,CA,AWP,WE,Federal Contract Tower,10,15,18,22,65,10,25,83,19,137,20,40,101,41,202,50,46,96,298
07/21/2010,MHR,CA,AWP,WE,Federal Contract Tower,11,21,16,1,49,11,37,72,10,130,22,58,88,11,179,30,14,44,223
07/22/2010,MHR,CA,AWP,WE,Federal Contract Tower,12,18,21,5,56,12,33,79,11,135,24,51,100,16,191,4,10,14,205
07/23/2010,MHR,CA,AWP,WE,Federal Contract Tower,6,19,17,9,51,6,28,101,24,159,12,47,118,33,210,28,34,62,272
07/24/2010,MHR,CA,AWP,WE,Federal Contract Tower,2,1,21,0,24,3,4,65,0,72,5,5,86,0,96,12,0,12,108
07/25/2010,MHR,CA,AWP,WE,Federal Contract Tower,0,2,19,6,27,4,2,45,24,75,4,4,64,30,102,16,18,34,136
07/26/2010,MHR,CA,AWP,WE,Federal Contract Tower,4,15,15,9,43,4,22,51,16,93,8,37,66,25,136,4,24,28,164
07/27/2010,MHR,CA,AWP,WE,Federal Contract Tower,10,17,15,3,45,10,25,62,18,115,20,42,77,21,160,34,12,46,206
07/28/2010,MHR,CA,AWP,WE,Federal Contract Tower,9,18,34,16,77,9,25,71,20,125,18,43,105,36,202,32,10,42,244
07/29/2010,MHR,CA,AWP,WE,Federal Contract Tower,12,16,24,7,59,12,29,84,10,135,24,45,108,17,194,38,26,64,258
07/30/2010,MHR,CA,AWP,WE,Federal Contract Tower,6,14,11,4,35,6,28,61,6,101,12,42,72,10,136,7,35,42,178
07/31/2010,MHR,CA,AWP,WE,Federal Contract Tower,1,0,22,0,23,1,3,53,0,57,2,3,75,0,80,2,0,2,82
08/01/2010,MHR,CA,AWP,WE,Federal Contract Tower,0,0,6,0,6,0,0,23,0,23,0,0,29,0,29,4,0,4,33
08/02/2010,MHR,CA,AWP,WE,Federal Contract Tower,3,17,4,3,27,3,25,48,6,82,6,42,52,9,109,26,8,34,143
08/03/2010,MHR,CA,AWP,WE,Federal Contract Tower,13,11,18,23,65,13,23,56,26,118,26,34,74,49,183,24,48,72,255
08/04/2010,MHR,CA,AWP,WE,Federal Contract Tower,10,15,19,14,58,10,27,80,28,145,20,42,99,42,203,48,66,114,317
08/05/2010,MHR,CA,AWP,WE,Federal Contract Tower,10,14,21,24,69,10,27,80,45,162,20,41,101,69,231,24,54,78,309
08/06/2010,MHR,CA,AWP,WE,Federal Contract Tower,6,21,18,2,47,7,34,117,9,167,13,55,135,11,214,36,28,64,278
08/07/2010,MHR,CA,AWP,WE,Federal Contract Tower,1,4,21,0,26,1,6,73,0,80,2,10,94,0,106,3,0,3,109
08/08/2010,MHR,CA,AWP,WE,Federal Contract Tower,0,0,18,5,23,0,0,57,10,67,0,0,75,15,90,4,0,4,94
08/09/2010,MHR,CA,AWP,WE,Federal Contract Tower,3,16,18,4,41,3,25,77,11,116,6,41,95,15,157,24,12,36,193
08/10/2010,MHR,CA,AWP,WE,Federal Contract Tower,13,16,19,19,67,13,34,69,25,141,26,50,88,44,208,2,71,73,281
08/11/2010,MHR,CA,AWP,WE,Federal Contract Tower,9,17,26,6,58,9,31,59,19,118,18,48,85,25,176,28,40,68,244
08/12/2010,MHR,CA,AWP,WE,Federal Contract Tower,10,19,46,14,89,10,27,90,26,153,20,46,136,40,242,30,32,62,304
08/13/2010,MHR,CA,AWP,WE,Federal Contract Tower,6,16,16,1,39,6,21,74,1,102,12,37,90,2,141,8,14,22,163
08/14/2010,MHR,CA,AWP,WE,Federal Contract Tower,1,2,12,2,17,1,5,53,0,59,2,7,65,2,76,8,0,8,84
08/15/2010,MHR,CA,AWP,WE,Federal Contract Tower,0,5,18,0,23,0,5,50,0,55,0,10,68,0,78,0,0,0,78
08/16/2010,MHR,CA,AWP,WE,Federal Contract Tower,3,18,15,7,43,3,26,49,19,97,6,44,64,26,140,0,56,56,196
08/17/2010,MHR,CA,AWP,WE,Federal Contract Tower,12,15,27,13,67,12,23,66,16,117,24,38,93,29,184,32,58,90,274
08/18/2010,MHR,CA,AWP,WE,Federal Contract Tower,10,17,24,10,61,10,29,84,29,152,20,46,108,39,213,34,22,56,269
08/19/2010,MHR,CA,AWP,WE,Federal Contract Tower,11,12,35,4,62,11,24,94,23,152,22,36,129,27,214,16,16,32,246
08/20/2010,MHR,CA,AWP,WE,Federal Contract Tower,6,14,19,6,45,6,26,93,6,131,12,40,112,12,176,42,0,42,218
08/21/2010,MHR,CA,AWP,WE,Federal Contract Tower,1,4,14,10,29,1,6,33,14,54,2,10,47,24,83,0,4,4,87
08/22/2010,MHR,CA,AWP,WE,Federal Contract Tower,0,0,19,4,23,0,0,50,9,59,0,0,69,13,82,2,0,2,84
08/23/2010,MHR,CA,AWP,WE,Federal Contract Tower,2,15,13,7,37,2,22,59,24,107,4,37,72,31,144,0,40,40,184
08/24/2010,MHR,CA,AWP,WE,Federal Contract Tower,13,16,21,6,56,13,28,47,18,106,26,44,68,24,162,0,16,16,178
08/25/2010,MHR,CA,AWP,WE,Federal Contract Tower,11,17,10,5,43,11,29,57,13,110,22,46,67,18,153,6,46,52,205
08/26/2010,MHR,CA,AWP,WE,Federal Contract Tower,11,17,8,23,59,11,27,71,43,152,22,44,79,66,211,38,52,90,301
08/27/2010,MHR,CA,AWP,WE,Federal Contract Tower,6,20,10,3,39,6,35,80,4,125,12,55,90,7,164,8,0,8,172
08/28/2010,MHR,CA,AWP,WE,Federal Contract Tower,1,1,7,0,9,1,4,55,0,60,2,5,62,0,69,22,0,22,91
08/29/2010,MHR,CA,AWP,WE,Federal Contract Tower,0,0,6,0,6,0,0,49,0,49,0,0,55,0,55,8,0,8,63
08/30/2010,MHR,CA,AWP,WE,Federal Contract Tower,2,14,31,0,47,2,23,72,0,97,4,37,103,0,144,6,0,6,150
08/31/2010,MHR,CA,AWP,WE,Federal Contract Tower,9,12,24,10,55,9,25,74,11,119,18,37,98,21,174,26,24,50,224
09/01/2010,MHR,CA,AWP,WE,Federal Contract Tower,10,16,19,7,52,10,25,66,15,116,20,41,85,22,168,16,4,20,188
09/02/2010,MHR,CA,AWP,WE,Federal Contract Tower,10,13,22,6,51,10,18,77,29,134,20,31,99,35,185,10,0,10,195
09/03/2010,MHR,CA,AWP,WE,Federal Contract Tower,6,8,12,0,26,6,22,73,0,101,12,30,85,0,127,24,0,24,151
09/04/2010,MHR,CA,AWP,WE,Federal Contract Tower,1,4,9,0,14,1,9,36,0,46,2,13,45,0,60,8,0,8,68
09/05/2010,MHR,CA,AWP,WE,Federal Contract Tower,0,0,9,0,9,0,0,53,0,53,0,0,62,0,62,20,0,20,82
09/06/2010,MHR,CA,AWP,WE,Federal Contract Tower,0,1,24,0,25,0,2,60,0,62,0,3,84,0,87,0,0,0,87
09/07/2010,MHR,CA,AWP,WE,Federal Contract Tower,4,8,6,2,20,4,25,50,14,93,8,33,56,16,113,10,20,30,143
09/08/2010,MHR,CA,AWP,WE,Federal Contract Tower,11,21,30,13,75,11,27,81,25,144,22,48,111,38,219,14,30,44,263
09/09/2010,MHR,CA,AWP,WE,Federal Contract Tower,10,18,18,18,64,10,25,87,21,143,20,43,105,39,207,4,20,24,231
09/10/2010,MHR,CA,AWP,WE,Federal Contract Tower,6,18,5,12,41,6,26,65,28,125,12,44,70,40,166,52,62,114,280
09/11/2010,MHR,CA,AWP,WE,Federal Contract Tower,3,0,2,3,8,3,5,21,7,36,6,5,23,10,44,8,0,8,52
09/12/2010,MHR,CA,AWP,WE,Federal Contract Tower,0,0,3,3,6,0,0,138,9,147,0,0,141,12,153,26,4,30,183
09/13/2010,MHR,CA,AWP,WE,Federal Contract Tower,2,17,14,12,45,2,25,90,29,146,4,42,104,41,191,8,16,24,215
09/14/2010,MHR,CA,AWP,WE,Federal Contract Tower,11,13,20,10,54,11,24,69,17,121,22,37,89,27,175,4,10,14,189
09/15/2010,MHR,CA,AWP,WE,Federal Contract Tower,10,18,17,4,49,10,24,60,14,108,20,42,77,18,157,0,16,16,173
09/16/2010,MHR,CA,AWP,WE,Federal Contract Tower,10,18,13,2,43,10,27,76,12,125,20,45,89,14,168,10,40,50,218
09/17/2010,MHR,CA,AWP,WE,Federal Contract Tower,8,29,15,7,59,8,30,56,14,108,16,59,71,21,167,10,24,34,201
09/18/2010,MHR,CA,AWP,WE,Federal Contract Tower,1,7,15,4,27,1,7,40,8,56,2,14,55,12,83,2,0,2,85
09/19/2010,MHR,CA,AWP,WE,Federal Contract Tower,0,2,5,1,8,0,2,11,1,14,0,4,16,2,22,0,0,0,22
09/20/2010,MHR,CA,AWP,WE,Federal Contract Tower,3,15,29,4,51,3,22,76,8,109,6,37,105,12,160,2,0,2,162
09/21/2010,MHR,CA,AWP,WE,Federal Contract Tower,10,19,25,4,58,10,26,67,16,119,20,45,92,20,177,24,88,112,289
09/22/2010,MHR,CA,AWP,WE,Federal Contract Tower,12,22,28,9,71,12,35,102,17,166,24,57,130,26,237,10,62,72,309
09/23/2010,MHR,CA,AWP,WE,Federal Contract Tower,11,15,20,7,53,11,32,91,27,161,22,47,111,34,214,16,48,64,278
09/24/2010,MHR,CA,AWP,WE,Federal Contract Tower,7,21,33,6,67,7,31,77,16,131,14,52,110,22,198,16,6,22,220
09/25/2010,MHR,CA,AWP,WE,Federal Contract Tower,1,0,16,5,22,1,4,70,13,88,2,4,86,18,110,2,0,2,112
09/26/2010,MHR,CA,AWP,WE,Federal Contract Tower,3,2,16,0,21,3,2,59,0,64,6,4,75,0,85,8,0,8,93
09/27/2010,MHR,CA,AWP,WE,Federal Contract Tower,4,20,17,8,49,4,27,54,21,106,8,47,71,29,155,10,42,52,207
09/28/2010,MHR,CA,AWP,WE,Federal Contract Tower,11,12,6,12,41,11,21,61,14,107,22,33,67,26,148,34,32,66,214
09/29/2010,MHR,CA,AWP,WE,Federal Contract Tower,10,18,21,1,50,10,27,56,6,99,20,45,77,7,149,2,0,2,151
09/30/2010,MHR,CA,AWP,WE,Federal Contract Tower,10,15,26,4,55,10,26,118,23,177,20,41,144,27,232,12,46,58,290
10/01/2010,MHR,CA,AWP,WE,Federal Contract Tower,6,18,21,3,48,6,26,69,8,109,12,44,90,11,157,2,42,44,201
10/02/2010,MHR,CA,AWP,WE,Federal Contract Tower,1,0,10,2,13,1,3,46,10,60,2,3,56,12,73,16,2,18,91
10/03/2010,MHR,CA,AWP,WE,Federal Contract Tower,0,2,16,5,23,0,2,59,10,71,0,4,75,15,94,24,20,44,138
10/04/2010,MHR,CA,AWP,WE,Federal Contract Tower,3,18,14,4,39,3,24,46,9,82,6,42,60,13,121,40,0,40,161
10/05/2010,MHR,CA,AWP,WE,Federal Contract Tower,9,17,14,21,61,9,24,46,28,107,18,41,60,49,168,36,40,76,244
10/06/2010,MHR,CA,AWP,WE,Federal Contract Tower,10,21,25,10,66,10,34,132,19,195,20,55,157,29,261,10,40,50,311
10/07/2010,MHR,CA,AWP,WE,Federal Contract Tower,10,17,24,14,65,10,32,96,15,153,20,49,120,29,218,18,36,54,272
10/08/2010,MHR,CA,AWP,WE,Federal Contract Tower,7,25,21,12,65,7,36,67,16,126,14,61,88,28,191,0,58,58,249
10/09/2010,MHR,CA,AWP,WE,Federal Contract Tower,1,2,10,0,13,1,5,47,0,53,2,7,57,0,66,26,0,26,92
10/10/2010,MHR,CA,AWP,WE,Federal Contract Tower,0,3,19,3,25,0,3,61,3,67,0,6,80,6,92,12,0,12,104
10/11/2010,MHR,CA,AWP,WE,Federal Contract Tower,3,16,23,0,42,3,23,56,0,82,6,39,79,0,124,0,0,0,124
10/12/2010,MHR,CA,AWP,WE,Federal Contract Tower,8,14,16,12,50,8,21,49,23,101,16,35,65,35,151,30,66,96,247
10/13/2010,MHR,CA,AWP,WE,Federal Contract Tower,10,19,29,2,60,10,27,61,12,110,20,46,90,14,170,36,24,60,230
10/14/2010,MHR,CA,AWP,WE,Federal Contract Tower,10,29,22,8,69,10,25,67,20,122,20,54,89,28,191,42,44,86,277
10/15/2010,MHR,CA,AWP,WE,Federal Contract Tower,6,15,36,14,71,6,25,88,16,135,12,40,124,30,206,4,24,28,234
10/16/2010,MHR,CA,AWP,WE,Federal Contract Tower,1,0,15,0,16,1,3,51,4,59,2,3,66,4,75,16,0,16,91
10/17/2010,MHR,CA,AWP,WE,Federal Contract Tower,0,5,18,3,26,0,5,50,4,59,0,10,68,7,85,6,0,6,91
10/18/2010,MHR,CA,AWP,WE,Federal Contract Tower,4,17,29,9,59,4,26,51,18,99,8,43,80,27,158,0,14,14,172
10/19/2010,MHR,CA,AWP,WE,Federal Contract Tower,10,16,22,13,61,10,34,98,32,174,20,50,120,45,235,14,26,40,275
10/20/2010,MHR,CA,AWP,WE,Federal Contract Tower,10,20,19,12,61,10,28,60,21,119,20,48,79,33,180,20,42,62,242
10/21/2010,MHR,CA,AWP,WE,Federal Contract Tower,11,18,23,19,71,11,29,62,30,132,22,47,85,49,203,30,58,88,291
10/22/2010,MHR,CA,AWP,WE,Federal Contract Tower,5,24,35,24,88,5,27,57,32,121,10,51,92,56,209,0,50,50,259
10/23/2010,MHR,CA,AWP,WE,Federal Contract Tower,1,4,13,2,20,1,4,25,2,32,2,8,38,4,52,0,0,0,52
10/24/2010,MHR,CA,AWP,WE,Federal Contract Tower,0,1,7,0,8,0,1,7,0,8,0,2,14,0,16,0,0,0,16
10/25/2010,MHR,CA,AWP,WE,Federal Contract Tower,4,21,21,14,60,4,32,92,24,152,8,53,113,38,212,0,38,38,250
10/26/2010,MHR,CA,AWP,WE,Federal Contract Tower,10,15,29,4,58,10,20,60,12,102,20,35,89,16,160,0,54,54,214
10/27/2010,MHR,CA,AWP,WE,Federal Contract Tower,10,21,32,14,77,10,31,104,30,175,20,52,136,44,252,24,58,82,334
10/28/2010,MHR,CA,AWP,WE,Federal Contract Tower,10,20,37,7,74,10,22,96,10,138,20,42,133,17,212,42,30,72,284
10/29/2010,MHR,CA,AWP,WE,Federal Contract Tower,6,22,22,12,62,6,21,72,16,115,12,43,94,28,177,18,18,36,213
10/30/2010,MHR,CA,AWP,WE,Federal Contract Tower,1,3,11,0,15,1,3,20,0,24,2,6,31,0,39,0,0,0,39
10/31/2010,MHR,CA,AWP,WE,Federal Contract Tower,0,0,14,7,21,0,14,33,8,55,0,14,47,15,76,16,0,16,92
11/01/2010,MHR,CA,AWP,WE,Federal Contract Tower,3,17,32,6,58,3,23,76,12,114,6,40,108,18,172,10,16,26,198
11/02/2010,MHR,CA,AWP,WE,Federal Contract Tower,11,18,30,6,65,11,37,87,15,150,22,55,117,21,215,6,46,52,267
11/03/2010,MHR,CA,AWP,WE,Federal Contract Tower,10,12,34,13,69,10,23,72,24,129,20,35,106,37,198,12,44,56,254
11/04/2010,MHR,CA,AWP,WE,Federal Contract Tower,10,16,27,8,61,10,26,79,15,130,20,42,106,23,191,2,18,20,211
11/05/2010,MHR,CA,AWP,WE,Federal Contract Tower,7,20,22,0,49,7,27,74,2,110,14,47,96,2,159,14,0,14,173
11/06/2010,MHR,CA,AWP,WE,Federal Contract Tower,1,2,23,0,26,1,2,50,4,57,2,4,73,4,83,30,0,30,113
11/07/2010,MHR,CA,AWP,WE,Federal Contract Tower,1,1,12,0,14,1,1,15,0,17,2,2,27,0,31,0,0,0,31
11/08/2010,MHR,CA,AWP,WE,Federal Contract Tower,3,15,32,7,57,3,20,67,16,106,6,35,99,23,163,12,36,48,211
11/09/2010,MHR,CA,AWP,WE,Federal Contract Tower,10,23,13,12,58,10,24,55,13,102,20,47,68,25,160,2,20,22,182
11/10/2010,MHR,CA,AWP,WE,Federal Contract Tower,10,19,30,10,69,10,24,87,23,144,20,43,117,33,213,18,60,78,291
11/11/2010,MHR,CA,AWP,WE,Federal Contract Tower,10,16,13,2,41,10,23,45,5,83,20,39,58,7,124,16,0,16,140
11/12/2010,MHR,CA,AWP,WE,Federal Contract Tower,5,16,25,9,55,5,29,118,9,161,10,45,143,18,216,34,56,90,306
11/13/2010,MHR,CA,AWP,WE,Federal Contract Tower,1,2,13,4,20,1,6,56,9,72,2,8,69,13,92,22,32,54,146
11/14/2010,MHR,CA,AWP,WE,Federal Contract Tower,0,0,25,1,26,0,0,61,1,62,0,0,86,2,88,20,0,20,108
11/15/2010,MHR,CA,AWP,WE,Federal Contract Tower,3,15,21,28,67,3,24,63,44,134,6,39,84,72,201,26,54,80,281
11/16/2010,MHR,CA,AWP,WE,Federal Contract Tower,10,18,15,12,55,10,29,60,22,121,20,47,75,34,176,6,14,20,196
11/17/2010,MHR,CA,AWP,WE,Federal Contract Tower,10,16,17,7,50,10,28,62,17,117,20,44,79,24,167,6,68,74,241
11/18/2010,MHR,CA,AWP,WE,Federal Contract Tower,12,23,33,3,71,12,32,63,11,118,24,55,96,14,189,4,8,12,201
11/19/2010,MHR,CA,AWP,WE,Federal Contract Tower,5,29,30,20,84,5,29,29,26,89,10,58,59,46,173,10,0,10,183
11/20/2010,MHR,CA,AWP,WE,Federal Contract Tower,1,4,4,0,9,1,4,3,0,8,2,8,7,0,17,0,0,0,17
11/21/2010,MHR,CA,AWP,WE,Federal Contract Tower,0,1,9,0,10,0,1,14,0,15,0,2,23,0,25,0,0,0,25
11/22/2010,MHR,CA,AWP,WE,Federal Contract Tower,6,8,16,12,42,6,10,26,18,60,12,18,42,30,102,2,48,50,152
11/23/2010,MHR,CA,AWP,WE,Federal Contract Tower,11,12,21,4,48,11,15,27,13,66,22,27,48,17,114,0,20,20,134
11/24/2010,MHR,CA,AWP,WE,Federal Contract Tower,9,3,38,2,52,9,12,76,10,107,18,15,114,12,159,10,40,50,209
11/25/2010,MHR,CA,AWP,WE,Federal Contract Tower,1,0,9,0,10,1,0,27,0,28,2,0,36,0,38,4,0,4,42
11/26/2010,MHR,CA,AWP,WE,Federal Contract Tower,4,16,12,0,32,4,21,49,0,74,8,37,61,0,106,16,0,16,122
11/27/2010,MHR,CA,AWP,WE,Federal Contract Tower,1,3,7,0,11,1,3,11,0,15,2,6,18,0,26,0,0,0,26
11/28/2010,MHR,CA,AWP,WE,Federal Contract Tower,0,1,20,3,24,0,1,42,5,48,0,2,62,8,72,16,0,16,88
11/29/2010,MHR,CA,AWP,WE,Federal Contract Tower,3,14,16,21,54,3,20,57,33,113,6,34,73,54,167,28,46,74,241
11/30/2010,MHR,CA,AWP,WE,Federal Contract Tower,15,14,11,14,54,15,28,45,36,124,30,42,56,50,178,18,94,112,290
12/01/2010,MHR,CA,AWP,WE,Federal Contract Tower,12,25,15,13,65,12,20,56,20,108,24,45,71,33,173,14,50,64,237
12/02/2010,MHR,CA,AWP,WE,Federal Contract Tower,12,19,21,14,66,12,29,22,14,77,24,48,43,28,143,6,46,52,195
12/03/2010,MHR,CA,AWP,WE,Federal Contract Tower,8,31,30,0,69,8,27,44,0,79,16,58,74,0,148,0,0,0,148
12/04/2010,MHR,CA,AWP,WE,Federal Contract Tower,2,3,11,4,20,2,3,27,4,36,4,6,38,8,56,8,0,8,64
12/05/2010,MHR,CA,AWP,WE,Federal Contract Tower,0,4,13,2,19,0,4,24,2,30,0,8,37,4,49,6,0,6,55
12/06/2010,MHR,CA,AWP,WE,Federal Contract Tower,3,16,22,12,53,3,20,55,12,90,6,36,77,24,143,14,38,52,195
12/07/2010,MHR,CA,AWP,WE,Federal Contract Tower,10,13,23,11,57,10,20,73,19,122,20,33,96,30,179,8,54,62,241
12/08/2010,MHR,CA,AWP,WE,Federal Contract Tower,12,27,22,11,72,12,27,44,19,102,24,54,66,30,174,4,32,36,210
12/09/2010,MHR,CA,AWP,WE,Federal Contract Tower,12,21,27,31,91,12,26,62,24,124,24,47,89,55,215,34,56,90,305
12/10/2010,MHR,CA,AWP,WE,Federal Contract Tower,8,25,37,8,78,8,29,49,8,94,16,54,86,16,172,0,0,0,172
12/11/2010,MHR,CA,AWP,WE,Federal Contract Tower,3,3,9,4,19,2,3,14,4,23,5,6,23,8,42,0,0,0,42
12/12/2010,MHR,CA,AWP,WE,Federal Contract Tower,0,3,33,1,37,0,3,52,1,56,0,6,85,2,93,0,0,0,93
12/13/2010,MHR,CA,AWP,WE,Federal Contract Tower,4,30,20,38,92,4,30,35,43,112,8,60,55,81,204,0,0,0,204
12/14/2010,MHR,CA,AWP,WE,Federal Contract Tower,20,30,34,12,96,20,30,35,13,98,40,60,69,25,194,0,4,4,198
12/15/2010,MHR,CA,AWP,WE,Federal Contract Tower,18,24,40,9,91,18,36,87,24,165,36,60,127,33,256,14,62,76,332
12/16/2010,MHR,CA,AWP,WE,Federal Contract Tower,19,40,44,11,114,19,48,94,11,172,38,88,138,22,286,2,10,12,298
12/17/2010,MHR,CA,AWP,WE,Federal Contract Tower,15,34,17,33,99,15,34,17,36,102,30,68,34,69,201,0,0,0,201
12/18/2010,MHR,CA,AWP,WE,Federal Contract Tower,9,6,21,1,37,9,6,24,1,40,18,12,45,2,77,0,0,0,77
12/19/2010,MHR,CA,AWP,WE,Federal Contract Tower,4,3,8,0,15,4,3,12,0,19,8,6,20,0,34,0,0,0,34
12/20/2010,MHR,CA,AWP,WE,Federal Contract Tower,9,15,25,28,77,9,24,41,50,124,18,39,66,78,201,6,48,54,255
12/21/2010,MHR,CA,AWP,WE,Federal Contract Tower,26,21,17,34,98,26,11,37,30,104,52,32,54,64,202,16,22,38,240
12/22/2010,MHR,CA,AWP,WE,Federal Contract Tower,29,24,21,11,85,29,24,39,19,111,58,48,60,30,196,0,12,12,208
12/23/2010,MHR,CA,AWP,WE,Federal Contract Tower,23,5,33,0,61,23,20,59,5,107,46,25,92,5,168,0,18,18,186
12/24/2010,MHR,CA,AWP,WE,Federal Contract Tower,15,20,13,0,48,15,30,32,0,77,30,50,45,0,125,22,0,22,147
12/25/2010,MHR,CA,AWP,WE,Federal Contract Tower,0,1,0,0,1,0,1,0,0,1,0,2,0,0,2,0,0,0,2
12/26/2010,MHR,CA,AWP,WE,Federal Contract Tower,1,2,5,0,8,1,2,12,0,15,2,4,17,0,23,0,0,0,23
12/27/2010,MHR,CA,AWP,WE,Federal Contract Tower,2,10,16,0,28,2,16,48,3,69,4,26,64,3,97,4,0,4,101
12/28/2010,MHR,CA,AWP,WE,Federal Contract Tower,12,15,27,13,67,12,14,28,24,78,24,29,55,37,145,0,8,8,153
12/29/2010,MHR,CA,AWP,WE,Federal Contract Tower,10,8,11,2,31,10,13,37,13,73,20,21,48,15,104,6,0,6,110
12/30/2010,MHR,CA,AWP,WE,Federal Contract Tower,10,9,13,8,40,10,23,61,6,100,20,32,74,14,140,10,6,16,156
12/31/2010,MHR,CA,AWP,WE,Federal Contract Tower,6,4,13,0,23,6,13,48,0,67,12,17,61,0,90,22,0,22,112
01/01/2011,MHR,CA,AWP,WE,Federal Contract Tower,0,3,3,0,6,0,3,11,0,14,0,6,14,0,20,2,0,2,22
01/02/2011,MHR,CA,AWP,WE,Federal Contract Tower,1,2,7,0,10,1,2,9,0,12,2,4,16,0,22,0,0,0,22
01/03/2011,MHR,CA,AWP,WE,Federal Contract Tower,3,17,15,8,43,3,25,33,12,73,6,42,48,20,116,0,0,0,116
01/04/2011,MHR,CA,AWP,WE,Federal Contract Tower,5,13,11,11,40,5,23,51,26,105,10,36,62,37,145,26,34,60,205
01/05/2011,MHR,CA,AWP,WE,Federal Contract Tower,10,20,16,12,58,10,31,38,22,101,20,51,54,34,159,20,44,64,223
01/06/2011,MHR,CA,AWP,WE,Federal Contract Tower,5,29,33,3,70,5,28,30,2,65,10,57,63,5,135,0,0,0,135
01/07/2011,MHR,CA,AWP,WE,Federal Contract Tower,6,36,15,4,61,6,36,15,4,61,12,72,30,8,122,0,0,0,122
01/08/2011,MHR,CA,AWP,WE,Federal Contract Tower,1,6,28,16,51,1,6,28,16,51,2,12,56,32,102,0,0,0,102
01/09/2011,MHR,CA,AWP,WE,Federal Contract Tower,0,0,18,26,44,0,0,40,46,86,0,0,58,72,130,4,50,54,184
01/10/2011,MHR,CA,AWP,WE,Federal Contract Tower,3,17,11,5,36,3,23,57,13,96,6,40,68,18,132,24,16,40,172
01/11/2011,MHR,CA,AWP,WE,Federal Contract Tower,11,19,29,31,90,11,24,46,43,124,22,43,75,74,214,2,96,98,312
01/12/2011,MHR,CA,AWP,WE,Federal Contract Tower,10,28,25,10,73,10,34,59,13,116,20,62,84,23,189,0,0,0,189
01/13/2011,MHR,CA,AWP,WE,Federal Contract Tower,10,24,26,35,95,10,24,25,38,97,20,48,51,73,192,8,36,44,236
01/14/2011,MHR,CA,AWP,WE,Federal Contract Tower,6,35,28,14,83,6,41,68,19,134,12,76,96,33,217,6,34,40,257
01/15/2011,MHR,CA,AWP,WE,Federal Contract Tower,1,0,15,4,20,1,3,17,4,25,2,3,32,8,45,0,0,0,45
01/16/2011,MHR,CA,AWP,WE,Federal Contract Tower,0,0,16,4,20,0,0,20,4,24,0,0,36,8,44,0,0,0,44
01/17/2011,MHR,CA,AWP,WE,Federal Contract Tower,3,29,24,0,56,3,29,30,0,62,6,58,54,0,118,0,0,0,118
01/18/2011,MHR,CA,AWP,WE,Federal Contract Tower,10,26,18,6,60,10,31,43,0,84,20,57,61,6,144,14,12,26,170
01/19/2011,MHR,CA,AWP,WE,Federal Contract Tower,10,23,27,14,74,10,36,55,17,118,20,59,82,31,192,6,12,18,210
01/20/2011,MHR,CA,AWP,WE,Federal Contract Tower,10,20,65,7,102,10,28,93,22,153,20,48,158,29,255,10,46,56,311
01/21/2011,MHR,CA,AWP,WE,Federal Contract Tower,7,21,43,12,83,7,32,134,15,188,14,53,177,27,271,60,22,82,353
01/22/2011,MHR,CA,AWP,WE,Federal Contract Tower,1,2,32,3,38,1,4,82,3,90,2,6,114,6,128,64,0,64,192
01/23/2011,MHR,CA,AWP,WE,Federal Contract Tower,0,2,12,2,16,0,2,32,2,36,0,4,44,4,52,4,0,4,56
01/24/2011,MHR,CA,AWP,WE,Federal Contract Tower,3,21,23,9,56,3,29,57,17,106,6,50,80,26,162,16,44,60,222
01/25/2011,MHR,CA,AWP,WE,Federal Contract Tower,12,18,44,21,95,12,27,68,22,129,24,45,112,43,224,0,26,26,250
01/26/2011,MHR,CA,AWP,WE,Federal Contract Tower,6,21,16,3,46,6,18,22,5,51,12,39,38,8,97,2,4,6,103
01/27/2011,MHR,CA,AWP,WE,Federal Contract Tower,3,17,14,6,40,3,15,17,9,44,6,32,31,15,84,0,8,8,92
01/28/2011,MHR,CA,AWP,WE,Federal Contract Tower,7,18,42,13,80,7,21,52,24,104,14,39,94,37,184,0,0,0,184
01/29/2011,MHR,CA,AWP,WE,Federal Contract Tower,2,3,26,2,33,2,3,50,2,57,4,6,76,4,90,0,0,0,90
01/30/2011,MHR,CA,AWP,WE,Federal Contract Tower,0,0,3,0,3,0,0,6,0,6,0,0,9,0,9,0,0,0,9
01/31/2011,MHR,CA,AWP,WE,Federal Contract Tower,3,12,23,6,44,3,16,41,16,76,6,28,64,22,120,0,12,12,132
02/01/2011,MHR,CA,AWP,WE,Federal Contract Tower,8,18,11,8,45,8,23,45,9,85,16,41,56,17,130,4,12,16,146
02/02/2011,MHR,CA,AWP,WE,Federal Contract Tower,11,15,27,2,55,11,27,66,7,111,22,42,93,9,166,22,24,46,212
02/03/2011,MHR,CA,AWP,WE,Federal Contract Tower,9,15,20,16,60,9,24,72,26,131,18,39,92,42,191,24,46,70,261
02/04/2011,MHR,CA,AWP,WE,Federal Contract Tower,6,17,23,12,58,6,26,93,18,143,12,43,116,30,201,6,30,36,237
02/05/2011,MHR,CA,AWP,WE,Federal Contract Tower,1,1,11,9,22,1,4,69,17,91,2,5,80,26,113,28,16,44,157
02/06/2011,MHR,CA,AWP,WE,Federal Contract Tower,1,0,9,0,10,1,0,34,0,35,2,0,43,0,45,0,0,0,45
02/07/2011,MHR,CA,AWP,WE,Federal Contract Tower,4,12,16,0,32,4,17,64,3,88,8,29,80,3,120,12,0,12,132
02/08/2011,MHR,CA,AWP,WE,Federal Contract Tower,10,13,6,4,33,10,18,32,0,60,20,31,38,4,93,0,0,0,93
02/09/2011,MHR,CA,AWP,WE,Federal Contract Tower,10,16,21,9,56,10,27,96,26,159,20,43,117,35,215,8,50,58,273
02/10/2011,MHR,CA,AWP,WE,Federal Contract Tower,9,17,36,3,65,9,28,72,20,129,18,45,108,23,194,34,46,80,274
02/11/2011,MHR,CA,AWP,WE,Federal Contract Tower,6,19,24,7,56,6,38,90,15,149,12,57,114,22,205,14,48,62,267
02/12/2011,MHR,CA,AWP,WE,Federal Contract Tower,1,0,13,4,18,1,3,60,13,77,2,3,73,17,95,0,0,0,95
02/13/2011,MHR,CA,AWP,WE,Federal Contract Tower,2,4,9,5,20,2,4,50,13,69,4,8,59,18,89,8,12,20,109
02/14/2011,MHR,CA,AWP,WE,Federal Contract Tower,3,19,9,0,31,3,24,14,0,41,6,43,23,0,72,6,0,6,78
02/15/2011,MHR,CA,AWP,WE,Federal Contract Tower,10,27,20,21,78,10,25,28,31,94,20,52,48,52,172,0,32,32,204
02/16/2011,MHR,CA,AWP,WE,Federal Contract Tower,10,26,12,19,67,10,28,21,32,91,20,54,33,51,158,0,46,46,204
02/17/2011,MHR,CA,AWP,WE,Federal Contract Tower,10,22,18,0,50,10,25,20,1,56,20,47,38,1,106,0,0,0,106
02/18/2011,MHR,CA,AWP,WE,Federal Contract Tower,6,18,19,14,57,6,18,30,19,73,12,36,49,33,130,6,14,20,150
02/19/2011,MHR,CA,AWP,WE,Federal Contract Tower,1,4,5,1,11,1,26,1,0,28,2,30,6,1,39,0,0,0,39
02/20/2011,MHR,CA,AWP,WE,Federal Contract Tower,0,2,11,1,14,0,2,30,9,41,0,4,41,10,55,4,0,4,59
02/21/2011,MHR,CA,AWP,WE,Federal Contract Tower,3,8,24,0,35,3,9,43,0,55,6,17,67,0,90,8,0,8,98
02/22/2011,MHR,CA,AWP,WE,Federal Contract Tower,13,14,18,19,64,13,21,66,31,131,26,35,84,50,195,40,50,90,285
02/23/2011,MHR,CA,AWP,WE,Federal Contract Tower,10,22,25,15,72,10,27,81,30,148,20,49,106,45,220,46,48,94,314
02/24/2011,MHR,CA,AWP,WE,Federal Contract Tower,10,17,21,20,68,10,24,43,43,120,20,41,64,63,188,0,86,86,274
02/25/2011,MHR,CA,AWP,WE,Federal Contract Tower,6,23,7,0,36,6,27,34,0,67,12,50,41,0,103,2,0,2,105
02/26/2011,MHR,CA,AWP,WE,Federal Contract Tower,1,1,15,4,21,1,4,43,12,60,2,5,58,16,81,0,8,8,89
02/27/2011,MHR,CA,AWP,WE,Federal Contract Tower,0,4,26,6,36,0,2,83,9,94,0,6,109,15,130,12,4,16,146
02/28/2011,MHR,CA,AWP,WE,Federal Contract Tower,3,17,18,2,40,3,23,80,13,119,6,40,98,15,159,48,18,66,225
03/01/2011,MHR,CA,AWP,WE,Federal Contract Tower,10,19,20,37,86,10,25,60,48,143,20,44,80,85,229,10,60,70,299
03/02/2011,MHR,CA,AWP,WE,Federal Contract Tower,10,20,28,6,64,10,24,35,13,82,20,44,63,19,146,0,22,22,168
03/03/2011,MHR,CA,AWP,WE,Federal Contract Tower,14,26,14,5,59,14,32,38,32,116,28,58,52,37,175,0,90,90,265
03/04/2011,MHR,CA,AWP,WE,Federal Contract Tower,6,22,26,21,75,6,37,106,38,187,12,59,132,59,262,24,114,138,400
03/05/2011,MHR,CA,AWP,WE,Federal Contract Tower,1,0,12,15,28,1,3,45,27,76,2,3,57,42,104,26,38,64,168
03/06/2011,MHR,CA,AWP,WE,Federal Contract Tower,0,1,18,4,23,0,1,24,12,37,0,2,42,16,60,8,0,8,68
03/07/2011,MHR,CA,AWP,WE,Federal Contract Tower,3,22,6,15,46,3,27,20,26,76,6,49,26,41,122,2,44,46,168
03/08/2011,MHR,CA,AWP,WE,Federal Contract Tower,9,23,15,22,69,9,27,76,28,140,18,50,91,50,209,4,60,64,273
03/09/2011,MHR,CA,AWP,WE,Federal Contract Tower,10,16,26,13,65,10,34,65,23,132,20,50,91,36,197,56,66,122,319
03/10/2011,MHR,CA,AWP,WE,Federal Contract Tower,10,20,13,15,58,10,26,22,29,87,20,46,35,44,145,34,32,66,211
03/11/2011,MHR,CA,AWP,WE,Federal Contract Tower,7,16,39,4,66,7,23,105,13,148,14,39,144,17,214,12,20,32,246
03/12/2011,MHR,CA,AWP,WE,Federal Contract Tower,1,1,9,0,11,1,4,52,0,57,2,5,61,0,68,18,0,18,86
03/13/2011,MHR,CA,AWP,WE,Federal Contract Tower,0,1,13,2,16,0,1,24,2,27,0,2,37,4,43,0,0,0,43
03/14/2011,MHR,CA,AWP,WE,Federal Contract Tower,2,17,34,8,61,2,20,52,12,86,4,37,86,20,147,4,10,14,161
03/15/2011,MHR,CA,AWP,WE,Federal Contract Tower,10,30,15,15,70,10,25,21,25,81,20,55,36,40,151,0,38,38,189
03/16/2011,MHR,CA,AWP,WE,Federal Contract Tower,10,20,24,13,67,10,28,48,25,111,20,48,72,38,178,34,62,96,274
03/17/2011,MHR,CA,AWP,WE,Federal Contract Tower,11,24,16,3,54,11,35,83,10,139,22,59,99,13,193,8,2,10,203
03/18/2011,MHR,CA,AWP,WE,Federal Contract Tower,6,24,13,6,49,6,27,27,5,65,12,51,40,11,114,0,0,0,114
03/19/2011,MHR,CA,AWP,WE,Federal Contract Tower,1,3,1,0,5,1,3,2,0,6,2,6,3,0,11,0,0,0,11
03/20/2011,MHR,CA,AWP,WE,Federal Contract Tower,0,2,11,0,13,0,2,18,0,20,0,4,29,0,33,0,0,0,33
03/21/2011,MHR,CA,AWP,WE,Federal Contract Tower,3,18,27,18,66,3,26,41,21,91,6,44,68,39,157,4,38,42,199
03/22/2011,MHR,CA,AWP,WE,Federal Contract Tower,9,21,26,13,69,9,25,57,25,116,18,46,83,38,185,22,46,68,253
03/23/2011,MHR,CA,AWP,WE,Federal Contract Tower,10,37,35,21,103,10,38,34,19,101,20,75,69,40,204,0,18,18,222
03/24/2011,MHR,CA,AWP,WE,Federal Contract Tower,23,25,21,2,71,23,27,22,1,73,46,52,43,3,144,0,0,0,144
03/25/2011,MHR,CA,AWP,WE,Federal Contract Tower,10,27,4,10,51,10,31,37,19,97,20,58,41,29,148,12,38,50,198
03/26/2011,MHR,CA,AWP,WE,Federal Contract Tower,1,5,4,0,10,1,5,7,1,14,2,10,11,1,24,0,0,0,24
03/27/2011,MHR,CA,AWP,WE,Federal Contract Tower,0,0,9,0,9,0,0,32,1,33,0,0,41,1,42,12,0,12,54
03/28/2011,MHR,CA,AWP,WE,Federal Contract Tower,2,26,39,12,79,2,32,83,22,139,4,58,122,34,218,40,10,50,268
03/29/2011,MHR,CA,AWP,WE,Federal Contract Tower,12,19,31,13,75,12,29,94,19,154,24,48,125,32,229,20,34,54,283
03/30/2011,MHR,CA,AWP,WE,Federal Contract Tower,9,18,18,4,49,9,30,100,18,157,18,48,118,22,206,22,20,42,248
03/31/2011,MHR,CA,AWP,WE,Federal Contract Tower,10,16,24,33,83,10,27,87,45,169,20,43,111,78,252,12,112,124,376
04/01/2011,MHR,CA,AWP,WE,Federal Contract Tower,6,14,22,7,49,6,23,112,12,153,12,37,134,19,202,20,20,40,242
04/02/2011,MHR,CA,AWP,WE,Federal Contract Tower,1,1,12,1,15,1,4,41,1,47,2,5,53,2,62,22,0,22,84
04/03/2011,MHR,CA,AWP,WE,Federal Contract Tower,0,3,14,0,17,0,3,56,0,59,0,6,70,0,76,8,0,8,84
04/04/2011,MHR,CA,AWP,WE,Federal Contract Tower,3,24,33,9,69,3,31,100,17,151,6,55,133,26,220,24,44,68,288
04/05/2011,MHR,CA,AWP,WE,Federal Contract Tower,13,16,17,22,68,13,31,60,41,145,26,47,77,63,213,26,56,82,295
04/06/2011,MHR,CA,AWP,WE,Federal Contract Tower,10,17,24,8,59,10,26,74,19,129,20,43,98,27,188,40,30,70,258
04/07/2011,MHR,CA,AWP,WE,Federal Contract Tower,10,17,11,7,45,10,24,25,21,80,20,41,36,28,125,0,32,32,157
04/08/2011,MHR,CA,AWP,WE,Federal Contract Tower,4,16,15,1,36,4,28,42,1,75,8,44,57,2,111,4,8,12,123
04/09/2011,MHR,CA,AWP,WE,Federal Contract Tower,1,0,8,2,11,1,3,58,4,66,2,3,66,6,77,20,2,22,99
04/10/2011,MHR,CA,AWP,WE,Federal Contract Tower,0,2,15,3,20,0,2,71,2,75,0,4,86,5,95,68,0,68,163
04/11/2011,MHR,CA,AWP,WE,Federal Contract Tower,3,16,33,11,63,3,24,91,12,130,6,40,124,23,193,32,2,34,227
04/12/2011,MHR,CA,AWP,WE,Federal Contract Tower,10,19,36,9,74,10,29,97,24,160,20,48,133,33,234,28,44,72,306
04/13/2011,MHR,CA,AWP,WE,Federal Contract Tower,10,19,23,10,62,10,26,68,20,124,20,45,91,30,186,48,48,96,282
04/14/2011,MHR,CA,AWP,WE,Federal Contract Tower,16,20,33,17,86,16,29,102,28,175,32,49,135,45,261,16,86,102,363
04/15/2011,MHR,CA,AWP,WE,Federal Contract Tower,6,15,26,11,58,6,27,91,29,153,12,42,117,40,211,14,52,66,277
04/16/2011,MHR,CA,AWP,WE,Federal Contract Tower,1,0,19,2,22,1,0,60,34,95,2,0,79,36,117,4,0,4,121
04/17/2011,MHR,CA,AWP,WE,Federal Contract Tower,0,1,23,3,27,0,1,84,13,98,0,2,107,16,125,12,0,12,137
04/18/2011,MHR,CA,AWP,WE,Federal Contract Tower,11,18,18,3,50,11,22,52,6,91,22,40,70,9,141,2,16,18,159
04/19/2011,MHR,CA,AWP,WE,Federal Contract Tower,12,27,33,6,78,12,33,76,15,136,24,60,109,21,214,40,20,60,274
04/20/2011,MHR,CA,AWP,WE,Federal Contract Tower,10,21,26,23,80,10,28,64,37,139,20,49,90,60,219,12,104,116,335
04/21/2011,MHR,CA,AWP,WE,Federal Contract Tower,12,17,27,17,73,35,31,58,49,173,47,48,85,66,246,44,94,138,384
04/22/2011,MHR,CA,AWP,WE,Federal Contract Tower,6,21,24,10,61,6,35,68,15,124,12,56,92,25,185,20,50,70,255
04/23/2011,MHR,CA,AWP,WE,Federal Contract Tower,3,0,9,2,14,19,3,68,4,94,22,3,77,6,108,14,0,14,122
04/24/2011,MHR,CA,AWP,WE,Federal Contract Tower,0,2,7,1,10,0,2,20,2,24,0,4,27,3,34,2,8,10,44
04/25/2011,MHR,CA,AWP,WE,Federal Contract Tower,3,16,12,22,53,3,24,64,39,130,6,40,76,61,183,12,22,34,217
04/26/2011,MHR,CA,AWP,WE,Federal Contract Tower,16,19,29,12,76,16,27,86,35,164,32,46,115,47,240,2,40,42,282
04/27/2011,MHR,CA,AWP,WE,Federal Contract Tower,10,15,19,11,55,18,28,101,25,172,28,43,120,36,227,4,64,68,295
04/28/2011,MHR,CA,AWP,WE,Federal Contract Tower,10,14,17,8,49,10,26,81,16,133,20,40,98,24,182,4,6,10,192
04/29/2011,MHR,CA,AWP,WE,Federal Contract Tower,6,19,15,0,40,6,29,73,5,113,12,48,88,5,153,4,0,4,157
04/30/2011,MHR,CA,AWP,WE,Federal Contract Tower,1,0,23,0,24,1,3,81,0,85,2,3,104,0,109,8,0,8,117
05/01/2011,MHR,CA,AWP,WE,Federal Contract Tower,0,0,14,0,14,0,0,56,1,57,0,0,70,1,71,18,0,18,89
05/02/2011,MHR,CA,AWP,WE,Federal Contract Tower,3,20,28,2,53,3,23,74,7,107,6,43,102,9,160,26,6,32,192
05/03/2011,MHR,CA,AWP,WE,Federal Contract Tower,9,21,14,10,54,9,34,62,21,126,18,55,76,31,180,4,44,48,228
05/04/2011,MHR,CA,AWP,WE,Federal Contract Tower,10,21,19,20,70,10,38,80,26,154,20,59,99,46,224,18,44,62,286
05/05/2011,MHR,CA,AWP,WE,Federal Contract Tower,9,19,24,8,60,9,32,64,23,128,18,51,88,31,188,8,22,30,218
05/06/2011,MHR,CA,AWP,WE,Federal Contract Tower,9,19,28,14,70,9,36,93,22,160,18,55,121,36,230,64,18,82,312
05/07/2011,MHR,CA,AWP,WE,Federal Contract Tower,1,0,23,0,24,1,6,58,2,67,2,6,81,2,91,14,0,14,105
05/08/2011,MHR,CA,AWP,WE,Federal Contract Tower,2,4,19,0,25,2,3,44,0,49,4,7,63,0,74,2,0,2,76
05/09/2011,MHR,CA,AWP,WE,Federal Contract Tower,3,15,12,1,31,3,23,58,16,100,6,38,70,17,131,12,18,30,161
05/10/2011,MHR,CA,AWP,WE,Federal Contract Tower,9,20,7,11,47,9,30,60,34,133,18,50,67,45,180,12,60,72,252
05/11/2011,MHR,CA,AWP,WE,Federal Contract Tower,10,16,19,10,55,10,32,89,19,150,20,48,108,29,205,2,22,24,229
05/12/2011,MHR,CA,AWP,WE,Federal Contract Tower,12,15,35,13,75,12,26,101,22,161,24,41,136,35,236,42,36,78,314
05/13/2011,MHR,CA,AWP,WE,Federal Contract Tower,5,23,18,5,51,5,36,98,13,152,10,59,116,18,203,12,28,40,243
05/14/2011,MHR,CA,AWP,WE,Federal Contract Tower,1,3,20,1,25,1,8,73,8,90,2,11,93,9,115,52,6,58,173
05/15/2011,MHR,CA,AWP,WE,Federal Contract Tower,0,3,3,2,8,0,3,17,12,32,0,6,20,14,40,12,0,12,52
05/16/2011,MHR,CA,AWP,WE,Federal Contract Tower,3,22,15,20,60,3,24,61,34,122,6,46,76,54,182,14,90,104,286
05/17/2011,MHR,CA,AWP,WE,Federal Contract Tower,9,25,15,17,66,9,29,33,32,103,18,54,48,49,169,0,16,16,185
05/18/2011,MHR,CA,AWP,WE,Federal Contract Tower,10,19,11,19,59,10,25,51,30,116,20,44,62,49,175,32,30,62,237
05/19/2011,MHR,CA,AWP,WE,Federal Contract Tower,9,17,19,12,57,9,25,106,27,167,18,42,125,39,224,20,76,96,320
05/20/2011,MHR,CA,AWP,WE,Federal Contract Tower,6,17,23,11,57,6,33,126,24,189,12,50,149,35,246,24,52,76,322
05/21/2011,MHR,CA,AWP,WE,Federal Contract Tower,1,2,13,5,21,1,5,66,17,89,2,7,79,22,110,34,34,68,178
05/22/2011,MHR,CA,AWP,WE,Federal Contract Tower,0,8,16,1,25,0,9,63,2,74,0,17,79,3,99,8,0,8,107
05/23/2011,MHR,CA,AWP,WE,Federal Contract Tower,4,22,25,14,65,5,28,87,23,143,9,50,112,37,208,38,52,90,298
05/24/2011,MHR,CA,AWP,WE,Federal Contract Tower,11,18,17,7,53,11,22,71,16,120,22,40,88,23,173,52,24,76,249
05/25/2011,MHR,CA,AWP,WE,Federal Contract Tower,11,18,25,13,67,11,31,52,21,115,22,49,77,34,182,6,12,18,200
05/26/2011,MHR,CA,AWP,WE,Federal Contract Tower,11,16,21,7,55,11,26,62,15,114,22,42,83,22,169,36,48,84,253
05/27/2011,MHR,CA,AWP,WE,Federal Contract Tower,6,7,20,3,36,6,20,75,7,108,12,27,95,10,144,8,0,8,152
05/28/2011,MHR,CA,AWP,WE,Federal Contract Tower,1,1,21,2,25,1,4,74,2,81,2,5,95,4,106,26,0,26,132
05/29/2011,MHR,CA,AWP,WE,Federal Contract Tower,2,1,6,0,9,38,0,38,0,76,40,1,44,0,85,12,0,12,97
05/30/2011,MHR,CA,AWP,WE,Federal Contract Tower,0,1,2,0,3,0,0,29,1,30,0,1,31,1,33,0,0,0,33
05/31/2011,MHR,CA,AWP,WE,Federal Contract Tower,4,18,16,1,39,4,19,55,6,84,8,37,71,7,123,24,0,24,147
06/01/2011,MHR,CA,AWP,WE,Federal Contract Tower,11,16,27,19,73,11,25,47,34,117,22,41,74,53,190,0,74,74,264
06/02/2011,MHR,CA,AWP,WE,Federal Contract Tower,16,20,23,17,76,16,23,84,24,147,32,43,107,41,223,10,90,100,323
06/03/2011,MHR,CA,AWP,WE,Federal Contract Tower,6,21,20,13,60,6,30,82,24,142,12,51,102,37,202,20,48,68,270
06/04/2011,MHR,CA,AWP,WE,Federal Contract Tower,1,1,16,8,26,1,3,30,10,44,2,4,46,18,70,2,0,2,72
06/05/2011,MHR,CA,AWP,WE,Federal Contract Tower,0,2,25,2,29,0,2,37,10,49,0,4,62,12,78,0,10,10,88
06/06/2011,MHR,CA,AWP,WE,Federal Contract Tower,3,14,17,0,34,3,19,31,0,53,6,33,48,0,87,2,0,2,89
06/07/2011,MHR,CA,AWP,WE,Federal Contract Tower,10,18,20,16,64,10,24,49,22,105,20,42,69,38,169,36,46,82,251
06/08/2011,MHR,CA,AWP,WE,Federal Contract Tower,10,19,33,14,76,10,30,94,20,154,20,49,127,34,230,10,26,36,266
06/09/2011,MHR,CA,AWP,WE,Federal Contract Tower,11,15,14,0,40,11,25,74,12,122,22,40,88,12,162,4,28,32,194
06/10/2011,MHR,CA,AWP,WE,Federal Contract Tower,7,23,16,12,58,7,34,109,19,169,14,57,125,31,227,28,34,62,289
06/11/2011,MHR,CA,AWP,WE,Federal Contract Tower,1,4,11,9,25,1,8,71,14,94,2,12,82,23,119,28,12,40,159
06/12/2011,MHR,CA,AWP,WE,Federal Contract Tower,0,6,7,4,17,0,6,38,14,58,0,12,45,18,75,0,24,24,99
06/13/2011,MHR,CA,AWP,WE,Federal Contract Tower,2,17,14,8,41,2,28,75,14,119,4,45,89,22,160,0,14,14,174
06/14/2011,MHR,CA,AWP,WE,Federal Contract Tower,10,14,11,15,50,10,22,49,26,107,20,36,60,41,157,18,32,50,207
06/15/2011,MHR,CA,AWP,WE,Federal Contract Tower,10,17,23,8,58,10,25,63,33,131,20,42,86,41,189,22,80,102,291
06/16/2011,MHR,CA,AWP,WE,Federal Contract Tower,10,13,20,11,54,10,24,57,19,110,20,37,77,30,164,18,34,52,216
06/17/2011,MHR,CA,AWP,WE,Federal Contract Tower,6,15,21,7,49,6,23,72,16,117,12,38,93,23,166,16,46,62,228
06/18/2011,MHR,CA,AWP,WE,Federal Contract Tower,1,2,14,6,23,1,5,45,7,58,2,7,59,13,81,10,10,20,101
06/19/2011,MHR,CA,AWP,WE,Federal Contract Tower,0,0,19,2,21,0,0,57,2,59,0,0,76,4,80,14,0,14,94
06/20/2011,MHR,CA,AWP,WE,Federal Contract Tower,3,19,46,12,80,5,28,109,15,157,8,47,155,27,237,2,12,14,251
06/21/2011,MHR,CA,AWP,WE,Federal Contract Tower,10,14,12,12,48,10,23,59,16,108,20,37,71,28,156,24,58,82,238
06/22/2011,MHR,CA,AWP,WE,Federal Contract Tower,9,12,23,3,47,9,23,66,6,104,18,35,89,9,151,6,10,16,167
06/23/2011,MHR,CA,AWP,WE,Federal Contract Tower,10,16,43,24,93,10,22,88,26,146,20,38,131,50,239,26,50,76,315
06/24/2011,MHR,CA,AWP,WE,Federal Contract Tower,6,20,40,21,87,6,31,96,33,166,12,51,136,54,253,64,92,156,409
06/25/2011,MHR,CA,AWP,WE,Federal Contract Tower,1,4,23,2,30,1,7,57,4,69,2,11,80,6,99,10,16,26,125
06/26/2011,MHR,CA,AWP,WE,Federal Contract Tower,0,0,20,0,20,0,0,62,0,62,0,0,82,0,82,0,0,0,82
06/27/2011,MHR,CA,AWP,WE,Federal Contract Tower,3,14,11,15,43,3,22,50,39,114,6,36,61,54,157,52,108,160,317
06/28/2011,MHR,CA,AWP,WE,Federal Contract Tower,8,19,10,34,71,8,22,33,28,91,16,41,43,62,162,0,74,74,236
06/29/2011,MHR,CA,AWP,WE,Federal Contract Tower,9,15,31,10,65,9,21,55,16,101,18,36,86,26,166,22,22,44,210
06/30/2011,MHR,CA,AWP,WE,Federal Contract Tower,11,21,17,3,52,11,32,92,17,152,22,53,109,20,204,22,2,24,228
07/01/2011,MHR,CA,AWP,WE,Federal Contract Tower,6,15,20,3,44,6,24,93,8,131,12,39,113,11,175,36,6,42,217
07/02/2011,MHR,CA,AWP,WE,Federal Contract Tower,1,3,14,3,21,1,6,69,7,83,2,9,83,10,104,20,38,58,162
07/03/2011,MHR,CA,AWP,WE,Federal Contract Tower,0,1,5,0,6,0,2,44,0,46,0,3,49,0,52,16,0,16,68
07/04/2011,MHR,CA,AWP,WE,Federal Contract Tower,0,0,1,0,1,0,0,41,0,41,0,0,42,0,42,2,0,2,44
07/05/2011,MHR,CA,AWP,WE,Federal Contract Tower,6,3,4,12,25,6,13,40,34,93,12,16,44,46,118,18,92,110,228
07/06/2011,MHR,CA,AWP,WE,Federal Contract Tower,12,4,18,5,39,12,16,67,14,109,24,20,85,19,148,30,50,80,228
07/07/2011,MHR,CA,AWP,WE,Federal Contract Tower,10,5,10,17,42,10,17,60,29,116,20,22,70,46,158,46,82,128,286
07/08/2011,MHR,CA,AWP,WE,Federal Contract Tower,6,3,15,21,45,6,19,102,34,161,12,22,117,55,206,6,46,52,258
07/09/2011,MHR,CA,AWP,WE,Federal Contract Tower,1,0,11,8,20,1,3,74,13,91,2,3,85,21,111,52,48,100,211
07/10/2011,MHR,CA,AWP,WE,Federal Contract Tower,0,0,6,8,14,0,0,41,17,58,0,0,47,25,72,0,10,10,82
07/11/2011,MHR,CA,AWP,WE,Federal Contract Tower,2,16,13,9,40,2,22,34,20,78,4,38,47,29,118,20,6,26,144
07/12/2011,MHR,CA,AWP,WE,Federal Contract Tower,11,31,17,32,91,11,36,59,44,150,22,67,76,76,241,20,44,64,305
07/13/2011,MHR,CA,AWP,WE,Federal Contract Tower,12,30,21,4,67,12,35,76,9,132,24,65,97,13,199,36,16,52,251
07/14/2011,MHR,CA,AWP,WE,Federal Contract Tower,11,25,33,13,82,11,35,95,21,162,22,60,128,34,244,20,74,94,338
07/15/2011,MHR,CA,AWP,WE,Federal Contract Tower,7,25,36,5,73,7,34,106,7,154,14,59,142,12,227,52,54,106,333
07/16/2011,MHR,CA,AWP,WE,Federal Contract Tower,3,3,12,0,18,3,3,36,5,47,6,6,48,5,65,0,0,0,65
07/17/2011,MHR,CA,AWP,WE,Federal Contract Tower,0,32,1,0,33,0,0,78,2,80,0,32,79,2,113,4,0,4,117
07/18/2011,MHR,CA,AWP,WE,Federal Contract Tower,3,17,13,17,50,3,23,55,30,111,6,40,68,47,161,28,64,92,253
07/19/2011,MHR,CA,AWP,WE,Federal Contract Tower,10,15,23,7,55,10,26,71,32,139,20,41,94,39,194,24,94,118,312
07/20/2011,MHR,CA,AWP,WE,Federal Contract Tower,10,17,17,7,51,10,27,77,21,135,20,44,94,28,186,20,32,52,238
07/21/2011,MHR,CA,AWP,WE,Federal Contract Tower,10,10,20,8,48,10,21,64,22,117,20,31,84,30,165,36,32,68,233
07/22/2011,MHR,CA,AWP,WE,Federal Contract Tower,9,20,21,14,64,11,27,84,25,147,20,47,105,39,211,14,74,88,299
07/23/2011,MHR,CA,AWP,WE,Federal Contract Tower,1,6,17,1,25,1,7,83,5,96,2,13,100,6,121,32,0,32,153
07/24/2011,MHR,CA,AWP,WE,Federal Contract Tower,0,0,5,0,5,0,0,45,7,52,0,0,50,7,57,34,0,34,91
07/25/2011,MHR,CA,AWP,WE,Federal Contract Tower,3,15,31,15,64,3,22,83,28,136,6,37,114,43,200,14,42,56,256
07/26/2011,MHR,CA,AWP,WE,Federal Contract Tower,10,12,41,14,77,10,22,100,31,163,20,34,141,45,240,38,69,107,347
07/27/2011,MHR,CA,AWP,WE,Federal Contract Tower,10,13,24,15,62,10,24,85,35,154,20,37,109,50,216,16,98,114,330
07/28/2011,MHR,CA,AWP,WE,Federal Contract Tower,8,14,16,27,65,8,25,95,42,170,16,39,111,69,235,42,108,150,385
07/29/2011,MHR,CA,AWP,WE,Federal Contract Tower,7,19,16,16,58,7,30,72,25,134,14,49,88,41,192,6,48,54,246
07/30/2011,MHR,CA,AWP,WE,Federal Contract Tower,1,0,17,0,18,1,3,81,0,85,2,3,98,0,103,10,0,10,113
07/31/2011,MHR,CA,AWP,WE,Federal Contract Tower,0,2,9,0,11,0,2,46,2,50,0,4,55,2,61,20,0,20,81
08/01/2011,MHR,CA,AWP,WE,Federal Contract Tower,5,19,17,9,50,5,24,59,19,107,10,43,76,28,157,38,76,114,271
08/02/2011,MHR,CA,AWP,WE,Federal Contract Tower,10,18,19,8,55,10,36,81,24,151,20,54,100,32,206,6,68,74,280
08/03/2011,MHR,CA,AWP,WE,Federal Contract Tower,10,20,21,5,56,10,30,42,14,96,20,50,63,19,152,14,4,18,170
08/04/2011,MHR,CA,AWP,WE,Federal Contract Tower,10,19,38,9,76,10,29,97,32,168,20,48,135,41,244,32,30,62,306
08/05/2011,MHR,CA,AWP,WE,Federal Contract Tower,6,30,20,3,59,6,39,84,10,139,12,69,104,13,198,0,32,32,230
08/06/2011,MHR,CA,AWP,WE,Federal Contract Tower,1,1,7,0,9,1,4,36,7,48,2,5,43,7,57,0,0,0,57
08/07/2011,MHR,CA,AWP,WE,Federal Contract Tower,0,1,29,0,30,0,1,76,0,77,0,2,105,0,107,20,0,20,127
08/08/2011,MHR,CA,AWP,WE,Federal Contract Tower,3,16,30,4,53,3,24,94,17,138,6,40,124,21,191,16,0,16,207
08/09/2011,MHR,CA,AWP,WE,Federal Contract Tower,10,17,18,35,80,10,30,65,40,145,20,47,83,75,225,56,70,126,351
08/10/2011,MHR,CA,AWP,WE,Federal Contract Tower,10,22,24,34,90,10,33,95,50,188,20,55,119,84,278,28,62,90,368
08/11/2011,MHR,CA,AWP,WE,Federal Contract Tower,12,16,18,11,57,12,29,79,23,143,24,45,97,34,200,24,74,98,298
08/12/2011,MHR,CA,AWP,WE,Federal Contract Tower,6,22,23,10,61,6,34,99,20,159,12,56,122,30,220,34,82,116,336
08/13/2011,MHR,CA,AWP,WE,Federal Contract Tower,1,2,11,2,16,1,5,66,4,76,2,7,77,6,92,22,0,22,114
08/14/2011,MHR,CA,AWP,WE,Federal Contract Tower,0,2,20,0,22,0,2,72,0,74,0,4,92,0,96,30,0,30,126
08/15/2011,MHR,CA,AWP,WE,Federal Contract Tower,3,17,18,16,54,3,24,74,31,132,6,41,92,47,186,22,70,92,278
08/16/2011,MHR,CA,AWP,WE,Federal Contract Tower,9,12,25,16,62,9,24,59,27,119,18,36,84,43,181,24,56,80,261
08/17/2011,MHR,CA,AWP,WE,Federal Contract Tower,10,17,32,12,71,10,30,92,30,162,20,47,124,42,233,32,62,94,327
08/18/2011,MHR,CA,AWP,WE,Federal Contract Tower,10,17,20,18,65,10,27,68,32,137,20,44,88,50,202,22,56,78,280
08/19/2011,MHR,CA,AWP,WE,Federal Contract Tower,6,18,22,3,49,6,31,81,16,134,12,49,103,19,183,2,24,26,209
08/20/2011,MHR,CA,AWP,WE,Federal Contract Tower,1,0,11,3,15,1,3,52,6,62,2,3,63,9,77,42,0,42,119
08/21/2011,MHR,CA,AWP,WE,Federal Contract Tower,0,0,10,1,11,0,0,50,3,53,0,0,60,4,64,10,0,10,74
08/22/2011,MHR,CA,AWP,WE,Federal Contract Tower,3,14,11,19,47,3,24,50,20,97,6,38,61,39,144,0,50,50,194
08/23/2011,MHR,CA,AWP,WE,Federal Contract Tower,12,15,36,12,75,12,25,103,27,167,24,40,139,39,242,18,62,80,322
08/24/2011,MHR,CA,AWP,WE,Federal Contract Tower,11,15,4,14,44,11,27,69,30,137,22,42,73,44,181,32,40,72,253
08/25/2011,MHR,CA,AWP,WE,Federal Contract Tower,11,18,25,20,74,11,29,102,31,173,22,47,127,51,247,14,58,72,319
08/26/2011,MHR,CA,AWP,WE,Federal Contract Tower,6,20,16,7,49,6,30,97,14,147,12,50,113,21,196,12,36,48,244
08/27/2011,MHR,CA,AWP,WE,Federal Contract Tower,1,1,9,7,18,1,4,50,10,65,2,5,59,17,83,10,8,18,101
08/28/2011,MHR,CA,AWP,WE,Federal Contract Tower,0,4,15,15,34,0,4,76,14,94,0,8,91,29,128,36,4,40,168
08/29/2011,MHR,CA,AWP,WE,Federal Contract Tower,3,14,5,20,42,3,21,62,45,131,6,35,67,65,173,18,56,74,247
08/30/2011,MHR,CA,AWP,WE,Federal Contract Tower,10,15,19,19,63,10,25,65,38,138,20,40,84,57,201,10,38,48,249
08/31/2011,MHR,CA,AWP,WE,Federal Contract Tower,11,20,11,8,50,29,31,91,23,174,40,51,102,31,224,24,52,76,300
09/01/2011,MHR,CA,AWP,WE,Federal Contract Tower,10,16,16,13,55,10,26,101,31,168,20,42,117,44,223,64,42,106,329
09/02/2011,MHR,CA,AWP,WE,Federal Contract Tower,8,4,24,2,38,8,19,132,6,165,16,23,156,8,203,84,16,100,303
09/03/2011,MHR,CA,AWP,WE,Federal Contract Tower,1,1,11,0,13,1,1,77,2,81,2,2,88,2,94,8,0,8,102
09/04/2011,MHR,CA,AWP,WE,Federal Contract Tower,0,1,6,0,7,0,1,41,0,42,0,2,47,0,49,14,0,14,63
09/05/2011,MHR,CA,AWP,WE,Federal Contract Tower,1,3,17,0,21,1,4,59,0,64,2,7,76,0,85,2,0,2,87
09/06/2011,MHR,CA,AWP,WE,Federal Contract Tower,5,13,11,9,38,5,31,56,25,117,10,44,67,34,155,22,34,56,211
09/07/2011,MHR,CA,AWP,WE,Federal Contract Tower,12,16,15,11,54,12,28,84,31,155,24,44,99,42,209,36,78,114,323
09/08/2011,MHR,CA,AWP,WE,Federal Contract Tower,9,16,9,11,45,9,25,71,16,121,18,41,80,27,166,8,36,44,210
09/09/2011,MHR,CA,AWP,WE,Federal Contract Tower,7,19,7,6,39,7,31,109,12,159,14,50,116,18,198,20,4,24,222
09/10/2011,MHR,CA,AWP,WE,Federal Contract Tower,1,1,3,0,5,1,4,114,42,161,2,5,117,42,166,100,152,252,418
09/11/2011,MHR,CA,AWP,WE,Federal Contract Tower,2,0,2,1,5,2,0,145,48,195,4,0,147,49,200,128,164,292,492
09/12/2011,MHR,CA,AWP,WE,Federal Contract Tower,4,21,18,16,59,4,26,63,25,118,8,47,81,41,177,0,0,0,177
09/13/2011,MHR,CA,AWP,WE,Federal Contract Tower,10,14,12,19,55,10,24,70,36,140,20,38,82,55,195,24,60,84,279
09/14/2011,MHR,CA,AWP,WE,Federal Contract Tower,10,16,8,10,44,10,26,49,12,97,20,42,57,22,141,8,14,22,163
09/15/2011,MHR,CA,AWP,WE,Federal Contract Tower,10,19,22,15,66,10,28,71,35,144,20,47,93,50,210,22,62,84,294
09/16/2011,MHR,CA,AWP,WE,Federal Contract Tower,9,19,31,1,60,9,48,121,7,185,18,67,152,8,245,36,10,46,291
09/17/2011,MHR,CA,AWP,WE,Federal Contract Tower,1,1,16,12,30,1,5,87,27,120,2,6,103,39,150,26,4,30,180
09/18/2011,MHR,CA,AWP,WE,Federal Contract Tower,0,2,23,0,25,0,2,112,3,117,0,4,135,3,142,16,0,16,158
09/19/2011,MHR,CA,AWP,WE,Federal Contract Tower,3,16,19,12,50,3,22,65,21,111,6,38,84,33,161,50,38,88,249
09/20/2011,MHR,CA,AWP,WE,Federal Contract Tower,10,17,6,10,43,10,23,57,22,112,20,40,63,32,155,28,44,72,227
09/21/2011,MHR,CA,AWP,WE,Federal Contract Tower,12,26,8,16,62,20,37,39,30,126,32,63,47,46,188,50,54,104,292
09/22/2011,MHR,CA,AWP,WE,Federal Contract Tower,11,18,13,19,61,11,29,105,22,167,22,47,118,41,228,56,60,116,344
09/23/2011,MHR,CA,AWP,WE,Federal Contract Tower,7,20,26,19,72,7,38,106,31,182,14,58,132,50,254,64,70,134,388
09/24/2011,MHR,CA,AWP,WE,Federal Contract Tower,1,2,13,0,16,1,5,44,0,50,2,7,57,0,66,46,0,46,112
09/25/2011,MHR,CA,AWP,WE,Federal Contract Tower,1,0,12,0,13,1,0,44,0,45,2,0,56,0,58,76,0,76,134
09/26/2011,MHR,CA,AWP,WE,Federal Contract Tower,4,20,21,6,51,4,25,80,18,127,8,45,101,24,178,34,18,52,230
09/27/2011,MHR,CA,AWP,WE,Federal Contract Tower,10,14,30,13,67,10,24,60,32,126,20,38,90,45,193,0,54,54,247
09/28/2011,MHR,CA,AWP,WE,Federal Contract Tower,10,15,20,22,67,10,27,91,28,156,20,42,111,50,223,20,16,36,259
09/29/2011,MHR,CA,AWP,WE,Federal Contract Tower,11,16,17,15,59,11,26,75,26,138,22,42,92,41,197,2,10,12,209
09/30/2011,MHR,CA,AWP,WE,Federal Contract Tower,6,15,17,0,38,6,29,80,8,123,12,44,97,8,161,8,2,10,171
10/01/2011,MHR,CA,AWP,WE,Federal Contract Tower,1,1,9,0,11,1,3,49,0,53,2,4,58,0,64,2,0,2,66
10/02/2011,MHR,CA,AWP,WE,Federal Contract Tower,0,3,5,5,13,0,3,42,10,55,0,6,47,15,68,64,28,92,160
10/03/2011,MHR,CA,AWP,WE,Federal Contract Tower,3,21,13,16,53,3,25,48,25,101,6,46,61,41,154,6,84,90,244
10/04/2011,MHR,CA,AWP,WE,Federal Contract Tower,9,23,10,38,80,9,27,31,42,109,18,50,41,80,189,16,104,120,309
10/05/2011,MHR,CA,AWP,WE,Federal Contract Tower,10,23,11,24,68,10,26,36,38,110,20,49,47,62,178,26,68,94,272
10/06/2011,MHR,CA,AWP,WE,Federal Contract Tower,10,32,23,26,91,10,35,37,26,108,20,67,60,52,199,4,50,54,253
10/07/2011,MHR,CA,AWP,WE,Federal Contract Tower,5,19,11,17,52,5,29,79,17,130,10,48,90,34,182,20,60,80,262
10/08/2011,MHR,CA,AWP,WE,Federal Contract Tower,1,2,18,2,23,1,4,72,3,80,2,6,90,5,103,20,0,20,123
10/09/2011,MHR,CA,AWP,WE,Federal Contract Tower,1,3,9,1,14,1,3,45,2,51,2,6,54,3,65,8,0,8,73
10/10/2011,MHR,CA,AWP,WE,Federal Contract Tower,3,24,13,0,40,3,24,24,0,51,6,48,37,0,91,0,0,0,91
10/11/2011,MHR,CA,AWP,WE,Federal Contract Tower,13,22,10,34,79,13,27,40,36,116,26,49,50,70,195,0,84,84,279
10/12/2011,MHR,CA,AWP,WE,Federal Contract Tower,10,24,18,14,66,10,31,76,33,150,20,55,94,47,216,10,92,102,318
10/13/2011,MHR,CA,AWP,WE,Federal Contract Tower,9,16,16,18,59,9,28,72,32,141,18,44,88,50,200,44,86,130,330
10/14/2011,MHR,CA,AWP,WE,Federal Contract Tower,6,16,15,12,49,6,27,102,20,155,12,43,117,32,204,26,40,66,270
10/15/2011,MHR,CA,AWP,WE,Federal Contract Tower,1,3,8,2,14,1,5,51,6,63,2,8,59,8,77,0,14,14,91
10/16/2011,MHR,CA,AWP,WE,Federal Contract Tower,0,0,14,4,18,0,0,56,5,61,0,0,70,9,79,14,6,20,99
10/17/2011,MHR,CA,AWP,WE,Federal Contract Tower,3,13,6,12,34,3,20,45,16,84,6,33,51,28,118,22,76,98,216
10/18/2011,MHR,CA,AWP,WE,Federal Contract Tower,10,16,19,5,50,10,23,73,8,114,20,39,92,13,164,22,41,63,227
10/19/2011,MHR,CA,AWP,WE,Federal Contract Tower,9,22,22,11,64,9,28,77,11,125,18,50,99,22,189,34,0,34,223
10/20/2011,MHR,CA,AWP,WE,Federal Contract Tower,10,19,23,19,71,10,25,67,22,124,20,44,90,41,195,6,48,54,249
10/21/2011,MHR,CA,AWP,WE,Federal Contract Tower,6,18,8,11,43,3,28,51,16,98,9,46,59,27,141,0,38,38,179
10/22/2011,MHR,CA,AWP,WE,Federal Contract Tower,1,0,10,2,13,1,6,55,8,70,2,6,65,10,83,16,7,23,106
10/23/2011,MHR,CA,AWP,WE,Federal Contract Tower,0,1,12,0,13,0,1,78,7,86,0,2,90,7,99,16,0,16,115
10/24/2011,MHR,CA,AWP,WE,Federal Contract Tower,6,20,16,5,47,16,25,61,10,112,22,45,77,15,159,36,30,66,225
10/25/2011,MHR,CA,AWP,WE,Federal Contract Tower,10,22,24,9,65,10,24,66,14,114,20,46,90,23,179,8,12,20,199
10/26/2011,MHR,CA,AWP,WE,Federal Contract Tower,11,17,23,14,65,12,31,94,24,161,23,48,117,38,226,32,34,66,292
10/27/2011,MHR,CA,AWP,WE,Federal Contract Tower,9,18,19,4,50,9,29,57,12,107,18,47,76,16,157,6,60,66,223
10/28/2011,MHR,CA,AWP,WE,Federal Contract Tower,8,17,10,6,41,7,25,60,9,101,15,42,70,15,142,44,38,82,224
10/29/2011,MHR,CA,AWP,WE,Federal Contract Tower,1,2,8,0,11,1,6,53,0,60,2,8,61,0,71,34,0,34,105
10/30/2011,MHR,CA,AWP,WE,Federal Contract Tower,0,0,12,0,12,0,0,68,0,68,0,0,80,0,80,40,0,40,120
10/31/2011,MHR,CA,AWP,WE,Federal Contract Tower,3,19,13,6,41,3,25,62,10,100,6,44,75,16,141,16,44,60,201
11/01/2011,MHR,CA,AWP,WE,Federal Contract Tower,10,21,12,0,43,10,29,64,11,114,20,50,76,11,157,14,0,14,171
11/02/2011,MHR,CA,AWP,WE,Federal Contract Tower,10,20,21,13,64,10,31,82,25,148,20,51,103,38,212,18,70,88,300
11/03/2011,MHR,CA,AWP,WE,Federal Contract Tower,11,15,14,21,61,11,23,51,22,107,22,38,65,43,168,20,20,40,208
11/04/2011,MHR,CA,AWP,WE,Federal Contract Tower,6,16,5,10,37,4,25,48,5,82,10,41,53,15,119,4,20,24,143
11/05/2011,MHR,CA,AWP,WE,Federal Contract Tower,1,3,9,0,13,1,12,24,5,42,2,15,33,5,55,16,0,16,71
11/06/2011,MHR,CA,AWP,WE,Federal Contract Tower,0,0,13,0,13,0,0,24,0,24,0,0,37,0,37,8,0,8,45
11/07/2011,MHR,CA,AWP,WE,Federal Contract Tower,3,16,21,2,42,3,24,47,11,85,6,40,68,13,127,38,16,54,181
11/08/2011,MHR,CA,AWP,WE,Federal Contract Tower,12,17,15,8,52,12,22,51,29,114,24,39,66,37,166,8,56,64,230
11/09/2011,MHR,CA,AWP,WE,Federal Contract Tower,10,17,15,12,54,10,25,67,33,135,20,42,82,45,189,12,68,80,269
11/10/2011,MHR,CA,AWP,WE,Federal Contract Tower,10,13,25,14,62,10,28,85,25,148,20,41,110,39,210,32,98,130,340
11/11/2011,MHR,CA,AWP,WE,Federal Contract Tower,8,18,15,9,50,8,31,69,19,127,16,49,84,28,177,36,8,44,221
11/12/2011,MHR,CA,AWP,WE,Federal Contract Tower,1,3,14,1,19,1,3,61,2,67,2,6,75,3,86,36,5,41,127
11/13/2011,MHR,CA,AWP,WE,Federal Contract Tower,0,6,20,2,28,0,6,57,2,65,0,12,77,4,93,2,0,2,95
11/14/2011,MHR,CA,AWP,WE,Federal Contract Tower,5,20,8,20,53,5,25,32,29,91,10,45,40,49,144,14,58,72,216
11/15/2011,MHR,CA,AWP,WE,Federal Contract Tower,10,17,31,8,66,10,29,65,21,125,20,46,96,29,191,4,62,66,257
11/16/2011,MHR,CA,AWP,WE,Federal Contract Tower,13,21,20,12,66,13,31,58,29,131,26,52,78,41,197,10,108,118,315
11/17/2011,MHR,CA,AWP,WE,Federal Contract Tower,11,19,38,29,97,11,31,87,43,172,22,50,125,72,269,16,104,120,389
11/18/2011,MHR,CA,AWP,WE,Federal Contract Tower,6,23,11,7,47,6,32,55,23,116,12,55,66,30,163,11,53,64,227
11/19/2011,MHR,CA,AWP,WE,Federal Contract Tower,2,9,6,5,22,2,13,38,22,75,4,22,44,27,97,30,52,82,179
11/20/2011,MHR,CA,AWP,WE,Federal Contract Tower,1,1,7,0,9,1,1,19,2,23,2,2,26,2,32,14,2,16,48
11/21/2011,MHR,CA,AWP,WE,Federal Contract Tower,5,10,23,10,48,5,16,58,29,108,10,26,81,39,156,14,60,74,230
11/22/2011,MHR,CA,AWP,WE,Federal Contract Tower,15,8,15,27,65,15,14,50,51,130,30,22,65,78,195,48,80,128,323
11/23/2011,MHR,CA,AWP,WE,Federal Contract Tower,11,13,20,24,68,11,19,59,33,122,22,32,79,57,190,16,50,66,256
11/24/2011,MHR,CA,AWP,WE,Federal Contract Tower,0,1,2,0,3,0,2,2,0,4,0,3,4,0,7,0,0,0,7
11/25/2011,MHR,CA,AWP,WE,Federal Contract Tower,5,13,13,0,31,5,18,48,0,71,10,31,61,0,102,4,0,4,106
11/26/2011,MHR,CA,AWP,WE,Federal Contract Tower,2,8,22,2,34,2,8,27,1,38,4,16,49,3,72,0,0,0,72
11/27/2011,MHR,CA,AWP,WE,Federal Contract Tower,2,5,20,0,27,2,5,22,0,29,4,10,42,0,56,0,0,0,56
11/28/2011,MHR,CA,AWP,WE,Federal Contract Tower,4,21,9,3,37,4,24,26,6,60,8,45,35,9,97,4,0,4,101
11/29/2011,MHR,CA,AWP,WE,Federal Contract Tower,8,26,38,10,82,8,28,40,6,82,16,54,78,16,164,0,0,0,164
11/30/2011,MHR,CA,AWP,WE,Federal Contract Tower,12,21,14,6,53,12,32,43,18,105,24,53,57,24,158,2,16,18,176
12/01/2011,MHR,CA,AWP,WE,Federal Contract Tower,15,18,14,2,49,15,27,28,4,74,30,45,42,6,123,4,0,4,127
12/02/2011,MHR,CA,AWP,WE,Federal Contract Tower,7,20,26,15,68,7,29,102,29,167,14,49,128,44,235,30,44,74,309
12/03/2011,MHR,CA,AWP,WE,Federal Contract Tower,2,0,3,9,14,2,0,29,30,61,4,0,32,39,75,16,10,26,101
12/04/2011,MHR,CA,AWP,WE,Federal Contract Tower,0,2,8,0,10,0,2,50,3,55,0,4,58,3,65,44,14,58,123
12/05/2011,MHR,CA,AWP,WE,Federal Contract Tower,4,17,3,16,40,4,22,39,46,111,8,39,42,62,151,0,110,110,261
12/06/2011,MHR,CA,AWP,WE,Federal Contract Tower,16,15,25,21,77,16,22,75,39,152,32,37,100,60,229,16,38,54,283
12/07/2011,MHR,CA,AWP,WE,Federal Contract Tower,16,21,31,25,93,16,25,53,33,127,32,46,84,58,220,6,58,64,284
12/08/2011,MHR,CA,AWP,WE,Federal Contract Tower,12,19,37,17,85,12,19,63,31,125,24,38,100,48,210,74,48,122,332
12/09/2011,MHR,CA,AWP,WE,Federal Contract Tower,6,24,25,9,64,6,35,94,24,159,12,59,119,33,223,22,30,52,275
12/10/2011,MHR,CA,AWP,WE,Federal Contract Tower,3,2,22,8,35,3,4,97,15,119,6,6,119,23,154,22,52,74,228
12/11/2011,MHR,CA,AWP,WE,Federal Contract Tower,0,0,20,5,25,0,0,61,12,73,0,0,81,17,98,44,38,82,180
12/12/2011,MHR,CA,AWP,WE,Federal Contract Tower,4,20,15,16,55,4,28,46,35,113,8,48,61,51,168,0,44,44,212
12/13/2011,MHR,CA,AWP,WE,Federal Contract Tower,19,18,16,10,63,19,35,56,24,134,38,53,72,34,197,0,41,41,238
12/14/2011,MHR,CA,AWP,WE,Federal Contract Tower,17,17,24,12,70,17,35,67,26,145,34,52,91,38,215,44,64,108,323
12/15/2011,MHR,CA,AWP,WE,Federal Contract Tower,14,24,22,28,88,14,28,34,24,100,28,52,56,52,188,8,46,54,242
12/16/2011,MHR,CA,AWP,WE,Federal Contract Tower,8,18,28,14,68,8,31,75,29,143,16,49,103,43,211,0,80,80,291
12/17/2011,MHR,CA,AWP,WE,Federal Contract Tower,6,0,12,0,18,6,3,52,0,61,12,3,64,0,79,68,0,68,147
12/18/2011,MHR,CA,AWP,WE,Federal Contract Tower,4,3,28,1,36,4,9,64,0,77,8,12,92,1,113,42,0,42,155
12/19/2011,MHR,CA,AWP,WE,Federal Contract Tower,10,11,17,4,42,10,22,39,8,79,20,33,56,12,121,6,6,12,133
12/20/2011,MHR,CA,AWP,WE,Federal Contract Tower,29,12,13,20,74,29,19,58,35,141,58,31,71,55,215,34,70,104,319
12/21/2011,MHR,CA,AWP,WE,Federal Contract Tower,31,13,23,17,84,31,24,58,31,144,62,37,81,48,228,20,40,60,288
12/22/2011,MHR,CA,AWP,WE,Federal Contract Tower,27,5,24,8,64,27,22,68,19,136,54,27,92,27,200,2,36,38,238
12/23/2011,MHR,CA,AWP,WE,Federal Contract Tower,10,9,15,0,34,10,22,88,0,120,20,31,103,0,154,20,0,20,174
12/24/2011,MHR,CA,AWP,WE,Federal Contract Tower,6,2,6,0,14,6,7,38,0,51,12,9,44,0,65,20,0,20,85
12/25/2011,MHR,CA,AWP,WE,Federal Contract Tower,0,8,4,0,12,0,8,23,0,31,0,16,27,0,43,0,0,0,43
12/26/2011,MHR,CA,AWP,WE,Federal Contract Tower,1,2,13,0,16,1,2,69,0,72,2,4,82,0,88,8,0,8,96
12/27/2011,MHR,CA,AWP,WE,Federal Contract Tower,4,7,17,1,29,4,12,49,10,75,8,19,66,11,104,2,10,12,116
12/28/2011,MHR,CA,AWP,WE,Federal Contract Tower,9,9,11,1,30,9,18,61,6,94,18,27,72,7,124,14,0,14,138
12/29/2011,MHR,CA,AWP,WE,Federal Contract Tower,11,11,16,11,49,11,20,50,18,99,22,31,66,29,148,8,20,28,176
12/30/2011,MHR,CA,AWP,WE,Federal Contract Tower,7,14,17,0,38,7,23,42,0,72,14,37,59,0,110,20,0,20,130
12/31/2011,MHR,CA,AWP,WE,Federal Contract Tower,2,2,46,0,50,2,3,73,0,78,4,5,119,0,128,14,0,14,142
01/01/2012,MHR,CA,AWP,WE,Federal Contract Tower,0,0,4,0,4,0,0,11,0,11,0,0,15,0,15,0,8,8,23
01/02/2012,MHR,CA,AWP,WE,Federal Contract Tower,0,13,11,0,24,0,14,42,4,60,0,27,53,4,84,10,32,42,126
01/03/2012,MHR,CA,AWP,WE,Federal Contract Tower,7,21,11,10,49,7,25,45,16,93,14,46,56,26,142,16,0,16,158
01/04/2012,MHR,CA,AWP,WE,Federal Contract Tower,10,18,20,21,69,10,29,52,38,129,20,47,72,59,198,16,62,78,276
01/05/2012,MHR,CA,AWP,WE,Federal Contract Tower,10,19,12,26,67,10,28,54,56,148,20,47,66,82,215,18,140,158,373
01/06/2012,MHR,CA,AWP,WE,Federal Contract Tower,5,14,17,12,48,5,24,73,18,120,10,38,90,30,168,8,20,28,196
01/07/2012,MHR,CA,AWP,WE,Federal Contract Tower,1,1,12,0,14,1,4,45,0,50,2,5,57,0,64,4,0,4,68
01/08/2012,MHR,CA,AWP,WE,Federal Contract Tower,0,1,11,0,12,0,1,55,10,66,0,2,66,10,78,40,0,40,118
01/09/2012,MHR,CA,AWP,WE,Federal Contract Tower,3,17,17,3,40,3,22,58,5,88,6,39,75,8,128,8,12,20,148
01/10/2012,MHR,CA,AWP,WE,Federal Contract Tower,11,22,6,21,60,11,27,45,34,117,22,49,51,55,177,24,90,114,291
01/11/2012,MHR,CA,AWP,WE,Federal Contract Tower,10,19,18,6,53,10,31,71,11,123,20,50,89,17,176,20,22,42,218
01/12/2012,MHR,CA,AWP,WE,Federal Contract Tower,10,16,17,21,64,10,29,77,37,153,20,45,94,58,217,16,78,94,311
01/13/2012,MHR,CA,AWP,WE,Federal Contract Tower,6,18,16,22,62,6,29,93,33,161,12,47,109,55,223,58,74,132,355
01/14/2012,MHR,CA,AWP,WE,Federal Contract Tower,1,2,11,0,14,1,6,76,8,91,2,8,87,8,105,40,0,40,145
01/15/2012,MHR,CA,AWP,WE,Federal Contract Tower,0,0,10,2,12,0,0,42,2,44,0,0,52,4,56,6,0,6,62
01/16/2012,MHR,CA,AWP,WE,Federal Contract Tower,2,16,35,4,57,2,22,84,4,112,4,38,119,8,169,6,0,6,175
01/17/2012,MHR,CA,AWP,WE,Federal Contract Tower,10,21,22,20,73,10,26,50,43,129,20,47,72,63,202,4,52,56,258
01/18/2012,MHR,CA,AWP,WE,Federal Contract Tower,10,19,15,25,69,10,23,49,38,120,20,42,64,63,189,0,76,76,265
01/19/2012,MHR,CA,AWP,WE,Federal Contract Tower,10,24,22,48,104,10,29,47,39,125,20,53,69,87,229,0,140,140,369
01/20/2012,MHR,CA,AWP,WE,Federal Contract Tower,7,32,9,2,50,7,32,9,3,51,14,64,18,5,101,0,2,2,103
01/21/2012,MHR,CA,AWP,WE,Federal Contract Tower,1,0,16,0,17,1,3,42,0,46,2,3,58,0,63,0,0,0,63
01/22/2012,MHR,CA,AWP,WE,Federal Contract Tower,0,1,24,2,27,0,1,25,2,28,0,2,49,4,55,0,0,0,55
01/23/2012,MHR,CA,AWP,WE,Federal Contract Tower,3,22,11,38,74,3,23,14,40,80,6,45,25,78,154,4,26,30,184
01/24/2012,MHR,CA,AWP,WE,Federal Contract Tower,8,21,53,7,89,8,28,72,10,118,16,49,125,17,207,8,30,38,245
01/25/2012,MHR,CA,AWP,WE,Federal Contract Tower,9,20,19,21,69,9,23,48,41,121,18,43,67,62,190,10,76,86,276
01/26/2012,MHR,CA,AWP,WE,Federal Contract Tower,9,30,28,13,80,9,31,28,15,83,18,61,56,28,163,0,0,0,163
01/27/2012,MHR,CA,AWP,WE,Federal Contract Tower,6,15,7,10,38,6,24,46,22,98,12,39,53,32,136,0,52,52,188
01/28/2012,MHR,CA,AWP,WE,Federal Contract Tower,1,0,21,0,22,1,3,85,0,89,2,3,106,0,111,106,0,106,217
01/29/2012,MHR,CA,AWP,WE,Federal Contract Tower,0,0,23,0,23,0,0,80,2,82,0,0,103,2,105,38,36,74,179
01/30/2012,MHR,CA,AWP,WE,Federal Contract Tower,3,15,11,17,46,3,22,53,43,121,6,37,64,60,167,20,94,114,281
01/31/2012,MHR,CA,AWP,WE,Federal Contract Tower,5,23,13,10,51,5,25,34,16,80,10,48,47,26,131,7,60,67,198
02/01/2012,MHR,CA,AWP,WE,Federal Contract Tower,10,23,22,33,88,10,28,40,36,114,20,51,62,69,202,16,64,80,282
02/02/2012,MHR,CA,AWP,WE,Federal Contract Tower,10,24,16,9,59,10,34,52,28,124,20,58,68,37,183,12,60,72,255
02/03/2012,MHR,CA,AWP,WE,Federal Contract Tower,4,16,22,11,53,5,24,78,16,123,9,40,100,27,176,62,40,102,278
02/04/2012,MHR,CA,AWP,WE,Federal Contract Tower,1,1,17,6,25,1,4,71,17,93,2,5,88,23,118,84,54,138,256
02/05/2012,MHR,CA,AWP,WE,Federal Contract Tower,0,2,18,8,28,0,2,56,12,70,0,4,74,20,98,22,64,86,184
02/06/2012,MHR,CA,AWP,WE,Federal Contract Tower,2,30,31,20,83,2,36,100,33,171,4,66,131,53,254,50,134,184,438
02/07/2012,MHR,CA,AWP,WE,Federal Contract Tower,10,18,16,44,88,10,24,25,56,115,20,42,41,100,203,0,94,94,297
02/08/2012,MHR,CA,AWP,WE,Federal Contract Tower,10,16,14,26,66,10,21,77,46,154,20,37,91,72,220,12,62,74,294
02/09/2012,MHR,CA,AWP,WE,Federal Contract Tower,10,16,18,23,67,10,26,75,34,145,20,42,93,57,212,32,58,90,302
02/10/2012,MHR,CA,AWP,WE,Federal Contract Tower,6,24,31,25,86,6,35,108,53,202,12,59,139,78,288,42,76,118,406
02/11/2012,MHR,CA,AWP,WE,Federal Contract Tower,2,5,15,1,23,4,63,16,0,83,6,68,31,1,106,74,0,74,180
02/12/2012,MHR,CA,AWP,WE,Federal Contract Tower,0,1,28,7,36,0,1,64,9,74,0,2,92,16,110,46,0,46,156
02/13/2012,MHR,CA,AWP,WE,Federal Contract Tower,6,21,25,21,73,6,23,39,26,94,12,44,64,47,167,0,36,36,203
02/14/2012,MHR,CA,AWP,WE,Federal Contract Tower,11,25,18,8,62,11,30,48,14,103,22,55,66,22,165,4,26,30,195
02/15/2012,MHR,CA,AWP,WE,Federal Contract Tower,8,17,8,10,43,8,28,28,26,90,16,45,36,36,133,2,12,14,147
02/16/2012,MHR,CA,AWP,WE,Federal Contract Tower,13,16,32,15,76,13,31,98,34,176,26,47,130,49,252,24,52,76,328
02/17/2012,MHR,CA,AWP,WE,Federal Contract Tower,8,7,18,8,41,8,17,84,16,125,16,24,102,24,166,30,38,68,234
02/18/2012,MHR,CA,AWP,WE,Federal Contract Tower,1,3,15,3,22,1,3,27,0,31,2,6,42,3,53,4,0,4,57
02/19/2012,MHR,CA,AWP,WE,Federal Contract Tower,0,0,14,2,16,0,0,41,2,43,0,0,55,4,59,12,0,12,71
02/20/2012,MHR,CA,AWP,WE,Federal Contract Tower,3,8,14,0,25,3,13,48,0,64,6,21,62,0,89,36,0,36,125
02/21/2012,MHR,CA,AWP,WE,Federal Contract Tower,8,19,14,39,80,8,22,70,61,161,16,41,84,100,241,32,100,132,373
02/22/2012,MHR,CA,AWP,WE,Federal Contract Tower,11,18,13,17,59,11,24,98,45,178,22,42,111,62,237,34,116,150,387
02/23/2012,MHR,CA,AWP,WE,Federal Contract Tower,10,17,12,3,42,10,27,46,8,91,20,44,58,11,133,18,4,22,155
02/24/2012,MHR,CA,AWP,WE,Federal Contract Tower,6,18,14,7,45,6,29,108,20,163,12,47,122,27,208,20,32,52,260
02/25/2012,MHR,CA,AWP,WE,Federal Contract Tower,1,2,14,3,20,1,6,74,8,89,2,8,88,11,109,26,6,32,141
02/26/2012,MHR,CA,AWP,WE,Federal Contract Tower,1,2,12,1,16,1,2,62,3,68,2,4,74,4,84,48,22,70,154
02/27/2012,MHR,CA,AWP,WE,Federal Contract Tower,3,18,18,30,69,3,24,51,35,113,6,42,69,65,182,22,36,58,240
02/28/2012,MHR,CA,AWP,WE,Federal Contract Tower,10,19,18,25,72,10,29,45,40,124,20,48,63,65,196,8,34,42,238
02/29/2012,MHR,CA,AWP,WE,Federal Contract Tower,10,25,12,7,54,10,38,24,11,83,20,63,36,18,137,6,0,6,143
03/01/2012,MHR,CA,AWP,WE,Federal Contract Tower,11,14,20,14,59,11,23,42,23,99,22,37,62,37,158,28,8,36,194
03/02/2012,MHR,CA,AWP,WE,Federal Contract Tower,7,15,23,11,56,7,32,95,22,156,14,47,118,33,212,2,80,82,294
03/03/2012,MHR,CA,AWP,WE,Federal Contract Tower,1,1,21,5,28,1,3,76,24,104,2,4,97,29,132,30,0,30,162
03/04/2012,MHR,CA,AWP,WE,Federal Contract Tower,0,1,14,4,19,0,2,45,11,58,0,3,59,15,77,30,0,30,107
03/05/2012,MHR,CA,AWP,WE,Federal Contract Tower,3,18,7,13,41,3,20,62,23,108,6,38,69,36,149,26,88,114,263
03/06/2012,MHR,CA,AWP,WE,Federal Contract Tower,10,15,5,6,36,10,24,22,10,66,20,39,27,16,102,0,0,0,102
03/07/2012,MHR,CA,AWP,WE,Federal Contract Tower,10,15,13,4,42,10,27,54,20,111,20,42,67,24,153,14,6,20,173
03/08/2012,MHR,CA,AWP,WE,Federal Contract Tower,9,19,19,24,71,9,30,69,45,153,18,49,88,69,224,32,84,116,340
03/09/2012,MHR,CA,AWP,WE,Federal Contract Tower,6,19,22,11,58,6,35,118,23,182,12,54,140,34,240,70,76,146,386
03/10/2012,MHR,CA,AWP,WE,Federal Contract Tower,1,3,22,0,26,1,6,77,0,84,2,9,99,0,110,32,0,32,142
03/11/2012,MHR,CA,AWP,WE,Federal Contract Tower,0,3,29,5,37,0,3,62,5,70,0,6,91,10,107,0,30,30,137
03/12/2012,MHR,CA,AWP,WE,Federal Contract Tower,3,16,33,22,74,3,22,64,27,116,6,38,97,49,190,0,70,70,260
03/13/2012,MHR,CA,AWP,WE,Federal Contract Tower,12,35,14,26,87,12,35,17,28,92,24,70,31,54,179,0,2,2,181
03/14/2012,MHR,CA,AWP,WE,Federal Contract Tower,9,30,20,30,89,9,33,28,49,119,18,63,48,79,208,0,0,0,208
03/15/2012,MHR,CA,AWP,WE,Federal Contract Tower,10,25,34,31,100,10,31,47,49,137,20,56,81,80,237,12,94,106,343
03/16/2012,MHR,CA,AWP,WE,Federal Contract Tower,6,30,14,8,58,6,31,28,14,79,12,61,42,22,137,0,18,18,155
03/17/2012,MHR,CA,AWP,WE,Federal Contract Tower,1,3,3,1,8,1,4,19,1,25,2,7,22,2,33,0,0,0,33
03/18/2012,MHR,CA,AWP,WE,Federal Contract Tower,0,3,6,0,9,0,3,17,0,20,0,6,23,0,29,10,0,10,39
03/19/2012,MHR,CA,AWP,WE,Federal Contract Tower,3,21,22,22,68,3,28,47,28,106,6,49,69,50,174,4,72,76,250
03/20/2012,MHR,CA,AWP,WE,Federal Contract Tower,10,21,29,23,83,10,30,46,34,120,20,51,75,57,203,2,64,66,269
03/21/2012,MHR,CA,AWP,WE,Federal Contract Tower,10,18,62,28,118,10,28,122,47,207,20,46,184,75,325,34,110,144,469
03/22/2012,MHR,CA,AWP,WE,Federal Contract Tower,11,16,25,33,85,11,28,39,52,130,22,44,64,85,215,10,118,128,343
03/23/2012,MHR,CA,AWP,WE,Federal Contract Tower,6,25,28,17,76,6,48,98,22,174,12,73,126,39,250,28,38,66,316
03/24/2012,MHR,CA,AWP,WE,Federal Contract Tower,1,4,19,6,30,1,7,51,6,65,2,11,70,12,95,54,10,64,159
03/25/2012,MHR,CA,AWP,WE,Federal Contract Tower,0,1,5,0,6,0,1,19,0,20,0,2,24,0,26,26,0,26,52
03/26/2012,MHR,CA,AWP,WE,Federal Contract Tower,3,19,35,41,98,3,24,90,50,167,6,43,125,91,265,14,80,94,359
03/27/2012,MHR,CA,AWP,WE,Federal Contract Tower,10,19,18,33,80,10,24,41,48,123,20,43,59,81,203,2,148,150,353
03/28/2012,MHR,CA,AWP,WE,Federal Contract Tower,10,26,22,17,75,10,32,49,32,123,20,58,71,49,198,14,44,58,256
03/29/2012,MHR,CA,AWP,WE,Federal Contract Tower,11,18,23,20,72,11,27,73,42,153,22,45,96,62,225,20,108,128,353
03/30/2012,MHR,CA,AWP,WE,Federal Contract Tower,6,19,29,26,80,6,34,89,40,169,12,53,118,66,249,18,96,114,363
03/31/2012,MHR,CA,AWP,WE,Federal Contract Tower,1,0,3,5,9,1,3,3,6,13,2,3,6,11,22,0,0,0,22
04/01/2012,MHR,CA,AWP,WE,Federal Contract Tower,0,2,15,0,17,0,2,40,3,45,0,4,55,3,62,18,0,18,80
04/02/2012,MHR,CA,AWP,WE,Federal Contract Tower,3,17,25,37,82,3,22,78,59,162,6,39,103,96,244,0,104,104,348
04/03/2012,MHR,CA,AWP,WE,Federal Contract Tower,10,16,24,28,78,10,23,66,40,139,20,39,90,68,217,6,90,96,313
04/04/2012,MHR,CA,AWP,WE,Federal Contract Tower,11,23,41,47,122,11,34,123,65,233,22,57,164,112,355,10,182,192,547
04/05/2012,MHR,CA,AWP,WE,Federal Contract Tower,10,17,14,20,61,10,28,78,62,178,20,45,92,82,239,16,62,78,317
04/06/2012,MHR,CA,AWP,WE,Federal Contract Tower,6,25,22,8,61,6,43,92,19,160,12,68,114,27,221,66,48,114,335
04/07/2012,MHR,CA,AWP,WE,Federal Contract Tower,2,1,16,0,19,2,4,59,0,65,4,5,75,0,84,22,0,22,106
04/08/2012,MHR,CA,AWP,WE,Federal Contract Tower,0,1,1,0,2,0,1,29,0,30,0,2,30,0,32,18,0,18,50
04/09/2012,MHR,CA,AWP,WE,Federal Contract Tower,2,22,21,13,58,2,27,90,20,139,4,49,111,33,197,72,16,88,285
04/10/2012,MHR,CA,AWP,WE,Federal Contract Tower,9,19,33,39,100,9,28,59,45,141,18,47,92,84,241,40,52,92,333
04/11/2012,MHR,CA,AWP,WE,Federal Contract Tower,10,23,14,9,56,10,28,28,12,78,20,51,42,21,134,0,52,52,186
04/12/2012,MHR,CA,AWP,WE,Federal Contract Tower,10,29,15,10,64,10,31,15,16,72,20,60,30,26,136,0,26,26,162
04/13/2012,MHR,CA,AWP,WE,Federal Contract Tower,6,22,6,4,38,6,30,35,6,77,12,52,41,10,115,0,6,6,121
04/14/2012,MHR,CA,AWP,WE,Federal Contract Tower,1,1,17,2,21,1,4,52,27,84,2,5,69,29,105,38,0,38,143
04/15/2012,MHR,CA,AWP,WE,Federal Contract Tower,0,1,18,2,21,0,2,72,19,93,0,3,90,21,114,34,0,34,148
04/16/2012,MHR,CA,AWP,WE,Federal Contract Tower,3,14,29,12,58,3,20,74,21,118,6,34,103,33,176,10,46,56,232
04/17/2012,MHR,CA,AWP,WE,Federal Contract Tower,10,24,35,19,88,10,34,79,44,167,20,58,114,63,255,26,155,181,436
04/18/2012,MHR,CA,AWP,WE,Federal Contract Tower,10,18,23,21,72,10,27,74,33,144,20,45,97,54,216,60,82,142,358
04/19/2012,MHR,CA,AWP,WE,Federal Contract Tower,10,22,20,14,66,10,38,65,32,145,20,60,85,46,211,10,62,72,283
04/20/2012,MHR,CA,AWP,WE,Federal Contract Tower,4,26,12,30,72,4,32,95,47,178,8,58,107,77,250,12,94,106,356
04/21/2012,MHR,CA,AWP,WE,Federal Contract Tower,1,0,8,4,13,1,3,49,4,57,2,3,57,8,70,26,0,26,96
04/22/2012,MHR,CA,AWP,WE,Federal Contract Tower,0,1,24,3,28,0,1,67,6,74,0,2,91,9,102,18,14,32,134
04/23/2012,MHR,CA,AWP,WE,Federal Contract Tower,3,24,28,12,67,3,28,73,25,129,6,52,101,37,196,22,102,124,320
04/24/2012,MHR,CA,AWP,WE,Federal Contract Tower,10,24,44,16,94,10,29,86,52,177,20,53,130,68,271,30,78,108,379
04/25/2012,MHR,CA,AWP,WE,Federal Contract Tower,25,19,15,22,81,25,28,48,36,137,50,47,63,58,218,14,72,86,304
04/26/2012,MHR,CA,AWP,WE,Federal Contract Tower,8,22,20,15,65,8,27,49,44,128,16,49,69,59,193,20,68,88,281
04/27/2012,MHR,CA,AWP,WE,Federal Contract Tower,7,19,26,10,62,7,31,155,13,206,14,50,181,23,268,80,44,124,392
04/28/2012,MHR,CA,AWP,WE,Federal Contract Tower,1,2,11,0,14,1,5,80,0,86,2,7,91,0,100,28,0,28,128
04/29/2012,MHR,CA,AWP,WE,Federal Contract Tower,0,0,6,0,6,0,0,81,0,81,0,0,87,0,87,16,0,16,103
04/30/2012,MHR,CA,AWP,WE,Federal Contract Tower,9,17,20,27,73,3,23,60,38,124,12,40,80,65,197,0,62,62,259
05/01/2012,MHR,CA,AWP,WE,Federal Contract Tower,10,14,11,24,59,10,24,59,31,124,20,38,70,55,183,4,28,32,215
05/02/2012,MHR,CA,AWP,WE,Federal Contract Tower,10,19,21,13,63,10,29,61,23,123,20,48,82,36,186,12,54,66,252
05/03/2012,MHR,CA,AWP,WE,Federal Contract Tower,10,24,18,13,65,10,34,45,26,115,20,58,63,39,180,20,46,66,246
05/04/2012,MHR,CA,AWP,WE,Federal Contract Tower,7,22,23,14,66,7,35,80,28,150,14,57,103,42,216,34,58,92,308
05/05/2012,MHR,CA,AWP,WE,Federal Contract Tower,1,3,14,7,25,1,6,58,8,73,2,9,72,15,98,12,0,12,110
05/06/2012,MHR,CA,AWP,WE,Federal Contract Tower,0,1,17,0,18,0,1,41,1,43,0,2,58,1,61,30,0,30,91
05/07/2012,MHR,CA,AWP,WE,Federal Contract Tower,3,16,19,3,41,3,22,66,6,97,6,38,85,9,138,4,10,14,152
05/08/2012,MHR,CA,AWP,WE,Federal Contract Tower,10,11,17,12,50,10,22,73,21,126,20,33,90,33,176,24,20,44,220
05/09/2012,MHR,CA,AWP,WE,Federal Contract Tower,10,17,10,13,50,10,27,55,23,115,20,44,65,36,165,12,64,76,241
05/10/2012,MHR,CA,AWP,WE,Federal Contract Tower,9,15,24,14,62,9,26,71,29,135,18,41,95,43,197,20,30,50,247
05/11/2012,MHR,CA,AWP,WE,Federal Contract Tower,7,16,15,4,42,7,31,106,10,154,14,47,121,14,196,16,36,52,248
05/12/2012,MHR,CA,AWP,WE,Federal Contract Tower,1,2,9,8,20,1,5,58,12,76,2,7,67,20,96,62,26,88,184
05/13/2012,MHR,CA,AWP,WE,Federal Contract Tower,0,1,16,12,29,0,1,45,14,60,0,2,61,26,89,36,10,46,135
05/14/2012,MHR,CA,AWP,WE,Federal Contract Tower,3,18,31,17,69,3,24,79,28,134,6,42,110,45,203,0,34,34,237
05/15/2012,MHR,CA,AWP,WE,Federal Contract Tower,11,13,15,24,63,11,27,59,49,146,22,40,74,73,209,8,94,102,311
05/16/2012,MHR,CA,AWP,WE,Federal Contract Tower,12,20,26,24,82,12,31,88,47,178,24,51,114,71,260,30,74,104,364
05/17/2012,MHR,CA,AWP,WE,Federal Contract Tower,11,23,38,18,90,11,34,103,33,181,22,57,141,51,271,46,68,114,385
05/18/2012,MHR,CA,AWP,WE,Federal Contract Tower,8,25,14,6,53,8,35,90,11,144,16,60,104,17,197,6,44,50,247
05/19/2012,MHR,CA,AWP,WE,Federal Contract Tower,1,2,9,2,14,1,5,43,8,57,2,7,52,10,71,4,0,4,75
05/20/2012,MHR,CA,AWP,WE,Federal Contract Tower,0,2,25,9,36,0,2,66,16,84,0,4,91,25,120,6,18,24,144
05/21/2012,MHR,CA,AWP,WE,Federal Contract Tower,3,12,28,26,69,3,18,72,26,119,6,30,100,52,188,14,30,44,232
05/22/2012,MHR,CA,AWP,WE,Federal Contract Tower,11,21,36,25,93,11,29,118,46,204,22,50,154,71,297,54,106,160,457
05/23/2012,MHR,CA,AWP,WE,Federal Contract Tower,10,17,19,7,53,10,27,65,35,137,20,44,84,42,190,38,76,114,304
05/24/2012,MHR,CA,AWP,WE,Federal Contract Tower,10,20,20,4,54,10,32,59,15,116,20,52,79,19,170,10,30,40,210
05/25/2012,MHR,CA,AWP,WE,Federal Contract Tower,6,6,21,5,38,6,26,93,9,134,12,32,114,14,172,0,20,20,192
05/26/2012,MHR,CA,AWP,WE,Federal Contract Tower,1,0,23,0,24,1,0,73,0,74,2,0,96,0,98,20,0,20,118
05/27/2012,MHR,CA,AWP,WE,Federal Contract Tower,0,6,8,0,14,0,6,35,1,42,0,12,43,1,56,8,0,8,64
05/28/2012,MHR,CA,AWP,WE,Federal Contract Tower,0,2,11,0,13,0,3,33,28,64,0,5,44,28,77,8,8,16,93
05/29/2012,MHR,CA,AWP,WE,Federal Contract Tower,6,16,18,15,55,6,24,87,47,164,12,40,105,62,219,12,50,62,281
05/30/2012,MHR,CA,AWP,WE,Federal Contract Tower,10,17,11,10,48,10,26,60,27,123,20,43,71,37,171,24,46,70,241
05/31/2012,MHR,CA,AWP,WE,Federal Contract Tower,10,14,11,15,50,10,26,94,32,162,20,40,105,47,212,4,28,32,244
06/01/2012,MHR,CA,AWP,WE,Federal Contract Tower,5,14,29,7,55,5,25,112,18,160,10,39,141,25,215,70,70,140,355
06/02/2012,MHR,CA,AWP,WE,Federal Contract Tower,1,1,11,2,15,1,4,76,13,94,2,5,87,15,109,42,0,42,151
06/03/2012,MHR,CA,AWP,WE,Federal Contract Tower,0,0,16,3,19,0,0,47,7,54,0,0,63,10,73,2,0,2,75
06/04/2012,MHR,CA,AWP,WE,Federal Contract Tower,3,22,27,15,67,3,28,52,17,100,6,50,79,32,167,38,12,50,217
06/05/2012,MHR,CA,AWP,WE,Federal Contract Tower,28,17,18,7,70,28,27,54,18,127,56,44,72,25,197,4,16,20,217
06/06/2012,MHR,CA,AWP,WE,Federal Contract Tower,10,16,23,17,66,10,26,72,30,138,20,42,95,47,204,20,24,44,248
06/07/2012,MHR,CA,AWP,WE,Federal Contract Tower,11,12,23,9,55,11,25,90,20,146,22,37,113,29,201,10,38,48,249
06/08/2012,MHR,CA,AWP,WE,Federal Contract Tower,6,21,38,16,81,6,36,114,45,201,12,57,152,61,282,60,74,134,416
06/09/2012,MHR,CA,AWP,WE,Federal Contract Tower,1,0,12,6,19,1,0,58,20,79,2,0,70,26,98,0,0,0,98
06/10/2012,MHR,CA,AWP,WE,Federal Contract Tower,0,11,14,2,27,0,2,59,26,87,0,13,73,28,114,58,16,74,188
06/11/2012,MHR,CA,AWP,WE,Federal Contract Tower,3,15,10,9,37,3,27,66,17,113,6,42,76,26,150,12,10,22,172
06/12/2012,MHR,CA,AWP,WE,Federal Contract Tower,10,15,12,24,61,10,27,40,43,120,20,42,52,67,181,12,44,56,237
06/13/2012,MHR,CA,AWP,WE,Federal Contract Tower,10,20,8,21,59,10,33,50,36,129,20,53,58,57,188,10,72,82,270
06/14/2012,MHR,CA,AWP,WE,Federal Contract Tower,11,14,14,11,50,11,26,57,41,135,22,40,71,52,185,18,42,60,245
06/15/2012,MHR,CA,AWP,WE,Federal Contract Tower,7,25,12,11,55,7,38,105,17,167,14,63,117,28,222,40,22,62,284
06/16/2012,MHR,CA,AWP,WE,Federal Contract Tower,1,0,8,4,13,1,3,43,6,53,2,3,51,10,66,4,4,8,74
06/17/2012,MHR,CA,AWP,WE,Federal Contract Tower,0,1,16,3,20,0,1,55,4,60,0,2,71,7,80,32,4,36,116
06/18/2012,MHR,CA,AWP,WE,Federal Contract Tower,3,16,15,21,55,3,27,82,27,139,6,43,97,48,194,32,44,76,270
06/19/2012,MHR,CA,AWP,WE,Federal Contract Tower,13,12,10,17,52,13,24,64,39,140,26,36,74,56,192,22,42,64,256
06/20/2012,MHR,CA,AWP,WE,Federal Contract Tower,9,17,20,14,60,9,39,124,32,204,18,56,144,46,264,10,42,52,316
06/21/2012,MHR,CA,AWP,WE,Federal Contract Tower,10,14,14,9,47,10,30,60,18,118,20,44,74,27,165,4,14,18,183
06/22/2012,MHR,CA,AWP,WE,Federal Contract Tower,6,17,37,17,77,6,37,110,33,186,12,54,147,50,263,10,70,80,343
06/23/2012,MHR,CA,AWP,WE,Federal Contract Tower,1,0,11,7,19,1,3,66,13,83,2,3,77,20,102,22,0,22,124
06/24/2012,MHR,CA,AWP,WE,Federal Contract Tower,0,0,21,11,32,0,0,61,19,80,0,0,82,30,112,0,2,2,114
06/25/2012,MHR,CA,AWP,WE,Federal Contract Tower,3,17,22,25,67,3,24,73,43,143,6,41,95,68,210,0,40,40,250
06/26/2012,MHR,CA,AWP,WE,Federal Contract Tower,12,20,24,21,77,12,32,57,41,142,24,52,81,62,219,30,66,96,315
06/27/2012,MHR,CA,AWP,WE,Federal Contract Tower,10,17,17,11,55,10,30,63,24,127,20,47,80,35,182,10,12,22,204
06/28/2012,MHR,CA,AWP,WE,Federal Contract Tower,10,15,15,25,65,10,28,57,51,146,20,43,72,76,211,46,34,80,291
06/29/2012,MHR,CA,AWP,WE,Federal Contract Tower,5,17,22,8,52,5,29,98,17,149,10,46,120,25,201,30,24,54,255
06/30/2012,MHR,CA,AWP,WE,Federal Contract Tower,1,0,14,6,21,1,3,77,9,90,2,3,91,15,111,14,12,26,137
07/01/2012,MHR,CA,AWP,WE,Federal Contract Tower,0,2,11,0,13,0,2,62,1,65,0,4,73,1,78,38,0,38,116
07/02/2012,MHR,CA,AWP,WE,Federal Contract Tower,3,3,16,13,35,3,9,60,25,97,6,12,76,38,132,12,30,42,174
07/03/2012,MHR,CA,AWP,WE,Federal Contract Tower,12,4,16,4,36,12,15,52,10,89,24,19,68,14,125,16,16,32,157
07/04/2012,MHR,CA,AWP,WE,Federal Contract Tower,1,1,16,2,20,1,1,36,2,40,2,2,52,4,60,2,6,8,68
07/05/2012,MHR,CA,AWP,WE,Federal Contract Tower,9,5,9,14,37,9,17,55,37,118,18,22,64,51,155,22,32,54,209
07/06/2012,MHR,CA,AWP,WE,Federal Contract Tower,6,5,17,7,35,6,19,68,15,108,12,24,85,22,143,22,48,70,213
07/07/2012,MHR,CA,AWP,WE,Federal Contract Tower,1,0,11,0,12,1,3,67,2,73,2,3,78,2,85,12,0,12,97
07/08/2012,MHR,CA,AWP,WE,Federal Contract Tower,0,6,6,2,14,0,6,49,2,57,0,12,55,4,71,14,4,18,89
07/09/2012,MHR,CA,AWP,WE,Federal Contract Tower,3,13,12,10,38,3,18,54,13,88,6,31,66,23,126,0,6,6,132
07/10/2012,MHR,CA,AWP,WE,Federal Contract Tower,10,21,17,10,58,10,34,56,12,112,20,55,73,22,170,24,26,50,220
07/11/2012,MHR,CA,AWP,WE,Federal Contract Tower,10,18,17,17,62,10,31,65,25,131,20,49,82,42,193,18,48,66,259
07/12/2012,MHR,CA,AWP,WE,Federal Contract Tower,10,15,15,19,59,10,27,54,30,121,20,42,69,49,180,8,80,88,268
07/13/2012,MHR,CA,AWP,WE,Federal Contract Tower,6,21,18,14,59,6,36,100,37,179,12,57,118,51,238,38,68,106,344
07/14/2012,MHR,CA,AWP,WE,Federal Contract Tower,1,4,10,6,21,1,5,71,17,94,2,9,81,23,115,40,0,40,155
07/15/2012,MHR,CA,AWP,WE,Federal Contract Tower,0,0,22,3,25,0,0,86,16,102,0,0,108,19,127,16,0,16,143
07/16/2012,MHR,CA,AWP,WE,Federal Contract Tower,3,15,14,5,37,3,23,86,20,132,6,38,100,25,169,6,10,16,185
07/17/2012,MHR,CA,AWP,WE,Federal Contract Tower,12,25,20,12,69,12,29,75,17,133,24,54,95,29,202,28,6,34,236
07/18/2012,MHR,CA,AWP,WE,Federal Contract Tower,10,14,15,9,48,10,27,71,19,127,20,41,86,28,175,52,72,124,299
07/19/2012,MHR,CA,AWP,WE,Federal Contract Tower,10,14,6,20,50,10,25,74,40,149,20,39,80,60,199,30,46,76,275
07/20/2012,MHR,CA,AWP,WE,Federal Contract Tower,6,12,19,7,44,6,24,114,27,171,12,36,133,34,215,56,76,132,347
07/21/2012,MHR,CA,AWP,WE,Federal Contract Tower,1,0,10,1,12,1,3,61,7,72,2,3,71,8,84,8,0,8,92
07/22/2012,MHR,CA,AWP,WE,Federal Contract Tower,0,2,12,0,14,0,2,68,7,77,0,4,80,7,91,96,0,96,187
07/23/2012,MHR,CA,AWP,WE,Federal Contract Tower,3,13,15,10,41,3,38,49,26,116,6,51,64,36,157,16,24,40,197
07/24/2012,MHR,CA,AWP,WE,Federal Contract Tower,12,13,22,2,49,12,28,77,31,148,24,41,99,33,197,42,88,130,327
07/25/2012,MHR,CA,AWP,WE,Federal Contract Tower,10,18,9,5,42,10,32,59,19,120,20,50,68,24,162,36,56,92,254
07/26/2012,MHR,CA,AWP,WE,Federal Contract Tower,8,13,9,5,35,8,27,75,30,140,16,40,84,35,175,56,14,70,245
07/27/2012,MHR,CA,AWP,WE,Federal Contract Tower,6,16,25,2,49,6,34,106,5,151,12,50,131,7,200,56,30,86,286
07/28/2012,MHR,CA,AWP,WE,Federal Contract Tower,1,0,8,0,9,1,3,65,6,75,2,3,73,6,84,8,2,10,94
07/29/2012,MHR,CA,AWP,WE,Federal Contract Tower,0,2,20,0,22,0,2,60,1,63,0,4,80,1,85,28,0,28,113
07/30/2012,MHR,CA,AWP,WE,Federal Contract Tower,3,19,12,13,47,3,26,71,20,120,6,45,83,33,167,38,70,108,275
07/31/2012,MHR,CA,AWP,WE,Federal Contract Tower,12,15,28,16,71,12,27,69,27,135,24,42,97,43,206,2,104,106,312
08/01/2012,MHR,CA,AWP,WE,Federal Contract Tower,10,11,14,6,41,10,27,75,33,145,20,38,89,39,186,46,58,104,290
08/02/2012,MHR,CA,AWP,WE,Federal Contract Tower,12,16,20,0,48,12,26,74,12,124,24,42,94,12,172,10,26,36,208
08/03/2012,MHR,CA,AWP,WE,Federal Contract Tower,6,20,18,15,59,6,38,98,28,170,12,58,116,43,229,46,98,144,373
08/04/2012,MHR,CA,AWP,WE,Federal Contract Tower,1,3,5,2,11,1,6,40,2,49,2,9,45,4,60,8,0,8,68
08/05/2012,MHR,CA,AWP,WE,Federal Contract Tower,0,2,14,1,17,0,2,71,5,78,0,4,85,6,95,88,0,88,183
08/06/2012,MHR,CA,AWP,WE,Federal Contract Tower,3,18,14,14,49,3,26,67,30,126,6,44,81,44,175,48,32,80,255
08/07/2012,MHR,CA,AWP,WE,Federal Contract Tower,11,16,28,8,63,11,28,63,19,121,22,44,91,27,184,22,30,52,236
08/08/2012,MHR,CA,AWP,WE,Federal Contract Tower,10,16,21,6,53,10,35,84,19,148,20,51,105,25,201,34,34,68,269
08/09/2012,MHR,CA,AWP,WE,Federal Contract Tower,10,16,22,9,57,10,31,80,27,148,20,47,102,36,205,12,46,58,263
08/10/2012,MHR,CA,AWP,WE,Federal Contract Tower,6,17,24,2,49,6,34,118,18,176,12,51,142,20,225,88,38,126,351
08/11/2012,MHR,CA,AWP,WE,Federal Contract Tower,1,1,9,11,22,1,4,37,4,46,2,5,46,15,68,1,11,12,80
08/12/2012,MHR,CA,AWP,WE,Federal Contract Tower,0,2,12,0,14,0,3,42,0,45,0,5,54,0,59,2,0,2,61
08/13/2012,MHR,CA,AWP,WE,Federal Contract Tower,3,22,20,0,45,3,29,61,14,107,6,51,81,14,152,10,26,36,188
08/14/2012,MHR,CA,AWP,WE,Federal Contract Tower,12,17,20,14,63,12,32,61,35,140,24,49,81,49,203,18,78,96,299
08/15/2012,MHR,CA,AWP,WE,Federal Contract Tower,11,15,8,20,54,11,29,60,31,131,22,44,68,51,185,22,44,66,251
08/16/2012,MHR,CA,AWP,WE,Federal Contract Tower,10,14,15,36,75,10,25,73,46,154,20,39,88,82,229,50,100,150,379
08/17/2012,MHR,CA,AWP,WE,Federal Contract Tower,6,19,37,14,76,6,37,131,35,209,12,56,168,49,285,20,82,102,387
08/18/2012,MHR,CA,AWP,WE,Federal Contract Tower,1,0,11,12,24,1,8,56,22,87,2,8,67,34,111,20,58,78,189
08/19/2012,MHR,CA,AWP,WE,Federal Contract Tower,0,2,13,1,16,0,3,68,0,71,0,5,81,1,87,50,20,70,157
08/20/2012,MHR,CA,AWP,WE,Federal Contract Tower,3,19,16,41,79,3,24,89,49,165,6,43,105,90,244,64,102,166,410
08/21/2012,MHR,CA,AWP,WE,Federal Contract Tower,11,15,12,14,52,11,22,77,34,144,22,37,89,48,196,46,84,130,326
08/22/2012,MHR,CA,AWP,WE,Federal Contract Tower,10,19,16,30,75,10,31,72,45,158,20,50,88,75,233,26,50,76,309
08/23/2012,MHR,CA,AWP,WE,Federal Contract Tower,10,12,29,22,73,10,22,84,30,146,20,34,113,52,219,46,60,106,325
08/24/2012,MHR,CA,AWP,WE,Federal Contract Tower,6,17,31,16,70,6,28,108,37,179,12,45,139,53,249,14,76,90,339
08/25/2012,MHR,CA,AWP,WE,Federal Contract Tower,1,2,12,1,16,1,6,57,6,70,2,8,69,7,86,14,18,32,118
08/26/2012,MHR,CA,AWP,WE,Federal Contract Tower,0,1,13,4,18,0,1,66,10,77,0,2,79,14,95,0,0,0,95
08/27/2012,MHR,CA,AWP,WE,Federal Contract Tower,3,14,17,12,46,3,24,87,21,135,6,38,104,33,181,18,52,70,251
08/28/2012,MHR,CA,AWP,WE,Federal Contract Tower,12,14,21,12,59,12,27,73,23,135,24,41,94,35,194,8,64,72,266
08/29/2012,MHR,CA,AWP,WE,Federal Contract Tower,10,21,17,6,54,10,34,76,14,134,20,55,93,20,188,26,20,46,234
08/30/2012,MHR,CA,AWP,WE,Federal Contract Tower,12,27,16,22,77,12,35,57,42,146,24,62,73,64,223,14,52,66,289
08/31/2012,MHR,CA,AWP,WE,Federal Contract Tower,6,7,14,0,27,6,29,108,2,145,12,36,122,2,172,8,0,8,180
09/01/2012,MHR,CA,AWP,WE,Federal Contract Tower,1,1,10,0,12,1,4,39,0,44,2,5,49,0,56,0,0,0,56
09/02/2012,MHR,CA,AWP,WE,Federal Contract Tower,0,2,7,2,11,0,2,33,8,43,0,4,40,10,54,22,0,22,76
09/03/2012,MHR,CA,AWP,WE,Federal Contract Tower,0,1,22,0,23,0,1,60,0,61,0,2,82,0,84,0,0,0,84
09/04/2012,MHR,CA,AWP,WE,Federal Contract Tower,5,13,5,15,38,5,23,58,28,114,10,36,63,43,152,30,70,100,252
09/05/2012,MHR,CA,AWP,WE,Federal Contract Tower,10,16,12,5,43,10,31,75,27,143,20,47,87,32,186,14,64,78,264
09/06/2012,MHR,CA,AWP,WE,Federal Contract Tower,10,16,9,5,40,10,25,76,30,141,20,41,85,35,181,8,60,68,249
09/07/2012,MHR,CA,AWP,WE,Federal Contract Tower,6,17,10,3,36,6,35,259,41,341,12,52,269,44,377,126,108,234,611
09/08/2012,MHR,CA,AWP,WE,Federal Contract Tower,2,0,0,2,4,2,3,92,24,121,4,3,92,26,125,108,80,188,313
09/09/2012,MHR,CA,AWP,WE,Federal Contract Tower,1,13,0,0,14,1,318,47,0,366,2,331,47,0,380,180,58,238,618
09/10/2012,MHR,CA,AWP,WE,Federal Contract Tower,3,18,25,7,53,3,26,95,27,151,6,44,120,34,204,8,2,10,214
09/11/2012,MHR,CA,AWP,WE,Federal Contract Tower,12,16,13,18,59,12,27,76,36,151,24,43,89,54,210,12,68,80,290
09/12/2012,MHR,CA,AWP,WE,Federal Contract Tower,10,17,21,13,61,10,28,105,28,171,20,45,126,41,232,24,50,74,306
09/13/2012,MHR,CA,AWP,WE,Federal Contract Tower,10,16,26,25,77,10,27,107,32,176,20,43,133,57,253,24,76,100,353
09/14/2012,MHR,CA,AWP,WE,Federal Contract Tower,10,21,39,31,101,10,42,129,52,233,20,63,168,83,334,4,82,86,420
09/15/2012,MHR,CA,AWP,WE,Federal Contract Tower,1,0,7,0,8,1,3,48,2,54,2,3,55,2,62,6,10,16,78
09/16/2012,MHR,CA,AWP,WE,Federal Contract Tower,0,2,9,5,16,0,1,41,5,47,0,3,50,10,63,78,0,78,141
09/17/2012,MHR,CA,AWP,WE,Federal Contract Tower,3,15,28,7,53,3,22,92,13,130,6,37,120,20,183,0,34,34,217
09/18/2012,MHR,CA,AWP,WE,Federal Contract Tower,11,15,17,5,48,11,26,52,14,103,22,41,69,19,151,0,14,14,165
09/19/2012,MHR,CA,AWP,WE,Federal Contract Tower,10,15,10,16,51,10,25,56,28,119,20,40,66,44,170,28,30,58,228
09/20/2012,MHR,CA,AWP,WE,Federal Contract Tower,10,12,15,15,52,10,24,51,24,109,20,36,66,39,161,24,52,76,237
09/21/2012,MHR,CA,AWP,WE,Federal Contract Tower,9,19,33,16,77,9,37,126,27,199,18,56,159,43,276,12,16,28,304
09/22/2012,MHR,CA,AWP,WE,Federal Contract Tower,1,1,18,2,22,1,4,51,2,58,2,5,69,4,80,10,0,10,90
09/23/2012,MHR,CA,AWP,WE,Federal Contract Tower,0,1,6,0,7,0,1,24,0,25,0,2,30,0,32,0,0,0,32
09/24/2012,MHR,CA,AWP,WE,Federal Contract Tower,4,15,16,21,56,4,23,83,29,139,8,38,99,50,195,16,64,80,275
09/25/2012,MHR,CA,AWP,WE,Federal Contract Tower,13,18,22,17,70,13,24,65,25,127,26,42,87,42,197,28,28,56,253
09/26/2012,MHR,CA,AWP,WE,Federal Contract Tower,9,19,26,15,69,9,32,92,29,162,18,51,118,44,231,28,34,62,293
09/27/2012,MHR,CA,AWP,WE,Federal Contract Tower,11,19,20,4,54,11,32,53,8,104,22,51,73,12,158,0,26,26,184
09/28/2012,MHR,CA,AWP,WE,Federal Contract Tower,8,16,18,13,55,8,32,117,30,187,16,48,135,43,242,22,68,90,332
09/29/2012,MHR,CA,AWP,WE,Federal Contract Tower,1,3,20,0,24,1,6,63,0,70,2,9,83,0,94,6,0,6,100
09/30/2012,MHR,CA,AWP,WE,Federal Contract Tower,0,5,14,0,19,0,5,59,4,68,0,10,73,4,87,16,0,16,103
10/01/2012,MHR,CA,AWP,WE,Federal Contract Tower,3,15,7,20,45,3,22,58,28,111,6,37,65,48,156,10,52,62,218
10/02/2012,MHR,CA,AWP,WE,Federal Contract Tower,10,16,12,19,57,10,27,43,35,115,20,43,55,54,172,22,62,84,256
10/03/2012,MHR,CA,AWP,WE,Federal Contract Tower,12,21,12,14,59,12,30,79,34,155,24,51,91,48,214,18,62,80,294
10/04/2012,MHR,CA,AWP,WE,Federal Contract Tower,10,13,24,20,67,10,27,72,38,147,20,40,96,58,214,0,68,68,282
10/05/2012,MHR,CA,AWP,WE,Federal Contract Tower,10,24,20,18,72,10,36,96,30,172,20,60,116,48,244,40,82,122,366
10/06/2012,MHR,CA,AWP,WE,Federal Contract Tower,1,1,4,0,6,1,4,22,2,29,2,5,26,2,35,6,0,6,41
10/07/2012,MHR,CA,AWP,WE,Federal Contract Tower,0,2,3,0,5,0,2,31,2,35,0,4,34,2,40,0,0,0,40
10/08/2012,MHR,CA,AWP,WE,Federal Contract Tower,3,22,17,0,42,3,35,69,1,108,6,57,86,1,150,0,0,0,150
10/09/2012,MHR,CA,AWP,WE,Federal Contract Tower,12,18,27,27,84,12,29,66,37,144,24,47,93,64,228,2,76,78,306
10/10/2012,MHR,CA,AWP,WE,Federal Contract Tower,10,18,19,20,67,10,27,72,51,160,20,45,91,71,227,6,102,108,335
10/11/2012,MHR,CA,AWP,WE,Federal Contract Tower,12,22,37,11,82,12,30,63,25,130,24,52,100,36,212,6,32,38,250
10/12/2012,MHR,CA,AWP,WE,Federal Contract Tower,8,22,11,10,51,8,28,39,29,104,16,50,50,39,155,0,74,74,229
10/13/2012,MHR,CA,AWP,WE,Federal Contract Tower,1,1,17,8,27,1,5,58,11,75,2,6,75,19,102,12,0,12,114
10/14/2012,MHR,CA,AWP,WE,Federal Contract Tower,0,2,9,0,11,0,1,43,2,46,0,3,52,2,57,14,0,14,71
10/15/2012,MHR,CA,AWP,WE,Federal Contract Tower,5,19,25,2,51,5,25,55,5,90,10,44,80,7,141,2,0,2,143
10/16/2012,MHR,CA,AWP,WE,Federal Contract Tower,12,16,14,40,82,12,28,48,42,130,24,44,62,82,212,10,122,132,344
10/17/2012,MHR,CA,AWP,WE,Federal Contract Tower,10,17,14,16,57,10,27,47,26,110,20,44,61,42,167,10,42,52,219
10/18/2012,MHR,CA,AWP,WE,Federal Contract Tower,9,14,24,12,59,9,20,80,32,141,18,34,104,44,200,20,86,106,306
10/19/2012,MHR,CA,AWP,WE,Federal Contract Tower,8,27,26,22,83,8,40,123,29,200,16,67,149,51,283,64,82,146,429
10/20/2012,MHR,CA,AWP,WE,Federal Contract Tower,1,2,12,3,18,1,5,41,5,52,2,7,53,8,70,4,10,14,84
10/21/2012,MHR,CA,AWP,WE,Federal Contract Tower,0,1,16,12,29,0,1,50,19,70,0,2,66,31,99,18,20,38,137
10/22/2012,MHR,CA,AWP,WE,Federal Contract Tower,3,16,17,40,76,3,19,23,39,84,6,35,40,79,160,4,0,4,164
10/23/2012,MHR,CA,AWP,WE,Federal Contract Tower,10,18,11,28,67,10,20,43,38,111,20,38,54,66,178,24,62,86,264
10/24/2012,MHR,CA,AWP,WE,Federal Contract Tower,10,23,17,20,70,10,31,34,38,113,20,54,51,58,183,22,90,112,295
10/25/2012,MHR,CA,AWP,WE,Federal Contract Tower,9,16,16,20,61,9,30,60,27,126,18,46,76,47,187,8,48,56,243
10/26/2012,MHR,CA,AWP,WE,Federal Contract Tower,8,20,33,24,85,8,35,113,46,202,16,55,146,70,287,62,60,122,409
10/27/2012,MHR,CA,AWP,WE,Federal Contract Tower,1,7,13,1,22,1,9,62,4,76,2,16,75,5,98,38,16,54,152
10/28/2012,MHR,CA,AWP,WE,Federal Contract Tower,0,0,12,3,15,0,0,39,3,42,0,0,51,6,57,18,0,18,75
10/29/2012,MHR,CA,AWP,WE,Federal Contract Tower,4,23,27,15,69,4,24,70,21,119,8,47,97,36,188,70,34,104,292
10/30/2012,MHR,CA,AWP,WE,Federal Contract Tower,14,15,19,20,68,14,26,63,46,149,28,41,82,66,217,44,76,120,337
10/31/2012,MHR,CA,AWP,WE,Federal Contract Tower,10,19,24,38,91,10,27,60,48,145,20,46,84,86,236,12,38,50,286
11/01/2012,MHR,CA,AWP,WE,Federal Contract Tower,10,18,17,33,78,10,26,38,41,115,20,44,55,74,193,12,76,88,281
11/02/2012,MHR,CA,AWP,WE,Federal Contract Tower,10,22,16,3,51,10,28,108,14,160,20,50,124,17,211,50,16,66,277
11/03/2012,MHR,CA,AWP,WE,Federal Contract Tower,3,3,24,5,35,3,3,61,11,78,6,6,85,16,113,18,10,28,141
11/04/2012,MHR,CA,AWP,WE,Federal Contract Tower,0,2,15,2,19,0,2,61,4,67,0,4,76,6,86,24,0,24,110
11/05/2012,MHR,CA,AWP,WE,Federal Contract Tower,3,17,9,2,31,3,23,48,6,80,6,40,57,8,111,28,0,28,139
11/06/2012,MHR,CA,AWP,WE,Federal Contract Tower,11,12,8,21,52,11,25,54,31,121,22,37,62,52,173,4,40,44,217
11/07/2012,MHR,CA,AWP,WE,Federal Contract Tower,10,16,20,7,53,10,28,54,17,109,20,44,74,24,162,0,40,40,202
11/08/2012,MHR,CA,AWP,WE,Federal Contract Tower,10,14,12,12,48,10,24,38,11,83,20,38,50,23,131,10,34,44,175
11/09/2012,MHR,CA,AWP,WE,Federal Contract Tower,8,19,15,20,62,8,34,49,31,122,16,53,64,51,184,40,72,112,296
11/10/2012,MHR,CA,AWP,WE,Federal Contract Tower,1,0,19,4,24,1,3,53,9,66,2,3,72,13,90,6,8,14,104
11/11/2012,MHR,CA,AWP,WE,Federal Contract Tower,0,0,13,2,15,0,0,38,6,44,0,0,51,8,59,0,2,2,61
11/12/2012,MHR,CA,AWP,WE,Federal Contract Tower,3,17,15,0,35,3,25,72,2,102,6,42,87,2,137,2,6,8,145
11/13/2012,MHR,CA,AWP,WE,Federal Contract Tower,11,15,10,16,52,11,23,58,27,119,22,38,68,43,171,4,14,18,189
11/14/2012,MHR,CA,AWP,WE,Federal Contract Tower,10,17,35,22,84,10,29,65,42,146,20,46,100,64,230,0,106,106,336
11/15/2012,MHR,CA,AWP,WE,Federal Contract Tower,10,13,17,15,55,10,24,72,30,136,20,37,89,45,191,14,38,52,243
11/16/2012,MHR,CA,AWP,WE,Federal Contract Tower,6,14,11,23,54,6,22,55,38,121,12,36,66,61,175,0,52,52,227
11/17/2012,MHR,CA,AWP,WE,Federal Contract Tower,2,5,13,2,22,2,5,22,2,31,4,10,35,4,53,0,0,0,53
11/18/2012,MHR,CA,AWP,WE,Federal Contract Tower,1,1,19,0,21,1,1,46,0,48,2,2,65,0,69,2,0,2,71
11/19/2012,MHR,CA,AWP,WE,Federal Contract Tower,6,6,33,16,61,8,12,79,22,121,14,18,112,38,182,32,44,76,258
11/20/2012,MHR,CA,AWP,WE,Federal Contract Tower,14,16,22,43,95,14,24,40,60,138,28,40,62,103,233,0,110,110,343
11/21/2012,MHR,CA,AWP,WE,Federal Contract Tower,10,17,22,46,95,10,23,36,49,118,20,40,58,95,213,2,0,2,215
11/22/2012,MHR,CA,AWP,WE,Federal Contract Tower,0,1,4,0,5,0,2,35,0,37,0,3,39,0,42,0,0,0,42
11/23/2012,MHR,CA,AWP,WE,Federal Contract Tower,3,4,16,0,23,3,21,81,0,105,6,25,97,0,128,0,0,0,128
11/24/2012,MHR,CA,AWP,WE,Federal Contract Tower,1,4,15,0,20,1,6,72,0,79,2,10,87,0,99,10,0,10,109
11/25/2012,MHR,CA,AWP,WE,Federal Contract Tower,2,2,7,0,11,2,2,48,0,52,4,4,55,0,63,4,0,4,67
11/26/2012,MHR,CA,AWP,WE,Federal Contract Tower,3,17,28,11,59,3,22,83,30,138,6,39,111,41,197,42,80,122,319
11/27/2012,MHR,CA,AWP,WE,Federal Contract Tower,16,21,23,45,105,16,28,52,58,154,32,49,75,103,259,28,78,106,365
11/28/2012,MHR,CA,AWP,WE,Federal Contract Tower,20,17,3,11,51,20,28,21,9,78,40,45,24,20,129,0,8,8,137
11/29/2012,MHR,CA,AWP,WE,Federal Contract Tower,15,17,10,5,47,15,26,13,5,59,30,43,23,10,106,0,2,2,108
11/30/2012,MHR,CA,AWP,WE,Federal Contract Tower,10,21,10,4,45,10,23,27,5,65,20,44,37,9,110,0,20,20,130
12/01/2012,MHR,CA,AWP,WE,Federal Contract Tower,5,3,9,5,22,5,3,16,6,30,10,6,25,11,52,0,0,0,52
12/02/2012,MHR,CA,AWP,WE,Federal Contract Tower,0,0,7,0,7,0,0,18,0,18,0,0,25,0,25,0,0,0,25
12/03/2012,MHR,CA,AWP,WE,Federal Contract Tower,4,16,19,9,48,4,22,71,15,112,8,38,90,24,160,24,50,74,234
12/04/2012,MHR,CA,AWP,WE,Federal Contract Tower,17,16,18,26,77,17,24,39,37,117,34,40,57,63,194,6,86,92,286
12/05/2012,MHR,CA,AWP,WE,Federal Contract Tower,12,21,26,2,61,12,23,25,2,62,24,44,51,4,123,0,0,0,123
12/06/2012,MHR,CA,AWP,WE,Federal Contract Tower,12,29,45,28,114,12,32,75,37,156,24,61,120,65,270,0,16,16,286
12/07/2012,MHR,CA,AWP,WE,Federal Contract Tower,9,21,45,9,84,9,27,101,13,150,18,48,146,22,234,6,16,22,256
12/08/2012,MHR,CA,AWP,WE,Federal Contract Tower,0,0,13,0,13,0,2,35,0,37,0,2,48,0,50,20,0,20,70
12/09/2012,MHR,CA,AWP,WE,Federal Contract Tower,0,2,13,1,16,0,2,35,1,38,0,4,48,2,54,6,0,6,60
12/10/2012,MHR,CA,AWP,WE,Federal Contract Tower,7,20,31,10,68,7,30,76,15,128,14,50,107,25,196,6,4,10,206
12/11/2012,MHR,CA,AWP,WE,Federal Contract Tower,22,14,16,18,70,22,26,56,27,131,44,40,72,45,201,0,90,90,291
12/12/2012,MHR,CA,AWP,WE,Federal Contract Tower,20,21,21,29,91,20,34,37,41,132,40,55,58,70,223,2,88,90,313
12/13/2012,MHR,CA,AWP,WE,Federal Contract Tower,16,18,17,10,61,16,29,66,17,128,32,47,83,27,189,0,16,16,205
12/14/2012,MHR,CA,AWP,WE,Federal Contract Tower,11,21,19,17,68,11,31,75,19,136,22,52,94,36,204,10,64,74,278
12/15/2012,MHR,CA,AWP,WE,Federal Contract Tower,5,1,17,0,23,5,3,38,0,46,10,4,55,0,69,12,0,12,81
12/16/2012,MHR,CA,AWP,WE,Federal Contract Tower,3,0,8,0,11,3,0,14,0,17,6,0,22,0,28,0,0,0,28
12/17/2012,MHR,CA,AWP,WE,Federal Contract Tower,11,25,24,15,75,11,31,28,15,85,22,56,52,30,160,0,0,0,160
12/18/2012,MHR,CA,AWP,WE,Federal Contract Tower,38,18,33,14,103,38,34,56,32,160,76,52,89,46,263,24,66,90,353
12/19/2012,MHR,CA,AWP,WE,Federal Contract Tower,36,21,32,22,111,36,44,73,43,196,72,65,105,65,307,8,46,54,361
12/20/2012,MHR,CA,AWP,WE,Federal Contract Tower,32,23,15,21,91,32,37,37,37,143,64,60,52,58,234,10,50,60,294
12/21/2012,MHR,CA,AWP,WE,Federal Contract Tower,11,28,11,28,78,11,40,39,43,133,22,68,50,71,211,0,10,10,221
12/22/2012,MHR,CA,AWP,WE,Federal Contract Tower,4,2,14,6,26,4,15,10,6,35,8,17,24,12,61,10,0,10,71
12/23/2012,MHR,CA,AWP,WE,Federal Contract Tower,3,0,3,0,6,3,0,3,0,6,6,0,6,0,12,0,0,0,12
12/24/2012,MHR,CA,AWP,WE,Federal Contract Tower,4,7,15,1,27,4,14,23,1,42,8,21,38,2,69,0,0,0,69
12/25/2012,MHR,CA,AWP,WE,Federal Contract Tower,0,0,1,0,1,0,0,1,0,1,0,0,2,0,2,0,0,0,2
12/26/2012,MHR,CA,AWP,WE,Federal Contract Tower,6,12,17,6,41,6,19,34,11,70,12,31,51,17,111,2,18,20,131
12/27/2012,MHR,CA,AWP,WE,Federal Contract Tower,10,7,29,10,56,10,13,41,21,85,20,20,70,31,141,20,0,20,161
12/28/2012,MHR,CA,AWP,WE,Federal Contract Tower,6,8,11,2,27,6,16,40,9,71,12,24,51,11,98,6,0,6,104
12/29/2012,MHR,CA,AWP,WE,Federal Contract Tower,1,4,13,0,18,1,4,41,0,46,2,8,54,0,64,0,0,0,64
12/30/2012,MHR,CA,AWP,WE,Federal Contract Tower,0,0,11,0,11,0,0,43,0,43,0,0,54,0,54,24,0,24,78
12/31/2012,MHR,CA,AWP,WE,Federal Contract Tower,2,2,30,1,35,2,8,59,1,70,4,10,89,2,105,32,0,32,137
01/01/2013,MHR,CA,AWP,WE,Federal Contract Tower,0,2,26,0,28,0,4,63,0,67,0,6,89,0,95,0,0,0,95
01/02/2013,MHR,CA,AWP,WE,Federal Contract Tower,4,10,12,3,29,4,22,42,4,72,8,32,54,7,101,22,0,22,123
01/03/2013,MHR,CA,AWP,WE,Federal Contract Tower,10,6,20,27,63,10,23,54,31,118,20,29,74,58,181,2,70,72,253
01/04/2013,MHR,CA,AWP,WE,Federal Contract Tower,10,5,30,15,60,10,23,109,48,190,20,28,139,63,250,44,56,100,350
01/05/2013,MHR,CA,AWP,WE,Federal Contract Tower,1,2,22,5,30,1,7,42,26,76,2,9,64,31,106,12,20,32,138
01/06/2013,MHR,CA,AWP,WE,Federal Contract Tower,0,1,8,2,11,0,1,16,4,21,0,2,24,6,32,8,0,8,40
01/07/2013,MHR,CA,AWP,WE,Federal Contract Tower,3,6,17,18,44,3,11,34,25,73,6,17,51,43,117,6,8,14,131
01/08/2013,MHR,CA,AWP,WE,Federal Contract Tower,12,4,7,28,51,12,15,43,46,116,24,19,50,74,167,66,118,184,351
01/09/2013,MHR,CA,AWP,WE,Federal Contract Tower,10,10,21,21,62,10,17,39,34,100,20,27,60,55,162,0,12,12,174
01/10/2013,MHR,CA,AWP,WE,Federal Contract Tower,11,12,29,27,79,11,25,65,28,129,22,37,94,55,208,12,102,114,322
01/11/2013,MHR,CA,AWP,WE,Federal Contract Tower,8,19,40,14,81,8,32,112,20,172,16,51,152,34,253,42,64,106,359
01/12/2013,MHR,CA,AWP,WE,Federal Contract Tower,1,0,25,3,29,1,3,69,3,76,2,3,94,6,105,4,0,4,109
01/13/2013,MHR,CA,AWP,WE,Federal Contract Tower,0,0,11,3,14,0,0,53,3,56,0,0,64,6,70,16,0,16,86
01/14/2013,MHR,CA,AWP,WE,Federal Contract Tower,3,7,28,31,69,3,13,66,40,122,6,20,94,71,191,20,108,128,319
01/15/2013,MHR,CA,AWP,WE,Federal Contract Tower,13,13,20,16,62,13,21,68,22,124,26,34,88,38,186,10,86,96,282
01/16/2013,MHR,CA,AWP,WE,Federal Contract Tower,10,15,13,32,70,10,25,62,56,153,20,40,75,88,223,6,148,154,377
01/17/2013,MHR,CA,AWP,WE,Federal Contract Tower,12,11,19,19,61,12,24,48,35,119,24,35,67,54,180,12,90,102,282
01/18/2013,MHR,CA,AWP,WE,Federal Contract Tower,8,14,27,6,55,8,30,88,19,145,16,44,115,25,200,56,64,120,320
01/19/2013,MHR,CA,AWP,WE,Federal Contract Tower,1,0,19,2,22,1,3,60,2,66,2,3,79,4,88,20,10,30,118
01/20/2013,MHR,CA,AWP,WE,Federal Contract Tower,0,2,7,0,9,0,2,38,0,40,0,4,45,0,49,18,0,18,67
01/21/2013,MHR,CA,AWP,WE,Federal Contract Tower,3,4,33,0,40,3,9,73,0,85,6,13,106,0,125,0,0,0,125
01/22/2013,MHR,CA,AWP,WE,Federal Contract Tower,9,8,33,20,70,9,19,57,28,113,18,27,90,48,183,0,62,62,245
01/23/2013,MHR,CA,AWP,WE,Federal Contract Tower,10,14,34,10,68,10,23,61,22,116,20,37,95,32,184,2,26,28,212
01/24/2013,MHR,CA,AWP,WE,Federal Contract Tower,10,17,47,20,94,10,22,54,23,109,20,39,101,43,203,0,8,8,211
01/25/2013,MHR,CA,AWP,WE,Federal Contract Tower,8,15,41,30,94,8,25,89,36,158,16,40,130,66,252,22,70,92,344
01/26/2013,MHR,CA,AWP,WE,Federal Contract Tower,1,3,11,0,15,1,3,25,4,33,2,6,36,4,48,0,0,0,48
01/27/2013,MHR,CA,AWP,WE,Federal Contract Tower,0,2,19,0,21,0,2,49,0,51,0,4,68,0,72,2,0,2,74
01/28/2013,MHR,CA,AWP,WE,Federal Contract Tower,3,8,27,31,69,3,14,76,38,131,6,22,103,69,200,38,88,126,326
01/29/2013,MHR,CA,AWP,WE,Federal Contract Tower,11,7,20,44,82,11,19,63,56,149,22,26,83,100,231,8,70,78,309
01/30/2013,MHR,CA,AWP,WE,Federal Contract Tower,10,15,18,23,66,10,26,65,34,135,20,41,83,57,201,0,22,22,223
01/31/2013,MHR,CA,AWP,WE,Federal Contract Tower,9,9,19,13,50,9,20,49,24,102,18,29,68,37,152,20,60,80,232
02/01/2013,MHR,CA,AWP,WE,Federal Contract Tower,8,10,24,6,48,8,25,77,16,126,16,35,101,22,174,24,76,100,274
02/02/2013,MHR,CA,AWP,WE,Federal Contract Tower,1,0,25,0,26,1,3,74,0,78,2,3,99,0,104,38,0,38,142
02/03/2013,MHR,CA,AWP,WE,Federal Contract Tower,0,17,0,0,17,0,0,39,0,39,0,17,39,0,56,12,0,12,68
02/04/2013,MHR,CA,AWP,WE,Federal Contract Tower,3,8,20,20,51,3,14,62,20,99,6,22,82,40,150,6,72,78,228
02/05/2013,MHR,CA,AWP,WE,Federal Contract Tower,12,16,18,12,58,12,27,42,16,97,24,43,60,28,155,0,44,44,199
02/06/2013,MHR,CA,AWP,WE,Federal Contract Tower,10,17,21,10,58,10,24,62,15,111,20,41,83,25,169,4,56,60,229
02/07/2013,MHR,CA,AWP,WE,Federal Contract Tower,10,17,16,42,85,10,23,52,68,153,20,40,68,110,238,8,116,124,362
02/08/2013,MHR,CA,AWP,WE,Federal Contract Tower,8,13,35,20,76,8,15,98,27,148,16,28,133,47,224,16,68,84,308
02/09/2013,MHR,CA,AWP,WE,Federal Contract Tower,3,3,20,2,28,3,5,54,11,73,6,8,74,13,101,6,0,6,107
02/10/2013,MHR,CA,AWP,WE,Federal Contract Tower,0,1,16,8,25,0,1,41,11,53,0,2,57,19,78,8,16,24,102
02/11/2013,MHR,CA,AWP,WE,Federal Contract Tower,3,10,29,21,63,3,16,86,22,127,6,26,115,43,190,2,56,58,248
02/12/2013,MHR,CA,AWP,WE,Federal Contract Tower,12,21,23,24,80,12,27,65,31,135,24,48,88,55,215,0,24,24,239
02/13/2013,MHR,CA,AWP,WE,Federal Contract Tower,12,12,14,18,56,12,25,57,24,118,24,37,71,42,174,0,46,46,220
02/14/2013,MHR,CA,AWP,WE,Federal Contract Tower,10,15,10,24,59,10,27,56,41,134,20,42,66,65,193,4,96,100,293
02/15/2013,MHR,CA,AWP,WE,Federal Contract Tower,8,4,20,15,47,8,16,86,23,133,16,20,106,38,180,14,72,86,266
02/16/2013,MHR,CA,AWP,WE,Federal Contract Tower,1,9,17,4,31,1,12,66,6,85,2,21,83,10,116,16,22,38,154
02/17/2013,MHR,CA,AWP,WE,Federal Contract Tower,0,0,13,0,13,0,0,38,1,39,0,0,51,1,52,0,0,0,52
02/18/2013,MHR,CA,AWP,WE,Federal Contract Tower,3,5,6,2,16,3,11,32,8,54,6,16,38,10,70,0,0,0,70
02/19/2013,MHR,CA,AWP,WE,Federal Contract Tower,9,11,19,23,62,9,19,26,24,78,18,30,45,47,140,0,36,36,176
02/20/2013,MHR,CA,AWP,WE,Federal Contract Tower,11,20,18,7,56,11,27,62,27,127,22,47,80,34,183,16,30,46,229
02/21/2013,MHR,CA,AWP,WE,Federal Contract Tower,10,17,33,33,93,10,26,80,41,157,20,43,113,74,250,4,58,62,312
02/22/2013,MHR,CA,AWP,WE,Federal Contract Tower,7,13,27,25,72,7,24,101,51,183,14,37,128,76,255,20,104,124,379
02/23/2013,MHR,CA,AWP,WE,Federal Contract Tower,1,0,13,0,14,1,3,43,0,47,2,3,56,0,61,0,0,0,61
02/24/2013,MHR,CA,AWP,WE,Federal Contract Tower,0,1,21,0,22,0,1,56,0,57,0,2,77,0,79,8,0,8,87
02/25/2013,MHR,CA,AWP,WE,Federal Contract Tower,3,19,21,23,66,3,27,63,37,130,6,46,84,60,196,0,56,56,252
02/26/2013,MHR,CA,AWP,WE,Federal Contract Tower,12,12,9,7,40,12,23,52,13,100,24,35,61,20,140,0,12,12,152
02/27/2013,MHR,CA,AWP,WE,Federal Contract Tower,10,15,15,32,72,10,31,64,43,148,20,46,79,75,220,0,56,56,276
02/28/2013,MHR,CA,AWP,WE,Federal Contract Tower,10,14,11,25,60,10,24,67,49,150,20,38,78,74,210,16,60,76,286
03/01/2013,MHR,CA,AWP,WE,Federal Contract Tower,7,15,28,8,58,7,27,91,9,134,14,42,119,17,192,10,12,22,214
03/02/2013,MHR,CA,AWP,WE,Federal Contract Tower,2,2,20,7,31,2,4,69,29,104,4,6,89,36,135,24,14,38,173
03/03/2013,MHR,CA,AWP,WE,Federal Contract Tower,0,3,12,19,34,0,3,52,28,83,0,6,64,47,117,23,34,57,174
03/04/2013,MHR,CA,AWP,WE,Federal Contract Tower,3,13,23,12,51,3,18,42,14,77,6,31,65,26,128,0,22,22,150
03/05/2013,MHR,CA,AWP,WE,Federal Contract Tower,11,13,15,21,60,11,22,40,36,109,22,35,55,57,169,12,90,102,271
03/06/2013,MHR,CA,AWP,WE,Federal Contract Tower,12,18,15,7,52,12,24,38,8,82,24,42,53,15,134,6,10,16,150
03/07/2013,MHR,CA,AWP,WE,Federal Contract Tower,10,16,20,7,53,10,26,55,13,104,20,42,75,20,157,24,20,44,201
03/08/2013,MHR,CA,AWP,WE,Federal Contract Tower,6,15,25,5,51,6,24,82,11,123,12,39,107,16,174,30,48,78,252
03/09/2013,MHR,CA,AWP,WE,Federal Contract Tower,1,1,12,1,15,1,4,45,2,52,2,5,57,3,67,2,0,2,69
03/10/2013,MHR,CA,AWP,WE,Federal Contract Tower,0,1,14,0,15,0,1,59,0,60,0,2,73,0,75,14,0,14,89
03/11/2013,MHR,CA,AWP,WE,Federal Contract Tower,3,16,16,1,36,3,21,67,4,95,6,37,83,5,131,30,8,38,169
03/12/2013,MHR,CA,AWP,WE,Federal Contract Tower,11,10,27,11,59,11,22,72,14,119,22,32,99,25,178,0,24,24,202
03/13/2013,MHR,CA,AWP,WE,Federal Contract Tower,8,13,12,31,64,8,22,58,45,133,16,35,70,76,197,4,84,88,285
03/14/2013,MHR,CA,AWP,WE,Federal Contract Tower,10,19,23,21,73,10,30,76,24,140,20,49,99,45,213,24,82,106,319
03/15/2013,MHR,CA,AWP,WE,Federal Contract Tower,6,17,12,33,68,6,26,59,49,140,12,43,71,82,208,42,118,160,368
03/16/2013,MHR,CA,AWP,WE,Federal Contract Tower,2,4,23,2,31,1,8,69,2,80,3,12,92,4,111,2,0,2,113
03/17/2013,MHR,CA,AWP,WE,Federal Contract Tower,1,1,18,6,26,1,1,69,9,80,2,2,87,15,106,0,44,44,150
03/18/2013,MHR,CA,AWP,WE,Federal Contract Tower,3,8,22,39,72,3,14,51,42,110,6,22,73,81,182,0,72,72,254
03/19/2013,MHR,CA,AWP,WE,Federal Contract Tower,12,18,27,23,80,12,23,45,38,118,24,41,72,61,198,2,90,92,290
03/20/2013,MHR,CA,AWP,WE,Federal Contract Tower,10,17,28,44,99,10,22,49,73,154,20,39,77,117,253,0,30,30,283
03/21/2013,MHR,CA,AWP,WE,Federal Contract Tower,11,15,19,21,66,11,27,52,41,131,22,42,71,62,197,18,38,56,253
03/22/2013,MHR,CA,AWP,WE,Federal Contract Tower,6,7,23,3,39,6,20,69,3,98,12,27,92,6,137,0,10,10,147
03/23/2013,MHR,CA,AWP,WE,Federal Contract Tower,1,3,15,0,19,1,6,53,0,60,2,9,68,0,79,2,0,2,81
03/24/2013,MHR,CA,AWP,WE,Federal Contract Tower,0,2,9,0,11,0,4,48,1,53,0,6,57,1,64,32,0,32,96
03/25/2013,MHR,CA,AWP,WE,Federal Contract Tower,4,7,26,28,65,4,15,75,40,134,8,22,101,68,199,12,60,72,271
03/26/2013,MHR,CA,AWP,WE,Federal Contract Tower,10,10,20,12,52,10,21,56,14,101,20,31,76,26,153,22,26,48,201
03/27/2013,MHR,CA,AWP,WE,Federal Contract Tower,13,17,14,24,68,13,47,63,29,152,26,64,77,53,220,0,70,70,290
03/28/2013,MHR,CA,AWP,WE,Federal Contract Tower,10,16,15,29,70,10,23,48,40,121,20,39,63,69,191,8,60,68,259
03/29/2013,MHR,CA,AWP,WE,Federal Contract Tower,6,12,26,6,50,6,26,97,9,138,12,38,123,15,188,14,12,26,214
03/30/2013,MHR,CA,AWP,WE,Federal Contract Tower,1,0,12,0,13,1,3,65,0,69,2,3,77,0,82,36,0,36,118
03/31/2013,MHR,CA,AWP,WE,Federal Contract Tower,0,0,6,0,6,0,0,18,0,18,0,0,24,0,24,0,0,0,24
04/01/2013,MHR,CA,AWP,WE,Federal Contract Tower,3,13,22,7,45,3,20,62,11,96,6,33,84,18,141,16,34,50,191
04/02/2013,MHR,CA,AWP,WE,Federal Contract Tower,10,16,14,2,42,10,27,55,18,110,20,43,69,20,152,6,12,18,170
04/03/2013,MHR,CA,AWP,WE,Federal Contract Tower,13,19,17,11,60,13,28,57,17,115,26,47,74,28,175,16,18,34,209
04/04/2013,MHR,CA,AWP,WE,Federal Contract Tower,12,13,30,23,78,12,23,70,26,131,24,36,100,49,209,4,22,26,235
04/05/2013,MHR,CA,AWP,WE,Federal Contract Tower,6,17,19,11,53,6,25,72,12,115,12,42,91,23,168,26,24,50,218
04/06/2013,MHR,CA,AWP,WE,Federal Contract Tower,1,1,17,8,27,1,4,54,14,73,2,5,71,22,100,54,6,60,160
04/07/2013,MHR,CA,AWP,WE,Federal Contract Tower,0,0,9,7,16,0,0,40,8,48,0,0,49,15,64,42,0,42,106
04/08/2013,MHR,CA,AWP,WE,Federal Contract Tower,3,11,13,2,29,3,18,20,2,43,6,29,33,4,72,0,0,0,72
04/09/2013,MHR,CA,AWP,WE,Federal Contract Tower,10,11,14,4,39,10,24,36,4,74,20,35,50,8,113,4,0,4,117
04/10/2013,MHR,CA,AWP,WE,Federal Contract Tower,11,15,23,18,67,11,26,73,35,145,22,41,96,53,212,0,36,36,248
04/11/2013,MHR,CA,AWP,WE,Federal Contract Tower,10,13,11,13,47,10,26,51,29,116,20,39,62,42,163,26,34,60,223
04/12/2013,MHR,CA,AWP,WE,Federal Contract Tower,5,13,10,20,48,6,22,69,34,131,11,35,79,54,179,8,20,28,207
04/13/2013,MHR,CA,AWP,WE,Federal Contract Tower,1,1,16,5,23,1,4,46,21,72,2,5,62,26,95,10,10,20,115
04/14/2013,MHR,CA,AWP,WE,Federal Contract Tower,0,3,28,7,38,0,3,102,19,124,0,6,130,26,162,64,8,72,234
04/15/2013,MHR,CA,AWP,WE,Federal Contract Tower,3,10,17,11,41,3,17,39,12,71,6,27,56,23,112,2,24,26,138
04/16/2013,MHR,CA,AWP,WE,Federal Contract Tower,11,23,15,5,54,11,27,34,9,81,22,50,49,14,135,0,4,4,139
04/17/2013,MHR,CA,AWP,WE,Federal Contract Tower,10,10,22,2,44,10,23,59,14,106,20,33,81,16,150,22,12,34,184
04/18/2013,MHR,CA,AWP,WE,Federal Contract Tower,11,14,21,33,79,11,29,70,40,150,22,43,91,73,229,2,44,46,275
04/19/2013,MHR,CA,AWP,WE,Federal Contract Tower,6,17,22,22,67,6,25,87,41,159,12,42,109,63,226,12,78,90,316
04/20/2013,MHR,CA,AWP,WE,Federal Contract Tower,1,1,14,0,16,1,5,44,0,50,2,6,58,0,66,0,0,0,66
04/21/2013,MHR,CA,AWP,WE,Federal Contract Tower,0,3,18,2,23,0,3,60,2,65,0,6,78,4,88,14,0,14,102
04/22/2013,MHR,CA,AWP,WE,Federal Contract Tower,3,14,17,12,46,3,27,77,17,124,6,41,94,29,170,12,36,48,218
04/23/2013,MHR,CA,AWP,WE,Federal Contract Tower,10,19,9,1,39,10,29,45,4,88,20,48,54,5,127,0,0,0,127
04/24/2013,MHR,CA,AWP,WE,Federal Contract Tower,10,18,30,9,67,10,28,97,25,160,20,46,127,34,227,6,30,36,263
04/25/2013,MHR,CA,AWP,WE,Federal Contract Tower,10,11,14,22,57,10,23,43,44,120,20,34,57,66,177,0,78,78,255
04/26/2013,MHR,CA,AWP,WE,Federal Contract Tower,6,19,16,14,55,6,30,89,20,145,12,49,105,34,200,24,16,40,240
04/27/2013,MHR,CA,AWP,WE,Federal Contract Tower,1,1,18,0,20,1,5,96,0,102,2,6,114,0,122,148,0,148,270
04/28/2013,MHR,CA,AWP,WE,Federal Contract Tower,0,1,12,0,13,0,1,78,0,79,0,2,90,0,92,62,0,62,154
04/29/2013,MHR,CA,AWP,WE,Federal Contract Tower,3,17,19,0,39,3,26,60,0,89,6,43,79,0,128,0,0,0,128
04/30/2013,MHR,CA,AWP,WE,Federal Contract Tower,9,15,6,8,38,9,29,38,17,93,18,44,44,25,131,0,22,22,153
05/01/2013,MHR,CA,AWP,WE,Federal Contract Tower,10,18,4,6,38,10,29,35,6,80,20,47,39,12,118,8,30,38,156
05/02/2013,MHR,CA,AWP,WE,Federal Contract Tower,10,24,16,14,64,10,37,71,19,137,20,61,87,33,201,18,36,54,255
05/03/2013,MHR,CA,AWP,WE,Federal Contract Tower,6,23,19,13,61,6,39,84,23,152,12,62,103,36,213,42,84,126,339
05/04/2013,MHR,CA,AWP,WE,Federal Contract Tower,1,1,29,0,31,1,4,70,0,75,2,5,99,0,106,0,0,0,106
05/05/2013,MHR,CA,AWP,WE,Federal Contract Tower,0,2,12,2,16,0,2,60,3,65,0,4,72,5,81,8,0,8,89
05/06/2013,MHR,CA,AWP,WE,Federal Contract Tower,3,24,20,9,56,3,29,45,9,86,6,53,65,18,142,0,18,18,160
05/07/2013,MHR,CA,AWP,WE,Federal Contract Tower,10,20,38,11,79,10,27,65,11,113,20,47,103,22,192,0,54,54,246
05/08/2013,MHR,CA,AWP,WE,Federal Contract Tower,11,19,16,25,71,11,28,44,37,120,22,47,60,62,191,8,88,96,287
05/09/2013,MHR,CA,AWP,WE,Federal Contract Tower,13,25,13,11,62,13,33,67,32,145,26,58,80,43,207,16,44,60,267
05/10/2013,MHR,CA,AWP,WE,Federal Contract Tower,6,21,22,13,62,6,34,103,24,167,12,55,125,37,229,50,58,108,337
05/11/2013,MHR,CA,AWP,WE,Federal Contract Tower,2,4,17,0,23,2,7,89,1,99,4,11,106,1,122,64,0,64,186
05/12/2013,MHR,CA,AWP,WE,Federal Contract Tower,0,0,8,0,8,0,0,46,0,46,0,0,54,0,54,4,0,4,58
05/13/2013,MHR,CA,AWP,WE,Federal Contract Tower,3,19,10,14,46,3,30,72,22,127,6,49,82,36,173,90,44,134,307
05/14/2013,MHR,CA,AWP,WE,Federal Contract Tower,10,12,13,5,40,10,24,44,6,84,20,36,57,11,124,0,6,6,130
05/15/2013,MHR,CA,AWP,WE,Federal Contract Tower,10,20,16,12,58,10,31,90,21,152,20,51,106,33,210,2,62,64,274
05/16/2013,MHR,CA,AWP,WE,Federal Contract Tower,10,20,20,15,65,10,32,58,15,115,20,52,78,30,180,16,98,114,294
05/17/2013,MHR,CA,AWP,WE,Federal Contract Tower,8,22,32,16,78,8,31,118,24,181,16,53,150,40,259,24,62,86,345
05/18/2013,MHR,CA,AWP,WE,Federal Contract Tower,1,0,18,1,20,1,3,78,9,91,2,3,96,10,111,0,12,12,123
05/19/2013,MHR,CA,AWP,WE,Federal Contract Tower,0,6,20,1,27,0,5,61,10,76,0,11,81,11,103,8,0,8,111
05/20/2013,MHR,CA,AWP,WE,Federal Contract Tower,3,19,18,17,57,3,24,76,19,122,6,43,94,36,179,2,44,46,225
05/21/2013,MHR,CA,AWP,WE,Federal Contract Tower,10,15,23,15,63,10,27,64,27,128,20,42,87,42,191,2,68,70,261
05/22/2013,MHR,CA,AWP,WE,Federal Contract Tower,10,16,10,19,55,10,29,93,28,160,20,45,103,47,215,6,28,34,249
05/23/2013,MHR,CA,AWP,WE,Federal Contract Tower,11,16,18,13,58,11,28,68,21,128,22,44,86,34,186,10,14,24,210
05/24/2013,MHR,CA,AWP,WE,Federal Contract Tower,6,4,23,2,35,6,15,112,2,135,12,19,135,4,170,24,4,28,198
05/25/2013,MHR,CA,AWP,WE,Federal Contract Tower,1,0,7,0,8,1,3,39,0,43,2,3,46,0,51,0,0,0,51
05/26/2013,MHR,CA,AWP,WE,Federal Contract Tower,0,6,3,0,9,0,9,31,0,40,0,15,34,0,49,0,0,0,49
05/27/2013,MHR,CA,AWP,WE,Federal Contract Tower,0,2,5,0,7,0,2,26,0,28,0,4,31,0,35,10,0,10,45
05/28/2013,MHR,CA,AWP,WE,Federal Contract Tower,5,19,23,28,75,5,27,49,38,119,10,46,72,66,194,0,74,74,268
05/29/2013,MHR,CA,AWP,WE,Federal Contract Tower,12,18,24,15,69,12,30,76,27,145,24,48,100,42,214,8,48,56,270
05/30/2013,MHR,CA,AWP,WE,Federal Contract Tower,10,14,21,23,68,10,30,71,33,144,20,44,92,56,212,10,66,76,288
05/31/2013,MHR,CA,AWP,WE,Federal Contract Tower,7,15,13,25,60,7,27,88,24,146,14,42,101,49,206,18,70,88,294
06/01/2013,MHR,CA,AWP,WE,Federal Contract Tower,1,1,13,3,18,1,5,64,3,73,2,6,77,6,91,32,0,32,123
06/02/2013,MHR,CA,AWP,WE,Federal Contract Tower,0,5,19,1,25,0,5,70,2,77,0,10,89,3,102,28,0,28,130
06/03/2013,MHR,CA,AWP,WE,Federal Contract Tower,3,21,28,22,74,3,29,70,25,127,6,50,98,47,201,16,38,54,255
06/04/2013,MHR,CA,AWP,WE,Federal Contract Tower,10,15,14,29,68,10,26,54,38,128,20,41,68,67,196,0,60,60,256
06/05/2013,MHR,CA,AWP,WE,Federal Contract Tower,11,21,21,23,76,11,29,73,32,145,22,50,94,55,221,12,56,68,289
06/06/2013,MHR,CA,AWP,WE,Federal Contract Tower,9,19,19,19,66,9,33,49,24,115,18,52,68,43,181,42,66,108,289
06/07/2013,MHR,CA,AWP,WE,Federal Contract Tower,6,19,16,19,60,6,29,89,38,162,12,48,105,57,222,0,78,78,300
06/08/2013,MHR,CA,AWP,WE,Federal Contract Tower,1,0,5,0,6,1,3,42,2,48,2,3,47,2,54,6,0,6,60
06/09/2013,MHR,CA,AWP,WE,Federal Contract Tower,0,2,6,4,12,0,3,45,4,52,0,5,51,8,64,8,0,8,72
06/10/2013,MHR,CA,AWP,WE,Federal Contract Tower,3,17,23,23,66,3,21,45,24,93,6,38,68,47,159,0,36,36,195
06/11/2013,MHR,CA,AWP,WE,Federal Contract Tower,8,9,25,16,58,8,17,54,23,102,16,26,79,39,160,0,20,20,180
06/12/2013,MHR,CA,AWP,WE,Federal Contract Tower,12,21,17,20,70,12,33,60,25,130,24,54,77,45,200,0,76,76,276
06/13/2013,MHR,CA,AWP,WE,Federal Contract Tower,10,21,12,3,46,10,33,69,6,118,20,54,81,9,164,0,16,16,180
06/14/2013,MHR,CA,AWP,WE,Federal Contract Tower,8,14,15,2,39,8,21,63,11,103,16,35,78,13,142,20,36,56,198
06/15/2013,MHR,CA,AWP,WE,Federal Contract Tower,1,0,13,0,14,1,5,59,0,65,2,5,72,0,79,0,0,0,79
06/16/2013,MHR,CA,AWP,WE,Federal Contract Tower,0,5,14,3,22,0,5,42,3,50,0,10,56,6,72,0,0,0,72
06/17/2013,MHR,CA,AWP,WE,Federal Contract Tower,3,18,12,10,43,3,25,65,18,111,6,43,77,28,154,26,44,70,224
06/18/2013,MHR,CA,AWP,WE,Federal Contract Tower,10,16,10,25,61,10,27,46,38,121,20,43,56,63,182,4,84,88,270
06/19/2013,MHR,CA,AWP,WE,Federal Contract Tower,11,18,6,24,59,11,28,52,47,138,22,46,58,71,197,0,118,118,315
06/20/2013,MHR,CA,AWP,WE,Federal Contract Tower,10,15,16,19,60,10,24,71,37,142,20,39,87,56,202,6,82,88,290
06/21/2013,MHR,CA,AWP,WE,Federal Contract Tower,6,18,17,7,48,6,27,92,17,142,12,45,109,24,190,0,34,34,224
06/22/2013,MHR,CA,AWP,WE,Federal Contract Tower,1,0,15,2,18,1,3,75,29,108,2,3,90,31,126,30,6,36,162
06/23/2013,MHR,CA,AWP,WE,Federal Contract Tower,0,2,9,8,19,0,2,50,22,74,0,4,59,30,93,10,42,52,145
06/24/2013,MHR,CA,AWP,WE,Federal Contract Tower,3,27,9,18,57,3,29,16,23,71,6,56,25,41,128,0,46,46,174
06/25/2013,MHR,CA,AWP,WE,Federal Contract Tower,9,21,14,21,65,9,25,22,25,81,18,46,36,46,146,6,32,38,184
06/26/2013,MHR,CA,AWP,WE,Federal Contract Tower,11,18,23,0,52,11,32,81,3,127,22,50,104,3,179,18,0,18,197
06/27/2013,MHR,CA,AWP,WE,Federal Contract Tower,10,15,19,17,61,10,26,55,39,130,20,41,74,56,191,18,54,72,263
06/28/2013,MHR,CA,AWP,WE,Federal Contract Tower,6,16,17,12,51,6,25,93,31,155,12,41,110,43,206,32,66,98,304
06/29/2013,MHR,CA,AWP,WE,Federal Contract Tower,1,2,13,2,18,1,5,57,2,65,2,7,70,4,83,12,0,12,95
06/30/2013,MHR,CA,AWP,WE,Federal Contract Tower,0,0,20,0,20,0,0,78,0,78,0,0,98,0,98,22,0,22,120
07/01/2013,MHR,CA,AWP,WE,Federal Contract Tower,3,7,13,7,30,2,17,69,17,105,5,24,82,24,135,0,18,18,153
07/02/2013,MHR,CA,AWP,WE,Federal Contract Tower,10,6,23,9,48,10,17,67,14,108,20,23,90,23,156,0,26,26,182
07/03/2013,MHR,CA,AWP,WE,Federal Contract Tower,10,7,28,5,50,10,19,63,13,105,20,26,91,18,155,14,2,16,171
07/04/2013,MHR,CA,AWP,WE,Federal Contract Tower,1,0,3,0,4,1,0,40,0,41,2,0,43,0,45,0,0,0,45
07/05/2013,MHR,CA,AWP,WE,Federal Contract Tower,4,4,9,2,19,4,20,63,8,95,8,24,72,10,114,14,22,36,150
07/06/2013,MHR,CA,AWP,WE,Federal Contract Tower,1,7,13,0,21,1,10,80,0,91,2,17,93,0,112,48,0,48,160
07/07/2013,MHR,CA,AWP,WE,Federal Contract Tower,0,1,6,0,7,0,0,51,2,53,0,1,57,2,60,10,0,10,70
07/08/2013,MHR,CA,AWP,WE,Federal Contract Tower,3,19,24,32,78,6,32,75,51,164,9,51,99,83,242,10,114,124,366
07/09/2013,MHR,CA,AWP,WE,Federal Contract Tower,9,16,12,6,43,9,31,55,12,107,18,47,67,18,150,16,2,18,168
07/10/2013,MHR,CA,AWP,WE,Federal Contract Tower,11,22,20,8,61,11,38,80,22,151,22,60,100,30,212,36,52,88,300
07/11/2013,MHR,CA,AWP,WE,Federal Contract Tower,9,20,20,11,60,9,33,83,23,148,18,53,103,34,208,4,44,48,256
07/12/2013,MHR,CA,AWP,WE,Federal Contract Tower,6,18,12,11,47,6,30,86,21,143,12,48,98,32,190,36,32,68,258
07/13/2013,MHR,CA,AWP,WE,Federal Contract Tower,1,4,18,2,25,1,7,103,3,114,2,11,121,5,139,40,0,40,179
07/14/2013,MHR,CA,AWP,WE,Federal Contract Tower,0,2,9,3,14,0,2,74,1,77,0,4,83,4,91,22,0,22,113
07/15/2013,MHR,CA,AWP,WE,Federal Contract Tower,3,20,23,26,72,3,27,90,28,148,6,47,113,54,220,8,72,80,300
07/16/2013,MHR,CA,AWP,WE,Federal Contract Tower,10,15,26,35,86,10,24,91,50,175,20,39,117,85,261,38,84,122,383
07/17/2013,MHR,CA,AWP,WE,Federal Contract Tower,11,19,17,32,79,11,31,63,54,159,22,50,80,86,238,4,116,120,358
07/18/2013,MHR,CA,AWP,WE,Federal Contract Tower,9,19,23,16,67,9,29,83,31,152,18,48,106,47,219,10,50,60,279
07/19/2013,MHR,CA,AWP,WE,Federal Contract Tower,5,19,20,14,58,5,31,131,31,198,10,50,151,45,256,14,60,74,330
07/20/2013,MHR,CA,AWP,WE,Federal Contract Tower,1,0,9,6,16,1,3,56,9,69,2,3,65,15,85,30,2,32,117
07/21/2013,MHR,CA,AWP,WE,Federal Contract Tower,0,1,13,0,14,0,1,58,4,63,0,2,71,4,77,8,0,8,85
07/22/2013,MHR,CA,AWP,WE,Federal Contract Tower,3,17,16,1,37,3,27,71,15,116,6,44,87,16,153,0,42,42,195
07/23/2013,MHR,CA,AWP,WE,Federal Contract Tower,10,16,11,12,49,10,25,60,29,124,20,41,71,41,173,18,36,54,227
07/24/2013,MHR,CA,AWP,WE,Federal Contract Tower,13,17,21,14,65,13,29,87,18,147,26,46,108,32,212,56,48,104,316
07/25/2013,MHR,CA,AWP,WE,Federal Contract Tower,9,14,15,13,51,9,27,67,23,126,18,41,82,36,177,26,40,66,243
07/26/2013,MHR,CA,AWP,WE,Federal Contract Tower,6,22,29,20,77,6,34,142,22,204,12,56,171,42,281,52,54,106,387
07/27/2013,MHR,CA,AWP,WE,Federal Contract Tower,1,1,15,0,17,1,6,76,0,83,2,7,91,0,100,38,0,38,138
07/28/2013,MHR,CA,AWP,WE,Federal Contract Tower,0,1,28,0,29,0,1,77,5,83,0,2,105,5,112,2,0,2,114
07/29/2013,MHR,CA,AWP,WE,Federal Contract Tower,3,19,24,38,84,3,27,76,52,158,6,46,100,90,242,4,54,58,300
07/30/2013,MHR,CA,AWP,WE,Federal Contract Tower,9,20,24,13,66,9,31,69,33,142,18,51,93,46,208,14,59,73,281
07/31/2013,MHR,CA,AWP,WE,Federal Contract Tower,10,17,28,12,67,10,33,70,14,127,20,50,98,26,194,8,62,70,264
08/01/2013,MHR,CA,AWP,WE,Federal Contract Tower,10,14,19,23,66,10,29,69,34,142,20,43,88,57,208,34,84,118,326
08/02/2013,MHR,CA,AWP,WE,Federal Contract Tower,6,13,15,6,40,6,22,88,17,133,12,35,103,23,173,14,38,52,225
08/03/2013,MHR,CA,AWP,WE,Federal Contract Tower,1,0,25,4,30,1,7,78,4,90,2,7,103,8,120,28,2,30,150
08/04/2013,MHR,CA,AWP,WE,Federal Contract Tower,0,0,18,2,20,0,0,68,2,70,0,0,86,4,90,16,0,16,106
08/05/2013,MHR,CA,AWP,WE,Federal Contract Tower,3,19,11,5,38,3,25,41,12,81,6,44,52,17,119,12,20,32,151
08/06/2013,MHR,CA,AWP,WE,Federal Contract Tower,10,17,14,35,76,10,28,59,48,145,20,45,73,83,221,14,92,106,327
08/07/2013,MHR,CA,AWP,WE,Federal Contract Tower,10,18,18,14,60,10,27,63,21,121,20,45,81,35,181,0,80,80,261
08/08/2013,MHR,CA,AWP,WE,Federal Contract Tower,9,12,12,9,42,9,24,50,20,103,18,36,62,29,145,12,68,80,225
08/09/2013,MHR,CA,AWP,WE,Federal Contract Tower,7,26,23,17,73,7,35,113,24,179,14,61,136,41,252,36,68,104,356
08/10/2013,MHR,CA,AWP,WE,Federal Contract Tower,1,1,30,2,34,1,2,94,1,98,2,3,124,3,132,16,0,16,148
08/11/2013,MHR,CA,AWP,WE,Federal Contract Tower,0,2,23,0,25,0,2,87,0,89,0,4,110,0,114,24,0,24,138
08/12/2013,MHR,CA,AWP,WE,Federal Contract Tower,3,19,21,17,60,3,28,84,31,146,6,47,105,48,206,2,40,42,248
08/13/2013,MHR,CA,AWP,WE,Federal Contract Tower,10,14,17,24,65,10,25,78,40,153,20,39,95,64,218,50,58,108,326
08/14/2013,MHR,CA,AWP,WE,Federal Contract Tower,11,13,18,35,77,11,24,62,50,147,22,37,80,85,224,2,110,112,336
08/15/2013,MHR,CA,AWP,WE,Federal Contract Tower,8,14,18,10,50,8,34,105,20,167,16,48,123,30,217,20,18,38,255
08/16/2013,MHR,CA,AWP,WE,Federal Contract Tower,6,18,19,10,53,6,30,124,17,177,12,48,143,27,230,20,52,72,302
08/17/2013,MHR,CA,AWP,WE,Federal Contract Tower,1,2,6,1,10,1,5,67,14,87,2,7,73,15,97,14,0,14,111
08/18/2013,MHR,CA,AWP,WE,Federal Contract Tower,0,4,10,1,15,0,4,39,24,67,0,8,49,25,82,0,0,0,82
08/19/2013,MHR,CA,AWP,WE,Federal Contract Tower,3,18,19,26,66,3,23,71,51,148,6,41,90,77,214,0,54,54,268
08/20/2013,MHR,CA,AWP,WE,Federal Contract Tower,12,15,5,8,40,12,25,37,30,104,24,40,42,38,144,0,26,26,170
08/21/2013,MHR,CA,AWP,WE,Federal Contract Tower,11,15,20,26,72,11,24,50,47,132,22,39,70,73,204,8,92,100,304
08/22/2013,MHR,CA,AWP,WE,Federal Contract Tower,9,12,14,19,54,9,24,75,32,140,18,36,89,51,194,12,66,78,272
08/23/2013,MHR,CA,AWP,WE,Federal Contract Tower,6,17,16,19,58,6,28,62,47,143,12,45,78,66,201,18,58,76,277
08/24/2013,MHR,CA,AWP,WE,Federal Contract Tower,1,0,20,9,30,1,4,63,36,104,2,4,83,45,134,20,42,62,196
08/25/2013,MHR,CA,AWP,WE,Federal Contract Tower,0,0,14,2,16,0,0,63,16,79,0,0,77,18,95,18,0,18,113
08/26/2013,MHR,CA,AWP,WE,Federal Contract Tower,3,18,28,21,70,3,25,84,54,166,6,43,112,75,236,28,114,142,378
08/27/2013,MHR,CA,AWP,WE,Federal Contract Tower,10,15,30,22,77,10,27,93,34,164,20,42,123,56,241,4,36,40,281
08/28/2013,MHR,CA,AWP,WE,Federal Contract Tower,10,16,28,18,72,10,27,82,44,163,20,43,110,62,235,12,62,74,309
08/29/2013,MHR,CA,AWP,WE,Federal Contract Tower,10,14,27,19,70,10,25,91,40,166,20,39,118,59,236,12,54,66,302
08/30/2013,MHR,CA,AWP,WE,Federal Contract Tower,6,11,9,13,39,6,23,101,41,171,12,34,110,54,210,14,0,14,224
08/31/2013,MHR,CA,AWP,WE,Federal Contract Tower,1,0,24,2,27,1,5,80,11,97,2,5,104,13,124,46,0,46,170
09/01/2013,MHR,CA,AWP,WE,Federal Contract Tower,0,0,17,0,17,0,0,73,4,77,0,0,90,4,94,36,0,36,130
09/02/2013,MHR,CA,AWP,WE,Federal Contract Tower,0,5,22,0,27,0,5,53,5,63,0,10,75,5,90,0,0,0,90
09/03/2013,MHR,CA,AWP,WE,Federal Contract Tower,5,13,21,12,51,5,17,66,24,112,10,30,87,36,163,16,24,40,203
09/04/2013,MHR,CA,AWP,WE,Federal Contract Tower,12,17,17,12,58,12,27,58,19,116,24,44,75,31,174,2,28,30,204
09/05/2013,MHR,CA,AWP,WE,Federal Contract Tower,10,13,10,7,40,10,26,34,10,80,20,39,44,17,120,0,20,20,140
09/06/2013,MHR,CA,AWP,WE,Federal Contract Tower,6,19,11,13,49,6,32,101,21,160,12,51,112,34,209,12,50,62,271
09/07/2013,MHR,CA,AWP,WE,Federal Contract Tower,1,4,9,9,23,1,7,81,16,105,2,11,90,25,128,26,10,36,164
09/08/2013,MHR,CA,AWP,WE,Federal Contract Tower,0,0,16,3,19,0,0,76,15,91,0,0,92,18,110,36,16,52,162
09/09/2013,MHR,CA,AWP,WE,Federal Contract Tower,3,16,19,9,47,3,23,69,19,114,6,39,88,28,161,16,34,50,211
09/10/2013,MHR,CA,AWP,WE,Federal Contract Tower,10,19,9,15,53,10,29,46,17,102,20,48,55,32,155,4,20,24,179
09/11/2013,MHR,CA,AWP,WE,Federal Contract Tower,10,17,28,12,67,10,26,77,25,138,20,43,105,37,205,16,30,46,251
09/12/2013,MHR,CA,AWP,WE,Federal Contract Tower,9,22,17,18,66,9,26,58,29,122,18,48,75,47,188,18,56,74,262
09/13/2013,MHR,CA,AWP,WE,Federal Contract Tower,6,17,23,12,58,6,30,109,17,162,12,47,132,29,220,28,40,68,288
09/14/2013,MHR,CA,AWP,WE,Federal Contract Tower,1,0,5,1,7,1,3,34,2,40,2,3,39,3,47,24,0,24,71
09/15/2013,MHR,CA,AWP,WE,Federal Contract Tower,0,1,25,0,26,0,2,68,0,70,0,3,93,0,96,54,0,54,150
09/16/2013,MHR,CA,AWP,WE,Federal Contract Tower,3,15,18,14,50,3,23,69,26,121,6,38,87,40,171,8,48,56,227
09/17/2013,MHR,CA,AWP,WE,Federal Contract Tower,9,18,13,27,67,9,28,71,37,145,18,46,84,64,212,58,96,154,366
09/18/2013,MHR,CA,AWP,WE,Federal Contract Tower,11,22,12,14,59,11,33,66,17,127,22,55,78,31,186,18,24,42,228
09/19/2013,MHR,CA,AWP,WE,Federal Contract Tower,9,17,22,9,57,9,27,87,21,144,18,44,109,30,201,8,48,56,257
09/20/2013,MHR,CA,AWP,WE,Federal Contract Tower,6,24,30,9,69,6,35,117,22,180,12,59,147,31,249,30,96,126,375
09/21/2013,MHR,CA,AWP,WE,Federal Contract Tower,1,4,5,0,10,1,6,14,0,21,2,10,19,0,31,0,0,0,31
09/22/2013,MHR,CA,AWP,WE,Federal Contract Tower,0,2,16,0,18,0,2,78,0,80,0,4,94,0,98,32,0,32,130
09/23/2013,MHR,CA,AWP,WE,Federal Contract Tower,3,19,27,23,72,3,24,51,44,122,6,43,78,67,194,4,110,114,308
09/24/2013,MHR,CA,AWP,WE,Federal Contract Tower,10,18,12,33,73,10,26,58,45,139,20,44,70,78,212,0,72,72,284
09/25/2013,MHR,CA,AWP,WE,Federal Contract Tower,11,19,29,14,73,11,30,61,22,124,22,49,90,36,197,14,30,44,241
09/26/2013,MHR,CA,AWP,WE,Federal Contract Tower,9,14,9,4,36,9,25,40,17,91,18,39,49,21,127,2,10,12,139
09/27/2013,MHR,CA,AWP,WE,Federal Contract Tower,7,20,24,4,55,7,30,89,7,133,14,50,113,11,188,52,18,70,258
09/28/2013,MHR,CA,AWP,WE,Federal Contract Tower,1,1,10,0,12,1,4,52,0,57,2,5,62,0,69,36,0,36,105
09/29/2013,MHR,CA,AWP,WE,Federal Contract Tower,0,2,16,0,18,0,2,64,0,66,0,4,80,0,84,22,0,22,106
09/30/2013,MHR,CA,AWP,WE,Federal Contract Tower,3,23,35,6,67,3,27,76,6,112,6,50,111,12,179,0,0,0,179
10/01/2013,MHR,CA,AWP,WE,Federal Contract Tower,11,16,5,38,70,11,25,36,57,129,22,41,41,95,199,2,84,86,285
10/02/2013,MHR,CA,AWP,WE,Federal Contract Tower,11,23,17,18,69,11,32,51,24,118,22,55,68,42,187,18,78,96,283
10/03/2013,MHR,CA,AWP,WE,Federal Contract Tower,9,22,10,1,42,9,31,95,7,142,18,53,105,8,184,14,0,14,198
10/04/2013,MHR,CA,AWP,WE,Federal Contract Tower,6,17,18,0,41,6,41,204,0,251,12,58,222,0,292,76,0,76,368
10/05/2013,MHR,CA,AWP,WE,Federal Contract Tower,1,0,1,0,2,1,3,110,0,114,2,3,111,0,116,0,0,0,116
10/06/2013,MHR,CA,AWP,WE,Federal Contract Tower,0,0,2,0,2,0,0,180,0,180,0,0,182,0,182,0,0,0,182
10/07/2013,MHR,CA,AWP,WE,Federal Contract Tower,3,19,13,43,78,3,23,98,59,183,6,42,111,102,261,40,122,162,423
10/08/2013,MHR,CA,AWP,WE,Federal Contract Tower,11,19,30,31,91,11,27,69,45,152,22,46,99,76,243,16,106,122,365
10/09/2013,MHR,CA,AWP,WE,Federal Contract Tower,9,21,6,16,52,9,30,40,25,104,18,51,46,41,156,18,76,94,250
10/10/2013,MHR,CA,AWP,WE,Federal Contract Tower,10,16,29,22,77,10,24,76,28,138,20,40,105,50,215,22,32,54,269
10/11/2013,MHR,CA,AWP,WE,Federal Contract Tower,6,21,19,25,71,6,32,104,40,182,12,53,123,65,253,14,80,94,347
10/12/2013,MHR,CA,AWP,WE,Federal Contract Tower,1,1,11,0,13,1,6,48,0,55,2,7,59,0,68,12,0,12,80
10/13/2013,MHR,CA,AWP,WE,Federal Contract Tower,0,0,13,1,14,0,0,66,1,67,0,0,79,2,81,16,0,16,97
10/14/2013,MHR,CA,AWP,WE,Federal Contract Tower,3,17,9,2,31,3,26,40,3,72,6,43,49,5,103,0,16,16,119
10/15/2013,MHR,CA,AWP,WE,Federal Contract Tower,10,14,16,5,45,10,21,57,8,96,20,35,73,13,141,0,22,22,163
10/16/2013,MHR,CA,AWP,WE,Federal Contract Tower,11,23,14,30,78,11,30,31,47,119,22,53,45,77,197,12,144,156,353
10/17/2013,MHR,CA,AWP,WE,Federal Contract Tower,9,20,22,18,69,9,33,100,27,169,18,53,122,45,238,14,90,104,342
10/18/2013,MHR,CA,AWP,WE,Federal Contract Tower,6,19,14,23,62,6,27,58,33,124,12,46,72,56,186,6,62,68,254
10/19/2013,MHR,CA,AWP,WE,Federal Contract Tower,1,3,5,1,10,1,6,43,1,51,2,9,48,2,61,0,0,0,61
10/20/2013,MHR,CA,AWP,WE,Federal Contract Tower,0,2,4,0,6,0,1,43,0,44,0,3,47,0,50,16,0,16,66
10/21/2013,MHR,CA,AWP,WE,Federal Contract Tower,3,22,16,17,58,3,30,49,29,111,6,52,65,46,169,6,88,94,263
10/22/2013,MHR,CA,AWP,WE,Federal Contract Tower,11,19,8,30,68,11,26,45,46,128,22,45,53,76,196,10,114,124,320
10/23/2013,MHR,CA,AWP,WE,Federal Contract Tower,12,17,24,10,63,12,27,55,20,114,24,44,79,30,177,10,72,82,259
10/24/2013,MHR,CA,AWP,WE,Federal Contract Tower,10,16,23,24,73,10,28,65,51,154,20,44,88,75,227,6,80,86,313
10/25/2013,MHR,CA,AWP,WE,Federal Contract Tower,6,19,16,12,53,6,28,80,24,138,12,47,96,36,191,6,92,98,289
10/26/2013,MHR,CA,AWP,WE,Federal Contract Tower,1,2,19,2,24,1,5,79,2,87,2,7,98,4,111,40,0,40,151
10/27/2013,MHR,CA,AWP,WE,Federal Contract Tower,0,0,11,0,11,0,0,46,0,46,0,0,57,0,57,12,0,12,69
10/28/2013,MHR,CA,AWP,WE,Federal Contract Tower,3,16,8,26,53,3,22,40,35,100,6,38,48,61,153,10,72,82,235
10/29/2013,MHR,CA,AWP,WE,Federal Contract Tower,12,24,11,51,98,12,33,44,62,151,24,57,55,113,249,0,60,60,309
10/30/2013,MHR,CA,AWP,WE,Federal Contract Tower,11,16,20,13,60,11,25,73,29,138,22,41,93,42,198,6,36,42,240
10/31/2013,MHR,CA,AWP,WE,Federal Contract Tower,10,18,14,3,45,10,33,57,5,105,20,51,71,8,150,6,4,10,160
11/01/2013,MHR,CA,AWP,WE,Federal Contract Tower,6,19,17,10,52,6,30,95,20,151,12,49,112,30,203,42,66,108,311
11/02/2013,MHR,CA,AWP,WE,Federal Contract Tower,1,0,12,6,19,1,4,70,12,87,2,4,82,18,106,6,28,34,140
11/03/2013,MHR,CA,AWP,WE,Federal Contract Tower,0,0,6,0,6,0,0,31,5,36,0,0,37,5,42,0,0,0,42
11/04/2013,MHR,CA,AWP,WE,Federal Contract Tower,3,18,13,12,46,3,24,35,18,80,6,42,48,30,126,0,20,20,146
11/05/2013,MHR,CA,AWP,WE,Federal Contract Tower,7,15,14,2,38,7,25,59,9,100,14,40,73,11,138,6,22,28,166
11/06/2013,MHR,CA,AWP,WE,Federal Contract Tower,12,19,20,38,89,12,26,65,52,155,24,45,85,90,244,8,82,90,334
11/07/2013,MHR,CA,AWP,WE,Federal Contract Tower,10,14,16,17,57,10,28,66,35,139,20,42,82,52,196,2,90,92,288
11/08/2013,MHR,CA,AWP,WE,Federal Contract Tower,6,24,24,25,79,6,38,86,37,167,12,62,110,62,246,30,102,132,378
11/09/2013,MHR,CA,AWP,WE,Federal Contract Tower,1,0,26,0,27,1,3,87,0,91,2,3,113,0,118,48,0,48,166
11/10/2013,MHR,CA,AWP,WE,Federal Contract Tower,0,4,18,0,22,0,4,47,0,51,0,8,65,0,73,0,0,0,73
11/11/2013,MHR,CA,AWP,WE,Federal Contract Tower,3,21,26,0,50,3,27,69,0,99,6,48,95,0,149,24,0,24,173
11/12/2013,MHR,CA,AWP,WE,Federal Contract Tower,11,16,19,30,76,11,26,50,39,126,22,42,69,69,202,6,66,72,274
11/13/2013,MHR,CA,AWP,WE,Federal Contract Tower,13,20,18,23,74,15,28,70,30,143,28,48,88,53,217,28,62,90,307
11/14/2013,MHR,CA,AWP,WE,Federal Contract Tower,10,18,31,32,91,10,27,76,44,157,20,45,107,76,248,16,88,104,352
11/15/2013,MHR,CA,AWP,WE,Federal Contract Tower,7,15,21,10,53,7,27,98,17,149,14,42,119,27,202,24,12,36,238
11/16/2013,MHR,CA,AWP,WE,Federal Contract Tower,1,1,15,0,17,1,6,87,1,95,2,7,102,1,112,38,0,38,150
11/17/2013,MHR,CA,AWP,WE,Federal Contract Tower,0,3,27,2,32,0,3,79,2,84,0,6,106,4,116,8,0,8,124
11/18/2013,MHR,CA,AWP,WE,Federal Contract Tower,3,15,26,10,54,3,23,65,34,125,6,38,91,44,179,34,38,72,251
11/19/2013,MHR,CA,AWP,WE,Federal Contract Tower,9,23,14,40,86,9,29,31,53,122,18,52,45,93,208,2,36,38,246
11/20/2013,MHR,CA,AWP,WE,Federal Contract Tower,12,25,25,100,162,12,28,20,140,200,24,53,45,240,362,0,14,14,376
11/21/2013,MHR,CA,AWP,WE,Federal Contract Tower,11,26,20,13,70,11,31,37,38,117,22,57,57,51,187,2,4,6,193
11/22/2013,MHR,CA,AWP,WE,Federal Contract Tower,6,21,20,0,47,6,30,75,3,114,12,51,95,3,161,30,0,30,191
11/23/2013,MHR,CA,AWP,WE,Federal Contract Tower,3,9,25,1,38,3,12,70,6,91,6,21,95,7,129,18,0,18,147
11/24/2013,MHR,CA,AWP,WE,Federal Contract Tower,0,0,11,0,11,0,0,60,0,60,0,0,71,0,71,60,0,60,131
11/25/2013,MHR,CA,AWP,WE,Federal Contract Tower,4,5,27,18,54,4,15,74,25,118,8,20,101,43,172,58,72,130,302
11/26/2013,MHR,CA,AWP,WE,Federal Contract Tower,13,7,15,22,57,13,16,70,36,135,26,23,85,58,192,48,102,150,342
11/27/2013,MHR,CA,AWP,WE,Federal Contract Tower,11,7,16,8,42,11,18,82,14,125,22,25,98,22,167,40,8,48,215
11/28/2013,MHR,CA,AWP,WE,Federal Contract Tower,0,1,2,0,3,0,1,19,0,20,0,2,21,0,23,0,0,0,23
11/29/2013,MHR,CA,AWP,WE,Federal Contract Tower,4,7,13,0,24,4,21,90,0,115,8,28,103,0,139,0,0,0,139
11/30/2013,MHR,CA,AWP,WE,Federal Contract Tower,1,7,10,0,18,1,11,45,0,57,2,18,55,0,75,6,0,6,81
12/01/2013,MHR,CA,AWP,WE,Federal Contract Tower,0,3,9,0,12,0,3,63,0,66,0,6,72,0,78,20,0,20,98
12/02/2013,MHR,CA,AWP,WE,Federal Contract Tower,3,17,13,8,41,3,24,65,10,102,6,41,78,18,143,20,2,22,165
12/03/2013,MHR,CA,AWP,WE,Federal Contract Tower,15,22,10,19,66,15,33,31,45,124,30,55,41,64,190,6,92,98,288
12/04/2013,MHR,CA,AWP,WE,Federal Contract Tower,13,23,23,10,69,13,35,39,30,117,26,58,62,40,186,6,44,50,236
12/05/2013,MHR,CA,AWP,WE,Federal Contract Tower,13,16,18,14,61,13,28,65,28,134,26,44,83,42,195,4,90,94,289
12/06/2013,MHR,CA,AWP,WE,Federal Contract Tower,8,17,32,22,79,8,28,101,32,169,16,45,133,54,248,10,100,110,358
12/07/2013,MHR,CA,AWP,WE,Federal Contract Tower,2,7,9,12,30,2,3,39,12,56,4,10,48,24,86,6,0,6,92
12/08/2013,MHR,CA,AWP,WE,Federal Contract Tower,0,2,11,1,14,0,1,51,0,52,0,3,62,1,66,0,0,0,66
12/09/2013,MHR,CA,AWP,WE,Federal Contract Tower,6,23,18,12,59,6,37,62,25,130,12,60,80,37,189,0,72,72,261
12/10/2013,MHR,CA,AWP,WE,Federal Contract Tower,17,17,24,33,91,17,34,56,37,144,34,51,80,70,235,8,74,82,317
12/11/2013,MHR,CA,AWP,WE,Federal Contract Tower,18,20,30,26,94,18,32,72,39,161,36,52,102,65,255,18,86,104,359
12/12/2013,MHR,CA,AWP,WE,Federal Contract Tower,14,17,21,13,65,14,28,41,32,115,28,45,62,45,180,8,82,90,270
12/13/2013,MHR,CA,AWP,WE,Federal Contract Tower,7,17,32,26,82,7,27,81,46,161,14,44,113,72,243,10,96,106,349
12/14/2013,MHR,CA,AWP,WE,Federal Contract Tower,2,11,0,0,13,2,5,55,1,63,4,16,55,1,76,38,0,38,114
12/15/2013,MHR,CA,AWP,WE,Federal Contract Tower,4,0,15,0,19,11,0,51,0,62,15,0,66,0,81,34,0,34,115
12/16/2013,MHR,CA,AWP,WE,Federal Contract Tower,33,17,31,24,105,33,25,92,31,181,66,42,123,55,286,10,42,52,338
12/17/2013,MHR,CA,AWP,WE,Federal Contract Tower,27,25,25,25,102,27,40,87,45,199,54,65,112,70,301,4,70,74,375
12/18/2013,MHR,CA,AWP,WE,Federal Contract Tower,28,21,19,15,83,28,33,67,26,154,56,54,86,41,237,12,56,68,305
12/19/2013,MHR,CA,AWP,WE,Federal Contract Tower,34,26,5,15,80,34,40,37,30,141,68,66,42,45,221,0,58,58,279
12/20/2013,MHR,CA,AWP,WE,Federal Contract Tower,15,37,39,24,115,15,53,106,33,207,30,90,145,57,322,4,62,66,388
12/21/2013,MHR,CA,AWP,WE,Federal Contract Tower,8,6,21,0,35,8,16,60,0,84,16,22,81,0,119,18,0,18,137
12/22/2013,MHR,CA,AWP,WE,Federal Contract Tower,3,0,19,0,22,1,0,57,0,58,4,0,76,0,80,8,0,8,88
12/23/2013,MHR,CA,AWP,WE,Federal Contract Tower,13,7,16,15,51,13,22,96,24,155,26,29,112,39,206,36,50,86,292
12/24/2013,MHR,CA,AWP,WE,Federal Contract Tower,12,7,19,4,42,12,46,65,7,130,24,53,84,11,172,22,0,22,194
12/25/2013,MHR,CA,AWP,WE,Federal Contract Tower,0,0,3,0,3,0,0,22,0,22,0,0,25,0,25,0,0,0,25
12/26/2013,MHR,CA,AWP,WE,Federal Contract Tower,8,9,13,1,31,8,41,54,2,105,16,50,67,3,136,36,12,48,184
12/27/2013,MHR,CA,AWP,WE,Federal Contract Tower,10,12,27,8,57,10,24,99,8,141,20,36,126,16,198,62,42,104,302
12/28/2013,MHR,CA,AWP,WE,Federal Contract Tower,3,6,39,2,50,3,12,63,2,80,6,18,102,4,130,0,0,0,130
12/29/2013,MHR,CA,AWP,WE,Federal Contract Tower,0,3,1,0,4,0,3,21,0,24,0,6,22,0,28,6,0,6,34
12/30/2013,MHR,CA,AWP,WE,Federal Contract Tower,5,4,2,2,13,5,14,47,0,66,10,18,49,2,79,42,0,42,121
12/31/2013,MHR,CA,AWP,WE,Federal Contract Tower,10,8,26,0,44,10,21,76,0,107,20,29,102,0,151,40,0,40,191
01/01/2014,MHR,CA,AWP,WE,Federal Contract Tower,0,2,7,0,9,0,2,25,0,27,0,4,32,0,36,0,0,0,36
01/02/2014,MHR,CA,AWP,WE,Federal Contract Tower,8,11,7,2,28,8,26,52,3,89,16,37,59,5,117,84,6,90,207
01/03/2014,MHR,CA,AWP,WE,Federal Contract Tower,6,10,27,24,67,6,35,103,37,181,12,45,130,61,248,92,116,208,456
01/04/2014,MHR,CA,AWP,WE,Federal Contract Tower,1,1,20,0,22,1,4,59,0,64,2,5,79,0,86,24,0,24,110
01/05/2014,MHR,CA,AWP,WE,Federal Contract Tower,0,5,10,0,15,0,5,44,0,49,0,10,54,0,64,20,0,20,84
01/06/2014,MHR,CA,AWP,WE,Federal Contract Tower,3,15,21,32,71,3,24,107,58,192,6,39,128,90,263,108,112,220,483
01/07/2014,MHR,CA,AWP,WE,Federal Contract Tower,12,15,22,13,62,12,25,93,28,158,24,40,115,41,220,184,100,284,504
01/08/2014,MHR,CA,AWP,WE,Federal Contract Tower,10,20,27,37,94,10,29,70,48,157,20,49,97,85,251,148,32,180,431
01/09/2014,MHR,CA,AWP,WE,Federal Contract Tower,10,14,32,29,85,10,21,63,36,130,20,35,95,65,215,34,38,72,287
01/10/2014,MHR,CA,AWP,WE,Federal Contract Tower,7,22,22,15,66,7,33,89,37,166,14,55,111,52,232,186,114,300,532
01/11/2014,MHR,CA,AWP,WE,Federal Contract Tower,1,5,10,7,23,1,5,30,9,45,2,10,40,16,68,0,0,0,68
01/12/2014,MHR,CA,AWP,WE,Federal Contract Tower,0,0,26,1,27,0,0,63,5,68,0,0,89,6,95,4,0,4,99
01/13/2014,MHR,CA,AWP,WE,Federal Contract Tower,15,20,19,10,64,15,27,94,21,157,30,47,113,31,221,36,24,60,281
01/14/2014,MHR,CA,AWP,WE,Federal Contract Tower,12,18,17,7,54,12,29,96,13,150,24,47,113,20,204,188,34,222,426
01/15/2014,MHR,CA,AWP,WE,Federal Contract Tower,10,17,37,11,75,10,29,118,27,184,20,46,155,38,259,162,58,220,479
01/16/2014,MHR,CA,AWP,WE,Federal Contract Tower,6,17,38,27,88,6,24,96,43,169,12,41,134,70,257,144,124,268,525
01/17/2014,MHR,CA,AWP,WE,Federal Contract Tower,6,22,26,24,78,5,26,100,36,167,11,48,126,60,245,116,66,182,427
01/18/2014,MHR,CA,AWP,WE,Federal Contract Tower,1,7,10,0,18,1,11,63,0,75,2,18,73,0,93,26,0,26,119
01/19/2014,MHR,CA,AWP,WE,Federal Contract Tower,0,2,13,0,15,0,1,50,0,51,0,3,63,0,66,6,0,6,72
01/20/2014,MHR,CA,AWP,WE,Federal Contract Tower,4,18,18,2,42,4,26,92,2,124,8,44,110,4,166,66,0,66,232
01/21/2014,MHR,CA,AWP,WE,Federal Contract Tower,9,20,39,62,130,9,32,128,73,242,18,52,167,135,372,108,198,306,678
01/22/2014,MHR,CA,AWP,WE,Federal Contract Tower,12,20,17,36,85,12,31,108,52,203,24,51,125,88,288,174,148,322,610
01/23/2014,MHR,CA,AWP,WE,Federal Contract Tower,9,25,18,36,88,9,36,77,62,184,18,61,95,98,272,126,118,244,516
01/24/2014,MHR,CA,AWP,WE,Federal Contract Tower,6,20,19,35,80,6,26,103,45,180,12,46,122,80,260,107,70,177,437
01/25/2014,MHR,CA,AWP,WE,Federal Contract Tower,1,1,33,3,38,1,4,89,3,97,2,5,122,6,135,10,0,10,145
01/26/2014,MHR,CA,AWP,WE,Federal Contract Tower,0,1,35,0,36,0,1,84,0,85,0,2,119,0,121,12,0,12,133
01/27/2014,MHR,CA,AWP,WE,Federal Contract Tower,3,16,19,25,63,3,25,112,44,184,6,41,131,69,247,118,82,200,447
01/28/2014,MHR,CA,AWP,WE,Federal Contract Tower,10,17,22,21,70,10,27,123,36,196,20,44,145,57,266,216,46,262,528
01/29/2014,MHR,CA,AWP,WE,Federal Contract Tower,11,36,54,34,135,11,39,90,53,193,22,75,144,87,328,15,8,23,351
01/30/2014,MHR,CA,AWP,WE,Federal Contract Tower,33,17,30,28,108,33,28,65,46,172,66,45,95,74,280,104,146,250,530
01/31/2014,MHR,CA,AWP,WE,Federal Contract Tower,6,16,20,14,56,6,26,79,30,141,12,42,99,44,197,34,28,62,259
02/01/2014,MHR,CA,AWP,WE,Federal Contract Tower,0,0,6,0,6,0,3,57,0,60,0,3,63,0,66,10,0,10,76
02/02/2014,MHR,CA,AWP,WE,Federal Contract Tower,0,0,6,0,6,0,0,16,0,16,0,0,22,0,22,16,0,16,38
02/03/2014,MHR,CA,AWP,WE,Federal Contract Tower,3,23,6,3,35,3,28,78,9,118,6,51,84,12,153,72,0,72,225
02/04/2014,MHR,CA,AWP,WE,Federal Contract Tower,10,19,22,31,82,10,29,98,48,185,20,48,120,79,267,134,98,232,499
02/05/2014,MHR,CA,AWP,WE,Federal Contract Tower,15,18,27,32,92,15,28,82,41,166,30,46,109,73,258,104,152,256,514
02/06/2014,MHR,CA,AWP,WE,Federal Contract Tower,10,25,15,66,116,10,27,29,72,138,20,52,44,138,254,16,110,126,380
02/07/2014,MHR,CA,AWP,WE,Federal Contract Tower,6,24,9,33,72,6,24,13,34,77,12,48,22,67,149,4,12,16,165
02/08/2014,MHR,CA,AWP,WE,Federal Contract Tower,1,1,2,4,8,1,3,3,5,12,2,4,5,9,20,0,0,0,20
02/09/2014,MHR,CA,AWP,WE,Federal Contract Tower,0,2,9,1,12,0,2,12,1,15,0,4,21,2,27,0,0,0,27
02/10/2014,MHR,CA,AWP,WE,Federal Contract Tower,3,15,28,23,69,3,19,80,24,126,6,34,108,47,195,58,0,58,253
02/11/2014,MHR,CA,AWP,WE,Federal Contract Tower,7,15,26,21,69,7,24,95,31,157,14,39,121,52,226,42,80,122,348
02/12/2014,MHR,CA,AWP,WE,Federal Contract Tower,10,22,22,40,94,10,27,77,53,167,20,49,99,93,261,106,126,232,493
02/13/2014,MHR,CA,AWP,WE,Federal Contract Tower,13,19,26,28,86,12,27,99,42,180,25,46,125,70,266,130,84,214,480
02/14/2014,MHR,CA,AWP,WE,Federal Contract Tower,8,15,24,40,87,8,19,53,44,124,16,34,77,84,211,14,22,36,247
02/15/2014,MHR,CA,AWP,WE,Federal Contract Tower,1,5,15,0,21,1,5,33,0,39,2,10,48,0,60,0,0,0,60
02/16/2014,MHR,CA,AWP,WE,Federal Contract Tower,0,1,17,4,22,0,1,64,4,69,0,2,81,8,91,22,0,22,113
02/17/2014,MHR,CA,AWP,WE,Federal Contract Tower,3,6,12,0,21,3,13,79,0,95,6,19,91,0,116,102,0,102,218
02/18/2014,MHR,CA,AWP,WE,Federal Contract Tower,12,19,10,18,59,12,35,105,30,182,24,54,115,48,241,70,80,150,391
02/19/2014,MHR,CA,AWP,WE,Federal Contract Tower,14,22,31,22,89,14,29,67,33,143,28,51,98,55,232,8,82,90,322
02/20/2014,MHR,CA,AWP,WE,Federal Contract Tower,11,20,36,36,103,11,26,107,58,202,22,46,143,94,305,118,164,282,587
02/21/2014,MHR,CA,AWP,WE,Federal Contract Tower,6,20,20,33,79,6,30,87,49,172,12,50,107,82,251,44,62,106,357
02/22/2014,MHR,CA,AWP,WE,Federal Contract Tower,1,1,21,0,23,1,4,71,0,76,2,5,92,0,99,0,0,0,99
02/23/2014,MHR,CA,AWP,WE,Federal Contract Tower,0,0,15,0,15,0,0,41,0,41,0,0,56,0,56,4,0,4,60
02/24/2014,MHR,CA,AWP,WE,Federal Contract Tower,4,18,41,45,108,4,23,123,61,211,8,41,164,106,319,86,84,170,489
02/25/2014,MHR,CA,AWP,WE,Federal Contract Tower,13,13,28,34,88,13,25,82,57,177,26,38,110,91,265,74,134,208,473
02/26/2014,MHR,CA,AWP,WE,Federal Contract Tower,12,26,12,39,89,12,33,30,48,123,24,59,42,87,212,94,44,138,350
02/27/2014,MHR,CA,AWP,WE,Federal Contract Tower,12,22,14,61,109,12,37,26,67,142,24,59,40,128,251,0,52,52,303
02/28/2014,MHR,CA,AWP,WE,Federal Contract Tower,5,22,17,34,78,5,25,21,35,86,10,47,38,69,164,0,18,18,182
03/01/2014,MHR,CA,AWP,WE,Federal Contract Tower,1,4,13,3,21,1,22,9,5,37,2,26,22,8,58,0,0,0,58
03/02/2014,MHR,CA,AWP,WE,Federal Contract Tower,0,2,20,1,23,0,0,32,24,56,0,2,52,25,79,0,14,14,93
03/03/2014,MHR,CA,AWP,WE,Federal Contract Tower,11,23,28,57,119,13,29,94,70,206,24,52,122,127,325,36,94,130,455
03/04/2014,MHR,CA,AWP,WE,Federal Contract Tower,10,20,27,42,99,10,25,72,54,161,20,45,99,96,260,94,114,208,468
03/05/2014,MHR,CA,AWP,WE,Federal Contract Tower,11,27,12,24,74,11,35,58,37,141,22,62,70,61,215,30,106,136,351
03/06/2014,MHR,CA,AWP,WE,Federal Contract Tower,10,17,14,18,59,10,22,71,41,144,20,39,85,59,203,26,72,98,301
03/07/2014,MHR,CA,AWP,WE,Federal Contract Tower,6,22,11,7,46,6,35,68,38,147,12,57,79,45,193,34,28,62,255
03/08/2014,MHR,CA,AWP,WE,Federal Contract Tower,1,5,7,8,21,1,9,71,11,92,2,14,78,19,113,10,8,18,131
03/09/2014,MHR,CA,AWP,WE,Federal Contract Tower,0,1,5,0,6,0,1,27,0,28,0,2,32,0,34,12,0,12,46
03/10/2014,MHR,CA,AWP,WE,Federal Contract Tower,3,19,12,23,57,3,25,95,28,151,6,44,107,51,208,18,24,42,250
03/11/2014,MHR,CA,AWP,WE,Federal Contract Tower,10,16,18,13,57,14,24,54,28,120,24,40,72,41,177,6,54,60,237
03/12/2014,MHR,CA,AWP,WE,Federal Contract Tower,10,16,16,16,58,10,30,66,26,132,20,46,82,42,190,6,26,32,222
03/13/2014,MHR,CA,AWP,WE,Federal Contract Tower,11,14,23,23,71,11,20,109,29,169,22,34,132,52,240,69,84,153,393
03/14/2014,MHR,CA,AWP,WE,Federal Contract Tower,6,21,34,11,72,6,34,109,25,174,12,55,143,36,246,28,74,102,348
03/15/2014,MHR,CA,AWP,WE,Federal Contract Tower,1,2,12,0,15,1,5,35,3,44,2,7,47,3,59,24,0,24,83
03/16/2014,MHR,CA,AWP,WE,Federal Contract Tower,0,0,26,0,26,0,2,73,5,80,0,2,99,5,106,18,0,18,124
03/17/2014,MHR,CA,AWP,WE,Federal Contract Tower,3,16,20,7,46,3,23,103,24,153,6,39,123,31,199,0,24,24,223
03/18/2014,MHR,CA,AWP,WE,Federal Contract Tower,11,18,10,19,58,11,29,63,35,138,22,47,73,54,196,12,86,98,294
03/19/2014,MHR,CA,AWP,WE,Federal Contract Tower,12,13,15,21,61,12,22,70,36,140,24,35,85,57,201,42,82,124,325
03/20/2014,MHR,CA,AWP,WE,Federal Contract Tower,12,16,30,34,92,12,24,67,69,172,24,40,97,103,264,10,142,152,416
03/21/2014,MHR,CA,AWP,WE,Federal Contract Tower,5,18,14,10,47,5,28,77,14,124,10,46,91,24,171,68,12,80,251
03/22/2014,MHR,CA,AWP,WE,Federal Contract Tower,1,1,13,1,16,1,1,61,3,66,2,2,74,4,82,48,16,64,146
03/23/2014,MHR,CA,AWP,WE,Federal Contract Tower,0,0,13,1,14,0,2,62,1,65,0,2,75,2,79,20,0,20,99
03/24/2014,MHR,CA,AWP,WE,Federal Contract Tower,3,17,32,19,71,3,24,134,31,192,6,41,166,50,263,94,48,142,405
03/25/2014,MHR,CA,AWP,WE,Federal Contract Tower,11,15,18,22,66,11,24,67,41,143,22,39,85,63,209,0,70,70,279
03/26/2014,MHR,CA,AWP,WE,Federal Contract Tower,11,20,8,48,87,11,25,17,68,121,22,45,25,116,208,0,42,42,250
03/27/2014,MHR,CA,AWP,WE,Federal Contract Tower,39,17,10,29,95,39,30,59,49,177,78,47,69,78,272,62,102,164,436
03/28/2014,MHR,CA,AWP,WE,Federal Contract Tower,6,19,31,14,70,6,24,74,16,120,12,43,105,30,190,42,10,52,242
03/29/2014,MHR,CA,AWP,WE,Federal Contract Tower,1,2,12,0,15,1,3,18,0,22,2,5,30,0,37,0,0,0,37
03/30/2014,MHR,CA,AWP,WE,Federal Contract Tower,0,0,37,1,38,0,0,78,5,83,0,0,115,6,121,36,0,36,157
03/31/2014,MHR,CA,AWP,WE,Federal Contract Tower,3,20,12,31,66,3,21,45,38,107,6,41,57,69,173,0,40,40,213
04/01/2014,MHR,CA,AWP,WE,Federal Contract Tower,10,25,6,58,99,10,28,16,100,154,20,53,22,158,253,0,16,16,269
04/02/2014,MHR,CA,AWP,WE,Federal Contract Tower,11,25,49,30,115,11,33,101,42,187,22,58,150,72,302,44,104,148,450
04/03/2014,MHR,CA,AWP,WE,Federal Contract Tower,9,16,26,13,64,9,27,81,28,145,18,43,107,41,209,68,66,134,343
04/04/2014,MHR,CA,AWP,WE,Federal Contract Tower,5,19,22,20,66,13,26,56,29,124,18,45,78,49,190,28,46,74,264
04/05/2014,MHR,CA,AWP,WE,Federal Contract Tower,1,2,15,4,22,1,6,57,11,75,2,8,72,15,97,16,0,16,113
04/06/2014,MHR,CA,AWP,WE,Federal Contract Tower,0,0,11,2,13,0,0,81,5,86,0,0,92,7,99,6,10,16,115
04/07/2014,MHR,CA,AWP,WE,Federal Contract Tower,3,19,21,17,60,3,25,107,27,162,6,44,128,44,222,60,38,98,320
04/08/2014,MHR,CA,AWP,WE,Federal Contract Tower,10,15,21,29,75,10,26,93,49,178,20,41,114,78,253,86,160,246,499
04/09/2014,MHR,CA,AWP,WE,Federal Contract Tower,12,19,24,35,90,12,34,100,54,200,24,53,124,89,290,84,64,148,438
04/10/2014,MHR,CA,AWP,WE,Federal Contract Tower,11,17,19,34,81,11,29,81,50,171,22,46,100,84,252,52,62,114,366
04/11/2014,MHR,CA,AWP,WE,Federal Contract Tower,6,16,22,17,61,6,25,95,41,167,12,41,117,58,228,56,92,148,376
04/12/2014,MHR,CA,AWP,WE,Federal Contract Tower,1,0,17,1,19,1,3,59,6,69,2,3,76,7,88,10,0,10,98
04/13/2014,MHR,CA,AWP,WE,Federal Contract Tower,0,4,15,2,21,0,4,39,4,47,0,8,54,6,68,0,0,0,68
04/14/2014,MHR,CA,AWP,WE,Federal Contract Tower,3,17,14,4,38,3,25,116,10,154,6,42,130,14,192,94,26,120,312
04/15/2014,MHR,CA,AWP,WE,Federal Contract Tower,12,19,29,14,74,12,36,103,35,186,24,55,132,49,260,32,90,122,382
04/16/2014,MHR,CA,AWP,WE,Federal Contract Tower,10,16,29,13,68,10,25,147,23,205,20,41,176,36,273,120,66,186,459
04/17/2014,MHR,CA,AWP,WE,Federal Contract Tower,10,19,25,36,90,10,31,83,48,172,20,50,108,84,262,50,100,150,412
04/18/2014,MHR,CA,AWP,WE,Federal Contract Tower,6,20,14,26,66,6,32,85,29,152,12,52,99,55,218,98,52,150,368
04/19/2014,MHR,CA,AWP,WE,Federal Contract Tower,1,4,14,0,19,1,12,38,0,51,2,16,52,0,70,0,0,0,70
04/20/2014,MHR,CA,AWP,WE,Federal Contract Tower,0,0,1,0,1,0,1,34,0,35,0,1,35,0,36,12,0,12,48
04/21/2014,MHR,CA,AWP,WE,Federal Contract Tower,3,18,33,30,84,3,28,119,42,192,6,46,152,72,276,64,114,178,454
04/22/2014,MHR,CA,AWP,WE,Federal Contract Tower,10,21,39,20,90,10,34,108,35,187,20,55,147,55,277,122,42,164,441
04/23/2014,MHR,CA,AWP,WE,Federal Contract Tower,11,36,31,21,99,11,46,97,45,199,22,82,128,66,298,62,62,124,422
04/24/2014,MHR,CA,AWP,WE,Federal Contract Tower,10,24,37,4,75,10,32,102,17,161,20,56,139,21,236,88,14,102,338
04/25/2014,MHR,CA,AWP,WE,Federal Contract Tower,6,21,10,11,48,6,30,36,26,98,12,51,46,37,146,40,0,40,186
04/26/2014,MHR,CA,AWP,WE,Federal Contract Tower,1,8,29,12,50,1,9,52,20,82,2,17,81,32,132,0,10,10,142
04/27/2014,MHR,CA,AWP,WE,Federal Contract Tower,0,3,16,2,21,0,3,35,9,47,0,6,51,11,68,32,6,38,106
04/28/2014,MHR,CA,AWP,WE,Federal Contract Tower,3,16,26,20,65,3,22,87,31,143,6,38,113,51,208,0,46,46,254
04/29/2014,MHR,CA,AWP,WE,Federal Contract Tower,10,17,32,21,80,10,31,133,46,220,20,48,165,67,300,102,112,214,514
04/30/2014,MHR,CA,AWP,WE,Federal Contract Tower,9,18,21,38,86,9,33,115,62,219,18,51,136,100,305,56,176,232,537
05/01/2014,MHR,CA,AWP,WE,Federal Contract Tower,12,16,34,19,81,12,28,102,38,180,24,44,136,57,261,72,110,182,443
05/02/2014,MHR,CA,AWP,WE,Federal Contract Tower,6,19,20,8,53,6,32,87,20,145,12,51,107,28,198,114,20,134,332
05/03/2014,MHR,CA,AWP,WE,Federal Contract Tower,1,4,6,2,13,1,7,35,16,59,2,11,41,18,72,0,0,0,72
05/04/2014,MHR,CA,AWP,WE,Federal Contract Tower,0,5,15,1,21,0,5,69,7,81,0,10,84,8,102,30,0,30,132
05/05/2014,MHR,CA,AWP,WE,Federal Contract Tower,3,23,16,27,69,3,31,90,37,161,6,54,106,64,230,26,64,90,320
05/06/2014,MHR,CA,AWP,WE,Federal Contract Tower,12,21,16,16,65,12,32,83,33,160,24,53,99,49,225,8,66,74,299
05/07/2014,MHR,CA,AWP,WE,Federal Contract Tower,11,23,39,8,81,11,35,113,21,180,22,58,152,29,261,83,60,143,404
05/08/2014,MHR,CA,AWP,WE,Federal Contract Tower,9,14,23,25,71,9,21,69,46,145,18,35,92,71,216,10,88,98,314
05/09/2014,MHR,CA,AWP,WE,Federal Contract Tower,7,15,18,24,64,7,24,69,32,132,14,39,87,56,196,42,90,132,328
05/10/2014,MHR,CA,AWP,WE,Federal Contract Tower,1,4,16,0,21,1,7,44,0,52,2,11,60,0,73,0,0,0,73
05/11/2014,MHR,CA,AWP,WE,Federal Contract Tower,0,0,12,0,12,0,0,35,1,36,0,0,47,1,48,4,0,4,52
05/12/2014,MHR,CA,AWP,WE,Federal Contract Tower,3,17,16,14,50,3,22,98,33,156,6,39,114,47,206,104,88,192,398
05/13/2014,MHR,CA,AWP,WE,Federal Contract Tower,10,18,17,60,105,10,27,105,82,224,20,45,122,142,329,62,84,146,475
05/14/2014,MHR,CA,AWP,WE,Federal Contract Tower,10,17,25,36,88,10,30,126,51,217,20,47,151,87,305,138,96,234,539
05/15/2014,MHR,CA,AWP,WE,Federal Contract Tower,9,13,23,7,52,9,20,80,31,140,18,33,103,38,192,88,22,110,302
05/16/2014,MHR,CA,AWP,WE,Federal Contract Tower,8,21,12,13,54,8,32,77,22,139,16,53,89,35,193,38,46,84,277
05/17/2014,MHR,CA,AWP,WE,Federal Contract Tower,1,1,9,0,11,1,4,51,0,56,2,5,60,0,67,10,0,10,77
05/18/2014,MHR,CA,AWP,WE,Federal Contract Tower,0,3,21,0,24,0,3,165,0,168,0,6,186,0,192,14,0,14,206
05/19/2014,MHR,CA,AWP,WE,Federal Contract Tower,3,16,13,0,32,3,23,52,5,83,6,39,65,5,115,26,2,28,143
05/20/2014,MHR,CA,AWP,WE,Federal Contract Tower,10,16,18,20,64,10,26,105,39,180,20,42,123,59,244,104,56,160,404
05/21/2014,MHR,CA,AWP,WE,Federal Contract Tower,10,25,21,41,97,10,33,99,55,197,20,58,120,96,294,88,67,155,449
05/22/2014,MHR,CA,AWP,WE,Federal Contract Tower,9,20,21,55,105,9,31,92,44,176,18,51,113,99,281,56,74,130,411
05/23/2014,MHR,CA,AWP,WE,Federal Contract Tower,6,8,24,0,38,6,17,79,0,102,12,25,103,0,140,104,0,104,244
05/24/2014,MHR,CA,AWP,WE,Federal Contract Tower,1,2,7,2,12,1,5,46,3,55,2,7,53,5,67,18,2,20,87
05/25/2014,MHR,CA,AWP,WE,Federal Contract Tower,0,0,3,13,16,0,2,36,0,38,0,2,39,13,54,0,0,0,54
05/26/2014,MHR,CA,AWP,WE,Federal Contract Tower,0,2,15,0,17,0,2,70,0,72,0,4,85,0,89,26,0,26,115
05/27/2014,MHR,CA,AWP,WE,Federal Contract Tower,5,17,15,34,71,5,23,101,60,189,10,40,116,94,260,38,72,110,370
05/28/2014,MHR,CA,AWP,WE,Federal Contract Tower,11,23,9,18,61,11,34,78,31,154,22,57,87,49,215,2,24,26,241
05/29/2014,MHR,CA,AWP,WE,Federal Contract Tower,12,22,9,22,65,12,30,88,36,166,24,52,97,58,231,66,34,100,331
05/30/2014,MHR,CA,AWP,WE,Federal Contract Tower,6,24,8,25,63,6,34,67,32,139,12,58,75,57,202,68,16,84,286
05/31/2014,MHR,CA,AWP,WE,Federal Contract Tower,1,8,17,2,28,1,12,76,2,91,2,20,93,4,119,26,0,26,145
06/01/2014,MHR,CA,AWP,WE,Federal Contract Tower,0,3,9,0,12,0,4,49,0,53,0,7,58,0,65,10,0,10,75
06/02/2014,MHR,CA,AWP,WE,Federal Contract Tower,3,23,9,21,56,3,32,80,26,141,6,55,89,47,197,120,56,176,373
06/03/2014,MHR,CA,AWP,WE,Federal Contract Tower,12,15,20,14,61,12,26,64,28,130,24,41,84,42,191,50,82,132,323
06/04/2014,MHR,CA,AWP,WE,Federal Contract Tower,11,25,43,37,116,11,38,109,48,206,22,63,152,85,322,18,108,126,448
06/05/2014,MHR,CA,AWP,WE,Federal Contract Tower,9,21,38,36,104,9,31,143,46,229,18,52,181,82,333,68,62,130,463
06/06/2014,MHR,CA,AWP,WE,Federal Contract Tower,6,17,13,14,50,6,31,117,18,172,12,48,130,32,222,52,30,82,304
06/07/2014,MHR,CA,AWP,WE,Federal Contract Tower,1,2,26,0,29,1,5,138,8,152,2,7,164,8,181,42,0,42,223
06/08/2014,MHR,CA,AWP,WE,Federal Contract Tower,0,4,2,0,6,0,6,63,5,74,0,10,65,5,80,0,0,0,80
06/09/2014,MHR,CA,AWP,WE,Federal Contract Tower,3,29,22,40,94,3,36,107,51,197,6,65,129,91,291,70,46,116,407
06/10/2014,MHR,CA,AWP,WE,Federal Contract Tower,10,13,22,37,82,10,24,120,48,202,20,37,142,85,284,22,72,94,378
06/11/2014,MHR,CA,AWP,WE,Federal Contract Tower,10,25,25,31,91,10,33,88,53,184,20,58,113,84,275,28,122,150,425
06/12/2014,MHR,CA,AWP,WE,Federal Contract Tower,9,18,29,25,81,9,26,98,47,180,18,44,127,72,261,54,46,100,361
06/13/2014,MHR,CA,AWP,WE,Federal Contract Tower,6,22,16,11,55,6,33,90,24,153,12,55,106,35,208,42,8,50,258
06/14/2014,MHR,CA,AWP,WE,Federal Contract Tower,1,0,25,3,29,1,3,66,8,78,2,3,91,11,107,6,0,6,113
06/15/2014,MHR,CA,AWP,WE,Federal Contract Tower,0,0,5,1,6,0,5,29,1,35,0,5,34,2,41,2,0,2,43
06/16/2014,MHR,CA,AWP,WE,Federal Contract Tower,3,22,22,41,88,3,27,106,56,192,6,49,128,97,280,30,138,168,448
06/17/2014,MHR,CA,AWP,WE,Federal Contract Tower,10,18,34,43,105,10,26,124,52,212,20,44,158,95,317,52,72,124,441
06/18/2014,MHR,CA,AWP,WE,Federal Contract Tower,11,21,22,26,80,11,33,83,32,159,22,54,105,58,239,20,50,70,309
06/19/2014,MHR,CA,AWP,WE,Federal Contract Tower,10,15,20,22,67,10,27,70,32,139,20,42,90,54,206,36,60,96,302
06/20/2014,MHR,CA,AWP,WE,Federal Contract Tower,6,32,26,16,80,6,39,114,25,184,12,71,140,41,264,32,44,76,340
06/21/2014,MHR,CA,AWP,WE,Federal Contract Tower,1,2,17,2,22,1,5,67,2,75,2,7,84,4,97,30,0,30,127
06/22/2014,MHR,CA,AWP,WE,Federal Contract Tower,0,2,26,0,28,0,2,78,0,80,0,4,104,0,108,14,0,14,122
06/23/2014,MHR,CA,AWP,WE,Federal Contract Tower,3,18,49,27,97,3,28,122,36,189,6,46,171,63,286,42,94,136,422
06/24/2014,MHR,CA,AWP,WE,Federal Contract Tower,10,14,39,49,112,10,22,125,60,217,20,36,164,109,329,34,56,90,419
06/25/2014,MHR,CA,AWP,WE,Federal Contract Tower,10,22,29,36,97,10,34,91,47,182,20,56,120,83,279,18,109,127,406
06/26/2014,MHR,CA,AWP,WE,Federal Contract Tower,10,16,15,35,76,10,27,73,46,156,20,43,88,81,232,39,96,135,367
06/27/2014,MHR,CA,AWP,WE,Federal Contract Tower,6,18,17,29,70,6,26,61,58,151,12,44,78,87,221,8,90,98,319
06/28/2014,MHR,CA,AWP,WE,Federal Contract Tower,1,1,19,1,22,1,5,44,6,56,2,6,63,7,78,46,22,68,146
06/29/2014,MHR,CA,AWP,WE,Federal Contract Tower,0,3,8,7,18,0,3,55,10,68,0,6,63,17,86,10,6,16,102
06/30/2014,MHR,CA,AWP,WE,Federal Contract Tower,3,6,39,28,76,3,13,117,49,182,6,19,156,77,258,4,67,71,329
07/01/2014,MHR,CA,AWP,WE,Federal Contract Tower,11,3,33,42,89,11,18,115,66,210,22,21,148,108,299,46,80,126,425
07/02/2014,MHR,CA,AWP,WE,Federal Contract Tower,13,8,28,34,83,13,21,90,48,172,26,29,118,82,255,34,128,162,417
07/03/2014,MHR,CA,AWP,WE,Federal Contract Tower,6,8,17,7,38,6,16,81,0,103,12,24,98,7,141,40,0,40,181
07/04/2014,MHR,CA,AWP,WE,Federal Contract Tower,0,3,3,0,6,0,3,19,0,22,0,6,22,0,28,0,0,0,28
07/05/2014,MHR,CA,AWP,WE,Federal Contract Tower,1,0,19,0,20,1,3,57,0,61,2,3,76,0,81,4,0,4,85
07/06/2014,MHR,CA,AWP,WE,Federal Contract Tower,0,1,9,8,18,0,1,52,9,62,0,2,61,17,80,4,10,14,94
07/07/2014,MHR,CA,AWP,WE,Federal Contract Tower,3,15,20,6,44,3,21,92,13,129,6,36,112,19,173,54,0,54,227
07/08/2014,MHR,CA,AWP,WE,Federal Contract Tower,12,17,36,23,88,12,29,102,41,184,24,46,138,64,272,24,108,132,404
07/09/2014,MHR,CA,AWP,WE,Federal Contract Tower,12,13,20,53,98,12,30,83,110,235,24,43,103,163,333,36,110,146,479
07/10/2014,MHR,CA,AWP,WE,Federal Contract Tower,9,16,21,15,61,9,27,81,27,144,18,43,102,42,205,18,37,55,260
07/11/2014,MHR,CA,AWP,WE,Federal Contract Tower,5,17,28,21,71,5,28,86,35,154,10,45,114,56,225,20,46,66,291
07/12/2014,MHR,CA,AWP,WE,Federal Contract Tower,1,0,22,3,26,1,3,60,11,75,2,3,82,14,101,62,0,62,163
07/13/2014,MHR,CA,AWP,WE,Federal Contract Tower,0,3,11,2,16,0,2,42,2,46,0,5,53,4,62,0,0,0,62
07/14/2014,MHR,CA,AWP,WE,Federal Contract Tower,3,17,15,6,41,3,27,89,11,130,6,44,104,17,171,4,22,26,197
07/15/2014,MHR,CA,AWP,WE,Federal Contract Tower,10,17,18,16,61,10,30,102,39,181,20,47,120,55,242,32,42,74,316
07/16/2014,MHR,CA,AWP,WE,Federal Contract Tower,11,19,22,30,82,11,32,100,47,190,22,51,122,77,272,34,88,122,394
07/17/2014,MHR,CA,AWP,WE,Federal Contract Tower,9,30,33,24,96,9,25,81,28,143,18,55,114,52,239,12,74,86,325
07/18/2014,MHR,CA,AWP,WE,Federal Contract Tower,6,20,27,20,73,6,31,91,25,153,12,51,118,45,226,18,40,58,284
07/19/2014,MHR,CA,AWP,WE,Federal Contract Tower,2,2,11,0,15,2,5,36,0,43,4,7,47,0,58,32,0,32,90
07/20/2014,MHR,CA,AWP,WE,Federal Contract Tower,0,1,1,10,12,1,1,39,6,47,1,2,40,16,59,4,10,14,73
07/21/2014,MHR,CA,AWP,WE,Federal Contract Tower,3,17,17,3,40,3,27,72,5,107,6,44,89,8,147,12,8,20,167
07/22/2014,MHR,CA,AWP,WE,Federal Contract Tower,10,16,32,26,84,11,26,117,45,199,21,42,149,71,283,100,62,162,445
07/23/2014,MHR,CA,AWP,WE,Federal Contract Tower,12,23,21,45,101,12,33,82,60,187,24,56,103,105,288,38,112,150,438
07/24/2014,MHR,CA,AWP,WE,Federal Contract Tower,9,19,9,27,64,9,31,57,35,132,18,50,66,62,196,14,68,82,278
07/25/2014,MHR,CA,AWP,WE,Federal Contract Tower,6,21,9,16,52,6,31,74,23,134,12,52,83,39,186,36,68,104,290
07/26/2014,MHR,CA,AWP,WE,Federal Contract Tower,1,0,12,0,13,1,0,60,4,65,2,0,72,4,78,8,0,8,86
07/27/2014,MHR,CA,AWP,WE,Federal Contract Tower,0,0,10,3,13,0,0,43,4,47,0,0,53,7,60,14,0,14,74
07/28/2014,MHR,CA,AWP,WE,Federal Contract Tower,3,16,21,19,59,3,22,85,33,143,6,38,106,52,202,4,78,82,284
07/29/2014,MHR,CA,AWP,WE,Federal Contract Tower,10,17,29,42,98,10,24,93,59,186,20,41,122,101,284,18,132,150,434
07/30/2014,MHR,CA,AWP,WE,Federal Contract Tower,14,23,26,29,92,14,32,98,44,188,28,55,124,73,280,42,68,110,390
07/31/2014,MHR,CA,AWP,WE,Federal Contract Tower,10,17,17,18,62,10,24,62,35,131,20,41,79,53,193,4,96,100,293
08/01/2014,MHR,CA,AWP,WE,Federal Contract Tower,7,20,20,29,76,7,29,86,53,175,14,49,106,82,251,10,142,152,403
08/02/2014,MHR,CA,AWP,WE,Federal Contract Tower,1,1,15,0,17,1,4,42,18,65,2,5,57,18,82,32,0,32,114
08/03/2014,MHR,CA,AWP,WE,Federal Contract Tower,0,3,17,3,23,0,5,49,7,61,0,8,66,10,84,48,0,48,132
08/04/2014,MHR,CA,AWP,WE,Federal Contract Tower,3,18,29,39,89,3,25,80,53,161,6,43,109,92,250,14,106,120,370
08/05/2014,MHR,CA,AWP,WE,Federal Contract Tower,11,14,20,22,67,10,30,62,32,134,21,44,82,54,201,0,32,32,233
08/06/2014,MHR,CA,AWP,WE,Federal Contract Tower,11,20,31,15,77,10,28,94,25,157,21,48,125,40,234,38,47,85,319
08/07/2014,MHR,CA,AWP,WE,Federal Contract Tower,9,16,34,15,74,9,28,101,26,164,18,44,135,41,238,6,38,44,282
08/08/2014,MHR,CA,AWP,WE,Federal Contract Tower,6,16,19,17,58,6,25,78,28,137,12,41,97,45,195,12,96,108,303
08/09/2014,MHR,CA,AWP,WE,Federal Contract Tower,1,2,16,3,22,1,5,50,14,70,2,7,66,17,92,16,0,16,108
08/10/2014,MHR,CA,AWP,WE,Federal Contract Tower,0,2,26,6,34,0,2,75,15,92,0,4,101,21,126,0,0,0,126
08/11/2014,MHR,CA,AWP,WE,Federal Contract Tower,3,19,23,32,77,3,25,81,48,157,6,44,104,80,234,30,91,121,355
08/12/2014,MHR,CA,AWP,WE,Federal Contract Tower,12,12,30,44,98,13,23,90,71,197,25,35,120,115,295,26,136,162,457
08/13/2014,MHR,CA,AWP,WE,Federal Contract Tower,11,23,42,18,94,11,35,79,26,151,22,58,121,44,245,16,66,82,327
08/14/2014,MHR,CA,AWP,WE,Federal Contract Tower,8,20,32,24,84,8,33,90,37,168,16,53,122,61,252,70,62,132,384
08/15/2014,MHR,CA,AWP,WE,Federal Contract Tower,6,13,14,12,45,6,23,62,24,115,12,36,76,36,160,46,108,154,314
08/16/2014,MHR,CA,AWP,WE,Federal Contract Tower,1,4,7,1,13,1,7,34,6,48,2,11,41,7,61,40,0,40,101
08/17/2014,MHR,CA,AWP,WE,Federal Contract Tower,0,4,11,2,17,0,4,71,2,77,0,8,82,4,94,88,0,88,182
08/18/2014,MHR,CA,AWP,WE,Federal Contract Tower,3,22,36,20,81,3,31,120,35,189,6,53,156,55,270,38,92,130,400
08/19/2014,MHR,CA,AWP,WE,Federal Contract Tower,9,23,47,49,128,9,24,81,55,169,18,47,128,104,297,8,124,132,429
08/20/2014,MHR,CA,AWP,WE,Federal Contract Tower,10,23,46,48,127,10,28,102,56,196,20,51,148,104,323,38,80,118,441
08/21/2014,MHR,CA,AWP,WE,Federal Contract Tower,9,19,38,21,87,9,30,77,35,151,18,49,115,56,238,38,94,132,370
08/22/2014,MHR,CA,AWP,WE,Federal Contract Tower,5,20,34,10,69,5,29,105,17,156,10,49,139,27,225,66,44,110,335
08/23/2014,MHR,CA,AWP,WE,Federal Contract Tower,1,0,21,0,22,1,3,79,0,83,2,3,100,0,105,24,0,24,129
08/24/2014,MHR,CA,AWP,WE,Federal Contract Tower,0,2,12,0,14,0,2,64,4,70,0,4,76,4,84,18,0,18,102
08/25/2014,MHR,CA,AWP,WE,Federal Contract Tower,3,21,46,39,109,3,24,104,46,177,6,45,150,85,286,10,80,90,376
08/26/2014,MHR,CA,AWP,WE,Federal Contract Tower,11,19,28,23,81,11,28,95,39,173,22,47,123,62,254,18,94,112,366
08/27/2014,MHR,CA,AWP,WE,Federal Contract Tower,13,17,33,40,103,13,27,88,63,191,26,44,121,103,294,30,96,126,420
08/28/2014,MHR,CA,AWP,WE,Federal Contract Tower,11,13,21,16,61,11,22,71,27,131,22,35,92,43,192,10,30,40,232
08/29/2014,MHR,CA,AWP,WE,Federal Contract Tower,6,8,32,2,48,6,19,110,7,142,12,27,142,9,190,40,0,40,230
08/30/2014,MHR,CA,AWP,WE,Federal Contract Tower,1,0,10,0,11,1,5,36,0,42,2,5,46,0,53,12,0,12,65
08/31/2014,MHR,CA,AWP,WE,Federal Contract Tower,0,0,3,0,3,0,0,46,1,47,0,0,49,1,50,32,0,32,82
09/01/2014,MHR,CA,AWP,WE,Federal Contract Tower,0,2,20,0,22,0,4,61,0,65,0,6,81,0,87,14,0,14,101
09/02/2014,MHR,CA,AWP,WE,Federal Contract Tower,4,14,40,28,86,4,21,100,35,160,8,35,140,63,246,102,70,172,418
09/03/2014,MHR,CA,AWP,WE,Federal Contract Tower,12,15,26,7,60,12,28,89,9,138,24,43,115,16,198,60,28,88,286
09/04/2014,MHR,CA,AWP,WE,Federal Contract Tower,11,17,29,7,64,11,26,119,26,182,22,43,148,33,246,36,22,58,304
09/05/2014,MHR,CA,AWP,WE,Federal Contract Tower,6,18,9,0,33,6,27,200,19,252,12,45,209,19,285,18,0,18,303
09/06/2014,MHR,CA,AWP,WE,Federal Contract Tower,1,0,0,0,1,1,3,162,1,167,2,3,162,1,168,4,0,4,172
09/07/2014,MHR,CA,AWP,WE,Federal Contract Tower,0,0,4,2,6,0,0,265,63,328,0,0,269,65,334,92,44,136,470
09/08/2014,MHR,CA,AWP,WE,Federal Contract Tower,3,24,24,3,54,3,26,128,3,160,6,50,152,6,214,8,0,8,222
09/09/2014,MHR,CA,AWP,WE,Federal Contract Tower,11,18,42,6,77,10,23,112,15,160,21,41,154,21,237,14,34,48,285
09/10/2014,MHR,CA,AWP,WE,Federal Contract Tower,10,22,33,27,92,10,25,110,40,185,20,47,143,67,277,32,40,72,349
09/11/2014,MHR,CA,AWP,WE,Federal Contract Tower,10,21,42,20,93,10,32,89,32,163,20,53,131,52,256,24,38,62,318
09/12/2014,MHR,CA,AWP,WE,Federal Contract Tower,5,15,22,22,64,5,26,74,27,132,10,41,96,49,196,22,36,58,254
09/13/2014,MHR,CA,AWP,WE,Federal Contract Tower,1,3,22,2,28,1,6,68,2,77,2,9,90,4,105,10,0,10,115
09/14/2014,MHR,CA,AWP,WE,Federal Contract Tower,0,7,32,1,40,0,7,86,1,94,0,14,118,2,134,0,0,0,134
09/15/2014,MHR,CA,AWP,WE,Federal Contract Tower,3,23,41,31,98,3,35,109,53,200,6,58,150,84,298,42,98,140,438
09/16/2014,MHR,CA,AWP,WE,Federal Contract Tower,11,14,53,26,104,10,20,136,41,207,21,34,189,67,311,24,84,108,419
09/17/2014,MHR,CA,AWP,WE,Federal Contract Tower,10,19,39,21,89,10,30,82,32,154,20,49,121,53,243,32,32,64,307
09/18/2014,MHR,CA,AWP,WE,Federal Contract Tower,10,18,58,18,104,10,28,94,24,156,20,46,152,42,260,26,48,74,334
09/19/2014,MHR,CA,AWP,WE,Federal Contract Tower,5,26,36,8,75,5,31,112,11,159,10,57,148,19,234,30,44,74,308
09/20/2014,MHR,CA,AWP,WE,Federal Contract Tower,1,3,18,4,26,1,6,65,7,79,2,9,83,11,105,36,0,36,141
09/21/2014,MHR,CA,AWP,WE,Federal Contract Tower,0,1,13,3,17,0,1,59,3,63,0,2,72,6,80,18,0,18,98
09/22/2014,MHR,CA,AWP,WE,Federal Contract Tower,4,16,25,12,57,4,28,79,15,126,8,44,104,27,183,4,12,16,199
09/23/2014,MHR,CA,AWP,WE,Federal Contract Tower,10,16,52,40,118,11,19,103,54,187,21,35,155,94,305,34,132,166,471
09/24/2014,MHR,CA,AWP,WE,Federal Contract Tower,10,20,62,25,117,10,31,108,31,180,20,51,170,56,297,64,78,142,439
09/25/2014,MHR,CA,AWP,WE,Federal Contract Tower,9,18,47,18,92,9,24,72,29,134,18,42,119,47,226,14,12,26,252
09/26/2014,MHR,CA,AWP,WE,Federal Contract Tower,6,18,57,8,89,6,29,86,8,129,12,47,143,16,218,24,4,28,246
09/27/2014,MHR,CA,AWP,WE,Federal Contract Tower,1,6,32,3,42,1,13,84,6,104,2,19,116,9,146,34,0,34,180
09/28/2014,MHR,CA,AWP,WE,Federal Contract Tower,0,3,41,0,44,0,3,79,0,82,0,6,120,0,126,14,0,14,140
09/29/2014,MHR,CA,AWP,WE,Federal Contract Tower,5,15,48,3,71,5,18,108,2,133,10,33,156,5,204,6,0,6,210
09/30/2014,MHR,CA,AWP,WE,Federal Contract Tower,10,19,46,2,77,10,26,96,9,141,20,45,142,11,218,26,0,26,244
10/01/2014,MHR,CA,AWP,WE,Federal Contract Tower,13,20,34,9,76,13,34,81,18,146,26,54,115,27,222,24,14,38,260
10/02/2014,MHR,CA,AWP,WE,Federal Contract Tower,9,21,38,15,83,9,31,81,26,147,18,52,119,41,230,8,18,26,256
10/03/2014,MHR,CA,AWP,WE,Federal Contract Tower,5,21,34,7,67,5,29,109,6,149,10,50,143,13,216,0,4,4,220
10/04/2014,MHR,CA,AWP,WE,Federal Contract Tower,1,2,17,1,21,1,9,78,1,89,2,11,95,2,110,22,0,22,132
10/05/2014,MHR,CA,AWP,WE,Federal Contract Tower,0,1,24,1,26,0,2,87,1,90,0,3,111,2,116,4,0,4,120
10/06/2014,MHR,CA,AWP,WE,Federal Contract Tower,3,17,38,20,78,3,22,117,33,175,6,39,155,53,253,60,94,154,407
10/07/2014,MHR,CA,AWP,WE,Federal Contract Tower,12,13,52,31,108,12,22,111,52,197,24,35,163,83,305,70,130,200,505
10/08/2014,MHR,CA,AWP,WE,Federal Contract Tower,7,19,41,27,94,7,30,141,44,222,14,49,182,71,316,46,138,184,500
10/09/2014,MHR,CA,AWP,WE,Federal Contract Tower,11,28,42,15,96,11,33,83,18,145,22,61,125,33,241,14,58,72,313
10/10/2014,MHR,CA,AWP,WE,Federal Contract Tower,6,18,34,14,72,6,31,104,18,159,12,49,138,32,231,6,10,16,247
10/11/2014,MHR,CA,AWP,WE,Federal Contract Tower,1,8,30,0,39,1,12,59,0,72,2,20,89,0,111,28,0,28,139
10/12/2014,MHR,CA,AWP,WE,Federal Contract Tower,0,2,12,0,14,0,2,59,0,61,0,4,71,0,75,2,0,2,77
10/13/2014,MHR,CA,AWP,WE,Federal Contract Tower,2,17,42,0,61,2,21,109,0,132,4,38,151,0,193,14,0,14,207
10/14/2014,MHR,CA,AWP,WE,Federal Contract Tower,11,13,24,19,67,11,22,76,28,137,22,35,100,47,204,12,0,12,216
10/15/2014,MHR,CA,AWP,WE,Federal Contract Tower,11,21,33,21,86,11,26,58,29,124,22,47,91,50,210,6,100,106,316
10/16/2014,MHR,CA,AWP,WE,Federal Contract Tower,9,11,39,41,100,9,19,76,49,153,18,30,115,90,253,28,82,110,363
10/17/2014,MHR,CA,AWP,WE,Federal Contract Tower,6,20,28,18,72,6,30,67,24,127,12,50,95,42,199,31,52,83,282
10/18/2014,MHR,CA,AWP,WE,Federal Contract Tower,1,4,16,0,21,1,8,43,3,55,2,12,59,3,76,22,4,26,102
10/19/2014,MHR,CA,AWP,WE,Federal Contract Tower,0,1,14,1,16,0,1,69,5,75,0,2,83,6,91,4,6,10,101
10/20/2014,MHR,CA,AWP,WE,Federal Contract Tower,3,19,32,21,75,14,24,72,27,137,17,43,104,48,212,18,30,48,260
10/21/2014,MHR,CA,AWP,WE,Federal Contract Tower,11,14,20,28,73,11,21,72,38,142,22,35,92,66,215,6,122,128,343
10/22/2014,MHR,CA,AWP,WE,Federal Contract Tower,13,18,50,17,98,13,28,109,26,176,26,46,159,43,274,36,70,106,380
10/23/2014,MHR,CA,AWP,WE,Federal Contract Tower,10,12,40,13,75,10,25,82,16,133,20,37,122,29,208,8,46,54,262
10/24/2014,MHR,CA,AWP,WE,Federal Contract Tower,6,24,36,10,76,6,30,100,14,150,12,54,136,24,226,22,62,84,310
10/25/2014,MHR,CA,AWP,WE,Federal Contract Tower,1,7,9,0,17,1,9,34,0,44,2,16,43,0,61,8,0,8,69
10/26/2014,MHR,CA,AWP,WE,Federal Contract Tower,0,0,20,0,20,0,0,74,2,76,0,0,94,2,96,8,0,8,104
10/27/2014,MHR,CA,AWP,WE,Federal Contract Tower,3,15,26,22,66,2,24,113,25,164,5,39,139,47,230,50,114,164,394
10/28/2014,MHR,CA,AWP,WE,Federal Contract Tower,10,16,22,26,74,10,24,87,35,156,20,40,109,61,230,88,128,216,446
10/29/2014,MHR,CA,AWP,WE,Federal Contract Tower,14,11,34,36,95,14,20,111,48,193,28,31,145,84,288,122,152,274,562
10/30/2014,MHR,CA,AWP,WE,Federal Contract Tower,10,15,49,14,88,10,23,95,18,146,20,38,144,32,234,63,50,113,347
10/31/2014,MHR,CA,AWP,WE,Federal Contract Tower,7,26,43,42,118,7,37,59,42,145,14,63,102,84,263,34,42,76,339
11/01/2014,MHR,CA,AWP,WE,Federal Contract Tower,1,6,11,0,18,1,11,27,1,40,2,17,38,1,58,0,0,0,58
11/02/2014,MHR,CA,AWP,WE,Federal Contract Tower,0,0,24,0,24,0,0,65,4,69,0,0,89,4,93,20,0,20,113
11/03/2014,MHR,CA,AWP,WE,Federal Contract Tower,3,18,21,35,77,3,23,101,50,177,6,41,122,85,254,60,104,164,418
11/04/2014,MHR,CA,AWP,WE,Federal Contract Tower,11,15,22,50,98,12,25,94,74,205,23,40,116,124,303,64,136,200,503
11/05/2014,MHR,CA,AWP,WE,Federal Contract Tower,13,13,34,13,73,13,24,84,16,137,26,37,118,29,210,14,38,52,262
11/06/2014,MHR,CA,AWP,WE,Federal Contract Tower,10,17,31,32,90,10,27,84,43,164,20,44,115,75,254,24,112,136,390
11/07/2014,MHR,CA,AWP,WE,Federal Contract Tower,7,18,41,19,85,7,26,95,19,147,14,44,136,38,232,28,38,66,298
11/08/2014,MHR,CA,AWP,WE,Federal Contract Tower,3,3,10,0,16,3,9,46,0,58,6,12,56,0,74,10,0,10,84
11/09/2014,MHR,CA,AWP,WE,Federal Contract Tower,0,2,20,5,27,0,2,63,9,74,0,4,83,14,101,34,10,44,145
11/10/2014,MHR,CA,AWP,WE,Federal Contract Tower,3,23,36,18,80,3,28,129,28,188,6,51,165,46,268,90,76,166,434
11/11/2014,MHR,CA,AWP,WE,Federal Contract Tower,11,26,37,0,74,11,35,88,4,138,22,61,125,4,212,114,0,114,326
11/12/2014,MHR,CA,AWP,WE,Federal Contract Tower,11,19,42,48,120,11,27,91,59,188,22,46,133,107,308,32,164,196,504
11/13/2014,MHR,CA,AWP,WE,Federal Contract Tower,10,26,36,25,97,10,26,37,25,98,20,52,73,50,195,10,0,10,205
11/14/2014,MHR,CA,AWP,WE,Federal Contract Tower,2,21,40,5,68,2,27,74,5,108,4,48,114,10,176,38,8,46,222
11/15/2014,MHR,CA,AWP,WE,Federal Contract Tower,1,9,12,5,27,1,9,35,9,54,2,18,47,14,81,30,14,44,125
11/16/2014,MHR,CA,AWP,WE,Federal Contract Tower,0,6,35,0,41,0,6,56,3,65,0,12,91,3,106,2,6,8,114
11/17/2014,MHR,CA,AWP,WE,Federal Contract Tower,3,18,30,14,65,3,24,103,18,148,6,42,133,32,213,72,48,120,333
11/18/2014,MHR,CA,AWP,WE,Federal Contract Tower,12,17,64,56,149,12,25,130,70,237,24,42,194,126,386,86,118,204,590
11/19/2014,MHR,CA,AWP,WE,Federal Contract Tower,12,22,33,74,141,12,22,50,86,170,24,44,83,160,311,28,92,120,431
11/20/2014,MHR,CA,AWP,WE,Federal Contract Tower,11,28,65,9,113,11,28,72,10,121,22,56,137,19,234,8,2,10,244
11/21/2014,MHR,CA,AWP,WE,Federal Contract Tower,6,19,23,7,55,6,22,33,7,68,12,41,56,14,123,0,14,14,137
11/22/2014,MHR,CA,AWP,WE,Federal Contract Tower,1,8,8,8,25,1,6,8,6,21,2,14,16,14,46,0,0,0,46
11/23/2014,MHR,CA,AWP,WE,Federal Contract Tower,0,1,31,6,38,0,1,60,6,67,0,2,91,12,105,22,0,22,127
11/24/2014,MHR,CA,AWP,WE,Federal Contract Tower,4,9,44,23,80,4,17,124,39,184,8,26,168,62,264,142,56,198,462
11/25/2014,MHR,CA,AWP,WE,Federal Contract Tower,11,9,35,30,85,11,16,103,49,179,22,25,138,79,264,42,110,152,416
11/26/2014,MHR,CA,AWP,WE,Federal Contract Tower,9,17,32,5,63,9,25,91,6,131,18,42,123,11,194,28,20,48,242
11/27/2014,MHR,CA,AWP,WE,Federal Contract Tower,0,4,15,0,19,0,4,35,0,39,0,8,50,0,58,0,0,0,58
11/28/2014,MHR,CA,AWP,WE,Federal Contract Tower,4,11,8,0,23,4,18,41,0,63,8,29,49,0,86,6,0,6,92
11/29/2014,MHR,CA,AWP,WE,Federal Contract Tower,2,14,9,0,25,2,14,14,0,30,4,28,23,0,55,6,0,6,61
11/30/2014,MHR,CA,AWP,WE,Federal Contract Tower,0,6,17,0,23,0,6,20,0,26,0,12,37,0,49,8,0,8,57
12/01/2014,MHR,CA,AWP,WE,Federal Contract Tower,5,20,40,16,81,5,22,69,28,124,10,42,109,44,205,32,102,134,339
12/02/2014,MHR,CA,AWP,WE,Federal Contract Tower,12,28,19,48,107,12,29,25,49,115,24,57,44,97,222,0,58,58,280
12/03/2014,MHR,CA,AWP,WE,Federal Contract Tower,12,25,15,0,52,12,26,17,18,73,24,51,32,18,125,0,0,0,125
12/04/2014,MHR,CA,AWP,WE,Federal Contract Tower,14,15,42,20,91,14,21,67,21,123,28,36,109,41,214,30,22,52,266
12/05/2014,MHR,CA,AWP,WE,Federal Contract Tower,6,19,51,21,97,6,24,82,26,138,12,43,133,47,235,24,25,49,284
12/06/2014,MHR,CA,AWP,WE,Federal Contract Tower,1,6,11,2,20,1,5,35,4,45,2,11,46,6,65,16,2,18,83
12/07/2014,MHR,CA,AWP,WE,Federal Contract Tower,0,1,18,5,24,0,1,39,4,44,0,2,57,9,68,8,6,14,82
12/08/2014,MHR,CA,AWP,WE,Federal Contract Tower,6,19,23,29,77,6,25,72,42,145,12,44,95,71,222,28,92,120,342
12/09/2014,MHR,CA,AWP,WE,Federal Contract Tower,13,24,43,52,132,13,33,107,57,210,26,57,150,109,342,36,114,150,492
12/10/2014,MHR,CA,AWP,WE,Federal Contract Tower,16,31,28,6,81,16,32,32,6,86,32,63,60,12,167,8,24,32,199
12/11/2014,MHR,CA,AWP,WE,Federal Contract Tower,17,11,0,0,28,17,15,6,0,38,34,26,6,0,66,0,0,0,66
12/12/2014,MHR,CA,AWP,WE,Federal Contract Tower,7,24,15,3,49,7,30,28,16,81,14,54,43,19,130,26,8,34,164
12/13/2014,MHR,CA,AWP,WE,Federal Contract Tower,1,10,18,0,29,1,14,36,0,51,2,24,54,0,80,2,0,2,82
12/14/2014,MHR,CA,AWP,WE,Federal Contract Tower,22,6,48,5,81,22,7,77,6,112,44,13,125,11,193,30,0,30,223
12/15/2014,MHR,CA,AWP,WE,Federal Contract Tower,5,26,26,31,88,5,29,47,23,104,10,55,73,54,192,6,8,14,206
12/16/2014,MHR,CA,AWP,WE,Federal Contract Tower,30,24,51,28,133,30,37,74,42,183,60,61,125,70,316,12,74,86,402
12/17/2014,MHR,CA,AWP,WE,Federal Contract Tower,27,33,31,38,129,27,39,46,45,157,54,72,77,83,286,32,62,94,380
12/18/2014,MHR,CA,AWP,WE,Federal Contract Tower,32,28,37,25,122,32,41,77,35,185,64,69,114,60,307,32,92,124,431
12/19/2014,MHR,CA,AWP,WE,Federal Contract Tower,18,31,18,11,78,18,35,20,8,81,36,66,38,19,159,0,8,8,167
12/20/2014,MHR,CA,AWP,WE,Federal Contract Tower,10,18,20,0,48,10,18,30,1,59,20,36,50,1,107,20,0,20,127
12/21/2014,MHR,CA,AWP,WE,Federal Contract Tower,8,2,27,0,37,8,4,44,0,56,16,6,71,0,93,16,0,16,109
12/22/2014,MHR,CA,AWP,WE,Federal Contract Tower,15,18,39,8,80,14,23,55,13,105,29,41,94,21,185,4,0,4,189
12/23/2014,MHR,CA,AWP,WE,Federal Contract Tower,37,12,56,29,134,36,24,117,41,218,73,36,173,70,352,68,54,122,474
12/24/2014,MHR,CA,AWP,WE,Federal Contract Tower,14,31,17,0,62,14,35,20,0,69,28,66,37,0,131,0,0,0,131
12/25/2014,MHR,CA,AWP,WE,Federal Contract Tower,0,0,0,0,0,0,0,12,0,12,0,0,12,0,12,0,0,0,12
12/26/2014,MHR,CA,AWP,WE,Federal Contract Tower,5,11,41,0,57,5,23,77,4,109,10,34,118,4,166,16,0,16,182
12/27/2014,MHR,CA,AWP,WE,Federal Contract Tower,2,6,8,0,16,2,12,48,0,62,4,18,56,0,78,26,0,26,104
12/28/2014,MHR,CA,AWP,WE,Federal Contract Tower,3,0,13,25,41,3,6,61,0,70,6,6,74,25,111,14,0,14,125
12/29/2014,MHR,CA,AWP,WE,Federal Contract Tower,4,16,37,3,60,4,19,80,15,118,8,35,117,18,178,66,32,98,276
12/30/2014,MHR,CA,AWP,WE,Federal Contract Tower,11,10,9,1,31,11,24,26,10,71,22,34,35,11,102,0,30,30,132
12/31/2014,MHR,CA,AWP,WE,Federal Contract Tower,10,4,7,1,22,10,23,33,0,66,20,27,40,1,88,2,0,2,90
01/01/2015,MHR,CA,AWP,WE,Federal Contract Tower,0,0,13,0,13,0,0,36,0,36,0,0,49,0,49,0,0,0,49
01/02/2015,MHR,CA,AWP,WE,Federal Contract Tower,2,20,33,0,55,2,35,77,0,114,4,55,110,0,169,51,0,51,220
01/03/2015,MHR,CA,AWP,WE,Federal Contract Tower,1,4,6,3,14,1,9,38,3,51,2,13,44,6,65,50,8,58,123
01/04/2015,MHR,CA,AWP,WE,Federal Contract Tower,0,2,23,0,25,0,2,76,0,78,0,4,99,0,103,86,0,86,189
01/05/2015,MHR,CA,AWP,WE,Federal Contract Tower,6,21,23,0,50,6,30,90,2,128,12,51,113,2,178,74,0,74,252
01/06/2015,MHR,CA,AWP,WE,Federal Contract Tower,10,13,24,27,74,10,22,100,46,178,20,35,124,73,252,124,144,268,520
01/07/2015,MHR,CA,AWP,WE,Federal Contract Tower,8,20,22,25,75,8,27,67,35,137,16,47,89,60,212,22,56,78,290
01/08/2015,MHR,CA,AWP,WE,Federal Contract Tower,10,26,38,30,104,10,36,94,35,175,20,62,132,65,279,30,56,86,365
01/09/2015,MHR,CA,AWP,WE,Federal Contract Tower,5,20,13,16,54,5,27,65,23,120,10,47,78,39,174,18,42,60,234
01/10/2015,MHR,CA,AWP,WE,Federal Contract Tower,2,7,33,7,49,2,7,73,21,103,4,14,106,28,152,18,10,28,180
01/11/2015,MHR,CA,AWP,WE,Federal Contract Tower,0,0,19,9,28,0,0,47,12,59,0,0,66,21,87,36,0,36,123
01/12/2015,MHR,CA,AWP,WE,Federal Contract Tower,3,17,48,30,98,3,22,94,37,156,6,39,142,67,254,6,98,104,358
01/13/2015,MHR,CA,AWP,WE,Federal Contract Tower,8,16,33,7,64,7,23,65,13,108,15,39,98,20,172,18,32,50,222
01/14/2015,MHR,CA,AWP,WE,Federal Contract Tower,10,21,40,32,103,10,33,116,49,208,20,54,156,81,311,28,106,134,445
01/15/2015,MHR,CA,AWP,WE,Federal Contract Tower,7,18,78,5,108,7,21,98,17,143,14,39,176,22,251,54,50,104,355
01/16/2015,MHR,CA,AWP,WE,Federal Contract Tower,3,25,28,18,74,3,26,54,21,104,6,51,82,39,178,38,34,72,250
01/17/2015,MHR,CA,AWP,WE,Federal Contract Tower,1,6,22,0,29,1,6,22,0,29,2,12,44,0,58,0,0,0,58
01/18/2015,MHR,CA,AWP,WE,Federal Contract Tower,0,1,15,4,20,0,1,15,4,20,0,2,30,8,40,0,0,0,40
01/19/2015,MHR,CA,AWP,WE,Federal Contract Tower,3,27,25,0,55,3,27,26,0,56,6,54,51,0,111,0,0,0,111
01/20/2015,MHR,CA,AWP,WE,Federal Contract Tower,11,20,47,16,94,11,23,59,18,111,22,43,106,34,205,0,24,24,229
01/21/2015,MHR,CA,AWP,WE,Federal Contract Tower,10,16,39,16,81,10,24,76,26,136,20,40,115,42,217,48,32,80,297
01/22/2015,MHR,CA,AWP,WE,Federal Contract Tower,10,22,30,21,83,10,26,57,31,124,20,48,87,52,207,82,42,124,331
01/23/2015,MHR,CA,AWP,WE,Federal Contract Tower,2,25,39,7,73,2,27,70,9,108,4,52,109,16,181,70,26,96,277
01/24/2015,MHR,CA,AWP,WE,Federal Contract Tower,0,8,43,3,54,0,8,54,3,65,0,16,97,6,119,14,0,14,133
01/25/2015,MHR,CA,AWP,WE,Federal Contract Tower,0,2,40,2,44,0,2,94,2,98,0,4,134,4,142,92,0,92,234
01/26/2015,MHR,CA,AWP,WE,Federal Contract Tower,3,15,24,24,66,3,21,101,30,155,6,36,125,54,221,156,96,252,473
01/27/2015,MHR,CA,AWP,WE,Federal Contract Tower,10,17,27,44,98,10,23,102,52,187,20,40,129,96,285,228,188,416,701
01/28/2015,MHR,CA,AWP,WE,Federal Contract Tower,8,19,35,5,67,8,25,83,11,127,16,44,118,16,194,40,46,86,280
01/29/2015,MHR,CA,AWP,WE,Federal Contract Tower,10,21,46,13,90,10,30,92,22,154,20,51,138,35,244,162,56,218,462
01/30/2015,MHR,CA,AWP,WE,Federal Contract Tower,5,14,25,24,68,5,22,84,39,150,10,36,109,63,218,178,94,272,490
01/31/2015,MHR,CA,AWP,WE,Federal Contract Tower,1,2,42,0,45,1,4,77,1,83,2,6,119,1,128,24,0,24,152
02/01/2015,MHR,CA,AWP,WE,Federal Contract Tower,0,2,15,0,17,0,2,34,0,36,0,4,49,0,53,20,0,20,73
02/02/2015,MHR,CA,AWP,WE,Federal Contract Tower,3,20,23,19,65,3,25,81,36,145,6,45,104,55,210,162,116,278,488
02/03/2015,MHR,CA,AWP,WE,Federal Contract Tower,11,15,40,19,85,11,22,110,32,175,22,37,150,51,260,170,96,266,526
02/04/2015,MHR,CA,AWP,WE,Federal Contract Tower,11,18,22,36,87,11,32,80,49,172,22,50,102,85,259,86,146,232,491
02/05/2015,MHR,CA,AWP,WE,Federal Contract Tower,11,22,43,29,105,11,32,103,33,179,22,54,146,62,284,120,110,230,514
02/06/2015,MHR,CA,AWP,WE,Federal Contract Tower,5,21,9,0,35,5,25,12,8,50,10,46,21,8,85,0,0,0,85
02/07/2015,MHR,CA,AWP,WE,Federal Contract Tower,1,8,11,6,26,1,9,22,28,60,2,17,33,34,86,24,0,24,110
02/08/2015,MHR,CA,AWP,WE,Federal Contract Tower,0,4,12,10,26,0,4,15,10,29,0,8,27,20,55,0,0,0,55
02/09/2015,MHR,CA,AWP,WE,Federal Contract Tower,2,18,18,20,58,2,23,48,33,106,4,41,66,53,164,46,76,122,286
02/10/2015,MHR,CA,AWP,WE,Federal Contract Tower,12,18,40,11,81,10,28,96,22,156,22,46,136,33,237,162,76,238,475
02/11/2015,MHR,CA,AWP,WE,Federal Contract Tower,12,24,14,16,66,12,32,77,27,148,24,56,91,43,214,74,78,152,366
02/12/2015,MHR,CA,AWP,WE,Federal Contract Tower,13,21,26,17,77,13,35,88,37,173,26,56,114,54,250,100,88,188,438
02/13/2015,MHR,CA,AWP,WE,Federal Contract Tower,12,9,31,21,73,12,19,112,22,165,24,28,143,43,238,158,85,243,481
02/14/2015,MHR,CA,AWP,WE,Federal Contract Tower,3,1,10,0,14,3,4,63,0,70,6,5,73,0,84,86,0,86,170
02/15/2015,MHR,CA,AWP,WE,Federal Contract Tower,0,0,23,0,23,0,0,58,0,58,0,0,81,0,81,32,0,32,113
02/16/2015,MHR,CA,AWP,WE,Federal Contract Tower,3,4,18,0,25,3,12,68,0,83,6,16,86,0,108,22,0,22,130
02/17/2015,MHR,CA,AWP,WE,Federal Contract Tower,9,24,29,8,70,9,25,79,13,126,18,49,108,21,196,112,28,140,336
02/18/2015,MHR,CA,AWP,WE,Federal Contract Tower,10,28,33,13,84,10,33,47,20,110,20,61,80,33,194,84,39,123,317
02/19/2015,MHR,CA,AWP,WE,Federal Contract Tower,7,21,42,4,74,7,22,44,4,77,14,43,86,8,151,0,0,0,151
02/20/2015,MHR,CA,AWP,WE,Federal Contract Tower,7,26,29,9,71,7,31,78,9,125,14,57,107,18,196,34,0,34,230
02/21/2015,MHR,CA,AWP,WE,Federal Contract Tower,1,7,27,4,39,1,8,32,4,45,2,15,59,8,84,0,0,0,84
02/22/2015,MHR,CA,AWP,WE,Federal Contract Tower,0,5,26,0,31,0,5,60,0,65,0,10,86,0,96,14,0,14,110
02/23/2015,MHR,CA,AWP,WE,Federal Contract Tower,2,21,23,3,49,2,28,71,5,106,4,49,94,8,155,44,10,54,209
02/24/2015,MHR,CA,AWP,WE,Federal Contract Tower,12,14,29,29,84,12,24,102,51,189,24,38,131,80,273,84,145,229,502
02/25/2015,MHR,CA,AWP,WE,Federal Contract Tower,10,13,28,19,70,10,24,97,33,164,20,37,125,52,234,126,72,198,432
02/26/2015,MHR,CA,AWP,WE,Federal Contract Tower,8,17,26,5,56,7,24,95,10,136,15,41,121,15,192,134,44,178,370
02/27/2015,MHR,CA,AWP,WE,Federal Contract Tower,7,27,12,9,55,7,41,79,13,140,14,68,91,22,195,118,52,170,365
02/28/2015,MHR,CA,AWP,WE,Federal Contract Tower,1,5,12,0,18,1,7,36,0,44,2,12,48,0,62,38,0,38,100
03/01/2015,MHR,CA,AWP,WE,Federal Contract Tower,18,7,25,0,50,18,7,81,0,106,36,14,106,0,156,42,0,42,198
03/02/2015,MHR,CA,AWP,WE,Federal Contract Tower,3,20,18,32,73,3,28,81,36,148,6,48,99,68,221,104,104,208,429
03/03/2015,MHR,CA,AWP,WE,Federal Contract Tower,12,16,26,9,63,12,27,89,16,144,24,43,115,25,207,44,46,90,297
03/04/2015,MHR,CA,AWP,WE,Federal Contract Tower,9,14,14,24,61,9,24,87,34,154,18,38,101,58,215,96,74,170,385
03/05/2015,MHR,CA,AWP,WE,Federal Contract Tower,8,13,42,10,73,8,25,109,29,171,16,38,151,39,244,42,52,94,338
03/06/2015,MHR,CA,AWP,WE,Federal Contract Tower,6,21,20,6,53,6,31,101,14,152,12,52,121,20,205,78,44,122,327
03/07/2015,MHR,CA,AWP,WE,Federal Contract Tower,1,2,20,1,24,1,9,55,1,66,2,11,75,2,90,12,0,12,102
03/08/2015,MHR,CA,AWP,WE,Federal Contract Tower,0,0,18,4,22,0,0,56,4,60,0,0,74,8,82,28,0,28,110
03/09/2015,MHR,CA,AWP,WE,Federal Contract Tower,5,21,16,0,42,5,28,93,0,126,10,49,109,0,168,6,0,6,174
03/10/2015,MHR,CA,AWP,WE,Federal Contract Tower,14,19,37,29,99,14,31,98,41,184,28,50,135,70,283,75,68,143,426
03/11/2015,MHR,CA,AWP,WE,Federal Contract Tower,14,21,26,18,79,14,22,73,24,133,28,43,99,42,212,54,62,116,328
03/12/2015,MHR,CA,AWP,WE,Federal Contract Tower,9,16,37,24,86,9,28,108,35,180,18,44,145,59,266,54,76,130,396
03/13/2015,MHR,CA,AWP,WE,Federal Contract Tower,6,26,23,4,59,6,37,92,15,150,12,63,115,19,209,72,20,92,301
03/14/2015,MHR,CA,AWP,WE,Federal Contract Tower,1,5,15,2,23,1,12,68,6,87,2,17,83,8,110,48,4,52,162
03/15/2015,MHR,CA,AWP,WE,Federal Contract Tower,0,0,12,2,14,0,0,52,5,57,0,0,64,7,71,16,0,16,87
03/16/2015,MHR,CA,AWP,WE,Federal Contract Tower,3,17,16,8,44,3,23,97,15,138,6,40,113,23,182,80,6,86,268
03/17/2015,MHR,CA,AWP,WE,Federal Contract Tower,13,16,24,36,89,13,24,95,54,186,26,40,119,90,275,24,78,102,377
03/18/2015,MHR,CA,AWP,WE,Federal Contract Tower,10,21,22,15,68,10,32,129,21,192,20,53,151,36,260,162,86,248,508
03/19/2015,MHR,CA,AWP,WE,Federal Contract Tower,11,18,20,14,63,11,30,68,19,128,22,48,88,33,191,40,32,72,263
03/20/2015,MHR,CA,AWP,WE,Federal Contract Tower,6,14,31,19,70,6,26,86,22,140,12,40,117,41,210,50,32,82,292
03/21/2015,MHR,CA,AWP,WE,Federal Contract Tower,1,0,21,0,22,1,4,47,2,54,2,4,68,2,76,0,0,0,76
03/22/2015,MHR,CA,AWP,WE,Federal Contract Tower,0,1,23,1,25,0,1,59,1,61,0,2,82,2,86,26,0,26,112
03/23/2015,MHR,CA,AWP,WE,Federal Contract Tower,3,18,23,7,51,3,24,71,11,109,6,42,94,18,160,64,44,108,268
03/24/2015,MHR,CA,AWP,WE,Federal Contract Tower,12,14,25,22,73,12,23,68,32,135,24,37,93,54,208,82,90,172,380
03/25/2015,MHR,CA,AWP,WE,Federal Contract Tower,11,24,30,12,77,11,30,77,24,142,22,54,107,36,219,30,68,98,317
03/26/2015,MHR,CA,AWP,WE,Federal Contract Tower,11,27,33,8,79,11,37,61,20,129,22,64,94,28,208,42,84,126,334
03/27/2015,MHR,CA,AWP,WE,Federal Contract Tower,6,24,28,8,66,6,33,66,19,124,12,57,94,27,190,22,14,36,226
03/28/2015,MHR,CA,AWP,WE,Federal Contract Tower,1,1,21,0,23,1,5,72,0,78,2,6,93,0,101,72,0,72,173
03/29/2015,MHR,CA,AWP,WE,Federal Contract Tower,0,0,37,1,38,0,0,83,1,84,0,0,120,2,122,74,0,74,196
03/30/2015,MHR,CA,AWP,WE,Federal Contract Tower,3,16,25,24,68,3,24,81,28,136,6,40,106,52,204,88,88,176,380
03/31/2015,MHR,CA,AWP,WE,Federal Contract Tower,12,12,19,14,57,12,21,73,26,132,24,33,92,40,189,44,84,128,317
04/01/2015,MHR,CA,AWP,WE,Federal Contract Tower,10,13,22,30,75,10,23,89,40,162,20,36,111,70,237,48,78,126,363
04/02/2015,MHR,CA,AWP,WE,Federal Contract Tower,12,14,24,11,61,12,25,63,34,134,24,39,87,45,195,16,44,60,255
04/03/2015,MHR,CA,AWP,WE,Federal Contract Tower,8,17,16,5,46,8,30,78,10,126,16,47,94,15,172,24,32,56,228
04/04/2015,MHR,CA,AWP,WE,Federal Contract Tower,1,0,11,2,14,1,2,40,3,46,2,2,51,5,60,0,0,0,60
04/05/2015,MHR,CA,AWP,WE,Federal Contract Tower,0,0,5,0,5,0,0,15,0,15,0,0,20,0,20,0,0,0,20
04/06/2015,MHR,CA,AWP,WE,Federal Contract Tower,4,18,45,14,81,4,23,111,22,160,8,41,156,36,241,20,85,105,346
04/07/2015,MHR,CA,AWP,WE,Federal Contract Tower,13,17,11,0,41,13,24,22,1,60,26,41,33,1,101,0,0,0,101
04/08/2015,MHR,CA,AWP,WE,Federal Contract Tower,12,18,45,7,82,12,26,97,20,155,24,44,142,27,237,0,50,50,287
04/09/2015,MHR,CA,AWP,WE,Federal Contract Tower,8,17,19,14,58,8,28,75,23,134,16,45,94,37,192,32,78,110,302
04/10/2015,MHR,CA,AWP,WE,Federal Contract Tower,4,12,24,11,51,4,25,84,23,136,8,37,108,34,187,30,36,66,253
04/11/2015,MHR,CA,AWP,WE,Federal Contract Tower,1,5,6,2,14,1,9,88,18,116,2,14,94,20,130,102,20,122,252
04/12/2015,MHR,CA,AWP,WE,Federal Contract Tower,0,3,17,2,22,0,3,50,17,70,0,6,67,19,92,6,0,6,98
04/13/2015,MHR,CA,AWP,WE,Federal Contract Tower,3,15,18,6,42,3,25,74,7,109,6,40,92,13,151,18,38,56,207
04/14/2015,MHR,CA,AWP,WE,Federal Contract Tower,13,12,26,9,60,13,23,69,28,133,26,35,95,37,193,14,42,56,249
04/15/2015,MHR,CA,AWP,WE,Federal Contract Tower,10,11,11,5,37,10,22,57,17,106,20,33,68,22,143,8,6,14,157
04/16/2015,MHR,CA,AWP,WE,Federal Contract Tower,10,14,40,5,69,10,26,94,20,150,20,40,134,25,219,30,44,74,293
04/17/2015,MHR,CA,AWP,WE,Federal Contract Tower,6,14,30,5,55,6,25,106,7,144,12,39,136,12,199,64,34,98,297
04/18/2015,MHR,CA,AWP,WE,Federal Contract Tower,1,3,8,2,14,1,6,52,5,64,2,9,60,7,78,16,0,16,94
04/19/2015,MHR,CA,AWP,WE,Federal Contract Tower,0,0,19,2,21,0,0,68,2,70,0,0,87,4,91,28,0,28,119
04/20/2015,MHR,CA,AWP,WE,Federal Contract Tower,3,19,24,26,72,3,21,81,38,143,6,40,105,64,215,36,150,186,401
04/21/2015,MHR,CA,AWP,WE,Federal Contract Tower,9,18,42,25,94,9,23,78,40,150,18,41,120,65,244,44,50,94,338
04/22/2015,MHR,CA,AWP,WE,Federal Contract Tower,8,28,37,30,103,8,36,65,39,148,16,64,102,69,251,0,46,46,297
04/23/2015,MHR,CA,AWP,WE,Federal Contract Tower,8,12,30,16,66,8,25,80,25,138,16,37,110,41,204,0,52,52,256
04/24/2015,MHR,CA,AWP,WE,Federal Contract Tower,6,22,20,19,67,6,32,79,24,141,12,54,99,43,208,4,56,60,268
04/25/2015,MHR,CA,AWP,WE,Federal Contract Tower,1,6,10,0,17,1,7,25,0,33,2,13,35,0,50,6,0,6,56
04/26/2015,MHR,CA,AWP,WE,Federal Contract Tower,0,1,12,0,13,0,1,34,0,35,0,2,46,0,48,10,0,10,58
04/27/2015,MHR,CA,AWP,WE,Federal Contract Tower,3,14,18,28,63,3,24,109,41,177,6,38,127,69,240,44,114,158,398
04/28/2015,MHR,CA,AWP,WE,Federal Contract Tower,12,13,14,27,66,12,25,75,49,161,24,38,89,76,227,34,104,138,365
04/29/2015,MHR,CA,AWP,WE,Federal Contract Tower,12,17,22,21,72,12,24,67,36,139,24,41,89,57,211,14,62,76,287
04/30/2015,MHR,CA,AWP,WE,Federal Contract Tower,10,16,18,29,73,10,28,64,39,141,20,44,82,68,214,16,56,72,286
05/01/2015,MHR,CA,AWP,WE,Federal Contract Tower,6,14,37,3,60,6,24,88,24,142,12,38,125,27,202,2,26,28,230
05/02/2015,MHR,CA,AWP,WE,Federal Contract Tower,1,6,9,0,16,1,8,40,13,62,2,14,49,13,78,4,0,4,82
05/03/2015,MHR,CA,AWP,WE,Federal Contract Tower,0,2,20,0,22,0,2,72,2,76,0,4,92,2,98,14,0,14,112
05/04/2015,MHR,CA,AWP,WE,Federal Contract Tower,4,14,14,0,32,4,17,69,2,92,8,31,83,2,124,30,0,30,154
05/05/2015,MHR,CA,AWP,WE,Federal Contract Tower,13,16,13,27,69,13,24,77,44,158,26,40,90,71,227,6,100,106,333
05/06/2015,MHR,CA,AWP,WE,Federal Contract Tower,11,19,47,14,91,11,36,92,24,163,22,55,139,38,254,16,98,114,368
05/07/2015,MHR,CA,AWP,WE,Federal Contract Tower,9,16,30,16,71,9,31,71,18,129,18,47,101,34,200,16,30,46,246
05/08/2015,MHR,CA,AWP,WE,Federal Contract Tower,6,14,25,14,59,6,27,65,31,129,12,41,90,45,188,6,80,86,274
05/09/2015,MHR,CA,AWP,WE,Federal Contract Tower,1,12,18,2,33,1,28,50,2,81,2,40,68,4,114,30,0,30,144
05/10/2015,MHR,CA,AWP,WE,Federal Contract Tower,0,0,10,1,11,0,0,60,1,61,0,0,70,2,72,26,0,26,98
05/11/2015,MHR,CA,AWP,WE,Federal Contract Tower,3,24,25,13,65,3,32,79,36,150,6,56,104,49,215,32,74,106,321
05/12/2015,MHR,CA,AWP,WE,Federal Contract Tower,10,18,32,20,80,10,31,85,41,167,20,49,117,61,247,6,96,102,349
05/13/2015,MHR,CA,AWP,WE,Federal Contract Tower,9,18,38,29,94,9,26,93,44,172,18,44,131,73,266,6,88,94,360
05/14/2015,MHR,CA,AWP,WE,Federal Contract Tower,10,18,53,17,98,10,30,90,22,152,20,48,143,39,250,10,98,108,358
05/15/2015,MHR,CA,AWP,WE,Federal Contract Tower,6,20,53,25,104,6,26,103,37,172,12,46,156,62,276,32,28,60,336
05/16/2015,MHR,CA,AWP,WE,Federal Contract Tower,1,5,14,1,21,1,9,51,1,62,2,14,65,2,83,32,0,32,115
05/17/2015,MHR,CA,AWP,WE,Federal Contract Tower,0,3,26,0,29,0,3,156,1,160,0,6,182,1,189,38,0,38,227
05/18/2015,MHR,CA,AWP,WE,Federal Contract Tower,3,16,45,18,82,3,25,125,33,186,6,41,170,51,268,28,106,134,402
05/19/2015,MHR,CA,AWP,WE,Federal Contract Tower,14,12,46,22,94,14,23,107,28,172,28,35,153,50,266,40,70,110,376
05/20/2015,MHR,CA,AWP,WE,Federal Contract Tower,12,18,49,37,116,12,27,95,52,186,24,45,144,89,302,2,100,102,404
05/21/2015,MHR,CA,AWP,WE,Federal Contract Tower,10,21,43,24,98,10,35,88,45,178,20,56,131,69,276,2,70,72,348
05/22/2015,MHR,CA,AWP,WE,Federal Contract Tower,5,14,37,4,60,5,20,75,5,105,10,34,112,9,165,0,0,0,165
05/23/2015,MHR,CA,AWP,WE,Federal Contract Tower,1,5,13,0,19,0,2,44,3,49,1,7,57,3,68,16,0,16,84
05/24/2015,MHR,CA,AWP,WE,Federal Contract Tower,0,1,0,0,1,0,1,24,0,25,0,2,24,0,26,12,0,12,38
05/25/2015,MHR,CA,AWP,WE,Federal Contract Tower,0,10,29,0,39,0,14,62,8,84,0,24,91,8,123,18,0,18,141
05/26/2015,MHR,CA,AWP,WE,Federal Contract Tower,4,23,55,21,103,4,31,91,40,166,8,54,146,61,269,18,80,98,367
05/27/2015,MHR,CA,AWP,WE,Federal Contract Tower,11,19,37,20,87,11,23,79,34,147,22,42,116,54,234,28,74,102,336
05/28/2015,MHR,CA,AWP,WE,Federal Contract Tower,10,26,45,26,107,8,31,89,43,171,18,57,134,69,278,22,90,112,390
05/29/2015,MHR,CA,AWP,WE,Federal Contract Tower,6,17,42,5,70,6,24,83,8,121,12,41,125,13,191,68,36,104,295
05/30/2015,MHR,CA,AWP,WE,Federal Contract Tower,1,7,12,0,20,2,12,47,0,61,3,19,59,0,81,6,0,6,87
05/31/2015,MHR,CA,AWP,WE,Federal Contract Tower,0,0,24,1,25,0,0,46,1,47,0,0,70,2,72,26,0,26,98
06/01/2015,MHR,CA,AWP,WE,Federal Contract Tower,3,13,30,12,58,3,23,85,21,132,6,36,115,33,190,22,52,74,264
06/02/2015,MHR,CA,AWP,WE,Federal Contract Tower,13,22,34,34,103,13,33,94,59,199,26,55,128,93,302,52,152,204,506
06/03/2015,MHR,CA,AWP,WE,Federal Contract Tower,11,18,34,9,72,11,31,76,11,129,22,49,110,20,201,28,54,82,283
06/04/2015,MHR,CA,AWP,WE,Federal Contract Tower,10,15,51,6,82,10,23,108,9,150,20,38,159,15,232,4,54,58,290
06/05/2015,MHR,CA,AWP,WE,Federal Contract Tower,8,20,38,15,81,18,30,100,28,176,26,50,138,43,257,42,84,126,383
06/06/2015,MHR,CA,AWP,WE,Federal Contract Tower,3,12,8,4,27,14,14,30,10,68,17,26,38,14,95,0,0,0,95
06/07/2015,MHR,CA,AWP,WE,Federal Contract Tower,7,1,14,3,25,7,1,40,5,53,14,2,54,8,78,6,0,6,84
06/08/2015,MHR,CA,AWP,WE,Federal Contract Tower,3,19,22,9,53,3,26,57,11,97,6,45,79,20,150,6,14,20,170
06/09/2015,MHR,CA,AWP,WE,Federal Contract Tower,10,23,44,13,90,36,37,100,33,206,46,60,144,46,296,65,74,139,435
06/10/2015,MHR,CA,AWP,WE,Federal Contract Tower,11,17,24,22,74,19,26,47,31,123,30,43,71,53,197,8,64,72,269
06/11/2015,MHR,CA,AWP,WE,Federal Contract Tower,12,15,24,10,61,12,30,81,13,136,24,45,105,23,197,44,28,72,269
06/12/2015,MHR,CA,AWP,WE,Federal Contract Tower,6,12,41,24,83,6,23,134,39,202,12,35,175,63,285,60,100,160,445
06/13/2015,MHR,CA,AWP,WE,Federal Contract Tower,1,3,15,0,19,1,10,58,0,69,2,13,73,0,88,6,0,6,94
06/14/2015,MHR,CA,AWP,WE,Federal Contract Tower,0,2,6,2,10,0,2,16,4,22,0,4,22,6,32,0,0,0,32
06/15/2015,MHR,CA,AWP,WE,Federal Contract Tower,4,14,40,11,69,4,20,96,22,142,8,34,136,33,211,6,58,64,275
06/16/2015,MHR,CA,AWP,WE,Federal Contract Tower,13,14,41,20,88,13,29,96,35,173,26,43,137,55,261,52,100,152,413
06/17/2015,MHR,CA,AWP,WE,Federal Contract Tower,13,23,30,17,83,13,34,92,32,171,26,57,122,49,254,34,90,124,378
06/18/2015,MHR,CA,AWP,WE,Federal Contract Tower,10,18,16,17,61,10,33,77,29,149,20,51,93,46,210,12,107,119,329
06/19/2015,MHR,CA,AWP,WE,Federal Contract Tower,6,22,23,8,59,6,35,76,14,131,12,57,99,22,190,50,84,134,324
06/20/2015,MHR,CA,AWP,WE,Federal Contract Tower,1,3,5,0,9,1,7,44,0,52,2,10,49,0,61,22,0,22,83
06/21/2015,MHR,CA,AWP,WE,Federal Contract Tower,0,0,10,3,13,0,1,43,3,47,0,1,53,6,60,0,0,0,60
06/22/2015,MHR,CA,AWP,WE,Federal Contract Tower,3,22,23,13,61,3,32,90,19,144,6,54,113,32,205,8,58,66,271
06/23/2015,MHR,CA,AWP,WE,Federal Contract Tower,12,13,42,15,82,12,26,110,29,177,24,39,152,44,259,38,97,135,394
06/24/2015,MHR,CA,AWP,WE,Federal Contract Tower,11,23,36,24,94,11,38,101,32,182,22,61,137,56,276,46,112,158,434
06/25/2015,MHR,CA,AWP,WE,Federal Contract Tower,11,26,45,9,91,11,42,109,24,186,22,68,154,33,277,18,44,62,339
06/26/2015,MHR,CA,AWP,WE,Federal Contract Tower,5,20,24,10,59,5,29,113,16,163,10,49,137,26,222,24,16,40,262
06/27/2015,MHR,CA,AWP,WE,Federal Contract Tower,1,5,13,0,19,1,9,52,0,62,2,14,65,0,81,34,0,34,115
06/28/2015,MHR,CA,AWP,WE,Federal Contract Tower,1,0,19,1,21,1,1,63,2,67,2,1,82,3,88,42,0,42,130
06/29/2015,MHR,CA,AWP,WE,Federal Contract Tower,3,6,21,16,46,3,14,80,33,130,6,20,101,49,176,22,98,120,296
06/30/2015,MHR,CA,AWP,WE,Federal Contract Tower,13,6,35,0,54,13,14,92,37,156,26,20,127,37,210,22,62,84,294
07/01/2015,MHR,CA,AWP,WE,Federal Contract Tower,11,6,41,9,67,11,16,108,14,149,22,22,149,23,216,32,34,66,282
07/02/2015,MHR,CA,AWP,WE,Federal Contract Tower,9,5,34,15,63,9,20,80,23,132,18,25,114,38,195,10,88,98,293
07/03/2015,MHR,CA,AWP,WE,Federal Contract Tower,4,7,17,2,30,4,13,90,2,109,8,20,107,4,139,12,0,12,151
07/04/2015,MHR,CA,AWP,WE,Federal Contract Tower,0,1,9,0,10,0,3,39,0,42,0,4,48,0,52,2,0,2,54
07/05/2015,MHR,CA,AWP,WE,Federal Contract Tower,1,0,2,0,3,1,0,31,0,32,2,0,33,0,35,20,0,20,55
07/06/2015,MHR,CA,AWP,WE,Federal Contract Tower,3,20,30,0,53,3,26,119,0,148,6,46,149,0,201,20,0,20,221
07/07/2015,MHR,CA,AWP,WE,Federal Contract Tower,13,11,41,14,79,13,27,90,33,163,26,38,131,47,242,26,46,72,314
07/08/2015,MHR,CA,AWP,WE,Federal Contract Tower,13,27,20,13,73,13,36,52,21,122,26,63,72,34,195,0,30,30,225
07/09/2015,MHR,CA,AWP,WE,Federal Contract Tower,10,23,19,18,70,10,29,37,19,95,20,52,56,37,165,10,0,10,175
07/10/2015,MHR,CA,AWP,WE,Federal Contract Tower,7,18,31,4,60,7,26,80,10,123,14,44,111,14,183,10,20,30,213
07/11/2015,MHR,CA,AWP,WE,Federal Contract Tower,1,0,8,0,9,1,4,34,2,41,2,4,42,2,50,0,0,0,50
07/12/2015,MHR,CA,AWP,WE,Federal Contract Tower,0,3,20,0,23,0,3,62,0,65,0,6,82,0,88,28,0,28,116
07/13/2015,MHR,CA,AWP,WE,Federal Contract Tower,4,18,20,3,45,4,30,123,5,162,8,48,143,8,207,38,0,38,245
07/14/2015,MHR,CA,AWP,WE,Federal Contract Tower,13,15,53,16,97,12,27,132,36,207,25,42,185,52,304,48,74,122,426
07/15/2015,MHR,CA,AWP,WE,Federal Contract Tower,10,20,20,17,67,10,30,74,30,144,20,50,94,47,211,12,76,88,299
07/16/2015,MHR,CA,AWP,WE,Federal Contract Tower,12,18,25,12,67,12,34,71,26,143,24,52,96,38,210,14,20,34,244
07/17/2015,MHR,CA,AWP,WE,Federal Contract Tower,6,25,17,3,51,6,37,77,8,128,12,62,94,11,179,10,6,16,195
07/18/2015,MHR,CA,AWP,WE,Federal Contract Tower,1,2,6,0,9,1,6,36,0,43,2,8,42,0,52,6,0,6,58
07/19/2015,MHR,CA,AWP,WE,Federal Contract Tower,0,2,15,0,17,0,2,44,0,46,0,4,59,0,63,8,0,8,71
07/20/2015,MHR,CA,AWP,WE,Federal Contract Tower,3,16,43,6,68,3,31,124,22,180,6,47,167,28,248,16,74,90,338
07/21/2015,MHR,CA,AWP,WE,Federal Contract Tower,14,15,37,8,74,14,23,105,28,170,28,38,142,36,244,50,66,116,360
07/22/2015,MHR,CA,AWP,WE,Federal Contract Tower,12,23,39,3,77,12,30,97,9,148,24,53,136,12,225,54,4,58,283
07/23/2015,MHR,CA,AWP,WE,Federal Contract Tower,10,15,18,20,63,10,28,58,26,122,20,43,76,46,185,54,76,130,315
07/24/2015,MHR,CA,AWP,WE,Federal Contract Tower,7,23,9,3,42,7,35,91,4,137,14,58,100,7,179,78,30,108,287
07/25/2015,MHR,CA,AWP,WE,Federal Contract Tower,1,1,8,0,10,1,6,52,0,59,2,7,60,0,69,2,0,2,71
07/26/2015,MHR,CA,AWP,WE,Federal Contract Tower,0,2,18,0,20,0,3,58,0,61,0,5,76,0,81,20,0,20,101
07/27/2015,MHR,CA,AWP,WE,Federal Contract Tower,3,18,25,8,54,3,27,94,18,142,6,45,119,26,196,22,16,38,234
07/28/2015,MHR,CA,AWP,WE,Federal Contract Tower,10,14,24,14,62,10,25,98,20,153,20,39,122,34,215,44,52,96,311
07/29/2015,MHR,CA,AWP,WE,Federal Contract Tower,11,14,34,17,76,11,29,95,31,166,22,43,129,48,242,30,64,94,336
07/30/2015,MHR,CA,AWP,WE,Federal Contract Tower,11,19,23,16,69,11,35,72,36,154,22,54,95,52,223,18,16,34,257
07/31/2015,MHR,CA,AWP,WE,Federal Contract Tower,6,21,25,9,61,6,33,84,26,149,12,54,109,35,210,48,34,82,292
08/01/2015,MHR,CA,AWP,WE,Federal Contract Tower,1,2,6,4,13,1,8,39,32,80,2,10,45,36,93,6,0,6,99
08/02/2015,MHR,CA,AWP,WE,Federal Contract Tower,0,5,13,2,20,0,5,36,14,55,0,10,49,16,75,16,0,16,91
08/03/2015,MHR,CA,AWP,WE,Federal Contract Tower,3,15,9,10,37,3,24,75,31,133,6,39,84,41,170,30,20,50,220
08/04/2015,MHR,CA,AWP,WE,Federal Contract Tower,11,12,31,14,68,11,27,105,35,178,22,39,136,49,246,34,72,106,352
08/05/2015,MHR,CA,AWP,WE,Federal Contract Tower,15,21,28,7,71,15,31,74,28,148,30,52,102,35,219,41,42,83,302
08/06/2015,MHR,CA,AWP,WE,Federal Contract Tower,10,16,29,0,55,10,33,80,21,144,20,49,109,21,199,6,22,28,227
08/07/2015,MHR,CA,AWP,WE,Federal Contract Tower,6,17,13,0,36,6,31,66,7,110,12,48,79,7,146,54,0,54,200
08/08/2015,MHR,CA,AWP,WE,Federal Contract Tower,1,1,26,6,34,1,5,53,7,66,2,6,79,13,100,2,0,2,102
08/09/2015,MHR,CA,AWP,WE,Federal Contract Tower,0,3,17,1,21,0,3,54,13,70,0,6,71,14,91,2,0,2,93
08/10/2015,MHR,CA,AWP,WE,Federal Contract Tower,3,20,15,9,47,3,34,98,34,169,6,54,113,43,216,34,74,108,324
08/11/2015,MHR,CA,AWP,WE,Federal Contract Tower,11,18,21,15,65,11,31,112,44,198,22,49,133,59,263,56,64,120,383
08/12/2015,MHR,CA,AWP,WE,Federal Contract Tower,12,26,35,10,83,12,37,103,28,180,24,63,138,38,263,20,42,62,325
08/13/2015,MHR,CA,AWP,WE,Federal Contract Tower,9,24,31,6,70,9,39,97,19,164,18,63,128,25,234,34,76,110,344
08/14/2015,MHR,CA,AWP,WE,Federal Contract Tower,7,18,30,13,68,7,31,83,39,160,14,49,113,52,228,30,42,72,300
08/15/2015,MHR,CA,AWP,WE,Federal Contract Tower,1,6,17,14,38,1,10,50,23,84,2,16,67,37,122,12,34,46,168
08/16/2015,MHR,CA,AWP,WE,Federal Contract Tower,0,2,8,14,24,0,5,38,27,70,0,7,46,41,94,6,38,44,138
08/17/2015,MHR,CA,AWP,WE,Federal Contract Tower,3,19,25,19,66,3,30,116,33,182,6,49,141,52,248,62,56,118,366
08/18/2015,MHR,CA,AWP,WE,Federal Contract Tower,14,20,20,21,75,14,38,110,41,203,28,58,130,62,278,120,126,246,524
08/19/2015,MHR,CA,AWP,WE,Federal Contract Tower,12,19,23,9,63,12,32,74,26,144,24,51,97,35,207,96,50,146,353
08/20/2015,MHR,CA,AWP,WE,Federal Contract Tower,9,22,35,8,74,9,38,90,13,150,18,60,125,21,224,40,50,90,314
08/21/2015,MHR,CA,AWP,WE,Federal Contract Tower,6,19,21,11,57,6,29,86,13,134,12,48,107,24,191,38,32,70,261
08/22/2015,MHR,CA,AWP,WE,Federal Contract Tower,1,0,5,2,8,1,7,48,9,65,2,7,53,11,73,28,0,28,101
08/23/2015,MHR,CA,AWP,WE,Federal Contract Tower,0,3,20,5,28,0,3,59,9,71,0,6,79,14,99,2,26,28,127
08/24/2015,MHR,CA,AWP,WE,Federal Contract Tower,4,29,38,9,80,4,40,138,17,199,8,69,176,26,279,54,48,102,381
08/25/2015,MHR,CA,AWP,WE,Federal Contract Tower,13,20,60,18,111,13,37,138,28,216,26,57,198,46,327,94,78,172,499
08/26/2015,MHR,CA,AWP,WE,Federal Contract Tower,13,25,38,10,86,13,42,104,19,178,26,67,142,29,264,92,42,134,398
08/27/2015,MHR,CA,AWP,WE,Federal Contract Tower,10,17,33,11,71,10,29,104,14,157,20,46,137,25,228,74,84,158,386
08/28/2015,MHR,CA,AWP,WE,Federal Contract Tower,4,16,15,8,43,4,20,73,16,113,8,36,88,24,156,54,82,136,292
08/29/2015,MHR,CA,AWP,WE,Federal Contract Tower,1,5,12,0,18,1,10,38,0,49,2,15,50,0,67,0,0,0,67
08/30/2015,MHR,CA,AWP,WE,Federal Contract Tower,0,1,28,0,29,0,2,67,0,69,0,3,95,0,98,0,6,6,104
08/31/2015,MHR,CA,AWP,WE,Federal Contract Tower,3,21,30,15,69,3,28,158,26,215,6,49,188,41,284,124,74,198,482
09/01/2015,MHR,CA,AWP,WE,Federal Contract Tower,13,15,27,16,71,13,29,98,28,168,26,44,125,44,239,64,72,136,375
09/02/2015,MHR,CA,AWP,WE,Federal Contract Tower,13,17,25,33,88,13,31,89,50,183,26,48,114,83,271,112,164,276,547
09/03/2015,MHR,CA,AWP,WE,Federal Contract Tower,11,21,33,14,79,11,30,79,24,144,22,51,112,38,223,44,54,98,321
09/04/2015,MHR,CA,AWP,WE,Federal Contract Tower,6,4,16,1,27,6,13,79,3,101,12,17,95,4,128,46,0,46,174
09/05/2015,MHR,CA,AWP,WE,Federal Contract Tower,1,2,9,0,12,1,7,41,0,49,2,9,50,0,61,14,0,14,75
09/06/2015,MHR,CA,AWP,WE,Federal Contract Tower,0,0,1,0,1,0,0,44,0,44,0,0,45,0,45,16,0,16,61
09/07/2015,MHR,CA,AWP,WE,Federal Contract Tower,0,7,17,0,24,0,7,95,0,102,0,14,112,0,126,56,0,56,182
09/08/2015,MHR,CA,AWP,WE,Federal Contract Tower,9,14,32,16,71,4,23,116,35,178,13,37,148,51,249,102,102,204,453
09/09/2015,MHR,CA,AWP,WE,Federal Contract Tower,12,19,15,15,61,12,38,67,28,145,24,57,82,43,206,58,18,76,282
09/10/2015,MHR,CA,AWP,WE,Federal Contract Tower,9,12,35,14,70,9,27,79,20,135,18,39,114,34,205,24,49,73,278
09/11/2015,MHR,CA,AWP,WE,Federal Contract Tower,5,21,31,6,63,5,32,90,7,134,10,53,121,13,197,16,28,44,241
09/12/2015,MHR,CA,AWP,WE,Federal Contract Tower,1,3,6,2,12,1,9,49,21,80,2,12,55,23,92,0,0,0,92
09/13/2015,MHR,CA,AWP,WE,Federal Contract Tower,0,2,10,0,12,0,2,56,18,76,0,4,66,18,88,0,0,0,88
09/14/2015,MHR,CA,AWP,WE,Federal Contract Tower,3,31,33,27,94,3,45,119,51,218,6,76,152,78,312,12,116,128,440
09/15/2015,MHR,CA,AWP,WE,Federal Contract Tower,13,17,47,26,103,13,33,114,51,211,26,50,161,77,314,6,92,98,412
09/16/2015,MHR,CA,AWP,WE,Federal Contract Tower,11,24,40,21,96,11,34,80,44,169,22,58,120,65,265,30,96,126,391
09/17/2015,MHR,CA,AWP,WE,Federal Contract Tower,12,18,40,9,79,12,25,84,16,137,24,43,124,25,216,16,16,32,248
09/18/2015,MHR,CA,AWP,WE,Federal Contract Tower,6,18,37,10,71,6,24,131,27,188,12,42,168,37,259,80,48,128,387
09/19/2015,MHR,CA,AWP,WE,Federal Contract Tower,1,3,13,1,18,1,13,52,1,67,2,16,65,2,85,18,0,18,103
09/20/2015,MHR,CA,AWP,WE,Federal Contract Tower,0,0,13,0,13,0,0,56,1,57,0,0,69,1,70,0,0,0,70
09/21/2015,MHR,CA,AWP,WE,Federal Contract Tower,3,20,15,9,47,3,31,97,13,144,6,51,112,22,191,28,22,50,241
09/22/2015,MHR,CA,AWP,WE,Federal Contract Tower,12,18,21,7,58,12,32,100,14,158,24,50,121,21,216,16,60,76,292
09/23/2015,MHR,CA,AWP,WE,Federal Contract Tower,8,23,19,14,64,8,34,80,17,139,16,57,99,31,203,20,88,108,311
09/24/2015,MHR,CA,AWP,WE,Federal Contract Tower,8,29,24,11,72,8,41,57,21,127,16,70,81,32,199,28,48,76,275
09/25/2015,MHR,CA,AWP,WE,Federal Contract Tower,5,20,18,14,57,5,31,82,18,136,10,51,100,32,193,62,78,140,333
09/26/2015,MHR,CA,AWP,WE,Federal Contract Tower,1,7,18,0,26,1,12,95,0,108,2,19,113,0,134,26,0,26,160
09/27/2015,MHR,CA,AWP,WE,Federal Contract Tower,0,8,16,0,24,0,8,54,3,65,0,16,70,3,89,4,8,12,101
09/28/2015,MHR,CA,AWP,WE,Federal Contract Tower,3,18,15,7,43,3,25,65,10,103,6,43,80,17,146,0,22,22,168
09/29/2015,MHR,CA,AWP,WE,Federal Contract Tower,11,12,29,17,69,11,22,72,25,130,22,34,101,42,199,6,32,38,237
09/30/2015,MHR,CA,AWP,WE,Federal Contract Tower,12,21,34,12,79,12,33,88,20,153,24,54,122,32,232,44,26,70,302
10/01/2015,MHR,CA,AWP,WE,Federal Contract Tower,13,31,22,17,83,13,42,93,25,173,26,73,115,42,256,12,44,56,312
10/02/2015,MHR,CA,AWP,WE,Federal Contract Tower,6,13,0,1,20,6,21,144,2,173,12,34,144,3,193,34,0,34,227
10/03/2015,MHR,CA,AWP,WE,Federal Contract Tower,0,1,0,1,2,0,1,178,3,182,0,2,178,4,184,0,0,0,184
10/04/2015,MHR,CA,AWP,WE,Federal Contract Tower,0,0,0,1,1,0,0,144,6,150,0,0,144,7,151,4,0,4,155
10/05/2015,MHR,CA,AWP,WE,Federal Contract Tower,3,17,10,13,43,3,28,114,17,162,6,45,124,30,205,20,0,20,225
10/06/2015,MHR,CA,AWP,WE,Federal Contract Tower,14,14,14,17,59,14,30,108,32,184,28,44,122,49,243,98,48,146,389
10/07/2015,MHR,CA,AWP,WE,Federal Contract Tower,14,24,21,14,73,14,35,99,29,177,28,59,120,43,250,28,48,76,326
10/08/2015,MHR,CA,AWP,WE,Federal Contract Tower,11,20,13,14,58,11,34,76,18,139,22,54,89,32,197,16,52,68,265
10/09/2015,MHR,CA,AWP,WE,Federal Contract Tower,6,17,10,0,33,6,30,80,0,116,12,47,90,0,149,42,0,42,191
10/10/2015,MHR,CA,AWP,WE,Federal Contract Tower,2,1,10,3,16,2,6,37,4,49,4,7,47,7,65,24,0,24,89
10/11/2015,MHR,CA,AWP,WE,Federal Contract Tower,0,0,6,7,13,0,0,42,3,45,0,0,48,10,58,4,0,4,62
10/12/2015,MHR,CA,AWP,WE,Federal Contract Tower,3,15,22,0,40,3,24,115,2,144,6,39,137,2,184,60,0,60,244
10/13/2015,MHR,CA,AWP,WE,Federal Contract Tower,11,8,21,12,52,11,22,133,25,191,22,30,154,37,243,80,70,150,393
10/14/2015,MHR,CA,AWP,WE,Federal Contract Tower,9,19,22,10,60,9,29,106,23,167,18,48,128,33,227,98,38,136,363
10/15/2015,MHR,CA,AWP,WE,Federal Contract Tower,11,14,19,16,60,11,17,78,30,136,22,31,97,46,196,54,70,124,320
10/16/2015,MHR,CA,AWP,WE,Federal Contract Tower,6,16,21,8,51,6,28,118,13,165,12,44,139,21,216,142,56,198,414
10/17/2015,MHR,CA,AWP,WE,Federal Contract Tower,1,2,3,0,6,1,5,33,0,39,2,7,36,0,45,8,0,8,53
10/18/2015,MHR,CA,AWP,WE,Federal Contract Tower,0,2,13,0,15,0,2,31,1,34,0,4,44,1,49,0,0,0,49
10/19/2015,MHR,CA,AWP,WE,Federal Contract Tower,3,16,12,0,31,3,27,89,0,119,6,43,101,0,150,80,0,80,230
10/20/2015,MHR,CA,AWP,WE,Federal Contract Tower,12,11,16,18,57,12,20,119,36,187,24,31,135,54,244,118,106,224,468
10/21/2015,MHR,CA,AWP,WE,Federal Contract Tower,10,22,24,18,74,10,33,80,36,159,20,55,104,54,233,100,90,190,423
10/22/2015,MHR,CA,AWP,WE,Federal Contract Tower,10,16,18,9,53,10,28,80,22,140,20,44,98,31,193,140,68,208,401
10/23/2015,MHR,CA,AWP,WE,Federal Contract Tower,6,12,25,8,51,6,25,138,16,185,12,37,163,24,236,224,38,262,498
10/24/2015,MHR,CA,AWP,WE,Federal Contract Tower,1,2,13,0,16,1,8,51,1,61,2,10,64,1,77,34,0,34,111
10/25/2015,MHR,CA,AWP,WE,Federal Contract Tower,0,1,13,0,14,0,1,47,0,48,0,2,60,0,62,6,0,6,68
10/26/2015,MHR,CA,AWP,WE,Federal Contract Tower,3,19,26,16,64,3,28,118,27,176,6,47,144,43,240,130,74,204,444
10/27/2015,MHR,CA,AWP,WE,Federal Contract Tower,22,22,41,28,113,23,32,138,38,231,45,54,179,66,344,170,114,284,628
10/28/2015,MHR,CA,AWP,WE,Federal Contract Tower,11,20,25,18,74,10,29,105,30,174,21,49,130,48,248,200,84,284,532
10/29/2015,MHR,CA,AWP,WE,Federal Contract Tower,10,24,17,3,54,10,40,50,9,109,20,64,67,12,163,116,16,132,295
10/30/2015,MHR,CA,AWP,WE,Federal Contract Tower,6,18,9,10,43,6,28,86,12,132,12,46,95,22,175,188,58,246,421
10/31/2015,MHR,CA,AWP,WE,Federal Contract Tower,1,3,2,0,6,1,9,39,0,49,2,12,41,0,55,6,0,6,61
11/01/2015,MHR,CA,AWP,WE,Federal Contract Tower,0,2,6,0,8,0,2,19,0,21,0,4,25,0,29,0,0,0,29
11/02/2015,MHR,CA,AWP,WE,Federal Contract Tower,4,20,18,15,57,4,26,75,15,120,8,46,93,30,177,10,38,48,225
11/03/2015,MHR,CA,AWP,WE,Federal Contract Tower,8,15,24,17,64,8,20,104,33,165,16,35,128,50,229,196,52,248,477
11/04/2015,MHR,CA,AWP,WE,Federal Contract Tower,12,16,8,13,49,12,30,55,29,126,24,46,63,42,175,16,54,70,245
11/05/2015,MHR,CA,AWP,WE,Federal Contract Tower,15,21,26,14,76,15,33,123,31,202,30,54,149,45,278,194,64,258,536
11/06/2015,MHR,CA,AWP,WE,Federal Contract Tower,9,15,18,14,56,9,23,127,23,182,18,38,145,37,238,200,46,246,484
11/07/2015,MHR,CA,AWP,WE,Federal Contract Tower,1,2,7,0,10,1,12,62,0,75,2,14,69,0,85,48,0,48,133
11/08/2015,MHR,CA,AWP,WE,Federal Contract Tower,0,5,5,2,12,0,5,19,2,26,0,10,24,4,38,6,0,6,44
11/09/2015,MHR,CA,AWP,WE,Federal Contract Tower,3,21,18,0,42,3,25,48,0,76,6,46,66,0,118,24,0,24,142
11/10/2015,MHR,CA,AWP,WE,Federal Contract Tower,7,22,25,5,59,8,26,142,29,205,15,48,167,34,264,144,90,234,498
11/11/2015,MHR,CA,AWP,WE,Federal Contract Tower,11,19,29,0,59,11,29,95,11,146,22,48,124,11,205,152,16,168,373
11/12/2015,MHR,CA,AWP,WE,Federal Contract Tower,18,12,23,22,75,18,23,85,30,156,36,35,108,52,231,162,66,228,459
11/13/2015,MHR,CA,AWP,WE,Federal Contract Tower,8,22,26,18,74,8,34,122,27,191,16,56,148,45,265,30,86,116,381
11/14/2015,MHR,CA,AWP,WE,Federal Contract Tower,1,2,4,3,10,1,9,69,7,86,2,11,73,10,96,16,8,24,120
11/15/2015,MHR,CA,AWP,WE,Federal Contract Tower,0,3,7,0,10,0,3,20,1,24,0,6,27,1,34,4,0,4,38
11/16/2015,MHR,CA,AWP,WE,Federal Contract Tower,4,14,4,6,28,4,26,69,10,109,8,40,73,16,137,22,4,26,163
11/17/2015,MHR,CA,AWP,WE,Federal Contract Tower,11,15,20,28,74,11,26,139,46,222,22,41,159,74,296,144,120,264,560
11/18/2015,MHR,CA,AWP,WE,Federal Contract Tower,11,22,21,7,61,11,40,126,13,190,22,62,147,20,251,156,30,186,437
11/19/2015,MHR,CA,AWP,WE,Federal Contract Tower,8,24,26,19,77,8,35,117,23,183,16,59,143,42,260,128,64,192,452
11/20/2015,MHR,CA,AWP,WE,Federal Contract Tower,8,25,19,8,60,8,29,90,11,138,16,54,109,19,198,92,39,131,329
11/21/2015,MHR,CA,AWP,WE,Federal Contract Tower,2,6,25,1,34,2,9,53,3,67,4,15,78,4,101,6,0,6,107
11/22/2015,MHR,CA,AWP,WE,Federal Contract Tower,0,1,14,2,17,0,1,40,13,54,0,2,54,15,71,2,0,2,73
11/23/2015,MHR,CA,AWP,WE,Federal Contract Tower,5,5,26,7,43,5,16,122,15,158,10,21,148,22,201,126,14,140,341
11/24/2015,MHR,CA,AWP,WE,Federal Contract Tower,17,9,24,13,63,17,22,91,24,154,34,31,115,37,217,15,84,99,316
11/25/2015,MHR,CA,AWP,WE,Federal Contract Tower,8,15,24,0,47,8,22,77,15,122,16,37,101,15,169,60,76,136,305
11/26/2015,MHR,CA,AWP,WE,Federal Contract Tower,0,3,10,0,13,0,3,30,0,33,0,6,40,0,46,0,0,0,46
11/27/2015,MHR,CA,AWP,WE,Federal Contract Tower,7,5,10,0,22,7,17,34,0,58,14,22,44,0,80,0,0,0,80
11/28/2015,MHR,CA,AWP,WE,Federal Contract Tower,2,6,4,0,12,2,12,27,0,41,4,18,31,0,53,10,0,10,63
11/29/2015,MHR,CA,AWP,WE,Federal Contract Tower,2,3,18,0,23,2,3,36,0,41,4,6,54,0,64,14,0,14,78
11/30/2015,MHR,CA,AWP,WE,Federal Contract Tower,7,23,26,18,74,7,36,98,20,161,14,59,124,38,235,40,72,112,347
12/01/2015,MHR,CA,AWP,WE,Federal Contract Tower,14,15,20,14,63,14,34,101,29,178,28,49,121,43,241,176,72,248,489
12/02/2015,MHR,CA,AWP,WE,Federal Contract Tower,15,23,18,26,82,15,35,99,39,188,30,58,117,65,270,154,138,292,562
12/03/2015,MHR,CA,AWP,WE,Federal Contract Tower,12,18,8,4,42,12,25,39,4,80,24,43,47,8,122,94,0,94,216
12/04/2015,MHR,CA,AWP,WE,Federal Contract Tower,11,20,27,3,61,11,25,79,13,128,22,45,106,16,189,18,18,36,225
12/05/2015,MHR,CA,AWP,WE,Federal Contract Tower,2,4,3,0,9,2,8,22,0,32,4,12,25,0,41,16,0,16,57
12/06/2015,MHR,CA,AWP,WE,Federal Contract Tower,2,2,13,0,17,0,4,34,1,39,2,6,47,1,56,16,0,16,72
12/07/2015,MHR,CA,AWP,WE,Federal Contract Tower,5,16,21,6,48,5,21,124,11,161,10,37,145,17,209,148,72,220,429
12/08/2015,MHR,CA,AWP,WE,Federal Contract Tower,20,30,18,6,74,20,30,18,6,74,40,60,36,12,148,0,0,0,148
12/09/2015,MHR,CA,AWP,WE,Federal Contract Tower,16,38,24,4,82,18,39,33,6,96,34,77,57,10,178,0,0,0,178
12/10/2015,MHR,CA,AWP,WE,Federal Contract Tower,16,34,15,7,72,16,37,43,10,106,32,71,58,17,178,52,30,82,260
12/11/2015,MHR,CA,AWP,WE,Federal Contract Tower,11,30,29,15,85,11,36,119,17,183,22,66,148,32,268,50,26,76,344
12/12/2015,MHR,CA,AWP,WE,Federal Contract Tower,3,2,5,2,12,3,7,30,1,41,6,9,35,3,53,12,0,12,65
12/13/2015,MHR,CA,AWP,WE,Federal Contract Tower,0,1,5,0,6,0,2,17,0,19,0,3,22,0,25,0,0,0,25
12/14/2015,MHR,CA,AWP,WE,Federal Contract Tower,9,15,23,24,71,9,22,103,28,162,18,37,126,52,233,7,12,19,252
12/15/2015,MHR,CA,AWP,WE,Federal Contract Tower,34,18,38,0,90,34,36,108,6,184,68,54,146,6,274,16,0,16,290
12/16/2015,MHR,CA,AWP,WE,Federal Contract Tower,34,24,37,19,114,34,39,87,32,192,68,63,124,51,306,34,68,102,408
12/17/2015,MHR,CA,AWP,WE,Federal Contract Tower,32,18,30,5,85,32,32,104,16,184,64,50,134,21,269,8,62,70,339
12/18/2015,MHR,CA,AWP,WE,Federal Contract Tower,17,24,31,21,93,17,36,75,22,150,34,60,106,43,243,44,28,72,315
12/19/2015,MHR,CA,AWP,WE,Federal Contract Tower,10,11,8,0,29,10,11,8,1,30,20,22,16,1,59,4,0,4,63
12/20/2015,MHR,CA,AWP,WE,Federal Contract Tower,6,8,4,0,18,6,10,8,0,24,12,18,12,0,42,6,0,6,48
12/21/2015,MHR,CA,AWP,WE,Federal Contract Tower,25,14,4,2,45,25,14,10,2,51,50,28,14,4,96,0,4,4,100
12/22/2015,MHR,CA,AWP,WE,Federal Contract Tower,39,14,22,3,78,39,33,79,12,163,78,47,101,15,241,50,8,58,299
12/23/2015,MHR,CA,AWP,WE,Federal Contract Tower,31,8,34,20,93,32,21,85,35,173,63,29,119,55,266,100,80,180,446
12/24/2015,MHR,CA,AWP,WE,Federal Contract Tower,17,17,11,0,45,17,23,26,0,66,34,40,37,0,111,0,0,0,111
12/25/2015,MHR,CA,AWP,WE,Federal Contract Tower,0,2,1,0,3,0,5,3,0,8,0,7,4,0,11,0,0,0,11
12/26/2015,MHR,CA,AWP,WE,Federal Contract Tower,1,1,9,0,11,1,6,20,0,27,2,7,29,0,38,26,0,26,64
12/27/2015,MHR,CA,AWP,WE,Federal Contract Tower,0,4,9,0,13,0,1,40,0,41,0,5,49,0,54,2,0,2,56
12/28/2015,MHR,CA,AWP,WE,Federal Contract Tower,4,3,6,9,22,4,14,78,20,116,8,17,84,29,138,94,8,102,240
12/29/2015,MHR,CA,AWP,WE,Federal Contract Tower,16,6,20,14,56,17,29,103,22,171,33,35,123,36,227,164,28,192,419
12/30/2015,MHR,CA,AWP,WE,Federal Contract Tower,16,17,21,5,59,16,27,55,7,105,32,44,76,12,164,52,28,80,244
12/31/2015,MHR,CA,AWP,WE,Federal Contract Tower,9,7,3,1,20,9,20,36,3,68,18,27,39,4,88,6,0,6,94
01/01/2016,MHR,CA,AWP,WE,Federal Contract Tower,0,0,13,0,13,0,1,55,0,56,0,1,68,0,69,4,0,4,73
01/02/2016,MHR,CA,AWP,WE,Federal Contract Tower,1,5,5,0,11,1,6,15,0,22,2,11,20,0,33,10,0,10,43
01/03/2016,MHR,CA,AWP,WE,Federal Contract Tower,2,7,22,0,31,2,11,38,0,51,4,18,60,0,82,20,0,20,102
01/04/2016,MHR,CA,AWP,WE,Federal Contract Tower,4,14,24,4,46,4,21,87,3,115,8,35,111,7,161,16,0,16,177
01/05/2016,MHR,CA,AWP,WE,Federal Contract Tower,17,18,16,6,57,17,29,45,18,109,34,47,61,24,166,12,64,76,242
01/06/2016,MHR,CA,AWP,WE,Federal Contract Tower,17,27,9,6,59,17,32,13,9,71,34,59,22,15,130,6,4,10,140
01/07/2016,MHR,CA,AWP,WE,Federal Contract Tower,12,19,17,23,71,12,25,48,30,115,24,44,65,53,186,22,0,22,208
01/08/2016,MHR,CA,AWP,WE,Federal Contract Tower,8,31,27,9,75,8,37,63,11,119,16,68,90,20,194,22,46,68,262
01/09/2016,MHR,CA,AWP,WE,Federal Contract Tower,1,6,20,1,28,1,10,25,7,43,2,16,45,8,71,0,0,0,71
01/10/2016,MHR,CA,AWP,WE,Federal Contract Tower,0,12,20,7,39,0,13,39,10,62,0,25,59,17,101,16,0,16,117
01/11/2016,MHR,CA,AWP,WE,Federal Contract Tower,4,13,23,18,58,4,21,113,32,170,8,34,136,50,228,48,92,140,368
01/12/2016,MHR,CA,AWP,WE,Federal Contract Tower,11,18,17,19,65,11,33,98,39,181,22,51,115,58,246,80,80,160,406
01/13/2016,MHR,CA,AWP,WE,Federal Contract Tower,10,24,19,10,63,10,35,32,17,94,20,59,51,27,157,10,14,24,181
01/14/2016,MHR,CA,AWP,WE,Federal Contract Tower,12,19,37,12,80,12,22,78,15,127,24,41,115,27,207,18,24,42,249
01/15/2016,MHR,CA,AWP,WE,Federal Contract Tower,7,6,21,7,41,7,15,73,8,103,14,21,94,15,144,48,10,58,202
01/16/2016,MHR,CA,AWP,WE,Federal Contract Tower,5,1,4,0,10,5,1,10,0,16,10,2,14,0,26,4,0,4,30
01/17/2016,MHR,CA,AWP,WE,Federal Contract Tower,0,0,13,0,13,0,1,17,2,20,0,1,30,2,33,0,0,0,33
01/18/2016,MHR,CA,AWP,WE,Federal Contract Tower,4,3,28,0,35,4,10,101,2,117,8,13,129,2,152,20,0,20,172
01/19/2016,MHR,CA,AWP,WE,Federal Contract Tower,12,19,9,0,40,12,27,46,11,96,24,46,55,11,136,0,18,18,154
01/20/2016,MHR,CA,AWP,WE,Federal Contract Tower,14,39,27,9,89,14,53,73,19,159,28,92,100,28,248,26,32,58,306
01/21/2016,MHR,CA,AWP,WE,Federal Contract Tower,10,24,25,12,71,10,27,70,28,135,20,51,95,40,206,38,26,64,270
01/22/2016,MHR,CA,AWP,WE,Federal Contract Tower,11,27,8,16,62,10,26,16,18,70,21,53,24,34,132,0,46,46,178
01/23/2016,MHR,CA,AWP,WE,Federal Contract Tower,3,5,5,1,14,3,7,11,1,22,6,12,16,2,36,0,0,0,36
01/24/2016,MHR,CA,AWP,WE,Federal Contract Tower,0,10,17,0,27,0,10,31,1,42,0,20,48,1,69,21,10,31,100
01/25/2016,MHR,CA,AWP,WE,Federal Contract Tower,4,12,24,18,58,4,22,115,29,170,8,34,139,47,228,64,84,148,376
01/26/2016,MHR,CA,AWP,WE,Federal Contract Tower,12,14,21,14,61,11,22,106,29,168,23,36,127,43,229,48,62,110,339
01/27/2016,MHR,CA,AWP,WE,Federal Contract Tower,13,25,24,20,82,13,35,119,30,197,26,60,143,50,279,46,54,100,379
01/28/2016,MHR,CA,AWP,WE,Federal Contract Tower,12,23,16,10,61,12,32,53,16,113,24,55,69,26,174,12,32,44,218
01/29/2016,MHR,CA,AWP,WE,Federal Contract Tower,8,28,14,23,73,8,28,14,21,71,16,56,28,44,144,0,0,0,144
01/30/2016,MHR,CA,AWP,WE,Federal Contract Tower,6,1,4,0,11,6,2,19,0,27,12,3,23,0,38,8,0,8,46
01/31/2016,MHR,CA,AWP,WE,Federal Contract Tower,0,4,2,0,6,0,4,29,0,33,0,8,31,0,39,0,4,4,43
02/01/2016,MHR,CA,AWP,WE,Federal Contract Tower,4,17,17,3,41,4,25,83,9,121,8,42,100,12,162,66,22,88,250
02/02/2016,MHR,CA,AWP,WE,Federal Contract Tower,16,7,10,0,33,18,11,60,16,105,34,18,70,16,138,16,4,20,158
02/03/2016,MHR,CA,AWP,WE,Federal Contract Tower,13,27,17,50,107,13,35,77,62,187,26,62,94,112,294,98,104,202,496
02/04/2016,MHR,CA,AWP,WE,Federal Contract Tower,11,18,21,4,54,11,26,66,9,112,22,44,87,13,166,28,26,54,220
02/05/2016,MHR,CA,AWP,WE,Federal Contract Tower,8,11,22,10,51,9,20,87,18,134,17,31,109,28,185,106,120,226,411
02/06/2016,MHR,CA,AWP,WE,Federal Contract Tower,2,1,19,0,22,1,2,44,5,52,3,3,63,5,74,0,0,0,74
02/07/2016,MHR,CA,AWP,WE,Federal Contract Tower,0,8,28,0,36,0,8,40,1,49,0,16,68,1,85,0,16,16,101
02/08/2016,MHR,CA,AWP,WE,Federal Contract Tower,5,12,29,26,72,0,19,121,35,175,5,31,150,61,247,128,112,240,487
02/09/2016,MHR,CA,AWP,WE,Federal Contract Tower,12,20,8,17,57,11,26,62,29,128,23,46,70,46,185,102,64,166,351
02/10/2016,MHR,CA,AWP,WE,Federal Contract Tower,13,20,25,18,76,13,37,88,28,166,26,57,113,46,242,108,98,206,448
02/11/2016,MHR,CA,AWP,WE,Federal Contract Tower,17,17,19,12,65,17,31,90,17,155,34,48,109,29,220,60,38,98,318
02/12/2016,MHR,CA,AWP,WE,Federal Contract Tower,13,3,14,16,46,13,12,80,27,132,26,15,94,43,178,56,70,126,304
02/13/2016,MHR,CA,AWP,WE,Federal Contract Tower,3,1,12,0,16,5,4,39,0,48,8,5,51,0,64,44,0,44,108
02/14/2016,MHR,CA,AWP,WE,Federal Contract Tower,0,0,4,0,4,0,0,27,0,27,0,0,31,0,31,20,0,20,51
02/15/2016,MHR,CA,AWP,WE,Federal Contract Tower,4,1,25,0,30,4,7,91,0,102,8,8,116,0,132,46,0,46,178
02/16/2016,MHR,CA,AWP,WE,Federal Contract Tower,11,12,18,22,63,11,25,94,39,169,22,37,112,61,232,90,146,236,468
02/17/2016,MHR,CA,AWP,WE,Federal Contract Tower,10,19,12,34,75,10,21,30,59,120,20,40,42,93,195,38,182,220,415
02/18/2016,MHR,CA,AWP,WE,Federal Contract Tower,12,22,13,5,52,12,27,29,10,78,24,49,42,15,130,2,8,10,140
02/19/2016,MHR,CA,AWP,WE,Federal Contract Tower,7,17,23,17,64,7,28,59,21,115,14,45,82,38,179,50,80,130,309
02/20/2016,MHR,CA,AWP,WE,Federal Contract Tower,1,9,5,2,17,1,10,21,16,48,2,19,26,18,65,4,0,4,69
02/21/2016,MHR,CA,AWP,WE,Federal Contract Tower,0,1,16,0,17,0,1,77,0,78,0,2,93,0,95,40,0,40,135
02/22/2016,MHR,CA,AWP,WE,Federal Contract Tower,5,11,35,24,75,5,17,124,31,177,10,28,159,55,252,36,48,84,336
02/23/2016,MHR,CA,AWP,WE,Federal Contract Tower,11,12,30,15,68,12,18,98,24,152,23,30,128,39,220,50,34,84,304
02/24/2016,MHR,CA,AWP,WE,Federal Contract Tower,10,23,32,12,77,10,35,108,13,166,20,58,140,25,243,32,60,92,335
02/25/2016,MHR,CA,AWP,WE,Federal Contract Tower,11,18,47,8,84,11,33,111,16,171,22,51,158,24,255,50,32,82,337
02/26/2016,MHR,CA,AWP,WE,Federal Contract Tower,8,15,30,7,60,8,26,74,15,123,16,41,104,22,183,32,108,140,323
02/27/2016,MHR,CA,AWP,WE,Federal Contract Tower,3,8,3,2,16,3,6,35,2,46,6,14,38,4,62,8,0,8,70
02/28/2016,MHR,CA,AWP,WE,Federal Contract Tower,0,3,8,1,12,0,3,15,0,18,0,6,23,1,30,4,0,4,34
02/29/2016,MHR,CA,AWP,WE,Federal Contract Tower,4,16,20,3,43,4,25,105,6,140,8,41,125,9,183,22,16,38,221
03/01/2016,MHR,CA,AWP,WE,Federal Contract Tower,12,15,43,5,75,13,25,105,12,155,25,40,148,17,230,34,10,44,274
03/02/2016,MHR,CA,AWP,WE,Federal Contract Tower,13,21,32,26,92,13,29,116,41,199,26,50,148,67,291,58,128,186,477
03/03/2016,MHR,CA,AWP,WE,Federal Contract Tower,13,26,25,7,71,13,37,67,19,136,26,63,92,26,207,24,62,86,293
03/04/2016,MHR,CA,AWP,WE,Federal Contract Tower,10,21,15,9,55,10,24,42,14,90,20,45,57,23,145,70,64,134,279
03/05/2016,MHR,CA,AWP,WE,Federal Contract Tower,1,3,3,1,8,1,4,5,8,18,2,7,8,9,26,0,14,14,40
03/06/2016,MHR,CA,AWP,WE,Federal Contract Tower,0,2,5,1,8,0,2,21,1,24,0,4,26,2,32,2,0,2,34
03/07/2016,MHR,CA,AWP,WE,Federal Contract Tower,4,16,36,27,83,4,20,84,34,142,8,36,120,61,225,26,42,68,293
03/08/2016,MHR,CA,AWP,WE,Federal Contract Tower,15,28,26,31,100,15,39,94,43,191,30,67,120,74,291,46,138,184,475
03/09/2016,MHR,CA,AWP,WE,Federal Contract Tower,16,25,39,31,111,16,30,96,42,184,32,55,135,73,295,80,138,218,513
03/10/2016,MHR,CA,AWP,WE,Federal Contract Tower,9,31,29,25,94,9,35,49,38,131,18,66,78,63,225,0,72,72,297
03/11/2016,MHR,CA,AWP,WE,Federal Contract Tower,7,17,7,15,46,7,24,20,19,70,14,41,27,34,116,0,28,28,144
03/12/2016,MHR,CA,AWP,WE,Federal Contract Tower,5,6,5,0,16,6,7,12,0,25,11,13,17,0,41,0,0,0,41
03/13/2016,MHR,CA,AWP,WE,Federal Contract Tower,0,2,5,0,7,0,2,6,0,8,0,4,11,0,15,2,0,2,17
03/14/2016,MHR,CA,AWP,WE,Federal Contract Tower,5,18,29,20,72,5,32,90,30,157,10,50,119,50,229,32,84,116,345
03/15/2016,MHR,CA,AWP,WE,Federal Contract Tower,14,17,25,16,72,13,32,100,28,173,27,49,125,44,245,58,78,136,381
03/16/2016,MHR,CA,AWP,WE,Federal Contract Tower,12,14,28,26,80,12,23,130,80,245,24,37,158,106,325,52,116,168,493
03/17/2016,MHR,CA,AWP,WE,Federal Contract Tower,11,19,26,12,68,11,33,106,26,176,22,52,132,38,244,56,102,158,402
03/18/2016,MHR,CA,AWP,WE,Federal Contract Tower,9,17,31,11,68,9,23,96,15,143,18,40,127,26,211,38,62,100,311
03/19/2016,MHR,CA,AWP,WE,Federal Contract Tower,1,6,5,0,12,1,11,22,0,34,2,17,27,0,46,0,0,0,46
03/20/2016,MHR,CA,AWP,WE,Federal Contract Tower,0,6,19,0,25,0,9,28,0,37,0,15,47,0,62,4,0,4,66
03/21/2016,MHR,CA,AWP,WE,Federal Contract Tower,4,15,29,13,61,4,16,62,15,97,8,31,91,28,158,0,20,20,178
03/22/2016,MHR,CA,AWP,WE,Federal Contract Tower,13,19,29,2,63,18,25,91,9,143,31,44,120,11,206,90,40,130,336
03/23/2016,MHR,CA,AWP,WE,Federal Contract Tower,13,18,50,18,99,13,34,116,32,195,26,52,166,50,294,64,84,148,442
03/24/2016,MHR,CA,AWP,WE,Federal Contract Tower,11,16,20,14,61,11,27,85,23,146,22,43,105,37,207,82,50,132,339
03/25/2016,MHR,CA,AWP,WE,Federal Contract Tower,7,15,25,3,50,7,25,76,4,112,14,40,101,7,162,42,32,74,236
03/26/2016,MHR,CA,AWP,WE,Federal Contract Tower,3,1,19,3,26,5,6,59,2,72,8,7,78,5,98,10,0,10,108
03/27/2016,MHR,CA,AWP,WE,Federal Contract Tower,0,2,8,1,11,0,2,34,1,37,0,4,42,2,48,10,0,10,58
03/28/2016,MHR,CA,AWP,WE,Federal Contract Tower,4,16,16,4,40,4,24,98,4,130,8,40,114,8,170,72,26,98,268
03/29/2016,MHR,CA,AWP,WE,Federal Contract Tower,12,19,25,24,80,13,35,85,38,171,25,54,110,62,251,61,36,97,348
03/30/2016,MHR,CA,AWP,WE,Federal Contract Tower,14,15,35,17,81,14,24,113,37,188,28,39,148,54,269,114,76,190,459
03/31/2016,MHR,CA,AWP,WE,Federal Contract Tower,12,21,30,4,67,12,34,93,18,157,24,55,123,22,224,66,52,118,342
04/01/2016,MHR,CA,AWP,WE,Federal Contract Tower,8,19,32,15,74,7,27,94,20,148,15,46,126,35,222,150,90,240,462
04/02/2016,MHR,CA,AWP,WE,Federal Contract Tower,1,4,9,6,20,1,12,42,14,69,2,16,51,20,89,16,28,44,133
04/03/2016,MHR,CA,AWP,WE,Federal Contract Tower,0,1,11,5,17,0,2,25,9,36,0,3,36,14,53,8,20,28,81
04/04/2016,MHR,CA,AWP,WE,Federal Contract Tower,5,19,18,19,61,5,27,134,22,188,10,46,152,41,249,258,64,322,571
04/05/2016,MHR,CA,AWP,WE,Federal Contract Tower,15,15,20,20,70,15,25,105,33,178,30,40,125,53,248,124,40,164,412
04/06/2016,MHR,CA,AWP,WE,Federal Contract Tower,12,20,11,19,62,12,35,91,27,165,24,55,102,46,227,242,58,300,527
04/07/2016,MHR,CA,AWP,WE,Federal Contract Tower,14,17,33,8,72,14,25,110,18,167,28,42,143,26,239,178,8,186,425
04/08/2016,MHR,CA,AWP,WE,Federal Contract Tower,6,23,31,3,63,6,33,109,4,152,12,56,140,7,215,154,6,160,375
04/09/2016,MHR,CA,AWP,WE,Federal Contract Tower,0,21,20,0,41,0,13,27,0,40,0,34,47,0,81,2,0,2,83
04/10/2016,MHR,CA,AWP,WE,Federal Contract Tower,0,3,28,0,31,0,5,31,0,36,0,8,59,0,67,0,0,0,67
04/11/2016,MHR,CA,AWP,WE,Federal Contract Tower,3,13,34,4,54,3,15,118,8,144,6,28,152,12,198,208,0,208,406
04/12/2016,MHR,CA,AWP,WE,Federal Contract Tower,29,18,38,21,106,29,29,139,41,238,58,47,177,62,344,190,82,272,616
04/13/2016,MHR,CA,AWP,WE,Federal Contract Tower,32,22,27,22,103,32,47,128,38,245,64,69,155,60,348,284,80,364,712
04/14/2016,MHR,CA,AWP,WE,Federal Contract Tower,17,20,25,13,75,17,29,100,23,169,34,49,125,36,244,126,32,158,402
04/15/2016,MHR,CA,AWP,WE,Federal Contract Tower,6,14,12,8,40,6,29,35,16,86,12,43,47,24,126,20,16,36,162
04/16/2016,MHR,CA,AWP,WE,Federal Contract Tower,1,8,11,3,23,1,19,47,24,91,2,27,58,27,114,14,0,14,128
04/17/2016,MHR,CA,AWP,WE,Federal Contract Tower,0,2,11,0,13,0,3,60,12,75,0,5,71,12,88,14,0,14,102
04/18/2016,MHR,CA,AWP,WE,Federal Contract Tower,5,19,14,25,63,5,26,110,30,171,10,45,124,55,234,146,112,258,492
04/19/2016,MHR,CA,AWP,WE,Federal Contract Tower,14,16,24,22,76,14,28,174,50,266,28,44,198,72,342,240,118,358,700
04/20/2016,MHR,CA,AWP,WE,Federal Contract Tower,14,16,24,31,85,14,31,127,53,225,28,47,151,84,310,166,136,302,612
04/21/2016,MHR,CA,AWP,WE,Federal Contract Tower,13,13,27,22,75,13,33,119,35,200,26,46,146,57,275,144,120,264,539
04/22/2016,MHR,CA,AWP,WE,Federal Contract Tower,6,22,16,1,45,6,26,23,3,58,12,48,39,4,103,0,0,0,103
04/23/2016,MHR,CA,AWP,WE,Federal Contract Tower,1,1,17,0,19,1,10,36,0,47,2,11,53,0,66,22,0,22,88
04/24/2016,MHR,CA,AWP,WE,Federal Contract Tower,0,3,12,0,15,0,3,33,0,36,0,6,45,0,51,30,0,30,81
04/25/2016,MHR,CA,AWP,WE,Federal Contract Tower,6,27,28,7,68,6,35,100,14,155,12,62,128,21,223,102,40,142,365
04/26/2016,MHR,CA,AWP,WE,Federal Contract Tower,16,15,57,24,112,16,33,184,57,290,32,48,241,81,402,209,136,345,747
04/27/2016,MHR,CA,AWP,WE,Federal Contract Tower,11,18,17,10,56,11,26,90,18,145,22,44,107,28,201,102,78,180,381
04/28/2016,MHR,CA,AWP,WE,Federal Contract Tower,11,25,26,5,67,11,46,100,9,166,22,71,126,14,233,92,24,116,349
04/29/2016,MHR,CA,AWP,WE,Federal Contract Tower,7,20,27,17,71,7,27,97,26,157,14,47,124,43,228,188,105,293,521
04/30/2016,MHR,CA,AWP,WE,Federal Contract Tower,1,2,1,0,4,1,10,25,0,36,2,12,26,0,40,4,0,4,44
05/01/2016,MHR,CA,AWP,WE,Federal Contract Tower,0,0,11,0,11,0,0,36,0,36,0,0,47,0,47,16,0,16,63
05/02/2016,MHR,CA,AWP,WE,Federal Contract Tower,5,15,21,15,56,5,25,155,19,204,10,40,176,34,260,186,98,284,544
05/03/2016,MHR,CA,AWP,WE,Federal Contract Tower,17,18,26,15,76,17,34,121,18,190,34,52,147,33,266,240,24,264,530
05/04/2016,MHR,CA,AWP,WE,Federal Contract Tower,12,24,40,16,92,12,41,110,19,182,24,65,150,35,274,218,47,265,539
05/05/2016,MHR,CA,AWP,WE,Federal Contract Tower,14,23,15,38,90,14,39,80,44,177,28,62,95,82,267,152,118,270,537
05/06/2016,MHR,CA,AWP,WE,Federal Contract Tower,13,32,21,17,83,13,38,27,17,95,26,70,48,34,178,60,20,80,258
05/07/2016,MHR,CA,AWP,WE,Federal Contract Tower,2,5,30,10,47,2,10,35,18,65,4,15,65,28,112,8,4,12,124
05/08/2016,MHR,CA,AWP,WE,Federal Contract Tower,0,6,16,0,22,0,8,35,0,43,0,14,51,0,65,6,0,6,71
05/09/2016,MHR,CA,AWP,WE,Federal Contract Tower,3,24,12,27,66,3,36,118,48,205,6,60,130,75,271,166,94,260,531
05/10/2016,MHR,CA,AWP,WE,Federal Contract Tower,14,13,27,25,79,13,38,121,36,208,27,51,148,61,287,258,129,387,674
05/11/2016,MHR,CA,AWP,WE,Federal Contract Tower,11,26,24,20,81,11,42,150,35,238,22,68,174,55,319,178,108,286,605
05/12/2016,MHR,CA,AWP,WE,Federal Contract Tower,11,29,36,15,91,11,43,124,24,202,22,72,160,39,293,138,74,212,505
05/13/2016,MHR,CA,AWP,WE,Federal Contract Tower,8,34,27,32,101,8,49,94,34,185,16,83,121,66,286,133,54,187,473
05/14/2016,MHR,CA,AWP,WE,Federal Contract Tower,1,13,14,1,29,1,18,116,4,139,2,31,130,5,168,164,8,172,340
05/15/2016,MHR,CA,AWP,WE,Federal Contract Tower,0,3,17,1,21,0,5,139,4,148,0,8,156,5,169,22,4,26,195
05/16/2016,MHR,CA,AWP,WE,Federal Contract Tower,4,13,14,4,35,4,29,109,4,146,8,42,123,8,181,58,2,60,241
05/17/2016,MHR,CA,AWP,WE,Federal Contract Tower,15,16,40,2,73,15,28,91,8,142,30,44,131,10,215,6,6,12,227
05/18/2016,MHR,CA,AWP,WE,Federal Contract Tower,9,22,40,0,71,9,35,148,11,203,18,57,188,11,274,176,0,176,450
05/19/2016,MHR,CA,AWP,WE,Federal Contract Tower,13,20,53,0,86,13,33,116,2,164,26,53,169,2,250,22,0,22,272
05/20/2016,MHR,CA,AWP,WE,Federal Contract Tower,9,22,21,3,55,9,29,56,3,97,18,51,77,6,152,20,16,36,188
05/21/2016,MHR,CA,AWP,WE,Federal Contract Tower,1,11,22,4,38,1,26,16,3,46,2,37,38,7,84,0,0,0,84
05/22/2016,MHR,CA,AWP,WE,Federal Contract Tower,0,11,14,2,27,0,13,38,2,53,0,24,52,4,80,0,0,0,80
05/23/2016,MHR,CA,AWP,WE,Federal Contract Tower,4,22,39,3,68,4,37,157,6,204,8,59,196,9,272,122,10,132,404
05/24/2016,MHR,CA,AWP,WE,Federal Contract Tower,15,43,55,8,121,15,65,182,13,275,30,108,237,21,396,205,0,205,601
05/25/2016,MHR,CA,AWP,WE,Federal Contract Tower,13,28,45,8,94,13,45,105,14,177,26,73,150,22,271,52,0,52,323
05/26/2016,MHR,CA,AWP,WE,Federal Contract Tower,11,20,33,6,70,11,49,117,9,186,22,69,150,15,256,120,0,120,376
05/27/2016,MHR,CA,AWP,WE,Federal Contract Tower,11,17,45,0,73,10,33,121,2,166,21,50,166,2,239,88,0,88,327
05/28/2016,MHR,CA,AWP,WE,Federal Contract Tower,1,0,13,0,14,1,5,55,0,61,2,5,68,0,75,12,0,12,87
05/29/2016,MHR,CA,AWP,WE,Federal Contract Tower,0,0,6,0,6,0,7,25,2,34,0,7,31,2,40,16,0,16,56
05/30/2016,MHR,CA,AWP,WE,Federal Contract Tower,0,1,20,0,21,0,6,74,5,85,0,7,94,5,106,6,8,14,120
05/31/2016,MHR,CA,AWP,WE,Federal Contract Tower,5,24,24,17,70,5,47,115,27,194,10,71,139,44,264,98,104,202,466
06/01/2016,MHR,CA,AWP,WE,Federal Contract Tower,20,15,10,25,70,17,32,123,38,210,37,47,133,63,280,114,106,220,500
06/02/2016,MHR,CA,AWP,WE,Federal Contract Tower,10,22,17,11,60,10,42,144,33,229,20,64,161,44,289,110,52,162,451
06/03/2016,MHR,CA,AWP,WE,Federal Contract Tower,8,17,26,1,52,8,39,107,4,158,16,56,133,5,210,74,0,74,284
06/04/2016,MHR,CA,AWP,WE,Federal Contract Tower,1,3,13,1,18,1,12,35,1,49,2,15,48,2,67,20,0,20,87
06/05/2016,MHR,CA,AWP,WE,Federal Contract Tower,0,3,16,1,20,0,4,40,2,46,0,7,56,3,66,4,0,4,70
06/06/2016,MHR,CA,AWP,WE,Federal Contract Tower,4,14,14,9,41,4,35,105,15,159,8,49,119,24,200,68,62,130,330
06/07/2016,MHR,CA,AWP,WE,Federal Contract Tower,14,25,20,14,73,13,42,116,28,199,27,67,136,42,272,82,64,146,418
06/08/2016,MHR,CA,AWP,WE,Federal Contract Tower,12,20,20,19,71,12,44,101,26,183,24,64,121,45,254,46,22,68,322
06/09/2016,MHR,CA,AWP,WE,Federal Contract Tower,12,26,29,5,72,12,41,151,13,217,24,67,180,18,289,100,27,127,416
06/10/2016,MHR,CA,AWP,WE,Federal Contract Tower,8,17,27,24,76,8,30,112,28,178,16,47,139,52,254,78,48,126,380
06/11/2016,MHR,CA,AWP,WE,Federal Contract Tower,1,3,20,1,25,1,10,58,6,75,2,13,78,7,100,0,10,10,110
06/12/2016,MHR,CA,AWP,WE,Federal Contract Tower,0,6,15,0,21,0,6,40,0,46,0,12,55,0,67,0,0,0,67
06/13/2016,MHR,CA,AWP,WE,Federal Contract Tower,4,13,21,12,50,4,25,103,14,146,8,38,124,26,196,60,38,98,294
06/14/2016,MHR,CA,AWP,WE,Federal Contract Tower,15,14,24,20,73,15,35,74,20,144,30,49,98,40,217,12,48,60,277
06/15/2016,MHR,CA,AWP,WE,Federal Contract Tower,12,18,25,4,59,12,32,81,10,135,24,50,106,14,194,12,0,12,206
06/16/2016,MHR,CA,AWP,WE,Federal Contract Tower,12,24,26,3,65,12,48,90,10,160,24,72,116,13,225,48,24,72,297
06/17/2016,MHR,CA,AWP,WE,Federal Contract Tower,9,24,24,3,60,9,38,67,7,121,18,62,91,10,181,34,4,38,219
06/18/2016,MHR,CA,AWP,WE,Federal Contract Tower,1,1,7,2,11,1,8,66,2,77,2,9,73,4,88,10,0,10,98
06/19/2016,MHR,CA,AWP,WE,Federal Contract Tower,0,2,9,1,12,0,6,30,2,38,0,8,39,3,50,4,8,12,62
06/20/2016,MHR,CA,AWP,WE,Federal Contract Tower,4,17,10,16,47,4,37,127,26,194,8,54,137,42,241,108,62,170,411
06/21/2016,MHR,CA,AWP,WE,Federal Contract Tower,13,20,37,14,84,13,41,118,22,194,26,61,155,36,278,72,42,114,392
06/22/2016,MHR,CA,AWP,WE,Federal Contract Tower,10,14,15,15,54,10,37,102,21,170,20,51,117,36,224,50,52,102,326
06/23/2016,MHR,CA,AWP,WE,Federal Contract Tower,15,20,21,7,63,15,47,66,15,143,30,67,87,22,206,32,36,68,274
06/24/2016,MHR,CA,AWP,WE,Federal Contract Tower,8,12,32,3,55,8,29,106,5,148,16,41,138,8,203,2,0,2,205
06/25/2016,MHR,CA,AWP,WE,Federal Contract Tower,1,5,25,0,31,1,11,51,0,63,2,16,76,0,94,0,0,0,94
06/26/2016,MHR,CA,AWP,WE,Federal Contract Tower,0,6,7,0,13,0,9,28,1,38,0,15,35,1,51,0,0,0,51
06/27/2016,MHR,CA,AWP,WE,Federal Contract Tower,4,18,11,13,46,4,42,127,20,193,8,60,138,33,239,62,42,104,343
06/28/2016,MHR,CA,AWP,WE,Federal Contract Tower,12,20,29,9,70,13,47,104,20,184,25,67,133,29,254,60,62,122,376
06/29/2016,MHR,CA,AWP,WE,Federal Contract Tower,12,27,30,15,84,12,34,94,18,158,24,61,124,33,242,26,42,68,310
06/30/2016,MHR,CA,AWP,WE,Federal Contract Tower,11,23,23,15,72,11,45,87,20,163,22,68,110,35,235,58,48,106,341
07/01/2016,MHR,CA,AWP,WE,Federal Contract Tower,5,15,28,13,61,5,31,56,16,108,10,46,84,29,169,6,106,112,281
07/02/2016,MHR,CA,AWP,WE,Federal Contract Tower,1,2,23,2,28,1,14,51,2,68,2,16,74,4,96,2,4,6,102
07/03/2016,MHR,CA,AWP,WE,Federal Contract Tower,0,4,6,0,10,0,4,25,0,29,0,8,31,0,39,0,0,0,39
07/04/2016,MHR,CA,AWP,WE,Federal Contract Tower,0,5,12,0,17,0,7,29,2,38,0,12,41,2,55,0,0,0,55
07/05/2016,MHR,CA,AWP,WE,Federal Contract Tower,6,13,31,2,52,6,30,123,5,164,12,43,154,7,216,80,0,80,296
07/06/2016,MHR,CA,AWP,WE,Federal Contract Tower,18,10,28,12,68,18,85,121,22,246,36,95,149,34,314,90,66,156,470
07/07/2016,MHR,CA,AWP,WE,Federal Contract Tower,8,3,41,10,62,8,24,88,19,139,16,27,129,29,201,4,52,56,257
07/08/2016,MHR,CA,AWP,WE,Federal Contract Tower,12,6,30,6,54,17,26,79,9,131,29,32,109,15,185,46,44,90,275
07/09/2016,MHR,CA,AWP,WE,Federal Contract Tower,1,3,13,5,22,1,20,40,17,78,2,23,53,22,100,0,46,46,146
07/10/2016,MHR,CA,AWP,WE,Federal Contract Tower,0,4,34,1,39,0,12,60,2,74,0,16,94,3,113,8,0,8,121
07/11/2016,MHR,CA,AWP,WE,Federal Contract Tower,4,13,12,0,29,4,37,83,1,125,8,50,95,1,154,54,0,54,208
07/12/2016,MHR,CA,AWP,WE,Federal Contract Tower,13,16,25,6,60,13,35,102,17,167,26,51,127,23,227,40,12,52,279
07/13/2016,MHR,CA,AWP,WE,Federal Contract Tower,11,12,24,15,62,11,25,78,22,136,22,37,102,37,198,82,54,136,334
07/14/2016,MHR,CA,AWP,WE,Federal Contract Tower,14,20,25,14,73,14,44,74,25,157,28,64,99,39,230,36,60,96,326
07/15/2016,MHR,CA,AWP,WE,Federal Contract Tower,11,20,21,13,65,11,48,72,14,145,22,68,93,27,210,38,32,70,280
07/16/2016,MHR,CA,AWP,WE,Federal Contract Tower,2,0,27,4,33,2,6,60,5,73,4,6,87,9,106,14,0,14,120
07/17/2016,MHR,CA,AWP,WE,Federal Contract Tower,0,0,18,0,18,0,0,38,0,38,0,0,56,0,56,0,0,0,56
07/18/2016,MHR,CA,AWP,WE,Federal Contract Tower,4,24,29,14,71,4,40,107,26,177,8,64,136,40,248,62,56,118,366
07/19/2016,MHR,CA,AWP,WE,Federal Contract Tower,12,24,44,28,108,12,46,111,55,224,24,70,155,83,332,46,166,212,544
07/20/2016,MHR,CA,AWP,WE,Federal Contract Tower,13,28,44,16,101,13,50,142,22,227,26,78,186,38,328,34,90,124,452
07/21/2016,MHR,CA,AWP,WE,Federal Contract Tower,13,21,24,20,78,13,51,78,40,182,26,72,102,60,260,40,86,126,386
07/22/2016,MHR,CA,AWP,WE,Federal Contract Tower,8,16,23,7,54,8,38,75,10,131,16,54,98,17,185,36,26,62,247
07/23/2016,MHR,CA,AWP,WE,Federal Contract Tower,1,1,7,0,9,1,9,37,0,47,2,10,44,0,56,2,0,2,58
07/24/2016,MHR,CA,AWP,WE,Federal Contract Tower,0,5,12,0,17,0,12,31,3,46,0,17,43,3,63,0,0,0,63
07/25/2016,MHR,CA,AWP,WE,Federal Contract Tower,4,14,25,12,55,4,35,107,25,171,8,49,132,37,226,86,48,134,360
07/26/2016,MHR,CA,AWP,WE,Federal Contract Tower,13,12,39,12,76,13,35,117,28,193,26,47,156,40,269,112,68,180,449
07/27/2016,MHR,CA,AWP,WE,Federal Contract Tower,10,17,20,18,65,10,39,95,26,170,20,56,115,44,235,84,52,136,371
07/28/2016,MHR,CA,AWP,WE,Federal Contract Tower,13,26,19,16,74,12,55,94,24,185,25,81,113,40,259,34,70,104,363
07/29/2016,MHR,CA,AWP,WE,Federal Contract Tower,7,18,48,7,80,7,50,115,11,183,14,68,163,18,263,58,32,90,353
07/30/2016,MHR,CA,AWP,WE,Federal Contract Tower,1,3,5,0,9,0,15,15,0,30,1,18,20,0,39,4,0,4,43
07/31/2016,MHR,CA,AWP,WE,Federal Contract Tower,0,3,13,0,16,0,9,37,1,47,0,12,50,1,63,6,0,6,69
08/01/2016,MHR,CA,AWP,WE,Federal Contract Tower,5,20,21,16,62,5,40,94,21,160,10,60,115,37,222,56,12,68,290
08/02/2016,MHR,CA,AWP,WE,Federal Contract Tower,12,18,32,25,87,12,42,85,35,174,24,60,117,60,261,74,70,144,405
08/03/2016,MHR,CA,AWP,WE,Federal Contract Tower,13,21,24,27,85,13,41,112,49,215,26,62,136,76,300,128,64,192,492
08/04/2016,MHR,CA,AWP,WE,Federal Contract Tower,12,21,25,25,83,12,57,99,36,204,24,78,124,61,287,92,46,138,425
08/05/2016,MHR,CA,AWP,WE,Federal Contract Tower,7,20,27,7,61,7,30,84,9,130,14,50,111,16,191,24,0,24,215
08/06/2016,MHR,CA,AWP,WE,Federal Contract Tower,1,2,9,0,12,1,11,39,12,63,2,13,48,12,75,18,0,18,93
08/07/2016,MHR,CA,AWP,WE,Federal Contract Tower,0,9,17,22,48,0,18,52,29,99,0,27,69,51,147,6,0,6,153
08/08/2016,MHR,CA,AWP,WE,Federal Contract Tower,5,20,19,4,48,5,41,92,4,142,10,61,111,8,190,76,22,98,288
08/09/2016,MHR,CA,AWP,WE,Federal Contract Tower,15,12,32,10,69,15,31,100,22,168,30,43,132,32,237,114,70,184,421
08/10/2016,MHR,CA,AWP,WE,Federal Contract Tower,13,18,47,17,95,13,46,102,20,181,26,64,149,37,276,66,54,120,396
08/11/2016,MHR,CA,AWP,WE,Federal Contract Tower,15,18,42,20,95,15,56,120,33,224,30,74,162,53,319,60,90,150,469
08/12/2016,MHR,CA,AWP,WE,Federal Contract Tower,8,18,24,10,60,8,51,91,6,156,16,69,115,16,216,62,40,102,318
08/13/2016,MHR,CA,AWP,WE,Federal Contract Tower,1,2,18,0,21,1,10,40,0,51,2,12,58,0,72,6,0,6,78
08/14/2016,MHR,CA,AWP,WE,Federal Contract Tower,0,5,23,4,32,0,7,84,5,96,0,12,107,9,128,4,0,4,132
08/15/2016,MHR,CA,AWP,WE,Federal Contract Tower,4,16,15,6,41,4,29,106,15,154,8,45,121,21,195,40,46,86,281
08/16/2016,MHR,CA,AWP,WE,Federal Contract Tower,13,21,28,13,75,13,48,95,21,177,26,69,123,34,252,112,34,146,398
08/17/2016,MHR,CA,AWP,WE,Federal Contract Tower,10,18,32,15,75,10,42,122,24,198,20,60,154,39,273,88,52,140,413
08/18/2016,MHR,CA,AWP,WE,Federal Contract Tower,12,19,22,12,65,12,35,96,17,160,24,54,118,29,225,142,46,188,413
08/19/2016,MHR,CA,AWP,WE,Federal Contract Tower,7,16,18,12,53,7,36,68,25,136,14,52,86,37,189,68,26,94,283
08/20/2016,MHR,CA,AWP,WE,Federal Contract Tower,1,1,15,3,20,1,9,43,5,58,2,10,58,8,78,20,0,20,98
08/21/2016,MHR,CA,AWP,WE,Federal Contract Tower,0,10,32,3,45,0,16,64,7,87,0,26,96,10,132,8,0,8,140
08/22/2016,MHR,CA,AWP,WE,Federal Contract Tower,4,12,20,14,50,4,27,126,23,180,8,39,146,37,230,134,46,180,410
08/23/2016,MHR,CA,AWP,WE,Federal Contract Tower,14,12,20,23,69,13,36,110,32,191,27,48,130,55,260,64,100,164,424
08/24/2016,MHR,CA,AWP,WE,Federal Contract Tower,12,20,46,17,95,12,45,125,30,212,24,65,171,47,307,112,106,218,525
08/25/2016,MHR,CA,AWP,WE,Federal Contract Tower,14,19,34,13,80,14,45,139,23,221,28,64,173,36,301,198,78,276,577
08/26/2016,MHR,CA,AWP,WE,Federal Contract Tower,8,22,19,11,60,8,46,101,18,173,16,68,120,29,233,82,68,150,383
08/27/2016,MHR,CA,AWP,WE,Federal Contract Tower,1,2,7,0,10,1,14,21,0,36,2,16,28,0,46,12,0,12,58
08/28/2016,MHR,CA,AWP,WE,Federal Contract Tower,0,0,16,0,16,0,4,52,1,57,0,4,68,1,73,12,0,12,85
08/29/2016,MHR,CA,AWP,WE,Federal Contract Tower,4,15,26,13,58,4,37,167,24,232,8,52,193,37,290,132,72,204,494
08/30/2016,MHR,CA,AWP,WE,Federal Contract Tower,14,23,27,35,99,14,65,133,53,265,28,88,160,88,364,120,134,254,618
08/31/2016,MHR,CA,AWP,WE,Federal Contract Tower,12,22,21,39,94,11,53,142,42,248,23,75,163,81,342,166,116,282,624
09/01/2016,MHR,CA,AWP,WE,Federal Contract Tower,11,14,12,16,53,11,44,88,21,164,22,58,100,37,217,166,62,228,445
09/02/2016,MHR,CA,AWP,WE,Federal Contract Tower,7,12,16,5,40,7,36,93,7,143,14,48,109,12,183,202,44,246,429
09/03/2016,MHR,CA,AWP,WE,Federal Contract Tower,1,0,16,0,17,1,8,34,0,43,2,8,50,0,60,6,0,6,66
09/04/2016,MHR,CA,AWP,WE,Federal Contract Tower,0,3,6,2,11,0,3,33,2,38,0,6,39,4,49,38,0,38,87
09/05/2016,MHR,CA,AWP,WE,Federal Contract Tower,0,2,5,2,9,0,9,34,5,48,0,11,39,7,57,34,0,34,91
09/06/2016,MHR,CA,AWP,WE,Federal Contract Tower,7,19,22,25,73,7,42,120,43,212,14,61,142,68,285,140,126,266,551
09/07/2016,MHR,CA,AWP,WE,Federal Contract Tower,19,21,40,16,96,19,54,122,32,227,38,75,162,48,323,118,152,270,593
09/08/2016,MHR,CA,AWP,WE,Federal Contract Tower,11,22,24,13,70,10,48,95,32,185,21,70,119,45,255,168,130,298,553
09/09/2016,MHR,CA,AWP,WE,Federal Contract Tower,9,13,19,16,57,9,27,92,27,155,18,40,111,43,212,162,94,256,468
09/10/2016,MHR,CA,AWP,WE,Federal Contract Tower,1,5,11,3,20,1,14,40,9,64,2,19,51,12,84,14,0,14,98
09/11/2016,MHR,CA,AWP,WE,Federal Contract Tower,0,3,17,0,20,0,11,43,2,56,0,14,60,2,76,6,0,6,82
09/12/2016,MHR,CA,AWP,WE,Federal Contract Tower,4,14,15,0,33,4,33,107,5,149,8,47,122,5,182,74,32,106,288
09/13/2016,MHR,CA,AWP,WE,Federal Contract Tower,14,16,22,11,63,14,37,76,26,153,28,53,98,37,216,194,6,200,416
09/14/2016,MHR,CA,AWP,WE,Federal Contract Tower,15,27,30,3,75,15,57,132,13,217,30,84,162,16,292,326,14,340,632
09/15/2016,MHR,CA,AWP,WE,Federal Contract Tower,12,19,22,5,58,12,53,129,37,231,24,72,151,42,289,112,68,180,469
09/16/2016,MHR,CA,AWP,WE,Federal Contract Tower,9,19,25,13,66,10,42,120,20,192,19,61,145,33,258,148,64,212,470
09/17/2016,MHR,CA,AWP,WE,Federal Contract Tower,5,4,2,0,11,13,11,51,1,76,18,15,53,1,87,12,0,12,99
09/18/2016,MHR,CA,AWP,WE,Federal Contract Tower,0,6,11,0,17,0,13,41,0,54,0,19,52,0,71,14,0,14,85
09/19/2016,MHR,CA,AWP,WE,Federal Contract Tower,3,18,21,13,55,3,36,142,20,201,6,54,163,33,256,168,82,250,506
09/20/2016,MHR,CA,AWP,WE,Federal Contract Tower,12,17,12,2,43,12,47,97,12,168,24,64,109,14,211,167,0,167,378
09/21/2016,MHR,CA,AWP,WE,Federal Contract Tower,10,20,12,3,45,10,37,83,10,140,20,57,95,13,185,154,0,154,339
09/22/2016,MHR,CA,AWP,WE,Federal Contract Tower,11,12,22,5,50,11,32,108,6,157,22,44,130,11,207,180,0,180,387
09/23/2016,MHR,CA,AWP,WE,Federal Contract Tower,8,14,6,10,38,8,46,78,11,143,16,60,84,21,181,114,20,134,315
09/24/2016,MHR,CA,AWP,WE,Federal Contract Tower,1,0,17,0,18,1,12,37,0,50,2,12,54,0,68,6,0,6,74
09/25/2016,MHR,CA,AWP,WE,Federal Contract Tower,0,2,12,9,23,0,5,82,8,95,0,7,94,17,118,52,0,52,170
09/26/2016,MHR,CA,AWP,WE,Federal Contract Tower,4,18,18,35,75,4,36,131,48,219,8,54,149,83,294,72,114,186,480
09/27/2016,MHR,CA,AWP,WE,Federal Contract Tower,12,13,24,18,67,12,35,141,29,217,24,48,165,47,284,140,80,220,504
09/29/2016,MHR,CA,AWP,WE,Federal Contract Tower,10,15,17,12,54,10,44,148,39,241,20,59,165,51,295,96,26,122,417
09/30/2016,MHR,CA,AWP,WE,Federal Contract Tower,9,10,2,4,25,9,33,120,9,171,18,43,122,13,196,18,0,18,214
10/01/2016,MHR,CA,AWP,WE,Federal Contract Tower,1,0,1,0,2,1,10,142,77,230,2,10,143,77,232,6,0,6,238
10/02/2016,MHR,CA,AWP,WE,Federal Contract Tower,0,0,5,2,7,0,15,112,3,130,0,15,117,5,137,0,0,0,137
10/03/2016,MHR,CA,AWP,WE,Federal Contract Tower,4,26,25,7,62,4,36,158,12,210,8,62,183,19,272,61,0,61,333
10/04/2016,MHR,CA,AWP,WE,Federal Contract Tower,15,17,38,15,85,15,36,148,39,238,30,53,186,54,323,60,118,178,501
10/05/2016,MHR,CA,AWP,WE,Federal Contract Tower,11,19,26,22,78,11,47,110,22,190,22,66,136,44,268,118,22,140,408
10/06/2016,MHR,CA,AWP,WE,Federal Contract Tower,12,19,33,17,81,12,41,128,20,201,24,60,161,37,282,120,48,168,450
10/08/2016,MHR,CA,AWP,WE,Federal Contract Tower,1,3,30,0,34,1,15,59,0,75,2,18,89,0,109,26,0,26,135
10/09/2016,MHR,CA,AWP,WE,Federal Contract Tower,0,1,21,0,22,0,9,54,0,63,0,10,75,0,85,16,0,16,101
10/10/2016,MHR,CA,AWP,WE,Federal Contract Tower,4,17,23,0,44,4,33,110,0,147,8,50,133,0,191,50,0,50,241
10/11/2016,MHR,CA,AWP,WE,Federal Contract Tower,16,19,32,14,81,16,42,119,23,200,32,61,151,37,281,96,40,136,417
10/12/2016,MHR,CA,AWP,WE,Federal Contract Tower,13,22,32,15,82,13,43,111,24,191,26,65,143,39,273,64,74,138,411
10/13/2016,MHR,CA,AWP,WE,Federal Contract Tower,10,14,37,17,78,10,34,115,23,182,20,48,152,40,260,72,42,114,374
10/14/2016,MHR,CA,AWP,WE,Federal Contract Tower,9,27,18,7,61,8,32,27,7,74,17,59,45,14,135,6,0,6,141
10/15/2016,MHR,CA,AWP,WE,Federal Contract Tower,1,4,9,0,14,1,9,9,0,19,2,13,18,0,33,0,0,0,33
10/16/2016,MHR,CA,AWP,WE,Federal Contract Tower,0,7,21,2,30,0,3,24,2,29,0,10,45,4,59,0,0,0,59
10/17/2016,MHR,CA,AWP,WE,Federal Contract Tower,4,13,24,11,52,4,32,118,13,167,8,45,142,24,219,56,28,84,303
10/18/2016,MHR,CA,AWP,WE,Federal Contract Tower,14,22,23,7,66,14,50,132,15,211,28,72,155,22,277,48,38,86,363
10/19/2016,MHR,CA,AWP,WE,Federal Contract Tower,12,19,20,14,65,12,40,116,17,185,24,59,136,31,250,82,38,120,370
10/20/2016,MHR,CA,AWP,WE,Federal Contract Tower,11,16,27,13,67,11,42,158,20,231,22,58,185,33,298,54,50,104,402
10/21/2016,MHR,CA,AWP,WE,Federal Contract Tower,5,28,16,4,53,4,39,105,13,161,9,67,121,17,214,28,20,48,262
10/22/2016,MHR,CA,AWP,WE,Federal Contract Tower,1,3,34,2,40,1,14,66,3,84,2,17,100,5,124,10,10,20,144
10/23/2016,MHR,CA,AWP,WE,Federal Contract Tower,0,1,16,0,17,0,7,45,1,53,0,8,61,1,70,14,0,14,84
10/24/2016,MHR,CA,AWP,WE,Federal Contract Tower,4,19,12,10,45,4,31,111,13,159,8,50,123,23,204,34,22,56,260
10/25/2016,MHR,CA,AWP,WE,Federal Contract Tower,17,16,17,27,77,17,45,71,36,169,34,61,88,63,246,56,70,126,372
10/26/2016,MHR,CA,AWP,WE,Federal Contract Tower,11,24,34,19,88,11,43,125,25,204,22,67,159,44,292,90,28,118,410
10/27/2016,MHR,CA,AWP,WE,Federal Contract Tower,12,25,23,9,69,12,34,86,16,148,24,59,109,25,217,12,14,26,243
10/28/2016,MHR,CA,AWP,WE,Federal Contract Tower,8,24,33,10,75,7,27,33,13,80,15,51,66,23,155,0,0,0,155
10/29/2016,MHR,CA,AWP,WE,Federal Contract Tower,1,6,18,2,27,1,8,24,3,36,2,14,42,5,63,8,0,8,71
10/30/2016,MHR,CA,AWP,WE,Federal Contract Tower,0,7,3,0,10,0,20,4,0,24,0,27,7,0,34,0,0,0,34
10/31/2016,MHR,CA,AWP,WE,Federal Contract Tower,4,24,15,18,61,4,43,109,23,179,8,67,124,41,240,36,44,80,320
11/01/2016,MHR,CA,AWP,WE,Federal Contract Tower,12,32,29,10,83,12,51,108,12,183,24,83,137,22,266,64,50,114,380
11/02/2016,MHR,CA,AWP,WE,Federal Contract Tower,10,21,13,24,68,10,49,105,33,197,20,70,118,57,265,90,50,140,405
11/03/2016,MHR,CA,AWP,WE,Federal Contract Tower,13,17,28,16,74,13,41,114,32,200,26,58,142,48,274,78,60,138,412
11/04/2016,MHR,CA,AWP,WE,Federal Contract Tower,7,21,22,7,57,7,49,86,15,157,14,70,108,22,214,10,50,60,274
11/05/2016,MHR,CA,AWP,WE,Federal Contract Tower,1,4,20,1,26,1,9,49,2,61,2,13,69,3,87,10,10,20,107
11/06/2016,MHR,CA,AWP,WE,Federal Contract Tower,0,2,8,3,13,0,14,37,3,54,0,16,45,6,67,12,0,12,79
11/07/2016,MHR,CA,AWP,WE,Federal Contract Tower,4,12,25,18,59,4,28,108,26,166,8,40,133,44,225,8,58,66,291
11/08/2016,MHR,CA,AWP,WE,Federal Contract Tower,12,10,23,17,62,12,29,107,26,174,24,39,130,43,236,44,14,58,294
11/09/2016,MHR,CA,AWP,WE,Federal Contract Tower,11,17,12,3,43,11,47,65,8,131,22,64,77,11,174,44,16,60,234
11/10/2016,MHR,CA,AWP,WE,Federal Contract Tower,11,18,20,12,61,11,51,107,16,185,22,69,127,28,246,46,18,64,310
11/11/2016,MHR,CA,AWP,WE,Federal Contract Tower,8,24,35,1,68,8,44,84,0,136,16,68,119,1,204,32,0,32,236
11/12/2016,MHR,CA,AWP,WE,Federal Contract Tower,1,1,15,1,18,1,11,34,1,47,2,12,49,2,65,4,0,4,69
11/13/2016,MHR,CA,AWP,WE,Federal Contract Tower,0,1,14,4,19,0,3,53,5,61,0,4,67,9,80,24,8,32,112
11/14/2016,MHR,CA,AWP,WE,Federal Contract Tower,4,11,20,11,46,4,27,107,18,156,8,38,127,29,202,14,52,66,268
11/15/2016,MHR,CA,AWP,WE,Federal Contract Tower,17,20,23,11,71,17,37,86,12,152,34,57,109,23,223,50,6,56,279
11/16/2016,MHR,CA,AWP,WE,Federal Contract Tower,11,18,59,10,98,11,40,127,20,198,22,58,186,30,296,24,34,58,354
11/17/2016,MHR,CA,AWP,WE,Federal Contract Tower,11,26,33,12,82,11,64,98,18,191,22,90,131,30,273,28,46,74,347
11/18/2016,MHR,CA,AWP,WE,Federal Contract Tower,10,31,32,0,73,10,53,102,17,182,20,84,134,17,255,40,46,86,341
11/19/2016,MHR,CA,AWP,WE,Federal Contract Tower,3,8,11,4,26,3,12,12,4,31,6,20,23,8,57,0,0,0,57
11/20/2016,MHR,CA,AWP,WE,Federal Contract Tower,0,2,11,2,15,0,17,13,2,32,0,19,24,4,47,0,0,0,47
11/21/2016,MHR,CA,AWP,WE,Federal Contract Tower,4,5,34,10,53,4,20,62,11,97,8,25,96,21,150,22,4,26,176
11/22/2016,MHR,CA,AWP,WE,Federal Contract Tower,16,14,46,23,99,16,38,110,33,197,32,52,156,56,296,92,17,109,405
11/23/2016,MHR,CA,AWP,WE,Federal Contract Tower,12,9,22,5,48,12,32,71,10,125,24,41,93,15,173,39,8,47,220
11/24/2016,MHR,CA,AWP,WE,Federal Contract Tower,3,9,0,0,12,3,15,14,2,34,6,24,14,2,46,0,0,0,46
11/25/2016,MHR,CA,AWP,WE,Federal Contract Tower,8,11,13,0,32,8,31,28,0,67,16,42,41,0,99,10,0,10,109
11/26/2016,MHR,CA,AWP,WE,Federal Contract Tower,4,11,19,0,34,4,16,23,0,43,8,27,42,0,77,0,0,0,77
11/27/2016,MHR,CA,AWP,WE,Federal Contract Tower,1,2,13,1,17,0,8,36,2,46,1,10,49,3,63,32,10,42,105
11/28/2016,MHR,CA,AWP,WE,Federal Contract Tower,2,18,38,29,87,2,35,88,23,148,4,53,126,52,235,24,14,38,273
11/29/2016,MHR,CA,AWP,WE,Federal Contract Tower,19,13,38,5,75,19,42,83,16,160,38,55,121,21,235,20,4,24,259
11/30/2016,MHR,CA,AWP,WE,Federal Contract Tower,18,30,46,9,103,18,57,105,15,195,36,87,151,24,298,72,66,138,436
12/01/2016,MHR,CA,AWP,WE,Federal Contract Tower,18,16,37,9,80,18,48,89,23,178,36,64,126,32,258,6,42,48,306
12/02/2016,MHR,CA,AWP,WE,Federal Contract Tower,11,21,18,4,54,11,51,44,0,106,22,72,62,4,160,6,0,6,166
12/03/2016,MHR,CA,AWP,WE,Federal Contract Tower,2,7,11,0,20,2,18,27,0,47,4,25,38,0,67,4,0,4,71
12/04/2016,MHR,CA,AWP,WE,Federal Contract Tower,1,3,4,7,15,1,8,28,8,45,2,11,32,15,60,12,8,20,80
12/05/2016,MHR,CA,AWP,WE,Federal Contract Tower,3,11,28,15,57,3,38,87,20,148,6,49,115,35,205,22,44,66,271
12/06/2016,MHR,CA,AWP,WE,Federal Contract Tower,24,21,33,20,98,24,45,97,31,197,48,66,130,51,295,94,92,186,481
12/07/2016,MHR,CA,AWP,WE,Federal Contract Tower,22,35,64,18,139,22,49,97,28,196,44,84,161,46,335,32,64,96,431
12/08/2016,MHR,CA,AWP,WE,Federal Contract Tower,19,41,21,0,81,19,41,21,0,81,38,82,42,0,162,0,10,10,172
12/09/2016,MHR,CA,AWP,WE,Federal Contract Tower,11,44,36,2,93,11,58,40,1,110,22,102,76,3,203,2,0,2,205
12/10/2016,MHR,CA,AWP,WE,Federal Contract Tower,3,7,7,0,17,3,9,7,0,19,6,16,14,0,36,0,0,0,36
12/11/2016,MHR,CA,AWP,WE,Federal Contract Tower,1,2,39,0,42,1,2,39,0,42,2,4,78,0,84,0,0,0,84
12/12/2016,MHR,CA,AWP,WE,Federal Contract Tower,6,13,26,10,55,6,31,80,15,132,12,44,106,25,187,32,24,56,243
12/13/2016,MHR,CA,AWP,WE,Federal Contract Tower,36,27,26,38,127,36,41,58,49,184,72,68,84,87,311,10,74,84,395
12/14/2016,MHR,CA,AWP,WE,Federal Contract Tower,36,26,31,3,96,36,37,50,4,127,72,63,81,7,223,24,18,42,265
12/15/2016,MHR,CA,AWP,WE,Federal Contract Tower,36,35,17,3,91,36,38,18,3,95,72,73,35,6,186,0,0,0,186
12/16/2016,MHR,CA,AWP,WE,Federal Contract Tower,17,20,13,0,50,18,51,61,3,133,35,71,74,3,183,22,0,22,205
12/17/2016,MHR,CA,AWP,WE,Federal Contract Tower,12,5,29,2,48,12,19,54,4,89,24,24,83,6,137,0,8,8,145
12/18/2016,MHR,CA,AWP,WE,Federal Contract Tower,11,3,14,0,28,11,17,50,3,81,22,20,64,3,109,8,2,10,119
12/19/2016,MHR,CA,AWP,WE,Federal Contract Tower,15,15,28,1,59,15,36,131,6,188,30,51,159,7,247,30,0,30,277
12/20/2016,MHR,CA,AWP,WE,Federal Contract Tower,44,13,44,45,146,44,45,116,54,259,88,58,160,99,405,50,152,202,607
12/21/2016,MHR,CA,AWP,WE,Federal Contract Tower,40,20,37,8,105,40,56,104,16,216,80,76,141,24,321,42,26,68,389
12/22/2016,MHR,CA,AWP,WE,Federal Contract Tower,33,20,45,8,106,33,45,91,14,183,66,65,136,22,289,12,42,54,343
12/23/2016,MHR,CA,AWP,WE,Federal Contract Tower,17,38,16,0,71,17,45,17,3,82,34,83,33,3,153,0,0,0,153
12/24/2016,MHR,CA,AWP,WE,Federal Contract Tower,10,9,5,0,24,10,27,16,0,53,20,36,21,0,77,2,0,2,79
12/25/2016,MHR,CA,AWP,WE,Federal Contract Tower,0,0,5,0,5,0,8,7,0,15,0,8,12,0,20,0,0,0,20
12/26/2016,MHR,CA,AWP,WE,Federal Contract Tower,0,5,13,0,18,0,12,55,0,67,0,17,68,0,85,4,0,4,89
12/27/2016,MHR,CA,AWP,WE,Federal Contract Tower,6,10,32,3,51,6,38,109,4,157,12,48,141,7,208,16,4,20,228
12/28/2016,MHR,CA,AWP,WE,Federal Contract Tower,25,1,32,15,73,25,29,110,25,189,50,30,142,40,262,2,0,2,264
12/29/2016,MHR,CA,AWP,WE,Federal Contract Tower,16,3,17,12,48,16,31,65,31,143,32,34,82,43,191,22,50,72,263
12/30/2016,MHR,CA,AWP,WE,Federal Contract Tower,12,18,28,7,65,12,39,48,8,107,24,57,76,15,172,6,14,20,192
12/31/2016,MHR,CA,AWP,WE,Federal Contract Tower,1,3,12,7,23,1,14,20,8,43,2,17,32,15,66,0,2,2,68
01/01/2017,MHR,CA,AWP,WE,Federal Contract Tower,0,1,7,0,8,0,6,9,0,15,0,7,16,0,23,6,0,6,29
01/02/2017,MHR,CA,AWP,WE,Federal Contract Tower,0,2,13,0,15,0,3,42,0,45,0,5,55,0,60,14,0,14,74
01/03/2017,MHR,CA,AWP,WE,Federal Contract Tower,6,10,24,4,44,6,11,30,5,52,12,21,54,9,96,0,6,6,102
01/04/2017,MHR,CA,AWP,WE,Federal Contract Tower,16,25,61,4,106,16,27,65,6,114,32,52,126,10,220,2,0,2,222
01/05/2017,MHR,CA,AWP,WE,Federal Contract Tower,10,8,28,11,57,10,27,66,17,120,20,35,94,28,177,34,16,50,227
01/06/2017,MHR,CA,AWP,WE,Federal Contract Tower,10,8,28,18,64,10,28,85,29,152,20,36,113,47,216,49,14,63,279
01/07/2017,MHR,CA,AWP,WE,Federal Contract Tower,1,4,6,1,12,1,4,6,4,15,2,8,12,5,27,0,26,26,53
01/08/2017,MHR,CA,AWP,WE,Federal Contract Tower,0,1,8,0,9,0,1,9,3,13,0,2,17,3,22,0,6,6,28
01/09/2017,MHR,CA,AWP,WE,Federal Contract Tower,6,18,24,14,62,6,29,86,14,135,12,47,110,28,197,12,2,14,211
01/10/2017,MHR,CA,AWP,WE,Federal Contract Tower,13,18,5,2,38,13,18,5,2,38,26,36,10,4,76,0,0,0,76
01/11/2017,MHR,CA,AWP,WE,Federal Contract Tower,14,18,33,20,85,14,36,78,38,166,28,54,111,58,251,104,108,212,463
01/12/2017,MHR,CA,AWP,WE,Federal Contract Tower,13,20,19,17,69,14,32,30,28,104,27,52,49,45,173,0,30,30,203
01/13/2017,MHR,CA,AWP,WE,Federal Contract Tower,8,5,37,10,60,8,26,90,13,137,16,31,127,23,197,36,34,70,267
01/14/2017,MHR,CA,AWP,WE,Federal Contract Tower,1,13,9,0,23,1,16,9,0,26,2,29,18,0,49,0,0,0,49
01/15/2017,MHR,CA,AWP,WE,Federal Contract Tower,0,4,24,0,28,0,7,36,0,43,0,11,60,0,71,0,0,0,71
01/16/2017,MHR,CA,AWP,WE,Federal Contract Tower,6,4,24,0,34,6,22,86,0,114,12,26,110,0,148,106,0,106,254
01/17/2017,MHR,CA,AWP,WE,Federal Contract Tower,13,31,27,19,90,13,41,73,24,151,26,72,100,43,241,106,12,118,359
01/18/2017,MHR,CA,AWP,WE,Federal Contract Tower,16,13,18,5,52,16,21,31,6,74,32,34,49,11,126,8,6,14,140
01/19/2017,MHR,CA,AWP,WE,Federal Contract Tower,14,21,21,1,57,14,34,58,13,119,28,55,79,14,176,6,24,30,206
01/20/2017,MHR,CA,AWP,WE,Federal Contract Tower,9,18,12,3,42,9,25,14,3,51,18,43,26,6,93,0,0,0,93
01/21/2017,MHR,CA,AWP,WE,Federal Contract Tower,1,8,10,4,23,1,8,11,4,24,2,16,21,8,47,0,0,0,47
01/22/2017,MHR,CA,AWP,WE,Federal Contract Tower,0,1,4,0,5,0,1,4,0,5,0,2,8,0,10,0,0,0,10
01/23/2017,MHR,CA,AWP,WE,Federal Contract Tower,6,26,18,5,55,6,36,78,10,130,12,62,96,15,185,46,18,64,249
01/24/2017,MHR,CA,AWP,WE,Federal Contract Tower,16,16,44,27,103,16,38,144,45,243,32,54,188,72,346,128,146,274,620
01/25/2017,MHR,CA,AWP,WE,Federal Contract Tower,19,11,32,8,70,19,34,137,15,205,38,45,169,23,275,124,14,138,413
01/26/2017,MHR,CA,AWP,WE,Federal Contract Tower,14,26,23,12,75,14,54,106,19,193,28,80,129,31,268,120,26,146,414
01/27/2017,MHR,CA,AWP,WE,Federal Contract Tower,8,18,32,13,71,8,43,113,15,179,16,61,145,28,250,184,24,208,458
01/28/2017,MHR,CA,AWP,WE,Federal Contract Tower,1,5,9,0,15,1,19,31,0,51,2,24,40,0,66,12,0,12,78
01/29/2017,MHR,CA,AWP,WE,Federal Contract Tower,0,7,29,2,38,0,13,57,2,72,0,20,86,4,110,32,0,32,142
01/30/2017,MHR,CA,AWP,WE,Federal Contract Tower,6,19,15,11,51,6,49,129,14,198,12,68,144,25,249,128,14,142,391
01/31/2017,MHR,CA,AWP,WE,Federal Contract Tower,11,11,26,16,64,11,29,140,26,206,22,40,166,42,270,208,122,330,600
02/01/2017,MHR,CA,AWP,WE,Federal Contract Tower,14,30,29,20,93,14,59,97,31,201,28,89,126,51,294,262,54,316,610
02/02/2017,MHR,CA,AWP,WE,Federal Contract Tower,15,26,22,11,74,15,48,36,15,114,30,74,58,26,188,8,22,30,218
02/03/2017,MHR,CA,AWP,WE,Federal Contract Tower,8,25,16,5,54,18,32,20,6,76,26,57,36,11,130,6,12,18,148
02/04/2017,MHR,CA,AWP,WE,Federal Contract Tower,1,5,23,2,31,1,15,36,3,55,2,20,59,5,86,0,0,0,86
02/05/2017,MHR,CA,AWP,WE,Federal Contract Tower,0,0,14,3,17,0,3,21,0,24,0,3,35,3,41,0,18,18,59
02/06/2017,MHR,CA,AWP,WE,Federal Contract Tower,6,25,14,6,51,6,26,16,7,55,12,51,30,13,106,0,0,0,106
02/07/2017,MHR,CA,AWP,WE,Federal Contract Tower,14,20,9,7,50,14,34,27,9,84,28,54,36,16,134,0,4,4,138
02/08/2017,MHR,CA,AWP,WE,Federal Contract Tower,12,27,27,4,70,16,33,24,8,81,28,60,51,12,151,0,18,18,169
02/09/2017,MHR,CA,AWP,WE,Federal Contract Tower,12,20,16,0,48,12,30,20,0,62,24,50,36,0,110,0,0,0,110
02/10/2017,MHR,CA,AWP,WE,Federal Contract Tower,8,20,37,7,72,8,33,65,17,123,16,53,102,24,195,104,18,122,317
02/11/2017,MHR,CA,AWP,WE,Federal Contract Tower,3,3,15,1,22,3,17,62,6,88,6,20,77,7,110,82,0,82,192
02/12/2017,MHR,CA,AWP,WE,Federal Contract Tower,0,1,14,2,17,0,10,49,13,72,0,11,63,15,89,18,6,24,113
02/13/2017,MHR,CA,AWP,WE,Federal Contract Tower,9,20,8,2,39,9,31,125,12,177,18,51,133,14,216,208,0,208,424
02/14/2017,MHR,CA,AWP,WE,Federal Contract Tower,16,9,24,13,62,16,44,147,29,236,32,53,171,42,298,336,72,408,706
02/15/2017,MHR,CA,AWP,WE,Federal Contract Tower,13,13,31,2,59,13,39,149,5,206,26,52,180,7,265,246,26,272,537
02/16/2017,MHR,CA,AWP,WE,Federal Contract Tower,15,27,20,7,69,15,40,32,14,101,30,67,52,21,170,4,6,10,180
02/17/2017,MHR,CA,AWP,WE,Federal Contract Tower,8,14,9,10,41,8,16,13,7,44,16,30,22,17,85,2,38,40,125
02/18/2017,MHR,CA,AWP,WE,Federal Contract Tower,1,1,3,0,5,1,13,10,5,29,2,14,13,5,34,4,2,6,40
02/19/2017,MHR,CA,AWP,WE,Federal Contract Tower,0,1,8,0,9,0,23,12,6,41,0,24,20,6,50,0,0,0,50
02/20/2017,MHR,CA,AWP,WE,Federal Contract Tower,7,12,7,1,27,7,12,7,1,27,14,24,14,2,54,0,0,0,54
02/21/2017,MHR,CA,AWP,WE,Federal Contract Tower,13,14,20,9,56,13,32,86,15,146,26,46,106,24,202,88,2,90,292
02/22/2017,MHR,CA,AWP,WE,Federal Contract Tower,13,10,22,15,60,13,30,108,31,182,26,40,130,46,242,226,66,292,534
02/23/2017,MHR,CA,AWP,WE,Federal Contract Tower,13,17,33,13,76,13,40,92,21,166,26,57,125,34,242,158,78,236,478
02/24/2017,MHR,CA,AWP,WE,Federal Contract Tower,8,9,17,4,38,8,28,97,16,149,16,37,114,20,187,212,8,220,407
02/25/2017,MHR,CA,AWP,WE,Federal Contract Tower,1,3,20,4,28,1,18,39,6,64,2,21,59,10,92,20,2,22,114
02/26/2017,MHR,CA,AWP,WE,Federal Contract Tower,0,1,11,4,16,0,5,32,0,37,0,6,43,4,53,28,0,28,81
02/27/2017,MHR,CA,AWP,WE,Federal Contract Tower,7,7,12,14,40,7,25,131,17,180,14,32,143,31,220,126,22,148,368
02/28/2017,MHR,CA,AWP,WE,Federal Contract Tower,14,10,18,18,60,14,39,115,34,202,28,49,133,52,262,142,140,282,544
03/01/2017,MHR,CA,AWP,WE,Federal Contract Tower,13,13,35,16,77,13,36,126,22,197,26,49,161,38,274,150,50,200,474
03/02/2017,MHR,CA,AWP,WE,Federal Contract Tower,15,8,32,11,66,15,28,102,14,159,30,36,134,25,225,180,6,186,411
03/03/2017,MHR,CA,AWP,WE,Federal Contract Tower,13,22,26,13,74,7,34,81,28,150,20,56,107,41,224,116,44,160,384
03/05/2017,MHR,CA,AWP,WE,Federal Contract Tower,0,2,0,1,3,0,7,18,6,31,0,9,18,7,34,0,0,0,34
03/06/2017,MHR,CA,AWP,WE,Federal Contract Tower,6,17,9,10,42,6,26,47,24,103,12,43,56,34,145,24,28,52,197
03/07/2017,MHR,CA,AWP,WE,Federal Contract Tower,13,19,17,10,59,13,38,91,12,154,26,57,108,22,213,50,56,106,319
03/08/2017,MHR,CA,AWP,WE,Federal Contract Tower,14,19,41,15,89,13,56,139,23,231,27,75,180,38,320,154,46,200,520
03/09/2017,MHR,CA,AWP,WE,Federal Contract Tower,19,19,19,13,70,19,43,152,18,232,38,62,171,31,302,178,86,264,566
03/10/2017,MHR,CA,AWP,WE,Federal Contract Tower,10,20,20,11,61,10,45,67,18,140,20,65,87,29,201,50,6,56,257
03/11/2017,MHR,CA,AWP,WE,Federal Contract Tower,1,3,16,6,26,1,10,33,7,51,2,13,49,13,77,12,0,12,89
03/13/2017,MHR,CA,AWP,WE,Federal Contract Tower,6,15,17,2,40,6,36,186,5,233,12,51,203,7,273,114,18,132,405
03/14/2017,MHR,CA,AWP,WE,Federal Contract Tower,14,17,21,8,60,14,41,115,17,187,28,58,136,25,247,146,62,208,455
03/15/2017,MHR,CA,AWP,WE,Federal Contract Tower,12,11,23,14,60,12,31,99,31,173,24,42,122,45,233,42,50,92,325
03/16/2017,MHR,CA,AWP,WE,Federal Contract Tower,13,17,26,9,65,13,38,106,24,181,26,55,132,33,246,102,38,140,386
03/17/2017,MHR,CA,AWP,WE,Federal Contract Tower,8,14,35,13,70,8,38,110,25,181,16,52,145,38,251,74,24,98,349
03/18/2017,MHR,CA,AWP,WE,Federal Contract Tower,1,6,7,0,14,1,18,28,0,47,2,24,35,0,61,28,0,28,89
03/19/2017,MHR,CA,AWP,WE,Federal Contract Tower,0,3,12,4,19,0,14,36,4,54,0,17,48,8,73,16,0,16,89
03/20/2017,MHR,CA,AWP,WE,Federal Contract Tower,6,18,14,11,49,6,33,106,23,168,12,51,120,34,217,46,76,122,339
03/21/2017,MHR,CA,AWP,WE,Federal Contract Tower,14,27,10,14,65,14,37,52,26,129,28,64,62,40,194,10,84,94,288
03/22/2017,MHR,CA,AWP,WE,Federal Contract Tower,11,39,16,12,78,11,57,44,15,127,22,96,60,27,205,8,44,52,257
03/23/2017,MHR,CA,AWP,WE,Federal Contract Tower,14,24,45,6,89,14,48,96,21,179,28,72,141,27,268,58,18,76,344
03/24/2017,MHR,CA,AWP,WE,Federal Contract Tower,9,23,9,18,59,9,31,19,14,73,18,54,28,32,132,30,52,82,214
03/25/2017,MHR,CA,AWP,WE,Federal Contract Tower,1,6,12,1,20,1,16,19,2,38,2,22,31,3,58,0,0,0,58
03/26/2017,MHR,CA,AWP,WE,Federal Contract Tower,0,4,3,0,7,0,17,9,4,30,0,21,12,4,37,0,4,4,41
03/27/2017,MHR,CA,AWP,WE,Federal Contract Tower,6,14,21,9,50,6,41,104,15,166,12,55,125,24,216,142,58,200,416
03/28/2017,MHR,CA,AWP,WE,Federal Contract Tower,14,11,31,21,77,14,32,102,34,182,28,43,133,55,259,53,48,101,360
03/29/2017,MHR,CA,AWP,WE,Federal Contract Tower,13,6,34,11,64,13,35,131,34,213,26,41,165,45,277,136,96,232,509
03/30/2017,MHR,CA,AWP,WE,Federal Contract Tower,12,31,21,6,70,12,53,44,17,126,24,84,65,23,196,0,4,4,200
03/31/2017,MHR,CA,AWP,WE,Federal Contract Tower,8,16,14,4,42,9,34,16,5,64,17,50,30,9,106,0,0,0,106
04/01/2017,MHR,CA,AWP,WE,Federal Contract Tower,1,8,16,0,25,1,16,48,0,65,2,24,64,0,90,30,0,30,120
04/02/2017,MHR,CA,AWP,WE,Federal Contract Tower,0,3,34,0,37,0,15,55,1,71,0,18,89,1,108,14,0,14,122
04/03/2017,MHR,CA,AWP,WE,Federal Contract Tower,7,13,23,3,46,7,28,116,5,156,14,41,139,8,202,24,18,42,244
04/04/2017,MHR,CA,AWP,WE,Federal Contract Tower,15,18,19,24,76,15,42,106,36,199,30,60,125,60,275,140,82,222,497
04/05/2017,MHR,CA,AWP,WE,Federal Contract Tower,13,21,18,9,61,13,46,101,27,187,26,67,119,36,248,62,26,88,336
04/06/2017,MHR,CA,AWP,WE,Federal Contract Tower,13,24,13,13,63,13,41,59,22,135,26,65,72,35,198,58,34,92,290
04/07/2017,MHR,CA,AWP,WE,Federal Contract Tower,7,33,10,62,112,7,37,15,16,75,14,70,25,78,187,4,14,18,205
04/08/2017,MHR,CA,AWP,WE,Federal Contract Tower,1,6,1,5,13,1,13,6,18,38,2,19,7,23,51,0,0,0,51
04/09/2017,MHR,CA,AWP,WE,Federal Contract Tower,0,6,5,0,11,0,14,24,10,48,0,20,29,10,59,4,0,4,63
04/10/2017,MHR,CA,AWP,WE,Federal Contract Tower,5,15,16,15,51,5,37,77,18,137,10,52,93,33,188,40,44,84,272
04/11/2017,MHR,CA,AWP,WE,Federal Contract Tower,15,15,21,14,65,15,31,55,24,125,30,46,76,38,190,24,58,82,272
04/12/2017,MHR,CA,AWP,WE,Federal Contract Tower,14,15,15,15,59,14,30,34,22,100,28,45,49,37,159,22,56,78,237
04/13/2017,MHR,CA,AWP,WE,Federal Contract Tower,14,17,13,15,59,14,33,28,17,92,28,50,41,32,151,4,4,8,159
04/14/2017,MHR,CA,AWP,WE,Federal Contract Tower,9,10,27,18,64,8,32,55,24,119,17,42,82,42,183,0,32,32,215
04/15/2017,MHR,CA,AWP,WE,Federal Contract Tower,1,1,21,1,24,1,8,68,11,88,2,9,89,12,112,0,0,0,112
04/16/2017,MHR,CA,AWP,WE,Federal Contract Tower,0,2,2,0,4,0,4,2,0,6,0,6,4,0,10,10,0,10,20
04/17/2017,MHR,CA,AWP,WE,Federal Contract Tower,6,18,23,22,69,6,28,63,27,124,12,46,86,49,193,12,20,32,225
04/18/2017,MHR,CA,AWP,WE,Federal Contract Tower,15,26,44,8,93,15,41,86,21,163,30,67,130,29,256,74,6,80,336
04/19/2017,MHR,CA,AWP,WE,Federal Contract Tower,15,19,53,6,93,15,47,138,23,223,30,66,191,29,316,138,12,150,466
04/20/2017,MHR,CA,AWP,WE,Federal Contract Tower,13,15,32,17,77,13,53,107,24,197,26,68,139,41,274,58,36,94,368
04/21/2017,MHR,CA,AWP,WE,Federal Contract Tower,8,12,13,10,43,8,34,95,20,157,16,46,108,30,200,22,31,53,253
04/22/2017,MHR,CA,AWP,WE,Federal Contract Tower,1,3,10,5,19,1,14,39,13,67,2,17,49,18,86,16,16,32,118
04/23/2017,MHR,CA,AWP,WE,Federal Contract Tower,0,1,15,2,18,0,11,23,2,36,0,12,38,4,54,40,0,40,94
04/24/2017,MHR,CA,AWP,WE,Federal Contract Tower,6,16,18,14,54,6,30,139,20,195,12,46,157,34,249,74,90,164,413
04/25/2017,MHR,CA,AWP,WE,Federal Contract Tower,15,22,27,13,77,15,45,112,19,191,30,67,139,32,268,66,52,118,386
04/26/2017,MHR,CA,AWP,WE,Federal Contract Tower,17,33,47,10,107,17,45,50,20,132,34,78,97,30,239,0,8,8,247
04/27/2017,MHR,CA,AWP,WE,Federal Contract Tower,12,21,41,23,97,12,44,86,32,174,24,65,127,55,271,82,54,136,407
04/28/2017,MHR,CA,AWP,WE,Federal Contract Tower,7,11,10,6,34,7,53,32,12,104,14,64,42,18,138,60,6,66,204
04/29/2017,MHR,CA,AWP,WE,Federal Contract Tower,1,2,10,2,15,1,20,35,2,58,2,22,45,4,73,0,0,0,73
04/30/2017,MHR,CA,AWP,WE,Federal Contract Tower,0,3,25,0,28,0,18,47,0,65,0,21,72,0,93,10,0,10,103
05/01/2017,MHR,CA,AWP,WE,Federal Contract Tower,7,13,11,0,31,7,36,101,1,145,14,49,112,1,176,66,2,68,244
05/02/2017,MHR,CA,AWP,WE,Federal Contract Tower,14,10,23,1,48,14,33,86,2,135,28,43,109,3,183,42,0,42,225
05/03/2017,MHR,CA,AWP,WE,Federal Contract Tower,14,11,28,9,62,14,47,129,18,208,28,58,157,27,270,126,24,150,420
05/04/2017,MHR,CA,AWP,WE,Federal Contract Tower,12,14,30,8,64,12,44,92,13,161,24,58,122,21,225,54,8,62,287
05/05/2017,MHR,CA,AWP,WE,Federal Contract Tower,9,21,14,9,53,9,48,63,17,137,18,69,77,26,190,106,46,152,342
05/06/2017,MHR,CA,AWP,WE,Federal Contract Tower,1,5,9,4,19,1,12,22,4,39,2,17,31,8,58,10,0,10,68
05/07/2017,MHR,CA,AWP,WE,Federal Contract Tower,0,4,5,2,11,0,12,31,2,45,0,16,36,4,56,0,0,0,56
05/08/2017,MHR,CA,AWP,WE,Federal Contract Tower,7,8,11,8,34,7,34,96,19,156,14,42,107,27,190,92,20,112,302
05/09/2017,MHR,CA,AWP,WE,Federal Contract Tower,15,13,34,27,89,15,40,116,55,226,30,53,150,82,315,162,82,244,559
05/10/2017,MHR,CA,AWP,WE,Federal Contract Tower,12,8,21,18,59,12,38,118,44,212,24,46,139,62,271,34,130,164,435
05/11/2017,MHR,CA,AWP,WE,Federal Contract Tower,13,18,23,20,74,13,39,105,28,185,26,57,128,48,259,102,48,150,409
05/12/2017,MHR,CA,AWP,WE,Federal Contract Tower,11,18,27,8,64,11,62,110,17,200,22,80,137,25,264,58,62,120,384
05/13/2017,MHR,CA,AWP,WE,Federal Contract Tower,2,3,20,0,25,2,13,44,0,59,4,16,64,0,84,8,0,8,92
05/14/2017,MHR,CA,AWP,WE,Federal Contract Tower,0,6,13,0,19,0,11,24,0,35,0,17,37,0,54,16,0,16,70
05/15/2017,MHR,CA,AWP,WE,Federal Contract Tower,7,10,16,6,39,7,31,136,14,188,14,41,152,20,227,72,38,110,337
05/16/2017,MHR,CA,AWP,WE,Federal Contract Tower,14,21,24,22,81,14,47,95,30,186,28,68,119,52,267,34,125,159,426
05/17/2017,MHR,CA,AWP,WE,Federal Contract Tower,15,23,31,26,95,15,52,137,33,237,30,75,168,59,332,70,42,112,444
05/18/2017,MHR,CA,AWP,WE,Federal Contract Tower,14,14,35,5,68,14,46,115,13,188,28,60,150,18,256,70,6,76,332
05/19/2017,MHR,CA,AWP,WE,Federal Contract Tower,7,15,25,2,49,7,37,98,12,154,14,52,123,14,203,30,10,40,243
05/20/2017,MHR,CA,AWP,WE,Federal Contract Tower,1,6,17,0,24,1,22,55,4,82,2,28,72,4,106,17,0,17,123
05/21/2017,MHR,CA,AWP,WE,Federal Contract Tower,0,5,23,2,30,0,19,72,5,96,0,24,95,7,126,6,0,6,132
05/22/2017,MHR,CA,AWP,WE,Federal Contract Tower,8,23,32,8,71,8,46,99,17,170,16,69,131,25,241,44,10,54,295
05/23/2017,MHR,CA,AWP,WE,Federal Contract Tower,13,32,22,13,80,13,65,102,26,206,26,97,124,39,286,60,68,128,414
05/24/2017,MHR,CA,AWP,WE,Federal Contract Tower,12,22,42,11,87,12,53,101,18,184,24,75,143,29,271,36,34,70,341
05/25/2017,MHR,CA,AWP,WE,Federal Contract Tower,14,11,49,9,83,14,36,112,16,178,28,47,161,25,261,78,16,94,355
05/26/2017,MHR,CA,AWP,WE,Federal Contract Tower,8,7,35,3,53,8,31,86,9,134,16,38,121,12,187,48,2,50,237
05/27/2017,MHR,CA,AWP,WE,Federal Contract Tower,1,3,18,6,28,1,12,32,8,53,2,15,50,14,81,0,0,0,81
05/28/2017,MHR,CA,AWP,WE,Federal Contract Tower,0,0,20,0,20,0,7,39,4,50,0,7,59,4,70,2,0,2,72
05/29/2017,MHR,CA,AWP,WE,Federal Contract Tower,2,5,19,0,26,2,19,61,13,95,4,24,80,13,121,12,0,12,133
05/30/2017,MHR,CA,AWP,WE,Federal Contract Tower,6,32,37,22,97,6,51,105,32,194,12,83,142,54,291,126,86,212,503
05/31/2017,MHR,CA,AWP,WE,Federal Contract Tower,20,22,31,4,77,20,39,93,23,175,40,61,124,27,252,74,44,118,370
06/01/2017,MHR,CA,AWP,WE,Federal Contract Tower,14,12,26,7,59,14,42,67,11,134,28,54,93,18,193,54,34,88,281
06/02/2017,MHR,CA,AWP,WE,Federal Contract Tower,9,12,34,8,63,9,30,119,26,184,18,42,153,34,247,104,48,152,399
06/03/2017,MHR,CA,AWP,WE,Federal Contract Tower,1,4,19,1,25,1,17,41,6,65,2,21,60,7,90,16,0,16,106
06/04/2017,MHR,CA,AWP,WE,Federal Contract Tower,0,7,16,4,27,0,16,38,6,60,0,23,54,10,87,20,0,20,107
06/05/2017,MHR,CA,AWP,WE,Federal Contract Tower,7,9,31,7,54,7,32,125,13,177,14,41,156,20,231,58,26,84,315
06/06/2017,MHR,CA,AWP,WE,Federal Contract Tower,13,11,28,13,65,13,34,131,26,204,26,45,159,39,269,152,84,236,505
06/07/2017,MHR,CA,AWP,WE,Federal Contract Tower,14,6,29,15,64,14,33,93,25,165,28,39,122,40,229,154,44,198,427
06/08/2017,MHR,CA,AWP,WE,Federal Contract Tower,14,21,38,10,83,14,38,53,24,129,28,59,91,34,212,22,20,42,254
06/09/2017,MHR,CA,AWP,WE,Federal Contract Tower,8,14,49,7,78,8,35,130,12,185,16,49,179,19,263,156,36,192,455
06/10/2017,MHR,CA,AWP,WE,Federal Contract Tower,1,0,19,2,22,1,18,47,3,69,2,18,66,5,91,8,6,14,105
06/11/2017,MHR,CA,AWP,WE,Federal Contract Tower,0,0,18,6,24,0,6,26,6,38,0,6,44,12,62,12,10,22,84
06/12/2017,MHR,CA,AWP,WE,Federal Contract Tower,6,15,45,11,77,6,45,149,19,219,12,60,194,30,296,88,18,106,402
06/13/2017,MHR,CA,AWP,WE,Federal Contract Tower,17,11,12,17,57,17,44,95,26,182,34,55,107,43,239,116,44,160,399
06/14/2017,MHR,CA,AWP,WE,Federal Contract Tower,15,12,16,9,52,15,38,111,12,176,30,50,127,21,228,206,54,260,488
06/15/2017,MHR,CA,AWP,WE,Federal Contract Tower,13,19,23,11,66,13,49,126,22,210,26,68,149,33,276,218,94,312,588
06/16/2017,MHR,CA,AWP,WE,Federal Contract Tower,10,14,12,0,36,10,34,91,15,150,20,48,103,15,186,104,22,126,312
06/17/2017,MHR,CA,AWP,WE,Federal Contract Tower,1,4,5,0,10,1,13,16,0,30,2,17,21,0,40,16,0,16,56
06/18/2017,MHR,CA,AWP,WE,Federal Contract Tower,0,2,13,0,15,0,7,24,0,31,0,9,37,0,46,2,0,2,48
06/19/2017,MHR,CA,AWP,WE,Federal Contract Tower,10,21,10,4,45,10,45,112,4,171,20,66,122,8,216,126,14,140,356
06/20/2017,MHR,CA,AWP,WE,Federal Contract Tower,14,10,12,10,46,14,32,115,21,182,28,42,127,31,228,100,72,172,400
06/21/2017,MHR,CA,AWP,WE,Federal Contract Tower,13,12,23,12,60,13,44,122,23,202,26,56,145,35,262,88,52,140,402
06/22/2017,MHR,CA,AWP,WE,Federal Contract Tower,13,17,18,17,65,13,47,94,30,184,26,64,112,47,249,173,86,259,508
06/23/2017,MHR,CA,AWP,WE,Federal Contract Tower,8,15,20,15,58,8,36,89,27,160,16,51,109,42,218,38,58,96,314
06/24/2017,MHR,CA,AWP,WE,Federal Contract Tower,1,2,8,0,11,1,11,36,1,49,2,13,44,1,60,14,0,14,74
06/26/2017,MHR,CA,AWP,WE,Federal Contract Tower,7,12,13,9,41,7,31,121,16,175,14,43,134,25,216,68,66,134,350
06/27/2017,MHR,CA,AWP,WE,Federal Contract Tower,12,13,33,16,74,12,38,134,29,213,24,51,167,45,287,106,82,188,475
06/28/2017,MHR,CA,AWP,WE,Federal Contract Tower,11,12,22,20,65,11,42,146,40,239,22,54,168,60,304,160,78,238,542
06/29/2017,MHR,CA,AWP,WE,Federal Contract Tower,12,15,26,16,69,12,46,103,28,189,24,61,129,44,258,132,80,212,470
06/30/2017,MHR,CA,AWP,WE,Federal Contract Tower,8,10,24,8,50,8,41,93,12,154,16,51,117,20,204,142,18,160,364
07/01/2017,MHR,CA,AWP,WE,Federal Contract Tower,1,2,14,3,20,1,9,31,6,47,2,11,45,9,67,24,10,34,101
07/02/2017,MHR,CA,AWP,WE,Federal Contract Tower,0,2,12,0,14,0,9,65,2,76,0,11,77,2,90,4,0,4,94
07/03/2017,MHR,CA,AWP,WE,Federal Contract Tower,10,2,20,0,32,10,8,113,19,150,20,10,133,19,182,98,18,116,298
07/04/2017,MHR,CA,AWP,WE,Federal Contract Tower,3,1,11,3,18,3,10,32,4,49,6,11,43,7,67,0,8,8,75
07/05/2017,MHR,CA,AWP,WE,Federal Contract Tower,11,5,15,27,58,11,30,104,44,189,22,35,119,71,247,50,96,146,393
07/06/2017,MHR,CA,AWP,WE,Federal Contract Tower,16,9,14,13,52,16,32,112,21,181,32,41,126,34,233,140,42,182,415
07/07/2017,MHR,CA,AWP,WE,Federal Contract Tower,12,8,20,2,42,12,28,88,3,131,24,36,108,5,173,24,4,28,201
07/08/2017,MHR,CA,AWP,WE,Federal Contract Tower,1,2,12,0,15,1,14,22,0,37,2,16,34,0,52,4,0,4,56
07/10/2017,MHR,CA,AWP,WE,Federal Contract Tower,7,1,19,14,41,7,19,147,26,199,14,20,166,40,240,120,46,166,406
07/11/2017,MHR,CA,AWP,WE,Federal Contract Tower,16,6,13,10,45,16,30,105,21,172,32,36,118,31,217,122,56,178,395
07/12/2017,MHR,CA,AWP,WE,Federal Contract Tower,16,16,13,15,60,16,50,188,27,281,32,66,201,42,341,266,60,326,667
07/13/2017,MHR,CA,AWP,WE,Federal Contract Tower,19,18,25,10,72,19,38,135,14,206,38,56,160,24,278,256,34,290,568
07/14/2017,MHR,CA,AWP,WE,Federal Contract Tower,9,7,24,8,48,9,41,125,10,185,18,48,149,18,233,144,24,168,401
07/15/2017,MHR,CA,AWP,WE,Federal Contract Tower,1,0,15,2,18,1,11,37,4,53,2,11,52,6,71,12,0,12,83
07/16/2017,MHR,CA,AWP,WE,Federal Contract Tower,0,2,10,0,12,0,4,21,0,25,0,6,31,0,37,6,0,6,43
07/17/2017,MHR,CA,AWP,WE,Federal Contract Tower,9,16,7,13,45,9,44,115,14,182,18,60,122,27,227,172,20,192,419
07/18/2017,MHR,CA,AWP,WE,Federal Contract Tower,16,9,18,23,66,16,37,73,19,145,32,46,91,42,211,90,50,140,351
07/19/2017,MHR,CA,AWP,WE,Federal Contract Tower,18,11,15,11,55,18,45,139,21,223,36,56,154,32,278,232,44,276,554
07/20/2017,MHR,CA,AWP,WE,Federal Contract Tower,18,16,28,6,68,18,40,126,11,195,36,56,154,17,263,170,32,202,465
07/21/2017,MHR,CA,AWP,WE,Federal Contract Tower,9,13,22,7,51,9,40,118,13,180,18,53,140,20,231,158,22,180,411
07/22/2017,MHR,CA,AWP,WE,Federal Contract Tower,1,1,11,2,15,1,21,43,2,67,2,22,54,4,82,28,0,28,110
07/23/2017,MHR,CA,AWP,WE,Federal Contract Tower,0,4,10,0,14,0,17,23,0,40,0,21,33,0,54,0,0,0,54
07/24/2017,MHR,CA,AWP,WE,Federal Contract Tower,7,8,20,12,47,7,31,160,21,219,14,39,180,33,266,180,28,208,474
07/25/2017,MHR,CA,AWP,WE,Federal Contract Tower,18,16,34,21,89,18,48,142,30,238,36,64,176,51,327,169,26,195,522
07/26/2017,MHR,CA,AWP,WE,Federal Contract Tower,18,11,22,18,69,18,38,121,28,205,36,49,143,46,274,178,56,234,508
07/27/2017,MHR,CA,AWP,WE,Federal Contract Tower,22,14,29,13,78,22,44,122,26,214,44,58,151,39,292,124,64,188,480
07/28/2017,MHR,CA,AWP,WE,Federal Contract Tower,10,13,22,10,55,10,41,128,27,206,20,54,150,37,261,104,50,154,415
07/29/2017,MHR,CA,AWP,WE,Federal Contract Tower,1,2,34,6,43,1,14,53,10,78,2,16,87,16,121,24,24,48,169
07/30/2017,MHR,CA,AWP,WE,Federal Contract Tower,0,9,8,3,20,0,11,24,4,39,0,20,32,7,59,0,12,12,71
08/01/2017,MHR,CA,AWP,WE,Federal Contract Tower,22,6,8,7,43,22,39,121,9,191,44,45,129,16,234,90,36,126,360
08/02/2017,MHR,CA,AWP,WE,Federal Contract Tower,20,7,39,20,86,20,36,188,29,273,40,43,227,49,359,92,68,160,519
08/03/2017,MHR,CA,AWP,WE,Federal Contract Tower,18,13,28,17,76,18,62,127,30,237,36,75,155,47,313,110,62,172,485
08/04/2017,MHR,CA,AWP,WE,Federal Contract Tower,10,16,18,28,72,10,34,81,29,154,20,50,99,57,226,20,16,36,262
08/05/2017,MHR,CA,AWP,WE,Federal Contract Tower,1,3,20,4,28,1,15,29,8,53,2,18,49,12,81,24,0,24,105
08/06/2017,MHR,CA,AWP,WE,Federal Contract Tower,0,7,16,5,28,0,16,39,15,70,0,23,55,20,98,0,0,0,98
08/07/2017,MHR,CA,AWP,WE,Federal Contract Tower,7,17,24,12,60,7,31,119,19,176,14,48,143,31,236,26,44,70,306
08/08/2017,MHR,CA,AWP,WE,Federal Contract Tower,18,9,19,16,62,18,30,117,35,200,36,39,136,51,262,44,108,152,414
08/09/2017,MHR,CA,AWP,WE,Federal Contract Tower,18,13,11,4,46,18,34,79,7,138,36,47,90,11,184,22,16,38,222
08/10/2017,MHR,CA,AWP,WE,Federal Contract Tower,17,19,34,2,72,17,54,86,9,166,34,73,120,11,238,36,20,56,294
08/12/2017,MHR,CA,AWP,WE,Federal Contract Tower,1,3,7,0,11,1,13,43,2,59,2,16,50,2,70,20,0,20,90
08/13/2017,MHR,CA,AWP,WE,Federal Contract Tower,0,3,11,0,14,0,14,38,0,52,0,17,49,0,66,0,0,0,66
08/14/2017,MHR,CA,AWP,WE,Federal Contract Tower,7,19,18,7,51,7,41,119,9,176,14,60,137,16,227,52,28,80,307
08/15/2017,MHR,CA,AWP,WE,Federal Contract Tower,16,17,11,8,52,16,48,114,22,200,32,65,125,30,252,110,76,186,438
08/17/2017,MHR,CA,AWP,WE,Federal Contract Tower,16,22,35,14,87,16,57,115,20,208,32,79,150,34,295,72,38,110,405
08/19/2017,MHR,CA,AWP,WE,Federal Contract Tower,1,2,7,0,10,1,15,24,0,40,2,17,31,0,50,26,0,26,76
08/20/2017,MHR,CA,AWP,WE,Federal Contract Tower,0,6,8,0,14,0,8,19,0,27,0,14,27,0,41,4,0,4,45
08/21/2017,MHR,CA,AWP,WE,Federal Contract Tower,7,13,35,6,61,7,35,124,10,176,14,48,159,16,237,48,16,64,301
08/22/2017,MHR,CA,AWP,WE,Federal Contract Tower,18,16,16,12,62,18,51,99,34,202,36,67,115,46,264,12,44,56,320
08/23/2017,MHR,CA,AWP,WE,Federal Contract Tower,17,16,16,17,66,17,41,112,22,192,34,57,128,39,258,46,94,140,398
08/24/2017,MHR,CA,AWP,WE,Federal Contract Tower,15,14,31,17,77,15,38,130,36,219,30,52,161,53,296,126,100,226,522
08/25/2017,MHR,CA,AWP,WE,Federal Contract Tower,10,24,21,11,66,10,52,81,17,160,20,76,102,28,226,24,42,66,292
08/26/2017,MHR,CA,AWP,WE,Federal Contract Tower,1,9,7,2,19,1,23,18,2,44,2,32,25,4,63,0,0,0,63
08/27/2017,MHR,CA,AWP,WE,Federal Contract Tower,0,4,6,4,14,0,13,13,1,27,0,17,19,5,41,16,0,16,57
08/28/2017,MHR,CA,AWP,WE,Federal Contract Tower,6,16,17,13,52,6,42,115,14,177,12,58,132,27,229,50,18,68,297
08/29/2017,MHR,CA,AWP,WE,Federal Contract Tower,16,9,39,18,82,16,44,127,32,219,32,53,166,50,301,56,76,132,433
08/30/2017,MHR,CA,AWP,WE,Federal Contract Tower,17,16,35,10,78,17,50,113,15,195,34,66,148,25,273,28,24,52,325
08/31/2017,MHR,CA,AWP,WE,Federal Contract Tower,14,14,41,9,78,14,38,104,37,193,28,52,145,46,271,46,24,70,341
09/01/2017,MHR,CA,AWP,WE,Federal Contract Tower,9,7,25,9,50,10,43,60,22,135,19,50,85,31,185,10,10,20,205
09/02/2017,MHR,CA,AWP,WE,Federal Contract Tower,1,2,4,0,7,1,18,18,9,46,2,20,22,9,53,0,0,0,53
09/03/2017,MHR,CA,AWP,WE,Federal Contract Tower,0,2,13,0,15,0,19,62,7,88,0,21,75,7,103,18,0,18,121
09/04/2017,MHR,CA,AWP,WE,Federal Contract Tower,1,19,19,0,39,1,28,47,1,77,2,47,66,1,116,6,0,6,122
09/05/2017,MHR,CA,AWP,WE,Federal Contract Tower,7,12,20,2,41,7,38,120,10,175,14,50,140,12,216,44,2,46,262
09/06/2017,MHR,CA,AWP,WE,Federal Contract Tower,29,19,12,10,70,29,57,99,15,200,58,76,111,25,270,10,6,16,286
09/07/2017,MHR,CA,AWP,WE,Federal Contract Tower,17,11,22,13,63,17,58,134,16,225,34,69,156,29,288,30,28,58,346
09/08/2017,MHR,CA,AWP,WE,Federal Contract Tower,9,16,9,5,39,9,44,161,46,260,18,60,170,51,299,128,104,232,531
09/09/2017,MHR,CA,AWP,WE,Federal Contract Tower,1,6,2,0,9,1,27,207,52,287,2,33,209,52,296,136,120,256,552
09/10/2017,MHR,CA,AWP,WE,Federal Contract Tower,0,0,0,1,1,0,9,199,62,270,0,9,199,63,271,162,150,312,583
09/11/2017,MHR,CA,AWP,WE,Federal Contract Tower,6,13,30,9,58,6,29,160,21,216,12,42,190,30,274,45,6,51,325
09/12/2017,MHR,CA,AWP,WE,Federal Contract Tower,19,11,17,16,63,19,36,115,23,193,38,47,132,39,256,82,62,144,400
09/13/2017,MHR,CA,AWP,WE,Federal Contract Tower,18,10,20,22,70,18,38,95,32,183,36,48,115,54,253,58,108,166,419
09/14/2017,MHR,CA,AWP,WE,Federal Contract Tower,14,17,15,15,61,14,42,64,22,142,28,59,79,37,203,74,24,98,301
09/15/2017,MHR,CA,AWP,WE,Federal Contract Tower,10,11,23,8,52,10,33,85,14,142,20,44,108,22,194,30,62,92,286
09/16/2017,MHR,CA,AWP,WE,Federal Contract Tower,2,1,14,2,19,2,12,31,7,52,4,13,45,9,71,8,0,8,79
09/17/2017,MHR,CA,AWP,WE,Federal Contract Tower,2,2,20,0,24,2,8,80,1,91,4,10,100,1,115,6,0,6,121
09/18/2017,MHR,CA,AWP,WE,Federal Contract Tower,7,14,11,5,37,7,33,87,11,138,14,47,98,16,175,34,18,52,227
09/19/2017,MHR,CA,AWP,WE,Federal Contract Tower,19,10,13,12,54,19,38,100,34,191,38,48,113,46,245,44,74,118,363
09/20/2017,MHR,CA,AWP,WE,Federal Contract Tower,18,11,26,2,57,18,39,77,2,136,36,50,103,4,193,30,0,30,223
09/21/2017,MHR,CA,AWP,WE,Federal Contract Tower,16,10,29,10,65,16,32,93,25,166,32,42,122,35,231,48,34,82,313
09/22/2017,MHR,CA,AWP,WE,Federal Contract Tower,11,13,16,5,45,11,45,75,5,136,22,58,91,10,181,26,10,36,217
09/23/2017,MHR,CA,AWP,WE,Federal Contract Tower,2,0,15,0,17,2,14,38,0,54,4,14,53,0,71,16,0,16,87
09/24/2017,MHR,CA,AWP,WE,Federal Contract Tower,0,3,22,0,25,0,19,95,0,114,0,22,117,0,139,40,0,40,179
09/25/2017,MHR,CA,AWP,WE,Federal Contract Tower,7,7,19,11,44,7,23,101,21,152,14,30,120,32,196,34,50,84,280
09/26/2017,MHR,CA,AWP,WE,Federal Contract Tower,23,9,14,28,74,23,37,123,36,219,46,46,137,64,293,56,102,158,451
09/27/2017,MHR,CA,AWP,WE,Federal Contract Tower,17,7,32,16,72,17,42,142,27,228,34,49,174,43,300,74,86,160,460
09/28/2017,MHR,CA,AWP,WE,Federal Contract Tower,17,10,29,15,71,17,39,106,23,185,34,49,135,38,256,126,68,194,450
09/29/2017,MHR,CA,AWP,WE,Federal Contract Tower,10,9,13,3,35,10,45,91,7,153,20,54,104,10,188,82,4,86,274
09/30/2017,MHR,CA,AWP,WE,Federal Contract Tower,2,5,5,0,12,2,17,20,2,41,4,22,25,2,53,10,0,10,63
10/01/2017,MHR,CA,AWP,WE,Federal Contract Tower,0,2,4,1,7,0,8,22,2,32,0,10,26,3,39,8,0,8,47
10/02/2017,MHR,CA,AWP,WE,Federal Contract Tower,7,9,8,3,27,7,28,86,6,127,14,37,94,9,154,8,12,20,174
10/03/2017,MHR,CA,AWP,WE,Federal Contract Tower,21,23,13,12,69,21,59,105,17,202,42,82,118,29,271,120,28,148,419
10/04/2017,MHR,CA,AWP,WE,Federal Contract Tower,19,15,27,18,79,19,58,121,30,228,38,73,148,48,307,202,74,276,583
10/05/2017,MHR,CA,AWP,WE,Federal Contract Tower,14,15,23,17,69,14,42,96,28,180,28,57,119,45,249,102,126,228,477
10/06/2017,MHR,CA,AWP,WE,Federal Contract Tower,11,16,13,15,55,11,47,81,25,164,22,63,94,40,219,82,52,134,353
10/07/2017,MHR,CA,AWP,WE,Federal Contract Tower,2,2,11,5,20,2,15,26,7,50,4,17,37,12,70,4,10,14,84
10/08/2017,MHR,CA,AWP,WE,Federal Contract Tower,0,3,10,2,15,0,12,35,2,49,0,15,45,4,64,0,0,0,64
10/09/2017,MHR,CA,AWP,WE,Federal Contract Tower,7,18,9,2,36,7,48,108,2,165,14,66,117,4,201,106,0,106,307
10/10/2017,MHR,CA,AWP,WE,Federal Contract Tower,21,20,19,16,76,21,46,131,26,224,42,66,150,42,300,140,64,204,504
10/11/2017,MHR,CA,AWP,WE,Federal Contract Tower,17,23,45,20,105,17,46,102,51,216,34,69,147,71,321,0,34,34,355
10/12/2017,MHR,CA,AWP,WE,Federal Contract Tower,15,18,43,6,82,15,50,84,26,175,30,68,127,32,257,98,28,126,383
10/13/2017,MHR,CA,AWP,WE,Federal Contract Tower,12,20,13,4,49,12,51,88,25,176,24,71,101,29,225,132,10,142,367
10/14/2017,MHR,CA,AWP,WE,Federal Contract Tower,2,14,14,0,30,2,20,30,25,77,4,34,44,25,107,0,0,0,107
10/15/2017,MHR,CA,AWP,WE,Federal Contract Tower,0,9,11,4,24,0,25,57,36,118,0,34,68,40,142,26,0,26,168
10/16/2017,MHR,CA,AWP,WE,Federal Contract Tower,7,29,30,16,82,7,55,123,52,237,14,84,153,68,319,146,54,200,519
10/17/2017,MHR,CA,AWP,WE,Federal Contract Tower,18,16,25,22,81,18,47,114,53,232,36,63,139,75,313,126,96,222,535
10/18/2017,MHR,CA,AWP,WE,Federal Contract Tower,17,18,33,17,85,17,51,142,38,248,34,69,175,55,333,166,94,260,593
10/19/2017,MHR,CA,AWP,WE,Federal Contract Tower,16,23,64,10,113,15,53,130,31,229,31,76,194,41,342,194,46,240,582
10/20/2017,MHR,CA,AWP,WE,Federal Contract Tower,9,17,17,0,43,12,54,76,26,168,21,71,93,26,211,208,40,248,459
10/21/2017,MHR,CA,AWP,WE,Federal Contract Tower,2,4,24,4,34,2,16,61,8,87,4,20,85,12,121,18,6,24,145
10/22/2017,MHR,CA,AWP,WE,Federal Contract Tower,0,0,34,1,35,0,7,53,7,67,0,7,87,8,102,0,2,2,104
10/23/2017,MHR,CA,AWP,WE,Federal Contract Tower,9,12,25,5,51,9,39,135,16,199,18,51,160,21,250,146,36,182,432
10/24/2017,MHR,CA,AWP,WE,Federal Contract Tower,19,20,35,6,80,19,64,102,16,201,38,84,137,22,281,126,58,184,465
10/25/2017,MHR,CA,AWP,WE,Federal Contract Tower,17,33,34,9,93,17,55,120,18,210,34,88,154,27,303,132,80,212,515
10/26/2017,MHR,CA,AWP,WE,Federal Contract Tower,16,17,24,11,68,16,47,132,27,222,32,64,156,38,290,196,44,240,530
10/28/2017,MHR,CA,AWP,WE,Federal Contract Tower,2,2,24,1,29,2,16,46,1,65,4,18,70,2,94,30,2,32,126
10/29/2017,MHR,CA,AWP,WE,Federal Contract Tower,0,0,12,2,14,0,6,25,6,37,0,6,37,8,51,8,14,22,73
10/30/2017,MHR,CA,AWP,WE,Federal Contract Tower,7,18,11,11,47,7,32,120,14,173,14,50,131,25,220,118,43,161,381
10/31/2017,MHR,CA,AWP,WE,Federal Contract Tower,19,13,11,11,54,19,41,118,19,197,38,54,129,30,251,238,58,296,547
11/01/2017,MHR,CA,AWP,WE,Federal Contract Tower,18,12,23,12,65,18,47,91,14,170,36,59,114,26,235,216,30,246,481
11/02/2017,MHR,CA,AWP,WE,Federal Contract Tower,16,26,28,10,80,16,53,117,13,199,32,79,145,23,279,234,12,246,525
11/03/2017,MHR,CA,AWP,WE,Federal Contract Tower,9,20,27,13,69,9,48,60,17,134,18,68,87,30,203,24,48,72,275
11/04/2017,MHR,CA,AWP,WE,Federal Contract Tower,2,3,7,3,15,2,11,11,3,27,4,14,18,6,42,0,0,0,42
11/05/2017,MHR,CA,AWP,WE,Federal Contract Tower,0,2,21,4,27,0,6,49,4,59,0,8,70,8,86,6,0,6,92
11/06/2017,MHR,CA,AWP,WE,Federal Contract Tower,8,11,24,10,53,8,30,135,17,190,16,41,159,27,243,94,48,142,385
11/07/2017,MHR,CA,AWP,WE,Federal Contract Tower,18,9,15,8,50,18,35,150,24,227,36,44,165,32,277,168,32,200,477
11/08/2017,MHR,CA,AWP,WE,Federal Contract Tower,16,26,21,25,88,16,59,145,33,253,32,85,166,58,341,136,112,248,589
11/09/2017,MHR,CA,AWP,WE,Federal Contract Tower,15,22,25,3,65,15,41,40,9,105,30,63,65,12,170,10,16,26,196
11/10/2017,MHR,CA,AWP,WE,Federal Contract Tower,11,17,22,0,50,11,36,86,0,133,22,53,108,0,183,60,0,60,243
11/11/2017,MHR,CA,AWP,WE,Federal Contract Tower,2,1,3,3,9,2,16,11,3,32,4,17,14,6,41,4,2,6,47
11/12/2017,MHR,CA,AWP,WE,Federal Contract Tower,0,3,16,3,22,0,9,39,7,55,0,12,55,10,77,16,4,20,97
11/13/2017,MHR,CA,AWP,WE,Federal Contract Tower,8,10,17,7,42,8,25,97,9,139,16,35,114,16,181,94,8,102,283
11/14/2017,MHR,CA,AWP,WE,Federal Contract Tower,20,21,23,6,70,20,43,109,16,188,40,64,132,22,258,140,26,166,424
11/15/2017,MHR,CA,AWP,WE,Federal Contract Tower,18,29,28,18,93,18,41,91,27,177,36,70,119,45,270,144,38,182,452
11/16/2017,MHR,CA,AWP,WE,Federal Contract Tower,16,32,17,19,84,16,32,17,14,79,32,64,34,33,163,0,6,6,169
11/17/2017,MHR,CA,AWP,WE,Federal Contract Tower,8,18,18,10,54,8,44,81,12,145,16,62,99,22,199,108,30,138,337
11/18/2017,MHR,CA,AWP,WE,Federal Contract Tower,1,2,10,0,13,1,17,39,2,59,2,19,49,2,72,22,0,22,94
11/19/2017,MHR,CA,AWP,WE,Federal Contract Tower,0,13,15,0,28,0,27,39,2,68,0,40,54,2,96,30,8,38,134
11/20/2017,MHR,CA,AWP,WE,Federal Contract Tower,6,8,24,19,57,6,28,70,24,128,12,36,94,43,185,32,36,68,253
11/21/2017,MHR,CA,AWP,WE,Federal Contract Tower,18,16,27,11,72,18,39,64,24,145,36,55,91,35,217,12,42,54,271
11/22/2017,MHR,CA,AWP,WE,Federal Contract Tower,20,16,16,1,53,20,34,63,3,120,40,50,79,4,173,80,0,80,253
11/23/2017,MHR,CA,AWP,WE,Federal Contract Tower,3,5,3,0,11,3,10,7,0,20,6,15,10,0,31,0,0,0,31
11/24/2017,MHR,CA,AWP,WE,Federal Contract Tower,8,7,23,6,44,8,33,36,8,85,16,40,59,14,129,0,16,16,145
11/25/2017,MHR,CA,AWP,WE,Federal Contract Tower,4,10,33,0,47,4,26,39,2,71,8,36,72,2,118,0,4,4,122
11/26/2017,MHR,CA,AWP,WE,Federal Contract Tower,4,10,29,4,47,4,15,38,5,62,8,25,67,9,109,0,0,0,109
11/27/2017,MHR,CA,AWP,WE,Federal Contract Tower,6,12,24,6,48,6,30,102,14,152,12,42,126,20,200,38,16,54,254
11/28/2017,MHR,CA,AWP,WE,Federal Contract Tower,23,16,23,13,75,23,47,100,27,197,46,63,123,40,272,104,18,122,394
11/29/2017,MHR,CA,AWP,WE,Federal Contract Tower,20,22,37,12,91,20,41,91,26,178,40,63,128,38,269,56,82,138,407
11/30/2017,MHR,CA,AWP,WE,Federal Contract Tower,19,12,23,21,75,19,35,87,34,175,38,47,110,55,250,96,76,172,422
12/01/2017,MHR,CA,AWP,WE,Federal Contract Tower,13,17,22,1,53,13,50,95,9,167,26,67,117,10,220,56,0,56,276
12/02/2017,MHR,CA,AWP,WE,Federal Contract Tower,3,5,29,2,39,3,19,45,4,71,6,24,74,6,110,6,4,10,120
12/03/2017,MHR,CA,AWP,WE,Federal Contract Tower,2,3,6,0,11,2,14,51,3,70,4,17,57,3,81,32,38,70,151
12/04/2017,MHR,CA,AWP,WE,Federal Contract Tower,6,8,7,9,30,6,27,24,12,69,12,35,31,21,99,0,2,2,101
12/05/2017,MHR,CA,AWP,WE,Federal Contract Tower,24,17,17,7,65,24,69,69,21,183,48,86,86,28,248,42,46,88,336
12/06/2017,MHR,CA,AWP,WE,Federal Contract Tower,24,11,21,10,66,24,53,91,21,189,48,64,112,31,255,58,46,104,359
12/07/2017,MHR,CA,AWP,WE,Federal Contract Tower,21,13,35,4,73,21,55,111,14,201,42,68,146,18,274,82,44,126,400
12/08/2017,MHR,CA,AWP,WE,Federal Contract Tower,12,10,28,6,56,12,36,104,13,165,24,46,132,19,221,56,38,94,315
12/09/2017,MHR,CA,AWP,WE,Federal Contract Tower,2,2,23,4,31,2,17,37,4,60,4,19,60,8,91,6,6,12,103
12/10/2017,MHR,CA,AWP,WE,Federal Contract Tower,2,9,15,0,26,2,12,41,1,56,4,21,56,1,82,0,0,0,82
12/11/2017,MHR,CA,AWP,WE,Federal Contract Tower,7,9,10,11,37,7,29,84,15,135,14,38,94,26,172,40,46,86,258
12/12/2017,MHR,CA,AWP,WE,Federal Contract Tower,36,9,13,48,106,36,42,88,48,214,72,51,101,96,320,20,28,48,368
12/13/2017,MHR,CA,AWP,WE,Federal Contract Tower,33,10,36,15,94,33,42,126,32,233,66,52,162,47,327,124,54,178,505
12/14/2017,MHR,CA,AWP,WE,Federal Contract Tower,32,42,21,6,101,32,76,102,14,224,64,118,123,20,325,64,42,106,431
12/15/2017,MHR,CA,AWP,WE,Federal Contract Tower,17,29,21,5,72,17,56,63,14,150,34,85,84,19,222,76,38,114,336
12/16/2017,MHR,CA,AWP,WE,Federal Contract Tower,13,2,9,1,25,13,11,12,1,37,26,13,21,2,62,0,0,0,62
12/17/2017,MHR,CA,AWP,WE,Federal Contract Tower,15,7,18,0,40,15,19,44,0,78,30,26,62,0,118,0,0,0,118
12/18/2017,MHR,CA,AWP,WE,Federal Contract Tower,33,20,21,7,81,33,49,110,11,203,66,69,131,18,284,80,6,86,370
12/19/2017,MHR,CA,AWP,WE,Federal Contract Tower,35,17,26,18,96,35,46,114,39,234,70,63,140,57,330,40,88,128,458
12/20/2017,MHR,CA,AWP,WE,Federal Contract Tower,31,20,20,8,79,31,56,73,14,174,62,76,93,22,253,106,54,160,413
12/21/2017,MHR,CA,AWP,WE,Federal Contract Tower,32,13,19,5,69,32,45,74,11,162,64,58,93,16,231,40,46,86,317
12/22/2017,MHR,CA,AWP,WE,Federal Contract Tower,20,15,18,6,59,20,53,109,11,193,40,68,127,17,252,52,34,86,338
12/23/2017,MHR,CA,AWP,WE,Federal Contract Tower,7,3,14,0,24,7,33,24,0,64,14,36,38,0,88,0,0,0,88
12/24/2017,MHR,CA,AWP,WE,Federal Contract Tower,0,2,12,0,14,0,5,31,0,36,0,7,43,0,50,0,0,0,50
12/26/2017,MHR,CA,AWP,WE,Federal Contract Tower,8,12,20,0,40,8,39,98,0,145,16,51,118,0,185,100,0,100,285
12/27/2017,MHR,CA,AWP,WE,Federal Contract Tower,23,9,13,10,55,23,36,75,15,149,46,45,88,25,204,108,98,206,410
12/28/2017,MHR,CA,AWP,WE,Federal Contract Tower,18,12,21,19,70,18,43,74,36,171,36,55,95,55,241,104,72,176,417
12/29/2017,MHR,CA,AWP,WE,Federal Contract Tower,20,18,1,0,39,20,42,54,14,130,40,60,55,14,169,46,32,78,247
12/30/2017,MHR,CA,AWP,WE,Federal Contract Tower,3,5,5,0,13,3,27,16,1,47,6,32,21,1,60,2,0,2,62
12/31/2017,MHR,CA,AWP,WE,Federal Contract Tower,0,5,10,3,18,0,16,28,5,49,0,21,38,8,67,0,18,18,85
01/01/2018,MHR,CA,AWP,WE,Federal Contract Tower,0,6,13,0,19,0,10,18,0,28,0,16,31,0,47,4,0,4,51
01/02/2018,MHR,CA,AWP,WE,Federal Contract Tower,14,6,13,2,35,14,30,80,3,127,28,36,93,5,162,100,12,112,274
01/03/2018,MHR,CA,AWP,WE,Federal Contract Tower,15,11,12,12,50,18,57,62,22,159,33,68,74,34,209,110,68,178,387
01/04/2018,MHR,CA,AWP,WE,Federal Contract Tower,16,15,15,12,58,16,43,51,29,139,32,58,66,41,197,90,120,210,407
01/05/2018,MHR,CA,AWP,WE,Federal Contract Tower,13,17,16,15,61,13,25,54,19,111,26,42,70,34,172,80,26,106,278
01/06/2018,MHR,CA,AWP,WE,Federal Contract Tower,3,11,28,4,46,3,29,40,18,90,6,40,68,22,136,2,0,2,138
01/07/2018,MHR,CA,AWP,WE,Federal Contract Tower,0,12,11,4,27,0,18,24,7,49,0,30,35,11,76,16,14,30,106
01/08/2018,MHR,CA,AWP,WE,Federal Contract Tower,9,19,14,0,42,9,19,14,0,42,18,38,28,0,84,0,0,0,84
01/09/2018,MHR,CA,AWP,WE,Federal Contract Tower,19,29,29,10,87,19,30,33,10,92,38,59,62,20,179,0,0,0,179
01/10/2018,MHR,CA,AWP,WE,Federal Contract Tower,18,23,29,26,96,18,47,80,40,185,36,70,109,66,281,100,80,180,461
01/11/2018,MHR,CA,AWP,WE,Federal Contract Tower,21,21,26,36,104,21,58,90,50,219,42,79,116,86,323,170,102,272,595
01/12/2018,MHR,CA,AWP,WE,Federal Contract Tower,11,18,34,2,65,11,29,38,2,80,22,47,72,4,145,8,0,8,153
01/13/2018,MHR,CA,AWP,WE,Federal Contract Tower,2,3,28,4,37,2,5,30,5,42,4,8,58,9,79,4,0,4,83
01/14/2018,MHR,CA,AWP,WE,Federal Contract Tower,0,1,18,0,19,0,4,28,1,33,0,5,46,1,52,8,0,8,60
01/15/2018,MHR,CA,AWP,WE,Federal Contract Tower,5,5,36,0,46,5,13,42,0,60,10,18,78,0,106,6,0,6,112
01/16/2018,MHR,CA,AWP,WE,Federal Contract Tower,20,25,36,6,87,20,39,82,10,151,40,64,118,16,238,68,26,94,332
01/17/2018,MHR,CA,AWP,WE,Federal Contract Tower,16,39,40,10,105,16,39,40,10,105,32,78,80,20,210,0,0,0,210
01/18/2018,MHR,CA,AWP,WE,Federal Contract Tower,17,26,32,21,96,17,30,32,21,100,34,56,64,42,196,0,0,0,196
01/19/2018,MHR,CA,AWP,WE,Federal Contract Tower,11,19,24,10,64,11,39,96,14,160,22,58,120,24,224,126,38,164,388
01/20/2018,MHR,CA,AWP,WE,Federal Contract Tower,1,3,27,0,31,1,14,100,0,115,2,17,127,0,146,84,0,84,230
01/21/2018,MHR,CA,AWP,WE,Federal Contract Tower,0,9,17,2,28,0,14,38,3,55,0,23,55,5,83,22,0,22,105
01/22/2018,MHR,CA,AWP,WE,Federal Contract Tower,7,23,27,8,65,7,23,30,8,68,14,46,57,16,133,6,0,6,139
01/23/2018,MHR,CA,AWP,WE,Federal Contract Tower,20,23,38,22,103,20,51,91,32,194,40,74,129,54,297,103,115,218,515
01/24/2018,MHR,CA,AWP,WE,Federal Contract Tower,16,29,23,7,75,16,30,34,8,88,32,59,57,15,163,36,32,68,231
01/25/2018,MHR,CA,AWP,WE,Federal Contract Tower,21,31,28,15,95,21,43,36,26,126,42,74,64,41,221,16,64,80,301
01/26/2018,MHR,CA,AWP,WE,Federal Contract Tower,13,16,45,7,81,33,31,99,16,179,46,47,144,23,260,122,12,134,394
01/27/2018,MHR,CA,AWP,WE,Federal Contract Tower,3,5,14,0,22,3,16,31,0,50,6,21,45,0,72,8,0,8,80
01/28/2018,MHR,CA,AWP,WE,Federal Contract Tower,0,7,28,0,35,0,13,68,0,81,0,20,96,0,116,8,0,8,124
01/29/2018,MHR,CA,AWP,WE,Federal Contract Tower,7,25,19,2,53,7,44,88,13,152,14,69,107,15,205,102,30,132,337
01/30/2018,MHR,CA,AWP,WE,Federal Contract Tower,21,22,30,18,91,21,44,113,28,206,42,66,143,46,297,196,20,216,513
01/31/2018,MHR,CA,AWP,WE,Federal Contract Tower,17,27,36,3,83,17,53,108,10,188,34,80,144,13,271,144,82,226,497
02/01/2018,MHR,CA,AWP,WE,Federal Contract Tower,18,28,18,26,90,18,52,78,45,193,36,80,96,71,283,90,58,148,431
02/02/2018,MHR,CA,AWP,WE,Federal Contract Tower,12,23,26,8,69,12,37,90,11,150,24,60,116,19,219,166,20,186,405
02/03/2018,MHR,CA,AWP,WE,Federal Contract Tower,2,3,40,6,51,2,11,58,6,77,4,14,98,12,128,8,0,8,136
02/04/2018,MHR,CA,AWP,WE,Federal Contract Tower,0,4,30,0,34,0,7,57,0,64,0,11,87,0,98,6,0,6,104
02/05/2018,MHR,CA,AWP,WE,Federal Contract Tower,8,28,45,7,88,8,43,119,7,177,16,71,164,14,265,104,0,104,369
02/06/2018,MHR,CA,AWP,WE,Federal Contract Tower,22,16,28,12,78,22,46,118,15,201,44,62,146,27,279,76,4,80,359
02/07/2018,MHR,CA,AWP,WE,Federal Contract Tower,16,18,45,28,107,16,46,96,36,194,32,64,141,64,301,144,62,206,507
02/08/2018,MHR,CA,AWP,WE,Federal Contract Tower,21,22,46,9,98,21,49,99,18,187,42,71,145,27,285,126,16,142,427
02/10/2018,MHR,CA,AWP,WE,Federal Contract Tower,2,2,12,1,17,2,15,32,0,49,4,17,44,1,66,18,0,18,84
02/11/2018,MHR,CA,AWP,WE,Federal Contract Tower,0,1,20,3,24,0,11,33,6,50,0,12,53,9,74,8,0,8,82
02/12/2018,MHR,CA,AWP,WE,Federal Contract Tower,9,13,30,15,67,9,28,108,26,171,18,41,138,41,238,76,60,136,374
02/13/2018,MHR,CA,AWP,WE,Federal Contract Tower,24,14,36,18,92,24,39,116,45,224,48,53,152,63,316,196,28,224,540
02/14/2018,MHR,CA,AWP,WE,Federal Contract Tower,20,19,25,14,78,20,51,128,18,217,40,70,153,32,295,215,40,255,550
02/15/2018,MHR,CA,AWP,WE,Federal Contract Tower,18,17,30,17,82,18,43,79,34,174,36,60,109,51,256,18,12,30,286
02/16/2018,MHR,CA,AWP,WE,Federal Contract Tower,12,12,18,8,50,12,36,100,11,159,24,48,118,19,209,228,0,228,437
02/17/2018,MHR,CA,AWP,WE,Federal Contract Tower,2,0,12,0,14,2,6,28,3,39,4,6,40,3,53,4,0,4,57
02/18/2018,MHR,CA,AWP,WE,Federal Contract Tower,0,4,18,1,23,0,12,33,2,47,0,16,51,3,70,8,2,10,80
02/19/2018,MHR,CA,AWP,WE,Federal Contract Tower,7,9,20,5,41,7,25,48,6,86,14,34,68,11,127,24,0,24,151
02/20/2018,MHR,CA,AWP,WE,Federal Contract Tower,17,9,26,10,62,17,34,121,26,198,34,43,147,36,260,82,32,114,374
02/21/2018,MHR,CA,AWP,WE,Federal Contract Tower,17,9,27,11,64,17,30,92,23,162,34,39,119,34,226,118,34,152,378
02/22/2018,MHR,CA,AWP,WE,Federal Contract Tower,19,12,21,5,57,19,39,46,17,121,38,51,67,22,178,24,50,74,252
02/23/2018,MHR,CA,AWP,WE,Federal Contract Tower,12,29,28,1,70,12,46,70,7,135,24,75,98,8,205,16,10,26,231
02/24/2018,MHR,CA,AWP,WE,Federal Contract Tower,2,3,9,5,19,2,10,27,7,46,4,13,36,12,65,16,0,16,81
02/25/2018,MHR,CA,AWP,WE,Federal Contract Tower,0,3,14,1,18,0,5,54,3,62,0,8,68,4,80,16,0,16,96
02/26/2018,MHR,CA,AWP,WE,Federal Contract Tower,7,16,8,0,31,7,22,19,0,48,14,38,27,0,79,0,0,0,79
02/27/2018,MHR,CA,AWP,WE,Federal Contract Tower,20,15,13,15,63,20,42,58,30,150,40,57,71,45,213,116,62,178,391
02/28/2018,MHR,CA,AWP,WE,Federal Contract Tower,16,16,19,15,66,16,43,86,26,171,32,59,105,41,237,108,24,132,369
03/01/2018,MHR,CA,AWP,WE,Federal Contract Tower,20,16,7,0,43,20,24,7,0,51,40,40,14,0,94,0,0,0,94
03/02/2018,MHR,CA,AWP,WE,Federal Contract Tower,11,24,9,7,51,11,31,25,8,75,22,55,34,15,126,22,6,28,154
03/03/2018,MHR,CA,AWP,WE,Federal Contract Tower,1,7,14,1,23,1,15,18,1,35,2,22,32,2,58,2,0,2,60
03/04/2018,MHR,CA,AWP,WE,Federal Contract Tower,0,1,10,2,13,0,14,54,2,70,0,15,64,4,83,8,0,8,91
03/05/2018,MHR,CA,AWP,WE,Federal Contract Tower,6,10,27,2,45,6,45,132,6,189,12,55,159,8,234,112,0,112,346
03/06/2018,MHR,CA,AWP,WE,Federal Contract Tower,18,17,50,14,99,18,44,145,23,230,36,61,195,37,329,158,38,196,525
03/07/2018,MHR,CA,AWP,WE,Federal Contract Tower,16,14,24,18,72,16,42,105,23,186,32,56,129,41,258,164,32,196,454
03/08/2018,MHR,CA,AWP,WE,Federal Contract Tower,26,32,50,23,131,26,61,119,34,240,52,93,169,57,371,138,60,198,569
03/09/2018,MHR,CA,AWP,WE,Federal Contract Tower,10,11,14,15,50,10,36,68,16,130,20,47,82,31,180,132,56,188,368
03/10/2018,MHR,CA,AWP,WE,Federal Contract Tower,2,1,5,1,9,2,12,15,1,30,4,13,20,2,39,10,0,10,49
03/11/2018,MHR,CA,AWP,WE,Federal Contract Tower,0,7,7,0,14,0,10,36,3,49,0,17,43,3,63,16,0,16,79
03/12/2018,MHR,CA,AWP,WE,Federal Contract Tower,4,21,48,4,77,4,38,151,7,200,8,59,199,11,277,124,24,148,425
03/13/2018,MHR,CA,AWP,WE,Federal Contract Tower,16,16,31,7,70,16,29,47,8,100,32,45,78,15,170,0,14,14,184
03/14/2018,MHR,CA,AWP,WE,Federal Contract Tower,18,22,24,22,86,17,39,58,30,144,35,61,82,52,230,70,122,192,422
03/15/2018,MHR,CA,AWP,WE,Federal Contract Tower,18,17,14,31,80,18,30,68,38,154,36,47,82,69,234,64,74,138,372
03/16/2018,MHR,CA,AWP,WE,Federal Contract Tower,11,21,15,16,63,11,37,29,13,90,22,58,44,29,153,16,8,24,177
03/17/2018,MHR,CA,AWP,WE,Federal Contract Tower,1,4,8,0,13,1,17,17,0,35,2,21,25,0,48,6,0,6,54
03/18/2018,MHR,CA,AWP,WE,Federal Contract Tower,0,4,19,0,23,0,14,63,3,80,0,18,82,3,103,18,0,18,121
03/19/2018,MHR,CA,AWP,WE,Federal Contract Tower,6,14,20,11,51,6,33,109,11,159,12,47,129,22,210,102,10,112,322
03/20/2018,MHR,CA,AWP,WE,Federal Contract Tower,16,22,28,12,78,16,44,80,19,159,32,66,108,31,237,88,54,142,379
03/21/2018,MHR,CA,AWP,WE,Federal Contract Tower,17,30,20,13,80,17,41,23,15,96,34,71,43,28,176,0,4,4,180
03/22/2018,MHR,CA,AWP,WE,Federal Contract Tower,17,16,18,7,58,17,33,26,13,89,34,49,44,20,147,8,0,8,155
03/23/2018,MHR,CA,AWP,WE,Federal Contract Tower,11,21,20,19,71,11,34,104,27,176,22,55,124,46,247,38,14,52,299
03/24/2018,MHR,CA,AWP,WE,Federal Contract Tower,1,1,5,4,11,1,12,8,5,26,2,13,13,9,37,4,2,6,43
03/25/2018,MHR,CA,AWP,WE,Federal Contract Tower,0,1,10,3,14,0,10,33,4,47,0,11,43,7,61,0,12,12,73
03/26/2018,MHR,CA,AWP,WE,Federal Contract Tower,7,10,4,6,27,7,31,95,7,140,14,41,99,13,167,44,6,50,217
03/27/2018,MHR,CA,AWP,WE,Federal Contract Tower,19,16,25,1,61,19,44,117,3,183,38,60,142,4,244,90,10,100,344
03/28/2018,MHR,CA,AWP,WE,Federal Contract Tower,18,26,28,20,92,18,59,141,26,244,36,85,169,46,336,162,36,198,534
03/29/2018,MHR,CA,AWP,WE,Federal Contract Tower,19,21,41,7,88,19,47,133,11,210,38,68,174,18,298,108,12,120,418
03/30/2018,MHR,CA,AWP,WE,Federal Contract Tower,12,13,14,16,55,12,41,98,23,174,24,54,112,39,229,70,34,104,333
03/31/2018,MHR,CA,AWP,WE,Federal Contract Tower,2,4,21,4,31,2,15,47,4,68,4,19,68,8,99,18,0,18,117
04/01/2018,MHR,CA,AWP,WE,Federal Contract Tower,0,3,7,0,10,0,9,20,3,32,0,12,27,3,42,2,0,2,44
04/02/2018,MHR,CA,AWP,WE,Federal Contract Tower,6,19,21,6,52,6,40,115,14,175,12,59,136,20,227,98,52,150,377
04/03/2018,MHR,CA,AWP,WE,Federal Contract Tower,19,12,38,4,73,19,31,140,21,211,38,43,178,25,284,102,20,122,406
04/04/2018,MHR,CA,AWP,WE,Federal Contract Tower,19,8,42,11,80,19,49,154,42,264,38,57,196,53,344,140,108,248,592
04/05/2018,MHR,CA,AWP,WE,Federal Contract Tower,29,15,17,13,74,29,39,89,18,175,58,54,106,31,249,108,64,172,421
04/06/2018,MHR,CA,AWP,WE,Federal Contract Tower,12,23,15,9,59,12,24,15,9,60,24,47,30,18,119,0,0,0,119
04/07/2018,MHR,CA,AWP,WE,Federal Contract Tower,2,5,20,12,39,2,10,34,14,60,4,15,54,26,99,6,6,12,111
04/08/2018,MHR,CA,AWP,WE,Federal Contract Tower,0,4,20,0,24,0,9,52,5,66,0,13,72,5,90,6,0,6,96
04/09/2018,MHR,CA,AWP,WE,Federal Contract Tower,6,19,17,11,53,6,49,153,19,227,12,68,170,30,280,124,44,168,448
04/10/2018,MHR,CA,AWP,WE,Federal Contract Tower,22,17,42,19,100,22,47,147,38,254,44,64,189,57,354,98,106,204,558
04/11/2018,MHR,CA,AWP,WE,Federal Contract Tower,19,29,23,51,122,19,55,111,73,258,38,84,134,124,380,56,74,130,510
04/12/2018,MHR,CA,AWP,WE,Federal Contract Tower,19,17,35,17,88,19,44,99,26,188,38,61,134,43,276,198,84,282,558
04/13/2018,MHR,CA,AWP,WE,Federal Contract Tower,13,16,37,7,73,13,34,68,16,131,26,50,105,23,204,28,4,32,236
04/14/2018,MHR,CA,AWP,WE,Federal Contract Tower,2,4,16,2,24,2,15,48,19,84,4,19,64,21,108,10,0,10,118
04/15/2018,MHR,CA,AWP,WE,Federal Contract Tower,0,5,16,0,21,0,10,47,17,74,0,15,63,17,95,6,4,10,105
04/16/2018,MHR,CA,AWP,WE,Federal Contract Tower,6,18,10,3,37,6,28,46,5,85,12,46,56,8,122,44,10,54,176
04/18/2018,MHR,CA,AWP,WE,Federal Contract Tower,17,35,29,9,90,17,68,112,23,220,34,103,141,32,310,192,40,232,542
04/19/2018,MHR,CA,AWP,WE,Federal Contract Tower,17,20,29,12,78,17,46,75,24,162,34,66,104,36,240,84,26,110,350
04/20/2018,MHR,CA,AWP,WE,Federal Contract Tower,13,18,15,2,48,13,65,97,8,183,26,83,112,10,231,160,4,164,395
04/21/2018,MHR,CA,AWP,WE,Federal Contract Tower,2,9,12,1,24,2,24,29,1,56,4,33,41,2,80,22,0,22,102
04/22/2018,MHR,CA,AWP,WE,Federal Contract Tower,0,7,10,0,17,0,15,51,0,66,0,22,61,0,83,28,4,32,115
04/23/2018,MHR,CA,AWP,WE,Federal Contract Tower,6,19,23,15,63,6,42,116,17,181,12,61,139,32,244,172,56,228,472
04/24/2018,MHR,CA,AWP,WE,Federal Contract Tower,18,11,17,17,63,18,35,149,33,235,36,46,166,50,298,226,64,290,588
04/25/2018,MHR,CA,AWP,WE,Federal Contract Tower,17,18,12,16,63,17,52,89,21,179,34,70,101,37,242,234,18,252,494
04/26/2018,MHR,CA,AWP,WE,Federal Contract Tower,17,20,11,1,49,17,47,86,11,161,34,67,97,12,210,156,28,184,394
04/27/2018,MHR,CA,AWP,WE,Federal Contract Tower,13,19,20,5,57,13,53,109,17,192,26,72,129,22,249,174,2,176,425
04/28/2018,MHR,CA,AWP,WE,Federal Contract Tower,2,10,8,2,22,2,18,24,2,46,4,28,32,4,68,6,2,8,76
04/29/2018,MHR,CA,AWP,WE,Federal Contract Tower,0,3,14,0,17,0,11,31,0,42,0,14,45,0,59,8,0,8,67
04/30/2018,MHR,CA,AWP,WE,Federal Contract Tower,6,15,31,27,79,6,33,145,35,219,12,48,176,62,298,220,114,334,632
05/01/2018,MHR,CA,AWP,WE,Federal Contract Tower,20,18,23,16,77,20,44,114,35,213,40,62,137,51,290,103,76,179,469
05/02/2018,MHR,CA,AWP,WE,Federal Contract Tower,18,14,10,8,50,18,40,110,25,193,36,54,120,33,243,254,46,300,543
05/03/2018,MHR,CA,AWP,WE,Federal Contract Tower,18,15,30,9,72,18,46,76,19,159,36,61,106,28,231,140,58,198,429
05/04/2018,MHR,CA,AWP,WE,Federal Contract Tower,13,25,34,5,77,13,51,120,10,194,26,76,154,15,271,176,36,212,483
05/05/2018,MHR,CA,AWP,WE,Federal Contract Tower,2,8,16,2,28,2,19,38,6,65,4,27,54,8,93,12,0,12,105
05/06/2018,MHR,CA,AWP,WE,Federal Contract Tower,0,0,21,4,25,0,17,70,5,92,0,17,91,9,117,6,6,12,129
05/07/2018,MHR,CA,AWP,WE,Federal Contract Tower,5,25,40,12,82,5,53,161,18,237,10,78,201,30,319,124,32,156,475
05/08/2018,MHR,CA,AWP,WE,Federal Contract Tower,20,10,21,13,64,20,46,146,35,247,40,56,167,48,311,288,112,400,711
05/09/2018,MHR,CA,AWP,WE,Federal Contract Tower,18,18,55,14,105,18,57,196,24,295,36,75,251,38,400,102,42,144,544
05/10/2018,MHR,CA,AWP,WE,Federal Contract Tower,17,18,31,9,75,17,51,119,25,212,34,69,150,34,287,160,78,238,525
05/11/2018,MHR,CA,AWP,WE,Federal Contract Tower,16,17,11,6,50,17,36,24,9,86,33,53,35,15,136,4,8,12,148
05/12/2018,MHR,CA,AWP,WE,Federal Contract Tower,4,1,16,0,21,4,14,30,0,48,8,15,46,0,69,2,0,2,71
05/13/2018,MHR,CA,AWP,WE,Federal Contract Tower,0,0,11,0,11,0,6,36,0,42,0,6,47,0,53,0,0,0,53
05/14/2018,MHR,CA,AWP,WE,Federal Contract Tower,7,15,27,4,53,7,41,107,7,162,14,56,134,11,215,130,18,148,363
05/15/2018,MHR,CA,AWP,WE,Federal Contract Tower,18,15,41,9,83,18,42,113,20,193,36,57,154,29,276,138,16,154,430
05/16/2018,MHR,CA,AWP,WE,Federal Contract Tower,17,19,20,6,62,17,43,48,6,114,34,62,68,12,176,26,0,26,202
05/17/2018,MHR,CA,AWP,WE,Federal Contract Tower,16,15,15,19,65,16,43,143,30,232,32,58,158,49,297,264,38,302,599
05/18/2018,MHR,CA,AWP,WE,Federal Contract Tower,12,13,19,9,53,12,40,94,12,158,24,53,113,21,211,104,30,134,345
05/19/2018,MHR,CA,AWP,WE,Federal Contract Tower,2,5,11,2,20,2,15,29,3,49,4,20,40,5,69,10,0,10,79
05/20/2018,MHR,CA,AWP,WE,Federal Contract Tower,0,3,12,0,15,0,9,40,0,49,0,12,52,0,64,22,0,22,86
05/21/2018,MHR,CA,AWP,WE,Federal Contract Tower,5,13,31,7,56,5,44,120,13,182,10,57,151,20,238,96,32,128,366
05/22/2018,MHR,CA,AWP,WE,Federal Contract Tower,20,14,37,10,81,20,44,122,28,214,40,58,159,38,295,120,22,142,437
05/23/2018,MHR,CA,AWP,WE,Federal Contract Tower,17,26,45,13,101,17,50,119,21,207,34,76,164,34,308,8,22,30,338
05/24/2018,MHR,CA,AWP,WE,Federal Contract Tower,17,9,29,17,72,17,41,133,38,229,34,50,162,55,301,208,76,284,585
05/25/2018,MHR,CA,AWP,WE,Federal Contract Tower,13,15,30,3,61,13,39,40,3,95,26,54,70,6,156,20,10,30,186
05/26/2018,MHR,CA,AWP,WE,Federal Contract Tower,2,10,10,0,22,2,18,22,0,42,4,28,32,0,64,12,0,12,76
05/27/2018,MHR,CA,AWP,WE,Federal Contract Tower,0,2,13,2,17,0,11,49,2,62,0,13,62,4,79,0,0,0,79
05/28/2018,MHR,CA,AWP,WE,Federal Contract Tower,2,2,20,3,27,2,2,54,7,65,4,4,74,10,92,18,22,40,132
05/29/2018,MHR,CA,AWP,WE,Federal Contract Tower,6,8,25,9,48,6,36,112,17,171,12,44,137,26,219,70,28,98,317
05/30/2018,MHR,CA,AWP,WE,Federal Contract Tower,21,10,22,22,75,21,35,86,35,177,42,45,108,57,252,42,22,64,316
05/31/2018,MHR,CA,AWP,WE,Federal Contract Tower,19,19,30,7,75,19,40,107,16,182,38,59,137,23,257,128,22,150,407
06/01/2018,MHR,CA,AWP,WE,Federal Contract Tower,12,8,27,10,57,12,38,102,17,169,24,46,129,27,226,106,34,140,366
06/02/2018,MHR,CA,AWP,WE,Federal Contract Tower,2,0,7,5,14,2,13,31,6,52,4,13,38,11,66,6,8,14,80
06/03/2018,MHR,CA,AWP,WE,Federal Contract Tower,0,1,18,0,19,0,1,31,0,32,0,2,49,0,51,0,0,0,51
06/04/2018,MHR,CA,AWP,WE,Federal Contract Tower,6,11,30,9,56,6,34,121,14,175,12,45,151,23,231,46,26,72,303
06/05/2018,MHR,CA,AWP,WE,Federal Contract Tower,20,16,28,13,77,20,41,101,24,186,40,57,129,37,263,54,64,118,381
06/06/2018,MHR,CA,AWP,WE,Federal Contract Tower,19,14,31,6,70,19,53,84,16,172,38,67,115,22,242,18,26,44,286
06/07/2018,MHR,CA,AWP,WE,Federal Contract Tower,14,13,32,11,70,14,51,107,18,190,28,64,139,29,260,44,14,58,318
06/08/2018,MHR,CA,AWP,WE,Federal Contract Tower,14,19,21,6,60,14,46,72,10,142,28,65,93,16,202,28,22,50,252
06/09/2018,MHR,CA,AWP,WE,Federal Contract Tower,2,4,8,0,14,2,15,24,4,45,4,19,32,4,59,10,0,10,69
06/10/2018,MHR,CA,AWP,WE,Federal Contract Tower,0,8,17,2,27,0,15,53,2,70,0,23,70,4,97,28,0,28,125
06/11/2018,MHR,CA,AWP,WE,Federal Contract Tower,6,11,23,3,43,6,41,141,4,192,12,52,164,7,235,80,12,92,327
06/12/2018,MHR,CA,AWP,WE,Federal Contract Tower,19,15,18,15,67,19,36,108,32,195,38,51,126,47,262,90,68,158,420
06/13/2018,MHR,CA,AWP,WE,Federal Contract Tower,18,21,13,10,62,18,77,117,25,237,36,98,130,35,299,86,48,134,433
06/14/2018,MHR,CA,AWP,WE,Federal Contract Tower,13,14,22,5,54,13,40,85,9,147,26,54,107,14,201,56,6,62,263
06/15/2018,MHR,CA,AWP,WE,Federal Contract Tower,12,18,24,1,55,12,52,107,9,180,24,70,131,10,235,68,18,86,321
06/16/2018,MHR,CA,AWP,WE,Federal Contract Tower,2,9,9,2,22,2,23,17,7,49,4,32,26,9,71,4,8,12,83
06/17/2018,MHR,CA,AWP,WE,Federal Contract Tower,0,3,16,1,20,0,15,62,2,79,0,18,78,3,99,6,10,16,115
06/18/2018,MHR,CA,AWP,WE,Federal Contract Tower,4,9,22,4,39,4,31,144,7,186,8,40,166,11,225,166,18,184,409
06/19/2018,MHR,CA,AWP,WE,Federal Contract Tower,20,10,18,15,63,20,58,100,34,212,40,68,118,49,275,158,118,276,551
06/20/2018,MHR,CA,AWP,WE,Federal Contract Tower,17,14,14,19,64,17,52,103,32,204,34,66,117,51,268,94,104,198,466
06/21/2018,MHR,CA,AWP,WE,Federal Contract Tower,19,17,39,14,89,19,39,118,22,198,38,56,157,36,287,52,86,138,425
06/22/2018,MHR,CA,AWP,WE,Federal Contract Tower,12,18,17,18,65,12,46,74,30,162,24,64,91,48,227,62,0,62,289
06/23/2018,MHR,CA,AWP,WE,Federal Contract Tower,2,1,13,2,18,2,12,34,4,52,4,13,47,6,70,12,0,12,82
06/24/2018,MHR,CA,AWP,WE,Federal Contract Tower,1,3,9,3,16,1,11,67,3,82,2,14,76,6,98,2,0,2,100
06/25/2018,MHR,CA,AWP,WE,Federal Contract Tower,7,7,30,2,46,7,30,111,5,153,14,37,141,7,199,160,0,160,359
06/26/2018,MHR,CA,AWP,WE,Federal Contract Tower,23,12,26,10,71,23,59,121,47,250,46,71,147,57,321,180,118,298,619
06/27/2018,MHR,CA,AWP,WE,Federal Contract Tower,18,15,20,12,65,18,44,114,27,203,36,59,134,39,268,112,36,148,416
06/28/2018,MHR,CA,AWP,WE,Federal Contract Tower,18,15,25,13,71,18,40,78,24,160,36,55,103,37,231,64,46,110,341
06/29/2018,MHR,CA,AWP,WE,Federal Contract Tower,12,12,15,13,52,12,31,60,29,132,24,43,75,42,184,60,70,130,314
06/30/2018,MHR,CA,AWP,WE,Federal Contract Tower,2,5,1,12,20,2,29,26,65,122,4,34,27,77,142,0,20,20,162
07/01/2018,MHR,CA,AWP,WE,Federal Contract Tower,0,3,10,4,17,0,13,77,7,97,0,16,87,11,114,8,4,12,126
07/02/2018,MHR,CA,AWP,WE,Federal Contract Tower,8,5,19,5,37,8,28,102,20,158,16,33,121,25,195,86,30,116,311
07/03/2018,MHR,CA,AWP,WE,Federal Contract Tower,20,3,18,4,45,20,39,86,11,156,40,42,104,15,201,128,20,148,349
07/04/2018,MHR,CA,AWP,WE,Federal Contract Tower,6,1,13,0,20,6,6,28,1,41,12,7,41,1,61,48,8,56,117
07/05/2018,MHR,CA,AWP,WE,Federal Contract Tower,14,10,13,7,44,14,37,63,9,123,28,47,76,16,167,108,32,140,307
07/06/2018,MHR,CA,AWP,WE,Federal Contract Tower,15,7,18,5,45,16,26,65,12,119,31,33,83,17,164,116,16,132,296
07/07/2018,MHR,CA,AWP,WE,Federal Contract Tower,2,0,20,2,24,2,12,29,5,48,4,12,49,7,72,8,0,8,80
07/08/2018,MHR,CA,AWP,WE,Federal Contract Tower,0,1,4,0,5,0,7,51,8,66,0,8,55,8,71,32,0,32,103
07/09/2018,MHR,CA,AWP,WE,Federal Contract Tower,9,8,9,4,30,9,34,75,8,126,18,42,84,12,156,68,10,78,234
07/10/2018,MHR,CA,AWP,WE,Federal Contract Tower,25,16,30,6,77,25,47,100,19,191,50,63,130,25,268,70,44,114,382
07/11/2018,MHR,CA,AWP,WE,Federal Contract Tower,20,12,23,18,73,20,50,89,30,189,40,62,112,48,262,72,98,170,432
07/12/2018,MHR,CA,AWP,WE,Federal Contract Tower,19,12,20,9,60,19,37,34,18,108,38,49,54,27,168,26,74,100,268
07/13/2018,MHR,CA,AWP,WE,Federal Contract Tower,15,13,20,13,61,15,21,62,20,118,30,34,82,33,179,38,26,64,243
07/14/2018,MHR,CA,AWP,WE,Federal Contract Tower,2,1,3,0,6,2,11,18,2,33,4,12,21,2,39,8,0,8,47
07/15/2018,MHR,CA,AWP,WE,Federal Contract Tower,0,1,9,2,12,0,3,29,7,39,0,4,38,9,51,0,4,4,55
07/16/2018,MHR,CA,AWP,WE,Federal Contract Tower,6,8,26,1,41,6,35,99,9,149,12,43,125,10,190,22,4,26,216
07/17/2018,MHR,CA,AWP,WE,Federal Contract Tower,19,14,21,5,59,19,41,89,20,169,38,55,110,25,228,70,38,108,336
07/18/2018,MHR,CA,AWP,WE,Federal Contract Tower,23,14,21,9,67,23,47,96,19,185,46,61,117,28,252,186,50,236,488
07/19/2018,MHR,CA,AWP,WE,Federal Contract Tower,28,20,22,18,88,28,51,90,30,199,56,71,112,48,287,96,52,148,435
07/20/2018,MHR,CA,AWP,WE,Federal Contract Tower,15,13,20,15,63,15,42,95,22,174,30,55,115,37,237,178,48,226,463
07/21/2018,MHR,CA,AWP,WE,Federal Contract Tower,2,2,7,5,16,2,16,35,8,61,4,18,42,13,77,16,16,32,109
07/22/2018,MHR,CA,AWP,WE,Federal Contract Tower,0,1,12,0,13,0,6,32,4,42,0,7,44,4,55,40,0,40,95
07/23/2018,MHR,CA,AWP,WE,Federal Contract Tower,6,11,26,6,49,6,29,145,11,191,12,40,171,17,240,148,46,194,434
07/24/2018,MHR,CA,AWP,WE,Federal Contract Tower,19,10,18,11,58,19,49,96,31,195,38,59,114,42,253,198,10,208,461
07/25/2018,MHR,CA,AWP,WE,Federal Contract Tower,18,7,12,10,47,18,52,110,20,200,36,59,122,30,247,186,54,240,487
07/26/2018,MHR,CA,AWP,WE,Federal Contract Tower,18,18,28,7,71,18,47,100,32,197,36,65,128,39,268,120,72,192,460
07/27/2018,MHR,CA,AWP,WE,Federal Contract Tower,13,17,29,4,63,13,51,94,14,172,26,68,123,18,235,90,32,122,357
07/28/2018,MHR,CA,AWP,WE,Federal Contract Tower,2,5,9,0,16,1,12,33,4,50,3,17,42,4,66,0,0,0,66
07/29/2018,MHR,CA,AWP,WE,Federal Contract Tower,0,1,8,0,9,0,5,51,0,56,0,6,59,0,65,0,0,0,65
07/30/2018,MHR,CA,AWP,WE,Federal Contract Tower,13,8,24,6,51,13,23,86,16,138,26,31,110,22,189,64,32,96,285
07/31/2018,MHR,CA,AWP,WE,Federal Contract Tower,20,18,18,7,63,20,58,125,38,241,40,76,143,45,304,108,48,156,460
08/01/2018,MHR,CA,AWP,WE,Federal Contract Tower,18,17,37,5,77,18,46,137,27,228,36,63,174,32,305,66,66,132,437
08/02/2018,MHR,CA,AWP,WE,Federal Contract Tower,18,15,34,0,67,18,45,94,7,164,36,60,128,7,231,134,0,134,365
08/03/2018,MHR,CA,AWP,WE,Federal Contract Tower,15,18,19,6,58,14,43,82,17,156,29,61,101,23,214,104,36,140,354
08/04/2018,MHR,CA,AWP,WE,Federal Contract Tower,6,3,8,1,18,6,17,21,18,62,12,20,29,19,80,10,0,10,90
08/05/2018,MHR,CA,AWP,WE,Federal Contract Tower,0,2,9,3,14,0,9,53,19,81,0,11,62,22,95,12,0,12,107
08/06/2018,MHR,CA,AWP,WE,Federal Contract Tower,7,20,27,12,66,7,29,99,31,166,14,49,126,43,232,110,30,140,372
08/07/2018,MHR,CA,AWP,WE,Federal Contract Tower,21,18,34,21,94,21,53,134,45,253,42,71,168,66,347,110,76,186,533
08/08/2018,MHR,CA,AWP,WE,Federal Contract Tower,18,23,35,14,90,18,56,101,37,212,36,79,136,51,302,42,30,72,374
08/09/2018,MHR,CA,AWP,WE,Federal Contract Tower,18,12,33,11,74,18,41,108,31,198,36,53,141,42,272,150,62,212,484
08/10/2018,MHR,CA,AWP,WE,Federal Contract Tower,12,16,24,0,52,12,40,92,38,182,24,56,116,38,234,102,70,172,406
08/11/2018,MHR,CA,AWP,WE,Federal Contract Tower,2,1,9,6,18,2,15,30,22,69,4,16,39,28,87,17,0,17,104
08/12/2018,MHR,CA,AWP,WE,Federal Contract Tower,0,2,14,0,16,0,20,49,9,78,0,22,63,9,94,0,0,0,94
08/13/2018,MHR,CA,AWP,WE,Federal Contract Tower,5,11,28,4,48,5,32,135,13,185,10,43,163,17,233,164,30,194,427
08/14/2018,MHR,CA,AWP,WE,Federal Contract Tower,20,16,28,10,74,20,45,111,18,194,40,61,139,28,268,160,46,206,474
08/15/2018,MHR,CA,AWP,WE,Federal Contract Tower,18,17,30,10,75,18,55,105,36,214,36,72,135,46,289,124,96,220,509
08/16/2018,MHR,CA,AWP,WE,Federal Contract Tower,19,12,54,9,94,19,49,117,16,201,38,61,171,25,295,202,52,254,549
08/17/2018,MHR,CA,AWP,WE,Federal Contract Tower,11,16,22,6,55,11,37,111,21,180,22,53,133,27,235,152,40,192,427
08/18/2018,MHR,CA,AWP,WE,Federal Contract Tower,2,1,5,0,8,2,11,34,3,50,4,12,39,3,58,8,0,8,66
08/19/2018,MHR,CA,AWP,WE,Federal Contract Tower,0,1,5,0,6,0,10,39,4,53,0,11,44,4,59,22,0,22,81
08/20/2018,MHR,CA,AWP,WE,Federal Contract Tower,6,6,19,0,31,6,30,106,10,152,12,36,125,10,183,92,22,114,297
08/21/2018,MHR,CA,AWP,WE,Federal Contract Tower,19,12,38,4,73,19,44,141,13,217,38,56,179,17,290,190,40,230,520
08/22/2018,MHR,CA,AWP,WE,Federal Contract Tower,17,14,44,6,81,17,42,135,10,204,34,56,179,16,285,80,20,100,385
08/23/2018,MHR,CA,AWP,WE,Federal Contract Tower,19,10,43,16,88,19,54,148,25,246,38,64,191,41,334,240,100,340,674
08/24/2018,MHR,CA,AWP,WE,Federal Contract Tower,12,20,28,9,69,12,47,75,12,146,24,67,103,21,215,34,6,40,255
08/25/2018,MHR,CA,AWP,WE,Federal Contract Tower,2,3,16,2,23,2,15,30,4,51,4,18,46,6,74,2,0,2,76
08/26/2018,MHR,CA,AWP,WE,Federal Contract Tower,0,1,23,1,25,0,3,34,3,40,0,4,57,4,65,0,0,0,65
08/27/2018,MHR,CA,AWP,WE,Federal Contract Tower,6,7,23,7,43,6,24,114,20,164,12,31,137,27,207,70,34,104,311
08/28/2018,MHR,CA,AWP,WE,Federal Contract Tower,22,14,42,10,88,22,39,130,15,206,44,53,172,25,294,166,32,198,492
08/29/2018,MHR,CA,AWP,WE,Federal Contract Tower,21,11,20,9,61,21,39,110,24,194,42,50,130,33,255,116,62,178,433
08/30/2018,MHR,CA,AWP,WE,Federal Contract Tower,19,28,46,17,110,19,55,131,24,229,38,83,177,41,339,158,34,192,531
08/31/2018,MHR,CA,AWP,WE,Federal Contract Tower,14,4,23,2,43,14,48,100,4,166,28,52,123,6,209,116,0,116,325
09/01/2018,MHR,CA,AWP,WE,Federal Contract Tower,2,9,5,0,16,2,29,27,0,58,4,38,32,0,74,18,0,18,92
09/02/2018,MHR,CA,AWP,WE,Federal Contract Tower,0,2,8,0,10,0,6,31,0,37,0,8,39,0,47,10,0,10,57
09/03/2018,MHR,CA,AWP,WE,Federal Contract Tower,2,7,16,1,26,2,13,55,1,71,4,20,71,2,97,24,0,24,121
09/04/2018,MHR,CA,AWP,WE,Federal Contract Tower,8,10,32,6,56,8,40,96,11,155,16,50,128,17,211,76,26,102,313
09/05/2018,MHR,CA,AWP,WE,Federal Contract Tower,19,11,24,11,65,19,44,102,18,183,38,55,126,29,248,120,88,208,456
09/06/2018,MHR,CA,AWP,WE,Federal Contract Tower,20,16,34,15,85,20,51,122,40,233,40,67,156,55,318,100,56,156,474
09/07/2018,MHR,CA,AWP,WE,Federal Contract Tower,13,18,16,6,53,13,48,53,9,123,26,66,69,15,176,40,20,60,236
09/08/2018,MHR,CA,AWP,WE,Federal Contract Tower,2,10,4,3,19,2,21,23,6,52,4,31,27,9,71,40,16,56,127
09/09/2018,MHR,CA,AWP,WE,Federal Contract Tower,0,1,12,0,13,0,7,27,0,34,0,8,39,0,47,4,0,4,51
09/10/2018,MHR,CA,AWP,WE,Federal Contract Tower,6,5,14,1,26,6,33,57,2,98,12,38,71,3,124,36,10,46,170
09/11/2018,MHR,CA,AWP,WE,Federal Contract Tower,19,21,17,5,62,19,50,118,12,199,38,71,135,17,261,86,32,118,379
09/12/2018,MHR,CA,AWP,WE,Federal Contract Tower,21,17,21,9,68,21,50,90,22,183,42,67,111,31,251,100,30,130,381
09/13/2018,MHR,CA,AWP,WE,Federal Contract Tower,17,7,26,9,59,17,35,99,25,176,34,42,125,34,235,118,70,188,423
09/14/2018,MHR,CA,AWP,WE,Federal Contract Tower,13,13,16,7,49,13,35,78,13,139,26,48,94,20,188,18,32,50,238
09/15/2018,MHR,CA,AWP,WE,Federal Contract Tower,2,3,14,0,19,2,24,35,0,61,4,27,49,0,80,8,0,8,88
09/16/2018,MHR,CA,AWP,WE,Federal Contract Tower,0,1,10,1,12,0,5,23,2,30,0,6,33,3,42,0,0,0,42
09/17/2018,MHR,CA,AWP,WE,Federal Contract Tower,6,7,11,8,32,6,38,125,13,182,12,45,136,21,214,68,24,92,306
09/18/2018,MHR,CA,AWP,WE,Federal Contract Tower,18,16,23,3,60,18,41,106,14,179,36,57,129,17,239,26,10,36,275
09/19/2018,MHR,CA,AWP,WE,Federal Contract Tower,17,22,12,27,78,17,35,92,38,182,34,57,104,65,260,62,54,116,376
09/20/2018,MHR,CA,AWP,WE,Federal Contract Tower,42,11,20,14,87,42,54,106,52,254,84,65,126,66,341,46,204,250,591
09/21/2018,MHR,CA,AWP,WE,Federal Contract Tower,13,12,8,0,33,13,32,97,33,175,26,44,105,33,208,32,126,158,366
09/22/2018,MHR,CA,AWP,WE,Federal Contract Tower,1,1,5,1,8,1,13,157,1,172,2,14,162,2,180,24,0,24,204
09/23/2018,MHR,CA,AWP,WE,Federal Contract Tower,0,9,3,0,12,0,17,105,1,123,0,26,108,1,135,0,0,0,135
09/24/2018,MHR,CA,AWP,WE,Federal Contract Tower,6,15,13,8,42,6,34,152,26,218,12,49,165,34,260,46,12,58,318
09/25/2018,MHR,CA,AWP,WE,Federal Contract Tower,20,19,13,13,65,20,39,59,17,135,40,58,72,30,200,18,36,54,254
09/26/2018,MHR,CA,AWP,WE,Federal Contract Tower,18,13,18,20,69,18,44,84,25,171,36,57,102,45,240,74,34,108,348
09/27/2018,MHR,CA,AWP,WE,Federal Contract Tower,19,18,24,6,67,19,50,107,16,192,38,68,131,22,259,24,28,52,311
09/28/2018,MHR,CA,AWP,WE,Federal Contract Tower,16,9,19,2,46,16,31,65,9,121,32,40,84,11,167,30,16,46,213
09/29/2018,MHR,CA,AWP,WE,Federal Contract Tower,3,18,6,3,30,3,29,74,4,110,6,47,80,7,140,22,2,24,164
09/30/2018,MHR,CA,AWP,WE,Federal Contract Tower,2,9,12,0,23,1,8,29,0,38,3,17,41,0,61,8,0,8,69
10/01/2018,MHR,CA,AWP,WE,Federal Contract Tower,6,10,15,10,41,6,45,117,22,190,12,55,132,32,231,86,28,114,345
10/02/2018,MHR,CA,AWP,WE,Federal Contract Tower,19,12,12,4,47,19,33,29,11,92,38,45,41,15,139,92,34,126,265
10/03/2018,MHR,CA,AWP,WE,Federal Contract Tower,19,22,18,5,64,19,44,81,12,156,38,66,99,17,220,64,56,120,340
10/04/2018,MHR,CA,AWP,WE,Federal Contract Tower,20,32,27,7,86,20,50,63,13,146,40,82,90,20,232,54,24,78,310
10/05/2018,MHR,CA,AWP,WE,Federal Contract Tower,11,7,18,3,39,11,30,61,6,108,22,37,79,9,147,32,12,44,191
10/06/2018,MHR,CA,AWP,WE,Federal Contract Tower,2,1,14,0,17,2,8,32,4,46,4,9,46,4,63,16,2,18,81
10/07/2018,MHR,CA,AWP,WE,Federal Contract Tower,0,2,17,4,23,0,6,30,4,40,0,8,47,8,63,0,0,0,63
10/08/2018,MHR,CA,AWP,WE,Federal Contract Tower,6,8,15,3,32,6,31,77,4,118,12,39,92,7,150,58,12,70,220
10/09/2018,MHR,CA,AWP,WE,Federal Contract Tower,19,9,9,14,51,19,49,124,23,215,38,58,133,37,266,116,34,150,416
10/10/2018,MHR,CA,AWP,WE,Federal Contract Tower,22,18,15,14,69,22,55,105,30,212,44,73,120,44,281,130,54,184,465
10/11/2018,MHR,CA,AWP,WE,Federal Contract Tower,19,10,39,10,78,19,43,101,32,195,38,53,140,42,273,60,94,154,427
10/12/2018,MHR,CA,AWP,WE,Federal Contract Tower,13,16,28,18,75,13,38,86,37,174,26,54,114,55,249,62,68,130,379
10/13/2018,MHR,CA,AWP,WE,Federal Contract Tower,2,3,12,15,32,2,17,32,20,71,4,20,44,35,103,34,26,60,163
10/14/2018,MHR,CA,AWP,WE,Federal Contract Tower,0,0,20,1,21,0,5,55,4,64,0,5,75,5,85,14,0,14,99
10/15/2018,MHR,CA,AWP,WE,Federal Contract Tower,5,8,14,6,33,5,37,92,15,149,10,45,106,21,182,22,36,58,240
10/16/2018,MHR,CA,AWP,WE,Federal Contract Tower,19,18,10,4,51,19,49,89,8,165,38,67,99,12,216,84,42,126,342
10/17/2018,MHR,CA,AWP,WE,Federal Contract Tower,19,11,16,14,60,19,44,87,28,178,38,55,103,42,238,56,56,112,350
10/18/2018,MHR,CA,AWP,WE,Federal Contract Tower,17,15,34,18,84,17,36,110,28,191,34,51,144,46,275,118,52,170,445
10/20/2018,MHR,CA,AWP,WE,Federal Contract Tower,2,12,6,2,22,2,29,36,2,69,4,41,42,4,91,0,0,0,91
10/21/2018,MHR,CA,AWP,WE,Federal Contract Tower,0,3,16,0,19,0,11,74,2,87,0,14,90,2,106,18,0,18,124
10/22/2018,MHR,CA,AWP,WE,Federal Contract Tower,6,12,28,2,48,6,38,141,6,191,12,50,169,8,239,78,2,80,319
10/23/2018,MHR,CA,AWP,WE,Federal Contract Tower,21,12,14,13,60,21,48,120,29,218,42,60,134,42,278,150,72,222,500
10/24/2018,MHR,CA,AWP,WE,Federal Contract Tower,18,12,24,25,79,18,47,133,39,237,36,59,157,64,316,174,124,298,614
10/25/2018,MHR,CA,AWP,WE,Federal Contract Tower,18,16,32,21,87,18,45,130,30,223,36,61,162,51,310,154,58,212,522
10/26/2018,MHR,CA,AWP,WE,Federal Contract Tower,11,18,33,8,70,11,46,116,22,195,22,64,149,30,265,118,94,212,477
10/27/2018,MHR,CA,AWP,WE,Federal Contract Tower,4,1,34,0,39,4,10,66,0,80,8,11,100,0,119,8,0,8,127
10/28/2018,MHR,CA,AWP,WE,Federal Contract Tower,0,3,15,0,18,0,11,65,0,76,0,14,80,0,94,32,0,32,126
10/29/2018,MHR,CA,AWP,WE,Federal Contract Tower,7,7,11,11,36,7,48,110,20,185,14,55,121,31,221,56,128,184,405
10/30/2018,MHR,CA,AWP,WE,Federal Contract Tower,19,9,10,6,44,19,42,82,12,155,38,51,92,18,199,4,28,32,231
10/31/2018,MHR,CA,AWP,WE,Federal Contract Tower,17,16,37,19,89,17,38,139,33,227,34,54,176,52,316,192,106,298,614
11/01/2018,MHR,CA,AWP,WE,Federal Contract Tower,20,15,28,10,73,20,50,105,24,199,40,65,133,34,272,240,70,310,582
11/02/2018,MHR,CA,AWP,WE,Federal Contract Tower,12,9,11,7,39,12,37,76,26,151,24,46,87,33,190,114,48,162,352
11/03/2018,MHR,CA,AWP,WE,Federal Contract Tower,2,3,4,2,11,2,19,46,28,95,4,22,50,30,106,26,0,26,132
11/04/2018,MHR,CA,AWP,WE,Federal Contract Tower,0,1,8,14,23,0,1,35,21,57,0,2,43,35,80,0,16,16,96
11/05/2018,MHR,CA,AWP,WE,Federal Contract Tower,7,10,21,7,45,7,52,131,8,198,14,62,152,15,243,112,24,136,379
11/06/2018,MHR,CA,AWP,WE,Federal Contract Tower,16,11,35,8,70,16,45,145,15,221,32,56,180,23,291,204,104,308,599
11/07/2018,MHR,CA,AWP,WE,Federal Contract Tower,16,15,13,9,53,15,40,74,15,144,31,55,87,24,197,148,70,218,415
11/08/2018,MHR,CA,AWP,WE,Federal Contract Tower,16,21,23,7,67,16,51,49,16,132,32,72,72,23,199,24,6,30,229
11/09/2018,MHR,CA,AWP,WE,Federal Contract Tower,10,26,34,8,78,10,44,109,13,176,20,70,143,21,254,86,26,112,366
11/10/2018,MHR,CA,AWP,WE,Federal Contract Tower,3,5,17,4,29,3,11,21,6,41,6,16,38,10,70,0,0,0,70
11/11/2018,MHR,CA,AWP,WE,Federal Contract Tower,0,5,15,9,29,0,8,26,9,43,0,13,41,18,72,20,0,20,92
11/12/2018,MHR,CA,AWP,WE,Federal Contract Tower,7,11,38,4,60,7,35,58,5,105,14,46,96,9,165,10,2,12,177
11/13/2018,MHR,CA,AWP,WE,Federal Contract Tower,17,39,27,5,88,17,48,70,6,141,34,87,97,11,229,72,0,72,301
11/14/2018,MHR,CA,AWP,WE,Federal Contract Tower,15,27,26,11,79,15,35,27,16,93,30,62,53,27,172,0,0,0,172
11/15/2018,MHR,CA,AWP,WE,Federal Contract Tower,16,28,42,15,101,16,28,42,15,101,32,56,84,30,202,2,0,2,204
11/16/2018,MHR,CA,AWP,WE,Federal Contract Tower,12,32,30,12,86,12,37,35,14,98,24,69,65,26,184,18,0,18,202
11/17/2018,MHR,CA,AWP,WE,Federal Contract Tower,2,10,36,8,56,2,18,49,18,87,4,28,85,26,143,2,0,2,145
11/18/2018,MHR,CA,AWP,WE,Federal Contract Tower,3,2,14,2,21,3,4,22,2,31,6,6,36,4,52,0,0,0,52
11/19/2018,MHR,CA,AWP,WE,Federal Contract Tower,10,4,28,12,54,10,28,84,21,143,20,32,112,33,197,22,6,28,225
11/20/2018,MHR,CA,AWP,WE,Federal Contract Tower,25,8,43,8,84,25,45,143,15,228,50,53,186,23,312,154,64,218,530
11/21/2018,MHR,CA,AWP,WE,Federal Contract Tower,20,19,29,19,87,20,33,66,19,138,40,52,95,38,225,62,42,104,329
11/22/2018,MHR,CA,AWP,WE,Federal Contract Tower,2,0,2,2,6,2,1,9,2,14,4,1,11,4,20,0,0,0,20
11/23/2018,MHR,CA,AWP,WE,Federal Contract Tower,8,25,7,0,40,8,25,7,0,40,16,50,14,0,80,0,0,0,80
11/24/2018,MHR,CA,AWP,WE,Federal Contract Tower,1,10,16,0,27,1,13,19,0,33,2,23,35,0,60,0,0,0,60
11/25/2018,MHR,CA,AWP,WE,Federal Contract Tower,3,3,17,0,23,3,9,47,0,59,6,12,64,0,82,26,0,26,108
11/26/2018,MHR,CA,AWP,WE,Federal Contract Tower,9,6,21,19,55,9,32,119,30,190,18,38,140,49,245,130,83,213,458
11/27/2018,MHR,CA,AWP,WE,Federal Contract Tower,27,26,30,18,101,27,52,46,18,143,54,78,76,36,244,0,0,0,244
11/28/2018,MHR,CA,AWP,WE,Federal Contract Tower,24,27,26,2,79,24,35,60,7,126,48,62,86,9,205,34,26,60,265
11/29/2018,MHR,CA,AWP,WE,Federal Contract Tower,22,30,14,8,74,22,38,17,8,85,44,68,31,16,159,2,0,2,161
11/30/2018,MHR,CA,AWP,WE,Federal Contract Tower,12,20,0,0,32,12,43,95,16,166,24,63,95,16,198,36,20,56,254
12/01/2018,MHR,CA,AWP,WE,Federal Contract Tower,1,8,3,0,12,1,13,7,0,21,2,21,10,0,33,0,0,0,33
12/02/2018,MHR,CA,AWP,WE,Federal Contract Tower,2,2,6,3,13,2,7,41,7,57,4,9,47,10,70,20,0,20,90
12/03/2018,MHR,CA,AWP,WE,Federal Contract Tower,9,8,18,12,47,9,35,125,31,200,18,43,143,43,247,244,32,276,523
12/04/2018,MHR,CA,AWP,WE,Federal Contract Tower,21,11,30,19,81,21,45,125,31,222,42,56,155,50,303,208,48,256,559
12/05/2018,MHR,CA,AWP,WE,Federal Contract Tower,26,18,22,2,68,26,39,74,8,147,52,57,96,10,215,186,0,186,401
12/06/2018,MHR,CA,AWP,WE,Federal Contract Tower,27,24,37,13,101,27,55,127,24,233,54,79,164,37,334,254,52,306,640
12/08/2018,MHR,CA,AWP,WE,Federal Contract Tower,1,5,17,0,23,1,27,44,0,72,2,32,61,0,95,22,0,22,117
12/09/2018,MHR,CA,AWP,WE,Federal Contract Tower,4,2,8,0,14,4,7,14,0,25,8,9,22,0,39,0,0,0,39
12/10/2018,MHR,CA,AWP,WE,Federal Contract Tower,11,8,16,5,40,11,38,64,8,121,22,46,80,13,161,10,16,26,187
12/11/2018,MHR,CA,AWP,WE,Federal Contract Tower,35,23,50,6,114,35,49,105,12,201,70,72,155,18,315,108,32,140,455
12/12/2018,MHR,CA,AWP,WE,Federal Contract Tower,33,12,31,36,112,33,48,83,34,198,66,60,114,70,310,36,38,74,384
12/13/2018,MHR,CA,AWP,WE,Federal Contract Tower,34,14,34,18,100,34,57,143,33,267,68,71,177,51,367,182,100,282,649
12/14/2018,MHR,CA,AWP,WE,Federal Contract Tower,18,20,26,0,64,18,41,44,8,111,36,61,70,8,175,28,2,30,205
12/15/2018,MHR,CA,AWP,WE,Federal Contract Tower,9,12,10,0,31,9,22,28,4,63,18,34,38,4,94,16,4,20,114
12/16/2018,MHR,CA,AWP,WE,Federal Contract Tower,5,0,7,0,12,5,7,14,0,26,10,7,21,0,38,2,0,2,40
12/17/2018,MHR,CA,AWP,WE,Federal Contract Tower,21,28,22,15,86,21,51,98,30,200,42,79,120,45,286,120,52,172,458
12/18/2018,MHR,CA,AWP,WE,Federal Contract Tower,35,14,38,14,101,35,59,122,24,240,70,73,160,38,341,134,42,176,517
12/19/2018,MHR,CA,AWP,WE,Federal Contract Tower,37,23,32,26,118,37,44,99,40,220,74,67,131,66,338,130,66,196,534
12/20/2018,MHR,CA,AWP,WE,Federal Contract Tower,32,35,51,6,124,32,51,70,10,163,64,86,121,16,287,12,8,20,307
12/21/2018,MHR,CA,AWP,WE,Federal Contract Tower,30,32,37,4,103,30,42,41,4,117,60,74,78,8,220,0,0,0,220
12/22/2018,MHR,CA,AWP,WE,Federal Contract Tower,14,9,26,0,49,14,12,42,0,68,28,21,68,0,117,0,0,0,117
12/23/2018,MHR,CA,AWP,WE,Federal Contract Tower,5,2,15,0,22,5,7,25,0,37,10,9,40,0,59,2,0,2,61
12/24/2018,MHR,CA,AWP,WE,Federal Contract Tower,7,23,2,0,32,7,34,4,0,45,14,57,6,0,77,0,0,0,77
12/25/2018,MHR,CA,AWP,WE,Federal Contract Tower,0,2,4,0,6,0,4,6,0,10,0,6,10,0,16,0,0,0,16
12/26/2018,MHR,CA,AWP,WE,Federal Contract Tower,11,19,30,11,71,11,61,105,19,196,22,80,135,30,267,146,58,204,471
12/27/2018,MHR,CA,AWP,WE,Federal Contract Tower,18,20,20,12,70,16,49,55,24,144,34,69,75,36,214,24,46,70,284
12/28/2018,MHR,CA,AWP,WE,Federal Contract Tower,13,11,15,0,39,13,37,56,2,108,26,48,71,2,147,26,0,26,173
12/29/2018,MHR,CA,AWP,WE,Federal Contract Tower,3,0,20,0,23,3,14,37,0,54,6,14,57,0,77,36,0,36,113
12/30/2018,MHR,CA,AWP,WE,Federal Contract Tower,0,1,5,0,6,0,4,26,0,30,0,5,31,0,36,26,0,26,62
12/31/2018,MHR,CA,AWP,WE,Federal Contract Tower,5,2,2,0,9,5,19,33,0,57,10,21,35,0,66,22,0,22,88
01/01/2019,MHR,CA,AWP,WE,Federal Contract Tower,1,2,12,0,15,1,8,51,0,60,2,10,63,0,75,10,0,10,85
01/02/2019,MHR,CA,AWP,WE,Federal Contract Tower,11,4,30,13,58,11,36,108,22,177,22,40,138,35,235,106,72,178,413
01/03/2019,MHR,CA,AWP,WE,Federal Contract Tower,17,7,30,15,69,17,48,114,36,215,34,55,144,51,284,138,114,252,536
01/04/2019,MHR,CA,AWP,WE,Federal Contract Tower,13,10,32,10,65,13,60,118,18,209,26,70,150,28,274,80,52,132,406
01/05/2019,MHR,CA,AWP,WE,Federal Contract Tower,3,3,3,0,9,3,11,4,0,18,6,14,7,0,27,0,0,0,27
01/06/2019,MHR,CA,AWP,WE,Federal Contract Tower,0,2,1,0,3,0,2,3,0,5,0,4,4,0,8,0,0,0,8
01/07/2019,MHR,CA,AWP,WE,Federal Contract Tower,6,12,23,7,48,6,31,106,13,156,12,43,129,20,204,70,18,88,292
01/08/2019,MHR,CA,AWP,WE,Federal Contract Tower,16,19,21,31,87,16,36,48,42,142,32,55,69,73,229,2,2,4,233
01/09/2019,MHR,CA,AWP,WE,Federal Contract Tower,16,27,24,18,85,16,45,41,24,126,32,72,65,42,211,12,0,12,223
01/10/2019,MHR,CA,AWP,WE,Federal Contract Tower,19,20,23,10,72,19,31,31,14,95,38,51,54,24,167,0,26,26,193
01/11/2019,MHR,CA,AWP,WE,Federal Contract Tower,8,24,38,12,82,8,43,80,14,145,16,67,118,26,227,90,10,100,327
01/12/2019,MHR,CA,AWP,WE,Federal Contract Tower,2,6,17,1,26,2,12,50,15,79,4,18,67,16,105,24,6,30,135
01/13/2019,MHR,CA,AWP,WE,Federal Contract Tower,0,10,12,5,27,0,18,41,5,64,0,28,53,10,91,12,0,12,103
01/14/2019,MHR,CA,AWP,WE,Federal Contract Tower,7,10,14,3,34,7,29,101,4,141,14,39,115,7,175,56,0,56,231
01/15/2019,MHR,CA,AWP,WE,Federal Contract Tower,16,20,22,31,89,16,33,54,34,137,32,53,76,65,226,0,26,26,252
01/16/2019,MHR,CA,AWP,WE,Federal Contract Tower,10,19,13,4,46,10,21,14,5,50,20,40,27,9,96,0,6,6,102
01/17/2019,MHR,CA,AWP,WE,Federal Contract Tower,19,18,12,9,58,19,45,22,15,101,38,63,34,24,159,0,66,66,225
01/18/2019,MHR,CA,AWP,WE,Federal Contract Tower,9,11,19,31,70,9,32,101,40,182,18,43,120,71,252,56,78,134,386
01/19/2019,MHR,CA,AWP,WE,Federal Contract Tower,2,4,22,0,28,2,17,72,0,91,4,21,94,0,119,79,0,79,198
01/20/2019,MHR,CA,AWP,WE,Federal Contract Tower,0,5,1,0,6,0,5,1,0,6,0,10,2,0,12,0,0,0,12
01/21/2019,MHR,CA,AWP,WE,Federal Contract Tower,6,10,15,0,31,6,43,137,1,187,12,53,152,1,218,132,2,134,352
01/22/2019,MHR,CA,AWP,WE,Federal Contract Tower,19,8,16,8,51,19,37,84,23,163,38,45,100,31,214,38,40,78,292
01/23/2019,MHR,CA,AWP,WE,Federal Contract Tower,16,11,22,19,68,16,42,99,33,190,32,53,121,52,258,108,104,212,470
01/24/2019,MHR,CA,AWP,WE,Federal Contract Tower,16,15,46,10,87,16,50,123,20,209,32,65,169,30,296,74,74,148,444
01/25/2019,MHR,CA,AWP,WE,Federal Contract Tower,12,17,18,12,59,12,36,93,28,169,24,53,111,40,228,94,52,146,374
01/26/2019,MHR,CA,AWP,WE,Federal Contract Tower,1,6,18,9,34,1,17,37,14,69,2,23,55,23,103,0,20,20,123
01/27/2019,MHR,CA,AWP,WE,Federal Contract Tower,0,2,8,3,13,0,9,26,6,41,0,11,34,9,54,10,6,16,70
01/28/2019,MHR,CA,AWP,WE,Federal Contract Tower,6,7,10,3,26,6,38,130,10,184,12,45,140,13,210,154,4,158,368
01/29/2019,MHR,CA,AWP,WE,Federal Contract Tower,16,19,16,19,70,16,60,110,33,219,32,79,126,52,289,158,93,251,540
01/30/2019,MHR,CA,AWP,WE,Federal Contract Tower,16,24,30,27,97,16,52,98,42,208,32,76,128,69,305,142,112,254,559
01/31/2019,MHR,CA,AWP,WE,Federal Contract Tower,16,30,47,12,105,16,63,120,29,228,32,93,167,41,333,118,60,178,511
02/01/2019,MHR,CA,AWP,WE,Federal Contract Tower,14,24,16,2,56,14,88,71,6,179,28,112,87,8,235,42,68,110,345
02/02/2019,MHR,CA,AWP,WE,Federal Contract Tower,2,3,7,0,12,2,15,12,0,29,4,18,19,0,41,0,0,0,41
02/03/2019,MHR,CA,AWP,WE,Federal Contract Tower,0,0,5,0,5,0,3,7,0,10,0,3,12,0,15,6,0,6,21
02/04/2019,MHR,CA,AWP,WE,Federal Contract Tower,8,10,11,4,33,8,22,54,6,90,16,32,65,10,123,0,10,10,133
02/05/2019,MHR,CA,AWP,WE,Federal Contract Tower,17,14,17,14,62,17,36,74,30,157,34,50,91,44,219,96,76,172,391
02/06/2019,MHR,CA,AWP,WE,Federal Contract Tower,15,20,26,18,79,15,67,106,22,210,30,87,132,40,289,152,22,174,463
02/07/2019,MHR,CA,AWP,WE,Federal Contract Tower,17,22,24,2,65,17,49,108,12,186,34,71,132,14,251,200,26,226,477
02/08/2019,MHR,CA,AWP,WE,Federal Contract Tower,9,22,14,2,47,9,45,64,5,123,18,67,78,7,170,112,2,114,284
02/09/2019,MHR,CA,AWP,WE,Federal Contract Tower,1,6,4,1,12,1,11,4,9,25,2,17,8,10,37,0,16,16,53
02/10/2019,MHR,CA,AWP,WE,Federal Contract Tower,0,0,1,0,1,0,6,9,5,20,0,6,10,5,21,4,0,4,25
02/11/2019,MHR,CA,AWP,WE,Federal Contract Tower,6,10,12,0,28,6,49,138,7,200,12,59,150,7,228,136,0,136,364
02/12/2019,MHR,CA,AWP,WE,Federal Contract Tower,15,12,24,16,67,15,42,96,28,181,30,54,120,44,248,114,68,182,430
02/13/2019,MHR,CA,AWP,WE,Federal Contract Tower,24,25,13,2,64,24,25,13,2,64,48,50,26,4,128,0,0,0,128
02/14/2019,MHR,CA,AWP,WE,Federal Contract Tower,17,15,9,3,44,17,28,16,7,68,34,43,25,10,112,0,0,0,112
02/15/2019,MHR,CA,AWP,WE,Federal Contract Tower,10,10,19,15,54,10,30,50,17,107,20,40,69,32,161,86,32,118,279
02/16/2019,MHR,CA,AWP,WE,Federal Contract Tower,2,5,14,3,24,2,19,27,2,50,4,24,41,5,74,4,0,4,78
02/17/2019,MHR,CA,AWP,WE,Federal Contract Tower,0,0,3,3,6,0,3,18,4,25,0,3,21,7,31,10,0,10,41
02/18/2019,MHR,CA,AWP,WE,Federal Contract Tower,5,3,11,1,20,5,22,109,2,138,10,25,120,3,158,50,0,50,208
02/19/2019,MHR,CA,AWP,WE,Federal Contract Tower,15,9,36,9,69,15,38,141,24,218,30,47,177,33,287,190,68,258,545
02/20/2019,MHR,CA,AWP,WE,Federal Contract Tower,15,14,15,6,50,15,28,60,16,119,30,42,75,22,169,82,12,94,263
02/21/2019,MHR,CA,AWP,WE,Federal Contract Tower,17,11,27,17,72,17,44,58,31,150,34,55,85,48,222,14,2,16,238
02/22/2019,MHR,CA,AWP,WE,Federal Contract Tower,8,15,18,17,58,8,41,95,8,152,16,56,113,25,210,217,10,227,437
02/23/2019,MHR,CA,AWP,WE,Federal Contract Tower,2,1,6,2,11,2,10,32,3,47,4,11,38,5,58,20,0,20,78
02/24/2019,MHR,CA,AWP,WE,Federal Contract Tower,0,1,5,0,6,0,10,33,0,43,0,11,38,0,49,8,0,8,57
02/25/2019,MHR,CA,AWP,WE,Federal Contract Tower,8,14,13,6,41,8,29,48,9,94,16,43,61,15,135,50,28,78,213
02/26/2019,MHR,CA,AWP,WE,Federal Contract Tower,14,18,12,10,54,14,23,21,16,74,28,41,33,26,128,0,66,66,194
02/27/2019,MHR,CA,AWP,WE,Federal Contract Tower,17,20,7,5,49,17,25,16,14,72,34,45,23,19,121,0,10,10,131
02/28/2019,MHR,CA,AWP,WE,Federal Contract Tower,16,19,8,10,53,16,52,23,15,106,32,71,31,25,159,144,10,154,313
03/01/2019,MHR,CA,AWP,WE,Federal Contract Tower,10,18,30,5,63,11,55,105,18,189,21,73,135,23,252,290,40,330,582
03/02/2019,MHR,CA,AWP,WE,Federal Contract Tower,2,14,9,3,28,2,14,9,3,28,4,28,18,6,56,0,0,0,56
03/03/2019,MHR,CA,AWP,WE,Federal Contract Tower,0,2,7,0,9,0,2,14,2,18,0,4,21,2,27,0,0,0,27
03/04/2019,MHR,CA,AWP,WE,Federal Contract Tower,5,9,33,1,48,5,36,129,3,173,10,45,162,4,221,150,4,154,375
03/05/2019,MHR,CA,AWP,WE,Federal Contract Tower,16,17,9,11,53,16,52,71,19,158,32,69,80,30,211,38,36,74,285
03/06/2019,MHR,CA,AWP,WE,Federal Contract Tower,16,26,15,1,58,16,33,30,8,87,32,59,45,9,145,0,0,0,145
03/07/2019,MHR,CA,AWP,WE,Federal Contract Tower,17,20,25,6,68,17,47,76,9,149,34,67,101,15,217,108,22,130,347
03/08/2019,MHR,CA,AWP,WE,Federal Contract Tower,10,18,19,13,60,10,37,119,23,189,20,55,138,36,249,112,42,154,403
03/09/2019,MHR,CA,AWP,WE,Federal Contract Tower,2,6,12,0,20,2,15,23,14,54,4,21,35,14,74,10,8,18,92
03/10/2019,MHR,CA,AWP,WE,Federal Contract Tower,0,4,14,1,19,0,8,43,12,63,0,12,57,13,82,14,10,24,106
03/11/2019,MHR,CA,AWP,WE,Federal Contract Tower,6,17,41,8,72,6,40,164,18,228,12,57,205,26,300,126,6,132,432
03/12/2019,MHR,CA,AWP,WE,Federal Contract Tower,14,12,12,0,38,14,34,98,4,150,28,46,110,4,188,100,0,100,288
03/13/2019,MHR,CA,AWP,WE,Federal Contract Tower,16,18,23,4,61,16,50,79,22,167,32,68,102,26,228,26,30,56,284
03/14/2019,MHR,CA,AWP,WE,Federal Contract Tower,16,12,27,6,61,16,41,151,18,226,32,53,178,24,287,216,66,282,569
03/15/2019,MHR,CA,AWP,WE,Federal Contract Tower,12,13,32,13,70,12,40,103,28,183,24,53,135,41,253,98,38,136,389
03/16/2019,MHR,CA,AWP,WE,Federal Contract Tower,2,2,26,0,30,2,15,28,3,48,4,17,54,3,78,6,0,6,84
03/17/2019,MHR,CA,AWP,WE,Federal Contract Tower,0,1,25,1,27,0,17,102,23,142,0,18,127,24,169,114,6,120,289
03/18/2019,MHR,CA,AWP,WE,Federal Contract Tower,6,17,28,9,60,6,39,190,16,251,12,56,218,25,311,200,48,248,559
03/19/2019,MHR,CA,AWP,WE,Federal Contract Tower,13,17,25,19,74,13,57,151,48,269,26,74,176,67,343,144,84,228,571
03/20/2019,MHR,CA,AWP,WE,Federal Contract Tower,17,22,29,24,92,17,35,54,26,132,34,57,83,50,224,6,50,56,280
03/21/2019,MHR,CA,AWP,WE,Federal Contract Tower,18,24,49,36,127,18,58,121,49,246,36,82,170,85,373,180,56,236,609
03/22/2019,MHR,CA,AWP,WE,Federal Contract Tower,12,24,32,16,84,12,41,113,34,200,24,65,145,50,284,88,90,178,462
03/23/2019,MHR,CA,AWP,WE,Federal Contract Tower,2,5,11,2,20,2,20,14,4,40,4,25,25,6,60,0,0,0,60
03/24/2019,MHR,CA,AWP,WE,Federal Contract Tower,0,9,27,1,37,0,18,91,1,110,0,27,118,2,147,54,0,54,201
03/25/2019,MHR,CA,AWP,WE,Federal Contract Tower,7,18,18,11,54,7,30,69,20,126,14,48,87,31,180,34,38,72,252
03/26/2019,MHR,CA,AWP,WE,Federal Contract Tower,17,18,45,11,91,17,34,89,21,161,34,52,134,32,252,44,34,78,330
03/27/2019,MHR,CA,AWP,WE,Federal Contract Tower,16,21,34,12,83,16,47,78,17,158,32,68,112,29,241,32,10,42,283
03/28/2019,MHR,CA,AWP,WE,Federal Contract Tower,16,14,40,17,87,16,37,84,37,174,32,51,124,54,261,70,26,96,357
03/29/2019,MHR,CA,AWP,WE,Federal Contract Tower,12,27,45,3,87,12,57,141,9,219,24,84,186,12,306,110,2,112,418
03/30/2019,MHR,CA,AWP,WE,Federal Contract Tower,3,5,27,4,39,3,15,61,4,83,6,20,88,8,122,0,0,0,122
03/31/2019,MHR,CA,AWP,WE,Federal Contract Tower,0,2,25,0,27,0,19,88,0,107,0,21,113,0,134,50,0,50,184
04/01/2019,MHR,CA,AWP,WE,Federal Contract Tower,6,11,14,10,41,6,33,95,20,154,12,44,109,30,195,88,92,180,375
04/02/2019,MHR,CA,AWP,WE,Federal Contract Tower,19,13,21,13,66,19,30,43,16,108,38,43,64,29,174,30,10,40,214
04/03/2019,MHR,CA,AWP,WE,Federal Contract Tower,17,13,44,21,95,17,32,82,37,168,34,45,126,58,263,74,80,154,417
04/04/2019,MHR,CA,AWP,WE,Federal Contract Tower,16,11,40,8,75,16,37,79,23,155,32,48,119,31,230,46,42,88,318
04/05/2019,MHR,CA,AWP,WE,Federal Contract Tower,12,13,19,18,62,12,27,48,29,116,24,40,67,47,178,2,8,10,188
04/06/2019,MHR,CA,AWP,WE,Federal Contract Tower,2,8,17,3,30,2,24,27,5,58,4,32,44,8,88,22,0,22,110
04/07/2019,MHR,CA,AWP,WE,Federal Contract Tower,0,1,18,0,19,0,11,41,0,52,0,12,59,0,71,4,0,4,75
04/08/2019,MHR,CA,AWP,WE,Federal Contract Tower,6,10,19,6,41,6,19,69,0,94,12,29,88,6,135,38,12,50,185
04/09/2019,MHR,CA,AWP,WE,Federal Contract Tower,14,10,15,10,49,14,29,49,12,104,28,39,64,22,153,46,24,70,223
04/10/2019,MHR,CA,AWP,WE,Federal Contract Tower,16,16,35,12,79,16,64,71,17,168,32,80,106,29,247,10,0,10,257
04/11/2019,MHR,CA,AWP,WE,Federal Contract Tower,17,14,31,10,72,17,45,93,25,180,34,59,124,35,252,78,50,128,380
04/12/2019,MHR,CA,AWP,WE,Federal Contract Tower,11,14,19,4,48,11,45,68,8,132,22,59,87,12,180,76,24,100,280
04/13/2019,MHR,CA,AWP,WE,Federal Contract Tower,2,3,11,0,16,2,17,38,3,60,4,20,49,3,76,4,0,4,80
04/14/2019,MHR,CA,AWP,WE,Federal Contract Tower,0,0,37,0,37,0,7,74,3,84,0,7,111,3,121,20,0,20,141
04/15/2019,MHR,CA,AWP,WE,Federal Contract Tower,6,11,24,3,44,6,23,67,4,100,12,34,91,7,144,6,0,6,150
04/16/2019,MHR,CA,AWP,WE,Federal Contract Tower,16,17,19,3,55,16,37,32,14,99,32,54,51,17,154,28,20,48,202
04/17/2019,MHR,CA,AWP,WE,Federal Contract Tower,17,10,15,0,42,17,30,76,15,138,34,40,91,15,180,4,2,6,186
04/18/2019,MHR,CA,AWP,WE,Federal Contract Tower,15,15,14,0,44,15,59,84,6,164,30,74,98,6,208,46,0,46,254
04/19/2019,MHR,CA,AWP,WE,Federal Contract Tower,9,16,29,5,59,9,48,98,9,164,18,64,127,14,223,36,24,60,283
04/20/2019,MHR,CA,AWP,WE,Federal Contract Tower,2,7,12,6,27,2,18,14,8,42,4,25,26,14,69,6,4,10,79
04/21/2019,MHR,CA,AWP,WE,Federal Contract Tower,0,3,2,6,11,0,14,36,8,58,0,17,38,14,69,16,0,16,85
04/22/2019,MHR,CA,AWP,WE,Federal Contract Tower,7,18,16,12,53,7,30,73,7,117,14,48,89,19,170,12,0,12,182
04/23/2019,MHR,CA,AWP,WE,Federal Contract Tower,18,10,11,5,44,18,29,91,11,149,36,39,102,16,193,74,0,74,267
04/24/2019,MHR,CA,AWP,WE,Federal Contract Tower,16,16,24,5,61,16,32,117,16,181,32,48,141,21,242,82,6,88,330
04/25/2019,MHR,CA,AWP,WE,Federal Contract Tower,15,15,14,7,51,15,46,116,13,190,30,61,130,20,241,124,6,130,371
04/26/2019,MHR,CA,AWP,WE,Federal Contract Tower,8,14,19,0,41,8,41,81,4,134,16,55,100,4,175,80,0,80,255
04/27/2019,MHR,CA,AWP,WE,Federal Contract Tower,2,2,15,0,19,2,18,47,12,79,4,20,62,12,98,22,0,22,120
04/28/2019,MHR,CA,AWP,WE,Federal Contract Tower,0,5,41,0,46,0,18,76,13,107,0,23,117,13,153,14,0,14,167
04/29/2019,MHR,CA,AWP,WE,Federal Contract Tower,4,9,23,4,40,4,28,78,7,117,8,37,101,11,157,96,0,96,253
04/30/2019,MHR,CA,AWP,WE,Federal Contract Tower,15,12,26,22,75,15,38,70,28,151,30,50,96,50,226,102,22,124,350
05/01/2019,MHR,CA,AWP,WE,Federal Contract Tower,15,10,23,11,59,15,39,83,23,160,30,49,106,34,219,104,36,140,359
05/02/2019,MHR,CA,AWP,WE,Federal Contract Tower,15,10,28,8,61,15,49,110,16,190,30,59,138,24,251,116,30,146,397
05/03/2019,MHR,CA,AWP,WE,Federal Contract Tower,8,27,15,0,50,8,37,72,0,117,16,64,87,0,167,50,0,50,217
05/04/2019,MHR,CA,AWP,WE,Federal Contract Tower,2,1,20,0,23,2,11,50,0,63,4,12,70,0,86,35,0,35,121
05/05/2019,MHR,CA,AWP,WE,Federal Contract Tower,0,6,19,8,33,0,17,58,4,79,0,23,77,12,112,2,6,8,120
05/06/2019,MHR,CA,AWP,WE,Federal Contract Tower,6,11,15,1,33,6,24,64,7,101,12,35,79,8,134,12,0,12,146
05/07/2019,MHR,CA,AWP,WE,Federal Contract Tower,16,13,13,0,42,16,37,73,7,133,32,50,86,7,175,50,2,52,227
05/08/2019,MHR,CA,AWP,WE,Federal Contract Tower,15,19,20,1,55,15,36,54,6,111,30,55,74,7,166,48,32,80,246
05/09/2019,MHR,CA,AWP,WE,Federal Contract Tower,15,23,10,1,49,15,47,51,9,122,30,70,61,10,171,20,4,24,195
05/10/2019,MHR,CA,AWP,WE,Federal Contract Tower,11,12,13,14,50,11,34,58,17,120,22,46,71,31,170,34,22,56,226
05/11/2019,MHR,CA,AWP,WE,Federal Contract Tower,3,3,12,2,20,3,23,53,4,83,6,26,65,6,103,12,0,12,115
05/12/2019,MHR,CA,AWP,WE,Federal Contract Tower,0,9,2,0,11,0,23,58,0,81,0,32,60,0,92,32,0,32,124
05/13/2019,MHR,CA,AWP,WE,Federal Contract Tower,3,15,18,5,41,3,26,111,23,163,6,41,129,28,204,128,48,176,380
05/14/2019,MHR,CA,AWP,WE,Federal Contract Tower,18,23,38,27,106,18,38,93,37,186,36,61,131,64,292,98,58,156,448
05/15/2019,MHR,CA,AWP,WE,Federal Contract Tower,14,16,27,19,76,14,33,57,21,125,28,49,84,40,201,30,42,72,273
05/16/2019,MHR,CA,AWP,WE,Federal Contract Tower,15,14,15,32,76,15,26,35,38,114,30,40,50,70,190,14,34,48,238
05/17/2019,MHR,CA,AWP,WE,Federal Contract Tower,9,17,26,38,90,9,40,86,76,211,18,57,112,114,301,142,80,222,523
05/19/2019,MHR,CA,AWP,WE,Federal Contract Tower,0,1,16,1,18,0,5,54,5,64,0,6,70,6,82,16,4,20,102
05/20/2019,MHR,CA,AWP,WE,Federal Contract Tower,6,18,32,25,81,6,43,148,55,252,12,61,180,80,333,226,112,338,671
05/21/2019,MHR,CA,AWP,WE,Federal Contract Tower,15,21,26,31,93,15,33,47,43,138,30,54,73,74,231,58,72,130,361
05/22/2019,MHR,CA,AWP,WE,Federal Contract Tower,16,19,32,22,89,16,38,107,32,193,32,57,139,54,282,60,22,82,364
05/23/2019,MHR,CA,AWP,WE,Federal Contract Tower,15,18,39,9,81,15,44,130,25,214,30,62,169,34,295,96,88,184,479
05/24/2019,MHR,CA,AWP,WE,Federal Contract Tower,7,6,30,0,43,7,33,101,0,141,14,39,131,0,184,130,0,130,314
05/25/2019,MHR,CA,AWP,WE,Federal Contract Tower,2,7,11,1,21,2,19,22,1,44,4,26,33,2,65,4,0,4,69
05/26/2019,MHR,CA,AWP,WE,Federal Contract Tower,0,8,6,3,17,0,20,15,4,39,0,28,21,7,56,0,6,6,62
05/27/2019,MHR,CA,AWP,WE,Federal Contract Tower,2,7,8,7,24,2,14,35,12,63,4,21,43,19,87,18,6,24,111
05/28/2019,MHR,CA,AWP,WE,Federal Contract Tower,5,16,24,5,50,5,35,69,10,119,10,51,93,15,169,130,2,132,301
05/29/2019,MHR,CA,AWP,WE,Federal Contract Tower,15,10,14,1,40,15,37,76,11,139,30,47,90,12,179,120,0,120,299
05/30/2019,MHR,CA,AWP,WE,Federal Contract Tower,15,11,15,0,41,15,36,77,15,143,30,47,92,15,184,114,10,124,308
05/31/2019,MHR,CA,AWP,WE,Federal Contract Tower,11,15,25,0,51,11,32,124,9,176,22,47,149,9,227,114,0,114,341
06/01/2019,MHR,CA,AWP,WE,Federal Contract Tower,2,5,14,8,29,2,20,80,16,118,4,25,94,24,147,18,6,24,171
06/02/2019,MHR,CA,AWP,WE,Federal Contract Tower,0,5,24,3,32,0,16,146,7,169,0,21,170,10,201,76,6,82,283
06/03/2019,MHR,CA,AWP,WE,Federal Contract Tower,4,11,8,5,28,4,24,58,13,99,8,35,66,18,127,98,6,104,231
06/04/2019,MHR,CA,AWP,WE,Federal Contract Tower,16,12,19,9,56,16,34,79,19,148,32,46,98,28,204,108,37,145,349
06/05/2019,MHR,CA,AWP,WE,Federal Contract Tower,14,13,19,6,52,14,37,63,13,127,28,50,82,19,179,118,30,148,327
06/06/2019,MHR,CA,AWP,WE,Federal Contract Tower,14,11,20,2,47,14,38,66,5,123,28,49,86,7,170,102,12,114,284
06/07/2019,MHR,CA,AWP,WE,Federal Contract Tower,9,14,39,4,66,9,40,94,13,156,18,54,133,17,222,58,22,80,302
06/08/2019,MHR,CA,AWP,WE,Federal Contract Tower,2,4,17,1,24,1,19,31,1,52,3,23,48,2,76,0,0,0,76
06/09/2019,MHR,CA,AWP,WE,Federal Contract Tower,0,0,49,0,49,0,5,69,0,74,0,5,118,0,123,0,2,2,125
06/10/2019,MHR,CA,AWP,WE,Federal Contract Tower,8,7,11,10,36,8,22,75,0,105,16,29,86,10,141,88,68,156,297
06/11/2019,MHR,CA,AWP,WE,Federal Contract Tower,14,9,26,11,60,14,29,109,16,168,28,38,135,27,228,122,32,154,382
06/12/2019,MHR,CA,AWP,WE,Federal Contract Tower,16,14,34,5,69,16,33,91,21,161,32,47,125,26,230,100,32,132,362
06/13/2019,MHR,CA,AWP,WE,Federal Contract Tower,16,13,29,2,60,16,26,81,12,135,32,39,110,14,195,34,22,56,251
06/14/2019,MHR,CA,AWP,WE,Federal Contract Tower,10,15,25,4,54,9,32,79,14,134,19,47,104,18,188,76,58,134,322
06/15/2019,MHR,CA,AWP,WE,Federal Contract Tower,2,4,43,1,50,2,18,77,3,100,4,22,120,4,150,18,0,18,168
06/16/2019,MHR,CA,AWP,WE,Federal Contract Tower,0,4,14,0,18,0,11,54,0,65,0,15,68,0,83,56,0,56,139
06/17/2019,MHR,CA,AWP,WE,Federal Contract Tower,5,11,43,10,69,5,32,148,14,199,10,43,191,24,268,148,22,170,438
06/18/2019,MHR,CA,AWP,WE,Federal Contract Tower,13,12,31,5,61,13,37,133,12,195,26,49,164,17,256,129,50,179,435
06/19/2019,MHR,CA,AWP,WE,Federal Contract Tower,8,14,53,8,83,9,31,119,18,177,17,45,172,26,260,131,70,201,461
06/21/2019,MHR,CA,AWP,WE,Federal Contract Tower,10,13,22,1,46,10,41,88,2,141,20,54,110,3,187,32,6,38,225
06/22/2019,MHR,CA,AWP,WE,Federal Contract Tower,2,2,21,1,26,2,12,67,13,94,4,14,88,14,120,0,0,0,120
06/23/2019,MHR,CA,AWP,WE,Federal Contract Tower,0,4,11,1,16,0,10,41,6,57,0,14,52,7,73,0,0,0,73
06/24/2019,MHR,CA,AWP,WE,Federal Contract Tower,6,11,23,0,40,6,30,82,6,124,12,41,105,6,164,54,6,60,224
06/25/2019,MHR,CA,AWP,WE,Federal Contract Tower,12,14,26,5,57,12,53,92,15,172,24,67,118,20,229,134,46,180,409
06/26/2019,MHR,CA,AWP,WE,Federal Contract Tower,17,14,24,14,69,17,39,92,24,172,34,53,116,38,241,40,72,112,353
06/27/2019,MHR,CA,AWP,WE,Federal Contract Tower,16,10,16,3,45,16,44,118,24,202,32,54,134,27,247,58,30,88,335
06/28/2019,MHR,CA,AWP,WE,Federal Contract Tower,9,11,43,0,63,9,34,137,5,185,18,45,180,5,248,62,0,62,310
06/29/2019,MHR,CA,AWP,WE,Federal Contract Tower,2,6,24,5,37,2,13,59,17,91,4,19,83,22,128,4,0,4,132
06/30/2019,MHR,CA,AWP,WE,Federal Contract Tower,0,4,20,14,38,0,10,46,22,78,0,14,66,36,116,14,22,36,152
07/01/2019,MHR,CA,AWP,WE,Federal Contract Tower,5,3,20,16,44,5,26,90,23,144,10,29,110,39,188,26,14,40,228
07/02/2019,MHR,CA,AWP,WE,Federal Contract Tower,16,5,27,10,58,23,18,77,22,140,39,23,104,32,198,68,40,108,306
07/03/2019,MHR,CA,AWP,WE,Federal Contract Tower,16,3,18,15,52,16,33,76,25,150,32,36,94,40,202,84,60,144,346
07/04/2019,MHR,CA,AWP,WE,Federal Contract Tower,2,1,5,2,10,2,7,34,4,47,4,8,39,6,57,16,8,24,81
07/05/2019,MHR,CA,AWP,WE,Federal Contract Tower,7,4,19,0,30,7,29,67,0,103,14,33,86,0,133,18,0,18,151
07/06/2019,MHR,CA,AWP,WE,Federal Contract Tower,2,8,18,4,32,2,22,39,6,69,4,30,57,10,101,18,0,18,119
07/07/2019,MHR,CA,AWP,WE,Federal Contract Tower,0,2,8,0,10,0,12,25,0,37,0,14,33,0,47,28,0,28,75
07/08/2019,MHR,CA,AWP,WE,Federal Contract Tower,7,11,32,11,61,7,30,93,23,153,14,41,125,34,214,82,74,156,370
07/09/2019,MHR,CA,AWP,WE,Federal Contract Tower,16,6,31,12,65,20,25,99,21,165,36,31,130,33,230,34,32,66,296
07/10/2019,MHR,CA,AWP,WE,Federal Contract Tower,16,16,25,10,67,16,36,110,24,186,32,52,135,34,253,54,52,106,359
07/11/2019,MHR,CA,AWP,WE,Federal Contract Tower,15,16,35,22,88,15,49,125,30,219,30,65,160,52,307,122,30,152,459
07/13/2019,MHR,CA,AWP,WE,Federal Contract Tower,2,3,23,8,36,2,19,48,17,86,4,22,71,25,122,12,38,50,172
07/14/2019,MHR,CA,AWP,WE,Federal Contract Tower,0,10,18,5,33,0,19,26,9,54,0,29,44,14,87,8,10,18,105
07/15/2019,MHR,CA,AWP,WE,Federal Contract Tower,5,9,14,8,36,5,22,105,21,153,10,31,119,29,189,74,66,140,329
07/16/2019,MHR,CA,AWP,WE,Federal Contract Tower,16,12,18,8,54,21,27,93,24,165,37,39,111,32,219,72,26,98,317
07/17/2019,MHR,CA,AWP,WE,Federal Contract Tower,19,13,27,8,67,19,40,114,21,194,38,53,141,29,261,94,48,142,403
07/18/2019,MHR,CA,AWP,WE,Federal Contract Tower,17,20,17,10,64,17,38,109,15,179,34,58,126,25,243,108,72,180,423
07/20/2019,MHR,CA,AWP,WE,Federal Contract Tower,2,2,19,1,24,2,14,35,1,52,4,16,54,2,76,2,0,2,78
07/21/2019,MHR,CA,AWP,WE,Federal Contract Tower,0,5,22,0,27,0,13,41,0,54,0,18,63,0,81,2,0,2,83
07/22/2019,MHR,CA,AWP,WE,Federal Contract Tower,6,6,23,0,35,6,21,104,12,143,12,27,127,12,178,120,34,154,332
07/23/2019,MHR,CA,AWP,WE,Federal Contract Tower,18,9,18,4,49,18,26,63,13,120,36,35,81,17,169,22,20,42,211
07/24/2019,MHR,CA,AWP,WE,Federal Contract Tower,17,8,14,7,46,17,44,73,16,150,34,52,87,23,196,42,12,54,250
07/25/2019,MHR,CA,AWP,WE,Federal Contract Tower,14,10,13,11,48,14,38,86,18,156,28,48,99,29,204,114,34,148,352
07/26/2019,MHR,CA,AWP,WE,Federal Contract Tower,10,16,18,0,44,10,40,77,3,130,20,56,95,3,174,62,2,64,238
07/27/2019,MHR,CA,AWP,WE,Federal Contract Tower,2,5,8,0,15,2,20,36,0,58,4,25,44,0,73,8,0,8,81
07/28/2019,MHR,CA,AWP,WE,Federal Contract Tower,0,1,51,0,52,0,7,72,0,79,0,8,123,0,131,8,0,8,139
07/29/2019,MHR,CA,AWP,WE,Federal Contract Tower,5,9,39,8,61,5,32,106,10,153,10,41,145,18,214,176,30,206,420
07/30/2019,MHR,CA,AWP,WE,Federal Contract Tower,17,5,11,7,40,25,24,81,14,144,42,29,92,21,184,220,24,244,428
07/31/2019,MHR,CA,AWP,WE,Federal Contract Tower,16,16,24,18,74,16,55,103,24,198,32,71,127,42,272,114,32,146,418
08/01/2019,MHR,CA,AWP,WE,Federal Contract Tower,14,14,29,17,74,14,32,108,30,184,28,46,137,47,258,146,36,182,440
08/02/2019,MHR,CA,AWP,WE,Federal Contract Tower,7,21,12,0,40,7,41,131,0,179,14,62,143,0,219,142,0,142,361
08/03/2019,MHR,CA,AWP,WE,Federal Contract Tower,2,4,14,0,20,2,27,41,0,70,4,31,55,0,90,12,0,12,102
08/04/2019,MHR,CA,AWP,WE,Federal Contract Tower,0,1,20,0,21,0,16,44,0,60,0,17,64,0,81,0,0,0,81
08/05/2019,MHR,CA,AWP,WE,Federal Contract Tower,6,7,23,8,44,6,26,108,17,157,12,33,131,25,201,174,44,218,419
08/06/2019,MHR,CA,AWP,WE,Federal Contract Tower,18,12,29,15,74,22,46,101,24,193,40,58,130,39,267,168,66,234,501
08/07/2019,MHR,CA,AWP,WE,Federal Contract Tower,15,16,27,9,67,15,48,132,13,208,30,64,159,22,275,102,32,134,409
08/08/2019,MHR,CA,AWP,WE,Federal Contract Tower,14,13,36,4,67,14,38,107,6,165,28,51,143,10,232,108,42,150,382
08/09/2019,MHR,CA,AWP,WE,Federal Contract Tower,8,22,32,5,67,8,39,107,10,164,16,61,139,15,231,138,14,152,383
08/10/2019,MHR,CA,AWP,WE,Federal Contract Tower,2,7,21,0,30,2,17,42,0,61,4,24,63,0,91,20,0,20,111
08/11/2019,MHR,CA,AWP,WE,Federal Contract Tower,0,0,17,2,19,0,10,34,0,44,0,10,51,2,63,4,2,6,69
08/12/2019,MHR,CA,AWP,WE,Federal Contract Tower,4,7,21,3,35,4,18,103,16,141,8,25,124,19,176,162,10,172,348
08/13/2019,MHR,CA,AWP,WE,Federal Contract Tower,15,13,33,2,63,19,36,116,8,179,34,49,149,10,242,172,22,194,436
08/14/2019,MHR,CA,AWP,WE,Federal Contract Tower,16,14,41,9,80,16,36,95,15,162,32,50,136,24,242,92,10,102,344
08/15/2019,MHR,CA,AWP,WE,Federal Contract Tower,14,16,15,13,58,14,46,95,24,179,28,62,110,37,237,140,34,174,411
08/17/2019,MHR,CA,AWP,WE,Federal Contract Tower,3,0,17,0,20,3,19,58,2,82,6,19,75,2,102,8,0,8,110
08/18/2019,MHR,CA,AWP,WE,Federal Contract Tower,0,0,22,0,22,0,11,40,2,53,0,11,62,2,75,0,0,0,75
08/19/2019,MHR,CA,AWP,WE,Federal Contract Tower,5,9,27,16,57,5,21,96,17,139,10,30,123,33,196,112,74,186,382
08/20/2019,MHR,CA,AWP,WE,Federal Contract Tower,15,9,16,10,50,21,18,66,24,129,36,27,82,34,179,96,68,164,343
08/21/2019,MHR,CA,AWP,WE,Federal Contract Tower,17,12,31,18,78,17,36,130,30,213,34,48,161,48,291,250,54,304,595
08/22/2019,MHR,CA,AWP,WE,Federal Contract Tower,13,10,32,6,61,13,37,111,12,173,26,47,143,18,234,158,40,198,432
08/23/2019,MHR,CA,AWP,WE,Federal Contract Tower,9,13,23,14,59,9,29,84,25,147,18,42,107,39,206,160,36,196,402
08/24/2019,MHR,CA,AWP,WE,Federal Contract Tower,2,1,13,0,16,2,19,42,13,76,4,20,55,13,92,26,0,26,118
08/25/2019,MHR,CA,AWP,WE,Federal Contract Tower,0,1,9,0,10,0,6,35,0,41,0,7,44,0,51,26,0,26,77
08/26/2019,MHR,CA,AWP,WE,Federal Contract Tower,4,6,31,0,41,4,35,104,27,170,8,41,135,27,211,180,32,212,423
08/27/2019,MHR,CA,AWP,WE,Federal Contract Tower,15,7,9,1,32,21,29,76,12,138,36,36,85,13,170,226,8,234,404
08/28/2019,MHR,CA,AWP,WE,Federal Contract Tower,15,11,20,15,61,15,22,89,24,150,30,33,109,39,211,180,50,230,441
08/29/2019,MHR,CA,AWP,WE,Federal Contract Tower,14,12,21,12,59,14,26,56,28,124,28,38,77,40,183,76,20,96,279
08/30/2019,MHR,CA,AWP,WE,Federal Contract Tower,9,3,16,0,28,9,28,91,0,128,18,31,107,0,156,128,0,128,284
08/31/2019,MHR,CA,AWP,WE,Federal Contract Tower,2,1,13,0,16,2,23,33,0,58,4,24,46,0,74,0,0,0,74
09/01/2019,MHR,CA,AWP,WE,Federal Contract Tower,0,3,8,0,11,0,15,30,0,45,0,18,38,0,56,4,0,4,60
09/02/2019,MHR,CA,AWP,WE,Federal Contract Tower,1,5,14,0,20,1,21,58,0,80,2,26,72,0,100,48,0,48,148
09/03/2019,MHR,CA,AWP,WE,Federal Contract Tower,5,6,19,0,30,5,33,90,7,135,10,39,109,7,165,129,10,139,304
09/04/2019,MHR,CA,AWP,WE,Federal Contract Tower,16,11,17,10,54,16,31,80,13,140,32,42,97,23,194,72,36,108,302
09/05/2019,MHR,CA,AWP,WE,Federal Contract Tower,14,10,15,24,63,14,35,96,31,176,28,45,111,55,239,176,66,242,481
09/06/2019,MHR,CA,AWP,WE,Federal Contract Tower,9,14,24,16,63,9,43,95,18,165,18,57,119,34,228,104,36,140,368
09/07/2019,MHR,CA,AWP,WE,Federal Contract Tower,2,3,16,3,24,1,8,39,7,55,3,11,55,10,79,2,2,4,83
09/08/2019,MHR,CA,AWP,WE,Federal Contract Tower,0,3,12,1,16,0,16,33,5,54,0,19,45,6,70,0,0,0,70
09/09/2019,MHR,CA,AWP,WE,Federal Contract Tower,3,9,12,4,28,3,28,72,6,109,6,37,84,10,137,134,4,138,275
09/10/2019,MHR,CA,AWP,WE,Federal Contract Tower,19,9,13,7,48,24,27,91,14,156,43,36,104,21,204,108,28,136,340
09/11/2019,MHR,CA,AWP,WE,Federal Contract Tower,19,15,22,10,66,19,47,123,22,211,38,62,145,32,277,150,14,164,441
09/12/2019,MHR,CA,AWP,WE,Federal Contract Tower,17,19,17,9,62,17,40,132,20,209,34,59,149,29,271,174,50,224,495
09/13/2019,MHR,CA,AWP,WE,Federal Contract Tower,9,15,25,11,60,9,34,122,22,187,18,49,147,33,247,113,34,147,394
09/14/2019,MHR,CA,AWP,WE,Federal Contract Tower,2,11,25,4,42,2,25,39,10,76,4,36,64,14,118,18,4,22,140
09/15/2019,MHR,CA,AWP,WE,Federal Contract Tower,0,2,7,0,9,0,8,23,2,33,0,10,30,2,42,0,0,0,42
09/16/2019,MHR,CA,AWP,WE,Federal Contract Tower,7,12,34,14,67,7,22,41,19,89,14,34,75,33,156,6,0,6,162
09/17/2019,MHR,CA,AWP,WE,Federal Contract Tower,16,12,20,8,56,21,29,93,17,160,37,41,113,25,216,150,28,178,394
09/18/2019,MHR,CA,AWP,WE,Federal Contract Tower,16,17,37,16,86,16,40,57,32,145,32,57,94,48,231,18,12,30,261
09/19/2019,MHR,CA,AWP,WE,Federal Contract Tower,15,11,9,12,47,15,32,70,20,137,30,43,79,32,184,72,34,106,290
09/20/2019,MHR,CA,AWP,WE,Federal Contract Tower,14,13,33,4,64,14,47,93,11,165,28,60,126,15,229,60,8,68,297
09/21/2019,MHR,CA,AWP,WE,Federal Contract Tower,3,1,5,10,19,3,23,23,14,63,6,24,28,24,82,14,14,28,110
09/22/2019,MHR,CA,AWP,WE,Federal Contract Tower,0,4,15,0,19,0,18,44,0,62,0,22,59,0,81,6,0,6,87
09/23/2019,MHR,CA,AWP,WE,Federal Contract Tower,7,13,28,5,53,7,19,77,5,108,14,32,105,10,161,34,0,34,195
09/24/2019,MHR,CA,AWP,WE,Federal Contract Tower,15,5,32,6,58,15,34,85,16,150,30,39,117,22,208,48,28,76,284
09/25/2019,MHR,CA,AWP,WE,Federal Contract Tower,16,9,28,15,68,16,35,133,25,209,32,44,161,40,277,80,46,126,403
09/26/2019,MHR,CA,AWP,WE,Federal Contract Tower,13,13,32,8,66,13,36,109,22,180,26,49,141,30,246,128,28,156,402
09/27/2019,MHR,CA,AWP,WE,Federal Contract Tower,8,22,36,5,71,8,31,64,7,110,16,53,100,12,181,24,0,24,205
09/28/2019,MHR,CA,AWP,WE,Federal Contract Tower,1,7,12,0,20,1,11,40,2,54,2,18,52,2,74,8,0,8,82
09/29/2019,MHR,CA,AWP,WE,Federal Contract Tower,1,6,16,1,24,1,17,59,11,88,2,23,75,12,112,4,0,4,116
09/30/2019,MHR,CA,AWP,WE,Federal Contract Tower,5,9,29,0,43,5,32,119,11,167,10,41,148,11,210,72,8,80,290
10/01/2019,MHR,CA,AWP,WE,Federal Contract Tower,15,10,22,5,52,15,31,105,25,176,30,41,127,30,228,98,74,172,400
10/02/2019,MHR,CA,AWP,WE,Federal Contract Tower,16,17,26,11,70,16,47,143,36,242,32,64,169,47,312,142,62,204,516
10/03/2019,MHR,CA,AWP,WE,Federal Contract Tower,14,14,14,0,42,14,38,277,54,383,28,52,291,54,425,80,80,160,585
10/04/2019,MHR,CA,AWP,WE,Federal Contract Tower,11,11,2,1,25,11,37,142,26,216,22,48,144,27,241,100,84,184,425
10/05/2019,MHR,CA,AWP,WE,Federal Contract Tower,1,0,0,0,1,1,10,165,20,196,2,10,165,20,197,100,40,140,337
10/06/2019,MHR,CA,AWP,WE,Federal Contract Tower,2,3,0,10,15,2,16,184,12,214,4,19,184,22,229,114,100,214,443
10/07/2019,MHR,CA,AWP,WE,Federal Contract Tower,6,10,12,8,36,6,29,79,13,127,12,39,91,21,163,30,8,38,201
10/08/2019,MHR,CA,AWP,WE,Federal Contract Tower,14,5,20,0,39,14,25,107,7,153,28,30,127,7,192,78,0,78,270
10/09/2019,MHR,CA,AWP,WE,Federal Contract Tower,16,9,12,1,38,16,30,42,6,94,32,39,54,7,132,32,0,32,164
10/11/2019,MHR,CA,AWP,WE,Federal Contract Tower,10,9,7,0,26,10,30,76,2,118,20,39,83,2,144,90,0,90,234
10/12/2019,MHR,CA,AWP,WE,Federal Contract Tower,3,1,2,0,6,3,14,26,2,45,6,15,28,2,51,2,0,2,53
10/13/2019,MHR,CA,AWP,WE,Federal Contract Tower,0,2,14,0,16,0,6,56,0,62,0,8,70,0,78,16,0,16,94
10/15/2019,MHR,CA,AWP,WE,Federal Contract Tower,17,11,15,3,46,17,37,109,14,177,34,48,124,17,223,240,14,254,477
10/16/2019,MHR,CA,AWP,WE,Federal Contract Tower,16,9,17,3,45,16,39,96,13,164,32,48,113,16,209,108,38,146,355
10/17/2019,MHR,CA,AWP,WE,Federal Contract Tower,15,9,7,2,33,15,28,59,8,110,30,37,66,10,143,76,18,94,237
10/18/2019,MHR,CA,AWP,WE,Federal Contract Tower,9,14,26,5,54,9,40,121,14,184,18,54,147,19,238,32,18,50,288
10/19/2019,MHR,CA,AWP,WE,Federal Contract Tower,2,1,19,0,22,2,8,56,2,68,4,9,75,2,90,16,0,16,106
10/20/2019,MHR,CA,AWP,WE,Federal Contract Tower,0,1,11,1,13,0,13,34,2,49,0,14,45,3,62,8,0,8,70
10/21/2019,MHR,CA,AWP,WE,Federal Contract Tower,5,9,12,10,36,5,42,71,14,132,10,51,83,24,168,86,42,128,296
10/22/2019,MHR,CA,AWP,WE,Federal Contract Tower,16,12,16,7,51,16,28,79,12,135,32,40,95,19,186,52,66,118,304
10/23/2019,MHR,CA,AWP,WE,Federal Contract Tower,17,8,18,1,44,17,31,68,6,122,34,39,86,7,166,28,20,48,214
10/24/2019,MHR,CA,AWP,WE,Federal Contract Tower,14,12,14,3,43,14,46,79,10,149,28,58,93,13,192,124,52,176,368
10/25/2019,MHR,CA,AWP,WE,Federal Contract Tower,10,33,22,7,72,10,75,99,20,204,20,108,121,27,276,74,30,104,380
10/26/2019,MHR,CA,AWP,WE,Federal Contract Tower,2,1,19,0,22,2,17,32,0,51,4,18,51,0,73,5,0,5,78
10/27/2019,MHR,CA,AWP,WE,Federal Contract Tower,0,6,0,0,6,0,9,19,0,28,0,15,19,0,34,4,0,4,38
10/28/2019,MHR,CA,AWP,WE,Federal Contract Tower,4,9,23,8,44,4,26,111,28,169,8,35,134,36,213,90,22,112,325
10/29/2019,MHR,CA,AWP,WE,Federal Contract Tower,15,13,23,5,56,15,41,91,27,174,30,54,114,32,230,70,34,104,334
10/30/2019,MHR,CA,AWP,WE,Federal Contract Tower,14,9,24,1,48,14,41,67,19,141,28,50,91,20,189,84,40,124,313
10/31/2019,MHR,CA,AWP,WE,Federal Contract Tower,12,10,10,2,34,12,43,95,16,166,24,53,105,18,200,92,46,138,338
11/02/2019,MHR,CA,AWP,WE,Federal Contract Tower,2,0,10,0,12,2,13,41,2,58,4,13,51,2,70,4,0,4,74
11/03/2019,MHR,CA,AWP,WE,Federal Contract Tower,0,2,3,0,5,0,6,29,6,41,0,8,32,6,46,14,0,14,60
11/04/2019,MHR,CA,AWP,WE,Federal Contract Tower,2,7,16,7,32,2,19,90,15,126,4,26,106,22,158,104,50,154,312
11/05/2019,MHR,CA,AWP,WE,Federal Contract Tower,20,9,17,2,48,20,41,67,20,148,40,50,84,22,196,66,50,116,312
11/06/2019,MHR,CA,AWP,WE,Federal Contract Tower,17,15,17,4,53,17,39,94,17,167,34,54,111,21,220,92,6,98,318
11/07/2019,MHR,CA,AWP,WE,Federal Contract Tower,17,15,15,2,49,17,40,66,9,132,34,55,81,11,181,34,20,54,235
11/08/2019,MHR,CA,AWP,WE,Federal Contract Tower,11,17,18,7,53,11,39,81,13,144,22,56,99,20,197,62,34,96,293
11/09/2019,MHR,CA,AWP,WE,Federal Contract Tower,1,2,6,0,9,1,16,26,1,44,2,18,32,1,53,22,0,22,75
11/10/2019,MHR,CA,AWP,WE,Federal Contract Tower,0,1,12,0,13,0,7,38,0,45,0,8,50,0,58,42,0,42,100
11/11/2019,MHR,CA,AWP,WE,Federal Contract Tower,5,9,23,0,37,5,26,62,1,94,10,35,85,1,131,48,0,48,179
11/12/2019,MHR,CA,AWP,WE,Federal Contract Tower,19,15,15,2,51,19,44,79,10,152,38,59,94,12,203,52,52,104,307
11/13/2019,MHR,CA,AWP,WE,Federal Contract Tower,16,8,22,1,47,16,32,81,14,143,32,40,103,15,190,102,24,126,316
11/14/2019,MHR,CA,AWP,WE,Federal Contract Tower,15,13,19,6,53,15,38,56,27,136,30,51,75,33,189,58,56,114,303
11/15/2019,MHR,CA,AWP,WE,Federal Contract Tower,10,15,15,3,43,10,32,76,15,133,20,47,91,18,176,76,70,146,322
11/16/2019,MHR,CA,AWP,WE,Federal Contract Tower,2,4,4,0,10,2,17,26,2,47,4,21,30,2,57,22,0,22,79
11/17/2019,MHR,CA,AWP,WE,Federal Contract Tower,0,3,13,0,16,0,9,34,0,43,0,12,47,0,59,20,0,20,79
11/18/2019,MHR,CA,AWP,WE,Federal Contract Tower,3,8,10,3,24,3,26,87,6,122,6,34,97,9,146,104,26,130,276
11/19/2019,MHR,CA,AWP,WE,Federal Contract Tower,20,10,12,3,45,19,36,79,21,155,39,46,91,24,200,76,32,108,308
11/20/2019,MHR,CA,AWP,WE,Federal Contract Tower,15,11,14,7,47,15,33,41,19,108,30,44,55,26,155,14,36,50,205
11/21/2019,MHR,CA,AWP,WE,Federal Contract Tower,15,10,24,7,56,15,32,61,22,130,30,42,85,29,186,130,48,178,364
11/22/2019,MHR,CA,AWP,WE,Federal Contract Tower,8,9,30,7,54,8,43,120,11,182,16,52,150,18,236,142,34,176,412
11/23/2019,MHR,CA,AWP,WE,Federal Contract Tower,2,2,17,0,21,2,22,56,0,80,4,24,73,0,101,30,0,30,131
11/24/2019,MHR,CA,AWP,WE,Federal Contract Tower,1,2,8,0,11,1,11,28,0,40,2,13,36,0,51,34,0,34,85
11/25/2019,MHR,CA,AWP,WE,Federal Contract Tower,8,2,10,4,24,8,12,40,13,73,16,14,50,17,97,34,4,38,135
11/26/2019,MHR,CA,AWP,WE,Federal Contract Tower,17,11,25,3,56,17,36,107,13,173,34,47,132,16,229,132,54,186,415
11/27/2019,MHR,CA,AWP,WE,Federal Contract Tower,27,10,9,0,46,27,20,20,0,67,54,30,29,0,113,0,0,0,113
11/28/2019,MHR,CA,AWP,WE,Federal Contract Tower,3,4,3,0,10,3,5,6,0,14,6,9,9,0,24,16,0,16,40
11/29/2019,MHR,CA,AWP,WE,Federal Contract Tower,8,7,4,0,19,8,28,35,0,71,16,35,39,0,90,17,0,17,107
11/30/2019,MHR,CA,AWP,WE,Federal Contract Tower,1,1,19,0,21,1,10,19,0,30,2,11,38,0,51,0,0,0,51
12/01/2019,MHR,CA,AWP,WE,Federal Contract Tower,4,1,3,0,8,4,1,3,0,8,8,2,6,0,16,0,0,0,16
12/02/2019,MHR,CA,AWP,WE,Federal Contract Tower,5,14,16,4,39,5,23,19,8,55,10,37,35,12,94,0,0,0,94
12/03/2019,MHR,CA,AWP,WE,Federal Contract Tower,27,33,34,3,97,27,38,39,13,117,54,71,73,16,214,0,28,28,242
12/04/2019,MHR,CA,AWP,WE,Federal Contract Tower,25,34,15,15,89,25,34,18,17,94,50,68,33,32,183,8,10,18,201
12/05/2019,MHR,CA,AWP,WE,Federal Contract Tower,25,20,35,7,87,25,42,93,20,180,50,62,128,27,267,200,68,268,535
12/06/2019,MHR,CA,AWP,WE,Federal Contract Tower,16,18,17,2,53,16,34,61,7,118,32,52,78,9,171,12,12,24,195
12/07/2019,MHR,CA,AWP,WE,Federal Contract Tower,1,8,3,0,12,1,14,3,0,18,2,22,6,0,30,0,0,0,30
12/08/2019,MHR,CA,AWP,WE,Federal Contract Tower,4,3,7,0,14,4,15,10,0,29,8,18,17,0,43,0,0,0,43
12/09/2019,MHR,CA,AWP,WE,Federal Contract Tower,9,9,10,3,31,9,22,54,0,85,18,31,64,3,116,32,0,32,148
12/10/2019,MHR,CA,AWP,WE,Federal Contract Tower,37,29,29,18,113,37,42,61,28,168,74,71,90,46,281,89,10,99,380
12/11/2019,MHR,CA,AWP,WE,Federal Contract Tower,41,37,54,2,134,41,54,91,19,205,82,91,145,21,339,58,50,108,447
12/12/2019,MHR,CA,AWP,WE,Federal Contract Tower,39,21,33,4,97,39,40,112,12,203,78,61,145,16,300,62,10,72,372
12/13/2019,MHR,CA,AWP,WE,Federal Contract Tower,16,25,28,0,69,16,36,36,0,88,32,61,64,0,157,0,0,0,157
12/14/2019,MHR,CA,AWP,WE,Federal Contract Tower,5,5,16,0,26,5,13,25,0,43,10,18,41,0,69,0,0,0,69
12/16/2019,MHR,CA,AWP,WE,Federal Contract Tower,12,10,23,4,49,12,31,116,19,178,24,41,139,23,227,146,4,150,377
12/17/2019,MHR,CA,AWP,WE,Federal Contract Tower,33,13,32,12,90,33,40,107,26,206,66,53,139,38,296,140,58,198,494
12/18/2019,MHR,CA,AWP,WE,Federal Contract Tower,14,11,18,0,43,14,19,44,7,84,28,30,62,7,127,46,4,50,177
12/19/2019,MHR,CA,AWP,WE,Federal Contract Tower,15,6,21,0,42,15,23,49,14,101,30,29,70,14,143,36,0,36,179
12/20/2019,MHR,CA,AWP,WE,Federal Contract Tower,32,20,28,2,82,32,44,92,13,181,64,64,120,15,263,108,28,136,399
12/21/2019,MHR,CA,AWP,WE,Federal Contract Tower,32,6,18,0,56,136,17,38,0,191,168,23,56,0,247,44,0,44,291
12/22/2019,MHR,CA,AWP,WE,Federal Contract Tower,20,6,3,0,29,19,5,0,0,24,39,11,3,0,53,0,0,0,53
12/23/2019,MHR,CA,AWP,WE,Federal Contract Tower,24,17,21,4,66,24,30,62,14,130,48,47,83,18,196,54,28,82,278
12/24/2019,MHR,CA,AWP,WE,Federal Contract Tower,23,9,12,0,44,23,42,64,0,129,46,51,76,0,173,108,0,108,281
12/25/2019,MHR,CA,AWP,WE,Federal Contract Tower,1,3,0,0,4,1,8,3,0,12,2,11,3,0,16,0,0,0,16
12/26/2019,MHR,CA,AWP,WE,Federal Contract Tower,15,9,15,0,39,15,29,73,0,117,30,38,88,0,156,64,0,64,220
12/28/2019,MHR,CA,AWP,WE,Federal Contract Tower,3,8,15,0,26,3,18,30,0,51,6,26,45,0,77,20,0,20,97
12/29/2019,MHR,CA,AWP,WE,Federal Contract Tower,4,1,7,0,12,4,2,14,0,20,8,3,21,0,32,6,0,6,38
12/30/2019,MHR,CA,AWP,WE,Federal Contract Tower,11,9,39,0,59,11,26,76,4,117,22,35,115,4,176,68,0,68,244
12/31/2019,MHR,CA,AWP,WE,Federal Contract Tower,11,2,8,1,22,11,25,62,6,104,22,27,70,7,126,174,0,174,300
01/01/2020,MHR,CA,AWP,WE,Federal Contract Tower,0,1,6,0,7,0,8,26,0,34,0,9,32,0,41,40,0,40,81
01/02/2020,MHR,CA,AWP,WE,Federal Contract Tower,9,7,24,0,40,9,38,84,8,139,18,45,108,8,179,80,16,96,275
01/03/2020,MHR,CA,AWP,WE,Federal Contract Tower,10,5,19,6,40,10,37,82,9,138,20,42,101,15,178,88,82,170,348
01/04/2020,MHR,CA,AWP,WE,Federal Contract Tower,2,10,12,6,30,2,6,17,7,32,4,16,29,13,62,12,10,22,84
01/05/2020,MHR,CA,AWP,WE,Federal Contract Tower,3,1,11,3,18,3,9,29,6,47,6,10,40,9,65,14,32,46,111
01/06/2020,MHR,CA,AWP,WE,Federal Contract Tower,4,7,12,8,31,4,25,49,14,92,8,32,61,22,123,102,8,110,233
01/07/2020,MHR,CA,AWP,WE,Federal Contract Tower,13,21,24,3,61,13,20,29,4,66,26,41,53,7,127,0,0,0,127
01/08/2020,MHR,CA,AWP,WE,Federal Contract Tower,19,24,21,0,64,19,33,23,6,81,38,57,44,6,145,0,2,2,147
01/09/2020,MHR,CA,AWP,WE,Federal Contract Tower,16,24,15,2,57,16,42,35,9,102,32,66,50,11,159,84,28,112,271
01/10/2020,MHR,CA,AWP,WE,Federal Contract Tower,9,24,20,1,54,9,52,67,6,134,18,76,87,7,188,88,12,100,288
01/11/2020,MHR,CA,AWP,WE,Federal Contract Tower,2,12,12,0,26,2,21,22,11,56,4,33,34,11,82,6,0,6,88
01/12/2020,MHR,CA,AWP,WE,Federal Contract Tower,0,4,10,0,14,0,11,33,9,53,0,15,43,9,67,14,8,22,89
01/13/2020,MHR,CA,AWP,WE,Federal Contract Tower,4,14,24,5,47,4,26,84,11,125,8,40,108,16,172,120,32,152,324
01/14/2020,MHR,CA,AWP,WE,Federal Contract Tower,20,9,31,4,64,20,26,83,15,144,40,35,114,19,208,162,28,190,398
01/15/2020,MHR,CA,AWP,WE,Federal Contract Tower,17,14,35,0,66,17,46,122,5,190,34,60,157,5,256,154,6,160,416
01/16/2020,MHR,CA,AWP,WE,Federal Contract Tower,16,18,14,2,50,16,25,20,3,64,32,43,34,5,114,0,2,2,116
01/17/2020,MHR,CA,AWP,WE,Federal Contract Tower,9,9,22,3,43,9,26,68,10,113,18,35,90,13,156,108,36,144,300
01/18/2020,MHR,CA,AWP,WE,Federal Contract Tower,3,4,11,3,21,3,8,20,5,36,6,12,31,8,57,16,2,18,75
01/19/2020,MHR,CA,AWP,WE,Federal Contract Tower,0,1,16,0,17,0,7,19,0,26,0,8,35,0,43,0,0,0,43
01/20/2020,MHR,CA,AWP,WE,Federal Contract Tower,6,2,33,0,41,6,15,70,0,91,12,17,103,0,132,58,0,58,190
01/21/2020,MHR,CA,AWP,WE,Federal Contract Tower,16,18,36,11,81,15,28,68,20,131,31,46,104,31,212,33,58,91,303
01/22/2020,MHR,CA,AWP,WE,Federal Contract Tower,16,25,43,1,85,16,41,66,3,126,32,66,109,4,211,12,0,12,223
01/23/2020,MHR,CA,AWP,WE,Federal Contract Tower,12,29,34,4,79,12,40,76,12,140,24,69,110,16,219,40,8,48,267
01/24/2020,MHR,CA,AWP,WE,Federal Contract Tower,10,24,34,13,81,10,39,116,20,185,20,63,150,33,266,178,28,206,472
01/25/2020,MHR,CA,AWP,WE,Federal Contract Tower,2,5,14,3,24,2,7,20,3,32,4,12,34,6,56,0,0,0,56
01/26/2020,MHR,CA,AWP,WE,Federal Contract Tower,0,4,4,6,14,0,11,13,7,31,0,15,17,13,45,26,12,38,83
01/27/2020,MHR,CA,AWP,WE,Federal Contract Tower,4,13,25,19,61,4,28,70,22,124,8,41,95,41,185,108,18,126,311
01/28/2020,MHR,CA,AWP,WE,Federal Contract Tower,15,26,20,7,68,15,44,78,22,159,30,70,98,29,227,114,24,138,365
01/29/2020,MHR,CA,AWP,WE,Federal Contract Tower,14,19,24,11,68,14,39,65,18,136,28,58,89,29,204,22,26,48,252
01/30/2020,MHR,CA,AWP,WE,Federal Contract Tower,14,12,27,6,59,14,35,115,24,188,28,47,142,30,247,148,58,206,453
01/31/2020,MHR,CA,AWP,WE,Federal Contract Tower,10,18,21,8,57,9,36,93,13,151,19,54,114,21,208,56,26,82,290
02/01/2020,MHR,CA,AWP,WE,Federal Contract Tower,1,14,10,0,25,1,25,32,1,59,2,39,42,1,84,8,0,8,92
02/02/2020,MHR,CA,AWP,WE,Federal Contract Tower,1,0,7,0,8,1,7,11,1,20,2,7,18,1,28,10,0,10,38
02/03/2020,MHR,CA,AWP,WE,Federal Contract Tower,3,9,17,2,31,3,28,42,5,78,6,37,59,7,109,4,8,12,121
02/04/2020,MHR,CA,AWP,WE,Federal Contract Tower,18,15,19,8,60,18,44,86,21,169,36,59,105,29,229,80,45,125,354
02/05/2020,MHR,CA,AWP,WE,Federal Contract Tower,15,18,12,29,74,15,36,84,29,164,30,54,96,58,238,128,38,166,404
02/06/2020,MHR,CA,AWP,WE,Federal Contract Tower,14,23,18,10,65,14,47,112,13,186,28,70,130,23,251,172,66,238,489
02/08/2020,MHR,CA,AWP,WE,Federal Contract Tower,2,1,30,0,33,2,11,49,8,70,4,12,79,8,103,20,0,20,123
02/09/2020,MHR,CA,AWP,WE,Federal Contract Tower,0,5,11,1,17,0,12,12,4,28,0,17,23,5,45,0,14,14,59
02/10/2020,MHR,CA,AWP,WE,Federal Contract Tower,5,6,30,6,47,5,23,64,23,115,10,29,94,29,162,0,6,6,168
02/11/2020,MHR,CA,AWP,WE,Federal Contract Tower,18,12,26,5,61,18,37,102,31,188,36,49,128,36,249,158,20,178,427
02/12/2020,MHR,CA,AWP,WE,Federal Contract Tower,19,10,24,0,53,19,48,116,17,200,38,58,140,17,253,122,24,146,399
02/13/2020,MHR,CA,AWP,WE,Federal Contract Tower,19,11,27,10,67,19,38,127,24,208,38,49,154,34,275,92,8,100,375
02/14/2020,MHR,CA,AWP,WE,Federal Contract Tower,6,8,22,13,49,6,25,116,35,182,12,33,138,48,231,166,58,224,455
02/15/2020,MHR,CA,AWP,WE,Federal Contract Tower,2,3,15,0,20,2,15,61,0,78,4,18,76,0,98,50,0,50,148
02/16/2020,MHR,CA,AWP,WE,Federal Contract Tower,0,1,2,0,3,0,9,33,0,42,0,10,35,0,45,10,0,10,55
02/17/2020,MHR,CA,AWP,WE,Federal Contract Tower,4,0,30,0,34,4,21,42,0,67,8,21,72,0,101,0,0,0,101
02/18/2020,MHR,CA,AWP,WE,Federal Contract Tower,17,9,19,10,55,17,37,121,21,196,34,46,140,31,251,112,50,162,413
02/19/2020,MHR,CA,AWP,WE,Federal Contract Tower,17,18,17,1,53,17,41,100,1,159,34,59,117,2,212,88,0,88,300
02/20/2020,MHR,CA,AWP,WE,Federal Contract Tower,14,11,57,13,95,14,46,142,19,221,28,57,199,32,316,120,16,136,452
02/21/2020,MHR,CA,AWP,WE,Federal Contract Tower,10,14,36,8,68,8,32,115,16,171,18,46,151,24,239,50,20,70,309
02/22/2020,MHR,CA,AWP,WE,Federal Contract Tower,2,3,18,2,25,2,17,44,6,69,4,20,62,8,94,40,2,42,136
02/23/2020,MHR,CA,AWP,WE,Federal Contract Tower,0,4,18,2,24,0,9,50,3,62,0,13,68,5,86,20,0,20,106
02/24/2020,MHR,CA,AWP,WE,Federal Contract Tower,6,9,25,1,41,6,26,70,7,109,12,35,95,8,150,46,2,48,198
02/25/2020,MHR,CA,AWP,WE,Federal Contract Tower,16,9,34,30,89,16,30,113,63,222,32,39,147,93,311,100,98,198,509
02/26/2020,MHR,CA,AWP,WE,Federal Contract Tower,18,17,25,4,64,18,40,94,16,168,36,57,119,20,232,108,24,132,364
02/27/2020,MHR,CA,AWP,WE,Federal Contract Tower,14,17,19,10,60,14,46,91,19,170,28,63,110,29,230,106,30,136,366
02/28/2020,MHR,CA,AWP,WE,Federal Contract Tower,10,17,33,8,68,10,42,109,10,171,20,59,142,18,239,70,22,92,331
02/29/2020,MHR,CA,AWP,WE,Federal Contract Tower,2,3,17,5,27,2,11,55,5,73,4,14,72,10,100,20,2,22,122
03/01/2020,MHR,CA,AWP,WE,Federal Contract Tower,0,0,6,1,7,0,8,27,12,47,0,8,33,13,54,12,0,12,66
03/02/2020,MHR,CA,AWP,WE,Federal Contract Tower,4,6,15,2,27,4,28,27,0,59,8,34,42,2,86,6,0,6,92
03/03/2020,MHR,CA,AWP,WE,Federal Contract Tower,14,9,26,13,62,14,41,98,34,187,28,50,124,47,249,120,44,164,413
03/04/2020,MHR,CA,AWP,WE,Federal Contract Tower,14,15,29,4,62,14,31,126,13,184,28,46,155,17,246,162,12,174,420
03/05/2020,MHR,CA,AWP,WE,Federal Contract Tower,16,17,32,4,69,16,44,123,16,199,32,61,155,20,268,72,30,102,370
03/06/2020,MHR,CA,AWP,WE,Federal Contract Tower,8,15,28,10,61,8,32,81,17,138,16,47,109,27,199,66,30,96,295
03/07/2020,MHR,CA,AWP,WE,Federal Contract Tower,2,7,7,4,20,2,14,12,5,33,4,21,19,9,53,0,6,6,59
03/08/2020,MHR,CA,AWP,WE,Federal Contract Tower,0,0,19,6,25,0,8,35,9,52,0,8,54,15,77,0,10,10,87
03/09/2020,MHR,CA,AWP,WE,Federal Contract Tower,6,9,8,4,27,6,31,58,13,108,12,40,66,17,135,90,28,118,253
03/10/2020,MHR,CA,AWP,WE,Federal Contract Tower,12,6,20,6,44,12,25,104,26,167,24,31,124,32,211,94,36,130,341
03/11/2020,MHR,CA,AWP,WE,Federal Contract Tower,14,7,16,10,47,14,30,86,23,153,28,37,102,33,200,114,20,134,334
03/12/2020,MHR,CA,AWP,WE,Federal Contract Tower,15,15,19,4,53,15,34,102,29,180,30,49,121,33,233,156,36,192,425
03/14/2020,MHR,CA,AWP,WE,Federal Contract Tower,2,4,5,0,11,2,11,6,1,20,4,15,11,1,31,0,0,0,31
03/15/2020,MHR,CA,AWP,WE,Federal Contract Tower,0,2,22,0,24,0,7,24,0,31,0,9,46,0,55,0,0,0,55
03/16/2020,MHR,CA,AWP,WE,Federal Contract Tower,3,16,14,0,33,3,22,15,2,42,6,38,29,2,75,0,4,4,79
03/17/2020,MHR,CA,AWP,WE,Federal Contract Tower,17,14,37,12,80,17,47,71,31,166,34,61,108,43,246,124,30,154,400
03/18/2020,MHR,CA,AWP,WE,Federal Contract Tower,16,13,6,2,37,16,28,41,6,91,32,41,47,8,128,50,0,50,178
03/19/2020,MHR,CA,AWP,WE,Federal Contract Tower,17,14,35,2,68,17,38,119,13,187,34,52,154,15,255,182,0,182,437
03/20/2020,MHR,CA,AWP,WE,Federal Contract Tower,10,1,1,6,18,10,22,33,31,96,20,23,34,37,114,0,4,4,118
03/21/2020,MHR,CA,AWP,WE,Federal Contract Tower,3,6,7,0,16,3,14,28,8,53,6,20,35,8,69,12,0,12,81
03/22/2020,MHR,CA,AWP,WE,Federal Contract Tower,0,0,2,0,2,0,6,14,0,20,0,6,16,0,22,0,0,0,22
03/23/2020,MHR,CA,AWP,WE,Federal Contract Tower,3,5,8,0,16,3,19,19,4,45,6,24,27,4,61,0,0,0,61
03/24/2020,MHR,CA,AWP,WE,Federal Contract Tower,18,12,0,4,34,18,32,32,14,96,36,44,32,18,130,0,12,12,142
03/25/2020,MHR,CA,AWP,WE,Federal Contract Tower,16,3,0,4,23,16,30,41,14,101,32,33,41,18,124,0,10,10,134
03/26/2020,MHR,CA,AWP,WE,Federal Contract Tower,14,3,6,1,24,14,37,71,14,136,28,40,77,15,160,20,22,42,202
03/27/2020,MHR,CA,AWP,WE,Federal Contract Tower,11,3,6,2,22,11,35,66,5,117,22,38,72,7,139,46,0,46,185
03/28/2020,MHR,CA,AWP,WE,Federal Contract Tower,2,5,7,7,21,2,21,23,7,53,4,26,30,14,74,8,0,8,82
03/29/2020,MHR,CA,AWP,WE,Federal Contract Tower,0,0,2,0,2,0,0,7,0,7,0,0,9,0,9,2,0,2,11
03/30/2020,MHR,CA,AWP,WE,Federal Contract Tower,4,2,20,0,26,4,16,40,10,70,8,18,60,10,96,32,26,58,154
03/31/2020,MHR,CA,AWP,WE,Federal Contract Tower,16,10,9,4,39,16,25,53,19,113,32,35,62,23,152,18,8,26,178
04/01/2020,MHR,CA,AWP,WE,Federal Contract Tower,16,3,7,12,38,16,38,45,18,117,32,41,52,30,155,44,0,44,199
04/02/2020,MHR,CA,AWP,WE,Federal Contract Tower,14,2,2,6,24,14,33,40,25,112,28,35,42,31,136,32,20,52,188
04/04/2020,MHR,CA,AWP,WE,Federal Contract Tower,2,5,4,2,13,2,22,19,4,47,4,27,23,6,60,18,8,26,86
04/05/2020,MHR,CA,AWP,WE,Federal Contract Tower,0,1,1,0,2,0,1,1,0,2,0,2,2,0,4,0,0,0,4
04/06/2020,MHR,CA,AWP,WE,Federal Contract Tower,3,5,8,2,18,3,18,11,5,37,6,23,19,7,55,0,6,6,61
04/07/2020,MHR,CA,AWP,WE,Federal Contract Tower,14,3,8,9,34,14,19,43,23,99,28,22,51,32,133,10,14,24,157
04/08/2020,MHR,CA,AWP,WE,Federal Contract Tower,17,9,6,5,37,17,48,48,14,127,34,57,54,19,164,10,44,54,218
04/11/2020,MHR,CA,AWP,WE,Federal Contract Tower,2,9,12,0,23,2,12,25,0,39,4,21,37,0,62,0,0,0,62
04/13/2020,MHR,CA,AWP,WE,Federal Contract Tower,4,4,4,0,12,4,17,41,0,62,8,21,45,0,74,0,0,0,74
04/14/2020,MHR,CA,AWP,WE,Federal Contract Tower,16,1,1,10,28,16,23,43,15,97,32,24,44,25,125,16,16,32,157
04/15/2020,MHR,CA,AWP,WE,Federal Contract Tower,15,6,13,6,40,15,34,73,11,133,30,40,86,17,173,100,14,114,287
04/16/2020,MHR,CA,AWP,WE,Federal Contract Tower,17,5,7,19,48,17,36,65,38,156,34,41,72,57,204,28,86,114,318
04/18/2020,MHR,CA,AWP,WE,Federal Contract Tower,2,6,8,0,16,2,9,46,4,61,4,15,54,4,77,0,0,0,77
04/19/2020,MHR,CA,AWP,WE,Federal Contract Tower,0,1,9,2,12,0,10,23,3,36,0,11,32,5,48,4,0,4,52
04/20/2020,MHR,CA,AWP,WE,Federal Contract Tower,4,2,13,10,29,4,17,62,15,98,8,19,75,25,127,52,34,86,213
04/21/2020,MHR,CA,AWP,WE,Federal Contract Tower,14,4,5,26,49,14,33,48,33,128,28,37,53,59,177,58,66,124,301
04/22/2020,MHR,CA,AWP,WE,Federal Contract Tower,13,13,8,3,37,13,38,80,7,138,26,51,88,10,175,62,28,90,265
04/23/2020,MHR,CA,AWP,WE,Federal Contract Tower,12,7,18,31,68,12,29,86,32,159,24,36,104,63,227,96,4,100,327
04/24/2020,MHR,CA,AWP,WE,Federal Contract Tower,9,3,39,5,56,9,31,117,5,162,18,34,156,10,218,160,38,198,416
04/25/2020,MHR,CA,AWP,WE,Federal Contract Tower,2,1,6,0,9,2,15,25,0,42,4,16,31,0,51,32,0,32,83
04/26/2020,MHR,CA,AWP,WE,Federal Contract Tower,0,2,12,1,15,0,10,26,1,37,0,12,38,2,52,14,4,18,70
04/27/2020,MHR,CA,AWP,WE,Federal Contract Tower,3,7,8,1,19,3,19,68,1,91,6,26,76,2,110,40,6,46,156
04/28/2020,MHR,CA,AWP,WE,Federal Contract Tower,17,2,9,4,32,17,27,50,14,108,34,29,59,18,140,46,14,60,200
04/29/2020,MHR,CA,AWP,WE,Federal Contract Tower,16,2,8,8,34,16,30,53,13,112,32,32,61,21,146,64,12,76,222
05/01/2020,MHR,CA,AWP,WE,Federal Contract Tower,12,10,12,4,38,12,20,151,14,197,24,30,163,18,235,238,40,278,513
05/02/2020,MHR,CA,AWP,WE,Federal Contract Tower,2,7,10,4,23,2,13,63,11,89,4,20,73,15,112,58,2,60,172
05/03/2020,MHR,CA,AWP,WE,Federal Contract Tower,0,0,5,3,8,0,7,37,6,50,0,7,42,9,58,40,14,54,112
05/04/2020,MHR,CA,AWP,WE,Federal Contract Tower,4,1,10,15,30,4,13,104,27,148,8,14,114,42,178,88,56,144,322
05/05/2020,MHR,CA,AWP,WE,Federal Contract Tower,14,3,6,4,27,14,41,92,17,164,28,44,98,21,191,98,56,154,345
05/06/2020,MHR,CA,AWP,WE,Federal Contract Tower,16,3,18,6,43,15,25,79,12,131,31,28,97,18,174,76,54,130,304
05/07/2020,MHR,CA,AWP,WE,Federal Contract Tower,14,2,18,7,41,14,27,123,34,198,28,29,141,41,239,172,36,208,447
05/08/2020,MHR,CA,AWP,WE,Federal Contract Tower,14,9,14,2,39,15,31,121,4,171,29,40,135,6,210,194,34,228,438
05/09/2020,MHR,CA,AWP,WE,Federal Contract Tower,4,0,14,0,18,4,21,92,0,117,8,21,106,0,135,138,0,138,273
05/10/2020,MHR,CA,AWP,WE,Federal Contract Tower,0,4,18,0,22,0,12,50,0,62,0,16,68,0,84,68,0,68,152
05/11/2020,MHR,CA,AWP,WE,Federal Contract Tower,6,9,7,0,22,6,19,68,3,96,12,28,75,3,118,72,12,84,202
05/12/2020,MHR,CA,AWP,WE,Federal Contract Tower,21,13,19,10,63,22,39,100,18,179,43,52,119,28,242,80,70,150,392
05/13/2020,MHR,CA,AWP,WE,Federal Contract Tower,13,9,19,14,55,13,29,92,20,154,26,38,111,34,209,146,24,170,379
05/14/2020,MHR,CA,AWP,WE,Federal Contract Tower,14,14,23,2,53,16,35,78,16,145,30,49,101,18,198,84,46,130,328
05/16/2020,MHR,CA,AWP,WE,Federal Contract Tower,2,0,7,0,9,2,7,56,1,66,4,7,63,1,75,50,0,50,125
05/17/2020,MHR,CA,AWP,WE,Federal Contract Tower,0,2,21,0,23,0,12,26,0,38,0,14,47,0,61,0,0,0,61
05/18/2020,MHR,CA,AWP,WE,Federal Contract Tower,3,12,18,1,34,3,21,57,1,82,6,33,75,2,116,26,0,26,142
05/19/2020,MHR,CA,AWP,WE,Federal Contract Tower,17,19,22,1,59,26,42,71,10,149,43,61,93,11,208,38,22,60,268
05/20/2020,MHR,CA,AWP,WE,Federal Contract Tower,16,3,9,16,44,18,27,85,26,156,34,30,94,42,200,130,36,166,366
05/21/2020,MHR,CA,AWP,WE,Federal Contract Tower,14,7,19,7,47,14,33,97,15,159,28,40,116,22,206,124,18,142,348
05/22/2020,MHR,CA,AWP,WE,Federal Contract Tower,10,5,12,0,27,10,20,66,0,96,20,25,78,0,123,86,0,86,209
05/23/2020,MHR,CA,AWP,WE,Federal Contract Tower,3,5,4,0,12,3,22,45,0,70,6,27,49,0,82,28,0,28,110
05/24/2020,MHR,CA,AWP,WE,Federal Contract Tower,0,1,15,0,16,0,14,34,0,48,0,15,49,0,64,0,0,0,64
05/25/2020,MHR,CA,AWP,WE,Federal Contract Tower,1,2,12,0,15,1,14,60,0,75,2,16,72,0,90,16,0,16,106
05/26/2020,MHR,CA,AWP,WE,Federal Contract Tower,8,4,13,9,34,14,26,58,17,115,22,30,71,26,149,30,44,74,223
05/27/2020,MHR,CA,AWP,WE,Federal Contract Tower,17,4,26,22,69,19,19,86,23,147,36,23,112,45,216,34,10,44,260
05/28/2020,MHR,CA,AWP,WE,Federal Contract Tower,15,5,14,14,48,13,33,86,24,156,28,38,100,38,204,76,52,128,332
05/29/2020,MHR,CA,AWP,WE,Federal Contract Tower,9,5,9,3,26,9,15,50,5,79,18,20,59,8,105,84,0,84,189
05/30/2020,MHR,CA,AWP,WE,Federal Contract Tower,3,3,13,0,19,3,10,29,0,42,6,13,42,0,61,52,0,52,113
05/31/2020,MHR,CA,AWP,WE,Federal Contract Tower,0,2,29,2,33,0,16,80,0,96,0,18,109,2,129,58,0,58,187
06/01/2020,MHR,CA,AWP,WE,Federal Contract Tower,3,0,18,3,24,3,15,80,6,104,6,15,98,9,128,90,10,100,228
06/02/2020,MHR,CA,AWP,WE,Federal Contract Tower,14,2,31,34,81,18,16,134,26,194,32,18,165,60,275,144,80,224,499
06/03/2020,MHR,CA,AWP,WE,Federal Contract Tower,17,5,16,18,56,19,36,100,23,178,36,41,116,41,234,218,16,234,468
06/04/2020,MHR,CA,AWP,WE,Federal Contract Tower,16,9,26,26,77,19,44,109,40,212,35,53,135,66,289,149,74,223,512
06/05/2020,MHR,CA,AWP,WE,Federal Contract Tower,10,9,35,28,82,15,35,83,34,167,25,44,118,62,249,56,26,82,331
06/06/2020,MHR,CA,AWP,WE,Federal Contract Tower,3,4,4,10,21,3,15,71,30,119,6,19,75,40,140,40,22,62,202
06/07/2020,MHR,CA,AWP,WE,Federal Contract Tower,0,1,12,5,18,0,10,82,10,102,0,11,94,15,120,106,0,106,226
06/08/2020,MHR,CA,AWP,WE,Federal Contract Tower,4,3,5,1,13,4,12,51,5,72,8,15,56,6,85,36,10,46,131
06/09/2020,MHR,CA,AWP,WE,Federal Contract Tower,13,6,30,16,65,17,20,129,26,192,30,26,159,42,257,174,24,198,455
06/10/2020,MHR,CA,AWP,WE,Federal Contract Tower,19,12,28,5,64,21,36,102,21,180,40,48,130,26,244,144,54,198,442
06/11/2020,MHR,CA,AWP,WE,Federal Contract Tower,12,4,27,22,65,14,17,95,27,153,26,21,122,49,218,132,48,180,398
06/12/2020,MHR,CA,AWP,WE,Federal Contract Tower,10,5,23,11,49,8,29,94,17,148,18,34,117,28,197,38,30,68,265
06/13/2020,MHR,CA,AWP,WE,Federal Contract Tower,2,2,25,2,31,2,14,77,1,94,4,16,102,3,125,24,0,24,149
06/14/2020,MHR,CA,AWP,WE,Federal Contract Tower,0,5,17,1,23,0,9,80,0,89,0,14,97,1,112,86,0,86,198
06/15/2020,MHR,CA,AWP,WE,Federal Contract Tower,5,26,2,4,37,5,21,100,11,137,10,47,102,15,174,104,24,128,302
06/16/2020,MHR,CA,AWP,WE,Federal Contract Tower,22,6,29,36,93,16,39,112,69,236,38,45,141,105,329,120,90,210,539
06/17/2020,MHR,CA,AWP,WE,Federal Contract Tower,20,5,12,24,61,22,35,45,28,130,42,40,57,52,191,10,0,10,201
06/18/2020,MHR,CA,AWP,WE,Federal Contract Tower,15,14,26,26,81,16,31,141,32,220,31,45,167,58,301,140,56,196,497
06/19/2020,MHR,CA,AWP,WE,Federal Contract Tower,8,5,24,24,61,10,22,125,27,184,18,27,149,51,245,104,52,156,401
06/20/2020,MHR,CA,AWP,WE,Federal Contract Tower,2,3,5,0,10,2,19,69,0,90,4,22,74,0,100,94,0,94,194
06/21/2020,MHR,CA,AWP,WE,Federal Contract Tower,0,0,20,1,21,0,3,69,0,72,0,3,89,1,93,48,0,48,141
06/22/2020,MHR,CA,AWP,WE,Federal Contract Tower,3,5,25,7,40,3,18,120,9,150,6,23,145,16,190,68,40,108,298
06/23/2020,MHR,CA,AWP,WE,Federal Contract Tower,17,5,30,7,59,19,27,88,19,153,36,32,118,26,212,112,70,182,394
06/24/2020,MHR,CA,AWP,WE,Federal Contract Tower,14,5,19,14,52,15,30,99,25,169,29,35,118,39,221,136,76,212,433
06/25/2020,MHR,CA,AWP,WE,Federal Contract Tower,14,3,13,6,36,19,35,96,15,165,33,38,109,21,201,88,24,112,313
06/26/2020,MHR,CA,AWP,WE,Federal Contract Tower,11,7,21,0,39,12,18,72,0,102,23,25,93,0,141,62,0,62,203
06/29/2020,MHR,CA,AWP,WE,Federal Contract Tower,3,3,15,16,37,3,24,79,22,128,6,27,94,38,165,64,4,68,233
06/30/2020,MHR,CA,AWP,WE,Federal Contract Tower,13,4,32,12,61,18,30,100,23,171,31,34,132,35,232,96,48,144,376
07/01/2020,MHR,CA,AWP,WE,Federal Contract Tower,18,11,29,13,71,18,42,127,26,213,36,53,156,39,284,118,28,146,430
07/02/2020,MHR,CA,AWP,WE,Federal Contract Tower,14,2,25,13,54,16,17,93,26,152,30,19,118,39,206,160,30,190,396
07/03/2020,MHR,CA,AWP,WE,Federal Contract Tower,12,2,11,0,25,14,18,62,0,94,26,20,73,0,119,62,0,62,181
07/04/2020,MHR,CA,AWP,WE,Federal Contract Tower,0,0,0,0,0,0,7,19,0,26,0,7,19,0,26,14,0,14,40
07/05/2020,MHR,CA,AWP,WE,Federal Contract Tower,0,1,7,2,10,0,6,29,2,37,0,7,36,4,47,8,22,30,77
07/06/2020,MHR,CA,AWP,WE,Federal Contract Tower,4,4,15,0,23,4,19,83,2,108,8,23,98,2,131,50,0,50,181
07/07/2020,MHR,CA,AWP,WE,Federal Contract Tower,14,4,24,24,66,23,21,82,15,141,37,25,106,39,207,74,36,110,317
07/08/2020,MHR,CA,AWP,WE,Federal Contract Tower,18,2,6,14,40,18,21,80,34,153,36,23,86,48,193,42,68,110,303
07/09/2020,MHR,CA,AWP,WE,Federal Contract Tower,14,3,16,16,49,14,23,94,34,165,28,26,110,50,214,104,50,154,368
07/10/2020,MHR,CA,AWP,WE,Federal Contract Tower,9,1,15,15,40,9,20,101,24,154,18,21,116,39,194,92,30,122,316
07/11/2020,MHR,CA,AWP,WE,Federal Contract Tower,2,0,19,4,25,2,16,69,6,93,4,16,88,10,118,16,0,16,134
07/13/2020,MHR,CA,AWP,WE,Federal Contract Tower,5,7,12,5,29,5,21,80,9,115,10,28,92,14,144,42,0,42,186
07/14/2020,MHR,CA,AWP,WE,Federal Contract Tower,15,5,9,0,29,17,30,74,20,141,32,35,83,20,170,56,28,84,254
07/16/2020,MHR,CA,AWP,WE,Federal Contract Tower,15,8,19,10,52,15,32,144,24,215,30,40,163,34,267,142,42,184,451
07/17/2020,MHR,CA,AWP,WE,Federal Contract Tower,11,1,32,6,50,15,18,102,10,145,26,19,134,16,195,32,6,38,233
07/19/2020,MHR,CA,AWP,WE,Federal Contract Tower,0,0,1,0,1,0,9,75,0,84,0,9,76,0,85,70,0,70,155
07/20/2020,MHR,CA,AWP,WE,Federal Contract Tower,5,2,18,0,25,5,21,79,5,110,10,23,97,5,135,54,0,54,189
07/21/2020,MHR,CA,AWP,WE,Federal Contract Tower,17,3,6,3,29,22,25,72,8,127,39,28,78,11,156,86,0,86,242
07/22/2020,MHR,CA,AWP,WE,Federal Contract Tower,15,4,20,9,48,15,43,108,20,186,30,47,128,29,234,122,48,170,404
07/23/2020,MHR,CA,AWP,WE,Federal Contract Tower,16,1,33,11,61,16,29,114,18,177,32,30,147,29,238,156,26,182,420
07/24/2020,MHR,CA,AWP,WE,Federal Contract Tower,14,3,7,7,31,14,27,73,12,126,28,30,80,19,157,62,16,78,235
07/25/2020,MHR,CA,AWP,WE,Federal Contract Tower,3,0,10,0,13,3,12,63,2,80,6,12,73,2,93,24,8,32,125
07/26/2020,MHR,CA,AWP,WE,Federal Contract Tower,0,1,20,0,21,0,14,102,5,121,0,15,122,5,142,80,0,80,222
07/27/2020,MHR,CA,AWP,WE,Federal Contract Tower,7,1,14,8,30,7,21,103,0,131,14,22,117,8,161,76,22,98,259
07/28/2020,MHR,CA,AWP,WE,Federal Contract Tower,20,10,19,19,68,24,36,98,20,178,44,46,117,39,246,138,0,138,384
07/29/2020,MHR,CA,AWP,WE,Federal Contract Tower,16,8,27,6,57,16,71,92,13,192,32,79,119,19,249,102,10,112,361
07/30/2020,MHR,CA,AWP,WE,Federal Contract Tower,15,8,37,15,75,15,24,112,19,170,30,32,149,34,245,140,10,150,395
07/31/2020,MHR,CA,AWP,WE,Federal Contract Tower,11,6,9,13,39,11,33,90,19,153,22,39,99,32,192,102,20,122,314
08/01/2020,MHR,CA,AWP,WE,Federal Contract Tower,2,3,12,0,17,2,22,63,0,87,4,25,75,0,104,88,0,88,192
08/02/2020,MHR,CA,AWP,WE,Federal Contract Tower,0,4,12,0,16,0,17,83,0,100,0,21,95,0,116,108,0,108,224
08/03/2020,MHR,CA,AWP,WE,Federal Contract Tower,5,7,29,3,44,5,19,134,10,168,10,26,163,13,212,78,16,94,306
08/04/2020,MHR,CA,AWP,WE,Federal Contract Tower,18,2,15,10,45,21,35,127,16,199,39,37,142,26,244,131,36,167,411
08/05/2020,MHR,CA,AWP,WE,Federal Contract Tower,16,4,20,4,44,16,25,60,8,109,32,29,80,12,153,88,4,92,245
08/06/2020,MHR,CA,AWP,WE,Federal Contract Tower,13,4,20,0,37,13,23,64,1,101,26,27,84,1,138,128,0,128,266
08/07/2020,MHR,CA,AWP,WE,Federal Contract Tower,11,4,38,10,63,11,31,108,12,162,22,35,146,22,225,125,0,125,350
08/08/2020,MHR,CA,AWP,WE,Federal Contract Tower,2,3,18,0,23,2,19,66,0,87,4,22,84,0,110,102,0,102,212
08/09/2020,MHR,CA,AWP,WE,Federal Contract Tower,0,1,10,0,11,0,13,45,0,58,0,14,55,0,69,100,0,100,169
08/10/2020,MHR,CA,AWP,WE,Federal Contract Tower,4,2,13,2,21,3,19,103,7,132,7,21,116,9,153,102,0,102,255
08/11/2020,MHR,CA,AWP,WE,Federal Contract Tower,15,4,18,13,50,24,40,109,23,196,39,44,127,36,246,144,0,144,390
08/12/2020,MHR,CA,AWP,WE,Federal Contract Tower,13,5,24,10,52,13,26,121,23,183,26,31,145,33,235,254,78,332,567
08/13/2020,MHR,CA,AWP,WE,Federal Contract Tower,14,8,33,15,70,14,36,117,24,191,28,44,150,39,261,172,64,236,497
08/14/2020,MHR,CA,AWP,WE,Federal Contract Tower,11,5,33,11,60,11,27,128,20,186,22,32,161,31,246,156,54,210,456
08/15/2020,MHR,CA,AWP,WE,Federal Contract Tower,2,2,16,0,20,2,11,63,0,76,4,13,79,0,96,170,0,170,266
08/16/2020,MHR,CA,AWP,WE,Federal Contract Tower,0,2,11,0,13,0,16,30,0,46,0,18,41,0,59,84,0,84,143
08/17/2020,MHR,CA,AWP,WE,Federal Contract Tower,4,8,30,4,46,4,28,104,7,143,8,36,134,11,189,136,4,140,329
08/18/2020,MHR,CA,AWP,WE,Federal Contract Tower,18,4,18,11,51,21,24,80,25,150,39,28,98,36,201,228,38,266,467
08/19/2020,MHR,CA,AWP,WE,Federal Contract Tower,15,11,30,4,60,15,27,60,12,114,30,38,90,16,174,104,2,106,280
08/20/2020,MHR,CA,AWP,WE,Federal Contract Tower,16,33,60,15,124,16,36,71,19,142,32,69,131,34,266,0,2,2,268
08/21/2020,MHR,CA,AWP,WE,Federal Contract Tower,11,20,37,12,80,10,25,86,38,159,21,45,123,50,239,0,0,0,239
08/22/2020,MHR,CA,AWP,WE,Federal Contract Tower,2,11,20,17,50,3,20,41,23,87,5,31,61,40,137,108,0,108,245
08/23/2020,MHR,CA,AWP,WE,Federal Contract Tower,0,1,26,13,40,0,4,55,23,82,0,5,81,36,122,58,2,60,182
08/24/2020,MHR,CA,AWP,WE,Federal Contract Tower,6,8,18,28,60,6,16,16,31,69,12,24,34,59,129,0,0,0,129
08/25/2020,MHR,CA,AWP,WE,Federal Contract Tower,16,10,29,19,74,16,26,71,55,168,32,36,100,74,242,128,30,158,400
08/26/2020,MHR,CA,AWP,WE,Federal Contract Tower,17,9,19,17,62,17,23,63,37,140,34,32,82,54,202,192,40,232,434
08/27/2020,MHR,CA,AWP,WE,Federal Contract Tower,13,10,42,22,87,13,29,119,49,210,26,39,161,71,297,224,60,284,581
08/28/2020,MHR,CA,AWP,WE,Federal Contract Tower,12,8,35,8,63,12,21,108,29,170,24,29,143,37,233,106,50,156,389
08/29/2020,MHR,CA,AWP,WE,Federal Contract Tower,2,1,16,6,25,4,14,68,39,125,6,15,84,45,150,106,18,124,274
08/30/2020,MHR,CA,AWP,WE,Federal Contract Tower,0,0,22,10,32,0,2,45,40,87,0,2,67,50,119,46,8,54,173
08/31/2020,MHR,CA,AWP,WE,Federal Contract Tower,3,7,27,0,37,3,15,70,30,118,6,22,97,30,155,58,12,70,225
09/01/2020,MHR,CA,AWP,WE,Federal Contract Tower,16,5,16,21,58,22,18,57,59,156,38,23,73,80,214,48,62,110,324
09/02/2020,MHR,CA,AWP,WE,Federal Contract Tower,19,10,33,20,82,19,42,83,40,184,38,52,116,60,266,166,84,250,516
09/03/2020,MHR,CA,AWP,WE,Federal Contract Tower,16,6,28,22,72,16,33,82,28,159,32,39,110,50,231,196,30,226,457
09/04/2020,MHR,CA,AWP,WE,Federal Contract Tower,12,7,30,5,54,12,35,96,15,158,24,42,126,20,212,208,0,208,420
09/07/2020,MHR,CA,AWP,WE,Federal Contract Tower,2,3,13,0,18,2,14,36,0,52,4,17,49,0,70,24,0,24,94
09/08/2020,MHR,CA,AWP,WE,Federal Contract Tower,10,9,13,9,41,11,11,17,9,48,21,20,30,18,89,0,0,0,89
09/09/2020,MHR,CA,AWP,WE,Federal Contract Tower,19,13,33,4,69,19,23,41,8,91,38,36,74,12,160,48,2,50,210
09/10/2020,MHR,CA,AWP,WE,Federal Contract Tower,16,5,30,10,61,16,17,56,12,101,32,22,86,22,162,78,4,82,244
09/11/2020,MHR,CA,AWP,WE,Federal Contract Tower,15,12,39,5,71,15,13,43,5,76,30,25,82,10,147,0,0,0,147
09/12/2020,MHR,CA,AWP,WE,Federal Contract Tower,3,9,26,8,46,3,9,26,8,46,6,18,52,16,92,0,0,0,92
09/13/2020,MHR,CA,AWP,WE,Federal Contract Tower,2,1,15,2,20,2,1,15,13,31,4,2,30,15,51,0,0,0,51
09/14/2020,MHR,CA,AWP,WE,Federal Contract Tower,4,16,21,17,58,4,18,22,17,61,8,34,43,34,119,0,0,0,119
09/15/2020,MHR,CA,AWP,WE,Federal Contract Tower,17,7,26,1,51,19,10,63,29,121,36,17,89,30,172,46,0,46,218
09/16/2020,MHR,CA,AWP,WE,Federal Contract Tower,16,2,42,19,79,16,19,99,44,178,32,21,141,63,257,248,30,278,535
09/17/2020,MHR,CA,AWP,WE,Federal Contract Tower,14,5,52,43,114,14,22,103,59,198,28,27,155,102,312,164,44,208,520
09/18/2020,MHR,CA,AWP,WE,Federal Contract Tower,9,1,28,16,54,9,33,130,42,214,18,34,158,58,268,150,74,224,492
09/19/2020,MHR,CA,AWP,WE,Federal Contract Tower,2,4,22,0,28,2,13,69,17,101,4,17,91,17,129,72,0,72,201
09/21/2020,MHR,CA,AWP,WE,Federal Contract Tower,6,1,9,8,24,6,30,114,19,169,12,31,123,27,193,174,6,180,373
09/22/2020,MHR,CA,AWP,WE,Federal Contract Tower,14,2,40,10,66,15,18,107,28,168,29,20,147,38,234,120,22,142,376
09/23/2020,MHR,CA,AWP,WE,Federal Contract Tower,15,2,16,6,39,15,28,93,37,173,30,30,109,43,212,182,34,216,428
09/24/2020,MHR,CA,AWP,WE,Federal Contract Tower,15,8,19,7,49,15,38,99,28,180,30,46,118,35,229,226,24,250,479
09/25/2020,MHR,CA,AWP,WE,Federal Contract Tower,9,4,46,21,80,10,28,126,54,218,19,32,172,75,298,86,48,134,432
09/26/2020,MHR,CA,AWP,WE,Federal Contract Tower,2,1,8,3,14,2,13,64,13,92,4,14,72,16,106,32,0,32,138
09/27/2020,MHR,CA,AWP,WE,Federal Contract Tower,2,3,15,3,23,2,10,72,12,96,4,13,87,15,119,126,0,126,245
09/28/2020,MHR,CA,AWP,WE,Federal Contract Tower,4,3,17,4,28,4,26,78,20,128,8,29,95,24,156,114,0,114,270
09/29/2020,MHR,CA,AWP,WE,Federal Contract Tower,13,5,20,5,43,17,18,89,15,139,30,23,109,20,182,166,0,166,348
09/30/2020,MHR,CA,AWP,WE,Federal Contract Tower,16,14,21,5,56,16,32,56,24,128,32,46,77,29,184,30,0,30,214
10/01/2020,MHR,CA,AWP,WE,Federal Contract Tower,16,4,36,5,61,16,19,60,15,110,32,23,96,20,171,0,0,0,171
10/02/2020,MHR,CA,AWP,WE,Federal Contract Tower,6,12,35,16,69,6,18,59,25,108,12,30,94,41,177,32,24,56,233
10/03/2020,MHR,CA,AWP,WE,Federal Contract Tower,3,2,20,10,35,3,10,38,19,70,6,12,58,29,105,64,0,64,169
10/04/2020,MHR,CA,AWP,WE,Federal Contract Tower,2,4,26,6,38,0,8,81,25,114,2,12,107,31,152,96,2,98,250
10/05/2020,MHR,CA,AWP,WE,Federal Contract Tower,4,7,31,0,42,4,19,106,31,160,8,26,137,31,202,146,2,148,350
10/06/2020,MHR,CA,AWP,WE,Federal Contract Tower,14,5,15,8,42,14,26,106,28,174,28,31,121,36,216,82,40,122,338
10/07/2020,MHR,CA,AWP,WE,Federal Contract Tower,16,8,51,21,96,16,32,134,35,217,32,40,185,56,313,146,38,184,497
10/08/2020,MHR,CA,AWP,WE,Federal Contract Tower,12,3,42,17,74,12,23,107,28,170,24,26,149,45,244,134,50,184,428
10/09/2020,MHR,CA,AWP,WE,Federal Contract Tower,9,19,32,8,68,9,34,80,12,135,18,53,112,20,203,88,0,88,291
10/10/2020,MHR,CA,AWP,WE,Federal Contract Tower,4,5,18,6,33,4,12,53,25,94,8,17,71,31,127,54,8,62,189
10/11/2020,MHR,CA,AWP,WE,Federal Contract Tower,0,2,18,0,20,0,14,53,2,69,0,16,71,2,89,34,0,34,123
10/12/2020,MHR,CA,AWP,WE,Federal Contract Tower,5,1,9,2,17,5,20,106,7,138,10,21,115,9,155,126,12,138,293
10/13/2020,MHR,CA,AWP,WE,Federal Contract Tower,16,1,27,14,58,16,28,147,26,217,32,29,174,40,275,170,26,196,471
10/14/2020,MHR,CA,AWP,WE,Federal Contract Tower,16,11,12,15,54,16,35,58,20,129,32,46,70,35,183,72,38,110,293
10/15/2020,MHR,CA,AWP,WE,Federal Contract Tower,13,11,37,14,75,13,41,88,21,163,26,52,125,35,238,102,68,170,408
10/16/2020,MHR,CA,AWP,WE,Federal Contract Tower,17,4,18,1,40,17,21,93,8,139,34,25,111,9,179,54,6,60,239
10/17/2020,MHR,CA,AWP,WE,Federal Contract Tower,3,0,7,1,11,3,7,55,1,66,6,7,62,2,77,50,0,50,127
10/18/2020,MHR,CA,AWP,WE,Federal Contract Tower,0,0,12,0,12,0,7,98,23,128,0,7,110,23,140,80,0,80,220
10/19/2020,MHR,CA,AWP,WE,Federal Contract Tower,4,4,23,1,32,4,19,108,1,132,8,23,131,2,164,64,0,64,228
10/20/2020,MHR,CA,AWP,WE,Federal Contract Tower,15,8,8,7,38,15,35,107,6,163,30,43,115,13,201,138,12,150,351
10/21/2020,MHR,CA,AWP,WE,Federal Contract Tower,17,9,35,3,64,17,36,113,7,173,34,45,148,10,237,144,20,164,401
10/23/2020,MHR,CA,AWP,WE,Federal Contract Tower,9,5,22,7,43,9,27,135,8,179,18,32,157,15,222,138,18,156,378
10/24/2020,MHR,CA,AWP,WE,Federal Contract Tower,3,1,25,0,29,3,23,73,0,99,6,24,98,0,128,94,0,94,222
10/25/2020,MHR,CA,AWP,WE,Federal Contract Tower,0,4,23,0,27,0,9,65,2,76,0,13,88,2,103,58,0,58,161
10/26/2020,MHR,CA,AWP,WE,Federal Contract Tower,4,2,1,0,7,4,19,28,2,53,8,21,29,2,60,0,0,0,60
10/27/2020,MHR,CA,AWP,WE,Federal Contract Tower,19,5,34,0,58,19,25,116,11,171,38,30,150,11,229,226,26,252,481
10/28/2020,MHR,CA,AWP,WE,Federal Contract Tower,16,6,25,13,60,16,27,106,14,163,32,33,131,27,223,140,22,162,385
10/29/2020,MHR,CA,AWP,WE,Federal Contract Tower,15,13,32,24,84,15,43,114,37,209,30,56,146,61,293,168,30,198,491
10/30/2020,MHR,CA,AWP,WE,Federal Contract Tower,9,4,28,9,50,9,30,119,20,178,18,34,147,29,228,72,40,112,340
10/31/2020,MHR,CA,AWP,WE,Federal Contract Tower,2,0,7,2,11,2,10,81,2,95,4,10,88,4,106,84,0,84,190
11/01/2020,MHR,CA,AWP,WE,Federal Contract Tower,0,5,9,0,14,0,13,66,1,80,0,18,75,1,94,74,0,74,168
11/02/2020,MHR,CA,AWP,WE,Federal Contract Tower,4,6,18,1,29,4,18,86,4,112,8,24,104,5,141,98,0,98,239
11/03/2020,MHR,CA,AWP,WE,Federal Contract Tower,16,3,25,10,54,16,24,104,18,162,32,27,129,28,216,93,54,147,363
11/04/2020,MHR,CA,AWP,WE,Federal Contract Tower,18,11,30,7,66,18,39,113,20,190,36,50,143,27,256,126,16,142,398
11/05/2020,MHR,CA,AWP,WE,Federal Contract Tower,19,11,27,2,59,19,40,73,4,136,38,51,100,6,195,110,4,114,309
11/06/2020,MHR,CA,AWP,WE,Federal Contract Tower,10,4,25,2,41,10,35,56,23,124,20,39,81,25,165,20,2,22,187
11/07/2020,MHR,CA,AWP,WE,Federal Contract Tower,2,5,11,13,31,2,19,52,24,97,4,24,63,37,128,66,8,74,202
11/08/2020,MHR,CA,AWP,WE,Federal Contract Tower,3,2,9,3,17,3,16,37,4,60,6,18,46,7,77,46,4,50,127
11/09/2020,MHR,CA,AWP,WE,Federal Contract Tower,4,5,21,12,42,4,22,99,17,142,8,27,120,29,184,126,10,136,320
11/10/2020,MHR,CA,AWP,WE,Federal Contract Tower,15,8,22,7,52,15,33,68,8,124,30,41,90,15,176,156,16,172,348
11/11/2020,MHR,CA,AWP,WE,Federal Contract Tower,15,12,17,2,46,15,27,145,5,192,30,39,162,7,238,62,0,62,300
11/12/2020,MHR,CA,AWP,WE,Federal Contract Tower,15,3,34,5,57,15,28,104,8,155,30,31,138,13,212,156,24,180,392
11/13/2020,MHR,CA,AWP,WE,Federal Contract Tower,10,12,21,0,43,10,21,49,8,88,20,33,70,8,131,34,28,62,193
11/14/2020,MHR,CA,AWP,WE,Federal Contract Tower,2,7,11,0,20,2,15,39,0,56,4,22,50,0,76,2,0,2,78
11/15/2020,MHR,CA,AWP,WE,Federal Contract Tower,2,7,13,1,23,2,17,92,1,112,4,24,105,2,135,94,0,94,229
11/16/2020,MHR,CA,AWP,WE,Federal Contract Tower,3,2,8,0,13,3,20,101,3,127,6,22,109,3,140,78,0,78,218
11/17/2020,MHR,CA,AWP,WE,Federal Contract Tower,15,14,21,15,65,15,26,60,16,117,30,40,81,31,182,82,68,150,332
11/18/2020,MHR,CA,AWP,WE,Federal Contract Tower,16,16,16,2,50,16,32,23,5,76,32,48,39,7,126,10,36,46,172
11/19/2020,MHR,CA,AWP,WE,Federal Contract Tower,15,20,27,8,70,15,35,94,19,163,30,55,121,27,233,86,50,136,369
11/20/2020,MHR,CA,AWP,WE,Federal Contract Tower,9,2,19,10,40,9,37,126,20,192,18,39,145,30,232,216,52,268,500
11/21/2020,MHR,CA,AWP,WE,Federal Contract Tower,2,1,20,2,25,2,8,89,9,108,4,9,109,11,133,58,2,60,193
11/22/2020,MHR,CA,AWP,WE,Federal Contract Tower,3,2,15,1,21,3,11,78,7,99,6,13,93,8,120,148,18,166,286
11/23/2020,MHR,CA,AWP,WE,Federal Contract Tower,9,4,24,13,50,9,17,125,28,179,18,21,149,41,229,190,64,254,483
11/24/2020,MHR,CA,AWP,WE,Federal Contract Tower,27,5,23,5,60,34,42,101,74,251,61,47,124,79,311,111,36,147,458
11/25/2020,MHR,CA,AWP,WE,Federal Contract Tower,22,2,21,1,46,22,34,64,1,121,44,36,85,2,167,34,0,34,201
11/26/2020,MHR,CA,AWP,WE,Federal Contract Tower,3,1,3,0,7,3,3,18,0,24,6,4,21,0,31,4,0,4,35
11/27/2020,MHR,CA,AWP,WE,Federal Contract Tower,11,1,12,0,24,11,26,32,0,69,22,27,44,0,93,30,0,30,123
11/28/2020,MHR,CA,AWP,WE,Federal Contract Tower,2,2,20,0,24,2,12,71,0,85,4,14,91,0,109,68,0,68,177
11/29/2020,MHR,CA,AWP,WE,Federal Contract Tower,2,0,20,0,22,2,14,86,0,102,4,14,106,0,124,110,0,110,234
11/30/2020,MHR,CA,AWP,WE,Federal Contract Tower,6,4,20,1,31,6,31,102,8,147,12,35,122,9,178,92,0,92,270
12/01/2020,MHR,CA,AWP,WE,Federal Contract Tower,29,5,28,1,63,29,36,111,0,176,58,41,139,1,239,69,16,85,324
12/02/2020,MHR,CA,AWP,WE,Federal Contract Tower,21,6,32,11,70,21,40,88,25,174,42,46,120,36,244,70,28,98,342
12/03/2020,MHR,CA,AWP,WE,Federal Contract Tower,20,3,29,8,60,20,31,123,17,191,40,34,152,25,251,112,18,130,381
12/04/2020,MHR,CA,AWP,WE,Federal Contract Tower,19,5,17,6,47,19,30,80,6,135,38,35,97,12,182,82,14,96,278
12/05/2020,MHR,CA,AWP,WE,Federal Contract Tower,3,2,14,4,23,2,13,68,0,83,5,15,82,4,106,56,0,56,162
12/06/2020,MHR,CA,AWP,WE,Federal Contract Tower,4,2,17,0,23,4,22,133,1,160,8,24,150,1,183,118,0,118,301
12/07/2020,MHR,CA,AWP,WE,Federal Contract Tower,4,5,13,28,50,4,17,49,37,107,8,22,62,65,157,6,32,38,195
12/08/2020,MHR,CA,AWP,WE,Federal Contract Tower,24,4,34,2,64,27,37,116,14,194,51,41,150,16,258,138,0,138,396
12/09/2020,MHR,CA,AWP,WE,Federal Contract Tower,24,13,34,4,75,24,45,76,10,155,48,58,110,14,230,88,12,100,330
12/10/2020,MHR,CA,AWP,WE,Federal Contract Tower,24,7,41,3,75,24,19,123,13,179,48,26,164,16,254,142,0,142,396
12/11/2020,MHR,CA,AWP,WE,Federal Contract Tower,15,6,36,4,61,15,24,93,5,137,30,30,129,9,198,42,8,50,248
12/12/2020,MHR,CA,AWP,WE,Federal Contract Tower,4,5,12,0,21,4,13,13,0,30,8,18,25,0,51,0,0,0,51
12/14/2020,MHR,CA,AWP,WE,Federal Contract Tower,12,6,24,3,45,12,22,53,7,94,24,28,77,10,139,20,4,24,163
12/15/2020,MHR,CA,AWP,WE,Federal Contract Tower,35,7,46,6,94,36,28,84,14,162,71,35,130,20,256,2,52,54,310
12/16/2020,MHR,CA,AWP,WE,Federal Contract Tower,37,39,34,9,119,35,44,70,16,165,72,83,104,25,284,60,60,120,404
12/17/2020,MHR,CA,AWP,WE,Federal Contract Tower,38,10,46,5,99,38,25,68,9,140,76,35,114,14,239,20,16,36,275
12/18/2020,MHR,CA,AWP,WE,Federal Contract Tower,39,5,51,4,99,39,31,146,11,227,78,36,197,15,326,98,12,110,436
12/19/2020,MHR,CA,AWP,WE,Federal Contract Tower,34,4,30,0,68,35,23,70,0,128,69,27,100,0,196,58,0,58,254
12/21/2020,MHR,CA,AWP,WE,Federal Contract Tower,38,17,21,3,79,38,20,29,3,90,76,37,50,6,169,0,0,0,169
12/22/2020,MHR,CA,AWP,WE,Federal Contract Tower,34,14,27,4,79,34,30,49,4,117,68,44,76,8,196,12,4,16,212
12/23/2020,MHR,CA,AWP,WE,Federal Contract Tower,43,21,51,13,128,44,42,81,14,181,87,63,132,27,309,30,0,30,339
12/24/2020,MHR,CA,AWP,WE,Federal Contract Tower,25,7,28,0,60,25,20,61,0,106,50,27,89,0,166,52,0,52,218
12/25/2020,MHR,CA,AWP,WE,Federal Contract Tower,0,0,1,0,1,0,4,8,0,12,0,4,9,0,13,0,0,0,13
12/26/2020,MHR,CA,AWP,WE,Federal Contract Tower,3,6,17,0,26,3,20,52,0,75,6,26,69,0,101,60,0,60,161
12/28/2020,MHR,CA,AWP,WE,Federal Contract Tower,8,3,25,3,39,8,25,73,14,120,16,28,98,17,159,106,30,136,295
12/29/2020,MHR,CA,AWP,WE,Federal Contract Tower,27,10,16,1,54,26,28,90,3,147,53,38,106,4,201,134,18,152,353
12/30/2020,MHR,CA,AWP,WE,Federal Contract Tower,26,6,40,6,78,26,31,100,14,171,52,37,140,20,249,98,42,140,389
12/31/2020,MHR,CA,AWP,WE,Federal Contract Tower,14,6,24,6,50,14,27,57,7,105,28,33,81,13,155,8,0,8,163
01/01/2021,MHR,CA,AWP,WE,Federal Contract Tower,0,0,9,6,15,0,10,28,10,48,0,10,37,16,63,8,10,18,81
01/02/2021,MHR,CA,AWP,WE,Federal Contract Tower,3,4,23,2,32,3,12,34,2,51,6,16,57,4,83,18,0,18,101
01/03/2021,MHR,CA,AWP,WE,Federal Contract Tower,3,1,18,0,22,3,7,44,3,57,6,8,62,3,79,64,6,70,149
01/04/2021,MHR,CA,AWP,WE,Federal Contract Tower,5,10,14,0,29,0,21,19,0,40,5,31,33,0,69,2,0,2,71
01/05/2021,MHR,CA,AWP,WE,Federal Contract Tower,15,7,25,16,63,14,23,66,36,139,29,30,91,52,202,62,14,76,278
01/06/2021,MHR,CA,AWP,WE,Federal Contract Tower,16,12,25,7,60,16,30,76,13,135,32,42,101,20,195,118,56,174,369
01/07/2021,MHR,CA,AWP,WE,Federal Contract Tower,18,16,43,6,83,18,32,88,17,155,36,48,131,23,238,66,12,78,316
01/08/2021,MHR,CA,AWP,WE,Federal Contract Tower,9,6,16,2,33,9,18,55,6,88,18,24,71,8,121,52,8,60,181
01/09/2021,MHR,CA,AWP,WE,Federal Contract Tower,2,4,17,4,27,2,10,71,10,93,4,14,88,14,120,26,14,40,160
01/10/2021,MHR,CA,AWP,WE,Federal Contract Tower,2,0,20,3,25,2,9,67,4,82,4,9,87,7,107,64,10,74,181
01/11/2021,MHR,CA,AWP,WE,Federal Contract Tower,6,4,25,8,43,6,23,100,15,144,12,27,125,23,187,78,26,104,291
01/12/2021,MHR,CA,AWP,WE,Federal Contract Tower,16,18,35,7,76,16,42,123,20,201,32,60,158,27,277,150,86,236,513
01/13/2021,MHR,CA,AWP,WE,Federal Contract Tower,16,12,31,5,64,16,28,75,15,134,32,40,106,20,198,84,20,104,302
01/14/2021,MHR,CA,AWP,WE,Federal Contract Tower,17,14,14,16,61,17,14,16,16,63,34,28,30,32,124,0,0,0,124
01/15/2021,MHR,CA,AWP,WE,Federal Contract Tower,9,4,19,4,36,9,39,96,12,156,18,43,115,16,192,96,44,140,332
01/16/2021,MHR,CA,AWP,WE,Federal Contract Tower,1,5,22,2,30,1,7,80,4,92,2,12,102,6,122,40,2,42,164
01/17/2021,MHR,CA,AWP,WE,Federal Contract Tower,2,4,16,0,22,2,12,65,0,79,4,16,81,0,101,58,0,58,159
01/18/2021,MHR,CA,AWP,WE,Federal Contract Tower,6,3,6,3,18,6,13,37,3,59,12,16,43,6,77,24,0,24,101
01/19/2021,MHR,CA,AWP,WE,Federal Contract Tower,17,2,14,2,35,18,26,25,2,71,35,28,39,4,106,2,12,14,120
01/20/2021,MHR,CA,AWP,WE,Federal Contract Tower,17,4,26,8,55,17,39,120,26,202,34,43,146,34,257,168,38,206,463
01/21/2021,MHR,CA,AWP,WE,Federal Contract Tower,15,5,26,11,57,15,33,101,22,171,30,38,127,33,228,140,46,186,414
01/22/2021,MHR,CA,AWP,WE,Federal Contract Tower,9,9,12,4,34,9,20,25,12,66,18,29,37,16,100,0,12,12,112
01/23/2021,MHR,CA,AWP,WE,Federal Contract Tower,2,1,32,0,35,2,9,85,0,96,4,10,117,0,131,56,0,56,187
01/24/2021,MHR,CA,AWP,WE,Federal Contract Tower,2,0,22,0,24,2,2,38,0,42,4,2,60,0,66,34,0,34,100
01/25/2021,MHR,CA,AWP,WE,Federal Contract Tower,3,0,11,0,14,3,13,76,11,103,6,13,87,11,117,58,16,74,191
01/26/2021,MHR,CA,AWP,WE,Federal Contract Tower,15,8,3,0,26,15,17,48,4,84,30,25,51,4,110,52,0,52,162
01/27/2021,MHR,CA,AWP,WE,Federal Contract Tower,15,6,4,0,25,14,14,11,0,39,29,20,15,0,64,0,0,0,64
01/28/2021,MHR,CA,AWP,WE,Federal Contract Tower,17,8,5,2,32,17,20,8,2,47,34,28,13,4,79,0,0,0,79
01/29/2021,MHR,CA,AWP,WE,Federal Contract Tower,10,6,31,2,49,10,20,38,2,70,20,26,69,4,119,0,0,0,119
01/30/2021,MHR,CA,AWP,WE,Federal Contract Tower,2,0,29,0,31,2,10,122,0,134,4,10,151,0,165,154,0,154,319
02/01/2021,MHR,CA,AWP,WE,Federal Contract Tower,2,5,18,0,25,2,16,82,21,121,4,21,100,21,146,86,22,108,254
02/02/2021,MHR,CA,AWP,WE,Federal Contract Tower,12,8,27,3,50,12,21,27,5,65,24,29,54,8,115,8,22,30,145
02/03/2021,MHR,CA,AWP,WE,Federal Contract Tower,15,6,35,11,67,15,29,119,26,189,30,35,154,37,256,140,114,254,510
02/04/2021,MHR,CA,AWP,WE,Federal Contract Tower,15,1,45,19,80,15,25,134,37,211,30,26,179,56,291,138,30,168,459
02/05/2021,MHR,CA,AWP,WE,Federal Contract Tower,9,5,38,26,78,9,22,147,55,233,18,27,185,81,311,142,66,208,519
02/07/2021,MHR,CA,AWP,WE,Federal Contract Tower,2,2,11,2,17,1,10,97,5,113,3,12,108,7,130,156,16,172,302
02/08/2021,MHR,CA,AWP,WE,Federal Contract Tower,3,1,27,3,34,3,15,113,6,137,6,16,140,9,171,82,16,98,269
02/09/2021,MHR,CA,AWP,WE,Federal Contract Tower,16,6,23,16,61,16,25,115,39,195,32,31,138,55,256,180,84,264,520
02/10/2021,MHR,CA,AWP,WE,Federal Contract Tower,15,2,21,24,62,15,20,122,39,196,30,22,143,63,258,136,60,196,454
02/11/2021,MHR,CA,AWP,WE,Federal Contract Tower,14,15,20,29,78,14,31,82,41,168,28,46,102,70,246,164,80,244,490
02/12/2021,MHR,CA,AWP,WE,Federal Contract Tower,13,7,35,13,68,13,23,76,15,127,26,30,111,28,195,50,28,78,273
02/13/2021,MHR,CA,AWP,WE,Federal Contract Tower,4,2,13,0,19,4,12,46,4,66,8,14,59,4,85,32,2,34,119
02/14/2021,MHR,CA,AWP,WE,Federal Contract Tower,2,2,18,0,22,2,5,88,0,95,4,7,106,0,117,125,0,125,242
02/15/2021,MHR,CA,AWP,WE,Federal Contract Tower,3,3,44,0,50,3,19,50,0,72,6,22,94,0,122,0,0,0,122
02/16/2021,MHR,CA,AWP,WE,Federal Contract Tower,9,5,26,15,55,9,20,76,22,127,18,25,102,37,182,104,62,166,348
02/17/2021,MHR,CA,AWP,WE,Federal Contract Tower,12,0,23,11,46,12,12,68,21,113,24,12,91,32,159,44,20,64,223
02/18/2021,MHR,CA,AWP,WE,Federal Contract Tower,14,2,11,3,30,14,19,60,15,108,28,21,71,18,138,76,22,98,236
02/19/2021,MHR,CA,AWP,WE,Federal Contract Tower,13,13,23,4,53,14,23,24,5,66,27,36,47,9,119,0,0,0,119
02/20/2021,MHR,CA,AWP,WE,Federal Contract Tower,2,0,11,0,13,2,9,86,0,97,4,9,97,0,110,92,0,92,202
02/21/2021,MHR,CA,AWP,WE,Federal Contract Tower,2,1,36,0,39,2,4,154,0,160,4,5,190,0,199,220,0,220,419
02/22/2021,MHR,CA,AWP,WE,Federal Contract Tower,4,2,18,8,32,4,14,119,20,157,8,16,137,28,189,234,56,290,479
02/23/2021,MHR,CA,AWP,WE,Federal Contract Tower,15,4,14,10,43,15,21,85,23,144,30,25,99,33,187,62,58,120,307
02/24/2021,MHR,CA,AWP,WE,Federal Contract Tower,14,4,24,0,42,14,19,81,14,128,28,23,105,14,170,72,22,94,264
02/25/2021,MHR,CA,AWP,WE,Federal Contract Tower,17,14,28,38,97,17,40,121,51,229,34,54,149,89,326,186,62,248,574
02/26/2021,MHR,CA,AWP,WE,Federal Contract Tower,11,2,21,8,42,11,18,73,23,125,22,20,94,31,167,118,20,138,305
02/27/2021,MHR,CA,AWP,WE,Federal Contract Tower,2,0,9,4,15,2,12,25,16,55,4,12,34,20,70,2,0,2,72
03/01/2021,MHR,CA,AWP,WE,Federal Contract Tower,2,0,22,0,24,11,2,105,19,137,13,2,127,19,161,150,38,188,349
03/02/2021,MHR,CA,AWP,WE,Federal Contract Tower,15,9,29,14,67,15,35,98,18,166,30,44,127,32,233,152,42,194,427
03/03/2021,MHR,CA,AWP,WE,Federal Contract Tower,15,4,18,4,41,15,27,65,13,120,30,31,83,17,161,212,40,252,413
03/04/2021,MHR,CA,AWP,WE,Federal Contract Tower,15,3,30,10,58,15,29,104,16,164,30,32,134,26,222,126,56,182,404
03/05/2021,MHR,CA,AWP,WE,Federal Contract Tower,9,3,48,3,63,9,27,100,7,143,18,30,148,10,206,82,12,94,300
03/06/2021,MHR,CA,AWP,WE,Federal Contract Tower,2,2,7,2,13,2,15,76,2,95,4,17,83,4,108,50,4,54,162
03/07/2021,MHR,CA,AWP,WE,Federal Contract Tower,2,3,17,1,23,2,15,92,0,109,4,18,109,1,132,106,0,106,238
03/08/2021,MHR,CA,AWP,WE,Federal Contract Tower,3,3,17,4,27,3,13,57,16,89,6,16,74,20,116,16,72,88,204
03/09/2021,MHR,CA,AWP,WE,Federal Contract Tower,14,5,16,6,41,14,15,38,2,69,28,20,54,8,110,104,44,148,258
03/10/2021,MHR,CA,AWP,WE,Federal Contract Tower,16,10,9,0,35,16,18,15,4,53,32,28,24,4,88,0,0,0,88
03/11/2021,MHR,CA,AWP,WE,Federal Contract Tower,16,2,31,4,53,16,30,88,10,144,32,32,119,14,197,192,6,198,395
03/12/2021,MHR,CA,AWP,WE,Federal Contract Tower,11,5,36,9,61,11,27,123,8,169,22,32,159,17,230,118,10,128,358
03/13/2021,MHR,CA,AWP,WE,Federal Contract Tower,2,5,10,0,17,2,20,85,0,107,4,25,95,0,124,40,0,40,164
03/14/2021,MHR,CA,AWP,WE,Federal Contract Tower,2,1,13,0,16,2,8,42,0,52,4,9,55,0,68,30,0,30,98
03/15/2021,MHR,CA,AWP,WE,Federal Contract Tower,3,3,20,0,26,3,10,50,8,71,6,13,70,8,97,24,36,60,157
03/16/2021,MHR,CA,AWP,WE,Federal Contract Tower,15,6,31,8,60,15,26,91,16,148,30,32,122,24,208,102,46,148,356
03/17/2021,MHR,CA,AWP,WE,Federal Contract Tower,17,5,18,19,59,16,28,61,24,129,33,33,79,43,188,88,40,128,316
03/18/2021,MHR,CA,AWP,WE,Federal Contract Tower,16,12,20,24,72,16,14,35,31,96,32,26,55,55,168,42,56,98,266
03/19/2021,MHR,CA,AWP,WE,Federal Contract Tower,9,5,40,1,55,9,21,57,5,92,18,26,97,6,147,26,0,26,173
03/20/2021,MHR,CA,AWP,WE,Federal Contract Tower,2,5,18,1,26,2,12,72,0,86,4,17,90,1,112,54,12,66,178
03/21/2021,MHR,CA,AWP,WE,Federal Contract Tower,2,2,19,0,23,2,7,91,6,106,4,9,110,6,129,94,2,96,225
03/22/2021,MHR,CA,AWP,WE,Federal Contract Tower,6,8,15,5,34,6,18,96,12,132,12,26,111,17,166,110,20,130,296
03/23/2021,MHR,CA,AWP,WE,Federal Contract Tower,17,3,7,0,27,17,20,26,2,65,34,23,33,2,92,4,0,4,96
03/24/2021,MHR,CA,AWP,WE,Federal Contract Tower,16,3,21,13,53,16,28,61,29,134,32,31,82,42,187,70,64,134,321
03/25/2021,MHR,CA,AWP,WE,Federal Contract Tower,17,1,40,11,69,17,20,72,19,128,34,21,112,30,197,70,6,76,273
03/26/2021,MHR,CA,AWP,WE,Federal Contract Tower,6,3,28,2,39,10,34,68,5,117,16,37,96,7,156,40,12,52,208
03/27/2021,MHR,CA,AWP,WE,Federal Contract Tower,2,0,30,5,37,2,14,74,14,104,4,14,104,19,141,62,6,68,209
03/28/2021,MHR,CA,AWP,WE,Federal Contract Tower,2,2,4,3,11,2,5,25,11,43,4,7,29,14,54,22,6,28,82
03/30/2021,MHR,CA,AWP,WE,Federal Contract Tower,14,3,21,2,40,14,23,48,19,104,28,26,69,21,144,10,8,18,162
03/31/2021,MHR,CA,AWP,WE,Federal Contract Tower,18,1,28,6,53,18,24,108,14,164,36,25,136,20,217,50,22,72,289
04/01/2021,MHR,CA,AWP,WE,Federal Contract Tower,16,3,33,13,65,16,32,100,16,164,32,35,133,29,229,78,48,126,355
04/02/2021,MHR,CA,AWP,WE,Federal Contract Tower,8,1,17,3,29,8,28,69,4,109,16,29,86,7,138,58,19,77,215
04/03/2021,MHR,CA,AWP,WE,Federal Contract Tower,2,2,18,0,22,2,15,45,0,62,4,17,63,0,84,8,0,8,92
04/04/2021,MHR,CA,AWP,WE,Federal Contract Tower,2,0,15,0,17,2,12,32,0,46,4,12,47,0,63,0,0,0,63
04/05/2021,MHR,CA,AWP,WE,Federal Contract Tower,5,5,31,3,44,5,23,46,5,79,10,28,77,8,123,12,4,16,139
04/06/2021,MHR,CA,AWP,WE,Federal Contract Tower,14,6,24,16,60,14,26,82,26,148,28,32,106,42,208,36,42,78,286
04/07/2021,MHR,CA,AWP,WE,Federal Contract Tower,15,6,32,17,70,15,24,71,31,141,30,30,103,48,211,56,80,136,347
04/08/2021,MHR,CA,AWP,WE,Federal Contract Tower,13,3,35,16,67,13,36,110,24,183,26,39,145,40,250,60,8,68,318
04/09/2021,MHR,CA,AWP,WE,Federal Contract Tower,9,4,34,2,49,9,29,101,3,142,18,33,135,5,191,48,0,48,239
04/10/2021,MHR,CA,AWP,WE,Federal Contract Tower,8,0,17,17,42,8,13,54,34,109,16,13,71,51,151,12,44,56,207
04/11/2021,MHR,CA,AWP,WE,Federal Contract Tower,2,2,16,7,27,2,7,34,7,50,4,9,50,14,77,10,0,10,87
04/12/2021,MHR,CA,AWP,WE,Federal Contract Tower,3,2,15,3,23,3,13,67,17,100,6,15,82,20,123,95,42,137,260
04/13/2021,MHR,CA,AWP,WE,Federal Contract Tower,14,1,21,8,44,14,20,73,10,117,28,21,94,18,161,58,38,96,257
04/14/2021,MHR,CA,AWP,WE,Federal Contract Tower,16,3,19,4,42,16,29,69,13,127,32,32,88,17,169,84,8,92,261
04/15/2021,MHR,CA,AWP,WE,Federal Contract Tower,16,2,13,2,33,16,27,68,4,115,32,29,81,6,148,42,20,62,210
04/16/2021,MHR,CA,AWP,WE,Federal Contract Tower,9,2,38,0,49,9,26,118,5,158,18,28,156,5,207,38,0,38,245
04/17/2021,MHR,CA,AWP,WE,Federal Contract Tower,2,1,12,0,15,2,15,53,0,70,4,16,65,0,85,24,4,28,113
04/19/2021,MHR,CA,AWP,WE,Federal Contract Tower,6,4,16,2,28,6,20,78,8,112,12,24,94,10,140,78,0,78,218
04/20/2021,MHR,CA,AWP,WE,Federal Contract Tower,14,2,25,3,44,14,21,72,16,123,28,23,97,19,167,60,36,96,263
04/21/2021,MHR,CA,AWP,WE,Federal Contract Tower,17,3,36,8,64,17,35,96,17,165,34,38,132,25,229,80,20,100,329
04/22/2021,MHR,CA,AWP,WE,Federal Contract Tower,16,8,25,9,58,16,33,75,16,140,32,41,100,25,198,60,54,114,312
04/23/2021,MHR,CA,AWP,WE,Federal Contract Tower,10,2,32,3,47,10,13,69,8,100,20,15,101,11,147,28,10,38,185
04/24/2021,MHR,CA,AWP,WE,Federal Contract Tower,2,0,20,5,27,2,20,66,16,104,4,20,86,21,131,14,16,30,161
04/25/2021,MHR,CA,AWP,WE,Federal Contract Tower,2,3,21,4,30,2,8,42,13,65,4,11,63,17,95,18,10,28,123
04/26/2021,MHR,CA,AWP,WE,Federal Contract Tower,5,2,18,8,33,5,16,102,13,136,10,18,120,21,169,56,34,90,259
04/27/2021,MHR,CA,AWP,WE,Federal Contract Tower,17,0,13,5,35,17,13,80,0,110,34,13,93,5,145,80,8,88,233
04/28/2021,MHR,CA,AWP,WE,Federal Contract Tower,18,3,31,3,55,18,30,79,13,140,36,33,110,16,195,120,16,136,331
04/29/2021,MHR,CA,AWP,WE,Federal Contract Tower,16,8,21,6,51,16,39,92,9,156,32,47,113,15,207,60,6,66,273
04/30/2021,MHR,CA,AWP,WE,Federal Contract Tower,10,9,36,1,56,10,36,95,2,143,20,45,131,3,199,78,0,78,277
05/01/2021,MHR,CA,AWP,WE,Federal Contract Tower,2,0,17,0,19,2,10,75,0,87,4,10,92,0,106,28,0,28,134
05/02/2021,MHR,CA,AWP,WE,Federal Contract Tower,2,0,13,0,15,2,4,29,0,35,4,4,42,0,50,2,0,2,52
05/03/2021,MHR,CA,AWP,WE,Federal Contract Tower,5,2,17,5,29,5,21,35,8,69,10,23,52,13,98,0,0,0,98
05/04/2021,MHR,CA,AWP,WE,Federal Contract Tower,14,2,36,0,52,14,38,89,4,145,28,40,125,4,197,96,0,96,293
05/05/2021,MHR,CA,AWP,WE,Federal Contract Tower,17,3,22,3,45,17,22,97,11,147,34,25,119,14,192,80,18,98,290
05/06/2021,MHR,CA,AWP,WE,Federal Contract Tower,15,2,14,7,38,15,31,71,10,127,30,33,85,17,165,54,22,76,241
05/07/2021,MHR,CA,AWP,WE,Federal Contract Tower,12,3,31,21,67,12,21,73,28,134,24,24,104,49,201,76,28,104,305
05/08/2021,MHR,CA,AWP,WE,Federal Contract Tower,4,3,7,2,16,4,71,26,3,104,8,74,33,5,120,2,6,8,128
05/09/2021,MHR,CA,AWP,WE,Federal Contract Tower,2,2,11,4,19,2,7,30,4,43,4,9,41,8,62,56,8,64,126
05/10/2021,MHR,CA,AWP,WE,Federal Contract Tower,3,1,22,3,29,3,13,42,2,60,6,14,64,5,89,16,10,26,115
05/11/2021,MHR,CA,AWP,WE,Federal Contract Tower,18,8,18,9,53,18,30,80,13,141,36,38,98,22,194,70,20,90,284
05/12/2021,MHR,CA,AWP,WE,Federal Contract Tower,18,4,39,5,66,18,34,81,14,147,36,38,120,19,213,102,58,160,373
05/13/2021,MHR,CA,AWP,WE,Federal Contract Tower,14,3,25,8,50,14,40,79,13,146,28,43,104,21,196,92,48,140,336
05/14/2021,MHR,CA,AWP,WE,Federal Contract Tower,9,9,16,5,39,9,47,55,5,116,18,56,71,10,155,54,28,82,237
05/15/2021,MHR,CA,AWP,WE,Federal Contract Tower,3,2,16,0,21,3,14,43,2,62,6,16,59,2,83,58,0,58,141
05/16/2021,MHR,CA,AWP,WE,Federal Contract Tower,0,2,14,2,18,0,6,65,1,72,0,8,79,3,90,47,0,47,137
05/17/2021,MHR,CA,AWP,WE,Federal Contract Tower,7,3,25,1,36,7,12,61,9,89,14,15,86,10,125,146,18,164,289
05/18/2021,MHR,CA,AWP,WE,Federal Contract Tower,14,1,24,5,44,14,16,74,11,115,28,17,98,16,159,48,12,60,219
05/19/2021,MHR,CA,AWP,WE,Federal Contract Tower,14,16,25,5,60,14,34,48,6,102,28,50,73,11,162,20,10,30,192
05/20/2021,MHR,CA,AWP,WE,Federal Contract Tower,13,3,32,4,52,13,29,58,17,117,26,32,90,21,169,24,20,44,213
05/21/2021,MHR,CA,AWP,WE,Federal Contract Tower,10,5,26,0,41,10,22,61,1,94,20,27,87,1,135,20,0,20,155
05/22/2021,MHR,CA,AWP,WE,Federal Contract Tower,2,6,11,0,19,2,17,70,1,90,4,23,81,1,109,126,0,126,235
05/23/2021,MHR,CA,AWP,WE,Federal Contract Tower,2,6,19,0,27,2,11,68,0,81,4,17,87,0,108,117,0,117,225
05/24/2021,MHR,CA,AWP,WE,Federal Contract Tower,4,4,20,7,35,4,15,68,14,101,8,19,88,21,136,46,28,74,210
05/25/2021,MHR,CA,AWP,WE,Federal Contract Tower,13,4,31,4,52,13,19,94,10,136,26,23,125,14,188,144,32,176,364
05/26/2021,MHR,CA,AWP,WE,Federal Contract Tower,14,4,34,14,66,14,26,93,23,156,28,30,127,37,222,166,30,196,418
05/27/2021,MHR,CA,AWP,WE,Federal Contract Tower,18,4,30,30,82,18,28,84,37,167,36,32,114,67,249,126,34,160,409
05/28/2021,MHR,CA,AWP,WE,Federal Contract Tower,9,0,28,2,39,9,21,86,2,118,18,21,114,4,157,90,0,90,247
05/29/2021,MHR,CA,AWP,WE,Federal Contract Tower,3,0,9,0,12,3,18,56,0,77,6,18,65,0,89,104,0,104,193
05/30/2021,MHR,CA,AWP,WE,Federal Contract Tower,0,2,14,0,16,0,12,60,5,77,0,14,74,5,93,124,0,124,217
05/31/2021,MHR,CA,AWP,WE,Federal Contract Tower,2,2,8,2,14,2,12,30,14,58,4,14,38,16,72,0,0,0,72
06/01/2021,MHR,CA,AWP,WE,Federal Contract Tower,8,6,29,11,54,8,29,73,13,123,16,35,102,24,177,74,0,74,251
06/02/2021,MHR,CA,AWP,WE,Federal Contract Tower,14,9,18,16,57,14,31,60,19,124,28,40,78,35,181,110,28,138,319
06/03/2021,MHR,CA,AWP,WE,Federal Contract Tower,14,0,20,8,42,14,26,75,18,133,28,26,95,26,175,132,30,162,337
06/04/2021,MHR,CA,AWP,WE,Federal Contract Tower,9,4,33,4,50,9,26,87,10,132,18,30,120,14,182,98,40,138,320
06/05/2021,MHR,CA,AWP,WE,Federal Contract Tower,2,0,7,0,9,2,23,46,0,71,4,23,53,0,80,114,0,114,194
06/06/2021,MHR,CA,AWP,WE,Federal Contract Tower,2,1,23,0,26,2,14,60,0,76,4,15,83,0,102,64,0,64,166
06/07/2021,MHR,CA,AWP,WE,Federal Contract Tower,4,5,18,5,32,4,22,60,10,96,8,27,78,15,128,56,0,56,184
06/08/2021,MHR,CA,AWP,WE,Federal Contract Tower,12,2,14,13,41,12,16,38,23,89,24,18,52,36,130,6,28,34,164
06/09/2021,MHR,CA,AWP,WE,Federal Contract Tower,15,7,34,13,69,15,26,83,15,139,30,33,117,28,208,74,18,92,300
06/10/2021,MHR,CA,AWP,WE,Federal Contract Tower,15,9,15,19,58,15,34,71,14,134,30,43,86,33,192,48,12,60,252
06/11/2021,MHR,CA,AWP,WE,Federal Contract Tower,10,1,15,2,28,10,19,60,9,98,20,20,75,11,126,78,4,82,208
06/12/2021,MHR,CA,AWP,WE,Federal Contract Tower,2,3,6,1,12,2,28,51,4,85,4,31,57,5,97,82,0,82,179
06/13/2021,MHR,CA,AWP,WE,Federal Contract Tower,2,0,11,1,14,2,10,52,2,66,4,10,63,3,80,56,0,56,136
06/14/2021,MHR,CA,AWP,WE,Federal Contract Tower,4,4,37,5,50,4,23,74,6,107,8,27,111,11,157,29,6,35,192
06/15/2021,MHR,CA,AWP,WE,Federal Contract Tower,14,2,31,17,64,14,24,58,11,107,28,26,89,28,171,58,22,80,251
06/16/2021,MHR,CA,AWP,WE,Federal Contract Tower,14,1,23,1,39,14,34,58,4,110,28,35,81,5,149,88,4,92,241
06/17/2021,MHR,CA,AWP,WE,Federal Contract Tower,14,4,16,2,36,14,28,45,5,92,28,32,61,7,128,82,0,82,210
06/18/2021,MHR,CA,AWP,WE,Federal Contract Tower,11,1,40,2,54,11,17,85,5,118,22,18,125,7,172,102,0,102,274
06/19/2021,MHR,CA,AWP,WE,Federal Contract Tower,2,9,11,2,24,2,31,43,6,82,4,40,54,8,106,16,0,16,122
06/20/2021,MHR,CA,AWP,WE,Federal Contract Tower,2,6,5,5,18,1,12,45,11,69,3,18,50,16,87,66,18,84,171
06/21/2021,MHR,CA,AWP,WE,Federal Contract Tower,4,6,22,15,47,4,23,49,0,76,8,29,71,15,123,39,6,45,168
06/22/2021,MHR,CA,AWP,WE,Federal Contract Tower,14,2,52,16,84,14,21,85,23,143,28,23,137,39,227,72,36,108,335
06/23/2021,MHR,CA,AWP,WE,Federal Contract Tower,16,4,54,9,83,16,30,111,25,182,32,34,165,34,265,18,26,44,309
06/24/2021,MHR,CA,AWP,WE,Federal Contract Tower,14,2,18,8,42,14,20,78,17,129,28,22,96,25,171,37,40,77,248
06/25/2021,MHR,CA,AWP,WE,Federal Contract Tower,9,4,39,12,64,9,34,64,20,127,18,38,103,32,191,36,48,84,275
06/26/2021,MHR,CA,AWP,WE,Federal Contract Tower,2,3,5,0,10,2,23,44,2,71,4,26,49,2,81,36,0,36,117
06/27/2021,MHR,CA,AWP,WE,Federal Contract Tower,2,1,35,2,40,2,11,80,6,99,4,12,115,8,139,38,22,60,199
06/28/2021,MHR,CA,AWP,WE,Federal Contract Tower,4,2,15,10,31,3,12,76,20,111,7,14,91,30,142,50,32,82,224
06/29/2021,MHR,CA,AWP,WE,Federal Contract Tower,13,1,21,7,42,13,23,65,14,115,26,24,86,21,157,56,12,68,225
06/30/2021,MHR,CA,AWP,WE,Federal Contract Tower,15,1,16,10,42,15,17,73,10,115,30,18,89,20,157,114,26,140,297
07/01/2021,MHR,CA,AWP,WE,Federal Contract Tower,15,1,24,14,54,15,26,76,17,134,30,27,100,31,188,88,16,104,292
07/02/2021,MHR,CA,AWP,WE,Federal Contract Tower,9,2,21,0,32,9,14,64,2,89,18,16,85,2,121,86,0,86,207
07/03/2021,MHR,CA,AWP,WE,Federal Contract Tower,2,5,10,0,17,2,19,68,0,89,4,24,78,0,106,56,0,56,162
07/04/2021,MHR,CA,AWP,WE,Federal Contract Tower,0,1,3,0,4,0,8,13,0,21,0,9,16,0,25,0,0,0,25
07/05/2021,MHR,CA,AWP,WE,Federal Contract Tower,1,4,21,2,28,1,18,72,2,93,2,22,93,4,121,56,22,78,199
07/06/2021,MHR,CA,AWP,WE,Federal Contract Tower,8,5,21,20,54,8,21,72,21,122,16,26,93,41,176,110,64,174,350
07/07/2021,MHR,CA,AWP,WE,Federal Contract Tower,13,10,39,11,73,13,29,90,13,145,26,39,129,24,218,114,36,150,368
07/08/2021,MHR,CA,AWP,WE,Federal Contract Tower,13,3,40,13,69,13,39,117,18,187,26,42,157,31,256,114,34,148,404
07/09/2021,MHR,CA,AWP,WE,Federal Contract Tower,9,0,19,3,31,9,16,78,8,111,18,16,97,11,142,78,6,84,226
07/10/2021,MHR,CA,AWP,WE,Federal Contract Tower,2,2,8,1,13,2,11,43,4,60,4,13,51,5,73,20,0,20,93
07/11/2021,MHR,CA,AWP,WE,Federal Contract Tower,2,0,19,0,21,2,4,80,3,89,4,4,99,3,110,2,6,8,118
07/12/2021,MHR,CA,AWP,WE,Federal Contract Tower,4,3,11,0,18,4,18,69,3,94,8,21,80,3,112,66,6,72,184
07/13/2021,MHR,CA,AWP,WE,Federal Contract Tower,12,3,29,9,53,12,29,60,10,111,24,32,89,19,164,88,34,122,286
07/14/2021,MHR,CA,AWP,WE,Federal Contract Tower,12,7,25,10,54,12,32,71,34,149,24,39,96,44,203,118,60,178,381
07/15/2021,MHR,CA,AWP,WE,Federal Contract Tower,11,8,27,11,57,11,35,68,21,135,22,43,95,32,192,142,46,188,380
07/16/2021,MHR,CA,AWP,WE,Federal Contract Tower,8,4,28,10,50,8,22,76,24,130,16,26,104,34,180,68,32,100,280
07/17/2021,MHR,CA,AWP,WE,Federal Contract Tower,2,0,21,1,24,2,16,59,9,86,4,16,80,10,110,72,0,72,182
07/18/2021,MHR,CA,AWP,WE,Federal Contract Tower,2,3,29,0,34,1,5,71,10,87,3,8,100,10,121,24,2,26,147
07/19/2021,MHR,CA,AWP,WE,Federal Contract Tower,4,8,19,10,41,4,28,73,33,138,8,36,92,43,179,48,16,64,243
07/20/2021,MHR,CA,AWP,WE,Federal Contract Tower,11,8,22,9,50,11,28,70,25,134,22,36,92,34,184,114,40,154,338
07/21/2021,MHR,CA,AWP,WE,Federal Contract Tower,9,14,19,14,56,9,41,61,41,152,18,55,80,55,208,62,28,90,298
07/22/2021,MHR,CA,AWP,WE,Federal Contract Tower,13,3,41,27,84,13,30,76,49,168,26,33,117,76,252,98,20,118,370
07/23/2021,MHR,CA,AWP,WE,Federal Contract Tower,10,2,16,10,38,10,23,47,25,105,20,25,63,35,143,64,32,96,239
07/24/2021,MHR,CA,AWP,WE,Federal Contract Tower,2,5,26,0,33,2,10,47,10,69,4,15,73,10,102,54,0,54,156
07/25/2021,MHR,CA,AWP,WE,Federal Contract Tower,2,2,30,3,37,2,9,62,19,92,4,11,92,22,129,56,0,56,185
07/26/2021,MHR,CA,AWP,WE,Federal Contract Tower,5,2,14,10,31,5,17,69,23,114,10,19,83,33,145,70,26,96,241
07/27/2021,MHR,CA,AWP,WE,Federal Contract Tower,12,7,17,9,45,12,23,47,21,103,24,30,64,30,148,90,14,104,252
07/28/2021,MHR,CA,AWP,WE,Federal Contract Tower,12,6,18,12,48,12,27,46,18,103,24,33,64,30,151,40,0,40,191
07/29/2021,MHR,CA,AWP,WE,Federal Contract Tower,12,6,32,12,62,12,28,85,17,142,24,34,117,29,204,86,52,138,342
07/31/2021,MHR,CA,AWP,WE,Federal Contract Tower,3,3,21,3,30,2,15,55,3,75,5,18,76,6,105,20,0,20,125
08/01/2021,MHR,CA,AWP,WE,Federal Contract Tower,4,0,23,2,29,4,8,49,3,64,8,8,72,5,93,32,0,32,125
08/02/2021,MHR,CA,AWP,WE,Federal Contract Tower,4,0,26,10,40,4,18,71,7,100,8,18,97,17,140,52,40,92,232
08/03/2021,MHR,CA,AWP,WE,Federal Contract Tower,10,1,10,16,37,10,20,61,28,119,20,21,71,44,156,106,52,158,314
08/04/2021,MHR,CA,AWP,WE,Federal Contract Tower,12,3,23,14,52,12,23,66,18,119,24,26,89,32,171,42,24,66,237
08/05/2021,MHR,CA,AWP,WE,Federal Contract Tower,12,11,31,10,64,12,31,61,28,132,24,42,92,38,196,42,68,110,306
08/06/2021,MHR,CA,AWP,WE,Federal Contract Tower,7,9,34,18,68,7,18,54,22,101,14,27,88,40,169,42,39,81,250
08/07/2021,MHR,CA,AWP,WE,Federal Contract Tower,2,4,11,16,33,2,13,23,23,61,4,17,34,39,94,18,8,26,120
08/08/2021,MHR,CA,AWP,WE,Federal Contract Tower,2,3,15,10,30,2,14,61,22,99,4,17,76,32,129,38,8,46,175
08/09/2021,MHR,CA,AWP,WE,Federal Contract Tower,6,1,26,41,74,6,30,98,53,187,12,31,124,94,261,107,68,175,436
08/10/2021,MHR,CA,AWP,WE,Federal Contract Tower,10,2,60,24,96,14,34,118,30,196,24,36,178,54,292,118,50,168,460
08/11/2021,MHR,CA,AWP,WE,Federal Contract Tower,12,3,46,14,75,12,27,104,20,163,24,30,150,34,238,132,32,164,402
08/12/2021,MHR,CA,AWP,WE,Federal Contract Tower,11,2,35,27,75,11,36,83,31,161,22,38,118,58,236,64,38,102,338
08/13/2021,MHR,CA,AWP,WE,Federal Contract Tower,8,8,22,17,55,8,23,66,26,123,16,31,88,43,178,84,44,128,306
08/14/2021,MHR,CA,AWP,WE,Federal Contract Tower,2,0,29,3,34,2,9,51,7,69,4,9,80,10,103,12,0,12,115
08/15/2021,MHR,CA,AWP,WE,Federal Contract Tower,3,6,14,1,24,3,15,55,2,75,6,21,69,3,99,34,0,34,133
08/16/2021,MHR,CA,AWP,WE,Federal Contract Tower,6,3,41,7,57,6,18,70,10,104,12,21,111,17,161,62,16,78,239
08/17/2021,MHR,CA,AWP,WE,Federal Contract Tower,18,4,29,9,60,18,37,72,11,138,36,41,101,20,198,44,20,64,262
08/18/2021,MHR,CA,AWP,WE,Federal Contract Tower,12,12,33,15,72,12,28,36,27,103,24,40,69,42,175,20,18,38,213
08/19/2021,MHR,CA,AWP,WE,Federal Contract Tower,12,4,25,10,51,12,26,65,17,120,24,30,90,27,171,110,46,156,327
08/20/2021,MHR,CA,AWP,WE,Federal Contract Tower,8,2,29,6,45,8,32,41,14,95,16,34,70,20,140,4,10,14,154
08/21/2021,MHR,CA,AWP,WE,Federal Contract Tower,2,5,13,1,21,2,12,32,14,60,4,17,45,15,81,18,8,26,107
08/22/2021,MHR,CA,AWP,WE,Federal Contract Tower,2,0,28,1,31,2,12,66,16,96,4,12,94,17,127,70,2,72,199
08/23/2021,MHR,CA,AWP,WE,Federal Contract Tower,6,3,26,0,35,6,27,65,14,112,12,30,91,14,147,106,0,106,253
08/24/2021,MHR,CA,AWP,WE,Federal Contract Tower,19,8,14,1,42,19,32,91,1,143,38,40,105,2,185,94,8,102,287
08/25/2021,MHR,CA,AWP,WE,Federal Contract Tower,12,20,24,6,62,12,50,72,17,151,24,70,96,23,213,42,46,88,301
08/26/2021,MHR,CA,AWP,WE,Federal Contract Tower,14,13,25,15,67,14,40,44,18,116,28,53,69,33,183,18,22,40,223
08/27/2021,MHR,CA,AWP,WE,Federal Contract Tower,11,9,25,3,48,11,24,57,17,109,22,33,82,20,157,70,14,84,241
08/28/2021,MHR,CA,AWP,WE,Federal Contract Tower,2,17,12,1,32,2,20,13,4,39,4,37,25,5,71,0,0,0,71
08/29/2021,MHR,CA,AWP,WE,Federal Contract Tower,2,8,40,0,50,2,12,68,6,88,4,20,108,6,138,14,0,14,152
08/30/2021,MHR,CA,AWP,WE,Federal Contract Tower,3,0,25,2,30,3,8,69,8,88,6,8,94,10,118,40,8,48,166
08/31/2021,MHR,CA,AWP,WE,Federal Contract Tower,12,4,20,7,43,12,12,79,15,118,24,16,99,22,161,0,0,0,161
09/01/2021,MHR,CA,AWP,WE,Federal Contract Tower,12,10,26,3,51,12,33,75,20,140,24,43,101,23,191,142,16,158,349
09/02/2021,MHR,CA,AWP,WE,Federal Contract Tower,12,5,15,3,35,12,37,64,20,133,24,42,79,23,168,54,50,104,272
09/03/2021,MHR,CA,AWP,WE,Federal Contract Tower,10,4,19,6,39,10,29,54,26,119,20,33,73,32,158,70,0,70,228
09/04/2021,MHR,CA,AWP,WE,Federal Contract Tower,2,3,15,1,21,2,19,28,7,56,4,22,43,8,77,4,0,4,81
09/05/2021,MHR,CA,AWP,WE,Federal Contract Tower,1,4,4,3,12,1,11,33,28,73,2,15,37,31,85,48,0,48,133
09/06/2021,MHR,CA,AWP,WE,Federal Contract Tower,1,4,19,0,24,1,10,40,14,65,2,14,59,14,89,0,0,0,89
09/07/2021,MHR,CA,AWP,WE,Federal Contract Tower,5,2,27,10,44,5,26,73,20,124,10,28,100,30,168,78,10,88,256
09/08/2021,MHR,CA,AWP,WE,Federal Contract Tower,11,11,19,24,65,11,33,52,50,146,22,44,71,74,211,64,54,118,329
09/09/2021,MHR,CA,AWP,WE,Federal Contract Tower,12,3,20,6,41,12,28,56,40,136,24,31,76,46,177,52,48,100,277
09/10/2021,MHR,CA,AWP,WE,Federal Contract Tower,12,9,23,10,54,12,38,49,23,122,24,47,72,33,176,26,42,68,244
09/11/2021,MHR,CA,AWP,WE,Federal Contract Tower,2,4,13,2,21,2,16,33,8,59,4,20,46,10,80,42,2,44,124
09/12/2021,MHR,CA,AWP,WE,Federal Contract Tower,2,0,27,3,32,2,8,62,20,92,4,8,89,23,124,40,10,50,174
09/13/2021,MHR,CA,AWP,WE,Federal Contract Tower,8,4,16,1,29,8,25,39,24,96,16,29,55,25,125,68,12,80,205
09/14/2021,MHR,CA,AWP,WE,Federal Contract Tower,12,9,28,12,61,12,27,63,22,124,24,36,91,34,185,42,26,68,253
09/15/2021,MHR,CA,AWP,WE,Federal Contract Tower,13,4,33,25,75,13,31,101,30,175,26,35,134,55,250,156,96,252,502
09/16/2021,MHR,CA,AWP,WE,Federal Contract Tower,12,9,28,17,66,12,36,70,29,147,24,45,98,46,213,74,42,116,329
09/17/2021,MHR,CA,AWP,WE,Federal Contract Tower,13,9,20,12,54,13,38,57,22,130,26,47,77,34,184,66,40,106,290
09/18/2021,MHR,CA,AWP,WE,Federal Contract Tower,2,7,17,1,27,2,19,39,4,64,4,26,56,5,91,0,2,2,93
09/19/2021,MHR,CA,AWP,WE,Federal Contract Tower,2,2,23,0,27,2,7,63,0,72,4,9,86,0,99,20,0,20,119
09/20/2021,MHR,CA,AWP,WE,Federal Contract Tower,4,5,17,6,32,4,19,47,10,80,8,24,64,16,112,0,6,6,118
09/21/2021,MHR,CA,AWP,WE,Federal Contract Tower,10,1,41,1,53,10,14,104,4,132,20,15,145,5,185,16,0,16,201
09/22/2021,MHR,CA,AWP,WE,Federal Contract Tower,11,3,21,1,36,11,15,81,14,121,22,18,102,15,157,0,0,0,157
09/23/2021,MHR,CA,AWP,WE,Federal Contract Tower,12,3,4,8,27,12,30,30,20,92,24,33,34,28,119,8,18,26,145
09/24/2021,MHR,CA,AWP,WE,Federal Contract Tower,10,3,4,4,21,10,26,43,12,91,20,29,47,16,112,10,6,16,128
09/25/2021,MHR,CA,AWP,WE,Federal Contract Tower,2,0,9,0,11,2,10,81,0,93,4,10,90,0,104,26,0,26,130
09/26/2021,MHR,CA,AWP,WE,Federal Contract Tower,2,1,5,0,8,2,15,71,2,90,4,16,76,2,98,0,0,0,98
09/27/2021,MHR,CA,AWP,WE,Federal Contract Tower,4,18,35,9,66,4,34,75,14,127,8,52,110,23,193,70,0,70,263
09/28/2021,MHR,CA,AWP,WE,Federal Contract Tower,11,11,24,7,53,11,30,50,12,103,22,41,74,19,156,6,14,20,176
09/29/2021,MHR,CA,AWP,WE,Federal Contract Tower,12,8,25,7,52,12,36,82,7,137,24,44,107,14,189,114,38,152,341
09/30/2021,MHR,CA,AWP,WE,Federal Contract Tower,12,4,24,10,50,12,32,70,15,129,24,36,94,25,179,84,46,130,309
10/01/2021,MHR,CA,AWP,WE,Federal Contract Tower,8,6,26,7,47,8,39,81,18,146,16,45,107,25,193,52,20,72,265
10/02/2021,MHR,CA,AWP,WE,Federal Contract Tower,2,6,16,1,25,2,17,38,9,66,4,23,54,10,91,16,0,16,107
10/03/2021,MHR,CA,AWP,WE,Federal Contract Tower,2,3,6,2,13,2,21,62,7,92,4,24,68,9,105,50,4,54,159
10/04/2021,MHR,CA,AWP,WE,Federal Contract Tower,5,1,22,15,43,5,26,59,16,106,10,27,81,31,149,66,18,84,233
10/05/2021,MHR,CA,AWP,WE,Federal Contract Tower,13,5,25,16,59,13,26,86,26,151,26,31,111,42,210,100,44,144,354
10/06/2021,MHR,CA,AWP,WE,Federal Contract Tower,13,4,23,19,59,13,35,43,24,115,26,39,66,43,174,48,28,76,250
10/07/2021,MHR,CA,AWP,WE,Federal Contract Tower,12,1,33,18,64,9,38,87,27,161,21,39,120,45,225,100,26,126,351
10/08/2021,MHR,CA,AWP,WE,Federal Contract Tower,7,4,22,7,40,7,36,50,11,104,14,40,72,18,144,28,28,56,200
10/10/2021,MHR,CA,AWP,WE,Federal Contract Tower,2,4,26,0,32,1,1,20,0,22,3,5,46,0,54,38,8,46,100
10/11/2021,MHR,CA,AWP,WE,Federal Contract Tower,4,0,12,0,16,4,12,16,0,32,8,12,28,0,48,0,0,0,48
10/12/2021,MHR,CA,AWP,WE,Federal Contract Tower,14,2,12,2,30,14,20,39,5,78,28,22,51,7,108,20,0,20,128
10/13/2021,MHR,CA,AWP,WE,Federal Contract Tower,16,7,24,3,50,16,27,93,12,148,32,34,117,15,198,106,8,114,312
10/14/2021,MHR,CA,AWP,WE,Federal Contract Tower,13,6,34,1,54,13,37,78,5,133,26,43,112,6,187,104,2,106,293
10/15/2021,MHR,CA,AWP,WE,Federal Contract Tower,10,6,17,9,42,9,36,86,14,145,19,42,103,23,187,84,30,114,301
10/16/2021,MHR,CA,AWP,WE,Federal Contract Tower,3,0,12,0,15,3,16,50,3,72,6,16,62,3,87,26,0,26,113
10/17/2021,MHR,CA,AWP,WE,Federal Contract Tower,2,6,23,2,33,2,17,48,5,72,4,23,71,7,105,16,2,18,123
10/18/2021,MHR,CA,AWP,WE,Federal Contract Tower,4,2,23,11,40,4,19,63,15,101,8,21,86,26,141,116,20,136,277
10/19/2021,MHR,CA,AWP,WE,Federal Contract Tower,11,4,24,8,47,11,21,59,12,103,22,25,83,20,150,64,36,100,250
10/20/2021,MHR,CA,AWP,WE,Federal Contract Tower,12,19,46,5,82,12,27,86,12,137,24,46,132,17,219,116,62,178,397
10/21/2021,MHR,CA,AWP,WE,Federal Contract Tower,12,25,21,4,62,12,59,27,11,109,24,84,48,15,171,24,10,34,205
10/23/2021,MHR,CA,AWP,WE,Federal Contract Tower,2,1,10,4,17,2,8,26,6,42,4,9,36,10,59,12,0,12,71
10/24/2021,MHR,CA,AWP,WE,Federal Contract Tower,2,1,9,0,12,2,1,9,0,12,4,2,18,0,24,0,0,0,24
10/25/2021,MHR,CA,AWP,WE,Federal Contract Tower,5,9,19,0,33,5,18,59,28,110,10,27,78,28,143,52,56,108,251
10/26/2021,MHR,CA,AWP,WE,Federal Contract Tower,12,3,19,7,41,12,21,37,9,79,24,24,56,16,120,48,24,72,192
10/27/2021,MHR,CA,AWP,WE,Federal Contract Tower,12,7,25,10,54,12,37,68,11,128,24,44,93,21,182,88,50,138,320
10/28/2021,MHR,CA,AWP,WE,Federal Contract Tower,12,8,23,12,55,12,33,47,25,117,24,41,70,37,172,24,32,56,228
10/29/2021,MHR,CA,AWP,WE,Federal Contract Tower,8,9,26,20,63,8,27,81,23,139,16,36,107,43,202,42,32,74,276
10/30/2021,MHR,CA,AWP,WE,Federal Contract Tower,2,7,28,0,37,2,17,43,0,62,4,24,71,0,99,20,0,20,119
10/31/2021,MHR,CA,AWP,WE,Federal Contract Tower,2,7,15,0,24,2,13,42,0,57,4,20,57,0,81,32,0,32,113
11/01/2021,MHR,CA,AWP,WE,Federal Contract Tower,3,8,39,19,69,3,9,55,19,86,6,17,94,38,155,8,54,62,217
11/02/2021,MHR,CA,AWP,WE,Federal Contract Tower,12,3,33,0,48,12,29,58,16,115,24,32,91,16,163,28,28,56,219
11/03/2021,MHR,CA,AWP,WE,Federal Contract Tower,13,11,17,4,45,13,25,53,9,100,26,36,70,13,145,44,18,62,207
11/04/2021,MHR,CA,AWP,WE,Federal Contract Tower,12,8,34,2,56,12,26,54,3,95,24,34,88,5,151,84,16,100,251
11/05/2021,MHR,CA,AWP,WE,Federal Contract Tower,9,4,19,19,51,9,30,76,32,147,18,34,95,51,198,36,34,70,268
11/06/2021,MHR,CA,AWP,WE,Federal Contract Tower,2,7,24,1,34,2,12,39,5,58,4,19,63,6,92,6,0,6,98
11/07/2021,MHR,CA,AWP,WE,Federal Contract Tower,2,2,19,1,24,2,6,51,2,61,4,8,70,3,85,18,0,18,103
11/08/2021,MHR,CA,AWP,WE,Federal Contract Tower,4,3,16,0,23,4,14,37,4,59,8,17,53,4,82,8,0,8,90
11/09/2021,MHR,CA,AWP,WE,Federal Contract Tower,14,15,17,0,46,14,26,26,3,69,28,41,43,3,115,24,0,24,139
11/10/2021,MHR,CA,AWP,WE,Federal Contract Tower,15,17,34,4,70,15,39,45,7,106,30,56,79,11,176,28,0,28,204
11/11/2021,MHR,CA,AWP,WE,Federal Contract Tower,13,7,15,2,37,13,19,32,2,66,26,26,47,4,103,30,0,30,133
11/12/2021,MHR,CA,AWP,WE,Federal Contract Tower,9,11,44,0,64,9,26,81,0,116,18,37,125,0,180,68,0,68,248
11/13/2021,MHR,CA,AWP,WE,Federal Contract Tower,3,5,25,0,33,3,5,27,0,35,6,10,52,0,68,0,0,0,68
11/14/2021,MHR,CA,AWP,WE,Federal Contract Tower,2,6,13,0,21,2,8,14,0,24,4,14,27,0,45,0,0,0,45
11/15/2021,MHR,CA,AWP,WE,Federal Contract Tower,4,16,19,0,39,4,16,22,0,42,8,32,41,0,81,0,0,0,81
11/16/2021,MHR,CA,AWP,WE,Federal Contract Tower,9,14,23,2,48,9,21,50,10,90,18,35,73,12,138,38,54,92,230
11/17/2021,MHR,CA,AWP,WE,Federal Contract Tower,12,18,33,6,69,12,30,44,9,95,24,48,77,15,164,52,16,68,232
11/18/2021,MHR,CA,AWP,WE,Federal Contract Tower,12,7,20,16,55,12,33,65,19,129,24,40,85,35,184,58,44,102,286
11/19/2021,MHR,CA,AWP,WE,Federal Contract Tower,9,8,36,9,62,9,22,44,9,84,18,30,80,18,146,34,2,36,182
11/20/2021,MHR,CA,AWP,WE,Federal Contract Tower,1,6,23,0,30,1,16,41,0,58,2,22,64,0,88,24,0,24,112
11/21/2021,MHR,CA,AWP,WE,Federal Contract Tower,3,2,13,2,20,3,7,40,2,52,6,9,53,4,72,40,0,40,112
11/22/2021,MHR,CA,AWP,WE,Federal Contract Tower,6,8,13,10,37,6,22,65,11,104,12,30,78,21,141,102,34,136,277
11/23/2021,MHR,CA,AWP,WE,Federal Contract Tower,25,4,25,3,57,25,16,75,8,124,50,20,100,11,181,78,16,94,275
11/24/2021,MHR,CA,AWP,WE,Federal Contract Tower,22,6,20,1,49,22,27,81,2,132,44,33,101,3,181,80,2,82,263
11/25/2021,MHR,CA,AWP,WE,Federal Contract Tower,5,1,2,0,8,5,6,11,0,22,10,7,13,0,30,10,0,10,40
11/26/2021,MHR,CA,AWP,WE,Federal Contract Tower,11,9,13,5,38,11,38,29,9,87,22,47,42,14,125,8,8,16,141
11/27/2021,MHR,CA,AWP,WE,Federal Contract Tower,2,4,26,7,39,2,12,48,1,63,4,16,74,8,102,4,0,4,106
11/28/2021,MHR,CA,AWP,WE,Federal Contract Tower,4,7,29,0,40,3,8,67,4,82,7,15,96,4,122,15,4,19,141
11/29/2021,MHR,CA,AWP,WE,Federal Contract Tower,5,10,30,19,64,5,27,79,21,132,10,37,109,40,196,58,70,128,324
11/30/2021,MHR,CA,AWP,WE,Federal Contract Tower,22,7,42,11,82,22,32,83,12,149,44,39,125,23,231,88,32,120,351
12/01/2021,MHR,CA,AWP,WE,Federal Contract Tower,26,8,29,11,74,26,38,62,13,139,52,46,91,24,213,122,24,146,359
12/02/2021,MHR,CA,AWP,WE,Federal Contract Tower,27,10,47,4,88,27,42,83,14,166,54,52,130,18,254,98,54,152,406
12/04/2021,MHR,CA,AWP,WE,Federal Contract Tower,5,15,38,0,58,5,15,38,0,58,10,30,76,0,116,0,0,0,116
12/05/2021,MHR,CA,AWP,WE,Federal Contract Tower,4,17,17,1,39,4,9,25,2,40,8,26,42,3,79,0,0,0,79
12/06/2021,MHR,CA,AWP,WE,Federal Contract Tower,6,23,27,12,68,7,26,30,14,77,13,49,57,26,145,0,0,0,145
12/07/2021,MHR,CA,AWP,WE,Federal Contract Tower,24,24,28,12,88,24,24,30,12,90,48,48,58,24,178,0,0,0,178
12/08/2021,MHR,CA,AWP,WE,Federal Contract Tower,24,24,25,4,77,24,27,27,14,92,48,51,52,18,169,4,12,16,185
12/09/2021,MHR,CA,AWP,WE,Federal Contract Tower,24,12,41,5,82,24,29,70,6,129,48,41,111,11,211,82,20,102,313
12/10/2021,MHR,CA,AWP,WE,Federal Contract Tower,17,8,36,2,63,17,28,82,8,135,34,36,118,10,198,48,8,56,254
12/11/2021,MHR,CA,AWP,WE,Federal Contract Tower,2,4,27,0,33,2,13,81,0,96,4,17,108,0,129,58,2,60,189
12/12/2021,MHR,CA,AWP,WE,Federal Contract Tower,5,7,9,0,21,5,16,14,0,35,10,23,23,0,56,0,0,0,56
12/13/2021,MHR,CA,AWP,WE,Federal Contract Tower,5,0,8,0,13,5,0,8,0,13,10,0,16,0,26,0,0,0,26
12/15/2021,MHR,CA,AWP,WE,Federal Contract Tower,29,8,18,7,62,29,15,27,8,79,58,23,45,15,141,10,4,14,155
12/16/2021,MHR,CA,AWP,WE,Federal Contract Tower,23,24,26,10,83,23,47,48,15,133,46,71,74,25,216,98,20,118,334
12/17/2021,MHR,CA,AWP,WE,Federal Contract Tower,28,13,25,3,69,28,28,33,3,92,56,41,58,6,161,2,0,2,163
12/18/2021,MHR,CA,AWP,WE,Federal Contract Tower,25,9,27,0,61,25,9,30,0,64,50,18,57,0,125,2,0,2,127
12/19/2021,MHR,CA,AWP,WE,Federal Contract Tower,19,9,23,0,51,20,9,27,0,56,39,18,50,0,107,58,0,58,165
12/20/2021,MHR,CA,AWP,WE,Federal Contract Tower,18,16,23,0,57,18,21,31,1,71,36,37,54,1,128,2,8,10,138
12/21/2021,MHR,CA,AWP,WE,Federal Contract Tower,24,16,22,12,74,24,17,31,12,84,48,33,53,24,158,66,30,96,254
12/22/2021,MHR,CA,AWP,WE,Federal Contract Tower,28,17,22,5,72,28,19,22,2,71,56,36,44,7,143,22,0,22,165
12/23/2021,MHR,CA,AWP,WE,Federal Contract Tower,28,21,14,0,63,28,33,16,0,77,56,54,30,0,140,8,0,8,148
12/24/2021,MHR,CA,AWP,WE,Federal Contract Tower,14,20,6,2,42,14,37,7,2,60,28,57,13,4,102,2,0,2,104
12/25/2021,MHR,CA,AWP,WE,Federal Contract Tower,0,5,0,0,5,0,5,0,0,5,0,10,0,0,10,0,0,0,10
12/26/2021,MHR,CA,AWP,WE,Federal Contract Tower,2,3,15,0,20,2,11,17,0,30,4,14,32,0,50,8,0,8,58
12/27/2021,MHR,CA,AWP,WE,Federal Contract Tower,7,15,30,0,52,7,20,38,6,71,14,35,68,6,123,14,12,26,149
12/28/2021,MHR,CA,AWP,WE,Federal Contract Tower,20,16,24,5,65,20,27,41,5,93,40,43,65,10,158,36,10,46,204
12/29/2021,MHR,CA,AWP,WE,Federal Contract Tower,25,17,9,1,52,25,17,9,3,54,50,34,18,4,106,0,6,6,112
12/30/2021,MHR,CA,AWP,WE,Federal Contract Tower,19,10,18,4,51,19,41,46,4,110,38,51,64,8,161,92,26,118,279
12/31/2021,MHR,CA,AWP,WE,Federal Contract Tower,12,15,10,0,37,12,24,19,0,55,24,39,29,0,92,14,0,14,106
01/01/2022,MHR,CA,AWP,WE,Federal Contract Tower,0,0,8,0,8,0,8,26,0,34,0,8,34,0,42,32,0,32,74
01/02/2022,MHR,CA,AWP,WE,Federal Contract Tower,2,5,28,0,35,2,18,57,0,77,4,23,85,0,112,96,0,96,208
01/03/2022,MHR,CA,AWP,WE,Federal Contract Tower,4,7,9,3,23,4,22,24,3,53,8,29,33,6,76,48,0,48,124
01/04/2022,MHR,CA,AWP,WE,Federal Contract Tower,13,17,9,2,41,13,21,25,0,59,26,38,34,2,100,48,28,76,176
01/05/2022,MHR,CA,AWP,WE,Federal Contract Tower,26,26,17,18,87,26,30,25,18,99,52,56,42,36,186,2,12,14,200
01/06/2022,MHR,CA,AWP,WE,Federal Contract Tower,13,21,23,1,58,13,22,19,0,54,26,43,42,1,112,0,0,0,112
01/07/2022,MHR,CA,AWP,WE,Federal Contract Tower,9,21,22,10,62,9,25,25,10,69,18,46,47,20,131,0,0,0,131
01/08/2022,MHR,CA,AWP,WE,Federal Contract Tower,2,1,17,0,20,0,8,41,8,57,2,9,58,8,77,20,0,20,97
01/09/2022,MHR,CA,AWP,WE,Federal Contract Tower,2,1,18,2,23,0,12,35,1,48,2,13,53,3,71,80,0,80,151
01/10/2022,MHR,CA,AWP,WE,Federal Contract Tower,5,18,25,13,61,5,33,48,7,93,10,51,73,20,154,90,8,98,252
01/11/2022,MHR,CA,AWP,WE,Federal Contract Tower,12,8,12,32,64,12,42,31,11,96,24,50,43,43,160,124,50,174,334
01/12/2022,MHR,CA,AWP,WE,Federal Contract Tower,10,19,15,13,57,8,40,38,14,100,18,59,53,27,157,108,56,164,321
01/13/2022,MHR,CA,AWP,WE,Federal Contract Tower,14,7,21,5,47,0,30,59,10,99,14,37,80,15,146,116,26,142,288
01/14/2022,MHR,CA,AWP,WE,Federal Contract Tower,8,2,26,6,42,6,21,37,3,67,14,23,63,9,109,34,14,48,157
01/15/2022,MHR,CA,AWP,WE,Federal Contract Tower,2,8,7,0,17,0,1,8,0,9,2,9,15,0,26,0,0,0,26
01/16/2022,MHR,CA,AWP,WE,Federal Contract Tower,2,6,22,0,30,0,9,23,0,32,2,15,45,0,62,88,0,88,150
01/17/2022,MHR,CA,AWP,WE,Federal Contract Tower,4,2,20,0,26,0,35,55,0,90,4,37,75,0,116,86,0,86,202
01/18/2022,MHR,CA,AWP,WE,Federal Contract Tower,11,7,11,2,31,0,22,39,1,62,11,29,50,3,93,122,0,122,215
01/19/2022,MHR,CA,AWP,WE,Federal Contract Tower,13,14,20,11,58,0,41,44,11,96,13,55,64,22,154,120,38,158,312
01/20/2022,MHR,CA,AWP,WE,Federal Contract Tower,14,12,44,11,81,0,29,61,21,111,14,41,105,32,192,110,100,210,402
01/21/2022,MHR,CA,AWP,WE,Federal Contract Tower,8,3,17,6,34,0,16,13,9,38,8,19,30,15,72,10,4,14,86
01/22/2022,MHR,CA,AWP,WE,Federal Contract Tower,4,1,3,7,15,0,5,23,1,29,4,6,26,8,44,6,6,12,56
01/23/2022,MHR,CA,AWP,WE,Federal Contract Tower,1,8,28,6,43,0,10,48,15,73,1,18,76,21,116,86,30,116,232
01/24/2022,MHR,CA,AWP,WE,Federal Contract Tower,23,9,14,0,46,0,28,49,4,81,23,37,63,4,127,144,30,174,301
01/25/2022,MHR,CA,AWP,WE,Federal Contract Tower,27,7,34,13,81,1,23,44,4,72,28,30,78,17,153,66,24,90,243
01/26/2022,MHR,CA,AWP,WE,Federal Contract Tower,18,9,24,9,60,0,21,56,4,81,18,30,80,13,141,54,12,66,207
01/27/2022,MHR,CA,AWP,WE,Federal Contract Tower,19,7,16,10,52,0,37,52,9,98,19,44,68,19,150,90,42,132,282
01/28/2022,MHR,CA,AWP,WE,Federal Contract Tower,9,3,28,25,65,0,22,51,4,77,9,25,79,29,142,108,48,156,298
01/29/2022,MHR,CA,AWP,WE,Federal Contract Tower,2,5,37,2,46,0,15,36,0,51,2,20,73,2,97,62,0,62,159
01/30/2022,MHR,CA,AWP,WE,Federal Contract Tower,2,7,38,0,47,0,4,20,0,24,2,11,58,0,71,54,0,54,125
01/31/2022,MHR,CA,AWP,WE,Federal Contract Tower,3,11,39,15,68,0,33,51,6,90,3,44,90,21,158,104,46,150,308
02/01/2022,MHR,CA,AWP,WE,Federal Contract Tower,11,3,15,0,29,0,20,16,11,47,11,23,31,11,76,4,0,4,80
02/02/2022,MHR,CA,AWP,WE,Federal Contract Tower,11,9,15,1,36,0,21,16,2,39,11,30,31,3,75,6,0,6,81
02/03/2022,MHR,CA,AWP,WE,Federal Contract Tower,7,7,32,14,60,0,10,38,7,55,7,17,70,21,115,84,42,126,241
02/04/2022,MHR,CA,AWP,WE,Federal Contract Tower,5,4,39,3,51,0,14,40,5,59,5,18,79,8,110,64,22,86,196
02/05/2022,MHR,CA,AWP,WE,Federal Contract Tower,2,3,20,0,25,0,3,38,12,53,2,6,58,12,78,76,2,78,156
02/06/2022,MHR,CA,AWP,WE,Federal Contract Tower,2,1,22,0,25,0,11,32,0,43,2,12,54,0,68,56,0,56,124
02/07/2022,MHR,CA,AWP,WE,Federal Contract Tower,10,12,21,19,62,0,29,39,8,76,10,41,60,27,138,64,34,98,236
02/08/2022,MHR,CA,AWP,WE,Federal Contract Tower,13,12,21,19,65,0,33,44,9,86,13,45,65,28,151,64,34,98,249
02/09/2022,MHR,CA,AWP,WE,Federal Contract Tower,11,6,35,8,60,0,20,44,5,69,11,26,79,13,129,72,26,98,227
02/10/2022,MHR,CA,AWP,WE,Federal Contract Tower,13,5,17,17,52,0,26,41,10,77,13,31,58,27,129,58,40,98,227
02/11/2022,MHR,CA,AWP,WE,Federal Contract Tower,9,1,30,7,47,0,21,58,4,83,9,22,88,11,130,44,36,80,210
02/12/2022,MHR,CA,AWP,WE,Federal Contract Tower,4,5,19,2,30,0,11,28,3,42,4,16,47,5,72,46,22,68,140
02/13/2022,MHR,CA,AWP,WE,Federal Contract Tower,2,1,10,2,15,0,7,24,2,33,2,8,34,4,48,26,2,28,76
02/14/2022,MHR,CA,AWP,WE,Federal Contract Tower,4,1,19,1,25,0,10,43,4,57,4,11,62,5,82,48,30,78,160
02/15/2022,MHR,CA,AWP,WE,Federal Contract Tower,11,7,17,1,36,0,15,14,7,36,11,22,31,8,72,2,10,12,84
02/16/2022,MHR,CA,AWP,WE,Federal Contract Tower,13,14,17,5,49,0,26,35,13,74,13,40,52,18,123,56,44,100,223
02/17/2022,MHR,CA,AWP,WE,Federal Contract Tower,11,11,21,8,51,0,13,74,6,93,11,24,95,14,144,102,20,122,266
02/18/2022,MHR,CA,AWP,WE,Federal Contract Tower,11,8,34,15,68,0,16,94,6,116,11,24,128,21,184,78,56,134,318
02/19/2022,MHR,CA,AWP,WE,Federal Contract Tower,2,6,21,2,31,0,6,33,0,39,2,12,54,2,70,36,0,36,106
02/20/2022,MHR,CA,AWP,WE,Federal Contract Tower,1,1,26,1,29,0,9,17,0,26,1,10,43,1,55,50,0,50,105
02/21/2022,MHR,CA,AWP,WE,Federal Contract Tower,4,3,16,1,24,0,7,16,0,23,4,10,32,1,47,14,0,14,61
02/22/2022,MHR,CA,AWP,WE,Federal Contract Tower,11,5,19,4,39,0,14,19,0,33,11,19,38,4,72,40,14,54,126
02/23/2022,MHR,CA,AWP,WE,Federal Contract Tower,12,5,15,12,44,0,30,30,4,64,12,35,45,16,108,112,38,150,258
02/24/2022,MHR,CA,AWP,WE,Federal Contract Tower,11,4,19,8,42,0,10,64,7,81,11,14,83,15,123,138,26,164,287
02/25/2022,MHR,CA,AWP,WE,Federal Contract Tower,10,1,33,14,58,0,20,66,5,91,10,21,99,19,149,88,33,121,270
02/26/2022,MHR,CA,AWP,WE,Federal Contract Tower,1,4,14,1,20,0,13,18,0,31,1,17,32,1,51,94,0,94,145
02/27/2022,MHR,CA,AWP,WE,Federal Contract Tower,2,1,15,0,18,0,3,38,1,42,2,4,53,1,60,78,0,78,138
02/28/2022,MHR,CA,AWP,WE,Federal Contract Tower,4,4,24,10,42,0,9,63,0,72,4,13,87,10,114,104,0,104,218
03/01/2022,MHR,CA,AWP,WE,Federal Contract Tower,12,5,22,10,49,0,9,54,7,70,12,14,76,17,119,160,36,196,315
03/02/2022,MHR,CA,AWP,WE,Federal Contract Tower,12,9,23,6,50,0,20,46,9,75,12,29,69,15,125,122,44,166,291
03/03/2022,MHR,CA,AWP,WE,Federal Contract Tower,11,9,26,21,67,0,18,27,4,49,11,27,53,25,116,74,92,166,282
03/04/2022,MHR,CA,AWP,WE,Federal Contract Tower,9,5,23,12,49,0,15,39,3,57,9,20,62,15,106,70,50,120,226
03/05/2022,MHR,CA,AWP,WE,Federal Contract Tower,2,3,8,2,15,0,7,25,1,33,2,10,33,3,48,14,0,14,62
03/06/2022,MHR,CA,AWP,WE,Federal Contract Tower,3,5,12,3,23,0,6,40,0,46,3,11,52,3,69,44,0,44,113
03/07/2022,MHR,CA,AWP,WE,Federal Contract Tower,6,2,11,0,19,0,9,18,1,28,6,11,29,1,47,12,2,14,61
03/08/2022,MHR,CA,AWP,WE,Federal Contract Tower,14,2,32,8,56,0,9,52,4,65,14,11,84,12,121,183,29,212,333
03/09/2022,MHR,CA,AWP,WE,Federal Contract Tower,13,9,16,6,44,0,15,46,8,69,13,24,62,14,113,106,0,106,219
03/10/2022,MHR,CA,AWP,WE,Federal Contract Tower,13,8,15,6,42,0,17,15,3,35,13,25,30,9,77,0,2,2,79
03/11/2022,MHR,CA,AWP,WE,Federal Contract Tower,9,8,26,7,50,0,18,67,3,88,9,26,93,10,138,132,12,144,282
03/12/2022,MHR,CA,AWP,WE,Federal Contract Tower,2,0,31,6,39,0,12,29,0,41,2,12,60,6,80,34,0,34,114
03/13/2022,MHR,CA,AWP,WE,Federal Contract Tower,2,11,20,2,35,0,2,31,3,36,2,13,51,5,71,28,0,28,99
03/14/2022,MHR,CA,AWP,WE,Federal Contract Tower,4,7,17,5,33,0,7,56,5,68,4,14,73,10,101,184,58,242,343
03/15/2022,MHR,CA,AWP,WE,Federal Contract Tower,14,15,23,12,64,1,5,6,2,14,15,20,29,14,78,80,38,118,196
03/16/2022,MHR,CA,AWP,WE,Federal Contract Tower,12,14,25,3,54,0,24,61,6,91,12,38,86,9,145,138,30,168,313
03/17/2022,MHR,CA,AWP,WE,Federal Contract Tower,13,12,34,12,71,0,12,68,4,84,13,24,102,16,155,116,46,162,317
03/18/2022,MHR,CA,AWP,WE,Federal Contract Tower,12,1,27,9,49,0,16,59,5,80,12,17,86,14,129,130,32,162,291
03/19/2022,MHR,CA,AWP,WE,Federal Contract Tower,2,1,24,0,27,0,10,5,1,16,2,11,29,1,43,4,0,4,47
03/20/2022,MHR,CA,AWP,WE,Federal Contract Tower,1,1,24,5,31,0,4,9,9,22,1,5,33,14,53,8,4,12,65
03/21/2022,MHR,CA,AWP,WE,Federal Contract Tower,5,3,12,11,31,0,7,39,3,49,5,10,51,14,80,84,28,112,192
03/22/2022,MHR,CA,AWP,WE,Federal Contract Tower,12,4,14,1,31,0,33,54,1,88,12,37,68,2,119,130,0,130,249
03/23/2022,MHR,CA,AWP,WE,Federal Contract Tower,12,11,37,7,67,0,11,56,3,70,12,22,93,10,137,182,22,204,341
03/24/2022,MHR,CA,AWP,WE,Federal Contract Tower,12,2,19,1,34,0,17,52,3,72,12,19,71,4,106,150,24,174,280
03/25/2022,MHR,CA,AWP,WE,Federal Contract Tower,9,3,27,7,46,0,13,87,3,103,9,16,114,10,149,108,20,128,277
03/26/2022,MHR,CA,AWP,WE,Federal Contract Tower,2,0,17,1,20,0,8,20,0,28,2,8,37,1,48,30,0,30,78
03/27/2022,MHR,CA,AWP,WE,Federal Contract Tower,2,2,27,0,31,0,0,20,0,20,2,2,47,0,51,26,0,26,77
03/28/2022,MHR,CA,AWP,WE,Federal Contract Tower,4,1,17,13,35,0,12,20,2,34,4,13,37,15,69,12,0,12,81
03/29/2022,MHR,CA,AWP,WE,Federal Contract Tower,12,4,14,3,33,0,2,35,6,43,12,6,49,9,76,100,18,118,194
03/30/2022,MHR,CA,AWP,WE,Federal Contract Tower,11,7,25,10,53,0,15,24,10,49,11,22,49,20,102,66,18,84,186
03/31/2022,MHR,CA,AWP,WE,Federal Contract Tower,12,15,15,2,44,0,21,55,4,80,12,36,70,6,124,150,14,164,288
04/01/2022,MHR,CA,AWP,WE,Federal Contract Tower,9,4,32,0,45,0,25,46,2,73,9,29,78,2,118,130,18,148,266
04/02/2022,MHR,CA,AWP,WE,Federal Contract Tower,2,0,21,0,23,0,3,29,2,34,2,3,50,2,57,18,18,36,93
04/03/2022,MHR,CA,AWP,WE,Federal Contract Tower,1,0,21,0,22,0,0,24,0,24,1,0,45,0,46,22,0,22,68
04/04/2022,MHR,CA,AWP,WE,Federal Contract Tower,4,1,22,4,31,0,17,60,6,83,4,18,82,10,114,108,22,130,244
04/05/2022,MHR,CA,AWP,WE,Federal Contract Tower,13,2,21,9,45,0,8,32,6,46,13,10,53,15,91,57,36,93,184
04/06/2022,MHR,CA,AWP,WE,Federal Contract Tower,12,2,62,4,80,0,19,52,14,85,12,21,114,18,165,112,14,126,291
04/07/2022,MHR,CA,AWP,WE,Federal Contract Tower,12,10,44,30,96,0,19,49,3,71,12,29,93,33,167,90,42,132,299
04/08/2022,MHR,CA,AWP,WE,Federal Contract Tower,8,2,32,7,49,0,18,60,3,81,8,20,92,10,130,168,0,168,298
04/09/2022,MHR,CA,AWP,WE,Federal Contract Tower,2,0,16,0,18,0,9,7,3,19,2,9,23,3,37,8,0,8,45
04/10/2022,MHR,CA,AWP,WE,Federal Contract Tower,2,3,13,0,18,0,3,22,0,25,2,6,35,0,43,8,0,8,51
04/11/2022,MHR,CA,AWP,WE,Federal Contract Tower,4,0,34,0,38,0,5,6,0,11,4,5,40,0,49,0,0,0,49
04/12/2022,MHR,CA,AWP,WE,Federal Contract Tower,10,0,30,9,49,0,11,51,0,62,10,11,81,9,111,102,26,128,239
04/13/2022,MHR,CA,AWP,WE,Federal Contract Tower,13,7,34,5,59,0,23,53,2,78,13,30,87,7,137,109,30,139,276
04/14/2022,MHR,CA,AWP,WE,Federal Contract Tower,9,13,11,1,34,0,1,15,4,20,9,14,26,5,54,0,10,10,64
04/15/2022,MHR,CA,AWP,WE,Federal Contract Tower,8,1,40,6,55,0,13,53,3,69,8,14,93,9,124,50,10,60,184
04/16/2022,MHR,CA,AWP,WE,Federal Contract Tower,2,5,10,0,17,0,3,9,0,12,2,8,19,0,29,0,0,0,29
04/17/2022,MHR,CA,AWP,WE,Federal Contract Tower,2,0,20,0,22,0,2,27,0,29,2,2,47,0,51,0,0,0,51
04/18/2022,MHR,CA,AWP,WE,Federal Contract Tower,5,4,21,6,36,0,3,37,1,41,5,7,58,7,77,126,10,136,213
04/19/2022,MHR,CA,AWP,WE,Federal Contract Tower,12,7,22,1,42,0,7,33,4,44,12,14,55,5,86,22,0,22,108
04/20/2022,MHR,CA,AWP,WE,Federal Contract Tower,13,12,31,8,64,0,18,45,5,68,13,30,76,13,132,34,32,66,198
04/21/2022,MHR,CA,AWP,WE,Federal Contract Tower,12,8,19,0,39,0,5,4,0,9,12,13,23,0,48,0,0,0,48
04/22/2022,MHR,CA,AWP,WE,Federal Contract Tower,6,5,28,3,42,0,20,53,8,81,6,25,81,11,123,84,2,86,209
04/23/2022,MHR,CA,AWP,WE,Federal Contract Tower,2,4,43,1,50,0,20,31,8,59,2,24,74,9,109,8,0,8,117
04/24/2022,MHR,CA,AWP,WE,Federal Contract Tower,2,3,23,1,29,0,2,24,7,33,2,5,47,8,62,12,4,16,78
04/25/2022,MHR,CA,AWP,WE,Federal Contract Tower,4,1,27,5,37,0,8,55,4,67,4,9,82,9,104,110,0,110,214
04/26/2022,MHR,CA,AWP,WE,Federal Contract Tower,14,2,34,13,63,1,11,50,7,69,15,13,84,20,132,111,36,147,279
04/27/2022,MHR,CA,AWP,WE,Federal Contract Tower,16,8,33,7,64,0,16,49,20,85,16,24,82,27,149,100,36,136,285
04/28/2022,MHR,CA,AWP,WE,Federal Contract Tower,13,12,29,9,63,0,18,74,10,102,13,30,103,19,165,144,26,170,335
04/29/2022,MHR,CA,AWP,WE,Federal Contract Tower,8,8,30,8,54,0,27,39,5,71,8,35,69,13,125,52,2,54,179
04/30/2022,MHR,CA,AWP,WE,Federal Contract Tower,2,2,23,6,33,0,17,36,0,53,2,19,59,6,86,56,10,66,152
05/01/2022,MHR,CA,AWP,WE,Federal Contract Tower,2,2,22,2,28,0,0,14,0,14,2,2,36,2,42,2,0,2,44
05/02/2022,MHR,CA,AWP,WE,Federal Contract Tower,3,7,16,4,30,0,0,2,0,2,3,7,18,4,32,60,6,66,98
05/03/2022,MHR,CA,AWP,WE,Federal Contract Tower,11,1,19,3,34,0,17,23,3,43,11,18,42,6,77,24,0,24,101
05/04/2022,MHR,CA,AWP,WE,Federal Contract Tower,10,6,26,3,45,0,18,52,2,72,10,24,78,5,117,120,18,138,255
05/05/2022,MHR,CA,AWP,WE,Federal Contract Tower,14,7,18,9,48,0,22,51,10,83,14,29,69,19,131,92,26,118,249
05/06/2022,MHR,CA,AWP,WE,Federal Contract Tower,11,6,35,6,58,0,26,62,7,95,11,32,97,13,153,76,4,80,233
05/07/2022,MHR,CA,AWP,WE,Federal Contract Tower,3,0,25,0,28,0,12,29,2,43,3,12,54,2,71,20,0,20,91
05/08/2022,MHR,CA,AWP,WE,Federal Contract Tower,2,4,11,0,17,0,4,6,0,10,2,8,17,0,27,10,0,10,37
05/09/2022,MHR,CA,AWP,WE,Federal Contract Tower,4,8,37,7,56,0,7,31,10,48,4,15,68,17,104,96,46,142,246
05/10/2022,MHR,CA,AWP,WE,Federal Contract Tower,11,12,13,2,38,0,5,31,3,39,11,17,44,5,77,26,4,30,107
05/11/2022,MHR,CA,AWP,WE,Federal Contract Tower,12,16,17,3,48,0,21,65,6,92,12,37,82,9,140,68,10,78,218
05/12/2022,MHR,CA,AWP,WE,Federal Contract Tower,12,9,39,2,62,0,33,41,8,82,12,42,80,10,144,84,2,86,230
05/13/2022,MHR,CA,AWP,WE,Federal Contract Tower,10,10,16,0,36,0,26,48,4,78,10,36,64,4,114,72,4,76,190
05/14/2022,MHR,CA,AWP,WE,Federal Contract Tower,2,1,12,4,19,0,11,33,6,50,2,12,45,10,69,4,0,4,73
05/15/2022,MHR,CA,AWP,WE,Federal Contract Tower,2,5,22,2,31,0,15,26,0,41,2,20,48,2,72,2,0,2,74
05/16/2022,MHR,CA,AWP,WE,Federal Contract Tower,3,10,21,0,34,0,15,60,1,76,3,25,81,1,110,148,12,160,270
05/17/2022,MHR,CA,AWP,WE,Federal Contract Tower,12,7,42,7,68,0,8,66,0,74,12,15,108,7,142,112,10,122,264
05/18/2022,MHR,CA,AWP,WE,Federal Contract Tower,14,21,25,11,71,0,20,37,13,70,14,41,62,24,141,74,26,100,241
05/19/2022,MHR,CA,AWP,WE,Federal Contract Tower,13,15,14,4,46,0,30,28,10,68,13,45,42,14,114,26,24,50,164
05/20/2022,MHR,CA,AWP,WE,Federal Contract Tower,9,9,5,5,28,0,8,19,3,30,9,17,24,8,58,0,4,4,62
05/21/2022,MHR,CA,AWP,WE,Federal Contract Tower,2,2,23,0,27,0,10,69,6,85,2,12,92,6,112,12,14,26,138
05/22/2022,MHR,CA,AWP,WE,Federal Contract Tower,2,4,17,0,23,0,7,23,1,31,2,11,40,1,54,22,2,24,78
05/23/2022,MHR,CA,AWP,WE,Federal Contract Tower,1,10,24,1,36,0,6,41,3,50,1,16,65,4,86,100,22,122,208
05/24/2022,MHR,CA,AWP,WE,Federal Contract Tower,10,11,41,7,69,0,22,57,10,89,10,33,98,17,158,168,10,178,336
05/25/2022,MHR,CA,AWP,WE,Federal Contract Tower,12,14,25,0,51,0,19,60,1,80,12,33,85,1,131,196,10,206,337
05/26/2022,MHR,CA,AWP,WE,Federal Contract Tower,11,12,31,9,63,0,20,43,13,76,11,32,74,22,139,172,58,230,369
05/27/2022,MHR,CA,AWP,WE,Federal Contract Tower,9,7,30,0,46,0,19,58,8,85,9,26,88,8,131,108,2,110,241
05/28/2022,MHR,CA,AWP,WE,Federal Contract Tower,2,5,10,1,18,0,17,26,3,46,2,22,36,4,64,0,0,0,64
05/29/2022,MHR,CA,AWP,WE,Federal Contract Tower,0,1,13,1,15,0,4,20,2,26,0,5,33,3,41,30,0,30,71
05/30/2022,MHR,CA,AWP,WE,Federal Contract Tower,0,9,11,1,21,0,7,38,3,48,0,16,49,4,69,40,12,52,121
05/31/2022,MHR,CA,AWP,WE,Federal Contract Tower,7,18,20,3,48,0,20,67,2,89,7,38,87,5,137,146,0,146,283
06/01/2022,MHR,CA,AWP,WE,Federal Contract Tower,13,16,24,16,69,0,13,64,1,78,13,29,88,17,147,198,36,234,381
06/02/2022,MHR,CA,AWP,WE,Federal Contract Tower,12,8,30,4,54,0,19,60,6,85,12,27,90,10,139,144,14,158,297
06/03/2022,MHR,CA,AWP,WE,Federal Contract Tower,9,7,14,7,37,0,20,73,3,96,9,27,87,10,133,150,2,152,285
06/04/2022,MHR,CA,AWP,WE,Federal Contract Tower,0,12,12,1,25,0,10,48,0,58,0,22,60,1,83,24,0,24,107
06/05/2022,MHR,CA,AWP,WE,Federal Contract Tower,1,1,8,0,10,0,0,11,1,12,1,1,19,1,22,0,0,0,22
06/06/2022,MHR,CA,AWP,WE,Federal Contract Tower,2,10,21,1,34,0,16,48,2,66,2,26,69,3,100,132,18,150,250
06/07/2022,MHR,CA,AWP,WE,Federal Contract Tower,12,11,26,10,59,0,21,54,2,77,12,32,80,12,136,172,26,198,334
06/08/2022,MHR,CA,AWP,WE,Federal Contract Tower,12,14,25,8,59,0,24,44,4,72,12,38,69,12,131,100,16,116,247
06/09/2022,MHR,CA,AWP,WE,Federal Contract Tower,12,12,20,10,54,0,26,57,14,97,12,38,77,24,151,238,22,260,411
06/10/2022,MHR,CA,AWP,WE,Federal Contract Tower,4,13,10,3,30,0,17,64,5,86,4,30,74,8,116,94,0,94,210
06/11/2022,MHR,CA,AWP,WE,Federal Contract Tower,1,0,10,0,11,0,5,15,2,22,1,5,25,2,33,2,0,2,35
06/12/2022,MHR,CA,AWP,WE,Federal Contract Tower,0,1,7,0,8,0,0,5,0,5,0,1,12,0,13,0,0,0,13
06/13/2022,MHR,CA,AWP,WE,Federal Contract Tower,3,11,14,8,36,0,8,36,6,50,3,19,50,14,86,34,14,48,134
06/14/2022,MHR,CA,AWP,WE,Federal Contract Tower,10,15,19,3,47,0,9,83,1,93,10,24,102,4,140,170,24,194,334
06/15/2022,MHR,CA,AWP,WE,Federal Contract Tower,5,13,12,2,32,0,15,79,7,101,5,28,91,9,133,177,6,183,316
06/16/2022,MHR,CA,AWP,WE,Federal Contract Tower,3,19,21,10,53,0,9,65,7,81,3,28,86,17,134,102,15,117,251
06/17/2022,MHR,CA,AWP,WE,Federal Contract Tower,4,5,17,4,30,0,12,34,8,54,4,17,51,12,84,44,22,66,150
06/18/2022,MHR,CA,AWP,WE,Federal Contract Tower,1,0,10,0,11,0,9,32,0,41,1,9,42,0,52,40,0,40,92
06/19/2022,MHR,CA,AWP,WE,Federal Contract Tower,0,2,6,0,8,0,0,16,0,16,0,2,22,0,24,0,0,0,24
06/20/2022,MHR,CA,AWP,WE,Federal Contract Tower,3,0,15,0,18,0,15,61,0,76,3,15,76,0,94,164,0,164,258
06/21/2022,MHR,CA,AWP,WE,Federal Contract Tower,4,10,31,11,56,0,12,44,4,60,4,22,75,15,116,162,24,186,302
06/22/2022,MHR,CA,AWP,WE,Federal Contract Tower,7,12,16,3,38,0,19,34,4,57,7,31,50,7,95,24,6,30,125
06/23/2022,MHR,CA,AWP,WE,Federal Contract Tower,6,16,13,2,37,0,14,60,4,78,6,30,73,6,115,128,8,136,251
06/24/2022,MHR,CA,AWP,WE,Federal Contract Tower,6,17,22,6,51,0,26,63,4,93,6,43,85,10,144,176,26,202,346
06/25/2022,MHR,CA,AWP,WE,Federal Contract Tower,1,2,17,2,22,0,7,22,1,30,1,9,39,3,52,4,6,10,62
06/26/2022,MHR,CA,AWP,WE,Federal Contract Tower,0,2,5,2,9,0,0,23,4,27,0,2,28,6,36,14,26,40,76
06/27/2022,MHR,CA,AWP,WE,Federal Contract Tower,3,17,11,2,33,0,24,62,5,91,3,41,73,7,124,48,18,66,190
06/28/2022,MHR,CA,AWP,WE,Federal Contract Tower,7,14,23,9,53,0,15,52,11,78,7,29,75,20,131,51,18,69,200
06/29/2022,MHR,CA,AWP,WE,Federal Contract Tower,6,12,15,13,46,0,19,61,9,89,6,31,76,22,135,122,0,122,257
06/30/2022,MHR,CA,AWP,WE,Federal Contract Tower,6,12,21,5,44,0,9,50,20,79,6,21,71,25,123,112,44,156,279
07/01/2022,MHR,CA,AWP,WE,Federal Contract Tower,5,9,15,1,30,0,17,53,9,79,5,26,68,10,109,95,24,119,228
07/02/2022,MHR,CA,AWP,WE,Federal Contract Tower,1,2,11,3,17,0,10,12,0,22,1,12,23,3,39,6,0,6,45
07/03/2022,MHR,CA,AWP,WE,Federal Contract Tower,0,0,5,0,5,0,3,4,0,7,0,3,9,0,12,4,0,4,16
07/04/2022,MHR,CA,AWP,WE,Federal Contract Tower,0,2,14,1,17,0,21,32,0,53,0,23,46,1,70,6,0,6,76
07/05/2022,MHR,CA,AWP,WE,Federal Contract Tower,5,4,16,4,29,0,20,32,3,55,5,24,48,7,84,40,2,42,126
07/06/2022,MHR,CA,AWP,WE,Federal Contract Tower,6,0,10,6,22,0,29,36,9,74,6,29,46,15,96,60,8,68,164
07/07/2022,MHR,CA,AWP,WE,Federal Contract Tower,6,7,25,14,52,0,20,42,9,71,6,27,67,23,123,74,36,110,233
07/08/2022,MHR,CA,AWP,WE,Federal Contract Tower,4,4,15,11,34,0,23,58,5,86,4,27,73,16,120,86,40,126,246
07/09/2022,MHR,CA,AWP,WE,Federal Contract Tower,1,1,14,0,16,0,5,34,0,39,1,6,48,0,55,18,0,18,73
07/10/2022,MHR,CA,AWP,WE,Federal Contract Tower,0,2,6,0,8,0,0,21,0,21,0,2,27,0,29,30,0,30,59
07/11/2022,MHR,CA,AWP,WE,Federal Contract Tower,3,2,13,4,22,0,6,56,5,67,3,8,69,9,89,70,30,100,189
07/12/2022,MHR,CA,AWP,WE,Federal Contract Tower,10,5,36,8,59,0,11,59,0,70,10,16,95,8,129,72,36,108,237
07/13/2022,MHR,CA,AWP,WE,Federal Contract Tower,10,10,36,11,67,0,13,52,10,75,10,23,88,21,142,76,18,94,236
07/14/2022,MHR,CA,AWP,WE,Federal Contract Tower,9,8,34,4,55,0,23,57,7,87,9,31,91,11,142,74,18,92,234
07/15/2022,MHR,CA,AWP,WE,Federal Contract Tower,5,14,39,4,62,0,17,55,5,77,5,31,94,9,139,74,20,94,233
07/16/2022,MHR,CA,AWP,WE,Federal Contract Tower,2,8,13,0,23,0,6,36,0,42,2,14,49,0,65,10,0,10,75
07/17/2022,MHR,CA,AWP,WE,Federal Contract Tower,2,3,36,1,42,0,2,24,2,28,2,5,60,3,70,0,0,0,70
07/18/2022,MHR,CA,AWP,WE,Federal Contract Tower,3,8,12,1,24,0,25,34,1,60,3,33,46,2,84,90,8,98,182
07/19/2022,MHR,CA,AWP,WE,Federal Contract Tower,8,9,19,6,42,0,23,48,48,119,8,32,67,54,161,54,22,76,237
07/20/2022,MHR,CA,AWP,WE,Federal Contract Tower,9,14,25,1,49,0,10,64,6,80,9,24,89,7,129,74,2,76,205
07/21/2022,MHR,CA,AWP,WE,Federal Contract Tower,6,6,23,7,42,0,22,39,8,69,6,28,62,15,111,26,28,54,165
07/22/2022,MHR,CA,AWP,WE,Federal Contract Tower,4,10,21,6,41,0,11,46,3,60,4,21,67,9,101,54,36,90,191
07/23/2022,MHR,CA,AWP,WE,Federal Contract Tower,1,6,14,3,24,0,12,44,2,58,1,18,58,5,82,54,0,54,136
07/24/2022,MHR,CA,AWP,WE,Federal Contract Tower,2,3,12,0,17,0,7,35,0,42,2,10,47,0,59,45,0,45,104
07/25/2022,MHR,CA,AWP,WE,Federal Contract Tower,3,13,22,22,60,0,8,50,8,66,3,21,72,30,126,66,26,92,218
07/26/2022,MHR,CA,AWP,WE,Federal Contract Tower,10,10,22,8,50,0,5,34,5,44,10,15,56,13,94,42,6,48,142
07/27/2022,MHR,CA,AWP,WE,Federal Contract Tower,5,6,21,4,36,0,14,65,3,82,5,20,86,7,118,69,12,81,199
07/28/2022,MHR,CA,AWP,WE,Federal Contract Tower,7,17,22,1,47,0,9,58,8,75,7,26,80,9,122,43,2,45,167
07/29/2022,MHR,CA,AWP,WE,Federal Contract Tower,4,15,16,8,43,0,14,72,7,93,4,29,88,15,136,116,30,146,282
07/30/2022,MHR,CA,AWP,WE,Federal Contract Tower,2,0,9,3,14,0,8,40,8,56,2,8,49,11,70,64,10,74,144
07/31/2022,MHR,CA,AWP,WE,Federal Contract Tower,2,1,17,0,20,0,6,35,4,45,2,7,52,4,65,8,22,30,95
08/01/2022,MHR,CA,AWP,WE,Federal Contract Tower,4,12,13,5,34,0,28,45,3,76,4,40,58,8,110,76,32,108,218
08/02/2022,MHR,CA,AWP,WE,Federal Contract Tower,6,16,24,9,55,0,15,61,4,80,6,31,85,13,135,88,0,88,223
08/03/2022,MHR,CA,AWP,WE,Federal Contract Tower,8,8,20,1,37,3,10,54,2,69,11,18,74,3,106,104,10,114,220
08/04/2022,MHR,CA,AWP,WE,Federal Contract Tower,6,6,19,7,38,0,7,65,6,78,6,13,84,13,116,133,20,153,269
08/05/2022,MHR,CA,AWP,WE,Federal Contract Tower,3,8,16,0,27,0,22,63,1,86,3,30,79,1,113,110,16,126,239
08/06/2022,MHR,CA,AWP,WE,Federal Contract Tower,4,4,9,0,17,0,9,27,1,37,4,13,36,1,54,6,0,6,60
08/07/2022,MHR,CA,AWP,WE,Federal Contract Tower,2,3,13,2,20,0,3,18,2,23,2,6,31,4,43,28,0,28,71
08/08/2022,MHR,CA,AWP,WE,Federal Contract Tower,3,6,23,0,32,0,8,55,1,64,3,14,78,1,96,147,27,174,270
08/09/2022,MHR,CA,AWP,WE,Federal Contract Tower,8,4,19,1,32,0,14,52,2,68,8,18,71,3,100,96,32,128,228
08/11/2022,MHR,CA,AWP,WE,Federal Contract Tower,6,7,26,2,41,0,9,49,1,59,6,16,75,3,100,33,38,71,171
08/12/2022,MHR,CA,AWP,WE,Federal Contract Tower,4,8,24,7,43,0,16,63,6,85,4,24,87,13,128,128,18,146,274
08/13/2022,MHR,CA,AWP,WE,Federal Contract Tower,2,3,14,0,19,0,4,38,0,42,2,7,52,0,61,28,0,28,89
08/14/2022,MHR,CA,AWP,WE,Federal Contract Tower,2,2,11,0,15,0,3,32,0,35,2,5,43,0,50,8,0,8,58
08/15/2022,MHR,CA,AWP,WE,Federal Contract Tower,5,6,20,5,36,0,21,68,1,90,5,27,88,6,126,64,20,84,210
08/16/2022,MHR,CA,AWP,WE,Federal Contract Tower,8,12,13,6,39,0,11,71,5,87,8,23,84,11,126,164,48,212,338
08/17/2022,MHR,CA,AWP,WE,Federal Contract Tower,8,3,19,6,36,0,10,72,9,91,8,13,91,15,127,94,54,148,275
08/18/2022,MHR,CA,AWP,WE,Federal Contract Tower,5,9,22,7,43,0,24,41,3,68,5,33,63,10,111,114,28,142,253
08/19/2022,MHR,CA,AWP,WE,Federal Contract Tower,7,6,15,3,31,0,22,42,3,67,7,28,57,6,98,94,2,96,194
08/20/2022,MHR,CA,AWP,WE,Federal Contract Tower,2,2,8,0,12,0,11,28,0,39,2,13,36,0,51,24,0,24,75
08/21/2022,MHR,CA,AWP,WE,Federal Contract Tower,2,4,27,0,33,0,9,28,0,37,2,13,55,0,70,0,0,0,70
08/22/2022,MHR,CA,AWP,WE,Federal Contract Tower,3,6,27,17,53,0,22,49,11,82,3,28,76,28,135,94,50,144,279
08/23/2022,MHR,CA,AWP,WE,Federal Contract Tower,8,7,30,5,50,0,4,46,4,54,8,11,76,9,104,106,51,157,261
08/24/2022,MHR,CA,AWP,WE,Federal Contract Tower,10,10,21,4,45,0,17,68,7,92,10,27,89,11,137,88,42,130,267
08/25/2022,MHR,CA,AWP,WE,Federal Contract Tower,9,15,34,8,66,0,23,60,3,86,9,38,94,11,152,86,15,101,253
08/26/2022,MHR,CA,AWP,WE,Federal Contract Tower,4,9,35,11,59,0,26,54,3,83,4,35,89,14,142,82,32,114,256
08/27/2022,MHR,CA,AWP,WE,Federal Contract Tower,2,9,12,0,23,0,21,31,4,56,2,30,43,4,79,12,0,12,91
08/28/2022,MHR,CA,AWP,WE,Federal Contract Tower,1,1,19,0,21,0,3,29,2,34,1,4,48,2,55,26,0,26,81
08/29/2022,MHR,CA,AWP,WE,Federal Contract Tower,3,9,25,7,44,0,19,55,1,75,3,28,80,8,119,64,32,96,215
08/30/2022,MHR,CA,AWP,WE,Federal Contract Tower,8,6,13,0,27,0,7,67,5,79,8,13,80,5,106,74,14,88,194
08/31/2022,MHR,CA,AWP,WE,Federal Contract Tower,8,6,22,6,42,0,9,64,3,76,8,15,86,9,118,42,5,47,165
09/01/2022,MHR,CA,AWP,WE,Federal Contract Tower,11,9,12,1,33,0,22,50,7,79,11,31,62,8,112,82,28,110,222
09/02/2022,MHR,CA,AWP,WE,Federal Contract Tower,4,6,26,2,38,0,22,69,1,92,4,28,95,3,130,66,0,66,196
09/03/2022,MHR,CA,AWP,WE,Federal Contract Tower,2,2,10,2,16,0,8,30,4,42,2,10,40,6,58,4,24,28,86
09/04/2022,MHR,CA,AWP,WE,Federal Contract Tower,0,0,15,3,18,0,7,23,7,37,0,7,38,10,55,8,2,10,65
09/05/2022,MHR,CA,AWP,WE,Federal Contract Tower,0,2,25,0,27,0,6,31,0,37,0,8,56,0,64,4,0,4,68
09/06/2022,MHR,CA,AWP,WE,Federal Contract Tower,5,10,20,4,39,0,0,7,1,8,5,10,27,5,47,46,28,74,121
09/07/2022,MHR,CA,AWP,WE,Federal Contract Tower,9,10,14,11,44,0,11,44,16,71,9,21,58,27,115,40,74,114,229
09/08/2022,MHR,CA,AWP,WE,Federal Contract Tower,12,17,8,2,39,0,26,62,5,93,12,43,70,7,132,80,14,94,226
09/09/2022,MHR,CA,AWP,WE,Federal Contract Tower,6,12,29,7,54,0,16,34,0,50,6,28,63,7,104,60,26,86,190
09/10/2022,MHR,CA,AWP,WE,Federal Contract Tower,2,2,17,0,21,0,6,17,1,24,2,8,34,1,45,20,0,20,65
09/11/2022,MHR,CA,AWP,WE,Federal Contract Tower,2,7,15,0,24,0,9,17,2,28,2,16,32,2,52,30,0,30,82
09/12/2022,MHR,CA,AWP,WE,Federal Contract Tower,6,4,26,6,42,0,12,60,7,79,6,16,86,13,121,70,32,102,223
09/13/2022,MHR,CA,AWP,WE,Federal Contract Tower,12,7,6,15,40,0,15,59,4,78,12,22,65,19,118,78,20,98,216
09/14/2022,MHR,CA,AWP,WE,Federal Contract Tower,9,9,19,4,41,0,11,96,5,112,9,20,115,9,153,94,22,116,269
09/15/2022,MHR,CA,AWP,WE,Federal Contract Tower,12,7,17,2,38,0,24,59,8,91,12,31,76,10,129,32,0,32,161
09/17/2022,MHR,CA,AWP,WE,Federal Contract Tower,2,3,10,0,15,0,10,15,3,28,2,13,25,3,43,18,0,18,61
09/18/2022,MHR,CA,AWP,WE,Federal Contract Tower,2,9,14,23,48,0,6,2,2,10,2,15,16,25,58,4,0,4,62
09/19/2022,MHR,CA,AWP,WE,Federal Contract Tower,5,10,23,1,39,0,7,8,3,18,5,17,31,4,57,2,2,4,61
09/20/2022,MHR,CA,AWP,WE,Federal Contract Tower,9,17,36,1,63,0,12,31,9,52,9,29,67,10,115,0,26,26,141
09/21/2022,MHR,CA,AWP,WE,Federal Contract Tower,8,5,17,1,31,0,14,36,5,55,8,19,53,6,86,8,18,26,112
09/22/2022,MHR,CA,AWP,WE,Federal Contract Tower,12,12,31,8,63,0,16,67,14,97,12,28,98,22,160,38,40,78,238
09/23/2022,MHR,CA,AWP,WE,Federal Contract Tower,7,7,24,1,39,0,24,76,9,109,7,31,100,10,148,20,4,24,172
09/24/2022,MHR,CA,AWP,WE,Federal Contract Tower,2,2,3,3,10,0,10,22,9,41,2,12,25,12,51,16,0,16,67
09/25/2022,MHR,CA,AWP,WE,Federal Contract Tower,2,5,16,0,23,0,7,18,0,25,2,12,34,0,48,2,0,2,50
09/26/2022,MHR,CA,AWP,WE,Federal Contract Tower,5,6,6,2,19,0,15,61,2,78,5,21,67,4,97,0,4,4,101
09/27/2022,MHR,CA,AWP,WE,Federal Contract Tower,9,18,8,3,38,0,22,40,0,62,9,40,48,3,100,0,0,0,100
09/28/2022,MHR,CA,AWP,WE,Federal Contract Tower,11,8,8,2,29,0,17,43,1,61,11,25,51,3,90,0,0,0,90
09/29/2022,MHR,CA,AWP,WE,Federal Contract Tower,11,18,14,15,58,0,29,68,10,107,11,47,82,25,165,2,0,2,167
09/30/2022,MHR,CA,AWP,WE,Federal Contract Tower,6,17,2,4,29,0,16,39,2,57,6,33,41,6,86,0,0,0,86
10/01/2022,MHR,CA,AWP,WE,Federal Contract Tower,4,0,2,0,6,0,20,66,0,86,4,20,68,0,92,0,0,0,92
10/02/2022,MHR,CA,AWP,WE,Federal Contract Tower,2,0,3,9,14,0,7,74,0,81,2,7,77,9,95,2,0,2,97
10/04/2022,MHR,CA,AWP,WE,Federal Contract Tower,5,9,7,2,23,0,6,50,5,61,5,15,57,7,84,6,0,6,90
10/05/2022,MHR,CA,AWP,WE,Federal Contract Tower,5,10,17,2,34,0,47,54,3,104,5,57,71,5,138,16,0,16,154
10/06/2022,MHR,CA,AWP,WE,Federal Contract Tower,9,8,18,9,44,0,22,54,8,84,9,30,72,17,128,46,26,72,200
10/07/2022,MHR,CA,AWP,WE,Federal Contract Tower,6,11,24,3,44,0,24,67,3,94,6,35,91,6,138,62,14,76,214
10/08/2022,MHR,CA,AWP,WE,Federal Contract Tower,2,2,12,0,16,0,14,17,0,31,2,16,29,0,47,44,0,44,91
10/09/2022,MHR,CA,AWP,WE,Federal Contract Tower,2,0,16,0,18,0,4,12,0,16,2,4,28,0,34,0,0,0,34
10/10/2022,MHR,CA,AWP,WE,Federal Contract Tower,5,12,13,8,38,0,19,60,3,82,5,31,73,11,120,48,3,51,171
10/11/2022,MHR,CA,AWP,WE,Federal Contract Tower,5,8,37,14,64,0,12,55,9,76,5,20,92,23,140,94,44,138,278
10/12/2022,MHR,CA,AWP,WE,Federal Contract Tower,10,6,27,11,54,0,14,58,8,80,10,20,85,19,134,72,42,114,248
10/13/2022,MHR,CA,AWP,WE,Federal Contract Tower,11,5,32,12,60,0,23,62,10,95,11,28,94,22,155,26,38,64,219
10/14/2022,MHR,CA,AWP,WE,Federal Contract Tower,3,9,47,8,67,0,22,56,4,82,3,31,103,12,149,52,18,70,219
10/16/2022,MHR,CA,AWP,WE,Federal Contract Tower,2,3,34,4,43,0,12,35,0,47,2,15,69,4,90,0,0,0,90
10/17/2022,MHR,CA,AWP,WE,Federal Contract Tower,4,9,31,4,48,0,12,46,0,58,4,21,77,4,106,96,24,120,226
10/18/2022,MHR,CA,AWP,WE,Federal Contract Tower,7,8,26,20,61,0,15,51,10,76,7,23,77,30,137,66,24,90,227
10/19/2022,MHR,CA,AWP,WE,Federal Contract Tower,9,12,24,11,56,2,17,67,17,103,11,29,91,28,159,96,38,134,293
10/20/2022,MHR,CA,AWP,WE,Federal Contract Tower,12,9,15,11,47,0,18,62,8,88,12,27,77,19,135,42,28,70,205
10/21/2022,MHR,CA,AWP,WE,Federal Contract Tower,6,11,22,1,40,0,28,74,7,109,6,39,96,8,149,54,10,64,213
10/22/2022,MHR,CA,AWP,WE,Federal Contract Tower,2,4,9,1,16,0,9,11,1,21,2,13,20,2,37,16,2,18,55
10/23/2022,MHR,CA,AWP,WE,Federal Contract Tower,3,2,9,2,16,0,7,11,3,21,3,9,20,5,37,2,0,2,39
10/24/2022,MHR,CA,AWP,WE,Federal Contract Tower,4,7,33,3,47,0,19,49,5,73,4,26,82,8,120,16,40,56,176
10/25/2022,MHR,CA,AWP,WE,Federal Contract Tower,11,5,14,0,30,0,18,46,13,77,11,23,60,13,107,48,16,64,171
10/26/2022,MHR,CA,AWP,WE,Federal Contract Tower,11,8,28,7,54,0,23,56,10,89,11,31,84,17,143,76,14,90,233
10/27/2022,MHR,CA,AWP,WE,Federal Contract Tower,7,15,39,1,62,0,22,35,3,60,7,37,74,4,122,42,14,56,178
10/28/2022,MHR,CA,AWP,WE,Federal Contract Tower,6,7,29,0,42,0,24,73,4,101,6,31,102,4,143,76,0,76,219
10/29/2022,MHR,CA,AWP,WE,Federal Contract Tower,2,4,17,0,23,0,17,23,0,40,2,21,40,0,63,34,0,34,97
10/30/2022,MHR,CA,AWP,WE,Federal Contract Tower,3,1,26,0,30,0,9,31,0,40,3,10,57,0,70,44,0,44,114
10/31/2022,MHR,CA,AWP,WE,Federal Contract Tower,4,9,25,11,49,0,18,69,8,95,4,27,94,19,144,94,66,160,304
11/01/2022,MHR,CA,AWP,WE,Federal Contract Tower,10,10,29,17,66,0,20,3,0,23,10,30,32,17,89,0,8,8,97
11/02/2022,MHR,CA,AWP,WE,Federal Contract Tower,7,5,34,14,60,0,20,40,3,63,7,25,74,17,123,66,54,120,243
11/03/2022,MHR,CA,AWP,WE,Federal Contract Tower,12,11,42,13,78,0,28,61,2,91,12,39,103,15,169,60,8,68,237
11/04/2022,MHR,CA,AWP,WE,Federal Contract Tower,8,6,36,9,59,0,17,57,4,78,8,23,93,13,137,86,10,96,233
11/05/2022,MHR,CA,AWP,WE,Federal Contract Tower,2,2,5,1,10,0,3,5,0,8,2,5,10,1,18,0,0,0,18
11/06/2022,MHR,CA,AWP,WE,Federal Contract Tower,2,4,12,2,20,0,7,18,0,25,2,11,30,2,45,62,0,62,107
11/07/2022,MHR,CA,AWP,WE,Federal Contract Tower,4,11,41,8,64,0,14,28,6,48,4,25,69,14,112,24,30,54,166
11/08/2022,MHR,CA,AWP,WE,Federal Contract Tower,7,12,5,12,36,0,6,0,7,13,7,18,5,19,49,0,6,6,55
11/09/2022,MHR,CA,AWP,WE,Federal Contract Tower,12,16,40,10,78,0,23,52,5,80,12,39,92,15,158,103,24,127,285
11/10/2022,MHR,CA,AWP,WE,Federal Contract Tower,16,8,40,10,74,0,16,54,9,79,16,24,94,19,153,58,34,92,245
11/11/2022,MHR,CA,AWP,WE,Federal Contract Tower,6,10,30,1,47,0,10,49,3,62,6,20,79,4,109,66,4,70,179
11/12/2022,MHR,CA,AWP,WE,Federal Contract Tower,2,10,29,1,42,0,16,3,0,19,2,26,32,1,61,14,0,14,75
11/13/2022,MHR,CA,AWP,WE,Federal Contract Tower,2,4,16,2,24,0,14,28,1,43,2,18,44,3,67,28,0,28,95
11/15/2022,MHR,CA,AWP,WE,Federal Contract Tower,10,15,51,9,85,0,20,41,9,70,10,35,92,18,155,74,10,84,239
11/16/2022,MHR,CA,AWP,WE,Federal Contract Tower,7,9,32,18,66,0,15,66,4,85,7,24,98,22,151,166,34,200,351
11/17/2022,MHR,CA,AWP,WE,Federal Contract Tower,10,7,37,6,60,0,26,39,7,72,10,33,76,13,132,100,42,142,274
11/18/2022,MHR,CA,AWP,WE,Federal Contract Tower,8,7,65,3,83,0,26,48,1,75,8,33,113,4,158,74,10,84,242
11/19/2022,MHR,CA,AWP,WE,Federal Contract Tower,3,8,14,1,26,0,15,32,0,47,3,23,46,1,73,46,0,46,119
11/20/2022,MHR,CA,AWP,WE,Federal Contract Tower,3,8,22,0,33,0,6,22,0,28,3,14,44,0,61,44,0,44,105
11/21/2022,MHR,CA,AWP,WE,Federal Contract Tower,7,4,19,5,35,0,16,59,2,77,7,20,78,7,112,88,18,106,218
11/22/2022,MHR,CA,AWP,WE,Federal Contract Tower,16,4,15,2,37,0,22,45,3,70,16,26,60,5,107,94,16,110,217
11/23/2022,MHR,CA,AWP,WE,Federal Contract Tower,10,3,18,11,42,0,22,63,1,86,10,25,81,12,128,84,34,118,246
11/24/2022,MHR,CA,AWP,WE,Federal Contract Tower,2,0,5,0,7,0,7,8,0,15,2,7,13,0,22,6,0,6,28
11/25/2022,MHR,CA,AWP,WE,Federal Contract Tower,8,5,21,0,34,0,19,36,0,55,8,24,57,0,89,24,0,24,113
11/26/2022,MHR,CA,AWP,WE,Federal Contract Tower,2,3,22,0,27,0,17,16,0,33,2,20,38,0,60,44,0,44,104
11/27/2022,MHR,CA,AWP,WE,Federal Contract Tower,4,3,20,0,27,0,7,17,0,24,4,10,37,0,51,45,0,45,96
11/29/2022,MHR,CA,AWP,WE,Federal Contract Tower,21,7,25,20,73,0,29,46,15,90,21,36,71,35,163,62,66,128,291
11/30/2022,MHR,CA,AWP,WE,Federal Contract Tower,13,9,27,9,58,0,22,60,9,91,13,31,87,18,149,66,22,88,237
12/01/2022,MHR,CA,AWP,WE,Federal Contract Tower,24,14,15,1,54,0,15,1,3,19,24,29,16,4,73,10,18,28,101
12/02/2022,MHR,CA,AWP,WE,Federal Contract Tower,14,14,38,3,69,0,22,60,4,86,14,36,98,7,155,98,2,100,255
12/03/2022,MHR,CA,AWP,WE,Federal Contract Tower,2,4,6,2,14,0,2,0,0,2,2,6,6,2,16,0,0,0,16
12/05/2022,MHR,CA,AWP,WE,Federal Contract Tower,6,8,26,6,46,0,13,10,6,29,6,21,36,12,75,0,18,18,93
12/06/2022,MHR,CA,AWP,WE,Federal Contract Tower,28,12,35,33,108,0,10,43,12,65,28,22,78,45,173,50,50,100,273
12/07/2022,MHR,CA,AWP,WE,Federal Contract Tower,23,17,46,17,103,0,17,73,4,94,23,34,119,21,197,116,14,130,327
12/08/2022,MHR,CA,AWP,WE,Federal Contract Tower,23,20,35,16,94,0,22,32,2,56,23,42,67,18,150,48,22,70,220
12/09/2022,MHR,CA,AWP,WE,Federal Contract Tower,15,29,39,22,105,0,14,9,3,26,15,43,48,25,131,4,26,30,161
12/10/2022,MHR,CA,AWP,WE,Federal Contract Tower,2,2,2,0,6,0,3,0,0,3,2,5,2,0,9,0,6,6,15
12/13/2022,MHR,CA,AWP,WE,Federal Contract Tower,24,7,14,10,55,0,17,73,7,97,24,24,87,17,152,94,49,143,295
12/14/2022,MHR,CA,AWP,WE,Federal Contract Tower,24,8,35,27,94,0,27,67,7,101,24,35,102,34,195,108,60,168,363
12/15/2022,MHR,CA,AWP,WE,Federal Contract Tower,25,8,37,13,83,0,26,69,6,101,25,34,106,19,184,112,4,116,300
12/16/2022,MHR,CA,AWP,WE,Federal Contract Tower,30,11,26,7,74,0,24,47,0,71,30,35,73,7,145,88,20,108,253
12/17/2022,MHR,CA,AWP,WE,Federal Contract Tower,21,5,32,0,58,0,11,29,1,41,21,16,61,1,99,2,0,2,101
12/18/2022,MHR,CA,AWP,WE,Federal Contract Tower,12,3,1,1,17,0,0,0,0,0,12,3,1,1,17,0,0,0,17
12/19/2022,MHR,CA,AWP,WE,Federal Contract Tower,18,23,35,0,76,0,3,0,0,3,18,26,35,0,79,4,8,12,91
12/20/2022,MHR,CA,AWP,WE,Federal Contract Tower,24,23,22,14,83,0,12,37,5,54,24,35,59,19,137,78,24,102,239
12/21/2022,MHR,CA,AWP,WE,Federal Contract Tower,23,28,21,0,72,0,0,0,0,0,23,28,21,0,72,0,0,0,72
12/22/2022,MHR,CA,AWP,WE,Federal Contract Tower,26,27,22,1,76,0,10,3,2,15,26,37,25,3,91,0,10,10,101
12/23/2022,MHR,CA,AWP,WE,Federal Contract Tower,4,11,22,0,37,0,12,17,0,29,4,23,39,0,66,4,0,4,70
12/24/2022,MHR,CA,AWP,WE,Federal Contract Tower,5,7,6,1,19,0,5,4,1,10,5,12,10,2,29,0,0,0,29
12/25/2022,MHR,CA,AWP,WE,Federal Contract Tower,0,0,1,0,1,0,0,0,0,0,0,0,1,0,1,0,0,0,1
12/26/2022,MHR,CA,AWP,WE,Federal Contract Tower,3,6,32,0,41,0,0,1,0,1,3,6,33,0,42,0,0,0,42
12/27/2022,MHR,CA,AWP,WE,Federal Contract Tower,1,12,9,0,22,0,5,0,0,5,1,17,9,0,27,0,0,0,27
12/28/2022,MHR,CA,AWP,WE,Federal Contract Tower,28,8,32,4,72,0,20,47,4,71,28,28,79,8,143,96,0,96,239
12/29/2022,MHR,CA,AWP,WE,Federal Contract Tower,19,14,22,2,57,0,6,2,1,9,19,20,24,3,66,12,0,12,78
12/30/2022,MHR,CA,AWP,WE,Federal Contract Tower,19,26,3,0,48,0,0,0,0,0,19,26,3,0,48,0,0,0,48
12/31/2022,MHR,CA,AWP,WE,Federal Contract Tower,2,7,6,0,15,0,0,0,0,0,2,7,6,0,15,0,0,0,15
01/01/2023,MHR,CA,AWP,WE,Federal Contract Tower,0,2,9,2,13,0,12,10,0,22,0,14,19,2,35,0,0,0,35
01/02/2023,MHR,CA,AWP,WE,Federal Contract Tower,3,6,4,0,13,0,1,5,0,6,3,7,9,0,19,12,0,12,31
01/03/2023,MHR,CA,AWP,WE,Federal Contract Tower,6,7,29,8,50,0,9,10,0,19,6,16,39,8,69,0,0,0,69
01/04/2023,MHR,CA,AWP,WE,Federal Contract Tower,11,8,6,5,30,0,4,0,3,7,11,12,6,8,37,0,16,16,53
01/05/2023,MHR,CA,AWP,WE,Federal Contract Tower,9,6,3,4,22,0,24,7,3,34,9,30,10,7,56,0,4,4,60
01/06/2023,MHR,CA,AWP,WE,Federal Contract Tower,8,14,52,21,95,0,15,59,9,83,8,29,111,30,178,130,38,168,346
01/07/2023,MHR,CA,AWP,WE,Federal Contract Tower,2,6,8,1,17,0,5,2,2,9,2,11,10,3,26,6,0,6,32
01/08/2023,MHR,CA,AWP,WE,Federal Contract Tower,2,6,9,1,18,0,10,6,0,16,2,16,15,1,34,8,0,8,42
01/09/2023,MHR,CA,AWP,WE,Federal Contract Tower,3,11,21,11,46,0,9,12,3,24,3,20,33,14,70,15,20,35,105
01/10/2023,MHR,CA,AWP,WE,Federal Contract Tower,13,13,14,14,54,0,1,13,5,19,13,14,27,19,73,14,0,14,87
01/11/2023,MHR,CA,AWP,WE,Federal Contract Tower,8,14,11,19,52,0,3,0,3,6,8,17,11,22,58,2,58,60,118
01/12/2023,MHR,CA,AWP,WE,Federal Contract Tower,6,13,16,10,45,0,17,39,13,69,6,30,55,23,114,48,44,92,206
01/13/2023,MHR,CA,AWP,WE,Federal Contract Tower,6,8,14,20,48,0,9,8,3,20,6,17,22,23,68,4,2,6,74
01/14/2023,MHR,CA,AWP,WE,Federal Contract Tower,2,1,4,0,7,0,6,0,0,6,2,7,4,0,13,0,0,0,13
01/15/2023,MHR,CA,AWP,WE,Federal Contract Tower,2,2,12,4,20,0,2,2,0,4,2,4,14,4,24,10,0,10,34
01/16/2023,MHR,CA,AWP,WE,Federal Contract Tower,3,7,18,3,31,0,9,30,9,48,3,16,48,12,79,36,0,36,115
01/17/2023,MHR,CA,AWP,WE,Federal Contract Tower,7,11,16,11,45,5,20,42,12,79,12,31,58,23,124,108,27,135,259
01/18/2023,MHR,CA,AWP,WE,Federal Contract Tower,6,10,15,10,41,0,30,40,11,81,6,40,55,21,122,62,68,130,252
01/19/2023,MHR,CA,AWP,WE,Federal Contract Tower,10,20,22,2,54,0,18,19,1,38,10,38,41,3,92,18,26,44,136
01/20/2023,MHR,CA,AWP,WE,Federal Contract Tower,7,7,19,4,37,0,19,61,10,90,7,26,80,14,127,114,20,134,261
01/21/2023,MHR,CA,AWP,WE,Federal Contract Tower,2,4,15,2,23,0,8,40,5,53,2,12,55,7,76,110,8,118,194
01/22/2023,MHR,CA,AWP,WE,Federal Contract Tower,2,5,24,0,31,0,0,24,7,31,2,5,48,7,62,6,6,12,74
01/23/2023,MHR,CA,AWP,WE,Federal Contract Tower,4,6,7,4,21,0,11,31,2,44,4,17,38,6,65,38,8,46,111
01/24/2023,MHR,CA,AWP,WE,Federal Contract Tower,9,25,20,5,59,0,32,52,8,92,9,57,72,13,151,120,34,154,305
01/25/2023,MHR,CA,AWP,WE,Federal Contract Tower,10,9,7,4,30,0,36,50,2,88,10,45,57,6,118,72,4,76,194
01/26/2023,MHR,CA,AWP,WE,Federal Contract Tower,14,10,23,16,63,0,27,37,12,76,14,37,60,28,139,136,40,176,315
01/27/2023,MHR,CA,AWP,WE,Federal Contract Tower,10,7,25,18,60,0,22,55,6,83,10,29,80,24,143,36,22,58,201
01/28/2023,MHR,CA,AWP,WE,Federal Contract Tower,2,8,8,0,18,0,12,39,0,51,2,20,47,0,69,72,0,72,141
01/29/2023,MHR,CA,AWP,WE,Federal Contract Tower,3,5,15,0,23,0,2,17,1,20,3,7,32,1,43,18,2,20,63
01/30/2023,MHR,CA,AWP,WE,Federal Contract Tower,2,20,16,5,43,0,13,33,9,55,2,33,49,14,98,30,30,60,158
01/31/2023,MHR,CA,AWP,WE,Federal Contract Tower,7,6,16,13,42,0,19,50,15,84,7,25,66,28,126,132,66,198,324
02/01/2023,MHR,CA,AWP,WE,Federal Contract Tower,11,21,19,8,59,0,17,51,7,75,11,38,70,15,134,140,20,160,294
02/02/2023,MHR,CA,AWP,WE,Federal Contract Tower,10,14,19,22,65,0,27,53,9,89,10,41,72,31,154,170,36,206,360
02/03/2023,MHR,CA,AWP,WE,Federal Contract Tower,9,18,31,13,71,0,15,21,4,40,9,33,52,17,111,58,40,98,209
02/04/2023,MHR,CA,AWP,WE,Federal Contract Tower,2,3,8,4,17,0,12,21,0,33,2,15,29,4,50,46,6,52,102
02/05/2023,MHR,CA,AWP,WE,Federal Contract Tower,2,5,9,4,20,0,4,5,0,9,2,9,14,4,29,0,0,0,29
02/06/2023,MHR,CA,AWP,WE,Federal Contract Tower,4,7,42,10,63,0,11,48,5,64,4,18,90,15,127,70,26,96,223
02/07/2023,MHR,CA,AWP,WE,Federal Contract Tower,9,9,18,8,44,0,9,78,6,93,9,18,96,14,137,162,32,194,331
02/08/2023,MHR,CA,AWP,WE,Federal Contract Tower,10,14,28,9,61,0,30,57,5,92,10,44,85,14,153,90,56,146,299
02/09/2023,MHR,CA,AWP,WE,Federal Contract Tower,10,17,35,10,72,0,34,57,1,92,10,51,92,11,164,102,20,122,286
02/10/2023,MHR,CA,AWP,WE,Federal Contract Tower,6,9,34,14,63,0,23,33,10,66,6,32,67,24,129,68,60,128,257
02/11/2023,MHR,CA,AWP,WE,Federal Contract Tower,2,0,29,0,31,0,8,35,3,46,2,8,64,3,77,74,0,74,151
02/12/2023,MHR,CA,AWP,WE,Federal Contract Tower,2,2,22,2,28,0,3,38,0,41,2,5,60,2,69,66,0,66,135
02/13/2023,MHR,CA,AWP,WE,Federal Contract Tower,4,8,19,13,44,0,6,68,7,81,4,14,87,20,125,112,44,156,281
02/14/2023,MHR,CA,AWP,WE,Federal Contract Tower,6,6,7,8,27,0,12,22,0,34,6,18,29,8,61,10,0,10,71
02/15/2023,MHR,CA,AWP,WE,Federal Contract Tower,9,7,24,15,55,0,25,41,7,73,9,32,65,22,128,82,56,138,266
02/16/2023,MHR,CA,AWP,WE,Federal Contract Tower,6,12,19,9,46,0,23,48,5,76,6,35,67,14,122,160,26,186,308
02/17/2023,MHR,CA,AWP,WE,Federal Contract Tower,5,1,37,5,48,0,18,56,6,80,5,19,93,11,128,92,18,110,238
02/18/2023,MHR,CA,AWP,WE,Federal Contract Tower,2,2,20,1,25,0,12,48,2,62,2,14,68,3,87,70,0,70,157
02/19/2023,MHR,CA,AWP,WE,Federal Contract Tower,3,4,11,2,20,0,14,41,2,57,3,18,52,4,77,128,16,144,221
02/20/2023,MHR,CA,AWP,WE,Federal Contract Tower,3,6,24,0,33,0,8,46,2,56,3,14,70,2,89,50,0,50,139
02/21/2023,MHR,CA,AWP,WE,Federal Contract Tower,13,8,19,8,48,1,18,54,4,77,14,26,73,12,125,114,34,148,273
02/22/2023,MHR,CA,AWP,WE,Federal Contract Tower,10,10,17,11,48,0,25,52,8,85,10,35,69,19,133,70,46,116,249
02/23/2023,MHR,CA,AWP,WE,Federal Contract Tower,10,14,12,14,50,0,6,11,2,19,10,20,23,16,69,38,24,62,131
02/24/2023,MHR,CA,AWP,WE,Federal Contract Tower,4,13,15,3,35,0,8,6,0,14,4,21,21,3,49,4,0,4,53
02/25/2023,MHR,CA,AWP,WE,Federal Contract Tower,3,8,16,4,31,0,3,7,0,10,3,11,23,4,41,6,0,6,47
02/26/2023,MHR,CA,AWP,WE,Federal Contract Tower,2,5,9,5,21,0,0,0,0,0,2,5,9,5,21,0,0,0,21
02/27/2023,MHR,CA,AWP,WE,Federal Contract Tower,3,12,4,16,35,0,8,1,2,11,3,20,5,18,46,0,2,2,48
02/28/2023,MHR,CA,AWP,WE,Federal Contract Tower,15,15,9,6,45,0,1,2,2,5,15,16,11,8,50,0,10,10,60
03/01/2023,MHR,CA,AWP,WE,Federal Contract Tower,10,9,13,4,36,0,18,22,2,42,10,27,35,6,78,12,8,20,98
03/02/2023,MHR,CA,AWP,WE,Federal Contract Tower,9,13,53,6,81,0,33,38,9,80,9,46,91,15,161,158,40,198,359
03/03/2023,MHR,CA,AWP,WE,Federal Contract Tower,5,6,12,10,33,0,31,43,4,78,5,37,55,14,111,150,18,168,279
03/04/2023,MHR,CA,AWP,WE,Federal Contract Tower,2,2,1,4,9,0,13,18,0,31,2,15,19,4,40,4,0,4,44
03/05/2023,MHR,CA,AWP,WE,Federal Contract Tower,2,3,10,0,15,0,5,8,0,13,2,8,18,0,28,2,0,2,30
03/06/2023,MHR,CA,AWP,WE,Federal Contract Tower,4,7,14,8,33,0,19,16,1,36,4,26,30,9,69,94,18,112,181
03/07/2023,MHR,CA,AWP,WE,Federal Contract Tower,9,11,11,7,38,0,24,51,5,80,9,35,62,12,118,182,32,214,332
03/08/2023,MHR,CA,AWP,WE,Federal Contract Tower,10,15,14,9,48,0,18,36,2,56,10,33,50,11,104,126,20,146,250
03/09/2023,MHR,CA,AWP,WE,Federal Contract Tower,6,15,16,7,44,0,11,28,5,44,6,26,44,12,88,104,16,120,208
03/10/2023,MHR,CA,AWP,WE,Federal Contract Tower,11,9,13,16,49,0,15,22,6,43,11,24,35,22,92,78,50,128,220
03/11/2023,MHR,CA,AWP,WE,Federal Contract Tower,2,10,6,3,21,0,2,2,0,4,2,12,8,3,25,0,0,0,25
03/12/2023,MHR,CA,AWP,WE,Federal Contract Tower,2,6,7,2,17,0,2,3,0,5,2,8,10,2,22,0,0,0,22
03/13/2023,MHR,CA,AWP,WE,Federal Contract Tower,3,10,13,4,30,0,16,19,6,41,3,26,32,10,71,50,10,60,131
03/14/2023,MHR,CA,AWP,WE,Federal Contract Tower,8,12,6,0,26,0,2,0,0,2,8,14,6,0,28,0,0,0,28
03/15/2023,MHR,CA,AWP,WE,Federal Contract Tower,10,4,44,10,68,0,14,36,15,65,10,18,80,25,133,128,38,166,299
03/16/2023,MHR,CA,AWP,WE,Federal Contract Tower,9,15,57,6,87,0,24,60,7,91,9,39,117,13,178,150,34,184,362
03/17/2023,MHR,CA,AWP,WE,Federal Contract Tower,6,2,38,6,52,0,10,50,4,64,6,12,88,10,116,88,22,110,226
03/18/2023,MHR,CA,AWP,WE,Federal Contract Tower,1,3,21,2,27,0,15,22,0,37,1,18,43,2,64,50,0,50,114
03/19/2023,MHR,CA,AWP,WE,Federal Contract Tower,2,8,6,0,16,0,0,1,0,1,2,8,7,0,17,0,0,0,17
03/20/2023,MHR,CA,AWP,WE,Federal Contract Tower,3,5,32,2,42,0,26,33,11,70,3,31,65,13,112,106,34,140,252
03/21/2023,MHR,CA,AWP,WE,Federal Contract Tower,8,8,6,19,41,0,4,1,0,5,8,12,7,19,46,0,0,0,46
03/22/2023,MHR,CA,AWP,WE,Federal Contract Tower,12,15,14,4,45,0,13,18,6,37,12,28,32,10,82,54,20,74,156
03/23/2023,MHR,CA,AWP,WE,Federal Contract Tower,10,11,31,1,53,0,19,47,1,67,10,30,78,2,120,110,16,126,246
03/24/2023,MHR,CA,AWP,WE,Federal Contract Tower,5,10,51,5,71,0,14,56,0,70,5,24,107,5,141,120,0,120,261
03/25/2023,MHR,CA,AWP,WE,Federal Contract Tower,2,9,35,0,46,0,14,26,0,40,2,23,61,0,86,20,0,20,106
03/26/2023,MHR,CA,AWP,WE,Federal Contract Tower,2,7,31,0,40,0,27,38,0,65,2,34,69,0,105,98,0,98,203
03/27/2023,MHR,CA,AWP,WE,Federal Contract Tower,4,8,34,2,48,0,43,41,4,88,4,51,75,6,136,108,14,122,258
03/28/2023,MHR,CA,AWP,WE,Federal Contract Tower,4,7,0,0,11,0,6,1,0,7,4,13,1,0,18,0,0,0,18
03/29/2023,MHR,CA,AWP,WE,Federal Contract Tower,11,14,7,2,34,0,4,4,5,13,11,18,11,7,47,8,12,20,67
03/30/2023,MHR,CA,AWP,WE,Federal Contract Tower,10,13,30,4,57,0,20,31,2,53,10,33,61,6,110,88,22,110,220
03/31/2023,MHR,CA,AWP,WE,Federal Contract Tower,10,12,14,12,48,0,22,57,1,80,10,34,71,13,128,134,10,144,272
04/01/2023,MHR,CA,AWP,WE,Federal Contract Tower,2,1,28,0,31,0,28,56,0,84,2,29,84,0,115,112,0,112,227
04/02/2023,MHR,CA,AWP,WE,Federal Contract Tower,2,8,22,0,32,0,34,17,0,51,2,42,39,0,83,46,0,46,129
04/03/2023,MHR,CA,AWP,WE,Federal Contract Tower,5,8,5,1,19,0,11,23,1,35,5,19,28,2,54,10,0,10,64
04/04/2023,MHR,CA,AWP,WE,Federal Contract Tower,12,3,10,12,37,0,20,65,0,85,12,23,75,12,122,102,4,106,228
04/05/2023,MHR,CA,AWP,WE,Federal Contract Tower,12,7,31,6,56,0,28,51,6,85,12,35,82,12,141,138,38,176,317
04/06/2023,MHR,CA,AWP,WE,Federal Contract Tower,12,10,23,6,51,0,26,73,7,106,12,36,96,13,157,92,8,100,257
04/07/2023,MHR,CA,AWP,WE,Federal Contract Tower,11,13,27,4,55,0,15,25,4,44,11,28,52,8,99,28,10,38,137
04/08/2023,MHR,CA,AWP,WE,Federal Contract Tower,6,0,21,0,27,0,14,36,2,52,6,14,57,2,79,52,0,52,131
04/09/2023,MHR,CA,AWP,WE,Federal Contract Tower,3,4,30,0,37,0,5,66,0,71,3,9,96,0,108,64,0,64,172
04/10/2023,MHR,CA,AWP,WE,Federal Contract Tower,4,2,20,1,27,0,12,47,0,59,4,14,67,1,86,78,0,78,164
04/11/2023,MHR,CA,AWP,WE,Federal Contract Tower,12,19,16,6,53,0,21,41,1,63,12,40,57,7,116,62,0,62,178
04/12/2023,MHR,CA,AWP,WE,Federal Contract Tower,12,10,17,9,48,0,35,61,9,105,12,45,78,18,153,36,0,36,189
04/13/2023,MHR,CA,AWP,WE,Federal Contract Tower,12,8,31,1,52,0,31,46,13,90,12,39,77,14,142,48,8,56,198
04/14/2023,MHR,CA,AWP,WE,Federal Contract Tower,9,12,21,6,48,0,29,81,19,129,9,41,102,25,177,74,26,100,277
04/15/2023,MHR,CA,AWP,WE,Federal Contract Tower,2,7,19,9,37,0,17,42,4,63,2,24,61,13,100,48,16,64,164
04/16/2023,MHR,CA,AWP,WE,Federal Contract Tower,2,6,13,5,26,0,12,55,3,70,2,18,68,8,96,68,0,68,164
04/17/2023,MHR,CA,AWP,WE,Federal Contract Tower,4,6,19,9,38,0,16,46,2,64,4,22,65,11,102,20,0,20,122
04/18/2023,MHR,CA,AWP,WE,Federal Contract Tower,12,14,17,14,57,0,28,85,11,124,12,42,102,25,181,114,2,116,297
04/19/2023,MHR,CA,AWP,WE,Federal Contract Tower,14,11,22,8,55,0,31,66,13,110,14,42,88,21,165,46,0,46,211
04/20/2023,MHR,CA,AWP,WE,Federal Contract Tower,12,12,38,3,65,0,37,76,8,121,12,49,114,11,186,64,0,64,250
04/21/2023,MHR,CA,AWP,WE,Federal Contract Tower,12,11,19,9,51,0,25,58,3,86,12,36,77,12,137,36,0,36,173
04/22/2023,MHR,CA,AWP,WE,Federal Contract Tower,3,6,14,2,25,0,10,45,12,67,3,16,59,14,92,42,2,44,136
04/23/2023,MHR,CA,AWP,WE,Federal Contract Tower,3,8,24,1,36,0,18,53,15,86,3,26,77,16,122,18,20,38,160
04/24/2023,MHR,CA,AWP,WE,Federal Contract Tower,4,4,24,1,33,0,18,53,0,71,4,22,77,1,104,34,0,34,138
04/25/2023,MHR,CA,AWP,WE,Federal Contract Tower,12,6,25,8,51,0,31,43,3,77,12,37,68,11,128,12,0,12,140
04/26/2023,MHR,CA,AWP,WE,Federal Contract Tower,12,9,27,4,52,0,21,80,14,115,12,30,107,18,167,76,8,84,251
04/27/2023,MHR,CA,AWP,WE,Federal Contract Tower,12,12,21,14,59,0,27,62,10,99,12,39,83,24,158,60,26,86,244
04/28/2023,MHR,CA,AWP,WE,Federal Contract Tower,9,12,22,2,45,0,15,94,7,116,9,27,116,9,161,114,0,114,275
04/29/2023,MHR,CA,AWP,WE,Federal Contract Tower,2,9,23,0,34,0,12,88,0,100,2,21,111,0,134,36,0,36,170
04/30/2023,MHR,CA,AWP,WE,Federal Contract Tower,2,7,27,0,36,0,8,34,0,42,2,15,61,0,78,42,0,42,120
05/01/2023,MHR,CA,AWP,WE,Federal Contract Tower,4,3,24,11,42,0,9,22,5,36,4,12,46,16,78,42,2,44,122
05/02/2023,MHR,CA,AWP,WE,Federal Contract Tower,12,15,9,9,45,0,13,11,10,34,12,28,20,19,79,6,18,24,103
05/03/2023,MHR,CA,AWP,WE,Federal Contract Tower,12,18,30,9,69,0,42,81,5,128,12,60,111,14,197,94,2,96,293
05/04/2023,MHR,CA,AWP,WE,Federal Contract Tower,12,18,15,13,58,0,19,31,10,60,12,37,46,23,118,12,22,34,152
05/05/2023,MHR,CA,AWP,WE,Federal Contract Tower,9,8,22,7,46,0,28,56,4,88,9,36,78,11,134,170,28,198,332
05/06/2023,MHR,CA,AWP,WE,Federal Contract Tower,2,6,10,0,18,0,11,7,2,20,2,17,17,2,38,4,0,4,42
05/07/2023,MHR,CA,AWP,WE,Federal Contract Tower,2,6,21,0,29,0,7,67,3,77,2,13,88,3,106,72,0,72,178
05/08/2023,MHR,CA,AWP,WE,Federal Contract Tower,4,7,20,7,38,0,10,72,11,93,4,17,92,18,131,32,16,48,179
05/09/2023,MHR,CA,AWP,WE,Federal Contract Tower,12,3,25,16,56,0,17,101,10,128,12,20,126,26,184,34,8,42,226
05/10/2023,MHR,CA,AWP,WE,Federal Contract Tower,12,15,31,18,76,0,29,54,18,101,12,44,85,36,177,44,16,60,237
05/11/2023,MHR,CA,AWP,WE,Federal Contract Tower,11,10,16,5,42,0,35,64,18,117,11,45,80,23,159,68,30,98,257
05/12/2023,MHR,CA,AWP,WE,Federal Contract Tower,10,7,30,1,48,0,35,73,4,112,10,42,103,5,160,48,0,48,208
05/13/2023,MHR,CA,AWP,WE,Federal Contract Tower,2,8,10,1,21,0,20,43,2,65,2,28,53,3,86,82,0,82,168
05/14/2023,MHR,CA,AWP,WE,Federal Contract Tower,2,2,5,0,9,0,13,39,0,52,2,15,44,0,61,108,0,108,169
05/15/2023,MHR,CA,AWP,WE,Federal Contract Tower,4,3,20,11,38,0,8,76,19,103,4,11,96,30,141,72,12,84,225
05/16/2023,MHR,CA,AWP,WE,Federal Contract Tower,12,6,18,39,75,0,19,57,45,121,12,25,75,84,196,38,34,72,268
05/17/2023,MHR,CA,AWP,WE,Federal Contract Tower,12,11,13,7,43,0,24,67,6,97,12,35,80,13,140,44,10,54,194
05/18/2023,MHR,CA,AWP,WE,Federal Contract Tower,12,5,24,5,46,0,22,73,4,99,12,27,97,9,145,78,4,82,227
05/19/2023,MHR,CA,AWP,WE,Federal Contract Tower,9,8,15,3,35,0,14,55,6,75,9,22,70,9,110,132,0,132,242
05/20/2023,MHR,CA,AWP,WE,Federal Contract Tower,1,6,13,2,22,0,8,54,6,68,1,14,67,8,90,66,0,66,156
05/21/2023,MHR,CA,AWP,WE,Federal Contract Tower,2,5,15,2,24,0,5,61,5,71,2,10,76,7,95,86,0,86,181
05/22/2023,MHR,CA,AWP,WE,Federal Contract Tower,5,7,16,30,58,3,15,61,1,80,8,22,77,31,138,62,0,62,200
05/23/2023,MHR,CA,AWP,WE,Federal Contract Tower,12,9,29,8,58,0,17,69,22,108,12,26,98,30,166,78,38,116,282
05/24/2023,MHR,CA,AWP,WE,Federal Contract Tower,12,12,33,6,63,0,23,45,14,82,12,35,78,20,145,110,0,110,255
05/25/2023,MHR,CA,AWP,WE,Federal Contract Tower,12,11,24,10,57,0,20,58,15,93,12,31,82,25,150,110,26,136,286
05/26/2023,MHR,CA,AWP,WE,Federal Contract Tower,9,12,25,12,58,0,16,47,5,68,9,28,72,17,126,44,6,50,176
05/27/2023,MHR,CA,AWP,WE,Federal Contract Tower,2,18,14,0,34,0,13,17,3,33,2,31,31,3,67,60,0,60,127
05/28/2023,MHR,CA,AWP,WE,Federal Contract Tower,0,5,15,0,20,0,4,22,0,26,0,9,37,0,46,92,0,92,138
05/29/2023,MHR,CA,AWP,WE,Federal Contract Tower,0,0,13,8,21,0,5,34,6,45,0,5,47,14,66,6,0,6,72
05/30/2023,MHR,CA,AWP,WE,Federal Contract Tower,4,14,25,14,57,0,15,50,10,75,4,29,75,24,132,80,0,80,212
05/31/2023,MHR,CA,AWP,WE,Federal Contract Tower,12,16,39,11,78,0,18,54,20,92,12,34,93,31,170,42,10,52,222
06/01/2023,MHR,CA,AWP,WE,Federal Contract Tower,12,3,26,21,62,0,27,74,11,112,12,30,100,32,174,74,8,82,256
06/02/2023,MHR,CA,AWP,WE,Federal Contract Tower,4,15,29,15,63,0,20,43,9,72,4,35,72,24,135,28,2,30,165
06/03/2023,MHR,CA,AWP,WE,Federal Contract Tower,2,6,14,0,22,0,17,47,4,68,2,23,61,4,90,34,0,34,124
06/04/2023,MHR,CA,AWP,WE,Federal Contract Tower,2,11,11,2,26,0,4,41,2,47,2,15,52,4,73,48,0,48,121
06/05/2023,MHR,CA,AWP,WE,Federal Contract Tower,4,5,12,2,23,0,6,35,11,52,4,11,47,13,75,66,0,66,141
06/06/2023,MHR,CA,AWP,WE,Federal Contract Tower,12,7,15,13,47,0,16,41,6,63,12,23,56,19,110,70,2,72,182
06/07/2023,MHR,CA,AWP,WE,Federal Contract Tower,12,11,26,4,53,0,21,57,11,89,12,32,83,15,142,104,0,104,246
06/08/2023,MHR,CA,AWP,WE,Federal Contract Tower,12,10,23,5,50,0,22,74,7,103,12,32,97,12,153,110,0,110,263
06/09/2023,MHR,CA,AWP,WE,Federal Contract Tower,7,6,19,1,33,0,17,43,9,69,7,23,62,10,102,90,6,96,198
06/10/2023,MHR,CA,AWP,WE,Federal Contract Tower,2,5,12,0,19,0,12,46,1,59,2,17,58,1,78,70,0,70,148
06/11/2023,MHR,CA,AWP,WE,Federal Contract Tower,2,3,15,2,22,0,9,44,3,56,2,12,59,5,78,66,0,66,144
06/12/2023,MHR,CA,AWP,WE,Federal Contract Tower,4,8,21,6,39,0,13,30,7,50,4,21,51,13,89,56,0,56,145
06/13/2023,MHR,CA,AWP,WE,Federal Contract Tower,12,9,17,5,43,0,18,59,15,92,12,27,76,20,135,58,14,72,207
06/14/2023,MHR,CA,AWP,WE,Federal Contract Tower,12,11,29,4,56,0,30,83,2,115,12,41,112,6,171,72,0,72,243
06/15/2023,MHR,CA,AWP,WE,Federal Contract Tower,12,5,27,15,59,0,23,52,7,82,12,28,79,22,141,32,6,38,179
06/16/2023,MHR,CA,AWP,WE,Federal Contract Tower,7,10,29,9,55,0,17,83,7,107,7,27,112,16,162,46,0,46,208
06/17/2023,MHR,CA,AWP,WE,Federal Contract Tower,2,8,16,0,26,0,17,60,0,77,2,25,76,0,103,118,0,118,221
06/18/2023,MHR,CA,AWP,WE,Federal Contract Tower,2,7,19,3,31,0,13,38,1,52,2,20,57,4,83,82,0,82,165
06/19/2023,MHR,CA,AWP,WE,Federal Contract Tower,4,4,19,2,29,0,9,44,1,54,4,13,63,3,83,4,8,12,95
06/20/2023,MHR,CA,AWP,WE,Federal Contract Tower,12,3,14,11,40,2,19,52,21,94,14,22,66,32,134,58,2,60,194
06/21/2023,MHR,CA,AWP,WE,Federal Contract Tower,12,8,23,15,58,0,18,57,12,87,12,26,80,27,145,46,16,62,207
06/22/2023,MHR,CA,AWP,WE,Federal Contract Tower,12,15,20,17,64,0,38,56,8,102,12,53,76,25,166,44,26,70,236
06/23/2023,MHR,CA,AWP,WE,Federal Contract Tower,7,10,34,12,63,0,21,81,7,109,7,31,115,19,172,100,0,100,272
06/24/2023,MHR,CA,AWP,WE,Federal Contract Tower,2,10,20,1,33,0,9,54,2,65,2,19,74,3,98,52,3,55,153
06/25/2023,MHR,CA,AWP,WE,Federal Contract Tower,2,4,30,1,37,0,10,50,3,63,2,14,80,4,100,50,0,50,150
06/26/2023,MHR,CA,AWP,WE,Federal Contract Tower,4,6,17,5,32,0,25,47,4,76,4,31,64,9,108,50,8,58,166
06/27/2023,MHR,CA,AWP,WE,Federal Contract Tower,12,9,17,7,45,0,30,46,0,76,12,39,63,7,121,74,10,84,205
06/28/2023,MHR,CA,AWP,WE,Federal Contract Tower,12,10,23,11,56,0,25,37,17,79,12,35,60,28,135,28,20,48,183
06/29/2023,MHR,CA,AWP,WE,Federal Contract Tower,12,5,21,13,51,0,25,63,11,99,12,30,84,24,150,60,0,60,210
06/30/2023,MHR,CA,AWP,WE,Federal Contract Tower,7,7,16,10,40,0,18,55,15,88,7,25,71,25,128,78,8,86,214
07/01/2023,MHR,CA,AWP,WE,Federal Contract Tower,2,6,24,5,37,0,11,30,1,42,2,17,54,6,79,8,0,8,87
07/02/2023,MHR,CA,AWP,WE,Federal Contract Tower,2,0,10,4,16,0,3,34,0,37,2,3,44,4,53,72,0,72,125
07/03/2023,MHR,CA,AWP,WE,Federal Contract Tower,3,3,10,2,18,0,16,53,2,71,3,19,63,4,89,36,0,36,125
07/04/2023,MHR,CA,AWP,WE,Federal Contract Tower,2,3,5,0,10,0,2,14,0,16,2,5,19,0,26,2,0,2,28
07/05/2023,MHR,CA,AWP,WE,Federal Contract Tower,11,5,17,11,44,0,34,50,3,87,11,39,67,14,131,4,0,4,135
07/06/2023,MHR,CA,AWP,WE,Federal Contract Tower,12,5,20,5,42,0,19,53,6,78,12,24,73,11,120,38,16,54,174
07/07/2023,MHR,CA,AWP,WE,Federal Contract Tower,7,13,24,3,47,0,14,66,7,87,7,27,90,10,134,144,0,144,278
07/08/2023,MHR,CA,AWP,WE,Federal Contract Tower,2,10,16,0,28,0,10,52,0,62,2,20,68,0,90,158,0,158,248
07/09/2023,MHR,CA,AWP,WE,Federal Contract Tower,2,7,25,3,37,0,9,32,0,41,2,16,57,3,78,60,0,60,138
07/10/2023,MHR,CA,AWP,WE,Federal Contract Tower,4,6,28,4,42,0,10,57,2,69,4,16,85,6,111,38,6,44,155
07/11/2023,MHR,CA,AWP,WE,Federal Contract Tower,12,5,31,11,59,0,14,78,15,107,12,19,109,26,166,96,30,126,292
07/12/2023,MHR,CA,AWP,WE,Federal Contract Tower,12,7,28,17,64,0,21,71,13,105,12,28,99,30,169,90,18,108,277
07/13/2023,MHR,CA,AWP,WE,Federal Contract Tower,12,7,35,6,60,0,17,68,6,91,12,24,103,12,151,136,0,136,287
07/14/2023,MHR,CA,AWP,WE,Federal Contract Tower,7,5,22,2,36,0,26,54,1,81,7,31,76,3,117,56,0,56,173
07/15/2023,MHR,CA,AWP,WE,Federal Contract Tower,2,4,13,0,19,0,8,56,0,64,2,12,69,0,83,70,0,70,153
07/16/2023,MHR,CA,AWP,WE,Federal Contract Tower,2,10,15,0,27,0,11,31,0,42,2,21,46,0,69,82,0,82,151
07/17/2023,MHR,CA,AWP,WE,Federal Contract Tower,6,8,25,16,55,0,16,49,1,66,6,24,74,17,121,48,12,60,181
07/18/2023,MHR,CA,AWP,WE,Federal Contract Tower,14,6,21,9,50,0,18,35,15,68,14,24,56,24,118,143,28,171,289
07/19/2023,MHR,CA,AWP,WE,Federal Contract Tower,15,8,26,10,59,0,25,71,7,103,15,33,97,17,162,86,16,102,264
07/20/2023,MHR,CA,AWP,WE,Federal Contract Tower,13,9,32,5,59,0,35,60,6,101,13,44,92,11,160,60,18,78,238
07/21/2023,MHR,CA,AWP,WE,Federal Contract Tower,9,5,29,5,48,6,38,53,4,101,15,43,82,9,149,134,30,164,313
07/22/2023,MHR,CA,AWP,WE,Federal Contract Tower,2,2,24,3,31,0,7,44,2,53,2,9,68,5,84,165,0,165,249
07/23/2023,MHR,CA,AWP,WE,Federal Contract Tower,2,7,21,4,34,0,11,33,1,45,2,18,54,5,79,156,0,156,235
07/24/2023,MHR,CA,AWP,WE,Federal Contract Tower,5,9,13,19,46,0,9,68,8,85,5,18,81,27,131,76,38,114,245
07/25/2023,MHR,CA,AWP,WE,Federal Contract Tower,14,11,29,8,62,0,20,60,6,86,14,31,89,14,148,38,6,44,192
07/26/2023,MHR,CA,AWP,WE,Federal Contract Tower,14,6,29,4,53,0,28,62,15,105,14,34,91,19,158,58,8,66,224
07/27/2023,MHR,CA,AWP,WE,Federal Contract Tower,13,13,20,4,50,0,29,97,8,134,13,42,117,12,184,156,30,186,370
07/30/2023,MHR,CA,AWP,WE,Federal Contract Tower,3,10,16,0,29,0,3,52,0,55,3,13,68,0,84,96,0,96,180
07/31/2023,MHR,CA,AWP,WE,Federal Contract Tower,5,5,17,4,31,0,8,52,5,65,5,13,69,9,96,42,0,42,138
08/01/2023,MHR,CA,AWP,WE,Federal Contract Tower,14,7,16,19,56,0,16,93,12,121,14,23,109,31,177,98,40,138,315
08/02/2023,MHR,CA,AWP,WE,Federal Contract Tower,12,7,17,9,45,0,30,73,10,113,12,37,90,19,158,104,26,130,288
08/03/2023,MHR,CA,AWP,WE,Federal Contract Tower,13,6,24,10,53,0,25,60,3,88,13,31,84,13,141,64,28,92,233
08/06/2023,MHR,CA,AWP,WE,Federal Contract Tower,3,6,29,2,40,0,10,54,2,66,3,16,83,4,106,128,0,128,234
08/08/2023,MHR,CA,AWP,WE,Federal Contract Tower,16,4,10,16,46,0,16,53,8,77,16,20,63,24,123,102,12,114,237
08/09/2023,MHR,CA,AWP,WE,Federal Contract Tower,14,8,24,11,57,0,23,50,6,79,14,31,74,17,136,70,22,92,228
08/10/2023,MHR,CA,AWP,WE,Federal Contract Tower,13,8,16,9,46,0,23,69,7,99,13,31,85,16,145,174,12,186,331
08/11/2023,MHR,CA,AWP,WE,Federal Contract Tower,7,12,23,12,54,0,17,67,4,88,7,29,90,16,142,86,20,106,248
08/12/2023,MHR,CA,AWP,WE,Federal Contract Tower,2,4,18,5,29,0,3,71,3,77,2,7,89,8,106,108,18,126,232
08/13/2023,MHR,CA,AWP,WE,Federal Contract Tower,3,1,12,4,20,0,6,50,3,59,3,7,62,7,79,116,4,120,199
08/14/2023,MHR,CA,AWP,WE,Federal Contract Tower,34,42,0,0,76,0,8,11,0,19,34,50,11,0,95,48,0,48,143
08/16/2023,MHR,CA,AWP,WE,Federal Contract Tower,12,8,15,12,47,0,17,81,17,115,12,25,96,29,162,76,26,102,264
08/17/2023,MHR,CA,AWP,WE,Federal Contract Tower,13,7,36,5,61,0,23,72,5,100,13,30,108,10,161,124,8,132,293
08/18/2023,MHR,CA,AWP,WE,Federal Contract Tower,7,4,18,15,44,0,16,57,1,74,7,20,75,16,118,100,14,114,232
08/19/2023,MHR,CA,AWP,WE,Federal Contract Tower,3,8,12,2,25,0,9,34,0,43,3,17,46,2,68,82,0,82,150
08/20/2023,MHR,CA,AWP,WE,Federal Contract Tower,3,7,20,0,30,0,11,36,0,47,3,18,56,0,77,60,0,60,137
08/21/2023,MHR,CA,AWP,WE,Federal Contract Tower,35,26,0,0,61,0,0,0,0,0,35,26,0,0,61,30,0,30,91
08/22/2023,MHR,CA,AWP,WE,Federal Contract Tower,14,6,11,20,51,0,19,63,12,94,14,25,74,32,145,88,25,113,258
08/23/2023,MHR,CA,AWP,WE,Federal Contract Tower,13,9,5,8,35,0,25,60,13,98,13,34,65,21,133,136,24,160,293
08/24/2023,MHR,CA,AWP,WE,Federal Contract Tower,13,9,16,6,44,0,25,92,3,120,13,34,108,9,164,158,16,174,338
08/25/2023,MHR,CA,AWP,WE,Federal Contract Tower,6,13,23,9,51,0,17,70,13,100,6,30,93,22,151,156,28,184,335
08/26/2023,MHR,CA,AWP,WE,Federal Contract Tower,2,3,9,1,15,0,9,57,4,70,2,12,66,5,85,138,4,142,227
08/27/2023,MHR,CA,AWP,WE,Federal Contract Tower,3,5,26,5,39,0,1,65,1,67,3,6,91,6,106,74,14,88,194
08/28/2023,MHR,CA,AWP,WE,Federal Contract Tower,6,8,20,4,38,0,14,51,4,69,6,22,71,8,107,104,0,104,211
08/29/2023,MHR,CA,AWP,WE,Federal Contract Tower,15,6,21,13,55,0,23,76,22,121,15,29,97,35,176,124,44,168,344
08/30/2023,MHR,CA,AWP,WE,Federal Contract Tower,12,3,18,15,48,0,29,52,13,94,12,32,70,28,142,52,22,74,216
08/31/2023,MHR,CA,AWP,WE,Federal Contract Tower,13,8,19,3,43,0,25,77,10,112,13,33,96,13,155,124,2,126,281
