01/01/2000,MHT,NH,ANE,EN,Towers with Radar,59,19,15,0,93,2,2,27,0,31,61,21,42,0,124,14,0,14,138
01/02/2000,MHT,NH,ANE,EN,Towers with Radar,81,33,32,0,146,2,1,1,0,4,83,34,33,0,150,4,0,4,154
01/03/2000,MHT,NH,ANE,EN,Towers with Radar,87,45,43,0,175,1,1,35,1,38,88,46,78,1,213,20,0,20,233
01/04/2000,MHT,NH,ANE,EN,Towers with Radar,108,65,24,1,198,1,0,0,1,2,109,65,24,2,200,0,0,0,200
01/05/2000,MHT,NH,ANE,EN,Towers with Radar,115,78,39,2,234,1,3,39,6,49,116,81,78,8,283,58,0,58,341
01/06/2000,MHT,NH,ANE,EN,Towers with Radar,109,70,41,2,222,0,3,91,8,102,109,73,132,10,324,118,0,118,442
01/07/2000,MHT,NH,ANE,EN,Towers with Radar,109,68,41,15,233,1,0,29,0,30,110,68,70,15,263,128,0,128,391
01/08/2000,MHT,NH,ANE,EN,Towers with Radar,102,34,31,1,168,3,0,144,0,147,105,34,175,1,315,116,0,116,431
01/09/2000,MHT,NH,ANE,EN,Towers with Radar,85,33,37,6,161,1,1,96,0,98,86,34,133,6,259,174,0,174,433
01/10/2000,MHT,NH,ANE,EN,Towers with Radar,102,48,37,4,191,1,0,5,0,6,103,48,42,4,197,38,2,40,237
01/11/2000,MHT,NH,ANE,EN,Towers with Radar,114,68,32,1,215,1,1,8,0,10,115,69,40,1,225,16,2,18,243
01/12/2000,MHT,NH,ANE,EN,Towers with Radar,111,56,34,2,203,0,14,42,1,57,111,70,76,3,260,62,0,62,322
01/13/2000,MHT,NH,ANE,EN,Towers with Radar,114,73,29,2,218,0,1,8,0,9,114,74,37,2,227,2,0,2,229
01/14/2000,MHT,NH,ANE,EN,Towers with Radar,117,47,27,5,196,1,4,16,0,21,118,51,43,5,217,4,0,4,221
01/15/2000,MHT,NH,ANE,EN,Towers with Radar,98,38,38,3,177,0,5,85,0,90,98,43,123,3,267,102,0,102,369
01/16/2000,MHT,NH,ANE,EN,Towers with Radar,92,26,10,3,131,0,0,0,0,0,92,26,10,3,131,0,0,0,131
01/17/2000,MHT,NH,ANE,EN,Towers with Radar,95,55,16,0,166,0,6,45,0,51,95,61,61,0,217,2,0,2,219
01/18/2000,MHT,NH,ANE,EN,Towers with Radar,108,71,43,0,222,0,6,34,0,40,108,77,77,0,262,4,0,4,266
01/19/2000,MHT,NH,ANE,EN,Towers with Radar,108,72,36,2,218,1,6,42,1,50,109,78,78,3,268,76,0,76,344
01/20/2000,MHT,NH,ANE,EN,Towers with Radar,95,50,30,0,175,1,6,26,0,33,96,56,56,0,208,0,0,0,208
01/21/2000,MHT,NH,ANE,EN,Towers with Radar,107,52,21,2,182,1,1,32,0,34,108,53,53,2,216,0,0,0,216
01/22/2000,MHT,NH,ANE,EN,Towers with Radar,104,33,12,1,150,1,1,22,0,24,105,34,34,1,174,6,0,6,180
01/23/2000,MHT,NH,ANE,EN,Towers with Radar,96,29,29,1,155,1,0,0,2,3,97,29,29,3,158,104,0,104,262
01/24/2000,MHT,NH,ANE,EN,Towers with Radar,107,58,33,0,198,2,0,25,0,27,109,58,58,0,225,108,0,108,333
01/25/2000,MHT,NH,ANE,EN,Towers with Radar,62,29,2,1,94,1,0,27,0,28,63,29,29,1,122,0,0,0,122
01/26/2000,MHT,NH,ANE,EN,Towers with Radar,83,68,25,0,176,1,0,43,0,44,84,68,68,0,220,14,0,14,234
01/27/2000,MHT,NH,ANE,EN,Towers with Radar,107,77,20,1,205,1,5,62,0,68,108,82,82,1,273,14,0,14,287
01/28/2000,MHT,NH,ANE,EN,Towers with Radar,104,56,22,7,189,1,10,44,1,56,105,66,66,8,245,46,0,46,291
01/29/2000,MHT,NH,ANE,EN,Towers with Radar,96,30,26,0,152,1,6,10,0,17,97,36,36,0,169,116,0,116,285
01/30/2000,MHT,NH,ANE,EN,Towers with Radar,76,27,28,0,131,1,1,0,0,2,77,28,28,0,133,86,0,86,219
01/31/2000,MHT,NH,ANE,EN,Towers with Radar,94,53,30,0,177,1,0,23,0,24,95,53,53,0,201,50,0,50,251
02/01/2000,MHT,NH,ANE,EN,Towers with Radar,119,70,41,2,232,0,5,73,4,82,119,75,114,6,314,84,0,84,398
02/02/2000,MHT,NH,ANE,EN,Towers with Radar,120,71,33,6,230,0,1,33,0,34,120,72,66,6,264,40,0,40,304
02/03/2000,MHT,NH,ANE,EN,Towers with Radar,132,76,57,0,265,0,0,74,1,75,132,76,131,1,340,86,0,86,426
02/04/2000,MHT,NH,ANE,EN,Towers with Radar,104,70,33,4,211,0,1,42,0,43,104,71,75,4,254,124,0,124,378
02/05/2000,MHT,NH,ANE,EN,Towers with Radar,90,38,28,0,156,7,0,107,0,114,97,38,135,0,270,96,0,96,366
02/06/2000,MHT,NH,ANE,EN,Towers with Radar,90,25,27,0,142,0,3,37,0,40,90,28,64,0,182,65,0,65,247
02/07/2000,MHT,NH,ANE,EN,Towers with Radar,117,59,32,0,208,0,1,28,0,29,117,60,60,0,237,14,0,14,251
02/08/2000,MHT,NH,ANE,EN,Towers with Radar,112,71,22,2,207,0,5,69,0,74,112,76,91,2,281,34,0,34,315
02/09/2000,MHT,NH,ANE,EN,Towers with Radar,119,76,22,2,219,0,2,43,1,46,119,78,65,3,265,88,0,88,353
02/10/2000,MHT,NH,ANE,EN,Towers with Radar,112,72,52,0,236,0,1,37,0,38,112,73,89,0,274,52,0,52,326
02/11/2000,MHT,NH,ANE,EN,Towers with Radar,102,59,37,0,198,0,0,0,0,0,102,59,37,0,198,0,0,0,198
02/12/2000,MHT,NH,ANE,EN,Towers with Radar,95,36,53,0,184,0,1,95,2,98,95,37,148,2,282,140,0,140,422
02/13/2000,MHT,NH,ANE,EN,Towers with Radar,91,29,25,0,145,0,3,90,0,93,91,32,115,0,238,84,0,84,322
02/14/2000,MHT,NH,ANE,EN,Towers with Radar,97,49,16,0,162,0,0,0,0,0,97,49,16,0,162,2,0,2,164
02/15/2000,MHT,NH,ANE,EN,Towers with Radar,105,69,41,1,216,0,13,38,0,51,105,82,79,1,267,44,0,44,311
02/16/2000,MHT,NH,ANE,EN,Towers with Radar,108,71,33,11,223,0,3,8,18,29,108,74,41,29,252,22,0,22,274
02/17/2000,MHT,NH,ANE,EN,Towers with Radar,114,68,36,0,218,0,3,35,0,38,114,71,71,0,256,34,0,34,290
02/18/2000,MHT,NH,ANE,EN,Towers with Radar,92,52,30,0,174,0,0,22,0,22,92,52,52,0,196,26,0,26,222
02/19/2000,MHT,NH,ANE,EN,Towers with Radar,94,35,17,0,146,0,0,18,0,18,94,35,35,0,164,0,0,0,164
02/20/2000,MHT,NH,ANE,EN,Towers with Radar,86,33,24,0,143,0,0,9,0,9,86,33,33,0,152,62,0,62,214
02/21/2000,MHT,NH,ANE,EN,Towers with Radar,101,55,41,0,197,0,2,16,0,18,101,57,57,0,215,160,0,160,375
02/22/2000,MHT,NH,ANE,EN,Towers with Radar,119,71,34,1,225,0,0,37,1,38,119,71,71,2,263,106,0,106,369
02/23/2000,MHT,NH,ANE,EN,Towers with Radar,114,72,27,0,213,0,2,47,0,49,114,74,74,0,262,42,0,42,304
02/24/2000,MHT,NH,ANE,EN,Towers with Radar,113,80,33,0,226,0,1,48,1,50,113,81,81,1,276,82,0,82,358
02/25/2000,MHT,NH,ANE,EN,Towers with Radar,119,61,18,0,198,0,0,43,0,43,119,61,61,0,241,0,0,0,241
02/26/2000,MHT,NH,ANE,EN,Towers with Radar,55,31,20,0,106,49,4,15,2,70,104,35,35,2,176,10,0,10,186
02/27/2000,MHT,NH,ANE,EN,Towers with Radar,88,30,30,0,148,0,0,0,0,0,88,30,30,0,148,64,0,64,212
02/28/2000,MHT,NH,ANE,EN,Towers with Radar,100,65,37,2,204,0,8,36,2,46,100,73,73,4,250,20,0,20,270
02/29/2000,MHT,NH,ANE,EN,Towers with Radar,101,87,31,2,221,1,4,60,0,65,102,91,91,2,286,46,0,46,332
03/01/2000,MHT,NH,ANE,EN,Towers with Radar,113,72,41,0,226,0,0,96,0,96,113,72,137,0,322,106,0,106,428
03/02/2000,MHT,NH,ANE,EN,Towers with Radar,106,67,35,3,211,0,0,21,0,21,106,67,56,3,232,18,0,18,250
03/03/2000,MHT,NH,ANE,EN,Towers with Radar,114,62,16,2,194,0,3,35,0,38,114,65,51,2,232,42,0,42,274
03/04/2000,MHT,NH,ANE,EN,Towers with Radar,109,36,32,0,177,0,0,99,0,99,109,36,131,0,276,162,0,162,438
03/05/2000,MHT,NH,ANE,EN,Towers with Radar,86,36,54,0,176,0,0,96,0,96,86,36,150,0,272,162,0,162,434
03/06/2000,MHT,NH,ANE,EN,Towers with Radar,105,66,33,3,207,0,1,65,0,66,105,67,98,3,273,32,0,32,305
03/07/2000,MHT,NH,ANE,EN,Towers with Radar,119,76,47,3,245,1,4,65,2,72,120,80,112,5,317,50,0,50,367
03/08/2000,MHT,NH,ANE,EN,Towers with Radar,112,27,72,0,211,0,1,49,1,51,112,28,121,1,262,61,0,61,323
03/09/2000,MHT,NH,ANE,EN,Towers with Radar,117,69,46,0,232,0,0,68,0,68,117,69,114,0,300,56,0,56,356
03/10/2000,MHT,NH,ANE,EN,Towers with Radar,114,63,27,0,204,3,1,91,0,95,117,64,118,0,299,70,0,70,369
03/11/2000,MHT,NH,ANE,EN,Towers with Radar,87,38,10,0,135,0,8,0,0,8,87,46,10,0,143,4,0,4,147
03/12/2000,MHT,NH,ANE,EN,Towers with Radar,92,30,14,0,136,0,0,0,0,0,92,30,14,0,136,4,0,4,140
03/13/2000,MHT,NH,ANE,EN,Towers with Radar,103,54,34,2,193,0,5,70,7,82,103,59,104,9,275,36,0,36,311
03/14/2000,MHT,NH,ANE,EN,Towers with Radar,109,76,28,0,213,0,9,64,2,75,109,85,92,2,288,0,0,0,288
03/15/2000,MHT,NH,ANE,EN,Towers with Radar,114,67,29,2,212,0,2,59,0,61,114,69,88,2,273,0,0,0,273
03/16/2000,MHT,NH,ANE,EN,Towers with Radar,68,34,23,0,125,49,36,60,6,151,117,70,83,6,276,112,0,112,388
03/17/2000,MHT,NH,ANE,EN,Towers with Radar,117,66,6,0,189,0,0,60,0,60,117,66,66,0,249,0,0,0,249
03/18/2000,MHT,NH,ANE,EN,Towers with Radar,90,36,30,0,156,17,0,6,0,23,107,36,36,0,179,106,0,106,285
03/19/2000,MHT,NH,ANE,EN,Towers with Radar,94,23,24,1,142,0,1,0,3,4,94,24,24,4,146,114,0,114,260
03/20/2000,MHT,NH,ANE,EN,Towers with Radar,108,46,46,0,200,0,0,0,0,0,108,46,46,0,200,58,0,58,258
03/21/2000,MHT,NH,ANE,EN,Towers with Radar,117,55,55,2,229,0,0,0,0,0,117,55,55,2,229,64,0,64,293
03/22/2000,MHT,NH,ANE,EN,Towers with Radar,124,79,29,3,235,0,2,52,0,54,124,81,81,3,289,76,0,76,365
03/23/2000,MHT,NH,ANE,EN,Towers with Radar,117,70,45,0,232,0,13,38,0,51,117,83,83,0,283,72,0,72,355
03/24/2000,MHT,NH,ANE,EN,Towers with Radar,108,62,40,1,211,0,10,32,3,45,108,72,72,4,256,98,0,98,354
03/25/2000,MHT,NH,ANE,EN,Towers with Radar,109,25,29,3,166,0,4,0,0,4,109,29,29,3,170,184,0,184,354
03/26/2000,MHT,NH,ANE,EN,Towers with Radar,94,28,28,7,157,0,0,0,0,0,94,28,28,7,157,72,0,72,229
03/27/2000,MHT,NH,ANE,EN,Towers with Radar,101,55,29,0,185,1,0,26,0,27,102,55,55,0,212,82,0,82,294
03/28/2000,MHT,NH,ANE,EN,Towers with Radar,111,72,17,0,200,0,0,55,0,55,111,72,72,0,255,0,0,0,255
03/29/2000,MHT,NH,ANE,EN,Towers with Radar,108,58,55,1,222,0,0,3,0,3,108,58,58,1,225,42,0,42,267
03/30/2000,MHT,NH,ANE,EN,Towers with Radar,120,70,39,2,231,0,3,34,0,37,120,73,73,2,268,80,0,80,348
03/31/2000,MHT,NH,ANE,EN,Towers with Radar,114,60,46,4,224,0,1,15,0,16,114,61,61,4,240,118,0,118,358
04/01/2000,MHT,NH,ANE,EN,Towers with Radar,100,30,53,0,183,1,1,129,2,133,101,31,182,2,316,192,0,192,508
04/02/2000,MHT,NH,ANE,EN,Towers with Radar,86,25,37,0,148,0,0,52,0,52,86,25,89,0,200,56,0,56,256
04/03/2000,MHT,NH,ANE,EN,Towers with Radar,103,50,31,0,184,0,0,3,0,3,103,50,34,0,187,0,0,0,187
04/04/2000,MHT,NH,ANE,EN,Towers with Radar,102,68,21,0,191,1,0,3,0,4,103,68,24,0,195,4,0,4,199
04/05/2000,MHT,NH,ANE,EN,Towers with Radar,114,77,25,2,218,2,2,34,0,38,116,79,59,2,256,28,0,28,284
04/06/2000,MHT,NH,ANE,EN,Towers with Radar,114,68,46,2,230,1,0,71,4,76,115,68,117,6,306,90,0,90,396
04/07/2000,MHT,NH,ANE,EN,Towers with Radar,108,58,49,3,218,2,0,62,4,68,110,58,111,7,286,93,0,93,379
04/08/2000,MHT,NH,ANE,EN,Towers with Radar,102,46,28,1,177,1,0,30,0,31,103,46,58,1,208,30,0,30,238
04/09/2000,MHT,NH,ANE,EN,Towers with Radar,89,24,14,0,127,1,0,0,0,1,90,24,14,0,128,0,0,0,128
04/10/2000,MHT,NH,ANE,EN,Towers with Radar,101,52,36,2,191,1,1,38,6,46,102,53,74,8,237,28,0,28,265
04/11/2000,MHT,NH,ANE,EN,Towers with Radar,107,59,38,0,204,1,0,41,0,42,108,59,79,0,246,75,0,75,321
04/12/2000,MHT,NH,ANE,EN,Towers with Radar,115,67,57,0,239,1,0,29,0,30,116,67,86,0,269,86,0,86,355
04/13/2000,MHT,NH,ANE,EN,Towers with Radar,101,61,40,0,202,0,24,78,6,108,101,85,118,6,310,106,0,106,416
04/14/2000,MHT,NH,ANE,EN,Towers with Radar,105,62,26,0,193,2,23,81,0,106,107,85,107,0,299,76,0,76,375
04/15/2000,MHT,NH,ANE,EN,Towers with Radar,101,39,42,0,182,1,0,87,9,97,102,39,129,9,279,104,0,104,383
04/16/2000,MHT,NH,ANE,EN,Towers with Radar,89,28,43,0,160,1,0,44,1,46,90,28,87,1,206,105,0,105,311
04/17/2000,MHT,NH,ANE,EN,Towers with Radar,99,49,43,1,192,1,0,6,0,7,100,49,49,1,199,53,6,59,258
04/18/2000,MHT,NH,ANE,EN,Towers with Radar,117,55,37,0,209,0,0,18,0,18,117,55,55,0,227,34,0,34,261
04/19/2000,MHT,NH,ANE,EN,Towers with Radar,113,78,68,0,259,0,0,10,0,10,113,78,78,0,269,24,0,24,293
04/20/2000,MHT,NH,ANE,EN,Towers with Radar,112,57,48,0,217,0,0,9,0,9,112,57,57,0,226,48,0,48,274
04/21/2000,MHT,NH,ANE,EN,Towers with Radar,103,46,42,0,191,0,0,4,0,4,103,46,46,0,195,12,0,12,207
04/22/2000,MHT,NH,ANE,EN,Towers with Radar,119,41,19,0,179,0,0,22,0,22,119,41,41,0,201,16,0,16,217
04/23/2000,MHT,NH,ANE,EN,Towers with Radar,128,39,14,0,181,0,0,25,0,25,128,39,39,0,206,2,0,2,208
04/24/2000,MHT,NH,ANE,EN,Towers with Radar,123,79,30,0,232,0,2,51,0,53,123,81,81,0,285,66,0,66,351
04/25/2000,MHT,NH,ANE,EN,Towers with Radar,97,82,36,0,215,0,15,61,0,76,97,97,97,0,291,98,0,98,389
04/26/2000,MHT,NH,ANE,EN,Towers with Radar,106,55,36,0,197,8,15,34,0,57,114,70,70,0,254,0,0,0,254
04/27/2000,MHT,NH,ANE,EN,Towers with Radar,110,74,41,0,225,0,0,33,0,33,110,74,74,0,258,26,0,26,284
04/28/2000,MHT,NH,ANE,EN,Towers with Radar,111,57,38,0,206,0,0,19,0,19,111,57,57,0,225,84,0,84,309
04/29/2000,MHT,NH,ANE,EN,Towers with Radar,98,34,34,0,166,0,0,0,0,0,98,34,34,0,166,134,0,134,300
04/30/2000,MHT,NH,ANE,EN,Towers with Radar,93,29,22,0,144,0,0,7,0,7,93,29,29,0,151,20,0,20,171
05/01/2000,MHT,NH,ANE,EN,Towers with Radar,98,57,34,0,189,2,3,86,0,91,100,60,120,0,280,280,0,280,560
05/02/2000,MHT,NH,ANE,EN,Towers with Radar,112,66,38,0,216,0,2,34,0,36,112,68,72,0,252,14,0,14,266
05/03/2000,MHT,NH,ANE,EN,Towers with Radar,110,71,40,0,221,1,6,122,0,129,111,77,162,0,350,120,0,120,470
05/04/2000,MHT,NH,ANE,EN,Towers with Radar,91,51,35,0,177,11,17,40,0,68,102,68,75,0,245,58,0,58,303
05/05/2000,MHT,NH,ANE,EN,Towers with Radar,109,67,59,4,239,0,0,96,0,96,109,67,155,4,335,90,0,90,425
05/06/2000,MHT,NH,ANE,EN,Towers with Radar,98,35,28,0,161,2,2,71,0,75,100,37,99,0,236,82,0,82,318
05/07/2000,MHT,NH,ANE,EN,Towers with Radar,76,33,28,0,137,18,0,58,0,76,94,33,86,0,213,46,0,46,259
05/08/2000,MHT,NH,ANE,EN,Towers with Radar,88,49,34,0,171,11,11,4,0,26,99,60,38,0,197,30,0,30,227
05/09/2000,MHT,NH,ANE,EN,Towers with Radar,113,83,52,0,248,0,0,28,0,28,113,83,80,0,276,8,0,8,284
05/10/2000,MHT,NH,ANE,EN,Towers with Radar,76,53,24,0,153,0,0,0,0,0,76,53,24,0,153,0,0,0,153
05/11/2000,MHT,NH,ANE,EN,Towers with Radar,127,67,55,1,250,0,0,37,10,47,127,67,92,11,297,46,0,46,343
05/12/2000,MHT,NH,ANE,EN,Towers with Radar,112,49,31,1,193,0,2,94,2,98,112,51,125,3,291,64,0,64,355
05/13/2000,MHT,NH,ANE,EN,Towers with Radar,102,45,18,0,165,0,1,1,0,2,102,46,19,0,167,2,0,2,169
05/14/2000,MHT,NH,ANE,EN,Towers with Radar,77,29,31,3,140,0,6,64,5,75,77,35,95,8,215,62,0,62,277
05/15/2000,MHT,NH,ANE,EN,Towers with Radar,99,49,30,3,181,3,8,88,0,99,102,57,118,3,280,58,0,58,338
05/16/2000,MHT,NH,ANE,EN,Towers with Radar,99,74,45,6,224,0,8,95,0,103,99,82,140,6,327,50,0,50,377
05/17/2000,MHT,NH,ANE,EN,Towers with Radar,119,81,40,2,242,0,7,48,0,55,119,88,88,2,297,96,0,96,393
05/18/2000,MHT,NH,ANE,EN,Towers with Radar,87,77,25,0,189,0,1,53,0,54,87,78,78,0,243,4,0,4,247
05/19/2000,MHT,NH,ANE,EN,Towers with Radar,106,63,64,0,233,0,1,0,0,1,106,64,64,0,234,8,0,8,242
05/20/2000,MHT,NH,ANE,EN,Towers with Radar,99,39,39,4,181,0,2,2,0,4,99,41,41,4,185,86,0,86,271
05/21/2000,MHT,NH,ANE,EN,Towers with Radar,90,31,31,3,155,0,1,1,0,2,90,32,32,3,157,12,0,12,169
05/22/2000,MHT,NH,ANE,EN,Towers with Radar,98,54,43,0,195,0,0,11,0,11,98,54,54,0,206,34,0,34,240
05/23/2000,MHT,NH,ANE,EN,Towers with Radar,101,71,47,0,219,0,12,36,0,48,101,83,83,0,267,78,0,78,345
05/24/2000,MHT,NH,ANE,EN,Towers with Radar,114,63,42,0,219,8,0,21,0,29,122,63,63,0,248,0,0,0,248
05/25/2000,MHT,NH,ANE,EN,Towers with Radar,114,75,37,1,227,2,0,38,2,42,116,75,75,3,269,44,0,44,313
05/26/2000,MHT,NH,ANE,EN,Towers with Radar,109,59,59,0,227,1,6,6,0,13,110,65,65,0,240,84,0,84,324
05/27/2000,MHT,NH,ANE,EN,Towers with Radar,102,32,35,0,169,0,3,0,0,3,102,35,35,0,172,76,0,76,248
05/28/2000,MHT,NH,ANE,EN,Towers with Radar,65,36,23,0,124,19,0,13,0,32,84,36,36,0,156,80,0,80,236
05/29/2000,MHT,NH,ANE,EN,Towers with Radar,0,35,33,0,68,0,51,4,37,92,0,86,37,37,160,58,0,58,218
05/30/2000,MHT,NH,ANE,EN,Towers with Radar,98,55,36,0,189,2,4,23,0,29,100,59,59,0,218,53,0,53,271
05/31/2000,MHT,NH,ANE,EN,Towers with Radar,108,69,48,3,228,0,2,23,2,27,108,71,71,5,255,38,0,38,293
06/01/2000,MHT,NH,ANE,EN,Towers with Radar,113,69,45,0,227,0,2,82,1,85,113,71,127,1,312,66,0,66,378
06/02/2000,MHT,NH,ANE,EN,Towers with Radar,102,42,43,0,187,0,7,27,0,34,102,49,70,0,221,24,0,24,245
06/03/2000,MHT,NH,ANE,EN,Towers with Radar,99,43,32,1,175,0,5,63,1,69,99,48,95,2,244,88,0,88,332
06/04/2000,MHT,NH,ANE,EN,Towers with Radar,90,32,32,0,154,0,1,69,0,70,90,33,101,0,224,64,0,64,288
06/05/2000,MHT,NH,ANE,EN,Towers with Radar,91,60,35,0,186,0,1,26,0,27,91,61,61,0,213,22,0,22,235
06/06/2000,MHT,NH,ANE,EN,Towers with Radar,102,77,32,2,213,0,2,0,0,2,102,79,32,2,215,20,0,20,235
06/07/2000,MHT,NH,ANE,EN,Towers with Radar,114,69,39,2,224,0,3,50,0,53,114,72,89,2,277,20,0,20,297
06/08/2000,MHT,NH,ANE,EN,Towers with Radar,110,68,51,0,229,0,4,85,0,89,110,72,136,0,318,78,0,78,396
06/09/2000,MHT,NH,ANE,EN,Towers with Radar,114,61,45,0,220,0,3,63,0,66,114,64,108,0,286,14,0,14,300
06/10/2000,MHT,NH,ANE,EN,Towers with Radar,95,38,41,0,174,0,2,68,0,70,95,40,109,0,244,90,0,90,334
06/11/2000,MHT,NH,ANE,EN,Towers with Radar,81,37,40,0,158,0,6,88,0,94,81,43,128,0,252,62,0,62,314
06/12/2000,MHT,NH,ANE,EN,Towers with Radar,100,65,59,0,224,0,1,3,0,4,100,66,62,0,228,12,0,12,240
06/13/2000,MHT,NH,ANE,EN,Towers with Radar,104,72,41,1,218,15,0,63,1,79,119,72,104,2,297,62,0,62,359
06/14/2000,MHT,NH,ANE,EN,Towers with Radar,107,65,42,0,214,0,0,31,1,32,107,65,73,1,246,74,0,74,320
06/15/2000,MHT,NH,ANE,EN,Towers with Radar,111,67,54,0,232,0,4,4,2,10,111,71,58,2,242,20,0,20,262
06/16/2000,MHT,NH,ANE,EN,Towers with Radar,109,57,46,0,212,0,1,60,1,62,109,58,106,1,274,24,0,24,298
06/17/2000,MHT,NH,ANE,EN,Towers with Radar,103,38,38,2,181,0,0,0,2,2,103,38,38,4,183,40,0,40,223
06/18/2000,MHT,NH,ANE,EN,Towers with Radar,93,33,33,0,159,1,0,0,0,1,94,33,33,0,160,52,0,52,212
06/19/2000,MHT,NH,ANE,EN,Towers with Radar,98,53,50,0,201,0,1,4,1,6,98,54,54,1,207,62,0,62,269
06/20/2000,MHT,NH,ANE,EN,Towers with Radar,107,63,47,0,217,2,1,17,1,21,109,64,64,1,238,56,0,56,294
06/21/2000,MHT,NH,ANE,EN,Towers with Radar,116,72,43,2,233,0,6,35,2,43,116,78,78,4,276,64,0,64,340
06/22/2000,MHT,NH,ANE,EN,Towers with Radar,108,59,44,0,211,2,21,36,1,60,110,80,80,1,271,36,0,36,307
06/23/2000,MHT,NH,ANE,EN,Towers with Radar,109,63,30,0,202,0,1,34,1,36,109,64,64,1,238,106,0,106,344
06/24/2000,MHT,NH,ANE,EN,Towers with Radar,103,42,39,0,184,0,1,4,0,5,103,43,43,0,189,144,0,144,333
06/25/2000,MHT,NH,ANE,EN,Towers with Radar,81,30,30,0,141,8,0,0,0,8,89,30,30,0,149,22,0,22,171
06/26/2000,MHT,NH,ANE,EN,Towers with Radar,100,47,47,0,194,0,0,0,0,0,100,47,47,0,194,36,0,36,230
06/27/2000,MHT,NH,ANE,EN,Towers with Radar,108,59,44,0,211,12,6,21,0,39,120,65,65,0,250,26,0,26,276
06/28/2000,MHT,NH,ANE,EN,Towers with Radar,112,65,44,0,221,0,10,31,1,42,112,75,75,1,263,104,0,104,367
06/29/2000,MHT,NH,ANE,EN,Towers with Radar,104,63,56,0,223,0,1,8,1,10,104,64,64,1,233,46,0,46,279
06/30/2000,MHT,NH,ANE,EN,Towers with Radar,109,67,38,0,214,0,3,32,2,37,109,70,70,2,251,48,0,48,299
07/01/2000,MHT,NH,ANE,EN,Towers with Radar,103,33,30,0,166,2,3,95,0,100,105,36,125,0,266,166,0,166,432
07/02/2000,MHT,NH,ANE,EN,Towers with Radar,99,29,19,0,147,0,1,96,0,97,99,30,115,0,244,74,0,74,318
07/03/2000,MHT,NH,ANE,EN,Towers with Radar,99,40,24,0,163,0,1,45,0,46,99,41,69,0,209,24,0,24,233
07/04/2000,MHT,NH,ANE,EN,Towers with Radar,90,23,35,0,148,14,0,37,0,51,104,23,72,0,199,38,0,38,237
07/05/2000,MHT,NH,ANE,EN,Towers with Radar,111,56,40,0,207,4,4,65,0,73,115,60,105,0,280,42,0,42,322
07/06/2000,MHT,NH,ANE,EN,Towers with Radar,124,68,30,0,222,0,5,76,0,81,124,73,106,0,303,76,0,76,379
07/07/2000,MHT,NH,ANE,EN,Towers with Radar,123,63,47,0,233,0,13,93,0,106,123,76,140,0,339,100,0,100,439
07/08/2000,MHT,NH,ANE,EN,Towers with Radar,107,44,31,0,182,0,4,119,0,123,107,48,150,0,305,108,0,108,413
07/09/2000,MHT,NH,ANE,EN,Towers with Radar,95,40,32,0,167,0,1,74,0,75,95,41,106,0,242,70,0,70,312
07/10/2000,MHT,NH,ANE,EN,Towers with Radar,110,48,53,2,213,0,1,20,0,21,110,49,73,2,234,17,0,17,251
07/11/2000,MHT,NH,ANE,EN,Towers with Radar,113,67,31,0,211,0,7,78,0,85,113,74,109,0,296,62,0,62,358
07/12/2000,MHT,NH,ANE,EN,Towers with Radar,108,54,41,0,203,13,20,68,8,109,121,74,109,8,312,24,0,24,336
07/13/2000,MHT,NH,ANE,EN,Towers with Radar,110,61,75,0,246,3,5,107,2,117,113,66,182,2,363,46,0,46,409
07/14/2000,MHT,NH,ANE,EN,Towers with Radar,103,49,40,0,192,0,0,60,2,62,103,49,100,2,254,36,0,36,290
07/15/2000,MHT,NH,ANE,EN,Towers with Radar,99,40,37,0,176,13,0,1,0,14,112,40,38,0,190,42,0,42,232
07/16/2000,MHT,NH,ANE,EN,Towers with Radar,90,28,47,0,165,0,1,0,0,1,90,29,47,0,166,12,0,12,178
07/17/2000,MHT,NH,ANE,EN,Towers with Radar,102,63,47,0,212,0,0,16,1,17,102,63,63,1,229,26,0,26,255
07/18/2000,MHT,NH,ANE,EN,Towers with Radar,117,70,36,0,223,0,0,34,1,35,117,70,70,1,258,30,0,30,288
07/19/2000,MHT,NH,ANE,EN,Towers with Radar,105,78,49,0,232,1,1,30,1,33,106,79,79,1,265,60,0,60,325
07/20/2000,MHT,NH,ANE,EN,Towers with Radar,110,75,46,3,234,1,7,36,2,46,111,82,82,5,280,38,0,38,318
07/21/2000,MHT,NH,ANE,EN,Towers with Radar,101,62,31,3,197,0,4,35,4,43,101,66,66,7,240,54,0,54,294
07/22/2000,MHT,NH,ANE,EN,Towers with Radar,111,46,48,2,207,0,3,1,0,4,111,49,49,2,211,60,0,60,271
07/23/2000,MHT,NH,ANE,EN,Towers with Radar,88,44,22,1,155,0,2,24,0,26,88,46,46,1,181,68,0,68,249
07/24/2000,MHT,NH,ANE,EN,Towers with Radar,113,54,47,0,214,0,5,12,4,21,113,59,59,4,235,67,0,67,302
07/25/2000,MHT,NH,ANE,EN,Towers with Radar,115,70,51,0,236,1,2,21,0,24,116,72,72,0,260,66,0,66,326
07/26/2000,MHT,NH,ANE,EN,Towers with Radar,117,71,33,0,221,0,5,43,8,56,117,76,76,8,277,28,0,28,305
07/27/2000,MHT,NH,ANE,EN,Towers with Radar,117,73,44,0,234,0,1,30,0,31,117,74,74,0,265,0,0,0,265
07/28/2000,MHT,NH,ANE,EN,Towers with Radar,94,77,50,0,221,0,1,28,0,29,94,78,78,0,250,34,0,34,284
07/29/2000,MHT,NH,ANE,EN,Towers with Radar,102,46,41,0,189,0,0,5,3,8,102,46,46,3,197,44,0,44,241
07/30/2000,MHT,NH,ANE,EN,Towers with Radar,102,28,29,0,159,0,1,0,1,2,102,29,29,1,161,2,0,2,163
07/31/2000,MHT,NH,ANE,EN,Towers with Radar,105,46,45,0,196,0,2,3,0,5,105,48,48,0,201,20,0,20,221
08/01/2000,MHT,NH,ANE,EN,Towers with Radar,137,65,75,0,277,0,1,1,0,2,137,66,76,0,279,0,0,0,279
08/02/2000,MHT,NH,ANE,EN,Towers with Radar,115,73,42,0,230,0,1,8,1,10,115,74,50,1,240,0,0,0,240
08/03/2000,MHT,NH,ANE,EN,Towers with Radar,103,62,45,1,211,0,15,17,2,34,103,77,62,3,245,0,0,0,245
08/04/2000,MHT,NH,ANE,EN,Towers with Radar,103,61,45,1,210,0,5,83,9,97,103,66,128,10,307,0,0,0,307
08/05/2000,MHT,NH,ANE,EN,Towers with Radar,105,46,30,0,181,0,1,94,1,96,105,47,124,1,277,0,0,0,277
08/06/2000,MHT,NH,ANE,EN,Towers with Radar,110,29,28,0,167,0,2,112,0,114,110,31,140,0,281,0,0,0,281
08/07/2000,MHT,NH,ANE,EN,Towers with Radar,102,61,51,0,214,0,2,4,0,6,102,63,55,0,220,0,0,0,220
08/08/2000,MHT,NH,ANE,EN,Towers with Radar,114,76,69,0,259,0,3,81,0,84,114,79,150,0,343,0,0,0,343
08/09/2000,MHT,NH,ANE,EN,Towers with Radar,100,67,48,0,215,0,23,52,0,75,100,90,100,0,290,0,0,0,290
08/10/2000,MHT,NH,ANE,EN,Towers with Radar,106,71,34,0,211,0,5,112,4,121,106,76,146,4,332,0,0,0,332
08/11/2000,MHT,NH,ANE,EN,Towers with Radar,117,65,56,0,238,0,1,116,0,117,117,66,172,0,355,0,0,0,355
08/12/2000,MHT,NH,ANE,EN,Towers with Radar,105,44,47,1,197,0,0,84,2,86,105,44,131,3,283,0,0,0,283
08/13/2000,MHT,NH,ANE,EN,Towers with Radar,97,35,64,0,196,0,0,27,0,27,97,35,91,0,223,0,0,0,223
08/14/2000,MHT,NH,ANE,EN,Towers with Radar,104,59,48,0,211,0,0,1,0,1,104,59,49,0,212,0,0,0,212
08/15/2000,MHT,NH,ANE,EN,Towers with Radar,109,82,51,9,251,0,1,14,2,17,109,83,65,11,268,0,0,0,268
08/16/2000,MHT,NH,ANE,EN,Towers with Radar,114,77,46,1,238,0,1,31,1,33,114,78,77,2,271,0,0,0,271
08/17/2000,MHT,NH,ANE,EN,Towers with Radar,117,71,50,0,238,0,8,29,0,37,117,79,79,0,275,0,0,0,275
08/18/2000,MHT,NH,ANE,EN,Towers with Radar,112,62,49,0,223,0,0,13,0,13,112,62,62,0,236,0,0,0,236
08/19/2000,MHT,NH,ANE,EN,Towers with Radar,98,45,41,0,184,15,0,4,0,19,113,45,45,0,203,0,0,0,203
08/20/2000,MHT,NH,ANE,EN,Towers with Radar,88,30,30,0,148,4,0,0,0,4,92,30,30,0,152,0,0,0,152
08/21/2000,MHT,NH,ANE,EN,Towers with Radar,96,58,42,1,197,0,20,36,0,56,96,78,78,1,253,0,0,0,253
08/22/2000,MHT,NH,ANE,EN,Towers with Radar,110,67,49,1,227,0,29,47,3,79,110,96,96,4,306,0,0,0,306
08/23/2000,MHT,NH,ANE,EN,Towers with Radar,110,64,46,0,220,8,13,31,0,52,118,77,77,0,272,0,0,0,272
08/24/2000,MHT,NH,ANE,EN,Towers with Radar,122,71,51,1,245,8,1,21,0,30,130,72,72,1,275,0,0,0,275
08/25/2000,MHT,NH,ANE,EN,Towers with Radar,119,70,42,3,234,3,4,32,1,40,122,74,74,4,274,0,0,0,274
08/26/2000,MHT,NH,ANE,EN,Towers with Radar,80,47,33,0,160,25,0,14,0,39,105,47,47,0,199,0,0,0,199
08/27/2000,MHT,NH,ANE,EN,Towers with Radar,96,41,41,1,179,3,0,0,0,3,99,41,41,1,182,0,0,0,182
08/28/2000,MHT,NH,ANE,EN,Towers with Radar,114,65,45,3,227,0,0,20,0,20,114,65,65,3,247,0,0,0,247
08/29/2000,MHT,NH,ANE,EN,Towers with Radar,113,85,59,0,257,0,0,26,1,27,113,85,85,1,284,0,0,0,284
08/30/2000,MHT,NH,ANE,EN,Towers with Radar,116,83,44,6,249,0,3,42,1,46,116,86,86,7,295,0,0,0,295
08/31/2000,MHT,NH,ANE,EN,Towers with Radar,116,78,58,2,254,0,0,20,0,20,116,78,78,2,274,0,0,0,274
09/01/2000,MHT,NH,ANE,EN,Towers with Radar,117,77,2,0,196,0,5,80,0,85,117,82,82,0,281,0,0,0,281
09/02/2000,MHT,NH,ANE,EN,Towers with Radar,101,49,2,0,152,10,0,0,0,10,111,49,2,0,162,28,0,28,190
09/03/2000,MHT,NH,ANE,EN,Towers with Radar,85,31,2,0,118,0,0,4,0,4,85,31,6,0,122,10,0,10,132
09/04/2000,MHT,NH,ANE,EN,Towers with Radar,93,31,2,0,126,0,0,9,0,9,93,31,11,0,135,12,0,12,147
09/05/2000,MHT,NH,ANE,EN,Towers with Radar,100,66,2,0,168,0,8,88,0,96,100,74,90,0,264,82,0,82,346
09/06/2000,MHT,NH,ANE,EN,Towers with Radar,107,65,2,0,174,15,9,102,1,127,122,74,104,1,301,128,0,128,429
09/07/2000,MHT,NH,ANE,EN,Towers with Radar,111,67,0,0,178,11,14,0,0,25,122,81,0,0,203,0,0,0,203
09/08/2000,MHT,NH,ANE,EN,Towers with Radar,109,67,2,0,178,0,9,84,0,93,109,76,86,0,271,0,0,0,271
09/09/2000,MHT,NH,ANE,EN,Towers with Radar,88,45,1,0,134,18,0,113,0,131,106,45,114,0,265,133,0,133,398
09/10/2000,MHT,NH,ANE,EN,Towers with Radar,87,40,1,0,128,0,0,110,0,110,87,40,111,0,238,30,0,30,268
09/11/2000,MHT,NH,ANE,EN,Towers with Radar,96,65,1,0,162,0,0,27,0,27,96,65,28,0,189,0,0,0,189
09/12/2000,MHT,NH,ANE,EN,Towers with Radar,126,71,1,0,198,0,0,29,2,31,126,71,30,2,229,4,0,4,233
09/13/2000,MHT,NH,ANE,EN,Towers with Radar,122,75,1,0,198,0,10,62,0,72,122,85,63,0,270,64,0,64,334
09/14/2000,MHT,NH,ANE,EN,Towers with Radar,109,80,1,0,190,0,12,105,2,119,109,92,106,2,309,58,0,58,367
09/15/2000,MHT,NH,ANE,EN,Towers with Radar,107,65,1,0,173,13,6,10,0,29,120,71,11,0,202,4,0,4,206
09/16/2000,MHT,NH,ANE,EN,Towers with Radar,88,49,1,0,138,26,0,86,0,112,114,49,87,0,250,0,0,0,250
09/17/2000,MHT,NH,ANE,EN,Towers with Radar,98,40,1,0,139,0,0,39,0,39,98,40,40,0,178,62,0,62,240
09/18/2000,MHT,NH,ANE,EN,Towers with Radar,102,61,1,0,164,0,20,80,0,100,102,81,81,0,264,72,0,72,336
09/19/2000,MHT,NH,ANE,EN,Towers with Radar,114,70,1,0,185,0,5,74,0,79,114,75,75,0,264,0,0,0,264
09/20/2000,MHT,NH,ANE,EN,Towers with Radar,113,70,1,0,184,0,17,86,0,103,113,87,87,0,287,50,0,50,337
09/21/2000,MHT,NH,ANE,EN,Towers with Radar,110,65,1,0,176,13,21,85,0,119,123,86,86,0,295,0,0,0,295
09/22/2000,MHT,NH,ANE,EN,Towers with Radar,114,68,1,0,183,3,13,80,0,96,117,81,81,0,279,88,0,88,367
09/23/2000,MHT,NH,ANE,EN,Towers with Radar,100,46,1,0,147,4,0,45,2,51,104,46,46,2,198,64,0,64,262
09/24/2000,MHT,NH,ANE,EN,Towers with Radar,85,50,1,0,136,0,0,49,0,49,85,50,50,0,185,0,0,0,185
09/25/2000,MHT,NH,ANE,EN,Towers with Radar,100,62,1,0,163,0,12,73,0,85,100,74,74,0,248,64,0,64,312
09/26/2000,MHT,NH,ANE,EN,Towers with Radar,113,67,1,0,181,0,25,91,0,116,113,92,92,0,297,12,0,12,309
09/27/2000,MHT,NH,ANE,EN,Towers with Radar,114,67,1,0,182,4,1,67,0,72,118,68,68,0,254,0,0,0,254
09/28/2000,MHT,NH,ANE,EN,Towers with Radar,112,77,1,0,190,0,14,90,0,104,112,91,91,0,294,50,0,50,344
09/29/2000,MHT,NH,ANE,EN,Towers with Radar,108,69,1,0,178,0,10,78,1,89,108,79,79,1,267,128,0,128,395
09/30/2000,MHT,NH,ANE,EN,Towers with Radar,89,53,1,0,143,25,3,55,0,83,114,56,56,0,226,0,0,0,226
10/01/2000,MHT,NH,ANE,EN,Towers with Radar,81,54,44,0,179,1,5,73,0,79,82,59,117,0,258,16,0,16,274
10/02/2000,MHT,NH,ANE,EN,Towers with Radar,99,66,46,0,211,1,2,50,0,53,100,68,96,0,264,44,0,44,308
10/03/2000,MHT,NH,ANE,EN,Towers with Radar,104,85,50,0,239,0,7,89,0,96,104,92,139,0,335,24,0,24,359
10/04/2000,MHT,NH,ANE,EN,Towers with Radar,120,73,33,0,226,1,2,44,0,47,121,75,77,0,273,28,0,28,301
10/05/2000,MHT,NH,ANE,EN,Towers with Radar,111,84,47,0,242,0,0,53,0,53,111,84,100,0,295,34,0,34,329
10/06/2000,MHT,NH,ANE,EN,Towers with Radar,102,71,36,0,209,0,1,0,0,1,102,72,36,0,210,0,0,0,210
10/07/2000,MHT,NH,ANE,EN,Towers with Radar,110,67,49,0,226,1,1,133,0,135,111,68,182,0,361,184,0,184,545
10/08/2000,MHT,NH,ANE,EN,Towers with Radar,88,56,15,2,161,0,2,43,0,45,88,58,58,2,206,12,0,12,218
10/09/2000,MHT,NH,ANE,EN,Towers with Radar,87,69,31,1,188,0,2,37,0,39,87,71,68,1,227,46,0,46,273
10/10/2000,MHT,NH,ANE,EN,Towers with Radar,115,91,53,0,259,0,2,43,0,45,115,93,96,0,304,42,0,42,346
10/11/2000,MHT,NH,ANE,EN,Towers with Radar,107,92,32,0,231,0,1,56,0,57,107,93,88,0,288,20,0,20,308
10/12/2000,MHT,NH,ANE,EN,Towers with Radar,114,91,27,1,233,0,6,114,1,121,114,97,141,2,354,66,0,66,420
10/13/2000,MHT,NH,ANE,EN,Towers with Radar,93,75,37,1,206,0,9,124,7,140,93,84,161,8,346,98,0,98,444
10/14/2000,MHT,NH,ANE,EN,Towers with Radar,104,51,20,1,176,0,3,101,5,109,104,54,121,6,285,66,0,66,351
10/15/2000,MHT,NH,ANE,EN,Towers with Radar,96,50,35,2,183,0,2,128,0,130,96,52,163,2,313,54,0,54,367
10/16/2000,MHT,NH,ANE,EN,Towers with Radar,99,64,31,0,194,0,2,14,0,16,99,66,45,0,210,18,0,18,228
10/17/2000,MHT,NH,ANE,EN,Towers with Radar,108,96,46,1,251,0,1,51,0,52,108,97,97,1,303,27,0,27,330
10/18/2000,MHT,NH,ANE,EN,Towers with Radar,110,82,34,0,226,0,1,49,0,50,110,83,83,0,276,0,0,0,276
10/19/2000,MHT,NH,ANE,EN,Towers with Radar,111,104,49,0,264,0,10,65,0,75,111,114,114,0,339,57,0,57,396
10/20/2000,MHT,NH,ANE,EN,Towers with Radar,113,91,44,1,249,0,5,52,4,61,113,96,96,5,310,46,0,46,356
10/21/2000,MHT,NH,ANE,EN,Towers with Radar,103,51,37,1,192,0,0,14,0,14,103,51,51,1,206,118,0,118,324
10/22/2000,MHT,NH,ANE,EN,Towers with Radar,90,46,32,0,168,0,1,15,0,16,90,47,47,0,184,22,0,22,206
10/23/2000,MHT,NH,ANE,EN,Towers with Radar,96,73,54,2,225,0,2,21,0,23,96,75,75,2,248,40,0,40,288
10/24/2000,MHT,NH,ANE,EN,Towers with Radar,102,102,32,2,238,0,5,75,8,88,102,107,107,10,326,96,0,96,422
10/25/2000,MHT,NH,ANE,EN,Towers with Radar,110,102,23,1,236,0,6,85,4,95,110,108,108,5,331,70,0,70,401
10/26/2000,MHT,NH,ANE,EN,Towers with Radar,105,82,25,3,215,0,1,58,0,59,105,83,83,3,274,80,0,80,354
10/27/2000,MHT,NH,ANE,EN,Towers with Radar,105,79,37,1,222,0,10,52,1,63,105,89,89,2,285,36,0,36,321
10/28/2000,MHT,NH,ANE,EN,Towers with Radar,69,50,25,0,144,48,6,31,0,85,117,56,56,0,229,4,0,4,233
10/29/2000,MHT,NH,ANE,EN,Towers with Radar,84,44,13,1,142,0,1,32,0,33,84,45,45,1,175,0,0,0,175
10/30/2000,MHT,NH,ANE,EN,Towers with Radar,91,74,42,0,207,0,1,33,0,34,91,75,75,0,241,30,0,30,271
10/31/2000,MHT,NH,ANE,EN,Towers with Radar,104,94,41,0,239,0,1,54,0,55,104,95,95,0,294,0,0,0,294
11/01/2000,MHT,NH,ANE,EN,Towers with Radar,113,83,42,0,238,0,15,53,0,68,113,98,95,0,306,24,0,24,330
11/02/2000,MHT,NH,ANE,EN,Towers with Radar,103,90,38,0,231,1,6,65,0,72,104,96,103,0,303,0,0,0,303
11/03/2000,MHT,NH,ANE,EN,Towers with Radar,113,73,37,0,223,1,3,119,0,123,114,76,156,0,346,38,0,38,384
11/04/2000,MHT,NH,ANE,EN,Towers with Radar,95,57,29,0,181,0,1,120,0,121,95,58,149,0,302,118,0,118,420
11/05/2000,MHT,NH,ANE,EN,Towers with Radar,84,45,30,0,159,1,0,25,0,26,85,45,55,0,185,6,0,6,191
11/06/2000,MHT,NH,ANE,EN,Towers with Radar,102,67,21,6,196,0,1,40,0,41,102,68,61,6,237,11,0,11,248
11/07/2000,MHT,NH,ANE,EN,Towers with Radar,105,83,30,0,218,0,1,93,0,94,105,84,123,0,312,56,0,56,368
11/08/2000,MHT,NH,ANE,EN,Towers with Radar,109,90,47,1,247,0,0,37,2,39,109,90,84,3,286,18,0,18,304
11/09/2000,MHT,NH,ANE,EN,Towers with Radar,104,88,44,4,240,0,1,0,0,1,104,89,44,4,241,0,0,0,241
11/10/2000,MHT,NH,ANE,EN,Towers with Radar,108,67,17,0,192,0,1,0,0,1,108,68,17,0,193,0,0,0,193
11/11/2000,MHT,NH,ANE,EN,Towers with Radar,96,49,35,0,180,8,0,13,0,21,104,49,48,0,201,20,0,20,221
11/12/2000,MHT,NH,ANE,EN,Towers with Radar,94,33,53,1,181,0,1,107,0,108,94,34,160,1,289,120,0,120,409
11/13/2000,MHT,NH,ANE,EN,Towers with Radar,91,87,56,1,235,0,1,19,0,20,91,88,75,1,255,0,0,0,255
11/14/2000,MHT,NH,ANE,EN,Towers with Radar,110,96,34,0,240,0,3,1,0,4,110,99,35,0,244,16,0,16,260
11/15/2000,MHT,NH,ANE,EN,Towers with Radar,116,84,44,0,244,0,12,50,0,62,116,96,94,0,306,34,0,34,340
11/16/2000,MHT,NH,ANE,EN,Towers with Radar,108,88,36,9,241,1,1,84,2,88,109,89,120,11,329,46,0,46,375
11/17/2000,MHT,NH,ANE,EN,Towers with Radar,106,80,38,5,229,1,1,43,1,46,107,81,81,6,275,0,0,0,275
11/18/2000,MHT,NH,ANE,EN,Towers with Radar,97,60,40,2,199,1,3,23,0,27,98,63,63,2,226,52,0,52,278
11/19/2000,MHT,NH,ANE,EN,Towers with Radar,88,40,29,3,160,1,1,12,0,14,89,41,41,3,174,76,0,76,250
11/20/2000,MHT,NH,ANE,EN,Towers with Radar,96,78,40,0,214,1,6,44,0,51,97,84,84,0,265,59,0,59,324
11/21/2000,MHT,NH,ANE,EN,Towers with Radar,113,88,34,0,235,1,4,58,0,63,114,92,92,0,298,20,0,20,318
11/22/2000,MHT,NH,ANE,EN,Towers with Radar,114,81,54,0,249,1,0,27,0,28,115,81,81,0,277,46,0,46,323
11/23/2000,MHT,NH,ANE,EN,Towers with Radar,93,37,4,0,134,1,0,33,0,34,94,37,37,0,168,0,0,0,168
11/24/2000,MHT,NH,ANE,EN,Towers with Radar,88,62,32,0,182,1,1,31,0,33,89,63,63,0,215,14,0,14,229
11/25/2000,MHT,NH,ANE,EN,Towers with Radar,92,53,29,0,174,1,2,26,0,29,93,55,55,0,203,70,0,70,273
11/26/2000,MHT,NH,ANE,EN,Towers with Radar,86,44,18,0,148,1,0,26,0,27,87,44,44,0,175,0,0,0,175
11/27/2000,MHT,NH,ANE,EN,Towers with Radar,94,74,42,0,210,1,0,32,0,33,95,74,74,0,243,0,0,0,243
11/28/2000,MHT,NH,ANE,EN,Towers with Radar,118,102,41,6,267,1,0,61,2,64,119,102,102,8,331,30,0,30,361
11/29/2000,MHT,NH,ANE,EN,Towers with Radar,112,82,39,0,233,1,3,46,0,50,113,85,85,0,283,64,0,64,347
11/30/2000,MHT,NH,ANE,EN,Towers with Radar,108,84,29,0,221,1,5,60,0,66,109,89,89,0,287,0,0,0,287
12/01/2000,MHT,NH,ANE,EN,Towers with Radar,112,87,39,0,238,0,1,64,0,65,112,88,103,0,303,64,0,64,367
12/02/2000,MHT,NH,ANE,EN,Towers with Radar,97,47,22,4,170,0,3,85,3,91,97,50,107,7,261,82,0,82,343
12/03/2000,MHT,NH,ANE,EN,Towers with Radar,87,41,25,2,155,0,2,109,0,111,87,43,134,2,266,104,0,104,370
12/04/2000,MHT,NH,ANE,EN,Towers with Radar,96,82,41,0,219,0,3,97,0,100,96,85,138,0,319,60,0,60,379
12/05/2000,MHT,NH,ANE,EN,Towers with Radar,116,94,25,0,235,0,2,24,0,26,116,96,49,0,261,0,0,0,261
12/06/2000,MHT,NH,ANE,EN,Towers with Radar,111,103,43,4,261,0,2,50,0,52,111,105,93,4,313,62,0,62,375
12/07/2000,MHT,NH,ANE,EN,Towers with Radar,115,102,27,3,247,0,2,35,3,40,115,104,62,6,287,0,0,0,287
12/08/2000,MHT,NH,ANE,EN,Towers with Radar,110,87,29,2,228,0,0,9,0,9,110,87,38,2,237,30,0,30,267
12/09/2000,MHT,NH,ANE,EN,Towers with Radar,103,46,32,0,181,0,1,84,0,85,103,47,116,0,266,0,0,0,266
12/10/2000,MHT,NH,ANE,EN,Towers with Radar,87,44,40,0,171,0,0,110,0,110,87,44,150,0,281,94,0,94,375
12/11/2000,MHT,NH,ANE,EN,Towers with Radar,95,68,38,0,201,0,0,7,0,7,95,68,45,0,208,16,0,16,224
12/12/2000,MHT,NH,ANE,EN,Towers with Radar,97,85,24,1,207,0,0,4,0,4,97,85,28,1,211,0,0,0,211
12/13/2000,MHT,NH,ANE,EN,Towers with Radar,118,88,18,2,226,0,0,58,0,58,118,88,76,2,284,18,0,18,302
12/14/2000,MHT,NH,ANE,EN,Towers with Radar,115,74,16,1,206,0,0,1,0,1,115,74,17,1,207,59,0,59,266
12/15/2000,MHT,NH,ANE,EN,Towers with Radar,113,75,37,0,225,0,1,84,1,86,113,76,121,1,311,0,0,0,311
12/16/2000,MHT,NH,ANE,EN,Towers with Radar,113,47,43,0,203,0,0,23,0,23,113,47,66,0,226,12,0,12,238
12/17/2000,MHT,NH,ANE,EN,Towers with Radar,88,25,6,0,119,0,0,19,0,19,88,25,25,0,138,6,0,6,144
12/18/2000,MHT,NH,ANE,EN,Towers with Radar,91,67,26,0,184,0,0,41,0,41,91,67,67,0,225,2,0,2,227
12/19/2000,MHT,NH,ANE,EN,Towers with Radar,123,85,31,0,239,0,1,55,0,56,123,86,86,0,295,0,0,0,295
12/20/2000,MHT,NH,ANE,EN,Towers with Radar,128,108,26,0,262,0,0,82,0,82,128,108,108,0,344,0,0,0,344
12/21/2000,MHT,NH,ANE,EN,Towers with Radar,132,96,42,0,270,0,4,58,0,62,132,100,100,0,332,24,0,24,356
12/22/2000,MHT,NH,ANE,EN,Towers with Radar,116,94,16,0,226,0,0,78,0,78,116,94,94,0,304,0,0,0,304
12/23/2000,MHT,NH,ANE,EN,Towers with Radar,111,73,37,0,221,0,1,37,0,38,111,74,74,0,259,68,0,68,327
12/24/2000,MHT,NH,ANE,EN,Towers with Radar,78,35,31,0,144,0,0,4,0,4,78,35,35,0,148,28,0,28,176
12/25/2000,MHT,NH,ANE,EN,Towers with Radar,45,25,12,0,82,31,0,13,0,44,76,25,25,0,126,0,0,0,126
12/26/2000,MHT,NH,ANE,EN,Towers with Radar,112,50,12,0,174,0,2,40,0,42,112,52,52,0,216,0,0,0,216
12/27/2000,MHT,NH,ANE,EN,Towers with Radar,114,89,23,4,230,0,0,66,0,66,114,89,89,4,296,14,0,14,310
12/28/2000,MHT,NH,ANE,EN,Towers with Radar,125,86,20,0,231,0,0,66,0,66,125,86,86,0,297,12,0,12,309
12/29/2000,MHT,NH,ANE,EN,Towers with Radar,110,70,53,0,233,0,1,18,0,19,110,71,71,0,252,92,0,92,344
12/30/2000,MHT,NH,ANE,EN,Towers with Radar,66,16,4,0,86,0,0,12,0,12,66,16,16,0,98,0,0,0,98
12/31/2000,MHT,NH,ANE,EN,Towers with Radar,69,17,5,0,91,0,0,12,0,12,69,17,17,0,103,0,0,0,103
01/01/2001,MHT,NH,ANE,EN,Towers with Radar,71,28,12,0,111,0,2,23,0,25,71,30,35,0,136,12,0,12,148
01/02/2001,MHT,NH,ANE,EN,Towers with Radar,103,62,26,2,193,0,2,40,3,45,103,64,66,5,238,18,0,18,256
01/03/2001,MHT,NH,ANE,EN,Towers with Radar,103,91,39,3,236,0,1,52,0,53,103,92,91,3,289,32,0,32,321
01/04/2001,MHT,NH,ANE,EN,Towers with Radar,102,81,39,0,222,0,1,36,0,37,102,82,75,0,259,28,0,28,287
01/05/2001,MHT,NH,ANE,EN,Towers with Radar,99,73,41,0,213,0,1,41,0,42,99,74,82,0,255,18,0,18,273
01/06/2001,MHT,NH,ANE,EN,Towers with Radar,98,45,18,0,161,0,1,15,0,16,98,46,33,0,177,10,0,10,187
01/07/2001,MHT,NH,ANE,EN,Towers with Radar,84,36,23,0,143,0,1,59,0,60,84,37,82,0,203,44,0,44,247
01/08/2001,MHT,NH,ANE,EN,Towers with Radar,98,57,26,0,181,0,1,33,0,34,98,58,59,0,215,16,0,16,231
01/09/2001,MHT,NH,ANE,EN,Towers with Radar,107,67,35,1,210,0,1,9,0,10,107,68,44,1,220,0,0,0,220
01/10/2001,MHT,NH,ANE,EN,Towers with Radar,113,81,26,3,223,0,2,36,0,38,113,83,62,3,261,14,0,14,275
01/11/2001,MHT,NH,ANE,EN,Towers with Radar,110,73,23,2,208,0,1,16,20,37,110,74,39,22,245,21,0,21,266
01/12/2001,MHT,NH,ANE,EN,Towers with Radar,112,75,26,4,217,0,2,87,3,92,112,77,113,7,309,64,0,64,373
01/13/2001,MHT,NH,ANE,EN,Towers with Radar,77,36,25,0,138,16,0,112,0,128,93,36,137,0,266,92,0,92,358
01/14/2001,MHT,NH,ANE,EN,Towers with Radar,92,31,43,0,166,0,1,102,0,103,92,32,145,0,269,118,0,118,387
01/15/2001,MHT,NH,ANE,EN,Towers with Radar,95,60,21,2,178,0,0,0,0,0,95,60,21,2,178,0,0,0,178
01/16/2001,MHT,NH,ANE,EN,Towers with Radar,100,78,39,7,224,0,0,13,0,13,100,78,52,7,237,0,0,0,237
01/17/2001,MHT,NH,ANE,EN,Towers with Radar,114,76,58,1,249,0,0,18,0,18,114,76,76,1,267,0,0,0,267
01/18/2001,MHT,NH,ANE,EN,Towers with Radar,111,72,40,11,234,0,1,33,0,34,111,73,73,11,268,0,0,0,268
01/19/2001,MHT,NH,ANE,EN,Towers with Radar,104,60,21,4,189,0,0,39,0,39,104,60,60,4,228,0,0,0,228
01/20/2001,MHT,NH,ANE,EN,Towers with Radar,94,38,14,3,149,0,0,24,0,24,94,38,38,3,173,4,0,4,177
01/21/2001,MHT,NH,ANE,EN,Towers with Radar,84,25,14,2,125,0,1,12,0,13,84,26,26,2,138,0,0,0,138
01/22/2001,MHT,NH,ANE,EN,Towers with Radar,94,63,21,0,178,0,1,43,3,47,94,64,64,3,225,62,0,62,287
01/23/2001,MHT,NH,ANE,EN,Towers with Radar,112,76,43,0,231,0,3,36,0,39,112,79,79,0,270,26,0,26,296
01/24/2001,MHT,NH,ANE,EN,Towers with Radar,109,85,41,0,235,0,0,44,2,46,109,85,85,2,281,42,0,42,323
01/25/2001,MHT,NH,ANE,EN,Towers with Radar,104,94,43,0,241,0,3,54,0,57,104,97,97,0,298,36,0,36,334
01/26/2001,MHT,NH,ANE,EN,Towers with Radar,112,67,55,2,236,0,4,16,1,21,112,71,71,3,257,68,0,68,325
01/27/2001,MHT,NH,ANE,EN,Towers with Radar,88,43,26,0,157,0,0,17,0,17,88,43,43,0,174,20,0,20,194
01/28/2001,MHT,NH,ANE,EN,Towers with Radar,89,32,34,0,155,0,2,0,0,2,89,34,34,0,157,48,0,48,205
01/29/2001,MHT,NH,ANE,EN,Towers with Radar,97,69,36,0,202,0,3,36,0,39,97,72,72,0,241,78,0,78,319
01/30/2001,MHT,NH,ANE,EN,Towers with Radar,106,68,14,0,188,0,0,54,0,54,106,68,68,0,242,0,0,0,242
01/31/2001,MHT,NH,ANE,EN,Towers with Radar,116,77,43,1,237,0,0,34,3,37,116,77,77,4,274,5,0,5,279
02/01/2001,MHT,NH,ANE,EN,Towers with Radar,107,84,55,5,251,1,0,17,0,18,108,84,72,5,269,34,0,34,303
02/02/2001,MHT,NH,ANE,EN,Towers with Radar,105,78,58,0,241,0,0,31,2,33,105,78,89,2,274,90,0,90,364
02/03/2001,MHT,NH,ANE,EN,Towers with Radar,96,37,23,8,164,1,0,47,0,48,97,37,70,8,212,34,0,34,246
02/04/2001,MHT,NH,ANE,EN,Towers with Radar,89,41,41,0,171,1,0,123,0,124,90,41,164,0,295,92,0,92,387
02/05/2001,MHT,NH,ANE,EN,Towers with Radar,78,45,30,2,155,1,0,2,0,3,79,45,32,2,158,12,0,12,170
02/06/2001,MHT,NH,ANE,EN,Towers with Radar,91,78,42,2,213,1,0,10,0,11,92,78,52,2,224,4,0,4,228
02/07/2001,MHT,NH,ANE,EN,Towers with Radar,110,77,36,0,223,1,12,43,0,56,111,89,79,0,279,26,0,26,305
02/08/2001,MHT,NH,ANE,EN,Towers with Radar,107,79,36,0,222,1,0,53,0,54,108,79,89,0,276,70,0,70,346
02/09/2001,MHT,NH,ANE,EN,Towers with Radar,82,53,18,3,156,1,0,0,0,1,83,53,18,3,157,0,0,0,157
02/10/2001,MHT,NH,ANE,EN,Towers with Radar,93,33,7,1,134,1,0,7,1,9,94,33,14,2,143,0,0,0,143
02/11/2001,MHT,NH,ANE,EN,Towers with Radar,90,38,8,0,136,1,3,11,0,15,91,41,19,0,151,10,0,10,161
02/12/2001,MHT,NH,ANE,EN,Towers with Radar,97,66,53,1,217,1,1,87,0,89,98,67,140,1,306,38,0,38,344
02/13/2001,MHT,NH,ANE,EN,Towers with Radar,102,85,36,3,226,1,3,68,5,77,103,88,104,8,303,66,0,66,369
02/14/2001,MHT,NH,ANE,EN,Towers with Radar,103,85,33,2,223,1,0,24,0,25,104,85,57,2,248,28,0,28,276
02/15/2001,MHT,NH,ANE,EN,Towers with Radar,109,90,71,2,272,1,0,55,15,71,110,90,126,17,343,72,0,72,415
02/16/2001,MHT,NH,ANE,EN,Towers with Radar,107,77,35,0,219,1,3,35,0,39,108,80,70,0,258,34,0,34,292
02/17/2001,MHT,NH,ANE,EN,Towers with Radar,97,36,17,0,150,1,0,19,0,20,98,36,36,0,170,0,0,0,170
02/18/2001,MHT,NH,ANE,EN,Towers with Radar,85,33,14,0,132,1,1,20,0,22,86,34,34,0,154,48,0,48,202
02/19/2001,MHT,NH,ANE,EN,Towers with Radar,102,56,30,0,188,0,1,27,0,28,102,57,57,0,216,12,0,12,228
02/20/2001,MHT,NH,ANE,EN,Towers with Radar,109,78,28,7,222,0,1,51,2,54,109,79,79,9,276,48,0,48,324
02/21/2001,MHT,NH,ANE,EN,Towers with Radar,105,75,27,0,207,0,3,51,0,54,105,78,78,0,261,10,0,10,271
02/22/2001,MHT,NH,ANE,EN,Towers with Radar,109,77,44,2,232,0,1,34,0,35,109,78,78,2,267,58,0,58,325
02/23/2001,MHT,NH,ANE,EN,Towers with Radar,105,56,48,2,211,0,1,9,0,10,105,57,57,2,221,58,0,58,279
02/24/2001,MHT,NH,ANE,EN,Towers with Radar,104,32,35,1,172,0,3,0,0,3,104,35,35,1,175,82,0,82,257
02/25/2001,MHT,NH,ANE,EN,Towers with Radar,83,32,4,0,119,0,1,29,0,30,83,33,33,0,149,0,0,0,149
02/26/2001,MHT,NH,ANE,EN,Towers with Radar,107,64,38,1,210,0,0,26,2,28,107,64,64,3,238,48,0,48,286
02/27/2001,MHT,NH,ANE,EN,Towers with Radar,108,74,44,1,227,0,0,30,0,30,108,74,74,1,257,67,0,67,324
02/28/2001,MHT,NH,ANE,EN,Towers with Radar,115,85,59,2,261,0,3,29,0,32,115,88,88,2,293,34,0,34,327
03/01/2001,MHT,NH,ANE,EN,Towers with Radar,120,74,33,2,229,0,0,74,2,76,120,74,107,4,305,74,2,76,381
03/02/2001,MHT,NH,ANE,EN,Towers with Radar,105,69,33,0,207,0,0,2,2,4,105,69,35,2,211,2,2,4,215
03/03/2001,MHT,NH,ANE,EN,Towers with Radar,95,42,24,0,161,0,0,40,0,40,95,42,64,0,201,40,0,40,241
03/04/2001,MHT,NH,ANE,EN,Towers with Radar,90,33,67,0,190,0,0,98,0,98,90,33,165,0,288,98,0,98,386
03/05/2001,MHT,NH,ANE,EN,Towers with Radar,54,6,11,0,71,0,0,0,0,0,54,6,11,0,71,0,0,0,71
03/06/2001,MHT,NH,ANE,EN,Towers with Radar,33,16,7,0,56,0,0,0,0,0,33,16,7,0,56,0,0,0,56
03/07/2001,MHT,NH,ANE,EN,Towers with Radar,107,90,33,0,230,0,0,25,0,25,107,90,58,0,255,26,0,26,281
03/08/2001,MHT,NH,ANE,EN,Towers with Radar,105,89,37,3,234,0,0,30,0,30,105,89,67,3,264,30,0,30,294
03/09/2001,MHT,NH,ANE,EN,Towers with Radar,109,70,18,0,197,0,0,0,0,0,109,70,18,0,197,0,0,0,197
03/10/2001,MHT,NH,ANE,EN,Towers with Radar,97,37,14,0,148,0,0,6,0,6,97,37,20,0,154,6,0,6,160
03/11/2001,MHT,NH,ANE,EN,Towers with Radar,91,36,40,2,169,0,0,56,0,56,91,36,96,2,225,56,0,56,281
03/12/2001,MHT,NH,ANE,EN,Towers with Radar,102,65,45,4,216,0,0,110,0,110,102,65,155,4,326,110,0,110,436
03/13/2001,MHT,NH,ANE,EN,Towers with Radar,112,82,8,0,202,0,0,0,0,0,112,82,8,0,202,0,0,0,202
03/14/2001,MHT,NH,ANE,EN,Towers with Radar,117,96,30,0,243,0,0,0,0,0,117,96,30,0,243,0,0,0,243
03/15/2001,MHT,NH,ANE,EN,Towers with Radar,113,84,49,4,250,0,0,50,0,50,113,84,99,4,300,50,0,50,350
03/16/2001,MHT,NH,ANE,EN,Towers with Radar,107,88,67,2,264,0,0,88,0,88,107,88,155,2,352,88,0,88,440
03/17/2001,MHT,NH,ANE,EN,Towers with Radar,108,37,45,0,190,0,0,170,0,170,108,37,215,0,360,170,0,170,530
03/18/2001,MHT,NH,ANE,EN,Towers with Radar,101,27,43,0,171,0,0,42,0,42,101,27,85,0,213,42,0,42,255
03/19/2001,MHT,NH,ANE,EN,Towers with Radar,91,62,32,0,185,0,0,104,0,104,91,62,136,0,289,104,0,104,393
03/20/2001,MHT,NH,ANE,EN,Towers with Radar,115,82,40,7,244,0,0,90,0,90,115,82,130,7,334,90,0,90,424
03/21/2001,MHT,NH,ANE,EN,Towers with Radar,125,80,22,0,227,0,0,24,0,24,125,80,46,0,251,26,0,26,277
03/22/2001,MHT,NH,ANE,EN,Towers with Radar,126,60,4,0,190,0,0,0,0,0,126,60,4,0,190,0,0,0,190
03/23/2001,MHT,NH,ANE,EN,Towers with Radar,116,74,32,5,227,0,0,14,0,14,116,74,46,5,241,14,0,14,255
03/24/2001,MHT,NH,ANE,EN,Towers with Radar,107,44,27,0,178,0,0,66,0,66,107,44,93,0,244,66,0,66,310
03/25/2001,MHT,NH,ANE,EN,Towers with Radar,96,32,52,8,188,0,0,60,0,60,96,32,112,8,248,60,0,60,308
03/26/2001,MHT,NH,ANE,EN,Towers with Radar,93,55,38,0,186,0,0,26,0,26,93,55,64,0,212,26,0,26,238
03/27/2001,MHT,NH,ANE,EN,Towers with Radar,111,79,30,0,220,0,0,74,0,74,111,79,104,0,294,74,0,74,368
03/28/2001,MHT,NH,ANE,EN,Towers with Radar,112,91,49,6,258,0,0,62,0,62,112,91,111,6,320,62,0,62,382
03/29/2001,MHT,NH,ANE,EN,Towers with Radar,113,88,32,1,234,0,0,40,0,40,113,88,72,1,274,40,0,40,314
03/30/2001,MHT,NH,ANE,EN,Towers with Radar,99,61,19,0,179,0,0,0,0,0,99,61,19,0,179,0,0,0,179
03/31/2001,MHT,NH,ANE,EN,Towers with Radar,98,33,34,0,165,0,0,44,0,44,98,33,78,0,209,44,0,44,253
04/01/2001,MHT,NH,ANE,EN,Towers with Radar,82,30,28,0,140,6,0,44,0,50,88,30,72,0,190,18,0,18,208
04/02/2001,MHT,NH,ANE,EN,Towers with Radar,102,65,38,4,209,0,2,25,0,27,102,67,63,4,236,0,0,0,236
04/03/2001,MHT,NH,ANE,EN,Towers with Radar,110,81,49,2,242,0,0,89,1,90,110,81,138,3,332,66,0,66,398
04/04/2001,MHT,NH,ANE,EN,Towers with Radar,110,68,40,0,218,0,17,81,0,98,110,85,121,0,316,40,0,40,356
04/05/2001,MHT,NH,ANE,EN,Towers with Radar,107,80,48,2,237,0,0,155,0,155,107,80,203,2,392,94,0,94,486
04/06/2001,MHT,NH,ANE,EN,Towers with Radar,106,66,39,1,212,0,2,47,0,49,106,68,86,1,261,24,0,24,285
04/07/2001,MHT,NH,ANE,EN,Towers with Radar,95,40,31,1,167,1,0,208,13,222,96,40,239,14,389,0,0,0,389
04/08/2001,MHT,NH,ANE,EN,Towers with Radar,69,30,14,0,113,21,0,0,0,21,90,30,14,0,134,4,0,4,138
04/09/2001,MHT,NH,ANE,EN,Towers with Radar,89,50,37,0,176,0,0,23,0,23,89,50,60,0,199,38,0,38,237
04/10/2001,MHT,NH,ANE,EN,Towers with Radar,107,72,41,2,222,0,10,73,0,83,107,82,114,2,305,64,0,64,369
04/11/2001,MHT,NH,ANE,EN,Towers with Radar,110,82,25,0,217,0,2,56,0,58,110,84,81,0,275,40,0,40,315
04/12/2001,MHT,NH,ANE,EN,Towers with Radar,108,86,35,0,229,0,1,1,0,2,108,87,36,0,231,0,0,0,231
04/13/2001,MHT,NH,ANE,EN,Towers with Radar,112,61,45,2,220,0,2,37,0,39,112,63,82,2,259,0,0,0,259
04/14/2001,MHT,NH,ANE,EN,Towers with Radar,74,40,24,1,139,29,0,53,1,83,103,40,77,2,222,14,0,14,236
04/15/2001,MHT,NH,ANE,EN,Towers with Radar,110,69,39,2,220,0,15,85,2,102,110,84,124,4,322,28,0,28,350
04/16/2001,MHT,NH,ANE,EN,Towers with Radar,98,64,46,4,212,0,2,94,0,96,98,66,140,4,308,34,0,34,342
04/17/2001,MHT,NH,ANE,EN,Towers with Radar,90,39,30,0,159,19,0,75,0,94,109,39,105,0,253,0,0,0,253
04/18/2001,MHT,NH,ANE,EN,Towers with Radar,92,28,31,0,151,15,0,28,0,43,107,28,59,0,194,2,0,2,196
04/19/2001,MHT,NH,ANE,EN,Towers with Radar,91,59,34,0,184,0,6,90,0,96,91,65,124,0,280,30,0,30,310
04/20/2001,MHT,NH,ANE,EN,Towers with Radar,115,74,43,3,235,0,10,127,6,143,115,84,170,9,378,88,0,88,466
04/21/2001,MHT,NH,ANE,EN,Towers with Radar,117,70,41,0,228,8,10,41,0,59,125,80,82,0,287,0,0,0,287
04/22/2001,MHT,NH,ANE,EN,Towers with Radar,79,47,27,0,153,47,13,5,0,65,126,60,32,0,218,2,0,2,220
04/23/2001,MHT,NH,ANE,EN,Towers with Radar,104,62,36,2,204,12,13,86,3,114,116,75,122,5,318,58,0,58,376
04/24/2001,MHT,NH,ANE,EN,Towers with Radar,97,48,33,0,178,10,0,25,0,35,107,48,58,0,213,46,0,46,259
04/25/2001,MHT,NH,ANE,EN,Towers with Radar,90,36,31,2,159,6,0,107,7,120,96,36,138,9,279,0,0,0,279
04/26/2001,MHT,NH,ANE,EN,Towers with Radar,93,55,36,2,186,0,0,116,0,116,93,55,152,2,302,0,0,0,302
04/27/2001,MHT,NH,ANE,EN,Towers with Radar,111,67,39,0,217,0,17,57,0,74,111,84,96,0,291,44,0,44,335
04/28/2001,MHT,NH,ANE,EN,Towers with Radar,112,76,44,3,235,0,16,61,3,80,112,92,105,6,315,48,0,48,363
04/29/2001,MHT,NH,ANE,EN,Towers with Radar,113,73,42,1,229,0,15,81,0,96,113,88,123,1,325,70,0,70,395
04/30/2001,MHT,NH,ANE,EN,Towers with Radar,76,45,26,0,147,23,22,78,0,123,99,67,104,0,270,34,0,34,304
05/01/2001,MHT,NH,ANE,EN,Towers with Radar,101,75,43,1,220,1,11,59,0,71,102,86,102,1,291,44,0,44,335
05/02/2001,MHT,NH,ANE,EN,Towers with Radar,110,89,53,1,253,0,0,76,0,76,110,89,129,1,329,40,0,40,369
05/03/2001,MHT,NH,ANE,EN,Towers with Radar,109,80,47,1,237,0,12,95,0,107,109,92,142,1,344,54,0,54,398
05/04/2001,MHT,NH,ANE,EN,Towers with Radar,104,81,48,3,236,0,1,52,19,72,104,82,100,22,308,74,0,74,382
05/05/2001,MHT,NH,ANE,EN,Towers with Radar,81,42,35,1,159,13,0,20,0,33,94,42,55,1,192,14,0,14,206
05/06/2001,MHT,NH,ANE,EN,Towers with Radar,85,43,23,0,151,0,0,88,0,88,85,43,111,0,239,52,0,52,291
05/07/2001,MHT,NH,ANE,EN,Towers with Radar,87,65,39,0,191,0,5,70,0,75,87,70,109,0,266,12,0,12,278
05/08/2001,MHT,NH,ANE,EN,Towers with Radar,110,90,52,1,253,0,0,75,0,75,110,90,127,1,328,12,0,12,340
05/09/2001,MHT,NH,ANE,EN,Towers with Radar,108,85,40,0,233,0,3,81,0,84,108,88,121,0,317,106,0,106,423
05/10/2001,MHT,NH,ANE,EN,Towers with Radar,118,100,28,0,246,0,2,81,0,83,118,102,109,0,329,50,0,50,379
05/11/2001,MHT,NH,ANE,EN,Towers with Radar,107,81,45,0,233,1,0,108,0,109,108,81,153,0,342,86,0,86,428
05/12/2001,MHT,NH,ANE,EN,Towers with Radar,81,42,36,0,159,18,0,53,0,71,99,42,89,0,230,42,0,42,272
05/13/2001,MHT,NH,ANE,EN,Towers with Radar,80,45,21,0,146,1,5,35,0,41,81,50,56,0,187,24,0,24,211
05/14/2001,MHT,NH,ANE,EN,Towers with Radar,88,64,39,2,193,10,8,24,0,42,98,72,63,2,235,12,0,12,247
05/15/2001,MHT,NH,ANE,EN,Towers with Radar,111,92,82,0,285,1,0,41,0,42,112,92,123,0,327,8,0,8,335
05/16/2001,MHT,NH,ANE,EN,Towers with Radar,106,88,94,6,294,1,0,0,0,1,107,88,94,6,295,6,0,6,301
05/17/2001,MHT,NH,ANE,EN,Towers with Radar,102,86,51,1,240,0,20,50,0,70,102,106,101,1,310,64,0,64,374
05/18/2001,MHT,NH,ANE,EN,Towers with Radar,107,75,55,2,239,0,0,70,0,70,107,75,125,2,309,100,0,100,409
05/19/2001,MHT,NH,ANE,EN,Towers with Radar,93,47,54,0,194,1,0,30,2,33,94,47,84,2,227,24,0,24,251
05/20/2001,MHT,NH,ANE,EN,Towers with Radar,81,38,45,0,164,1,0,98,0,99,82,38,143,0,263,40,0,40,303
05/21/2001,MHT,NH,ANE,EN,Towers with Radar,93,67,29,0,189,1,0,32,0,33,94,67,61,0,222,20,0,20,242
05/22/2001,MHT,NH,ANE,EN,Towers with Radar,111,79,47,0,237,0,0,28,0,28,111,79,75,0,265,8,0,8,273
05/23/2001,MHT,NH,ANE,EN,Towers with Radar,113,93,56,2,264,0,3,25,2,30,113,96,81,4,294,20,0,20,314
05/24/2001,MHT,NH,ANE,EN,Towers with Radar,112,97,43,0,252,1,0,49,0,50,113,97,92,0,302,38,0,38,340
05/25/2001,MHT,NH,ANE,EN,Towers with Radar,98,77,32,14,221,1,0,76,1,78,99,77,108,15,299,106,0,106,405
05/26/2001,MHT,NH,ANE,EN,Towers with Radar,94,42,33,0,169,1,0,52,0,53,95,42,85,0,222,42,0,42,264
05/27/2001,MHT,NH,ANE,EN,Towers with Radar,79,33,9,0,121,1,0,0,0,1,80,33,9,0,122,0,0,0,122
05/28/2001,MHT,NH,ANE,EN,Towers with Radar,84,37,27,0,148,1,0,4,0,5,85,37,31,0,153,8,0,8,161
05/29/2001,MHT,NH,ANE,EN,Towers with Radar,87,64,38,1,190,8,7,31,7,53,95,71,69,8,243,10,0,10,253
05/30/2001,MHT,NH,ANE,EN,Towers with Radar,95,70,42,0,207,16,22,46,0,84,111,92,88,0,291,0,0,0,291
05/31/2001,MHT,NH,ANE,EN,Towers with Radar,107,88,31,0,226,1,1,34,0,36,108,89,65,0,262,0,0,0,262
06/01/2001,MHT,NH,ANE,EN,Towers with Radar,104,75,56,1,236,1,19,96,3,119,105,94,152,4,355,54,0,54,409
06/02/2001,MHT,NH,ANE,EN,Towers with Radar,97,41,32,0,170,1,1,0,0,2,98,42,32,0,172,0,0,0,172
06/03/2001,MHT,NH,ANE,EN,Towers with Radar,68,43,30,0,141,18,0,0,0,18,86,43,30,0,159,0,0,0,159
06/04/2001,MHT,NH,ANE,EN,Towers with Radar,89,68,50,0,207,1,2,40,0,43,90,70,90,0,250,32,0,32,282
06/05/2001,MHT,NH,ANE,EN,Towers with Radar,92,69,62,1,224,0,0,88,4,92,92,69,150,5,316,58,0,58,374
06/06/2001,MHT,NH,ANE,EN,Towers with Radar,93,71,55,1,220,0,0,93,1,94,93,71,148,2,314,100,0,100,414
06/07/2001,MHT,NH,ANE,EN,Towers with Radar,80,58,43,0,181,12,13,84,0,109,92,71,127,0,290,64,0,64,354
06/08/2001,MHT,NH,ANE,EN,Towers with Radar,91,69,55,0,215,0,0,91,0,91,91,69,146,0,306,106,0,106,412
06/09/2001,MHT,NH,ANE,EN,Towers with Radar,89,69,53,1,212,0,0,68,1,69,89,69,121,2,281,72,0,72,353
06/10/2001,MHT,NH,ANE,EN,Towers with Radar,88,68,53,0,209,0,0,65,0,65,88,68,118,0,274,122,0,122,396
06/11/2001,MHT,NH,ANE,EN,Towers with Radar,88,67,48,0,203,0,1,33,0,34,88,68,81,0,237,13,0,13,250
06/12/2001,MHT,NH,ANE,EN,Towers with Radar,102,87,34,0,223,0,4,0,0,4,102,91,34,0,227,8,0,8,235
06/13/2001,MHT,NH,ANE,EN,Towers with Radar,106,78,55,2,241,0,7,64,2,73,106,85,119,4,314,34,0,34,348
06/14/2001,MHT,NH,ANE,EN,Towers with Radar,111,80,60,2,253,0,0,33,2,35,111,80,93,4,288,36,0,36,324
06/15/2001,MHT,NH,ANE,EN,Towers with Radar,99,83,62,0,244,2,1,42,0,45,101,84,104,0,289,36,0,36,325
06/16/2001,MHT,NH,ANE,EN,Towers with Radar,80,43,42,2,167,26,0,40,0,66,106,43,82,2,233,100,0,100,333
06/17/2001,MHT,NH,ANE,EN,Towers with Radar,78,34,19,0,131,2,0,0,0,2,80,34,19,0,133,0,0,0,133
06/18/2001,MHT,NH,ANE,EN,Towers with Radar,98,78,54,1,231,2,0,101,1,104,100,78,155,2,335,50,0,50,385
06/19/2001,MHT,NH,ANE,EN,Towers with Radar,106,95,40,7,248,2,0,104,1,107,108,95,144,8,355,36,0,36,391
06/20/2001,MHT,NH,ANE,EN,Towers with Radar,87,63,45,0,195,13,22,37,0,72,100,85,82,0,267,22,0,22,289
06/21/2001,MHT,NH,ANE,EN,Towers with Radar,111,90,64,2,267,0,8,37,6,51,111,98,101,8,318,42,0,42,360
06/22/2001,MHT,NH,ANE,EN,Towers with Radar,101,90,91,1,283,2,0,8,0,10,103,90,99,1,293,8,0,8,301
06/23/2001,MHT,NH,ANE,EN,Towers with Radar,101,40,31,1,173,2,0,2,0,4,103,40,33,1,177,16,0,16,193
06/24/2001,MHT,NH,ANE,EN,Towers with Radar,86,42,32,0,160,2,0,0,0,2,88,42,32,0,162,2,0,2,164
06/25/2001,MHT,NH,ANE,EN,Towers with Radar,89,65,47,0,201,3,8,58,0,69,92,73,105,0,270,16,0,16,286
06/26/2001,MHT,NH,ANE,EN,Towers with Radar,107,78,55,2,242,5,23,73,7,108,112,101,128,9,350,50,0,50,400
06/27/2001,MHT,NH,ANE,EN,Towers with Radar,108,85,45,0,238,1,2,93,0,96,109,87,138,0,334,70,0,70,404
06/28/2001,MHT,NH,ANE,EN,Towers with Radar,94,67,49,0,210,15,21,66,0,102,109,88,115,0,312,28,0,28,340
06/29/2001,MHT,NH,ANE,EN,Towers with Radar,107,87,48,0,242,1,1,98,0,100,108,88,146,0,342,58,0,58,400
06/30/2001,MHT,NH,ANE,EN,Towers with Radar,96,45,20,0,161,1,1,38,0,40,97,46,58,0,201,66,0,66,267
07/01/2001,MHT,NH,ANE,EN,Towers with Radar,76,31,37,0,144,3,1,21,0,25,79,32,58,0,169,14,0,14,183
07/02/2001,MHT,NH,ANE,EN,Towers with Radar,84,53,32,0,169,20,3,55,0,78,104,56,87,0,247,22,0,22,269
07/03/2001,MHT,NH,ANE,EN,Towers with Radar,104,74,51,2,231,0,2,82,0,84,104,76,133,2,315,78,0,78,393
07/04/2001,MHT,NH,ANE,EN,Towers with Radar,70,34,26,0,130,25,0,24,0,49,95,34,50,0,179,34,0,34,213
07/05/2001,MHT,NH,ANE,EN,Towers with Radar,98,75,57,1,231,0,2,23,0,25,98,77,80,1,256,6,0,6,262
07/06/2001,MHT,NH,ANE,EN,Towers with Radar,107,76,46,0,229,0,5,28,0,33,107,81,74,0,262,68,0,68,330
07/07/2001,MHT,NH,ANE,EN,Towers with Radar,102,42,31,5,180,0,2,69,0,71,102,44,100,5,251,70,0,70,321
07/08/2001,MHT,NH,ANE,EN,Towers with Radar,88,44,49,0,181,0,2,6,0,8,88,46,55,0,189,10,0,10,199
07/09/2001,MHT,NH,ANE,EN,Towers with Radar,97,83,64,0,244,0,2,53,0,55,97,85,117,0,299,32,0,32,331
07/10/2001,MHT,NH,ANE,EN,Towers with Radar,108,90,60,1,259,0,2,34,0,36,108,92,94,1,295,20,0,20,315
07/11/2001,MHT,NH,ANE,EN,Towers with Radar,110,93,55,1,259,0,2,22,0,24,110,95,77,1,283,48,0,48,331
07/12/2001,MHT,NH,ANE,EN,Towers with Radar,109,95,37,7,248,0,2,64,0,66,109,97,101,7,314,68,0,68,382
07/13/2001,MHT,NH,ANE,EN,Towers with Radar,113,82,48,1,244,0,9,70,1,80,113,91,118,2,324,48,0,48,372
07/14/2001,MHT,NH,ANE,EN,Towers with Radar,88,57,32,0,177,6,1,56,7,70,94,58,88,7,247,46,0,46,293
07/15/2001,MHT,NH,ANE,EN,Towers with Radar,89,54,32,0,175,1,0,77,3,81,90,54,109,3,256,52,0,52,308
07/16/2001,MHT,NH,ANE,EN,Towers with Radar,101,72,51,0,224,0,1,64,0,65,101,73,115,0,289,48,0,48,337
07/17/2001,MHT,NH,ANE,EN,Towers with Radar,111,80,47,0,238,0,0,27,0,27,111,80,74,0,265,18,0,18,283
07/18/2001,MHT,NH,ANE,EN,Towers with Radar,121,86,51,0,258,0,3,57,0,60,121,89,108,0,318,32,0,32,350
07/19/2001,MHT,NH,ANE,EN,Towers with Radar,104,104,38,0,246,0,1,53,0,54,104,105,91,0,300,56,0,56,356
07/20/2001,MHT,NH,ANE,EN,Towers with Radar,94,77,43,0,214,0,3,56,0,59,94,80,99,0,273,76,0,76,349
07/21/2001,MHT,NH,ANE,EN,Towers with Radar,101,44,37,0,182,40,0,109,3,152,141,44,146,3,334,94,0,94,428
07/22/2001,MHT,NH,ANE,EN,Towers with Radar,96,45,36,0,177,0,0,59,0,59,96,45,95,0,236,16,0,16,252
07/23/2001,MHT,NH,ANE,EN,Towers with Radar,92,65,22,0,179,0,3,50,0,53,92,68,72,0,232,30,0,30,262
07/24/2001,MHT,NH,ANE,EN,Towers with Radar,123,87,51,4,265,0,1,36,1,38,123,88,87,5,303,18,0,18,321
07/25/2001,MHT,NH,ANE,EN,Towers with Radar,106,69,39,0,214,7,23,34,1,65,113,92,73,1,279,12,0,12,291
07/26/2001,MHT,NH,ANE,EN,Towers with Radar,114,93,82,0,289,0,1,23,0,24,114,94,105,0,313,40,0,40,353
07/27/2001,MHT,NH,ANE,EN,Towers with Radar,95,66,40,0,201,0,8,91,0,99,95,74,131,0,300,44,0,44,344
07/28/2001,MHT,NH,ANE,EN,Towers with Radar,105,39,42,2,188,0,0,123,0,123,105,39,165,2,311,48,0,48,359
07/29/2001,MHT,NH,ANE,EN,Towers with Radar,73,37,27,0,137,19,0,98,0,117,92,37,125,0,254,58,0,58,312
07/30/2001,MHT,NH,ANE,EN,Towers with Radar,83,53,31,0,167,12,20,71,0,103,95,73,102,0,270,48,0,48,318
07/31/2001,MHT,NH,ANE,EN,Towers with Radar,113,74,44,0,231,1,18,88,0,107,114,92,132,0,338,44,0,44,382
08/01/2001,MHT,NH,ANE,EN,Towers with Radar,91,71,41,0,203,0,15,132,0,147,91,86,173,0,350,140,0,140,490
08/02/2001,MHT,NH,ANE,EN,Towers with Radar,112,91,52,1,256,0,15,93,3,111,112,106,145,4,367,58,0,58,425
08/03/2001,MHT,NH,ANE,EN,Towers with Radar,111,82,48,1,242,0,3,38,0,41,111,85,86,1,283,42,0,42,325
08/04/2001,MHT,NH,ANE,EN,Towers with Radar,93,54,39,1,187,11,0,26,1,38,104,54,65,2,225,8,0,8,233
08/05/2001,MHT,NH,ANE,EN,Towers with Radar,99,41,55,0,195,0,0,23,0,23,99,41,78,0,218,48,0,48,266
08/06/2001,MHT,NH,ANE,EN,Towers with Radar,96,75,43,0,214,0,0,74,0,74,96,75,117,0,288,38,0,38,326
08/07/2001,MHT,NH,ANE,EN,Towers with Radar,116,87,50,1,254,0,4,35,5,44,116,91,85,6,298,48,0,48,346
08/08/2001,MHT,NH,ANE,EN,Towers with Radar,110,88,53,0,251,0,0,90,0,90,110,88,143,0,341,38,0,38,379
08/09/2001,MHT,NH,ANE,EN,Towers with Radar,111,91,46,0,248,0,1,52,0,53,111,92,98,0,301,30,0,30,331
08/10/2001,MHT,NH,ANE,EN,Towers with Radar,110,82,61,2,255,0,0,20,3,23,110,82,81,5,278,4,0,4,282
08/11/2001,MHT,NH,ANE,EN,Towers with Radar,99,42,36,0,177,0,0,93,0,93,99,42,129,0,270,90,0,90,360
08/12/2001,MHT,NH,ANE,EN,Towers with Radar,101,36,44,0,181,0,0,15,0,15,101,36,59,0,196,14,0,14,210
08/13/2001,MHT,NH,ANE,EN,Towers with Radar,104,69,48,5,226,0,0,11,3,14,104,69,59,8,240,32,0,32,272
08/14/2001,MHT,NH,ANE,EN,Towers with Radar,110,108,74,0,292,0,0,108,0,108,110,108,182,0,400,24,0,24,424
08/15/2001,MHT,NH,ANE,EN,Towers with Radar,117,88,50,0,255,4,16,78,0,98,121,104,128,0,353,48,0,48,401
08/16/2001,MHT,NH,ANE,EN,Towers with Radar,104,131,31,2,268,0,4,126,0,130,104,135,157,2,398,70,0,70,468
08/17/2001,MHT,NH,ANE,EN,Towers with Radar,110,96,43,2,251,0,0,18,0,18,110,96,61,2,269,20,0,20,289
08/18/2001,MHT,NH,ANE,EN,Towers with Radar,81,55,34,0,170,23,0,60,0,83,104,55,94,0,253,43,0,43,296
08/19/2001,MHT,NH,ANE,EN,Towers with Radar,87,47,32,0,166,0,0,65,0,65,87,47,97,0,231,18,0,18,249
08/20/2001,MHT,NH,ANE,EN,Towers with Radar,94,75,47,0,216,0,0,17,0,17,94,75,64,0,233,0,0,0,233
08/21/2001,MHT,NH,ANE,EN,Towers with Radar,114,98,58,0,270,0,0,24,0,24,114,98,82,0,294,8,0,8,302
08/22/2001,MHT,NH,ANE,EN,Towers with Radar,117,90,51,0,258,4,26,78,1,109,121,116,129,1,367,14,0,14,381
08/23/2001,MHT,NH,ANE,EN,Towers with Radar,111,113,66,0,290,0,0,75,0,75,111,113,141,0,365,34,0,34,399
08/24/2001,MHT,NH,ANE,EN,Towers with Radar,119,90,41,0,250,4,0,60,0,64,123,90,101,0,314,46,0,46,360
08/25/2001,MHT,NH,ANE,EN,Towers with Radar,103,46,21,0,170,0,0,113,1,114,103,46,134,1,284,68,0,68,352
08/26/2001,MHT,NH,ANE,EN,Towers with Radar,90,39,33,0,162,2,2,76,0,80,92,41,109,0,242,12,0,12,254
08/27/2001,MHT,NH,ANE,EN,Towers with Radar,93,62,42,0,197,1,0,8,0,9,94,62,50,0,206,0,0,0,206
08/28/2001,MHT,NH,ANE,EN,Towers with Radar,122,97,46,0,265,0,0,32,0,32,122,97,78,0,297,50,0,50,347
08/29/2001,MHT,NH,ANE,EN,Towers with Radar,42,32,17,0,91,18,16,19,0,53,60,48,36,0,144,42,0,42,186
08/30/2001,MHT,NH,ANE,EN,Towers with Radar,112,107,48,0,267,0,7,86,0,93,112,114,134,0,360,32,0,32,392
08/31/2001,MHT,NH,ANE,EN,Towers with Radar,110,95,48,0,253,0,0,21,0,21,110,95,69,0,274,4,0,4,278
09/01/2001,MHT,NH,ANE,EN,Towers with Radar,105,75,54,2,236,0,19,98,2,119,105,94,152,4,355,54,0,54,409
09/02/2001,MHT,NH,ANE,EN,Towers with Radar,68,42,32,0,142,30,0,0,0,30,98,42,32,0,172,0,0,0,172
09/03/2001,MHT,NH,ANE,EN,Towers with Radar,68,43,30,0,141,18,0,0,0,18,86,43,30,0,159,0,0,0,159
09/04/2001,MHT,NH,ANE,EN,Towers with Radar,90,70,52,0,212,0,0,38,0,38,90,70,90,0,250,32,0,32,282
09/05/2001,MHT,NH,ANE,EN,Towers with Radar,92,69,59,2,222,0,0,91,3,94,92,69,150,5,316,58,0,58,374
09/06/2001,MHT,NH,ANE,EN,Towers with Radar,93,71,52,2,218,0,0,96,0,96,93,71,148,2,314,100,0,100,414
09/07/2001,MHT,NH,ANE,EN,Towers with Radar,81,59,40,0,180,11,12,87,0,110,92,71,127,0,290,64,0,64,354
09/08/2001,MHT,NH,ANE,EN,Towers with Radar,91,69,53,0,213,0,0,93,0,93,91,69,146,0,306,106,0,106,412
09/09/2001,MHT,NH,ANE,EN,Towers with Radar,89,69,51,2,211,0,0,70,0,70,89,69,121,2,281,72,0,72,353
09/10/2001,MHT,NH,ANE,EN,Towers with Radar,88,68,51,0,207,0,0,67,0,67,88,68,118,0,274,122,0,122,396
09/11/2001,MHT,NH,ANE,EN,Towers with Radar,88,67,46,0,201,0,1,35,0,36,88,68,81,0,237,13,0,13,250
09/12/2001,MHT,NH,ANE,EN,Towers with Radar,102,87,34,0,223,0,4,0,0,4,102,91,34,0,227,8,0,8,235
09/13/2001,MHT,NH,ANE,EN,Towers with Radar,106,78,54,2,240,0,7,65,2,74,106,85,119,4,314,34,0,34,348
09/14/2001,MHT,NH,ANE,EN,Towers with Radar,111,80,59,2,252,0,0,34,2,36,111,80,93,4,288,36,0,36,324
09/15/2001,MHT,NH,ANE,EN,Towers with Radar,101,79,55,0,235,0,5,49,0,54,101,84,104,0,289,36,0,36,325
09/16/2001,MHT,NH,ANE,EN,Towers with Radar,82,43,41,1,167,24,0,41,1,66,106,43,82,2,233,100,0,100,333
09/17/2001,MHT,NH,ANE,EN,Towers with Radar,65,34,19,0,118,15,0,0,0,15,80,34,19,0,133,0,0,0,133
09/18/2001,MHT,NH,ANE,EN,Towers with Radar,98,69,48,1,216,2,9,107,1,119,100,78,155,2,335,50,0,50,385
09/19/2001,MHT,NH,ANE,EN,Towers with Radar,99,70,50,1,220,9,25,94,7,135,108,95,144,8,355,36,0,36,391
09/20/2001,MHT,NH,ANE,EN,Towers with Radar,89,62,44,0,195,11,23,38,0,72,100,85,82,0,267,22,0,22,289
09/21/2001,MHT,NH,ANE,EN,Towers with Radar,111,89,63,1,264,0,9,38,7,54,111,98,101,8,318,42,0,42,360
09/22/2001,MHT,NH,ANE,EN,Towers with Radar,103,87,62,1,253,0,3,37,0,40,103,90,99,1,293,8,0,8,301
09/23/2001,MHT,NH,ANE,EN,Towers with Radar,82,40,33,1,156,21,0,0,0,21,103,40,33,1,177,16,0,16,193
09/24/2001,MHT,NH,ANE,EN,Towers with Radar,88,42,32,0,162,0,0,0,0,0,88,42,32,0,162,2,0,2,164
09/25/2001,MHT,NH,ANE,EN,Towers with Radar,91,64,46,0,201,1,9,59,0,69,92,73,105,0,270,16,0,16,286
09/26/2001,MHT,NH,ANE,EN,Towers with Radar,109,77,54,1,241,3,24,74,8,109,112,101,128,9,350,50,0,50,400
09/27/2001,MHT,NH,ANE,EN,Towers with Radar,109,77,54,0,240,0,10,84,0,94,109,87,138,0,334,70,0,70,404
09/28/2001,MHT,NH,ANE,EN,Towers with Radar,95,67,48,0,210,14,21,67,0,102,109,88,115,0,312,28,0,28,340
09/29/2001,MHT,NH,ANE,EN,Towers with Radar,108,80,57,0,245,0,8,89,0,97,108,88,146,0,342,58,0,58,400
09/30/2001,MHT,NH,ANE,EN,Towers with Radar,81,46,40,0,167,16,0,18,0,34,97,46,58,0,201,66,0,66,267
10/01/2001,MHT,NH,ANE,EN,Towers with Radar,88,72,40,0,200,2,2,39,0,43,90,74,79,0,243,66,0,66,309
10/02/2001,MHT,NH,ANE,EN,Towers with Radar,93,76,41,2,212,7,3,36,3,49,100,79,77,5,261,44,0,44,305
10/03/2001,MHT,NH,ANE,EN,Towers with Radar,92,78,42,2,214,0,3,50,1,54,92,81,92,3,268,98,0,98,366
10/04/2001,MHT,NH,ANE,EN,Towers with Radar,90,73,40,2,205,0,0,41,11,52,90,73,81,13,257,148,0,148,405
10/05/2001,MHT,NH,ANE,EN,Towers with Radar,91,76,41,0,208,0,23,47,0,70,91,99,88,0,278,76,0,76,354
10/06/2001,MHT,NH,ANE,EN,Towers with Radar,84,67,37,0,188,6,17,40,0,63,90,84,77,0,251,0,0,0,251
10/07/2001,MHT,NH,ANE,EN,Towers with Radar,87,70,39,0,196,0,4,55,0,59,87,74,94,0,255,18,0,18,273
10/08/2001,MHT,NH,ANE,EN,Towers with Radar,86,68,37,0,191,2,10,42,0,54,88,78,79,0,245,38,0,38,283
10/09/2001,MHT,NH,ANE,EN,Towers with Radar,91,72,40,0,203,1,5,40,0,46,92,77,80,0,249,20,0,20,269
10/10/2001,MHT,NH,ANE,EN,Towers with Radar,92,77,43,1,213,0,6,42,3,51,92,83,85,4,264,62,0,62,326
10/11/2001,MHT,NH,ANE,EN,Towers with Radar,94,79,43,1,217,0,1,43,2,46,94,80,86,3,263,64,0,64,327
10/12/2001,MHT,NH,ANE,EN,Towers with Radar,93,75,41,0,209,0,5,48,0,53,93,80,89,0,262,120,0,120,382
10/13/2001,MHT,NH,ANE,EN,Towers with Radar,89,71,40,0,200,2,0,42,0,44,91,71,82,0,244,0,0,0,244
10/14/2001,MHT,NH,ANE,EN,Towers with Radar,87,69,38,0,194,3,5,40,0,48,90,74,78,0,242,0,0,0,242
10/15/2001,MHT,NH,ANE,EN,Towers with Radar,89,72,40,0,201,0,6,52,0,58,89,78,92,0,259,34,0,34,293
10/16/2001,MHT,NH,ANE,EN,Towers with Radar,90,72,40,0,202,0,7,49,0,56,90,79,89,0,258,102,0,102,360
10/17/2001,MHT,NH,ANE,EN,Towers with Radar,87,69,39,0,195,4,4,40,0,48,91,73,79,0,243,2,0,2,245
10/18/2001,MHT,NH,ANE,EN,Towers with Radar,91,74,40,0,205,0,1,56,0,57,91,75,96,0,262,54,0,54,316
10/19/2001,MHT,NH,ANE,EN,Towers with Radar,90,73,40,1,204,0,6,55,5,66,90,79,95,6,270,126,0,126,396
10/20/2001,MHT,NH,ANE,EN,Towers with Radar,89,74,40,0,203,0,2,51,0,53,89,76,91,0,256,126,0,126,382
10/21/2001,MHT,NH,ANE,EN,Towers with Radar,87,70,39,0,196,0,4,42,0,46,87,74,81,0,242,102,0,102,344
10/22/2001,MHT,NH,ANE,EN,Towers with Radar,86,69,38,0,193,2,9,36,0,47,88,78,74,0,240,60,0,60,300
10/23/2001,MHT,NH,ANE,EN,Towers with Radar,89,75,42,1,207,0,12,36,1,49,89,87,78,2,256,26,0,26,282
10/24/2001,MHT,NH,ANE,EN,Towers with Radar,91,69,40,1,201,0,0,32,0,32,91,69,72,1,233,28,0,28,261
10/25/2001,MHT,NH,ANE,EN,Towers with Radar,89,75,40,1,205,0,1,37,1,39,89,76,77,2,244,0,0,0,244
10/26/2001,MHT,NH,ANE,EN,Towers with Radar,91,76,42,1,210,0,3,41,3,47,91,79,83,4,257,12,0,12,269
10/27/2001,MHT,NH,ANE,EN,Towers with Radar,88,71,39,0,198,3,8,43,0,54,91,79,82,0,252,44,0,44,296
10/28/2001,MHT,NH,ANE,EN,Towers with Radar,88,71,39,0,198,0,3,56,0,59,88,74,95,0,257,64,0,64,321
10/29/2001,MHT,NH,ANE,EN,Towers with Radar,76,61,34,0,171,11,9,35,0,55,87,70,69,0,226,56,0,56,282
10/30/2001,MHT,NH,ANE,EN,Towers with Radar,99,79,43,0,221,11,3,63,0,77,110,82,106,0,298,24,0,24,322
10/31/2001,MHT,NH,ANE,EN,Towers with Radar,114,79,39,0,232,1,3,39,0,43,115,82,78,0,275,32,0,32,307
11/01/2001,MHT,NH,ANE,EN,Towers with Radar,122,73,53,2,250,0,2,26,0,28,122,75,79,2,278,24,0,24,302
11/02/2001,MHT,NH,ANE,EN,Towers with Radar,123,80,51,0,254,0,8,51,2,61,123,88,102,2,315,64,0,64,379
11/03/2001,MHT,NH,ANE,EN,Towers with Radar,104,42,58,0,204,0,0,48,0,48,104,42,106,0,252,66,0,66,318
11/04/2001,MHT,NH,ANE,EN,Towers with Radar,89,32,56,0,177,0,0,80,0,80,89,32,136,0,257,98,0,98,355
11/05/2001,MHT,NH,ANE,EN,Towers with Radar,98,55,33,0,186,0,13,3,0,16,98,68,36,0,202,0,0,0,202
11/06/2001,MHT,NH,ANE,EN,Towers with Radar,116,77,27,0,220,0,1,22,0,23,116,78,49,0,243,0,0,0,243
11/07/2001,MHT,NH,ANE,EN,Towers with Radar,24,14,7,0,45,14,8,6,0,28,38,22,13,0,73,8,0,8,81
11/08/2001,MHT,NH,ANE,EN,Towers with Radar,113,69,63,2,247,0,4,72,0,76,113,73,135,2,323,48,0,48,371
11/09/2001,MHT,NH,ANE,EN,Towers with Radar,107,58,37,0,202,9,7,4,0,20,116,65,41,0,222,2,0,2,224
11/10/2001,MHT,NH,ANE,EN,Towers with Radar,103,36,18,0,157,0,0,45,0,45,103,36,63,0,202,38,0,38,240
11/11/2001,MHT,NH,ANE,EN,Towers with Radar,94,30,20,0,144,0,1,13,0,14,94,31,33,0,158,20,0,20,178
11/12/2001,MHT,NH,ANE,EN,Towers with Radar,100,58,15,0,173,0,0,27,0,27,100,58,42,0,200,0,0,0,200
11/13/2001,MHT,NH,ANE,EN,Towers with Radar,107,58,36,1,202,0,16,24,3,43,107,74,60,4,245,0,0,0,245
11/14/2001,MHT,NH,ANE,EN,Towers with Radar,112,70,57,0,239,0,1,42,0,43,112,71,99,0,282,8,0,8,290
11/15/2001,MHT,NH,ANE,EN,Towers with Radar,119,69,46,0,234,0,7,38,2,47,119,76,84,2,281,48,0,48,329
11/16/2001,MHT,NH,ANE,EN,Towers with Radar,110,65,43,0,218,0,1,8,0,9,110,66,51,0,227,16,0,16,243
11/17/2001,MHT,NH,ANE,EN,Towers with Radar,102,31,36,0,169,3,0,64,0,67,105,31,100,0,236,68,0,68,304
11/18/2001,MHT,NH,ANE,EN,Towers with Radar,94,36,36,0,166,0,0,90,0,90,94,36,126,0,256,56,0,56,312
11/19/2001,MHT,NH,ANE,EN,Towers with Radar,100,55,42,0,197,0,0,50,0,50,100,55,92,0,247,38,0,38,285
11/20/2001,MHT,NH,ANE,EN,Towers with Radar,117,80,37,0,234,0,0,12,2,14,117,80,49,2,248,0,0,0,248
11/21/2001,MHT,NH,ANE,EN,Towers with Radar,121,66,42,0,229,1,10,59,1,71,122,76,101,1,300,0,0,0,300
11/22/2001,MHT,NH,ANE,EN,Towers with Radar,83,26,9,0,118,0,0,15,0,15,83,26,24,0,133,0,0,0,133
11/23/2001,MHT,NH,ANE,EN,Towers with Radar,90,53,33,0,176,0,0,66,0,66,90,53,99,0,242,0,0,0,242
11/24/2001,MHT,NH,ANE,EN,Towers with Radar,92,31,28,0,151,0,0,0,0,0,92,31,28,0,151,0,0,0,151
11/25/2001,MHT,NH,ANE,EN,Towers with Radar,90,34,47,0,171,0,0,13,0,13,90,34,60,0,184,0,0,0,184
11/26/2001,MHT,NH,ANE,EN,Towers with Radar,102,56,37,0,195,4,4,12,0,20,106,60,49,0,215,16,0,16,231
11/27/2001,MHT,NH,ANE,EN,Towers with Radar,117,70,62,1,250,0,0,24,0,24,117,70,86,1,274,32,0,32,306
11/28/2001,MHT,NH,ANE,EN,Towers with Radar,114,74,35,0,223,0,0,22,0,22,114,74,57,0,245,0,0,0,245
11/29/2001,MHT,NH,ANE,EN,Towers with Radar,125,66,17,0,208,0,0,0,0,0,125,66,17,0,208,0,0,0,208
11/30/2001,MHT,NH,ANE,EN,Towers with Radar,88,48,28,0,164,34,26,0,0,60,122,74,28,0,224,0,0,0,224
12/01/2001,MHT,NH,ANE,EN,Towers with Radar,105,34,53,2,194,0,0,33,0,33,105,34,86,2,227,108,0,108,335
12/02/2001,MHT,NH,ANE,EN,Towers with Radar,68,31,34,0,133,14,0,63,0,77,82,31,97,0,210,20,0,20,230
12/03/2001,MHT,NH,ANE,EN,Towers with Radar,68,48,35,0,151,34,5,67,0,106,102,53,102,0,257,10,0,10,267
12/04/2001,MHT,NH,ANE,EN,Towers with Radar,106,66,53,1,226,13,0,27,0,40,119,66,80,1,266,18,0,18,284
12/05/2001,MHT,NH,ANE,EN,Towers with Radar,117,68,59,0,244,0,0,2,0,2,117,68,61,0,246,56,0,56,302
12/06/2001,MHT,NH,ANE,EN,Towers with Radar,106,75,53,2,236,11,12,31,3,57,117,87,84,5,293,24,0,24,317
12/07/2001,MHT,NH,ANE,EN,Towers with Radar,81,53,41,0,175,34,0,39,0,73,115,53,80,0,248,0,0,0,248
12/08/2001,MHT,NH,ANE,EN,Towers with Radar,104,28,52,0,184,0,0,50,0,50,104,28,102,0,234,78,0,78,312
12/09/2001,MHT,NH,ANE,EN,Towers with Radar,90,34,24,0,148,0,0,0,0,0,90,34,24,0,148,6,0,6,154
12/10/2001,MHT,NH,ANE,EN,Towers with Radar,94,60,39,2,195,0,0,0,0,0,94,60,39,2,195,10,0,10,205
12/11/2001,MHT,NH,ANE,EN,Towers with Radar,93,66,47,1,207,30,12,33,0,75,123,78,80,1,282,60,0,60,342
12/12/2001,MHT,NH,ANE,EN,Towers with Radar,121,75,61,2,259,3,0,15,0,18,124,75,76,2,277,14,0,14,291
12/13/2001,MHT,NH,ANE,EN,Towers with Radar,109,77,18,0,204,12,1,0,0,13,121,78,18,0,217,0,0,0,217
12/14/2001,MHT,NH,ANE,EN,Towers with Radar,117,61,44,0,222,2,0,0,0,2,119,61,44,0,224,5,0,5,229
12/15/2001,MHT,NH,ANE,EN,Towers with Radar,102,35,33,2,172,0,0,0,0,0,102,35,33,2,172,0,0,0,172
12/16/2001,MHT,NH,ANE,EN,Towers with Radar,82,40,41,0,163,5,0,71,0,76,87,40,112,0,239,44,0,44,283
12/17/2001,MHT,NH,ANE,EN,Towers with Radar,64,45,29,0,138,25,9,0,7,41,89,54,29,7,179,0,0,0,179
12/18/2001,MHT,NH,ANE,EN,Towers with Radar,97,70,18,0,185,19,0,0,0,19,116,70,18,0,204,0,0,0,204
12/19/2001,MHT,NH,ANE,EN,Towers with Radar,99,71,48,0,218,22,14,55,0,91,121,85,103,0,309,16,0,16,325
12/20/2001,MHT,NH,ANE,EN,Towers with Radar,88,64,28,0,180,26,7,0,0,33,114,71,28,0,213,4,0,4,217
12/21/2001,MHT,NH,ANE,EN,Towers with Radar,118,75,51,0,244,0,0,0,0,0,118,75,51,0,244,0,0,0,244
12/22/2001,MHT,NH,ANE,EN,Towers with Radar,105,46,48,0,199,0,0,0,0,0,105,46,48,0,199,6,0,6,205
12/23/2001,MHT,NH,ANE,EN,Towers with Radar,81,29,41,0,151,10,0,37,0,47,91,29,78,0,198,48,0,48,246
12/24/2001,MHT,NH,ANE,EN,Towers with Radar,87,58,10,0,155,0,0,0,0,0,87,58,10,0,155,0,0,0,155
12/25/2001,MHT,NH,ANE,EN,Towers with Radar,84,24,19,0,127,0,0,0,0,0,84,24,19,0,127,0,0,0,127
12/26/2001,MHT,NH,ANE,EN,Towers with Radar,100,56,54,0,210,0,0,7,0,7,100,56,61,0,217,6,0,6,223
12/27/2001,MHT,NH,ANE,EN,Towers with Radar,109,72,48,1,230,5,0,0,5,10,114,72,48,6,240,22,0,22,262
12/28/2001,MHT,NH,ANE,EN,Towers with Radar,95,67,48,0,210,10,29,19,0,58,105,96,67,0,268,16,0,16,284
12/29/2001,MHT,NH,ANE,EN,Towers with Radar,104,35,56,0,195,0,0,0,0,0,104,35,56,0,195,2,0,2,197
12/30/2001,MHT,NH,ANE,EN,Towers with Radar,81,33,38,0,152,7,0,0,0,7,88,33,38,0,159,14,0,14,173
12/31/2001,MHT,NH,ANE,EN,Towers with Radar,87,38,16,0,141,1,1,26,0,28,88,39,42,0,169,16,0,16,185
01/01/2002,MHT,NH,ANE,EN,Towers with Radar,69,22,18,0,109,20,0,7,0,27,89,22,25,0,136,0,0,0,136
01/02/2002,MHT,NH,ANE,EN,Towers with Radar,100,59,25,0,184,0,10,30,0,40,100,69,55,0,224,6,0,6,230
01/03/2002,MHT,NH,ANE,EN,Towers with Radar,104,64,26,1,195,0,9,30,3,42,104,73,56,4,237,16,0,16,253
01/04/2002,MHT,NH,ANE,EN,Towers with Radar,117,74,28,0,219,1,3,37,0,41,118,77,65,0,260,8,0,8,268
01/05/2002,MHT,NH,ANE,EN,Towers with Radar,86,40,22,0,148,12,0,43,4,59,98,40,65,4,207,36,0,36,243
01/06/2002,MHT,NH,ANE,EN,Towers with Radar,84,36,18,0,138,1,1,25,0,27,85,37,43,0,165,26,0,26,191
01/07/2002,MHT,NH,ANE,EN,Towers with Radar,80,47,16,0,143,15,7,0,0,22,95,54,16,0,165,0,0,0,165
01/08/2002,MHT,NH,ANE,EN,Towers with Radar,112,69,32,0,213,0,0,63,0,63,112,69,95,0,276,18,0,18,294
01/09/2002,MHT,NH,ANE,EN,Towers with Radar,116,72,31,1,220,0,9,5,1,15,116,81,36,2,235,2,0,2,237
01/10/2002,MHT,NH,ANE,EN,Towers with Radar,117,78,33,0,228,0,20,12,0,32,117,98,45,0,260,8,0,8,268
01/11/2002,MHT,NH,ANE,EN,Towers with Radar,117,70,32,1,220,0,0,7,0,7,117,70,39,1,227,8,0,8,235
01/12/2002,MHT,NH,ANE,EN,Towers with Radar,94,56,24,0,174,2,3,38,0,43,96,59,62,0,217,26,0,26,243
01/13/2002,MHT,NH,ANE,EN,Towers with Radar,77,37,11,0,125,2,1,0,0,3,79,38,11,0,128,0,0,0,128
01/14/2002,MHT,NH,ANE,EN,Towers with Radar,90,60,26,0,176,2,4,28,1,35,92,64,54,1,211,18,0,18,229
01/15/2002,MHT,NH,ANE,EN,Towers with Radar,105,71,18,4,198,2,1,0,0,3,107,72,18,4,201,0,0,0,201
01/16/2002,MHT,NH,ANE,EN,Towers with Radar,111,70,28,2,211,0,8,31,0,39,111,78,59,2,250,14,0,14,264
01/17/2002,MHT,NH,ANE,EN,Towers with Radar,109,64,26,2,201,0,15,21,2,38,109,79,47,4,239,2,0,2,241
01/18/2002,MHT,NH,ANE,EN,Towers with Radar,108,66,30,2,206,0,0,48,8,56,108,66,78,10,262,4,0,4,266
01/19/2002,MHT,NH,ANE,EN,Towers with Radar,89,30,11,1,131,1,3,28,0,32,90,33,39,1,163,20,0,20,183
01/20/2002,MHT,NH,ANE,EN,Towers with Radar,86,32,21,1,140,7,0,62,2,71,93,32,83,3,211,40,0,40,251
01/21/2002,MHT,NH,ANE,EN,Towers with Radar,97,63,24,1,185,1,2,4,0,7,98,65,28,1,192,0,0,0,192
01/22/2002,MHT,NH,ANE,EN,Towers with Radar,105,61,25,2,193,14,6,25,1,46,119,67,50,3,239,6,0,6,245
01/23/2002,MHT,NH,ANE,EN,Towers with Radar,103,74,12,1,190,1,2,18,0,21,104,76,30,1,211,14,0,14,225
01/24/2002,MHT,NH,ANE,EN,Towers with Radar,107,71,35,0,213,1,3,6,0,10,108,74,41,0,223,4,0,4,227
01/25/2002,MHT,NH,ANE,EN,Towers with Radar,119,69,31,2,221,0,0,20,2,22,119,69,51,4,243,6,0,6,249
01/26/2002,MHT,NH,ANE,EN,Towers with Radar,82,37,20,0,139,15,0,55,1,71,97,37,75,1,210,94,0,94,304
01/27/2002,MHT,NH,ANE,EN,Towers with Radar,79,40,19,0,138,8,0,38,0,46,87,40,57,0,184,84,0,84,268
01/28/2002,MHT,NH,ANE,EN,Towers with Radar,93,66,28,0,187,0,2,26,0,28,93,68,54,0,215,23,0,23,238
01/29/2002,MHT,NH,ANE,EN,Towers with Radar,118,76,32,1,227,0,0,25,1,26,118,76,57,2,253,40,0,40,293
01/30/2002,MHT,NH,ANE,EN,Towers with Radar,104,62,25,0,191,6,8,0,0,14,110,70,25,0,205,0,0,0,205
01/31/2002,MHT,NH,ANE,EN,Towers with Radar,96,63,28,2,189,2,6,7,5,20,98,69,35,7,209,0,0,0,209
02/01/2002,MHT,NH,ANE,EN,Towers with Radar,107,51,10,0,168,2,10,2,0,14,109,61,12,0,182,0,0,0,182
02/02/2002,MHT,NH,ANE,EN,Towers with Radar,65,34,10,0,109,32,5,0,0,37,97,39,10,0,146,0,0,0,146
02/03/2002,MHT,NH,ANE,EN,Towers with Radar,75,27,19,0,121,19,0,13,0,32,94,27,32,0,153,4,0,4,157
02/04/2002,MHT,NH,ANE,EN,Towers with Radar,89,66,24,0,179,0,6,20,0,26,89,72,44,0,205,26,0,26,231
02/05/2002,MHT,NH,ANE,EN,Towers with Radar,117,62,29,0,208,8,5,19,0,32,125,67,48,0,240,4,0,4,244
02/06/2002,MHT,NH,ANE,EN,Towers with Radar,112,71,43,0,226,0,5,27,1,33,112,76,70,1,259,46,0,46,305
02/07/2002,MHT,NH,ANE,EN,Towers with Radar,118,65,32,0,215,0,0,36,0,36,118,65,68,0,251,44,0,44,295
02/08/2002,MHT,NH,ANE,EN,Towers with Radar,113,63,29,0,205,0,3,49,1,53,113,66,78,1,258,50,0,50,308
02/09/2002,MHT,NH,ANE,EN,Towers with Radar,104,30,31,2,167,0,2,66,2,70,104,32,97,4,237,36,0,36,273
02/10/2002,MHT,NH,ANE,EN,Towers with Radar,83,36,4,2,125,1,2,12,0,15,84,38,16,2,140,16,0,16,156
02/11/2002,MHT,NH,ANE,EN,Towers with Radar,105,51,26,0,182,1,3,6,0,10,106,54,32,0,192,0,0,0,192
02/12/2002,MHT,NH,ANE,EN,Towers with Radar,106,78,22,0,206,1,4,12,0,17,107,82,34,0,223,4,0,4,227
02/13/2002,MHT,NH,ANE,EN,Towers with Radar,110,77,21,0,208,1,9,13,0,23,111,86,34,0,231,6,0,6,237
02/14/2002,MHT,NH,ANE,EN,Towers with Radar,103,77,36,1,217,1,3,40,1,45,104,80,76,2,262,30,0,30,292
02/15/2002,MHT,NH,ANE,EN,Towers with Radar,113,62,26,0,201,1,8,26,0,35,114,70,52,0,236,26,0,26,262
02/16/2002,MHT,NH,ANE,EN,Towers with Radar,94,31,29,0,154,1,1,48,0,50,95,32,77,0,204,52,0,52,256
02/17/2002,MHT,NH,ANE,EN,Towers with Radar,83,37,9,0,129,1,1,2,0,4,84,38,11,0,133,0,0,0,133
02/18/2002,MHT,NH,ANE,EN,Towers with Radar,107,50,31,1,189,1,1,52,0,54,108,51,83,1,243,76,0,76,319
02/19/2002,MHT,NH,ANE,EN,Towers with Radar,110,72,27,0,209,1,2,74,5,82,111,74,101,5,291,56,0,56,347
02/20/2002,MHT,NH,ANE,EN,Towers with Radar,115,71,23,0,209,1,8,26,0,35,116,79,49,0,244,30,0,30,274
02/21/2002,MHT,NH,ANE,EN,Towers with Radar,91,55,16,0,162,1,1,0,0,2,92,56,16,0,164,0,0,0,164
02/22/2002,MHT,NH,ANE,EN,Towers with Radar,117,66,33,0,216,0,0,23,0,23,117,66,56,0,239,18,0,18,257
02/23/2002,MHT,NH,ANE,EN,Towers with Radar,98,34,25,0,157,0,2,74,0,76,98,36,99,0,233,16,0,16,249
02/24/2002,MHT,NH,ANE,EN,Towers with Radar,99,38,26,0,163,0,0,95,1,96,99,38,121,1,259,56,0,56,315
02/25/2002,MHT,NH,ANE,EN,Towers with Radar,98,66,49,0,213,0,7,43,0,50,98,73,92,0,263,52,0,52,315
02/26/2002,MHT,NH,ANE,EN,Towers with Radar,107,63,32,0,202,0,0,47,0,47,107,63,79,0,249,14,0,14,263
02/27/2002,MHT,NH,ANE,EN,Towers with Radar,117,65,11,0,193,0,2,0,0,2,117,67,11,0,195,0,0,0,195
02/28/2002,MHT,NH,ANE,EN,Towers with Radar,109,59,26,0,194,0,15,11,0,26,109,74,37,0,220,20,0,20,240
03/01/2002,MHT,NH,ANE,EN,Towers with Radar,108,71,34,0,213,1,2,59,0,62,109,73,93,0,275,58,0,58,333
03/02/2002,MHT,NH,ANE,EN,Towers with Radar,85,47,24,0,156,1,3,52,0,56,86,50,76,0,212,32,0,32,244
03/03/2002,MHT,NH,ANE,EN,Towers with Radar,62,36,11,0,109,31,0,0,0,31,93,36,11,0,140,0,0,0,140
03/04/2002,MHT,NH,ANE,EN,Towers with Radar,99,64,25,0,188,0,3,15,0,18,99,67,40,0,206,0,0,0,206
03/05/2002,MHT,NH,ANE,EN,Towers with Radar,112,77,27,4,220,1,6,35,2,44,113,83,62,6,264,14,0,14,278
03/06/2002,MHT,NH,ANE,EN,Towers with Radar,115,82,28,0,225,1,5,20,4,30,116,87,48,4,255,12,0,12,267
03/07/2002,MHT,NH,ANE,EN,Towers with Radar,112,79,22,0,213,1,5,29,0,35,113,84,51,0,248,12,0,12,260
03/08/2002,MHT,NH,ANE,EN,Towers with Radar,112,67,64,0,243,1,3,10,0,14,113,70,74,0,257,12,0,12,269
03/09/2002,MHT,NH,ANE,EN,Towers with Radar,94,37,30,0,161,1,2,19,0,22,95,39,49,0,183,34,0,34,217
03/10/2002,MHT,NH,ANE,EN,Towers with Radar,87,45,7,0,139,1,2,5,0,8,88,47,12,0,147,0,0,0,147
03/11/2002,MHT,NH,ANE,EN,Towers with Radar,90,65,20,0,175,1,3,34,0,38,91,68,54,0,213,6,0,6,219
03/12/2002,MHT,NH,ANE,EN,Towers with Radar,111,84,25,0,220,1,2,13,0,16,112,86,38,0,236,8,0,8,244
03/13/2002,MHT,NH,ANE,EN,Towers with Radar,115,75,29,0,219,0,10,24,0,34,115,85,53,0,253,8,0,8,261
03/14/2002,MHT,NH,ANE,EN,Towers with Radar,112,75,29,0,216,0,6,54,0,60,112,81,83,0,276,70,0,70,346
03/15/2002,MHT,NH,ANE,EN,Towers with Radar,118,63,26,0,207,5,0,20,0,25,123,63,46,0,232,20,0,20,252
03/16/2002,MHT,NH,ANE,EN,Towers with Radar,94,42,19,0,155,1,2,8,0,11,95,44,27,0,166,6,0,6,172
03/17/2002,MHT,NH,ANE,EN,Towers with Radar,87,33,20,0,140,0,0,63,0,63,87,33,83,0,203,38,0,38,241
03/18/2002,MHT,NH,ANE,EN,Towers with Radar,91,64,26,0,181,1,2,0,0,3,92,66,26,0,184,0,0,0,184
03/19/2002,MHT,NH,ANE,EN,Towers with Radar,110,77,20,0,207,1,2,0,0,3,111,79,20,0,210,0,0,0,210
03/20/2002,MHT,NH,ANE,EN,Towers with Radar,100,81,26,1,208,1,2,5,0,8,101,83,31,1,216,0,0,0,216
03/21/2002,MHT,NH,ANE,EN,Towers with Radar,111,81,23,2,217,1,4,49,2,56,112,85,72,4,273,58,0,58,331
03/22/2002,MHT,NH,ANE,EN,Towers with Radar,106,64,18,0,188,1,2,18,0,21,107,66,36,0,209,0,0,0,209
03/23/2002,MHT,NH,ANE,EN,Towers with Radar,105,33,12,0,150,1,2,26,1,30,106,35,38,1,180,10,0,10,190
03/24/2002,MHT,NH,ANE,EN,Towers with Radar,87,39,9,0,135,1,1,26,0,28,88,40,35,0,163,20,0,20,183
03/25/2002,MHT,NH,ANE,EN,Towers with Radar,104,68,16,0,188,1,3,46,0,50,105,71,62,0,238,28,0,28,266
03/26/2002,MHT,NH,ANE,EN,Towers with Radar,105,73,16,1,195,0,3,5,0,8,105,76,21,1,203,6,0,6,209
03/27/2002,MHT,NH,ANE,EN,Towers with Radar,117,68,26,0,211,0,0,10,0,10,117,68,36,0,221,0,0,0,221
03/28/2002,MHT,NH,ANE,EN,Towers with Radar,109,71,26,0,206,0,10,64,0,74,109,81,90,0,280,0,0,0,280
03/29/2002,MHT,NH,ANE,EN,Towers with Radar,99,64,25,0,188,0,0,46,3,49,99,64,71,3,237,38,0,38,275
03/30/2002,MHT,NH,ANE,EN,Towers with Radar,93,36,11,0,140,0,2,16,0,18,93,38,27,0,158,12,0,12,170
03/31/2002,MHT,NH,ANE,EN,Towers with Radar,78,34,17,0,129,10,0,31,0,41,88,34,48,0,170,0,0,0,170
04/01/2002,MHT,NH,ANE,EN,Towers with Radar,88,59,21,0,168,0,0,8,0,8,88,59,29,0,176,0,0,0,176
04/02/2002,MHT,NH,ANE,EN,Towers with Radar,114,75,25,0,214,0,5,62,0,67,114,80,87,0,281,72,0,72,353
04/03/2002,MHT,NH,ANE,EN,Towers with Radar,113,75,25,0,213,14,3,6,0,23,127,78,31,0,236,6,0,6,242
04/04/2002,MHT,NH,ANE,EN,Towers with Radar,120,80,8,0,208,1,2,36,0,39,121,82,44,0,247,54,0,54,301
04/05/2002,MHT,NH,ANE,EN,Towers with Radar,119,65,43,0,227,1,1,56,0,58,120,66,99,0,285,44,0,44,329
04/06/2002,MHT,NH,ANE,EN,Towers with Radar,102,45,12,1,160,1,0,24,4,29,103,45,36,5,189,8,0,8,197
04/07/2002,MHT,NH,ANE,EN,Towers with Radar,80,43,17,0,140,8,0,84,0,92,88,43,101,0,232,14,0,14,246
04/08/2002,MHT,NH,ANE,EN,Towers with Radar,86,66,21,0,173,0,9,19,0,28,86,75,40,0,201,0,0,0,201
04/09/2002,MHT,NH,ANE,EN,Towers with Radar,108,82,22,0,212,1,0,10,0,11,109,82,32,0,223,20,0,20,243
04/10/2002,MHT,NH,ANE,EN,Towers with Radar,126,82,25,0,233,1,2,45,1,49,127,84,70,1,282,44,0,44,326
04/11/2002,MHT,NH,ANE,EN,Towers with Radar,111,78,48,0,237,0,8,69,1,78,111,86,117,1,315,34,0,34,349
04/12/2002,MHT,NH,ANE,EN,Towers with Radar,113,69,41,1,224,2,2,41,0,45,115,71,82,1,269,28,0,28,297
04/13/2002,MHT,NH,ANE,EN,Towers with Radar,98,41,40,2,181,0,1,4,0,5,98,42,44,2,186,16,0,16,202
04/14/2002,MHT,NH,ANE,EN,Towers with Radar,90,32,21,0,143,0,0,23,1,24,90,32,44,1,167,14,0,14,181
04/15/2002,MHT,NH,ANE,EN,Towers with Radar,106,69,22,0,197,0,1,13,0,14,106,70,35,0,211,10,0,10,221
04/16/2002,MHT,NH,ANE,EN,Towers with Radar,114,89,18,0,221,0,2,55,0,57,114,91,73,0,278,24,0,24,302
04/17/2002,MHT,NH,ANE,EN,Towers with Radar,109,80,26,0,215,0,6,41,0,47,109,86,67,0,262,16,0,16,278
04/18/2002,MHT,NH,ANE,EN,Towers with Radar,105,75,17,5,202,0,4,24,0,28,105,79,41,5,230,44,0,44,274
04/19/2002,MHT,NH,ANE,EN,Towers with Radar,106,72,19,0,197,0,0,0,5,5,106,72,19,5,202,4,0,4,206
04/20/2002,MHT,NH,ANE,EN,Towers with Radar,97,56,16,1,170,0,6,54,0,60,97,62,70,1,230,66,0,66,296
04/21/2002,MHT,NH,ANE,EN,Towers with Radar,91,36,31,4,162,0,2,52,0,54,91,38,83,4,216,42,0,42,258
04/22/2002,MHT,NH,ANE,EN,Towers with Radar,98,64,15,0,177,5,20,0,2,27,103,84,15,2,204,0,0,0,204
04/23/2002,MHT,NH,ANE,EN,Towers with Radar,107,79,36,0,222,0,4,15,0,19,107,83,51,0,241,4,0,4,245
04/24/2002,MHT,NH,ANE,EN,Towers with Radar,112,70,17,2,201,0,2,56,0,58,112,72,73,2,259,58,0,58,317
04/25/2002,MHT,NH,ANE,EN,Towers with Radar,102,84,24,0,210,0,0,26,0,26,102,84,50,0,236,18,0,18,254
04/26/2002,MHT,NH,ANE,EN,Towers with Radar,104,89,19,0,212,0,0,28,0,28,104,89,47,0,240,24,0,24,264
04/27/2002,MHT,NH,ANE,EN,Towers with Radar,90,43,6,0,139,0,0,47,0,47,90,43,53,0,186,98,0,98,284
04/28/2002,MHT,NH,ANE,EN,Towers with Radar,87,37,18,0,142,0,0,9,0,9,87,37,27,0,151,0,0,0,151
04/29/2002,MHT,NH,ANE,EN,Towers with Radar,111,81,23,0,215,0,0,1,0,1,111,81,24,0,216,26,0,26,242
04/30/2002,MHT,NH,ANE,EN,Towers with Radar,103,84,22,0,209,0,0,37,0,37,103,84,59,0,246,15,0,15,261
05/01/2002,MHT,NH,ANE,EN,Towers with Radar,109,76,28,0,213,0,12,46,0,58,109,88,74,0,271,10,0,10,281
05/02/2002,MHT,NH,ANE,EN,Towers with Radar,99,69,25,0,193,3,8,13,0,24,102,77,38,0,217,0,0,0,217
05/03/2002,MHT,NH,ANE,EN,Towers with Radar,113,78,19,0,210,2,1,11,0,14,115,79,30,0,224,4,0,4,228
05/04/2002,MHT,NH,ANE,EN,Towers with Radar,100,25,15,0,140,2,0,39,0,41,102,25,54,0,181,0,0,0,181
05/05/2002,MHT,NH,ANE,EN,Towers with Radar,86,45,23,0,154,0,0,87,0,87,86,45,110,0,241,58,0,58,299
05/06/2002,MHT,NH,ANE,EN,Towers with Radar,93,70,12,0,175,1,3,31,0,35,94,73,43,0,210,20,0,20,230
05/07/2002,MHT,NH,ANE,EN,Towers with Radar,110,79,30,0,219,0,1,22,0,23,110,80,52,0,242,14,0,14,256
05/08/2002,MHT,NH,ANE,EN,Towers with Radar,106,70,30,2,208,1,1,46,2,50,107,71,76,4,258,65,0,65,323
05/09/2002,MHT,NH,ANE,EN,Towers with Radar,96,94,26,2,218,1,3,20,0,24,97,97,46,2,242,28,0,28,270
05/10/2002,MHT,NH,ANE,EN,Towers with Radar,110,85,12,0,207,1,1,20,0,22,111,86,32,0,229,32,0,32,261
05/11/2002,MHT,NH,ANE,EN,Towers with Radar,91,42,14,0,147,1,2,36,0,39,92,44,50,0,186,18,0,18,204
05/12/2002,MHT,NH,ANE,EN,Towers with Radar,75,39,20,0,134,9,0,5,0,14,84,39,25,0,148,22,0,22,170
05/13/2002,MHT,NH,ANE,EN,Towers with Radar,94,68,23,0,185,1,1,0,0,2,95,69,23,0,187,0,0,0,187
05/14/2002,MHT,NH,ANE,EN,Towers with Radar,103,73,27,0,203,0,15,6,0,21,103,88,33,0,224,5,0,5,229
05/15/2002,MHT,NH,ANE,EN,Towers with Radar,112,89,16,3,220,1,2,8,0,11,113,91,24,3,231,8,0,8,239
05/16/2002,MHT,NH,ANE,EN,Towers with Radar,94,77,30,6,207,1,4,48,0,53,95,81,78,6,260,38,0,38,298
05/17/2002,MHT,NH,ANE,EN,Towers with Radar,96,70,28,0,194,0,0,29,0,29,96,70,57,0,223,0,0,0,223
05/18/2002,MHT,NH,ANE,EN,Towers with Radar,99,58,17,0,174,2,0,0,0,2,101,58,17,0,176,0,0,0,176
05/19/2002,MHT,NH,ANE,EN,Towers with Radar,89,48,19,0,156,2,0,53,0,55,91,48,72,0,211,26,0,26,237
05/20/2002,MHT,NH,ANE,EN,Towers with Radar,96,71,24,2,193,2,4,50,0,56,98,75,74,2,249,60,0,60,309
05/21/2002,MHT,NH,ANE,EN,Towers with Radar,101,70,26,0,197,2,11,39,2,54,103,81,65,2,251,38,0,38,289
05/22/2002,MHT,NH,ANE,EN,Towers with Radar,102,73,27,0,202,0,6,63,2,71,102,79,90,2,273,38,0,38,311
05/23/2002,MHT,NH,ANE,EN,Towers with Radar,100,85,33,0,218,2,3,59,0,64,102,88,92,0,282,8,0,8,290
05/24/2002,MHT,NH,ANE,EN,Towers with Radar,116,79,28,1,224,2,0,45,0,47,118,79,73,1,271,22,0,22,293
05/25/2002,MHT,NH,ANE,EN,Towers with Radar,74,47,19,1,141,18,0,56,0,74,92,47,75,1,215,36,0,36,251
05/26/2002,MHT,NH,ANE,EN,Towers with Radar,72,46,10,0,128,2,2,12,0,16,74,48,22,0,144,15,0,15,159
05/27/2002,MHT,NH,ANE,EN,Towers with Radar,86,42,26,0,154,2,0,35,0,37,88,42,61,0,191,53,0,53,244
05/28/2002,MHT,NH,ANE,EN,Towers with Radar,100,83,40,0,223,2,0,7,0,9,102,83,47,0,232,10,0,10,242
05/29/2002,MHT,NH,ANE,EN,Towers with Radar,120,60,43,0,223,2,1,6,0,9,122,61,49,0,232,0,0,0,232
05/30/2002,MHT,NH,ANE,EN,Towers with Radar,105,82,29,0,216,0,5,18,1,24,105,87,47,1,240,8,0,8,248
05/31/2002,MHT,NH,ANE,EN,Towers with Radar,113,78,32,0,223,0,0,34,1,35,113,78,66,1,258,14,0,14,272
06/01/2002,MHT,NH,ANE,EN,Towers with Radar,73,45,22,0,140,31,1,30,0,62,104,46,52,0,202,6,0,6,208
06/02/2002,MHT,NH,ANE,EN,Towers with Radar,69,40,19,0,128,25,0,1,0,26,94,40,20,0,154,0,0,0,154
06/03/2002,MHT,NH,ANE,EN,Towers with Radar,91,63,36,0,190,0,3,33,0,36,91,66,69,0,226,6,0,6,232
06/04/2002,MHT,NH,ANE,EN,Towers with Radar,124,83,32,0,239,0,4,65,0,69,124,87,97,0,308,9,0,9,317
06/05/2002,MHT,NH,ANE,EN,Towers with Radar,109,83,31,0,223,0,1,6,0,7,109,84,37,0,230,10,0,10,240
06/06/2002,MHT,NH,ANE,EN,Towers with Radar,113,82,50,0,245,0,1,1,0,2,113,83,51,0,247,0,0,0,247
06/07/2002,MHT,NH,ANE,EN,Towers with Radar,114,82,61,0,257,0,1,22,0,23,114,83,83,0,280,18,0,18,298
06/08/2002,MHT,NH,ANE,EN,Towers with Radar,103,33,17,0,153,0,1,66,0,67,103,34,83,0,220,154,0,154,374
06/09/2002,MHT,NH,ANE,EN,Towers with Radar,82,36,24,0,142,11,0,31,0,42,93,36,55,0,184,9,0,9,193
06/10/2002,MHT,NH,ANE,EN,Towers with Radar,97,63,32,0,192,1,6,64,0,71,98,69,96,0,263,50,0,50,313
06/11/2002,MHT,NH,ANE,EN,Towers with Radar,115,69,34,0,218,3,37,12,0,52,118,106,46,0,270,36,0,36,306
06/12/2002,MHT,NH,ANE,EN,Towers with Radar,111,88,36,0,235,0,1,1,0,2,111,89,37,0,237,0,0,0,237
06/13/2002,MHT,NH,ANE,EN,Towers with Radar,110,93,45,0,248,0,0,18,4,22,110,93,63,4,270,34,0,34,304
06/14/2002,MHT,NH,ANE,EN,Towers with Radar,118,86,36,0,240,0,7,19,0,26,118,93,55,0,266,24,0,24,290
06/15/2002,MHT,NH,ANE,EN,Towers with Radar,101,57,17,1,176,0,1,1,0,2,101,58,18,1,178,0,0,0,178
06/16/2002,MHT,NH,ANE,EN,Towers with Radar,87,36,28,1,152,0,1,1,0,2,87,37,29,1,154,13,0,13,167
06/17/2002,MHT,NH,ANE,EN,Towers with Radar,98,67,31,0,196,0,12,15,0,27,98,79,46,0,223,14,0,14,237
06/18/2002,MHT,NH,ANE,EN,Towers with Radar,118,74,22,2,216,0,4,57,1,62,118,78,79,3,278,20,0,20,298
06/19/2002,MHT,NH,ANE,EN,Towers with Radar,112,68,33,0,213,2,4,40,0,46,114,72,73,0,259,28,0,28,287
06/20/2002,MHT,NH,ANE,EN,Towers with Radar,110,84,38,0,232,0,3,82,2,87,110,87,120,2,319,48,0,48,367
06/21/2002,MHT,NH,ANE,EN,Towers with Radar,113,71,34,0,218,0,1,50,2,53,113,72,84,2,271,22,0,22,293
06/22/2002,MHT,NH,ANE,EN,Towers with Radar,99,42,30,0,171,0,1,10,0,11,99,43,40,0,182,26,0,26,208
06/23/2002,MHT,NH,ANE,EN,Towers with Radar,109,34,37,0,180,0,0,23,1,24,109,34,60,1,204,6,0,6,210
06/24/2002,MHT,NH,ANE,EN,Towers with Radar,106,60,24,0,190,0,5,47,0,52,106,65,71,0,242,26,0,26,268
06/25/2002,MHT,NH,ANE,EN,Towers with Radar,116,75,25,0,216,0,1,87,0,88,116,76,112,0,304,66,0,66,370
06/26/2002,MHT,NH,ANE,EN,Towers with Radar,116,73,30,0,219,0,1,22,0,23,116,74,52,0,242,16,0,16,258
06/27/2002,MHT,NH,ANE,EN,Towers with Radar,98,63,30,0,191,0,15,10,0,25,98,78,40,0,216,53,0,53,269
06/28/2002,MHT,NH,ANE,EN,Towers with Radar,109,73,44,2,228,0,1,26,0,27,109,74,70,2,255,16,0,16,271
06/29/2002,MHT,NH,ANE,EN,Towers with Radar,116,35,36,0,187,0,1,81,0,82,116,36,117,0,269,68,0,68,337
06/30/2002,MHT,NH,ANE,EN,Towers with Radar,89,45,25,0,159,6,0,73,0,79,95,45,98,0,238,24,0,24,262
07/01/2002,MHT,NH,ANE,EN,Towers with Radar,90,60,26,0,176,0,7,35,8,50,90,67,61,8,226,28,0,28,254
07/02/2002,MHT,NH,ANE,EN,Towers with Radar,105,90,45,0,240,0,0,28,0,28,105,90,73,0,268,8,0,8,276
07/03/2002,MHT,NH,ANE,EN,Towers with Radar,109,68,27,0,204,8,2,26,0,36,117,70,53,0,240,10,0,10,250
07/04/2002,MHT,NH,ANE,EN,Towers with Radar,92,31,6,0,129,0,0,28,0,28,92,31,34,0,157,10,0,10,167
07/05/2002,MHT,NH,ANE,EN,Towers with Radar,77,48,18,0,143,18,26,33,0,77,95,74,51,0,220,24,0,24,244
07/06/2002,MHT,NH,ANE,EN,Towers with Radar,98,40,16,0,154,0,0,23,0,23,98,40,39,0,177,8,0,8,185
07/07/2002,MHT,NH,ANE,EN,Towers with Radar,95,34,33,0,162,0,0,18,0,18,95,34,51,0,180,34,0,34,214
07/08/2002,MHT,NH,ANE,EN,Towers with Radar,94,74,36,0,204,0,2,30,0,32,94,76,66,0,236,26,0,26,262
07/09/2002,MHT,NH,ANE,EN,Towers with Radar,99,60,24,1,184,11,14,12,0,37,110,74,36,1,221,8,0,8,229
07/10/2002,MHT,NH,ANE,EN,Towers with Radar,100,61,25,1,187,9,17,28,0,54,109,78,53,1,241,16,0,16,257
07/11/2002,MHT,NH,ANE,EN,Towers with Radar,108,68,27,1,204,0,11,43,0,54,108,79,70,1,258,16,0,16,274
07/12/2002,MHT,NH,ANE,EN,Towers with Radar,117,66,25,0,208,0,0,65,0,65,117,66,90,0,273,66,0,66,339
07/13/2002,MHT,NH,ANE,EN,Towers with Radar,98,39,14,1,152,0,0,64,1,65,98,39,78,2,217,24,0,24,241
07/14/2002,MHT,NH,ANE,EN,Towers with Radar,77,38,19,0,134,12,0,50,0,62,89,38,69,0,196,16,0,16,212
07/15/2002,MHT,NH,ANE,EN,Towers with Radar,101,68,26,0,195,0,0,33,0,33,101,68,59,0,228,22,0,22,250
07/16/2002,MHT,NH,ANE,EN,Towers with Radar,106,65,27,0,198,7,11,36,0,54,113,76,63,0,252,18,0,18,270
07/17/2002,MHT,NH,ANE,EN,Towers with Radar,105,64,26,0,195,7,1,64,0,72,112,65,90,0,267,94,0,94,361
07/18/2002,MHT,NH,ANE,EN,Towers with Radar,108,81,40,0,229,0,0,36,0,36,108,81,76,0,265,32,0,32,297
07/19/2002,MHT,NH,ANE,EN,Towers with Radar,114,69,51,0,234,0,0,12,0,12,114,69,63,0,246,14,0,14,260
07/20/2002,MHT,NH,ANE,EN,Towers with Radar,100,43,53,0,196,0,0,20,0,20,100,43,73,0,216,86,0,86,302
07/21/2002,MHT,NH,ANE,EN,Towers with Radar,101,39,27,0,167,0,0,58,0,58,101,39,85,0,225,58,0,58,283
07/22/2002,MHT,NH,ANE,EN,Towers with Radar,85,65,26,0,176,0,12,48,0,60,85,77,74,0,236,30,0,30,266
07/23/2002,MHT,NH,ANE,EN,Towers with Radar,104,64,24,0,192,0,0,20,0,20,104,64,44,0,212,0,0,0,212
07/24/2002,MHT,NH,ANE,EN,Towers with Radar,112,70,30,0,212,0,17,42,2,61,112,87,72,2,273,14,0,14,287
07/25/2002,MHT,NH,ANE,EN,Towers with Radar,117,74,36,2,229,0,1,69,1,71,117,75,105,3,300,24,0,24,324
07/26/2002,MHT,NH,ANE,EN,Towers with Radar,106,76,32,0,214,0,0,48,0,48,106,76,80,0,262,34,0,34,296
07/27/2002,MHT,NH,ANE,EN,Towers with Radar,109,35,36,2,182,0,0,12,1,13,109,35,48,3,195,16,0,16,211
07/28/2002,MHT,NH,ANE,EN,Towers with Radar,93,37,34,0,164,0,0,3,0,3,93,37,37,0,167,2,0,2,169
07/29/2002,MHT,NH,ANE,EN,Towers with Radar,89,67,23,0,179,0,0,48,0,48,89,67,71,0,227,4,0,4,231
07/30/2002,MHT,NH,ANE,EN,Towers with Radar,120,87,18,0,225,0,0,52,0,52,120,87,70,0,277,28,0,28,305
07/31/2002,MHT,NH,ANE,EN,Towers with Radar,104,75,18,0,197,0,3,58,0,61,104,78,76,0,258,28,0,28,286
08/01/2002,MHT,NH,ANE,EN,Towers with Radar,114,83,35,0,232,1,0,57,0,58,115,83,92,0,290,26,0,26,316
08/02/2002,MHT,NH,ANE,EN,Towers with Radar,98,75,36,0,209,0,0,8,0,8,98,75,44,0,217,26,0,26,243
08/03/2002,MHT,NH,ANE,EN,Towers with Radar,100,39,21,0,160,0,0,47,0,47,100,39,68,0,207,56,0,56,263
08/04/2002,MHT,NH,ANE,EN,Towers with Radar,112,31,24,0,167,0,0,69,0,69,112,31,93,0,236,48,0,48,284
08/05/2002,MHT,NH,ANE,EN,Towers with Radar,98,63,26,0,187,0,3,14,0,17,98,66,40,0,204,10,0,10,214
08/06/2002,MHT,NH,ANE,EN,Towers with Radar,106,68,28,0,202,7,19,23,0,49,113,87,51,0,251,6,0,6,257
08/07/2002,MHT,NH,ANE,EN,Towers with Radar,107,68,28,0,203,0,9,63,1,73,107,77,91,1,276,16,0,16,292
08/08/2002,MHT,NH,ANE,EN,Towers with Radar,112,89,28,0,229,0,1,65,0,66,112,90,93,0,295,48,0,48,343
08/09/2002,MHT,NH,ANE,EN,Towers with Radar,114,70,30,4,218,0,0,69,0,69,114,70,99,4,287,14,0,14,301
08/10/2002,MHT,NH,ANE,EN,Towers with Radar,79,38,21,1,139,17,0,38,0,55,96,38,59,1,194,12,0,12,206
08/11/2002,MHT,NH,ANE,EN,Towers with Radar,97,34,29,2,162,0,0,66,0,66,97,34,95,2,228,16,0,16,244
08/12/2002,MHT,NH,ANE,EN,Towers with Radar,89,73,24,4,190,0,3,41,2,46,89,76,65,6,236,27,0,27,263
08/13/2002,MHT,NH,ANE,EN,Towers with Radar,112,70,20,1,203,0,5,29,0,34,112,75,49,1,237,6,0,6,243
08/14/2002,MHT,NH,ANE,EN,Towers with Radar,122,81,36,1,240,0,0,25,4,29,122,81,61,5,269,0,0,0,269
08/15/2002,MHT,NH,ANE,EN,Towers with Radar,117,74,27,1,219,0,0,28,1,29,117,74,55,2,248,8,0,8,256
08/16/2002,MHT,NH,ANE,EN,Towers with Radar,103,73,30,1,207,0,1,25,4,30,103,74,55,5,237,2,0,2,239
08/17/2002,MHT,NH,ANE,EN,Towers with Radar,83,41,21,0,145,23,0,30,0,53,106,41,51,0,198,48,0,48,246
08/18/2002,MHT,NH,ANE,EN,Towers with Radar,95,35,14,2,146,0,0,42,0,42,95,35,56,2,188,17,0,17,205
08/19/2002,MHT,NH,ANE,EN,Towers with Radar,98,65,27,0,190,0,6,50,0,56,98,71,77,0,246,8,0,8,254
08/20/2002,MHT,NH,ANE,EN,Towers with Radar,113,89,28,0,230,0,0,43,0,43,113,89,71,0,273,62,0,62,335
08/21/2002,MHT,NH,ANE,EN,Towers with Radar,119,82,15,0,216,0,0,50,0,50,119,82,65,0,266,34,0,34,300
08/22/2002,MHT,NH,ANE,EN,Towers with Radar,103,85,32,0,220,0,0,34,0,34,103,85,66,0,254,30,0,30,284
08/23/2002,MHT,NH,ANE,EN,Towers with Radar,105,72,36,0,213,0,0,28,0,28,105,72,64,0,241,11,0,11,252
08/24/2002,MHT,NH,ANE,EN,Towers with Radar,100,40,27,0,167,0,0,34,0,34,100,40,61,0,201,52,0,52,253
08/25/2002,MHT,NH,ANE,EN,Towers with Radar,101,37,31,0,169,0,0,47,0,47,101,37,78,0,216,36,0,36,252
08/26/2002,MHT,NH,ANE,EN,Towers with Radar,84,53,21,0,158,12,22,62,0,96,96,75,83,0,254,32,0,32,286
08/27/2002,MHT,NH,ANE,EN,Towers with Radar,96,60,25,0,181,0,13,47,0,60,96,73,72,0,241,6,0,6,247
08/28/2002,MHT,NH,ANE,EN,Towers with Radar,115,74,31,0,220,0,7,67,4,78,115,81,98,4,298,36,0,36,334
08/29/2002,MHT,NH,ANE,EN,Towers with Radar,109,92,33,0,234,0,0,7,0,7,109,92,40,0,241,10,0,10,251
08/30/2002,MHT,NH,ANE,EN,Towers with Radar,124,69,51,0,244,0,0,38,0,38,124,69,89,0,282,46,0,46,328
08/31/2002,MHT,NH,ANE,EN,Towers with Radar,98,46,26,0,170,0,0,31,0,31,98,46,57,0,201,30,0,30,231
09/01/2002,MHT,NH,ANE,EN,Towers with Radar,79,23,22,0,124,9,0,37,2,48,88,23,59,2,172,48,0,48,220
09/02/2002,MHT,NH,ANE,EN,Towers with Radar,93,34,38,0,165,0,2,2,0,4,93,36,40,0,169,0,0,0,169
09/03/2002,MHT,NH,ANE,EN,Towers with Radar,93,65,61,2,221,0,2,1,0,3,93,67,62,2,224,22,0,22,246
09/04/2002,MHT,NH,ANE,EN,Towers with Radar,116,78,40,0,234,0,2,40,2,44,116,80,80,2,278,20,0,20,298
09/05/2002,MHT,NH,ANE,EN,Towers with Radar,105,79,46,0,230,0,6,47,1,54,105,85,93,1,284,21,0,21,305
09/06/2002,MHT,NH,ANE,EN,Towers with Radar,113,65,29,0,207,1,8,92,2,103,114,73,121,2,310,34,0,34,344
09/07/2002,MHT,NH,ANE,EN,Towers with Radar,85,35,23,0,143,19,0,140,0,159,104,35,163,0,302,64,0,64,366
09/08/2002,MHT,NH,ANE,EN,Towers with Radar,101,33,35,0,169,0,1,103,2,106,101,34,138,2,275,18,0,18,293
09/09/2002,MHT,NH,ANE,EN,Towers with Radar,96,74,25,0,195,0,8,51,0,59,96,82,76,0,254,8,0,8,262
09/10/2002,MHT,NH,ANE,EN,Towers with Radar,109,78,19,0,206,0,2,69,0,71,109,80,88,0,277,28,0,28,305
09/11/2002,MHT,NH,ANE,EN,Towers with Radar,111,62,16,0,189,0,1,18,0,19,111,63,34,0,208,6,0,6,214
09/12/2002,MHT,NH,ANE,EN,Towers with Radar,115,77,29,0,221,0,5,39,0,44,115,82,68,0,265,20,0,20,285
09/13/2002,MHT,NH,ANE,EN,Towers with Radar,102,71,27,0,200,0,1,50,0,51,102,72,77,0,251,10,0,10,261
09/14/2002,MHT,NH,ANE,EN,Towers with Radar,103,38,14,0,155,0,1,73,0,74,103,39,87,0,229,62,0,62,291
09/15/2002,MHT,NH,ANE,EN,Towers with Radar,99,33,13,0,145,0,1,15,0,16,99,34,28,0,161,0,0,0,161
09/16/2002,MHT,NH,ANE,EN,Towers with Radar,93,65,31,0,189,0,1,8,0,9,93,66,39,0,198,0,0,0,198
09/17/2002,MHT,NH,ANE,EN,Towers with Radar,118,74,33,0,225,0,7,34,0,41,118,81,67,0,266,50,0,50,316
09/18/2002,MHT,NH,ANE,EN,Towers with Radar,111,76,23,3,213,0,3,51,0,54,111,79,74,3,267,28,0,28,295
09/19/2002,MHT,NH,ANE,EN,Towers with Radar,122,81,36,0,239,0,4,62,0,66,122,85,98,0,305,30,0,30,335
09/20/2002,MHT,NH,ANE,EN,Towers with Radar,104,71,31,1,207,0,3,54,0,57,104,74,85,1,264,48,0,48,312
09/21/2002,MHT,NH,ANE,EN,Towers with Radar,111,45,13,0,169,0,1,43,0,44,111,46,56,0,213,114,0,114,327
09/22/2002,MHT,NH,ANE,EN,Towers with Radar,93,46,26,0,165,0,0,11,0,11,93,46,37,0,176,40,0,40,216
09/23/2002,MHT,NH,ANE,EN,Towers with Radar,96,67,34,1,198,0,5,11,0,16,96,72,45,1,214,4,0,4,218
09/24/2002,MHT,NH,ANE,EN,Towers with Radar,105,84,31,0,220,0,2,42,1,45,105,86,73,1,265,56,0,56,321
09/25/2002,MHT,NH,ANE,EN,Towers with Radar,112,82,19,0,213,0,3,45,0,48,112,85,64,0,261,76,0,76,337
09/26/2002,MHT,NH,ANE,EN,Towers with Radar,102,77,42,1,222,0,3,27,1,31,102,80,69,2,253,38,0,38,291
09/27/2002,MHT,NH,ANE,EN,Towers with Radar,120,75,43,1,239,0,1,0,0,1,120,76,43,1,240,0,0,0,240
09/28/2002,MHT,NH,ANE,EN,Towers with Radar,104,41,5,0,150,0,2,20,0,22,104,43,25,0,172,49,0,49,221
09/29/2002,MHT,NH,ANE,EN,Towers with Radar,69,41,19,0,129,17,7,90,0,114,86,48,109,0,243,88,0,88,331
09/30/2002,MHT,NH,ANE,EN,Towers with Radar,96,70,22,0,188,0,2,39,0,41,96,72,61,0,229,84,0,84,313
10/01/2002,MHT,NH,ANE,EN,Towers with Radar,105,71,26,0,202,7,11,48,0,66,112,82,74,0,268,98,0,98,366
10/02/2002,MHT,NH,ANE,EN,Towers with Radar,109,78,28,2,217,0,0,34,0,34,109,78,62,2,251,86,0,86,337
10/03/2002,MHT,NH,ANE,EN,Towers with Radar,112,90,34,4,240,1,0,28,2,31,113,90,62,6,271,12,0,12,283
10/04/2002,MHT,NH,ANE,EN,Towers with Radar,101,82,29,2,214,0,6,23,1,30,101,88,52,3,244,48,0,48,292
10/05/2002,MHT,NH,ANE,EN,Towers with Radar,112,40,8,8,168,0,0,19,1,20,112,40,27,9,188,16,0,16,204
10/06/2002,MHT,NH,ANE,EN,Towers with Radar,97,55,23,0,175,1,0,44,0,45,98,55,67,0,220,42,0,42,262
10/07/2002,MHT,NH,ANE,EN,Towers with Radar,93,66,22,0,181,0,2,12,0,14,93,68,34,0,195,12,0,12,207
10/08/2002,MHT,NH,ANE,EN,Towers with Radar,109,73,26,0,208,10,14,81,0,105,119,87,107,0,313,124,0,124,437
10/09/2002,MHT,NH,ANE,EN,Towers with Radar,108,82,20,0,210,0,1,45,0,46,108,83,65,0,256,48,0,48,304
10/10/2002,MHT,NH,ANE,EN,Towers with Radar,116,74,38,0,228,0,0,38,0,38,116,74,76,0,266,72,0,72,338
10/11/2002,MHT,NH,ANE,EN,Towers with Radar,113,72,49,0,234,0,0,10,0,10,113,72,59,0,244,12,0,12,256
10/12/2002,MHT,NH,ANE,EN,Towers with Radar,106,33,23,0,162,0,0,0,0,0,106,33,23,0,162,4,0,4,166
10/13/2002,MHT,NH,ANE,EN,Towers with Radar,94,42,23,0,159,0,0,1,0,1,94,42,24,0,160,0,0,0,160
10/14/2002,MHT,NH,ANE,EN,Towers with Radar,98,80,23,0,201,1,0,30,0,31,99,80,53,0,232,0,0,0,232
10/15/2002,MHT,NH,ANE,EN,Towers with Radar,113,78,28,1,220,0,29,66,3,98,113,107,94,4,318,104,0,104,422
10/16/2002,MHT,NH,ANE,EN,Towers with Radar,115,81,17,0,213,0,0,1,0,1,115,81,18,0,214,0,0,0,214
10/17/2002,MHT,NH,ANE,EN,Towers with Radar,123,79,23,0,225,0,2,39,0,41,123,81,62,0,266,46,0,46,312
10/18/2002,MHT,NH,ANE,EN,Towers with Radar,109,76,35,0,220,1,3,47,0,51,110,79,82,0,271,36,0,36,307
10/19/2002,MHT,NH,ANE,EN,Towers with Radar,107,57,11,0,175,0,0,9,0,9,107,57,20,0,184,4,0,4,188
10/20/2002,MHT,NH,ANE,EN,Towers with Radar,79,52,18,0,149,24,0,50,0,74,103,52,68,0,223,20,0,20,243
10/21/2002,MHT,NH,ANE,EN,Towers with Radar,94,63,23,0,180,0,8,56,0,64,94,71,79,0,244,2,0,2,246
10/22/2002,MHT,NH,ANE,EN,Towers with Radar,114,81,17,1,213,0,1,46,1,48,114,82,63,2,261,68,0,68,329
10/23/2002,MHT,NH,ANE,EN,Towers with Radar,112,77,28,0,217,0,11,7,3,21,112,88,35,3,238,8,0,8,246
10/24/2002,MHT,NH,ANE,EN,Towers with Radar,114,81,45,0,240,0,1,45,3,49,114,82,90,3,289,30,0,30,319
10/25/2002,MHT,NH,ANE,EN,Towers with Radar,104,88,27,0,219,0,0,49,0,49,104,88,76,0,268,36,0,36,304
10/26/2002,MHT,NH,ANE,EN,Towers with Radar,110,29,14,0,153,1,0,2,0,3,111,29,16,0,156,0,0,0,156
10/27/2002,MHT,NH,ANE,EN,Towers with Radar,99,47,28,0,174,0,3,78,0,81,99,50,106,0,255,41,0,41,296
10/28/2002,MHT,NH,ANE,EN,Towers with Radar,94,69,26,0,189,0,0,43,12,55,94,69,69,12,244,32,8,40,284
10/29/2002,MHT,NH,ANE,EN,Towers with Radar,115,78,36,1,230,0,5,36,0,41,115,83,72,1,271,104,0,104,375
10/30/2002,MHT,NH,ANE,EN,Towers with Radar,108,86,25,1,220,0,1,21,1,23,108,87,46,2,243,50,0,50,293
10/31/2002,MHT,NH,ANE,EN,Towers with Radar,102,82,25,1,210,0,6,38,0,44,102,88,63,1,254,16,0,16,270
11/01/2002,MHT,NH,ANE,EN,Towers with Radar,109,72,25,2,208,2,0,10,0,12,111,72,35,2,220,28,0,28,248
11/02/2002,MHT,NH,ANE,EN,Towers with Radar,83,41,12,0,136,2,0,17,0,19,85,41,29,0,155,24,0,24,179
11/03/2002,MHT,NH,ANE,EN,Towers with Radar,79,44,18,0,141,18,0,54,2,74,97,44,72,2,215,22,0,22,237
11/04/2002,MHT,NH,ANE,EN,Towers with Radar,104,81,28,0,213,2,3,14,0,19,106,84,42,0,232,0,0,0,232
11/05/2002,MHT,NH,ANE,EN,Towers with Radar,114,93,27,0,234,0,4,51,0,55,114,97,78,0,289,80,0,80,369
11/06/2002,MHT,NH,ANE,EN,Towers with Radar,109,87,20,0,216,2,0,0,0,2,111,87,20,0,218,0,0,0,218
11/07/2002,MHT,NH,ANE,EN,Towers with Radar,124,85,27,0,236,2,2,18,0,22,126,87,45,0,258,24,0,24,282
11/08/2002,MHT,NH,ANE,EN,Towers with Radar,101,89,23,0,213,2,0,44,2,48,103,89,67,2,261,26,0,26,287
11/09/2002,MHT,NH,ANE,EN,Towers with Radar,91,43,12,0,146,1,3,60,0,64,92,46,72,0,210,80,0,80,290
11/10/2002,MHT,NH,ANE,EN,Towers with Radar,103,35,14,2,154,1,2,8,0,11,104,37,22,2,165,10,0,10,175
11/11/2002,MHT,NH,ANE,EN,Towers with Radar,93,74,30,0,197,1,1,0,0,2,94,75,30,0,199,4,0,4,203
11/12/2002,MHT,NH,ANE,EN,Towers with Radar,107,92,21,2,222,1,2,9,1,13,108,94,30,3,235,18,0,18,253
11/13/2002,MHT,NH,ANE,EN,Towers with Radar,112,97,29,0,238,0,3,4,0,7,112,100,33,0,245,4,0,4,249
11/14/2002,MHT,NH,ANE,EN,Towers with Radar,115,86,25,1,227,0,7,62,2,71,115,93,87,3,298,58,0,58,356
11/15/2002,MHT,NH,ANE,EN,Towers with Radar,115,76,26,1,218,0,0,50,1,51,115,76,76,2,269,56,0,56,325
11/16/2002,MHT,NH,ANE,EN,Towers with Radar,99,46,10,0,155,1,3,2,0,6,100,49,12,0,161,0,0,0,161
11/17/2002,MHT,NH,ANE,EN,Towers with Radar,85,52,8,0,145,1,0,0,0,1,86,52,8,0,146,0,0,0,146
11/18/2002,MHT,NH,ANE,EN,Towers with Radar,94,80,21,0,195,1,0,0,0,1,95,80,21,0,196,0,0,0,196
11/19/2002,MHT,NH,ANE,EN,Towers with Radar,104,98,29,3,234,1,2,27,1,31,105,100,56,4,265,28,0,28,293
11/20/2002,MHT,NH,ANE,EN,Towers with Radar,138,88,25,4,255,1,1,24,0,26,139,89,49,4,281,44,0,44,325
11/21/2002,MHT,NH,ANE,EN,Towers with Radar,98,63,20,0,181,35,0,0,2,37,133,63,20,2,218,0,0,0,218
11/22/2002,MHT,NH,ANE,EN,Towers with Radar,118,79,21,0,218,1,0,0,0,1,119,79,21,0,219,0,0,0,219
11/23/2002,MHT,NH,ANE,EN,Towers with Radar,115,53,11,0,179,1,0,1,0,2,116,53,12,0,181,6,0,6,187
11/24/2002,MHT,NH,ANE,EN,Towers with Radar,93,51,5,0,149,1,0,17,0,18,94,51,22,0,167,34,0,34,201
11/25/2002,MHT,NH,ANE,EN,Towers with Radar,97,68,22,0,187,1,0,33,0,34,98,68,55,0,221,38,0,38,259
11/26/2002,MHT,NH,ANE,EN,Towers with Radar,118,98,29,6,251,2,2,44,0,48,120,100,73,6,299,24,0,24,323
11/27/2002,MHT,NH,ANE,EN,Towers with Radar,109,73,22,0,204,7,19,14,0,40,116,92,36,0,244,0,0,0,244
11/28/2002,MHT,NH,ANE,EN,Towers with Radar,95,36,2,0,133,1,0,6,0,7,96,36,8,0,140,6,0,6,146
11/29/2002,MHT,NH,ANE,EN,Towers with Radar,84,66,19,0,169,1,0,12,0,13,85,66,31,0,182,6,0,6,188
11/30/2002,MHT,NH,ANE,EN,Towers with Radar,91,51,9,1,152,1,1,27,0,29,92,52,36,1,181,16,0,16,197
12/01/2002,MHT,NH,ANE,EN,Towers with Radar,87,60,20,0,167,0,4,12,0,16,87,64,32,0,183,0,0,0,183
12/02/2002,MHT,NH,ANE,EN,Towers with Radar,84,72,32,0,188,0,3,27,0,30,84,75,59,0,218,20,0,20,238
12/03/2002,MHT,NH,ANE,EN,Towers with Radar,126,89,21,0,236,0,0,12,0,12,126,89,33,0,248,0,0,0,248
12/04/2002,MHT,NH,ANE,EN,Towers with Radar,109,79,18,1,207,0,2,40,5,47,109,81,58,6,254,24,0,24,278
12/05/2002,MHT,NH,ANE,EN,Towers with Radar,96,68,25,0,189,0,0,7,0,7,96,68,32,0,196,0,0,0,196
12/06/2002,MHT,NH,ANE,EN,Towers with Radar,110,75,24,0,209,9,16,12,0,37,119,91,36,0,246,2,0,2,248
12/07/2002,MHT,NH,ANE,EN,Towers with Radar,98,44,7,0,149,1,0,28,0,29,99,44,35,0,178,38,0,38,216
12/08/2002,MHT,NH,ANE,EN,Towers with Radar,86,49,17,0,152,0,0,23,0,23,86,49,40,0,175,14,0,14,189
12/09/2002,MHT,NH,ANE,EN,Towers with Radar,88,67,34,3,192,1,6,49,0,56,89,73,83,3,248,16,0,16,264
12/10/2002,MHT,NH,ANE,EN,Towers with Radar,130,88,23,2,243,1,3,47,0,51,131,91,70,2,294,26,0,26,320
12/11/2002,MHT,NH,ANE,EN,Towers with Radar,112,86,37,0,235,1,1,13,0,15,113,87,50,0,250,0,0,0,250
12/12/2002,MHT,NH,ANE,EN,Towers with Radar,119,83,26,0,228,1,0,6,0,7,120,83,32,0,235,0,0,0,235
12/13/2002,MHT,NH,ANE,EN,Towers with Radar,98,89,38,2,227,1,1,30,0,32,99,90,68,2,259,40,0,40,299
12/14/2002,MHT,NH,ANE,EN,Towers with Radar,95,51,26,0,172,1,0,0,0,1,96,51,26,0,173,0,0,0,173
12/15/2002,MHT,NH,ANE,EN,Towers with Radar,94,50,39,0,183,1,0,36,0,37,95,50,75,0,220,36,0,36,256
12/16/2002,MHT,NH,ANE,EN,Towers with Radar,85,81,32,0,198,1,0,0,0,1,86,81,32,0,199,6,0,6,205
12/17/2002,MHT,NH,ANE,EN,Towers with Radar,115,93,19,0,227,1,1,45,0,47,116,94,64,0,274,18,0,18,292
12/18/2002,MHT,NH,ANE,EN,Towers with Radar,128,87,29,0,244,5,7,62,0,74,133,94,91,0,318,10,0,10,328
12/19/2002,MHT,NH,ANE,EN,Towers with Radar,122,96,32,1,251,0,0,76,12,88,122,96,108,13,339,52,0,52,391
12/20/2002,MHT,NH,ANE,EN,Towers with Radar,93,66,26,1,186,0,0,0,0,0,93,66,26,1,186,0,0,0,186
12/21/2002,MHT,NH,ANE,EN,Towers with Radar,110,51,21,1,183,0,4,15,0,19,110,55,36,1,202,22,0,22,224
12/22/2002,MHT,NH,ANE,EN,Towers with Radar,89,51,22,0,162,0,0,26,0,26,89,51,48,0,188,14,0,14,202
12/23/2002,MHT,NH,ANE,EN,Towers with Radar,101,75,18,0,194,0,0,16,1,17,101,75,34,1,211,20,0,20,231
12/24/2002,MHT,NH,ANE,EN,Towers with Radar,116,79,8,0,203,0,0,41,0,41,116,79,49,0,244,20,0,20,264
12/25/2002,MHT,NH,ANE,EN,Towers with Radar,45,17,3,0,65,0,0,0,0,0,45,17,3,0,65,0,0,0,65
12/26/2002,MHT,NH,ANE,EN,Towers with Radar,98,50,14,0,162,0,0,11,0,11,98,50,25,0,173,0,0,0,173
12/27/2002,MHT,NH,ANE,EN,Towers with Radar,112,68,20,20,220,0,1,31,1,33,112,69,51,21,253,18,0,18,271
12/28/2002,MHT,NH,ANE,EN,Towers with Radar,96,44,19,0,159,0,0,24,0,24,96,44,43,0,183,20,0,20,203
12/29/2002,MHT,NH,ANE,EN,Towers with Radar,97,49,16,0,162,0,0,28,0,28,97,49,44,0,190,56,0,56,246
12/30/2002,MHT,NH,ANE,EN,Towers with Radar,98,71,17,0,186,0,0,41,0,41,98,71,58,0,227,34,0,34,261
12/31/2002,MHT,NH,ANE,EN,Towers with Radar,63,48,8,0,119,0,0,0,0,0,63,48,8,0,119,0,0,0,119
01/01/2003,MHT,NH,ANE,EN,Towers with Radar,87,40,16,0,143,1,1,14,0,16,88,41,30,0,159,50,0,50,209
01/02/2003,MHT,NH,ANE,EN,Towers with Radar,103,78,13,0,194,0,0,16,0,16,103,78,29,0,210,0,0,0,210
01/03/2003,MHT,NH,ANE,EN,Towers with Radar,97,57,11,0,165,1,0,0,0,1,98,57,11,0,166,0,0,0,166
01/04/2003,MHT,NH,ANE,EN,Towers with Radar,90,35,7,0,132,1,0,0,0,1,91,35,7,0,133,0,0,0,133
01/05/2003,MHT,NH,ANE,EN,Towers with Radar,97,49,19,1,166,1,0,22,0,23,98,49,41,1,189,24,0,24,213
01/06/2003,MHT,NH,ANE,EN,Towers with Radar,91,78,19,0,188,0,0,2,0,2,91,78,21,0,190,0,0,0,190
01/07/2003,MHT,NH,ANE,EN,Towers with Radar,112,90,24,0,226,0,1,25,0,26,112,91,49,0,252,10,0,10,262
01/08/2003,MHT,NH,ANE,EN,Towers with Radar,100,87,31,0,218,1,0,22,4,27,101,87,53,4,245,40,0,40,285
01/09/2003,MHT,NH,ANE,EN,Towers with Radar,109,82,17,0,208,0,8,0,0,8,109,90,17,0,216,6,0,6,222
01/10/2003,MHT,NH,ANE,EN,Towers with Radar,98,84,37,0,219,1,0,17,0,18,99,84,54,0,237,0,0,0,237
01/11/2003,MHT,NH,ANE,EN,Towers with Radar,88,37,13,1,139,1,0,9,0,10,89,37,22,1,149,8,0,8,157
01/12/2003,MHT,NH,ANE,EN,Towers with Radar,95,50,23,3,171,1,0,40,1,42,96,50,63,4,213,2,0,2,215
01/13/2003,MHT,NH,ANE,EN,Towers with Radar,99,75,27,0,201,1,3,26,0,30,100,78,53,0,231,2,0,2,233
01/14/2003,MHT,NH,ANE,EN,Towers with Radar,101,87,20,2,210,1,4,23,0,28,102,91,43,2,238,8,0,8,246
01/15/2003,MHT,NH,ANE,EN,Towers with Radar,101,73,11,1,186,1,3,22,0,26,102,76,33,1,212,20,0,20,232
01/16/2003,MHT,NH,ANE,EN,Towers with Radar,110,83,21,3,217,1,0,29,0,30,111,83,50,3,247,40,0,40,287
01/17/2003,MHT,NH,ANE,EN,Towers with Radar,120,97,24,0,241,1,0,25,0,26,121,97,49,0,267,22,0,22,289
01/18/2003,MHT,NH,ANE,EN,Towers with Radar,91,49,13,0,153,1,0,34,0,35,92,49,47,0,188,28,0,28,216
01/19/2003,MHT,NH,ANE,EN,Towers with Radar,85,47,22,0,154,1,0,21,0,22,86,47,43,0,176,92,0,92,268
01/20/2003,MHT,NH,ANE,EN,Towers with Radar,96,78,18,0,192,1,2,12,0,15,97,80,30,0,207,0,0,0,207
01/21/2003,MHT,NH,ANE,EN,Towers with Radar,94,80,15,3,192,1,0,24,0,25,95,80,39,3,217,0,0,0,217
01/22/2003,MHT,NH,ANE,EN,Towers with Radar,110,85,10,2,207,0,4,17,0,21,110,89,27,2,228,0,0,0,228
01/23/2003,MHT,NH,ANE,EN,Towers with Radar,102,82,21,2,207,0,15,23,7,45,102,97,44,9,252,10,0,10,262
01/24/2003,MHT,NH,ANE,EN,Towers with Radar,104,89,3,1,197,0,0,30,0,30,104,89,33,1,227,4,0,4,231
01/25/2003,MHT,NH,ANE,EN,Towers with Radar,91,45,19,1,156,0,1,41,0,42,91,46,60,1,198,68,0,68,266
01/26/2003,MHT,NH,ANE,EN,Towers with Radar,84,45,17,0,146,0,0,12,0,12,84,45,29,0,158,10,0,10,168
01/27/2003,MHT,NH,ANE,EN,Towers with Radar,110,82,21,0,213,0,4,11,0,15,110,86,32,0,228,4,0,4,232
01/28/2003,MHT,NH,ANE,EN,Towers with Radar,101,92,20,0,213,0,2,28,0,30,101,94,48,0,243,15,0,15,258
01/29/2003,MHT,NH,ANE,EN,Towers with Radar,117,87,12,8,224,0,3,18,0,21,117,90,30,8,245,22,0,22,267
01/30/2003,MHT,NH,ANE,EN,Towers with Radar,112,83,38,2,235,0,5,23,2,30,112,88,61,4,265,33,0,33,298
01/31/2003,MHT,NH,ANE,EN,Towers with Radar,106,94,23,0,223,0,0,7,0,7,106,94,30,0,230,0,0,0,230
02/01/2003,MHT,NH,ANE,EN,Towers with Radar,61,42,5,0,108,13,0,0,0,13,74,42,5,0,121,0,0,0,121
02/02/2003,MHT,NH,ANE,EN,Towers with Radar,86,50,5,0,141,1,0,1,0,2,87,50,6,0,143,0,0,0,143
02/03/2003,MHT,NH,ANE,EN,Towers with Radar,98,62,28,1,189,1,2,43,11,57,99,64,71,12,246,36,0,36,282
02/04/2003,MHT,NH,ANE,EN,Towers with Radar,121,73,22,0,216,1,0,1,0,2,122,73,23,0,218,0,0,0,218
02/05/2003,MHT,NH,ANE,EN,Towers with Radar,114,82,23,0,219,0,12,27,2,41,114,94,50,2,260,2,0,2,262
02/06/2003,MHT,NH,ANE,EN,Towers with Radar,109,89,29,1,228,1,5,35,0,41,110,94,64,1,269,10,0,10,279
02/07/2003,MHT,NH,ANE,EN,Towers with Radar,97,75,19,1,192,1,0,2,0,3,98,75,21,1,195,0,0,0,195
02/08/2003,MHT,NH,ANE,EN,Towers with Radar,84,49,16,0,149,2,0,47,4,53,86,49,63,4,202,102,0,102,304
02/09/2003,MHT,NH,ANE,EN,Towers with Radar,88,44,16,4,152,0,0,38,0,38,88,44,54,4,190,62,0,62,252
02/10/2003,MHT,NH,ANE,EN,Towers with Radar,97,78,10,0,185,0,0,5,0,5,97,78,15,0,190,12,0,12,202
02/11/2003,MHT,NH,ANE,EN,Towers with Radar,100,76,21,0,197,0,18,20,0,38,100,94,41,0,235,14,0,14,249
02/12/2003,MHT,NH,ANE,EN,Towers with Radar,100,71,17,0,188,7,21,0,1,29,107,92,17,1,217,6,0,6,223
02/13/2003,MHT,NH,ANE,EN,Towers with Radar,125,82,34,1,242,1,5,7,1,14,126,87,41,2,256,6,0,6,262
02/14/2003,MHT,NH,ANE,EN,Towers with Radar,107,81,29,0,217,1,0,24,0,25,108,81,53,0,242,51,0,51,293
02/15/2003,MHT,NH,ANE,EN,Towers with Radar,91,41,11,0,143,1,0,24,0,25,92,41,35,0,168,22,0,22,190
02/16/2003,MHT,NH,ANE,EN,Towers with Radar,69,23,5,0,97,1,0,7,0,8,70,23,12,0,105,10,0,10,115
02/17/2003,MHT,NH,ANE,EN,Towers with Radar,32,24,2,0,58,4,0,0,0,4,36,24,2,0,62,0,0,0,62
02/18/2003,MHT,NH,ANE,EN,Towers with Radar,69,61,20,1,151,1,0,1,0,2,70,61,21,1,153,0,0,0,153
02/19/2003,MHT,NH,ANE,EN,Towers with Radar,108,91,32,0,231,1,0,19,1,21,109,91,51,1,252,8,0,8,260
02/20/2003,MHT,NH,ANE,EN,Towers with Radar,132,82,15,0,229,1,3,39,1,44,133,85,54,1,273,64,0,64,337
02/21/2003,MHT,NH,ANE,EN,Towers with Radar,104,81,32,0,217,2,6,56,0,64,106,87,88,0,281,24,0,24,305
02/22/2003,MHT,NH,ANE,EN,Towers with Radar,84,37,10,0,131,1,0,9,0,10,85,37,19,0,141,16,0,16,157
02/23/2003,MHT,NH,ANE,EN,Towers with Radar,91,41,19,0,151,1,0,0,0,1,92,41,19,0,152,0,0,0,152
02/24/2003,MHT,NH,ANE,EN,Towers with Radar,96,82,25,0,203,0,0,39,0,39,96,82,64,0,242,28,0,28,270
02/25/2003,MHT,NH,ANE,EN,Towers with Radar,111,84,14,0,209,1,2,17,0,20,112,86,31,0,229,30,0,30,259
02/26/2003,MHT,NH,ANE,EN,Towers with Radar,115,83,24,0,222,0,6,33,0,39,115,89,57,0,261,80,0,80,341
02/27/2003,MHT,NH,ANE,EN,Towers with Radar,116,85,20,4,225,1,0,31,2,34,117,85,51,6,259,56,0,56,315
02/28/2003,MHT,NH,ANE,EN,Towers with Radar,120,80,34,2,236,1,0,30,0,31,121,80,64,2,267,46,0,46,313
03/01/2003,MHT,NH,ANE,EN,Towers with Radar,88,44,24,0,156,0,0,47,0,47,88,44,71,0,203,102,0,102,305
03/02/2003,MHT,NH,ANE,EN,Towers with Radar,97,42,11,0,150,1,0,2,0,3,98,42,13,0,153,0,0,0,153
03/03/2003,MHT,NH,ANE,EN,Towers with Radar,99,84,12,1,196,1,5,21,0,27,100,89,33,1,223,4,0,4,227
03/04/2003,MHT,NH,ANE,EN,Towers with Radar,113,84,12,1,210,1,3,32,2,38,114,87,44,3,248,12,0,12,260
03/05/2003,MHT,NH,ANE,EN,Towers with Radar,93,64,14,0,171,30,13,0,0,43,123,77,14,0,214,4,0,4,218
03/06/2003,MHT,NH,ANE,EN,Towers with Radar,110,69,40,4,223,1,0,7,0,8,111,69,47,4,231,8,0,8,239
03/07/2003,MHT,NH,ANE,EN,Towers with Radar,112,78,28,0,218,0,10,26,0,36,112,88,54,0,254,76,0,76,330
03/08/2003,MHT,NH,ANE,EN,Towers with Radar,96,45,31,2,174,1,0,55,0,56,97,45,86,2,230,72,0,72,302
03/09/2003,MHT,NH,ANE,EN,Towers with Radar,85,45,14,0,144,2,1,11,0,14,87,46,25,0,158,0,0,0,158
03/10/2003,MHT,NH,ANE,EN,Towers with Radar,99,73,23,0,195,2,4,21,0,27,101,77,44,0,222,30,0,30,252
03/11/2003,MHT,NH,ANE,EN,Towers with Radar,113,79,28,0,220,0,10,51,0,61,113,89,79,0,281,38,0,38,319
03/12/2003,MHT,NH,ANE,EN,Towers with Radar,113,78,28,0,219,5,0,13,0,18,118,78,41,0,237,48,0,48,285
03/13/2003,MHT,NH,ANE,EN,Towers with Radar,109,76,24,0,209,2,2,10,0,14,111,78,34,0,223,28,0,28,251
03/14/2003,MHT,NH,ANE,EN,Towers with Radar,113,78,16,0,207,2,1,41,0,44,115,79,57,0,251,12,0,12,263
03/15/2003,MHT,NH,ANE,EN,Towers with Radar,91,44,23,0,158,2,1,28,0,31,93,45,51,0,189,36,0,36,225
03/16/2003,MHT,NH,ANE,EN,Towers with Radar,83,49,21,0,153,0,0,85,0,85,83,49,106,0,238,48,0,48,286
03/17/2003,MHT,NH,ANE,EN,Towers with Radar,106,80,19,4,209,2,5,18,0,25,108,85,37,4,234,30,0,30,264
03/18/2003,MHT,NH,ANE,EN,Towers with Radar,117,82,39,1,239,2,0,32,0,34,119,82,71,1,273,24,0,24,297
03/19/2003,MHT,NH,ANE,EN,Towers with Radar,108,88,32,0,228,0,14,61,6,81,108,102,93,6,309,50,0,50,359
03/20/2003,MHT,NH,ANE,EN,Towers with Radar,109,86,30,2,227,2,0,19,1,22,111,86,49,3,249,5,0,5,254
03/21/2003,MHT,NH,ANE,EN,Towers with Radar,105,85,15,0,205,2,0,17,0,19,107,85,32,0,224,18,0,18,242
03/22/2003,MHT,NH,ANE,EN,Towers with Radar,93,53,51,0,197,2,0,7,0,9,95,53,58,0,206,48,0,48,254
03/23/2003,MHT,NH,ANE,EN,Towers with Radar,87,48,24,0,159,2,0,33,0,35,89,48,57,0,194,28,0,28,222
03/24/2003,MHT,NH,ANE,EN,Towers with Radar,94,81,26,0,201,2,2,49,0,53,96,83,75,0,254,29,0,29,283
03/25/2003,MHT,NH,ANE,EN,Towers with Radar,113,88,32,0,233,0,2,40,4,46,113,90,72,4,279,26,0,26,305
03/26/2003,MHT,NH,ANE,EN,Towers with Radar,110,81,30,0,221,0,4,11,0,15,110,85,41,0,236,28,0,28,264
03/27/2003,MHT,NH,ANE,EN,Towers with Radar,116,95,42,0,253,2,3,58,0,63,118,98,100,0,316,40,0,40,356
03/28/2003,MHT,NH,ANE,EN,Towers with Radar,113,78,33,0,224,0,0,49,1,50,113,78,82,1,274,58,0,58,332
03/29/2003,MHT,NH,ANE,EN,Towers with Radar,103,45,17,0,165,2,0,3,0,5,105,45,20,0,170,4,0,4,174
03/30/2003,MHT,NH,ANE,EN,Towers with Radar,84,49,38,0,171,1,1,0,0,2,85,50,38,0,173,0,0,0,173
03/31/2003,MHT,NH,ANE,EN,Towers with Radar,97,84,22,1,204,1,3,16,1,21,98,87,38,2,225,10,0,10,235
04/01/2003,MHT,NH,ANE,EN,Towers with Radar,109,98,30,0,237,0,2,30,0,32,109,100,60,0,269,46,0,46,315
04/02/2003,MHT,NH,ANE,EN,Towers with Radar,111,93,31,0,235,0,1,16,0,17,111,94,47,0,252,23,0,23,275
04/03/2003,MHT,NH,ANE,EN,Towers with Radar,104,84,29,0,217,0,1,3,0,4,104,85,32,0,221,2,0,2,223
04/04/2003,MHT,NH,ANE,EN,Towers with Radar,110,72,15,2,199,0,1,1,0,2,110,73,16,2,201,0,0,0,201
04/05/2003,MHT,NH,ANE,EN,Towers with Radar,95,36,5,0,136,0,1,1,0,2,95,37,6,0,138,0,0,0,138
04/06/2003,MHT,NH,ANE,EN,Towers with Radar,71,44,18,0,133,21,0,25,5,51,92,44,43,5,184,20,0,20,204
04/07/2003,MHT,NH,ANE,EN,Towers with Radar,101,78,29,0,208,0,4,27,0,31,101,82,56,0,239,20,0,20,259
04/08/2003,MHT,NH,ANE,EN,Towers with Radar,114,91,19,0,224,0,1,2,0,3,114,92,21,0,227,0,0,0,227
04/09/2003,MHT,NH,ANE,EN,Towers with Radar,96,84,22,1,203,2,13,0,1,16,98,97,22,2,219,12,0,12,231
04/10/2003,MHT,NH,ANE,EN,Towers with Radar,118,399,47,0,564,0,5,65,0,70,118,404,112,0,634,48,0,48,682
04/11/2003,MHT,NH,ANE,EN,Towers with Radar,115,84,31,0,230,0,0,6,0,6,115,84,37,0,236,26,0,26,262
04/12/2003,MHT,NH,ANE,EN,Towers with Radar,91,53,24,0,168,0,1,17,0,18,91,54,41,0,186,58,0,58,244
04/13/2003,MHT,NH,ANE,EN,Towers with Radar,83,60,13,0,156,0,2,92,0,94,83,62,105,0,250,40,0,40,290
04/14/2003,MHT,NH,ANE,EN,Towers with Radar,93,75,13,1,182,0,4,47,0,51,93,79,60,1,233,26,0,26,259
04/15/2003,MHT,NH,ANE,EN,Towers with Radar,102,97,20,0,219,0,7,30,0,37,102,104,50,0,256,44,0,44,300
04/16/2003,MHT,NH,ANE,EN,Towers with Radar,125,86,42,0,253,0,5,27,0,32,125,91,69,0,285,8,0,8,293
04/17/2003,MHT,NH,ANE,EN,Towers with Radar,104,94,39,3,240,0,2,57,0,59,104,96,96,3,299,64,0,64,363
04/18/2003,MHT,NH,ANE,EN,Towers with Radar,107,89,32,0,228,0,1,34,0,35,107,90,66,0,263,20,0,20,283
04/19/2003,MHT,NH,ANE,EN,Towers with Radar,92,57,17,3,169,0,1,46,0,47,92,58,63,3,216,46,0,46,262
04/20/2003,MHT,NH,ANE,EN,Towers with Radar,83,53,11,0,147,0,1,38,0,39,83,54,49,0,186,38,0,38,224
04/21/2003,MHT,NH,ANE,EN,Towers with Radar,94,90,28,0,212,0,6,44,0,50,94,96,72,0,262,38,0,38,300
04/22/2003,MHT,NH,ANE,EN,Towers with Radar,104,88,38,0,230,0,1,1,0,2,104,89,39,0,232,6,0,6,238
04/23/2003,MHT,NH,ANE,EN,Towers with Radar,117,99,46,1,263,0,1,3,0,4,117,100,49,1,267,26,0,26,293
04/24/2003,MHT,NH,ANE,EN,Towers with Radar,110,99,37,0,246,0,1,8,0,9,110,100,45,0,255,4,0,4,259
04/25/2003,MHT,NH,ANE,EN,Towers with Radar,102,95,45,5,247,0,1,83,2,86,102,96,128,7,333,94,0,94,427
04/26/2003,MHT,NH,ANE,EN,Towers with Radar,90,53,13,0,156,0,1,0,0,1,90,54,13,0,157,4,0,4,161
04/27/2003,MHT,NH,ANE,EN,Towers with Radar,90,44,45,0,179,0,1,41,0,42,90,45,86,0,221,26,0,26,247
04/28/2003,MHT,NH,ANE,EN,Towers with Radar,105,95,29,0,229,0,0,48,1,49,105,95,77,1,278,22,0,22,300
04/29/2003,MHT,NH,ANE,EN,Towers with Radar,107,98,13,0,218,0,4,52,0,56,107,102,65,0,274,4,0,4,278
04/30/2003,MHT,NH,ANE,EN,Towers with Radar,110,94,33,4,241,0,2,61,0,63,110,96,94,4,304,34,0,34,338
05/01/2003,MHT,NH,ANE,EN,Towers with Radar,119,95,43,0,257,0,11,11,0,22,119,106,54,0,279,6,0,6,285
05/02/2003,MHT,NH,ANE,EN,Towers with Radar,107,87,41,0,235,2,0,10,0,12,109,87,51,0,247,2,0,2,249
05/03/2003,MHT,NH,ANE,EN,Towers with Radar,93,46,30,0,169,2,2,39,0,43,95,48,69,0,212,18,0,18,230
05/04/2003,MHT,NH,ANE,EN,Towers with Radar,85,56,21,0,162,2,0,76,0,78,87,56,97,0,240,76,0,76,316
05/05/2003,MHT,NH,ANE,EN,Towers with Radar,101,85,14,3,203,2,4,44,0,50,103,89,58,3,253,10,0,10,263
05/06/2003,MHT,NH,ANE,EN,Towers with Radar,118,101,34,0,253,2,0,1,0,3,120,101,35,0,256,6,0,6,262
05/07/2003,MHT,NH,ANE,EN,Towers with Radar,114,88,41,1,244,4,17,8,5,34,118,105,49,6,278,10,0,10,288
05/08/2003,MHT,NH,ANE,EN,Towers with Radar,117,95,51,0,263,1,1,0,0,2,118,96,51,0,265,22,0,22,287
05/09/2003,MHT,NH,ANE,EN,Towers with Radar,111,112,41,4,268,1,1,19,0,21,112,113,60,4,289,28,0,28,317
05/10/2003,MHT,NH,ANE,EN,Towers with Radar,96,49,28,0,173,1,2,39,0,42,97,51,67,0,215,24,0,24,239
05/11/2003,MHT,NH,ANE,EN,Towers with Radar,75,53,27,0,155,12,0,37,0,49,87,53,64,0,204,24,0,24,228
05/12/2003,MHT,NH,ANE,EN,Towers with Radar,103,86,41,0,230,1,1,0,0,2,104,87,41,0,232,0,0,0,232
05/13/2003,MHT,NH,ANE,EN,Towers with Radar,113,91,40,6,250,1,1,4,0,6,114,92,44,6,256,30,0,30,286
05/14/2003,MHT,NH,ANE,EN,Towers with Radar,115,85,35,1,236,8,0,0,5,13,123,85,35,6,249,56,0,56,305
05/15/2003,MHT,NH,ANE,EN,Towers with Radar,115,87,33,4,239,1,6,43,0,50,116,93,76,4,289,30,0,30,319
05/16/2003,MHT,NH,ANE,EN,Towers with Radar,104,90,43,3,240,1,1,22,0,24,105,91,65,3,264,28,0,28,292
05/17/2003,MHT,NH,ANE,EN,Towers with Radar,94,52,23,3,172,1,1,41,0,43,95,53,64,3,215,40,0,40,255
05/18/2003,MHT,NH,ANE,EN,Towers with Radar,85,53,24,1,163,1,1,68,0,70,86,54,92,1,233,60,0,60,293
05/19/2003,MHT,NH,ANE,EN,Towers with Radar,104,91,21,1,217,1,4,66,0,71,105,95,87,1,288,28,0,28,316
05/20/2003,MHT,NH,ANE,EN,Towers with Radar,108,94,40,1,243,1,4,39,2,46,109,98,79,3,289,18,0,18,307
05/21/2003,MHT,NH,ANE,EN,Towers with Radar,100,100,45,2,247,0,10,51,1,62,100,110,96,3,309,10,0,10,319
05/22/2003,MHT,NH,ANE,EN,Towers with Radar,115,108,54,3,280,1,2,18,0,21,116,110,72,3,301,42,0,42,343
05/23/2003,MHT,NH,ANE,EN,Towers with Radar,103,95,41,0,239,0,8,9,0,17,103,103,50,0,256,10,0,10,266
05/24/2003,MHT,NH,ANE,EN,Towers with Radar,91,57,29,0,177,1,0,0,0,1,92,57,29,0,178,0,0,0,178
05/25/2003,MHT,NH,ANE,EN,Towers with Radar,85,46,30,1,162,0,0,1,1,2,85,46,31,2,164,8,0,8,172
05/26/2003,MHT,NH,ANE,EN,Towers with Radar,99,44,38,0,181,1,0,0,0,1,100,44,38,0,182,6,0,6,188
05/27/2003,MHT,NH,ANE,EN,Towers with Radar,94,98,41,0,233,1,0,9,0,10,95,98,50,0,243,0,0,0,243
05/28/2003,MHT,NH,ANE,EN,Towers with Radar,80,64,24,0,168,0,0,0,0,0,80,64,24,0,168,14,0,14,182
05/29/2003,MHT,NH,ANE,EN,Towers with Radar,114,86,44,0,244,1,3,32,0,36,115,89,76,0,280,14,0,14,294
05/30/2003,MHT,NH,ANE,EN,Towers with Radar,123,90,46,0,259,1,0,29,0,30,124,90,75,0,289,18,0,18,307
05/31/2003,MHT,NH,ANE,EN,Towers with Radar,78,47,27,0,152,10,0,20,0,30,88,47,47,0,182,44,0,44,226
06/01/2003,MHT,NH,ANE,EN,Towers with Radar,84,57,13,0,154,2,0,0,0,2,86,57,13,0,156,0,0,0,156
06/02/2003,MHT,NH,ANE,EN,Towers with Radar,88,75,28,0,191,15,11,60,0,86,103,86,88,0,277,36,0,36,313
06/03/2003,MHT,NH,ANE,EN,Towers with Radar,116,95,48,0,259,1,0,69,0,70,117,95,117,0,329,34,0,34,363
06/04/2003,MHT,NH,ANE,EN,Towers with Radar,103,88,33,0,224,7,10,29,0,46,110,98,62,0,270,72,0,72,342
06/05/2003,MHT,NH,ANE,EN,Towers with Radar,108,99,37,0,244,0,14,6,0,20,108,113,43,0,264,0,0,0,264
06/06/2003,MHT,NH,ANE,EN,Towers with Radar,104,88,33,0,225,7,1,53,1,62,111,89,86,1,287,98,0,98,385
06/07/2003,MHT,NH,ANE,EN,Towers with Radar,93,56,28,0,177,0,0,22,0,22,93,56,50,0,199,36,0,36,235
06/08/2003,MHT,NH,ANE,EN,Towers with Radar,90,61,20,2,173,0,0,6,1,7,90,61,26,3,180,46,0,46,226
06/09/2003,MHT,NH,ANE,EN,Towers with Radar,96,84,34,0,214,0,0,3,0,3,96,84,37,0,217,6,0,6,223
06/10/2003,MHT,NH,ANE,EN,Towers with Radar,111,111,30,0,252,0,4,41,1,46,111,115,71,1,298,6,0,6,304
06/11/2003,MHT,NH,ANE,EN,Towers with Radar,128,99,22,0,249,2,4,14,4,24,130,103,36,4,273,22,0,22,295
06/12/2003,MHT,NH,ANE,EN,Towers with Radar,100,107,34,2,243,0,0,37,1,38,100,107,71,3,281,38,2,40,321
06/13/2003,MHT,NH,ANE,EN,Towers with Radar,106,106,25,0,237,0,0,9,0,9,106,106,34,0,246,16,0,16,262
06/14/2003,MHT,NH,ANE,EN,Towers with Radar,98,61,33,0,192,0,0,3,0,3,98,61,36,0,195,20,0,20,215
06/15/2003,MHT,NH,ANE,EN,Towers with Radar,99,71,27,0,197,0,0,42,0,42,99,71,69,0,239,56,0,56,295
06/16/2003,MHT,NH,ANE,EN,Towers with Radar,97,97,40,0,234,0,0,66,0,66,97,97,106,0,300,34,0,34,334
06/17/2003,MHT,NH,ANE,EN,Towers with Radar,126,96,38,0,260,0,2,68,1,71,126,98,106,1,331,52,0,52,383
06/18/2003,MHT,NH,ANE,EN,Towers with Radar,117,101,32,0,250,0,0,7,0,7,117,101,39,0,257,24,0,24,281
06/19/2003,MHT,NH,ANE,EN,Towers with Radar,114,106,60,1,281,0,0,12,0,12,114,106,72,1,293,58,0,58,351
06/20/2003,MHT,NH,ANE,EN,Towers with Radar,109,101,42,0,252,0,1,32,0,33,109,102,74,0,285,42,0,42,327
06/21/2003,MHT,NH,ANE,EN,Towers with Radar,95,59,23,0,177,0,0,27,0,27,95,59,50,0,204,18,0,18,222
06/22/2003,MHT,NH,ANE,EN,Towers with Radar,91,64,29,0,184,0,0,1,0,1,91,64,30,0,185,21,0,21,206
06/23/2003,MHT,NH,ANE,EN,Towers with Radar,92,94,27,0,213,0,3,26,0,29,92,97,53,0,242,30,0,30,272
06/24/2003,MHT,NH,ANE,EN,Towers with Radar,120,99,36,0,255,0,0,52,0,52,120,99,88,0,307,46,0,46,353
06/25/2003,MHT,NH,ANE,EN,Towers with Radar,114,99,30,0,243,0,6,51,0,57,114,105,81,0,300,66,0,66,366
06/26/2003,MHT,NH,ANE,EN,Towers with Radar,108,105,47,0,260,0,3,54,1,58,108,108,101,1,318,42,0,42,360
06/27/2003,MHT,NH,ANE,EN,Towers with Radar,103,93,53,0,249,0,1,17,0,18,103,94,70,0,267,32,0,32,299
06/28/2003,MHT,NH,ANE,EN,Towers with Radar,85,67,28,0,180,13,0,42,2,57,98,67,70,2,237,16,0,16,253
06/29/2003,MHT,NH,ANE,EN,Towers with Radar,85,56,20,2,163,0,0,63,0,63,85,56,83,2,226,24,0,24,250
06/30/2003,MHT,NH,ANE,EN,Towers with Radar,95,105,28,0,228,0,0,17,0,17,95,105,45,0,245,2,0,2,247
07/01/2003,MHT,NH,ANE,EN,Towers with Radar,112,98,27,1,238,0,6,68,5,79,112,104,95,6,317,32,0,32,349
07/02/2003,MHT,NH,ANE,EN,Towers with Radar,121,92,41,3,257,0,4,77,0,81,121,96,118,3,338,60,0,60,398
07/03/2003,MHT,NH,ANE,EN,Towers with Radar,122,82,45,0,249,0,1,45,0,46,122,83,90,0,295,14,0,14,309
07/04/2003,MHT,NH,ANE,EN,Towers with Radar,86,61,11,0,158,0,1,19,0,20,86,62,30,0,178,2,0,2,180
07/05/2003,MHT,NH,ANE,EN,Towers with Radar,90,53,8,0,151,0,1,34,0,35,90,54,42,0,186,12,0,12,198
07/06/2003,MHT,NH,ANE,EN,Towers with Radar,86,63,27,0,176,0,1,40,0,41,86,64,67,0,217,46,0,46,263
07/07/2003,MHT,NH,ANE,EN,Towers with Radar,90,101,25,0,216,0,2,43,0,45,90,103,68,0,261,16,0,16,277
07/08/2003,MHT,NH,ANE,EN,Towers with Radar,102,83,30,0,215,8,11,45,0,64,110,94,75,0,279,13,0,13,292
07/09/2003,MHT,NH,ANE,EN,Towers with Radar,106,104,36,0,246,0,5,27,2,34,106,109,63,2,280,60,0,60,340
07/10/2003,MHT,NH,ANE,EN,Towers with Radar,111,107,28,0,246,0,6,51,0,57,111,113,79,0,303,20,0,20,323
07/11/2003,MHT,NH,ANE,EN,Towers with Radar,98,101,43,0,242,0,1,6,0,7,98,102,49,0,249,0,0,0,249
07/12/2003,MHT,NH,ANE,EN,Towers with Radar,94,62,28,0,184,0,0,16,0,16,94,62,44,0,200,24,0,24,224
07/13/2003,MHT,NH,ANE,EN,Towers with Radar,95,74,24,0,193,0,1,60,0,61,95,75,84,0,254,34,0,34,288
07/14/2003,MHT,NH,ANE,EN,Towers with Radar,106,78,36,0,220,0,2,40,0,42,106,80,76,0,262,34,0,34,296
07/15/2003,MHT,NH,ANE,EN,Towers with Radar,111,92,32,0,235,6,11,71,0,88,117,103,103,0,323,34,0,34,357
07/16/2003,MHT,NH,ANE,EN,Towers with Radar,113,109,38,0,260,0,0,1,0,1,113,109,39,0,261,4,0,4,265
07/17/2003,MHT,NH,ANE,EN,Towers with Radar,121,99,30,1,251,0,3,64,0,67,121,102,94,1,318,16,0,16,334
07/18/2003,MHT,NH,ANE,EN,Towers with Radar,103,134,26,0,263,0,0,46,0,46,103,134,72,0,309,28,0,28,337
07/19/2003,MHT,NH,ANE,EN,Towers with Radar,100,65,37,1,203,0,1,73,0,74,100,66,110,1,277,34,0,34,311
07/20/2003,MHT,NH,ANE,EN,Towers with Radar,100,61,27,1,189,0,0,85,0,85,100,61,112,1,274,44,0,44,318
07/21/2003,MHT,NH,ANE,EN,Towers with Radar,102,76,27,0,205,0,1,18,0,19,102,77,45,0,224,24,0,24,248
07/22/2003,MHT,NH,ANE,EN,Towers with Radar,109,100,24,0,233,0,0,10,0,10,109,100,34,0,243,22,0,22,265
07/23/2003,MHT,NH,ANE,EN,Towers with Radar,115,95,34,0,244,0,0,8,0,8,115,95,42,0,252,0,0,0,252
07/24/2003,MHT,NH,ANE,EN,Towers with Radar,108,97,37,1,243,0,0,3,0,3,108,97,40,1,246,2,0,2,248
07/25/2003,MHT,NH,ANE,EN,Towers with Radar,110,95,34,0,239,0,0,59,0,59,110,95,93,0,298,8,0,8,306
07/26/2003,MHT,NH,ANE,EN,Towers with Radar,97,64,21,0,182,0,0,39,1,40,97,64,60,1,222,28,0,28,250
07/27/2003,MHT,NH,ANE,EN,Towers with Radar,88,56,24,0,168,0,0,17,0,17,88,56,41,0,185,14,0,14,199
07/28/2003,MHT,NH,ANE,EN,Towers with Radar,103,80,29,0,212,7,0,61,0,68,110,80,90,0,280,18,0,18,298
07/29/2003,MHT,NH,ANE,EN,Towers with Radar,122,93,31,0,246,0,4,63,0,67,122,97,94,0,313,42,0,42,355
07/30/2003,MHT,NH,ANE,EN,Towers with Radar,107,102,31,0,240,0,5,47,2,54,107,107,78,2,294,26,0,26,320
07/31/2003,MHT,NH,ANE,EN,Towers with Radar,102,85,29,0,216,6,11,54,2,73,108,96,83,2,289,48,0,48,337
08/01/2003,MHT,NH,ANE,EN,Towers with Radar,101,96,27,5,229,1,0,1,0,2,102,96,28,5,231,0,0,0,231
08/02/2003,MHT,NH,ANE,EN,Towers with Radar,97,64,37,0,198,1,0,1,0,2,98,64,38,0,200,14,0,14,214
08/03/2003,MHT,NH,ANE,EN,Towers with Radar,86,56,38,0,180,0,0,1,0,1,86,56,39,0,181,0,0,0,181
08/04/2003,MHT,NH,ANE,EN,Towers with Radar,101,70,37,0,208,0,0,1,0,1,101,70,38,0,209,0,0,0,209
08/05/2003,MHT,NH,ANE,EN,Towers with Radar,124,90,23,0,237,0,3,10,0,13,124,93,33,0,250,0,0,0,250
08/06/2003,MHT,NH,ANE,EN,Towers with Radar,111,99,45,0,255,0,0,10,0,10,111,99,55,0,265,24,0,24,289
08/07/2003,MHT,NH,ANE,EN,Towers with Radar,118,106,38,0,262,0,0,14,0,14,118,106,52,0,276,18,0,18,294
08/08/2003,MHT,NH,ANE,EN,Towers with Radar,106,109,49,2,266,0,1,3,0,4,106,110,52,2,270,2,0,2,272
08/09/2003,MHT,NH,ANE,EN,Towers with Radar,90,62,36,0,188,0,0,1,0,1,90,62,37,0,189,9,0,9,198
08/10/2003,MHT,NH,ANE,EN,Towers with Radar,98,45,32,0,175,0,0,4,0,4,98,45,36,0,179,38,0,38,217
08/11/2003,MHT,NH,ANE,EN,Towers with Radar,96,80,28,0,204,0,0,4,0,4,96,80,32,0,208,4,0,4,212
08/12/2003,MHT,NH,ANE,EN,Towers with Radar,108,90,22,0,220,0,0,2,0,2,108,90,24,0,222,2,0,2,224
08/13/2003,MHT,NH,ANE,EN,Towers with Radar,110,107,28,0,245,0,0,16,0,16,110,107,44,0,261,8,0,8,269
08/14/2003,MHT,NH,ANE,EN,Towers with Radar,110,97,48,0,255,0,0,59,0,59,110,97,107,0,314,34,0,34,348
08/15/2003,MHT,NH,ANE,EN,Towers with Radar,98,84,25,0,207,0,0,68,0,68,98,84,93,0,275,14,0,14,289
08/16/2003,MHT,NH,ANE,EN,Towers with Radar,90,48,18,0,156,0,0,29,0,29,90,48,47,0,185,16,0,16,201
08/17/2003,MHT,NH,ANE,EN,Towers with Radar,93,58,47,0,198,0,0,45,1,46,93,58,92,1,244,26,0,26,270
08/18/2003,MHT,NH,ANE,EN,Towers with Radar,106,92,29,0,227,0,1,18,0,19,106,93,47,0,246,14,0,14,260
08/19/2003,MHT,NH,ANE,EN,Towers with Radar,108,88,32,0,228,0,16,37,1,54,108,104,69,1,282,57,0,57,339
08/20/2003,MHT,NH,ANE,EN,Towers with Radar,101,97,29,0,227,0,11,62,0,73,101,108,91,0,300,28,0,28,328
08/21/2003,MHT,NH,ANE,EN,Towers with Radar,113,105,22,0,240,0,2,58,0,60,113,107,80,0,300,28,0,28,328
08/22/2003,MHT,NH,ANE,EN,Towers with Radar,97,90,33,0,220,0,0,11,0,11,97,90,44,0,231,4,0,4,235
08/23/2003,MHT,NH,ANE,EN,Towers with Radar,106,67,8,0,181,0,0,51,0,51,106,67,59,0,232,25,0,25,257
08/24/2003,MHT,NH,ANE,EN,Towers with Radar,93,60,16,0,169,0,1,37,0,38,93,61,53,0,207,16,0,16,223
08/25/2003,MHT,NH,ANE,EN,Towers with Radar,104,92,15,0,211,0,0,53,0,53,104,92,68,0,264,41,0,41,305
08/26/2003,MHT,NH,ANE,EN,Towers with Radar,111,101,31,1,244,0,1,52,0,53,111,102,83,1,297,13,0,13,310
08/27/2003,MHT,NH,ANE,EN,Towers with Radar,102,85,31,0,218,0,17,39,2,58,102,102,70,2,276,48,0,48,324
08/28/2003,MHT,NH,ANE,EN,Towers with Radar,118,98,26,0,242,0,3,72,0,75,118,101,98,0,317,22,0,22,339
08/29/2003,MHT,NH,ANE,EN,Towers with Radar,110,98,29,0,237,0,0,52,0,52,110,98,81,0,289,6,0,6,295
08/30/2003,MHT,NH,ANE,EN,Towers with Radar,109,58,29,0,196,0,0,31,2,33,109,58,60,2,229,12,0,12,241
08/31/2003,MHT,NH,ANE,EN,Towers with Radar,77,49,16,0,142,0,0,56,0,56,77,49,72,0,198,14,0,14,212
09/01/2003,MHT,NH,ANE,EN,Towers with Radar,88,73,19,0,180,1,1,23,0,25,89,74,42,0,205,22,0,22,227
09/02/2003,MHT,NH,ANE,EN,Towers with Radar,102,86,40,3,231,0,1,2,0,3,102,87,42,3,234,16,0,16,250
09/03/2003,MHT,NH,ANE,EN,Towers with Radar,129,108,30,0,267,1,10,8,0,19,130,118,38,0,286,38,0,38,324
09/04/2003,MHT,NH,ANE,EN,Towers with Radar,111,90,30,0,231,1,1,0,0,2,112,91,30,0,233,0,0,0,233
09/05/2003,MHT,NH,ANE,EN,Towers with Radar,120,96,43,0,259,1,4,60,0,65,121,100,103,0,324,15,0,15,339
09/06/2003,MHT,NH,ANE,EN,Towers with Radar,98,60,24,0,182,1,1,63,0,65,99,61,87,0,247,54,0,54,301
09/07/2003,MHT,NH,ANE,EN,Towers with Radar,84,54,24,0,162,6,0,82,3,91,90,54,106,3,253,34,0,34,287
09/08/2003,MHT,NH,ANE,EN,Towers with Radar,108,82,26,0,216,1,2,44,0,47,109,84,70,0,263,44,0,44,307
09/09/2003,MHT,NH,ANE,EN,Towers with Radar,104,89,33,0,226,0,30,41,0,71,104,119,74,0,297,30,0,30,327
09/10/2003,MHT,NH,ANE,EN,Towers with Radar,126,102,45,1,274,1,16,64,0,81,127,118,109,1,355,52,0,52,407
09/11/2003,MHT,NH,ANE,EN,Towers with Radar,130,78,41,0,249,1,8,63,1,73,131,86,104,1,322,58,0,58,380
09/12/2003,MHT,NH,ANE,EN,Towers with Radar,109,96,43,0,248,1,1,66,0,68,110,97,109,0,316,28,0,28,344
09/13/2003,MHT,NH,ANE,EN,Towers with Radar,100,61,33,0,194,1,0,29,0,30,101,61,62,0,224,42,0,42,266
09/14/2003,MHT,NH,ANE,EN,Towers with Radar,94,58,39,0,191,0,0,6,1,7,94,58,45,1,198,52,0,52,250
09/15/2003,MHT,NH,ANE,EN,Towers with Radar,95,95,40,0,230,1,0,14,0,15,96,95,54,0,245,18,0,18,263
09/16/2003,MHT,NH,ANE,EN,Towers with Radar,105,105,26,0,236,1,2,14,0,17,106,107,40,0,253,24,0,24,277
09/17/2003,MHT,NH,ANE,EN,Towers with Radar,120,98,45,1,264,4,6,68,0,78,124,104,113,1,342,70,0,70,412
09/18/2003,MHT,NH,ANE,EN,Towers with Radar,99,78,29,0,206,19,14,33,0,66,118,92,62,0,272,36,0,36,308
09/19/2003,MHT,NH,ANE,EN,Towers with Radar,99,92,23,0,214,1,0,2,0,3,100,92,25,0,217,0,0,0,217
09/20/2003,MHT,NH,ANE,EN,Towers with Radar,108,59,16,0,183,1,0,26,0,27,109,59,42,0,210,30,0,30,240
09/21/2003,MHT,NH,ANE,EN,Towers with Radar,95,62,27,0,184,1,0,57,0,58,96,62,84,0,242,64,0,64,306
09/22/2003,MHT,NH,ANE,EN,Towers with Radar,93,97,44,6,240,1,0,51,0,52,94,97,95,6,292,40,0,40,332
09/23/2003,MHT,NH,ANE,EN,Towers with Radar,103,84,31,0,218,0,13,3,2,18,103,97,34,2,236,2,0,2,238
09/24/2003,MHT,NH,ANE,EN,Towers with Radar,131,94,32,1,258,0,4,62,0,66,131,98,94,1,324,90,0,90,414
09/25/2003,MHT,NH,ANE,EN,Towers with Radar,126,84,19,0,229,0,1,24,0,25,126,85,43,0,254,18,0,18,272
09/26/2003,MHT,NH,ANE,EN,Towers with Radar,105,95,33,1,234,0,1,1,0,2,105,96,34,1,236,0,0,0,236
09/27/2003,MHT,NH,ANE,EN,Towers with Radar,100,71,23,0,194,0,1,0,0,1,100,72,23,0,195,12,0,12,207
09/28/2003,MHT,NH,ANE,EN,Towers with Radar,90,58,30,1,179,0,1,0,0,1,90,59,30,1,180,12,0,12,192
09/29/2003,MHT,NH,ANE,EN,Towers with Radar,103,74,30,0,207,0,5,42,0,47,103,79,72,0,254,0,0,0,254
09/30/2003,MHT,NH,ANE,EN,Towers with Radar,94,72,28,0,194,9,5,24,0,38,103,77,52,0,232,70,0,70,302
10/01/2003,MHT,NH,ANE,EN,Towers with Radar,99,59,26,1,185,8,0,12,0,20,107,59,38,1,205,22,0,22,227
10/02/2003,MHT,NH,ANE,EN,Towers with Radar,121,103,36,0,260,0,9,54,0,63,121,112,90,0,323,64,0,64,387
10/03/2003,MHT,NH,ANE,EN,Towers with Radar,108,87,31,0,226,0,13,56,0,69,108,100,87,0,295,96,0,96,391
10/04/2003,MHT,NH,ANE,EN,Towers with Radar,99,65,28,0,192,0,0,1,0,1,99,65,29,0,193,16,0,16,209
10/05/2003,MHT,NH,ANE,EN,Towers with Radar,85,55,23,0,163,0,0,45,0,45,85,55,68,0,208,53,0,53,261
10/06/2003,MHT,NH,ANE,EN,Towers with Radar,105,78,29,1,213,2,7,32,1,42,107,85,61,2,255,26,0,26,281
10/07/2003,MHT,NH,ANE,EN,Towers with Radar,112,80,30,0,222,17,0,40,0,57,129,80,70,0,279,52,0,52,331
10/08/2003,MHT,NH,ANE,EN,Towers with Radar,117,88,32,1,238,0,9,48,2,59,117,97,80,3,297,49,0,49,346
10/09/2003,MHT,NH,ANE,EN,Towers with Radar,128,95,35,1,259,0,0,4,8,12,128,95,39,9,271,4,0,4,275
10/10/2003,MHT,NH,ANE,EN,Towers with Radar,105,105,39,0,249,0,0,37,0,37,105,105,76,0,286,12,0,12,298
10/11/2003,MHT,NH,ANE,EN,Towers with Radar,91,66,25,0,182,13,0,46,0,59,104,66,71,0,241,16,0,16,257
10/12/2003,MHT,NH,ANE,EN,Towers with Radar,87,60,28,0,175,0,0,18,0,18,87,60,46,0,193,2,0,2,195
10/13/2003,MHT,NH,ANE,EN,Towers with Radar,110,73,30,0,213,8,0,43,0,51,118,73,73,0,264,46,0,46,310
10/14/2003,MHT,NH,ANE,EN,Towers with Radar,125,92,35,0,252,0,0,44,0,44,125,92,79,0,296,46,0,46,342
10/15/2003,MHT,NH,ANE,EN,Towers with Radar,89,64,23,0,176,36,28,15,0,79,125,92,38,0,255,2,0,2,257
10/16/2003,MHT,NH,ANE,EN,Towers with Radar,122,89,32,0,243,5,8,7,0,20,127,97,39,0,263,10,0,10,273
10/17/2003,MHT,NH,ANE,EN,Towers with Radar,111,96,35,0,242,0,2,38,0,40,111,98,73,0,282,60,0,60,342
10/18/2003,MHT,NH,ANE,EN,Towers with Radar,109,79,29,0,217,4,4,41,0,49,113,83,70,0,266,0,0,0,266
10/19/2003,MHT,NH,ANE,EN,Towers with Radar,94,71,26,0,191,0,0,9,0,9,94,71,35,0,200,30,0,30,230
10/20/2003,MHT,NH,ANE,EN,Towers with Radar,132,85,35,0,252,61,0,47,0,108,193,85,82,0,360,46,0,46,406
10/21/2003,MHT,NH,ANE,EN,Towers with Radar,109,79,29,0,217,10,17,9,2,38,119,96,38,2,255,6,0,6,261
10/22/2003,MHT,NH,ANE,EN,Towers with Radar,112,83,31,0,226,0,37,4,0,41,112,120,35,0,267,0,0,0,267
10/23/2003,MHT,NH,ANE,EN,Towers with Radar,123,94,34,0,251,0,11,4,1,16,123,105,38,1,267,18,0,18,285
10/24/2003,MHT,NH,ANE,EN,Towers with Radar,106,96,36,0,238,0,0,52,1,53,106,96,88,1,291,43,0,43,334
10/25/2003,MHT,NH,ANE,EN,Towers with Radar,97,59,25,0,181,0,0,104,1,105,97,59,129,1,286,66,0,66,352
10/26/2003,MHT,NH,ANE,EN,Towers with Radar,93,54,30,0,177,0,0,47,1,48,93,54,77,1,225,28,0,28,253
10/27/2003,MHT,NH,ANE,EN,Towers with Radar,102,75,25,0,202,16,0,0,0,16,118,75,25,0,218,0,0,0,218
10/28/2003,MHT,NH,ANE,EN,Towers with Radar,122,89,32,0,243,0,0,56,0,56,122,89,88,0,299,62,0,62,361
10/29/2003,MHT,NH,ANE,EN,Towers with Radar,105,78,27,0,210,12,4,2,0,18,117,82,29,0,228,0,0,0,228
10/30/2003,MHT,NH,ANE,EN,Towers with Radar,118,88,31,0,237,0,5,47,4,56,118,93,78,4,293,34,0,34,327
10/31/2003,MHT,NH,ANE,EN,Towers with Radar,104,77,27,0,208,3,14,53,0,70,107,91,80,0,278,62,0,62,340
11/01/2003,MHT,NH,ANE,EN,Towers with Radar,90,60,22,1,173,0,0,22,1,23,90,60,44,2,196,28,0,28,224
11/02/2003,MHT,NH,ANE,EN,Towers with Radar,94,56,28,0,178,0,0,0,0,0,94,56,28,0,178,26,0,26,204
11/03/2003,MHT,NH,ANE,EN,Towers with Radar,115,85,23,0,223,0,4,0,0,4,115,89,23,0,227,2,0,2,229
11/04/2003,MHT,NH,ANE,EN,Towers with Radar,107,82,26,0,215,0,17,8,0,25,107,99,34,0,240,8,0,8,248
11/05/2003,MHT,NH,ANE,EN,Towers with Radar,88,65,20,0,173,16,9,6,0,31,104,74,26,0,204,6,0,6,210
11/06/2003,MHT,NH,ANE,EN,Towers with Radar,123,92,35,1,251,0,0,29,0,29,123,92,64,1,280,18,0,18,298
11/07/2003,MHT,NH,ANE,EN,Towers with Radar,110,90,31,0,231,0,0,64,2,66,110,90,95,2,297,42,0,42,339
11/08/2003,MHT,NH,ANE,EN,Towers with Radar,83,62,20,0,165,23,3,29,0,55,106,65,49,0,220,0,0,0,220
11/09/2003,MHT,NH,ANE,EN,Towers with Radar,80,51,20,0,151,10,0,66,0,76,90,51,86,0,227,48,0,48,275
11/10/2003,MHT,NH,ANE,EN,Towers with Radar,117,86,28,0,231,0,11,38,0,49,117,97,66,0,280,20,0,20,300
11/11/2003,MHT,NH,ANE,EN,Towers with Radar,113,87,28,0,228,0,10,29,0,39,113,97,57,0,267,42,0,42,309
11/12/2003,MHT,NH,ANE,EN,Towers with Radar,119,92,30,0,241,0,17,6,0,23,119,109,36,0,264,6,0,6,270
11/13/2003,MHT,NH,ANE,EN,Towers with Radar,101,75,24,0,200,37,27,6,0,70,138,102,30,0,270,4,0,4,274
11/14/2003,MHT,NH,ANE,EN,Towers with Radar,85,63,21,0,169,26,31,3,0,60,111,94,24,0,229,0,0,0,229
11/15/2003,MHT,NH,ANE,EN,Towers with Radar,86,63,20,0,169,10,8,18,0,36,96,71,38,0,205,4,0,4,209
11/16/2003,MHT,NH,ANE,EN,Towers with Radar,96,65,25,0,186,0,0,51,0,51,96,65,76,0,237,110,0,110,347
11/17/2003,MHT,NH,ANE,EN,Towers with Radar,109,82,29,0,220,0,0,21,0,21,109,82,50,0,241,22,0,22,263
11/18/2003,MHT,NH,ANE,EN,Towers with Radar,120,93,31,0,244,0,1,41,2,44,120,94,72,2,288,40,0,40,328
11/19/2003,MHT,NH,ANE,EN,Towers with Radar,121,80,31,0,232,0,0,24,0,24,121,80,55,0,256,2,0,2,258
11/20/2003,MHT,NH,ANE,EN,Towers with Radar,124,90,29,0,243,4,7,4,0,15,128,97,33,0,258,10,0,10,268
11/21/2003,MHT,NH,ANE,EN,Towers with Radar,108,100,33,0,241,0,1,11,0,12,108,101,44,0,253,2,0,2,255
11/22/2003,MHT,NH,ANE,EN,Towers with Radar,95,66,22,0,183,2,0,56,2,60,97,66,78,2,243,96,0,96,339
11/23/2003,MHT,NH,ANE,EN,Towers with Radar,95,61,22,0,178,1,0,49,0,50,96,61,71,0,228,72,0,72,300
11/24/2003,MHT,NH,ANE,EN,Towers with Radar,114,87,39,0,240,0,0,31,1,32,114,87,70,1,272,20,0,20,292
11/25/2003,MHT,NH,ANE,EN,Towers with Radar,133,88,31,0,252,5,0,57,1,63,138,88,88,1,315,86,0,86,401
11/26/2003,MHT,NH,ANE,EN,Towers with Radar,127,95,32,0,254,0,0,31,0,31,127,95,63,0,285,6,0,6,291
11/27/2003,MHT,NH,ANE,EN,Towers with Radar,64,46,15,0,125,31,3,0,0,34,95,49,15,0,159,0,0,0,159
11/28/2003,MHT,NH,ANE,EN,Towers with Radar,69,49,17,0,135,7,9,7,0,23,76,58,24,0,158,0,0,0,158
11/29/2003,MHT,NH,ANE,EN,Towers with Radar,78,56,18,0,152,38,18,0,0,56,116,74,18,0,208,2,0,2,210
11/30/2003,MHT,NH,ANE,EN,Towers with Radar,104,65,24,0,193,0,0,0,1,1,104,65,24,1,194,20,0,20,214
12/01/2003,MHT,NH,ANE,EN,Towers with Radar,113,76,27,0,216,2,0,15,0,17,115,76,42,0,233,20,0,20,253
12/02/2003,MHT,NH,ANE,EN,Towers with Radar,116,81,24,0,221,17,11,0,0,28,133,92,24,0,249,6,0,6,255
12/03/2003,MHT,NH,ANE,EN,Towers with Radar,119,101,35,0,255,0,0,42,0,42,119,101,77,0,297,62,0,62,359
12/04/2003,MHT,NH,ANE,EN,Towers with Radar,130,108,37,0,275,0,5,24,0,29,130,113,61,0,304,22,0,22,326
12/05/2003,MHT,NH,ANE,EN,Towers with Radar,109,86,34,1,230,0,0,44,2,46,109,86,78,3,276,34,0,34,310
12/06/2003,MHT,NH,ANE,EN,Towers with Radar,41,29,4,0,74,41,5,0,0,46,82,34,4,0,120,0,0,0,120
12/07/2003,MHT,NH,ANE,EN,Towers with Radar,43,31,10,0,84,30,1,7,0,38,73,32,17,0,122,0,0,0,122
12/08/2003,MHT,NH,ANE,EN,Towers with Radar,119,94,32,1,246,0,1,35,0,36,119,95,67,1,282,14,0,14,296
12/09/2003,MHT,NH,ANE,EN,Towers with Radar,123,90,37,0,250,0,0,30,0,30,123,90,67,0,280,58,0,58,338
12/10/2003,MHT,NH,ANE,EN,Towers with Radar,118,84,35,0,237,0,0,28,0,28,118,84,63,0,265,22,0,22,287
12/11/2003,MHT,NH,ANE,EN,Towers with Radar,119,82,26,0,227,28,0,0,0,28,147,82,26,0,255,0,0,0,255
12/12/2003,MHT,NH,ANE,EN,Towers with Radar,131,100,34,1,266,0,17,24,1,42,131,117,58,2,308,12,0,12,320
12/13/2003,MHT,NH,ANE,EN,Towers with Radar,99,57,24,0,180,0,0,25,0,25,99,57,49,0,205,72,0,72,277
12/14/2003,MHT,NH,ANE,EN,Towers with Radar,74,37,20,1,132,0,0,23,1,24,74,37,43,2,156,34,0,34,190
12/15/2003,MHT,NH,ANE,EN,Towers with Radar,74,50,18,0,142,14,14,9,0,37,88,64,27,0,179,0,0,0,179
12/16/2003,MHT,NH,ANE,EN,Towers with Radar,117,82,35,0,234,0,0,34,0,34,117,82,69,0,268,62,0,62,330
12/17/2003,MHT,NH,ANE,EN,Towers with Radar,104,71,19,0,194,21,12,0,0,33,125,83,19,0,227,0,0,0,227
12/18/2003,MHT,NH,ANE,EN,Towers with Radar,124,94,33,0,251,0,23,11,1,35,124,117,44,1,286,8,0,8,294
12/19/2003,MHT,NH,ANE,EN,Towers with Radar,129,94,33,0,256,0,5,38,3,46,129,99,71,3,302,32,0,32,334
12/20/2003,MHT,NH,ANE,EN,Towers with Radar,102,63,28,0,193,0,0,29,2,31,102,63,57,2,224,66,0,66,290
12/21/2003,MHT,NH,ANE,EN,Towers with Radar,94,52,23,0,169,0,0,31,0,31,94,52,54,0,200,24,0,24,224
12/22/2003,MHT,NH,ANE,EN,Towers with Radar,119,83,30,0,232,0,4,21,0,25,119,87,51,0,257,28,0,28,285
12/23/2003,MHT,NH,ANE,EN,Towers with Radar,125,87,31,0,243,0,11,27,0,38,125,98,58,0,281,74,0,74,355
12/24/2003,MHT,NH,ANE,EN,Towers with Radar,89,61,16,0,166,34,10,0,0,44,123,71,16,0,210,8,0,8,218
12/25/2003,MHT,NH,ANE,EN,Towers with Radar,62,39,8,0,109,34,0,0,0,34,96,39,8,0,143,0,0,0,143
12/26/2003,MHT,NH,ANE,EN,Towers with Radar,94,64,23,0,181,7,8,13,0,28,101,72,36,0,209,6,0,6,215
12/27/2003,MHT,NH,ANE,EN,Towers with Radar,91,60,22,0,173,7,0,19,0,26,98,60,41,0,199,20,0,20,219
12/28/2003,MHT,NH,ANE,EN,Towers with Radar,85,54,21,0,160,11,0,36,0,47,96,54,57,0,207,26,0,26,233
12/29/2003,MHT,NH,ANE,EN,Towers with Radar,105,79,29,0,213,0,0,48,4,52,105,79,77,4,265,63,0,63,328
12/30/2003,MHT,NH,ANE,EN,Towers with Radar,111,76,22,0,209,3,27,0,3,33,114,103,22,3,242,8,0,8,250
12/31/2003,MHT,NH,ANE,EN,Towers with Radar,101,70,24,0,195,9,3,11,0,23,110,73,35,0,218,16,0,16,234
01/01/2004,MHT,NH,ANE,EN,Towers with Radar,71,41,15,0,127,18,0,11,0,29,89,41,26,0,156,26,0,26,182
01/02/2004,MHT,NH,ANE,EN,Towers with Radar,88,68,16,0,172,13,7,0,0,20,101,75,16,0,192,0,0,0,192
01/03/2004,MHT,NH,ANE,EN,Towers with Radar,80,62,9,1,152,27,5,0,1,33,107,67,9,2,185,0,0,0,185
01/04/2004,MHT,NH,ANE,EN,Towers with Radar,80,57,18,0,155,0,0,29,0,29,80,57,47,0,184,40,0,40,224
01/05/2004,MHT,NH,ANE,EN,Towers with Radar,92,71,19,0,182,13,20,4,0,37,105,91,23,0,219,0,0,0,219
01/06/2004,MHT,NH,ANE,EN,Towers with Radar,127,87,27,2,243,0,0,23,0,23,127,87,50,2,266,24,0,24,290
01/07/2004,MHT,NH,ANE,EN,Towers with Radar,115,103,28,0,246,0,0,20,0,20,115,103,48,0,266,42,0,42,308
01/08/2004,MHT,NH,ANE,EN,Towers with Radar,114,94,25,1,234,0,12,43,0,55,114,106,68,1,289,18,0,18,307
01/09/2004,MHT,NH,ANE,EN,Towers with Radar,107,90,24,1,222,0,18,26,0,44,107,108,50,1,266,8,0,8,274
01/10/2004,MHT,NH,ANE,EN,Towers with Radar,87,63,18,0,168,5,0,18,0,23,92,63,36,0,191,8,0,8,199
01/11/2004,MHT,NH,ANE,EN,Towers with Radar,88,64,19,0,171,0,0,29,0,29,88,64,48,0,200,18,2,20,220
01/12/2004,MHT,NH,ANE,EN,Towers with Radar,91,80,21,0,192,0,4,15,0,19,91,84,36,0,211,6,0,6,217
01/13/2004,MHT,NH,ANE,EN,Towers with Radar,115,92,25,0,232,0,7,1,0,8,115,99,26,0,240,0,0,0,240
01/14/2004,MHT,NH,ANE,EN,Towers with Radar,115,89,25,2,231,12,14,22,3,51,127,103,47,5,282,0,0,0,282
01/15/2004,MHT,NH,ANE,EN,Towers with Radar,102,79,23,1,205,0,14,9,3,26,102,93,32,4,231,8,0,8,239
01/16/2004,MHT,NH,ANE,EN,Towers with Radar,104,79,22,0,205,13,8,9,0,30,117,87,31,0,235,2,0,2,237
01/17/2004,MHT,NH,ANE,EN,Towers with Radar,82,59,17,0,158,17,0,13,0,30,99,59,30,0,188,18,0,18,206
01/18/2004,MHT,NH,ANE,EN,Towers with Radar,67,49,11,0,127,20,0,0,0,20,87,49,11,0,147,0,0,0,147
01/19/2004,MHT,NH,ANE,EN,Towers with Radar,108,82,23,0,213,8,2,14,0,24,116,84,37,0,237,0,0,0,237
01/20/2004,MHT,NH,ANE,EN,Towers with Radar,129,81,28,1,239,1,0,34,1,36,130,81,62,2,275,14,0,14,289
01/21/2004,MHT,NH,ANE,EN,Towers with Radar,118,96,29,1,244,0,0,20,0,20,118,96,49,1,264,20,0,20,284
01/22/2004,MHT,NH,ANE,EN,Towers with Radar,114,93,28,1,236,0,0,15,0,15,114,93,43,1,251,10,0,10,261
01/23/2004,MHT,NH,ANE,EN,Towers with Radar,113,85,24,1,223,6,2,10,1,19,119,87,34,2,242,46,0,46,288
01/24/2004,MHT,NH,ANE,EN,Towers with Radar,89,67,19,0,175,0,4,24,0,28,89,71,43,0,203,30,0,30,233
01/25/2004,MHT,NH,ANE,EN,Towers with Radar,81,60,17,0,158,3,0,31,3,37,84,60,48,3,195,6,0,6,201
01/26/2004,MHT,NH,ANE,EN,Towers with Radar,112,67,26,1,206,0,0,19,0,19,112,67,45,1,225,12,0,12,237
01/27/2004,MHT,NH,ANE,EN,Towers with Radar,99,98,29,0,226,0,0,26,0,26,99,98,55,0,252,32,0,32,284
01/28/2004,MHT,NH,ANE,EN,Towers with Radar,99,75,21,0,195,15,13,1,0,29,114,88,22,0,224,0,0,0,224
01/29/2004,MHT,NH,ANE,EN,Towers with Radar,117,89,25,1,232,7,15,5,5,32,124,104,30,6,264,10,0,10,274
01/30/2004,MHT,NH,ANE,EN,Towers with Radar,108,102,29,1,240,0,3,16,3,22,108,105,45,4,262,16,0,16,278
01/31/2004,MHT,NH,ANE,EN,Towers with Radar,97,53,20,0,170,3,0,15,0,18,100,53,35,0,188,32,0,32,220
02/01/2004,MHT,NH,ANE,EN,Towers with Display (VFR),93,45,57,1,196,5,0,0,0,5,98,45,57,1,201,36,0,36,237
02/02/2004,MHT,NH,ANE,EN,Towers with Display (VFR),105,79,53,0,237,0,0,0,0,0,105,79,53,0,237,28,0,28,265
02/03/2004,MHT,NH,ANE,EN,Towers with Display (VFR),106,93,29,1,229,0,7,0,0,7,106,100,29,1,236,4,0,4,240
02/04/2004,MHT,NH,ANE,EN,Towers with Display (VFR),106,82,38,0,226,22,0,0,0,22,128,82,38,0,248,10,0,10,258
02/05/2004,MHT,NH,ANE,EN,Towers with Display (VFR),125,96,72,3,296,0,0,0,0,0,125,96,72,3,296,18,0,18,314
02/06/2004,MHT,NH,ANE,EN,Towers with Display (VFR),74,60,11,0,145,23,0,0,0,23,97,60,11,0,168,0,0,0,168
02/07/2004,MHT,NH,ANE,EN,Towers with Display (VFR),71,58,5,1,135,20,6,0,0,26,91,64,5,1,161,0,0,0,161
02/08/2004,MHT,NH,ANE,EN,Towers with Display (VFR),81,66,25,0,172,11,0,0,0,11,92,66,25,0,183,8,0,8,191
02/09/2004,MHT,NH,ANE,EN,Towers with Display (VFR),115,85,50,0,250,0,0,0,0,0,115,85,50,0,250,16,0,16,266
02/10/2004,MHT,NH,ANE,EN,Towers with Display (VFR),139,90,60,16,305,0,0,0,0,0,139,90,60,16,305,40,24,64,369
02/11/2004,MHT,NH,ANE,EN,Towers with Display (VFR),118,101,51,0,270,0,0,0,0,0,118,101,51,0,270,16,8,24,294
02/12/2004,MHT,NH,ANE,EN,Towers with Display (VFR),124,100,42,7,273,0,0,0,0,0,124,100,42,7,273,18,0,18,291
02/13/2004,MHT,NH,ANE,EN,Towers with Display (VFR),115,91,71,0,277,0,0,0,0,0,115,91,71,0,277,12,0,12,289
02/14/2004,MHT,NH,ANE,EN,Towers with Display (VFR),83,58,44,0,185,17,0,0,0,17,100,58,44,0,202,42,0,42,244
02/15/2004,MHT,NH,ANE,EN,Towers with Display (VFR),79,64,29,0,172,13,4,0,0,17,92,68,29,0,189,24,0,24,213
02/16/2004,MHT,NH,ANE,EN,Towers with Display (VFR),126,71,64,0,261,0,0,0,0,0,126,71,64,0,261,32,0,32,293
02/17/2004,MHT,NH,ANE,EN,Towers with Display (VFR),106,81,49,0,236,0,0,0,0,0,106,81,49,0,236,14,0,14,250
02/18/2004,MHT,NH,ANE,EN,Towers with Display (VFR),117,92,33,0,242,1,5,0,0,6,118,97,33,0,248,26,0,26,274
02/19/2004,MHT,NH,ANE,EN,Towers with Display (VFR),135,101,52,2,290,0,0,0,0,0,135,101,52,2,290,40,0,40,330
02/20/2004,MHT,NH,ANE,EN,Towers with Display (VFR),120,96,54,2,272,0,0,0,0,0,120,96,54,2,272,30,0,30,302
02/21/2004,MHT,NH,ANE,EN,Towers with Display (VFR),75,58,6,0,139,22,3,0,0,25,97,61,6,0,164,0,0,0,164
02/22/2004,MHT,NH,ANE,EN,Towers with Display (VFR),94,62,44,0,200,0,0,0,0,0,94,62,44,0,200,22,0,22,222
02/23/2004,MHT,NH,ANE,EN,Towers with Display (VFR),124,83,28,0,235,0,0,0,0,0,124,83,28,0,235,30,0,30,265
02/24/2004,MHT,NH,ANE,EN,Towers with Display (VFR),133,94,50,0,277,0,0,0,0,0,133,94,50,0,277,44,0,44,321
02/25/2004,MHT,NH,ANE,EN,Towers with Display (VFR),137,83,48,2,270,6,0,0,0,6,143,83,48,2,276,56,0,56,332
02/26/2004,MHT,NH,ANE,EN,Towers with Display (VFR),116,113,38,0,267,0,0,0,0,0,116,113,38,0,267,36,0,36,303
02/27/2004,MHT,NH,ANE,EN,Towers with Display (VFR),120,95,55,0,270,0,0,0,0,0,120,95,55,0,270,32,0,32,302
02/28/2004,MHT,NH,ANE,EN,Towers with Display (VFR),97,72,39,0,208,0,0,0,0,0,97,72,39,0,208,30,0,30,238
02/29/2004,MHT,NH,ANE,EN,Towers with Display (VFR),100,60,86,0,246,0,0,2,0,2,100,60,88,0,248,82,0,82,330
03/01/2004,MHT,NH,ANE,EN,Towers with Display (VFR),113,78,36,0,227,12,0,15,0,27,125,78,51,0,254,8,8,16,270
03/02/2004,MHT,NH,ANE,EN,Towers with Display (VFR),121,89,39,0,249,2,0,2,0,4,123,89,41,0,253,4,12,16,269
03/03/2004,MHT,NH,ANE,EN,Towers with Display (VFR),120,93,39,0,252,0,8,0,0,8,120,101,39,0,260,34,4,38,298
03/04/2004,MHT,NH,ANE,EN,Towers with Display (VFR),119,89,38,1,247,5,0,37,1,43,124,89,75,2,290,30,0,30,320
03/05/2004,MHT,NH,ANE,EN,Towers with Display (VFR),92,77,33,0,202,0,0,2,0,2,92,77,35,0,204,14,0,14,218
03/06/2004,MHT,NH,ANE,EN,Towers with Display (VFR),85,55,31,0,171,0,0,8,0,8,85,55,39,0,179,6,0,6,185
03/07/2004,MHT,NH,ANE,EN,Towers with Display (VFR),81,54,27,0,162,12,0,1,0,13,93,54,28,0,175,2,0,2,177
03/08/2004,MHT,NH,ANE,EN,Towers with Display (VFR),103,77,14,0,194,16,0,0,0,16,119,77,14,0,210,0,0,0,210
03/09/2004,MHT,NH,ANE,EN,Towers with Display (VFR),117,90,17,1,225,8,3,0,1,12,125,93,17,2,237,0,2,2,239
03/10/2004,MHT,NH,ANE,EN,Towers with Display (VFR),126,88,42,0,256,0,0,36,0,36,126,88,78,0,292,56,0,56,348
03/11/2004,MHT,NH,ANE,EN,Towers with Display (VFR),116,94,38,0,248,0,7,28,0,35,116,101,66,0,283,30,0,30,313
03/12/2004,MHT,NH,ANE,EN,Towers with Display (VFR),114,84,35,0,233,9,0,0,0,9,123,84,35,0,242,18,4,22,264
03/13/2004,MHT,NH,ANE,EN,Towers with Display (VFR),89,62,28,0,179,12,0,18,0,30,101,62,46,0,209,22,0,22,231
03/14/2004,MHT,NH,ANE,EN,Towers with Display (VFR),92,58,28,0,178,4,0,47,0,51,96,58,75,0,229,17,0,17,246
03/15/2004,MHT,NH,ANE,EN,Towers with Display (VFR),106,80,20,0,206,7,0,0,0,7,113,80,20,0,213,0,0,0,213
03/16/2004,MHT,NH,ANE,EN,Towers with Display (VFR),90,73,22,0,185,0,19,0,0,19,90,92,22,0,204,4,0,4,208
03/17/2004,MHT,NH,ANE,EN,Towers with Display (VFR),111,93,16,2,222,0,25,0,0,25,111,118,16,2,247,0,2,2,249
03/18/2004,MHT,NH,ANE,EN,Towers with Display (VFR),115,94,30,0,239,0,6,0,0,6,115,100,30,0,245,24,0,24,269
03/19/2004,MHT,NH,ANE,EN,Towers with Display (VFR),110,83,24,2,219,5,8,0,2,15,115,91,24,4,234,0,0,0,234
03/20/2004,MHT,NH,ANE,EN,Towers with Display (VFR),84,62,26,1,173,11,0,47,3,61,95,62,73,4,234,40,0,40,274
03/21/2004,MHT,NH,ANE,EN,Towers with Display (VFR),88,66,17,0,171,11,0,0,0,11,99,66,17,0,182,20,0,20,202
03/22/2004,MHT,NH,ANE,EN,Towers with Display (VFR),43,33,13,0,89,5,6,4,0,15,48,39,17,0,104,2,0,2,106
03/23/2004,MHT,NH,ANE,EN,Towers with Display (VFR),112,94,38,0,244,0,15,15,0,30,112,109,53,0,274,8,0,8,282
03/24/2004,MHT,NH,ANE,EN,Towers with Display (VFR),111,95,38,1,245,0,5,23,3,31,111,100,61,4,276,46,0,46,322
03/25/2004,MHT,NH,ANE,EN,Towers with Display (VFR),108,92,31,1,232,0,13,0,3,16,108,105,31,4,248,5,0,5,253
03/26/2004,MHT,NH,ANE,EN,Towers with Display (VFR),113,87,35,1,236,0,5,22,1,28,113,92,57,2,264,18,0,18,282
03/27/2004,MHT,NH,ANE,EN,Towers with Display (VFR),99,64,31,0,194,0,0,12,0,12,99,64,43,0,206,10,0,10,216
03/28/2004,MHT,NH,ANE,EN,Towers with Display (VFR),87,62,28,0,177,0,0,25,1,26,87,62,53,1,203,18,0,18,221
03/29/2004,MHT,NH,ANE,EN,Towers with Display (VFR),114,86,36,1,237,0,0,10,5,15,114,86,46,6,252,56,0,56,308
03/30/2004,MHT,NH,ANE,EN,Towers with Display (VFR),110,95,38,1,244,0,10,7,3,20,110,105,45,4,264,14,0,14,278
03/31/2004,MHT,NH,ANE,EN,Towers with Display (VFR),118,98,34,0,250,0,0,0,0,0,118,98,34,0,250,0,0,0,250
04/01/2004,MHT,NH,ANE,EN,Towers with Radar,109,89,23,0,221,10,14,0,0,24,119,103,23,0,245,0,0,0,245
04/02/2004,MHT,NH,ANE,EN,Towers with Radar,108,89,26,0,223,5,16,0,0,21,113,105,26,0,244,0,0,0,244
04/03/2004,MHT,NH,ANE,EN,Towers with Radar,82,62,24,0,168,17,0,0,0,17,99,62,24,0,185,6,0,6,191
04/04/2004,MHT,NH,ANE,EN,Towers with Radar,82,67,22,0,171,10,3,0,0,13,92,70,22,0,184,0,0,0,184
04/05/2004,MHT,NH,ANE,EN,Towers with Radar,97,81,18,0,196,11,12,0,0,23,108,93,18,0,219,0,0,0,219
04/06/2004,MHT,NH,ANE,EN,Towers with Radar,117,97,43,0,257,1,5,0,0,6,118,102,43,0,263,27,0,27,290
04/07/2004,MHT,NH,ANE,EN,Towers with Radar,118,107,55,0,280,0,0,12,2,14,118,107,67,2,294,38,0,38,332
04/08/2004,MHT,NH,ANE,EN,Towers with Radar,113,104,53,0,270,0,7,6,0,13,113,111,59,0,283,68,0,68,351
04/09/2004,MHT,NH,ANE,EN,Towers with Radar,116,98,50,0,264,0,1,0,2,3,116,99,50,2,267,42,0,42,309
04/10/2004,MHT,NH,ANE,EN,Towers with Radar,98,66,42,0,206,0,0,17,0,17,98,66,59,0,223,48,0,48,271
04/11/2004,MHT,NH,ANE,EN,Towers with Radar,85,71,28,0,184,4,4,0,0,8,89,75,28,0,192,38,0,38,230
04/12/2004,MHT,NH,ANE,EN,Towers with Radar,106,85,44,0,235,1,0,3,0,4,107,85,47,0,239,18,0,18,257
04/13/2004,MHT,NH,ANE,EN,Towers with Radar,108,89,19,0,216,18,9,0,0,27,126,98,19,0,243,0,0,0,243
04/14/2004,MHT,NH,ANE,EN,Towers with Radar,107,89,27,1,224,16,1,0,0,17,123,90,27,1,241,2,0,2,243
04/15/2004,MHT,NH,ANE,EN,Towers with Radar,120,100,40,1,261,0,8,0,2,10,120,108,40,3,271,60,0,60,331
04/16/2004,MHT,NH,ANE,EN,Towers with Radar,121,96,53,1,271,0,0,14,3,17,121,96,67,4,288,54,1,55,343
04/17/2004,MHT,NH,ANE,EN,Towers with Radar,96,67,41,0,204,0,0,21,0,21,96,67,62,0,225,98,0,98,323
04/18/2004,MHT,NH,ANE,EN,Towers with Radar,95,64,42,0,201,0,0,23,0,23,95,64,65,0,224,49,0,49,273
04/19/2004,MHT,NH,ANE,EN,Towers with Radar,93,85,43,0,221,0,13,0,0,13,93,98,43,0,234,20,0,20,254
04/20/2004,MHT,NH,ANE,EN,Towers with Radar,103,84,34,0,221,0,11,0,0,11,103,95,34,0,232,4,0,4,236
04/21/2004,MHT,NH,ANE,EN,Towers with Radar,118,90,46,0,254,9,0,0,0,9,127,90,46,0,263,43,0,43,306
04/22/2004,MHT,NH,ANE,EN,Towers with Radar,123,102,51,1,277,0,0,0,4,4,123,102,51,5,281,16,0,16,297
04/23/2004,MHT,NH,ANE,EN,Towers with Radar,115,95,49,0,259,0,3,0,0,3,115,98,49,0,262,0,0,0,262
04/24/2004,MHT,NH,ANE,EN,Towers with Radar,99,75,41,0,215,4,0,2,0,6,103,75,43,0,221,28,0,28,249
04/25/2004,MHT,NH,ANE,EN,Towers with Radar,101,66,44,0,211,0,0,29,0,29,101,66,73,0,240,37,0,37,277
04/26/2004,MHT,NH,ANE,EN,Towers with Radar,96,78,19,0,193,17,5,0,0,22,113,83,19,0,215,0,0,0,215
04/27/2004,MHT,NH,ANE,EN,Towers with Radar,121,97,50,0,268,0,0,3,0,3,121,97,53,0,271,38,0,38,309
04/28/2004,MHT,NH,ANE,EN,Towers with Radar,122,95,54,1,272,0,0,16,3,19,122,95,70,4,291,18,0,18,309
04/29/2004,MHT,NH,ANE,EN,Towers with Radar,114,112,61,0,287,0,0,43,0,43,114,112,104,0,330,70,0,70,400
04/30/2004,MHT,NH,ANE,EN,Towers with Radar,115,100,51,1,267,0,9,0,0,9,115,109,51,1,276,22,0,22,298
05/01/2004,MHT,NH,ANE,EN,Towers with Radar,90,72,0,0,162,7,0,55,0,62,97,72,55,0,224,20,0,20,244
05/02/2004,MHT,NH,ANE,EN,Towers with Radar,89,68,0,0,157,9,0,23,0,32,98,68,23,0,189,22,0,22,211
05/03/2004,MHT,NH,ANE,EN,Towers with Radar,105,90,0,0,195,1,0,32,0,33,106,90,32,0,228,6,0,6,234
05/04/2004,MHT,NH,ANE,EN,Towers with Radar,116,97,0,1,214,0,0,46,10,56,116,97,46,11,270,0,10,10,280
05/05/2004,MHT,NH,ANE,EN,Towers with Radar,110,102,0,0,212,0,11,62,0,73,110,113,62,0,285,20,0,20,305
05/06/2004,MHT,NH,ANE,EN,Towers with Radar,119,100,0,0,219,3,0,53,0,56,122,100,53,0,275,32,0,32,307
05/07/2004,MHT,NH,ANE,EN,Towers with Radar,112,96,0,2,210,0,5,55,4,64,112,101,55,6,274,38,0,38,312
05/08/2004,MHT,NH,ANE,EN,Towers with Radar,87,67,0,0,154,10,0,56,0,66,97,67,56,0,220,8,0,8,228
05/09/2004,MHT,NH,ANE,EN,Towers with Radar,87,67,0,2,156,6,0,45,0,51,93,67,45,2,207,14,0,14,221
05/10/2004,MHT,NH,ANE,EN,Towers with Radar,91,86,0,2,179,0,7,42,18,67,91,93,42,20,246,18,0,18,264
05/11/2004,MHT,NH,ANE,EN,Towers with Radar,111,90,0,2,203,6,0,72,0,78,117,90,72,2,281,34,0,34,315
05/12/2004,MHT,NH,ANE,EN,Towers with Radar,109,93,0,0,202,2,1,85,0,88,111,94,85,0,290,60,0,60,350
05/13/2004,MHT,NH,ANE,EN,Towers with Radar,108,96,0,2,206,0,6,59,2,67,108,102,59,4,273,44,0,44,317
05/14/2004,MHT,NH,ANE,EN,Towers with Radar,111,94,0,0,205,0,2,59,0,61,111,96,59,0,266,10,0,10,276
05/15/2004,MHT,NH,ANE,EN,Towers with Radar,84,61,0,2,147,11,0,39,0,50,95,61,39,2,197,18,0,18,215
05/16/2004,MHT,NH,ANE,EN,Towers with Radar,85,71,0,0,156,3,0,22,0,25,88,71,22,0,181,0,0,0,181
05/17/2004,MHT,NH,ANE,EN,Towers with Radar,85,82,0,0,167,0,13,55,0,68,85,95,55,0,235,0,0,0,235
05/18/2004,MHT,NH,ANE,EN,Towers with Radar,108,94,0,0,202,0,7,25,0,32,108,101,25,0,234,0,0,0,234
05/19/2004,MHT,NH,ANE,EN,Towers with Radar,110,99,0,1,210,0,6,69,1,76,110,105,69,2,286,22,0,22,308
05/20/2004,MHT,NH,ANE,EN,Towers with Radar,114,101,0,1,216,0,0,88,7,95,114,101,88,8,311,54,0,54,365
05/21/2004,MHT,NH,ANE,EN,Towers with Radar,100,93,0,1,194,0,17,60,3,80,100,110,60,4,274,26,0,26,300
05/22/2004,MHT,NH,ANE,EN,Towers with Radar,88,69,0,0,157,5,0,32,0,37,93,69,32,0,194,0,0,0,194
05/23/2004,MHT,NH,ANE,EN,Towers with Radar,85,74,0,0,159,0,4,25,0,29,85,78,25,0,188,0,0,0,188
05/24/2004,MHT,NH,ANE,EN,Towers with Radar,98,83,0,0,181,1,0,14,0,15,99,83,14,0,196,0,0,0,196
05/25/2004,MHT,NH,ANE,EN,Towers with Radar,114,104,0,0,218,0,9,38,0,47,114,113,38,0,265,4,0,4,269
05/26/2004,MHT,NH,ANE,EN,Towers with Radar,111,89,0,1,201,2,0,28,3,33,113,89,28,4,234,0,0,0,234
05/27/2004,MHT,NH,ANE,EN,Towers with Radar,113,101,0,1,215,0,10,61,3,74,113,111,61,4,289,6,6,12,301
05/28/2004,MHT,NH,ANE,EN,Towers with Radar,118,103,0,1,222,0,4,33,0,37,118,107,33,1,259,6,0,6,265
05/29/2004,MHT,NH,ANE,EN,Towers with Radar,90,64,0,0,154,12,0,53,0,65,102,64,53,0,219,4,0,4,223
05/30/2004,MHT,NH,ANE,EN,Towers with Radar,77,62,0,0,139,3,0,40,1,44,80,62,40,1,183,14,0,14,197
05/31/2004,MHT,NH,ANE,EN,Towers with Radar,82,63,0,0,145,7,0,71,0,78,89,63,71,0,223,50,0,50,273
06/01/2004,MHT,NH,ANE,EN,Towers with Radar,107,98,0,0,205,0,4,41,0,45,107,102,41,0,250,9,0,9,259
06/02/2004,MHT,NH,ANE,EN,Towers with Radar,116,98,0,2,216,5,0,33,0,38,121,98,33,2,254,32,0,32,286
06/03/2004,MHT,NH,ANE,EN,Towers with Radar,110,100,0,0,210,0,6,58,0,64,110,106,58,0,274,36,0,36,310
06/04/2004,MHT,NH,ANE,EN,Towers with Radar,101,95,0,0,196,0,16,102,0,118,101,111,102,0,314,36,0,36,350
06/05/2004,MHT,NH,ANE,EN,Towers with Radar,81,61,0,0,142,12,0,74,0,86,93,61,74,0,228,36,0,36,264
06/06/2004,MHT,NH,ANE,EN,Towers with Radar,84,75,0,0,159,0,4,73,0,77,84,79,73,0,236,28,0,28,264
06/07/2004,MHT,NH,ANE,EN,Towers with Radar,101,86,0,0,187,5,0,49,0,54,106,86,49,0,241,16,0,16,257
06/08/2004,MHT,NH,ANE,EN,Towers with Radar,109,100,0,0,209,0,8,59,0,67,109,108,59,0,276,68,0,68,344
06/09/2004,MHT,NH,ANE,EN,Towers with Radar,110,102,0,0,212,0,8,52,0,60,110,110,52,0,272,46,0,46,318
06/10/2004,MHT,NH,ANE,EN,Towers with Radar,114,102,0,0,216,0,3,45,0,48,114,105,45,0,264,3,0,3,267
06/11/2004,MHT,NH,ANE,EN,Towers with Radar,104,97,0,0,201,0,7,132,0,139,104,104,132,0,340,26,0,26,366
06/12/2004,MHT,NH,ANE,EN,Towers with Radar,87,78,0,0,165,1,0,75,0,76,88,78,75,0,241,22,0,22,263
06/13/2004,MHT,NH,ANE,EN,Towers with Radar,82,72,0,0,154,5,0,79,0,84,87,72,79,0,238,18,0,18,256
06/14/2004,MHT,NH,ANE,EN,Towers with Radar,102,88,0,0,190,4,0,30,0,34,106,88,30,0,224,13,0,13,237
06/15/2004,MHT,NH,ANE,EN,Towers with Radar,109,94,0,2,205,0,0,63,6,69,109,94,63,8,274,10,0,10,284
06/16/2004,MHT,NH,ANE,EN,Towers with Radar,118,104,0,1,223,0,1,89,5,95,118,105,89,6,318,43,0,43,361
06/17/2004,MHT,NH,ANE,EN,Towers with Radar,107,94,0,0,201,2,0,53,0,55,109,94,53,0,256,22,0,22,278
06/18/2004,MHT,NH,ANE,EN,Towers with Radar,116,98,0,1,215,1,0,52,2,55,117,98,52,3,270,4,0,4,274
06/19/2004,MHT,NH,ANE,EN,Towers with Radar,91,70,0,0,161,9,0,49,2,60,100,70,49,2,221,2,0,2,223
06/20/2004,MHT,NH,ANE,EN,Towers with Radar,84,68,0,0,152,7,0,83,0,90,91,68,83,0,242,32,0,32,274
06/21/2004,MHT,NH,ANE,EN,Towers with Radar,90,86,0,0,176,0,8,83,4,95,90,94,83,4,271,78,0,78,349
06/22/2004,MHT,NH,ANE,EN,Towers with Radar,98,88,0,0,186,0,2,76,0,78,98,90,76,0,264,8,0,8,272
06/23/2004,MHT,NH,ANE,EN,Towers with Radar,113,102,0,1,216,0,3,128,0,131,113,105,128,1,347,80,0,80,427
06/24/2004,MHT,NH,ANE,EN,Towers with Radar,108,106,0,1,215,0,14,113,0,127,108,120,113,1,342,36,0,36,378
06/25/2004,MHT,NH,ANE,EN,Towers with Radar,111,101,0,1,213,0,4,57,1,62,111,105,57,2,275,48,0,48,323
06/26/2004,MHT,NH,ANE,EN,Towers with Radar,93,77,0,0,170,5,0,22,1,28,98,77,22,1,198,0,0,0,198
06/27/2004,MHT,NH,ANE,EN,Towers with Radar,93,67,0,0,160,5,0,79,10,94,98,67,79,10,254,37,0,37,291
06/28/2004,MHT,NH,ANE,EN,Towers with Radar,110,95,0,0,205,3,0,97,0,100,113,95,97,0,305,36,0,36,341
06/29/2004,MHT,NH,ANE,EN,Towers with Radar,114,103,0,0,217,0,5,95,0,100,114,108,95,0,317,36,0,36,353
06/30/2004,MHT,NH,ANE,EN,Towers with Radar,98,85,0,0,183,2,0,85,0,87,100,85,85,0,270,65,0,65,335
07/01/2004,MHT,NH,ANE,EN,Towers with Radar,112,103,0,2,217,0,0,73,6,79,112,103,73,8,296,26,0,26,322
07/02/2004,MHT,NH,ANE,EN,Towers with Radar,104,49,0,0,153,4,0,77,0,81,108,49,77,0,234,2,0,2,236
07/03/2004,MHT,NH,ANE,EN,Towers with Radar,87,78,0,2,167,3,0,65,6,74,90,78,65,8,241,34,0,34,275
07/04/2004,MHT,NH,ANE,EN,Towers with Radar,68,53,0,0,121,10,0,46,0,56,78,53,46,0,177,8,0,8,185
07/05/2004,MHT,NH,ANE,EN,Towers with Radar,82,67,0,0,149,7,0,50,0,57,89,67,50,0,206,4,0,4,210
07/06/2004,MHT,NH,ANE,EN,Towers with Radar,107,102,0,0,209,0,9,81,0,90,107,111,81,0,299,33,0,33,332
07/07/2004,MHT,NH,ANE,EN,Towers with Radar,35,28,0,0,63,5,0,23,0,28,40,28,23,0,91,0,0,0,91
07/08/2004,MHT,NH,ANE,EN,Towers with Radar,113,95,0,2,210,4,0,39,2,45,117,95,39,4,255,4,0,4,259
07/09/2004,MHT,NH,ANE,EN,Towers with Radar,115,102,0,1,218,3,0,69,0,72,118,102,69,1,290,26,0,26,316
07/10/2004,MHT,NH,ANE,EN,Towers with Radar,94,81,0,0,175,8,0,51,0,59,102,81,51,0,234,6,0,6,240
07/11/2004,MHT,NH,ANE,EN,Towers with Radar,87,66,0,2,155,11,0,66,1,78,98,66,66,3,233,28,0,28,261
07/12/2004,MHT,NH,ANE,EN,Towers with Radar,102,90,0,0,192,1,1,64,0,66,103,91,64,0,258,26,0,26,284
07/13/2004,MHT,NH,ANE,EN,Towers with Radar,124,96,0,2,222,4,0,35,8,47,128,96,35,10,269,10,0,10,279
07/14/2004,MHT,NH,ANE,EN,Towers with Radar,103,88,0,0,191,4,0,35,0,39,107,88,35,0,230,0,6,6,236
07/15/2004,MHT,NH,ANE,EN,Towers with Radar,131,108,0,0,239,9,0,55,0,64,140,108,55,0,303,0,0,0,303
07/16/2004,MHT,NH,ANE,EN,Towers with Radar,109,96,0,0,205,1,0,119,0,120,110,96,119,0,325,32,0,32,357
07/17/2004,MHT,NH,ANE,EN,Towers with Radar,95,75,0,0,170,14,0,67,0,81,109,75,67,0,251,42,0,42,293
07/18/2004,MHT,NH,ANE,EN,Towers with Radar,91,69,0,0,160,11,0,83,0,94,102,69,83,0,254,32,0,32,286
07/19/2004,MHT,NH,ANE,EN,Towers with Radar,100,106,0,1,207,0,7,37,13,57,100,113,37,14,264,0,0,0,264
07/20/2004,MHT,NH,ANE,EN,Towers with Radar,124,113,0,1,238,0,2,67,1,70,124,115,67,2,308,10,0,10,318
07/21/2004,MHT,NH,ANE,EN,Towers with Radar,127,112,0,1,240,2,0,79,0,81,129,112,79,1,321,33,0,33,354
07/22/2004,MHT,NH,ANE,EN,Towers with Radar,126,112,0,0,238,1,0,74,0,75,127,112,74,0,313,30,0,30,343
07/23/2004,MHT,NH,ANE,EN,Towers with Radar,117,104,0,0,221,0,1,39,0,40,117,105,39,0,261,0,0,0,261
07/24/2004,MHT,NH,ANE,EN,Towers with Radar,109,97,0,1,207,0,0,51,3,54,109,97,51,4,261,10,0,10,271
07/25/2004,MHT,NH,ANE,EN,Towers with Radar,102,89,0,0,191,2,0,65,0,67,104,89,65,0,258,22,0,22,280
07/26/2004,MHT,NH,ANE,EN,Towers with Radar,106,108,0,0,214,0,19,68,0,87,106,127,68,0,301,14,0,14,315
07/27/2004,MHT,NH,ANE,EN,Towers with Radar,112,107,0,0,219,0,10,68,0,78,112,117,68,0,297,18,0,18,315
07/28/2004,MHT,NH,ANE,EN,Towers with Radar,116,107,0,0,223,0,7,61,0,68,116,114,61,0,291,0,0,0,291
07/29/2004,MHT,NH,ANE,EN,Towers with Radar,129,129,0,0,258,0,18,85,0,103,129,147,85,0,361,48,0,48,409
07/30/2004,MHT,NH,ANE,EN,Towers with Radar,110,110,0,0,220,0,15,105,0,120,110,125,105,0,340,26,0,26,366
07/31/2004,MHT,NH,ANE,EN,Towers with Radar,104,94,0,0,198,0,3,65,0,68,104,97,65,0,266,18,0,18,284
08/01/2004,MHT,NH,ANE,EN,Towers with Radar,92,82,0,0,174,6,0,54,0,60,98,82,54,0,234,24,0,24,258
08/02/2004,MHT,NH,ANE,EN,Towers with Radar,100,103,0,0,203,0,13,84,0,97,100,116,84,0,300,54,0,54,354
08/03/2004,MHT,NH,ANE,EN,Towers with Radar,121,119,0,0,240,0,7,88,0,95,121,126,88,0,335,30,0,30,365
08/04/2004,MHT,NH,ANE,EN,Towers with Radar,115,114,0,1,230,0,2,76,3,81,115,116,76,4,311,42,0,42,353
08/05/2004,MHT,NH,ANE,EN,Towers with Radar,113,115,0,1,229,0,10,60,0,70,113,125,60,1,299,26,0,26,325
08/06/2004,MHT,NH,ANE,EN,Towers with Radar,116,113,0,2,231,0,4,61,0,65,116,117,61,2,296,16,0,16,312
08/07/2004,MHT,NH,ANE,EN,Towers with Radar,96,89,0,0,185,3,0,59,0,62,99,89,59,0,247,32,0,32,279
08/08/2004,MHT,NH,ANE,EN,Towers with Radar,96,85,0,0,181,7,0,49,0,56,103,85,49,0,237,16,0,16,253
08/09/2004,MHT,NH,ANE,EN,Towers with Radar,110,94,0,0,204,10,0,66,0,76,120,94,66,0,280,6,0,6,286
08/10/2004,MHT,NH,ANE,EN,Towers with Radar,122,114,0,2,238,2,2,68,0,72,124,116,68,2,310,8,0,8,318
08/11/2004,MHT,NH,ANE,EN,Towers with Radar,118,104,0,0,222,8,0,31,0,39,126,104,31,0,261,2,0,2,263
08/12/2004,MHT,NH,ANE,EN,Towers with Radar,124,107,0,2,233,4,0,50,6,60,128,107,50,8,293,8,0,8,301
08/13/2004,MHT,NH,ANE,EN,Towers with Radar,126,119,0,0,245,0,4,33,0,37,126,123,33,0,282,0,0,0,282
08/14/2004,MHT,NH,ANE,EN,Towers with Radar,100,97,0,2,199,0,7,64,0,71,100,104,64,2,270,22,0,22,292
08/15/2004,MHT,NH,ANE,EN,Towers with Radar,94,85,0,0,179,5,0,28,0,33,99,85,28,0,212,0,0,0,212
08/16/2004,MHT,NH,ANE,EN,Towers with Radar,106,94,0,0,200,6,0,20,0,26,112,94,20,0,226,2,0,2,228
08/17/2004,MHT,NH,ANE,EN,Towers with Radar,123,106,0,1,230,9,0,62,1,72,132,106,62,2,302,34,0,34,336
08/18/2004,MHT,NH,ANE,EN,Towers with Radar,120,120,0,1,241,0,5,84,5,94,120,125,84,6,335,8,0,8,343
08/19/2004,MHT,NH,ANE,EN,Towers with Radar,127,117,0,1,245,0,0,56,1,57,127,117,56,2,302,0,0,0,302
08/20/2004,MHT,NH,ANE,EN,Towers with Radar,108,95,0,0,203,6,0,38,0,44,114,95,38,0,247,0,0,0,247
08/21/2004,MHT,NH,ANE,EN,Towers with Radar,102,95,0,0,197,0,2,21,0,23,102,97,21,0,220,11,0,11,231
08/22/2004,MHT,NH,ANE,EN,Towers with Radar,100,87,0,1,188,4,0,90,2,96,104,87,90,3,284,26,0,26,310
08/23/2004,MHT,NH,ANE,EN,Towers with Radar,108,103,0,0,211,0,5,57,0,62,108,108,57,0,273,32,0,32,305
08/24/2004,MHT,NH,ANE,EN,Towers with Radar,125,110,0,1,236,5,0,67,3,75,130,110,67,4,311,24,6,30,341
08/25/2004,MHT,NH,ANE,EN,Towers with Radar,122,117,0,1,240,0,5,88,2,95,122,122,88,3,335,6,0,6,341
08/26/2004,MHT,NH,ANE,EN,Towers with Radar,117,117,0,0,234,0,9,90,0,99,117,126,90,0,333,24,0,24,357
08/27/2004,MHT,NH,ANE,EN,Towers with Radar,117,118,0,1,236,0,1,67,13,81,117,119,67,14,317,30,0,30,347
08/28/2004,MHT,NH,ANE,EN,Towers with Radar,98,95,0,1,194,0,4,48,1,53,98,99,48,2,247,24,0,24,271
08/29/2004,MHT,NH,ANE,EN,Towers with Radar,98,83,0,1,182,6,0,38,2,46,104,83,38,3,228,2,0,2,230
08/30/2004,MHT,NH,ANE,EN,Towers with Radar,118,108,0,1,227,0,0,48,1,49,118,108,48,2,276,10,0,10,286
08/31/2004,MHT,NH,ANE,EN,Towers with Radar,131,124,0,0,255,0,5,72,0,77,131,129,72,0,332,14,0,14,346
09/01/2004,MHT,NH,ANE,EN,Towers with Radar,121,118,0,1,240,0,8,111,0,119,121,126,111,1,359,50,0,50,409
09/02/2004,MHT,NH,ANE,EN,Towers with Radar,118,117,0,0,235,0,13,99,0,112,118,130,99,0,347,26,0,26,373
09/03/2004,MHT,NH,ANE,EN,Towers with Radar,115,105,0,1,221,1,0,86,0,87,116,105,86,1,308,40,0,40,348
09/04/2004,MHT,NH,ANE,EN,Towers with Radar,91,83,0,0,174,2,0,56,0,58,93,83,56,0,232,14,0,14,246
09/05/2004,MHT,NH,ANE,EN,Towers with Radar,76,71,0,0,147,0,0,34,0,34,76,71,34,0,181,35,0,35,216
09/06/2004,MHT,NH,ANE,EN,Towers with Radar,84,83,0,1,168,0,8,64,1,73,84,91,64,2,241,12,0,12,253
09/07/2004,MHT,NH,ANE,EN,Towers with Radar,108,115,0,2,225,0,15,65,4,84,108,130,65,6,309,12,0,12,321
09/08/2004,MHT,NH,ANE,EN,Towers with Radar,136,128,0,0,264,0,6,45,0,51,136,134,45,0,315,0,0,0,315
09/09/2004,MHT,NH,ANE,EN,Towers with Radar,134,134,0,0,268,0,15,22,0,37,134,149,22,0,305,0,0,0,305
09/10/2004,MHT,NH,ANE,EN,Towers with Radar,129,121,0,1,251,0,4,64,0,68,129,125,64,1,319,6,0,6,325
09/11/2004,MHT,NH,ANE,EN,Towers with Radar,101,93,0,1,195,0,0,95,0,95,101,93,95,1,290,36,0,36,326
09/12/2004,MHT,NH,ANE,EN,Towers with Radar,99,86,0,1,186,4,0,53,2,59,103,86,53,3,245,16,0,16,261
09/13/2004,MHT,NH,ANE,EN,Towers with Radar,120,111,0,2,233,0,0,71,2,73,120,111,71,4,306,26,0,26,332
09/14/2004,MHT,NH,ANE,EN,Towers with Radar,132,117,0,2,251,5,0,84,0,89,137,117,84,2,340,46,0,46,386
09/15/2004,MHT,NH,ANE,EN,Towers with Radar,122,110,0,0,232,2,0,76,0,78,124,110,76,0,310,42,0,42,352
09/16/2004,MHT,NH,ANE,EN,Towers with Radar,122,113,0,2,237,0,4,50,5,59,122,117,50,7,296,28,0,28,324
09/17/2004,MHT,NH,ANE,EN,Towers with Radar,119,111,0,0,230,0,5,47,0,52,119,116,47,0,282,14,0,14,296
09/18/2004,MHT,NH,ANE,EN,Towers with Radar,99,79,0,0,178,11,0,13,0,24,110,79,13,0,202,0,0,0,202
09/19/2004,MHT,NH,ANE,EN,Towers with Radar,99,78,0,0,177,6,0,56,6,68,105,78,56,6,245,14,0,14,259
09/20/2004,MHT,NH,ANE,EN,Towers with Radar,115,102,0,1,218,0,0,62,5,67,115,102,62,6,285,46,0,46,331
09/21/2004,MHT,NH,ANE,EN,Towers with Radar,128,114,0,1,243,0,0,84,3,87,128,114,84,4,330,43,0,43,373
09/22/2004,MHT,NH,ANE,EN,Towers with Radar,129,109,0,1,239,8,0,72,3,83,137,109,72,4,322,88,0,88,410
09/23/2004,MHT,NH,ANE,EN,Towers with Radar,126,98,0,1,225,15,0,117,0,132,141,98,117,1,357,54,0,54,411
09/24/2004,MHT,NH,ANE,EN,Towers with Radar,127,113,0,1,241,2,0,91,0,93,129,113,91,1,334,40,0,40,374
09/25/2004,MHT,NH,ANE,EN,Towers with Radar,103,83,0,0,186,11,0,68,4,83,114,83,68,4,269,36,4,40,309
09/26/2004,MHT,NH,ANE,EN,Towers with Radar,89,76,0,0,165,4,0,78,0,82,93,76,78,0,247,20,0,20,267
09/27/2004,MHT,NH,ANE,EN,Towers with Radar,116,105,0,0,221,1,0,88,0,89,117,105,88,0,310,48,0,48,358
09/28/2004,MHT,NH,ANE,EN,Towers with Radar,123,114,0,0,237,0,5,35,0,40,123,119,35,0,277,0,0,0,277
09/29/2004,MHT,NH,ANE,EN,Towers with Radar,14,7,0,0,21,4,0,3,0,7,18,7,3,0,28,0,0,0,28
09/30/2004,MHT,NH,ANE,EN,Towers with Radar,0,0,0,0,0,0,0,0,0,0,0,0,0,0,0,0,0,0,0
10/01/2004,MHT,NH,ANE,EN,Towers with Radar,0,0,0,0,0,128,108,69,17,322,128,108,69,17,322,30,0,30,352
10/02/2004,MHT,NH,ANE,EN,Towers with Radar,0,0,0,0,0,110,106,40,0,256,110,106,40,0,256,120,0,120,376
10/03/2004,MHT,NH,ANE,EN,Towers with Radar,0,0,0,0,0,104,77,90,0,271,104,77,90,0,271,72,0,72,343
10/04/2004,MHT,NH,ANE,EN,Towers with Radar,0,0,0,0,0,121,111,68,14,314,121,111,68,14,314,30,0,30,344
10/05/2004,MHT,NH,ANE,EN,Towers with Radar,0,0,0,0,0,139,103,57,3,302,139,103,57,3,302,60,0,60,362
10/06/2004,MHT,NH,ANE,EN,Towers with Radar,0,0,0,0,0,129,115,68,0,312,129,115,68,0,312,60,0,60,372
10/07/2004,MHT,NH,ANE,EN,Towers with Radar,0,0,0,0,0,125,127,32,0,284,125,127,32,0,284,62,0,62,346
10/08/2004,MHT,NH,ANE,EN,Towers with Radar,0,0,0,0,0,131,109,97,2,339,131,109,97,2,339,58,0,58,397
10/09/2004,MHT,NH,ANE,EN,Towers with Radar,0,0,0,0,0,109,108,70,0,287,109,108,70,0,287,30,0,30,317
10/10/2004,MHT,NH,ANE,EN,Towers with Radar,0,0,0,0,0,95,81,48,0,224,95,81,48,0,224,35,0,35,259
10/11/2004,MHT,NH,ANE,EN,Towers with Radar,0,0,0,0,0,124,97,59,0,280,124,97,59,0,280,8,0,8,288
10/12/2004,MHT,NH,ANE,EN,Towers with Radar,0,0,0,0,0,131,113,31,0,275,131,113,31,0,275,4,0,4,279
10/13/2004,MHT,NH,ANE,EN,Towers with Radar,0,0,0,0,0,131,119,91,2,343,131,119,91,2,343,60,0,60,403
10/14/2004,MHT,NH,ANE,EN,Towers with Radar,0,0,0,0,0,133,121,50,5,309,133,121,50,5,309,24,0,24,333
10/15/2004,MHT,NH,ANE,EN,Towers with Radar,0,0,0,0,0,120,111,26,4,261,120,111,26,4,261,0,0,0,261
10/16/2004,MHT,NH,ANE,EN,Towers with Radar,0,0,0,0,0,107,96,49,0,252,107,96,49,0,252,140,0,140,392
10/17/2004,MHT,NH,ANE,EN,Towers with Radar,0,0,0,0,0,101,78,56,1,236,101,78,56,1,236,36,0,36,272
10/18/2004,MHT,NH,ANE,EN,Towers with Radar,0,0,0,0,0,124,90,93,0,307,124,90,93,0,307,42,0,42,349
10/19/2004,MHT,NH,ANE,EN,Towers with Radar,0,0,0,0,0,138,111,34,2,285,138,111,34,2,285,0,0,0,285
10/20/2004,MHT,NH,ANE,EN,Towers with Radar,0,0,0,0,0,124,118,70,7,319,124,118,70,7,319,8,0,8,327
10/21/2004,MHT,NH,ANE,EN,Towers with Radar,0,0,0,0,0,129,117,87,1,334,129,117,87,1,334,62,0,62,396
10/22/2004,MHT,NH,ANE,EN,Towers with Radar,0,0,0,0,0,126,106,67,0,299,126,106,67,0,299,12,0,12,311
10/23/2004,MHT,NH,ANE,EN,Towers with Radar,0,0,0,0,0,110,86,109,1,306,110,86,109,1,306,20,0,20,326
10/24/2004,MHT,NH,ANE,EN,Towers with Radar,0,0,0,0,0,106,84,64,0,254,106,84,64,0,254,51,0,51,305
10/25/2004,MHT,NH,ANE,EN,Towers with Radar,0,0,0,0,0,120,101,60,2,283,120,101,60,2,283,2,0,2,285
10/26/2004,MHT,NH,ANE,EN,Towers with Radar,0,0,0,0,0,121,113,80,2,316,121,113,80,2,316,70,0,70,386
10/27/2004,MHT,NH,ANE,EN,Towers with Radar,0,0,0,0,0,129,117,73,9,328,129,117,73,9,328,14,0,14,342
10/28/2004,MHT,NH,ANE,EN,Towers with Radar,0,0,0,0,0,132,118,88,14,352,132,118,88,14,352,22,0,22,374
10/29/2004,MHT,NH,ANE,EN,Towers with Radar,0,0,0,0,0,127,122,48,22,319,127,122,48,22,319,32,0,32,351
10/30/2004,MHT,NH,ANE,EN,Towers with Radar,0,0,0,0,0,116,103,35,0,254,116,103,35,0,254,0,0,0,254
10/31/2004,MHT,NH,ANE,EN,Towers with Radar,0,0,0,0,0,106,72,54,0,232,106,72,54,0,232,16,0,16,248
11/01/2004,MHT,NH,ANE,EN,Towers with Radar,99,95,0,0,194,0,0,79,0,79,99,95,79,0,273,22,0,22,295
11/02/2004,MHT,NH,ANE,EN,Towers with Radar,125,121,0,0,246,0,0,69,0,69,125,121,69,0,315,22,0,22,337
11/03/2004,MHT,NH,ANE,EN,Towers with Radar,124,115,0,0,239,0,0,21,0,21,124,115,21,0,260,10,0,10,270
11/04/2004,MHT,NH,ANE,EN,Towers with Radar,118,132,0,0,250,0,0,63,0,63,118,132,63,0,313,30,0,30,343
11/05/2004,MHT,NH,ANE,EN,Towers with Radar,137,108,0,0,245,0,0,21,0,21,137,108,21,0,266,2,0,2,268
11/06/2004,MHT,NH,ANE,EN,Towers with Radar,103,85,0,0,188,0,0,22,0,22,103,85,22,0,210,0,0,0,210
11/07/2004,MHT,NH,ANE,EN,Towers with Radar,102,81,0,0,183,0,0,56,0,56,102,81,56,0,239,62,0,62,301
11/08/2004,MHT,NH,ANE,EN,Towers with Radar,126,110,0,4,240,0,0,38,0,38,126,110,38,4,278,16,0,16,294
11/09/2004,MHT,NH,ANE,EN,Towers with Radar,124,133,0,4,261,0,0,62,0,62,124,133,62,4,323,22,0,22,345
11/10/2004,MHT,NH,ANE,EN,Towers with Radar,141,125,0,8,274,0,2,26,0,28,141,127,26,8,302,6,0,6,308
11/11/2004,MHT,NH,ANE,EN,Towers with Radar,121,122,0,0,243,0,0,74,0,74,121,122,74,0,317,28,0,28,345
11/12/2004,MHT,NH,ANE,EN,Towers with Radar,122,106,0,0,228,0,0,29,0,29,122,106,29,0,257,16,0,16,273
11/13/2004,MHT,NH,ANE,EN,Towers with Radar,114,82,0,0,196,0,0,24,0,24,114,82,24,0,220,8,0,8,228
11/14/2004,MHT,NH,ANE,EN,Towers with Radar,111,76,0,0,187,0,2,52,0,54,111,78,52,0,241,16,0,16,257
11/15/2004,MHT,NH,ANE,EN,Towers with Radar,120,118,0,8,246,0,0,80,0,80,120,118,80,8,326,2,0,2,328
11/16/2004,MHT,NH,ANE,EN,Towers with Radar,141,116,0,0,257,0,1,66,0,67,141,117,66,0,324,0,0,0,324
11/17/2004,MHT,NH,ANE,EN,Towers with Radar,144,113,0,6,263,0,0,56,0,56,144,113,56,6,319,19,0,19,338
11/18/2004,MHT,NH,ANE,EN,Towers with Radar,126,132,0,12,270,0,3,85,0,88,126,135,85,12,358,28,0,28,386
11/19/2004,MHT,NH,ANE,EN,Towers with Radar,130,110,0,4,244,0,0,86,0,86,130,110,86,4,330,24,0,24,354
11/20/2004,MHT,NH,ANE,EN,Towers with Radar,108,77,0,3,188,0,0,65,0,65,108,77,65,3,253,240,0,240,493
11/21/2004,MHT,NH,ANE,EN,Towers with Radar,96,75,0,0,171,0,1,32,0,33,96,76,32,0,204,0,0,0,204
11/22/2004,MHT,NH,ANE,EN,Towers with Radar,131,96,0,0,227,0,0,36,0,36,131,96,36,0,263,4,0,4,267
11/23/2004,MHT,NH,ANE,EN,Towers with Radar,133,131,0,8,272,0,0,79,0,79,133,131,79,8,351,2,0,2,353
11/24/2004,MHT,NH,ANE,EN,Towers with Radar,122,117,0,0,239,0,0,34,0,34,122,117,34,0,273,0,0,0,273
11/25/2004,MHT,NH,ANE,EN,Towers with Radar,123,62,0,0,185,0,0,8,0,8,123,62,8,0,193,0,0,0,193
11/26/2004,MHT,NH,ANE,EN,Towers with Radar,103,71,0,0,174,0,1,58,0,59,103,72,58,0,233,14,0,14,247
11/27/2004,MHT,NH,ANE,EN,Towers with Radar,105,74,0,0,179,0,0,64,0,64,105,74,64,0,243,22,0,22,265
11/28/2004,MHT,NH,ANE,EN,Towers with Radar,114,79,0,0,193,0,0,21,0,21,114,79,21,0,214,0,0,0,214
11/29/2004,MHT,NH,ANE,EN,Towers with Radar,127,109,0,4,240,0,0,67,0,67,127,109,67,4,307,18,0,18,325
11/30/2004,MHT,NH,ANE,EN,Towers with Radar,160,112,0,0,272,0,0,82,0,82,160,112,82,0,354,12,0,12,366
12/01/2004,MHT,NH,ANE,EN,Towers with Radar,164,87,0,0,251,0,0,21,0,21,164,87,21,0,272,0,0,0,272
12/02/2004,MHT,NH,ANE,EN,Towers with Radar,135,128,0,0,263,0,0,59,0,59,135,128,59,0,322,12,0,12,334
12/03/2004,MHT,NH,ANE,EN,Towers with Radar,134,106,0,1,241,0,0,46,2,48,134,106,46,3,289,13,2,15,304
12/04/2004,MHT,NH,ANE,EN,Towers with Radar,122,71,0,2,195,0,6,56,1,63,122,77,56,3,258,52,0,52,310
12/05/2004,MHT,NH,ANE,EN,Towers with Radar,112,67,0,0,179,0,3,40,0,43,112,70,40,0,222,20,0,20,242
12/06/2004,MHT,NH,ANE,EN,Towers with Radar,130,94,0,1,225,0,0,12,0,12,130,94,12,1,237,26,0,26,263
12/07/2004,MHT,NH,ANE,EN,Towers with Radar,140,81,0,0,221,0,0,7,0,7,140,81,7,0,228,0,0,0,228
12/08/2004,MHT,NH,ANE,EN,Towers with Radar,175,107,0,4,286,0,0,45,0,45,175,107,45,4,331,0,0,0,331
12/09/2004,MHT,NH,ANE,EN,Towers with Radar,141,113,0,5,259,0,0,69,1,70,141,113,69,6,329,52,0,52,381
12/10/2004,MHT,NH,ANE,EN,Towers with Radar,129,98,0,0,227,0,100,29,0,129,129,198,29,0,356,0,0,0,356
12/11/2004,MHT,NH,ANE,EN,Towers with Radar,118,81,0,0,199,0,0,27,0,27,118,81,27,0,226,0,0,0,226
12/12/2004,MHT,NH,ANE,EN,Towers with Radar,106,69,0,1,176,0,0,73,0,73,106,69,73,1,249,14,0,14,263
12/13/2004,MHT,NH,ANE,EN,Towers with Radar,122,97,0,0,219,0,0,33,5,38,122,97,33,5,257,9,6,15,272
12/14/2004,MHT,NH,ANE,EN,Towers with Radar,145,109,0,2,256,0,0,37,1,38,145,109,37,3,294,0,0,0,294
12/15/2004,MHT,NH,ANE,EN,Towers with Radar,133,113,0,19,265,0,2,83,0,85,133,115,83,19,350,14,0,14,364
12/16/2004,MHT,NH,ANE,EN,Towers with Radar,141,128,0,0,269,0,2,96,0,98,141,130,96,0,367,14,0,14,381
12/17/2004,MHT,NH,ANE,EN,Towers with Radar,131,113,0,0,244,0,0,33,0,33,131,113,33,0,277,8,0,8,285
12/18/2004,MHT,NH,ANE,EN,Towers with Radar,112,77,0,0,189,0,0,81,0,81,112,77,81,0,270,4,0,4,274
12/19/2004,MHT,NH,ANE,EN,Towers with Radar,122,60,0,0,182,0,0,39,0,39,122,60,39,0,221,22,0,22,243
12/20/2004,MHT,NH,ANE,EN,Towers with Radar,116,95,0,0,211,0,0,24,0,24,116,95,24,0,235,0,0,0,235
12/21/2004,MHT,NH,ANE,EN,Towers with Radar,159,97,0,0,256,0,0,55,0,55,159,97,55,0,311,4,0,4,315
12/22/2004,MHT,NH,ANE,EN,Towers with Radar,145,107,0,4,256,0,0,62,0,62,145,107,62,4,318,18,0,18,336
12/23/2004,MHT,NH,ANE,EN,Towers with Radar,122,87,0,0,209,0,0,15,0,15,122,87,15,0,224,0,0,0,224
12/24/2004,MHT,NH,ANE,EN,Towers with Radar,114,86,0,0,200,0,0,21,0,21,114,86,21,0,221,2,0,2,223
12/25/2004,MHT,NH,ANE,EN,Towers with Radar,100,46,0,0,146,0,0,17,0,17,100,46,17,0,163,0,0,0,163
12/26/2004,MHT,NH,ANE,EN,Towers with Radar,127,50,0,0,177,0,0,9,0,9,127,50,9,0,186,0,0,0,186
12/27/2004,MHT,NH,ANE,EN,Towers with Radar,141,70,0,0,211,0,0,24,0,24,141,70,24,0,235,4,0,4,239
12/28/2004,MHT,NH,ANE,EN,Towers with Radar,138,104,0,0,242,0,0,58,0,58,138,104,58,0,300,2,0,2,302
12/29/2004,MHT,NH,ANE,EN,Towers with Radar,144,100,0,0,244,0,1,63,0,64,144,101,63,0,308,340,0,340,648
12/30/2004,MHT,NH,ANE,EN,Towers with Radar,129,108,0,0,237,0,0,62,0,62,129,108,62,0,299,140,0,140,439
12/31/2004,MHT,NH,ANE,EN,Towers with Radar,127,97,0,0,224,0,0,8,0,8,127,97,8,0,232,0,0,0,232
01/01/2005,MHT,NH,ANE,EN,Towers with Radar,101,48,0,0,149,0,0,17,0,17,101,48,17,0,166,6,0,6,172
01/02/2005,MHT,NH,ANE,EN,Towers with Radar,122,60,0,0,182,0,0,51,0,51,122,60,51,0,233,22,0,22,255
01/03/2005,MHT,NH,ANE,EN,Towers with Radar,106,71,0,0,177,0,0,25,0,25,106,71,25,0,202,8,0,8,210
01/04/2005,MHT,NH,ANE,EN,Towers with Radar,148,92,0,0,240,0,0,29,0,29,148,92,29,0,269,16,0,16,285
01/05/2005,MHT,NH,ANE,EN,Towers with Radar,128,108,0,0,236,0,0,26,0,26,128,108,26,0,262,8,0,8,270
01/06/2005,MHT,NH,ANE,EN,Towers with Radar,123,86,0,2,211,0,0,15,0,15,123,86,15,2,226,0,0,0,226
01/07/2005,MHT,NH,ANE,EN,Towers with Radar,121,117,0,0,238,0,5,40,0,45,121,122,40,0,283,6,0,6,289
01/08/2005,MHT,NH,ANE,EN,Towers with Radar,109,76,0,0,185,0,0,10,0,10,109,76,10,0,195,0,0,0,195
01/09/2005,MHT,NH,ANE,EN,Towers with Radar,113,62,0,0,175,0,0,37,0,37,113,62,37,0,212,0,0,0,212
01/10/2005,MHT,NH,ANE,EN,Towers with Radar,124,91,0,0,215,0,0,33,0,33,124,91,33,0,248,3,0,3,251
01/11/2005,MHT,NH,ANE,EN,Towers with Radar,132,100,0,0,232,0,0,47,0,47,132,100,47,0,279,140,0,140,419
01/12/2005,MHT,NH,ANE,EN,Towers with Radar,131,88,0,0,219,0,0,20,0,20,131,88,20,0,239,0,0,0,239
01/13/2005,MHT,NH,ANE,EN,Towers with Radar,71,57,0,0,128,0,0,20,0,20,71,57,20,0,148,0,0,0,148
01/14/2005,MHT,NH,ANE,EN,Towers with Radar,121,94,0,0,215,0,2,27,0,29,121,96,27,0,244,6,0,6,250
01/15/2005,MHT,NH,ANE,EN,Towers with Radar,112,58,0,0,170,0,2,68,0,70,112,60,68,0,240,50,0,50,290
01/16/2005,MHT,NH,ANE,EN,Towers with Radar,94,58,0,0,152,0,0,18,0,18,94,58,18,0,170,24,0,24,194
01/17/2005,MHT,NH,ANE,EN,Towers with Radar,135,96,0,0,231,0,0,31,0,31,135,96,31,0,262,6,0,6,268
01/18/2005,MHT,NH,ANE,EN,Towers with Radar,131,106,0,2,239,0,0,29,2,31,131,106,29,4,270,2,0,2,272
01/19/2005,MHT,NH,ANE,EN,Towers with Radar,114,95,0,8,217,0,0,20,0,20,114,95,20,8,237,16,0,16,253
01/20/2005,MHT,NH,ANE,EN,Towers with Radar,128,111,0,0,239,0,0,47,0,47,128,111,47,0,286,6,0,6,292
01/21/2005,MHT,NH,ANE,EN,Towers with Radar,119,101,0,0,220,0,0,49,0,49,119,101,49,0,269,16,0,16,285
01/22/2005,MHT,NH,ANE,EN,Towers with Radar,76,47,0,0,123,0,0,26,0,26,76,47,26,0,149,6,0,6,155
01/23/2005,MHT,NH,ANE,EN,Towers with Radar,17,28,0,0,45,0,0,8,0,8,17,28,8,0,53,0,0,0,53
01/24/2005,MHT,NH,ANE,EN,Towers with Radar,106,84,0,0,190,0,1,36,0,37,106,85,36,0,227,14,0,14,241
01/25/2005,MHT,NH,ANE,EN,Towers with Radar,146,92,0,0,238,0,0,38,1,39,146,92,38,1,277,180,0,180,457
01/26/2005,MHT,NH,ANE,EN,Towers with Radar,126,97,0,1,224,0,0,14,0,14,126,97,14,1,238,0,0,0,238
01/27/2005,MHT,NH,ANE,EN,Towers with Radar,131,120,0,0,251,0,0,51,0,51,131,120,51,0,302,12,0,12,314
01/28/2005,MHT,NH,ANE,EN,Towers with Radar,126,103,0,0,229,0,2,40,0,42,126,105,40,0,271,38,0,38,309
01/29/2005,MHT,NH,ANE,EN,Towers with Radar,104,67,0,0,171,0,0,72,0,72,104,67,72,0,243,12,0,12,255
01/30/2005,MHT,NH,ANE,EN,Towers with Radar,116,47,0,0,163,0,0,60,0,60,116,47,60,0,223,24,0,24,247
01/31/2005,MHT,NH,ANE,EN,Towers with Radar,116,101,0,0,217,0,0,42,0,42,116,101,42,0,259,38,0,38,297
02/01/2005,MHT,NH,ANE,EN,Towers with Radar,135,97,39,0,271,0,0,29,0,29,135,97,68,0,300,18,0,18,318
02/02/2005,MHT,NH,ANE,EN,Towers with Radar,137,107,27,0,271,0,0,31,0,31,137,107,58,0,302,31,0,31,333
02/03/2005,MHT,NH,ANE,EN,Towers with Radar,126,106,27,0,259,0,3,28,0,31,126,109,55,0,290,2,0,2,292
02/04/2005,MHT,NH,ANE,EN,Towers with Radar,124,122,19,0,265,0,0,13,0,13,124,122,32,0,278,18,0,18,296
02/05/2005,MHT,NH,ANE,EN,Towers with Radar,123,59,18,0,200,0,0,52,0,52,123,59,70,0,252,30,0,30,282
02/06/2005,MHT,NH,ANE,EN,Towers with Radar,113,53,11,1,178,0,0,39,0,39,113,53,50,1,217,44,0,44,261
02/07/2005,MHT,NH,ANE,EN,Towers with Radar,126,84,25,0,235,0,0,43,0,43,126,84,68,0,278,12,0,12,290
02/08/2005,MHT,NH,ANE,EN,Towers with Radar,159,85,31,4,279,0,0,8,0,8,159,85,39,4,287,6,0,6,293
02/09/2005,MHT,NH,ANE,EN,Towers with Radar,142,91,32,2,267,0,1,11,5,17,142,92,43,7,284,10,4,14,298
02/10/2005,MHT,NH,ANE,EN,Towers with Radar,128,100,15,0,243,0,0,0,0,0,128,100,15,0,243,0,0,0,243
02/11/2005,MHT,NH,ANE,EN,Towers with Radar,140,109,14,2,265,0,0,3,0,3,140,109,17,2,268,0,0,0,268
02/12/2005,MHT,NH,ANE,EN,Towers with Radar,105,83,25,0,213,0,2,11,0,13,105,85,36,0,226,4,0,4,230
02/13/2005,MHT,NH,ANE,EN,Towers with Radar,108,57,24,1,190,0,0,28,0,28,108,57,52,1,218,34,0,34,252
02/14/2005,MHT,NH,ANE,EN,Towers with Radar,129,82,27,0,238,0,0,16,0,16,129,82,43,0,254,18,0,18,272
02/15/2005,MHT,NH,ANE,EN,Towers with Radar,145,82,26,0,253,0,0,10,0,10,145,82,36,0,263,40,0,40,303
02/16/2005,MHT,NH,ANE,EN,Towers with Radar,139,101,54,0,294,0,0,6,0,6,139,101,60,0,300,12,0,12,312
02/17/2005,MHT,NH,ANE,EN,Towers with Radar,145,92,27,0,264,1,4,38,0,43,146,96,65,0,307,50,0,50,357
02/18/2005,MHT,NH,ANE,EN,Towers with Radar,131,92,43,1,267,0,1,33,1,35,131,93,76,2,302,26,0,26,328
02/19/2005,MHT,NH,ANE,EN,Towers with Radar,104,79,7,0,190,0,0,34,0,34,104,79,41,0,224,26,0,26,250
02/20/2005,MHT,NH,ANE,EN,Towers with Radar,116,57,9,0,182,0,1,29,0,30,116,58,38,0,212,46,0,46,258
02/21/2005,MHT,NH,ANE,EN,Towers with Radar,124,78,15,0,217,0,0,0,0,0,124,78,15,0,217,0,0,0,217
02/22/2005,MHT,NH,ANE,EN,Towers with Radar,147,96,24,0,267,0,0,1,0,1,147,96,25,0,268,0,0,0,268
02/23/2005,MHT,NH,ANE,EN,Towers with Radar,142,97,22,0,261,0,0,17,0,17,142,97,39,0,278,14,0,14,292
02/24/2005,MHT,NH,ANE,EN,Towers with Radar,130,96,29,0,255,0,0,22,0,22,130,96,51,0,277,20,0,20,297
02/25/2005,MHT,NH,ANE,EN,Towers with Radar,133,98,20,1,252,0,0,19,1,20,133,98,39,2,272,20,0,20,292
02/26/2005,MHT,NH,ANE,EN,Towers with Radar,108,71,15,0,194,0,1,40,0,41,108,72,55,0,235,28,0,28,263
02/27/2005,MHT,NH,ANE,EN,Towers with Radar,113,60,12,0,185,0,1,16,0,17,113,61,28,0,202,28,0,28,230
02/28/2005,MHT,NH,ANE,EN,Towers with Radar,118,85,24,0,227,0,1,18,0,19,118,86,42,0,246,22,0,22,268
03/01/2005,MHT,NH,ANE,EN,Towers with Radar,124,82,0,0,206,0,0,14,0,14,124,82,14,0,220,0,0,0,220
03/02/2005,MHT,NH,ANE,EN,Towers with Radar,135,104,0,4,243,0,0,28,0,28,135,104,28,4,271,44,0,44,315
03/03/2005,MHT,NH,ANE,EN,Towers with Radar,142,99,0,0,241,0,0,24,0,24,142,99,24,0,265,31,0,31,296
03/04/2005,MHT,NH,ANE,EN,Towers with Radar,131,95,0,0,226,0,0,35,0,35,131,95,35,0,261,4,0,4,265
03/05/2005,MHT,NH,ANE,EN,Towers with Radar,107,71,0,4,182,0,0,32,0,32,107,71,32,4,214,26,0,26,240
03/06/2005,MHT,NH,ANE,EN,Towers with Radar,113,63,0,0,176,0,0,28,0,28,113,63,28,0,204,14,0,14,218
03/07/2005,MHT,NH,ANE,EN,Towers with Radar,118,88,0,8,214,0,0,40,1,41,118,88,40,9,255,22,0,22,277
03/08/2005,MHT,NH,ANE,EN,Towers with Radar,74,61,0,0,135,0,0,16,0,16,74,61,16,0,151,6,0,6,157
03/09/2005,MHT,NH,ANE,EN,Towers with Radar,119,102,0,0,221,0,0,29,0,29,119,102,29,0,250,0,0,0,250
03/10/2005,MHT,NH,ANE,EN,Towers with Radar,134,105,0,0,239,0,1,70,0,71,134,106,70,0,310,36,0,36,346
03/11/2005,MHT,NH,ANE,EN,Towers with Radar,130,104,0,2,236,0,0,29,0,29,130,104,29,2,265,0,0,0,265
03/12/2005,MHT,NH,ANE,EN,Towers with Radar,109,61,0,0,170,0,0,0,0,0,109,61,0,0,170,0,0,0,170
03/13/2005,MHT,NH,ANE,EN,Towers with Radar,110,66,0,2,178,0,2,32,0,34,110,68,32,2,212,38,0,38,250
03/14/2005,MHT,NH,ANE,EN,Towers with Radar,110,93,0,2,205,0,0,61,0,61,110,93,61,2,266,28,0,28,294
03/15/2005,MHT,NH,ANE,EN,Towers with Radar,126,114,0,4,244,0,0,43,0,43,126,114,43,4,287,6,0,6,293
03/16/2005,MHT,NH,ANE,EN,Towers with Radar,134,108,0,0,242,0,0,59,0,59,134,108,59,0,301,18,0,18,319
03/17/2005,MHT,NH,ANE,EN,Towers with Radar,126,115,0,0,241,0,0,66,0,66,126,115,66,0,307,30,0,30,337
03/18/2005,MHT,NH,ANE,EN,Towers with Radar,122,94,0,0,216,0,0,66,0,66,122,94,66,0,282,28,0,28,310
03/19/2005,MHT,NH,ANE,EN,Towers with Radar,97,71,0,0,168,0,0,70,0,70,97,71,70,0,238,20,0,20,258
03/20/2005,MHT,NH,ANE,EN,Towers with Radar,106,66,0,2,174,0,1,50,0,51,106,67,50,2,225,24,0,24,249
03/21/2005,MHT,NH,ANE,EN,Towers with Radar,120,100,0,1,221,0,1,48,0,49,120,101,48,1,270,21,0,21,291
03/22/2005,MHT,NH,ANE,EN,Towers with Radar,118,113,0,2,233,0,0,86,1,87,118,113,86,3,320,36,0,36,356
03/23/2005,MHT,NH,ANE,EN,Towers with Radar,134,106,0,16,256,0,2,77,0,79,134,108,77,16,335,22,0,22,357
03/24/2005,MHT,NH,ANE,EN,Towers with Radar,131,109,0,0,240,0,1,28,0,29,131,110,28,0,269,8,0,8,277
03/25/2005,MHT,NH,ANE,EN,Towers with Radar,115,103,0,0,218,0,0,61,0,61,115,103,61,0,279,34,0,34,313
03/26/2005,MHT,NH,ANE,EN,Towers with Radar,105,67,0,2,174,0,0,48,0,48,105,67,48,2,222,18,0,18,240
03/27/2005,MHT,NH,ANE,EN,Towers with Radar,105,64,0,0,169,0,4,54,0,58,105,68,54,0,227,22,0,22,249
03/28/2005,MHT,NH,ANE,EN,Towers with Radar,107,93,0,0,200,0,0,29,0,29,107,93,29,0,229,0,0,0,229
03/29/2005,MHT,NH,ANE,EN,Towers with Radar,132,96,0,6,234,0,0,56,0,56,132,96,56,6,290,6,0,6,296
03/30/2005,MHT,NH,ANE,EN,Towers with Radar,128,106,0,1,235,0,0,75,0,75,128,106,75,1,310,6,0,6,316
03/31/2005,MHT,NH,ANE,EN,Towers with Radar,134,119,0,5,258,0,0,73,0,73,134,119,73,5,331,74,0,74,405
04/01/2005,MHT,NH,ANE,EN,Towers with Radar,129,94,33,0,256,0,0,16,0,16,129,94,49,0,272,66,0,66,338
04/02/2005,MHT,NH,ANE,EN,Towers with Radar,107,66,8,0,181,0,0,0,0,0,107,66,8,0,181,0,0,0,181
04/03/2005,MHT,NH,ANE,EN,Towers with Radar,105,69,57,0,231,0,0,0,0,0,105,69,57,0,231,2,0,2,233
04/04/2005,MHT,NH,ANE,EN,Towers with Radar,122,94,27,2,245,0,0,10,0,10,122,94,37,2,255,38,0,38,293
04/05/2005,MHT,NH,ANE,EN,Towers with Radar,129,107,32,0,268,0,0,31,1,32,129,107,63,1,300,26,0,26,326
04/06/2005,MHT,NH,ANE,EN,Towers with Radar,129,103,43,0,275,0,0,34,2,36,129,103,77,2,311,10,0,10,321
04/07/2005,MHT,NH,ANE,EN,Towers with Radar,137,102,29,0,268,0,0,27,0,27,137,102,56,0,295,12,0,12,307
04/08/2005,MHT,NH,ANE,EN,Towers with Radar,133,94,21,2,250,0,0,33,0,33,133,94,54,2,283,22,0,22,305
04/09/2005,MHT,NH,ANE,EN,Towers with Radar,106,75,13,0,194,0,0,53,0,53,106,75,66,0,247,54,0,54,301
04/10/2005,MHT,NH,ANE,EN,Towers with Radar,116,80,22,0,218,0,0,58,0,58,116,80,80,0,276,54,0,54,330
04/11/2005,MHT,NH,ANE,EN,Towers with Radar,123,92,33,0,248,0,2,21,0,23,123,94,54,0,271,10,0,10,281
04/12/2005,MHT,NH,ANE,EN,Towers with Radar,148,104,25,1,278,0,5,3,0,8,148,109,28,1,286,54,0,54,340
04/13/2005,MHT,NH,ANE,EN,Towers with Radar,136,107,30,7,280,0,0,0,0,0,136,107,30,7,280,26,0,26,306
04/14/2005,MHT,NH,ANE,EN,Towers with Radar,130,121,37,2,290,0,0,41,0,41,130,121,78,2,331,40,0,40,371
04/15/2005,MHT,NH,ANE,EN,Towers with Radar,128,97,19,0,244,0,2,41,0,43,128,99,60,0,287,26,0,26,313
04/16/2005,MHT,NH,ANE,EN,Towers with Radar,110,86,20,0,216,0,0,44,0,44,110,86,64,0,260,28,0,28,288
04/17/2005,MHT,NH,ANE,EN,Towers with Radar,115,67,9,0,191,0,0,49,0,49,115,67,58,0,240,14,0,14,254
04/18/2005,MHT,NH,ANE,EN,Towers with Radar,121,96,32,1,250,0,0,30,0,30,121,96,62,1,280,12,0,12,292
04/19/2005,MHT,NH,ANE,EN,Towers with Radar,131,110,18,2,261,0,0,56,0,56,131,110,74,2,317,14,0,14,331
04/20/2005,MHT,NH,ANE,EN,Towers with Radar,137,106,35,0,278,0,3,24,0,27,137,109,59,0,305,20,0,20,325
04/21/2005,MHT,NH,ANE,EN,Towers with Radar,135,110,17,0,262,0,2,45,0,47,135,112,62,0,309,10,0,10,319
04/22/2005,MHT,NH,ANE,EN,Towers with Radar,126,97,33,0,256,0,1,43,0,44,126,98,76,0,300,28,0,28,328
04/23/2005,MHT,NH,ANE,EN,Towers with Radar,109,69,22,0,200,0,0,2,0,2,109,69,24,0,202,0,0,0,202
04/24/2005,MHT,NH,ANE,EN,Towers with Radar,116,65,30,0,211,0,0,8,0,8,116,65,38,0,219,12,0,12,231
04/25/2005,MHT,NH,ANE,EN,Towers with Radar,123,96,23,0,242,0,0,8,0,8,123,96,31,0,250,26,0,26,276
04/26/2005,MHT,NH,ANE,EN,Towers with Radar,135,108,45,3,291,0,0,36,0,36,135,108,81,3,327,12,0,12,339
04/27/2005,MHT,NH,ANE,EN,Towers with Radar,143,97,21,0,261,0,4,2,0,6,143,101,23,0,267,0,0,0,267
04/28/2005,MHT,NH,ANE,EN,Towers with Radar,156,91,39,0,286,0,1,9,0,10,156,92,48,0,296,6,0,6,302
04/29/2005,MHT,NH,ANE,EN,Towers with Radar,132,111,39,1,283,0,1,48,2,51,132,112,87,3,334,56,0,56,390
04/30/2005,MHT,NH,ANE,EN,Towers with Radar,111,68,27,0,206,0,0,11,0,11,111,68,38,0,217,38,0,38,255
05/01/2005,MHT,NH,ANE,EN,Towers with Radar,119,68,0,0,187,0,0,43,0,43,119,68,43,0,230,4,0,4,234
05/02/2005,MHT,NH,ANE,EN,Towers with Radar,132,88,0,0,220,0,0,44,2,46,132,88,44,2,266,36,0,36,302
05/03/2005,MHT,NH,ANE,EN,Towers with Radar,128,100,0,1,229,0,0,52,0,52,128,100,52,1,281,640,0,640,921
05/04/2005,MHT,NH,ANE,EN,Towers with Radar,138,99,0,0,237,0,0,68,0,68,138,99,68,0,305,28,0,28,333
05/05/2005,MHT,NH,ANE,EN,Towers with Radar,131,127,0,0,258,0,0,38,0,38,131,127,38,0,296,38,0,38,334
05/06/2005,MHT,NH,ANE,EN,Towers with Radar,129,103,0,8,240,0,1,73,0,74,129,104,73,8,314,22,0,22,336
05/07/2005,MHT,NH,ANE,EN,Towers with Radar,114,70,0,0,184,0,0,12,0,12,114,70,12,0,196,0,0,0,196
05/08/2005,MHT,NH,ANE,EN,Towers with Radar,114,64,0,0,178,0,0,26,0,26,114,64,26,0,204,0,0,0,204
05/09/2005,MHT,NH,ANE,EN,Towers with Radar,126,93,0,1,220,0,0,57,0,57,126,93,57,1,277,6,0,6,283
05/10/2005,MHT,NH,ANE,EN,Towers with Radar,131,103,0,2,236,0,1,85,1,87,131,104,85,3,323,2,0,2,325
05/11/2005,MHT,NH,ANE,EN,Towers with Radar,134,103,0,0,237,3,0,67,0,70,137,103,67,0,307,24,0,24,331
05/12/2005,MHT,NH,ANE,EN,Towers with Radar,130,114,0,0,244,0,1,78,0,79,130,115,78,0,323,38,0,38,361
05/13/2005,MHT,NH,ANE,EN,Towers with Radar,135,94,0,0,229,0,0,72,0,72,135,94,72,0,301,16,0,16,317
05/14/2005,MHT,NH,ANE,EN,Towers with Radar,110,74,0,0,184,0,0,79,0,79,110,74,79,0,263,26,6,32,295
05/15/2005,MHT,NH,ANE,EN,Towers with Radar,109,71,0,0,180,0,0,38,0,38,109,71,38,0,218,24,0,24,242
05/16/2005,MHT,NH,ANE,EN,Towers with Radar,125,98,0,3,226,0,0,54,0,54,125,98,54,3,280,0,0,0,280
05/17/2005,MHT,NH,ANE,EN,Towers with Radar,132,111,0,0,243,0,5,76,0,81,132,116,76,0,324,23,0,23,347
05/18/2005,MHT,NH,ANE,EN,Towers with Radar,134,112,0,3,249,0,0,68,2,70,134,112,68,5,319,0,0,0,319
05/19/2005,MHT,NH,ANE,EN,Towers with Radar,134,105,0,0,239,0,1,82,0,83,134,106,82,0,322,22,0,22,344
05/20/2005,MHT,NH,ANE,EN,Towers with Radar,132,93,0,1,226,0,0,85,1,86,132,93,85,2,312,38,0,38,350
05/21/2005,MHT,NH,ANE,EN,Towers with Radar,109,86,0,0,195,0,0,31,0,31,109,86,31,0,226,52,0,52,278
05/22/2005,MHT,NH,ANE,EN,Towers with Radar,108,74,0,0,182,0,0,37,0,37,108,74,37,0,219,0,0,0,219
05/23/2005,MHT,NH,ANE,EN,Towers with Radar,121,100,0,4,225,0,0,22,0,22,121,100,22,4,247,0,0,0,247
05/24/2005,MHT,NH,ANE,EN,Towers with Radar,135,101,0,0,236,0,0,22,0,22,135,101,22,0,258,0,0,0,258
05/25/2005,MHT,NH,ANE,EN,Towers with Radar,138,97,0,0,235,0,0,33,0,33,138,97,33,0,268,0,0,0,268
05/26/2005,MHT,NH,ANE,EN,Towers with Radar,136,107,0,0,243,0,0,52,0,52,136,107,52,0,295,18,0,18,313
05/27/2005,MHT,NH,ANE,EN,Towers with Radar,132,94,0,0,226,0,0,74,0,74,132,94,74,0,300,26,0,26,326
05/28/2005,MHT,NH,ANE,EN,Towers with Radar,110,79,0,0,189,0,0,70,0,70,110,79,70,0,259,6,0,6,265
05/29/2005,MHT,NH,ANE,EN,Towers with Radar,98,67,0,0,165,0,0,21,0,21,98,67,21,0,186,2,0,2,188
05/30/2005,MHT,NH,ANE,EN,Towers with Radar,101,77,0,0,178,0,0,36,0,36,101,77,36,0,214,16,0,16,230
05/31/2005,MHT,NH,ANE,EN,Towers with Radar,128,105,0,7,240,0,0,42,0,42,128,105,42,7,282,0,0,0,282
06/01/2005,MHT,NH,ANE,EN,Towers with Radar,135,106,0,0,241,0,0,95,0,95,135,106,95,0,336,32,0,32,368
06/02/2005,MHT,NH,ANE,EN,Towers with Radar,132,101,0,5,238,0,0,65,2,67,132,101,65,7,305,12,0,12,317
06/03/2005,MHT,NH,ANE,EN,Towers with Radar,133,98,0,2,233,0,1,90,0,91,133,99,90,2,324,26,0,26,350
06/04/2005,MHT,NH,ANE,EN,Towers with Radar,112,78,0,0,190,0,0,61,0,61,112,78,61,0,251,42,0,42,293
06/05/2005,MHT,NH,ANE,EN,Towers with Radar,107,67,0,0,174,0,0,67,0,67,107,67,67,0,241,60,0,60,301
06/06/2005,MHT,NH,ANE,EN,Towers with Radar,111,89,0,2,202,0,0,39,0,39,111,89,39,2,241,0,0,0,241
06/07/2005,MHT,NH,ANE,EN,Towers with Radar,140,114,0,0,254,0,1,43,0,44,140,115,43,0,298,12,0,12,310
06/08/2005,MHT,NH,ANE,EN,Towers with Radar,119,106,0,4,229,0,0,97,0,97,119,106,97,4,326,8,0,8,334
06/09/2005,MHT,NH,ANE,EN,Towers with Radar,140,93,0,0,233,0,0,57,0,57,140,93,57,0,290,20,0,20,310
06/10/2005,MHT,NH,ANE,EN,Towers with Radar,136,97,0,0,233,0,0,72,0,72,136,97,72,0,305,14,0,14,319
06/11/2005,MHT,NH,ANE,EN,Towers with Radar,120,68,0,0,188,0,0,39,0,39,120,68,39,0,227,32,0,32,259
06/12/2005,MHT,NH,ANE,EN,Towers with Radar,115,75,0,0,190,0,0,46,1,47,115,75,46,1,237,0,0,0,237
06/13/2005,MHT,NH,ANE,EN,Towers with Radar,127,84,0,0,211,0,1,48,0,49,127,85,48,0,260,4,0,4,264
06/14/2005,MHT,NH,ANE,EN,Towers with Radar,128,94,0,0,222,0,0,33,0,33,128,94,33,0,255,6,0,6,261
06/15/2005,MHT,NH,ANE,EN,Towers with Radar,132,108,0,0,240,0,0,53,0,53,132,108,53,0,293,0,0,0,293
06/16/2005,MHT,NH,ANE,EN,Towers with Radar,133,90,0,5,228,0,0,38,0,38,133,90,38,5,266,2,0,2,268
06/17/2005,MHT,NH,ANE,EN,Towers with Radar,127,101,0,2,230,0,0,48,0,48,127,101,48,2,278,14,0,14,292
06/18/2005,MHT,NH,ANE,EN,Towers with Radar,113,77,0,0,190,0,0,38,0,38,113,77,38,0,228,0,0,0,228
06/19/2005,MHT,NH,ANE,EN,Towers with Radar,110,70,0,0,180,0,1,64,0,65,110,71,64,0,245,12,0,12,257
06/20/2005,MHT,NH,ANE,EN,Towers with Radar,131,91,0,0,222,0,0,71,0,71,131,91,71,0,293,36,0,36,329
06/21/2005,MHT,NH,ANE,EN,Towers with Radar,135,99,0,0,234,0,0,64,0,64,135,99,64,0,298,34,0,34,332
06/22/2005,MHT,NH,ANE,EN,Towers with Radar,120,109,0,0,229,0,0,52,0,52,120,109,52,0,281,18,0,18,299
06/23/2005,MHT,NH,ANE,EN,Towers with Radar,133,104,0,0,237,0,0,122,0,122,133,104,122,0,359,38,0,38,397
06/24/2005,MHT,NH,ANE,EN,Towers with Radar,126,97,0,0,223,0,1,107,0,108,126,98,107,0,331,26,0,26,357
06/25/2005,MHT,NH,ANE,EN,Towers with Radar,111,90,0,0,201,0,1,60,0,61,111,91,60,0,262,40,0,40,302
06/26/2005,MHT,NH,ANE,EN,Towers with Radar,115,69,0,0,184,0,0,67,0,67,115,69,67,0,251,46,0,46,297
06/27/2005,MHT,NH,ANE,EN,Towers with Radar,121,87,0,2,210,0,0,56,1,57,121,87,56,3,267,2,0,2,269
06/28/2005,MHT,NH,ANE,EN,Towers with Radar,125,102,0,0,227,0,0,60,0,60,125,102,60,0,287,16,0,16,303
06/29/2005,MHT,NH,ANE,EN,Towers with Radar,126,91,0,0,217,0,0,34,0,34,126,91,34,0,251,0,0,0,251
06/30/2005,MHT,NH,ANE,EN,Towers with Radar,137,119,0,0,256,0,0,70,0,70,137,119,70,0,326,0,0,0,326
07/01/2005,MHT,NH,ANE,EN,Towers with Radar,123,96,0,0,219,0,0,57,0,57,123,96,57,0,276,0,0,0,276
07/02/2005,MHT,NH,ANE,EN,Towers with Radar,125,80,0,0,205,0,0,42,0,42,125,80,42,0,247,12,0,12,259
07/03/2005,MHT,NH,ANE,EN,Towers with Radar,93,62,0,0,155,0,0,44,0,44,93,62,44,0,199,30,0,30,229
07/04/2005,MHT,NH,ANE,EN,Towers with Radar,98,68,0,0,166,0,0,40,0,40,98,68,40,0,206,2,0,2,208
07/05/2005,MHT,NH,ANE,EN,Towers with Radar,121,107,0,0,228,0,0,70,0,70,121,107,70,0,298,24,0,24,322
07/06/2005,MHT,NH,ANE,EN,Towers with Radar,127,101,0,0,228,0,0,31,0,31,127,101,31,0,259,0,0,0,259
07/07/2005,MHT,NH,ANE,EN,Towers with Radar,124,103,0,0,227,0,0,43,0,43,124,103,43,0,270,2,0,2,272
07/08/2005,MHT,NH,ANE,EN,Towers with Radar,134,92,0,0,226,0,0,36,0,36,134,92,36,0,262,0,0,0,262
07/09/2005,MHT,NH,ANE,EN,Towers with Radar,106,71,0,0,177,0,0,31,0,31,106,71,31,0,208,4,0,4,212
07/10/2005,MHT,NH,ANE,EN,Towers with Radar,107,73,0,0,180,0,0,48,0,48,107,73,48,0,228,20,0,20,248
07/11/2005,MHT,NH,ANE,EN,Towers with Radar,117,93,0,0,210,0,0,69,0,69,117,93,69,0,279,14,0,14,293
07/12/2005,MHT,NH,ANE,EN,Towers with Radar,129,104,0,0,233,0,0,100,0,100,129,104,100,0,333,46,0,46,379
07/13/2005,MHT,NH,ANE,EN,Towers with Radar,127,94,0,0,221,0,0,69,0,69,127,94,69,0,290,28,0,28,318
07/14/2005,MHT,NH,ANE,EN,Towers with Radar,125,102,0,0,227,0,0,44,0,44,125,102,44,0,271,0,0,0,271
07/15/2005,MHT,NH,ANE,EN,Towers with Radar,128,98,0,0,226,0,2,63,2,67,128,100,63,2,293,14,0,14,307
07/16/2005,MHT,NH,ANE,EN,Towers with Radar,125,67,0,0,192,0,0,38,0,38,125,67,38,0,230,18,0,18,248
07/17/2005,MHT,NH,ANE,EN,Towers with Radar,109,64,0,0,173,0,0,48,0,48,109,64,48,0,221,0,0,0,221
07/18/2005,MHT,NH,ANE,EN,Towers with Radar,110,90,0,1,201,0,0,39,0,39,110,90,39,1,240,0,0,0,240
07/19/2005,MHT,NH,ANE,EN,Towers with Radar,128,100,0,5,233,0,0,48,0,48,128,100,48,5,281,2,0,2,283
07/20/2005,MHT,NH,ANE,EN,Towers with Radar,124,105,0,4,233,0,3,85,0,88,124,108,85,4,321,18,0,18,339
07/21/2005,MHT,NH,ANE,EN,Towers with Radar,121,105,0,0,226,0,0,75,0,75,121,105,75,0,301,38,0,38,339
07/22/2005,MHT,NH,ANE,EN,Towers with Radar,127,103,0,0,230,0,0,87,4,91,127,103,87,4,321,60,0,60,381
07/23/2005,MHT,NH,ANE,EN,Towers with Radar,117,80,0,0,197,0,0,50,0,50,117,80,50,0,247,8,0,8,255
07/24/2005,MHT,NH,ANE,EN,Towers with Radar,107,70,0,0,177,0,0,81,0,81,107,70,81,0,258,12,0,12,270
07/25/2005,MHT,NH,ANE,EN,Towers with Radar,111,92,0,0,203,0,0,50,0,50,111,92,50,0,253,0,0,0,253
07/26/2005,MHT,NH,ANE,EN,Towers with Radar,130,101,0,2,233,0,0,46,0,46,130,101,46,2,279,12,0,12,291
07/27/2005,MHT,NH,ANE,EN,Towers with Radar,0,0,0,0,0,0,0,0,0,0,0,0,0,0,0,0,0,0,0
07/28/2005,MHT,NH,ANE,EN,Towers with Radar,138,104,0,0,242,0,2,76,0,78,138,106,76,0,320,30,0,30,350
07/29/2005,MHT,NH,ANE,EN,Towers with Radar,123,106,0,3,232,0,1,97,2,100,123,107,97,5,332,58,0,58,390
07/30/2005,MHT,NH,ANE,EN,Towers with Radar,107,70,0,0,177,0,0,44,0,44,107,70,44,0,221,32,0,32,253
07/31/2005,MHT,NH,ANE,EN,Towers with Radar,104,72,0,0,176,0,0,79,0,79,104,72,79,0,255,24,0,24,279
08/01/2005,MHT,NH,ANE,EN,Towers with Radar,120,106,0,8,234,0,0,62,0,62,120,106,62,8,296,2,0,2,298
08/02/2005,MHT,NH,ANE,EN,Towers with Radar,125,102,0,2,229,0,8,97,1,106,125,110,97,3,335,10,0,10,345
08/03/2005,MHT,NH,ANE,EN,Towers with Radar,132,112,0,0,244,0,1,80,0,81,132,113,80,0,325,36,0,36,361
08/04/2005,MHT,NH,ANE,EN,Towers with Radar,128,114,0,2,244,0,0,91,4,95,128,114,91,6,339,19,0,19,358
08/05/2005,MHT,NH,ANE,EN,Towers with Radar,122,96,0,0,218,0,0,43,1,44,122,96,43,1,262,4,0,4,266
08/06/2005,MHT,NH,ANE,EN,Towers with Radar,117,78,0,6,201,0,0,63,0,63,117,78,63,6,264,12,2,14,278
08/07/2005,MHT,NH,ANE,EN,Towers with Radar,108,72,0,0,180,0,1,71,1,73,108,73,71,1,253,18,0,18,271
08/08/2005,MHT,NH,ANE,EN,Towers with Radar,111,96,0,0,207,0,2,57,0,59,111,98,57,0,266,2,12,14,280
08/09/2005,MHT,NH,ANE,EN,Towers with Radar,132,119,0,0,251,0,1,70,0,71,132,120,70,0,322,2,0,2,324
08/10/2005,MHT,NH,ANE,EN,Towers with Radar,136,110,0,6,252,0,0,68,0,68,136,110,68,6,320,6,0,6,326
08/11/2005,MHT,NH,ANE,EN,Towers with Radar,136,106,0,0,242,0,0,65,0,65,136,106,65,0,307,26,0,26,333
08/12/2005,MHT,NH,ANE,EN,Towers with Radar,125,102,0,0,227,0,2,69,0,71,125,104,69,0,298,6,0,6,304
08/13/2005,MHT,NH,ANE,EN,Towers with Radar,116,83,0,0,199,0,1,49,0,50,116,84,49,0,249,1,0,1,250
08/14/2005,MHT,NH,ANE,EN,Towers with Radar,99,70,0,0,169,0,0,47,0,47,99,70,47,0,216,12,0,12,228
08/15/2005,MHT,NH,ANE,EN,Towers with Radar,126,99,0,0,225,0,1,57,0,58,126,100,57,0,283,0,0,0,283
08/16/2005,MHT,NH,ANE,EN,Towers with Radar,120,101,0,0,221,0,0,77,0,77,120,101,77,0,298,14,0,14,312
08/17/2005,MHT,NH,ANE,EN,Towers with Radar,133,104,0,3,240,0,0,73,4,77,133,104,73,7,317,12,0,12,329
08/18/2005,MHT,NH,ANE,EN,Towers with Radar,126,109,0,0,235,0,0,84,0,84,126,109,84,0,319,30,0,30,349
08/19/2005,MHT,NH,ANE,EN,Towers with Radar,129,95,0,14,238,0,0,129,0,129,129,95,129,14,367,12,0,12,379
08/20/2005,MHT,NH,ANE,EN,Towers with Radar,108,72,0,0,180,0,0,42,0,42,108,72,42,0,222,0,0,0,222
08/21/2005,MHT,NH,ANE,EN,Towers with Radar,103,77,0,0,180,0,0,29,0,29,103,77,29,0,209,0,0,0,209
08/22/2005,MHT,NH,ANE,EN,Towers with Radar,115,105,0,0,220,0,0,94,0,94,115,105,94,0,314,36,0,36,350
08/23/2005,MHT,NH,ANE,EN,Towers with Radar,125,110,0,6,241,0,0,80,0,80,125,110,80,6,321,14,0,14,335
08/24/2005,MHT,NH,ANE,EN,Towers with Radar,120,114,0,12,246,0,0,54,2,56,120,114,54,14,302,4,0,4,306
08/25/2005,MHT,NH,ANE,EN,Towers with Radar,124,107,0,4,235,0,0,85,0,85,124,107,85,4,320,26,0,26,346
08/26/2005,MHT,NH,ANE,EN,Towers with Radar,128,109,0,0,237,0,2,97,0,99,128,111,97,0,336,44,0,44,380
08/27/2005,MHT,NH,ANE,EN,Towers with Radar,115,75,0,0,190,0,0,57,0,57,115,75,57,0,247,3,0,3,250
08/28/2005,MHT,NH,ANE,EN,Towers with Radar,101,70,0,1,172,0,0,50,0,50,101,70,50,1,222,22,0,22,244
08/29/2005,MHT,NH,ANE,EN,Towers with Radar,113,103,0,0,216,0,0,53,0,53,113,103,53,0,269,0,0,0,269
08/30/2005,MHT,NH,ANE,EN,Towers with Radar,121,106,0,2,229,0,0,40,0,40,121,106,40,2,269,0,0,0,269
08/31/2005,MHT,NH,ANE,EN,Towers with Radar,121,103,0,0,224,0,0,36,0,36,121,103,36,0,260,0,0,0,260
09/01/2005,MHT,NH,ANE,EN,Towers with Radar,127,105,32,2,266,0,0,47,0,47,127,105,79,2,313,28,0,28,341
09/02/2005,MHT,NH,ANE,EN,Towers with Radar,123,98,27,0,248,0,0,54,0,54,123,98,81,0,302,32,0,32,334
09/03/2005,MHT,NH,ANE,EN,Towers with Radar,107,55,17,0,179,0,0,50,0,50,107,55,67,0,229,32,0,32,261
09/04/2005,MHT,NH,ANE,EN,Towers with Radar,92,51,11,0,154,0,0,25,0,25,92,51,36,0,179,16,0,16,195
09/05/2005,MHT,NH,ANE,EN,Towers with Radar,96,76,17,0,189,1,0,44,0,45,97,76,61,0,234,44,0,44,278
09/06/2005,MHT,NH,ANE,EN,Towers with Radar,113,105,38,0,256,0,0,37,0,37,113,105,75,0,293,44,0,44,337
09/07/2005,MHT,NH,ANE,EN,Towers with Radar,129,105,38,4,276,0,1,41,0,42,129,106,79,4,318,38,0,38,356
09/08/2005,MHT,NH,ANE,EN,Towers with Radar,127,117,39,0,283,0,3,29,1,33,127,120,68,1,316,20,0,20,336
09/09/2005,MHT,NH,ANE,EN,Towers with Radar,122,103,30,0,255,0,1,51,3,55,122,104,81,3,310,36,0,36,346
09/10/2005,MHT,NH,ANE,EN,Towers with Radar,114,70,65,0,249,0,2,0,0,2,114,72,65,0,251,24,0,24,275
09/11/2005,MHT,NH,ANE,EN,Towers with Radar,107,58,12,0,177,0,0,56,0,56,107,58,68,0,233,58,0,58,291
09/12/2005,MHT,NH,ANE,EN,Towers with Radar,119,95,17,0,231,0,0,45,0,45,119,95,62,0,276,45,0,45,321
09/13/2005,MHT,NH,ANE,EN,Towers with Radar,126,103,33,0,262,0,4,36,0,40,126,107,69,0,302,26,0,26,328
09/14/2005,MHT,NH,ANE,EN,Towers with Radar,129,104,39,0,272,0,2,29,0,31,129,106,68,0,303,44,0,44,347
09/15/2005,MHT,NH,ANE,EN,Towers with Radar,132,93,36,0,261,0,0,4,0,4,132,93,40,0,265,0,0,0,265
09/16/2005,MHT,NH,ANE,EN,Towers with Radar,123,104,51,0,278,0,0,0,0,0,123,104,51,0,278,0,0,0,278
09/17/2005,MHT,NH,ANE,EN,Towers with Radar,106,64,39,0,209,0,0,1,0,1,106,64,40,0,210,2,0,2,212
09/18/2005,MHT,NH,ANE,EN,Towers with Radar,104,59,35,4,202,0,0,21,0,21,104,59,56,4,223,60,0,60,283
09/19/2005,MHT,NH,ANE,EN,Towers with Radar,117,94,35,0,246,0,0,49,6,55,117,94,84,6,301,40,0,40,341
09/20/2005,MHT,NH,ANE,EN,Towers with Radar,125,105,32,0,262,0,0,7,0,7,125,105,39,0,269,2,0,2,271
09/21/2005,MHT,NH,ANE,EN,Towers with Radar,127,105,16,0,248,0,0,74,0,74,127,105,90,0,322,56,0,56,378
09/22/2005,MHT,NH,ANE,EN,Towers with Radar,128,103,31,0,262,0,2,56,1,59,128,105,87,1,321,36,0,36,357
09/23/2005,MHT,NH,ANE,EN,Towers with Radar,122,88,21,0,231,0,0,38,0,38,122,88,59,0,269,2,0,2,271
09/24/2005,MHT,NH,ANE,EN,Towers with Radar,109,70,9,10,198,0,2,43,0,45,109,72,52,10,243,2,0,2,245
09/25/2005,MHT,NH,ANE,EN,Towers with Radar,100,61,27,0,188,0,0,46,0,46,100,61,73,0,234,28,0,28,262
09/26/2005,MHT,NH,ANE,EN,Towers with Radar,112,95,34,0,241,0,0,1,0,1,112,95,35,0,242,0,0,0,242
09/27/2005,MHT,NH,ANE,EN,Towers with Radar,120,102,28,0,250,0,0,35,0,35,120,102,63,0,285,74,0,74,359
09/28/2005,MHT,NH,ANE,EN,Towers with Radar,138,99,21,0,258,0,0,64,0,64,138,99,85,0,322,26,0,26,348
09/29/2005,MHT,NH,ANE,EN,Towers with Radar,125,99,30,0,254,0,0,4,0,4,125,99,34,0,258,4,0,4,262
09/30/2005,MHT,NH,ANE,EN,Towers with Radar,123,100,33,0,256,0,1,59,0,60,123,101,92,0,316,58,0,58,374
10/01/2005,MHT,NH,ANE,EN,Towers with Radar,109,71,38,0,218,0,2,50,2,54,109,73,88,2,272,72,0,72,344
10/02/2005,MHT,NH,ANE,EN,Towers with Radar,96,58,30,0,184,0,0,50,1,51,96,58,80,1,235,140,0,140,375
10/03/2005,MHT,NH,ANE,EN,Towers with Radar,128,93,31,6,258,0,0,45,0,45,128,93,76,6,303,30,0,30,333
10/04/2005,MHT,NH,ANE,EN,Towers with Radar,123,102,44,10,279,0,0,37,0,37,123,102,81,10,316,32,0,32,348
10/05/2005,MHT,NH,ANE,EN,Towers with Radar,129,96,26,0,251,0,1,32,0,33,129,97,58,0,284,48,0,48,332
10/06/2005,MHT,NH,ANE,EN,Towers with Radar,121,113,52,0,286,0,0,31,0,31,121,113,83,0,317,28,0,28,345
10/07/2005,MHT,NH,ANE,EN,Towers with Radar,121,87,42,0,250,0,0,7,0,7,121,87,49,0,257,4,0,4,261
10/08/2005,MHT,NH,ANE,EN,Towers with Radar,107,60,55,0,222,0,0,0,0,0,107,60,55,0,222,0,0,0,222
10/09/2005,MHT,NH,ANE,EN,Towers with Radar,97,60,72,0,229,0,0,0,0,0,97,60,72,0,229,0,0,0,229
10/10/2005,MHT,NH,ANE,EN,Towers with Radar,115,91,37,0,243,0,0,0,0,0,115,91,37,0,243,0,0,0,243
10/11/2005,MHT,NH,ANE,EN,Towers with Radar,126,117,54,0,297,0,0,0,0,0,126,117,54,0,297,0,0,0,297
10/12/2005,MHT,NH,ANE,EN,Towers with Radar,123,90,38,4,255,0,2,1,0,3,123,92,39,4,258,18,0,18,276
10/13/2005,MHT,NH,ANE,EN,Towers with Radar,126,99,29,0,254,0,0,0,0,0,126,99,29,0,254,0,0,0,254
10/14/2005,MHT,NH,ANE,EN,Towers with Radar,122,88,52,0,262,0,0,0,0,0,122,88,52,0,262,0,0,0,262
10/15/2005,MHT,NH,ANE,EN,Towers with Radar,121,69,13,0,203,0,0,0,0,0,121,69,13,0,203,0,0,0,203
10/16/2005,MHT,NH,ANE,EN,Towers with Radar,98,67,13,0,178,0,0,7,0,7,98,67,20,0,185,24,0,24,209
10/17/2005,MHT,NH,ANE,EN,Towers with Radar,111,100,31,0,242,0,4,10,0,14,111,104,41,0,256,28,0,28,284
10/18/2005,MHT,NH,ANE,EN,Towers with Radar,125,100,45,0,270,0,0,15,0,15,125,100,60,0,285,92,0,92,377
10/19/2005,MHT,NH,ANE,EN,Towers with Radar,127,109,36,0,272,0,1,42,0,43,127,110,78,0,315,78,0,78,393
10/20/2005,MHT,NH,ANE,EN,Towers with Radar,125,113,34,0,272,0,3,39,0,42,125,116,73,0,314,50,0,50,364
10/21/2005,MHT,NH,ANE,EN,Towers with Radar,122,97,28,0,247,0,0,58,0,58,122,97,86,0,305,60,0,60,365
10/22/2005,MHT,NH,ANE,EN,Towers with Radar,114,83,33,0,230,0,4,29,0,33,114,87,62,0,263,82,0,82,345
10/23/2005,MHT,NH,ANE,EN,Towers with Radar,99,62,49,0,210,0,0,0,0,0,99,62,49,0,210,0,0,0,210
10/24/2005,MHT,NH,ANE,EN,Towers with Radar,111,94,45,6,256,0,0,1,0,1,111,94,46,6,257,0,0,0,257
10/25/2005,MHT,NH,ANE,EN,Towers with Radar,119,89,11,0,219,0,0,0,0,0,119,89,11,0,219,0,0,0,219
10/26/2005,MHT,NH,ANE,EN,Towers with Radar,126,101,40,0,267,0,0,10,0,10,126,101,50,0,277,0,0,0,277
10/27/2005,MHT,NH,ANE,EN,Towers with Radar,128,112,31,2,273,0,0,31,0,31,128,112,62,2,304,18,0,18,322
10/28/2005,MHT,NH,ANE,EN,Towers with Radar,117,94,36,0,247,0,1,46,0,47,117,95,82,0,294,68,0,68,362
10/29/2005,MHT,NH,ANE,EN,Towers with Radar,113,63,32,0,208,0,0,15,0,15,113,63,47,0,223,18,0,18,241
10/30/2005,MHT,NH,ANE,EN,Towers with Radar,99,53,26,0,178,0,0,34,0,34,99,53,60,0,212,40,0,40,252
10/31/2005,MHT,NH,ANE,EN,Towers with Radar,113,102,23,0,238,0,0,41,0,41,113,102,64,0,279,43,0,43,322
11/01/2005,MHT,NH,ANE,EN,Towers with Radar,123,107,44,0,274,0,1,17,0,18,123,108,61,0,292,6,0,6,298
11/02/2005,MHT,NH,ANE,EN,Towers with Radar,122,87,48,12,269,0,0,25,0,25,122,87,73,12,294,62,0,62,356
11/03/2005,MHT,NH,ANE,EN,Towers with Radar,120,100,18,0,238,0,0,0,0,0,120,100,18,0,238,16,0,16,254
11/04/2005,MHT,NH,ANE,EN,Towers with Radar,111,95,47,1,254,0,20,12,0,32,111,115,59,1,286,18,0,18,304
11/05/2005,MHT,NH,ANE,EN,Towers with Radar,104,56,40,0,200,0,0,35,0,35,104,56,75,0,235,34,0,34,269
11/06/2005,MHT,NH,ANE,EN,Towers with Radar,95,57,32,0,184,0,0,0,0,0,95,57,32,0,184,0,0,0,184
11/07/2005,MHT,NH,ANE,EN,Towers with Radar,115,85,16,0,216,0,0,0,0,0,115,85,16,0,216,9,1,10,226
11/08/2005,MHT,NH,ANE,EN,Towers with Radar,124,101,31,6,262,0,0,46,0,46,124,101,77,6,308,10,0,10,318
11/09/2005,MHT,NH,ANE,EN,Towers with Radar,117,92,38,0,247,0,0,26,0,26,117,92,64,0,273,10,0,10,283
11/10/2005,MHT,NH,ANE,EN,Towers with Radar,122,103,47,0,272,0,0,17,0,17,122,103,64,0,289,50,12,62,351
11/11/2005,MHT,NH,ANE,EN,Towers with Radar,115,98,29,0,242,0,0,20,0,20,115,98,49,0,262,12,0,12,274
11/12/2005,MHT,NH,ANE,EN,Towers with Radar,100,58,6,0,164,0,0,33,0,33,100,58,39,0,197,54,0,54,251
11/13/2005,MHT,NH,ANE,EN,Towers with Radar,96,57,16,0,169,0,4,50,0,54,96,61,66,0,223,22,0,22,245
11/14/2005,MHT,NH,ANE,EN,Towers with Radar,114,93,19,1,227,0,0,36,1,37,114,93,55,2,264,30,0,30,294
11/15/2005,MHT,NH,ANE,EN,Towers with Radar,120,94,26,2,242,0,0,0,0,0,120,94,26,2,242,0,0,0,242
11/16/2005,MHT,NH,ANE,EN,Towers with Radar,120,86,28,0,234,0,0,1,0,1,120,86,29,0,235,0,0,0,235
11/17/2005,MHT,NH,ANE,EN,Towers with Radar,119,113,34,0,266,0,2,27,0,29,119,115,61,0,295,40,0,40,335
11/18/2005,MHT,NH,ANE,EN,Towers with Radar,115,97,27,0,239,0,3,39,4,46,115,100,66,4,285,58,0,58,343
11/19/2005,MHT,NH,ANE,EN,Towers with Radar,102,60,74,0,236,0,0,24,0,24,102,60,98,0,260,24,0,24,284
11/20/2005,MHT,NH,ANE,EN,Towers with Radar,99,55,20,0,174,0,0,40,0,40,99,55,60,0,214,68,0,68,282
11/21/2005,MHT,NH,ANE,EN,Towers with Radar,109,91,24,0,224,0,0,0,0,0,109,91,24,0,224,46,0,46,270
11/22/2005,MHT,NH,ANE,EN,Towers with Radar,125,97,27,0,249,0,0,0,0,0,125,97,27,0,249,0,0,0,249
11/23/2005,MHT,NH,ANE,EN,Towers with Radar,127,113,37,0,277,0,2,8,0,10,127,115,45,0,287,0,0,0,287
11/24/2005,MHT,NH,ANE,EN,Towers with Radar,81,52,3,0,136,0,0,0,0,0,81,52,3,0,136,0,0,0,136
11/25/2005,MHT,NH,ANE,EN,Towers with Radar,85,76,8,4,173,0,0,17,0,17,85,76,25,4,190,2,0,2,192
11/26/2005,MHT,NH,ANE,EN,Towers with Radar,98,58,18,0,174,0,0,8,0,8,98,58,26,0,182,0,0,0,182
11/27/2005,MHT,NH,ANE,EN,Towers with Radar,92,65,38,0,195,0,0,0,0,0,92,65,38,0,195,44,0,44,239
11/28/2005,MHT,NH,ANE,EN,Towers with Radar,88,57,8,0,153,0,0,0,0,0,88,57,8,0,153,0,0,0,153
11/29/2005,MHT,NH,ANE,EN,Towers with Radar,118,110,39,0,267,0,0,6,0,6,118,110,45,0,273,6,0,6,279
11/30/2005,MHT,NH,ANE,EN,Towers with Radar,123,105,24,2,254,0,0,0,0,0,123,105,24,2,254,0,0,0,254
12/01/2005,MHT,NH,ANE,EN,Towers with Radar,115,109,48,4,276,0,0,35,0,35,115,109,83,4,311,52,0,52,363
12/02/2005,MHT,NH,ANE,EN,Towers with Radar,118,95,27,3,243,0,0,16,0,16,118,95,43,3,259,8,0,8,267
12/03/2005,MHT,NH,ANE,EN,Towers with Radar,107,60,15,1,183,0,0,9,1,10,107,60,24,2,193,0,0,0,193
12/04/2005,MHT,NH,ANE,EN,Towers with Radar,95,56,11,0,162,0,0,10,0,10,95,56,21,0,172,0,0,0,172
12/05/2005,MHT,NH,ANE,EN,Towers with Radar,93,88,21,2,204,0,1,23,0,24,93,89,44,2,228,40,6,46,274
12/06/2005,MHT,NH,ANE,EN,Towers with Radar,117,107,33,0,257,0,0,7,0,7,117,107,40,0,264,28,0,28,292
12/07/2005,MHT,NH,ANE,EN,Towers with Radar,116,101,31,4,252,0,0,11,0,11,116,101,42,4,263,16,0,16,279
12/08/2005,MHT,NH,ANE,EN,Towers with Radar,106,106,27,0,239,0,0,41,0,41,106,106,68,0,280,56,0,56,336
12/09/2005,MHT,NH,ANE,EN,Towers with Radar,102,75,15,0,192,0,0,2,0,2,102,75,17,0,194,0,0,0,194
12/10/2005,MHT,NH,ANE,EN,Towers with Radar,102,59,14,0,175,0,2,19,0,21,102,61,33,0,196,30,0,30,226
12/11/2005,MHT,NH,ANE,EN,Towers with Radar,95,57,15,0,167,0,0,24,0,24,95,57,39,0,191,44,0,44,235
12/12/2005,MHT,NH,ANE,EN,Towers with Radar,108,96,34,2,240,0,3,19,0,22,108,99,53,2,262,6,0,6,268
12/13/2005,MHT,NH,ANE,EN,Towers with Radar,120,102,23,0,245,0,0,23,0,23,120,102,46,0,268,38,0,38,306
12/14/2005,MHT,NH,ANE,EN,Towers with Radar,119,112,42,6,279,0,2,16,0,18,119,114,58,6,297,10,0,10,307
12/15/2005,MHT,NH,ANE,EN,Towers with Radar,124,98,38,22,282,0,5,40,0,45,124,103,78,22,327,8,0,8,335
12/16/2005,MHT,NH,ANE,EN,Towers with Radar,121,91,13,0,225,0,0,1,0,1,121,91,14,0,226,0,0,0,226
12/17/2005,MHT,NH,ANE,EN,Towers with Radar,105,61,25,0,191,0,2,26,0,28,105,63,51,0,219,12,0,12,231
12/18/2005,MHT,NH,ANE,EN,Towers with Radar,103,58,11,0,172,0,3,17,0,20,103,61,28,0,192,64,0,64,256
12/19/2005,MHT,NH,ANE,EN,Towers with Radar,112,86,20,2,220,0,0,10,0,10,112,86,30,2,230,14,0,14,244
12/20/2005,MHT,NH,ANE,EN,Towers with Radar,123,100,35,0,258,0,0,22,2,24,123,100,57,2,282,26,0,26,308
12/21/2005,MHT,NH,ANE,EN,Towers with Radar,122,109,21,0,252,0,2,12,0,14,122,111,33,0,266,2,0,2,268
12/22/2005,MHT,NH,ANE,EN,Towers with Radar,127,107,21,0,255,0,0,29,0,29,127,107,50,0,284,28,0,28,312
12/23/2005,MHT,NH,ANE,EN,Towers with Radar,132,95,21,0,248,0,0,14,0,14,132,95,35,0,262,4,0,4,266
12/24/2005,MHT,NH,ANE,EN,Towers with Radar,110,63,15,0,188,0,2,22,0,24,110,65,37,0,212,30,0,30,242
12/25/2005,MHT,NH,ANE,EN,Towers with Radar,88,52,10,0,150,0,0,0,0,0,88,52,10,0,150,0,0,0,150
12/26/2005,MHT,NH,ANE,EN,Towers with Radar,110,67,25,0,202,0,0,0,0,0,110,67,25,0,202,0,0,0,202
12/27/2005,MHT,NH,ANE,EN,Towers with Radar,112,97,30,0,239,0,3,7,1,11,112,100,37,1,250,6,0,6,256
12/28/2005,MHT,NH,ANE,EN,Towers with Radar,111,89,37,0,237,0,0,25,0,25,111,89,62,0,262,12,0,12,274
12/29/2005,MHT,NH,ANE,EN,Towers with Radar,119,67,22,0,208,0,0,1,0,1,119,67,23,0,209,0,0,0,209
12/30/2005,MHT,NH,ANE,EN,Towers with Radar,121,86,28,0,235,0,0,13,0,13,121,86,41,0,248,4,0,4,252
12/31/2005,MHT,NH,ANE,EN,Towers with Radar,106,55,16,1,178,0,0,18,0,18,106,55,34,1,196,8,0,8,204
01/01/2006,MHT,NH,ANE,EN,Towers with Radar,90,49,18,0,157,0,0,0,0,0,90,49,18,0,157,0,0,0,157
01/02/2006,MHT,NH,ANE,EN,Towers with Radar,103,65,30,0,198,0,0,17,0,17,103,65,47,0,215,36,0,36,251
01/03/2006,MHT,NH,ANE,EN,Towers with Radar,109,78,10,1,198,0,0,0,0,0,109,78,10,1,198,0,0,0,198
01/04/2006,MHT,NH,ANE,EN,Towers with Radar,120,88,33,5,246,0,0,14,1,15,120,88,47,6,261,10,0,10,271
01/05/2006,MHT,NH,ANE,EN,Towers with Radar,110,74,12,0,196,0,0,1,0,1,110,74,13,0,197,0,0,0,197
01/06/2006,MHT,NH,ANE,EN,Towers with Radar,107,80,32,0,219,0,0,1,0,1,107,80,33,0,220,0,0,0,220
01/07/2006,MHT,NH,ANE,EN,Towers with Radar,98,47,35,0,180,0,0,30,0,30,98,47,65,0,210,25,0,25,235
01/08/2006,MHT,NH,ANE,EN,Towers with Radar,92,54,18,0,164,0,0,2,0,2,92,54,20,0,166,0,0,0,166
01/09/2006,MHT,NH,ANE,EN,Towers with Radar,98,86,25,3,212,0,0,0,0,0,98,86,25,3,212,0,0,0,212
01/10/2006,MHT,NH,ANE,EN,Towers with Radar,116,89,32,5,242,0,3,52,0,55,116,92,84,5,297,36,0,36,333
01/11/2006,MHT,NH,ANE,EN,Towers with Radar,109,74,26,1,210,0,0,4,0,4,109,74,30,1,214,10,0,10,224
01/12/2006,MHT,NH,ANE,EN,Towers with Radar,115,90,23,2,230,0,3,41,1,45,115,93,64,3,275,18,0,18,293
01/13/2006,MHT,NH,ANE,EN,Towers with Radar,108,68,41,0,217,0,1,30,0,31,108,69,71,0,248,36,0,36,284
01/14/2006,MHT,NH,ANE,EN,Towers with Radar,94,54,16,0,164,0,0,0,0,0,94,54,16,0,164,0,0,0,164
01/15/2006,MHT,NH,ANE,EN,Towers with Radar,79,51,9,0,139,0,0,1,0,1,79,51,10,0,140,0,0,0,140
01/16/2006,MHT,NH,ANE,EN,Towers with Radar,99,88,20,0,207,0,0,7,0,7,99,88,27,0,214,0,0,0,214
01/17/2006,MHT,NH,ANE,EN,Towers with Radar,111,97,37,0,245,0,0,16,0,16,111,97,53,0,261,20,0,20,281
01/18/2006,MHT,NH,ANE,EN,Towers with Radar,114,79,18,0,211,0,0,0,0,0,114,79,18,0,211,1,0,1,212
01/19/2006,MHT,NH,ANE,EN,Towers with Radar,108,83,25,2,218,0,1,29,0,30,108,84,54,2,248,16,0,16,264
01/20/2006,MHT,NH,ANE,EN,Towers with Radar,104,85,35,0,224,0,0,42,0,42,104,85,77,0,266,34,0,34,300
01/21/2006,MHT,NH,ANE,EN,Towers with Radar,92,49,16,3,160,0,0,19,3,22,92,49,35,6,182,12,0,12,194
01/22/2006,MHT,NH,ANE,EN,Towers with Radar,78,49,18,0,145,0,0,37,0,37,78,49,55,0,182,9,0,9,191
01/23/2006,MHT,NH,ANE,EN,Towers with Radar,87,70,11,0,168,0,0,0,0,0,87,70,11,0,168,0,0,0,168
01/24/2006,MHT,NH,ANE,EN,Towers with Radar,112,98,32,4,246,0,0,31,1,32,112,98,63,5,278,6,0,6,284
01/25/2006,MHT,NH,ANE,EN,Towers with Radar,109,94,19,0,222,0,0,8,0,8,109,94,27,0,230,0,0,0,230
01/26/2006,MHT,NH,ANE,EN,Towers with Radar,109,104,17,3,233,0,0,0,0,0,109,104,17,3,233,36,0,36,269
01/27/2006,MHT,NH,ANE,EN,Towers with Radar,110,84,35,0,229,0,1,37,0,38,110,85,72,0,267,32,0,32,299
01/28/2006,MHT,NH,ANE,EN,Towers with Radar,91,50,24,0,165,0,0,43,0,43,91,50,67,0,208,56,0,56,264
01/29/2006,MHT,NH,ANE,EN,Towers with Radar,85,48,33,0,166,0,0,9,0,9,85,48,42,0,175,22,0,22,197
01/30/2006,MHT,NH,ANE,EN,Towers with Radar,100,86,12,0,198,0,0,0,0,0,100,86,12,0,198,0,0,0,198
01/31/2006,MHT,NH,ANE,EN,Towers with Radar,105,93,18,0,216,0,0,0,0,0,105,93,18,0,216,0,0,0,216
02/01/2006,MHT,NH,ANE,EN,Towers with Radar,110,103,61,0,274,0,0,15,0,15,110,103,76,0,289,24,0,24,313
02/02/2006,MHT,NH,ANE,EN,Towers with Radar,104,99,40,0,243,0,1,29,0,30,104,100,69,0,273,8,0,8,281
02/03/2006,MHT,NH,ANE,EN,Towers with Radar,99,83,28,4,214,0,0,0,0,0,99,83,28,4,214,0,0,0,214
02/04/2006,MHT,NH,ANE,EN,Towers with Radar,91,58,16,4,169,0,0,36,2,38,91,58,52,6,207,28,0,28,235
02/05/2006,MHT,NH,ANE,EN,Towers with Radar,78,53,22,0,153,0,0,3,0,3,78,53,25,0,156,0,0,0,156
02/06/2006,MHT,NH,ANE,EN,Towers with Radar,91,90,25,0,206,0,0,11,0,11,91,90,36,0,217,18,0,18,235
02/07/2006,MHT,NH,ANE,EN,Towers with Radar,97,115,12,2,226,0,0,4,0,4,97,115,16,2,230,4,0,4,234
02/08/2006,MHT,NH,ANE,EN,Towers with Radar,96,98,37,13,244,0,0,32,0,32,96,98,69,13,276,6,0,6,282
02/09/2006,MHT,NH,ANE,EN,Towers with Radar,100,101,50,3,254,0,0,0,0,0,100,101,50,3,254,10,0,10,264
02/10/2006,MHT,NH,ANE,EN,Towers with Radar,99,88,35,0,222,0,0,27,0,27,99,88,62,0,249,46,0,46,295
02/11/2006,MHT,NH,ANE,EN,Towers with Radar,85,47,22,1,155,0,0,43,0,43,85,47,65,1,198,60,0,60,258
02/12/2006,MHT,NH,ANE,EN,Towers with Radar,54,15,6,0,75,0,0,0,0,0,54,15,6,0,75,0,0,0,75
02/13/2006,MHT,NH,ANE,EN,Towers with Radar,94,93,29,3,219,0,0,0,2,2,94,93,29,5,221,10,0,10,231
02/14/2006,MHT,NH,ANE,EN,Towers with Radar,103,97,25,1,226,0,0,22,0,22,103,97,47,1,248,14,0,14,262
02/15/2006,MHT,NH,ANE,EN,Towers with Radar,99,98,20,2,219,0,2,28,0,30,99,100,48,2,249,6,0,6,255
02/16/2006,MHT,NH,ANE,EN,Towers with Radar,100,101,42,2,245,0,4,47,0,51,100,105,89,2,296,16,0,16,312
02/17/2006,MHT,NH,ANE,EN,Towers with Radar,108,103,12,0,223,0,0,2,0,2,108,103,14,0,225,0,0,0,225
02/18/2006,MHT,NH,ANE,EN,Towers with Radar,87,62,27,2,178,0,0,4,0,4,87,62,31,2,182,4,0,4,186
02/19/2006,MHT,NH,ANE,EN,Towers with Radar,78,63,23,2,166,0,0,19,0,19,78,63,42,2,185,0,0,0,185
02/20/2006,MHT,NH,ANE,EN,Towers with Radar,96,85,19,1,201,0,1,35,0,36,96,86,54,1,237,6,0,6,243
02/21/2006,MHT,NH,ANE,EN,Towers with Radar,100,102,34,0,236,0,0,20,0,20,100,102,54,0,256,20,0,20,276
02/22/2006,MHT,NH,ANE,EN,Towers with Radar,90,93,28,11,222,0,0,29,3,32,90,93,57,14,254,10,0,10,264
02/23/2006,MHT,NH,ANE,EN,Towers with Radar,107,96,22,2,227,0,0,7,0,7,107,96,29,2,234,12,0,12,246
02/24/2006,MHT,NH,ANE,EN,Towers with Radar,109,87,12,2,210,0,0,3,0,3,109,87,15,2,213,0,0,0,213
02/25/2006,MHT,NH,ANE,EN,Towers with Radar,90,67,19,2,178,0,0,12,0,12,90,67,31,2,190,6,0,6,196
02/26/2006,MHT,NH,ANE,EN,Towers with Radar,74,53,19,2,148,0,0,18,0,18,74,53,37,2,166,16,0,16,182
02/27/2006,MHT,NH,ANE,EN,Towers with Radar,99,87,23,0,209,0,0,13,0,13,99,87,36,0,222,0,0,0,222
02/28/2006,MHT,NH,ANE,EN,Towers with Radar,100,98,32,3,233,0,0,15,0,15,100,98,47,3,248,28,0,28,276
03/01/2006,MHT,NH,ANE,EN,Towers with Radar,102,95,35,8,240,0,0,23,0,23,102,95,58,8,263,14,4,18,281
03/02/2006,MHT,NH,ANE,EN,Towers with Radar,105,85,23,1,214,0,0,16,0,16,105,85,39,1,230,28,0,28,258
03/03/2006,MHT,NH,ANE,EN,Towers with Radar,108,90,25,0,223,0,0,19,0,19,108,90,44,0,242,0,0,0,242
03/04/2006,MHT,NH,ANE,EN,Towers with Radar,85,70,9,0,164,0,0,14,0,14,85,70,23,0,178,6,0,6,184
03/05/2006,MHT,NH,ANE,EN,Towers with Radar,79,68,19,0,166,0,0,31,0,31,79,68,50,0,197,24,0,24,221
03/06/2006,MHT,NH,ANE,EN,Towers with Radar,92,92,18,0,202,0,0,13,0,13,92,92,31,0,215,4,0,4,219
03/07/2006,MHT,NH,ANE,EN,Towers with Radar,102,100,34,0,236,0,0,25,0,25,102,100,59,0,261,10,0,10,271
03/08/2006,MHT,NH,ANE,EN,Towers with Radar,113,104,20,10,247,0,3,38,0,41,113,107,58,10,288,62,0,62,350
03/09/2006,MHT,NH,ANE,EN,Towers with Radar,101,110,41,0,252,0,0,4,0,4,101,110,45,0,256,0,0,0,256
03/10/2006,MHT,NH,ANE,EN,Towers with Radar,98,103,24,0,225,0,0,8,1,9,98,103,32,1,234,16,0,16,250
03/11/2006,MHT,NH,ANE,EN,Towers with Radar,82,64,16,0,162,0,0,34,0,34,82,64,50,0,196,4,0,4,200
03/12/2006,MHT,NH,ANE,EN,Towers with Radar,77,62,26,0,165,0,0,27,0,27,77,62,53,0,192,44,0,44,236
03/13/2006,MHT,NH,ANE,EN,Towers with Radar,90,94,34,0,218,0,0,4,4,8,90,94,38,4,226,8,0,8,234
03/14/2006,MHT,NH,ANE,EN,Towers with Radar,107,93,39,0,239,0,0,0,0,0,107,93,39,0,239,4,0,4,243
03/15/2006,MHT,NH,ANE,EN,Towers with Radar,102,102,18,0,222,0,0,8,0,8,102,102,26,0,230,0,0,0,230
03/16/2006,MHT,NH,ANE,EN,Towers with Radar,104,103,16,0,223,0,0,20,0,20,104,103,36,0,243,4,0,4,247
03/17/2006,MHT,NH,ANE,EN,Towers with Radar,102,94,19,0,215,0,6,25,0,31,102,100,44,0,246,10,0,10,256
03/18/2006,MHT,NH,ANE,EN,Towers with Radar,83,68,11,7,169,0,0,16,0,16,83,68,27,7,185,4,0,4,189
03/19/2006,MHT,NH,ANE,EN,Towers with Radar,87,62,15,0,164,0,1,31,0,32,87,63,46,0,196,18,0,18,214
03/20/2006,MHT,NH,ANE,EN,Towers with Radar,95,95,26,0,216,0,0,17,0,17,95,95,43,0,233,22,0,22,255
03/21/2006,MHT,NH,ANE,EN,Towers with Radar,106,99,28,0,233,0,0,20,0,20,106,99,48,0,253,30,0,30,283
03/22/2006,MHT,NH,ANE,EN,Towers with Radar,108,108,41,6,263,0,0,30,0,30,108,108,71,6,293,12,0,12,305
03/23/2006,MHT,NH,ANE,EN,Towers with Radar,104,110,29,0,243,0,1,23,8,32,104,111,52,8,275,24,0,24,299
03/24/2006,MHT,NH,ANE,EN,Towers with Radar,99,94,20,0,213,0,0,10,0,10,99,94,30,0,223,12,0,12,235
03/25/2006,MHT,NH,ANE,EN,Towers with Radar,86,63,22,0,171,0,1,16,0,17,86,64,38,0,188,24,0,24,212
03/26/2006,MHT,NH,ANE,EN,Towers with Radar,78,69,31,0,178,0,0,14,0,14,78,69,45,0,192,10,0,10,202
03/27/2006,MHT,NH,ANE,EN,Towers with Radar,96,93,30,2,221,0,0,44,1,45,96,93,74,3,266,30,0,30,296
03/28/2006,MHT,NH,ANE,EN,Towers with Radar,107,95,33,5,240,0,1,44,0,45,107,96,77,5,285,40,0,40,325
03/29/2006,MHT,NH,ANE,EN,Towers with Radar,105,108,45,4,262,0,0,51,0,51,105,108,96,4,313,18,0,18,331
03/30/2006,MHT,NH,ANE,EN,Towers with Radar,107,104,21,0,232,0,2,59,2,63,107,106,80,2,295,36,0,36,331
03/31/2006,MHT,NH,ANE,EN,Towers with Radar,95,88,37,0,220,0,0,31,0,31,95,88,68,0,251,26,0,26,277
04/01/2006,MHT,NH,ANE,EN,Towers with Radar,88,69,16,1,174,0,2,15,0,17,88,71,31,1,191,40,0,40,231
04/02/2006,MHT,NH,ANE,EN,Towers with Radar,79,64,14,3,160,0,0,17,0,17,79,64,31,3,177,6,0,6,183
04/03/2006,MHT,NH,ANE,EN,Towers with Radar,92,90,33,6,221,0,0,0,0,0,92,90,33,6,221,4,0,4,225
04/04/2006,MHT,NH,ANE,EN,Towers with Radar,112,94,11,0,217,0,0,0,0,0,112,94,11,0,217,0,0,0,217
04/05/2006,MHT,NH,ANE,EN,Towers with Radar,109,90,27,10,236,0,0,0,0,0,109,90,27,10,236,0,0,0,236
04/06/2006,MHT,NH,ANE,EN,Towers with Radar,108,100,37,0,245,0,0,22,0,22,108,100,59,0,267,2,0,2,269
04/07/2006,MHT,NH,ANE,EN,Towers with Radar,101,92,36,1,230,0,0,12,7,19,101,92,48,8,249,10,0,10,259
04/08/2006,MHT,NH,ANE,EN,Towers with Radar,90,66,21,0,177,0,0,11,0,11,90,66,32,0,188,16,0,16,204
04/09/2006,MHT,NH,ANE,EN,Towers with Radar,85,61,26,0,172,0,0,54,0,54,85,61,80,0,226,54,0,54,280
04/10/2006,MHT,NH,ANE,EN,Towers with Radar,84,98,31,0,213,0,0,18,0,18,84,98,49,0,231,24,0,24,255
04/11/2006,MHT,NH,ANE,EN,Towers with Radar,105,94,31,1,231,0,0,34,0,34,105,94,65,1,265,16,0,16,281
04/12/2006,MHT,NH,ANE,EN,Towers with Radar,105,104,37,4,250,0,0,41,1,42,105,104,78,5,292,20,0,20,312
04/13/2006,MHT,NH,ANE,EN,Towers with Radar,104,102,35,6,247,0,0,5,2,7,104,102,40,8,254,5,2,7,261
04/14/2006,MHT,NH,ANE,EN,Towers with Radar,102,89,20,0,211,0,2,25,0,27,102,91,45,0,238,28,0,28,266
04/15/2006,MHT,NH,ANE,EN,Towers with Radar,96,68,11,0,175,0,1,4,0,5,96,69,15,0,180,2,0,2,182
04/16/2006,MHT,NH,ANE,EN,Towers with Radar,82,57,18,0,157,0,0,8,0,8,82,57,26,0,165,2,0,2,167
04/17/2006,MHT,NH,ANE,EN,Towers with Radar,94,88,49,0,231,0,0,17,0,17,94,88,66,0,248,18,0,18,266
04/18/2006,MHT,NH,ANE,EN,Towers with Radar,110,100,26,0,236,0,0,14,0,14,110,100,40,0,250,2,0,2,252
04/19/2006,MHT,NH,ANE,EN,Towers with Radar,106,96,19,0,221,0,0,43,0,43,106,96,62,0,264,42,0,42,306
04/20/2006,MHT,NH,ANE,EN,Towers with Radar,102,101,33,0,236,0,0,46,0,46,102,101,79,0,282,18,0,18,300
04/21/2006,MHT,NH,ANE,EN,Towers with Radar,102,92,22,0,216,0,4,22,0,26,102,96,44,0,242,50,0,50,292
04/22/2006,MHT,NH,ANE,EN,Towers with Radar,93,71,12,0,176,0,1,9,0,10,93,72,21,0,186,26,0,26,212
04/23/2006,MHT,NH,ANE,EN,Towers with Radar,93,63,17,0,173,0,0,5,0,5,93,63,22,0,178,4,0,4,182
04/24/2006,MHT,NH,ANE,EN,Towers with Radar,87,79,17,0,183,0,0,0,0,0,87,79,17,0,183,2,0,2,185
04/25/2006,MHT,NH,ANE,EN,Towers with Radar,0,0,19,0,19,105,102,3,0,210,105,102,22,0,229,2,0,2,231
04/26/2006,MHT,NH,ANE,EN,Towers with Radar,107,96,32,0,235,0,0,32,0,32,107,96,64,0,267,20,0,20,287
04/27/2006,MHT,NH,ANE,EN,Towers with Radar,103,105,20,13,241,0,0,30,1,31,103,105,50,14,272,38,0,38,310
04/28/2006,MHT,NH,ANE,EN,Towers with Radar,100,100,25,0,225,0,0,37,0,37,100,100,62,0,262,60,0,60,322
04/29/2006,MHT,NH,ANE,EN,Towers with Radar,96,63,7,0,166,0,0,31,0,31,96,63,38,0,197,38,0,38,235
04/30/2006,MHT,NH,ANE,EN,Towers with Radar,78,64,15,0,157,0,0,47,0,47,78,64,62,0,204,16,0,16,220
05/01/2006,MHT,NH,ANE,EN,Towers with Radar,100,96,12,1,209,0,0,36,3,39,100,96,48,4,248,10,0,10,258
05/02/2006,MHT,NH,ANE,EN,Towers with Radar,103,92,31,6,232,0,0,0,0,0,103,92,31,6,232,0,0,0,232
05/03/2006,MHT,NH,ANE,EN,Towers with Radar,116,94,21,0,231,0,0,0,0,0,116,94,21,0,231,0,0,0,231
05/04/2006,MHT,NH,ANE,EN,Towers with Radar,116,96,35,0,247,0,0,34,0,34,116,96,69,0,281,16,0,16,297
05/05/2006,MHT,NH,ANE,EN,Towers with Radar,119,86,15,0,220,0,0,39,0,39,119,86,54,0,259,16,0,16,275
05/06/2006,MHT,NH,ANE,EN,Towers with Radar,107,47,29,0,183,0,0,32,0,32,107,47,61,0,215,14,0,14,229
05/07/2006,MHT,NH,ANE,EN,Towers with Radar,89,53,17,0,159,0,0,51,0,51,89,53,68,0,210,54,0,54,264
05/08/2006,MHT,NH,ANE,EN,Towers with Radar,105,83,26,0,214,0,0,28,0,28,105,83,54,0,242,18,0,18,260
05/09/2006,MHT,NH,ANE,EN,Towers with Radar,115,84,34,2,235,0,0,9,2,11,115,84,43,4,246,8,0,8,254
05/10/2006,MHT,NH,ANE,EN,Towers with Radar,118,94,48,0,260,0,0,0,0,0,118,94,48,0,260,0,0,0,260
05/11/2006,MHT,NH,ANE,EN,Towers with Radar,111,85,38,0,234,0,0,0,0,0,111,85,38,0,234,2,0,2,236
05/12/2006,MHT,NH,ANE,EN,Towers with Radar,122,95,33,0,250,0,0,0,0,0,122,95,33,0,250,0,0,0,250
05/13/2006,MHT,NH,ANE,EN,Towers with Radar,115,55,16,0,186,0,0,0,0,0,115,55,16,0,186,0,0,0,186
05/14/2006,MHT,NH,ANE,EN,Towers with Radar,112,74,20,1,207,0,0,0,0,0,112,74,20,1,207,0,0,0,207
05/15/2006,MHT,NH,ANE,EN,Towers with Radar,111,81,35,0,227,0,0,0,0,0,111,81,35,0,227,0,0,0,227
05/16/2006,MHT,NH,ANE,EN,Towers with Radar,114,91,23,0,228,0,0,0,0,0,114,91,23,0,228,0,0,0,228
05/17/2006,MHT,NH,ANE,EN,Towers with Radar,115,82,37,0,234,0,1,34,0,35,115,83,71,0,269,4,0,4,273
05/18/2006,MHT,NH,ANE,EN,Towers with Radar,118,93,32,6,249,0,0,22,0,22,118,93,54,6,271,34,0,34,305
05/19/2006,MHT,NH,ANE,EN,Towers with Radar,115,72,22,0,209,0,0,2,0,2,115,72,24,0,211,12,0,12,223
05/20/2006,MHT,NH,ANE,EN,Towers with Radar,116,49,27,0,192,0,0,16,0,16,116,49,43,0,208,10,0,10,218
05/21/2006,MHT,NH,ANE,EN,Towers with Radar,103,54,30,0,187,0,1,27,0,28,103,55,57,0,215,8,0,8,223
05/22/2006,MHT,NH,ANE,EN,Towers with Radar,104,94,32,0,230,0,0,10,0,10,104,94,42,0,240,6,0,6,246
05/23/2006,MHT,NH,ANE,EN,Towers with Radar,111,90,42,2,245,0,0,29,0,29,111,90,71,2,274,34,0,34,308
05/24/2006,MHT,NH,ANE,EN,Towers with Radar,112,87,48,2,249,0,0,29,2,31,112,87,77,4,280,74,0,74,354
05/25/2006,MHT,NH,ANE,EN,Towers with Radar,118,81,34,8,241,0,0,0,0,0,118,81,34,8,241,50,0,50,291
05/26/2006,MHT,NH,ANE,EN,Towers with Radar,111,70,49,0,230,0,2,26,0,28,111,72,75,0,258,14,0,14,272
05/27/2006,MHT,NH,ANE,EN,Towers with Radar,111,55,40,0,206,0,0,16,1,17,111,55,56,1,223,8,0,8,231
05/28/2006,MHT,NH,ANE,EN,Towers with Radar,87,47,13,0,147,0,0,20,0,20,87,47,33,0,167,22,0,22,189
05/29/2006,MHT,NH,ANE,EN,Towers with Radar,86,57,30,0,173,0,0,33,0,33,86,57,63,0,206,6,0,6,212
05/30/2006,MHT,NH,ANE,EN,Towers with Radar,104,86,22,9,221,0,0,30,0,30,104,86,52,9,251,10,0,10,261
05/31/2006,MHT,NH,ANE,EN,Towers with Radar,110,96,39,10,255,0,0,17,0,17,110,96,56,10,272,0,0,0,272
06/01/2006,MHT,NH,ANE,EN,Towers with Radar,107,86,27,0,220,0,0,14,0,14,107,86,41,0,234,20,0,20,254
06/02/2006,MHT,NH,ANE,EN,Towers with Radar,120,76,39,0,235,0,0,0,0,0,120,76,39,0,235,0,0,0,235
06/03/2006,MHT,NH,ANE,EN,Towers with Radar,111,55,24,4,194,0,0,0,0,0,111,55,24,4,194,0,0,0,194
06/04/2006,MHT,NH,ANE,EN,Towers with Radar,88,49,27,2,166,0,0,0,0,0,88,49,27,2,166,0,0,0,166
06/05/2006,MHT,NH,ANE,EN,Towers with Radar,112,71,33,18,234,0,0,18,1,19,112,71,51,19,253,32,0,32,285
06/06/2006,MHT,NH,ANE,EN,Towers with Radar,117,92,39,2,250,0,0,54,1,55,117,92,93,3,305,40,4,44,349
06/07/2006,MHT,NH,ANE,EN,Towers with Radar,120,91,29,0,240,0,0,1,0,1,120,91,30,0,241,4,0,4,245
06/08/2006,MHT,NH,ANE,EN,Towers with Radar,119,99,26,12,256,0,0,2,0,2,119,99,28,12,258,0,0,0,258
06/09/2006,MHT,NH,ANE,EN,Towers with Radar,114,80,44,4,242,0,0,4,0,4,114,80,48,4,246,0,0,0,246
06/10/2006,MHT,NH,ANE,EN,Towers with Radar,115,47,28,0,190,0,0,0,0,0,115,47,28,0,190,0,0,0,190
06/11/2006,MHT,NH,ANE,EN,Towers with Radar,93,56,23,0,172,0,0,17,0,17,93,56,40,0,189,12,0,12,201
06/12/2006,MHT,NH,ANE,EN,Towers with Radar,90,80,66,2,238,0,0,0,0,0,90,80,66,2,238,44,0,44,282
06/13/2006,MHT,NH,ANE,EN,Towers with Radar,114,97,27,0,238,0,0,27,0,27,114,97,54,0,265,28,0,28,293
06/14/2006,MHT,NH,ANE,EN,Towers with Radar,114,89,37,0,240,0,0,27,0,27,114,89,64,0,267,2,0,2,269
06/15/2006,MHT,NH,ANE,EN,Towers with Radar,118,90,39,0,247,0,0,29,0,29,118,90,68,0,276,4,0,4,280
06/16/2006,MHT,NH,ANE,EN,Towers with Radar,114,73,18,4,209,0,0,41,0,41,114,73,59,4,250,16,0,16,266
06/17/2006,MHT,NH,ANE,EN,Towers with Radar,115,49,9,0,173,0,0,20,0,20,115,49,29,0,193,5,0,5,198
06/18/2006,MHT,NH,ANE,EN,Towers with Radar,98,53,27,0,178,0,0,37,0,37,98,53,64,0,215,0,0,0,215
06/19/2006,MHT,NH,ANE,EN,Towers with Radar,100,73,41,0,214,0,0,21,0,21,100,73,62,0,235,0,0,0,235
06/20/2006,MHT,NH,ANE,EN,Towers with Radar,119,95,43,4,261,0,0,25,0,25,119,95,68,4,286,16,0,16,302
06/21/2006,MHT,NH,ANE,EN,Towers with Radar,117,91,46,9,263,0,0,62,0,62,117,91,108,9,325,36,0,36,361
06/22/2006,MHT,NH,ANE,EN,Towers with Radar,116,96,46,4,262,0,0,0,0,0,116,96,46,4,262,27,0,27,289
06/23/2006,MHT,NH,ANE,EN,Towers with Radar,113,80,37,0,230,0,0,1,0,1,113,80,38,0,231,0,0,0,231
06/24/2006,MHT,NH,ANE,EN,Towers with Radar,107,53,34,0,194,0,0,0,0,0,107,53,34,0,194,0,0,0,194
06/25/2006,MHT,NH,ANE,EN,Towers with Radar,94,51,29,0,174,0,0,0,0,0,94,51,29,0,174,2,0,2,176
06/26/2006,MHT,NH,ANE,EN,Towers with Radar,100,78,35,2,215,0,0,1,0,1,100,78,36,2,216,0,0,0,216
06/27/2006,MHT,NH,ANE,EN,Towers with Radar,116,93,37,0,246,0,0,26,0,26,116,93,63,0,272,28,0,28,300
06/28/2006,MHT,NH,ANE,EN,Towers with Radar,126,88,45,0,259,0,0,3,0,3,126,88,48,0,262,0,0,0,262
06/29/2006,MHT,NH,ANE,EN,Towers with Radar,120,78,46,0,244,0,0,0,0,0,120,78,46,0,244,0,0,0,244
06/30/2006,MHT,NH,ANE,EN,Towers with Radar,97,69,26,0,192,0,1,20,0,21,97,70,46,0,213,0,0,0,213
07/01/2006,MHT,NH,ANE,EN,Towers with Radar,113,49,26,0,188,0,0,52,0,52,113,49,78,0,240,26,0,26,266
07/02/2006,MHT,NH,ANE,EN,Towers with Radar,97,44,14,0,155,0,0,17,0,17,97,44,31,0,172,0,0,0,172
07/03/2006,MHT,NH,ANE,EN,Towers with Radar,88,70,26,0,184,0,0,26,0,26,88,70,52,0,210,2,0,2,212
07/04/2006,MHT,NH,ANE,EN,Towers with Radar,95,51,18,0,164,0,0,5,0,5,95,51,23,0,169,0,0,0,169
07/05/2006,MHT,NH,ANE,EN,Towers with Radar,100,87,49,1,237,0,0,15,0,15,100,87,64,1,252,0,0,0,252
07/06/2006,MHT,NH,ANE,EN,Towers with Radar,119,89,35,1,244,0,5,24,1,30,119,94,59,2,274,54,0,54,328
07/07/2006,MHT,NH,ANE,EN,Towers with Radar,117,79,23,0,219,0,3,59,0,62,117,82,82,0,281,22,0,22,303
07/08/2006,MHT,NH,ANE,EN,Towers with Radar,107,48,34,0,189,0,0,0,0,0,107,48,34,0,189,16,0,16,205
07/09/2006,MHT,NH,ANE,EN,Towers with Radar,97,54,24,2,177,0,0,45,0,45,97,54,69,2,222,44,0,44,266
07/10/2006,MHT,NH,ANE,EN,Towers with Radar,107,81,49,4,241,0,0,32,0,32,107,81,81,4,273,2,0,2,275
07/11/2006,MHT,NH,ANE,EN,Towers with Radar,120,85,31,0,236,0,0,12,0,12,120,85,43,0,248,4,0,4,252
07/12/2006,MHT,NH,ANE,EN,Towers with Radar,116,85,45,8,254,0,0,17,0,17,116,85,62,8,271,10,0,10,281
07/13/2006,MHT,NH,ANE,EN,Towers with Radar,115,87,49,2,253,0,2,17,0,19,115,89,66,2,272,16,0,16,288
07/14/2006,MHT,NH,ANE,EN,Towers with Radar,120,80,28,1,229,0,0,55,1,56,120,80,83,2,285,62,0,62,347
07/15/2006,MHT,NH,ANE,EN,Towers with Radar,108,48,25,0,181,0,0,23,0,23,108,48,48,0,204,2,0,2,206
07/16/2006,MHT,NH,ANE,EN,Towers with Radar,100,55,22,0,177,0,0,39,0,39,100,55,61,0,216,10,0,10,226
07/17/2006,MHT,NH,ANE,EN,Towers with Radar,110,81,47,4,242,0,0,31,0,31,110,81,78,4,273,0,0,0,273
07/18/2006,MHT,NH,ANE,EN,Towers with Radar,104,86,34,6,230,80,0,26,0,106,184,86,60,6,336,12,0,12,348
07/19/2006,MHT,NH,ANE,EN,Towers with Radar,124,86,40,0,250,0,0,43,0,43,124,86,83,0,293,18,0,18,311
07/20/2006,MHT,NH,ANE,EN,Towers with Radar,123,97,46,0,266,0,0,39,0,39,123,97,85,0,305,20,0,20,325
07/21/2006,MHT,NH,ANE,EN,Towers with Radar,129,78,34,1,242,0,0,1,0,1,129,78,35,1,243,0,0,0,243
07/22/2006,MHT,NH,ANE,EN,Towers with Radar,120,47,26,0,193,0,0,0,0,0,120,47,26,0,193,0,0,0,193
07/23/2006,MHT,NH,ANE,EN,Towers with Radar,102,59,44,0,205,0,1,11,0,12,102,60,55,0,217,0,0,0,217
07/24/2006,MHT,NH,ANE,EN,Towers with Radar,107,78,27,0,212,0,0,42,0,42,107,78,69,0,254,16,0,16,270
07/25/2006,MHT,NH,ANE,EN,Towers with Radar,120,84,33,2,239,0,0,48,0,48,120,84,81,2,287,26,0,26,313
07/26/2006,MHT,NH,ANE,EN,Towers with Radar,122,97,30,0,249,0,0,48,0,48,122,97,78,0,297,32,0,32,329
07/27/2006,MHT,NH,ANE,EN,Towers with Radar,112,84,29,5,230,0,0,20,1,21,112,84,49,6,251,28,0,28,279
07/28/2006,MHT,NH,ANE,EN,Towers with Radar,121,73,43,5,242,0,0,11,1,12,121,73,54,6,254,8,0,8,262
07/29/2006,MHT,NH,ANE,EN,Towers with Radar,114,47,17,0,178,0,0,34,0,34,114,47,51,0,212,26,0,26,238
07/30/2006,MHT,NH,ANE,EN,Towers with Radar,102,53,18,0,173,0,0,42,0,42,102,53,60,0,215,44,0,44,259
07/31/2006,MHT,NH,ANE,EN,Towers with Radar,110,64,27,0,201,0,0,29,0,29,110,64,56,0,230,62,0,62,292
08/01/2006,MHT,NH,ANE,EN,Towers with Radar,131,79,22,8,240,0,0,17,0,17,131,79,39,8,257,17,0,17,274
08/02/2006,MHT,NH,ANE,EN,Towers with Radar,121,89,32,8,250,0,0,44,0,44,121,89,76,8,294,37,0,37,331
08/03/2006,MHT,NH,ANE,EN,Towers with Radar,117,80,52,5,254,0,0,24,0,24,117,80,76,5,278,24,0,24,302
08/04/2006,MHT,NH,ANE,EN,Towers with Radar,122,76,34,0,232,0,2,20,0,22,122,78,54,0,254,6,0,6,260
08/05/2006,MHT,NH,ANE,EN,Towers with Radar,115,49,29,0,193,0,3,52,0,55,115,52,81,0,248,36,0,36,284
08/06/2006,MHT,NH,ANE,EN,Towers with Radar,100,60,24,0,184,0,0,50,0,50,100,60,74,0,234,6,0,6,240
08/07/2006,MHT,NH,ANE,EN,Towers with Radar,102,73,24,12,211,0,0,18,1,19,102,73,42,13,230,12,0,12,242
08/08/2006,MHT,NH,ANE,EN,Towers with Radar,118,84,47,0,249,0,0,43,0,43,118,84,90,0,292,40,0,40,332
08/09/2006,MHT,NH,ANE,EN,Towers with Radar,125,85,12,8,230,0,0,51,2,53,125,85,63,10,283,51,2,53,336
08/10/2006,MHT,NH,ANE,EN,Towers with Radar,115,76,38,2,231,0,0,0,0,0,115,76,38,2,231,22,0,22,253
08/11/2006,MHT,NH,ANE,EN,Towers with Radar,118,89,108,1,316,0,0,0,0,0,118,89,108,1,316,26,0,26,342
08/12/2006,MHT,NH,ANE,EN,Towers with Radar,111,47,9,9,176,0,0,56,1,57,111,47,65,10,233,44,0,44,277
08/13/2006,MHT,NH,ANE,EN,Towers with Radar,96,52,23,0,171,0,0,53,0,53,96,52,76,0,224,16,0,16,240
08/14/2006,MHT,NH,ANE,EN,Towers with Radar,111,84,59,0,254,0,1,33,0,34,111,85,92,0,288,16,0,16,304
08/15/2006,MHT,NH,ANE,EN,Towers with Radar,116,85,34,0,235,0,0,18,0,18,116,85,52,0,253,8,0,8,261
08/16/2006,MHT,NH,ANE,EN,Towers with Radar,122,84,42,12,260,0,2,55,0,57,122,86,97,12,317,20,10,30,347
08/17/2006,MHT,NH,ANE,EN,Towers with Radar,113,86,40,4,243,0,0,0,0,0,113,86,40,4,243,0,0,0,243
08/18/2006,MHT,NH,ANE,EN,Towers with Radar,120,75,26,0,221,0,0,54,0,54,120,75,80,0,275,54,0,54,329
08/19/2006,MHT,NH,ANE,EN,Towers with Radar,117,50,27,0,194,0,0,17,0,17,117,50,44,0,211,4,0,4,215
08/20/2006,MHT,NH,ANE,EN,Towers with Radar,107,50,31,0,188,0,0,0,0,0,107,50,31,0,188,0,0,0,188
08/21/2006,MHT,NH,ANE,EN,Towers with Radar,103,73,41,5,222,0,0,15,2,17,103,73,56,7,239,24,0,24,263
08/22/2006,MHT,NH,ANE,EN,Towers with Radar,119,89,59,1,268,0,0,0,0,0,119,89,59,1,268,14,0,14,282
08/23/2006,MHT,NH,ANE,EN,Towers with Radar,127,84,42,0,253,0,0,30,0,30,127,84,72,0,283,52,0,52,335
08/24/2006,MHT,NH,ANE,EN,Towers with Radar,117,87,32,0,236,0,0,18,0,18,117,87,50,0,254,64,0,64,318
08/25/2006,MHT,NH,ANE,EN,Towers with Radar,117,79,44,3,243,0,0,5,0,5,117,79,49,3,248,2,0,2,250
08/26/2006,MHT,NH,ANE,EN,Towers with Radar,118,47,14,0,179,0,0,29,0,29,118,47,43,0,208,16,0,16,224
08/27/2006,MHT,NH,ANE,EN,Towers with Radar,101,52,25,0,178,0,0,5,0,5,101,52,30,0,183,0,0,0,183
08/28/2006,MHT,NH,ANE,EN,Towers with Radar,110,75,57,0,242,0,0,5,0,5,110,75,62,0,247,0,0,0,247
08/29/2006,MHT,NH,ANE,EN,Towers with Radar,124,72,49,0,245,0,0,2,0,2,124,72,51,0,247,0,0,0,247
08/30/2006,MHT,NH,ANE,EN,Towers with Radar,123,83,56,8,270,0,0,26,4,30,123,83,82,12,300,36,0,36,336
08/31/2006,MHT,NH,ANE,EN,Towers with Radar,120,83,39,2,244,0,6,57,0,63,120,89,96,2,307,42,0,42,349
09/01/2006,MHT,NH,ANE,EN,Towers with Radar,104,74,31,0,209,0,0,55,0,55,104,74,86,0,264,12,0,12,276
09/02/2006,MHT,NH,ANE,EN,Towers with Radar,117,45,7,0,169,0,1,3,0,4,117,46,10,0,173,28,0,28,201
09/03/2006,MHT,NH,ANE,EN,Towers with Radar,90,43,16,0,149,0,0,0,0,0,90,43,16,0,149,0,0,0,149
09/04/2006,MHT,NH,ANE,EN,Towers with Radar,93,51,42,0,186,0,0,22,0,22,93,51,64,0,208,6,0,6,214
09/05/2006,MHT,NH,ANE,EN,Towers with Radar,105,76,33,0,214,0,0,26,0,26,105,76,59,0,240,8,0,8,248
09/06/2006,MHT,NH,ANE,EN,Towers with Radar,125,93,35,0,253,0,0,13,0,13,125,93,48,0,266,0,0,0,266
09/07/2006,MHT,NH,ANE,EN,Towers with Radar,114,95,32,0,241,0,0,0,0,0,114,95,32,0,241,84,0,84,325
09/08/2006,MHT,NH,ANE,EN,Towers with Radar,106,78,26,10,220,0,1,61,2,64,106,79,87,12,284,48,0,48,332
09/09/2006,MHT,NH,ANE,EN,Towers with Radar,108,56,22,0,186,0,1,22,0,23,108,57,44,0,209,14,0,14,223
09/10/2006,MHT,NH,ANE,EN,Towers with Radar,93,53,22,0,168,0,0,40,0,40,93,53,62,0,208,68,0,68,276
09/11/2006,MHT,NH,ANE,EN,Towers with Radar,103,82,27,4,216,0,0,38,2,40,103,82,65,6,256,20,0,20,276
09/12/2006,MHT,NH,ANE,EN,Towers with Radar,115,88,39,1,243,2,0,46,10,58,117,88,85,11,301,66,0,66,367
09/13/2006,MHT,NH,ANE,EN,Towers with Radar,115,95,29,0,239,0,3,40,1,44,115,98,69,1,283,48,0,48,331
09/14/2006,MHT,NH,ANE,EN,Towers with Radar,114,88,31,0,233,0,0,5,0,5,114,88,36,0,238,5,0,5,243
09/15/2006,MHT,NH,ANE,EN,Towers with Radar,112,83,42,0,237,0,1,12,0,13,112,84,54,0,250,30,0,30,280
09/16/2006,MHT,NH,ANE,EN,Towers with Radar,106,60,23,0,189,0,0,54,0,54,106,60,77,0,243,40,0,40,283
09/17/2006,MHT,NH,ANE,EN,Towers with Radar,91,59,13,0,163,0,0,45,0,45,91,59,58,0,208,104,0,104,312
09/18/2006,MHT,NH,ANE,EN,Towers with Radar,95,92,29,0,216,0,0,26,0,26,95,92,55,0,242,36,0,36,278
09/19/2006,MHT,NH,ANE,EN,Towers with Radar,97,101,32,0,230,0,0,17,3,20,97,101,49,3,250,4,0,4,254
09/20/2006,MHT,NH,ANE,EN,Towers with Radar,109,96,36,1,242,0,0,44,0,44,109,96,80,1,286,30,0,30,316
09/21/2006,MHT,NH,ANE,EN,Towers with Radar,117,104,63,2,286,0,2,72,0,74,117,106,135,2,360,52,0,52,412
09/22/2006,MHT,NH,ANE,EN,Towers with Radar,107,86,20,2,215,0,0,57,3,60,107,86,77,5,275,98,4,102,377
09/23/2006,MHT,NH,ANE,EN,Towers with Radar,106,57,94,0,257,0,0,2,0,2,106,57,96,0,259,0,0,0,259
09/24/2006,MHT,NH,ANE,EN,Towers with Radar,90,50,51,2,193,0,0,11,0,11,90,50,62,2,204,6,0,6,210
09/25/2006,MHT,NH,ANE,EN,Towers with Radar,102,90,33,8,233,0,0,38,0,38,102,90,71,8,271,56,0,56,327
09/26/2006,MHT,NH,ANE,EN,Towers with Radar,115,95,29,0,239,0,2,41,1,44,115,97,70,1,283,66,0,66,349
09/27/2006,MHT,NH,ANE,EN,Towers with Radar,106,99,29,8,242,0,0,46,0,46,106,99,75,8,288,70,0,70,358
09/28/2006,MHT,NH,ANE,EN,Towers with Radar,105,98,3,0,206,0,0,49,1,50,105,98,52,1,256,60,0,60,316
09/29/2006,MHT,NH,ANE,EN,Towers with Radar,116,98,58,0,272,0,0,13,0,13,116,98,71,0,285,32,0,32,317
09/30/2006,MHT,NH,ANE,EN,Towers with Radar,104,63,18,0,185,0,0,53,0,53,104,63,71,0,238,96,0,96,334
10/01/2006,MHT,NH,ANE,EN,Towers with Radar,89,56,17,0,162,0,0,0,0,0,89,56,17,0,162,0,0,0,162
10/02/2006,MHT,NH,ANE,EN,Towers with Radar,99,90,29,0,218,0,0,22,0,22,99,90,51,0,240,48,0,48,288
10/03/2006,MHT,NH,ANE,EN,Towers with Radar,117,94,27,2,240,0,0,31,0,31,117,94,58,2,271,44,0,44,315
10/04/2006,MHT,NH,ANE,EN,Towers with Radar,112,96,24,0,232,0,5,21,1,27,112,101,45,1,259,18,0,18,277
10/05/2006,MHT,NH,ANE,EN,Towers with Radar,115,98,20,6,239,0,1,26,0,27,115,99,46,6,266,52,0,52,318
10/06/2006,MHT,NH,ANE,EN,Towers with Radar,107,84,34,2,227,0,2,46,0,48,107,86,80,2,275,82,0,82,357
10/07/2006,MHT,NH,ANE,EN,Towers with Radar,108,65,34,0,207,0,0,30,0,30,108,65,64,0,237,42,0,42,279
10/08/2006,MHT,NH,ANE,EN,Towers with Radar,93,55,19,0,167,0,1,43,0,44,93,56,62,0,211,50,0,50,261
10/09/2006,MHT,NH,ANE,EN,Towers with Radar,112,86,31,0,229,0,0,53,0,53,112,86,84,0,282,28,0,28,310
10/10/2006,MHT,NH,ANE,EN,Towers with Radar,116,83,19,0,218,0,1,35,0,36,116,84,54,0,254,54,0,54,308
10/11/2006,MHT,NH,ANE,EN,Towers with Radar,115,83,26,0,224,0,1,11,0,12,115,84,37,0,236,2,0,2,238
10/12/2006,MHT,NH,ANE,EN,Towers with Radar,113,104,33,9,259,5,0,4,0,9,118,104,37,9,268,4,0,4,272
10/13/2006,MHT,NH,ANE,EN,Towers with Radar,117,101,33,0,251,0,18,39,0,57,117,119,72,0,308,34,0,34,342
10/14/2006,MHT,NH,ANE,EN,Towers with Radar,113,68,23,0,204,0,1,32,0,33,113,69,55,0,237,20,0,20,257
10/15/2006,MHT,NH,ANE,EN,Towers with Radar,95,59,18,0,172,0,0,31,0,31,95,59,49,0,203,38,0,38,241
10/16/2006,MHT,NH,ANE,EN,Towers with Radar,97,88,36,0,221,0,0,28,0,28,97,88,64,0,249,32,0,32,281
10/17/2006,MHT,NH,ANE,EN,Towers with Radar,119,96,42,8,265,0,0,33,0,33,119,96,75,8,298,22,0,22,320
10/18/2006,MHT,NH,ANE,EN,Towers with Radar,118,98,31,8,255,0,0,17,0,17,118,98,48,8,272,44,0,44,316
10/19/2006,MHT,NH,ANE,EN,Towers with Radar,123,95,40,0,258,0,0,0,0,0,123,95,40,0,258,30,0,30,288
10/20/2006,MHT,NH,ANE,EN,Towers with Radar,116,81,37,0,234,0,0,1,0,1,116,81,38,0,235,0,0,0,235
10/21/2006,MHT,NH,ANE,EN,Towers with Radar,113,62,14,0,189,0,5,21,0,26,113,67,35,0,215,6,0,6,221
10/22/2006,MHT,NH,ANE,EN,Towers with Radar,90,55,37,0,182,0,0,33,0,33,90,55,70,0,215,60,0,60,275
10/23/2006,MHT,NH,ANE,EN,Towers with Radar,110,85,38,0,233,0,0,10,0,10,110,85,48,0,243,10,0,10,253
10/24/2006,MHT,NH,ANE,EN,Towers with Radar,118,103,40,0,261,0,0,21,0,21,118,103,61,0,282,38,0,38,320
10/25/2006,MHT,NH,ANE,EN,Towers with Radar,116,106,37,1,260,0,2,19,2,23,116,108,56,3,283,6,0,6,289
10/26/2006,MHT,NH,ANE,EN,Towers with Radar,120,88,28,1,237,0,0,23,0,23,120,88,51,1,260,28,0,28,288
10/27/2006,MHT,NH,ANE,EN,Towers with Radar,115,93,39,14,261,0,0,45,0,45,115,93,84,14,306,36,0,36,342
10/28/2006,MHT,NH,ANE,EN,Towers with Radar,111,52,1,0,164,0,0,0,0,0,111,52,1,0,164,0,0,0,164
10/29/2006,MHT,NH,ANE,EN,Towers with Radar,96,48,21,0,165,0,0,6,0,6,96,48,27,0,171,0,0,0,171
10/30/2006,MHT,NH,ANE,EN,Towers with Radar,100,95,26,0,221,0,0,19,1,20,100,95,45,1,241,34,0,34,275
10/31/2006,MHT,NH,ANE,EN,Towers with Radar,118,86,33,4,241,0,3,27,0,30,118,89,60,4,271,28,0,28,299
11/01/2006,MHT,NH,ANE,EN,Towers with Radar,109,100,30,0,239,0,0,29,0,29,109,100,59,0,268,26,0,26,294
11/02/2006,MHT,NH,ANE,EN,Towers with Radar,120,87,29,8,244,0,0,16,0,16,120,87,45,8,260,18,0,18,278
11/03/2006,MHT,NH,ANE,EN,Towers with Radar,116,90,33,2,241,0,0,30,1,31,116,90,63,3,272,26,0,26,298
11/04/2006,MHT,NH,ANE,EN,Towers with Radar,100,57,20,0,177,0,0,17,0,17,100,57,37,0,194,26,0,26,220
11/05/2006,MHT,NH,ANE,EN,Towers with Radar,88,49,36,0,173,0,0,38,0,38,88,49,74,0,211,4,0,4,215
11/06/2006,MHT,NH,ANE,EN,Towers with Radar,102,83,23,0,208,0,0,18,0,18,102,83,41,0,226,20,0,20,246
11/07/2006,MHT,NH,ANE,EN,Towers with Radar,113,90,37,2,242,0,0,29,0,29,113,90,66,2,271,12,16,28,299
11/08/2006,MHT,NH,ANE,EN,Towers with Radar,112,84,32,0,228,0,0,0,0,0,112,84,32,0,228,4,0,4,232
11/09/2006,MHT,NH,ANE,EN,Towers with Radar,115,102,46,1,264,0,0,12,0,12,115,102,58,1,276,12,0,12,288
11/10/2006,MHT,NH,ANE,EN,Towers with Radar,112,82,27,2,223,0,1,41,0,42,112,83,68,2,265,8,0,8,273
11/11/2006,MHT,NH,ANE,EN,Towers with Radar,96,59,30,0,185,0,0,37,0,37,96,59,67,0,222,64,0,64,286
11/12/2006,MHT,NH,ANE,EN,Towers with Radar,83,42,23,0,148,0,0,0,0,0,83,42,23,0,148,0,0,0,148
11/13/2006,MHT,NH,ANE,EN,Towers with Radar,106,72,21,2,201,0,0,0,0,0,106,72,21,2,201,0,0,0,201
11/14/2006,MHT,NH,ANE,EN,Towers with Radar,119,113,30,0,262,0,0,0,0,0,119,113,30,0,262,0,0,0,262
11/15/2006,MHT,NH,ANE,EN,Towers with Radar,60,47,26,0,133,62,49,27,0,138,122,96,53,0,271,20,0,20,291
11/16/2006,MHT,NH,ANE,EN,Towers with Radar,103,89,18,0,210,0,0,0,0,0,103,89,18,0,210,0,0,0,210
11/17/2006,MHT,NH,ANE,EN,Towers with Radar,125,85,25,10,245,0,0,6,0,6,125,85,31,10,251,20,0,20,271
11/18/2006,MHT,NH,ANE,EN,Towers with Radar,101,62,12,0,175,0,0,43,0,43,101,62,55,0,218,34,0,34,252
11/19/2006,MHT,NH,ANE,EN,Towers with Radar,91,49,23,0,163,0,0,10,0,10,91,49,33,0,173,16,0,16,189
11/20/2006,MHT,NH,ANE,EN,Towers with Radar,107,85,35,0,227,0,0,15,2,17,107,85,50,2,244,16,0,16,260
11/21/2006,MHT,NH,ANE,EN,Towers with Radar,120,96,28,15,259,0,0,26,1,27,120,96,54,16,286,36,0,36,322
11/22/2006,MHT,NH,ANE,EN,Towers with Radar,120,98,40,0,258,0,0,36,0,36,120,98,76,0,294,18,0,18,312
11/23/2006,MHT,NH,ANE,EN,Towers with Radar,85,54,10,0,149,0,0,0,0,0,85,54,10,0,149,0,0,0,149
11/24/2006,MHT,NH,ANE,EN,Towers with Radar,96,70,15,0,181,0,0,28,0,28,96,70,43,0,209,12,0,12,221
11/25/2006,MHT,NH,ANE,EN,Towers with Radar,106,56,9,0,171,0,0,32,0,32,106,56,41,0,203,34,0,34,237
11/26/2006,MHT,NH,ANE,EN,Towers with Radar,87,59,27,0,173,0,0,27,0,27,87,59,54,0,200,4,0,4,204
11/27/2006,MHT,NH,ANE,EN,Towers with Radar,114,91,21,0,226,0,1,28,1,30,114,92,49,1,256,26,0,26,282
11/28/2006,MHT,NH,ANE,EN,Towers with Radar,118,102,31,0,251,0,0,1,0,1,118,102,32,0,252,0,0,0,252
11/29/2006,MHT,NH,ANE,EN,Towers with Radar,132,95,29,2,258,0,0,0,0,0,132,95,29,2,258,0,0,0,258
11/30/2006,MHT,NH,ANE,EN,Towers with Radar,119,100,28,0,247,0,0,5,0,5,119,100,33,0,252,12,0,12,264
12/01/2006,MHT,NH,ANE,EN,Towers with Radar,102,76,25,0,203,0,0,1,0,1,102,76,26,0,204,2,0,2,206
12/02/2006,MHT,NH,ANE,EN,Towers with Radar,103,65,24,0,192,0,0,20,0,20,103,65,44,0,212,14,0,14,226
12/03/2006,MHT,NH,ANE,EN,Towers with Radar,87,46,17,0,150,0,0,33,0,33,87,46,50,0,183,46,0,46,229
12/04/2006,MHT,NH,ANE,EN,Towers with Radar,106,84,24,7,221,0,0,6,0,6,106,84,30,7,227,44,0,44,271
12/05/2006,MHT,NH,ANE,EN,Towers with Radar,110,106,29,5,250,0,0,22,0,22,110,106,51,5,272,22,0,22,294
12/06/2006,MHT,NH,ANE,EN,Towers with Radar,109,102,34,0,245,0,1,21,0,22,109,103,55,0,267,10,0,10,277
12/07/2006,MHT,NH,ANE,EN,Towers with Radar,122,97,23,2,244,0,2,19,0,21,122,99,42,2,265,26,0,26,291
12/08/2006,MHT,NH,ANE,EN,Towers with Radar,118,85,32,0,235,0,0,10,0,10,118,85,42,0,245,0,0,0,245
12/09/2006,MHT,NH,ANE,EN,Towers with Radar,92,56,17,0,165,0,1,22,1,24,92,57,39,1,189,36,0,36,225
12/10/2006,MHT,NH,ANE,EN,Towers with Radar,85,49,36,0,170,0,0,33,0,33,85,49,69,0,203,39,0,39,242
12/11/2006,MHT,NH,ANE,EN,Towers with Radar,94,80,29,0,203,0,2,4,0,6,94,82,33,0,209,16,0,16,225
12/12/2006,MHT,NH,ANE,EN,Towers with Radar,113,95,27,1,236,0,1,25,0,26,113,96,52,1,262,36,0,36,298
12/13/2006,MHT,NH,ANE,EN,Towers with Radar,112,87,34,0,233,0,0,0,0,0,112,87,34,0,233,0,0,0,233
12/14/2006,MHT,NH,ANE,EN,Towers with Radar,113,92,49,5,259,0,1,42,0,43,113,93,91,5,302,100,0,100,402
12/15/2006,MHT,NH,ANE,EN,Towers with Radar,110,88,25,3,226,0,0,3,0,3,110,88,28,3,229,0,0,0,229
12/16/2006,MHT,NH,ANE,EN,Towers with Radar,38,27,10,0,75,0,0,11,0,11,38,27,21,0,86,16,0,16,102
12/17/2006,MHT,NH,ANE,EN,Towers with Radar,84,53,19,0,156,0,0,13,0,13,84,53,32,0,169,10,0,10,179
12/18/2006,MHT,NH,ANE,EN,Towers with Radar,101,92,15,0,208,0,0,13,0,13,101,92,28,0,221,8,0,8,229
12/19/2006,MHT,NH,ANE,EN,Towers with Radar,114,109,25,0,248,0,0,25,0,25,114,109,50,0,273,4,0,4,277
12/20/2006,MHT,NH,ANE,EN,Towers with Radar,119,109,17,0,245,0,1,20,4,25,119,110,37,4,270,20,0,20,290
12/21/2006,MHT,NH,ANE,EN,Towers with Radar,125,107,21,0,253,0,1,21,0,22,125,108,42,0,275,4,0,4,279
12/22/2006,MHT,NH,ANE,EN,Towers with Radar,108,87,30,0,225,0,0,26,0,26,108,87,56,0,251,14,0,14,265
12/23/2006,MHT,NH,ANE,EN,Towers with Radar,103,76,13,0,192,0,0,0,0,0,103,76,13,0,192,0,0,0,192
12/24/2006,MHT,NH,ANE,EN,Towers with Radar,81,51,3,0,135,0,0,6,0,6,81,51,9,0,141,8,0,8,149
12/25/2006,MHT,NH,ANE,EN,Towers with Radar,78,47,5,0,130,0,0,18,0,18,78,47,23,0,148,2,0,2,150
12/26/2006,MHT,NH,ANE,EN,Towers with Radar,97,96,29,0,222,0,0,0,0,0,97,96,29,0,222,0,0,0,222
12/27/2006,MHT,NH,ANE,EN,Towers with Radar,111,100,27,0,238,0,0,15,0,15,111,100,42,0,253,0,0,0,253
12/28/2006,MHT,NH,ANE,EN,Towers with Radar,108,93,27,0,228,0,0,23,0,23,108,93,50,0,251,2,0,2,253
12/29/2006,MHT,NH,ANE,EN,Towers with Radar,105,89,19,0,213,0,2,37,0,39,105,91,56,0,252,0,0,0,252
12/30/2006,MHT,NH,ANE,EN,Towers with Radar,93,64,12,0,169,0,2,3,0,5,93,66,15,0,174,2,0,2,176
12/31/2006,MHT,NH,ANE,EN,Towers with Radar,90,50,15,0,155,0,0,13,0,13,90,50,28,0,168,18,0,18,186
01/01/2007,MHT,NH,ANE,EN,Towers with Radar,36,28,10,0,74,41,30,10,0,81,77,58,20,0,155,0,0,0,155
01/02/2007,MHT,NH,ANE,EN,Towers with Radar,99,95,24,0,218,0,0,25,0,25,99,95,49,0,243,8,0,8,251
01/03/2007,MHT,NH,ANE,EN,Towers with Radar,106,104,18,0,228,0,0,14,0,14,106,104,32,0,242,16,0,16,258
01/04/2007,MHT,NH,ANE,EN,Towers with Radar,100,100,31,6,237,0,0,36,0,36,100,100,67,6,273,44,0,44,317
01/05/2007,MHT,NH,ANE,EN,Towers with Radar,92,86,25,8,211,0,0,2,0,2,92,86,27,8,213,0,0,0,213
01/06/2007,MHT,NH,ANE,EN,Towers with Radar,84,69,27,0,180,0,0,6,0,6,84,69,33,0,186,6,0,6,192
01/07/2007,MHT,NH,ANE,EN,Towers with Radar,81,50,18,0,149,0,0,34,0,34,81,50,52,0,183,28,0,28,211
01/08/2007,MHT,NH,ANE,EN,Towers with Radar,94,85,13,0,192,0,0,0,0,0,94,85,13,0,192,0,0,0,192
01/09/2007,MHT,NH,ANE,EN,Towers with Radar,102,94,24,8,228,0,0,24,1,25,102,94,48,9,253,2,0,2,255
01/10/2007,MHT,NH,ANE,EN,Towers with Radar,108,88,25,4,225,0,0,18,0,18,108,88,43,4,243,8,0,8,251
01/11/2007,MHT,NH,ANE,EN,Towers with Radar,103,103,29,0,235,0,2,22,0,24,103,105,51,0,259,2,0,2,261
01/12/2007,MHT,NH,ANE,EN,Towers with Radar,108,87,30,0,225,0,0,14,0,14,108,87,44,0,239,12,0,12,251
01/13/2007,MHT,NH,ANE,EN,Towers with Radar,92,51,16,0,159,0,0,2,0,2,92,51,18,0,161,2,0,2,163
01/14/2007,MHT,NH,ANE,EN,Towers with Radar,80,33,12,0,125,0,0,0,0,0,80,33,12,0,125,0,0,0,125
01/15/2007,MHT,NH,ANE,EN,Towers with Radar,95,54,15,0,164,0,0,0,0,0,95,54,15,0,164,0,0,0,164
01/16/2007,MHT,NH,ANE,EN,Towers with Radar,109,105,36,4,254,0,2,0,0,2,109,107,36,4,256,0,8,8,264
01/17/2007,MHT,NH,ANE,EN,Towers with Radar,11,97,21,0,129,100,0,25,0,125,111,97,46,0,254,14,0,14,268
01/18/2007,MHT,NH,ANE,EN,Towers with Radar,102,99,30,0,231,0,0,14,0,14,102,99,44,0,245,12,0,12,257
01/19/2007,MHT,NH,ANE,EN,Towers with Radar,112,82,31,0,225,0,0,29,0,29,112,82,60,0,254,0,0,0,254
01/20/2007,MHT,NH,ANE,EN,Towers with Radar,90,63,13,0,166,0,0,3,0,3,90,63,16,0,169,0,0,0,169
01/21/2007,MHT,NH,ANE,EN,Towers with Radar,80,53,26,0,159,0,0,28,0,28,80,53,54,0,187,8,0,8,195
01/22/2007,MHT,NH,ANE,EN,Towers with Radar,101,78,16,0,195,0,0,16,0,16,101,78,32,0,211,8,0,8,219
01/23/2007,MHT,NH,ANE,EN,Towers with Radar,107,92,29,6,234,0,0,20,0,20,107,92,49,6,254,22,0,22,276
01/24/2007,MHT,NH,ANE,EN,Towers with Radar,110,92,39,0,241,0,2,18,1,21,110,94,57,1,262,12,0,12,274
01/25/2007,MHT,NH,ANE,EN,Towers with Radar,107,96,24,0,227,0,0,8,0,8,107,96,32,0,235,4,0,4,239
01/26/2007,MHT,NH,ANE,EN,Towers with Radar,105,83,20,0,208,0,0,4,0,4,105,83,24,0,212,4,0,4,216
01/27/2007,MHT,NH,ANE,EN,Towers with Radar,93,55,16,0,164,0,0,9,0,9,93,55,25,0,173,2,0,2,175
01/28/2007,MHT,NH,ANE,EN,Towers with Radar,86,50,36,0,172,0,0,38,0,38,86,50,74,0,210,30,0,30,240
01/29/2007,MHT,NH,ANE,EN,Towers with Radar,102,82,38,0,222,0,0,29,0,29,102,82,67,0,251,8,0,8,259
01/30/2007,MHT,NH,ANE,EN,Towers with Radar,105,93,26,0,224,0,1,29,0,30,105,94,55,0,254,4,0,4,258
01/31/2007,MHT,NH,ANE,EN,Towers with Radar,101,107,25,0,233,0,1,22,0,23,101,108,47,0,256,46,0,46,302
02/01/2007,MHT,NH,ANE,EN,Towers with Radar,110,101,29,0,240,0,1,23,0,24,110,102,52,0,264,28,0,28,292
02/02/2007,MHT,NH,ANE,EN,Towers with Radar,106,88,21,0,215,0,0,8,0,8,106,88,29,0,223,48,0,48,271
02/03/2007,MHT,NH,ANE,EN,Towers with Radar,95,57,7,0,159,0,0,13,0,13,95,57,20,0,172,22,0,22,194
02/04/2007,MHT,NH,ANE,EN,Towers with Radar,83,47,19,0,149,0,0,8,0,8,83,47,27,0,157,4,0,4,161
02/05/2007,MHT,NH,ANE,EN,Towers with Radar,97,96,20,0,213,0,0,9,0,9,97,96,29,0,222,0,0,0,222
02/06/2007,MHT,NH,ANE,EN,Towers with Radar,102,98,13,0,213,0,2,36,0,38,102,100,49,0,251,14,0,14,265
02/07/2007,MHT,NH,ANE,EN,Towers with Radar,108,94,28,0,230,0,2,21,0,23,108,96,49,0,253,10,0,10,263
02/08/2007,MHT,NH,ANE,EN,Towers with Radar,112,100,24,2,238,0,0,10,0,10,112,100,34,2,248,1,0,1,249
02/09/2007,MHT,NH,ANE,EN,Towers with Radar,108,85,31,0,224,0,0,10,0,10,108,85,41,0,234,0,0,0,234
02/10/2007,MHT,NH,ANE,EN,Towers with Radar,93,55,39,0,187,0,1,24,0,25,93,56,63,0,212,18,0,18,230
02/11/2007,MHT,NH,ANE,EN,Towers with Radar,84,50,17,0,151,0,0,35,0,35,84,50,52,0,186,56,0,56,242
02/12/2007,MHT,NH,ANE,EN,Towers with Radar,90,94,27,0,211,0,0,27,0,27,90,94,54,0,238,12,0,12,250
02/13/2007,MHT,NH,ANE,EN,Towers with Radar,91,81,46,0,218,0,1,29,0,30,91,82,75,0,248,4,0,4,252
02/14/2007,MHT,NH,ANE,EN,Towers with Radar,51,21,0,0,72,0,0,0,0,0,51,21,0,0,72,0,0,0,72
02/15/2007,MHT,NH,ANE,EN,Towers with Radar,106,70,12,8,196,0,0,6,5,11,106,70,18,13,207,0,0,0,207
02/16/2007,MHT,NH,ANE,EN,Towers with Radar,104,84,41,3,232,0,0,13,1,14,104,84,54,4,246,2,0,2,248
02/17/2007,MHT,NH,ANE,EN,Towers with Radar,107,61,36,2,206,0,0,37,0,37,107,61,73,2,243,20,0,20,263
02/18/2007,MHT,NH,ANE,EN,Towers with Radar,85,51,16,0,152,0,0,5,0,5,85,51,21,0,157,0,0,0,157
02/19/2007,MHT,NH,ANE,EN,Towers with Radar,105,77,12,0,194,0,0,14,0,14,105,77,26,0,208,0,0,0,208
02/20/2007,MHT,NH,ANE,EN,Towers with Radar,113,98,27,0,238,0,0,18,0,18,113,98,45,0,256,28,0,28,284
02/21/2007,MHT,NH,ANE,EN,Towers with Radar,110,91,15,4,220,0,2,14,0,16,110,93,29,4,236,0,0,0,236
02/22/2007,MHT,NH,ANE,EN,Towers with Radar,115,96,14,1,226,0,0,8,0,8,115,96,22,1,234,6,0,6,240
02/23/2007,MHT,NH,ANE,EN,Towers with Radar,116,89,32,8,245,0,0,0,1,1,116,89,32,9,246,8,6,14,260
02/24/2007,MHT,NH,ANE,EN,Towers with Radar,96,63,23,0,182,0,0,10,2,12,96,63,33,2,194,6,0,6,200
02/25/2007,MHT,NH,ANE,EN,Towers with Radar,76,42,42,0,160,0,0,44,0,44,76,42,86,0,204,26,0,26,230
02/26/2007,MHT,NH,ANE,EN,Towers with Radar,96,88,17,0,201,0,2,4,0,6,96,90,21,0,207,6,0,6,213
02/27/2007,MHT,NH,ANE,EN,Towers with Radar,112,95,24,2,233,0,0,26,3,29,112,95,50,5,262,14,0,14,276
02/28/2007,MHT,NH,ANE,EN,Towers with Radar,106,101,30,13,250,0,0,24,2,26,106,101,54,15,276,30,0,30,306
03/01/2007,MHT,NH,ANE,EN,Towers with Radar,106,92,32,8,238,0,2,42,0,44,106,94,74,8,282,6,0,6,288
03/02/2007,MHT,NH,ANE,EN,Towers with Radar,104,89,7,1,201,0,0,0,0,0,104,89,7,1,201,0,0,0,201
03/03/2007,MHT,NH,ANE,EN,Towers with Radar,90,62,12,0,164,0,0,10,0,10,90,62,22,0,174,6,0,6,180
03/04/2007,MHT,NH,ANE,EN,Towers with Radar,83,60,28,1,172,0,0,18,0,18,83,60,46,1,190,26,0,26,216
03/05/2007,MHT,NH,ANE,EN,Towers with Radar,103,73,10,0,186,0,0,3,0,3,103,73,13,0,189,0,0,0,189
03/06/2007,MHT,NH,ANE,EN,Towers with Radar,113,102,12,0,227,0,0,1,0,1,113,102,13,0,228,0,0,0,228
03/07/2007,MHT,NH,ANE,EN,Towers with Radar,107,91,21,6,225,0,2,0,0,2,107,93,21,6,227,6,0,6,233
03/08/2007,MHT,NH,ANE,EN,Towers with Radar,113,90,17,0,220,0,0,7,2,9,113,90,24,2,229,0,0,0,229
03/09/2007,MHT,NH,ANE,EN,Towers with Radar,107,86,24,1,218,0,0,21,3,24,107,86,45,4,242,28,0,28,270
03/10/2007,MHT,NH,ANE,EN,Towers with Radar,110,67,28,0,205,0,0,11,0,11,110,67,39,0,216,38,0,38,254
03/11/2007,MHT,NH,ANE,EN,Towers with Radar,96,52,35,0,183,0,0,22,0,22,96,52,57,0,205,10,0,10,215
03/12/2007,MHT,NH,ANE,EN,Towers with Radar,101,89,22,0,212,0,0,15,0,15,101,89,37,0,227,12,0,12,239
03/13/2007,MHT,NH,ANE,EN,Towers with Radar,111,101,23,1,236,0,0,18,0,18,111,101,41,1,254,6,0,6,260
03/14/2007,MHT,NH,ANE,EN,Towers with Radar,117,95,19,1,232,0,0,8,2,10,117,95,27,3,242,0,0,0,242
03/15/2007,MHT,NH,ANE,EN,Towers with Radar,107,99,33,0,239,0,0,0,0,0,107,99,33,0,239,0,0,0,239
03/16/2007,MHT,NH,ANE,EN,Towers with Radar,74,51,12,0,137,0,1,4,0,5,74,52,16,0,142,0,0,0,142
03/17/2007,MHT,NH,ANE,EN,Towers with Radar,57,36,15,0,108,0,0,0,0,0,57,36,15,0,108,0,0,0,108
03/18/2007,MHT,NH,ANE,EN,Towers with Radar,100,55,23,0,178,0,0,14,0,14,100,55,37,0,192,0,0,0,192
03/19/2007,MHT,NH,ANE,EN,Towers with Radar,106,93,28,0,227,0,0,15,0,15,106,93,43,0,242,4,0,4,246
03/20/2007,MHT,NH,ANE,EN,Towers with Radar,118,101,18,2,239,0,0,23,0,23,118,101,41,2,262,20,0,20,282
03/21/2007,MHT,NH,ANE,EN,Towers with Radar,112,95,35,0,242,0,0,28,0,28,112,95,63,0,270,32,0,32,302
03/22/2007,MHT,NH,ANE,EN,Towers with Radar,105,100,14,1,220,0,0,12,0,12,105,100,26,1,232,0,0,0,232
03/23/2007,MHT,NH,ANE,EN,Towers with Radar,119,95,34,0,248,0,0,23,0,23,119,95,57,0,271,23,0,23,294
03/24/2007,MHT,NH,ANE,EN,Towers with Radar,98,57,21,0,176,0,0,46,2,48,98,57,67,2,224,36,0,36,260
03/25/2007,MHT,NH,ANE,EN,Towers with Radar,101,51,20,0,172,0,1,12,1,14,101,52,32,1,186,8,0,8,194
03/26/2007,MHT,NH,ANE,EN,Towers with Radar,100,94,50,0,244,0,1,20,8,29,100,95,70,8,273,6,0,6,279
03/27/2007,MHT,NH,ANE,EN,Towers with Radar,115,95,87,5,302,0,4,0,0,4,115,99,87,5,306,14,0,14,320
03/28/2007,MHT,NH,ANE,EN,Towers with Radar,118,95,15,2,230,0,4,18,0,22,118,99,33,2,252,4,0,4,256
03/29/2007,MHT,NH,ANE,EN,Towers with Radar,117,102,26,2,247,0,1,21,4,26,117,103,47,6,273,16,0,16,289
03/30/2007,MHT,NH,ANE,EN,Towers with Radar,112,85,35,0,232,0,1,34,0,35,112,86,69,0,267,22,0,22,289
03/31/2007,MHT,NH,ANE,EN,Towers with Radar,103,60,17,0,180,0,0,38,0,38,103,60,55,0,218,44,0,44,262
04/01/2007,MHT,NH,ANE,EN,Towers with Radar,100,50,16,2,168,0,0,34,0,34,100,50,50,2,202,48,0,48,250
04/02/2007,MHT,NH,ANE,EN,Towers with Radar,100,89,14,0,203,0,0,0,0,0,100,89,14,0,203,0,0,0,203
04/03/2007,MHT,NH,ANE,EN,Towers with Radar,108,99,50,0,257,0,0,2,0,2,108,99,52,0,259,0,0,0,259
04/04/2007,MHT,NH,ANE,EN,Towers with Radar,106,82,12,2,202,0,0,0,0,0,106,82,12,2,202,0,0,0,202
04/05/2007,MHT,NH,ANE,EN,Towers with Radar,115,100,36,0,251,0,0,15,1,16,115,100,51,1,267,0,0,0,267
04/06/2007,MHT,NH,ANE,EN,Towers with Radar,111,89,32,0,232,0,0,35,0,35,111,89,67,0,267,0,0,0,267
04/07/2007,MHT,NH,ANE,EN,Towers with Radar,102,50,11,0,163,0,0,21,0,21,102,50,32,0,184,28,0,28,212
04/08/2007,MHT,NH,ANE,EN,Towers with Radar,104,42,11,0,157,0,0,4,0,4,104,42,15,0,161,2,0,2,163
04/09/2007,MHT,NH,ANE,EN,Towers with Radar,106,85,33,12,236,0,0,14,0,14,106,85,47,12,250,16,0,16,266
04/10/2007,MHT,NH,ANE,EN,Towers with Radar,116,106,32,0,254,0,1,28,0,29,116,107,60,0,283,12,0,12,295
04/11/2007,MHT,NH,ANE,EN,Towers with Radar,118,101,41,2,262,0,2,35,0,37,118,103,76,2,299,12,0,12,311
04/12/2007,MHT,NH,ANE,EN,Towers with Radar,123,81,20,0,224,0,0,0,0,0,123,81,20,0,224,2,0,2,226
04/13/2007,MHT,NH,ANE,EN,Towers with Radar,116,103,30,6,255,0,0,19,0,19,116,103,49,6,274,10,0,10,284
04/14/2007,MHT,NH,ANE,EN,Towers with Radar,0,0,0,0,0,106,58,55,0,219,106,58,55,0,219,14,0,14,233
04/15/2007,MHT,NH,ANE,EN,Towers with Radar,93,42,15,0,150,0,0,0,0,0,93,42,15,0,150,18,0,18,168
04/16/2007,MHT,NH,ANE,EN,Towers with Radar,102,83,14,0,199,0,0,0,0,0,102,83,14,0,199,0,0,0,199
04/17/2007,MHT,NH,ANE,EN,Towers with Radar,126,95,15,0,236,0,0,0,0,0,126,95,15,0,236,0,0,0,236
04/18/2007,MHT,NH,ANE,EN,Towers with Radar,124,96,28,0,248,0,0,4,0,4,124,96,32,0,252,0,0,0,252
04/19/2007,MHT,NH,ANE,EN,Towers with Radar,115,95,30,8,248,0,1,29,0,30,115,96,59,8,278,18,0,18,296
04/20/2007,MHT,NH,ANE,EN,Towers with Radar,118,88,37,0,243,0,0,45,0,45,118,88,82,0,288,26,0,26,314
04/21/2007,MHT,NH,ANE,EN,Towers with Radar,103,73,17,0,193,0,0,43,2,45,103,73,60,2,238,42,0,42,280
04/22/2007,MHT,NH,ANE,EN,Towers with Radar,109,46,19,0,174,0,0,42,2,44,109,46,61,2,218,66,0,66,284
04/23/2007,MHT,NH,ANE,EN,Towers with Radar,108,84,25,0,217,0,0,22,0,22,108,84,47,0,239,30,0,30,269
04/24/2007,MHT,NH,ANE,EN,Towers with Radar,116,82,24,2,224,0,1,26,6,33,116,83,50,8,257,30,0,30,287
04/25/2007,MHT,NH,ANE,EN,Towers with Radar,113,108,30,20,271,0,1,19,3,23,113,109,49,23,294,42,0,42,336
04/26/2007,MHT,NH,ANE,EN,Towers with Radar,120,103,29,0,252,0,0,34,0,34,120,103,63,0,286,69,0,69,355
04/27/2007,MHT,NH,ANE,EN,Towers with Radar,114,80,34,0,228,0,0,0,0,0,114,80,34,0,228,10,0,10,238
04/28/2007,MHT,NH,ANE,EN,Towers with Radar,103,58,20,0,181,0,0,11,0,11,103,58,31,0,192,2,0,2,194
04/29/2007,MHT,NH,ANE,EN,Towers with Radar,96,44,52,0,192,0,0,0,0,0,96,44,52,0,192,0,0,0,192
04/30/2007,MHT,NH,ANE,EN,Towers with Radar,119,100,30,0,249,0,0,12,0,12,119,100,42,0,261,0,0,0,261
05/01/2007,MHT,NH,ANE,EN,Towers with Radar,122,86,28,14,250,0,0,40,0,40,122,86,68,14,290,20,2,22,312
05/02/2007,MHT,NH,ANE,EN,Towers with Radar,112,95,44,0,251,0,0,19,0,19,112,95,63,0,270,24,0,24,294
05/03/2007,MHT,NH,ANE,EN,Towers with Radar,117,96,16,0,229,0,2,30,0,32,117,98,46,0,261,16,0,16,277
05/04/2007,MHT,NH,ANE,EN,Towers with Radar,113,86,21,0,220,0,0,37,0,37,113,86,58,0,257,14,0,14,271
05/05/2007,MHT,NH,ANE,EN,Towers with Radar,100,52,16,0,168,0,0,32,0,32,100,52,48,0,200,30,0,30,230
05/06/2007,MHT,NH,ANE,EN,Towers with Radar,93,46,25,0,164,0,0,40,0,40,93,46,65,0,204,4,0,4,208
05/07/2007,MHT,NH,ANE,EN,Towers with Radar,109,81,20,0,210,0,1,32,0,33,109,82,52,0,243,22,0,22,265
05/08/2007,MHT,NH,ANE,EN,Towers with Radar,111,101,31,0,243,0,0,30,1,31,111,101,61,1,274,44,0,44,318
05/09/2007,MHT,NH,ANE,EN,Towers with Radar,112,103,38,0,253,0,1,43,0,44,112,104,81,0,297,38,0,38,335
05/10/2007,MHT,NH,ANE,EN,Towers with Radar,125,95,37,0,257,0,1,28,0,29,125,96,65,0,286,30,0,30,316
05/11/2007,MHT,NH,ANE,EN,Towers with Radar,117,89,36,0,242,0,0,10,0,10,117,89,46,0,252,28,0,28,280
05/12/2007,MHT,NH,ANE,EN,Towers with Radar,97,63,12,0,172,0,0,50,0,50,97,63,62,0,222,6,0,6,228
05/13/2007,MHT,NH,ANE,EN,Towers with Radar,104,48,9,0,161,0,1,26,0,27,104,49,35,0,188,16,0,16,204
05/14/2007,MHT,NH,ANE,EN,Towers with Radar,107,85,10,0,202,0,0,0,0,0,107,85,10,0,202,8,0,8,210
05/15/2007,MHT,NH,ANE,EN,Towers with Radar,117,91,26,1,235,0,0,16,1,17,117,91,42,2,252,10,0,10,262
05/16/2007,MHT,NH,ANE,EN,Towers with Radar,104,83,27,0,214,0,0,1,0,1,104,83,28,0,215,0,0,0,215
05/17/2007,MHT,NH,ANE,EN,Towers with Radar,131,97,59,9,296,0,0,0,0,0,131,97,59,9,296,0,0,0,296
05/18/2007,MHT,NH,ANE,EN,Towers with Radar,121,93,35,1,250,0,0,0,0,0,121,93,35,1,250,0,0,0,250
05/19/2007,MHT,NH,ANE,EN,Towers with Radar,104,61,23,1,189,0,0,0,0,0,104,61,23,1,189,0,0,0,189
05/20/2007,MHT,NH,ANE,EN,Towers with Radar,96,48,37,2,183,0,0,0,0,0,96,48,37,2,183,0,0,0,183
05/21/2007,MHT,NH,ANE,EN,Towers with Radar,110,83,29,1,223,0,0,28,1,29,110,83,57,2,252,38,0,38,290
05/22/2007,MHT,NH,ANE,EN,Towers with Radar,123,91,23,1,238,0,1,55,2,58,123,92,78,3,296,22,0,22,318
05/23/2007,MHT,NH,ANE,EN,Towers with Radar,121,100,23,0,244,0,0,34,7,41,121,100,57,7,285,12,0,12,297
05/24/2007,MHT,NH,ANE,EN,Towers with Radar,118,105,38,6,267,0,4,43,0,47,118,109,81,6,314,50,6,56,370
05/25/2007,MHT,NH,ANE,EN,Towers with Radar,116,83,36,0,235,0,1,36,1,38,116,84,72,1,273,12,0,12,285
05/26/2007,MHT,NH,ANE,EN,Towers with Radar,102,60,13,0,175,0,2,21,0,23,102,62,34,0,198,4,0,4,202
05/27/2007,MHT,NH,ANE,EN,Towers with Radar,76,48,17,0,141,0,1,17,0,18,76,49,34,0,159,12,0,12,171
05/28/2007,MHT,NH,ANE,EN,Towers with Radar,99,57,17,0,173,0,1,18,0,19,99,58,35,0,192,28,0,28,220
05/29/2007,MHT,NH,ANE,EN,Towers with Radar,108,85,31,0,224,0,0,48,4,52,108,85,79,4,276,2,0,2,278
05/30/2007,MHT,NH,ANE,EN,Towers with Radar,118,97,25,6,246,0,2,59,3,64,118,99,84,9,310,32,0,32,342
05/31/2007,MHT,NH,ANE,EN,Towers with Radar,120,95,45,12,272,0,0,4,2,6,120,95,49,14,278,0,0,0,278
06/01/2007,MHT,NH,ANE,EN,Towers with Radar,118,89,25,0,232,0,3,25,0,28,118,92,50,0,260,50,0,50,310
06/02/2007,MHT,NH,ANE,EN,Towers with Radar,107,59,24,1,191,0,0,8,1,9,107,59,32,2,200,24,0,24,224
06/03/2007,MHT,NH,ANE,EN,Towers with Radar,91,54,41,0,186,0,0,0,0,0,91,54,41,0,186,0,0,0,186
06/04/2007,MHT,NH,ANE,EN,Towers with Radar,110,86,32,1,229,0,0,0,0,0,110,86,32,1,229,0,0,0,229
06/05/2007,MHT,NH,ANE,EN,Towers with Radar,119,95,33,0,247,0,0,1,0,1,119,95,34,0,248,0,0,0,248
06/06/2007,MHT,NH,ANE,EN,Towers with Radar,117,95,32,0,244,0,1,0,4,5,117,96,32,4,249,0,0,0,249
06/07/2007,MHT,NH,ANE,EN,Towers with Radar,145,87,25,0,257,0,0,48,1,49,145,87,73,1,306,22,0,22,328
06/08/2007,MHT,NH,ANE,EN,Towers with Radar,123,58,32,3,216,0,0,58,0,58,123,58,90,3,274,12,0,12,286
06/09/2007,MHT,NH,ANE,EN,Towers with Radar,122,56,26,0,204,0,0,0,0,0,122,56,26,0,204,0,0,0,204
06/10/2007,MHT,NH,ANE,EN,Towers with Radar,105,51,18,0,174,0,0,31,0,31,105,51,49,0,205,30,0,30,235
06/11/2007,MHT,NH,ANE,EN,Towers with Radar,110,81,26,4,221,0,1,28,0,29,110,82,54,4,250,26,0,26,276
06/12/2007,MHT,NH,ANE,EN,Towers with Radar,114,83,29,1,227,0,0,15,0,15,114,83,44,1,242,4,0,4,246
06/13/2007,MHT,NH,ANE,EN,Towers with Radar,125,80,73,0,278,0,0,5,4,9,125,80,78,4,287,4,0,4,291
06/14/2007,MHT,NH,ANE,EN,Towers with Radar,133,78,49,7,267,0,2,13,1,16,133,80,62,8,283,16,0,16,299
06/15/2007,MHT,NH,ANE,EN,Towers with Radar,126,71,63,0,260,0,0,38,0,38,126,71,101,0,298,22,0,22,320
06/16/2007,MHT,NH,ANE,EN,Towers with Radar,108,49,20,0,177,0,1,38,0,39,108,50,58,0,216,30,0,30,246
06/17/2007,MHT,NH,ANE,EN,Towers with Radar,108,45,20,0,173,0,0,15,0,15,108,45,35,0,188,10,0,10,198
06/18/2007,MHT,NH,ANE,EN,Towers with Radar,113,76,38,0,227,0,0,29,0,29,113,76,67,0,256,24,0,24,280
06/19/2007,MHT,NH,ANE,EN,Towers with Radar,119,89,24,0,232,0,0,44,0,44,119,89,68,0,276,48,0,48,324
06/20/2007,MHT,NH,ANE,EN,Towers with Radar,135,93,53,0,281,0,0,23,0,23,135,93,76,0,304,2,0,2,306
06/21/2007,MHT,NH,ANE,EN,Towers with Radar,131,87,32,6,256,0,0,24,0,24,131,87,56,6,280,6,0,6,286
06/22/2007,MHT,NH,ANE,EN,Towers with Radar,123,79,47,0,249,0,0,19,0,19,123,79,66,0,268,9,0,9,277
06/23/2007,MHT,NH,ANE,EN,Towers with Radar,0,0,0,0,0,108,50,49,0,207,108,50,49,0,207,20,0,20,227
06/24/2007,MHT,NH,ANE,EN,Towers with Radar,112,46,14,0,172,0,0,36,0,36,112,46,50,0,208,2,0,2,210
06/25/2007,MHT,NH,ANE,EN,Towers with Radar,116,70,46,0,232,0,0,49,0,49,116,70,95,0,281,30,0,30,311
06/26/2007,MHT,NH,ANE,EN,Towers with Radar,124,89,29,2,244,0,0,37,2,39,124,89,66,4,283,18,0,18,301
06/27/2007,MHT,NH,ANE,EN,Towers with Radar,118,76,31,11,236,0,0,22,2,24,118,76,53,13,260,22,2,24,284
06/28/2007,MHT,NH,ANE,EN,Towers with Radar,127,75,46,4,252,0,0,30,0,30,127,75,76,4,282,16,0,16,298
06/29/2007,MHT,NH,ANE,EN,Towers with Radar,136,84,56,1,277,0,1,48,0,49,136,85,104,1,326,6,0,6,332
06/30/2007,MHT,NH,ANE,EN,Towers with Radar,119,54,38,0,211,0,2,34,0,36,119,56,72,0,247,42,0,42,289
07/01/2007,MHT,NH,ANE,EN,Towers with Radar,109,49,43,0,201,0,0,38,0,38,109,49,81,0,239,2,0,2,241
07/02/2007,MHT,NH,ANE,EN,Towers with Radar,108,80,28,2,218,0,0,32,0,32,108,80,60,2,250,10,0,10,260
07/03/2007,MHT,NH,ANE,EN,Towers with Radar,121,78,43,2,244,0,1,52,0,53,121,79,95,2,297,6,0,6,303
07/04/2007,MHT,NH,ANE,EN,Towers with Radar,103,48,22,0,173,0,0,13,0,13,103,48,35,0,186,6,0,6,192
07/05/2007,MHT,NH,ANE,EN,Towers with Radar,112,77,30,0,219,0,0,9,0,9,112,77,39,0,228,0,0,0,228
07/06/2007,MHT,NH,ANE,EN,Towers with Radar,117,67,34,0,218,0,0,26,0,26,117,67,60,0,244,16,0,16,260
07/07/2007,MHT,NH,ANE,EN,Towers with Radar,113,47,25,0,185,0,0,22,0,22,113,47,47,0,207,22,0,22,229
07/08/2007,MHT,NH,ANE,EN,Towers with Radar,114,45,35,3,197,0,0,34,0,34,114,45,69,3,231,14,0,14,245
07/09/2007,MHT,NH,ANE,EN,Towers with Radar,113,84,41,0,238,0,0,5,0,5,113,84,46,0,243,0,0,0,243
07/10/2007,MHT,NH,ANE,EN,Towers with Radar,112,80,34,2,228,0,0,7,0,7,112,80,41,2,235,4,0,4,239
07/11/2007,MHT,NH,ANE,EN,Towers with Radar,112,73,37,2,224,0,0,18,1,19,112,73,55,3,243,0,0,0,243
07/12/2007,MHT,NH,ANE,EN,Towers with Radar,131,86,37,0,254,0,0,0,0,0,131,86,37,0,254,32,0,32,286
07/13/2007,MHT,NH,ANE,EN,Towers with Radar,122,81,33,0,236,0,5,38,0,43,122,86,71,0,279,0,0,0,279
07/14/2007,MHT,NH,ANE,EN,Towers with Radar,111,55,34,0,200,0,0,46,1,47,111,55,80,1,247,20,0,20,267
07/15/2007,MHT,NH,ANE,EN,Towers with Radar,105,38,22,0,165,0,0,11,0,11,105,38,33,0,176,0,0,0,176
07/16/2007,MHT,NH,ANE,EN,Towers with Radar,125,71,38,1,235,0,0,56,0,56,125,71,94,1,291,32,0,32,323
07/17/2007,MHT,NH,ANE,EN,Towers with Radar,121,91,38,0,250,0,0,42,0,42,121,91,80,0,292,48,0,48,340
07/18/2007,MHT,NH,ANE,EN,Towers with Radar,123,76,38,0,237,0,0,4,0,4,123,76,42,0,241,0,0,0,241
07/19/2007,MHT,NH,ANE,EN,Towers with Radar,116,79,46,0,241,0,0,4,0,4,116,79,50,0,245,14,0,14,259
07/20/2007,MHT,NH,ANE,EN,Towers with Radar,131,88,47,0,266,0,1,37,0,38,131,89,84,0,304,0,0,0,304
07/21/2007,MHT,NH,ANE,EN,Towers with Radar,107,48,14,0,169,0,0,29,0,29,107,48,43,0,198,16,0,16,214
07/22/2007,MHT,NH,ANE,EN,Towers with Radar,112,49,19,0,180,0,0,33,0,33,112,49,52,0,213,2,0,2,215
07/23/2007,MHT,NH,ANE,EN,Towers with Radar,115,77,46,0,238,0,0,10,0,10,115,77,56,0,248,10,0,10,258
07/24/2007,MHT,NH,ANE,EN,Towers with Radar,133,77,48,2,260,0,2,9,0,11,133,79,57,2,271,8,0,8,279
07/25/2007,MHT,NH,ANE,EN,Towers with Radar,130,87,32,16,265,0,0,38,0,38,130,87,70,16,303,6,0,6,309
07/26/2007,MHT,NH,ANE,EN,Towers with Radar,122,92,76,4,294,0,1,0,0,1,122,93,76,4,295,0,0,0,295
07/27/2007,MHT,NH,ANE,EN,Towers with Radar,117,72,46,0,235,0,1,0,0,1,117,73,46,0,236,33,1,34,270
07/28/2007,MHT,NH,ANE,EN,Towers with Radar,115,54,38,0,207,0,0,0,0,0,115,54,38,0,207,0,0,0,207
07/29/2007,MHT,NH,ANE,EN,Towers with Radar,90,28,35,2,155,0,0,15,0,15,90,28,50,2,170,20,0,20,190
07/30/2007,MHT,NH,ANE,EN,Towers with Radar,130,56,58,1,245,0,0,8,0,8,130,56,66,1,253,8,0,8,261
07/31/2007,MHT,NH,ANE,EN,Towers with Radar,132,85,35,4,256,0,2,41,0,43,132,87,76,4,299,20,0,20,319
08/01/2007,MHT,NH,ANE,EN,Towers with Radar,127,86,31,0,244,0,1,56,0,57,127,87,87,0,301,60,0,60,361
08/02/2007,MHT,NH,ANE,EN,Towers with Radar,128,82,78,0,288,0,0,0,0,0,128,82,78,0,288,20,0,20,308
08/03/2007,MHT,NH,ANE,EN,Towers with Radar,134,64,35,0,233,0,1,36,0,37,134,65,71,0,270,4,0,4,274
08/04/2007,MHT,NH,ANE,EN,Towers with Radar,105,59,34,0,198,0,0,17,0,17,105,59,51,0,215,10,0,10,225
08/05/2007,MHT,NH,ANE,EN,Towers with Radar,104,44,12,0,160,0,3,36,0,39,104,47,48,0,199,0,0,0,199
08/06/2007,MHT,NH,ANE,EN,Towers with Radar,109,60,57,0,226,0,0,1,0,1,109,60,58,0,227,0,0,0,227
08/07/2007,MHT,NH,ANE,EN,Towers with Radar,128,87,42,0,257,0,0,21,0,21,128,87,63,0,278,21,0,21,299
08/08/2007,MHT,NH,ANE,EN,Towers with Radar,122,88,40,0,250,0,1,8,0,9,122,89,48,0,259,24,0,24,283
08/09/2007,MHT,NH,ANE,EN,Towers with Radar,112,88,30,0,230,0,2,81,0,83,112,90,111,0,313,42,0,42,355
08/10/2007,MHT,NH,ANE,EN,Towers with Radar,133,70,38,0,241,0,0,17,0,17,133,70,55,0,258,0,0,0,258
08/11/2007,MHT,NH,ANE,EN,Towers with Radar,109,48,27,0,184,0,0,36,0,36,109,48,63,0,220,0,0,0,220
08/12/2007,MHT,NH,ANE,EN,Towers with Radar,109,41,20,0,170,0,0,28,2,30,109,41,48,2,200,20,0,20,220
08/13/2007,MHT,NH,ANE,EN,Towers with Radar,105,84,37,1,227,0,0,21,1,22,105,84,58,2,249,4,0,4,253
08/14/2007,MHT,NH,ANE,EN,Towers with Radar,123,77,26,0,226,0,0,43,0,43,123,77,69,0,269,12,0,12,281
08/15/2007,MHT,NH,ANE,EN,Towers with Radar,127,74,41,0,242,0,0,19,0,19,127,74,60,0,261,32,0,32,293
08/16/2007,MHT,NH,ANE,EN,Towers with Radar,128,83,34,0,245,0,3,47,1,51,128,86,81,1,296,26,0,26,322
08/17/2007,MHT,NH,ANE,EN,Towers with Radar,121,71,45,0,237,0,0,33,0,33,121,71,78,0,270,10,0,10,280
08/18/2007,MHT,NH,ANE,EN,Towers with Radar,0,0,0,0,0,117,37,60,0,214,117,37,60,0,214,4,0,4,218
08/19/2007,MHT,NH,ANE,EN,Towers with Radar,105,41,30,0,176,953,0,33,2,988,1058,41,63,2,1164,36,0,36,1200
08/20/2007,MHT,NH,ANE,EN,Towers with Radar,110,73,31,0,214,0,0,42,0,42,110,73,73,0,256,42,0,42,298
08/21/2007,MHT,NH,ANE,EN,Towers with Radar,122,89,35,0,246,0,0,44,0,44,122,89,79,0,290,32,0,32,322
08/22/2007,MHT,NH,ANE,EN,Towers with Radar,140,81,59,0,280,0,1,37,1,39,140,82,96,1,319,14,0,14,333
08/23/2007,MHT,NH,ANE,EN,Towers with Radar,115,73,51,0,239,0,0,12,2,14,115,73,63,2,253,10,0,10,263
08/24/2007,MHT,NH,ANE,EN,Towers with Radar,126,69,28,0,223,0,0,19,3,22,126,69,47,3,245,4,0,4,249
08/25/2007,MHT,NH,ANE,EN,Towers with Radar,0,0,0,0,0,120,62,41,2,225,120,62,41,2,225,2,0,2,227
08/26/2007,MHT,NH,ANE,EN,Towers with Radar,120,42,33,0,195,0,0,29,0,29,120,42,62,0,224,12,0,12,236
08/27/2007,MHT,NH,ANE,EN,Towers with Radar,117,70,40,0,227,0,0,37,0,37,117,70,77,0,264,10,0,10,274
08/28/2007,MHT,NH,ANE,EN,Towers with Radar,128,90,25,0,243,0,0,42,0,42,128,90,67,0,285,28,0,28,313
08/29/2007,MHT,NH,ANE,EN,Towers with Radar,139,80,25,0,244,0,2,44,1,47,139,82,69,1,291,16,0,16,307
08/30/2007,MHT,NH,ANE,EN,Towers with Radar,139,71,39,0,249,0,0,23,0,23,139,71,62,0,272,12,0,12,284
08/31/2007,MHT,NH,ANE,EN,Towers with Radar,141,75,53,0,269,0,0,14,0,14,141,75,67,0,283,0,0,0,283
09/01/2007,MHT,NH,ANE,EN,Towers with Radar,114,43,19,0,176,0,0,0,0,0,114,43,19,0,176,16,0,16,192
09/02/2007,MHT,NH,ANE,EN,Towers with Radar,86,32,14,0,132,0,0,30,0,30,86,32,44,0,162,4,0,4,166
09/03/2007,MHT,NH,ANE,EN,Towers with Radar,117,55,17,1,190,0,0,44,0,44,117,55,61,1,234,8,0,8,242
09/04/2007,MHT,NH,ANE,EN,Towers with Radar,120,74,28,0,222,0,3,37,0,40,120,77,65,0,262,20,0,20,282
09/05/2007,MHT,NH,ANE,EN,Towers with Radar,132,80,27,0,239,0,0,43,0,43,132,80,70,0,282,2,0,2,284
09/06/2007,MHT,NH,ANE,EN,Towers with Radar,110,99,46,0,255,0,2,37,0,39,110,101,83,0,294,14,0,14,308
09/07/2007,MHT,NH,ANE,EN,Towers with Radar,113,85,28,0,226,0,0,40,0,40,113,85,68,0,266,6,0,6,272
09/08/2007,MHT,NH,ANE,EN,Towers with Radar,110,48,68,1,227,0,0,49,0,49,110,48,117,1,276,24,0,24,300
09/09/2007,MHT,NH,ANE,EN,Towers with Radar,104,47,78,0,229,0,0,3,0,3,104,47,81,0,232,0,0,0,232
09/10/2007,MHT,NH,ANE,EN,Towers with Radar,113,76,33,0,222,0,0,0,0,0,113,76,33,0,222,0,0,0,222
09/11/2007,MHT,NH,ANE,EN,Towers with Radar,121,91,27,0,239,0,0,0,0,0,121,91,27,0,239,0,0,0,239
09/12/2007,MHT,NH,ANE,EN,Towers with Radar,114,89,23,0,226,0,1,30,2,33,114,90,53,2,259,13,0,13,272
09/13/2007,MHT,NH,ANE,EN,Towers with Radar,123,96,54,10,283,0,4,43,3,50,123,100,97,13,333,30,0,30,363
09/14/2007,MHT,NH,ANE,EN,Towers with Radar,120,88,37,0,245,0,0,38,0,38,120,88,75,0,283,12,0,12,295
09/15/2007,MHT,NH,ANE,EN,Towers with Radar,88,53,11,0,152,0,0,2,0,2,88,53,13,0,154,0,0,0,154
09/16/2007,MHT,NH,ANE,EN,Towers with Radar,108,56,40,0,204,0,0,48,0,48,108,56,88,0,252,18,0,18,270
09/17/2007,MHT,NH,ANE,EN,Towers with Radar,114,81,17,0,212,0,1,40,0,41,114,82,57,0,253,6,0,6,259
09/18/2007,MHT,NH,ANE,EN,Towers with Radar,124,86,27,0,237,0,0,42,0,42,124,86,69,0,279,18,0,18,297
09/19/2007,MHT,NH,ANE,EN,Towers with Radar,129,87,30,0,246,0,5,30,0,35,129,92,60,0,281,4,0,4,285
09/20/2007,MHT,NH,ANE,EN,Towers with Radar,115,87,23,6,231,0,0,49,2,51,115,87,72,8,282,22,0,22,304
09/21/2007,MHT,NH,ANE,EN,Towers with Radar,125,90,34,8,257,0,2,51,0,53,125,92,85,8,310,8,0,8,318
09/22/2007,MHT,NH,ANE,EN,Towers with Radar,107,46,26,0,179,0,0,14,0,14,107,46,40,0,193,6,0,6,199
09/23/2007,MHT,NH,ANE,EN,Towers with Radar,93,45,21,0,159,0,0,47,0,47,93,45,68,0,206,47,0,47,253
09/24/2007,MHT,NH,ANE,EN,Towers with Radar,112,82,33,0,227,0,3,39,0,42,112,85,72,0,269,38,0,38,307
09/25/2007,MHT,NH,ANE,EN,Towers with Radar,117,93,29,0,239,0,0,40,0,40,117,93,69,0,279,16,0,16,295
09/26/2007,MHT,NH,ANE,EN,Towers with Radar,118,92,23,4,237,0,2,18,0,20,118,94,41,4,257,6,0,6,263
09/27/2007,MHT,NH,ANE,EN,Towers with Radar,121,81,26,15,243,0,0,15,1,16,121,81,41,16,259,0,6,6,265
09/28/2007,MHT,NH,ANE,EN,Towers with Radar,129,79,43,0,251,0,0,20,0,20,129,79,63,0,271,10,0,10,281
09/29/2007,MHT,NH,ANE,EN,Towers with Radar,105,44,33,1,183,0,0,22,0,22,105,44,55,1,205,32,0,32,237
09/30/2007,MHT,NH,ANE,EN,Towers with Radar,106,40,22,0,168,0,0,34,0,34,106,40,56,0,202,44,0,44,246
10/01/2007,MHT,NH,ANE,EN,Towers with Radar,111,86,26,0,223,0,0,0,0,0,111,86,26,0,223,20,0,20,243
10/02/2007,MHT,NH,ANE,EN,Towers with Radar,122,93,29,28,272,0,0,19,1,20,122,93,48,29,292,14,2,16,308
10/03/2007,MHT,NH,ANE,EN,Towers with Radar,124,98,36,0,258,0,0,2,1,3,124,98,38,1,261,10,0,10,271
10/04/2007,MHT,NH,ANE,EN,Towers with Radar,119,87,29,6,241,0,3,40,0,43,119,90,69,6,284,18,0,18,302
10/05/2007,MHT,NH,ANE,EN,Towers with Radar,119,64,51,1,235,0,1,39,2,42,119,65,90,3,277,6,0,6,283
10/06/2007,MHT,NH,ANE,EN,Towers with Radar,120,46,30,1,197,0,0,19,0,19,120,46,49,1,216,13,0,13,229
10/07/2007,MHT,NH,ANE,EN,Towers with Radar,111,38,25,0,174,0,0,12,0,12,111,38,37,0,186,6,0,6,192
10/08/2007,MHT,NH,ANE,EN,Towers with Radar,118,76,43,0,237,0,0,0,0,0,118,76,43,0,237,0,0,0,237
10/09/2007,MHT,NH,ANE,EN,Towers with Radar,122,73,42,0,237,0,0,30,0,30,122,73,72,0,267,4,0,4,271
10/10/2007,MHT,NH,ANE,EN,Towers with Radar,128,100,51,8,287,0,0,0,0,0,128,100,51,8,287,0,0,0,287
10/11/2007,MHT,NH,ANE,EN,Towers with Radar,126,81,29,0,236,0,0,0,0,0,126,81,29,0,236,0,0,0,236
10/12/2007,MHT,NH,ANE,EN,Towers with Radar,139,64,39,0,242,0,0,0,0,0,139,64,39,0,242,10,0,10,252
10/13/2007,MHT,NH,ANE,EN,Towers with Radar,110,47,29,0,186,0,0,36,0,36,110,47,65,0,222,10,0,10,232
10/14/2007,MHT,NH,ANE,EN,Towers with Radar,103,40,34,1,178,0,0,26,0,26,103,40,60,1,204,10,0,10,214
10/15/2007,MHT,NH,ANE,EN,Towers with Radar,116,75,36,0,227,0,0,29,0,29,116,75,65,0,256,12,0,12,268
10/16/2007,MHT,NH,ANE,EN,Towers with Radar,128,87,34,3,252,0,0,54,0,54,128,87,88,3,306,14,0,14,320
10/17/2007,MHT,NH,ANE,EN,Towers with Radar,118,97,41,0,256,0,2,57,0,59,118,99,98,0,315,59,0,59,374
10/18/2007,MHT,NH,ANE,EN,Towers with Radar,130,95,51,0,276,0,0,7,2,9,130,95,58,2,285,0,0,0,285
10/19/2007,MHT,NH,ANE,EN,Towers with Radar,132,66,43,0,241,0,0,0,0,0,132,66,43,0,241,0,0,0,241
10/20/2007,MHT,NH,ANE,EN,Towers with Radar,113,46,30,3,192,0,0,13,0,13,113,46,43,3,205,14,0,14,219
10/21/2007,MHT,NH,ANE,EN,Towers with Radar,105,46,28,0,179,0,0,34,0,34,105,46,62,0,213,12,0,12,225
10/22/2007,MHT,NH,ANE,EN,Towers with Radar,115,72,7,1,195,0,0,38,1,39,115,72,45,2,234,14,0,14,248
10/23/2007,MHT,NH,ANE,EN,Towers with Radar,121,93,38,2,254,0,0,9,0,9,121,93,47,2,263,8,0,8,271
10/24/2007,MHT,NH,ANE,EN,Towers with Radar,122,82,45,2,251,0,0,17,0,17,122,82,62,2,268,14,0,14,282
10/25/2007,MHT,NH,ANE,EN,Towers with Radar,123,97,35,2,257,0,1,31,1,33,123,98,66,3,290,0,0,0,290
10/26/2007,MHT,NH,ANE,EN,Towers with Radar,120,78,23,1,222,0,0,18,0,18,120,78,41,1,240,20,0,20,260
10/27/2007,MHT,NH,ANE,EN,Towers with Radar,118,54,19,0,191,0,0,0,0,0,118,54,19,0,191,0,0,0,191
10/28/2007,MHT,NH,ANE,EN,Towers with Radar,101,41,28,1,171,0,0,19,2,21,101,41,47,3,192,8,0,8,200
10/29/2007,MHT,NH,ANE,EN,Towers with Radar,108,87,17,2,214,0,0,16,0,16,108,87,33,2,230,12,0,12,242
10/30/2007,MHT,NH,ANE,EN,Towers with Radar,123,84,31,0,238,0,0,27,0,27,123,84,58,0,265,0,0,0,265
10/31/2007,MHT,NH,ANE,EN,Towers with Radar,116,92,19,0,227,0,0,18,0,18,116,92,37,0,245,10,0,10,255
11/01/2007,MHT,NH,ANE,EN,Towers with Radar,118,90,26,1,235,0,6,13,1,20,118,96,39,2,255,20,0,20,275
11/02/2007,MHT,NH,ANE,EN,Towers with Radar,116,80,31,12,239,0,0,27,1,28,116,80,58,13,267,16,6,22,289
11/03/2007,MHT,NH,ANE,EN,Towers with Radar,108,43,10,3,164,0,0,0,0,0,108,43,10,3,164,0,0,0,164
11/04/2007,MHT,NH,ANE,EN,Towers with Radar,110,36,12,1,159,0,0,16,0,16,110,36,28,1,175,2,0,2,177
11/05/2007,MHT,NH,ANE,EN,Towers with Radar,111,69,21,0,201,0,0,21,2,23,111,69,42,2,224,14,0,14,238
11/06/2007,MHT,NH,ANE,EN,Towers with Radar,129,77,22,0,228,0,0,4,0,4,129,77,26,0,232,10,0,10,242
11/07/2007,MHT,NH,ANE,EN,Towers with Radar,118,95,20,10,243,0,1,18,0,19,118,96,38,10,262,18,0,18,280
11/08/2007,MHT,NH,ANE,EN,Towers with Radar,119,85,24,17,245,0,0,24,0,24,119,85,48,17,269,13,0,13,282
11/09/2007,MHT,NH,ANE,EN,Towers with Radar,119,74,17,3,213,0,0,21,1,22,119,74,38,4,235,24,1,25,260
11/10/2007,MHT,NH,ANE,EN,Towers with Radar,106,44,13,0,163,0,0,7,0,7,106,44,20,0,170,64,0,64,234
11/11/2007,MHT,NH,ANE,EN,Towers with Radar,102,41,13,2,158,0,0,36,0,36,102,41,49,2,194,42,0,42,236
11/12/2007,MHT,NH,ANE,EN,Towers with Radar,114,69,32,0,215,0,3,18,0,21,114,72,50,0,236,16,0,16,252
11/13/2007,MHT,NH,ANE,EN,Towers with Radar,120,84,23,0,227,0,0,12,0,12,120,84,35,0,239,2,0,2,241
11/14/2007,MHT,NH,ANE,EN,Towers with Radar,120,88,21,4,233,0,0,19,0,19,120,88,40,4,252,18,0,18,270
11/15/2007,MHT,NH,ANE,EN,Towers with Radar,121,81,16,0,218,0,0,0,0,0,121,81,16,0,218,0,0,0,218
11/16/2007,MHT,NH,ANE,EN,Towers with Radar,119,57,28,0,204,0,0,1,0,1,119,57,29,0,205,6,6,12,217
11/17/2007,MHT,NH,ANE,EN,Towers with Radar,103,38,11,2,154,0,0,15,2,17,103,38,26,4,171,24,0,24,195
11/18/2007,MHT,NH,ANE,EN,Towers with Radar,112,37,13,1,163,0,0,40,0,40,112,37,53,1,203,30,0,30,233
11/19/2007,MHT,NH,ANE,EN,Towers with Radar,97,78,13,10,198,0,0,22,1,23,97,78,35,11,221,8,0,8,229
11/20/2007,MHT,NH,ANE,EN,Towers with Radar,134,89,18,0,241,0,0,0,0,0,134,89,18,0,241,0,0,0,241
11/21/2007,MHT,NH,ANE,EN,Towers with Radar,127,85,11,0,223,0,0,0,0,0,127,85,11,0,223,0,0,0,223
11/22/2007,MHT,NH,ANE,EN,Towers with Radar,81,49,3,0,133,0,0,0,0,0,81,49,3,0,133,0,0,0,133
11/23/2007,MHT,NH,ANE,EN,Towers with Radar,83,53,14,0,150,0,0,14,0,14,83,53,28,0,164,6,0,6,170
11/24/2007,MHT,NH,ANE,EN,Towers with Radar,102,36,16,0,154,0,0,15,0,15,102,36,31,0,169,2,0,2,171
11/25/2007,MHT,NH,ANE,EN,Towers with Radar,113,45,34,0,192,0,0,29,0,29,113,45,63,0,221,6,0,6,227
11/26/2007,MHT,NH,ANE,EN,Towers with Radar,117,72,19,0,208,0,0,1,0,1,117,72,20,0,209,0,0,0,209
11/27/2007,MHT,NH,ANE,EN,Towers with Radar,129,91,24,2,246,0,0,11,0,11,129,91,35,2,257,6,0,6,263
11/28/2007,MHT,NH,ANE,EN,Towers with Radar,123,101,10,8,242,0,0,17,0,17,123,101,27,8,259,34,0,34,293
11/29/2007,MHT,NH,ANE,EN,Towers with Radar,128,88,18,2,236,0,0,8,0,8,128,88,26,2,244,30,0,30,274
11/30/2007,MHT,NH,ANE,EN,Towers with Radar,127,71,20,6,224,0,0,25,1,26,127,71,45,7,250,9,0,9,259
12/01/2007,MHT,NH,ANE,EN,Towers with Radar,93,44,16,0,153,0,0,0,0,0,93,44,16,0,153,0,5,5,158
12/02/2007,MHT,NH,ANE,EN,Towers with Radar,109,25,11,0,145,0,0,9,0,9,109,25,20,0,154,6,0,6,160
12/03/2007,MHT,NH,ANE,EN,Towers with Radar,99,65,5,0,169,0,0,0,0,0,99,65,5,0,169,0,0,0,169
12/04/2007,MHT,NH,ANE,EN,Towers with Radar,122,85,16,2,225,0,1,5,0,6,122,86,21,2,231,0,0,0,231
12/05/2007,MHT,NH,ANE,EN,Towers with Radar,121,86,22,0,229,0,0,13,0,13,121,86,35,0,242,2,0,2,244
12/06/2007,MHT,NH,ANE,EN,Towers with Radar,128,83,18,0,229,0,0,21,0,21,128,83,39,0,250,26,0,26,276
12/07/2007,MHT,NH,ANE,EN,Towers with Radar,113,64,24,0,201,0,0,8,0,8,113,64,32,0,209,8,0,8,217
12/08/2007,MHT,NH,ANE,EN,Towers with Radar,94,46,20,0,160,0,2,23,0,25,94,48,43,0,185,22,0,22,207
12/09/2007,MHT,NH,ANE,EN,Towers with Radar,103,37,20,0,160,0,1,17,0,18,103,38,37,0,178,12,0,12,190
12/10/2007,MHT,NH,ANE,EN,Towers with Radar,101,71,22,0,194,0,1,6,0,7,101,72,28,0,201,0,0,0,201
12/11/2007,MHT,NH,ANE,EN,Towers with Radar,126,79,26,6,237,0,0,8,0,8,126,79,34,6,245,2,0,2,247
12/12/2007,MHT,NH,ANE,EN,Towers with Radar,136,92,16,0,244,0,0,25,0,25,136,92,41,0,269,6,0,6,275
12/13/2007,MHT,NH,ANE,EN,Towers with Radar,95,53,16,2,166,0,0,12,2,14,95,53,28,4,180,12,0,12,192
12/14/2007,MHT,NH,ANE,EN,Towers with Radar,124,75,28,0,227,0,0,11,2,13,124,75,39,2,240,0,0,0,240
12/15/2007,MHT,NH,ANE,EN,Towers with Radar,88,45,28,0,161,0,0,26,3,29,88,45,54,3,190,6,0,6,196
12/16/2007,MHT,NH,ANE,EN,Towers with Radar,66,9,2,0,77,0,0,0,0,0,66,9,2,0,77,0,0,0,77
12/17/2007,MHT,NH,ANE,EN,Towers with Radar,107,66,20,0,193,0,0,7,0,7,107,66,27,0,200,10,0,10,210
12/18/2007,MHT,NH,ANE,EN,Towers with Radar,143,88,23,0,254,0,0,32,0,32,143,88,55,0,286,10,0,10,296
12/19/2007,MHT,NH,ANE,EN,Towers with Radar,133,86,28,0,247,0,0,6,0,6,133,86,34,0,253,8,0,8,261
12/20/2007,MHT,NH,ANE,EN,Towers with Radar,129,68,23,0,220,0,0,0,0,0,129,68,23,0,220,0,0,0,220
12/21/2007,MHT,NH,ANE,EN,Towers with Radar,131,67,27,0,225,0,0,11,0,11,131,67,38,0,236,11,0,11,247
12/22/2007,MHT,NH,ANE,EN,Towers with Radar,108,53,18,0,179,0,1,0,0,1,108,54,18,0,180,2,0,2,182
12/23/2007,MHT,NH,ANE,EN,Towers with Radar,110,33,8,0,151,0,0,0,0,0,110,33,8,0,151,0,0,0,151
12/24/2007,MHT,NH,ANE,EN,Towers with Radar,105,56,17,0,178,0,0,6,0,6,105,56,23,0,184,0,0,0,184
12/25/2007,MHT,NH,ANE,EN,Towers with Radar,83,25,3,0,111,0,0,4,0,4,83,25,7,0,115,0,0,0,115
12/26/2007,MHT,NH,ANE,EN,Towers with Radar,113,67,15,0,195,0,1,28,0,29,113,68,43,0,224,18,0,18,242
12/27/2007,MHT,NH,ANE,EN,Towers with Radar,119,67,20,0,206,0,0,0,0,0,119,67,20,0,206,0,0,0,206
12/28/2007,MHT,NH,ANE,EN,Towers with Radar,122,70,29,0,221,0,0,11,0,11,122,70,40,0,232,10,0,10,242
12/29/2007,MHT,NH,ANE,EN,Towers with Radar,108,43,3,0,154,0,0,4,0,4,108,43,7,0,158,2,0,2,160
12/30/2007,MHT,NH,ANE,EN,Towers with Radar,101,35,8,0,144,0,0,20,0,20,101,35,28,0,164,18,0,18,182
12/31/2007,MHT,NH,ANE,EN,Towers with Radar,94,43,3,0,140,0,0,4,0,4,94,43,7,0,144,0,0,0,144
01/01/2008,MHT,NH,ANE,EN,Towers with Radar,87,26,6,0,119,0,0,2,0,2,87,26,8,0,121,0,0,0,121
01/02/2008,MHT,NH,ANE,EN,Towers with Radar,118,84,12,0,214,0,0,7,0,7,118,84,19,0,221,8,0,8,229
01/03/2008,MHT,NH,ANE,EN,Towers with Radar,131,73,7,0,211,0,0,10,0,10,131,73,17,0,221,0,0,0,221
01/04/2008,MHT,NH,ANE,EN,Towers with Radar,130,72,51,1,254,0,0,10,5,15,130,72,61,6,269,2,0,2,271
01/05/2008,MHT,NH,ANE,EN,Towers with Radar,99,43,18,0,160,0,0,15,0,15,99,43,33,0,175,15,0,15,190
01/06/2008,MHT,NH,ANE,EN,Towers with Radar,97,42,29,0,168,0,0,10,2,12,97,42,39,2,180,6,0,6,186
01/07/2008,MHT,NH,ANE,EN,Towers with Radar,104,72,35,1,212,0,0,8,0,8,104,72,43,1,220,4,0,4,224
01/08/2008,MHT,NH,ANE,EN,Towers with Radar,122,88,45,0,255,0,1,11,0,12,122,89,56,0,267,0,0,0,267
01/09/2008,MHT,NH,ANE,EN,Towers with Radar,122,92,25,0,239,0,0,4,0,4,122,92,29,0,243,12,0,12,255
01/10/2008,MHT,NH,ANE,EN,Towers with Radar,114,64,36,8,222,0,3,9,0,12,114,67,45,8,234,8,0,8,242
01/11/2008,MHT,NH,ANE,EN,Towers with Radar,117,62,10,0,189,0,0,0,0,0,117,62,10,0,189,0,0,0,189
01/12/2008,MHT,NH,ANE,EN,Towers with Radar,95,40,13,6,154,0,1,30,5,36,95,41,43,11,190,10,0,10,200
01/13/2008,MHT,NH,ANE,EN,Towers with Radar,88,26,17,0,131,0,0,23,0,23,88,26,40,0,154,23,0,23,177
01/14/2008,MHT,NH,ANE,EN,Towers with Radar,100,41,5,0,146,0,0,2,0,2,100,41,7,0,148,0,0,0,148
01/15/2008,MHT,NH,ANE,EN,Towers with Radar,113,85,21,0,219,0,0,9,0,9,113,85,30,0,228,2,0,2,230
01/16/2008,MHT,NH,ANE,EN,Towers with Radar,120,79,49,3,251,0,3,17,0,20,120,82,66,3,271,2,0,2,273
01/17/2008,MHT,NH,ANE,EN,Towers with Radar,107,74,16,2,199,0,2,13,0,15,107,76,29,2,214,0,0,0,214
01/18/2008,MHT,NH,ANE,EN,Towers with Radar,125,59,14,0,198,0,0,5,0,5,125,59,19,0,203,0,0,0,203
01/19/2008,MHT,NH,ANE,EN,Towers with Radar,100,38,16,0,154,0,0,6,0,6,100,38,22,0,160,6,0,6,166
01/20/2008,MHT,NH,ANE,EN,Towers with Radar,102,36,8,0,146,0,0,5,0,5,102,36,13,0,151,16,0,16,167
01/21/2008,MHT,NH,ANE,EN,Towers with Radar,97,66,7,0,170,0,0,15,0,15,97,66,22,0,185,2,0,2,187
01/22/2008,MHT,NH,ANE,EN,Towers with Radar,107,87,9,7,210,0,0,11,1,12,107,87,20,8,222,2,0,2,224
01/23/2008,MHT,NH,ANE,EN,Towers with Radar,110,81,10,0,201,0,1,5,0,6,110,82,15,0,207,12,0,12,219
01/24/2008,MHT,NH,ANE,EN,Towers with Radar,116,82,12,0,210,0,0,18,0,18,116,82,30,0,228,26,0,26,254
01/25/2008,MHT,NH,ANE,EN,Towers with Radar,115,72,17,0,204,0,1,8,0,9,115,73,25,0,213,0,0,0,213
01/26/2008,MHT,NH,ANE,EN,Towers with Radar,92,37,12,0,141,0,0,19,0,19,92,37,31,0,160,16,0,16,176
01/27/2008,MHT,NH,ANE,EN,Towers with Radar,93,36,5,0,134,0,0,0,0,0,93,36,5,0,134,0,0,0,134
01/28/2008,MHT,NH,ANE,EN,Towers with Radar,98,61,11,4,174,0,0,19,0,19,98,61,30,4,193,22,0,22,215
01/29/2008,MHT,NH,ANE,EN,Towers with Radar,122,75,14,0,211,0,0,38,2,40,122,75,52,2,251,18,0,18,269
01/30/2008,MHT,NH,ANE,EN,Towers with Radar,112,77,23,0,212,0,0,1,0,1,112,77,24,0,213,4,0,4,217
01/31/2008,MHT,NH,ANE,EN,Towers with Radar,112,77,25,0,214,0,0,23,0,23,112,77,48,0,237,34,0,34,271
02/01/2008,MHT,NH,ANE,EN,Towers with Radar,104,50,7,0,161,0,0,1,0,1,104,50,8,0,162,0,0,0,162
02/02/2008,MHT,NH,ANE,EN,Towers with Radar,96,45,20,0,161,0,0,9,0,9,96,45,29,0,170,9,0,9,179
02/03/2008,MHT,NH,ANE,EN,Towers with Radar,95,33,16,0,144,0,0,14,0,14,95,33,30,0,158,14,0,14,172
02/04/2008,MHT,NH,ANE,EN,Towers with Radar,95,74,28,10,207,0,0,12,0,12,95,74,40,10,219,12,0,12,231
02/05/2008,MHT,NH,ANE,EN,Towers with Radar,109,72,10,0,191,0,0,0,0,0,109,72,10,0,191,0,0,0,191
02/06/2008,MHT,NH,ANE,EN,Towers with Radar,112,65,24,0,201,0,0,0,0,0,112,65,24,0,201,0,0,0,201
02/07/2008,MHT,NH,ANE,EN,Towers with Radar,109,84,38,2,233,0,0,0,0,0,109,84,38,2,233,0,0,0,233
02/08/2008,MHT,NH,ANE,EN,Towers with Radar,111,68,13,8,200,0,0,0,0,0,111,68,13,8,200,0,0,0,200
02/09/2008,MHT,NH,ANE,EN,Towers with Radar,93,44,25,0,162,0,0,8,0,8,93,44,33,0,170,2,0,2,172
02/10/2008,MHT,NH,ANE,EN,Towers with Radar,93,29,11,0,133,0,0,0,0,0,93,29,11,0,133,0,0,0,133
02/11/2008,MHT,NH,ANE,EN,Towers with Radar,89,66,13,2,170,0,0,15,1,16,89,66,28,3,186,4,0,4,190
02/12/2008,MHT,NH,ANE,EN,Towers with Radar,98,72,22,2,194,0,0,12,6,18,98,72,34,8,212,10,0,10,222
02/13/2008,MHT,NH,ANE,EN,Towers with Radar,105,45,7,0,157,0,0,0,0,0,105,45,7,0,157,0,0,0,157
02/14/2008,MHT,NH,ANE,EN,Towers with Radar,115,82,18,0,215,0,2,7,0,9,115,84,25,0,224,6,0,6,230
02/15/2008,MHT,NH,ANE,EN,Towers with Radar,107,70,17,1,195,0,2,14,0,16,107,72,31,1,211,0,0,0,211
02/16/2008,MHT,NH,ANE,EN,Towers with Radar,94,46,19,0,159,0,0,21,0,21,94,46,40,0,180,2,0,2,182
02/17/2008,MHT,NH,ANE,EN,Towers with Radar,92,34,6,0,132,0,0,16,0,16,92,34,22,0,148,16,0,16,164
02/18/2008,MHT,NH,ANE,EN,Towers with Radar,85,78,17,0,180,0,0,0,0,0,85,78,17,0,180,0,0,0,180
02/19/2008,MHT,NH,ANE,EN,Towers with Radar,113,84,17,0,214,0,0,8,2,10,113,84,25,2,224,16,0,16,240
02/20/2008,MHT,NH,ANE,EN,Towers with Radar,109,90,40,2,241,0,5,8,0,13,109,95,48,2,254,4,0,4,258
02/21/2008,MHT,NH,ANE,EN,Towers with Radar,102,62,56,2,222,0,2,37,2,41,102,64,93,4,263,30,0,30,293
02/22/2008,MHT,NH,ANE,EN,Towers with Radar,96,55,8,0,159,0,0,0,0,0,96,55,8,0,159,0,0,0,159
02/23/2008,MHT,NH,ANE,EN,Towers with Radar,91,63,17,0,171,0,0,6,0,6,91,63,23,0,177,6,0,6,183
02/24/2008,MHT,NH,ANE,EN,Towers with Radar,92,34,23,0,149,0,0,26,0,26,92,34,49,0,175,0,0,0,175
02/25/2008,MHT,NH,ANE,EN,Towers with Radar,94,71,14,1,180,0,0,16,1,17,94,71,30,2,197,16,1,17,214
02/26/2008,MHT,NH,ANE,EN,Towers with Radar,107,66,13,0,186,0,0,7,0,7,107,66,20,0,193,0,0,0,193
02/27/2008,MHT,NH,ANE,EN,Towers with Radar,124,90,18,10,242,0,0,0,0,0,124,90,18,10,242,0,0,0,242
02/28/2008,MHT,NH,ANE,EN,Towers with Radar,106,67,39,0,212,0,0,17,1,18,106,67,56,1,230,2,0,2,232
02/29/2008,MHT,NH,ANE,EN,Towers with Radar,105,71,31,1,208,0,1,20,0,21,105,72,51,1,229,50,0,50,279
03/01/2008,MHT,NH,ANE,EN,Towers with Radar,86,47,6,0,139,0,0,2,0,2,86,47,8,0,141,2,0,2,143
03/02/2008,MHT,NH,ANE,EN,Towers with Radar,0,0,6,0,6,0,0,0,0,0,0,0,6,0,6,18,0,18,24
03/03/2008,MHT,NH,ANE,EN,Towers with Radar,99,81,18,0,198,0,0,16,0,16,99,81,34,0,214,10,0,10,224
03/04/2008,MHT,NH,ANE,EN,Towers with Radar,116,77,11,4,208,0,0,0,0,0,116,77,11,4,208,0,0,0,208
03/05/2008,MHT,NH,ANE,EN,Towers with Radar,116,76,14,7,213,0,0,0,0,0,116,76,14,7,213,2,0,2,215
03/06/2008,MHT,NH,ANE,EN,Towers with Radar,108,83,21,0,212,0,0,23,0,23,108,83,44,0,235,14,0,14,249
03/07/2008,MHT,NH,ANE,EN,Towers with Radar,117,59,14,9,199,0,0,4,0,4,117,59,18,9,203,0,0,0,203
03/08/2008,MHT,NH,ANE,EN,Towers with Radar,101,41,10,0,152,0,0,0,0,0,101,41,10,0,152,0,0,0,152
03/09/2008,MHT,NH,ANE,EN,Towers with Radar,0,0,3,0,3,0,0,0,0,0,0,0,3,0,3,0,0,0,3
03/10/2008,MHT,NH,ANE,EN,Towers with Radar,110,73,30,3,216,0,0,19,0,19,110,73,49,3,235,10,0,10,245
03/11/2008,MHT,NH,ANE,EN,Towers with Radar,106,82,27,0,215,0,2,28,0,30,106,84,55,0,245,8,0,8,253
03/12/2008,MHT,NH,ANE,EN,Towers with Radar,112,94,23,0,229,0,4,0,0,4,112,98,23,0,233,4,0,4,237
03/13/2008,MHT,NH,ANE,EN,Towers with Radar,109,95,25,1,230,0,0,11,0,11,109,95,36,1,241,8,1,9,250
03/14/2008,MHT,NH,ANE,EN,Towers with Radar,117,68,38,0,223,0,0,0,0,0,117,68,38,0,223,0,0,0,223
03/15/2008,MHT,NH,ANE,EN,Towers with Radar,45,22,4,0,71,48,22,3,0,73,93,44,7,0,144,0,0,0,144
03/16/2008,MHT,NH,ANE,EN,Towers with Radar,0,0,0,0,0,96,43,11,0,150,96,43,11,0,150,4,0,4,154
03/17/2008,MHT,NH,ANE,EN,Towers with Radar,93,74,17,0,184,0,0,8,0,8,93,74,25,0,192,6,0,6,198
03/18/2008,MHT,NH,ANE,EN,Towers with Radar,103,88,19,4,214,0,17,12,0,29,103,105,31,4,243,16,0,16,259
03/19/2008,MHT,NH,ANE,EN,Towers with Radar,93,68,14,0,175,0,0,0,0,0,93,68,14,0,175,0,0,0,175
03/20/2008,MHT,NH,ANE,EN,Towers with Radar,115,79,7,0,201,0,2,3,0,5,115,81,10,0,206,14,0,14,220
03/21/2008,MHT,NH,ANE,EN,Towers with Radar,118,72,11,0,201,0,1,1,0,2,118,73,12,0,203,0,0,0,203
03/22/2008,MHT,NH,ANE,EN,Towers with Radar,93,47,8,0,148,0,0,12,0,12,93,47,20,0,160,16,0,16,176
03/23/2008,MHT,NH,ANE,EN,Towers with Radar,91,47,6,3,147,0,0,12,1,13,91,47,18,4,160,16,0,16,176
03/24/2008,MHT,NH,ANE,EN,Towers with Radar,110,72,21,0,203,3,0,19,2,24,113,72,40,2,227,19,2,21,248
03/25/2008,MHT,NH,ANE,EN,Towers with Radar,112,91,28,6,237,0,2,19,1,22,112,93,47,7,259,16,0,16,275
03/26/2008,MHT,NH,ANE,EN,Towers with Radar,115,86,15,0,216,0,6,4,2,12,115,92,19,2,228,0,0,0,228
03/27/2008,MHT,NH,ANE,EN,Towers with Radar,105,92,12,4,213,0,0,21,6,27,105,92,33,10,240,6,0,6,246
03/28/2008,MHT,NH,ANE,EN,Towers with Radar,111,79,15,0,205,0,0,0,0,0,111,79,15,0,205,0,0,0,205
03/29/2008,MHT,NH,ANE,EN,Towers with Radar,10,10,6,1,27,84,47,18,0,149,94,57,24,1,176,4,0,4,180
03/30/2008,MHT,NH,ANE,EN,Towers with Radar,96,40,21,0,157,0,0,29,0,29,96,40,50,0,186,29,0,29,215
03/31/2008,MHT,NH,ANE,EN,Towers with Radar,103,69,12,0,184,0,0,7,0,7,103,69,19,0,191,4,0,4,195
04/01/2008,MHT,NH,ANE,EN,Towers with Radar,108,91,18,0,217,0,0,0,0,0,108,91,18,0,217,0,0,0,217
04/02/2008,MHT,NH,ANE,EN,Towers with Radar,118,69,13,0,200,0,0,9,0,9,118,69,22,0,209,2,0,2,211
04/03/2008,MHT,NH,ANE,EN,Towers with Radar,113,73,31,0,217,0,3,35,3,41,113,76,66,3,258,32,0,32,290
04/04/2008,MHT,NH,ANE,EN,Towers with Radar,109,67,8,0,184,0,0,0,0,0,109,67,8,0,184,0,0,0,184
04/05/2008,MHT,NH,ANE,EN,Towers with Radar,93,50,16,0,159,0,0,7,0,7,93,50,23,0,166,2,0,2,168
04/06/2008,MHT,NH,ANE,EN,Towers with Radar,93,36,8,5,142,0,0,2,0,2,93,36,10,5,144,24,0,24,168
04/07/2008,MHT,NH,ANE,EN,Towers with Radar,104,73,25,0,202,0,0,10,0,10,104,73,35,0,212,8,0,8,220
04/08/2008,MHT,NH,ANE,EN,Towers with Radar,110,93,19,1,223,0,0,28,1,29,110,93,47,2,252,46,0,46,298
04/09/2008,MHT,NH,ANE,EN,Towers with Radar,117,84,19,14,234,0,0,32,0,32,117,84,51,14,266,32,0,32,298
04/10/2008,MHT,NH,ANE,EN,Towers with Radar,111,76,30,1,218,0,0,19,3,22,111,76,49,4,240,19,3,22,262
04/11/2008,MHT,NH,ANE,EN,Towers with Radar,116,73,19,0,208,0,0,8,0,8,116,73,27,0,216,8,0,8,224
04/12/2008,MHT,NH,ANE,EN,Towers with Radar,99,44,17,0,160,0,0,12,0,12,99,44,29,0,172,12,0,12,184
04/13/2008,MHT,NH,ANE,EN,Towers with Radar,98,41,10,2,151,0,6,6,0,12,98,47,16,2,163,6,6,12,175
04/14/2008,MHT,NH,ANE,EN,Towers with Radar,101,72,17,1,191,0,0,14,0,14,101,72,31,1,205,14,0,14,219
04/15/2008,MHT,NH,ANE,EN,Towers with Radar,112,79,19,2,212,0,0,19,0,19,112,79,38,2,231,48,0,48,279
04/16/2008,MHT,NH,ANE,EN,Towers with Radar,113,84,15,6,218,0,7,27,1,35,113,91,42,7,253,6,0,6,259
04/17/2008,MHT,NH,ANE,EN,Towers with Radar,119,84,14,8,225,0,0,11,4,15,119,84,25,12,240,14,8,22,262
04/18/2008,MHT,NH,ANE,EN,Towers with Radar,121,82,17,2,222,0,3,37,1,41,121,85,54,3,263,44,0,44,307
04/19/2008,MHT,NH,ANE,EN,Towers with Radar,103,47,20,0,170,0,0,41,0,41,103,47,61,0,211,17,0,17,228
04/20/2008,MHT,NH,ANE,EN,Towers with Radar,93,40,14,0,147,0,0,24,0,24,93,40,38,0,171,24,0,24,195
04/21/2008,MHT,NH,ANE,EN,Towers with Radar,97,92,30,6,225,0,0,21,4,25,97,92,51,10,250,21,4,25,275
04/22/2008,MHT,NH,ANE,EN,Towers with Radar,122,82,27,6,237,0,1,35,0,36,122,83,62,6,273,0,0,0,273
04/23/2008,MHT,NH,ANE,EN,Towers with Radar,121,88,14,4,227,0,1,27,0,28,121,89,41,4,255,56,0,56,311
04/24/2008,MHT,NH,ANE,EN,Towers with Radar,116,74,33,1,224,0,5,15,0,20,116,79,48,1,244,12,6,18,262
04/25/2008,MHT,NH,ANE,EN,Towers with Radar,114,79,24,12,229,0,0,26,0,26,114,79,50,12,255,14,10,24,279
04/26/2008,MHT,NH,ANE,EN,Towers with Radar,106,46,21,0,173,0,0,27,0,27,106,46,48,0,200,0,0,0,200
04/27/2008,MHT,NH,ANE,EN,Towers with Radar,99,45,27,0,171,0,3,2,0,5,99,48,29,0,176,0,0,0,176
04/28/2008,MHT,NH,ANE,EN,Towers with Radar,110,73,11,0,194,0,0,0,0,0,110,73,11,0,194,0,0,0,194
04/29/2008,MHT,NH,ANE,EN,Towers with Radar,123,88,14,0,225,0,0,0,0,0,123,88,14,0,225,12,0,12,237
04/30/2008,MHT,NH,ANE,EN,Towers with Radar,115,92,25,0,232,0,1,12,0,13,115,93,37,0,245,44,0,44,289
05/01/2008,MHT,NH,ANE,EN,Towers with Radar,115,72,37,1,225,0,1,18,1,20,115,73,55,2,245,26,0,26,271
05/02/2008,MHT,NH,ANE,EN,Towers with Radar,109,73,25,0,207,0,0,20,1,21,109,73,45,1,228,24,0,24,252
05/03/2008,MHT,NH,ANE,EN,Towers with Radar,118,43,9,0,170,0,0,0,0,0,118,43,9,0,170,0,0,0,170
05/04/2008,MHT,NH,ANE,EN,Towers with Radar,102,35,23,0,160,0,0,0,0,0,102,35,23,0,160,0,0,0,160
05/05/2008,MHT,NH,ANE,EN,Towers with Radar,106,66,22,0,194,0,0,14,2,16,106,66,36,2,210,2,0,2,212
05/06/2008,MHT,NH,ANE,EN,Towers with Radar,107,98,25,5,235,0,6,23,0,29,107,104,48,5,264,0,4,4,268
05/07/2008,MHT,NH,ANE,EN,Towers with Radar,108,91,26,4,229,0,2,22,0,24,108,93,48,4,253,10,0,10,263
05/08/2008,MHT,NH,ANE,EN,Towers with Radar,110,81,41,0,232,0,0,20,4,24,110,81,61,4,256,4,0,4,260
05/09/2008,MHT,NH,ANE,EN,Towers with Radar,114,64,35,8,221,0,0,0,0,0,114,64,35,8,221,0,0,0,221
05/10/2008,MHT,NH,ANE,EN,Towers with Radar,100,44,19,0,163,0,0,5,0,5,100,44,24,0,168,5,0,5,173
05/11/2008,MHT,NH,ANE,EN,Towers with Radar,100,34,19,0,153,0,3,14,0,17,100,37,33,0,170,22,0,22,192
05/12/2008,MHT,NH,ANE,EN,Towers with Radar,103,59,21,2,185,0,0,8,0,8,103,59,29,2,193,2,0,2,195
05/13/2008,MHT,NH,ANE,EN,Towers with Radar,120,83,18,0,221,0,0,7,1,8,120,83,25,1,229,2,0,2,231
05/14/2008,MHT,NH,ANE,EN,Towers with Radar,116,80,31,4,231,0,0,32,0,32,116,80,63,4,263,20,0,20,283
05/15/2008,MHT,NH,ANE,EN,Towers with Radar,119,79,24,0,222,0,0,12,0,12,119,79,36,0,234,0,0,0,234
05/16/2008,MHT,NH,ANE,EN,Towers with Radar,105,70,25,3,203,0,0,8,1,9,105,70,33,4,212,4,0,4,216
05/17/2008,MHT,NH,ANE,EN,Towers with Radar,102,47,15,0,164,0,0,32,0,32,102,47,47,0,196,0,0,0,196
05/18/2008,MHT,NH,ANE,EN,Towers with Radar,94,46,25,0,165,0,4,10,0,14,94,50,35,0,179,0,0,0,179
05/19/2008,MHT,NH,ANE,EN,Towers with Radar,112,72,13,2,199,0,1,12,0,13,112,73,25,2,212,6,0,6,218
05/20/2008,MHT,NH,ANE,EN,Towers with Radar,114,83,30,10,237,0,0,17,1,18,114,83,47,11,255,0,0,0,255
05/21/2008,MHT,NH,ANE,EN,Towers with Radar,117,83,20,0,220,0,0,13,0,13,117,83,33,0,233,0,0,0,233
05/22/2008,MHT,NH,ANE,EN,Towers with Radar,116,81,25,2,224,0,0,22,1,23,116,81,47,3,247,8,0,8,255
05/23/2008,MHT,NH,ANE,EN,Towers with Radar,109,76,0,0,185,0,0,47,2,49,109,76,47,2,234,5,0,5,239
05/24/2008,MHT,NH,ANE,EN,Towers with Radar,95,42,18,0,155,0,0,13,0,13,95,42,31,0,168,13,0,13,181
05/25/2008,MHT,NH,ANE,EN,Towers with Radar,86,29,15,0,130,0,0,23,0,23,86,29,38,0,153,0,0,0,153
05/26/2008,MHT,NH,ANE,EN,Towers with Radar,98,51,9,0,158,0,2,18,0,20,98,53,27,0,178,0,0,0,178
05/27/2008,MHT,NH,ANE,EN,Towers with Radar,108,69,24,4,205,0,0,2,0,2,108,69,26,4,207,2,0,2,209
05/28/2008,MHT,NH,ANE,EN,Towers with Radar,120,77,34,4,235,0,0,8,2,10,120,77,42,6,245,4,4,8,253
05/29/2008,MHT,NH,ANE,EN,Towers with Radar,123,83,33,9,248,0,3,22,8,33,123,86,55,17,281,12,0,12,293
05/30/2008,MHT,NH,ANE,EN,Towers with Radar,109,64,26,4,203,0,0,38,0,38,109,64,64,4,241,6,0,6,247
05/31/2008,MHT,NH,ANE,EN,Towers with Radar,96,42,11,0,149,0,0,5,0,5,96,42,16,0,154,1,0,1,155
06/01/2008,MHT,NH,ANE,EN,Towers with Radar,105,38,18,0,161,0,0,29,0,29,105,38,47,0,190,29,0,29,219
06/02/2008,MHT,NH,ANE,EN,Towers with Radar,107,75,32,6,220,0,0,13,0,13,107,75,45,6,233,13,0,13,246
06/03/2008,MHT,NH,ANE,EN,Towers with Radar,114,77,36,0,227,0,4,28,0,32,114,81,64,0,259,2,0,2,261
06/04/2008,MHT,NH,ANE,EN,Towers with Radar,112,74,22,0,208,0,0,0,0,0,112,74,22,0,208,0,0,0,208
06/05/2008,MHT,NH,ANE,EN,Towers with Radar,122,84,25,0,231,0,0,3,0,3,122,84,28,0,234,0,0,0,234
06/06/2008,MHT,NH,ANE,EN,Towers with Radar,114,68,16,0,198,0,0,1,0,1,114,68,17,0,199,0,0,0,199
06/07/2008,MHT,NH,ANE,EN,Towers with Radar,0,0,0,0,0,101,38,43,0,182,101,38,43,0,182,26,2,28,210
06/08/2008,MHT,NH,ANE,EN,Towers with Radar,98,28,19,0,145,0,0,10,0,10,98,28,29,0,155,10,0,10,165
06/09/2008,MHT,NH,ANE,EN,Towers with Radar,102,65,21,0,188,0,0,17,0,17,102,65,38,0,205,0,0,0,205
06/10/2008,MHT,NH,ANE,EN,Towers with Radar,116,79,26,0,221,0,1,22,1,24,116,80,48,1,245,6,0,6,251
06/11/2008,MHT,NH,ANE,EN,Towers with Radar,118,97,40,0,255,0,0,9,1,10,118,97,49,1,265,3,0,3,268
06/12/2008,MHT,NH,ANE,EN,Towers with Radar,117,85,25,0,227,0,0,0,0,0,117,85,25,0,227,20,0,20,247
06/13/2008,MHT,NH,ANE,EN,Towers with Radar,111,68,27,1,207,0,1,39,0,40,111,69,66,1,247,0,0,0,247
06/14/2008,MHT,NH,ANE,EN,Towers with Radar,101,46,18,0,165,0,0,15,0,15,101,46,33,0,180,15,0,15,195
06/15/2008,MHT,NH,ANE,EN,Towers with Radar,109,33,14,0,156,0,0,0,0,0,109,33,14,0,156,0,0,0,156
06/16/2008,MHT,NH,ANE,EN,Towers with Radar,100,73,12,1,186,0,0,2,0,2,100,73,14,1,188,0,0,0,188
06/17/2008,MHT,NH,ANE,EN,Towers with Radar,117,99,35,0,251,0,0,7,0,7,117,99,42,0,258,10,0,10,268
06/18/2008,MHT,NH,ANE,EN,Towers with Radar,123,77,24,0,224,0,0,17,8,25,123,77,41,8,249,22,0,22,271
06/19/2008,MHT,NH,ANE,EN,Towers with Radar,130,66,30,0,226,0,2,24,0,26,130,68,54,0,252,14,0,14,266
06/20/2008,MHT,NH,ANE,EN,Towers with Radar,107,75,15,0,197,0,0,19,1,20,107,75,34,1,217,12,0,12,229
06/21/2008,MHT,NH,ANE,EN,Towers with Radar,101,49,18,2,170,0,0,26,0,26,101,49,44,2,196,8,0,8,204
06/22/2008,MHT,NH,ANE,EN,Towers with Radar,100,13,16,0,129,0,18,0,0,18,100,31,16,0,147,12,0,12,159
06/23/2008,MHT,NH,ANE,EN,Towers with Radar,120,55,24,2,201,0,0,4,0,4,120,55,28,2,205,0,0,0,205
06/24/2008,MHT,NH,ANE,EN,Towers with Radar,122,74,13,3,212,0,2,3,2,7,122,76,16,5,219,5,2,7,226
06/25/2008,MHT,NH,ANE,EN,Towers with Radar,119,83,38,0,240,0,0,29,0,29,119,83,67,0,269,38,0,38,307
06/26/2008,MHT,NH,ANE,EN,Towers with Radar,121,79,24,2,226,0,0,15,0,15,121,79,39,2,241,0,0,0,241
06/27/2008,MHT,NH,ANE,EN,Towers with Radar,118,71,17,0,206,0,0,9,1,10,118,71,26,1,216,2,0,2,218
06/28/2008,MHT,NH,ANE,EN,Towers with Radar,109,59,10,0,178,0,0,2,0,2,109,59,12,0,180,0,0,0,180
06/29/2008,MHT,NH,ANE,EN,Towers with Radar,105,34,29,0,168,0,0,3,0,3,105,34,32,0,171,3,0,3,174
06/30/2008,MHT,NH,ANE,EN,Towers with Radar,117,78,23,0,218,0,0,9,0,9,117,78,32,0,227,11,0,11,238
07/01/2008,MHT,NH,ANE,EN,Towers with Radar,120,74,21,15,230,0,0,8,0,8,120,74,29,15,238,0,0,0,238
07/02/2008,MHT,NH,ANE,EN,Towers with Radar,119,73,34,0,226,0,0,6,0,6,119,73,40,0,232,8,0,8,240
07/03/2008,MHT,NH,ANE,EN,Towers with Radar,114,72,24,0,210,0,0,6,0,6,114,72,30,0,216,0,0,0,216
07/04/2008,MHT,NH,ANE,EN,Towers with Radar,95,46,27,0,168,0,0,0,0,0,95,46,27,0,168,0,0,0,168
07/05/2008,MHT,NH,ANE,EN,Towers with Radar,91,37,17,0,145,0,0,10,0,10,91,37,27,0,155,2,0,2,157
07/06/2008,MHT,NH,ANE,EN,Towers with Radar,105,35,16,0,156,0,0,6,0,6,105,35,22,0,162,8,0,8,170
07/07/2008,MHT,NH,ANE,EN,Towers with Radar,108,61,29,4,202,0,0,14,0,14,108,61,43,4,216,2,0,2,218
07/08/2008,MHT,NH,ANE,EN,Towers with Radar,126,74,34,0,234,0,1,11,0,12,126,75,45,0,246,20,0,20,266
07/09/2008,MHT,NH,ANE,EN,Towers with Radar,122,74,31,0,227,0,5,11,0,16,122,79,42,0,243,30,0,30,273
07/10/2008,MHT,NH,ANE,EN,Towers with Radar,131,80,57,1,269,0,1,19,0,20,131,81,76,1,289,2,0,2,291
07/11/2008,MHT,NH,ANE,EN,Towers with Radar,111,70,47,0,228,0,0,0,0,0,111,70,47,0,228,4,0,4,232
07/12/2008,MHT,NH,ANE,EN,Towers with Radar,105,35,14,0,154,0,25,0,0,25,105,60,14,0,179,8,0,8,187
07/13/2008,MHT,NH,ANE,EN,Towers with Radar,97,30,12,0,139,0,0,8,0,8,97,30,20,0,147,0,0,0,147
07/14/2008,MHT,NH,ANE,EN,Towers with Radar,111,74,8,4,197,0,2,11,0,13,111,76,19,4,210,2,0,2,212
07/15/2008,MHT,NH,ANE,EN,Towers with Radar,117,73,30,0,220,0,0,18,2,20,117,73,48,2,240,28,0,28,268
07/16/2008,MHT,NH,ANE,EN,Towers with Radar,120,75,38,0,233,0,2,25,1,28,120,77,63,1,261,62,0,62,323
07/17/2008,MHT,NH,ANE,EN,Towers with Radar,111,88,19,0,218,0,5,25,0,30,111,93,44,0,248,28,0,28,276
07/18/2008,MHT,NH,ANE,EN,Towers with Radar,113,73,18,0,204,0,2,27,0,29,113,75,45,0,233,6,0,6,239
07/19/2008,MHT,NH,ANE,EN,Towers with Radar,112,38,11,0,161,0,1,11,0,12,112,39,22,0,173,16,0,16,189
07/20/2008,MHT,NH,ANE,EN,Towers with Radar,101,43,13,0,157,0,0,6,0,6,101,43,19,0,163,8,0,8,171
07/21/2008,MHT,NH,ANE,EN,Towers with Radar,108,66,20,0,194,0,0,5,0,5,108,66,25,0,199,0,0,0,199
07/22/2008,MHT,NH,ANE,EN,Towers with Radar,114,92,13,8,227,0,0,14,0,14,114,92,27,8,241,4,0,4,245
07/23/2008,MHT,NH,ANE,EN,Towers with Radar,109,64,15,0,188,0,0,0,0,0,109,64,15,0,188,0,0,0,188
07/24/2008,MHT,NH,ANE,EN,Towers with Radar,120,83,13,2,218,0,0,0,0,0,120,83,13,2,218,0,0,0,218
07/25/2008,MHT,NH,ANE,EN,Towers with Radar,111,77,22,0,210,0,1,48,0,49,111,78,70,0,259,18,0,18,277
07/26/2008,MHT,NH,ANE,EN,Towers with Radar,107,44,12,0,163,0,1,25,0,26,107,45,37,0,189,17,0,17,206
07/27/2008,MHT,NH,ANE,EN,Towers with Radar,105,29,12,0,146,0,0,2,0,2,105,29,14,0,148,2,0,2,150
07/28/2008,MHT,NH,ANE,EN,Towers with Radar,111,68,27,2,208,0,0,21,1,22,111,68,48,3,230,12,0,12,242
07/29/2008,MHT,NH,ANE,EN,Towers with Radar,110,81,19,4,214,0,0,26,2,28,110,81,45,6,242,44,0,44,286
07/30/2008,MHT,NH,ANE,EN,Towers with Radar,119,77,27,4,227,0,0,40,0,40,119,77,67,4,267,20,0,20,287
07/31/2008,MHT,NH,ANE,EN,Towers with Radar,119,81,25,0,225,0,3,10,2,15,119,84,35,2,240,12,0,12,252
08/01/2008,MHT,NH,ANE,EN,Towers with Radar,114,75,24,2,215,0,1,13,0,14,114,76,37,2,229,22,0,22,251
08/02/2008,MHT,NH,ANE,EN,Towers with Radar,100,38,3,0,141,0,0,6,0,6,100,38,9,0,147,4,0,4,151
08/03/2008,MHT,NH,ANE,EN,Towers with Radar,106,32,9,0,147,0,0,2,0,2,106,32,11,0,149,0,0,0,149
08/04/2008,MHT,NH,ANE,EN,Towers with Radar,105,67,31,1,204,0,1,21,0,22,105,68,52,1,226,22,0,22,248
08/05/2008,MHT,NH,ANE,EN,Towers with Radar,128,71,18,0,217,0,0,15,2,17,128,71,33,2,234,38,0,38,272
08/06/2008,MHT,NH,ANE,EN,Towers with Radar,125,78,12,0,215,0,0,0,0,0,125,78,12,0,215,0,0,0,215
08/07/2008,MHT,NH,ANE,EN,Towers with Radar,120,69,13,0,202,0,0,1,0,1,120,69,14,0,203,0,0,0,203
08/08/2008,MHT,NH,ANE,EN,Towers with Radar,116,71,23,2,212,0,0,3,0,3,116,71,26,2,215,0,0,0,215
08/09/2008,MHT,NH,ANE,EN,Towers with Radar,109,39,19,0,167,0,0,26,0,26,109,39,45,0,193,16,0,16,209
08/10/2008,MHT,NH,ANE,EN,Towers with Radar,103,25,8,0,136,0,0,11,6,17,103,25,19,6,153,4,0,4,157
08/11/2008,MHT,NH,ANE,EN,Towers with Radar,110,55,11,0,176,0,0,1,0,1,110,55,12,0,177,0,0,0,177
08/12/2008,MHT,NH,ANE,EN,Towers with Radar,114,87,15,4,220,0,0,8,0,8,114,87,23,4,228,0,0,0,228
08/13/2008,MHT,NH,ANE,EN,Towers with Radar,130,85,26,4,245,0,0,43,0,43,130,85,69,4,288,18,0,18,306
08/14/2008,MHT,NH,ANE,EN,Towers with Radar,106,77,19,1,203,0,0,24,2,26,106,77,43,3,229,32,0,32,261
08/15/2008,MHT,NH,ANE,EN,Towers with Radar,115,70,15,0,200,0,0,21,0,21,115,70,36,0,221,22,0,22,243
08/16/2008,MHT,NH,ANE,EN,Towers with Radar,113,37,7,0,157,0,0,14,0,14,113,37,21,0,171,0,0,0,171
08/17/2008,MHT,NH,ANE,EN,Towers with Radar,108,32,30,0,170,0,0,38,0,38,108,32,68,0,208,8,0,8,216
08/18/2008,MHT,NH,ANE,EN,Towers with Radar,105,70,31,0,206,0,0,11,0,11,105,70,42,0,217,0,10,10,227
08/19/2008,MHT,NH,ANE,EN,Towers with Radar,122,76,12,9,219,0,0,4,0,4,122,76,16,9,223,18,0,18,241
08/20/2008,MHT,NH,ANE,EN,Towers with Radar,123,66,9,1,199,0,2,20,0,22,123,68,29,1,221,4,0,4,225
08/21/2008,MHT,NH,ANE,EN,Towers with Radar,122,74,26,0,222,0,0,34,2,36,122,74,60,2,258,24,0,24,282
08/22/2008,MHT,NH,ANE,EN,Towers with Radar,117,66,18,0,201,0,3,28,0,31,117,69,46,0,232,0,0,0,232
08/23/2008,MHT,NH,ANE,EN,Towers with Radar,93,36,5,0,134,0,2,13,0,15,93,38,18,0,149,24,0,24,173
08/24/2008,MHT,NH,ANE,EN,Towers with Radar,104,30,11,0,145,0,0,23,0,23,104,30,34,0,168,0,2,2,170
08/25/2008,MHT,NH,ANE,EN,Towers with Radar,107,68,35,2,212,0,0,12,1,13,107,68,47,3,225,2,0,2,227
08/26/2008,MHT,NH,ANE,EN,Towers with Radar,125,73,34,4,236,0,0,24,2,26,125,73,58,6,262,6,8,14,276
08/27/2008,MHT,NH,ANE,EN,Towers with Radar,126,74,26,6,232,0,0,39,4,43,126,74,65,10,275,36,0,36,311
08/28/2008,MHT,NH,ANE,EN,Towers with Radar,129,74,20,10,233,0,2,22,0,24,129,76,42,10,257,4,0,4,261
08/29/2008,MHT,NH,ANE,EN,Towers with Radar,115,61,15,6,197,0,2,23,2,27,115,63,38,8,224,8,6,14,238
08/30/2008,MHT,NH,ANE,EN,Towers with Radar,107,37,8,1,153,0,0,9,2,11,107,37,17,3,164,22,0,22,186
08/31/2008,MHT,NH,ANE,EN,Towers with Radar,90,25,4,0,119,0,1,11,0,12,90,26,15,0,131,10,0,10,141
09/01/2008,MHT,NH,ANE,EN,Towers with Radar,93,33,5,0,131,0,0,20,0,20,93,33,25,0,151,2,0,2,153
09/02/2008,MHT,NH,ANE,EN,Towers with Radar,109,74,15,2,200,0,0,21,3,24,109,74,36,5,224,0,0,0,224
09/03/2008,MHT,NH,ANE,EN,Towers with Radar,113,79,17,0,209,0,7,25,0,32,113,86,42,0,241,12,0,12,253
09/04/2008,MHT,NH,ANE,EN,Towers with Radar,114,74,29,6,223,0,0,53,0,53,114,74,82,6,276,10,4,14,290
09/05/2008,MHT,NH,ANE,EN,Towers with Radar,100,72,35,1,208,0,0,55,1,56,100,72,90,2,264,16,0,16,280
09/06/2008,MHT,NH,ANE,EN,Towers with Radar,98,37,60,0,195,0,0,1,0,1,98,37,61,0,196,10,0,10,206
09/07/2008,MHT,NH,ANE,EN,Towers with Radar,99,34,37,0,170,0,1,25,4,30,99,35,62,4,200,0,0,0,200
09/08/2008,MHT,NH,ANE,EN,Towers with Radar,112,53,18,0,183,0,2,21,0,23,112,55,39,0,206,8,0,8,214
09/09/2008,MHT,NH,ANE,EN,Towers with Radar,110,61,19,0,190,0,1,2,0,3,110,62,21,0,193,0,0,0,193
09/10/2008,MHT,NH,ANE,EN,Towers with Radar,123,74,24,0,221,0,0,29,0,29,123,74,53,0,250,2,0,2,252
09/11/2008,MHT,NH,ANE,EN,Towers with Radar,116,102,19,6,243,0,2,34,0,36,116,104,53,6,279,24,0,24,303
09/12/2008,MHT,NH,ANE,EN,Towers with Radar,112,65,12,3,192,0,1,6,1,8,112,66,18,4,200,0,0,0,200
09/13/2008,MHT,NH,ANE,EN,Towers with Radar,101,33,17,0,151,0,0,1,0,1,101,33,18,0,152,14,0,14,166
09/14/2008,MHT,NH,ANE,EN,Towers with Radar,93,41,30,3,167,0,0,0,0,0,93,41,30,3,167,0,0,0,167
09/15/2008,MHT,NH,ANE,EN,Towers with Radar,105,67,23,0,195,0,0,3,2,5,105,67,26,2,200,6,0,6,206
09/16/2008,MHT,NH,ANE,EN,Towers with Radar,101,84,14,0,199,0,0,20,0,20,101,84,34,0,219,10,0,10,229
09/17/2008,MHT,NH,ANE,EN,Towers with Radar,102,84,14,2,202,0,0,37,0,37,102,84,51,2,239,16,0,16,255
09/18/2008,MHT,NH,ANE,EN,Towers with Radar,110,74,17,6,207,0,0,60,0,60,110,74,77,6,267,32,0,32,299
09/19/2008,MHT,NH,ANE,EN,Towers with Radar,107,67,40,8,222,0,0,46,0,46,107,67,86,8,268,4,6,10,278
09/20/2008,MHT,NH,ANE,EN,Towers with Radar,97,34,6,0,137,0,2,16,0,18,97,36,22,0,155,28,0,28,183
09/21/2008,MHT,NH,ANE,EN,Towers with Radar,99,31,17,0,147,0,0,25,0,25,99,31,42,0,172,2,0,2,174
09/22/2008,MHT,NH,ANE,EN,Towers with Radar,98,66,9,7,180,0,0,6,1,7,98,66,15,8,187,4,4,8,195
09/23/2008,MHT,NH,ANE,EN,Towers with Radar,111,88,20,0,219,0,0,27,2,29,111,88,47,2,248,22,0,22,270
09/24/2008,MHT,NH,ANE,EN,Towers with Radar,105,83,37,2,227,0,0,35,0,35,105,83,72,2,262,18,0,18,280
09/25/2008,MHT,NH,ANE,EN,Towers with Radar,109,28,26,2,165,0,0,24,0,24,109,28,50,2,189,4,0,4,193
09/26/2008,MHT,NH,ANE,EN,Towers with Radar,100,60,17,2,179,0,0,0,0,0,100,60,17,2,179,0,0,0,179
09/27/2008,MHT,NH,ANE,EN,Towers with Radar,101,40,15,0,156,0,0,0,0,0,101,40,15,0,156,0,0,0,156
09/28/2008,MHT,NH,ANE,EN,Towers with Radar,93,28,13,0,134,0,0,0,0,0,93,28,13,0,134,0,0,0,134
09/29/2008,MHT,NH,ANE,EN,Towers with Radar,107,66,20,6,199,0,1,12,0,13,107,67,32,6,212,4,0,4,216
09/30/2008,MHT,NH,ANE,EN,Towers with Radar,112,65,23,0,200,0,0,9,0,9,112,65,32,0,209,0,0,0,209
10/01/2008,MHT,NH,ANE,EN,Towers with Radar,122,74,15,0,211,0,0,0,0,0,122,74,15,0,211,0,0,0,211
10/02/2008,MHT,NH,ANE,EN,Towers with Radar,116,69,14,10,209,0,2,10,2,14,116,71,24,12,223,10,0,10,233
10/03/2008,MHT,NH,ANE,EN,Towers with Radar,109,71,23,2,205,0,5,17,2,24,109,76,40,4,229,14,0,14,243
10/04/2008,MHT,NH,ANE,EN,Towers with Radar,89,39,10,2,140,0,0,21,0,21,89,39,31,2,161,12,0,12,173
10/05/2008,MHT,NH,ANE,EN,Towers with Radar,99,33,15,0,147,0,0,22,0,22,99,33,37,0,169,8,0,8,177
10/06/2008,MHT,NH,ANE,EN,Towers with Radar,106,71,25,1,203,0,0,12,1,13,106,71,37,2,216,12,0,12,228
10/07/2008,MHT,NH,ANE,EN,Towers with Radar,114,71,17,3,205,0,0,16,1,17,114,71,33,4,222,16,0,16,238
10/08/2008,MHT,NH,ANE,EN,Towers with Radar,117,68,18,0,203,0,0,37,0,37,117,68,55,0,240,20,0,20,260
10/09/2008,MHT,NH,ANE,EN,Towers with Radar,109,76,28,2,215,0,1,7,0,8,109,77,35,2,223,18,0,18,241
10/10/2008,MHT,NH,ANE,EN,Towers with Radar,107,64,15,2,188,0,0,34,0,34,107,64,49,2,222,8,0,8,230
10/11/2008,MHT,NH,ANE,EN,Towers with Radar,89,44,5,0,138,0,2,17,0,19,89,46,22,0,157,20,0,20,177
10/12/2008,MHT,NH,ANE,EN,Towers with Radar,104,30,20,0,154,0,1,14,0,15,104,31,34,0,169,12,0,12,181
10/13/2008,MHT,NH,ANE,EN,Towers with Radar,180,63,17,0,260,0,0,25,0,25,180,63,42,0,285,0,0,0,285
10/14/2008,MHT,NH,ANE,EN,Towers with Radar,110,75,19,6,210,0,0,21,0,21,110,75,40,6,231,38,0,38,269
10/15/2008,MHT,NH,ANE,EN,Towers with Radar,120,73,23,6,222,0,7,25,0,32,120,80,48,6,254,10,0,10,264
10/16/2008,MHT,NH,ANE,EN,Towers with Radar,104,87,6,5,202,0,0,0,0,0,104,87,6,5,202,0,5,5,207
10/17/2008,MHT,NH,ANE,EN,Towers with Radar,106,69,29,0,204,0,3,22,3,28,106,72,51,3,232,4,0,4,236
10/18/2008,MHT,NH,ANE,EN,Towers with Radar,93,56,17,0,166,0,3,47,1,51,93,59,64,1,217,33,0,33,250
10/19/2008,MHT,NH,ANE,EN,Towers with Radar,103,29,29,0,161,0,0,27,0,27,103,29,56,0,188,10,0,10,198
10/20/2008,MHT,NH,ANE,EN,Towers with Radar,103,67,24,2,196,0,2,27,0,29,103,69,51,2,225,10,0,10,235
10/21/2008,MHT,NH,ANE,EN,Towers with Radar,107,87,22,0,216,0,1,31,1,33,107,88,53,1,249,24,0,24,273
10/22/2008,MHT,NH,ANE,EN,Towers with Radar,117,73,11,10,211,0,0,1,0,1,117,73,12,10,212,0,12,12,224
10/23/2008,MHT,NH,ANE,EN,Towers with Radar,111,71,53,2,237,0,30,0,0,30,111,101,53,2,267,28,0,28,295
10/24/2008,MHT,NH,ANE,EN,Towers with Radar,109,68,16,6,199,0,0,24,0,24,109,68,40,6,223,10,0,10,233
10/25/2008,MHT,NH,ANE,EN,Towers with Radar,93,34,24,0,151,0,4,5,0,9,93,38,29,0,160,12,0,12,172
10/26/2008,MHT,NH,ANE,EN,Towers with Radar,98,33,11,0,142,0,0,17,0,17,98,33,28,0,159,2,0,2,161
10/27/2008,MHT,NH,ANE,EN,Towers with Radar,100,63,19,0,182,0,0,24,0,24,100,63,43,0,206,2,0,2,208
10/28/2008,MHT,NH,ANE,EN,Towers with Radar,109,71,21,2,203,0,0,0,0,0,109,71,21,2,203,0,0,0,203
10/29/2008,MHT,NH,ANE,EN,Towers with Radar,110,77,15,0,202,0,0,3,0,3,110,77,18,0,205,0,0,0,205
10/30/2008,MHT,NH,ANE,EN,Towers with Radar,115,76,26,2,219,0,13,10,2,25,115,89,36,4,244,18,0,18,262
10/31/2008,MHT,NH,ANE,EN,Towers with Radar,103,61,26,1,191,0,3,23,1,27,103,64,49,2,218,0,14,14,232
11/01/2008,MHT,NH,ANE,EN,Towers with Radar,93,31,34,0,158,0,0,30,0,30,93,31,64,0,188,20,0,20,208
11/02/2008,MHT,NH,ANE,EN,Towers with Radar,99,28,23,0,150,0,0,25,0,25,99,28,48,0,175,20,0,20,195
11/03/2008,MHT,NH,ANE,EN,Towers with Radar,110,56,14,0,180,0,0,3,0,3,110,56,17,0,183,0,0,0,183
11/04/2008,MHT,NH,ANE,EN,Towers with Radar,117,67,14,0,198,0,0,19,0,19,117,67,33,0,217,4,0,4,221
11/05/2008,MHT,NH,ANE,EN,Towers with Radar,116,62,18,0,196,0,0,17,0,17,116,62,35,0,213,30,0,30,243
11/06/2008,MHT,NH,ANE,EN,Towers with Radar,107,69,21,0,197,0,0,0,0,0,107,69,21,0,197,0,0,0,197
11/07/2008,MHT,NH,ANE,EN,Towers with Radar,101,59,19,6,185,0,0,1,0,1,101,59,20,6,186,0,0,0,186
11/08/2008,MHT,NH,ANE,EN,Towers with Radar,96,41,10,0,147,0,0,0,0,0,96,41,10,0,147,0,0,0,147
11/09/2008,MHT,NH,ANE,EN,Towers with Radar,89,37,13,0,139,0,0,17,0,17,89,37,30,0,156,46,0,46,202
11/10/2008,MHT,NH,ANE,EN,Towers with Radar,96,61,19,0,176,0,1,10,0,11,96,62,29,0,187,14,0,14,201
11/11/2008,MHT,NH,ANE,EN,Towers with Radar,115,65,14,0,194,0,6,3,0,9,115,71,17,0,203,20,0,20,223
11/12/2008,MHT,NH,ANE,EN,Towers with Radar,114,68,27,4,213,0,4,13,0,17,114,72,40,4,230,2,0,2,232
11/13/2008,MHT,NH,ANE,EN,Towers with Radar,107,71,19,2,199,0,7,1,0,8,107,78,20,2,207,0,0,0,207
11/14/2008,MHT,NH,ANE,EN,Towers with Radar,105,64,15,0,184,0,0,0,0,0,105,64,15,0,184,0,0,0,184
11/15/2008,MHT,NH,ANE,EN,Towers with Radar,75,41,2,0,118,0,0,0,0,0,75,41,2,0,118,0,0,0,118
11/16/2008,MHT,NH,ANE,EN,Towers with Radar,100,35,3,0,138,0,0,5,0,5,100,35,8,0,143,0,0,0,143
11/17/2008,MHT,NH,ANE,EN,Towers with Radar,105,59,21,0,185,0,1,20,2,23,105,60,41,2,208,2,0,2,210
11/18/2008,MHT,NH,ANE,EN,Towers with Radar,111,65,13,8,197,0,0,29,0,29,111,65,42,8,226,16,0,16,242
11/19/2008,MHT,NH,ANE,EN,Towers with Radar,114,70,19,0,203,0,14,5,1,20,114,84,24,1,223,12,0,12,235
11/20/2008,MHT,NH,ANE,EN,Towers with Radar,108,81,14,0,203,0,0,15,1,16,108,81,29,1,219,18,0,18,237
11/21/2008,MHT,NH,ANE,EN,Towers with Radar,104,65,12,0,181,0,0,5,0,5,104,65,17,0,186,4,0,4,190
11/22/2008,MHT,NH,ANE,EN,Towers with Radar,83,41,16,0,140,0,0,7,0,7,83,41,23,0,147,0,0,0,147
11/23/2008,MHT,NH,ANE,EN,Towers with Radar,94,38,14,0,146,0,0,13,0,13,94,38,27,0,159,20,0,20,179
11/24/2008,MHT,NH,ANE,EN,Towers with Radar,100,58,9,0,167,0,0,9,5,14,100,58,18,5,181,0,22,22,203
11/25/2008,MHT,NH,ANE,EN,Towers with Radar,120,74,6,0,200,0,0,0,0,0,120,74,6,0,200,0,0,0,200
11/26/2008,MHT,NH,ANE,EN,Towers with Radar,119,77,16,3,215,0,0,9,1,10,119,77,25,4,225,0,0,0,225
11/27/2008,MHT,NH,ANE,EN,Towers with Radar,58,25,3,0,86,0,0,8,0,8,58,25,11,0,94,0,0,0,94
11/28/2008,MHT,NH,ANE,EN,Towers with Radar,91,48,7,0,146,0,1,0,0,1,91,49,7,0,147,0,0,0,147
11/29/2008,MHT,NH,ANE,EN,Towers with Radar,90,43,10,0,143,0,0,22,0,22,90,43,32,0,165,2,0,2,167
11/30/2008,MHT,NH,ANE,EN,Towers with Radar,94,37,22,0,153,0,0,4,0,4,94,37,26,0,157,18,0,18,175
12/01/2008,MHT,NH,ANE,EN,Towers with Radar,110,74,10,0,194,0,0,1,0,1,110,74,11,0,195,0,0,0,195
12/02/2008,MHT,NH,ANE,EN,Towers with Radar,102,82,13,3,200,0,0,15,0,15,102,82,28,3,215,32,0,32,247
12/03/2008,MHT,NH,ANE,EN,Towers with Radar,107,76,16,0,199,0,2,26,0,28,107,78,42,0,227,32,0,32,259
12/04/2008,MHT,NH,ANE,EN,Towers with Radar,112,76,9,0,197,0,1,4,0,5,112,77,13,0,202,0,0,0,202
12/05/2008,MHT,NH,ANE,EN,Towers with Radar,105,65,24,0,194,0,1,15,0,16,105,66,39,0,210,14,0,14,224
12/06/2008,MHT,NH,ANE,EN,Towers with Radar,78,36,12,2,128,0,4,18,0,22,78,40,30,2,150,32,0,32,182
12/07/2008,MHT,NH,ANE,EN,Towers with Radar,94,30,3,0,127,0,0,0,0,0,94,30,3,0,127,0,0,0,127
12/08/2008,MHT,NH,ANE,EN,Towers with Radar,92,64,9,0,165,0,1,13,2,16,92,65,22,2,181,1,0,1,182
12/09/2008,MHT,NH,ANE,EN,Towers with Radar,110,68,8,9,195,0,1,4,0,5,110,69,12,9,200,8,0,8,208
12/10/2008,MHT,NH,ANE,EN,Towers with Radar,110,71,7,2,190,0,0,0,0,0,110,71,7,2,190,0,0,0,190
12/11/2008,MHT,NH,ANE,EN,Towers with Radar,75,57,14,2,148,0,0,0,0,0,75,57,14,2,148,0,0,0,148
12/12/2008,MHT,NH,ANE,EN,Towers with Radar,107,75,10,0,192,0,1,4,0,5,107,76,14,0,197,0,0,0,197
12/13/2008,MHT,NH,ANE,EN,Towers with Radar,75,38,15,0,128,14,0,0,0,14,89,38,15,0,142,0,0,0,142
12/14/2008,MHT,NH,ANE,EN,Towers with Radar,94,36,15,0,145,0,0,13,0,13,94,36,28,0,158,12,0,12,170
12/15/2008,MHT,NH,ANE,EN,Towers with Radar,98,58,3,0,159,0,0,5,0,5,98,58,8,0,164,0,0,0,164
12/16/2008,MHT,NH,ANE,EN,Towers with Radar,107,67,20,0,194,0,0,2,0,2,107,67,22,0,196,0,0,0,196
12/17/2008,MHT,NH,ANE,EN,Towers with Radar,103,65,12,2,182,0,0,0,0,0,103,65,12,2,182,0,0,0,182
12/18/2008,MHT,NH,ANE,EN,Towers with Radar,102,84,25,0,211,0,3,14,0,17,102,87,39,0,228,0,0,0,228
12/19/2008,MHT,NH,ANE,EN,Towers with Radar,89,39,10,0,138,0,0,0,0,0,89,39,10,0,138,8,0,8,146
12/20/2008,MHT,NH,ANE,EN,Towers with Radar,92,50,6,0,148,0,0,0,0,0,92,50,6,0,148,0,0,0,148
12/21/2008,MHT,NH,ANE,EN,Towers with Radar,76,30,4,0,110,0,0,0,0,0,76,30,4,0,110,0,0,0,110
12/22/2008,MHT,NH,ANE,EN,Towers with Radar,96,67,8,0,171,0,0,1,0,1,96,67,9,0,172,0,0,0,172
12/23/2008,MHT,NH,ANE,EN,Towers with Radar,109,74,7,6,196,0,3,12,0,15,109,77,19,6,211,6,0,6,217
12/24/2008,MHT,NH,ANE,EN,Towers with Radar,96,64,0,2,162,0,0,0,0,0,96,64,0,2,162,0,0,0,162
12/25/2008,MHT,NH,ANE,EN,Towers with Radar,82,26,1,0,109,0,0,5,0,5,82,26,6,0,114,0,0,0,114
12/26/2008,MHT,NH,ANE,EN,Towers with Radar,98,61,16,0,175,0,0,14,0,14,98,61,30,0,189,0,0,0,189
12/27/2008,MHT,NH,ANE,EN,Towers with Radar,81,38,4,0,123,0,0,0,0,0,81,38,4,0,123,0,0,0,123
12/28/2008,MHT,NH,ANE,EN,Towers with Radar,89,35,5,0,129,0,0,12,0,12,89,35,17,0,141,8,0,8,149
12/29/2008,MHT,NH,ANE,EN,Towers with Radar,97,66,11,0,174,0,1,24,0,25,97,67,35,0,199,2,0,2,201
12/30/2008,MHT,NH,ANE,EN,Towers with Radar,115,62,10,0,187,0,0,5,0,5,115,62,15,0,192,2,0,2,194
12/31/2008,MHT,NH,ANE,EN,Towers with Radar,80,47,0,0,127,0,0,0,0,0,80,47,0,0,127,0,0,0,127
01/01/2009,MHT,NH,ANE,EN,Towers with Radar,87,31,7,0,125,0,2,0,0,2,87,33,7,0,127,0,0,0,127
01/02/2009,MHT,NH,ANE,EN,Towers with Radar,101,57,10,0,168,0,0,9,0,9,101,57,19,0,177,12,0,12,189
01/03/2009,MHT,NH,ANE,EN,Towers with Radar,85,42,15,0,142,0,0,13,0,13,85,42,28,0,155,2,0,2,157
01/04/2009,MHT,NH,ANE,EN,Towers with Radar,95,34,12,0,141,0,0,10,0,10,95,34,22,0,151,12,0,12,163
01/05/2009,MHT,NH,ANE,EN,Towers with Radar,85,58,8,0,151,0,0,7,0,7,85,58,15,0,158,17,0,17,175
01/06/2009,MHT,NH,ANE,EN,Towers with Radar,95,100,22,0,217,0,0,21,0,21,95,100,43,0,238,16,0,16,254
01/07/2009,MHT,NH,ANE,EN,Towers with Radar,80,47,2,0,129,0,0,0,0,0,80,47,2,0,129,0,0,0,129
01/08/2009,MHT,NH,ANE,EN,Towers with Radar,98,81,14,0,193,0,0,1,0,1,98,81,15,0,194,0,0,0,194
01/09/2009,MHT,NH,ANE,EN,Towers with Radar,87,60,21,0,168,0,1,17,0,18,87,61,38,0,186,6,0,6,192
01/10/2009,MHT,NH,ANE,EN,Towers with Radar,74,27,6,0,107,0,2,8,0,10,74,29,14,0,117,20,0,20,137
01/11/2009,MHT,NH,ANE,EN,Towers with Radar,76,22,6,0,104,0,0,2,0,2,76,22,8,0,106,0,0,0,106
01/12/2009,MHT,NH,ANE,EN,Towers with Radar,87,62,29,19,197,0,1,18,1,20,87,63,47,20,217,4,0,4,221
01/13/2009,MHT,NH,ANE,EN,Towers with Radar,96,69,17,2,184,0,2,3,0,5,96,71,20,2,189,2,0,2,191
01/14/2009,MHT,NH,ANE,EN,Towers with Radar,89,68,12,2,171,0,1,11,0,12,89,69,23,2,183,14,0,14,197
01/15/2009,MHT,NH,ANE,EN,Towers with Radar,88,69,18,0,175,0,0,5,0,5,88,69,23,0,180,2,0,2,182
01/16/2009,MHT,NH,ANE,EN,Towers with Radar,91,57,10,4,162,0,0,11,0,11,91,57,21,4,173,6,10,16,189
01/17/2009,MHT,NH,ANE,EN,Towers with Radar,77,32,16,0,125,0,1,12,0,13,77,33,28,0,138,14,0,14,152
01/18/2009,MHT,NH,ANE,EN,Towers with Radar,81,21,2,0,104,0,0,0,0,0,81,21,2,0,104,0,0,0,104
01/19/2009,MHT,NH,ANE,EN,Towers with Radar,82,71,18,0,171,0,3,7,0,10,82,74,25,0,181,12,0,12,193
01/20/2009,MHT,NH,ANE,EN,Towers with Radar,84,56,10,11,161,0,0,4,0,4,84,56,14,11,165,0,0,0,165
01/21/2009,MHT,NH,ANE,EN,Towers with Radar,95,72,27,0,194,0,1,6,0,7,95,73,33,0,201,12,0,12,213
01/22/2009,MHT,NH,ANE,EN,Towers with Radar,91,71,22,1,185,0,0,6,0,6,91,71,28,1,191,2,0,2,193
01/23/2009,MHT,NH,ANE,EN,Towers with Radar,87,64,17,0,168,0,0,16,0,16,87,64,33,0,184,0,0,0,184
01/24/2009,MHT,NH,ANE,EN,Towers with Radar,73,33,21,0,127,0,0,10,7,17,73,33,31,7,144,2,0,2,146
01/25/2009,MHT,NH,ANE,EN,Towers with Radar,79,23,14,0,116,0,0,16,0,16,79,23,30,0,132,8,0,8,140
01/26/2009,MHT,NH,ANE,EN,Towers with Radar,92,55,18,6,171,0,0,16,0,16,92,55,34,6,187,18,0,18,205
01/27/2009,MHT,NH,ANE,EN,Towers with Radar,79,72,39,14,204,0,2,21,0,23,79,74,60,14,227,20,0,20,247
01/28/2009,MHT,NH,ANE,EN,Towers with Radar,65,36,1,0,102,0,0,0,0,0,65,36,1,0,102,0,0,0,102
01/29/2009,MHT,NH,ANE,EN,Towers with Radar,90,85,27,0,202,0,0,11,0,11,90,85,38,0,213,6,0,6,219
01/30/2009,MHT,NH,ANE,EN,Towers with Radar,86,61,15,2,164,0,0,13,2,15,86,61,28,4,179,48,0,48,227
01/31/2009,MHT,NH,ANE,EN,Towers with Radar,72,40,15,0,127,0,0,10,0,10,72,40,25,0,137,4,0,4,141
02/01/2009,MHT,NH,ANE,EN,Towers with Radar,78,22,21,0,121,0,1,6,0,7,78,23,27,0,128,0,0,0,128
02/02/2009,MHT,NH,ANE,EN,Towers with Radar,90,45,22,7,164,0,0,13,0,13,90,45,35,7,177,0,0,0,177
02/03/2009,MHT,NH,ANE,EN,Towers with Radar,91,63,12,0,166,0,1,1,0,2,91,64,13,0,168,0,0,0,168
02/04/2009,MHT,NH,ANE,EN,Towers with Radar,93,69,22,16,200,0,0,17,0,17,93,69,39,16,217,32,0,32,249
02/05/2009,MHT,NH,ANE,EN,Towers with Radar,93,73,13,1,180,0,0,5,1,6,93,73,18,2,186,14,0,14,200
02/06/2009,MHT,NH,ANE,EN,Towers with Radar,84,52,15,4,155,0,2,11,0,13,84,54,26,4,168,8,0,8,176
02/07/2009,MHT,NH,ANE,EN,Towers with Radar,67,35,14,0,116,0,0,10,0,10,67,35,24,0,126,12,0,12,138
02/08/2009,MHT,NH,ANE,EN,Towers with Radar,79,28,4,0,111,0,0,3,0,3,79,28,7,0,114,0,0,0,114
02/09/2009,MHT,NH,ANE,EN,Towers with Radar,87,58,4,0,149,0,2,13,0,15,87,60,17,0,164,22,0,22,186
02/10/2009,MHT,NH,ANE,EN,Towers with Radar,94,69,9,2,174,0,1,6,0,7,94,70,15,2,181,0,0,0,181
02/11/2009,MHT,NH,ANE,EN,Towers with Radar,95,65,7,2,169,0,0,9,0,9,95,65,16,2,178,2,0,2,180
02/12/2009,MHT,NH,ANE,EN,Towers with Radar,96,64,12,0,172,0,0,0,0,0,96,64,12,0,172,0,0,0,172
02/13/2009,MHT,NH,ANE,EN,Towers with Radar,94,63,5,0,162,0,4,23,0,27,94,67,28,0,189,2,0,2,191
02/14/2009,MHT,NH,ANE,EN,Towers with Radar,74,39,19,0,132,0,2,16,0,18,74,41,35,0,150,8,0,8,158
02/15/2009,MHT,NH,ANE,EN,Towers with Radar,74,31,12,0,117,0,0,19,0,19,74,31,31,0,136,26,0,26,162
02/16/2009,MHT,NH,ANE,EN,Towers with Radar,85,60,14,0,159,0,2,16,0,18,85,62,30,0,177,14,0,14,191
02/17/2009,MHT,NH,ANE,EN,Towers with Radar,93,72,13,6,184,0,1,17,2,20,93,73,30,8,204,14,0,14,218
02/18/2009,MHT,NH,ANE,EN,Towers with Radar,80,67,15,0,162,0,0,10,0,10,80,67,25,0,172,12,0,12,184
02/19/2009,MHT,NH,ANE,EN,Towers with Radar,99,60,4,12,175,0,0,0,12,12,99,60,4,24,187,0,0,0,187
02/20/2009,MHT,NH,ANE,EN,Towers with Radar,90,67,9,0,166,0,0,10,0,10,90,67,19,0,176,0,0,0,176
02/21/2009,MHT,NH,ANE,EN,Towers with Radar,76,39,23,0,138,0,1,14,0,15,76,40,37,0,153,4,0,4,157
02/22/2009,MHT,NH,ANE,EN,Towers with Radar,68,30,3,0,101,0,0,0,0,0,68,30,3,0,101,0,0,0,101
02/23/2009,MHT,NH,ANE,EN,Towers with Radar,87,58,10,0,155,0,0,4,2,6,87,58,14,2,161,3,0,3,164
02/24/2009,MHT,NH,ANE,EN,Towers with Radar,96,67,20,0,183,0,3,20,0,23,96,70,40,0,206,0,0,0,206
02/25/2009,MHT,NH,ANE,EN,Towers with Radar,90,65,18,0,173,0,0,21,0,21,90,65,39,0,194,20,0,20,214
02/26/2009,MHT,NH,ANE,EN,Towers with Radar,93,70,8,2,173,0,0,13,0,13,93,70,21,2,186,8,0,8,194
02/27/2009,MHT,NH,ANE,EN,Towers with Radar,90,54,14,2,160,0,0,3,0,3,90,54,17,2,163,0,0,0,163
02/28/2009,MHT,NH,ANE,EN,Towers with Radar,70,38,8,0,116,0,0,14,0,14,70,38,22,0,130,0,0,0,130
03/01/2009,MHT,NH,ANE,EN,Towers with Radar,76,28,11,0,115,0,0,2,0,2,76,28,13,0,117,10,0,10,127
03/02/2009,MHT,NH,ANE,EN,Towers with Radar,59,39,1,1,100,0,0,0,0,0,59,39,1,1,100,0,0,0,100
03/03/2009,MHT,NH,ANE,EN,Towers with Radar,99,58,21,0,178,0,2,6,0,8,99,60,27,0,186,0,0,0,186
03/04/2009,MHT,NH,ANE,EN,Towers with Radar,97,64,22,4,187,0,2,15,5,22,97,66,37,9,209,12,0,12,221
03/05/2009,MHT,NH,ANE,EN,Towers with Radar,97,67,38,5,207,0,2,16,0,18,97,69,54,5,225,18,0,18,243
03/06/2009,MHT,NH,ANE,EN,Towers with Radar,93,62,6,0,161,0,0,3,0,3,93,62,9,0,164,14,0,14,178
03/07/2009,MHT,NH,ANE,EN,Towers with Radar,78,38,18,1,135,0,0,27,0,27,78,38,45,1,162,10,0,10,172
03/08/2009,MHT,NH,ANE,EN,Towers with Radar,86,34,17,0,137,0,2,17,2,21,86,36,34,2,158,8,6,14,172
03/09/2009,MHT,NH,ANE,EN,Towers with Radar,97,55,5,0,157,0,1,0,0,1,97,56,5,0,158,0,0,0,158
03/10/2009,MHT,NH,ANE,EN,Towers with Radar,101,69,32,13,215,0,1,21,6,28,101,70,53,19,243,6,6,12,255
03/11/2009,MHT,NH,ANE,EN,Towers with Radar,106,65,11,2,184,0,0,0,0,0,106,65,11,2,184,0,0,0,184
03/12/2009,MHT,NH,ANE,EN,Towers with Radar,103,75,29,1,208,0,0,10,2,12,103,75,39,3,220,8,8,16,236
03/13/2009,MHT,NH,ANE,EN,Towers with Radar,98,61,6,0,165,0,2,17,2,21,98,63,23,2,186,12,0,12,198
03/14/2009,MHT,NH,ANE,EN,Towers with Radar,79,34,7,0,120,0,0,33,0,33,79,34,40,0,153,0,0,0,153
03/15/2009,MHT,NH,ANE,EN,Towers with Radar,91,30,8,0,129,0,0,13,0,13,91,30,21,0,142,0,0,0,142
03/16/2009,MHT,NH,ANE,EN,Towers with Radar,98,55,9,8,170,0,3,23,0,26,98,58,32,8,196,0,0,0,196
03/17/2009,MHT,NH,ANE,EN,Towers with Radar,97,67,9,1,174,0,4,14,0,18,97,71,23,1,192,0,0,0,192
03/18/2009,MHT,NH,ANE,EN,Towers with Radar,106,64,8,0,178,0,0,12,0,12,106,64,20,0,190,6,0,6,196
03/19/2009,MHT,NH,ANE,EN,Towers with Radar,101,68,18,0,187,0,2,2,0,4,101,70,20,0,191,0,0,0,191
03/20/2009,MHT,NH,ANE,EN,Towers with Radar,96,59,11,0,166,0,0,14,0,14,96,59,25,0,180,0,0,0,180
03/21/2009,MHT,NH,ANE,EN,Towers with Radar,85,35,20,0,140,0,3,16,3,22,85,38,36,3,162,6,0,6,168
03/22/2009,MHT,NH,ANE,EN,Towers with Radar,89,29,16,0,134,0,0,23,0,23,89,29,39,0,157,12,0,12,169
03/23/2009,MHT,NH,ANE,EN,Towers with Radar,92,59,9,0,160,0,0,4,0,4,92,59,13,0,164,2,0,2,166
03/24/2009,MHT,NH,ANE,EN,Towers with Radar,100,69,6,0,175,0,1,7,0,8,100,70,13,0,183,0,0,0,183
03/25/2009,MHT,NH,ANE,EN,Towers with Radar,95,75,19,0,189,0,5,25,0,30,95,80,44,0,219,14,0,14,233
03/26/2009,MHT,NH,ANE,EN,Towers with Radar,101,67,16,1,185,0,1,11,6,18,101,68,27,7,203,8,0,8,211
03/27/2009,MHT,NH,ANE,EN,Towers with Radar,98,73,18,1,190,1,3,4,1,9,99,76,22,2,199,0,0,0,199
03/28/2009,MHT,NH,ANE,EN,Towers with Radar,88,37,11,2,138,0,0,5,0,5,88,37,16,2,143,2,0,2,145
03/29/2009,MHT,NH,ANE,EN,Towers with Radar,88,26,21,0,135,0,0,0,0,0,88,26,21,0,135,0,0,0,135
03/30/2009,MHT,NH,ANE,EN,Towers with Radar,90,55,10,0,155,0,0,0,0,0,90,55,10,0,155,0,0,0,155
03/31/2009,MHT,NH,ANE,EN,Towers with Radar,107,64,29,0,200,0,0,20,0,20,107,64,49,0,220,15,0,15,235
04/01/2009,MHT,NH,ANE,EN,Towers with Radar,101,76,14,0,191,0,0,6,0,6,101,76,20,0,197,10,0,10,207
04/02/2009,MHT,NH,ANE,EN,Towers with Radar,102,78,24,2,206,0,2,11,0,13,102,80,35,2,219,12,0,12,231
04/03/2009,MHT,NH,ANE,EN,Towers with Radar,95,56,11,0,162,0,0,0,0,0,95,56,11,0,162,0,0,0,162
04/04/2009,MHT,NH,ANE,EN,Towers with Radar,88,29,2,0,119,0,0,6,2,8,88,29,8,2,127,0,0,0,127
04/05/2009,MHT,NH,ANE,EN,Towers with Radar,96,27,15,0,138,0,0,16,2,18,96,27,31,2,156,4,0,4,160
04/06/2009,MHT,NH,ANE,EN,Towers with Radar,95,49,6,24,174,0,1,2,1,4,95,50,8,25,178,0,0,0,178
04/07/2009,MHT,NH,ANE,EN,Towers with Radar,104,73,14,22,213,0,1,7,0,8,104,74,21,22,221,27,4,31,252
04/08/2009,MHT,NH,ANE,EN,Towers with Radar,104,65,14,0,183,0,0,18,0,18,104,65,32,0,201,0,0,0,201
04/09/2009,MHT,NH,ANE,EN,Towers with Radar,106,69,13,0,188,0,0,47,6,53,106,69,60,6,241,2,0,2,243
04/10/2009,MHT,NH,ANE,EN,Towers with Radar,102,61,19,2,184,0,0,15,0,15,102,61,34,2,199,0,0,0,199
04/11/2009,MHT,NH,ANE,EN,Towers with Radar,80,37,21,0,138,0,0,4,0,4,80,37,25,0,142,0,0,0,142
04/12/2009,MHT,NH,ANE,EN,Towers with Radar,101,21,3,0,125,0,1,8,0,9,101,22,11,0,134,0,0,0,134
04/13/2009,MHT,NH,ANE,EN,Towers with Radar,96,53,16,0,165,0,2,20,0,22,96,55,36,0,187,16,0,16,203
04/14/2009,MHT,NH,ANE,EN,Towers with Radar,105,75,11,0,191,0,2,27,2,31,105,77,38,2,222,18,0,18,240
04/15/2009,MHT,NH,ANE,EN,Towers with Radar,109,61,16,8,194,0,2,20,0,22,109,63,36,8,216,22,0,22,238
04/16/2009,MHT,NH,ANE,EN,Towers with Radar,105,76,10,2,193,0,2,17,0,19,105,78,27,2,212,12,0,12,224
04/17/2009,MHT,NH,ANE,EN,Towers with Radar,100,61,22,0,183,0,2,28,0,30,100,63,50,0,213,16,0,16,229
04/18/2009,MHT,NH,ANE,EN,Towers with Radar,84,38,18,0,140,0,1,19,0,20,84,39,37,0,160,2,0,2,162
04/19/2009,MHT,NH,ANE,EN,Towers with Radar,97,28,16,0,141,0,0,15,0,15,97,28,31,0,156,0,0,0,156
04/20/2009,MHT,NH,ANE,EN,Towers with Radar,97,53,6,0,156,0,7,10,0,17,97,60,16,0,173,0,0,0,173
04/21/2009,MHT,NH,ANE,EN,Towers with Radar,113,65,11,2,191,0,0,0,0,0,113,65,11,2,191,0,2,2,193
04/22/2009,MHT,NH,ANE,EN,Towers with Radar,105,67,11,0,183,0,0,10,1,11,105,67,21,1,194,0,0,0,194
04/23/2009,MHT,NH,ANE,EN,Towers with Radar,104,68,13,2,187,0,0,11,2,13,104,68,24,4,200,6,0,6,206
04/24/2009,MHT,NH,ANE,EN,Towers with Radar,102,59,17,1,179,0,4,27,0,31,102,63,44,1,210,16,0,16,226
04/25/2009,MHT,NH,ANE,EN,Towers with Radar,83,43,8,0,134,0,2,27,0,29,83,45,35,0,163,27,0,27,190
04/26/2009,MHT,NH,ANE,EN,Towers with Radar,104,24,17,0,145,0,0,23,0,23,104,24,40,0,168,14,0,14,182
04/27/2009,MHT,NH,ANE,EN,Towers with Radar,101,46,12,0,159,0,3,23,0,26,101,49,35,0,185,8,0,8,193
04/28/2009,MHT,NH,ANE,EN,Towers with Radar,104,67,7,2,180,0,4,12,1,17,104,71,19,3,197,22,0,22,219
04/29/2009,MHT,NH,ANE,EN,Towers with Radar,109,67,16,2,194,0,1,37,2,40,109,68,53,4,234,44,0,44,278
04/30/2009,MHT,NH,ANE,EN,Towers with Radar,101,78,21,0,200,0,0,22,0,22,101,78,43,0,222,22,0,22,244
05/01/2009,MHT,NH,ANE,EN,Towers with Radar,95,61,7,0,163,0,0,4,0,4,95,61,11,0,167,6,0,6,173
05/02/2009,MHT,NH,ANE,EN,Towers with Radar,90,39,10,0,139,0,4,22,0,26,90,43,32,0,165,32,0,32,197
05/03/2009,MHT,NH,ANE,EN,Towers with Radar,92,32,9,0,133,0,0,12,0,12,92,32,21,0,145,6,0,6,151
05/04/2009,MHT,NH,ANE,EN,Towers with Radar,98,56,27,0,181,0,1,8,0,9,98,57,35,0,190,10,0,10,200
05/05/2009,MHT,NH,ANE,EN,Towers with Radar,104,75,26,0,205,0,0,0,0,0,104,75,26,0,205,0,0,0,205
05/06/2009,MHT,NH,ANE,EN,Towers with Radar,106,65,35,10,216,0,0,6,0,6,106,65,41,10,222,2,0,2,224
05/07/2009,MHT,NH,ANE,EN,Towers with Radar,102,67,18,0,187,0,0,0,0,0,102,67,18,0,187,0,0,0,187
05/08/2009,MHT,NH,ANE,EN,Towers with Radar,114,70,30,0,214,0,0,18,0,18,114,70,48,0,232,0,0,0,232
05/09/2009,MHT,NH,ANE,EN,Towers with Radar,74,40,9,0,123,0,0,10,0,10,74,40,19,0,133,16,0,16,149
05/10/2009,MHT,NH,ANE,EN,Towers with Radar,91,30,10,0,131,0,0,4,0,4,91,30,14,0,135,0,0,0,135
05/11/2009,MHT,NH,ANE,EN,Towers with Radar,103,57,19,2,181,0,5,24,0,29,103,62,43,2,210,22,0,22,232
05/12/2009,MHT,NH,ANE,EN,Towers with Radar,106,66,7,13,192,0,0,20,0,20,106,66,27,13,212,2,10,12,224
05/13/2009,MHT,NH,ANE,EN,Towers with Radar,105,72,17,0,194,0,1,20,0,21,105,73,37,0,215,12,0,12,227
05/14/2009,MHT,NH,ANE,EN,Towers with Radar,106,70,14,0,190,0,5,13,0,18,106,75,27,0,208,0,0,0,208
05/15/2009,MHT,NH,ANE,EN,Towers with Radar,103,70,20,4,197,0,0,27,0,27,103,70,47,4,224,40,0,40,264
05/16/2009,MHT,NH,ANE,EN,Towers with Radar,84,38,10,0,132,0,0,21,0,21,84,38,31,0,153,0,0,0,153
05/17/2009,MHT,NH,ANE,EN,Towers with Radar,94,31,7,0,132,0,0,10,0,10,94,31,17,0,142,4,0,4,146
05/18/2009,MHT,NH,ANE,EN,Towers with Radar,95,55,11,10,171,0,0,6,0,6,95,55,17,10,177,6,20,26,203
05/19/2009,MHT,NH,ANE,EN,Towers with Radar,104,69,19,0,192,0,6,30,2,38,104,75,49,2,230,0,0,0,230
05/20/2009,MHT,NH,ANE,EN,Towers with Radar,108,67,10,0,185,0,0,21,2,23,108,67,31,2,208,54,0,54,262
05/21/2009,MHT,NH,ANE,EN,Towers with Radar,99,73,16,0,188,0,2,29,2,33,99,75,45,2,221,76,0,76,297
05/22/2009,MHT,NH,ANE,EN,Towers with Radar,95,58,15,0,168,0,6,15,0,21,95,64,30,0,189,0,0,0,189
05/23/2009,MHT,NH,ANE,EN,Towers with Radar,82,33,4,0,119,0,3,13,0,16,82,36,17,0,135,4,0,4,139
05/24/2009,MHT,NH,ANE,EN,Towers with Radar,78,24,11,0,113,0,0,12,0,12,78,24,23,0,125,42,0,42,167
05/25/2009,MHT,NH,ANE,EN,Towers with Radar,84,42,14,1,141,0,2,14,0,16,84,44,28,1,157,4,0,4,161
05/26/2009,MHT,NH,ANE,EN,Towers with Radar,103,73,34,0,210,0,4,35,0,39,103,77,69,0,249,6,0,6,255
05/27/2009,MHT,NH,ANE,EN,Towers with Radar,109,60,18,0,187,0,0,0,0,0,109,60,18,0,187,0,0,0,187
05/28/2009,MHT,NH,ANE,EN,Towers with Radar,101,63,28,8,200,0,0,0,0,0,101,63,28,8,200,0,0,0,200
05/29/2009,MHT,NH,ANE,EN,Towers with Radar,97,56,21,1,175,0,0,0,0,0,97,56,21,1,175,0,0,0,175
05/30/2009,MHT,NH,ANE,EN,Towers with Radar,81,35,30,3,149,0,0,18,0,18,81,35,48,3,167,10,2,12,179
05/31/2009,MHT,NH,ANE,EN,Towers with Radar,97,27,11,1,136,0,0,2,2,4,97,27,13,3,140,0,0,0,140
06/01/2009,MHT,NH,ANE,EN,Towers with Radar,99,60,18,9,186,0,2,33,15,50,99,62,51,24,236,4,0,4,240
06/02/2009,MHT,NH,ANE,EN,Towers with Radar,101,69,49,0,219,0,5,25,0,30,101,74,74,0,249,8,0,8,257
06/03/2009,MHT,NH,ANE,EN,Towers with Radar,102,64,25,8,199,0,5,18,4,27,102,69,43,12,226,10,0,10,236
06/04/2009,MHT,NH,ANE,EN,Towers with Radar,102,69,26,0,197,0,0,14,0,14,102,69,40,0,211,8,0,8,219
06/05/2009,MHT,NH,ANE,EN,Towers with Radar,99,50,18,25,192,0,0,14,1,15,99,50,32,26,207,10,6,16,223
06/06/2009,MHT,NH,ANE,EN,Towers with Radar,88,32,12,4,136,0,0,16,0,16,88,32,28,4,152,8,0,8,160
06/07/2009,MHT,NH,ANE,EN,Towers with Radar,91,31,16,0,138,0,3,13,0,16,91,34,29,0,154,6,0,6,160
06/08/2009,MHT,NH,ANE,EN,Towers with Radar,95,61,20,0,176,0,13,39,0,52,95,74,59,0,228,0,0,0,228
06/09/2009,MHT,NH,ANE,EN,Towers with Radar,97,58,15,14,184,0,3,3,0,6,97,61,18,14,190,0,0,0,190
06/10/2009,MHT,NH,ANE,EN,Towers with Radar,106,62,35,8,211,0,0,0,0,0,106,62,35,8,211,2,0,2,213
06/11/2009,MHT,NH,ANE,EN,Towers with Radar,100,62,45,0,207,0,0,1,0,1,100,62,46,0,208,0,0,0,208
06/12/2009,MHT,NH,ANE,EN,Towers with Radar,96,57,33,0,186,0,1,5,0,6,96,58,38,0,192,0,0,0,192
06/13/2009,MHT,NH,ANE,EN,Towers with Radar,83,56,10,0,149,0,0,17,0,17,83,56,27,0,166,6,0,6,172
06/14/2009,MHT,NH,ANE,EN,Towers with Radar,91,35,30,0,156,0,0,4,0,4,91,35,34,0,160,0,0,0,160
06/15/2009,MHT,NH,ANE,EN,Towers with Radar,98,57,15,4,174,0,0,4,0,4,98,57,19,4,178,0,0,0,178
06/16/2009,MHT,NH,ANE,EN,Towers with Radar,101,68,29,0,198,0,2,16,0,18,101,70,45,0,216,2,0,2,218
06/17/2009,MHT,NH,ANE,EN,Towers with Radar,114,64,11,9,198,0,3,36,8,47,114,67,47,17,245,4,14,18,263
06/18/2009,MHT,NH,ANE,EN,Towers with Radar,101,75,22,1,199,0,0,0,0,0,101,75,22,1,199,0,0,0,199
06/19/2009,MHT,NH,ANE,EN,Towers with Radar,96,67,35,0,198,0,0,0,0,0,96,67,35,0,198,0,0,0,198
06/20/2009,MHT,NH,ANE,EN,Towers with Radar,84,40,24,0,148,0,0,7,0,7,84,40,31,0,155,0,0,0,155
06/21/2009,MHT,NH,ANE,EN,Towers with Radar,94,30,33,0,157,0,0,0,0,0,94,30,33,0,157,0,0,0,157
06/22/2009,MHT,NH,ANE,EN,Towers with Radar,93,60,20,0,173,0,0,0,0,0,93,60,20,0,173,0,0,0,173
06/23/2009,MHT,NH,ANE,EN,Towers with Radar,107,65,29,2,203,0,0,1,1,2,107,65,30,3,205,0,0,0,205
06/24/2009,MHT,NH,ANE,EN,Towers with Radar,101,62,34,0,197,0,2,0,0,2,101,64,34,0,199,0,0,0,199
06/25/2009,MHT,NH,ANE,EN,Towers with Radar,112,68,37,1,218,0,0,12,0,12,112,68,49,1,230,0,0,0,230
06/26/2009,MHT,NH,ANE,EN,Towers with Radar,99,68,15,5,187,0,1,12,0,13,99,69,27,5,200,2,0,2,202
06/27/2009,MHT,NH,ANE,EN,Towers with Radar,90,38,20,1,149,0,1,20,0,21,90,39,40,1,170,4,0,4,174
06/28/2009,MHT,NH,ANE,EN,Towers with Radar,97,48,21,3,169,0,0,5,0,5,97,48,26,3,174,0,0,0,174
06/29/2009,MHT,NH,ANE,EN,Towers with Radar,102,54,10,0,166,0,0,2,0,2,102,54,12,0,168,0,0,0,168
06/30/2009,MHT,NH,ANE,EN,Towers with Radar,110,60,40,0,210,0,0,0,0,0,110,60,40,0,210,0,0,0,210
07/01/2009,MHT,NH,ANE,EN,Towers with Radar,107,70,14,0,191,0,0,0,0,0,107,70,14,0,191,0,0,0,191
07/02/2009,MHT,NH,ANE,EN,Towers with Radar,113,53,21,0,187,0,0,0,0,0,113,53,21,0,187,0,0,0,187
07/03/2009,MHT,NH,ANE,EN,Towers with Radar,97,43,31,0,171,0,0,8,0,8,97,43,39,0,179,0,0,0,179
07/04/2009,MHT,NH,ANE,EN,Towers with Radar,64,30,7,0,101,0,0,10,0,10,64,30,17,0,111,2,0,2,113
07/05/2009,MHT,NH,ANE,EN,Towers with Radar,95,33,10,3,141,0,0,20,0,20,95,33,30,3,161,0,0,0,161
07/06/2009,MHT,NH,ANE,EN,Towers with Radar,95,63,17,0,175,0,0,21,0,21,95,63,38,0,196,10,0,10,206
07/07/2009,MHT,NH,ANE,EN,Towers with Radar,106,70,16,0,192,0,0,0,0,0,106,70,16,0,192,0,0,0,192
07/08/2009,MHT,NH,ANE,EN,Towers with Radar,104,63,15,8,190,0,0,3,0,3,104,63,18,8,193,0,0,0,193
07/09/2009,MHT,NH,ANE,EN,Towers with Radar,102,70,44,14,230,0,0,20,0,20,102,70,64,14,250,20,0,20,270
07/10/2009,MHT,NH,ANE,EN,Towers with Radar,112,51,29,9,201,0,1,31,0,32,112,52,60,9,233,12,0,12,245
07/11/2009,MHT,NH,ANE,EN,Towers with Radar,85,36,21,0,142,0,0,21,0,21,85,36,42,0,163,32,0,32,195
07/12/2009,MHT,NH,ANE,EN,Towers with Radar,88,35,18,4,145,0,2,18,0,20,88,37,36,4,165,2,0,2,167
07/13/2009,MHT,NH,ANE,EN,Towers with Radar,101,60,9,10,180,0,7,16,2,25,101,67,25,12,205,22,0,22,227
07/14/2009,MHT,NH,ANE,EN,Towers with Radar,106,63,45,0,214,0,0,19,0,19,106,63,64,0,233,0,10,10,243
07/15/2009,MHT,NH,ANE,EN,Towers with Radar,109,60,21,6,196,0,0,14,0,14,109,60,35,6,210,0,0,0,210
07/16/2009,MHT,NH,ANE,EN,Towers with Radar,112,74,25,0,211,0,0,17,0,17,112,74,42,0,228,10,0,10,238
07/17/2009,MHT,NH,ANE,EN,Towers with Radar,101,56,18,0,175,0,1,25,0,26,101,57,43,0,201,2,0,2,203
07/18/2009,MHT,NH,ANE,EN,Towers with Radar,92,32,4,1,129,0,0,5,0,5,92,32,9,1,134,0,5,5,139
07/19/2009,MHT,NH,ANE,EN,Towers with Radar,93,35,20,0,148,0,0,34,0,34,93,35,54,0,182,4,0,4,186
07/20/2009,MHT,NH,ANE,EN,Towers with Radar,99,61,35,1,196,0,8,24,0,32,99,69,59,1,228,0,14,14,242
07/21/2009,MHT,NH,ANE,EN,Towers with Radar,99,62,25,2,188,0,0,0,0,0,99,62,25,2,188,0,0,0,188
07/22/2009,MHT,NH,ANE,EN,Towers with Radar,109,69,18,0,196,0,4,11,0,15,109,73,29,0,211,8,0,8,219
07/23/2009,MHT,NH,ANE,EN,Towers with Radar,96,78,38,5,217,0,0,9,0,9,96,78,47,5,226,0,0,0,226
07/24/2009,MHT,NH,ANE,EN,Towers with Radar,99,61,20,1,181,0,0,6,0,6,99,61,26,1,187,0,0,0,187
07/25/2009,MHT,NH,ANE,EN,Towers with Radar,90,32,25,0,147,0,0,8,0,8,90,32,33,0,155,0,0,0,155
07/26/2009,MHT,NH,ANE,EN,Towers with Radar,92,34,22,0,148,0,0,3,0,3,92,34,25,0,151,0,0,0,151
07/27/2009,MHT,NH,ANE,EN,Towers with Radar,97,71,22,2,192,0,0,6,0,6,97,71,28,2,198,0,0,0,198
07/28/2009,MHT,NH,ANE,EN,Towers with Radar,108,78,49,0,235,0,3,26,0,29,108,81,75,0,264,32,0,32,296
07/29/2009,MHT,NH,ANE,EN,Towers with Radar,105,58,12,9,184,0,0,7,0,7,105,58,19,9,191,0,10,10,201
07/30/2009,MHT,NH,ANE,EN,Towers with Radar,102,70,26,2,200,0,0,13,2,15,102,70,39,4,215,0,0,0,215
07/31/2009,MHT,NH,ANE,EN,Towers with Radar,100,64,20,0,184,0,0,2,0,2,100,64,22,0,186,0,0,0,186
08/01/2009,MHT,NH,ANE,EN,Towers with Radar,88,36,25,0,149,0,0,33,0,33,88,36,58,0,182,20,0,20,202
08/02/2009,MHT,NH,ANE,EN,Towers with Radar,85,32,17,0,134,0,2,2,0,4,85,34,19,0,138,0,0,0,138
08/03/2009,MHT,NH,ANE,EN,Towers with Radar,103,61,15,8,187,0,1,21,2,24,103,62,36,10,211,8,8,16,227
08/04/2009,MHT,NH,ANE,EN,Towers with Radar,109,66,16,0,191,0,1,15,0,16,109,67,31,0,207,26,0,26,233
08/05/2009,MHT,NH,ANE,EN,Towers with Radar,103,65,19,0,187,0,0,12,0,12,103,65,31,0,199,4,0,4,203
08/06/2009,MHT,NH,ANE,EN,Towers with Radar,105,83,40,4,232,0,11,20,0,31,105,94,60,4,263,30,2,32,295
08/07/2009,MHT,NH,ANE,EN,Towers with Radar,103,56,21,0,180,0,0,16,2,18,103,56,37,2,198,30,0,30,228
08/08/2009,MHT,NH,ANE,EN,Towers with Radar,101,34,6,0,141,0,0,25,0,25,101,34,31,0,166,10,0,10,176
08/09/2009,MHT,NH,ANE,EN,Towers with Radar,88,29,14,0,131,0,2,19,0,21,88,31,33,0,152,18,0,18,170
08/10/2009,MHT,NH,ANE,EN,Towers with Radar,98,55,20,0,173,0,2,19,0,21,98,57,39,0,194,0,0,0,194
08/11/2009,MHT,NH,ANE,EN,Towers with Radar,121,74,17,2,214,0,2,5,0,7,121,76,22,2,221,0,0,0,221
08/12/2009,MHT,NH,ANE,EN,Towers with Radar,93,62,26,8,189,0,0,23,0,23,93,62,49,8,212,8,0,8,220
08/13/2009,MHT,NH,ANE,EN,Towers with Radar,104,72,24,0,200,0,0,8,0,8,104,72,32,0,208,0,0,0,208
08/14/2009,MHT,NH,ANE,EN,Towers with Radar,99,61,23,0,183,0,2,16,0,18,99,63,39,0,201,12,0,12,213
08/15/2009,MHT,NH,ANE,EN,Towers with Radar,89,34,10,0,133,0,2,23,0,25,89,36,33,0,158,0,24,24,182
08/16/2009,MHT,NH,ANE,EN,Towers with Radar,86,34,10,0,130,0,0,18,0,18,86,34,28,0,148,2,0,2,150
08/17/2009,MHT,NH,ANE,EN,Towers with Radar,94,56,33,10,193,0,1,20,0,21,94,57,53,10,214,4,0,4,218
08/18/2009,MHT,NH,ANE,EN,Towers with Radar,96,66,46,2,210,0,3,32,1,36,96,69,78,3,246,0,0,0,246
08/19/2009,MHT,NH,ANE,EN,Towers with Radar,102,61,12,0,175,0,5,22,2,29,102,66,34,2,204,10,0,10,214
08/20/2009,MHT,NH,ANE,EN,Towers with Radar,98,67,11,6,182,0,0,10,0,10,98,67,21,6,192,14,6,20,212
08/21/2009,MHT,NH,ANE,EN,Towers with Radar,85,52,12,0,149,0,0,3,0,3,85,52,15,0,152,0,0,0,152
08/22/2009,MHT,NH,ANE,EN,Towers with Radar,86,43,9,0,138,0,0,4,0,4,86,43,13,0,142,0,0,0,142
08/23/2009,MHT,NH,ANE,EN,Towers with Radar,85,30,8,0,123,0,0,5,0,5,85,30,13,0,128,0,0,0,128
08/24/2009,MHT,NH,ANE,EN,Towers with Radar,90,57,14,3,164,0,2,9,1,12,90,59,23,4,176,8,0,8,184
08/25/2009,MHT,NH,ANE,EN,Towers with Radar,99,68,16,0,183,0,1,31,0,32,99,69,47,0,215,8,0,8,223
08/26/2009,MHT,NH,ANE,EN,Towers with Radar,97,65,19,0,181,0,1,17,0,18,97,66,36,0,199,12,0,12,211
08/27/2009,MHT,NH,ANE,EN,Towers with Radar,99,70,17,12,198,0,4,28,0,32,99,74,45,12,230,0,0,0,230
08/28/2009,MHT,NH,ANE,EN,Towers with Radar,94,59,17,0,170,0,5,26,0,31,94,64,43,0,201,0,0,0,201
08/29/2009,MHT,NH,ANE,EN,Towers with Radar,80,34,17,0,131,0,0,0,0,0,80,34,17,0,131,0,0,0,131
08/30/2009,MHT,NH,ANE,EN,Towers with Radar,89,35,11,0,135,0,2,14,0,16,89,37,25,0,151,4,0,4,155
08/31/2009,MHT,NH,ANE,EN,Towers with Radar,93,59,12,0,164,0,3,22,0,25,93,62,34,0,189,0,0,0,189
09/01/2009,MHT,NH,ANE,EN,Towers with Radar,103,59,17,6,185,0,8,31,1,40,103,67,48,7,225,23,0,23,248
09/02/2009,MHT,NH,ANE,EN,Towers with Radar,102,57,26,0,185,0,3,49,0,52,102,60,75,0,237,26,0,26,263
09/03/2009,MHT,NH,ANE,EN,Towers with Radar,93,71,12,0,176,0,4,36,1,41,93,75,48,1,217,10,0,10,227
09/04/2009,MHT,NH,ANE,EN,Towers with Radar,93,56,40,0,189,0,4,25,0,29,93,60,65,0,218,10,0,10,228
09/05/2009,MHT,NH,ANE,EN,Towers with Radar,74,34,12,0,120,0,4,21,2,27,74,38,33,2,147,13,0,13,160
09/06/2009,MHT,NH,ANE,EN,Towers with Radar,66,20,8,0,94,0,2,20,0,22,66,22,28,0,116,10,0,10,126
09/07/2009,MHT,NH,ANE,EN,Towers with Radar,84,26,10,0,120,0,0,13,0,13,84,26,23,0,133,10,0,10,143
09/08/2009,MHT,NH,ANE,EN,Towers with Radar,96,50,18,14,178,0,4,20,0,24,96,54,38,14,202,18,0,18,220
09/09/2009,MHT,NH,ANE,EN,Towers with Radar,104,57,27,0,188,0,3,27,0,30,104,60,54,0,218,24,0,24,242
09/10/2009,MHT,NH,ANE,EN,Towers with Radar,101,62,33,1,197,0,4,32,1,37,101,66,65,2,234,22,0,22,256
09/11/2009,MHT,NH,ANE,EN,Towers with Radar,93,39,31,0,163,0,1,10,0,11,93,40,41,0,174,0,0,0,174
09/12/2009,MHT,NH,ANE,EN,Towers with Radar,81,29,73,0,183,0,0,0,0,0,81,29,73,0,183,0,0,0,183
09/13/2009,MHT,NH,ANE,EN,Towers with Radar,85,30,57,0,172,0,4,45,0,49,85,34,102,0,221,6,0,6,227
09/14/2009,MHT,NH,ANE,EN,Towers with Radar,95,48,19,4,166,0,4,22,0,26,95,52,41,4,192,12,0,12,204
09/15/2009,MHT,NH,ANE,EN,Towers with Radar,101,58,16,0,175,0,3,34,0,37,101,61,50,0,212,28,0,28,240
09/16/2009,MHT,NH,ANE,EN,Towers with Radar,95,63,12,0,170,0,16,8,0,24,95,79,20,0,194,38,0,38,232
09/17/2009,MHT,NH,ANE,EN,Towers with Radar,109,64,18,2,193,0,1,15,0,16,109,65,33,2,209,32,0,32,241
09/18/2009,MHT,NH,ANE,EN,Towers with Radar,100,55,13,0,168,0,1,18,0,19,100,56,31,0,187,36,0,36,223
09/19/2009,MHT,NH,ANE,EN,Towers with Radar,76,33,11,0,120,0,2,21,0,23,76,35,32,0,143,0,0,0,143
09/20/2009,MHT,NH,ANE,EN,Towers with Radar,88,43,18,0,149,0,4,39,0,43,88,47,57,0,192,5,0,5,197
09/21/2009,MHT,NH,ANE,EN,Towers with Radar,100,47,22,3,172,0,8,21,1,30,100,55,43,4,202,10,0,10,212
09/22/2009,MHT,NH,ANE,EN,Towers with Radar,97,54,24,2,177,0,1,18,0,19,97,55,42,2,196,12,8,20,216
09/23/2009,MHT,NH,ANE,EN,Towers with Radar,102,60,27,0,189,0,4,14,0,18,102,64,41,0,207,8,0,8,215
09/24/2009,MHT,NH,ANE,EN,Towers with Radar,102,55,32,1,190,0,9,32,0,41,102,64,64,1,231,2,0,2,233
09/25/2009,MHT,NH,ANE,EN,Towers with Radar,103,53,8,0,164,0,5,22,2,29,103,58,30,2,193,12,0,12,205
09/26/2009,MHT,NH,ANE,EN,Towers with Radar,73,33,9,0,115,0,5,76,0,81,73,38,85,0,196,50,0,50,246
09/27/2009,MHT,NH,ANE,EN,Towers with Radar,86,31,4,0,121,0,1,0,0,1,86,32,4,0,122,0,0,0,122
09/28/2009,MHT,NH,ANE,EN,Towers with Radar,101,42,20,0,163,0,7,41,0,48,101,49,61,0,211,20,0,20,231
09/29/2009,MHT,NH,ANE,EN,Towers with Radar,103,55,20,8,186,0,5,9,0,14,103,60,29,8,200,4,0,4,204
09/30/2009,MHT,NH,ANE,EN,Towers with Radar,97,56,16,2,171,0,6,16,0,22,97,62,32,2,193,20,0,20,213
10/01/2009,MHT,NH,ANE,EN,Towers with Radar,102,67,29,0,198,0,13,15,1,29,102,80,44,1,227,6,0,6,233
10/02/2009,MHT,NH,ANE,EN,Towers with Radar,103,52,19,4,178,0,5,18,0,23,103,57,37,4,201,18,0,18,219
10/03/2009,MHT,NH,ANE,EN,Towers with Radar,77,28,7,0,112,0,0,0,0,0,77,28,7,0,112,0,0,0,112
10/04/2009,MHT,NH,ANE,EN,Towers with Radar,88,28,39,0,155,0,8,16,0,24,88,36,55,0,179,8,0,8,187
10/05/2009,MHT,NH,ANE,EN,Towers with Radar,96,55,20,10,181,0,10,24,2,36,96,65,44,12,217,22,4,26,243
10/06/2009,MHT,NH,ANE,EN,Towers with Radar,98,62,16,0,176,0,2,24,0,26,98,64,40,0,202,56,0,56,258
10/07/2009,MHT,NH,ANE,EN,Towers with Radar,102,55,15,0,172,0,3,1,0,4,102,58,16,0,176,0,0,0,176
10/08/2009,MHT,NH,ANE,EN,Towers with Radar,101,62,29,0,192,0,15,23,1,39,101,77,52,1,231,12,0,12,243
10/09/2009,MHT,NH,ANE,EN,Towers with Radar,96,54,28,0,178,0,3,7,0,10,96,57,35,0,188,16,0,16,204
10/10/2009,MHT,NH,ANE,EN,Towers with Radar,82,45,11,0,138,0,6,17,0,23,82,51,28,0,161,2,0,2,163
10/11/2009,MHT,NH,ANE,EN,Towers with Radar,86,33,18,0,137,0,6,34,0,40,86,39,52,0,177,2,0,2,179
10/12/2009,MHT,NH,ANE,EN,Towers with Radar,93,48,19,0,160,0,9,24,0,33,93,57,43,0,193,14,0,14,207
10/13/2009,MHT,NH,ANE,EN,Towers with Radar,101,66,11,0,178,0,4,4,0,8,101,70,15,0,186,8,0,8,194
10/14/2009,MHT,NH,ANE,EN,Towers with Radar,102,62,18,5,187,0,5,19,0,24,102,67,37,5,211,8,0,8,219
10/15/2009,MHT,NH,ANE,EN,Towers with Radar,103,56,30,0,189,0,3,15,0,18,103,59,45,0,207,0,0,0,207
10/16/2009,MHT,NH,ANE,EN,Towers with Radar,100,52,16,0,168,0,5,16,0,21,100,57,32,0,189,4,0,4,193
10/17/2009,MHT,NH,ANE,EN,Towers with Radar,82,27,11,1,121,0,8,11,1,20,82,35,22,2,141,2,0,2,143
10/18/2009,MHT,NH,ANE,EN,Towers with Radar,98,22,1,0,121,0,2,0,0,2,98,24,1,0,123,0,0,0,123
10/19/2009,MHT,NH,ANE,EN,Towers with Radar,93,49,16,0,158,0,2,16,1,19,93,51,32,1,177,10,0,10,187
10/20/2009,MHT,NH,ANE,EN,Towers with Radar,104,58,15,12,189,0,6,19,0,25,104,64,34,12,214,2,0,2,216
10/21/2009,MHT,NH,ANE,EN,Towers with Radar,96,61,24,4,185,0,10,36,0,46,96,71,60,4,231,34,0,34,265
10/22/2009,MHT,NH,ANE,EN,Towers with Radar,100,71,22,0,193,0,10,10,0,20,100,81,32,0,213,4,0,4,217
10/23/2009,MHT,NH,ANE,EN,Towers with Radar,101,55,20,0,176,0,3,10,0,13,101,58,30,0,189,16,0,16,205
10/24/2009,MHT,NH,ANE,EN,Towers with Radar,72,28,7,0,107,0,0,0,0,0,72,28,7,0,107,0,0,0,107
10/25/2009,MHT,NH,ANE,EN,Towers with Radar,81,26,11,0,118,0,4,19,0,23,81,30,30,0,141,12,0,12,153
10/26/2009,MHT,NH,ANE,EN,Towers with Radar,95,60,13,0,168,0,7,24,0,31,95,67,37,0,199,20,0,20,219
10/27/2009,MHT,NH,ANE,EN,Towers with Radar,98,63,27,12,200,0,2,6,0,8,98,65,33,12,208,2,0,2,210
10/28/2009,MHT,NH,ANE,EN,Towers with Radar,101,49,16,0,166,0,0,0,0,0,101,49,16,0,166,0,0,0,166
10/29/2009,MHT,NH,ANE,EN,Towers with Radar,99,66,22,7,194,0,4,39,3,46,99,70,61,10,240,26,0,26,266
10/30/2009,MHT,NH,ANE,EN,Towers with Radar,97,58,20,0,175,0,6,19,2,27,97,64,39,2,202,6,0,6,208
10/31/2009,MHT,NH,ANE,EN,Towers with Radar,71,25,8,0,104,0,6,0,0,6,71,31,8,0,110,0,0,0,110
11/01/2009,MHT,NH,ANE,EN,Towers with Radar,85,28,19,0,132,0,12,37,0,49,85,40,56,0,181,14,0,14,195
11/02/2009,MHT,NH,ANE,EN,Towers with Radar,91,55,8,0,154,0,1,23,0,24,91,56,31,0,178,14,0,14,192
11/03/2009,MHT,NH,ANE,EN,Towers with Radar,96,73,9,2,180,0,1,21,12,34,96,74,30,14,214,2,0,2,216
11/04/2009,MHT,NH,ANE,EN,Towers with Radar,94,65,13,1,173,0,4,29,3,36,94,69,42,4,209,24,0,24,233
11/05/2009,MHT,NH,ANE,EN,Towers with Radar,92,62,17,6,177,0,2,12,1,15,92,64,29,7,192,10,0,10,202
11/06/2009,MHT,NH,ANE,EN,Towers with Radar,90,55,21,9,175,0,2,22,3,27,90,57,43,12,202,12,12,24,226
11/07/2009,MHT,NH,ANE,EN,Towers with Radar,73,28,20,0,121,0,7,35,0,42,73,35,55,0,163,18,0,18,181
11/08/2009,MHT,NH,ANE,EN,Towers with Radar,81,37,14,0,132,0,13,29,0,42,81,50,43,0,174,20,0,20,194
11/09/2009,MHT,NH,ANE,EN,Towers with Radar,86,58,9,0,153,0,19,22,0,41,86,77,31,0,194,6,0,6,200
11/10/2009,MHT,NH,ANE,EN,Towers with Radar,92,85,15,10,202,0,5,5,4,14,92,90,20,14,216,20,8,28,244
11/11/2009,MHT,NH,ANE,EN,Towers with Radar,92,63,31,2,188,0,5,12,0,17,92,68,43,2,205,2,0,2,207
11/12/2009,MHT,NH,ANE,EN,Towers with Radar,89,68,53,0,210,0,2,17,0,19,89,70,70,0,229,17,0,17,246
11/13/2009,MHT,NH,ANE,EN,Towers with Radar,87,47,15,9,158,0,0,3,1,4,87,47,18,10,162,0,0,0,162
11/14/2009,MHT,NH,ANE,EN,Towers with Radar,76,34,4,0,114,0,0,0,0,0,76,34,4,0,114,0,0,0,114
11/15/2009,MHT,NH,ANE,EN,Towers with Radar,85,34,18,0,137,0,2,7,0,9,85,36,25,0,146,22,0,22,168
11/16/2009,MHT,NH,ANE,EN,Towers with Radar,86,62,19,0,167,0,5,21,0,26,86,67,40,0,193,18,0,18,211
11/17/2009,MHT,NH,ANE,EN,Towers with Radar,93,68,27,4,192,0,6,27,2,35,93,74,54,6,227,8,0,8,235
11/18/2009,MHT,NH,ANE,EN,Towers with Radar,95,72,18,2,187,0,6,24,2,32,95,78,42,4,219,25,0,25,244
11/19/2009,MHT,NH,ANE,EN,Towers with Radar,97,66,19,4,186,0,3,22,0,25,97,69,41,4,211,34,2,36,247
11/20/2009,MHT,NH,ANE,EN,Towers with Radar,83,61,16,6,166,0,4,8,0,12,83,65,24,6,178,30,0,30,208
11/21/2009,MHT,NH,ANE,EN,Towers with Radar,78,28,20,0,126,0,12,28,0,40,78,40,48,0,166,10,0,10,176
11/22/2009,MHT,NH,ANE,EN,Towers with Radar,76,39,17,0,132,0,3,23,2,28,76,42,40,2,160,50,0,50,210
11/23/2009,MHT,NH,ANE,EN,Towers with Radar,89,59,22,0,170,0,2,12,0,14,89,61,34,0,184,4,0,4,188
11/24/2009,MHT,NH,ANE,EN,Towers with Radar,95,71,19,0,185,0,4,6,0,10,95,75,25,0,195,0,0,0,195
11/25/2009,MHT,NH,ANE,EN,Towers with Radar,103,66,19,0,188,0,0,0,0,0,103,66,19,0,188,0,0,0,188
11/26/2009,MHT,NH,ANE,EN,Towers with Radar,50,17,5,0,72,0,0,0,0,0,50,17,5,0,72,0,0,0,72
11/27/2009,MHT,NH,ANE,EN,Towers with Radar,72,47,7,0,126,0,0,2,0,2,72,47,9,0,128,0,0,0,128
11/28/2009,MHT,NH,ANE,EN,Towers with Radar,83,34,13,0,130,0,1,3,0,4,83,35,16,0,134,0,0,0,134
11/29/2009,MHT,NH,ANE,EN,Towers with Radar,92,36,29,0,157,0,3,22,0,25,92,39,51,0,182,23,0,23,205
11/30/2009,MHT,NH,ANE,EN,Towers with Radar,87,57,19,2,165,0,1,10,3,14,87,58,29,5,179,0,0,0,179
12/01/2009,MHT,NH,ANE,EN,Towers with Radar,99,64,25,0,188,0,6,11,0,17,99,70,36,0,205,12,0,12,217
12/02/2009,MHT,NH,ANE,EN,Towers with Radar,99,70,21,0,190,0,10,22,0,32,99,80,43,0,222,20,0,20,242
12/03/2009,MHT,NH,ANE,EN,Towers with Radar,106,70,16,7,199,0,7,5,0,12,106,77,21,7,211,1,0,1,212
12/04/2009,MHT,NH,ANE,EN,Towers with Radar,99,51,25,10,185,0,4,21,0,25,99,55,46,10,210,8,0,8,218
12/05/2009,MHT,NH,ANE,EN,Towers with Radar,74,28,4,8,114,0,0,2,1,3,74,28,6,9,117,0,6,6,123
12/06/2009,MHT,NH,ANE,EN,Towers with Radar,84,34,9,0,127,0,5,11,0,16,84,39,20,0,143,0,0,0,143
12/07/2009,MHT,NH,ANE,EN,Towers with Radar,83,56,22,7,168,0,4,17,1,22,83,60,39,8,190,17,0,17,207
12/08/2009,MHT,NH,ANE,EN,Towers with Radar,96,57,19,0,172,0,1,22,1,24,96,58,41,1,196,0,0,0,196
12/09/2009,MHT,NH,ANE,EN,Towers with Radar,86,35,13,0,134,0,0,0,0,0,86,35,13,0,134,0,0,0,134
12/10/2009,MHT,NH,ANE,EN,Towers with Radar,101,72,9,0,182,0,0,6,4,10,101,72,15,4,192,0,0,0,192
12/11/2009,MHT,NH,ANE,EN,Towers with Radar,96,54,7,5,162,0,4,4,0,8,96,58,11,5,170,0,6,6,176
12/12/2009,MHT,NH,ANE,EN,Towers with Radar,76,34,8,1,119,0,7,15,1,23,76,41,23,2,142,2,0,2,144
12/13/2009,MHT,NH,ANE,EN,Towers with Radar,80,30,6,0,116,0,4,3,0,7,80,34,9,0,123,2,0,2,125
12/14/2009,MHT,NH,ANE,EN,Towers with Radar,94,52,14,12,172,0,3,17,0,20,94,55,31,12,192,0,2,2,194
12/15/2009,MHT,NH,ANE,EN,Towers with Radar,96,65,7,0,168,0,9,8,0,17,96,74,15,0,185,0,0,0,185
12/16/2009,MHT,NH,ANE,EN,Towers with Radar,105,80,34,2,221,0,2,9,1,12,105,82,43,3,233,1,1,2,235
12/17/2009,MHT,NH,ANE,EN,Towers with Radar,96,72,11,0,179,0,7,3,0,10,96,79,14,0,189,0,0,0,189
12/18/2009,MHT,NH,ANE,EN,Towers with Radar,95,62,22,6,185,0,7,17,4,28,95,69,39,10,213,2,8,10,223
12/19/2009,MHT,NH,ANE,EN,Towers with Radar,56,24,11,0,91,0,8,7,0,15,56,32,18,0,106,14,0,14,120
12/20/2009,MHT,NH,ANE,EN,Towers with Radar,62,29,4,0,95,0,3,0,0,3,62,32,4,0,98,0,0,0,98
12/21/2009,MHT,NH,ANE,EN,Towers with Radar,99,53,7,2,161,0,5,6,0,11,99,58,13,2,172,0,0,0,172
12/22/2009,MHT,NH,ANE,EN,Towers with Radar,108,77,18,0,203,0,14,9,0,23,108,91,27,0,226,0,0,0,226
12/23/2009,MHT,NH,ANE,EN,Towers with Radar,107,73,12,0,192,0,13,12,0,25,107,86,24,0,217,19,0,19,236
12/24/2009,MHT,NH,ANE,EN,Towers with Radar,91,52,4,0,147,0,3,2,0,5,91,55,6,0,152,0,0,0,152
12/25/2009,MHT,NH,ANE,EN,Towers with Radar,67,22,1,0,90,0,0,0,0,0,67,22,1,0,90,0,0,0,90
12/26/2009,MHT,NH,ANE,EN,Towers with Radar,75,35,14,0,124,0,0,0,0,0,75,35,14,0,124,0,0,0,124
12/27/2009,MHT,NH,ANE,EN,Towers with Radar,84,38,11,0,133,0,2,0,1,3,84,40,11,1,136,0,0,0,136
12/28/2009,MHT,NH,ANE,EN,Towers with Radar,86,58,10,0,154,0,0,3,0,3,86,58,13,0,157,0,0,0,157
12/29/2009,MHT,NH,ANE,EN,Towers with Radar,106,71,5,0,182,0,0,0,0,0,106,71,5,0,182,0,0,0,182
12/30/2009,MHT,NH,ANE,EN,Towers with Radar,99,46,19,20,184,0,6,23,1,30,99,52,42,21,214,6,12,18,232
12/31/2009,MHT,NH,ANE,EN,Towers with Radar,82,46,8,0,136,0,6,2,0,8,82,52,10,0,144,2,0,2,146
01/01/2010,MHT,NH,ANE,EN,Towers with Radar,73,24,3,0,100,0,0,3,0,3,73,24,6,0,103,0,0,0,103
01/02/2010,MHT,NH,ANE,EN,Towers with Radar,76,33,7,0,116,0,0,0,0,0,76,33,7,0,116,0,0,0,116
01/03/2010,MHT,NH,ANE,EN,Towers with Radar,82,40,14,0,136,0,0,0,0,0,82,40,14,0,136,0,0,0,136
01/04/2010,MHT,NH,ANE,EN,Towers with Radar,92,61,15,0,168,0,0,9,0,9,92,61,24,0,177,0,0,0,177
01/05/2010,MHT,NH,ANE,EN,Towers with Radar,95,58,8,0,161,0,0,8,0,8,95,58,16,0,169,2,0,2,171
01/06/2010,MHT,NH,ANE,EN,Towers with Radar,98,69,33,0,200,0,7,10,0,17,98,76,43,0,217,0,0,0,217
01/07/2010,MHT,NH,ANE,EN,Towers with Radar,94,69,22,6,191,0,8,13,0,21,94,77,35,6,212,0,0,0,212
01/08/2010,MHT,NH,ANE,EN,Towers with Radar,92,54,18,0,164,0,0,0,0,0,92,54,18,0,164,0,0,0,164
01/09/2010,MHT,NH,ANE,EN,Towers with Radar,78,31,16,4,129,0,5,11,0,16,78,36,27,4,145,28,0,28,173
01/10/2010,MHT,NH,ANE,EN,Towers with Radar,73,27,18,0,118,0,8,15,0,23,73,35,33,0,141,18,0,18,159
01/11/2010,MHT,NH,ANE,EN,Towers with Radar,81,53,8,0,142,0,4,10,0,14,81,57,18,0,156,2,0,2,158
01/12/2010,MHT,NH,ANE,EN,Towers with Radar,94,58,30,0,182,0,8,17,0,25,94,66,47,0,207,8,0,8,215
01/13/2010,MHT,NH,ANE,EN,Towers with Radar,84,58,4,0,146,0,7,8,0,15,84,65,12,0,161,2,0,2,163
01/14/2010,MHT,NH,ANE,EN,Towers with Radar,82,70,30,0,182,0,8,12,0,20,82,78,42,0,202,16,0,16,218
01/15/2010,MHT,NH,ANE,EN,Towers with Radar,90,47,13,20,170,0,4,11,0,15,90,51,24,20,185,0,0,0,185
01/16/2010,MHT,NH,ANE,EN,Towers with Radar,69,27,12,0,108,0,6,35,0,41,69,33,47,0,149,20,0,20,169
01/17/2010,MHT,NH,ANE,EN,Towers with Radar,76,31,7,0,114,0,2,7,0,9,76,33,14,0,123,2,0,2,125
01/18/2010,MHT,NH,ANE,EN,Towers with Radar,87,55,12,0,154,0,0,0,0,0,87,55,12,0,154,0,0,0,154
01/19/2010,MHT,NH,ANE,EN,Towers with Radar,92,58,11,0,161,0,0,0,0,0,92,58,11,0,161,0,0,0,161
01/20/2010,MHT,NH,ANE,EN,Towers with Radar,92,56,14,0,162,0,3,4,0,7,92,59,18,0,169,8,0,8,177
01/21/2010,MHT,NH,ANE,EN,Towers with Radar,87,65,20,0,172,0,3,19,0,22,87,68,39,0,194,2,0,2,196
01/22/2010,MHT,NH,ANE,EN,Towers with Radar,94,49,34,2,179,0,5,18,0,23,94,54,52,2,202,4,0,4,206
01/23/2010,MHT,NH,ANE,EN,Towers with Radar,65,25,22,0,112,0,5,20,0,25,65,30,42,0,137,4,0,4,141
01/24/2010,MHT,NH,ANE,EN,Towers with Radar,76,33,11,0,120,0,3,1,0,4,76,36,12,0,124,2,0,2,126
01/25/2010,MHT,NH,ANE,EN,Towers with Radar,77,42,5,0,124,0,0,0,0,0,77,42,5,0,124,0,0,0,124
01/26/2010,MHT,NH,ANE,EN,Towers with Radar,80,73,21,0,174,0,13,12,4,29,80,86,33,4,203,2,0,2,205
01/27/2010,MHT,NH,ANE,EN,Towers with Radar,89,58,23,0,170,0,9,10,2,21,89,67,33,2,191,2,0,2,193
01/28/2010,MHT,NH,ANE,EN,Towers with Radar,102,48,10,0,160,0,4,9,0,13,102,52,19,0,173,0,0,0,173
01/29/2010,MHT,NH,ANE,EN,Towers with Radar,83,55,12,0,150,0,6,0,0,6,83,61,12,0,156,0,0,0,156
01/30/2010,MHT,NH,ANE,EN,Towers with Radar,62,26,17,0,105,0,1,24,0,25,62,27,41,0,130,0,2,2,132
01/31/2010,MHT,NH,ANE,EN,Towers with Radar,79,30,17,2,128,0,11,17,2,30,79,41,34,4,158,4,0,4,162
02/01/2010,MHT,NH,ANE,EN,Towers with Radar,87,55,11,3,156,0,5,21,0,26,87,60,32,3,182,0,0,0,182
02/02/2010,MHT,NH,ANE,EN,Towers with Radar,88,61,19,3,171,0,0,11,0,11,88,61,30,3,182,0,0,0,182
02/03/2010,MHT,NH,ANE,EN,Towers with Radar,88,62,22,8,180,0,7,12,0,19,88,69,34,8,199,4,4,8,207
02/04/2010,MHT,NH,ANE,EN,Towers with Radar,94,73,17,1,185,0,4,15,2,21,94,77,32,3,206,12,0,12,218
02/05/2010,MHT,NH,ANE,EN,Towers with Radar,73,44,17,0,134,0,5,30,1,36,73,49,47,1,170,0,0,0,170
02/06/2010,MHT,NH,ANE,EN,Towers with Radar,41,20,11,0,72,0,4,11,5,20,41,24,22,5,92,28,0,28,120
02/07/2010,MHT,NH,ANE,EN,Towers with Radar,42,23,11,0,76,0,4,5,7,16,42,27,16,7,92,0,0,0,92
02/08/2010,MHT,NH,ANE,EN,Towers with Radar,72,40,15,0,127,0,5,15,0,20,72,45,30,0,147,12,0,12,159
02/09/2010,MHT,NH,ANE,EN,Towers with Radar,69,55,22,0,146,0,10,20,0,30,69,65,42,0,176,7,0,7,183
02/10/2010,MHT,NH,ANE,EN,Towers with Radar,45,36,9,2,92,0,0,1,0,1,45,36,10,2,93,0,0,0,93
02/11/2010,MHT,NH,ANE,EN,Towers with Radar,71,57,14,2,144,0,2,6,0,8,71,59,20,2,152,26,0,26,178
02/12/2010,MHT,NH,ANE,EN,Towers with Radar,94,66,15,0,175,0,2,20,0,22,94,68,35,0,197,0,0,0,197
02/13/2010,MHT,NH,ANE,EN,Towers with Radar,76,35,15,0,126,0,3,4,0,7,76,38,19,0,133,0,0,0,133
02/14/2010,MHT,NH,ANE,EN,Towers with Radar,82,25,4,0,111,0,8,9,0,17,82,33,13,0,128,0,0,0,128
02/15/2010,MHT,NH,ANE,EN,Towers with Radar,88,57,8,4,157,0,7,18,7,32,88,64,26,11,189,22,0,22,211
02/16/2010,MHT,NH,ANE,EN,Towers with Radar,89,53,4,0,146,0,0,0,0,0,89,53,4,0,146,0,0,0,146
02/17/2010,MHT,NH,ANE,EN,Towers with Radar,96,60,8,0,164,0,3,5,2,10,96,63,13,2,174,0,0,0,174
02/18/2010,MHT,NH,ANE,EN,Towers with Radar,99,62,21,0,182,0,5,10,0,15,99,67,31,0,197,22,0,22,219
02/19/2010,MHT,NH,ANE,EN,Towers with Radar,79,65,19,8,171,0,1,11,2,14,79,66,30,10,185,6,0,6,191
02/20/2010,MHT,NH,ANE,EN,Towers with Radar,74,25,30,0,129,0,8,11,0,19,74,33,41,0,148,36,0,36,184
02/21/2010,MHT,NH,ANE,EN,Towers with Radar,76,42,18,0,136,0,22,8,0,30,76,64,26,0,166,4,0,4,170
02/22/2010,MHT,NH,ANE,EN,Towers with Radar,90,52,17,0,159,0,19,28,0,47,90,71,45,0,206,24,0,24,230
02/23/2010,MHT,NH,ANE,EN,Towers with Radar,94,61,12,0,167,0,1,0,0,1,94,62,12,0,168,0,0,0,168
02/24/2010,MHT,NH,ANE,EN,Towers with Radar,89,64,9,0,162,0,0,0,0,0,89,64,9,0,162,0,0,0,162
02/25/2010,MHT,NH,ANE,EN,Towers with Radar,82,47,2,0,131,0,0,0,0,0,82,47,2,0,131,0,0,0,131
02/26/2010,MHT,NH,ANE,EN,Towers with Radar,76,39,5,0,120,0,0,4,0,4,76,39,9,0,124,0,0,0,124
02/27/2010,MHT,NH,ANE,EN,Towers with Radar,74,46,3,0,123,0,0,3,0,3,74,46,6,0,126,0,0,0,126
02/28/2010,MHT,NH,ANE,EN,Towers with Radar,81,31,5,0,117,0,4,10,0,14,81,35,15,0,131,6,0,6,137
03/01/2010,MHT,NH,ANE,EN,Towers with Radar,96,50,11,14,171,0,5,7,0,12,96,55,18,14,183,0,0,0,183
03/02/2010,MHT,NH,ANE,EN,Towers with Radar,96,58,26,12,192,0,3,23,0,26,96,61,49,12,218,30,2,32,250
03/03/2010,MHT,NH,ANE,EN,Towers with Radar,89,69,13,0,171,0,1,9,0,10,89,70,22,0,181,2,0,2,183
03/04/2010,MHT,NH,ANE,EN,Towers with Radar,95,67,27,0,189,0,0,8,0,8,95,67,35,0,197,0,0,0,197
03/05/2010,MHT,NH,ANE,EN,Towers with Radar,89,56,40,0,185,0,1,28,0,29,89,57,68,0,214,26,0,26,240
03/06/2010,MHT,NH,ANE,EN,Towers with Radar,71,31,36,0,138,0,11,31,0,42,71,42,67,0,180,18,0,18,198
03/07/2010,MHT,NH,ANE,EN,Towers with Radar,80,33,20,0,133,0,4,26,0,30,80,37,46,0,163,2,0,2,165
03/08/2010,MHT,NH,ANE,EN,Towers with Radar,81,57,17,0,155,0,13,27,0,40,81,70,44,0,195,2,0,2,197
03/09/2010,MHT,NH,ANE,EN,Towers with Radar,88,76,24,4,192,0,6,20,2,28,88,82,44,6,220,34,0,34,254
03/10/2010,MHT,NH,ANE,EN,Towers with Radar,85,71,8,12,176,0,12,28,2,42,85,83,36,14,218,0,0,0,218
03/11/2010,MHT,NH,ANE,EN,Towers with Radar,93,71,22,0,186,0,10,19,0,29,93,81,41,0,215,8,0,8,223
03/12/2010,MHT,NH,ANE,EN,Towers with Radar,88,56,20,0,164,0,5,11,0,16,88,61,31,0,180,6,0,6,186
03/13/2010,MHT,NH,ANE,EN,Towers with Radar,81,27,6,0,114,0,3,4,0,7,81,30,10,0,121,4,0,4,125
03/14/2010,MHT,NH,ANE,EN,Towers with Radar,77,20,9,0,106,0,0,0,0,0,77,20,9,0,106,0,0,0,106
03/15/2010,MHT,NH,ANE,EN,Towers with Radar,92,54,11,0,157,0,0,1,0,1,92,54,12,0,158,0,0,0,158
03/16/2010,MHT,NH,ANE,EN,Towers with Radar,95,64,19,6,184,0,3,24,4,31,95,67,43,10,215,22,6,28,243
03/17/2010,MHT,NH,ANE,EN,Towers with Radar,88,74,20,10,192,0,14,26,0,40,88,88,46,10,232,2,0,2,234
03/18/2010,MHT,NH,ANE,EN,Towers with Radar,86,68,6,10,170,0,5,14,2,21,86,73,20,12,191,0,10,10,201
03/19/2010,MHT,NH,ANE,EN,Towers with Radar,84,57,11,1,153,0,2,25,1,28,84,59,36,2,181,24,0,24,205
03/20/2010,MHT,NH,ANE,EN,Towers with Radar,89,29,13,0,131,0,8,16,0,24,89,37,29,0,155,2,0,2,157
03/21/2010,MHT,NH,ANE,EN,Towers with Radar,78,35,13,0,126,0,7,20,0,27,78,42,33,0,153,16,0,16,169
03/22/2010,MHT,NH,ANE,EN,Towers with Radar,89,51,16,0,156,0,0,0,0,0,89,51,16,0,156,0,0,0,156
03/23/2010,MHT,NH,ANE,EN,Towers with Radar,92,63,10,0,165,0,0,0,0,0,92,63,10,0,165,0,0,0,165
03/24/2010,MHT,NH,ANE,EN,Towers with Radar,94,62,17,1,174,0,6,3,0,9,94,68,20,1,183,0,0,0,183
03/25/2010,MHT,NH,ANE,EN,Towers with Radar,97,65,10,9,181,0,10,18,0,28,97,75,28,9,209,2,0,2,211
03/26/2010,MHT,NH,ANE,EN,Towers with Radar,89,62,20,0,171,0,4,11,0,15,89,66,31,0,186,0,0,0,186
03/27/2010,MHT,NH,ANE,EN,Towers with Radar,79,30,9,0,118,0,7,24,0,31,79,37,33,0,149,24,0,24,173
03/28/2010,MHT,NH,ANE,EN,Towers with Radar,76,33,8,0,117,0,2,13,0,15,76,35,21,0,132,22,0,22,154
03/29/2010,MHT,NH,ANE,EN,Towers with Radar,92,50,22,6,170,0,0,0,0,0,92,50,22,6,170,0,0,0,170
03/30/2010,MHT,NH,ANE,EN,Towers with Radar,86,63,6,1,156,0,0,0,0,0,86,63,6,1,156,0,0,0,156
03/31/2010,MHT,NH,ANE,EN,Towers with Radar,86,79,27,1,193,0,0,0,0,0,86,79,27,1,193,2,0,2,195
04/01/2010,MHT,NH,ANE,EN,Towers with Radar,88,77,23,0,188,0,6,15,0,21,88,83,38,0,209,0,0,0,209
04/02/2010,MHT,NH,ANE,EN,Towers with Radar,91,61,16,7,175,0,2,38,0,40,91,63,54,7,215,12,0,12,227
04/03/2010,MHT,NH,ANE,EN,Towers with Radar,86,32,12,0,130,0,11,25,0,36,86,43,37,0,166,8,0,8,174
04/04/2010,MHT,NH,ANE,EN,Towers with Radar,72,39,13,0,124,0,6,16,0,22,72,45,29,0,146,0,0,0,146
04/05/2010,MHT,NH,ANE,EN,Towers with Radar,82,52,10,0,144,0,6,22,0,28,82,58,32,0,172,2,0,2,174
04/06/2010,MHT,NH,ANE,EN,Towers with Radar,98,62,20,0,180,0,7,14,1,22,98,69,34,1,202,8,0,8,210
04/07/2010,MHT,NH,ANE,EN,Towers with Radar,98,74,14,0,186,0,7,21,0,28,98,81,35,0,214,8,0,8,222
04/08/2010,MHT,NH,ANE,EN,Towers with Radar,99,69,19,4,191,0,0,7,0,7,99,69,26,4,198,10,0,10,208
04/09/2010,MHT,NH,ANE,EN,Towers with Radar,94,58,20,2,174,0,0,0,0,0,94,58,20,2,174,0,0,0,174
04/10/2010,MHT,NH,ANE,EN,Towers with Radar,92,24,6,0,122,0,7,14,0,21,92,31,20,0,143,0,0,0,143
04/11/2010,MHT,NH,ANE,EN,Towers with Radar,85,33,16,0,134,0,3,19,0,22,85,36,35,0,156,2,0,2,158
04/12/2010,MHT,NH,ANE,EN,Towers with Radar,92,64,11,0,167,0,5,25,0,30,92,69,36,0,197,38,0,38,235
04/13/2010,MHT,NH,ANE,EN,Towers with Radar,102,78,12,8,200,0,4,19,0,23,102,82,31,8,223,2,0,2,225
04/14/2010,MHT,NH,ANE,EN,Towers with Radar,94,68,23,0,185,0,8,23,2,33,94,76,46,2,218,18,0,18,236
04/15/2010,MHT,NH,ANE,EN,Towers with Radar,99,74,19,0,192,0,4,22,3,29,99,78,41,3,221,30,0,30,251
04/16/2010,MHT,NH,ANE,EN,Towers with Radar,87,58,12,2,159,0,0,0,0,0,87,58,12,2,159,0,0,0,159
04/17/2010,MHT,NH,ANE,EN,Towers with Radar,89,31,7,0,127,0,0,0,0,0,89,31,7,0,127,0,0,0,127
04/18/2010,MHT,NH,ANE,EN,Towers with Radar,88,34,17,0,139,0,4,6,0,10,88,38,23,0,149,4,0,4,153
04/19/2010,MHT,NH,ANE,EN,Towers with Radar,94,48,25,0,167,1,12,5,0,18,95,60,30,0,185,26,0,26,211
04/20/2010,MHT,NH,ANE,EN,Towers with Radar,98,73,14,0,185,0,3,23,0,26,98,76,37,0,211,28,0,28,239
04/21/2010,MHT,NH,ANE,EN,Towers with Radar,96,72,33,10,211,0,7,10,0,17,96,79,43,10,228,4,0,4,232
04/22/2010,MHT,NH,ANE,EN,Towers with Radar,100,69,17,0,186,0,7,19,1,27,100,76,36,1,213,4,0,4,217
04/23/2010,MHT,NH,ANE,EN,Towers with Radar,90,59,16,0,165,0,1,20,0,21,90,60,36,0,186,0,0,0,186
04/24/2010,MHT,NH,ANE,EN,Towers with Radar,91,32,32,0,155,0,2,45,0,47,91,34,77,0,202,10,0,10,212
04/25/2010,MHT,NH,ANE,EN,Towers with Radar,73,28,8,0,109,0,5,12,0,17,73,33,20,0,126,4,0,4,130
04/26/2010,MHT,NH,ANE,EN,Towers with Radar,99,52,2,0,153,0,3,2,0,5,99,55,4,0,158,24,0,24,182
04/27/2010,MHT,NH,ANE,EN,Towers with Radar,98,67,21,0,186,0,0,1,0,1,98,67,22,0,187,0,0,0,187
04/28/2010,MHT,NH,ANE,EN,Towers with Radar,97,64,10,0,171,0,0,4,0,4,97,64,14,0,175,0,0,0,175
04/29/2010,MHT,NH,ANE,EN,Towers with Radar,96,73,11,2,182,0,3,7,2,12,96,76,18,4,194,0,0,0,194
04/30/2010,MHT,NH,ANE,EN,Towers with Radar,91,75,46,0,212,0,6,28,0,34,91,81,74,0,246,32,0,32,278
05/01/2010,MHT,NH,ANE,EN,Towers with Radar,86,26,15,1,128,0,9,21,0,30,86,35,36,1,158,22,0,22,180
05/02/2010,MHT,NH,ANE,EN,Towers with Radar,89,26,15,1,131,0,7,19,0,26,89,33,34,1,157,18,0,18,175
05/03/2010,MHT,NH,ANE,EN,Towers with Radar,90,49,13,0,152,0,5,3,0,8,90,54,16,0,160,12,0,12,172
05/04/2010,MHT,NH,ANE,EN,Towers with Radar,95,64,20,1,180,0,5,18,1,24,95,69,38,2,204,2,0,2,206
05/05/2010,MHT,NH,ANE,EN,Towers with Radar,97,65,24,0,186,0,0,33,0,33,97,65,57,0,219,12,0,12,231
05/06/2010,MHT,NH,ANE,EN,Towers with Radar,108,71,12,1,192,0,6,12,1,19,108,77,24,2,211,30,0,30,241
05/07/2010,MHT,NH,ANE,EN,Towers with Radar,94,70,17,0,181,0,4,14,0,18,94,74,31,0,199,22,0,22,221
05/08/2010,MHT,NH,ANE,EN,Towers with Radar,95,28,3,0,126,0,1,0,0,1,95,29,3,0,127,0,0,0,127
05/09/2010,MHT,NH,ANE,EN,Towers with Radar,86,24,11,0,121,0,5,2,0,7,86,29,13,0,128,0,0,0,128
05/10/2010,MHT,NH,ANE,EN,Towers with Radar,95,64,41,0,200,0,12,26,0,38,95,76,67,0,238,10,2,12,250
05/11/2010,MHT,NH,ANE,EN,Towers with Radar,96,68,13,0,177,0,5,30,0,35,96,73,43,0,212,10,0,10,222
05/12/2010,MHT,NH,ANE,EN,Towers with Radar,102,58,21,11,192,0,2,10,0,12,102,60,31,11,204,8,10,18,222
05/13/2010,MHT,NH,ANE,EN,Towers with Radar,100,72,17,0,189,0,5,22,2,29,100,77,39,2,218,0,0,0,218
05/14/2010,MHT,NH,ANE,EN,Towers with Radar,92,54,21,1,168,0,2,2,0,4,92,56,23,1,172,0,0,0,172
05/15/2010,MHT,NH,ANE,EN,Towers with Radar,89,28,8,1,126,0,2,15,0,17,89,30,23,1,143,0,0,0,143
05/16/2010,MHT,NH,ANE,EN,Towers with Radar,91,30,11,0,132,0,3,18,0,21,91,33,29,0,153,21,0,21,174
05/17/2010,MHT,NH,ANE,EN,Towers with Radar,98,47,11,6,162,0,7,12,0,19,98,54,23,6,181,0,0,0,181
05/18/2010,MHT,NH,ANE,EN,Towers with Radar,103,59,13,30,205,0,8,15,0,23,103,67,28,30,228,4,8,12,240
05/19/2010,MHT,NH,ANE,EN,Towers with Radar,95,68,23,0,186,0,0,0,0,0,95,68,23,0,186,0,0,0,186
05/20/2010,MHT,NH,ANE,EN,Towers with Radar,101,72,37,0,210,0,7,17,0,24,101,79,54,0,234,36,0,36,270
05/21/2010,MHT,NH,ANE,EN,Towers with Radar,97,54,7,8,166,0,17,27,0,44,97,71,34,8,210,6,0,6,216
05/22/2010,MHT,NH,ANE,EN,Towers with Radar,84,24,10,0,118,0,7,31,0,38,84,31,41,0,156,4,0,4,160
05/23/2010,MHT,NH,ANE,EN,Towers with Radar,87,27,25,0,139,0,5,9,0,14,87,32,34,0,153,0,0,0,153
05/24/2010,MHT,NH,ANE,EN,Towers with Radar,94,50,12,0,156,0,2,17,0,19,94,52,29,0,175,0,0,0,175
05/25/2010,MHT,NH,ANE,EN,Towers with Radar,98,64,33,1,196,0,7,18,0,25,98,71,51,1,221,16,0,16,237
05/26/2010,MHT,NH,ANE,EN,Towers with Radar,98,74,19,1,192,0,4,16,0,20,98,78,35,1,212,10,0,10,222
05/27/2010,MHT,NH,ANE,EN,Towers with Radar,101,54,40,0,195,0,8,2,0,10,101,62,42,0,205,20,0,20,225
05/28/2010,MHT,NH,ANE,EN,Towers with Radar,99,58,15,0,172,0,4,25,0,29,99,62,40,0,201,0,0,0,201
05/29/2010,MHT,NH,ANE,EN,Towers with Radar,99,58,15,0,172,0,4,25,0,29,99,62,40,0,201,0,0,0,201
05/30/2010,MHT,NH,ANE,EN,Towers with Radar,74,16,10,1,101,0,3,16,1,20,74,19,26,2,121,0,0,0,121
05/31/2010,MHT,NH,ANE,EN,Towers with Radar,79,37,14,0,130,0,0,8,0,8,79,37,22,0,138,0,0,0,138
06/01/2010,MHT,NH,ANE,EN,Towers with Radar,90,58,20,0,168,0,4,1,0,5,90,62,21,0,173,4,0,4,177
06/02/2010,MHT,NH,ANE,EN,Towers with Radar,97,68,22,0,187,0,3,33,2,38,97,71,55,2,225,6,0,6,231
06/03/2010,MHT,NH,ANE,EN,Towers with Radar,106,59,25,0,190,0,0,4,0,4,106,59,29,0,194,8,0,8,202
06/04/2010,MHT,NH,ANE,EN,Towers with Radar,93,54,36,0,183,0,2,38,0,40,93,56,74,0,223,6,0,6,229
06/05/2010,MHT,NH,ANE,EN,Towers with Radar,80,40,14,0,134,0,1,9,0,10,80,41,23,0,144,2,0,2,146
06/06/2010,MHT,NH,ANE,EN,Towers with Radar,85,31,8,0,124,0,0,0,0,0,85,31,8,0,124,0,0,0,124
06/07/2010,MHT,NH,ANE,EN,Towers with Radar,94,48,12,0,154,0,0,19,0,19,94,48,31,0,173,2,0,2,175
06/08/2010,MHT,NH,ANE,EN,Towers with Radar,99,63,16,0,178,0,2,4,0,6,99,65,20,0,184,8,0,8,192
06/09/2010,MHT,NH,ANE,EN,Towers with Radar,105,60,29,0,194,0,10,16,0,26,105,70,45,0,220,30,0,30,250
06/10/2010,MHT,NH,ANE,EN,Towers with Radar,101,61,16,6,184,0,0,0,0,0,101,61,16,6,184,0,0,0,184
06/11/2010,MHT,NH,ANE,EN,Towers with Radar,97,62,30,0,189,0,5,14,0,19,97,67,44,0,208,4,0,4,212
06/12/2010,MHT,NH,ANE,EN,Towers with Radar,82,48,29,3,162,0,0,14,2,16,82,48,43,5,178,0,4,4,182
06/13/2010,MHT,NH,ANE,EN,Towers with Radar,85,31,31,0,147,0,0,1,0,1,85,31,32,0,148,0,0,0,148
06/14/2010,MHT,NH,ANE,EN,Towers with Radar,98,60,20,0,178,0,7,10,0,17,98,67,30,0,195,10,0,10,205
06/15/2010,MHT,NH,ANE,EN,Towers with Radar,95,71,14,8,188,0,4,29,0,33,95,75,43,8,221,16,0,16,237
06/16/2010,MHT,NH,ANE,EN,Towers with Radar,103,73,38,0,214,0,6,13,0,19,103,79,51,0,233,6,0,6,239
06/17/2010,MHT,NH,ANE,EN,Towers with Radar,101,71,31,0,203,0,4,18,0,22,101,75,49,0,225,20,0,20,245
06/18/2010,MHT,NH,ANE,EN,Towers with Radar,91,53,23,0,167,0,3,58,0,61,91,56,81,0,228,0,0,0,228
06/19/2010,MHT,NH,ANE,EN,Towers with Radar,84,34,12,0,130,0,10,12,0,22,84,44,24,0,152,18,0,18,170
06/20/2010,MHT,NH,ANE,EN,Towers with Radar,88,29,12,0,129,0,7,5,0,12,88,36,17,0,141,0,0,0,141
06/21/2010,MHT,NH,ANE,EN,Towers with Radar,90,54,30,1,175,0,10,31,0,41,90,64,61,1,216,16,0,16,232
06/22/2010,MHT,NH,ANE,EN,Towers with Radar,96,82,41,0,219,0,7,19,0,26,96,89,60,0,245,0,0,0,245
06/23/2010,MHT,NH,ANE,EN,Towers with Radar,107,70,19,0,196,0,4,3,0,7,107,74,22,0,203,2,0,2,205
06/24/2010,MHT,NH,ANE,EN,Towers with Radar,101,90,31,0,222,0,4,5,0,9,101,94,36,0,231,0,0,0,231
06/25/2010,MHT,NH,ANE,EN,Towers with Radar,99,66,22,0,187,0,6,41,0,47,99,72,63,0,234,2,0,2,236
06/26/2010,MHT,NH,ANE,EN,Towers with Radar,78,41,21,0,140,0,3,21,0,24,78,44,42,0,164,0,0,0,164
06/27/2010,MHT,NH,ANE,EN,Towers with Radar,86,42,17,0,145,0,2,39,0,41,86,44,56,0,186,0,0,0,186
06/28/2010,MHT,NH,ANE,EN,Towers with Radar,97,54,13,0,164,0,2,1,0,3,97,56,14,0,167,0,0,0,167
06/29/2010,MHT,NH,ANE,EN,Towers with Radar,105,70,21,0,196,0,8,13,0,21,105,78,34,0,217,16,0,16,233
06/30/2010,MHT,NH,ANE,EN,Towers with Radar,101,69,26,6,202,0,13,22,0,35,101,82,48,6,237,6,0,6,243
07/01/2010,MHT,NH,ANE,EN,Towers with Radar,104,71,32,0,207,0,13,21,1,35,104,84,53,1,242,4,0,4,246
07/02/2010,MHT,NH,ANE,EN,Towers with Radar,89,65,24,2,180,0,6,14,0,20,89,71,38,2,200,0,0,0,200
07/03/2010,MHT,NH,ANE,EN,Towers with Radar,75,44,10,0,129,0,13,28,0,41,75,57,38,0,170,6,0,6,176
07/04/2010,MHT,NH,ANE,EN,Towers with Radar,68,27,2,0,97,0,3,6,0,9,68,30,8,0,106,0,0,0,106
07/05/2010,MHT,NH,ANE,EN,Towers with Radar,82,37,10,0,129,0,13,21,0,34,82,50,31,0,163,4,0,4,167
07/06/2010,MHT,NH,ANE,EN,Towers with Radar,93,70,13,0,176,0,7,9,0,16,93,77,22,0,192,0,0,0,192
07/07/2010,MHT,NH,ANE,EN,Towers with Radar,104,74,14,0,192,0,14,15,0,29,104,88,29,0,221,18,0,18,239
07/08/2010,MHT,NH,ANE,EN,Towers with Radar,91,63,18,0,172,0,6,5,0,11,91,69,23,0,183,7,0,7,190
07/09/2010,MHT,NH,ANE,EN,Towers with Radar,92,48,12,0,152,0,4,19,0,23,92,52,31,0,175,4,0,4,179
07/10/2010,MHT,NH,ANE,EN,Towers with Radar,85,35,19,0,139,0,2,5,0,7,85,37,24,0,146,0,0,0,146
07/11/2010,MHT,NH,ANE,EN,Towers with Radar,85,30,9,0,124,0,10,0,12,22,85,40,9,12,146,0,0,0,146
07/12/2010,MHT,NH,ANE,EN,Towers with Radar,93,47,18,0,158,0,9,19,0,28,93,56,37,0,186,8,0,8,194
07/13/2010,MHT,NH,ANE,EN,Towers with Radar,98,63,13,0,174,0,4,33,0,37,98,67,46,0,211,22,0,22,233
07/14/2010,MHT,NH,ANE,EN,Towers with Radar,99,65,18,0,182,0,0,0,0,0,99,65,18,0,182,0,0,0,182
07/15/2010,MHT,NH,ANE,EN,Towers with Radar,97,77,32,0,206,0,7,17,0,24,97,84,49,0,230,6,0,6,236
07/16/2010,MHT,NH,ANE,EN,Towers with Radar,90,53,21,1,165,0,0,7,0,7,90,53,28,1,172,4,0,4,176
07/17/2010,MHT,NH,ANE,EN,Towers with Radar,77,46,2,0,125,0,12,17,0,29,77,58,19,0,154,0,0,0,154
07/18/2010,MHT,NH,ANE,EN,Towers with Radar,90,27,6,4,127,0,6,5,0,11,90,33,11,4,138,0,0,0,138
07/19/2010,MHT,NH,ANE,EN,Towers with Radar,98,46,19,8,171,0,14,17,0,31,98,60,36,8,202,0,0,0,202
07/20/2010,MHT,NH,ANE,EN,Towers with Radar,103,66,17,0,186,0,4,20,2,26,103,70,37,2,212,0,0,0,212
07/21/2010,MHT,NH,ANE,EN,Towers with Radar,101,63,11,0,175,0,0,14,0,14,101,63,25,0,189,0,4,4,193
07/22/2010,MHT,NH,ANE,EN,Towers with Radar,96,74,17,9,196,0,4,32,2,38,96,78,49,11,234,8,0,8,242
07/23/2010,MHT,NH,ANE,EN,Towers with Radar,94,59,37,0,190,0,2,23,0,25,94,61,60,0,215,4,0,4,219
07/24/2010,MHT,NH,ANE,EN,Towers with Radar,86,31,19,0,136,0,3,3,0,6,86,34,22,0,142,0,0,0,142
07/25/2010,MHT,NH,ANE,EN,Towers with Radar,87,28,14,2,131,0,3,19,0,22,87,31,33,2,153,2,0,2,155
07/26/2010,MHT,NH,ANE,EN,Towers with Radar,97,48,5,14,164,0,13,16,0,29,97,61,21,14,193,0,4,4,197
07/27/2010,MHT,NH,ANE,EN,Towers with Radar,101,63,16,3,183,0,2,29,0,31,101,65,45,3,214,8,4,12,226
07/28/2010,MHT,NH,ANE,EN,Towers with Radar,104,54,9,0,167,0,6,12,0,18,104,60,21,0,185,11,0,11,196
07/29/2010,MHT,NH,ANE,EN,Towers with Radar,92,68,16,0,176,0,3,11,0,14,92,71,27,0,190,6,0,6,196
07/30/2010,MHT,NH,ANE,EN,Towers with Radar,105,63,24,1,193,0,0,4,0,4,105,63,28,1,197,4,0,4,201
07/31/2010,MHT,NH,ANE,EN,Towers with Radar,89,35,30,1,155,0,6,35,1,42,89,41,65,2,197,4,0,4,201
08/01/2010,MHT,NH,ANE,EN,Towers with Radar,88,28,9,0,125,0,2,16,0,18,88,30,25,0,143,6,0,6,149
08/02/2010,MHT,NH,ANE,EN,Towers with Radar,95,55,11,2,163,0,4,10,8,22,95,59,21,10,185,0,0,0,185
08/03/2010,MHT,NH,ANE,EN,Towers with Radar,103,62,12,0,177,0,4,11,0,15,103,66,23,0,192,6,0,6,198
08/04/2010,MHT,NH,ANE,EN,Towers with Radar,99,62,25,14,200,0,19,22,0,41,99,81,47,14,241,0,0,0,241
08/05/2010,MHT,NH,ANE,EN,Towers with Radar,98,60,17,23,198,0,11,5,1,17,98,71,22,24,215,1,0,1,216
08/06/2010,MHT,NH,ANE,EN,Towers with Radar,103,57,22,8,190,0,5,28,0,33,103,62,50,8,223,0,0,0,223
08/07/2010,MHT,NH,ANE,EN,Towers with Radar,85,29,12,6,132,0,8,21,1,30,85,37,33,7,162,4,0,4,166
08/08/2010,MHT,NH,ANE,EN,Towers with Radar,81,26,15,0,122,0,12,25,0,37,81,38,40,0,159,0,0,0,159
08/09/2010,MHT,NH,ANE,EN,Towers with Radar,93,54,17,1,165,0,4,7,1,12,93,58,24,2,177,8,0,8,185
08/10/2010,MHT,NH,ANE,EN,Towers with Radar,95,73,19,0,187,0,9,14,0,23,95,82,33,0,210,10,0,10,220
08/11/2010,MHT,NH,ANE,EN,Towers with Radar,96,69,28,2,195,0,5,21,11,37,96,74,49,13,232,10,0,10,242
08/12/2010,MHT,NH,ANE,EN,Towers with Radar,97,62,22,0,181,0,2,10,0,12,97,64,32,0,193,0,0,0,193
08/13/2010,MHT,NH,ANE,EN,Towers with Radar,98,57,23,3,181,0,2,10,1,13,98,59,33,4,194,0,0,0,194
08/14/2010,MHT,NH,ANE,EN,Towers with Radar,85,28,14,0,127,0,6,13,0,19,85,34,27,0,146,0,0,0,146
08/15/2010,MHT,NH,ANE,EN,Towers with Radar,82,34,11,0,127,0,2,8,1,11,82,36,19,1,138,0,0,0,138
08/16/2010,MHT,NH,ANE,EN,Towers with Radar,93,50,18,3,164,0,1,4,0,5,93,51,22,3,169,0,0,0,169
08/17/2010,MHT,NH,ANE,EN,Towers with Radar,106,65,20,1,192,0,6,30,2,38,106,71,50,3,230,0,0,0,230
08/18/2010,MHT,NH,ANE,EN,Towers with Radar,99,70,18,1,188,0,5,31,0,36,99,75,49,1,224,22,0,22,246
08/19/2010,MHT,NH,ANE,EN,Towers with Radar,105,75,19,0,199,0,3,11,0,14,105,78,30,0,213,2,0,2,215
08/20/2010,MHT,NH,ANE,EN,Towers with Radar,99,60,11,5,175,0,7,19,0,26,99,67,30,5,201,10,18,28,229
08/21/2010,MHT,NH,ANE,EN,Towers with Radar,83,35,22,0,140,0,6,22,0,28,83,41,44,0,168,0,0,0,168
08/22/2010,MHT,NH,ANE,EN,Towers with Radar,70,24,14,0,108,0,0,4,0,4,70,24,18,0,112,0,0,0,112
08/23/2010,MHT,NH,ANE,EN,Towers with Radar,98,47,10,0,155,0,0,0,0,0,98,47,10,0,155,2,0,2,157
08/24/2010,MHT,NH,ANE,EN,Towers with Radar,107,66,30,0,203,0,1,3,0,4,107,67,33,0,207,4,0,4,211
08/25/2010,MHT,NH,ANE,EN,Towers with Radar,104,52,22,11,189,0,0,0,0,0,104,52,22,11,189,0,0,0,189
08/26/2010,MHT,NH,ANE,EN,Towers with Radar,102,59,24,8,193,0,0,17,7,24,102,59,41,15,217,6,4,10,227
08/27/2010,MHT,NH,ANE,EN,Towers with Radar,101,51,24,13,189,0,2,17,0,19,101,53,41,13,208,10,40,50,258
08/28/2010,MHT,NH,ANE,EN,Towers with Radar,89,29,20,0,138,0,7,33,0,40,89,36,53,0,178,0,0,0,178
08/29/2010,MHT,NH,ANE,EN,Towers with Radar,89,31,16,0,136,0,20,17,0,37,89,51,33,0,173,17,0,17,190
08/30/2010,MHT,NH,ANE,EN,Towers with Radar,99,54,5,8,166,0,10,23,0,33,99,64,28,8,199,0,0,0,199
08/31/2010,MHT,NH,ANE,EN,Towers with Radar,106,65,19,0,190,0,4,19,0,23,106,69,38,0,213,2,8,10,223
09/01/2010,MHT,NH,ANE,EN,Towers with Radar,104,60,16,0,180,0,5,17,0,22,104,65,33,0,202,2,0,2,204
09/02/2010,MHT,NH,ANE,EN,Towers with Radar,104,69,29,12,214,0,2,14,0,16,104,71,43,12,230,0,0,0,230
09/03/2010,MHT,NH,ANE,EN,Towers with Radar,100,49,7,0,156,0,1,11,0,12,100,50,18,0,168,12,0,12,180
09/04/2010,MHT,NH,ANE,EN,Towers with Radar,87,27,7,0,121,0,3,9,0,12,87,30,16,0,133,2,0,2,135
09/05/2010,MHT,NH,ANE,EN,Towers with Radar,66,26,7,0,99,0,8,22,0,30,66,34,29,0,129,6,0,6,135
09/06/2010,MHT,NH,ANE,EN,Towers with Radar,84,34,13,0,131,0,7,17,0,24,84,41,30,0,155,4,0,4,159
09/07/2010,MHT,NH,ANE,EN,Towers with Radar,95,61,20,0,176,0,3,17,0,20,95,64,37,0,196,6,0,6,202
09/08/2010,MHT,NH,ANE,EN,Towers with Radar,109,74,19,0,202,0,10,6,0,16,109,84,25,0,218,2,0,2,220
09/09/2010,MHT,NH,ANE,EN,Towers with Radar,102,74,40,0,216,0,6,16,0,22,102,80,56,0,238,4,0,4,242
09/10/2010,MHT,NH,ANE,EN,Towers with Radar,98,53,28,0,179,0,6,26,0,32,98,59,54,0,211,4,0,4,215
09/11/2010,MHT,NH,ANE,EN,Towers with Radar,84,36,19,3,142,0,10,88,2,100,84,46,107,5,242,4,10,14,256
09/12/2010,MHT,NH,ANE,EN,Towers with Radar,87,29,60,0,176,0,10,18,0,28,87,39,78,0,204,30,0,30,234
09/13/2010,MHT,NH,ANE,EN,Towers with Radar,96,60,19,2,177,0,2,3,1,6,96,62,22,3,183,0,0,0,183
09/14/2010,MHT,NH,ANE,EN,Towers with Radar,102,73,21,0,196,0,8,13,0,21,102,81,34,0,217,6,0,6,223
09/15/2010,MHT,NH,ANE,EN,Towers with Radar,96,68,16,0,180,0,12,16,0,28,96,80,32,0,208,0,0,0,208
09/16/2010,MHT,NH,ANE,EN,Towers with Radar,101,58,18,0,177,0,3,13,0,16,101,61,31,0,193,14,0,14,207
09/17/2010,MHT,NH,ANE,EN,Towers with Radar,105,47,19,0,171,0,4,2,0,6,105,51,21,0,177,0,0,0,177
09/18/2010,MHT,NH,ANE,EN,Towers with Radar,83,34,15,0,132,0,4,23,0,27,83,38,38,0,159,14,0,14,173
09/19/2010,MHT,NH,ANE,EN,Towers with Radar,97,30,13,1,141,0,5,31,0,36,97,35,44,1,177,22,0,22,199
09/20/2010,MHT,NH,ANE,EN,Towers with Radar,98,49,15,0,162,0,6,19,0,25,98,55,34,0,187,12,0,12,199
09/21/2010,MHT,NH,ANE,EN,Towers with Radar,100,62,18,0,180,0,1,21,0,22,100,63,39,0,202,0,0,0,202
09/22/2010,MHT,NH,ANE,EN,Towers with Radar,99,59,11,0,169,0,8,18,0,26,99,67,29,0,195,1,0,1,196
09/23/2010,MHT,NH,ANE,EN,Towers with Radar,109,60,23,0,192,0,6,43,0,49,109,66,66,0,241,12,0,12,253
09/24/2010,MHT,NH,ANE,EN,Towers with Radar,105,51,12,0,168,0,4,16,0,20,105,55,28,0,188,8,0,8,196
09/25/2010,MHT,NH,ANE,EN,Towers with Radar,89,22,10,0,121,0,10,19,0,29,89,32,29,0,150,12,0,12,162
09/26/2010,MHT,NH,ANE,EN,Towers with Radar,87,31,19,1,138,0,1,7,0,8,87,32,26,1,146,8,0,8,154
09/27/2010,MHT,NH,ANE,EN,Towers with Radar,98,46,18,2,164,0,0,0,0,0,98,46,18,2,164,0,0,0,164
09/28/2010,MHT,NH,ANE,EN,Towers with Radar,103,64,16,0,183,0,0,0,0,0,103,64,16,0,183,0,0,0,183
09/29/2010,MHT,NH,ANE,EN,Towers with Radar,100,75,25,0,200,0,17,15,0,32,100,92,40,0,232,16,0,16,248
09/30/2010,MHT,NH,ANE,EN,Towers with Radar,95,61,18,0,174,0,0,0,0,0,95,61,18,0,174,0,0,0,174
10/01/2010,MHT,NH,ANE,EN,Towers with Radar,99,56,18,0,173,0,0,0,0,0,99,56,18,0,173,0,0,0,173
10/02/2010,MHT,NH,ANE,EN,Towers with Radar,88,31,21,6,146,0,3,33,0,36,88,34,54,6,182,18,0,18,200
10/03/2010,MHT,NH,ANE,EN,Towers with Radar,86,24,10,0,120,0,9,32,0,41,86,33,42,0,161,20,0,20,181
10/04/2010,MHT,NH,ANE,EN,Towers with Radar,88,54,21,0,163,0,7,6,0,13,88,61,27,0,176,2,0,2,178
10/05/2010,MHT,NH,ANE,EN,Towers with Radar,103,66,37,0,206,0,5,9,0,14,103,71,46,0,220,0,0,0,220
10/06/2010,MHT,NH,ANE,EN,Towers with Radar,98,64,10,0,172,0,0,0,0,0,98,64,10,0,172,0,0,0,172
10/07/2010,MHT,NH,ANE,EN,Towers with Radar,105,62,19,0,186,0,1,5,0,6,105,63,24,0,192,0,0,0,192
10/08/2010,MHT,NH,ANE,EN,Towers with Radar,99,58,42,0,199,0,4,19,0,23,99,62,61,0,222,2,0,2,224
10/09/2010,MHT,NH,ANE,EN,Towers with Radar,87,44,11,0,142,0,14,16,0,30,87,58,27,0,172,8,0,8,180
10/10/2010,MHT,NH,ANE,EN,Towers with Radar,92,37,20,0,149,0,12,21,0,33,92,49,41,0,182,6,0,6,188
10/11/2010,MHT,NH,ANE,EN,Towers with Radar,87,56,4,0,147,0,7,24,0,31,87,63,28,0,178,19,0,19,197
10/12/2010,MHT,NH,ANE,EN,Towers with Radar,102,67,18,1,188,0,3,33,1,37,102,70,51,2,225,2,0,2,227
10/13/2010,MHT,NH,ANE,EN,Towers with Radar,96,68,15,0,179,0,6,27,0,33,96,74,42,0,212,0,0,0,212
10/14/2010,MHT,NH,ANE,EN,Towers with Radar,104,81,23,3,211,0,5,9,0,14,104,86,32,3,225,18,0,18,243
10/15/2010,MHT,NH,ANE,EN,Towers with Radar,89,49,12,1,151,0,0,0,0,0,89,49,12,1,151,0,0,0,151
10/16/2010,MHT,NH,ANE,EN,Towers with Radar,87,29,3,1,120,0,3,4,0,7,87,32,7,1,127,0,0,0,127
10/17/2010,MHT,NH,ANE,EN,Towers with Radar,85,30,18,0,133,0,9,16,0,25,85,39,34,0,158,4,0,4,162
10/18/2010,MHT,NH,ANE,EN,Towers with Radar,96,55,18,0,169,0,3,20,0,23,96,58,38,0,192,20,0,20,212
10/19/2010,MHT,NH,ANE,EN,Towers with Radar,96,59,18,8,181,0,0,21,0,21,96,59,39,8,202,6,0,6,208
10/20/2010,MHT,NH,ANE,EN,Towers with Radar,91,79,18,0,188,0,7,17,0,24,91,86,35,0,212,4,0,4,216
10/21/2010,MHT,NH,ANE,EN,Towers with Radar,99,57,19,1,176,0,1,6,0,7,99,58,25,1,183,14,0,14,197
10/22/2010,MHT,NH,ANE,EN,Towers with Radar,94,61,10,0,165,0,4,16,0,20,94,65,26,0,185,14,0,14,199
10/23/2010,MHT,NH,ANE,EN,Towers with Radar,82,26,13,1,122,0,4,17,0,21,82,30,30,1,143,0,0,0,143
10/24/2010,MHT,NH,ANE,EN,Towers with Radar,89,33,23,0,145,0,0,7,0,7,89,33,30,0,152,0,0,0,152
10/25/2010,MHT,NH,ANE,EN,Towers with Radar,97,51,9,3,160,0,0,2,8,10,97,51,11,11,170,0,0,0,170
10/26/2010,MHT,NH,ANE,EN,Towers with Radar,99,61,16,12,188,0,10,14,0,24,99,71,30,12,212,2,0,2,214
10/27/2010,MHT,NH,ANE,EN,Towers with Radar,96,72,13,0,181,0,0,0,0,0,96,72,13,0,181,4,0,4,185
10/28/2010,MHT,NH,ANE,EN,Towers with Radar,110,70,17,4,201,2,3,30,0,35,112,73,47,4,236,10,0,10,246
10/29/2010,MHT,NH,ANE,EN,Towers with Radar,97,53,26,0,176,0,6,16,0,22,97,59,42,0,198,0,0,0,198
10/30/2010,MHT,NH,ANE,EN,Towers with Radar,86,28,8,1,123,0,7,9,0,16,86,35,17,1,139,18,0,18,157
10/31/2010,MHT,NH,ANE,EN,Towers with Radar,90,32,17,0,139,0,4,9,0,13,90,36,26,0,152,16,0,16,168
11/01/2010,MHT,NH,ANE,EN,Towers with Radar,90,56,13,0,159,0,14,9,0,23,90,70,22,0,182,0,0,0,182
11/02/2010,MHT,NH,ANE,EN,Towers with Radar,94,71,15,0,180,0,5,18,0,23,94,76,33,0,203,34,0,34,237
11/03/2010,MHT,NH,ANE,EN,Towers with Radar,96,69,30,0,195,0,3,23,0,26,96,72,53,0,221,2,2,4,225
11/04/2010,MHT,NH,ANE,EN,Towers with Radar,97,53,7,3,160,0,2,0,0,2,97,55,7,3,162,2,0,2,164
11/05/2010,MHT,NH,ANE,EN,Towers with Radar,103,53,11,1,168,0,0,2,0,2,103,53,13,1,170,0,0,0,170
11/06/2010,MHT,NH,ANE,EN,Towers with Radar,82,36,12,0,130,0,13,24,0,37,82,49,36,0,167,0,0,0,167
11/07/2010,MHT,NH,ANE,EN,Towers with Radar,78,33,19,0,130,0,3,22,0,25,78,36,41,0,155,10,0,10,165
11/08/2010,MHT,NH,ANE,EN,Towers with Radar,92,51,14,18,175,0,2,0,0,2,92,53,14,18,177,2,2,4,181
11/09/2010,MHT,NH,ANE,EN,Towers with Radar,100,79,36,0,215,0,0,5,0,5,100,79,41,0,220,4,0,4,224
11/10/2010,MHT,NH,ANE,EN,Towers with Radar,93,66,32,2,193,0,3,8,0,11,93,69,40,2,204,12,0,12,216
11/11/2010,MHT,NH,ANE,EN,Towers with Radar,98,62,41,0,201,0,2,19,0,21,98,64,60,0,222,14,0,14,236
11/12/2010,MHT,NH,ANE,EN,Towers with Radar,92,63,37,0,192,0,17,18,0,35,92,80,55,0,227,10,0,10,237
11/13/2010,MHT,NH,ANE,EN,Towers with Radar,84,30,17,0,131,0,2,38,0,40,84,32,55,0,171,8,0,8,179
11/14/2010,MHT,NH,ANE,EN,Towers with Radar,82,29,15,0,126,0,4,15,0,19,82,33,30,0,145,32,0,32,177
11/15/2010,MHT,NH,ANE,EN,Towers with Radar,94,58,16,0,168,0,2,3,0,5,94,60,19,0,173,0,0,0,173
11/16/2010,MHT,NH,ANE,EN,Towers with Radar,98,58,21,0,177,0,0,0,0,0,98,58,21,0,177,0,0,0,177
11/17/2010,MHT,NH,ANE,EN,Towers with Radar,102,71,8,0,181,0,2,0,0,2,102,73,8,0,183,0,0,0,183
11/18/2010,MHT,NH,ANE,EN,Towers with Radar,99,64,15,11,189,0,3,15,4,22,99,67,30,15,211,1,6,7,218
11/19/2010,MHT,NH,ANE,EN,Towers with Radar,101,68,48,7,224,0,11,21,0,32,101,79,69,7,256,6,2,8,264
11/20/2010,MHT,NH,ANE,EN,Towers with Radar,83,24,8,0,115,0,8,15,0,23,83,32,23,0,138,6,0,6,144
11/21/2010,MHT,NH,ANE,EN,Towers with Radar,84,26,12,0,122,0,8,14,0,22,84,34,26,0,144,2,0,2,146
11/22/2010,MHT,NH,ANE,EN,Towers with Radar,83,51,19,24,177,0,2,6,0,8,83,53,25,24,185,0,26,26,211
11/23/2010,MHT,NH,ANE,EN,Towers with Radar,100,81,26,0,207,0,9,13,0,22,100,90,39,0,229,2,0,2,231
11/24/2010,MHT,NH,ANE,EN,Towers with Radar,97,71,4,0,172,0,2,5,0,7,97,73,9,0,179,0,0,0,179
11/25/2010,MHT,NH,ANE,EN,Towers with Radar,64,14,1,0,79,0,5,10,0,15,64,19,11,0,94,0,0,0,94
11/26/2010,MHT,NH,ANE,EN,Towers with Radar,71,45,3,0,119,0,3,3,0,6,71,48,6,0,125,2,0,2,127
11/27/2010,MHT,NH,ANE,EN,Towers with Radar,84,33,14,0,131,0,0,5,0,5,84,33,19,0,136,2,0,2,138
11/28/2010,MHT,NH,ANE,EN,Towers with Radar,87,42,18,0,147,0,3,26,0,29,87,45,44,0,176,4,0,4,180
11/29/2010,MHT,NH,ANE,EN,Towers with Radar,99,59,18,4,180,0,9,36,0,45,99,68,54,4,225,4,0,4,229
11/30/2010,MHT,NH,ANE,EN,Towers with Radar,99,68,15,3,185,0,5,13,0,18,99,73,28,3,203,10,4,14,217
12/01/2010,MHT,NH,ANE,EN,Towers with Radar,109,51,12,0,172,0,0,0,0,0,109,51,12,0,172,0,0,0,172
12/02/2010,MHT,NH,ANE,EN,Towers with Radar,100,67,20,4,191,0,7,10,0,17,100,74,30,4,208,30,0,30,238
12/03/2010,MHT,NH,ANE,EN,Towers with Radar,95,47,20,0,162,0,3,16,0,19,95,50,36,0,181,16,0,16,197
12/04/2010,MHT,NH,ANE,EN,Towers with Radar,84,25,7,0,116,0,4,13,0,17,84,29,20,0,133,6,0,6,139
12/05/2010,MHT,NH,ANE,EN,Towers with Radar,80,26,8,8,122,0,8,6,0,14,80,34,14,8,136,10,0,10,146
12/06/2010,MHT,NH,ANE,EN,Towers with Radar,88,47,16,8,159,0,0,4,0,4,88,47,20,8,163,2,0,2,165
12/07/2010,MHT,NH,ANE,EN,Towers with Radar,98,73,21,4,196,0,6,5,0,11,98,79,26,4,207,2,0,2,209
12/08/2010,MHT,NH,ANE,EN,Towers with Radar,102,67,21,8,198,0,5,21,0,26,102,72,42,8,224,4,6,10,234
12/09/2010,MHT,NH,ANE,EN,Towers with Radar,99,91,13,0,203,0,5,16,1,22,99,96,29,1,225,7,0,7,232
12/10/2010,MHT,NH,ANE,EN,Towers with Radar,93,61,14,0,168,0,3,13,0,16,93,64,27,0,184,18,0,18,202
12/11/2010,MHT,NH,ANE,EN,Towers with Radar,77,26,33,0,136,0,8,30,0,38,77,34,63,0,174,4,0,4,178
12/12/2010,MHT,NH,ANE,EN,Towers with Radar,78,17,10,0,105,0,0,0,0,0,78,17,10,0,105,0,0,0,105
12/13/2010,MHT,NH,ANE,EN,Towers with Radar,87,53,14,4,158,0,2,0,0,2,87,55,14,4,160,0,0,0,160
12/14/2010,MHT,NH,ANE,EN,Towers with Radar,106,58,31,0,195,0,0,8,0,8,106,58,39,0,203,0,0,0,203
12/15/2010,MHT,NH,ANE,EN,Towers with Radar,101,71,24,2,198,0,10,11,2,23,101,81,35,4,221,10,0,10,231
12/16/2010,MHT,NH,ANE,EN,Towers with Radar,99,71,23,0,193,0,4,15,3,22,99,75,38,3,215,14,4,18,233
12/17/2010,MHT,NH,ANE,EN,Towers with Radar,108,64,23,0,195,0,5,28,2,35,108,69,51,2,230,26,0,26,256
12/18/2010,MHT,NH,ANE,EN,Towers with Radar,83,33,5,0,121,0,7,11,0,18,83,40,16,0,139,4,0,4,143
12/19/2010,MHT,NH,ANE,EN,Towers with Radar,87,30,15,0,132,0,4,13,0,17,87,34,28,0,149,14,0,14,163
12/20/2010,MHT,NH,ANE,EN,Towers with Radar,95,60,8,0,163,0,7,10,0,17,95,67,18,0,180,0,0,0,180
12/21/2010,MHT,NH,ANE,EN,Towers with Radar,115,67,9,0,191,0,9,5,0,14,115,76,14,0,205,10,0,10,215
12/22/2010,MHT,NH,ANE,EN,Towers with Radar,109,70,15,0,194,0,0,4,0,4,109,70,19,0,198,0,0,0,198
12/23/2010,MHT,NH,ANE,EN,Towers with Radar,112,65,6,0,183,0,11,2,0,13,112,76,8,0,196,0,0,0,196
12/24/2010,MHT,NH,ANE,EN,Towers with Radar,84,46,6,0,136,0,6,5,0,11,84,52,11,0,147,6,0,6,153
12/25/2010,MHT,NH,ANE,EN,Towers with Radar,72,13,1,0,86,0,0,12,0,12,72,13,13,0,98,0,0,0,98
12/26/2010,MHT,NH,ANE,EN,Towers with Radar,49,16,18,0,83,0,3,1,0,4,49,19,19,0,87,0,0,0,87
12/27/2010,MHT,NH,ANE,EN,Towers with Radar,52,22,6,0,80,0,0,0,0,0,52,22,6,0,80,0,0,0,80
12/28/2010,MHT,NH,ANE,EN,Towers with Radar,102,49,9,0,160,0,5,2,0,7,102,54,11,0,167,2,0,2,169
12/29/2010,MHT,NH,ANE,EN,Towers with Radar,98,61,10,0,169,0,4,7,0,11,98,65,17,0,180,0,0,0,180
12/30/2010,MHT,NH,ANE,EN,Towers with Radar,102,59,7,0,168,0,8,25,0,33,102,67,32,0,201,4,0,4,205
12/31/2010,MHT,NH,ANE,EN,Towers with Radar,89,49,9,0,147,0,9,24,0,33,89,58,33,0,180,15,0,15,195
01/01/2011,MHT,NH,ANE,EN,Towers with Radar,71,19,9,0,99,0,9,11,0,20,71,28,20,0,119,16,0,16,135
01/02/2011,MHT,NH,ANE,EN,Towers with Radar,79,36,6,0,121,0,0,3,0,3,79,36,9,0,124,0,0,0,124
01/03/2011,MHT,NH,ANE,EN,Towers with Radar,86,54,9,4,153,0,3,19,2,24,86,57,28,6,177,4,0,4,181
01/04/2011,MHT,NH,ANE,EN,Towers with Radar,91,72,13,29,205,0,4,7,1,12,91,76,20,30,217,0,10,10,227
01/05/2011,MHT,NH,ANE,EN,Towers with Radar,88,57,15,2,162,0,9,15,0,24,88,66,30,2,186,0,4,4,190
01/06/2011,MHT,NH,ANE,EN,Towers with Radar,83,72,14,8,177,0,4,8,0,12,83,76,22,8,189,6,0,6,195
01/07/2011,MHT,NH,ANE,EN,Towers with Radar,84,46,11,0,141,0,2,4,0,6,84,48,15,0,147,0,0,0,147
01/08/2011,MHT,NH,ANE,EN,Towers with Radar,75,25,7,0,107,0,0,0,0,0,75,25,7,0,107,0,0,0,107
01/09/2011,MHT,NH,ANE,EN,Towers with Radar,79,23,11,0,113,0,0,2,0,2,79,23,13,0,115,0,24,24,139
01/10/2011,MHT,NH,ANE,EN,Towers with Radar,79,47,23,0,149,0,1,8,4,13,79,48,31,4,162,5,0,5,167
01/11/2011,MHT,NH,ANE,EN,Towers with Radar,73,63,28,4,168,0,7,6,0,13,73,70,34,4,181,4,0,4,185
01/12/2011,MHT,NH,ANE,EN,Towers with Radar,26,4,2,0,32,0,0,0,0,0,26,4,2,0,32,0,0,0,32
01/13/2011,MHT,NH,ANE,EN,Towers with Radar,83,67,16,0,166,0,6,10,1,17,83,73,26,1,183,8,0,8,191
01/14/2011,MHT,NH,ANE,EN,Towers with Radar,89,47,27,0,163,0,3,11,0,14,89,50,38,0,177,2,0,2,179
01/15/2011,MHT,NH,ANE,EN,Towers with Radar,65,22,8,0,95,0,0,6,0,6,65,22,14,0,101,0,0,0,101
01/16/2011,MHT,NH,ANE,EN,Towers with Radar,77,21,14,0,112,0,1,7,0,8,77,22,21,0,120,7,0,7,127
01/17/2011,MHT,NH,ANE,EN,Towers with Radar,80,48,8,0,136,18,5,17,0,40,98,53,25,0,176,0,0,0,176
01/18/2011,MHT,NH,ANE,EN,Towers with Radar,71,42,11,0,124,0,0,1,0,1,71,42,12,0,125,0,0,0,125
01/19/2011,MHT,NH,ANE,EN,Towers with Radar,82,73,14,0,169,0,0,0,0,0,82,73,14,0,169,0,0,0,169
01/20/2011,MHT,NH,ANE,EN,Towers with Radar,85,61,17,2,165,0,8,12,2,22,85,69,29,4,187,4,0,4,191
01/21/2011,MHT,NH,ANE,EN,Towers with Radar,81,46,13,6,146,0,3,0,0,3,81,49,13,6,149,0,0,0,149
01/22/2011,MHT,NH,ANE,EN,Towers with Radar,64,17,9,0,90,0,11,19,0,30,64,28,28,0,120,12,0,12,132
01/23/2011,MHT,NH,ANE,EN,Towers with Radar,76,19,7,0,102,0,11,12,0,23,76,30,19,0,125,0,0,0,125
01/24/2011,MHT,NH,ANE,EN,Towers with Radar,77,59,6,1,143,0,1,8,1,10,77,60,14,2,153,0,0,0,153
01/25/2011,MHT,NH,ANE,EN,Towers with Radar,86,66,5,0,157,0,2,2,0,4,86,68,7,0,161,0,0,0,161
01/26/2011,MHT,NH,ANE,EN,Towers with Radar,66,52,24,10,152,0,0,6,0,6,66,52,30,10,158,0,0,0,158
01/27/2011,MHT,NH,ANE,EN,Towers with Radar,67,49,11,4,131,0,3,8,0,11,67,52,19,4,142,0,0,0,142
01/28/2011,MHT,NH,ANE,EN,Towers with Radar,86,44,22,0,152,0,1,11,0,12,86,45,33,0,164,0,0,0,164
01/29/2011,MHT,NH,ANE,EN,Towers with Radar,65,22,10,0,97,0,2,10,0,12,65,24,20,0,109,2,0,2,111
01/30/2011,MHT,NH,ANE,EN,Towers with Radar,76,23,21,0,120,0,7,12,0,19,76,30,33,0,139,2,0,2,141
01/31/2011,MHT,NH,ANE,EN,Towers with Radar,83,49,22,0,154,0,8,18,0,26,83,57,40,0,180,4,0,4,184
02/01/2011,MHT,NH,ANE,EN,Towers with Radar,49,40,9,0,98,0,0,0,0,0,49,40,9,0,98,0,0,0,98
02/02/2011,MHT,NH,ANE,EN,Towers with Radar,31,14,0,0,45,0,0,0,0,0,31,14,0,0,45,0,0,0,45
02/03/2011,MHT,NH,ANE,EN,Towers with Radar,87,61,21,2,171,0,9,11,0,20,87,70,32,2,191,2,0,2,193
02/04/2011,MHT,NH,ANE,EN,Towers with Radar,86,53,23,0,162,0,5,14,0,19,86,58,37,0,181,2,0,2,183
02/05/2011,MHT,NH,ANE,EN,Towers with Radar,67,16,5,2,90,0,2,0,0,2,67,18,5,2,92,0,0,0,92
02/06/2011,MHT,NH,ANE,EN,Towers with Radar,78,24,11,0,113,0,7,15,0,22,78,31,26,0,135,20,0,20,155
02/07/2011,MHT,NH,ANE,EN,Towers with Radar,91,47,13,0,151,0,3,8,0,11,91,50,21,0,162,6,0,6,168
02/08/2011,MHT,NH,ANE,EN,Towers with Radar,87,65,22,10,184,0,0,19,0,19,87,65,41,10,203,1,0,1,204
02/09/2011,MHT,NH,ANE,EN,Towers with Radar,87,65,22,10,184,0,0,19,0,19,87,65,41,10,203,2,0,2,205
02/10/2011,MHT,NH,ANE,EN,Towers with Radar,95,76,25,3,199,0,12,9,0,21,95,88,34,3,220,4,0,4,224
02/11/2011,MHT,NH,ANE,EN,Towers with Radar,90,53,26,4,173,0,7,23,1,31,90,60,49,5,204,4,0,4,208
02/12/2011,MHT,NH,ANE,EN,Towers with Radar,60,29,11,0,100,0,0,10,0,10,60,29,21,0,110,6,0,6,116
02/13/2011,MHT,NH,ANE,EN,Towers with Radar,83,22,7,0,112,0,5,6,0,11,83,27,13,0,123,14,0,14,137
02/14/2011,MHT,NH,ANE,EN,Towers with Radar,84,47,11,6,148,0,9,7,0,16,84,56,18,6,164,0,0,0,164
02/15/2011,MHT,NH,ANE,EN,Towers with Radar,99,51,17,0,167,0,10,1,0,11,99,61,18,0,178,0,0,0,178
02/16/2011,MHT,NH,ANE,EN,Towers with Radar,88,67,18,0,173,0,2,17,2,21,88,69,35,2,194,12,0,12,206
02/17/2011,MHT,NH,ANE,EN,Towers with Radar,97,68,25,0,190,0,5,21,0,26,97,73,46,0,216,38,0,38,254
02/18/2011,MHT,NH,ANE,EN,Towers with Radar,91,57,18,0,166,0,8,11,0,19,91,65,29,0,185,6,0,6,191
02/19/2011,MHT,NH,ANE,EN,Towers with Radar,71,24,7,1,103,0,4,2,0,6,71,28,9,1,109,0,0,0,109
02/20/2011,MHT,NH,ANE,EN,Towers with Radar,78,27,9,0,114,0,7,5,0,12,78,34,14,0,126,0,0,0,126
02/21/2011,MHT,NH,ANE,EN,Towers with Radar,81,43,9,0,133,0,7,0,0,7,81,50,9,0,140,2,0,2,142
02/22/2011,MHT,NH,ANE,EN,Towers with Radar,90,79,22,0,191,0,6,8,2,16,90,85,30,2,207,0,0,0,207
02/23/2011,MHT,NH,ANE,EN,Towers with Radar,91,65,17,2,175,0,10,22,0,32,91,75,39,2,207,2,0,2,209
02/24/2011,MHT,NH,ANE,EN,Towers with Radar,100,60,22,0,182,0,4,9,0,13,100,64,31,0,195,6,0,6,201
02/25/2011,MHT,NH,ANE,EN,Towers with Radar,80,38,6,0,124,0,0,0,0,0,80,38,6,0,124,0,0,0,124
02/26/2011,MHT,NH,ANE,EN,Towers with Radar,72,39,12,0,123,0,7,8,0,15,72,46,20,0,138,0,0,0,138
02/27/2011,MHT,NH,ANE,EN,Towers with Radar,75,38,14,0,127,0,2,0,0,2,75,40,14,0,129,0,0,0,129
02/28/2011,MHT,NH,ANE,EN,Towers with Radar,83,46,0,0,129,0,0,0,0,0,83,46,0,0,129,0,0,0,129
03/01/2011,MHT,NH,ANE,EN,Towers with Radar,92,66,22,0,180,0,5,13,2,20,92,71,35,2,200,4,0,4,204
03/02/2011,MHT,NH,ANE,EN,Towers with Radar,93,67,17,3,180,0,11,9,0,20,93,78,26,3,200,0,4,4,204
03/03/2011,MHT,NH,ANE,EN,Towers with Radar,97,61,18,0,176,0,4,13,0,17,97,65,31,0,193,0,0,0,193
03/04/2011,MHT,NH,ANE,EN,Towers with Radar,91,50,20,0,161,0,1,38,0,39,91,51,58,0,200,6,0,6,206
03/05/2011,MHT,NH,ANE,EN,Towers with Radar,75,23,6,17,121,0,1,1,8,10,75,24,7,25,131,0,0,0,131
03/06/2011,MHT,NH,ANE,EN,Towers with Radar,72,34,23,0,129,0,1,0,0,1,72,35,23,0,130,6,0,6,136
03/07/2011,MHT,NH,ANE,EN,Towers with Radar,93,53,1,0,147,0,2,0,0,2,93,55,1,0,149,0,0,0,149
03/08/2011,MHT,NH,ANE,EN,Towers with Radar,95,76,24,8,203,0,11,11,0,22,95,87,35,8,225,2,0,2,227
03/09/2011,MHT,NH,ANE,EN,Towers with Radar,89,67,10,4,170,0,8,16,0,24,89,75,26,4,194,0,0,0,194
03/10/2011,MHT,NH,ANE,EN,Towers with Radar,92,62,5,0,159,0,0,0,0,0,92,62,5,0,159,0,0,0,159
03/11/2011,MHT,NH,ANE,EN,Towers with Radar,95,45,11,0,151,0,0,0,0,0,95,45,11,0,151,0,0,0,151
03/12/2011,MHT,NH,ANE,EN,Towers with Radar,81,24,12,0,117,0,7,12,0,19,81,31,24,0,136,0,0,0,136
03/13/2011,MHT,NH,ANE,EN,Towers with Radar,79,28,19,0,126,0,1,22,0,23,79,29,41,0,149,14,0,14,163
03/14/2011,MHT,NH,ANE,EN,Towers with Radar,88,61,22,2,173,0,6,11,0,17,88,67,33,2,190,0,10,10,200
03/15/2011,MHT,NH,ANE,EN,Towers with Radar,102,65,10,0,177,0,5,10,0,15,102,70,20,0,192,32,0,32,224
03/16/2011,MHT,NH,ANE,EN,Towers with Radar,91,53,16,0,160,0,1,4,0,5,91,54,20,0,165,0,0,0,165
03/17/2011,MHT,NH,ANE,EN,Towers with Radar,103,62,31,2,198,0,3,44,2,49,103,65,75,4,247,20,4,24,271
03/18/2011,MHT,NH,ANE,EN,Towers with Radar,96,56,17,0,169,0,12,2,1,15,96,68,19,1,184,2,0,2,186
03/19/2011,MHT,NH,ANE,EN,Towers with Radar,81,25,20,0,126,0,3,16,0,19,81,28,36,0,145,28,0,28,173
03/20/2011,MHT,NH,ANE,EN,Towers with Radar,80,23,10,0,113,0,3,25,0,28,80,26,35,0,141,20,0,20,161
03/21/2011,MHT,NH,ANE,EN,Towers with Radar,98,35,12,0,145,0,2,1,0,3,98,37,13,0,148,0,0,0,148
03/22/2011,MHT,NH,ANE,EN,Towers with Radar,101,59,21,6,187,0,4,13,0,17,101,63,34,6,204,0,0,0,204
03/23/2011,MHT,NH,ANE,EN,Towers with Radar,95,45,25,0,165,0,3,14,3,20,95,48,39,3,185,2,0,2,187
03/24/2011,MHT,NH,ANE,EN,Towers with Radar,109,59,9,0,177,0,7,4,0,11,109,66,13,0,188,16,0,16,204
03/25/2011,MHT,NH,ANE,EN,Towers with Radar,93,53,19,0,165,0,11,15,0,26,93,64,34,0,191,10,0,10,201
03/26/2011,MHT,NH,ANE,EN,Towers with Radar,80,22,11,0,113,0,8,22,0,30,80,30,33,0,143,6,0,6,149
03/27/2011,MHT,NH,ANE,EN,Towers with Radar,79,23,12,0,114,0,5,12,2,19,79,28,24,2,133,4,0,4,137
03/28/2011,MHT,NH,ANE,EN,Towers with Radar,105,35,13,0,153,0,4,9,0,13,105,39,22,0,166,0,0,0,166
03/29/2011,MHT,NH,ANE,EN,Towers with Radar,105,39,22,0,166,0,4,9,0,13,105,43,31,0,179,0,0,0,179
03/30/2011,MHT,NH,ANE,EN,Towers with Radar,91,65,14,0,170,0,7,12,0,19,91,72,26,0,189,10,0,10,199
03/31/2011,MHT,NH,ANE,EN,Towers with Radar,87,57,23,6,173,0,3,6,0,9,87,60,29,6,182,0,0,0,182
04/01/2011,MHT,NH,ANE,EN,Towers with Radar,106,48,6,0,160,0,0,1,0,1,106,48,7,0,161,0,0,0,161
04/02/2011,MHT,NH,ANE,EN,Towers with Radar,78,27,18,0,123,0,0,17,0,17,78,27,35,0,140,16,0,16,156
04/03/2011,MHT,NH,ANE,EN,Towers with Radar,82,24,12,0,118,0,6,22,0,28,82,30,34,0,146,10,0,10,156
04/04/2011,MHT,NH,ANE,EN,Towers with Radar,101,50,11,18,180,0,2,1,0,3,101,52,12,18,183,0,0,0,183
04/05/2011,MHT,NH,ANE,EN,Towers with Radar,103,59,11,0,173,0,4,8,0,12,103,63,19,0,185,0,0,0,185
04/06/2011,MHT,NH,ANE,EN,Towers with Radar,102,61,16,0,179,0,0,17,0,17,102,61,33,0,196,16,0,16,212
04/07/2011,MHT,NH,ANE,EN,Towers with Radar,97,62,28,12,199,1,4,24,0,29,98,66,52,12,228,48,8,56,284
04/08/2011,MHT,NH,ANE,EN,Towers with Radar,94,55,9,0,158,0,5,17,0,22,94,60,26,0,180,38,0,38,218
04/09/2011,MHT,NH,ANE,EN,Towers with Radar,87,28,12,4,131,0,0,24,0,24,87,28,36,4,155,4,0,4,159
04/10/2011,MHT,NH,ANE,EN,Towers with Radar,85,29,9,0,123,0,5,25,0,30,85,34,34,0,153,4,0,4,157
04/11/2011,MHT,NH,ANE,EN,Towers with Radar,103,47,16,0,166,0,4,3,0,7,103,51,19,0,173,36,0,36,209
04/12/2011,MHT,NH,ANE,EN,Towers with Radar,101,62,21,9,193,0,11,11,0,22,101,73,32,9,215,22,0,22,237
04/13/2011,MHT,NH,ANE,EN,Towers with Radar,106,65,19,0,190,0,0,1,0,1,106,65,20,0,191,0,0,0,191
04/14/2011,MHT,NH,ANE,EN,Towers with Radar,105,66,28,0,199,0,1,31,1,33,105,67,59,1,232,26,0,26,258
04/15/2011,MHT,NH,ANE,EN,Towers with Radar,99,55,14,0,168,0,16,21,0,37,99,71,35,0,205,26,0,26,231
04/16/2011,MHT,NH,ANE,EN,Towers with Radar,82,22,11,0,115,0,6,12,0,18,82,28,23,0,133,4,0,4,137
04/17/2011,MHT,NH,ANE,EN,Towers with Radar,86,23,4,0,113,0,7,6,0,13,86,30,10,0,126,4,0,4,130
04/18/2011,MHT,NH,ANE,EN,Towers with Radar,101,44,13,0,158,0,2,5,0,7,101,46,18,0,165,0,0,0,165
04/19/2011,MHT,NH,ANE,EN,Towers with Radar,101,58,11,0,170,0,2,4,0,6,101,60,15,0,176,0,0,0,176
04/20/2011,MHT,NH,ANE,EN,Towers with Radar,101,62,26,6,195,0,0,0,0,0,101,62,26,6,195,0,0,0,195
04/21/2011,MHT,NH,ANE,EN,Towers with Radar,108,71,18,0,197,0,3,6,0,9,108,74,24,0,206,0,0,0,206
04/22/2011,MHT,NH,ANE,EN,Towers with Radar,98,63,43,0,204,0,8,29,2,39,98,71,72,2,243,14,0,14,257
04/23/2011,MHT,NH,ANE,EN,Towers with Radar,83,38,18,0,139,0,2,0,0,2,83,40,18,0,141,0,0,0,141
04/24/2011,MHT,NH,ANE,EN,Towers with Radar,95,20,9,0,124,0,2,3,0,5,95,22,12,0,129,9,0,9,138
04/25/2011,MHT,NH,ANE,EN,Towers with Radar,90,49,16,0,155,0,7,0,0,7,90,56,16,0,162,0,0,0,162
04/26/2011,MHT,NH,ANE,EN,Towers with Radar,102,65,19,0,186,0,0,0,0,0,102,65,19,0,186,2,0,2,188
04/27/2011,MHT,NH,ANE,EN,Towers with Radar,100,73,14,0,187,0,4,2,0,6,100,77,16,0,193,8,0,8,201
04/28/2011,MHT,NH,ANE,EN,Towers with Radar,96,53,4,0,153,0,0,8,0,8,96,53,12,0,161,0,0,0,161
04/29/2011,MHT,NH,ANE,EN,Towers with Radar,90,58,34,0,182,0,4,20,0,24,90,62,54,0,206,28,0,28,234
04/30/2011,MHT,NH,ANE,EN,Towers with Radar,90,31,15,0,136,0,6,14,3,23,90,37,29,3,159,12,0,12,171
05/01/2011,MHT,NH,ANE,EN,Towers with Radar,92,27,17,0,136,0,6,21,0,27,92,33,38,0,163,1,0,1,164
05/02/2011,MHT,NH,ANE,EN,Towers with Radar,107,41,15,0,163,0,7,17,0,24,107,48,32,0,187,0,0,0,187
05/03/2011,MHT,NH,ANE,EN,Towers with Radar,98,60,16,0,174,0,7,18,10,35,98,67,34,10,209,2,4,6,215
05/04/2011,MHT,NH,ANE,EN,Towers with Radar,99,58,19,1,177,0,0,0,0,0,99,58,19,1,177,0,0,0,177
05/05/2011,MHT,NH,ANE,EN,Towers with Radar,103,64,19,8,194,0,2,9,3,14,103,66,28,11,208,4,0,4,212
05/06/2011,MHT,NH,ANE,EN,Towers with Radar,102,63,32,9,206,0,6,40,0,46,102,69,72,9,252,8,0,8,260
05/07/2011,MHT,NH,ANE,EN,Towers with Radar,68,28,5,0,101,0,6,5,0,11,68,34,10,0,112,8,0,8,120
05/08/2011,MHT,NH,ANE,EN,Towers with Radar,84,28,11,0,123,0,5,8,1,14,84,33,19,1,137,2,0,2,139
05/09/2011,MHT,NH,ANE,EN,Towers with Radar,102,43,13,6,164,0,5,10,0,15,102,48,23,6,179,0,0,0,179
05/10/2011,MHT,NH,ANE,EN,Towers with Radar,98,54,13,10,175,0,4,4,2,10,98,58,17,12,185,4,0,4,189
05/11/2011,MHT,NH,ANE,EN,Towers with Radar,89,65,24,1,179,0,4,3,0,7,89,69,27,1,186,0,0,0,186
05/12/2011,MHT,NH,ANE,EN,Towers with Radar,95,73,21,1,190,0,5,11,2,18,95,78,32,3,208,6,0,6,214
05/13/2011,MHT,NH,ANE,EN,Towers with Radar,98,44,19,0,161,0,12,28,4,44,98,56,47,4,205,50,0,50,255
05/14/2011,MHT,NH,ANE,EN,Towers with Radar,74,22,5,6,107,1,5,6,0,12,75,27,11,6,119,4,0,4,123
05/15/2011,MHT,NH,ANE,EN,Towers with Radar,96,23,12,0,131,0,0,0,0,0,96,23,12,0,131,0,0,0,131
05/16/2011,MHT,NH,ANE,EN,Towers with Radar,113,44,12,0,169,0,4,0,0,4,113,48,12,0,173,2,0,2,175
05/17/2011,MHT,NH,ANE,EN,Towers with Radar,96,54,13,2,165,0,0,0,0,0,96,54,13,2,165,0,0,0,165
05/18/2011,MHT,NH,ANE,EN,Towers with Radar,94,82,16,0,192,0,0,0,0,0,94,82,16,0,192,0,0,0,192
05/19/2011,MHT,NH,ANE,EN,Towers with Radar,99,74,37,0,210,0,0,1,0,1,99,74,38,0,211,0,0,0,211
05/20/2011,MHT,NH,ANE,EN,Towers with Radar,98,64,19,0,181,0,0,0,0,0,98,64,19,0,181,0,0,0,181
05/21/2011,MHT,NH,ANE,EN,Towers with Radar,74,23,18,0,115,0,5,10,0,15,74,28,28,0,130,9,0,9,139
05/22/2011,MHT,NH,ANE,EN,Towers with Radar,83,31,17,0,131,0,4,7,0,11,83,35,24,0,142,6,0,6,148
05/23/2011,MHT,NH,ANE,EN,Towers with Radar,92,50,16,8,166,0,0,0,0,0,92,50,16,8,166,2,0,2,168
05/24/2011,MHT,NH,ANE,EN,Towers with Radar,100,65,19,1,185,0,0,0,0,0,100,65,19,1,185,0,0,0,185
05/25/2011,MHT,NH,ANE,EN,Towers with Radar,94,60,38,4,196,0,17,17,0,34,94,77,55,4,230,8,0,8,238
05/26/2011,MHT,NH,ANE,EN,Towers with Radar,103,63,30,4,200,0,3,15,1,19,103,66,45,5,219,28,0,28,247
05/27/2011,MHT,NH,ANE,EN,Towers with Radar,90,50,7,0,147,0,13,12,0,25,90,63,19,0,172,4,0,4,176
05/28/2011,MHT,NH,ANE,EN,Towers with Radar,84,35,10,0,129,0,4,3,0,7,84,39,13,0,136,0,0,0,136
05/29/2011,MHT,NH,ANE,EN,Towers with Radar,58,24,4,0,86,0,9,10,0,19,58,33,14,0,105,2,0,2,107
05/30/2011,MHT,NH,ANE,EN,Towers with Radar,82,28,6,0,116,0,10,12,0,22,82,38,18,0,138,12,0,12,150
05/31/2011,MHT,NH,ANE,EN,Towers with Radar,83,55,17,0,155,0,3,25,4,32,83,58,42,4,187,12,0,12,199
06/01/2011,MHT,NH,ANE,EN,Towers with Radar,102,52,13,0,167,0,4,9,0,13,102,56,22,0,180,0,0,0,180
06/02/2011,MHT,NH,ANE,EN,Towers with Radar,99,71,22,2,194,0,5,17,0,22,99,76,39,2,216,4,0,4,220
06/03/2011,MHT,NH,ANE,EN,Towers with Radar,100,54,23,0,177,0,5,15,0,20,100,59,38,0,197,12,0,12,209
06/04/2011,MHT,NH,ANE,EN,Towers with Radar,80,21,13,2,116,0,7,31,0,38,80,28,44,2,154,10,0,10,164
06/05/2011,MHT,NH,ANE,EN,Towers with Radar,95,30,12,2,139,0,5,19,1,25,95,35,31,3,164,8,0,8,172
06/06/2011,MHT,NH,ANE,EN,Towers with Radar,99,60,13,0,172,0,4,13,0,17,99,64,26,0,189,0,0,0,189
06/07/2011,MHT,NH,ANE,EN,Towers with Radar,103,57,21,7,188,0,6,25,0,31,103,63,46,7,219,2,8,10,229
06/08/2011,MHT,NH,ANE,EN,Towers with Radar,104,59,14,0,177,0,4,24,0,28,104,63,38,0,205,10,0,10,215
06/09/2011,MHT,NH,ANE,EN,Towers with Radar,98,57,15,0,170,0,1,4,1,6,98,58,19,1,176,0,0,0,176
06/10/2011,MHT,NH,ANE,EN,Towers with Radar,104,57,35,1,197,0,9,22,3,34,104,66,57,4,231,4,2,6,237
06/11/2011,MHT,NH,ANE,EN,Towers with Radar,80,47,16,0,143,0,0,5,0,5,80,47,21,0,148,12,0,12,160
06/12/2011,MHT,NH,ANE,EN,Towers with Radar,89,22,22,0,133,0,0,0,0,0,89,22,22,0,133,2,0,2,135
06/13/2011,MHT,NH,ANE,EN,Towers with Radar,110,49,24,7,190,0,1,7,0,8,110,50,31,7,198,6,0,6,204
06/14/2011,MHT,NH,ANE,EN,Towers with Radar,94,71,29,2,196,0,4,2,0,6,94,75,31,2,202,6,0,6,208
06/15/2011,MHT,NH,ANE,EN,Towers with Radar,110,78,16,6,210,0,3,14,0,17,110,81,30,6,227,2,14,16,243
06/16/2011,MHT,NH,ANE,EN,Towers with Radar,98,68,15,5,186,0,8,19,0,27,98,76,34,5,213,4,0,4,217
06/17/2011,MHT,NH,ANE,EN,Towers with Radar,99,40,11,14,164,0,5,6,0,11,99,45,17,14,175,14,0,14,189
06/18/2011,MHT,NH,ANE,EN,Towers with Radar,87,38,14,0,139,0,2,11,0,13,87,40,25,0,152,0,0,0,152
06/19/2011,MHT,NH,ANE,EN,Towers with Radar,89,33,9,0,131,0,3,24,0,27,89,36,33,0,158,19,0,19,177
06/20/2011,MHT,NH,ANE,EN,Towers with Radar,96,53,13,0,162,0,9,18,0,27,96,62,31,0,189,12,0,12,201
06/21/2011,MHT,NH,ANE,EN,Towers with Radar,94,64,14,2,174,0,8,26,3,37,94,72,40,5,211,8,0,8,219
06/22/2011,MHT,NH,ANE,EN,Towers with Radar,103,72,11,2,188,0,3,6,0,9,103,75,17,2,197,2,0,2,199
06/23/2011,MHT,NH,ANE,EN,Towers with Radar,102,65,13,2,182,0,0,0,0,0,102,65,13,2,182,0,0,0,182
06/24/2011,MHT,NH,ANE,EN,Towers with Radar,101,52,21,0,174,0,0,0,0,0,101,52,21,0,174,0,0,0,174
06/25/2011,MHT,NH,ANE,EN,Towers with Radar,85,40,10,0,135,0,1,3,0,4,85,41,13,0,139,4,0,4,143
06/26/2011,MHT,NH,ANE,EN,Towers with Radar,87,29,29,0,145,2,1,2,0,5,89,30,31,0,150,10,0,10,160
06/27/2011,MHT,NH,ANE,EN,Towers with Radar,91,62,28,1,182,0,11,23,2,36,91,73,51,3,218,14,0,14,232
06/28/2011,MHT,NH,ANE,EN,Towers with Radar,97,67,11,0,175,0,3,21,2,26,97,70,32,2,201,24,0,24,225
06/29/2011,MHT,NH,ANE,EN,Towers with Radar,102,69,26,0,197,0,12,16,0,28,102,81,42,0,225,6,4,10,235
06/30/2011,MHT,NH,ANE,EN,Towers with Radar,90,77,23,0,190,0,4,18,0,22,90,81,41,0,212,0,0,0,212
07/01/2011,MHT,NH,ANE,EN,Towers with Radar,100,58,29,0,187,0,13,22,0,35,100,71,51,0,222,10,0,10,232
07/02/2011,MHT,NH,ANE,EN,Towers with Radar,70,34,6,0,110,0,5,25,0,30,70,39,31,0,140,0,0,0,140
07/03/2011,MHT,NH,ANE,EN,Towers with Radar,63,29,3,0,95,0,2,11,0,13,63,31,14,0,108,4,0,4,112
07/04/2011,MHT,NH,ANE,EN,Towers with Radar,74,42,5,0,121,0,2,16,0,18,74,44,21,0,139,0,0,0,139
07/05/2011,MHT,NH,ANE,EN,Towers with Radar,92,68,15,0,175,0,8,20,2,30,92,76,35,2,205,8,0,8,213
07/06/2011,MHT,NH,ANE,EN,Towers with Radar,103,66,19,0,188,0,2,19,0,21,103,68,38,0,209,4,0,4,213
07/07/2011,MHT,NH,ANE,EN,Towers with Radar,96,67,19,18,200,0,3,24,0,27,96,70,43,18,227,20,0,20,247
07/08/2011,MHT,NH,ANE,EN,Towers with Radar,84,57,13,0,154,0,3,11,0,14,84,60,24,0,168,2,0,2,170
07/09/2011,MHT,NH,ANE,EN,Towers with Radar,85,25,11,0,121,0,7,14,0,21,85,32,25,0,142,4,0,4,146
07/10/2011,MHT,NH,ANE,EN,Towers with Radar,84,28,11,0,123,0,7,24,0,31,84,35,35,0,154,4,0,4,158
07/11/2011,MHT,NH,ANE,EN,Towers with Radar,92,53,9,0,154,0,10,10,0,20,92,63,19,0,174,4,0,4,178
07/12/2011,MHT,NH,ANE,EN,Towers with Radar,95,70,14,8,187,0,8,5,0,13,95,78,19,8,200,34,4,38,238
07/13/2011,MHT,NH,ANE,EN,Towers with Radar,107,79,18,0,204,0,5,17,0,22,107,84,35,0,226,4,0,4,230
07/14/2011,MHT,NH,ANE,EN,Towers with Radar,100,66,36,0,202,0,0,24,0,24,100,66,60,0,226,0,0,0,226
07/15/2011,MHT,NH,ANE,EN,Towers with Radar,99,54,20,3,176,0,2,15,1,18,99,56,35,4,194,0,0,0,194
07/16/2011,MHT,NH,ANE,EN,Towers with Radar,98,26,14,0,138,0,1,32,0,33,98,27,46,0,171,3,0,3,174
07/17/2011,MHT,NH,ANE,EN,Towers with Radar,88,34,25,0,147,0,6,14,0,20,88,40,39,0,167,10,0,10,177
07/18/2011,MHT,NH,ANE,EN,Towers with Radar,90,49,9,0,148,0,3,5,0,8,90,52,14,0,156,0,0,0,156
07/19/2011,MHT,NH,ANE,EN,Towers with Radar,101,67,15,8,191,0,4,23,0,27,101,71,38,8,218,8,8,16,234
07/20/2011,MHT,NH,ANE,EN,Towers with Radar,102,65,20,0,187,0,6,25,0,31,102,71,45,0,218,2,0,2,220
07/21/2011,MHT,NH,ANE,EN,Towers with Radar,106,66,30,0,202,0,2,14,0,16,106,68,44,0,218,0,0,0,218
07/22/2011,MHT,NH,ANE,EN,Towers with Radar,91,56,11,0,158,0,2,11,0,13,91,58,22,0,171,0,0,0,171
07/23/2011,MHT,NH,ANE,EN,Towers with Radar,87,26,18,0,131,0,0,26,0,26,87,26,44,0,157,0,4,4,161
07/24/2011,MHT,NH,ANE,EN,Towers with Radar,86,41,17,0,144,0,9,7,0,16,86,50,24,0,160,0,0,0,160
07/25/2011,MHT,NH,ANE,EN,Towers with Radar,80,55,27,0,162,0,4,10,0,14,80,59,37,0,176,6,0,6,182
07/26/2011,MHT,NH,ANE,EN,Towers with Radar,97,67,14,1,179,0,0,3,2,5,97,67,17,3,184,0,0,0,184
07/27/2011,MHT,NH,ANE,EN,Towers with Radar,102,70,22,4,198,0,3,26,1,30,102,73,48,5,228,12,0,12,240
07/28/2011,MHT,NH,ANE,EN,Towers with Radar,103,65,24,0,192,0,3,36,0,39,103,68,60,0,231,0,0,0,231
07/29/2011,MHT,NH,ANE,EN,Towers with Radar,99,50,28,2,179,0,0,6,0,6,99,50,34,2,185,0,0,0,185
07/30/2011,MHT,NH,ANE,EN,Towers with Radar,95,25,11,0,131,0,4,12,0,16,95,29,23,0,147,0,0,0,147
07/31/2011,MHT,NH,ANE,EN,Towers with Radar,86,24,3,0,113,0,7,28,0,35,86,31,31,0,148,14,0,14,162
08/01/2011,MHT,NH,ANE,EN,Towers with Radar,53,80,20,0,153,0,4,17,0,21,53,84,37,0,174,14,0,14,188
08/02/2011,MHT,NH,ANE,EN,Towers with Radar,66,111,17,4,198,0,11,17,2,30,66,122,34,6,228,2,4,6,234
08/03/2011,MHT,NH,ANE,EN,Towers with Radar,65,102,14,0,181,0,7,21,1,29,65,109,35,1,210,10,0,10,220
08/04/2011,MHT,NH,ANE,EN,Towers with Radar,66,104,16,0,186,0,3,18,2,23,66,107,34,2,209,2,4,6,215
08/05/2011,MHT,NH,ANE,EN,Towers with Radar,60,94,21,2,177,0,6,12,0,18,60,100,33,2,195,0,0,0,195
08/06/2011,MHT,NH,ANE,EN,Towers with Radar,48,57,14,0,119,0,4,8,1,13,48,61,22,1,132,0,0,0,132
08/07/2011,MHT,NH,ANE,EN,Towers with Radar,50,68,17,0,135,0,0,2,0,2,50,68,19,0,137,0,0,0,137
08/08/2011,MHT,NH,ANE,EN,Towers with Radar,56,94,10,0,160,0,2,8,0,10,56,96,18,0,170,20,0,20,190
08/09/2011,MHT,NH,ANE,EN,Towers with Radar,63,91,12,0,166,0,3,18,2,23,63,94,30,2,189,6,0,6,195
08/10/2011,MHT,NH,ANE,EN,Towers with Radar,68,109,18,0,195,0,4,3,1,8,68,113,21,1,203,0,0,0,203
08/11/2011,MHT,NH,ANE,EN,Towers with Radar,64,108,20,0,192,0,12,38,1,51,64,120,58,1,243,0,0,0,243
08/12/2011,MHT,NH,ANE,EN,Towers with Radar,62,96,27,0,185,4,5,19,2,30,66,101,46,2,215,14,0,14,229
08/13/2011,MHT,NH,ANE,EN,Towers with Radar,49,60,16,0,125,0,7,32,0,39,49,67,48,0,164,26,0,26,190
08/14/2011,MHT,NH,ANE,EN,Towers with Radar,45,63,16,2,126,0,5,4,0,9,45,68,20,2,135,4,0,4,139
08/15/2011,MHT,NH,ANE,EN,Towers with Radar,54,92,11,0,157,0,0,0,0,0,54,92,11,0,157,0,0,0,157
08/16/2011,MHT,NH,ANE,EN,Towers with Radar,61,104,19,0,184,0,0,4,0,4,61,104,23,0,188,2,0,2,190
08/17/2011,MHT,NH,ANE,EN,Towers with Radar,57,108,17,0,182,0,9,27,0,36,57,117,44,0,218,4,0,4,222
08/18/2011,MHT,NH,ANE,EN,Towers with Radar,57,104,33,12,206,0,9,27,0,36,57,113,60,12,242,0,0,0,242
08/19/2011,MHT,NH,ANE,EN,Towers with Radar,49,94,25,0,168,0,4,7,0,11,49,98,32,0,179,12,0,12,191
08/20/2011,MHT,NH,ANE,EN,Towers with Radar,45,58,21,0,124,0,12,14,0,26,45,70,35,0,150,0,0,0,150
08/21/2011,MHT,NH,ANE,EN,Towers with Radar,45,58,9,0,112,0,2,4,0,6,45,60,13,0,118,0,0,0,118
08/22/2011,MHT,NH,ANE,EN,Towers with Radar,51,92,19,1,163,0,5,17,2,24,51,97,36,3,187,10,0,10,197
08/23/2011,MHT,NH,ANE,EN,Towers with Radar,57,98,16,1,172,0,11,44,1,56,57,109,60,2,228,10,0,10,238
08/24/2011,MHT,NH,ANE,EN,Towers with Radar,58,101,11,4,174,0,10,15,2,27,58,111,26,6,201,4,0,4,205
08/25/2011,MHT,NH,ANE,EN,Towers with Radar,56,91,32,3,182,0,2,8,1,11,56,93,40,4,193,0,0,0,193
08/26/2011,MHT,NH,ANE,EN,Towers with Radar,54,89,6,1,150,0,3,21,0,24,54,92,27,1,174,4,0,4,178
08/27/2011,MHT,NH,ANE,EN,Towers with Radar,46,31,4,0,81,0,3,14,0,17,46,34,18,0,98,4,0,4,102
08/28/2011,MHT,NH,ANE,EN,Towers with Radar,5,0,0,0,5,0,0,0,0,0,5,0,0,0,5,0,0,0,5
08/29/2011,MHT,NH,ANE,EN,Towers with Radar,41,72,14,4,131,0,6,21,0,27,41,78,35,4,158,14,0,14,172
08/30/2011,MHT,NH,ANE,EN,Towers with Radar,59,102,15,0,176,0,4,22,1,27,59,106,37,1,203,0,0,0,203
08/31/2011,MHT,NH,ANE,EN,Towers with Radar,59,98,29,0,186,0,3,40,0,43,59,101,69,0,229,26,0,26,255
09/01/2011,MHT,NH,ANE,EN,Towers with Radar,59,106,21,0,186,0,5,12,2,19,59,111,33,2,205,8,0,8,213
09/02/2011,MHT,NH,ANE,EN,Towers with Radar,54,95,7,0,156,0,7,13,0,20,54,102,20,0,176,0,0,0,176
09/03/2011,MHT,NH,ANE,EN,Towers with Radar,41,53,12,0,106,0,4,9,0,13,41,57,21,0,119,0,0,0,119
09/04/2011,MHT,NH,ANE,EN,Towers with Radar,31,49,22,0,102,0,4,4,0,8,31,53,26,0,110,0,0,0,110
09/05/2011,MHT,NH,ANE,EN,Towers with Radar,43,70,13,0,126,0,1,2,1,4,43,71,15,1,130,0,0,0,130
09/06/2011,MHT,NH,ANE,EN,Towers with Radar,51,94,23,0,168,0,5,1,0,6,51,99,24,0,174,0,0,0,174
09/07/2011,MHT,NH,ANE,EN,Towers with Radar,60,102,16,0,178,0,0,0,0,0,60,102,16,0,178,0,0,0,178
09/08/2011,MHT,NH,ANE,EN,Towers with Radar,59,107,32,0,198,0,0,2,0,2,59,107,34,0,200,0,0,0,200
09/09/2011,MHT,NH,ANE,EN,Towers with Radar,58,106,41,2,207,0,11,24,2,37,58,117,65,4,244,6,4,10,254
09/10/2011,MHT,NH,ANE,EN,Towers with Radar,41,53,61,0,155,0,2,55,0,57,41,55,116,0,212,0,0,0,212
09/11/2011,MHT,NH,ANE,EN,Towers with Radar,44,64,39,4,151,0,4,17,0,21,44,68,56,4,172,24,0,24,196
09/12/2011,MHT,NH,ANE,EN,Towers with Radar,52,101,15,1,169,0,8,15,0,23,52,109,30,1,192,0,0,0,192
09/13/2011,MHT,NH,ANE,EN,Towers with Radar,60,100,21,1,182,0,5,20,1,26,60,105,41,2,208,6,0,6,214
09/14/2011,MHT,NH,ANE,EN,Towers with Radar,58,102,15,0,175,0,13,16,1,30,58,115,31,1,205,10,0,10,215
09/15/2011,MHT,NH,ANE,EN,Towers with Radar,59,99,19,0,177,0,0,2,0,2,59,99,21,0,179,0,0,0,179
09/16/2011,MHT,NH,ANE,EN,Towers with Radar,53,102,17,8,180,0,7,19,0,26,53,109,36,8,206,36,0,36,242
09/17/2011,MHT,NH,ANE,EN,Towers with Radar,42,55,10,1,108,0,7,30,2,39,42,62,40,3,147,4,0,4,151
09/18/2011,MHT,NH,ANE,EN,Towers with Radar,45,63,13,0,121,0,4,19,0,23,45,67,32,0,144,6,0,6,150
09/19/2011,MHT,NH,ANE,EN,Towers with Radar,45,79,15,0,139,0,2,26,0,28,45,81,41,0,167,14,0,14,181
09/20/2011,MHT,NH,ANE,EN,Towers with Radar,58,91,19,0,168,0,2,4,0,6,58,93,23,0,174,0,0,0,174
09/21/2011,MHT,NH,ANE,EN,Towers with Radar,61,104,17,4,186,0,4,17,0,21,61,108,34,4,207,0,0,0,207
09/22/2011,MHT,NH,ANE,EN,Towers with Radar,62,113,20,6,201,0,0,1,0,1,62,113,21,6,202,0,0,0,202
09/23/2011,MHT,NH,ANE,EN,Towers with Radar,58,93,16,0,167,0,0,0,0,0,58,93,16,0,167,0,0,0,167
09/24/2011,MHT,NH,ANE,EN,Towers with Radar,45,55,22,0,122,0,1,2,0,3,45,56,24,0,125,0,0,0,125
09/25/2011,MHT,NH,ANE,EN,Towers with Radar,49,61,32,0,142,0,3,13,1,17,49,64,45,1,159,8,0,8,167
09/26/2011,MHT,NH,ANE,EN,Towers with Radar,50,91,15,2,158,0,6,28,0,34,50,97,43,2,192,18,0,18,210
09/27/2011,MHT,NH,ANE,EN,Towers with Radar,60,93,14,0,167,0,6,25,0,31,60,99,39,0,198,26,0,26,224
09/28/2011,MHT,NH,ANE,EN,Towers with Radar,56,101,12,0,169,0,2,5,0,7,56,103,17,0,176,0,0,0,176
09/29/2011,MHT,NH,ANE,EN,Towers with Radar,60,90,14,0,164,0,0,0,0,0,60,90,14,0,164,0,0,0,164
09/30/2011,MHT,NH,ANE,EN,Towers with Radar,54,93,23,0,170,0,8,13,1,22,54,101,36,1,192,0,0,0,192
10/01/2011,MHT,NH,ANE,EN,Towers with Radar,58,56,12,0,126,0,0,0,0,0,58,56,12,0,126,0,0,0,126
10/02/2011,MHT,NH,ANE,EN,Towers with Radar,63,41,31,0,135,0,0,1,0,1,63,41,32,0,136,0,0,0,136
10/03/2011,MHT,NH,ANE,EN,Towers with Radar,75,69,19,0,163,0,3,4,0,7,75,72,23,0,170,0,0,0,170
10/04/2011,MHT,NH,ANE,EN,Towers with Radar,80,82,20,0,182,0,0,0,0,0,80,82,20,0,182,2,0,2,184
10/05/2011,MHT,NH,ANE,EN,Towers with Radar,79,76,10,0,165,0,3,9,0,12,79,79,19,0,177,0,0,0,177
10/06/2011,MHT,NH,ANE,EN,Towers with Radar,75,78,9,0,162,0,4,23,0,27,75,82,32,0,189,8,0,8,197
10/07/2011,MHT,NH,ANE,EN,Towers with Radar,80,72,16,0,168,0,4,32,5,41,80,76,48,5,209,4,0,4,213
10/08/2011,MHT,NH,ANE,EN,Towers with Radar,56,46,6,0,108,0,8,24,0,32,56,54,30,0,140,4,0,4,144
10/09/2011,MHT,NH,ANE,EN,Towers with Radar,62,45,5,0,112,0,6,32,0,38,62,51,37,0,150,2,0,2,152
10/10/2011,MHT,NH,ANE,EN,Towers with Radar,75,69,17,0,161,0,7,20,2,29,75,76,37,2,190,0,0,0,190
10/11/2011,MHT,NH,ANE,EN,Towers with Radar,80,82,10,0,172,0,7,31,0,38,80,89,41,0,210,12,0,12,222
10/12/2011,MHT,NH,ANE,EN,Towers with Radar,78,92,27,0,197,0,5,7,0,12,78,97,34,0,209,0,0,0,209
10/13/2011,MHT,NH,ANE,EN,Towers with Radar,81,81,17,0,179,0,0,0,0,0,81,81,17,0,179,0,0,0,179
10/14/2011,MHT,NH,ANE,EN,Towers with Radar,76,74,21,0,171,0,0,0,0,0,76,74,21,0,171,0,0,0,171
10/15/2011,MHT,NH,ANE,EN,Towers with Radar,59,45,8,0,112,0,3,12,1,16,59,48,20,1,128,0,0,0,128
10/16/2011,MHT,NH,ANE,EN,Towers with Radar,64,43,13,4,124,0,2,9,0,11,64,45,22,4,135,0,8,8,143
10/17/2011,MHT,NH,ANE,EN,Towers with Radar,72,68,14,0,154,0,7,15,0,22,72,75,29,0,176,6,0,6,182
10/18/2011,MHT,NH,ANE,EN,Towers with Radar,80,82,10,0,172,0,9,16,1,26,80,91,26,1,198,0,0,0,198
10/19/2011,MHT,NH,ANE,EN,Towers with Radar,76,73,10,1,160,0,0,1,0,1,76,73,11,1,161,0,0,0,161
10/20/2011,MHT,NH,ANE,EN,Towers with Radar,82,85,12,1,180,0,7,0,2,9,82,92,12,3,189,0,0,0,189
10/21/2011,MHT,NH,ANE,EN,Towers with Radar,81,66,23,8,178,0,8,20,0,28,81,74,43,8,206,2,0,2,208
10/22/2011,MHT,NH,ANE,EN,Towers with Radar,60,37,9,0,106,0,5,22,0,27,60,42,31,0,133,0,0,0,133
10/23/2011,MHT,NH,ANE,EN,Towers with Radar,65,43,27,0,135,0,8,25,3,36,65,51,52,3,171,66,0,66,237
10/24/2011,MHT,NH,ANE,EN,Towers with Radar,73,63,26,0,162,0,0,12,0,12,73,63,38,0,174,18,0,18,192
10/25/2011,MHT,NH,ANE,EN,Towers with Radar,80,77,20,4,181,0,4,17,0,21,80,81,37,4,202,0,0,0,202
10/26/2011,MHT,NH,ANE,EN,Towers with Radar,80,72,23,0,175,0,1,5,0,6,80,73,28,0,181,0,0,0,181
10/27/2011,MHT,NH,ANE,EN,Towers with Radar,81,77,11,0,169,0,0,0,0,0,81,77,11,0,169,0,0,0,169
10/28/2011,MHT,NH,ANE,EN,Towers with Radar,77,67,26,0,170,0,3,12,0,15,77,70,38,0,185,10,0,10,195
10/29/2011,MHT,NH,ANE,EN,Towers with Radar,55,30,11,0,96,0,2,7,0,9,55,32,18,0,105,2,0,2,107
10/30/2011,MHT,NH,ANE,EN,Towers with Radar,58,35,4,0,97,0,8,4,0,12,58,43,8,0,109,6,0,6,115
10/31/2011,MHT,NH,ANE,EN,Towers with Radar,69,59,23,4,155,0,10,25,1,36,69,69,48,5,191,6,0,6,197
11/01/2011,MHT,NH,ANE,EN,Towers with Radar,79,73,5,4,161,0,1,6,4,11,79,74,11,8,172,18,16,34,206
11/02/2011,MHT,NH,ANE,EN,Towers with Radar,80,72,18,0,170,0,8,18,0,26,80,80,36,0,196,12,0,12,208
11/03/2011,MHT,NH,ANE,EN,Towers with Radar,77,81,11,0,169,0,4,26,3,33,77,85,37,3,202,28,0,28,230
11/04/2011,MHT,NH,ANE,EN,Towers with Radar,78,70,15,0,163,0,8,12,0,20,78,78,27,0,183,0,0,0,183
11/05/2011,MHT,NH,ANE,EN,Towers with Radar,54,41,24,0,119,0,5,42,0,47,54,46,66,0,166,0,0,0,166
11/06/2011,MHT,NH,ANE,EN,Towers with Radar,52,48,20,0,120,0,12,17,0,29,52,60,37,0,149,0,0,0,149
11/07/2011,MHT,NH,ANE,EN,Towers with Radar,69,72,10,0,151,0,4,25,1,30,69,76,35,1,181,14,0,14,195
11/08/2011,MHT,NH,ANE,EN,Towers with Radar,72,75,13,8,168,0,6,27,4,37,72,81,40,12,205,56,2,58,263
11/09/2011,MHT,NH,ANE,EN,Towers with Radar,78,80,21,13,192,0,7,26,0,33,78,87,47,13,225,20,6,26,251
11/10/2011,MHT,NH,ANE,EN,Towers with Radar,69,74,16,3,162,0,0,0,0,0,69,74,16,3,162,0,0,0,162
11/11/2011,MHT,NH,ANE,EN,Towers with Radar,70,65,4,4,143,0,4,7,0,11,70,69,11,4,154,4,0,4,158
11/12/2011,MHT,NH,ANE,EN,Towers with Radar,52,37,9,0,98,0,12,15,0,27,52,49,24,0,125,10,0,10,135
11/13/2011,MHT,NH,ANE,EN,Towers with Radar,52,43,8,0,103,0,10,13,0,23,52,53,21,0,126,2,0,2,128
11/14/2011,MHT,NH,ANE,EN,Towers with Radar,66,70,9,0,145,0,7,3,1,11,66,77,12,1,156,0,0,0,156
11/15/2011,MHT,NH,ANE,EN,Towers with Radar,73,80,9,6,168,0,6,10,0,16,73,86,19,6,184,0,0,0,184
11/16/2011,MHT,NH,ANE,EN,Towers with Radar,71,73,14,0,158,0,5,1,0,6,71,78,15,0,164,0,0,0,164
11/17/2011,MHT,NH,ANE,EN,Towers with Radar,77,79,18,0,174,0,4,3,0,7,77,83,21,0,181,0,0,0,181
11/18/2011,MHT,NH,ANE,EN,Towers with Radar,68,65,15,0,148,0,0,33,0,33,68,65,48,0,181,8,0,8,189
11/19/2011,MHT,NH,ANE,EN,Towers with Radar,54,38,5,4,101,0,4,8,0,12,54,42,13,4,113,31,0,31,144
11/20/2011,MHT,NH,ANE,EN,Towers with Radar,58,39,10,0,107,0,8,26,1,35,58,47,36,1,142,4,0,4,146
11/21/2011,MHT,NH,ANE,EN,Towers with Radar,65,76,12,2,155,0,3,30,0,33,65,79,42,2,188,18,0,18,206
11/22/2011,MHT,NH,ANE,EN,Towers with Radar,83,81,19,2,185,0,3,10,1,14,83,84,29,3,199,8,0,8,207
11/23/2011,MHT,NH,ANE,EN,Towers with Radar,85,85,9,2,181,0,1,0,0,1,85,86,9,2,182,0,0,0,182
11/24/2011,MHT,NH,ANE,EN,Towers with Radar,41,23,7,0,71,0,3,10,1,14,41,26,17,1,85,4,0,4,89
11/25/2011,MHT,NH,ANE,EN,Towers with Radar,49,44,5,0,98,0,5,12,0,17,49,49,17,0,115,2,0,2,117
11/26/2011,MHT,NH,ANE,EN,Towers with Radar,54,47,13,0,114,0,0,28,0,28,54,47,41,0,142,18,0,18,160
11/27/2011,MHT,NH,ANE,EN,Towers with Radar,70,51,27,0,148,0,0,0,0,0,70,51,27,0,148,0,0,0,148
11/28/2011,MHT,NH,ANE,EN,Towers with Radar,72,75,22,0,169,0,4,10,0,14,72,79,32,0,183,2,0,2,185
11/29/2011,MHT,NH,ANE,EN,Towers with Radar,80,70,14,0,164,0,2,11,1,14,80,72,25,1,178,0,0,0,178
11/30/2011,MHT,NH,ANE,EN,Towers with Radar,76,79,15,4,174,0,2,10,0,12,76,81,25,4,186,6,0,6,192
12/01/2011,MHT,NH,ANE,EN,Towers with Radar,76,74,19,5,174,0,5,14,1,20,76,79,33,6,194,0,0,0,194
12/02/2011,MHT,NH,ANE,EN,Towers with Radar,68,63,18,0,149,0,7,15,1,23,68,70,33,1,172,2,0,2,174
12/03/2011,MHT,NH,ANE,EN,Towers with Radar,54,32,22,0,108,0,8,25,1,34,54,40,47,1,142,32,0,32,174
12/04/2011,MHT,NH,ANE,EN,Towers with Radar,56,38,15,0,109,0,3,11,0,14,56,41,26,0,123,2,0,2,125
12/05/2011,MHT,NH,ANE,EN,Towers with Radar,67,58,6,3,134,0,12,15,0,27,67,70,21,3,161,20,0,20,181
12/06/2011,MHT,NH,ANE,EN,Towers with Radar,78,69,5,1,153,0,2,1,0,3,78,71,6,1,156,0,0,0,156
12/07/2011,MHT,NH,ANE,EN,Towers with Radar,75,73,13,14,175,0,0,0,0,0,75,73,13,14,175,0,0,0,175
12/08/2011,MHT,NH,ANE,EN,Towers with Radar,73,76,16,0,165,0,3,4,0,7,73,79,20,0,172,0,0,0,172
12/09/2011,MHT,NH,ANE,EN,Towers with Radar,73,76,14,4,167,0,5,24,4,33,73,81,38,8,200,0,0,0,200
12/10/2011,MHT,NH,ANE,EN,Towers with Radar,55,29,15,0,99,0,6,10,1,17,55,35,25,1,116,0,0,0,116
12/11/2011,MHT,NH,ANE,EN,Towers with Radar,54,44,21,0,119,0,1,30,0,31,54,45,51,0,150,8,0,8,158
12/12/2011,MHT,NH,ANE,EN,Towers with Radar,69,67,12,5,153,0,6,26,0,32,69,73,38,5,185,14,0,14,199
12/13/2011,MHT,NH,ANE,EN,Towers with Radar,82,72,20,2,176,0,7,16,2,25,82,79,36,4,201,0,0,0,201
12/14/2011,MHT,NH,ANE,EN,Towers with Radar,80,78,15,3,176,0,2,19,1,22,80,80,34,4,198,4,0,4,202
12/15/2011,MHT,NH,ANE,EN,Towers with Radar,77,71,16,0,164,0,2,4,0,6,77,73,20,0,170,0,0,0,170
12/16/2011,MHT,NH,ANE,EN,Towers with Radar,73,59,21,0,153,0,1,6,0,7,73,60,27,0,160,2,0,2,162
12/17/2011,MHT,NH,ANE,EN,Towers with Radar,56,43,21,0,120,0,4,30,1,35,56,47,51,1,155,12,0,12,167
12/18/2011,MHT,NH,ANE,EN,Towers with Radar,53,37,6,0,96,0,5,27,1,33,53,42,33,1,129,22,0,22,151
12/19/2011,MHT,NH,ANE,EN,Towers with Radar,70,64,4,6,144,0,1,9,0,10,70,65,13,6,154,0,0,0,154
12/20/2011,MHT,NH,ANE,EN,Towers with Radar,80,76,16,2,174,0,9,18,1,28,80,85,34,3,202,6,4,10,212
12/21/2011,MHT,NH,ANE,EN,Towers with Radar,80,74,21,2,177,0,2,0,0,2,80,76,21,2,179,0,0,0,179
12/22/2011,MHT,NH,ANE,EN,Towers with Radar,92,81,18,0,191,0,4,18,0,22,92,85,36,0,213,0,0,0,213
12/23/2011,MHT,NH,ANE,EN,Towers with Radar,88,77,9,0,174,0,0,0,0,0,88,77,9,0,174,0,0,0,174
12/24/2011,MHT,NH,ANE,EN,Towers with Radar,50,48,9,0,107,0,0,9,0,9,50,48,18,0,116,0,0,0,116
12/25/2011,MHT,NH,ANE,EN,Towers with Radar,40,21,10,0,71,0,3,1,0,4,40,24,11,0,75,0,0,0,75
12/26/2011,MHT,NH,ANE,EN,Towers with Radar,67,41,11,0,119,0,3,8,0,11,67,44,19,0,130,4,2,6,136
12/27/2011,MHT,NH,ANE,EN,Towers with Radar,71,52,8,0,131,0,0,13,0,13,71,52,21,0,144,0,0,0,144
12/28/2011,MHT,NH,ANE,EN,Towers with Radar,88,67,13,0,168,0,6,8,1,15,88,73,21,1,183,2,0,2,185
12/29/2011,MHT,NH,ANE,EN,Towers with Radar,79,61,14,0,154,0,6,16,1,23,79,67,30,1,177,10,0,10,187
12/30/2011,MHT,NH,ANE,EN,Towers with Radar,76,49,10,0,135,0,4,8,0,12,76,53,18,0,147,22,0,22,169
12/31/2011,MHT,NH,ANE,EN,Towers with Radar,51,30,1,0,82,0,0,0,0,0,51,30,1,0,82,0,0,0,82
01/01/2012,MHT,NH,ANE,EN,Towers with Radar,39,29,4,0,72,0,2,4,0,6,39,31,8,0,78,2,0,2,80
01/02/2012,MHT,NH,ANE,EN,Towers with Radar,65,40,4,0,109,0,7,5,0,12,65,47,9,0,121,0,0,0,121
01/03/2012,MHT,NH,ANE,EN,Towers with Radar,66,55,10,0,131,0,3,5,1,9,66,58,15,1,140,4,0,4,144
01/04/2012,MHT,NH,ANE,EN,Towers with Radar,75,63,13,0,151,0,5,13,1,19,75,68,26,1,170,8,0,8,178
01/05/2012,MHT,NH,ANE,EN,Towers with Radar,76,69,14,0,159,0,9,8,0,17,76,78,22,0,176,18,0,18,194
01/06/2012,MHT,NH,ANE,EN,Towers with Radar,69,59,19,0,147,0,5,4,0,9,69,64,23,0,156,20,0,20,176
01/07/2012,MHT,NH,ANE,EN,Towers with Radar,50,32,12,4,98,0,3,32,1,36,50,35,44,5,134,36,0,36,170
01/08/2012,MHT,NH,ANE,EN,Towers with Radar,45,42,19,11,117,0,4,21,1,26,45,46,40,12,143,28,0,28,171
01/09/2012,MHT,NH,ANE,EN,Towers with Radar,51,63,8,0,122,0,8,6,0,14,51,71,14,0,136,2,0,2,138
01/10/2012,MHT,NH,ANE,EN,Towers with Radar,67,88,24,0,179,0,2,23,0,25,67,90,47,0,204,10,0,10,214
01/11/2012,MHT,NH,ANE,EN,Towers with Radar,58,76,17,3,154,0,4,16,1,21,58,80,33,4,175,0,8,8,183
01/12/2012,MHT,NH,ANE,EN,Towers with Radar,60,67,11,0,138,0,0,0,0,0,60,67,11,0,138,0,0,0,138
01/13/2012,MHT,NH,ANE,EN,Towers with Radar,54,65,3,4,126,0,0,0,0,0,54,65,3,4,126,0,0,0,126
01/14/2012,MHT,NH,ANE,EN,Towers with Radar,39,32,11,0,82,0,8,5,0,13,39,40,16,0,95,2,0,2,97
01/15/2012,MHT,NH,ANE,EN,Towers with Radar,45,34,9,0,88,0,3,3,0,6,45,37,12,0,94,4,0,4,98
01/16/2012,MHT,NH,ANE,EN,Towers with Radar,51,58,15,0,124,0,6,24,0,30,51,64,39,0,154,8,0,8,162
01/17/2012,MHT,NH,ANE,EN,Towers with Radar,59,74,24,0,157,0,0,0,0,0,59,74,24,0,157,0,0,0,157
01/18/2012,MHT,NH,ANE,EN,Towers with Radar,58,68,11,6,143,0,3,0,0,3,58,71,11,6,146,0,0,0,146
01/19/2012,MHT,NH,ANE,EN,Towers with Radar,58,77,17,0,152,0,2,12,1,15,58,79,29,1,167,8,0,8,175
01/20/2012,MHT,NH,ANE,EN,Towers with Radar,52,58,21,1,132,0,3,11,1,15,52,61,32,2,147,2,2,4,151
01/21/2012,MHT,NH,ANE,EN,Towers with Radar,43,28,5,0,76,0,2,0,0,2,43,30,5,0,78,0,0,0,78
01/22/2012,MHT,NH,ANE,EN,Towers with Radar,43,43,8,0,94,0,7,9,0,16,43,50,17,0,110,4,0,4,114
01/23/2012,MHT,NH,ANE,EN,Towers with Radar,50,61,8,0,119,0,0,0,0,0,50,61,8,0,119,2,0,2,121
01/24/2012,MHT,NH,ANE,EN,Towers with Radar,60,75,18,0,153,0,5,10,2,17,60,80,28,2,170,2,0,2,172
01/25/2012,MHT,NH,ANE,EN,Towers with Radar,57,73,11,0,141,0,8,10,0,18,57,81,21,0,159,2,0,2,161
01/26/2012,MHT,NH,ANE,EN,Towers with Radar,60,76,14,2,152,0,2,15,0,17,60,78,29,2,169,4,0,4,173
01/27/2012,MHT,NH,ANE,EN,Towers with Radar,53,61,5,0,119,0,0,0,0,0,53,61,5,0,119,0,0,0,119
01/28/2012,MHT,NH,ANE,EN,Towers with Radar,41,30,8,0,79,0,2,24,0,26,41,32,32,0,105,16,0,16,121
01/29/2012,MHT,NH,ANE,EN,Towers with Radar,46,37,5,0,88,0,1,18,0,19,46,38,23,0,107,14,0,14,121
01/30/2012,MHT,NH,ANE,EN,Towers with Radar,53,62,9,0,124,0,5,11,0,16,53,67,20,0,140,0,0,0,140
01/31/2012,MHT,NH,ANE,EN,Towers with Radar,61,77,4,8,150,0,5,3,0,8,61,82,7,8,158,0,0,0,158
02/01/2012,MHT,NH,ANE,EN,Towers with Radar,58,66,14,0,138,0,4,6,0,10,58,70,20,0,148,2,0,2,150
02/02/2012,MHT,NH,ANE,EN,Towers with Radar,59,74,20,0,153,0,1,7,0,8,59,75,27,0,161,4,0,4,165
02/03/2012,MHT,NH,ANE,EN,Towers with Radar,56,66,10,2,134,0,4,20,1,25,56,70,30,3,159,14,0,14,173
02/04/2012,MHT,NH,ANE,EN,Towers with Radar,40,32,8,0,80,0,4,8,5,17,40,36,16,5,97,0,0,0,97
02/05/2012,MHT,NH,ANE,EN,Towers with Radar,44,34,8,0,86,0,4,13,2,19,44,38,21,2,105,0,0,0,105
02/06/2012,MHT,NH,ANE,EN,Towers with Radar,54,65,20,0,139,1,5,15,1,22,55,70,35,1,161,14,0,14,175
02/07/2012,MHT,NH,ANE,EN,Towers with Radar,64,78,21,8,171,0,5,8,0,13,64,83,29,8,184,0,0,0,184
02/08/2012,MHT,NH,ANE,EN,Towers with Radar,57,68,14,0,139,0,3,9,0,12,57,71,23,0,151,2,0,2,153
02/09/2012,MHT,NH,ANE,EN,Towers with Radar,60,85,9,0,154,2,8,12,0,22,62,93,21,0,176,30,0,30,206
02/10/2012,MHT,NH,ANE,EN,Towers with Radar,59,57,21,0,137,0,3,23,0,26,59,60,44,0,163,0,0,0,163
02/11/2012,MHT,NH,ANE,EN,Towers with Radar,41,45,4,0,90,0,6,1,1,8,41,51,5,1,98,0,0,0,98
02/12/2012,MHT,NH,ANE,EN,Towers with Radar,56,35,7,0,98,0,3,9,0,12,56,38,16,0,110,22,0,22,132
02/13/2012,MHT,NH,ANE,EN,Towers with Radar,58,59,7,4,128,0,4,11,0,15,58,63,18,4,143,4,0,4,147
02/14/2012,MHT,NH,ANE,EN,Towers with Radar,71,77,5,6,159,0,8,5,1,14,71,85,10,7,173,0,0,0,173
02/15/2012,MHT,NH,ANE,EN,Towers with Radar,68,62,8,0,138,0,4,4,0,8,68,66,12,0,146,2,0,2,148
02/16/2012,MHT,NH,ANE,EN,Towers with Radar,69,79,17,0,165,0,2,9,0,11,69,81,26,0,176,4,0,4,180
02/17/2012,MHT,NH,ANE,EN,Towers with Radar,64,62,12,2,140,0,4,4,0,8,64,66,16,2,148,2,0,2,150
02/18/2012,MHT,NH,ANE,EN,Towers with Radar,49,45,13,0,107,0,9,3,0,12,49,54,16,0,119,0,0,0,119
02/19/2012,MHT,NH,ANE,EN,Towers with Radar,57,36,9,0,102,0,10,13,0,23,57,46,22,0,125,10,0,10,135
02/20/2012,MHT,NH,ANE,EN,Towers with Radar,60,53,3,0,116,0,8,13,1,22,60,61,16,1,138,0,0,0,138
02/21/2012,MHT,NH,ANE,EN,Towers with Radar,67,80,9,0,156,0,6,12,0,18,67,86,21,0,174,2,0,2,176
02/22/2012,MHT,NH,ANE,EN,Towers with Radar,67,70,11,1,149,0,8,14,3,25,67,78,25,4,174,28,0,28,202
02/23/2012,MHT,NH,ANE,EN,Towers with Radar,68,79,11,3,161,0,1,10,0,11,68,80,21,3,172,0,0,0,172
02/24/2012,MHT,NH,ANE,EN,Towers with Radar,62,56,5,0,123,0,1,3,0,4,62,57,8,0,127,0,0,0,127
02/25/2012,MHT,NH,ANE,EN,Towers with Radar,49,32,4,0,85,0,2,1,1,4,49,34,5,1,89,0,0,0,89
02/26/2012,MHT,NH,ANE,EN,Towers with Radar,57,38,22,0,117,0,1,13,1,15,57,39,35,1,132,14,0,14,146
02/27/2012,MHT,NH,ANE,EN,Towers with Radar,59,48,10,4,121,0,6,16,1,23,59,54,26,5,144,12,0,12,156
02/28/2012,MHT,NH,ANE,EN,Towers with Radar,69,70,11,0,150,0,6,4,2,12,69,76,15,2,162,12,0,12,174
02/29/2012,MHT,NH,ANE,EN,Towers with Radar,70,69,7,4,150,0,4,4,0,8,70,73,11,4,158,0,0,0,158
03/01/2012,MHT,NH,ANE,EN,Towers with Radar,66,56,10,2,134,0,0,0,0,0,66,56,10,2,134,0,0,0,134
03/02/2012,MHT,NH,ANE,EN,Towers with Radar,63,64,3,2,132,0,1,2,1,4,63,65,5,3,136,0,0,0,136
03/03/2012,MHT,NH,ANE,EN,Towers with Radar,49,32,5,0,86,0,1,1,0,2,49,33,6,0,88,0,0,0,88
03/04/2012,MHT,NH,ANE,EN,Towers with Radar,58,37,14,0,109,0,8,11,1,20,58,45,25,1,129,2,0,2,131
03/05/2012,MHT,NH,ANE,EN,Towers with Radar,61,58,11,0,130,0,4,4,0,8,61,62,15,0,138,2,0,2,140
03/06/2012,MHT,NH,ANE,EN,Towers with Radar,71,71,6,0,148,0,5,7,0,12,71,76,13,0,160,4,0,4,164
03/07/2012,MHT,NH,ANE,EN,Towers with Radar,72,62,13,4,151,0,8,23,1,32,72,70,36,5,183,18,0,18,201
03/08/2012,MHT,NH,ANE,EN,Towers with Radar,73,75,6,3,157,0,1,5,3,9,73,76,11,6,166,0,0,0,166
03/09/2012,MHT,NH,ANE,EN,Towers with Radar,63,56,14,0,133,0,0,11,2,13,63,56,25,2,146,0,0,0,146
03/10/2012,MHT,NH,ANE,EN,Towers with Radar,53,35,7,0,95,0,5,17,0,22,53,40,24,0,117,4,0,4,121
03/11/2012,MHT,NH,ANE,EN,Towers with Radar,55,35,18,0,108,0,2,17,0,19,55,37,35,0,127,14,0,14,141
03/12/2012,MHT,NH,ANE,EN,Towers with Radar,61,61,15,0,137,0,6,32,1,39,61,67,47,1,176,16,0,16,192
03/13/2012,MHT,NH,ANE,EN,Towers with Radar,76,75,15,3,169,0,2,11,5,18,76,77,26,8,187,12,22,34,221
03/14/2012,MHT,NH,ANE,EN,Towers with Radar,71,66,30,0,167,0,0,1,0,1,71,66,31,0,168,4,0,4,172
03/15/2012,MHT,NH,ANE,EN,Towers with Radar,72,65,23,8,168,0,2,18,0,20,72,67,41,8,188,2,0,2,190
03/16/2012,MHT,NH,ANE,EN,Towers with Radar,65,55,7,0,127,0,0,0,0,0,65,55,7,0,127,0,0,0,127
03/17/2012,MHT,NH,ANE,EN,Towers with Radar,52,33,19,0,104,0,1,5,1,7,52,34,24,1,111,26,0,26,137
03/18/2012,MHT,NH,ANE,EN,Towers with Radar,53,36,5,0,94,0,5,20,0,25,53,41,25,0,119,12,0,12,131
03/19/2012,MHT,NH,ANE,EN,Towers with Radar,63,61,19,0,143,0,8,14,2,24,63,69,33,2,167,2,0,2,169
03/20/2012,MHT,NH,ANE,EN,Towers with Radar,69,79,19,0,167,0,12,28,0,40,69,91,47,0,207,12,0,12,219
03/21/2012,MHT,NH,ANE,EN,Towers with Radar,71,73,16,0,160,0,12,21,0,33,71,85,37,0,193,8,0,8,201
03/22/2012,MHT,NH,ANE,EN,Towers with Radar,71,80,13,8,172,0,7,17,0,24,71,87,30,8,196,2,0,2,198
03/23/2012,MHT,NH,ANE,EN,Towers with Radar,65,56,25,0,146,0,5,19,0,24,65,61,44,0,170,6,2,8,178
03/24/2012,MHT,NH,ANE,EN,Towers with Radar,52,40,14,0,106,0,3,27,1,31,52,43,41,1,137,2,0,2,139
03/25/2012,MHT,NH,ANE,EN,Towers with Radar,55,40,10,0,105,0,0,0,0,0,55,40,10,0,105,2,0,2,107
03/26/2012,MHT,NH,ANE,EN,Towers with Radar,61,57,4,0,122,0,1,2,0,3,61,58,6,0,125,0,0,0,125
03/27/2012,MHT,NH,ANE,EN,Towers with Radar,76,75,13,0,164,0,6,13,0,19,76,81,26,0,183,0,0,0,183
03/28/2012,MHT,NH,ANE,EN,Towers with Radar,70,75,8,5,158,0,6,2,1,9,70,81,10,6,167,0,0,0,167
03/29/2012,MHT,NH,ANE,EN,Towers with Radar,69,80,7,4,160,0,1,4,0,5,69,81,11,4,165,10,0,10,175
03/30/2012,MHT,NH,ANE,EN,Towers with Radar,65,58,4,0,127,0,5,10,0,15,65,63,14,0,142,0,0,0,142
03/31/2012,MHT,NH,ANE,EN,Towers with Radar,53,34,10,0,97,0,10,15,0,25,53,44,25,0,122,0,0,0,122
04/01/2012,MHT,NH,ANE,EN,Towers with Radar,55,41,8,0,104,0,4,11,1,16,55,45,19,1,120,4,0,4,124
04/02/2012,MHT,NH,ANE,EN,Towers with Radar,59,61,12,0,132,0,9,11,2,22,59,70,23,2,154,0,0,0,154
04/03/2012,MHT,NH,ANE,EN,Towers with Radar,65,76,15,0,156,0,2,14,0,16,65,78,29,0,172,4,0,4,176
04/04/2012,MHT,NH,ANE,EN,Towers with Radar,72,80,12,0,164,0,6,24,1,31,72,86,36,1,195,2,0,2,197
04/05/2012,MHT,NH,ANE,EN,Towers with Radar,70,81,22,0,173,0,6,19,0,25,70,87,41,0,198,2,0,2,200
04/06/2012,MHT,NH,ANE,EN,Towers with Radar,63,66,21,0,150,0,12,17,0,29,63,78,38,0,179,16,0,16,195
04/07/2012,MHT,NH,ANE,EN,Towers with Radar,50,36,9,0,95,0,3,17,1,21,50,39,26,1,116,12,0,12,128
04/08/2012,MHT,NH,ANE,EN,Towers with Radar,52,40,7,0,99,0,4,6,0,10,52,44,13,0,109,4,0,4,113
04/09/2012,MHT,NH,ANE,EN,Towers with Radar,58,57,7,0,122,0,6,7,0,13,58,63,14,0,135,0,0,0,135
04/10/2012,MHT,NH,ANE,EN,Towers with Radar,64,75,21,8,168,0,7,15,0,22,64,82,36,8,190,8,0,8,198
04/11/2012,MHT,NH,ANE,EN,Towers with Radar,65,70,7,10,152,0,2,4,1,7,65,72,11,11,159,0,0,0,159
04/12/2012,MHT,NH,ANE,EN,Towers with Radar,67,77,14,6,164,0,5,9,0,14,67,82,23,6,178,18,0,18,196
04/13/2012,MHT,NH,ANE,EN,Towers with Radar,64,63,19,0,146,0,6,25,4,35,64,69,44,4,181,4,0,4,185
04/14/2012,MHT,NH,ANE,EN,Towers with Radar,45,41,13,0,99,0,4,18,2,24,45,45,31,2,123,0,0,0,123
04/15/2012,MHT,NH,ANE,EN,Towers with Radar,55,42,13,0,110,0,4,29,0,33,55,46,42,0,143,34,0,34,177
04/16/2012,MHT,NH,ANE,EN,Towers with Radar,61,68,10,0,139,0,10,20,0,30,61,78,30,0,169,2,0,2,171
04/17/2012,MHT,NH,ANE,EN,Towers with Radar,65,73,10,0,148,0,10,7,0,17,65,83,17,0,165,8,0,8,173
04/18/2012,MHT,NH,ANE,EN,Towers with Radar,66,71,13,0,150,0,7,23,1,31,66,78,36,1,181,70,0,70,251
04/19/2012,MHT,NH,ANE,EN,Towers with Radar,67,73,18,0,158,0,9,19,3,31,67,82,37,3,189,48,0,48,237
04/20/2012,MHT,NH,ANE,EN,Towers with Radar,61,73,9,2,145,0,12,24,3,39,61,85,33,5,184,0,0,0,184
04/21/2012,MHT,NH,ANE,EN,Towers with Radar,46,37,8,0,91,0,5,14,1,20,46,42,22,1,111,0,0,0,111
04/22/2012,MHT,NH,ANE,EN,Towers with Radar,53,47,8,0,108,0,0,0,0,0,53,47,8,0,108,0,0,0,108
04/23/2012,MHT,NH,ANE,EN,Towers with Radar,60,58,4,0,122,0,0,0,0,0,60,58,4,0,122,0,0,0,122
04/24/2012,MHT,NH,ANE,EN,Towers with Radar,64,79,17,0,160,0,4,6,0,10,64,83,23,0,170,22,0,22,192
04/25/2012,MHT,NH,ANE,EN,Towers with Radar,66,72,13,0,151,0,5,9,1,15,66,77,22,1,166,0,0,0,166
04/26/2012,MHT,NH,ANE,EN,Towers with Radar,63,77,12,0,152,0,12,19,3,34,63,89,31,3,186,26,0,26,212
04/27/2012,MHT,NH,ANE,EN,Towers with Radar,65,68,5,0,138,0,4,6,0,10,65,72,11,0,148,4,0,4,152
04/28/2012,MHT,NH,ANE,EN,Towers with Radar,47,38,6,0,91,0,2,6,0,8,47,40,12,0,99,0,0,0,99
04/29/2012,MHT,NH,ANE,EN,Towers with Radar,58,43,12,0,113,0,5,15,0,20,58,48,27,0,133,20,0,20,153
04/30/2012,MHT,NH,ANE,EN,Towers with Radar,57,63,6,0,126,0,9,24,0,33,57,72,30,0,159,6,0,6,165
05/01/2012,MHT,NH,ANE,EN,Towers with Radar,63,82,16,0,161,0,1,0,0,1,63,83,16,0,162,0,0,0,162
05/02/2012,MHT,NH,ANE,EN,Towers with Radar,64,77,13,0,154,0,2,4,0,6,64,79,17,0,160,0,0,0,160
05/03/2012,MHT,NH,ANE,EN,Towers with Radar,65,90,12,0,167,0,0,0,0,0,65,90,12,0,167,0,0,0,167
05/04/2012,MHT,NH,ANE,EN,Towers with Radar,63,68,20,0,151,0,0,0,0,0,63,68,20,0,151,0,0,0,151
05/05/2012,MHT,NH,ANE,EN,Towers with Radar,42,43,20,0,105,0,4,8,1,13,42,47,28,1,118,0,0,0,118
05/06/2012,MHT,NH,ANE,EN,Towers with Radar,51,45,12,0,108,0,5,19,1,25,51,50,31,1,133,8,0,8,141
05/07/2012,MHT,NH,ANE,EN,Towers with Radar,57,62,10,9,138,0,9,29,0,38,57,71,39,9,176,48,6,54,230
05/08/2012,MHT,NH,ANE,EN,Towers with Radar,64,74,16,5,159,0,3,0,0,3,64,77,16,5,162,0,0,0,162
05/09/2012,MHT,NH,ANE,EN,Towers with Radar,63,85,15,4,167,0,0,0,0,0,63,85,15,4,167,0,0,0,167
05/10/2012,MHT,NH,ANE,EN,Towers with Radar,68,93,17,0,178,0,1,12,0,13,68,94,29,0,191,0,0,0,191
05/11/2012,MHT,NH,ANE,EN,Towers with Radar,67,77,19,0,163,0,7,22,0,29,67,84,41,0,192,22,0,22,214
05/12/2012,MHT,NH,ANE,EN,Towers with Radar,43,46,5,0,94,0,7,22,0,29,43,53,27,0,123,8,0,8,131
05/13/2012,MHT,NH,ANE,EN,Towers with Radar,54,44,7,0,105,0,6,8,0,14,54,50,15,0,119,2,0,2,121
05/14/2012,MHT,NH,ANE,EN,Towers with Radar,55,64,10,0,129,0,1,5,0,6,55,65,15,0,135,0,0,0,135
05/15/2012,MHT,NH,ANE,EN,Towers with Radar,63,72,8,0,143,0,2,5,0,7,63,74,13,0,150,0,0,0,150
05/16/2012,MHT,NH,ANE,EN,Towers with Radar,68,76,6,0,150,0,2,0,0,2,68,78,6,0,152,6,0,6,158
05/17/2012,MHT,NH,ANE,EN,Towers with Radar,63,79,7,0,149,0,7,25,3,35,63,86,32,3,184,12,0,12,196
05/18/2012,MHT,NH,ANE,EN,Towers with Radar,63,66,11,0,140,0,8,26,0,34,63,74,37,0,174,10,0,10,184
05/19/2012,MHT,NH,ANE,EN,Towers with Radar,42,37,3,0,82,0,7,10,1,18,42,44,13,1,100,2,0,2,102
05/20/2012,MHT,NH,ANE,EN,Towers with Radar,56,40,9,0,105,0,10,21,4,35,56,50,30,4,140,8,0,8,148
05/21/2012,MHT,NH,ANE,EN,Towers with Radar,55,62,17,4,138,0,1,2,0,3,55,63,19,4,141,10,0,10,151
05/22/2012,MHT,NH,ANE,EN,Towers with Radar,61,79,17,6,163,0,0,4,0,4,61,79,21,6,167,0,0,0,167
05/23/2012,MHT,NH,ANE,EN,Towers with Radar,70,84,21,2,177,0,3,5,0,8,70,87,26,2,185,8,0,8,193
05/24/2012,MHT,NH,ANE,EN,Towers with Radar,63,79,13,0,155,0,2,13,0,15,63,81,26,0,170,0,0,0,170
05/25/2012,MHT,NH,ANE,EN,Towers with Radar,61,68,17,0,146,0,0,4,0,4,61,68,21,0,150,0,0,0,150
05/26/2012,MHT,NH,ANE,EN,Towers with Radar,37,40,7,0,84,0,4,11,1,16,37,44,18,1,100,4,0,4,104
05/27/2012,MHT,NH,ANE,EN,Towers with Radar,44,30,5,0,79,0,8,17,1,26,44,38,22,1,105,6,0,6,111
05/28/2012,MHT,NH,ANE,EN,Towers with Radar,49,50,6,0,105,0,9,16,1,26,49,59,22,1,131,24,0,24,155
05/29/2012,MHT,NH,ANE,EN,Towers with Radar,51,75,15,0,141,0,0,1,0,1,51,75,16,0,142,0,0,0,142
05/30/2012,MHT,NH,ANE,EN,Towers with Radar,74,80,17,0,171,0,8,8,1,17,74,88,25,1,188,0,0,0,188
05/31/2012,MHT,NH,ANE,EN,Towers with Radar,65,79,21,0,165,0,8,21,0,29,65,87,42,0,194,12,0,12,206
06/01/2012,MHT,NH,ANE,EN,Towers with Radar,61,64,19,0,144,0,6,22,0,28,61,70,41,0,172,2,0,2,174
06/02/2012,MHT,NH,ANE,EN,Towers with Radar,43,40,13,0,96,0,2,0,0,2,43,42,13,0,98,0,0,0,98
06/03/2012,MHT,NH,ANE,EN,Towers with Radar,57,43,17,0,117,0,2,2,0,4,57,45,19,0,121,0,0,0,121
06/04/2012,MHT,NH,ANE,EN,Towers with Radar,62,70,10,0,142,0,0,0,0,0,62,70,10,0,142,0,0,0,142
06/05/2012,MHT,NH,ANE,EN,Towers with Radar,70,82,16,0,168,0,1,6,1,8,70,83,22,1,176,0,0,0,176
06/06/2012,MHT,NH,ANE,EN,Towers with Radar,72,77,13,6,168,0,1,5,3,9,72,78,18,9,177,0,6,6,183
06/07/2012,MHT,NH,ANE,EN,Towers with Radar,72,85,17,0,174,0,3,5,0,8,72,88,22,0,182,0,0,0,182
06/08/2012,MHT,NH,ANE,EN,Towers with Radar,72,70,7,0,149,0,5,16,0,21,72,75,23,0,170,10,0,10,180
06/09/2012,MHT,NH,ANE,EN,Towers with Radar,49,37,14,0,100,0,6,16,0,22,49,43,30,0,122,2,0,2,124
06/10/2012,MHT,NH,ANE,EN,Towers with Radar,60,37,8,0,105,0,3,21,1,25,60,40,29,1,130,6,0,6,136
06/11/2012,MHT,NH,ANE,EN,Towers with Radar,60,63,18,0,141,0,2,19,0,21,60,65,37,0,162,10,0,10,172
06/12/2012,MHT,NH,ANE,EN,Towers with Radar,71,73,15,0,159,0,3,17,1,21,71,76,32,1,180,18,0,18,198
06/13/2012,MHT,NH,ANE,EN,Towers with Radar,74,72,29,0,175,0,2,0,0,2,74,74,29,0,177,0,0,0,177
06/14/2012,MHT,NH,ANE,EN,Towers with Radar,73,84,23,2,182,0,8,18,0,26,73,92,41,2,208,6,0,6,214
06/15/2012,MHT,NH,ANE,EN,Towers with Radar,73,62,19,0,154,0,7,25,1,33,73,69,44,1,187,0,0,0,187
06/16/2012,MHT,NH,ANE,EN,Towers with Radar,49,43,9,0,101,0,4,30,2,36,49,47,39,2,137,4,0,4,141
06/17/2012,MHT,NH,ANE,EN,Towers with Radar,60,42,12,0,114,0,5,12,3,20,60,47,24,3,134,2,0,2,136
06/18/2012,MHT,NH,ANE,EN,Towers with Radar,64,64,21,0,149,0,4,8,0,12,64,68,29,0,161,14,0,14,175
06/19/2012,MHT,NH,ANE,EN,Towers with Radar,72,83,23,0,178,0,5,7,1,13,72,88,30,1,191,30,0,30,221
06/20/2012,MHT,NH,ANE,EN,Towers with Radar,75,78,24,2,179,0,5,14,1,20,75,83,38,3,199,8,10,18,217
06/21/2012,MHT,NH,ANE,EN,Towers with Radar,76,80,12,0,168,0,13,12,1,26,76,93,24,1,194,2,0,2,196
06/22/2012,MHT,NH,ANE,EN,Towers with Radar,68,60,17,0,145,0,7,10,0,17,68,67,27,0,162,8,0,8,170
06/23/2012,MHT,NH,ANE,EN,Towers with Radar,53,40,7,0,100,0,4,12,0,16,53,44,19,0,116,14,0,14,130
06/24/2012,MHT,NH,ANE,EN,Towers with Radar,59,41,9,0,109,0,8,26,0,34,59,49,35,0,143,6,0,6,149
06/25/2012,MHT,NH,ANE,EN,Towers with Radar,65,63,20,0,148,0,0,1,1,2,65,63,21,1,150,14,0,14,164
06/26/2012,MHT,NH,ANE,EN,Towers with Radar,74,79,18,1,172,0,2,9,1,12,74,81,27,2,184,6,0,6,190
06/27/2012,MHT,NH,ANE,EN,Towers with Radar,72,83,14,1,170,0,5,12,3,20,72,88,26,4,190,24,0,24,214
06/28/2012,MHT,NH,ANE,EN,Towers with Radar,71,82,10,0,163,0,9,16,0,25,71,91,26,0,188,8,0,8,196
06/29/2012,MHT,NH,ANE,EN,Towers with Radar,65,73,15,0,153,0,4,15,0,19,65,77,30,0,172,34,0,34,206
06/30/2012,MHT,NH,ANE,EN,Towers with Radar,52,45,12,0,109,0,8,23,1,32,52,53,35,1,141,20,0,20,161
07/01/2012,MHT,NH,ANE,EN,Towers with Radar,61,43,11,0,115,0,3,14,1,18,61,46,25,1,133,0,0,0,133
07/02/2012,MHT,NH,ANE,EN,Towers with Radar,67,64,17,0,148,0,3,12,0,15,67,67,29,0,163,2,0,2,165
07/03/2012,MHT,NH,ANE,EN,Towers with Radar,71,81,17,0,169,0,9,32,1,42,71,90,49,1,211,22,0,22,233
07/04/2012,MHT,NH,ANE,EN,Towers with Radar,56,37,6,0,99,0,3,6,0,9,56,40,12,0,108,0,0,0,108
07/05/2012,MHT,NH,ANE,EN,Towers with Radar,67,59,14,6,146,0,6,28,0,34,67,65,42,6,180,22,0,22,202
07/06/2012,MHT,NH,ANE,EN,Towers with Radar,68,64,8,0,140,0,8,23,0,31,68,72,31,0,171,34,0,34,205
07/07/2012,MHT,NH,ANE,EN,Towers with Radar,53,39,11,0,103,0,5,19,0,24,53,44,30,0,127,30,0,30,157
07/08/2012,MHT,NH,ANE,EN,Towers with Radar,59,38,9,0,106,0,7,15,1,23,59,45,24,1,129,0,0,0,129
07/09/2012,MHT,NH,ANE,EN,Towers with Radar,65,65,12,0,142,0,5,21,0,26,65,70,33,0,168,0,0,0,168
07/10/2012,MHT,NH,ANE,EN,Towers with Radar,73,83,19,0,175,0,15,28,1,44,73,98,47,1,219,10,0,10,229
07/11/2012,MHT,NH,ANE,EN,Towers with Radar,72,74,13,4,163,0,7,23,0,30,72,81,36,4,193,42,0,42,235
07/12/2012,MHT,NH,ANE,EN,Towers with Radar,74,76,27,0,177,0,5,20,0,25,74,81,47,0,202,4,0,4,206
07/13/2012,MHT,NH,ANE,EN,Towers with Radar,72,62,12,0,146,0,7,23,0,30,72,69,35,0,176,8,0,8,184
07/14/2012,MHT,NH,ANE,EN,Towers with Radar,56,38,10,0,104,0,2,10,0,12,56,40,20,0,116,0,0,0,116
07/15/2012,MHT,NH,ANE,EN,Towers with Radar,60,35,24,0,119,0,2,10,0,12,60,37,34,0,131,0,0,0,131
07/16/2012,MHT,NH,ANE,EN,Towers with Radar,68,61,8,0,137,0,5,15,0,20,68,66,23,0,157,32,0,32,189
07/17/2012,MHT,NH,ANE,EN,Towers with Radar,76,78,16,0,170,0,4,10,0,14,76,82,26,0,184,16,0,16,200
07/18/2012,MHT,NH,ANE,EN,Towers with Radar,70,79,13,0,162,0,2,9,0,11,70,81,22,0,173,0,0,0,173
07/19/2012,MHT,NH,ANE,EN,Towers with Radar,76,77,24,8,185,0,7,29,1,37,76,84,53,9,222,8,0,8,230
07/20/2012,MHT,NH,ANE,EN,Towers with Radar,72,62,40,0,174,0,2,8,0,10,72,64,48,0,184,0,0,0,184
07/21/2012,MHT,NH,ANE,EN,Towers with Radar,51,41,12,0,104,0,5,30,0,35,51,46,42,0,139,50,0,50,189
07/22/2012,MHT,NH,ANE,EN,Towers with Radar,62,38,15,0,115,0,7,21,2,30,62,45,36,2,145,0,0,0,145
07/23/2012,MHT,NH,ANE,EN,Towers with Radar,65,60,9,8,142,0,8,15,0,23,65,68,24,8,165,30,0,30,195
07/24/2012,MHT,NH,ANE,EN,Towers with Radar,72,73,24,17,186,0,2,14,0,16,72,75,38,17,202,16,0,16,218
07/25/2012,MHT,NH,ANE,EN,Towers with Radar,72,81,15,0,168,0,14,16,2,32,72,95,31,2,200,10,0,10,210
07/26/2012,MHT,NH,ANE,EN,Towers with Radar,64,65,13,18,160,0,0,19,1,20,64,65,32,19,180,6,2,8,188
07/27/2012,MHT,NH,ANE,EN,Towers with Radar,72,72,23,0,167,0,2,4,0,6,72,74,27,0,173,0,0,0,173
07/28/2012,MHT,NH,ANE,EN,Towers with Radar,54,37,15,0,106,0,1,6,0,7,54,38,21,0,113,0,0,0,113
07/29/2012,MHT,NH,ANE,EN,Towers with Radar,62,41,19,0,122,0,0,9,0,9,62,41,28,0,131,16,0,16,147
07/30/2012,MHT,NH,ANE,EN,Towers with Radar,64,62,17,1,144,0,3,20,1,24,64,65,37,2,168,4,0,4,172
07/31/2012,MHT,NH,ANE,EN,Towers with Radar,72,68,16,5,161,0,5,15,4,24,72,73,31,9,185,4,16,20,205
08/01/2012,MHT,NH,ANE,EN,Towers with Radar,73,79,12,0,164,0,2,14,1,17,73,81,26,1,181,16,0,16,197
08/02/2012,MHT,NH,ANE,EN,Towers with Radar,74,81,10,6,171,0,11,17,2,30,74,92,27,8,201,2,8,10,211
08/03/2012,MHT,NH,ANE,EN,Towers with Radar,70,63,15,4,152,0,5,26,0,31,70,68,41,4,183,0,0,0,183
08/04/2012,MHT,NH,ANE,EN,Towers with Radar,52,37,6,1,96,0,2,13,0,15,52,39,19,1,111,0,0,0,111
08/05/2012,MHT,NH,ANE,EN,Towers with Radar,60,35,10,0,105,0,1,9,0,10,60,36,19,0,115,10,0,10,125
08/06/2012,MHT,NH,ANE,EN,Towers with Radar,68,58,12,13,151,0,3,16,0,19,68,61,28,13,170,4,0,4,174
08/07/2012,MHT,NH,ANE,EN,Towers with Radar,71,81,22,8,182,0,11,46,0,57,71,92,68,8,239,32,0,32,271
08/08/2012,MHT,NH,ANE,EN,Towers with Radar,71,74,16,9,170,0,4,18,0,22,71,78,34,9,192,4,0,4,196
08/09/2012,MHT,NH,ANE,EN,Towers with Radar,72,75,21,0,168,0,2,13,0,15,72,77,34,0,183,0,0,0,183
08/10/2012,MHT,NH,ANE,EN,Towers with Radar,68,62,10,0,140,0,0,9,0,9,68,62,19,0,149,0,0,0,149
08/11/2012,MHT,NH,ANE,EN,Towers with Radar,52,42,9,0,103,0,1,19,0,20,52,43,28,0,123,0,0,0,123
08/12/2012,MHT,NH,ANE,EN,Towers with Radar,53,47,11,0,111,0,0,36,0,36,53,47,47,0,147,0,0,0,147
08/13/2012,MHT,NH,ANE,EN,Towers with Radar,56,59,16,3,134,0,4,17,4,25,56,63,33,7,159,16,0,16,175
08/14/2012,MHT,NH,ANE,EN,Towers with Radar,63,75,24,2,164,0,2,27,0,29,63,77,51,2,193,6,0,6,199
08/15/2012,MHT,NH,ANE,EN,Towers with Radar,66,68,18,11,163,0,0,6,4,10,66,68,24,15,173,8,10,18,191
08/16/2012,MHT,NH,ANE,EN,Towers with Radar,64,78,25,0,167,0,9,24,2,35,64,87,49,2,202,18,0,18,220
08/17/2012,MHT,NH,ANE,EN,Towers with Radar,63,73,18,12,166,0,3,31,2,36,63,76,49,14,202,26,16,42,244
08/18/2012,MHT,NH,ANE,EN,Towers with Radar,45,40,7,3,95,0,5,6,6,17,45,45,13,9,112,0,0,0,112
08/19/2012,MHT,NH,ANE,EN,Towers with Radar,53,39,16,5,113,0,11,36,6,53,53,50,52,11,166,28,0,28,194
08/20/2012,MHT,NH,ANE,EN,Towers with Radar,57,60,23,1,141,0,5,64,2,71,57,65,87,3,212,0,0,0,212
08/21/2012,MHT,NH,ANE,EN,Towers with Radar,65,71,21,8,165,0,9,27,1,37,65,80,48,9,202,20,8,28,230
08/22/2012,MHT,NH,ANE,EN,Towers with Radar,62,78,16,0,156,0,3,37,3,43,62,81,53,3,199,20,0,20,219
08/23/2012,MHT,NH,ANE,EN,Towers with Radar,66,79,16,0,161,0,5,33,0,38,66,84,49,0,199,28,0,28,227
08/24/2012,MHT,NH,ANE,EN,Towers with Radar,59,66,15,3,143,0,5,26,1,32,59,71,41,4,175,42,0,42,217
08/25/2012,MHT,NH,ANE,EN,Towers with Radar,47,37,15,1,100,0,6,26,0,32,47,43,41,1,132,24,0,24,156
08/26/2012,MHT,NH,ANE,EN,Towers with Radar,51,40,13,0,104,0,2,36,3,41,51,42,49,3,145,20,0,20,165
08/27/2012,MHT,NH,ANE,EN,Towers with Radar,59,59,18,0,136,0,6,21,2,29,59,65,39,2,165,0,0,0,165
08/28/2012,MHT,NH,ANE,EN,Towers with Radar,64,83,24,5,176,0,2,9,2,13,64,85,33,7,189,8,0,8,197
08/29/2012,MHT,NH,ANE,EN,Towers with Radar,64,73,20,0,157,0,7,41,7,55,64,80,61,7,212,22,2,24,236
08/30/2012,MHT,NH,ANE,EN,Towers with Radar,64,78,15,6,163,0,16,39,2,57,64,94,54,8,220,16,0,16,236
08/31/2012,MHT,NH,ANE,EN,Towers with Radar,62,73,18,1,154,0,6,34,3,43,62,79,52,4,197,2,0,2,199
09/01/2012,MHT,NH,ANE,EN,Towers with Radar,40,37,11,0,88,0,8,34,1,43,40,45,45,1,131,0,0,0,131
09/02/2012,MHT,NH,ANE,EN,Towers with Radar,35,26,2,0,63,0,4,14,0,18,35,30,16,0,81,18,0,18,99
09/03/2012,MHT,NH,ANE,EN,Towers with Radar,42,48,8,0,98,0,6,17,1,24,42,54,25,1,122,0,0,0,122
09/04/2012,MHT,NH,ANE,EN,Towers with Radar,56,75,24,2,157,0,1,0,0,1,56,76,24,2,158,0,0,0,158
09/05/2012,MHT,NH,ANE,EN,Towers with Radar,70,74,19,0,163,0,4,5,0,9,70,78,24,0,172,18,0,18,190
09/06/2012,MHT,NH,ANE,EN,Towers with Radar,70,78,9,6,163,0,10,21,5,36,70,88,30,11,199,10,14,24,223
09/07/2012,MHT,NH,ANE,EN,Towers with Radar,65,62,26,0,153,0,7,20,1,28,65,69,46,1,181,10,0,10,191
09/08/2012,MHT,NH,ANE,EN,Towers with Radar,46,32,18,0,96,0,2,37,1,40,46,34,55,1,136,0,0,0,136
09/09/2012,MHT,NH,ANE,EN,Towers with Radar,54,39,9,4,106,0,6,20,3,29,54,45,29,7,135,4,18,22,157
09/10/2012,MHT,NH,ANE,EN,Towers with Radar,58,57,11,3,129,0,6,16,0,22,58,63,27,3,151,8,0,8,159
09/11/2012,MHT,NH,ANE,EN,Towers with Radar,69,79,11,0,159,0,5,23,0,28,69,84,34,0,187,26,0,26,213
09/12/2012,MHT,NH,ANE,EN,Towers with Radar,65,72,15,0,152,0,7,26,0,33,65,79,41,0,185,0,0,0,185
09/13/2012,MHT,NH,ANE,EN,Towers with Radar,68,86,12,0,166,0,3,14,0,17,68,89,26,0,183,2,0,2,185
09/14/2012,MHT,NH,ANE,EN,Towers with Radar,62,67,10,0,139,0,6,26,0,32,62,73,36,0,171,18,0,18,189
09/15/2012,MHT,NH,ANE,EN,Towers with Radar,44,36,8,0,88,0,5,15,0,20,44,41,23,0,108,0,0,0,108
09/16/2012,MHT,NH,ANE,EN,Towers with Radar,52,43,11,0,106,0,10,22,2,34,52,53,33,2,140,0,2,2,142
09/17/2012,MHT,NH,ANE,EN,Towers with Radar,60,59,15,6,140,0,3,15,0,18,60,62,30,6,158,6,0,6,164
09/18/2012,MHT,NH,ANE,EN,Towers with Radar,62,64,19,0,145,0,0,9,0,9,62,64,28,0,154,0,0,0,154
09/19/2012,MHT,NH,ANE,EN,Towers with Radar,65,72,15,4,156,0,4,21,1,26,65,76,36,5,182,62,0,62,244
09/20/2012,MHT,NH,ANE,EN,Towers with Radar,69,75,25,11,180,0,1,29,4,34,69,76,54,15,214,24,26,50,264
09/21/2012,MHT,NH,ANE,EN,Towers with Radar,61,67,11,0,139,0,4,13,0,17,61,71,24,0,156,0,0,0,156
09/22/2012,MHT,NH,ANE,EN,Towers with Radar,45,38,11,1,95,0,5,9,1,15,45,43,20,2,110,0,0,0,110
09/23/2012,MHT,NH,ANE,EN,Towers with Radar,58,39,14,0,111,0,2,22,0,24,58,41,36,0,135,8,0,8,143
09/24/2012,MHT,NH,ANE,EN,Towers with Radar,57,60,26,0,143,0,3,28,0,31,57,63,54,0,174,6,0,6,180
09/25/2012,MHT,NH,ANE,EN,Towers with Radar,66,81,15,0,162,0,6,13,0,19,66,87,28,0,181,0,0,0,181
09/26/2012,MHT,NH,ANE,EN,Towers with Radar,65,73,11,4,153,0,5,6,2,13,65,78,17,6,166,0,0,0,166
09/27/2012,MHT,NH,ANE,EN,Towers with Radar,65,74,11,6,156,0,4,23,0,27,65,78,34,6,183,8,0,8,191
09/28/2012,MHT,NH,ANE,EN,Towers with Radar,65,62,17,0,144,0,0,0,0,0,65,62,17,0,144,0,0,0,144
09/29/2012,MHT,NH,ANE,EN,Towers with Radar,43,38,18,0,99,0,0,0,0,0,43,38,18,0,99,0,0,0,99
09/30/2012,MHT,NH,ANE,EN,Towers with Radar,61,42,10,0,113,0,0,0,0,0,61,42,10,0,113,4,0,4,117
10/01/2012,MHT,NH,ANE,EN,Towers with Radar,63,55,17,0,135,0,7,6,0,13,63,62,23,0,148,0,0,0,148
10/02/2012,MHT,NH,ANE,EN,Towers with Radar,68,69,19,0,156,0,4,12,1,17,68,73,31,1,173,16,0,16,189
10/03/2012,MHT,NH,ANE,EN,Towers with Radar,68,69,15,0,152,0,0,0,0,0,68,69,15,0,152,0,0,0,152
10/04/2012,MHT,NH,ANE,EN,Towers with Radar,67,73,19,0,159,0,0,0,0,0,67,73,19,0,159,0,0,0,159
10/05/2012,MHT,NH,ANE,EN,Towers with Radar,63,68,14,0,145,0,5,21,1,27,63,73,35,1,172,14,0,14,186
10/06/2012,MHT,NH,ANE,EN,Towers with Radar,49,36,6,4,95,0,8,12,0,20,49,44,18,4,115,0,0,0,115
10/07/2012,MHT,NH,ANE,EN,Towers with Radar,54,38,15,0,107,0,12,22,1,35,54,50,37,1,142,4,0,4,146
10/08/2012,MHT,NH,ANE,EN,Towers with Radar,62,54,8,0,124,0,3,10,1,14,62,57,18,1,138,16,0,16,154
10/09/2012,MHT,NH,ANE,EN,Towers with Radar,64,73,12,3,152,0,3,7,1,11,64,76,19,4,163,0,10,10,173
10/10/2012,MHT,NH,ANE,EN,Towers with Radar,69,70,16,0,155,0,0,0,0,0,69,70,16,0,155,0,0,0,155
10/11/2012,MHT,NH,ANE,EN,Towers with Radar,64,75,17,0,156,0,4,19,2,25,64,79,36,2,181,2,0,2,183
10/12/2012,MHT,NH,ANE,EN,Towers with Radar,64,62,14,0,140,0,2,19,0,21,64,64,33,0,161,12,0,12,173
10/13/2012,MHT,NH,ANE,EN,Towers with Radar,47,43,19,0,109,0,9,39,0,48,47,52,58,0,157,0,0,0,157
10/14/2012,MHT,NH,ANE,EN,Towers with Radar,58,38,16,0,112,0,2,6,0,8,58,40,22,0,120,0,0,0,120
10/15/2012,MHT,NH,ANE,EN,Towers with Radar,55,52,6,2,115,0,2,5,0,7,55,54,11,2,122,0,16,16,138
10/16/2012,MHT,NH,ANE,EN,Towers with Radar,70,80,26,2,178,0,4,11,0,15,70,84,37,2,193,4,0,4,197
10/17/2012,MHT,NH,ANE,EN,Towers with Radar,64,70,17,1,152,0,11,20,1,32,64,81,37,2,184,4,0,4,188
10/18/2012,MHT,NH,ANE,EN,Towers with Radar,71,73,17,4,165,0,5,32,2,39,71,78,49,6,204,4,0,4,208
10/19/2012,MHT,NH,ANE,EN,Towers with Radar,59,73,16,4,152,0,0,2,0,2,59,73,18,4,154,0,0,0,154
10/20/2012,MHT,NH,ANE,EN,Towers with Radar,50,48,15,0,113,0,7,14,1,22,50,55,29,1,135,0,0,0,135
10/21/2012,MHT,NH,ANE,EN,Towers with Radar,58,37,12,0,107,0,5,15,2,22,58,42,27,2,129,4,0,4,133
10/22/2012,MHT,NH,ANE,EN,Towers with Radar,58,63,14,1,136,0,4,17,0,21,58,67,31,1,157,0,0,0,157
10/23/2012,MHT,NH,ANE,EN,Towers with Radar,67,71,16,5,159,0,2,18,0,20,67,73,34,5,179,0,0,0,179
10/24/2012,MHT,NH,ANE,EN,Towers with Radar,65,77,15,12,169,0,5,26,5,36,65,82,41,17,205,6,14,20,225
10/25/2012,MHT,NH,ANE,EN,Towers with Radar,64,78,14,0,156,0,8,25,2,35,64,86,39,2,191,0,0,0,191
10/26/2012,MHT,NH,ANE,EN,Towers with Radar,63,62,26,3,154,0,5,16,1,22,63,67,42,4,176,40,0,40,216
10/27/2012,MHT,NH,ANE,EN,Towers with Radar,51,44,17,7,119,0,2,11,0,13,51,46,28,7,132,0,0,0,132
10/28/2012,MHT,NH,ANE,EN,Towers with Radar,57,39,19,3,118,0,0,1,1,2,57,39,20,4,120,0,0,0,120
10/29/2012,MHT,NH,ANE,EN,Towers with Radar,11,7,3,2,23,0,0,0,0,0,11,7,3,2,23,0,0,0,23
10/30/2012,MHT,NH,ANE,EN,Towers with Radar,30,53,7,0,90,0,1,0,0,1,30,54,7,0,91,0,0,0,91
10/31/2012,MHT,NH,ANE,EN,Towers with Radar,55,55,11,6,127,0,2,4,0,6,55,57,15,6,133,26,0,26,159
11/01/2012,MHT,NH,ANE,EN,Towers with Radar,68,74,14,2,158,0,10,17,1,28,68,84,31,3,186,0,0,0,186
11/02/2012,MHT,NH,ANE,EN,Towers with Radar,62,58,13,9,142,0,2,22,1,25,62,60,35,10,167,0,12,12,179
11/03/2012,MHT,NH,ANE,EN,Towers with Radar,46,39,18,0,103,0,5,19,0,24,46,44,37,0,127,0,0,0,127
11/04/2012,MHT,NH,ANE,EN,Towers with Radar,52,37,8,1,98,0,1,14,9,24,52,38,22,10,122,32,0,32,154
11/05/2012,MHT,NH,ANE,EN,Towers with Radar,57,61,14,2,134,0,7,16,1,24,57,68,30,3,158,0,0,0,158
11/06/2012,MHT,NH,ANE,EN,Towers with Radar,59,73,13,0,145,0,1,27,1,29,59,74,40,1,174,10,0,10,184
11/07/2012,MHT,NH,ANE,EN,Towers with Radar,58,65,9,0,132,0,2,3,0,5,58,67,12,0,137,0,0,0,137
11/08/2012,MHT,NH,ANE,EN,Towers with Radar,64,75,13,0,152,0,0,0,0,0,64,75,13,0,152,0,0,0,152
11/09/2012,MHT,NH,ANE,EN,Towers with Radar,58,59,12,0,129,0,2,11,0,13,58,61,23,0,142,18,0,18,160
11/10/2012,MHT,NH,ANE,EN,Towers with Radar,48,33,5,0,86,0,7,19,0,26,48,40,24,0,112,10,0,10,122
11/11/2012,MHT,NH,ANE,EN,Towers with Radar,51,36,13,0,100,0,3,28,2,33,51,39,41,2,133,2,0,2,135
11/12/2012,MHT,NH,ANE,EN,Towers with Radar,50,63,14,0,127,0,12,25,1,38,50,75,39,1,165,0,0,0,165
11/13/2012,MHT,NH,ANE,EN,Towers with Radar,67,75,12,0,154,0,1,1,1,3,67,76,13,1,157,20,0,20,177
11/14/2012,MHT,NH,ANE,EN,Towers with Radar,63,72,23,2,160,0,4,21,4,29,63,76,44,6,189,0,0,0,189
11/15/2012,MHT,NH,ANE,EN,Towers with Radar,64,78,11,3,156,0,5,16,1,22,64,83,27,4,178,0,0,0,178
11/16/2012,MHT,NH,ANE,EN,Towers with Radar,60,62,11,0,133,0,3,14,0,17,60,65,25,0,150,0,0,0,150
11/17/2012,MHT,NH,ANE,EN,Towers with Radar,49,27,16,0,92,0,4,24,0,28,49,31,40,0,120,0,0,0,120
11/18/2012,MHT,NH,ANE,EN,Towers with Radar,51,31,8,0,90,0,7,31,0,38,51,38,39,0,128,6,0,6,134
11/19/2012,MHT,NH,ANE,EN,Towers with Radar,57,51,11,1,120,0,3,11,0,14,57,54,22,1,134,4,0,4,138
11/20/2012,MHT,NH,ANE,EN,Towers with Radar,65,79,14,4,162,0,7,24,0,31,65,86,38,4,193,2,0,2,195
11/21/2012,MHT,NH,ANE,EN,Towers with Radar,66,80,13,0,159,0,7,21,0,28,66,87,34,0,187,2,0,2,189
11/22/2012,MHT,NH,ANE,EN,Towers with Radar,37,22,2,0,61,0,2,9,0,11,37,24,11,0,72,0,0,0,72
11/23/2012,MHT,NH,ANE,EN,Towers with Radar,45,38,16,0,99,0,8,20,0,28,45,46,36,0,127,0,0,0,127
11/24/2012,MHT,NH,ANE,EN,Towers with Radar,56,52,8,0,116,0,7,9,0,16,56,59,17,0,132,4,0,4,136
11/25/2012,MHT,NH,ANE,EN,Towers with Radar,61,46,17,0,124,0,5,16,0,21,61,51,33,0,145,2,0,2,147
11/26/2012,MHT,NH,ANE,EN,Towers with Radar,62,60,13,8,143,0,1,11,2,14,62,61,24,10,157,0,0,0,157
11/27/2012,MHT,NH,ANE,EN,Towers with Radar,63,69,3,9,144,0,2,3,1,6,63,71,6,10,150,0,0,0,150
11/28/2012,MHT,NH,ANE,EN,Towers with Radar,60,78,7,27,172,0,8,7,1,16,60,86,14,28,188,10,8,18,206
11/29/2012,MHT,NH,ANE,EN,Towers with Radar,63,68,17,2,150,0,5,15,0,20,63,73,32,2,170,0,0,0,170
11/30/2012,MHT,NH,ANE,EN,Towers with Radar,59,62,8,4,133,0,2,11,2,15,59,64,19,6,148,34,8,42,190
12/01/2012,MHT,NH,ANE,EN,Towers with Radar,50,26,3,0,79,0,0,0,0,0,50,26,3,0,79,0,0,0,79
12/02/2012,MHT,NH,ANE,EN,Towers with Radar,47,32,5,0,84,0,0,0,0,0,47,32,5,0,84,0,0,0,84
12/03/2012,MHT,NH,ANE,EN,Towers with Radar,54,57,15,0,126,0,2,19,0,21,54,59,34,0,147,4,0,4,151
12/04/2012,MHT,NH,ANE,EN,Towers with Radar,68,67,7,0,142,0,0,1,0,1,68,67,8,0,143,0,0,0,143
12/05/2012,MHT,NH,ANE,EN,Towers with Radar,58,80,9,8,155,0,8,14,1,23,58,88,23,9,178,8,0,8,186
12/06/2012,MHT,NH,ANE,EN,Towers with Radar,66,72,12,0,150,0,4,24,1,29,66,76,36,1,179,0,0,0,179
12/07/2012,MHT,NH,ANE,EN,Towers with Radar,63,60,14,0,137,0,2,17,0,19,63,62,31,0,156,0,0,0,156
12/08/2012,MHT,NH,ANE,EN,Towers with Radar,49,29,3,0,81,0,0,0,0,0,49,29,3,0,81,0,0,0,81
12/09/2012,MHT,NH,ANE,EN,Towers with Radar,52,37,15,0,104,0,2,21,0,23,52,39,36,0,127,46,0,46,173
12/10/2012,MHT,NH,ANE,EN,Towers with Radar,49,46,5,0,100,0,0,0,0,0,49,46,5,0,100,0,0,0,100
12/11/2012,MHT,NH,ANE,EN,Towers with Radar,70,84,17,4,175,0,7,25,0,32,70,91,42,4,207,0,0,0,207
12/12/2012,MHT,NH,ANE,EN,Towers with Radar,66,74,11,7,158,0,8,20,3,31,66,82,31,10,189,8,6,14,203
12/13/2012,MHT,NH,ANE,EN,Towers with Radar,68,77,26,4,175,0,5,16,0,21,68,82,42,4,196,6,0,6,202
12/14/2012,MHT,NH,ANE,EN,Towers with Radar,67,58,11,0,136,0,8,26,0,34,67,66,37,0,170,4,0,4,174
12/15/2012,MHT,NH,ANE,EN,Towers with Radar,50,35,4,0,89,0,7,54,1,62,50,42,58,1,151,36,0,36,187
12/16/2012,MHT,NH,ANE,EN,Towers with Radar,52,32,4,0,88,0,4,0,0,4,52,36,4,0,92,0,0,0,92
12/17/2012,MHT,NH,ANE,EN,Towers with Radar,54,51,8,0,113,0,0,0,0,0,54,51,8,0,113,0,0,0,113
12/18/2012,MHT,NH,ANE,EN,Towers with Radar,72,81,17,4,174,0,0,0,0,0,72,81,17,4,174,0,0,0,174
12/19/2012,MHT,NH,ANE,EN,Towers with Radar,67,78,15,7,167,0,5,8,1,14,67,83,23,8,181,24,0,24,205
12/20/2012,MHT,NH,ANE,EN,Towers with Radar,69,77,18,0,164,0,2,10,0,12,69,79,28,0,176,0,0,0,176
12/21/2012,MHT,NH,ANE,EN,Towers with Radar,67,54,6,0,127,0,0,0,0,0,67,54,6,0,127,0,0,0,127
12/22/2012,MHT,NH,ANE,EN,Towers with Radar,62,41,13,0,116,0,2,5,1,8,62,43,18,1,124,0,0,0,124
12/23/2012,MHT,NH,ANE,EN,Towers with Radar,57,35,4,0,96,0,6,7,0,13,57,41,11,0,109,4,0,4,113
12/24/2012,MHT,NH,ANE,EN,Towers with Radar,46,42,3,0,91,0,2,8,0,10,46,44,11,0,101,2,0,2,103
12/25/2012,MHT,NH,ANE,EN,Towers with Radar,38,35,0,0,73,0,3,1,0,4,38,38,1,0,77,0,0,0,77
12/26/2012,MHT,NH,ANE,EN,Towers with Radar,55,59,17,0,131,0,8,11,0,19,55,67,28,0,150,0,0,0,150
12/27/2012,MHT,NH,ANE,EN,Towers with Radar,64,64,4,0,132,0,0,0,0,0,64,64,4,0,132,0,0,0,132
12/28/2012,MHT,NH,ANE,EN,Towers with Radar,57,65,11,0,133,0,6,17,1,24,57,71,28,1,157,4,0,4,161
12/29/2012,MHT,NH,ANE,EN,Towers with Radar,46,37,8,0,91,0,0,0,0,0,46,37,8,0,91,0,0,0,91
12/30/2012,MHT,NH,ANE,EN,Towers with Radar,49,35,10,0,94,0,0,5,0,5,49,35,15,0,99,4,0,4,103
12/31/2012,MHT,NH,ANE,EN,Towers with Radar,48,40,8,0,96,0,7,6,2,15,48,47,14,2,111,0,0,0,111
01/01/2013,MHT,NH,ANE,EN,Towers with Radar,41,32,4,0,77,0,2,1,1,4,41,34,5,1,81,0,0,0,81
01/02/2013,MHT,NH,ANE,EN,Towers with Radar,58,69,9,0,136,0,3,4,1,8,58,72,13,1,144,24,0,24,168
01/03/2013,MHT,NH,ANE,EN,Towers with Radar,63,75,12,5,155,0,2,3,0,5,63,77,15,5,160,4,0,4,164
01/04/2013,MHT,NH,ANE,EN,Towers with Radar,59,57,16,0,132,0,8,23,1,32,59,65,39,1,164,8,0,8,172
01/05/2013,MHT,NH,ANE,EN,Towers with Radar,46,26,10,0,82,0,6,14,0,20,46,32,24,0,102,6,0,6,108
01/06/2013,MHT,NH,ANE,EN,Towers with Radar,52,32,5,0,89,0,5,15,2,22,52,37,20,2,111,4,0,4,115
01/07/2013,MHT,NH,ANE,EN,Towers with Radar,53,47,12,0,112,0,5,16,2,23,53,52,28,2,135,0,0,0,135
01/08/2013,MHT,NH,ANE,EN,Towers with Radar,67,64,19,8,158,0,2,15,0,17,67,66,34,8,175,10,0,10,185
01/09/2013,MHT,NH,ANE,EN,Towers with Radar,66,61,21,0,148,0,4,14,2,20,66,65,35,2,168,12,0,12,180
01/10/2013,MHT,NH,ANE,EN,Towers with Radar,64,71,14,3,152,0,4,26,7,37,64,75,40,10,189,0,0,0,189
01/11/2013,MHT,NH,ANE,EN,Towers with Radar,56,52,12,0,120,0,4,8,0,12,56,56,20,0,132,6,0,6,138
01/12/2013,MHT,NH,ANE,EN,Towers with Radar,46,29,14,0,89,0,0,0,0,0,46,29,14,0,89,0,0,0,89
01/13/2013,MHT,NH,ANE,EN,Towers with Radar,43,13,14,0,70,0,0,0,0,0,43,13,14,0,70,0,0,0,70
01/14/2013,MHT,NH,ANE,EN,Towers with Radar,55,49,15,10,129,0,8,9,2,19,55,57,24,12,148,2,4,6,154
01/15/2013,MHT,NH,ANE,EN,Towers with Radar,66,71,14,6,157,0,6,10,0,16,66,77,24,6,173,6,0,6,179
01/16/2013,MHT,NH,ANE,EN,Towers with Radar,65,51,9,0,125,0,0,0,0,0,65,51,9,0,125,0,0,0,125
01/17/2013,MHT,NH,ANE,EN,Towers with Radar,65,60,14,10,149,0,3,12,0,15,65,63,26,10,164,2,4,6,170
01/18/2013,MHT,NH,ANE,EN,Towers with Radar,60,57,4,0,121,0,3,4,2,9,60,60,8,2,130,0,0,0,130
01/19/2013,MHT,NH,ANE,EN,Towers with Radar,43,26,4,0,73,0,4,15,0,19,43,30,19,0,92,12,0,12,104
01/20/2013,MHT,NH,ANE,EN,Towers with Radar,54,28,4,0,86,0,2,1,0,3,54,30,5,0,89,0,0,0,89
01/21/2013,MHT,NH,ANE,EN,Towers with Radar,59,51,12,0,122,0,3,11,1,15,59,54,23,1,137,4,0,4,141
01/22/2013,MHT,NH,ANE,EN,Towers with Radar,65,64,15,3,147,0,3,4,0,7,65,67,19,3,154,4,0,4,158
01/23/2013,MHT,NH,ANE,EN,Towers with Radar,66,59,6,0,131,0,10,7,0,17,66,69,13,0,148,4,0,4,152
01/24/2013,MHT,NH,ANE,EN,Towers with Radar,63,65,11,0,139,0,3,5,0,8,63,68,16,0,147,0,0,0,147
01/25/2013,MHT,NH,ANE,EN,Towers with Radar,59,55,6,0,120,0,4,10,0,14,59,59,16,0,134,6,0,6,140
01/26/2013,MHT,NH,ANE,EN,Towers with Radar,47,26,8,0,81,0,4,13,1,18,47,30,21,1,99,0,0,0,99
01/27/2013,MHT,NH,ANE,EN,Towers with Radar,51,22,8,0,81,0,5,10,0,15,51,27,18,0,96,0,0,0,96
01/28/2013,MHT,NH,ANE,EN,Towers with Radar,57,44,6,4,111,0,4,2,0,6,57,48,8,4,117,12,0,12,129
01/29/2013,MHT,NH,ANE,EN,Towers with Radar,64,61,8,8,141,0,1,5,1,7,64,62,13,9,148,6,0,6,154
01/30/2013,MHT,NH,ANE,EN,Towers with Radar,58,40,9,0,107,0,0,0,0,0,58,40,9,0,107,0,0,0,107
01/31/2013,MHT,NH,ANE,EN,Towers with Radar,68,55,10,2,135,0,4,1,0,5,68,59,11,2,140,0,0,0,140
02/01/2013,MHT,NH,ANE,EN,Towers with Radar,62,50,14,4,130,0,4,14,0,18,62,54,28,4,148,14,16,30,178
02/02/2013,MHT,NH,ANE,EN,Towers with Radar,42,26,16,0,84,0,2,16,0,18,42,28,32,0,102,32,0,32,134
02/03/2013,MHT,NH,ANE,EN,Towers with Radar,53,21,2,0,76,0,0,4,0,4,53,21,6,0,80,4,12,16,96
02/04/2013,MHT,NH,ANE,EN,Towers with Radar,55,50,4,2,111,0,4,9,0,13,55,54,13,2,124,4,0,4,128
02/05/2013,MHT,NH,ANE,EN,Towers with Radar,66,61,9,4,140,0,7,22,1,30,66,68,31,5,170,12,0,12,182
02/06/2013,MHT,NH,ANE,EN,Towers with Radar,64,56,13,0,133,0,2,13,0,15,64,58,26,0,148,12,0,12,160
02/07/2013,MHT,NH,ANE,EN,Towers with Radar,62,68,16,2,148,0,3,15,3,21,62,71,31,5,169,10,0,10,179
02/08/2013,MHT,NH,ANE,EN,Towers with Radar,33,21,5,0,59,0,0,0,0,0,33,21,5,0,59,0,0,0,59
02/09/2013,MHT,NH,ANE,EN,Towers with Radar,12,10,2,0,24,0,0,0,0,0,12,10,2,0,24,0,0,0,24
02/10/2013,MHT,NH,ANE,EN,Towers with Radar,51,27,3,0,81,0,3,14,0,17,51,30,17,0,98,24,0,24,122
02/11/2013,MHT,NH,ANE,EN,Towers with Radar,52,43,7,0,102,0,2,0,0,2,52,45,7,0,104,0,0,0,104
02/12/2013,MHT,NH,ANE,EN,Towers with Radar,66,58,8,3,135,0,2,13,0,15,66,60,21,3,150,22,0,22,172
02/13/2013,MHT,NH,ANE,EN,Towers with Radar,68,59,14,23,164,0,8,11,1,20,68,67,25,24,184,8,32,40,224
02/14/2013,MHT,NH,ANE,EN,Towers with Radar,74,69,14,0,157,0,4,12,0,16,74,73,26,0,173,6,0,6,179
02/15/2013,MHT,NH,ANE,EN,Towers with Radar,70,52,7,20,149,0,9,3,4,16,70,61,10,24,165,4,22,26,191
02/16/2013,MHT,NH,ANE,EN,Towers with Radar,47,37,8,0,92,0,2,6,0,8,47,39,14,0,100,0,0,0,100
02/17/2013,MHT,NH,ANE,EN,Towers with Radar,61,25,7,0,93,0,2,0,0,2,61,27,7,0,95,0,0,0,95
02/18/2013,MHT,NH,ANE,EN,Towers with Radar,67,40,2,0,109,0,0,0,2,2,67,40,2,2,111,0,2,2,113
02/19/2013,MHT,NH,ANE,EN,Towers with Radar,69,62,13,0,144,0,3,4,0,7,69,65,17,0,151,0,0,0,151
02/20/2013,MHT,NH,ANE,EN,Towers with Radar,73,65,8,0,146,0,3,10,2,15,73,68,18,2,161,2,0,2,163
02/21/2013,MHT,NH,ANE,EN,Towers with Radar,72,64,9,0,145,0,4,7,2,13,72,68,16,2,158,14,0,14,172
02/22/2013,MHT,NH,ANE,EN,Towers with Radar,69,55,17,4,145,0,7,12,3,22,69,62,29,7,167,2,0,2,169
02/23/2013,MHT,NH,ANE,EN,Towers with Radar,47,29,13,0,89,0,2,1,1,4,47,31,14,1,93,0,0,0,93
02/24/2013,MHT,NH,ANE,EN,Towers with Radar,56,35,1,0,92,0,0,0,0,0,56,35,1,0,92,0,0,0,92
02/25/2013,MHT,NH,ANE,EN,Towers with Radar,66,55,9,6,136,0,4,8,0,12,66,59,17,6,148,0,0,0,148
02/26/2013,MHT,NH,ANE,EN,Towers with Radar,69,67,11,2,149,0,2,23,0,25,69,69,34,2,174,36,0,36,210
02/27/2013,MHT,NH,ANE,EN,Towers with Radar,77,56,8,0,141,0,0,0,0,0,77,56,8,0,141,0,0,0,141
02/28/2013,MHT,NH,ANE,EN,Towers with Radar,75,70,8,6,159,0,0,4,0,4,75,70,12,6,163,8,0,8,171
03/01/2013,MHT,NH,ANE,EN,Towers with Radar,68,51,10,0,129,0,4,22,0,26,68,55,32,0,155,12,0,12,167
03/02/2013,MHT,NH,ANE,EN,Towers with Radar,48,43,12,0,103,0,0,6,0,6,48,43,18,0,109,0,0,0,109
03/03/2013,MHT,NH,ANE,EN,Towers with Radar,53,40,9,0,102,0,0,0,0,0,53,40,9,0,102,0,0,0,102
03/04/2013,MHT,NH,ANE,EN,Towers with Radar,59,60,8,0,127,0,4,8,0,12,59,64,16,0,139,6,0,6,145
03/05/2013,MHT,NH,ANE,EN,Towers with Radar,61,70,8,0,139,0,3,14,0,17,61,73,22,0,156,0,0,0,156
03/06/2013,MHT,NH,ANE,EN,Towers with Radar,60,65,4,0,129,0,0,0,0,0,60,65,4,0,129,0,0,0,129
03/07/2013,MHT,NH,ANE,EN,Towers with Radar,63,67,4,0,134,0,0,0,0,0,63,67,4,0,134,0,0,0,134
03/08/2013,MHT,NH,ANE,EN,Towers with Radar,60,57,11,0,128,0,0,2,2,4,60,57,13,2,132,0,0,0,132
03/09/2013,MHT,NH,ANE,EN,Towers with Radar,47,38,14,0,99,0,9,29,0,38,47,47,43,0,137,2,0,2,139
03/10/2013,MHT,NH,ANE,EN,Towers with Radar,49,52,4,0,105,0,3,25,2,30,49,55,29,2,135,18,0,18,153
03/11/2013,MHT,NH,ANE,EN,Towers with Radar,59,56,14,4,133,0,5,10,0,15,59,61,24,4,148,6,0,6,154
03/12/2013,MHT,NH,ANE,EN,Towers with Radar,64,68,12,2,146,0,0,0,0,0,64,68,12,2,146,0,0,0,146
03/13/2013,MHT,NH,ANE,EN,Towers with Radar,69,81,11,5,166,0,4,23,3,30,69,85,34,8,196,22,0,22,218
03/14/2013,MHT,NH,ANE,EN,Towers with Radar,63,73,14,4,154,0,3,15,3,21,63,76,29,7,175,2,16,18,193
03/15/2013,MHT,NH,ANE,EN,Towers with Radar,63,58,16,2,139,0,6,17,0,23,63,64,33,2,162,28,0,28,190
03/16/2013,MHT,NH,ANE,EN,Towers with Radar,51,36,13,0,100,0,5,17,1,23,51,41,30,1,123,0,0,0,123
03/17/2013,MHT,NH,ANE,EN,Towers with Radar,49,37,11,0,97,0,6,17,0,23,49,43,28,0,120,8,0,8,128
03/18/2013,MHT,NH,ANE,EN,Towers with Radar,58,59,13,0,130,0,8,15,0,23,58,67,28,0,153,16,0,16,169
03/19/2013,MHT,NH,ANE,EN,Towers with Radar,71,62,5,0,138,0,0,0,0,0,71,62,5,0,138,0,0,0,138
03/20/2013,MHT,NH,ANE,EN,Towers with Radar,65,69,7,0,141,0,2,9,0,11,65,71,16,0,152,0,0,0,152
03/21/2013,MHT,NH,ANE,EN,Towers with Radar,66,76,14,0,156,0,3,9,0,12,66,79,23,0,168,36,0,36,204
03/22/2013,MHT,NH,ANE,EN,Towers with Radar,62,62,9,2,135,0,4,11,3,18,62,66,20,5,153,0,0,0,153
03/23/2013,MHT,NH,ANE,EN,Towers with Radar,46,40,13,0,99,0,10,10,0,20,46,50,23,0,119,2,0,2,121
03/24/2013,MHT,NH,ANE,EN,Towers with Radar,50,41,10,0,101,0,3,23,0,26,50,44,33,0,127,30,0,30,157
03/25/2013,MHT,NH,ANE,EN,Towers with Radar,61,56,13,0,130,0,2,12,0,14,61,58,25,0,144,15,0,15,159
03/26/2013,MHT,NH,ANE,EN,Towers with Radar,67,73,14,0,154,0,0,18,0,18,67,73,32,0,172,42,0,42,214
03/27/2013,MHT,NH,ANE,EN,Towers with Radar,67,73,6,1,147,0,3,9,2,14,67,76,15,3,161,0,0,0,161
03/28/2013,MHT,NH,ANE,EN,Towers with Radar,67,77,8,0,152,0,8,12,0,20,67,85,20,0,172,0,0,0,172
03/29/2013,MHT,NH,ANE,EN,Towers with Radar,65,62,15,4,146,0,9,12,1,22,65,71,27,5,168,0,0,0,168
03/30/2013,MHT,NH,ANE,EN,Towers with Radar,52,33,15,0,100,0,5,31,0,36,52,38,46,0,136,0,0,0,136
03/31/2013,MHT,NH,ANE,EN,Towers with Radar,52,36,5,0,93,0,3,22,2,27,52,39,27,2,120,6,0,6,126
04/01/2013,MHT,NH,ANE,EN,Towers with Radar,58,55,15,4,132,0,4,7,0,11,58,59,22,4,143,0,0,0,143
04/02/2013,MHT,NH,ANE,EN,Towers with Radar,65,75,15,6,161,0,8,4,1,13,65,83,19,7,174,2,4,6,180
04/03/2013,MHT,NH,ANE,EN,Towers with Radar,65,62,9,7,143,0,10,7,1,18,65,72,16,8,161,8,0,8,169
04/04/2013,MHT,NH,ANE,EN,Towers with Radar,68,69,19,9,165,0,6,30,1,37,68,75,49,10,202,0,0,0,202
04/05/2013,MHT,NH,ANE,EN,Towers with Radar,62,55,16,5,138,0,14,9,1,24,62,69,25,6,162,2,4,6,168
04/06/2013,MHT,NH,ANE,EN,Towers with Radar,49,38,12,0,99,0,3,5,0,8,49,41,17,0,107,0,0,0,107
04/07/2013,MHT,NH,ANE,EN,Towers with Radar,52,45,6,0,103,0,8,16,5,29,52,53,22,5,132,0,0,0,132
04/08/2013,MHT,NH,ANE,EN,Towers with Radar,56,57,14,0,127,0,6,10,0,16,56,63,24,0,143,4,0,4,147
04/09/2013,MHT,NH,ANE,EN,Towers with Radar,64,71,10,10,155,0,5,10,0,15,64,76,20,10,170,16,0,16,186
04/10/2013,MHT,NH,ANE,EN,Towers with Radar,60,64,21,0,145,0,4,5,0,9,60,68,26,0,154,20,0,20,174
04/11/2013,MHT,NH,ANE,EN,Towers with Radar,68,79,13,2,162,0,0,9,0,9,68,79,22,2,171,2,0,2,173
04/12/2013,MHT,NH,ANE,EN,Towers with Radar,67,56,5,4,132,0,1,0,0,1,67,57,5,4,133,0,0,0,133
04/13/2013,MHT,NH,ANE,EN,Towers with Radar,46,46,12,0,104,0,1,1,0,2,46,47,13,0,106,0,0,0,106
04/14/2013,MHT,NH,ANE,EN,Towers with Radar,51,40,12,0,103,0,6,5,0,11,51,46,17,0,114,0,0,0,114
04/15/2013,MHT,NH,ANE,EN,Towers with Radar,56,57,13,0,126,0,8,17,1,26,56,65,30,1,152,2,0,2,154
04/16/2013,MHT,NH,ANE,EN,Towers with Radar,66,79,15,0,160,0,5,8,0,13,66,84,23,0,173,0,0,0,173
04/17/2013,MHT,NH,ANE,EN,Towers with Radar,61,70,19,2,152,0,1,21,0,22,61,71,40,2,174,14,12,26,200
04/18/2013,MHT,NH,ANE,EN,Towers with Radar,64,75,16,16,171,0,5,8,0,13,64,80,24,16,184,10,0,10,194
04/19/2013,MHT,NH,ANE,EN,Towers with Radar,60,62,11,14,147,0,1,2,0,3,60,63,13,14,150,0,0,0,150
04/20/2013,MHT,NH,ANE,EN,Towers with Radar,49,49,14,0,112,0,7,2,0,9,49,56,16,0,121,0,0,0,121
04/21/2013,MHT,NH,ANE,EN,Towers with Radar,51,40,24,0,115,0,5,16,1,22,51,45,40,1,137,0,8,8,145
04/22/2013,MHT,NH,ANE,EN,Towers with Radar,56,58,5,0,119,0,5,23,0,28,56,63,28,0,147,6,0,6,153
04/23/2013,MHT,NH,ANE,EN,Towers with Radar,64,67,18,0,149,0,0,1,0,1,64,67,19,0,150,0,0,0,150
04/24/2013,MHT,NH,ANE,EN,Towers with Radar,66,80,16,8,170,0,12,25,0,37,66,92,41,8,207,0,0,0,207
04/25/2013,MHT,NH,ANE,EN,Towers with Radar,67,75,16,1,159,0,8,14,4,26,67,83,30,5,185,6,14,20,205
04/26/2013,MHT,NH,ANE,EN,Towers with Radar,58,62,13,0,133,0,3,17,0,20,58,65,30,0,153,0,0,0,153
04/27/2013,MHT,NH,ANE,EN,Towers with Radar,46,45,16,0,107,0,6,28,0,34,46,51,44,0,141,0,0,0,141
04/28/2013,MHT,NH,ANE,EN,Towers with Radar,50,41,10,0,101,0,4,13,0,17,50,45,23,0,118,0,0,0,118
04/29/2013,MHT,NH,ANE,EN,Towers with Radar,59,59,15,0,133,0,3,17,1,21,59,62,32,1,154,8,0,8,162
04/30/2013,MHT,NH,ANE,EN,Towers with Radar,64,74,13,0,151,0,8,15,0,23,64,82,28,0,174,0,0,0,174
05/01/2013,MHT,NH,ANE,EN,Towers with Radar,62,69,7,0,138,0,10,8,2,20,62,79,15,2,158,0,0,0,158
05/02/2013,MHT,NH,ANE,EN,Towers with Radar,64,77,15,0,156,0,6,13,0,19,64,83,28,0,175,16,0,16,191
05/03/2013,MHT,NH,ANE,EN,Towers with Radar,61,60,13,0,134,0,12,24,0,36,61,72,37,0,170,16,0,16,186
05/04/2013,MHT,NH,ANE,EN,Towers with Radar,49,37,9,0,95,0,5,30,2,37,49,42,39,2,132,15,0,15,147
05/05/2013,MHT,NH,ANE,EN,Towers with Radar,52,44,16,0,112,0,4,25,1,30,52,48,41,1,142,0,0,0,142
05/06/2013,MHT,NH,ANE,EN,Towers with Radar,62,55,12,10,139,0,5,12,0,17,62,60,24,10,156,0,6,6,162
05/07/2013,MHT,NH,ANE,EN,Towers with Radar,69,70,14,0,153,0,8,20,0,28,69,78,34,0,181,18,0,18,199
05/08/2013,MHT,NH,ANE,EN,Towers with Radar,63,64,10,4,141,0,3,6,0,9,63,67,16,4,150,10,0,10,160
05/09/2013,MHT,NH,ANE,EN,Towers with Radar,74,75,6,0,155,0,0,1,0,1,74,75,7,0,156,0,0,0,156
05/10/2013,MHT,NH,ANE,EN,Towers with Radar,62,63,22,11,158,0,8,20,0,28,62,71,42,11,186,20,0,20,206
05/11/2013,MHT,NH,ANE,EN,Towers with Radar,54,46,6,0,106,0,1,1,0,2,54,47,7,0,108,0,0,0,108
05/12/2013,MHT,NH,ANE,EN,Towers with Radar,51,39,15,4,109,0,1,0,1,2,51,40,15,5,111,4,2,6,117
05/13/2013,MHT,NH,ANE,EN,Towers with Radar,60,70,10,5,145,0,7,13,1,21,60,77,23,6,166,6,6,12,178
05/14/2013,MHT,NH,ANE,EN,Towers with Radar,64,72,17,8,161,0,8,21,3,32,64,80,38,11,193,6,0,6,199
05/15/2013,MHT,NH,ANE,EN,Towers with Radar,66,73,13,3,155,0,2,16,1,19,66,75,29,4,174,4,0,4,178
05/16/2013,MHT,NH,ANE,EN,Towers with Radar,69,73,20,4,166,0,5,7,0,12,69,78,27,4,178,0,0,0,178
05/17/2013,MHT,NH,ANE,EN,Towers with Radar,62,64,17,6,149,0,3,23,2,28,62,67,40,8,177,0,0,0,177
05/18/2013,MHT,NH,ANE,EN,Towers with Radar,48,37,23,0,108,0,5,24,4,33,48,42,47,4,141,0,2,2,143
05/19/2013,MHT,NH,ANE,EN,Towers with Radar,49,44,14,0,107,0,1,6,4,11,49,45,20,4,118,0,0,0,118
05/20/2013,MHT,NH,ANE,EN,Towers with Radar,60,60,3,0,123,0,2,7,0,9,60,62,10,0,132,0,0,0,132
05/21/2013,MHT,NH,ANE,EN,Towers with Radar,69,78,23,2,172,0,3,5,0,8,69,81,28,2,180,10,0,10,190
05/22/2013,MHT,NH,ANE,EN,Towers with Radar,62,76,21,9,168,0,0,0,0,0,62,76,21,9,168,0,0,0,168
05/23/2013,MHT,NH,ANE,EN,Towers with Radar,62,70,13,0,145,0,0,2,0,2,62,70,15,0,147,0,0,0,147
05/24/2013,MHT,NH,ANE,EN,Towers with Radar,69,63,21,0,153,0,0,2,0,2,69,63,23,0,155,0,0,0,155
05/25/2013,MHT,NH,ANE,EN,Towers with Radar,45,34,13,0,92,0,0,0,0,0,45,34,13,0,92,0,0,0,92
05/26/2013,MHT,NH,ANE,EN,Towers with Radar,38,27,5,0,70,0,2,1,1,4,38,29,6,1,74,0,0,0,74
05/27/2013,MHT,NH,ANE,EN,Towers with Radar,52,39,15,0,106,0,5,20,1,26,52,44,35,1,132,0,0,0,132
05/28/2013,MHT,NH,ANE,EN,Towers with Radar,61,66,6,0,133,0,8,11,0,19,61,74,17,0,152,0,0,0,152
05/29/2013,MHT,NH,ANE,EN,Towers with Radar,67,66,19,0,152,0,1,0,0,1,67,67,19,0,153,0,0,0,153
05/30/2013,MHT,NH,ANE,EN,Towers with Radar,69,75,18,6,168,0,10,14,0,24,69,85,32,6,192,6,0,6,198
05/31/2013,MHT,NH,ANE,EN,Towers with Radar,69,59,18,0,146,0,6,38,0,44,69,65,56,0,190,0,0,0,190
06/01/2013,MHT,NH,ANE,EN,Towers with Radar,45,34,14,0,93,0,0,16,0,16,45,34,30,0,109,5,0,5,114
06/02/2013,MHT,NH,ANE,EN,Towers with Radar,50,41,13,0,104,0,0,12,0,12,50,41,25,0,116,0,0,0,116
06/03/2013,MHT,NH,ANE,EN,Towers with Radar,65,64,22,0,151,0,4,3,0,7,65,68,25,0,158,2,0,2,160
06/04/2013,MHT,NH,ANE,EN,Towers with Radar,70,86,8,4,168,0,9,13,0,22,70,95,21,4,190,0,0,0,190
06/05/2013,MHT,NH,ANE,EN,Towers with Radar,71,83,11,2,167,0,9,33,0,42,71,92,44,2,209,0,0,0,209
06/06/2013,MHT,NH,ANE,EN,Towers with Radar,67,81,17,8,173,0,3,13,0,16,67,84,30,8,189,8,18,26,215
06/07/2013,MHT,NH,ANE,EN,Towers with Radar,65,59,20,0,144,0,0,0,0,0,65,59,20,0,144,0,0,0,144
06/08/2013,MHT,NH,ANE,EN,Towers with Radar,61,37,10,0,108,0,4,7,0,11,61,41,17,0,119,0,0,0,119
06/09/2013,MHT,NH,ANE,EN,Towers with Radar,52,40,16,0,108,0,6,10,1,17,52,46,26,1,125,0,0,0,125
06/10/2013,MHT,NH,ANE,EN,Towers with Radar,65,56,8,3,132,0,5,15,4,24,65,61,23,7,156,6,10,16,172
06/11/2013,MHT,NH,ANE,EN,Towers with Radar,75,75,14,0,164,0,0,2,0,2,75,75,16,0,166,0,0,0,166
06/12/2013,MHT,NH,ANE,EN,Towers with Radar,74,70,16,0,160,0,4,6,1,11,74,74,22,1,171,24,0,24,195
06/13/2013,MHT,NH,ANE,EN,Towers with Radar,64,68,18,10,160,0,2,11,0,13,64,70,29,10,173,8,0,8,181
06/14/2013,MHT,NH,ANE,EN,Towers with Radar,74,65,21,0,160,0,10,12,0,22,74,75,33,0,182,0,0,0,182
06/15/2013,MHT,NH,ANE,EN,Towers with Radar,57,32,7,0,96,0,2,16,0,18,57,34,23,0,114,4,0,4,118
06/16/2013,MHT,NH,ANE,EN,Towers with Radar,56,35,5,0,96,0,7,10,0,17,56,42,15,0,113,8,0,8,121
06/17/2013,MHT,NH,ANE,EN,Towers with Radar,68,55,16,0,139,0,2,11,0,13,68,57,27,0,152,0,0,0,152
06/18/2013,MHT,NH,ANE,EN,Towers with Radar,73,65,18,4,160,0,4,8,1,13,73,69,26,5,173,2,4,6,179
06/19/2013,MHT,NH,ANE,EN,Towers with Radar,76,75,15,9,175,0,8,17,1,26,76,83,32,10,201,0,0,0,201
06/20/2013,MHT,NH,ANE,EN,Towers with Radar,75,81,24,5,185,0,9,19,1,29,75,90,43,6,214,0,6,6,220
06/21/2013,MHT,NH,ANE,EN,Towers with Radar,70,58,16,4,148,0,9,20,0,29,70,67,36,4,177,10,0,10,187
06/22/2013,MHT,NH,ANE,EN,Towers with Radar,60,46,13,0,119,0,5,17,0,22,60,51,30,0,141,0,0,0,141
06/23/2013,MHT,NH,ANE,EN,Towers with Radar,62,32,18,0,112,0,5,19,0,24,62,37,37,0,136,8,0,8,144
06/24/2013,MHT,NH,ANE,EN,Towers with Radar,65,54,13,0,132,0,4,3,0,7,65,58,16,0,139,0,0,0,139
06/25/2013,MHT,NH,ANE,EN,Towers with Radar,77,73,14,0,164,0,1,19,0,20,77,74,33,0,184,4,0,4,188
06/26/2013,MHT,NH,ANE,EN,Towers with Radar,66,70,19,8,163,0,1,7,0,8,66,71,26,8,171,0,0,0,171
06/27/2013,MHT,NH,ANE,EN,Towers with Radar,73,76,22,0,171,0,0,0,0,0,73,76,22,0,171,0,0,0,171
06/28/2013,MHT,NH,ANE,EN,Towers with Radar,72,61,17,0,150,0,0,0,0,0,72,61,17,0,150,0,0,0,150
06/29/2013,MHT,NH,ANE,EN,Towers with Radar,53,36,7,0,96,0,3,6,0,9,53,39,13,0,105,0,0,0,105
06/30/2013,MHT,NH,ANE,EN,Towers with Radar,58,34,11,0,103,0,7,13,0,20,58,41,24,0,123,0,0,0,123
07/01/2013,MHT,NH,ANE,EN,Towers with Radar,66,38,12,4,120,0,0,0,0,0,66,38,12,4,120,0,0,0,120
07/02/2013,MHT,NH,ANE,EN,Towers with Radar,74,56,10,16,156,0,0,8,0,8,74,56,18,16,164,0,0,0,164
07/03/2013,MHT,NH,ANE,EN,Towers with Radar,73,68,15,0,156,0,7,28,2,37,73,75,43,2,193,10,0,10,203
07/04/2013,MHT,NH,ANE,EN,Towers with Radar,41,30,4,0,75,0,13,13,0,26,41,43,17,0,101,6,0,6,107
07/05/2013,MHT,NH,ANE,EN,Towers with Radar,56,47,11,0,114,0,6,21,0,27,56,53,32,0,141,0,0,0,141
07/06/2013,MHT,NH,ANE,EN,Towers with Radar,51,40,10,0,101,0,12,42,1,55,51,52,52,1,156,0,0,0,156
07/07/2013,MHT,NH,ANE,EN,Towers with Radar,53,38,13,0,104,0,9,19,0,28,53,47,32,0,132,8,0,8,140
07/08/2013,MHT,NH,ANE,EN,Towers with Radar,66,63,9,0,138,0,0,7,0,7,66,63,16,0,145,0,0,0,145
07/09/2013,MHT,NH,ANE,EN,Towers with Radar,69,62,19,0,150,0,0,10,0,10,69,62,29,0,160,0,0,0,160
07/10/2013,MHT,NH,ANE,EN,Towers with Radar,76,72,25,4,177,0,0,0,0,0,76,72,25,4,177,0,0,0,177
07/11/2013,MHT,NH,ANE,EN,Towers with Radar,78,84,38,0,200,0,3,8,0,11,78,87,46,0,211,2,0,2,213
07/12/2013,MHT,NH,ANE,EN,Towers with Radar,67,70,12,5,154,0,9,16,0,25,67,79,28,5,179,0,0,0,179
07/13/2013,MHT,NH,ANE,EN,Towers with Radar,52,38,20,0,110,0,2,8,0,10,52,40,28,0,120,2,0,2,122
07/14/2013,MHT,NH,ANE,EN,Towers with Radar,59,39,23,0,121,0,1,8,0,9,59,40,31,0,130,34,0,34,164
07/15/2013,MHT,NH,ANE,EN,Towers with Radar,66,59,7,0,132,0,6,17,1,24,66,65,24,1,156,4,0,4,160
07/16/2013,MHT,NH,ANE,EN,Towers with Radar,72,73,10,7,162,0,6,31,0,37,72,79,41,7,199,4,8,12,211
07/17/2013,MHT,NH,ANE,EN,Towers with Radar,71,72,17,10,170,0,8,24,1,33,71,80,41,11,203,6,0,6,209
07/18/2013,MHT,NH,ANE,EN,Towers with Radar,68,72,10,23,173,0,2,13,2,17,68,74,23,25,190,2,2,4,194
07/19/2013,MHT,NH,ANE,EN,Towers with Radar,69,72,15,0,156,0,3,10,0,13,69,75,25,0,169,0,0,0,169
07/20/2013,MHT,NH,ANE,EN,Towers with Radar,53,40,10,0,103,0,6,15,0,21,53,46,25,0,124,0,0,0,124
07/21/2013,MHT,NH,ANE,EN,Towers with Radar,54,36,19,0,109,0,4,16,1,21,54,40,35,1,130,0,0,0,130
07/22/2013,MHT,NH,ANE,EN,Towers with Radar,68,57,9,0,134,0,0,3,0,3,68,57,12,0,137,0,0,0,137
07/23/2013,MHT,NH,ANE,EN,Towers with Radar,71,71,14,19,175,0,0,0,0,0,71,71,14,19,175,0,0,0,175
07/24/2013,MHT,NH,ANE,EN,Towers with Radar,74,71,25,0,170,0,4,20,0,24,74,75,45,0,194,14,0,14,208
07/25/2013,MHT,NH,ANE,EN,Towers with Radar,75,74,18,6,173,0,6,29,1,36,75,80,47,7,209,0,0,0,209
07/26/2013,MHT,NH,ANE,EN,Towers with Radar,71,66,26,0,163,0,2,5,0,7,71,68,31,0,170,0,0,0,170
07/27/2013,MHT,NH,ANE,EN,Towers with Radar,52,39,10,0,101,0,5,26,2,33,52,44,36,2,134,0,0,0,134
07/28/2013,MHT,NH,ANE,EN,Towers with Radar,53,38,12,0,103,0,2,6,0,8,53,40,18,0,111,0,0,0,111
07/29/2013,MHT,NH,ANE,EN,Towers with Radar,64,66,14,0,144,0,6,10,2,18,64,72,24,2,162,4,8,12,174
07/30/2013,MHT,NH,ANE,EN,Towers with Radar,72,70,24,8,174,0,6,30,3,39,72,76,54,11,213,16,0,16,229
07/31/2013,MHT,NH,ANE,EN,Towers with Radar,71,74,29,4,178,0,1,33,2,36,71,75,62,6,214,22,0,22,236
08/01/2013,MHT,NH,ANE,EN,Towers with Radar,68,67,20,9,164,0,9,8,0,17,68,76,28,9,181,4,0,4,185
08/02/2013,MHT,NH,ANE,EN,Towers with Radar,66,69,16,0,151,0,4,13,2,19,66,73,29,2,170,0,0,0,170
08/03/2013,MHT,NH,ANE,EN,Towers with Radar,53,38,7,5,103,0,8,9,2,19,53,46,16,7,122,0,0,0,122
08/04/2013,MHT,NH,ANE,EN,Towers with Radar,54,40,16,0,110,0,7,11,1,19,54,47,27,1,129,2,2,4,133
08/05/2013,MHT,NH,ANE,EN,Towers with Radar,65,60,12,10,147,0,6,23,4,33,65,66,35,14,180,2,4,6,186
08/06/2013,MHT,NH,ANE,EN,Towers with Radar,73,72,27,5,177,0,6,27,1,34,73,78,54,6,211,0,0,0,211
08/07/2013,MHT,NH,ANE,EN,Towers with Radar,70,66,15,4,155,0,10,12,1,23,70,76,27,5,178,34,0,34,212
08/08/2013,MHT,NH,ANE,EN,Towers with Radar,73,71,18,0,162,0,4,1,0,5,73,75,19,0,167,12,0,12,179
08/09/2013,MHT,NH,ANE,EN,Towers with Radar,67,64,7,0,138,0,0,0,0,0,67,64,7,0,138,0,0,0,138
08/10/2013,MHT,NH,ANE,EN,Towers with Radar,53,39,11,1,104,0,5,26,0,31,53,44,37,1,135,32,0,32,167
08/11/2013,MHT,NH,ANE,EN,Towers with Radar,51,41,17,0,109,0,5,15,1,21,51,46,32,1,130,0,0,0,130
08/12/2013,MHT,NH,ANE,EN,Towers with Radar,62,54,13,3,132,0,10,8,1,19,62,64,21,4,151,0,4,4,155
08/13/2013,MHT,NH,ANE,EN,Towers with Radar,67,61,19,0,147,0,1,4,0,5,67,62,23,0,152,0,0,0,152
08/14/2013,MHT,NH,ANE,EN,Towers with Radar,72,69,16,0,157,0,4,19,4,27,72,73,35,4,184,0,8,8,192
08/15/2013,MHT,NH,ANE,EN,Towers with Radar,70,78,28,0,176,0,7,25,0,32,70,85,53,0,208,0,0,0,208
08/16/2013,MHT,NH,ANE,EN,Towers with Radar,64,59,13,4,140,0,3,21,0,24,64,62,34,4,164,0,0,0,164
08/17/2013,MHT,NH,ANE,EN,Towers with Radar,48,41,13,0,102,0,9,28,2,39,48,50,41,2,141,2,0,2,143
08/18/2013,MHT,NH,ANE,EN,Towers with Radar,57,37,12,0,106,0,16,16,0,32,57,53,28,0,138,10,0,10,148
08/19/2013,MHT,NH,ANE,EN,Towers with Radar,62,52,21,0,135,0,3,35,2,40,62,55,56,2,175,16,0,16,191
08/20/2013,MHT,NH,ANE,EN,Towers with Radar,69,68,28,13,178,0,5,25,1,31,69,73,53,14,209,2,2,4,213
08/21/2013,MHT,NH,ANE,EN,Towers with Radar,67,62,14,9,152,0,15,32,1,48,67,77,46,10,200,2,6,8,208
08/22/2013,MHT,NH,ANE,EN,Towers with Radar,66,66,18,4,154,0,4,23,1,28,66,70,41,5,182,10,0,10,192
08/23/2013,MHT,NH,ANE,EN,Towers with Radar,68,58,11,1,138,0,4,34,1,39,68,62,45,2,177,0,0,0,177
08/24/2013,MHT,NH,ANE,EN,Towers with Radar,46,37,9,0,92,0,10,56,0,66,46,47,65,0,158,0,0,0,158
08/25/2013,MHT,NH,ANE,EN,Towers with Radar,53,31,16,0,100,0,6,41,1,48,53,37,57,1,148,20,0,20,168
08/26/2013,MHT,NH,ANE,EN,Towers with Radar,62,57,15,0,134,0,5,7,2,14,62,62,22,2,148,0,4,4,152
08/27/2013,MHT,NH,ANE,EN,Towers with Radar,68,67,27,0,162,0,4,12,0,16,68,71,39,0,178,4,0,4,182
08/28/2013,MHT,NH,ANE,EN,Towers with Radar,71,75,18,0,164,0,4,23,6,33,71,79,41,6,197,14,0,14,211
08/29/2013,MHT,NH,ANE,EN,Towers with Radar,64,67,29,8,168,0,0,7,0,7,64,67,36,8,175,0,0,0,175
08/30/2013,MHT,NH,ANE,EN,Towers with Radar,67,61,38,5,171,0,7,37,1,45,67,68,75,6,216,30,0,30,246
08/31/2013,MHT,NH,ANE,EN,Towers with Radar,41,33,11,0,85,0,0,1,1,2,41,33,12,1,87,16,0,16,103
09/01/2013,MHT,NH,ANE,EN,Towers with Radar,39,22,13,0,74,0,0,8,0,8,39,22,21,0,82,0,0,0,82
09/02/2013,MHT,NH,ANE,EN,Towers with Radar,50,37,10,0,97,0,0,3,0,3,50,37,13,0,100,0,0,0,100
09/03/2013,MHT,NH,ANE,EN,Towers with Radar,63,62,18,0,143,0,3,16,0,19,63,65,34,0,162,0,0,0,162
09/04/2013,MHT,NH,ANE,EN,Towers with Radar,68,68,12,10,158,0,9,21,0,30,68,77,33,10,188,2,0,2,190
09/05/2013,MHT,NH,ANE,EN,Towers with Radar,72,72,14,2,160,0,1,9,1,11,72,73,23,3,171,4,0,4,175
09/06/2013,MHT,NH,ANE,EN,Towers with Radar,66,57,6,0,129,0,3,19,0,22,66,60,25,0,151,0,0,0,151
09/07/2013,MHT,NH,ANE,EN,Towers with Radar,44,32,8,0,84,0,6,21,0,27,44,38,29,0,111,26,0,26,137
09/08/2013,MHT,NH,ANE,EN,Towers with Radar,57,37,3,0,97,0,4,5,1,10,57,41,8,1,107,2,0,2,109
09/09/2013,MHT,NH,ANE,EN,Towers with Radar,58,58,19,0,135,0,7,16,1,24,58,65,35,1,159,2,0,2,161
09/10/2013,MHT,NH,ANE,EN,Towers with Radar,67,64,24,0,155,0,0,9,0,9,67,64,33,0,164,6,0,6,170
09/11/2013,MHT,NH,ANE,EN,Towers with Radar,65,69,13,0,147,0,3,18,3,24,65,72,31,3,171,0,0,0,171
09/12/2013,MHT,NH,ANE,EN,Towers with Radar,59,68,14,0,141,0,0,3,0,3,59,68,17,0,144,0,0,0,144
09/13/2013,MHT,NH,ANE,EN,Towers with Radar,70,66,18,8,162,0,2,4,0,6,70,68,22,8,168,0,0,0,168
09/14/2013,MHT,NH,ANE,EN,Towers with Radar,44,31,17,0,92,0,7,16,3,26,44,38,33,3,118,0,0,0,118
09/15/2013,MHT,NH,ANE,EN,Towers with Radar,57,34,15,2,108,0,7,27,1,35,57,41,42,3,143,22,0,22,165
09/16/2013,MHT,NH,ANE,EN,Towers with Radar,59,60,25,13,157,0,3,35,3,41,59,63,60,16,198,12,8,20,218
09/17/2013,MHT,NH,ANE,EN,Towers with Radar,81,67,13,0,161,0,5,33,0,38,81,72,46,0,199,4,0,4,203
09/18/2013,MHT,NH,ANE,EN,Towers with Radar,69,79,15,8,171,0,10,30,2,42,69,89,45,10,213,2,10,12,225
09/19/2013,MHT,NH,ANE,EN,Towers with Radar,67,72,24,0,163,0,10,23,0,33,67,82,47,0,196,0,0,0,196
09/20/2013,MHT,NH,ANE,EN,Towers with Radar,68,61,9,0,138,0,2,23,0,25,68,63,32,0,163,0,0,0,163
09/21/2013,MHT,NH,ANE,EN,Towers with Radar,45,34,17,0,96,0,2,2,0,4,45,36,19,0,100,0,0,0,100
09/22/2013,MHT,NH,ANE,EN,Towers with Radar,60,41,35,0,136,0,7,18,0,25,60,48,53,0,161,0,0,0,161
09/23/2013,MHT,NH,ANE,EN,Towers with Radar,62,58,12,8,140,0,3,17,0,20,62,61,29,8,160,8,0,8,168
09/24/2013,MHT,NH,ANE,EN,Towers with Radar,68,70,11,4,153,0,8,32,2,42,68,78,43,6,195,2,4,6,201
09/25/2013,MHT,NH,ANE,EN,Towers with Radar,68,67,17,0,152,0,7,20,1,28,68,74,37,1,180,2,0,2,182
09/26/2013,MHT,NH,ANE,EN,Towers with Radar,66,75,18,1,160,0,6,30,2,38,66,81,48,3,198,12,0,12,210
09/27/2013,MHT,NH,ANE,EN,Towers with Radar,63,67,18,0,148,0,7,16,0,23,63,74,34,0,171,6,0,6,177
09/28/2013,MHT,NH,ANE,EN,Towers with Radar,41,39,4,0,84,0,6,23,1,30,41,45,27,1,114,2,0,2,116
09/29/2013,MHT,NH,ANE,EN,Towers with Radar,54,40,10,0,104,0,6,25,0,31,54,46,35,0,135,0,0,0,135
09/30/2013,MHT,NH,ANE,EN,Towers with Radar,59,55,8,0,122,0,5,13,0,18,59,60,21,0,140,4,0,4,144
10/01/2013,MHT,NH,ANE,EN,Towers with Radar,67,68,17,9,161,0,2,30,0,32,67,70,47,9,193,0,0,0,193
10/02/2013,MHT,NH,ANE,EN,Towers with Radar,66,83,17,0,166,0,9,29,0,38,66,92,46,0,204,2,0,2,206
10/03/2013,MHT,NH,ANE,EN,Towers with Radar,65,69,12,0,146,0,1,31,0,32,65,70,43,0,178,4,0,4,182
10/04/2013,MHT,NH,ANE,EN,Towers with Radar,65,68,25,8,166,0,1,10,0,11,65,69,35,8,177,0,0,0,177
10/05/2013,MHT,NH,ANE,EN,Towers with Radar,47,51,21,0,119,0,6,14,0,20,47,57,35,0,139,0,0,0,139
10/06/2013,MHT,NH,ANE,EN,Towers with Radar,52,37,22,0,111,0,1,0,1,2,52,38,22,1,113,0,0,0,113
10/07/2013,MHT,NH,ANE,EN,Towers with Radar,57,59,17,0,133,0,4,0,0,4,57,63,17,0,137,2,0,2,139
10/08/2013,MHT,NH,ANE,EN,Towers with Radar,66,66,9,11,152,0,10,16,0,26,66,76,25,11,178,0,10,10,188
10/09/2013,MHT,NH,ANE,EN,Towers with Radar,70,62,12,0,144,0,4,21,1,26,70,66,33,1,170,6,0,6,176
10/10/2013,MHT,NH,ANE,EN,Towers with Radar,62,69,11,5,147,0,1,32,2,35,62,70,43,7,182,6,2,8,190
10/11/2013,MHT,NH,ANE,EN,Towers with Radar,65,58,19,0,142,0,7,22,0,29,65,65,41,0,171,0,0,0,171
10/12/2013,MHT,NH,ANE,EN,Towers with Radar,50,45,29,0,124,0,0,0,0,0,50,45,29,0,124,0,0,0,124
10/13/2013,MHT,NH,ANE,EN,Towers with Radar,51,33,11,0,95,0,1,15,0,16,51,34,26,0,111,6,0,6,117
10/14/2013,MHT,NH,ANE,EN,Towers with Radar,60,58,20,0,138,0,1,20,0,21,60,59,40,0,159,0,0,0,159
10/15/2013,MHT,NH,ANE,EN,Towers with Radar,66,72,10,0,148,0,4,19,1,24,66,76,29,1,172,6,0,6,178
10/16/2013,MHT,NH,ANE,EN,Towers with Radar,67,71,22,2,162,0,5,10,2,17,67,76,32,4,179,0,0,0,179
10/17/2013,MHT,NH,ANE,EN,Towers with Radar,66,77,13,0,156,0,2,13,0,15,66,79,26,0,171,6,0,6,177
10/18/2013,MHT,NH,ANE,EN,Towers with Radar,64,61,17,0,142,0,7,18,2,27,64,68,35,2,169,0,0,0,169
10/19/2013,MHT,NH,ANE,EN,Towers with Radar,46,46,9,0,101,0,7,36,2,45,46,53,45,2,146,0,0,0,146
10/20/2013,MHT,NH,ANE,EN,Towers with Radar,52,38,8,0,98,0,4,17,1,22,52,42,25,1,120,6,0,6,126
10/21/2013,MHT,NH,ANE,EN,Towers with Radar,60,54,22,0,136,0,9,22,0,31,60,63,44,0,167,12,0,12,179
10/22/2013,MHT,NH,ANE,EN,Towers with Radar,67,73,7,0,147,0,2,5,3,10,67,75,12,3,157,0,0,0,157
10/23/2013,MHT,NH,ANE,EN,Towers with Radar,64,64,18,0,146,0,4,6,1,11,64,68,24,1,157,0,0,0,157
10/24/2013,MHT,NH,ANE,EN,Towers with Radar,68,76,16,0,160,0,2,8,1,11,68,78,24,1,171,0,0,0,171
10/25/2013,MHT,NH,ANE,EN,Towers with Radar,65,64,13,1,143,0,7,23,0,30,65,71,36,1,173,0,0,0,173
10/26/2013,MHT,NH,ANE,EN,Towers with Radar,49,34,4,1,88,0,4,19,0,23,49,38,23,1,111,20,0,20,131
10/27/2013,MHT,NH,ANE,EN,Towers with Radar,51,39,16,0,106,0,4,13,0,17,51,43,29,0,123,2,0,2,125
10/28/2013,MHT,NH,ANE,EN,Towers with Radar,63,61,13,0,137,0,0,5,0,5,63,61,18,0,142,10,0,10,152
10/29/2013,MHT,NH,ANE,EN,Towers with Radar,66,68,15,2,151,0,5,17,0,22,66,73,32,2,173,14,0,14,187
10/30/2013,MHT,NH,ANE,EN,Towers with Radar,65,70,13,0,148,0,2,9,3,14,65,72,22,3,162,10,0,10,172
10/31/2013,MHT,NH,ANE,EN,Towers with Radar,66,59,13,0,138,0,0,2,0,2,66,59,15,0,140,0,0,0,140
11/01/2013,MHT,NH,ANE,EN,Towers with Radar,66,62,2,0,130,0,1,1,1,3,66,63,3,1,133,0,0,0,133
11/02/2013,MHT,NH,ANE,EN,Towers with Radar,45,45,8,0,98,0,7,56,0,63,45,52,64,0,161,0,0,0,161
11/03/2013,MHT,NH,ANE,EN,Towers with Radar,43,37,11,0,91,0,5,7,0,12,43,42,18,0,103,0,0,0,103
11/04/2013,MHT,NH,ANE,EN,Towers with Radar,55,55,13,0,123,0,3,27,1,31,55,58,40,1,154,6,0,6,160
11/05/2013,MHT,NH,ANE,EN,Towers with Radar,60,64,12,2,138,0,6,38,1,45,60,70,50,3,183,10,0,10,193
11/06/2013,MHT,NH,ANE,EN,Towers with Radar,60,65,18,0,143,0,4,35,0,39,60,69,53,0,182,10,0,10,192
11/07/2013,MHT,NH,ANE,EN,Towers with Radar,59,64,16,4,143,0,2,2,0,4,59,66,18,4,147,2,0,2,149
11/08/2013,MHT,NH,ANE,EN,Towers with Radar,58,54,11,0,123,0,0,10,0,10,58,54,21,0,133,12,0,12,145
11/09/2013,MHT,NH,ANE,EN,Towers with Radar,38,29,17,0,84,0,3,24,0,27,38,32,41,0,111,0,0,0,111
11/10/2013,MHT,NH,ANE,EN,Towers with Radar,46,30,25,0,101,0,2,17,0,19,46,32,42,0,120,8,0,8,128
11/11/2013,MHT,NH,ANE,EN,Towers with Radar,55,52,16,0,123,0,6,20,0,26,55,58,36,0,149,0,0,0,149
11/12/2013,MHT,NH,ANE,EN,Towers with Radar,61,64,14,0,139,0,3,17,1,21,61,67,31,1,160,0,0,0,160
11/13/2013,MHT,NH,ANE,EN,Towers with Radar,60,63,15,0,138,0,2,17,1,20,60,65,32,1,158,0,0,0,158
11/14/2013,MHT,NH,ANE,EN,Towers with Radar,60,77,4,0,141,0,4,27,0,31,60,81,31,0,172,8,0,8,180
11/15/2013,MHT,NH,ANE,EN,Towers with Radar,58,51,16,0,125,0,3,30,2,35,58,54,46,2,160,0,0,0,160
11/16/2013,MHT,NH,ANE,EN,Towers with Radar,39,37,19,0,95,0,5,43,1,49,39,42,62,1,144,0,0,0,144
11/17/2013,MHT,NH,ANE,EN,Towers with Radar,43,30,30,0,103,0,1,0,1,2,43,31,30,1,105,0,0,0,105
11/18/2013,MHT,NH,ANE,EN,Towers with Radar,55,52,8,0,115,0,8,2,0,10,55,60,10,0,125,0,0,0,125
11/19/2013,MHT,NH,ANE,EN,Towers with Radar,63,65,12,0,140,0,5,10,2,17,63,70,22,2,157,0,0,0,157
11/20/2013,MHT,NH,ANE,EN,Towers with Radar,61,67,16,9,153,0,5,23,4,32,61,72,39,13,185,0,0,0,185
11/21/2013,MHT,NH,ANE,EN,Towers with Radar,67,66,16,2,151,0,7,22,0,29,67,73,38,2,180,0,0,0,180
11/22/2013,MHT,NH,ANE,EN,Towers with Radar,62,57,18,0,137,0,0,1,0,1,62,57,19,0,138,0,0,0,138
11/23/2013,MHT,NH,ANE,EN,Towers with Radar,39,35,8,1,83,0,7,28,0,35,39,42,36,1,118,0,0,0,118
11/24/2013,MHT,NH,ANE,EN,Towers with Radar,47,24,8,1,80,0,1,4,0,5,47,25,12,1,85,0,0,0,85
11/25/2013,MHT,NH,ANE,EN,Towers with Radar,53,50,6,0,109,0,4,21,0,25,53,54,27,0,134,0,0,0,134
11/26/2013,MHT,NH,ANE,EN,Towers with Radar,67,82,21,0,170,0,6,16,0,22,67,88,37,0,192,8,0,8,200
11/27/2013,MHT,NH,ANE,EN,Towers with Radar,68,64,1,0,133,0,0,2,0,2,68,64,3,0,135,0,0,0,135
11/28/2013,MHT,NH,ANE,EN,Towers with Radar,32,18,3,0,53,0,7,4,0,11,32,25,7,0,64,0,0,0,64
11/29/2013,MHT,NH,ANE,EN,Towers with Radar,39,41,6,0,86,0,3,11,0,14,39,44,17,0,100,0,0,0,100
11/30/2013,MHT,NH,ANE,EN,Towers with Radar,54,39,17,0,110,0,6,23,0,29,54,45,40,0,139,0,0,0,139
12/01/2013,MHT,NH,ANE,EN,Towers with Radar,62,42,15,0,119,0,0,0,0,0,62,42,15,0,119,0,0,0,119
12/02/2013,MHT,NH,ANE,EN,Towers with Radar,58,62,12,0,132,0,0,0,0,0,58,62,12,0,132,0,0,0,132
12/03/2013,MHT,NH,ANE,EN,Towers with Radar,66,63,26,3,158,0,4,16,2,22,66,67,42,5,180,0,0,0,180
12/04/2013,MHT,NH,ANE,EN,Towers with Radar,56,63,14,1,134,0,4,30,0,34,56,67,44,1,168,6,0,6,174
12/05/2013,MHT,NH,ANE,EN,Towers with Radar,59,58,7,0,124,0,0,0,0,0,59,58,7,0,124,0,0,0,124
12/06/2013,MHT,NH,ANE,EN,Towers with Radar,55,54,18,0,127,0,2,8,0,10,55,56,26,0,137,0,0,0,137
12/07/2013,MHT,NH,ANE,EN,Towers with Radar,41,31,20,1,93,0,7,46,0,53,41,38,66,1,146,0,0,0,146
12/08/2013,MHT,NH,ANE,EN,Towers with Radar,40,19,9,0,68,0,8,18,0,26,40,27,27,0,94,12,0,12,106
12/09/2013,MHT,NH,ANE,EN,Towers with Radar,51,46,6,0,103,0,0,0,0,0,51,46,6,0,103,0,0,0,103
12/10/2013,MHT,NH,ANE,EN,Towers with Radar,61,57,10,0,128,0,0,1,0,1,61,57,11,0,129,0,0,0,129
12/11/2013,MHT,NH,ANE,EN,Towers with Radar,68,68,24,0,160,0,3,12,2,17,68,71,36,2,177,0,0,0,177
12/12/2013,MHT,NH,ANE,EN,Towers with Radar,63,64,15,4,146,0,8,12,3,23,63,72,27,7,169,0,0,0,169
12/13/2013,MHT,NH,ANE,EN,Towers with Radar,57,69,19,0,145,0,2,20,2,24,57,71,39,2,169,0,0,0,169
12/14/2013,MHT,NH,ANE,EN,Towers with Radar,37,19,11,0,67,0,0,11,0,11,37,19,22,0,78,0,0,0,78
12/15/2013,MHT,NH,ANE,EN,Towers with Radar,35,24,10,0,69,0,0,1,0,1,35,24,11,0,70,0,0,0,70
12/16/2013,MHT,NH,ANE,EN,Towers with Radar,52,50,9,0,111,0,6,21,2,29,52,56,30,2,140,0,4,4,144
12/17/2013,MHT,NH,ANE,EN,Towers with Radar,63,61,18,0,142,0,1,0,0,1,63,62,18,0,143,0,0,0,143
12/18/2013,MHT,NH,ANE,EN,Towers with Radar,69,70,36,7,182,0,4,9,1,14,69,74,45,8,196,2,0,2,198
12/19/2013,MHT,NH,ANE,EN,Towers with Radar,69,77,23,0,169,0,6,10,3,19,69,83,33,3,188,20,0,20,208
12/20/2013,MHT,NH,ANE,EN,Towers with Radar,72,89,10,0,171,0,5,19,0,24,72,94,29,0,195,0,0,0,195
12/21/2013,MHT,NH,ANE,EN,Towers with Radar,57,37,14,0,108,0,2,17,1,20,57,39,31,1,128,0,0,0,128
12/22/2013,MHT,NH,ANE,EN,Towers with Radar,50,35,3,0,88,0,0,0,0,0,50,35,3,0,88,0,0,0,88
12/23/2013,MHT,NH,ANE,EN,Towers with Radar,56,55,4,0,115,0,0,0,0,0,56,55,4,0,115,0,0,0,115
12/24/2013,MHT,NH,ANE,EN,Towers with Radar,61,78,9,2,150,0,2,5,0,7,61,80,14,2,157,8,0,8,165
12/25/2013,MHT,NH,ANE,EN,Towers with Radar,35,20,1,0,56,0,5,3,0,8,35,25,4,0,64,0,0,0,64
12/26/2013,MHT,NH,ANE,EN,Towers with Radar,58,62,6,0,126,0,3,1,0,4,58,65,7,0,130,2,0,2,132
12/27/2013,MHT,NH,ANE,EN,Towers with Radar,61,67,2,0,130,0,2,11,0,13,61,69,13,0,143,0,0,0,143
12/28/2013,MHT,NH,ANE,EN,Towers with Radar,47,31,11,0,89,0,6,33,0,39,47,37,44,0,128,0,0,0,128
12/29/2013,MHT,NH,ANE,EN,Towers with Radar,46,30,11,0,87,0,0,11,0,11,46,30,22,0,98,0,0,0,98
12/30/2013,MHT,NH,ANE,EN,Towers with Radar,53,57,7,0,117,0,6,10,0,16,53,63,17,0,133,8,0,8,141
12/31/2013,MHT,NH,ANE,EN,Towers with Radar,57,60,19,4,140,0,8,7,0,15,57,68,26,4,155,18,0,18,173
01/01/2014,MHT,NH,ANE,EN,Towers with Radar,43,20,8,0,71,0,4,15,1,20,43,24,23,1,91,0,0,0,91
01/02/2014,MHT,NH,ANE,EN,Towers with Radar,36,64,4,0,104,0,0,0,0,0,36,64,4,0,104,0,0,0,104
01/03/2014,MHT,NH,ANE,EN,Towers with Radar,41,33,7,0,81,0,4,2,0,6,41,37,9,0,87,0,0,0,87
01/04/2014,MHT,NH,ANE,EN,Towers with Radar,49,27,16,0,92,0,4,12,0,16,49,31,28,0,108,4,0,4,112
01/05/2014,MHT,NH,ANE,EN,Towers with Radar,37,20,13,0,70,0,4,11,1,16,37,24,24,1,86,0,0,0,86
01/06/2014,MHT,NH,ANE,EN,Towers with Radar,51,43,21,0,115,0,0,4,0,4,51,43,25,0,119,0,0,0,119
01/07/2014,MHT,NH,ANE,EN,Towers with Radar,46,55,3,0,104,0,4,4,2,10,46,59,7,2,114,0,0,0,114
01/08/2014,MHT,NH,ANE,EN,Towers with Radar,50,61,15,0,126,0,8,19,2,29,50,69,34,2,155,6,0,6,161
01/09/2014,MHT,NH,ANE,EN,Towers with Radar,55,57,19,0,131,0,3,22,2,27,55,60,41,2,158,2,0,2,160
01/10/2014,MHT,NH,ANE,EN,Towers with Radar,50,51,4,0,105,0,0,1,0,1,50,51,5,0,106,0,0,0,106
01/11/2014,MHT,NH,ANE,EN,Towers with Radar,38,21,5,0,64,0,0,0,0,0,38,21,5,0,64,0,0,0,64
01/12/2014,MHT,NH,ANE,EN,Towers with Radar,39,29,7,0,75,0,4,11,0,15,39,33,18,0,90,22,0,22,112
01/13/2014,MHT,NH,ANE,EN,Towers with Radar,46,49,16,6,117,0,3,11,1,15,46,52,27,7,132,16,6,22,154
01/14/2014,MHT,NH,ANE,EN,Towers with Radar,49,59,13,3,124,0,1,2,1,4,49,60,15,4,128,0,0,0,128
01/15/2014,MHT,NH,ANE,EN,Towers with Radar,51,54,19,10,134,0,16,31,0,47,51,70,50,10,181,0,0,0,181
01/16/2014,MHT,NH,ANE,EN,Towers with Radar,53,61,24,0,138,0,0,1,0,1,53,61,25,0,139,0,0,0,139
01/17/2014,MHT,NH,ANE,EN,Towers with Radar,47,55,14,0,116,0,4,24,0,28,47,59,38,0,144,0,0,0,144
01/18/2014,MHT,NH,ANE,EN,Towers with Radar,31,28,1,1,61,0,0,0,0,0,31,28,1,1,61,0,0,0,61
01/19/2014,MHT,NH,ANE,EN,Towers with Radar,44,32,3,0,79,0,2,0,0,2,44,34,3,0,81,0,0,0,81
01/20/2014,MHT,NH,ANE,EN,Towers with Radar,45,50,13,0,108,0,5,5,1,11,45,55,18,1,119,0,0,0,119
01/21/2014,MHT,NH,ANE,EN,Towers with Radar,44,52,16,1,113,0,4,12,0,16,44,56,28,1,129,0,0,0,129
01/22/2014,MHT,NH,ANE,EN,Towers with Radar,48,53,7,0,108,0,2,2,0,4,48,55,9,0,112,0,0,0,112
01/23/2014,MHT,NH,ANE,EN,Towers with Radar,56,58,16,0,130,0,6,3,4,13,56,64,19,4,143,4,0,4,147
01/24/2014,MHT,NH,ANE,EN,Towers with Radar,49,46,13,0,108,0,7,22,0,29,49,53,35,0,137,0,0,0,137
01/25/2014,MHT,NH,ANE,EN,Towers with Radar,31,17,4,0,52,0,2,4,0,6,31,19,8,0,58,0,0,0,58
01/26/2014,MHT,NH,ANE,EN,Towers with Radar,39,31,10,0,80,0,3,10,1,14,39,34,20,1,94,0,0,0,94
01/27/2014,MHT,NH,ANE,EN,Towers with Radar,43,44,7,0,94,0,5,0,0,5,43,49,7,0,99,2,0,2,101
01/28/2014,MHT,NH,ANE,EN,Towers with Radar,55,55,10,4,124,0,3,10,0,13,55,58,20,4,137,2,0,2,139
01/29/2014,MHT,NH,ANE,EN,Towers with Radar,53,56,6,0,115,0,9,26,0,35,53,65,32,0,150,6,0,6,156
01/30/2014,MHT,NH,ANE,EN,Towers with Radar,50,55,9,3,117,0,7,23,1,31,50,62,32,4,148,6,0,6,154
01/31/2014,MHT,NH,ANE,EN,Towers with Radar,50,52,14,0,116,0,8,20,0,28,50,60,34,0,144,6,0,6,150
02/01/2014,MHT,NH,ANE,EN,Towers with Radar,31,27,6,0,64,0,3,15,0,18,31,30,21,0,82,0,0,0,82
02/02/2014,MHT,NH,ANE,EN,Towers with Radar,38,26,10,0,74,0,0,7,0,7,38,26,17,0,81,0,0,0,81
02/03/2014,MHT,NH,ANE,EN,Towers with Radar,44,29,11,0,84,0,2,4,0,6,44,31,15,0,90,0,0,0,90
02/04/2014,MHT,NH,ANE,EN,Towers with Radar,43,51,27,3,124,0,7,18,1,26,43,58,45,4,150,12,0,12,162
02/05/2014,MHT,NH,ANE,EN,Towers with Radar,29,37,3,0,69,0,0,0,0,0,29,37,3,0,69,0,0,0,69
02/06/2014,MHT,NH,ANE,EN,Towers with Radar,53,61,11,2,127,0,6,25,2,33,53,67,36,4,160,14,0,14,174
02/07/2014,MHT,NH,ANE,EN,Towers with Radar,51,52,10,2,115,0,15,23,0,38,51,67,33,2,153,10,0,10,163
02/08/2014,MHT,NH,ANE,EN,Towers with Radar,33,36,9,2,80,0,9,23,0,32,33,45,32,2,112,0,0,0,112
02/09/2014,MHT,NH,ANE,EN,Towers with Radar,36,26,4,2,68,0,4,6,2,12,36,30,10,4,80,0,0,0,80
02/10/2014,MHT,NH,ANE,EN,Towers with Radar,48,42,11,0,101,0,4,6,0,10,48,46,17,0,111,10,0,10,121
02/11/2014,MHT,NH,ANE,EN,Towers with Radar,53,61,20,0,134,0,6,10,3,19,53,67,30,3,153,2,0,2,155
02/12/2014,MHT,NH,ANE,EN,Towers with Radar,49,54,21,10,134,0,10,27,0,37,49,64,48,10,171,0,6,6,177
02/13/2014,MHT,NH,ANE,EN,Towers with Radar,22,28,3,0,53,0,0,0,0,0,22,28,3,0,53,0,0,0,53
02/14/2014,MHT,NH,ANE,EN,Towers with Radar,40,43,13,0,96,0,2,3,0,5,40,45,16,0,101,0,0,0,101
02/15/2014,MHT,NH,ANE,EN,Towers with Radar,45,27,6,0,78,0,4,0,0,4,45,31,6,0,82,0,0,0,82
02/16/2014,MHT,NH,ANE,EN,Towers with Radar,41,27,4,0,72,0,15,3,0,18,41,42,7,0,90,0,0,0,90
02/17/2014,MHT,NH,ANE,EN,Towers with Radar,46,49,8,1,104,0,4,7,2,13,46,53,15,3,117,2,0,2,119
02/18/2014,MHT,NH,ANE,EN,Towers with Radar,56,51,8,0,115,0,0,0,0,0,56,51,8,0,115,0,0,0,115
02/19/2014,MHT,NH,ANE,EN,Towers with Radar,52,71,14,3,140,0,1,7,1,9,52,72,21,4,149,0,0,0,149
02/20/2014,MHT,NH,ANE,EN,Towers with Radar,55,67,15,6,143,0,2,20,0,22,55,69,35,6,165,18,4,22,187
02/21/2014,MHT,NH,ANE,EN,Towers with Radar,57,47,10,4,118,0,0,0,0,0,57,47,10,4,118,0,0,0,118
02/22/2014,MHT,NH,ANE,EN,Towers with Radar,51,30,7,0,88,0,5,11,0,16,51,35,18,0,104,0,0,0,104
02/23/2014,MHT,NH,ANE,EN,Towers with Radar,48,29,10,0,87,0,6,11,1,18,48,35,21,1,105,14,0,14,119
02/24/2014,MHT,NH,ANE,EN,Towers with Radar,52,46,10,0,108,0,4,8,0,12,52,50,18,0,120,0,0,0,120
02/25/2014,MHT,NH,ANE,EN,Towers with Radar,57,57,12,9,135,0,2,14,4,20,57,59,26,13,155,2,4,6,161
02/26/2014,MHT,NH,ANE,EN,Towers with Radar,56,61,12,0,129,0,2,0,5,7,56,63,12,5,136,12,6,18,154
02/27/2014,MHT,NH,ANE,EN,Towers with Radar,54,65,4,2,125,0,2,9,1,12,54,67,13,3,137,0,0,0,137
02/28/2014,MHT,NH,ANE,EN,Towers with Radar,57,54,15,1,127,0,6,22,1,29,57,60,37,2,156,12,0,12,168
03/01/2014,MHT,NH,ANE,EN,Towers with Radar,48,27,9,0,84,0,6,23,0,29,48,33,32,0,113,28,0,28,141
03/02/2014,MHT,NH,ANE,EN,Towers with Radar,49,26,14,1,90,0,5,4,1,10,49,31,18,2,100,0,0,0,100
03/03/2014,MHT,NH,ANE,EN,Towers with Radar,40,41,9,6,96,0,2,5,1,8,40,43,14,7,104,0,0,0,104
03/04/2014,MHT,NH,ANE,EN,Towers with Radar,57,64,14,0,135,0,15,19,0,34,57,79,33,0,169,14,0,14,183
03/05/2014,MHT,NH,ANE,EN,Towers with Radar,56,77,16,0,149,0,0,4,2,6,56,77,20,2,155,0,0,0,155
03/06/2014,MHT,NH,ANE,EN,Towers with Radar,55,71,28,3,157,0,2,20,1,23,55,73,48,4,180,14,14,28,208
03/07/2014,MHT,NH,ANE,EN,Towers with Radar,52,66,16,1,135,0,9,20,1,30,52,75,36,2,165,10,0,10,175
03/08/2014,MHT,NH,ANE,EN,Towers with Radar,40,25,22,0,87,0,6,45,2,53,40,31,67,2,140,4,2,6,146
03/09/2014,MHT,NH,ANE,EN,Towers with Radar,45,35,4,0,84,0,14,38,0,52,45,49,42,0,136,0,0,0,136
03/10/2014,MHT,NH,ANE,EN,Towers with Radar,51,49,8,12,120,0,4,10,1,15,51,53,18,13,135,0,0,0,135
03/11/2014,MHT,NH,ANE,EN,Towers with Radar,57,64,9,0,130,0,5,14,0,19,57,69,23,0,149,8,0,8,157
03/12/2014,MHT,NH,ANE,EN,Towers with Radar,51,56,8,0,115,0,0,5,0,5,51,56,13,0,120,0,0,0,120
03/13/2014,MHT,NH,ANE,EN,Towers with Radar,49,65,11,0,125,0,2,1,0,3,49,67,12,0,128,0,0,0,128
03/14/2014,MHT,NH,ANE,EN,Towers with Radar,53,67,23,1,144,0,8,15,2,25,53,75,38,3,169,18,0,18,187
03/15/2014,MHT,NH,ANE,EN,Towers with Radar,47,26,11,0,84,0,3,5,2,10,47,29,16,2,94,0,0,0,94
03/16/2014,MHT,NH,ANE,EN,Towers with Radar,48,34,13,1,96,0,13,13,0,26,48,47,26,1,122,8,0,8,130
03/17/2014,MHT,NH,ANE,EN,Towers with Radar,52,48,15,12,127,0,2,19,0,21,52,50,34,12,148,12,0,12,160
03/18/2014,MHT,NH,ANE,EN,Towers with Radar,62,57,4,4,127,0,7,16,0,23,62,64,20,4,150,6,0,6,156
03/19/2014,MHT,NH,ANE,EN,Towers with Radar,52,75,17,8,152,0,4,18,4,26,52,79,35,12,178,0,4,4,182
03/20/2014,MHT,NH,ANE,EN,Towers with Radar,55,79,16,3,153,0,3,9,4,16,55,82,25,7,169,12,22,34,203
03/21/2014,MHT,NH,ANE,EN,Towers with Radar,51,64,11,1,127,0,7,14,3,24,51,71,25,4,151,25,0,25,176
03/22/2014,MHT,NH,ANE,EN,Towers with Radar,42,29,9,0,80,0,6,22,0,28,42,35,31,0,108,0,0,0,108
03/23/2014,MHT,NH,ANE,EN,Towers with Radar,47,31,8,0,86,0,0,23,0,23,47,31,31,0,109,0,0,0,109
03/24/2014,MHT,NH,ANE,EN,Towers with Radar,47,49,6,1,103,0,6,6,0,12,47,55,12,1,115,0,0,0,115
03/25/2014,MHT,NH,ANE,EN,Towers with Radar,55,58,20,4,137,0,3,12,7,22,55,61,32,11,159,8,0,8,167
03/26/2014,MHT,NH,ANE,EN,Towers with Radar,55,60,6,2,123,0,3,0,0,3,55,63,6,2,126,0,0,0,126
03/27/2014,MHT,NH,ANE,EN,Towers with Radar,54,67,11,2,134,0,3,4,1,8,54,70,15,3,142,0,0,0,142
03/28/2014,MHT,NH,ANE,EN,Towers with Radar,54,69,20,0,143,0,2,7,0,9,54,71,27,0,152,2,0,2,154
03/29/2014,MHT,NH,ANE,EN,Towers with Radar,41,25,8,0,74,0,2,10,1,13,41,27,18,1,87,0,0,0,87
03/30/2014,MHT,NH,ANE,EN,Towers with Radar,44,24,2,0,70,0,0,0,0,0,44,24,2,0,70,0,0,0,70
03/31/2014,MHT,NH,ANE,EN,Towers with Radar,50,55,8,2,115,0,6,1,0,7,50,61,9,2,122,0,4,4,126
04/01/2014,MHT,NH,ANE,EN,Towers with Radar,58,59,19,1,137,0,5,14,2,21,58,64,33,3,158,10,2,12,170
04/02/2014,MHT,NH,ANE,EN,Towers with Radar,55,61,16,0,132,0,6,9,0,15,55,67,25,0,147,8,0,8,155
04/03/2014,MHT,NH,ANE,EN,Towers with Radar,56,57,16,16,145,0,10,13,0,23,56,67,29,16,168,4,4,8,176
04/04/2014,MHT,NH,ANE,EN,Towers with Radar,54,55,16,0,125,0,5,22,3,30,54,60,38,3,155,10,0,10,165
04/05/2014,MHT,NH,ANE,EN,Towers with Radar,41,32,30,0,103,0,3,25,1,29,41,35,55,1,132,0,0,0,132
04/06/2014,MHT,NH,ANE,EN,Towers with Radar,44,31,20,0,95,0,0,27,0,27,44,31,47,0,122,14,0,14,136
04/07/2014,MHT,NH,ANE,EN,Towers with Radar,50,44,12,0,106,0,1,17,1,19,50,45,29,1,125,26,0,26,151
04/08/2014,MHT,NH,ANE,EN,Towers with Radar,61,62,17,0,140,0,3,2,0,5,61,65,19,0,145,0,0,0,145
04/09/2014,MHT,NH,ANE,EN,Towers with Radar,58,64,17,0,139,0,1,12,3,16,58,65,29,3,155,0,2,2,157
04/10/2014,MHT,NH,ANE,EN,Towers with Radar,61,65,9,6,141,0,7,15,5,27,61,72,24,11,168,4,6,10,178
04/11/2014,MHT,NH,ANE,EN,Towers with Radar,56,48,14,0,118,0,4,12,1,17,56,52,26,1,135,2,0,2,137
04/12/2014,MHT,NH,ANE,EN,Towers with Radar,48,29,15,0,92,0,4,24,1,29,48,33,39,1,121,2,0,2,123
04/13/2014,MHT,NH,ANE,EN,Towers with Radar,46,31,12,0,89,0,2,1,1,4,46,33,13,1,93,0,0,0,93
04/14/2014,MHT,NH,ANE,EN,Towers with Radar,58,45,18,3,124,0,2,4,0,6,58,47,22,3,130,0,0,0,130
04/15/2014,MHT,NH,ANE,EN,Towers with Radar,59,60,21,4,144,0,0,0,0,0,59,60,21,4,144,0,0,0,144
04/16/2014,MHT,NH,ANE,EN,Towers with Radar,62,72,19,0,153,0,12,30,0,42,62,84,49,0,195,10,0,10,205
04/17/2014,MHT,NH,ANE,EN,Towers with Radar,65,61,22,8,156,0,7,19,1,27,65,68,41,9,183,6,0,6,189
04/18/2014,MHT,NH,ANE,EN,Towers with Radar,61,54,11,5,131,0,2,13,1,16,61,56,24,6,147,22,0,22,169
04/19/2014,MHT,NH,ANE,EN,Towers with Radar,50,25,6,0,81,0,6,4,0,10,50,31,10,0,91,0,0,0,91
04/20/2014,MHT,NH,ANE,EN,Towers with Radar,48,27,4,0,79,0,5,15,0,20,48,32,19,0,99,0,0,0,99
04/21/2014,MHT,NH,ANE,EN,Towers with Radar,58,42,11,0,111,0,4,18,0,22,58,46,29,0,133,5,0,5,138
04/22/2014,MHT,NH,ANE,EN,Towers with Radar,63,58,13,4,138,0,9,20,0,29,63,67,33,4,167,0,0,0,167
04/23/2014,MHT,NH,ANE,EN,Towers with Radar,56,64,15,4,139,0,3,10,2,15,56,67,25,6,154,16,8,24,178
04/24/2014,MHT,NH,ANE,EN,Towers with Radar,66,65,7,0,138,0,8,4,3,15,66,73,11,3,153,8,2,10,163
04/25/2014,MHT,NH,ANE,EN,Towers with Radar,61,53,8,3,125,0,3,20,0,23,61,56,28,3,148,28,2,30,178
04/26/2014,MHT,NH,ANE,EN,Towers with Radar,53,23,7,6,89,0,0,0,1,1,53,23,7,7,90,0,0,0,90
04/27/2014,MHT,NH,ANE,EN,Towers with Radar,46,31,19,1,97,0,3,1,0,4,46,34,20,1,101,0,0,0,101
04/28/2014,MHT,NH,ANE,EN,Towers with Radar,66,47,18,0,131,0,7,20,0,27,66,54,38,0,158,24,0,24,182
04/29/2014,MHT,NH,ANE,EN,Towers with Radar,57,55,17,2,131,0,1,8,0,9,57,56,25,2,140,6,0,6,146
04/30/2014,MHT,NH,ANE,EN,Towers with Radar,62,60,2,0,124,0,0,3,0,3,62,60,5,0,127,0,0,0,127
05/01/2014,MHT,NH,ANE,EN,Towers with Radar,61,60,12,15,148,0,1,2,0,3,61,61,14,15,151,12,20,32,183
05/02/2014,MHT,NH,ANE,EN,Towers with Radar,56,58,4,2,120,0,4,15,0,19,56,62,19,2,139,14,0,14,153
05/03/2014,MHT,NH,ANE,EN,Towers with Radar,52,24,10,0,86,0,4,33,0,37,52,28,43,0,123,42,0,42,165
05/04/2014,MHT,NH,ANE,EN,Towers with Radar,49,33,11,0,93,0,0,11,0,11,49,33,22,0,104,26,0,26,130
05/05/2014,MHT,NH,ANE,EN,Towers with Radar,51,48,11,4,114,0,2,7,0,9,51,50,18,4,123,10,0,10,133
05/06/2014,MHT,NH,ANE,EN,Towers with Radar,59,56,13,0,128,0,6,20,0,26,59,62,33,0,154,0,0,0,154
05/07/2014,MHT,NH,ANE,EN,Towers with Radar,62,58,22,6,148,0,6,36,0,42,62,64,58,6,190,14,0,14,204
05/08/2014,MHT,NH,ANE,EN,Towers with Radar,61,66,16,0,143,0,4,24,1,29,61,70,40,1,172,14,0,14,186
05/09/2014,MHT,NH,ANE,EN,Towers with Radar,58,64,19,0,141,0,0,3,0,3,58,64,22,0,144,0,0,0,144
05/10/2014,MHT,NH,ANE,EN,Towers with Radar,53,23,16,0,92,0,2,2,0,4,53,25,18,0,96,20,0,20,116
05/11/2014,MHT,NH,ANE,EN,Towers with Radar,50,27,5,0,82,0,6,10,2,18,50,33,15,2,100,0,0,0,100
05/12/2014,MHT,NH,ANE,EN,Towers with Radar,53,49,18,0,120,0,7,25,2,34,53,56,43,2,154,2,0,2,156
05/13/2014,MHT,NH,ANE,EN,Towers with Radar,61,65,16,17,159,0,7,24,1,32,61,72,40,18,191,12,0,12,203
05/14/2014,MHT,NH,ANE,EN,Towers with Radar,59,62,24,0,145,0,7,13,2,22,59,69,37,2,167,0,0,0,167
05/15/2014,MHT,NH,ANE,EN,Towers with Radar,56,63,15,6,140,0,0,5,0,5,56,63,20,6,145,0,0,0,145
05/16/2014,MHT,NH,ANE,EN,Towers with Radar,59,68,15,0,142,0,0,0,0,0,59,68,15,0,142,10,0,10,152
05/17/2014,MHT,NH,ANE,EN,Towers with Radar,50,31,15,0,96,0,7,23,2,32,50,38,38,2,128,0,0,0,128
05/18/2014,MHT,NH,ANE,EN,Towers with Radar,49,28,19,0,96,0,8,17,3,28,49,36,36,3,124,0,0,0,124
05/19/2014,MHT,NH,ANE,EN,Towers with Radar,53,55,14,12,134,0,4,17,0,21,53,59,31,12,155,4,0,4,159
05/20/2014,MHT,NH,ANE,EN,Towers with Radar,62,64,19,2,147,0,9,25,1,35,62,73,44,3,182,0,0,0,182
05/21/2014,MHT,NH,ANE,EN,Towers with Radar,61,64,16,6,147,0,9,28,0,37,61,73,44,6,184,24,2,26,210
05/22/2014,MHT,NH,ANE,EN,Towers with Radar,59,66,15,8,148,0,1,6,0,7,59,67,21,8,155,0,0,0,155
05/23/2014,MHT,NH,ANE,EN,Towers with Radar,59,60,17,2,138,0,0,0,0,0,59,60,17,2,138,0,0,0,138
05/24/2014,MHT,NH,ANE,EN,Towers with Radar,41,23,6,0,70,0,0,2,0,2,41,23,8,0,72,0,0,0,72
05/25/2014,MHT,NH,ANE,EN,Towers with Radar,37,17,10,0,64,0,5,13,0,18,37,22,23,0,82,0,0,0,82
05/26/2014,MHT,NH,ANE,EN,Towers with Radar,45,39,7,0,91,0,4,1,0,5,45,43,8,0,96,0,0,0,96
05/27/2014,MHT,NH,ANE,EN,Towers with Radar,55,52,23,0,130,0,3,11,0,14,55,55,34,0,144,0,0,0,144
05/28/2014,MHT,NH,ANE,EN,Towers with Radar,66,63,13,4,146,0,0,0,0,0,66,63,13,4,146,0,0,0,146
05/29/2014,MHT,NH,ANE,EN,Towers with Radar,61,64,18,1,144,0,5,49,1,55,61,69,67,2,199,24,0,24,223
05/30/2014,MHT,NH,ANE,EN,Towers with Radar,58,60,16,1,135,0,3,22,0,25,58,63,38,1,160,4,0,4,164
05/31/2014,MHT,NH,ANE,EN,Towers with Radar,47,28,25,0,100,0,6,11,0,17,47,34,36,0,117,0,0,0,117
06/01/2014,MHT,NH,ANE,EN,Towers with Radar,48,33,3,0,84,0,4,21,0,25,48,37,24,0,109,4,0,4,113
06/02/2014,MHT,NH,ANE,EN,Towers with Radar,52,51,13,0,116,0,4,23,0,27,52,55,36,0,143,2,0,2,145
06/03/2014,MHT,NH,ANE,EN,Towers with Radar,61,59,18,0,138,0,0,15,0,15,61,59,33,0,153,0,0,0,153
06/04/2014,MHT,NH,ANE,EN,Towers with Radar,62,65,20,16,163,0,2,8,0,10,62,67,28,16,173,14,0,14,187
06/05/2014,MHT,NH,ANE,EN,Towers with Radar,71,74,17,0,162,0,0,3,0,3,71,74,20,0,165,0,0,0,165
06/06/2014,MHT,NH,ANE,EN,Towers with Radar,64,53,31,14,162,0,2,38,0,40,64,55,69,14,202,4,0,4,206
06/07/2014,MHT,NH,ANE,EN,Towers with Radar,52,24,8,0,84,0,8,38,0,46,52,32,46,0,130,0,0,0,130
06/08/2014,MHT,NH,ANE,EN,Towers with Radar,55,29,15,0,99,0,7,29,0,36,55,36,44,0,135,2,0,2,137
06/09/2014,MHT,NH,ANE,EN,Towers with Radar,60,47,6,0,113,0,5,7,0,12,60,52,13,0,125,22,0,22,147
06/10/2014,MHT,NH,ANE,EN,Towers with Radar,66,60,25,4,155,0,6,13,0,19,66,66,38,4,174,36,0,36,210
06/11/2014,MHT,NH,ANE,EN,Towers with Radar,62,57,34,0,153,0,5,17,0,22,62,62,51,0,175,16,0,16,191
06/12/2014,MHT,NH,ANE,EN,Towers with Radar,66,63,20,0,149,0,1,3,0,4,66,64,23,0,153,8,0,8,161
06/13/2014,MHT,NH,ANE,EN,Towers with Radar,62,55,13,0,130,0,0,0,0,0,62,55,13,0,130,0,0,0,130
06/14/2014,MHT,NH,ANE,EN,Towers with Radar,53,27,18,2,100,0,3,11,1,15,53,30,29,3,115,8,0,8,123
06/15/2014,MHT,NH,ANE,EN,Towers with Radar,52,28,9,0,89,0,8,11,0,19,52,36,20,0,108,2,0,2,110
06/16/2014,MHT,NH,ANE,EN,Towers with Radar,61,46,21,0,128,0,3,34,1,38,61,49,55,1,166,14,0,14,180
06/17/2014,MHT,NH,ANE,EN,Towers with Radar,65,58,15,0,138,0,12,17,1,30,65,70,32,1,168,32,0,32,200
06/18/2014,MHT,NH,ANE,EN,Towers with Radar,62,58,15,0,135,0,6,8,0,14,62,64,23,0,149,0,0,0,149
06/19/2014,MHT,NH,ANE,EN,Towers with Radar,65,58,29,2,154,0,4,33,1,38,65,62,62,3,192,0,0,0,192
06/20/2014,MHT,NH,ANE,EN,Towers with Radar,65,52,12,1,130,0,5,25,2,32,65,57,37,3,162,10,0,10,172
06/21/2014,MHT,NH,ANE,EN,Towers with Radar,56,19,7,1,83,0,7,14,1,22,56,26,21,2,105,0,0,0,105
06/22/2014,MHT,NH,ANE,EN,Towers with Radar,55,25,21,0,101,0,7,21,4,32,55,32,42,4,133,0,0,0,133
06/23/2014,MHT,NH,ANE,EN,Towers with Radar,60,42,24,0,126,0,4,16,0,20,60,46,40,0,146,14,0,14,160
06/24/2014,MHT,NH,ANE,EN,Towers with Radar,65,71,13,24,173,0,6,29,7,42,65,77,42,31,215,0,8,8,223
06/25/2014,MHT,NH,ANE,EN,Towers with Radar,56,63,6,0,125,0,2,12,0,14,56,65,18,0,139,0,0,0,139
06/26/2014,MHT,NH,ANE,EN,Towers with Radar,70,64,30,3,167,0,5,9,1,15,70,69,39,4,182,10,0,10,192
06/27/2014,MHT,NH,ANE,EN,Towers with Radar,65,54,9,0,128,0,3,19,1,23,65,57,28,1,151,2,0,2,153
06/28/2014,MHT,NH,ANE,EN,Towers with Radar,57,21,15,0,93,0,3,30,1,34,57,24,45,1,127,0,0,0,127
06/29/2014,MHT,NH,ANE,EN,Towers with Radar,53,30,4,0,87,0,3,7,0,10,53,33,11,0,97,0,0,0,97
06/30/2014,MHT,NH,ANE,EN,Towers with Radar,55,46,14,1,116,0,4,23,2,29,55,50,37,3,145,16,0,16,161
07/01/2014,MHT,NH,ANE,EN,Towers with Radar,58,54,14,0,126,0,8,23,0,31,58,62,37,0,157,16,0,16,173
07/02/2014,MHT,NH,ANE,EN,Towers with Radar,60,55,6,1,122,0,1,6,0,7,60,56,12,1,129,0,0,0,129
07/03/2014,MHT,NH,ANE,EN,Towers with Radar,59,55,19,1,134,0,0,3,0,3,59,55,22,1,137,6,0,6,143
07/04/2014,MHT,NH,ANE,EN,Towers with Radar,46,20,5,0,71,0,0,2,0,2,46,20,7,0,73,0,0,0,73
07/05/2014,MHT,NH,ANE,EN,Towers with Radar,50,20,5,0,75,0,7,10,0,17,50,27,15,0,92,0,0,0,92
07/06/2014,MHT,NH,ANE,EN,Towers with Radar,53,27,12,0,92,0,3,27,1,31,53,30,39,1,123,8,0,8,131
07/07/2014,MHT,NH,ANE,EN,Towers with Radar,62,46,15,0,123,0,6,16,0,22,62,52,31,0,145,16,0,16,161
07/08/2014,MHT,NH,ANE,EN,Towers with Radar,61,65,13,0,139,0,3,22,0,25,61,68,35,0,164,0,0,0,164
07/09/2014,MHT,NH,ANE,EN,Towers with Radar,65,68,21,0,154,0,6,27,1,34,65,74,48,1,188,34,0,34,222
07/10/2014,MHT,NH,ANE,EN,Towers with Radar,69,62,24,0,155,0,14,21,3,38,69,76,45,3,193,0,0,0,193
07/11/2014,MHT,NH,ANE,EN,Towers with Radar,59,51,12,4,126,0,9,19,0,28,59,60,31,4,154,0,0,0,154
07/12/2014,MHT,NH,ANE,EN,Towers with Radar,54,23,12,0,89,0,11,47,0,58,54,34,59,0,147,12,0,12,159
07/13/2014,MHT,NH,ANE,EN,Towers with Radar,56,27,23,0,106,0,1,12,2,15,56,28,35,2,121,0,0,0,121
07/14/2014,MHT,NH,ANE,EN,Towers with Radar,55,43,12,0,110,0,3,13,1,17,55,46,25,1,127,0,0,0,127
07/15/2014,MHT,NH,ANE,EN,Towers with Radar,61,57,16,2,136,0,2,1,0,3,61,59,17,2,139,0,0,0,139
07/16/2014,MHT,NH,ANE,EN,Towers with Radar,61,66,17,0,144,0,3,6,0,9,61,69,23,0,153,0,0,0,153
07/17/2014,MHT,NH,ANE,EN,Towers with Radar,59,67,24,0,150,0,7,30,0,37,59,74,54,0,187,4,0,4,191
07/18/2014,MHT,NH,ANE,EN,Towers with Radar,58,64,9,0,131,0,2,29,0,31,58,66,38,0,162,0,0,0,162
07/19/2014,MHT,NH,ANE,EN,Towers with Radar,50,28,6,0,84,0,9,16,1,26,50,37,22,1,110,0,0,0,110
07/20/2014,MHT,NH,ANE,EN,Towers with Radar,53,36,13,0,102,0,9,21,1,31,53,45,34,1,133,0,17,17,150
07/21/2014,MHT,NH,ANE,EN,Towers with Radar,56,45,8,1,110,0,5,25,0,30,56,50,33,1,140,0,0,0,140
07/22/2014,MHT,NH,ANE,EN,Towers with Radar,59,65,21,1,146,0,6,22,0,28,59,71,43,1,174,2,0,2,176
07/23/2014,MHT,NH,ANE,EN,Towers with Radar,56,65,10,0,131,0,8,16,0,24,56,73,26,0,155,8,0,8,163
07/24/2014,MHT,NH,ANE,EN,Towers with Radar,62,64,25,3,154,0,3,22,2,27,62,67,47,5,181,28,2,30,211
07/25/2014,MHT,NH,ANE,EN,Towers with Radar,68,55,10,2,135,0,5,31,1,37,68,60,41,3,172,18,0,18,190
07/26/2014,MHT,NH,ANE,EN,Towers with Radar,51,25,10,0,86,0,7,13,0,20,51,32,23,0,106,12,0,12,118
07/27/2014,MHT,NH,ANE,EN,Towers with Radar,52,37,6,0,95,0,1,0,0,1,52,38,6,0,96,0,0,0,96
07/28/2014,MHT,NH,ANE,EN,Towers with Radar,55,48,8,0,111,0,0,0,0,0,55,48,8,0,111,0,0,0,111
07/29/2014,MHT,NH,ANE,EN,Towers with Radar,60,59,16,0,135,0,6,25,0,31,60,65,41,0,166,0,0,0,166
07/30/2014,MHT,NH,ANE,EN,Towers with Radar,60,72,21,0,153,0,6,20,3,29,60,78,41,3,182,2,0,2,184
07/31/2014,MHT,NH,ANE,EN,Towers with Radar,62,64,12,5,143,0,5,15,0,20,62,69,27,5,163,0,0,0,163
08/01/2014,MHT,NH,ANE,EN,Towers with Radar,59,50,16,0,125,0,2,12,0,14,59,52,28,0,139,0,0,0,139
08/02/2014,MHT,NH,ANE,EN,Towers with Radar,53,25,7,0,85,0,4,5,0,9,53,29,12,0,94,8,0,8,102
08/03/2014,MHT,NH,ANE,EN,Towers with Radar,53,29,11,0,93,0,3,15,0,18,53,32,26,0,111,0,0,0,111
08/04/2014,MHT,NH,ANE,EN,Towers with Radar,56,44,8,0,108,0,5,20,0,25,56,49,28,0,133,4,0,4,137
08/05/2014,MHT,NH,ANE,EN,Towers with Radar,60,59,18,0,137,0,0,25,0,25,60,59,43,0,162,6,0,6,168
08/06/2014,MHT,NH,ANE,EN,Towers with Radar,60,64,20,22,166,0,5,23,1,29,60,69,43,23,195,4,0,4,199
08/07/2014,MHT,NH,ANE,EN,Towers with Radar,60,68,30,0,158,0,5,26,0,31,60,73,56,0,189,6,0,6,195
08/08/2014,MHT,NH,ANE,EN,Towers with Radar,56,59,22,0,137,0,5,42,0,47,56,64,64,0,184,34,0,34,218
08/09/2014,MHT,NH,ANE,EN,Towers with Radar,47,27,9,0,83,0,2,40,0,42,47,29,49,0,125,0,0,0,125
08/10/2014,MHT,NH,ANE,EN,Towers with Radar,52,27,17,0,96,0,9,36,0,45,52,36,53,0,141,2,0,2,143
08/11/2014,MHT,NH,ANE,EN,Towers with Radar,61,46,9,0,116,0,17,13,0,30,61,63,22,0,146,36,0,36,182
08/12/2014,MHT,NH,ANE,EN,Towers with Radar,60,62,15,0,137,0,3,22,0,25,60,65,37,0,162,26,0,26,188
08/13/2014,MHT,NH,ANE,EN,Towers with Radar,63,61,10,0,134,0,0,0,0,0,63,61,10,0,134,0,0,0,134
08/14/2014,MHT,NH,ANE,EN,Towers with Radar,63,62,12,0,137,0,3,23,0,26,63,65,35,0,163,0,0,0,163
08/15/2014,MHT,NH,ANE,EN,Towers with Radar,61,55,18,2,136,0,4,25,0,29,61,59,43,2,165,32,0,32,197
08/16/2014,MHT,NH,ANE,EN,Towers with Radar,40,25,19,0,84,0,8,26,0,34,40,33,45,0,118,16,0,16,134
08/17/2014,MHT,NH,ANE,EN,Towers with Radar,50,33,16,0,99,0,12,11,0,23,50,45,27,0,122,4,0,4,126
08/18/2014,MHT,NH,ANE,EN,Towers with Radar,56,45,10,0,111,0,6,30,0,36,56,51,40,0,147,8,0,8,155
08/19/2014,MHT,NH,ANE,EN,Towers with Radar,65,56,10,2,133,0,11,47,0,58,65,67,57,2,191,8,0,8,199
08/20/2014,MHT,NH,ANE,EN,Towers with Radar,70,60,11,0,141,0,7,30,1,38,70,67,41,1,179,10,0,10,189
08/21/2014,MHT,NH,ANE,EN,Towers with Radar,69,53,26,18,166,0,3,19,0,22,69,56,45,18,188,16,0,16,204
08/22/2014,MHT,NH,ANE,EN,Towers with Radar,71,50,11,0,132,0,2,5,0,7,71,52,16,0,139,8,0,8,147
08/23/2014,MHT,NH,ANE,EN,Towers with Radar,49,20,2,0,71,0,2,15,0,17,49,22,17,0,88,18,0,18,106
08/24/2014,MHT,NH,ANE,EN,Towers with Radar,62,24,12,0,98,0,5,12,0,17,62,29,24,0,115,0,0,0,115
08/25/2014,MHT,NH,ANE,EN,Towers with Radar,63,40,19,6,128,0,9,26,0,35,63,49,45,6,163,4,0,4,167
08/26/2014,MHT,NH,ANE,EN,Towers with Radar,71,57,10,0,138,0,5,35,0,40,71,62,45,0,178,24,0,24,202
08/27/2014,MHT,NH,ANE,EN,Towers with Radar,73,56,7,0,136,0,1,23,1,25,73,57,30,1,161,0,0,0,161
08/28/2014,MHT,NH,ANE,EN,Towers with Radar,74,63,18,0,155,0,7,29,1,37,74,70,47,1,192,12,0,12,204
08/29/2014,MHT,NH,ANE,EN,Towers with Radar,69,55,9,0,133,0,6,29,1,36,69,61,38,1,169,2,0,2,171
08/30/2014,MHT,NH,ANE,EN,Towers with Radar,41,18,5,0,64,0,3,14,0,17,41,21,19,0,81,14,0,14,95
08/31/2014,MHT,NH,ANE,EN,Towers with Radar,45,15,6,0,66,0,2,7,0,9,45,17,13,0,75,0,0,0,75
09/01/2014,MHT,NH,ANE,EN,Towers with Radar,55,28,11,0,94,0,5,22,1,28,55,33,33,1,122,24,0,24,146
09/02/2014,MHT,NH,ANE,EN,Towers with Radar,61,48,10,0,119,0,4,5,0,9,61,52,15,0,128,0,0,0,128
09/03/2014,MHT,NH,ANE,EN,Towers with Radar,68,54,35,4,161,0,0,25,2,27,68,54,60,6,188,12,0,12,200
09/04/2014,MHT,NH,ANE,EN,Towers with Radar,68,47,11,0,126,0,4,24,0,28,68,51,35,0,154,6,0,6,160
09/05/2014,MHT,NH,ANE,EN,Towers with Radar,61,43,21,0,125,0,5,21,1,27,61,48,42,1,152,2,0,2,154
09/06/2014,MHT,NH,ANE,EN,Towers with Radar,53,23,10,1,87,0,2,2,1,5,53,25,12,2,92,2,0,2,94
09/07/2014,MHT,NH,ANE,EN,Towers with Radar,61,22,12,0,95,0,7,13,0,20,61,29,25,0,115,0,0,0,115
09/08/2014,MHT,NH,ANE,EN,Towers with Radar,62,34,10,0,106,0,3,29,0,32,62,37,39,0,138,2,0,2,140
09/09/2014,MHT,NH,ANE,EN,Towers with Radar,68,54,10,0,132,0,2,9,0,11,68,56,19,0,143,0,0,0,143
09/10/2014,MHT,NH,ANE,EN,Towers with Radar,71,54,20,0,145,0,3,11,1,15,71,57,31,1,160,0,0,0,160
09/11/2014,MHT,NH,ANE,EN,Towers with Radar,68,52,17,3,140,0,3,0,1,4,68,55,17,4,144,0,0,0,144
09/12/2014,MHT,NH,ANE,EN,Towers with Radar,70,44,28,0,142,0,4,44,0,48,70,48,72,0,190,26,0,26,216
09/13/2014,MHT,NH,ANE,EN,Towers with Radar,49,19,13,0,81,0,2,7,0,9,49,21,20,0,90,2,0,2,92
09/14/2014,MHT,NH,ANE,EN,Towers with Radar,60,21,9,0,90,0,7,15,0,22,60,28,24,0,112,8,0,8,120
09/15/2014,MHT,NH,ANE,EN,Towers with Radar,64,38,13,2,117,0,10,25,1,36,64,48,38,3,153,0,0,0,153
09/16/2014,MHT,NH,ANE,EN,Towers with Radar,67,53,12,0,132,0,4,8,0,12,67,57,20,0,144,0,0,0,144
09/17/2014,MHT,NH,ANE,EN,Towers with Radar,71,52,20,0,143,0,6,22,0,28,71,58,42,0,171,12,0,12,183
09/18/2014,MHT,NH,ANE,EN,Towers with Radar,72,53,35,0,160,0,10,28,0,38,72,63,63,0,198,18,0,18,216
09/19/2014,MHT,NH,ANE,EN,Towers with Radar,69,38,21,0,128,0,5,16,0,21,69,43,37,0,149,0,0,0,149
09/20/2014,MHT,NH,ANE,EN,Towers with Radar,50,19,9,0,78,0,6,20,0,26,50,25,29,0,104,0,0,0,104
09/21/2014,MHT,NH,ANE,EN,Towers with Radar,64,20,28,0,112,0,3,6,0,9,64,23,34,0,121,0,0,0,121
09/22/2014,MHT,NH,ANE,EN,Towers with Radar,67,39,8,0,114,0,14,15,2,31,67,53,23,2,145,0,0,0,145
09/23/2014,MHT,NH,ANE,EN,Towers with Radar,72,48,20,0,140,0,0,18,0,18,72,48,38,0,158,10,0,10,168
09/24/2014,MHT,NH,ANE,EN,Towers with Radar,69,53,14,0,136,0,3,21,0,24,69,56,35,0,160,24,0,24,184
09/25/2014,MHT,NH,ANE,EN,Towers with Radar,71,48,17,2,138,0,1,12,1,14,71,49,29,3,152,0,0,0,152
09/26/2014,MHT,NH,ANE,EN,Towers with Radar,64,38,21,0,123,0,3,20,2,25,64,41,41,2,148,4,0,4,152
09/27/2014,MHT,NH,ANE,EN,Towers with Radar,48,15,16,0,79,0,5,35,1,41,48,20,51,1,120,12,0,12,132
09/28/2014,MHT,NH,ANE,EN,Towers with Radar,60,14,8,0,82,0,7,32,1,40,60,21,40,1,122,12,0,12,134
09/29/2014,MHT,NH,ANE,EN,Towers with Radar,63,38,16,0,117,0,7,12,0,19,63,45,28,0,136,10,0,10,146
09/30/2014,MHT,NH,ANE,EN,Towers with Radar,67,52,23,0,142,0,0,1,0,1,67,52,24,0,143,0,0,0,143
10/01/2014,MHT,NH,ANE,EN,Towers with Radar,69,61,19,1,150,0,0,1,0,1,69,61,20,1,151,0,0,0,151
10/02/2014,MHT,NH,ANE,EN,Towers with Radar,61,60,10,11,142,0,1,3,1,5,61,61,13,12,147,0,6,6,153
10/03/2014,MHT,NH,ANE,EN,Towers with Radar,62,47,21,0,130,0,3,16,0,19,62,50,37,0,149,12,0,12,161
10/04/2014,MHT,NH,ANE,EN,Towers with Radar,53,19,14,0,86,0,0,0,0,0,53,19,14,0,86,0,0,0,86
10/05/2014,MHT,NH,ANE,EN,Towers with Radar,57,20,20,0,97,0,9,16,1,26,57,29,36,1,123,20,0,20,143
10/06/2014,MHT,NH,ANE,EN,Towers with Radar,61,40,9,0,110,0,11,18,0,29,61,51,27,0,139,0,0,0,139
10/07/2014,MHT,NH,ANE,EN,Towers with Radar,68,65,20,2,155,0,8,22,0,30,68,73,42,2,185,0,0,0,185
10/08/2014,MHT,NH,ANE,EN,Towers with Radar,69,63,20,9,161,0,3,24,0,27,69,66,44,9,188,2,0,2,190
10/09/2014,MHT,NH,ANE,EN,Towers with Radar,69,58,8,6,141,0,4,14,2,20,69,62,22,8,161,10,0,10,171
10/10/2014,MHT,NH,ANE,EN,Towers with Radar,69,51,15,0,135,0,8,33,0,41,69,59,48,0,176,2,0,2,178
10/11/2014,MHT,NH,ANE,EN,Towers with Radar,48,33,9,0,90,0,4,10,0,14,48,37,19,0,104,24,0,24,128
10/12/2014,MHT,NH,ANE,EN,Towers with Radar,56,20,9,0,85,0,3,18,1,22,56,23,27,1,107,16,0,16,123
10/13/2014,MHT,NH,ANE,EN,Towers with Radar,62,41,21,0,124,0,2,8,1,11,62,43,29,1,135,0,0,0,135
10/14/2014,MHT,NH,ANE,EN,Towers with Radar,66,58,23,2,149,0,6,8,0,14,66,64,31,2,163,24,0,24,187
10/15/2014,MHT,NH,ANE,EN,Towers with Radar,69,50,25,5,149,0,2,10,1,13,69,52,35,6,162,10,6,16,178
10/16/2014,MHT,NH,ANE,EN,Towers with Radar,67,50,15,0,132,0,0,0,0,0,67,50,15,0,132,0,0,0,132
10/17/2014,MHT,NH,ANE,EN,Towers with Radar,68,45,32,0,145,0,2,21,0,23,68,47,53,0,168,0,0,0,168
10/18/2014,MHT,NH,ANE,EN,Towers with Radar,50,18,23,0,91,0,1,9,0,10,50,19,32,0,101,0,0,0,101
10/19/2014,MHT,NH,ANE,EN,Towers with Radar,60,24,9,3,96,0,3,8,2,13,60,27,17,5,109,0,0,0,109
10/20/2014,MHT,NH,ANE,EN,Towers with Radar,65,38,11,0,114,0,3,11,0,14,65,41,22,0,128,0,0,0,128
10/21/2014,MHT,NH,ANE,EN,Towers with Radar,66,55,27,0,148,0,4,4,0,8,66,59,31,0,156,0,0,0,156
10/22/2014,MHT,NH,ANE,EN,Towers with Radar,69,50,10,0,129,0,0,0,0,0,69,50,10,0,129,0,0,0,129
10/23/2014,MHT,NH,ANE,EN,Towers with Radar,69,53,12,1,135,0,0,0,0,0,69,53,12,1,135,0,0,0,135
10/24/2014,MHT,NH,ANE,EN,Towers with Radar,69,44,29,0,142,0,0,7,0,7,69,44,36,0,149,0,0,0,149
10/25/2014,MHT,NH,ANE,EN,Towers with Radar,50,17,12,0,79,0,9,23,0,32,50,26,35,0,111,0,0,0,111
10/26/2014,MHT,NH,ANE,EN,Towers with Radar,59,19,13,0,91,0,0,10,0,10,59,19,23,0,101,0,0,0,101
10/27/2014,MHT,NH,ANE,EN,Towers with Radar,59,38,12,0,109,0,4,8,0,12,59,42,20,0,121,0,0,0,121
10/28/2014,MHT,NH,ANE,EN,Towers with Radar,62,55,22,2,141,0,5,23,2,30,62,60,45,4,171,2,0,2,173
10/29/2014,MHT,NH,ANE,EN,Towers with Radar,61,54,6,0,121,0,0,6,0,6,61,54,12,0,127,4,0,4,131
10/30/2014,MHT,NH,ANE,EN,Towers with Radar,62,54,11,8,135,0,8,24,1,33,62,62,35,9,168,20,0,20,188
10/31/2014,MHT,NH,ANE,EN,Towers with Radar,54,52,7,0,113,0,8,29,0,37,54,60,36,0,150,52,0,52,202
11/01/2014,MHT,NH,ANE,EN,Towers with Radar,39,20,16,0,75,0,0,0,0,0,39,20,16,0,75,0,0,0,75
11/02/2014,MHT,NH,ANE,EN,Towers with Radar,56,22,7,0,85,0,0,5,0,5,56,22,12,0,90,0,0,0,90
11/03/2014,MHT,NH,ANE,EN,Towers with Radar,62,45,16,0,123,0,8,20,0,28,62,53,36,0,151,0,0,0,151
11/04/2014,MHT,NH,ANE,EN,Towers with Radar,66,50,13,6,135,0,7,9,0,16,66,57,22,6,151,2,2,4,155
11/05/2014,MHT,NH,ANE,EN,Towers with Radar,67,56,20,2,145,0,7,14,0,21,67,63,34,2,166,0,0,0,166
11/06/2014,MHT,NH,ANE,EN,Towers with Radar,65,52,19,0,136,0,4,1,0,5,65,56,20,0,141,0,0,0,141
11/07/2014,MHT,NH,ANE,EN,Towers with Radar,66,65,10,4,145,0,2,4,0,6,66,67,14,4,151,0,6,6,157
11/08/2014,MHT,NH,ANE,EN,Towers with Radar,45,23,9,0,77,0,6,17,0,23,45,29,26,0,100,0,0,0,100
11/09/2014,MHT,NH,ANE,EN,Towers with Radar,57,29,12,0,98,0,3,12,0,15,57,32,24,0,113,0,0,0,113
11/10/2014,MHT,NH,ANE,EN,Towers with Radar,61,35,23,0,119,0,9,10,0,19,61,44,33,0,138,16,0,16,154
11/11/2014,MHT,NH,ANE,EN,Towers with Radar,64,56,28,0,148,0,5,15,0,20,64,61,43,0,168,22,0,22,190
11/12/2014,MHT,NH,ANE,EN,Towers with Radar,68,54,11,0,133,0,3,5,2,10,68,57,16,2,143,0,0,0,143
11/13/2014,MHT,NH,ANE,EN,Towers with Radar,65,56,15,0,136,0,7,17,0,24,65,63,32,0,160,2,0,2,162
11/14/2014,MHT,NH,ANE,EN,Towers with Radar,69,48,17,0,134,0,4,20,0,24,69,52,37,0,158,4,0,4,162
11/15/2014,MHT,NH,ANE,EN,Towers with Radar,47,22,7,2,78,0,10,24,1,35,47,32,31,3,113,14,0,14,127
11/16/2014,MHT,NH,ANE,EN,Towers with Radar,53,26,18,0,97,0,6,13,0,19,53,32,31,0,116,0,0,0,116
11/17/2014,MHT,NH,ANE,EN,Towers with Radar,58,34,9,0,101,0,0,0,0,0,58,34,9,0,101,0,0,0,101
11/18/2014,MHT,NH,ANE,EN,Towers with Radar,67,56,11,3,137,0,4,12,0,16,67,60,23,3,153,0,0,0,153
11/19/2014,MHT,NH,ANE,EN,Towers with Radar,70,64,9,4,147,0,3,24,0,27,70,67,33,4,174,0,0,0,174
11/20/2014,MHT,NH,ANE,EN,Towers with Radar,69,54,12,0,135,0,7,15,0,22,69,61,27,0,157,0,0,0,157
11/21/2014,MHT,NH,ANE,EN,Towers with Radar,67,49,16,0,132,0,7,12,0,19,67,56,28,0,151,6,0,6,157
11/22/2014,MHT,NH,ANE,EN,Towers with Radar,50,21,11,0,82,0,4,10,0,14,50,25,21,0,96,4,0,4,100
11/23/2014,MHT,NH,ANE,EN,Towers with Radar,50,18,8,0,76,0,4,21,0,25,50,22,29,0,101,0,0,0,101
11/24/2014,MHT,NH,ANE,EN,Towers with Radar,57,32,12,0,101,0,2,1,0,3,57,34,13,0,104,0,0,0,104
11/25/2014,MHT,NH,ANE,EN,Towers with Radar,66,57,21,0,144,0,3,21,0,24,66,60,42,0,168,4,0,4,172
11/26/2014,MHT,NH,ANE,EN,Towers with Radar,47,30,7,0,84,0,2,0,0,2,47,32,7,0,86,0,0,0,86
11/27/2014,MHT,NH,ANE,EN,Towers with Radar,27,18,2,0,47,0,0,3,0,3,27,18,5,0,50,0,0,0,50
11/28/2014,MHT,NH,ANE,EN,Towers with Radar,44,31,12,0,87,0,6,4,0,10,44,37,16,0,97,0,0,0,97
11/29/2014,MHT,NH,ANE,EN,Towers with Radar,55,30,8,0,93,0,6,22,0,28,55,36,30,0,121,0,0,0,121
11/30/2014,MHT,NH,ANE,EN,Towers with Radar,64,25,21,0,110,0,7,16,0,23,64,32,37,0,133,8,0,8,141
12/01/2014,MHT,NH,ANE,EN,Towers with Radar,60,40,11,0,111,0,1,9,0,10,60,41,20,0,121,0,0,0,121
12/02/2014,MHT,NH,ANE,EN,Towers with Radar,67,54,13,0,134,0,2,12,0,14,67,56,25,0,148,2,0,2,150
12/03/2014,MHT,NH,ANE,EN,Towers with Radar,65,54,11,0,130,0,1,0,0,1,65,55,11,0,131,0,0,0,131
12/04/2014,MHT,NH,ANE,EN,Towers with Radar,63,57,19,0,139,0,7,30,0,37,63,64,49,0,176,0,0,0,176
12/05/2014,MHT,NH,ANE,EN,Towers with Radar,58,49,15,4,126,0,4,17,0,21,58,53,32,4,147,0,0,0,147
12/06/2014,MHT,NH,ANE,EN,Towers with Radar,42,24,3,0,69,0,0,0,0,0,42,24,3,0,69,0,0,0,69
12/07/2014,MHT,NH,ANE,EN,Towers with Radar,45,28,10,0,83,0,3,24,0,27,45,31,34,0,110,6,0,6,116
12/08/2014,MHT,NH,ANE,EN,Towers with Radar,48,42,14,3,107,0,0,2,0,2,48,42,16,3,109,26,0,26,135
12/09/2014,MHT,NH,ANE,EN,Towers with Radar,60,60,8,0,128,0,0,0,0,0,60,60,8,0,128,0,0,0,128
12/10/2014,MHT,NH,ANE,EN,Towers with Radar,61,55,8,10,134,0,0,0,0,0,61,55,8,10,134,0,0,0,134
12/11/2014,MHT,NH,ANE,EN,Towers with Radar,64,54,12,0,130,0,0,0,0,0,64,54,12,0,130,0,0,0,130
12/12/2014,MHT,NH,ANE,EN,Towers with Radar,59,55,16,6,136,0,3,16,0,19,59,58,32,6,155,8,12,20,175
12/13/2014,MHT,NH,ANE,EN,Towers with Radar,44,27,22,0,93,0,3,26,0,29,44,30,48,0,122,8,0,8,130
12/14/2014,MHT,NH,ANE,EN,Towers with Radar,43,28,12,0,83,0,7,18,0,25,43,35,30,0,108,8,0,8,116
12/15/2014,MHT,NH,ANE,EN,Towers with Radar,51,51,18,0,120,0,2,19,0,21,51,53,37,0,141,4,0,4,145
12/16/2014,MHT,NH,ANE,EN,Towers with Radar,67,66,13,0,146,0,0,1,0,1,67,66,14,0,147,16,0,16,163
12/17/2014,MHT,NH,ANE,EN,Towers with Radar,69,65,17,6,157,0,0,1,0,1,69,65,18,6,158,0,0,0,158
12/18/2014,MHT,NH,ANE,EN,Towers with Radar,71,62,17,0,150,0,0,9,0,9,71,62,26,0,159,0,0,0,159
12/19/2014,MHT,NH,ANE,EN,Towers with Radar,66,69,16,0,151,0,4,23,0,27,66,73,39,0,178,6,0,6,184
12/20/2014,MHT,NH,ANE,EN,Towers with Radar,50,33,32,0,115,0,4,21,0,25,50,37,53,0,140,6,0,6,146
12/21/2014,MHT,NH,ANE,EN,Towers with Radar,58,28,8,0,94,0,2,4,0,6,58,30,12,0,100,0,0,0,100
12/22/2014,MHT,NH,ANE,EN,Towers with Radar,60,56,13,0,129,0,0,7,0,7,60,56,20,0,136,0,0,0,136
12/23/2014,MHT,NH,ANE,EN,Towers with Radar,66,73,12,0,151,0,0,0,0,0,66,73,12,0,151,0,0,0,151
12/24/2014,MHT,NH,ANE,EN,Towers with Radar,56,58,2,0,116,0,0,0,0,0,56,58,2,0,116,0,0,0,116
12/25/2014,MHT,NH,ANE,EN,Towers with Radar,32,13,4,0,49,0,2,0,0,2,32,15,4,0,51,0,0,0,51
12/26/2014,MHT,NH,ANE,EN,Towers with Radar,50,52,26,0,128,0,9,15,0,24,50,61,41,0,152,24,0,24,176
12/27/2014,MHT,NH,ANE,EN,Towers with Radar,41,28,19,0,88,0,2,46,0,48,41,30,65,0,136,12,0,12,148
12/28/2014,MHT,NH,ANE,EN,Towers with Radar,47,24,10,0,81,0,1,6,0,7,47,25,16,0,88,0,0,0,88
12/29/2014,MHT,NH,ANE,EN,Towers with Radar,47,53,13,2,115,0,13,10,0,23,47,66,23,2,138,2,0,2,140
12/30/2014,MHT,NH,ANE,EN,Towers with Radar,56,59,16,0,131,0,0,21,0,21,56,59,37,0,152,4,0,4,156
12/31/2014,MHT,NH,ANE,EN,Towers with Radar,47,48,7,0,102,0,4,21,1,26,47,52,28,1,128,0,0,0,128
01/01/2015,MHT,NH,ANE,EN,Towers with Radar,38,16,1,0,55,0,3,0,0,3,38,19,1,0,58,0,0,0,58
01/02/2015,MHT,NH,ANE,EN,Towers with Radar,53,50,18,0,121,0,3,12,0,15,53,53,30,0,136,0,0,0,136
01/03/2015,MHT,NH,ANE,EN,Towers with Radar,44,26,11,0,81,0,3,6,0,9,44,29,17,0,90,0,0,0,90
01/04/2015,MHT,NH,ANE,EN,Towers with Radar,42,24,11,1,78,0,0,0,0,0,42,24,11,1,78,0,0,0,78
01/05/2015,MHT,NH,ANE,EN,Towers with Radar,48,43,11,1,103,0,2,1,0,3,48,45,12,1,106,0,0,0,106
01/06/2015,MHT,NH,ANE,EN,Towers with Radar,52,48,13,0,113,0,2,10,0,12,52,50,23,0,125,0,0,0,125
01/07/2015,MHT,NH,ANE,EN,Towers with Radar,54,52,10,4,120,0,3,9,6,18,54,55,19,10,138,0,0,0,138
01/08/2015,MHT,NH,ANE,EN,Towers with Radar,58,49,15,0,122,0,1,17,0,18,58,50,32,0,140,12,0,12,152
01/09/2015,MHT,NH,ANE,EN,Towers with Radar,52,49,3,0,104,0,7,2,0,9,52,56,5,0,113,0,0,0,113
01/10/2015,MHT,NH,ANE,EN,Towers with Radar,41,24,11,2,78,0,4,8,0,12,41,28,19,2,90,0,0,0,90
01/11/2015,MHT,NH,ANE,EN,Towers with Radar,41,23,10,0,74,0,4,15,0,19,41,27,25,0,93,6,0,6,99
01/12/2015,MHT,NH,ANE,EN,Towers with Radar,48,35,11,0,94,0,3,0,0,3,48,38,11,0,97,0,0,0,97
01/13/2015,MHT,NH,ANE,EN,Towers with Radar,58,51,13,0,122,0,6,5,0,11,58,57,18,0,133,0,0,0,133
01/14/2015,MHT,NH,ANE,EN,Towers with Radar,56,59,24,13,152,0,7,3,0,10,56,66,27,13,162,14,8,22,184
01/15/2015,MHT,NH,ANE,EN,Towers with Radar,58,45,17,0,120,0,0,5,0,5,58,45,22,0,125,6,0,6,131
01/16/2015,MHT,NH,ANE,EN,Towers with Radar,54,45,4,0,103,0,3,13,0,16,54,48,17,0,119,0,0,0,119
01/17/2015,MHT,NH,ANE,EN,Towers with Radar,42,17,30,0,89,0,3,14,0,17,42,20,44,0,106,4,0,4,110
01/18/2015,MHT,NH,ANE,EN,Towers with Radar,40,13,3,0,56,0,0,2,0,2,40,13,5,0,58,0,0,0,58
01/19/2015,MHT,NH,ANE,EN,Towers with Radar,52,38,15,0,105,0,0,11,0,11,52,38,26,0,116,28,0,28,144
01/20/2015,MHT,NH,ANE,EN,Towers with Radar,57,47,26,0,130,0,1,19,0,20,57,48,45,0,150,0,0,0,150
01/21/2015,MHT,NH,ANE,EN,Towers with Radar,54,45,13,11,123,0,3,21,1,25,54,48,34,12,148,2,4,6,154
01/22/2015,MHT,NH,ANE,EN,Towers with Radar,56,49,16,2,123,0,0,16,0,16,56,49,32,2,139,4,0,4,143
01/23/2015,MHT,NH,ANE,EN,Towers with Radar,54,41,23,6,124,0,6,38,0,44,54,47,61,6,168,0,0,0,168
01/24/2015,MHT,NH,ANE,EN,Towers with Radar,42,25,3,0,70,0,1,0,0,1,42,26,3,0,71,0,0,0,71
01/25/2015,MHT,NH,ANE,EN,Towers with Radar,44,27,4,0,75,0,7,10,0,17,44,34,14,0,92,0,0,0,92
01/26/2015,MHT,NH,ANE,EN,Towers with Radar,35,42,4,0,81,0,0,4,0,4,35,42,8,0,85,0,0,0,85
01/27/2015,MHT,NH,ANE,EN,Towers with Radar,2,0,0,0,2,0,0,0,0,0,2,0,0,0,2,0,0,0,2
01/28/2015,MHT,NH,ANE,EN,Towers with Radar,42,51,5,0,98,0,5,4,0,9,42,56,9,0,107,0,0,0,107
01/29/2015,MHT,NH,ANE,EN,Towers with Radar,59,46,21,0,126,0,6,33,0,39,59,52,54,0,165,0,0,0,165
01/30/2015,MHT,NH,ANE,EN,Towers with Radar,54,47,9,0,110,0,0,0,0,0,54,47,9,0,110,0,0,0,110
01/31/2015,MHT,NH,ANE,EN,Towers with Radar,43,27,3,0,73,0,5,0,0,5,43,32,3,0,78,0,0,0,78
02/01/2015,MHT,NH,ANE,EN,Towers with Radar,36,18,9,0,63,0,2,8,0,10,36,20,17,0,73,0,0,0,73
02/02/2015,MHT,NH,ANE,EN,Towers with Radar,21,16,5,0,42,0,0,0,0,0,21,16,5,0,42,0,0,0,42
02/03/2015,MHT,NH,ANE,EN,Towers with Radar,55,52,17,0,124,0,9,14,0,23,55,61,31,0,147,6,0,6,153
02/04/2015,MHT,NH,ANE,EN,Towers with Radar,59,47,15,2,123,0,2,15,0,17,59,49,30,2,140,0,0,0,140
02/05/2015,MHT,NH,ANE,EN,Towers with Radar,56,43,4,4,107,0,2,0,0,2,56,45,4,4,109,2,0,2,111
02/06/2015,MHT,NH,ANE,EN,Towers with Radar,54,38,18,0,110,0,1,11,1,13,54,39,29,1,123,14,0,14,137
02/07/2015,MHT,NH,ANE,EN,Towers with Radar,46,21,26,0,93,0,0,17,0,17,46,21,43,0,110,8,0,8,118
02/08/2015,MHT,NH,ANE,EN,Towers with Radar,36,26,1,2,65,0,0,0,0,0,36,26,1,2,65,0,0,0,65
02/09/2015,MHT,NH,ANE,EN,Towers with Radar,25,23,6,0,54,0,0,0,0,0,25,23,6,0,54,0,0,0,54
02/10/2015,MHT,NH,ANE,EN,Towers with Radar,53,49,12,10,124,0,5,6,2,13,53,54,18,12,137,0,4,4,141
02/11/2015,MHT,NH,ANE,EN,Towers with Radar,60,52,9,1,122,0,4,34,1,39,60,56,43,2,161,0,0,0,161
02/12/2015,MHT,NH,ANE,EN,Towers with Radar,65,55,12,0,132,0,0,6,0,6,65,55,18,0,138,26,0,26,164
02/13/2015,MHT,NH,ANE,EN,Towers with Radar,64,42,6,0,112,0,5,9,0,14,64,47,15,0,126,18,0,18,144
02/14/2015,MHT,NH,ANE,EN,Towers with Radar,33,24,7,0,64,0,0,1,0,1,33,24,8,0,65,0,0,0,65
02/15/2015,MHT,NH,ANE,EN,Towers with Radar,6,0,1,0,7,0,0,0,0,0,6,0,1,0,7,0,0,0,7
02/16/2015,MHT,NH,ANE,EN,Towers with Radar,39,50,11,0,100,0,8,0,1,9,39,58,11,1,109,4,0,4,113
02/17/2015,MHT,NH,ANE,EN,Towers with Radar,60,38,9,0,107,0,0,7,0,7,60,38,16,0,114,16,0,16,130
02/18/2015,MHT,NH,ANE,EN,Towers with Radar,56,58,3,1,118,0,6,8,0,14,56,64,11,1,132,0,0,0,132
02/19/2015,MHT,NH,ANE,EN,Towers with Radar,58,61,7,1,127,0,2,4,0,6,58,63,11,1,133,2,0,2,135
02/20/2015,MHT,NH,ANE,EN,Towers with Radar,62,50,7,0,119,0,7,9,0,16,62,57,16,0,135,4,0,4,139
02/21/2015,MHT,NH,ANE,EN,Towers with Radar,38,18,10,0,66,0,7,16,3,26,38,25,26,3,92,0,0,0,92
02/22/2015,MHT,NH,ANE,EN,Towers with Radar,43,19,11,0,73,0,4,7,0,11,43,23,18,0,84,0,0,0,84
02/23/2015,MHT,NH,ANE,EN,Towers with Radar,49,46,10,0,105,0,5,6,1,12,49,51,16,1,117,8,0,8,125
02/24/2015,MHT,NH,ANE,EN,Towers with Radar,60,51,24,3,138,0,7,3,0,10,60,58,27,3,148,0,0,0,148
02/25/2015,MHT,NH,ANE,EN,Towers with Radar,59,51,11,1,122,0,3,13,0,16,59,54,24,1,138,0,0,0,138
02/26/2015,MHT,NH,ANE,EN,Towers with Radar,50,53,13,0,116,0,3,18,0,21,50,56,31,0,137,24,0,24,161
02/27/2015,MHT,NH,ANE,EN,Towers with Radar,61,51,5,0,117,0,3,14,0,17,61,54,19,0,134,12,0,12,146
02/28/2015,MHT,NH,ANE,EN,Towers with Radar,43,27,6,0,76,0,6,15,0,21,43,33,21,0,97,0,0,0,97
03/01/2015,MHT,NH,ANE,EN,Towers with Radar,37,19,10,0,66,0,4,6,0,10,37,23,16,0,76,0,0,0,76
03/02/2015,MHT,NH,ANE,EN,Towers with Radar,45,37,12,0,94,0,0,1,0,1,45,37,13,0,95,0,0,0,95
03/03/2015,MHT,NH,ANE,EN,Towers with Radar,52,55,12,0,119,0,2,2,0,4,52,57,14,0,123,0,0,0,123
03/04/2015,MHT,NH,ANE,EN,Towers with Radar,63,59,11,4,137,0,8,2,1,11,63,67,13,5,148,0,0,0,148
03/05/2015,MHT,NH,ANE,EN,Towers with Radar,30,39,4,1,74,0,0,20,2,22,30,39,24,3,96,12,0,12,108
03/06/2015,MHT,NH,ANE,EN,Towers with Radar,45,48,4,0,97,0,8,12,2,22,45,56,16,2,119,8,0,8,127
03/07/2015,MHT,NH,ANE,EN,Towers with Radar,40,29,17,0,86,0,2,12,0,14,40,31,29,0,100,4,0,4,104
03/08/2015,MHT,NH,ANE,EN,Towers with Radar,44,31,13,0,88,0,5,5,0,10,44,36,18,0,98,0,0,0,98
03/09/2015,MHT,NH,ANE,EN,Towers with Radar,52,53,8,0,113,0,8,6,2,16,52,61,14,2,129,2,4,6,135
03/10/2015,MHT,NH,ANE,EN,Towers with Radar,56,55,12,8,131,0,4,26,0,30,56,59,38,8,161,6,12,18,179
03/11/2015,MHT,NH,ANE,EN,Towers with Radar,55,64,16,7,142,0,5,11,0,16,55,69,27,7,158,4,6,10,168
03/12/2015,MHT,NH,ANE,EN,Towers with Radar,55,64,18,4,141,0,4,5,0,9,55,68,23,4,150,4,0,4,154
03/13/2015,MHT,NH,ANE,EN,Towers with Radar,51,48,17,0,116,0,10,22,0,32,51,58,39,0,148,2,0,2,150
03/14/2015,MHT,NH,ANE,EN,Towers with Radar,49,29,9,0,87,0,0,0,0,0,49,29,9,0,87,0,0,0,87
03/15/2015,MHT,NH,ANE,EN,Towers with Radar,46,35,8,0,89,0,1,0,0,1,46,36,8,0,90,0,0,0,90
03/16/2015,MHT,NH,ANE,EN,Towers with Radar,48,48,14,0,110,0,11,8,0,19,48,59,22,0,129,0,0,0,129
03/17/2015,MHT,NH,ANE,EN,Towers with Radar,57,63,13,0,133,0,0,1,0,1,57,63,14,0,134,0,0,0,134
03/18/2015,MHT,NH,ANE,EN,Towers with Radar,56,63,4,0,123,0,5,0,0,5,56,68,4,0,128,0,0,0,128
03/19/2015,MHT,NH,ANE,EN,Towers with Radar,55,58,14,3,130,0,6,7,0,13,55,64,21,3,143,0,0,0,143
03/20/2015,MHT,NH,ANE,EN,Towers with Radar,53,46,6,0,105,0,4,18,0,22,53,50,24,0,127,12,0,12,139
03/21/2015,MHT,NH,ANE,EN,Towers with Radar,47,22,5,0,74,0,2,2,0,4,47,24,7,0,78,0,0,0,78
03/22/2015,MHT,NH,ANE,EN,Towers with Radar,48,27,6,0,81,0,4,7,0,11,48,31,13,0,92,0,0,0,92
03/23/2015,MHT,NH,ANE,EN,Towers with Radar,44,42,10,0,96,0,1,9,2,12,44,43,19,2,108,0,0,0,108
03/24/2015,MHT,NH,ANE,EN,Towers with Radar,55,67,23,0,145,0,6,26,0,32,55,73,49,0,177,16,0,16,193
03/25/2015,MHT,NH,ANE,EN,Towers with Radar,59,56,24,0,139,0,1,22,0,23,59,57,46,0,162,18,0,18,180
03/26/2015,MHT,NH,ANE,EN,Towers with Radar,51,66,14,0,131,0,1,2,0,3,51,67,16,0,134,4,0,4,138
03/27/2015,MHT,NH,ANE,EN,Towers with Radar,56,53,22,0,131,0,0,9,0,9,56,53,31,0,140,2,0,2,142
03/28/2015,MHT,NH,ANE,EN,Towers with Radar,47,21,2,0,70,0,0,0,0,0,47,21,2,0,70,0,0,0,70
03/29/2015,MHT,NH,ANE,EN,Towers with Radar,44,29,19,0,92,0,6,29,0,35,44,35,48,0,127,4,0,4,131
03/30/2015,MHT,NH,ANE,EN,Towers with Radar,47,53,11,0,111,0,5,7,0,12,47,58,18,0,123,2,0,2,125
03/31/2015,MHT,NH,ANE,EN,Towers with Radar,52,57,13,0,122,0,3,21,0,24,52,60,34,0,146,0,0,0,146
04/01/2015,MHT,NH,ANE,EN,Towers with Radar,58,60,13,0,131,0,10,23,0,33,58,70,36,0,164,12,0,12,176
04/02/2015,MHT,NH,ANE,EN,Towers with Radar,58,58,7,0,123,0,4,8,0,12,58,62,15,0,135,4,0,4,139
04/03/2015,MHT,NH,ANE,EN,Towers with Radar,55,57,12,6,130,0,13,6,0,19,55,70,18,6,149,4,0,4,153
04/04/2015,MHT,NH,ANE,EN,Towers with Radar,41,23,7,0,71,0,9,1,0,10,41,32,8,0,81,0,0,0,81
04/05/2015,MHT,NH,ANE,EN,Towers with Radar,42,27,8,0,77,0,3,3,0,6,42,30,11,0,83,0,0,0,83
04/06/2015,MHT,NH,ANE,EN,Towers with Radar,49,48,11,20,128,0,4,3,0,7,49,52,14,20,135,10,0,10,145
04/07/2015,MHT,NH,ANE,EN,Towers with Radar,54,59,10,0,123,0,2,0,0,2,54,61,10,0,125,0,0,0,125
04/08/2015,MHT,NH,ANE,EN,Towers with Radar,60,57,11,18,146,0,0,7,2,9,60,57,18,20,155,0,14,14,169
04/09/2015,MHT,NH,ANE,EN,Towers with Radar,60,61,11,2,134,0,0,0,0,0,60,61,11,2,134,0,0,0,134
04/10/2015,MHT,NH,ANE,EN,Towers with Radar,58,40,7,2,107,0,0,0,0,0,58,40,7,2,107,0,0,0,107
04/11/2015,MHT,NH,ANE,EN,Towers with Radar,42,26,7,5,80,0,5,7,0,12,42,31,14,5,92,0,0,0,92
04/12/2015,MHT,NH,ANE,EN,Towers with Radar,50,26,16,0,92,0,6,32,0,38,50,32,48,0,130,6,0,6,136
04/13/2015,MHT,NH,ANE,EN,Towers with Radar,57,46,7,11,121,0,3,11,1,15,57,49,18,12,136,4,0,4,140
04/14/2015,MHT,NH,ANE,EN,Towers with Radar,61,62,14,0,137,0,0,5,0,5,61,62,19,0,142,0,0,0,142
04/15/2015,MHT,NH,ANE,EN,Towers with Radar,59,62,13,0,134,0,6,4,0,10,59,68,17,0,144,2,0,2,146
04/16/2015,MHT,NH,ANE,EN,Towers with Radar,59,58,17,4,138,0,4,38,0,42,59,62,55,4,180,30,0,30,210
04/17/2015,MHT,NH,ANE,EN,Towers with Radar,60,71,11,0,142,0,5,0,2,7,60,76,11,2,149,2,0,2,151
04/18/2015,MHT,NH,ANE,EN,Towers with Radar,43,28,22,0,93,0,11,19,0,30,43,39,41,0,123,6,0,6,129
04/19/2015,MHT,NH,ANE,EN,Towers with Radar,49,30,17,0,96,0,6,15,0,21,49,36,32,0,117,0,0,0,117
04/20/2015,MHT,NH,ANE,EN,Towers with Radar,53,45,12,0,110,0,2,0,0,2,53,47,12,0,112,0,0,0,112
04/21/2015,MHT,NH,ANE,EN,Towers with Radar,66,57,19,0,142,0,0,10,0,10,66,57,29,0,152,12,0,12,164
04/22/2015,MHT,NH,ANE,EN,Towers with Radar,62,65,21,0,148,0,5,19,0,24,62,70,40,0,172,0,0,0,172
04/23/2015,MHT,NH,ANE,EN,Towers with Radar,62,57,17,3,139,0,9,15,0,24,62,66,32,3,163,12,0,12,175
04/24/2015,MHT,NH,ANE,EN,Towers with Radar,59,55,12,2,128,0,10,16,0,26,59,65,28,2,154,0,0,0,154
04/25/2015,MHT,NH,ANE,EN,Towers with Radar,43,30,17,0,90,0,6,19,0,25,43,36,36,0,115,30,0,30,145
04/26/2015,MHT,NH,ANE,EN,Towers with Radar,51,33,41,0,125,0,1,8,0,9,51,34,49,0,134,6,0,6,140
04/27/2015,MHT,NH,ANE,EN,Towers with Radar,57,47,14,1,119,0,4,9,2,15,57,51,23,3,134,0,0,0,134
04/28/2015,MHT,NH,ANE,EN,Towers with Radar,64,60,19,0,143,0,3,15,0,18,64,63,34,0,161,24,0,24,185
04/29/2015,MHT,NH,ANE,EN,Towers with Radar,63,70,19,0,152,0,1,20,0,21,63,71,39,0,173,2,0,2,175
04/30/2015,MHT,NH,ANE,EN,Towers with Radar,62,64,11,0,137,0,14,23,0,37,62,78,34,0,174,30,0,30,204
05/01/2015,MHT,NH,ANE,EN,Towers with Radar,61,66,23,0,150,0,2,8,0,10,61,68,31,0,160,2,0,2,162
05/02/2015,MHT,NH,ANE,EN,Towers with Radar,43,28,14,8,93,0,5,23,0,28,43,33,37,8,121,18,0,18,139
05/03/2015,MHT,NH,ANE,EN,Towers with Radar,46,36,14,0,96,0,8,22,1,31,46,44,36,1,127,14,0,14,141
05/04/2015,MHT,NH,ANE,EN,Towers with Radar,51,47,14,0,112,0,7,18,0,25,51,54,32,0,137,0,0,0,137
05/05/2015,MHT,NH,ANE,EN,Towers with Radar,60,59,16,1,136,0,8,26,0,34,60,67,42,1,170,0,0,0,170
05/06/2015,MHT,NH,ANE,EN,Towers with Radar,59,60,11,1,131,0,4,41,1,46,59,64,52,2,177,10,0,10,187
05/07/2015,MHT,NH,ANE,EN,Towers with Radar,67,62,21,0,150,0,8,21,0,29,67,70,42,0,179,20,0,20,199
05/08/2015,MHT,NH,ANE,EN,Towers with Radar,60,64,20,0,144,0,5,21,0,26,60,69,41,0,170,10,0,10,180
05/09/2015,MHT,NH,ANE,EN,Towers with Radar,48,25,17,0,90,0,0,8,0,8,48,25,25,0,98,0,0,0,98
05/10/2015,MHT,NH,ANE,EN,Towers with Radar,48,29,9,0,86,0,6,10,0,16,48,35,19,0,102,16,0,16,118
05/11/2015,MHT,NH,ANE,EN,Towers with Radar,56,41,24,0,121,0,2,3,0,5,56,43,27,0,126,0,0,0,126
05/12/2015,MHT,NH,ANE,EN,Towers with Radar,65,56,28,0,149,0,1,13,0,14,65,57,41,0,163,0,0,0,163
05/13/2015,MHT,NH,ANE,EN,Towers with Radar,63,57,12,4,136,0,5,21,1,27,63,62,33,5,163,8,0,8,171
05/14/2015,MHT,NH,ANE,EN,Towers with Radar,62,59,22,0,143,0,4,28,4,36,62,63,50,4,179,30,2,32,211
05/15/2015,MHT,NH,ANE,EN,Towers with Radar,61,51,28,0,140,0,13,23,0,36,61,64,51,0,176,24,0,24,200
05/16/2015,MHT,NH,ANE,EN,Towers with Radar,47,19,25,0,91,0,4,4,0,8,47,23,29,0,99,2,0,2,101
05/17/2015,MHT,NH,ANE,EN,Towers with Radar,46,29,11,0,86,0,9,27,0,36,46,38,38,0,122,10,0,10,132
05/18/2015,MHT,NH,ANE,EN,Towers with Radar,52,47,21,0,120,0,5,10,2,17,52,52,31,2,137,4,0,4,141
05/19/2015,MHT,NH,ANE,EN,Towers with Radar,62,50,19,2,133,0,4,0,0,4,62,54,19,2,137,14,2,16,153
05/20/2015,MHT,NH,ANE,EN,Towers with Radar,65,56,23,0,144,0,10,17,0,27,65,66,40,0,171,6,0,6,177
05/21/2015,MHT,NH,ANE,EN,Towers with Radar,67,63,8,2,140,0,6,22,0,28,67,69,30,2,168,8,0,8,176
05/22/2015,MHT,NH,ANE,EN,Towers with Radar,60,56,8,0,124,0,9,24,2,35,60,65,32,2,159,8,0,8,167
05/23/2015,MHT,NH,ANE,EN,Towers with Radar,43,20,5,0,68,0,12,13,0,25,43,32,18,0,93,0,0,0,93
05/24/2015,MHT,NH,ANE,EN,Towers with Radar,34,21,5,0,60,0,6,20,0,26,34,27,25,0,86,30,0,30,116
05/25/2015,MHT,NH,ANE,EN,Towers with Radar,45,31,16,0,92,0,8,26,1,35,45,39,42,1,127,20,0,20,147
05/26/2015,MHT,NH,ANE,EN,Towers with Radar,57,50,8,0,115,0,2,20,0,22,57,52,28,0,137,18,0,18,155
05/27/2015,MHT,NH,ANE,EN,Towers with Radar,67,63,21,0,151,0,3,21,0,24,67,66,42,0,175,6,0,6,181
05/28/2015,MHT,NH,ANE,EN,Towers with Radar,67,64,20,3,154,0,0,11,1,12,67,64,31,4,166,0,6,6,172
05/29/2015,MHT,NH,ANE,EN,Towers with Radar,61,55,22,0,138,0,4,32,0,36,61,59,54,0,174,6,0,6,180
05/30/2015,MHT,NH,ANE,EN,Towers with Radar,44,28,11,0,83,0,10,33,0,43,44,38,44,0,126,14,0,14,140
05/31/2015,MHT,NH,ANE,EN,Towers with Radar,46,30,17,0,93,0,0,3,0,3,46,30,20,0,96,6,0,6,102
06/01/2015,MHT,NH,ANE,EN,Towers with Radar,51,38,14,14,117,0,0,0,0,0,51,38,14,14,117,0,0,0,117
06/02/2015,MHT,NH,ANE,EN,Towers with Radar,61,61,35,4,161,0,2,0,0,2,61,63,35,4,163,0,0,0,163
06/03/2015,MHT,NH,ANE,EN,Towers with Radar,67,61,24,0,152,0,5,41,1,47,67,66,65,1,199,18,0,18,217
06/04/2015,MHT,NH,ANE,EN,Towers with Radar,70,54,29,2,155,0,7,17,0,24,70,61,46,2,179,6,0,6,185
06/05/2015,MHT,NH,ANE,EN,Towers with Radar,64,42,11,0,117,0,6,25,0,31,64,48,36,0,148,22,0,22,170
06/06/2015,MHT,NH,ANE,EN,Towers with Radar,58,22,10,0,90,0,10,10,2,22,58,32,20,2,112,21,0,21,133
06/07/2015,MHT,NH,ANE,EN,Towers with Radar,46,23,14,0,83,0,9,21,0,30,46,32,35,0,113,0,0,0,113
06/08/2015,MHT,NH,ANE,EN,Towers with Radar,52,40,19,3,114,0,3,11,0,14,52,43,30,3,128,0,0,0,128
06/09/2015,MHT,NH,ANE,EN,Towers with Radar,68,60,21,10,159,0,0,1,0,1,68,60,22,10,160,0,0,0,160
06/10/2015,MHT,NH,ANE,EN,Towers with Radar,64,57,18,0,139,0,6,20,0,26,64,63,38,0,165,12,0,12,177
06/11/2015,MHT,NH,ANE,EN,Towers with Radar,63,53,11,2,129,0,9,17,0,26,63,62,28,2,155,12,0,12,167
06/12/2015,MHT,NH,ANE,EN,Towers with Radar,64,43,21,2,130,0,13,60,1,74,64,56,81,3,204,2,2,4,208
06/13/2015,MHT,NH,ANE,EN,Towers with Radar,54,33,9,1,97,0,6,20,0,26,54,39,29,1,123,42,0,42,165
06/14/2015,MHT,NH,ANE,EN,Towers with Radar,49,26,18,2,95,0,9,17,1,27,49,35,35,3,122,0,0,0,122
06/15/2015,MHT,NH,ANE,EN,Towers with Radar,61,36,19,0,116,0,1,0,0,1,61,37,19,0,117,0,0,0,117
06/16/2015,MHT,NH,ANE,EN,Towers with Radar,59,54,19,3,135,0,1,0,1,2,59,55,19,4,137,4,0,4,141
06/17/2015,MHT,NH,ANE,EN,Towers with Radar,62,63,19,10,154,0,10,38,0,48,62,73,57,10,202,0,0,0,202
06/18/2015,MHT,NH,ANE,EN,Towers with Radar,61,53,16,4,134,0,4,23,0,27,61,57,39,4,161,12,0,12,173
06/19/2015,MHT,NH,ANE,EN,Towers with Radar,68,45,19,0,132,0,5,14,1,20,68,50,33,1,152,24,0,24,176
06/20/2015,MHT,NH,ANE,EN,Towers with Radar,54,30,6,0,90,0,14,29,1,44,54,44,35,1,134,10,0,10,144
06/21/2015,MHT,NH,ANE,EN,Towers with Radar,50,28,9,0,87,0,0,0,0,0,50,28,9,0,87,0,2,2,89
06/22/2015,MHT,NH,ANE,EN,Towers with Radar,60,41,15,0,116,0,9,20,0,29,60,50,35,0,145,10,0,10,155
06/23/2015,MHT,NH,ANE,EN,Towers with Radar,60,60,8,0,128,0,0,0,0,0,60,60,8,0,128,0,0,0,128
06/24/2015,MHT,NH,ANE,EN,Towers with Radar,67,57,7,0,131,0,15,31,0,46,67,72,38,0,177,12,0,12,189
06/25/2015,MHT,NH,ANE,EN,Towers with Radar,64,56,30,16,166,0,7,34,1,42,64,63,64,17,208,8,12,20,228
06/26/2015,MHT,NH,ANE,EN,Towers with Radar,65,46,9,0,120,0,8,16,0,24,65,54,25,0,144,0,0,0,144
06/27/2015,MHT,NH,ANE,EN,Towers with Radar,51,19,18,0,88,0,9,27,0,36,51,28,45,0,124,12,0,12,136
06/28/2015,MHT,NH,ANE,EN,Towers with Radar,51,20,8,0,79,0,0,0,0,0,51,20,8,0,79,0,0,0,79
06/29/2015,MHT,NH,ANE,EN,Towers with Radar,54,40,4,0,98,0,2,10,0,12,54,42,14,0,110,0,0,0,110
06/30/2015,MHT,NH,ANE,EN,Towers with Radar,64,53,27,0,144,0,4,32,0,36,64,57,59,0,180,8,0,8,188
07/01/2015,MHT,NH,ANE,EN,Towers with Radar,66,58,17,0,141,0,2,8,0,10,66,60,25,0,151,0,0,0,151
07/02/2015,MHT,NH,ANE,EN,Towers with Radar,67,57,20,0,144,0,4,34,1,39,67,61,54,1,183,14,0,14,197
07/03/2015,MHT,NH,ANE,EN,Towers with Radar,57,27,5,0,89,0,12,19,0,31,57,39,24,0,120,20,0,20,140
07/04/2015,MHT,NH,ANE,EN,Towers with Radar,43,14,12,0,69,0,8,12,2,22,43,22,24,2,91,0,0,0,91
07/05/2015,MHT,NH,ANE,EN,Towers with Radar,47,29,10,0,86,0,7,18,0,25,47,36,28,0,111,12,0,12,123
07/06/2015,MHT,NH,ANE,EN,Towers with Radar,61,38,27,0,126,0,7,23,0,30,61,45,50,0,156,12,0,12,168
07/07/2015,MHT,NH,ANE,EN,Towers with Radar,67,59,16,0,142,0,7,6,0,13,67,66,22,0,155,0,0,0,155
07/08/2015,MHT,NH,ANE,EN,Towers with Radar,70,53,15,0,138,0,7,15,1,23,70,60,30,1,161,18,0,18,179
07/09/2015,MHT,NH,ANE,EN,Towers with Radar,65,57,17,7,146,0,10,35,0,45,65,67,52,7,191,30,0,30,221
07/10/2015,MHT,NH,ANE,EN,Towers with Radar,66,50,20,0,136,0,13,27,0,40,66,63,47,0,176,22,0,22,198
07/11/2015,MHT,NH,ANE,EN,Towers with Radar,56,23,11,6,96,0,9,48,0,57,56,32,59,6,153,8,0,8,161
07/12/2015,MHT,NH,ANE,EN,Towers with Radar,47,28,6,0,81,0,11,13,1,25,47,39,19,1,106,18,0,18,124
07/13/2015,MHT,NH,ANE,EN,Towers with Radar,58,47,5,0,110,0,8,19,0,27,58,55,24,0,137,0,0,0,137
07/14/2015,MHT,NH,ANE,EN,Towers with Radar,62,54,13,0,129,0,4,7,0,11,62,58,20,0,140,0,0,0,140
07/15/2015,MHT,NH,ANE,EN,Towers with Radar,68,51,9,0,128,0,3,13,0,16,68,54,22,0,144,0,0,0,144
07/16/2015,MHT,NH,ANE,EN,Towers with Radar,73,64,17,0,154,0,3,25,0,28,73,67,42,0,182,0,0,0,182
07/17/2015,MHT,NH,ANE,EN,Towers with Radar,64,44,9,0,117,0,4,34,0,38,64,48,43,0,155,12,0,12,167
07/18/2015,MHT,NH,ANE,EN,Towers with Radar,62,22,17,0,101,0,4,3,0,7,62,26,20,0,108,6,0,6,114
07/19/2015,MHT,NH,ANE,EN,Towers with Radar,55,32,29,0,116,0,3,17,4,24,55,35,46,4,140,10,6,16,156
07/20/2015,MHT,NH,ANE,EN,Towers with Radar,58,46,16,2,122,0,2,23,0,25,58,48,39,2,147,0,0,0,147
07/21/2015,MHT,NH,ANE,EN,Towers with Radar,67,47,32,0,146,0,3,17,0,20,67,50,49,0,166,0,0,0,166
07/22/2015,MHT,NH,ANE,EN,Towers with Radar,71,52,16,2,141,0,5,24,2,31,71,57,40,4,172,8,0,8,180
07/23/2015,MHT,NH,ANE,EN,Towers with Radar,67,58,23,0,148,0,6,40,0,46,67,64,63,0,194,8,0,8,202
07/24/2015,MHT,NH,ANE,EN,Towers with Radar,62,47,14,0,123,0,3,14,0,17,62,50,28,0,140,8,0,8,148
07/25/2015,MHT,NH,ANE,EN,Towers with Radar,58,21,34,0,113,0,4,9,0,13,58,25,43,0,126,0,0,0,126
07/26/2015,MHT,NH,ANE,EN,Towers with Radar,49,37,10,0,96,0,2,1,0,3,49,39,11,0,99,0,0,0,99
07/27/2015,MHT,NH,ANE,EN,Towers with Radar,55,42,15,0,112,0,1,7,0,8,55,43,22,0,120,0,0,0,120
07/28/2015,MHT,NH,ANE,EN,Towers with Radar,64,57,26,0,147,0,3,18,0,21,64,60,44,0,168,0,0,0,168
07/29/2015,MHT,NH,ANE,EN,Towers with Radar,68,53,18,6,145,0,2,35,0,37,68,55,53,6,182,28,0,28,210
07/30/2015,MHT,NH,ANE,EN,Towers with Radar,63,55,16,6,140,0,5,6,0,11,63,60,22,6,151,6,0,6,157
07/31/2015,MHT,NH,ANE,EN,Towers with Radar,64,42,8,0,114,0,3,15,0,18,64,45,23,0,132,0,0,0,132
08/01/2015,MHT,NH,ANE,EN,Towers with Radar,59,18,5,0,82,0,3,19,0,22,59,21,24,0,104,0,0,0,104
08/02/2015,MHT,NH,ANE,EN,Towers with Radar,50,29,20,0,99,0,4,19,0,23,50,33,39,0,122,0,0,0,122
08/03/2015,MHT,NH,ANE,EN,Towers with Radar,58,42,12,0,112,0,2,12,0,14,58,44,24,0,126,0,0,0,126
08/04/2015,MHT,NH,ANE,EN,Towers with Radar,69,54,27,0,150,0,2,13,0,15,69,56,40,0,165,4,0,4,169
08/05/2015,MHT,NH,ANE,EN,Towers with Radar,66,57,20,4,147,0,11,38,20,69,66,68,58,24,216,0,0,0,216
08/06/2015,MHT,NH,ANE,EN,Towers with Radar,65,52,15,0,132,0,7,23,0,30,65,59,38,0,162,20,0,20,182
08/07/2015,MHT,NH,ANE,EN,Towers with Radar,62,43,18,2,125,0,11,47,0,58,62,54,65,2,183,12,0,12,195
08/08/2015,MHT,NH,ANE,EN,Towers with Radar,61,23,22,0,106,0,4,29,0,33,61,27,51,0,139,0,0,0,139
08/09/2015,MHT,NH,ANE,EN,Towers with Radar,52,29,20,0,101,0,5,22,1,28,52,34,42,1,129,12,0,12,141
08/10/2015,MHT,NH,ANE,EN,Towers with Radar,61,39,20,0,120,0,1,35,0,36,61,40,55,0,156,0,0,0,156
08/11/2015,MHT,NH,ANE,EN,Towers with Radar,65,55,15,0,135,0,1,0,0,1,65,56,15,0,136,0,0,0,136
08/12/2015,MHT,NH,ANE,EN,Towers with Radar,70,54,17,4,145,0,3,47,0,50,70,57,64,4,195,0,0,0,195
08/13/2015,MHT,NH,ANE,EN,Towers with Radar,66,55,15,0,136,0,0,35,0,35,66,55,50,0,171,8,0,8,179
08/14/2015,MHT,NH,ANE,EN,Towers with Radar,64,44,11,3,122,0,3,22,0,25,64,47,33,3,147,10,0,10,157
08/15/2015,MHT,NH,ANE,EN,Towers with Radar,47,25,15,0,87,0,9,17,0,26,47,34,32,0,113,2,0,2,115
08/16/2015,MHT,NH,ANE,EN,Towers with Radar,53,30,23,0,106,0,2,38,0,40,53,32,61,0,146,2,0,2,148
08/17/2015,MHT,NH,ANE,EN,Towers with Radar,58,40,15,7,120,0,5,25,0,30,58,45,40,7,150,13,0,13,163
08/18/2015,MHT,NH,ANE,EN,Towers with Radar,85,55,17,0,157,0,0,19,0,19,85,55,36,0,176,0,0,0,176
08/19/2015,MHT,NH,ANE,EN,Towers with Radar,69,63,21,0,153,0,2,9,0,11,69,65,30,0,164,0,0,0,164
08/20/2015,MHT,NH,ANE,EN,Towers with Radar,62,47,35,2,146,0,1,13,0,14,62,48,48,2,160,6,4,10,170
08/21/2015,MHT,NH,ANE,EN,Towers with Radar,72,44,16,0,132,0,0,9,0,9,72,44,25,0,141,10,0,10,151
08/22/2015,MHT,NH,ANE,EN,Towers with Radar,46,23,27,0,96,0,6,14,0,20,46,29,41,0,116,22,0,22,138
08/23/2015,MHT,NH,ANE,EN,Towers with Radar,52,28,11,0,91,0,0,0,0,0,52,28,11,0,91,0,0,0,91
08/24/2015,MHT,NH,ANE,EN,Towers with Radar,64,40,11,4,119,0,7,12,0,19,64,47,23,4,138,0,0,0,138
08/25/2015,MHT,NH,ANE,EN,Towers with Radar,71,56,22,0,149,0,0,3,0,3,71,56,25,0,152,0,0,0,152
08/26/2015,MHT,NH,ANE,EN,Towers with Radar,74,54,17,4,149,0,5,33,4,42,74,59,50,8,191,0,0,0,191
08/27/2015,MHT,NH,ANE,EN,Towers with Radar,70,50,28,0,148,0,4,22,0,26,70,54,50,0,174,20,0,20,194
08/28/2015,MHT,NH,ANE,EN,Towers with Radar,67,42,14,0,123,0,10,27,0,37,67,52,41,0,160,0,0,0,160
08/29/2015,MHT,NH,ANE,EN,Towers with Radar,46,19,8,4,77,0,5,28,0,33,46,24,36,4,110,0,0,0,110
08/30/2015,MHT,NH,ANE,EN,Towers with Radar,52,26,15,0,93,0,5,24,0,29,52,31,39,0,122,10,0,10,132
08/31/2015,MHT,NH,ANE,EN,Towers with Radar,63,42,14,0,119,0,11,15,0,26,63,53,29,0,145,0,0,0,145
09/01/2015,MHT,NH,ANE,EN,Towers with Radar,74,55,20,5,154,0,6,15,1,22,74,61,35,6,176,2,38,40,216
09/02/2015,MHT,NH,ANE,EN,Towers with Radar,73,59,23,4,159,0,5,27,0,32,73,64,50,4,191,10,18,28,219
09/03/2015,MHT,NH,ANE,EN,Towers with Radar,73,53,13,2,141,0,7,30,0,37,73,60,43,2,178,16,0,16,194
09/04/2015,MHT,NH,ANE,EN,Towers with Radar,68,41,17,0,126,0,9,17,0,26,68,50,34,0,152,0,0,0,152
09/05/2015,MHT,NH,ANE,EN,Towers with Radar,38,28,6,0,72,0,9,23,0,32,38,37,29,0,104,16,0,16,120
09/06/2015,MHT,NH,ANE,EN,Towers with Radar,35,18,10,0,63,0,5,15,0,20,35,23,25,0,83,0,0,0,83
09/07/2015,MHT,NH,ANE,EN,Towers with Radar,50,26,12,0,88,0,9,12,0,21,50,35,24,0,109,4,0,4,113
09/08/2015,MHT,NH,ANE,EN,Towers with Radar,64,43,17,0,124,0,7,22,0,29,64,50,39,0,153,2,0,2,155
09/09/2015,MHT,NH,ANE,EN,Towers with Radar,75,56,22,0,153,0,8,30,0,38,75,64,52,0,191,28,0,28,219
09/10/2015,MHT,NH,ANE,EN,Towers with Radar,70,51,27,0,148,0,2,25,10,37,70,53,52,10,185,0,0,0,185
09/11/2015,MHT,NH,ANE,EN,Towers with Radar,63,50,23,0,136,0,5,5,0,10,63,55,28,0,146,6,0,6,152
09/12/2015,MHT,NH,ANE,EN,Towers with Radar,44,27,5,0,76,0,5,5,0,10,44,32,10,0,86,0,0,0,86
09/13/2015,MHT,NH,ANE,EN,Towers with Radar,49,38,27,2,116,0,2,0,0,2,49,40,27,2,118,0,0,0,118
09/14/2015,MHT,NH,ANE,EN,Towers with Radar,63,43,10,0,116,0,5,9,1,15,63,48,19,1,131,0,0,0,131
09/15/2015,MHT,NH,ANE,EN,Towers with Radar,68,54,27,0,149,0,7,38,0,45,68,61,65,0,194,0,0,0,194
09/16/2015,MHT,NH,ANE,EN,Towers with Radar,70,57,5,13,145,0,6,13,0,19,70,63,18,13,164,6,14,20,184
09/17/2015,MHT,NH,ANE,EN,Towers with Radar,70,55,15,0,140,0,3,37,0,40,70,58,52,0,180,4,0,4,184
09/18/2015,MHT,NH,ANE,EN,Towers with Radar,67,41,14,0,122,0,3,26,0,29,67,44,40,0,151,20,0,20,171
09/19/2015,MHT,NH,ANE,EN,Towers with Radar,48,23,10,0,81,0,7,17,0,24,48,30,27,0,105,0,0,0,105
09/20/2015,MHT,NH,ANE,EN,Towers with Radar,50,25,9,0,84,0,3,16,0,19,50,28,25,0,103,12,0,12,115
09/21/2015,MHT,NH,ANE,EN,Towers with Radar,63,37,12,0,112,0,11,17,0,28,63,48,29,0,140,4,0,4,144
09/22/2015,MHT,NH,ANE,EN,Towers with Radar,68,50,13,5,136,0,7,25,1,33,68,57,38,6,169,2,6,8,177
09/23/2015,MHT,NH,ANE,EN,Towers with Radar,70,58,20,0,148,0,4,32,0,36,70,62,52,0,184,26,0,26,210
09/24/2015,MHT,NH,ANE,EN,Towers with Radar,79,55,22,6,162,0,6,21,0,27,79,61,43,6,189,8,0,8,197
09/25/2015,MHT,NH,ANE,EN,Towers with Radar,72,43,13,0,128,0,7,26,0,33,72,50,39,0,161,0,0,0,161
09/26/2015,MHT,NH,ANE,EN,Towers with Radar,49,17,14,1,81,0,4,21,0,25,49,21,35,1,106,18,0,18,124
09/27/2015,MHT,NH,ANE,EN,Towers with Radar,66,24,34,1,125,0,6,29,0,35,66,30,63,1,160,0,0,0,160
09/28/2015,MHT,NH,ANE,EN,Towers with Radar,67,45,8,0,120,0,7,7,0,14,67,52,15,0,134,20,0,20,154
09/29/2015,MHT,NH,ANE,EN,Towers with Radar,73,52,14,0,139,0,1,0,0,1,73,53,14,0,140,4,0,4,144
09/30/2015,MHT,NH,ANE,EN,Towers with Radar,75,56,8,0,139,0,0,0,0,0,75,56,8,0,139,0,0,0,139
10/01/2015,MHT,NH,ANE,EN,Towers with Radar,67,56,16,10,149,0,8,9,0,17,67,64,25,10,166,0,0,0,166
10/02/2015,MHT,NH,ANE,EN,Towers with Radar,67,43,28,0,138,0,3,11,0,14,67,46,39,0,152,0,0,0,152
10/03/2015,MHT,NH,ANE,EN,Towers with Radar,49,19,25,2,95,0,6,5,5,16,49,25,30,7,111,8,0,8,119
10/04/2015,MHT,NH,ANE,EN,Towers with Radar,51,32,13,0,96,0,8,11,0,19,51,40,24,0,115,26,0,26,141
10/05/2015,MHT,NH,ANE,EN,Towers with Radar,64,39,18,0,121,0,2,11,0,13,64,41,29,0,134,0,0,0,134
10/06/2015,MHT,NH,ANE,EN,Towers with Radar,74,52,25,5,156,0,5,34,0,39,74,57,59,5,195,16,0,16,211
10/07/2015,MHT,NH,ANE,EN,Towers with Radar,72,49,22,0,143,0,5,24,0,29,72,54,46,0,172,42,0,42,214
10/08/2015,MHT,NH,ANE,EN,Towers with Radar,70,50,26,14,160,0,7,18,0,25,70,57,44,14,185,48,0,48,233
10/09/2015,MHT,NH,ANE,EN,Towers with Radar,67,46,18,0,131,0,0,0,0,0,67,46,18,0,131,0,0,0,131
10/10/2015,MHT,NH,ANE,EN,Towers with Radar,47,33,15,2,97,0,25,11,0,36,47,58,26,2,133,4,0,4,137
10/11/2015,MHT,NH,ANE,EN,Towers with Radar,59,27,14,0,100,0,2,36,0,38,59,29,50,0,138,0,0,0,138
10/12/2015,MHT,NH,ANE,EN,Towers with Radar,65,45,14,0,124,0,5,23,0,28,65,50,37,0,152,0,0,0,152
10/13/2015,MHT,NH,ANE,EN,Towers with Radar,74,56,15,24,169,0,2,2,0,4,74,58,17,24,173,16,0,16,189
10/14/2015,MHT,NH,ANE,EN,Towers with Radar,71,51,10,4,136,0,4,16,0,20,71,55,26,4,156,0,0,0,156
10/15/2015,MHT,NH,ANE,EN,Towers with Radar,72,56,28,2,158,0,7,47,3,57,72,63,75,5,215,54,2,56,271
10/16/2015,MHT,NH,ANE,EN,Towers with Radar,65,44,16,2,127,0,6,16,3,25,65,50,32,5,152,8,18,26,178
10/17/2015,MHT,NH,ANE,EN,Towers with Radar,45,19,10,0,74,0,3,23,0,26,45,22,33,0,100,38,0,38,138
10/18/2015,MHT,NH,ANE,EN,Towers with Radar,56,27,13,0,96,0,3,12,0,15,56,30,25,0,111,18,0,18,129
10/19/2015,MHT,NH,ANE,EN,Towers with Radar,66,39,15,8,128,0,6,22,0,28,66,45,37,8,156,0,0,0,156
10/20/2015,MHT,NH,ANE,EN,Towers with Radar,72,57,13,0,142,0,4,12,0,16,72,61,25,0,158,0,0,0,158
10/21/2015,MHT,NH,ANE,EN,Towers with Radar,74,49,20,2,145,0,8,23,0,31,74,57,43,2,176,18,0,18,194
10/22/2015,MHT,NH,ANE,EN,Towers with Radar,74,56,20,0,150,0,4,10,1,15,74,60,30,1,165,36,0,36,201
10/23/2015,MHT,NH,ANE,EN,Towers with Radar,70,43,25,0,138,0,4,21,0,25,70,47,46,0,163,0,0,0,163
10/24/2015,MHT,NH,ANE,EN,Towers with Radar,47,19,20,0,86,0,5,14,0,19,47,24,34,0,105,4,0,4,109
10/25/2015,MHT,NH,ANE,EN,Towers with Radar,55,35,9,0,99,0,4,6,0,10,55,39,15,0,109,8,0,8,117
10/26/2015,MHT,NH,ANE,EN,Towers with Radar,61,45,16,0,122,0,7,29,0,36,61,52,45,0,158,4,0,4,162
10/27/2015,MHT,NH,ANE,EN,Towers with Radar,70,56,14,0,140,0,10,31,2,43,70,66,45,2,183,18,0,18,201
10/28/2015,MHT,NH,ANE,EN,Towers with Radar,62,48,13,7,130,0,0,2,0,2,62,48,15,7,132,2,0,2,134
10/29/2015,MHT,NH,ANE,EN,Towers with Radar,72,52,9,0,133,0,4,6,0,10,72,56,15,0,143,0,0,0,143
10/30/2015,MHT,NH,ANE,EN,Towers with Radar,64,49,9,2,124,0,9,8,5,22,64,58,17,7,146,8,0,8,154
10/31/2015,MHT,NH,ANE,EN,Towers with Radar,38,18,13,0,69,0,8,26,0,34,38,26,39,0,103,34,0,34,137
11/01/2015,MHT,NH,ANE,EN,Towers with Radar,50,26,8,0,84,0,9,10,1,20,50,35,18,1,104,0,0,0,104
11/02/2015,MHT,NH,ANE,EN,Towers with Radar,57,51,13,2,123,0,6,15,0,21,57,57,28,2,144,0,0,0,144
11/03/2015,MHT,NH,ANE,EN,Towers with Radar,72,55,21,0,148,0,5,47,0,52,72,60,68,0,200,16,0,16,216
11/04/2015,MHT,NH,ANE,EN,Towers with Radar,70,47,14,0,131,0,8,15,0,23,70,55,29,0,154,2,0,2,156
11/05/2015,MHT,NH,ANE,EN,Towers with Radar,63,49,24,0,136,0,6,15,2,23,63,55,39,2,159,22,0,22,181
11/06/2015,MHT,NH,ANE,EN,Towers with Radar,63,42,9,0,114,0,6,9,2,17,63,48,18,2,131,8,0,8,139
11/07/2015,MHT,NH,ANE,EN,Towers with Radar,48,20,9,0,77,0,6,5,0,11,48,26,14,0,88,48,0,48,136
11/08/2015,MHT,NH,ANE,EN,Towers with Radar,53,22,18,0,93,0,7,17,0,24,53,29,35,0,117,2,0,2,119
11/09/2015,MHT,NH,ANE,EN,Towers with Radar,60,43,8,6,117,0,7,15,0,22,60,50,23,6,139,6,0,6,145
11/10/2015,MHT,NH,ANE,EN,Towers with Radar,67,55,14,8,144,0,5,17,0,22,67,60,31,8,166,2,0,2,168
11/11/2015,MHT,NH,ANE,EN,Towers with Radar,70,54,13,0,137,0,0,0,0,0,70,54,13,0,137,0,0,0,137
11/12/2015,MHT,NH,ANE,EN,Towers with Radar,67,49,11,0,127,0,0,0,0,0,67,49,11,0,127,0,0,0,127
11/13/2015,MHT,NH,ANE,EN,Towers with Radar,67,43,8,0,118,0,0,12,0,12,67,43,20,0,130,0,0,0,130
11/14/2015,MHT,NH,ANE,EN,Towers with Radar,42,18,3,0,63,0,3,3,0,6,42,21,6,0,69,0,0,0,69
11/15/2015,MHT,NH,ANE,EN,Towers with Radar,54,22,9,0,85,0,4,13,0,17,54,26,22,0,102,0,0,0,102
11/16/2015,MHT,NH,ANE,EN,Towers with Radar,62,38,14,0,114,0,7,13,0,20,62,45,27,0,134,12,0,12,146
11/17/2015,MHT,NH,ANE,EN,Towers with Radar,69,49,15,1,134,0,6,24,3,33,69,55,39,4,167,10,0,10,177
11/18/2015,MHT,NH,ANE,EN,Towers with Radar,70,69,11,0,150,0,2,16,0,18,70,71,27,0,168,10,0,10,178
11/19/2015,MHT,NH,ANE,EN,Towers with Radar,69,54,27,4,154,0,0,0,0,0,69,54,27,4,154,0,6,6,160
11/20/2015,MHT,NH,ANE,EN,Towers with Radar,67,39,11,0,117,0,8,14,0,22,67,47,25,0,139,6,0,6,145
11/21/2015,MHT,NH,ANE,EN,Towers with Radar,40,19,11,0,70,0,6,20,0,26,40,25,31,0,96,0,0,0,96
11/22/2015,MHT,NH,ANE,EN,Towers with Radar,56,23,11,0,90,0,0,7,0,7,56,23,18,0,97,0,0,0,97
11/23/2015,MHT,NH,ANE,EN,Towers with Radar,59,32,12,0,103,0,13,11,0,24,59,45,23,0,127,0,0,0,127
11/24/2015,MHT,NH,ANE,EN,Towers with Radar,73,48,22,0,143,0,6,32,0,38,73,54,54,0,181,14,0,14,195
11/25/2015,MHT,NH,ANE,EN,Towers with Radar,73,51,12,0,136,0,7,29,0,36,73,58,41,0,172,0,0,0,172
11/26/2015,MHT,NH,ANE,EN,Towers with Radar,35,8,1,0,44,0,4,5,0,9,35,12,6,0,53,0,0,0,53
11/27/2015,MHT,NH,ANE,EN,Towers with Radar,46,29,9,0,84,0,5,12,0,17,46,34,21,0,101,6,0,6,107
11/28/2015,MHT,NH,ANE,EN,Towers with Radar,54,22,15,0,91,0,0,1,0,1,54,22,16,0,92,0,0,0,92
11/29/2015,MHT,NH,ANE,EN,Towers with Radar,69,26,17,0,112,0,2,20,0,22,69,28,37,0,134,12,0,12,146
11/30/2015,MHT,NH,ANE,EN,Towers with Radar,65,38,6,0,109,0,5,2,0,7,65,43,8,0,116,2,0,2,118
12/01/2015,MHT,NH,ANE,EN,Towers with Radar,74,62,25,0,161,0,2,4,0,6,74,64,29,0,167,0,0,0,167
12/02/2015,MHT,NH,ANE,EN,Towers with Radar,70,51,13,0,134,0,0,0,0,0,70,51,13,0,134,0,0,0,134
12/03/2015,MHT,NH,ANE,EN,Towers with Radar,65,62,6,0,133,0,4,4,0,8,65,66,10,0,141,0,0,0,141
12/04/2015,MHT,NH,ANE,EN,Towers with Radar,64,49,15,0,128,0,5,19,2,26,64,54,34,2,154,22,0,22,176
12/05/2015,MHT,NH,ANE,EN,Towers with Radar,43,20,3,0,66,0,7,10,0,17,43,27,13,0,83,0,0,0,83
12/06/2015,MHT,NH,ANE,EN,Towers with Radar,49,27,9,0,85,0,5,19,0,24,49,32,28,0,109,0,0,0,109
12/07/2015,MHT,NH,ANE,EN,Towers with Radar,52,42,12,12,118,0,4,10,0,14,52,46,22,12,132,6,0,6,138
12/08/2015,MHT,NH,ANE,EN,Towers with Radar,71,62,21,8,162,0,4,14,1,19,71,66,35,9,181,6,0,6,187
12/09/2015,MHT,NH,ANE,EN,Towers with Radar,68,60,11,0,139,0,10,24,0,34,68,70,35,0,173,0,0,0,173
12/10/2015,MHT,NH,ANE,EN,Towers with Radar,67,54,25,0,146,0,2,2,0,4,67,56,27,0,150,12,0,12,162
12/11/2015,MHT,NH,ANE,EN,Towers with Radar,58,50,14,0,122,0,0,2,0,2,58,50,16,0,124,0,0,0,124
12/12/2015,MHT,NH,ANE,EN,Towers with Radar,38,24,14,0,76,0,10,31,0,41,38,34,45,0,117,4,0,4,121
12/13/2015,MHT,NH,ANE,EN,Towers with Radar,47,24,9,0,80,0,8,21,1,30,47,32,30,1,110,8,0,8,118
12/14/2015,MHT,NH,ANE,EN,Towers with Radar,56,44,9,0,109,0,0,2,0,2,56,44,11,0,111,0,0,0,111
12/15/2015,MHT,NH,ANE,EN,Towers with Radar,74,57,15,0,146,0,2,9,0,11,74,59,24,0,157,0,0,0,157
12/16/2015,MHT,NH,ANE,EN,Towers with Radar,76,58,21,0,155,0,3,24,0,27,76,61,45,0,182,4,0,4,186
12/17/2015,MHT,NH,ANE,EN,Towers with Radar,71,63,17,0,151,0,0,0,0,0,71,63,17,0,151,0,0,0,151
12/18/2015,MHT,NH,ANE,EN,Towers with Radar,63,53,21,0,137,0,4,10,0,14,63,57,31,0,151,0,0,0,151
12/19/2015,MHT,NH,ANE,EN,Towers with Radar,43,29,7,0,79,0,4,11,0,15,43,33,18,0,94,12,0,12,106
12/20/2015,MHT,NH,ANE,EN,Towers with Radar,54,29,15,0,98,0,1,34,0,35,54,30,49,0,133,0,0,0,133
12/21/2015,MHT,NH,ANE,EN,Towers with Radar,58,51,13,0,122,0,2,13,0,15,58,53,26,0,137,0,0,0,137
12/22/2015,MHT,NH,ANE,EN,Towers with Radar,68,50,9,0,127,0,0,0,0,0,68,50,9,0,127,0,0,0,127
12/23/2015,MHT,NH,ANE,EN,Towers with Radar,72,61,18,0,151,0,1,3,0,4,72,62,21,0,155,12,0,12,167
12/24/2015,MHT,NH,ANE,EN,Towers with Radar,54,38,1,0,93,0,2,8,0,10,54,40,9,0,103,0,0,0,103
12/25/2015,MHT,NH,ANE,EN,Towers with Radar,31,9,2,0,42,0,6,8,0,14,31,15,10,0,56,0,0,0,56
12/26/2015,MHT,NH,ANE,EN,Towers with Radar,41,24,14,0,79,0,0,24,0,24,41,24,38,0,103,16,0,16,119
12/27/2015,MHT,NH,ANE,EN,Towers with Radar,47,22,12,0,81,0,0,0,0,0,47,22,12,0,81,0,0,0,81
12/28/2015,MHT,NH,ANE,EN,Towers with Radar,48,42,26,0,116,0,5,35,0,40,48,47,61,0,156,16,0,16,172
12/29/2015,MHT,NH,ANE,EN,Towers with Radar,56,46,3,0,105,0,0,0,0,0,56,46,3,0,105,0,0,0,105
12/30/2015,MHT,NH,ANE,EN,Towers with Radar,56,62,7,0,125,0,0,0,0,0,56,62,7,0,125,0,0,0,125
12/31/2015,MHT,NH,ANE,EN,Towers with Radar,55,36,10,0,101,0,3,4,0,7,55,39,14,0,108,0,0,0,108
01/01/2016,MHT,NH,ANE,EN,Towers with Radar,35,14,11,0,60,0,1,10,0,11,35,15,21,0,71,4,0,4,75
01/02/2016,MHT,NH,ANE,EN,Towers with Radar,45,22,31,0,98,0,2,17,0,19,45,24,48,0,117,6,0,6,123
01/03/2016,MHT,NH,ANE,EN,Towers with Radar,49,24,13,0,86,0,7,12,0,19,49,31,25,0,105,0,0,0,105
01/04/2016,MHT,NH,ANE,EN,Towers with Radar,49,51,12,0,112,0,5,7,1,13,49,56,19,1,125,0,0,0,125
01/05/2016,MHT,NH,ANE,EN,Towers with Radar,68,42,19,4,133,0,2,11,0,13,68,44,30,4,146,0,0,0,146
01/06/2016,MHT,NH,ANE,EN,Towers with Radar,66,42,24,12,144,0,14,22,1,37,66,56,46,13,181,18,18,36,217
01/07/2016,MHT,NH,ANE,EN,Towers with Radar,66,42,11,0,119,0,3,7,0,10,66,45,18,0,129,2,0,2,131
01/08/2016,MHT,NH,ANE,EN,Towers with Radar,62,37,23,0,122,0,3,0,0,3,62,40,23,0,125,0,0,0,125
01/09/2016,MHT,NH,ANE,EN,Towers with Radar,42,17,7,0,66,0,0,0,0,0,42,17,7,0,66,0,0,0,66
01/10/2016,MHT,NH,ANE,EN,Towers with Radar,38,20,5,0,63,0,0,0,0,0,38,20,5,0,63,0,0,0,63
01/11/2016,MHT,NH,ANE,EN,Towers with Radar,58,26,12,0,96,0,8,10,0,18,58,34,22,0,114,0,0,0,114
01/12/2016,MHT,NH,ANE,EN,Towers with Radar,62,35,17,0,114,0,2,15,0,17,62,37,32,0,131,0,0,0,131
01/13/2016,MHT,NH,ANE,EN,Towers with Radar,64,39,9,4,116,0,2,4,0,6,64,41,13,4,122,0,0,0,122
01/14/2016,MHT,NH,ANE,EN,Towers with Radar,62,40,31,5,138,0,0,19,1,20,62,40,50,6,158,0,0,0,158
01/15/2016,MHT,NH,ANE,EN,Towers with Radar,61,37,17,0,115,0,2,15,0,17,61,39,32,0,132,0,0,0,132
01/16/2016,MHT,NH,ANE,EN,Towers with Radar,43,16,0,0,59,0,1,0,0,1,43,17,0,0,60,0,0,0,60
01/17/2016,MHT,NH,ANE,EN,Towers with Radar,41,20,16,0,77,0,5,18,0,23,41,25,34,0,100,0,0,0,100
01/18/2016,MHT,NH,ANE,EN,Towers with Radar,54,26,10,0,90,0,0,0,0,0,54,26,10,0,90,0,0,0,90
01/19/2016,MHT,NH,ANE,EN,Towers with Radar,60,41,9,0,110,0,6,1,0,7,60,47,10,0,117,0,0,0,117
01/20/2016,MHT,NH,ANE,EN,Towers with Radar,60,41,23,0,124,0,4,21,0,25,60,45,44,0,149,8,0,8,157
01/21/2016,MHT,NH,ANE,EN,Towers with Radar,65,39,10,0,114,0,2,9,0,11,65,41,19,0,125,0,0,0,125
01/22/2016,MHT,NH,ANE,EN,Towers with Radar,43,27,21,0,91,0,2,17,0,19,43,29,38,0,110,0,0,0,110
01/23/2016,MHT,NH,ANE,EN,Towers with Radar,32,18,12,0,62,0,6,7,0,13,32,24,19,0,75,0,0,0,75
01/24/2016,MHT,NH,ANE,EN,Towers with Radar,20,9,7,0,36,0,10,3,0,13,20,19,10,0,49,0,0,0,49
01/25/2016,MHT,NH,ANE,EN,Towers with Radar,47,45,16,0,108,0,17,15,0,32,47,62,31,0,140,4,0,4,144
01/26/2016,MHT,NH,ANE,EN,Towers with Radar,58,38,14,0,110,0,7,11,0,18,58,45,25,0,128,12,0,12,140
01/27/2016,MHT,NH,ANE,EN,Towers with Radar,66,41,11,2,120,0,3,18,0,21,66,44,29,2,141,2,0,2,143
01/28/2016,MHT,NH,ANE,EN,Towers with Radar,66,45,5,8,124,0,4,15,0,19,66,49,20,8,143,12,4,16,159
01/29/2016,MHT,NH,ANE,EN,Towers with Radar,61,28,7,3,99,0,1,1,0,2,61,29,8,3,101,0,0,0,101
01/30/2016,MHT,NH,ANE,EN,Towers with Radar,43,13,13,0,69,0,4,25,1,30,43,17,38,1,99,6,0,6,105
01/31/2016,MHT,NH,ANE,EN,Towers with Radar,44,19,5,0,68,0,9,10,0,19,44,28,15,0,87,0,0,0,87
02/01/2016,MHT,NH,ANE,EN,Towers with Radar,55,26,15,0,96,0,7,22,0,29,55,33,37,0,125,0,0,0,125
02/02/2016,MHT,NH,ANE,EN,Towers with Radar,65,48,26,0,139,0,4,22,0,26,65,52,48,0,165,2,0,2,167
02/03/2016,MHT,NH,ANE,EN,Towers with Radar,63,43,6,0,112,0,2,0,0,2,63,45,6,0,114,0,0,0,114
02/04/2016,MHT,NH,ANE,EN,Towers with Radar,67,44,17,0,128,0,6,10,0,16,67,50,27,0,144,4,0,4,148
02/05/2016,MHT,NH,ANE,EN,Towers with Radar,58,36,14,3,111,0,4,1,0,5,58,40,15,3,116,0,0,0,116
02/06/2016,MHT,NH,ANE,EN,Towers with Radar,43,25,17,0,85,0,6,18,0,24,43,31,35,0,109,8,0,8,117
02/07/2016,MHT,NH,ANE,EN,Towers with Radar,33,33,11,0,77,0,6,24,0,30,33,39,35,0,107,16,0,16,123
02/08/2016,MHT,NH,ANE,EN,Towers with Radar,55,36,14,2,107,0,2,0,0,2,55,38,14,2,109,2,0,2,111
02/09/2016,MHT,NH,ANE,EN,Towers with Radar,60,64,11,0,135,0,4,5,2,11,60,68,16,2,146,0,0,0,146
02/10/2016,MHT,NH,ANE,EN,Towers with Radar,68,51,8,0,127,0,0,0,0,0,68,51,8,0,127,0,2,2,129
02/11/2016,MHT,NH,ANE,EN,Towers with Radar,63,45,10,0,118,0,0,8,0,8,63,45,18,0,126,6,0,6,132
02/12/2016,MHT,NH,ANE,EN,Towers with Radar,57,45,2,0,104,0,4,8,0,12,57,49,10,0,116,0,0,0,116
02/13/2016,MHT,NH,ANE,EN,Towers with Radar,46,29,4,0,79,0,8,2,0,10,46,37,6,0,89,0,0,0,89
02/14/2016,MHT,NH,ANE,EN,Towers with Radar,41,23,4,0,68,0,7,0,0,7,41,30,4,0,75,0,0,0,75
02/15/2016,MHT,NH,ANE,EN,Towers with Radar,46,34,8,0,88,0,0,9,0,9,46,34,17,0,97,0,0,0,97
02/16/2016,MHT,NH,ANE,EN,Towers with Radar,58,42,10,0,110,0,0,0,0,0,58,42,10,0,110,0,0,0,110
02/17/2016,MHT,NH,ANE,EN,Towers with Radar,62,57,11,0,130,0,4,10,0,14,62,61,21,0,144,12,0,12,156
02/18/2016,MHT,NH,ANE,EN,Towers with Radar,58,49,8,7,122,0,7,12,1,20,58,56,20,8,142,0,0,0,142
02/19/2016,MHT,NH,ANE,EN,Towers with Radar,59,40,10,0,109,0,8,14,1,23,59,48,24,1,132,0,0,0,132
02/20/2016,MHT,NH,ANE,EN,Towers with Radar,49,23,3,0,75,0,4,16,0,20,49,27,19,0,95,0,0,0,95
02/21/2016,MHT,NH,ANE,EN,Towers with Radar,46,29,8,0,83,0,3,7,0,10,46,32,15,0,93,30,0,30,123
02/22/2016,MHT,NH,ANE,EN,Towers with Radar,52,37,9,0,98,0,3,15,0,18,52,40,24,0,116,0,0,0,116
02/23/2016,MHT,NH,ANE,EN,Towers with Radar,59,52,19,0,130,0,2,11,0,13,59,54,30,0,143,2,0,2,145
02/24/2016,MHT,NH,ANE,EN,Towers with Radar,57,41,4,0,102,0,0,0,0,0,57,41,4,0,102,0,0,0,102
02/25/2016,MHT,NH,ANE,EN,Towers with Radar,60,54,12,6,132,0,0,1,2,3,60,54,13,8,135,0,0,0,135
02/26/2016,MHT,NH,ANE,EN,Towers with Radar,60,44,13,0,117,0,3,7,0,10,60,47,20,0,127,12,0,12,139
02/27/2016,MHT,NH,ANE,EN,Towers with Radar,54,25,25,0,104,0,9,28,0,37,54,34,53,0,141,24,0,24,165
02/28/2016,MHT,NH,ANE,EN,Towers with Radar,45,24,11,0,80,0,0,44,0,44,45,24,55,0,124,0,0,0,124
02/29/2016,MHT,NH,ANE,EN,Towers with Radar,56,35,6,0,97,0,3,3,0,6,56,38,9,0,103,12,0,12,115
03/01/2016,MHT,NH,ANE,EN,Towers with Radar,62,60,11,0,133,0,5,16,0,21,62,65,27,0,154,8,0,8,162
03/02/2016,MHT,NH,ANE,EN,Towers with Radar,61,53,7,4,125,0,3,6,0,9,61,56,13,4,134,0,0,0,134
03/03/2016,MHT,NH,ANE,EN,Towers with Radar,53,50,10,0,113,0,7,7,3,17,53,57,17,3,130,8,6,14,144
03/04/2016,MHT,NH,ANE,EN,Towers with Radar,57,42,11,0,110,0,3,0,1,4,57,45,11,1,114,0,0,0,114
03/05/2016,MHT,NH,ANE,EN,Towers with Radar,53,32,28,0,113,0,4,29,0,33,53,36,57,0,146,16,0,16,162
03/06/2016,MHT,NH,ANE,EN,Towers with Radar,46,21,14,0,81,0,2,16,0,18,46,23,30,0,99,0,0,0,99
03/07/2016,MHT,NH,ANE,EN,Towers with Radar,49,38,15,0,102,0,0,4,0,4,49,38,19,0,106,0,0,0,106
03/08/2016,MHT,NH,ANE,EN,Towers with Radar,60,48,10,0,118,0,8,23,0,31,60,56,33,0,149,0,0,0,149
03/09/2016,MHT,NH,ANE,EN,Towers with Radar,64,59,6,11,140,0,8,30,0,38,64,67,36,11,178,34,2,36,214
03/10/2016,MHT,NH,ANE,EN,Towers with Radar,62,63,11,0,136,0,8,5,0,13,62,71,16,0,149,8,0,8,157
03/11/2016,MHT,NH,ANE,EN,Towers with Radar,56,50,3,0,109,0,4,14,0,18,56,54,17,0,127,16,0,16,143
03/12/2016,MHT,NH,ANE,EN,Towers with Radar,51,27,5,0,83,0,6,33,1,40,51,33,38,1,123,0,0,0,123
03/13/2016,MHT,NH,ANE,EN,Towers with Radar,48,24,17,0,89,0,7,29,0,36,48,31,46,0,125,0,0,0,125
03/14/2016,MHT,NH,ANE,EN,Towers with Radar,48,44,9,0,101,0,2,2,0,4,48,46,11,0,105,0,0,0,105
03/15/2016,MHT,NH,ANE,EN,Towers with Radar,63,65,15,0,143,0,0,0,0,0,63,65,15,0,143,0,0,0,143
03/16/2016,MHT,NH,ANE,EN,Towers with Radar,62,53,18,8,141,0,3,4,1,8,62,56,22,9,149,0,6,6,155
03/17/2016,MHT,NH,ANE,EN,Towers with Radar,62,57,14,0,133,0,2,16,1,19,62,59,30,1,152,0,0,0,152
03/18/2016,MHT,NH,ANE,EN,Towers with Radar,58,45,9,2,114,0,5,17,0,22,58,50,26,2,136,0,0,0,136
03/19/2016,MHT,NH,ANE,EN,Towers with Radar,50,25,14,2,91,0,14,29,0,43,50,39,43,2,134,8,0,8,142
03/20/2016,MHT,NH,ANE,EN,Towers with Radar,55,23,11,0,89,0,5,20,0,25,55,28,31,0,114,16,0,16,130
03/21/2016,MHT,NH,ANE,EN,Towers with Radar,49,48,8,0,105,0,2,3,0,5,49,50,11,0,110,0,0,0,110
03/22/2016,MHT,NH,ANE,EN,Towers with Radar,66,52,10,0,128,0,6,17,0,23,66,58,27,0,151,0,0,0,151
03/23/2016,MHT,NH,ANE,EN,Towers with Radar,64,57,15,0,136,0,7,6,0,13,64,64,21,0,149,2,0,2,151
03/24/2016,MHT,NH,ANE,EN,Towers with Radar,61,58,13,0,132,0,1,2,0,3,61,59,15,0,135,0,0,0,135
03/25/2016,MHT,NH,ANE,EN,Towers with Radar,58,41,7,0,106,0,0,2,0,2,58,41,9,0,108,0,0,0,108
03/26/2016,MHT,NH,ANE,EN,Towers with Radar,48,22,13,0,83,0,3,31,0,34,48,25,44,0,117,0,0,0,117
03/27/2016,MHT,NH,ANE,EN,Towers with Radar,46,26,23,0,95,0,5,6,0,11,46,31,29,0,106,0,0,0,106
03/28/2016,MHT,NH,ANE,EN,Towers with Radar,50,41,11,0,102,0,0,0,0,0,50,41,11,0,102,0,0,0,102
03/29/2016,MHT,NH,ANE,EN,Towers with Radar,62,57,17,0,136,0,4,6,0,10,62,61,23,0,146,2,0,2,148
03/30/2016,MHT,NH,ANE,EN,Towers with Radar,65,53,24,0,142,0,2,45,0,47,65,55,69,0,189,24,0,24,213
03/31/2016,MHT,NH,ANE,EN,Towers with Radar,59,48,11,10,128,0,6,4,0,10,59,54,15,10,138,2,0,2,140
04/01/2016,MHT,NH,ANE,EN,Towers with Radar,57,42,11,2,112,0,2,4,0,6,57,44,15,2,118,0,0,0,118
04/02/2016,MHT,NH,ANE,EN,Towers with Radar,52,24,25,0,101,0,3,4,0,7,52,27,29,0,108,0,0,0,108
04/03/2016,MHT,NH,ANE,EN,Towers with Radar,56,31,3,0,90,0,4,2,0,6,56,35,5,0,96,0,0,0,96
04/04/2016,MHT,NH,ANE,EN,Towers with Radar,50,40,10,0,100,0,0,0,0,0,50,40,10,0,100,0,0,0,100
04/05/2016,MHT,NH,ANE,EN,Towers with Radar,63,53,11,0,127,0,4,14,0,18,63,57,25,0,145,14,0,14,159
04/06/2016,MHT,NH,ANE,EN,Towers with Radar,66,51,18,2,137,0,5,19,0,24,66,56,37,2,161,16,0,16,177
04/07/2016,MHT,NH,ANE,EN,Towers with Radar,64,53,7,0,124,0,0,0,0,0,64,53,7,0,124,0,0,0,124
04/08/2016,MHT,NH,ANE,EN,Towers with Radar,59,48,14,0,121,0,5,11,0,16,59,53,25,0,137,32,0,32,169
04/09/2016,MHT,NH,ANE,EN,Towers with Radar,45,25,11,0,81,0,6,30,0,36,45,31,41,0,117,0,0,0,117
04/10/2016,MHT,NH,ANE,EN,Towers with Radar,47,27,11,0,85,0,8,4,0,12,47,35,15,0,97,18,0,18,115
04/11/2016,MHT,NH,ANE,EN,Towers with Radar,56,55,13,0,124,0,1,0,0,1,56,56,13,0,125,0,0,0,125
04/12/2016,MHT,NH,ANE,EN,Towers with Radar,72,46,17,0,135,0,2,3,0,5,72,48,20,0,140,0,0,0,140
04/13/2016,MHT,NH,ANE,EN,Towers with Radar,73,54,17,0,144,0,7,21,0,28,73,61,38,0,172,44,0,44,216
04/14/2016,MHT,NH,ANE,EN,Towers with Radar,77,55,16,4,152,0,4,19,3,26,77,59,35,7,178,52,14,66,244
04/15/2016,MHT,NH,ANE,EN,Towers with Radar,68,44,23,16,151,0,6,16,0,22,68,50,39,16,173,2,4,6,179
04/16/2016,MHT,NH,ANE,EN,Towers with Radar,48,22,13,4,87,0,21,25,2,48,48,43,38,6,135,0,0,0,135
04/17/2016,MHT,NH,ANE,EN,Towers with Radar,57,25,5,0,87,0,7,27,0,34,57,32,32,0,121,24,0,24,145
04/18/2016,MHT,NH,ANE,EN,Towers with Radar,65,39,13,0,117,0,6,28,0,34,65,45,41,0,151,26,0,26,177
04/19/2016,MHT,NH,ANE,EN,Towers with Radar,73,50,20,0,143,0,10,17,0,27,73,60,37,0,170,0,0,0,170
04/20/2016,MHT,NH,ANE,EN,Towers with Radar,71,56,14,0,141,0,7,18,0,25,71,63,32,0,166,2,0,2,168
04/21/2016,MHT,NH,ANE,EN,Towers with Radar,76,60,16,0,152,0,5,18,0,23,76,65,34,0,175,26,0,26,201
04/22/2016,MHT,NH,ANE,EN,Towers with Radar,72,44,12,0,128,0,9,27,0,36,72,53,39,0,164,0,0,0,164
04/23/2016,MHT,NH,ANE,EN,Towers with Radar,51,24,16,0,91,0,3,13,0,16,51,27,29,0,107,0,0,0,107
04/24/2016,MHT,NH,ANE,EN,Towers with Radar,60,41,22,0,123,0,7,28,0,35,60,48,50,0,158,34,0,34,192
04/25/2016,MHT,NH,ANE,EN,Towers with Radar,62,58,8,0,128,0,8,15,0,23,62,66,23,0,151,0,0,0,151
04/26/2016,MHT,NH,ANE,EN,Towers with Radar,70,49,11,0,130,0,0,0,0,0,70,49,11,0,130,0,0,0,130
04/27/2016,MHT,NH,ANE,EN,Towers with Radar,76,50,29,6,161,0,1,21,0,22,76,51,50,6,183,0,0,0,183
04/28/2016,MHT,NH,ANE,EN,Towers with Radar,77,56,27,0,160,0,5,25,0,30,77,61,52,0,190,20,0,20,210
04/29/2016,MHT,NH,ANE,EN,Towers with Radar,74,42,21,0,137,0,11,18,0,29,74,53,39,0,166,0,0,0,166
04/30/2016,MHT,NH,ANE,EN,Towers with Radar,50,27,7,0,84,0,5,19,1,25,50,32,26,1,109,16,0,16,125
05/01/2016,MHT,NH,ANE,EN,Towers with Radar,64,30,19,0,113,0,2,5,0,7,64,32,24,0,120,28,0,28,148
05/02/2016,MHT,NH,ANE,EN,Towers with Radar,74,47,16,0,137,0,0,0,0,0,74,47,16,0,137,0,0,0,137
05/03/2016,MHT,NH,ANE,EN,Towers with Radar,78,49,23,0,150,0,2,6,0,8,78,51,29,0,158,10,0,10,168
05/04/2016,MHT,NH,ANE,EN,Towers with Radar,67,55,24,11,157,0,3,9,0,12,67,58,33,11,169,0,0,0,169
05/05/2016,MHT,NH,ANE,EN,Towers with Radar,86,69,26,4,185,0,3,4,0,7,86,72,30,4,192,0,0,0,192
05/06/2016,MHT,NH,ANE,EN,Towers with Radar,71,47,9,6,133,0,3,12,0,15,71,50,21,6,148,0,0,0,148
05/07/2016,MHT,NH,ANE,EN,Towers with Radar,57,28,18,0,103,0,0,0,0,0,57,28,18,0,103,0,0,0,103
05/08/2016,MHT,NH,ANE,EN,Towers with Radar,57,24,6,0,87,0,3,1,0,4,57,27,7,0,91,0,0,0,91
05/09/2016,MHT,NH,ANE,EN,Towers with Radar,63,57,15,0,135,0,10,13,1,24,63,67,28,1,159,22,2,24,183
05/10/2016,MHT,NH,ANE,EN,Towers with Radar,71,53,36,0,160,0,9,25,1,35,71,62,61,1,195,14,0,14,209
05/11/2016,MHT,NH,ANE,EN,Towers with Radar,71,57,17,0,145,0,6,19,0,25,71,63,36,0,170,0,0,0,170
05/12/2016,MHT,NH,ANE,EN,Towers with Radar,73,72,18,0,163,0,4,31,0,35,73,76,49,0,198,28,0,28,226
05/13/2016,MHT,NH,ANE,EN,Towers with Radar,67,43,14,1,125,0,2,26,2,30,67,45,40,3,155,0,0,0,155
05/14/2016,MHT,NH,ANE,EN,Towers with Radar,57,30,16,0,103,0,6,27,0,33,57,36,43,0,136,10,0,10,146
05/15/2016,MHT,NH,ANE,EN,Towers with Radar,56,21,8,0,85,0,8,4,0,12,56,29,12,0,97,0,0,0,97
05/16/2016,MHT,NH,ANE,EN,Towers with Radar,62,43,7,0,112,0,7,11,1,19,62,50,18,1,131,0,0,0,131
05/17/2016,MHT,NH,ANE,EN,Towers with Radar,70,51,22,1,144,0,6,12,1,19,70,57,34,2,163,0,0,0,163
05/18/2016,MHT,NH,ANE,EN,Towers with Radar,70,59,10,0,139,0,5,13,0,18,70,64,23,0,157,0,0,0,157
05/19/2016,MHT,NH,ANE,EN,Towers with Radar,68,53,10,3,134,0,2,14,2,18,68,55,24,5,152,20,0,20,172
05/20/2016,MHT,NH,ANE,EN,Towers with Radar,68,44,7,0,119,0,8,35,0,43,68,52,42,0,162,20,0,20,182
05/21/2016,MHT,NH,ANE,EN,Towers with Radar,48,27,15,0,90,0,6,28,2,36,48,33,43,2,126,20,4,24,150
05/22/2016,MHT,NH,ANE,EN,Towers with Radar,65,21,12,0,98,0,7,13,3,23,65,28,25,3,121,34,0,34,155
05/23/2016,MHT,NH,ANE,EN,Towers with Radar,62,43,12,0,117,0,4,26,0,30,62,47,38,0,147,4,0,4,151
05/24/2016,MHT,NH,ANE,EN,Towers with Radar,75,69,19,4,167,0,2,3,0,5,75,71,22,4,172,0,0,0,172
05/25/2016,MHT,NH,ANE,EN,Towers with Radar,69,58,24,0,151,0,0,21,0,21,69,58,45,0,172,8,0,8,180
05/26/2016,MHT,NH,ANE,EN,Towers with Radar,80,68,9,0,157,0,7,32,0,39,80,75,41,0,196,4,0,4,200
05/27/2016,MHT,NH,ANE,EN,Towers with Radar,68,42,15,0,125,0,10,27,0,37,68,52,42,0,162,28,0,28,190
05/28/2016,MHT,NH,ANE,EN,Towers with Radar,49,22,4,0,75,0,7,14,0,21,49,29,18,0,96,14,0,14,110
05/29/2016,MHT,NH,ANE,EN,Towers with Radar,45,11,19,0,75,0,2,1,0,3,45,13,20,0,78,0,0,0,78
05/30/2016,MHT,NH,ANE,EN,Towers with Radar,52,25,12,0,89,0,1,7,0,8,52,26,19,0,97,0,0,0,97
05/31/2016,MHT,NH,ANE,EN,Towers with Radar,59,49,10,0,118,0,11,17,0,28,59,60,27,0,146,28,0,28,174
06/01/2016,MHT,NH,ANE,EN,Towers with Radar,79,71,24,2,176,0,10,31,2,43,79,81,55,4,219,16,0,16,235
06/02/2016,MHT,NH,ANE,EN,Towers with Radar,72,60,27,0,159,0,5,17,0,22,72,65,44,0,181,16,0,16,197
06/03/2016,MHT,NH,ANE,EN,Towers with Radar,81,50,22,0,153,0,5,6,0,11,81,55,28,0,164,0,0,0,164
06/04/2016,MHT,NH,ANE,EN,Towers with Radar,51,24,13,0,88,0,10,25,0,35,51,34,38,0,123,32,0,32,155
06/05/2016,MHT,NH,ANE,EN,Towers with Radar,51,19,12,0,82,0,0,0,0,0,51,19,12,0,82,0,0,0,82
06/06/2016,MHT,NH,ANE,EN,Towers with Radar,61,45,17,0,123,0,8,20,0,28,61,53,37,0,151,0,0,0,151
06/07/2016,MHT,NH,ANE,EN,Towers with Radar,69,48,22,0,139,0,9,9,0,18,69,57,31,0,157,0,0,0,157
06/08/2016,MHT,NH,ANE,EN,Towers with Radar,67,49,12,0,128,0,2,31,0,33,67,51,43,0,161,0,0,0,161
06/09/2016,MHT,NH,ANE,EN,Towers with Radar,75,64,17,0,156,0,4,6,0,10,75,68,23,0,166,22,0,22,188
06/10/2016,MHT,NH,ANE,EN,Towers with Radar,61,54,14,0,129,0,10,20,0,30,61,64,34,0,159,8,0,8,167
06/11/2016,MHT,NH,ANE,EN,Towers with Radar,51,29,3,0,83,0,7,28,0,35,51,36,31,0,118,18,0,18,136
06/12/2016,MHT,NH,ANE,EN,Towers with Radar,58,29,7,0,94,0,6,13,0,19,58,35,20,0,113,12,0,12,125
06/13/2016,MHT,NH,ANE,EN,Towers with Radar,59,44,12,0,115,0,5,8,0,13,59,49,20,0,128,6,0,6,134
06/14/2016,MHT,NH,ANE,EN,Towers with Radar,64,57,16,0,137,0,6,18,2,26,64,63,34,2,163,20,4,24,187
06/15/2016,MHT,NH,ANE,EN,Towers with Radar,68,59,10,0,137,0,8,9,0,17,68,67,19,0,154,2,0,2,156
06/16/2016,MHT,NH,ANE,EN,Towers with Radar,65,58,17,0,140,0,11,21,0,32,65,69,38,0,172,30,0,30,202
06/17/2016,MHT,NH,ANE,EN,Towers with Radar,67,45,15,0,127,0,9,19,0,28,67,54,34,0,155,0,0,0,155
06/18/2016,MHT,NH,ANE,EN,Towers with Radar,61,25,13,0,99,0,11,40,0,51,61,36,53,0,150,22,0,22,172
06/19/2016,MHT,NH,ANE,EN,Towers with Radar,56,25,13,0,94,0,7,29,0,36,56,32,42,0,130,0,0,0,130
06/20/2016,MHT,NH,ANE,EN,Towers with Radar,62,37,16,0,115,0,11,27,1,39,62,48,43,1,154,10,0,10,164
06/21/2016,MHT,NH,ANE,EN,Towers with Radar,65,68,15,0,148,0,11,21,0,32,65,79,36,0,180,22,0,22,202
06/22/2016,MHT,NH,ANE,EN,Towers with Radar,73,65,31,0,169,0,6,32,0,38,73,71,63,0,207,30,0,30,237
06/23/2016,MHT,NH,ANE,EN,Towers with Radar,69,61,23,0,153,0,11,18,0,29,69,72,41,0,182,18,0,18,200
06/24/2016,MHT,NH,ANE,EN,Towers with Radar,71,63,15,0,149,0,8,27,0,35,71,71,42,0,184,14,0,14,198
06/25/2016,MHT,NH,ANE,EN,Towers with Radar,62,31,11,0,104,0,20,28,0,48,62,51,39,0,152,6,0,6,158
06/26/2016,MHT,NH,ANE,EN,Towers with Radar,57,31,10,0,98,0,13,26,0,39,57,44,36,0,137,6,0,6,143
06/27/2016,MHT,NH,ANE,EN,Towers with Radar,64,45,19,0,128,0,7,31,0,38,64,52,50,0,166,0,0,0,166
06/28/2016,MHT,NH,ANE,EN,Towers with Radar,75,63,23,2,163,0,2,14,0,16,75,65,37,2,179,0,0,0,179
06/29/2016,MHT,NH,ANE,EN,Towers with Radar,78,63,22,1,164,0,9,8,0,17,78,72,30,1,181,6,0,6,187
06/30/2016,MHT,NH,ANE,EN,Towers with Radar,76,70,26,0,172,0,17,40,0,57,76,87,66,0,229,22,0,22,251
07/01/2016,MHT,NH,ANE,EN,Towers with Radar,77,54,14,0,145,0,1,27,1,29,77,55,41,1,174,0,0,0,174
07/02/2016,MHT,NH,ANE,EN,Towers with Radar,60,27,13,0,100,0,6,28,0,34,60,33,41,0,134,42,0,42,176
07/03/2016,MHT,NH,ANE,EN,Towers with Radar,54,17,9,0,80,0,8,23,0,31,54,25,32,0,111,2,0,2,113
07/04/2016,MHT,NH,ANE,EN,Towers with Radar,68,17,15,0,100,0,11,26,0,37,68,28,41,0,137,6,0,6,143
07/05/2016,MHT,NH,ANE,EN,Towers with Radar,68,43,25,0,136,0,5,29,1,35,68,48,54,1,171,24,0,24,195
07/06/2016,MHT,NH,ANE,EN,Towers with Radar,87,54,14,1,156,0,3,25,0,28,87,57,39,1,184,4,0,4,188
07/07/2016,MHT,NH,ANE,EN,Towers with Radar,84,60,17,0,161,0,5,15,1,21,84,65,32,1,182,6,0,6,188
07/08/2016,MHT,NH,ANE,EN,Towers with Radar,68,43,27,5,143,0,2,11,0,13,68,45,38,5,156,18,0,18,174
07/09/2016,MHT,NH,ANE,EN,Towers with Radar,75,29,24,0,128,0,0,4,0,4,75,29,28,0,132,0,0,0,132
07/10/2016,MHT,NH,ANE,EN,Towers with Radar,70,27,28,0,125,0,0,0,0,0,70,27,28,0,125,0,0,0,125
07/11/2016,MHT,NH,ANE,EN,Towers with Radar,70,38,23,0,131,0,3,33,3,39,70,41,56,3,170,14,0,14,184
07/12/2016,MHT,NH,ANE,EN,Towers with Radar,87,58,25,0,170,0,10,45,0,55,87,68,70,0,225,0,0,0,225
07/13/2016,MHT,NH,ANE,EN,Towers with Radar,74,55,34,0,163,0,8,31,0,39,74,63,65,0,202,32,0,32,234
07/14/2016,MHT,NH,ANE,EN,Towers with Radar,89,54,51,0,194,0,2,31,0,33,89,56,82,0,227,6,0,6,233
07/15/2016,MHT,NH,ANE,EN,Towers with Radar,80,55,28,0,163,0,9,26,0,35,80,64,54,0,198,4,0,4,202
07/16/2016,MHT,NH,ANE,EN,Towers with Radar,62,21,28,0,111,0,11,56,0,67,62,32,84,0,178,14,0,14,192
07/17/2016,MHT,NH,ANE,EN,Towers with Radar,63,20,25,0,108,0,5,24,0,29,63,25,49,0,137,0,0,0,137
07/18/2016,MHT,NH,ANE,EN,Towers with Radar,64,31,10,0,105,0,4,12,0,16,64,35,22,0,121,0,0,0,121
07/19/2016,MHT,NH,ANE,EN,Towers with Radar,75,51,28,2,156,0,3,34,0,37,75,54,62,2,193,12,0,12,205
07/20/2016,MHT,NH,ANE,EN,Towers with Radar,67,50,16,1,134,0,1,37,1,39,67,51,53,2,173,40,0,40,213
07/21/2016,MHT,NH,ANE,EN,Towers with Radar,59,44,19,0,122,0,12,23,0,35,59,56,42,0,157,10,0,10,167
07/22/2016,MHT,NH,ANE,EN,Towers with Radar,67,36,14,4,121,0,10,24,1,35,67,46,38,5,156,22,0,22,178
07/23/2016,MHT,NH,ANE,EN,Towers with Radar,60,17,13,0,90,0,7,21,0,28,60,24,34,0,118,0,0,0,118
07/24/2016,MHT,NH,ANE,EN,Towers with Radar,57,21,12,0,90,0,8,34,0,42,57,29,46,0,132,2,0,2,134
07/25/2016,MHT,NH,ANE,EN,Towers with Radar,62,31,28,0,121,0,4,10,0,14,62,35,38,0,135,0,0,0,135
07/26/2016,MHT,NH,ANE,EN,Towers with Radar,78,47,17,0,142,0,5,19,0,24,78,52,36,0,166,0,0,0,166
07/27/2016,MHT,NH,ANE,EN,Towers with Radar,74,54,16,0,144,0,6,29,0,35,74,60,45,0,179,6,0,6,185
07/28/2016,MHT,NH,ANE,EN,Towers with Radar,65,55,17,5,142,0,6,20,0,26,65,61,37,5,168,0,0,0,168
07/29/2016,MHT,NH,ANE,EN,Towers with Radar,64,45,9,2,120,0,2,5,0,7,64,47,14,2,127,2,0,2,129
07/30/2016,MHT,NH,ANE,EN,Towers with Radar,58,20,16,0,94,0,8,16,0,24,58,28,32,0,118,2,0,2,120
07/31/2016,MHT,NH,ANE,EN,Towers with Radar,54,17,27,0,98,0,3,0,0,3,54,20,27,0,101,0,0,0,101
08/01/2016,MHT,NH,ANE,EN,Towers with Radar,72,40,17,0,129,0,6,9,0,15,72,46,26,0,144,0,0,0,144
08/02/2016,MHT,NH,ANE,EN,Towers with Radar,79,48,9,1,137,0,10,21,0,31,79,58,30,1,168,8,0,8,176
08/03/2016,MHT,NH,ANE,EN,Towers with Radar,78,55,19,2,154,0,15,28,0,43,78,70,47,2,197,22,0,22,219
08/04/2016,MHT,NH,ANE,EN,Towers with Radar,80,63,16,0,159,0,6,31,0,37,80,69,47,0,196,14,0,14,210
08/05/2016,MHT,NH,ANE,EN,Towers with Radar,77,44,11,3,135,0,7,40,1,48,77,51,51,4,183,6,0,6,189
08/06/2016,MHT,NH,ANE,EN,Towers with Radar,63,34,14,0,111,0,12,14,0,26,63,46,28,0,137,10,0,10,147
08/07/2016,MHT,NH,ANE,EN,Towers with Radar,72,21,26,0,119,0,10,28,0,38,72,31,54,0,157,6,0,6,163
08/08/2016,MHT,NH,ANE,EN,Towers with Radar,74,39,7,0,120,0,12,28,4,44,74,51,35,4,164,6,0,6,170
08/09/2016,MHT,NH,ANE,EN,Towers with Radar,72,51,22,2,147,0,11,34,2,47,72,62,56,4,194,6,0,6,200
08/10/2016,MHT,NH,ANE,EN,Towers with Radar,80,53,16,0,149,0,0,2,0,2,80,53,18,0,151,0,0,0,151
08/11/2016,MHT,NH,ANE,EN,Towers with Radar,74,56,7,0,137,0,4,18,0,22,74,60,25,0,159,0,0,0,159
08/12/2016,MHT,NH,ANE,EN,Towers with Radar,77,40,11,2,130,0,9,14,0,23,77,49,25,2,153,0,0,0,153
08/13/2016,MHT,NH,ANE,EN,Towers with Radar,58,19,9,0,86,0,1,4,0,5,58,20,13,0,91,4,0,4,95
08/14/2016,MHT,NH,ANE,EN,Towers with Radar,58,16,7,0,81,0,4,9,0,13,58,20,16,0,94,0,0,0,94
08/15/2016,MHT,NH,ANE,EN,Towers with Radar,62,36,14,0,112,0,7,23,1,31,62,43,37,1,143,0,0,0,143
08/16/2016,MHT,NH,ANE,EN,Towers with Radar,74,47,13,0,134,0,0,21,0,21,74,47,34,0,155,15,0,15,170
08/17/2016,MHT,NH,ANE,EN,Towers with Radar,67,55,19,4,145,0,9,19,0,28,67,64,38,4,173,2,0,2,175
08/18/2016,MHT,NH,ANE,EN,Towers with Radar,77,55,15,0,147,0,9,35,0,44,77,64,50,0,191,12,0,12,203
08/19/2016,MHT,NH,ANE,EN,Towers with Radar,67,43,10,0,120,0,6,40,0,46,67,49,50,0,166,6,0,6,172
08/20/2016,MHT,NH,ANE,EN,Towers with Radar,54,27,22,0,103,0,7,10,0,17,54,34,32,0,120,0,0,0,120
08/21/2016,MHT,NH,ANE,EN,Towers with Radar,57,18,24,0,99,0,6,20,1,27,57,24,44,1,126,0,0,0,126
08/22/2016,MHT,NH,ANE,EN,Towers with Radar,61,39,28,0,128,0,4,27,0,31,61,43,55,0,159,4,0,4,163
08/23/2016,MHT,NH,ANE,EN,Towers with Radar,65,56,16,0,137,0,7,30,0,37,65,63,46,0,174,6,0,6,180
08/24/2016,MHT,NH,ANE,EN,Towers with Radar,64,63,6,0,133,0,9,23,0,32,64,72,29,0,165,0,0,0,165
08/25/2016,MHT,NH,ANE,EN,Towers with Radar,62,61,27,0,150,0,2,22,0,24,62,63,49,0,174,16,0,16,190
08/26/2016,MHT,NH,ANE,EN,Towers with Radar,61,41,16,0,118,0,5,15,0,20,61,46,31,0,138,14,0,14,152
08/27/2016,MHT,NH,ANE,EN,Towers with Radar,50,23,9,0,82,0,1,14,0,15,50,24,23,0,97,0,0,0,97
08/28/2016,MHT,NH,ANE,EN,Towers with Radar,50,24,5,0,79,0,6,18,0,24,50,30,23,0,103,8,0,8,111
08/29/2016,MHT,NH,ANE,EN,Towers with Radar,52,53,9,0,114,0,8,2,0,10,52,61,11,0,124,4,0,4,128
08/30/2016,MHT,NH,ANE,EN,Towers with Radar,66,64,12,8,150,0,8,16,1,25,66,72,28,9,175,2,0,2,177
08/31/2016,MHT,NH,ANE,EN,Towers with Radar,62,62,13,0,137,0,7,21,0,28,62,69,34,0,165,11,0,11,176
09/01/2016,MHT,NH,ANE,EN,Towers with Radar,71,68,20,0,159,0,3,17,0,20,71,71,37,0,179,8,0,8,187
09/02/2016,MHT,NH,ANE,EN,Towers with Radar,66,61,22,0,149,0,13,25,0,38,66,74,47,0,187,0,0,0,187
09/03/2016,MHT,NH,ANE,EN,Towers with Radar,46,24,9,0,79,0,5,19,0,24,46,29,28,0,103,12,0,12,115
09/04/2016,MHT,NH,ANE,EN,Towers with Radar,45,15,7,0,67,0,6,13,0,19,45,21,20,0,86,8,0,8,94
09/05/2016,MHT,NH,ANE,EN,Towers with Radar,56,36,7,0,99,0,5,22,0,27,56,41,29,0,126,18,0,18,144
09/06/2016,MHT,NH,ANE,EN,Towers with Radar,69,54,22,0,145,0,0,0,0,0,69,54,22,0,145,0,0,0,145
09/07/2016,MHT,NH,ANE,EN,Towers with Radar,69,69,26,0,164,0,2,1,0,3,69,71,27,0,167,0,0,0,167
09/08/2016,MHT,NH,ANE,EN,Towers with Radar,63,81,50,0,194,0,7,39,0,46,63,88,89,0,240,2,0,2,242
09/09/2016,MHT,NH,ANE,EN,Towers with Radar,61,66,29,1,157,0,5,56,1,62,61,71,85,2,219,26,0,26,245
09/10/2016,MHT,NH,ANE,EN,Towers with Radar,52,35,30,2,119,0,0,63,0,63,52,35,93,2,182,8,0,8,190
09/11/2016,MHT,NH,ANE,EN,Towers with Radar,51,31,28,2,112,0,6,17,0,23,51,37,45,2,135,2,0,2,137
09/12/2016,MHT,NH,ANE,EN,Towers with Radar,60,58,19,0,137,1,13,31,0,45,61,71,50,0,182,2,0,2,184
09/13/2016,MHT,NH,ANE,EN,Towers with Radar,60,67,9,0,136,0,6,26,0,32,60,73,35,0,168,2,0,2,170
09/14/2016,MHT,NH,ANE,EN,Towers with Radar,72,76,26,0,174,0,11,28,0,39,72,87,54,0,213,6,0,6,219
09/15/2016,MHT,NH,ANE,EN,Towers with Radar,65,70,13,0,148,0,4,28,1,33,65,74,41,1,181,4,0,4,185
09/16/2016,MHT,NH,ANE,EN,Towers with Radar,65,57,25,0,147,0,11,38,2,51,65,68,63,2,198,6,0,6,204
09/17/2016,MHT,NH,ANE,EN,Towers with Radar,49,33,10,0,92,0,4,19,0,23,49,37,29,0,115,0,0,0,115
09/18/2016,MHT,NH,ANE,EN,Towers with Radar,57,33,19,0,109,0,6,4,0,10,57,39,23,0,119,0,0,0,119
09/19/2016,MHT,NH,ANE,EN,Towers with Radar,58,53,16,0,127,0,0,0,0,0,58,53,16,0,127,0,0,0,127
09/20/2016,MHT,NH,ANE,EN,Towers with Radar,73,82,28,0,183,0,2,36,1,39,73,84,64,1,222,4,0,4,226
09/21/2016,MHT,NH,ANE,EN,Towers with Radar,69,72,16,2,159,0,9,47,0,56,69,81,63,2,215,6,0,6,221
09/22/2016,MHT,NH,ANE,EN,Towers with Radar,68,84,51,0,203,0,13,40,0,53,68,97,91,0,256,4,0,4,260
09/23/2016,MHT,NH,ANE,EN,Towers with Radar,72,63,12,0,147,0,5,14,0,19,72,68,26,0,166,0,0,0,166
09/24/2016,MHT,NH,ANE,EN,Towers with Radar,51,33,15,0,99,0,12,35,0,47,51,45,50,0,146,12,0,12,158
09/25/2016,MHT,NH,ANE,EN,Towers with Radar,54,38,32,0,124,0,3,24,2,29,54,41,56,2,153,0,0,0,153
09/26/2016,MHT,NH,ANE,EN,Towers with Radar,69,67,15,0,151,0,7,34,0,41,69,74,49,0,192,0,0,0,192
09/27/2016,MHT,NH,ANE,EN,Towers with Radar,62,61,23,0,146,0,5,16,0,21,62,66,39,0,167,2,0,2,169
09/28/2016,MHT,NH,ANE,EN,Towers with Radar,68,76,26,4,174,0,2,0,3,5,68,78,26,7,179,0,0,0,179
09/29/2016,MHT,NH,ANE,EN,Towers with Radar,69,78,24,6,177,0,4,17,0,21,69,82,41,6,198,18,0,18,216
09/30/2016,MHT,NH,ANE,EN,Towers with Radar,62,74,30,10,176,0,13,14,0,27,62,87,44,10,203,14,0,14,217
10/01/2016,MHT,NH,ANE,EN,Towers with Radar,46,49,2,3,100,0,3,0,0,3,46,52,2,3,103,0,0,0,103
10/02/2016,MHT,NH,ANE,EN,Towers with Radar,52,36,19,0,107,0,0,0,0,0,52,36,19,0,107,0,0,0,107
10/03/2016,MHT,NH,ANE,EN,Towers with Radar,56,71,15,1,143,0,4,11,0,15,56,75,26,1,158,6,0,6,164
10/04/2016,MHT,NH,ANE,EN,Towers with Radar,70,64,24,4,162,0,9,14,0,23,70,73,38,4,185,30,2,32,217
10/05/2016,MHT,NH,ANE,EN,Towers with Radar,78,70,15,1,164,0,8,36,2,46,78,78,51,3,210,6,0,6,216
10/06/2016,MHT,NH,ANE,EN,Towers with Radar,74,64,18,0,156,0,9,43,0,52,74,73,61,0,208,22,0,22,230
10/07/2016,MHT,NH,ANE,EN,Towers with Radar,69,62,23,12,166,0,10,28,0,38,69,72,51,12,204,30,0,30,234
10/08/2016,MHT,NH,ANE,EN,Towers with Radar,57,36,14,0,107,0,9,24,0,33,57,45,38,0,140,6,0,6,146
10/09/2016,MHT,NH,ANE,EN,Towers with Radar,63,32,9,1,105,0,0,1,0,1,63,32,10,1,106,0,0,0,106
10/10/2016,MHT,NH,ANE,EN,Towers with Radar,65,48,6,0,119,0,8,12,1,21,65,56,18,1,140,0,0,0,140
10/11/2016,MHT,NH,ANE,EN,Towers with Radar,70,65,21,2,158,0,13,33,1,47,70,78,54,3,205,14,0,14,219
10/12/2016,MHT,NH,ANE,EN,Towers with Radar,76,60,18,0,154,1,10,18,0,29,77,70,36,0,183,6,0,6,189
10/13/2016,MHT,NH,ANE,EN,Towers with Radar,70,66,17,3,156,0,9,7,0,16,70,75,24,3,172,8,0,8,180
10/14/2016,MHT,NH,ANE,EN,Towers with Radar,74,53,19,4,150,0,19,32,0,51,74,72,51,4,201,24,0,24,225
10/15/2016,MHT,NH,ANE,EN,Towers with Radar,56,24,11,0,91,0,2,28,0,30,56,26,39,0,121,0,0,0,121
10/16/2016,MHT,NH,ANE,EN,Towers with Radar,61,30,19,0,110,0,9,19,0,28,61,39,38,0,138,8,0,8,146
10/17/2016,MHT,NH,ANE,EN,Towers with Radar,68,45,17,0,130,0,7,30,0,37,68,52,47,0,167,4,0,4,171
10/18/2016,MHT,NH,ANE,EN,Towers with Radar,81,88,15,0,184,0,0,4,0,4,81,88,19,0,188,2,0,2,190
10/19/2016,MHT,NH,ANE,EN,Towers with Radar,83,69,33,1,186,0,7,42,0,49,83,76,75,1,235,8,0,8,243
10/20/2016,MHT,NH,ANE,EN,Towers with Radar,69,64,24,2,159,0,11,23,3,37,69,75,47,5,196,10,0,10,206
10/21/2016,MHT,NH,ANE,EN,Towers with Radar,70,46,14,2,132,0,0,0,0,0,70,46,14,2,132,0,0,0,132
10/22/2016,MHT,NH,ANE,EN,Towers with Radar,53,21,11,0,85,0,0,0,0,0,53,21,11,0,85,0,0,0,85
10/23/2016,MHT,NH,ANE,EN,Towers with Radar,63,24,9,0,96,0,6,7,0,13,63,30,16,0,109,0,0,0,109
10/24/2016,MHT,NH,ANE,EN,Towers with Radar,65,37,9,3,114,0,6,9,0,15,65,43,18,3,129,0,0,0,129
10/25/2016,MHT,NH,ANE,EN,Towers with Radar,77,64,23,0,164,0,17,35,0,52,77,81,58,0,216,24,0,24,240
10/26/2016,MHT,NH,ANE,EN,Towers with Radar,76,56,16,0,148,0,5,25,0,30,76,61,41,0,178,16,0,16,194
10/27/2016,MHT,NH,ANE,EN,Towers with Radar,68,66,14,2,150,0,7,13,2,22,68,73,27,4,172,6,0,6,178
10/28/2016,MHT,NH,ANE,EN,Towers with Radar,79,52,15,0,146,0,0,2,0,2,79,52,17,0,148,0,0,0,148
10/29/2016,MHT,NH,ANE,EN,Towers with Radar,51,25,15,0,91,0,2,9,0,11,51,27,24,0,102,8,0,8,110
10/30/2016,MHT,NH,ANE,EN,Towers with Radar,58,18,11,0,87,0,9,7,0,16,58,27,18,0,103,12,0,12,115
10/31/2016,MHT,NH,ANE,EN,Towers with Radar,76,39,10,1,126,0,2,25,1,28,76,41,35,2,154,4,0,4,158
11/01/2016,MHT,NH,ANE,EN,Towers with Radar,76,51,14,4,145,0,4,23,2,29,76,55,37,6,174,16,0,16,190
11/02/2016,MHT,NH,ANE,EN,Towers with Radar,68,61,17,0,146,1,15,28,0,44,69,76,45,0,190,0,0,0,190
11/03/2016,MHT,NH,ANE,EN,Towers with Radar,64,50,27,5,146,0,10,4,0,14,64,60,31,5,160,0,0,0,160
11/04/2016,MHT,NH,ANE,EN,Towers with Radar,63,39,26,0,128,0,15,16,0,31,63,54,42,0,159,4,0,4,163
11/05/2016,MHT,NH,ANE,EN,Towers with Radar,48,19,23,0,90,0,9,33,0,42,48,28,56,0,132,0,0,0,132
11/06/2016,MHT,NH,ANE,EN,Towers with Radar,55,23,6,0,84,0,6,21,0,27,55,29,27,0,111,8,0,8,119
11/07/2016,MHT,NH,ANE,EN,Towers with Radar,58,41,18,0,117,0,3,16,0,19,58,44,34,0,136,2,0,2,138
11/08/2016,MHT,NH,ANE,EN,Towers with Radar,57,59,10,0,126,0,8,32,1,41,57,67,42,1,167,16,0,16,183
11/09/2016,MHT,NH,ANE,EN,Towers with Radar,62,59,15,0,136,0,16,19,0,35,62,75,34,0,171,10,0,10,181
11/10/2016,MHT,NH,ANE,EN,Towers with Radar,64,51,16,0,131,0,9,22,0,31,64,60,38,0,162,0,0,0,162
11/11/2016,MHT,NH,ANE,EN,Towers with Radar,60,47,11,0,118,0,10,10,0,20,60,57,21,0,138,0,0,0,138
11/12/2016,MHT,NH,ANE,EN,Towers with Radar,43,18,14,1,76,0,7,35,4,46,43,25,49,5,122,10,0,10,132
11/13/2016,MHT,NH,ANE,EN,Towers with Radar,49,25,11,0,85,0,6,18,0,24,49,31,29,0,109,20,0,20,129
11/14/2016,MHT,NH,ANE,EN,Towers with Radar,59,38,21,1,119,0,13,34,0,47,59,51,55,1,166,28,0,28,194
11/15/2016,MHT,NH,ANE,EN,Towers with Radar,65,58,17,0,140,0,15,17,0,32,65,73,34,0,172,0,0,0,172
11/16/2016,MHT,NH,ANE,EN,Towers with Radar,67,66,12,0,145,0,19,36,0,55,67,85,48,0,200,30,0,30,230
11/17/2016,MHT,NH,ANE,EN,Towers with Radar,63,54,12,0,129,0,11,34,0,45,63,65,46,0,174,32,0,32,206
11/18/2016,MHT,NH,ANE,EN,Towers with Radar,61,46,8,6,121,0,5,51,0,56,61,51,59,6,177,28,0,28,205
11/19/2016,MHT,NH,ANE,EN,Towers with Radar,46,19,10,0,75,0,5,21,0,26,46,24,31,0,101,0,0,0,101
11/20/2016,MHT,NH,ANE,EN,Towers with Radar,48,21,10,0,79,0,0,4,0,4,48,21,14,0,83,0,0,0,83
11/21/2016,MHT,NH,ANE,EN,Towers with Radar,60,38,9,0,107,0,4,17,2,23,60,42,26,2,130,2,0,2,132
11/22/2016,MHT,NH,ANE,EN,Towers with Radar,67,60,11,0,138,0,10,27,0,37,67,70,38,0,175,4,0,4,179
11/23/2016,MHT,NH,ANE,EN,Towers with Radar,65,60,11,0,136,0,5,36,0,41,65,65,47,0,177,4,0,4,181
11/24/2016,MHT,NH,ANE,EN,Towers with Radar,31,13,2,0,46,0,0,1,0,1,31,13,3,0,47,0,0,0,47
11/25/2016,MHT,NH,ANE,EN,Towers with Radar,46,29,5,0,80,0,0,0,0,0,46,29,5,0,80,0,0,0,80
11/26/2016,MHT,NH,ANE,EN,Towers with Radar,51,25,8,0,84,0,0,8,0,8,51,25,16,0,92,0,0,0,92
11/27/2016,MHT,NH,ANE,EN,Towers with Radar,55,24,12,0,91,0,0,28,0,28,55,24,40,0,119,2,0,2,121
11/28/2016,MHT,NH,ANE,EN,Towers with Radar,57,49,13,1,120,0,11,23,0,34,57,60,36,1,154,0,0,0,154
11/29/2016,MHT,NH,ANE,EN,Towers with Radar,65,65,16,4,150,0,0,0,0,0,65,65,16,4,150,0,0,0,150
11/30/2016,MHT,NH,ANE,EN,Towers with Radar,61,65,16,2,144,0,3,3,0,6,61,68,19,2,150,0,0,0,150
12/01/2016,MHT,NH,ANE,EN,Towers with Radar,60,68,14,2,144,0,6,19,2,27,60,74,33,4,171,10,0,10,181
12/02/2016,MHT,NH,ANE,EN,Towers with Radar,55,55,13,0,123,0,9,51,0,60,55,64,64,0,183,0,0,0,183
12/03/2016,MHT,NH,ANE,EN,Towers with Radar,38,24,9,0,71,0,10,24,0,34,38,34,33,0,105,0,0,0,105
12/04/2016,MHT,NH,ANE,EN,Towers with Radar,44,43,14,0,101,0,16,23,0,39,44,59,37,0,140,8,0,8,148
12/05/2016,MHT,NH,ANE,EN,Towers with Radar,49,51,6,0,106,0,0,1,0,1,49,51,7,0,107,0,0,0,107
12/06/2016,MHT,NH,ANE,EN,Towers with Radar,59,76,20,0,155,0,7,28,0,35,59,83,48,0,190,6,0,6,196
12/07/2016,MHT,NH,ANE,EN,Towers with Radar,56,57,13,2,128,0,1,4,0,5,56,58,17,2,133,0,0,0,133
12/08/2016,MHT,NH,ANE,EN,Towers with Radar,64,67,19,4,154,0,7,18,0,25,64,74,37,4,179,20,0,20,199
12/09/2016,MHT,NH,ANE,EN,Towers with Radar,58,49,17,1,125,0,3,19,4,26,58,52,36,5,151,0,0,0,151
12/10/2016,MHT,NH,ANE,EN,Towers with Radar,37,28,10,0,75,0,4,19,0,23,37,32,29,0,98,12,0,12,110
12/11/2016,MHT,NH,ANE,EN,Towers with Radar,40,31,3,0,74,0,9,31,0,40,40,40,34,0,114,10,0,10,124
12/12/2016,MHT,NH,ANE,EN,Towers with Radar,53,46,6,4,109,0,5,6,0,11,53,51,12,4,120,0,0,0,120
12/13/2016,MHT,NH,ANE,EN,Towers with Radar,60,61,14,0,135,0,5,36,0,41,60,66,50,0,176,26,0,26,202
12/14/2016,MHT,NH,ANE,EN,Towers with Radar,61,71,6,4,142,0,11,56,6,73,61,82,62,10,215,8,0,8,223
12/15/2016,MHT,NH,ANE,EN,Towers with Radar,63,69,20,0,152,0,7,10,0,17,63,76,30,0,169,6,0,6,175
12/16/2016,MHT,NH,ANE,EN,Towers with Radar,55,57,12,10,134,0,4,26,1,31,55,61,38,11,165,20,0,20,185
12/17/2016,MHT,NH,ANE,EN,Towers with Radar,38,21,3,0,62,0,0,1,0,1,38,21,4,0,63,0,0,0,63
12/18/2016,MHT,NH,ANE,EN,Towers with Radar,49,18,4,0,71,1,2,4,0,7,50,20,8,0,78,0,0,0,78
12/19/2016,MHT,NH,ANE,EN,Towers with Radar,59,50,10,2,121,0,9,19,0,28,59,59,29,2,149,0,0,0,149
12/20/2016,MHT,NH,ANE,EN,Towers with Radar,62,68,9,0,139,0,5,34,1,40,62,73,43,1,179,0,0,0,179
12/21/2016,MHT,NH,ANE,EN,Towers with Radar,67,59,15,0,141,0,6,25,0,31,67,65,40,0,172,2,0,2,174
12/22/2016,MHT,NH,ANE,EN,Towers with Radar,63,62,9,5,139,0,0,7,0,7,63,62,16,5,146,0,0,0,146
12/23/2016,MHT,NH,ANE,EN,Towers with Radar,61,58,3,0,122,0,10,33,0,43,61,68,36,0,165,16,0,16,181
12/24/2016,MHT,NH,ANE,EN,Towers with Radar,41,36,1,0,78,0,5,9,0,14,41,41,10,0,92,0,0,0,92
12/25/2016,MHT,NH,ANE,EN,Towers with Radar,30,15,0,0,45,0,15,11,0,26,30,30,11,0,71,0,0,0,71
12/26/2016,MHT,NH,ANE,EN,Towers with Radar,38,40,7,0,85,0,9,19,0,28,38,49,26,0,113,0,0,0,113
12/27/2016,MHT,NH,ANE,EN,Towers with Radar,47,51,2,0,100,0,17,17,0,34,47,68,19,0,134,26,0,26,160
12/28/2016,MHT,NH,ANE,EN,Towers with Radar,58,60,7,0,125,0,7,30,0,37,58,67,37,0,162,16,0,16,178
12/29/2016,MHT,NH,ANE,EN,Towers with Radar,54,44,1,0,99,0,1,0,0,1,54,45,1,0,100,0,0,0,100
12/30/2016,MHT,NH,ANE,EN,Towers with Radar,54,40,3,0,97,0,4,11,0,15,54,44,14,0,112,0,0,0,112
12/31/2016,MHT,NH,ANE,EN,Towers with Radar,37,27,5,0,69,0,11,23,0,34,37,38,28,0,103,16,0,16,119
01/01/2017,MHT,NH,ANE,EN,Towers with Radar,39,16,6,0,61,0,2,2,0,4,39,18,8,0,65,0,0,0,65
01/02/2017,MHT,NH,ANE,EN,Towers with Radar,38,36,12,0,86,0,2,14,0,16,38,38,26,0,102,4,0,4,106
01/03/2017,MHT,NH,ANE,EN,Towers with Radar,47,46,11,0,104,0,0,0,0,0,47,46,11,0,104,0,0,0,104
01/04/2017,MHT,NH,ANE,EN,Towers with Radar,56,59,13,15,143,0,2,8,1,11,56,61,21,16,154,2,4,6,160
01/05/2017,MHT,NH,ANE,EN,Towers with Radar,45,55,11,0,111,0,5,12,0,17,45,60,23,0,128,0,0,0,128
01/06/2017,MHT,NH,ANE,EN,Towers with Radar,41,47,3,0,91,0,0,8,2,10,41,47,11,2,101,0,0,0,101
01/07/2017,MHT,NH,ANE,EN,Towers with Radar,38,22,10,0,70,0,0,5,0,5,38,22,15,0,75,10,0,10,85
01/08/2017,MHT,NH,ANE,EN,Towers with Radar,46,22,9,0,77,0,4,7,0,11,46,26,16,0,88,0,0,0,88
01/09/2017,MHT,NH,ANE,EN,Towers with Radar,51,40,15,0,106,0,5,16,0,21,51,45,31,0,127,6,0,6,133
01/10/2017,MHT,NH,ANE,EN,Towers with Radar,54,53,13,0,120,0,1,7,0,8,54,54,20,0,128,0,0,0,128
01/11/2017,MHT,NH,ANE,EN,Towers with Radar,52,48,10,0,110,0,5,6,0,11,52,53,16,0,121,6,0,6,127
01/12/2017,MHT,NH,ANE,EN,Towers with Radar,54,55,6,0,115,0,2,0,0,2,54,57,6,0,117,0,0,0,117
01/13/2017,MHT,NH,ANE,EN,Towers with Radar,55,41,10,2,108,0,6,13,0,19,55,47,23,2,127,0,0,0,127
01/14/2017,MHT,NH,ANE,EN,Towers with Radar,47,19,11,0,77,0,8,13,0,21,47,27,24,0,98,6,0,6,104
01/15/2017,MHT,NH,ANE,EN,Towers with Radar,42,19,14,0,75,0,6,13,1,20,42,25,27,1,95,11,0,11,106
01/16/2017,MHT,NH,ANE,EN,Towers with Radar,52,34,16,0,102,0,10,15,0,25,52,44,31,0,127,12,0,12,139
01/17/2017,MHT,NH,ANE,EN,Towers with Radar,48,42,26,0,116,0,1,8,0,9,48,43,34,0,125,8,0,8,133
01/18/2017,MHT,NH,ANE,EN,Towers with Radar,53,55,6,4,118,0,0,0,0,0,53,55,6,4,118,0,0,0,118
01/19/2017,MHT,NH,ANE,EN,Towers with Radar,56,49,9,10,124,0,2,0,0,2,56,51,9,10,126,0,0,0,126
01/20/2017,MHT,NH,ANE,EN,Towers with Radar,54,39,16,0,109,0,6,10,0,16,54,45,26,0,125,0,0,0,125
01/21/2017,MHT,NH,ANE,EN,Towers with Radar,51,18,13,2,84,0,3,16,0,19,51,21,29,2,103,0,0,0,103
01/22/2017,MHT,NH,ANE,EN,Towers with Radar,44,21,16,0,81,0,0,2,0,2,44,21,18,0,83,4,0,4,87
01/23/2017,MHT,NH,ANE,EN,Towers with Radar,51,40,6,0,97,0,0,0,0,0,51,40,6,0,97,0,0,0,97
01/24/2017,MHT,NH,ANE,EN,Towers with Radar,51,58,11,0,120,0,0,0,0,0,51,58,11,0,120,0,0,0,120
01/25/2017,MHT,NH,ANE,EN,Towers with Radar,54,50,21,8,133,0,7,17,0,24,54,57,38,8,157,18,0,18,175
01/26/2017,MHT,NH,ANE,EN,Towers with Radar,57,53,9,0,119,0,6,21,0,27,57,59,30,0,146,0,0,0,146
01/27/2017,MHT,NH,ANE,EN,Towers with Radar,52,37,16,0,105,0,8,9,0,17,52,45,25,0,122,2,0,2,124
01/28/2017,MHT,NH,ANE,EN,Towers with Radar,55,23,11,0,89,0,4,12,0,16,55,27,23,0,105,0,0,0,105
01/29/2017,MHT,NH,ANE,EN,Towers with Radar,46,21,16,0,83,0,5,22,0,27,46,26,38,0,110,30,0,30,140
01/30/2017,MHT,NH,ANE,EN,Towers with Radar,51,36,8,0,95,0,8,13,0,21,51,44,21,0,116,0,0,0,116
01/31/2017,MHT,NH,ANE,EN,Towers with Radar,47,52,13,0,112,0,6,7,0,13,47,58,20,0,125,20,0,20,145
02/01/2017,MHT,NH,ANE,EN,Towers with Radar,51,53,14,2,120,0,0,1,0,1,51,53,15,2,121,4,0,4,125
02/02/2017,MHT,NH,ANE,EN,Towers with Radar,58,54,13,0,125,0,3,9,0,12,58,57,22,0,137,6,0,6,143
02/03/2017,MHT,NH,ANE,EN,Towers with Radar,54,35,16,0,105,0,10,30,0,40,54,45,46,0,145,6,0,6,151
02/04/2017,MHT,NH,ANE,EN,Towers with Radar,49,17,19,2,87,0,11,20,0,31,49,28,39,2,118,0,0,0,118
02/05/2017,MHT,NH,ANE,EN,Towers with Radar,38,13,4,0,55,0,8,12,4,24,38,21,16,4,79,6,0,6,85
02/06/2017,MHT,NH,ANE,EN,Towers with Radar,47,42,22,0,111,0,3,18,0,21,47,45,40,0,132,0,0,0,132
02/07/2017,MHT,NH,ANE,EN,Towers with Radar,50,46,5,0,101,0,0,0,0,0,50,46,5,0,101,0,0,0,101
02/08/2017,MHT,NH,ANE,EN,Towers with Radar,53,60,13,4,130,0,6,12,0,18,53,66,25,4,148,10,0,10,158
02/09/2017,MHT,NH,ANE,EN,Towers with Radar,29,18,6,0,53,0,0,0,0,0,29,18,6,0,53,0,0,0,53
02/10/2017,MHT,NH,ANE,EN,Towers with Radar,48,46,6,0,100,0,5,6,0,11,48,51,12,0,111,0,0,0,111
02/11/2017,MHT,NH,ANE,EN,Towers with Radar,53,23,1,0,77,0,0,0,0,0,53,23,1,0,77,0,0,0,77
02/12/2017,MHT,NH,ANE,EN,Towers with Radar,26,8,2,0,36,0,0,0,0,0,26,8,2,0,36,0,0,0,36
02/13/2017,MHT,NH,ANE,EN,Towers with Radar,24,19,6,0,49,0,0,2,0,2,24,19,8,0,51,0,0,0,51
02/14/2017,MHT,NH,ANE,EN,Towers with Radar,50,64,14,0,128,0,13,8,0,21,50,77,22,0,149,0,0,0,149
02/15/2017,MHT,NH,ANE,EN,Towers with Radar,49,60,10,0,119,0,1,0,0,1,49,61,10,0,120,0,0,0,120
02/16/2017,MHT,NH,ANE,EN,Towers with Radar,53,53,13,0,119,0,1,6,0,7,53,54,19,0,126,8,0,8,134
02/17/2017,MHT,NH,ANE,EN,Towers with Radar,53,52,12,0,117,0,7,18,0,25,53,59,30,0,142,22,0,22,164
02/18/2017,MHT,NH,ANE,EN,Towers with Radar,50,20,6,0,76,0,4,22,0,26,50,24,28,0,102,0,0,0,102
02/19/2017,MHT,NH,ANE,EN,Towers with Radar,51,21,4,0,76,0,6,25,0,31,51,27,29,0,107,22,0,22,129
02/20/2017,MHT,NH,ANE,EN,Towers with Radar,52,40,7,0,99,0,4,15,0,19,52,44,22,0,118,4,0,4,122
02/21/2017,MHT,NH,ANE,EN,Towers with Radar,56,59,9,1,125,0,5,18,3,26,56,64,27,4,151,18,0,18,169
02/22/2017,MHT,NH,ANE,EN,Towers with Radar,56,57,15,3,131,0,8,7,0,15,56,65,22,3,146,18,0,18,164
02/23/2017,MHT,NH,ANE,EN,Towers with Radar,59,51,5,0,115,0,7,25,1,33,59,58,30,1,148,32,0,32,180
02/24/2017,MHT,NH,ANE,EN,Towers with Radar,54,41,24,0,119,0,4,15,0,19,54,45,39,0,138,8,0,8,146
02/25/2017,MHT,NH,ANE,EN,Towers with Radar,50,19,7,2,78,0,2,3,0,5,50,21,10,2,83,0,0,0,83
02/26/2017,MHT,NH,ANE,EN,Towers with Radar,48,23,11,0,82,0,8,9,0,17,48,31,20,0,99,16,0,16,115
02/27/2017,MHT,NH,ANE,EN,Towers with Radar,54,39,4,2,99,0,7,10,0,17,54,46,14,2,116,0,0,0,116
02/28/2017,MHT,NH,ANE,EN,Towers with Radar,57,60,10,0,127,0,10,10,0,20,57,70,20,0,147,0,0,0,147
03/01/2017,MHT,NH,ANE,EN,Towers with Radar,54,58,11,0,123,0,0,2,0,2,54,58,13,0,125,2,0,2,127
03/02/2017,MHT,NH,ANE,EN,Towers with Radar,64,52,4,0,120,0,2,6,0,8,64,54,10,0,128,0,0,0,128
03/03/2017,MHT,NH,ANE,EN,Towers with Radar,56,51,15,0,122,0,1,8,0,9,56,52,23,0,131,0,0,0,131
03/04/2017,MHT,NH,ANE,EN,Towers with Radar,52,20,4,0,76,0,8,2,0,10,52,28,6,0,86,2,0,2,88
03/05/2017,MHT,NH,ANE,EN,Towers with Radar,47,20,14,0,81,0,12,4,0,16,47,32,18,0,97,0,0,0,97
03/06/2017,MHT,NH,ANE,EN,Towers with Radar,47,45,17,0,109,0,14,15,0,29,47,59,32,0,138,16,0,16,154
03/07/2017,MHT,NH,ANE,EN,Towers with Radar,56,54,13,0,123,0,0,3,0,3,56,54,16,0,126,0,0,0,126
03/08/2017,MHT,NH,ANE,EN,Towers with Radar,51,57,14,8,130,0,0,11,2,13,51,57,25,10,143,20,0,20,163
03/09/2017,MHT,NH,ANE,EN,Towers with Radar,57,52,12,8,129,0,5,2,0,7,57,57,14,8,136,0,0,0,136
03/10/2017,MHT,NH,ANE,EN,Towers with Radar,55,42,10,0,107,0,3,0,0,3,55,45,10,0,110,0,0,0,110
03/11/2017,MHT,NH,ANE,EN,Towers with Radar,47,37,6,0,90,0,9,0,0,9,47,46,6,0,99,0,0,0,99
03/12/2017,MHT,NH,ANE,EN,Towers with Radar,46,30,4,0,80,0,8,1,0,9,46,38,5,0,89,0,0,0,89
03/13/2017,MHT,NH,ANE,EN,Towers with Radar,40,42,10,0,92,0,6,8,0,14,40,48,18,0,106,0,0,0,106
03/14/2017,MHT,NH,ANE,EN,Towers with Radar,10,11,2,0,23,0,1,0,0,1,10,12,2,0,24,0,0,0,24
03/15/2017,MHT,NH,ANE,EN,Towers with Radar,39,53,8,0,100,0,5,2,0,7,39,58,10,0,107,2,0,2,109
03/16/2017,MHT,NH,ANE,EN,Towers with Radar,61,57,8,0,126,0,4,5,0,9,61,61,13,0,135,12,0,12,147
03/17/2017,MHT,NH,ANE,EN,Towers with Radar,49,58,3,10,120,0,8,7,2,17,49,66,10,12,137,6,0,6,143
03/18/2017,MHT,NH,ANE,EN,Towers with Radar,49,30,10,0,89,0,5,24,0,29,49,35,34,0,118,52,0,52,170
03/19/2017,MHT,NH,ANE,EN,Towers with Radar,43,22,12,0,77,0,4,2,0,6,43,26,14,0,83,3,0,3,86
03/20/2017,MHT,NH,ANE,EN,Towers with Radar,51,42,14,0,107,0,3,20,0,23,51,45,34,0,130,2,0,2,132
03/21/2017,MHT,NH,ANE,EN,Towers with Radar,55,65,24,0,144,0,6,13,0,19,55,71,37,0,163,0,0,0,163
03/22/2017,MHT,NH,ANE,EN,Towers with Radar,55,62,16,0,133,0,4,7,0,11,55,66,23,0,144,4,0,4,148
03/23/2017,MHT,NH,ANE,EN,Towers with Radar,58,67,16,0,141,0,4,17,0,21,58,71,33,0,162,10,0,10,172
03/24/2017,MHT,NH,ANE,EN,Towers with Radar,53,64,13,0,130,0,4,19,0,23,53,68,32,0,153,0,0,0,153
03/25/2017,MHT,NH,ANE,EN,Towers with Radar,47,33,8,0,88,0,1,0,0,1,47,34,8,0,89,0,0,0,89
03/26/2017,MHT,NH,ANE,EN,Towers with Radar,46,25,11,0,82,0,9,15,0,24,46,34,26,0,106,16,0,16,122
03/27/2017,MHT,NH,ANE,EN,Towers with Radar,49,42,9,0,100,0,0,0,0,0,49,42,9,0,100,0,0,0,100
03/28/2017,MHT,NH,ANE,EN,Towers with Radar,57,60,16,8,141,0,0,0,0,0,57,60,16,8,141,0,0,0,141
03/29/2017,MHT,NH,ANE,EN,Towers with Radar,55,64,19,0,138,0,4,13,0,17,55,68,32,0,155,12,0,12,167
03/30/2017,MHT,NH,ANE,EN,Towers with Radar,56,56,22,2,136,0,8,24,0,32,56,64,46,2,168,0,0,0,168
03/31/2017,MHT,NH,ANE,EN,Towers with Radar,50,41,10,2,103,0,0,1,0,1,50,41,11,2,104,0,0,0,104
04/01/2017,MHT,NH,ANE,EN,Towers with Radar,40,27,2,0,69,0,0,0,0,0,40,27,2,0,69,0,0,0,69
04/02/2017,MHT,NH,ANE,EN,Towers with Radar,44,33,17,0,94,0,4,12,0,16,44,37,29,0,110,20,0,20,130
04/03/2017,MHT,NH,ANE,EN,Towers with Radar,50,44,16,13,123,0,7,30,0,37,50,51,46,13,160,32,0,32,192
04/04/2017,MHT,NH,ANE,EN,Towers with Radar,61,50,13,0,124,0,0,0,0,0,61,50,13,0,124,0,0,0,124
04/05/2017,MHT,NH,ANE,EN,Towers with Radar,61,56,19,0,136,0,0,2,0,2,61,56,21,0,138,0,0,0,138
04/06/2017,MHT,NH,ANE,EN,Towers with Radar,53,40,9,0,102,0,0,0,0,0,53,40,9,0,102,0,0,0,102
04/07/2017,MHT,NH,ANE,EN,Towers with Radar,64,46,13,1,124,0,2,6,0,8,64,48,19,1,132,0,0,0,132
04/08/2017,MHT,NH,ANE,EN,Towers with Radar,46,23,8,3,80,0,4,7,0,11,46,27,15,3,91,0,0,0,91
04/09/2017,MHT,NH,ANE,EN,Towers with Radar,53,25,15,0,93,0,6,30,0,36,53,31,45,0,129,0,0,0,129
04/10/2017,MHT,NH,ANE,EN,Towers with Radar,55,39,11,0,105,0,12,30,0,42,55,51,41,0,147,8,0,8,155
04/11/2017,MHT,NH,ANE,EN,Towers with Radar,62,47,18,3,130,0,11,19,1,31,62,58,37,4,161,0,0,0,161
04/12/2017,MHT,NH,ANE,EN,Towers with Radar,62,58,14,1,135,0,2,4,0,6,62,60,18,1,141,0,0,0,141
04/13/2017,MHT,NH,ANE,EN,Towers with Radar,64,59,39,8,170,0,6,13,2,21,64,65,52,10,191,0,0,0,191
04/14/2017,MHT,NH,ANE,EN,Towers with Radar,61,39,14,3,117,0,7,40,0,47,61,46,54,3,164,0,0,0,164
04/15/2017,MHT,NH,ANE,EN,Towers with Radar,45,22,4,0,71,0,6,8,0,14,45,28,12,0,85,0,0,0,85
04/16/2017,MHT,NH,ANE,EN,Towers with Radar,53,17,8,2,80,0,7,4,0,11,53,24,12,2,91,0,0,0,91
04/17/2017,MHT,NH,ANE,EN,Towers with Radar,58,39,12,9,118,0,8,11,1,20,58,47,23,10,138,0,0,0,138
04/18/2017,MHT,NH,ANE,EN,Towers with Radar,63,50,19,4,136,0,3,16,0,19,63,53,35,4,155,0,0,0,155
04/19/2017,MHT,NH,ANE,EN,Towers with Radar,61,62,17,1,141,0,1,19,1,21,61,63,36,2,162,0,0,0,162
04/20/2017,MHT,NH,ANE,EN,Towers with Radar,64,57,20,17,158,0,3,3,0,6,64,60,23,17,164,20,0,20,184
04/21/2017,MHT,NH,ANE,EN,Towers with Radar,65,43,11,0,119,0,0,0,0,0,65,43,11,0,119,0,0,0,119
04/22/2017,MHT,NH,ANE,EN,Towers with Radar,53,30,12,0,95,0,0,0,0,0,53,30,12,0,95,0,0,0,95
04/23/2017,MHT,NH,ANE,EN,Towers with Radar,53,32,11,0,96,0,3,30,0,33,53,35,41,0,129,14,0,14,143
04/24/2017,MHT,NH,ANE,EN,Towers with Radar,63,33,16,0,112,0,9,26,2,37,63,42,42,2,149,28,0,28,177
04/25/2017,MHT,NH,ANE,EN,Towers with Radar,66,52,14,2,134,0,3,0,0,3,66,55,14,2,137,0,0,0,137
04/26/2017,MHT,NH,ANE,EN,Towers with Radar,68,64,12,0,144,0,0,0,0,0,68,64,12,0,144,0,0,0,144
04/27/2017,MHT,NH,ANE,EN,Towers with Radar,69,51,35,2,157,0,0,5,0,5,69,51,40,2,162,0,0,0,162
04/28/2017,MHT,NH,ANE,EN,Towers with Radar,72,56,10,0,138,0,5,23,1,29,72,61,33,1,167,0,0,0,167
04/29/2017,MHT,NH,ANE,EN,Towers with Radar,53,25,27,0,105,0,7,16,4,27,53,32,43,4,132,2,0,2,134
04/30/2017,MHT,NH,ANE,EN,Towers with Radar,58,25,13,0,96,0,7,19,0,26,58,32,32,0,122,4,0,4,126
05/01/2017,MHT,NH,ANE,EN,Towers with Radar,62,27,13,2,104,0,0,2,0,2,62,27,15,2,106,0,0,0,106
05/02/2017,MHT,NH,ANE,EN,Towers with Radar,69,48,16,4,137,0,2,8,0,10,69,50,24,4,147,14,0,14,161
05/03/2017,MHT,NH,ANE,EN,Towers with Radar,69,48,9,0,126,0,11,16,0,27,69,59,25,0,153,0,0,0,153
05/04/2017,MHT,NH,ANE,EN,Towers with Radar,72,48,10,1,131,0,7,28,0,35,72,55,38,1,166,8,0,8,174
05/05/2017,MHT,NH,ANE,EN,Towers with Radar,63,38,8,0,109,0,8,2,0,10,63,46,10,0,119,4,0,4,123
05/06/2017,MHT,NH,ANE,EN,Towers with Radar,54,21,17,0,92,0,0,3,0,3,54,21,20,0,95,0,0,0,95
05/07/2017,MHT,NH,ANE,EN,Towers with Radar,52,21,16,0,89,0,0,10,0,10,52,21,26,0,99,16,0,16,115
05/08/2017,MHT,NH,ANE,EN,Towers with Radar,66,34,12,11,123,0,7,14,1,22,66,41,26,12,145,16,0,16,161
05/09/2017,MHT,NH,ANE,EN,Towers with Radar,72,47,18,0,137,0,7,16,0,23,72,54,34,0,160,16,0,16,176
05/10/2017,MHT,NH,ANE,EN,Towers with Radar,71,42,18,2,133,0,4,27,0,31,71,46,45,2,164,16,0,16,180
05/11/2017,MHT,NH,ANE,EN,Towers with Radar,72,47,21,0,140,0,5,14,0,19,72,52,35,0,159,16,0,16,175
05/12/2017,MHT,NH,ANE,EN,Towers with Radar,68,39,18,0,125,0,6,10,0,16,68,45,28,0,141,8,0,8,149
05/13/2017,MHT,NH,ANE,EN,Towers with Radar,48,30,37,2,117,0,6,10,0,16,48,36,47,2,133,18,0,18,151
05/14/2017,MHT,NH,ANE,EN,Towers with Radar,54,21,7,0,82,0,0,0,0,0,54,21,7,0,82,0,0,0,82
05/15/2017,MHT,NH,ANE,EN,Towers with Radar,67,42,17,0,126,0,5,4,0,9,67,47,21,0,135,0,0,0,135
05/16/2017,MHT,NH,ANE,EN,Towers with Radar,72,46,15,0,133,0,7,14,0,21,72,53,29,0,154,4,0,4,158
05/17/2017,MHT,NH,ANE,EN,Towers with Radar,70,49,18,0,137,0,8,26,0,34,70,57,44,0,171,0,0,0,171
05/18/2017,MHT,NH,ANE,EN,Towers with Radar,74,44,13,0,131,0,4,21,4,29,74,48,34,4,160,0,0,0,160
05/19/2017,MHT,NH,ANE,EN,Towers with Radar,70,36,5,0,111,0,8,17,0,25,70,44,22,0,136,0,0,0,136
05/20/2017,MHT,NH,ANE,EN,Towers with Radar,58,14,9,0,81,0,13,30,0,43,58,27,39,0,124,14,0,14,138
05/21/2017,MHT,NH,ANE,EN,Towers with Radar,58,20,9,0,87,0,6,20,0,26,58,26,29,0,113,6,0,6,119
05/22/2017,MHT,NH,ANE,EN,Towers with Radar,68,39,16,0,123,0,5,1,0,6,68,44,17,0,129,18,0,18,147
05/23/2017,MHT,NH,ANE,EN,Towers with Radar,73,43,18,0,134,0,4,21,0,25,73,47,39,0,159,18,0,18,177
05/24/2017,MHT,NH,ANE,EN,Towers with Radar,72,40,21,0,133,0,10,22,1,33,72,50,43,1,166,0,0,0,166
05/25/2017,MHT,NH,ANE,EN,Towers with Radar,72,38,25,0,135,0,0,2,0,2,72,38,27,0,137,0,0,0,137
05/26/2017,MHT,NH,ANE,EN,Towers with Radar,75,34,32,0,141,0,1,2,0,3,75,35,34,0,144,0,0,0,144
05/27/2017,MHT,NH,ANE,EN,Towers with Radar,51,21,9,0,81,0,9,22,0,31,51,30,31,0,112,54,0,54,166
05/28/2017,MHT,NH,ANE,EN,Towers with Radar,46,12,17,0,75,0,10,13,2,25,46,22,30,2,100,16,0,16,116
05/29/2017,MHT,NH,ANE,EN,Towers with Radar,53,20,11,0,84,0,0,0,0,0,53,20,11,0,84,0,0,0,84
05/30/2017,MHT,NH,ANE,EN,Towers with Radar,64,37,14,0,115,0,2,0,0,2,64,39,14,0,117,0,0,0,117
05/31/2017,MHT,NH,ANE,EN,Towers with Radar,81,51,26,2,160,0,3,1,0,4,81,54,27,2,164,0,0,0,164
06/01/2017,MHT,NH,ANE,EN,Towers with Radar,71,52,22,2,147,0,1,23,0,24,71,53,45,2,171,26,0,26,197
06/02/2017,MHT,NH,ANE,EN,Towers with Radar,66,39,9,12,126,0,10,14,0,24,66,49,23,12,150,6,0,6,156
06/03/2017,MHT,NH,ANE,EN,Towers with Radar,43,22,14,0,79,0,11,17,2,30,43,33,31,2,109,12,8,20,129
06/04/2017,MHT,NH,ANE,EN,Towers with Radar,54,19,18,2,93,0,12,7,0,19,54,31,25,2,112,30,0,30,142
06/05/2017,MHT,NH,ANE,EN,Towers with Radar,69,28,12,0,109,0,0,0,0,0,69,28,12,0,109,0,0,0,109
06/06/2017,MHT,NH,ANE,EN,Towers with Radar,75,47,16,12,150,0,0,0,0,0,75,47,16,12,150,0,0,0,150
06/07/2017,MHT,NH,ANE,EN,Towers with Radar,71,45,10,0,126,0,5,17,0,22,71,50,27,0,148,8,0,8,156
06/08/2017,MHT,NH,ANE,EN,Towers with Radar,73,50,12,1,136,0,9,31,3,43,73,59,43,4,179,4,0,4,183
06/09/2017,MHT,NH,ANE,EN,Towers with Radar,72,36,27,0,135,0,3,16,0,19,72,39,43,0,154,0,0,0,154
06/10/2017,MHT,NH,ANE,EN,Towers with Radar,52,19,8,0,79,0,9,16,0,25,52,28,24,0,104,0,0,0,104
06/11/2017,MHT,NH,ANE,EN,Towers with Radar,61,23,23,0,107,0,9,11,1,21,61,32,34,1,128,10,0,10,138
06/12/2017,MHT,NH,ANE,EN,Towers with Radar,67,38,11,7,123,0,10,12,0,22,67,48,23,7,145,8,0,8,153
06/13/2017,MHT,NH,ANE,EN,Towers with Radar,78,65,14,0,157,0,0,23,0,23,78,65,37,0,180,14,0,14,194
06/14/2017,MHT,NH,ANE,EN,Towers with Radar,71,49,21,0,141,0,4,29,0,33,71,53,50,0,174,14,0,14,188
06/15/2017,MHT,NH,ANE,EN,Towers with Radar,69,45,20,0,134,0,8,30,5,43,69,53,50,5,177,6,0,6,183
06/16/2017,MHT,NH,ANE,EN,Towers with Radar,74,42,18,0,134,0,1,10,0,11,74,43,28,0,145,0,0,0,145
06/17/2017,MHT,NH,ANE,EN,Towers with Radar,54,26,11,0,91,0,1,0,0,1,54,27,11,0,92,0,0,0,92
06/18/2017,MHT,NH,ANE,EN,Towers with Radar,55,23,10,0,88,0,4,0,0,4,55,27,10,0,92,4,0,4,96
06/19/2017,MHT,NH,ANE,EN,Towers with Radar,49,32,18,0,99,0,2,4,0,6,49,34,22,0,105,4,0,4,109
06/20/2017,MHT,NH,ANE,EN,Towers with Radar,67,47,14,0,128,0,5,23,0,28,67,52,37,0,156,0,0,0,156
06/21/2017,MHT,NH,ANE,EN,Towers with Radar,74,47,11,0,132,0,9,24,0,33,74,56,35,0,165,8,0,8,173
06/22/2017,MHT,NH,ANE,EN,Towers with Radar,69,50,18,4,141,0,6,23,0,29,69,56,41,4,170,0,4,4,174
06/23/2017,MHT,NH,ANE,EN,Towers with Radar,68,39,10,0,117,0,8,12,0,20,68,47,22,0,137,24,0,24,161
06/24/2017,MHT,NH,ANE,EN,Towers with Radar,51,27,8,0,86,0,8,4,0,12,51,35,12,0,98,14,0,14,112
06/25/2017,MHT,NH,ANE,EN,Towers with Radar,57,23,14,0,94,0,8,27,0,35,57,31,41,0,129,12,0,12,141
06/26/2017,MHT,NH,ANE,EN,Towers with Radar,68,35,17,0,120,0,6,15,0,21,68,41,32,0,141,0,0,0,141
06/27/2017,MHT,NH,ANE,EN,Towers with Radar,74,53,17,0,144,0,0,14,0,14,74,53,31,0,158,16,0,16,174
06/28/2017,MHT,NH,ANE,EN,Towers with Radar,74,49,18,0,141,0,4,40,0,44,74,53,58,0,185,14,0,14,199
06/29/2017,MHT,NH,ANE,EN,Towers with Radar,71,52,9,8,140,0,3,18,0,21,71,55,27,8,161,28,10,38,199
06/30/2017,MHT,NH,ANE,EN,Towers with Radar,68,48,16,0,132,0,2,21,0,23,68,50,37,0,155,0,0,0,155
07/01/2017,MHT,NH,ANE,EN,Towers with Radar,52,18,16,0,86,0,7,6,0,13,52,25,22,0,99,2,0,2,101
07/02/2017,MHT,NH,ANE,EN,Towers with Radar,48,17,3,0,68,0,5,12,0,17,48,22,15,0,85,0,0,0,85
07/03/2017,MHT,NH,ANE,EN,Towers with Radar,52,34,6,0,92,0,10,14,0,24,52,44,20,0,116,4,0,4,120
07/04/2017,MHT,NH,ANE,EN,Towers with Radar,47,11,2,0,60,0,6,7,0,13,47,17,9,0,73,0,0,0,73
07/05/2017,MHT,NH,ANE,EN,Towers with Radar,61,53,10,0,124,0,6,27,0,33,61,59,37,0,157,0,0,0,157
07/06/2017,MHT,NH,ANE,EN,Towers with Radar,67,54,13,3,137,0,13,29,1,43,67,67,42,4,180,12,2,14,194
07/07/2017,MHT,NH,ANE,EN,Towers with Radar,62,46,17,2,127,0,9,28,0,37,62,55,45,2,164,0,0,0,164
07/08/2017,MHT,NH,ANE,EN,Towers with Radar,49,34,8,0,91,0,1,24,1,26,49,35,32,1,117,0,0,0,117
07/09/2017,MHT,NH,ANE,EN,Towers with Radar,53,25,7,0,85,0,8,19,0,27,53,33,26,0,112,20,0,20,132
07/10/2017,MHT,NH,ANE,EN,Towers with Radar,60,46,11,6,123,0,7,34,0,41,60,53,45,6,164,20,0,20,184
07/11/2017,MHT,NH,ANE,EN,Towers with Radar,70,65,11,0,146,0,4,3,0,7,70,69,14,0,153,20,0,20,173
07/12/2017,MHT,NH,ANE,EN,Towers with Radar,71,59,24,0,154,0,2,18,0,20,71,61,42,0,174,0,0,0,174
07/13/2017,MHT,NH,ANE,EN,Towers with Radar,67,55,43,0,165,0,1,0,0,1,67,56,43,0,166,4,0,4,170
07/14/2017,MHT,NH,ANE,EN,Towers with Radar,61,45,17,0,123,0,0,10,0,10,61,45,27,0,133,0,0,0,133
07/15/2017,MHT,NH,ANE,EN,Towers with Radar,53,29,18,0,100,0,7,0,0,7,53,36,18,0,107,0,0,0,107
07/16/2017,MHT,NH,ANE,EN,Towers with Radar,56,26,44,0,126,0,5,29,0,34,56,31,73,0,160,10,0,10,170
07/17/2017,MHT,NH,ANE,EN,Towers with Radar,58,40,17,0,115,0,3,18,0,21,58,43,35,0,136,2,0,2,138
07/18/2017,MHT,NH,ANE,EN,Towers with Radar,69,54,22,3,148,0,6,16,0,22,69,60,38,3,170,0,0,0,170
07/19/2017,MHT,NH,ANE,EN,Towers with Radar,66,60,13,4,143,0,2,19,0,21,66,62,32,4,164,8,0,8,172
07/20/2017,MHT,NH,ANE,EN,Towers with Radar,65,54,14,8,141,0,14,23,1,38,65,68,37,9,179,4,30,34,213
07/21/2017,MHT,NH,ANE,EN,Towers with Radar,63,44,19,4,130,0,7,28,0,35,63,51,47,4,165,44,0,44,209
07/22/2017,MHT,NH,ANE,EN,Towers with Radar,47,25,14,0,86,0,12,13,0,25,47,37,27,0,111,12,0,12,123
07/23/2017,MHT,NH,ANE,EN,Towers with Radar,52,26,8,0,86,0,13,25,0,38,52,39,33,0,124,14,0,14,138
07/24/2017,MHT,NH,ANE,EN,Towers with Radar,58,42,19,0,119,0,3,0,0,3,58,45,19,0,122,0,0,0,122
07/25/2017,MHT,NH,ANE,EN,Towers with Radar,71,56,25,0,152,0,4,8,0,12,71,60,33,0,164,0,0,0,164
07/26/2017,MHT,NH,ANE,EN,Towers with Radar,68,55,16,0,139,0,8,33,0,41,68,63,49,0,180,18,0,18,198
07/27/2017,MHT,NH,ANE,EN,Towers with Radar,69,49,25,8,151,0,3,22,0,25,69,52,47,8,176,26,0,26,202
07/28/2017,MHT,NH,ANE,EN,Towers with Radar,57,47,17,0,121,0,4,14,0,18,57,51,31,0,139,0,0,0,139
07/29/2017,MHT,NH,ANE,EN,Towers with Radar,53,27,6,0,86,0,8,20,3,31,53,35,26,3,117,2,0,2,119
07/30/2017,MHT,NH,ANE,EN,Towers with Radar,53,29,11,0,93,0,13,27,0,40,53,42,38,0,133,6,0,6,139
07/31/2017,MHT,NH,ANE,EN,Towers with Radar,61,36,10,0,107,0,8,18,0,26,61,44,28,0,133,4,0,4,137
08/01/2017,MHT,NH,ANE,EN,Towers with Radar,69,51,19,0,139,0,4,27,0,31,69,55,46,0,170,0,0,0,170
08/02/2017,MHT,NH,ANE,EN,Towers with Radar,64,57,11,10,142,0,2,16,0,18,64,59,27,10,160,16,0,16,176
08/03/2017,MHT,NH,ANE,EN,Towers with Radar,63,54,17,4,138,0,6,19,0,25,63,60,36,4,163,0,0,0,163
08/04/2017,MHT,NH,ANE,EN,Towers with Radar,55,35,18,8,116,0,2,5,0,7,55,37,23,8,123,0,0,0,123
08/05/2017,MHT,NH,ANE,EN,Towers with Radar,51,26,6,0,83,0,2,0,0,2,51,28,6,0,85,0,0,0,85
08/06/2017,MHT,NH,ANE,EN,Towers with Radar,52,26,14,0,92,0,8,19,1,28,52,34,33,1,120,8,0,8,128
08/07/2017,MHT,NH,ANE,EN,Towers with Radar,62,43,14,0,119,0,2,23,0,25,62,45,37,0,144,0,0,0,144
08/08/2017,MHT,NH,ANE,EN,Towers with Radar,69,58,16,0,143,0,6,10,0,16,69,64,26,0,159,4,0,4,163
08/09/2017,MHT,NH,ANE,EN,Towers with Radar,67,65,15,6,153,0,4,39,2,45,67,69,54,8,198,38,8,46,244
08/10/2017,MHT,NH,ANE,EN,Towers with Radar,62,70,22,8,162,0,16,37,0,53,62,86,59,8,215,12,0,12,227
08/11/2017,MHT,NH,ANE,EN,Towers with Radar,63,50,22,1,136,0,2,41,0,43,63,52,63,1,179,12,0,12,191
08/12/2017,MHT,NH,ANE,EN,Towers with Radar,46,33,16,0,95,0,4,3,0,7,46,37,19,0,102,18,0,18,120
08/13/2017,MHT,NH,ANE,EN,Towers with Radar,55,31,7,1,94,0,5,34,0,39,55,36,41,1,133,20,0,20,153
08/14/2017,MHT,NH,ANE,EN,Towers with Radar,59,45,26,2,132,0,8,14,0,22,59,53,40,2,154,20,0,20,174
08/15/2017,MHT,NH,ANE,EN,Towers with Radar,68,57,10,0,135,0,1,22,0,23,68,58,32,0,158,0,0,0,158
08/16/2017,MHT,NH,ANE,EN,Towers with Radar,67,58,17,0,142,0,4,21,2,27,67,62,38,2,169,16,0,16,185
08/17/2017,MHT,NH,ANE,EN,Towers with Radar,66,64,9,0,139,0,11,29,0,40,66,75,38,0,179,4,0,4,183
08/18/2017,MHT,NH,ANE,EN,Towers with Radar,73,48,17,0,138,0,1,6,0,7,73,49,23,0,145,0,0,0,145
08/19/2017,MHT,NH,ANE,EN,Towers with Radar,44,36,6,0,86,0,6,9,0,15,44,42,15,0,101,4,0,4,105
08/20/2017,MHT,NH,ANE,EN,Towers with Radar,53,30,4,0,87,0,5,15,0,20,53,35,19,0,107,28,0,28,135
08/21/2017,MHT,NH,ANE,EN,Towers with Radar,62,35,18,0,115,0,6,36,0,42,62,41,54,0,157,26,0,26,183
08/22/2017,MHT,NH,ANE,EN,Towers with Radar,59,57,18,6,140,0,3,13,0,16,59,60,31,6,156,2,2,4,160
08/23/2017,MHT,NH,ANE,EN,Towers with Radar,78,58,18,0,154,0,5,17,0,22,78,63,35,0,176,6,2,8,184
08/24/2017,MHT,NH,ANE,EN,Towers with Radar,69,61,15,0,145,0,11,27,0,38,69,72,42,0,183,58,0,58,241
08/25/2017,MHT,NH,ANE,EN,Towers with Radar,64,48,36,0,148,0,6,25,0,31,64,54,61,0,179,0,0,0,179
08/26/2017,MHT,NH,ANE,EN,Towers with Radar,42,24,24,0,90,0,8,21,0,29,42,32,45,0,119,0,0,0,119
08/27/2017,MHT,NH,ANE,EN,Towers with Radar,53,23,14,0,90,0,9,27,0,36,53,32,41,0,126,0,0,0,126
08/28/2017,MHT,NH,ANE,EN,Towers with Radar,62,43,8,14,127,0,6,26,0,32,62,49,34,14,159,4,0,4,163
08/29/2017,MHT,NH,ANE,EN,Towers with Radar,71,51,24,0,146,0,6,20,0,26,71,57,44,0,172,0,0,0,172
08/30/2017,MHT,NH,ANE,EN,Towers with Radar,73,59,16,8,156,0,9,35,0,44,73,68,51,8,200,22,6,28,228
08/31/2017,MHT,NH,ANE,EN,Towers with Radar,71,53,7,0,131,0,8,19,0,27,71,61,26,0,158,0,0,0,158
09/01/2017,MHT,NH,ANE,EN,Towers with Radar,63,49,22,0,134,0,11,26,0,37,63,60,48,0,171,12,0,12,183
09/02/2017,MHT,NH,ANE,EN,Towers with Radar,42,23,15,0,80,0,6,22,0,28,42,29,37,0,108,6,0,6,114
09/03/2017,MHT,NH,ANE,EN,Towers with Radar,36,14,10,0,60,0,2,0,0,2,36,16,10,0,62,0,0,0,62
09/04/2017,MHT,NH,ANE,EN,Towers with Radar,53,30,10,0,93,0,11,10,0,21,53,41,20,0,114,12,0,12,126
09/05/2017,MHT,NH,ANE,EN,Towers with Radar,59,49,17,2,127,0,7,14,0,21,59,56,31,2,148,0,0,0,148
09/06/2017,MHT,NH,ANE,EN,Towers with Radar,76,47,14,0,137,0,0,0,0,0,76,47,14,0,137,0,0,0,137
09/07/2017,MHT,NH,ANE,EN,Towers with Radar,73,57,8,2,140,0,5,18,0,23,73,62,26,2,163,0,0,0,163
09/08/2017,MHT,NH,ANE,EN,Towers with Radar,68,50,22,2,142,0,5,29,0,34,68,55,51,2,176,32,0,32,208
09/09/2017,MHT,NH,ANE,EN,Towers with Radar,42,22,7,0,71,0,8,9,0,17,42,30,16,0,88,0,0,0,88
09/10/2017,MHT,NH,ANE,EN,Towers with Radar,51,25,15,0,91,0,7,17,2,26,51,32,32,2,117,10,0,10,127
09/11/2017,MHT,NH,ANE,EN,Towers with Radar,51,43,14,18,126,0,6,16,0,22,51,49,30,18,148,18,0,18,166
09/12/2017,MHT,NH,ANE,EN,Towers with Radar,65,57,21,2,145,0,4,26,3,33,65,61,47,5,178,24,0,24,202
09/13/2017,MHT,NH,ANE,EN,Towers with Radar,68,58,23,9,158,0,10,30,0,40,68,68,53,9,198,4,0,4,202
09/14/2017,MHT,NH,ANE,EN,Towers with Radar,75,51,21,0,147,0,7,14,0,21,75,58,35,0,168,10,0,10,178
09/15/2017,MHT,NH,ANE,EN,Towers with Radar,70,42,13,0,125,0,0,7,0,7,70,42,20,0,132,0,0,0,132
09/16/2017,MHT,NH,ANE,EN,Towers with Radar,44,19,28,0,91,0,4,4,2,10,44,23,32,2,101,12,0,12,113
09/17/2017,MHT,NH,ANE,EN,Towers with Radar,57,28,12,0,97,0,4,15,0,19,57,32,27,0,116,20,0,20,136
09/18/2017,MHT,NH,ANE,EN,Towers with Radar,60,41,13,0,114,0,3,9,0,12,60,44,22,0,126,0,0,0,126
09/19/2017,MHT,NH,ANE,EN,Towers with Radar,77,55,26,0,158,0,1,1,0,2,77,56,27,0,160,0,0,0,160
09/20/2017,MHT,NH,ANE,EN,Towers with Radar,72,51,10,0,133,0,2,0,0,2,72,53,10,0,135,0,0,0,135
09/21/2017,MHT,NH,ANE,EN,Towers with Radar,69,48,27,4,148,0,11,28,0,39,69,59,55,4,187,40,4,44,231
09/22/2017,MHT,NH,ANE,EN,Towers with Radar,65,53,18,4,140,0,3,13,0,16,65,56,31,4,156,0,0,0,156
09/23/2017,MHT,NH,ANE,EN,Towers with Radar,43,20,13,0,76,0,4,18,0,22,43,24,31,0,98,0,0,0,98
09/24/2017,MHT,NH,ANE,EN,Towers with Radar,60,24,35,0,119,0,4,28,0,32,60,28,63,0,151,18,0,18,169
09/25/2017,MHT,NH,ANE,EN,Towers with Radar,62,39,11,2,114,0,13,15,0,28,62,52,26,2,142,18,0,18,160
09/26/2017,MHT,NH,ANE,EN,Towers with Radar,73,60,22,2,157,0,8,12,0,20,73,68,34,2,177,22,2,24,201
09/27/2017,MHT,NH,ANE,EN,Towers with Radar,73,61,20,4,158,0,7,12,0,19,73,68,32,4,177,0,0,0,177
09/28/2017,MHT,NH,ANE,EN,Towers with Radar,72,54,20,0,146,0,2,24,2,28,72,56,44,2,174,4,0,4,178
09/29/2017,MHT,NH,ANE,EN,Towers with Radar,66,55,18,3,142,0,14,44,0,58,66,69,62,3,200,10,0,10,210
09/30/2017,MHT,NH,ANE,EN,Towers with Radar,42,23,7,0,72,0,6,1,0,7,42,29,8,0,79,0,0,0,79
10/01/2017,MHT,NH,ANE,EN,Towers with Radar,54,21,17,0,92,0,12,35,0,47,54,33,52,0,139,36,0,36,175
10/02/2017,MHT,NH,ANE,EN,Towers with Radar,63,42,25,2,132,0,8,14,0,22,63,50,39,2,154,22,0,22,176
10/03/2017,MHT,NH,ANE,EN,Towers with Radar,75,59,19,0,153,0,9,26,0,35,75,68,45,0,188,18,0,18,206
10/04/2017,MHT,NH,ANE,EN,Towers with Radar,72,53,32,3,160,0,7,33,0,40,72,60,65,3,200,16,0,16,216
10/05/2017,MHT,NH,ANE,EN,Towers with Radar,66,58,27,3,154,0,2,30,0,32,66,60,57,3,186,16,0,16,202
10/06/2017,MHT,NH,ANE,EN,Towers with Radar,66,48,33,0,147,0,5,26,0,31,66,53,59,0,178,16,0,16,194
10/07/2017,MHT,NH,ANE,EN,Towers with Radar,47,24,19,0,90,0,4,25,0,29,47,28,44,0,119,18,0,18,137
10/08/2017,MHT,NH,ANE,EN,Towers with Radar,54,24,15,0,93,0,1,4,0,5,54,25,19,0,98,14,0,14,112
10/09/2017,MHT,NH,ANE,EN,Towers with Radar,59,41,21,0,121,0,0,0,0,0,59,41,21,0,121,2,0,2,123
10/10/2017,MHT,NH,ANE,EN,Towers with Radar,66,53,20,0,139,0,8,15,0,23,66,61,35,0,162,4,0,4,166
10/11/2017,MHT,NH,ANE,EN,Towers with Radar,65,57,14,5,141,0,9,19,0,28,65,66,33,5,169,30,0,30,199
10/12/2017,MHT,NH,ANE,EN,Towers with Radar,68,56,15,0,139,0,8,33,0,41,68,64,48,0,180,10,0,10,190
10/13/2017,MHT,NH,ANE,EN,Towers with Radar,62,53,15,0,130,0,4,25,0,29,62,57,40,0,159,14,0,14,173
10/14/2017,MHT,NH,ANE,EN,Towers with Radar,44,30,13,0,87,0,6,8,0,14,44,36,21,0,101,6,0,6,107
10/15/2017,MHT,NH,ANE,EN,Towers with Radar,53,28,7,0,88,0,4,20,0,24,53,32,27,0,112,0,0,0,112
10/16/2017,MHT,NH,ANE,EN,Towers with Radar,59,38,18,8,123,0,6,19,0,25,59,44,37,8,148,2,0,2,150
10/17/2017,MHT,NH,ANE,EN,Towers with Radar,68,51,17,0,136,0,8,14,0,22,68,59,31,0,158,2,6,8,166
10/18/2017,MHT,NH,ANE,EN,Towers with Radar,67,54,19,0,140,0,5,22,1,28,67,59,41,1,168,16,0,16,184
10/19/2017,MHT,NH,ANE,EN,Towers with Radar,66,60,23,0,149,0,4,27,0,31,66,64,50,0,180,2,0,2,182
10/20/2017,MHT,NH,ANE,EN,Towers with Radar,65,50,20,0,135,0,17,35,0,52,65,67,55,0,187,0,0,0,187
10/21/2017,MHT,NH,ANE,EN,Towers with Radar,43,20,8,0,71,1,5,50,0,56,44,25,58,0,127,10,0,10,137
10/22/2017,MHT,NH,ANE,EN,Towers with Radar,53,28,3,0,84,0,5,29,4,38,53,33,32,4,122,6,0,6,128
10/23/2017,MHT,NH,ANE,EN,Towers with Radar,61,41,16,0,118,0,0,9,0,9,61,41,25,0,127,6,0,6,133
10/24/2017,MHT,NH,ANE,EN,Towers with Radar,69,51,17,0,137,0,4,2,0,6,69,55,19,0,143,0,0,0,143
10/25/2017,MHT,NH,ANE,EN,Towers with Radar,73,58,18,0,149,0,0,0,0,0,73,58,18,0,149,0,0,0,149
10/26/2017,MHT,NH,ANE,EN,Towers with Radar,64,51,18,7,140,0,0,0,0,0,64,51,18,7,140,0,0,0,140
10/27/2017,MHT,NH,ANE,EN,Towers with Radar,65,39,24,0,128,0,13,33,0,46,65,52,57,0,174,0,0,0,174
10/28/2017,MHT,NH,ANE,EN,Towers with Radar,43,17,7,0,67,0,5,21,0,26,43,22,28,0,93,24,0,24,117
10/29/2017,MHT,NH,ANE,EN,Towers with Radar,50,17,9,0,76,0,2,2,0,4,50,19,11,0,80,0,0,0,80
10/30/2017,MHT,NH,ANE,EN,Towers with Radar,56,43,3,0,102,0,5,3,0,8,56,48,6,0,110,0,0,0,110
10/31/2017,MHT,NH,ANE,EN,Towers with Radar,60,50,6,0,116,0,4,21,0,25,60,54,27,0,141,4,0,4,145
11/01/2017,MHT,NH,ANE,EN,Towers with Radar,65,52,15,0,132,0,11,22,0,33,65,63,37,0,165,14,0,14,179
11/02/2017,MHT,NH,ANE,EN,Towers with Radar,67,54,15,0,136,0,0,28,0,28,67,54,43,0,164,10,0,10,174
11/03/2017,MHT,NH,ANE,EN,Towers with Radar,64,43,14,8,129,0,5,15,0,20,64,48,29,8,149,22,6,28,177
11/04/2017,MHT,NH,ANE,EN,Towers with Radar,42,27,5,0,74,0,5,23,0,28,42,32,28,0,102,26,0,26,128
11/05/2017,MHT,NH,ANE,EN,Towers with Radar,50,27,10,0,87,0,6,5,0,11,50,33,15,0,98,0,0,0,98
11/06/2017,MHT,NH,ANE,EN,Towers with Radar,60,37,13,6,116,0,0,0,0,0,60,37,13,6,116,0,0,0,116
11/07/2017,MHT,NH,ANE,EN,Towers with Radar,65,49,23,4,141,0,4,18,0,22,65,53,41,4,163,10,0,10,173
11/08/2017,MHT,NH,ANE,EN,Towers with Radar,65,48,16,0,129,0,5,17,0,22,65,53,33,0,151,18,0,18,169
11/09/2017,MHT,NH,ANE,EN,Towers with Radar,64,56,25,3,148,0,8,19,1,28,64,64,44,4,176,8,2,10,186
11/10/2017,MHT,NH,ANE,EN,Towers with Radar,62,42,3,0,107,0,10,6,0,16,62,52,9,0,123,0,0,0,123
11/11/2017,MHT,NH,ANE,EN,Towers with Radar,44,21,10,0,75,0,7,52,0,59,44,28,62,0,134,10,0,10,144
11/12/2017,MHT,NH,ANE,EN,Towers with Radar,52,18,2,0,72,0,4,30,0,34,52,22,32,0,106,42,0,42,148
11/13/2017,MHT,NH,ANE,EN,Towers with Radar,56,35,11,2,104,0,0,4,0,4,56,35,15,2,108,0,0,0,108
11/14/2017,MHT,NH,ANE,EN,Towers with Radar,64,49,23,0,136,0,4,45,0,49,64,53,68,0,185,13,0,13,198
11/15/2017,MHT,NH,ANE,EN,Towers with Radar,67,46,17,0,130,0,6,50,0,56,67,52,67,0,186,58,0,58,244
11/16/2017,MHT,NH,ANE,EN,Towers with Radar,65,50,24,10,149,0,0,0,0,0,65,50,24,10,149,4,0,4,153
11/17/2017,MHT,NH,ANE,EN,Towers with Radar,57,56,9,1,123,0,7,11,1,19,57,63,20,2,142,0,0,0,142
11/18/2017,MHT,NH,ANE,EN,Towers with Radar,46,22,4,2,74,0,0,42,0,42,46,22,46,2,116,8,0,8,124
11/19/2017,MHT,NH,ANE,EN,Towers with Radar,51,26,7,0,84,0,3,2,0,5,51,29,9,0,89,0,0,0,89
11/20/2017,MHT,NH,ANE,EN,Towers with Radar,56,37,20,0,113,0,3,9,0,12,56,40,29,0,125,22,0,22,147
11/21/2017,MHT,NH,ANE,EN,Towers with Radar,61,52,20,3,136,0,6,59,1,66,61,58,79,4,202,12,0,12,214
11/22/2017,MHT,NH,ANE,EN,Towers with Radar,66,60,23,0,149,0,2,3,0,5,66,62,26,0,154,10,0,10,164
11/23/2017,MHT,NH,ANE,EN,Towers with Radar,33,13,3,0,49,0,5,9,1,15,33,18,12,1,64,0,0,0,64
11/24/2017,MHT,NH,ANE,EN,Towers with Radar,38,28,10,0,76,0,8,30,0,38,38,36,40,0,114,2,0,2,116
11/25/2017,MHT,NH,ANE,EN,Towers with Radar,52,28,8,0,88,0,6,16,0,22,52,34,24,0,110,2,0,2,112
11/26/2017,MHT,NH,ANE,EN,Towers with Radar,53,24,7,0,84,0,5,15,0,20,53,29,22,0,104,0,0,0,104
11/27/2017,MHT,NH,ANE,EN,Towers with Radar,56,43,16,0,115,0,3,6,0,9,56,46,22,0,124,0,0,0,124
11/28/2017,MHT,NH,ANE,EN,Towers with Radar,74,53,8,8,143,0,3,45,4,52,74,56,53,12,195,20,0,20,215
11/29/2017,MHT,NH,ANE,EN,Towers with Radar,76,66,6,4,152,0,7,16,0,23,76,73,22,4,175,8,0,8,183
11/30/2017,MHT,NH,ANE,EN,Towers with Radar,73,46,9,0,128,0,6,27,0,33,73,52,36,0,161,2,0,2,163
12/01/2017,MHT,NH,ANE,EN,Towers with Radar,65,36,7,0,108,0,1,30,0,31,65,37,37,0,139,8,0,8,147
12/02/2017,MHT,NH,ANE,EN,Towers with Radar,47,17,11,0,75,0,0,37,0,37,47,17,48,0,112,7,0,7,119
12/03/2017,MHT,NH,ANE,EN,Towers with Radar,48,15,6,0,69,0,11,16,0,27,48,26,22,0,96,0,0,0,96
12/04/2017,MHT,NH,ANE,EN,Towers with Radar,58,40,13,7,118,0,4,24,0,28,58,44,37,7,146,2,4,6,152
12/05/2017,MHT,NH,ANE,EN,Towers with Radar,68,48,14,0,130,0,0,0,0,0,68,48,14,0,130,0,0,0,130
12/06/2017,MHT,NH,ANE,EN,Towers with Radar,72,48,31,0,151,0,4,6,0,10,72,52,37,0,161,6,0,6,167
12/07/2017,MHT,NH,ANE,EN,Towers with Radar,66,48,7,0,121,0,0,15,0,15,66,48,22,0,136,38,0,38,174
12/08/2017,MHT,NH,ANE,EN,Towers with Radar,68,47,26,0,141,0,10,25,0,35,68,57,51,0,176,0,0,0,176
12/09/2017,MHT,NH,ANE,EN,Towers with Radar,48,10,3,0,61,0,2,2,0,4,48,12,5,0,65,0,0,0,65
12/10/2017,MHT,NH,ANE,EN,Towers with Radar,52,15,14,0,81,0,7,30,0,37,52,22,44,0,118,24,0,24,142
12/11/2017,MHT,NH,ANE,EN,Towers with Radar,60,34,16,0,110,0,4,11,0,15,60,38,27,0,125,6,0,6,131
12/12/2017,MHT,NH,ANE,EN,Towers with Radar,69,44,13,0,126,0,1,0,0,1,69,45,13,0,127,0,0,0,127
12/13/2017,MHT,NH,ANE,EN,Towers with Radar,69,46,11,0,126,0,9,3,0,12,69,55,14,0,138,10,0,10,148
12/14/2017,MHT,NH,ANE,EN,Towers with Radar,70,49,18,8,145,0,2,16,0,18,70,51,34,8,163,0,0,0,163
12/15/2017,MHT,NH,ANE,EN,Towers with Radar,63,36,16,2,117,0,1,21,0,22,63,37,37,2,139,4,0,4,143
12/16/2017,MHT,NH,ANE,EN,Towers with Radar,58,20,4,0,82,0,2,4,0,6,58,22,8,0,88,0,0,0,88
12/17/2017,MHT,NH,ANE,EN,Towers with Radar,58,22,12,0,92,0,12,9,0,21,58,34,21,0,113,8,0,8,121
12/18/2017,MHT,NH,ANE,EN,Towers with Radar,71,30,15,0,116,0,2,2,0,4,71,32,17,0,120,0,0,0,120
12/19/2017,MHT,NH,ANE,EN,Towers with Radar,79,48,7,7,141,0,3,15,0,18,79,51,22,7,159,10,0,10,169
12/20/2017,MHT,NH,ANE,EN,Towers with Radar,72,49,21,5,147,0,5,5,0,10,72,54,26,5,157,16,0,16,173
12/21/2017,MHT,NH,ANE,EN,Towers with Radar,73,52,14,0,139,0,11,24,0,35,73,63,38,0,174,20,0,20,194
12/22/2017,MHT,NH,ANE,EN,Towers with Radar,64,66,12,0,142,0,0,0,0,0,64,66,12,0,142,0,0,0,142
12/23/2017,MHT,NH,ANE,EN,Towers with Radar,53,25,5,0,83,0,0,0,0,0,53,25,5,0,83,0,0,0,83
12/24/2017,MHT,NH,ANE,EN,Towers with Radar,45,14,3,0,62,0,4,15,0,19,45,18,18,0,81,8,0,8,89
12/25/2017,MHT,NH,ANE,EN,Towers with Radar,41,22,1,0,64,0,0,0,0,0,41,22,1,0,64,0,0,0,64
12/26/2017,MHT,NH,ANE,EN,Towers with Radar,48,47,20,0,115,0,5,9,0,14,48,52,29,0,129,10,0,10,139
12/27/2017,MHT,NH,ANE,EN,Towers with Radar,63,48,14,1,126,0,7,7,1,15,63,55,21,2,141,18,0,18,159
12/28/2017,MHT,NH,ANE,EN,Towers with Radar,62,50,11,3,126,0,10,12,2,24,62,60,23,5,150,10,4,14,164
12/29/2017,MHT,NH,ANE,EN,Towers with Radar,59,34,6,0,99,0,3,4,0,7,59,37,10,0,106,0,0,0,106
12/30/2017,MHT,NH,ANE,EN,Towers with Radar,56,17,8,0,81,0,3,0,1,4,56,20,8,1,85,0,0,0,85
12/31/2017,MHT,NH,ANE,EN,Towers with Radar,42,14,2,0,58,0,9,5,1,15,42,23,7,1,73,0,0,0,73
01/01/2018,MHT,NH,ANE,EN,Towers with Radar,45,23,1,0,69,0,5,2,0,7,45,28,3,0,76,0,0,0,76
01/02/2018,MHT,NH,ANE,EN,Towers with Radar,46,37,11,0,94,0,11,7,1,19,46,48,18,1,113,6,0,6,119
01/03/2018,MHT,NH,ANE,EN,Towers with Radar,61,56,16,2,135,0,9,19,0,28,61,65,35,2,163,72,0,72,235
01/04/2018,MHT,NH,ANE,EN,Towers with Radar,22,18,4,0,44,0,0,0,0,0,22,18,4,0,44,0,0,0,44
01/05/2018,MHT,NH,ANE,EN,Towers with Radar,54,37,9,0,100,0,0,3,0,3,54,37,12,0,103,0,0,0,103
01/06/2018,MHT,NH,ANE,EN,Towers with Radar,52,16,5,0,73,0,2,1,0,3,52,18,6,0,76,0,0,0,76
01/07/2018,MHT,NH,ANE,EN,Towers with Radar,58,17,12,0,87,0,7,14,0,21,58,24,26,0,108,8,0,8,116
01/08/2018,MHT,NH,ANE,EN,Towers with Radar,52,29,2,0,83,0,2,6,0,8,52,31,8,0,91,8,0,8,99
01/09/2018,MHT,NH,ANE,EN,Towers with Radar,58,40,10,8,116,0,4,12,0,16,58,44,22,8,132,0,0,0,132
01/10/2018,MHT,NH,ANE,EN,Towers with Radar,63,43,5,0,111,0,4,23,0,27,63,47,28,0,138,58,0,58,196
01/11/2018,MHT,NH,ANE,EN,Towers with Radar,60,52,16,0,128,0,4,6,0,10,60,56,22,0,138,20,0,20,158
01/12/2018,MHT,NH,ANE,EN,Towers with Radar,50,35,3,0,88,0,0,0,0,0,50,35,3,0,88,0,0,0,88
01/13/2018,MHT,NH,ANE,EN,Towers with Radar,45,21,2,0,68,0,0,0,0,0,45,21,2,0,68,0,0,0,68
01/14/2018,MHT,NH,ANE,EN,Towers with Radar,47,16,14,0,77,0,6,21,0,27,47,22,35,0,104,46,0,46,150
01/15/2018,MHT,NH,ANE,EN,Towers with Radar,53,29,9,0,91,0,4,16,0,20,53,33,25,0,111,0,0,0,111
01/16/2018,MHT,NH,ANE,EN,Towers with Radar,60,49,16,0,125,0,4,14,0,18,60,53,30,0,143,4,0,4,147
01/17/2018,MHT,NH,ANE,EN,Towers with Radar,57,40,4,0,101,0,0,0,0,0,57,40,4,0,101,0,0,0,101
01/18/2018,MHT,NH,ANE,EN,Towers with Radar,58,45,7,2,112,0,4,14,0,18,58,49,21,2,130,0,0,0,130
01/19/2018,MHT,NH,ANE,EN,Towers with Radar,57,37,9,0,103,0,4,9,0,13,57,41,18,0,116,9,0,9,125
01/20/2018,MHT,NH,ANE,EN,Towers with Radar,47,16,16,0,79,0,5,24,0,29,47,21,40,0,108,22,0,22,130
01/21/2018,MHT,NH,ANE,EN,Towers with Radar,50,21,15,0,86,0,4,13,0,17,50,25,28,0,103,0,0,0,103
01/22/2018,MHT,NH,ANE,EN,Towers with Radar,50,32,6,0,88,0,0,21,0,21,50,32,27,0,109,0,0,0,109
01/23/2018,MHT,NH,ANE,EN,Towers with Radar,62,40,11,0,113,0,0,0,0,0,62,40,11,0,113,0,0,0,113
01/24/2018,MHT,NH,ANE,EN,Towers with Radar,62,44,11,5,122,0,5,13,3,21,62,49,24,8,143,0,0,0,143
01/25/2018,MHT,NH,ANE,EN,Towers with Radar,59,49,19,0,127,0,7,15,0,22,59,56,34,0,149,0,0,0,149
01/26/2018,MHT,NH,ANE,EN,Towers with Radar,59,37,10,2,108,0,6,34,0,40,59,43,44,2,148,50,0,50,198
01/27/2018,MHT,NH,ANE,EN,Towers with Radar,48,20,10,0,78,0,4,20,0,24,48,24,30,0,102,34,0,34,136
01/28/2018,MHT,NH,ANE,EN,Towers with Radar,44,20,12,0,76,0,5,10,0,15,44,25,22,0,91,30,0,30,121
01/29/2018,MHT,NH,ANE,EN,Towers with Radar,55,27,18,6,106,0,5,34,1,40,55,32,52,7,146,14,0,14,160
01/30/2018,MHT,NH,ANE,EN,Towers with Radar,61,44,7,6,118,0,6,6,0,12,61,50,13,6,130,30,0,30,160
01/31/2018,MHT,NH,ANE,EN,Towers with Radar,60,46,9,0,115,0,7,26,0,33,60,53,35,0,148,0,0,0,148
02/01/2018,MHT,NH,ANE,EN,Towers with Radar,59,45,9,0,113,0,0,15,0,15,59,45,24,0,128,10,0,10,138
02/02/2018,MHT,NH,ANE,EN,Towers with Radar,60,34,9,6,109,0,5,5,0,10,60,39,14,6,119,0,6,6,125
02/03/2018,MHT,NH,ANE,EN,Towers with Radar,48,17,17,0,82,0,8,16,0,24,48,25,33,0,106,8,0,8,114
02/04/2018,MHT,NH,ANE,EN,Towers with Radar,41,12,2,0,55,0,0,0,0,0,41,12,2,0,55,22,0,22,77
02/05/2018,MHT,NH,ANE,EN,Towers with Radar,54,31,10,0,95,0,5,14,0,19,54,36,24,0,114,10,0,10,124
02/06/2018,MHT,NH,ANE,EN,Towers with Radar,62,55,7,2,126,0,9,12,0,21,62,64,19,2,147,2,0,2,149
02/07/2018,MHT,NH,ANE,EN,Towers with Radar,39,28,4,0,71,0,4,1,0,5,39,32,5,0,76,16,0,16,92
02/08/2018,MHT,NH,ANE,EN,Towers with Radar,58,56,15,10,139,0,14,20,0,34,58,70,35,10,173,4,0,4,177
02/09/2018,MHT,NH,ANE,EN,Towers with Radar,51,47,7,3,108,0,7,20,2,29,51,54,27,5,137,22,0,22,159
02/10/2018,MHT,NH,ANE,EN,Towers with Radar,43,18,8,0,69,0,0,0,0,0,43,18,8,0,69,0,0,0,69
02/11/2018,MHT,NH,ANE,EN,Towers with Radar,41,21,1,0,63,0,0,0,0,0,41,21,1,0,63,0,0,0,63
02/12/2018,MHT,NH,ANE,EN,Towers with Radar,57,28,12,0,97,0,11,11,0,22,57,39,23,0,119,8,0,8,127
02/13/2018,MHT,NH,ANE,EN,Towers with Radar,61,49,11,4,125,0,9,35,0,44,61,58,46,4,169,0,0,0,169
02/14/2018,MHT,NH,ANE,EN,Towers with Radar,59,49,11,0,119,0,8,16,0,24,59,57,27,0,143,4,0,4,147
02/15/2018,MHT,NH,ANE,EN,Towers with Radar,56,43,13,20,132,0,0,38,2,40,56,43,51,22,172,26,0,26,198
02/16/2018,MHT,NH,ANE,EN,Towers with Radar,66,39,24,0,129,0,3,3,0,6,66,42,27,0,135,0,0,0,135
02/17/2018,MHT,NH,ANE,EN,Towers with Radar,54,11,24,0,89,0,8,47,0,55,54,19,71,0,144,12,0,12,156
02/18/2018,MHT,NH,ANE,EN,Towers with Radar,45,15,7,0,67,0,3,7,1,11,45,18,14,1,78,0,0,0,78
02/19/2018,MHT,NH,ANE,EN,Towers with Radar,61,28,7,0,96,0,3,41,0,44,61,31,48,0,140,16,0,16,156
02/20/2018,MHT,NH,ANE,EN,Towers with Radar,65,48,14,0,127,0,3,23,0,26,65,51,37,0,153,24,0,24,177
02/21/2018,MHT,NH,ANE,EN,Towers with Radar,67,44,11,0,122,1,1,14,0,16,68,45,25,0,138,8,0,8,146
02/22/2018,MHT,NH,ANE,EN,Towers with Radar,63,54,8,0,125,0,1,13,0,14,63,55,21,0,139,0,0,0,139
02/23/2018,MHT,NH,ANE,EN,Towers with Radar,65,36,14,5,120,0,2,12,1,15,65,38,26,6,135,32,0,32,167
02/24/2018,MHT,NH,ANE,EN,Towers with Radar,56,16,12,0,84,0,3,21,0,24,56,19,33,0,108,10,0,10,118
02/25/2018,MHT,NH,ANE,EN,Towers with Radar,50,22,2,0,74,0,1,0,0,1,50,23,2,0,75,0,0,0,75
02/26/2018,MHT,NH,ANE,EN,Towers with Radar,57,29,8,1,95,0,4,32,0,36,57,33,40,1,131,28,0,28,159
02/27/2018,MHT,NH,ANE,EN,Towers with Radar,69,50,23,0,142,0,10,12,1,23,69,60,35,1,165,4,0,4,169
02/28/2018,MHT,NH,ANE,EN,Towers with Radar,68,49,11,3,131,0,9,37,0,46,68,58,48,3,177,24,0,24,201
03/01/2018,MHT,NH,ANE,EN,Towers with Radar,67,63,13,1,144,0,7,18,1,26,67,70,31,2,170,0,0,0,170
03/02/2018,MHT,NH,ANE,EN,Towers with Radar,48,28,10,0,86,0,5,0,0,5,48,33,10,0,91,0,0,0,91
03/03/2018,MHT,NH,ANE,EN,Towers with Radar,56,11,12,0,79,0,2,0,0,2,56,13,12,0,81,0,0,0,81
03/04/2018,MHT,NH,ANE,EN,Towers with Radar,56,25,13,0,94,0,4,17,0,21,56,29,30,0,115,4,0,4,119
03/05/2018,MHT,NH,ANE,EN,Towers with Radar,59,47,3,0,109,0,1,7,0,8,59,48,10,0,117,28,0,28,145
03/06/2018,MHT,NH,ANE,EN,Towers with Radar,68,52,14,0,134,0,5,35,0,40,68,57,49,0,174,38,0,38,212
03/07/2018,MHT,NH,ANE,EN,Towers with Radar,48,25,8,0,81,0,1,0,0,1,48,26,8,0,82,0,0,0,82
03/08/2018,MHT,NH,ANE,EN,Towers with Radar,43,25,8,0,76,0,0,0,0,0,43,25,8,0,76,0,0,0,76
03/09/2018,MHT,NH,ANE,EN,Towers with Radar,60,44,20,0,124,0,2,15,0,17,60,46,35,0,141,12,0,12,153
03/10/2018,MHT,NH,ANE,EN,Towers with Radar,53,13,14,0,80,0,3,5,0,8,53,16,19,0,88,0,0,0,88
03/11/2018,MHT,NH,ANE,EN,Towers with Radar,51,20,13,0,84,0,0,26,0,26,51,20,39,0,110,6,0,6,116
03/12/2018,MHT,NH,ANE,EN,Towers with Radar,49,38,9,0,96,0,16,20,5,41,49,54,29,5,137,20,0,20,157
03/13/2018,MHT,NH,ANE,EN,Towers with Radar,9,10,3,0,22,0,0,0,0,0,9,10,3,0,22,0,0,0,22
03/14/2018,MHT,NH,ANE,EN,Towers with Radar,43,52,6,0,101,0,0,2,0,2,43,52,8,0,103,0,0,0,103
03/15/2018,MHT,NH,ANE,EN,Towers with Radar,70,43,7,2,122,0,5,12,0,17,70,48,19,2,139,8,0,8,147
03/16/2018,MHT,NH,ANE,EN,Towers with Radar,59,35,21,3,118,0,13,11,4,28,59,48,32,7,146,0,4,4,150
03/17/2018,MHT,NH,ANE,EN,Towers with Radar,54,13,4,0,71,0,3,22,0,25,54,16,26,0,96,10,0,10,106
03/18/2018,MHT,NH,ANE,EN,Towers with Radar,50,24,6,1,81,0,6,11,0,17,50,30,17,1,98,6,0,6,104
03/19/2018,MHT,NH,ANE,EN,Towers with Radar,56,31,11,3,101,0,7,12,0,19,56,38,23,3,120,0,0,0,120
03/20/2018,MHT,NH,ANE,EN,Towers with Radar,57,40,22,4,123,0,7,12,0,19,57,47,34,4,142,0,0,0,142
03/21/2018,MHT,NH,ANE,EN,Towers with Radar,49,26,7,1,83,0,5,4,0,9,49,31,11,1,92,6,0,6,98
03/22/2018,MHT,NH,ANE,EN,Towers with Radar,55,44,9,1,109,0,5,3,0,8,55,49,12,1,117,0,0,0,117
03/23/2018,MHT,NH,ANE,EN,Towers with Radar,64,47,29,0,140,0,8,32,0,40,64,55,61,0,180,18,0,18,198
03/24/2018,MHT,NH,ANE,EN,Towers with Radar,53,19,15,1,88,0,2,16,0,18,53,21,31,1,106,22,0,22,128
03/25/2018,MHT,NH,ANE,EN,Towers with Radar,51,33,8,0,92,0,2,9,0,11,51,35,17,0,103,36,0,36,139
03/26/2018,MHT,NH,ANE,EN,Towers with Radar,55,39,11,0,105,0,5,20,0,25,55,44,31,0,130,36,0,36,166
03/27/2018,MHT,NH,ANE,EN,Towers with Radar,65,45,21,0,131,0,4,23,0,27,65,49,44,0,158,22,0,22,180
03/28/2018,MHT,NH,ANE,EN,Towers with Radar,64,45,18,0,127,0,5,10,1,16,64,50,28,1,143,12,0,12,155
03/29/2018,MHT,NH,ANE,EN,Towers with Radar,57,53,17,0,127,0,5,11,0,16,57,58,28,0,143,0,0,0,143
03/30/2018,MHT,NH,ANE,EN,Towers with Radar,64,36,14,0,114,0,2,0,0,2,64,38,14,0,116,0,0,0,116
03/31/2018,MHT,NH,ANE,EN,Towers with Radar,49,13,12,0,74,0,10,19,0,29,49,23,31,0,103,0,0,0,103
04/01/2018,MHT,NH,ANE,EN,Towers with Radar,51,17,3,0,71,0,5,3,0,8,51,22,6,0,79,0,0,0,79
04/02/2018,MHT,NH,ANE,EN,Towers with Radar,57,31,23,0,111,0,6,11,1,18,57,37,34,1,129,14,0,14,143
04/03/2018,MHT,NH,ANE,EN,Towers with Radar,58,46,9,0,113,0,7,44,0,51,58,53,53,0,164,8,0,8,172
04/04/2018,MHT,NH,ANE,EN,Towers with Radar,59,37,8,0,104,0,0,0,0,0,59,37,8,0,104,0,0,0,104
04/05/2018,MHT,NH,ANE,EN,Towers with Radar,65,45,14,0,124,0,3,9,0,12,65,48,23,0,136,44,0,44,180
04/06/2018,MHT,NH,ANE,EN,Towers with Radar,54,47,18,0,119,0,1,12,0,13,54,48,30,0,132,0,0,0,132
04/07/2018,MHT,NH,ANE,EN,Towers with Radar,50,29,13,0,92,0,2,11,0,13,50,31,24,0,105,1,0,1,106
04/08/2018,MHT,NH,ANE,EN,Towers with Radar,64,16,20,0,100,0,9,26,0,35,64,25,46,0,135,28,0,28,163
04/09/2018,MHT,NH,ANE,EN,Towers with Radar,62,37,19,0,118,0,7,20,0,27,62,44,39,0,145,6,0,6,151
04/10/2018,MHT,NH,ANE,EN,Towers with Radar,65,48,13,0,126,0,5,2,0,7,65,53,15,0,133,0,0,0,133
04/11/2018,MHT,NH,ANE,EN,Towers with Radar,72,57,25,0,154,0,8,21,0,29,72,65,46,0,183,50,0,50,233
04/12/2018,MHT,NH,ANE,EN,Towers with Radar,72,55,9,4,140,0,2,15,0,17,72,57,24,4,157,32,0,32,189
04/13/2018,MHT,NH,ANE,EN,Towers with Radar,71,44,21,0,136,0,3,25,0,28,71,47,46,0,164,48,0,48,212
04/14/2018,MHT,NH,ANE,EN,Towers with Radar,61,18,22,0,101,0,3,10,0,13,61,21,32,0,114,30,0,30,144
04/15/2018,MHT,NH,ANE,EN,Towers with Radar,54,20,2,0,76,0,0,0,0,0,54,20,2,0,76,0,0,0,76
04/16/2018,MHT,NH,ANE,EN,Towers with Radar,67,34,1,0,102,0,0,0,0,0,67,34,1,0,102,0,0,0,102
04/17/2018,MHT,NH,ANE,EN,Towers with Radar,76,48,15,0,139,0,3,11,0,14,76,51,26,0,153,30,0,30,183
04/18/2018,MHT,NH,ANE,EN,Towers with Radar,68,58,13,3,142,0,13,12,0,25,68,71,25,3,167,0,0,0,167
04/19/2018,MHT,NH,ANE,EN,Towers with Radar,74,49,12,0,135,0,0,2,0,2,74,49,14,0,137,0,0,0,137
04/20/2018,MHT,NH,ANE,EN,Towers with Radar,75,41,17,0,133,0,9,14,0,23,75,50,31,0,156,4,0,4,160
04/21/2018,MHT,NH,ANE,EN,Towers with Radar,60,20,13,0,93,0,7,11,0,18,60,27,24,0,111,4,0,4,115
04/22/2018,MHT,NH,ANE,EN,Towers with Radar,55,23,15,0,93,0,3,29,0,32,55,26,44,0,125,0,0,0,125
04/23/2018,MHT,NH,ANE,EN,Towers with Radar,58,39,22,0,119,0,6,52,0,58,58,45,74,0,177,24,0,24,201
04/24/2018,MHT,NH,ANE,EN,Towers with Radar,74,54,12,0,140,0,10,23,0,33,74,64,35,0,173,14,0,14,187
04/25/2018,MHT,NH,ANE,EN,Towers with Radar,68,60,10,2,140,0,0,0,0,0,68,60,10,2,140,0,0,0,140
04/26/2018,MHT,NH,ANE,EN,Towers with Radar,76,53,14,0,143,0,1,4,0,5,76,54,18,0,148,0,0,0,148
04/27/2018,MHT,NH,ANE,EN,Towers with Radar,70,44,31,0,145,0,7,27,0,34,70,51,58,0,179,8,0,8,187
04/28/2018,MHT,NH,ANE,EN,Towers with Radar,64,22,21,0,107,0,3,13,0,16,64,25,34,0,123,0,0,0,123
04/29/2018,MHT,NH,ANE,EN,Towers with Radar,60,23,21,0,104,0,0,5,0,5,60,23,26,0,109,0,0,0,109
04/30/2018,MHT,NH,ANE,EN,Towers with Radar,61,37,17,0,115,0,5,2,0,7,61,42,19,0,122,18,0,18,140
05/01/2018,MHT,NH,ANE,EN,Towers with Radar,72,56,26,0,154,0,11,15,2,28,72,67,41,2,182,10,0,10,192
05/02/2018,MHT,NH,ANE,EN,Towers with Radar,66,52,28,0,146,0,7,37,0,44,66,59,65,0,190,4,0,4,194
05/03/2018,MHT,NH,ANE,EN,Towers with Radar,72,45,19,0,136,0,7,8,0,15,72,52,27,0,151,0,0,0,151
05/04/2018,MHT,NH,ANE,EN,Towers with Radar,68,41,13,0,122,0,1,13,1,15,68,42,26,1,137,2,0,2,139
05/05/2018,MHT,NH,ANE,EN,Towers with Radar,61,22,4,0,87,0,9,15,0,24,61,31,19,0,111,0,0,0,111
05/06/2018,MHT,NH,ANE,EN,Towers with Radar,50,26,22,0,98,0,0,1,1,2,50,26,23,1,100,0,0,0,100
05/07/2018,MHT,NH,ANE,EN,Towers with Radar,54,39,14,0,107,0,11,17,0,28,54,50,31,0,135,0,0,0,135
05/08/2018,MHT,NH,ANE,EN,Towers with Radar,67,57,24,0,148,0,1,30,0,31,67,58,54,0,179,26,0,26,205
05/09/2018,MHT,NH,ANE,EN,Towers with Radar,63,53,25,0,141,0,9,34,0,43,63,62,59,0,184,10,0,10,194
05/10/2018,MHT,NH,ANE,EN,Towers with Radar,63,58,22,6,149,0,6,25,2,33,63,64,47,8,182,12,0,12,194
05/11/2018,MHT,NH,ANE,EN,Towers with Radar,68,54,20,0,142,0,3,19,0,22,68,57,39,0,164,40,0,40,204
05/12/2018,MHT,NH,ANE,EN,Towers with Radar,57,22,19,0,98,0,5,2,0,7,57,27,21,0,105,0,0,0,105
05/13/2018,MHT,NH,ANE,EN,Towers with Radar,47,21,17,0,85,0,5,10,0,15,47,26,27,0,100,0,0,0,100
05/14/2018,MHT,NH,ANE,EN,Towers with Radar,56,41,20,3,120,0,8,16,3,27,56,49,36,6,147,8,0,8,155
05/15/2018,MHT,NH,ANE,EN,Towers with Radar,59,48,11,13,131,0,0,6,1,7,59,48,17,14,138,0,0,0,138
05/16/2018,MHT,NH,ANE,EN,Towers with Radar,62,45,14,8,129,0,1,17,0,18,62,46,31,8,147,10,8,18,165
05/17/2018,MHT,NH,ANE,EN,Towers with Radar,66,49,24,0,139,0,1,15,0,16,66,50,39,0,155,12,0,12,167
05/18/2018,MHT,NH,ANE,EN,Towers with Radar,61,47,18,0,126,0,7,29,0,36,61,54,47,0,162,16,0,16,178
05/19/2018,MHT,NH,ANE,EN,Towers with Radar,56,17,13,0,86,0,0,7,0,7,56,17,20,0,93,0,0,0,93
05/20/2018,MHT,NH,ANE,EN,Towers with Radar,51,25,8,0,84,0,2,6,0,8,51,27,14,0,92,0,0,0,92
05/21/2018,MHT,NH,ANE,EN,Towers with Radar,57,40,18,0,115,0,13,35,0,48,57,53,53,0,163,84,0,84,247
05/22/2018,MHT,NH,ANE,EN,Towers with Radar,62,55,17,0,134,0,0,18,0,18,62,55,35,0,152,44,0,44,196
05/23/2018,MHT,NH,ANE,EN,Towers with Radar,64,60,29,0,153,0,4,42,0,46,64,64,71,0,199,20,0,20,219
05/24/2018,MHT,NH,ANE,EN,Towers with Radar,67,50,23,0,140,0,5,47,0,52,67,55,70,0,192,56,0,56,248
05/25/2018,MHT,NH,ANE,EN,Towers with Radar,61,43,22,0,126,0,3,24,0,27,61,46,46,0,153,44,0,44,197
05/26/2018,MHT,NH,ANE,EN,Towers with Radar,59,21,16,0,96,0,15,28,0,43,59,36,44,0,139,32,0,32,171
05/27/2018,MHT,NH,ANE,EN,Towers with Radar,40,20,7,0,67,0,2,0,0,2,40,22,7,0,69,0,0,0,69
05/28/2018,MHT,NH,ANE,EN,Towers with Radar,48,25,16,0,89,0,2,4,0,6,48,27,20,0,95,14,0,14,109
05/29/2018,MHT,NH,ANE,EN,Towers with Radar,57,46,18,0,121,0,5,27,0,32,57,51,45,0,153,26,0,26,179
05/30/2018,MHT,NH,ANE,EN,Towers with Radar,68,53,20,1,142,0,8,31,0,39,68,61,51,1,181,0,0,0,181
05/31/2018,MHT,NH,ANE,EN,Towers with Radar,64,52,28,0,144,0,4,39,0,43,64,56,67,0,187,44,0,44,231
06/01/2018,MHT,NH,ANE,EN,Towers with Radar,54,42,18,0,114,0,4,9,0,13,54,46,27,0,127,0,0,0,127
06/02/2018,MHT,NH,ANE,EN,Towers with Radar,56,18,4,0,78,1,7,22,0,30,57,25,26,0,108,46,0,46,154
06/03/2018,MHT,NH,ANE,EN,Towers with Radar,51,21,11,0,83,0,6,31,0,37,51,27,42,0,120,14,0,14,134
06/04/2018,MHT,NH,ANE,EN,Towers with Radar,55,34,11,0,100,0,0,0,0,0,55,34,11,0,100,0,0,0,100
06/05/2018,MHT,NH,ANE,EN,Towers with Radar,64,52,17,0,133,0,2,4,0,6,64,54,21,0,139,0,0,0,139
06/06/2018,MHT,NH,ANE,EN,Towers with Radar,65,44,17,2,128,0,4,9,0,13,65,48,26,2,141,10,0,10,151
06/07/2018,MHT,NH,ANE,EN,Towers with Radar,65,54,29,0,148,0,10,28,0,38,65,64,57,0,186,14,0,14,200
06/08/2018,MHT,NH,ANE,EN,Towers with Radar,63,38,28,0,129,0,12,33,0,45,63,50,61,0,174,14,0,14,188
06/09/2018,MHT,NH,ANE,EN,Towers with Radar,45,22,8,0,75,0,24,31,0,55,45,46,39,0,130,12,0,12,142
06/10/2018,MHT,NH,ANE,EN,Towers with Radar,51,24,13,0,88,0,6,30,0,36,51,30,43,0,124,0,0,0,124
06/11/2018,MHT,NH,ANE,EN,Towers with Radar,57,45,13,0,115,0,9,19,2,30,57,54,32,2,145,4,0,4,149
06/12/2018,MHT,NH,ANE,EN,Towers with Radar,67,53,13,0,133,0,10,16,0,26,67,63,29,0,159,22,0,22,181
06/13/2018,MHT,NH,ANE,EN,Towers with Radar,73,42,20,0,135,0,8,9,2,19,73,50,29,2,154,4,0,4,158
06/14/2018,MHT,NH,ANE,EN,Towers with Radar,61,60,24,4,149,0,7,29,2,38,61,67,53,6,187,50,2,52,239
06/15/2018,MHT,NH,ANE,EN,Towers with Radar,54,40,24,0,118,0,9,11,0,20,54,49,35,0,138,18,0,18,156
06/16/2018,MHT,NH,ANE,EN,Towers with Radar,47,25,9,0,81,0,10,25,0,35,47,35,34,0,116,18,0,18,134
06/17/2018,MHT,NH,ANE,EN,Towers with Radar,52,17,7,0,76,0,10,14,0,24,52,27,21,0,100,0,0,0,100
06/18/2018,MHT,NH,ANE,EN,Towers with Radar,50,35,10,0,95,0,8,23,0,31,50,43,33,0,126,14,0,14,140
06/19/2018,MHT,NH,ANE,EN,Towers with Radar,59,56,20,0,135,0,2,30,0,32,59,58,50,0,167,6,0,6,173
06/20/2018,MHT,NH,ANE,EN,Towers with Radar,62,51,15,0,128,0,1,35,0,36,62,52,50,0,164,22,0,22,186
06/21/2018,MHT,NH,ANE,EN,Towers with Radar,65,49,21,0,135,0,3,30,0,33,65,52,51,0,168,16,0,16,184
06/22/2018,MHT,NH,ANE,EN,Towers with Radar,64,40,8,1,113,0,11,31,0,42,64,51,39,1,155,46,0,46,201
06/23/2018,MHT,NH,ANE,EN,Towers with Radar,50,21,8,1,80,0,1,6,0,7,50,22,14,1,87,0,0,0,87
06/24/2018,MHT,NH,ANE,EN,Towers with Radar,53,21,9,0,83,0,1,4,0,5,53,22,13,0,88,0,0,0,88
06/25/2018,MHT,NH,ANE,EN,Towers with Radar,60,34,8,0,102,0,14,25,0,39,60,48,33,0,141,12,0,12,153
06/26/2018,MHT,NH,ANE,EN,Towers with Radar,70,48,19,2,139,0,7,48,0,55,70,55,67,2,194,10,0,10,204
06/27/2018,MHT,NH,ANE,EN,Towers with Radar,66,75,18,0,159,0,11,31,0,42,66,86,49,0,201,10,0,10,211
06/28/2018,MHT,NH,ANE,EN,Towers with Radar,69,47,10,0,126,0,0,0,0,0,69,47,10,0,126,0,0,0,126
06/29/2018,MHT,NH,ANE,EN,Towers with Radar,86,42,11,0,139,0,8,43,0,51,86,50,54,0,190,18,0,18,208
06/30/2018,MHT,NH,ANE,EN,Towers with Radar,56,21,12,0,89,0,6,39,0,45,56,27,51,0,134,3,0,3,137
07/01/2018,MHT,NH,ANE,EN,Towers with Radar,51,21,24,0,96,0,7,19,0,26,51,28,43,0,122,0,0,0,122
07/02/2018,MHT,NH,ANE,EN,Towers with Radar,55,32,13,0,100,0,5,30,0,35,55,37,43,0,135,12,0,12,147
07/03/2018,MHT,NH,ANE,EN,Towers with Radar,59,53,14,0,126,0,8,32,0,40,59,61,46,0,166,14,0,14,180
07/04/2018,MHT,NH,ANE,EN,Towers with Radar,43,14,5,0,62,0,12,14,0,26,43,26,19,0,88,0,0,0,88
07/05/2018,MHT,NH,ANE,EN,Towers with Radar,66,57,6,0,129,0,5,10,0,15,66,62,16,0,144,0,0,0,144
07/06/2018,MHT,NH,ANE,EN,Towers with Radar,61,44,13,0,118,0,7,3,0,10,61,51,16,0,128,0,0,0,128
07/07/2018,MHT,NH,ANE,EN,Towers with Radar,55,26,14,0,95,0,14,26,0,40,55,40,40,0,135,4,0,4,139
07/08/2018,MHT,NH,ANE,EN,Towers with Radar,54,25,22,0,101,0,10,23,0,33,54,35,45,0,134,0,0,0,134
07/09/2018,MHT,NH,ANE,EN,Towers with Radar,56,39,21,8,124,0,8,30,0,38,56,47,51,8,162,18,4,22,184
07/10/2018,MHT,NH,ANE,EN,Towers with Radar,66,51,18,0,135,0,1,24,0,25,66,52,42,0,160,0,0,0,160
07/11/2018,MHT,NH,ANE,EN,Towers with Radar,68,50,22,0,140,0,8,30,0,38,68,58,52,0,178,20,0,20,198
07/12/2018,MHT,NH,ANE,EN,Towers with Radar,69,49,8,10,136,0,5,31,0,36,69,54,39,10,172,0,0,0,172
07/13/2018,MHT,NH,ANE,EN,Towers with Radar,61,43,17,0,121,0,13,25,0,38,61,56,42,0,159,36,0,36,195
07/14/2018,MHT,NH,ANE,EN,Towers with Radar,53,24,8,0,85,0,7,15,0,22,53,31,23,0,107,0,0,0,107
07/15/2018,MHT,NH,ANE,EN,Towers with Radar,52,20,11,0,83,0,4,5,0,9,52,24,16,0,92,0,0,0,92
07/16/2018,MHT,NH,ANE,EN,Towers with Radar,57,36,13,0,106,0,1,19,0,20,57,37,32,0,126,0,0,0,126
07/17/2018,MHT,NH,ANE,EN,Towers with Radar,65,55,18,0,138,0,0,3,0,3,65,55,21,0,141,0,0,0,141
07/18/2018,MHT,NH,ANE,EN,Towers with Radar,67,57,11,2,137,0,8,35,0,43,67,65,46,2,180,6,0,6,186
07/19/2018,MHT,NH,ANE,EN,Towers with Radar,66,53,41,0,160,0,7,27,0,34,66,60,68,0,194,14,0,14,208
07/20/2018,MHT,NH,ANE,EN,Towers with Radar,60,53,22,0,135,0,10,27,0,37,60,63,49,0,172,22,0,22,194
07/21/2018,MHT,NH,ANE,EN,Towers with Radar,51,22,16,0,89,0,7,24,0,31,51,29,40,0,120,6,0,6,126
07/22/2018,MHT,NH,ANE,EN,Towers with Radar,48,26,37,0,111,0,1,0,0,1,48,27,37,0,112,0,0,0,112
07/23/2018,MHT,NH,ANE,EN,Towers with Radar,48,32,18,0,98,0,4,6,0,10,48,36,24,0,108,48,0,48,156
07/24/2018,MHT,NH,ANE,EN,Towers with Radar,64,49,24,8,145,0,4,16,0,20,64,53,40,8,165,42,12,54,219
07/25/2018,MHT,NH,ANE,EN,Towers with Radar,61,46,18,0,125,0,3,2,0,5,61,49,20,0,130,0,0,0,130
07/26/2018,MHT,NH,ANE,EN,Towers with Radar,69,52,18,0,139,0,2,9,0,11,69,54,27,0,150,6,0,6,156
07/27/2018,MHT,NH,ANE,EN,Towers with Radar,53,43,23,0,119,0,2,20,1,23,53,45,43,1,142,20,0,20,162
07/28/2018,MHT,NH,ANE,EN,Towers with Radar,54,26,8,0,88,0,0,19,1,20,54,26,27,1,108,22,2,24,132
07/29/2018,MHT,NH,ANE,EN,Towers with Radar,52,24,20,1,97,0,5,15,0,20,52,29,35,1,117,0,0,0,117
07/30/2018,MHT,NH,ANE,EN,Towers with Radar,57,38,15,3,113,0,10,31,1,42,57,48,46,4,155,24,0,24,179
07/31/2018,MHT,NH,ANE,EN,Towers with Radar,66,53,32,0,151,0,4,58,0,62,66,57,90,0,213,38,0,38,251
08/01/2018,MHT,NH,ANE,EN,Towers with Radar,63,50,15,4,132,0,4,10,1,15,63,54,25,5,147,0,0,0,147
08/02/2018,MHT,NH,ANE,EN,Towers with Radar,64,46,16,0,126,0,0,22,0,22,64,46,38,0,148,0,0,0,148
08/03/2018,MHT,NH,ANE,EN,Towers with Radar,51,38,26,0,115,0,6,7,0,13,51,44,33,0,128,0,0,0,128
08/04/2018,MHT,NH,ANE,EN,Towers with Radar,58,24,12,0,94,0,0,0,0,0,58,24,12,0,94,0,0,0,94
08/05/2018,MHT,NH,ANE,EN,Towers with Radar,53,28,24,0,105,0,8,27,0,35,53,36,51,0,140,10,0,10,150
08/06/2018,MHT,NH,ANE,EN,Towers with Radar,57,35,12,0,104,0,8,17,0,25,57,43,29,0,129,49,0,49,178
08/07/2018,MHT,NH,ANE,EN,Towers with Radar,66,45,18,3,132,0,3,35,1,39,66,48,53,4,171,26,0,26,197
08/08/2018,MHT,NH,ANE,EN,Towers with Radar,68,52,9,0,129,0,4,10,0,14,68,56,19,0,143,0,0,0,143
08/09/2018,MHT,NH,ANE,EN,Towers with Radar,64,54,19,1,138,0,7,25,0,32,64,61,44,1,170,8,0,8,178
08/10/2018,MHT,NH,ANE,EN,Towers with Radar,65,42,20,1,128,0,10,31,0,41,65,52,51,1,169,0,0,0,169
08/11/2018,MHT,NH,ANE,EN,Towers with Radar,44,22,29,0,95,0,0,24,0,24,44,22,53,0,119,0,0,0,119
08/12/2018,MHT,NH,ANE,EN,Towers with Radar,48,23,18,0,89,0,0,0,0,0,48,23,18,0,89,0,0,0,89
08/13/2018,MHT,NH,ANE,EN,Towers with Radar,56,40,11,4,111,0,0,0,0,0,56,40,11,4,111,0,0,0,111
08/14/2018,MHT,NH,ANE,EN,Towers with Radar,64,51,27,2,144,0,0,5,0,5,64,51,32,2,149,10,0,10,159
08/15/2018,MHT,NH,ANE,EN,Towers with Radar,69,54,27,0,150,0,5,36,0,41,69,59,63,0,191,20,0,20,211
08/16/2018,MHT,NH,ANE,EN,Towers with Radar,66,65,18,1,150,0,6,29,1,36,66,71,47,2,186,4,0,4,190
08/17/2018,MHT,NH,ANE,EN,Towers with Radar,61,44,21,0,126,0,7,20,2,29,61,51,41,2,155,10,0,10,165
08/18/2018,MHT,NH,ANE,EN,Towers with Radar,54,22,12,0,88,0,1,2,0,3,54,23,14,0,91,0,0,0,91
08/19/2018,MHT,NH,ANE,EN,Towers with Radar,51,28,25,0,104,0,5,25,1,31,51,33,50,1,135,0,0,0,135
08/20/2018,MHT,NH,ANE,EN,Towers with Radar,56,39,24,0,119,0,6,48,0,54,56,45,72,0,173,25,0,25,198
08/21/2018,MHT,NH,ANE,EN,Towers with Radar,75,55,39,6,175,0,4,56,0,60,75,59,95,6,235,14,0,14,249
08/22/2018,MHT,NH,ANE,EN,Towers with Radar,71,50,12,0,133,0,2,8,0,10,71,52,20,0,143,6,0,6,149
08/23/2018,MHT,NH,ANE,EN,Towers with Radar,60,51,20,0,131,0,5,52,0,57,60,56,72,0,188,0,0,0,188
08/24/2018,MHT,NH,ANE,EN,Towers with Radar,62,41,23,0,126,0,11,47,0,58,62,52,70,0,184,0,0,0,184
08/25/2018,MHT,NH,ANE,EN,Towers with Radar,44,28,12,0,84,0,5,21,0,26,44,33,33,0,110,0,0,0,110
08/26/2018,MHT,NH,ANE,EN,Towers with Radar,49,25,19,0,93,0,4,19,0,23,49,29,38,0,116,30,0,30,146
08/27/2018,MHT,NH,ANE,EN,Towers with Radar,56,37,16,0,109,0,3,25,2,30,56,40,41,2,139,0,0,0,139
08/28/2018,MHT,NH,ANE,EN,Towers with Radar,64,57,15,11,147,0,7,13,0,20,64,64,28,11,167,0,12,12,179
08/29/2018,MHT,NH,ANE,EN,Towers with Radar,67,49,17,0,133,0,4,29,0,33,67,53,46,0,166,2,0,2,168
08/30/2018,MHT,NH,ANE,EN,Towers with Radar,64,51,34,0,149,0,8,29,0,37,64,59,63,0,186,6,0,6,192
08/31/2018,MHT,NH,ANE,EN,Towers with Radar,58,45,24,0,127,0,4,28,0,32,58,49,52,0,159,6,0,6,165
09/01/2018,MHT,NH,ANE,EN,Towers with Radar,42,25,8,0,75,0,5,19,0,24,42,30,27,0,99,14,0,14,113
09/02/2018,MHT,NH,ANE,EN,Towers with Radar,29,21,7,0,57,0,3,8,0,11,29,24,15,0,68,0,0,0,68
09/03/2018,MHT,NH,ANE,EN,Towers with Radar,40,25,9,0,74,0,8,21,0,29,40,33,30,0,103,0,0,0,103
09/04/2018,MHT,NH,ANE,EN,Towers with Radar,58,45,21,2,126,0,0,24,0,24,58,45,45,2,150,0,0,0,150
09/05/2018,MHT,NH,ANE,EN,Towers with Radar,62,50,22,0,134,0,8,24,0,32,62,58,46,0,166,52,0,52,218
09/06/2018,MHT,NH,ANE,EN,Towers with Radar,57,62,33,0,152,0,1,22,0,23,57,63,55,0,175,2,0,2,177
09/07/2018,MHT,NH,ANE,EN,Towers with Radar,56,43,29,0,128,0,6,61,0,67,56,49,90,0,195,52,0,52,247
09/08/2018,MHT,NH,ANE,EN,Towers with Radar,43,19,38,3,103,0,9,62,0,71,43,28,100,3,174,64,0,64,238
09/09/2018,MHT,NH,ANE,EN,Towers with Radar,48,20,29,5,102,0,4,34,0,38,48,24,63,5,140,46,0,46,186
09/10/2018,MHT,NH,ANE,EN,Towers with Radar,49,37,19,0,105,0,8,6,0,14,49,45,25,0,119,4,0,4,123
09/11/2018,MHT,NH,ANE,EN,Towers with Radar,61,45,30,0,136,0,1,2,0,3,61,46,32,0,139,6,0,6,145
09/12/2018,MHT,NH,ANE,EN,Towers with Radar,61,48,23,0,132,0,0,2,0,2,61,48,25,0,134,0,0,0,134
09/13/2018,MHT,NH,ANE,EN,Towers with Radar,58,48,41,3,150,0,3,18,2,23,58,51,59,5,173,22,12,34,207
09/14/2018,MHT,NH,ANE,EN,Towers with Radar,53,44,29,1,127,0,2,26,0,28,53,46,55,1,155,36,0,36,191
09/15/2018,MHT,NH,ANE,EN,Towers with Radar,42,17,17,0,76,0,9,6,2,17,42,26,23,2,93,0,0,0,93
09/16/2018,MHT,NH,ANE,EN,Towers with Radar,47,21,10,0,78,0,2,31,0,33,47,23,41,0,111,10,0,10,121
09/17/2018,MHT,NH,ANE,EN,Towers with Radar,54,31,15,0,100,0,3,19,2,24,54,34,34,2,124,4,0,4,128
09/18/2018,MHT,NH,ANE,EN,Towers with Radar,64,40,15,2,121,0,5,2,0,7,64,45,17,2,128,8,0,8,136
09/19/2018,MHT,NH,ANE,EN,Towers with Radar,60,59,35,0,154,0,0,0,0,0,60,59,35,0,154,14,0,14,168
09/20/2018,MHT,NH,ANE,EN,Towers with Radar,59,55,22,0,136,0,3,7,0,10,59,58,29,0,146,38,0,38,184
09/21/2018,MHT,NH,ANE,EN,Towers with Radar,56,48,18,6,128,0,3,29,0,32,56,51,47,6,160,5,0,5,165
09/22/2018,MHT,NH,ANE,EN,Towers with Radar,42,19,2,0,63,0,6,14,0,20,42,25,16,0,83,0,0,0,83
09/23/2018,MHT,NH,ANE,EN,Towers with Radar,48,27,15,0,90,0,4,23,0,27,48,31,38,0,117,0,0,0,117
09/24/2018,MHT,NH,ANE,EN,Towers with Radar,51,36,19,0,106,0,4,19,0,23,51,40,38,0,129,0,0,0,129
09/25/2018,MHT,NH,ANE,EN,Towers with Radar,64,60,12,0,136,0,6,2,0,8,64,66,14,0,144,0,0,0,144
09/26/2018,MHT,NH,ANE,EN,Towers with Radar,61,45,27,0,133,0,3,10,0,13,61,48,37,0,146,4,0,4,150
09/27/2018,MHT,NH,ANE,EN,Towers with Radar,60,52,24,2,138,0,6,33,0,39,60,58,57,2,177,16,0,16,193
09/28/2018,MHT,NH,ANE,EN,Towers with Radar,56,56,27,0,139,0,5,7,0,12,56,61,34,0,151,6,0,6,157
09/29/2018,MHT,NH,ANE,EN,Towers with Radar,42,22,14,0,78,0,7,27,0,34,42,29,41,0,112,10,0,10,122
09/30/2018,MHT,NH,ANE,EN,Towers with Radar,47,18,9,2,76,0,5,29,0,34,47,23,38,2,110,18,0,18,128
10/01/2018,MHT,NH,ANE,EN,Towers with Radar,53,34,27,2,116,0,0,5,0,5,53,34,32,2,121,0,0,0,121
10/02/2018,MHT,NH,ANE,EN,Towers with Radar,54,41,21,0,116,0,0,0,0,0,54,41,21,0,116,0,0,0,116
10/03/2018,MHT,NH,ANE,EN,Towers with Radar,64,57,30,0,151,0,0,4,0,4,64,57,34,0,155,2,0,2,157
10/04/2018,MHT,NH,ANE,EN,Towers with Radar,61,50,25,0,136,0,6,7,1,14,61,56,32,1,150,18,0,18,168
10/05/2018,MHT,NH,ANE,EN,Towers with Radar,58,47,20,1,126,0,2,40,0,42,58,49,60,1,168,10,0,10,178
10/06/2018,MHT,NH,ANE,EN,Towers with Radar,42,24,14,0,80,0,2,14,0,16,42,26,28,0,96,0,0,0,96
10/07/2018,MHT,NH,ANE,EN,Towers with Radar,50,17,23,1,91,0,0,5,1,6,50,17,28,2,97,36,0,36,133
10/08/2018,MHT,NH,ANE,EN,Towers with Radar,52,31,34,0,117,0,0,6,0,6,52,31,40,0,123,38,0,38,161
10/09/2018,MHT,NH,ANE,EN,Towers with Radar,61,52,39,4,156,0,3,18,0,21,61,55,57,4,177,16,0,16,193
10/10/2018,MHT,NH,ANE,EN,Towers with Radar,62,47,19,0,128,0,11,7,0,18,62,58,26,0,146,2,0,2,148
10/11/2018,MHT,NH,ANE,EN,Towers with Radar,56,53,13,0,122,0,0,0,0,0,56,53,13,0,122,0,0,0,122
10/12/2018,MHT,NH,ANE,EN,Towers with Radar,63,45,20,0,128,0,7,24,0,31,63,52,44,0,159,20,0,20,179
10/13/2018,MHT,NH,ANE,EN,Towers with Radar,42,33,28,0,103,0,8,7,0,15,42,41,35,0,118,6,0,6,124
10/14/2018,MHT,NH,ANE,EN,Towers with Radar,50,16,12,0,78,0,5,22,0,27,50,21,34,0,105,0,0,0,105
10/15/2018,MHT,NH,ANE,EN,Towers with Radar,51,31,13,0,95,0,0,1,0,1,51,31,14,0,96,0,0,0,96
10/16/2018,MHT,NH,ANE,EN,Towers with Radar,65,57,18,0,140,0,6,26,0,32,65,63,44,0,172,6,0,6,178
10/17/2018,MHT,NH,ANE,EN,Towers with Radar,64,52,19,0,135,0,6,24,0,30,64,58,43,0,165,4,0,4,169
10/18/2018,MHT,NH,ANE,EN,Towers with Radar,60,46,7,4,117,0,6,13,0,19,60,52,20,4,136,0,0,0,136
10/19/2018,MHT,NH,ANE,EN,Towers with Radar,58,45,20,2,125,0,6,32,0,38,58,51,52,2,163,4,0,4,167
10/20/2018,MHT,NH,ANE,EN,Towers with Radar,44,14,9,0,67,0,9,10,0,19,44,23,19,0,86,8,0,8,94
10/21/2018,MHT,NH,ANE,EN,Towers with Radar,47,19,13,0,79,0,11,7,0,18,47,30,20,0,97,2,0,2,99
10/22/2018,MHT,NH,ANE,EN,Towers with Radar,55,34,21,2,112,0,14,29,0,43,55,48,50,2,155,14,0,14,169
10/23/2018,MHT,NH,ANE,EN,Towers with Radar,64,47,8,4,123,0,0,6,0,6,64,47,14,4,129,0,0,0,129
10/24/2018,MHT,NH,ANE,EN,Towers with Radar,62,42,11,0,115,0,3,7,0,10,62,45,18,0,125,14,0,14,139
10/25/2018,MHT,NH,ANE,EN,Towers with Radar,60,54,28,0,142,0,10,34,0,44,60,64,62,0,186,12,0,12,198
10/26/2018,MHT,NH,ANE,EN,Towers with Radar,57,47,25,0,129,0,9,41,0,50,57,56,66,0,179,0,0,0,179
10/27/2018,MHT,NH,ANE,EN,Towers with Radar,42,13,8,0,63,0,0,2,0,2,42,13,10,0,65,0,0,0,65
10/28/2018,MHT,NH,ANE,EN,Towers with Radar,47,19,13,0,79,0,0,3,0,3,47,19,16,0,82,28,0,28,110
10/29/2018,MHT,NH,ANE,EN,Towers with Radar,52,34,4,2,92,0,3,3,0,6,52,37,7,2,98,0,0,0,98
10/30/2018,MHT,NH,ANE,EN,Towers with Radar,62,52,17,4,135,0,17,30,1,48,62,69,47,5,183,22,0,22,205
10/31/2018,MHT,NH,ANE,EN,Towers with Radar,54,42,15,0,111,0,2,31,2,35,54,44,46,2,146,2,0,2,148
11/01/2018,MHT,NH,ANE,EN,Towers with Radar,57,49,16,6,128,0,1,2,0,3,57,50,18,6,131,10,0,10,141
11/02/2018,MHT,NH,ANE,EN,Towers with Radar,55,38,9,0,102,0,0,0,0,0,55,38,9,0,102,0,0,0,102
11/03/2018,MHT,NH,ANE,EN,Towers with Radar,47,17,9,0,73,0,1,0,0,1,47,18,9,0,74,0,0,0,74
11/04/2018,MHT,NH,ANE,EN,Towers with Radar,49,13,15,0,77,0,9,24,1,34,49,22,39,1,111,8,0,8,119
11/05/2018,MHT,NH,ANE,EN,Towers with Radar,49,28,6,0,83,0,5,7,0,12,49,33,13,0,95,0,0,0,95
11/06/2018,MHT,NH,ANE,EN,Towers with Radar,69,46,15,0,130,0,0,0,0,0,69,46,15,0,130,0,0,0,130
11/07/2018,MHT,NH,ANE,EN,Towers with Radar,63,50,14,1,128,0,2,26,1,29,63,52,40,2,157,0,0,0,157
11/08/2018,MHT,NH,ANE,EN,Towers with Radar,61,48,16,0,125,0,7,27,0,34,61,55,43,0,159,14,0,14,173
11/09/2018,MHT,NH,ANE,EN,Towers with Radar,58,39,29,0,126,0,5,25,0,30,58,44,54,0,156,26,0,26,182
11/10/2018,MHT,NH,ANE,EN,Towers with Radar,46,18,2,0,66,0,2,2,0,4,46,20,4,0,70,0,0,0,70
11/11/2018,MHT,NH,ANE,EN,Towers with Radar,49,12,13,0,74,0,9,23,0,32,49,21,36,0,106,8,0,8,114
11/12/2018,MHT,NH,ANE,EN,Towers with Radar,53,33,13,0,99,0,8,21,0,29,53,41,34,0,128,40,0,40,168
11/13/2018,MHT,NH,ANE,EN,Towers with Radar,65,48,7,2,122,0,0,0,0,0,65,48,7,2,122,0,0,0,122
11/14/2018,MHT,NH,ANE,EN,Towers with Radar,61,50,11,0,122,0,5,0,0,5,61,55,11,0,127,0,0,0,127
11/15/2018,MHT,NH,ANE,EN,Towers with Radar,52,42,32,0,126,0,4,27,0,31,52,46,59,0,157,12,0,12,169
11/16/2018,MHT,NH,ANE,EN,Towers with Radar,62,37,15,0,114,0,0,0,0,0,62,37,15,0,114,0,0,0,114
11/17/2018,MHT,NH,ANE,EN,Towers with Radar,52,21,13,0,86,0,4,12,0,16,52,25,25,0,102,0,0,0,102
11/18/2018,MHT,NH,ANE,EN,Towers with Radar,49,9,7,0,65,0,3,22,0,25,49,12,29,0,90,16,0,16,106
11/19/2018,MHT,NH,ANE,EN,Towers with Radar,54,24,17,2,97,0,0,0,0,0,54,24,17,2,97,0,0,0,97
11/20/2018,MHT,NH,ANE,EN,Towers with Radar,64,44,9,0,117,0,0,0,0,0,64,44,9,0,117,0,0,0,117
11/21/2018,MHT,NH,ANE,EN,Towers with Radar,61,62,21,1,145,0,4,15,1,20,61,66,36,2,165,4,0,4,169
11/22/2018,MHT,NH,ANE,EN,Towers with Radar,30,5,2,0,37,0,9,2,0,11,30,14,4,0,48,0,0,0,48
11/23/2018,MHT,NH,ANE,EN,Towers with Radar,40,35,14,0,89,0,2,9,0,11,40,37,23,0,100,0,0,0,100
11/24/2018,MHT,NH,ANE,EN,Towers with Radar,48,22,12,0,82,0,6,15,0,21,48,28,27,0,103,8,0,8,111
11/25/2018,MHT,NH,ANE,EN,Towers with Radar,56,24,12,0,92,0,0,1,0,1,56,24,13,0,93,0,0,0,93
11/26/2018,MHT,NH,ANE,EN,Towers with Radar,57,31,6,0,94,0,0,0,0,0,57,31,6,0,94,0,0,0,94
11/27/2018,MHT,NH,ANE,EN,Towers with Radar,71,43,15,5,134,0,3,2,2,7,71,46,17,7,141,0,0,0,141
11/28/2018,MHT,NH,ANE,EN,Towers with Radar,71,64,16,0,151,0,0,16,0,16,71,64,32,0,167,0,0,0,167
11/29/2018,MHT,NH,ANE,EN,Towers with Radar,70,52,2,0,124,0,5,11,0,16,70,57,13,0,140,0,0,0,140
11/30/2018,MHT,NH,ANE,EN,Towers with Radar,63,35,25,0,123,0,3,35,0,38,63,38,60,0,161,48,0,48,209
12/01/2018,MHT,NH,ANE,EN,Towers with Radar,43,11,6,0,60,0,10,16,0,26,43,21,22,0,86,68,0,68,154
12/02/2018,MHT,NH,ANE,EN,Towers with Radar,45,8,8,0,61,0,0,0,0,0,45,8,8,0,61,0,0,0,61
12/03/2018,MHT,NH,ANE,EN,Towers with Radar,55,22,19,0,96,0,3,4,0,7,55,25,23,0,103,0,0,0,103
12/04/2018,MHT,NH,ANE,EN,Towers with Radar,73,47,19,0,139,0,2,5,0,7,73,49,24,0,146,0,0,0,146
12/05/2018,MHT,NH,ANE,EN,Towers with Radar,69,40,17,0,126,0,0,21,0,21,69,40,38,0,147,8,0,8,155
12/06/2018,MHT,NH,ANE,EN,Towers with Radar,71,46,22,0,139,0,5,23,0,28,71,51,45,0,167,4,0,4,171
12/07/2018,MHT,NH,ANE,EN,Towers with Radar,62,37,16,0,115,0,7,33,0,40,62,44,49,0,155,34,0,34,189
12/08/2018,MHT,NH,ANE,EN,Towers with Radar,45,11,5,0,61,0,6,20,0,26,45,17,25,0,87,2,0,2,89
12/09/2018,MHT,NH,ANE,EN,Towers with Radar,41,12,12,0,65,0,3,20,0,23,41,15,32,0,88,0,0,0,88
12/10/2018,MHT,NH,ANE,EN,Towers with Radar,52,30,17,0,99,0,3,25,0,28,52,33,42,0,127,30,0,30,157
12/11/2018,MHT,NH,ANE,EN,Towers with Radar,70,47,19,0,136,0,6,20,0,26,70,53,39,0,162,50,0,50,212
12/12/2018,MHT,NH,ANE,EN,Towers with Radar,72,58,17,2,149,0,8,24,0,32,72,66,41,2,181,0,0,0,181
12/13/2018,MHT,NH,ANE,EN,Towers with Radar,69,41,19,0,129,0,10,13,0,23,69,51,32,0,152,13,0,13,165
12/14/2018,MHT,NH,ANE,EN,Towers with Radar,65,35,18,0,118,0,1,18,0,19,65,36,36,0,137,12,0,12,149
12/15/2018,MHT,NH,ANE,EN,Towers with Radar,43,16,17,0,76,0,7,24,1,32,43,23,41,1,108,12,0,12,120
12/16/2018,MHT,NH,ANE,EN,Towers with Radar,51,9,13,0,73,0,2,1,0,3,51,11,14,0,76,0,0,0,76
12/17/2018,MHT,NH,ANE,EN,Towers with Radar,62,26,7,0,95,0,0,2,0,2,62,26,9,0,97,0,0,0,97
12/18/2018,MHT,NH,ANE,EN,Towers with Radar,77,44,7,0,128,0,3,8,0,11,77,47,15,0,139,4,0,4,143
12/19/2018,MHT,NH,ANE,EN,Towers with Radar,75,60,30,4,169,0,5,34,0,39,75,65,64,4,208,16,0,16,224
12/20/2018,MHT,NH,ANE,EN,Towers with Radar,74,43,26,0,143,0,10,24,0,34,74,53,50,0,177,12,0,12,189
12/21/2018,MHT,NH,ANE,EN,Towers with Radar,76,43,1,0,120,0,0,0,0,0,76,43,1,0,120,0,0,0,120
12/22/2018,MHT,NH,ANE,EN,Towers with Radar,55,30,8,0,93,0,3,2,0,5,55,33,10,0,98,0,0,0,98
12/23/2018,MHT,NH,ANE,EN,Towers with Radar,52,13,10,0,75,0,4,39,0,43,52,17,49,0,118,14,0,14,132
12/24/2018,MHT,NH,ANE,EN,Towers with Radar,38,28,3,0,69,0,3,2,0,5,38,31,5,0,74,10,0,10,84
12/25/2018,MHT,NH,ANE,EN,Towers with Radar,38,11,2,0,51,0,4,0,0,4,38,15,2,0,55,0,0,0,55
12/26/2018,MHT,NH,ANE,EN,Towers with Radar,56,37,8,0,101,0,10,16,0,26,56,47,24,0,127,0,0,0,127
12/27/2018,MHT,NH,ANE,EN,Towers with Radar,60,40,24,0,124,0,4,22,0,26,60,44,46,0,150,0,0,0,150
12/28/2018,MHT,NH,ANE,EN,Towers with Radar,56,34,4,0,94,0,0,0,0,0,56,34,4,0,94,0,0,0,94
12/29/2018,MHT,NH,ANE,EN,Towers with Radar,52,19,12,0,83,0,9,11,1,21,52,28,23,1,104,4,0,4,108
12/30/2018,MHT,NH,ANE,EN,Towers with Radar,51,10,12,0,73,0,7,15,0,22,51,17,27,0,95,0,0,0,95
12/31/2018,MHT,NH,ANE,EN,Towers with Radar,42,25,7,0,74,0,6,8,0,14,42,31,15,0,88,0,0,0,88
01/01/2019,MHT,NH,ANE,EN,Towers with Radar,43,17,3,0,63,0,0,2,0,2,43,17,5,0,65,0,0,0,65
01/02/2019,MHT,NH,ANE,EN,Towers with Radar,52,41,16,10,119,0,4,22,2,28,52,45,38,12,147,0,12,12,159
01/03/2019,MHT,NH,ANE,EN,Towers with Radar,55,39,20,0,114,0,6,5,0,11,55,45,25,0,125,4,0,4,129
01/04/2019,MHT,NH,ANE,EN,Towers with Radar,52,38,25,0,115,0,5,29,0,34,52,43,54,0,149,22,0,22,171
01/05/2019,MHT,NH,ANE,EN,Towers with Radar,37,17,5,0,59,0,0,2,0,2,37,17,7,0,61,0,0,0,61
01/06/2019,MHT,NH,ANE,EN,Towers with Radar,45,15,6,0,66,0,4,10,0,14,45,19,16,0,80,0,0,0,80
01/07/2019,MHT,NH,ANE,EN,Towers with Radar,48,30,4,0,82,0,4,17,0,21,48,34,21,0,103,0,0,0,103
01/08/2019,MHT,NH,ANE,EN,Towers with Radar,51,41,16,0,108,0,0,0,0,0,51,41,16,0,108,0,0,0,108
01/09/2019,MHT,NH,ANE,EN,Towers with Radar,55,50,9,17,131,0,0,0,0,0,55,50,9,17,131,0,0,0,131
01/10/2019,MHT,NH,ANE,EN,Towers with Radar,54,46,9,0,109,0,3,4,0,7,54,49,13,0,116,0,0,0,116
01/11/2019,MHT,NH,ANE,EN,Towers with Radar,51,31,3,0,85,0,11,9,0,20,51,42,12,0,105,0,0,0,105
01/12/2019,MHT,NH,ANE,EN,Towers with Radar,45,15,15,0,75,0,12,10,0,22,45,27,25,0,97,8,0,8,105
01/13/2019,MHT,NH,ANE,EN,Towers with Radar,40,14,2,0,56,0,4,10,1,15,40,18,12,1,71,4,0,4,75
01/14/2019,MHT,NH,ANE,EN,Towers with Radar,49,27,17,0,93,0,8,15,0,23,49,35,32,0,116,16,0,16,132
01/15/2019,MHT,NH,ANE,EN,Towers with Radar,49,50,24,0,123,0,11,19,0,30,49,61,43,0,153,12,0,12,165
01/16/2019,MHT,NH,ANE,EN,Towers with Radar,56,41,25,0,122,0,6,20,0,26,56,47,45,0,148,42,0,42,190
01/17/2019,MHT,NH,ANE,EN,Towers with Radar,52,39,12,2,105,0,1,19,2,22,52,40,31,4,127,16,0,16,143
01/18/2019,MHT,NH,ANE,EN,Towers with Radar,51,35,17,0,103,0,1,6,0,7,51,36,23,0,110,0,0,0,110
01/19/2019,MHT,NH,ANE,EN,Towers with Radar,38,12,8,0,58,0,3,14,0,17,38,15,22,0,75,2,0,2,77
01/20/2019,MHT,NH,ANE,EN,Towers with Radar,10,9,2,0,21,0,0,0,0,0,10,9,2,0,21,0,0,0,21
01/21/2019,MHT,NH,ANE,EN,Towers with Radar,32,30,13,0,75,0,0,0,0,0,32,30,13,0,75,0,0,0,75
01/22/2019,MHT,NH,ANE,EN,Towers with Radar,54,52,10,2,118,0,2,11,0,13,54,54,21,2,131,5,0,5,136
01/23/2019,MHT,NH,ANE,EN,Towers with Radar,54,49,11,7,121,0,0,10,3,13,54,49,21,10,134,0,0,0,134
01/24/2019,MHT,NH,ANE,EN,Towers with Radar,55,42,15,1,113,0,0,0,0,0,55,42,15,1,113,0,0,0,113
01/25/2019,MHT,NH,ANE,EN,Towers with Radar,50,47,21,0,118,0,10,19,0,29,50,57,40,0,147,0,0,0,147
01/26/2019,MHT,NH,ANE,EN,Towers with Radar,46,14,9,0,69,0,9,29,0,38,46,23,38,0,107,8,0,8,115
01/27/2019,MHT,NH,ANE,EN,Towers with Radar,44,14,11,0,69,0,1,12,0,13,44,15,23,0,82,18,0,18,100
01/28/2019,MHT,NH,ANE,EN,Towers with Radar,42,32,19,3,96,0,6,22,1,29,42,38,41,4,125,8,4,12,137
01/29/2019,MHT,NH,ANE,EN,Towers with Radar,52,46,11,1,110,0,0,0,0,0,52,46,11,1,110,0,0,0,110
01/30/2019,MHT,NH,ANE,EN,Towers with Radar,46,52,6,0,104,0,0,9,0,9,46,52,15,0,113,14,0,14,127
01/31/2019,MHT,NH,ANE,EN,Towers with Radar,48,46,13,0,107,0,8,11,1,20,48,54,24,1,127,0,0,0,127
02/01/2019,MHT,NH,ANE,EN,Towers with Radar,52,34,14,0,100,0,5,15,0,20,52,39,29,0,120,8,0,8,128
02/02/2019,MHT,NH,ANE,EN,Towers with Radar,47,13,11,0,71,0,2,23,0,25,47,15,34,0,96,4,0,4,100
02/03/2019,MHT,NH,ANE,EN,Towers with Radar,38,10,15,0,63,0,4,11,1,16,38,14,26,1,79,0,0,0,79
02/04/2019,MHT,NH,ANE,EN,Towers with Radar,47,31,17,0,95,0,0,13,0,13,47,31,30,0,108,44,0,44,152
02/05/2019,MHT,NH,ANE,EN,Towers with Radar,51,46,19,3,119,0,1,9,0,10,51,47,28,3,129,6,0,6,135
02/06/2019,MHT,NH,ANE,EN,Towers with Radar,49,52,15,4,120,0,5,7,4,16,49,57,22,8,136,10,0,10,146
02/07/2019,MHT,NH,ANE,EN,Towers with Radar,51,48,14,4,117,0,0,0,0,0,51,48,14,4,117,0,0,0,117
02/08/2019,MHT,NH,ANE,EN,Towers with Radar,54,46,8,0,108,0,0,0,0,0,54,46,8,0,108,0,0,0,108
02/09/2019,MHT,NH,ANE,EN,Towers with Radar,46,16,2,0,64,0,4,1,0,5,46,20,3,0,69,0,0,0,69
02/10/2019,MHT,NH,ANE,EN,Towers with Radar,42,15,11,0,68,0,3,24,0,27,42,18,35,0,95,0,0,0,95
02/11/2019,MHT,NH,ANE,EN,Towers with Radar,44,32,20,0,96,0,6,16,0,22,44,38,36,0,118,0,0,0,118
02/12/2019,MHT,NH,ANE,EN,Towers with Radar,45,29,11,0,85,0,4,13,0,17,45,33,24,0,102,0,0,0,102
02/13/2019,MHT,NH,ANE,EN,Towers with Radar,50,49,14,0,113,0,0,3,0,3,50,49,17,0,116,0,0,0,116
02/14/2019,MHT,NH,ANE,EN,Towers with Radar,54,37,23,0,114,0,1,20,0,21,54,38,43,0,135,0,0,0,135
02/15/2019,MHT,NH,ANE,EN,Towers with Radar,55,32,18,0,105,0,2,0,0,2,55,34,18,0,107,0,0,0,107
02/16/2019,MHT,NH,ANE,EN,Towers with Radar,49,18,18,0,85,0,6,23,0,29,49,24,41,0,114,0,0,0,114
02/17/2019,MHT,NH,ANE,EN,Towers with Radar,44,16,21,0,81,0,5,24,0,29,44,21,45,0,110,0,0,0,110
02/18/2019,MHT,NH,ANE,EN,Towers with Radar,52,34,12,0,98,0,3,0,0,3,52,37,12,0,101,0,0,0,101
02/19/2019,MHT,NH,ANE,EN,Towers with Radar,55,43,12,0,110,0,4,30,0,34,55,47,42,0,144,40,0,40,184
02/20/2019,MHT,NH,ANE,EN,Towers with Radar,50,43,18,0,111,0,2,13,0,15,50,45,31,0,126,16,0,16,142
02/21/2019,MHT,NH,ANE,EN,Towers with Radar,60,45,12,2,119,0,2,5,0,7,60,47,17,2,126,0,0,0,126
02/22/2019,MHT,NH,ANE,EN,Towers with Radar,54,37,24,0,115,0,5,37,0,42,54,42,61,0,157,0,0,0,157
02/23/2019,MHT,NH,ANE,EN,Towers with Radar,53,14,11,0,78,0,8,18,0,26,53,22,29,0,104,0,0,0,104
02/24/2019,MHT,NH,ANE,EN,Towers with Radar,45,11,6,0,62,0,0,1,0,1,45,11,7,0,63,0,0,0,63
02/25/2019,MHT,NH,ANE,EN,Towers with Radar,42,20,6,0,68,0,0,0,0,0,42,20,6,0,68,0,0,0,68
02/26/2019,MHT,NH,ANE,EN,Towers with Radar,58,42,5,1,106,0,2,9,1,12,58,44,14,2,118,2,0,2,120
02/27/2019,MHT,NH,ANE,EN,Towers with Radar,57,41,16,0,114,2,0,18,0,20,59,41,34,0,134,30,0,30,164
02/28/2019,MHT,NH,ANE,EN,Towers with Radar,55,43,10,0,108,0,2,4,1,7,55,45,14,1,115,0,0,0,115
03/01/2019,MHT,NH,ANE,EN,Towers with Radar,56,35,6,0,97,0,6,20,0,26,56,41,26,0,123,10,0,10,133
03/02/2019,MHT,NH,ANE,EN,Towers with Radar,55,20,1,0,76,0,6,2,0,8,55,26,3,0,84,0,0,0,84
03/03/2019,MHT,NH,ANE,EN,Towers with Radar,46,15,14,0,75,0,8,20,0,28,46,23,34,0,103,0,0,0,103
03/04/2019,MHT,NH,ANE,EN,Towers with Radar,52,28,7,0,87,0,0,2,0,2,52,28,9,0,89,0,0,0,89
03/05/2019,MHT,NH,ANE,EN,Towers with Radar,61,39,18,1,119,0,3,27,1,31,61,42,45,2,150,14,0,14,164
03/06/2019,MHT,NH,ANE,EN,Towers with Radar,62,37,19,1,119,0,8,5,0,13,62,45,24,1,132,0,0,0,132
03/07/2019,MHT,NH,ANE,EN,Towers with Radar,60,46,20,0,126,0,11,21,0,32,60,57,41,0,158,18,0,18,176
03/08/2019,MHT,NH,ANE,EN,Towers with Radar,54,35,26,0,115,0,6,39,0,45,54,41,65,0,160,36,0,36,196
03/09/2019,MHT,NH,ANE,EN,Towers with Radar,45,16,26,0,87,0,4,27,0,31,45,20,53,0,118,6,0,6,124
03/10/2019,MHT,NH,ANE,EN,Towers with Radar,43,11,9,0,63,0,0,0,0,0,43,11,9,0,63,0,0,0,63
03/11/2019,MHT,NH,ANE,EN,Towers with Radar,52,32,9,0,93,0,2,13,0,15,52,34,22,0,108,4,0,4,112
03/12/2019,MHT,NH,ANE,EN,Towers with Radar,55,43,9,2,109,0,12,12,2,26,55,55,21,4,135,0,0,0,135
03/13/2019,MHT,NH,ANE,EN,Towers with Radar,56,43,26,0,125,0,2,43,0,45,56,45,69,0,170,6,0,6,176
03/14/2019,MHT,NH,ANE,EN,Towers with Radar,49,40,18,0,107,0,1,18,0,19,49,41,36,0,126,34,0,34,160
03/15/2019,MHT,NH,ANE,EN,Towers with Radar,53,30,5,0,88,0,5,0,0,5,53,35,5,0,93,0,0,0,93
03/16/2019,MHT,NH,ANE,EN,Towers with Radar,49,23,8,0,80,0,3,9,0,12,49,26,17,0,92,0,0,0,92
03/17/2019,MHT,NH,ANE,EN,Towers with Radar,44,15,10,0,69,0,3,18,0,21,44,18,28,0,90,6,0,6,96
03/18/2019,MHT,NH,ANE,EN,Towers with Radar,45,39,12,0,96,0,12,25,0,37,45,51,37,0,133,14,0,14,147
03/19/2019,MHT,NH,ANE,EN,Towers with Radar,55,47,20,3,125,0,8,24,1,33,55,55,44,4,158,0,0,0,158
03/20/2019,MHT,NH,ANE,EN,Towers with Radar,57,45,20,0,122,0,11,19,1,31,57,56,39,1,153,10,0,10,163
03/21/2019,MHT,NH,ANE,EN,Towers with Radar,52,40,17,0,109,0,8,29,0,37,52,48,46,0,146,22,0,22,168
03/22/2019,MHT,NH,ANE,EN,Towers with Radar,52,38,9,0,99,0,0,2,0,2,52,38,11,0,101,0,0,0,101
03/23/2019,MHT,NH,ANE,EN,Towers with Radar,52,21,2,0,75,0,0,8,0,8,52,21,10,0,83,0,0,0,83
03/24/2019,MHT,NH,ANE,EN,Towers with Radar,43,19,12,0,74,0,3,29,0,32,43,22,41,0,106,0,0,0,106
03/25/2019,MHT,NH,ANE,EN,Towers with Radar,45,28,14,0,87,0,6,24,0,30,45,34,38,0,117,0,0,0,117
03/26/2019,MHT,NH,ANE,EN,Towers with Radar,60,47,14,2,123,0,8,31,0,39,60,55,45,2,162,22,0,22,184
03/27/2019,MHT,NH,ANE,EN,Towers with Radar,58,39,32,3,132,0,5,36,0,41,58,44,68,3,173,26,0,26,199
03/28/2019,MHT,NH,ANE,EN,Towers with Radar,53,41,19,0,113,0,5,36,0,41,53,46,55,0,154,15,0,15,169
03/29/2019,MHT,NH,ANE,EN,Towers with Radar,51,37,9,0,97,0,2,6,0,8,51,39,15,0,105,0,0,0,105
03/30/2019,MHT,NH,ANE,EN,Towers with Radar,47,16,25,0,88,0,0,12,0,12,47,16,37,0,100,22,0,22,122
03/31/2019,MHT,NH,ANE,EN,Towers with Radar,48,9,3,0,60,0,0,0,0,0,48,9,3,0,60,0,0,0,60
04/01/2019,MHT,NH,ANE,EN,Towers with Radar,53,24,13,0,90,0,8,5,1,14,53,32,18,1,104,0,0,0,104
04/02/2019,MHT,NH,ANE,EN,Towers with Radar,64,38,20,0,122,0,5,28,0,33,64,43,48,0,155,10,0,10,165
04/03/2019,MHT,NH,ANE,EN,Towers with Radar,59,42,11,0,112,0,0,1,0,1,59,42,12,0,113,0,0,0,113
04/04/2019,MHT,NH,ANE,EN,Towers with Radar,55,44,10,0,109,0,6,8,5,19,55,50,18,5,128,0,0,0,128
04/05/2019,MHT,NH,ANE,EN,Towers with Radar,56,30,18,0,104,0,5,23,0,28,56,35,41,0,132,0,0,0,132
04/06/2019,MHT,NH,ANE,EN,Towers with Radar,47,16,10,0,73,0,2,11,0,13,47,18,21,0,86,6,0,6,92
04/07/2019,MHT,NH,ANE,EN,Towers with Radar,46,13,11,0,70,0,8,29,0,37,46,21,40,0,107,0,0,0,107
04/08/2019,MHT,NH,ANE,EN,Towers with Radar,64,25,7,2,98,0,0,0,0,0,64,25,7,2,98,0,0,0,98
04/09/2019,MHT,NH,ANE,EN,Towers with Radar,66,40,6,0,112,0,0,0,0,0,66,40,6,0,112,0,0,0,112
04/10/2019,MHT,NH,ANE,EN,Towers with Radar,69,52,5,0,126,0,6,19,0,25,69,58,24,0,151,0,0,0,151
04/11/2019,MHT,NH,ANE,EN,Towers with Radar,66,42,21,0,129,2,8,34,0,44,68,50,55,0,173,22,0,22,195
04/12/2019,MHT,NH,ANE,EN,Towers with Radar,61,30,30,0,121,0,2,14,0,16,61,32,44,0,137,0,0,0,137
04/13/2019,MHT,NH,ANE,EN,Towers with Radar,51,29,11,0,91,0,3,9,0,12,51,32,20,0,103,0,0,0,103
04/14/2019,MHT,NH,ANE,EN,Towers with Radar,53,15,19,0,87,0,4,20,0,24,53,19,39,0,111,0,0,0,111
04/15/2019,MHT,NH,ANE,EN,Towers with Radar,61,25,4,0,90,0,0,0,0,0,61,25,4,0,90,0,0,0,90
04/16/2019,MHT,NH,ANE,EN,Towers with Radar,72,40,11,0,123,0,0,8,0,8,72,40,19,0,131,0,0,0,131
04/17/2019,MHT,NH,ANE,EN,Towers with Radar,71,38,23,1,133,0,7,41,0,48,71,45,64,1,181,36,0,36,217
04/18/2019,MHT,NH,ANE,EN,Towers with Radar,65,38,23,14,140,0,0,17,1,18,65,38,40,15,158,0,0,0,158
04/19/2019,MHT,NH,ANE,EN,Towers with Radar,55,31,10,0,96,0,4,3,0,7,55,35,13,0,103,0,0,0,103
04/20/2019,MHT,NH,ANE,EN,Towers with Radar,52,15,8,0,75,0,0,0,0,0,52,15,8,0,75,0,0,0,75
04/21/2019,MHT,NH,ANE,EN,Towers with Radar,52,10,7,0,69,0,4,6,0,10,52,14,13,0,79,6,0,6,85
04/22/2019,MHT,NH,ANE,EN,Towers with Radar,59,37,30,0,126,0,0,6,0,6,59,37,36,0,132,0,0,0,132
04/23/2019,MHT,NH,ANE,EN,Towers with Radar,72,63,27,0,162,0,0,6,0,6,72,63,33,0,168,16,0,16,184
04/24/2019,MHT,NH,ANE,EN,Towers with Radar,70,44,19,0,133,0,0,14,0,14,70,44,33,0,147,0,0,0,147
04/25/2019,MHT,NH,ANE,EN,Towers with Radar,66,38,26,0,130,0,4,50,2,56,66,42,76,2,186,8,0,8,194
04/26/2019,MHT,NH,ANE,EN,Towers with Radar,62,27,17,0,106,0,1,0,0,1,62,28,17,0,107,0,0,0,107
04/27/2019,MHT,NH,ANE,EN,Towers with Radar,48,17,14,0,79,0,2,0,0,2,48,19,14,0,81,0,0,0,81
04/28/2019,MHT,NH,ANE,EN,Towers with Radar,51,11,19,0,81,0,6,19,0,25,51,17,38,0,106,28,0,28,134
04/29/2019,MHT,NH,ANE,EN,Towers with Radar,54,31,21,2,108,0,7,39,0,46,54,38,60,2,154,8,0,8,162
04/30/2019,MHT,NH,ANE,EN,Towers with Radar,65,37,29,2,133,0,4,7,0,11,65,41,36,2,144,0,0,0,144
05/01/2019,MHT,NH,ANE,EN,Towers with Radar,67,41,16,2,126,0,4,17,0,21,67,45,33,2,147,40,0,40,187
05/02/2019,MHT,NH,ANE,EN,Towers with Radar,61,45,15,0,121,0,0,0,0,0,61,45,15,0,121,0,0,0,121
05/03/2019,MHT,NH,ANE,EN,Towers with Radar,68,34,27,0,129,0,0,0,0,0,68,34,27,0,129,0,0,0,129
05/04/2019,MHT,NH,ANE,EN,Towers with Radar,54,20,12,0,86,0,5,1,0,6,54,25,13,0,92,0,0,0,92
05/05/2019,MHT,NH,ANE,EN,Towers with Radar,49,14,20,0,83,0,1,2,0,3,49,15,22,0,86,0,0,0,86
05/06/2019,MHT,NH,ANE,EN,Towers with Radar,61,28,20,2,111,0,10,25,0,35,61,38,45,2,146,16,0,16,162
05/07/2019,MHT,NH,ANE,EN,Towers with Radar,71,47,23,0,141,0,2,20,0,22,71,49,43,0,163,14,0,14,177
05/08/2019,MHT,NH,ANE,EN,Towers with Radar,67,45,28,0,140,0,9,38,0,47,67,54,66,0,187,22,0,22,209
05/09/2019,MHT,NH,ANE,EN,Towers with Radar,68,39,34,2,143,0,1,35,0,36,68,40,69,2,179,12,0,12,191
05/10/2019,MHT,NH,ANE,EN,Towers with Radar,66,45,27,2,140,0,3,0,0,3,66,48,27,2,143,0,0,0,143
05/11/2019,MHT,NH,ANE,EN,Towers with Radar,51,23,13,0,87,0,5,29,0,34,51,28,42,0,121,16,0,16,137
05/12/2019,MHT,NH,ANE,EN,Towers with Radar,50,13,20,0,83,0,2,17,0,19,50,15,37,0,102,2,0,2,104
05/13/2019,MHT,NH,ANE,EN,Towers with Radar,59,33,26,0,118,0,2,10,0,12,59,35,36,0,130,6,0,6,136
05/14/2019,MHT,NH,ANE,EN,Towers with Radar,70,40,13,0,123,0,0,0,0,0,70,40,13,0,123,0,0,0,123
05/15/2019,MHT,NH,ANE,EN,Towers with Radar,66,40,24,3,133,0,2,37,0,39,66,42,61,3,172,50,0,50,222
05/16/2019,MHT,NH,ANE,EN,Towers with Radar,67,36,21,1,125,0,3,37,0,40,67,39,58,1,165,4,0,4,169
05/17/2019,MHT,NH,ANE,EN,Towers with Radar,61,33,33,0,127,0,3,6,0,9,61,36,39,0,136,20,0,20,156
05/18/2019,MHT,NH,ANE,EN,Towers with Radar,53,21,10,0,84,0,12,16,0,28,53,33,26,0,112,36,0,36,148
05/19/2019,MHT,NH,ANE,EN,Towers with Radar,51,17,6,0,74,0,10,16,0,26,51,27,22,0,100,26,0,26,126
05/20/2019,MHT,NH,ANE,EN,Towers with Radar,56,25,16,0,97,0,2,6,0,8,56,27,22,0,105,16,0,16,121
05/21/2019,MHT,NH,ANE,EN,Towers with Radar,74,40,15,0,129,0,4,11,0,15,74,44,26,0,144,20,0,20,164
05/22/2019,MHT,NH,ANE,EN,Towers with Radar,69,39,17,0,125,0,7,30,0,37,69,46,47,0,162,56,0,56,218
05/23/2019,MHT,NH,ANE,EN,Towers with Radar,66,39,20,0,125,0,2,11,0,13,66,41,31,0,138,0,0,0,138
05/24/2019,MHT,NH,ANE,EN,Towers with Radar,62,47,12,0,121,0,3,3,0,6,62,50,15,0,127,0,0,0,127
05/25/2019,MHT,NH,ANE,EN,Towers with Radar,51,16,30,0,97,0,2,26,0,28,51,18,56,0,125,16,0,16,141
05/26/2019,MHT,NH,ANE,EN,Towers with Radar,38,10,13,2,63,0,5,9,0,14,38,15,22,2,77,6,0,6,83
05/27/2019,MHT,NH,ANE,EN,Towers with Radar,49,19,20,0,88,0,10,21,0,31,49,29,41,0,119,0,0,0,119
05/28/2019,MHT,NH,ANE,EN,Towers with Radar,53,35,31,0,119,0,0,9,0,9,53,35,40,0,128,24,0,24,152
05/29/2019,MHT,NH,ANE,EN,Towers with Radar,74,47,32,0,153,0,0,4,0,4,74,47,36,0,157,70,0,70,227
05/30/2019,MHT,NH,ANE,EN,Towers with Radar,64,46,38,0,148,0,4,8,0,12,64,50,46,0,160,8,0,8,168
05/31/2019,MHT,NH,ANE,EN,Towers with Radar,69,28,23,2,122,0,4,14,0,18,69,32,37,2,140,28,0,28,168
06/01/2019,MHT,NH,ANE,EN,Towers with Radar,53,15,28,0,96,0,7,24,0,31,53,22,52,0,127,18,0,18,145
06/02/2019,MHT,NH,ANE,EN,Towers with Radar,55,12,16,0,83,0,0,1,0,1,55,12,17,0,84,6,0,6,90
06/03/2019,MHT,NH,ANE,EN,Towers with Radar,62,26,22,0,110,0,2,18,0,20,62,28,40,0,130,6,0,6,136
06/04/2019,MHT,NH,ANE,EN,Towers with Radar,66,51,24,0,141,0,8,19,0,27,66,59,43,0,168,20,0,20,188
06/05/2019,MHT,NH,ANE,EN,Towers with Radar,67,38,25,0,130,0,0,24,0,24,67,38,49,0,154,32,0,32,186
06/06/2019,MHT,NH,ANE,EN,Towers with Radar,69,51,36,2,158,0,5,17,0,22,69,56,53,2,180,4,0,4,184
06/07/2019,MHT,NH,ANE,EN,Towers with Radar,64,46,24,2,136,0,9,23,0,32,64,55,47,2,168,18,0,18,186
06/08/2019,MHT,NH,ANE,EN,Towers with Radar,59,21,20,4,104,0,6,15,0,21,59,27,35,4,125,0,0,0,125
06/09/2019,MHT,NH,ANE,EN,Towers with Radar,47,21,11,0,79,0,3,18,0,21,47,24,29,0,100,0,0,0,100
06/10/2019,MHT,NH,ANE,EN,Towers with Radar,60,28,18,3,109,0,5,14,0,19,60,33,32,3,128,12,0,12,140
06/11/2019,MHT,NH,ANE,EN,Towers with Radar,64,52,37,0,153,0,2,5,0,7,64,54,42,0,160,0,0,0,160
06/12/2019,MHT,NH,ANE,EN,Towers with Radar,64,54,45,0,163,0,10,34,0,44,64,64,79,0,207,32,0,32,239
06/13/2019,MHT,NH,ANE,EN,Towers with Radar,59,49,27,0,135,0,5,6,0,11,59,54,33,0,146,0,0,0,146
06/14/2019,MHT,NH,ANE,EN,Towers with Radar,60,53,23,0,136,0,2,12,0,14,60,55,35,0,150,24,0,24,174
06/15/2019,MHT,NH,ANE,EN,Towers with Radar,55,23,22,0,100,0,6,14,0,20,55,29,36,0,120,4,0,4,124
06/16/2019,MHT,NH,ANE,EN,Towers with Radar,46,21,15,0,82,0,5,2,0,7,46,26,17,0,89,0,0,0,89
06/17/2019,MHT,NH,ANE,EN,Towers with Radar,56,31,37,0,124,0,10,31,0,41,56,41,68,0,165,22,0,22,187
06/18/2019,MHT,NH,ANE,EN,Towers with Radar,60,51,32,2,145,0,6,12,0,18,60,57,44,2,163,0,0,0,163
06/19/2019,MHT,NH,ANE,EN,Towers with Radar,66,44,35,0,145,0,0,10,0,10,66,44,45,0,155,10,0,10,165
06/20/2019,MHT,NH,ANE,EN,Towers with Radar,66,46,23,0,135,0,0,0,0,0,66,46,23,0,135,0,0,0,135
06/21/2019,MHT,NH,ANE,EN,Towers with Radar,61,55,24,0,140,0,6,5,0,11,61,61,29,0,151,6,0,6,157
06/22/2019,MHT,NH,ANE,EN,Towers with Radar,56,21,19,0,96,0,2,17,0,19,56,23,36,0,115,0,0,0,115
06/23/2019,MHT,NH,ANE,EN,Towers with Radar,45,19,23,0,87,0,7,24,0,31,45,26,47,0,118,12,0,12,130
06/24/2019,MHT,NH,ANE,EN,Towers with Radar,56,36,38,3,133,0,16,34,0,50,56,52,72,3,183,2,0,2,185
06/25/2019,MHT,NH,ANE,EN,Towers with Radar,63,49,18,0,130,0,0,7,0,7,63,49,25,0,137,0,0,0,137
06/26/2019,MHT,NH,ANE,EN,Towers with Radar,62,48,33,1,144,0,7,7,1,15,62,55,40,2,159,26,0,26,185
06/27/2019,MHT,NH,ANE,EN,Towers with Radar,63,64,39,1,167,0,14,28,3,45,63,78,67,4,212,4,0,4,216
06/28/2019,MHT,NH,ANE,EN,Towers with Radar,58,39,28,1,126,0,11,27,0,38,58,50,55,1,164,10,0,10,174
06/29/2019,MHT,NH,ANE,EN,Towers with Radar,62,15,7,0,84,0,6,7,0,13,62,21,14,0,97,0,0,0,97
06/30/2019,MHT,NH,ANE,EN,Towers with Radar,49,23,23,0,95,0,0,8,0,8,49,23,31,0,103,0,0,0,103
07/01/2019,MHT,NH,ANE,EN,Towers with Radar,54,30,23,1,108,0,5,23,0,28,54,35,46,1,136,12,0,12,148
07/02/2019,MHT,NH,ANE,EN,Towers with Radar,62,41,25,1,129,0,7,26,0,33,62,48,51,1,162,34,0,34,196
07/03/2019,MHT,NH,ANE,EN,Towers with Radar,59,59,32,0,150,0,2,20,0,22,59,61,52,0,172,0,0,0,172
07/04/2019,MHT,NH,ANE,EN,Towers with Radar,31,14,12,0,57,0,3,11,0,14,31,17,23,0,71,0,0,0,71
07/05/2019,MHT,NH,ANE,EN,Towers with Radar,44,35,18,0,97,0,6,12,1,19,44,41,30,1,116,0,0,0,116
07/06/2019,MHT,NH,ANE,EN,Towers with Radar,52,21,17,0,90,0,0,3,0,3,52,21,20,0,93,4,0,4,97
07/07/2019,MHT,NH,ANE,EN,Towers with Radar,47,19,31,0,97,0,7,15,0,22,47,26,46,0,119,0,0,0,119
07/08/2019,MHT,NH,ANE,EN,Towers with Radar,54,36,23,0,113,0,6,15,0,21,54,42,38,0,134,8,0,8,142
07/09/2019,MHT,NH,ANE,EN,Towers with Radar,66,43,24,2,135,0,16,19,8,43,66,59,43,10,178,0,0,0,178
07/10/2019,MHT,NH,ANE,EN,Towers with Radar,63,49,18,0,130,0,4,27,2,33,63,53,45,2,163,20,0,20,183
07/11/2019,MHT,NH,ANE,EN,Towers with Radar,58,40,30,0,128,0,4,9,0,13,58,44,39,0,141,16,0,16,157
07/12/2019,MHT,NH,ANE,EN,Towers with Radar,63,42,13,0,118,0,4,2,0,6,63,46,15,0,124,0,0,0,124
07/13/2019,MHT,NH,ANE,EN,Towers with Radar,54,21,18,0,93,0,4,19,0,23,54,25,37,0,116,4,0,4,120
07/14/2019,MHT,NH,ANE,EN,Towers with Radar,48,19,11,0,78,0,5,10,0,15,48,24,21,0,93,0,0,0,93
07/15/2019,MHT,NH,ANE,EN,Towers with Radar,54,33,15,6,108,0,8,20,0,28,54,41,35,6,136,6,0,6,142
07/16/2019,MHT,NH,ANE,EN,Towers with Radar,60,48,30,0,138,0,9,19,1,29,60,57,49,1,167,48,0,48,215
07/17/2019,MHT,NH,ANE,EN,Towers with Radar,64,56,15,0,135,0,3,9,0,12,64,59,24,0,147,36,0,36,183
07/18/2019,MHT,NH,ANE,EN,Towers with Radar,64,51,39,0,154,0,5,13,0,18,64,56,52,0,172,0,0,0,172
07/19/2019,MHT,NH,ANE,EN,Towers with Radar,58,45,27,0,130,0,8,13,0,21,58,53,40,0,151,0,0,0,151
07/20/2019,MHT,NH,ANE,EN,Towers with Radar,53,23,26,0,102,0,12,9,0,21,53,35,35,0,123,10,0,10,133
07/21/2019,MHT,NH,ANE,EN,Towers with Radar,47,22,36,0,105,0,4,9,0,13,47,26,45,0,118,0,0,0,118
07/22/2019,MHT,NH,ANE,EN,Towers with Radar,59,32,29,0,120,0,5,15,0,20,59,37,44,0,140,0,0,0,140
07/23/2019,MHT,NH,ANE,EN,Towers with Radar,64,59,28,2,153,0,3,4,0,7,64,62,32,2,160,0,0,0,160
07/24/2019,MHT,NH,ANE,EN,Towers with Radar,65,48,35,1,149,0,5,19,2,26,65,53,54,3,175,30,0,30,205
07/25/2019,MHT,NH,ANE,EN,Towers with Radar,63,46,31,0,140,0,2,25,0,27,63,48,56,0,167,28,0,28,195
07/26/2019,MHT,NH,ANE,EN,Towers with Radar,60,41,24,0,125,0,0,22,0,22,60,41,46,0,147,4,0,4,151
07/27/2019,MHT,NH,ANE,EN,Towers with Radar,55,25,17,0,97,0,11,17,0,28,55,36,34,0,125,0,0,0,125
07/28/2019,MHT,NH,ANE,EN,Towers with Radar,46,17,16,0,79,0,7,6,0,13,46,24,22,0,92,0,0,0,92
07/29/2019,MHT,NH,ANE,EN,Towers with Radar,57,34,14,1,106,0,12,22,3,37,57,46,36,4,143,8,0,8,151
07/30/2019,MHT,NH,ANE,EN,Towers with Radar,61,45,15,2,123,0,3,9,4,16,61,48,24,6,139,20,0,20,159
07/31/2019,MHT,NH,ANE,EN,Towers with Radar,67,52,20,0,139,0,12,15,0,27,67,64,35,0,166,30,0,30,196
08/01/2019,MHT,NH,ANE,EN,Towers with Radar,57,49,21,0,127,0,13,16,0,29,57,62,37,0,156,32,0,32,188
08/02/2019,MHT,NH,ANE,EN,Towers with Radar,60,39,29,2,130,0,8,21,0,29,60,47,50,2,159,16,0,16,175
08/03/2019,MHT,NH,ANE,EN,Towers with Radar,53,25,7,0,85,0,1,16,2,19,53,26,23,2,104,4,0,4,108
08/04/2019,MHT,NH,ANE,EN,Towers with Radar,48,21,18,0,87,0,10,23,0,33,48,31,41,0,120,22,0,22,142
08/05/2019,MHT,NH,ANE,EN,Towers with Radar,54,35,14,0,103,0,14,12,0,26,54,49,26,0,129,22,0,22,151
08/06/2019,MHT,NH,ANE,EN,Towers with Radar,62,49,19,3,133,0,12,22,0,34,62,61,41,3,167,48,0,48,215
08/07/2019,MHT,NH,ANE,EN,Towers with Radar,64,48,15,1,128,0,2,1,1,4,64,50,16,2,132,0,0,0,132
08/08/2019,MHT,NH,ANE,EN,Towers with Radar,65,50,28,3,146,0,9,4,3,16,65,59,32,6,162,0,0,0,162
08/09/2019,MHT,NH,ANE,EN,Towers with Radar,60,39,16,0,115,0,8,16,4,28,60,47,32,4,143,38,0,38,181
08/10/2019,MHT,NH,ANE,EN,Towers with Radar,52,25,19,0,96,0,9,15,0,24,52,34,34,0,120,6,0,6,126
08/11/2019,MHT,NH,ANE,EN,Towers with Radar,46,20,33,0,99,0,11,29,0,40,46,31,62,0,139,38,0,38,177
08/12/2019,MHT,NH,ANE,EN,Towers with Radar,52,40,53,6,151,0,6,47,4,57,52,46,100,10,208,114,0,114,322
08/13/2019,MHT,NH,ANE,EN,Towers with Radar,60,60,43,3,166,4,7,31,0,42,64,67,74,3,208,70,0,70,278
08/14/2019,MHT,NH,ANE,EN,Towers with Radar,67,49,57,6,179,0,4,69,0,73,67,53,126,6,252,128,0,128,380
08/15/2019,MHT,NH,ANE,EN,Towers with Radar,65,44,39,4,152,2,0,35,8,45,67,44,74,12,197,100,0,100,297
08/16/2019,MHT,NH,ANE,EN,Towers with Radar,67,39,49,4,159,0,3,32,0,35,67,42,81,4,194,74,0,74,268
08/17/2019,MHT,NH,ANE,EN,Towers with Radar,49,25,15,0,89,0,3,4,0,7,49,28,19,0,96,40,0,40,136
08/18/2019,MHT,NH,ANE,EN,Towers with Radar,44,19,18,0,81,0,2,12,0,14,44,21,30,0,95,10,0,10,105
08/19/2019,MHT,NH,ANE,EN,Towers with Radar,54,33,22,0,109,0,0,9,0,9,54,33,31,0,118,0,0,0,118
08/20/2019,MHT,NH,ANE,EN,Towers with Radar,60,44,32,0,136,0,5,23,0,28,60,49,55,0,164,10,0,10,174
08/21/2019,MHT,NH,ANE,EN,Towers with Radar,67,48,3,0,118,0,3,1,0,4,67,51,4,0,122,0,0,0,122
08/22/2019,MHT,NH,ANE,EN,Towers with Radar,61,55,28,0,144,0,2,16,0,18,61,57,44,0,162,0,0,0,162
08/23/2019,MHT,NH,ANE,EN,Towers with Radar,64,40,24,0,128,0,0,20,0,20,64,40,44,0,148,20,0,20,168
08/24/2019,MHT,NH,ANE,EN,Towers with Radar,57,23,10,0,90,0,7,22,0,29,57,30,32,0,119,10,0,10,129
08/25/2019,MHT,NH,ANE,EN,Towers with Radar,48,23,13,0,84,0,7,10,0,17,48,30,23,0,101,0,0,0,101
08/26/2019,MHT,NH,ANE,EN,Towers with Radar,58,35,24,0,117,0,6,14,0,20,58,41,38,0,137,14,0,14,151
08/27/2019,MHT,NH,ANE,EN,Towers with Radar,63,49,18,0,130,0,2,17,0,19,63,51,35,0,149,16,0,16,165
08/28/2019,MHT,NH,ANE,EN,Towers with Radar,66,53,12,2,133,2,4,11,0,17,68,57,23,2,150,30,0,30,180
08/29/2019,MHT,NH,ANE,EN,Towers with Radar,63,51,29,0,143,0,5,19,0,24,63,56,48,0,167,32,0,32,199
08/30/2019,MHT,NH,ANE,EN,Towers with Radar,62,45,31,0,138,0,6,23,0,29,62,51,54,0,167,18,0,18,185
08/31/2019,MHT,NH,ANE,EN,Towers with Radar,48,30,16,0,94,0,8,24,0,32,48,38,40,0,126,4,0,4,130
09/01/2019,MHT,NH,ANE,EN,Towers with Radar,37,9,17,0,63,0,3,12,0,15,37,12,29,0,78,12,0,12,90
09/02/2019,MHT,NH,ANE,EN,Towers with Radar,49,25,4,0,78,0,0,2,0,2,49,25,6,0,80,4,0,4,84
09/03/2019,MHT,NH,ANE,EN,Towers with Radar,51,44,31,1,127,0,7,13,0,20,51,51,44,1,147,0,0,0,147
09/04/2019,MHT,NH,ANE,EN,Towers with Radar,61,47,18,0,126,0,2,0,0,2,61,49,18,0,128,0,0,0,128
09/05/2019,MHT,NH,ANE,EN,Towers with Radar,62,53,25,0,140,0,11,23,0,34,62,64,48,0,174,14,0,14,188
09/06/2019,MHT,NH,ANE,EN,Towers with Radar,56,42,33,0,131,0,8,25,0,33,56,50,58,0,164,38,0,38,202
09/07/2019,MHT,NH,ANE,EN,Towers with Radar,51,17,10,0,78,0,6,5,0,11,51,23,15,0,89,8,0,8,97
09/08/2019,MHT,NH,ANE,EN,Towers with Radar,47,24,12,0,83,0,7,7,0,14,47,31,19,0,97,0,0,0,97
09/09/2019,MHT,NH,ANE,EN,Towers with Radar,53,34,24,0,111,0,5,11,0,16,53,39,35,0,127,0,0,0,127
09/10/2019,MHT,NH,ANE,EN,Towers with Radar,58,49,38,0,145,0,4,9,0,13,58,53,47,0,158,16,0,16,174
09/11/2019,MHT,NH,ANE,EN,Towers with Radar,64,47,13,0,124,0,2,5,1,8,64,49,18,1,132,10,0,10,142
09/12/2019,MHT,NH,ANE,EN,Towers with Radar,58,48,20,0,126,0,4,3,0,7,58,52,23,0,133,16,0,16,149
09/13/2019,MHT,NH,ANE,EN,Towers with Radar,58,46,32,0,136,0,13,23,0,36,58,59,55,0,172,2,0,2,174
09/14/2019,MHT,NH,ANE,EN,Towers with Radar,54,13,13,0,80,0,4,1,0,5,54,17,14,0,85,0,0,0,85
09/15/2019,MHT,NH,ANE,EN,Towers with Radar,43,18,19,0,80,0,0,19,0,19,43,18,38,0,99,6,0,6,105
09/16/2019,MHT,NH,ANE,EN,Towers with Radar,54,34,23,0,111,0,7,14,0,21,54,41,37,0,132,0,0,0,132
09/17/2019,MHT,NH,ANE,EN,Towers with Radar,60,47,29,1,137,0,5,15,1,21,60,52,44,2,158,0,0,0,158
09/18/2019,MHT,NH,ANE,EN,Towers with Radar,61,53,39,0,153,0,3,18,0,21,61,56,57,0,174,0,0,0,174
09/19/2019,MHT,NH,ANE,EN,Towers with Radar,61,51,26,0,138,0,5,22,0,27,61,56,48,0,165,0,0,0,165
09/20/2019,MHT,NH,ANE,EN,Towers with Radar,59,40,21,0,120,0,2,15,1,18,59,42,36,1,138,0,0,0,138
09/21/2019,MHT,NH,ANE,EN,Towers with Radar,56,13,15,0,84,0,8,12,0,20,56,21,27,0,104,0,0,0,104
09/22/2019,MHT,NH,ANE,EN,Towers with Radar,50,27,14,0,91,0,7,12,0,19,50,34,26,0,110,16,0,16,126
09/23/2019,MHT,NH,ANE,EN,Towers with Radar,53,43,17,0,113,0,4,11,0,15,53,47,28,0,128,0,0,0,128
09/24/2019,MHT,NH,ANE,EN,Towers with Radar,62,57,35,0,154,0,3,26,0,29,62,60,61,0,183,4,0,4,187
09/25/2019,MHT,NH,ANE,EN,Towers with Radar,60,52,42,4,158,0,9,28,0,37,60,61,70,4,195,0,0,0,195
09/26/2019,MHT,NH,ANE,EN,Towers with Radar,59,52,40,0,151,0,8,24,0,32,59,60,64,0,183,0,0,0,183
09/27/2019,MHT,NH,ANE,EN,Towers with Radar,54,51,27,0,132,0,8,27,0,35,54,59,54,0,167,6,0,6,173
09/28/2019,MHT,NH,ANE,EN,Towers with Radar,54,16,19,0,89,0,9,22,0,31,54,25,41,0,120,50,0,50,170
09/29/2019,MHT,NH,ANE,EN,Towers with Radar,44,25,13,0,82,0,4,9,0,13,44,29,22,0,95,0,0,0,95
09/30/2019,MHT,NH,ANE,EN,Towers with Radar,55,33,30,0,118,0,4,19,0,23,55,37,49,0,141,14,0,14,155
10/01/2019,MHT,NH,ANE,EN,Towers with Radar,59,57,28,0,144,0,0,6,0,6,59,57,34,0,150,10,0,10,160
10/02/2019,MHT,NH,ANE,EN,Towers with Radar,71,46,28,0,145,0,0,8,0,8,71,46,36,0,153,0,0,0,153
10/03/2019,MHT,NH,ANE,EN,Towers with Radar,66,54,29,4,153,0,3,12,0,15,66,57,41,4,168,32,0,32,200
10/04/2019,MHT,NH,ANE,EN,Towers with Radar,63,38,12,0,113,0,0,6,0,6,63,38,18,0,119,34,0,34,153
10/05/2019,MHT,NH,ANE,EN,Towers with Radar,55,17,16,0,88,0,8,14,0,22,55,25,30,0,110,0,0,0,110
10/06/2019,MHT,NH,ANE,EN,Towers with Radar,49,23,26,2,100,0,4,5,0,9,49,27,31,2,109,0,0,0,109
10/07/2019,MHT,NH,ANE,EN,Towers with Radar,63,32,13,0,108,0,3,8,0,11,63,35,21,0,119,8,0,8,127
10/08/2019,MHT,NH,ANE,EN,Towers with Radar,69,44,31,0,144,0,9,20,0,29,69,53,51,0,173,24,0,24,197
10/09/2019,MHT,NH,ANE,EN,Towers with Radar,69,47,31,6,153,0,0,22,1,23,69,47,53,7,176,0,0,0,176
10/10/2019,MHT,NH,ANE,EN,Towers with Radar,67,43,20,0,130,0,2,14,3,19,67,45,34,3,149,0,0,0,149
10/11/2019,MHT,NH,ANE,EN,Towers with Radar,63,41,24,1,129,0,4,8,0,12,63,45,32,1,141,8,0,8,149
10/12/2019,MHT,NH,ANE,EN,Towers with Radar,56,33,23,0,112,0,2,1,2,5,56,35,24,2,117,12,0,12,129
10/13/2019,MHT,NH,ANE,EN,Towers with Radar,49,19,28,1,97,0,3,19,1,23,49,22,47,2,120,0,0,0,120
10/14/2019,MHT,NH,ANE,EN,Towers with Radar,61,32,23,0,116,0,3,12,0,15,61,35,35,0,131,0,0,0,131
10/15/2019,MHT,NH,ANE,EN,Towers with Radar,71,40,24,1,136,0,9,22,1,32,71,49,46,2,168,40,0,40,208
10/16/2019,MHT,NH,ANE,EN,Towers with Radar,68,41,26,3,138,0,4,17,0,21,68,45,43,3,159,16,12,28,187
10/17/2019,MHT,NH,ANE,EN,Towers with Radar,68,54,14,0,136,0,0,0,0,0,68,54,14,0,136,0,0,0,136
10/18/2019,MHT,NH,ANE,EN,Towers with Radar,65,46,17,1,129,0,4,5,1,10,65,50,22,2,139,0,0,0,139
10/19/2019,MHT,NH,ANE,EN,Towers with Radar,57,14,17,0,88,0,7,22,0,29,57,21,39,0,117,14,0,14,131
10/20/2019,MHT,NH,ANE,EN,Towers with Radar,53,25,24,0,102,0,11,14,0,25,53,36,38,0,127,24,0,24,151
10/21/2019,MHT,NH,ANE,EN,Towers with Radar,57,27,35,1,120,0,6,14,3,23,57,33,49,4,143,6,0,6,149
10/22/2019,MHT,NH,ANE,EN,Towers with Radar,74,45,23,2,144,0,0,6,0,6,74,45,29,2,150,0,0,0,150
10/23/2019,MHT,NH,ANE,EN,Towers with Radar,71,46,24,1,142,0,2,2,1,5,71,48,26,2,147,0,0,0,147
10/24/2019,MHT,NH,ANE,EN,Towers with Radar,67,54,25,0,146,2,3,23,2,30,69,57,48,2,176,14,0,14,190
10/25/2019,MHT,NH,ANE,EN,Towers with Radar,65,37,29,0,131,0,2,17,0,19,65,39,46,0,150,0,0,0,150
10/26/2019,MHT,NH,ANE,EN,Towers with Radar,56,15,14,1,86,0,6,18,1,25,56,21,32,2,111,14,0,14,125
10/27/2019,MHT,NH,ANE,EN,Towers with Radar,51,19,9,0,79,0,0,0,0,0,51,19,9,0,79,0,0,0,79
10/28/2019,MHT,NH,ANE,EN,Towers with Radar,60,33,21,0,114,0,2,1,0,3,60,35,22,0,117,0,0,0,117
10/29/2019,MHT,NH,ANE,EN,Towers with Radar,68,54,12,0,134,0,2,0,0,2,68,56,12,0,136,0,0,0,136
10/30/2019,MHT,NH,ANE,EN,Towers with Radar,68,47,29,5,149,0,0,3,0,3,68,47,32,5,152,0,0,0,152
10/31/2019,MHT,NH,ANE,EN,Towers with Radar,62,39,15,0,116,0,0,0,0,0,62,39,15,0,116,0,0,0,116
11/01/2019,MHT,NH,ANE,EN,Towers with Radar,66,50,7,0,123,0,1,3,0,4,66,51,10,0,127,4,0,4,131
11/02/2019,MHT,NH,ANE,EN,Towers with Radar,58,15,26,0,99,0,6,27,0,33,58,21,53,0,132,8,0,8,140
11/03/2019,MHT,NH,ANE,EN,Towers with Radar,50,23,28,0,101,0,7,19,0,26,50,30,47,0,127,36,0,36,163
11/04/2019,MHT,NH,ANE,EN,Towers with Radar,59,48,28,0,135,0,3,17,0,20,59,51,45,0,155,12,0,12,167
11/05/2019,MHT,NH,ANE,EN,Towers with Radar,68,57,27,9,161,0,0,8,0,8,68,57,35,9,169,16,16,32,201
11/06/2019,MHT,NH,ANE,EN,Towers with Radar,65,53,27,1,146,0,3,19,0,22,65,56,46,1,168,14,0,14,182
11/07/2019,MHT,NH,ANE,EN,Towers with Radar,67,51,30,2,150,0,7,5,8,20,67,58,35,10,170,12,0,12,182
11/08/2019,MHT,NH,ANE,EN,Towers with Radar,60,50,10,1,121,0,7,13,0,20,60,57,23,1,141,12,0,12,153
11/09/2019,MHT,NH,ANE,EN,Towers with Radar,51,14,23,0,88,0,14,13,0,27,51,28,36,0,115,0,0,0,115
11/10/2019,MHT,NH,ANE,EN,Towers with Radar,56,20,16,0,92,0,7,19,0,26,56,27,35,0,118,60,0,60,178
11/11/2019,MHT,NH,ANE,EN,Towers with Radar,58,37,20,0,115,0,0,5,0,5,58,37,25,0,120,0,0,0,120
11/12/2019,MHT,NH,ANE,EN,Towers with Radar,70,42,7,0,119,0,2,0,0,2,70,44,7,0,121,0,0,0,121
11/13/2019,MHT,NH,ANE,EN,Towers with Radar,64,41,8,2,115,0,5,5,1,11,64,46,13,3,126,0,0,0,126
11/14/2019,MHT,NH,ANE,EN,Towers with Radar,69,47,26,8,150,0,8,9,1,18,69,55,35,9,168,0,0,0,168
11/15/2019,MHT,NH,ANE,EN,Towers with Radar,66,37,24,0,127,0,2,19,0,21,66,39,43,0,148,18,0,18,166
11/16/2019,MHT,NH,ANE,EN,Towers with Radar,49,17,25,0,91,0,13,18,0,31,49,30,43,0,122,0,0,0,122
11/17/2019,MHT,NH,ANE,EN,Towers with Radar,51,16,20,0,87,0,2,16,0,18,51,18,36,0,105,6,0,6,111
11/18/2019,MHT,NH,ANE,EN,Towers with Radar,58,33,11,0,102,0,0,0,0,0,58,33,11,0,102,14,0,14,116
11/19/2019,MHT,NH,ANE,EN,Towers with Radar,67,63,20,0,150,0,0,0,0,0,67,63,20,0,150,0,0,0,150
11/20/2019,MHT,NH,ANE,EN,Towers with Radar,68,49,10,3,130,0,0,0,0,0,68,49,10,3,130,0,0,0,130
11/21/2019,MHT,NH,ANE,EN,Towers with Radar,71,46,26,0,143,0,9,31,0,40,71,55,57,0,183,14,0,14,197
11/22/2019,MHT,NH,ANE,EN,Towers with Radar,67,33,12,0,112,0,0,3,0,3,67,33,15,0,115,0,0,0,115
11/23/2019,MHT,NH,ANE,EN,Towers with Radar,61,15,32,0,108,0,5,24,0,29,61,20,56,0,137,16,0,16,153
11/24/2019,MHT,NH,ANE,EN,Towers with Radar,52,15,3,0,70,0,0,0,0,0,52,15,3,0,70,0,0,0,70
11/25/2019,MHT,NH,ANE,EN,Towers with Radar,61,25,24,0,110,0,4,18,0,22,61,29,42,0,132,12,0,12,144
11/26/2019,MHT,NH,ANE,EN,Towers with Radar,78,46,27,0,151,0,5,22,0,27,78,51,49,0,178,46,0,46,224
11/27/2019,MHT,NH,ANE,EN,Towers with Radar,77,40,31,0,148,0,1,13,0,14,77,41,44,0,162,0,0,0,162
11/28/2019,MHT,NH,ANE,EN,Towers with Radar,35,2,5,0,42,0,2,0,0,2,35,4,5,0,44,0,0,0,44
11/29/2019,MHT,NH,ANE,EN,Towers with Radar,48,17,14,0,79,0,3,7,0,10,48,20,21,0,89,0,0,0,89
11/30/2019,MHT,NH,ANE,EN,Towers with Radar,59,19,14,0,92,0,13,4,2,19,59,32,18,2,111,0,0,0,111
12/01/2019,MHT,NH,ANE,EN,Towers with Radar,72,8,16,0,96,0,6,6,2,14,72,14,22,2,110,0,0,0,110
12/02/2019,MHT,NH,ANE,EN,Towers with Radar,58,27,5,0,90,0,0,0,0,0,58,27,5,0,90,0,0,0,90
12/03/2019,MHT,NH,ANE,EN,Towers with Radar,74,36,10,0,120,0,1,0,0,1,74,37,10,0,121,0,0,0,121
12/04/2019,MHT,NH,ANE,EN,Towers with Radar,81,41,26,0,148,0,3,17,2,22,81,44,43,2,170,0,0,0,170
12/05/2019,MHT,NH,ANE,EN,Towers with Radar,77,43,14,0,134,0,1,11,2,14,77,44,25,2,148,0,0,0,148
12/06/2019,MHT,NH,ANE,EN,Towers with Radar,68,46,30,0,144,0,6,13,0,19,68,52,43,0,163,16,0,16,179
12/07/2019,MHT,NH,ANE,EN,Towers with Radar,49,14,12,2,77,0,4,9,0,13,49,18,21,2,90,32,0,32,122
12/08/2019,MHT,NH,ANE,EN,Towers with Radar,51,11,22,0,84,0,4,25,0,29,51,15,47,0,113,42,0,42,155
12/09/2019,MHT,NH,ANE,EN,Towers with Radar,63,24,12,0,99,0,0,0,0,0,63,24,12,0,99,0,0,0,99
12/10/2019,MHT,NH,ANE,EN,Towers with Radar,87,44,24,0,155,0,0,2,0,2,87,44,26,0,157,0,0,0,157
12/11/2019,MHT,NH,ANE,EN,Towers with Radar,78,39,15,3,135,0,6,4,0,10,78,45,19,3,145,0,0,0,145
12/12/2019,MHT,NH,ANE,EN,Towers with Radar,78,40,23,2,143,0,5,12,3,20,78,45,35,5,163,2,0,2,165
12/13/2019,MHT,NH,ANE,EN,Towers with Radar,70,29,28,0,127,0,0,8,0,8,70,29,36,0,135,20,0,20,155
12/14/2019,MHT,NH,ANE,EN,Towers with Radar,54,8,11,0,73,0,0,0,0,0,54,8,11,0,73,0,0,0,73
12/15/2019,MHT,NH,ANE,EN,Towers with Radar,63,12,11,0,86,0,4,1,0,5,63,16,12,0,91,0,0,0,91
12/16/2019,MHT,NH,ANE,EN,Towers with Radar,58,28,23,2,111,0,4,9,0,13,58,32,32,2,124,0,0,0,124
12/17/2019,MHT,NH,ANE,EN,Towers with Radar,77,27,13,0,117,0,0,0,0,0,77,27,13,0,117,0,0,0,117
12/18/2019,MHT,NH,ANE,EN,Towers with Radar,79,46,34,3,162,0,0,20,0,20,79,46,54,3,182,6,0,6,188
12/19/2019,MHT,NH,ANE,EN,Towers with Radar,73,53,25,0,151,0,2,5,2,9,73,55,30,2,160,0,0,0,160
12/20/2019,MHT,NH,ANE,EN,Towers with Radar,71,55,25,0,151,0,12,22,0,34,71,67,47,0,185,6,0,6,191
12/21/2019,MHT,NH,ANE,EN,Towers with Radar,62,32,23,0,117,0,3,26,0,29,62,35,49,0,146,0,0,0,146
12/22/2019,MHT,NH,ANE,EN,Towers with Radar,60,18,15,0,93,0,7,21,0,28,60,25,36,0,121,20,0,20,141
12/23/2019,MHT,NH,ANE,EN,Towers with Radar,60,29,17,0,106,0,8,10,0,18,60,37,27,0,124,0,0,0,124
12/24/2019,MHT,NH,ANE,EN,Towers with Radar,56,37,10,0,103,0,7,9,0,16,56,44,19,0,119,0,0,0,119
12/25/2019,MHT,NH,ANE,EN,Towers with Radar,28,16,2,0,46,0,6,3,0,9,28,22,5,0,55,0,0,0,55
12/26/2019,MHT,NH,ANE,EN,Towers with Radar,56,45,17,0,118,0,1,16,0,17,56,46,33,0,135,24,0,24,159
12/27/2019,MHT,NH,ANE,EN,Towers with Radar,57,43,8,0,108,0,5,0,0,5,57,48,8,0,113,0,0,0,113
12/28/2019,MHT,NH,ANE,EN,Towers with Radar,44,19,20,0,83,0,11,11,0,22,44,30,31,0,105,4,0,4,109
12/29/2019,MHT,NH,ANE,EN,Towers with Radar,49,35,10,0,94,0,3,6,0,9,49,38,16,0,103,22,0,22,125
12/30/2019,MHT,NH,ANE,EN,Towers with Radar,51,17,4,0,72,0,0,0,0,0,51,17,4,0,72,0,0,0,72
12/31/2019,MHT,NH,ANE,EN,Towers with Radar,51,35,1,0,87,0,0,0,0,0,51,35,1,0,87,0,0,0,87
01/01/2020,MHT,NH,ANE,EN,Towers with Radar,31,12,8,0,51,0,4,6,0,10,31,16,14,0,61,28,0,28,89
01/02/2020,MHT,NH,ANE,EN,Towers with Radar,57,59,13,1,130,0,4,14,0,18,57,63,27,1,148,8,0,8,156
01/03/2020,MHT,NH,ANE,EN,Towers with Radar,49,38,11,0,98,0,3,7,0,10,49,41,18,0,108,12,0,12,120
01/04/2020,MHT,NH,ANE,EN,Towers with Radar,43,16,5,1,65,0,0,0,0,0,43,16,5,1,65,0,0,0,65
01/05/2020,MHT,NH,ANE,EN,Towers with Radar,42,19,8,2,71,0,2,2,0,4,42,21,10,2,75,0,0,0,75
01/06/2020,MHT,NH,ANE,EN,Towers with Radar,44,29,13,0,86,0,3,10,0,13,44,32,23,0,99,2,0,2,101
01/07/2020,MHT,NH,ANE,EN,Towers with Radar,45,52,19,0,116,0,3,7,1,11,45,55,26,1,127,12,0,12,139
01/08/2020,MHT,NH,ANE,EN,Towers with Radar,50,45,15,0,110,0,3,4,0,7,50,48,19,0,117,4,0,4,121
01/09/2020,MHT,NH,ANE,EN,Towers with Radar,47,60,25,0,132,0,6,15,0,21,47,66,40,0,153,0,0,0,153
01/10/2020,MHT,NH,ANE,EN,Towers with Radar,43,39,18,4,104,0,1,11,0,12,43,40,29,4,116,4,0,4,120
01/11/2020,MHT,NH,ANE,EN,Towers with Radar,44,18,8,0,70,0,3,6,0,9,44,21,14,0,79,0,0,0,79
01/12/2020,MHT,NH,ANE,EN,Towers with Radar,40,19,1,0,60,0,3,0,0,3,40,22,1,0,63,0,0,0,63
01/13/2020,MHT,NH,ANE,EN,Towers with Radar,41,35,6,0,82,0,2,0,2,4,41,37,6,2,86,2,0,2,88
01/14/2020,MHT,NH,ANE,EN,Towers with Radar,49,44,13,2,108,0,0,5,0,5,49,44,18,2,113,0,0,0,113
01/15/2020,MHT,NH,ANE,EN,Towers with Radar,49,51,35,4,139,0,6,21,0,27,49,57,56,4,166,12,0,12,178
01/16/2020,MHT,NH,ANE,EN,Towers with Radar,47,56,12,0,115,0,3,0,0,3,47,59,12,0,118,0,0,0,118
01/17/2020,MHT,NH,ANE,EN,Towers with Radar,45,44,13,0,102,0,6,4,0,10,45,50,17,0,112,0,0,0,112
01/18/2020,MHT,NH,ANE,EN,Towers with Radar,44,12,7,0,63,0,3,11,0,14,44,15,18,0,77,24,0,24,101
01/19/2020,MHT,NH,ANE,EN,Towers with Radar,36,23,13,0,72,0,5,9,0,14,36,28,22,0,86,0,0,0,86
01/20/2020,MHT,NH,ANE,EN,Towers with Radar,38,46,27,0,111,0,14,14,0,28,38,60,41,0,139,8,0,8,147
01/21/2020,MHT,NH,ANE,EN,Towers with Radar,51,48,23,4,126,0,1,18,0,19,51,49,41,4,145,26,0,26,171
01/22/2020,MHT,NH,ANE,EN,Towers with Radar,51,44,30,0,125,0,4,17,0,21,51,48,47,0,146,20,0,20,166
01/23/2020,MHT,NH,ANE,EN,Towers with Radar,48,56,18,0,122,0,7,15,0,22,48,63,33,0,144,52,0,52,196
01/24/2020,MHT,NH,ANE,EN,Towers with Radar,42,42,18,0,102,0,9,20,0,29,42,51,38,0,131,74,0,74,205
01/25/2020,MHT,NH,ANE,EN,Towers with Radar,48,14,12,0,74,0,0,0,0,0,48,14,12,0,74,0,0,0,74
01/26/2020,MHT,NH,ANE,EN,Towers with Radar,40,22,16,0,78,0,6,8,0,14,40,28,24,0,92,4,0,4,96
01/27/2020,MHT,NH,ANE,EN,Towers with Radar,43,42,19,0,104,0,11,8,0,19,43,53,27,0,123,0,0,0,123
01/28/2020,MHT,NH,ANE,EN,Towers with Radar,49,59,32,2,142,0,6,18,0,24,49,65,50,2,166,4,0,4,170
01/29/2020,MHT,NH,ANE,EN,Towers with Radar,53,47,25,3,128,0,11,16,2,29,53,58,41,5,157,0,0,0,157
01/30/2020,MHT,NH,ANE,EN,Towers with Radar,48,56,26,0,130,0,5,20,0,25,48,61,46,0,155,14,0,14,169
01/31/2020,MHT,NH,ANE,EN,Towers with Radar,44,49,24,1,118,0,4,20,1,25,44,53,44,2,143,54,0,54,197
02/01/2020,MHT,NH,ANE,EN,Towers with Radar,48,19,8,0,75,0,1,0,0,1,48,20,8,0,76,0,0,0,76
02/02/2020,MHT,NH,ANE,EN,Towers with Radar,38,18,15,0,71,0,4,8,0,12,38,22,23,0,83,0,0,0,83
02/03/2020,MHT,NH,ANE,EN,Towers with Radar,40,43,17,0,100,0,4,7,0,11,40,47,24,0,111,0,0,0,111
02/04/2020,MHT,NH,ANE,EN,Towers with Radar,54,57,22,2,135,0,4,6,0,10,54,61,28,2,145,0,0,0,145
02/05/2020,MHT,NH,ANE,EN,Towers with Radar,48,62,28,4,142,0,2,19,1,22,48,64,47,5,164,36,0,36,200
02/06/2020,MHT,NH,ANE,EN,Towers with Radar,48,40,9,0,97,0,0,0,0,0,48,40,9,0,97,0,0,0,97
02/07/2020,MHT,NH,ANE,EN,Towers with Radar,40,38,7,0,85,0,0,0,0,0,40,38,7,0,85,0,0,0,85
02/08/2020,MHT,NH,ANE,EN,Towers with Radar,46,26,11,2,85,0,2,10,1,13,46,28,21,3,98,8,0,8,106
02/09/2020,MHT,NH,ANE,EN,Towers with Radar,42,29,14,7,92,0,2,10,0,12,42,31,24,7,104,12,0,12,116
02/10/2020,MHT,NH,ANE,EN,Towers with Radar,44,33,12,6,95,0,0,2,0,2,44,33,14,6,97,0,0,0,97
02/11/2020,MHT,NH,ANE,EN,Towers with Radar,58,55,17,3,133,0,0,0,0,0,58,55,17,3,133,0,0,0,133
02/12/2020,MHT,NH,ANE,EN,Towers with Radar,57,60,46,0,163,0,4,25,1,30,57,64,71,1,193,8,0,8,201
02/13/2020,MHT,NH,ANE,EN,Towers with Radar,59,51,10,0,120,0,0,0,0,0,59,51,10,0,120,0,0,0,120
02/14/2020,MHT,NH,ANE,EN,Towers with Radar,50,59,20,0,129,0,8,16,0,24,50,67,36,0,153,34,0,34,187
02/15/2020,MHT,NH,ANE,EN,Towers with Radar,47,21,17,0,85,0,4,18,0,22,47,25,35,0,107,8,0,8,115
02/16/2020,MHT,NH,ANE,EN,Towers with Radar,46,20,11,0,77,0,6,5,0,11,46,26,16,0,88,0,0,0,88
02/17/2020,MHT,NH,ANE,EN,Towers with Radar,43,53,26,0,122,0,2,29,0,31,43,55,55,0,153,0,0,0,153
02/18/2020,MHT,NH,ANE,EN,Towers with Radar,55,70,8,0,133,0,0,1,1,2,55,70,9,1,135,0,0,0,135
02/19/2020,MHT,NH,ANE,EN,Towers with Radar,53,62,17,4,136,0,2,10,0,12,53,64,27,4,148,18,0,18,166
02/20/2020,MHT,NH,ANE,EN,Towers with Radar,54,65,27,0,146,0,4,9,0,13,54,69,36,0,159,0,0,0,159
02/21/2020,MHT,NH,ANE,EN,Towers with Radar,46,46,32,0,124,0,1,27,0,28,46,47,59,0,152,0,0,0,152
02/22/2020,MHT,NH,ANE,EN,Towers with Radar,49,18,32,0,99,0,9,31,0,40,49,27,63,0,139,16,0,16,155
02/23/2020,MHT,NH,ANE,EN,Towers with Radar,45,23,19,0,87,0,8,15,0,23,45,31,34,0,110,0,0,0,110
02/24/2020,MHT,NH,ANE,EN,Towers with Radar,44,38,29,10,121,0,8,33,1,42,44,46,62,11,163,0,0,0,163
02/25/2020,MHT,NH,ANE,EN,Towers with Radar,51,61,30,3,145,0,5,10,1,16,51,66,40,4,161,4,0,4,165
02/26/2020,MHT,NH,ANE,EN,Towers with Radar,50,49,17,0,116,0,0,4,0,4,50,49,21,0,120,0,0,0,120
02/27/2020,MHT,NH,ANE,EN,Towers with Radar,61,52,20,1,134,0,0,0,0,0,61,52,20,1,134,0,0,0,134
02/28/2020,MHT,NH,ANE,EN,Towers with Radar,48,44,10,5,107,0,6,3,1,10,48,50,13,6,117,0,0,0,117
02/29/2020,MHT,NH,ANE,EN,Towers with Radar,49,23,15,0,87,0,5,12,0,17,49,28,27,0,104,0,0,0,104
03/01/2020,MHT,NH,ANE,EN,Towers with Radar,44,18,24,0,86,0,1,10,0,11,44,19,34,0,97,10,0,10,107
03/02/2020,MHT,NH,ANE,EN,Towers with Radar,47,53,23,0,123,0,6,18,0,24,47,59,41,0,147,0,0,0,147
03/03/2020,MHT,NH,ANE,EN,Towers with Radar,52,55,40,4,151,0,5,16,1,22,52,60,56,5,173,14,0,14,187
03/04/2020,MHT,NH,ANE,EN,Towers with Radar,57,56,11,2,126,0,2,1,2,5,57,58,12,4,131,0,0,0,131
03/05/2020,MHT,NH,ANE,EN,Towers with Radar,58,44,10,0,112,0,5,10,0,15,58,49,20,0,127,6,0,6,133
03/06/2020,MHT,NH,ANE,EN,Towers with Radar,51,41,32,0,124,0,4,18,1,23,51,45,50,1,147,20,0,20,167
03/07/2020,MHT,NH,ANE,EN,Towers with Radar,53,19,18,0,90,0,9,12,1,22,53,28,30,1,112,16,0,16,128
03/08/2020,MHT,NH,ANE,EN,Towers with Radar,48,20,24,4,96,0,4,14,0,18,48,24,38,4,114,16,0,16,130
03/09/2020,MHT,NH,ANE,EN,Towers with Radar,54,28,18,0,100,0,5,23,0,28,54,33,41,0,128,8,0,8,136
03/10/2020,MHT,NH,ANE,EN,Towers with Radar,55,48,19,2,124,0,2,15,0,17,55,50,34,2,141,4,0,4,145
03/11/2020,MHT,NH,ANE,EN,Towers with Radar,56,52,33,0,141,0,8,14,0,22,56,60,47,0,163,10,0,10,173
03/12/2020,MHT,NH,ANE,EN,Towers with Radar,55,46,22,10,133,0,3,12,0,15,55,49,34,10,148,6,0,6,154
03/13/2020,MHT,NH,ANE,EN,Towers with Radar,52,38,1,0,91,0,0,0,0,0,52,38,1,0,91,0,0,0,91
03/14/2020,MHT,NH,ANE,EN,Towers with Radar,51,14,8,0,73,0,6,6,0,12,51,20,14,0,85,0,0,0,85
03/15/2020,MHT,NH,ANE,EN,Towers with Radar,48,15,15,0,78,0,5,15,0,20,48,20,30,0,98,0,0,0,98
03/16/2020,MHT,NH,ANE,EN,Towers with Radar,50,32,29,0,111,0,4,18,0,22,50,36,47,0,133,36,0,36,169
03/17/2020,MHT,NH,ANE,EN,Towers with Radar,61,47,5,0,113,0,0,0,0,0,61,47,5,0,113,0,0,0,113
03/18/2020,MHT,NH,ANE,EN,Towers with Radar,57,52,32,0,141,0,0,26,0,26,57,52,58,0,167,10,0,10,177
03/19/2020,MHT,NH,ANE,EN,Towers with Radar,53,47,2,0,102,0,0,0,0,0,53,47,2,0,102,0,0,0,102
03/20/2020,MHT,NH,ANE,EN,Towers with Radar,52,38,6,0,96,0,0,0,0,0,52,38,6,0,96,0,0,0,96
03/21/2020,MHT,NH,ANE,EN,Towers with Radar,47,16,20,0,83,0,4,25,0,29,47,20,45,0,112,44,0,44,156
03/22/2020,MHT,NH,ANE,EN,Towers with Radar,39,12,16,0,67,0,0,14,0,14,39,12,30,0,81,0,0,0,81
03/23/2020,MHT,NH,ANE,EN,Towers with Radar,39,23,5,0,67,0,2,5,0,7,39,25,10,0,74,0,0,0,74
03/24/2020,MHT,NH,ANE,EN,Towers with Radar,46,41,11,0,98,0,0,14,0,14,46,41,25,0,112,0,0,0,112
03/25/2020,MHT,NH,ANE,EN,Towers with Radar,43,34,5,0,82,0,0,1,0,1,43,34,6,0,83,0,0,0,83
03/26/2020,MHT,NH,ANE,EN,Towers with Radar,37,36,17,0,90,0,4,12,0,16,37,40,29,0,106,20,0,20,126
03/27/2020,MHT,NH,ANE,EN,Towers with Radar,41,29,7,0,77,0,4,9,0,13,41,33,16,0,90,28,0,28,118
03/28/2020,MHT,NH,ANE,EN,Towers with Radar,38,8,13,0,59,0,5,19,0,24,38,13,32,0,83,0,0,0,83
03/29/2020,MHT,NH,ANE,EN,Towers with Radar,35,18,7,0,60,0,0,0,0,0,35,18,7,0,60,0,0,0,60
03/30/2020,MHT,NH,ANE,EN,Towers with Radar,30,23,7,0,60,0,0,0,0,0,30,23,7,0,60,0,0,0,60
03/31/2020,MHT,NH,ANE,EN,Towers with Radar,42,41,14,0,97,0,2,8,0,10,42,43,22,0,107,8,0,8,115
04/01/2020,MHT,NH,ANE,EN,Towers with Radar,41,33,8,0,82,0,4,11,0,15,41,37,19,0,97,2,0,2,99
04/02/2020,MHT,NH,ANE,EN,Towers with Radar,37,34,6,2,79,0,1,2,0,3,37,35,8,2,82,0,0,0,82
04/03/2020,MHT,NH,ANE,EN,Towers with Radar,37,27,4,0,68,0,0,0,0,0,37,27,4,0,68,0,0,0,68
04/04/2020,MHT,NH,ANE,EN,Towers with Radar,35,8,4,2,49,0,0,3,0,3,35,8,7,2,52,0,0,0,52
04/05/2020,MHT,NH,ANE,EN,Towers with Radar,32,11,9,4,56,0,1,4,0,5,32,12,13,4,61,0,0,0,61
04/06/2020,MHT,NH,ANE,EN,Towers with Radar,32,27,6,0,65,0,4,4,0,8,32,31,10,0,73,0,0,0,73
04/07/2020,MHT,NH,ANE,EN,Towers with Radar,32,34,8,0,74,0,1,11,0,12,32,35,19,0,86,10,0,10,96
04/08/2020,MHT,NH,ANE,EN,Towers with Radar,38,31,8,2,79,0,2,4,0,6,38,33,12,2,85,0,0,0,85
04/09/2020,MHT,NH,ANE,EN,Towers with Radar,37,27,1,6,71,0,0,1,0,1,37,27,2,6,72,0,0,0,72
04/10/2020,MHT,NH,ANE,EN,Towers with Radar,33,20,7,0,60,0,2,1,0,3,33,22,8,0,63,4,0,4,67
04/11/2020,MHT,NH,ANE,EN,Towers with Radar,25,17,3,0,45,0,5,3,0,8,25,22,6,0,53,18,0,18,71
04/12/2020,MHT,NH,ANE,EN,Towers with Radar,28,5,8,0,41,0,0,4,0,4,28,5,12,0,45,0,0,0,45
04/13/2020,MHT,NH,ANE,EN,Towers with Radar,31,18,1,0,50,0,2,0,0,2,31,20,1,0,52,0,0,0,52
04/14/2020,MHT,NH,ANE,EN,Towers with Radar,33,35,23,0,91,0,0,12,0,12,33,35,35,0,103,0,0,0,103
04/15/2020,MHT,NH,ANE,EN,Towers with Radar,44,31,4,0,79,0,0,19,0,19,44,31,23,0,98,0,0,0,98
04/16/2020,MHT,NH,ANE,EN,Towers with Radar,38,26,9,0,73,0,3,5,0,8,38,29,14,0,81,0,0,0,81
04/17/2020,MHT,NH,ANE,EN,Towers with Radar,34,22,8,0,64,0,0,8,0,8,34,22,16,0,72,0,0,0,72
04/18/2020,MHT,NH,ANE,EN,Towers with Radar,28,8,0,0,36,0,0,0,0,0,28,8,0,0,36,0,0,0,36
04/19/2020,MHT,NH,ANE,EN,Towers with Radar,28,7,15,0,50,0,1,21,0,22,28,8,36,0,72,12,0,12,84
04/20/2020,MHT,NH,ANE,EN,Towers with Radar,27,19,10,0,56,0,3,11,0,14,27,22,21,0,70,6,0,6,76
04/21/2020,MHT,NH,ANE,EN,Towers with Radar,34,29,4,0,67,0,2,4,0,6,34,31,8,0,73,0,0,0,73
04/22/2020,MHT,NH,ANE,EN,Towers with Radar,34,46,4,2,86,0,6,0,0,6,34,52,4,2,92,8,0,8,100
04/23/2020,MHT,NH,ANE,EN,Towers with Radar,30,29,28,4,91,0,0,14,0,14,30,29,42,4,105,14,0,14,119
04/24/2020,MHT,NH,ANE,EN,Towers with Radar,28,23,3,0,54,0,0,2,0,2,28,23,5,0,56,28,0,28,84
04/25/2020,MHT,NH,ANE,EN,Towers with Radar,25,6,24,0,55,0,5,20,0,25,25,11,44,0,80,32,0,32,112
04/26/2020,MHT,NH,ANE,EN,Towers with Radar,29,6,5,0,40,0,0,1,0,1,29,6,6,0,41,0,0,0,41
04/27/2020,MHT,NH,ANE,EN,Towers with Radar,23,20,2,6,51,0,0,0,0,0,23,20,2,6,51,0,0,0,51
04/28/2020,MHT,NH,ANE,EN,Towers with Radar,32,32,20,4,88,0,7,14,0,21,32,39,34,4,109,8,0,8,117
04/29/2020,MHT,NH,ANE,EN,Towers with Radar,30,26,29,4,89,0,2,28,0,30,30,28,57,4,119,56,0,56,175
04/30/2020,MHT,NH,ANE,EN,Towers with Radar,36,34,2,12,84,0,0,0,0,0,36,34,2,12,84,0,0,0,84
05/01/2020,MHT,NH,ANE,EN,Towers with Radar,28,28,16,0,72,0,0,1,0,1,28,28,17,0,73,0,0,0,73
05/02/2020,MHT,NH,ANE,EN,Towers with Radar,25,8,10,0,43,0,4,5,0,9,25,12,15,0,52,0,0,0,52
05/03/2020,MHT,NH,ANE,EN,Towers with Radar,25,4,18,0,47,0,8,8,0,16,25,12,26,0,63,22,0,22,85
05/04/2020,MHT,NH,ANE,EN,Towers with Radar,25,18,13,0,56,0,3,11,0,14,25,21,24,0,70,0,0,0,70
05/05/2020,MHT,NH,ANE,EN,Towers with Radar,33,22,11,4,70,0,2,10,0,12,33,24,21,4,82,14,0,14,96
05/06/2020,MHT,NH,ANE,EN,Towers with Radar,27,28,30,0,85,0,2,27,0,29,27,30,57,0,114,44,0,44,158
05/07/2020,MHT,NH,ANE,EN,Towers with Radar,37,29,14,2,82,0,9,12,0,21,37,38,26,2,103,0,0,0,103
05/08/2020,MHT,NH,ANE,EN,Towers with Radar,33,19,19,0,71,0,0,11,0,11,33,19,30,0,82,0,0,0,82
05/09/2020,MHT,NH,ANE,EN,Towers with Radar,18,5,1,0,24,0,0,0,0,0,18,5,1,0,24,0,0,0,24
05/10/2020,MHT,NH,ANE,EN,Towers with Radar,22,4,3,0,29,0,2,3,0,5,22,6,6,0,34,0,0,0,34
05/11/2020,MHT,NH,ANE,EN,Towers with Radar,22,16,6,0,44,0,2,7,0,9,22,18,13,0,53,20,0,20,73
05/12/2020,MHT,NH,ANE,EN,Towers with Radar,29,27,8,8,72,0,5,6,0,11,29,32,14,8,83,0,0,0,83
05/13/2020,MHT,NH,ANE,EN,Towers with Radar,29,31,23,2,85,0,3,10,0,13,29,34,33,2,98,0,0,0,98
05/14/2020,MHT,NH,ANE,EN,Towers with Radar,28,25,21,2,76,0,3,26,0,29,28,28,47,2,105,14,0,14,119
05/15/2020,MHT,NH,ANE,EN,Towers with Radar,26,26,9,0,61,0,1,7,0,8,26,27,16,0,69,8,0,8,77
05/16/2020,MHT,NH,ANE,EN,Towers with Radar,17,4,10,0,31,0,6,15,0,21,17,10,25,0,52,26,0,26,78
05/17/2020,MHT,NH,ANE,EN,Towers with Radar,21,7,16,0,44,0,1,12,0,13,21,8,28,0,57,14,0,14,71
05/18/2020,MHT,NH,ANE,EN,Towers with Radar,23,18,7,0,48,0,4,7,0,11,23,22,14,0,59,6,0,6,65
05/19/2020,MHT,NH,ANE,EN,Towers with Radar,27,29,10,0,66,0,2,6,0,8,27,31,16,0,74,0,0,0,74
05/20/2020,MHT,NH,ANE,EN,Towers with Radar,33,32,30,2,97,0,9,32,0,41,33,41,62,2,138,16,0,16,154
05/21/2020,MHT,NH,ANE,EN,Towers with Radar,30,27,14,0,71,0,9,23,0,32,30,36,37,0,103,38,0,38,141
05/22/2020,MHT,NH,ANE,EN,Towers with Radar,26,26,21,12,85,0,4,23,0,27,26,30,44,12,112,8,6,14,126
05/23/2020,MHT,NH,ANE,EN,Towers with Radar,18,6,9,0,33,0,5,12,0,17,18,11,21,0,50,0,0,0,50
05/24/2020,MHT,NH,ANE,EN,Towers with Radar,19,6,17,0,42,0,7,9,0,16,19,13,26,0,58,0,0,0,58
05/25/2020,MHT,NH,ANE,EN,Towers with Radar,16,9,17,0,42,0,4,5,0,9,16,13,22,0,51,0,0,0,51
05/26/2020,MHT,NH,ANE,EN,Towers with Radar,21,18,12,8,59,0,3,6,0,9,21,21,18,8,68,14,0,14,82
05/27/2020,MHT,NH,ANE,EN,Towers with Radar,32,28,15,2,77,0,1,19,0,20,32,29,34,2,97,0,0,0,97
05/28/2020,MHT,NH,ANE,EN,Towers with Radar,33,25,36,11,105,0,2,13,0,15,33,27,49,11,120,18,0,18,138
05/29/2020,MHT,NH,ANE,EN,Towers with Radar,27,21,16,0,64,0,2,4,0,6,27,23,20,0,70,0,0,0,70
05/30/2020,MHT,NH,ANE,EN,Towers with Radar,18,5,18,0,41,0,4,11,0,15,18,9,29,0,56,0,0,0,56
05/31/2020,MHT,NH,ANE,EN,Towers with Radar,21,6,16,0,43,0,5,10,0,15,21,11,26,0,58,6,0,6,64
06/01/2020,MHT,NH,ANE,EN,Towers with Radar,23,22,11,2,58,0,5,9,0,14,23,27,20,2,72,0,0,0,72
06/02/2020,MHT,NH,ANE,EN,Towers with Radar,26,29,31,0,86,0,3,35,0,38,26,32,66,0,124,8,0,8,132
06/03/2020,MHT,NH,ANE,EN,Towers with Radar,31,41,14,2,88,0,2,20,0,22,31,43,34,2,110,0,0,0,110
06/04/2020,MHT,NH,ANE,EN,Towers with Radar,34,32,29,1,96,0,4,26,1,31,34,36,55,2,127,0,0,0,127
06/05/2020,MHT,NH,ANE,EN,Towers with Radar,30,22,21,1,74,0,8,15,0,23,30,30,36,1,97,0,0,0,97
06/06/2020,MHT,NH,ANE,EN,Towers with Radar,20,9,10,5,44,0,2,13,1,16,20,11,23,6,60,0,0,0,60
06/07/2020,MHT,NH,ANE,EN,Towers with Radar,27,12,13,0,52,0,1,7,0,8,27,13,20,0,60,0,0,0,60
06/08/2020,MHT,NH,ANE,EN,Towers with Radar,27,18,21,3,69,0,3,15,1,19,27,21,36,4,88,4,0,4,92
06/09/2020,MHT,NH,ANE,EN,Towers with Radar,34,22,23,0,79,0,10,18,0,28,34,32,41,0,107,30,0,30,137
06/10/2020,MHT,NH,ANE,EN,Towers with Radar,34,29,21,15,99,0,6,15,0,21,34,35,36,15,120,4,0,4,124
06/11/2020,MHT,NH,ANE,EN,Towers with Radar,36,37,8,0,81,0,0,1,0,1,36,37,9,0,82,0,0,0,82
06/12/2020,MHT,NH,ANE,EN,Towers with Radar,31,27,21,0,79,0,6,16,0,22,31,33,37,0,101,0,0,0,101
06/13/2020,MHT,NH,ANE,EN,Towers with Radar,26,5,14,0,45,0,3,16,0,19,26,8,30,0,64,0,0,0,64
06/14/2020,MHT,NH,ANE,EN,Towers with Radar,27,12,21,0,60,0,8,19,0,27,27,20,40,0,87,10,0,10,97
06/15/2020,MHT,NH,ANE,EN,Towers with Radar,27,21,19,0,67,0,1,22,1,24,27,22,41,1,91,0,0,0,91
06/16/2020,MHT,NH,ANE,EN,Towers with Radar,36,29,17,0,82,0,5,22,0,27,36,34,39,0,109,0,0,0,109
06/17/2020,MHT,NH,ANE,EN,Towers with Radar,34,40,36,0,110,0,7,33,0,40,34,47,69,0,150,6,0,6,156
06/18/2020,MHT,NH,ANE,EN,Towers with Radar,35,33,22,0,90,0,0,13,0,13,35,33,35,0,103,8,0,8,111
06/19/2020,MHT,NH,ANE,EN,Towers with Radar,37,24,24,0,85,0,4,21,0,25,37,28,45,0,110,36,0,36,146
06/20/2020,MHT,NH,ANE,EN,Towers with Radar,26,9,21,0,56,0,7,16,0,23,26,16,37,0,79,0,0,0,79
06/21/2020,MHT,NH,ANE,EN,Towers with Radar,27,9,14,0,50,0,0,11,0,11,27,9,25,0,61,0,0,0,61
06/22/2020,MHT,NH,ANE,EN,Towers with Radar,26,21,19,0,66,0,0,4,0,4,26,21,23,0,70,0,0,0,70
06/23/2020,MHT,NH,ANE,EN,Towers with Radar,35,26,24,4,89,0,0,22,0,22,35,26,46,4,111,0,0,0,111
06/24/2020,MHT,NH,ANE,EN,Towers with Radar,34,34,15,0,83,0,0,8,0,8,34,34,23,0,91,4,0,4,95
06/25/2020,MHT,NH,ANE,EN,Towers with Radar,35,33,24,6,98,0,6,21,0,27,35,39,45,6,125,0,0,0,125
06/26/2020,MHT,NH,ANE,EN,Towers with Radar,33,26,24,0,83,0,0,32,0,32,33,26,56,0,115,20,0,20,135
06/27/2020,MHT,NH,ANE,EN,Towers with Radar,25,14,16,0,55,0,4,13,0,17,25,18,29,0,72,0,0,0,72
06/28/2020,MHT,NH,ANE,EN,Towers with Radar,29,7,17,0,53,0,5,7,0,12,29,12,24,0,65,0,0,0,65
06/29/2020,MHT,NH,ANE,EN,Towers with Radar,29,22,8,0,59,0,0,1,0,1,29,22,9,0,60,0,0,0,60
06/30/2020,MHT,NH,ANE,EN,Towers with Radar,36,31,15,6,88,0,0,0,0,0,36,31,15,6,88,0,0,0,88
07/01/2020,MHT,NH,ANE,EN,Towers with Radar,35,39,17,4,95,0,0,3,0,3,35,39,20,4,98,0,0,0,98
07/02/2020,MHT,NH,ANE,EN,Towers with Radar,39,32,23,2,96,0,2,17,0,19,39,34,40,2,115,18,0,18,133
07/03/2020,MHT,NH,ANE,EN,Towers with Radar,32,22,24,0,78,0,0,1,0,1,32,22,25,0,79,0,0,0,79
07/04/2020,MHT,NH,ANE,EN,Towers with Radar,20,3,10,0,33,0,3,8,0,11,20,6,18,0,44,0,0,0,44
07/05/2020,MHT,NH,ANE,EN,Towers with Radar,29,6,12,0,47,0,3,6,0,9,29,9,18,0,56,0,0,0,56
07/06/2020,MHT,NH,ANE,EN,Towers with Radar,30,22,21,0,73,0,3,14,0,17,30,25,35,0,90,18,0,18,108
07/07/2020,MHT,NH,ANE,EN,Towers with Radar,37,28,34,0,99,0,5,18,0,23,37,33,52,0,122,12,0,12,134
07/08/2020,MHT,NH,ANE,EN,Towers with Radar,38,37,19,2,96,0,2,1,0,3,38,39,20,2,99,0,0,0,99
07/09/2020,MHT,NH,ANE,EN,Towers with Radar,42,36,17,2,97,0,6,16,0,22,42,42,33,2,119,0,0,0,119
07/10/2020,MHT,NH,ANE,EN,Towers with Radar,40,22,20,1,83,0,2,10,0,12,40,24,30,1,95,8,0,8,103
07/11/2020,MHT,NH,ANE,EN,Towers with Radar,32,11,15,1,59,0,2,2,0,4,32,13,17,1,63,0,0,0,63
07/12/2020,MHT,NH,ANE,EN,Towers with Radar,35,9,15,0,59,0,1,12,0,13,35,10,27,0,72,14,0,14,86
07/13/2020,MHT,NH,ANE,EN,Towers with Radar,33,23,16,0,72,0,1,9,0,10,33,24,25,0,82,12,0,12,94
07/14/2020,MHT,NH,ANE,EN,Towers with Radar,39,32,14,0,85,0,2,9,0,11,39,34,23,0,96,0,0,0,96
07/15/2020,MHT,NH,ANE,EN,Towers with Radar,40,36,23,3,102,0,5,22,1,28,40,41,45,4,130,22,0,22,152
07/16/2020,MHT,NH,ANE,EN,Towers with Radar,42,36,28,3,109,0,4,31,2,37,42,40,59,5,146,8,0,8,154
07/17/2020,MHT,NH,ANE,EN,Towers with Radar,42,25,19,0,86,0,0,5,0,5,42,25,24,0,91,0,0,0,91
07/18/2020,MHT,NH,ANE,EN,Towers with Radar,34,13,26,0,73,0,6,17,0,23,34,19,43,0,96,0,0,0,96
07/19/2020,MHT,NH,ANE,EN,Towers with Radar,33,8,17,4,62,0,4,16,1,21,33,12,33,5,83,0,0,0,83
07/20/2020,MHT,NH,ANE,EN,Towers with Radar,33,25,23,0,81,0,10,14,0,24,33,35,37,0,105,38,0,38,143
07/21/2020,MHT,NH,ANE,EN,Towers with Radar,37,35,21,3,96,0,3,31,1,35,37,38,52,4,131,20,0,20,151
07/22/2020,MHT,NH,ANE,EN,Towers with Radar,41,31,37,7,116,0,1,12,0,13,41,32,49,7,129,20,0,20,149
07/23/2020,MHT,NH,ANE,EN,Towers with Radar,46,39,16,0,101,0,1,5,0,6,46,40,21,0,107,0,0,0,107
07/24/2020,MHT,NH,ANE,EN,Towers with Radar,42,28,44,8,122,0,7,24,0,31,42,35,68,8,153,4,0,4,157
07/25/2020,MHT,NH,ANE,EN,Towers with Radar,32,12,22,0,66,0,4,20,0,24,32,16,42,0,90,0,0,0,90
07/26/2020,MHT,NH,ANE,EN,Towers with Radar,35,5,21,0,61,0,7,12,0,19,35,12,33,0,80,0,0,0,80
07/27/2020,MHT,NH,ANE,EN,Towers with Radar,33,22,20,12,87,0,6,11,0,17,33,28,31,12,104,0,0,0,104
07/28/2020,MHT,NH,ANE,EN,Towers with Radar,35,35,13,5,88,0,5,7,0,12,35,40,20,5,100,0,0,0,100
07/29/2020,MHT,NH,ANE,EN,Towers with Radar,40,36,24,0,100,0,10,30,0,40,40,46,54,0,140,0,0,0,140
07/30/2020,MHT,NH,ANE,EN,Towers with Radar,43,34,28,0,105,0,7,35,0,42,43,41,63,0,147,16,0,16,163
07/31/2020,MHT,NH,ANE,EN,Towers with Radar,40,35,23,0,98,0,2,21,0,23,40,37,44,0,121,14,0,14,135
08/01/2020,MHT,NH,ANE,EN,Towers with Radar,34,16,34,0,84,0,9,30,0,39,34,25,64,0,123,10,0,10,133
08/02/2020,MHT,NH,ANE,EN,Towers with Radar,32,8,41,0,81,0,2,18,0,20,32,10,59,0,101,26,0,26,127
08/03/2020,MHT,NH,ANE,EN,Towers with Radar,34,25,24,0,83,0,7,14,0,21,34,32,38,0,104,14,0,14,118
08/04/2020,MHT,NH,ANE,EN,Towers with Radar,40,27,8,6,81,0,0,10,0,10,40,27,18,6,91,0,0,0,91
08/05/2020,MHT,NH,ANE,EN,Towers with Radar,40,30,24,10,104,0,2,18,5,25,40,32,42,15,129,20,0,20,149
08/06/2020,MHT,NH,ANE,EN,Towers with Radar,43,33,23,0,99,0,5,19,2,26,43,38,42,2,125,0,0,0,125
08/07/2020,MHT,NH,ANE,EN,Towers with Radar,39,25,23,0,87,0,5,20,0,25,39,30,43,0,112,0,0,0,112
08/08/2020,MHT,NH,ANE,EN,Towers with Radar,35,13,20,0,68,0,4,6,0,10,35,17,26,0,78,0,0,0,78
08/09/2020,MHT,NH,ANE,EN,Towers with Radar,34,5,26,0,65,0,3,18,0,21,34,8,44,0,86,0,0,0,86
08/10/2020,MHT,NH,ANE,EN,Towers with Radar,32,23,15,4,74,0,5,10,0,15,32,28,25,4,89,0,0,0,89
08/11/2020,MHT,NH,ANE,EN,Towers with Radar,35,27,29,0,91,0,2,19,0,21,35,29,48,0,112,24,0,24,136
08/12/2020,MHT,NH,ANE,EN,Towers with Radar,35,31,15,0,81,0,9,13,0,22,35,40,28,0,103,20,0,20,123
08/13/2020,MHT,NH,ANE,EN,Towers with Radar,41,31,12,23,107,0,1,16,0,17,41,32,28,23,124,0,0,0,124
08/14/2020,MHT,NH,ANE,EN,Towers with Radar,40,22,21,1,84,0,9,12,1,22,40,31,33,2,106,4,0,4,110
08/15/2020,MHT,NH,ANE,EN,Towers with Radar,30,7,30,0,67,0,0,15,0,15,30,7,45,0,82,0,0,0,82
08/16/2020,MHT,NH,ANE,EN,Towers with Radar,31,10,19,0,60,0,2,3,0,5,31,12,22,0,65,14,0,14,79
08/17/2020,MHT,NH,ANE,EN,Towers with Radar,31,23,26,0,80,0,0,13,0,13,31,23,39,0,93,14,0,14,107
08/18/2020,MHT,NH,ANE,EN,Towers with Radar,34,23,21,2,80,0,2,10,0,12,34,25,31,2,92,0,0,0,92
08/19/2020,MHT,NH,ANE,EN,Towers with Radar,36,30,27,0,93,0,3,16,0,19,36,33,43,0,112,12,0,12,124
08/20/2020,MHT,NH,ANE,EN,Towers with Radar,40,31,29,4,104,0,3,16,0,19,40,34,45,4,123,10,0,10,133
08/21/2020,MHT,NH,ANE,EN,Towers with Radar,38,34,36,0,108,0,6,23,0,29,38,40,59,0,137,6,0,6,143
08/22/2020,MHT,NH,ANE,EN,Towers with Radar,30,11,17,0,58,0,7,14,0,21,30,18,31,0,79,0,0,0,79
08/23/2020,MHT,NH,ANE,EN,Towers with Radar,33,12,7,0,52,0,0,6,0,6,33,12,13,0,58,0,0,0,58
08/24/2020,MHT,NH,ANE,EN,Towers with Radar,31,25,20,2,78,0,2,16,0,18,31,27,36,2,96,10,0,10,106
08/25/2020,MHT,NH,ANE,EN,Towers with Radar,34,29,31,10,104,0,11,17,2,30,34,40,48,12,134,0,0,0,134
08/26/2020,MHT,NH,ANE,EN,Towers with Radar,38,26,26,14,104,0,4,18,0,22,38,30,44,14,126,0,0,0,126
08/27/2020,MHT,NH,ANE,EN,Towers with Radar,40,29,14,2,85,0,2,3,0,5,40,31,17,2,90,0,0,0,90
08/28/2020,MHT,NH,ANE,EN,Towers with Radar,39,31,19,5,94,0,4,8,1,13,39,35,27,6,107,0,0,0,107
08/29/2020,MHT,NH,ANE,EN,Towers with Radar,37,12,9,2,60,0,5,0,0,5,37,17,9,2,65,0,0,0,65
08/30/2020,MHT,NH,ANE,EN,Towers with Radar,33,10,21,0,64,0,10,20,0,30,33,20,41,0,94,6,0,6,100
08/31/2020,MHT,NH,ANE,EN,Towers with Radar,31,27,13,0,71,0,4,13,0,17,31,31,26,0,88,8,4,12,100
09/01/2020,MHT,NH,ANE,EN,Towers with Radar,37,32,23,0,92,0,6,18,0,24,37,38,41,0,116,8,0,8,124
09/02/2020,MHT,NH,ANE,EN,Towers with Radar,38,29,17,1,85,0,1,0,0,1,38,30,17,1,86,0,0,0,86
09/03/2020,MHT,NH,ANE,EN,Towers with Radar,43,28,22,2,95,0,4,12,2,18,43,32,34,4,113,0,0,0,113
09/04/2020,MHT,NH,ANE,EN,Towers with Radar,40,32,24,0,96,0,13,25,0,38,40,45,49,0,134,0,0,0,134
09/05/2020,MHT,NH,ANE,EN,Towers with Radar,28,12,19,0,59,0,10,17,0,27,28,22,36,0,86,8,0,8,94
09/06/2020,MHT,NH,ANE,EN,Towers with Radar,22,6,27,0,55,0,9,20,0,29,22,15,47,0,84,10,0,10,94
09/07/2020,MHT,NH,ANE,EN,Towers with Radar,20,13,25,0,58,0,2,23,0,25,20,15,48,0,83,0,0,0,83
09/08/2020,MHT,NH,ANE,EN,Towers with Radar,26,34,34,6,100,0,6,18,0,24,26,40,52,6,124,2,0,2,126
09/09/2020,MHT,NH,ANE,EN,Towers with Radar,34,23,22,3,82,0,4,11,3,18,34,27,33,6,100,0,0,0,100
09/10/2020,MHT,NH,ANE,EN,Towers with Radar,36,36,30,2,104,0,0,2,0,2,36,36,32,2,106,0,0,0,106
09/11/2020,MHT,NH,ANE,EN,Towers with Radar,34,31,24,0,89,0,7,21,0,28,34,38,45,0,117,10,0,10,127
09/12/2020,MHT,NH,ANE,EN,Towers with Radar,26,8,26,2,62,0,5,24,0,29,26,13,50,2,91,0,0,0,91
09/13/2020,MHT,NH,ANE,EN,Towers with Radar,29,15,31,3,78,0,2,11,0,13,29,17,42,3,91,38,0,38,129
09/14/2020,MHT,NH,ANE,EN,Towers with Radar,25,22,23,0,70,0,1,16,0,17,25,23,39,0,87,10,0,10,97
09/15/2020,MHT,NH,ANE,EN,Towers with Radar,36,33,35,8,112,0,1,38,0,39,36,34,73,8,151,0,0,0,151
09/16/2020,MHT,NH,ANE,EN,Towers with Radar,34,38,21,4,97,0,6,20,0,26,34,44,41,4,123,0,0,0,123
09/17/2020,MHT,NH,ANE,EN,Towers with Radar,34,30,32,6,102,0,3,19,1,23,34,33,51,7,125,0,0,0,125
09/18/2020,MHT,NH,ANE,EN,Towers with Radar,34,24,41,1,100,0,6,10,2,18,34,30,51,3,118,0,0,0,118
09/19/2020,MHT,NH,ANE,EN,Towers with Radar,24,11,23,0,58,0,14,18,0,32,24,25,41,0,90,0,0,0,90
09/20/2020,MHT,NH,ANE,EN,Towers with Radar,28,3,27,0,58,0,5,15,0,20,28,8,42,0,78,0,0,0,78
09/21/2020,MHT,NH,ANE,EN,Towers with Radar,24,36,22,2,84,0,9,12,0,21,24,45,34,2,105,0,0,0,105
09/22/2020,MHT,NH,ANE,EN,Towers with Radar,32,28,27,4,91,0,6,17,0,23,32,34,44,4,114,8,0,8,122
09/23/2020,MHT,NH,ANE,EN,Towers with Radar,34,24,22,8,88,0,3,22,0,25,34,27,44,8,113,10,0,10,123
09/24/2020,MHT,NH,ANE,EN,Towers with Radar,34,22,16,7,79,0,3,13,0,16,34,25,29,7,95,0,0,0,95
09/25/2020,MHT,NH,ANE,EN,Towers with Radar,34,21,29,0,84,0,9,27,0,36,34,30,56,0,120,12,0,12,132
09/26/2020,MHT,NH,ANE,EN,Towers with Radar,23,7,18,0,48,0,4,9,0,13,23,11,27,0,61,0,0,0,61
09/27/2020,MHT,NH,ANE,EN,Towers with Radar,27,2,22,0,51,0,5,8,0,13,27,7,30,0,64,0,0,0,64
09/28/2020,MHT,NH,ANE,EN,Towers with Radar,25,20,27,0,72,0,4,6,0,10,25,24,33,0,82,2,0,2,84
09/29/2020,MHT,NH,ANE,EN,Towers with Radar,32,29,21,2,84,0,0,8,0,8,32,29,29,2,92,2,0,2,94
09/30/2020,MHT,NH,ANE,EN,Towers with Radar,34,33,17,6,90,0,2,2,0,4,34,35,19,6,94,0,24,24,118
10/01/2020,MHT,NH,ANE,EN,Towers with Radar,34,31,22,0,87,0,12,18,0,30,34,43,40,0,117,20,0,20,137
10/02/2020,MHT,NH,ANE,EN,Towers with Radar,34,28,26,0,88,0,3,13,0,16,34,31,39,0,104,16,0,16,120
10/03/2020,MHT,NH,ANE,EN,Towers with Radar,25,4,27,0,56,0,5,24,0,29,25,9,51,0,85,52,0,52,137
10/04/2020,MHT,NH,ANE,EN,Towers with Radar,28,8,26,0,62,0,2,18,0,20,28,10,44,0,82,14,0,14,96
10/05/2020,MHT,NH,ANE,EN,Towers with Radar,26,18,12,0,56,0,2,13,0,15,26,20,25,0,71,0,0,0,71
10/06/2020,MHT,NH,ANE,EN,Towers with Radar,33,31,36,1,101,0,2,26,1,29,33,33,62,2,130,16,0,16,146
10/07/2020,MHT,NH,ANE,EN,Towers with Radar,32,31,15,0,78,0,11,7,0,18,32,42,22,0,96,0,0,0,96
10/08/2020,MHT,NH,ANE,EN,Towers with Radar,42,46,15,0,103,0,4,7,0,11,42,50,22,0,114,0,0,0,114
10/09/2020,MHT,NH,ANE,EN,Towers with Radar,39,30,22,0,91,0,16,26,0,42,39,46,48,0,133,0,0,0,133
10/10/2020,MHT,NH,ANE,EN,Towers with Radar,26,10,13,0,49,0,7,16,0,23,26,17,29,0,72,8,0,8,80
10/11/2020,MHT,NH,ANE,EN,Towers with Radar,33,5,28,0,66,0,10,18,0,28,33,15,46,0,94,0,0,0,94
10/12/2020,MHT,NH,ANE,EN,Towers with Radar,31,27,21,0,79,0,3,19,0,22,31,30,40,0,101,6,0,6,107
10/13/2020,MHT,NH,ANE,EN,Towers with Radar,34,27,17,0,78,0,1,0,0,1,34,28,17,0,79,0,0,0,79
10/14/2020,MHT,NH,ANE,EN,Towers with Radar,36,35,22,8,101,0,5,19,0,24,36,40,41,8,125,12,0,12,137
10/15/2020,MHT,NH,ANE,EN,Towers with Radar,39,29,19,4,91,1,4,26,0,31,40,33,45,4,122,0,0,0,122
10/16/2020,MHT,NH,ANE,EN,Towers with Radar,39,19,36,4,98,0,2,1,0,3,39,21,37,4,101,0,0,0,101
10/17/2020,MHT,NH,ANE,EN,Towers with Radar,29,7,13,0,49,0,1,4,0,5,29,8,17,0,54,0,0,0,54
10/18/2020,MHT,NH,ANE,EN,Towers with Radar,32,5,23,0,60,0,2,25,0,27,32,7,48,0,87,0,0,0,87
10/19/2020,MHT,NH,ANE,EN,Towers with Radar,30,18,30,0,78,0,4,22,1,27,30,22,52,1,105,14,0,14,119
10/20/2020,MHT,NH,ANE,EN,Towers with Radar,32,26,24,5,87,0,0,4,0,4,32,26,28,5,91,0,0,0,91
10/21/2020,MHT,NH,ANE,EN,Towers with Radar,36,21,36,8,101,0,0,1,0,1,36,21,37,8,102,0,0,0,102
10/22/2020,MHT,NH,ANE,EN,Towers with Radar,40,22,33,0,95,0,2,27,0,29,40,24,60,0,124,24,0,24,148
10/23/2020,MHT,NH,ANE,EN,Towers with Radar,38,19,31,1,89,0,5,5,0,10,38,24,36,1,99,20,0,20,119
10/24/2020,MHT,NH,ANE,EN,Towers with Radar,28,12,36,3,79,0,4,8,0,12,28,16,44,3,91,0,0,0,91
10/25/2020,MHT,NH,ANE,EN,Towers with Radar,32,2,20,2,56,0,0,16,1,17,32,2,36,3,73,0,0,0,73
10/26/2020,MHT,NH,ANE,EN,Towers with Radar,30,23,17,4,74,0,0,0,0,0,30,23,17,4,74,0,0,0,74
10/27/2020,MHT,NH,ANE,EN,Towers with Radar,31,32,32,0,95,0,5,21,0,26,31,37,53,0,121,0,0,0,121
10/28/2020,MHT,NH,ANE,EN,Towers with Radar,32,26,37,4,99,0,0,0,0,0,32,26,37,4,99,0,0,0,99
10/29/2020,MHT,NH,ANE,EN,Towers with Radar,36,40,18,0,94,0,0,0,0,0,36,40,18,0,94,0,0,0,94
10/30/2020,MHT,NH,ANE,EN,Towers with Radar,37,16,13,0,66,0,4,2,0,6,37,20,15,0,72,0,0,0,72
10/31/2020,MHT,NH,ANE,EN,Towers with Radar,18,5,33,0,56,0,5,36,0,41,18,10,69,0,97,38,0,38,135
11/01/2020,MHT,NH,ANE,EN,Towers with Radar,27,9,18,0,54,0,1,5,0,6,27,10,23,0,60,22,0,22,82
11/02/2020,MHT,NH,ANE,EN,Towers with Radar,27,21,10,0,58,0,3,5,0,8,27,24,15,0,66,6,0,6,72
11/03/2020,MHT,NH,ANE,EN,Towers with Radar,30,19,11,0,60,0,4,5,0,9,30,23,16,0,69,6,0,6,75
11/04/2020,MHT,NH,ANE,EN,Towers with Radar,32,29,24,0,85,0,10,41,0,51,32,39,65,0,136,0,0,0,136
11/05/2020,MHT,NH,ANE,EN,Towers with Radar,44,33,20,0,97,0,4,42,0,46,44,37,62,0,143,0,0,0,143
11/06/2020,MHT,NH,ANE,EN,Towers with Radar,44,21,20,0,85,0,1,43,0,44,44,22,63,0,129,14,0,14,143
11/07/2020,MHT,NH,ANE,EN,Towers with Radar,31,3,24,0,58,0,4,34,0,38,31,7,58,0,96,0,0,0,96
11/08/2020,MHT,NH,ANE,EN,Towers with Radar,36,5,13,0,54,0,2,26,1,29,36,7,39,1,83,0,0,0,83
11/09/2020,MHT,NH,ANE,EN,Towers with Radar,36,11,19,0,66,0,2,36,0,38,36,13,55,0,104,58,0,58,162
11/10/2020,MHT,NH,ANE,EN,Towers with Radar,30,20,21,0,71,0,1,36,0,37,30,21,57,0,108,0,0,0,108
11/11/2020,MHT,NH,ANE,EN,Towers with Radar,30,20,13,0,63,0,10,7,1,18,30,30,20,1,81,0,0,0,81
11/12/2020,MHT,NH,ANE,EN,Towers with Radar,44,23,15,0,82,0,2,7,1,10,44,25,22,1,92,0,0,0,92
11/13/2020,MHT,NH,ANE,EN,Towers with Radar,42,15,17,0,74,0,0,0,0,0,42,15,17,0,74,0,0,0,74
11/14/2020,MHT,NH,ANE,EN,Towers with Radar,31,5,10,0,46,0,3,33,0,36,31,8,43,0,82,8,0,8,90
11/15/2020,MHT,NH,ANE,EN,Towers with Radar,36,4,11,0,51,0,1,12,0,13,36,5,23,0,64,0,0,0,64
11/16/2020,MHT,NH,ANE,EN,Towers with Radar,37,29,19,0,85,0,0,13,0,13,37,29,32,0,98,6,0,6,104
11/17/2020,MHT,NH,ANE,EN,Towers with Radar,32,33,16,0,81,0,3,28,0,31,32,36,44,0,112,20,0,20,132
11/18/2020,MHT,NH,ANE,EN,Towers with Radar,30,41,11,0,82,0,2,12,0,14,30,43,23,0,96,14,0,14,110
11/19/2020,MHT,NH,ANE,EN,Towers with Radar,44,45,19,0,108,0,6,24,0,30,44,51,43,0,138,0,0,0,138
11/20/2020,MHT,NH,ANE,EN,Towers with Radar,43,22,20,0,85,0,10,38,0,48,43,32,58,0,133,10,0,10,143
11/21/2020,MHT,NH,ANE,EN,Towers with Radar,36,11,16,0,63,0,8,27,0,35,36,19,43,0,98,0,0,0,98
11/22/2020,MHT,NH,ANE,EN,Towers with Radar,38,4,10,0,52,0,4,13,0,17,38,8,23,0,69,10,0,10,79
11/23/2020,MHT,NH,ANE,EN,Towers with Radar,25,17,5,6,53,0,1,5,0,6,25,18,10,6,59,0,0,0,59
11/24/2020,MHT,NH,ANE,EN,Towers with Radar,49,36,13,0,98,0,17,37,1,55,49,53,50,1,153,0,0,0,153
11/25/2020,MHT,NH,ANE,EN,Towers with Radar,52,29,14,0,95,0,3,22,0,25,52,32,36,0,120,0,0,0,120
11/26/2020,MHT,NH,ANE,EN,Towers with Radar,13,0,0,0,13,0,0,0,0,0,13,0,0,0,13,0,0,0,13
11/27/2020,MHT,NH,ANE,EN,Towers with Radar,30,15,20,0,65,0,3,30,0,33,30,18,50,0,98,4,0,4,102
11/28/2020,MHT,NH,ANE,EN,Towers with Radar,38,7,11,0,56,0,7,10,0,17,38,14,21,0,73,0,0,0,73
11/29/2020,MHT,NH,ANE,EN,Towers with Radar,37,3,15,0,55,0,5,42,0,47,37,8,57,0,102,14,0,14,116
11/30/2020,MHT,NH,ANE,EN,Towers with Radar,35,31,7,0,73,0,0,3,0,3,35,31,10,0,76,0,0,0,76
12/01/2020,MHT,NH,ANE,EN,Towers with Radar,48,28,18,12,106,0,0,11,0,11,48,28,29,12,117,0,20,20,137
12/02/2020,MHT,NH,ANE,EN,Towers with Radar,41,29,12,0,82,0,5,14,0,19,41,34,26,0,101,60,0,60,161
12/03/2020,MHT,NH,ANE,EN,Towers with Radar,49,25,15,0,89,0,3,37,0,40,49,28,52,0,129,30,0,30,159
12/04/2020,MHT,NH,ANE,EN,Towers with Radar,40,24,17,0,81,0,0,17,0,17,40,24,34,0,98,0,0,0,98
12/05/2020,MHT,NH,ANE,EN,Towers with Radar,23,6,1,0,30,0,0,0,0,0,23,6,1,0,30,0,0,0,30
12/06/2020,MHT,NH,ANE,EN,Towers with Radar,25,3,8,0,36,0,6,0,0,6,25,9,8,0,42,0,0,0,42
12/07/2020,MHT,NH,ANE,EN,Towers with Radar,36,19,3,2,60,0,5,17,0,22,36,24,20,2,82,20,0,20,102
12/08/2020,MHT,NH,ANE,EN,Towers with Radar,40,28,15,2,85,0,0,16,0,16,40,28,31,2,101,0,0,0,101
12/09/2020,MHT,NH,ANE,EN,Towers with Radar,44,31,14,0,89,0,0,8,0,8,44,31,22,0,97,6,0,6,103
12/10/2020,MHT,NH,ANE,EN,Towers with Radar,48,33,15,0,96,0,2,31,0,33,48,35,46,0,129,18,0,18,147
12/11/2020,MHT,NH,ANE,EN,Towers with Radar,39,23,21,0,83,0,6,31,0,37,39,29,52,0,120,4,0,4,124
12/12/2020,MHT,NH,ANE,EN,Towers with Radar,25,10,22,0,57,0,3,6,0,9,25,13,28,0,66,0,0,0,66
12/13/2020,MHT,NH,ANE,EN,Towers with Radar,30,1,9,0,40,0,2,2,0,4,30,3,11,0,44,0,0,0,44
12/14/2020,MHT,NH,ANE,EN,Towers with Radar,35,12,5,0,52,0,0,2,0,2,35,12,7,0,54,0,0,0,54
12/15/2020,MHT,NH,ANE,EN,Towers with Radar,42,28,19,0,89,0,7,32,0,39,42,35,51,0,128,0,0,0,128
12/16/2020,MHT,NH,ANE,EN,Towers with Radar,38,34,6,0,78,0,0,22,0,22,38,34,28,0,100,9,0,9,109
12/17/2020,MHT,NH,ANE,EN,Towers with Radar,37,22,0,0,59,0,0,0,0,0,37,22,0,0,59,0,0,0,59
12/18/2020,MHT,NH,ANE,EN,Towers with Radar,56,24,22,0,102,0,2,29,0,31,56,26,51,0,133,0,0,0,133
12/19/2020,MHT,NH,ANE,EN,Towers with Radar,56,13,17,0,86,0,10,18,0,28,56,23,35,0,114,0,0,0,114
12/20/2020,MHT,NH,ANE,EN,Towers with Radar,47,5,6,0,58,0,3,11,0,14,47,8,17,0,72,0,0,0,72
12/21/2020,MHT,NH,ANE,EN,Towers with Radar,48,18,17,0,83,0,0,0,0,0,48,18,17,0,83,0,0,0,83
12/22/2020,MHT,NH,ANE,EN,Towers with Radar,58,32,19,1,110,0,1,28,0,29,58,33,47,1,139,8,0,8,147
12/23/2020,MHT,NH,ANE,EN,Towers with Radar,58,22,6,9,95,0,4,30,5,39,58,26,36,14,134,0,0,0,134
12/24/2020,MHT,NH,ANE,EN,Towers with Radar,45,29,8,0,82,0,3,2,0,5,45,32,10,0,87,0,0,0,87
12/25/2020,MHT,NH,ANE,EN,Towers with Radar,12,0,2,0,14,0,0,0,0,0,12,0,2,0,14,0,0,0,14
12/26/2020,MHT,NH,ANE,EN,Towers with Radar,38,8,15,0,61,0,2,12,0,14,38,10,27,0,75,0,0,0,75
12/27/2020,MHT,NH,ANE,EN,Towers with Radar,40,3,17,0,60,0,3,35,0,38,40,6,52,0,98,0,0,0,98
12/28/2020,MHT,NH,ANE,EN,Towers with Radar,37,14,10,0,61,0,2,16,0,18,37,16,26,0,79,0,0,0,79
12/29/2020,MHT,NH,ANE,EN,Towers with Radar,53,25,5,10,93,0,2,12,1,15,53,27,17,11,108,8,8,16,124
12/30/2020,MHT,NH,ANE,EN,Towers with Radar,52,25,21,0,98,0,3,27,0,30,52,28,48,0,128,30,0,30,158
12/31/2020,MHT,NH,ANE,EN,Towers with Radar,39,28,12,0,79,0,5,10,0,15,39,33,22,0,94,0,0,0,94
01/01/2021,MHT,NH,ANE,EN,Towers with Radar,17,3,12,0,32,0,8,20,0,28,17,11,32,0,60,0,0,0,60
01/02/2021,MHT,NH,ANE,EN,Towers with Radar,38,5,10,0,53,0,0,4,0,4,38,5,14,0,57,0,0,0,57
01/03/2021,MHT,NH,ANE,EN,Towers with Radar,37,5,8,0,50,0,2,3,0,5,37,7,11,0,55,0,0,0,55
01/04/2021,MHT,NH,ANE,EN,Towers with Radar,36,16,14,0,66,0,0,0,0,0,36,16,14,0,66,0,0,0,66
01/05/2021,MHT,NH,ANE,EN,Towers with Radar,32,35,4,0,71,0,0,2,0,2,32,35,6,0,73,6,0,6,79
01/06/2021,MHT,NH,ANE,EN,Towers with Radar,32,29,5,0,66,0,2,30,0,32,32,31,35,0,98,18,0,18,116
01/07/2021,MHT,NH,ANE,EN,Towers with Radar,34,37,11,1,83,0,3,19,3,25,34,40,30,4,108,46,0,46,154
01/08/2021,MHT,NH,ANE,EN,Towers with Radar,32,30,12,0,74,0,2,33,0,35,32,32,45,0,109,8,0,8,117
01/09/2021,MHT,NH,ANE,EN,Towers with Radar,26,11,8,0,45,0,4,37,2,43,26,15,45,2,88,58,0,58,146
01/10/2021,MHT,NH,ANE,EN,Towers with Radar,24,5,8,0,37,0,9,19,0,28,24,14,27,0,65,0,0,0,65
01/11/2021,MHT,NH,ANE,EN,Towers with Radar,25,24,11,0,60,0,5,14,0,19,25,29,25,0,79,0,0,0,79
01/12/2021,MHT,NH,ANE,EN,Towers with Radar,31,27,14,0,72,0,8,24,1,33,31,35,38,1,105,0,0,0,105
01/13/2021,MHT,NH,ANE,EN,Towers with Radar,29,27,16,0,72,0,5,22,0,27,29,32,38,0,99,0,0,0,99
01/14/2021,MHT,NH,ANE,EN,Towers with Radar,34,30,21,0,85,0,0,11,0,11,34,30,32,0,96,0,0,0,96
01/15/2021,MHT,NH,ANE,EN,Towers with Radar,32,23,19,0,74,0,2,19,0,21,32,25,38,0,95,0,0,0,95
01/16/2021,MHT,NH,ANE,EN,Towers with Radar,24,12,3,0,39,0,0,0,0,0,24,12,3,0,39,0,0,0,39
01/17/2021,MHT,NH,ANE,EN,Towers with Radar,26,7,6,0,39,0,2,6,0,8,26,9,12,0,47,0,0,0,47
01/18/2021,MHT,NH,ANE,EN,Towers with Radar,24,32,10,2,68,0,2,14,0,16,24,34,24,2,84,0,0,0,84
01/19/2021,MHT,NH,ANE,EN,Towers with Radar,30,33,11,1,75,0,4,29,1,34,30,37,40,2,109,6,24,30,139
01/20/2021,MHT,NH,ANE,EN,Towers with Radar,30,33,16,0,79,0,2,20,0,22,30,35,36,0,101,0,0,0,101
01/21/2021,MHT,NH,ANE,EN,Towers with Radar,34,35,8,0,77,0,3,10,0,13,34,38,18,0,90,6,0,6,96
01/22/2021,MHT,NH,ANE,EN,Towers with Radar,32,21,12,0,65,0,2,24,0,26,32,23,36,0,91,42,0,42,133
01/23/2021,MHT,NH,ANE,EN,Towers with Radar,26,5,2,0,33,0,4,5,0,9,26,9,7,0,42,0,0,0,42
01/24/2021,MHT,NH,ANE,EN,Towers with Radar,25,5,2,0,32,0,0,0,0,0,25,5,2,0,32,0,0,0,32
01/25/2021,MHT,NH,ANE,EN,Towers with Radar,25,21,9,0,55,0,4,9,0,13,25,25,18,0,68,0,0,0,68
01/26/2021,MHT,NH,ANE,EN,Towers with Radar,29,23,14,0,66,0,0,19,0,19,29,23,33,0,85,0,0,0,85
01/27/2021,MHT,NH,ANE,EN,Towers with Radar,31,27,10,0,68,0,10,4,1,15,31,37,14,1,83,2,0,2,85
01/28/2021,MHT,NH,ANE,EN,Towers with Radar,33,27,9,6,75,0,3,9,0,12,33,30,18,6,87,0,6,6,93
01/29/2021,MHT,NH,ANE,EN,Towers with Radar,33,26,13,0,72,0,0,6,0,6,33,26,19,0,78,10,0,10,88
01/30/2021,MHT,NH,ANE,EN,Towers with Radar,26,7,11,0,44,0,2,28,0,30,26,9,39,0,74,0,0,0,74
01/31/2021,MHT,NH,ANE,EN,Towers with Radar,21,6,24,0,51,0,7,35,1,43,21,13,59,1,94,0,0,0,94
02/01/2021,MHT,NH,ANE,EN,Towers with Radar,12,22,7,0,41,0,3,0,0,3,12,25,7,0,44,0,0,0,44
02/02/2021,MHT,NH,ANE,EN,Towers with Radar,27,22,3,0,52,0,0,0,0,0,27,22,3,0,52,0,0,0,52
02/03/2021,MHT,NH,ANE,EN,Towers with Radar,30,27,13,0,70,0,0,10,0,10,30,27,23,0,80,0,0,0,80
02/04/2021,MHT,NH,ANE,EN,Towers with Radar,32,31,22,0,85,0,1,29,2,32,32,32,51,2,117,0,0,0,117
02/05/2021,MHT,NH,ANE,EN,Towers with Radar,32,18,11,0,61,0,0,3,0,3,32,18,14,0,64,0,0,0,64
02/06/2021,MHT,NH,ANE,EN,Towers with Radar,26,8,10,0,44,0,1,25,0,26,26,9,35,0,70,6,0,6,76
02/07/2021,MHT,NH,ANE,EN,Towers with Radar,25,8,7,0,40,0,0,1,0,1,25,8,8,0,41,0,0,0,41
02/08/2021,MHT,NH,ANE,EN,Towers with Radar,25,22,18,2,67,0,7,33,1,41,25,29,51,3,108,0,0,0,108
02/09/2021,MHT,NH,ANE,EN,Towers with Radar,30,26,7,0,63,0,3,0,0,3,30,29,7,0,66,0,0,0,66
02/10/2021,MHT,NH,ANE,EN,Towers with Radar,32,32,19,1,84,0,5,13,0,18,32,37,32,1,102,0,0,0,102
02/11/2021,MHT,NH,ANE,EN,Towers with Radar,24,26,17,2,69,0,3,17,4,24,24,29,34,6,93,0,0,0,93
02/12/2021,MHT,NH,ANE,EN,Towers with Radar,33,26,10,0,69,0,10,25,0,35,33,36,35,0,104,12,0,12,116
02/13/2021,MHT,NH,ANE,EN,Towers with Radar,19,11,14,0,44,0,8,33,1,42,19,19,47,1,86,0,0,0,86
02/14/2021,MHT,NH,ANE,EN,Towers with Radar,20,10,2,0,32,0,0,7,0,7,20,10,9,0,39,0,0,0,39
02/15/2021,MHT,NH,ANE,EN,Towers with Radar,20,24,7,0,51,0,0,4,0,4,20,24,11,0,55,0,0,0,55
02/16/2021,MHT,NH,ANE,EN,Towers with Radar,18,24,5,0,47,0,0,0,0,0,18,24,5,0,47,0,0,0,47
02/17/2021,MHT,NH,ANE,EN,Towers with Radar,24,32,28,0,84,0,10,24,2,36,24,42,52,2,120,26,0,26,146
02/18/2021,MHT,NH,ANE,EN,Towers with Radar,25,23,19,6,73,0,3,12,0,15,25,26,31,6,88,0,0,0,88
02/19/2021,MHT,NH,ANE,EN,Towers with Radar,27,24,8,0,59,0,0,0,0,0,27,24,8,0,59,0,0,0,59
02/20/2021,MHT,NH,ANE,EN,Towers with Radar,23,12,11,0,46,0,2,9,0,11,23,14,20,0,57,0,0,0,57
02/21/2021,MHT,NH,ANE,EN,Towers with Radar,24,8,30,0,62,0,8,37,0,45,24,16,67,0,107,18,0,18,125
02/22/2021,MHT,NH,ANE,EN,Towers with Radar,22,23,10,0,55,0,3,9,0,12,22,26,19,0,67,0,0,0,67
02/23/2021,MHT,NH,ANE,EN,Towers with Radar,30,33,12,0,75,0,3,20,0,23,30,36,32,0,98,18,0,18,116
02/24/2021,MHT,NH,ANE,EN,Towers with Radar,28,31,12,0,71,0,11,23,1,35,28,42,35,1,106,0,0,0,106
02/25/2021,MHT,NH,ANE,EN,Towers with Radar,32,31,5,1,69,0,9,7,1,17,32,40,12,2,86,0,0,0,86
02/26/2021,MHT,NH,ANE,EN,Towers with Radar,30,30,15,0,75,0,5,44,0,49,30,35,59,0,124,10,0,10,134
02/27/2021,MHT,NH,ANE,EN,Towers with Radar,24,11,7,0,42,0,1,0,0,1,24,12,7,0,43,0,0,0,43
02/28/2021,MHT,NH,ANE,EN,Towers with Radar,23,10,20,0,53,0,1,21,0,22,23,11,41,0,75,0,0,0,75
03/01/2021,MHT,NH,ANE,EN,Towers with Radar,25,32,7,0,64,0,0,2,0,2,25,32,9,0,66,0,0,0,66
03/02/2021,MHT,NH,ANE,EN,Towers with Radar,28,28,9,0,65,0,1,2,0,3,28,29,11,0,68,0,0,0,68
03/03/2021,MHT,NH,ANE,EN,Towers with Radar,28,36,10,0,74,0,2,25,2,29,28,38,35,2,103,10,0,10,113
03/04/2021,MHT,NH,ANE,EN,Towers with Radar,33,33,18,0,84,0,2,21,0,23,33,35,39,0,107,0,0,0,107
03/05/2021,MHT,NH,ANE,EN,Towers with Radar,32,33,5,0,70,0,5,16,0,21,32,38,21,0,91,12,0,12,103
03/06/2021,MHT,NH,ANE,EN,Towers with Radar,26,6,10,0,42,0,7,21,0,28,26,13,31,0,70,0,0,0,70
03/07/2021,MHT,NH,ANE,EN,Towers with Radar,29,7,16,1,53,0,5,34,1,40,29,12,50,2,93,0,0,0,93
03/08/2021,MHT,NH,ANE,EN,Towers with Radar,31,22,9,1,63,0,3,23,3,29,31,25,32,4,92,12,0,12,104
03/09/2021,MHT,NH,ANE,EN,Towers with Radar,32,26,19,2,79,0,5,34,0,39,32,31,53,2,118,0,0,0,118
03/10/2021,MHT,NH,ANE,EN,Towers with Radar,32,21,12,2,67,0,8,54,3,65,32,29,66,5,132,25,0,25,157
03/11/2021,MHT,NH,ANE,EN,Towers with Radar,35,33,14,0,82,0,11,31,1,43,35,44,45,1,125,26,0,26,151
03/12/2021,MHT,NH,ANE,EN,Towers with Radar,34,19,11,0,64,0,2,9,1,12,34,21,20,1,76,0,0,0,76
03/13/2021,MHT,NH,ANE,EN,Towers with Radar,24,10,3,0,37,0,2,8,0,10,24,12,11,0,47,2,0,2,49
03/14/2021,MHT,NH,ANE,EN,Towers with Radar,27,8,7,0,42,0,0,6,0,6,27,8,13,0,48,0,0,0,48
03/15/2021,MHT,NH,ANE,EN,Towers with Radar,26,16,9,0,51,0,0,19,0,19,26,16,28,0,70,16,0,16,86
03/16/2021,MHT,NH,ANE,EN,Towers with Radar,37,33,14,0,84,0,0,44,0,44,37,33,58,0,128,44,0,44,172
03/17/2021,MHT,NH,ANE,EN,Towers with Radar,36,27,19,0,82,0,5,42,0,47,36,32,61,0,129,48,0,48,177
03/18/2021,MHT,NH,ANE,EN,Towers with Radar,38,30,17,0,85,0,0,7,0,7,38,30,24,0,92,0,0,0,92
03/19/2021,MHT,NH,ANE,EN,Towers with Radar,34,22,10,0,66,0,7,4,0,11,34,29,14,0,77,0,0,0,77
03/20/2021,MHT,NH,ANE,EN,Towers with Radar,24,6,14,0,44,0,5,25,0,30,24,11,39,0,74,10,0,10,84
03/21/2021,MHT,NH,ANE,EN,Towers with Radar,29,7,18,0,54,0,4,30,0,34,29,11,48,0,88,4,0,4,92
03/22/2021,MHT,NH,ANE,EN,Towers with Radar,27,28,11,0,66,0,5,37,0,42,27,33,48,0,108,14,0,14,122
03/23/2021,MHT,NH,ANE,EN,Towers with Radar,34,30,15,0,79,0,5,34,0,39,34,35,49,0,118,0,0,0,118
03/24/2021,MHT,NH,ANE,EN,Towers with Radar,34,36,18,0,88,0,5,26,0,31,34,41,44,0,119,12,0,12,131
03/25/2021,MHT,NH,ANE,EN,Towers with Radar,34,30,29,0,93,0,0,9,0,9,34,30,38,0,102,20,0,20,122
03/26/2021,MHT,NH,ANE,EN,Towers with Radar,36,21,9,2,68,0,0,0,0,0,36,21,9,2,68,0,0,0,68
03/27/2021,MHT,NH,ANE,EN,Towers with Radar,23,7,20,0,50,0,10,45,0,55,23,17,65,0,105,24,0,24,129
03/28/2021,MHT,NH,ANE,EN,Towers with Radar,28,8,7,0,43,0,0,0,0,0,28,8,7,0,43,0,0,0,43
03/29/2021,MHT,NH,ANE,EN,Towers with Radar,30,24,4,0,58,0,1,0,0,1,30,25,4,0,59,0,0,0,59
03/30/2021,MHT,NH,ANE,EN,Towers with Radar,34,30,28,1,93,0,4,32,1,37,34,34,60,2,130,10,0,10,140
03/31/2021,MHT,NH,ANE,EN,Towers with Radar,34,27,23,0,84,0,0,29,0,29,34,27,52,0,113,0,0,0,113
04/01/2021,MHT,NH,ANE,EN,Towers with Radar,36,27,9,8,80,0,0,0,0,0,36,27,9,8,80,0,0,0,80
04/02/2021,MHT,NH,ANE,EN,Towers with Radar,33,23,22,7,85,0,6,40,1,47,33,29,62,8,132,30,0,30,162
04/03/2021,MHT,NH,ANE,EN,Towers with Radar,24,12,15,0,51,0,9,46,3,58,24,21,61,3,109,0,0,0,109
04/04/2021,MHT,NH,ANE,EN,Towers with Radar,27,10,3,0,40,0,5,15,0,20,27,15,18,0,60,4,0,4,64
04/05/2021,MHT,NH,ANE,EN,Towers with Radar,27,33,11,0,71,0,8,7,0,15,27,41,18,0,86,0,0,0,86
04/06/2021,MHT,NH,ANE,EN,Towers with Radar,36,43,19,0,98,0,8,28,2,38,36,51,47,2,136,4,0,4,140
04/07/2021,MHT,NH,ANE,EN,Towers with Radar,38,34,27,4,103,0,3,55,0,58,38,37,82,4,161,32,0,32,193
04/08/2021,MHT,NH,ANE,EN,Towers with Radar,36,32,20,0,88,0,7,27,1,35,36,39,47,1,123,48,0,48,171
04/09/2021,MHT,NH,ANE,EN,Towers with Radar,34,29,10,1,74,0,2,52,1,55,34,31,62,2,129,48,0,48,177
04/10/2021,MHT,NH,ANE,EN,Towers with Radar,24,16,16,0,56,0,5,38,0,43,24,21,54,0,99,16,0,16,115
04/11/2021,MHT,NH,ANE,EN,Towers with Radar,27,18,16,0,61,0,1,4,0,5,27,19,20,0,66,0,0,0,66
04/12/2021,MHT,NH,ANE,EN,Towers with Radar,29,19,34,0,82,0,0,0,0,0,29,19,34,0,82,0,0,0,82
04/13/2021,MHT,NH,ANE,EN,Towers with Radar,37,36,17,0,90,0,4,24,0,28,37,40,41,0,118,52,0,52,170
04/14/2021,MHT,NH,ANE,EN,Towers with Radar,38,38,13,0,89,0,3,30,0,33,38,41,43,0,122,0,0,0,122
04/15/2021,MHT,NH,ANE,EN,Towers with Radar,37,45,15,10,107,0,4,14,0,18,37,49,29,10,125,0,0,0,125
04/16/2021,MHT,NH,ANE,EN,Towers with Radar,36,24,4,0,64,0,0,0,0,0,36,24,4,0,64,0,0,0,64
04/17/2021,MHT,NH,ANE,EN,Towers with Radar,32,11,12,0,55,0,6,11,2,19,32,17,23,2,74,0,0,0,74
04/18/2021,MHT,NH,ANE,EN,Towers with Radar,29,6,13,0,48,0,3,23,0,26,29,9,36,0,74,0,0,0,74
04/19/2021,MHT,NH,ANE,EN,Towers with Radar,30,33,18,0,81,0,5,38,0,43,30,38,56,0,124,30,0,30,154
04/20/2021,MHT,NH,ANE,EN,Towers with Radar,38,34,16,0,88,0,3,18,0,21,38,37,34,0,109,14,0,14,123
04/21/2021,MHT,NH,ANE,EN,Towers with Radar,40,25,19,0,84,0,0,14,0,14,40,25,33,0,98,0,0,0,98
04/22/2021,MHT,NH,ANE,EN,Towers with Radar,37,31,6,1,75,0,0,1,0,1,37,31,7,1,76,0,0,0,76
04/23/2021,MHT,NH,ANE,EN,Towers with Radar,42,26,9,1,78,0,0,13,0,13,42,26,22,1,91,0,0,0,91
04/24/2021,MHT,NH,ANE,EN,Towers with Radar,30,9,19,0,58,0,5,40,0,45,30,14,59,0,103,30,0,30,133
04/25/2021,MHT,NH,ANE,EN,Towers with Radar,29,9,21,0,59,0,4,2,0,6,29,13,23,0,65,10,0,10,75
04/26/2021,MHT,NH,ANE,EN,Towers with Radar,27,19,5,0,51,0,12,5,3,20,27,31,10,3,71,0,0,0,71
04/27/2021,MHT,NH,ANE,EN,Towers with Radar,39,40,18,13,110,0,15,38,1,54,39,55,56,14,164,6,0,6,170
04/28/2021,MHT,NH,ANE,EN,Towers with Radar,38,34,18,8,98,0,3,11,0,14,38,37,29,8,112,12,0,12,124
04/29/2021,MHT,NH,ANE,EN,Towers with Radar,38,55,26,0,119,0,0,0,0,0,38,55,26,0,119,0,0,0,119
04/30/2021,MHT,NH,ANE,EN,Towers with Radar,34,31,13,0,78,0,0,3,0,3,34,31,16,0,81,0,0,0,81
05/01/2021,MHT,NH,ANE,EN,Towers with Radar,31,8,5,0,44,0,4,30,0,34,31,12,35,0,78,53,0,53,131
05/02/2021,MHT,NH,ANE,EN,Towers with Radar,28,11,18,0,57,0,3,48,0,51,28,14,66,0,108,87,0,87,195
05/03/2021,MHT,NH,ANE,EN,Towers with Radar,27,25,21,0,73,0,2,28,0,30,27,27,49,0,103,0,0,0,103
05/04/2021,MHT,NH,ANE,EN,Towers with Radar,37,34,35,0,106,0,1,10,2,13,37,35,45,2,119,6,0,6,125
05/05/2021,MHT,NH,ANE,EN,Towers with Radar,39,30,15,0,84,0,0,0,0,0,39,30,15,0,84,0,0,0,84
05/06/2021,MHT,NH,ANE,EN,Towers with Radar,37,31,12,0,80,0,3,15,0,18,37,34,27,0,98,0,0,0,98
05/07/2021,MHT,NH,ANE,EN,Towers with Radar,34,31,12,0,77,0,4,93,0,97,34,35,105,0,174,16,0,16,190
05/08/2021,MHT,NH,ANE,EN,Towers with Radar,28,18,19,0,65,0,4,34,0,38,28,22,53,0,103,0,0,0,103
05/09/2021,MHT,NH,ANE,EN,Towers with Radar,29,8,7,0,44,0,3,16,1,20,29,11,23,1,64,0,0,0,64
05/10/2021,MHT,NH,ANE,EN,Towers with Radar,29,22,22,4,77,0,1,37,0,38,29,23,59,4,115,0,0,0,115
05/11/2021,MHT,NH,ANE,EN,Towers with Radar,38,33,18,1,90,0,4,22,5,31,38,37,40,6,121,0,0,0,121
05/12/2021,MHT,NH,ANE,EN,Towers with Radar,36,34,22,1,93,0,7,31,3,41,36,41,53,4,134,0,0,0,134
05/13/2021,MHT,NH,ANE,EN,Towers with Radar,36,33,17,2,88,0,10,30,0,40,36,43,47,2,128,12,0,12,140
05/14/2021,MHT,NH,ANE,EN,Towers with Radar,37,29,20,2,88,0,12,41,0,53,37,41,61,2,141,52,0,52,193
05/15/2021,MHT,NH,ANE,EN,Towers with Radar,28,14,12,0,54,0,6,37,0,43,28,20,49,0,97,34,0,34,131
05/16/2021,MHT,NH,ANE,EN,Towers with Radar,29,10,14,0,53,0,10,20,4,34,29,20,34,4,87,10,0,10,97
05/17/2021,MHT,NH,ANE,EN,Towers with Radar,28,24,11,6,69,0,5,29,3,37,28,29,40,9,106,0,16,16,122
05/18/2021,MHT,NH,ANE,EN,Towers with Radar,37,35,15,2,89,0,6,41,1,48,37,41,56,3,137,34,0,34,171
05/19/2021,MHT,NH,ANE,EN,Towers with Radar,38,36,23,13,110,0,5,35,2,42,38,41,58,15,152,36,0,36,188
05/20/2021,MHT,NH,ANE,EN,Towers with Radar,36,35,18,7,96,0,5,25,3,33,36,40,43,10,129,0,0,0,129
05/21/2021,MHT,NH,ANE,EN,Towers with Radar,36,35,25,0,96,0,3,46,0,49,36,38,71,0,145,30,0,30,175
05/22/2021,MHT,NH,ANE,EN,Towers with Radar,28,29,12,0,69,0,12,30,0,42,28,41,42,0,111,20,0,20,131
05/23/2021,MHT,NH,ANE,EN,Towers with Radar,29,7,4,0,40,0,8,23,0,31,29,15,27,0,71,24,0,24,95
05/24/2021,MHT,NH,ANE,EN,Towers with Radar,27,24,13,3,67,0,2,34,5,41,27,26,47,8,108,0,0,0,108
05/25/2021,MHT,NH,ANE,EN,Towers with Radar,36,39,7,6,88,0,11,41,0,52,36,50,48,6,140,74,0,74,214
05/26/2021,MHT,NH,ANE,EN,Towers with Radar,37,34,24,4,99,0,7,44,0,51,37,41,68,4,150,28,0,28,178
05/27/2021,MHT,NH,ANE,EN,Towers with Radar,37,35,18,0,90,0,1,35,2,38,37,36,53,2,128,0,0,0,128
05/28/2021,MHT,NH,ANE,EN,Towers with Radar,32,25,17,0,74,0,8,36,0,44,32,33,53,0,118,34,0,34,152
05/29/2021,MHT,NH,ANE,EN,Towers with Radar,30,9,3,0,42,0,0,2,0,2,30,9,5,0,44,0,0,0,44
05/30/2021,MHT,NH,ANE,EN,Towers with Radar,22,5,5,0,32,0,0,0,0,0,22,5,5,0,32,0,0,0,32
05/31/2021,MHT,NH,ANE,EN,Towers with Radar,22,15,12,0,49,0,4,3,0,7,22,19,15,0,56,12,0,12,68
06/01/2021,MHT,NH,ANE,EN,Towers with Radar,28,28,15,4,75,0,5,46,0,51,28,33,61,4,126,46,0,46,172
06/02/2021,MHT,NH,ANE,EN,Towers with Radar,38,27,13,10,88,0,0,58,0,58,38,27,71,10,146,44,0,44,190
06/03/2021,MHT,NH,ANE,EN,Towers with Radar,41,36,31,6,114,0,1,24,0,25,41,37,55,6,139,42,0,42,181
06/04/2021,MHT,NH,ANE,EN,Towers with Radar,40,26,21,5,92,0,8,22,3,33,40,34,43,8,125,60,0,60,185
06/05/2021,MHT,NH,ANE,EN,Towers with Radar,37,14,8,0,59,0,7,40,0,47,37,21,48,0,106,56,0,56,162
06/06/2021,MHT,NH,ANE,EN,Towers with Radar,39,10,11,0,60,0,4,37,0,41,39,14,48,0,101,0,0,0,101
06/07/2021,MHT,NH,ANE,EN,Towers with Radar,34,20,24,0,78,0,15,42,0,57,34,35,66,0,135,36,0,36,171
06/08/2021,MHT,NH,ANE,EN,Towers with Radar,44,35,18,0,97,0,3,18,0,21,44,38,36,0,118,0,0,0,118
06/09/2021,MHT,NH,ANE,EN,Towers with Radar,44,30,20,0,94,0,3,52,5,60,44,33,72,5,154,12,0,12,166
06/10/2021,MHT,NH,ANE,EN,Towers with Radar,42,34,15,3,94,0,14,38,1,53,42,48,53,4,147,26,0,26,173
06/11/2021,MHT,NH,ANE,EN,Towers with Radar,43,30,32,0,105,0,7,62,0,69,43,37,94,0,174,88,0,88,262
06/12/2021,MHT,NH,ANE,EN,Towers with Radar,35,15,39,0,89,0,3,17,0,20,35,18,56,0,109,8,0,8,117
06/13/2021,MHT,NH,ANE,EN,Towers with Radar,39,14,14,0,67,0,11,33,0,44,39,25,47,0,111,0,0,0,111
06/14/2021,MHT,NH,ANE,EN,Towers with Radar,31,25,19,4,79,0,6,3,0,9,31,31,22,4,88,0,0,0,88
06/15/2021,MHT,NH,ANE,EN,Towers with Radar,43,39,23,7,112,0,0,6,0,6,43,39,29,7,118,14,0,14,132
06/16/2021,MHT,NH,ANE,EN,Towers with Radar,43,35,27,0,105,0,9,41,0,50,43,44,68,0,155,100,0,100,255
06/17/2021,MHT,NH,ANE,EN,Towers with Radar,44,35,27,0,106,0,11,48,0,59,44,46,75,0,165,46,0,46,211
06/18/2021,MHT,NH,ANE,EN,Towers with Radar,44,26,21,2,93,0,7,42,0,49,44,33,63,2,142,44,0,44,186
06/19/2021,MHT,NH,ANE,EN,Towers with Radar,36,16,18,0,70,0,6,38,0,44,36,22,56,0,114,0,0,0,114
06/20/2021,MHT,NH,ANE,EN,Towers with Radar,39,12,11,4,66,0,9,29,0,38,39,21,40,4,104,18,0,18,122
06/21/2021,MHT,NH,ANE,EN,Towers with Radar,33,24,15,0,72,0,14,23,1,38,33,38,38,1,110,54,0,54,164
06/22/2021,MHT,NH,ANE,EN,Towers with Radar,43,32,12,0,87,0,2,11,0,13,43,34,23,0,100,12,0,12,112
06/23/2021,MHT,NH,ANE,EN,Towers with Radar,43,40,13,0,96,0,7,66,0,73,43,47,79,0,169,54,0,54,223
06/24/2021,MHT,NH,ANE,EN,Towers with Radar,42,34,13,8,97,0,7,55,0,62,42,41,68,8,159,23,0,23,182
06/25/2021,MHT,NH,ANE,EN,Towers with Radar,44,33,26,2,105,0,0,5,0,5,44,33,31,2,110,0,0,0,110
06/26/2021,MHT,NH,ANE,EN,Towers with Radar,32,26,10,2,70,0,4,18,0,22,32,30,28,2,92,22,0,22,114
06/27/2021,MHT,NH,ANE,EN,Towers with Radar,36,14,16,0,66,0,7,24,0,31,36,21,40,0,97,0,0,0,97
06/28/2021,MHT,NH,ANE,EN,Towers with Radar,35,26,13,0,74,0,9,31,2,42,35,35,44,2,116,26,0,26,142
06/29/2021,MHT,NH,ANE,EN,Towers with Radar,45,37,19,3,104,0,3,42,2,47,45,40,61,5,151,38,0,38,189
06/30/2021,MHT,NH,ANE,EN,Towers with Radar,39,41,13,0,93,0,2,24,0,26,39,43,37,0,119,12,0,12,131
07/01/2021,MHT,NH,ANE,EN,Towers with Radar,39,42,14,1,96,0,9,23,0,32,39,51,37,1,128,48,0,48,176
07/02/2021,MHT,NH,ANE,EN,Towers with Radar,42,30,17,0,89,0,0,0,0,0,42,30,17,0,89,0,0,0,89
07/03/2021,MHT,NH,ANE,EN,Towers with Radar,36,20,7,0,63,0,0,0,0,0,36,20,7,0,63,0,0,0,63
07/04/2021,MHT,NH,ANE,EN,Towers with Radar,27,12,8,0,47,0,5,0,0,5,27,17,8,0,52,0,0,0,52
07/05/2021,MHT,NH,ANE,EN,Towers with Radar,29,22,9,0,60,0,0,25,0,25,29,22,34,0,85,30,0,30,115
07/06/2021,MHT,NH,ANE,EN,Towers with Radar,33,42,16,0,91,0,0,24,0,24,33,42,40,0,115,54,0,54,169
07/07/2021,MHT,NH,ANE,EN,Towers with Radar,44,36,17,2,99,0,5,41,0,46,44,41,58,2,145,36,0,36,181
07/08/2021,MHT,NH,ANE,EN,Towers with Radar,44,44,12,0,100,0,1,12,0,13,44,45,24,0,113,18,0,18,131
07/09/2021,MHT,NH,ANE,EN,Towers with Radar,41,30,8,0,79,0,4,3,0,7,41,34,11,0,86,0,0,0,86
07/10/2021,MHT,NH,ANE,EN,Towers with Radar,33,22,10,0,65,0,8,23,1,32,33,30,33,1,97,6,0,6,103
07/11/2021,MHT,NH,ANE,EN,Towers with Radar,45,14,10,0,69,0,9,21,0,30,45,23,31,0,99,20,0,20,119
07/12/2021,MHT,NH,ANE,EN,Towers with Radar,37,30,15,4,86,0,0,5,0,5,37,30,20,4,91,0,0,0,91
07/13/2021,MHT,NH,ANE,EN,Towers with Radar,43,43,29,13,128,0,0,3,0,3,43,43,32,13,131,0,0,0,131
07/14/2021,MHT,NH,ANE,EN,Towers with Radar,46,38,27,0,111,0,0,5,0,5,46,38,32,0,116,4,0,4,120
07/15/2021,MHT,NH,ANE,EN,Towers with Radar,46,40,33,2,121,0,7,46,0,53,46,47,79,2,174,92,0,92,266
07/16/2021,MHT,NH,ANE,EN,Towers with Radar,43,32,24,0,99,0,3,41,0,44,43,35,65,0,143,76,0,76,219
07/17/2021,MHT,NH,ANE,EN,Towers with Radar,36,12,34,0,82,0,0,5,0,5,36,12,39,0,87,44,0,44,131
07/18/2021,MHT,NH,ANE,EN,Towers with Radar,39,14,34,0,87,0,0,0,0,0,39,14,34,0,87,0,0,0,87
07/19/2021,MHT,NH,ANE,EN,Towers with Radar,34,33,18,0,85,0,4,11,0,15,34,37,29,0,100,24,0,24,124
07/20/2021,MHT,NH,ANE,EN,Towers with Radar,45,52,20,8,125,0,2,30,0,32,45,54,50,8,157,14,0,14,171
07/21/2021,MHT,NH,ANE,EN,Towers with Radar,44,35,25,4,108,0,0,24,10,34,44,35,49,14,142,46,10,56,198
07/22/2021,MHT,NH,ANE,EN,Towers with Radar,44,36,24,3,107,0,4,62,1,67,44,40,86,4,174,48,0,48,222
07/23/2021,MHT,NH,ANE,EN,Towers with Radar,41,31,8,2,82,0,5,30,2,37,41,36,38,4,119,60,0,60,179
07/24/2021,MHT,NH,ANE,EN,Towers with Radar,35,27,7,0,69,0,11,22,1,34,35,38,29,1,103,30,0,30,133
07/25/2021,MHT,NH,ANE,EN,Towers with Radar,37,18,20,0,75,0,5,4,0,9,37,23,24,0,84,16,0,16,100
07/26/2021,MHT,NH,ANE,EN,Towers with Radar,32,28,30,8,98,0,1,27,0,28,32,29,57,8,126,62,0,62,188
07/27/2021,MHT,NH,ANE,EN,Towers with Radar,47,53,30,0,130,0,8,32,0,40,47,61,62,0,170,8,0,8,178
07/28/2021,MHT,NH,ANE,EN,Towers with Radar,45,58,13,1,117,0,7,29,0,36,45,65,42,1,153,46,0,46,199
07/29/2021,MHT,NH,ANE,EN,Towers with Radar,42,49,18,0,109,0,0,15,0,15,42,49,33,0,124,0,0,0,124
07/30/2021,MHT,NH,ANE,EN,Towers with Radar,41,34,14,0,89,0,6,30,0,36,41,40,44,0,125,40,0,40,165
07/31/2021,MHT,NH,ANE,EN,Towers with Radar,35,20,11,0,66,0,12,43,1,56,35,32,54,1,122,34,0,34,156
08/01/2021,MHT,NH,ANE,EN,Towers with Radar,36,16,15,0,67,0,2,32,0,34,36,18,47,0,101,24,0,24,125
08/02/2021,MHT,NH,ANE,EN,Towers with Radar,36,29,10,0,75,0,10,38,0,48,36,39,48,0,123,30,0,30,153
08/03/2021,MHT,NH,ANE,EN,Towers with Radar,44,41,12,1,98,0,6,54,2,62,44,47,66,3,160,74,0,74,234
08/04/2021,MHT,NH,ANE,EN,Towers with Radar,46,36,28,10,120,0,1,63,2,66,46,37,91,12,186,0,0,0,186
08/05/2021,MHT,NH,ANE,EN,Towers with Radar,52,41,29,0,122,7,0,5,0,12,59,41,34,0,134,12,0,12,146
08/06/2021,MHT,NH,ANE,EN,Towers with Radar,44,31,11,0,86,0,2,40,0,42,44,33,51,0,128,26,0,26,154
08/07/2021,MHT,NH,ANE,EN,Towers with Radar,34,19,9,0,62,0,7,31,1,39,34,26,40,1,101,40,0,40,141
08/08/2021,MHT,NH,ANE,EN,Towers with Radar,39,16,16,0,71,0,3,27,0,30,39,19,43,0,101,28,0,28,129
08/09/2021,MHT,NH,ANE,EN,Towers with Radar,35,26,22,1,84,0,9,22,0,31,35,35,44,1,115,48,0,48,163
08/10/2021,MHT,NH,ANE,EN,Towers with Radar,45,48,27,2,122,0,3,6,0,9,45,51,33,2,131,0,0,0,131
08/11/2021,MHT,NH,ANE,EN,Towers with Radar,47,38,16,2,103,0,7,49,2,58,47,45,65,4,161,26,0,26,187
08/12/2021,MHT,NH,ANE,EN,Towers with Radar,46,40,18,3,107,0,4,46,2,52,46,44,64,5,159,48,0,48,207
08/13/2021,MHT,NH,ANE,EN,Towers with Radar,44,29,10,1,84,0,1,34,0,35,44,30,44,1,119,50,0,50,169
08/14/2021,MHT,NH,ANE,EN,Towers with Radar,33,15,15,0,63,0,8,102,0,110,33,23,117,0,173,62,0,62,235
08/15/2021,MHT,NH,ANE,EN,Towers with Radar,38,12,15,0,65,0,8,49,0,57,38,20,64,0,122,16,0,16,138
08/16/2021,MHT,NH,ANE,EN,Towers with Radar,38,34,19,0,91,0,7,68,0,75,38,41,87,0,166,38,0,38,204
08/17/2021,MHT,NH,ANE,EN,Towers with Radar,50,46,20,8,124,0,10,45,0,55,50,56,65,8,179,20,8,28,207
08/18/2021,MHT,NH,ANE,EN,Towers with Radar,50,49,12,1,112,0,7,35,4,46,50,56,47,5,158,28,0,28,186
08/19/2021,MHT,NH,ANE,EN,Towers with Radar,52,50,10,0,112,0,0,1,0,1,52,50,11,0,113,0,0,0,113
08/20/2021,MHT,NH,ANE,EN,Towers with Radar,46,42,26,2,116,0,7,22,0,29,46,49,48,2,145,32,0,32,177
08/21/2021,MHT,NH,ANE,EN,Towers with Radar,40,22,14,1,77,0,0,24,0,24,40,22,38,1,101,36,0,36,137
08/22/2021,MHT,NH,ANE,EN,Towers with Radar,40,5,3,0,48,0,0,0,0,0,40,5,3,0,48,0,0,0,48
08/23/2021,MHT,NH,ANE,EN,Towers with Radar,38,25,6,0,69,0,0,1,0,1,38,25,7,0,70,0,0,0,70
08/24/2021,MHT,NH,ANE,EN,Towers with Radar,47,41,20,0,108,0,10,33,0,43,47,51,53,0,151,28,0,28,179
08/25/2021,MHT,NH,ANE,EN,Towers with Radar,49,32,22,0,103,0,4,40,0,44,49,36,62,0,147,50,0,50,197
08/26/2021,MHT,NH,ANE,EN,Towers with Radar,52,37,14,0,103,0,7,65,0,72,52,44,79,0,175,20,0,20,195
08/27/2021,MHT,NH,ANE,EN,Towers with Radar,48,31,24,0,103,0,9,44,0,53,48,40,68,0,156,54,0,54,210
08/28/2021,MHT,NH,ANE,EN,Towers with Radar,39,21,11,0,71,0,11,18,0,29,39,32,29,0,100,12,0,12,112
08/29/2021,MHT,NH,ANE,EN,Towers with Radar,40,19,18,0,77,0,2,8,0,10,40,21,26,0,87,0,0,0,87
08/30/2021,MHT,NH,ANE,EN,Towers with Radar,34,27,18,2,81,0,3,14,0,17,34,30,32,2,98,32,0,32,130
08/31/2021,MHT,NH,ANE,EN,Towers with Radar,52,40,18,0,110,0,6,53,1,60,52,46,71,1,170,44,0,44,214
09/01/2021,MHT,NH,ANE,EN,Towers with Radar,47,31,28,0,106,0,0,36,0,36,47,31,64,0,142,6,0,6,148
09/02/2021,MHT,NH,ANE,EN,Towers with Radar,49,37,5,0,91,0,0,14,0,14,49,37,19,0,105,8,0,8,113
09/03/2021,MHT,NH,ANE,EN,Towers with Radar,48,27,7,0,82,0,7,49,0,56,48,34,56,0,138,10,0,10,148
09/04/2021,MHT,NH,ANE,EN,Towers with Radar,38,24,9,0,71,0,17,24,1,42,38,41,33,1,113,22,0,22,135
09/05/2021,MHT,NH,ANE,EN,Towers with Radar,33,15,6,0,54,0,3,8,0,11,33,18,14,0,65,22,0,22,87
09/06/2021,MHT,NH,ANE,EN,Towers with Radar,29,20,21,0,70,0,8,24,4,36,29,28,45,4,106,0,0,0,106
09/07/2021,MHT,NH,ANE,EN,Towers with Radar,30,41,19,0,90,0,6,31,0,37,30,47,50,0,127,40,0,40,167
09/08/2021,MHT,NH,ANE,EN,Towers with Radar,43,33,9,0,85,0,6,26,2,34,43,39,35,2,119,0,0,0,119
09/09/2021,MHT,NH,ANE,EN,Towers with Radar,48,37,10,0,95,0,0,0,0,0,48,37,10,0,95,0,0,0,95
09/10/2021,MHT,NH,ANE,EN,Towers with Radar,47,36,19,0,102,0,4,37,0,41,47,40,56,0,143,24,0,24,167
09/11/2021,MHT,NH,ANE,EN,Towers with Radar,36,21,8,0,65,0,8,27,0,35,36,29,35,0,100,12,0,12,112
09/12/2021,MHT,NH,ANE,EN,Towers with Radar,36,15,8,0,59,0,12,21,0,33,36,27,29,0,92,0,0,0,92
09/13/2021,MHT,NH,ANE,EN,Towers with Radar,35,27,9,5,76,0,7,25,1,33,35,34,34,6,109,18,10,28,137
09/14/2021,MHT,NH,ANE,EN,Towers with Radar,42,36,14,0,92,0,6,52,0,58,42,42,66,0,150,32,0,32,182
09/15/2021,MHT,NH,ANE,EN,Towers with Radar,41,37,12,0,90,0,2,1,0,3,41,39,13,0,93,0,0,0,93
09/16/2021,MHT,NH,ANE,EN,Towers with Radar,47,40,23,2,112,0,0,15,0,15,47,40,38,2,127,4,0,4,131
09/17/2021,MHT,NH,ANE,EN,Towers with Radar,47,28,25,0,100,0,0,1,0,1,47,28,26,0,101,0,0,0,101
09/18/2021,MHT,NH,ANE,EN,Towers with Radar,37,15,15,0,67,0,3,13,0,16,37,18,28,0,83,16,0,16,99
09/19/2021,MHT,NH,ANE,EN,Towers with Radar,37,18,15,0,70,0,15,50,4,69,37,33,65,4,139,30,0,30,169
09/20/2021,MHT,NH,ANE,EN,Towers with Radar,36,32,5,4,77,0,11,51,0,62,36,43,56,4,139,20,0,20,159
09/21/2021,MHT,NH,ANE,EN,Towers with Radar,39,41,16,4,100,0,5,29,0,34,39,46,45,4,134,52,0,52,186
09/22/2021,MHT,NH,ANE,EN,Towers with Radar,41,38,16,2,97,0,0,3,0,3,41,38,19,2,100,0,0,0,100
09/23/2021,MHT,NH,ANE,EN,Towers with Radar,45,42,12,0,99,0,3,5,0,8,45,45,17,0,107,8,0,8,115
09/24/2021,MHT,NH,ANE,EN,Towers with Radar,46,36,9,0,91,0,2,0,0,2,46,38,9,0,93,0,0,0,93
09/25/2021,MHT,NH,ANE,EN,Towers with Radar,36,30,9,0,75,0,5,22,0,27,36,35,31,0,102,12,0,12,114
09/26/2021,MHT,NH,ANE,EN,Towers with Radar,36,16,16,1,69,0,4,31,1,36,36,20,47,2,105,24,0,24,129
09/27/2021,MHT,NH,ANE,EN,Towers with Radar,37,31,15,1,84,0,4,42,1,47,37,35,57,2,131,34,0,34,165
09/28/2021,MHT,NH,ANE,EN,Towers with Radar,39,46,12,2,99,0,3,19,4,26,39,49,31,6,125,22,2,24,149
09/29/2021,MHT,NH,ANE,EN,Towers with Radar,38,44,32,2,116,0,4,72,2,78,38,48,104,4,194,60,0,60,254
09/30/2021,MHT,NH,ANE,EN,Towers with Radar,51,46,22,0,119,0,8,39,0,47,51,54,61,0,166,12,0,12,178
10/01/2021,MHT,NH,ANE,EN,Towers with Radar,47,29,23,4,103,0,8,52,0,60,47,37,75,4,163,8,0,8,171
10/02/2021,MHT,NH,ANE,EN,Towers with Radar,36,17,9,0,62,0,5,24,0,29,36,22,33,0,91,8,0,8,99
10/03/2021,MHT,NH,ANE,EN,Towers with Radar,35,14,19,0,68,0,0,2,0,2,35,14,21,0,70,0,0,0,70
10/04/2021,MHT,NH,ANE,EN,Towers with Radar,36,23,24,5,88,0,0,0,0,0,36,23,24,5,88,0,0,0,88
10/05/2021,MHT,NH,ANE,EN,Towers with Radar,44,44,13,0,101,0,4,21,0,25,44,48,34,0,126,52,0,52,178
10/06/2021,MHT,NH,ANE,EN,Towers with Radar,44,36,29,8,117,0,0,52,0,52,44,36,81,8,169,37,2,39,208
10/07/2021,MHT,NH,ANE,EN,Towers with Radar,54,47,22,1,124,0,6,35,4,45,54,53,57,5,169,0,0,0,169
10/08/2021,MHT,NH,ANE,EN,Towers with Radar,54,43,21,1,119,0,5,64,1,70,54,48,85,2,189,10,0,10,199
10/09/2021,MHT,NH,ANE,EN,Towers with Radar,40,21,20,0,81,0,10,11,0,21,40,31,31,0,102,0,0,0,102
10/10/2021,MHT,NH,ANE,EN,Towers with Radar,40,14,25,0,79,0,5,5,0,10,40,19,30,0,89,10,0,10,99
10/11/2021,MHT,NH,ANE,EN,Towers with Radar,45,29,23,0,97,0,3,24,0,27,45,32,47,0,124,0,0,0,124
10/12/2021,MHT,NH,ANE,EN,Towers with Radar,55,56,19,12,142,0,0,43,0,43,55,56,62,12,185,24,0,24,209
10/13/2021,MHT,NH,ANE,EN,Towers with Radar,54,44,20,10,128,0,5,35,0,40,54,49,55,10,168,16,0,16,184
10/14/2021,MHT,NH,ANE,EN,Towers with Radar,59,45,16,0,120,0,9,44,0,53,59,54,60,0,173,46,0,46,219
10/15/2021,MHT,NH,ANE,EN,Towers with Radar,53,42,29,0,124,0,0,9,0,9,53,42,38,0,133,4,0,4,137
10/16/2021,MHT,NH,ANE,EN,Towers with Radar,47,19,9,2,77,0,1,11,0,12,47,20,20,2,89,0,0,0,89
10/17/2021,MHT,NH,ANE,EN,Towers with Radar,48,21,20,0,89,0,7,38,0,45,48,28,58,0,134,40,0,40,174
10/18/2021,MHT,NH,ANE,EN,Towers with Radar,46,37,12,0,95,0,11,13,0,24,46,48,25,0,119,20,0,20,139
10/19/2021,MHT,NH,ANE,EN,Towers with Radar,52,45,9,4,110,0,7,23,0,30,52,52,32,4,140,22,0,22,162
10/20/2021,MHT,NH,ANE,EN,Towers with Radar,56,34,19,0,109,0,6,31,2,39,56,40,50,2,148,24,0,24,172
10/21/2021,MHT,NH,ANE,EN,Towers with Radar,55,34,25,0,114,0,6,49,0,55,55,40,74,0,169,22,0,22,191
10/22/2021,MHT,NH,ANE,EN,Towers with Radar,54,32,20,0,106,0,6,40,0,46,54,38,60,0,152,18,0,18,170
10/23/2021,MHT,NH,ANE,EN,Towers with Radar,45,17,23,0,85,0,11,29,0,40,45,28,52,0,125,38,0,38,163
10/24/2021,MHT,NH,ANE,EN,Towers with Radar,46,11,18,0,75,0,10,26,0,36,46,21,44,0,111,12,0,12,123
10/25/2021,MHT,NH,ANE,EN,Towers with Radar,43,29,15,0,87,0,0,0,0,0,43,29,15,0,87,0,0,0,87
10/26/2021,MHT,NH,ANE,EN,Towers with Radar,54,41,6,0,101,0,0,0,0,0,54,41,6,0,101,0,0,0,101
10/27/2021,MHT,NH,ANE,EN,Towers with Radar,54,45,6,0,105,0,0,2,0,2,54,45,8,0,107,6,0,6,113
10/28/2021,MHT,NH,ANE,EN,Towers with Radar,54,41,18,0,113,0,7,34,0,41,54,48,52,0,154,46,0,46,200
10/29/2021,MHT,NH,ANE,EN,Towers with Radar,54,25,21,0,100,0,2,24,0,26,54,27,45,0,126,20,0,20,146
10/30/2021,MHT,NH,ANE,EN,Towers with Radar,42,21,8,0,71,0,0,0,0,0,42,21,8,0,71,0,0,0,71
10/31/2021,MHT,NH,ANE,EN,Towers with Radar,38,12,21,0,71,0,6,9,0,15,38,18,30,0,86,0,0,0,86
11/01/2021,MHT,NH,ANE,EN,Towers with Radar,43,24,10,0,77,0,7,30,8,45,43,31,40,8,122,6,0,6,128
11/02/2021,MHT,NH,ANE,EN,Towers with Radar,49,34,12,15,110,0,9,33,8,50,49,43,45,23,160,28,0,28,188
11/03/2021,MHT,NH,ANE,EN,Towers with Radar,51,37,12,0,100,0,6,34,2,42,51,43,46,2,142,14,0,14,156
11/04/2021,MHT,NH,ANE,EN,Towers with Radar,52,35,8,8,103,0,7,28,0,35,52,42,36,8,138,12,0,12,150
11/05/2021,MHT,NH,ANE,EN,Towers with Radar,48,32,23,0,103,0,11,44,1,56,48,43,67,1,159,14,0,14,173
11/06/2021,MHT,NH,ANE,EN,Towers with Radar,39,15,2,0,56,0,9,29,2,40,39,24,31,2,96,22,12,34,130
11/07/2021,MHT,NH,ANE,EN,Towers with Radar,40,7,21,0,68,0,0,29,0,29,40,7,50,0,97,20,0,20,117
11/08/2021,MHT,NH,ANE,EN,Towers with Radar,38,28,22,0,88,0,7,26,2,35,38,35,48,2,123,18,0,18,141
11/09/2021,MHT,NH,ANE,EN,Towers with Radar,49,50,17,0,116,0,0,36,0,36,49,50,53,0,152,10,0,10,162
11/10/2021,MHT,NH,ANE,EN,Towers with Radar,50,44,17,0,111,0,8,24,3,35,50,52,41,3,146,56,0,56,202
11/11/2021,MHT,NH,ANE,EN,Towers with Radar,52,37,23,0,112,0,5,46,0,51,52,42,69,0,163,26,0,26,189
11/12/2021,MHT,NH,ANE,EN,Towers with Radar,47,30,11,0,88,0,1,0,0,1,47,31,11,0,89,4,0,4,93
11/13/2021,MHT,NH,ANE,EN,Towers with Radar,32,10,8,0,50,0,0,22,0,22,32,10,30,0,72,42,0,42,114
11/14/2021,MHT,NH,ANE,EN,Towers with Radar,42,6,9,3,60,0,7,10,3,20,42,13,19,6,80,8,0,8,88
11/15/2021,MHT,NH,ANE,EN,Towers with Radar,37,40,9,2,88,0,11,23,0,34,37,51,32,2,122,18,0,18,140
11/16/2021,MHT,NH,ANE,EN,Towers with Radar,52,29,5,5,91,0,4,12,2,18,52,33,17,7,109,2,0,2,111
11/17/2021,MHT,NH,ANE,EN,Towers with Radar,51,41,27,2,121,0,10,52,3,65,51,51,79,5,186,0,0,0,186
11/18/2021,MHT,NH,ANE,EN,Towers with Radar,55,46,21,0,122,0,8,24,0,32,55,54,45,0,154,16,0,16,170
11/19/2021,MHT,NH,ANE,EN,Towers with Radar,49,33,18,0,100,0,2,18,0,20,49,35,36,0,120,0,0,0,120
11/20/2021,MHT,NH,ANE,EN,Towers with Radar,40,10,15,0,65,0,2,55,0,57,40,12,70,0,122,64,0,64,186
11/21/2021,MHT,NH,ANE,EN,Towers with Radar,49,6,10,0,65,0,7,17,0,24,49,13,27,0,89,0,0,0,89
11/22/2021,MHT,NH,ANE,EN,Towers with Radar,48,28,21,1,98,0,4,9,0,13,48,32,30,1,111,6,0,6,117
11/23/2021,MHT,NH,ANE,EN,Towers with Radar,59,48,14,2,123,0,6,40,1,47,59,54,54,3,170,30,0,30,200
11/24/2021,MHT,NH,ANE,EN,Towers with Radar,60,43,16,0,119,0,7,38,0,45,60,50,54,0,164,6,0,6,170
11/25/2021,MHT,NH,ANE,EN,Towers with Radar,29,4,3,0,36,0,1,2,0,3,29,5,5,0,39,0,0,0,39
11/26/2021,MHT,NH,ANE,EN,Towers with Radar,47,20,4,0,71,0,4,3,0,7,47,24,7,0,78,0,0,0,78
11/27/2021,MHT,NH,ANE,EN,Towers with Radar,44,18,7,0,69,0,6,1,0,7,44,24,8,0,76,0,0,0,76
11/28/2021,MHT,NH,ANE,EN,Towers with Radar,43,14,13,0,70,0,6,25,0,31,43,20,38,0,101,0,0,0,101
11/29/2021,MHT,NH,ANE,EN,Towers with Radar,45,27,17,2,91,0,9,27,0,36,45,36,44,2,127,0,0,0,127
11/30/2021,MHT,NH,ANE,EN,Towers with Radar,63,36,13,0,112,0,2,27,0,29,63,38,40,0,141,8,0,8,149
12/01/2021,MHT,NH,ANE,EN,Towers with Radar,59,34,13,2,108,0,9,28,0,37,59,43,41,2,145,56,0,56,201
12/02/2021,MHT,NH,ANE,EN,Towers with Radar,60,37,7,1,105,0,1,1,1,3,60,38,8,2,108,0,0,0,108
12/03/2021,MHT,NH,ANE,EN,Towers with Radar,51,30,5,0,86,0,5,16,0,21,51,35,21,0,107,0,0,0,107
12/04/2021,MHT,NH,ANE,EN,Towers with Radar,35,17,19,0,71,0,4,44,0,48,35,21,63,0,119,16,0,16,135
12/05/2021,MHT,NH,ANE,EN,Towers with Radar,45,10,19,0,74,0,4,35,0,39,45,14,54,0,113,0,0,0,113
12/06/2021,MHT,NH,ANE,EN,Towers with Radar,43,29,9,0,81,0,0,0,0,0,43,29,9,0,81,0,0,0,81
12/07/2021,MHT,NH,ANE,EN,Towers with Radar,58,45,16,0,119,0,4,26,0,30,58,49,42,0,149,30,0,30,179
12/08/2021,MHT,NH,ANE,EN,Towers with Radar,56,38,19,0,113,0,1,5,0,6,56,39,24,0,119,26,0,26,145
12/09/2021,MHT,NH,ANE,EN,Towers with Radar,57,40,7,0,104,0,4,27,0,31,57,44,34,0,135,10,0,10,145
12/10/2021,MHT,NH,ANE,EN,Towers with Radar,50,37,22,0,109,0,3,16,0,19,50,40,38,0,128,52,0,52,180
12/11/2021,MHT,NH,ANE,EN,Towers with Radar,44,20,1,2,67,0,0,0,0,0,44,20,1,2,67,0,0,0,67
12/12/2021,MHT,NH,ANE,EN,Towers with Radar,43,16,10,0,69,0,2,16,0,18,43,18,26,0,87,2,0,2,89
12/13/2021,MHT,NH,ANE,EN,Towers with Radar,42,25,24,0,91,0,4,37,1,42,42,29,61,1,133,2,0,2,135
12/14/2021,MHT,NH,ANE,EN,Towers with Radar,55,40,26,1,122,0,7,54,0,61,55,47,80,1,183,0,0,0,183
12/15/2021,MHT,NH,ANE,EN,Towers with Radar,56,38,24,1,119,0,8,50,0,58,56,46,74,1,177,6,0,6,183
12/16/2021,MHT,NH,ANE,EN,Towers with Radar,64,44,20,0,128,0,5,7,0,12,64,49,27,0,140,4,0,4,144
12/17/2021,MHT,NH,ANE,EN,Towers with Radar,57,41,18,0,116,0,7,16,2,25,57,48,34,2,141,6,0,6,147
12/18/2021,MHT,NH,ANE,EN,Towers with Radar,55,25,12,0,92,0,1,4,0,5,55,26,16,0,97,0,0,0,97
12/19/2021,MHT,NH,ANE,EN,Towers with Radar,45,12,7,0,64,0,2,2,0,4,45,14,9,0,68,0,0,0,68
12/20/2021,MHT,NH,ANE,EN,Towers with Radar,47,28,10,0,85,0,7,24,0,31,47,35,34,0,116,0,0,0,116
12/21/2021,MHT,NH,ANE,EN,Towers with Radar,57,37,14,0,108,0,9,40,0,49,57,46,54,0,157,18,0,18,175
12/22/2021,MHT,NH,ANE,EN,Towers with Radar,58,40,8,0,106,0,2,7,0,9,58,42,15,0,115,0,0,0,115
12/23/2021,MHT,NH,ANE,EN,Towers with Radar,56,35,13,0,104,0,6,17,0,23,56,41,30,0,127,0,0,0,127
12/24/2021,MHT,NH,ANE,EN,Towers with Radar,46,21,4,0,71,0,4,0,0,4,46,25,4,0,75,0,0,0,75
12/25/2021,MHT,NH,ANE,EN,Towers with Radar,30,9,4,0,43,0,0,0,0,0,30,9,4,0,43,0,0,0,43
12/26/2021,MHT,NH,ANE,EN,Towers with Radar,37,17,6,0,60,0,0,0,0,0,37,17,6,0,60,0,0,0,60
12/27/2021,MHT,NH,ANE,EN,Towers with Radar,41,31,13,0,85,0,3,21,0,24,41,34,34,0,109,34,0,34,143
12/28/2021,MHT,NH,ANE,EN,Towers with Radar,58,44,16,5,123,0,5,5,1,11,58,49,21,6,134,0,0,0,134
12/29/2021,MHT,NH,ANE,EN,Towers with Radar,51,43,17,0,111,0,0,23,0,23,51,43,40,0,134,26,0,26,160
12/30/2021,MHT,NH,ANE,EN,Towers with Radar,52,44,4,0,100,0,0,0,0,0,52,44,4,0,100,0,0,0,100
12/31/2021,MHT,NH,ANE,EN,Towers with Radar,45,33,0,0,78,0,0,0,0,0,45,33,0,0,78,0,0,0,78
01/01/2022,MHT,NH,ANE,EN,Towers with Radar,28,8,3,0,39,0,0,0,0,0,28,8,3,0,39,0,0,0,39
01/02/2022,MHT,NH,ANE,EN,Towers with Radar,33,16,1,0,50,0,0,0,0,0,33,16,1,0,50,0,0,0,50
01/03/2022,MHT,NH,ANE,EN,Towers with Radar,37,19,17,0,73,0,5,32,0,37,37,24,49,0,110,24,0,24,134
01/04/2022,MHT,NH,ANE,EN,Towers with Radar,44,35,23,0,102,0,12,73,0,85,44,47,96,0,187,10,0,10,197
01/05/2022,MHT,NH,ANE,EN,Towers with Radar,41,31,10,0,82,0,2,0,0,2,41,33,10,0,84,0,0,0,84
01/06/2022,MHT,NH,ANE,EN,Towers with Radar,48,32,11,2,93,0,5,30,1,36,48,37,41,3,129,26,0,26,155
01/07/2022,MHT,NH,ANE,EN,Towers with Radar,48,20,7,4,79,0,3,0,0,3,48,23,7,4,82,0,0,0,82
01/08/2022,MHT,NH,ANE,EN,Towers with Radar,35,13,17,0,65,0,1,18,0,19,35,14,35,0,84,0,0,0,84
01/09/2022,MHT,NH,ANE,EN,Towers with Radar,46,6,9,0,61,0,1,0,0,1,46,7,9,0,62,0,0,0,62
01/10/2022,MHT,NH,ANE,EN,Towers with Radar,38,13,12,1,64,0,12,15,0,27,38,25,27,1,91,0,0,0,91
01/11/2022,MHT,NH,ANE,EN,Towers with Radar,53,36,17,0,106,0,10,9,0,19,53,46,26,0,125,0,0,0,125
01/12/2022,MHT,NH,ANE,EN,Towers with Radar,53,28,18,0,99,0,10,26,0,36,53,38,44,0,135,16,0,16,151
01/13/2022,MHT,NH,ANE,EN,Towers with Radar,50,28,29,0,107,0,6,42,1,49,50,34,71,1,156,32,0,32,188
01/14/2022,MHT,NH,ANE,EN,Towers with Radar,51,20,13,0,84,0,7,13,0,20,51,27,26,0,104,10,0,10,114
01/15/2022,MHT,NH,ANE,EN,Towers with Radar,34,7,4,0,45,0,5,2,0,7,34,12,6,0,52,0,0,0,52
01/16/2022,MHT,NH,ANE,EN,Towers with Radar,29,10,6,0,45,0,8,19,0,27,29,18,25,0,72,28,0,28,100
01/17/2022,MHT,NH,ANE,EN,Towers with Radar,29,16,5,0,50,0,2,3,0,5,29,18,8,0,55,0,0,0,55
01/18/2022,MHT,NH,ANE,EN,Towers with Radar,54,34,12,1,101,0,1,5,3,9,54,35,17,4,110,0,0,0,110
01/19/2022,MHT,NH,ANE,EN,Towers with Radar,46,27,11,0,84,0,7,20,0,27,46,34,31,0,111,22,0,22,133
01/20/2022,MHT,NH,ANE,EN,Towers with Radar,51,28,17,0,96,0,5,19,1,25,51,33,36,1,121,0,0,0,121
01/21/2022,MHT,NH,ANE,EN,Towers with Radar,50,21,17,8,96,0,9,29,2,40,50,30,46,10,136,20,0,20,156
01/22/2022,MHT,NH,ANE,EN,Towers with Radar,31,9,3,0,43,0,6,32,0,38,31,15,35,0,81,44,0,44,125
01/23/2022,MHT,NH,ANE,EN,Towers with Radar,41,8,15,0,64,0,6,24,0,30,41,14,39,0,94,24,0,24,118
01/24/2022,MHT,NH,ANE,EN,Towers with Radar,40,17,17,1,75,0,11,22,0,33,40,28,39,1,108,2,0,2,110
01/25/2022,MHT,NH,ANE,EN,Towers with Radar,53,28,13,1,95,0,2,20,2,24,53,30,33,3,119,26,0,26,145
01/26/2022,MHT,NH,ANE,EN,Towers with Radar,51,31,17,2,101,0,13,33,0,46,51,44,50,2,147,32,0,32,179
01/27/2022,MHT,NH,ANE,EN,Towers with Radar,55,33,13,0,101,0,5,29,0,34,55,38,42,0,135,20,0,20,155
01/28/2022,MHT,NH,ANE,EN,Towers with Radar,41,18,14,0,73,0,0,18,0,18,41,18,32,0,91,0,0,0,91
01/29/2022,MHT,NH,ANE,EN,Towers with Radar,0,0,0,0,0,0,0,0,0,0,0,0,0,0,0,0,0,0,0
01/30/2022,MHT,NH,ANE,EN,Towers with Radar,37,9,2,0,48,0,5,5,0,10,37,14,7,0,58,0,0,0,58
01/31/2022,MHT,NH,ANE,EN,Towers with Radar,45,28,11,0,84,0,4,22,0,26,45,32,33,0,110,52,0,52,162
02/01/2022,MHT,NH,ANE,EN,Towers with Radar,50,36,7,0,93,0,4,22,0,26,50,40,29,0,119,0,0,0,119
02/02/2022,MHT,NH,ANE,EN,Towers with Radar,51,29,13,5,98,0,1,5,0,6,51,30,18,5,104,32,6,38,142
02/03/2022,MHT,NH,ANE,EN,Towers with Radar,46,31,15,0,92,0,0,3,0,3,46,31,18,0,95,6,0,6,101
02/04/2022,MHT,NH,ANE,EN,Towers with Radar,19,5,2,0,26,0,0,0,0,0,19,5,2,0,26,0,0,0,26
02/05/2022,MHT,NH,ANE,EN,Towers with Radar,35,13,4,0,52,0,9,10,0,19,35,22,14,0,71,6,0,6,77
02/06/2022,MHT,NH,ANE,EN,Towers with Radar,39,6,5,0,50,0,3,16,0,19,39,9,21,0,69,16,0,16,85
02/07/2022,MHT,NH,ANE,EN,Towers with Radar,44,24,11,0,79,0,3,1,0,4,44,27,12,0,83,0,0,0,83
02/08/2022,MHT,NH,ANE,EN,Towers with Radar,50,43,5,1,99,0,2,6,0,8,50,45,11,1,107,0,0,0,107
02/09/2022,MHT,NH,ANE,EN,Towers with Radar,50,34,16,19,119,0,5,42,9,56,50,39,58,28,175,14,12,26,201
02/10/2022,MHT,NH,ANE,EN,Towers with Radar,53,29,13,2,97,0,2,22,0,24,53,31,35,2,121,6,0,6,127
02/11/2022,MHT,NH,ANE,EN,Towers with Radar,50,24,20,1,95,0,5,51,4,60,50,29,71,5,155,12,0,12,167
02/12/2022,MHT,NH,ANE,EN,Towers with Radar,35,13,5,0,53,0,6,13,0,19,35,19,18,0,72,0,0,0,72
02/13/2022,MHT,NH,ANE,EN,Towers with Radar,37,5,15,0,57,0,2,9,0,11,37,7,24,0,68,20,0,20,88
02/14/2022,MHT,NH,ANE,EN,Towers with Radar,44,22,2,0,68,0,11,7,0,18,44,33,9,0,86,0,0,0,86
02/15/2022,MHT,NH,ANE,EN,Towers with Radar,50,27,18,0,95,0,11,23,0,34,50,38,41,0,129,14,0,14,143
02/16/2022,MHT,NH,ANE,EN,Towers with Radar,54,37,15,0,106,0,9,33,0,42,54,46,48,0,148,22,0,22,170
02/17/2022,MHT,NH,ANE,EN,Towers with Radar,50,33,11,0,94,0,0,5,0,5,50,33,16,0,99,0,0,0,99
02/18/2022,MHT,NH,ANE,EN,Towers with Radar,54,22,6,6,88,0,2,3,2,7,54,24,9,8,95,30,0,30,125
02/19/2022,MHT,NH,ANE,EN,Towers with Radar,45,11,4,0,60,0,3,11,0,14,45,14,15,0,74,12,0,12,86
02/20/2022,MHT,NH,ANE,EN,Towers with Radar,42,9,21,0,72,0,6,38,0,44,42,15,59,0,116,82,0,82,198
02/21/2022,MHT,NH,ANE,EN,Towers with Radar,44,16,22,0,82,0,5,58,0,63,44,21,80,0,145,44,0,44,189
02/22/2022,MHT,NH,ANE,EN,Towers with Radar,48,27,14,2,91,0,1,1,0,2,48,28,15,2,93,0,0,0,93
02/23/2022,MHT,NH,ANE,EN,Towers with Radar,55,34,15,2,106,0,5,17,1,23,55,39,32,3,129,16,24,40,169
02/24/2022,MHT,NH,ANE,EN,Towers with Radar,47,36,19,0,102,0,10,43,0,53,47,46,62,0,155,18,0,18,173
02/25/2022,MHT,NH,ANE,EN,Towers with Radar,30,14,6,0,50,0,1,0,0,1,30,15,6,0,51,0,0,0,51
02/26/2022,MHT,NH,ANE,EN,Towers with Radar,47,18,10,0,75,0,9,22,0,31,47,27,32,0,106,16,0,16,122
02/27/2022,MHT,NH,ANE,EN,Towers with Radar,43,6,8,0,57,0,2,13,0,15,43,8,21,0,72,26,0,26,98
02/28/2022,MHT,NH,ANE,EN,Towers with Radar,43,23,4,0,70,0,8,17,1,26,43,31,21,1,96,8,0,8,104
03/01/2022,MHT,NH,ANE,EN,Towers with Radar,54,32,14,0,100,0,4,33,2,39,54,36,47,2,139,0,0,0,139
03/02/2022,MHT,NH,ANE,EN,Towers with Radar,54,30,22,1,107,0,3,29,0,32,54,33,51,1,139,0,0,0,139
03/03/2022,MHT,NH,ANE,EN,Towers with Radar,54,34,10,4,102,0,6,16,0,22,54,40,26,4,124,0,0,0,124
03/04/2022,MHT,NH,ANE,EN,Towers with Radar,47,28,21,0,96,0,10,43,0,53,47,38,64,0,149,16,0,16,165
03/05/2022,MHT,NH,ANE,EN,Towers with Radar,42,17,23,3,85,0,4,43,5,52,42,21,66,8,137,14,0,14,151
03/06/2022,MHT,NH,ANE,EN,Towers with Radar,41,12,12,0,65,0,0,6,0,6,41,12,18,0,71,14,0,14,85
03/07/2022,MHT,NH,ANE,EN,Towers with Radar,44,19,5,0,68,0,0,8,0,8,44,19,13,0,76,0,0,0,76
03/08/2022,MHT,NH,ANE,EN,Towers with Radar,53,39,14,2,108,0,5,7,5,17,53,44,21,7,125,0,0,0,125
03/09/2022,MHT,NH,ANE,EN,Towers with Radar,47,29,19,0,95,0,0,16,0,16,47,29,35,0,111,0,0,0,111
03/10/2022,MHT,NH,ANE,EN,Towers with Radar,50,36,16,4,106,0,8,35,0,43,50,44,51,4,149,20,0,20,169
03/11/2022,MHT,NH,ANE,EN,Towers with Radar,48,26,23,0,97,0,1,40,0,41,48,27,63,0,138,4,0,4,142
03/12/2022,MHT,NH,ANE,EN,Towers with Radar,34,18,3,0,55,0,0,0,0,0,34,18,3,0,55,0,0,0,55
03/13/2022,MHT,NH,ANE,EN,Towers with Radar,41,6,11,0,58,0,2,7,0,9,41,8,18,0,67,0,0,0,67
03/14/2022,MHT,NH,ANE,EN,Towers with Radar,41,14,11,0,66,0,3,23,0,26,41,17,34,0,92,18,0,18,110
03/15/2022,MHT,NH,ANE,EN,Towers with Radar,48,31,12,0,91,0,2,19,0,21,48,33,31,0,112,12,0,12,124
03/16/2022,MHT,NH,ANE,EN,Towers with Radar,48,30,17,10,105,0,1,26,0,27,48,31,43,10,132,70,0,70,202
03/17/2022,MHT,NH,ANE,EN,Towers with Radar,58,43,19,0,120,0,1,6,0,7,58,44,25,0,127,0,0,0,127
03/18/2022,MHT,NH,ANE,EN,Towers with Radar,47,28,15,0,90,0,5,34,0,39,47,33,49,0,129,60,0,60,189
03/19/2022,MHT,NH,ANE,EN,Towers with Radar,36,10,12,0,58,0,1,0,0,1,36,11,12,0,59,0,0,0,59
03/20/2022,MHT,NH,ANE,EN,Towers with Radar,43,8,18,0,69,0,0,12,0,12,43,8,30,0,81,16,0,16,97
03/21/2022,MHT,NH,ANE,EN,Towers with Radar,42,18,11,0,71,0,3,20,0,23,42,21,31,0,94,0,0,0,94
03/22/2022,MHT,NH,ANE,EN,Towers with Radar,51,38,18,6,113,0,1,11,2,14,51,39,29,8,127,16,0,16,143
03/23/2022,MHT,NH,ANE,EN,Towers with Radar,49,29,33,0,111,0,2,67,0,69,49,31,100,0,180,28,0,28,208
03/24/2022,MHT,NH,ANE,EN,Towers with Radar,52,26,10,0,88,0,0,0,0,0,52,26,10,0,88,0,0,0,88
03/25/2022,MHT,NH,ANE,EN,Towers with Radar,49,23,27,0,99,0,2,20,2,24,49,25,47,2,123,12,0,12,135
03/26/2022,MHT,NH,ANE,EN,Towers with Radar,34,10,12,0,56,0,2,36,0,38,34,12,48,0,94,20,0,20,114
03/27/2022,MHT,NH,ANE,EN,Towers with Radar,32,10,16,0,58,0,1,19,0,20,32,11,35,0,78,38,0,38,116
03/28/2022,MHT,NH,ANE,EN,Towers with Radar,43,20,16,0,79,0,0,9,0,9,43,20,25,0,88,0,0,0,88
03/29/2022,MHT,NH,ANE,EN,Towers with Radar,48,33,9,1,91,0,1,19,1,21,48,34,28,2,112,0,0,0,112
03/30/2022,MHT,NH,ANE,EN,Towers with Radar,48,30,21,0,99,0,3,52,0,55,48,33,73,0,154,20,0,20,174
03/31/2022,MHT,NH,ANE,EN,Towers with Radar,47,35,10,0,92,0,0,0,0,0,47,35,10,0,92,0,0,0,92
04/01/2022,MHT,NH,ANE,EN,Towers with Radar,45,17,6,0,68,0,1,16,1,18,45,18,22,1,86,24,0,24,110
04/02/2022,MHT,NH,ANE,EN,Towers with Radar,30,9,12,0,51,0,4,21,0,25,30,13,33,0,76,0,0,0,76
04/03/2022,MHT,NH,ANE,EN,Towers with Radar,28,15,16,0,59,0,0,20,0,20,28,15,36,0,79,0,0,0,79
04/04/2022,MHT,NH,ANE,EN,Towers with Radar,38,23,11,0,72,0,0,19,2,21,38,23,30,2,93,0,0,0,93
04/05/2022,MHT,NH,ANE,EN,Towers with Radar,41,29,27,4,101,0,0,45,0,45,41,29,72,4,146,34,0,34,180
04/06/2022,MHT,NH,ANE,EN,Towers with Radar,44,33,12,0,89,0,1,17,0,18,44,34,29,0,107,10,0,10,117
04/07/2022,MHT,NH,ANE,EN,Towers with Radar,38,35,9,0,82,0,4,6,0,10,38,39,15,0,92,16,0,16,108
04/08/2022,MHT,NH,ANE,EN,Towers with Radar,45,25,11,0,81,0,4,8,0,12,45,29,19,0,93,0,0,0,93
04/09/2022,MHT,NH,ANE,EN,Towers with Radar,33,17,12,0,62,0,1,13,0,14,33,18,25,0,76,50,0,50,126
04/10/2022,MHT,NH,ANE,EN,Towers with Radar,35,9,9,2,55,0,2,15,0,17,35,11,24,2,72,0,0,0,72
04/11/2022,MHT,NH,ANE,EN,Towers with Radar,36,22,19,0,77,0,7,54,0,61,36,29,73,0,138,18,0,18,156
04/12/2022,MHT,NH,ANE,EN,Towers with Radar,44,28,7,9,88,0,7,13,0,20,44,35,20,9,108,10,0,10,118
04/13/2022,MHT,NH,ANE,EN,Towers with Radar,44,28,23,0,95,0,0,41,0,41,44,28,64,0,136,10,0,10,146
04/14/2022,MHT,NH,ANE,EN,Towers with Radar,51,29,25,0,105,0,0,0,0,0,51,29,25,0,105,0,0,0,105
04/15/2022,MHT,NH,ANE,EN,Towers with Radar,45,20,15,2,82,0,3,35,0,38,45,23,50,2,120,8,0,8,128
04/16/2022,MHT,NH,ANE,EN,Towers with Radar,38,10,7,0,55,0,0,13,0,13,38,10,20,0,68,8,0,8,76
04/17/2022,MHT,NH,ANE,EN,Towers with Radar,31,7,4,0,42,0,1,12,0,13,31,8,16,0,55,0,0,0,55
04/18/2022,MHT,NH,ANE,EN,Towers with Radar,35,17,25,3,80,0,1,54,1,56,35,18,79,4,136,28,0,28,164
04/19/2022,MHT,NH,ANE,EN,Towers with Radar,49,25,14,0,88,0,0,1,0,1,49,25,15,0,89,0,0,0,89
04/20/2022,MHT,NH,ANE,EN,Towers with Radar,51,32,7,16,106,0,1,9,0,10,51,33,16,16,116,8,0,8,124
04/21/2022,MHT,NH,ANE,EN,Towers with Radar,52,27,13,6,98,0,2,34,0,36,52,29,47,6,134,40,10,50,184
04/22/2022,MHT,NH,ANE,EN,Towers with Radar,49,25,9,0,83,0,0,19,0,19,49,25,28,0,102,0,0,0,102
04/23/2022,MHT,NH,ANE,EN,Towers with Radar,39,11,21,0,71,0,0,42,0,42,39,11,63,0,113,50,0,50,163
04/24/2022,MHT,NH,ANE,EN,Towers with Radar,40,8,18,0,66,0,6,35,0,41,40,14,53,0,107,50,0,50,157
04/25/2022,MHT,NH,ANE,EN,Towers with Radar,40,16,4,7,67,0,1,40,6,47,40,17,44,13,114,30,8,38,152
04/26/2022,MHT,NH,ANE,EN,Towers with Radar,54,30,16,7,107,0,0,18,0,18,54,30,34,7,125,12,0,12,137
04/27/2022,MHT,NH,ANE,EN,Towers with Radar,53,31,19,0,103,0,2,37,1,40,53,33,56,1,143,0,0,0,143
04/28/2022,MHT,NH,ANE,EN,Towers with Radar,53,42,11,0,106,0,5,13,0,18,53,47,24,0,124,0,0,0,124
04/29/2022,MHT,NH,ANE,EN,Towers with Radar,49,32,15,0,96,0,3,9,0,12,49,35,24,0,108,0,0,0,108
04/30/2022,MHT,NH,ANE,EN,Towers with Radar,46,23,14,0,83,0,2,39,0,41,46,25,53,0,124,30,0,30,154
05/01/2022,MHT,NH,ANE,EN,Towers with Radar,39,9,16,0,64,0,6,33,0,39,39,15,49,0,103,6,0,6,109
05/02/2022,MHT,NH,ANE,EN,Towers with Radar,40,17,21,0,78,0,1,38,3,42,40,18,59,3,120,56,0,56,176
05/03/2022,MHT,NH,ANE,EN,Towers with Radar,50,28,20,0,98,0,0,8,0,8,50,28,28,0,106,0,0,0,106
05/04/2022,MHT,NH,ANE,EN,Towers with Radar,47,28,24,0,99,0,0,0,0,0,47,28,24,0,99,0,0,0,99
05/05/2022,MHT,NH,ANE,EN,Towers with Radar,47,27,24,4,102,0,3,38,0,41,47,30,62,4,143,8,0,8,151
05/06/2022,MHT,NH,ANE,EN,Towers with Radar,43,21,25,0,89,0,0,40,2,42,43,21,65,2,131,42,0,42,173
05/07/2022,MHT,NH,ANE,EN,Towers with Radar,41,13,19,0,73,0,1,25,0,26,41,14,44,0,99,48,0,48,147
05/08/2022,MHT,NH,ANE,EN,Towers with Radar,38,5,9,0,52,0,2,22,0,24,38,7,31,0,76,6,0,6,82
05/09/2022,MHT,NH,ANE,EN,Towers with Radar,40,13,15,4,72,0,3,20,0,23,40,16,35,4,95,8,0,8,103
05/10/2022,MHT,NH,ANE,EN,Towers with Radar,47,31,15,19,112,0,0,73,0,73,47,31,88,19,185,44,0,44,229
05/11/2022,MHT,NH,ANE,EN,Towers with Radar,46,28,18,0,92,0,0,41,0,41,46,28,59,0,133,17,0,17,150
05/12/2022,MHT,NH,ANE,EN,Towers with Radar,53,26,27,1,107,0,0,34,1,35,53,26,61,2,142,62,0,62,204
05/13/2022,MHT,NH,ANE,EN,Towers with Radar,47,19,47,0,113,0,1,41,1,43,47,20,88,1,156,10,0,10,166
05/14/2022,MHT,NH,ANE,EN,Towers with Radar,42,10,11,0,63,0,6,28,1,35,42,16,39,1,98,48,0,48,146
05/15/2022,MHT,NH,ANE,EN,Towers with Radar,39,5,14,2,60,0,0,4,1,5,39,5,18,3,65,16,0,16,81
05/16/2022,MHT,NH,ANE,EN,Towers with Radar,37,15,27,6,85,0,0,6,3,9,37,15,33,9,94,14,18,32,126
05/17/2022,MHT,NH,ANE,EN,Towers with Radar,44,31,22,6,103,0,0,27,0,27,44,31,49,6,130,0,0,0,130
05/18/2022,MHT,NH,ANE,EN,Towers with Radar,46,27,8,7,88,0,4,32,1,37,46,31,40,8,125,12,0,12,137
05/19/2022,MHT,NH,ANE,EN,Towers with Radar,51,34,23,0,108,0,0,13,0,13,51,34,36,0,121,4,0,4,125
05/20/2022,MHT,NH,ANE,EN,Towers with Radar,46,26,23,0,95,0,4,17,0,21,46,30,40,0,116,0,0,0,116
05/21/2022,MHT,NH,ANE,EN,Towers with Radar,41,11,8,0,60,0,4,12,0,16,41,15,20,0,76,0,0,0,76
05/22/2022,MHT,NH,ANE,EN,Towers with Radar,39,10,5,0,54,0,2,12,0,14,39,12,17,0,68,0,0,0,68
05/23/2022,MHT,NH,ANE,EN,Towers with Radar,39,18,14,0,71,0,5,29,0,34,39,23,43,0,105,28,0,28,133
05/24/2022,MHT,NH,ANE,EN,Towers with Radar,41,32,22,0,95,0,7,46,1,54,41,39,68,1,149,40,0,40,189
05/25/2022,MHT,NH,ANE,EN,Towers with Radar,49,33,20,0,102,0,0,40,2,42,49,33,60,2,144,0,0,0,144
05/26/2022,MHT,NH,ANE,EN,Towers with Radar,50,30,28,4,112,0,4,44,0,48,50,34,72,4,160,20,0,20,180
05/27/2022,MHT,NH,ANE,EN,Towers with Radar,42,24,32,0,98,0,3,9,0,12,42,27,41,0,110,22,0,22,132
05/28/2022,MHT,NH,ANE,EN,Towers with Radar,41,11,14,0,66,0,1,1,0,2,41,12,15,0,68,0,0,0,68
05/29/2022,MHT,NH,ANE,EN,Towers with Radar,33,4,4,0,41,0,11,23,0,34,33,15,27,0,75,4,0,4,79
05/30/2022,MHT,NH,ANE,EN,Towers with Radar,37,10,11,0,58,0,6,33,0,39,37,16,44,0,97,8,0,8,105
05/31/2022,MHT,NH,ANE,EN,Towers with Radar,38,26,23,2,89,0,5,38,0,43,38,31,61,2,132,0,0,0,132
06/01/2022,MHT,NH,ANE,EN,Towers with Radar,45,25,11,0,81,0,0,8,0,8,45,25,19,0,89,18,0,18,107
06/02/2022,MHT,NH,ANE,EN,Towers with Radar,46,29,23,0,98,0,0,5,0,5,46,29,28,0,103,0,0,0,103
06/03/2022,MHT,NH,ANE,EN,Towers with Radar,52,39,31,0,122,0,0,2,0,2,52,39,33,0,124,0,0,0,124
06/04/2022,MHT,NH,ANE,EN,Towers with Radar,44,17,4,4,69,0,1,25,0,26,44,18,29,4,95,42,0,42,137
06/05/2022,MHT,NH,ANE,EN,Towers with Radar,42,16,15,0,73,0,1,22,0,23,42,17,37,0,96,0,0,0,96
06/06/2022,MHT,NH,ANE,EN,Towers with Radar,48,25,13,0,86,0,3,49,0,52,48,28,62,0,138,20,0,20,158
06/07/2022,MHT,NH,ANE,EN,Towers with Radar,53,31,17,0,101,0,3,57,0,60,53,34,74,0,161,26,0,26,187
06/08/2022,MHT,NH,ANE,EN,Towers with Radar,60,37,26,0,123,0,1,40,2,43,60,38,66,2,166,28,0,28,194
06/09/2022,MHT,NH,ANE,EN,Towers with Radar,56,39,19,5,119,0,0,3,5,8,56,39,22,10,127,0,20,20,147
06/10/2022,MHT,NH,ANE,EN,Towers with Radar,54,28,20,0,102,0,3,38,0,41,54,31,58,0,143,36,0,36,179
06/11/2022,MHT,NH,ANE,EN,Towers with Radar,43,18,11,2,74,0,2,33,2,37,43,20,44,4,111,30,0,30,141
06/12/2022,MHT,NH,ANE,EN,Towers with Radar,39,16,11,4,70,0,3,17,1,21,39,19,28,5,91,22,0,22,113
06/13/2022,MHT,NH,ANE,EN,Towers with Radar,46,23,13,0,82,0,2,23,0,25,46,25,36,0,107,2,0,2,109
06/14/2022,MHT,NH,ANE,EN,Towers with Radar,54,32,12,1,99,0,5,39,1,45,54,37,51,2,144,12,0,12,156
06/15/2022,MHT,NH,ANE,EN,Towers with Radar,56,28,28,0,112,0,4,52,0,56,56,32,80,0,168,92,0,92,260
06/16/2022,MHT,NH,ANE,EN,Towers with Radar,58,40,15,0,113,0,1,22,0,23,58,41,37,0,136,16,0,16,152
06/17/2022,MHT,NH,ANE,EN,Towers with Radar,50,27,14,0,91,0,5,16,0,21,50,32,30,0,112,10,0,10,122
06/18/2022,MHT,NH,ANE,EN,Towers with Radar,45,13,7,0,65,0,1,8,0,9,45,14,15,0,74,0,0,0,74
06/19/2022,MHT,NH,ANE,EN,Towers with Radar,45,14,10,0,69,0,2,13,0,15,45,16,23,0,84,0,0,0,84
06/20/2022,MHT,NH,ANE,EN,Towers with Radar,44,18,10,0,72,0,3,44,0,47,44,21,54,0,119,0,0,0,119
06/21/2022,MHT,NH,ANE,EN,Towers with Radar,57,31,18,0,106,0,0,59,0,59,57,31,77,0,165,16,0,16,181
06/22/2022,MHT,NH,ANE,EN,Towers with Radar,49,29,32,0,110,0,3,21,0,24,49,32,53,0,134,12,0,12,146
06/23/2022,MHT,NH,ANE,EN,Towers with Radar,61,34,19,0,114,0,0,24,0,24,61,34,43,0,138,0,0,0,138
06/24/2022,MHT,NH,ANE,EN,Towers with Radar,57,28,33,0,118,0,5,26,0,31,57,33,59,0,149,38,0,38,187
06/25/2022,MHT,NH,ANE,EN,Towers with Radar,41,15,10,0,66,0,7,50,0,57,41,22,60,0,123,28,0,28,151
06/26/2022,MHT,NH,ANE,EN,Towers with Radar,43,8,9,0,60,0,0,26,0,26,43,8,35,0,86,12,0,12,98
06/27/2022,MHT,NH,ANE,EN,Towers with Radar,47,25,14,3,89,0,2,11,1,14,47,27,25,4,103,0,0,0,103
06/28/2022,MHT,NH,ANE,EN,Towers with Radar,56,32,21,2,111,0,4,46,1,51,56,36,67,3,162,26,0,26,188
06/29/2022,MHT,NH,ANE,EN,Towers with Radar,55,28,13,0,96,0,3,39,0,42,55,31,52,0,138,0,0,0,138
06/30/2022,MHT,NH,ANE,EN,Towers with Radar,55,26,7,0,88,0,3,35,0,38,55,29,42,0,126,0,0,0,126
07/01/2022,MHT,NH,ANE,EN,Towers with Radar,52,25,12,0,89,0,7,36,1,44,52,32,48,1,133,28,0,28,161
07/02/2022,MHT,NH,ANE,EN,Towers with Radar,41,14,5,0,60,0,1,11,0,12,41,15,16,0,72,6,0,6,78
07/03/2022,MHT,NH,ANE,EN,Towers with Radar,41,7,3,0,51,0,5,11,0,16,41,12,14,0,67,0,0,0,67
07/04/2022,MHT,NH,ANE,EN,Towers with Radar,40,13,7,0,60,0,2,10,0,12,40,15,17,0,72,0,0,0,72
07/05/2022,MHT,NH,ANE,EN,Towers with Radar,48,27,11,0,86,0,1,12,0,13,48,28,23,0,99,48,0,48,147
07/06/2022,MHT,NH,ANE,EN,Towers with Radar,56,29,22,2,109,0,0,22,0,22,56,29,44,2,131,0,0,0,131
07/07/2022,MHT,NH,ANE,EN,Towers with Radar,54,30,23,0,107,0,1,65,0,66,54,31,88,0,173,32,0,32,205
07/08/2022,MHT,NH,ANE,EN,Towers with Radar,55,22,12,0,89,0,3,41,0,44,55,25,53,0,133,8,0,8,141
07/09/2022,MHT,NH,ANE,EN,Towers with Radar,40,16,4,0,60,0,2,31,0,33,40,18,35,0,93,56,0,56,149
07/10/2022,MHT,NH,ANE,EN,Towers with Radar,44,12,13,0,69,0,2,33,0,35,44,14,46,0,104,6,0,6,110
07/11/2022,MHT,NH,ANE,EN,Towers with Radar,46,19,7,0,72,0,3,22,0,25,46,22,29,0,97,48,0,48,145
07/12/2022,MHT,NH,ANE,EN,Towers with Radar,56,30,10,0,96,0,0,19,0,19,56,30,29,0,115,30,0,30,145
07/13/2022,MHT,NH,ANE,EN,Towers with Radar,56,37,18,0,111,0,2,34,0,36,56,39,52,0,147,12,0,12,159
07/14/2022,MHT,NH,ANE,EN,Towers with Radar,57,33,24,0,114,0,2,39,0,41,57,35,63,0,155,19,0,19,174
07/15/2022,MHT,NH,ANE,EN,Towers with Radar,53,38,26,6,123,0,2,53,1,56,53,40,79,7,179,20,0,20,199
07/16/2022,MHT,NH,ANE,EN,Towers with Radar,39,22,13,0,74,0,6,25,1,32,39,28,38,1,106,36,0,36,142
07/17/2022,MHT,NH,ANE,EN,Towers with Radar,46,21,25,0,92,0,3,16,0,19,46,24,41,0,111,0,0,0,111
07/18/2022,MHT,NH,ANE,EN,Towers with Radar,46,20,15,0,81,0,1,26,0,27,46,21,41,0,108,18,0,18,126
07/19/2022,MHT,NH,ANE,EN,Towers with Radar,59,30,17,0,106,0,4,34,0,38,59,34,51,0,144,10,0,10,154
07/20/2022,MHT,NH,ANE,EN,Towers with Radar,56,26,15,0,97,0,2,56,0,58,56,28,71,0,155,10,0,10,165
07/21/2022,MHT,NH,ANE,EN,Towers with Radar,55,35,13,0,103,0,3,23,0,26,55,38,36,0,129,0,0,0,129
07/22/2022,MHT,NH,ANE,EN,Towers with Radar,56,27,17,0,100,0,3,32,2,37,56,30,49,2,137,8,0,8,145
07/23/2022,MHT,NH,ANE,EN,Towers with Radar,41,17,6,0,64,0,8,27,1,36,41,25,33,1,100,32,0,32,132
07/24/2022,MHT,NH,ANE,EN,Towers with Radar,47,17,10,0,74,0,2,11,0,13,47,19,21,0,87,16,0,16,103
07/25/2022,MHT,NH,ANE,EN,Towers with Radar,49,25,9,0,83,0,8,6,0,14,49,33,15,0,97,0,0,0,97
07/26/2022,MHT,NH,ANE,EN,Towers with Radar,58,36,21,1,116,0,6,39,1,46,58,42,60,2,162,0,0,0,162
07/27/2022,MHT,NH,ANE,EN,Towers with Radar,57,36,18,0,111,0,2,55,0,57,57,38,73,0,168,78,0,78,246
07/28/2022,MHT,NH,ANE,EN,Towers with Radar,57,32,29,0,118,0,1,28,0,29,57,33,57,0,147,14,0,14,161
07/29/2022,MHT,NH,ANE,EN,Towers with Radar,56,30,11,0,97,0,4,32,0,36,56,34,43,0,133,42,0,42,175
07/30/2022,MHT,NH,ANE,EN,Towers with Radar,40,15,14,0,69,0,9,28,1,38,40,24,42,1,107,28,0,28,135
07/31/2022,MHT,NH,ANE,EN,Towers with Radar,43,10,9,0,62,0,2,33,0,35,43,12,42,0,97,26,0,26,123
08/01/2022,MHT,NH,ANE,EN,Towers with Radar,48,23,15,0,86,0,1,37,0,38,48,24,52,0,124,44,0,44,168
08/02/2022,MHT,NH,ANE,EN,Towers with Radar,58,29,13,4,104,0,2,23,0,25,58,31,36,4,129,0,0,0,129
08/03/2022,MHT,NH,ANE,EN,Towers with Radar,52,36,29,0,117,0,8,48,0,56,52,44,77,0,173,18,0,18,191
08/04/2022,MHT,NH,ANE,EN,Towers with Radar,48,35,14,1,98,0,0,38,3,41,48,35,52,4,139,94,0,94,233
08/05/2022,MHT,NH,ANE,EN,Towers with Radar,52,26,13,0,91,0,1,34,0,35,52,27,47,0,126,12,0,12,138
08/06/2022,MHT,NH,ANE,EN,Towers with Radar,38,19,17,0,74,0,3,15,0,18,38,22,32,0,92,0,0,0,92
08/07/2022,MHT,NH,ANE,EN,Towers with Radar,43,8,4,0,55,0,7,14,0,21,43,15,18,0,76,18,0,18,94
08/08/2022,MHT,NH,ANE,EN,Towers with Radar,44,18,18,5,85,0,2,18,2,22,44,20,36,7,107,8,20,28,135
08/09/2022,MHT,NH,ANE,EN,Towers with Radar,55,29,13,0,97,0,2,20,0,22,55,31,33,0,119,0,0,0,119
08/10/2022,MHT,NH,ANE,EN,Towers with Radar,56,26,37,0,119,0,1,11,0,12,56,27,48,0,131,0,0,0,131
08/11/2022,MHT,NH,ANE,EN,Towers with Radar,55,30,31,0,116,0,1,22,0,23,55,31,53,0,139,0,0,0,139
08/12/2022,MHT,NH,ANE,EN,Towers with Radar,54,26,12,0,92,0,1,35,0,36,54,27,47,0,128,80,0,80,208
08/13/2022,MHT,NH,ANE,EN,Towers with Radar,43,14,19,0,76,0,3,101,0,104,43,17,120,0,180,24,0,24,204
08/14/2022,MHT,NH,ANE,EN,Towers with Radar,44,12,11,0,67,0,8,23,0,31,44,20,34,0,98,20,0,20,118
08/15/2022,MHT,NH,ANE,EN,Towers with Radar,46,19,19,1,85,0,3,19,3,25,46,22,38,4,110,0,0,0,110
08/16/2022,MHT,NH,ANE,EN,Towers with Radar,56,27,21,0,104,0,5,31,0,36,56,32,52,0,140,18,0,18,158
08/17/2022,MHT,NH,ANE,EN,Towers with Radar,55,35,13,0,103,0,1,24,0,25,55,36,37,0,128,18,0,18,146
08/18/2022,MHT,NH,ANE,EN,Towers with Radar,58,31,22,0,111,0,5,28,2,35,58,36,50,2,146,14,0,14,160
08/19/2022,MHT,NH,ANE,EN,Towers with Radar,60,26,14,0,100,0,3,29,0,32,60,29,43,0,132,38,0,38,170
08/20/2022,MHT,NH,ANE,EN,Towers with Radar,41,10,13,0,64,0,7,21,0,28,41,17,34,0,92,22,0,22,114
08/21/2022,MHT,NH,ANE,EN,Towers with Radar,44,6,11,0,61,0,5,7,0,12,44,11,18,0,73,10,0,10,83
08/22/2022,MHT,NH,ANE,EN,Towers with Radar,51,19,35,0,105,0,0,3,0,3,51,19,38,0,108,0,0,0,108
08/23/2022,MHT,NH,ANE,EN,Towers with Radar,57,31,11,5,104,0,0,1,0,1,57,31,12,5,105,0,0,0,105
08/24/2022,MHT,NH,ANE,EN,Towers with Radar,63,36,18,5,122,0,6,27,2,35,63,42,45,7,157,14,0,14,171
08/25/2022,MHT,NH,ANE,EN,Towers with Radar,60,31,32,10,133,0,4,66,0,70,60,35,98,10,203,34,0,34,237
08/26/2022,MHT,NH,ANE,EN,Towers with Radar,59,31,28,0,118,0,0,18,0,18,59,31,46,0,136,0,0,0,136
08/27/2022,MHT,NH,ANE,EN,Towers with Radar,43,11,18,0,72,0,6,27,0,33,43,17,45,0,105,0,0,0,105
08/28/2022,MHT,NH,ANE,EN,Towers with Radar,44,8,23,0,75,0,3,15,0,18,44,11,38,0,93,8,0,8,101
08/29/2022,MHT,NH,ANE,EN,Towers with Radar,43,17,19,0,79,0,5,26,0,31,43,22,45,0,110,10,0,10,120
08/30/2022,MHT,NH,ANE,EN,Towers with Radar,55,29,20,2,106,0,5,36,0,41,55,34,56,2,147,16,0,16,163
08/31/2022,MHT,NH,ANE,EN,Towers with Radar,58,30,20,7,115,0,4,31,1,36,58,34,51,8,151,34,8,42,193
09/01/2022,MHT,NH,ANE,EN,Towers with Radar,58,27,16,5,106,0,5,25,0,30,58,32,41,5,136,14,0,14,150
09/02/2022,MHT,NH,ANE,EN,Towers with Radar,59,24,23,0,106,0,6,32,0,38,59,30,55,0,144,26,0,26,170
09/03/2022,MHT,NH,ANE,EN,Towers with Radar,39,8,14,0,61,0,3,43,0,46,39,11,57,0,107,6,0,6,113
09/04/2022,MHT,NH,ANE,EN,Towers with Radar,43,3,6,1,53,0,5,15,3,23,43,8,21,4,76,0,0,0,76
09/05/2022,MHT,NH,ANE,EN,Towers with Radar,43,11,11,0,65,0,0,0,0,0,43,11,11,0,65,0,0,0,65
09/06/2022,MHT,NH,ANE,EN,Towers with Radar,57,35,15,0,107,0,0,0,0,0,57,35,15,0,107,0,0,0,107
09/07/2022,MHT,NH,ANE,EN,Towers with Radar,59,38,23,10,130,0,1,18,0,19,59,39,41,10,149,0,0,0,149
09/08/2022,MHT,NH,ANE,EN,Towers with Radar,61,26,24,3,114,0,3,29,1,33,61,29,53,4,147,44,0,44,191
09/09/2022,MHT,NH,ANE,EN,Towers with Radar,60,24,19,1,104,0,9,49,1,59,60,33,68,2,163,28,0,28,191
09/10/2022,MHT,NH,ANE,EN,Towers with Radar,49,13,14,0,76,0,7,53,0,60,49,20,67,0,136,14,0,14,150
09/11/2022,MHT,NH,ANE,EN,Towers with Radar,51,6,27,0,84,0,3,15,0,18,51,9,42,0,102,0,0,0,102
09/12/2022,MHT,NH,ANE,EN,Towers with Radar,53,18,18,0,89,0,1,24,0,25,53,19,42,0,114,22,0,22,136
09/13/2022,MHT,NH,ANE,EN,Towers with Radar,62,22,20,0,104,0,1,1,0,2,62,23,21,0,106,0,0,0,106
09/14/2022,MHT,NH,ANE,EN,Towers with Radar,63,23,14,0,100,0,13,15,0,28,63,36,29,0,128,0,0,0,128
09/15/2022,MHT,NH,ANE,EN,Towers with Radar,62,25,16,0,103,0,6,35,0,41,62,31,51,0,144,0,0,0,144
09/16/2022,MHT,NH,ANE,EN,Towers with Radar,58,27,18,0,103,0,8,36,0,44,58,35,54,0,147,42,0,42,189
09/17/2022,MHT,NH,ANE,EN,Towers with Radar,47,19,17,0,83,0,6,30,0,36,47,25,47,0,119,10,0,10,129
09/18/2022,MHT,NH,ANE,EN,Towers with Radar,50,6,1,0,57,0,8,11,0,19,50,14,12,0,76,0,0,0,76
09/19/2022,MHT,NH,ANE,EN,Towers with Radar,50,18,24,3,95,0,0,0,0,0,50,18,24,3,95,0,0,0,95
09/20/2022,MHT,NH,ANE,EN,Towers with Radar,60,32,23,0,115,0,1,0,0,1,60,33,23,0,116,0,0,0,116
09/21/2022,MHT,NH,ANE,EN,Towers with Radar,57,28,24,0,109,0,5,23,0,28,57,33,47,0,137,22,0,22,159
09/22/2022,MHT,NH,ANE,EN,Towers with Radar,67,31,10,2,110,0,1,5,0,6,67,32,15,2,116,0,0,0,116
09/23/2022,MHT,NH,ANE,EN,Towers with Radar,60,24,13,2,99,0,3,16,1,20,60,27,29,3,119,0,0,0,119
09/24/2022,MHT,NH,ANE,EN,Towers with Radar,47,21,3,0,71,0,1,12,0,13,47,22,15,0,84,8,0,8,92
09/25/2022,MHT,NH,ANE,EN,Towers with Radar,49,5,15,0,69,0,5,19,1,25,49,10,34,1,94,2,0,2,96
09/26/2022,MHT,NH,ANE,EN,Towers with Radar,54,11,19,0,84,0,1,25,0,26,54,12,44,0,110,0,0,0,110
09/27/2022,MHT,NH,ANE,EN,Towers with Radar,62,24,12,1,99,0,5,27,2,34,62,29,39,3,133,0,0,0,133
09/28/2022,MHT,NH,ANE,EN,Towers with Radar,55,19,15,4,93,0,1,35,0,36,55,20,50,4,129,0,0,0,129
09/29/2022,MHT,NH,ANE,EN,Towers with Radar,57,24,18,0,99,0,3,33,0,36,57,27,51,0,135,20,0,20,155
09/30/2022,MHT,NH,ANE,EN,Towers with Radar,56,17,19,0,92,0,10,45,0,55,56,27,64,0,147,0,0,0,147
10/01/2022,MHT,NH,ANE,EN,Towers with Radar,45,14,12,0,71,0,3,12,0,15,45,17,24,0,86,0,0,0,86
10/02/2022,MHT,NH,ANE,EN,Towers with Radar,49,6,8,0,63,0,8,5,0,13,49,14,13,0,76,8,0,8,84
10/03/2022,MHT,NH,ANE,EN,Towers with Radar,50,20,8,0,78,0,4,13,0,17,50,24,21,0,95,4,0,4,99
10/04/2022,MHT,NH,ANE,EN,Towers with Radar,59,44,17,0,120,0,3,37,0,40,59,47,54,0,160,70,0,70,230
10/05/2022,MHT,NH,ANE,EN,Towers with Radar,63,41,27,0,131,0,0,2,0,2,63,41,29,0,133,0,0,0,133
10/06/2022,MHT,NH,ANE,EN,Towers with Radar,56,25,18,0,99,0,2,30,0,32,56,27,48,0,131,32,0,32,163
10/07/2022,MHT,NH,ANE,EN,Towers with Radar,56,29,15,4,104,0,1,36,2,39,56,30,51,6,143,18,0,18,161
10/08/2022,MHT,NH,ANE,EN,Towers with Radar,51,14,9,0,74,0,2,32,0,34,51,16,41,0,108,34,0,34,142
10/09/2022,MHT,NH,ANE,EN,Towers with Radar,48,7,10,0,65,0,9,20,0,29,48,16,30,0,94,0,0,0,94
10/10/2022,MHT,NH,ANE,EN,Towers with Radar,48,15,12,0,75,0,1,31,0,32,48,16,43,0,107,8,0,8,115
10/11/2022,MHT,NH,ANE,EN,Towers with Radar,59,28,17,0,104,0,3,21,0,24,59,31,38,0,128,0,0,0,128
10/12/2022,MHT,NH,ANE,EN,Towers with Radar,57,42,26,2,127,0,4,58,0,62,57,46,84,2,189,36,0,36,225
10/13/2022,MHT,NH,ANE,EN,Towers with Radar,62,29,12,0,103,0,4,5,0,9,62,33,17,0,112,0,0,0,112
10/14/2022,MHT,NH,ANE,EN,Towers with Radar,58,28,16,1,103,0,0,3,1,4,58,28,19,2,107,0,0,0,107
10/15/2022,MHT,NH,ANE,EN,Towers with Radar,51,13,20,0,84,0,8,33,0,41,51,21,53,0,125,14,0,14,139
10/16/2022,MHT,NH,ANE,EN,Towers with Radar,49,8,19,0,76,0,3,22,0,25,49,11,41,0,101,10,0,10,111
10/17/2022,MHT,NH,ANE,EN,Towers with Radar,47,18,20,4,89,0,1,7,0,8,47,19,27,4,97,18,0,18,115
10/18/2022,MHT,NH,ANE,EN,Towers with Radar,59,22,16,0,97,0,3,19,0,22,59,25,35,0,119,0,0,0,119
10/19/2022,MHT,NH,ANE,EN,Towers with Radar,58,34,11,0,103,0,6,39,0,45,58,40,50,0,148,0,0,0,148
10/20/2022,MHT,NH,ANE,EN,Towers with Radar,58,31,14,0,103,0,5,34,0,39,58,36,48,0,142,0,0,0,142
10/21/2022,MHT,NH,ANE,EN,Towers with Radar,56,23,11,0,90,0,7,55,0,62,56,30,66,0,152,20,0,20,172
10/22/2022,MHT,NH,ANE,EN,Towers with Radar,50,14,13,5,82,0,3,49,0,52,50,17,62,5,134,88,0,88,222
10/23/2022,MHT,NH,ANE,EN,Towers with Radar,43,6,21,2,72,0,2,15,0,17,43,8,36,2,89,0,0,0,89
10/24/2022,MHT,NH,ANE,EN,Towers with Radar,50,14,21,0,85,0,0,0,0,0,50,14,21,0,85,0,0,0,85
10/25/2022,MHT,NH,ANE,EN,Towers with Radar,62,36,8,2,108,0,0,0,0,0,62,36,8,2,108,0,0,0,108
10/26/2022,MHT,NH,ANE,EN,Towers with Radar,60,28,13,0,101,0,0,0,0,0,60,28,13,0,101,0,0,0,101
10/27/2022,MHT,NH,ANE,EN,Towers with Radar,59,26,16,2,103,0,2,43,0,45,59,28,59,2,148,56,0,56,204
10/28/2022,MHT,NH,ANE,EN,Towers with Radar,55,26,33,6,120,0,3,68,0,71,55,29,101,6,191,14,0,14,205
10/29/2022,MHT,NH,ANE,EN,Towers with Radar,51,10,22,3,86,0,4,37,0,41,51,14,59,3,127,10,0,10,137
10/30/2022,MHT,NH,ANE,EN,Towers with Radar,49,5,10,0,64,0,5,19,0,24,49,10,29,0,88,8,0,8,96
10/31/2022,MHT,NH,ANE,EN,Towers with Radar,45,24,14,0,83,0,12,42,0,54,45,36,56,0,137,8,0,8,145
11/01/2022,MHT,NH,ANE,EN,Towers with Radar,57,38,12,8,115,0,6,10,4,20,57,44,22,12,135,8,0,8,143
11/02/2022,MHT,NH,ANE,EN,Towers with Radar,58,27,21,4,110,0,8,48,0,56,58,35,69,4,166,8,0,8,174
11/03/2022,MHT,NH,ANE,EN,Towers with Radar,49,38,23,4,114,0,4,61,0,65,49,42,84,4,179,44,0,44,223
11/04/2022,MHT,NH,ANE,EN,Towers with Radar,46,29,14,0,89,0,3,40,0,43,46,32,54,0,132,16,0,16,148
11/05/2022,MHT,NH,ANE,EN,Towers with Radar,36,15,15,4,70,0,3,26,0,29,36,18,41,4,99,24,0,24,123
11/06/2022,MHT,NH,ANE,EN,Towers with Radar,40,13,10,2,65,0,8,8,0,16,40,21,18,2,81,0,0,0,81
11/07/2022,MHT,NH,ANE,EN,Towers with Radar,35,22,15,0,72,0,4,25,0,29,35,26,40,0,101,10,0,10,111
11/08/2022,MHT,NH,ANE,EN,Towers with Radar,48,39,8,0,95,0,8,16,0,24,48,47,24,0,119,0,0,0,119
11/09/2022,MHT,NH,ANE,EN,Towers with Radar,45,32,29,0,106,0,3,48,0,51,45,35,77,0,157,0,0,0,157
11/10/2022,MHT,NH,ANE,EN,Towers with Radar,45,32,20,0,97,0,5,38,2,45,45,37,58,2,142,36,0,36,178
11/11/2022,MHT,NH,ANE,EN,Towers with Radar,44,29,13,0,86,0,3,18,0,21,44,32,31,0,107,2,0,2,109
11/12/2022,MHT,NH,ANE,EN,Towers with Radar,34,17,1,0,52,0,2,7,0,9,34,19,8,0,61,0,0,0,61
11/13/2022,MHT,NH,ANE,EN,Towers with Radar,40,9,18,0,67,0,1,1,0,2,40,10,19,0,69,0,0,0,69
11/14/2022,MHT,NH,ANE,EN,Towers with Radar,38,21,11,0,70,0,1,19,0,20,38,22,30,0,90,16,0,16,106
11/15/2022,MHT,NH,ANE,EN,Towers with Radar,46,24,30,0,100,0,2,28,0,30,46,26,58,0,130,10,0,10,140
11/16/2022,MHT,NH,ANE,EN,Towers with Radar,48,29,9,3,89,0,0,0,0,0,48,29,9,3,89,0,0,0,89
11/17/2022,MHT,NH,ANE,EN,Towers with Radar,52,29,16,0,97,0,3,15,0,18,52,32,31,0,115,4,0,4,119
11/18/2022,MHT,NH,ANE,EN,Towers with Radar,49,25,20,0,94,0,3,61,4,68,49,28,81,4,162,28,0,28,190
11/19/2022,MHT,NH,ANE,EN,Towers with Radar,33,20,13,0,66,0,8,49,0,57,33,28,62,0,123,38,0,38,161
11/20/2022,MHT,NH,ANE,EN,Towers with Radar,47,6,11,0,64,0,4,6,0,10,47,10,17,0,74,0,0,0,74
11/21/2022,MHT,NH,ANE,EN,Towers with Radar,43,22,12,2,79,0,8,27,0,35,43,30,39,2,114,0,0,0,114
11/22/2022,MHT,NH,ANE,EN,Towers with Radar,55,36,14,0,105,0,2,26,0,28,55,38,40,0,133,6,0,6,139
11/23/2022,MHT,NH,ANE,EN,Towers with Radar,54,25,10,0,89,0,3,35,0,38,54,28,45,0,127,12,0,12,139
11/24/2022,MHT,NH,ANE,EN,Towers with Radar,26,3,6,0,35,0,4,8,0,12,26,7,14,0,47,0,0,0,47
11/25/2022,MHT,NH,ANE,EN,Towers with Radar,40,22,4,0,66,0,2,3,0,5,40,24,7,0,71,0,0,0,71
11/26/2022,MHT,NH,ANE,EN,Towers with Radar,36,19,4,0,59,0,8,16,0,24,36,27,20,0,83,0,0,0,83
11/27/2022,MHT,NH,ANE,EN,Towers with Radar,43,12,13,0,68,0,5,16,0,21,43,17,29,0,89,0,0,0,89
11/28/2022,MHT,NH,ANE,EN,Towers with Radar,47,27,9,0,83,0,3,13,0,16,47,30,22,0,99,12,0,12,111
11/29/2022,MHT,NH,ANE,EN,Towers with Radar,54,27,16,12,109,0,3,27,1,31,54,30,43,13,140,8,0,8,148
11/30/2022,MHT,NH,ANE,EN,Towers with Radar,53,41,12,0,106,0,2,4,0,6,53,43,16,0,112,0,0,0,112
12/01/2022,MHT,NH,ANE,EN,Towers with Radar,51,29,13,5,98,0,3,8,5,16,51,32,21,10,114,28,0,28,142
12/02/2022,MHT,NH,ANE,EN,Towers with Radar,49,26,18,0,93,0,5,42,0,47,49,31,60,0,140,8,0,8,148
12/03/2022,MHT,NH,ANE,EN,Towers with Radar,39,18,10,0,67,0,1,1,0,2,39,19,11,0,69,0,0,0,69
12/04/2022,MHT,NH,ANE,EN,Towers with Radar,43,8,14,0,65,0,3,29,0,32,43,11,43,0,97,0,0,0,97
12/05/2022,MHT,NH,ANE,EN,Towers with Radar,44,18,18,12,92,0,9,26,0,35,44,27,44,12,127,0,0,0,127
12/06/2022,MHT,NH,ANE,EN,Towers with Radar,54,34,10,0,98,0,2,10,0,12,54,36,20,0,110,0,0,0,110
12/07/2022,MHT,NH,ANE,EN,Towers with Radar,51,34,24,0,109,0,0,0,0,0,51,34,24,0,109,0,0,0,109
12/08/2022,MHT,NH,ANE,EN,Towers with Radar,54,31,26,2,113,0,4,26,0,30,54,35,52,2,143,8,0,8,151
12/09/2022,MHT,NH,ANE,EN,Towers with Radar,50,31,18,0,99,0,2,32,0,34,50,33,50,0,133,24,0,24,157
12/10/2022,MHT,NH,ANE,EN,Towers with Radar,37,22,5,0,64,0,1,31,0,32,37,23,36,0,96,26,0,26,122
12/11/2022,MHT,NH,ANE,EN,Towers with Radar,44,9,6,0,59,0,1,4,0,5,44,10,10,0,64,0,0,0,64
12/12/2022,MHT,NH,ANE,EN,Towers with Radar,45,27,15,0,87,0,2,20,0,22,45,29,35,0,109,16,0,16,125
12/13/2022,MHT,NH,ANE,EN,Towers with Radar,55,35,15,0,105,0,7,19,0,26,55,42,34,0,131,0,0,0,131
12/14/2022,MHT,NH,ANE,EN,Towers with Radar,51,29,9,2,91,0,6,6,0,12,51,35,15,2,103,0,0,0,103
12/15/2022,MHT,NH,ANE,EN,Towers with Radar,52,29,9,0,90,0,0,18,0,18,52,29,27,0,108,20,0,20,128
12/16/2022,MHT,NH,ANE,EN,Towers with Radar,62,23,4,0,89,0,0,0,0,0,62,23,4,0,89,0,0,0,89
12/17/2022,MHT,NH,ANE,EN,Towers with Radar,56,16,6,0,78,0,2,7,0,9,56,18,13,0,87,0,0,0,87
12/18/2022,MHT,NH,ANE,EN,Towers with Radar,48,5,12,0,65,0,4,19,1,24,48,9,31,1,89,0,0,0,89
12/19/2022,MHT,NH,ANE,EN,Towers with Radar,51,20,15,0,86,0,4,29,0,33,51,24,44,0,119,10,0,10,129
12/20/2022,MHT,NH,ANE,EN,Towers with Radar,56,32,17,4,109,0,4,35,0,39,56,36,52,4,148,6,0,6,154
12/21/2022,MHT,NH,ANE,EN,Towers with Radar,57,29,19,0,105,0,1,39,0,40,57,30,58,0,145,0,0,0,145
12/22/2022,MHT,NH,ANE,EN,Towers with Radar,55,24,10,0,89,0,5,23,0,28,55,29,33,0,117,0,0,0,117
12/23/2022,MHT,NH,ANE,EN,Towers with Radar,38,17,2,0,57,0,0,0,0,0,38,17,2,0,57,0,0,0,57
12/24/2022,MHT,NH,ANE,EN,Towers with Radar,22,15,3,0,40,0,5,3,0,8,22,20,6,0,48,0,0,0,48
12/25/2022,MHT,NH,ANE,EN,Towers with Radar,21,2,2,0,25,0,4,2,0,6,21,6,4,0,31,0,0,0,31
12/26/2022,MHT,NH,ANE,EN,Towers with Radar,29,14,13,0,56,0,7,13,0,20,29,21,26,0,76,8,0,8,84
12/27/2022,MHT,NH,ANE,EN,Towers with Radar,33,24,11,4,72,0,6,30,0,36,33,30,41,4,108,6,0,6,114
12/28/2022,MHT,NH,ANE,EN,Towers with Radar,39,35,10,1,85,0,4,26,1,31,39,39,36,2,116,18,0,18,134
12/29/2022,MHT,NH,ANE,EN,Towers with Radar,44,27,17,0,88,0,5,22,1,28,44,32,39,1,116,4,0,4,120
12/30/2022,MHT,NH,ANE,EN,Towers with Radar,49,25,11,0,85,1,5,36,0,42,50,30,47,0,127,0,0,0,127
12/31/2022,MHT,NH,ANE,EN,Towers with Radar,48,16,4,0,68,0,4,10,0,14,48,20,14,0,82,0,0,0,82
01/01/2023,MHT,NH,ANE,EN,Towers with Radar,34,6,3,0,43,2,5,1,1,9,36,11,4,1,52,16,0,16,68
01/02/2023,MHT,NH,ANE,EN,Towers with Radar,34,12,11,0,57,0,2,29,0,31,34,14,40,0,88,0,0,0,88
01/03/2023,MHT,NH,ANE,EN,Towers with Radar,42,24,8,0,74,0,1,0,1,2,42,25,8,1,76,0,0,0,76
01/04/2023,MHT,NH,ANE,EN,Towers with Radar,50,22,11,2,85,0,0,0,0,0,50,22,11,2,85,0,0,0,85
01/05/2023,MHT,NH,ANE,EN,Towers with Radar,49,22,15,2,88,0,0,0,0,0,49,22,15,2,88,0,0,0,88
01/06/2023,MHT,NH,ANE,EN,Towers with Radar,46,20,1,0,67,0,0,0,0,0,46,20,1,0,67,0,0,0,67
01/07/2023,MHT,NH,ANE,EN,Towers with Radar,40,10,11,0,61,0,1,14,0,15,40,11,25,0,76,10,0,10,86
01/08/2023,MHT,NH,ANE,EN,Towers with Radar,38,7,17,0,62,0,4,40,0,44,38,11,57,0,106,0,0,0,106
01/09/2023,MHT,NH,ANE,EN,Towers with Radar,40,21,26,0,87,0,4,25,0,29,40,25,51,0,116,0,0,0,116
01/10/2023,MHT,NH,ANE,EN,Towers with Radar,45,29,14,2,90,0,0,22,0,22,45,29,36,2,112,20,0,20,132
01/11/2023,MHT,NH,ANE,EN,Towers with Radar,41,23,16,0,80,0,9,22,0,31,41,32,38,0,111,20,0,20,131
01/12/2023,MHT,NH,ANE,EN,Towers with Radar,48,32,7,0,87,0,0,0,0,0,48,32,7,0,87,0,0,0,87
01/13/2023,MHT,NH,ANE,EN,Towers with Radar,50,23,8,0,81,0,0,0,0,0,50,23,8,0,81,0,0,0,81
01/14/2023,MHT,NH,ANE,EN,Towers with Radar,38,11,0,0,49,0,0,1,0,1,38,11,1,0,50,0,0,0,50
01/15/2023,MHT,NH,ANE,EN,Towers with Radar,35,10,12,0,57,0,5,11,0,16,35,15,23,0,73,14,0,14,87
01/16/2023,MHT,NH,ANE,EN,Towers with Radar,35,11,6,0,52,0,0,0,0,0,35,11,6,0,52,0,0,0,52
01/17/2023,MHT,NH,ANE,EN,Towers with Radar,45,26,19,0,90,0,6,27,0,33,45,32,46,0,123,0,0,0,123
01/18/2023,MHT,NH,ANE,EN,Towers with Radar,47,27,16,12,102,0,3,24,0,27,47,30,40,12,129,10,4,14,143
01/19/2023,MHT,NH,ANE,EN,Towers with Radar,45,27,16,12,100,0,0,15,0,15,45,27,31,12,115,0,0,0,115
01/20/2023,MHT,NH,ANE,EN,Towers with Radar,43,22,10,0,75,0,0,0,0,0,43,22,10,0,75,0,0,0,75
01/21/2023,MHT,NH,ANE,EN,Towers with Radar,36,19,8,0,63,0,0,10,0,10,36,19,18,0,73,6,0,6,79
01/22/2023,MHT,NH,ANE,EN,Towers with Radar,38,11,0,0,49,0,1,7,0,8,38,12,7,0,57,34,0,34,91
01/23/2023,MHT,NH,ANE,EN,Towers with Radar,40,16,5,0,61,0,0,0,0,0,40,16,5,0,61,0,0,0,61
01/24/2023,MHT,NH,ANE,EN,Towers with Radar,46,26,11,0,83,0,2,16,0,18,46,28,27,0,101,12,0,12,113
01/25/2023,MHT,NH,ANE,EN,Towers with Radar,46,34,15,0,95,0,1,18,0,19,46,35,33,0,114,28,0,28,142
01/26/2023,MHT,NH,ANE,EN,Towers with Radar,52,26,10,2,90,0,1,2,0,3,52,27,12,2,93,0,0,0,93
01/27/2023,MHT,NH,ANE,EN,Towers with Radar,46,22,20,2,90,0,3,35,0,38,46,25,55,2,128,40,0,40,168
01/28/2023,MHT,NH,ANE,EN,Towers with Radar,36,13,7,0,56,0,3,26,0,29,36,16,33,0,85,10,0,10,95
01/29/2023,MHT,NH,ANE,EN,Towers with Radar,36,8,13,0,57,0,1,20,0,21,36,9,33,0,78,4,0,4,82
01/30/2023,MHT,NH,ANE,EN,Towers with Radar,42,23,11,0,76,0,2,39,0,41,42,25,50,0,117,18,0,18,135
01/31/2023,MHT,NH,ANE,EN,Towers with Radar,45,26,21,2,94,0,4,15,1,20,45,30,36,3,114,0,0,0,114
02/01/2023,MHT,NH,ANE,EN,Towers with Radar,43,33,19,0,95,0,1,40,0,41,43,34,59,0,136,25,0,25,161
02/02/2023,MHT,NH,ANE,EN,Towers with Radar,45,44,24,4,117,0,1,35,1,37,45,45,59,5,154,4,0,4,158
02/03/2023,MHT,NH,ANE,EN,Towers with Radar,45,30,10,0,85,0,2,13,0,15,45,32,23,0,100,0,0,0,100
02/04/2023,MHT,NH,ANE,EN,Towers with Radar,37,10,8,0,55,0,6,4,0,10,37,16,12,0,65,0,0,0,65
02/05/2023,MHT,NH,ANE,EN,Towers with Radar,36,7,4,0,47,0,7,29,0,36,36,14,33,0,83,14,0,14,97
02/06/2023,MHT,NH,ANE,EN,Towers with Radar,42,22,16,0,80,0,2,22,0,24,42,24,38,0,104,8,0,8,112
02/07/2023,MHT,NH,ANE,EN,Towers with Radar,50,36,14,0,100,0,0,21,0,21,50,36,35,0,121,19,0,19,140
02/08/2023,MHT,NH,ANE,EN,Towers with Radar,50,38,9,0,97,0,4,15,0,19,50,42,24,0,116,0,0,0,116
02/09/2023,MHT,NH,ANE,EN,Towers with Radar,54,28,17,0,99,0,2,10,0,12,54,30,27,0,111,8,0,8,119
02/10/2023,MHT,NH,ANE,EN,Towers with Radar,50,22,17,0,89,0,3,9,0,12,50,25,26,0,101,0,0,0,101
02/11/2023,MHT,NH,ANE,EN,Towers with Radar,42,17,4,0,63,0,7,14,0,21,42,24,18,0,84,0,0,0,84
02/12/2023,MHT,NH,ANE,EN,Towers with Radar,35,6,12,0,53,0,7,46,0,53,35,13,58,0,106,10,0,10,116
02/13/2023,MHT,NH,ANE,EN,Towers with Radar,42,20,16,0,78,0,2,24,0,26,42,22,40,0,104,18,0,18,122
02/14/2023,MHT,NH,ANE,EN,Towers with Radar,55,28,19,9,111,0,1,14,3,18,55,29,33,12,129,0,0,0,129
02/15/2023,MHT,NH,ANE,EN,Towers with Radar,50,29,23,0,102,0,4,25,0,29,50,33,48,0,131,6,0,6,137
02/16/2023,MHT,NH,ANE,EN,Towers with Radar,51,27,16,2,96,0,3,32,0,35,51,30,48,2,131,2,0,2,133
02/17/2023,MHT,NH,ANE,EN,Towers with Radar,48,25,13,0,86,0,0,1,0,1,48,25,14,0,87,0,0,0,87
02/18/2023,MHT,NH,ANE,EN,Towers with Radar,45,18,15,0,78,0,7,34,0,41,45,25,49,0,119,18,0,18,137
02/19/2023,MHT,NH,ANE,EN,Towers with Radar,36,8,7,0,51,0,4,21,0,25,36,12,28,0,76,6,0,6,82
02/20/2023,MHT,NH,ANE,EN,Towers with Radar,44,20,13,3,80,0,4,11,0,15,44,24,24,3,95,0,0,0,95
02/21/2023,MHT,NH,ANE,EN,Towers with Radar,49,24,5,0,78,0,0,2,0,2,49,24,7,0,80,0,0,0,80
02/22/2023,MHT,NH,ANE,EN,Towers with Radar,51,29,15,0,95,2,5,25,0,32,53,34,40,0,127,12,0,12,139
02/23/2023,MHT,NH,ANE,EN,Towers with Radar,49,26,9,0,84,0,0,0,0,0,49,26,9,0,84,0,0,0,84
02/24/2023,MHT,NH,ANE,EN,Towers with Radar,50,24,5,0,79,0,2,7,0,9,50,26,12,0,88,0,0,0,88
02/25/2023,MHT,NH,ANE,EN,Towers with Radar,47,15,17,0,79,0,2,14,0,16,47,17,31,0,95,0,0,0,95
02/26/2023,MHT,NH,ANE,EN,Towers with Radar,37,10,7,0,54,0,0,2,0,2,37,10,9,0,56,0,0,0,56
02/27/2023,MHT,NH,ANE,EN,Towers with Radar,43,24,19,1,87,0,5,28,1,34,43,29,47,2,121,35,0,35,156
02/28/2023,MHT,NH,ANE,EN,Towers with Radar,51,28,8,0,87,0,0,0,0,0,51,28,8,0,87,0,0,0,87
03/01/2023,MHT,NH,ANE,EN,Towers with Radar,49,31,15,0,95,0,0,33,0,33,49,31,48,0,128,24,0,24,152
03/02/2023,MHT,NH,ANE,EN,Towers with Radar,50,21,8,0,79,0,1,0,0,1,50,22,8,0,80,0,0,0,80
03/03/2023,MHT,NH,ANE,EN,Towers with Radar,44,21,13,0,78,0,1,15,0,16,44,22,28,0,94,0,0,0,94
03/04/2023,MHT,NH,ANE,EN,Towers with Radar,35,7,4,0,46,0,0,0,0,0,35,7,4,0,46,0,0,0,46
03/05/2023,MHT,NH,ANE,EN,Towers with Radar,35,14,4,0,53,0,6,16,0,22,35,20,20,0,75,0,0,0,75
03/06/2023,MHT,NH,ANE,EN,Towers with Radar,44,21,8,0,73,0,5,9,0,14,44,26,17,0,87,6,0,6,93
03/07/2023,MHT,NH,ANE,EN,Towers with Radar,49,28,24,4,105,0,1,12,0,13,49,29,36,4,118,20,0,20,138
03/08/2023,MHT,NH,ANE,EN,Towers with Radar,51,30,27,0,108,0,2,22,0,24,51,32,49,0,132,16,0,16,148
03/09/2023,MHT,NH,ANE,EN,Towers with Radar,59,31,16,1,107,0,2,32,3,37,59,33,48,4,144,62,2,64,208
03/10/2023,MHT,NH,ANE,EN,Towers with Radar,47,21,32,4,104,0,3,39,0,42,47,24,71,4,146,14,0,14,160
03/11/2023,MHT,NH,ANE,EN,Towers with Radar,42,17,8,0,67,0,4,7,0,11,42,21,15,0,78,14,0,14,92
03/12/2023,MHT,NH,ANE,EN,Towers with Radar,32,15,18,0,65,0,4,38,0,42,32,19,56,0,107,14,0,14,121
03/13/2023,MHT,NH,ANE,EN,Towers with Radar,43,15,13,0,71,0,0,0,0,0,43,15,13,0,71,12,0,12,83
03/14/2023,MHT,NH,ANE,EN,Towers with Radar,17,3,2,0,22,0,0,0,0,0,17,3,2,0,22,0,0,0,22
03/15/2023,MHT,NH,ANE,EN,Towers with Radar,42,37,19,0,98,0,1,0,0,1,42,38,19,0,99,0,0,0,99
03/16/2023,MHT,NH,ANE,EN,Towers with Radar,55,30,19,0,104,0,4,29,0,33,55,34,48,0,137,8,0,8,145
03/17/2023,MHT,NH,ANE,EN,Towers with Radar,49,23,12,10,94,0,0,22,0,22,49,23,34,10,116,8,22,30,146
03/18/2023,MHT,NH,ANE,EN,Towers with Radar,39,17,10,0,66,0,9,20,0,29,39,26,30,0,95,0,0,0,95
03/19/2023,MHT,NH,ANE,EN,Towers with Radar,33,9,8,0,50,0,1,3,0,4,33,10,11,0,54,0,0,0,54
03/20/2023,MHT,NH,ANE,EN,Towers with Radar,45,24,12,0,81,0,13,18,0,31,45,37,30,0,112,34,0,34,146
03/21/2023,MHT,NH,ANE,EN,Towers with Radar,55,30,9,2,96,0,4,30,0,34,55,34,39,2,130,18,0,18,148
03/22/2023,MHT,NH,ANE,EN,Towers with Radar,53,28,19,0,100,0,3,17,0,20,53,31,36,0,120,2,0,2,122
03/23/2023,MHT,NH,ANE,EN,Towers with Radar,53,31,22,17,123,0,0,0,0,0,53,31,22,17,123,0,20,20,143
03/24/2023,MHT,NH,ANE,EN,Towers with Radar,52,26,18,2,98,0,15,30,0,45,52,41,48,2,143,26,0,26,169
03/25/2023,MHT,NH,ANE,EN,Towers with Radar,39,14,5,0,58,0,2,4,0,6,39,16,9,0,64,0,0,0,64
03/26/2023,MHT,NH,ANE,EN,Towers with Radar,28,11,17,0,56,0,1,8,0,9,28,12,25,0,65,0,0,0,65
03/27/2023,MHT,NH,ANE,EN,Towers with Radar,48,22,19,0,89,0,1,24,0,25,48,23,43,0,114,0,0,0,114
03/28/2023,MHT,NH,ANE,EN,Towers with Radar,51,20,19,0,90,0,5,14,0,19,51,25,33,0,109,0,0,0,109
03/29/2023,MHT,NH,ANE,EN,Towers with Radar,53,29,22,16,120,0,2,33,0,35,53,31,55,16,155,0,0,0,155
03/30/2023,MHT,NH,ANE,EN,Towers with Radar,54,28,12,0,94,0,7,20,0,27,54,35,32,0,121,40,0,40,161
03/31/2023,MHT,NH,ANE,EN,Towers with Radar,50,21,14,0,85,0,2,35,0,37,50,23,49,0,122,6,0,6,128
04/01/2023,MHT,NH,ANE,EN,Towers with Radar,37,7,9,0,53,0,0,0,0,0,37,7,9,0,53,10,0,10,63
04/02/2023,MHT,NH,ANE,EN,Towers with Radar,36,6,3,0,45,0,7,12,0,19,36,13,15,0,64,0,0,0,64
04/03/2023,MHT,NH,ANE,EN,Towers with Radar,39,23,11,0,73,0,6,27,2,35,39,29,38,2,108,6,0,6,114
04/04/2023,MHT,NH,ANE,EN,Towers with Radar,52,30,24,0,106,0,1,25,0,26,52,31,49,0,132,8,0,8,140
04/05/2023,MHT,NH,ANE,EN,Towers with Radar,53,30,5,0,88,0,6,9,0,15,53,36,14,0,103,0,0,0,103
04/06/2023,MHT,NH,ANE,EN,Towers with Radar,54,24,21,2,101,0,1,7,0,8,54,25,28,2,109,0,0,0,109
04/07/2023,MHT,NH,ANE,EN,Towers with Radar,52,26,14,0,92,0,5,24,0,29,52,31,38,0,121,0,0,0,121
04/08/2023,MHT,NH,ANE,EN,Towers with Radar,40,9,13,1,63,0,5,27,0,32,40,14,40,1,95,0,0,0,95
04/09/2023,MHT,NH,ANE,EN,Towers with Radar,37,9,9,0,55,0,3,20,0,23,37,12,29,0,78,4,0,4,82
04/10/2023,MHT,NH,ANE,EN,Towers with Radar,46,21,14,0,81,0,1,30,0,31,46,22,44,0,112,16,0,16,128
04/11/2023,MHT,NH,ANE,EN,Towers with Radar,51,32,19,2,104,0,2,20,0,22,51,34,39,2,126,6,0,6,132
04/12/2023,MHT,NH,ANE,EN,Towers with Radar,55,23,18,4,100,0,2,20,0,22,55,25,38,4,122,20,0,20,142
04/13/2023,MHT,NH,ANE,EN,Towers with Radar,54,26,20,0,100,0,9,30,0,39,54,35,50,0,139,48,0,48,187
04/14/2023,MHT,NH,ANE,EN,Towers with Radar,54,22,14,1,91,0,3,38,1,42,54,25,52,2,133,0,0,0,133
04/15/2023,MHT,NH,ANE,EN,Towers with Radar,37,10,10,0,57,0,3,30,0,33,37,13,40,0,90,0,0,0,90
04/16/2023,MHT,NH,ANE,EN,Towers with Radar,40,14,18,0,72,0,0,0,0,0,40,14,18,0,72,0,0,0,72
04/17/2023,MHT,NH,ANE,EN,Towers with Radar,47,21,11,0,79,0,0,0,0,0,47,21,11,0,79,0,0,0,79
04/18/2023,MHT,NH,ANE,EN,Towers with Radar,53,35,14,4,106,0,4,12,1,17,53,39,26,5,123,0,0,0,123
04/19/2023,MHT,NH,ANE,EN,Towers with Radar,63,28,18,0,109,0,8,26,0,34,63,36,44,0,143,0,0,0,143
04/20/2023,MHT,NH,ANE,EN,Towers with Radar,59,30,23,1,113,1,4,32,4,41,60,34,55,5,154,20,0,20,174
04/21/2023,MHT,NH,ANE,EN,Towers with Radar,60,23,20,0,103,0,8,49,0,57,60,31,69,0,160,14,0,14,174
04/22/2023,MHT,NH,ANE,EN,Towers with Radar,42,17,15,0,74,0,2,8,0,10,42,19,23,0,84,0,0,0,84
04/23/2023,MHT,NH,ANE,EN,Towers with Radar,46,9,11,0,66,0,0,0,0,0,46,9,11,0,66,0,0,0,66
04/24/2023,MHT,NH,ANE,EN,Towers with Radar,56,17,15,0,88,0,0,7,0,7,56,17,22,0,95,0,0,0,95
04/25/2023,MHT,NH,ANE,EN,Towers with Radar,57,24,18,0,99,0,0,2,0,2,57,24,20,0,101,0,0,0,101
04/26/2023,MHT,NH,ANE,EN,Towers with Radar,59,30,17,0,106,0,2,46,0,48,59,32,63,0,154,3,0,3,157
04/27/2023,MHT,NH,ANE,EN,Towers with Radar,57,30,15,0,102,0,0,27,0,27,57,30,42,0,129,0,0,0,129
04/28/2023,MHT,NH,ANE,EN,Towers with Radar,62,19,7,0,88,0,8,37,0,45,62,27,44,0,133,0,0,0,133
04/29/2023,MHT,NH,ANE,EN,Towers with Radar,42,12,3,0,57,0,7,5,0,12,42,19,8,0,69,0,0,0,69
04/30/2023,MHT,NH,ANE,EN,Towers with Radar,44,14,5,0,63,0,0,0,0,0,44,14,5,0,63,0,0,0,63
05/01/2023,MHT,NH,ANE,EN,Towers with Radar,52,30,11,0,93,0,2,5,0,7,52,32,16,0,100,12,0,12,112
05/02/2023,MHT,NH,ANE,EN,Towers with Radar,57,29,18,0,104,0,0,0,0,0,57,29,18,0,104,0,0,0,104
05/03/2023,MHT,NH,ANE,EN,Towers with Radar,61,34,15,0,110,0,0,3,0,3,61,34,18,0,113,0,0,0,113
05/04/2023,MHT,NH,ANE,EN,Towers with Radar,56,32,13,0,101,0,2,3,0,5,56,34,16,0,106,0,0,0,106
05/05/2023,MHT,NH,ANE,EN,Towers with Radar,53,28,10,0,91,0,1,33,0,34,53,29,43,0,125,0,0,0,125
05/06/2023,MHT,NH,ANE,EN,Towers with Radar,41,12,8,0,61,0,0,22,0,22,41,12,30,0,83,0,0,0,83
05/07/2023,MHT,NH,ANE,EN,Towers with Radar,38,13,7,0,58,0,1,25,0,26,38,14,32,0,84,6,0,6,90
05/08/2023,MHT,NH,ANE,EN,Towers with Radar,45,26,16,0,87,0,1,13,0,14,45,27,29,0,101,0,0,0,101
05/09/2023,MHT,NH,ANE,EN,Towers with Radar,54,27,13,0,94,0,6,29,0,35,54,33,42,0,129,0,0,0,129
05/10/2023,MHT,NH,ANE,EN,Towers with Radar,54,35,16,2,107,0,4,31,0,35,54,39,47,2,142,0,0,0,142
05/11/2023,MHT,NH,ANE,EN,Towers with Radar,55,34,6,2,97,0,6,37,0,43,55,40,43,2,140,0,0,0,140
05/12/2023,MHT,NH,ANE,EN,Towers with Radar,52,22,7,0,81,0,3,32,0,35,52,25,39,0,116,0,0,0,116
05/13/2023,MHT,NH,ANE,EN,Towers with Radar,41,11,6,0,58,0,7,15,0,22,41,18,21,0,80,0,0,0,80
05/14/2023,MHT,NH,ANE,EN,Towers with Radar,36,10,9,0,55,0,4,10,0,14,36,14,19,0,69,0,0,0,69
05/15/2023,MHT,NH,ANE,EN,Towers with Radar,43,24,19,0,86,0,6,32,0,38,43,30,51,0,124,10,0,10,134
05/16/2023,MHT,NH,ANE,EN,Towers with Radar,51,27,21,2,101,0,6,24,0,30,51,33,45,2,131,0,0,0,131
05/17/2023,MHT,NH,ANE,EN,Towers with Radar,54,28,9,1,92,0,5,14,1,20,54,33,23,2,112,0,0,0,112
05/18/2023,MHT,NH,ANE,EN,Towers with Radar,50,35,17,0,102,0,4,34,2,40,50,39,51,2,142,0,0,0,142
05/19/2023,MHT,NH,ANE,EN,Towers with Radar,51,28,4,0,83,0,2,34,0,36,51,30,38,0,119,0,0,0,119
05/20/2023,MHT,NH,ANE,EN,Towers with Radar,24,8,4,0,36,0,2,0,0,2,24,10,4,0,38,0,0,0,38
05/21/2023,MHT,NH,ANE,EN,Towers with Radar,45,11,4,0,60,0,4,12,0,16,45,15,16,0,76,0,0,0,76
05/22/2023,MHT,NH,ANE,EN,Towers with Radar,49,19,10,0,78,0,6,13,0,19,49,25,23,0,97,0,0,0,97
05/23/2023,MHT,NH,ANE,EN,Towers with Radar,56,26,13,0,95,0,4,23,0,27,56,30,36,0,122,0,0,0,122
05/24/2023,MHT,NH,ANE,EN,Towers with Radar,57,32,13,0,102,0,0,24,0,24,57,32,37,0,126,0,0,0,126
05/25/2023,MHT,NH,ANE,EN,Towers with Radar,55,32,13,0,100,0,6,43,0,49,55,38,56,0,149,0,0,0,149
05/26/2023,MHT,NH,ANE,EN,Towers with Radar,51,23,13,0,87,0,8,35,0,43,51,31,48,0,130,0,0,0,130
05/27/2023,MHT,NH,ANE,EN,Towers with Radar,38,9,7,0,54,0,3,25,0,28,38,12,32,0,82,0,0,0,82
05/28/2023,MHT,NH,ANE,EN,Towers with Radar,36,5,3,0,44,0,5,23,1,29,36,10,26,1,73,0,0,0,73
05/29/2023,MHT,NH,ANE,EN,Towers with Radar,40,13,9,0,62,0,5,26,2,33,40,18,35,2,95,0,0,0,95
05/30/2023,MHT,NH,ANE,EN,Towers with Radar,47,26,7,0,80,0,10,35,0,45,47,36,42,0,125,0,0,0,125
05/31/2023,MHT,NH,ANE,EN,Towers with Radar,54,29,5,0,88,0,4,37,0,41,54,33,42,0,129,0,0,0,129
06/01/2023,MHT,NH,ANE,EN,Towers with Radar,55,32,8,0,95,0,7,39,0,46,55,39,47,0,141,0,0,0,141
06/02/2023,MHT,NH,ANE,EN,Towers with Radar,62,25,5,0,92,0,6,21,0,27,62,31,26,0,119,0,0,0,119
06/03/2023,MHT,NH,ANE,EN,Towers with Radar,36,11,23,0,70,0,0,0,0,0,36,11,23,0,70,0,0,0,70
06/04/2023,MHT,NH,ANE,EN,Towers with Radar,41,15,5,0,61,0,0,0,0,0,41,15,5,0,61,0,0,0,61
06/05/2023,MHT,NH,ANE,EN,Towers with Radar,50,22,17,0,89,0,5,9,0,14,50,27,26,0,103,0,0,0,103
06/06/2023,MHT,NH,ANE,EN,Towers with Radar,55,33,17,0,105,0,2,25,0,27,55,35,42,0,132,0,0,0,132
06/07/2023,MHT,NH,ANE,EN,Towers with Radar,53,35,8,0,96,0,2,17,0,19,53,37,25,0,115,0,0,0,115
06/08/2023,MHT,NH,ANE,EN,Towers with Radar,58,40,20,0,118,0,1,9,0,10,58,41,29,0,128,12,0,12,140
06/09/2023,MHT,NH,ANE,EN,Towers with Radar,55,27,20,2,104,0,1,15,1,17,55,28,35,3,121,0,0,0,121
06/10/2023,MHT,NH,ANE,EN,Towers with Radar,44,18,21,1,84,0,3,6,1,10,44,21,27,2,94,0,0,0,94
06/11/2023,MHT,NH,ANE,EN,Towers with Radar,52,10,25,1,88,0,7,49,0,56,52,17,74,1,144,22,0,22,166
06/12/2023,MHT,NH,ANE,EN,Towers with Radar,49,27,15,0,91,0,3,35,0,38,49,30,50,0,129,0,0,0,129
06/13/2023,MHT,NH,ANE,EN,Towers with Radar,58,31,8,0,97,0,0,0,0,0,58,31,8,0,97,0,0,0,97
06/14/2023,MHT,NH,ANE,EN,Towers with Radar,60,29,14,0,103,0,3,10,0,13,60,32,24,0,116,0,0,0,116
06/15/2023,MHT,NH,ANE,EN,Towers with Radar,58,35,18,1,112,0,2,20,2,24,58,37,38,3,136,0,0,0,136
06/16/2023,MHT,NH,ANE,EN,Towers with Radar,58,24,17,1,100,0,4,23,1,28,58,28,40,2,128,18,0,18,146
06/17/2023,MHT,NH,ANE,EN,Towers with Radar,40,11,16,0,67,0,0,0,0,0,40,11,16,0,67,0,0,0,67
06/18/2023,MHT,NH,ANE,EN,Towers with Radar,42,7,10,1,60,0,10,5,0,15,42,17,15,1,75,0,0,0,75
06/19/2023,MHT,NH,ANE,EN,Towers with Radar,49,23,26,0,98,0,7,18,0,25,49,30,44,0,123,14,0,14,137
06/20/2023,MHT,NH,ANE,EN,Towers with Radar,55,38,31,0,124,0,6,9,1,16,55,44,40,1,140,0,0,0,140
06/21/2023,MHT,NH,ANE,EN,Towers with Radar,57,33,21,0,111,0,5,17,0,22,57,38,38,0,133,0,0,0,133
06/22/2023,MHT,NH,ANE,EN,Towers with Radar,64,37,25,0,126,0,7,17,0,24,64,44,42,0,150,10,0,10,160
06/23/2023,MHT,NH,ANE,EN,Towers with Radar,50,23,32,0,105,0,2,17,0,19,50,25,49,0,124,0,0,0,124
06/24/2023,MHT,NH,ANE,EN,Towers with Radar,41,12,9,0,62,0,3,0,0,3,41,15,9,0,65,0,0,0,65
06/25/2023,MHT,NH,ANE,EN,Towers with Radar,42,9,5,0,56,0,3,7,0,10,42,12,12,0,66,0,0,0,66
06/26/2023,MHT,NH,ANE,EN,Towers with Radar,45,24,13,2,84,0,0,0,0,0,45,24,13,2,84,0,0,0,84
06/27/2023,MHT,NH,ANE,EN,Towers with Radar,54,36,20,0,110,0,2,2,0,4,54,38,22,0,114,0,0,0,114
06/28/2023,MHT,NH,ANE,EN,Towers with Radar,58,34,16,0,108,0,1,0,0,1,58,35,16,0,109,0,0,0,109
06/29/2023,MHT,NH,ANE,EN,Towers with Radar,61,30,29,2,122,0,4,25,0,29,61,34,54,2,151,14,0,14,165
06/30/2023,MHT,NH,ANE,EN,Towers with Radar,55,34,7,0,96,0,7,34,0,41,55,41,41,0,137,0,0,0,137
07/01/2023,MHT,NH,ANE,EN,Towers with Radar,47,13,13,0,73,0,2,8,0,10,47,15,21,0,83,0,0,0,83
07/02/2023,MHT,NH,ANE,EN,Towers with Radar,42,13,8,0,63,0,0,0,0,0,42,13,8,0,63,0,0,0,63
07/03/2023,MHT,NH,ANE,EN,Towers with Radar,43,23,11,0,77,0,2,3,0,5,43,25,14,0,82,0,0,0,82
07/04/2023,MHT,NH,ANE,EN,Towers with Radar,38,12,14,0,64,0,1,0,0,1,38,13,14,0,65,0,0,0,65
07/05/2023,MHT,NH,ANE,EN,Towers with Radar,53,29,19,0,101,2,2,25,0,29,55,31,44,0,130,22,0,22,152
07/06/2023,MHT,NH,ANE,EN,Towers with Radar,62,28,22,0,112,0,7,31,3,41,62,35,53,3,153,24,0,24,177
07/07/2023,MHT,NH,ANE,EN,Towers with Radar,57,21,13,0,91,0,5,38,0,43,57,26,51,0,134,14,0,14,148
07/08/2023,MHT,NH,ANE,EN,Towers with Radar,46,23,13,0,82,0,2,13,0,15,46,25,26,0,97,6,0,6,103
07/09/2023,MHT,NH,ANE,EN,Towers with Radar,42,8,12,0,62,0,0,6,0,6,42,8,18,0,68,0,0,0,68
07/10/2023,MHT,NH,ANE,EN,Towers with Radar,53,30,11,0,94,0,0,0,0,0,53,30,11,0,94,0,0,0,94
07/11/2023,MHT,NH,ANE,EN,Towers with Radar,58,34,17,3,112,0,4,35,1,40,58,38,52,4,152,10,0,10,162
07/12/2023,MHT,NH,ANE,EN,Towers with Radar,63,34,21,0,118,0,4,39,0,43,63,38,60,0,161,20,0,20,181
07/13/2023,MHT,NH,ANE,EN,Towers with Radar,58,26,5,0,89,0,3,26,0,29,58,29,31,0,118,16,0,16,134
07/14/2023,MHT,NH,ANE,EN,Towers with Radar,57,44,23,0,124,0,5,14,0,19,57,49,37,0,143,2,0,2,145
07/15/2023,MHT,NH,ANE,EN,Towers with Radar,46,19,10,0,75,0,3,1,0,4,46,22,11,0,79,2,0,2,81
07/16/2023,MHT,NH,ANE,EN,Towers with Radar,48,18,8,0,74,0,0,0,0,0,48,18,8,0,74,0,0,0,74
07/17/2023,MHT,NH,ANE,EN,Towers with Radar,54,37,27,2,120,0,6,24,0,30,54,43,51,2,150,0,0,0,150
07/18/2023,MHT,NH,ANE,EN,Towers with Radar,68,33,16,0,117,2,2,4,0,8,70,35,20,0,125,0,0,0,125
07/19/2023,MHT,NH,ANE,EN,Towers with Radar,59,29,10,0,98,0,8,38,0,46,59,37,48,0,144,42,0,42,186
07/20/2023,MHT,NH,ANE,EN,Towers with Radar,61,30,15,0,106,2,2,60,0,64,63,32,75,0,170,34,0,34,204
07/21/2023,MHT,NH,ANE,EN,Towers with Radar,62,23,16,0,101,0,1,10,0,11,62,24,26,0,112,22,0,22,134
07/22/2023,MHT,NH,ANE,EN,Towers with Radar,45,13,23,0,81,0,14,10,0,24,45,27,33,0,105,0,0,0,105
07/23/2023,MHT,NH,ANE,EN,Towers with Radar,44,17,18,0,79,0,11,27,1,39,44,28,45,1,118,16,0,16,134
07/24/2023,MHT,NH,ANE,EN,Towers with Radar,57,17,15,0,89,0,11,31,0,42,57,28,46,0,131,0,0,0,131
07/25/2023,MHT,NH,ANE,EN,Towers with Radar,59,27,15,3,104,0,3,25,0,28,59,30,40,3,132,16,0,16,148
07/26/2023,MHT,NH,ANE,EN,Towers with Radar,60,26,10,0,96,0,9,31,1,41,60,35,41,1,137,8,0,8,145
07/27/2023,MHT,NH,ANE,EN,Towers with Radar,62,33,17,2,114,0,0,10,0,10,62,33,27,2,124,2,0,2,126
07/28/2023,MHT,NH,ANE,EN,Towers with Radar,47,28,6,0,81,0,7,19,0,26,47,35,25,0,107,12,0,12,119
07/29/2023,MHT,NH,ANE,EN,Towers with Radar,51,11,12,0,74,0,5,3,0,8,51,16,15,0,82,2,0,2,84
07/30/2023,MHT,NH,ANE,EN,Towers with Radar,51,14,6,0,71,0,15,18,0,33,51,29,24,0,104,6,0,6,110
07/31/2023,MHT,NH,ANE,EN,Towers with Radar,51,22,8,1,82,0,3,20,1,24,51,25,28,2,106,2,0,2,108
08/01/2023,MHT,NH,ANE,EN,Towers with Radar,60,29,10,0,99,0,9,28,2,39,60,38,38,2,138,22,0,22,160
08/02/2023,MHT,NH,ANE,EN,Towers with Radar,61,36,15,0,112,0,2,38,2,42,61,38,53,2,154,28,0,28,182
08/03/2023,MHT,NH,ANE,EN,Towers with Radar,63,33,18,0,114,0,11,29,0,40,63,44,47,0,154,18,0,18,172
08/04/2023,MHT,NH,ANE,EN,Towers with Radar,53,31,17,0,101,0,0,4,0,4,53,31,21,0,105,14,0,14,119
08/05/2023,MHT,NH,ANE,EN,Towers with Radar,40,12,13,0,65,0,4,15,2,21,40,16,28,2,86,0,0,0,86
08/06/2023,MHT,NH,ANE,EN,Towers with Radar,41,13,8,0,62,0,3,36,0,39,41,16,44,0,101,8,0,8,109
08/07/2023,MHT,NH,ANE,EN,Towers with Radar,45,22,8,0,75,0,2,8,0,10,45,24,16,0,85,0,0,0,85
08/08/2023,MHT,NH,ANE,EN,Towers with Radar,62,38,14,0,114,0,0,2,0,2,62,38,16,0,116,4,0,4,120
08/09/2023,MHT,NH,ANE,EN,Towers with Radar,56,36,12,0,104,0,4,14,0,18,56,40,26,0,122,0,0,0,122
08/10/2023,MHT,NH,ANE,EN,Towers with Radar,60,35,11,0,106,0,13,25,0,38,60,48,36,0,144,16,0,16,160
08/11/2023,MHT,NH,ANE,EN,Towers with Radar,53,26,8,0,87,0,8,24,3,35,53,34,32,3,122,6,0,6,128
08/12/2023,MHT,NH,ANE,EN,Towers with Radar,42,11,11,0,64,0,6,29,0,35,42,17,40,0,99,24,0,24,123
08/13/2023,MHT,NH,ANE,EN,Towers with Radar,45,15,11,0,71,0,8,6,1,15,45,23,17,1,86,6,0,6,92
08/14/2023,MHT,NH,ANE,EN,Towers with Radar,46,23,16,0,85,0,8,33,0,41,46,31,49,0,126,10,0,10,136
08/15/2023,MHT,NH,ANE,EN,Towers with Radar,59,26,24,1,110,0,0,0,1,1,59,26,24,2,111,0,22,22,133
08/16/2023,MHT,NH,ANE,EN,Towers with Radar,51,33,24,0,108,0,0,3,0,3,51,33,27,0,111,4,0,4,115
08/17/2023,MHT,NH,ANE,EN,Towers with Radar,55,33,23,0,111,0,2,6,0,8,55,35,29,0,119,26,0,26,145
08/18/2023,MHT,NH,ANE,EN,Towers with Radar,63,20,16,0,99,0,2,8,0,10,63,22,24,0,109,0,0,0,109
08/19/2023,MHT,NH,ANE,EN,Towers with Radar,39,17,5,0,61,0,10,84,0,94,39,27,89,0,155,0,0,0,155
08/20/2023,MHT,NH,ANE,EN,Towers with Radar,49,11,13,0,73,0,9,28,0,37,49,20,41,0,110,2,0,2,112
08/21/2023,MHT,NH,ANE,EN,Towers with Radar,41,21,20,0,82,0,8,28,1,37,41,29,48,1,119,20,0,20,139
08/22/2023,MHT,NH,ANE,EN,Towers with Radar,53,28,18,2,101,0,14,37,1,52,53,42,55,3,153,7,0,7,160
08/23/2023,MHT,NH,ANE,EN,Towers with Radar,50,27,14,0,91,0,22,46,2,70,50,49,60,2,161,20,0,20,181
08/24/2023,MHT,NH,ANE,EN,Towers with Radar,51,33,17,0,101,0,6,36,0,42,51,39,53,0,143,32,0,32,175
08/25/2023,MHT,NH,ANE,EN,Towers with Radar,55,21,10,0,86,0,0,0,0,0,55,21,10,0,86,0,0,0,86
08/26/2023,MHT,NH,ANE,EN,Towers with Radar,42,18,5,0,65,0,8,17,1,26,42,26,22,1,91,0,0,0,91
08/27/2023,MHT,NH,ANE,EN,Towers with Radar,44,15,8,0,67,0,2,6,0,8,44,17,14,0,75,0,0,0,75
08/28/2023,MHT,NH,ANE,EN,Towers with Radar,41,21,27,0,89,0,5,26,0,31,41,26,53,0,120,30,0,30,150
08/29/2023,MHT,NH,ANE,EN,Towers with Radar,55,34,26,0,115,0,3,17,0,20,55,37,43,0,135,50,0,50,185
08/30/2023,MHT,NH,ANE,EN,Towers with Radar,49,29,4,0,82,0,2,2,2,6,49,31,6,2,88,0,0,0,88
08/31/2023,MHT,NH,ANE,EN,Towers with Radar,55,34,13,2,104,0,12,37,1,50,55,46,50,3,154,0,0,0,154
